0: 0
1: 0.5
2: 0.666667
3: 0.75
4: 0.8
5: 0.833333
6: 0.857143
7: 0.875
8: 0.888889
9: 0.9
10: 0.909091
11: 0.916667
12: 0.923077
13: 0.928571
14: 0.933333
15: 0.9375
16: 0.941176
17: 0.944444
18: 0.947368
19: 0.95
20: 0.952381
21: 0.954545
22: 0.956522
23: 0.958333
24: 0.96
25: 0.961538
26: 0.962963
27: 0.964286
28: 0.965517
29: 0.966667
30: 0.967742
31: 0.96875
32: 0.969697
33: 0.970588
34: 0.971429
35: 0.972222
36: 0.972973
37: 0.973684
38: 0.974359
39: 0.975
40: 0.97561
41: 0.97619
42: 0.976744
43: 0.977273
44: 0.977778
45: 0.978261
46: 0.978723
47: 0.979167
48: 0.979592
49: 0.98
50: 0.980392
51: 0.980769
52: 0.981132
53: 0.981481
54: 0.981818
55: 0.982143
56: 0.982456
57: 0.982759
58: 0.983051
59: 0.983333
60: 0.983607
61: 0.983871
62: 0.984127
63: 0.984375
64: 0.984615
65: 0.984848
66: 0.985075
67: 0.985294
68: 0.985507
69: 0.985714
70: 0.985915
71: 0.986111
72: 0.986301
73: 0.986486
74: 0.986667
75: 0.986842
76: 0.987013
77: 0.987179
78: 0.987342
79: 0.9875
80: 0.987654
81: 0.987805
82: 0.987952
83: 0.988095
84: 0.988235
85: 0.988372
86: 0.988506
87: 0.988636
88: 0.988764
89: 0.988889
90: 0.989011
91: 0.98913
92: 0.989247
93: 0.989362
94: 0.989474
95: 0.989583
96: 0.989691
97: 0.989796
98: 0.989899
99: 0.99
100: 0.990099
101: 0.990196
102: 0.990291
103: 0.990385
104: 0.990476
105: 0.990566
106: 0.990654
107: 0.990741
108: 0.990826
109: 0.990909
110: 0.990991
111: 0.991071
112: 0.99115
113: 0.991228
114: 0.991304
115: 0.991379
116: 0.991453
117: 0.991525
118: 0.991597
119: 0.991667
120: 0.991736
121: 0.991803
122: 0.99187
123: 0.991935
124: 0.992
125: 0.992063
126: 0.992126
127: 0.992188
128: 0.992248
129: 0.992308
130: 0.992366
131: 0.992424
132: 0.992481
133: 0.992537
134: 0.992593
135: 0.992647
136: 0.992701
137: 0.992754
138: 0.992806
139: 0.992857
140: 0.992908
141: 0.992958
142: 0.993007
143: 0.993056
144: 0.993103
145: 0.993151
146: 0.993197
147: 0.993243
148: 0.993289
149: 0.993333
150: 0.993377
151: 0.993421
152: 0.993464
153: 0.993506
154: 0.993548
155: 0.99359
156: 0.993631
157: 0.993671
158: 0.993711
159: 0.99375
160: 0.993789
161: 0.993827
162: 0.993865
163: 0.993902
164: 0.993939
165: 0.993976
166: 0.994012
167: 0.994048
168: 0.994083
169: 0.994118
170: 0.994152
171: 0.994186
172: 0.99422
173: 0.994253
174: 0.994286
175: 0.994318
176: 0.99435
177: 0.994382
178: 0.994413
179: 0.994444
180: 0.994475
181: 0.994505
182: 0.994536
183: 0.994565
184: 0.994595
185: 0.994624
186: 0.994652
187: 0.994681
188: 0.994709
189: 0.994737
190: 0.994764
191: 0.994792
192: 0.994819
193: 0.994845
194: 0.994872
195: 0.994898
196: 0.994924
197: 0.994949
198: 0.994975
199: 0.995
200: 0.995025
201: 0.99505
202: 0.995074
203: 0.990196
204: 0.985366
205: 0.985437
206: 0.985507
207: 0.985577
208: 0.985646
209: 0.985714
210: 0.985782
211: 0.985849
212: 0.985915
213: 0.985981
214: 0.986047
215: 0.986111
216: 0.986175
217: 0.986239
218: 0.986301
219: 0.986364
220: 0.986425
221: 0.986486
222: 0.986547
223: 0.986607
224: 0.986667
225: 0.986726
226: 0.986784
227: 0.986842
228: 0.9869
229: 0.986957
230: 0.987013
231: 0.987069
232: 0.987124
233: 0.987179
234: 0.987234
235: 0.987288
236: 0.987342
237: 0.987395
238: 0.987448
239: 0.9875
240: 0.987552
241: 0.987603
242: 0.987654
243: 0.987705
244: 0.987755
245: 0.987805
246: 0.987854
247: 0.987903
248: 0.987952
249: 0.988
250: 0.988048
251: 0.988095
252: 0.988142
253: 0.988189
254: 0.988235
255: 0.988281
256: 0.988327
257: 0.988372
258: 0.988417
259: 0.988462
260: 0.988506
261: 0.98855
262: 0.988593
263: 0.988636
264: 0.988679
265: 0.988722
266: 0.988764
267: 0.988806
268: 0.988848
269: 0.988889
270: 0.98893
271: 0.988971
272: 0.989011
273: 0.989051
274: 0.989091
275: 0.98913
276: 0.98917
277: 0.989209
278: 0.989247
279: 0.989286
280: 0.989324
281: 0.989362
282: 0.989399
283: 0.989437
284: 0.989474
285: 0.98951
286: 0.989547
287: 0.989583
288: 0.989619
289: 0.989655
290: 0.989691
291: 0.989726
292: 0.989761
293: 0.989796
294: 0.989831
295: 0.989865
296: 0.989899
297: 0.989933
298: 0.989967
299: 0.99
300: 0.990033
301: 0.990066
302: 0.990099
303: 0.990132
304: 0.990164
305: 0.990196
306: 0.990228
307: 0.99026
308: 0.990291
309: 0.990323
310: 0.990354
311: 0.990385
312: 0.990415
313: 0.990446
314: 0.990476
315: 0.990506
316: 0.990536
317: 0.990566
318: 0.990596
319: 0.990625
320: 0.990654
321: 0.990683
322: 0.990712
323: 0.990741
324: 0.990769
325: 0.990798
326: 0.990826
327: 0.990854
328: 0.990881
329: 0.990909
330: 0.990937
331: 0.990964
332: 0.990991
333: 0.991018
334: 0.991045
335: 0.991071
336: 0.991098
337: 0.991124
338: 0.99115
339: 0.991176
340: 0.991202
341: 0.991228
342: 0.991254
343: 0.991279
344: 0.991304
345: 0.991329
346: 0.991354
347: 0.991379
348: 0.991404
349: 0.991429
350: 0.991453
351: 0.991477
352: 0.991501
353: 0.991525
354: 0.991549
355: 0.991573
356: 0.991597
357: 0.99162
358: 0.991643
359: 0.991667
360: 0.99169
361: 0.991713
362: 0.991736
363: 0.991758
364: 0.991781
365: 0.991803
366: 0.991826
367: 0.991848
368: 0.99187
369: 0.991892
370: 0.991914
371: 0.991935
372: 0.991957
373: 0.991979
374: 0.992
375: 0.992021
376: 0.992042
377: 0.992063
378: 0.992084
379: 0.992105
380: 0.992126
381: 0.992147
382: 0.992167
383: 0.992188
384: 0.992208
385: 0.992228
386: 0.992248
387: 0.992268
388: 0.992288
389: 0.992308
390: 0.992327
391: 0.992347
392: 0.992366
393: 0.992386
394: 0.992405
395: 0.992424
396: 0.992443
397: 0.992462
398: 0.992481
399: 0.9925
400: 0.992519
401: 0.992537
402: 0.992556
403: 0.992574
404: 0.992593
405: 0.992611
406: 0.992629
407: 0.992647
408: 0.992665
409: 0.992683
410: 0.992701
411: 0.992718
412: 0.992736
413: 0.992754
414: 0.992771
415: 0.992788
416: 0.992806
417: 0.992823
418: 0.99284
419: 0.992857
420: 0.992874
421: 0.992891
422: 0.992908
423: 0.992925
424: 0.992941
425: 0.992958
426: 0.992974
427: 0.992991
428: 0.993007
429: 0.993023
430: 0.993039
431: 0.993056
432: 0.993072
433: 0.993088
434: 0.993103
435: 0.993119
436: 0.993135
437: 0.993151
438: 0.993166
439: 0.993182
440: 0.993197
441: 0.993213
442: 0.993228
443: 0.993243
444: 0.993258
445: 0.993274
446: 0.993289
447: 0.993304
448: 0.993318
449: 0.993333
450: 0.993348
451: 0.993363
452: 0.993377
453: 0.993392
454: 0.993407
455: 0.993421
456: 0.993435
457: 0.99345
458: 0.993464
459: 0.993478
460: 0.993492
461: 0.993506
462: 0.993521
463: 0.993534
464: 0.993548
465: 0.993562
466: 0.993576
467: 0.99359
468: 0.993603
469: 0.993617
470: 0.993631
471: 0.993644
472: 0.993658
473: 0.993671
474: 0.993684
475: 0.993697
476: 0.993711
477: 0.993724
478: 0.993737
479: 0.99375
480: 0.993763
481: 0.993776
482: 0.993789
483: 0.993802
484: 0.993814
485: 0.993827
486: 0.99384
487: 0.993852
488: 0.993865
489: 0.993878
490: 0.99389
491: 0.993902
492: 0.993915
493: 0.993927
494: 0.993939
495: 0.993952
496: 0.993964
497: 0.993976
498: 0.993988
499: 0.994
500: 0.994012
501: 0.994024
502: 0.994036
503: 0.994048
504: 0.994059
505: 0.994071
506: 0.994083
507: 0.994094
508: 0.994106
509: 0.994118
510: 0.994129
511: 0.994141
512: 0.994152
513: 0.994163
514: 0.994175
515: 0.994186
516: 0.994197
517: 0.994208
518: 0.99422
519: 0.994231
520: 0.994242
521: 0.994253
522: 0.994264
523: 0.994275
524: 0.994286
525: 0.994297
526: 0.994307
527: 0.994318
528: 0.994329
529: 0.99434
530: 0.99435
531: 0.994361
532: 0.994371
533: 0.994382
534: 0.994393
535: 0.994403
536: 0.994413
537: 0.994424
538: 0.994434
539: 0.994444
540: 0.994455
541: 0.994465
542: 0.994475
543: 0.994485
544: 0.994495
545: 0.994505
546: 0.994516
547: 0.994526
548: 0.994536
549: 0.994545
550: 0.994555
551: 0.994565
552: 0.994575
553: 0.994585
554: 0.994595
555: 0.994604
556: 0.994614
557: 0.994624
558: 0.994633
559: 0.994643
560: 0.994652
561: 0.994662
562: 0.994671
563: 0.994681
564: 0.99469
565: 0.9947
566: 0.994709
567: 0.994718
568: 0.994728
569: 0.994737
570: 0.994746
571: 0.994755
572: 0.994764
573: 0.994774
574: 0.994783
575: 0.994792
576: 0.994801
577: 0.99481
578: 0.994819
579: 0.994828
580: 0.994836
581: 0.994845
582: 0.994854
583: 0.994863
584: 0.994872
585: 0.994881
586: 0.994889
587: 0.994898
588: 0.994907
589: 0.994915
590: 0.994924
591: 0.994932
592: 0.994941
593: 0.994949
594: 0.994958
595: 0.994966
596: 0.994975
597: 0.994983
598: 0.994992
599: 0.995
600: 0.995008
601: 0.995017
602: 0.995025
603: 0.995033
604: 0.995041
605: 0.99505
606: 0.995058
607: 0.995066
608: 0.995074
609: 0.995082
610: 0.99509
611: 0.995098
612: 0.995106
613: 0.995114
614: 0.995122
615: 0.99513
616: 0.995138
617: 0.995146
618: 0.995153
619: 0.995161
620: 0.995169
621: 0.995177
622: 0.995185
623: 0.995192
624: 0.9952
625: 0.995208
626: 0.995215
627: 0.995223
628: 0.995231
629: 0.995238
630: 0.995246
631: 0.995253
632: 0.995261
633: 0.995268
634: 0.995276
635: 0.995283
636: 0.99529
637: 0.995298
638: 0.995305
639: 0.995313
640: 0.99532
641: 0.995327
642: 0.995334
643: 0.995342
644: 0.995349
645: 0.995356
646: 0.995363
647: 0.99537
648: 0.995378
649: 0.995385
650: 0.995392
651: 0.995399
652: 0.995406
653: 0.995413
654: 0.99542
655: 0.995427
656: 0.995434
657: 0.995441
658: 0.995448
659: 0.995455
660: 0.995461
661: 0.995468
662: 0.995475
663: 0.995482
664: 0.995489
665: 0.995495
666: 0.995502
667: 0.995509
668: 0.995516
669: 0.995522
670: 0.995529
671: 0.995536
672: 0.995542
673: 0.995549
674: 0.995556
675: 0.995562
676: 0.995569
677: 0.995575
678: 0.995582
679: 0.995588
680: 0.995595
681: 0.995601
682: 0.995608
683: 0.995614
684: 0.99562
685: 0.995627
686: 0.995633
687: 0.99564
688: 0.995646
689: 0.995652
690: 0.995658
691: 0.995665
692: 0.995671
693: 0.995677
694: 0.995683
695: 0.99569
696: 0.995696
697: 0.995702
698: 0.995708
699: 0.995714
700: 0.99572
701: 0.995726
702: 0.995733
703: 0.995739
704: 0.995745
705: 0.995751
706: 0.995757
707: 0.995763
708: 0.995769
709: 0.995775
710: 0.995781
711: 0.995787
712: 0.995792
713: 0.995798
714: 0.995804
715: 0.99581
716: 0.995816
717: 0.995822
718: 0.995828
719: 0.995833
720: 0.995839
721: 0.995845
722: 0.995851
723: 0.995856
724: 0.995862
725: 0.995868
726: 0.995873
727: 0.995879
728: 0.995885
729: 0.99589
730: 0.995896
731: 0.995902
732: 0.995907
733: 0.995913
734: 0.995918
735: 0.995924
736: 0.995929
737: 0.995935
738: 0.99594
739: 0.995946
740: 0.995951
741: 0.995957
742: 0.995962
743: 0.995968
744: 0.995973
745: 0.995979
746: 0.995984
747: 0.995989
748: 0.995995
749: 0.996
750: 0.996005
751: 0.996011
752: 0.996016
753: 0.996021
754: 0.996026
755: 0.996032
756: 0.996037
757: 0.996042
758: 0.996047
759: 0.996053
760: 0.996058
761: 0.996063
762: 0.996068
763: 0.996073
764: 0.996078
765: 0.996084
766: 0.996089
767: 0.996094
768: 0.996099
769: 0.996104
770: 0.996109
771: 0.996114
772: 0.996119
773: 0.996124
774: 0.996129
775: 0.996134
776: 0.996139
777: 0.996144
778: 0.996149
779: 0.996154
780: 0.996159
781: 0.996164
782: 0.996169
783: 0.996173
784: 0.996178
785: 0.996183
786: 0.996188
787: 0.996193
788: 0.996198
789: 0.996203
790: 0.996207
791: 0.996212
792: 0.996217
793: 0.996222
794: 0.996226
795: 0.996231
796: 0.996236
797: 0.996241
798: 0.996245
799: 0.99625
800: 0.996255
801: 0.996259
802: 0.996264
803: 0.996269
804: 0.996273
805: 0.996278
806: 0.996283
807: 0.996287
808: 0.996292
809: 0.996296
810: 0.996301
811: 0.996305
812: 0.99631
813: 0.996314
814: 0.996319
815: 0.996324
816: 0.996328
817: 0.996333
818: 0.996337
819: 0.996341
820: 0.996346
821: 0.99635
822: 0.996355
823: 0.996359
824: 0.996364
825: 0.996368
826: 0.996372
827: 0.996377
828: 0.996381
829: 0.996386
830: 0.99639
831: 0.996394
832: 0.996399
833: 0.996403
834: 0.996407
835: 0.996411
836: 0.996416
837: 0.99642
838: 0.996424
839: 0.996429
840: 0.996433
841: 0.996437
842: 0.996441
843: 0.996445
844: 0.99645
845: 0.996454
846: 0.996458
847: 0.996462
848: 0.996466
849: 0.996471
850: 0.996475
851: 0.996479
852: 0.996483
853: 0.996487
854: 0.996491
855: 0.996495
856: 0.996499
857: 0.996503
858: 0.996508
859: 0.996512
860: 0.996516
861: 0.99652
862: 0.996524
863: 0.996528
864: 0.996532
865: 0.996536
866: 0.99654
867: 0.996544
868: 0.996548
869: 0.996552
870: 0.996556
871: 0.99656
872: 0.996564
873: 0.996568
874: 0.996571
875: 0.996575
876: 0.996579
877: 0.995444
878: 0.994312
879: 0.993182
880: 0.992054
881: 0.992063
882: 0.992072
883: 0.992081
884: 0.99209
885: 0.992099
886: 0.992108
887: 0.992117
888: 0.992126
889: 0.992135
890: 0.992144
891: 0.992152
892: 0.992161
893: 0.99217
894: 0.992179
895: 0.992188
896: 0.992196
897: 0.992205
898: 0.992214
899: 0.992222
900: 0.992231
901: 0.992239
902: 0.992248
903: 0.992257
904: 0.992265
905: 0.992274
906: 0.992282
907: 0.992291
908: 0.992299
909: 0.992308
910: 0.992316
911: 0.992325
912: 0.992333
913: 0.992341
914: 0.99235
915: 0.992358
916: 0.992366
917: 0.992375
918: 0.992383
919: 0.992391
920: 0.9924
921: 0.992408
922: 0.992416
923: 0.992424
924: 0.992432
925: 0.992441
926: 0.992449
927: 0.992457
928: 0.992465
929: 0.992473
930: 0.992481
931: 0.992489
932: 0.992497
933: 0.992505
934: 0.992513
935: 0.992521
936: 0.992529
937: 0.992537
938: 0.992545
939: 0.992553
940: 0.992561
941: 0.992569
942: 0.992577
943: 0.992585
944: 0.992593
945: 0.9926
946: 0.992608
947: 0.992616
948: 0.992624
949: 0.992632
950: 0.992639
951: 0.992647
952: 0.992655
953: 0.992662
954: 0.99267
955: 0.992678
956: 0.992685
957: 0.992693
958: 0.992701
959: 0.992708
960: 0.992716
961: 0.992723
962: 0.992731
963: 0.992739
964: 0.992746
965: 0.992754
966: 0.992761
967: 0.992769
968: 0.992776
969: 0.992784
970: 0.992791
971: 0.992798
972: 0.992806
973: 0.992813
974: 0.992821
975: 0.992828
976: 0.992835
977: 0.992843
978: 0.99285
979: 0.992857
980: 0.992864
981: 0.992872
982: 0.992879
983: 0.992886
984: 0.992893
985: 0.992901
986: 0.992908
987: 0.992915
988: 0.992922
989: 0.992929
990: 0.992936
991: 0.992944
992: 0.992951
993: 0.992958
994: 0.992965
995: 0.992972
996: 0.992979
997: 0.992986
998: 0.992993
999: 0.993
1000: 0.993007
1001: 0.993014
1002: 0.993021
1003: 0.993028
1004: 0.993035
1005: 0.993042
1006: 0.993049
1007: 0.993056
1008: 0.993062
1009: 0.993069
1010: 0.993076
1011: 0.993083
1012: 0.99309
1013: 0.993097
1014: 0.993103
1015: 0.99311
1016: 0.993117
1017: 0.993124
1018: 0.993131
1019: 0.993137
1020: 0.993144
1021: 0.993151
1022: 0.993157
1023: 0.993164
1024: 0.993171
1025: 0.993177
1026: 0.993184
1027: 0.993191
1028: 0.993197
1029: 0.993204
1030: 0.99321
1031: 0.993217
1032: 0.993224
1033: 0.99323
1034: 0.993237
1035: 0.993243
1036: 0.99325
1037: 0.993256
1038: 0.993263
1039: 0.993269
1040: 0.993276
1041: 0.993282
1042: 0.993289
1043: 0.993295
1044: 0.993301
1045: 0.993308
1046: 0.993314
1047: 0.993321
1048: 0.993327
1049: 0.993333
1050: 0.99334
1051: 0.993346
1052: 0.993352
1053: 0.993359
1054: 0.993365
1055: 0.993371
1056: 0.993377
1057: 0.993384
1058: 0.99339
1059: 0.993396
1060: 0.993402
1061: 0.993409
1062: 0.993415
1063: 0.993421
1064: 0.993427
1065: 0.993433
1066: 0.99344
1067: 0.993446
1068: 0.993452
1069: 0.993458
1070: 0.993464
1071: 0.99347
1072: 0.993476
1073: 0.993482
1074: 0.993488
1075: 0.993494
1076: 0.9935
1077: 0.993506
1078: 0.993513
1079: 0.993519
1080: 0.993525
1081: 0.99353
1082: 0.993536
1083: 0.993542
1084: 0.993548
1085: 0.993554
1086: 0.99356
1087: 0.993566
1088: 0.993572
1089: 0.993578
1090: 0.993584
1091: 0.99359
1092: 0.993596
1093: 0.993601
1094: 0.993607
1095: 0.993613
1096: 0.993619
1097: 0.993625
1098: 0.993631
1099: 0.993636
1100: 0.993642
1101: 0.993648
1102: 0.993654
1103: 0.993659
1104: 0.993665
1105: 0.993671
1106: 0.993677
1107: 0.993682
1108: 0.993688
1109: 0.993694
1110: 0.993699
1111: 0.993705
1112: 0.993711
1113: 0.993716
1114: 0.993722
1115: 0.993728
1116: 0.993733
1117: 0.993739
1118: 0.993744
1119: 0.99375
1120: 0.993756
1121: 0.993761
1122: 0.993767
1123: 0.993772
1124: 0.993778
1125: 0.993783
1126: 0.993789
1127: 0.993794
1128: 0.992914
1129: 0.992035
1130: 0.991158
1131: 0.991166
1132: 0.991174
1133: 0.991182
1134: 0.991189
1135: 0.991197
1136: 0.991205
1137: 0.991213
1138: 0.99122
1139: 0.991228
1140: 0.991236
1141: 0.991243
1142: 0.991251
1143: 0.991259
1144: 0.991266
1145: 0.991274
1146: 0.991282
1147: 0.991289
1148: 0.991297
1149: 0.991304
1150: 0.991312
1151: 0.991319
1152: 0.991327
1153: 0.991334
1154: 0.991342
1155: 0.991349
1156: 0.991357
1157: 0.991364
1158: 0.991372
1159: 0.991379
1160: 0.991387
1161: 0.991394
1162: 0.991402
1163: 0.991409
1164: 0.991416
1165: 0.991424
1166: 0.991431
1167: 0.991438
1168: 0.991446
1169: 0.991453
1170: 0.99146
1171: 0.991468
1172: 0.991475
1173: 0.991482
1174: 0.991489
1175: 0.991497
1176: 0.991504
1177: 0.991511
1178: 0.991518
1179: 0.991525
1180: 0.991533
1181: 0.99154
1182: 0.991547
1183: 0.991554
1184: 0.991561
1185: 0.991568
1186: 0.991575
1187: 0.991582
1188: 0.99159
1189: 0.991597
1190: 0.991604
1191: 0.991611
1192: 0.991618
1193: 0.991625
1194: 0.991632
1195: 0.991639
1196: 0.991646
1197: 0.991653
1198: 0.99166
1199: 0.991667
1200: 0.991674
1201: 0.991681
1202: 0.991687
1203: 0.991694
1204: 0.991701
1205: 0.991708
1206: 0.991715
1207: 0.991722
1208: 0.991729
1209: 0.991736
1210: 0.991742
1211: 0.991749
1212: 0.991756
1213: 0.991763
1214: 0.99177
1215: 0.991776
1216: 0.991783
1217: 0.99179
1218: 0.991797
1219: 0.991803
1220: 0.99181
1221: 0.991817
1222: 0.991823
1223: 0.99183
1224: 0.991837
1225: 0.991843
1226: 0.99185
1227: 0.991857
1228: 0.991863
1229: 0.99187
1230: 0.991877
1231: 0.991883
1232: 0.99189
1233: 0.991896
1234: 0.991903
1235: 0.991909
1236: 0.991916
1237: 0.991922
1238: 0.991929
1239: 0.991935
1240: 0.991942
1241: 0.991948
1242: 0.991955
1243: 0.991961
1244: 0.991968
1245: 0.991974
1246: 0.991981
1247: 0.991987
1248: 0.991994
1249: 0.992
1250: 0.992006
1251: 0.992013
1252: 0.992019
1253: 0.992026
1254: 0.992032
1255: 0.992038
1256: 0.992045
1257: 0.992051
1258: 0.992057
1259: 0.992063
1260: 0.99207
1261: 0.992076
1262: 0.992082
1263: 0.992089
1264: 0.992095
1265: 0.992101
1266: 0.992107
1267: 0.992114
1268: 0.99212
1269: 0.992126
1270: 0.992132
1271: 0.992138
1272: 0.992145
1273: 0.992151
1274: 0.992157
1275: 0.992163
1276: 0.992169
1277: 0.992175
1278: 0.992181
1279: 0.992188
1280: 0.992194
1281: 0.9922
1282: 0.992206
1283: 0.992212
1284: 0.992218
1285: 0.992224
1286: 0.99223
1287: 0.992236
1288: 0.992242
1289: 0.992248
1290: 0.992254
1291: 0.99226
1292: 0.992266
1293: 0.992272
1294: 0.992278
1295: 0.992284
1296: 0.99229
1297: 0.992296
1298: 0.992302
1299: 0.992308
1300: 0.992314
1301: 0.99232
1302: 0.992325
1303: 0.992331
1304: 0.992337
1305: 0.992343
1306: 0.992349
1307: 0.992355
1308: 0.992361
1309: 0.992366
1310: 0.992372
1311: 0.992378
1312: 0.992384
1313: 0.99239
1314: 0.992395
1315: 0.992401
1316: 0.992407
1317: 0.992413
1318: 0.992418
1319: 0.992424
1320: 0.99243
1321: 0.992436
1322: 0.992441
1323: 0.992447
1324: 0.992453
1325: 0.992459
1326: 0.992464
1327: 0.99247
1328: 0.992476
1329: 0.992481
1330: 0.992487
1331: 0.992492
1332: 0.992498
1333: 0.992504
1334: 0.992509
1335: 0.992515
1336: 0.992521
1337: 0.992526
1338: 0.992532
1339: 0.992537
1340: 0.992543
1341: 0.992548
1342: 0.992554
1343: 0.99256
1344: 0.992565
1345: 0.992571
1346: 0.992576
1347: 0.992582
1348: 0.992587
1349: 0.992593
1350: 0.992598
1351: 0.992604
1352: 0.992609
1353: 0.992614
1354: 0.99262
1355: 0.992625
1356: 0.992631
1357: 0.992636
1358: 0.992642
1359: 0.992647
1360: 0.992652
1361: 0.992658
1362: 0.992663
1363: 0.992669
1364: 0.992674
1365: 0.992679
1366: 0.992685
1367: 0.99269
1368: 0.992695
1369: 0.992701
1370: 0.992706
1371: 0.992711
1372: 0.992717
1373: 0.992722
1374: 0.992727
1375: 0.992733
1376: 0.992738
1377: 0.992743
1378: 0.992748
1379: 0.992754
1380: 0.992759
1381: 0.992764
1382: 0.992769
1383: 0.992775
1384: 0.99278
1385: 0.992785
1386: 0.99279
1387: 0.992795
1388: 0.992801
1389: 0.992806
1390: 0.992811
1391: 0.992816
1392: 0.992821
1393: 0.992826
1394: 0.992832
1395: 0.992837
1396: 0.992842
1397: 0.992847
1398: 0.992852
1399: 0.992857
1400: 0.992862
1401: 0.992867
1402: 0.992872
1403: 0.992877
1404: 0.992883
1405: 0.992888
1406: 0.992893
1407: 0.992898
1408: 0.992903
1409: 0.992908
1410: 0.992913
1411: 0.992918
1412: 0.992923
1413: 0.992928
1414: 0.992933
1415: 0.992938
1416: 0.992943
1417: 0.992948
1418: 0.992953
1419: 0.992958
1420: 0.992963
1421: 0.992968
1422: 0.992973
1423: 0.992978
1424: 0.992982
1425: 0.992987
1426: 0.992992
1427: 0.992997
1428: 0.993002
1429: 0.993007
1430: 0.993012
1431: 0.993017
1432: 0.993022
1433: 0.993026
1434: 0.993031
1435: 0.993036
1436: 0.993041
1437: 0.993046
1438: 0.993051
1439: 0.993056
1440: 0.99306
1441: 0.993065
1442: 0.99307
1443: 0.993075
1444: 0.99308
1445: 0.993084
1446: 0.993089
1447: 0.993094
1448: 0.993099
1449: 0.993103
1450: 0.993108
1451: 0.993113
1452: 0.993118
1453: 0.993122
1454: 0.993127
1455: 0.993132
1456: 0.993137
1457: 0.993141
1458: 0.993146
1459: 0.993151
1460: 0.993155
1461: 0.99316
1462: 0.993165
1463: 0.993169
1464: 0.993174
1465: 0.993179
1466: 0.993183
1467: 0.993188
1468: 0.993193
1469: 0.993197
1470: 0.993202
1471: 0.993207
1472: 0.993211
1473: 0.993216
1474: 0.99322
1475: 0.993225
1476: 0.99323
1477: 0.993234
1478: 0.993239
1479: 0.993243
1480: 0.993248
1481: 0.993252
1482: 0.993257
1483: 0.993261
1484: 0.993266
1485: 0.993271
1486: 0.993275
1487: 0.99328
1488: 0.993284
1489: 0.993289
1490: 0.993293
1491: 0.993298
1492: 0.993302
1493: 0.993307
1494: 0.993311
1495: 0.993316
1496: 0.99332
1497: 0.993324
1498: 0.993329
1499: 0.993333
1500: 0.993338
1501: 0.993342
1502: 0.993347
1503: 0.993351
1504: 0.993355
1505: 0.99336
1506: 0.993364
1507: 0.993369
1508: 0.993373
1509: 0.993377
1510: 0.993382
1511: 0.993386
1512: 0.993391
1513: 0.993395
1514: 0.993399
1515: 0.993404
1516: 0.993408
1517: 0.993412
1518: 0.993417
1519: 0.993421
1520: 0.993425
1521: 0.99343
1522: 0.993434
1523: 0.993438
1524: 0.993443
1525: 0.993447
1526: 0.993451
1527: 0.993455
1528: 0.99346
1529: 0.993464
1530: 0.993468
1531: 0.993473
1532: 0.993477
1533: 0.993481
1534: 0.993485
1535: 0.99349
1536: 0.993494
1537: 0.993498
1538: 0.993502
1539: 0.993506
1540: 0.993511
1541: 0.993515
1542: 0.993519
1543: 0.993523
1544: 0.993528
1545: 0.993532
1546: 0.993536
1547: 0.99354
1548: 0.993544
1549: 0.993548
1550: 0.993553
1551: 0.993557
1552: 0.993561
1553: 0.993565
1554: 0.993569
1555: 0.993573
1556: 0.993577
1557: 0.993582
1558: 0.993586
1559: 0.99359
1560: 0.993594
1561: 0.993598
1562: 0.993602
1563: 0.993606
1564: 0.99361
1565: 0.993614
1566: 0.993618
1567: 0.993622
1568: 0.993627
1569: 0.993631
1570: 0.993635
1571: 0.993639
1572: 0.993643
1573: 0.993647
1574: 0.993651
1575: 0.993655
1576: 0.993659
1577: 0.993663
1578: 0.993667
1579: 0.993671
1580: 0.993675
1581: 0.993679
1582: 0.993683
1583: 0.993687
1584: 0.993691
1585: 0.993695
1586: 0.993699
1587: 0.993703
1588: 0.993707
1589: 0.993711
1590: 0.993715
1591: 0.993719
1592: 0.993723
1593: 0.993726
1594: 0.99373
1595: 0.993734
1596: 0.993738
1597: 0.993742
1598: 0.993746
1599: 0.99375
1600: 0.993754
1601: 0.993758
1602: 0.993762
1603: 0.993766
1604: 0.993769
1605: 0.993773
1606: 0.993777
1607: 0.993781
1608: 0.993785
1609: 0.993789
1610: 0.993793
1611: 0.993797
1612: 0.9938
1613: 0.993804
1614: 0.993808
1615: 0.993812
1616: 0.993816
1617: 0.99382
1618: 0.993823
1619: 0.993827
1620: 0.993831
1621: 0.993835
1622: 0.993839
1623: 0.993842
1624: 0.993846
1625: 0.99385
1626: 0.993854
1627: 0.993243
1628: 0.992634
1629: 0.992638
1630: 0.992643
1631: 0.992647
1632: 0.992652
1633: 0.992656
1634: 0.992661
1635: 0.992665
1636: 0.99267
1637: 0.992674
1638: 0.992678
1639: 0.992683
1640: 0.992687
1641: 0.992692
1642: 0.992696
1643: 0.992701
1644: 0.992705
1645: 0.99271
1646: 0.992714
1647: 0.992718
1648: 0.992723
1649: 0.992727
1650: 0.992732
1651: 0.992736
1652: 0.99274
1653: 0.992745
1654: 0.992749
1655: 0.992754
1656: 0.992758
1657: 0.992762
1658: 0.992767
1659: 0.992771
1660: 0.992775
1661: 0.99278
1662: 0.992784
1663: 0.992788
1664: 0.992793
1665: 0.992797
1666: 0.992801
1667: 0.992806
1668: 0.99281
1669: 0.992814
1670: 0.992819
1671: 0.992823
1672: 0.992827
1673: 0.992832
1674: 0.992836
1675: 0.99284
1676: 0.992844
1677: 0.992849
1678: 0.992853
1679: 0.992857
1680: 0.992861
1681: 0.992866
1682: 0.99287
1683: 0.992874
1684: 0.992878
1685: 0.992883
1686: 0.992887
1687: 0.992891
1688: 0.992895
1689: 0.992899
1690: 0.992904
1691: 0.992908
1692: 0.992912
1693: 0.992916
1694: 0.99292
1695: 0.992925
1696: 0.992929
1697: 0.992933
1698: 0.992937
1699: 0.992941
1700: 0.992945
1701: 0.992949
1702: 0.992954
1703: 0.992958
1704: 0.992962
1705: 0.992966
1706: 0.99297
1707: 0.992974
1708: 0.992978
1709: 0.992982
1710: 0.992987
1711: 0.992991
1712: 0.992995
1713: 0.992999
1714: 0.993003
1715: 0.993007
1716: 0.993011
1717: 0.993015
1718: 0.993019
1719: 0.993023
1720: 0.993027
1721: 0.993031
1722: 0.993035
1723: 0.993039
1724: 0.993043
1725: 0.993048
1726: 0.993052
1727: 0.993056
1728: 0.99306
1729: 0.993064
1730: 0.993068
1731: 0.993072
1732: 0.993076
1733: 0.99308
1734: 0.993084
1735: 0.993088
1736: 0.993092
1737: 0.993096
1738: 0.993099
1739: 0.993103
1740: 0.993107
1741: 0.993111
1742: 0.993115
1743: 0.993119
1744: 0.993123
1745: 0.993127
1746: 0.993131
1747: 0.993135
1748: 0.993139
1749: 0.993143
1750: 0.993147
1751: 0.993151
1752: 0.993155
1753: 0.993158
1754: 0.993162
1755: 0.993166
1756: 0.99317
1757: 0.993174
1758: 0.993178
1759: 0.993182
1760: 0.993186
1761: 0.99319
1762: 0.993193
1763: 0.993197
1764: 0.993201
1765: 0.993205
1766: 0.993209
1767: 0.993213
1768: 0.993217
1769: 0.99322
1770: 0.993224
1771: 0.993228
1772: 0.993232
1773: 0.993236
1774: 0.993239
1775: 0.993243
1776: 0.993247
1777: 0.993251
1778: 0.993255
1779: 0.993258
1780: 0.993262
1781: 0.993266
1782: 0.99327
1783: 0.993274
1784: 0.993277
1785: 0.993281
1786: 0.993285
1787: 0.993289
1788: 0.993292
1789: 0.993296
1790: 0.9933
1791: 0.993304
1792: 0.993307
1793: 0.993311
1794: 0.993315
1795: 0.993318
1796: 0.993322
1797: 0.993326
1798: 0.99333
1799: 0.993333
1800: 0.993337
1801: 0.993341
1802: 0.993344
1803: 0.993348
1804: 0.993352
1805: 0.993355
1806: 0.993359
1807: 0.993363
1808: 0.993367
1809: 0.99337
1810: 0.993374
1811: 0.993377
1812: 0.993381
1813: 0.993385
1814: 0.993388
1815: 0.993392
1816: 0.993396
1817: 0.993399
1818: 0.993403
1819: 0.993407
1820: 0.99341
1821: 0.993414
1822: 0.993417
1823: 0.993421
1824: 0.993425
1825: 0.993428
1826: 0.993432
1827: 0.993435
1828: 0.993439
1829: 0.993443
1830: 0.993446
1831: 0.99345
1832: 0.993453
1833: 0.993457
1834: 0.99346
1835: 0.993464
1836: 0.993468
1837: 0.993471
1838: 0.993475
1839: 0.993478
1840: 0.993482
1841: 0.993485
1842: 0.993489
1843: 0.993492
1844: 0.993496
1845: 0.993499
1846: 0.993503
1847: 0.993506
1848: 0.99351
1849: 0.993514
1850: 0.993517
1851: 0.993521
1852: 0.993524
1853: 0.993528
1854: 0.993531
1855: 0.993534
1856: 0.993538
1857: 0.993541
1858: 0.993545
1859: 0.993011
1860: 0.993015
1861: 0.993018
1862: 0.993022
1863: 0.993026
1864: 0.993029
1865: 0.993033
1866: 0.993037
1867: 0.993041
1868: 0.993044
1869: 0.993048
1870: 0.993052
1871: 0.993056
1872: 0.993059
1873: 0.993063
1874: 0.993067
1875: 0.99307
1876: 0.993074
1877: 0.993078
1878: 0.993081
1879: 0.993085
1880: 0.993089
1881: 0.993092
1882: 0.993096
1883: 0.9931
1884: 0.993103
1885: 0.993107
1886: 0.993111
1887: 0.993114
1888: 0.993118
1889: 0.993122
1890: 0.993125
1891: 0.993129
1892: 0.993133
1893: 0.993136
1894: 0.99314
1895: 0.993143
1896: 0.993147
1897: 0.993151
1898: 0.993154
1899: 0.993158
1900: 0.993161
1901: 0.993165
1902: 0.993169
1903: 0.993172
1904: 0.993176
1905: 0.993179
1906: 0.993183
1907: 0.993187
1908: 0.99319
1909: 0.993194
1910: 0.993197
1911: 0.993201
1912: 0.993204
1913: 0.993208
1914: 0.993211
1915: 0.993215
1916: 0.993219
1917: 0.993222
1918: 0.993226
1919: 0.993229
1920: 0.993233
1921: 0.993236
1922: 0.99324
1923: 0.993243
1924: 0.993247
1925: 0.99325
1926: 0.993254
1927: 0.993257
1928: 0.993261
1929: 0.993264
1930: 0.993268
1931: 0.993271
1932: 0.993275
1933: 0.993278
1934: 0.993282
1935: 0.993285
1936: 0.993289
1937: 0.993292
1938: 0.993296
1939: 0.993299
1940: 0.993302
1941: 0.993306
1942: 0.993309
1943: 0.993313
1944: 0.993316
1945: 0.99332
1946: 0.993323
1947: 0.993326
1948: 0.99333
1949: 0.993333
1950: 0.993337
1951: 0.99334
1952: 0.993344
1953: 0.993347
1954: 0.99335
1955: 0.993354
1956: 0.993357
1957: 0.993361
1958: 0.993364
1959: 0.993367
1960: 0.993371
1961: 0.993374
1962: 0.993377
1963: 0.993381
1964: 0.993384
1965: 0.993388
1966: 0.993391
1967: 0.993394
1968: 0.993398
1969: 0.993401
1970: 0.993404
1971: 0.993408
1972: 0.993411
1973: 0.993414
1974: 0.993418
1975: 0.993421
1976: 0.993424
1977: 0.993428
1978: 0.993431
1979: 0.993434
1980: 0.993438
1981: 0.993441
1982: 0.993444
1983: 0.993448
1984: 0.993451
1985: 0.993454
1986: 0.993457
1987: 0.993461
1988: 0.993464
1989: 0.993467
1990: 0.993471
1991: 0.993474
1992: 0.993477
1993: 0.99348
1994: 0.993484
1995: 0.993487
1996: 0.99349
1997: 0.993493
1998: 0.993497
1999: 0.9935
2000: 0.993503
2001: 0.993506
2002: 0.99351
2003: 0.993513
2004: 0.993516
2005: 0.993519
2006: 0.993523
2007: 0.993526
2008: 0.993529
2009: 0.993532
2010: 0.993536
2011: 0.993539
2012: 0.993542
2013: 0.993545
2014: 0.993548
2015: 0.993552
2016: 0.993555
2017: 0.993558
2018: 0.993561
2019: 0.993564
2020: 0.993568
2021: 0.993571
2022: 0.993574
2023: 0.993577
2024: 0.99358
2025: 0.993583
2026: 0.993587
2027: 0.99359
2028: 0.993593
2029: 0.993596
2030: 0.993599
2031: 0.993602
2032: 0.993606
2033: 0.993609
2034: 0.993612
2035: 0.993615
2036: 0.993618
2037: 0.993621
2038: 0.993624
2039: 0.993627
2040: 0.993631
2041: 0.993634
2042: 0.993637
2043: 0.99364
2044: 0.993643
2045: 0.993646
2046: 0.993649
2047: 0.993652
2048: 0.993655
2049: 0.993659
2050: 0.993662
2051: 0.993665
2052: 0.993668
2053: 0.993671
2054: 0.993674
2055: 0.993677
2056: 0.99368
2057: 0.993683
2058: 0.993686
2059: 0.993689
2060: 0.993692
2061: 0.993695
2062: 0.993698
2063: 0.993702
2064: 0.993705
2065: 0.993708
2066: 0.993711
2067: 0.993714
2068: 0.993717
2069: 0.99372
2070: 0.993723
2071: 0.993726
2072: 0.993729
2073: 0.993732
2074: 0.993735
2075: 0.993738
2076: 0.993741
2077: 0.993744
2078: 0.993747
2079: 0.99375
2080: 0.993753
2081: 0.993756
2082: 0.993759
2083: 0.993762
2084: 0.993765
2085: 0.993768
2086: 0.993771
2087: 0.993774
2088: 0.993777
2089: 0.99378
2090: 0.993783
2091: 0.993786
2092: 0.993789
2093: 0.993792
2094: 0.993795
2095: 0.993798
2096: 0.993801
2097: 0.993804
2098: 0.993807
2099: 0.99381
2100: 0.993812
2101: 0.993815
2102: 0.993818
2103: 0.993821
2104: 0.993824
2105: 0.993827
2106: 0.99383
2107: 0.993833
2108: 0.993836
2109: 0.993839
2110: 0.993842
2111: 0.993845
2112: 0.993848
2113: 0.993851
2114: 0.993853
2115: 0.993856
2116: 0.993859
2117: 0.993862
2118: 0.993865
2119: 0.993868
2120: 0.993871
2121: 0.993874
2122: 0.993877
2123: 0.993879
2124: 0.993882
2125: 0.993885
2126: 0.993888
2127: 0.993891
2128: 0.993894
2129: 0.993897
2130: 0.9939
2131: 0.993902
2132: 0.993905
2133: 0.993908
2134: 0.993911
2135: 0.993914
2136: 0.993917
2137: 0.99392
2138: 0.993922
2139: 0.993925
2140: 0.993928
2141: 0.993931
2142: 0.993934
2143: 0.993937
2144: 0.993939
2145: 0.993942
2146: 0.993945
2147: 0.993948
2148: 0.993951
2149: 0.993953
2150: 0.993956
2151: 0.993959
2152: 0.993962
2153: 0.993965
2154: 0.993968
2155: 0.99397
2156: 0.993973
2157: 0.993976
2158: 0.993979
2159: 0.993981
2160: 0.993984
2161: 0.993987
2162: 0.99399
2163: 0.993993
2164: 0.993995
2165: 0.993998
2166: 0.994001
2167: 0.994004
2168: 0.994006
2169: 0.994009
2170: 0.994012
2171: 0.994015
2172: 0.994017
2173: 0.99402
2174: 0.994023
2175: 0.994026
2176: 0.994028
2177: 0.994031
2178: 0.994034
2179: 0.994037
2180: 0.994039
2181: 0.994042
2182: 0.994045
2183: 0.994048
2184: 0.99405
2185: 0.994053
2186: 0.994056
2187: 0.994059
2188: 0.994061
2189: 0.994064
2190: 0.994067
2191: 0.994069
2192: 0.994072
2193: 0.994075
2194: 0.994077
2195: 0.99408
2196: 0.994083
2197: 0.994086
2198: 0.994088
2199: 0.994091
2200: 0.994094
2201: 0.994096
2202: 0.994099
2203: 0.994102
2204: 0.994104
2205: 0.994107
2206: 0.99411
2207: 0.994112
2208: 0.994115
2209: 0.994118
2210: 0.99412
2211: 0.994123
2212: 0.994126
2213: 0.994128
2214: 0.994131
2215: 0.994134
2216: 0.994136
2217: 0.994139
2218: 0.994142
2219: 0.994144
2220: 0.994147
2221: 0.994149
2222: 0.994152
2223: 0.994155
2224: 0.994157
2225: 0.99416
2226: 0.994163
2227: 0.994165
2228: 0.994168
2229: 0.99417
2230: 0.994173
2231: 0.994176
2232: 0.994178
2233: 0.994181
2234: 0.994183
2235: 0.994186
2236: 0.994189
2237: 0.994191
2238: 0.994194
2239: 0.994196
2240: 0.994199
2241: 0.994202
2242: 0.994204
2243: 0.994207
2244: 0.994209
2245: 0.994212
2246: 0.994215
2247: 0.994217
2248: 0.99422
2249: 0.994222
2250: 0.994225
2251: 0.994227
2252: 0.99423
2253: 0.994232
2254: 0.994235
2255: 0.994238
2256: 0.99424
2257: 0.994243
2258: 0.994245
2259: 0.994248
2260: 0.99425
2261: 0.994253
2262: 0.994255
2263: 0.994258
2264: 0.99426
2265: 0.994263
2266: 0.994266
2267: 0.994268
2268: 0.994271
2269: 0.994273
2270: 0.994276
2271: 0.994278
2272: 0.994281
2273: 0.994283
2274: 0.994286
2275: 0.994288
2276: 0.994291
2277: 0.994293
2278: 0.994296
2279: 0.994298
2280: 0.994301
2281: 0.994303
2282: 0.994306
2283: 0.994308
2284: 0.994311
2285: 0.994313
2286: 0.994316
2287: 0.994318
2288: 0.994321
2289: 0.994323
2290: 0.994326
2291: 0.994328
2292: 0.994331
2293: 0.994333
2294: 0.994336
2295: 0.994338
2296: 0.99434
2297: 0.994343
2298: 0.994345
2299: 0.994348
2300: 0.99435
2301: 0.994353
2302: 0.994355
2303: 0.994358
2304: 0.99436
2305: 0.994363
2306: 0.994365
2307: 0.994367
2308: 0.99437
2309: 0.994372
2310: 0.994375
2311: 0.994377
2312: 0.99438
2313: 0.994382
2314: 0.994384
2315: 0.994387
2316: 0.994389
2317: 0.994392
2318: 0.994394
2319: 0.994397
2320: 0.994399
2321: 0.994401
2322: 0.994404
2323: 0.994406
2324: 0.994409
2325: 0.994411
2326: 0.994413
2327: 0.994416
2328: 0.994418
2329: 0.994421
2330: 0.994423
2331: 0.994425
2332: 0.994428
2333: 0.99443
2334: 0.994433
2335: 0.994435
2336: 0.994437
2337: 0.99444
2338: 0.994442
2339: 0.994444
2340: 0.994447
2341: 0.994449
2342: 0.994452
2343: 0.994454
2344: 0.994456
2345: 0.994459
2346: 0.994461
2347: 0.994463
2348: 0.994466
2349: 0.994468
2350: 0.99447
2351: 0.994473
2352: 0.994475
2353: 0.994477
2354: 0.99448
2355: 0.994482
2356: 0.994485
2357: 0.994487
2358: 0.994489
2359: 0.994492
2360: 0.994494
2361: 0.994496
2362: 0.994499
2363: 0.994501
2364: 0.994503
2365: 0.994505
2366: 0.994508
2367: 0.99451
2368: 0.994512
2369: 0.994515
2370: 0.994517
2371: 0.994519
2372: 0.994522
2373: 0.994524
2374: 0.994526
2375: 0.994529
2376: 0.994531
2377: 0.994533
2378: 0.994536
2379: 0.994538
2380: 0.99454
2381: 0.994542
2382: 0.994545
2383: 0.994547
2384: 0.994549
2385: 0.994552
2386: 0.994554
2387: 0.994556
2388: 0.994558
2389: 0.994561
2390: 0.994563
2391: 0.994565
2392: 0.994567
2393: 0.99457
2394: 0.994572
2395: 0.994574
2396: 0.994577
2397: 0.994579
2398: 0.994581
2399: 0.994583
2400: 0.994586
2401: 0.994588
2402: 0.99459
2403: 0.994592
2404: 0.994595
2405: 0.994597
2406: 0.994599
2407: 0.994601
2408: 0.994604
2409: 0.994606
2410: 0.994608
2411: 0.99461
2412: 0.994613
2413: 0.994615
2414: 0.994617
2415: 0.994619
2416: 0.994621
2417: 0.994624
2418: 0.994626
2419: 0.994628
2420: 0.99463
2421: 0.994633
2422: 0.994635
2423: 0.994637
2424: 0.994639
2425: 0.994641
2426: 0.994644
2427: 0.994646
2428: 0.994648
2429: 0.99465
2430: 0.994652
2431: 0.994655
2432: 0.994657
2433: 0.994659
2434: 0.994661
2435: 0.994663
2436: 0.994666
2437: 0.994668
2438: 0.99467
2439: 0.994672
2440: 0.994674
2441: 0.994676
2442: 0.994679
2443: 0.994681
2444: 0.994683
2445: 0.994685
2446: 0.994687
2447: 0.99469
2448: 0.994692
2449: 0.994694
2450: 0.994696
2451: 0.994698
2452: 0.9947
2453: 0.994703
2454: 0.994705
2455: 0.994707
2456: 0.994709
2457: 0.994711
2458: 0.994713
2459: 0.994715
2460: 0.994718
2461: 0.99472
2462: 0.994722
2463: 0.994724
2464: 0.994726
2465: 0.994728
2466: 0.99473
2467: 0.994733
2468: 0.994735
2469: 0.994737
2470: 0.994739
2471: 0.994741
2472: 0.994743
2473: 0.994745
2474: 0.994747
2475: 0.99475
2476: 0.994752
2477: 0.994754
2478: 0.994756
2479: 0.994758
2480: 0.99476
2481: 0.994762
2482: 0.994764
2483: 0.994767
2484: 0.994769
2485: 0.994771
2486: 0.994773
2487: 0.994775
2488: 0.994777
2489: 0.994779
2490: 0.994781
2491: 0.994783
2492: 0.994785
2493: 0.994787
2494: 0.99479
2495: 0.994792
2496: 0.994794
2497: 0.994796
2498: 0.994798
2499: 0.9948
2500: 0.994802
2501: 0.994804
2502: 0.994806
2503: 0.994808
2504: 0.99481
2505: 0.994812
2506: 0.994815
2507: 0.994817
2508: 0.994819
2509: 0.994821
2510: 0.994823
2511: 0.994825
2512: 0.994827
2513: 0.994829
2514: 0.994831
2515: 0.994833
2516: 0.994835
2517: 0.994837
2518: 0.994839
2519: 0.994841
2520: 0.994843
2521: 0.994845
2522: 0.994847
2523: 0.994849
2524: 0.994851
2525: 0.994854
2526: 0.994856
2527: 0.994858
2528: 0.99486
2529: 0.994862
2530: 0.994864
2531: 0.994866
2532: 0.994868
2533: 0.99487
2534: 0.994872
2535: 0.994874
2536: 0.994876
2537: 0.994878
2538: 0.99488
2539: 0.994882
2540: 0.994884
2541: 0.994886
2542: 0.994888
2543: 0.99489
2544: 0.994892
2545: 0.994894
2546: 0.994896
2547: 0.994898
2548: 0.9949
2549: 0.994902
2550: 0.994904
2551: 0.994906
2552: 0.994908
2553: 0.99491
2554: 0.994912
2555: 0.994914
2556: 0.994916
2557: 0.994918
2558: 0.99492
2559: 0.994922
2560: 0.994924
2561: 0.994926
2562: 0.994928
2563: 0.99493
2564: 0.994932
2565: 0.994934
2566: 0.994936
2567: 0.994938
2568: 0.99494
2569: 0.994942
2570: 0.994944
2571: 0.994946
2572: 0.994948
2573: 0.994949
2574: 0.994951
2575: 0.994953
2576: 0.994955
2577: 0.994957
2578: 0.994959
2579: 0.994961
2580: 0.994963
2581: 0.994965
2582: 0.994967
2583: 0.994969
2584: 0.994971
2585: 0.994973
2586: 0.994975
2587: 0.994977
2588: 0.994979
2589: 0.994981
2590: 0.994983
2591: 0.994985
2592: 0.994987
2593: 0.994988
2594: 0.99499
2595: 0.994992
2596: 0.994994
2597: 0.994996
2598: 0.994998
2599: 0.995
2600: 0.995002
2601: 0.995004
2602: 0.995006
2603: 0.995008
2604: 0.99501
2605: 0.995012
2606: 0.995013
2607: 0.995015
2608: 0.995017
2609: 0.995019
2610: 0.995021
2611: 0.995023
2612: 0.995025
2613: 0.995027
2614: 0.995029
2615: 0.995031
2616: 0.995032
2617: 0.995034
2618: 0.995036
2619: 0.995038
2620: 0.99504
2621: 0.995042
2622: 0.995044
2623: 0.995046
2624: 0.995048
2625: 0.99505
2626: 0.995051
2627: 0.995053
2628: 0.995055
2629: 0.995057
2630: 0.995059
2631: 0.995061
2632: 0.995063
2633: 0.995065
2634: 0.995066
2635: 0.995068
2636: 0.99507
2637: 0.995072
2638: 0.995074
2639: 0.995076
2640: 0.995078
2641: 0.995079
2642: 0.995081
2643: 0.995083
2644: 0.995085
2645: 0.995087
2646: 0.995089
2647: 0.995091
2648: 0.995092
2649: 0.995094
2650: 0.995096
2651: 0.995098
2652: 0.9951
2653: 0.995102
2654: 0.995104
2655: 0.995105
2656: 0.995107
2657: 0.995109
2658: 0.995111
2659: 0.995113
2660: 0.995115
2661: 0.995116
2662: 0.995118
2663: 0.99512
2664: 0.995122
2665: 0.995124
2666: 0.995126
2667: 0.995127
2668: 0.995129
2669: 0.995131
2670: 0.995133
2671: 0.995135
2672: 0.995137
2673: 0.995138
2674: 0.99514
2675: 0.995142
2676: 0.995144
2677: 0.995146
2678: 0.995147
2679: 0.995149
2680: 0.995151
2681: 0.995153
2682: 0.995155
2683: 0.995156
2684: 0.995158
2685: 0.99516
2686: 0.995162
2687: 0.995164
2688: 0.995165
2689: 0.995167
2690: 0.995169
2691: 0.995171
2692: 0.995173
2693: 0.995174
2694: 0.995176
2695: 0.995178
2696: 0.99518
2697: 0.995182
2698: 0.995183
2699: 0.995185
2700: 0.995187
2701: 0.995189
2702: 0.995191
2703: 0.995192
2704: 0.995194
2705: 0.995196
2706: 0.995198
2707: 0.995199
2708: 0.995201
2709: 0.995203
2710: 0.995205
2711: 0.995206
2712: 0.995208
2713: 0.99521
2714: 0.995212
2715: 0.995214
2716: 0.995215
2717: 0.995217
2718: 0.995219
2719: 0.995221
2720: 0.995222
2721: 0.995224
2722: 0.995226
2723: 0.995228
2724: 0.995229
2725: 0.995231
2726: 0.995233
2727: 0.995235
2728: 0.995236
2729: 0.995238
2730: 0.99524
2731: 0.995242
2732: 0.995243
2733: 0.995245
2734: 0.995247
2735: 0.995249
2736: 0.99525
2737: 0.995252
2738: 0.995254
2739: 0.995255
2740: 0.995257
2741: 0.995259
2742: 0.995261
2743: 0.995262
2744: 0.995264
2745: 0.995266
2746: 0.995268
2747: 0.995269
2748: 0.995271
2749: 0.995273
2750: 0.995274
2751: 0.995276
2752: 0.995278
2753: 0.99528
2754: 0.995281
2755: 0.995283
2756: 0.995285
2757: 0.995286
2758: 0.995288
2759: 0.99529
2760: 0.995292
2761: 0.995293
2762: 0.995295
2763: 0.995297
2764: 0.995298
2765: 0.9953
2766: 0.995302
2767: 0.995303
2768: 0.995305
2769: 0.995307
2770: 0.995309
2771: 0.99531
2772: 0.995312
2773: 0.995314
2774: 0.995315
2775: 0.995317
2776: 0.995319
2777: 0.99532
2778: 0.995322
2779: 0.995324
2780: 0.995325
2781: 0.995327
2782: 0.995329
2783: 0.99533
2784: 0.995332
2785: 0.995334
2786: 0.995335
2787: 0.995337
2788: 0.995339
2789: 0.995341
2790: 0.995342
2791: 0.995344
2792: 0.995346
2793: 0.995347
2794: 0.995349
2795: 0.995351
2796: 0.995352
2797: 0.995354
2798: 0.995355
2799: 0.995357
2800: 0.995359
2801: 0.99536
2802: 0.995362
2803: 0.995364
2804: 0.995365
2805: 0.995367
2806: 0.995369
2807: 0.99537
2808: 0.995372
2809: 0.995374
2810: 0.995375
2811: 0.995377
2812: 0.995379
2813: 0.99538
2814: 0.995382
2815: 0.995384
2816: 0.995385
2817: 0.995387
2818: 0.995388
2819: 0.99539
2820: 0.995392
2821: 0.995393
2822: 0.995395
2823: 0.995397
2824: 0.995398
2825: 0.9954
2826: 0.995401
2827: 0.995403
2828: 0.995405
2829: 0.995406
2830: 0.995408
2831: 0.99541
2832: 0.995411
2833: 0.995413
2834: 0.995414
2835: 0.995416
2836: 0.995418
2837: 0.995419
2838: 0.995421
2839: 0.995423
2840: 0.995424
2841: 0.995426
2842: 0.995427
2843: 0.995429
2844: 0.995431
2845: 0.995432
2846: 0.995434
2847: 0.995435
2848: 0.995437
2849: 0.995439
2850: 0.99544
2851: 0.995442
2852: 0.995443
2853: 0.995445
2854: 0.995447
2855: 0.995448
2856: 0.99545
2857: 0.995451
2858: 0.995453
2859: 0.995455
2860: 0.995456
2861: 0.995458
2862: 0.995459
2863: 0.995461
2864: 0.995462
2865: 0.995464
2866: 0.995466
2867: 0.995467
2868: 0.995469
2869: 0.99547
2870: 0.995472
2871: 0.995474
2872: 0.995475
2873: 0.995477
2874: 0.995478
2875: 0.99548
2876: 0.995481
2877: 0.995483
2878: 0.995485
2879: 0.995486
2880: 0.995488
2881: 0.995489
2882: 0.995491
2883: 0.995492
2884: 0.995494
2885: 0.995495
2886: 0.995497
2887: 0.995499
2888: 0.9955
2889: 0.995502
2890: 0.995503
2891: 0.995505
2892: 0.995506
2893: 0.995508
2894: 0.995509
2895: 0.995511
2896: 0.995513
2897: 0.995514
2898: 0.995516
2899: 0.995517
2900: 0.995519
2901: 0.99552
2902: 0.995522
2903: 0.995523
2904: 0.995525
2905: 0.995526
2906: 0.995528
2907: 0.99553
2908: 0.995531
2909: 0.995533
2910: 0.995534
2911: 0.995536
2912: 0.995537
2913: 0.995539
2914: 0.99554
2915: 0.995542
2916: 0.995543
2917: 0.995545
2918: 0.995546
2919: 0.995548
2920: 0.995549
2921: 0.995551
2922: 0.995553
2923: 0.995554
2924: 0.995556
2925: 0.995557
2926: 0.995559
2927: 0.99556
2928: 0.995562
2929: 0.995563
2930: 0.995565
2931: 0.995566
2932: 0.995568
2933: 0.995569
2934: 0.995571
2935: 0.995572
2936: 0.995574
2937: 0.995575
2938: 0.995577
2939: 0.995578
2940: 0.99558
2941: 0.995581
2942: 0.995583
2943: 0.995584
2944: 0.995586
2945: 0.995587
2946: 0.995589
2947: 0.99559
2948: 0.995592
2949: 0.995593
2950: 0.995595
2951: 0.995596
2952: 0.995598
2953: 0.995599
2954: 0.995601
2955: 0.995602
2956: 0.995604
2957: 0.995605
2958: 0.995607
2959: 0.995608
2960: 0.99561
2961: 0.995611
2962: 0.995613
2963: 0.995614
2964: 0.995616
2965: 0.995617
2966: 0.995618
2967: 0.99562
2968: 0.995621
2969: 0.995623
2970: 0.995624
2971: 0.995626
2972: 0.995627
2973: 0.995629
2974: 0.99563
2975: 0.995632
2976: 0.995633
2977: 0.995635
2978: 0.995636
2979: 0.995638
2980: 0.995639
2981: 0.995641
2982: 0.995642
2983: 0.995643
2984: 0.995645
2985: 0.995646
2986: 0.995648
2987: 0.995649
2988: 0.995651
2989: 0.995652
2990: 0.995654
2991: 0.995655
2992: 0.995657
2993: 0.995658
2994: 0.995659
2995: 0.995661
2996: 0.995662
2997: 0.995664
2998: 0.995665
2999: 0.995667
3000: 0.995668
3001: 0.99567
3002: 0.995671
3003: 0.995672
3004: 0.995674
3005: 0.995675
3006: 0.995677
3007: 0.995678
3008: 0.99568
3009: 0.995681
3010: 0.995682
3011: 0.995684
3012: 0.995685
3013: 0.995687
3014: 0.995688
3015: 0.99569
3016: 0.995691
3017: 0.995693
3018: 0.995694
3019: 0.995695
3020: 0.995697
3021: 0.995698
3022: 0.9957
3023: 0.995701
3024: 0.995702
3025: 0.995704
3026: 0.995705
3027: 0.995707
3028: 0.995708
3029: 0.99571
3030: 0.995711
3031: 0.995712
3032: 0.995714
3033: 0.995715
3034: 0.995717
3035: 0.995718
3036: 0.995719
3037: 0.995721
3038: 0.995722
3039: 0.995724
3040: 0.995725
3041: 0.995726
3042: 0.995728
3043: 0.995729
3044: 0.995731
3045: 0.995732
3046: 0.995734
3047: 0.995735
3048: 0.995736
3049: 0.995738
3050: 0.995739
3051: 0.99574
3052: 0.995742
3053: 0.995743
3054: 0.995745
3055: 0.995746
3056: 0.995747
3057: 0.995749
3058: 0.99575
3059: 0.995752
3060: 0.995753
3061: 0.995754
3062: 0.995756
3063: 0.995757
3064: 0.995759
3065: 0.99576
3066: 0.995761
3067: 0.995763
3068: 0.995764
3069: 0.995765
3070: 0.995767
3071: 0.995768
3072: 0.99577
3073: 0.995771
3074: 0.995772
3075: 0.995774
3076: 0.995775
3077: 0.995776
3078: 0.995778
3079: 0.995779
3080: 0.995781
3081: 0.995782
3082: 0.995783
3083: 0.995785
3084: 0.995786
3085: 0.995787
3086: 0.995789
3087: 0.99579
3088: 0.995792
3089: 0.995793
3090: 0.995794
3091: 0.995796
3092: 0.995797
3093: 0.995798
3094: 0.9958
3095: 0.995801
3096: 0.995802
3097: 0.995804
3098: 0.995805
3099: 0.995806
3100: 0.995808
3101: 0.995809
3102: 0.995811
3103: 0.995812
3104: 0.995813
3105: 0.995815
3106: 0.995816
3107: 0.995817
3108: 0.995819
3109: 0.99582
3110: 0.995821
3111: 0.995823
3112: 0.995824
3113: 0.995825
3114: 0.995827
3115: 0.995828
3116: 0.995829
3117: 0.995831
3118: 0.995832
3119: 0.995833
3120: 0.995835
3121: 0.995836
3122: 0.995837
3123: 0.995839
3124: 0.99584
3125: 0.995841
3126: 0.995843
3127: 0.995844
3128: 0.995845
3129: 0.995847
3130: 0.995848
3131: 0.995849
3132: 0.995851
3133: 0.995852
3134: 0.995853
3135: 0.995855
3136: 0.995856
3137: 0.995857
3138: 0.995859
3139: 0.99586
3140: 0.995861
3141: 0.995863
3142: 0.995864
3143: 0.995865
3144: 0.995866
3145: 0.995868
3146: 0.995869
3147: 0.99587
3148: 0.995872
3149: 0.995873
3150: 0.995874
3151: 0.995876
3152: 0.995877
3153: 0.995878
3154: 0.99588
3155: 0.995881
3156: 0.995882
3157: 0.995883
3158: 0.995885
3159: 0.995886
3160: 0.995887
3161: 0.995889
3162: 0.99589
3163: 0.995891
3164: 0.995893
3165: 0.995894
3166: 0.995895
3167: 0.995896
3168: 0.995898
3169: 0.995899
3170: 0.9959
3171: 0.995902
3172: 0.995903
3173: 0.995904
3174: 0.995906
3175: 0.995907
3176: 0.995908
3177: 0.995909
3178: 0.995911
3179: 0.995912
3180: 0.995913
3181: 0.995915
3182: 0.995916
3183: 0.995917
3184: 0.995918
3185: 0.99592
3186: 0.995921
3187: 0.995922
3188: 0.995923
3189: 0.995925
3190: 0.995926
3191: 0.995927
3192: 0.995929
3193: 0.99593
3194: 0.995931
3195: 0.995932
3196: 0.995934
3197: 0.995935
3198: 0.995936
3199: 0.995938
3200: 0.995939
3201: 0.99594
3202: 0.995941
3203: 0.995943
3204: 0.995944
3205: 0.995945
3206: 0.995946
3207: 0.995948
3208: 0.995949
3209: 0.99595
3210: 0.995951
3211: 0.995953
3212: 0.995954
3213: 0.995955
3214: 0.995956
3215: 0.995958
3216: 0.995959
3217: 0.99596
3218: 0.995961
3219: 0.995963
3220: 0.995964
3221: 0.995965
3222: 0.995966
3223: 0.995968
3224: 0.995969
3225: 0.99597
3226: 0.995971
3227: 0.995973
3228: 0.995974
3229: 0.995975
3230: 0.995976
3231: 0.995978
3232: 0.995979
3233: 0.99598
3234: 0.995981
3235: 0.995983
3236: 0.995984
3237: 0.995985
3238: 0.995986
3239: 0.995988
3240: 0.995989
3241: 0.99599
3242: 0.995991
3243: 0.995993
3244: 0.995994
3245: 0.995995
3246: 0.995996
3247: 0.995998
3248: 0.995999
3249: 0.996
3250: 0.996001
3251: 0.996002
3252: 0.996004
3253: 0.996005
3254: 0.996006
3255: 0.996007
3256: 0.996009
3257: 0.99601
3258: 0.996011
3259: 0.996012
3260: 0.996013
3261: 0.996015
3262: 0.996016
3263: 0.996017
3264: 0.996018
3265: 0.99602
3266: 0.996021
3267: 0.996022
3268: 0.996023
3269: 0.996024
3270: 0.996026
3271: 0.996027
3272: 0.996028
3273: 0.996029
3274: 0.996031
3275: 0.996032
3276: 0.996033
3277: 0.996034
3278: 0.996035
3279: 0.996037
3280: 0.996038
3281: 0.996039
3282: 0.99604
3283: 0.996041
3284: 0.996043
3285: 0.996044
3286: 0.996045
3287: 0.996046
3288: 0.996047
3289: 0.996049
3290: 0.99605
3291: 0.996051
3292: 0.996052
3293: 0.996053
3294: 0.996055
3295: 0.996056
3296: 0.996057
3297: 0.996058
3298: 0.996059
3299: 0.996061
3300: 0.996062
3301: 0.996063
3302: 0.996064
3303: 0.996065
3304: 0.996067
3305: 0.996068
3306: 0.996069
3307: 0.99607
3308: 0.996071
3309: 0.996073
3310: 0.996074
3311: 0.996075
3312: 0.996076
3313: 0.996077
3314: 0.996078
3315: 0.99608
3316: 0.996081
3317: 0.996082
3318: 0.996083
3319: 0.996084
3320: 0.996086
3321: 0.996087
3322: 0.996088
3323: 0.996089
3324: 0.99609
3325: 0.996091
3326: 0.996093
3327: 0.996094
3328: 0.996095
3329: 0.996096
3330: 0.996097
3331: 0.996098
3332: 0.9961
3333: 0.996101
3334: 0.996102
3335: 0.996103
3336: 0.996104
3337: 0.996105
3338: 0.996107
3339: 0.996108
3340: 0.996109
3341: 0.99611
3342: 0.996111
3343: 0.996112
3344: 0.996114
3345: 0.996115
3346: 0.996116
3347: 0.996117
3348: 0.996118
3349: 0.996119
3350: 0.996121
3351: 0.996122
3352: 0.996123
3353: 0.996124
3354: 0.996125
3355: 0.996126
3356: 0.996127
3357: 0.996129
3358: 0.99613
3359: 0.996131
3360: 0.996132
3361: 0.996133
3362: 0.996134
3363: 0.996136
3364: 0.996137
3365: 0.996138
3366: 0.996139
3367: 0.99614
3368: 0.996141
3369: 0.996142
3370: 0.996144
3371: 0.996145
3372: 0.996146
3373: 0.996147
3374: 0.996148
3375: 0.996149
3376: 0.99615
3377: 0.996152
3378: 0.996153
3379: 0.996154
3380: 0.996155
3381: 0.996156
3382: 0.996157
3383: 0.996158
3384: 0.99616
3385: 0.996161
3386: 0.996162
3387: 0.996163
3388: 0.996164
3389: 0.996165
3390: 0.996166
3391: 0.996167
3392: 0.996169
3393: 0.99617
3394: 0.996171
3395: 0.996172
3396: 0.996173
3397: 0.996174
3398: 0.996175
3399: 0.996176
3400: 0.996178
3401: 0.996179
3402: 0.99618
3403: 0.996181
3404: 0.996182
3405: 0.996183
3406: 0.996184
3407: 0.996185
3408: 0.996187
3409: 0.996188
3410: 0.996189
3411: 0.99619
3412: 0.996191
3413: 0.996192
3414: 0.996193
3415: 0.996194
3416: 0.996195
3417: 0.996197
3418: 0.996198
3419: 0.996199
3420: 0.9962
3421: 0.996201
3422: 0.996202
3423: 0.996203
3424: 0.996204
3425: 0.996205
3426: 0.996207
3427: 0.996208
3428: 0.996209
3429: 0.99621
3430: 0.996211
3431: 0.996212
3432: 0.996213
3433: 0.996214
3434: 0.996215
3435: 0.996217
3436: 0.996218
3437: 0.996219
3438: 0.99622
3439: 0.996221
3440: 0.996222
3441: 0.996223
3442: 0.996224
3443: 0.996225
3444: 0.996226
3445: 0.996228
3446: 0.996229
3447: 0.99623
3448: 0.996231
3449: 0.996232
3450: 0.996233
3451: 0.996234
3452: 0.996235
3453: 0.996236
3454: 0.996237
3455: 0.996238
3456: 0.99624
3457: 0.996241
3458: 0.996242
3459: 0.996243
3460: 0.996244
3461: 0.996245
3462: 0.996246
3463: 0.996247
3464: 0.996248
3465: 0.996249
3466: 0.99625
3467: 0.996251
3468: 0.996253
3469: 0.996254
3470: 0.996255
3471: 0.996256
3472: 0.996257
3473: 0.996258
3474: 0.996259
3475: 0.99626
3476: 0.996261
3477: 0.996262
3478: 0.996263
3479: 0.996264
3480: 0.996265
3481: 0.996267
3482: 0.996268
3483: 0.996269
3484: 0.99627
3485: 0.996271
3486: 0.996272
3487: 0.996273
3488: 0.996274
3489: 0.996275
3490: 0.996276
3491: 0.996277
3492: 0.996278
3493: 0.996279
3494: 0.99628
3495: 0.996281
3496: 0.996283
3497: 0.996284
3498: 0.996285
3499: 0.996286
3500: 0.996287
3501: 0.996288
3502: 0.996289
3503: 0.99629
3504: 0.996291
3505: 0.996292
3506: 0.996293
3507: 0.996294
3508: 0.996295
3509: 0.996296
3510: 0.996297
3511: 0.996298
3512: 0.996299
3513: 0.996301
3514: 0.996302
3515: 0.996303
3516: 0.996304
3517: 0.996305
3518: 0.996306
3519: 0.996307
3520: 0.996308
3521: 0.996309
3522: 0.99631
3523: 0.996311
3524: 0.996312
3525: 0.996313
3526: 0.996314
3527: 0.996315
3528: 0.996316
3529: 0.996317
3530: 0.996318
3531: 0.996319
3532: 0.99632
3533: 0.996321
3534: 0.996322
3535: 0.996324
3536: 0.996325
3537: 0.996326
3538: 0.996327
3539: 0.996328
3540: 0.996329
3541: 0.99633
3542: 0.996331
3543: 0.996332
3544: 0.996333
3545: 0.996334
3546: 0.996335
3547: 0.996336
3548: 0.996337
3549: 0.996338
3550: 0.996339
3551: 0.99634
3552: 0.996341
3553: 0.996342
3554: 0.996343
3555: 0.996344
3556: 0.996345
3557: 0.996346
3558: 0.996347
3559: 0.996348
3560: 0.996349
3561: 0.99635
3562: 0.996351
3563: 0.996352
3564: 0.996353
3565: 0.996354
3566: 0.996355
3567: 0.996357
3568: 0.996358
3569: 0.996359
3570: 0.99636
3571: 0.996361
3572: 0.996362
3573: 0.996363
3574: 0.996364
3575: 0.996365
3576: 0.996366
3577: 0.996367
3578: 0.996368
3579: 0.996369
3580: 0.99637
3581: 0.996371
3582: 0.996372
3583: 0.996373
3584: 0.996374
3585: 0.996375
3586: 0.996376
3587: 0.996377
3588: 0.996378
3589: 0.996379
3590: 0.99638
3591: 0.996381
3592: 0.996382
3593: 0.996383
3594: 0.996384
3595: 0.996385
3596: 0.996386
3597: 0.996387
3598: 0.996388
3599: 0.996389
3600: 0.99639
3601: 0.996391
3602: 0.996392
3603: 0.996393
3604: 0.996394
3605: 0.996395
3606: 0.996396
3607: 0.996397
3608: 0.996398
3609: 0.996399
3610: 0.9964
3611: 0.996401
3612: 0.996402
3613: 0.996403
3614: 0.996404
3615: 0.996405
3616: 0.996406
3617: 0.996407
3618: 0.996408
3619: 0.996409
3620: 0.99641
3621: 0.996411
3622: 0.996412
3623: 0.996413
3624: 0.996414
3625: 0.996415
3626: 0.996416
3627: 0.996417
3628: 0.996418
3629: 0.996419
3630: 0.99642
3631: 0.996421
3632: 0.996422
3633: 0.996423
3634: 0.996424
3635: 0.996425
3636: 0.996426
3637: 0.996427
3638: 0.996428
3639: 0.996429
3640: 0.99643
3641: 0.996431
3642: 0.996432
3643: 0.996432
3644: 0.996433
3645: 0.996434
3646: 0.996435
3647: 0.996436
3648: 0.996437
3649: 0.996438
3650: 0.996439
3651: 0.99644
3652: 0.996441
3653: 0.996442
3654: 0.996443
3655: 0.996444
3656: 0.996445
3657: 0.996446
3658: 0.996447
3659: 0.996448
3660: 0.996449
3661: 0.99645
3662: 0.996451
3663: 0.996452
3664: 0.996453
3665: 0.996454
3666: 0.996455
3667: 0.996456
3668: 0.996457
3669: 0.996458
3670: 0.996459
3671: 0.99646
3672: 0.996461
3673: 0.996462
3674: 0.996463
3675: 0.996464
3676: 0.996465
3677: 0.996465
3678: 0.996466
3679: 0.996467
3680: 0.996468
3681: 0.996469
3682: 0.99647
3683: 0.996471
3684: 0.996472
3685: 0.996473
3686: 0.996474
3687: 0.996475
3688: 0.996476
3689: 0.996477
3690: 0.996478
3691: 0.996479
3692: 0.99648
3693: 0.996481
3694: 0.996482
3695: 0.996483
3696: 0.996484
3697: 0.996485
3698: 0.996486
3699: 0.996486
3700: 0.996487
3701: 0.996488
3702: 0.996489
3703: 0.99649
3704: 0.996491
3705: 0.996492
3706: 0.996493
3707: 0.996494
3708: 0.996495
3709: 0.996496
3710: 0.996497
3711: 0.996498
3712: 0.996499
3713: 0.9965
3714: 0.996501
3715: 0.996502
3716: 0.996503
3717: 0.996503
3718: 0.996504
3719: 0.996505
3720: 0.996506
3721: 0.996507
3722: 0.996508
3723: 0.996509
3724: 0.99651
3725: 0.996511
3726: 0.996512
3727: 0.996513
3728: 0.996514
3729: 0.996515
3730: 0.996516
3731: 0.996517
3732: 0.996518
3733: 0.996518
3734: 0.996519
3735: 0.99652
3736: 0.996521
3737: 0.996522
3738: 0.996523
3739: 0.996524
3740: 0.996525
3741: 0.996526
3742: 0.996527
3743: 0.996528
3744: 0.996529
3745: 0.99653
3746: 0.996531
3747: 0.996531
3748: 0.996532
3749: 0.996533
3750: 0.996534
3751: 0.996535
3752: 0.996536
3753: 0.996537
3754: 0.996538
3755: 0.996539
3756: 0.99654
3757: 0.996541
3758: 0.996542
3759: 0.996543
3760: 0.996543
3761: 0.996544
3762: 0.996545
3763: 0.996546
3764: 0.996547
3765: 0.996548
3766: 0.996549
3767: 0.99655
3768: 0.996551
3769: 0.996552
3770: 0.996553
3771: 0.996554
3772: 0.996554
3773: 0.996555
3774: 0.996556
3775: 0.996557
3776: 0.996558
3777: 0.996559
3778: 0.99656
3779: 0.996561
3780: 0.996562
3781: 0.996563
3782: 0.996564
3783: 0.996564
3784: 0.996565
3785: 0.996566
3786: 0.996567
3787: 0.996568
3788: 0.996569
3789: 0.99657
3790: 0.996571
3791: 0.996572
3792: 0.996573
3793: 0.996574
3794: 0.996574
3795: 0.996575
3796: 0.996576
3797: 0.996577
3798: 0.996578
3799: 0.996579
3800: 0.99658
3801: 0.996581
3802: 0.996582
3803: 0.996583
3804: 0.996583
3805: 0.996584
3806: 0.996585
3807: 0.996586
3808: 0.996587
3809: 0.996588
3810: 0.996589
3811: 0.99659
3812: 0.996591
3813: 0.996592
3814: 0.996592
3815: 0.996593
3816: 0.996594
3817: 0.996595
3818: 0.996596
3819: 0.996597
3820: 0.996598
3821: 0.996599
3822: 0.9966
3823: 0.9966
3824: 0.996601
3825: 0.996602
3826: 0.996603
3827: 0.996604
3828: 0.996605
3829: 0.996606
3830: 0.996607
3831: 0.996608
3832: 0.996608
3833: 0.996609
3834: 0.99661
3835: 0.996611
3836: 0.996612
3837: 0.996613
3838: 0.996614
3839: 0.996615
3840: 0.996615
3841: 0.996616
3842: 0.996617
3843: 0.996618
3844: 0.996619
3845: 0.99662
3846: 0.996621
3847: 0.996622
3848: 0.996622
3849: 0.996623
3850: 0.996624
3851: 0.996625
3852: 0.996626
3853: 0.996627
3854: 0.996628
3855: 0.996629
3856: 0.99663
3857: 0.99663
3858: 0.996631
3859: 0.996632
3860: 0.996633
3861: 0.996634
3862: 0.996635
3863: 0.996636
3864: 0.996636
3865: 0.996637
3866: 0.996638
3867: 0.996639
3868: 0.99664
3869: 0.996641
3870: 0.996642
3871: 0.996643
3872: 0.996643
3873: 0.996644
3874: 0.996645
3875: 0.996646
3876: 0.996647
3877: 0.996648
3878: 0.996649
3879: 0.996649
3880: 0.99665
3881: 0.996651
3882: 0.996652
3883: 0.996653
3884: 0.996654
3885: 0.996655
3886: 0.996656
3887: 0.996656
3888: 0.996657
3889: 0.996658
3890: 0.996659
3891: 0.99666
3892: 0.996661
3893: 0.996662
3894: 0.996662
3895: 0.996663
3896: 0.996664
3897: 0.996665
3898: 0.996666
3899: 0.996667
3900: 0.996668
3901: 0.996668
3902: 0.996669
3903: 0.99667
3904: 0.996671
3905: 0.996672
3906: 0.996673
3907: 0.996673
3908: 0.996674
3909: 0.996675
3910: 0.996676
3911: 0.996677
3912: 0.996678
3913: 0.996679
3914: 0.996679
3915: 0.99668
3916: 0.996681
3917: 0.996682
3918: 0.996683
3919: 0.996684
3920: 0.996685
3921: 0.996685
3922: 0.996686
3923: 0.996687
3924: 0.996688
3925: 0.996689
3926: 0.99669
3927: 0.99669
3928: 0.996691
3929: 0.996692
3930: 0.996693
3931: 0.996694
3932: 0.996695
3933: 0.996695
3934: 0.996696
3935: 0.996697
3936: 0.996698
3937: 0.996699
3938: 0.9967
3939: 0.996701
3940: 0.996701
3941: 0.996702
3942: 0.996703
3943: 0.996704
3944: 0.996705
3945: 0.996706
3946: 0.996706
3947: 0.996707
3948: 0.996708
3949: 0.996709
3950: 0.99671
3951: 0.996711
3952: 0.996711
3953: 0.996712
3954: 0.996713
3955: 0.996714
3956: 0.996715
3957: 0.996716
3958: 0.996716
3959: 0.996717
3960: 0.996718
3961: 0.996719
3962: 0.99672
3963: 0.99672
3964: 0.996721
3965: 0.996722
3966: 0.996723
3967: 0.996724
3968: 0.996725
3969: 0.996725
3970: 0.996726
3971: 0.996727
3972: 0.996728
3973: 0.996729
3974: 0.99673
3975: 0.99673
3976: 0.996731
3977: 0.996732
3978: 0.996733
3979: 0.996734
3980: 0.996734
3981: 0.996735
3982: 0.996736
3983: 0.996737
3984: 0.996738
3985: 0.996739
3986: 0.996739
3987: 0.99674
3988: 0.996741
3989: 0.996742
3990: 0.996743
3991: 0.996743
3992: 0.996744
3993: 0.996745
3994: 0.996746
3995: 0.996747
3996: 0.996748
3997: 0.996748
3998: 0.996749
3999: 0.99675
4000: 0.996751
4001: 0.996752
4002: 0.996752
4003: 0.996753
4004: 0.996754
4005: 0.996755
4006: 0.996756
4007: 0.996756
4008: 0.996757
4009: 0.996758
4010: 0.996759
4011: 0.99676
4012: 0.996761
4013: 0.996761
4014: 0.996762
4015: 0.996763
4016: 0.996764
4017: 0.996765
4018: 0.996765
4019: 0.996766
4020: 0.996767
4021: 0.996768
4022: 0.996769
4023: 0.996769
4024: 0.99677
4025: 0.996771
4026: 0.996772
4027: 0.996773
4028: 0.996773
4029: 0.996774
4030: 0.996775
4031: 0.996776
4032: 0.996777
4033: 0.996777
4034: 0.996778
4035: 0.996779
4036: 0.99678
4037: 0.996781
4038: 0.996781
4039: 0.996782
4040: 0.996783
4041: 0.996784
4042: 0.996785
4043: 0.996785
4044: 0.996786
4045: 0.996787
4046: 0.996788
4047: 0.996789
4048: 0.996789
4049: 0.99679
4050: 0.996791
4051: 0.996792
4052: 0.996792
4053: 0.996793
4054: 0.996794
4055: 0.996795
4056: 0.996796
4057: 0.996796
4058: 0.996797
4059: 0.996798
4060: 0.996799
4061: 0.9968
4062: 0.9968
4063: 0.996801
4064: 0.996802
4065: 0.996803
4066: 0.996804
4067: 0.996804
4068: 0.996805
4069: 0.996806
4070: 0.996807
4071: 0.996807
4072: 0.996808
4073: 0.996809
4074: 0.99681
4075: 0.996811
4076: 0.996811
4077: 0.996812
4078: 0.996813
4079: 0.996814
4080: 0.996815
4081: 0.996815
4082: 0.996816
4083: 0.996817
4084: 0.996818
4085: 0.996818
4086: 0.996819
4087: 0.99682
4088: 0.996821
4089: 0.996822
4090: 0.996822
4091: 0.996823
4092: 0.996824
4093: 0.996825
4094: 0.996825
4095: 0.996826
4096: 0.996827
4097: 0.996828
4098: 0.996828
4099: 0.996829
4100: 0.99683
4101: 0.996831
4102: 0.996832
4103: 0.996832
4104: 0.996833
4105: 0.996834
4106: 0.996835
4107: 0.996835
4108: 0.996836
4109: 0.996837
4110: 0.996838
4111: 0.996839
4112: 0.996839
4113: 0.99684
4114: 0.996841
4115: 0.996842
4116: 0.996842
4117: 0.996843
4118: 0.996844
4119: 0.996845
4120: 0.996845
4121: 0.996846
4122: 0.996847
4123: 0.996848
4124: 0.996848
4125: 0.996849
4126: 0.99685
4127: 0.996851
4128: 0.996852
4129: 0.996852
4130: 0.996853
4131: 0.996854
4132: 0.996855
4133: 0.996855
4134: 0.996856
4135: 0.996857
4136: 0.996858
4137: 0.996858
4138: 0.996859
4139: 0.99686
4140: 0.996861
4141: 0.996861
4142: 0.996862
4143: 0.996863
4144: 0.996864
4145: 0.996864
4146: 0.996865
4147: 0.996866
4148: 0.996867
4149: 0.996867
4150: 0.996868
4151: 0.996869
4152: 0.99687
4153: 0.99687
4154: 0.996871
4155: 0.996872
4156: 0.996873
4157: 0.996873
4158: 0.996874
4159: 0.996875
4160: 0.996876
4161: 0.996877
4162: 0.996877
4163: 0.996878
4164: 0.996879
4165: 0.99688
4166: 0.99688
4167: 0.996881
4168: 0.996882
4169: 0.996882
4170: 0.996883
4171: 0.996884
4172: 0.996885
4173: 0.996885
4174: 0.996886
4175: 0.996887
4176: 0.996888
4177: 0.996888
4178: 0.996889
4179: 0.99689
4180: 0.996891
4181: 0.996891
4182: 0.996892
4183: 0.996893
4184: 0.996894
4185: 0.996894
4186: 0.996895
4187: 0.996896
4188: 0.996897
4189: 0.996897
4190: 0.996898
4191: 0.996899
4192: 0.9969
4193: 0.9969
4194: 0.996901
4195: 0.996902
4196: 0.996903
4197: 0.996903
4198: 0.996904
4199: 0.996905
4200: 0.996905
4201: 0.996906
4202: 0.996907
4203: 0.996908
4204: 0.996908
4205: 0.996909
4206: 0.99691
4207: 0.996911
4208: 0.996911
4209: 0.996912
4210: 0.996913
4211: 0.996914
4212: 0.996914
4213: 0.996915
4214: 0.996916
4215: 0.996917
4216: 0.996917
4217: 0.996918
4218: 0.996919
4219: 0.996919
4220: 0.99692
4221: 0.996921
4222: 0.996922
4223: 0.996922
4224: 0.996923
4225: 0.996924
4226: 0.996925
4227: 0.996925
4228: 0.996926
4229: 0.996927
4230: 0.996927
4231: 0.996928
4232: 0.996929
4233: 0.99693
4234: 0.99693
4235: 0.996931
4236: 0.996932
4237: 0.996933
4238: 0.996933
4239: 0.996934
4240: 0.996935
4241: 0.996935
4242: 0.996936
4243: 0.996937
4244: 0.996938
4245: 0.996938
4246: 0.996939
4247: 0.99694
4248: 0.99694
4249: 0.996941
4250: 0.996942
4251: 0.996943
4252: 0.996943
4253: 0.996944
4254: 0.996945
4255: 0.996945
4256: 0.996946
4257: 0.996947
4258: 0.996948
4259: 0.996948
4260: 0.996949
4261: 0.99695
4262: 0.996951
4263: 0.996951
4264: 0.996952
4265: 0.996953
4266: 0.996953
4267: 0.996954
4268: 0.996955
4269: 0.996956
4270: 0.996956
4271: 0.996957
4272: 0.996958
4273: 0.996958
4274: 0.996959
4275: 0.99696
4276: 0.99696
4277: 0.996961
4278: 0.996962
4279: 0.996963
4280: 0.996963
4281: 0.996964
4282: 0.996965
4283: 0.996965
4284: 0.996966
4285: 0.996967
4286: 0.996968
4287: 0.996968
4288: 0.996969
4289: 0.99697
4290: 0.99697
4291: 0.996971
4292: 0.996972
4293: 0.996973
4294: 0.996973
4295: 0.996974
4296: 0.996975
4297: 0.996975
4298: 0.996976
4299: 0.996977
4300: 0.996977
4301: 0.996978
4302: 0.996979
4303: 0.99698
4304: 0.99698
4305: 0.996981
4306: 0.996982
4307: 0.996982
4308: 0.996983
4309: 0.996984
4310: 0.996984
4311: 0.996985
4312: 0.996986
4313: 0.996987
4314: 0.996987
4315: 0.996988
4316: 0.996989
4317: 0.996989
4318: 0.99699
4319: 0.996991
4320: 0.996991
4321: 0.996992
4322: 0.996993
4323: 0.996994
4324: 0.996994
4325: 0.996995
4326: 0.996996
4327: 0.996996
4328: 0.996997
4329: 0.996998
4330: 0.996998
4331: 0.996999
4332: 0.997
4333: 0.997
4334: 0.997001
4335: 0.997002
4336: 0.997003
4337: 0.997003
4338: 0.997004
4339: 0.997005
4340: 0.997005
4341: 0.997006
4342: 0.997007
4343: 0.997007
4344: 0.997008
4345: 0.997009
4346: 0.997009
4347: 0.99701
4348: 0.997011
4349: 0.997011
4350: 0.997012
4351: 0.997013
4352: 0.997014
4353: 0.997014
4354: 0.997015
4355: 0.997016
4356: 0.997016
4357: 0.997017
4358: 0.997018
4359: 0.997018
4360: 0.997019
4361: 0.99702
4362: 0.99702
4363: 0.997021
4364: 0.997022
4365: 0.997022
4366: 0.997023
4367: 0.997024
4368: 0.997024
4369: 0.997025
4370: 0.997026
4371: 0.997027
4372: 0.997027
4373: 0.997028
4374: 0.997029
4375: 0.997029
4376: 0.99703
4377: 0.997031
4378: 0.997031
4379: 0.997032
4380: 0.997033
4381: 0.997033
4382: 0.997034
4383: 0.997035
4384: 0.997035
4385: 0.997036
4386: 0.997037
4387: 0.997037
4388: 0.997038
4389: 0.997039
4390: 0.997039
4391: 0.99704
4392: 0.997041
4393: 0.997041
4394: 0.997042
4395: 0.997043
4396: 0.997043
4397: 0.997044
4398: 0.997045
4399: 0.997045
4400: 0.997046
4401: 0.997047
4402: 0.997047
4403: 0.997048
4404: 0.997049
4405: 0.997049
4406: 0.99705
4407: 0.997051
4408: 0.997051
4409: 0.997052
4410: 0.997053
4411: 0.997053
4412: 0.997054
4413: 0.997055
4414: 0.997055
4415: 0.997056
4416: 0.997057
4417: 0.997057
4418: 0.997058
4419: 0.997059
4420: 0.997059
4421: 0.99706
4422: 0.997061
4423: 0.997061
4424: 0.997062
4425: 0.997063
4426: 0.997063
4427: 0.997064
4428: 0.997065
4429: 0.997065
4430: 0.997066
4431: 0.997067
4432: 0.997067
4433: 0.997068
4434: 0.997069
4435: 0.997069
4436: 0.99707
4437: 0.997071
4438: 0.997071
4439: 0.997072
4440: 0.997073
4441: 0.997073
4442: 0.997074
4443: 0.997075
4444: 0.997075
4445: 0.997076
4446: 0.997077
4447: 0.997077
4448: 0.997078
4449: 0.997079
4450: 0.997079
4451: 0.99708
4452: 0.997081
4453: 0.997081
4454: 0.997082
4455: 0.997083
4456: 0.997083
4457: 0.997084
4458: 0.997085
4459: 0.997085
4460: 0.997086
4461: 0.997087
4462: 0.997087
4463: 0.997088
4464: 0.997088
4465: 0.997089
4466: 0.99709
4467: 0.99709
4468: 0.997091
4469: 0.997092
4470: 0.997092
4471: 0.997093
4472: 0.997094
4473: 0.997094
4474: 0.997095
4475: 0.997096
4476: 0.997096
4477: 0.997097
4478: 0.997098
4479: 0.997098
4480: 0.997099
4481: 0.9971
4482: 0.9971
4483: 0.997101
4484: 0.997101
4485: 0.997102
4486: 0.997103
4487: 0.997103
4488: 0.997104
4489: 0.997105
4490: 0.997105
4491: 0.997106
4492: 0.997107
4493: 0.997107
4494: 0.997108
4495: 0.997109
4496: 0.997109
4497: 0.99711
4498: 0.99711
4499: 0.997111
4500: 0.997112
4501: 0.997112
4502: 0.997113
4503: 0.997114
4504: 0.997114
4505: 0.997115
4506: 0.997116
4507: 0.997116
4508: 0.997117
4509: 0.997118
4510: 0.997118
4511: 0.997119
4512: 0.997119
4513: 0.99712
4514: 0.997121
4515: 0.997121
4516: 0.997122
4517: 0.997123
4518: 0.997123
4519: 0.997124
4520: 0.997125
4521: 0.997125
4522: 0.997126
4523: 0.997126
4524: 0.997127
4525: 0.997128
4526: 0.997128
4527: 0.997129
4528: 0.99713
4529: 0.99713
4530: 0.997131
4531: 0.997132
4532: 0.997132
4533: 0.997133
4534: 0.997133
4535: 0.997134
4536: 0.997135
4537: 0.997135
4538: 0.997136
4539: 0.997137
4540: 0.997137
4541: 0.997138
4542: 0.997138
4543: 0.997139
4544: 0.99714
4545: 0.99714
4546: 0.997141
4547: 0.997142
4548: 0.997142
4549: 0.997143
4550: 0.997143
4551: 0.997144
4552: 0.997145
4553: 0.997145
4554: 0.997146
4555: 0.997147
4556: 0.997147
4557: 0.997148
4558: 0.997148
4559: 0.997149
4560: 0.99715
4561: 0.99715
4562: 0.997151
4563: 0.997152
4564: 0.997152
4565: 0.997153
4566: 0.997153
4567: 0.997154
4568: 0.997155
4569: 0.997155
4570: 0.997156
4571: 0.997157
4572: 0.997157
4573: 0.997158
4574: 0.997158
4575: 0.997159
4576: 0.99716
4577: 0.99716
4578: 0.997161
4579: 0.997162
4580: 0.997162
4581: 0.997163
4582: 0.997163
4583: 0.997164
4584: 0.997165
4585: 0.997165
4586: 0.997166
4587: 0.997167
4588: 0.997167
4589: 0.997168
4590: 0.997168
4591: 0.997169
4592: 0.99717
4593: 0.99717
4594: 0.997171
4595: 0.997171
4596: 0.997172
4597: 0.997173
4598: 0.997173
4599: 0.997174
4600: 0.997175
4601: 0.997175
4602: 0.997176
4603: 0.997176
4604: 0.997177
4605: 0.997178
4606: 0.997178
4607: 0.997179
4608: 0.997179
4609: 0.99718
4610: 0.997181
4611: 0.997181
4612: 0.997182
4613: 0.997182
4614: 0.997183
4615: 0.997184
4616: 0.997184
4617: 0.997185
4618: 0.997186
4619: 0.997186
4620: 0.997187
4621: 0.997187
4622: 0.997188
4623: 0.997189
4624: 0.997189
4625: 0.99719
4626: 0.99719
4627: 0.997191
4628: 0.997192
4629: 0.997192
4630: 0.997193
4631: 0.997193
4632: 0.997194
4633: 0.997195
4634: 0.997195
4635: 0.997196
4636: 0.997196
4637: 0.997197
4638: 0.997198
4639: 0.997198
4640: 0.997199
4641: 0.997199
4642: 0.9972
4643: 0.997201
4644: 0.997201
4645: 0.997202
4646: 0.997202
4647: 0.997203
4648: 0.997204
4649: 0.997204
4650: 0.997205
4651: 0.997206
4652: 0.997206
4653: 0.997207
4654: 0.997207
4655: 0.997208
4656: 0.997209
4657: 0.997209
4658: 0.99721
4659: 0.99721
4660: 0.997211
4661: 0.997211
4662: 0.997212
4663: 0.997213
4664: 0.997213
4665: 0.997214
4666: 0.997214
4667: 0.997215
4668: 0.997216
4669: 0.997216
4670: 0.997217
4671: 0.997217
4672: 0.997218
4673: 0.997219
4674: 0.997219
4675: 0.99722
4676: 0.99722
4677: 0.997221
4678: 0.997222
4679: 0.997222
4680: 0.997223
4681: 0.997223
4682: 0.997224
4683: 0.997225
4684: 0.997225
4685: 0.997226
4686: 0.997226
4687: 0.997227
4688: 0.997228
4689: 0.997228
4690: 0.997229
4691: 0.997229
4692: 0.99723
4693: 0.997231
4694: 0.997231
4695: 0.997232
4696: 0.997232
4697: 0.997233
4698: 0.997233
4699: 0.997234
4700: 0.997235
4701: 0.997235
4702: 0.997236
4703: 0.997236
4704: 0.997237
4705: 0.997238
4706: 0.997238
4707: 0.997239
4708: 0.997239
4709: 0.99724
4710: 0.997241
4711: 0.997241
4712: 0.997242
4713: 0.997242
4714: 0.997243
4715: 0.997243
4716: 0.997244
4717: 0.997245
4718: 0.997245
4719: 0.997246
4720: 0.997246
4721: 0.997247
4722: 0.997248
4723: 0.997248
4724: 0.997249
4725: 0.997249
4726: 0.99725
4727: 0.99725
4728: 0.997251
4729: 0.997252
4730: 0.997252
4731: 0.997253
4732: 0.997253
4733: 0.997254
4734: 0.997254
4735: 0.997255
4736: 0.997256
4737: 0.997256
4738: 0.997257
4739: 0.997257
4740: 0.997258
4741: 0.997259
4742: 0.997259
4743: 0.99726
4744: 0.99726
4745: 0.997261
4746: 0.997261
4747: 0.997262
4748: 0.997263
4749: 0.997263
4750: 0.997264
4751: 0.997264
4752: 0.997265
4753: 0.997265
4754: 0.997266
4755: 0.997267
4756: 0.997267
4757: 0.997268
4758: 0.997268
4759: 0.997269
4760: 0.997269
4761: 0.99727
4762: 0.997271
4763: 0.997271
4764: 0.997272
4765: 0.997272
4766: 0.997273
4767: 0.997273
4768: 0.997274
4769: 0.997275
4770: 0.997275
4771: 0.997276
4772: 0.997276
4773: 0.997277
4774: 0.997277
4775: 0.997278
4776: 0.997279
4777: 0.997279
4778: 0.99728
4779: 0.99728
4780: 0.997281
4781: 0.997281
4782: 0.997282
4783: 0.997283
4784: 0.997283
4785: 0.997284
4786: 0.997284
4787: 0.997285
4788: 0.997285
4789: 0.997286
4790: 0.997287
4791: 0.997287
4792: 0.997288
4793: 0.997288
4794: 0.997289
4795: 0.997289
4796: 0.99729
4797: 0.997291
4798: 0.997291
4799: 0.997292
4800: 0.997292
4801: 0.997293
4802: 0.997293
4803: 0.997294
4804: 0.997294
4805: 0.997295
4806: 0.997296
4807: 0.997296
4808: 0.997297
4809: 0.997297
4810: 0.997298
4811: 0.997298
4812: 0.997299
4813: 0.9973
4814: 0.9973
4815: 0.997301
4816: 0.997301
4817: 0.997302
4818: 0.997302
4819: 0.997303
4820: 0.997303
4821: 0.997304
4822: 0.997305
4823: 0.997305
4824: 0.997306
4825: 0.997306
4826: 0.997307
4827: 0.997307
4828: 0.997308
4829: 0.997308
4830: 0.997309
4831: 0.99731
4832: 0.99731
4833: 0.997311
4834: 0.997311
4835: 0.997312
4836: 0.997312
4837: 0.997313
4838: 0.997313
4839: 0.997314
4840: 0.997315
4841: 0.997315
4842: 0.997316
4843: 0.997316
4844: 0.997317
4845: 0.997317
4846: 0.997318
4847: 0.997318
4848: 0.997319
4849: 0.99732
4850: 0.99732
4851: 0.997321
4852: 0.997321
4853: 0.997322
4854: 0.997322
4855: 0.997323
4856: 0.997323
4857: 0.997324
4858: 0.997325
4859: 0.997325
4860: 0.997326
4861: 0.997326
4862: 0.997327
4863: 0.997327
4864: 0.997328
4865: 0.997328
4866: 0.997329
4867: 0.997329
4868: 0.99733
4869: 0.997331
4870: 0.997331
4871: 0.997332
4872: 0.997332
4873: 0.997333
4874: 0.997333
4875: 0.997334
4876: 0.997334
4877: 0.997335
4878: 0.997336
4879: 0.997336
4880: 0.997337
4881: 0.997337
4882: 0.997338
4883: 0.997338
4884: 0.997339
4885: 0.997339
4886: 0.99734
4887: 0.99734
4888: 0.997341
4889: 0.997342
4890: 0.997342
4891: 0.997343
4892: 0.997343
4893: 0.997344
4894: 0.997344
4895: 0.997345
4896: 0.997345
4897: 0.997346
4898: 0.997346
4899: 0.997347
4900: 0.997347
4901: 0.997348
4902: 0.997349
4903: 0.997349
4904: 0.99735
4905: 0.99735
4906: 0.997351
4907: 0.997351
4908: 0.997352
4909: 0.997352
4910: 0.997353
4911: 0.997353
4912: 0.997354
4913: 0.997354
4914: 0.997355
4915: 0.997356
4916: 0.997356
4917: 0.997357
4918: 0.997357
4919: 0.997358
4920: 0.997358
4921: 0.997359
4922: 0.997359
4923: 0.99736
4924: 0.99736
4925: 0.997361
4926: 0.997361
4927: 0.997362
4928: 0.997363
4929: 0.997363
4930: 0.997364
4931: 0.997364
4932: 0.997365
4933: 0.997365
4934: 0.997366
4935: 0.997366
4936: 0.997367
4937: 0.997367
4938: 0.997368
4939: 0.997368
4940: 0.997369
4941: 0.997369
4942: 0.99737
4943: 0.997371
4944: 0.997371
4945: 0.997372
4946: 0.997372
4947: 0.997373
4948: 0.997373
4949: 0.997374
4950: 0.997374
4951: 0.997375
4952: 0.997375
4953: 0.997376
4954: 0.997376
4955: 0.997377
4956: 0.997377
4957: 0.997378
4958: 0.997379
4959: 0.997379
4960: 0.99738
4961: 0.99738
4962: 0.997381
4963: 0.997381
4964: 0.997382
4965: 0.997382
4966: 0.997383
4967: 0.997383
4968: 0.997384
4969: 0.997384
4970: 0.997385
4971: 0.997385
4972: 0.997386
4973: 0.997386
4974: 0.997387
4975: 0.997387
4976: 0.997388
4977: 0.997389
4978: 0.997389
4979: 0.99739
4980: 0.99739
4981: 0.997391
4982: 0.997391
4983: 0.997392
4984: 0.997392
4985: 0.997393
4986: 0.997393
4987: 0.997394
4988: 0.997394
4989: 0.997395
4990: 0.997395
4991: 0.997396
4992: 0.997396
4993: 0.997397
4994: 0.997397
4995: 0.997398
4996: 0.997398
4997: 0.997399
4998: 0.997399
4999: 0.9974
5000: 0.997401
5001: 0.997401
5002: 0.997402
5003: 0.997402
5004: 0.997403
5005: 0.997403
5006: 0.997404
5007: 0.997404
5008: 0.997405
5009: 0.997405
5010: 0.997406
5011: 0.997406
5012: 0.997407
5013: 0.997407
5014: 0.997408
5015: 0.997408
5016: 0.997409
5017: 0.997409
5018: 0.99741
5019: 0.99741
5020: 0.997411
5021: 0.997411
5022: 0.997412
5023: 0.997412
5024: 0.997413
5025: 0.997413
5026: 0.997414
5027: 0.997414
5028: 0.997415
5029: 0.997416
5030: 0.997416
5031: 0.997417
5032: 0.997417
5033: 0.997418
5034: 0.997418
5035: 0.997419
5036: 0.997419
5037: 0.99742
5038: 0.99742
5039: 0.997421
5040: 0.997421
5041: 0.997422
5042: 0.997422
5043: 0.997423
5044: 0.997423
5045: 0.997424
5046: 0.997424
5047: 0.997425
5048: 0.997425
5049: 0.997426
5050: 0.997426
5051: 0.997427
5052: 0.997427
5053: 0.997428
5054: 0.997428
5055: 0.997429
5056: 0.997429
5057: 0.99743
5058: 0.99743
5059: 0.997431
5060: 0.997431
5061: 0.997432
5062: 0.997432
5063: 0.997433
5064: 0.997433
5065: 0.997434
5066: 0.997434
5067: 0.997435
5068: 0.997435
5069: 0.997436
5070: 0.997436
5071: 0.997437
5072: 0.997437
5073: 0.997438
5074: 0.997438
5075: 0.997439
5076: 0.997439
5077: 0.99744
5078: 0.99744
5079: 0.997441
5080: 0.997441
5081: 0.997442
5082: 0.997442
5083: 0.997443
5084: 0.997443
5085: 0.997444
5086: 0.997444
5087: 0.997445
5088: 0.997445
5089: 0.997446
5090: 0.997446
5091: 0.997447
5092: 0.997447
5093: 0.997448
5094: 0.997448
5095: 0.997449
5096: 0.997449
5097: 0.99745
5098: 0.99745
5099: 0.997451
5100: 0.997451
5101: 0.997452
5102: 0.997452
5103: 0.997453
5104: 0.997453
5105: 0.997454
5106: 0.997454
5107: 0.997455
5108: 0.997455
5109: 0.997456
5110: 0.997456
5111: 0.997457
5112: 0.997457
5113: 0.997458
5114: 0.997458
5115: 0.997459
5116: 0.997459
5117: 0.99746
5118: 0.99746
5119: 0.997461
5120: 0.997461
5121: 0.997462
5122: 0.997462
5123: 0.997463
5124: 0.997463
5125: 0.997464
5126: 0.997464
5127: 0.997465
5128: 0.997465
5129: 0.997466
5130: 0.997466
5131: 0.997467
5132: 0.997467
5133: 0.997468
5134: 0.997468
5135: 0.997469
5136: 0.997469
5137: 0.99747
5138: 0.99747
5139: 0.997471
5140: 0.997471
5141: 0.997472
5142: 0.997472
5143: 0.997473
5144: 0.997473
5145: 0.997474
5146: 0.997474
5147: 0.997475
5148: 0.997475
5149: 0.997476
5150: 0.997476
5151: 0.997477
5152: 0.997477
5153: 0.997478
5154: 0.997478
5155: 0.997479
5156: 0.997479
5157: 0.99748
5158: 0.99748
5159: 0.997481
5160: 0.997481
5161: 0.997482
5162: 0.997482
5163: 0.997483
5164: 0.997483
5165: 0.997484
5166: 0.997484
5167: 0.997485
5168: 0.997485
5169: 0.997485
5170: 0.997486
5171: 0.997486
5172: 0.997487
5173: 0.997487
5174: 0.997488
5175: 0.997488
5176: 0.997489
5177: 0.997489
5178: 0.99749
5179: 0.99749
5180: 0.997491
5181: 0.997491
5182: 0.997492
5183: 0.997492
5184: 0.997493
5185: 0.997493
5186: 0.997494
5187: 0.997494
5188: 0.997495
5189: 0.997495
5190: 0.997496
5191: 0.997496
5192: 0.997497
5193: 0.997497
5194: 0.997498
5195: 0.997498
5196: 0.997499
5197: 0.997499
5198: 0.9975
5199: 0.9975
5200: 0.9975
5201: 0.997501
5202: 0.997501
5203: 0.997502
5204: 0.997502
5205: 0.997503
5206: 0.997503
5207: 0.997504
5208: 0.997504
5209: 0.997505
5210: 0.997505
5211: 0.997506
5212: 0.997506
5213: 0.997507
5214: 0.997507
5215: 0.997508
5216: 0.997508
5217: 0.997509
5218: 0.997509
5219: 0.99751
5220: 0.99751
5221: 0.997511
5222: 0.997511
5223: 0.997511
5224: 0.997512
5225: 0.997512
5226: 0.997513
5227: 0.997513
5228: 0.997514
5229: 0.997514
5230: 0.997515
5231: 0.997515
5232: 0.997516
5233: 0.997516
5234: 0.997517
5235: 0.997517
5236: 0.997518
5237: 0.997518
5238: 0.997519
5239: 0.997519
5240: 0.99752
5241: 0.99752
5242: 0.997521
5243: 0.997521
5244: 0.997521
5245: 0.997522
5246: 0.997522
5247: 0.997523
5248: 0.997523
5249: 0.997524
5250: 0.997524
5251: 0.997525
5252: 0.997525
5253: 0.997526
5254: 0.997526
5255: 0.997527
5256: 0.997527
5257: 0.997528
5258: 0.997528
5259: 0.997529
5260: 0.997529
5261: 0.997529
5262: 0.99753
5263: 0.99753
5264: 0.997531
5265: 0.997531
5266: 0.997532
5267: 0.997532
5268: 0.997533
5269: 0.997533
5270: 0.997534
5271: 0.997534
5272: 0.997535
5273: 0.997535
5274: 0.997536
5275: 0.997536
5276: 0.997536
5277: 0.997537
5278: 0.997537
5279: 0.997538
5280: 0.997538
5281: 0.997539
5282: 0.997539
5283: 0.99754
5284: 0.99754
5285: 0.997541
5286: 0.997541
5287: 0.997542
5288: 0.997542
5289: 0.997543
5290: 0.997543
5291: 0.997543
5292: 0.997544
5293: 0.997544
5294: 0.997545
5295: 0.997545
5296: 0.997546
5297: 0.997546
5298: 0.997547
5299: 0.997547
5300: 0.997548
5301: 0.997548
5302: 0.997549
5303: 0.997549
5304: 0.997549
5305: 0.99755
5306: 0.99755
5307: 0.997551
5308: 0.997551
5309: 0.997552
5310: 0.997552
5311: 0.997553
5312: 0.997553
5313: 0.997554
5314: 0.997554
5315: 0.997555
5316: 0.997555
5317: 0.997555
5318: 0.997556
5319: 0.997556
5320: 0.997557
5321: 0.997557
5322: 0.997558
5323: 0.997558
5324: 0.997559
5325: 0.997559
5326: 0.99756
5327: 0.99756
5328: 0.997561
5329: 0.997561
5330: 0.997561
5331: 0.997562
5332: 0.997562
5333: 0.997563
5334: 0.997563
5335: 0.997564
5336: 0.997564
5337: 0.997565
5338: 0.997565
5339: 0.997566
5340: 0.997566
5341: 0.997566
5342: 0.997567
5343: 0.997567
5344: 0.997568
5345: 0.997568
5346: 0.997569
5347: 0.997569
5348: 0.99757
5349: 0.99757
5350: 0.997571
5351: 0.997571
5352: 0.997571
5353: 0.997572
5354: 0.997572
5355: 0.997573
5356: 0.997573
5357: 0.997574
5358: 0.997574
5359: 0.997575
5360: 0.997575
5361: 0.997576
5362: 0.997576
5363: 0.997576
5364: 0.997577
5365: 0.997577
5366: 0.997578
5367: 0.997578
5368: 0.997579
5369: 0.997579
5370: 0.99758
5371: 0.99758
5372: 0.99758
5373: 0.997581
5374: 0.997581
5375: 0.997582
5376: 0.997582
5377: 0.997583
5378: 0.997583
5379: 0.997584
5380: 0.997584
5381: 0.997585
5382: 0.997585
5383: 0.997585
5384: 0.997586
5385: 0.997586
5386: 0.997587
5387: 0.997587
5388: 0.997588
5389: 0.997588
5390: 0.997589
5391: 0.997589
5392: 0.997589
5393: 0.99759
5394: 0.99759
5395: 0.997591
5396: 0.997591
5397: 0.997592
5398: 0.997592
5399: 0.997593
5400: 0.997593
5401: 0.997593
5402: 0.997594
5403: 0.997594
5404: 0.997595
5405: 0.997595
5406: 0.997596
5407: 0.997596
5408: 0.997597
5409: 0.997597
5410: 0.997597
5411: 0.997598
5412: 0.997598
5413: 0.997599
5414: 0.997599
5415: 0.9976
5416: 0.9976
5417: 0.997601
5418: 0.997601
5419: 0.997601
5420: 0.997602
5421: 0.997602
5422: 0.997603
5423: 0.997603
5424: 0.997604
5425: 0.997604
5426: 0.997605
5427: 0.997605
5428: 0.997605
5429: 0.997606
5430: 0.997606
5431: 0.997607
5432: 0.997607
5433: 0.997608
5434: 0.997608
5435: 0.997609
5436: 0.997609
5437: 0.997609
5438: 0.99761
5439: 0.99761
5440: 0.997611
5441: 0.997611
5442: 0.997612
5443: 0.997612
5444: 0.997612
5445: 0.997613
5446: 0.997613
5447: 0.997614
5448: 0.997614
5449: 0.997615
5450: 0.997615
5451: 0.997616
5452: 0.997616
5453: 0.997616
5454: 0.997617
5455: 0.997617
5456: 0.997618
5457: 0.997618
5458: 0.997619
5459: 0.997619
5460: 0.997619
5461: 0.99762
5462: 0.99762
5463: 0.997621
5464: 0.997621
5465: 0.997622
5466: 0.997622
5467: 0.997623
5468: 0.997623
5469: 0.997623
5470: 0.997624
5471: 0.997624
5472: 0.997625
5473: 0.997625
5474: 0.997626
5475: 0.997626
5476: 0.997626
5477: 0.997627
5478: 0.997627
5479: 0.997628
5480: 0.997628
5481: 0.997629
5482: 0.997629
5483: 0.997629
5484: 0.99763
5485: 0.99763
5486: 0.997631
5487: 0.997631
5488: 0.997632
5489: 0.997632
5490: 0.997632
5491: 0.997633
5492: 0.997633
5493: 0.997634
5494: 0.997634
5495: 0.997635
5496: 0.997635
5497: 0.997636
5498: 0.997636
5499: 0.997636
5500: 0.997637
5501: 0.997637
5502: 0.997638
5503: 0.997638
5504: 0.997639
5505: 0.997639
5506: 0.997639
5507: 0.99764
5508: 0.99764
5509: 0.997641
5510: 0.997641
5511: 0.997642
5512: 0.997642
5513: 0.997642
5514: 0.997643
5515: 0.997643
5516: 0.997644
5517: 0.997644
5518: 0.997645
5519: 0.997645
5520: 0.997645
5521: 0.997646
5522: 0.997646
5523: 0.997647
5524: 0.997647
5525: 0.997647
5526: 0.997648
5527: 0.997648
5528: 0.997649
5529: 0.997649
5530: 0.99765
5531: 0.99765
5532: 0.99765
5533: 0.997651
5534: 0.997651
5535: 0.997652
5536: 0.997652
5537: 0.997653
5538: 0.997653
5539: 0.997653
5540: 0.997654
5541: 0.997654
5542: 0.997655
5543: 0.997655
5544: 0.997656
5545: 0.997656
5546: 0.997656
5547: 0.997657
5548: 0.997657
5549: 0.997658
5550: 0.997658
5551: 0.997659
5552: 0.997659
5553: 0.997659
5554: 0.99766
5555: 0.99766
5556: 0.997661
5557: 0.997661
5558: 0.997661
5559: 0.997662
5560: 0.997662
5561: 0.997663
5562: 0.997663
5563: 0.997664
5564: 0.997664
5565: 0.997664
5566: 0.997665
5567: 0.997665
5568: 0.997666
5569: 0.997666
5570: 0.997666
5571: 0.997667
5572: 0.997667
5573: 0.997668
5574: 0.997668
5575: 0.997669
5576: 0.997669
5577: 0.997669
5578: 0.99767
5579: 0.99767
5580: 0.997671
5581: 0.997671
5582: 0.997672
5583: 0.997672
5584: 0.997672
5585: 0.997673
5586: 0.997673
5587: 0.997674
5588: 0.997674
5589: 0.997674
5590: 0.997675
5591: 0.997675
5592: 0.997676
5593: 0.997676
5594: 0.997676
5595: 0.997677
5596: 0.997677
5597: 0.997678
5598: 0.997678
5599: 0.997679
5600: 0.997679
5601: 0.997679
5602: 0.99768
5603: 0.99768
5604: 0.997681
5605: 0.997681
5606: 0.997681
5607: 0.997682
5608: 0.997682
5609: 0.997683
5610: 0.997683
5611: 0.997684
5612: 0.997684
5613: 0.997684
5614: 0.997685
5615: 0.997685
5616: 0.997686
5617: 0.997686
5618: 0.997686
5619: 0.997687
5620: 0.997687
5621: 0.997688
5622: 0.997688
5623: 0.997688
5624: 0.997689
5625: 0.997689
5626: 0.99769
5627: 0.99769
5628: 0.997691
5629: 0.997691
5630: 0.997691
5631: 0.997692
5632: 0.997692
5633: 0.997693
5634: 0.997693
5635: 0.997693
5636: 0.997694
5637: 0.997694
5638: 0.997695
5639: 0.997695
5640: 0.997695
5641: 0.997696
5642: 0.997696
5643: 0.997697
5644: 0.997697
5645: 0.997697
5646: 0.997698
5647: 0.997698
5648: 0.997699
5649: 0.997699
5650: 0.9977
5651: 0.9977
5652: 0.9977
5653: 0.997701
5654: 0.997701
5655: 0.997702
5656: 0.997702
5657: 0.997702
5658: 0.997703
5659: 0.997703
5660: 0.997704
5661: 0.997704
5662: 0.997704
5663: 0.997705
5664: 0.997705
5665: 0.997706
5666: 0.997706
5667: 0.997706
5668: 0.997707
5669: 0.997707
5670: 0.997708
5671: 0.997708
5672: 0.997708
5673: 0.997709
5674: 0.997709
5675: 0.99771
5676: 0.99771
5677: 0.99771
5678: 0.997711
5679: 0.997711
5680: 0.997712
5681: 0.997712
5682: 0.997712
5683: 0.997713
5684: 0.997713
5685: 0.997714
5686: 0.997714
5687: 0.997714
5688: 0.997715
5689: 0.997715
5690: 0.997716
5691: 0.997716
5692: 0.997716
5693: 0.997717
5694: 0.997717
5695: 0.997718
5696: 0.997718
5697: 0.997718
5698: 0.997719
5699: 0.997719
5700: 0.99772
5701: 0.99772
5702: 0.99772
5703: 0.997721
5704: 0.997721
5705: 0.997722
5706: 0.997722
5707: 0.997722
5708: 0.997723
5709: 0.997723
5710: 0.997724
5711: 0.997724
5712: 0.997724
5713: 0.997725
5714: 0.997725
5715: 0.997726
5716: 0.997726
5717: 0.997726
5718: 0.997727
5719: 0.997727
5720: 0.997728
5721: 0.997728
5722: 0.997728
5723: 0.997729
5724: 0.997729
5725: 0.99773
5726: 0.99773
5727: 0.99773
5728: 0.997731
5729: 0.997731
5730: 0.997732
5731: 0.997732
5732: 0.997732
5733: 0.997733
5734: 0.997733
5735: 0.997734
5736: 0.997734
5737: 0.997734
5738: 0.997735
5739: 0.997735
5740: 0.997736
5741: 0.997736
5742: 0.997736
5743: 0.997737
5744: 0.997737
5745: 0.997738
5746: 0.997738
5747: 0.997738
5748: 0.997739
5749: 0.997739
5750: 0.99774
5751: 0.99774
5752: 0.99774
5753: 0.997741
5754: 0.997741
5755: 0.997741
5756: 0.997742
5757: 0.997742
5758: 0.997743
5759: 0.997743
5760: 0.997743
5761: 0.997744
5762: 0.997744
5763: 0.997745
5764: 0.997745
5765: 0.997745
5766: 0.997746
5767: 0.997746
5768: 0.997747
5769: 0.997747
5770: 0.997747
5771: 0.997748
5772: 0.997748
5773: 0.997749
5774: 0.997749
5775: 0.997749
5776: 0.99775
5777: 0.99775
5778: 0.99775
5779: 0.997751
5780: 0.997751
5781: 0.997752
5782: 0.997752
5783: 0.997752
5784: 0.997753
5785: 0.997753
5786: 0.997754
5787: 0.997754
5788: 0.997754
5789: 0.997755
5790: 0.997755
5791: 0.997756
5792: 0.997756
5793: 0.997756
5794: 0.997757
5795: 0.997757
5796: 0.997757
5797: 0.997758
5798: 0.997758
5799: 0.997759
5800: 0.997759
5801: 0.997759
5802: 0.99776
5803: 0.99776
5804: 0.997761
5805: 0.997761
5806: 0.997761
5807: 0.997762
5808: 0.997762
5809: 0.997762
5810: 0.997763
5811: 0.997763
5812: 0.997764
5813: 0.997764
5814: 0.997764
5815: 0.997765
5816: 0.997765
5817: 0.997766
5818: 0.997766
5819: 0.997766
5820: 0.997767
5821: 0.997767
5822: 0.997767
5823: 0.997768
5824: 0.997768
5825: 0.997769
5826: 0.997769
5827: 0.997769
5828: 0.99777
5829: 0.99777
5830: 0.997771
5831: 0.997771
5832: 0.997771
5833: 0.997772
5834: 0.997772
5835: 0.997772
5836: 0.997773
5837: 0.997773
5838: 0.997774
5839: 0.997774
5840: 0.997774
5841: 0.997775
5842: 0.997775
5843: 0.997775
5844: 0.997776
5845: 0.997776
5846: 0.997777
5847: 0.997777
5848: 0.997777
5849: 0.997778
5850: 0.997778
5851: 0.997779
5852: 0.997779
5853: 0.997779
5854: 0.99778
5855: 0.99778
5856: 0.99778
5857: 0.997781
5858: 0.997781
5859: 0.997782
5860: 0.997782
5861: 0.997782
5862: 0.997783
5863: 0.997783
5864: 0.997783
5865: 0.997784
5866: 0.997784
5867: 0.997785
5868: 0.997785
5869: 0.997785
5870: 0.997786
5871: 0.997786
5872: 0.997786
5873: 0.997787
5874: 0.997787
5875: 0.997788
5876: 0.997788
5877: 0.997788
5878: 0.997789
5879: 0.997789
5880: 0.997789
5881: 0.99779
5882: 0.99779
5883: 0.997791
5884: 0.997791
5885: 0.997791
5886: 0.997792
5887: 0.997792
5888: 0.997792
5889: 0.997793
5890: 0.997793
5891: 0.997794
5892: 0.997794
5893: 0.997794
5894: 0.997795
5895: 0.997795
5896: 0.997795
5897: 0.997796
5898: 0.997796
5899: 0.997797
5900: 0.997797
5901: 0.997797
5902: 0.997798
5903: 0.997798
5904: 0.997798
5905: 0.997799
5906: 0.997799
5907: 0.9978
5908: 0.9978
5909: 0.9978
5910: 0.997801
5911: 0.997801
5912: 0.997801
5913: 0.997802
5914: 0.997802
5915: 0.997803
5916: 0.997803
5917: 0.997803
5918: 0.997804
5919: 0.997804
5920: 0.997804
5921: 0.997805
5922: 0.997805
5923: 0.997806
5924: 0.997806
5925: 0.997806
5926: 0.997807
5927: 0.997807
5928: 0.997807
5929: 0.997808
5930: 0.997808
5931: 0.997808
5932: 0.997809
5933: 0.997809
5934: 0.99781
5935: 0.99781
5936: 0.99781
5937: 0.997811
5938: 0.997811
5939: 0.997811
5940: 0.997812
5941: 0.997812
5942: 0.997813
5943: 0.997813
5944: 0.997813
5945: 0.997814
5946: 0.997814
5947: 0.997814
5948: 0.997815
5949: 0.997815
5950: 0.997815
5951: 0.997816
5952: 0.997816
5953: 0.997817
5954: 0.997817
5955: 0.997817
5956: 0.997818
5957: 0.997818
5958: 0.997818
5959: 0.997819
5960: 0.997819
5961: 0.99782
5962: 0.99782
5963: 0.99782
5964: 0.997821
5965: 0.997821
5966: 0.997821
5967: 0.997822
5968: 0.997822
5969: 0.997822
5970: 0.997823
5971: 0.997823
5972: 0.997824
5973: 0.997824
5974: 0.997824
5975: 0.997825
5976: 0.997825
5977: 0.997825
5978: 0.997826
5979: 0.997826
5980: 0.997826
5981: 0.997827
5982: 0.997827
5983: 0.997828
5984: 0.997828
5985: 0.997828
5986: 0.997829
5987: 0.997829
5988: 0.997829
5989: 0.99783
5990: 0.99783
5991: 0.99783
5992: 0.997831
5993: 0.997831
5994: 0.997832
5995: 0.997832
5996: 0.997832
5997: 0.997833
5998: 0.997833
5999: 0.997833
6000: 0.997834
6001: 0.997834
6002: 0.997834
6003: 0.997835
6004: 0.997835
6005: 0.997835
6006: 0.997836
6007: 0.997836
6008: 0.997837
6009: 0.997837
6010: 0.997837
6011: 0.997838
6012: 0.997838
6013: 0.997838
6014: 0.997839
6015: 0.997839
6016: 0.997839
6017: 0.99784
6018: 0.99784
6019: 0.997841
6020: 0.997841
6021: 0.997841
6022: 0.997842
6023: 0.997842
6024: 0.997842
6025: 0.997843
6026: 0.997843
6027: 0.997843
6028: 0.997844
6029: 0.997844
6030: 0.997844
6031: 0.997845
6032: 0.997845
6033: 0.997846
6034: 0.997846
6035: 0.997846
6036: 0.997847
6037: 0.997847
6038: 0.997847
6039: 0.997848
6040: 0.997848
6041: 0.997848
6042: 0.997849
6043: 0.997849
6044: 0.997849
6045: 0.99785
6046: 0.99785
6047: 0.997851
6048: 0.997851
6049: 0.997851
6050: 0.997852
6051: 0.997852
6052: 0.997852
6053: 0.997853
6054: 0.997853
6055: 0.997853
6056: 0.997854
6057: 0.997854
6058: 0.997854
6059: 0.997855
6060: 0.997855
6061: 0.997855
6062: 0.997856
6063: 0.997856
6064: 0.997857
6065: 0.997857
6066: 0.997857
6067: 0.997858
6068: 0.997858
6069: 0.997858
6070: 0.997859
6071: 0.997859
6072: 0.997859
6073: 0.99786
6074: 0.99786
6075: 0.99786
6076: 0.997861
6077: 0.997861
6078: 0.997861
6079: 0.997862
6080: 0.997862
6081: 0.997863
6082: 0.997863
6083: 0.997863
6084: 0.997864
6085: 0.997864
6086: 0.997864
6087: 0.997865
6088: 0.997865
6089: 0.997865
6090: 0.997866
6091: 0.997866
6092: 0.997866
6093: 0.997867
6094: 0.997867
6095: 0.997867
6096: 0.997868
6097: 0.997868
6098: 0.997869
6099: 0.997869
6100: 0.997869
6101: 0.99787
6102: 0.99787
6103: 0.99787
6104: 0.997871
6105: 0.997871
6106: 0.997871
6107: 0.997872
6108: 0.997872
6109: 0.997872
6110: 0.997873
6111: 0.997873
6112: 0.997873
6113: 0.997874
6114: 0.997874
6115: 0.997874
6116: 0.997875
6117: 0.997875
6118: 0.997875
6119: 0.997876
6120: 0.997876
6121: 0.997877
6122: 0.997877
6123: 0.997877
6124: 0.997878
6125: 0.997878
6126: 0.997878
6127: 0.997879
6128: 0.997879
6129: 0.997879
6130: 0.99788
6131: 0.99788
6132: 0.99788
6133: 0.997881
6134: 0.997881
6135: 0.997881
6136: 0.997882
6137: 0.997882
6138: 0.997882
6139: 0.997883
6140: 0.997883
6141: 0.997883
6142: 0.997884
6143: 0.997884
6144: 0.997884
6145: 0.997885
6146: 0.997885
6147: 0.997885
6148: 0.997886
6149: 0.997886
6150: 0.997887
6151: 0.997887
6152: 0.997887
6153: 0.997888
6154: 0.997888
6155: 0.997888
6156: 0.997889
6157: 0.997889
6158: 0.997889
6159: 0.99789
6160: 0.99789
6161: 0.99789
6162: 0.997891
6163: 0.997891
6164: 0.997891
6165: 0.997892
6166: 0.997892
6167: 0.997892
6168: 0.997893
6169: 0.997893
6170: 0.997893
6171: 0.997894
6172: 0.997894
6173: 0.997894
6174: 0.997895
6175: 0.997895
6176: 0.997895
6177: 0.997896
6178: 0.997896
6179: 0.997896
6180: 0.997897
6181: 0.997897
6182: 0.997897
6183: 0.997898
6184: 0.997898
6185: 0.997898
6186: 0.997899
6187: 0.997899
6188: 0.997899
6189: 0.9979
6190: 0.9979
6191: 0.997901
6192: 0.997901
6193: 0.997901
6194: 0.997902
6195: 0.997902
6196: 0.997902
6197: 0.997903
6198: 0.997903
6199: 0.997903
6200: 0.997904
6201: 0.997904
6202: 0.997904
6203: 0.997905
6204: 0.997905
6205: 0.997905
6206: 0.997906
6207: 0.997906
6208: 0.997906
6209: 0.997907
6210: 0.997907
6211: 0.997907
6212: 0.997908
6213: 0.997908
6214: 0.997908
6215: 0.997909
6216: 0.997909
6217: 0.997909
6218: 0.99791
6219: 0.99791
6220: 0.99791
6221: 0.997911
6222: 0.997911
6223: 0.997911
6224: 0.997912
6225: 0.997912
6226: 0.997912
6227: 0.997913
6228: 0.997913
6229: 0.997913
6230: 0.997914
6231: 0.997914
6232: 0.997914
6233: 0.997915
6234: 0.997915
6235: 0.997915
6236: 0.997916
6237: 0.997916
6238: 0.997916
6239: 0.997917
6240: 0.997917
6241: 0.997917
6242: 0.997918
6243: 0.997918
6244: 0.997918
6245: 0.997919
6246: 0.997919
6247: 0.997919
6248: 0.99792
6249: 0.99792
6250: 0.99792
6251: 0.997921
6252: 0.997921
6253: 0.997921
6254: 0.997922
6255: 0.997922
6256: 0.997922
6257: 0.997923
6258: 0.997923
6259: 0.997923
6260: 0.997924
6261: 0.997924
6262: 0.997924
6263: 0.997925
6264: 0.997925
6265: 0.997925
6266: 0.997926
6267: 0.997926
6268: 0.997926
6269: 0.997927
6270: 0.997927
6271: 0.997927
6272: 0.997928
6273: 0.997928
6274: 0.997928
6275: 0.997929
6276: 0.997929
6277: 0.997929
6278: 0.99793
6279: 0.99793
6280: 0.99793
6281: 0.997931
6282: 0.997931
6283: 0.997931
6284: 0.997932
6285: 0.997932
6286: 0.997932
6287: 0.997933
6288: 0.997933
6289: 0.997933
6290: 0.997934
6291: 0.997934
6292: 0.997934
6293: 0.997935
6294: 0.997935
6295: 0.997935
6296: 0.997936
6297: 0.997936
6298: 0.997936
6299: 0.997937
6300: 0.997937
6301: 0.997937
6302: 0.997937
6303: 0.997938
6304: 0.997938
6305: 0.997938
6306: 0.997939
6307: 0.997939
6308: 0.997939
6309: 0.99794
6310: 0.99794
6311: 0.99794
6312: 0.997941
6313: 0.997941
6314: 0.997941
6315: 0.997942
6316: 0.997942
6317: 0.997942
6318: 0.997943
6319: 0.997943
6320: 0.997943
6321: 0.997944
6322: 0.997944
6323: 0.997944
6324: 0.997945
6325: 0.997945
6326: 0.997945
6327: 0.997946
6328: 0.997946
6329: 0.997946
6330: 0.997947
6331: 0.997947
6332: 0.997947
6333: 0.997948
6334: 0.997948
6335: 0.997948
6336: 0.997949
6337: 0.997949
6338: 0.997949
6339: 0.99795
6340: 0.99795
6341: 0.99795
6342: 0.99795
6343: 0.997951
6344: 0.997951
6345: 0.997951
6346: 0.997952
6347: 0.997952
6348: 0.997952
6349: 0.997953
6350: 0.997953
6351: 0.997953
6352: 0.997954
6353: 0.997954
6354: 0.997954
6355: 0.997955
6356: 0.997955
6357: 0.997955
6358: 0.997956
6359: 0.997956
6360: 0.997956
6361: 0.997957
6362: 0.997957
6363: 0.997957
6364: 0.997958
6365: 0.997958
6366: 0.997958
6367: 0.997959
6368: 0.997959
6369: 0.997959
6370: 0.99796
6371: 0.99796
6372: 0.99796
6373: 0.99796
6374: 0.997961
6375: 0.997961
6376: 0.997961
6377: 0.997962
6378: 0.997962
6379: 0.997962
6380: 0.997963
6381: 0.997963
6382: 0.997963
6383: 0.997964
6384: 0.997964
6385: 0.997964
6386: 0.997965
6387: 0.997965
6388: 0.997965
6389: 0.997966
6390: 0.997966
6391: 0.997966
6392: 0.997967
6393: 0.997967
6394: 0.997967
6395: 0.997967
6396: 0.997968
6397: 0.997968
6398: 0.997968
6399: 0.997969
6400: 0.997969
6401: 0.997969
6402: 0.99797
6403: 0.99797
6404: 0.99797
6405: 0.997971
6406: 0.997971
6407: 0.997971
6408: 0.997972
6409: 0.997972
6410: 0.997972
6411: 0.997973
6412: 0.997973
6413: 0.997973
6414: 0.997973
6415: 0.997974
6416: 0.997974
6417: 0.997974
6418: 0.997975
6419: 0.997975
6420: 0.997975
6421: 0.997976
6422: 0.997976
6423: 0.997976
6424: 0.997977
6425: 0.997977
6426: 0.997977
6427: 0.997978
6428: 0.997978
6429: 0.997978
6430: 0.997979
6431: 0.997979
6432: 0.997979
6433: 0.997979
6434: 0.99798
6435: 0.99798
6436: 0.99798
6437: 0.997981
6438: 0.997981
6439: 0.997981
6440: 0.997982
6441: 0.997982
6442: 0.997982
6443: 0.997983
6444: 0.997983
6445: 0.997983
6446: 0.997984
6447: 0.997984
6448: 0.997984
6449: 0.997984
6450: 0.997985
6451: 0.997985
6452: 0.997985
6453: 0.997986
6454: 0.997986
6455: 0.997986
6456: 0.997987
6457: 0.997987
6458: 0.997987
6459: 0.997988
6460: 0.997988
6461: 0.997988
6462: 0.997989
6463: 0.997989
6464: 0.997989
6465: 0.997989
6466: 0.99799
6467: 0.99799
6468: 0.99799
6469: 0.997991
6470: 0.997991
6471: 0.997991
6472: 0.997992
6473: 0.997992
6474: 0.997992
6475: 0.997993
6476: 0.997993
6477: 0.997993
6478: 0.997994
6479: 0.997994
6480: 0.997994
6481: 0.997994
6482: 0.997995
6483: 0.997995
6484: 0.997995
6485: 0.997996
6486: 0.997996
6487: 0.997996
6488: 0.997997
6489: 0.997997
6490: 0.997997
6491: 0.997998
6492: 0.997998
6493: 0.997998
6494: 0.997998
6495: 0.997999
6496: 0.997999
6497: 0.997999
6498: 0.998
6499: 0.998
6500: 0.998
6501: 0.998001
6502: 0.998001
6503: 0.998001
6504: 0.998002
6505: 0.998002
6506: 0.998002
6507: 0.998002
6508: 0.998003
6509: 0.998003
6510: 0.998003
6511: 0.998004
6512: 0.998004
6513: 0.998004
6514: 0.998005
6515: 0.998005
6516: 0.998005
6517: 0.998006
6518: 0.998006
6519: 0.998006
6520: 0.998006
6521: 0.998007
6522: 0.998007
6523: 0.998007
6524: 0.998008
6525: 0.998008
6526: 0.998008
6527: 0.998009
6528: 0.998009
6529: 0.998009
6530: 0.998009
6531: 0.99801
6532: 0.99801
6533: 0.99801
6534: 0.998011
6535: 0.998011
6536: 0.998011
6537: 0.998012
6538: 0.998012
6539: 0.998012
6540: 0.998013
6541: 0.998013
6542: 0.998013
6543: 0.998013
6544: 0.998014
6545: 0.998014
6546: 0.998014
6547: 0.998015
6548: 0.998015
6549: 0.998015
6550: 0.998016
6551: 0.998016
6552: 0.998016
6553: 0.998016
6554: 0.998017
6555: 0.998017
6556: 0.998017
6557: 0.998018
6558: 0.998018
6559: 0.998018
6560: 0.998019
6561: 0.998019
6562: 0.998019
6563: 0.99802
6564: 0.99802
6565: 0.99802
6566: 0.99802
6567: 0.998021
6568: 0.998021
6569: 0.998021
6570: 0.998022
6571: 0.998022
6572: 0.998022
6573: 0.998023
6574: 0.998023
6575: 0.998023
6576: 0.998023
6577: 0.998024
6578: 0.998024
6579: 0.998024
6580: 0.998025
6581: 0.998025
6582: 0.998025
6583: 0.998026
6584: 0.998026
6585: 0.998026
6586: 0.998026
6587: 0.998027
6588: 0.998027
6589: 0.998027
6590: 0.998028
6591: 0.998028
6592: 0.998028
6593: 0.998029
6594: 0.998029
6595: 0.998029
6596: 0.998029
6597: 0.99803
6598: 0.99803
6599: 0.99803
6600: 0.998031
6601: 0.998031
6602: 0.998031
6603: 0.998031
6604: 0.998032
6605: 0.998032
6606: 0.998032
6607: 0.998033
6608: 0.998033
6609: 0.998033
6610: 0.998034
6611: 0.998034
6612: 0.998034
6613: 0.998034
6614: 0.998035
6615: 0.998035
6616: 0.998035
6617: 0.998036
6618: 0.998036
6619: 0.998036
6620: 0.998037
6621: 0.998037
6622: 0.998037
6623: 0.998037
6624: 0.998038
6625: 0.998038
6626: 0.998038
6627: 0.998039
6628: 0.998039
6629: 0.998039
6630: 0.99804
6631: 0.99804
6632: 0.99804
6633: 0.99804
6634: 0.998041
6635: 0.998041
6636: 0.998041
6637: 0.998042
6638: 0.998042
6639: 0.998042
6640: 0.998042
6641: 0.998043
6642: 0.998043
6643: 0.998043
6644: 0.998044
6645: 0.998044
6646: 0.998044
6647: 0.998045
6648: 0.998045
6649: 0.998045
6650: 0.998045
6651: 0.998046
6652: 0.998046
6653: 0.998046
6654: 0.998047
6655: 0.998047
6656: 0.998047
6657: 0.998047
6658: 0.998048
6659: 0.998048
6660: 0.998048
6661: 0.998049
6662: 0.998049
6663: 0.998049
6664: 0.99805
6665: 0.99805
6666: 0.99805
6667: 0.99805
6668: 0.998051
6669: 0.998051
6670: 0.998051
6671: 0.998052
6672: 0.998052
6673: 0.998052
6674: 0.998052
6675: 0.998053
6676: 0.998053
6677: 0.998053
6678: 0.998054
6679: 0.998054
6680: 0.998054
6681: 0.998054
6682: 0.998055
6683: 0.998055
6684: 0.998055
6685: 0.998056
6686: 0.998056
6687: 0.998056
6688: 0.998057
6689: 0.998057
6690: 0.998057
6691: 0.998057
6692: 0.998058
6693: 0.998058
6694: 0.998058
6695: 0.998059
6696: 0.998059
6697: 0.998059
6698: 0.998059
6699: 0.99806
6700: 0.99806
6701: 0.99806
6702: 0.998061
6703: 0.998061
6704: 0.998061
6705: 0.998061
6706: 0.998062
6707: 0.998062
6708: 0.998062
6709: 0.998063
6710: 0.998063
6711: 0.998063
6712: 0.998063
6713: 0.998064
6714: 0.998064
6715: 0.998064
6716: 0.998065
6717: 0.998065
6718: 0.998065
6719: 0.998065
6720: 0.998066
6721: 0.998066
6722: 0.998066
6723: 0.998067
6724: 0.998067
6725: 0.998067
6726: 0.998067
6727: 0.998068
6728: 0.998068
6729: 0.998068
6730: 0.998069
6731: 0.998069
6732: 0.998069
6733: 0.998069
6734: 0.99807
6735: 0.99807
6736: 0.99807
6737: 0.998071
6738: 0.998071
6739: 0.998071
6740: 0.998072
6741: 0.998072
6742: 0.998072
6743: 0.998072
6744: 0.998073
6745: 0.998073
6746: 0.998073
6747: 0.998074
6748: 0.998074
6749: 0.998074
6750: 0.998074
6751: 0.998075
6752: 0.998075
6753: 0.998075
6754: 0.998075
6755: 0.998076
6756: 0.998076
6757: 0.998076
6758: 0.998077
6759: 0.998077
6760: 0.998077
6761: 0.998077
6762: 0.998078
6763: 0.998078
6764: 0.998078
6765: 0.998079
6766: 0.998079
6767: 0.998079
6768: 0.998079
6769: 0.99808
6770: 0.99808
6771: 0.99808
6772: 0.998081
6773: 0.998081
6774: 0.998081
6775: 0.998081
6776: 0.998082
6777: 0.998082
6778: 0.998082
6779: 0.998083
6780: 0.998083
6781: 0.998083
6782: 0.998083
6783: 0.998084
6784: 0.998084
6785: 0.998084
6786: 0.998085
6787: 0.998085
6788: 0.998085
6789: 0.998085
6790: 0.998086
6791: 0.998086
6792: 0.998086
6793: 0.998087
6794: 0.998087
6795: 0.998087
6796: 0.998087
6797: 0.998088
6798: 0.998088
6799: 0.998088
6800: 0.998089
6801: 0.998089
6802: 0.998089
6803: 0.998089
6804: 0.99809
6805: 0.99809
6806: 0.99809
6807: 0.99809
6808: 0.998091
6809: 0.998091
6810: 0.998091
6811: 0.998092
6812: 0.998092
6813: 0.998092
6814: 0.998092
6815: 0.998093
6816: 0.998093
6817: 0.998093
6818: 0.998094
6819: 0.998094
6820: 0.998094
6821: 0.998094
6822: 0.998095
6823: 0.998095
6824: 0.998095
6825: 0.998096
6826: 0.998096
6827: 0.998096
6828: 0.998096
6829: 0.998097
6830: 0.998097
6831: 0.998097
6832: 0.998097
6833: 0.998098
6834: 0.998098
6835: 0.998098
6836: 0.998099
6837: 0.998099
6838: 0.998099
6839: 0.998099
6840: 0.9981
6841: 0.9981
6842: 0.9981
6843: 0.998101
6844: 0.998101
6845: 0.998101
6846: 0.998101
6847: 0.998102
6848: 0.998102
6849: 0.998102
6850: 0.998102
6851: 0.998103
6852: 0.998103
6853: 0.998103
6854: 0.998104
6855: 0.998104
6856: 0.998104
6857: 0.998104
6858: 0.998105
6859: 0.998105
6860: 0.998105
6861: 0.998106
6862: 0.998106
6863: 0.998106
6864: 0.998106
6865: 0.998107
6866: 0.998107
6867: 0.998107
6868: 0.998107
6869: 0.998108
6870: 0.998108
6871: 0.998108
6872: 0.998109
6873: 0.998109
6874: 0.998109
6875: 0.998109
6876: 0.99811
6877: 0.99811
6878: 0.99811
6879: 0.99811
6880: 0.998111
6881: 0.998111
6882: 0.998111
6883: 0.998112
6884: 0.998112
6885: 0.998112
6886: 0.998112
6887: 0.998113
6888: 0.998113
6889: 0.998113
6890: 0.998113
6891: 0.998114
6892: 0.998114
6893: 0.998114
6894: 0.998115
6895: 0.998115
6896: 0.998115
6897: 0.998115
6898: 0.998116
6899: 0.998116
6900: 0.998116
6901: 0.998116
6902: 0.998117
6903: 0.998117
6904: 0.998117
6905: 0.998118
6906: 0.998118
6907: 0.998118
6908: 0.998118
6909: 0.998119
6910: 0.998119
6911: 0.998119
6912: 0.998119
6913: 0.99812
6914: 0.99812
6915: 0.99812
6916: 0.998121
6917: 0.998121
6918: 0.998121
6919: 0.998121
6920: 0.998122
6921: 0.998122
6922: 0.998122
6923: 0.998122
6924: 0.998123
6925: 0.998123
6926: 0.998123
6927: 0.998124
6928: 0.998124
6929: 0.998124
6930: 0.998124
6931: 0.998125
6932: 0.998125
6933: 0.998125
6934: 0.998125
6935: 0.998126
6936: 0.998126
6937: 0.998126
6938: 0.998127
6939: 0.998127
6940: 0.998127
6941: 0.998127
6942: 0.998128
6943: 0.998128
6944: 0.998128
6945: 0.998128
6946: 0.998129
6947: 0.998129
6948: 0.998129
6949: 0.998129
6950: 0.99813
6951: 0.99813
6952: 0.99813
6953: 0.998131
6954: 0.998131
6955: 0.998131
6956: 0.998131
6957: 0.998132
6958: 0.998132
6959: 0.998132
6960: 0.998132
6961: 0.998133
6962: 0.998133
6963: 0.998133
6964: 0.998134
6965: 0.998134
6966: 0.998134
6967: 0.998134
6968: 0.998135
6969: 0.998135
6970: 0.998135
6971: 0.998135
6972: 0.998136
6973: 0.998136
6974: 0.998136
6975: 0.998136
6976: 0.998137
6977: 0.998137
6978: 0.998137
6979: 0.998138
6980: 0.998138
6981: 0.998138
6982: 0.998138
6983: 0.998139
6984: 0.998139
6985: 0.998139
6986: 0.998139
6987: 0.99814
6988: 0.99814
6989: 0.99814
6990: 0.99814
6991: 0.998141
6992: 0.998141
6993: 0.998141
6994: 0.998142
6995: 0.998142
6996: 0.998142
6997: 0.998142
6998: 0.998143
6999: 0.998143
7000: 0.998143
7001: 0.998143
7002: 0.998144
7003: 0.998144
7004: 0.998144
7005: 0.998144
7006: 0.998145
7007: 0.998145
7008: 0.998145
7009: 0.998146
7010: 0.998146
7011: 0.998146
7012: 0.998146
7013: 0.998147
7014: 0.998147
7015: 0.998147
7016: 0.998147
7017: 0.998148
7018: 0.998148
7019: 0.998148
7020: 0.998148
7021: 0.998149
7022: 0.998149
7023: 0.998149
7024: 0.998149
7025: 0.99815
7026: 0.99815
7027: 0.99815
7028: 0.998151
7029: 0.998151
7030: 0.998151
7031: 0.998151
7032: 0.998152
7033: 0.998152
7034: 0.998152
7035: 0.998152
7036: 0.998153
7037: 0.998153
7038: 0.998153
7039: 0.998153
7040: 0.998154
7041: 0.998154
7042: 0.998154
7043: 0.998154
7044: 0.998155
7045: 0.998155
7046: 0.998155
7047: 0.998156
7048: 0.998156
7049: 0.998156
7050: 0.998156
7051: 0.998157
7052: 0.998157
7053: 0.998157
7054: 0.998157
7055: 0.998158
7056: 0.998158
7057: 0.998158
7058: 0.998158
7059: 0.998159
7060: 0.998159
7061: 0.998159
7062: 0.998159
7063: 0.99816
7064: 0.99816
7065: 0.99816
7066: 0.99816
7067: 0.998161
7068: 0.998161
7069: 0.998161
7070: 0.998162
7071: 0.998162
7072: 0.998162
7073: 0.998162
7074: 0.998163
7075: 0.998163
7076: 0.998163
7077: 0.998163
7078: 0.998164
7079: 0.998164
7080: 0.998164
7081: 0.998164
7082: 0.998165
7083: 0.998165
7084: 0.998165
7085: 0.998165
7086: 0.998166
7087: 0.998166
7088: 0.998166
7089: 0.998166
7090: 0.998167
7091: 0.998167
7092: 0.998167
7093: 0.998167
7094: 0.998168
7095: 0.998168
7096: 0.998168
7097: 0.998168
7098: 0.998169
7099: 0.998169
7100: 0.998169
7101: 0.99817
7102: 0.99817
7103: 0.99817
7104: 0.99817
7105: 0.998171
7106: 0.998171
7107: 0.998171
7108: 0.998171
7109: 0.998172
7110: 0.998172
7111: 0.998172
7112: 0.998172
7113: 0.998173
7114: 0.998173
7115: 0.998173
7116: 0.998173
7117: 0.998174
7118: 0.998174
7119: 0.998174
7120: 0.998174
7121: 0.998175
7122: 0.998175
7123: 0.998175
7124: 0.998175
7125: 0.998176
7126: 0.998176
7127: 0.998176
7128: 0.998176
7129: 0.998177
7130: 0.998177
7131: 0.998177
7132: 0.998177
7133: 0.998178
7134: 0.998178
7135: 0.998178
7136: 0.998179
7137: 0.998179
7138: 0.998179
7139: 0.998179
7140: 0.99818
7141: 0.99818
7142: 0.99818
7143: 0.99818
7144: 0.998181
7145: 0.998181
7146: 0.998181
7147: 0.998181
7148: 0.998182
7149: 0.998182
7150: 0.998182
7151: 0.998182
7152: 0.998183
7153: 0.998183
7154: 0.998183
7155: 0.998183
7156: 0.998184
7157: 0.998184
7158: 0.998184
7159: 0.998184
7160: 0.998185
7161: 0.998185
7162: 0.998185
7163: 0.998185
7164: 0.998186
7165: 0.998186
7166: 0.998186
7167: 0.998186
7168: 0.998187
7169: 0.998187
7170: 0.998187
7171: 0.998187
7172: 0.998188
7173: 0.998188
7174: 0.998188
7175: 0.998188
7176: 0.998189
7177: 0.998189
7178: 0.998189
7179: 0.998189
7180: 0.99819
7181: 0.99819
7182: 0.99819
7183: 0.99819
7184: 0.998191
7185: 0.998191
7186: 0.998191
7187: 0.998191
7188: 0.998192
7189: 0.998192
7190: 0.998192
7191: 0.998192
7192: 0.998193
7193: 0.998193
7194: 0.998193
7195: 0.998193
7196: 0.998194
7197: 0.998194
7198: 0.998194
7199: 0.998194
7200: 0.998195
7201: 0.998195
7202: 0.998195
7203: 0.998195
7204: 0.998196
7205: 0.998196
7206: 0.998196
7207: 0.998196
7208: 0.998197
7209: 0.998197
7210: 0.998197
7211: 0.998197
7212: 0.998198
7213: 0.998198
7214: 0.998198
7215: 0.998198
7216: 0.998199
7217: 0.998199
7218: 0.998199
7219: 0.998199
7220: 0.9982
7221: 0.9982
7222: 0.9982
7223: 0.9982
7224: 0.998201
7225: 0.998201
7226: 0.998201
7227: 0.998201
7228: 0.998202
7229: 0.998202
7230: 0.998202
7231: 0.998202
7232: 0.998203
7233: 0.998203
7234: 0.998203
7235: 0.998203
7236: 0.998204
7237: 0.998204
7238: 0.998204
7239: 0.998204
7240: 0.998205
7241: 0.998205
7242: 0.998205
7243: 0.998205
7244: 0.998206
7245: 0.998206
7246: 0.998206
7247: 0.998206
7248: 0.998207
7249: 0.998207
7250: 0.998207
7251: 0.998207
7252: 0.998208
7253: 0.998208
7254: 0.998208
7255: 0.998208
7256: 0.998209
7257: 0.998209
7258: 0.998209
7259: 0.998209
7260: 0.99821
7261: 0.99821
7262: 0.99821
7263: 0.99821
7264: 0.998211
7265: 0.998211
7266: 0.998211
7267: 0.998211
7268: 0.998212
7269: 0.998212
7270: 0.998212
7271: 0.998212
7272: 0.998213
7273: 0.998213
7274: 0.998213
7275: 0.998213
7276: 0.998214
7277: 0.998214
7278: 0.998214
7279: 0.998214
7280: 0.998215
7281: 0.998215
7282: 0.998215
7283: 0.998215
7284: 0.998216
7285: 0.998216
7286: 0.998216
7287: 0.998216
7288: 0.998216
7289: 0.998217
7290: 0.998217
7291: 0.998217
7292: 0.998217
7293: 0.998218
7294: 0.998218
7295: 0.998218
7296: 0.998218
7297: 0.998219
7298: 0.998219
7299: 0.998219
7300: 0.998219
7301: 0.99822
7302: 0.99822
7303: 0.99822
7304: 0.99822
7305: 0.998221
7306: 0.998221
7307: 0.998221
7308: 0.998221
7309: 0.998222
7310: 0.998222
7311: 0.998222
7312: 0.998222
7313: 0.998223
7314: 0.998223
7315: 0.998223
7316: 0.998223
7317: 0.998224
7318: 0.998224
7319: 0.998224
7320: 0.998224
7321: 0.998225
7322: 0.998225
7323: 0.998225
7324: 0.998225
7325: 0.998225
7326: 0.998226
7327: 0.998226
7328: 0.998226
7329: 0.998226
7330: 0.998227
7331: 0.998227
7332: 0.998227
7333: 0.998227
7334: 0.998228
7335: 0.998228
7336: 0.998228
7337: 0.998228
7338: 0.998229
7339: 0.998229
7340: 0.998229
7341: 0.998229
7342: 0.99823
7343: 0.99823
7344: 0.99823
7345: 0.99823
7346: 0.998231
7347: 0.998231
7348: 0.998231
7349: 0.998231
7350: 0.998232
7351: 0.998232
7352: 0.998232
7353: 0.998232
7354: 0.998232
7355: 0.998233
7356: 0.998233
7357: 0.998233
7358: 0.998233
7359: 0.998234
7360: 0.998234
7361: 0.998234
7362: 0.998234
7363: 0.998235
7364: 0.998235
7365: 0.998235
7366: 0.998235
7367: 0.998236
7368: 0.998236
7369: 0.998236
7370: 0.998236
7371: 0.998237
7372: 0.998237
7373: 0.998237
7374: 0.998237
7375: 0.998238
7376: 0.998238
7377: 0.998238
7378: 0.998238
7379: 0.998238
7380: 0.998239
7381: 0.998239
7382: 0.998239
7383: 0.998239
7384: 0.99824
7385: 0.99824
7386: 0.99824
7387: 0.99824
7388: 0.998241
7389: 0.998241
7390: 0.998241
7391: 0.998241
7392: 0.998242
7393: 0.998242
7394: 0.998242
7395: 0.998242
7396: 0.998243
7397: 0.998243
7398: 0.998243
7399: 0.998243
7400: 0.998243
7401: 0.998244
7402: 0.998244
7403: 0.998244
7404: 0.998244
7405: 0.998245
7406: 0.998245
7407: 0.998245
7408: 0.998245
7409: 0.998246
7410: 0.998246
7411: 0.998246
7412: 0.998246
7413: 0.998247
7414: 0.998247
7415: 0.998247
7416: 0.998247
7417: 0.998248
7418: 0.998248
7419: 0.998248
7420: 0.998248
7421: 0.998248
7422: 0.998249
7423: 0.998249
7424: 0.998249
7425: 0.998249
7426: 0.99825
7427: 0.99825
7428: 0.99825
7429: 0.99825
7430: 0.998251
7431: 0.998251
7432: 0.998251
7433: 0.998251
7434: 0.998252
7435: 0.998252
7436: 0.998252
7437: 0.998252
7438: 0.998252
7439: 0.998253
7440: 0.998253
7441: 0.998253
7442: 0.998253
7443: 0.998254
7444: 0.998254
7445: 0.998254
7446: 0.998254
7447: 0.998255
7448: 0.998255
7449: 0.998255
7450: 0.998255
7451: 0.998256
7452: 0.998256
7453: 0.998256
7454: 0.998256
7455: 0.998256
7456: 0.998257
7457: 0.998257
7458: 0.998257
7459: 0.998257
7460: 0.998258
7461: 0.998258
7462: 0.998258
7463: 0.998258
7464: 0.998259
7465: 0.998259
7466: 0.998259
7467: 0.998259
7468: 0.998259
7469: 0.99826
7470: 0.99826
7471: 0.99826
7472: 0.99826
7473: 0.998261
7474: 0.998261
7475: 0.998261
7476: 0.998261
7477: 0.998262
7478: 0.998262
7479: 0.998262
7480: 0.998262
7481: 0.998262
7482: 0.998263
7483: 0.998263
7484: 0.998263
7485: 0.998263
7486: 0.998264
7487: 0.998264
7488: 0.998264
7489: 0.998264
7490: 0.998265
7491: 0.998265
7492: 0.998265
7493: 0.998265
7494: 0.998266
7495: 0.998266
7496: 0.998266
7497: 0.998266
7498: 0.998266
7499: 0.998267
7500: 0.998267
7501: 0.998267
7502: 0.998267
7503: 0.998268
7504: 0.998268
7505: 0.998268
7506: 0.998268
7507: 0.998269
7508: 0.998269
7509: 0.998269
7510: 0.998269
7511: 0.998269
7512: 0.99827
7513: 0.99827
7514: 0.99827
7515: 0.99827
7516: 0.998271
7517: 0.998271
7518: 0.998271
7519: 0.998271
7520: 0.998272
7521: 0.998272
7522: 0.998272
7523: 0.998272
7524: 0.998272
7525: 0.998273
7526: 0.998273
7527: 0.998273
7528: 0.998273
7529: 0.998274
7530: 0.998274
7531: 0.998274
7532: 0.998274
7533: 0.998274
7534: 0.998275
7535: 0.998275
7536: 0.998275
7537: 0.998275
7538: 0.998276
7539: 0.998276
7540: 0.998276
7541: 0.998276
7542: 0.998277
7543: 0.998277
7544: 0.998277
7545: 0.998277
7546: 0.998277
7547: 0.998278
7548: 0.998278
7549: 0.998278
7550: 0.998278
7551: 0.998279
7552: 0.998279
7553: 0.998279
7554: 0.998279
7555: 0.99828
7556: 0.99828
7557: 0.99828
7558: 0.99828
7559: 0.99828
7560: 0.998281
7561: 0.998281
7562: 0.998281
7563: 0.998281
7564: 0.998282
7565: 0.998282
7566: 0.998282
7567: 0.998282
7568: 0.998282
7569: 0.998283
7570: 0.998283
7571: 0.998283
7572: 0.998283
7573: 0.998284
7574: 0.998284
7575: 0.998284
7576: 0.998284
7577: 0.998285
7578: 0.998285
7579: 0.998285
7580: 0.998285
7581: 0.998285
7582: 0.998286
7583: 0.998286
7584: 0.998286
7585: 0.998286
7586: 0.998287
7587: 0.998287
7588: 0.998287
7589: 0.998287
7590: 0.998287
7591: 0.998288
7592: 0.998288
7593: 0.998288
7594: 0.998288
7595: 0.998289
7596: 0.998289
7597: 0.998289
7598: 0.998289
7599: 0.998289
7600: 0.99829
7601: 0.99829
7602: 0.99829
7603: 0.99829
7604: 0.998291
7605: 0.998291
7606: 0.998291
7607: 0.998291
7608: 0.998291
7609: 0.998292
7610: 0.998292
7611: 0.998292
7612: 0.998292
7613: 0.998293
7614: 0.998293
7615: 0.998293
7616: 0.998293
7617: 0.998294
7618: 0.998294
7619: 0.998294
7620: 0.998294
7621: 0.998294
7622: 0.998295
7623: 0.998295
7624: 0.998295
7625: 0.998295
7626: 0.998296
7627: 0.998296
7628: 0.998296
7629: 0.998296
7630: 0.998296
7631: 0.998297
7632: 0.998297
7633: 0.998297
7634: 0.998297
7635: 0.998298
7636: 0.998298
7637: 0.998298
7638: 0.998298
7639: 0.998298
7640: 0.998299
7641: 0.998299
7642: 0.998299
7643: 0.998299
7644: 0.9983
7645: 0.9983
7646: 0.9983
7647: 0.9983
7648: 0.9983
7649: 0.998301
7650: 0.998301
7651: 0.998301
7652: 0.998301
7653: 0.998302
7654: 0.998302
7655: 0.998302
7656: 0.998302
7657: 0.998302
7658: 0.998303
7659: 0.998303
7660: 0.998303
7661: 0.998303
7662: 0.998304
7663: 0.998304
7664: 0.998304
7665: 0.998304
7666: 0.998304
7667: 0.998305
7668: 0.998305
7669: 0.998305
7670: 0.998305
7671: 0.998306
7672: 0.998306
7673: 0.998306
7674: 0.998306
7675: 0.998306
7676: 0.998307
7677: 0.998307
7678: 0.998307
7679: 0.998307
7680: 0.998308
7681: 0.998308
7682: 0.998308
7683: 0.998308
7684: 0.998308
7685: 0.998309
7686: 0.998309
7687: 0.998309
7688: 0.998309
7689: 0.998309
7690: 0.99831
7691: 0.99831
7692: 0.99831
7693: 0.99831
7694: 0.998311
7695: 0.998311
7696: 0.998311
7697: 0.998311
7698: 0.998311
7699: 0.998312
7700: 0.998312
7701: 0.998312
7702: 0.998312
7703: 0.998313
7704: 0.998313
7705: 0.998313
7706: 0.998313
7707: 0.998313
7708: 0.998314
7709: 0.998314
7710: 0.998314
7711: 0.998314
7712: 0.998315
7713: 0.998315
7714: 0.998315
7715: 0.998315
7716: 0.998315
7717: 0.998316
7718: 0.998316
7719: 0.998316
7720: 0.998316
7721: 0.998316
7722: 0.998317
7723: 0.998317
7724: 0.998317
7725: 0.998317
7726: 0.998318
7727: 0.998318
7728: 0.998318
7729: 0.998318
7730: 0.998318
7731: 0.998319
7732: 0.998319
7733: 0.998319
7734: 0.998319
7735: 0.99832
7736: 0.99832
7737: 0.99832
7738: 0.99832
7739: 0.99832
7740: 0.998321
7741: 0.998321
7742: 0.998321
7743: 0.998321
7744: 0.998321
7745: 0.998322
7746: 0.998322
7747: 0.998322
7748: 0.998322
7749: 0.998323
7750: 0.998323
7751: 0.998323
7752: 0.998323
7753: 0.998323
7754: 0.998324
7755: 0.998324
7756: 0.998324
7757: 0.998324
7758: 0.998325
7759: 0.998325
7760: 0.998325
7761: 0.998325
7762: 0.998325
7763: 0.998326
7764: 0.998326
7765: 0.998326
7766: 0.998326
7767: 0.998326
7768: 0.998327
7769: 0.998327
7770: 0.998327
7771: 0.998327
7772: 0.998328
7773: 0.998328
7774: 0.998328
7775: 0.998328
7776: 0.998328
7777: 0.998329
7778: 0.998329
7779: 0.998329
7780: 0.998329
7781: 0.998329
7782: 0.99833
7783: 0.99833
7784: 0.99833
7785: 0.99833
7786: 0.998331
7787: 0.998331
7788: 0.998331
7789: 0.998331
7790: 0.998331
7791: 0.998332
7792: 0.998332
7793: 0.998332
7794: 0.998332
7795: 0.998332
7796: 0.998333
7797: 0.998333
7798: 0.998333
7799: 0.998333
7800: 0.998334
7801: 0.998334
7802: 0.998334
7803: 0.998334
7804: 0.998334
7805: 0.998335
7806: 0.998335
7807: 0.998335
7808: 0.998335
7809: 0.998335
7810: 0.998336
7811: 0.998336
7812: 0.998336
7813: 0.998336
7814: 0.998337
7815: 0.998337
7816: 0.998337
7817: 0.998337
7818: 0.998337
7819: 0.998338
7820: 0.998338
7821: 0.998338
7822: 0.998338
7823: 0.998338
7824: 0.998339
7825: 0.998339
7826: 0.998339
7827: 0.998339
7828: 0.99834
7829: 0.99834
7830: 0.99834
7831: 0.99834
7832: 0.99834
7833: 0.998341
7834: 0.998341
7835: 0.998341
7836: 0.998341
7837: 0.998341
7838: 0.998342
7839: 0.998342
7840: 0.998342
7841: 0.998342
7842: 0.998342
7843: 0.998343
7844: 0.998343
7845: 0.998343
7846: 0.998343
7847: 0.998344
7848: 0.998344
7849: 0.998344
7850: 0.998344
7851: 0.998344
7852: 0.998345
7853: 0.998345
7854: 0.998345
7855: 0.998345
7856: 0.998345
7857: 0.998346
7858: 0.998346
7859: 0.998346
7860: 0.998346
7861: 0.998346
7862: 0.998347
7863: 0.998347
7864: 0.998347
7865: 0.998347
7866: 0.998348
7867: 0.998348
7868: 0.998348
7869: 0.998348
7870: 0.998348
7871: 0.998349
7872: 0.998349
7873: 0.998349
7874: 0.998349
7875: 0.998349
7876: 0.99835
7877: 0.99835
7878: 0.99835
7879: 0.99835
7880: 0.99835
7881: 0.998351
7882: 0.998351
7883: 0.998351
7884: 0.998351
7885: 0.998352
7886: 0.998352
7887: 0.998352
7888: 0.998352
7889: 0.998352
7890: 0.998353
7891: 0.998353
7892: 0.998353
7893: 0.998353
7894: 0.998353
7895: 0.998354
7896: 0.998354
7897: 0.998354
7898: 0.998354
7899: 0.998354
7900: 0.998355
7901: 0.998355
7902: 0.998355
7903: 0.998355
7904: 0.998355
7905: 0.998356
7906: 0.998356
7907: 0.998356
7908: 0.998356
7909: 0.998357
7910: 0.998357
7911: 0.998357
7912: 0.998357
7913: 0.998357
7914: 0.998358
7915: 0.998358
7916: 0.998358
7917: 0.998358
7918: 0.998358
7919: 0.998359
7920: 0.998359
7921: 0.998359
7922: 0.998359
7923: 0.998359
7924: 0.99836
7925: 0.99836
7926: 0.99836
7927: 0.99836
7928: 0.99836
7929: 0.998361
7930: 0.998361
7931: 0.998361
7932: 0.998361
7933: 0.998361
7934: 0.998362
7935: 0.998362
7936: 0.998362
7937: 0.998362
7938: 0.998363
7939: 0.998363
7940: 0.998363
7941: 0.998363
7942: 0.998363
7943: 0.998364
7944: 0.998364
7945: 0.998364
7946: 0.998364
7947: 0.998364
7948: 0.998365
7949: 0.998365
7950: 0.998365
7951: 0.998365
7952: 0.998365
7953: 0.998366
7954: 0.998366
7955: 0.998366
7956: 0.998366
7957: 0.998366
7958: 0.998367
7959: 0.998367
7960: 0.998367
7961: 0.998367
7962: 0.998367
7963: 0.998368
7964: 0.998368
7965: 0.998368
7966: 0.998368
7967: 0.998368
7968: 0.998369
7969: 0.998369
7970: 0.998369
7971: 0.998369
7972: 0.998369
7973: 0.99837
7974: 0.99837
7975: 0.99837
7976: 0.99837
7977: 0.998371
7978: 0.998371
7979: 0.998371
7980: 0.998371
7981: 0.998371
7982: 0.998372
7983: 0.998372
7984: 0.998372
7985: 0.998372
7986: 0.998372
7987: 0.998373
7988: 0.998373
7989: 0.998373
7990: 0.998373
7991: 0.998373
7992: 0.998374
7993: 0.998374
7994: 0.998374
7995: 0.998374
7996: 0.998374
7997: 0.998375
7998: 0.998375
7999: 0.998375
8000: 0.998375
8001: 0.998375
8002: 0.998376
8003: 0.998376
8004: 0.998376
8005: 0.998376
8006: 0.998376
8007: 0.998377
8008: 0.998377
8009: 0.998377
8010: 0.998377
8011: 0.998377
8012: 0.998378
8013: 0.998378
8014: 0.998378
8015: 0.998378
8016: 0.998378
8017: 0.998379
8018: 0.998379
8019: 0.998379
8020: 0.998379
8021: 0.998379
8022: 0.99838
8023: 0.99838
8024: 0.99838
8025: 0.99838
8026: 0.99838
8027: 0.998381
8028: 0.998381
8029: 0.998381
8030: 0.998381
8031: 0.998381
8032: 0.998382
8033: 0.998382
8034: 0.998382
8035: 0.998382
8036: 0.998382
8037: 0.998383
8038: 0.998383
8039: 0.998383
8040: 0.998383
8041: 0.998383
8042: 0.998384
8043: 0.998384
8044: 0.998384
8045: 0.998384
8046: 0.998384
8047: 0.998385
8048: 0.998385
8049: 0.998385
8050: 0.998385
8051: 0.998385
8052: 0.998386
8053: 0.998386
8054: 0.998386
8055: 0.998386
8056: 0.998386
8057: 0.998387
8058: 0.998387
8059: 0.998387
8060: 0.998387
8061: 0.998387
8062: 0.998388
8063: 0.998388
8064: 0.998388
8065: 0.998388
8066: 0.998388
8067: 0.998389
8068: 0.998389
8069: 0.998389
8070: 0.998389
8071: 0.998389
8072: 0.99839
8073: 0.99839
8074: 0.99839
8075: 0.99839
8076: 0.99839
8077: 0.998391
8078: 0.998391
8079: 0.998391
8080: 0.998391
8081: 0.998391
8082: 0.998392
8083: 0.998392
8084: 0.998392
8085: 0.998392
8086: 0.998392
8087: 0.998393
8088: 0.998393
8089: 0.998393
8090: 0.998393
8091: 0.998393
8092: 0.998394
8093: 0.998394
8094: 0.998394
8095: 0.998394
8096: 0.998394
8097: 0.998395
8098: 0.998395
8099: 0.998395
8100: 0.998395
8101: 0.998395
8102: 0.998396
8103: 0.998396
8104: 0.998396
8105: 0.998396
8106: 0.998396
8107: 0.998397
8108: 0.998397
8109: 0.998397
8110: 0.998397
8111: 0.998397
8112: 0.998398
8113: 0.998398
8114: 0.998398
8115: 0.998398
8116: 0.998398
8117: 0.998399
8118: 0.998399
8119: 0.998399
8120: 0.998399
8121: 0.998399
8122: 0.9984
8123: 0.9984
8124: 0.9984
8125: 0.9984
8126: 0.9984
8127: 0.998401
8128: 0.998401
8129: 0.998401
8130: 0.998401
8131: 0.998401
8132: 0.998402
8133: 0.998402
8134: 0.998402
8135: 0.998402
8136: 0.998402
8137: 0.998403
8138: 0.998403
8139: 0.998403
8140: 0.998403
8141: 0.998403
8142: 0.998404
8143: 0.998404
8144: 0.998404
8145: 0.998404
8146: 0.998404
8147: 0.998405
8148: 0.998405
8149: 0.998405
8150: 0.998405
8151: 0.998405
8152: 0.998405
8153: 0.998406
8154: 0.998406
8155: 0.998406
8156: 0.998406
8157: 0.998406
8158: 0.998407
8159: 0.998407
8160: 0.998407
8161: 0.998407
8162: 0.998407
8163: 0.998408
8164: 0.998408
8165: 0.998408
8166: 0.998408
8167: 0.998408
8168: 0.998409
8169: 0.998409
8170: 0.998409
8171: 0.998409
8172: 0.998409
8173: 0.99841
8174: 0.99841
8175: 0.99841
8176: 0.99841
8177: 0.99841
8178: 0.998411
8179: 0.998411
8180: 0.998411
8181: 0.998411
8182: 0.998411
8183: 0.998412
8184: 0.998412
8185: 0.998412
8186: 0.998412
8187: 0.998412
8188: 0.998413
8189: 0.998413
8190: 0.998413
8191: 0.998413
8192: 0.998413
8193: 0.998413
8194: 0.998414
8195: 0.998414
8196: 0.998414
8197: 0.998414
8198: 0.998414
8199: 0.998415
8200: 0.998415
8201: 0.998415
8202: 0.998415
8203: 0.998415
8204: 0.998416
8205: 0.998416
8206: 0.998416
8207: 0.998416
8208: 0.998416
8209: 0.998417
8210: 0.998417
8211: 0.998417
8212: 0.998417
8213: 0.998417
8214: 0.998418
8215: 0.998418
8216: 0.998418
8217: 0.998418
8218: 0.998418
8219: 0.998418
8220: 0.998419
8221: 0.998419
8222: 0.998419
8223: 0.998419
8224: 0.998419
8225: 0.99842
8226: 0.99842
8227: 0.99842
8228: 0.99842
8229: 0.99842
8230: 0.998421
8231: 0.998421
8232: 0.998421
8233: 0.998421
8234: 0.998421
8235: 0.998422
8236: 0.998422
8237: 0.998422
8238: 0.998422
8239: 0.998422
8240: 0.998423
8241: 0.998423
8242: 0.998423
8243: 0.998423
8244: 0.998423
8245: 0.998423
8246: 0.998424
8247: 0.998424
8248: 0.998424
8249: 0.998424
8250: 0.998424
8251: 0.998425
8252: 0.998425
8253: 0.998425
8254: 0.998425
8255: 0.998425
8256: 0.998426
8257: 0.998426
8258: 0.998426
8259: 0.998426
8260: 0.998426
8261: 0.998427
8262: 0.998427
8263: 0.998427
8264: 0.998427
8265: 0.998427
8266: 0.998427
8267: 0.998428
8268: 0.998428
8269: 0.998428
8270: 0.998428
8271: 0.998428
8272: 0.998429
8273: 0.998429
8274: 0.998429
8275: 0.998429
8276: 0.998429
8277: 0.99843
8278: 0.99843
8279: 0.99843
8280: 0.99843
8281: 0.99843
8282: 0.998431
8283: 0.998431
8284: 0.998431
8285: 0.998431
8286: 0.998431
8287: 0.998431
8288: 0.998432
8289: 0.998432
8290: 0.998432
8291: 0.998432
8292: 0.998432
8293: 0.998433
8294: 0.998433
8295: 0.998433
8296: 0.998433
8297: 0.998433
8298: 0.998434
8299: 0.998434
8300: 0.998434
8301: 0.998434
8302: 0.998434
8303: 0.998434
8304: 0.998435
8305: 0.998435
8306: 0.998435
8307: 0.998435
8308: 0.998435
8309: 0.998436
8310: 0.998436
8311: 0.998436
8312: 0.998436
8313: 0.998436
8314: 0.998437
8315: 0.998437
8316: 0.998437
8317: 0.998437
8318: 0.998437
8319: 0.998437
8320: 0.998438
8321: 0.998438
8322: 0.998438
8323: 0.998438
8324: 0.998438
8325: 0.998439
8326: 0.998439
8327: 0.998439
8328: 0.998439
8329: 0.998439
8330: 0.99844
8331: 0.99844
8332: 0.99844
8333: 0.99844
8334: 0.99844
8335: 0.99844
8336: 0.998441
8337: 0.998441
8338: 0.998441
8339: 0.998441
8340: 0.998441
8341: 0.998442
8342: 0.998442
8343: 0.998442
8344: 0.998442
8345: 0.998442
8346: 0.998443
8347: 0.998443
8348: 0.998443
8349: 0.998443
8350: 0.998443
8351: 0.998443
8352: 0.998444
8353: 0.998444
8354: 0.998444
8355: 0.998444
8356: 0.998444
8357: 0.998445
8358: 0.998445
8359: 0.998445
8360: 0.998445
8361: 0.998445
8362: 0.998446
8363: 0.998446
8364: 0.998446
8365: 0.998446
8366: 0.998446
8367: 0.998446
8368: 0.998447
8369: 0.998447
8370: 0.998447
8371: 0.998447
8372: 0.998447
8373: 0.998448
8374: 0.998448
8375: 0.998448
8376: 0.998448
8377: 0.998448
8378: 0.998449
8379: 0.998449
8380: 0.998449
8381: 0.998449
8382: 0.998449
8383: 0.998449
8384: 0.99845
8385: 0.99845
8386: 0.99845
8387: 0.99845
8388: 0.99845
8389: 0.998451
8390: 0.998451
8391: 0.998451
8392: 0.998451
8393: 0.998451
8394: 0.998451
8395: 0.998452
8396: 0.998452
8397: 0.998452
8398: 0.998452
8399: 0.998452
8400: 0.998453
8401: 0.998453
8402: 0.998453
8403: 0.998453
8404: 0.998453
8405: 0.998453
8406: 0.998454
8407: 0.998454
8408: 0.998454
8409: 0.998454
8410: 0.998454
8411: 0.998455
8412: 0.998455
8413: 0.998455
8414: 0.998455
8415: 0.998455
8416: 0.998456
8417: 0.998456
8418: 0.998456
8419: 0.998456
8420: 0.998456
8421: 0.998456
8422: 0.998457
8423: 0.998457
8424: 0.998457
8425: 0.998457
8426: 0.998457
8427: 0.998458
8428: 0.998458
8429: 0.998458
8430: 0.998458
8431: 0.998458
8432: 0.998458
8433: 0.998459
8434: 0.998459
8435: 0.998459
8436: 0.998459
8437: 0.998459
8438: 0.99846
8439: 0.99846
8440: 0.99846
8441: 0.99846
8442: 0.99846
8443: 0.99846
8444: 0.998461
8445: 0.998461
8446: 0.998461
8447: 0.998461
8448: 0.998461
8449: 0.998462
8450: 0.998462
8451: 0.998462
8452: 0.998462
8453: 0.998462
8454: 0.998462
8455: 0.998463
8456: 0.998463
8457: 0.998463
8458: 0.998463
8459: 0.998463
8460: 0.998464
8461: 0.998464
8462: 0.998464
8463: 0.998464
8464: 0.998464
8465: 0.998464
8466: 0.998465
8467: 0.998465
8468: 0.998465
8469: 0.998465
8470: 0.998465
8471: 0.998466
8472: 0.998466
8473: 0.998466
8474: 0.998466
8475: 0.998466
8476: 0.998466
8477: 0.998467
8478: 0.998467
8479: 0.998467
8480: 0.998467
8481: 0.998467
8482: 0.998468
8483: 0.998468
8484: 0.998468
8485: 0.998468
8486: 0.998468
8487: 0.998468
8488: 0.998469
8489: 0.998469
8490: 0.998469
8491: 0.998469
8492: 0.998469
8493: 0.99847
8494: 0.99847
8495: 0.99847
8496: 0.99847
8497: 0.99847
8498: 0.99847
8499: 0.998471
8500: 0.998471
8501: 0.998471
8502: 0.998471
8503: 0.998471
8504: 0.998471
8505: 0.998472
8506: 0.998472
8507: 0.998472
8508: 0.998472
8509: 0.998472
8510: 0.998473
8511: 0.998473
8512: 0.998473
8513: 0.998473
8514: 0.998473
8515: 0.998473
8516: 0.998474
8517: 0.998474
8518: 0.998474
8519: 0.998474
8520: 0.998474
8521: 0.998475
8522: 0.998475
8523: 0.998475
8524: 0.998475
8525: 0.998475
8526: 0.998475
8527: 0.998476
8528: 0.998476
8529: 0.998476
8530: 0.998476
8531: 0.998476
8532: 0.998477
8533: 0.998477
8534: 0.998477
8535: 0.998477
8536: 0.998477
8537: 0.998477
8538: 0.998478
8539: 0.998478
8540: 0.998478
8541: 0.998478
8542: 0.998478
8543: 0.998478
8544: 0.998479
8545: 0.998479
8546: 0.998479
8547: 0.998479
8548: 0.998479
8549: 0.99848
8550: 0.99848
8551: 0.99848
8552: 0.99848
8553: 0.99848
8554: 0.99848
8555: 0.998481
8556: 0.998481
8557: 0.998481
8558: 0.998481
8559: 0.998481
8560: 0.998481
8561: 0.998482
8562: 0.998482
8563: 0.998482
8564: 0.998482
8565: 0.998482
8566: 0.998483
8567: 0.998483
8568: 0.998483
8569: 0.998483
8570: 0.998483
8571: 0.998483
8572: 0.998484
8573: 0.998484
8574: 0.998484
8575: 0.998484
8576: 0.998484
8577: 0.998484
8578: 0.998485
8579: 0.998485
8580: 0.998485
8581: 0.998485
8582: 0.998485
8583: 0.998486
8584: 0.998486
8585: 0.998486
8586: 0.998486
8587: 0.998486
8588: 0.998486
8589: 0.998487
8590: 0.998487
8591: 0.998487
8592: 0.998487
8593: 0.998487
8594: 0.998487
8595: 0.998488
8596: 0.998488
8597: 0.998488
8598: 0.998488
8599: 0.998488
8600: 0.998489
8601: 0.998489
8602: 0.998489
8603: 0.998489
8604: 0.998489
8605: 0.998489
8606: 0.99849
8607: 0.99849
8608: 0.99849
8609: 0.99849
8610: 0.99849
8611: 0.99849
8612: 0.998491
8613: 0.998491
8614: 0.998491
8615: 0.998491
8616: 0.998491
8617: 0.998492
8618: 0.998492
8619: 0.998492
8620: 0.998492
8621: 0.998492
8622: 0.998492
8623: 0.998493
8624: 0.998493
8625: 0.998493
8626: 0.998493
8627: 0.998493
8628: 0.998493
8629: 0.998494
8630: 0.998494
8631: 0.998494
8632: 0.998494
8633: 0.998494
8634: 0.998494
8635: 0.998495
8636: 0.998495
8637: 0.998495
8638: 0.998495
8639: 0.998495
8640: 0.998496
8641: 0.998496
8642: 0.998496
8643: 0.998496
8644: 0.998496
8645: 0.998496
8646: 0.998497
8647: 0.998497
8648: 0.998497
8649: 0.998497
8650: 0.998497
8651: 0.998497
8652: 0.998498
8653: 0.998498
8654: 0.998498
8655: 0.998498
8656: 0.998498
8657: 0.998498
8658: 0.998499
8659: 0.998499
8660: 0.998499
8661: 0.998499
8662: 0.998499
8663: 0.9985
8664: 0.9985
8665: 0.9985
8666: 0.9985
8667: 0.9985
8668: 0.9985
8669: 0.998501
8670: 0.998501
8671: 0.998501
8672: 0.998501
8673: 0.998501
8674: 0.998501
8675: 0.998502
8676: 0.998502
8677: 0.998502
8678: 0.998502
8679: 0.998502
8680: 0.998502
8681: 0.998503
8682: 0.998503
8683: 0.998503
8684: 0.998503
8685: 0.998503
8686: 0.998504
8687: 0.998504
8688: 0.998504
8689: 0.998504
8690: 0.998504
8691: 0.998504
8692: 0.998505
8693: 0.998505
8694: 0.998505
8695: 0.998505
8696: 0.998505
8697: 0.998505
8698: 0.998506
8699: 0.998506
8700: 0.998506
8701: 0.998506
8702: 0.998506
8703: 0.998506
8704: 0.998507
8705: 0.998507
8706: 0.998507
8707: 0.998507
8708: 0.998507
8709: 0.998507
8710: 0.998508
8711: 0.998508
8712: 0.998508
8713: 0.998508
8714: 0.998508
8715: 0.998508
8716: 0.998509
8717: 0.998509
8718: 0.998509
8719: 0.998509
8720: 0.998509
8721: 0.99851
8722: 0.99851
8723: 0.99851
8724: 0.99851
8725: 0.99851
8726: 0.99851
8727: 0.998511
8728: 0.998511
8729: 0.998511
8730: 0.998511
8731: 0.998511
8732: 0.998511
8733: 0.998512
8734: 0.998512
8735: 0.998512
8736: 0.998512
8737: 0.998512
8738: 0.998512
8739: 0.998513
8740: 0.998513
8741: 0.998513
8742: 0.998513
8743: 0.998513
8744: 0.998513
8745: 0.998514
8746: 0.998514
8747: 0.998514
8748: 0.998514
8749: 0.998514
8750: 0.998514
8751: 0.998515
8752: 0.998515
8753: 0.998515
8754: 0.998515
8755: 0.998515
8756: 0.998515
8757: 0.998516
8758: 0.998516
8759: 0.998516
8760: 0.998516
8761: 0.998516
8762: 0.998516
8763: 0.998517
8764: 0.998517
8765: 0.998517
8766: 0.998517
8767: 0.998517
8768: 0.998518
8769: 0.998518
8770: 0.998518
8771: 0.998518
8772: 0.998518
8773: 0.998518
8774: 0.998519
8775: 0.998519
8776: 0.998519
8777: 0.998519
8778: 0.998519
8779: 0.998519
8780: 0.99852
8781: 0.99852
8782: 0.99852
8783: 0.99852
8784: 0.99852
8785: 0.99852
8786: 0.998521
8787: 0.998521
8788: 0.998521
8789: 0.998521
8790: 0.998521
8791: 0.998521
8792: 0.998522
8793: 0.998522
8794: 0.998522
8795: 0.998522
8796: 0.998522
8797: 0.998522
8798: 0.998523
8799: 0.998523
8800: 0.998523
8801: 0.998523
8802: 0.998523
8803: 0.998523
8804: 0.998524
8805: 0.998524
8806: 0.998524
8807: 0.998524
8808: 0.998524
8809: 0.998524
8810: 0.998525
8811: 0.998525
8812: 0.998525
8813: 0.998525
8814: 0.998525
8815: 0.998525
8816: 0.998526
8817: 0.998526
8818: 0.998526
8819: 0.998526
8820: 0.998526
8821: 0.998526
8822: 0.998527
8823: 0.998527
8824: 0.998527
8825: 0.998527
8826: 0.998527
8827: 0.998527
8828: 0.998528
8829: 0.998528
8830: 0.998528
8831: 0.998528
8832: 0.998528
8833: 0.998528
8834: 0.998529
8835: 0.998529
8836: 0.998529
8837: 0.998529
8838: 0.998529
8839: 0.998529
8840: 0.99853
8841: 0.99853
8842: 0.99853
8843: 0.99853
8844: 0.99853
8845: 0.99853
8846: 0.998531
8847: 0.998531
8848: 0.998531
8849: 0.998531
8850: 0.998531
8851: 0.998531
8852: 0.998532
8853: 0.998532
8854: 0.998532
8855: 0.998532
8856: 0.998532
8857: 0.998532
8858: 0.998533
8859: 0.998533
8860: 0.998533
8861: 0.998533
8862: 0.998533
8863: 0.998533
8864: 0.998534
8865: 0.998534
8866: 0.998534
8867: 0.998534
8868: 0.998534
8869: 0.998534
8870: 0.998535
8871: 0.998535
8872: 0.998535
8873: 0.998535
8874: 0.998535
8875: 0.998535
8876: 0.998536
8877: 0.998536
8878: 0.998536
8879: 0.998536
8880: 0.998536
8881: 0.998536
8882: 0.998537
8883: 0.998537
8884: 0.998537
8885: 0.998537
8886: 0.998537
8887: 0.998537
8888: 0.998538
8889: 0.998538
8890: 0.998538
8891: 0.998538
8892: 0.998538
8893: 0.998538
8894: 0.998539
8895: 0.998539
8896: 0.998539
8897: 0.998539
8898: 0.998539
8899: 0.998539
8900: 0.998539
8901: 0.99854
8902: 0.99854
8903: 0.99854
8904: 0.99854
8905: 0.99854
8906: 0.99854
8907: 0.998541
8908: 0.998541
8909: 0.998541
8910: 0.998541
8911: 0.998541
8912: 0.998541
8913: 0.998542
8914: 0.998542
8915: 0.998542
8916: 0.998542
8917: 0.998542
8918: 0.998542
8919: 0.998543
8920: 0.998543
8921: 0.998543
8922: 0.998543
8923: 0.998543
8924: 0.998543
8925: 0.998544
8926: 0.998544
8927: 0.998544
8928: 0.998544
8929: 0.998544
8930: 0.998544
8931: 0.998545
8932: 0.998545
8933: 0.998545
8934: 0.998545
8935: 0.998545
8936: 0.998545
8937: 0.998546
8938: 0.998546
8939: 0.998546
8940: 0.998546
8941: 0.998546
8942: 0.998546
8943: 0.998547
8944: 0.998547
8945: 0.998547
8946: 0.998547
8947: 0.998547
8948: 0.998547
8949: 0.998547
8950: 0.998548
8951: 0.998548
8952: 0.998548
8953: 0.998548
8954: 0.998548
8955: 0.998548
8956: 0.998549
8957: 0.998549
8958: 0.998549
8959: 0.998549
8960: 0.998549
8961: 0.998549
8962: 0.99855
8963: 0.99855
8964: 0.99855
8965: 0.99855
8966: 0.99855
8967: 0.99855
8968: 0.998551
8969: 0.998551
8970: 0.998551
8971: 0.998551
8972: 0.998551
8973: 0.998551
8974: 0.998552
8975: 0.998552
8976: 0.998552
8977: 0.998552
8978: 0.998552
8979: 0.998552
8980: 0.998552
8981: 0.998553
8982: 0.998553
8983: 0.998553
8984: 0.998553
8985: 0.998553
8986: 0.998553
8987: 0.998554
8988: 0.998554
8989: 0.998554
8990: 0.998554
8991: 0.998554
8992: 0.998554
8993: 0.998555
8994: 0.998555
8995: 0.998555
8996: 0.998555
8997: 0.998555
8998: 0.998555
8999: 0.998556
9000: 0.998556
9001: 0.998556
9002: 0.998556
9003: 0.998556
9004: 0.998556
9005: 0.998557
9006: 0.998557
9007: 0.998557
9008: 0.998557
9009: 0.998557
9010: 0.998557
9011: 0.998557
9012: 0.998558
9013: 0.998558
9014: 0.998558
9015: 0.998558
9016: 0.998558
9017: 0.998558
9018: 0.998559
9019: 0.998559
9020: 0.998559
9021: 0.998559
9022: 0.998559
9023: 0.998559
9024: 0.99856
9025: 0.99856
9026: 0.99856
9027: 0.99856
9028: 0.99856
9029: 0.99856
9030: 0.998561
9031: 0.998561
9032: 0.998561
9033: 0.998561
9034: 0.998561
9035: 0.998561
9036: 0.998561
9037: 0.998562
9038: 0.998562
9039: 0.998562
9040: 0.998562
9041: 0.998562
9042: 0.998562
9043: 0.998563
9044: 0.998563
9045: 0.998563
9046: 0.998563
9047: 0.998563
9048: 0.998563
9049: 0.998564
9050: 0.998564
9051: 0.998564
9052: 0.998564
9053: 0.998564
9054: 0.998564
9055: 0.998564
9056: 0.998565
9057: 0.998565
9058: 0.998565
9059: 0.998565
9060: 0.998565
9061: 0.998565
9062: 0.998566
9063: 0.998566
9064: 0.998566
9065: 0.998566
9066: 0.998566
9067: 0.998566
9068: 0.998567
9069: 0.998567
9070: 0.998567
9071: 0.998567
9072: 0.998567
9073: 0.998567
9074: 0.998567
9075: 0.998568
9076: 0.998568
9077: 0.998568
9078: 0.998568
9079: 0.998568
9080: 0.998568
9081: 0.998569
9082: 0.998569
9083: 0.998569
9084: 0.998569
9085: 0.998569
9086: 0.998569
9087: 0.99857
9088: 0.99857
9089: 0.99857
9090: 0.99857
9091: 0.99857
9092: 0.99857
9093: 0.99857
9094: 0.998571
9095: 0.998571
9096: 0.998571
9097: 0.998571
9098: 0.998571
9099: 0.998571
9100: 0.998572
9101: 0.998572
9102: 0.998572
9103: 0.998572
9104: 0.998572
9105: 0.998572
9106: 0.998573
9107: 0.998573
9108: 0.998573
9109: 0.998573
9110: 0.998573
9111: 0.998573
9112: 0.998573
9113: 0.998574
9114: 0.998574
9115: 0.998574
9116: 0.998574
9117: 0.998574
9118: 0.998574
9119: 0.998575
9120: 0.998575
9121: 0.998575
9122: 0.998575
9123: 0.998575
9124: 0.998575
9125: 0.998575
9126: 0.998576
9127: 0.998576
9128: 0.998576
9129: 0.998576
9130: 0.998576
9131: 0.998576
9132: 0.998577
9133: 0.998577
9134: 0.998577
9135: 0.998577
9136: 0.998577
9137: 0.998577
9138: 0.998578
9139: 0.998578
9140: 0.998578
9141: 0.998578
9142: 0.998578
9143: 0.998578
9144: 0.998578
9145: 0.998579
9146: 0.998579
9147: 0.998579
9148: 0.998579
9149: 0.998579
9150: 0.998579
9151: 0.99858
9152: 0.99858
9153: 0.99858
9154: 0.99858
9155: 0.99858
9156: 0.99858
9157: 0.99858
9158: 0.998581
9159: 0.998581
9160: 0.998581
9161: 0.998581
9162: 0.998581
9163: 0.998581
9164: 0.998582
9165: 0.998582
9166: 0.998582
9167: 0.998582
9168: 0.998582
9169: 0.998582
9170: 0.998582
9171: 0.998583
9172: 0.998583
9173: 0.998583
9174: 0.998583
9175: 0.998583
9176: 0.998583
9177: 0.998584
9178: 0.998584
9179: 0.998584
9180: 0.998584
9181: 0.998584
9182: 0.998584
9183: 0.998584
9184: 0.998585
9185: 0.998585
9186: 0.998585
9187: 0.998585
9188: 0.998585
9189: 0.998585
9190: 0.998586
9191: 0.998586
9192: 0.998586
9193: 0.998586
9194: 0.998586
9195: 0.998586
9196: 0.998586
9197: 0.998587
9198: 0.998587
9199: 0.998587
9200: 0.998587
9201: 0.998587
9202: 0.998587
9203: 0.998588
9204: 0.998588
9205: 0.998588
9206: 0.998588
9207: 0.998588
9208: 0.998588
9209: 0.998588
9210: 0.998589
9211: 0.998589
9212: 0.998589
9213: 0.998589
9214: 0.998589
9215: 0.998589
9216: 0.99859
9217: 0.99859
9218: 0.99859
9219: 0.99859
9220: 0.99859
9221: 0.99859
9222: 0.99859
9223: 0.998591
9224: 0.998591
9225: 0.998591
9226: 0.998591
9227: 0.998591
9228: 0.998591
9229: 0.998592
9230: 0.998592
9231: 0.998592
9232: 0.998592
9233: 0.998592
9234: 0.998592
9235: 0.998592
9236: 0.998593
9237: 0.998593
9238: 0.998593
9239: 0.998593
9240: 0.998593
9241: 0.998593
9242: 0.998594
9243: 0.998594
9244: 0.998594
9245: 0.998594
9246: 0.998594
9247: 0.998594
9248: 0.998594
9249: 0.998595
9250: 0.998595
9251: 0.998595
9252: 0.998595
9253: 0.998595
9254: 0.998595
9255: 0.998596
9256: 0.998596
9257: 0.998596
9258: 0.998596
9259: 0.998596
9260: 0.998596
9261: 0.998596
9262: 0.998597
9263: 0.998597
9264: 0.998597
9265: 0.998597
9266: 0.998597
9267: 0.998597
9268: 0.998597
9269: 0.998598
9270: 0.998598
9271: 0.998598
9272: 0.998598
9273: 0.998598
9274: 0.998598
9275: 0.998599
9276: 0.998599
9277: 0.998599
9278: 0.998599
9279: 0.998599
9280: 0.998599
9281: 0.998599
9282: 0.9986
9283: 0.9986
9284: 0.9986
9285: 0.9986
9286: 0.9986
9287: 0.9986
9288: 0.9986
9289: 0.998601
9290: 0.998601
9291: 0.998601
9292: 0.998601
9293: 0.998601
9294: 0.998601
9295: 0.998602
9296: 0.998602
9297: 0.998602
9298: 0.998602
9299: 0.998602
9300: 0.998602
9301: 0.998602
9302: 0.998603
9303: 0.998603
9304: 0.998603
9305: 0.998603
9306: 0.998603
9307: 0.998603
9308: 0.998604
9309: 0.998604
9310: 0.998604
9311: 0.998604
9312: 0.998604
9313: 0.998604
9314: 0.998604
9315: 0.998605
9316: 0.998605
9317: 0.998605
9318: 0.998605
9319: 0.998605
9320: 0.998605
9321: 0.998605
9322: 0.998606
9323: 0.998606
9324: 0.998606
9325: 0.998606
9326: 0.998606
9327: 0.998606
9328: 0.998606
9329: 0.998607
9330: 0.998607
9331: 0.998607
9332: 0.998607
9333: 0.998607
9334: 0.998607
9335: 0.998608
9336: 0.998608
9337: 0.998608
9338: 0.998608
9339: 0.998608
9340: 0.998608
9341: 0.998608
9342: 0.998609
9343: 0.998609
9344: 0.998609
9345: 0.998609
9346: 0.998609
9347: 0.998609
9348: 0.998609
9349: 0.99861
9350: 0.99861
9351: 0.99861
9352: 0.99861
9353: 0.99861
9354: 0.99861
9355: 0.998611
9356: 0.998611
9357: 0.998611
9358: 0.998611
9359: 0.998611
9360: 0.998611
9361: 0.998611
9362: 0.998612
9363: 0.998612
9364: 0.998612
9365: 0.998612
9366: 0.998612
9367: 0.998612
9368: 0.998612
9369: 0.998613
9370: 0.998613
9371: 0.998613
9372: 0.998613
9373: 0.998613
9374: 0.998613
9375: 0.998613
9376: 0.998614
9377: 0.998614
9378: 0.998614
9379: 0.998614
9380: 0.998614
9381: 0.998614
9382: 0.998615
9383: 0.998615
9384: 0.998615
9385: 0.998615
9386: 0.998615
9387: 0.998615
9388: 0.998615
9389: 0.998616
9390: 0.998616
9391: 0.998616
9392: 0.998616
9393: 0.998616
9394: 0.998616
9395: 0.998616
9396: 0.998617
9397: 0.998617
9398: 0.998617
9399: 0.998617
9400: 0.998617
9401: 0.998617
9402: 0.998617
9403: 0.998618
9404: 0.998618
9405: 0.998618
9406: 0.998618
9407: 0.998618
9408: 0.998618
9409: 0.998618
9410: 0.998619
9411: 0.998619
9412: 0.998619
9413: 0.998619
9414: 0.998619
9415: 0.998619
9416: 0.99862
9417: 0.99862
9418: 0.99862
9419: 0.99862
9420: 0.99862
9421: 0.99862
9422: 0.99862
9423: 0.998621
9424: 0.998621
9425: 0.998621
9426: 0.998621
9427: 0.998621
9428: 0.998621
9429: 0.998621
9430: 0.998622
9431: 0.998622
9432: 0.998622
9433: 0.998622
9434: 0.998622
9435: 0.998622
9436: 0.998622
9437: 0.998623
9438: 0.998623
9439: 0.998623
9440: 0.998623
9441: 0.998623
9442: 0.998623
9443: 0.998623
9444: 0.998624
9445: 0.998624
9446: 0.998624
9447: 0.998624
9448: 0.998624
9449: 0.998624
9450: 0.998624
9451: 0.998625
9452: 0.998625
9453: 0.998625
9454: 0.998625
9455: 0.998625
9456: 0.998625
9457: 0.998626
9458: 0.998626
9459: 0.998626
9460: 0.998626
9461: 0.998626
9462: 0.998626
9463: 0.998626
9464: 0.998627
9465: 0.998627
9466: 0.998627
9467: 0.998627
9468: 0.998627
9469: 0.998627
9470: 0.998627
9471: 0.998628
9472: 0.998628
9473: 0.998628
9474: 0.998628
9475: 0.998628
9476: 0.998628
9477: 0.998628
9478: 0.998629
9479: 0.998629
9480: 0.998629
9481: 0.998629
9482: 0.998629
9483: 0.998629
9484: 0.998629
9485: 0.99863
9486: 0.99863
9487: 0.99863
9488: 0.99863
9489: 0.99863
9490: 0.99863
9491: 0.99863
9492: 0.998631
9493: 0.998631
9494: 0.998631
9495: 0.998631
9496: 0.998631
9497: 0.998631
9498: 0.998631
9499: 0.998632
9500: 0.998632
9501: 0.998632
9502: 0.998632
9503: 0.998632
9504: 0.998632
9505: 0.998632
9506: 0.998633
9507: 0.998633
9508: 0.998633
9509: 0.998633
9510: 0.998633
9511: 0.998633
9512: 0.998633
9513: 0.998634
9514: 0.998634
9515: 0.998634
9516: 0.998634
9517: 0.998634
9518: 0.998634
9519: 0.998634
9520: 0.998635
9521: 0.998635
9522: 0.998635
9523: 0.998635
9524: 0.998635
9525: 0.998635
9526: 0.998635
9527: 0.998636
9528: 0.998636
9529: 0.998636
9530: 0.998636
9531: 0.998636
9532: 0.998636
9533: 0.998636
9534: 0.998637
9535: 0.998637
9536: 0.998637
9537: 0.998637
9538: 0.998637
9539: 0.998637
9540: 0.998637
9541: 0.998638
9542: 0.998638
9543: 0.998638
9544: 0.998638
9545: 0.998638
9546: 0.998638
9547: 0.998638
9548: 0.998639
9549: 0.998639
9550: 0.998639
9551: 0.998639
9552: 0.998639
9553: 0.998639
9554: 0.998639
9555: 0.99864
9556: 0.99864
9557: 0.99864
9558: 0.99864
9559: 0.99864
9560: 0.99864
9561: 0.99864
9562: 0.998641
9563: 0.998641
9564: 0.998641
9565: 0.998641
9566: 0.998641
9567: 0.998641
9568: 0.998641
9569: 0.998642
9570: 0.998642
9571: 0.998642
9572: 0.998642
9573: 0.998642
9574: 0.998642
9575: 0.998642
9576: 0.998643
9577: 0.998643
9578: 0.998643
9579: 0.998643
9580: 0.998643
9581: 0.998643
9582: 0.998643
9583: 0.998644
9584: 0.998644
9585: 0.998644
9586: 0.998644
9587: 0.998644
9588: 0.998644
9589: 0.998644
9590: 0.998645
9591: 0.998645
9592: 0.998645
9593: 0.998645
9594: 0.998645
9595: 0.998645
9596: 0.998645
9597: 0.998646
9598: 0.998646
9599: 0.998646
9600: 0.998646
9601: 0.998646
9602: 0.998646
9603: 0.998646
9604: 0.998647
9605: 0.998647
9606: 0.998647
9607: 0.998647
9608: 0.998647
9609: 0.998647
9610: 0.998647
9611: 0.998648
9612: 0.998648
9613: 0.998648
9614: 0.998648
9615: 0.998648
9616: 0.998648
9617: 0.998648
9618: 0.998649
9619: 0.998649
9620: 0.998649
9621: 0.998649
9622: 0.998649
9623: 0.998649
9624: 0.998649
9625: 0.998649
9626: 0.99865
9627: 0.99865
9628: 0.99865
9629: 0.99865
9630: 0.99865
9631: 0.99865
9632: 0.99865
9633: 0.998651
9634: 0.998651
9635: 0.998651
9636: 0.998651
9637: 0.998651
9638: 0.998651
9639: 0.998651
9640: 0.998652
9641: 0.998652
9642: 0.998652
9643: 0.998652
9644: 0.998652
9645: 0.998652
9646: 0.998652
9647: 0.998653
9648: 0.998653
9649: 0.998653
9650: 0.998653
9651: 0.998653
9652: 0.998653
9653: 0.998653
9654: 0.998654
9655: 0.998654
9656: 0.998654
9657: 0.998654
9658: 0.998654
9659: 0.998654
9660: 0.998654
9661: 0.998655
9662: 0.998655
9663: 0.998655
9664: 0.998655
9665: 0.998655
9666: 0.998655
9667: 0.998655
9668: 0.998655
9669: 0.998656
9670: 0.998656
9671: 0.998656
9672: 0.998656
9673: 0.998656
9674: 0.998656
9675: 0.998656
9676: 0.998657
9677: 0.998657
9678: 0.998657
9679: 0.998657
9680: 0.998657
9681: 0.998657
9682: 0.998657
9683: 0.998658
9684: 0.998658
9685: 0.998658
9686: 0.998658
9687: 0.998658
9688: 0.998658
9689: 0.998658
9690: 0.998659
9691: 0.998659
9692: 0.998659
9693: 0.998659
9694: 0.998659
9695: 0.998659
9696: 0.998659
9697: 0.99866
9698: 0.99866
9699: 0.99866
9700: 0.99866
9701: 0.99866
9702: 0.99866
9703: 0.99866
9704: 0.99866
9705: 0.998661
9706: 0.998661
9707: 0.998661
9708: 0.998661
9709: 0.998661
9710: 0.998661
9711: 0.998661
9712: 0.998662
9713: 0.998662
9714: 0.998662
9715: 0.998662
9716: 0.998662
9717: 0.998662
9718: 0.998662
9719: 0.998663
9720: 0.998663
9721: 0.998663
9722: 0.998663
9723: 0.998663
9724: 0.998663
9725: 0.998663
9726: 0.998664
9727: 0.998664
9728: 0.998664
9729: 0.998664
9730: 0.998664
9731: 0.998664
9732: 0.998664
9733: 0.998664
9734: 0.998665
9735: 0.998665
9736: 0.998665
9737: 0.998665
9738: 0.998665
9739: 0.998665
9740: 0.998665
9741: 0.998666
9742: 0.998666
9743: 0.998666
9744: 0.998666
9745: 0.998666
9746: 0.998666
9747: 0.998666
9748: 0.998667
9749: 0.998667
9750: 0.998667
9751: 0.998667
9752: 0.998667
9753: 0.998667
9754: 0.998667
9755: 0.998667
9756: 0.998668
9757: 0.998668
9758: 0.998668
9759: 0.998668
9760: 0.998668
9761: 0.998668
9762: 0.998668
9763: 0.998669
9764: 0.998669
9765: 0.998669
9766: 0.998669
9767: 0.998669
9768: 0.998669
9769: 0.998669
9770: 0.99867
9771: 0.99867
9772: 0.99867
9773: 0.99867
9774: 0.99867
9775: 0.99867
9776: 0.99867
9777: 0.99867
9778: 0.998671
9779: 0.998671
9780: 0.998671
9781: 0.998671
9782: 0.998671
9783: 0.998671
9784: 0.998671
9785: 0.998672
9786: 0.998672
9787: 0.998672
9788: 0.998672
9789: 0.998672
9790: 0.998672
9791: 0.998672
9792: 0.998673
9793: 0.998673
9794: 0.998673
9795: 0.998673
9796: 0.998673
9797: 0.998673
9798: 0.998673
9799: 0.998673
9800: 0.998674
9801: 0.998674
9802: 0.998674
9803: 0.998674
9804: 0.998674
9805: 0.998674
9806: 0.998674
9807: 0.998675
9808: 0.998675
9809: 0.998675
9810: 0.998675
9811: 0.998675
9812: 0.998675
9813: 0.998675
9814: 0.998675
9815: 0.998676
9816: 0.998676
9817: 0.998676
9818: 0.998676
9819: 0.998676
9820: 0.998676
9821: 0.998676
9822: 0.998677
9823: 0.998677
9824: 0.998677
9825: 0.998677
9826: 0.998677
9827: 0.998677
9828: 0.998677
9829: 0.998678
9830: 0.998678
9831: 0.998678
9832: 0.998678
9833: 0.998678
9834: 0.998678
9835: 0.998678
9836: 0.998678
9837: 0.998679
9838: 0.998679
9839: 0.998679
9840: 0.998679
9841: 0.998679
9842: 0.998679
9843: 0.998679
9844: 0.99868
9845: 0.99868
9846: 0.99868
9847: 0.99868
9848: 0.99868
9849: 0.99868
9850: 0.99868
9851: 0.99868
9852: 0.998681
9853: 0.998681
9854: 0.998681
9855: 0.998681
9856: 0.998681
9857: 0.998681
9858: 0.998681
9859: 0.998682
9860: 0.998682
9861: 0.998682
9862: 0.998682
9863: 0.998682
9864: 0.998682
9865: 0.998682
9866: 0.998682
9867: 0.998683
9868: 0.998683
9869: 0.998683
9870: 0.998683
9871: 0.998683
9872: 0.998683
9873: 0.998683
9874: 0.998684
9875: 0.998684
9876: 0.998684
9877: 0.998684
9878: 0.998684
9879: 0.998684
9880: 0.998684
9881: 0.998684
9882: 0.998685
9883: 0.998685
9884: 0.998685
9885: 0.998685
9886: 0.998685
9887: 0.998685
9888: 0.998685
9889: 0.998686
9890: 0.998686
9891: 0.998686
9892: 0.998686
9893: 0.998686
9894: 0.998686
9895: 0.998686
9896: 0.998686
9897: 0.998687
9898: 0.998687
9899: 0.998687
9900: 0.998687
9901: 0.998687
9902: 0.998687
9903: 0.998687
9904: 0.998688
9905: 0.998688
9906: 0.998688
9907: 0.998688
9908: 0.998688
9909: 0.998688
9910: 0.998688
9911: 0.998688
9912: 0.998689
9913: 0.998689
9914: 0.998689
9915: 0.998689
9916: 0.998689
9917: 0.998689
9918: 0.998689
9919: 0.99869
9920: 0.99869
9921: 0.99869
9922: 0.99869
9923: 0.99869
9924: 0.99869
9925: 0.99869
9926: 0.99869
9927: 0.998691
9928: 0.998691
9929: 0.998691
9930: 0.998691
9931: 0.998691
9932: 0.998691
9933: 0.998691
9934: 0.998691
9935: 0.998692
9936: 0.998692
9937: 0.998692
9938: 0.998692
9939: 0.998692
9940: 0.998692
9941: 0.998692
9942: 0.998693
9943: 0.998693
9944: 0.998693
9945: 0.998693
9946: 0.998693
9947: 0.998693
9948: 0.998693
9949: 0.998693
9950: 0.998694
9951: 0.998694
9952: 0.998694
9953: 0.998694
9954: 0.998694
9955: 0.998694
9956: 0.998694
9957: 0.998695
9958: 0.998695
9959: 0.998695
9960: 0.998695
9961: 0.998695
9962: 0.998695
9963: 0.998695
9964: 0.998695
9965: 0.998696
9966: 0.998696
9967: 0.998696
9968: 0.998696
9969: 0.998696
9970: 0.998696
9971: 0.998696
9972: 0.998696
9973: 0.998697
9974: 0.998697
9975: 0.998697
9976: 0.998697
9977: 0.998697
9978: 0.998697
9979: 0.998697
9980: 0.998698
9981: 0.998698
9982: 0.998698
9983: 0.998698
9984: 0.998698
9985: 0.998698
9986: 0.998698
9987: 0.998698
9988: 0.998699
9989: 0.998699
9990: 0.998699
9991: 0.998699
9992: 0.998699
9993: 0.998699
9994: 0.998699
9995: 0.998699
9996: 0.9987
9997: 0.9987
9998: 0.9987
9999: 0.9987
10000: 0.9987
10001: 0.9987
10002: 0.9987
10003: 0.998701
10004: 0.998701
10005: 0.998701
10006: 0.998701
10007: 0.998701
10008: 0.998701
10009: 0.998701
10010: 0.998701
10011: 0.998702
10012: 0.998702
10013: 0.998702
10014: 0.998702
10015: 0.998702
10016: 0.998702
10017: 0.998702
10018: 0.998702
10019: 0.998703
10020: 0.998703
10021: 0.998703
10022: 0.998703
10023: 0.998703
10024: 0.998703
10025: 0.998703
10026: 0.998704
10027: 0.998704
10028: 0.998704
10029: 0.998704
10030: 0.998704
10031: 0.998704
10032: 0.998704
10033: 0.998704
10034: 0.998705
10035: 0.998705
10036: 0.998705
10037: 0.998705
10038: 0.998705
10039: 0.998705
10040: 0.998705
10041: 0.998705
10042: 0.998706
10043: 0.998706
10044: 0.998706
10045: 0.998706
10046: 0.998706
10047: 0.998706
10048: 0.998706
10049: 0.998706
10050: 0.998707
10051: 0.998707
10052: 0.998707
10053: 0.998707
10054: 0.998707
10055: 0.998707
10056: 0.998707
10057: 0.998707
10058: 0.998708
10059: 0.998708
10060: 0.998708
10061: 0.998708
10062: 0.998708
10063: 0.998708
10064: 0.998708
10065: 0.998709
10066: 0.998709
10067: 0.998709
10068: 0.998709
10069: 0.998709
10070: 0.998709
10071: 0.998709
10072: 0.998709
10073: 0.99871
10074: 0.99871
10075: 0.99871
10076: 0.99871
10077: 0.99871
10078: 0.99871
10079: 0.99871
10080: 0.99871
10081: 0.998711
10082: 0.998711
10083: 0.998711
10084: 0.998711
10085: 0.998711
10086: 0.998711
10087: 0.998711
10088: 0.998711
10089: 0.998712
10090: 0.998712
10091: 0.998712
10092: 0.998712
10093: 0.998712
10094: 0.998712
10095: 0.998712
10096: 0.998712
10097: 0.998713
10098: 0.998713
10099: 0.998713
10100: 0.998713
10101: 0.998713
10102: 0.998713
10103: 0.998713
10104: 0.998714
10105: 0.998714
10106: 0.998714
10107: 0.998714
10108: 0.998714
10109: 0.998714
10110: 0.998714
10111: 0.998714
10112: 0.998715
10113: 0.998715
10114: 0.998715
10115: 0.998715
10116: 0.998715
10117: 0.998715
10118: 0.998715
10119: 0.998715
10120: 0.998716
10121: 0.998716
10122: 0.998716
10123: 0.998716
10124: 0.998716
10125: 0.998716
10126: 0.998716
10127: 0.998716
10128: 0.998717
10129: 0.998717
10130: 0.998717
10131: 0.998717
10132: 0.998717
10133: 0.998717
10134: 0.998717
10135: 0.998717
10136: 0.998718
10137: 0.998718
10138: 0.998718
10139: 0.998718
10140: 0.998718
10141: 0.998718
10142: 0.998718
10143: 0.998718
10144: 0.998719
10145: 0.998719
10146: 0.998719
10147: 0.998719
10148: 0.998719
10149: 0.998719
10150: 0.998719
10151: 0.998719
10152: 0.99872
10153: 0.99872
10154: 0.99872
10155: 0.99872
10156: 0.99872
10157: 0.99872
10158: 0.99872
10159: 0.99872
10160: 0.998721
10161: 0.998721
10162: 0.998721
10163: 0.998721
10164: 0.998721
10165: 0.998721
10166: 0.998721
10167: 0.998721
10168: 0.998722
10169: 0.998722
10170: 0.998722
10171: 0.998722
10172: 0.998722
10173: 0.998722
10174: 0.998722
10175: 0.998722
10176: 0.998723
10177: 0.998723
10178: 0.998723
10179: 0.998723
10180: 0.998723
10181: 0.998723
10182: 0.998723
10183: 0.998723
10184: 0.998724
10185: 0.998724
10186: 0.998724
10187: 0.998724
10188: 0.998724
10189: 0.998724
10190: 0.998724
10191: 0.998724
10192: 0.998725
10193: 0.998725
10194: 0.998725
10195: 0.998725
10196: 0.998725
10197: 0.998725
10198: 0.998725
10199: 0.998725
10200: 0.998726
10201: 0.998726
10202: 0.998726
10203: 0.998726
10204: 0.998726
10205: 0.998726
10206: 0.998726
10207: 0.998726
10208: 0.998727
10209: 0.998727
10210: 0.998727
10211: 0.998727
10212: 0.998727
10213: 0.998727
10214: 0.998727
10215: 0.998727
10216: 0.998728
10217: 0.998728
10218: 0.998728
10219: 0.998728
10220: 0.998728
10221: 0.998728
10222: 0.998728
10223: 0.998728
10224: 0.998729
10225: 0.998729
10226: 0.998729
10227: 0.998729
10228: 0.998729
10229: 0.998729
10230: 0.998729
10231: 0.998729
10232: 0.99873
10233: 0.99873
10234: 0.99873
10235: 0.99873
10236: 0.99873
10237: 0.99873
10238: 0.99873
10239: 0.99873
10240: 0.998731
10241: 0.998731
10242: 0.998731
10243: 0.998731
10244: 0.998731
10245: 0.998731
10246: 0.998731
10247: 0.998731
10248: 0.998732
10249: 0.998732
10250: 0.998732
10251: 0.998732
10252: 0.998732
10253: 0.998732
10254: 0.998732
10255: 0.998732
10256: 0.998733
10257: 0.998733
10258: 0.998733
10259: 0.998733
10260: 0.998733
10261: 0.998733
10262: 0.998733
10263: 0.998733
10264: 0.998734
10265: 0.998734
10266: 0.998734
10267: 0.998734
10268: 0.998734
10269: 0.998734
10270: 0.998734
10271: 0.998734
10272: 0.998735
10273: 0.998735
10274: 0.998735
10275: 0.998735
10276: 0.998735
10277: 0.998735
10278: 0.998735
10279: 0.998735
10280: 0.998736
10281: 0.998736
10282: 0.998736
10283: 0.998736
10284: 0.998736
10285: 0.998736
10286: 0.998736
10287: 0.998736
10288: 0.998737
10289: 0.998737
10290: 0.998737
10291: 0.998737
10292: 0.998737
10293: 0.998737
10294: 0.998737
10295: 0.998737
10296: 0.998737
10297: 0.998738
10298: 0.998738
10299: 0.998738
10300: 0.998738
10301: 0.998738
10302: 0.998738
10303: 0.998738
10304: 0.998738
10305: 0.998739
10306: 0.998739
10307: 0.998739
10308: 0.998739
10309: 0.998739
10310: 0.998739
10311: 0.998739
10312: 0.998739
10313: 0.99874
10314: 0.99874
10315: 0.99874
10316: 0.99874
10317: 0.99874
10318: 0.99874
10319: 0.99874
10320: 0.99874
10321: 0.998741
10322: 0.998741
10323: 0.998741
10324: 0.998741
10325: 0.998741
10326: 0.998741
10327: 0.998741
10328: 0.998741
10329: 0.998742
10330: 0.998742
10331: 0.998742
10332: 0.998742
10333: 0.998742
10334: 0.998742
10335: 0.998742
10336: 0.998742
10337: 0.998743
10338: 0.998743
10339: 0.998743
10340: 0.998743
10341: 0.998743
10342: 0.998743
10343: 0.998743
10344: 0.998743
10345: 0.998743
10346: 0.998744
10347: 0.998744
10348: 0.998744
10349: 0.998744
10350: 0.998744
10351: 0.998744
10352: 0.998744
10353: 0.998744
10354: 0.998745
10355: 0.998745
10356: 0.998745
10357: 0.998745
10358: 0.998745
10359: 0.998745
10360: 0.998745
10361: 0.998745
10362: 0.998746
10363: 0.998746
10364: 0.998746
10365: 0.998746
10366: 0.998746
10367: 0.998746
10368: 0.998746
10369: 0.998746
10370: 0.998747
10371: 0.998747
10372: 0.998747
10373: 0.998747
10374: 0.998747
10375: 0.998747
10376: 0.998747
10377: 0.998747
10378: 0.998747
10379: 0.998748
10380: 0.998748
10381: 0.998748
10382: 0.998748
10383: 0.998748
10384: 0.998748
10385: 0.998748
10386: 0.998748
10387: 0.998749
10388: 0.998749
10389: 0.998749
10390: 0.998749
10391: 0.998749
10392: 0.998749
10393: 0.998749
10394: 0.998749
10395: 0.99875
10396: 0.99875
10397: 0.99875
10398: 0.99875
10399: 0.99875
10400: 0.99875
10401: 0.99875
10402: 0.99875
10403: 0.99875
10404: 0.998751
10405: 0.998751
10406: 0.998751
10407: 0.998751
10408: 0.998751
10409: 0.998751
10410: 0.998751
10411: 0.998751
10412: 0.998752
10413: 0.998752
10414: 0.998752
10415: 0.998752
10416: 0.998752
10417: 0.998752
10418: 0.998752
10419: 0.998752
10420: 0.998753
10421: 0.998753
10422: 0.998753
10423: 0.998753
10424: 0.998753
10425: 0.998753
10426: 0.998753
10427: 0.998753
10428: 0.998753
10429: 0.998754
10430: 0.998754
10431: 0.998754
10432: 0.998754
10433: 0.998754
10434: 0.998754
10435: 0.998754
10436: 0.998754
10437: 0.998755
10438: 0.998755
10439: 0.998755
10440: 0.998755
10441: 0.998755
10442: 0.998755
10443: 0.998755
10444: 0.998755
10445: 0.998756
10446: 0.998756
10447: 0.998756
10448: 0.998756
10449: 0.998756
10450: 0.998756
10451: 0.998756
10452: 0.998756
10453: 0.998756
10454: 0.998757
10455: 0.998757
10456: 0.998757
10457: 0.998757
10458: 0.998757
10459: 0.998757
10460: 0.998757
10461: 0.998757
10462: 0.998758
10463: 0.998758
10464: 0.998758
10465: 0.998758
10466: 0.998758
10467: 0.998758
10468: 0.998758
10469: 0.998758
10470: 0.998758
10471: 0.998759
10472: 0.998759
10473: 0.998759
10474: 0.998759
10475: 0.998759
10476: 0.998759
10477: 0.998759
10478: 0.998759
10479: 0.99876
10480: 0.99876
10481: 0.99876
10482: 0.99876
10483: 0.99876
10484: 0.99876
10485: 0.99876
10486: 0.99876
10487: 0.99876
10488: 0.998761
10489: 0.998761
10490: 0.998761
10491: 0.998761
10492: 0.998761
10493: 0.998761
10494: 0.998761
10495: 0.998761
10496: 0.998762
10497: 0.998762
10498: 0.998762
10499: 0.998762
10500: 0.998762
10501: 0.998762
10502: 0.998762
10503: 0.998762
10504: 0.998762
10505: 0.998763
10506: 0.998763
10507: 0.998763
10508: 0.998763
10509: 0.998763
10510: 0.998763
10511: 0.998763
10512: 0.998763
10513: 0.998764
10514: 0.998764
10515: 0.998764
10516: 0.998764
10517: 0.998764
10518: 0.998764
10519: 0.998764
10520: 0.998764
10521: 0.998764
10522: 0.998765
10523: 0.998765
10524: 0.998765
10525: 0.998765
10526: 0.998765
10527: 0.998765
10528: 0.998765
10529: 0.998765
10530: 0.998766
10531: 0.998766
10532: 0.998766
10533: 0.998766
10534: 0.998766
10535: 0.998766
10536: 0.998766
10537: 0.998766
10538: 0.998766
10539: 0.998767
10540: 0.998767
10541: 0.998767
10542: 0.998767
10543: 0.998767
10544: 0.998767
10545: 0.998767
10546: 0.998767
10547: 0.998768
10548: 0.998768
10549: 0.998768
10550: 0.998768
10551: 0.998768
10552: 0.998768
10553: 0.998768
10554: 0.998768
10555: 0.998768
10556: 0.998769
10557: 0.998769
10558: 0.998769
10559: 0.998769
10560: 0.998769
10561: 0.998769
10562: 0.998769
10563: 0.998769
10564: 0.99877
10565: 0.99877
10566: 0.99877
10567: 0.99877
10568: 0.99877
10569: 0.99877
10570: 0.99877
10571: 0.99877
10572: 0.99877
10573: 0.998771
10574: 0.998771
10575: 0.998771
10576: 0.998771
10577: 0.998771
10578: 0.998771
10579: 0.998771
10580: 0.998771
10581: 0.998771
10582: 0.998772
10583: 0.998772
10584: 0.998772
10585: 0.998772
10586: 0.998772
10587: 0.998772
10588: 0.998772
10589: 0.998772
10590: 0.998773
10591: 0.998773
10592: 0.998773
10593: 0.998773
10594: 0.998773
10595: 0.998773
10596: 0.998773
10597: 0.998773
10598: 0.998773
10599: 0.998774
10600: 0.998774
10601: 0.998774
10602: 0.998774
10603: 0.998774
10604: 0.998774
10605: 0.998774
10606: 0.998774
10607: 0.998775
10608: 0.998775
10609: 0.998775
10610: 0.998775
10611: 0.998775
10612: 0.998775
10613: 0.998775
10614: 0.998775
10615: 0.998775
10616: 0.998776
10617: 0.998776
10618: 0.998776
10619: 0.998776
10620: 0.998776
10621: 0.998776
10622: 0.998776
10623: 0.998776
10624: 0.998776
10625: 0.998777
10626: 0.998777
10627: 0.998777
10628: 0.998777
10629: 0.998777
10630: 0.998777
10631: 0.998777
10632: 0.998777
10633: 0.998778
10634: 0.998778
10635: 0.998778
10636: 0.998778
10637: 0.998778
10638: 0.998778
10639: 0.998778
10640: 0.998778
10641: 0.998778
10642: 0.998779
10643: 0.998779
10644: 0.998779
10645: 0.998779
10646: 0.998779
10647: 0.998779
10648: 0.998779
10649: 0.998779
10650: 0.998779
10651: 0.99878
10652: 0.99878
10653: 0.99878
10654: 0.99878
10655: 0.99878
10656: 0.99878
10657: 0.99878
10658: 0.99878
10659: 0.99878
10660: 0.998781
10661: 0.998781
10662: 0.998781
10663: 0.998781
10664: 0.998781
10665: 0.998781
10666: 0.998781
10667: 0.998781
10668: 0.998782
10669: 0.998782
10670: 0.998782
10671: 0.998782
10672: 0.998782
10673: 0.998782
10674: 0.998782
10675: 0.998782
10676: 0.998782
10677: 0.998783
10678: 0.998783
10679: 0.998783
10680: 0.998783
10681: 0.998783
10682: 0.998783
10683: 0.998783
10684: 0.998783
10685: 0.998783
10686: 0.998784
10687: 0.998784
10688: 0.998784
10689: 0.998784
10690: 0.998784
10691: 0.998784
10692: 0.998784
10693: 0.998784
10694: 0.998784
10695: 0.998785
10696: 0.998785
10697: 0.998785
10698: 0.998785
10699: 0.998785
10700: 0.998785
10701: 0.998785
10702: 0.998785
10703: 0.998786
10704: 0.998786
10705: 0.998786
10706: 0.998786
10707: 0.998786
10708: 0.998786
10709: 0.998786
10710: 0.998786
10711: 0.998786
10712: 0.998787
10713: 0.998787
10714: 0.998787
10715: 0.998787
10716: 0.998787
10717: 0.998787
10718: 0.998787
10719: 0.998787
10720: 0.998787
10721: 0.998788
10722: 0.998788
10723: 0.998788
10724: 0.998788
10725: 0.998788
10726: 0.998788
10727: 0.998788
10728: 0.998788
10729: 0.998788
10730: 0.998789
10731: 0.998789
10732: 0.998789
10733: 0.998789
10734: 0.998789
10735: 0.998789
10736: 0.998789
10737: 0.998789
10738: 0.998789
10739: 0.99879
10740: 0.99879
10741: 0.99879
10742: 0.99879
10743: 0.99879
10744: 0.99879
10745: 0.99879
10746: 0.99879
10747: 0.99879
10748: 0.998791
10749: 0.998791
10750: 0.998791
10751: 0.998791
10752: 0.998791
10753: 0.998791
10754: 0.998791
10755: 0.998791
10756: 0.998791
10757: 0.998792
10758: 0.998792
10759: 0.998792
10760: 0.998792
10761: 0.998792
10762: 0.998792
10763: 0.998792
10764: 0.998792
10765: 0.998792
10766: 0.998793
10767: 0.998793
10768: 0.998793
10769: 0.998793
10770: 0.998793
10771: 0.998793
10772: 0.998793
10773: 0.998793
10774: 0.998794
10775: 0.998794
10776: 0.998794
10777: 0.998794
10778: 0.998794
10779: 0.998794
10780: 0.998794
10781: 0.998794
10782: 0.998794
10783: 0.998795
10784: 0.998795
10785: 0.998795
10786: 0.998795
10787: 0.998795
10788: 0.998795
10789: 0.998795
10790: 0.998795
10791: 0.998795
10792: 0.998796
10793: 0.998796
10794: 0.998796
10795: 0.998796
10796: 0.998796
10797: 0.998796
10798: 0.998796
10799: 0.998796
10800: 0.998796
10801: 0.998797
10802: 0.998797
10803: 0.998797
10804: 0.998797
10805: 0.998797
10806: 0.998797
10807: 0.998797
10808: 0.998797
10809: 0.998797
10810: 0.998798
10811: 0.998798
10812: 0.998798
10813: 0.998798
10814: 0.998798
10815: 0.998798
10816: 0.998798
10817: 0.998798
10818: 0.998798
10819: 0.998799
10820: 0.998799
10821: 0.998799
10822: 0.998799
10823: 0.998799
10824: 0.998799
10825: 0.998799
10826: 0.998799
10827: 0.998799
10828: 0.9988
10829: 0.9988
10830: 0.9988
10831: 0.9988
10832: 0.9988
10833: 0.9988
10834: 0.9988
10835: 0.9988
10836: 0.9988
10837: 0.998801
10838: 0.998801
10839: 0.998801
10840: 0.998801
10841: 0.998801
10842: 0.998801
10843: 0.998801
10844: 0.998801
10845: 0.998801
10846: 0.998802
10847: 0.998802
10848: 0.998802
10849: 0.998802
10850: 0.998802
10851: 0.998802
10852: 0.998802
10853: 0.998802
10854: 0.998802
10855: 0.998803
10856: 0.998803
10857: 0.998803
10858: 0.998803
10859: 0.998803
10860: 0.998803
10861: 0.998803
10862: 0.998803
10863: 0.998803
10864: 0.998803
10865: 0.998804
10866: 0.998804
10867: 0.998804
10868: 0.998804
10869: 0.998804
10870: 0.998804
10871: 0.998804
10872: 0.998804
10873: 0.998804
10874: 0.998805
10875: 0.998805
10876: 0.998805
10877: 0.998805
10878: 0.998805
10879: 0.998805
10880: 0.998805
10881: 0.998805
10882: 0.998805
10883: 0.998806
10884: 0.998806
10885: 0.998806
10886: 0.998806
10887: 0.998806
10888: 0.998806
10889: 0.998806
10890: 0.998806
10891: 0.998806
10892: 0.998807
10893: 0.998807
10894: 0.998807
10895: 0.998807
10896: 0.998807
10897: 0.998807
10898: 0.998807
10899: 0.998807
10900: 0.998807
10901: 0.998808
10902: 0.998808
10903: 0.998808
10904: 0.998808
10905: 0.998808
10906: 0.998808
10907: 0.998808
10908: 0.998808
10909: 0.998808
10910: 0.998809
10911: 0.998809
10912: 0.998809
10913: 0.998809
10914: 0.998809
10915: 0.998809
10916: 0.998809
10917: 0.998809
10918: 0.998809
10919: 0.99881
10920: 0.99881
10921: 0.99881
10922: 0.99881
10923: 0.99881
10924: 0.99881
10925: 0.99881
10926: 0.99881
10927: 0.99881
10928: 0.998811
10929: 0.998811
10930: 0.998811
10931: 0.998811
10932: 0.998811
10933: 0.998811
10934: 0.998811
10935: 0.998811
10936: 0.998811
10937: 0.998811
10938: 0.998812
10939: 0.998812
10940: 0.998812
10941: 0.998812
10942: 0.998812
10943: 0.998812
10944: 0.998812
10945: 0.998812
10946: 0.998812
10947: 0.998813
10948: 0.998813
10949: 0.998813
10950: 0.998813
10951: 0.998813
10952: 0.998813
10953: 0.998813
10954: 0.998813
10955: 0.998813
10956: 0.998814
10957: 0.998814
10958: 0.998814
10959: 0.998814
10960: 0.998814
10961: 0.998814
10962: 0.998814
10963: 0.998814
10964: 0.998814
10965: 0.998815
10966: 0.998815
10967: 0.998815
10968: 0.998815
10969: 0.998815
10970: 0.998815
10971: 0.998815
10972: 0.998815
10973: 0.998815
10974: 0.998815
10975: 0.998816
10976: 0.998816
10977: 0.998816
10978: 0.998816
10979: 0.998816
10980: 0.998816
10981: 0.998816
10982: 0.998816
10983: 0.998816
10984: 0.998817
10985: 0.998817
10986: 0.998817
10987: 0.998817
10988: 0.998817
10989: 0.998817
10990: 0.998817
10991: 0.998817
10992: 0.998817
10993: 0.998818
10994: 0.998818
10995: 0.998818
10996: 0.998818
10997: 0.998818
10998: 0.998818
10999: 0.998818
11000: 0.998818
11001: 0.998818
11002: 0.998819
11003: 0.998819
11004: 0.998819
11005: 0.998819
11006: 0.998819
11007: 0.998819
11008: 0.998819
11009: 0.998819
11010: 0.998819
11011: 0.998819
11012: 0.99882
11013: 0.99882
11014: 0.99882
11015: 0.99882
11016: 0.99882
11017: 0.99882
11018: 0.99882
11019: 0.99882
11020: 0.99882
11021: 0.998821
11022: 0.998821
11023: 0.998821
11024: 0.998821
11025: 0.998821
11026: 0.998821
11027: 0.998821
11028: 0.998821
11029: 0.998821
11030: 0.998822
11031: 0.998822
11032: 0.998822
11033: 0.998822
11034: 0.998822
11035: 0.998822
11036: 0.998822
11037: 0.998822
11038: 0.998822
11039: 0.998822
11040: 0.998823
11041: 0.998823
11042: 0.998823
11043: 0.998823
11044: 0.998823
11045: 0.998823
11046: 0.998823
11047: 0.998823
11048: 0.998823
11049: 0.998824
11050: 0.998824
11051: 0.998824
11052: 0.998824
11053: 0.998824
11054: 0.998824
11055: 0.998824
11056: 0.998824
11057: 0.998824
11058: 0.998824
11059: 0.998825
11060: 0.998825
11061: 0.998825
11062: 0.998825
11063: 0.998825
11064: 0.998825
11065: 0.998825
11066: 0.998825
11067: 0.998825
11068: 0.998826
11069: 0.998826
11070: 0.998826
11071: 0.998826
11072: 0.998826
11073: 0.998826
11074: 0.998826
11075: 0.998826
11076: 0.998826
11077: 0.998827
11078: 0.998827
11079: 0.998827
11080: 0.998827
11081: 0.998827
11082: 0.998827
11083: 0.998827
11084: 0.998827
11085: 0.998827
11086: 0.998827
11087: 0.998828
11088: 0.998828
11089: 0.998828
11090: 0.998828
11091: 0.998828
11092: 0.998828
11093: 0.998828
11094: 0.998828
11095: 0.998828
11096: 0.998829
11097: 0.998829
11098: 0.998829
11099: 0.998829
11100: 0.998829
11101: 0.998829
11102: 0.998829
11103: 0.998829
11104: 0.998829
11105: 0.998829
11106: 0.99883
11107: 0.99883
11108: 0.99883
11109: 0.99883
11110: 0.99883
11111: 0.99883
11112: 0.99883
11113: 0.99883
11114: 0.99883
11115: 0.998831
11116: 0.998831
11117: 0.998831
11118: 0.998831
11119: 0.998831
11120: 0.998831
11121: 0.998831
11122: 0.998831
11123: 0.998831
11124: 0.998831
11125: 0.998832
11126: 0.998832
11127: 0.998832
11128: 0.998832
11129: 0.998832
11130: 0.998832
11131: 0.998832
11132: 0.998832
11133: 0.998832
11134: 0.998833
11135: 0.998833
11136: 0.998833
11137: 0.998833
11138: 0.998833
11139: 0.998833
11140: 0.998833
11141: 0.998833
11142: 0.998833
11143: 0.998833
11144: 0.998834
11145: 0.998834
11146: 0.998834
11147: 0.998834
11148: 0.998834
11149: 0.998834
11150: 0.998834
11151: 0.998834
11152: 0.998834
11153: 0.998834
11154: 0.998835
11155: 0.998835
11156: 0.998835
11157: 0.998835
11158: 0.998835
11159: 0.998835
11160: 0.998835
11161: 0.998835
11162: 0.998835
11163: 0.998836
11164: 0.998836
11165: 0.998836
11166: 0.998836
11167: 0.998836
11168: 0.998836
11169: 0.998836
11170: 0.998836
11171: 0.998836
11172: 0.998836
11173: 0.998837
11174: 0.998837
11175: 0.998837
11176: 0.998837
11177: 0.998837
11178: 0.998837
11179: 0.998837
11180: 0.998837
11181: 0.998837
11182: 0.998838
11183: 0.998838
11184: 0.998838
11185: 0.998838
11186: 0.998838
11187: 0.998838
11188: 0.998838
11189: 0.998838
11190: 0.998838
11191: 0.998838
11192: 0.998839
11193: 0.998839
11194: 0.998839
11195: 0.998839
11196: 0.998839
11197: 0.998839
11198: 0.998839
11199: 0.998839
11200: 0.998839
11201: 0.998839
11202: 0.99884
11203: 0.99884
11204: 0.99884
11205: 0.99884
11206: 0.99884
11207: 0.99884
11208: 0.99884
11209: 0.99884
11210: 0.99884
11211: 0.998841
11212: 0.998841
11213: 0.998841
11214: 0.998841
11215: 0.998841
11216: 0.998841
11217: 0.998841
11218: 0.998841
11219: 0.998841
11220: 0.998841
11221: 0.998842
11222: 0.998842
11223: 0.998842
11224: 0.998842
11225: 0.998842
11226: 0.998842
11227: 0.998842
11228: 0.998842
11229: 0.998842
11230: 0.998842
11231: 0.998843
11232: 0.998843
11233: 0.998843
11234: 0.998843
11235: 0.998843
11236: 0.998843
11237: 0.998843
11238: 0.998843
11239: 0.998843
11240: 0.998844
11241: 0.998844
11242: 0.998844
11243: 0.998844
11244: 0.998844
11245: 0.998844
11246: 0.998844
11247: 0.998844
11248: 0.998844
11249: 0.998844
11250: 0.998845
11251: 0.998845
11252: 0.998845
11253: 0.998845
11254: 0.998845
11255: 0.998845
11256: 0.998845
11257: 0.998845
11258: 0.998845
11259: 0.998845
11260: 0.998846
11261: 0.998846
11262: 0.998846
11263: 0.998846
11264: 0.998846
11265: 0.998846
11266: 0.998846
11267: 0.998846
11268: 0.998846
11269: 0.998846
11270: 0.998847
11271: 0.998847
11272: 0.998847
11273: 0.998847
11274: 0.998847
11275: 0.998847
11276: 0.998847
11277: 0.998847
11278: 0.998847
11279: 0.998848
11280: 0.998848
11281: 0.998848
11282: 0.998848
11283: 0.998848
11284: 0.998848
11285: 0.998848
11286: 0.998848
11287: 0.998848
11288: 0.998848
11289: 0.998849
11290: 0.998849
11291: 0.998849
11292: 0.998849
11293: 0.998849
11294: 0.998849
11295: 0.998849
11296: 0.998849
11297: 0.998849
11298: 0.998849
11299: 0.99885
11300: 0.99885
11301: 0.99885
11302: 0.99885
11303: 0.99885
11304: 0.99885
11305: 0.99885
11306: 0.99885
11307: 0.99885
11308: 0.99885
11309: 0.998851
11310: 0.998851
11311: 0.998851
11312: 0.998851
11313: 0.998851
11314: 0.998851
11315: 0.998851
11316: 0.998851
11317: 0.998851
11318: 0.998851
11319: 0.998852
11320: 0.998852
11321: 0.998852
11322: 0.998852
11323: 0.998852
11324: 0.998852
11325: 0.998852
11326: 0.998852
11327: 0.998852
11328: 0.998853
11329: 0.998853
11330: 0.998853
11331: 0.998853
11332: 0.998853
11333: 0.998853
11334: 0.998853
11335: 0.998853
11336: 0.998853
11337: 0.998853
11338: 0.998854
11339: 0.998854
11340: 0.998854
11341: 0.998854
11342: 0.998854
11343: 0.998854
11344: 0.998854
11345: 0.998854
11346: 0.998854
11347: 0.998854
11348: 0.998855
11349: 0.998855
11350: 0.998855
11351: 0.998855
11352: 0.998855
11353: 0.998855
11354: 0.998855
11355: 0.998855
11356: 0.998855
11357: 0.998855
11358: 0.998856
11359: 0.998856
11360: 0.998856
11361: 0.998856
11362: 0.998856
11363: 0.998856
11364: 0.998856
11365: 0.998856
11366: 0.998856
11367: 0.998856
11368: 0.998857
11369: 0.998857
11370: 0.998857
11371: 0.998857
11372: 0.998857
11373: 0.998857
11374: 0.998857
11375: 0.998857
11376: 0.998857
11377: 0.998857
11378: 0.998858
11379: 0.998858
11380: 0.998858
11381: 0.998858
11382: 0.998858
11383: 0.998858
11384: 0.998858
11385: 0.998858
11386: 0.998858
11387: 0.998858
11388: 0.998859
11389: 0.998859
11390: 0.998859
11391: 0.998859
11392: 0.998859
11393: 0.998859
11394: 0.998859
11395: 0.998859
11396: 0.998859
11397: 0.998859
11398: 0.99886
11399: 0.99886
11400: 0.99886
11401: 0.99886
11402: 0.99886
11403: 0.99886
11404: 0.99886
11405: 0.99886
11406: 0.99886
11407: 0.99886
11408: 0.998861
11409: 0.998861
11410: 0.998861
11411: 0.998861
11412: 0.998861
11413: 0.998861
11414: 0.998861
11415: 0.998861
11416: 0.998861
11417: 0.998861
11418: 0.998862
11419: 0.998862
11420: 0.998862
11421: 0.998862
11422: 0.998862
11423: 0.998862
11424: 0.998862
11425: 0.998862
11426: 0.998862
11427: 0.998862
11428: 0.998863
11429: 0.998863
11430: 0.998863
11431: 0.998863
11432: 0.998863
11433: 0.998863
11434: 0.998863
11435: 0.998863
11436: 0.998863
11437: 0.998863
11438: 0.998864
11439: 0.998864
11440: 0.998864
11441: 0.998864
11442: 0.998864
11443: 0.998864
11444: 0.998864
11445: 0.998864
11446: 0.998864
11447: 0.998864
11448: 0.998865
11449: 0.998865
11450: 0.998865
11451: 0.998865
11452: 0.998865
11453: 0.998865
11454: 0.998865
11455: 0.998865
11456: 0.998865
11457: 0.998865
11458: 0.998866
11459: 0.998866
11460: 0.998866
11461: 0.998866
11462: 0.998866
11463: 0.998866
11464: 0.998866
11465: 0.998866
11466: 0.998866
11467: 0.998866
11468: 0.998867
11469: 0.998867
11470: 0.998867
11471: 0.998867
11472: 0.998867
11473: 0.998867
11474: 0.998867
11475: 0.998867
11476: 0.998867
11477: 0.998867
11478: 0.998867
11479: 0.998868
11480: 0.998868
11481: 0.998868
11482: 0.998868
11483: 0.998868
11484: 0.998868
11485: 0.998868
11486: 0.998868
11487: 0.998868
11488: 0.998868
11489: 0.998869
11490: 0.998869
11491: 0.998869
11492: 0.998869
11493: 0.998869
11494: 0.998869
11495: 0.998869
11496: 0.998869
11497: 0.998869
11498: 0.998869
11499: 0.99887
11500: 0.99887
11501: 0.99887
11502: 0.99887
11503: 0.99887
11504: 0.99887
11505: 0.99887
11506: 0.99887
11507: 0.99887
11508: 0.99887
11509: 0.998871
11510: 0.998871
11511: 0.998871
11512: 0.998871
11513: 0.998871
11514: 0.998871
11515: 0.998871
11516: 0.998871
11517: 0.998871
11518: 0.998871
11519: 0.998872
11520: 0.998872
11521: 0.998872
11522: 0.998872
11523: 0.998872
11524: 0.998872
11525: 0.998872
11526: 0.998872
11527: 0.998872
11528: 0.998872
11529: 0.998873
11530: 0.998873
11531: 0.998873
11532: 0.998873
11533: 0.998873
11534: 0.998873
11535: 0.998873
11536: 0.998873
11537: 0.998873
11538: 0.998873
11539: 0.998873
11540: 0.998874
11541: 0.998874
11542: 0.998874
11543: 0.998874
11544: 0.998874
11545: 0.998874
11546: 0.998874
11547: 0.998874
11548: 0.998874
11549: 0.998874
11550: 0.998875
11551: 0.998875
11552: 0.998875
11553: 0.998875
11554: 0.998875
11555: 0.998875
11556: 0.998875
11557: 0.998875
11558: 0.998875
11559: 0.998875
11560: 0.998876
11561: 0.998876
11562: 0.998876
11563: 0.998876
11564: 0.998876
11565: 0.998876
11566: 0.998876
11567: 0.998876
11568: 0.998876
11569: 0.998876
11570: 0.998877
11571: 0.998877
11572: 0.998877
11573: 0.998877
11574: 0.998877
11575: 0.998877
11576: 0.998877
11577: 0.998877
11578: 0.998877
11579: 0.998877
11580: 0.998877
11581: 0.998878
11582: 0.998878
11583: 0.998878
11584: 0.998878
11585: 0.998878
11586: 0.998878
11587: 0.998878
11588: 0.998878
11589: 0.998878
11590: 0.998878
11591: 0.998879
11592: 0.998879
11593: 0.998879
11594: 0.998879
11595: 0.998879
11596: 0.998879
11597: 0.998879
11598: 0.998879
11599: 0.998879
11600: 0.998879
11601: 0.99888
11602: 0.99888
11603: 0.99888
11604: 0.99888
11605: 0.99888
11606: 0.99888
11607: 0.99888
11608: 0.99888
11609: 0.99888
11610: 0.99888
11611: 0.99888
11612: 0.998881
11613: 0.998881
11614: 0.998881
11615: 0.998881
11616: 0.998881
11617: 0.998881
11618: 0.998881
11619: 0.998881
11620: 0.998881
11621: 0.998881
11622: 0.998882
11623: 0.998882
11624: 0.998882
11625: 0.998882
11626: 0.998882
11627: 0.998882
11628: 0.998882
11629: 0.998882
11630: 0.998882
11631: 0.998882
11632: 0.998882
11633: 0.998883
11634: 0.998883
11635: 0.998883
11636: 0.998883
11637: 0.998883
11638: 0.998883
11639: 0.998883
11640: 0.998883
11641: 0.998883
11642: 0.998883
11643: 0.998884
11644: 0.998884
11645: 0.998884
11646: 0.998884
11647: 0.998884
11648: 0.998884
11649: 0.998884
11650: 0.998884
11651: 0.998884
11652: 0.998884
11653: 0.998885
11654: 0.998885
11655: 0.998885
11656: 0.998885
11657: 0.998885
11658: 0.998885
11659: 0.998885
11660: 0.998885
11661: 0.998885
11662: 0.998885
11663: 0.998885
11664: 0.998886
11665: 0.998886
11666: 0.998886
11667: 0.998886
11668: 0.998886
11669: 0.998886
11670: 0.998886
11671: 0.998886
11672: 0.998886
11673: 0.998886
11674: 0.998887
11675: 0.998887
11676: 0.998887
11677: 0.998887
11678: 0.998887
11679: 0.998887
11680: 0.998887
11681: 0.998887
11682: 0.998887
11683: 0.998887
11684: 0.998887
11685: 0.998888
11686: 0.998888
11687: 0.998888
11688: 0.998888
11689: 0.998888
11690: 0.998888
11691: 0.998888
11692: 0.998888
11693: 0.998888
11694: 0.998888
11695: 0.998889
11696: 0.998889
11697: 0.998889
11698: 0.998889
11699: 0.998889
11700: 0.998889
11701: 0.998889
11702: 0.998889
11703: 0.998889
11704: 0.998889
11705: 0.998889
11706: 0.99889
11707: 0.99889
11708: 0.99889
11709: 0.99889
11710: 0.99889
11711: 0.99889
11712: 0.99889
11713: 0.99889
11714: 0.99889
11715: 0.99889
11716: 0.998891
11717: 0.998891
11718: 0.998891
11719: 0.998891
11720: 0.998891
11721: 0.998891
11722: 0.998891
11723: 0.998891
11724: 0.998891
11725: 0.998891
11726: 0.998891
11727: 0.998892
11728: 0.998892
11729: 0.998892
11730: 0.998892
11731: 0.998892
11732: 0.998892
11733: 0.998892
11734: 0.998892
11735: 0.998892
11736: 0.998892
11737: 0.998892
11738: 0.998893
11739: 0.998893
11740: 0.998893
11741: 0.998893
11742: 0.998893
11743: 0.998893
11744: 0.998893
11745: 0.998893
11746: 0.998893
11747: 0.998893
11748: 0.998894
11749: 0.998894
11750: 0.998894
11751: 0.998894
11752: 0.998894
11753: 0.998894
11754: 0.998894
11755: 0.998894
11756: 0.998894
11757: 0.998894
11758: 0.998894
11759: 0.998895
11760: 0.998895
11761: 0.998895
11762: 0.998895
11763: 0.998895
11764: 0.998895
11765: 0.998895
11766: 0.998895
11767: 0.998895
11768: 0.998895
11769: 0.998895
11770: 0.998896
11771: 0.998896
11772: 0.998896
11773: 0.998896
11774: 0.998896
11775: 0.998896
11776: 0.998896
11777: 0.998896
11778: 0.998896
11779: 0.998896
11780: 0.998897
11781: 0.998897
11782: 0.998897
11783: 0.998897
11784: 0.998897
11785: 0.998897
11786: 0.998897
11787: 0.998897
11788: 0.998897
11789: 0.998897
11790: 0.998897
11791: 0.998898
11792: 0.998898
11793: 0.998898
11794: 0.998898
11795: 0.998898
11796: 0.998898
11797: 0.998898
11798: 0.998898
11799: 0.998898
11800: 0.998898
11801: 0.998898
11802: 0.998899
11803: 0.998899
11804: 0.998899
11805: 0.998899
11806: 0.998899
11807: 0.998899
11808: 0.998899
11809: 0.998899
11810: 0.998899
11811: 0.998899
11812: 0.9989
11813: 0.9989
11814: 0.9989
11815: 0.9989
11816: 0.9989
11817: 0.9989
11818: 0.9989
11819: 0.9989
11820: 0.9989
11821: 0.9989
11822: 0.9989
11823: 0.998901
11824: 0.998901
11825: 0.998901
11826: 0.998901
11827: 0.998901
11828: 0.998901
11829: 0.998901
11830: 0.998901
11831: 0.998901
11832: 0.998901
11833: 0.998901
11834: 0.998902
11835: 0.998902
11836: 0.998902
11837: 0.998902
11838: 0.998902
11839: 0.998902
11840: 0.998902
11841: 0.998902
11842: 0.998902
11843: 0.998902
11844: 0.998902
11845: 0.998903
11846: 0.998903
11847: 0.998903
11848: 0.998903
11849: 0.998903
11850: 0.998903
11851: 0.998903
11852: 0.998903
11853: 0.998903
11854: 0.998903
11855: 0.998904
11856: 0.998904
11857: 0.998904
11858: 0.998904
11859: 0.998904
11860: 0.998904
11861: 0.998904
11862: 0.998904
11863: 0.998904
11864: 0.998904
11865: 0.998904
11866: 0.998905
11867: 0.998905
11868: 0.998905
11869: 0.998905
11870: 0.998905
11871: 0.998905
11872: 0.998905
11873: 0.998905
11874: 0.998905
11875: 0.998905
11876: 0.998905
11877: 0.998906
11878: 0.998906
11879: 0.998906
11880: 0.998906
11881: 0.998906
11882: 0.998906
11883: 0.998906
11884: 0.998906
11885: 0.998906
11886: 0.998906
11887: 0.998906
11888: 0.998907
11889: 0.998907
11890: 0.998907
11891: 0.998907
11892: 0.998907
11893: 0.998907
11894: 0.998907
11895: 0.998907
11896: 0.998907
11897: 0.998907
11898: 0.998907
11899: 0.998908
11900: 0.998908
11901: 0.998908
11902: 0.998908
11903: 0.998908
11904: 0.998908
11905: 0.998908
11906: 0.998908
11907: 0.998908
11908: 0.998908
11909: 0.998908
11910: 0.998909
11911: 0.998909
11912: 0.998909
11913: 0.998909
11914: 0.998909
11915: 0.998909
11916: 0.998909
11917: 0.998909
11918: 0.998909
11919: 0.998909
11920: 0.998909
11921: 0.99891
11922: 0.99891
11923: 0.99891
11924: 0.99891
11925: 0.99891
11926: 0.99891
11927: 0.99891
11928: 0.99891
11929: 0.99891
11930: 0.99891
11931: 0.99891
11932: 0.998911
11933: 0.998911
11934: 0.998911
11935: 0.998911
11936: 0.998911
11937: 0.998911
11938: 0.998911
11939: 0.998911
11940: 0.998911
11941: 0.998911
11942: 0.998911
11943: 0.998912
11944: 0.998912
11945: 0.998912
11946: 0.998912
11947: 0.998912
11948: 0.998912
11949: 0.998912
11950: 0.998912
11951: 0.998912
11952: 0.998912
11953: 0.998912
11954: 0.998913
11955: 0.998913
11956: 0.998913
11957: 0.998913
11958: 0.998913
11959: 0.998913
11960: 0.998913
11961: 0.998913
11962: 0.998913
11963: 0.998913
11964: 0.998913
11965: 0.998914
11966: 0.998914
11967: 0.998914
11968: 0.998914
11969: 0.998914
11970: 0.998914
11971: 0.998914
11972: 0.998914
11973: 0.998914
11974: 0.998914
11975: 0.998914
11976: 0.998915
11977: 0.998915
11978: 0.998915
11979: 0.998915
11980: 0.998915
11981: 0.998915
11982: 0.998915
11983: 0.998915
11984: 0.998915
11985: 0.998915
11986: 0.998915
11987: 0.998916
11988: 0.998916
11989: 0.998916
11990: 0.998916
11991: 0.998916
11992: 0.998916
11993: 0.998916
11994: 0.998916
11995: 0.998916
11996: 0.998916
11997: 0.998916
11998: 0.998917
11999: 0.998917
12000: 0.998917
12001: 0.998917
12002: 0.998917
12003: 0.998917
12004: 0.998917
12005: 0.998917
12006: 0.998917
12007: 0.998917
12008: 0.998917
12009: 0.998918
12010: 0.998918
12011: 0.998918
12012: 0.998918
12013: 0.998918
12014: 0.998918
12015: 0.998918
12016: 0.998918
12017: 0.998918
12018: 0.998918
12019: 0.998918
12020: 0.998919
12021: 0.998919
12022: 0.998919
12023: 0.998919
12024: 0.998919
12025: 0.998919
12026: 0.998919
12027: 0.998919
12028: 0.998919
12029: 0.998919
12030: 0.998919
12031: 0.99892
12032: 0.99892
12033: 0.99892
12034: 0.99892
12035: 0.99892
12036: 0.99892
12037: 0.99892
12038: 0.99892
12039: 0.99892
12040: 0.99892
12041: 0.99892
12042: 0.998921
12043: 0.998921
12044: 0.998921
12045: 0.998921
12046: 0.998921
12047: 0.998921
12048: 0.998921
12049: 0.998921
12050: 0.998921
12051: 0.998921
12052: 0.998921
12053: 0.998922
12054: 0.998922
12055: 0.998922
12056: 0.998922
12057: 0.998922
12058: 0.998922
12059: 0.998922
12060: 0.998922
12061: 0.998922
12062: 0.998922
12063: 0.998922
12064: 0.998923
12065: 0.998923
12066: 0.998923
12067: 0.998923
12068: 0.998923
12069: 0.998923
12070: 0.998923
12071: 0.998923
12072: 0.998923
12073: 0.998923
12074: 0.998923
12075: 0.998923
12076: 0.998924
12077: 0.998924
12078: 0.998924
12079: 0.998924
12080: 0.998924
12081: 0.998924
12082: 0.998924
12083: 0.998924
12084: 0.998924
12085: 0.998924
12086: 0.998924
12087: 0.998925
12088: 0.998925
12089: 0.998925
12090: 0.998925
12091: 0.998925
12092: 0.998925
12093: 0.998925
12094: 0.998925
12095: 0.998925
12096: 0.998925
12097: 0.998925
12098: 0.998926
12099: 0.998926
12100: 0.998926
12101: 0.998926
12102: 0.998926
12103: 0.998926
12104: 0.998926
12105: 0.998926
12106: 0.998926
12107: 0.998926
12108: 0.998926
12109: 0.998927
12110: 0.998927
12111: 0.998927
12112: 0.998927
12113: 0.998927
12114: 0.998927
12115: 0.998927
12116: 0.998927
12117: 0.998927
12118: 0.998927
12119: 0.998927
12120: 0.998927
12121: 0.998928
12122: 0.998928
12123: 0.998928
12124: 0.998928
12125: 0.998928
12126: 0.998928
12127: 0.998928
12128: 0.998928
12129: 0.998928
12130: 0.998928
12131: 0.998928
12132: 0.998929
12133: 0.998929
12134: 0.998929
12135: 0.998929
12136: 0.998929
12137: 0.998929
12138: 0.998929
12139: 0.998929
12140: 0.998929
12141: 0.998929
12142: 0.998929
12143: 0.99893
12144: 0.99893
12145: 0.99893
12146: 0.99893
12147: 0.99893
12148: 0.99893
12149: 0.99893
12150: 0.99893
12151: 0.99893
12152: 0.99893
12153: 0.99893
12154: 0.99893
12155: 0.998931
12156: 0.998931
12157: 0.998931
12158: 0.998931
12159: 0.998931
12160: 0.998931
12161: 0.998931
12162: 0.998931
12163: 0.998931
12164: 0.998931
12165: 0.998931
12166: 0.998932
12167: 0.998932
12168: 0.998932
12169: 0.998932
12170: 0.998932
12171: 0.998932
12172: 0.998932
12173: 0.998932
12174: 0.998932
12175: 0.998932
12176: 0.998932
12177: 0.998933
12178: 0.998933
12179: 0.998933
12180: 0.998933
12181: 0.998933
12182: 0.998933
12183: 0.998933
12184: 0.998933
12185: 0.998933
12186: 0.998933
12187: 0.998933
12188: 0.998933
12189: 0.998934
12190: 0.998934
12191: 0.998934
12192: 0.998934
12193: 0.998934
12194: 0.998934
12195: 0.998934
12196: 0.998934
12197: 0.998934
12198: 0.998934
12199: 0.998934
12200: 0.998935
12201: 0.998935
12202: 0.998935
12203: 0.998935
12204: 0.998935
12205: 0.998935
12206: 0.998935
12207: 0.998935
12208: 0.998935
12209: 0.998935
12210: 0.998935
12211: 0.998935
12212: 0.998936
12213: 0.998936
12214: 0.998936
12215: 0.998936
12216: 0.998936
12217: 0.998936
12218: 0.998936
12219: 0.998936
12220: 0.998936
12221: 0.998936
12222: 0.998936
12223: 0.998937
12224: 0.998937
12225: 0.998937
12226: 0.998937
12227: 0.998937
12228: 0.998937
12229: 0.998937
12230: 0.998937
12231: 0.998937
12232: 0.998937
12233: 0.998937
12234: 0.998937
12235: 0.998938
12236: 0.998938
12237: 0.998938
12238: 0.998938
12239: 0.998938
12240: 0.998938
12241: 0.998938
12242: 0.998938
12243: 0.998938
12244: 0.998938
12245: 0.998938
12246: 0.998939
12247: 0.998939
12248: 0.998939
12249: 0.998939
12250: 0.998939
12251: 0.998939
12252: 0.998939
12253: 0.998939
12254: 0.998939
12255: 0.998939
12256: 0.998939
12257: 0.998939
12258: 0.99894
12259: 0.99894
12260: 0.99894
12261: 0.99894
12262: 0.99894
12263: 0.99894
12264: 0.99894
12265: 0.99894
12266: 0.99894
12267: 0.99894
12268: 0.99894
12269: 0.998941
12270: 0.998941
12271: 0.998941
12272: 0.998941
12273: 0.998941
12274: 0.998941
12275: 0.998941
12276: 0.998941
12277: 0.998941
12278: 0.998941
12279: 0.998941
12280: 0.998941
12281: 0.998942
12282: 0.998942
12283: 0.998942
12284: 0.998942
12285: 0.998942
12286: 0.998942
12287: 0.998942
12288: 0.998942
12289: 0.998942
12290: 0.998942
12291: 0.998942
12292: 0.998942
12293: 0.998943
12294: 0.998943
12295: 0.998943
12296: 0.998943
12297: 0.998943
12298: 0.998943
12299: 0.998943
12300: 0.998943
12301: 0.998943
12302: 0.998943
12303: 0.998943
12304: 0.998944
12305: 0.998944
12306: 0.998944
12307: 0.998944
12308: 0.998944
12309: 0.998944
12310: 0.998944
12311: 0.998944
12312: 0.998944
12313: 0.998944
12314: 0.998944
12315: 0.998944
12316: 0.998945
12317: 0.998945
12318: 0.998945
12319: 0.998945
12320: 0.998945
12321: 0.998945
12322: 0.998945
12323: 0.998945
12324: 0.998945
12325: 0.998945
12326: 0.998945
12327: 0.998945
12328: 0.998946
12329: 0.998946
12330: 0.998946
12331: 0.998946
12332: 0.998946
12333: 0.998946
12334: 0.998946
12335: 0.998946
12336: 0.998946
12337: 0.998946
12338: 0.998946
12339: 0.998947
12340: 0.998947
12341: 0.998947
12342: 0.998947
12343: 0.998947
12344: 0.998947
12345: 0.998947
12346: 0.998947
12347: 0.998947
12348: 0.998947
12349: 0.998947
12350: 0.998947
12351: 0.998948
12352: 0.998948
12353: 0.998948
12354: 0.998948
12355: 0.998948
12356: 0.998948
12357: 0.998948
12358: 0.998948
12359: 0.998948
12360: 0.998948
12361: 0.998948
12362: 0.998948
12363: 0.998949
12364: 0.998949
12365: 0.998949
12366: 0.998949
12367: 0.998949
12368: 0.998949
12369: 0.998949
12370: 0.998949
12371: 0.998949
12372: 0.998949
12373: 0.998949
12374: 0.998949
12375: 0.99895
12376: 0.99895
12377: 0.99895
12378: 0.99895
12379: 0.99895
12380: 0.99895
12381: 0.99895
12382: 0.99895
12383: 0.99895
12384: 0.99895
12385: 0.99895
12386: 0.998951
12387: 0.998951
12388: 0.998951
12389: 0.998951
12390: 0.998951
12391: 0.998951
12392: 0.998951
12393: 0.998951
12394: 0.998951
12395: 0.998951
12396: 0.998951
12397: 0.998951
12398: 0.998952
12399: 0.998952
12400: 0.998952
12401: 0.998952
12402: 0.998952
12403: 0.998952
12404: 0.998952
12405: 0.998952
12406: 0.998952
12407: 0.998952
12408: 0.998952
12409: 0.998952
12410: 0.998953
12411: 0.998953
12412: 0.998953
12413: 0.998953
12414: 0.998953
12415: 0.998953
12416: 0.998953
12417: 0.998953
12418: 0.998953
12419: 0.998953
12420: 0.998953
12421: 0.998953
12422: 0.998954
12423: 0.998954
12424: 0.998954
12425: 0.998954
12426: 0.998954
12427: 0.998954
12428: 0.998954
12429: 0.998954
12430: 0.998954
12431: 0.998954
12432: 0.998954
12433: 0.998954
12434: 0.998955
12435: 0.998955
12436: 0.998955
12437: 0.998955
12438: 0.998955
12439: 0.998955
12440: 0.998955
12441: 0.998955
12442: 0.998955
12443: 0.998955
12444: 0.998955
12445: 0.998955
12446: 0.998956
12447: 0.998956
12448: 0.998956
12449: 0.998956
12450: 0.998956
12451: 0.998956
12452: 0.998956
12453: 0.998956
12454: 0.998956
12455: 0.998956
12456: 0.998956
12457: 0.998956
12458: 0.998957
12459: 0.998957
12460: 0.998957
12461: 0.998957
12462: 0.998957
12463: 0.998957
12464: 0.998957
12465: 0.998957
12466: 0.998957
12467: 0.998957
12468: 0.998957
12469: 0.998957
12470: 0.998958
12471: 0.998958
12472: 0.998958
12473: 0.998958
12474: 0.998958
12475: 0.998958
12476: 0.998958
12477: 0.998958
12478: 0.998958
12479: 0.998958
12480: 0.998958
12481: 0.998959
12482: 0.998959
12483: 0.998959
12484: 0.998959
12485: 0.998959
12486: 0.998959
12487: 0.998959
12488: 0.998959
12489: 0.998959
12490: 0.998959
12491: 0.998959
12492: 0.998959
12493: 0.99896
12494: 0.99896
12495: 0.99896
12496: 0.99896
12497: 0.99896
12498: 0.99896
12499: 0.99896
12500: 0.99896
12501: 0.99896
12502: 0.99896
12503: 0.99896
12504: 0.99896
12505: 0.99896
12506: 0.998961
12507: 0.998961
12508: 0.998961
12509: 0.998961
12510: 0.998961
12511: 0.998961
12512: 0.998961
12513: 0.998961
12514: 0.998961
12515: 0.998961
12516: 0.998961
12517: 0.998961
12518: 0.998962
12519: 0.998962
12520: 0.998962
12521: 0.998962
12522: 0.998962
12523: 0.998962
12524: 0.998962
12525: 0.998962
12526: 0.998962
12527: 0.998962
12528: 0.998962
12529: 0.998962
12530: 0.998963
12531: 0.998963
12532: 0.998963
12533: 0.998963
12534: 0.998963
12535: 0.998963
12536: 0.998963
12537: 0.998963
12538: 0.998963
12539: 0.998963
12540: 0.998963
12541: 0.998963
12542: 0.998964
12543: 0.998964
12544: 0.998964
12545: 0.998964
12546: 0.998964
12547: 0.998964
12548: 0.998964
12549: 0.998964
12550: 0.998964
12551: 0.998964
12552: 0.998964
12553: 0.998964
12554: 0.998965
12555: 0.998965
12556: 0.998965
12557: 0.998965
12558: 0.998965
12559: 0.998965
12560: 0.998965
12561: 0.998965
12562: 0.998965
12563: 0.998965
12564: 0.998965
12565: 0.998965
12566: 0.998966
12567: 0.998966
12568: 0.998966
12569: 0.998966
12570: 0.998966
12571: 0.998966
12572: 0.998966
12573: 0.998966
12574: 0.998966
12575: 0.998966
12576: 0.998966
12577: 0.998966
12578: 0.998967
12579: 0.998967
12580: 0.998967
12581: 0.998967
12582: 0.998967
12583: 0.998967
12584: 0.998967
12585: 0.998967
12586: 0.998967
12587: 0.998967
12588: 0.998967
12589: 0.998967
12590: 0.998968
12591: 0.998968
12592: 0.998968
12593: 0.998968
12594: 0.998968
12595: 0.998968
12596: 0.998968
12597: 0.998968
12598: 0.998968
12599: 0.998968
12600: 0.998968
12601: 0.998968
12602: 0.998968
12603: 0.998969
12604: 0.998969
12605: 0.998969
12606: 0.998969
12607: 0.998969
12608: 0.998969
12609: 0.998969
12610: 0.998969
12611: 0.998969
12612: 0.998969
12613: 0.998969
12614: 0.998969
12615: 0.99897
12616: 0.99897
12617: 0.99897
12618: 0.99897
12619: 0.99897
12620: 0.99897
12621: 0.99897
12622: 0.99897
12623: 0.99897
12624: 0.99897
12625: 0.99897
12626: 0.99897
12627: 0.998971
12628: 0.998971
12629: 0.998971
12630: 0.998971
12631: 0.998971
12632: 0.998971
12633: 0.998971
12634: 0.998971
12635: 0.998971
12636: 0.998971
12637: 0.998971
12638: 0.998971
12639: 0.998972
12640: 0.998972
12641: 0.998972
12642: 0.998972
12643: 0.998972
12644: 0.998972
12645: 0.998972
12646: 0.998972
12647: 0.998972
12648: 0.998972
12649: 0.998972
12650: 0.998972
12651: 0.998972
12652: 0.998973
12653: 0.998973
12654: 0.998973
12655: 0.998973
12656: 0.998973
12657: 0.998973
12658: 0.998973
12659: 0.998973
12660: 0.998973
12661: 0.998973
12662: 0.998973
12663: 0.998973
12664: 0.998974
12665: 0.998974
12666: 0.998974
12667: 0.998974
12668: 0.998974
12669: 0.998974
12670: 0.998974
12671: 0.998974
12672: 0.998974
12673: 0.998974
12674: 0.998974
12675: 0.998974
12676: 0.998975
12677: 0.998975
12678: 0.998975
12679: 0.998975
12680: 0.998975
12681: 0.998975
12682: 0.998975
12683: 0.998975
12684: 0.998975
12685: 0.998975
12686: 0.998975
12687: 0.998975
12688: 0.998975
12689: 0.998976
12690: 0.998976
12691: 0.998976
12692: 0.998976
12693: 0.998976
12694: 0.998976
12695: 0.998976
12696: 0.998976
12697: 0.998976
12698: 0.998976
12699: 0.998976
12700: 0.998976
12701: 0.998977
12702: 0.998977
12703: 0.998977
12704: 0.998977
12705: 0.998977
12706: 0.998977
12707: 0.998977
12708: 0.998977
12709: 0.998977
12710: 0.998977
12711: 0.998977
12712: 0.998977
12713: 0.998978
12714: 0.998978
12715: 0.998978
12716: 0.998978
12717: 0.998978
12718: 0.998978
12719: 0.998978
12720: 0.998978
12721: 0.998978
12722: 0.998978
12723: 0.998978
12724: 0.998978
12725: 0.998978
12726: 0.998979
12727: 0.998979
12728: 0.998979
12729: 0.998979
12730: 0.998979
12731: 0.998979
12732: 0.998979
12733: 0.998979
12734: 0.998979
12735: 0.998979
12736: 0.998979
12737: 0.998979
12738: 0.99898
12739: 0.99898
12740: 0.99898
12741: 0.99898
12742: 0.99898
12743: 0.99898
12744: 0.99898
12745: 0.99898
12746: 0.99898
12747: 0.99898
12748: 0.99898
12749: 0.99898
12750: 0.99898
12751: 0.998981
12752: 0.998981
12753: 0.998981
12754: 0.998981
12755: 0.998981
12756: 0.998981
12757: 0.998981
12758: 0.998981
12759: 0.998981
12760: 0.998981
12761: 0.998981
12762: 0.998981
12763: 0.998982
12764: 0.998982
12765: 0.998982
12766: 0.998982
12767: 0.998982
12768: 0.998982
12769: 0.998982
12770: 0.998982
12771: 0.998982
12772: 0.998982
12773: 0.998982
12774: 0.998982
12775: 0.998982
12776: 0.998983
12777: 0.998983
12778: 0.998983
12779: 0.998983
12780: 0.998983
12781: 0.998983
12782: 0.998983
12783: 0.998983
12784: 0.998983
12785: 0.998983
12786: 0.998983
12787: 0.998983
12788: 0.998984
12789: 0.998984
12790: 0.998984
12791: 0.998984
12792: 0.998984
12793: 0.998984
12794: 0.998984
12795: 0.998984
12796: 0.998984
12797: 0.998984
12798: 0.998984
12799: 0.998984
12800: 0.998984
12801: 0.998985
12802: 0.998985
12803: 0.998985
12804: 0.998985
12805: 0.998985
12806: 0.998985
12807: 0.998985
12808: 0.998985
12809: 0.998985
12810: 0.998985
12811: 0.998985
12812: 0.998985
12813: 0.998985
12814: 0.998986
12815: 0.998986
12816: 0.998986
12817: 0.998986
12818: 0.998986
12819: 0.998986
12820: 0.998986
12821: 0.998986
12822: 0.998986
12823: 0.998986
12824: 0.998986
12825: 0.998986
12826: 0.998987
12827: 0.998987
12828: 0.998987
12829: 0.998987
12830: 0.998987
12831: 0.998987
12832: 0.998987
12833: 0.998987
12834: 0.998987
12835: 0.998987
12836: 0.998987
12837: 0.998987
12838: 0.998987
12839: 0.998988
12840: 0.998988
12841: 0.998988
12842: 0.998988
12843: 0.998988
12844: 0.998988
12845: 0.998988
12846: 0.998988
12847: 0.998988
12848: 0.998988
12849: 0.998988
12850: 0.998988
12851: 0.998988
12852: 0.998989
12853: 0.998989
12854: 0.998989
12855: 0.998989
12856: 0.998989
12857: 0.998989
12858: 0.998989
12859: 0.998989
12860: 0.998989
12861: 0.998989
12862: 0.998989
12863: 0.998989
12864: 0.99899
12865: 0.99899
12866: 0.99899
12867: 0.99899
12868: 0.99899
12869: 0.99899
12870: 0.99899
12871: 0.99899
12872: 0.99899
12873: 0.99899
12874: 0.99899
12875: 0.99899
12876: 0.99899
12877: 0.998991
12878: 0.998991
12879: 0.998991
12880: 0.998991
12881: 0.998991
12882: 0.998991
12883: 0.998991
12884: 0.998991
12885: 0.998991
12886: 0.998991
12887: 0.998991
12888: 0.998991
12889: 0.998991
12890: 0.998992
12891: 0.998992
12892: 0.998992
12893: 0.998992
12894: 0.998992
12895: 0.998992
12896: 0.998992
12897: 0.998992
12898: 0.998992
12899: 0.998992
12900: 0.998992
12901: 0.998992
12902: 0.998992
12903: 0.998993
12904: 0.998993
12905: 0.998993
12906: 0.998993
12907: 0.998993
12908: 0.998993
12909: 0.998993
12910: 0.998993
12911: 0.998993
12912: 0.998993
12913: 0.998993
12914: 0.998993
12915: 0.998993
12916: 0.998994
12917: 0.998994
12918: 0.998994
12919: 0.998994
12920: 0.998994
12921: 0.998994
12922: 0.998994
12923: 0.998994
12924: 0.998994
12925: 0.998994
12926: 0.998994
12927: 0.998994
12928: 0.998995
12929: 0.998995
12930: 0.998995
12931: 0.998995
12932: 0.998995
12933: 0.998995
12934: 0.998995
12935: 0.998995
12936: 0.998995
12937: 0.998995
12938: 0.998995
12939: 0.998995
12940: 0.998995
12941: 0.998996
12942: 0.998996
12943: 0.998996
12944: 0.998996
12945: 0.998996
12946: 0.998996
12947: 0.998996
12948: 0.998996
12949: 0.998996
12950: 0.998996
12951: 0.998996
12952: 0.998996
12953: 0.998996
12954: 0.998997
12955: 0.998997
12956: 0.998997
12957: 0.998997
12958: 0.998997
12959: 0.998997
12960: 0.998997
12961: 0.998997
12962: 0.998997
12963: 0.998997
12964: 0.998997
12965: 0.998997
12966: 0.998997
12967: 0.998998
12968: 0.998998
12969: 0.998998
12970: 0.998998
12971: 0.998998
12972: 0.998998
12973: 0.998998
12974: 0.998998
12975: 0.998998
12976: 0.998998
12977: 0.998998
12978: 0.998998
12979: 0.998998
12980: 0.998999
12981: 0.998999
12982: 0.998999
12983: 0.998999
12984: 0.998999
12985: 0.998999
12986: 0.998999
12987: 0.998999
12988: 0.998999
12989: 0.998999
12990: 0.998999
12991: 0.998999
12992: 0.998999
12993: 0.999
12994: 0.999
12995: 0.999
12996: 0.999
12997: 0.999
12998: 0.999
12999: 0.999
13000: 0.999
13001: 0.999
13002: 0.999
13003: 0.999
13004: 0.999
13005: 0.999
13006: 0.999001
13007: 0.999001
13008: 0.999001
13009: 0.999001
13010: 0.999001
13011: 0.999001
13012: 0.999001
13013: 0.999001
13014: 0.999001
13015: 0.999001
13016: 0.999001
13017: 0.999001
13018: 0.999001
13019: 0.999002
13020: 0.999002
13021: 0.999002
13022: 0.999002
13023: 0.999002
13024: 0.999002
13025: 0.999002
13026: 0.999002
13027: 0.999002
13028: 0.999002
13029: 0.999002
13030: 0.999002
13031: 0.999002
13032: 0.999003
13033: 0.999003
13034: 0.999003
13035: 0.999003
13036: 0.999003
13037: 0.999003
13038: 0.999003
13039: 0.999003
13040: 0.999003
13041: 0.999003
13042: 0.999003
13043: 0.999003
13044: 0.999003
13045: 0.999004
13046: 0.999004
13047: 0.999004
13048: 0.999004
13049: 0.999004
13050: 0.999004
13051: 0.999004
13052: 0.999004
13053: 0.999004
13054: 0.999004
13055: 0.999004
13056: 0.999004
13057: 0.999004
13058: 0.999005
13059: 0.999005
13060: 0.999005
13061: 0.999005
13062: 0.999005
13063: 0.999005
13064: 0.999005
13065: 0.999005
13066: 0.999005
13067: 0.999005
13068: 0.999005
13069: 0.999005
13070: 0.999005
13071: 0.999006
13072: 0.999006
13073: 0.999006
13074: 0.999006
13075: 0.999006
13076: 0.999006
13077: 0.999006
13078: 0.999006
13079: 0.999006
13080: 0.999006
13081: 0.999006
13082: 0.999006
13083: 0.999006
13084: 0.999006
13085: 0.999007
13086: 0.999007
13087: 0.999007
13088: 0.999007
13089: 0.999007
13090: 0.999007
13091: 0.999007
13092: 0.999007
13093: 0.999007
13094: 0.999007
13095: 0.999007
13096: 0.999007
13097: 0.999007
13098: 0.999008
13099: 0.999008
13100: 0.999008
13101: 0.999008
13102: 0.999008
13103: 0.999008
13104: 0.999008
13105: 0.999008
13106: 0.999008
13107: 0.999008
13108: 0.999008
13109: 0.999008
13110: 0.999008
13111: 0.999009
13112: 0.999009
13113: 0.999009
13114: 0.999009
13115: 0.999009
13116: 0.999009
13117: 0.999009
13118: 0.999009
13119: 0.999009
13120: 0.999009
13121: 0.999009
13122: 0.999009
13123: 0.999009
13124: 0.99901
13125: 0.99901
13126: 0.99901
13127: 0.99901
13128: 0.99901
13129: 0.99901
13130: 0.99901
13131: 0.99901
13132: 0.99901
13133: 0.99901
13134: 0.99901
13135: 0.99901
13136: 0.99901
13137: 0.999011
13138: 0.999011
13139: 0.999011
13140: 0.999011
13141: 0.999011
13142: 0.999011
13143: 0.999011
13144: 0.999011
13145: 0.999011
13146: 0.999011
13147: 0.999011
13148: 0.999011
13149: 0.999011
13150: 0.999011
13151: 0.999012
13152: 0.999012
13153: 0.999012
13154: 0.999012
13155: 0.999012
13156: 0.999012
13157: 0.999012
13158: 0.999012
13159: 0.999012
13160: 0.999012
13161: 0.999012
13162: 0.999012
13163: 0.999012
13164: 0.999013
13165: 0.999013
13166: 0.999013
13167: 0.999013
13168: 0.999013
13169: 0.999013
13170: 0.999013
13171: 0.999013
13172: 0.999013
13173: 0.999013
13174: 0.999013
13175: 0.999013
13176: 0.999013
13177: 0.999014
13178: 0.999014
13179: 0.999014
13180: 0.999014
13181: 0.999014
13182: 0.999014
13183: 0.999014
13184: 0.999014
13185: 0.999014
13186: 0.999014
13187: 0.999014
13188: 0.999014
13189: 0.999014
13190: 0.999014
13191: 0.999015
13192: 0.999015
13193: 0.999015
13194: 0.999015
13195: 0.999015
13196: 0.999015
13197: 0.999015
13198: 0.999015
13199: 0.999015
13200: 0.999015
13201: 0.999015
13202: 0.999015
13203: 0.999015
13204: 0.999016
13205: 0.999016
13206: 0.999016
13207: 0.999016
13208: 0.999016
13209: 0.999016
13210: 0.999016
13211: 0.999016
13212: 0.999016
13213: 0.999016
13214: 0.999016
13215: 0.999016
13216: 0.999016
13217: 0.999016
13218: 0.999017
13219: 0.999017
13220: 0.999017
13221: 0.999017
13222: 0.999017
13223: 0.999017
13224: 0.999017
13225: 0.999017
13226: 0.999017
13227: 0.999017
13228: 0.999017
13229: 0.999017
13230: 0.999017
13231: 0.999018
13232: 0.999018
13233: 0.999018
13234: 0.999018
13235: 0.999018
13236: 0.999018
13237: 0.999018
13238: 0.999018
13239: 0.999018
13240: 0.999018
13241: 0.999018
13242: 0.999018
13243: 0.999018
13244: 0.999018
13245: 0.999019
13246: 0.999019
13247: 0.999019
13248: 0.999019
13249: 0.999019
13250: 0.999019
13251: 0.999019
13252: 0.999019
13253: 0.999019
13254: 0.999019
13255: 0.999019
13256: 0.999019
13257: 0.999019
13258: 0.99902
13259: 0.99902
13260: 0.99902
13261: 0.99902
13262: 0.99902
13263: 0.99902
13264: 0.99902
13265: 0.99902
13266: 0.99902
13267: 0.99902
13268: 0.99902
13269: 0.99902
13270: 0.99902
13271: 0.99902
13272: 0.999021
13273: 0.999021
13274: 0.999021
13275: 0.999021
13276: 0.999021
13277: 0.999021
13278: 0.999021
13279: 0.999021
13280: 0.999021
13281: 0.999021
13282: 0.999021
13283: 0.999021
13284: 0.999021
13285: 0.999022
13286: 0.999022
13287: 0.999022
13288: 0.999022
13289: 0.999022
13290: 0.999022
13291: 0.999022
13292: 0.999022
13293: 0.999022
13294: 0.999022
13295: 0.999022
13296: 0.999022
13297: 0.999022
13298: 0.999022
13299: 0.999023
13300: 0.999023
13301: 0.999023
13302: 0.999023
13303: 0.999023
13304: 0.999023
13305: 0.999023
13306: 0.999023
13307: 0.999023
13308: 0.999023
13309: 0.999023
13310: 0.999023
13311: 0.999023
13312: 0.999024
13313: 0.999024
13314: 0.999024
13315: 0.999024
13316: 0.999024
13317: 0.999024
13318: 0.999024
13319: 0.999024
13320: 0.999024
13321: 0.999024
13322: 0.999024
13323: 0.999024
13324: 0.999024
13325: 0.999024
13326: 0.999025
13327: 0.999025
13328: 0.999025
13329: 0.999025
13330: 0.999025
13331: 0.999025
13332: 0.999025
13333: 0.999025
13334: 0.999025
13335: 0.999025
13336: 0.999025
13337: 0.999025
13338: 0.999025
13339: 0.999025
13340: 0.999026
13341: 0.999026
13342: 0.999026
13343: 0.999026
13344: 0.999026
13345: 0.999026
13346: 0.999026
13347: 0.999026
13348: 0.999026
13349: 0.999026
13350: 0.999026
13351: 0.999026
13352: 0.999026
13353: 0.999027
13354: 0.999027
13355: 0.999027
13356: 0.999027
13357: 0.999027
13358: 0.999027
13359: 0.999027
13360: 0.999027
13361: 0.999027
13362: 0.999027
13363: 0.999027
13364: 0.999027
13365: 0.999027
13366: 0.999027
13367: 0.999028
13368: 0.999028
13369: 0.999028
13370: 0.999028
13371: 0.999028
13372: 0.999028
13373: 0.999028
13374: 0.999028
13375: 0.999028
13376: 0.999028
13377: 0.999028
13378: 0.999028
13379: 0.999028
13380: 0.999028
13381: 0.999029
13382: 0.999029
13383: 0.999029
13384: 0.999029
13385: 0.999029
13386: 0.999029
13387: 0.999029
13388: 0.999029
13389: 0.999029
13390: 0.999029
13391: 0.999029
13392: 0.999029
13393: 0.999029
13394: 0.999029
13395: 0.99903
13396: 0.99903
13397: 0.99903
13398: 0.99903
13399: 0.99903
13400: 0.99903
13401: 0.99903
13402: 0.99903
13403: 0.99903
13404: 0.99903
13405: 0.99903
13406: 0.99903
13407: 0.99903
13408: 0.999031
13409: 0.999031
13410: 0.999031
13411: 0.999031
13412: 0.999031
13413: 0.999031
13414: 0.999031
13415: 0.999031
13416: 0.999031
13417: 0.999031
13418: 0.999031
13419: 0.999031
13420: 0.999031
13421: 0.999031
13422: 0.999032
13423: 0.999032
13424: 0.999032
13425: 0.999032
13426: 0.999032
13427: 0.999032
13428: 0.999032
13429: 0.999032
13430: 0.999032
13431: 0.999032
13432: 0.999032
13433: 0.999032
13434: 0.999032
13435: 0.999032
13436: 0.999033
13437: 0.999033
13438: 0.999033
13439: 0.999033
13440: 0.999033
13441: 0.999033
13442: 0.999033
13443: 0.999033
13444: 0.999033
13445: 0.999033
13446: 0.999033
13447: 0.999033
13448: 0.999033
13449: 0.999033
13450: 0.999034
13451: 0.999034
13452: 0.999034
13453: 0.999034
13454: 0.999034
13455: 0.999034
13456: 0.999034
13457: 0.999034
13458: 0.999034
13459: 0.999034
13460: 0.999034
13461: 0.999034
13462: 0.999034
13463: 0.999034
13464: 0.999035
13465: 0.999035
13466: 0.999035
13467: 0.999035
13468: 0.999035
13469: 0.999035
13470: 0.999035
13471: 0.999035
13472: 0.999035
13473: 0.999035
13474: 0.999035
13475: 0.999035
13476: 0.999035
13477: 0.999035
13478: 0.999036
13479: 0.999036
13480: 0.999036
13481: 0.999036
13482: 0.999036
13483: 0.999036
13484: 0.999036
13485: 0.999036
13486: 0.999036
13487: 0.999036
13488: 0.999036
13489: 0.999036
13490: 0.999036
13491: 0.999036
13492: 0.999037
13493: 0.999037
13494: 0.999037
13495: 0.999037
13496: 0.999037
13497: 0.999037
13498: 0.999037
13499: 0.999037
13500: 0.999037
13501: 0.999037
13502: 0.999037
13503: 0.999037
13504: 0.999037
13505: 0.999037
13506: 0.999038
13507: 0.999038
13508: 0.999038
13509: 0.999038
13510: 0.999038
13511: 0.999038
13512: 0.999038
13513: 0.999038
13514: 0.999038
13515: 0.999038
13516: 0.999038
13517: 0.999038
13518: 0.999038
13519: 0.999038
13520: 0.999039
13521: 0.999039
13522: 0.999039
13523: 0.999039
13524: 0.999039
13525: 0.999039
13526: 0.999039
13527: 0.999039
13528: 0.999039
13529: 0.999039
13530: 0.999039
13531: 0.999039
13532: 0.999039
13533: 0.999039
13534: 0.99904
13535: 0.99904
13536: 0.99904
13537: 0.99904
13538: 0.99904
13539: 0.99904
13540: 0.99904
13541: 0.99904
13542: 0.99904
13543: 0.99904
13544: 0.99904
13545: 0.99904
13546: 0.99904
13547: 0.99904
13548: 0.999041
13549: 0.999041
13550: 0.999041
13551: 0.999041
13552: 0.999041
13553: 0.999041
13554: 0.999041
13555: 0.999041
13556: 0.999041
13557: 0.999041
13558: 0.999041
13559: 0.999041
13560: 0.999041
13561: 0.999041
13562: 0.999042
13563: 0.999042
13564: 0.999042
13565: 0.999042
13566: 0.999042
13567: 0.999042
13568: 0.999042
13569: 0.999042
13570: 0.999042
13571: 0.999042
13572: 0.999042
13573: 0.999042
13574: 0.999042
13575: 0.999042
13576: 0.999042
13577: 0.999043
13578: 0.999043
13579: 0.999043
13580: 0.999043
13581: 0.999043
13582: 0.999043
13583: 0.999043
13584: 0.999043
13585: 0.999043
13586: 0.999043
13587: 0.999043
13588: 0.999043
13589: 0.999043
13590: 0.999043
13591: 0.999044
13592: 0.999044
13593: 0.999044
13594: 0.999044
13595: 0.999044
13596: 0.999044
13597: 0.999044
13598: 0.999044
13599: 0.999044
13600: 0.999044
13601: 0.999044
13602: 0.999044
13603: 0.999044
13604: 0.999044
13605: 0.999045
13606: 0.999045
13607: 0.999045
13608: 0.999045
13609: 0.999045
13610: 0.999045
13611: 0.999045
13612: 0.999045
13613: 0.999045
13614: 0.999045
13615: 0.999045
13616: 0.999045
13617: 0.999045
13618: 0.999045
13619: 0.999046
13620: 0.999046
13621: 0.999046
13622: 0.999046
13623: 0.999046
13624: 0.999046
13625: 0.999046
13626: 0.999046
13627: 0.999046
13628: 0.999046
13629: 0.999046
13630: 0.999046
13631: 0.999046
13632: 0.999046
13633: 0.999047
13634: 0.999047
13635: 0.999047
13636: 0.999047
13637: 0.999047
13638: 0.999047
13639: 0.999047
13640: 0.999047
13641: 0.999047
13642: 0.999047
13643: 0.999047
13644: 0.999047
13645: 0.999047
13646: 0.999047
13647: 0.999047
13648: 0.999048
13649: 0.999048
13650: 0.999048
13651: 0.999048
13652: 0.999048
13653: 0.999048
13654: 0.999048
13655: 0.999048
13656: 0.999048
13657: 0.999048
13658: 0.999048
13659: 0.999048
13660: 0.999048
13661: 0.999048
13662: 0.999049
13663: 0.999049
13664: 0.999049
13665: 0.999049
13666: 0.999049
13667: 0.999049
13668: 0.999049
13669: 0.999049
13670: 0.999049
13671: 0.999049
13672: 0.999049
13673: 0.999049
13674: 0.999049
13675: 0.999049
13676: 0.999049
13677: 0.99905
13678: 0.99905
13679: 0.99905
13680: 0.99905
13681: 0.99905
13682: 0.99905
13683: 0.99905
13684: 0.99905
13685: 0.99905
13686: 0.99905
13687: 0.99905
13688: 0.99905
13689: 0.99905
13690: 0.99905
13691: 0.999051
13692: 0.999051
13693: 0.999051
13694: 0.999051
13695: 0.999051
13696: 0.999051
13697: 0.999051
13698: 0.999051
13699: 0.999051
13700: 0.999051
13701: 0.999051
13702: 0.999051
13703: 0.999051
13704: 0.999051
13705: 0.999052
13706: 0.999052
13707: 0.999052
13708: 0.999052
13709: 0.999052
13710: 0.999052
13711: 0.999052
13712: 0.999052
13713: 0.999052
13714: 0.999052
13715: 0.999052
13716: 0.999052
13717: 0.999052
13718: 0.999052
13719: 0.999052
13720: 0.999053
13721: 0.999053
13722: 0.999053
13723: 0.999053
13724: 0.999053
13725: 0.999053
13726: 0.999053
13727: 0.999053
13728: 0.999053
13729: 0.999053
13730: 0.999053
13731: 0.999053
13732: 0.999053
13733: 0.999053
13734: 0.999054
13735: 0.999054
13736: 0.999054
13737: 0.999054
13738: 0.999054
13739: 0.999054
13740: 0.999054
13741: 0.999054
13742: 0.999054
13743: 0.999054
13744: 0.999054
13745: 0.999054
13746: 0.999054
13747: 0.999054
13748: 0.999054
13749: 0.999055
13750: 0.999055
13751: 0.999055
13752: 0.999055
13753: 0.999055
13754: 0.999055
13755: 0.999055
13756: 0.999055
13757: 0.999055
13758: 0.999055
13759: 0.999055
13760: 0.999055
13761: 0.999055
13762: 0.999055
13763: 0.999056
13764: 0.999056
13765: 0.999056
13766: 0.999056
13767: 0.999056
13768: 0.999056
13769: 0.999056
13770: 0.999056
13771: 0.999056
13772: 0.999056
13773: 0.999056
13774: 0.999056
13775: 0.999056
13776: 0.999056
13777: 0.999056
13778: 0.999057
13779: 0.999057
13780: 0.999057
13781: 0.999057
13782: 0.999057
13783: 0.999057
13784: 0.999057
13785: 0.999057
13786: 0.999057
13787: 0.999057
13788: 0.999057
13789: 0.999057
13790: 0.999057
13791: 0.999057
13792: 0.999057
13793: 0.999058
13794: 0.999058
13795: 0.999058
13796: 0.999058
13797: 0.999058
13798: 0.999058
13799: 0.999058
13800: 0.999058
13801: 0.999058
13802: 0.999058
13803: 0.999058
13804: 0.999058
13805: 0.999058
13806: 0.999058
13807: 0.999059
13808: 0.999059
13809: 0.999059
13810: 0.999059
13811: 0.999059
13812: 0.999059
13813: 0.999059
13814: 0.999059
13815: 0.999059
13816: 0.999059
13817: 0.999059
13818: 0.999059
13819: 0.999059
13820: 0.999059
13821: 0.999059
13822: 0.99906
13823: 0.99906
13824: 0.99906
13825: 0.99906
13826: 0.99906
13827: 0.99906
13828: 0.99906
13829: 0.99906
13830: 0.99906
13831: 0.99906
13832: 0.99906
13833: 0.99906
13834: 0.99906
13835: 0.99906
13836: 0.99906
13837: 0.999061
13838: 0.999061
13839: 0.999061
13840: 0.999061
13841: 0.999061
13842: 0.999061
13843: 0.999061
13844: 0.999061
13845: 0.999061
13846: 0.999061
13847: 0.999061
13848: 0.999061
13849: 0.999061
13850: 0.999061
13851: 0.999062
13852: 0.999062
13853: 0.999062
13854: 0.999062
13855: 0.999062
13856: 0.999062
13857: 0.999062
13858: 0.999062
13859: 0.999062
13860: 0.999062
13861: 0.999062
13862: 0.999062
13863: 0.999062
13864: 0.999062
13865: 0.999062
13866: 0.999063
13867: 0.999063
13868: 0.999063
13869: 0.999063
13870: 0.999063
13871: 0.999063
13872: 0.999063
13873: 0.999063
13874: 0.999063
13875: 0.999063
13876: 0.999063
13877: 0.999063
13878: 0.999063
13879: 0.999063
13880: 0.999063
13881: 0.999064
13882: 0.999064
13883: 0.999064
13884: 0.999064
13885: 0.999064
13886: 0.999064
13887: 0.999064
13888: 0.999064
13889: 0.999064
13890: 0.999064
13891: 0.999064
13892: 0.999064
13893: 0.999064
13894: 0.999064
13895: 0.999064
13896: 0.999065
13897: 0.999065
13898: 0.999065
13899: 0.999065
13900: 0.999065
13901: 0.999065
13902: 0.999065
13903: 0.999065
13904: 0.999065
13905: 0.999065
13906: 0.999065
13907: 0.999065
13908: 0.999065
13909: 0.999065
13910: 0.999065
13911: 0.999066
13912: 0.999066
13913: 0.999066
13914: 0.999066
13915: 0.999066
13916: 0.999066
13917: 0.999066
13918: 0.999066
13919: 0.999066
13920: 0.999066
13921: 0.999066
13922: 0.999066
13923: 0.999066
13924: 0.999066
13925: 0.999066
13926: 0.999067
13927: 0.999067
13928: 0.999067
13929: 0.999067
13930: 0.999067
13931: 0.999067
13932: 0.999067
13933: 0.999067
13934: 0.999067
13935: 0.999067
13936: 0.999067
13937: 0.999067
13938: 0.999067
13939: 0.999067
13940: 0.999067
13941: 0.999068
13942: 0.999068
13943: 0.999068
13944: 0.999068
13945: 0.999068
13946: 0.999068
13947: 0.999068
13948: 0.999068
13949: 0.999068
13950: 0.999068
13951: 0.999068
13952: 0.999068
13953: 0.999068
13954: 0.999068
13955: 0.999069
13956: 0.999069
13957: 0.999069
13958: 0.999069
13959: 0.999069
13960: 0.999069
13961: 0.999069
13962: 0.999069
13963: 0.999069
13964: 0.999069
13965: 0.999069
13966: 0.999069
13967: 0.999069
13968: 0.999069
13969: 0.999069
13970: 0.99907
13971: 0.99907
13972: 0.99907
13973: 0.99907
13974: 0.99907
13975: 0.99907
13976: 0.99907
13977: 0.99907
13978: 0.99907
13979: 0.99907
13980: 0.99907
13981: 0.99907
13982: 0.99907
13983: 0.99907
13984: 0.99907
13985: 0.99907
13986: 0.999071
13987: 0.999071
13988: 0.999071
13989: 0.999071
13990: 0.999071
13991: 0.999071
13992: 0.999071
13993: 0.999071
13994: 0.999071
13995: 0.999071
13996: 0.999071
13997: 0.999071
13998: 0.999071
13999: 0.999071
14000: 0.999071
14001: 0.999072
14002: 0.999072
14003: 0.999072
14004: 0.999072
14005: 0.999072
14006: 0.999072
14007: 0.999072
14008: 0.999072
14009: 0.999072
14010: 0.999072
14011: 0.999072
14012: 0.999072
14013: 0.999072
14014: 0.999072
14015: 0.999072
14016: 0.999073
14017: 0.999073
14018: 0.999073
14019: 0.999073
14020: 0.999073
14021: 0.999073
14022: 0.999073
14023: 0.999073
14024: 0.999073
14025: 0.999073
14026: 0.999073
14027: 0.999073
14028: 0.999073
14029: 0.999073
14030: 0.999073
14031: 0.999074
14032: 0.999074
14033: 0.999074
14034: 0.999074
14035: 0.999074
14036: 0.999074
14037: 0.999074
14038: 0.999074
14039: 0.999074
14040: 0.999074
14041: 0.999074
14042: 0.999074
14043: 0.999074
14044: 0.999074
14045: 0.999074
14046: 0.999075
14047: 0.999075
14048: 0.999075
14049: 0.999075
14050: 0.999075
14051: 0.999075
14052: 0.999075
14053: 0.999075
14054: 0.999075
14055: 0.999075
14056: 0.999075
14057: 0.999075
14058: 0.999075
14059: 0.999075
14060: 0.999075
14061: 0.999076
14062: 0.999076
14063: 0.999076
14064: 0.999076
14065: 0.999076
14066: 0.999076
14067: 0.999076
14068: 0.999076
14069: 0.999076
14070: 0.999076
14071: 0.999076
14072: 0.999076
14073: 0.999076
14074: 0.999076
14075: 0.999076
14076: 0.999077
14077: 0.999077
14078: 0.999077
14079: 0.999077
14080: 0.999077
14081: 0.999077
14082: 0.999077
14083: 0.999077
14084: 0.999077
14085: 0.999077
14086: 0.999077
14087: 0.999077
14088: 0.999077
14089: 0.999077
14090: 0.999077
14091: 0.999077
14092: 0.999078
14093: 0.999078
14094: 0.999078
14095: 0.999078
14096: 0.999078
14097: 0.999078
14098: 0.999078
14099: 0.999078
14100: 0.999078
14101: 0.999078
14102: 0.999078
14103: 0.999078
14104: 0.999078
14105: 0.999078
14106: 0.999078
14107: 0.999079
14108: 0.999079
14109: 0.999079
14110: 0.999079
14111: 0.999079
14112: 0.999079
14113: 0.999079
14114: 0.999079
14115: 0.999079
14116: 0.999079
14117: 0.999079
14118: 0.999079
14119: 0.999079
14120: 0.999079
14121: 0.999079
14122: 0.99908
14123: 0.99908
14124: 0.99908
14125: 0.99908
14126: 0.99908
14127: 0.99908
14128: 0.99908
14129: 0.99908
14130: 0.99908
14131: 0.99908
14132: 0.99908
14133: 0.99908
14134: 0.99908
14135: 0.99908
14136: 0.99908
14137: 0.99908
14138: 0.999081
14139: 0.999081
14140: 0.999081
14141: 0.999081
14142: 0.999081
14143: 0.999081
14144: 0.999081
14145: 0.999081
14146: 0.999081
14147: 0.999081
14148: 0.999081
14149: 0.999081
14150: 0.999081
14151: 0.999081
14152: 0.999081
14153: 0.999082
14154: 0.999082
14155: 0.999082
14156: 0.999082
14157: 0.999082
14158: 0.999082
14159: 0.999082
14160: 0.999082
14161: 0.999082
14162: 0.999082
14163: 0.999082
14164: 0.999082
14165: 0.999082
14166: 0.999082
14167: 0.999082
14168: 0.999083
14169: 0.999083
14170: 0.999083
14171: 0.999083
14172: 0.999083
14173: 0.999083
14174: 0.999083
14175: 0.999083
14176: 0.999083
14177: 0.999083
14178: 0.999083
14179: 0.999083
14180: 0.999083
14181: 0.999083
14182: 0.999083
14183: 0.999083
14184: 0.999084
14185: 0.999084
14186: 0.999084
14187: 0.999084
14188: 0.999084
14189: 0.999084
14190: 0.999084
14191: 0.999084
14192: 0.999084
14193: 0.999084
14194: 0.999084
14195: 0.999084
14196: 0.999084
14197: 0.999084
14198: 0.999084
14199: 0.999085
14200: 0.999085
14201: 0.999085
14202: 0.999085
14203: 0.999085
14204: 0.999085
14205: 0.999085
14206: 0.999085
14207: 0.999085
14208: 0.999085
14209: 0.999085
14210: 0.999085
14211: 0.999085
14212: 0.999085
14213: 0.999085
14214: 0.999085
14215: 0.999086
14216: 0.999086
14217: 0.999086
14218: 0.999086
14219: 0.999086
14220: 0.999086
14221: 0.999086
14222: 0.999086
14223: 0.999086
14224: 0.999086
14225: 0.999086
14226: 0.999086
14227: 0.999086
14228: 0.999086
14229: 0.999086
14230: 0.999087
14231: 0.999087
14232: 0.999087
14233: 0.999087
14234: 0.999087
14235: 0.999087
14236: 0.999087
14237: 0.999087
14238: 0.999087
14239: 0.999087
14240: 0.999087
14241: 0.999087
14242: 0.999087
14243: 0.999087
14244: 0.999087
14245: 0.999087
14246: 0.999088
14247: 0.999088
14248: 0.999088
14249: 0.999088
14250: 0.999088
14251: 0.999088
14252: 0.999088
14253: 0.999088
14254: 0.999088
14255: 0.999088
14256: 0.999088
14257: 0.999088
14258: 0.999088
14259: 0.999088
14260: 0.999088
14261: 0.999088
14262: 0.999089
14263: 0.999089
14264: 0.999089
14265: 0.999089
14266: 0.999089
14267: 0.999089
14268: 0.999089
14269: 0.999089
14270: 0.999089
14271: 0.999089
14272: 0.999089
14273: 0.999089
14274: 0.999089
14275: 0.999089
14276: 0.999089
14277: 0.99909
14278: 0.99909
14279: 0.99909
14280: 0.99909
14281: 0.99909
14282: 0.99909
14283: 0.99909
14284: 0.99909
14285: 0.99909
14286: 0.99909
14287: 0.99909
14288: 0.99909
14289: 0.99909
14290: 0.99909
14291: 0.99909
14292: 0.99909
14293: 0.999091
14294: 0.999091
14295: 0.999091
14296: 0.999091
14297: 0.999091
14298: 0.999091
14299: 0.999091
14300: 0.999091
14301: 0.999091
14302: 0.999091
14303: 0.999091
14304: 0.999091
14305: 0.999091
14306: 0.999091
14307: 0.999091
14308: 0.999091
14309: 0.999092
14310: 0.999092
14311: 0.999092
14312: 0.999092
14313: 0.999092
14314: 0.999092
14315: 0.999092
14316: 0.999092
14317: 0.999092
14318: 0.999092
14319: 0.999092
14320: 0.999092
14321: 0.999092
14322: 0.999092
14323: 0.999092
14324: 0.999092
14325: 0.999093
14326: 0.999093
14327: 0.999093
14328: 0.999093
14329: 0.999093
14330: 0.999093
14331: 0.999093
14332: 0.999093
14333: 0.999093
14334: 0.999093
14335: 0.999093
14336: 0.999093
14337: 0.999093
14338: 0.999093
14339: 0.999093
14340: 0.999094
14341: 0.999094
14342: 0.999094
14343: 0.999094
14344: 0.999094
14345: 0.999094
14346: 0.999094
14347: 0.999094
14348: 0.999094
14349: 0.999094
14350: 0.999094
14351: 0.999094
14352: 0.999094
14353: 0.999094
14354: 0.999094
14355: 0.999094
14356: 0.999095
14357: 0.999095
14358: 0.999095
14359: 0.999095
14360: 0.999095
14361: 0.999095
14362: 0.999095
14363: 0.999095
14364: 0.999095
14365: 0.999095
14366: 0.999095
14367: 0.999095
14368: 0.999095
14369: 0.999095
14370: 0.999095
14371: 0.999095
14372: 0.999096
14373: 0.999096
14374: 0.999096
14375: 0.999096
14376: 0.999096
14377: 0.999096
14378: 0.999096
14379: 0.999096
14380: 0.999096
14381: 0.999096
14382: 0.999096
14383: 0.999096
14384: 0.999096
14385: 0.999096
14386: 0.999096
14387: 0.999096
14388: 0.999097
14389: 0.999097
14390: 0.999097
14391: 0.999097
14392: 0.999097
14393: 0.999097
14394: 0.999097
14395: 0.999097
14396: 0.999097
14397: 0.999097
14398: 0.999097
14399: 0.999097
14400: 0.999097
14401: 0.999097
14402: 0.999097
14403: 0.999097
14404: 0.999098
14405: 0.999098
14406: 0.999098
14407: 0.999098
14408: 0.999098
14409: 0.999098
14410: 0.999098
14411: 0.999098
14412: 0.999098
14413: 0.999098
14414: 0.999098
14415: 0.999098
14416: 0.999098
14417: 0.999098
14418: 0.999098
14419: 0.999098
14420: 0.999099
14421: 0.999099
14422: 0.999099
14423: 0.999099
14424: 0.999099
14425: 0.999099
14426: 0.999099
14427: 0.999099
14428: 0.999099
14429: 0.999099
14430: 0.999099
14431: 0.999099
14432: 0.999099
14433: 0.999099
14434: 0.999099
14435: 0.999099
14436: 0.9991
14437: 0.9991
14438: 0.9991
14439: 0.9991
14440: 0.9991
14441: 0.9991
14442: 0.9991
14443: 0.9991
14444: 0.9991
14445: 0.9991
14446: 0.9991
14447: 0.9991
14448: 0.9991
14449: 0.9991
14450: 0.9991
14451: 0.9991
14452: 0.999101
14453: 0.999101
14454: 0.999101
14455: 0.999101
14456: 0.999101
14457: 0.999101
14458: 0.999101
14459: 0.999101
14460: 0.999101
14461: 0.999101
14462: 0.999101
14463: 0.999101
14464: 0.999101
14465: 0.999101
14466: 0.999101
14467: 0.999101
14468: 0.999102
14469: 0.999102
14470: 0.999102
14471: 0.999102
14472: 0.999102
14473: 0.999102
14474: 0.999102
14475: 0.999102
14476: 0.999102
14477: 0.999102
14478: 0.999102
14479: 0.999102
14480: 0.999102
14481: 0.999102
14482: 0.999102
14483: 0.999102
14484: 0.999103
14485: 0.999103
14486: 0.999103
14487: 0.999103
14488: 0.999103
14489: 0.999103
14490: 0.999103
14491: 0.999103
14492: 0.999103
14493: 0.999103
14494: 0.999103
14495: 0.999103
14496: 0.999103
14497: 0.999103
14498: 0.999103
14499: 0.999103
14500: 0.999104
14501: 0.999104
14502: 0.999104
14503: 0.999104
14504: 0.999104
14505: 0.999104
14506: 0.999104
14507: 0.999104
14508: 0.999104
14509: 0.999104
14510: 0.999104
14511: 0.999104
14512: 0.999104
14513: 0.999104
14514: 0.999104
14515: 0.999104
14516: 0.999104
14517: 0.999105
14518: 0.999105
14519: 0.999105
14520: 0.999105
14521: 0.999105
14522: 0.999105
14523: 0.999105
14524: 0.999105
14525: 0.999105
14526: 0.999105
14527: 0.999105
14528: 0.999105
14529: 0.999105
14530: 0.999105
14531: 0.999105
14532: 0.999105
14533: 0.999106
14534: 0.999106
14535: 0.999106
14536: 0.999106
14537: 0.999106
14538: 0.999106
14539: 0.999106
14540: 0.999106
14541: 0.999106
14542: 0.999106
14543: 0.999106
14544: 0.999106
14545: 0.999106
14546: 0.999106
14547: 0.999106
14548: 0.999106
14549: 0.999107
14550: 0.999107
14551: 0.999107
14552: 0.999107
14553: 0.999107
14554: 0.999107
14555: 0.999107
14556: 0.999107
14557: 0.999107
14558: 0.999107
14559: 0.999107
14560: 0.999107
14561: 0.999107
14562: 0.999107
14563: 0.999107
14564: 0.999107
14565: 0.999108
14566: 0.999108
14567: 0.999108
14568: 0.999108
14569: 0.999108
14570: 0.999108
14571: 0.999108
14572: 0.999108
14573: 0.999108
14574: 0.999108
14575: 0.999108
14576: 0.999108
14577: 0.999108
14578: 0.999108
14579: 0.999108
14580: 0.999108
14581: 0.999108
14582: 0.999109
14583: 0.999109
14584: 0.999109
14585: 0.999109
14586: 0.999109
14587: 0.999109
14588: 0.999109
14589: 0.999109
14590: 0.999109
14591: 0.999109
14592: 0.999109
14593: 0.999109
14594: 0.999109
14595: 0.999109
14596: 0.999109
14597: 0.999109
14598: 0.99911
14599: 0.99911
14600: 0.99911
14601: 0.99911
14602: 0.99911
14603: 0.99911
14604: 0.99911
14605: 0.99911
14606: 0.99911
14607: 0.99911
14608: 0.99911
14609: 0.99911
14610: 0.99911
14611: 0.99911
14612: 0.99911
14613: 0.99911
14614: 0.999111
14615: 0.999111
14616: 0.999111
14617: 0.999111
14618: 0.999111
14619: 0.999111
14620: 0.999111
14621: 0.999111
14622: 0.999111
14623: 0.999111
14624: 0.999111
14625: 0.999111
14626: 0.999111
14627: 0.999111
14628: 0.999111
14629: 0.999111
14630: 0.999111
14631: 0.999112
14632: 0.999112
14633: 0.999112
14634: 0.999112
14635: 0.999112
14636: 0.999112
14637: 0.999112
14638: 0.999112
14639: 0.999112
14640: 0.999112
14641: 0.999112
14642: 0.999112
14643: 0.999112
14644: 0.999112
14645: 0.999112
14646: 0.999112
14647: 0.999113
14648: 0.999113
14649: 0.999113
14650: 0.999113
14651: 0.999113
14652: 0.999113
14653: 0.999113
14654: 0.999113
14655: 0.999113
14656: 0.999113
14657: 0.999113
14658: 0.999113
14659: 0.999113
14660: 0.999113
14661: 0.999113
14662: 0.999113
14663: 0.999113
14664: 0.999114
14665: 0.999114
14666: 0.999114
14667: 0.999114
14668: 0.999114
14669: 0.999114
14670: 0.999114
14671: 0.999114
14672: 0.999114
14673: 0.999114
14674: 0.999114
14675: 0.999114
14676: 0.999114
14677: 0.999114
14678: 0.999114
14679: 0.999114
14680: 0.999115
14681: 0.999115
14682: 0.999115
14683: 0.999115
14684: 0.999115
14685: 0.999115
14686: 0.999115
14687: 0.999115
14688: 0.999115
14689: 0.999115
14690: 0.999115
14691: 0.999115
14692: 0.999115
14693: 0.999115
14694: 0.999115
14695: 0.999115
14696: 0.999115
14697: 0.999116
14698: 0.999116
14699: 0.999116
14700: 0.999116
14701: 0.999116
14702: 0.999116
14703: 0.999116
14704: 0.999116
14705: 0.999116
14706: 0.999116
14707: 0.999116
14708: 0.999116
14709: 0.999116
14710: 0.999116
14711: 0.999116
14712: 0.999116
14713: 0.999116
14714: 0.999117
14715: 0.999117
14716: 0.999117
14717: 0.999117
14718: 0.999117
14719: 0.999117
14720: 0.999117
14721: 0.999117
14722: 0.999117
14723: 0.999117
14724: 0.999117
14725: 0.999117
14726: 0.999117
14727: 0.999117
14728: 0.999117
14729: 0.999117
14730: 0.999118
14731: 0.999118
14732: 0.999118
14733: 0.999118
14734: 0.999118
14735: 0.999118
14736: 0.999118
14737: 0.999118
14738: 0.999118
14739: 0.999118
14740: 0.999118
14741: 0.999118
14742: 0.999118
14743: 0.999118
14744: 0.999118
14745: 0.999118
14746: 0.999118
14747: 0.999119
14748: 0.999119
14749: 0.999119
14750: 0.999119
14751: 0.999119
14752: 0.999119
14753: 0.999119
14754: 0.999119
14755: 0.999119
14756: 0.999119
14757: 0.999119
14758: 0.999119
14759: 0.999119
14760: 0.999119
14761: 0.999119
14762: 0.999119
14763: 0.999119
14764: 0.99912
14765: 0.99912
14766: 0.99912
14767: 0.99912
14768: 0.99912
14769: 0.99912
14770: 0.99912
14771: 0.99912
14772: 0.99912
14773: 0.99912
14774: 0.99912
14775: 0.99912
14776: 0.99912
14777: 0.99912
14778: 0.99912
14779: 0.99912
14780: 0.99912
14781: 0.999121
14782: 0.999121
14783: 0.999121
14784: 0.999121
14785: 0.999121
14786: 0.999121
14787: 0.999121
14788: 0.999121
14789: 0.999121
14790: 0.999121
14791: 0.999121
14792: 0.999121
14793: 0.999121
14794: 0.999121
14795: 0.999121
14796: 0.999121
14797: 0.999122
14798: 0.999122
14799: 0.999122
14800: 0.999122
14801: 0.999122
14802: 0.999122
14803: 0.999122
14804: 0.999122
14805: 0.999122
14806: 0.999122
14807: 0.999122
14808: 0.999122
14809: 0.999122
14810: 0.999122
14811: 0.999122
14812: 0.999122
14813: 0.999122
14814: 0.999123
14815: 0.999123
14816: 0.999123
14817: 0.999123
14818: 0.999123
14819: 0.999123
14820: 0.999123
14821: 0.999123
14822: 0.999123
14823: 0.999123
14824: 0.999123
14825: 0.999123
14826: 0.999123
14827: 0.999123
14828: 0.999123
14829: 0.999123
14830: 0.999123
14831: 0.999124
14832: 0.999124
14833: 0.999124
14834: 0.999124
14835: 0.999124
14836: 0.999124
14837: 0.999124
14838: 0.999124
14839: 0.999124
14840: 0.999124
14841: 0.999124
14842: 0.999124
14843: 0.999124
14844: 0.999124
14845: 0.999124
14846: 0.999124
14847: 0.999124
14848: 0.999125
14849: 0.999125
14850: 0.999125
14851: 0.999125
14852: 0.999125
14853: 0.999125
14854: 0.999125
14855: 0.999125
14856: 0.999125
14857: 0.999125
14858: 0.999125
14859: 0.999125
14860: 0.999125
14861: 0.999125
14862: 0.999125
14863: 0.999125
14864: 0.999125
14865: 0.999126
14866: 0.999126
14867: 0.999126
14868: 0.999126
14869: 0.999126
14870: 0.999126
14871: 0.999126
14872: 0.999126
14873: 0.999126
14874: 0.999126
14875: 0.999126
14876: 0.999126
14877: 0.999126
14878: 0.999126
14879: 0.999126
14880: 0.999126
14881: 0.999126
14882: 0.999127
14883: 0.999127
14884: 0.999127
14885: 0.999127
14886: 0.999127
14887: 0.999127
14888: 0.999127
14889: 0.999127
14890: 0.999127
14891: 0.999127
14892: 0.999127
14893: 0.999127
14894: 0.999127
14895: 0.999127
14896: 0.999127
14897: 0.999127
14898: 0.999127
14899: 0.999128
14900: 0.999128
14901: 0.999128
14902: 0.999128
14903: 0.999128
14904: 0.999128
14905: 0.999128
14906: 0.999128
14907: 0.999128
14908: 0.999128
14909: 0.999128
14910: 0.999128
14911: 0.999128
14912: 0.999128
14913: 0.999128
14914: 0.999128
14915: 0.999128
14916: 0.999129
14917: 0.999129
14918: 0.999129
14919: 0.999129
14920: 0.999129
14921: 0.999129
14922: 0.999129
14923: 0.999129
14924: 0.999129
14925: 0.999129
14926: 0.999129
14927: 0.999129
14928: 0.999129
14929: 0.999129
14930: 0.999129
14931: 0.999129
14932: 0.999129
14933: 0.99913
14934: 0.99913
14935: 0.99913
14936: 0.99913
14937: 0.99913
14938: 0.99913
14939: 0.99913
14940: 0.99913
14941: 0.99913
14942: 0.99913
14943: 0.99913
14944: 0.99913
14945: 0.99913
14946: 0.99913
14947: 0.99913
14948: 0.99913
14949: 0.99913
14950: 0.99913
14951: 0.999131
14952: 0.999131
14953: 0.999131
14954: 0.999131
14955: 0.999131
14956: 0.999131
14957: 0.999131
14958: 0.999131
14959: 0.999131
14960: 0.999131
14961: 0.999131
14962: 0.999131
14963: 0.999131
14964: 0.999131
14965: 0.999131
14966: 0.999131
14967: 0.999131
14968: 0.999132
14969: 0.999132
14970: 0.999132
14971: 0.999132
14972: 0.999132
14973: 0.999132
14974: 0.999132
14975: 0.999132
14976: 0.999132
14977: 0.999132
14978: 0.999132
14979: 0.999132
14980: 0.999132
14981: 0.999132
14982: 0.999132
14983: 0.999132
14984: 0.999132
14985: 0.999133
14986: 0.999133
14987: 0.999133
14988: 0.999133
14989: 0.999133
14990: 0.999133
14991: 0.999133
14992: 0.999133
14993: 0.999133
14994: 0.999133
14995: 0.999133
14996: 0.999133
14997: 0.999133
14998: 0.999133
14999: 0.999133
15000: 0.999133
15001: 0.999133
15002: 0.999134
15003: 0.999134
15004: 0.999134
15005: 0.999134
15006: 0.999134
15007: 0.999134
15008: 0.999134
15009: 0.999134
15010: 0.999134
15011: 0.999134
15012: 0.999134
15013: 0.999134
15014: 0.999134
15015: 0.999134
15016: 0.999134
15017: 0.999134
15018: 0.999134
15019: 0.999134
15020: 0.999135
15021: 0.999135
15022: 0.999135
15023: 0.999135
15024: 0.999135
15025: 0.999135
15026: 0.999135
15027: 0.999135
15028: 0.999135
15029: 0.999135
15030: 0.999135
15031: 0.999135
15032: 0.999135
15033: 0.999135
15034: 0.999135
15035: 0.999135
15036: 0.999135
15037: 0.999136
15038: 0.999136
15039: 0.999136
15040: 0.999136
15041: 0.999136
15042: 0.999136
15043: 0.999136
15044: 0.999136
15045: 0.999136
15046: 0.999136
15047: 0.999136
15048: 0.999136
15049: 0.999136
15050: 0.999136
15051: 0.999136
15052: 0.999136
15053: 0.999136
15054: 0.999136
15055: 0.999137
15056: 0.999137
15057: 0.999137
15058: 0.999137
15059: 0.999137
15060: 0.999137
15061: 0.999137
15062: 0.999137
15063: 0.999137
15064: 0.999137
15065: 0.999137
15066: 0.999137
15067: 0.999137
15068: 0.999137
15069: 0.999137
15070: 0.999137
15071: 0.999137
15072: 0.999138
15073: 0.999138
15074: 0.999138
15075: 0.999138
15076: 0.999138
15077: 0.999138
15078: 0.999138
15079: 0.999138
15080: 0.999138
15081: 0.999138
15082: 0.999138
15083: 0.999138
15084: 0.999138
15085: 0.999138
15086: 0.999138
15087: 0.999138
15088: 0.999138
15089: 0.999139
15090: 0.999139
15091: 0.999139
15092: 0.999139
15093: 0.999139
15094: 0.999139
15095: 0.999139
15096: 0.999139
15097: 0.999139
15098: 0.999139
15099: 0.999139
15100: 0.999139
15101: 0.999139
15102: 0.999139
15103: 0.999139
15104: 0.999139
15105: 0.999139
15106: 0.999139
15107: 0.99914
15108: 0.99914
15109: 0.99914
15110: 0.99914
15111: 0.99914
15112: 0.99914
15113: 0.99914
15114: 0.99914
15115: 0.99914
15116: 0.99914
15117: 0.99914
15118: 0.99914
15119: 0.99914
15120: 0.99914
15121: 0.99914
15122: 0.99914
15123: 0.99914
15124: 0.99914
15125: 0.999141
15126: 0.999141
15127: 0.999141
15128: 0.999141
15129: 0.999141
15130: 0.999141
15131: 0.999141
15132: 0.999141
15133: 0.999141
15134: 0.999141
15135: 0.999141
15136: 0.999141
15137: 0.999141
15138: 0.999141
15139: 0.999141
15140: 0.999141
15141: 0.999141
15142: 0.999142
15143: 0.999142
15144: 0.999142
15145: 0.999142
15146: 0.999142
15147: 0.999142
15148: 0.999142
15149: 0.999142
15150: 0.999142
15151: 0.999142
15152: 0.999142
15153: 0.999142
15154: 0.999142
15155: 0.999142
15156: 0.999142
15157: 0.999142
15158: 0.999142
15159: 0.999142
15160: 0.999143
15161: 0.999143
15162: 0.999143
15163: 0.999143
15164: 0.999143
15165: 0.999143
15166: 0.999143
15167: 0.999143
15168: 0.999143
15169: 0.999143
15170: 0.999143
15171: 0.999143
15172: 0.999143
15173: 0.999143
15174: 0.999143
15175: 0.999143
15176: 0.999143
15177: 0.999143
15178: 0.999144
15179: 0.999144
15180: 0.999144
15181: 0.999144
15182: 0.999144
15183: 0.999144
15184: 0.999144
15185: 0.999144
15186: 0.999144
15187: 0.999144
15188: 0.999144
15189: 0.999144
15190: 0.999144
15191: 0.999144
15192: 0.999144
15193: 0.999144
15194: 0.999144
15195: 0.999145
15196: 0.999145
15197: 0.999145
15198: 0.999145
15199: 0.999145
15200: 0.999145
15201: 0.999145
15202: 0.999145
15203: 0.999145
15204: 0.999145
15205: 0.999145
15206: 0.999145
15207: 0.999145
15208: 0.999145
15209: 0.999145
15210: 0.999145
15211: 0.999145
15212: 0.999145
15213: 0.999146
15214: 0.999146
15215: 0.999146
15216: 0.999146
15217: 0.999146
15218: 0.999146
15219: 0.999146
15220: 0.999146
15221: 0.999146
15222: 0.999146
15223: 0.999146
15224: 0.999146
15225: 0.999146
15226: 0.999146
15227: 0.999146
15228: 0.999146
15229: 0.999146
15230: 0.999146
15231: 0.999147
15232: 0.999147
15233: 0.999147
15234: 0.999147
15235: 0.999147
15236: 0.999147
15237: 0.999147
15238: 0.999147
15239: 0.999147
15240: 0.999147
15241: 0.999147
15242: 0.999147
15243: 0.999147
15244: 0.999147
15245: 0.999147
15246: 0.999147
15247: 0.999147
15248: 0.999147
15249: 0.999148
15250: 0.999148
15251: 0.999148
15252: 0.999148
15253: 0.999148
15254: 0.999148
15255: 0.999148
15256: 0.999148
15257: 0.999148
15258: 0.999148
15259: 0.999148
15260: 0.999148
15261: 0.999148
15262: 0.999148
15263: 0.999148
15264: 0.999148
15265: 0.999148
15266: 0.999148
15267: 0.999149
15268: 0.999149
15269: 0.999149
15270: 0.999149
15271: 0.999149
15272: 0.999149
15273: 0.999149
15274: 0.999149
15275: 0.999149
15276: 0.999149
15277: 0.999149
15278: 0.999149
15279: 0.999149
15280: 0.999149
15281: 0.999149
15282: 0.999149
15283: 0.999149
15284: 0.999149
15285: 0.99915
15286: 0.99915
15287: 0.99915
15288: 0.99915
15289: 0.99915
15290: 0.99915
15291: 0.99915
15292: 0.99915
15293: 0.99915
15294: 0.99915
15295: 0.99915
15296: 0.99915
15297: 0.99915
15298: 0.99915
15299: 0.99915
15300: 0.99915
15301: 0.99915
15302: 0.99915
15303: 0.999151
15304: 0.999151
15305: 0.999151
15306: 0.999151
15307: 0.999151
15308: 0.999151
15309: 0.999151
15310: 0.999151
15311: 0.999151
15312: 0.999151
15313: 0.999151
15314: 0.999151
15315: 0.999151
15316: 0.999151
15317: 0.999151
15318: 0.999151
15319: 0.999151
15320: 0.999151
15321: 0.999152
15322: 0.999152
15323: 0.999152
15324: 0.999152
15325: 0.999152
15326: 0.999152
15327: 0.999152
15328: 0.999152
15329: 0.999152
15330: 0.999152
15331: 0.999152
15332: 0.999152
15333: 0.999152
15334: 0.999152
15335: 0.999152
15336: 0.999152
15337: 0.999152
15338: 0.999152
15339: 0.999153
15340: 0.999153
15341: 0.999153
15342: 0.999153
15343: 0.999153
15344: 0.999153
15345: 0.999153
15346: 0.999153
15347: 0.999153
15348: 0.999153
15349: 0.999153
15350: 0.999153
15351: 0.999153
15352: 0.999153
15353: 0.999153
15354: 0.999153
15355: 0.999153
15356: 0.999153
15357: 0.999154
15358: 0.999154
15359: 0.999154
15360: 0.999154
15361: 0.999154
15362: 0.999154
15363: 0.999154
15364: 0.999154
15365: 0.999154
15366: 0.999154
15367: 0.999154
15368: 0.999154
15369: 0.999154
15370: 0.999154
15371: 0.999154
15372: 0.999154
15373: 0.999154
15374: 0.999154
15375: 0.999155
15376: 0.999155
15377: 0.999155
15378: 0.999155
15379: 0.999155
15380: 0.999155
15381: 0.999155
15382: 0.999155
15383: 0.999155
15384: 0.999155
15385: 0.999155
15386: 0.999155
15387: 0.999155
15388: 0.999155
15389: 0.999155
15390: 0.999155
15391: 0.999155
15392: 0.999155
15393: 0.999156
15394: 0.999156
15395: 0.999156
15396: 0.999156
15397: 0.999156
15398: 0.999156
15399: 0.999156
15400: 0.999156
15401: 0.999156
15402: 0.999156
15403: 0.999156
15404: 0.999156
15405: 0.999156
15406: 0.999156
15407: 0.999156
15408: 0.999156
15409: 0.999156
15410: 0.999156
15411: 0.999157
15412: 0.999157
15413: 0.999157
15414: 0.999157
15415: 0.999157
15416: 0.999157
15417: 0.999157
15418: 0.999157
15419: 0.999157
15420: 0.999157
15421: 0.999157
15422: 0.999157
15423: 0.999157
15424: 0.999157
15425: 0.999157
15426: 0.999157
15427: 0.999157
15428: 0.999157
15429: 0.999157
15430: 0.999158
15431: 0.999158
15432: 0.999158
15433: 0.999158
15434: 0.999158
15435: 0.999158
15436: 0.999158
15437: 0.999158
15438: 0.999158
15439: 0.999158
15440: 0.999158
15441: 0.999158
15442: 0.999158
15443: 0.999158
15444: 0.999158
15445: 0.999158
15446: 0.999158
15447: 0.999158
15448: 0.999159
15449: 0.999159
15450: 0.999159
15451: 0.999159
15452: 0.999159
15453: 0.999159
15454: 0.999159
15455: 0.999159
15456: 0.999159
15457: 0.999159
15458: 0.999159
15459: 0.999159
15460: 0.999159
15461: 0.999159
15462: 0.999159
15463: 0.999159
15464: 0.999159
15465: 0.999159
15466: 0.99916
15467: 0.99916
15468: 0.99916
15469: 0.99916
15470: 0.99916
15471: 0.99916
15472: 0.99916
15473: 0.99916
15474: 0.99916
15475: 0.99916
15476: 0.99916
15477: 0.99916
15478: 0.99916
15479: 0.99916
15480: 0.99916
15481: 0.99916
15482: 0.99916
15483: 0.99916
15484: 0.99916
15485: 0.999161
15486: 0.999161
15487: 0.999161
15488: 0.999161
15489: 0.999161
15490: 0.999161
15491: 0.999161
15492: 0.999161
15493: 0.999161
15494: 0.999161
15495: 0.999161
15496: 0.999161
15497: 0.999161
15498: 0.999161
15499: 0.999161
15500: 0.999161
15501: 0.999161
15502: 0.999161
15503: 0.999162
15504: 0.999162
15505: 0.999162
15506: 0.999162
15507: 0.999162
15508: 0.999162
15509: 0.999162
15510: 0.999162
15511: 0.999162
15512: 0.999162
15513: 0.999162
15514: 0.999162
15515: 0.999162
15516: 0.999162
15517: 0.999162
15518: 0.999162
15519: 0.999162
15520: 0.999162
15521: 0.999162
15522: 0.999163
15523: 0.999163
15524: 0.999163
15525: 0.999163
15526: 0.999163
15527: 0.999163
15528: 0.999163
15529: 0.999163
15530: 0.999163
15531: 0.999163
15532: 0.999163
15533: 0.999163
15534: 0.999163
15535: 0.999163
15536: 0.999163
15537: 0.999163
15538: 0.999163
15539: 0.999163
15540: 0.999164
15541: 0.999164
15542: 0.999164
15543: 0.999164
15544: 0.999164
15545: 0.999164
15546: 0.999164
15547: 0.999164
15548: 0.999164
15549: 0.999164
15550: 0.999164
15551: 0.999164
15552: 0.999164
15553: 0.999164
15554: 0.999164
15555: 0.999164
15556: 0.999164
15557: 0.999164
15558: 0.999164
15559: 0.999165
15560: 0.999165
15561: 0.999165
15562: 0.999165
15563: 0.999165
15564: 0.999165
15565: 0.999165
15566: 0.999165
15567: 0.999165
15568: 0.999165
15569: 0.999165
15570: 0.999165
15571: 0.999165
15572: 0.999165
15573: 0.999165
15574: 0.999165
15575: 0.999165
15576: 0.999165
15577: 0.999165
15578: 0.999166
15579: 0.999166
15580: 0.999166
15581: 0.999166
15582: 0.999166
15583: 0.999166
15584: 0.999166
15585: 0.999166
15586: 0.999166
15587: 0.999166
15588: 0.999166
15589: 0.999166
15590: 0.999166
15591: 0.999166
15592: 0.999166
15593: 0.999166
15594: 0.999166
15595: 0.999166
15596: 0.999167
15597: 0.999167
15598: 0.999167
15599: 0.999167
15600: 0.999167
15601: 0.999167
15602: 0.999167
15603: 0.999167
15604: 0.999167
15605: 0.999167
15606: 0.999167
15607: 0.999167
15608: 0.999167
15609: 0.999167
15610: 0.999167
15611: 0.999167
15612: 0.999167
15613: 0.999167
15614: 0.999167
15615: 0.999168
15616: 0.999168
15617: 0.999168
15618: 0.999168
15619: 0.999168
15620: 0.999168
15621: 0.999168
15622: 0.999168
15623: 0.999168
15624: 0.999168
15625: 0.999168
15626: 0.999168
15627: 0.999168
15628: 0.999168
15629: 0.999168
15630: 0.999168
15631: 0.999168
15632: 0.999168
15633: 0.999168
15634: 0.999169
15635: 0.999169
15636: 0.999169
15637: 0.999169
15638: 0.999169
15639: 0.999169
15640: 0.999169
15641: 0.999169
15642: 0.999169
15643: 0.999169
15644: 0.999169
15645: 0.999169
15646: 0.999169
15647: 0.999169
15648: 0.999169
15649: 0.999169
15650: 0.999169
15651: 0.999169
15652: 0.999169
15653: 0.99917
15654: 0.99917
15655: 0.99917
15656: 0.99917
15657: 0.99917
15658: 0.99917
15659: 0.99917
15660: 0.99917
15661: 0.99917
15662: 0.99917
15663: 0.99917
15664: 0.99917
15665: 0.99917
15666: 0.99917
15667: 0.99917
15668: 0.99917
15669: 0.99917
15670: 0.99917
15671: 0.99917
15672: 0.999171
15673: 0.999171
15674: 0.999171
15675: 0.999171
15676: 0.999171
15677: 0.999171
15678: 0.999171
15679: 0.999171
15680: 0.999171
15681: 0.999171
15682: 0.999171
15683: 0.999171
15684: 0.999171
15685: 0.999171
15686: 0.999171
15687: 0.999171
15688: 0.999171
15689: 0.999171
15690: 0.999171
15691: 0.999172
15692: 0.999172
15693: 0.999172
15694: 0.999172
15695: 0.999172
15696: 0.999172
15697: 0.999172
15698: 0.999172
15699: 0.999172
15700: 0.999172
15701: 0.999172
15702: 0.999172
15703: 0.999172
15704: 0.999172
15705: 0.999172
15706: 0.999172
15707: 0.999172
15708: 0.999172
15709: 0.999173
15710: 0.999173
15711: 0.999173
15712: 0.999173
15713: 0.999173
15714: 0.999173
15715: 0.999173
15716: 0.999173
15717: 0.999173
15718: 0.999173
15719: 0.999173
15720: 0.999173
15721: 0.999173
15722: 0.999173
15723: 0.999173
15724: 0.999173
15725: 0.999173
15726: 0.999173
15727: 0.999173
15728: 0.999174
15729: 0.999174
15730: 0.999174
15731: 0.999174
15732: 0.999174
15733: 0.999174
15734: 0.999174
15735: 0.999174
15736: 0.999174
15737: 0.999174
15738: 0.999174
15739: 0.999174
15740: 0.999174
15741: 0.999174
15742: 0.999174
15743: 0.999174
15744: 0.999174
15745: 0.999174
15746: 0.999174
15747: 0.999174
15748: 0.999175
15749: 0.999175
15750: 0.999175
15751: 0.999175
15752: 0.999175
15753: 0.999175
15754: 0.999175
15755: 0.999175
15756: 0.999175
15757: 0.999175
15758: 0.999175
15759: 0.999175
15760: 0.999175
15761: 0.999175
15762: 0.999175
15763: 0.999175
15764: 0.999175
15765: 0.999175
15766: 0.999175
15767: 0.999176
15768: 0.999176
15769: 0.999176
15770: 0.999176
15771: 0.999176
15772: 0.999176
15773: 0.999176
15774: 0.999176
15775: 0.999176
15776: 0.999176
15777: 0.999176
15778: 0.999176
15779: 0.999176
15780: 0.999176
15781: 0.999176
15782: 0.999176
15783: 0.999176
15784: 0.999176
15785: 0.999176
15786: 0.999177
15787: 0.999177
15788: 0.999177
15789: 0.999177
15790: 0.999177
15791: 0.999177
15792: 0.999177
15793: 0.999177
15794: 0.999177
15795: 0.999177
15796: 0.999177
15797: 0.999177
15798: 0.999177
15799: 0.999177
15800: 0.999177
15801: 0.999177
15802: 0.999177
15803: 0.999177
15804: 0.999177
15805: 0.999178
15806: 0.999178
15807: 0.999178
15808: 0.999178
15809: 0.999178
15810: 0.999178
15811: 0.999178
15812: 0.999178
15813: 0.999178
15814: 0.999178
15815: 0.999178
15816: 0.999178
15817: 0.999178
15818: 0.999178
15819: 0.999178
15820: 0.999178
15821: 0.999178
15822: 0.999178
15823: 0.999178
15824: 0.999179
15825: 0.999179
15826: 0.999179
15827: 0.999179
15828: 0.999179
15829: 0.999179
15830: 0.999179
15831: 0.999179
15832: 0.999179
15833: 0.999179
15834: 0.999179
15835: 0.999179
15836: 0.999179
15837: 0.999179
15838: 0.999179
15839: 0.999179
15840: 0.999179
15841: 0.999179
15842: 0.999179
15843: 0.99918
15844: 0.99918
15845: 0.99918
15846: 0.99918
15847: 0.99918
15848: 0.99918
15849: 0.99918
15850: 0.99918
15851: 0.99918
15852: 0.99918
15853: 0.99918
15854: 0.99918
15855: 0.99918
15856: 0.99918
15857: 0.99918
15858: 0.99918
15859: 0.99918
15860: 0.99918
15861: 0.99918
15862: 0.99918
15863: 0.999181
15864: 0.999181
15865: 0.999181
15866: 0.999181
15867: 0.999181
15868: 0.999181
15869: 0.999181
15870: 0.999181
15871: 0.999181
15872: 0.999181
15873: 0.999181
15874: 0.999181
15875: 0.999181
15876: 0.999181
15877: 0.999181
15878: 0.999181
15879: 0.999181
15880: 0.999181
15881: 0.999181
15882: 0.999182
15883: 0.999182
15884: 0.999182
15885: 0.999182
15886: 0.999182
15887: 0.999182
15888: 0.999182
15889: 0.999182
15890: 0.999182
15891: 0.999182
15892: 0.999182
15893: 0.999182
15894: 0.999182
15895: 0.999182
15896: 0.999182
15897: 0.999182
15898: 0.999182
15899: 0.999182
15900: 0.999182
15901: 0.999182
15902: 0.999183
15903: 0.999183
15904: 0.999183
15905: 0.999183
15906: 0.999183
15907: 0.999183
15908: 0.999183
15909: 0.999183
15910: 0.999183
15911: 0.999183
15912: 0.999183
15913: 0.999183
15914: 0.999183
15915: 0.999183
15916: 0.999183
15917: 0.999183
15918: 0.999183
15919: 0.999183
15920: 0.999183
15921: 0.999184
15922: 0.999184
15923: 0.999184
15924: 0.999184
15925: 0.999184
15926: 0.999184
15927: 0.999184
15928: 0.999184
15929: 0.999184
15930: 0.999184
15931: 0.999184
15932: 0.999184
15933: 0.999184
15934: 0.999184
15935: 0.999184
15936: 0.999184
15937: 0.999184
15938: 0.999184
15939: 0.999184
15940: 0.999184
15941: 0.999185
15942: 0.999185
15943: 0.999185
15944: 0.999185
15945: 0.999185
15946: 0.999185
15947: 0.999185
15948: 0.999185
15949: 0.999185
15950: 0.999185
15951: 0.999185
15952: 0.999185
15953: 0.999185
15954: 0.999185
15955: 0.999185
15956: 0.999185
15957: 0.999185
15958: 0.999185
15959: 0.999185
15960: 0.999186
15961: 0.999186
15962: 0.999186
15963: 0.999186
15964: 0.999186
15965: 0.999186
15966: 0.999186
15967: 0.999186
15968: 0.999186
15969: 0.999186
15970: 0.999186
15971: 0.999186
15972: 0.999186
15973: 0.999186
15974: 0.999186
15975: 0.999186
15976: 0.999186
15977: 0.999186
15978: 0.999186
15979: 0.999186
15980: 0.999187
15981: 0.999187
15982: 0.999187
15983: 0.999187
15984: 0.999187
15985: 0.999187
15986: 0.999187
15987: 0.999187
15988: 0.999187
15989: 0.999187
15990: 0.999187
15991: 0.999187
15992: 0.999187
15993: 0.999187
15994: 0.999187
15995: 0.999187
15996: 0.999187
15997: 0.999187
15998: 0.999187
15999: 0.999188
16000: 0.999188
16001: 0.999188
16002: 0.999188
16003: 0.999188
16004: 0.999188
16005: 0.999188
16006: 0.999188
16007: 0.999188
16008: 0.999188
16009: 0.999188
16010: 0.999188
16011: 0.999188
16012: 0.999188
16013: 0.999188
16014: 0.999188
16015: 0.999188
16016: 0.999188
16017: 0.999188
16018: 0.999188
16019: 0.999189
16020: 0.999189
16021: 0.999189
16022: 0.999189
16023: 0.999189
16024: 0.999189
16025: 0.999189
16026: 0.999189
16027: 0.999189
16028: 0.999189
16029: 0.999189
16030: 0.999189
16031: 0.999189
16032: 0.999189
16033: 0.999189
16034: 0.999189
16035: 0.999189
16036: 0.999189
16037: 0.999189
16038: 0.999189
16039: 0.99919
16040: 0.99919
16041: 0.99919
16042: 0.99919
16043: 0.99919
16044: 0.99919
16045: 0.99919
16046: 0.99919
16047: 0.99919
16048: 0.99919
16049: 0.99919
16050: 0.99919
16051: 0.99919
16052: 0.99919
16053: 0.99919
16054: 0.99919
16055: 0.99919
16056: 0.99919
16057: 0.99919
16058: 0.99919
16059: 0.999191
16060: 0.999191
16061: 0.999191
16062: 0.999191
16063: 0.999191
16064: 0.999191
16065: 0.999191
16066: 0.999191
16067: 0.999191
16068: 0.999191
16069: 0.999191
16070: 0.999191
16071: 0.999191
16072: 0.999191
16073: 0.999191
16074: 0.999191
16075: 0.999191
16076: 0.999191
16077: 0.999191
16078: 0.999191
16079: 0.999192
16080: 0.999192
16081: 0.999192
16082: 0.999192
16083: 0.999192
16084: 0.999192
16085: 0.999192
16086: 0.999192
16087: 0.999192
16088: 0.999192
16089: 0.999192
16090: 0.999192
16091: 0.999192
16092: 0.999192
16093: 0.999192
16094: 0.999192
16095: 0.999192
16096: 0.999192
16097: 0.999192
16098: 0.999192
16099: 0.999193
16100: 0.999193
16101: 0.999193
16102: 0.999193
16103: 0.999193
16104: 0.999193
16105: 0.999193
16106: 0.999193
16107: 0.999193
16108: 0.999193
16109: 0.999193
16110: 0.999193
16111: 0.999193
16112: 0.999193
16113: 0.999193
16114: 0.999193
16115: 0.999193
16116: 0.999193
16117: 0.999193
16118: 0.999193
16119: 0.999194
16120: 0.999194
16121: 0.999194
16122: 0.999194
16123: 0.999194
16124: 0.999194
16125: 0.999194
16126: 0.999194
16127: 0.999194
16128: 0.999194
16129: 0.999194
16130: 0.999194
16131: 0.999194
16132: 0.999194
16133: 0.999194
16134: 0.999194
16135: 0.999194
16136: 0.999194
16137: 0.999194
16138: 0.999194
16139: 0.999195
16140: 0.999195
16141: 0.999195
16142: 0.999195
16143: 0.999195
16144: 0.999195
16145: 0.999195
16146: 0.999195
16147: 0.999195
16148: 0.999195
16149: 0.999195
16150: 0.999195
16151: 0.999195
16152: 0.999195
16153: 0.999195
16154: 0.999195
16155: 0.999195
16156: 0.999195
16157: 0.999195
16158: 0.999195
16159: 0.999196
16160: 0.999196
16161: 0.999196
16162: 0.999196
16163: 0.999196
16164: 0.999196
16165: 0.999196
16166: 0.999196
16167: 0.999196
16168: 0.999196
16169: 0.999196
16170: 0.999196
16171: 0.999196
16172: 0.999196
16173: 0.999196
16174: 0.999196
16175: 0.999196
16176: 0.999196
16177: 0.999196
16178: 0.999196
16179: 0.999197
16180: 0.999197
16181: 0.999197
16182: 0.999197
16183: 0.999197
16184: 0.999197
16185: 0.999197
16186: 0.999197
16187: 0.999197
16188: 0.999197
16189: 0.999197
16190: 0.999197
16191: 0.999197
16192: 0.999197
16193: 0.999197
16194: 0.999197
16195: 0.999197
16196: 0.999197
16197: 0.999197
16198: 0.999197
16199: 0.999198
16200: 0.999198
16201: 0.999198
16202: 0.999198
16203: 0.999198
16204: 0.999198
16205: 0.999198
16206: 0.999198
16207: 0.999198
16208: 0.999198
16209: 0.999198
16210: 0.999198
16211: 0.999198
16212: 0.999198
16213: 0.999198
16214: 0.999198
16215: 0.999198
16216: 0.999198
16217: 0.999198
16218: 0.999198
16219: 0.999199
16220: 0.999199
16221: 0.999199
16222: 0.999199
16223: 0.999199
16224: 0.999199
16225: 0.999199
16226: 0.999199
16227: 0.999199
16228: 0.999199
16229: 0.999199
16230: 0.999199
16231: 0.999199
16232: 0.999199
16233: 0.999199
16234: 0.999199
16235: 0.999199
16236: 0.999199
16237: 0.999199
16238: 0.999199
16239: 0.9992
16240: 0.9992
16241: 0.9992
16242: 0.9992
16243: 0.9992
16244: 0.9992
16245: 0.9992
16246: 0.9992
16247: 0.9992
16248: 0.9992
16249: 0.9992
16250: 0.9992
16251: 0.9992
16252: 0.9992
16253: 0.9992
16254: 0.9992
16255: 0.9992
16256: 0.9992
16257: 0.9992
16258: 0.9992
16259: 0.9992
16260: 0.999201
16261: 0.999201
16262: 0.999201
16263: 0.999201
16264: 0.999201
16265: 0.999201
16266: 0.999201
16267: 0.999201
16268: 0.999201
16269: 0.999201
16270: 0.999201
16271: 0.999201
16272: 0.999201
16273: 0.999201
16274: 0.999201
16275: 0.999201
16276: 0.999201
16277: 0.999201
16278: 0.999201
16279: 0.999201
16280: 0.999202
16281: 0.999202
16282: 0.999202
16283: 0.999202
16284: 0.999202
16285: 0.999202
16286: 0.999202
16287: 0.999202
16288: 0.999202
16289: 0.999202
16290: 0.999202
16291: 0.999202
16292: 0.999202
16293: 0.999202
16294: 0.999202
16295: 0.999202
16296: 0.999202
16297: 0.999202
16298: 0.999202
16299: 0.999202
16300: 0.999203
16301: 0.999203
16302: 0.999203
16303: 0.999203
16304: 0.999203
16305: 0.999203
16306: 0.999203
16307: 0.999203
16308: 0.999203
16309: 0.999203
16310: 0.999203
16311: 0.999203
16312: 0.999203
16313: 0.999203
16314: 0.999203
16315: 0.999203
16316: 0.999203
16317: 0.999203
16318: 0.999203
16319: 0.999203
16320: 0.999203
16321: 0.999204
16322: 0.999204
16323: 0.999204
16324: 0.999204
16325: 0.999204
16326: 0.999204
16327: 0.999204
16328: 0.999204
16329: 0.999204
16330: 0.999204
16331: 0.999204
16332: 0.999204
16333: 0.999204
16334: 0.999204
16335: 0.999204
16336: 0.999204
16337: 0.999204
16338: 0.999204
16339: 0.999204
16340: 0.999204
16341: 0.999205
16342: 0.999205
16343: 0.999205
16344: 0.999205
16345: 0.999205
16346: 0.999205
16347: 0.999205
16348: 0.999205
16349: 0.999205
16350: 0.999205
16351: 0.999205
16352: 0.999205
16353: 0.999205
16354: 0.999205
16355: 0.999205
16356: 0.999205
16357: 0.999205
16358: 0.999205
16359: 0.999205
16360: 0.999205
16361: 0.999205
16362: 0.999206
16363: 0.999206
16364: 0.999206
16365: 0.999206
16366: 0.999206
16367: 0.999206
16368: 0.999206
16369: 0.999206
16370: 0.999206
16371: 0.999206
16372: 0.999206
16373: 0.999206
16374: 0.999206
16375: 0.999206
16376: 0.999206
16377: 0.999206
16378: 0.999206
16379: 0.999206
16380: 0.999206
16381: 0.999206
16382: 0.999206
16383: 0.999207
16384: 0.999207
16385: 0.999207
16386: 0.999207
16387: 0.999207
16388: 0.999207
16389: 0.999207
16390: 0.999207
16391: 0.999207
16392: 0.999207
16393: 0.999207
16394: 0.999207
16395: 0.999207
16396: 0.999207
16397: 0.999207
16398: 0.999207
16399: 0.999207
16400: 0.999207
16401: 0.999207
16402: 0.999207
16403: 0.999208
16404: 0.999208
16405: 0.999208
16406: 0.999208
16407: 0.999208
16408: 0.999208
16409: 0.999208
16410: 0.999208
16411: 0.999208
16412: 0.999208
16413: 0.999208
16414: 0.999208
16415: 0.999208
16416: 0.999208
16417: 0.999208
16418: 0.999208
16419: 0.999208
16420: 0.999208
16421: 0.999208
16422: 0.999208
16423: 0.999208
16424: 0.999209
16425: 0.999209
16426: 0.999209
16427: 0.999209
16428: 0.999209
16429: 0.999209
16430: 0.999209
16431: 0.999209
16432: 0.999209
16433: 0.999209
16434: 0.999209
16435: 0.999209
16436: 0.999209
16437: 0.999209
16438: 0.999209
16439: 0.999209
16440: 0.999209
16441: 0.999209
16442: 0.999209
16443: 0.999209
16444: 0.999209
16445: 0.99921
16446: 0.99921
16447: 0.99921
16448: 0.99921
16449: 0.99921
16450: 0.99921
16451: 0.99921
16452: 0.99921
16453: 0.99921
16454: 0.99921
16455: 0.99921
16456: 0.99921
16457: 0.99921
16458: 0.99921
16459: 0.99921
16460: 0.99921
16461: 0.99921
16462: 0.99921
16463: 0.99921
16464: 0.99921
16465: 0.99921
16466: 0.999211
16467: 0.999211
16468: 0.999211
16469: 0.999211
16470: 0.999211
16471: 0.999211
16472: 0.999211
16473: 0.999211
16474: 0.999211
16475: 0.999211
16476: 0.999211
16477: 0.999211
16478: 0.999211
16479: 0.999211
16480: 0.999211
16481: 0.999211
16482: 0.999211
16483: 0.999211
16484: 0.999211
16485: 0.999211
16486: 0.999211
16487: 0.999212
16488: 0.999212
16489: 0.999212
16490: 0.999212
16491: 0.999212
16492: 0.999212
16493: 0.999212
16494: 0.999212
16495: 0.999212
16496: 0.999212
16497: 0.999212
16498: 0.999212
16499: 0.999212
16500: 0.999212
16501: 0.999212
16502: 0.999212
16503: 0.999212
16504: 0.999212
16505: 0.999212
16506: 0.999212
16507: 0.999213
16508: 0.999213
16509: 0.999213
16510: 0.999213
16511: 0.999213
16512: 0.999213
16513: 0.999213
16514: 0.999213
16515: 0.999213
16516: 0.999213
16517: 0.999213
16518: 0.999213
16519: 0.999213
16520: 0.999213
16521: 0.999213
16522: 0.999213
16523: 0.999213
16524: 0.999213
16525: 0.999213
16526: 0.999213
16527: 0.999213
16528: 0.999214
16529: 0.999214
16530: 0.999214
16531: 0.999214
16532: 0.999214
16533: 0.999214
16534: 0.999214
16535: 0.999214
16536: 0.999214
16537: 0.999214
16538: 0.999214
16539: 0.999214
16540: 0.999214
16541: 0.999214
16542: 0.999214
16543: 0.999214
16544: 0.999214
16545: 0.999214
16546: 0.999214
16547: 0.999214
16548: 0.999214
16549: 0.999215
16550: 0.999215
16551: 0.999215
16552: 0.999215
16553: 0.999215
16554: 0.999215
16555: 0.999215
16556: 0.999215
16557: 0.999215
16558: 0.999215
16559: 0.999215
16560: 0.999215
16561: 0.999215
16562: 0.999215
16563: 0.999215
16564: 0.999215
16565: 0.999215
16566: 0.999215
16567: 0.999215
16568: 0.999215
16569: 0.999215
16570: 0.999215
16571: 0.999216
16572: 0.999216
16573: 0.999216
16574: 0.999216
16575: 0.999216
16576: 0.999216
16577: 0.999216
16578: 0.999216
16579: 0.999216
16580: 0.999216
16581: 0.999216
16582: 0.999216
16583: 0.999216
16584: 0.999216
16585: 0.999216
16586: 0.999216
16587: 0.999216
16588: 0.999216
16589: 0.999216
16590: 0.999216
16591: 0.999216
16592: 0.999217
16593: 0.999217
16594: 0.999217
16595: 0.999217
16596: 0.999217
16597: 0.999217
16598: 0.999217
16599: 0.999217
16600: 0.999217
16601: 0.999217
16602: 0.999217
16603: 0.999217
16604: 0.999217
16605: 0.999217
16606: 0.999217
16607: 0.999217
16608: 0.999217
16609: 0.999217
16610: 0.999217
16611: 0.999217
16612: 0.999217
16613: 0.999218
16614: 0.999218
16615: 0.999218
16616: 0.999218
16617: 0.999218
16618: 0.999218
16619: 0.999218
16620: 0.999218
16621: 0.999218
16622: 0.999218
16623: 0.999218
16624: 0.999218
16625: 0.999218
16626: 0.999218
16627: 0.999218
16628: 0.999218
16629: 0.999218
16630: 0.999218
16631: 0.999218
16632: 0.999218
16633: 0.999218
16634: 0.999219
16635: 0.999219
16636: 0.999219
16637: 0.999219
16638: 0.999219
16639: 0.999219
16640: 0.999219
16641: 0.999219
16642: 0.999219
16643: 0.999219
16644: 0.999219
16645: 0.999219
16646: 0.999219
16647: 0.999219
16648: 0.999219
16649: 0.999219
16650: 0.999219
16651: 0.999219
16652: 0.999219
16653: 0.999219
16654: 0.999219
16655: 0.99922
16656: 0.99922
16657: 0.99922
16658: 0.99922
16659: 0.99922
16660: 0.99922
16661: 0.99922
16662: 0.99922
16663: 0.99922
16664: 0.99922
16665: 0.99922
16666: 0.99922
16667: 0.99922
16668: 0.99922
16669: 0.99922
16670: 0.99922
16671: 0.99922
16672: 0.99922
16673: 0.99922
16674: 0.99922
16675: 0.99922
16676: 0.99922
16677: 0.999221
16678: 0.999221
16679: 0.999221
16680: 0.999221
16681: 0.999221
16682: 0.999221
16683: 0.999221
16684: 0.999221
16685: 0.999221
16686: 0.999221
16687: 0.999221
16688: 0.999221
16689: 0.999221
16690: 0.999221
16691: 0.999221
16692: 0.999221
16693: 0.999221
16694: 0.999221
16695: 0.999221
16696: 0.999221
16697: 0.999221
16698: 0.999222
16699: 0.999222
16700: 0.999222
16701: 0.999222
16702: 0.999222
16703: 0.999222
16704: 0.999222
16705: 0.999222
16706: 0.999222
16707: 0.999222
16708: 0.999222
16709: 0.999222
16710: 0.999222
16711: 0.999222
16712: 0.999222
16713: 0.999222
16714: 0.999222
16715: 0.999222
16716: 0.999222
16717: 0.999222
16718: 0.999222
16719: 0.999222
16720: 0.999223
16721: 0.999223
16722: 0.999223
16723: 0.999223
16724: 0.999223
16725: 0.999223
16726: 0.999223
16727: 0.999223
16728: 0.999223
16729: 0.999223
16730: 0.999223
16731: 0.999223
16732: 0.999223
16733: 0.999223
16734: 0.999223
16735: 0.999223
16736: 0.999223
16737: 0.999223
16738: 0.999223
16739: 0.999223
16740: 0.999223
16741: 0.999224
16742: 0.999224
16743: 0.999224
16744: 0.999224
16745: 0.999224
16746: 0.999224
16747: 0.999224
16748: 0.999224
16749: 0.999224
16750: 0.999224
16751: 0.999224
16752: 0.999224
16753: 0.999224
16754: 0.999224
16755: 0.999224
16756: 0.999224
16757: 0.999224
16758: 0.999224
16759: 0.999224
16760: 0.999224
16761: 0.999224
16762: 0.999224
16763: 0.999225
16764: 0.999225
16765: 0.999225
16766: 0.999225
16767: 0.999225
16768: 0.999225
16769: 0.999225
16770: 0.999225
16771: 0.999225
16772: 0.999225
16773: 0.999225
16774: 0.999225
16775: 0.999225
16776: 0.999225
16777: 0.999225
16778: 0.999225
16779: 0.999225
16780: 0.999225
16781: 0.999225
16782: 0.999225
16783: 0.999225
16784: 0.999225
16785: 0.999226
16786: 0.999226
16787: 0.999226
16788: 0.999226
16789: 0.999226
16790: 0.999226
16791: 0.999226
16792: 0.999226
16793: 0.999226
16794: 0.999226
16795: 0.999226
16796: 0.999226
16797: 0.999226
16798: 0.999226
16799: 0.999226
16800: 0.999226
16801: 0.999226
16802: 0.999226
16803: 0.999226
16804: 0.999226
16805: 0.999226
16806: 0.999227
16807: 0.999227
16808: 0.999227
16809: 0.999227
16810: 0.999227
16811: 0.999227
16812: 0.999227
16813: 0.999227
16814: 0.999227
16815: 0.999227
16816: 0.999227
16817: 0.999227
16818: 0.999227
16819: 0.999227
16820: 0.999227
16821: 0.999227
16822: 0.999227
16823: 0.999227
16824: 0.999227
16825: 0.999227
16826: 0.999227
16827: 0.999227
16828: 0.999228
16829: 0.999228
16830: 0.999228
16831: 0.999228
16832: 0.999228
16833: 0.999228
16834: 0.999228
16835: 0.999228
16836: 0.999228
16837: 0.999228
16838: 0.999228
16839: 0.999228
16840: 0.999228
16841: 0.999228
16842: 0.999228
16843: 0.999228
16844: 0.999228
16845: 0.999228
16846: 0.999228
16847: 0.999228
16848: 0.999228
16849: 0.999228
16850: 0.999229
16851: 0.999229
16852: 0.999229
16853: 0.999229
16854: 0.999229
16855: 0.999229
16856: 0.999229
16857: 0.999229
16858: 0.999229
16859: 0.999229
16860: 0.999229
16861: 0.999229
16862: 0.999229
16863: 0.999229
16864: 0.999229
16865: 0.999229
16866: 0.999229
16867: 0.999229
16868: 0.999229
16869: 0.999229
16870: 0.999229
16871: 0.999229
16872: 0.99923
16873: 0.99923
16874: 0.99923
16875: 0.99923
16876: 0.99923
16877: 0.99923
16878: 0.99923
16879: 0.99923
16880: 0.99923
16881: 0.99923
16882: 0.99923
16883: 0.99923
16884: 0.99923
16885: 0.99923
16886: 0.99923
16887: 0.99923
16888: 0.99923
16889: 0.99923
16890: 0.99923
16891: 0.99923
16892: 0.99923
16893: 0.99923
16894: 0.999231
16895: 0.999231
16896: 0.999231
16897: 0.999231
16898: 0.999231
16899: 0.999231
16900: 0.999231
16901: 0.999231
16902: 0.999231
16903: 0.999231
16904: 0.999231
16905: 0.999231
16906: 0.999231
16907: 0.999231
16908: 0.999231
16909: 0.999231
16910: 0.999231
16911: 0.999231
16912: 0.999231
16913: 0.999231
16914: 0.999231
16915: 0.999231
16916: 0.999232
16917: 0.999232
16918: 0.999232
16919: 0.999232
16920: 0.999232
16921: 0.999232
16922: 0.999232
16923: 0.999232
16924: 0.999232
16925: 0.999232
16926: 0.999232
16927: 0.999232
16928: 0.999232
16929: 0.999232
16930: 0.999232
16931: 0.999232
16932: 0.999232
16933: 0.999232
16934: 0.999232
16935: 0.999232
16936: 0.999232
16937: 0.999232
16938: 0.999233
16939: 0.999233
16940: 0.999233
16941: 0.999233
16942: 0.999233
16943: 0.999233
16944: 0.999233
16945: 0.999233
16946: 0.999233
16947: 0.999233
16948: 0.999233
16949: 0.999233
16950: 0.999233
16951: 0.999233
16952: 0.999233
16953: 0.999233
16954: 0.999233
16955: 0.999233
16956: 0.999233
16957: 0.999233
16958: 0.999233
16959: 0.999233
16960: 0.999234
16961: 0.999234
16962: 0.999234
16963: 0.999234
16964: 0.999234
16965: 0.999234
16966: 0.999234
16967: 0.999234
16968: 0.999234
16969: 0.999234
16970: 0.999234
16971: 0.999234
16972: 0.999234
16973: 0.999234
16974: 0.999234
16975: 0.999234
16976: 0.999234
16977: 0.999234
16978: 0.999234
16979: 0.999234
16980: 0.999234
16981: 0.999234
16982: 0.999235
16983: 0.999235
16984: 0.999235
16985: 0.999235
16986: 0.999235
16987: 0.999235
16988: 0.999235
16989: 0.999235
16990: 0.999235
16991: 0.999235
16992: 0.999235
16993: 0.999235
16994: 0.999235
16995: 0.999235
16996: 0.999235
16997: 0.999235
16998: 0.999235
16999: 0.999235
17000: 0.999235
17001: 0.999235
17002: 0.999235
17003: 0.999235
17004: 0.999236
17005: 0.999236
17006: 0.999236
17007: 0.999236
17008: 0.999236
17009: 0.999236
17010: 0.999236
17011: 0.999236
17012: 0.999236
17013: 0.999236
17014: 0.999236
17015: 0.999236
17016: 0.999236
17017: 0.999236
17018: 0.999236
17019: 0.999236
17020: 0.999236
17021: 0.999236
17022: 0.999236
17023: 0.999236
17024: 0.999236
17025: 0.999236
17026: 0.999237
17027: 0.999237
17028: 0.999237
17029: 0.999237
17030: 0.999237
17031: 0.999237
17032: 0.999237
17033: 0.999237
17034: 0.999237
17035: 0.999237
17036: 0.999237
17037: 0.999237
17038: 0.999237
17039: 0.999237
17040: 0.999237
17041: 0.999237
17042: 0.999237
17043: 0.999237
17044: 0.999237
17045: 0.999237
17046: 0.999237
17047: 0.999237
17048: 0.999237
17049: 0.999238
17050: 0.999238
17051: 0.999238
17052: 0.999238
17053: 0.999238
17054: 0.999238
17055: 0.999238
17056: 0.999238
17057: 0.999238
17058: 0.999238
17059: 0.999238
17060: 0.999238
17061: 0.999238
17062: 0.999238
17063: 0.999238
17064: 0.999238
17065: 0.999238
17066: 0.999238
17067: 0.999238
17068: 0.999238
17069: 0.999238
17070: 0.999238
17071: 0.999239
17072: 0.999239
17073: 0.999239
17074: 0.999239
17075: 0.999239
17076: 0.999239
17077: 0.999239
17078: 0.999239
17079: 0.999239
17080: 0.999239
17081: 0.999239
17082: 0.999239
17083: 0.999239
17084: 0.999239
17085: 0.999239
17086: 0.999239
17087: 0.999239
17088: 0.999239
17089: 0.999239
17090: 0.999239
17091: 0.999239
17092: 0.999239
17093: 0.999239
17094: 0.99924
17095: 0.99924
17096: 0.99924
17097: 0.99924
17098: 0.99924
17099: 0.99924
17100: 0.99924
17101: 0.99924
17102: 0.99924
17103: 0.99924
17104: 0.99924
17105: 0.99924
17106: 0.99924
17107: 0.99924
17108: 0.99924
17109: 0.99924
17110: 0.99924
17111: 0.99924
17112: 0.99924
17113: 0.99924
17114: 0.99924
17115: 0.99924
17116: 0.999241
17117: 0.999241
17118: 0.999241
17119: 0.999241
17120: 0.999241
17121: 0.999241
17122: 0.999241
17123: 0.999241
17124: 0.999241
17125: 0.999241
17126: 0.999241
17127: 0.999241
17128: 0.999241
17129: 0.999241
17130: 0.999241
17131: 0.999241
17132: 0.999241
17133: 0.999241
17134: 0.999241
17135: 0.999241
17136: 0.999241
17137: 0.999241
17138: 0.999241
17139: 0.999242
17140: 0.999242
17141: 0.999242
17142: 0.999242
17143: 0.999242
17144: 0.999242
17145: 0.999242
17146: 0.999242
17147: 0.999242
17148: 0.999242
17149: 0.999242
17150: 0.999242
17151: 0.999242
17152: 0.999242
17153: 0.999242
17154: 0.999242
17155: 0.999242
17156: 0.999242
17157: 0.999242
17158: 0.999242
17159: 0.999242
17160: 0.999242
17161: 0.999243
17162: 0.999243
17163: 0.999243
17164: 0.999243
17165: 0.999243
17166: 0.999243
17167: 0.999243
17168: 0.999243
17169: 0.999243
17170: 0.999243
17171: 0.999243
17172: 0.999243
17173: 0.999243
17174: 0.999243
17175: 0.999243
17176: 0.999243
17177: 0.999243
17178: 0.999243
17179: 0.999243
17180: 0.999243
17181: 0.999243
17182: 0.999243
17183: 0.999243
17184: 0.999244
17185: 0.999244
17186: 0.999244
17187: 0.999244
17188: 0.999244
17189: 0.999244
17190: 0.999244
17191: 0.999244
17192: 0.999244
17193: 0.999244
17194: 0.999244
17195: 0.999244
17196: 0.999244
17197: 0.999244
17198: 0.999244
17199: 0.999244
17200: 0.999244
17201: 0.999244
17202: 0.999244
17203: 0.999244
17204: 0.999244
17205: 0.999244
17206: 0.999244
17207: 0.999245
17208: 0.999245
17209: 0.999245
17210: 0.999245
17211: 0.999245
17212: 0.999245
17213: 0.999245
17214: 0.999245
17215: 0.999245
17216: 0.999245
17217: 0.999245
17218: 0.999245
17219: 0.999245
17220: 0.999245
17221: 0.999245
17222: 0.999245
17223: 0.999245
17224: 0.999245
17225: 0.999245
17226: 0.999245
17227: 0.999245
17228: 0.999245
17229: 0.999246
17230: 0.999246
17231: 0.999246
17232: 0.999246
17233: 0.999246
17234: 0.999246
17235: 0.999246
17236: 0.999246
17237: 0.999246
17238: 0.999246
17239: 0.999246
17240: 0.999246
17241: 0.999246
17242: 0.999246
17243: 0.999246
17244: 0.999246
17245: 0.999246
17246: 0.999246
17247: 0.999246
17248: 0.999246
17249: 0.999246
17250: 0.999246
17251: 0.999246
17252: 0.999247
17253: 0.999247
17254: 0.999247
17255: 0.999247
17256: 0.999247
17257: 0.999247
17258: 0.999247
17259: 0.999247
17260: 0.999247
17261: 0.999247
17262: 0.999247
17263: 0.999247
17264: 0.999247
17265: 0.999247
17266: 0.999247
17267: 0.999247
17268: 0.999247
17269: 0.999247
17270: 0.999247
17271: 0.999247
17272: 0.999247
17273: 0.999247
17274: 0.999247
17275: 0.999248
17276: 0.999248
17277: 0.999248
17278: 0.999248
17279: 0.999248
17280: 0.999248
17281: 0.999248
17282: 0.999248
17283: 0.999248
17284: 0.999248
17285: 0.999248
17286: 0.999248
17287: 0.999248
17288: 0.999248
17289: 0.999248
17290: 0.999248
17291: 0.999248
17292: 0.999248
17293: 0.999248
17294: 0.999248
17295: 0.999248
17296: 0.999248
17297: 0.999248
17298: 0.999249
17299: 0.999249
17300: 0.999249
17301: 0.999249
17302: 0.999249
17303: 0.999249
17304: 0.999249
17305: 0.999249
17306: 0.999249
17307: 0.999249
17308: 0.999249
17309: 0.999249
17310: 0.999249
17311: 0.999249
17312: 0.999249
17313: 0.999249
17314: 0.999249
17315: 0.999249
17316: 0.999249
17317: 0.999249
17318: 0.999249
17319: 0.999249
17320: 0.999249
17321: 0.99925
17322: 0.99925
17323: 0.99925
17324: 0.99925
17325: 0.99925
17326: 0.99925
17327: 0.99925
17328: 0.99925
17329: 0.99925
17330: 0.99925
17331: 0.99925
17332: 0.99925
17333: 0.99925
17334: 0.99925
17335: 0.99925
17336: 0.99925
17337: 0.99925
17338: 0.99925
17339: 0.99925
17340: 0.99925
17341: 0.99925
17342: 0.99925
17343: 0.99925
17344: 0.999251
17345: 0.999251
17346: 0.999251
17347: 0.999251
17348: 0.999251
17349: 0.999251
17350: 0.999251
17351: 0.999251
17352: 0.999251
17353: 0.999251
17354: 0.999251
17355: 0.999251
17356: 0.999251
17357: 0.999251
17358: 0.999251
17359: 0.999251
17360: 0.999251
17361: 0.999251
17362: 0.999251
17363: 0.999251
17364: 0.999251
17365: 0.999251
17366: 0.999251
17367: 0.999251
17368: 0.999252
17369: 0.999252
17370: 0.999252
17371: 0.999252
17372: 0.999252
17373: 0.999252
17374: 0.999252
17375: 0.999252
17376: 0.999252
17377: 0.999252
17378: 0.999252
17379: 0.999252
17380: 0.999252
17381: 0.999252
17382: 0.999252
17383: 0.999252
17384: 0.999252
17385: 0.999252
17386: 0.999252
17387: 0.999252
17388: 0.999252
17389: 0.999252
17390: 0.999252
17391: 0.999253
17392: 0.999253
17393: 0.999253
17394: 0.999253
17395: 0.999253
17396: 0.999253
17397: 0.999253
17398: 0.999253
17399: 0.999253
17400: 0.999253
17401: 0.999253
17402: 0.999253
17403: 0.999253
17404: 0.999253
17405: 0.999253
17406: 0.999253
17407: 0.999253
17408: 0.999253
17409: 0.999253
17410: 0.999253
17411: 0.999253
17412: 0.999253
17413: 0.999253
17414: 0.999254
17415: 0.999254
17416: 0.999254
17417: 0.999254
17418: 0.999254
17419: 0.999254
17420: 0.999254
17421: 0.999254
17422: 0.999254
17423: 0.999254
17424: 0.999254
17425: 0.999254
17426: 0.999254
17427: 0.999254
17428: 0.999254
17429: 0.999254
17430: 0.999254
17431: 0.999254
17432: 0.999254
17433: 0.999254
17434: 0.999254
17435: 0.999254
17436: 0.999254
17437: 0.999255
17438: 0.999255
17439: 0.999255
17440: 0.999255
17441: 0.999255
17442: 0.999255
17443: 0.999255
17444: 0.999255
17445: 0.999255
17446: 0.999255
17447: 0.999255
17448: 0.999255
17449: 0.999255
17450: 0.999255
17451: 0.999255
17452: 0.999255
17453: 0.999255
17454: 0.999255
17455: 0.999255
17456: 0.999255
17457: 0.999255
17458: 0.999255
17459: 0.999255
17460: 0.999255
17461: 0.999256
17462: 0.999256
17463: 0.999256
17464: 0.999256
17465: 0.999256
17466: 0.999256
17467: 0.999256
17468: 0.999256
17469: 0.999256
17470: 0.999256
17471: 0.999256
17472: 0.999256
17473: 0.999256
17474: 0.999256
17475: 0.999256
17476: 0.999256
17477: 0.999256
17478: 0.999256
17479: 0.999256
17480: 0.999256
17481: 0.999256
17482: 0.999256
17483: 0.999256
17484: 0.999257
17485: 0.999257
17486: 0.999257
17487: 0.999257
17488: 0.999257
17489: 0.999257
17490: 0.999257
17491: 0.999257
17492: 0.999257
17493: 0.999257
17494: 0.999257
17495: 0.999257
17496: 0.999257
17497: 0.999257
17498: 0.999257
17499: 0.999257
17500: 0.999257
17501: 0.999257
17502: 0.999257
17503: 0.999257
17504: 0.999257
17505: 0.999257
17506: 0.999257
17507: 0.999257
17508: 0.999258
17509: 0.999258
17510: 0.999258
17511: 0.999258
17512: 0.999258
17513: 0.999258
17514: 0.999258
17515: 0.999258
17516: 0.999258
17517: 0.999258
17518: 0.999258
17519: 0.999258
17520: 0.999258
17521: 0.999258
17522: 0.999258
17523: 0.999258
17524: 0.999258
17525: 0.999258
17526: 0.999258
17527: 0.999258
17528: 0.999258
17529: 0.999258
17530: 0.999258
17531: 0.999258
17532: 0.999259
17533: 0.999259
17534: 0.999259
17535: 0.999259
17536: 0.999259
17537: 0.999259
17538: 0.999259
17539: 0.999259
17540: 0.999259
17541: 0.999259
17542: 0.999259
17543: 0.999259
17544: 0.999259
17545: 0.999259
17546: 0.999259
17547: 0.999259
17548: 0.999259
17549: 0.999259
17550: 0.999259
17551: 0.999259
17552: 0.999259
17553: 0.999259
17554: 0.999259
17555: 0.99926
17556: 0.99926
17557: 0.99926
17558: 0.99926
17559: 0.99926
17560: 0.99926
17561: 0.99926
17562: 0.99926
17563: 0.99926
17564: 0.99926
17565: 0.99926
17566: 0.99926
17567: 0.99926
17568: 0.99926
17569: 0.99926
17570: 0.99926
17571: 0.99926
17572: 0.99926
17573: 0.99926
17574: 0.99926
17575: 0.99926
17576: 0.99926
17577: 0.99926
17578: 0.99926
17579: 0.999261
17580: 0.999261
17581: 0.999261
17582: 0.999261
17583: 0.999261
17584: 0.999261
17585: 0.999261
17586: 0.999261
17587: 0.999261
17588: 0.999261
17589: 0.999261
17590: 0.999261
17591: 0.999261
17592: 0.999261
17593: 0.999261
17594: 0.999261
17595: 0.999261
17596: 0.999261
17597: 0.999261
17598: 0.999261
17599: 0.999261
17600: 0.999261
17601: 0.999261
17602: 0.999261
17603: 0.999262
17604: 0.999262
17605: 0.999262
17606: 0.999262
17607: 0.999262
17608: 0.999262
17609: 0.999262
17610: 0.999262
17611: 0.999262
17612: 0.999262
17613: 0.999262
17614: 0.999262
17615: 0.999262
17616: 0.999262
17617: 0.999262
17618: 0.999262
17619: 0.999262
17620: 0.999262
17621: 0.999262
17622: 0.999262
17623: 0.999262
17624: 0.999262
17625: 0.999262
17626: 0.999262
17627: 0.999263
17628: 0.999263
17629: 0.999263
17630: 0.999263
17631: 0.999263
17632: 0.999263
17633: 0.999263
17634: 0.999263
17635: 0.999263
17636: 0.999263
17637: 0.999263
17638: 0.999263
17639: 0.999263
17640: 0.999263
17641: 0.999263
17642: 0.999263
17643: 0.999263
17644: 0.999263
17645: 0.999263
17646: 0.999263
17647: 0.999263
17648: 0.999263
17649: 0.999263
17650: 0.999263
17651: 0.999264
17652: 0.999264
17653: 0.999264
17654: 0.999264
17655: 0.999264
17656: 0.999264
17657: 0.999264
17658: 0.999264
17659: 0.999264
17660: 0.999264
17661: 0.999264
17662: 0.999264
17663: 0.999264
17664: 0.999264
17665: 0.999264
17666: 0.999264
17667: 0.999264
17668: 0.999264
17669: 0.999264
17670: 0.999264
17671: 0.999264
17672: 0.999264
17673: 0.999264
17674: 0.999264
17675: 0.999265
17676: 0.999265
17677: 0.999265
17678: 0.999265
17679: 0.999265
17680: 0.999265
17681: 0.999265
17682: 0.999265
17683: 0.999265
17684: 0.999265
17685: 0.999265
17686: 0.999265
17687: 0.999265
17688: 0.999265
17689: 0.999265
17690: 0.999265
17691: 0.999265
17692: 0.999265
17693: 0.999265
17694: 0.999265
17695: 0.999265
17696: 0.999265
17697: 0.999265
17698: 0.999265
17699: 0.999266
17700: 0.999266
17701: 0.999266
17702: 0.999266
17703: 0.999266
17704: 0.999266
17705: 0.999266
17706: 0.999266
17707: 0.999266
17708: 0.999266
17709: 0.999266
17710: 0.999266
17711: 0.999266
17712: 0.999266
17713: 0.999266
17714: 0.999266
17715: 0.999266
17716: 0.999266
17717: 0.999266
17718: 0.999266
17719: 0.999266
17720: 0.999266
17721: 0.999266
17722: 0.999266
17723: 0.999267
17724: 0.999267
17725: 0.999267
17726: 0.999267
17727: 0.999267
17728: 0.999267
17729: 0.999267
17730: 0.999267
17731: 0.999267
17732: 0.999267
17733: 0.999267
17734: 0.999267
17735: 0.999267
17736: 0.999267
17737: 0.999267
17738: 0.999267
17739: 0.999267
17740: 0.999267
17741: 0.999267
17742: 0.999267
17743: 0.999267
17744: 0.999267
17745: 0.999267
17746: 0.999267
17747: 0.999268
17748: 0.999268
17749: 0.999268
17750: 0.999268
17751: 0.999268
17752: 0.999268
17753: 0.999268
17754: 0.999268
17755: 0.999268
17756: 0.999268
17757: 0.999268
17758: 0.999268
17759: 0.999268
17760: 0.999268
17761: 0.999268
17762: 0.999268
17763: 0.999268
17764: 0.999268
17765: 0.999268
17766: 0.999268
17767: 0.999268
17768: 0.999268
17769: 0.999268
17770: 0.999268
17771: 0.999269
17772: 0.999269
17773: 0.999269
17774: 0.999269
17775: 0.999269
17776: 0.999269
17777: 0.999269
17778: 0.999269
17779: 0.999269
17780: 0.999269
17781: 0.999269
17782: 0.999269
17783: 0.999269
17784: 0.999269
17785: 0.999269
17786: 0.999269
17787: 0.999269
17788: 0.999269
17789: 0.999269
17790: 0.999269
17791: 0.999269
17792: 0.999269
17793: 0.999269
17794: 0.999269
17795: 0.999269
17796: 0.99927
17797: 0.99927
17798: 0.99927
17799: 0.99927
17800: 0.99927
17801: 0.99927
17802: 0.99927
17803: 0.99927
17804: 0.99927
17805: 0.99927
17806: 0.99927
17807: 0.99927
17808: 0.99927
17809: 0.99927
17810: 0.99927
17811: 0.99927
17812: 0.99927
17813: 0.99927
17814: 0.99927
17815: 0.99927
17816: 0.99927
17817: 0.99927
17818: 0.99927
17819: 0.99927
17820: 0.999271
17821: 0.999271
17822: 0.999271
17823: 0.999271
17824: 0.999271
17825: 0.999271
17826: 0.999271
17827: 0.999271
17828: 0.999271
17829: 0.999271
17830: 0.999271
17831: 0.999271
17832: 0.999271
17833: 0.999271
17834: 0.999271
17835: 0.999271
17836: 0.999271
17837: 0.999271
17838: 0.999271
17839: 0.999271
17840: 0.999271
17841: 0.999271
17842: 0.999271
17843: 0.999271
17844: 0.999272
17845: 0.999272
17846: 0.999272
17847: 0.999272
17848: 0.999272
17849: 0.999272
17850: 0.999272
17851: 0.999272
17852: 0.999272
17853: 0.999272
17854: 0.999272
17855: 0.999272
17856: 0.999272
17857: 0.999272
17858: 0.999272
17859: 0.999272
17860: 0.999272
17861: 0.999272
17862: 0.999272
17863: 0.999272
17864: 0.999272
17865: 0.999272
17866: 0.999272
17867: 0.999272
17868: 0.999272
17869: 0.999273
17870: 0.999273
17871: 0.999273
17872: 0.999273
17873: 0.999273
17874: 0.999273
17875: 0.999273
17876: 0.999273
17877: 0.999273
17878: 0.999273
17879: 0.999273
17880: 0.999273
17881: 0.999273
17882: 0.999273
17883: 0.999273
17884: 0.999273
17885: 0.999273
17886: 0.999273
17887: 0.999273
17888: 0.999273
17889: 0.999273
17890: 0.999273
17891: 0.999273
17892: 0.999273
17893: 0.999273
17894: 0.999274
17895: 0.999274
17896: 0.999274
17897: 0.999274
17898: 0.999274
17899: 0.999274
17900: 0.999274
17901: 0.999274
17902: 0.999274
17903: 0.999274
17904: 0.999274
17905: 0.999274
17906: 0.999274
17907: 0.999274
17908: 0.999274
17909: 0.999274
17910: 0.999274
17911: 0.999274
17912: 0.999274
17913: 0.999274
17914: 0.999274
17915: 0.999274
17916: 0.999274
17917: 0.999274
17918: 0.999275
17919: 0.999275
17920: 0.999275
17921: 0.999275
17922: 0.999275
17923: 0.999275
17924: 0.999275
17925: 0.999275
17926: 0.999275
17927: 0.999275
17928: 0.999275
17929: 0.999275
17930: 0.999275
17931: 0.999275
17932: 0.999275
17933: 0.999275
17934: 0.999275
17935: 0.999275
17936: 0.999275
17937: 0.999275
17938: 0.999275
17939: 0.999275
17940: 0.999275
17941: 0.999275
17942: 0.999275
17943: 0.999276
17944: 0.999276
17945: 0.999276
17946: 0.999276
17947: 0.999276
17948: 0.999276
17949: 0.999276
17950: 0.999276
17951: 0.999276
17952: 0.999276
17953: 0.999276
17954: 0.999276
17955: 0.999276
17956: 0.999276
17957: 0.999276
17958: 0.999276
17959: 0.999276
17960: 0.999276
17961: 0.999276
17962: 0.999276
17963: 0.999276
17964: 0.999276
17965: 0.999276
17966: 0.999276
17967: 0.999276
17968: 0.999277
17969: 0.999277
17970: 0.999277
17971: 0.999277
17972: 0.999277
17973: 0.999277
17974: 0.999277
17975: 0.999277
17976: 0.999277
17977: 0.999277
17978: 0.999277
17979: 0.999277
17980: 0.999277
17981: 0.999277
17982: 0.999277
17983: 0.999277
17984: 0.999277
17985: 0.999277
17986: 0.999277
17987: 0.999277
17988: 0.999277
17989: 0.999277
17990: 0.999277
17991: 0.999277
17992: 0.999277
17993: 0.999278
17994: 0.999278
17995: 0.999278
17996: 0.999278
17997: 0.999278
17998: 0.999278
17999: 0.999278
18000: 0.999278
18001: 0.999278
18002: 0.999278
18003: 0.999278
18004: 0.999278
18005: 0.999278
18006: 0.999278
18007: 0.999278
18008: 0.999278
18009: 0.999278
18010: 0.999278
18011: 0.999278
18012: 0.999278
18013: 0.999278
18014: 0.999278
18015: 0.999278
18016: 0.999278
18017: 0.999278
18018: 0.999279
18019: 0.999279
18020: 0.999279
18021: 0.999279
18022: 0.999279
18023: 0.999279
18024: 0.999279
18025: 0.999279
18026: 0.999279
18027: 0.999279
18028: 0.999279
18029: 0.999279
18030: 0.999279
18031: 0.999279
18032: 0.999279
18033: 0.999279
18034: 0.999279
18035: 0.999279
18036: 0.999279
18037: 0.999279
18038: 0.999279
18039: 0.999279
18040: 0.999279
18041: 0.999279
18042: 0.999279
18043: 0.99928
18044: 0.99928
18045: 0.99928
18046: 0.99928
18047: 0.99928
18048: 0.99928
18049: 0.99928
18050: 0.99928
18051: 0.99928
18052: 0.99928
18053: 0.99928
18054: 0.99928
18055: 0.99928
18056: 0.99928
18057: 0.99928
18058: 0.99928
18059: 0.99928
18060: 0.99928
18061: 0.99928
18062: 0.99928
18063: 0.99928
18064: 0.99928
18065: 0.99928
18066: 0.99928
18067: 0.99928
18068: 0.999281
18069: 0.999281
18070: 0.999281
18071: 0.999281
18072: 0.999281
18073: 0.999281
18074: 0.999281
18075: 0.999281
18076: 0.999281
18077: 0.999281
18078: 0.999281
18079: 0.999281
18080: 0.999281
18081: 0.999281
18082: 0.999281
18083: 0.999281
18084: 0.999281
18085: 0.999281
18086: 0.999281
18087: 0.999281
18088: 0.999281
18089: 0.999281
18090: 0.999281
18091: 0.999281
18092: 0.999281
18093: 0.999282
18094: 0.999282
18095: 0.999282
18096: 0.999282
18097: 0.999282
18098: 0.999282
18099: 0.999282
18100: 0.999282
18101: 0.999282
18102: 0.999282
18103: 0.999282
18104: 0.999282
18105: 0.999282
18106: 0.999282
18107: 0.999282
18108: 0.999282
18109: 0.999282
18110: 0.999282
18111: 0.999282
18112: 0.999282
18113: 0.999282
18114: 0.999282
18115: 0.999282
18116: 0.999282
18117: 0.999282
18118: 0.999283
18119: 0.999283
18120: 0.999283
18121: 0.999283
18122: 0.999283
18123: 0.999283
18124: 0.999283
18125: 0.999283
18126: 0.999283
18127: 0.999283
18128: 0.999283
18129: 0.999283
18130: 0.999283
18131: 0.999283
18132: 0.999283
18133: 0.999283
18134: 0.999283
18135: 0.999283
18136: 0.999283
18137: 0.999283
18138: 0.999283
18139: 0.999283
18140: 0.999283
18141: 0.999283
18142: 0.999283
18143: 0.999284
18144: 0.999284
18145: 0.999284
18146: 0.999284
18147: 0.999284
18148: 0.999284
18149: 0.999284
18150: 0.999284
18151: 0.999284
18152: 0.999284
18153: 0.999284
18154: 0.999284
18155: 0.999284
18156: 0.999284
18157: 0.999284
18158: 0.999284
18159: 0.999284
18160: 0.999284
18161: 0.999284
18162: 0.999284
18163: 0.999284
18164: 0.999284
18165: 0.999284
18166: 0.999284
18167: 0.999284
18168: 0.999284
18169: 0.999285
18170: 0.999285
18171: 0.999285
18172: 0.999285
18173: 0.999285
18174: 0.999285
18175: 0.999285
18176: 0.999285
18177: 0.999285
18178: 0.999285
18179: 0.999285
18180: 0.999285
18181: 0.999285
18182: 0.999285
18183: 0.999285
18184: 0.999285
18185: 0.999285
18186: 0.999285
18187: 0.999285
18188: 0.999285
18189: 0.999285
18190: 0.999285
18191: 0.999285
18192: 0.999285
18193: 0.999285
18194: 0.999286
18195: 0.999286
18196: 0.999286
18197: 0.999286
18198: 0.999286
18199: 0.999286
18200: 0.999286
18201: 0.999286
18202: 0.999286
18203: 0.999286
18204: 0.999286
18205: 0.999286
18206: 0.999286
18207: 0.999286
18208: 0.999286
18209: 0.999286
18210: 0.999286
18211: 0.999286
18212: 0.999286
18213: 0.999286
18214: 0.999286
18215: 0.999286
18216: 0.999286
18217: 0.999286
18218: 0.999286
18219: 0.999286
18220: 0.999287
18221: 0.999287
18222: 0.999287
18223: 0.999287
18224: 0.999287
18225: 0.999287
18226: 0.999287
18227: 0.999287
18228: 0.999287
18229: 0.999287
18230: 0.999287
18231: 0.999287
18232: 0.999287
18233: 0.999287
18234: 0.999287
18235: 0.999287
18236: 0.999287
18237: 0.999287
18238: 0.999287
18239: 0.999287
18240: 0.999287
18241: 0.999287
18242: 0.999287
18243: 0.999287
18244: 0.999287
18245: 0.999288
18246: 0.999288
18247: 0.999288
18248: 0.999288
18249: 0.999288
18250: 0.999288
18251: 0.999288
18252: 0.999288
18253: 0.999288
18254: 0.999288
18255: 0.999288
18256: 0.999288
18257: 0.999288
18258: 0.999288
18259: 0.999288
18260: 0.999288
18261: 0.999288
18262: 0.999288
18263: 0.999288
18264: 0.999288
18265: 0.999288
18266: 0.999288
18267: 0.999288
18268: 0.999288
18269: 0.999288
18270: 0.999288
18271: 0.999289
18272: 0.999289
18273: 0.999289
18274: 0.999289
18275: 0.999289
18276: 0.999289
18277: 0.999289
18278: 0.999289
18279: 0.999289
18280: 0.999289
18281: 0.999289
18282: 0.999289
18283: 0.999289
18284: 0.999289
18285: 0.999289
18286: 0.999289
18287: 0.999289
18288: 0.999289
18289: 0.999289
18290: 0.999289
18291: 0.999289
18292: 0.999289
18293: 0.999289
18294: 0.999289
18295: 0.999289
18296: 0.99929
18297: 0.99929
18298: 0.99929
18299: 0.99929
18300: 0.99929
18301: 0.99929
18302: 0.99929
18303: 0.99929
18304: 0.99929
18305: 0.99929
18306: 0.99929
18307: 0.99929
18308: 0.99929
18309: 0.99929
18310: 0.99929
18311: 0.99929
18312: 0.99929
18313: 0.99929
18314: 0.99929
18315: 0.99929
18316: 0.99929
18317: 0.99929
18318: 0.99929
18319: 0.99929
18320: 0.99929
18321: 0.99929
18322: 0.999291
18323: 0.999291
18324: 0.999291
18325: 0.999291
18326: 0.999291
18327: 0.999291
18328: 0.999291
18329: 0.999291
18330: 0.999291
18331: 0.999291
18332: 0.999291
18333: 0.999291
18334: 0.999291
18335: 0.999291
18336: 0.999291
18337: 0.999291
18338: 0.999291
18339: 0.999291
18340: 0.999291
18341: 0.999291
18342: 0.999291
18343: 0.999291
18344: 0.999291
18345: 0.999291
18346: 0.999291
18347: 0.999291
18348: 0.999292
18349: 0.999292
18350: 0.999292
18351: 0.999292
18352: 0.999292
18353: 0.999292
18354: 0.999292
18355: 0.999292
18356: 0.999292
18357: 0.999292
18358: 0.999292
18359: 0.999292
18360: 0.999292
18361: 0.999292
18362: 0.999292
18363: 0.999292
18364: 0.999292
18365: 0.999292
18366: 0.999292
18367: 0.999292
18368: 0.999292
18369: 0.999292
18370: 0.999292
18371: 0.999292
18372: 0.999292
18373: 0.999292
18374: 0.999293
18375: 0.999293
18376: 0.999293
18377: 0.999293
18378: 0.999293
18379: 0.999293
18380: 0.999293
18381: 0.999293
18382: 0.999293
18383: 0.999293
18384: 0.999293
18385: 0.999293
18386: 0.999293
18387: 0.999293
18388: 0.999293
18389: 0.999293
18390: 0.999293
18391: 0.999293
18392: 0.999293
18393: 0.999293
18394: 0.999293
18395: 0.999293
18396: 0.999293
18397: 0.999293
18398: 0.999293
18399: 0.999293
18400: 0.999294
18401: 0.999294
18402: 0.999294
18403: 0.999294
18404: 0.999294
18405: 0.999294
18406: 0.999294
18407: 0.999294
18408: 0.999294
18409: 0.999294
18410: 0.999294
18411: 0.999294
18412: 0.999294
18413: 0.999294
18414: 0.999294
18415: 0.999294
18416: 0.999294
18417: 0.999294
18418: 0.999294
18419: 0.999294
18420: 0.999294
18421: 0.999294
18422: 0.999294
18423: 0.999294
18424: 0.999294
18425: 0.999294
18426: 0.999295
18427: 0.999295
18428: 0.999295
18429: 0.999295
18430: 0.999295
18431: 0.999295
18432: 0.999295
18433: 0.999295
18434: 0.999295
18435: 0.999295
18436: 0.999295
18437: 0.999295
18438: 0.999295
18439: 0.999295
18440: 0.999295
18441: 0.999295
18442: 0.999295
18443: 0.999295
18444: 0.999295
18445: 0.999295
18446: 0.999295
18447: 0.999295
18448: 0.999295
18449: 0.999295
18450: 0.999295
18451: 0.999295
18452: 0.999296
18453: 0.999296
18454: 0.999296
18455: 0.999296
18456: 0.999296
18457: 0.999296
18458: 0.999296
18459: 0.999296
18460: 0.999296
18461: 0.999296
18462: 0.999296
18463: 0.999296
18464: 0.999296
18465: 0.999296
18466: 0.999296
18467: 0.999296
18468: 0.999296
18469: 0.999296
18470: 0.999296
18471: 0.999296
18472: 0.999296
18473: 0.999296
18474: 0.999296
18475: 0.999296
18476: 0.999296
18477: 0.999296
18478: 0.999296
18479: 0.999297
18480: 0.999297
18481: 0.999297
18482: 0.999297
18483: 0.999297
18484: 0.999297
18485: 0.999297
18486: 0.999297
18487: 0.999297
18488: 0.999297
18489: 0.999297
18490: 0.999297
18491: 0.999297
18492: 0.999297
18493: 0.999297
18494: 0.999297
18495: 0.999297
18496: 0.999297
18497: 0.999297
18498: 0.999297
18499: 0.999297
18500: 0.999297
18501: 0.999297
18502: 0.999297
18503: 0.999297
18504: 0.999297
18505: 0.999298
18506: 0.999298
18507: 0.999298
18508: 0.999298
18509: 0.999298
18510: 0.999298
18511: 0.999298
18512: 0.999298
18513: 0.999298
18514: 0.999298
18515: 0.999298
18516: 0.999298
18517: 0.999298
18518: 0.999298
18519: 0.999298
18520: 0.999298
18521: 0.999298
18522: 0.999298
18523: 0.999298
18524: 0.999298
18525: 0.999298
18526: 0.999298
18527: 0.999298
18528: 0.999298
18529: 0.999298
18530: 0.999298
18531: 0.999299
18532: 0.999299
18533: 0.999299
18534: 0.999299
18535: 0.999299
18536: 0.999299
18537: 0.999299
18538: 0.999299
18539: 0.999299
18540: 0.999299
18541: 0.999299
18542: 0.999299
18543: 0.999299
18544: 0.999299
18545: 0.999299
18546: 0.999299
18547: 0.999299
18548: 0.999299
18549: 0.999299
18550: 0.999299
18551: 0.999299
18552: 0.999299
18553: 0.999299
18554: 0.999299
18555: 0.999299
18556: 0.999299
18557: 0.999299
18558: 0.9993
18559: 0.9993
18560: 0.9993
18561: 0.9993
18562: 0.9993
18563: 0.9993
18564: 0.9993
18565: 0.9993
18566: 0.9993
18567: 0.9993
18568: 0.9993
18569: 0.9993
18570: 0.9993
18571: 0.9993
18572: 0.9993
18573: 0.9993
18574: 0.9993
18575: 0.9993
18576: 0.9993
18577: 0.9993
18578: 0.9993
18579: 0.9993
18580: 0.9993
18581: 0.9993
18582: 0.9993
18583: 0.9993
18584: 0.999301
18585: 0.999301
18586: 0.999301
18587: 0.999301
18588: 0.999301
18589: 0.999301
18590: 0.999301
18591: 0.999301
18592: 0.999301
18593: 0.999301
18594: 0.999301
18595: 0.999301
18596: 0.999301
18597: 0.999301
18598: 0.999301
18599: 0.999301
18600: 0.999301
18601: 0.999301
18602: 0.999301
18603: 0.999301
18604: 0.999301
18605: 0.999301
18606: 0.999301
18607: 0.999301
18608: 0.999301
18609: 0.999301
18610: 0.999301
18611: 0.999302
18612: 0.999302
18613: 0.999302
18614: 0.999302
18615: 0.999302
18616: 0.999302
18617: 0.999302
18618: 0.999302
18619: 0.999302
18620: 0.999302
18621: 0.999302
18622: 0.999302
18623: 0.999302
18624: 0.999302
18625: 0.999302
18626: 0.999302
18627: 0.999302
18628: 0.999302
18629: 0.999302
18630: 0.999302
18631: 0.999302
18632: 0.999302
18633: 0.999302
18634: 0.999302
18635: 0.999302
18636: 0.999302
18637: 0.999303
18638: 0.999303
18639: 0.999303
18640: 0.999303
18641: 0.999303
18642: 0.999303
18643: 0.999303
18644: 0.999303
18645: 0.999303
18646: 0.999303
18647: 0.999303
18648: 0.999303
18649: 0.999303
18650: 0.999303
18651: 0.999303
18652: 0.999303
18653: 0.999303
18654: 0.999303
18655: 0.999303
18656: 0.999303
18657: 0.999303
18658: 0.999303
18659: 0.999303
18660: 0.999303
18661: 0.999303
18662: 0.999303
18663: 0.999303
18664: 0.999304
18665: 0.999304
18666: 0.999304
18667: 0.999304
18668: 0.999304
18669: 0.999304
18670: 0.999304
18671: 0.999304
18672: 0.999304
18673: 0.999304
18674: 0.999304
18675: 0.999304
18676: 0.999304
18677: 0.999304
18678: 0.999304
18679: 0.999304
18680: 0.999304
18681: 0.999304
18682: 0.999304
18683: 0.999304
18684: 0.999304
18685: 0.999304
18686: 0.999304
18687: 0.999304
18688: 0.999304
18689: 0.999304
18690: 0.999304
18691: 0.999305
18692: 0.999305
18693: 0.999305
18694: 0.999305
18695: 0.999305
18696: 0.999305
18697: 0.999305
18698: 0.999305
18699: 0.999305
18700: 0.999305
18701: 0.999305
18702: 0.999305
18703: 0.999305
18704: 0.999305
18705: 0.999305
18706: 0.999305
18707: 0.999305
18708: 0.999305
18709: 0.999305
18710: 0.999305
18711: 0.999305
18712: 0.999305
18713: 0.999305
18714: 0.999305
18715: 0.999305
18716: 0.999305
18717: 0.999305
18718: 0.999306
18719: 0.999306
18720: 0.999306
18721: 0.999306
18722: 0.999306
18723: 0.999306
18724: 0.999306
18725: 0.999306
18726: 0.999306
18727: 0.999306
18728: 0.999306
18729: 0.999306
18730: 0.999306
18731: 0.999306
18732: 0.999306
18733: 0.999306
18734: 0.999306
18735: 0.999306
18736: 0.999306
18737: 0.999306
18738: 0.999306
18739: 0.999306
18740: 0.999306
18741: 0.999306
18742: 0.999306
18743: 0.999306
18744: 0.999306
18745: 0.999307
18746: 0.999307
18747: 0.999307
18748: 0.999307
18749: 0.999307
18750: 0.999307
18751: 0.999307
18752: 0.999307
18753: 0.999307
18754: 0.999307
18755: 0.999307
18756: 0.999307
18757: 0.999307
18758: 0.999307
18759: 0.999307
18760: 0.999307
18761: 0.999307
18762: 0.999307
18763: 0.999307
18764: 0.999307
18765: 0.999307
18766: 0.999307
18767: 0.999307
18768: 0.999307
18769: 0.999307
18770: 0.999307
18771: 0.999307
18772: 0.999308
18773: 0.999308
18774: 0.999308
18775: 0.999308
18776: 0.999308
18777: 0.999308
18778: 0.999308
18779: 0.999308
18780: 0.999308
18781: 0.999308
18782: 0.999308
18783: 0.999308
18784: 0.999308
18785: 0.999308
18786: 0.999308
18787: 0.999308
18788: 0.999308
18789: 0.999308
18790: 0.999308
18791: 0.999308
18792: 0.999308
18793: 0.999308
18794: 0.999308
18795: 0.999308
18796: 0.999308
18797: 0.999308
18798: 0.999308
18799: 0.999309
18800: 0.999309
18801: 0.999309
18802: 0.999309
18803: 0.999309
18804: 0.999309
18805: 0.999309
18806: 0.999309
18807: 0.999309
18808: 0.999309
18809: 0.999309
18810: 0.999309
18811: 0.999309
18812: 0.999309
18813: 0.999309
18814: 0.999309
18815: 0.999309
18816: 0.999309
18817: 0.999309
18818: 0.999309
18819: 0.999309
18820: 0.999309
18821: 0.999309
18822: 0.999309
18823: 0.999309
18824: 0.999309
18825: 0.999309
18826: 0.99931
18827: 0.99931
18828: 0.99931
18829: 0.99931
18830: 0.99931
18831: 0.99931
18832: 0.99931
18833: 0.99931
18834: 0.99931
18835: 0.99931
18836: 0.99931
18837: 0.99931
18838: 0.99931
18839: 0.99931
18840: 0.99931
18841: 0.99931
18842: 0.99931
18843: 0.99931
18844: 0.99931
18845: 0.99931
18846: 0.99931
18847: 0.99931
18848: 0.99931
18849: 0.99931
18850: 0.99931
18851: 0.99931
18852: 0.99931
18853: 0.99931
18854: 0.999311
18855: 0.999311
18856: 0.999311
18857: 0.999311
18858: 0.999311
18859: 0.999311
18860: 0.999311
18861: 0.999311
18862: 0.999311
18863: 0.999311
18864: 0.999311
18865: 0.999311
18866: 0.999311
18867: 0.999311
18868: 0.999311
18869: 0.999311
18870: 0.999311
18871: 0.999311
18872: 0.999311
18873: 0.999311
18874: 0.999311
18875: 0.999311
18876: 0.999311
18877: 0.999311
18878: 0.999311
18879: 0.999311
18880: 0.999311
18881: 0.999312
18882: 0.999312
18883: 0.999312
18884: 0.999312
18885: 0.999312
18886: 0.999312
18887: 0.999312
18888: 0.999312
18889: 0.999312
18890: 0.999312
18891: 0.999312
18892: 0.999312
18893: 0.999312
18894: 0.999312
18895: 0.999312
18896: 0.999312
18897: 0.999312
18898: 0.999312
18899: 0.999312
18900: 0.999312
18901: 0.999312
18902: 0.999312
18903: 0.999312
18904: 0.999312
18905: 0.999312
18906: 0.999312
18907: 0.999312
18908: 0.999312
18909: 0.999313
18910: 0.999313
18911: 0.999313
18912: 0.999313
18913: 0.999313
18914: 0.999313
18915: 0.999313
18916: 0.999313
18917: 0.999313
18918: 0.999313
18919: 0.999313
18920: 0.999313
18921: 0.999313
18922: 0.999313
18923: 0.999313
18924: 0.999313
18925: 0.999313
18926: 0.999313
18927: 0.999313
18928: 0.999313
18929: 0.999313
18930: 0.999313
18931: 0.999313
18932: 0.999313
18933: 0.999313
18934: 0.999313
18935: 0.999313
18936: 0.999314
18937: 0.999314
18938: 0.999314
18939: 0.999314
18940: 0.999314
18941: 0.999314
18942: 0.999314
18943: 0.999314
18944: 0.999314
18945: 0.999314
18946: 0.999314
18947: 0.999314
18948: 0.999314
18949: 0.999314
18950: 0.999314
18951: 0.999314
18952: 0.999314
18953: 0.999314
18954: 0.999314
18955: 0.999314
18956: 0.999314
18957: 0.999314
18958: 0.999314
18959: 0.999314
18960: 0.999314
18961: 0.999314
18962: 0.999314
18963: 0.999314
18964: 0.999315
18965: 0.999315
18966: 0.999315
18967: 0.999315
18968: 0.999315
18969: 0.999315
18970: 0.999315
18971: 0.999315
18972: 0.999315
18973: 0.999315
18974: 0.999315
18975: 0.999315
18976: 0.999315
18977: 0.999315
18978: 0.999315
18979: 0.999315
18980: 0.999315
18981: 0.999315
18982: 0.999315
18983: 0.999315
18984: 0.999315
18985: 0.999315
18986: 0.999315
18987: 0.999315
18988: 0.999315
18989: 0.999315
18990: 0.999315
18991: 0.999316
18992: 0.999316
18993: 0.999316
18994: 0.999316
18995: 0.999316
18996: 0.999316
18997: 0.999316
18998: 0.999316
18999: 0.999316
19000: 0.999316
19001: 0.999316
19002: 0.999316
19003: 0.999316
19004: 0.999316
19005: 0.999316
19006: 0.999316
19007: 0.999316
19008: 0.999316
19009: 0.999316
19010: 0.999316
19011: 0.999316
19012: 0.999316
19013: 0.999316
19014: 0.999316
19015: 0.999316
19016: 0.999316
19017: 0.999316
19018: 0.999316
19019: 0.999317
19020: 0.999317
19021: 0.999317
19022: 0.999317
19023: 0.999317
19024: 0.999317
19025: 0.999317
19026: 0.999317
19027: 0.999317
19028: 0.999317
19029: 0.999317
19030: 0.999317
19031: 0.999317
19032: 0.999317
19033: 0.999317
19034: 0.999317
19035: 0.999317
19036: 0.999317
19037: 0.999317
19038: 0.999317
19039: 0.999317
19040: 0.999317
19041: 0.999317
19042: 0.999317
19043: 0.999317
19044: 0.999317
19045: 0.999317
19046: 0.999317
19047: 0.999318
19048: 0.999318
19049: 0.999318
19050: 0.999318
19051: 0.999318
19052: 0.999318
19053: 0.999318
19054: 0.999318
19055: 0.999318
19056: 0.999318
19057: 0.999318
19058: 0.999318
19059: 0.999318
19060: 0.999318
19061: 0.999318
19062: 0.999318
19063: 0.999318
19064: 0.999318
19065: 0.999318
19066: 0.999318
19067: 0.999318
19068: 0.999318
19069: 0.999318
19070: 0.999318
19071: 0.999318
19072: 0.999318
19073: 0.999318
19074: 0.999318
19075: 0.999319
19076: 0.999319
19077: 0.999319
19078: 0.999319
19079: 0.999319
19080: 0.999319
19081: 0.999319
19082: 0.999319
19083: 0.999319
19084: 0.999319
19085: 0.999319
19086: 0.999319
19087: 0.999319
19088: 0.999319
19089: 0.999319
19090: 0.999319
19091: 0.999319
19092: 0.999319
19093: 0.999319
19094: 0.999319
19095: 0.999319
19096: 0.999319
19097: 0.999319
19098: 0.999319
19099: 0.999319
19100: 0.999319
19101: 0.999319
19102: 0.999319
19103: 0.99932
19104: 0.99932
19105: 0.99932
19106: 0.99932
19107: 0.99932
19108: 0.99932
19109: 0.99932
19110: 0.99932
19111: 0.99932
19112: 0.99932
19113: 0.99932
19114: 0.99932
19115: 0.99932
19116: 0.99932
19117: 0.99932
19118: 0.99932
19119: 0.99932
19120: 0.99932
19121: 0.99932
19122: 0.99932
19123: 0.99932
19124: 0.99932
19125: 0.99932
19126: 0.99932
19127: 0.99932
19128: 0.99932
19129: 0.99932
19130: 0.99932
19131: 0.999321
19132: 0.999321
19133: 0.999321
19134: 0.999321
19135: 0.999321
19136: 0.999321
19137: 0.999321
19138: 0.999321
19139: 0.999321
19140: 0.999321
19141: 0.999321
19142: 0.999321
19143: 0.999321
19144: 0.999321
19145: 0.999321
19146: 0.999321
19147: 0.999321
19148: 0.999321
19149: 0.999321
19150: 0.999321
19151: 0.999321
19152: 0.999321
19153: 0.999321
19154: 0.999321
19155: 0.999321
19156: 0.999321
19157: 0.999321
19158: 0.999321
19159: 0.999322
19160: 0.999322
19161: 0.999322
19162: 0.999322
19163: 0.999322
19164: 0.999322
19165: 0.999322
19166: 0.999322
19167: 0.999322
19168: 0.999322
19169: 0.999322
19170: 0.999322
19171: 0.999322
19172: 0.999322
19173: 0.999322
19174: 0.999322
19175: 0.999322
19176: 0.999322
19177: 0.999322
19178: 0.999322
19179: 0.999322
19180: 0.999322
19181: 0.999322
19182: 0.999322
19183: 0.999322
19184: 0.999322
19185: 0.999322
19186: 0.999322
19187: 0.999322
19188: 0.999323
19189: 0.999323
19190: 0.999323
19191: 0.999323
19192: 0.999323
19193: 0.999323
19194: 0.999323
19195: 0.999323
19196: 0.999323
19197: 0.999323
19198: 0.999323
19199: 0.999323
19200: 0.999323
19201: 0.999323
19202: 0.999323
19203: 0.999323
19204: 0.999323
19205: 0.999323
19206: 0.999323
19207: 0.999323
19208: 0.999323
19209: 0.999323
19210: 0.999323
19211: 0.999323
19212: 0.999323
19213: 0.999323
19214: 0.999323
19215: 0.999323
19216: 0.999324
19217: 0.999324
19218: 0.999324
19219: 0.999324
19220: 0.999324
19221: 0.999324
19222: 0.999324
19223: 0.999324
19224: 0.999324
19225: 0.999324
19226: 0.999324
19227: 0.999324
19228: 0.999324
19229: 0.999324
19230: 0.999324
19231: 0.999324
19232: 0.999324
19233: 0.999324
19234: 0.999324
19235: 0.999324
19236: 0.999324
19237: 0.999324
19238: 0.999324
19239: 0.999324
19240: 0.999324
19241: 0.999324
19242: 0.999324
19243: 0.999324
19244: 0.999324
19245: 0.999325
19246: 0.999325
19247: 0.999325
19248: 0.999325
19249: 0.999325
19250: 0.999325
19251: 0.999325
19252: 0.999325
19253: 0.999325
19254: 0.999325
19255: 0.999325
19256: 0.999325
19257: 0.999325
19258: 0.999325
19259: 0.999325
19260: 0.999325
19261: 0.999325
19262: 0.999325
19263: 0.999325
19264: 0.999325
19265: 0.999325
19266: 0.999325
19267: 0.999325
19268: 0.999325
19269: 0.999325
19270: 0.999325
19271: 0.999325
19272: 0.999325
19273: 0.999326
19274: 0.999326
19275: 0.999326
19276: 0.999326
19277: 0.999326
19278: 0.999326
19279: 0.999326
19280: 0.999326
19281: 0.999326
19282: 0.999326
19283: 0.999326
19284: 0.999326
19285: 0.999326
19286: 0.999326
19287: 0.999326
19288: 0.999326
19289: 0.999326
19290: 0.999326
19291: 0.999326
19292: 0.999326
19293: 0.999326
19294: 0.999326
19295: 0.999326
19296: 0.999326
19297: 0.999326
19298: 0.999326
19299: 0.999326
19300: 0.999326
19301: 0.999326
19302: 0.999327
19303: 0.999327
19304: 0.999327
19305: 0.999327
19306: 0.999327
19307: 0.999327
19308: 0.999327
19309: 0.999327
19310: 0.999327
19311: 0.999327
19312: 0.999327
19313: 0.999327
19314: 0.999327
19315: 0.999327
19316: 0.999327
19317: 0.999327
19318: 0.999327
19319: 0.999327
19320: 0.999327
19321: 0.999327
19322: 0.999327
19323: 0.999327
19324: 0.999327
19325: 0.999327
19326: 0.999327
19327: 0.999327
19328: 0.999327
19329: 0.999327
19330: 0.999328
19331: 0.999328
19332: 0.999328
19333: 0.999328
19334: 0.999328
19335: 0.999328
19336: 0.999328
19337: 0.999328
19338: 0.999328
19339: 0.999328
19340: 0.999328
19341: 0.999328
19342: 0.999328
19343: 0.999328
19344: 0.999328
19345: 0.999328
19346: 0.999328
19347: 0.999328
19348: 0.999328
19349: 0.999328
19350: 0.999328
19351: 0.999328
19352: 0.999328
19353: 0.999328
19354: 0.999328
19355: 0.999328
19356: 0.999328
19357: 0.999328
19358: 0.999328
19359: 0.999329
19360: 0.999329
19361: 0.999329
19362: 0.999329
19363: 0.999329
19364: 0.999329
19365: 0.999329
19366: 0.999329
19367: 0.999329
19368: 0.999329
19369: 0.999329
19370: 0.999329
19371: 0.999329
19372: 0.999329
19373: 0.999329
19374: 0.999329
19375: 0.999329
19376: 0.999329
19377: 0.999329
19378: 0.999329
19379: 0.999329
19380: 0.999329
19381: 0.999329
19382: 0.999329
19383: 0.999329
19384: 0.999329
19385: 0.999329
19386: 0.999329
19387: 0.999329
19388: 0.99933
19389: 0.99933
19390: 0.99933
19391: 0.99933
19392: 0.99933
19393: 0.99933
19394: 0.99933
19395: 0.99933
19396: 0.99933
19397: 0.99933
19398: 0.99933
19399: 0.99933
19400: 0.99933
19401: 0.99933
19402: 0.99933
19403: 0.99933
19404: 0.99933
19405: 0.99933
19406: 0.99933
19407: 0.99933
19408: 0.99933
19409: 0.99933
19410: 0.99933
19411: 0.99933
19412: 0.99933
19413: 0.99933
19414: 0.99933
19415: 0.99933
19416: 0.99933
19417: 0.999331
19418: 0.999331
19419: 0.999331
19420: 0.999331
19421: 0.999331
19422: 0.999331
19423: 0.999331
19424: 0.999331
19425: 0.999331
19426: 0.999331
19427: 0.999331
19428: 0.999331
19429: 0.999331
19430: 0.999331
19431: 0.999331
19432: 0.999331
19433: 0.999331
19434: 0.999331
19435: 0.999331
19436: 0.999331
19437: 0.999331
19438: 0.999331
19439: 0.999331
19440: 0.999331
19441: 0.999331
19442: 0.999331
19443: 0.999331
19444: 0.999331
19445: 0.999331
19446: 0.999332
19447: 0.999332
19448: 0.999332
19449: 0.999332
19450: 0.999332
19451: 0.999332
19452: 0.999332
19453: 0.999332
19454: 0.999332
19455: 0.999332
19456: 0.999332
19457: 0.999332
19458: 0.999332
19459: 0.999332
19460: 0.999332
19461: 0.999332
19462: 0.999332
19463: 0.999332
19464: 0.999332
19465: 0.999332
19466: 0.999332
19467: 0.999332
19468: 0.999332
19469: 0.999332
19470: 0.999332
19471: 0.999332
19472: 0.999332
19473: 0.999332
19474: 0.999332
19475: 0.999333
19476: 0.999333
19477: 0.999333
19478: 0.999333
19479: 0.999333
19480: 0.999333
19481: 0.999333
19482: 0.999333
19483: 0.999333
19484: 0.999333
19485: 0.999333
19486: 0.999333
19487: 0.999333
19488: 0.999333
19489: 0.999333
19490: 0.999333
19491: 0.999333
19492: 0.999333
19493: 0.999333
19494: 0.999333
19495: 0.999333
19496: 0.999333
19497: 0.999333
19498: 0.999333
19499: 0.999333
19500: 0.999333
19501: 0.999333
19502: 0.999333
19503: 0.999333
19504: 0.999334
19505: 0.999334
19506: 0.999334
19507: 0.999334
19508: 0.999334
19509: 0.999334
19510: 0.999334
19511: 0.999334
19512: 0.999334
19513: 0.999334
19514: 0.999334
19515: 0.999334
19516: 0.999334
19517: 0.999334
19518: 0.999334
19519: 0.999334
19520: 0.999334
19521: 0.999334
19522: 0.999334
19523: 0.999334
19524: 0.999334
19525: 0.999334
19526: 0.999334
19527: 0.999334
19528: 0.999334
19529: 0.999334
19530: 0.999334
19531: 0.999334
19532: 0.999334
19533: 0.999334
19534: 0.999335
19535: 0.999335
19536: 0.999335
19537: 0.999335
19538: 0.999335
19539: 0.999335
19540: 0.999335
19541: 0.999335
19542: 0.999335
19543: 0.999335
19544: 0.999335
19545: 0.999335
19546: 0.999335
19547: 0.999335
19548: 0.999335
19549: 0.999335
19550: 0.999335
19551: 0.999335
19552: 0.999335
19553: 0.999335
19554: 0.999335
19555: 0.999335
19556: 0.999335
19557: 0.999335
19558: 0.999335
19559: 0.999335
19560: 0.999335
19561: 0.999335
19562: 0.999335
19563: 0.999336
19564: 0.999336
19565: 0.999336
19566: 0.999336
19567: 0.999336
19568: 0.999336
19569: 0.999336
19570: 0.999336
19571: 0.999336
19572: 0.999336
19573: 0.999336
19574: 0.999336
19575: 0.999336
19576: 0.999336
19577: 0.999336
19578: 0.999336
19579: 0.999336
19580: 0.999336
19581: 0.999336
19582: 0.999336
19583: 0.999336
19584: 0.999336
19585: 0.999336
19586: 0.999336
19587: 0.999336
19588: 0.999336
19589: 0.999336
19590: 0.999336
19591: 0.999336
19592: 0.999336
19593: 0.999337
19594: 0.999337
19595: 0.999337
19596: 0.999337
19597: 0.999337
19598: 0.999337
19599: 0.999337
19600: 0.999337
19601: 0.999337
19602: 0.999337
19603: 0.999337
19604: 0.999337
19605: 0.999337
19606: 0.999337
19607: 0.999337
19608: 0.999337
19609: 0.999337
19610: 0.999337
19611: 0.999337
19612: 0.999337
19613: 0.999337
19614: 0.999337
19615: 0.999337
19616: 0.999337
19617: 0.999337
19618: 0.999337
19619: 0.999337
19620: 0.999337
19621: 0.999337
19622: 0.999338
19623: 0.999338
19624: 0.999338
19625: 0.999338
19626: 0.999338
19627: 0.999338
19628: 0.999338
19629: 0.999338
19630: 0.999338
19631: 0.999338
19632: 0.999338
19633: 0.999338
19634: 0.999338
19635: 0.999338
19636: 0.999338
19637: 0.999338
19638: 0.999338
19639: 0.999338
19640: 0.999338
19641: 0.999338
19642: 0.999338
19643: 0.999338
19644: 0.999338
19645: 0.999338
19646: 0.999338
19647: 0.999338
19648: 0.999338
19649: 0.999338
19650: 0.999338
19651: 0.999338
19652: 0.999339
19653: 0.999339
19654: 0.999339
19655: 0.999339
19656: 0.999339
19657: 0.999339
19658: 0.999339
19659: 0.999339
19660: 0.999339
19661: 0.999339
19662: 0.999339
19663: 0.999339
19664: 0.999339
19665: 0.999339
19666: 0.999339
19667: 0.999339
19668: 0.999339
19669: 0.999339
19670: 0.999339
19671: 0.999339
19672: 0.999339
19673: 0.999339
19674: 0.999339
19675: 0.999339
19676: 0.999339
19677: 0.999339
19678: 0.999339
19679: 0.999339
19680: 0.999339
19681: 0.999339
19682: 0.99934
19683: 0.99934
19684: 0.99934
19685: 0.99934
19686: 0.99934
19687: 0.99934
19688: 0.99934
19689: 0.99934
19690: 0.99934
19691: 0.99934
19692: 0.99934
19693: 0.99934
19694: 0.99934
19695: 0.99934
19696: 0.99934
19697: 0.99934
19698: 0.99934
19699: 0.99934
19700: 0.99934
19701: 0.99934
19702: 0.99934
19703: 0.99934
19704: 0.99934
19705: 0.99934
19706: 0.99934
19707: 0.99934
19708: 0.99934
19709: 0.99934
19710: 0.99934
19711: 0.999341
19712: 0.999341
19713: 0.999341
19714: 0.999341
19715: 0.999341
19716: 0.999341
19717: 0.999341
19718: 0.999341
19719: 0.999341
19720: 0.999341
19721: 0.999341
19722: 0.999341
19723: 0.999341
19724: 0.999341
19725: 0.999341
19726: 0.999341
19727: 0.999341
19728: 0.999341
19729: 0.999341
19730: 0.999341
19731: 0.999341
19732: 0.999341
19733: 0.999341
19734: 0.999341
19735: 0.999341
19736: 0.999341
19737: 0.999341
19738: 0.999341
19739: 0.999341
19740: 0.999341
19741: 0.999342
19742: 0.999342
19743: 0.999342
19744: 0.999342
19745: 0.999342
19746: 0.999342
19747: 0.999342
19748: 0.999342
19749: 0.999342
19750: 0.999342
19751: 0.999342
19752: 0.999342
19753: 0.999342
19754: 0.999342
19755: 0.999342
19756: 0.999342
19757: 0.999342
19758: 0.999342
19759: 0.999342
19760: 0.999342
19761: 0.999342
19762: 0.999342
19763: 0.999342
19764: 0.999342
19765: 0.999342
19766: 0.999342
19767: 0.999342
19768: 0.999342
19769: 0.999342
19770: 0.999342
19771: 0.999343
19772: 0.999343
19773: 0.999343
19774: 0.999343
19775: 0.999343
19776: 0.999343
19777: 0.999343
19778: 0.999343
19779: 0.999343
19780: 0.999343
19781: 0.999343
19782: 0.999343
19783: 0.999343
19784: 0.999343
19785: 0.999343
19786: 0.999343
19787: 0.999343
19788: 0.999343
19789: 0.999343
19790: 0.999343
19791: 0.999343
19792: 0.999343
19793: 0.999343
19794: 0.999343
19795: 0.999343
19796: 0.999343
19797: 0.999343
19798: 0.999343
19799: 0.999343
19800: 0.999343
19801: 0.999344
19802: 0.999344
19803: 0.999344
19804: 0.999344
19805: 0.999344
19806: 0.999344
19807: 0.999344
19808: 0.999344
19809: 0.999344
19810: 0.999344
19811: 0.999344
19812: 0.999344
19813: 0.999344
19814: 0.999344
19815: 0.999344
19816: 0.999344
19817: 0.999344
19818: 0.999344
19819: 0.999344
19820: 0.999344
19821: 0.999344
19822: 0.999344
19823: 0.999344
19824: 0.999344
19825: 0.999344
19826: 0.999344
19827: 0.999344
19828: 0.999344
19829: 0.999344
19830: 0.999344
19831: 0.999344
19832: 0.999345
19833: 0.999345
19834: 0.999345
19835: 0.999345
19836: 0.999345
19837: 0.999345
19838: 0.999345
19839: 0.999345
19840: 0.999345
19841: 0.999345
19842: 0.999345
19843: 0.999345
19844: 0.999345
19845: 0.999345
19846: 0.999345
19847: 0.999345
19848: 0.999345
19849: 0.999345
19850: 0.999345
19851: 0.999345
19852: 0.999345
19853: 0.999345
19854: 0.999345
19855: 0.999345
19856: 0.999345
19857: 0.999345
19858: 0.999345
19859: 0.999345
19860: 0.999345
19861: 0.999345
19862: 0.999346
19863: 0.999346
19864: 0.999346
19865: 0.999346
19866: 0.999346
19867: 0.999346
19868: 0.999346
19869: 0.999346
19870: 0.999346
19871: 0.999346
19872: 0.999346
19873: 0.999346
19874: 0.999346
19875: 0.999346
19876: 0.999346
19877: 0.999346
19878: 0.999346
19879: 0.999346
19880: 0.999346
19881: 0.999346
19882: 0.999346
19883: 0.999346
19884: 0.999346
19885: 0.999346
19886: 0.999346
19887: 0.999346
19888: 0.999346
19889: 0.999346
19890: 0.999346
19891: 0.999346
19892: 0.999347
19893: 0.999347
19894: 0.999347
19895: 0.999347
19896: 0.999347
19897: 0.999347
19898: 0.999347
19899: 0.999347
19900: 0.999347
19901: 0.999347
19902: 0.999347
19903: 0.999347
19904: 0.999347
19905: 0.999347
19906: 0.999347
19907: 0.999347
19908: 0.999347
19909: 0.999347
19910: 0.999347
19911: 0.999347
19912: 0.999347
19913: 0.999347
19914: 0.999347
19915: 0.999347
19916: 0.999347
19917: 0.999347
19918: 0.999347
19919: 0.999347
19920: 0.999347
19921: 0.999347
19922: 0.999347
19923: 0.999348
19924: 0.999348
19925: 0.999348
19926: 0.999348
19927: 0.999348
19928: 0.999348
19929: 0.999348
19930: 0.999348
19931: 0.999348
19932: 0.999348
19933: 0.999348
19934: 0.999348
19935: 0.999348
19936: 0.999348
19937: 0.999348
19938: 0.999348
19939: 0.999348
19940: 0.999348
19941: 0.999348
19942: 0.999348
19943: 0.999348
19944: 0.999348
19945: 0.999348
19946: 0.999348
19947: 0.999348
19948: 0.999348
19949: 0.999348
19950: 0.999348
19951: 0.999348
19952: 0.999348
19953: 0.999349
19954: 0.999349
19955: 0.999349
19956: 0.999349
19957: 0.999349
19958: 0.999349
19959: 0.999349
19960: 0.999349
19961: 0.999349
19962: 0.999349
19963: 0.999349
19964: 0.999349
19965: 0.999349
19966: 0.999349
19967: 0.999349
19968: 0.999349
19969: 0.999349
19970: 0.999349
19971: 0.999349
19972: 0.999349
19973: 0.999349
19974: 0.999349
19975: 0.999349
19976: 0.999349
19977: 0.999349
19978: 0.999349
19979: 0.999349
19980: 0.999349
19981: 0.999349
19982: 0.999349
19983: 0.999349
19984: 0.99935
19985: 0.99935
19986: 0.99935
19987: 0.99935
19988: 0.99935
19989: 0.99935
19990: 0.99935
19991: 0.99935
19992: 0.99935
19993: 0.99935
19994: 0.99935
19995: 0.99935
19996: 0.99935
19997: 0.99935
19998: 0.99935
19999: 0.99935
20000: 0.99935
20001: 0.99935
20002: 0.99935
20003: 0.99935
20004: 0.99935
20005: 0.99935
20006: 0.99935
20007: 0.99935
20008: 0.99935
20009: 0.99935
20010: 0.99935
20011: 0.99935
20012: 0.99935
20013: 0.99935
20014: 0.99935
20015: 0.999351
20016: 0.999351
20017: 0.999351
20018: 0.999351
20019: 0.999351
20020: 0.999351
20021: 0.999351
20022: 0.999351
20023: 0.999351
20024: 0.999351
20025: 0.999351
20026: 0.999351
20027: 0.999351
20028: 0.999351
20029: 0.999351
20030: 0.999351
20031: 0.999351
20032: 0.999351
20033: 0.999351
20034: 0.999351
20035: 0.999351
20036: 0.999351
20037: 0.999351
20038: 0.999351
20039: 0.999351
20040: 0.999351
20041: 0.999351
20042: 0.999351
20043: 0.999351
20044: 0.999351
20045: 0.999351
20046: 0.999352
20047: 0.999352
20048: 0.999352
20049: 0.999352
20050: 0.999352
20051: 0.999352
20052: 0.999352
20053: 0.999352
20054: 0.999352
20055: 0.999352
20056: 0.999352
20057: 0.999352
20058: 0.999352
20059: 0.999352
20060: 0.999352
20061: 0.999352
20062: 0.999352
20063: 0.999352
20064: 0.999352
20065: 0.999352
20066: 0.999352
20067: 0.999352
20068: 0.999352
20069: 0.999352
20070: 0.999352
20071: 0.999352
20072: 0.999352
20073: 0.999352
20074: 0.999352
20075: 0.999352
20076: 0.999352
20077: 0.999353
20078: 0.999353
20079: 0.999353
20080: 0.999353
20081: 0.999353
20082: 0.999353
20083: 0.999353
20084: 0.999353
20085: 0.999353
20086: 0.999353
20087: 0.999353
20088: 0.999353
20089: 0.999353
20090: 0.999353
20091: 0.999353
20092: 0.999353
20093: 0.999353
20094: 0.999353
20095: 0.999353
20096: 0.999353
20097: 0.999353
20098: 0.999353
20099: 0.999353
20100: 0.999353
20101: 0.999353
20102: 0.999353
20103: 0.999353
20104: 0.999353
20105: 0.999353
20106: 0.999353
20107: 0.999353
20108: 0.999354
20109: 0.999354
20110: 0.999354
20111: 0.999354
20112: 0.999354
20113: 0.999354
20114: 0.999354
20115: 0.999354
20116: 0.999354
20117: 0.999354
20118: 0.999354
20119: 0.999354
20120: 0.999354
20121: 0.999354
20122: 0.999354
20123: 0.999354
20124: 0.999354
20125: 0.999354
20126: 0.999354
20127: 0.999354
20128: 0.999354
20129: 0.999354
20130: 0.999354
20131: 0.999354
20132: 0.999354
20133: 0.999354
20134: 0.999354
20135: 0.999354
20136: 0.999354
20137: 0.999354
20138: 0.999354
20139: 0.999355
20140: 0.999355
20141: 0.999355
20142: 0.999355
20143: 0.999355
20144: 0.999355
20145: 0.999355
20146: 0.999355
20147: 0.999355
20148: 0.999355
20149: 0.999355
20150: 0.999355
20151: 0.999355
20152: 0.999355
20153: 0.999355
20154: 0.999355
20155: 0.999355
20156: 0.999355
20157: 0.999355
20158: 0.999355
20159: 0.999355
20160: 0.999355
20161: 0.999355
20162: 0.999355
20163: 0.999355
20164: 0.999355
20165: 0.999355
20166: 0.999355
20167: 0.999355
20168: 0.999355
20169: 0.999355
20170: 0.999356
20171: 0.999356
20172: 0.999356
20173: 0.999356
20174: 0.999356
20175: 0.999356
20176: 0.999356
20177: 0.999356
20178: 0.999356
20179: 0.999356
20180: 0.999356
20181: 0.999356
20182: 0.999356
20183: 0.999356
20184: 0.999356
20185: 0.999356
20186: 0.999356
20187: 0.999356
20188: 0.999356
20189: 0.999356
20190: 0.999356
20191: 0.999356
20192: 0.999356
20193: 0.999356
20194: 0.999356
20195: 0.999356
20196: 0.999356
20197: 0.999356
20198: 0.999356
20199: 0.999356
20200: 0.999356
20201: 0.999356
20202: 0.999357
20203: 0.999357
20204: 0.999357
20205: 0.999357
20206: 0.999357
20207: 0.999357
20208: 0.999357
20209: 0.999357
20210: 0.999357
20211: 0.999357
20212: 0.999357
20213: 0.999357
20214: 0.999357
20215: 0.999357
20216: 0.999357
20217: 0.999357
20218: 0.999357
20219: 0.999357
20220: 0.999357
20221: 0.999357
20222: 0.999357
20223: 0.999357
20224: 0.999357
20225: 0.999357
20226: 0.999357
20227: 0.999357
20228: 0.999357
20229: 0.999357
20230: 0.999357
20231: 0.999357
20232: 0.999357
20233: 0.999358
20234: 0.999358
20235: 0.999358
20236: 0.999358
20237: 0.999358
20238: 0.999358
20239: 0.999358
20240: 0.999358
20241: 0.999358
20242: 0.999358
20243: 0.999358
20244: 0.999358
20245: 0.999358
20246: 0.999358
20247: 0.999358
20248: 0.999358
20249: 0.999358
20250: 0.999358
20251: 0.999358
20252: 0.999358
20253: 0.999358
20254: 0.999358
20255: 0.999358
20256: 0.999358
20257: 0.999358
20258: 0.999358
20259: 0.999358
20260: 0.999358
20261: 0.999358
20262: 0.999358
20263: 0.999358
20264: 0.999358
20265: 0.999359
20266: 0.999359
20267: 0.999359
20268: 0.999359
20269: 0.999359
20270: 0.999359
20271: 0.999359
20272: 0.999359
20273: 0.999359
20274: 0.999359
20275: 0.999359
20276: 0.999359
20277: 0.999359
20278: 0.999359
20279: 0.999359
20280: 0.999359
20281: 0.999359
20282: 0.999359
20283: 0.999359
20284: 0.999359
20285: 0.999359
20286: 0.999359
20287: 0.999359
20288: 0.999359
20289: 0.999359
20290: 0.999359
20291: 0.999359
20292: 0.999359
20293: 0.999359
20294: 0.999359
20295: 0.999359
20296: 0.99936
20297: 0.99936
20298: 0.99936
20299: 0.99936
20300: 0.99936
20301: 0.99936
20302: 0.99936
20303: 0.99936
20304: 0.99936
20305: 0.99936
20306: 0.99936
20307: 0.99936
20308: 0.99936
20309: 0.99936
20310: 0.99936
20311: 0.99936
20312: 0.99936
20313: 0.99936
20314: 0.99936
20315: 0.99936
20316: 0.99936
20317: 0.99936
20318: 0.99936
20319: 0.99936
20320: 0.99936
20321: 0.99936
20322: 0.99936
20323: 0.99936
20324: 0.99936
20325: 0.99936
20326: 0.99936
20327: 0.99936
20328: 0.999361
20329: 0.999361
20330: 0.999361
20331: 0.999361
20332: 0.999361
20333: 0.999361
20334: 0.999361
20335: 0.999361
20336: 0.999361
20337: 0.999361
20338: 0.999361
20339: 0.999361
20340: 0.999361
20341: 0.999361
20342: 0.999361
20343: 0.999361
20344: 0.999361
20345: 0.999361
20346: 0.999361
20347: 0.999361
20348: 0.999361
20349: 0.999361
20350: 0.999361
20351: 0.999361
20352: 0.999361
20353: 0.999361
20354: 0.999361
20355: 0.999361
20356: 0.999361
20357: 0.999361
20358: 0.999361
20359: 0.999361
20360: 0.999362
20361: 0.999362
20362: 0.999362
20363: 0.999362
20364: 0.999362
20365: 0.999362
20366: 0.999362
20367: 0.999362
20368: 0.999362
20369: 0.999362
20370: 0.999362
20371: 0.999362
20372: 0.999362
20373: 0.999362
20374: 0.999362
20375: 0.999362
20376: 0.999362
20377: 0.999362
20378: 0.999362
20379: 0.999362
20380: 0.999362
20381: 0.999362
20382: 0.999362
20383: 0.999362
20384: 0.999362
20385: 0.999362
20386: 0.999362
20387: 0.999362
20388: 0.999362
20389: 0.999362
20390: 0.999362
20391: 0.999362
20392: 0.999363
20393: 0.999363
20394: 0.999363
20395: 0.999363
20396: 0.999363
20397: 0.999363
20398: 0.999363
20399: 0.999363
20400: 0.999363
20401: 0.999363
20402: 0.999363
20403: 0.999363
20404: 0.999363
20405: 0.999363
20406: 0.999363
20407: 0.999363
20408: 0.999363
20409: 0.999363
20410: 0.999363
20411: 0.999363
20412: 0.999363
20413: 0.999363
20414: 0.999363
20415: 0.999363
20416: 0.999363
20417: 0.999363
20418: 0.999363
20419: 0.999363
20420: 0.999363
20421: 0.999363
20422: 0.999363
20423: 0.999363
20424: 0.999364
20425: 0.999364
20426: 0.999364
20427: 0.999364
20428: 0.999364
20429: 0.999364
20430: 0.999364
20431: 0.999364
20432: 0.999364
20433: 0.999364
20434: 0.999364
20435: 0.999364
20436: 0.999364
20437: 0.999364
20438: 0.999364
20439: 0.999364
20440: 0.999364
20441: 0.999364
20442: 0.999364
20443: 0.999364
20444: 0.999364
20445: 0.999364
20446: 0.999364
20447: 0.999364
20448: 0.999364
20449: 0.999364
20450: 0.999364
20451: 0.999364
20452: 0.999364
20453: 0.999364
20454: 0.999364
20455: 0.999364
20456: 0.999365
20457: 0.999365
20458: 0.999365
20459: 0.999365
20460: 0.999365
20461: 0.999365
20462: 0.999365
20463: 0.999365
20464: 0.999365
20465: 0.999365
20466: 0.999365
20467: 0.999365
20468: 0.999365
20469: 0.999365
20470: 0.999365
20471: 0.999365
20472: 0.999365
20473: 0.999365
20474: 0.999365
20475: 0.999365
20476: 0.999365
20477: 0.999365
20478: 0.999365
20479: 0.999365
20480: 0.999365
20481: 0.999365
20482: 0.999365
20483: 0.999365
20484: 0.999365
20485: 0.999365
20486: 0.999365
20487: 0.999365
20488: 0.999366
20489: 0.999366
20490: 0.999366
20491: 0.999366
20492: 0.999366
20493: 0.999366
20494: 0.999366
20495: 0.999366
20496: 0.999366
20497: 0.999366
20498: 0.999366
20499: 0.999366
20500: 0.999366
20501: 0.999366
20502: 0.999366
20503: 0.999366
20504: 0.999366
20505: 0.999366
20506: 0.999366
20507: 0.999366
20508: 0.999366
20509: 0.999366
20510: 0.999366
20511: 0.999366
20512: 0.999366
20513: 0.999366
20514: 0.999366
20515: 0.999366
20516: 0.999366
20517: 0.999366
20518: 0.999366
20519: 0.999366
20520: 0.999367
20521: 0.999367
20522: 0.999367
20523: 0.999367
20524: 0.999367
20525: 0.999367
20526: 0.999367
20527: 0.999367
20528: 0.999367
20529: 0.999367
20530: 0.999367
20531: 0.999367
20532: 0.999367
20533: 0.999367
20534: 0.999367
20535: 0.999367
20536: 0.999367
20537: 0.999367
20538: 0.999367
20539: 0.999367
20540: 0.999367
20541: 0.999367
20542: 0.999367
20543: 0.999367
20544: 0.999367
20545: 0.999367
20546: 0.999367
20547: 0.999367
20548: 0.999367
20549: 0.999367
20550: 0.999367
20551: 0.999367
20552: 0.999367
20553: 0.999368
20554: 0.999368
20555: 0.999368
20556: 0.999368
20557: 0.999368
20558: 0.999368
20559: 0.999368
20560: 0.999368
20561: 0.999368
20562: 0.999368
20563: 0.999368
20564: 0.999368
20565: 0.999368
20566: 0.999368
20567: 0.999368
20568: 0.999368
20569: 0.999368
20570: 0.999368
20571: 0.999368
20572: 0.999368
20573: 0.999368
20574: 0.999368
20575: 0.999368
20576: 0.999368
20577: 0.999368
20578: 0.999368
20579: 0.999368
20580: 0.999368
20581: 0.999368
20582: 0.999368
20583: 0.999368
20584: 0.999368
20585: 0.999369
20586: 0.999369
20587: 0.999369
20588: 0.999369
20589: 0.999369
20590: 0.999369
20591: 0.999369
20592: 0.999369
20593: 0.999369
20594: 0.999369
20595: 0.999369
20596: 0.999369
20597: 0.999369
20598: 0.999369
20599: 0.999369
20600: 0.999369
20601: 0.999369
20602: 0.999369
20603: 0.999369
20604: 0.999369
20605: 0.999369
20606: 0.999369
20607: 0.999369
20608: 0.999369
20609: 0.999369
20610: 0.999369
20611: 0.999369
20612: 0.999369
20613: 0.999369
20614: 0.999369
20615: 0.999369
20616: 0.999369
20617: 0.999369
20618: 0.99937
20619: 0.99937
20620: 0.99937
20621: 0.99937
20622: 0.99937
20623: 0.99937
20624: 0.99937
20625: 0.99937
20626: 0.99937
20627: 0.99937
20628: 0.99937
20629: 0.99937
20630: 0.99937
20631: 0.99937
20632: 0.99937
20633: 0.99937
20634: 0.99937
20635: 0.99937
20636: 0.99937
20637: 0.99937
20638: 0.99937
20639: 0.99937
20640: 0.99937
20641: 0.99937
20642: 0.99937
20643: 0.99937
20644: 0.99937
20645: 0.99937
20646: 0.99937
20647: 0.99937
20648: 0.99937
20649: 0.99937
20650: 0.99937
20651: 0.999371
20652: 0.999371
20653: 0.999371
20654: 0.999371
20655: 0.999371
20656: 0.999371
20657: 0.999371
20658: 0.999371
20659: 0.999371
20660: 0.999371
20661: 0.999371
20662: 0.999371
20663: 0.999371
20664: 0.999371
20665: 0.999371
20666: 0.999371
20667: 0.999371
20668: 0.999371
20669: 0.999371
20670: 0.999371
20671: 0.999371
20672: 0.999371
20673: 0.999371
20674: 0.999371
20675: 0.999371
20676: 0.999371
20677: 0.999371
20678: 0.999371
20679: 0.999371
20680: 0.999371
20681: 0.999371
20682: 0.999371
20683: 0.999371
20684: 0.999372
20685: 0.999372
20686: 0.999372
20687: 0.999372
20688: 0.999372
20689: 0.999372
20690: 0.999372
20691: 0.999372
20692: 0.999372
20693: 0.999372
20694: 0.999372
20695: 0.999372
20696: 0.999372
20697: 0.999372
20698: 0.999372
20699: 0.999372
20700: 0.999372
20701: 0.999372
20702: 0.999372
20703: 0.999372
20704: 0.999372
20705: 0.999372
20706: 0.999372
20707: 0.999372
20708: 0.999372
20709: 0.999372
20710: 0.999372
20711: 0.999372
20712: 0.999372
20713: 0.999372
20714: 0.999372
20715: 0.999372
20716: 0.999372
20717: 0.999373
20718: 0.999373
20719: 0.999373
20720: 0.999373
20721: 0.999373
20722: 0.999373
20723: 0.999373
20724: 0.999373
20725: 0.999373
20726: 0.999373
20727: 0.999373
20728: 0.999373
20729: 0.999373
20730: 0.999373
20731: 0.999373
20732: 0.999373
20733: 0.999373
20734: 0.999373
20735: 0.999373
20736: 0.999373
20737: 0.999373
20738: 0.999373
20739: 0.999373
20740: 0.999373
20741: 0.999373
20742: 0.999373
20743: 0.999373
20744: 0.999373
20745: 0.999373
20746: 0.999373
20747: 0.999373
20748: 0.999373
20749: 0.999373
20750: 0.999374
20751: 0.999374
20752: 0.999374
20753: 0.999374
20754: 0.999374
20755: 0.999374
20756: 0.999374
20757: 0.999374
20758: 0.999374
20759: 0.999374
20760: 0.999374
20761: 0.999374
20762: 0.999374
20763: 0.999374
20764: 0.999374
20765: 0.999374
20766: 0.999374
20767: 0.999374
20768: 0.999374
20769: 0.999374
20770: 0.999374
20771: 0.999374
20772: 0.999374
20773: 0.999374
20774: 0.999374
20775: 0.999374
20776: 0.999374
20777: 0.999374
20778: 0.999374
20779: 0.999374
20780: 0.999374
20781: 0.999374
20782: 0.999374
20783: 0.999375
20784: 0.999375
20785: 0.999375
20786: 0.999375
20787: 0.999375
20788: 0.999375
20789: 0.999375
20790: 0.999375
20791: 0.999375
20792: 0.999375
20793: 0.999375
20794: 0.999375
20795: 0.999375
20796: 0.999375
20797: 0.999375
20798: 0.999375
20799: 0.999375
20800: 0.999375
20801: 0.999375
20802: 0.999375
20803: 0.999375
20804: 0.999375
20805: 0.999375
20806: 0.999375
20807: 0.999375
20808: 0.999375
20809: 0.999375
20810: 0.999375
20811: 0.999375
20812: 0.999375
20813: 0.999375
20814: 0.999375
20815: 0.999375
20816: 0.999376
20817: 0.999376
20818: 0.999376
20819: 0.999376
20820: 0.999376
20821: 0.999376
20822: 0.999376
20823: 0.999376
20824: 0.999376
20825: 0.999376
20826: 0.999376
20827: 0.999376
20828: 0.999376
20829: 0.999376
20830: 0.999376
20831: 0.999376
20832: 0.999376
20833: 0.999376
20834: 0.999376
20835: 0.999376
20836: 0.999376
20837: 0.999376
20838: 0.999376
20839: 0.999376
20840: 0.999376
20841: 0.999376
20842: 0.999376
20843: 0.999376
20844: 0.999376
20845: 0.999376
20846: 0.999376
20847: 0.999376
20848: 0.999376
20849: 0.999376
20850: 0.999377
20851: 0.999377
20852: 0.999377
20853: 0.999377
20854: 0.999377
20855: 0.999377
20856: 0.999377
20857: 0.999377
20858: 0.999377
20859: 0.999377
20860: 0.999377
20861: 0.999377
20862: 0.999377
20863: 0.999377
20864: 0.999377
20865: 0.999377
20866: 0.999377
20867: 0.999377
20868: 0.999377
20869: 0.999377
20870: 0.999377
20871: 0.999377
20872: 0.999377
20873: 0.999377
20874: 0.999377
20875: 0.999377
20876: 0.999377
20877: 0.999377
20878: 0.999377
20879: 0.999377
20880: 0.999377
20881: 0.999377
20882: 0.999377
20883: 0.999378
20884: 0.999378
20885: 0.999378
20886: 0.999378
20887: 0.999378
20888: 0.999378
20889: 0.999378
20890: 0.999378
20891: 0.999378
20892: 0.999378
20893: 0.999378
20894: 0.999378
20895: 0.999378
20896: 0.999378
20897: 0.999378
20898: 0.999378
20899: 0.999378
20900: 0.999378
20901: 0.999378
20902: 0.999378
20903: 0.999378
20904: 0.999378
20905: 0.999378
20906: 0.999378
20907: 0.999378
20908: 0.999378
20909: 0.999378
20910: 0.999378
20911: 0.999378
20912: 0.999378
20913: 0.999378
20914: 0.999378
20915: 0.999378
20916: 0.999378
20917: 0.999379
20918: 0.999379
20919: 0.999379
20920: 0.999379
20921: 0.999379
20922: 0.999379
20923: 0.999379
20924: 0.999379
20925: 0.999379
20926: 0.999379
20927: 0.999379
20928: 0.999379
20929: 0.999379
20930: 0.999379
20931: 0.999379
20932: 0.999379
20933: 0.999379
20934: 0.999379
20935: 0.999379
20936: 0.999379
20937: 0.999379
20938: 0.999379
20939: 0.999379
20940: 0.999379
20941: 0.999379
20942: 0.999379
20943: 0.999379
20944: 0.999379
20945: 0.999379
20946: 0.999379
20947: 0.999379
20948: 0.999379
20949: 0.999379
20950: 0.99938
20951: 0.99938
20952: 0.99938
20953: 0.99938
20954: 0.99938
20955: 0.99938
20956: 0.99938
20957: 0.99938
20958: 0.99938
20959: 0.99938
20960: 0.99938
20961: 0.99938
20962: 0.99938
20963: 0.99938
20964: 0.99938
20965: 0.99938
20966: 0.99938
20967: 0.99938
20968: 0.99938
20969: 0.99938
20970: 0.99938
20971: 0.99938
20972: 0.99938
20973: 0.99938
20974: 0.99938
20975: 0.99938
20976: 0.99938
20977: 0.99938
20978: 0.99938
20979: 0.99938
20980: 0.99938
20981: 0.99938
20982: 0.99938
20983: 0.99938
20984: 0.999381
20985: 0.999381
20986: 0.999381
20987: 0.999381
20988: 0.999381
20989: 0.999381
20990: 0.999381
20991: 0.999381
20992: 0.999381
20993: 0.999381
20994: 0.999381
20995: 0.999381
20996: 0.999381
20997: 0.999381
20998: 0.999381
20999: 0.999381
21000: 0.999381
21001: 0.999381
21002: 0.999381
21003: 0.999381
21004: 0.999381
21005: 0.999381
21006: 0.999381
21007: 0.999381
21008: 0.999381
21009: 0.999381
21010: 0.999381
21011: 0.999381
21012: 0.999381
21013: 0.999381
21014: 0.999381
21015: 0.999381
21016: 0.999381
21017: 0.999381
21018: 0.999382
21019: 0.999382
21020: 0.999382
21021: 0.999382
21022: 0.999382
21023: 0.999382
21024: 0.999382
21025: 0.999382
21026: 0.999382
21027: 0.999382
21028: 0.999382
21029: 0.999382
21030: 0.999382
21031: 0.999382
21032: 0.999382
21033: 0.999382
21034: 0.999382
21035: 0.999382
21036: 0.999382
21037: 0.999382
21038: 0.999382
21039: 0.999382
21040: 0.999382
21041: 0.999382
21042: 0.999382
21043: 0.999382
21044: 0.999382
21045: 0.999382
21046: 0.999382
21047: 0.999382
21048: 0.999382
21049: 0.999382
21050: 0.999382
21051: 0.999382
21052: 0.999383
21053: 0.999383
21054: 0.999383
21055: 0.999383
21056: 0.999383
21057: 0.999383
21058: 0.999383
21059: 0.999383
21060: 0.999383
21061: 0.999383
21062: 0.999383
21063: 0.999383
21064: 0.999383
21065: 0.999383
21066: 0.999383
21067: 0.999383
21068: 0.999383
21069: 0.999383
21070: 0.999383
21071: 0.999383
21072: 0.999383
21073: 0.999383
21074: 0.999383
21075: 0.999383
21076: 0.999383
21077: 0.999383
21078: 0.999383
21079: 0.999383
21080: 0.999383
21081: 0.999383
21082: 0.999383
21083: 0.999383
21084: 0.999383
21085: 0.999383
21086: 0.999384
21087: 0.999384
21088: 0.999384
21089: 0.999384
21090: 0.999384
21091: 0.999384
21092: 0.999384
21093: 0.999384
21094: 0.999384
21095: 0.999384
21096: 0.999384
21097: 0.999384
21098: 0.999384
21099: 0.999384
21100: 0.999384
21101: 0.999384
21102: 0.999384
21103: 0.999384
21104: 0.999384
21105: 0.999384
21106: 0.999384
21107: 0.999384
21108: 0.999384
21109: 0.999384
21110: 0.999384
21111: 0.999384
21112: 0.999384
21113: 0.999384
21114: 0.999384
21115: 0.999384
21116: 0.999384
21117: 0.999384
21118: 0.999384
21119: 0.999384
21120: 0.999384
21121: 0.999385
21122: 0.999385
21123: 0.999385
21124: 0.999385
21125: 0.999385
21126: 0.999385
21127: 0.999385
21128: 0.999385
21129: 0.999385
21130: 0.999385
21131: 0.999385
21132: 0.999385
21133: 0.999385
21134: 0.999385
21135: 0.999385
21136: 0.999385
21137: 0.999385
21138: 0.999385
21139: 0.999385
21140: 0.999385
21141: 0.999385
21142: 0.999385
21143: 0.999385
21144: 0.999385
21145: 0.999385
21146: 0.999385
21147: 0.999385
21148: 0.999385
21149: 0.999385
21150: 0.999385
21151: 0.999385
21152: 0.999385
21153: 0.999385
21154: 0.999385
21155: 0.999386
21156: 0.999386
21157: 0.999386
21158: 0.999386
21159: 0.999386
21160: 0.999386
21161: 0.999386
21162: 0.999386
21163: 0.999386
21164: 0.999386
21165: 0.999386
21166: 0.999386
21167: 0.999386
21168: 0.999386
21169: 0.999386
21170: 0.999386
21171: 0.999386
21172: 0.999386
21173: 0.999386
21174: 0.999386
21175: 0.999386
21176: 0.999386
21177: 0.999386
21178: 0.999386
21179: 0.999386
21180: 0.999386
21181: 0.999386
21182: 0.999386
21183: 0.999386
21184: 0.999386
21185: 0.999386
21186: 0.999386
21187: 0.999386
21188: 0.999386
21189: 0.999387
21190: 0.999387
21191: 0.999387
21192: 0.999387
21193: 0.999387
21194: 0.999387
21195: 0.999387
21196: 0.999387
21197: 0.999387
21198: 0.999387
21199: 0.999387
21200: 0.999387
21201: 0.999387
21202: 0.999387
21203: 0.999387
21204: 0.999387
21205: 0.999387
21206: 0.999387
21207: 0.999387
21208: 0.999387
21209: 0.999387
21210: 0.999387
21211: 0.999387
21212: 0.999387
21213: 0.999387
21214: 0.999387
21215: 0.999387
21216: 0.999387
21217: 0.999387
21218: 0.999387
21219: 0.999387
21220: 0.999387
21221: 0.999387
21222: 0.999387
21223: 0.999387
21224: 0.999388
21225: 0.999388
21226: 0.999388
21227: 0.999388
21228: 0.999388
21229: 0.999388
21230: 0.999388
21231: 0.999388
21232: 0.999388
21233: 0.999388
21234: 0.999388
21235: 0.999388
21236: 0.999388
21237: 0.999388
21238: 0.999388
21239: 0.999388
21240: 0.999388
21241: 0.999388
21242: 0.999388
21243: 0.999388
21244: 0.999388
21245: 0.999388
21246: 0.999388
21247: 0.999388
21248: 0.999388
21249: 0.999388
21250: 0.999388
21251: 0.999388
21252: 0.999388
21253: 0.999388
21254: 0.999388
21255: 0.999388
21256: 0.999388
21257: 0.999388
21258: 0.999388
21259: 0.999389
21260: 0.999389
21261: 0.999389
21262: 0.999389
21263: 0.999389
21264: 0.999389
21265: 0.999389
21266: 0.999389
21267: 0.999389
21268: 0.999389
21269: 0.999389
21270: 0.999389
21271: 0.999389
21272: 0.999389
21273: 0.999389
21274: 0.999389
21275: 0.999389
21276: 0.999389
21277: 0.999389
21278: 0.999389
21279: 0.999389
21280: 0.999389
21281: 0.999389
21282: 0.999389
21283: 0.999389
21284: 0.999389
21285: 0.999389
21286: 0.999389
21287: 0.999389
21288: 0.999389
21289: 0.999389
21290: 0.999389
21291: 0.999389
21292: 0.999389
21293: 0.999389
21294: 0.99939
21295: 0.99939
21296: 0.99939
21297: 0.99939
21298: 0.99939
21299: 0.99939
21300: 0.99939
21301: 0.99939
21302: 0.99939
21303: 0.99939
21304: 0.99939
21305: 0.99939
21306: 0.99939
21307: 0.99939
21308: 0.99939
21309: 0.99939
21310: 0.99939
21311: 0.99939
21312: 0.99939
21313: 0.99939
21314: 0.99939
21315: 0.99939
21316: 0.99939
21317: 0.99939
21318: 0.99939
21319: 0.99939
21320: 0.99939
21321: 0.99939
21322: 0.99939
21323: 0.99939
21324: 0.99939
21325: 0.99939
21326: 0.99939
21327: 0.99939
21328: 0.999391
21329: 0.999391
21330: 0.999391
21331: 0.999391
21332: 0.999391
21333: 0.999391
21334: 0.999391
21335: 0.999391
21336: 0.999391
21337: 0.999391
21338: 0.999391
21339: 0.999391
21340: 0.999391
21341: 0.999391
21342: 0.999391
21343: 0.999391
21344: 0.999391
21345: 0.999391
21346: 0.999391
21347: 0.999391
21348: 0.999391
21349: 0.999391
21350: 0.999391
21351: 0.999391
21352: 0.999391
21353: 0.999391
21354: 0.999391
21355: 0.999391
21356: 0.999391
21357: 0.999391
21358: 0.999391
21359: 0.999391
21360: 0.999391
21361: 0.999391
21362: 0.999391
21363: 0.999391
21364: 0.999392
21365: 0.999392
21366: 0.999392
21367: 0.999392
21368: 0.999392
21369: 0.999392
21370: 0.999392
21371: 0.999392
21372: 0.999392
21373: 0.999392
21374: 0.999392
21375: 0.999392
21376: 0.999392
21377: 0.999392
21378: 0.999392
21379: 0.999392
21380: 0.999392
21381: 0.999392
21382: 0.999392
21383: 0.999392
21384: 0.999392
21385: 0.999392
21386: 0.999392
21387: 0.999392
21388: 0.999392
21389: 0.999392
21390: 0.999392
21391: 0.999392
21392: 0.999392
21393: 0.999392
21394: 0.999392
21395: 0.999392
21396: 0.999392
21397: 0.999392
21398: 0.999392
21399: 0.999393
21400: 0.999393
21401: 0.999393
21402: 0.999393
21403: 0.999393
21404: 0.999393
21405: 0.999393
21406: 0.999393
21407: 0.999393
21408: 0.999393
21409: 0.999393
21410: 0.999393
21411: 0.999393
21412: 0.999393
21413: 0.999393
21414: 0.999393
21415: 0.999393
21416: 0.999393
21417: 0.999393
21418: 0.999393
21419: 0.999393
21420: 0.999393
21421: 0.999393
21422: 0.999393
21423: 0.999393
21424: 0.999393
21425: 0.999393
21426: 0.999393
21427: 0.999393
21428: 0.999393
21429: 0.999393
21430: 0.999393
21431: 0.999393
21432: 0.999393
21433: 0.999393
21434: 0.999394
21435: 0.999394
21436: 0.999394
21437: 0.999394
21438: 0.999394
21439: 0.999394
21440: 0.999394
21441: 0.999394
21442: 0.999394
21443: 0.999394
21444: 0.999394
21445: 0.999394
21446: 0.999394
21447: 0.999394
21448: 0.999394
21449: 0.999394
21450: 0.999394
21451: 0.999394
21452: 0.999394
21453: 0.999394
21454: 0.999394
21455: 0.999394
21456: 0.999394
21457: 0.999394
21458: 0.999394
21459: 0.999394
21460: 0.999394
21461: 0.999394
21462: 0.999394
21463: 0.999394
21464: 0.999394
21465: 0.999394
21466: 0.999394
21467: 0.999394
21468: 0.999394
21469: 0.999395
21470: 0.999395
21471: 0.999395
21472: 0.999395
21473: 0.999395
21474: 0.999395
21475: 0.999395
21476: 0.999395
21477: 0.999395
21478: 0.999395
21479: 0.999395
21480: 0.999395
21481: 0.999395
21482: 0.999395
21483: 0.999395
21484: 0.999395
21485: 0.999395
21486: 0.999395
21487: 0.999395
21488: 0.999395
21489: 0.999395
21490: 0.999395
21491: 0.999395
21492: 0.999395
21493: 0.999395
21494: 0.999395
21495: 0.999395
21496: 0.999395
21497: 0.999395
21498: 0.999395
21499: 0.999395
21500: 0.999395
21501: 0.999395
21502: 0.999395
21503: 0.999395
21504: 0.999395
21505: 0.999396
21506: 0.999396
21507: 0.999396
21508: 0.999396
21509: 0.999396
21510: 0.999396
21511: 0.999396
21512: 0.999396
21513: 0.999396
21514: 0.999396
21515: 0.999396
21516: 0.999396
21517: 0.999396
21518: 0.999396
21519: 0.999396
21520: 0.999396
21521: 0.999396
21522: 0.999396
21523: 0.999396
21524: 0.999396
21525: 0.999396
21526: 0.999396
21527: 0.999396
21528: 0.999396
21529: 0.999396
21530: 0.999396
21531: 0.999396
21532: 0.999396
21533: 0.999396
21534: 0.999396
21535: 0.999396
21536: 0.999396
21537: 0.999396
21538: 0.999396
21539: 0.999396
21540: 0.999396
21541: 0.999397
21542: 0.999397
21543: 0.999397
21544: 0.999397
21545: 0.999397
21546: 0.999397
21547: 0.999397
21548: 0.999397
21549: 0.999397
21550: 0.999397
21551: 0.999397
21552: 0.999397
21553: 0.999397
21554: 0.999397
21555: 0.999397
21556: 0.999397
21557: 0.999397
21558: 0.999397
21559: 0.999397
21560: 0.999397
21561: 0.999397
21562: 0.999397
21563: 0.999397
21564: 0.999397
21565: 0.999397
21566: 0.999397
21567: 0.999397
21568: 0.999397
21569: 0.999397
21570: 0.999397
21571: 0.999397
21572: 0.999397
21573: 0.999397
21574: 0.999397
21575: 0.999397
21576: 0.999398
21577: 0.999398
21578: 0.999398
21579: 0.999398
21580: 0.999398
21581: 0.999398
21582: 0.999398
21583: 0.999398
21584: 0.999398
21585: 0.999398
21586: 0.999398
21587: 0.999398
21588: 0.999398
21589: 0.999398
21590: 0.999398
21591: 0.999398
21592: 0.999398
21593: 0.999398
21594: 0.999398
21595: 0.999398
21596: 0.999398
21597: 0.999398
21598: 0.999398
21599: 0.999398
21600: 0.999398
21601: 0.999398
21602: 0.999398
21603: 0.999398
21604: 0.999398
21605: 0.999398
21606: 0.999398
21607: 0.999398
21608: 0.999398
21609: 0.999398
21610: 0.999398
21611: 0.999398
21612: 0.999399
21613: 0.999399
21614: 0.999399
21615: 0.999399
21616: 0.999399
21617: 0.999399
21618: 0.999399
21619: 0.999399
21620: 0.999399
21621: 0.999399
21622: 0.999399
21623: 0.999399
21624: 0.999399
21625: 0.999399
21626: 0.999399
21627: 0.999399
21628: 0.999399
21629: 0.999399
21630: 0.999399
21631: 0.999399
21632: 0.999399
21633: 0.999399
21634: 0.999399
21635: 0.999399
21636: 0.999399
21637: 0.999399
21638: 0.999399
21639: 0.999399
21640: 0.999399
21641: 0.999399
21642: 0.999399
21643: 0.999399
21644: 0.999399
21645: 0.999399
21646: 0.999399
21647: 0.999399
21648: 0.9994
21649: 0.9994
21650: 0.9994
21651: 0.9994
21652: 0.9994
21653: 0.9994
21654: 0.9994
21655: 0.9994
21656: 0.9994
21657: 0.9994
21658: 0.9994
21659: 0.9994
21660: 0.9994
21661: 0.9994
21662: 0.9994
21663: 0.9994
21664: 0.9994
21665: 0.9994
21666: 0.9994
21667: 0.9994
21668: 0.9994
21669: 0.9994
21670: 0.9994
21671: 0.9994
21672: 0.9994
21673: 0.9994
21674: 0.9994
21675: 0.9994
21676: 0.9994
21677: 0.9994
21678: 0.9994
21679: 0.9994
21680: 0.9994
21681: 0.9994
21682: 0.9994
21683: 0.9994
21684: 0.999401
21685: 0.999401
21686: 0.999401
21687: 0.999401
21688: 0.999401
21689: 0.999401
21690: 0.999401
21691: 0.999401
21692: 0.999401
21693: 0.999401
21694: 0.999401
21695: 0.999401
21696: 0.999401
21697: 0.999401
21698: 0.999401
21699: 0.999401
21700: 0.999401
21701: 0.999401
21702: 0.999401
21703: 0.999401
21704: 0.999401
21705: 0.999401
21706: 0.999401
21707: 0.999401
21708: 0.999401
21709: 0.999401
21710: 0.999401
21711: 0.999401
21712: 0.999401
21713: 0.999401
21714: 0.999401
21715: 0.999401
21716: 0.999401
21717: 0.999401
21718: 0.999401
21719: 0.999401
21720: 0.999402
21721: 0.999402
21722: 0.999402
21723: 0.999402
21724: 0.999402
21725: 0.999402
21726: 0.999402
21727: 0.999402
21728: 0.999402
21729: 0.999402
21730: 0.999402
21731: 0.999402
21732: 0.999402
21733: 0.999402
21734: 0.999402
21735: 0.999402
21736: 0.999402
21737: 0.999402
21738: 0.999402
21739: 0.999402
21740: 0.999402
21741: 0.999402
21742: 0.999402
21743: 0.999402
21744: 0.999402
21745: 0.999402
21746: 0.999402
21747: 0.999402
21748: 0.999402
21749: 0.999402
21750: 0.999402
21751: 0.999402
21752: 0.999402
21753: 0.999402
21754: 0.999402
21755: 0.999402
21756: 0.999402
21757: 0.999403
21758: 0.999403
21759: 0.999403
21760: 0.999403
21761: 0.999403
21762: 0.999403
21763: 0.999403
21764: 0.999403
21765: 0.999403
21766: 0.999403
21767: 0.999403
21768: 0.999403
21769: 0.999403
21770: 0.999403
21771: 0.999403
21772: 0.999403
21773: 0.999403
21774: 0.999403
21775: 0.999403
21776: 0.999403
21777: 0.999403
21778: 0.999403
21779: 0.999403
21780: 0.999403
21781: 0.999403
21782: 0.999403
21783: 0.999403
21784: 0.999403
21785: 0.999403
21786: 0.999403
21787: 0.999403
21788: 0.999403
21789: 0.999403
21790: 0.999403
21791: 0.999403
21792: 0.999403
21793: 0.999404
21794: 0.999404
21795: 0.999404
21796: 0.999404
21797: 0.999404
21798: 0.999404
21799: 0.999404
21800: 0.999404
21801: 0.999404
21802: 0.999404
21803: 0.999404
21804: 0.999404
21805: 0.999404
21806: 0.999404
21807: 0.999404
21808: 0.999404
21809: 0.999404
21810: 0.999404
21811: 0.999404
21812: 0.999404
21813: 0.999404
21814: 0.999404
21815: 0.999404
21816: 0.999404
21817: 0.999404
21818: 0.999404
21819: 0.999404
21820: 0.999404
21821: 0.999404
21822: 0.999404
21823: 0.999404
21824: 0.999404
21825: 0.999404
21826: 0.999404
21827: 0.999404
21828: 0.999404
21829: 0.999404
21830: 0.999405
21831: 0.999405
21832: 0.999405
21833: 0.999405
21834: 0.999405
21835: 0.999405
21836: 0.999405
21837: 0.999405
21838: 0.999405
21839: 0.999405
21840: 0.999405
21841: 0.999405
21842: 0.999405
21843: 0.999405
21844: 0.999405
21845: 0.999405
21846: 0.999405
21847: 0.999405
21848: 0.999405
21849: 0.999405
21850: 0.999405
21851: 0.999405
21852: 0.999405
21853: 0.999405
21854: 0.999405
21855: 0.999405
21856: 0.999405
21857: 0.999405
21858: 0.999405
21859: 0.999405
21860: 0.999405
21861: 0.999405
21862: 0.999405
21863: 0.999405
21864: 0.999405
21865: 0.999405
21866: 0.999405
21867: 0.999406
21868: 0.999406
21869: 0.999406
21870: 0.999406
21871: 0.999406
21872: 0.999406
21873: 0.999406
21874: 0.999406
21875: 0.999406
21876: 0.999406
21877: 0.999406
21878: 0.999406
21879: 0.999406
21880: 0.999406
21881: 0.999406
21882: 0.999406
21883: 0.999406
21884: 0.999406
21885: 0.999406
21886: 0.999406
21887: 0.999406
21888: 0.999406
21889: 0.999406
21890: 0.999406
21891: 0.999406
21892: 0.999406
21893: 0.999406
21894: 0.999406
21895: 0.999406
21896: 0.999406
21897: 0.999406
21898: 0.999406
21899: 0.999406
21900: 0.999406
21901: 0.999406
21902: 0.999406
21903: 0.999407
21904: 0.999407
21905: 0.999407
21906: 0.999407
21907: 0.999407
21908: 0.999407
21909: 0.999407
21910: 0.999407
21911: 0.999407
21912: 0.999407
21913: 0.999407
21914: 0.999407
21915: 0.999407
21916: 0.999407
21917: 0.999407
21918: 0.999407
21919: 0.999407
21920: 0.999407
21921: 0.999407
21922: 0.999407
21923: 0.999407
21924: 0.999407
21925: 0.999407
21926: 0.999407
21927: 0.999407
21928: 0.999407
21929: 0.999407
21930: 0.999407
21931: 0.999407
21932: 0.999407
21933: 0.999407
21934: 0.999407
21935: 0.999407
21936: 0.999407
21937: 0.999407
21938: 0.999407
21939: 0.999407
21940: 0.999408
21941: 0.999408
21942: 0.999408
21943: 0.999408
21944: 0.999408
21945: 0.999408
21946: 0.999408
21947: 0.999408
21948: 0.999408
21949: 0.999408
21950: 0.999408
21951: 0.999408
21952: 0.999408
21953: 0.999408
21954: 0.999408
21955: 0.999408
21956: 0.999408
21957: 0.999408
21958: 0.999408
21959: 0.999408
21960: 0.999408
21961: 0.999408
21962: 0.999408
21963: 0.999408
21964: 0.999408
21965: 0.999408
21966: 0.999408
21967: 0.999408
21968: 0.999408
21969: 0.999408
21970: 0.999408
21971: 0.999408
21972: 0.999408
21973: 0.999408
21974: 0.999408
21975: 0.999408
21976: 0.999408
21977: 0.999408
21978: 0.999409
21979: 0.999409
21980: 0.999409
21981: 0.999409
21982: 0.999409
21983: 0.999409
21984: 0.999409
21985: 0.999409
21986: 0.999409
21987: 0.999409
21988: 0.999409
21989: 0.999409
21990: 0.999409
21991: 0.999409
21992: 0.999409
21993: 0.999409
21994: 0.999409
21995: 0.999409
21996: 0.999409
21997: 0.999409
21998: 0.999409
21999: 0.999409
22000: 0.999409
22001: 0.999409
22002: 0.999409
22003: 0.999409
22004: 0.999409
22005: 0.999409
22006: 0.999409
22007: 0.999409
22008: 0.999409
22009: 0.999409
22010: 0.999409
22011: 0.999409
22012: 0.999409
22013: 0.999409
22014: 0.999409
22015: 0.99941
22016: 0.99941
22017: 0.99941
22018: 0.99941
22019: 0.99941
22020: 0.99941
22021: 0.99941
22022: 0.99941
22023: 0.99941
22024: 0.99941
22025: 0.99941
22026: 0.99941
22027: 0.99941
22028: 0.99941
22029: 0.99941
22030: 0.99941
22031: 0.99941
22032: 0.99941
22033: 0.99941
22034: 0.99941
22035: 0.99941
22036: 0.99941
22037: 0.99941
22038: 0.99941
22039: 0.99941
22040: 0.99941
22041: 0.99941
22042: 0.99941
22043: 0.99941
22044: 0.99941
22045: 0.99941
22046: 0.99941
22047: 0.99941
22048: 0.99941
22049: 0.99941
22050: 0.99941
22051: 0.99941
22052: 0.999411
22053: 0.999411
22054: 0.999411
22055: 0.999411
22056: 0.999411
22057: 0.999411
22058: 0.999411
22059: 0.999411
22060: 0.999411
22061: 0.999411
22062: 0.999411
22063: 0.999411
22064: 0.999411
22065: 0.999411
22066: 0.999411
22067: 0.999411
22068: 0.999411
22069: 0.999411
22070: 0.999411
22071: 0.999411
22072: 0.999411
22073: 0.999411
22074: 0.999411
22075: 0.999411
22076: 0.999411
22077: 0.999411
22078: 0.999411
22079: 0.999411
22080: 0.999411
22081: 0.999411
22082: 0.999411
22083: 0.999411
22084: 0.999411
22085: 0.999411
22086: 0.999411
22087: 0.999411
22088: 0.999411
22089: 0.999411
22090: 0.999412
22091: 0.999412
22092: 0.999412
22093: 0.999412
22094: 0.999412
22095: 0.999412
22096: 0.999412
22097: 0.999412
22098: 0.999412
22099: 0.999412
22100: 0.999412
22101: 0.999412
22102: 0.999412
22103: 0.999412
22104: 0.999412
22105: 0.999412
22106: 0.999412
22107: 0.999412
22108: 0.999412
22109: 0.999412
22110: 0.999412
22111: 0.999412
22112: 0.999412
22113: 0.999412
22114: 0.999412
22115: 0.999412
22116: 0.999412
22117: 0.999412
22118: 0.999412
22119: 0.999412
22120: 0.999412
22121: 0.999412
22122: 0.999412
22123: 0.999412
22124: 0.999412
22125: 0.999412
22126: 0.999412
22127: 0.999413
22128: 0.999413
22129: 0.999413
22130: 0.999413
22131: 0.999413
22132: 0.999413
22133: 0.999413
22134: 0.999413
22135: 0.999413
22136: 0.999413
22137: 0.999413
22138: 0.999413
22139: 0.999413
22140: 0.999413
22141: 0.999413
22142: 0.999413
22143: 0.999413
22144: 0.999413
22145: 0.999413
22146: 0.999413
22147: 0.999413
22148: 0.999413
22149: 0.999413
22150: 0.999413
22151: 0.999413
22152: 0.999413
22153: 0.999413
22154: 0.999413
22155: 0.999413
22156: 0.999413
22157: 0.999413
22158: 0.999413
22159: 0.999413
22160: 0.999413
22161: 0.999413
22162: 0.999413
22163: 0.999413
22164: 0.999413
22165: 0.999414
22166: 0.999414
22167: 0.999414
22168: 0.999414
22169: 0.999414
22170: 0.999414
22171: 0.999414
22172: 0.999414
22173: 0.999414
22174: 0.999414
22175: 0.999414
22176: 0.999414
22177: 0.999414
22178: 0.999414
22179: 0.999414
22180: 0.999414
22181: 0.999414
22182: 0.999414
22183: 0.999414
22184: 0.999414
22185: 0.999414
22186: 0.999414
22187: 0.999414
22188: 0.999414
22189: 0.999414
22190: 0.999414
22191: 0.999414
22192: 0.999414
22193: 0.999414
22194: 0.999414
22195: 0.999414
22196: 0.999414
22197: 0.999414
22198: 0.999414
22199: 0.999414
22200: 0.999414
22201: 0.999414
22202: 0.999414
22203: 0.999415
22204: 0.999415
22205: 0.999415
22206: 0.999415
22207: 0.999415
22208: 0.999415
22209: 0.999415
22210: 0.999415
22211: 0.999415
22212: 0.999415
22213: 0.999415
22214: 0.999415
22215: 0.999415
22216: 0.999415
22217: 0.999415
22218: 0.999415
22219: 0.999415
22220: 0.999415
22221: 0.999415
22222: 0.999415
22223: 0.999415
22224: 0.999415
22225: 0.999415
22226: 0.999415
22227: 0.999415
22228: 0.999415
22229: 0.999415
22230: 0.999415
22231: 0.999415
22232: 0.999415
22233: 0.999415
22234: 0.999415
22235: 0.999415
22236: 0.999415
22237: 0.999415
22238: 0.999415
22239: 0.999415
22240: 0.999415
22241: 0.999416
22242: 0.999416
22243: 0.999416
22244: 0.999416
22245: 0.999416
22246: 0.999416
22247: 0.999416
22248: 0.999416
22249: 0.999416
22250: 0.999416
22251: 0.999416
22252: 0.999416
22253: 0.999416
22254: 0.999416
22255: 0.999416
22256: 0.999416
22257: 0.999416
22258: 0.999416
22259: 0.999416
22260: 0.999416
22261: 0.999416
22262: 0.999416
22263: 0.999416
22264: 0.999416
22265: 0.999416
22266: 0.999416
22267: 0.999416
22268: 0.999416
22269: 0.999416
22270: 0.999416
22271: 0.999416
22272: 0.999416
22273: 0.999416
22274: 0.999416
22275: 0.999416
22276: 0.999416
22277: 0.999416
22278: 0.999416
22279: 0.999417
22280: 0.999417
22281: 0.999417
22282: 0.999417
22283: 0.999417
22284: 0.999417
22285: 0.999417
22286: 0.999417
22287: 0.999417
22288: 0.999417
22289: 0.999417
22290: 0.999417
22291: 0.999417
22292: 0.999417
22293: 0.999417
22294: 0.999417
22295: 0.999417
22296: 0.999417
22297: 0.999417
22298: 0.999417
22299: 0.999417
22300: 0.999417
22301: 0.999417
22302: 0.999417
22303: 0.999417
22304: 0.999417
22305: 0.999417
22306: 0.999417
22307: 0.999417
22308: 0.999417
22309: 0.999417
22310: 0.999417
22311: 0.999417
22312: 0.999417
22313: 0.999417
22314: 0.999417
22315: 0.999417
22316: 0.999417
22317: 0.999418
22318: 0.999418
22319: 0.999418
22320: 0.999418
22321: 0.999418
22322: 0.999418
22323: 0.999418
22324: 0.999418
22325: 0.999418
22326: 0.999418
22327: 0.999418
22328: 0.999418
22329: 0.999418
22330: 0.999418
22331: 0.999418
22332: 0.999418
22333: 0.999418
22334: 0.999418
22335: 0.999418
22336: 0.999418
22337: 0.999418
22338: 0.999418
22339: 0.999418
22340: 0.999418
22341: 0.999418
22342: 0.999418
22343: 0.999418
22344: 0.999418
22345: 0.999418
22346: 0.999418
22347: 0.999418
22348: 0.999418
22349: 0.999418
22350: 0.999418
22351: 0.999418
22352: 0.999418
22353: 0.999418
22354: 0.999418
22355: 0.999419
22356: 0.999419
22357: 0.999419
22358: 0.999419
22359: 0.999419
22360: 0.999419
22361: 0.999419
22362: 0.999419
22363: 0.999419
22364: 0.999419
22365: 0.999419
22366: 0.999419
22367: 0.999419
22368: 0.999419
22369: 0.999419
22370: 0.999419
22371: 0.999419
22372: 0.999419
22373: 0.999419
22374: 0.999419
22375: 0.999419
22376: 0.999419
22377: 0.999419
22378: 0.999419
22379: 0.999419
22380: 0.999419
22381: 0.999419
22382: 0.999419
22383: 0.999419
22384: 0.999419
22385: 0.999419
22386: 0.999419
22387: 0.999419
22388: 0.999419
22389: 0.999419
22390: 0.999419
22391: 0.999419
22392: 0.999419
22393: 0.999419
22394: 0.99942
22395: 0.99942
22396: 0.99942
22397: 0.99942
22398: 0.99942
22399: 0.99942
22400: 0.99942
22401: 0.99942
22402: 0.99942
22403: 0.99942
22404: 0.99942
22405: 0.99942
22406: 0.99942
22407: 0.99942
22408: 0.99942
22409: 0.99942
22410: 0.99942
22411: 0.99942
22412: 0.99942
22413: 0.99942
22414: 0.99942
22415: 0.99942
22416: 0.99942
22417: 0.99942
22418: 0.99942
22419: 0.99942
22420: 0.99942
22421: 0.99942
22422: 0.99942
22423: 0.99942
22424: 0.99942
22425: 0.99942
22426: 0.99942
22427: 0.99942
22428: 0.99942
22429: 0.99942
22430: 0.99942
22431: 0.99942
22432: 0.99942
22433: 0.999421
22434: 0.999421
22435: 0.999421
22436: 0.999421
22437: 0.999421
22438: 0.999421
22439: 0.999421
22440: 0.999421
22441: 0.999421
22442: 0.999421
22443: 0.999421
22444: 0.999421
22445: 0.999421
22446: 0.999421
22447: 0.999421
22448: 0.999421
22449: 0.999421
22450: 0.999421
22451: 0.999421
22452: 0.999421
22453: 0.999421
22454: 0.999421
22455: 0.999421
22456: 0.999421
22457: 0.999421
22458: 0.999421
22459: 0.999421
22460: 0.999421
22461: 0.999421
22462: 0.999421
22463: 0.999421
22464: 0.999421
22465: 0.999421
22466: 0.999421
22467: 0.999421
22468: 0.999421
22469: 0.999421
22470: 0.999421
22471: 0.999422
22472: 0.999422
22473: 0.999422
22474: 0.999422
22475: 0.999422
22476: 0.999422
22477: 0.999422
22478: 0.999422
22479: 0.999422
22480: 0.999422
22481: 0.999422
22482: 0.999422
22483: 0.999422
22484: 0.999422
22485: 0.999422
22486: 0.999422
22487: 0.999422
22488: 0.999422
22489: 0.999422
22490: 0.999422
22491: 0.999422
22492: 0.999422
22493: 0.999422
22494: 0.999422
22495: 0.999422
22496: 0.999422
22497: 0.999422
22498: 0.999422
22499: 0.999422
22500: 0.999422
22501: 0.999422
22502: 0.999422
22503: 0.999422
22504: 0.999422
22505: 0.999422
22506: 0.999422
22507: 0.999422
22508: 0.999422
22509: 0.999422
22510: 0.999423
22511: 0.999423
22512: 0.999423
22513: 0.999423
22514: 0.999423
22515: 0.999423
22516: 0.999423
22517: 0.999423
22518: 0.999423
22519: 0.999423
22520: 0.999423
22521: 0.999423
22522: 0.999423
22523: 0.999423
22524: 0.999423
22525: 0.999423
22526: 0.999423
22527: 0.999423
22528: 0.999423
22529: 0.999423
22530: 0.999423
22531: 0.999423
22532: 0.999423
22533: 0.999423
22534: 0.999423
22535: 0.999423
22536: 0.999423
22537: 0.999423
22538: 0.999423
22539: 0.999423
22540: 0.999423
22541: 0.999423
22542: 0.999423
22543: 0.999423
22544: 0.999423
22545: 0.999423
22546: 0.999423
22547: 0.999423
22548: 0.999423
22549: 0.999424
22550: 0.999424
22551: 0.999424
22552: 0.999424
22553: 0.999424
22554: 0.999424
22555: 0.999424
22556: 0.999424
22557: 0.999424
22558: 0.999424
22559: 0.999424
22560: 0.999424
22561: 0.999424
22562: 0.999424
22563: 0.999424
22564: 0.999424
22565: 0.999424
22566: 0.999424
22567: 0.999424
22568: 0.999424
22569: 0.999424
22570: 0.999424
22571: 0.999424
22572: 0.999424
22573: 0.999424
22574: 0.999424
22575: 0.999424
22576: 0.999424
22577: 0.999424
22578: 0.999424
22579: 0.999424
22580: 0.999424
22581: 0.999424
22582: 0.999424
22583: 0.999424
22584: 0.999424
22585: 0.999424
22586: 0.999424
22587: 0.999424
22588: 0.999424
22589: 0.999425
22590: 0.999425
22591: 0.999425
22592: 0.999425
22593: 0.999425
22594: 0.999425
22595: 0.999425
22596: 0.999425
22597: 0.999425
22598: 0.999425
22599: 0.999425
22600: 0.999425
22601: 0.999425
22602: 0.999425
22603: 0.999425
22604: 0.999425
22605: 0.999425
22606: 0.999425
22607: 0.999425
22608: 0.999425
22609: 0.999425
22610: 0.999425
22611: 0.999425
22612: 0.999425
22613: 0.999425
22614: 0.999425
22615: 0.999425
22616: 0.999425
22617: 0.999425
22618: 0.999425
22619: 0.999425
22620: 0.999425
22621: 0.999425
22622: 0.999425
22623: 0.999425
22624: 0.999425
22625: 0.999425
22626: 0.999425
22627: 0.999425
22628: 0.999426
22629: 0.999426
22630: 0.999426
22631: 0.999426
22632: 0.999426
22633: 0.999426
22634: 0.999426
22635: 0.999426
22636: 0.999426
22637: 0.999426
22638: 0.999426
22639: 0.999426
22640: 0.999426
22641: 0.999426
22642: 0.999426
22643: 0.999426
22644: 0.999426
22645: 0.999426
22646: 0.999426
22647: 0.999426
22648: 0.999426
22649: 0.999426
22650: 0.999426
22651: 0.999426
22652: 0.999426
22653: 0.999426
22654: 0.999426
22655: 0.999426
22656: 0.999426
22657: 0.999426
22658: 0.999426
22659: 0.999426
22660: 0.999426
22661: 0.999426
22662: 0.999426
22663: 0.999426
22664: 0.999426
22665: 0.999426
22666: 0.999426
22667: 0.999427
22668: 0.999427
22669: 0.999427
22670: 0.999427
22671: 0.999427
22672: 0.999427
22673: 0.999427
22674: 0.999427
22675: 0.999427
22676: 0.999427
22677: 0.999427
22678: 0.999427
22679: 0.999427
22680: 0.999427
22681: 0.999427
22682: 0.999427
22683: 0.999427
22684: 0.999427
22685: 0.999427
22686: 0.999427
22687: 0.999427
22688: 0.999427
22689: 0.999427
22690: 0.999427
22691: 0.999427
22692: 0.999427
22693: 0.999427
22694: 0.999427
22695: 0.999427
22696: 0.999427
22697: 0.999427
22698: 0.999427
22699: 0.999427
22700: 0.999427
22701: 0.999427
22702: 0.999427
22703: 0.999427
22704: 0.999427
22705: 0.999427
22706: 0.999427
22707: 0.999428
22708: 0.999428
22709: 0.999428
22710: 0.999428
22711: 0.999428
22712: 0.999428
22713: 0.999428
22714: 0.999428
22715: 0.999428
22716: 0.999428
22717: 0.999428
22718: 0.999428
22719: 0.999428
22720: 0.999428
22721: 0.999428
22722: 0.999428
22723: 0.999428
22724: 0.999428
22725: 0.999428
22726: 0.999428
22727: 0.999428
22728: 0.999428
22729: 0.999428
22730: 0.999428
22731: 0.999428
22732: 0.999428
22733: 0.999428
22734: 0.999428
22735: 0.999428
22736: 0.999428
22737: 0.999428
22738: 0.999428
22739: 0.999428
22740: 0.999428
22741: 0.999428
22742: 0.999428
22743: 0.999428
22744: 0.999428
22745: 0.999428
22746: 0.999428
22747: 0.999429
22748: 0.999429
22749: 0.999429
22750: 0.999429
22751: 0.999429
22752: 0.999429
22753: 0.999429
22754: 0.999429
22755: 0.999429
22756: 0.999429
22757: 0.999429
22758: 0.999429
22759: 0.999429
22760: 0.999429
22761: 0.999429
22762: 0.999429
22763: 0.999429
22764: 0.999429
22765: 0.999429
22766: 0.999429
22767: 0.999429
22768: 0.999429
22769: 0.999429
22770: 0.999429
22771: 0.999429
22772: 0.999429
22773: 0.999429
22774: 0.999429
22775: 0.999429
22776: 0.999429
22777: 0.999429
22778: 0.999429
22779: 0.999429
22780: 0.999429
22781: 0.999429
22782: 0.999429
22783: 0.999429
22784: 0.999429
22785: 0.999429
22786: 0.999429
22787: 0.99943
22788: 0.99943
22789: 0.99943
22790: 0.99943
22791: 0.99943
22792: 0.99943
22793: 0.99943
22794: 0.99943
22795: 0.99943
22796: 0.99943
22797: 0.99943
22798: 0.99943
22799: 0.99943
22800: 0.99943
22801: 0.99943
22802: 0.99943
22803: 0.99943
22804: 0.99943
22805: 0.99943
22806: 0.99943
22807: 0.99943
22808: 0.99943
22809: 0.99943
22810: 0.99943
22811: 0.99943
22812: 0.99943
22813: 0.99943
22814: 0.99943
22815: 0.99943
22816: 0.99943
22817: 0.99943
22818: 0.99943
22819: 0.99943
22820: 0.99943
22821: 0.99943
22822: 0.99943
22823: 0.99943
22824: 0.99943
22825: 0.99943
22826: 0.99943
22827: 0.999431
22828: 0.999431
22829: 0.999431
22830: 0.999431
22831: 0.999431
22832: 0.999431
22833: 0.999431
22834: 0.999431
22835: 0.999431
22836: 0.999431
22837: 0.999431
22838: 0.999431
22839: 0.999431
22840: 0.999431
22841: 0.999431
22842: 0.999431
22843: 0.999431
22844: 0.999431
22845: 0.999431
22846: 0.999431
22847: 0.999431
22848: 0.999431
22849: 0.999431
22850: 0.999431
22851: 0.999431
22852: 0.999431
22853: 0.999431
22854: 0.999431
22855: 0.999431
22856: 0.999431
22857: 0.999431
22858: 0.999431
22859: 0.999431
22860: 0.999431
22861: 0.999431
22862: 0.999431
22863: 0.999431
22864: 0.999431
22865: 0.999431
22866: 0.999431
22867: 0.999432
22868: 0.999432
22869: 0.999432
22870: 0.999432
22871: 0.999432
22872: 0.999432
22873: 0.999432
22874: 0.999432
22875: 0.999432
22876: 0.999432
22877: 0.999432
22878: 0.999432
22879: 0.999432
22880: 0.999432
22881: 0.999432
22882: 0.999432
22883: 0.999432
22884: 0.999432
22885: 0.999432
22886: 0.999432
22887: 0.999432
22888: 0.999432
22889: 0.999432
22890: 0.999432
22891: 0.999432
22892: 0.999432
22893: 0.999432
22894: 0.999432
22895: 0.999432
22896: 0.999432
22897: 0.999432
22898: 0.999432
22899: 0.999432
22900: 0.999432
22901: 0.999432
22902: 0.999432
22903: 0.999432
22904: 0.999432
22905: 0.999432
22906: 0.999432
22907: 0.999433
22908: 0.999433
22909: 0.999433
22910: 0.999433
22911: 0.999433
22912: 0.999433
22913: 0.999433
22914: 0.999433
22915: 0.999433
22916: 0.999433
22917: 0.999433
22918: 0.999433
22919: 0.999433
22920: 0.999433
22921: 0.999433
22922: 0.999433
22923: 0.999433
22924: 0.999433
22925: 0.999433
22926: 0.999433
22927: 0.999433
22928: 0.999433
22929: 0.999433
22930: 0.999433
22931: 0.999433
22932: 0.999433
22933: 0.999433
22934: 0.999433
22935: 0.999433
22936: 0.999433
22937: 0.999433
22938: 0.999433
22939: 0.999433
22940: 0.999433
22941: 0.999433
22942: 0.999433
22943: 0.999433
22944: 0.999433
22945: 0.999433
22946: 0.999433
22947: 0.999434
22948: 0.999434
22949: 0.999434
22950: 0.999434
22951: 0.999434
22952: 0.999434
22953: 0.999434
22954: 0.999434
22955: 0.999434
22956: 0.999434
22957: 0.999434
22958: 0.999434
22959: 0.999434
22960: 0.999434
22961: 0.999434
22962: 0.999434
22963: 0.999434
22964: 0.999434
22965: 0.999434
22966: 0.999434
22967: 0.999434
22968: 0.999434
22969: 0.999434
22970: 0.999434
22971: 0.999434
22972: 0.999434
22973: 0.999434
22974: 0.999434
22975: 0.999434
22976: 0.999434
22977: 0.999434
22978: 0.999434
22979: 0.999434
22980: 0.999434
22981: 0.999434
22982: 0.999434
22983: 0.999434
22984: 0.999434
22985: 0.999434
22986: 0.999434
22987: 0.999434
22988: 0.999435
22989: 0.999435
22990: 0.999435
22991: 0.999435
22992: 0.999435
22993: 0.999435
22994: 0.999435
22995: 0.999435
22996: 0.999435
22997: 0.999435
22998: 0.999435
22999: 0.999435
23000: 0.999435
23001: 0.999435
23002: 0.999435
23003: 0.999435
23004: 0.999435
23005: 0.999435
23006: 0.999435
23007: 0.999435
23008: 0.999435
23009: 0.999435
23010: 0.999435
23011: 0.999435
23012: 0.999435
23013: 0.999435
23014: 0.999435
23015: 0.999435
23016: 0.999435
23017: 0.999435
23018: 0.999435
23019: 0.999435
23020: 0.999435
23021: 0.999435
23022: 0.999435
23023: 0.999435
23024: 0.999435
23025: 0.999435
23026: 0.999435
23027: 0.999435
23028: 0.999435
23029: 0.999436
23030: 0.999436
23031: 0.999436
23032: 0.999436
23033: 0.999436
23034: 0.999436
23035: 0.999436
23036: 0.999436
23037: 0.999436
23038: 0.999436
23039: 0.999436
23040: 0.999436
23041: 0.999436
23042: 0.999436
23043: 0.999436
23044: 0.999436
23045: 0.999436
23046: 0.999436
23047: 0.999436
23048: 0.999436
23049: 0.999436
23050: 0.999436
23051: 0.999436
23052: 0.999436
23053: 0.999436
23054: 0.999436
23055: 0.999436
23056: 0.999436
23057: 0.999436
23058: 0.999436
23059: 0.999436
23060: 0.999436
23061: 0.999436
23062: 0.999436
23063: 0.999436
23064: 0.999436
23065: 0.999436
23066: 0.999436
23067: 0.999436
23068: 0.999436
23069: 0.999436
23070: 0.999437
23071: 0.999437
23072: 0.999437
23073: 0.999437
23074: 0.999437
23075: 0.999437
23076: 0.999437
23077: 0.999437
23078: 0.999437
23079: 0.999437
23080: 0.999437
23081: 0.999437
23082: 0.999437
23083: 0.999437
23084: 0.999437
23085: 0.999437
23086: 0.999437
23087: 0.999437
23088: 0.999437
23089: 0.999437
23090: 0.999437
23091: 0.999437
23092: 0.999437
23093: 0.999437
23094: 0.999437
23095: 0.999437
23096: 0.999437
23097: 0.999437
23098: 0.999437
23099: 0.999437
23100: 0.999437
23101: 0.999437
23102: 0.999437
23103: 0.999437
23104: 0.999437
23105: 0.999437
23106: 0.999437
23107: 0.999437
23108: 0.999437
23109: 0.999437
23110: 0.999437
23111: 0.999438
23112: 0.999438
23113: 0.999438
23114: 0.999438
23115: 0.999438
23116: 0.999438
23117: 0.999438
23118: 0.999438
23119: 0.999438
23120: 0.999438
23121: 0.999438
23122: 0.999438
23123: 0.999438
23124: 0.999438
23125: 0.999438
23126: 0.999438
23127: 0.999438
23128: 0.999438
23129: 0.999438
23130: 0.999438
23131: 0.999438
23132: 0.999438
23133: 0.999438
23134: 0.999438
23135: 0.999438
23136: 0.999438
23137: 0.999438
23138: 0.999438
23139: 0.999438
23140: 0.999438
23141: 0.999438
23142: 0.999438
23143: 0.999438
23144: 0.999438
23145: 0.999438
23146: 0.999438
23147: 0.999438
23148: 0.999438
23149: 0.999438
23150: 0.999438
23151: 0.999438
23152: 0.999439
23153: 0.999439
23154: 0.999439
23155: 0.999439
23156: 0.999439
23157: 0.999439
23158: 0.999439
23159: 0.999439
23160: 0.999439
23161: 0.999439
23162: 0.999439
23163: 0.999439
23164: 0.999439
23165: 0.999439
23166: 0.999439
23167: 0.999439
23168: 0.999439
23169: 0.999439
23170: 0.999439
23171: 0.999439
23172: 0.999439
23173: 0.999439
23174: 0.999439
23175: 0.999439
23176: 0.999439
23177: 0.999439
23178: 0.999439
23179: 0.999439
23180: 0.999439
23181: 0.999439
23182: 0.999439
23183: 0.999439
23184: 0.999439
23185: 0.999439
23186: 0.999439
23187: 0.999439
23188: 0.999439
23189: 0.999439
23190: 0.999439
23191: 0.999439
23192: 0.999439
23193: 0.99944
23194: 0.99944
23195: 0.99944
23196: 0.99944
23197: 0.99944
23198: 0.99944
23199: 0.99944
23200: 0.99944
23201: 0.99944
23202: 0.99944
23203: 0.99944
23204: 0.99944
23205: 0.99944
23206: 0.99944
23207: 0.99944
23208: 0.99944
23209: 0.99944
23210: 0.99944
23211: 0.99944
23212: 0.99944
23213: 0.99944
23214: 0.99944
23215: 0.99944
23216: 0.99944
23217: 0.99944
23218: 0.99944
23219: 0.99944
23220: 0.99944
23221: 0.99944
23222: 0.99944
23223: 0.99944
23224: 0.99944
23225: 0.99944
23226: 0.99944
23227: 0.99944
23228: 0.99944
23229: 0.99944
23230: 0.99944
23231: 0.99944
23232: 0.99944
23233: 0.99944
23234: 0.99944
23235: 0.999441
23236: 0.999441
23237: 0.999441
23238: 0.999441
23239: 0.999441
23240: 0.999441
23241: 0.999441
23242: 0.999441
23243: 0.999441
23244: 0.999441
23245: 0.999441
23246: 0.999441
23247: 0.999441
23248: 0.999441
23249: 0.999441
23250: 0.999441
23251: 0.999441
23252: 0.999441
23253: 0.999441
23254: 0.999441
23255: 0.999441
23256: 0.999441
23257: 0.999441
23258: 0.999441
23259: 0.999441
23260: 0.999441
23261: 0.999441
23262: 0.999441
23263: 0.999441
23264: 0.999441
23265: 0.999441
23266: 0.999441
23267: 0.999441
23268: 0.999441
23269: 0.999441
23270: 0.999441
23271: 0.999441
23272: 0.999441
23273: 0.999441
23274: 0.999441
23275: 0.999441
23276: 0.999442
23277: 0.999442
23278: 0.999442
23279: 0.999442
23280: 0.999442
23281: 0.999442
23282: 0.999442
23283: 0.999442
23284: 0.999442
23285: 0.999442
23286: 0.999442
23287: 0.999442
23288: 0.999442
23289: 0.999442
23290: 0.999442
23291: 0.999442
23292: 0.999442
23293: 0.999442
23294: 0.999442
23295: 0.999442
23296: 0.999442
23297: 0.999442
23298: 0.999442
23299: 0.999442
23300: 0.999442
23301: 0.999442
23302: 0.999442
23303: 0.999442
23304: 0.999442
23305: 0.999442
23306: 0.999442
23307: 0.999442
23308: 0.999442
23309: 0.999442
23310: 0.999442
23311: 0.999442
23312: 0.999442
23313: 0.999442
23314: 0.999442
23315: 0.999442
23316: 0.999442
23317: 0.999442
23318: 0.999443
23319: 0.999443
23320: 0.999443
23321: 0.999443
23322: 0.999443
23323: 0.999443
23324: 0.999443
23325: 0.999443
23326: 0.999443
23327: 0.999443
23328: 0.999443
23329: 0.999443
23330: 0.999443
23331: 0.999443
23332: 0.999443
23333: 0.999443
23334: 0.999443
23335: 0.999443
23336: 0.999443
23337: 0.999443
23338: 0.999443
23339: 0.999443
23340: 0.999443
23341: 0.999443
23342: 0.999443
23343: 0.999443
23344: 0.999443
23345: 0.999443
23346: 0.999443
23347: 0.999443
23348: 0.999443
23349: 0.999443
23350: 0.999443
23351: 0.999443
23352: 0.999443
23353: 0.999443
23354: 0.999443
23355: 0.999443
23356: 0.999443
23357: 0.999443
23358: 0.999443
23359: 0.999443
23360: 0.999444
23361: 0.999444
23362: 0.999444
23363: 0.999444
23364: 0.999444
23365: 0.999444
23366: 0.999444
23367: 0.999444
23368: 0.999444
23369: 0.999444
23370: 0.999444
23371: 0.999444
23372: 0.999444
23373: 0.999444
23374: 0.999444
23375: 0.999444
23376: 0.999444
23377: 0.999444
23378: 0.999444
23379: 0.999444
23380: 0.999444
23381: 0.999444
23382: 0.999444
23383: 0.999444
23384: 0.999444
23385: 0.999444
23386: 0.999444
23387: 0.999444
23388: 0.999444
23389: 0.999444
23390: 0.999444
23391: 0.999444
23392: 0.999444
23393: 0.999444
23394: 0.999444
23395: 0.999444
23396: 0.999444
23397: 0.999444
23398: 0.999444
23399: 0.999444
23400: 0.999444
23401: 0.999444
23402: 0.999445
23403: 0.999445
23404: 0.999445
23405: 0.999445
23406: 0.999445
23407: 0.999445
23408: 0.999445
23409: 0.999445
23410: 0.999445
23411: 0.999445
23412: 0.999445
23413: 0.999445
23414: 0.999445
23415: 0.999445
23416: 0.999445
23417: 0.999445
23418: 0.999445
23419: 0.999445
23420: 0.999445
23421: 0.999445
23422: 0.999445
23423: 0.999445
23424: 0.999445
23425: 0.999445
23426: 0.999445
23427: 0.999445
23428: 0.999445
23429: 0.999445
23430: 0.999445
23431: 0.999445
23432: 0.999445
23433: 0.999445
23434: 0.999445
23435: 0.999445
23436: 0.999445
23437: 0.999445
23438: 0.999445
23439: 0.999445
23440: 0.999445
23441: 0.999445
23442: 0.999445
23443: 0.999445
23444: 0.999446
23445: 0.999446
23446: 0.999446
23447: 0.999446
23448: 0.999446
23449: 0.999446
23450: 0.999446
23451: 0.999446
23452: 0.999446
23453: 0.999446
23454: 0.999446
23455: 0.999446
23456: 0.999446
23457: 0.999446
23458: 0.999446
23459: 0.999446
23460: 0.999446
23461: 0.999446
23462: 0.999446
23463: 0.999446
23464: 0.999446
23465: 0.999446
23466: 0.999446
23467: 0.999446
23468: 0.999446
23469: 0.999446
23470: 0.999446
23471: 0.999446
23472: 0.999446
23473: 0.999446
23474: 0.999446
23475: 0.999446
23476: 0.999446
23477: 0.999446
23478: 0.999446
23479: 0.999446
23480: 0.999446
23481: 0.999446
23482: 0.999446
23483: 0.999446
23484: 0.999446
23485: 0.999446
23486: 0.999447
23487: 0.999447
23488: 0.999447
23489: 0.999447
23490: 0.999447
23491: 0.999447
23492: 0.999447
23493: 0.999447
23494: 0.999447
23495: 0.999447
23496: 0.999447
23497: 0.999447
23498: 0.999447
23499: 0.999447
23500: 0.999447
23501: 0.999447
23502: 0.999447
23503: 0.999447
23504: 0.999447
23505: 0.999447
23506: 0.999447
23507: 0.999447
23508: 0.999447
23509: 0.999447
23510: 0.999447
23511: 0.999447
23512: 0.999447
23513: 0.999447
23514: 0.999447
23515: 0.999447
23516: 0.999447
23517: 0.999447
23518: 0.999447
23519: 0.999447
23520: 0.999447
23521: 0.999447
23522: 0.999447
23523: 0.999447
23524: 0.999447
23525: 0.999447
23526: 0.999447
23527: 0.999447
23528: 0.999447
23529: 0.999448
23530: 0.999448
23531: 0.999448
23532: 0.999448
23533: 0.999448
23534: 0.999448
23535: 0.999448
23536: 0.999448
23537: 0.999448
23538: 0.999448
23539: 0.999448
23540: 0.999448
23541: 0.999448
23542: 0.999448
23543: 0.999448
23544: 0.999448
23545: 0.999448
23546: 0.999448
23547: 0.999448
23548: 0.999448
23549: 0.999448
23550: 0.999448
23551: 0.999448
23552: 0.999448
23553: 0.999448
23554: 0.999448
23555: 0.999448
23556: 0.999448
23557: 0.999448
23558: 0.999448
23559: 0.999448
23560: 0.999448
23561: 0.999448
23562: 0.999448
23563: 0.999448
23564: 0.999448
23565: 0.999448
23566: 0.999448
23567: 0.999448
23568: 0.999448
23569: 0.999448
23570: 0.999448
23571: 0.999448
23572: 0.999449
23573: 0.999449
23574: 0.999449
23575: 0.999449
23576: 0.999449
23577: 0.999449
23578: 0.999449
23579: 0.999449
23580: 0.999449
23581: 0.999449
23582: 0.999449
23583: 0.999449
23584: 0.999449
23585: 0.999449
23586: 0.999449
23587: 0.999449
23588: 0.999449
23589: 0.999449
23590: 0.999449
23591: 0.999449
23592: 0.999449
23593: 0.999449
23594: 0.999449
23595: 0.999449
23596: 0.999449
23597: 0.999449
23598: 0.999449
23599: 0.999449
23600: 0.999449
23601: 0.999449
23602: 0.999449
23603: 0.999449
23604: 0.999449
23605: 0.999449
23606: 0.999449
23607: 0.999449
23608: 0.999449
23609: 0.999449
23610: 0.999449
23611: 0.999449
23612: 0.999449
23613: 0.999449
23614: 0.99945
23615: 0.99945
23616: 0.99945
23617: 0.99945
23618: 0.99945
23619: 0.99945
23620: 0.99945
23621: 0.99945
23622: 0.99945
23623: 0.99945
23624: 0.99945
23625: 0.99945
23626: 0.99945
23627: 0.99945
23628: 0.99945
23629: 0.99945
23630: 0.99945
23631: 0.99945
23632: 0.99945
23633: 0.99945
23634: 0.99945
23635: 0.99945
23636: 0.99945
23637: 0.99945
23638: 0.99945
23639: 0.99945
23640: 0.99945
23641: 0.99945
23642: 0.99945
23643: 0.99945
23644: 0.99945
23645: 0.99945
23646: 0.99945
23647: 0.99945
23648: 0.99945
23649: 0.99945
23650: 0.99945
23651: 0.99945
23652: 0.99945
23653: 0.99945
23654: 0.99945
23655: 0.99945
23656: 0.99945
23657: 0.999451
23658: 0.999451
23659: 0.999451
23660: 0.999451
23661: 0.999451
23662: 0.999451
23663: 0.999451
23664: 0.999451
23665: 0.999451
23666: 0.999451
23667: 0.999451
23668: 0.999451
23669: 0.999451
23670: 0.999451
23671: 0.999451
23672: 0.999451
23673: 0.999451
23674: 0.999451
23675: 0.999451
23676: 0.999451
23677: 0.999451
23678: 0.999451
23679: 0.999451
23680: 0.999451
23681: 0.999451
23682: 0.999451
23683: 0.999451
23684: 0.999451
23685: 0.999451
23686: 0.999451
23687: 0.999451
23688: 0.999451
23689: 0.999451
23690: 0.999451
23691: 0.999451
23692: 0.999451
23693: 0.999451
23694: 0.999451
23695: 0.999451
23696: 0.999451
23697: 0.999451
23698: 0.999451
23699: 0.999451
23700: 0.999451
23701: 0.999452
23702: 0.999452
23703: 0.999452
23704: 0.999452
23705: 0.999452
23706: 0.999452
23707: 0.999452
23708: 0.999452
23709: 0.999452
23710: 0.999452
23711: 0.999452
23712: 0.999452
23713: 0.999452
23714: 0.999452
23715: 0.999452
23716: 0.999452
23717: 0.999452
23718: 0.999452
23719: 0.999452
23720: 0.999452
23721: 0.999452
23722: 0.999452
23723: 0.999452
23724: 0.999452
23725: 0.999452
23726: 0.999452
23727: 0.999452
23728: 0.999452
23729: 0.999452
23730: 0.999452
23731: 0.999452
23732: 0.999452
23733: 0.999452
23734: 0.999452
23735: 0.999452
23736: 0.999452
23737: 0.999452
23738: 0.999452
23739: 0.999452
23740: 0.999452
23741: 0.999452
23742: 0.999452
23743: 0.999452
23744: 0.999453
23745: 0.999453
23746: 0.999453
23747: 0.999453
23748: 0.999453
23749: 0.999453
23750: 0.999453
23751: 0.999453
23752: 0.999453
23753: 0.999453
23754: 0.999453
23755: 0.999453
23756: 0.999453
23757: 0.999453
23758: 0.999453
23759: 0.999453
23760: 0.999453
23761: 0.999453
23762: 0.999453
23763: 0.999453
23764: 0.999453
23765: 0.999453
23766: 0.999453
23767: 0.999453
23768: 0.999453
23769: 0.999453
23770: 0.999453
23771: 0.999453
23772: 0.999453
23773: 0.999453
23774: 0.999453
23775: 0.999453
23776: 0.999453
23777: 0.999453
23778: 0.999453
23779: 0.999453
23780: 0.999453
23781: 0.999453
23782: 0.999453
23783: 0.999453
23784: 0.999453
23785: 0.999453
23786: 0.999453
23787: 0.999454
23788: 0.999454
23789: 0.999454
23790: 0.999454
23791: 0.999454
23792: 0.999454
23793: 0.999454
23794: 0.999454
23795: 0.999454
23796: 0.999454
23797: 0.999454
23798: 0.999454
23799: 0.999454
23800: 0.999454
23801: 0.999454
23802: 0.999454
23803: 0.999454
23804: 0.999454
23805: 0.999454
23806: 0.999454
23807: 0.999454
23808: 0.999454
23809: 0.999454
23810: 0.999454
23811: 0.999454
23812: 0.999454
23813: 0.999454
23814: 0.999454
23815: 0.999454
23816: 0.999454
23817: 0.999454
23818: 0.999454
23819: 0.999454
23820: 0.999454
23821: 0.999454
23822: 0.999454
23823: 0.999454
23824: 0.999454
23825: 0.999454
23826: 0.999454
23827: 0.999454
23828: 0.999454
23829: 0.999454
23830: 0.999454
23831: 0.999455
23832: 0.999455
23833: 0.999455
23834: 0.999455
23835: 0.999455
23836: 0.999455
23837: 0.999455
23838: 0.999455
23839: 0.999455
23840: 0.999455
23841: 0.999455
23842: 0.999455
23843: 0.999455
23844: 0.999455
23845: 0.999455
23846: 0.999455
23847: 0.999455
23848: 0.999455
23849: 0.999455
23850: 0.999455
23851: 0.999455
23852: 0.999455
23853: 0.999455
23854: 0.999455
23855: 0.999455
23856: 0.999455
23857: 0.999455
23858: 0.999455
23859: 0.999455
23860: 0.999455
23861: 0.999455
23862: 0.999455
23863: 0.999455
23864: 0.999455
23865: 0.999455
23866: 0.999455
23867: 0.999455
23868: 0.999455
23869: 0.999455
23870: 0.999455
23871: 0.999455
23872: 0.999455
23873: 0.999455
23874: 0.999455
23875: 0.999456
23876: 0.999456
23877: 0.999456
23878: 0.999456
23879: 0.999456
23880: 0.999456
23881: 0.999456
23882: 0.999456
23883: 0.999456
23884: 0.999456
23885: 0.999456
23886: 0.999456
23887: 0.999456
23888: 0.999456
23889: 0.999456
23890: 0.999456
23891: 0.999456
23892: 0.999456
23893: 0.999456
23894: 0.999456
23895: 0.999456
23896: 0.999456
23897: 0.999456
23898: 0.999456
23899: 0.999456
23900: 0.999456
23901: 0.999456
23902: 0.999456
23903: 0.999456
23904: 0.999456
23905: 0.999456
23906: 0.999456
23907: 0.999456
23908: 0.999456
23909: 0.999456
23910: 0.999456
23911: 0.999456
23912: 0.999456
23913: 0.999456
23914: 0.999456
23915: 0.999456
23916: 0.999456
23917: 0.999456
23918: 0.999456
23919: 0.999457
23920: 0.999457
23921: 0.999457
23922: 0.999457
23923: 0.999457
23924: 0.999457
23925: 0.999457
23926: 0.999457
23927: 0.999457
23928: 0.999457
23929: 0.999457
23930: 0.999457
23931: 0.999457
23932: 0.999457
23933: 0.999457
23934: 0.999457
23935: 0.999457
23936: 0.999457
23937: 0.999457
23938: 0.999457
23939: 0.999457
23940: 0.999457
23941: 0.999457
23942: 0.999457
23943: 0.999457
23944: 0.999457
23945: 0.999457
23946: 0.999457
23947: 0.999457
23948: 0.999457
23949: 0.999457
23950: 0.999457
23951: 0.999457
23952: 0.999457
23953: 0.999457
23954: 0.999457
23955: 0.999457
23956: 0.999457
23957: 0.999457
23958: 0.999457
23959: 0.999457
23960: 0.999457
23961: 0.999457
23962: 0.999457
23963: 0.999458
23964: 0.999458
23965: 0.999458
23966: 0.999458
23967: 0.999458
23968: 0.999458
23969: 0.999458
23970: 0.999458
23971: 0.999458
23972: 0.999458
23973: 0.999458
23974: 0.999458
23975: 0.999458
23976: 0.999458
23977: 0.999458
23978: 0.999458
23979: 0.999458
23980: 0.999458
23981: 0.999458
23982: 0.999458
23983: 0.999458
23984: 0.999458
23985: 0.999458
23986: 0.999458
23987: 0.999458
23988: 0.999458
23989: 0.999458
23990: 0.999458
23991: 0.999458
23992: 0.999458
23993: 0.999458
23994: 0.999458
23995: 0.999458
23996: 0.999458
23997: 0.999458
23998: 0.999458
23999: 0.999458
24000: 0.999458
24001: 0.999458
24002: 0.999458
24003: 0.999458
24004: 0.999458
24005: 0.999458
24006: 0.999458
24007: 0.999459
24008: 0.999459
24009: 0.999459
24010: 0.999459
24011: 0.999459
24012: 0.999459
24013: 0.999459
24014: 0.999459
24015: 0.999459
24016: 0.999459
24017: 0.999459
24018: 0.999459
24019: 0.999459
24020: 0.999459
24021: 0.999459
24022: 0.999459
24023: 0.999459
24024: 0.999459
24025: 0.999459
24026: 0.999459
24027: 0.999459
24028: 0.999459
24029: 0.999459
24030: 0.999459
24031: 0.999459
24032: 0.999459
24033: 0.999459
24034: 0.999459
24035: 0.999459
24036: 0.999459
24037: 0.999459
24038: 0.999459
24039: 0.999459
24040: 0.999459
24041: 0.999459
24042: 0.999459
24043: 0.999459
24044: 0.999459
24045: 0.999459
24046: 0.999459
24047: 0.999459
24048: 0.999459
24049: 0.999459
24050: 0.999459
24051: 0.99946
24052: 0.99946
24053: 0.99946
24054: 0.99946
24055: 0.99946
24056: 0.99946
24057: 0.99946
24058: 0.99946
24059: 0.99946
24060: 0.99946
24061: 0.99946
24062: 0.99946
24063: 0.99946
24064: 0.99946
24065: 0.99946
24066: 0.99946
24067: 0.99946
24068: 0.99946
24069: 0.99946
24070: 0.99946
24071: 0.99946
24072: 0.99946
24073: 0.99946
24074: 0.99946
24075: 0.99946
24076: 0.99946
24077: 0.99946
24078: 0.99946
24079: 0.99946
24080: 0.99946
24081: 0.99946
24082: 0.99946
24083: 0.99946
24084: 0.99946
24085: 0.99946
24086: 0.99946
24087: 0.99946
24088: 0.99946
24089: 0.99946
24090: 0.99946
24091: 0.99946
24092: 0.99946
24093: 0.99946
24094: 0.99946
24095: 0.99946
24096: 0.999461
24097: 0.999461
24098: 0.999461
24099: 0.999461
24100: 0.999461
24101: 0.999461
24102: 0.999461
24103: 0.999461
24104: 0.999461
24105: 0.999461
24106: 0.999461
24107: 0.999461
24108: 0.999461
24109: 0.999461
24110: 0.999461
24111: 0.999461
24112: 0.999461
24113: 0.999461
24114: 0.999461
24115: 0.999461
24116: 0.999461
24117: 0.999461
24118: 0.999461
24119: 0.999461
24120: 0.999461
24121: 0.999461
24122: 0.999461
24123: 0.999461
24124: 0.999461
24125: 0.999461
24126: 0.999461
24127: 0.999461
24128: 0.999461
24129: 0.999461
24130: 0.999461
24131: 0.999461
24132: 0.999461
24133: 0.999461
24134: 0.999461
24135: 0.999461
24136: 0.999461
24137: 0.999461
24138: 0.999461
24139: 0.999461
24140: 0.999461
24141: 0.999462
24142: 0.999462
24143: 0.999462
24144: 0.999462
24145: 0.999462
24146: 0.999462
24147: 0.999462
24148: 0.999462
24149: 0.999462
24150: 0.999462
24151: 0.999462
24152: 0.999462
24153: 0.999462
24154: 0.999462
24155: 0.999462
24156: 0.999462
24157: 0.999462
24158: 0.999462
24159: 0.999462
24160: 0.999462
24161: 0.999462
24162: 0.999462
24163: 0.999462
24164: 0.999462
24165: 0.999462
24166: 0.999462
24167: 0.999462
24168: 0.999462
24169: 0.999462
24170: 0.999462
24171: 0.999462
24172: 0.999462
24173: 0.999462
24174: 0.999462
24175: 0.999462
24176: 0.999462
24177: 0.999462
24178: 0.999462
24179: 0.999462
24180: 0.999462
24181: 0.999462
24182: 0.999462
24183: 0.999462
24184: 0.999462
24185: 0.999462
24186: 0.999463
24187: 0.999463
24188: 0.999463
24189: 0.999463
24190: 0.999463
24191: 0.999463
24192: 0.999463
24193: 0.999463
24194: 0.999463
24195: 0.999463
24196: 0.999463
24197: 0.999463
24198: 0.999463
24199: 0.999463
24200: 0.999463
24201: 0.999463
24202: 0.999463
24203: 0.999463
24204: 0.999463
24205: 0.999463
24206: 0.999463
24207: 0.999463
24208: 0.999463
24209: 0.999463
24210: 0.999463
24211: 0.999463
24212: 0.999463
24213: 0.999463
24214: 0.999463
24215: 0.999463
24216: 0.999463
24217: 0.999463
24218: 0.999463
24219: 0.999463
24220: 0.999463
24221: 0.999463
24222: 0.999463
24223: 0.999463
24224: 0.999463
24225: 0.999463
24226: 0.999463
24227: 0.999463
24228: 0.999463
24229: 0.999463
24230: 0.999463
24231: 0.999464
24232: 0.999464
24233: 0.999464
24234: 0.999464
24235: 0.999464
24236: 0.999464
24237: 0.999464
24238: 0.999464
24239: 0.999464
24240: 0.999464
24241: 0.999464
24242: 0.999464
24243: 0.999464
24244: 0.999464
24245: 0.999464
24246: 0.999464
24247: 0.999464
24248: 0.999464
24249: 0.999464
24250: 0.999464
24251: 0.999464
24252: 0.999464
24253: 0.999464
24254: 0.999464
24255: 0.999464
24256: 0.999464
24257: 0.999464
24258: 0.999464
24259: 0.999464
24260: 0.999464
24261: 0.999464
24262: 0.999464
24263: 0.999464
24264: 0.999464
24265: 0.999464
24266: 0.999464
24267: 0.999464
24268: 0.999464
24269: 0.999464
24270: 0.999464
24271: 0.999464
24272: 0.999464
24273: 0.999464
24274: 0.999464
24275: 0.999464
24276: 0.999465
24277: 0.999465
24278: 0.999465
24279: 0.999465
24280: 0.999465
24281: 0.999465
24282: 0.999465
24283: 0.999465
24284: 0.999465
24285: 0.999465
24286: 0.999465
24287: 0.999465
24288: 0.999465
24289: 0.999465
24290: 0.999465
24291: 0.999465
24292: 0.999465
24293: 0.999465
24294: 0.999465
24295: 0.999465
24296: 0.999465
24297: 0.999465
24298: 0.999465
24299: 0.999465
24300: 0.999465
24301: 0.999465
24302: 0.999465
24303: 0.999465
24304: 0.999465
24305: 0.999465
24306: 0.999465
24307: 0.999465
24308: 0.999465
24309: 0.999465
24310: 0.999465
24311: 0.999465
24312: 0.999465
24313: 0.999465
24314: 0.999465
24315: 0.999465
24316: 0.999465
24317: 0.999465
24318: 0.999465
24319: 0.999465
24320: 0.999465
24321: 0.999466
24322: 0.999466
24323: 0.999466
24324: 0.999466
24325: 0.999466
24326: 0.999466
24327: 0.999466
24328: 0.999466
24329: 0.999466
24330: 0.999466
24331: 0.999466
24332: 0.999466
24333: 0.999466
24334: 0.999466
24335: 0.999466
24336: 0.999466
24337: 0.999466
24338: 0.999466
24339: 0.999466
24340: 0.999466
24341: 0.999466
24342: 0.999466
24343: 0.999466
24344: 0.999466
24345: 0.999466
24346: 0.999466
24347: 0.999466
24348: 0.999466
24349: 0.999466
24350: 0.999466
24351: 0.999466
24352: 0.999466
24353: 0.999466
24354: 0.999466
24355: 0.999466
24356: 0.999466
24357: 0.999466
24358: 0.999466
24359: 0.999466
24360: 0.999466
24361: 0.999466
24362: 0.999466
24363: 0.999466
24364: 0.999466
24365: 0.999466
24366: 0.999466
24367: 0.999467
24368: 0.999467
24369: 0.999467
24370: 0.999467
24371: 0.999467
24372: 0.999467
24373: 0.999467
24374: 0.999467
24375: 0.999467
24376: 0.999467
24377: 0.999467
24378: 0.999467
24379: 0.999467
24380: 0.999467
24381: 0.999467
24382: 0.999467
24383: 0.999467
24384: 0.999467
24385: 0.999467
24386: 0.999467
24387: 0.999467
24388: 0.999467
24389: 0.999467
24390: 0.999467
24391: 0.999467
24392: 0.999467
24393: 0.999467
24394: 0.999467
24395: 0.999467
24396: 0.999467
24397: 0.999467
24398: 0.999467
24399: 0.999467
24400: 0.999467
24401: 0.999467
24402: 0.999467
24403: 0.999467
24404: 0.999467
24405: 0.999467
24406: 0.999467
24407: 0.999467
24408: 0.999467
24409: 0.999467
24410: 0.999467
24411: 0.999467
24412: 0.999467
24413: 0.999468
24414: 0.999468
24415: 0.999468
24416: 0.999468
24417: 0.999468
24418: 0.999468
24419: 0.999468
24420: 0.999468
24421: 0.999468
24422: 0.999468
24423: 0.999468
24424: 0.999468
24425: 0.999468
24426: 0.999468
24427: 0.999468
24428: 0.999468
24429: 0.999468
24430: 0.999468
24431: 0.999468
24432: 0.999468
24433: 0.999468
24434: 0.999468
24435: 0.999468
24436: 0.999468
24437: 0.999468
24438: 0.999468
24439: 0.999468
24440: 0.999468
24441: 0.999468
24442: 0.999468
24443: 0.999468
24444: 0.999468
24445: 0.999468
24446: 0.999468
24447: 0.999468
24448: 0.999468
24449: 0.999468
24450: 0.999468
24451: 0.999468
24452: 0.999468
24453: 0.999468
24454: 0.999468
24455: 0.999468
24456: 0.999468
24457: 0.999468
24458: 0.999468
24459: 0.999469
24460: 0.999469
24461: 0.999469
24462: 0.999469
24463: 0.999469
24464: 0.999469
24465: 0.999469
24466: 0.999469
24467: 0.999469
24468: 0.999469
24469: 0.999469
24470: 0.999469
24471: 0.999469
24472: 0.999469
24473: 0.999469
24474: 0.999469
24475: 0.999469
24476: 0.999469
24477: 0.999469
24478: 0.999469
24479: 0.999469
24480: 0.999469
24481: 0.999469
24482: 0.999469
24483: 0.999469
24484: 0.999469
24485: 0.999469
24486: 0.999469
24487: 0.999469
24488: 0.999469
24489: 0.999469
24490: 0.999469
24491: 0.999469
24492: 0.999469
24493: 0.999469
24494: 0.999469
24495: 0.999469
24496: 0.999469
24497: 0.999469
24498: 0.999469
24499: 0.999469
24500: 0.999469
24501: 0.999469
24502: 0.999469
24503: 0.999469
24504: 0.999469
24505: 0.99947
24506: 0.99947
24507: 0.99947
24508: 0.99947
24509: 0.99947
24510: 0.99947
24511: 0.99947
24512: 0.99947
24513: 0.99947
24514: 0.99947
24515: 0.99947
24516: 0.99947
24517: 0.99947
24518: 0.99947
24519: 0.99947
24520: 0.99947
24521: 0.99947
24522: 0.99947
24523: 0.99947
24524: 0.99947
24525: 0.99947
24526: 0.99947
24527: 0.99947
24528: 0.99947
24529: 0.99947
24530: 0.99947
24531: 0.99947
24532: 0.99947
24533: 0.99947
24534: 0.99947
24535: 0.99947
24536: 0.99947
24537: 0.99947
24538: 0.99947
24539: 0.99947
24540: 0.99947
24541: 0.99947
24542: 0.99947
24543: 0.99947
24544: 0.99947
24545: 0.99947
24546: 0.99947
24547: 0.99947
24548: 0.99947
24549: 0.99947
24550: 0.99947
24551: 0.999471
24552: 0.999471
24553: 0.999471
24554: 0.999471
24555: 0.999471
24556: 0.999471
24557: 0.999471
24558: 0.999471
24559: 0.999471
24560: 0.999471
24561: 0.999471
24562: 0.999471
24563: 0.999471
24564: 0.999471
24565: 0.999471
24566: 0.999471
24567: 0.999471
24568: 0.999471
24569: 0.999471
24570: 0.999471
24571: 0.999471
24572: 0.999471
24573: 0.999471
24574: 0.999471
24575: 0.999471
24576: 0.999471
24577: 0.999471
24578: 0.999471
24579: 0.999471
24580: 0.999471
24581: 0.999471
24582: 0.999471
24583: 0.999471
24584: 0.999471
24585: 0.999471
24586: 0.999471
24587: 0.999471
24588: 0.999471
24589: 0.999471
24590: 0.999471
24591: 0.999471
24592: 0.999471
24593: 0.999471
24594: 0.999471
24595: 0.999471
24596: 0.999471
24597: 0.999472
24598: 0.999472
24599: 0.999472
24600: 0.999472
24601: 0.999472
24602: 0.999472
24603: 0.999472
24604: 0.999472
24605: 0.999472
24606: 0.999472
24607: 0.999472
24608: 0.999472
24609: 0.999472
24610: 0.999472
24611: 0.999472
24612: 0.999472
24613: 0.999472
24614: 0.999472
24615: 0.999472
24616: 0.999472
24617: 0.999472
24618: 0.999472
24619: 0.999472
24620: 0.999472
24621: 0.999472
24622: 0.999472
24623: 0.999472
24624: 0.999472
24625: 0.999472
24626: 0.999472
24627: 0.999472
24628: 0.999472
24629: 0.999472
24630: 0.999472
24631: 0.999472
24632: 0.999472
24633: 0.999472
24634: 0.999472
24635: 0.999472
24636: 0.999472
24637: 0.999472
24638: 0.999472
24639: 0.999472
24640: 0.999472
24641: 0.999472
24642: 0.999472
24643: 0.999472
24644: 0.999473
24645: 0.999473
24646: 0.999473
24647: 0.999473
24648: 0.999473
24649: 0.999473
24650: 0.999473
24651: 0.999473
24652: 0.999473
24653: 0.999473
24654: 0.999473
24655: 0.999473
24656: 0.999473
24657: 0.999473
24658: 0.999473
24659: 0.999473
24660: 0.999473
24661: 0.999473
24662: 0.999473
24663: 0.999473
24664: 0.999473
24665: 0.999473
24666: 0.999473
24667: 0.999473
24668: 0.999473
24669: 0.999473
24670: 0.999473
24671: 0.999473
24672: 0.999473
24673: 0.999473
24674: 0.999473
24675: 0.999473
24676: 0.999473
24677: 0.999473
24678: 0.999473
24679: 0.999473
24680: 0.999473
24681: 0.999473
24682: 0.999473
24683: 0.999473
24684: 0.999473
24685: 0.999473
24686: 0.999473
24687: 0.999473
24688: 0.999473
24689: 0.999473
24690: 0.999473
24691: 0.999474
24692: 0.999474
24693: 0.999474
24694: 0.999474
24695: 0.999474
24696: 0.999474
24697: 0.999474
24698: 0.999474
24699: 0.999474
24700: 0.999474
24701: 0.999474
24702: 0.999474
24703: 0.999474
24704: 0.999474
24705: 0.999474
24706: 0.999474
24707: 0.999474
24708: 0.999474
24709: 0.999474
24710: 0.999474
24711: 0.999474
24712: 0.999474
24713: 0.999474
24714: 0.999474
24715: 0.999474
24716: 0.999474
24717: 0.999474
24718: 0.999474
24719: 0.999474
24720: 0.999474
24721: 0.999474
24722: 0.999474
24723: 0.999474
24724: 0.999474
24725: 0.999474
24726: 0.999474
24727: 0.999474
24728: 0.999474
24729: 0.999474
24730: 0.999474
24731: 0.999474
24732: 0.999474
24733: 0.999474
24734: 0.999474
24735: 0.999474
24736: 0.999474
24737: 0.999474
24738: 0.999475
24739: 0.999475
24740: 0.999475
24741: 0.999475
24742: 0.999475
24743: 0.999475
24744: 0.999475
24745: 0.999475
24746: 0.999475
24747: 0.999475
24748: 0.999475
24749: 0.999475
24750: 0.999475
24751: 0.999475
24752: 0.999475
24753: 0.999475
24754: 0.999475
24755: 0.999475
24756: 0.999475
24757: 0.999475
24758: 0.999475
24759: 0.999475
24760: 0.999475
24761: 0.999475
24762: 0.999475
24763: 0.999475
24764: 0.999475
24765: 0.999475
24766: 0.999475
24767: 0.999475
24768: 0.999475
24769: 0.999475
24770: 0.999475
24771: 0.999475
24772: 0.999475
24773: 0.999475
24774: 0.999475
24775: 0.999475
24776: 0.999475
24777: 0.999475
24778: 0.999475
24779: 0.999475
24780: 0.999475
24781: 0.999475
24782: 0.999475
24783: 0.999475
24784: 0.999475
24785: 0.999476
24786: 0.999476
24787: 0.999476
24788: 0.999476
24789: 0.999476
24790: 0.999476
24791: 0.999476
24792: 0.999476
24793: 0.999476
24794: 0.999476
24795: 0.999476
24796: 0.999476
24797: 0.999476
24798: 0.999476
24799: 0.999476
24800: 0.999476
24801: 0.999476
24802: 0.999476
24803: 0.999476
24804: 0.999476
24805: 0.999476
24806: 0.999476
24807: 0.999476
24808: 0.999476
24809: 0.999476
24810: 0.999476
24811: 0.999476
24812: 0.999476
24813: 0.999476
24814: 0.999476
24815: 0.999476
24816: 0.999476
24817: 0.999476
24818: 0.999476
24819: 0.999476
24820: 0.999476
24821: 0.999476
24822: 0.999476
24823: 0.999476
24824: 0.999476
24825: 0.999476
24826: 0.999476
24827: 0.999476
24828: 0.999476
24829: 0.999476
24830: 0.999476
24831: 0.999476
24832: 0.999477
24833: 0.999477
24834: 0.999477
24835: 0.999477
24836: 0.999477
24837: 0.999477
24838: 0.999477
24839: 0.999477
24840: 0.999477
24841: 0.999477
24842: 0.999477
24843: 0.999477
24844: 0.999477
24845: 0.999477
24846: 0.999477
24847: 0.999477
24848: 0.999477
24849: 0.999477
24850: 0.999477
24851: 0.999477
24852: 0.999477
24853: 0.999477
24854: 0.999477
24855: 0.999477
24856: 0.999477
24857: 0.999477
24858: 0.999477
24859: 0.999477
24860: 0.999477
24861: 0.999477
24862: 0.999477
24863: 0.999477
24864: 0.999477
24865: 0.999477
24866: 0.999477
24867: 0.999477
24868: 0.999477
24869: 0.999477
24870: 0.999477
24871: 0.999477
24872: 0.999477
24873: 0.999477
24874: 0.999477
24875: 0.999477
24876: 0.999477
24877: 0.999477
24878: 0.999477
24879: 0.999477
24880: 0.999478
24881: 0.999478
24882: 0.999478
24883: 0.999478
24884: 0.999478
24885: 0.999478
24886: 0.999478
24887: 0.999478
24888: 0.999478
24889: 0.999478
24890: 0.999478
24891: 0.999478
24892: 0.999478
24893: 0.999478
24894: 0.999478
24895: 0.999478
24896: 0.999478
24897: 0.999478
24898: 0.999478
24899: 0.999478
24900: 0.999478
24901: 0.999478
24902: 0.999478
24903: 0.999478
24904: 0.999478
24905: 0.999478
24906: 0.999478
24907: 0.999478
24908: 0.999478
24909: 0.999478
24910: 0.999478
24911: 0.999478
24912: 0.999478
24913: 0.999478
24914: 0.999478
24915: 0.999478
24916: 0.999478
24917: 0.999478
24918: 0.999478
24919: 0.999478
24920: 0.999478
24921: 0.999478
24922: 0.999478
24923: 0.999478
24924: 0.999478
24925: 0.999478
24926: 0.999478
24927: 0.999478
24928: 0.999479
24929: 0.999479
24930: 0.999479
24931: 0.999479
24932: 0.999479
24933: 0.999479
24934: 0.999479
24935: 0.999479
24936: 0.999479
24937: 0.999479
24938: 0.999479
24939: 0.999479
24940: 0.999479
24941: 0.999479
24942: 0.999479
24943: 0.999479
24944: 0.999479
24945: 0.999479
24946: 0.999479
24947: 0.999479
24948: 0.999479
24949: 0.999479
24950: 0.999479
24951: 0.999479
24952: 0.999479
24953: 0.999479
24954: 0.999479
24955: 0.999479
24956: 0.999479
24957: 0.999479
24958: 0.999479
24959: 0.999479
24960: 0.999479
24961: 0.999479
24962: 0.999479
24963: 0.999479
24964: 0.999479
24965: 0.999479
24966: 0.999479
24967: 0.999479
24968: 0.999479
24969: 0.999479
24970: 0.999479
24971: 0.999479
24972: 0.999479
24973: 0.999479
24974: 0.999479
24975: 0.99948
24976: 0.99948
24977: 0.99948
24978: 0.99948
24979: 0.99948
24980: 0.99948
24981: 0.99948
24982: 0.99948
24983: 0.99948
24984: 0.99948
24985: 0.99948
24986: 0.99948
24987: 0.99948
24988: 0.99948
24989: 0.99948
24990: 0.99948
24991: 0.99948
24992: 0.99948
24993: 0.99948
24994: 0.99948
24995: 0.99948
24996: 0.99948
24997: 0.99948
24998: 0.99948
24999: 0.99948
25000: 0.99948
25001: 0.99948
25002: 0.99948
25003: 0.99948
25004: 0.99948
25005: 0.99948
25006: 0.99948
25007: 0.99948
25008: 0.99948
25009: 0.99948
25010: 0.99948
25011: 0.99948
25012: 0.99948
25013: 0.99948
25014: 0.99948
25015: 0.99948
25016: 0.99948
25017: 0.99948
25018: 0.99948
25019: 0.99948
25020: 0.99948
25021: 0.99948
25022: 0.99948
25023: 0.99948
25024: 0.999481
25025: 0.999481
25026: 0.999481
25027: 0.999481
25028: 0.999481
25029: 0.999481
25030: 0.999481
25031: 0.999481
25032: 0.999481
25033: 0.999481
25034: 0.999481
25035: 0.999481
25036: 0.999481
25037: 0.999481
25038: 0.999481
25039: 0.999481
25040: 0.999481
25041: 0.999481
25042: 0.999481
25043: 0.999481
25044: 0.999481
25045: 0.999481
25046: 0.999481
25047: 0.999481
25048: 0.999481
25049: 0.999481
25050: 0.999481
25051: 0.999481
25052: 0.999481
25053: 0.999481
25054: 0.999481
25055: 0.999481
25056: 0.999481
25057: 0.999481
25058: 0.999481
25059: 0.999481
25060: 0.999481
25061: 0.999481
25062: 0.999481
25063: 0.999481
25064: 0.999481
25065: 0.999481
25066: 0.999481
25067: 0.999481
25068: 0.999481
25069: 0.999481
25070: 0.999481
25071: 0.999481
25072: 0.999482
25073: 0.999482
25074: 0.999482
25075: 0.999482
25076: 0.999482
25077: 0.999482
25078: 0.999482
25079: 0.999482
25080: 0.999482
25081: 0.999482
25082: 0.999482
25083: 0.999482
25084: 0.999482
25085: 0.999482
25086: 0.999482
25087: 0.999482
25088: 0.999482
25089: 0.999482
25090: 0.999482
25091: 0.999482
25092: 0.999482
25093: 0.999482
25094: 0.999482
25095: 0.999482
25096: 0.999482
25097: 0.999482
25098: 0.999482
25099: 0.999482
25100: 0.999482
25101: 0.999482
25102: 0.999482
25103: 0.999482
25104: 0.999482
25105: 0.999482
25106: 0.999482
25107: 0.999482
25108: 0.999482
25109: 0.999482
25110: 0.999482
25111: 0.999482
25112: 0.999482
25113: 0.999482
25114: 0.999482
25115: 0.999482
25116: 0.999482
25117: 0.999482
25118: 0.999482
25119: 0.999482
25120: 0.999483
25121: 0.999483
25122: 0.999483
25123: 0.999483
25124: 0.999483
25125: 0.999483
25126: 0.999483
25127: 0.999483
25128: 0.999483
25129: 0.999483
25130: 0.999483
25131: 0.999483
25132: 0.999483
25133: 0.999483
25134: 0.999483
25135: 0.999483
25136: 0.999483
25137: 0.999483
25138: 0.999483
25139: 0.999483
25140: 0.999483
25141: 0.999483
25142: 0.999483
25143: 0.999483
25144: 0.999483
25145: 0.999483
25146: 0.999483
25147: 0.999483
25148: 0.999483
25149: 0.999483
25150: 0.999483
25151: 0.999483
25152: 0.999483
25153: 0.999483
25154: 0.999483
25155: 0.999483
25156: 0.999483
25157: 0.999483
25158: 0.999483
25159: 0.999483
25160: 0.999483
25161: 0.999483
25162: 0.999483
25163: 0.999483
25164: 0.999483
25165: 0.999483
25166: 0.999483
25167: 0.999483
25168: 0.999483
25169: 0.999484
25170: 0.999484
25171: 0.999484
25172: 0.999484
25173: 0.999484
25174: 0.999484
25175: 0.999484
25176: 0.999484
25177: 0.999484
25178: 0.999484
25179: 0.999484
25180: 0.999484
25181: 0.999484
25182: 0.999484
25183: 0.999484
25184: 0.999484
25185: 0.999484
25186: 0.999484
25187: 0.999484
25188: 0.999484
25189: 0.999484
25190: 0.999484
25191: 0.999484
25192: 0.999484
25193: 0.999484
25194: 0.999484
25195: 0.999484
25196: 0.999484
25197: 0.999484
25198: 0.999484
25199: 0.999484
25200: 0.999484
25201: 0.999484
25202: 0.999484
25203: 0.999484
25204: 0.999484
25205: 0.999484
25206: 0.999484
25207: 0.999484
25208: 0.999484
25209: 0.999484
25210: 0.999484
25211: 0.999484
25212: 0.999484
25213: 0.999484
25214: 0.999484
25215: 0.999484
25216: 0.999484
25217: 0.999484
25218: 0.999485
25219: 0.999485
25220: 0.999485
25221: 0.999485
25222: 0.999485
25223: 0.999485
25224: 0.999485
25225: 0.999485
25226: 0.999485
25227: 0.999485
25228: 0.999485
25229: 0.999485
25230: 0.999485
25231: 0.999485
25232: 0.999485
25233: 0.999485
25234: 0.999485
25235: 0.999485
25236: 0.999485
25237: 0.999485
25238: 0.999485
25239: 0.999485
25240: 0.999485
25241: 0.999485
25242: 0.999485
25243: 0.999485
25244: 0.999485
25245: 0.999485
25246: 0.999485
25247: 0.999485
25248: 0.999485
25249: 0.999485
25250: 0.999485
25251: 0.999485
25252: 0.999485
25253: 0.999485
25254: 0.999485
25255: 0.999485
25256: 0.999485
25257: 0.999485
25258: 0.999485
25259: 0.999485
25260: 0.999485
25261: 0.999485
25262: 0.999485
25263: 0.999485
25264: 0.999485
25265: 0.999485
25266: 0.999485
25267: 0.999486
25268: 0.999486
25269: 0.999486
25270: 0.999486
25271: 0.999486
25272: 0.999486
25273: 0.999486
25274: 0.999486
25275: 0.999486
25276: 0.999486
25277: 0.999486
25278: 0.999486
25279: 0.999486
25280: 0.999486
25281: 0.999486
25282: 0.999486
25283: 0.999486
25284: 0.999486
25285: 0.999486
25286: 0.999486
25287: 0.999486
25288: 0.999486
25289: 0.999486
25290: 0.999486
25291: 0.999486
25292: 0.999486
25293: 0.999486
25294: 0.999486
25295: 0.999486
25296: 0.999486
25297: 0.999486
25298: 0.999486
25299: 0.999486
25300: 0.999486
25301: 0.999486
25302: 0.999486
25303: 0.999486
25304: 0.999486
25305: 0.999486
25306: 0.999486
25307: 0.999486
25308: 0.999486
25309: 0.999486
25310: 0.999486
25311: 0.999486
25312: 0.999486
25313: 0.999486
25314: 0.999486
25315: 0.999486
25316: 0.999487
25317: 0.999487
25318: 0.999487
25319: 0.999487
25320: 0.999487
25321: 0.999487
25322: 0.999487
25323: 0.999487
25324: 0.999487
25325: 0.999487
25326: 0.999487
25327: 0.999487
25328: 0.999487
25329: 0.999487
25330: 0.999487
25331: 0.999487
25332: 0.999487
25333: 0.999487
25334: 0.999487
25335: 0.999487
25336: 0.999487
25337: 0.999487
25338: 0.999487
25339: 0.999487
25340: 0.999487
25341: 0.999487
25342: 0.999487
25343: 0.999487
25344: 0.999487
25345: 0.999487
25346: 0.999487
25347: 0.999487
25348: 0.999487
25349: 0.999487
25350: 0.999487
25351: 0.999487
25352: 0.999487
25353: 0.999487
25354: 0.999487
25355: 0.999487
25356: 0.999487
25357: 0.999487
25358: 0.999487
25359: 0.999487
25360: 0.999487
25361: 0.999487
25362: 0.999487
25363: 0.999487
25364: 0.999487
25365: 0.999488
25366: 0.999488
25367: 0.999488
25368: 0.999488
25369: 0.999488
25370: 0.999488
25371: 0.999488
25372: 0.999488
25373: 0.999488
25374: 0.999488
25375: 0.999488
25376: 0.999488
25377: 0.999488
25378: 0.999488
25379: 0.999488
25380: 0.999488
25381: 0.999488
25382: 0.999488
25383: 0.999488
25384: 0.999488
25385: 0.999488
25386: 0.999488
25387: 0.999488
25388: 0.999488
25389: 0.999488
25390: 0.999488
25391: 0.999488
25392: 0.999488
25393: 0.999488
25394: 0.999488
25395: 0.999488
25396: 0.999488
25397: 0.999488
25398: 0.999488
25399: 0.999488
25400: 0.999488
25401: 0.999488
25402: 0.999488
25403: 0.999488
25404: 0.999488
25405: 0.999488
25406: 0.999488
25407: 0.999488
25408: 0.999488
25409: 0.999488
25410: 0.999488
25411: 0.999488
25412: 0.999488
25413: 0.999488
25414: 0.999488
25415: 0.999489
25416: 0.999489
25417: 0.999489
25418: 0.999489
25419: 0.999489
25420: 0.999489
25421: 0.999489
25422: 0.999489
25423: 0.999489
25424: 0.999489
25425: 0.999489
25426: 0.999489
25427: 0.999489
25428: 0.999489
25429: 0.999489
25430: 0.999489
25431: 0.999489
25432: 0.999489
25433: 0.999489
25434: 0.999489
25435: 0.999489
25436: 0.999489
25437: 0.999489
25438: 0.999489
25439: 0.999489
25440: 0.999489
25441: 0.999489
25442: 0.999489
25443: 0.999489
25444: 0.999489
25445: 0.999489
25446: 0.999489
25447: 0.999489
25448: 0.999489
25449: 0.999489
25450: 0.999489
25451: 0.999489
25452: 0.999489
25453: 0.999489
25454: 0.999489
25455: 0.999489
25456: 0.999489
25457: 0.999489
25458: 0.999489
25459: 0.999489
25460: 0.999489
25461: 0.999489
25462: 0.999489
25463: 0.999489
25464: 0.999489
25465: 0.99949
25466: 0.99949
25467: 0.99949
25468: 0.99949
25469: 0.99949
25470: 0.99949
25471: 0.99949
25472: 0.99949
25473: 0.99949
25474: 0.99949
25475: 0.99949
25476: 0.99949
25477: 0.99949
25478: 0.99949
25479: 0.99949
25480: 0.99949
25481: 0.99949
25482: 0.99949
25483: 0.99949
25484: 0.99949
25485: 0.99949
25486: 0.99949
25487: 0.99949
25488: 0.99949
25489: 0.99949
25490: 0.99949
25491: 0.99949
25492: 0.99949
25493: 0.99949
25494: 0.99949
25495: 0.99949
25496: 0.99949
25497: 0.99949
25498: 0.99949
25499: 0.99949
25500: 0.99949
25501: 0.99949
25502: 0.99949
25503: 0.99949
25504: 0.99949
25505: 0.99949
25506: 0.99949
25507: 0.99949
25508: 0.99949
25509: 0.99949
25510: 0.99949
25511: 0.99949
25512: 0.99949
25513: 0.99949
25514: 0.99949
25515: 0.999491
25516: 0.999491
25517: 0.999491
25518: 0.999491
25519: 0.999491
25520: 0.999491
25521: 0.999491
25522: 0.999491
25523: 0.999491
25524: 0.999491
25525: 0.999491
25526: 0.999491
25527: 0.999491
25528: 0.999491
25529: 0.999491
25530: 0.999491
25531: 0.999491
25532: 0.999491
25533: 0.999491
25534: 0.999491
25535: 0.999491
25536: 0.999491
25537: 0.999491
25538: 0.999491
25539: 0.999491
25540: 0.999491
25541: 0.999491
25542: 0.999491
25543: 0.999491
25544: 0.999491
25545: 0.999491
25546: 0.999491
25547: 0.999491
25548: 0.999491
25549: 0.999491
25550: 0.999491
25551: 0.999491
25552: 0.999491
25553: 0.999491
25554: 0.999491
25555: 0.999491
25556: 0.999491
25557: 0.999491
25558: 0.999491
25559: 0.999491
25560: 0.999491
25561: 0.999491
25562: 0.999491
25563: 0.999491
25564: 0.999491
25565: 0.999492
25566: 0.999492
25567: 0.999492
25568: 0.999492
25569: 0.999492
25570: 0.999492
25571: 0.999492
25572: 0.999492
25573: 0.999492
25574: 0.999492
25575: 0.999492
25576: 0.999492
25577: 0.999492
25578: 0.999492
25579: 0.999492
25580: 0.999492
25581: 0.999492
25582: 0.999492
25583: 0.999492
25584: 0.999492
25585: 0.999492
25586: 0.999492
25587: 0.999492
25588: 0.999492
25589: 0.999492
25590: 0.999492
25591: 0.999492
25592: 0.999492
25593: 0.999492
25594: 0.999492
25595: 0.999492
25596: 0.999492
25597: 0.999492
25598: 0.999492
25599: 0.999492
25600: 0.999492
25601: 0.999492
25602: 0.999492
25603: 0.999492
25604: 0.999492
25605: 0.999492
25606: 0.999492
25607: 0.999492
25608: 0.999492
25609: 0.999492
25610: 0.999492
25611: 0.999492
25612: 0.999492
25613: 0.999492
25614: 0.999492
25615: 0.999493
25616: 0.999493
25617: 0.999493
25618: 0.999493
25619: 0.999493
25620: 0.999493
25621: 0.999493
25622: 0.999493
25623: 0.999493
25624: 0.999493
25625: 0.999493
25626: 0.999493
25627: 0.999493
25628: 0.999493
25629: 0.999493
25630: 0.999493
25631: 0.999493
25632: 0.999493
25633: 0.999493
25634: 0.999493
25635: 0.999493
25636: 0.999493
25637: 0.999493
25638: 0.999493
25639: 0.999493
25640: 0.999493
25641: 0.999493
25642: 0.999493
25643: 0.999493
25644: 0.999493
25645: 0.999493
25646: 0.999493
25647: 0.999493
25648: 0.999493
25649: 0.999493
25650: 0.999493
25651: 0.999493
25652: 0.999493
25653: 0.999493
25654: 0.999493
25655: 0.999493
25656: 0.999493
25657: 0.999493
25658: 0.999493
25659: 0.999493
25660: 0.999493
25661: 0.999493
25662: 0.999493
25663: 0.999493
25664: 0.999493
25665: 0.999493
25666: 0.999494
25667: 0.999494
25668: 0.999494
25669: 0.999494
25670: 0.999494
25671: 0.999494
25672: 0.999494
25673: 0.999494
25674: 0.999494
25675: 0.999494
25676: 0.999494
25677: 0.999494
25678: 0.999494
25679: 0.999494
25680: 0.999494
25681: 0.999494
25682: 0.999494
25683: 0.999494
25684: 0.999494
25685: 0.999494
25686: 0.999494
25687: 0.999494
25688: 0.999494
25689: 0.999494
25690: 0.999494
25691: 0.999494
25692: 0.999494
25693: 0.999494
25694: 0.999494
25695: 0.999494
25696: 0.999494
25697: 0.999494
25698: 0.999494
25699: 0.999494
25700: 0.999494
25701: 0.999494
25702: 0.999494
25703: 0.999494
25704: 0.999494
25705: 0.999494
25706: 0.999494
25707: 0.999494
25708: 0.999494
25709: 0.999494
25710: 0.999494
25711: 0.999494
25712: 0.999494
25713: 0.999494
25714: 0.999494
25715: 0.999494
25716: 0.999494
25717: 0.999495
25718: 0.999495
25719: 0.999495
25720: 0.999495
25721: 0.999495
25722: 0.999495
25723: 0.999495
25724: 0.999495
25725: 0.999495
25726: 0.999495
25727: 0.999495
25728: 0.999495
25729: 0.999495
25730: 0.999495
25731: 0.999495
25732: 0.999495
25733: 0.999495
25734: 0.999495
25735: 0.999495
25736: 0.999495
25737: 0.999495
25738: 0.999495
25739: 0.999495
25740: 0.999495
25741: 0.999495
25742: 0.999495
25743: 0.999495
25744: 0.999495
25745: 0.999495
25746: 0.999495
25747: 0.999495
25748: 0.999495
25749: 0.999495
25750: 0.999495
25751: 0.999495
25752: 0.999495
25753: 0.999495
25754: 0.999495
25755: 0.999495
25756: 0.999495
25757: 0.999495
25758: 0.999495
25759: 0.999495
25760: 0.999495
25761: 0.999495
25762: 0.999495
25763: 0.999495
25764: 0.999495
25765: 0.999495
25766: 0.999495
25767: 0.999495
25768: 0.999496
25769: 0.999496
25770: 0.999496
25771: 0.999496
25772: 0.999496
25773: 0.999496
25774: 0.999496
25775: 0.999496
25776: 0.999496
25777: 0.999496
25778: 0.999496
25779: 0.999496
25780: 0.999496
25781: 0.999496
25782: 0.999496
25783: 0.999496
25784: 0.999496
25785: 0.999496
25786: 0.999496
25787: 0.999496
25788: 0.999496
25789: 0.999496
25790: 0.999496
25791: 0.999496
25792: 0.999496
25793: 0.999496
25794: 0.999496
25795: 0.999496
25796: 0.999496
25797: 0.999496
25798: 0.999496
25799: 0.999496
25800: 0.999496
25801: 0.999496
25802: 0.999496
25803: 0.999496
25804: 0.999496
25805: 0.999496
25806: 0.999496
25807: 0.999496
25808: 0.999496
25809: 0.999496
25810: 0.999496
25811: 0.999496
25812: 0.999496
25813: 0.999496
25814: 0.999496
25815: 0.999496
25816: 0.999496
25817: 0.999496
25818: 0.999496
25819: 0.999497
25820: 0.999497
25821: 0.999497
25822: 0.999497
25823: 0.999497
25824: 0.999497
25825: 0.999497
25826: 0.999497
25827: 0.999497
25828: 0.999497
25829: 0.999497
25830: 0.999497
25831: 0.999497
25832: 0.999497
25833: 0.999497
25834: 0.999497
25835: 0.999497
25836: 0.999497
25837: 0.999497
25838: 0.999497
25839: 0.999497
25840: 0.999497
25841: 0.999497
25842: 0.999497
25843: 0.999497
25844: 0.999497
25845: 0.999497
25846: 0.999497
25847: 0.999497
25848: 0.999497
25849: 0.999497
25850: 0.999497
25851: 0.999497
25852: 0.999497
25853: 0.999497
25854: 0.999497
25855: 0.999497
25856: 0.999497
25857: 0.999497
25858: 0.999497
25859: 0.999497
25860: 0.999497
25861: 0.999497
25862: 0.999497
25863: 0.999497
25864: 0.999497
25865: 0.999497
25866: 0.999497
25867: 0.999497
25868: 0.999497
25869: 0.999497
25870: 0.999498
25871: 0.999498
25872: 0.999498
25873: 0.999498
25874: 0.999498
25875: 0.999498
25876: 0.999498
25877: 0.999498
25878: 0.999498
25879: 0.999498
25880: 0.999498
25881: 0.999498
25882: 0.999498
25883: 0.999498
25884: 0.999498
25885: 0.999498
25886: 0.999498
25887: 0.999498
25888: 0.999498
25889: 0.999498
25890: 0.999498
25891: 0.999498
25892: 0.999498
25893: 0.999498
25894: 0.999498
25895: 0.999498
25896: 0.999498
25897: 0.999498
25898: 0.999498
25899: 0.999498
25900: 0.999498
25901: 0.999498
25902: 0.999498
25903: 0.999498
25904: 0.999498
25905: 0.999498
25906: 0.999498
25907: 0.999498
25908: 0.999498
25909: 0.999498
25910: 0.999498
25911: 0.999498
25912: 0.999498
25913: 0.999498
25914: 0.999498
25915: 0.999498
25916: 0.999498
25917: 0.999498
25918: 0.999498
25919: 0.999498
25920: 0.999498
25921: 0.999498
25922: 0.999499
25923: 0.999499
25924: 0.999499
25925: 0.999499
25926: 0.999499
25927: 0.999499
25928: 0.999499
25929: 0.999499
25930: 0.999499
25931: 0.999499
25932: 0.999499
25933: 0.999499
25934: 0.999499
25935: 0.999499
25936: 0.999499
25937: 0.999499
25938: 0.999499
25939: 0.999499
25940: 0.999499
25941: 0.999499
25942: 0.999499
25943: 0.999499
25944: 0.999499
25945: 0.999499
25946: 0.999499
25947: 0.999499
25948: 0.999499
25949: 0.999499
25950: 0.999499
25951: 0.999499
25952: 0.999499
25953: 0.999499
25954: 0.999499
25955: 0.999499
25956: 0.999499
25957: 0.999499
25958: 0.999499
25959: 0.999499
25960: 0.999499
25961: 0.999499
25962: 0.999499
25963: 0.999499
25964: 0.999499
25965: 0.999499
25966: 0.999499
25967: 0.999499
25968: 0.999499
25969: 0.999499
25970: 0.999499
25971: 0.999499
25972: 0.999499
25973: 0.999499
25974: 0.9995
25975: 0.9995
25976: 0.9995
25977: 0.9995
25978: 0.9995
25979: 0.9995
25980: 0.9995
25981: 0.9995
25982: 0.9995
25983: 0.9995
25984: 0.9995
25985: 0.9995
25986: 0.9995
25987: 0.9995
25988: 0.9995
25989: 0.9995
25990: 0.9995
25991: 0.9995
25992: 0.9995
25993: 0.9995
25994: 0.9995
25995: 0.9995
25996: 0.9995
25997: 0.9995
25998: 0.9995
25999: 0.9995
26000: 0.9995
26001: 0.9995
26002: 0.9995
26003: 0.9995
26004: 0.9995
26005: 0.9995
26006: 0.9995
26007: 0.9995
26008: 0.9995
26009: 0.9995
26010: 0.9995
26011: 0.9995
26012: 0.9995
26013: 0.9995
26014: 0.9995
26015: 0.9995
26016: 0.9995
26017: 0.9995
26018: 0.9995
26019: 0.9995
26020: 0.9995
26021: 0.9995
26022: 0.9995
26023: 0.9995
26024: 0.9995
26025: 0.9995
26026: 0.999501
26027: 0.999501
26028: 0.999501
26029: 0.999501
26030: 0.999501
26031: 0.999501
26032: 0.999501
26033: 0.999501
26034: 0.999501
26035: 0.999501
26036: 0.999501
26037: 0.999501
26038: 0.999501
26039: 0.999501
26040: 0.999501
26041: 0.999501
26042: 0.999501
26043: 0.999501
26044: 0.999501
26045: 0.999501
26046: 0.999501
26047: 0.999501
26048: 0.999501
26049: 0.999501
26050: 0.999501
26051: 0.999501
26052: 0.999501
26053: 0.999501
26054: 0.999501
26055: 0.999501
26056: 0.999501
26057: 0.999501
26058: 0.999501
26059: 0.999501
26060: 0.999501
26061: 0.999501
26062: 0.999501
26063: 0.999501
26064: 0.999501
26065: 0.999501
26066: 0.999501
26067: 0.999501
26068: 0.999501
26069: 0.999501
26070: 0.999501
26071: 0.999501
26072: 0.999501
26073: 0.999501
26074: 0.999501
26075: 0.999501
26076: 0.999501
26077: 0.999501
26078: 0.999502
26079: 0.999502
26080: 0.999502
26081: 0.999502
26082: 0.999502
26083: 0.999502
26084: 0.999502
26085: 0.999502
26086: 0.999502
26087: 0.999502
26088: 0.999502
26089: 0.999502
26090: 0.999502
26091: 0.999502
26092: 0.999502
26093: 0.999502
26094: 0.999502
26095: 0.999502
26096: 0.999502
26097: 0.999502
26098: 0.999502
26099: 0.999502
26100: 0.999502
26101: 0.999502
26102: 0.999502
26103: 0.999502
26104: 0.999502
26105: 0.999502
26106: 0.999502
26107: 0.999502
26108: 0.999502
26109: 0.999502
26110: 0.999502
26111: 0.999502
26112: 0.999502
26113: 0.999502
26114: 0.999502
26115: 0.999502
26116: 0.999502
26117: 0.999502
26118: 0.999502
26119: 0.999502
26120: 0.999502
26121: 0.999502
26122: 0.999502
26123: 0.999502
26124: 0.999502
26125: 0.999502
26126: 0.999502
26127: 0.999502
26128: 0.999502
26129: 0.999502
26130: 0.999503
26131: 0.999503
26132: 0.999503
26133: 0.999503
26134: 0.999503
26135: 0.999503
26136: 0.999503
26137: 0.999503
26138: 0.999503
26139: 0.999503
26140: 0.999503
26141: 0.999503
26142: 0.999503
26143: 0.999503
26144: 0.999503
26145: 0.999503
26146: 0.999503
26147: 0.999503
26148: 0.999503
26149: 0.999503
26150: 0.999503
26151: 0.999503
26152: 0.999503
26153: 0.999503
26154: 0.999503
26155: 0.999503
26156: 0.999503
26157: 0.999503
26158: 0.999503
26159: 0.999503
26160: 0.999503
26161: 0.999503
26162: 0.999503
26163: 0.999503
26164: 0.999503
26165: 0.999503
26166: 0.999503
26167: 0.999503
26168: 0.999503
26169: 0.999503
26170: 0.999503
26171: 0.999503
26172: 0.999503
26173: 0.999503
26174: 0.999503
26175: 0.999503
26176: 0.999503
26177: 0.999503
26178: 0.999503
26179: 0.999503
26180: 0.999503
26181: 0.999503
26182: 0.999503
26183: 0.999504
26184: 0.999504
26185: 0.999504
26186: 0.999504
26187: 0.999504
26188: 0.999504
26189: 0.999504
26190: 0.999504
26191: 0.999504
26192: 0.999504
26193: 0.999504
26194: 0.999504
26195: 0.999504
26196: 0.999504
26197: 0.999504
26198: 0.999504
26199: 0.999504
26200: 0.999504
26201: 0.999504
26202: 0.999504
26203: 0.999504
26204: 0.999504
26205: 0.999504
26206: 0.999504
26207: 0.999504
26208: 0.999504
26209: 0.999504
26210: 0.999504
26211: 0.999504
26212: 0.999504
26213: 0.999504
26214: 0.999504
26215: 0.999504
26216: 0.999504
26217: 0.999504
26218: 0.999504
26219: 0.999504
26220: 0.999504
26221: 0.999504
26222: 0.999504
26223: 0.999504
26224: 0.999504
26225: 0.999504
26226: 0.999504
26227: 0.999504
26228: 0.999504
26229: 0.999504
26230: 0.999504
26231: 0.999504
26232: 0.999504
26233: 0.999504
26234: 0.999504
26235: 0.999504
26236: 0.999505
26237: 0.999505
26238: 0.999505
26239: 0.999505
26240: 0.999505
26241: 0.999505
26242: 0.999505
26243: 0.999505
26244: 0.999505
26245: 0.999505
26246: 0.999505
26247: 0.999505
26248: 0.999505
26249: 0.999505
26250: 0.999505
26251: 0.999505
26252: 0.999505
26253: 0.999505
26254: 0.999505
26255: 0.999505
26256: 0.999505
26257: 0.999505
26258: 0.999505
26259: 0.999505
26260: 0.999505
26261: 0.999505
26262: 0.999505
26263: 0.999505
26264: 0.999505
26265: 0.999505
26266: 0.999505
26267: 0.999505
26268: 0.999505
26269: 0.999505
26270: 0.999505
26271: 0.999505
26272: 0.999505
26273: 0.999505
26274: 0.999505
26275: 0.999505
26276: 0.999505
26277: 0.999505
26278: 0.999505
26279: 0.999505
26280: 0.999505
26281: 0.999505
26282: 0.999505
26283: 0.999505
26284: 0.999505
26285: 0.999505
26286: 0.999505
26287: 0.999505
26288: 0.999505
26289: 0.999506
26290: 0.999506
26291: 0.999506
26292: 0.999506
26293: 0.999506
26294: 0.999506
26295: 0.999506
26296: 0.999506
26297: 0.999506
26298: 0.999506
26299: 0.999506
26300: 0.999506
26301: 0.999506
26302: 0.999506
26303: 0.999506
26304: 0.999506
26305: 0.999506
26306: 0.999506
26307: 0.999506
26308: 0.999506
26309: 0.999506
26310: 0.999506
26311: 0.999506
26312: 0.999506
26313: 0.999506
26314: 0.999506
26315: 0.999506
26316: 0.999506
26317: 0.999506
26318: 0.999506
26319: 0.999506
26320: 0.999506
26321: 0.999506
26322: 0.999506
26323: 0.999506
26324: 0.999506
26325: 0.999506
26326: 0.999506
26327: 0.999506
26328: 0.999506
26329: 0.999506
26330: 0.999506
26331: 0.999506
26332: 0.999506
26333: 0.999506
26334: 0.999506
26335: 0.999506
26336: 0.999506
26337: 0.999506
26338: 0.999506
26339: 0.999506
26340: 0.999506
26341: 0.999506
26342: 0.999507
26343: 0.999507
26344: 0.999507
26345: 0.999507
26346: 0.999507
26347: 0.999507
26348: 0.999507
26349: 0.999507
26350: 0.999507
26351: 0.999507
26352: 0.999507
26353: 0.999507
26354: 0.999507
26355: 0.999507
26356: 0.999507
26357: 0.999507
26358: 0.999507
26359: 0.999507
26360: 0.999507
26361: 0.999507
26362: 0.999507
26363: 0.999507
26364: 0.999507
26365: 0.999507
26366: 0.999507
26367: 0.999507
26368: 0.999507
26369: 0.999507
26370: 0.999507
26371: 0.999507
26372: 0.999507
26373: 0.999507
26374: 0.999507
26375: 0.999507
26376: 0.999507
26377: 0.999507
26378: 0.999507
26379: 0.999507
26380: 0.999507
26381: 0.999507
26382: 0.999507
26383: 0.999507
26384: 0.999507
26385: 0.999507
26386: 0.999507
26387: 0.999507
26388: 0.999507
26389: 0.999507
26390: 0.999507
26391: 0.999507
26392: 0.999507
26393: 0.999507
26394: 0.999507
26395: 0.999508
26396: 0.999508
26397: 0.999508
26398: 0.999508
26399: 0.999508
26400: 0.999508
26401: 0.999508
26402: 0.999508
26403: 0.999508
26404: 0.999508
26405: 0.999508
26406: 0.999508
26407: 0.999508
26408: 0.999508
26409: 0.999508
26410: 0.999508
26411: 0.999508
26412: 0.999508
26413: 0.999508
26414: 0.999508
26415: 0.999508
26416: 0.999508
26417: 0.999508
26418: 0.999508
26419: 0.999508
26420: 0.999508
26421: 0.999508
26422: 0.999508
26423: 0.999508
26424: 0.999508
26425: 0.999508
26426: 0.999508
26427: 0.999508
26428: 0.999508
26429: 0.999508
26430: 0.999508
26431: 0.999508
26432: 0.999508
26433: 0.999508
26434: 0.999508
26435: 0.999508
26436: 0.999508
26437: 0.999508
26438: 0.999508
26439: 0.999508
26440: 0.999508
26441: 0.999508
26442: 0.999508
26443: 0.999508
26444: 0.999508
26445: 0.999508
26446: 0.999508
26447: 0.999508
26448: 0.999508
26449: 0.999509
26450: 0.999509
26451: 0.999509
26452: 0.999509
26453: 0.999509
26454: 0.999509
26455: 0.999509
26456: 0.999509
26457: 0.999509
26458: 0.999509
26459: 0.999509
26460: 0.999509
26461: 0.999509
26462: 0.999509
26463: 0.999509
26464: 0.999509
26465: 0.999509
26466: 0.999509
26467: 0.999509
26468: 0.999509
26469: 0.999509
26470: 0.999509
26471: 0.999509
26472: 0.999509
26473: 0.999509
26474: 0.999509
26475: 0.999509
26476: 0.999509
26477: 0.999509
26478: 0.999509
26479: 0.999509
26480: 0.999509
26481: 0.999509
26482: 0.999509
26483: 0.999509
26484: 0.999509
26485: 0.999509
26486: 0.999509
26487: 0.999509
26488: 0.999509
26489: 0.999509
26490: 0.999509
26491: 0.999509
26492: 0.999509
26493: 0.999509
26494: 0.999509
26495: 0.999509
26496: 0.999509
26497: 0.999509
26498: 0.999509
26499: 0.999509
26500: 0.999509
26501: 0.999509
26502: 0.999509
26503: 0.99951
26504: 0.99951
26505: 0.99951
26506: 0.99951
26507: 0.99951
26508: 0.99951
26509: 0.99951
26510: 0.99951
26511: 0.99951
26512: 0.99951
26513: 0.99951
26514: 0.99951
26515: 0.99951
26516: 0.99951
26517: 0.99951
26518: 0.99951
26519: 0.99951
26520: 0.99951
26521: 0.99951
26522: 0.99951
26523: 0.99951
26524: 0.99951
26525: 0.99951
26526: 0.99951
26527: 0.99951
26528: 0.99951
26529: 0.99951
26530: 0.99951
26531: 0.99951
26532: 0.99951
26533: 0.99951
26534: 0.99951
26535: 0.99951
26536: 0.99951
26537: 0.99951
26538: 0.99951
26539: 0.99951
26540: 0.99951
26541: 0.99951
26542: 0.99951
26543: 0.99951
26544: 0.99951
26545: 0.99951
26546: 0.99951
26547: 0.99951
26548: 0.99951
26549: 0.99951
26550: 0.99951
26551: 0.99951
26552: 0.99951
26553: 0.99951
26554: 0.99951
26555: 0.99951
26556: 0.99951
26557: 0.999511
26558: 0.999511
26559: 0.999511
26560: 0.999511
26561: 0.999511
26562: 0.999511
26563: 0.999511
26564: 0.999511
26565: 0.999511
26566: 0.999511
26567: 0.999511
26568: 0.999511
26569: 0.999511
26570: 0.999511
26571: 0.999511
26572: 0.999511
26573: 0.999511
26574: 0.999511
26575: 0.999511
26576: 0.999511
26577: 0.999511
26578: 0.999511
26579: 0.999511
26580: 0.999511
26581: 0.999511
26582: 0.999511
26583: 0.999511
26584: 0.999511
26585: 0.999511
26586: 0.999511
26587: 0.999511
26588: 0.999511
26589: 0.999511
26590: 0.999511
26591: 0.999511
26592: 0.999511
26593: 0.999511
26594: 0.999511
26595: 0.999511
26596: 0.999511
26597: 0.999511
26598: 0.999511
26599: 0.999511
26600: 0.999511
26601: 0.999511
26602: 0.999511
26603: 0.999511
26604: 0.999511
26605: 0.999511
26606: 0.999511
26607: 0.999511
26608: 0.999511
26609: 0.999511
26610: 0.999511
26611: 0.999511
26612: 0.999512
26613: 0.999512
26614: 0.999512
26615: 0.999512
26616: 0.999512
26617: 0.999512
26618: 0.999512
26619: 0.999512
26620: 0.999512
26621: 0.999512
26622: 0.999512
26623: 0.999512
26624: 0.999512
26625: 0.999512
26626: 0.999512
26627: 0.999512
26628: 0.999512
26629: 0.999512
26630: 0.999512
26631: 0.999512
26632: 0.999512
26633: 0.999512
26634: 0.999512
26635: 0.999512
26636: 0.999512
26637: 0.999512
26638: 0.999512
26639: 0.999512
26640: 0.999512
26641: 0.999512
26642: 0.999512
26643: 0.999512
26644: 0.999512
26645: 0.999512
26646: 0.999512
26647: 0.999512
26648: 0.999512
26649: 0.999512
26650: 0.999512
26651: 0.999512
26652: 0.999512
26653: 0.999512
26654: 0.999512
26655: 0.999512
26656: 0.999512
26657: 0.999512
26658: 0.999512
26659: 0.999512
26660: 0.999512
26661: 0.999512
26662: 0.999512
26663: 0.999512
26664: 0.999512
26665: 0.999512
26666: 0.999513
26667: 0.999513
26668: 0.999513
26669: 0.999513
26670: 0.999513
26671: 0.999513
26672: 0.999513
26673: 0.999513
26674: 0.999513
26675: 0.999513
26676: 0.999513
26677: 0.999513
26678: 0.999513
26679: 0.999513
26680: 0.999513
26681: 0.999513
26682: 0.999513
26683: 0.999513
26684: 0.999513
26685: 0.999513
26686: 0.999513
26687: 0.999513
26688: 0.999513
26689: 0.999513
26690: 0.999513
26691: 0.999513
26692: 0.999513
26693: 0.999513
26694: 0.999513
26695: 0.999513
26696: 0.999513
26697: 0.999513
26698: 0.999513
26699: 0.999513
26700: 0.999513
26701: 0.999513
26702: 0.999513
26703: 0.999513
26704: 0.999513
26705: 0.999513
26706: 0.999513
26707: 0.999513
26708: 0.999513
26709: 0.999513
26710: 0.999513
26711: 0.999513
26712: 0.999513
26713: 0.999513
26714: 0.999513
26715: 0.999513
26716: 0.999513
26717: 0.999513
26718: 0.999513
26719: 0.999513
26720: 0.999513
26721: 0.999514
26722: 0.999514
26723: 0.999514
26724: 0.999514
26725: 0.999514
26726: 0.999514
26727: 0.999514
26728: 0.999514
26729: 0.999514
26730: 0.999514
26731: 0.999514
26732: 0.999514
26733: 0.999514
26734: 0.999514
26735: 0.999514
26736: 0.999514
26737: 0.999514
26738: 0.999514
26739: 0.999514
26740: 0.999514
26741: 0.999514
26742: 0.999514
26743: 0.999514
26744: 0.999514
26745: 0.999514
26746: 0.999514
26747: 0.999514
26748: 0.999514
26749: 0.999514
26750: 0.999514
26751: 0.999514
26752: 0.999514
26753: 0.999514
26754: 0.999514
26755: 0.999514
26756: 0.999514
26757: 0.999514
26758: 0.999514
26759: 0.999514
26760: 0.999514
26761: 0.999514
26762: 0.999514
26763: 0.999514
26764: 0.999514
26765: 0.999514
26766: 0.999514
26767: 0.999514
26768: 0.999514
26769: 0.999514
26770: 0.999514
26771: 0.999514
26772: 0.999514
26773: 0.999514
26774: 0.999514
26775: 0.999514
26776: 0.999515
26777: 0.999515
26778: 0.999515
26779: 0.999515
26780: 0.999515
26781: 0.999515
26782: 0.999515
26783: 0.999515
26784: 0.999515
26785: 0.999515
26786: 0.999515
26787: 0.999515
26788: 0.999515
26789: 0.999515
26790: 0.999515
26791: 0.999515
26792: 0.999515
26793: 0.999515
26794: 0.999515
26795: 0.999515
26796: 0.999515
26797: 0.999515
26798: 0.999515
26799: 0.999515
26800: 0.999515
26801: 0.999515
26802: 0.999515
26803: 0.999515
26804: 0.999515
26805: 0.999515
26806: 0.999515
26807: 0.999515
26808: 0.999515
26809: 0.999515
26810: 0.999515
26811: 0.999515
26812: 0.999515
26813: 0.999515
26814: 0.999515
26815: 0.999515
26816: 0.999515
26817: 0.999515
26818: 0.999515
26819: 0.999515
26820: 0.999515
26821: 0.999515
26822: 0.999515
26823: 0.999515
26824: 0.999515
26825: 0.999515
26826: 0.999515
26827: 0.999515
26828: 0.999515
26829: 0.999515
26830: 0.999515
26831: 0.999516
26832: 0.999516
26833: 0.999516
26834: 0.999516
26835: 0.999516
26836: 0.999516
26837: 0.999516
26838: 0.999516
26839: 0.999516
26840: 0.999516
26841: 0.999516
26842: 0.999516
26843: 0.999516
26844: 0.999516
26845: 0.999516
26846: 0.999516
26847: 0.999516
26848: 0.999516
26849: 0.999516
26850: 0.999516
26851: 0.999516
26852: 0.999516
26853: 0.999516
26854: 0.999516
26855: 0.999516
26856: 0.999516
26857: 0.999516
26858: 0.999516
26859: 0.999516
26860: 0.999516
26861: 0.999516
26862: 0.999516
26863: 0.999516
26864: 0.999516
26865: 0.999516
26866: 0.999516
26867: 0.999516
26868: 0.999516
26869: 0.999516
26870: 0.999516
26871: 0.999516
26872: 0.999516
26873: 0.999516
26874: 0.999516
26875: 0.999516
26876: 0.999516
26877: 0.999516
26878: 0.999516
26879: 0.999516
26880: 0.999516
26881: 0.999516
26882: 0.999516
26883: 0.999516
26884: 0.999516
26885: 0.999516
26886: 0.999516
26887: 0.999517
26888: 0.999517
26889: 0.999517
26890: 0.999517
26891: 0.999517
26892: 0.999517
26893: 0.999517
26894: 0.999517
26895: 0.999517
26896: 0.999517
26897: 0.999517
26898: 0.999517
26899: 0.999517
26900: 0.999517
26901: 0.999517
26902: 0.999517
26903: 0.999517
26904: 0.999517
26905: 0.999517
26906: 0.999517
26907: 0.999517
26908: 0.999517
26909: 0.999517
26910: 0.999517
26911: 0.999517
26912: 0.999517
26913: 0.999517
26914: 0.999517
26915: 0.999517
26916: 0.999517
26917: 0.999517
26918: 0.999517
26919: 0.999517
26920: 0.999517
26921: 0.999517
26922: 0.999517
26923: 0.999517
26924: 0.999517
26925: 0.999517
26926: 0.999517
26927: 0.999517
26928: 0.999517
26929: 0.999517
26930: 0.999517
26931: 0.999517
26932: 0.999517
26933: 0.999517
26934: 0.999517
26935: 0.999517
26936: 0.999517
26937: 0.999517
26938: 0.999517
26939: 0.999517
26940: 0.999517
26941: 0.999517
26942: 0.999517
26943: 0.999518
26944: 0.999518
26945: 0.999518
26946: 0.999518
26947: 0.999518
26948: 0.999518
26949: 0.999518
26950: 0.999518
26951: 0.999518
26952: 0.999518
26953: 0.999518
26954: 0.999518
26955: 0.999518
26956: 0.999518
26957: 0.999518
26958: 0.999518
26959: 0.999518
26960: 0.999518
26961: 0.999518
26962: 0.999518
26963: 0.999518
26964: 0.999518
26965: 0.999518
26966: 0.999518
26967: 0.999518
26968: 0.999518
26969: 0.999518
26970: 0.999518
26971: 0.999518
26972: 0.999518
26973: 0.999518
26974: 0.999518
26975: 0.999518
26976: 0.999518
26977: 0.999518
26978: 0.999518
26979: 0.999518
26980: 0.999518
26981: 0.999518
26982: 0.999518
26983: 0.999518
26984: 0.999518
26985: 0.999518
26986: 0.999518
26987: 0.999518
26988: 0.999518
26989: 0.999518
26990: 0.999518
26991: 0.999518
26992: 0.999518
26993: 0.999518
26994: 0.999518
26995: 0.999518
26996: 0.999518
26997: 0.999518
26998: 0.999519
26999: 0.999519
27000: 0.999519
27001: 0.999519
27002: 0.999519
27003: 0.999519
27004: 0.999519
27005: 0.999519
27006: 0.999519
27007: 0.999519
27008: 0.999519
27009: 0.999519
27010: 0.999519
27011: 0.999519
27012: 0.999519
27013: 0.999519
27014: 0.999519
27015: 0.999519
27016: 0.999519
27017: 0.999519
27018: 0.999519
27019: 0.999519
27020: 0.999519
27021: 0.999519
27022: 0.999519
27023: 0.999519
27024: 0.999519
27025: 0.999519
27026: 0.999519
27027: 0.999519
27028: 0.999519
27029: 0.999519
27030: 0.999519
27031: 0.999519
27032: 0.999519
27033: 0.999519
27034: 0.999519
27035: 0.999519
27036: 0.999519
27037: 0.999519
27038: 0.999519
27039: 0.999519
27040: 0.999519
27041: 0.999519
27042: 0.999519
27043: 0.999519
27044: 0.999519
27045: 0.999519
27046: 0.999519
27047: 0.999519
27048: 0.999519
27049: 0.999519
27050: 0.999519
27051: 0.999519
27052: 0.999519
27053: 0.999519
27054: 0.999519
27055: 0.99952
27056: 0.99952
27057: 0.99952
27058: 0.99952
27059: 0.99952
27060: 0.99952
27061: 0.99952
27062: 0.99952
27063: 0.99952
27064: 0.99952
27065: 0.99952
27066: 0.99952
27067: 0.99952
27068: 0.99952
27069: 0.99952
27070: 0.99952
27071: 0.99952
27072: 0.99952
27073: 0.99952
27074: 0.99952
27075: 0.99952
27076: 0.99952
27077: 0.99952
27078: 0.99952
27079: 0.99952
27080: 0.99952
27081: 0.99952
27082: 0.99952
27083: 0.99952
27084: 0.99952
27085: 0.99952
27086: 0.99952
27087: 0.99952
27088: 0.99952
27089: 0.99952
27090: 0.99952
27091: 0.99952
27092: 0.99952
27093: 0.99952
27094: 0.99952
27095: 0.99952
27096: 0.99952
27097: 0.99952
27098: 0.99952
27099: 0.99952
27100: 0.99952
27101: 0.99952
27102: 0.99952
27103: 0.99952
27104: 0.99952
27105: 0.99952
27106: 0.99952
27107: 0.99952
27108: 0.99952
27109: 0.99952
27110: 0.99952
27111: 0.999521
27112: 0.999521
27113: 0.999521
27114: 0.999521
27115: 0.999521
27116: 0.999521
27117: 0.999521
27118: 0.999521
27119: 0.999521
27120: 0.999521
27121: 0.999521
27122: 0.999521
27123: 0.999521
27124: 0.999521
27125: 0.999521
27126: 0.999521
27127: 0.999521
27128: 0.999521
27129: 0.999521
27130: 0.999521
27131: 0.999521
27132: 0.999521
27133: 0.999521
27134: 0.999521
27135: 0.999521
27136: 0.999521
27137: 0.999521
27138: 0.999521
27139: 0.999521
27140: 0.999521
27141: 0.999521
27142: 0.999521
27143: 0.999521
27144: 0.999521
27145: 0.999521
27146: 0.999521
27147: 0.999521
27148: 0.999521
27149: 0.999521
27150: 0.999521
27151: 0.999521
27152: 0.999521
27153: 0.999521
27154: 0.999521
27155: 0.999521
27156: 0.999521
27157: 0.999521
27158: 0.999521
27159: 0.999521
27160: 0.999521
27161: 0.999521
27162: 0.999521
27163: 0.999521
27164: 0.999521
27165: 0.999521
27166: 0.999521
27167: 0.999521
27168: 0.999522
27169: 0.999522
27170: 0.999522
27171: 0.999522
27172: 0.999522
27173: 0.999522
27174: 0.999522
27175: 0.999522
27176: 0.999522
27177: 0.999522
27178: 0.999522
27179: 0.999522
27180: 0.999522
27181: 0.999522
27182: 0.999522
27183: 0.999522
27184: 0.999522
27185: 0.999522
27186: 0.999522
27187: 0.999522
27188: 0.999522
27189: 0.999522
27190: 0.999522
27191: 0.999522
27192: 0.999522
27193: 0.999522
27194: 0.999522
27195: 0.999522
27196: 0.999522
27197: 0.999522
27198: 0.999522
27199: 0.999522
27200: 0.999522
27201: 0.999522
27202: 0.999522
27203: 0.999522
27204: 0.999522
27205: 0.999522
27206: 0.999522
27207: 0.999522
27208: 0.999522
27209: 0.999522
27210: 0.999522
27211: 0.999522
27212: 0.999522
27213: 0.999522
27214: 0.999522
27215: 0.999522
27216: 0.999522
27217: 0.999522
27218: 0.999522
27219: 0.999522
27220: 0.999522
27221: 0.999522
27222: 0.999522
27223: 0.999522
27224: 0.999522
27225: 0.999523
27226: 0.999523
27227: 0.999523
27228: 0.999523
27229: 0.999523
27230: 0.999523
27231: 0.999523
27232: 0.999523
27233: 0.999523
27234: 0.999523
27235: 0.999523
27236: 0.999523
27237: 0.999523
27238: 0.999523
27239: 0.999523
27240: 0.999523
27241: 0.999523
27242: 0.999523
27243: 0.999523
27244: 0.999523
27245: 0.999523
27246: 0.999523
27247: 0.999523
27248: 0.999523
27249: 0.999523
27250: 0.999523
27251: 0.999523
27252: 0.999523
27253: 0.999523
27254: 0.999523
27255: 0.999523
27256: 0.999523
27257: 0.999523
27258: 0.999523
27259: 0.999523
27260: 0.999523
27261: 0.999523
27262: 0.999523
27263: 0.999523
27264: 0.999523
27265: 0.999523
27266: 0.999523
27267: 0.999523
27268: 0.999523
27269: 0.999523
27270: 0.999523
27271: 0.999523
27272: 0.999523
27273: 0.999523
27274: 0.999523
27275: 0.999523
27276: 0.999523
27277: 0.999523
27278: 0.999523
27279: 0.999523
27280: 0.999523
27281: 0.999523
27282: 0.999524
27283: 0.999524
27284: 0.999524
27285: 0.999524
27286: 0.999524
27287: 0.999524
27288: 0.999524
27289: 0.999524
27290: 0.999524
27291: 0.999524
27292: 0.999524
27293: 0.999524
27294: 0.999524
27295: 0.999524
27296: 0.999524
27297: 0.999524
27298: 0.999524
27299: 0.999524
27300: 0.999524
27301: 0.999524
27302: 0.999524
27303: 0.999524
27304: 0.999524
27305: 0.999524
27306: 0.999524
27307: 0.999524
27308: 0.999524
27309: 0.999524
27310: 0.999524
27311: 0.999524
27312: 0.999524
27313: 0.999524
27314: 0.999524
27315: 0.999524
27316: 0.999524
27317: 0.999524
27318: 0.999524
27319: 0.999524
27320: 0.999524
27321: 0.999524
27322: 0.999524
27323: 0.999524
27324: 0.999524
27325: 0.999524
27326: 0.999524
27327: 0.999524
27328: 0.999524
27329: 0.999524
27330: 0.999524
27331: 0.999524
27332: 0.999524
27333: 0.999524
27334: 0.999524
27335: 0.999524
27336: 0.999524
27337: 0.999524
27338: 0.999524
27339: 0.999525
27340: 0.999525
27341: 0.999525
27342: 0.999525
27343: 0.999525
27344: 0.999525
27345: 0.999525
27346: 0.999525
27347: 0.999525
27348: 0.999525
27349: 0.999525
27350: 0.999525
27351: 0.999525
27352: 0.999525
27353: 0.999525
27354: 0.999525
27355: 0.999525
27356: 0.999525
27357: 0.999525
27358: 0.999525
27359: 0.999525
27360: 0.999525
27361: 0.999525
27362: 0.999525
27363: 0.999525
27364: 0.999525
27365: 0.999525
27366: 0.999525
27367: 0.999525
27368: 0.999525
27369: 0.999525
27370: 0.999525
27371: 0.999525
27372: 0.999525
27373: 0.999525
27374: 0.999525
27375: 0.999525
27376: 0.999525
27377: 0.999525
27378: 0.999525
27379: 0.999525
27380: 0.999525
27381: 0.999525
27382: 0.999525
27383: 0.999525
27384: 0.999525
27385: 0.999525
27386: 0.999525
27387: 0.999525
27388: 0.999525
27389: 0.999525
27390: 0.999525
27391: 0.999525
27392: 0.999525
27393: 0.999525
27394: 0.999525
27395: 0.999525
27396: 0.999525
27397: 0.999526
27398: 0.999526
27399: 0.999526
27400: 0.999526
27401: 0.999526
27402: 0.999526
27403: 0.999526
27404: 0.999526
27405: 0.999526
27406: 0.999526
27407: 0.999526
27408: 0.999526
27409: 0.999526
27410: 0.999526
27411: 0.999526
27412: 0.999526
27413: 0.999526
27414: 0.999526
27415: 0.999526
27416: 0.999526
27417: 0.999526
27418: 0.999526
27419: 0.999526
27420: 0.999526
27421: 0.999526
27422: 0.999526
27423: 0.999526
27424: 0.999526
27425: 0.999526
27426: 0.999526
27427: 0.999526
27428: 0.999526
27429: 0.999526
27430: 0.999526
27431: 0.999526
27432: 0.999526
27433: 0.999526
27434: 0.999526
27435: 0.999526
27436: 0.999526
27437: 0.999526
27438: 0.999526
27439: 0.999526
27440: 0.999526
27441: 0.999526
27442: 0.999526
27443: 0.999526
27444: 0.999526
27445: 0.999526
27446: 0.999526
27447: 0.999526
27448: 0.999526
27449: 0.999526
27450: 0.999526
27451: 0.999526
27452: 0.999526
27453: 0.999526
27454: 0.999526
27455: 0.999527
27456: 0.999527
27457: 0.999527
27458: 0.999527
27459: 0.999527
27460: 0.999527
27461: 0.999527
27462: 0.999527
27463: 0.999527
27464: 0.999527
27465: 0.999527
27466: 0.999527
27467: 0.999527
27468: 0.999527
27469: 0.999527
27470: 0.999527
27471: 0.999527
27472: 0.999527
27473: 0.999527
27474: 0.999527
27475: 0.999527
27476: 0.999527
27477: 0.999527
27478: 0.999527
27479: 0.999527
27480: 0.999527
27481: 0.999527
27482: 0.999527
27483: 0.999527
27484: 0.999527
27485: 0.999527
27486: 0.999527
27487: 0.999527
27488: 0.999527
27489: 0.999527
27490: 0.999527
27491: 0.999527
27492: 0.999527
27493: 0.999527
27494: 0.999527
27495: 0.999527
27496: 0.999527
27497: 0.999527
27498: 0.999527
27499: 0.999527
27500: 0.999527
27501: 0.999527
27502: 0.999527
27503: 0.999527
27504: 0.999527
27505: 0.999527
27506: 0.999527
27507: 0.999527
27508: 0.999527
27509: 0.999527
27510: 0.999527
27511: 0.999527
27512: 0.999527
27513: 0.999528
27514: 0.999528
27515: 0.999528
27516: 0.999528
27517: 0.999528
27518: 0.999528
27519: 0.999528
27520: 0.999528
27521: 0.999528
27522: 0.999528
27523: 0.999528
27524: 0.999528
27525: 0.999528
27526: 0.999528
27527: 0.999528
27528: 0.999528
27529: 0.999528
27530: 0.999528
27531: 0.999528
27532: 0.999528
27533: 0.999528
27534: 0.999528
27535: 0.999528
27536: 0.999528
27537: 0.999528
27538: 0.999528
27539: 0.999528
27540: 0.999528
27541: 0.999528
27542: 0.999528
27543: 0.999528
27544: 0.999528
27545: 0.999528
27546: 0.999528
27547: 0.999528
27548: 0.999528
27549: 0.999528
27550: 0.999528
27551: 0.999528
27552: 0.999528
27553: 0.999528
27554: 0.999528
27555: 0.999528
27556: 0.999528
27557: 0.999528
27558: 0.999528
27559: 0.999528
27560: 0.999528
27561: 0.999528
27562: 0.999528
27563: 0.999528
27564: 0.999528
27565: 0.999528
27566: 0.999528
27567: 0.999528
27568: 0.999528
27569: 0.999528
27570: 0.999528
27571: 0.999529
27572: 0.999529
27573: 0.999529
27574: 0.999529
27575: 0.999529
27576: 0.999529
27577: 0.999529
27578: 0.999529
27579: 0.999529
27580: 0.999529
27581: 0.999529
27582: 0.999529
27583: 0.999529
27584: 0.999529
27585: 0.999529
27586: 0.999529
27587: 0.999529
27588: 0.999529
27589: 0.999529
27590: 0.999529
27591: 0.999529
27592: 0.999529
27593: 0.999529
27594: 0.999529
27595: 0.999529
27596: 0.999529
27597: 0.999529
27598: 0.999529
27599: 0.999529
27600: 0.999529
27601: 0.999529
27602: 0.999529
27603: 0.999529
27604: 0.999529
27605: 0.999529
27606: 0.999529
27607: 0.999529
27608: 0.999529
27609: 0.999529
27610: 0.999529
27611: 0.999529
27612: 0.999529
27613: 0.999529
27614: 0.999529
27615: 0.999529
27616: 0.999529
27617: 0.999529
27618: 0.999529
27619: 0.999529
27620: 0.999529
27621: 0.999529
27622: 0.999529
27623: 0.999529
27624: 0.999529
27625: 0.999529
27626: 0.999529
27627: 0.999529
27628: 0.999529
27629: 0.999529
27630: 0.99953
27631: 0.99953
27632: 0.99953
27633: 0.99953
27634: 0.99953
27635: 0.99953
27636: 0.99953
27637: 0.99953
27638: 0.99953
27639: 0.99953
27640: 0.99953
27641: 0.99953
27642: 0.99953
27643: 0.99953
27644: 0.99953
27645: 0.99953
27646: 0.99953
27647: 0.99953
27648: 0.99953
27649: 0.99953
27650: 0.99953
27651: 0.99953
27652: 0.99953
27653: 0.99953
27654: 0.99953
27655: 0.99953
27656: 0.99953
27657: 0.99953
27658: 0.99953
27659: 0.99953
27660: 0.99953
27661: 0.99953
27662: 0.99953
27663: 0.99953
27664: 0.99953
27665: 0.99953
27666: 0.99953
27667: 0.99953
27668: 0.99953
27669: 0.99953
27670: 0.99953
27671: 0.99953
27672: 0.99953
27673: 0.99953
27674: 0.99953
27675: 0.99953
27676: 0.99953
27677: 0.99953
27678: 0.99953
27679: 0.99953
27680: 0.99953
27681: 0.99953
27682: 0.99953
27683: 0.99953
27684: 0.99953
27685: 0.99953
27686: 0.99953
27687: 0.99953
27688: 0.99953
27689: 0.999531
27690: 0.999531
27691: 0.999531
27692: 0.999531
27693: 0.999531
27694: 0.999531
27695: 0.999531
27696: 0.999531
27697: 0.999531
27698: 0.999531
27699: 0.999531
27700: 0.999531
27701: 0.999531
27702: 0.999531
27703: 0.999531
27704: 0.999531
27705: 0.999531
27706: 0.999531
27707: 0.999531
27708: 0.999531
27709: 0.999531
27710: 0.999531
27711: 0.999531
27712: 0.999531
27713: 0.999531
27714: 0.999531
27715: 0.999531
27716: 0.999531
27717: 0.999531
27718: 0.999531
27719: 0.999531
27720: 0.999531
27721: 0.999531
27722: 0.999531
27723: 0.999531
27724: 0.999531
27725: 0.999531
27726: 0.999531
27727: 0.999531
27728: 0.999531
27729: 0.999531
27730: 0.999531
27731: 0.999531
27732: 0.999531
27733: 0.999531
27734: 0.999531
27735: 0.999531
27736: 0.999531
27737: 0.999531
27738: 0.999531
27739: 0.999531
27740: 0.999531
27741: 0.999531
27742: 0.999531
27743: 0.999531
27744: 0.999531
27745: 0.999531
27746: 0.999531
27747: 0.999531
27748: 0.999532
27749: 0.999532
27750: 0.999532
27751: 0.999532
27752: 0.999532
27753: 0.999532
27754: 0.999532
27755: 0.999532
27756: 0.999532
27757: 0.999532
27758: 0.999532
27759: 0.999532
27760: 0.999532
27761: 0.999532
27762: 0.999532
27763: 0.999532
27764: 0.999532
27765: 0.999532
27766: 0.999532
27767: 0.999532
27768: 0.999532
27769: 0.999532
27770: 0.999532
27771: 0.999532
27772: 0.999532
27773: 0.999532
27774: 0.999532
27775: 0.999532
27776: 0.999532
27777: 0.999532
27778: 0.999532
27779: 0.999532
27780: 0.999532
27781: 0.999532
27782: 0.999532
27783: 0.999532
27784: 0.999532
27785: 0.999532
27786: 0.999532
27787: 0.999532
27788: 0.999532
27789: 0.999532
27790: 0.999532
27791: 0.999532
27792: 0.999532
27793: 0.999532
27794: 0.999532
27795: 0.999532
27796: 0.999532
27797: 0.999532
27798: 0.999532
27799: 0.999532
27800: 0.999532
27801: 0.999532
27802: 0.999532
27803: 0.999532
27804: 0.999532
27805: 0.999532
27806: 0.999532
27807: 0.999533
27808: 0.999533
27809: 0.999533
27810: 0.999533
27811: 0.999533
27812: 0.999533
27813: 0.999533
27814: 0.999533
27815: 0.999533
27816: 0.999533
27817: 0.999533
27818: 0.999533
27819: 0.999533
27820: 0.999533
27821: 0.999533
27822: 0.999533
27823: 0.999533
27824: 0.999533
27825: 0.999533
27826: 0.999533
27827: 0.999533
27828: 0.999533
27829: 0.999533
27830: 0.999533
27831: 0.999533
27832: 0.999533
27833: 0.999533
27834: 0.999533
27835: 0.999533
27836: 0.999533
27837: 0.999533
27838: 0.999533
27839: 0.999533
27840: 0.999533
27841: 0.999533
27842: 0.999533
27843: 0.999533
27844: 0.999533
27845: 0.999533
27846: 0.999533
27847: 0.999533
27848: 0.999533
27849: 0.999533
27850: 0.999533
27851: 0.999533
27852: 0.999533
27853: 0.999533
27854: 0.999533
27855: 0.999533
27856: 0.999533
27857: 0.999533
27858: 0.999533
27859: 0.999533
27860: 0.999533
27861: 0.999533
27862: 0.999533
27863: 0.999533
27864: 0.999533
27865: 0.999533
27866: 0.999533
27867: 0.999534
27868: 0.999534
27869: 0.999534
27870: 0.999534
27871: 0.999534
27872: 0.999534
27873: 0.999534
27874: 0.999534
27875: 0.999534
27876: 0.999534
27877: 0.999534
27878: 0.999534
27879: 0.999534
27880: 0.999534
27881: 0.999534
27882: 0.999534
27883: 0.999534
27884: 0.999534
27885: 0.999534
27886: 0.999534
27887: 0.999534
27888: 0.999534
27889: 0.999534
27890: 0.999534
27891: 0.999534
27892: 0.999534
27893: 0.999534
27894: 0.999534
27895: 0.999534
27896: 0.999534
27897: 0.999534
27898: 0.999534
27899: 0.999534
27900: 0.999534
27901: 0.999534
27902: 0.999534
27903: 0.999534
27904: 0.999534
27905: 0.999534
27906: 0.999534
27907: 0.999534
27908: 0.999534
27909: 0.999534
27910: 0.999534
27911: 0.999534
27912: 0.999534
27913: 0.999534
27914: 0.999534
27915: 0.999534
27916: 0.999534
27917: 0.999534
27918: 0.999534
27919: 0.999534
27920: 0.999534
27921: 0.999534
27922: 0.999534
27923: 0.999534
27924: 0.999534
27925: 0.999534
27926: 0.999535
27927: 0.999535
27928: 0.999535
27929: 0.999535
27930: 0.999535
27931: 0.999535
27932: 0.999535
27933: 0.999535
27934: 0.999535
27935: 0.999535
27936: 0.999535
27937: 0.999535
27938: 0.999535
27939: 0.999535
27940: 0.999535
27941: 0.999535
27942: 0.999535
27943: 0.999535
27944: 0.999535
27945: 0.999535
27946: 0.999535
27947: 0.999535
27948: 0.999535
27949: 0.999535
27950: 0.999535
27951: 0.999535
27952: 0.999535
27953: 0.999535
27954: 0.999535
27955: 0.999535
27956: 0.999535
27957: 0.999535
27958: 0.999535
27959: 0.999535
27960: 0.999535
27961: 0.999535
27962: 0.999535
27963: 0.999535
27964: 0.999535
27965: 0.999535
27966: 0.999535
27967: 0.999535
27968: 0.999535
27969: 0.999535
27970: 0.999535
27971: 0.999535
27972: 0.999535
27973: 0.999535
27974: 0.999535
27975: 0.999535
27976: 0.999535
27977: 0.999535
27978: 0.999535
27979: 0.999535
27980: 0.999535
27981: 0.999535
27982: 0.999535
27983: 0.999535
27984: 0.999535
27985: 0.999535
27986: 0.999535
27987: 0.999536
27988: 0.999536
27989: 0.999536
27990: 0.999536
27991: 0.999536
27992: 0.999536
27993: 0.999536
27994: 0.999536
27995: 0.999536
27996: 0.999536
27997: 0.999536
27998: 0.999536
27999: 0.999536
28000: 0.999536
28001: 0.999536
28002: 0.999536
28003: 0.999536
28004: 0.999536
28005: 0.999536
28006: 0.999536
28007: 0.999536
28008: 0.999536
28009: 0.999536
28010: 0.999536
28011: 0.999536
28012: 0.999536
28013: 0.999536
28014: 0.999536
28015: 0.999536
28016: 0.999536
28017: 0.999536
28018: 0.999536
28019: 0.999536
28020: 0.999536
28021: 0.999536
28022: 0.999536
28023: 0.999536
28024: 0.999536
28025: 0.999536
28026: 0.999536
28027: 0.999536
28028: 0.999536
28029: 0.999536
28030: 0.999536
28031: 0.999536
28032: 0.999536
28033: 0.999536
28034: 0.999536
28035: 0.999536
28036: 0.999536
28037: 0.999536
28038: 0.999536
28039: 0.999536
28040: 0.999536
28041: 0.999536
28042: 0.999536
28043: 0.999536
28044: 0.999536
28045: 0.999536
28046: 0.999536
28047: 0.999537
28048: 0.999537
28049: 0.999537
28050: 0.999537
28051: 0.999537
28052: 0.999537
28053: 0.999537
28054: 0.999537
28055: 0.999537
28056: 0.999537
28057: 0.999537
28058: 0.999537
28059: 0.999537
28060: 0.999537
28061: 0.999537
28062: 0.999537
28063: 0.999537
28064: 0.999537
28065: 0.999537
28066: 0.999537
28067: 0.999537
28068: 0.999537
28069: 0.999537
28070: 0.999537
28071: 0.999537
28072: 0.999537
28073: 0.999537
28074: 0.999537
28075: 0.999537
28076: 0.999537
28077: 0.999537
28078: 0.999537
28079: 0.999537
28080: 0.999537
28081: 0.999537
28082: 0.999537
28083: 0.999537
28084: 0.999537
28085: 0.999537
28086: 0.999537
28087: 0.999537
28088: 0.999537
28089: 0.999537
28090: 0.999537
28091: 0.999537
28092: 0.999537
28093: 0.999537
28094: 0.999537
28095: 0.999537
28096: 0.999537
28097: 0.999537
28098: 0.999537
28099: 0.999537
28100: 0.999537
28101: 0.999537
28102: 0.999537
28103: 0.999537
28104: 0.999537
28105: 0.999537
28106: 0.999537
28107: 0.999537
28108: 0.999538
28109: 0.999538
28110: 0.999538
28111: 0.999538
28112: 0.999538
28113: 0.999538
28114: 0.999538
28115: 0.999538
28116: 0.999538
28117: 0.999538
28118: 0.999538
28119: 0.999538
28120: 0.999538
28121: 0.999538
28122: 0.999538
28123: 0.999538
28124: 0.999538
28125: 0.999538
28126: 0.999538
28127: 0.999538
28128: 0.999538
28129: 0.999538
28130: 0.999538
28131: 0.999538
28132: 0.999538
28133: 0.999538
28134: 0.999538
28135: 0.999538
28136: 0.999538
28137: 0.999538
28138: 0.999538
28139: 0.999538
28140: 0.999538
28141: 0.999538
28142: 0.999538
28143: 0.999538
28144: 0.999538
28145: 0.999538
28146: 0.999538
28147: 0.999538
28148: 0.999538
28149: 0.999538
28150: 0.999538
28151: 0.999538
28152: 0.999538
28153: 0.999538
28154: 0.999538
28155: 0.999538
28156: 0.999538
28157: 0.999538
28158: 0.999538
28159: 0.999538
28160: 0.999538
28161: 0.999538
28162: 0.999538
28163: 0.999538
28164: 0.999538
28165: 0.999538
28166: 0.999538
28167: 0.999538
28168: 0.999538
28169: 0.999539
28170: 0.999539
28171: 0.999539
28172: 0.999539
28173: 0.999539
28174: 0.999539
28175: 0.999539
28176: 0.999539
28177: 0.999539
28178: 0.999539
28179: 0.999539
28180: 0.999539
28181: 0.999539
28182: 0.999539
28183: 0.999539
28184: 0.999539
28185: 0.999539
28186: 0.999539
28187: 0.999539
28188: 0.999539
28189: 0.999539
28190: 0.999539
28191: 0.999539
28192: 0.999539
28193: 0.999539
28194: 0.999539
28195: 0.999539
28196: 0.999539
28197: 0.999539
28198: 0.999539
28199: 0.999539
28200: 0.999539
28201: 0.999539
28202: 0.999539
28203: 0.999539
28204: 0.999539
28205: 0.999539
28206: 0.999539
28207: 0.999539
28208: 0.999539
28209: 0.999539
28210: 0.999539
28211: 0.999539
28212: 0.999539
28213: 0.999539
28214: 0.999539
28215: 0.999539
28216: 0.999539
28217: 0.999539
28218: 0.999539
28219: 0.999539
28220: 0.999539
28221: 0.999539
28222: 0.999539
28223: 0.999539
28224: 0.999539
28225: 0.999539
28226: 0.999539
28227: 0.999539
28228: 0.999539
28229: 0.999539
28230: 0.99954
28231: 0.99954
28232: 0.99954
28233: 0.99954
28234: 0.99954
28235: 0.99954
28236: 0.99954
28237: 0.99954
28238: 0.99954
28239: 0.99954
28240: 0.99954
28241: 0.99954
28242: 0.99954
28243: 0.99954
28244: 0.99954
28245: 0.99954
28246: 0.99954
28247: 0.99954
28248: 0.99954
28249: 0.99954
28250: 0.99954
28251: 0.99954
28252: 0.99954
28253: 0.99954
28254: 0.99954
28255: 0.99954
28256: 0.99954
28257: 0.99954
28258: 0.99954
28259: 0.99954
28260: 0.99954
28261: 0.99954
28262: 0.99954
28263: 0.99954
28264: 0.99954
28265: 0.99954
28266: 0.99954
28267: 0.99954
28268: 0.99954
28269: 0.99954
28270: 0.99954
28271: 0.99954
28272: 0.99954
28273: 0.99954
28274: 0.99954
28275: 0.99954
28276: 0.99954
28277: 0.99954
28278: 0.99954
28279: 0.99954
28280: 0.99954
28281: 0.99954
28282: 0.99954
28283: 0.99954
28284: 0.99954
28285: 0.99954
28286: 0.99954
28287: 0.99954
28288: 0.99954
28289: 0.99954
28290: 0.99954
28291: 0.999541
28292: 0.999541
28293: 0.999541
28294: 0.999541
28295: 0.999541
28296: 0.999541
28297: 0.999541
28298: 0.999541
28299: 0.999541
28300: 0.999541
28301: 0.999541
28302: 0.999541
28303: 0.999541
28304: 0.999541
28305: 0.999541
28306: 0.999541
28307: 0.999541
28308: 0.999541
28309: 0.999541
28310: 0.999541
28311: 0.999541
28312: 0.999541
28313: 0.999541
28314: 0.999541
28315: 0.999541
28316: 0.999541
28317: 0.999541
28318: 0.999541
28319: 0.999541
28320: 0.999541
28321: 0.999541
28322: 0.999541
28323: 0.999541
28324: 0.999541
28325: 0.999541
28326: 0.999541
28327: 0.999541
28328: 0.999541
28329: 0.999541
28330: 0.999541
28331: 0.999541
28332: 0.999541
28333: 0.999541
28334: 0.999541
28335: 0.999541
28336: 0.999541
28337: 0.999541
28338: 0.999541
28339: 0.999541
28340: 0.999541
28341: 0.999541
28342: 0.999541
28343: 0.999541
28344: 0.999541
28345: 0.999541
28346: 0.999541
28347: 0.999541
28348: 0.999541
28349: 0.999541
28350: 0.999541
28351: 0.999541
28352: 0.999541
28353: 0.999542
28354: 0.999542
28355: 0.999542
28356: 0.999542
28357: 0.999542
28358: 0.999542
28359: 0.999542
28360: 0.999542
28361: 0.999542
28362: 0.999542
28363: 0.999542
28364: 0.999542
28365: 0.999542
28366: 0.999542
28367: 0.999542
28368: 0.999542
28369: 0.999542
28370: 0.999542
28371: 0.999542
28372: 0.999542
28373: 0.999542
28374: 0.999542
28375: 0.999542
28376: 0.999542
28377: 0.999542
28378: 0.999542
28379: 0.999542
28380: 0.999542
28381: 0.999542
28382: 0.999542
28383: 0.999542
28384: 0.999542
28385: 0.999542
28386: 0.999542
28387: 0.999542
28388: 0.999542
28389: 0.999542
28390: 0.999542
28391: 0.999542
28392: 0.999542
28393: 0.999542
28394: 0.999542
28395: 0.999542
28396: 0.999542
28397: 0.999542
28398: 0.999542
28399: 0.999542
28400: 0.999542
28401: 0.999542
28402: 0.999542
28403: 0.999542
28404: 0.999542
28405: 0.999542
28406: 0.999542
28407: 0.999542
28408: 0.999542
28409: 0.999542
28410: 0.999542
28411: 0.999542
28412: 0.999542
28413: 0.999542
28414: 0.999542
28415: 0.999543
28416: 0.999543
28417: 0.999543
28418: 0.999543
28419: 0.999543
28420: 0.999543
28421: 0.999543
28422: 0.999543
28423: 0.999543
28424: 0.999543
28425: 0.999543
28426: 0.999543
28427: 0.999543
28428: 0.999543
28429: 0.999543
28430: 0.999543
28431: 0.999543
28432: 0.999543
28433: 0.999543
28434: 0.999543
28435: 0.999543
28436: 0.999543
28437: 0.999543
28438: 0.999543
28439: 0.999543
28440: 0.999543
28441: 0.999543
28442: 0.999543
28443: 0.999543
28444: 0.999543
28445: 0.999543
28446: 0.999543
28447: 0.999543
28448: 0.999543
28449: 0.999543
28450: 0.999543
28451: 0.999543
28452: 0.999543
28453: 0.999543
28454: 0.999543
28455: 0.999543
28456: 0.999543
28457: 0.999543
28458: 0.999543
28459: 0.999543
28460: 0.999543
28461: 0.999543
28462: 0.999543
28463: 0.999543
28464: 0.999543
28465: 0.999543
28466: 0.999543
28467: 0.999543
28468: 0.999543
28469: 0.999543
28470: 0.999543
28471: 0.999543
28472: 0.999543
28473: 0.999543
28474: 0.999543
28475: 0.999543
28476: 0.999543
28477: 0.999544
28478: 0.999544
28479: 0.999544
28480: 0.999544
28481: 0.999544
28482: 0.999544
28483: 0.999544
28484: 0.999544
28485: 0.999544
28486: 0.999544
28487: 0.999544
28488: 0.999544
28489: 0.999544
28490: 0.999544
28491: 0.999544
28492: 0.999544
28493: 0.999544
28494: 0.999544
28495: 0.999544
28496: 0.999544
28497: 0.999544
28498: 0.999544
28499: 0.999544
28500: 0.999544
28501: 0.999544
28502: 0.999544
28503: 0.999544
28504: 0.999544
28505: 0.999544
28506: 0.999544
28507: 0.999544
28508: 0.999544
28509: 0.999544
28510: 0.999544
28511: 0.999544
28512: 0.999544
28513: 0.999544
28514: 0.999544
28515: 0.999544
28516: 0.999544
28517: 0.999544
28518: 0.999544
28519: 0.999544
28520: 0.999544
28521: 0.999544
28522: 0.999544
28523: 0.999544
28524: 0.999544
28525: 0.999544
28526: 0.999544
28527: 0.999544
28528: 0.999544
28529: 0.999544
28530: 0.999544
28531: 0.999544
28532: 0.999544
28533: 0.999544
28534: 0.999544
28535: 0.999544
28536: 0.999544
28537: 0.999544
28538: 0.999544
28539: 0.999544
28540: 0.999545
28541: 0.999545
28542: 0.999545
28543: 0.999545
28544: 0.999545
28545: 0.999545
28546: 0.999545
28547: 0.999545
28548: 0.999545
28549: 0.999545
28550: 0.999545
28551: 0.999545
28552: 0.999545
28553: 0.999545
28554: 0.999545
28555: 0.999545
28556: 0.999545
28557: 0.999545
28558: 0.999545
28559: 0.999545
28560: 0.999545
28561: 0.999545
28562: 0.999545
28563: 0.999545
28564: 0.999545
28565: 0.999545
28566: 0.999545
28567: 0.999545
28568: 0.999545
28569: 0.999545
28570: 0.999545
28571: 0.999545
28572: 0.999545
28573: 0.999545
28574: 0.999545
28575: 0.999545
28576: 0.999545
28577: 0.999545
28578: 0.999545
28579: 0.999545
28580: 0.999545
28581: 0.999545
28582: 0.999545
28583: 0.999545
28584: 0.999545
28585: 0.999545
28586: 0.999545
28587: 0.999545
28588: 0.999545
28589: 0.999545
28590: 0.999545
28591: 0.999545
28592: 0.999545
28593: 0.999545
28594: 0.999545
28595: 0.999545
28596: 0.999545
28597: 0.999545
28598: 0.999545
28599: 0.999545
28600: 0.999545
28601: 0.999545
28602: 0.999546
28603: 0.999546
28604: 0.999546
28605: 0.999546
28606: 0.999546
28607: 0.999546
28608: 0.999546
28609: 0.999546
28610: 0.999546
28611: 0.999546
28612: 0.999546
28613: 0.999546
28614: 0.999546
28615: 0.999546
28616: 0.999546
28617: 0.999546
28618: 0.999546
28619: 0.999546
28620: 0.999546
28621: 0.999546
28622: 0.999546
28623: 0.999546
28624: 0.999546
28625: 0.999546
28626: 0.999546
28627: 0.999546
28628: 0.999546
28629: 0.999546
28630: 0.999546
28631: 0.999546
28632: 0.999546
28633: 0.999546
28634: 0.999546
28635: 0.999546
28636: 0.999546
28637: 0.999546
28638: 0.999546
28639: 0.999546
28640: 0.999546
28641: 0.999546
28642: 0.999546
28643: 0.999546
28644: 0.999546
28645: 0.999546
28646: 0.999546
28647: 0.999546
28648: 0.999546
28649: 0.999546
28650: 0.999546
28651: 0.999546
28652: 0.999546
28653: 0.999546
28654: 0.999546
28655: 0.999546
28656: 0.999546
28657: 0.999546
28658: 0.999546
28659: 0.999546
28660: 0.999546
28661: 0.999546
28662: 0.999546
28663: 0.999546
28664: 0.999546
28665: 0.999547
28666: 0.999547
28667: 0.999547
28668: 0.999547
28669: 0.999547
28670: 0.999547
28671: 0.999547
28672: 0.999547
28673: 0.999547
28674: 0.999547
28675: 0.999547
28676: 0.999547
28677: 0.999547
28678: 0.999547
28679: 0.999547
28680: 0.999547
28681: 0.999547
28682: 0.999547
28683: 0.999547
28684: 0.999547
28685: 0.999547
28686: 0.999547
28687: 0.999547
28688: 0.999547
28689: 0.999547
28690: 0.999547
28691: 0.999547
28692: 0.999547
28693: 0.999547
28694: 0.999547
28695: 0.999547
28696: 0.999547
28697: 0.999547
28698: 0.999547
28699: 0.999547
28700: 0.999547
28701: 0.999547
28702: 0.999547
28703: 0.999547
28704: 0.999547
28705: 0.999547
28706: 0.999547
28707: 0.999547
28708: 0.999547
28709: 0.999547
28710: 0.999547
28711: 0.999547
28712: 0.999547
28713: 0.999547
28714: 0.999547
28715: 0.999547
28716: 0.999547
28717: 0.999547
28718: 0.999547
28719: 0.999547
28720: 0.999547
28721: 0.999547
28722: 0.999547
28723: 0.999547
28724: 0.999547
28725: 0.999547
28726: 0.999547
28727: 0.999547
28728: 0.999547
28729: 0.999548
28730: 0.999548
28731: 0.999548
28732: 0.999548
28733: 0.999548
28734: 0.999548
28735: 0.999548
28736: 0.999548
28737: 0.999548
28738: 0.999548
28739: 0.999548
28740: 0.999548
28741: 0.999548
28742: 0.999548
28743: 0.999548
28744: 0.999548
28745: 0.999548
28746: 0.999548
28747: 0.999548
28748: 0.999548
28749: 0.999548
28750: 0.999548
28751: 0.999548
28752: 0.999548
28753: 0.999548
28754: 0.999548
28755: 0.999548
28756: 0.999548
28757: 0.999548
28758: 0.999548
28759: 0.999548
28760: 0.999548
28761: 0.999548
28762: 0.999548
28763: 0.999548
28764: 0.999548
28765: 0.999548
28766: 0.999548
28767: 0.999548
28768: 0.999548
28769: 0.999548
28770: 0.999548
28771: 0.999548
28772: 0.999548
28773: 0.999548
28774: 0.999548
28775: 0.999548
28776: 0.999548
28777: 0.999548
28778: 0.999548
28779: 0.999548
28780: 0.999548
28781: 0.999548
28782: 0.999548
28783: 0.999548
28784: 0.999548
28785: 0.999548
28786: 0.999548
28787: 0.999548
28788: 0.999548
28789: 0.999548
28790: 0.999548
28791: 0.999548
28792: 0.999549
28793: 0.999549
28794: 0.999549
28795: 0.999549
28796: 0.999549
28797: 0.999549
28798: 0.999549
28799: 0.999549
28800: 0.999549
28801: 0.999549
28802: 0.999549
28803: 0.999549
28804: 0.999549
28805: 0.999549
28806: 0.999549
28807: 0.999549
28808: 0.999549
28809: 0.999549
28810: 0.999549
28811: 0.999549
28812: 0.999549
28813: 0.999549
28814: 0.999549
28815: 0.999549
28816: 0.999549
28817: 0.999549
28818: 0.999549
28819: 0.999549
28820: 0.999549
28821: 0.999549
28822: 0.999549
28823: 0.999549
28824: 0.999549
28825: 0.999549
28826: 0.999549
28827: 0.999549
28828: 0.999549
28829: 0.999549
28830: 0.999549
28831: 0.999549
28832: 0.999549
28833: 0.999549
28834: 0.999549
28835: 0.999549
28836: 0.999549
28837: 0.999549
28838: 0.999549
28839: 0.999549
28840: 0.999549
28841: 0.999549
28842: 0.999549
28843: 0.999549
28844: 0.999549
28845: 0.999549
28846: 0.999549
28847: 0.999549
28848: 0.999549
28849: 0.999549
28850: 0.999549
28851: 0.999549
28852: 0.999549
28853: 0.999549
28854: 0.999549
28855: 0.999549
28856: 0.99955
28857: 0.99955
28858: 0.99955
28859: 0.99955
28860: 0.99955
28861: 0.99955
28862: 0.99955
28863: 0.99955
28864: 0.99955
28865: 0.99955
28866: 0.99955
28867: 0.99955
28868: 0.99955
28869: 0.99955
28870: 0.99955
28871: 0.99955
28872: 0.99955
28873: 0.99955
28874: 0.99955
28875: 0.99955
28876: 0.99955
28877: 0.99955
28878: 0.99955
28879: 0.99955
28880: 0.99955
28881: 0.99955
28882: 0.99955
28883: 0.99955
28884: 0.99955
28885: 0.99955
28886: 0.99955
28887: 0.99955
28888: 0.99955
28889: 0.99955
28890: 0.99955
28891: 0.99955
28892: 0.99955
28893: 0.99955
28894: 0.99955
28895: 0.99955
28896: 0.99955
28897: 0.99955
28898: 0.99955
28899: 0.99955
28900: 0.99955
28901: 0.99955
28902: 0.99955
28903: 0.99955
28904: 0.99955
28905: 0.99955
28906: 0.99955
28907: 0.99955
28908: 0.99955
28909: 0.99955
28910: 0.99955
28911: 0.99955
28912: 0.99955
28913: 0.99955
28914: 0.99955
28915: 0.99955
28916: 0.99955
28917: 0.99955
28918: 0.99955
28919: 0.99955
28920: 0.99955
28921: 0.999551
28922: 0.999551
28923: 0.999551
28924: 0.999551
28925: 0.999551
28926: 0.999551
28927: 0.999551
28928: 0.999551
28929: 0.999551
28930: 0.999551
28931: 0.999551
28932: 0.999551
28933: 0.999551
28934: 0.999551
28935: 0.999551
28936: 0.999551
28937: 0.999551
28938: 0.999551
28939: 0.999551
28940: 0.999551
28941: 0.999551
28942: 0.999551
28943: 0.999551
28944: 0.999551
28945: 0.999551
28946: 0.999551
28947: 0.999551
28948: 0.999551
28949: 0.999551
28950: 0.999551
28951: 0.999551
28952: 0.999551
28953: 0.999551
28954: 0.999551
28955: 0.999551
28956: 0.999551
28957: 0.999551
28958: 0.999551
28959: 0.999551
28960: 0.999551
28961: 0.999551
28962: 0.999551
28963: 0.999551
28964: 0.999551
28965: 0.999551
28966: 0.999551
28967: 0.999551
28968: 0.999551
28969: 0.999551
28970: 0.999551
28971: 0.999551
28972: 0.999551
28973: 0.999551
28974: 0.999551
28975: 0.999551
28976: 0.999551
28977: 0.999551
28978: 0.999551
28979: 0.999551
28980: 0.999551
28981: 0.999551
28982: 0.999551
28983: 0.999551
28984: 0.999551
28985: 0.999552
28986: 0.999552
28987: 0.999552
28988: 0.999552
28989: 0.999552
28990: 0.999552
28991: 0.999552
28992: 0.999552
28993: 0.999552
28994: 0.999552
28995: 0.999552
28996: 0.999552
28997: 0.999552
28998: 0.999552
28999: 0.999552
29000: 0.999552
29001: 0.999552
29002: 0.999552
29003: 0.999552
29004: 0.999552
29005: 0.999552
29006: 0.999552
29007: 0.999552
29008: 0.999552
29009: 0.999552
29010: 0.999552
29011: 0.999552
29012: 0.999552
29013: 0.999552
29014: 0.999552
29015: 0.999552
29016: 0.999552
29017: 0.999552
29018: 0.999552
29019: 0.999552
29020: 0.999552
29021: 0.999552
29022: 0.999552
29023: 0.999552
29024: 0.999552
29025: 0.999552
29026: 0.999552
29027: 0.999552
29028: 0.999552
29029: 0.999552
29030: 0.999552
29031: 0.999552
29032: 0.999552
29033: 0.999552
29034: 0.999552
29035: 0.999552
29036: 0.999552
29037: 0.999552
29038: 0.999552
29039: 0.999552
29040: 0.999552
29041: 0.999552
29042: 0.999552
29043: 0.999552
29044: 0.999552
29045: 0.999552
29046: 0.999552
29047: 0.999552
29048: 0.999552
29049: 0.999552
29050: 0.999553
29051: 0.999553
29052: 0.999553
29053: 0.999553
29054: 0.999553
29055: 0.999553
29056: 0.999553
29057: 0.999553
29058: 0.999553
29059: 0.999553
29060: 0.999553
29061: 0.999553
29062: 0.999553
29063: 0.999553
29064: 0.999553
29065: 0.999553
29066: 0.999553
29067: 0.999553
29068: 0.999553
29069: 0.999553
29070: 0.999553
29071: 0.999553
29072: 0.999553
29073: 0.999553
29074: 0.999553
29075: 0.999553
29076: 0.999553
29077: 0.999553
29078: 0.999553
29079: 0.999553
29080: 0.999553
29081: 0.999553
29082: 0.999553
29083: 0.999553
29084: 0.999553
29085: 0.999553
29086: 0.999553
29087: 0.999553
29088: 0.999553
29089: 0.999553
29090: 0.999553
29091: 0.999553
29092: 0.999553
29093: 0.999553
29094: 0.999553
29095: 0.999553
29096: 0.999553
29097: 0.999553
29098: 0.999553
29099: 0.999553
29100: 0.999553
29101: 0.999553
29102: 0.999553
29103: 0.999553
29104: 0.999553
29105: 0.999553
29106: 0.999553
29107: 0.999553
29108: 0.999553
29109: 0.999553
29110: 0.999553
29111: 0.999553
29112: 0.999553
29113: 0.999553
29114: 0.999553
29115: 0.999554
29116: 0.999554
29117: 0.999554
29118: 0.999554
29119: 0.999554
29120: 0.999554
29121: 0.999554
29122: 0.999554
29123: 0.999554
29124: 0.999554
29125: 0.999554
29126: 0.999554
29127: 0.999554
29128: 0.999554
29129: 0.999554
29130: 0.999554
29131: 0.999554
29132: 0.999554
29133: 0.999554
29134: 0.999554
29135: 0.999554
29136: 0.999554
29137: 0.999554
29138: 0.999554
29139: 0.999554
29140: 0.999554
29141: 0.999554
29142: 0.999554
29143: 0.999554
29144: 0.999554
29145: 0.999554
29146: 0.999554
29147: 0.999554
29148: 0.999554
29149: 0.999554
29150: 0.999554
29151: 0.999554
29152: 0.999554
29153: 0.999554
29154: 0.999554
29155: 0.999554
29156: 0.999554
29157: 0.999554
29158: 0.999554
29159: 0.999554
29160: 0.999554
29161: 0.999554
29162: 0.999554
29163: 0.999554
29164: 0.999554
29165: 0.999554
29166: 0.999554
29167: 0.999554
29168: 0.999554
29169: 0.999554
29170: 0.999554
29171: 0.999554
29172: 0.999554
29173: 0.999554
29174: 0.999554
29175: 0.999554
29176: 0.999554
29177: 0.999554
29178: 0.999554
29179: 0.999554
29180: 0.999555
29181: 0.999555
29182: 0.999555
29183: 0.999555
29184: 0.999555
29185: 0.999555
29186: 0.999555
29187: 0.999555
29188: 0.999555
29189: 0.999555
29190: 0.999555
29191: 0.999555
29192: 0.999555
29193: 0.999555
29194: 0.999555
29195: 0.999555
29196: 0.999555
29197: 0.999555
29198: 0.999555
29199: 0.999555
29200: 0.999555
29201: 0.999555
29202: 0.999555
29203: 0.999555
29204: 0.999555
29205: 0.999555
29206: 0.999555
29207: 0.999555
29208: 0.999555
29209: 0.999555
29210: 0.999555
29211: 0.999555
29212: 0.999555
29213: 0.999555
29214: 0.999555
29215: 0.999555
29216: 0.999555
29217: 0.999555
29218: 0.999555
29219: 0.999555
29220: 0.999555
29221: 0.999555
29222: 0.999555
29223: 0.999555
29224: 0.999555
29225: 0.999555
29226: 0.999555
29227: 0.999555
29228: 0.999555
29229: 0.999555
29230: 0.999555
29231: 0.999555
29232: 0.999555
29233: 0.999555
29234: 0.999555
29235: 0.999555
29236: 0.999555
29237: 0.999555
29238: 0.999555
29239: 0.999555
29240: 0.999555
29241: 0.999555
29242: 0.999555
29243: 0.999555
29244: 0.999555
29245: 0.999555
29246: 0.999556
29247: 0.999556
29248: 0.999556
29249: 0.999556
29250: 0.999556
29251: 0.999556
29252: 0.999556
29253: 0.999556
29254: 0.999556
29255: 0.999556
29256: 0.999556
29257: 0.999556
29258: 0.999556
29259: 0.999556
29260: 0.999556
29261: 0.999556
29262: 0.999556
29263: 0.999556
29264: 0.999556
29265: 0.999556
29266: 0.999556
29267: 0.999556
29268: 0.999556
29269: 0.999556
29270: 0.999556
29271: 0.999556
29272: 0.999556
29273: 0.999556
29274: 0.999556
29275: 0.999556
29276: 0.999556
29277: 0.999556
29278: 0.999556
29279: 0.999556
29280: 0.999556
29281: 0.999556
29282: 0.999556
29283: 0.999556
29284: 0.999556
29285: 0.999556
29286: 0.999556
29287: 0.999556
29288: 0.999556
29289: 0.999556
29290: 0.999556
29291: 0.999556
29292: 0.999556
29293: 0.999556
29294: 0.999556
29295: 0.999556
29296: 0.999556
29297: 0.999556
29298: 0.999556
29299: 0.999556
29300: 0.999556
29301: 0.999556
29302: 0.999556
29303: 0.999556
29304: 0.999556
29305: 0.999556
29306: 0.999556
29307: 0.999556
29308: 0.999556
29309: 0.999556
29310: 0.999556
29311: 0.999556
29312: 0.999557
29313: 0.999557
29314: 0.999557
29315: 0.999557
29316: 0.999557
29317: 0.999557
29318: 0.999557
29319: 0.999557
29320: 0.999557
29321: 0.999557
29322: 0.999557
29323: 0.999557
29324: 0.999557
29325: 0.999557
29326: 0.999557
29327: 0.999557
29328: 0.999557
29329: 0.999557
29330: 0.999557
29331: 0.999557
29332: 0.999557
29333: 0.999557
29334: 0.999557
29335: 0.999557
29336: 0.999557
29337: 0.999557
29338: 0.999557
29339: 0.999557
29340: 0.999557
29341: 0.999557
29342: 0.999557
29343: 0.999557
29344: 0.999557
29345: 0.999557
29346: 0.999557
29347: 0.999557
29348: 0.999557
29349: 0.999557
29350: 0.999557
29351: 0.999557
29352: 0.999557
29353: 0.999557
29354: 0.999557
29355: 0.999557
29356: 0.999557
29357: 0.999557
29358: 0.999557
29359: 0.999557
29360: 0.999557
29361: 0.999557
29362: 0.999557
29363: 0.999557
29364: 0.999557
29365: 0.999557
29366: 0.999557
29367: 0.999557
29368: 0.999557
29369: 0.999557
29370: 0.999557
29371: 0.999557
29372: 0.999557
29373: 0.999557
29374: 0.999557
29375: 0.999557
29376: 0.999557
29377: 0.999557
29378: 0.999558
29379: 0.999558
29380: 0.999558
29381: 0.999558
29382: 0.999558
29383: 0.999558
29384: 0.999558
29385: 0.999558
29386: 0.999558
29387: 0.999558
29388: 0.999558
29389: 0.999558
29390: 0.999558
29391: 0.999558
29392: 0.999558
29393: 0.999558
29394: 0.999558
29395: 0.999558
29396: 0.999558
29397: 0.999558
29398: 0.999558
29399: 0.999558
29400: 0.999558
29401: 0.999558
29402: 0.999558
29403: 0.999558
29404: 0.999558
29405: 0.999558
29406: 0.999558
29407: 0.999558
29408: 0.999558
29409: 0.999558
29410: 0.999558
29411: 0.999558
29412: 0.999558
29413: 0.999558
29414: 0.999558
29415: 0.999558
29416: 0.999558
29417: 0.999558
29418: 0.999558
29419: 0.999558
29420: 0.999558
29421: 0.999558
29422: 0.999558
29423: 0.999558
29424: 0.999558
29425: 0.999558
29426: 0.999558
29427: 0.999558
29428: 0.999558
29429: 0.999558
29430: 0.999558
29431: 0.999558
29432: 0.999558
29433: 0.999558
29434: 0.999558
29435: 0.999558
29436: 0.999558
29437: 0.999558
29438: 0.999558
29439: 0.999558
29440: 0.999558
29441: 0.999558
29442: 0.999558
29443: 0.999558
29444: 0.999558
29445: 0.999559
29446: 0.999559
29447: 0.999559
29448: 0.999559
29449: 0.999559
29450: 0.999559
29451: 0.999559
29452: 0.999559
29453: 0.999559
29454: 0.999559
29455: 0.999559
29456: 0.999559
29457: 0.999559
29458: 0.999559
29459: 0.999559
29460: 0.999559
29461: 0.999559
29462: 0.999559
29463: 0.999559
29464: 0.999559
29465: 0.999559
29466: 0.999559
29467: 0.999559
29468: 0.999559
29469: 0.999559
29470: 0.999559
29471: 0.999559
29472: 0.999559
29473: 0.999559
29474: 0.999559
29475: 0.999559
29476: 0.999559
29477: 0.999559
29478: 0.999559
29479: 0.999559
29480: 0.999559
29481: 0.999559
29482: 0.999559
29483: 0.999559
29484: 0.999559
29485: 0.999559
29486: 0.999559
29487: 0.999559
29488: 0.999559
29489: 0.999559
29490: 0.999559
29491: 0.999559
29492: 0.999559
29493: 0.999559
29494: 0.999559
29495: 0.999559
29496: 0.999559
29497: 0.999559
29498: 0.999559
29499: 0.999559
29500: 0.999559
29501: 0.999559
29502: 0.999559
29503: 0.999559
29504: 0.999559
29505: 0.999559
29506: 0.999559
29507: 0.999559
29508: 0.999559
29509: 0.999559
29510: 0.999559
29511: 0.99956
29512: 0.99956
29513: 0.99956
29514: 0.99956
29515: 0.99956
29516: 0.99956
29517: 0.99956
29518: 0.99956
29519: 0.99956
29520: 0.99956
29521: 0.99956
29522: 0.99956
29523: 0.99956
29524: 0.99956
29525: 0.99956
29526: 0.99956
29527: 0.99956
29528: 0.99956
29529: 0.99956
29530: 0.99956
29531: 0.99956
29532: 0.99956
29533: 0.99956
29534: 0.99956
29535: 0.99956
29536: 0.99956
29537: 0.99956
29538: 0.99956
29539: 0.99956
29540: 0.99956
29541: 0.99956
29542: 0.99956
29543: 0.99956
29544: 0.99956
29545: 0.99956
29546: 0.99956
29547: 0.99956
29548: 0.99956
29549: 0.99956
29550: 0.99956
29551: 0.99956
29552: 0.99956
29553: 0.99956
29554: 0.99956
29555: 0.99956
29556: 0.99956
29557: 0.99956
29558: 0.99956
29559: 0.99956
29560: 0.99956
29561: 0.99956
29562: 0.99956
29563: 0.99956
29564: 0.99956
29565: 0.99956
29566: 0.99956
29567: 0.99956
29568: 0.99956
29569: 0.99956
29570: 0.99956
29571: 0.99956
29572: 0.99956
29573: 0.99956
29574: 0.99956
29575: 0.99956
29576: 0.99956
29577: 0.99956
29578: 0.99956
29579: 0.999561
29580: 0.999561
29581: 0.999561
29582: 0.999561
29583: 0.999561
29584: 0.999561
29585: 0.999561
29586: 0.999561
29587: 0.999561
29588: 0.999561
29589: 0.999561
29590: 0.999561
29591: 0.999561
29592: 0.999561
29593: 0.999561
29594: 0.999561
29595: 0.999561
29596: 0.999561
29597: 0.999561
29598: 0.999561
29599: 0.999561
29600: 0.999561
29601: 0.999561
29602: 0.999561
29603: 0.999561
29604: 0.999561
29605: 0.999561
29606: 0.999561
29607: 0.999561
29608: 0.999561
29609: 0.999561
29610: 0.999561
29611: 0.999561
29612: 0.999561
29613: 0.999561
29614: 0.999561
29615: 0.999561
29616: 0.999561
29617: 0.999561
29618: 0.999561
29619: 0.999561
29620: 0.999561
29621: 0.999561
29622: 0.999561
29623: 0.999561
29624: 0.999561
29625: 0.999561
29626: 0.999561
29627: 0.999561
29628: 0.999561
29629: 0.999561
29630: 0.999561
29631: 0.999561
29632: 0.999561
29633: 0.999561
29634: 0.999561
29635: 0.999561
29636: 0.999561
29637: 0.999561
29638: 0.999561
29639: 0.999561
29640: 0.999561
29641: 0.999561
29642: 0.999561
29643: 0.999561
29644: 0.999561
29645: 0.999561
29646: 0.999562
29647: 0.999562
29648: 0.999562
29649: 0.999562
29650: 0.999562
29651: 0.999562
29652: 0.999562
29653: 0.999562
29654: 0.999562
29655: 0.999562
29656: 0.999562
29657: 0.999562
29658: 0.999562
29659: 0.999562
29660: 0.999562
29661: 0.999562
29662: 0.999562
29663: 0.999562
29664: 0.999562
29665: 0.999562
29666: 0.999562
29667: 0.999562
29668: 0.999562
29669: 0.999562
29670: 0.999562
29671: 0.999562
29672: 0.999562
29673: 0.999562
29674: 0.999562
29675: 0.999562
29676: 0.999562
29677: 0.999562
29678: 0.999562
29679: 0.999562
29680: 0.999562
29681: 0.999562
29682: 0.999562
29683: 0.999562
29684: 0.999562
29685: 0.999562
29686: 0.999562
29687: 0.999562
29688: 0.999562
29689: 0.999562
29690: 0.999562
29691: 0.999562
29692: 0.999562
29693: 0.999562
29694: 0.999562
29695: 0.999562
29696: 0.999562
29697: 0.999562
29698: 0.999562
29699: 0.999562
29700: 0.999562
29701: 0.999562
29702: 0.999562
29703: 0.999562
29704: 0.999562
29705: 0.999562
29706: 0.999562
29707: 0.999562
29708: 0.999562
29709: 0.999562
29710: 0.999562
29711: 0.999562
29712: 0.999562
29713: 0.999562
29714: 0.999563
29715: 0.999563
29716: 0.999563
29717: 0.999563
29718: 0.999563
29719: 0.999563
29720: 0.999563
29721: 0.999563
29722: 0.999563
29723: 0.999563
29724: 0.999563
29725: 0.999563
29726: 0.999563
29727: 0.999563
29728: 0.999563
29729: 0.999563
29730: 0.999563
29731: 0.999563
29732: 0.999563
29733: 0.999563
29734: 0.999563
29735: 0.999563
29736: 0.999563
29737: 0.999563
29738: 0.999563
29739: 0.999563
29740: 0.999563
29741: 0.999563
29742: 0.999563
29743: 0.999563
29744: 0.999563
29745: 0.999563
29746: 0.999563
29747: 0.999563
29748: 0.999563
29749: 0.999563
29750: 0.999563
29751: 0.999563
29752: 0.999563
29753: 0.999563
29754: 0.999563
29755: 0.999563
29756: 0.999563
29757: 0.999563
29758: 0.999563
29759: 0.999563
29760: 0.999563
29761: 0.999563
29762: 0.999563
29763: 0.999563
29764: 0.999563
29765: 0.999563
29766: 0.999563
29767: 0.999563
29768: 0.999563
29769: 0.999563
29770: 0.999563
29771: 0.999563
29772: 0.999563
29773: 0.999563
29774: 0.999563
29775: 0.999563
29776: 0.999563
29777: 0.999563
29778: 0.999563
29779: 0.999563
29780: 0.999563
29781: 0.999563
29782: 0.999564
29783: 0.999564
29784: 0.999564
29785: 0.999564
29786: 0.999564
29787: 0.999564
29788: 0.999564
29789: 0.999564
29790: 0.999564
29791: 0.999564
29792: 0.999564
29793: 0.999564
29794: 0.999564
29795: 0.999564
29796: 0.999564
29797: 0.999564
29798: 0.999564
29799: 0.999564
29800: 0.999564
29801: 0.999564
29802: 0.999564
29803: 0.999564
29804: 0.999564
29805: 0.999564
29806: 0.999564
29807: 0.999564
29808: 0.999564
29809: 0.999564
29810: 0.999564
29811: 0.999564
29812: 0.999564
29813: 0.999564
29814: 0.999564
29815: 0.999564
29816: 0.999564
29817: 0.999564
29818: 0.999564
29819: 0.999564
29820: 0.999564
29821: 0.999564
29822: 0.999564
29823: 0.999564
29824: 0.999564
29825: 0.999564
29826: 0.999564
29827: 0.999564
29828: 0.999564
29829: 0.999564
29830: 0.999564
29831: 0.999564
29832: 0.999564
29833: 0.999564
29834: 0.999564
29835: 0.999564
29836: 0.999564
29837: 0.999564
29838: 0.999564
29839: 0.999564
29840: 0.999564
29841: 0.999564
29842: 0.999564
29843: 0.999564
29844: 0.999564
29845: 0.999564
29846: 0.999564
29847: 0.999564
29848: 0.999564
29849: 0.999564
29850: 0.999565
29851: 0.999565
29852: 0.999565
29853: 0.999565
29854: 0.999565
29855: 0.999565
29856: 0.999565
29857: 0.999565
29858: 0.999565
29859: 0.999565
29860: 0.999565
29861: 0.999565
29862: 0.999565
29863: 0.999565
29864: 0.999565
29865: 0.999565
29866: 0.999565
29867: 0.999565
29868: 0.999565
29869: 0.999565
29870: 0.999565
29871: 0.999565
29872: 0.999565
29873: 0.999565
29874: 0.999565
29875: 0.999565
29876: 0.999565
29877: 0.999565
29878: 0.999565
29879: 0.999565
29880: 0.999565
29881: 0.999565
29882: 0.999565
29883: 0.999565
29884: 0.999565
29885: 0.999565
29886: 0.999565
29887: 0.999565
29888: 0.999565
29889: 0.999565
29890: 0.999565
29891: 0.999565
29892: 0.999565
29893: 0.999565
29894: 0.999565
29895: 0.999565
29896: 0.999565
29897: 0.999565
29898: 0.999565
29899: 0.999565
29900: 0.999565
29901: 0.999565
29902: 0.999565
29903: 0.999565
29904: 0.999565
29905: 0.999565
29906: 0.999565
29907: 0.999565
29908: 0.999565
29909: 0.999565
29910: 0.999565
29911: 0.999565
29912: 0.999565
29913: 0.999565
29914: 0.999565
29915: 0.999565
29916: 0.999565
29917: 0.999565
29918: 0.999565
29919: 0.999566
29920: 0.999566
29921: 0.999566
29922: 0.999566
29923: 0.999566
29924: 0.999566
29925: 0.999566
29926: 0.999566
29927: 0.999566
29928: 0.999566
29929: 0.999566
29930: 0.999566
29931: 0.999566
29932: 0.999566
29933: 0.999566
29934: 0.999566
29935: 0.999566
29936: 0.999566
29937: 0.999566
29938: 0.999566
29939: 0.999566
29940: 0.999566
29941: 0.999566
29942: 0.999566
29943: 0.999566
29944: 0.999566
29945: 0.999566
29946: 0.999566
29947: 0.999566
29948: 0.999566
29949: 0.999566
29950: 0.999566
29951: 0.999566
29952: 0.999566
29953: 0.999566
29954: 0.999566
29955: 0.999566
29956: 0.999566
29957: 0.999566
29958: 0.999566
29959: 0.999566
29960: 0.999566
29961: 0.999566
29962: 0.999566
29963: 0.999566
29964: 0.999566
29965: 0.999566
29966: 0.999566
29967: 0.999566
29968: 0.999566
29969: 0.999566
29970: 0.999566
29971: 0.999566
29972: 0.999566
29973: 0.999566
29974: 0.999566
29975: 0.999566
29976: 0.999566
29977: 0.999566
29978: 0.999566
29979: 0.999566
29980: 0.999566
29981: 0.999566
29982: 0.999566
29983: 0.999566
29984: 0.999566
29985: 0.999566
29986: 0.999566
29987: 0.999566
29988: 0.999567
29989: 0.999567
29990: 0.999567
29991: 0.999567
29992: 0.999567
29993: 0.999567
29994: 0.999567
29995: 0.999567
29996: 0.999567
29997: 0.999567
29998: 0.999567
29999: 0.999567
30000: 0.999567
30001: 0.999567
30002: 0.999567
30003: 0.999567
30004: 0.999567
30005: 0.999567
30006: 0.999567
30007: 0.999567
30008: 0.999567
30009: 0.999567
30010: 0.999567
30011: 0.999567
30012: 0.999567
30013: 0.999567
30014: 0.999567
30015: 0.999567
30016: 0.999567
30017: 0.999567
30018: 0.999567
30019: 0.999567
30020: 0.999567
30021: 0.999567
30022: 0.999567
30023: 0.999567
30024: 0.999567
30025: 0.999567
30026: 0.999567
30027: 0.999567
30028: 0.999567
30029: 0.999567
30030: 0.999567
30031: 0.999567
30032: 0.999567
30033: 0.999567
30034: 0.999567
30035: 0.999567
30036: 0.999567
30037: 0.999567
30038: 0.999567
30039: 0.999567
30040: 0.999567
30041: 0.999567
30042: 0.999567
30043: 0.999567
30044: 0.999567
30045: 0.999567
30046: 0.999567
30047: 0.999567
30048: 0.999567
30049: 0.999567
30050: 0.999567
30051: 0.999567
30052: 0.999567
30053: 0.999567
30054: 0.999567
30055: 0.999567
30056: 0.999567
30057: 0.999568
30058: 0.999568
30059: 0.999568
30060: 0.999568
30061: 0.999568
30062: 0.999568
30063: 0.999568
30064: 0.999568
30065: 0.999568
30066: 0.999568
30067: 0.999568
30068: 0.999568
30069: 0.999568
30070: 0.999568
30071: 0.999568
30072: 0.999568
30073: 0.999568
30074: 0.999568
30075: 0.999568
30076: 0.999568
30077: 0.999568
30078: 0.999568
30079: 0.999568
30080: 0.999568
30081: 0.999568
30082: 0.999568
30083: 0.999568
30084: 0.999568
30085: 0.999568
30086: 0.999568
30087: 0.999568
30088: 0.999568
30089: 0.999568
30090: 0.999568
30091: 0.999568
30092: 0.999568
30093: 0.999568
30094: 0.999568
30095: 0.999568
30096: 0.999568
30097: 0.999568
30098: 0.999568
30099: 0.999568
30100: 0.999568
30101: 0.999568
30102: 0.999568
30103: 0.999568
30104: 0.999568
30105: 0.999568
30106: 0.999568
30107: 0.999568
30108: 0.999568
30109: 0.999568
30110: 0.999568
30111: 0.999568
30112: 0.999568
30113: 0.999568
30114: 0.999568
30115: 0.999568
30116: 0.999568
30117: 0.999568
30118: 0.999568
30119: 0.999568
30120: 0.999568
30121: 0.999568
30122: 0.999568
30123: 0.999568
30124: 0.999568
30125: 0.999568
30126: 0.999568
30127: 0.999569
30128: 0.999569
30129: 0.999569
30130: 0.999569
30131: 0.999569
30132: 0.999569
30133: 0.999569
30134: 0.999569
30135: 0.999569
30136: 0.999569
30137: 0.999569
30138: 0.999569
30139: 0.999569
30140: 0.999569
30141: 0.999569
30142: 0.999569
30143: 0.999569
30144: 0.999569
30145: 0.999569
30146: 0.999569
30147: 0.999569
30148: 0.999569
30149: 0.999569
30150: 0.999569
30151: 0.999569
30152: 0.999569
30153: 0.999569
30154: 0.999569
30155: 0.999569
30156: 0.999569
30157: 0.999569
30158: 0.999569
30159: 0.999569
30160: 0.999569
30161: 0.999569
30162: 0.999569
30163: 0.999569
30164: 0.999569
30165: 0.999569
30166: 0.999569
30167: 0.999569
30168: 0.999569
30169: 0.999569
30170: 0.999569
30171: 0.999569
30172: 0.999569
30173: 0.999569
30174: 0.999569
30175: 0.999569
30176: 0.999569
30177: 0.999569
30178: 0.999569
30179: 0.999569
30180: 0.999569
30181: 0.999569
30182: 0.999569
30183: 0.999569
30184: 0.999569
30185: 0.999569
30186: 0.999569
30187: 0.999569
30188: 0.999569
30189: 0.999569
30190: 0.999569
30191: 0.999569
30192: 0.999569
30193: 0.999569
30194: 0.999569
30195: 0.999569
30196: 0.999569
30197: 0.99957
30198: 0.99957
30199: 0.99957
30200: 0.99957
30201: 0.99957
30202: 0.99957
30203: 0.99957
30204: 0.99957
30205: 0.99957
30206: 0.99957
30207: 0.99957
30208: 0.99957
30209: 0.99957
30210: 0.99957
30211: 0.99957
30212: 0.99957
30213: 0.99957
30214: 0.99957
30215: 0.99957
30216: 0.99957
30217: 0.99957
30218: 0.99957
30219: 0.99957
30220: 0.99957
30221: 0.99957
30222: 0.99957
30223: 0.99957
30224: 0.99957
30225: 0.99957
30226: 0.99957
30227: 0.99957
30228: 0.99957
30229: 0.99957
30230: 0.99957
30231: 0.99957
30232: 0.99957
30233: 0.99957
30234: 0.99957
30235: 0.99957
30236: 0.99957
30237: 0.99957
30238: 0.99957
30239: 0.99957
30240: 0.99957
30241: 0.99957
30242: 0.99957
30243: 0.99957
30244: 0.99957
30245: 0.99957
30246: 0.99957
30247: 0.99957
30248: 0.99957
30249: 0.99957
30250: 0.99957
30251: 0.99957
30252: 0.99957
30253: 0.99957
30254: 0.99957
30255: 0.99957
30256: 0.99957
30257: 0.99957
30258: 0.99957
30259: 0.99957
30260: 0.99957
30261: 0.99957
30262: 0.99957
30263: 0.99957
30264: 0.99957
30265: 0.99957
30266: 0.99957
30267: 0.999571
30268: 0.999571
30269: 0.999571
30270: 0.999571
30271: 0.999571
30272: 0.999571
30273: 0.999571
30274: 0.999571
30275: 0.999571
30276: 0.999571
30277: 0.999571
30278: 0.999571
30279: 0.999571
30280: 0.999571
30281: 0.999571
30282: 0.999571
30283: 0.999571
30284: 0.999571
30285: 0.999571
30286: 0.999571
30287: 0.999571
30288: 0.999571
30289: 0.999571
30290: 0.999571
30291: 0.999571
30292: 0.999571
30293: 0.999571
30294: 0.999571
30295: 0.999571
30296: 0.999571
30297: 0.999571
30298: 0.999571
30299: 0.999571
30300: 0.999571
30301: 0.999571
30302: 0.999571
30303: 0.999571
30304: 0.999571
30305: 0.999571
30306: 0.999571
30307: 0.999571
30308: 0.999571
30309: 0.999571
30310: 0.999571
30311: 0.999571
30312: 0.999571
30313: 0.999571
30314: 0.999571
30315: 0.999571
30316: 0.999571
30317: 0.999571
30318: 0.999571
30319: 0.999571
30320: 0.999571
30321: 0.999571
30322: 0.999571
30323: 0.999571
30324: 0.999571
30325: 0.999571
30326: 0.999571
30327: 0.999571
30328: 0.999571
30329: 0.999571
30330: 0.999571
30331: 0.999571
30332: 0.999571
30333: 0.999571
30334: 0.999571
30335: 0.999571
30336: 0.999571
30337: 0.999571
30338: 0.999572
30339: 0.999572
30340: 0.999572
30341: 0.999572
30342: 0.999572
30343: 0.999572
30344: 0.999572
30345: 0.999572
30346: 0.999572
30347: 0.999572
30348: 0.999572
30349: 0.999572
30350: 0.999572
30351: 0.999572
30352: 0.999572
30353: 0.999572
30354: 0.999572
30355: 0.999572
30356: 0.999572
30357: 0.999572
30358: 0.999572
30359: 0.999572
30360: 0.999572
30361: 0.999572
30362: 0.999572
30363: 0.999572
30364: 0.999572
30365: 0.999572
30366: 0.999572
30367: 0.999572
30368: 0.999572
30369: 0.999572
30370: 0.999572
30371: 0.999572
30372: 0.999572
30373: 0.999572
30374: 0.999572
30375: 0.999572
30376: 0.999572
30377: 0.999572
30378: 0.999572
30379: 0.999572
30380: 0.999572
30381: 0.999572
30382: 0.999572
30383: 0.999572
30384: 0.999572
30385: 0.999572
30386: 0.999572
30387: 0.999572
30388: 0.999572
30389: 0.999572
30390: 0.999572
30391: 0.999572
30392: 0.999572
30393: 0.999572
30394: 0.999572
30395: 0.999572
30396: 0.999572
30397: 0.999572
30398: 0.999572
30399: 0.999572
30400: 0.999572
30401: 0.999572
30402: 0.999572
30403: 0.999572
30404: 0.999572
30405: 0.999572
30406: 0.999572
30407: 0.999572
30408: 0.999572
30409: 0.999573
30410: 0.999573
30411: 0.999573
30412: 0.999573
30413: 0.999573
30414: 0.999573
30415: 0.999573
30416: 0.999573
30417: 0.999573
30418: 0.999573
30419: 0.999573
30420: 0.999573
30421: 0.999573
30422: 0.999573
30423: 0.999573
30424: 0.999573
30425: 0.999573
30426: 0.999573
30427: 0.999573
30428: 0.999573
30429: 0.999573
30430: 0.999573
30431: 0.999573
30432: 0.999573
30433: 0.999573
30434: 0.999573
30435: 0.999573
30436: 0.999573
30437: 0.999573
30438: 0.999573
30439: 0.999573
30440: 0.999573
30441: 0.999573
30442: 0.999573
30443: 0.999573
30444: 0.999573
30445: 0.999573
30446: 0.999573
30447: 0.999573
30448: 0.999573
30449: 0.999573
30450: 0.999573
30451: 0.999573
30452: 0.999573
30453: 0.999573
30454: 0.999573
30455: 0.999573
30456: 0.999573
30457: 0.999573
30458: 0.999573
30459: 0.999573
30460: 0.999573
30461: 0.999573
30462: 0.999573
30463: 0.999573
30464: 0.999573
30465: 0.999573
30466: 0.999573
30467: 0.999573
30468: 0.999573
30469: 0.999573
30470: 0.999573
30471: 0.999573
30472: 0.999573
30473: 0.999573
30474: 0.999573
30475: 0.999573
30476: 0.999573
30477: 0.999573
30478: 0.999573
30479: 0.999573
30480: 0.999574
30481: 0.999574
30482: 0.999574
30483: 0.999574
30484: 0.999574
30485: 0.999574
30486: 0.999574
30487: 0.999574
30488: 0.999574
30489: 0.999574
30490: 0.999574
30491: 0.999574
30492: 0.999574
30493: 0.999574
30494: 0.999574
30495: 0.999574
30496: 0.999574
30497: 0.999574
30498: 0.999574
30499: 0.999574
30500: 0.999574
30501: 0.999574
30502: 0.999574
30503: 0.999574
30504: 0.999574
30505: 0.999574
30506: 0.999574
30507: 0.999574
30508: 0.999574
30509: 0.999574
30510: 0.999574
30511: 0.999574
30512: 0.999574
30513: 0.999574
30514: 0.999574
30515: 0.999574
30516: 0.999574
30517: 0.999574
30518: 0.999574
30519: 0.999574
30520: 0.999574
30521: 0.999574
30522: 0.999574
30523: 0.999574
30524: 0.999574
30525: 0.999574
30526: 0.999574
30527: 0.999574
30528: 0.999574
30529: 0.999574
30530: 0.999574
30531: 0.999574
30532: 0.999574
30533: 0.999574
30534: 0.999574
30535: 0.999574
30536: 0.999574
30537: 0.999574
30538: 0.999574
30539: 0.999574
30540: 0.999574
30541: 0.999574
30542: 0.999574
30543: 0.999574
30544: 0.999574
30545: 0.999574
30546: 0.999574
30547: 0.999574
30548: 0.999574
30549: 0.999574
30550: 0.999574
30551: 0.999574
30552: 0.999575
30553: 0.999575
30554: 0.999575
30555: 0.999575
30556: 0.999575
30557: 0.999575
30558: 0.999575
30559: 0.999575
30560: 0.999575
30561: 0.999575
30562: 0.999575
30563: 0.999575
30564: 0.999575
30565: 0.999575
30566: 0.999575
30567: 0.999575
30568: 0.999575
30569: 0.999575
30570: 0.999575
30571: 0.999575
30572: 0.999575
30573: 0.999575
30574: 0.999575
30575: 0.999575
30576: 0.999575
30577: 0.999575
30578: 0.999575
30579: 0.999575
30580: 0.999575
30581: 0.999575
30582: 0.999575
30583: 0.999575
30584: 0.999575
30585: 0.999575
30586: 0.999575
30587: 0.999575
30588: 0.999575
30589: 0.999575
30590: 0.999575
30591: 0.999575
30592: 0.999575
30593: 0.999575
30594: 0.999575
30595: 0.999575
30596: 0.999575
30597: 0.999575
30598: 0.999575
30599: 0.999575
30600: 0.999575
30601: 0.999575
30602: 0.999575
30603: 0.999575
30604: 0.999575
30605: 0.999575
30606: 0.999575
30607: 0.999575
30608: 0.999575
30609: 0.999575
30610: 0.999575
30611: 0.999575
30612: 0.999575
30613: 0.999575
30614: 0.999575
30615: 0.999575
30616: 0.999575
30617: 0.999575
30618: 0.999575
30619: 0.999575
30620: 0.999575
30621: 0.999575
30622: 0.999575
30623: 0.999575
30624: 0.999576
30625: 0.999576
30626: 0.999576
30627: 0.999576
30628: 0.999576
30629: 0.999576
30630: 0.999576
30631: 0.999576
30632: 0.999576
30633: 0.999576
30634: 0.999576
30635: 0.999576
30636: 0.999576
30637: 0.999576
30638: 0.999576
30639: 0.999576
30640: 0.999576
30641: 0.999576
30642: 0.999576
30643: 0.999576
30644: 0.999576
30645: 0.999576
30646: 0.999576
30647: 0.999576
30648: 0.999576
30649: 0.999576
30650: 0.999576
30651: 0.999576
30652: 0.999576
30653: 0.999576
30654: 0.999576
30655: 0.999576
30656: 0.999576
30657: 0.999576
30658: 0.999576
30659: 0.999576
30660: 0.999576
30661: 0.999576
30662: 0.999576
30663: 0.999576
30664: 0.999576
30665: 0.999576
30666: 0.999576
30667: 0.999576
30668: 0.999576
30669: 0.999576
30670: 0.999576
30671: 0.999576
30672: 0.999576
30673: 0.999576
30674: 0.999576
30675: 0.999576
30676: 0.999576
30677: 0.999576
30678: 0.999576
30679: 0.999576
30680: 0.999576
30681: 0.999576
30682: 0.999576
30683: 0.999576
30684: 0.999576
30685: 0.999576
30686: 0.999576
30687: 0.999576
30688: 0.999576
30689: 0.999576
30690: 0.999576
30691: 0.999576
30692: 0.999576
30693: 0.999576
30694: 0.999576
30695: 0.999576
30696: 0.999577
30697: 0.999577
30698: 0.999577
30699: 0.999577
30700: 0.999577
30701: 0.999577
30702: 0.999577
30703: 0.999577
30704: 0.999577
30705: 0.999577
30706: 0.999577
30707: 0.999577
30708: 0.999577
30709: 0.999577
30710: 0.999577
30711: 0.999577
30712: 0.999577
30713: 0.999577
30714: 0.999577
30715: 0.999577
30716: 0.999577
30717: 0.999577
30718: 0.999577
30719: 0.999577
30720: 0.999577
30721: 0.999577
30722: 0.999577
30723: 0.999577
30724: 0.999577
30725: 0.999577
30726: 0.999577
30727: 0.999577
30728: 0.999577
30729: 0.999577
30730: 0.999577
30731: 0.999577
30732: 0.999577
30733: 0.999577
30734: 0.999577
30735: 0.999577
30736: 0.999577
30737: 0.999577
30738: 0.999577
30739: 0.999577
30740: 0.999577
30741: 0.999577
30742: 0.999577
30743: 0.999577
30744: 0.999577
30745: 0.999577
30746: 0.999577
30747: 0.999577
30748: 0.999577
30749: 0.999577
30750: 0.999577
30751: 0.999577
30752: 0.999577
30753: 0.999577
30754: 0.999577
30755: 0.999577
30756: 0.999577
30757: 0.999577
30758: 0.999577
30759: 0.999577
30760: 0.999577
30761: 0.999577
30762: 0.999577
30763: 0.999577
30764: 0.999577
30765: 0.999577
30766: 0.999577
30767: 0.999577
30768: 0.999577
30769: 0.999578
30770: 0.999578
30771: 0.999578
30772: 0.999578
30773: 0.999578
30774: 0.999578
30775: 0.999578
30776: 0.999578
30777: 0.999578
30778: 0.999578
30779: 0.999578
30780: 0.999578
30781: 0.999578
30782: 0.999578
30783: 0.999578
30784: 0.999578
30785: 0.999578
30786: 0.999578
30787: 0.999578
30788: 0.999578
30789: 0.999578
30790: 0.999578
30791: 0.999578
30792: 0.999578
30793: 0.999578
30794: 0.999578
30795: 0.999578
30796: 0.999578
30797: 0.999578
30798: 0.999578
30799: 0.999578
30800: 0.999578
30801: 0.999578
30802: 0.999578
30803: 0.999578
30804: 0.999578
30805: 0.999578
30806: 0.999578
30807: 0.999578
30808: 0.999578
30809: 0.999578
30810: 0.999578
30811: 0.999578
30812: 0.999578
30813: 0.999578
30814: 0.999578
30815: 0.999578
30816: 0.999578
30817: 0.999578
30818: 0.999578
30819: 0.999578
30820: 0.999578
30821: 0.999578
30822: 0.999578
30823: 0.999578
30824: 0.999578
30825: 0.999578
30826: 0.999578
30827: 0.999578
30828: 0.999578
30829: 0.999578
30830: 0.999578
30831: 0.999578
30832: 0.999578
30833: 0.999578
30834: 0.999578
30835: 0.999578
30836: 0.999578
30837: 0.999578
30838: 0.999578
30839: 0.999578
30840: 0.999578
30841: 0.999578
30842: 0.999579
30843: 0.999579
30844: 0.999579
30845: 0.999579
30846: 0.999579
30847: 0.999579
30848: 0.999579
30849: 0.999579
30850: 0.999579
30851: 0.999579
30852: 0.999579
30853: 0.999579
30854: 0.999579
30855: 0.999579
30856: 0.999579
30857: 0.999579
30858: 0.999579
30859: 0.999579
30860: 0.999579
30861: 0.999579
30862: 0.999579
30863: 0.999579
30864: 0.999579
30865: 0.999579
30866: 0.999579
30867: 0.999579
30868: 0.999579
30869: 0.999579
30870: 0.999579
30871: 0.999579
30872: 0.999579
30873: 0.999579
30874: 0.999579
30875: 0.999579
30876: 0.999579
30877: 0.999579
30878: 0.999579
30879: 0.999579
30880: 0.999579
30881: 0.999579
30882: 0.999579
30883: 0.999579
30884: 0.999579
30885: 0.999579
30886: 0.999579
30887: 0.999579
30888: 0.999579
30889: 0.999579
30890: 0.999579
30891: 0.999579
30892: 0.999579
30893: 0.999579
30894: 0.999579
30895: 0.999579
30896: 0.999579
30897: 0.999579
30898: 0.999579
30899: 0.999579
30900: 0.999579
30901: 0.999579
30902: 0.999579
30903: 0.999579
30904: 0.999579
30905: 0.999579
30906: 0.999579
30907: 0.999579
30908: 0.999579
30909: 0.999579
30910: 0.999579
30911: 0.999579
30912: 0.999579
30913: 0.999579
30914: 0.999579
30915: 0.99958
30916: 0.99958
30917: 0.99958
30918: 0.99958
30919: 0.99958
30920: 0.99958
30921: 0.99958
30922: 0.99958
30923: 0.99958
30924: 0.99958
30925: 0.99958
30926: 0.99958
30927: 0.99958
30928: 0.99958
30929: 0.99958
30930: 0.99958
30931: 0.99958
30932: 0.99958
30933: 0.99958
30934: 0.99958
30935: 0.99958
30936: 0.99958
30937: 0.99958
30938: 0.99958
30939: 0.99958
30940: 0.99958
30941: 0.99958
30942: 0.99958
30943: 0.99958
30944: 0.99958
30945: 0.99958
30946: 0.99958
30947: 0.99958
30948: 0.99958
30949: 0.99958
30950: 0.99958
30951: 0.99958
30952: 0.99958
30953: 0.99958
30954: 0.99958
30955: 0.99958
30956: 0.99958
30957: 0.99958
30958: 0.99958
30959: 0.99958
30960: 0.99958
30961: 0.99958
30962: 0.99958
30963: 0.99958
30964: 0.99958
30965: 0.99958
30966: 0.99958
30967: 0.99958
30968: 0.99958
30969: 0.99958
30970: 0.99958
30971: 0.99958
30972: 0.99958
30973: 0.99958
30974: 0.99958
30975: 0.99958
30976: 0.99958
30977: 0.99958
30978: 0.99958
30979: 0.99958
30980: 0.99958
30981: 0.99958
30982: 0.99958
30983: 0.99958
30984: 0.99958
30985: 0.99958
30986: 0.99958
30987: 0.99958
30988: 0.99958
30989: 0.999581
30990: 0.999581
30991: 0.999581
30992: 0.999581
30993: 0.999581
30994: 0.999581
30995: 0.999581
30996: 0.999581
30997: 0.999581
30998: 0.999581
30999: 0.999581
31000: 0.999581
31001: 0.999581
31002: 0.999581
31003: 0.999581
31004: 0.999581
31005: 0.999581
31006: 0.999581
31007: 0.999581
31008: 0.999581
31009: 0.999581
31010: 0.999581
31011: 0.999581
31012: 0.999581
31013: 0.999581
31014: 0.999581
31015: 0.999581
31016: 0.999581
31017: 0.999581
31018: 0.999581
31019: 0.999581
31020: 0.999581
31021: 0.999581
31022: 0.999581
31023: 0.999581
31024: 0.999581
31025: 0.999581
31026: 0.999581
31027: 0.999581
31028: 0.999581
31029: 0.999581
31030: 0.999581
31031: 0.999581
31032: 0.999581
31033: 0.999581
31034: 0.999581
31035: 0.999581
31036: 0.999581
31037: 0.999581
31038: 0.999581
31039: 0.999581
31040: 0.999581
31041: 0.999581
31042: 0.999581
31043: 0.999581
31044: 0.999581
31045: 0.999581
31046: 0.999581
31047: 0.999581
31048: 0.999581
31049: 0.999581
31050: 0.999581
31051: 0.999581
31052: 0.999581
31053: 0.999581
31054: 0.999581
31055: 0.999581
31056: 0.999581
31057: 0.999581
31058: 0.999581
31059: 0.999581
31060: 0.999581
31061: 0.999581
31062: 0.999581
31063: 0.999582
31064: 0.999582
31065: 0.999582
31066: 0.999582
31067: 0.999582
31068: 0.999582
31069: 0.999582
31070: 0.999582
31071: 0.999582
31072: 0.999582
31073: 0.999582
31074: 0.999582
31075: 0.999582
31076: 0.999582
31077: 0.999582
31078: 0.999582
31079: 0.999582
31080: 0.999582
31081: 0.999582
31082: 0.999582
31083: 0.999582
31084: 0.999582
31085: 0.999582
31086: 0.999582
31087: 0.999582
31088: 0.999582
31089: 0.999582
31090: 0.999582
31091: 0.999582
31092: 0.999582
31093: 0.999582
31094: 0.999582
31095: 0.999582
31096: 0.999582
31097: 0.999582
31098: 0.999582
31099: 0.999582
31100: 0.999582
31101: 0.999582
31102: 0.999582
31103: 0.999582
31104: 0.999582
31105: 0.999582
31106: 0.999582
31107: 0.999582
31108: 0.999582
31109: 0.999582
31110: 0.999582
31111: 0.999582
31112: 0.999582
31113: 0.999582
31114: 0.999582
31115: 0.999582
31116: 0.999582
31117: 0.999582
31118: 0.999582
31119: 0.999582
31120: 0.999582
31121: 0.999582
31122: 0.999582
31123: 0.999582
31124: 0.999582
31125: 0.999582
31126: 0.999582
31127: 0.999582
31128: 0.999582
31129: 0.999582
31130: 0.999582
31131: 0.999582
31132: 0.999582
31133: 0.999582
31134: 0.999582
31135: 0.999582
31136: 0.999582
31137: 0.999583
31138: 0.999583
31139: 0.999583
31140: 0.999583
31141: 0.999583
31142: 0.999583
31143: 0.999583
31144: 0.999583
31145: 0.999583
31146: 0.999583
31147: 0.999583
31148: 0.999583
31149: 0.999583
31150: 0.999583
31151: 0.999583
31152: 0.999583
31153: 0.999583
31154: 0.999583
31155: 0.999583
31156: 0.999583
31157: 0.999583
31158: 0.999583
31159: 0.999583
31160: 0.999583
31161: 0.999583
31162: 0.999583
31163: 0.999583
31164: 0.999583
31165: 0.999583
31166: 0.999583
31167: 0.999583
31168: 0.999583
31169: 0.999583
31170: 0.999583
31171: 0.999583
31172: 0.999583
31173: 0.999583
31174: 0.999583
31175: 0.999583
31176: 0.999583
31177: 0.999583
31178: 0.999583
31179: 0.999583
31180: 0.999583
31181: 0.999583
31182: 0.999583
31183: 0.999583
31184: 0.999583
31185: 0.999583
31186: 0.999583
31187: 0.999583
31188: 0.999583
31189: 0.999583
31190: 0.999583
31191: 0.999583
31192: 0.999583
31193: 0.999583
31194: 0.999583
31195: 0.999583
31196: 0.999583
31197: 0.999583
31198: 0.999583
31199: 0.999583
31200: 0.999583
31201: 0.999583
31202: 0.999583
31203: 0.999583
31204: 0.999583
31205: 0.999583
31206: 0.999583
31207: 0.999583
31208: 0.999583
31209: 0.999583
31210: 0.999583
31211: 0.999583
31212: 0.999584
31213: 0.999584
31214: 0.999584
31215: 0.999584
31216: 0.999584
31217: 0.999584
31218: 0.999584
31219: 0.999584
31220: 0.999584
31221: 0.999584
31222: 0.999584
31223: 0.999584
31224: 0.999584
31225: 0.999584
31226: 0.999584
31227: 0.999584
31228: 0.999584
31229: 0.999584
31230: 0.999584
31231: 0.999584
31232: 0.999584
31233: 0.999584
31234: 0.999584
31235: 0.999584
31236: 0.999584
31237: 0.999584
31238: 0.999584
31239: 0.999584
31240: 0.999584
31241: 0.999584
31242: 0.999584
31243: 0.999584
31244: 0.999584
31245: 0.999584
31246: 0.999584
31247: 0.999584
31248: 0.999584
31249: 0.999584
31250: 0.999584
31251: 0.999584
31252: 0.999584
31253: 0.999584
31254: 0.999584
31255: 0.999584
31256: 0.999584
31257: 0.999584
31258: 0.999584
31259: 0.999584
31260: 0.999584
31261: 0.999584
31262: 0.999584
31263: 0.999584
31264: 0.999584
31265: 0.999584
31266: 0.999584
31267: 0.999584
31268: 0.999584
31269: 0.999584
31270: 0.999584
31271: 0.999584
31272: 0.999584
31273: 0.999584
31274: 0.999584
31275: 0.999584
31276: 0.999584
31277: 0.999584
31278: 0.999584
31279: 0.999584
31280: 0.999584
31281: 0.999584
31282: 0.999584
31283: 0.999584
31284: 0.999584
31285: 0.999584
31286: 0.999584
31287: 0.999585
31288: 0.999585
31289: 0.999585
31290: 0.999585
31291: 0.999585
31292: 0.999585
31293: 0.999585
31294: 0.999585
31295: 0.999585
31296: 0.999585
31297: 0.999585
31298: 0.999585
31299: 0.999585
31300: 0.999585
31301: 0.999585
31302: 0.999585
31303: 0.999585
31304: 0.999585
31305: 0.999585
31306: 0.999585
31307: 0.999585
31308: 0.999585
31309: 0.999585
31310: 0.999585
31311: 0.999585
31312: 0.999585
31313: 0.999585
31314: 0.999585
31315: 0.999585
31316: 0.999585
31317: 0.999585
31318: 0.999585
31319: 0.999585
31320: 0.999585
31321: 0.999585
31322: 0.999585
31323: 0.999585
31324: 0.999585
31325: 0.999585
31326: 0.999585
31327: 0.999585
31328: 0.999585
31329: 0.999585
31330: 0.999585
31331: 0.999585
31332: 0.999585
31333: 0.999585
31334: 0.999585
31335: 0.999585
31336: 0.999585
31337: 0.999585
31338: 0.999585
31339: 0.999585
31340: 0.999585
31341: 0.999585
31342: 0.999585
31343: 0.999585
31344: 0.999585
31345: 0.999585
31346: 0.999585
31347: 0.999585
31348: 0.999585
31349: 0.999585
31350: 0.999585
31351: 0.999585
31352: 0.999585
31353: 0.999585
31354: 0.999585
31355: 0.999585
31356: 0.999585
31357: 0.999585
31358: 0.999585
31359: 0.999585
31360: 0.999585
31361: 0.999585
31362: 0.999585
31363: 0.999586
31364: 0.999586
31365: 0.999586
31366: 0.999586
31367: 0.999586
31368: 0.999586
31369: 0.999586
31370: 0.999586
31371: 0.999586
31372: 0.999586
31373: 0.999586
31374: 0.999586
31375: 0.999586
31376: 0.999586
31377: 0.999586
31378: 0.999586
31379: 0.999586
31380: 0.999586
31381: 0.999586
31382: 0.999586
31383: 0.999586
31384: 0.999586
31385: 0.999586
31386: 0.999586
31387: 0.999586
31388: 0.999586
31389: 0.999586
31390: 0.999586
31391: 0.999586
31392: 0.999586
31393: 0.999586
31394: 0.999586
31395: 0.999586
31396: 0.999586
31397: 0.999586
31398: 0.999586
31399: 0.999586
31400: 0.999586
31401: 0.999586
31402: 0.999586
31403: 0.999586
31404: 0.999586
31405: 0.999586
31406: 0.999586
31407: 0.999586
31408: 0.999586
31409: 0.999586
31410: 0.999586
31411: 0.999586
31412: 0.999586
31413: 0.999586
31414: 0.999586
31415: 0.999586
31416: 0.999586
31417: 0.999586
31418: 0.999586
31419: 0.999586
31420: 0.999586
31421: 0.999586
31422: 0.999586
31423: 0.999586
31424: 0.999586
31425: 0.999586
31426: 0.999586
31427: 0.999586
31428: 0.999586
31429: 0.999586
31430: 0.999586
31431: 0.999586
31432: 0.999586
31433: 0.999586
31434: 0.999586
31435: 0.999586
31436: 0.999586
31437: 0.999586
31438: 0.999587
31439: 0.999587
31440: 0.999587
31441: 0.999587
31442: 0.999587
31443: 0.999587
31444: 0.999587
31445: 0.999587
31446: 0.999587
31447: 0.999587
31448: 0.999587
31449: 0.999587
31450: 0.999587
31451: 0.999587
31452: 0.999587
31453: 0.999587
31454: 0.999587
31455: 0.999587
31456: 0.999587
31457: 0.999587
31458: 0.999587
31459: 0.999587
31460: 0.999587
31461: 0.999587
31462: 0.999587
31463: 0.999587
31464: 0.999587
31465: 0.999587
31466: 0.999587
31467: 0.999587
31468: 0.999587
31469: 0.999587
31470: 0.999587
31471: 0.999587
31472: 0.999587
31473: 0.999587
31474: 0.999587
31475: 0.999587
31476: 0.999587
31477: 0.999587
31478: 0.999587
31479: 0.999587
31480: 0.999587
31481: 0.999587
31482: 0.999587
31483: 0.999587
31484: 0.999587
31485: 0.999587
31486: 0.999587
31487: 0.999587
31488: 0.999587
31489: 0.999587
31490: 0.999587
31491: 0.999587
31492: 0.999587
31493: 0.999587
31494: 0.999587
31495: 0.999587
31496: 0.999587
31497: 0.999587
31498: 0.999587
31499: 0.999587
31500: 0.999587
31501: 0.999587
31502: 0.999587
31503: 0.999587
31504: 0.999587
31505: 0.999587
31506: 0.999587
31507: 0.999587
31508: 0.999587
31509: 0.999587
31510: 0.999587
31511: 0.999587
31512: 0.999587
31513: 0.999587
31514: 0.999587
31515: 0.999588
31516: 0.999588
31517: 0.999588
31518: 0.999588
31519: 0.999588
31520: 0.999588
31521: 0.999588
31522: 0.999588
31523: 0.999588
31524: 0.999588
31525: 0.999588
31526: 0.999588
31527: 0.999588
31528: 0.999588
31529: 0.999588
31530: 0.999588
31531: 0.999588
31532: 0.999588
31533: 0.999588
31534: 0.999588
31535: 0.999588
31536: 0.999588
31537: 0.999588
31538: 0.999588
31539: 0.999588
31540: 0.999588
31541: 0.999588
31542: 0.999588
31543: 0.999588
31544: 0.999588
31545: 0.999588
31546: 0.999588
31547: 0.999588
31548: 0.999588
31549: 0.999588
31550: 0.999588
31551: 0.999588
31552: 0.999588
31553: 0.999588
31554: 0.999588
31555: 0.999588
31556: 0.999588
31557: 0.999588
31558: 0.999588
31559: 0.999588
31560: 0.999588
31561: 0.999588
31562: 0.999588
31563: 0.999588
31564: 0.999588
31565: 0.999588
31566: 0.999588
31567: 0.999588
31568: 0.999588
31569: 0.999588
31570: 0.999588
31571: 0.999588
31572: 0.999588
31573: 0.999588
31574: 0.999588
31575: 0.999588
31576: 0.999588
31577: 0.999588
31578: 0.999588
31579: 0.999588
31580: 0.999588
31581: 0.999588
31582: 0.999588
31583: 0.999588
31584: 0.999588
31585: 0.999588
31586: 0.999588
31587: 0.999588
31588: 0.999588
31589: 0.999588
31590: 0.999588
31591: 0.999589
31592: 0.999589
31593: 0.999589
31594: 0.999589
31595: 0.999589
31596: 0.999589
31597: 0.999589
31598: 0.999589
31599: 0.999589
31600: 0.999589
31601: 0.999589
31602: 0.999589
31603: 0.999589
31604: 0.999589
31605: 0.999589
31606: 0.999589
31607: 0.999589
31608: 0.999589
31609: 0.999589
31610: 0.999589
31611: 0.999589
31612: 0.999589
31613: 0.999589
31614: 0.999589
31615: 0.999589
31616: 0.999589
31617: 0.999589
31618: 0.999589
31619: 0.999589
31620: 0.999589
31621: 0.999589
31622: 0.999589
31623: 0.999589
31624: 0.999589
31625: 0.999589
31626: 0.999589
31627: 0.999589
31628: 0.999589
31629: 0.999589
31630: 0.999589
31631: 0.999589
31632: 0.999589
31633: 0.999589
31634: 0.999589
31635: 0.999589
31636: 0.999589
31637: 0.999589
31638: 0.999589
31639: 0.999589
31640: 0.999589
31641: 0.999589
31642: 0.999589
31643: 0.999589
31644: 0.999589
31645: 0.999589
31646: 0.999589
31647: 0.999589
31648: 0.999589
31649: 0.999589
31650: 0.999589
31651: 0.999589
31652: 0.999589
31653: 0.999589
31654: 0.999589
31655: 0.999589
31656: 0.999589
31657: 0.999589
31658: 0.999589
31659: 0.999589
31660: 0.999589
31661: 0.999589
31662: 0.999589
31663: 0.999589
31664: 0.999589
31665: 0.999589
31666: 0.999589
31667: 0.999589
31668: 0.99959
31669: 0.99959
31670: 0.99959
31671: 0.99959
31672: 0.99959
31673: 0.99959
31674: 0.99959
31675: 0.99959
31676: 0.99959
31677: 0.99959
31678: 0.99959
31679: 0.99959
31680: 0.99959
31681: 0.99959
31682: 0.99959
31683: 0.99959
31684: 0.99959
31685: 0.99959
31686: 0.99959
31687: 0.99959
31688: 0.99959
31689: 0.99959
31690: 0.99959
31691: 0.99959
31692: 0.99959
31693: 0.99959
31694: 0.99959
31695: 0.99959
31696: 0.99959
31697: 0.99959
31698: 0.99959
31699: 0.99959
31700: 0.99959
31701: 0.99959
31702: 0.99959
31703: 0.99959
31704: 0.99959
31705: 0.99959
31706: 0.99959
31707: 0.99959
31708: 0.99959
31709: 0.99959
31710: 0.99959
31711: 0.99959
31712: 0.99959
31713: 0.99959
31714: 0.99959
31715: 0.99959
31716: 0.99959
31717: 0.99959
31718: 0.99959
31719: 0.99959
31720: 0.99959
31721: 0.99959
31722: 0.99959
31723: 0.99959
31724: 0.99959
31725: 0.99959
31726: 0.99959
31727: 0.99959
31728: 0.99959
31729: 0.99959
31730: 0.99959
31731: 0.99959
31732: 0.99959
31733: 0.99959
31734: 0.99959
31735: 0.99959
31736: 0.99959
31737: 0.99959
31738: 0.99959
31739: 0.99959
31740: 0.99959
31741: 0.99959
31742: 0.99959
31743: 0.99959
31744: 0.99959
31745: 0.99959
31746: 0.999591
31747: 0.999591
31748: 0.999591
31749: 0.999591
31750: 0.999591
31751: 0.999591
31752: 0.999591
31753: 0.999591
31754: 0.999591
31755: 0.999591
31756: 0.999591
31757: 0.999591
31758: 0.999591
31759: 0.999591
31760: 0.999591
31761: 0.999591
31762: 0.999591
31763: 0.999591
31764: 0.999591
31765: 0.999591
31766: 0.999591
31767: 0.999591
31768: 0.999591
31769: 0.999591
31770: 0.999591
31771: 0.999591
31772: 0.999591
31773: 0.999591
31774: 0.999591
31775: 0.999591
31776: 0.999591
31777: 0.999591
31778: 0.999591
31779: 0.999591
31780: 0.999591
31781: 0.999591
31782: 0.999591
31783: 0.999591
31784: 0.999591
31785: 0.999591
31786: 0.999591
31787: 0.999591
31788: 0.999591
31789: 0.999591
31790: 0.999591
31791: 0.999591
31792: 0.999591
31793: 0.999591
31794: 0.999591
31795: 0.999591
31796: 0.999591
31797: 0.999591
31798: 0.999591
31799: 0.999591
31800: 0.999591
31801: 0.999591
31802: 0.999591
31803: 0.999591
31804: 0.999591
31805: 0.999591
31806: 0.999591
31807: 0.999591
31808: 0.999591
31809: 0.999591
31810: 0.999591
31811: 0.999591
31812: 0.999591
31813: 0.999591
31814: 0.999591
31815: 0.999591
31816: 0.999591
31817: 0.999591
31818: 0.999591
31819: 0.999591
31820: 0.999591
31821: 0.999591
31822: 0.999591
31823: 0.999592
31824: 0.999592
31825: 0.999592
31826: 0.999592
31827: 0.999592
31828: 0.999592
31829: 0.999592
31830: 0.999592
31831: 0.999592
31832: 0.999592
31833: 0.999592
31834: 0.999592
31835: 0.999592
31836: 0.999592
31837: 0.999592
31838: 0.999592
31839: 0.999592
31840: 0.999592
31841: 0.999592
31842: 0.999592
31843: 0.999592
31844: 0.999592
31845: 0.999592
31846: 0.999592
31847: 0.999592
31848: 0.999592
31849: 0.999592
31850: 0.999592
31851: 0.999592
31852: 0.999592
31853: 0.999592
31854: 0.999592
31855: 0.999592
31856: 0.999592
31857: 0.999592
31858: 0.999592
31859: 0.999592
31860: 0.999592
31861: 0.999592
31862: 0.999592
31863: 0.999592
31864: 0.999592
31865: 0.999592
31866: 0.999592
31867: 0.999592
31868: 0.999592
31869: 0.999592
31870: 0.999592
31871: 0.999592
31872: 0.999592
31873: 0.999592
31874: 0.999592
31875: 0.999592
31876: 0.999592
31877: 0.999592
31878: 0.999592
31879: 0.999592
31880: 0.999592
31881: 0.999592
31882: 0.999592
31883: 0.999592
31884: 0.999592
31885: 0.999592
31886: 0.999592
31887: 0.999592
31888: 0.999592
31889: 0.999592
31890: 0.999592
31891: 0.999592
31892: 0.999592
31893: 0.999592
31894: 0.999592
31895: 0.999592
31896: 0.999592
31897: 0.999592
31898: 0.999592
31899: 0.999592
31900: 0.999592
31901: 0.999593
31902: 0.999593
31903: 0.999593
31904: 0.999593
31905: 0.999593
31906: 0.999593
31907: 0.999593
31908: 0.999593
31909: 0.999593
31910: 0.999593
31911: 0.999593
31912: 0.999593
31913: 0.999593
31914: 0.999593
31915: 0.999593
31916: 0.999593
31917: 0.999593
31918: 0.999593
31919: 0.999593
31920: 0.999593
31921: 0.999593
31922: 0.999593
31923: 0.999593
31924: 0.999593
31925: 0.999593
31926: 0.999593
31927: 0.999593
31928: 0.999593
31929: 0.999593
31930: 0.999593
31931: 0.999593
31932: 0.999593
31933: 0.999593
31934: 0.999593
31935: 0.999593
31936: 0.999593
31937: 0.999593
31938: 0.999593
31939: 0.999593
31940: 0.999593
31941: 0.999593
31942: 0.999593
31943: 0.999593
31944: 0.999593
31945: 0.999593
31946: 0.999593
31947: 0.999593
31948: 0.999593
31949: 0.999593
31950: 0.999593
31951: 0.999593
31952: 0.999593
31953: 0.999593
31954: 0.999593
31955: 0.999593
31956: 0.999593
31957: 0.999593
31958: 0.999593
31959: 0.999593
31960: 0.999593
31961: 0.999593
31962: 0.999593
31963: 0.999593
31964: 0.999593
31965: 0.999593
31966: 0.999593
31967: 0.999593
31968: 0.999593
31969: 0.999593
31970: 0.999593
31971: 0.999593
31972: 0.999593
31973: 0.999593
31974: 0.999593
31975: 0.999593
31976: 0.999593
31977: 0.999593
31978: 0.999593
31979: 0.999593
31980: 0.999594
31981: 0.999594
31982: 0.999594
31983: 0.999594
31984: 0.999594
31985: 0.999594
31986: 0.999594
31987: 0.999594
31988: 0.999594
31989: 0.999594
31990: 0.999594
31991: 0.999594
31992: 0.999594
31993: 0.999594
31994: 0.999594
31995: 0.999594
31996: 0.999594
31997: 0.999594
31998: 0.999594
31999: 0.999594
32000: 0.999594
32001: 0.999594
32002: 0.999594
32003: 0.999594
32004: 0.999594
32005: 0.999594
32006: 0.999594
32007: 0.999594
32008: 0.999594
32009: 0.999594
32010: 0.999594
32011: 0.999594
32012: 0.999594
32013: 0.999594
32014: 0.999594
32015: 0.999594
32016: 0.999594
32017: 0.999594
32018: 0.999594
32019: 0.999594
32020: 0.999594
32021: 0.999594
32022: 0.999594
32023: 0.999594
32024: 0.999594
32025: 0.999594
32026: 0.999594
32027: 0.999594
32028: 0.999594
32029: 0.999594
32030: 0.999594
32031: 0.999594
32032: 0.999594
32033: 0.999594
32034: 0.999594
32035: 0.999594
32036: 0.999594
32037: 0.999594
32038: 0.999594
32039: 0.999594
32040: 0.999594
32041: 0.999594
32042: 0.999594
32043: 0.999594
32044: 0.999594
32045: 0.999594
32046: 0.999594
32047: 0.999594
32048: 0.999594
32049: 0.999594
32050: 0.999594
32051: 0.999594
32052: 0.999594
32053: 0.999594
32054: 0.999594
32055: 0.999594
32056: 0.999594
32057: 0.999594
32058: 0.999594
32059: 0.999595
32060: 0.999595
32061: 0.999595
32062: 0.999595
32063: 0.999595
32064: 0.999595
32065: 0.999595
32066: 0.999595
32067: 0.999595
32068: 0.999595
32069: 0.999595
32070: 0.999595
32071: 0.999595
32072: 0.999595
32073: 0.999595
32074: 0.999595
32075: 0.999595
32076: 0.999595
32077: 0.999595
32078: 0.999595
32079: 0.999595
32080: 0.999595
32081: 0.999595
32082: 0.999595
32083: 0.999595
32084: 0.999595
32085: 0.999595
32086: 0.999595
32087: 0.999595
32088: 0.999595
32089: 0.999595
32090: 0.999595
32091: 0.999595
32092: 0.999595
32093: 0.999595
32094: 0.999595
32095: 0.999595
32096: 0.999595
32097: 0.999595
32098: 0.999595
32099: 0.999595
32100: 0.999595
32101: 0.999595
32102: 0.999595
32103: 0.999595
32104: 0.999595
32105: 0.999595
32106: 0.999595
32107: 0.999595
32108: 0.999595
32109: 0.999595
32110: 0.999595
32111: 0.999595
32112: 0.999595
32113: 0.999595
32114: 0.999595
32115: 0.999595
32116: 0.999595
32117: 0.999595
32118: 0.999595
32119: 0.999595
32120: 0.999595
32121: 0.999595
32122: 0.999595
32123: 0.999595
32124: 0.999595
32125: 0.999595
32126: 0.999595
32127: 0.999595
32128: 0.999595
32129: 0.999595
32130: 0.999595
32131: 0.999595
32132: 0.999595
32133: 0.999595
32134: 0.999595
32135: 0.999595
32136: 0.999595
32137: 0.999595
32138: 0.999596
32139: 0.999596
32140: 0.999596
32141: 0.999596
32142: 0.999596
32143: 0.999596
32144: 0.999596
32145: 0.999596
32146: 0.999596
32147: 0.999596
32148: 0.999596
32149: 0.999596
32150: 0.999596
32151: 0.999596
32152: 0.999596
32153: 0.999596
32154: 0.999596
32155: 0.999596
32156: 0.999596
32157: 0.999596
32158: 0.999596
32159: 0.999596
32160: 0.999596
32161: 0.999596
32162: 0.999596
32163: 0.999596
32164: 0.999596
32165: 0.999596
32166: 0.999596
32167: 0.999596
32168: 0.999596
32169: 0.999596
32170: 0.999596
32171: 0.999596
32172: 0.999596
32173: 0.999596
32174: 0.999596
32175: 0.999596
32176: 0.999596
32177: 0.999596
32178: 0.999596
32179: 0.999596
32180: 0.999596
32181: 0.999596
32182: 0.999596
32183: 0.999596
32184: 0.999596
32185: 0.999596
32186: 0.999596
32187: 0.999596
32188: 0.999596
32189: 0.999596
32190: 0.999596
32191: 0.999596
32192: 0.999596
32193: 0.999596
32194: 0.999596
32195: 0.999596
32196: 0.999596
32197: 0.999596
32198: 0.999596
32199: 0.999596
32200: 0.999596
32201: 0.999596
32202: 0.999596
32203: 0.999596
32204: 0.999596
32205: 0.999596
32206: 0.999596
32207: 0.999596
32208: 0.999596
32209: 0.999596
32210: 0.999596
32211: 0.999596
32212: 0.999596
32213: 0.999596
32214: 0.999596
32215: 0.999596
32216: 0.999596
32217: 0.999596
32218: 0.999597
32219: 0.999597
32220: 0.999597
32221: 0.999597
32222: 0.999597
32223: 0.999597
32224: 0.999597
32225: 0.999597
32226: 0.999597
32227: 0.999597
32228: 0.999597
32229: 0.999597
32230: 0.999597
32231: 0.999597
32232: 0.999597
32233: 0.999597
32234: 0.999597
32235: 0.999597
32236: 0.999597
32237: 0.999597
32238: 0.999597
32239: 0.999597
32240: 0.999597
32241: 0.999597
32242: 0.999597
32243: 0.999597
32244: 0.999597
32245: 0.999597
32246: 0.999597
32247: 0.999597
32248: 0.999597
32249: 0.999597
32250: 0.999597
32251: 0.999597
32252: 0.999597
32253: 0.999597
32254: 0.999597
32255: 0.999597
32256: 0.999597
32257: 0.999597
32258: 0.999597
32259: 0.999597
32260: 0.999597
32261: 0.999597
32262: 0.999597
32263: 0.999597
32264: 0.999597
32265: 0.999597
32266: 0.999597
32267: 0.999597
32268: 0.999597
32269: 0.999597
32270: 0.999597
32271: 0.999597
32272: 0.999597
32273: 0.999597
32274: 0.999597
32275: 0.999597
32276: 0.999597
32277: 0.999597
32278: 0.999597
32279: 0.999597
32280: 0.999597
32281: 0.999597
32282: 0.999597
32283: 0.999597
32284: 0.999597
32285: 0.999597
32286: 0.999597
32287: 0.999597
32288: 0.999597
32289: 0.999597
32290: 0.999597
32291: 0.999597
32292: 0.999597
32293: 0.999597
32294: 0.999597
32295: 0.999597
32296: 0.999597
32297: 0.999597
32298: 0.999598
32299: 0.999598
32300: 0.999598
32301: 0.999598
32302: 0.999598
32303: 0.999598
32304: 0.999598
32305: 0.999598
32306: 0.999598
32307: 0.999598
32308: 0.999598
32309: 0.999598
32310: 0.999598
32311: 0.999598
32312: 0.999598
32313: 0.999598
32314: 0.999598
32315: 0.999598
32316: 0.999598
32317: 0.999598
32318: 0.999598
32319: 0.999598
32320: 0.999598
32321: 0.999598
32322: 0.999598
32323: 0.999598
32324: 0.999598
32325: 0.999598
32326: 0.999598
32327: 0.999598
32328: 0.999598
32329: 0.999598
32330: 0.999598
32331: 0.999598
32332: 0.999598
32333: 0.999598
32334: 0.999598
32335: 0.999598
32336: 0.999598
32337: 0.999598
32338: 0.999598
32339: 0.999598
32340: 0.999598
32341: 0.999598
32342: 0.999598
32343: 0.999598
32344: 0.999598
32345: 0.999598
32346: 0.999598
32347: 0.999598
32348: 0.999598
32349: 0.999598
32350: 0.999598
32351: 0.999598
32352: 0.999598
32353: 0.999598
32354: 0.999598
32355: 0.999598
32356: 0.999598
32357: 0.999598
32358: 0.999598
32359: 0.999598
32360: 0.999598
32361: 0.999598
32362: 0.999598
32363: 0.999598
32364: 0.999598
32365: 0.999598
32366: 0.999598
32367: 0.999598
32368: 0.999598
32369: 0.999598
32370: 0.999598
32371: 0.999598
32372: 0.999598
32373: 0.999598
32374: 0.999598
32375: 0.999598
32376: 0.999598
32377: 0.999598
32378: 0.999599
32379: 0.999599
32380: 0.999599
32381: 0.999599
32382: 0.999599
32383: 0.999599
32384: 0.999599
32385: 0.999599
32386: 0.999599
32387: 0.999599
32388: 0.999599
32389: 0.999599
32390: 0.999599
32391: 0.999599
32392: 0.999599
32393: 0.999599
32394: 0.999599
32395: 0.999599
32396: 0.999599
32397: 0.999599
32398: 0.999599
32399: 0.999599
32400: 0.999599
32401: 0.999599
32402: 0.999599
32403: 0.999599
32404: 0.999599
32405: 0.999599
32406: 0.999599
32407: 0.999599
32408: 0.999599
32409: 0.999599
32410: 0.999599
32411: 0.999599
32412: 0.999599
32413: 0.999599
32414: 0.999599
32415: 0.999599
32416: 0.999599
32417: 0.999599
32418: 0.999599
32419: 0.999599
32420: 0.999599
32421: 0.999599
32422: 0.999599
32423: 0.999599
32424: 0.999599
32425: 0.999599
32426: 0.999599
32427: 0.999599
32428: 0.999599
32429: 0.999599
32430: 0.999599
32431: 0.999599
32432: 0.999599
32433: 0.999599
32434: 0.999599
32435: 0.999599
32436: 0.999599
32437: 0.999599
32438: 0.999599
32439: 0.999599
32440: 0.999599
32441: 0.999599
32442: 0.999599
32443: 0.999599
32444: 0.999599
32445: 0.999599
32446: 0.999599
32447: 0.999599
32448: 0.999599
32449: 0.999599
32450: 0.999599
32451: 0.999599
32452: 0.999599
32453: 0.999599
32454: 0.999599
32455: 0.999599
32456: 0.999599
32457: 0.999599
32458: 0.999599
32459: 0.9996
32460: 0.9996
32461: 0.9996
32462: 0.9996
32463: 0.9996
32464: 0.9996
32465: 0.9996
32466: 0.9996
32467: 0.9996
32468: 0.9996
32469: 0.9996
32470: 0.9996
32471: 0.9996
32472: 0.9996
32473: 0.9996
32474: 0.9996
32475: 0.9996
32476: 0.9996
32477: 0.9996
32478: 0.9996
32479: 0.9996
32480: 0.9996
32481: 0.9996
32482: 0.9996
32483: 0.9996
32484: 0.9996
32485: 0.9996
32486: 0.9996
32487: 0.9996
32488: 0.9996
32489: 0.9996
32490: 0.9996
32491: 0.9996
32492: 0.9996
32493: 0.9996
32494: 0.9996
32495: 0.9996
32496: 0.9996
32497: 0.9996
32498: 0.9996
32499: 0.9996
32500: 0.9996
32501: 0.9996
32502: 0.9996
32503: 0.9996
32504: 0.9996
32505: 0.9996
32506: 0.9996
32507: 0.9996
32508: 0.9996
32509: 0.9996
32510: 0.9996
32511: 0.9996
32512: 0.9996
32513: 0.9996
32514: 0.9996
32515: 0.9996
32516: 0.9996
32517: 0.9996
32518: 0.9996
32519: 0.9996
32520: 0.9996
32521: 0.9996
32522: 0.9996
32523: 0.9996
32524: 0.9996
32525: 0.9996
32526: 0.9996
32527: 0.9996
32528: 0.9996
32529: 0.9996
32530: 0.9996
32531: 0.9996
32532: 0.9996
32533: 0.9996
32534: 0.9996
32535: 0.9996
32536: 0.9996
32537: 0.9996
32538: 0.9996
32539: 0.9996
32540: 0.999601
32541: 0.999601
32542: 0.999601
32543: 0.999601
32544: 0.999601
32545: 0.999601
32546: 0.999601
32547: 0.999601
32548: 0.999601
32549: 0.999601
32550: 0.999601
32551: 0.999601
32552: 0.999601
32553: 0.999601
32554: 0.999601
32555: 0.999601
32556: 0.999601
32557: 0.999601
32558: 0.999601
32559: 0.999601
32560: 0.999601
32561: 0.999601
32562: 0.999601
32563: 0.999601
32564: 0.999601
32565: 0.999601
32566: 0.999601
32567: 0.999601
32568: 0.999601
32569: 0.999601
32570: 0.999601
32571: 0.999601
32572: 0.999601
32573: 0.999601
32574: 0.999601
32575: 0.999601
32576: 0.999601
32577: 0.999601
32578: 0.999601
32579: 0.999601
32580: 0.999601
32581: 0.999601
32582: 0.999601
32583: 0.999601
32584: 0.999601
32585: 0.999601
32586: 0.999601
32587: 0.999601
32588: 0.999601
32589: 0.999601
32590: 0.999601
32591: 0.999601
32592: 0.999601
32593: 0.999601
32594: 0.999601
32595: 0.999601
32596: 0.999601
32597: 0.999601
32598: 0.999601
32599: 0.999601
32600: 0.999601
32601: 0.999601
32602: 0.999601
32603: 0.999601
32604: 0.999601
32605: 0.999601
32606: 0.999601
32607: 0.999601
32608: 0.999601
32609: 0.999601
32610: 0.999601
32611: 0.999601
32612: 0.999601
32613: 0.999601
32614: 0.999601
32615: 0.999601
32616: 0.999601
32617: 0.999601
32618: 0.999601
32619: 0.999601
32620: 0.999601
32621: 0.999601
32622: 0.999602
32623: 0.999602
32624: 0.999602
32625: 0.999602
32626: 0.999602
32627: 0.999602
32628: 0.999602
32629: 0.999602
32630: 0.999602
32631: 0.999602
32632: 0.999602
32633: 0.999602
32634: 0.999602
32635: 0.999602
32636: 0.999602
32637: 0.999602
32638: 0.999602
32639: 0.999602
32640: 0.999602
32641: 0.999602
32642: 0.999602
32643: 0.999602
32644: 0.999602
32645: 0.999602
32646: 0.999602
32647: 0.999602
32648: 0.999602
32649: 0.999602
32650: 0.999602
32651: 0.999602
32652: 0.999602
32653: 0.999602
32654: 0.999602
32655: 0.999602
32656: 0.999602
32657: 0.999602
32658: 0.999602
32659: 0.999602
32660: 0.999602
32661: 0.999602
32662: 0.999602
32663: 0.999602
32664: 0.999602
32665: 0.999602
32666: 0.999602
32667: 0.999602
32668: 0.999602
32669: 0.999602
32670: 0.999602
32671: 0.999602
32672: 0.999602
32673: 0.999602
32674: 0.999602
32675: 0.999602
32676: 0.999602
32677: 0.999602
32678: 0.999602
32679: 0.999602
32680: 0.999602
32681: 0.999602
32682: 0.999602
32683: 0.999602
32684: 0.999602
32685: 0.999602
32686: 0.999602
32687: 0.999602
32688: 0.999602
32689: 0.999602
32690: 0.999602
32691: 0.999602
32692: 0.999602
32693: 0.999602
32694: 0.999602
32695: 0.999602
32696: 0.999602
32697: 0.999602
32698: 0.999602
32699: 0.999602
32700: 0.999602
32701: 0.999602
32702: 0.999602
32703: 0.999602
32704: 0.999603
32705: 0.999603
32706: 0.999603
32707: 0.999603
32708: 0.999603
32709: 0.999603
32710: 0.999603
32711: 0.999603
32712: 0.999603
32713: 0.999603
32714: 0.999603
32715: 0.999603
32716: 0.999603
32717: 0.999603
32718: 0.999603
32719: 0.999603
32720: 0.999603
32721: 0.999603
32722: 0.999603
32723: 0.999603
32724: 0.999603
32725: 0.999603
32726: 0.999603
32727: 0.999603
32728: 0.999603
32729: 0.999603
32730: 0.999603
32731: 0.999603
32732: 0.999603
32733: 0.999603
32734: 0.999603
32735: 0.999603
32736: 0.999603
32737: 0.999603
32738: 0.999603
32739: 0.999603
32740: 0.999603
32741: 0.999603
32742: 0.999603
32743: 0.999603
32744: 0.999603
32745: 0.999603
32746: 0.999603
32747: 0.999603
32748: 0.999603
32749: 0.999603
32750: 0.999603
32751: 0.999603
32752: 0.999603
32753: 0.999603
32754: 0.999603
32755: 0.999603
32756: 0.999603
32757: 0.999603
32758: 0.999603
32759: 0.999603
32760: 0.999603
32761: 0.999603
32762: 0.999603
32763: 0.999603
32764: 0.999603
32765: 0.999603
32766: 0.999603
32767: 0.999603
32768: 0.999603
32769: 0.999603
32770: 0.999603
32771: 0.999603
32772: 0.999603
32773: 0.999603
32774: 0.999603
32775: 0.999603
32776: 0.999603
32777: 0.999603
32778: 0.999603
32779: 0.999603
32780: 0.999603
32781: 0.999603
32782: 0.999603
32783: 0.999603
32784: 0.999603
32785: 0.999603
32786: 0.999604
32787: 0.999604
32788: 0.999604
32789: 0.999604
32790: 0.999604
32791: 0.999604
32792: 0.999604
32793: 0.999604
32794: 0.999604
32795: 0.999604
32796: 0.999604
32797: 0.999604
32798: 0.999604
32799: 0.999604
32800: 0.999604
32801: 0.999604
32802: 0.999604
32803: 0.999604
32804: 0.999604
32805: 0.999604
32806: 0.999604
32807: 0.999604
32808: 0.999604
32809: 0.999604
32810: 0.999604
32811: 0.999604
32812: 0.999604
32813: 0.999604
32814: 0.999604
32815: 0.999604
32816: 0.999604
32817: 0.999604
32818: 0.999604
32819: 0.999604
32820: 0.999604
32821: 0.999604
32822: 0.999604
32823: 0.999604
32824: 0.999604
32825: 0.999604
32826: 0.999604
32827: 0.999604
32828: 0.999604
32829: 0.999604
32830: 0.999604
32831: 0.999604
32832: 0.999604
32833: 0.999604
32834: 0.999604
32835: 0.999604
32836: 0.999604
32837: 0.999604
32838: 0.999604
32839: 0.999604
32840: 0.999604
32841: 0.999604
32842: 0.999604
32843: 0.999604
32844: 0.999604
32845: 0.999604
32846: 0.999604
32847: 0.999604
32848: 0.999604
32849: 0.999604
32850: 0.999604
32851: 0.999604
32852: 0.999604
32853: 0.999604
32854: 0.999604
32855: 0.999604
32856: 0.999604
32857: 0.999604
32858: 0.999604
32859: 0.999604
32860: 0.999604
32861: 0.999604
32862: 0.999604
32863: 0.999604
32864: 0.999604
32865: 0.999604
32866: 0.999604
32867: 0.999604
32868: 0.999604
32869: 0.999605
32870: 0.999605
32871: 0.999605
32872: 0.999605
32873: 0.999605
32874: 0.999605
32875: 0.999605
32876: 0.999605
32877: 0.999605
32878: 0.999605
32879: 0.999605
32880: 0.999605
32881: 0.999605
32882: 0.999605
32883: 0.999605
32884: 0.999605
32885: 0.999605
32886: 0.999605
32887: 0.999605
32888: 0.999605
32889: 0.999605
32890: 0.999605
32891: 0.999605
32892: 0.999605
32893: 0.999605
32894: 0.999605
32895: 0.999605
32896: 0.999605
32897: 0.999605
32898: 0.999605
32899: 0.999605
32900: 0.999605
32901: 0.999605
32902: 0.999605
32903: 0.999605
32904: 0.999605
32905: 0.999605
32906: 0.999605
32907: 0.999605
32908: 0.999605
32909: 0.999605
32910: 0.999605
32911: 0.999605
32912: 0.999605
32913: 0.999605
32914: 0.999605
32915: 0.999605
32916: 0.999605
32917: 0.999605
32918: 0.999605
32919: 0.999605
32920: 0.999605
32921: 0.999605
32922: 0.999605
32923: 0.999605
32924: 0.999605
32925: 0.999605
32926: 0.999605
32927: 0.999605
32928: 0.999605
32929: 0.999605
32930: 0.999605
32931: 0.999605
32932: 0.999605
32933: 0.999605
32934: 0.999605
32935: 0.999605
32936: 0.999605
32937: 0.999605
32938: 0.999605
32939: 0.999605
32940: 0.999605
32941: 0.999605
32942: 0.999605
32943: 0.999605
32944: 0.999605
32945: 0.999605
32946: 0.999605
32947: 0.999605
32948: 0.999605
32949: 0.999605
32950: 0.999605
32951: 0.999605
32952: 0.999605
32953: 0.999606
32954: 0.999606
32955: 0.999606
32956: 0.999606
32957: 0.999606
32958: 0.999606
32959: 0.999606
32960: 0.999606
32961: 0.999606
32962: 0.999606
32963: 0.999606
32964: 0.999606
32965: 0.999606
32966: 0.999606
32967: 0.999606
32968: 0.999606
32969: 0.999606
32970: 0.999606
32971: 0.999606
32972: 0.999606
32973: 0.999606
32974: 0.999606
32975: 0.999606
32976: 0.999606
32977: 0.999606
32978: 0.999606
32979: 0.999606
32980: 0.999606
32981: 0.999606
32982: 0.999606
32983: 0.999606
32984: 0.999606
32985: 0.999606
32986: 0.999606
32987: 0.999606
32988: 0.999606
32989: 0.999606
32990: 0.999606
32991: 0.999606
32992: 0.999606
32993: 0.999606
32994: 0.999606
32995: 0.999606
32996: 0.999606
32997: 0.999606
32998: 0.999606
32999: 0.999606
33000: 0.999606
33001: 0.999606
33002: 0.999606
33003: 0.999606
33004: 0.999606
33005: 0.999606
33006: 0.999606
33007: 0.999606
33008: 0.999606
33009: 0.999606
33010: 0.999606
33011: 0.999606
33012: 0.999606
33013: 0.999606
33014: 0.999606
33015: 0.999606
33016: 0.999606
33017: 0.999606
33018: 0.999606
33019: 0.999606
33020: 0.999606
33021: 0.999606
33022: 0.999606
33023: 0.999606
33024: 0.999606
33025: 0.999606
33026: 0.999606
33027: 0.999606
33028: 0.999606
33029: 0.999606
33030: 0.999606
33031: 0.999606
33032: 0.999606
33033: 0.999606
33034: 0.999606
33035: 0.999606
33036: 0.999607
33037: 0.999607
33038: 0.999607
33039: 0.999607
33040: 0.999607
33041: 0.999607
33042: 0.999607
33043: 0.999607
33044: 0.999607
33045: 0.999607
33046: 0.999607
33047: 0.999607
33048: 0.999607
33049: 0.999607
33050: 0.999607
33051: 0.999607
33052: 0.999607
33053: 0.999607
33054: 0.999607
33055: 0.999607
33056: 0.999607
33057: 0.999607
33058: 0.999607
33059: 0.999607
33060: 0.999607
33061: 0.999607
33062: 0.999607
33063: 0.999607
33064: 0.999607
33065: 0.999607
33066: 0.999607
33067: 0.999607
33068: 0.999607
33069: 0.999607
33070: 0.999607
33071: 0.999607
33072: 0.999607
33073: 0.999607
33074: 0.999607
33075: 0.999607
33076: 0.999607
33077: 0.999607
33078: 0.999607
33079: 0.999607
33080: 0.999607
33081: 0.999607
33082: 0.999607
33083: 0.999607
33084: 0.999607
33085: 0.999607
33086: 0.999607
33087: 0.999607
33088: 0.999607
33089: 0.999607
33090: 0.999607
33091: 0.999607
33092: 0.999607
33093: 0.999607
33094: 0.999607
33095: 0.999607
33096: 0.999607
33097: 0.999607
33098: 0.999607
33099: 0.999607
33100: 0.999607
33101: 0.999607
33102: 0.999607
33103: 0.999607
33104: 0.999607
33105: 0.999607
33106: 0.999607
33107: 0.999607
33108: 0.999607
33109: 0.999607
33110: 0.999607
33111: 0.999607
33112: 0.999607
33113: 0.999607
33114: 0.999607
33115: 0.999607
33116: 0.999607
33117: 0.999607
33118: 0.999607
33119: 0.999607
33120: 0.999607
33121: 0.999608
33122: 0.999608
33123: 0.999608
33124: 0.999608
33125: 0.999608
33126: 0.999608
33127: 0.999608
33128: 0.999608
33129: 0.999608
33130: 0.999608
33131: 0.999608
33132: 0.999608
33133: 0.999608
33134: 0.999608
33135: 0.999608
33136: 0.999608
33137: 0.999608
33138: 0.999608
33139: 0.999608
33140: 0.999608
33141: 0.999608
33142: 0.999608
33143: 0.999608
33144: 0.999608
33145: 0.999608
33146: 0.999608
33147: 0.999608
33148: 0.999608
33149: 0.999608
33150: 0.999608
33151: 0.999608
33152: 0.999608
33153: 0.999608
33154: 0.999608
33155: 0.999608
33156: 0.999608
33157: 0.999608
33158: 0.999608
33159: 0.999608
33160: 0.999608
33161: 0.999608
33162: 0.999608
33163: 0.999608
33164: 0.999608
33165: 0.999608
33166: 0.999608
33167: 0.999608
33168: 0.999608
33169: 0.999608
33170: 0.999608
33171: 0.999608
33172: 0.999608
33173: 0.999608
33174: 0.999608
33175: 0.999608
33176: 0.999608
33177: 0.999608
33178: 0.999608
33179: 0.999608
33180: 0.999608
33181: 0.999608
33182: 0.999608
33183: 0.999608
33184: 0.999608
33185: 0.999608
33186: 0.999608
33187: 0.999608
33188: 0.999608
33189: 0.999608
33190: 0.999608
33191: 0.999608
33192: 0.999608
33193: 0.999608
33194: 0.999608
33195: 0.999608
33196: 0.999608
33197: 0.999608
33198: 0.999608
33199: 0.999608
33200: 0.999608
33201: 0.999608
33202: 0.999608
33203: 0.999608
33204: 0.999608
33205: 0.999609
33206: 0.999609
33207: 0.999609
33208: 0.999609
33209: 0.999609
33210: 0.999609
33211: 0.999609
33212: 0.999609
33213: 0.999609
33214: 0.999609
33215: 0.999609
33216: 0.999609
33217: 0.999609
33218: 0.999609
33219: 0.999609
33220: 0.999609
33221: 0.999609
33222: 0.999609
33223: 0.999609
33224: 0.999609
33225: 0.999609
33226: 0.999609
33227: 0.999609
33228: 0.999609
33229: 0.999609
33230: 0.999609
33231: 0.999609
33232: 0.999609
33233: 0.999609
33234: 0.999609
33235: 0.999609
33236: 0.999609
33237: 0.999609
33238: 0.999609
33239: 0.999609
33240: 0.999609
33241: 0.999609
33242: 0.999609
33243: 0.999609
33244: 0.999609
33245: 0.999609
33246: 0.999609
33247: 0.999609
33248: 0.999609
33249: 0.999609
33250: 0.999609
33251: 0.999609
33252: 0.999609
33253: 0.999609
33254: 0.999609
33255: 0.999609
33256: 0.999609
33257: 0.999609
33258: 0.999609
33259: 0.999609
33260: 0.999609
33261: 0.999609
33262: 0.999609
33263: 0.999609
33264: 0.999609
33265: 0.999609
33266: 0.999609
33267: 0.999609
33268: 0.999609
33269: 0.999609
33270: 0.999609
33271: 0.999609
33272: 0.999609
33273: 0.999609
33274: 0.999609
33275: 0.999609
33276: 0.999609
33277: 0.999609
33278: 0.999609
33279: 0.999609
33280: 0.999609
33281: 0.999609
33282: 0.999609
33283: 0.999609
33284: 0.999609
33285: 0.999609
33286: 0.999609
33287: 0.999609
33288: 0.999609
33289: 0.999609
33290: 0.99961
33291: 0.99961
33292: 0.99961
33293: 0.99961
33294: 0.99961
33295: 0.99961
33296: 0.99961
33297: 0.99961
33298: 0.99961
33299: 0.99961
33300: 0.99961
33301: 0.99961
33302: 0.99961
33303: 0.99961
33304: 0.99961
33305: 0.99961
33306: 0.99961
33307: 0.99961
33308: 0.99961
33309: 0.99961
33310: 0.99961
33311: 0.99961
33312: 0.99961
33313: 0.99961
33314: 0.99961
33315: 0.99961
33316: 0.99961
33317: 0.99961
33318: 0.99961
33319: 0.99961
33320: 0.99961
33321: 0.99961
33322: 0.99961
33323: 0.99961
33324: 0.99961
33325: 0.99961
33326: 0.99961
33327: 0.99961
33328: 0.99961
33329: 0.99961
33330: 0.99961
33331: 0.99961
33332: 0.99961
33333: 0.99961
33334: 0.99961
33335: 0.99961
33336: 0.99961
33337: 0.99961
33338: 0.99961
33339: 0.99961
33340: 0.99961
33341: 0.99961
33342: 0.99961
33343: 0.99961
33344: 0.99961
33345: 0.99961
33346: 0.99961
33347: 0.99961
33348: 0.99961
33349: 0.99961
33350: 0.99961
33351: 0.99961
33352: 0.99961
33353: 0.99961
33354: 0.99961
33355: 0.99961
33356: 0.99961
33357: 0.99961
33358: 0.99961
33359: 0.99961
33360: 0.99961
33361: 0.99961
33362: 0.99961
33363: 0.99961
33364: 0.99961
33365: 0.99961
33366: 0.99961
33367: 0.99961
33368: 0.99961
33369: 0.99961
33370: 0.99961
33371: 0.99961
33372: 0.99961
33373: 0.99961
33374: 0.99961
33375: 0.99961
33376: 0.999611
33377: 0.999611
33378: 0.999611
33379: 0.999611
33380: 0.999611
33381: 0.999611
33382: 0.999611
33383: 0.999611
33384: 0.999611
33385: 0.999611
33386: 0.999611
33387: 0.999611
33388: 0.999611
33389: 0.999611
33390: 0.999611
33391: 0.999611
33392: 0.999611
33393: 0.999611
33394: 0.999611
33395: 0.999611
33396: 0.999611
33397: 0.999611
33398: 0.999611
33399: 0.999611
33400: 0.999611
33401: 0.999611
33402: 0.999611
33403: 0.999611
33404: 0.999611
33405: 0.999611
33406: 0.999611
33407: 0.999611
33408: 0.999611
33409: 0.999611
33410: 0.999611
33411: 0.999611
33412: 0.999611
33413: 0.999611
33414: 0.999611
33415: 0.999611
33416: 0.999611
33417: 0.999611
33418: 0.999611
33419: 0.999611
33420: 0.999611
33421: 0.999611
33422: 0.999611
33423: 0.999611
33424: 0.999611
33425: 0.999611
33426: 0.999611
33427: 0.999611
33428: 0.999611
33429: 0.999611
33430: 0.999611
33431: 0.999611
33432: 0.999611
33433: 0.999611
33434: 0.999611
33435: 0.999611
33436: 0.999611
33437: 0.999611
33438: 0.999611
33439: 0.999611
33440: 0.999611
33441: 0.999611
33442: 0.999611
33443: 0.999611
33444: 0.999611
33445: 0.999611
33446: 0.999611
33447: 0.999611
33448: 0.999611
33449: 0.999611
33450: 0.999611
33451: 0.999611
33452: 0.999611
33453: 0.999611
33454: 0.999611
33455: 0.999611
33456: 0.999611
33457: 0.999611
33458: 0.999611
33459: 0.999611
33460: 0.999611
33461: 0.999611
33462: 0.999612
33463: 0.999612
33464: 0.999612
33465: 0.999612
33466: 0.999612
33467: 0.999612
33468: 0.999612
33469: 0.999612
33470: 0.999612
33471: 0.999612
33472: 0.999612
33473: 0.999612
33474: 0.999612
33475: 0.999612
33476: 0.999612
33477: 0.999612
33478: 0.999612
33479: 0.999612
33480: 0.999612
33481: 0.999612
33482: 0.999612
33483: 0.999612
33484: 0.999612
33485: 0.999612
33486: 0.999612
33487: 0.999612
33488: 0.999612
33489: 0.999612
33490: 0.999612
33491: 0.999612
33492: 0.999612
33493: 0.999612
33494: 0.999612
33495: 0.999612
33496: 0.999612
33497: 0.999612
33498: 0.999612
33499: 0.999612
33500: 0.999612
33501: 0.999612
33502: 0.999612
33503: 0.999612
33504: 0.999612
33505: 0.999612
33506: 0.999612
33507: 0.999612
33508: 0.999612
33509: 0.999612
33510: 0.999612
33511: 0.999612
33512: 0.999612
33513: 0.999612
33514: 0.999612
33515: 0.999612
33516: 0.999612
33517: 0.999612
33518: 0.999612
33519: 0.999612
33520: 0.999612
33521: 0.999612
33522: 0.999612
33523: 0.999612
33524: 0.999612
33525: 0.999612
33526: 0.999612
33527: 0.999612
33528: 0.999612
33529: 0.999612
33530: 0.999612
33531: 0.999612
33532: 0.999612
33533: 0.999612
33534: 0.999612
33535: 0.999612
33536: 0.999612
33537: 0.999612
33538: 0.999612
33539: 0.999612
33540: 0.999612
33541: 0.999612
33542: 0.999612
33543: 0.999612
33544: 0.999612
33545: 0.999612
33546: 0.999612
33547: 0.999612
33548: 0.999613
33549: 0.999613
33550: 0.999613
33551: 0.999613
33552: 0.999613
33553: 0.999613
33554: 0.999613
33555: 0.999613
33556: 0.999613
33557: 0.999613
33558: 0.999613
33559: 0.999613
33560: 0.999613
33561: 0.999613
33562: 0.999613
33563: 0.999613
33564: 0.999613
33565: 0.999613
33566: 0.999613
33567: 0.999613
33568: 0.999613
33569: 0.999613
33570: 0.999613
33571: 0.999613
33572: 0.999613
33573: 0.999613
33574: 0.999613
33575: 0.999613
33576: 0.999613
33577: 0.999613
33578: 0.999613
33579: 0.999613
33580: 0.999613
33581: 0.999613
33582: 0.999613
33583: 0.999613
33584: 0.999613
33585: 0.999613
33586: 0.999613
33587: 0.999613
33588: 0.999613
33589: 0.999613
33590: 0.999613
33591: 0.999613
33592: 0.999613
33593: 0.999613
33594: 0.999613
33595: 0.999613
33596: 0.999613
33597: 0.999613
33598: 0.999613
33599: 0.999613
33600: 0.999613
33601: 0.999613
33602: 0.999613
33603: 0.999613
33604: 0.999613
33605: 0.999613
33606: 0.999613
33607: 0.999613
33608: 0.999613
33609: 0.999613
33610: 0.999613
33611: 0.999613
33612: 0.999613
33613: 0.999613
33614: 0.999613
33615: 0.999613
33616: 0.999613
33617: 0.999613
33618: 0.999613
33619: 0.999613
33620: 0.999613
33621: 0.999613
33622: 0.999613
33623: 0.999613
33624: 0.999613
33625: 0.999613
33626: 0.999613
33627: 0.999613
33628: 0.999613
33629: 0.999613
33630: 0.999613
33631: 0.999613
33632: 0.999613
33633: 0.999613
33634: 0.999613
33635: 0.999614
33636: 0.999614
33637: 0.999614
33638: 0.999614
33639: 0.999614
33640: 0.999614
33641: 0.999614
33642: 0.999614
33643: 0.999614
33644: 0.999614
33645: 0.999614
33646: 0.999614
33647: 0.999614
33648: 0.999614
33649: 0.999614
33650: 0.999614
33651: 0.999614
33652: 0.999614
33653: 0.999614
33654: 0.999614
33655: 0.999614
33656: 0.999614
33657: 0.999614
33658: 0.999614
33659: 0.999614
33660: 0.999614
33661: 0.999614
33662: 0.999614
33663: 0.999614
33664: 0.999614
33665: 0.999614
33666: 0.999614
33667: 0.999614
33668: 0.999614
33669: 0.999614
33670: 0.999614
33671: 0.999614
33672: 0.999614
33673: 0.999614
33674: 0.999614
33675: 0.999614
33676: 0.999614
33677: 0.999614
33678: 0.999614
33679: 0.999614
33680: 0.999614
33681: 0.999614
33682: 0.999614
33683: 0.999614
33684: 0.999614
33685: 0.999614
33686: 0.999614
33687: 0.999614
33688: 0.999614
33689: 0.999614
33690: 0.999614
33691: 0.999614
33692: 0.999614
33693: 0.999614
33694: 0.999614
33695: 0.999614
33696: 0.999614
33697: 0.999614
33698: 0.999614
33699: 0.999614
33700: 0.999614
33701: 0.999614
33702: 0.999614
33703: 0.999614
33704: 0.999614
33705: 0.999614
33706: 0.999614
33707: 0.999614
33708: 0.999614
33709: 0.999614
33710: 0.999614
33711: 0.999614
33712: 0.999614
33713: 0.999614
33714: 0.999614
33715: 0.999614
33716: 0.999614
33717: 0.999614
33718: 0.999614
33719: 0.999614
33720: 0.999614
33721: 0.999614
33722: 0.999615
33723: 0.999615
33724: 0.999615
33725: 0.999615
33726: 0.999615
33727: 0.999615
33728: 0.999615
33729: 0.999615
33730: 0.999615
33731: 0.999615
33732: 0.999615
33733: 0.999615
33734: 0.999615
33735: 0.999615
33736: 0.999615
33737: 0.999615
33738: 0.999615
33739: 0.999615
33740: 0.999615
33741: 0.999615
33742: 0.999615
33743: 0.999615
33744: 0.999615
33745: 0.999615
33746: 0.999615
33747: 0.999615
33748: 0.999615
33749: 0.999615
33750: 0.999615
33751: 0.999615
33752: 0.999615
33753: 0.999615
33754: 0.999615
33755: 0.999615
33756: 0.999615
33757: 0.999615
33758: 0.999615
33759: 0.999615
33760: 0.999615
33761: 0.999615
33762: 0.999615
33763: 0.999615
33764: 0.999615
33765: 0.999615
33766: 0.999615
33767: 0.999615
33768: 0.999615
33769: 0.999615
33770: 0.999615
33771: 0.999615
33772: 0.999615
33773: 0.999615
33774: 0.999615
33775: 0.999615
33776: 0.999615
33777: 0.999615
33778: 0.999615
33779: 0.999615
33780: 0.999615
33781: 0.999615
33782: 0.999615
33783: 0.999615
33784: 0.999615
33785: 0.999615
33786: 0.999615
33787: 0.999615
33788: 0.999615
33789: 0.999615
33790: 0.999615
33791: 0.999615
33792: 0.999615
33793: 0.999615
33794: 0.999615
33795: 0.999615
33796: 0.999615
33797: 0.999615
33798: 0.999615
33799: 0.999615
33800: 0.999615
33801: 0.999615
33802: 0.999615
33803: 0.999615
33804: 0.999615
33805: 0.999615
33806: 0.999615
33807: 0.999615
33808: 0.999615
33809: 0.999615
33810: 0.999616
33811: 0.999616
33812: 0.999616
33813: 0.999616
33814: 0.999616
33815: 0.999616
33816: 0.999616
33817: 0.999616
33818: 0.999616
33819: 0.999616
33820: 0.999616
33821: 0.999616
33822: 0.999616
33823: 0.999616
33824: 0.999616
33825: 0.999616
33826: 0.999616
33827: 0.999616
33828: 0.999616
33829: 0.999616
33830: 0.999616
33831: 0.999616
33832: 0.999616
33833: 0.999616
33834: 0.999616
33835: 0.999616
33836: 0.999616
33837: 0.999616
33838: 0.999616
33839: 0.999616
33840: 0.999616
33841: 0.999616
33842: 0.999616
33843: 0.999616
33844: 0.999616
33845: 0.999616
33846: 0.999616
33847: 0.999616
33848: 0.999616
33849: 0.999616
33850: 0.999616
33851: 0.999616
33852: 0.999616
33853: 0.999616
33854: 0.999616
33855: 0.999616
33856: 0.999616
33857: 0.999616
33858: 0.999616
33859: 0.999616
33860: 0.999616
33861: 0.999616
33862: 0.999616
33863: 0.999616
33864: 0.999616
33865: 0.999616
33866: 0.999616
33867: 0.999616
33868: 0.999616
33869: 0.999616
33870: 0.999616
33871: 0.999616
33872: 0.999616
33873: 0.999616
33874: 0.999616
33875: 0.999616
33876: 0.999616
33877: 0.999616
33878: 0.999616
33879: 0.999616
33880: 0.999616
33881: 0.999616
33882: 0.999616
33883: 0.999616
33884: 0.999616
33885: 0.999616
33886: 0.999616
33887: 0.999616
33888: 0.999616
33889: 0.999616
33890: 0.999616
33891: 0.999616
33892: 0.999616
33893: 0.999616
33894: 0.999616
33895: 0.999616
33896: 0.999616
33897: 0.999616
33898: 0.999617
33899: 0.999617
33900: 0.999617
33901: 0.999617
33902: 0.999617
33903: 0.999617
33904: 0.999617
33905: 0.999617
33906: 0.999617
33907: 0.999617
33908: 0.999617
33909: 0.999617
33910: 0.999617
33911: 0.999617
33912: 0.999617
33913: 0.999617
33914: 0.999617
33915: 0.999617
33916: 0.999617
33917: 0.999617
33918: 0.999617
33919: 0.999617
33920: 0.999617
33921: 0.999617
33922: 0.999617
33923: 0.999617
33924: 0.999617
33925: 0.999617
33926: 0.999617
33927: 0.999617
33928: 0.999617
33929: 0.999617
33930: 0.999617
33931: 0.999617
33932: 0.999617
33933: 0.999617
33934: 0.999617
33935: 0.999617
33936: 0.999617
33937: 0.999617
33938: 0.999617
33939: 0.999617
33940: 0.999617
33941: 0.999617
33942: 0.999617
33943: 0.999617
33944: 0.999617
33945: 0.999617
33946: 0.999617
33947: 0.999617
33948: 0.999617
33949: 0.999617
33950: 0.999617
33951: 0.999617
33952: 0.999617
33953: 0.999617
33954: 0.999617
33955: 0.999617
33956: 0.999617
33957: 0.999617
33958: 0.999617
33959: 0.999617
33960: 0.999617
33961: 0.999617
33962: 0.999617
33963: 0.999617
33964: 0.999617
33965: 0.999617
33966: 0.999617
33967: 0.999617
33968: 0.999617
33969: 0.999617
33970: 0.999617
33971: 0.999617
33972: 0.999617
33973: 0.999617
33974: 0.999617
33975: 0.999617
33976: 0.999617
33977: 0.999617
33978: 0.999617
33979: 0.999617
33980: 0.999617
33981: 0.999617
33982: 0.999617
33983: 0.999617
33984: 0.999617
33985: 0.999617
33986: 0.999618
33987: 0.999618
33988: 0.999618
33989: 0.999618
33990: 0.999618
33991: 0.999618
33992: 0.999618
33993: 0.999618
33994: 0.999618
33995: 0.999618
33996: 0.999618
33997: 0.999618
33998: 0.999618
33999: 0.999618
34000: 0.999618
34001: 0.999618
34002: 0.999618
34003: 0.999618
34004: 0.999618
34005: 0.999618
34006: 0.999618
34007: 0.999618
34008: 0.999618
34009: 0.999618
34010: 0.999618
34011: 0.999618
34012: 0.999618
34013: 0.999618
34014: 0.999618
34015: 0.999618
34016: 0.999618
34017: 0.999618
34018: 0.999618
34019: 0.999618
34020: 0.999618
34021: 0.999618
34022: 0.999618
34023: 0.999618
34024: 0.999618
34025: 0.999618
34026: 0.999618
34027: 0.999618
34028: 0.999618
34029: 0.999618
34030: 0.999618
34031: 0.999618
34032: 0.999618
34033: 0.999618
34034: 0.999618
34035: 0.999618
34036: 0.999618
34037: 0.999618
34038: 0.999618
34039: 0.999618
34040: 0.999618
34041: 0.999618
34042: 0.999618
34043: 0.999618
34044: 0.999618
34045: 0.999618
34046: 0.999618
34047: 0.999618
34048: 0.999618
34049: 0.999618
34050: 0.999618
34051: 0.999618
34052: 0.999618
34053: 0.999618
34054: 0.999618
34055: 0.999618
34056: 0.999618
34057: 0.999618
34058: 0.999618
34059: 0.999618
34060: 0.999618
34061: 0.999618
34062: 0.999618
34063: 0.999618
34064: 0.999618
34065: 0.999618
34066: 0.999618
34067: 0.999618
34068: 0.999618
34069: 0.999618
34070: 0.999618
34071: 0.999618
34072: 0.999618
34073: 0.999618
34074: 0.999618
34075: 0.999618
34076: 0.999619
34077: 0.999619
34078: 0.999619
34079: 0.999619
34080: 0.999619
34081: 0.999619
34082: 0.999619
34083: 0.999619
34084: 0.999619
34085: 0.999619
34086: 0.999619
34087: 0.999619
34088: 0.999619
34089: 0.999619
34090: 0.999619
34091: 0.999619
34092: 0.999619
34093: 0.999619
34094: 0.999619
34095: 0.999619
34096: 0.999619
34097: 0.999619
34098: 0.999619
34099: 0.999619
34100: 0.999619
34101: 0.999619
34102: 0.999619
34103: 0.999619
34104: 0.999619
34105: 0.999619
34106: 0.999619
34107: 0.999619
34108: 0.999619
34109: 0.999619
34110: 0.999619
34111: 0.999619
34112: 0.999619
34113: 0.999619
34114: 0.999619
34115: 0.999619
34116: 0.999619
34117: 0.999619
34118: 0.999619
34119: 0.999619
34120: 0.999619
34121: 0.999619
34122: 0.999619
34123: 0.999619
34124: 0.999619
34125: 0.999619
34126: 0.999619
34127: 0.999619
34128: 0.999619
34129: 0.999619
34130: 0.999619
34131: 0.999619
34132: 0.999619
34133: 0.999619
34134: 0.999619
34135: 0.999619
34136: 0.999619
34137: 0.999619
34138: 0.999619
34139: 0.999619
34140: 0.999619
34141: 0.999619
34142: 0.999619
34143: 0.999619
34144: 0.999619
34145: 0.999619
34146: 0.999619
34147: 0.999619
34148: 0.999619
34149: 0.999619
34150: 0.999619
34151: 0.999619
34152: 0.999619
34153: 0.999619
34154: 0.999619
34155: 0.999619
34156: 0.999619
34157: 0.999619
34158: 0.999619
34159: 0.999619
34160: 0.999619
34161: 0.999619
34162: 0.999619
34163: 0.999619
34164: 0.999619
34165: 0.99962
34166: 0.99962
34167: 0.99962
34168: 0.99962
34169: 0.99962
34170: 0.99962
34171: 0.99962
34172: 0.99962
34173: 0.99962
34174: 0.99962
34175: 0.99962
34176: 0.99962
34177: 0.99962
34178: 0.99962
34179: 0.99962
34180: 0.99962
34181: 0.99962
34182: 0.99962
34183: 0.99962
34184: 0.99962
34185: 0.99962
34186: 0.99962
34187: 0.99962
34188: 0.99962
34189: 0.99962
34190: 0.99962
34191: 0.99962
34192: 0.99962
34193: 0.99962
34194: 0.99962
34195: 0.99962
34196: 0.99962
34197: 0.99962
34198: 0.99962
34199: 0.99962
34200: 0.99962
34201: 0.99962
34202: 0.99962
34203: 0.99962
34204: 0.99962
34205: 0.99962
34206: 0.99962
34207: 0.99962
34208: 0.99962
34209: 0.99962
34210: 0.99962
34211: 0.99962
34212: 0.99962
34213: 0.99962
34214: 0.99962
34215: 0.99962
34216: 0.99962
34217: 0.99962
34218: 0.99962
34219: 0.99962
34220: 0.99962
34221: 0.99962
34222: 0.99962
34223: 0.99962
34224: 0.99962
34225: 0.99962
34226: 0.99962
34227: 0.99962
34228: 0.99962
34229: 0.99962
34230: 0.99962
34231: 0.99962
34232: 0.99962
34233: 0.99962
34234: 0.99962
34235: 0.99962
34236: 0.99962
34237: 0.99962
34238: 0.99962
34239: 0.99962
34240: 0.99962
34241: 0.99962
34242: 0.99962
34243: 0.99962
34244: 0.99962
34245: 0.99962
34246: 0.99962
34247: 0.99962
34248: 0.99962
34249: 0.99962
34250: 0.99962
34251: 0.99962
34252: 0.99962
34253: 0.99962
34254: 0.99962
34255: 0.999621
34256: 0.999621
34257: 0.999621
34258: 0.999621
34259: 0.999621
34260: 0.999621
34261: 0.999621
34262: 0.999621
34263: 0.999621
34264: 0.999621
34265: 0.999621
34266: 0.999621
34267: 0.999621
34268: 0.999621
34269: 0.999621
34270: 0.999621
34271: 0.999621
34272: 0.999621
34273: 0.999621
34274: 0.999621
34275: 0.999621
34276: 0.999621
34277: 0.999621
34278: 0.999621
34279: 0.999621
34280: 0.999621
34281: 0.999621
34282: 0.999621
34283: 0.999621
34284: 0.999621
34285: 0.999621
34286: 0.999621
34287: 0.999621
34288: 0.999621
34289: 0.999621
34290: 0.999621
34291: 0.999621
34292: 0.999621
34293: 0.999621
34294: 0.999621
34295: 0.999621
34296: 0.999621
34297: 0.999621
34298: 0.999621
34299: 0.999621
34300: 0.999621
34301: 0.999621
34302: 0.999621
34303: 0.999621
34304: 0.999621
34305: 0.999621
34306: 0.999621
34307: 0.999621
34308: 0.999621
34309: 0.999621
34310: 0.999621
34311: 0.999621
34312: 0.999621
34313: 0.999621
34314: 0.999621
34315: 0.999621
34316: 0.999621
34317: 0.999621
34318: 0.999621
34319: 0.999621
34320: 0.999621
34321: 0.999621
34322: 0.999621
34323: 0.999621
34324: 0.999621
34325: 0.999621
34326: 0.999621
34327: 0.999621
34328: 0.999621
34329: 0.999621
34330: 0.999621
34331: 0.999621
34332: 0.999621
34333: 0.999621
34334: 0.999621
34335: 0.999621
34336: 0.999621
34337: 0.999621
34338: 0.999621
34339: 0.999621
34340: 0.999621
34341: 0.999621
34342: 0.999621
34343: 0.999621
34344: 0.999621
34345: 0.999621
34346: 0.999622
34347: 0.999622
34348: 0.999622
34349: 0.999622
34350: 0.999622
34351: 0.999622
34352: 0.999622
34353: 0.999622
34354: 0.999622
34355: 0.999622
34356: 0.999622
34357: 0.999622
34358: 0.999622
34359: 0.999622
34360: 0.999622
34361: 0.999622
34362: 0.999622
34363: 0.999622
34364: 0.999622
34365: 0.999622
34366: 0.999622
34367: 0.999622
34368: 0.999622
34369: 0.999622
34370: 0.999622
34371: 0.999622
34372: 0.999622
34373: 0.999622
34374: 0.999622
34375: 0.999622
34376: 0.999622
34377: 0.999622
34378: 0.999622
34379: 0.999622
34380: 0.999622
34381: 0.999622
34382: 0.999622
34383: 0.999622
34384: 0.999622
34385: 0.999622
34386: 0.999622
34387: 0.999622
34388: 0.999622
34389: 0.999622
34390: 0.999622
34391: 0.999622
34392: 0.999622
34393: 0.999622
34394: 0.999622
34395: 0.999622
34396: 0.999622
34397: 0.999622
34398: 0.999622
34399: 0.999622
34400: 0.999622
34401: 0.999622
34402: 0.999622
34403: 0.999622
34404: 0.999622
34405: 0.999622
34406: 0.999622
34407: 0.999622
34408: 0.999622
34409: 0.999622
34410: 0.999622
34411: 0.999622
34412: 0.999622
34413: 0.999622
34414: 0.999622
34415: 0.999622
34416: 0.999622
34417: 0.999622
34418: 0.999622
34419: 0.999622
34420: 0.999622
34421: 0.999622
34422: 0.999622
34423: 0.999622
34424: 0.999622
34425: 0.999622
34426: 0.999622
34427: 0.999622
34428: 0.999622
34429: 0.999622
34430: 0.999622
34431: 0.999622
34432: 0.999622
34433: 0.999622
34434: 0.999622
34435: 0.999622
34436: 0.999622
34437: 0.999623
34438: 0.999623
34439: 0.999623
34440: 0.999623
34441: 0.999623
34442: 0.999623
34443: 0.999623
34444: 0.999623
34445: 0.999623
34446: 0.999623
34447: 0.999623
34448: 0.999623
34449: 0.999623
34450: 0.999623
34451: 0.999623
34452: 0.999623
34453: 0.999623
34454: 0.999623
34455: 0.999623
34456: 0.999623
34457: 0.999623
34458: 0.999623
34459: 0.999623
34460: 0.999623
34461: 0.999623
34462: 0.999623
34463: 0.999623
34464: 0.999623
34465: 0.999623
34466: 0.999623
34467: 0.999623
34468: 0.999623
34469: 0.999623
34470: 0.999623
34471: 0.999623
34472: 0.999623
34473: 0.999623
34474: 0.999623
34475: 0.999623
34476: 0.999623
34477: 0.999623
34478: 0.999623
34479: 0.999623
34480: 0.999623
34481: 0.999623
34482: 0.999623
34483: 0.999623
34484: 0.999623
34485: 0.999623
34486: 0.999623
34487: 0.999623
34488: 0.999623
34489: 0.999623
34490: 0.999623
34491: 0.999623
34492: 0.999623
34493: 0.999623
34494: 0.999623
34495: 0.999623
34496: 0.999623
34497: 0.999623
34498: 0.999623
34499: 0.999623
34500: 0.999623
34501: 0.999623
34502: 0.999623
34503: 0.999623
34504: 0.999623
34505: 0.999623
34506: 0.999623
34507: 0.999623
34508: 0.999623
34509: 0.999623
34510: 0.999623
34511: 0.999623
34512: 0.999623
34513: 0.999623
34514: 0.999623
34515: 0.999623
34516: 0.999623
34517: 0.999623
34518: 0.999623
34519: 0.999623
34520: 0.999623
34521: 0.999623
34522: 0.999623
34523: 0.999623
34524: 0.999623
34525: 0.999623
34526: 0.999623
34527: 0.999623
34528: 0.999624
34529: 0.999624
34530: 0.999624
34531: 0.999624
34532: 0.999624
34533: 0.999624
34534: 0.999624
34535: 0.999624
34536: 0.999624
34537: 0.999624
34538: 0.999624
34539: 0.999624
34540: 0.999624
34541: 0.999624
34542: 0.999624
34543: 0.999624
34544: 0.999624
34545: 0.999624
34546: 0.999624
34547: 0.999624
34548: 0.999624
34549: 0.999624
34550: 0.999624
34551: 0.999624
34552: 0.999624
34553: 0.999624
34554: 0.999624
34555: 0.999624
34556: 0.999624
34557: 0.999624
34558: 0.999624
34559: 0.999624
34560: 0.999624
34561: 0.999624
34562: 0.999624
34563: 0.999624
34564: 0.999624
34565: 0.999624
34566: 0.999624
34567: 0.999624
34568: 0.999624
34569: 0.999624
34570: 0.999624
34571: 0.999624
34572: 0.999624
34573: 0.999624
34574: 0.999624
34575: 0.999624
34576: 0.999624
34577: 0.999624
34578: 0.999624
34579: 0.999624
34580: 0.999624
34581: 0.999624
34582: 0.999624
34583: 0.999624
34584: 0.999624
34585: 0.999624
34586: 0.999624
34587: 0.999624
34588: 0.999624
34589: 0.999624
34590: 0.999624
34591: 0.999624
34592: 0.999624
34593: 0.999624
34594: 0.999624
34595: 0.999624
34596: 0.999624
34597: 0.999624
34598: 0.999624
34599: 0.999624
34600: 0.999624
34601: 0.999624
34602: 0.999624
34603: 0.999624
34604: 0.999624
34605: 0.999624
34606: 0.999624
34607: 0.999624
34608: 0.999624
34609: 0.999624
34610: 0.999624
34611: 0.999624
34612: 0.999624
34613: 0.999624
34614: 0.999624
34615: 0.999624
34616: 0.999624
34617: 0.999624
34618: 0.999624
34619: 0.999624
34620: 0.999625
34621: 0.999625
34622: 0.999625
34623: 0.999625
34624: 0.999625
34625: 0.999625
34626: 0.999625
34627: 0.999625
34628: 0.999625
34629: 0.999625
34630: 0.999625
34631: 0.999625
34632: 0.999625
34633: 0.999625
34634: 0.999625
34635: 0.999625
34636: 0.999625
34637: 0.999625
34638: 0.999625
34639: 0.999625
34640: 0.999625
34641: 0.999625
34642: 0.999625
34643: 0.999625
34644: 0.999625
34645: 0.999625
34646: 0.999625
34647: 0.999625
34648: 0.999625
34649: 0.999625
34650: 0.999625
34651: 0.999625
34652: 0.999625
34653: 0.999625
34654: 0.999625
34655: 0.999625
34656: 0.999625
34657: 0.999625
34658: 0.999625
34659: 0.999625
34660: 0.999625
34661: 0.999625
34662: 0.999625
34663: 0.999625
34664: 0.999625
34665: 0.999625
34666: 0.999625
34667: 0.999625
34668: 0.999625
34669: 0.999625
34670: 0.999625
34671: 0.999625
34672: 0.999625
34673: 0.999625
34674: 0.999625
34675: 0.999625
34676: 0.999625
34677: 0.999625
34678: 0.999625
34679: 0.999625
34680: 0.999625
34681: 0.999625
34682: 0.999625
34683: 0.999625
34684: 0.999625
34685: 0.999625
34686: 0.999625
34687: 0.999625
34688: 0.999625
34689: 0.999625
34690: 0.999625
34691: 0.999625
34692: 0.999625
34693: 0.999625
34694: 0.999625
34695: 0.999625
34696: 0.999625
34697: 0.999625
34698: 0.999625
34699: 0.999625
34700: 0.999625
34701: 0.999625
34702: 0.999625
34703: 0.999625
34704: 0.999625
34705: 0.999625
34706: 0.999625
34707: 0.999625
34708: 0.999625
34709: 0.999625
34710: 0.999625
34711: 0.999625
34712: 0.999626
34713: 0.999626
34714: 0.999626
34715: 0.999626
34716: 0.999626
34717: 0.999626
34718: 0.999626
34719: 0.999626
34720: 0.999626
34721: 0.999626
34722: 0.999626
34723: 0.999626
34724: 0.999626
34725: 0.999626
34726: 0.999626
34727: 0.999626
34728: 0.999626
34729: 0.999626
34730: 0.999626
34731: 0.999626
34732: 0.999626
34733: 0.999626
34734: 0.999626
34735: 0.999626
34736: 0.999626
34737: 0.999626
34738: 0.999626
34739: 0.999626
34740: 0.999626
34741: 0.999626
34742: 0.999626
34743: 0.999626
34744: 0.999626
34745: 0.999626
34746: 0.999626
34747: 0.999626
34748: 0.999626
34749: 0.999626
34750: 0.999626
34751: 0.999626
34752: 0.999626
34753: 0.999626
34754: 0.999626
34755: 0.999626
34756: 0.999626
34757: 0.999626
34758: 0.999626
34759: 0.999626
34760: 0.999626
34761: 0.999626
34762: 0.999626
34763: 0.999626
34764: 0.999626
34765: 0.999626
34766: 0.999626
34767: 0.999626
34768: 0.999626
34769: 0.999626
34770: 0.999626
34771: 0.999626
34772: 0.999626
34773: 0.999626
34774: 0.999626
34775: 0.999626
34776: 0.999626
34777: 0.999626
34778: 0.999626
34779: 0.999626
34780: 0.999626
34781: 0.999626
34782: 0.999626
34783: 0.999626
34784: 0.999626
34785: 0.999626
34786: 0.999626
34787: 0.999626
34788: 0.999626
34789: 0.999626
34790: 0.999626
34791: 0.999626
34792: 0.999626
34793: 0.999626
34794: 0.999626
34795: 0.999626
34796: 0.999626
34797: 0.999626
34798: 0.999626
34799: 0.999626
34800: 0.999626
34801: 0.999626
34802: 0.999626
34803: 0.999626
34804: 0.999626
34805: 0.999627
34806: 0.999627
34807: 0.999627
34808: 0.999627
34809: 0.999627
34810: 0.999627
34811: 0.999627
34812: 0.999627
34813: 0.999627
34814: 0.999627
34815: 0.999627
34816: 0.999627
34817: 0.999627
34818: 0.999627
34819: 0.999627
34820: 0.999627
34821: 0.999627
34822: 0.999627
34823: 0.999627
34824: 0.999627
34825: 0.999627
34826: 0.999627
34827: 0.999627
34828: 0.999627
34829: 0.999627
34830: 0.999627
34831: 0.999627
34832: 0.999627
34833: 0.999627
34834: 0.999627
34835: 0.999627
34836: 0.999627
34837: 0.999627
34838: 0.999627
34839: 0.999627
34840: 0.999627
34841: 0.999627
34842: 0.999627
34843: 0.999627
34844: 0.999627
34845: 0.999627
34846: 0.999627
34847: 0.999627
34848: 0.999627
34849: 0.999627
34850: 0.999627
34851: 0.999627
34852: 0.999627
34853: 0.999627
34854: 0.999627
34855: 0.999627
34856: 0.999627
34857: 0.999627
34858: 0.999627
34859: 0.999627
34860: 0.999627
34861: 0.999627
34862: 0.999627
34863: 0.999627
34864: 0.999627
34865: 0.999627
34866: 0.999627
34867: 0.999627
34868: 0.999627
34869: 0.999627
34870: 0.999627
34871: 0.999627
34872: 0.999627
34873: 0.999627
34874: 0.999627
34875: 0.999627
34876: 0.999627
34877: 0.999627
34878: 0.999627
34879: 0.999627
34880: 0.999627
34881: 0.999627
34882: 0.999627
34883: 0.999627
34884: 0.999627
34885: 0.999627
34886: 0.999627
34887: 0.999627
34888: 0.999627
34889: 0.999627
34890: 0.999627
34891: 0.999627
34892: 0.999627
34893: 0.999627
34894: 0.999627
34895: 0.999627
34896: 0.999627
34897: 0.999627
34898: 0.999627
34899: 0.999628
34900: 0.999628
34901: 0.999628
34902: 0.999628
34903: 0.999628
34904: 0.999628
34905: 0.999628
34906: 0.999628
34907: 0.999628
34908: 0.999628
34909: 0.999628
34910: 0.999628
34911: 0.999628
34912: 0.999628
34913: 0.999628
34914: 0.999628
34915: 0.999628
34916: 0.999628
34917: 0.999628
34918: 0.999628
34919: 0.999628
34920: 0.999628
34921: 0.999628
34922: 0.999628
34923: 0.999628
34924: 0.999628
34925: 0.999628
34926: 0.999628
34927: 0.999628
34928: 0.999628
34929: 0.999628
34930: 0.999628
34931: 0.999628
34932: 0.999628
34933: 0.999628
34934: 0.999628
34935: 0.999628
34936: 0.999628
34937: 0.999628
34938: 0.999628
34939: 0.999628
34940: 0.999628
34941: 0.999628
34942: 0.999628
34943: 0.999628
34944: 0.999628
34945: 0.999628
34946: 0.999628
34947: 0.999628
34948: 0.999628
34949: 0.999628
34950: 0.999628
34951: 0.999628
34952: 0.999628
34953: 0.999628
34954: 0.999628
34955: 0.999628
34956: 0.999628
34957: 0.999628
34958: 0.999628
34959: 0.999628
34960: 0.999628
34961: 0.999628
34962: 0.999628
34963: 0.999628
34964: 0.999628
34965: 0.999628
34966: 0.999628
34967: 0.999628
34968: 0.999628
34969: 0.999628
34970: 0.999628
34971: 0.999628
34972: 0.999628
34973: 0.999628
34974: 0.999628
34975: 0.999628
34976: 0.999628
34977: 0.999628
34978: 0.999628
34979: 0.999628
34980: 0.999628
34981: 0.999628
34982: 0.999628
34983: 0.999628
34984: 0.999628
34985: 0.999628
34986: 0.999628
34987: 0.999628
34988: 0.999628
34989: 0.999628
34990: 0.999628
34991: 0.999628
34992: 0.999628
34993: 0.999629
34994: 0.999629
34995: 0.999629
34996: 0.999629
34997: 0.999629
34998: 0.999629
34999: 0.999629
35000: 0.999629
35001: 0.999629
35002: 0.999629
35003: 0.999629
35004: 0.999629
35005: 0.999629
35006: 0.999629
35007: 0.999629
35008: 0.999629
35009: 0.999629
35010: 0.999629
35011: 0.999629
35012: 0.999629
35013: 0.999629
35014: 0.999629
35015: 0.999629
35016: 0.999629
35017: 0.999629
35018: 0.999629
35019: 0.999629
35020: 0.999629
35021: 0.999629
35022: 0.999629
35023: 0.999629
35024: 0.999629
35025: 0.999629
35026: 0.999629
35027: 0.999629
35028: 0.999629
35029: 0.999629
35030: 0.999629
35031: 0.999629
35032: 0.999629
35033: 0.999629
35034: 0.999629
35035: 0.999629
35036: 0.999629
35037: 0.999629
35038: 0.999629
35039: 0.999629
35040: 0.999629
35041: 0.999629
35042: 0.999629
35043: 0.999629
35044: 0.999629
35045: 0.999629
35046: 0.999629
35047: 0.999629
35048: 0.999629
35049: 0.999629
35050: 0.999629
35051: 0.999629
35052: 0.999629
35053: 0.999629
35054: 0.999629
35055: 0.999629
35056: 0.999629
35057: 0.999629
35058: 0.999629
35059: 0.999629
35060: 0.999629
35061: 0.999629
35062: 0.999629
35063: 0.999629
35064: 0.999629
35065: 0.999629
35066: 0.999629
35067: 0.999629
35068: 0.999629
35069: 0.999629
35070: 0.999629
35071: 0.999629
35072: 0.999629
35073: 0.999629
35074: 0.999629
35075: 0.999629
35076: 0.999629
35077: 0.999629
35078: 0.999629
35079: 0.999629
35080: 0.999629
35081: 0.999629
35082: 0.999629
35083: 0.999629
35084: 0.999629
35085: 0.999629
35086: 0.999629
35087: 0.99963
35088: 0.99963
35089: 0.99963
35090: 0.99963
35091: 0.99963
35092: 0.99963
35093: 0.99963
35094: 0.99963
35095: 0.99963
35096: 0.99963
35097: 0.99963
35098: 0.99963
35099: 0.99963
35100: 0.99963
35101: 0.99963
35102: 0.99963
35103: 0.99963
35104: 0.99963
35105: 0.99963
35106: 0.99963
35107: 0.99963
35108: 0.99963
35109: 0.99963
35110: 0.99963
35111: 0.99963
35112: 0.99963
35113: 0.99963
35114: 0.99963
35115: 0.99963
35116: 0.99963
35117: 0.99963
35118: 0.99963
35119: 0.99963
35120: 0.99963
35121: 0.99963
35122: 0.99963
35123: 0.99963
35124: 0.99963
35125: 0.99963
35126: 0.99963
35127: 0.99963
35128: 0.99963
35129: 0.99963
35130: 0.99963
35131: 0.99963
35132: 0.99963
35133: 0.99963
35134: 0.99963
35135: 0.99963
35136: 0.99963
35137: 0.99963
35138: 0.99963
35139: 0.99963
35140: 0.99963
35141: 0.99963
35142: 0.99963
35143: 0.99963
35144: 0.99963
35145: 0.99963
35146: 0.99963
35147: 0.99963
35148: 0.99963
35149: 0.99963
35150: 0.99963
35151: 0.99963
35152: 0.99963
35153: 0.99963
35154: 0.99963
35155: 0.99963
35156: 0.99963
35157: 0.99963
35158: 0.99963
35159: 0.99963
35160: 0.99963
35161: 0.99963
35162: 0.99963
35163: 0.99963
35164: 0.99963
35165: 0.99963
35166: 0.99963
35167: 0.99963
35168: 0.99963
35169: 0.99963
35170: 0.99963
35171: 0.99963
35172: 0.99963
35173: 0.99963
35174: 0.99963
35175: 0.99963
35176: 0.99963
35177: 0.99963
35178: 0.99963
35179: 0.99963
35180: 0.99963
35181: 0.99963
35182: 0.999631
35183: 0.999631
35184: 0.999631
35185: 0.999631
35186: 0.999631
35187: 0.999631
35188: 0.999631
35189: 0.999631
35190: 0.999631
35191: 0.999631
35192: 0.999631
35193: 0.999631
35194: 0.999631
35195: 0.999631
35196: 0.999631
35197: 0.999631
35198: 0.999631
35199: 0.999631
35200: 0.999631
35201: 0.999631
35202: 0.999631
35203: 0.999631
35204: 0.999631
35205: 0.999631
35206: 0.999631
35207: 0.999631
35208: 0.999631
35209: 0.999631
35210: 0.999631
35211: 0.999631
35212: 0.999631
35213: 0.999631
35214: 0.999631
35215: 0.999631
35216: 0.999631
35217: 0.999631
35218: 0.999631
35219: 0.999631
35220: 0.999631
35221: 0.999631
35222: 0.999631
35223: 0.999631
35224: 0.999631
35225: 0.999631
35226: 0.999631
35227: 0.999631
35228: 0.999631
35229: 0.999631
35230: 0.999631
35231: 0.999631
35232: 0.999631
35233: 0.999631
35234: 0.999631
35235: 0.999631
35236: 0.999631
35237: 0.999631
35238: 0.999631
35239: 0.999631
35240: 0.999631
35241: 0.999631
35242: 0.999631
35243: 0.999631
35244: 0.999631
35245: 0.999631
35246: 0.999631
35247: 0.999631
35248: 0.999631
35249: 0.999631
35250: 0.999631
35251: 0.999631
35252: 0.999631
35253: 0.999631
35254: 0.999631
35255: 0.999631
35256: 0.999631
35257: 0.999631
35258: 0.999631
35259: 0.999631
35260: 0.999631
35261: 0.999631
35262: 0.999631
35263: 0.999631
35264: 0.999631
35265: 0.999631
35266: 0.999631
35267: 0.999631
35268: 0.999631
35269: 0.999631
35270: 0.999631
35271: 0.999631
35272: 0.999631
35273: 0.999631
35274: 0.999631
35275: 0.999631
35276: 0.999631
35277: 0.999631
35278: 0.999632
35279: 0.999632
35280: 0.999632
35281: 0.999632
35282: 0.999632
35283: 0.999632
35284: 0.999632
35285: 0.999632
35286: 0.999632
35287: 0.999632
35288: 0.999632
35289: 0.999632
35290: 0.999632
35291: 0.999632
35292: 0.999632
35293: 0.999632
35294: 0.999632
35295: 0.999632
35296: 0.999632
35297: 0.999632
35298: 0.999632
35299: 0.999632
35300: 0.999632
35301: 0.999632
35302: 0.999632
35303: 0.999632
35304: 0.999632
35305: 0.999632
35306: 0.999632
35307: 0.999632
35308: 0.999632
35309: 0.999632
35310: 0.999632
35311: 0.999632
35312: 0.999632
35313: 0.999632
35314: 0.999632
35315: 0.999632
35316: 0.999632
35317: 0.999632
35318: 0.999632
35319: 0.999632
35320: 0.999632
35321: 0.999632
35322: 0.999632
35323: 0.999632
35324: 0.999632
35325: 0.999632
35326: 0.999632
35327: 0.999632
35328: 0.999632
35329: 0.999632
35330: 0.999632
35331: 0.999632
35332: 0.999632
35333: 0.999632
35334: 0.999632
35335: 0.999632
35336: 0.999632
35337: 0.999632
35338: 0.999632
35339: 0.999632
35340: 0.999632
35341: 0.999632
35342: 0.999632
35343: 0.999632
35344: 0.999632
35345: 0.999632
35346: 0.999632
35347: 0.999632
35348: 0.999632
35349: 0.999632
35350: 0.999632
35351: 0.999632
35352: 0.999632
35353: 0.999632
35354: 0.999632
35355: 0.999632
35356: 0.999632
35357: 0.999632
35358: 0.999632
35359: 0.999632
35360: 0.999632
35361: 0.999632
35362: 0.999632
35363: 0.999632
35364: 0.999632
35365: 0.999632
35366: 0.999632
35367: 0.999632
35368: 0.999632
35369: 0.999632
35370: 0.999632
35371: 0.999632
35372: 0.999632
35373: 0.999632
35374: 0.999633
35375: 0.999633
35376: 0.999633
35377: 0.999633
35378: 0.999633
35379: 0.999633
35380: 0.999633
35381: 0.999633
35382: 0.999633
35383: 0.999633
35384: 0.999633
35385: 0.999633
35386: 0.999633
35387: 0.999633
35388: 0.999633
35389: 0.999633
35390: 0.999633
35391: 0.999633
35392: 0.999633
35393: 0.999633
35394: 0.999633
35395: 0.999633
35396: 0.999633
35397: 0.999633
35398: 0.999633
35399: 0.999633
35400: 0.999633
35401: 0.999633
35402: 0.999633
35403: 0.999633
35404: 0.999633
35405: 0.999633
35406: 0.999633
35407: 0.999633
35408: 0.999633
35409: 0.999633
35410: 0.999633
35411: 0.999633
35412: 0.999633
35413: 0.999633
35414: 0.999633
35415: 0.999633
35416: 0.999633
35417: 0.999633
35418: 0.999633
35419: 0.999633
35420: 0.999633
35421: 0.999633
35422: 0.999633
35423: 0.999633
35424: 0.999633
35425: 0.999633
35426: 0.999633
35427: 0.999633
35428: 0.999633
35429: 0.999633
35430: 0.999633
35431: 0.999633
35432: 0.999633
35433: 0.999633
35434: 0.999633
35435: 0.999633
35436: 0.999633
35437: 0.999633
35438: 0.999633
35439: 0.999633
35440: 0.999633
35441: 0.999633
35442: 0.999633
35443: 0.999633
35444: 0.999633
35445: 0.999633
35446: 0.999633
35447: 0.999633
35448: 0.999633
35449: 0.999633
35450: 0.999633
35451: 0.999633
35452: 0.999633
35453: 0.999633
35454: 0.999633
35455: 0.999633
35456: 0.999633
35457: 0.999633
35458: 0.999633
35459: 0.999633
35460: 0.999633
35461: 0.999633
35462: 0.999633
35463: 0.999633
35464: 0.999633
35465: 0.999633
35466: 0.999633
35467: 0.999633
35468: 0.999633
35469: 0.999633
35470: 0.999634
35471: 0.999634
35472: 0.999634
35473: 0.999634
35474: 0.999634
35475: 0.999634
35476: 0.999634
35477: 0.999634
35478: 0.999634
35479: 0.999634
35480: 0.999634
35481: 0.999634
35482: 0.999634
35483: 0.999634
35484: 0.999634
35485: 0.999634
35486: 0.999634
35487: 0.999634
35488: 0.999634
35489: 0.999634
35490: 0.999634
35491: 0.999634
35492: 0.999634
35493: 0.999634
35494: 0.999634
35495: 0.999634
35496: 0.999634
35497: 0.999634
35498: 0.999634
35499: 0.999634
35500: 0.999634
35501: 0.999634
35502: 0.999634
35503: 0.999634
35504: 0.999634
35505: 0.999634
35506: 0.999634
35507: 0.999634
35508: 0.999634
35509: 0.999634
35510: 0.999634
35511: 0.999634
35512: 0.999634
35513: 0.999634
35514: 0.999634
35515: 0.999634
35516: 0.999634
35517: 0.999634
35518: 0.999634
35519: 0.999634
35520: 0.999634
35521: 0.999634
35522: 0.999634
35523: 0.999634
35524: 0.999634
35525: 0.999634
35526: 0.999634
35527: 0.999634
35528: 0.999634
35529: 0.999634
35530: 0.999634
35531: 0.999634
35532: 0.999634
35533: 0.999634
35534: 0.999634
35535: 0.999634
35536: 0.999634
35537: 0.999634
35538: 0.999634
35539: 0.999634
35540: 0.999634
35541: 0.999634
35542: 0.999634
35543: 0.999634
35544: 0.999634
35545: 0.999634
35546: 0.999634
35547: 0.999634
35548: 0.999634
35549: 0.999634
35550: 0.999634
35551: 0.999634
35552: 0.999634
35553: 0.999634
35554: 0.999634
35555: 0.999634
35556: 0.999634
35557: 0.999634
35558: 0.999634
35559: 0.999634
35560: 0.999634
35561: 0.999634
35562: 0.999634
35563: 0.999634
35564: 0.999634
35565: 0.999634
35566: 0.999634
35567: 0.999635
35568: 0.999635
35569: 0.999635
35570: 0.999635
35571: 0.999635
35572: 0.999635
35573: 0.999635
35574: 0.999635
35575: 0.999635
35576: 0.999635
35577: 0.999635
35578: 0.999635
35579: 0.999635
35580: 0.999635
35581: 0.999635
35582: 0.999635
35583: 0.999635
35584: 0.999635
35585: 0.999635
35586: 0.999635
35587: 0.999635
35588: 0.999635
35589: 0.999635
35590: 0.999635
35591: 0.999635
35592: 0.999635
35593: 0.999635
35594: 0.999635
35595: 0.999635
35596: 0.999635
35597: 0.999635
35598: 0.999635
35599: 0.999635
35600: 0.999635
35601: 0.999635
35602: 0.999635
35603: 0.999635
35604: 0.999635
35605: 0.999635
35606: 0.999635
35607: 0.999635
35608: 0.999635
35609: 0.999635
35610: 0.999635
35611: 0.999635
35612: 0.999635
35613: 0.999635
35614: 0.999635
35615: 0.999635
35616: 0.999635
35617: 0.999635
35618: 0.999635
35619: 0.999635
35620: 0.999635
35621: 0.999635
35622: 0.999635
35623: 0.999635
35624: 0.999635
35625: 0.999635
35626: 0.999635
35627: 0.999635
35628: 0.999635
35629: 0.999635
35630: 0.999635
35631: 0.999635
35632: 0.999635
35633: 0.999635
35634: 0.999635
35635: 0.999635
35636: 0.999635
35637: 0.999635
35638: 0.999635
35639: 0.999635
35640: 0.999635
35641: 0.999635
35642: 0.999635
35643: 0.999635
35644: 0.999635
35645: 0.999635
35646: 0.999635
35647: 0.999635
35648: 0.999635
35649: 0.999635
35650: 0.999635
35651: 0.999635
35652: 0.999635
35653: 0.999635
35654: 0.999635
35655: 0.999635
35656: 0.999635
35657: 0.999635
35658: 0.999635
35659: 0.999635
35660: 0.999635
35661: 0.999635
35662: 0.999635
35663: 0.999635
35664: 0.999635
35665: 0.999636
35666: 0.999636
35667: 0.999636
35668: 0.999636
35669: 0.999636
35670: 0.999636
35671: 0.999636
35672: 0.999636
35673: 0.999636
35674: 0.999636
35675: 0.999636
35676: 0.999636
35677: 0.999636
35678: 0.999636
35679: 0.999636
35680: 0.999636
35681: 0.999636
35682: 0.999636
35683: 0.999636
35684: 0.999636
35685: 0.999636
35686: 0.999636
35687: 0.999636
35688: 0.999636
35689: 0.999636
35690: 0.999636
35691: 0.999636
35692: 0.999636
35693: 0.999636
35694: 0.999636
35695: 0.999636
35696: 0.999636
35697: 0.999636
35698: 0.999636
35699: 0.999636
35700: 0.999636
35701: 0.999636
35702: 0.999636
35703: 0.999636
35704: 0.999636
35705: 0.999636
35706: 0.999636
35707: 0.999636
35708: 0.999636
35709: 0.999636
35710: 0.999636
35711: 0.999636
35712: 0.999636
35713: 0.999636
35714: 0.999636
35715: 0.999636
35716: 0.999636
35717: 0.999636
35718: 0.999636
35719: 0.999636
35720: 0.999636
35721: 0.999636
35722: 0.999636
35723: 0.999636
35724: 0.999636
35725: 0.999636
35726: 0.999636
35727: 0.999636
35728: 0.999636
35729: 0.999636
35730: 0.999636
35731: 0.999636
35732: 0.999636
35733: 0.999636
35734: 0.999636
35735: 0.999636
35736: 0.999636
35737: 0.999636
35738: 0.999636
35739: 0.999636
35740: 0.999636
35741: 0.999636
35742: 0.999636
35743: 0.999636
35744: 0.999636
35745: 0.999636
35746: 0.999636
35747: 0.999636
35748: 0.999636
35749: 0.999636
35750: 0.999636
35751: 0.999636
35752: 0.999636
35753: 0.999636
35754: 0.999636
35755: 0.999636
35756: 0.999636
35757: 0.999636
35758: 0.999636
35759: 0.999636
35760: 0.999636
35761: 0.999636
35762: 0.999636
35763: 0.999637
35764: 0.999637
35765: 0.999637
35766: 0.999637
35767: 0.999637
35768: 0.999637
35769: 0.999637
35770: 0.999637
35771: 0.999637
35772: 0.999637
35773: 0.999637
35774: 0.999637
35775: 0.999637
35776: 0.999637
35777: 0.999637
35778: 0.999637
35779: 0.999637
35780: 0.999637
35781: 0.999637
35782: 0.999637
35783: 0.999637
35784: 0.999637
35785: 0.999637
35786: 0.999637
35787: 0.999637
35788: 0.999637
35789: 0.999637
35790: 0.999637
35791: 0.999637
35792: 0.999637
35793: 0.999637
35794: 0.999637
35795: 0.999637
35796: 0.999637
35797: 0.999637
35798: 0.999637
35799: 0.999637
35800: 0.999637
35801: 0.999637
35802: 0.999637
35803: 0.999637
35804: 0.999637
35805: 0.999637
35806: 0.999637
35807: 0.999637
35808: 0.999637
35809: 0.999637
35810: 0.999637
35811: 0.999637
35812: 0.999637
35813: 0.999637
35814: 0.999637
35815: 0.999637
35816: 0.999637
35817: 0.999637
35818: 0.999637
35819: 0.999637
35820: 0.999637
35821: 0.999637
35822: 0.999637
35823: 0.999637
35824: 0.999637
35825: 0.999637
35826: 0.999637
35827: 0.999637
35828: 0.999637
35829: 0.999637
35830: 0.999637
35831: 0.999637
35832: 0.999637
35833: 0.999637
35834: 0.999637
35835: 0.999637
35836: 0.999637
35837: 0.999637
35838: 0.999637
35839: 0.999637
35840: 0.999637
35841: 0.999637
35842: 0.999637
35843: 0.999637
35844: 0.999637
35845: 0.999637
35846: 0.999637
35847: 0.999637
35848: 0.999637
35849: 0.999637
35850: 0.999637
35851: 0.999637
35852: 0.999637
35853: 0.999637
35854: 0.999637
35855: 0.999637
35856: 0.999637
35857: 0.999637
35858: 0.999637
35859: 0.999637
35860: 0.999637
35861: 0.999637
35862: 0.999638
35863: 0.999638
35864: 0.999638
35865: 0.999638
35866: 0.999638
35867: 0.999638
35868: 0.999638
35869: 0.999638
35870: 0.999638
35871: 0.999638
35872: 0.999638
35873: 0.999638
35874: 0.999638
35875: 0.999638
35876: 0.999638
35877: 0.999638
35878: 0.999638
35879: 0.999638
35880: 0.999638
35881: 0.999638
35882: 0.999638
35883: 0.999638
35884: 0.999638
35885: 0.999638
35886: 0.999638
35887: 0.999638
35888: 0.999638
35889: 0.999638
35890: 0.999638
35891: 0.999638
35892: 0.999638
35893: 0.999638
35894: 0.999638
35895: 0.999638
35896: 0.999638
35897: 0.999638
35898: 0.999638
35899: 0.999638
35900: 0.999638
35901: 0.999638
35902: 0.999638
35903: 0.999638
35904: 0.999638
35905: 0.999638
35906: 0.999638
35907: 0.999638
35908: 0.999638
35909: 0.999638
35910: 0.999638
35911: 0.999638
35912: 0.999638
35913: 0.999638
35914: 0.999638
35915: 0.999638
35916: 0.999638
35917: 0.999638
35918: 0.999638
35919: 0.999638
35920: 0.999638
35921: 0.999638
35922: 0.999638
35923: 0.999638
35924: 0.999638
35925: 0.999638
35926: 0.999638
35927: 0.999638
35928: 0.999638
35929: 0.999638
35930: 0.999638
35931: 0.999638
35932: 0.999638
35933: 0.999638
35934: 0.999638
35935: 0.999638
35936: 0.999638
35937: 0.999638
35938: 0.999638
35939: 0.999638
35940: 0.999638
35941: 0.999638
35942: 0.999638
35943: 0.999638
35944: 0.999638
35945: 0.999638
35946: 0.999638
35947: 0.999638
35948: 0.999638
35949: 0.999638
35950: 0.999638
35951: 0.999638
35952: 0.999638
35953: 0.999638
35954: 0.999638
35955: 0.999638
35956: 0.999638
35957: 0.999638
35958: 0.999638
35959: 0.999638
35960: 0.999638
35961: 0.999639
35962: 0.999639
35963: 0.999639
35964: 0.999639
35965: 0.999639
35966: 0.999639
35967: 0.999639
35968: 0.999639
35969: 0.999639
35970: 0.999639
35971: 0.999639
35972: 0.999639
35973: 0.999639
35974: 0.999639
35975: 0.999639
35976: 0.999639
35977: 0.999639
35978: 0.999639
35979: 0.999639
35980: 0.999639
35981: 0.999639
35982: 0.999639
35983: 0.999639
35984: 0.999639
35985: 0.999639
35986: 0.999639
35987: 0.999639
35988: 0.999639
35989: 0.999639
35990: 0.999639
35991: 0.999639
35992: 0.999639
35993: 0.999639
35994: 0.999639
35995: 0.999639
35996: 0.999639
35997: 0.999639
35998: 0.999639
35999: 0.999639
36000: 0.999639
36001: 0.999639
36002: 0.999639
36003: 0.999639
36004: 0.999639
36005: 0.999639
36006: 0.999639
36007: 0.999639
36008: 0.999639
36009: 0.999639
36010: 0.999639
36011: 0.999639
36012: 0.999639
36013: 0.999639
36014: 0.999639
36015: 0.999639
36016: 0.999639
36017: 0.999639
36018: 0.999639
36019: 0.999639
36020: 0.999639
36021: 0.999639
36022: 0.999639
36023: 0.999639
36024: 0.999639
36025: 0.999639
36026: 0.999639
36027: 0.999639
36028: 0.999639
36029: 0.999639
36030: 0.999639
36031: 0.999639
36032: 0.999639
36033: 0.999639
36034: 0.999639
36035: 0.999639
36036: 0.999639
36037: 0.999639
36038: 0.999639
36039: 0.999639
36040: 0.999639
36041: 0.999639
36042: 0.999639
36043: 0.999639
36044: 0.999639
36045: 0.999639
36046: 0.999639
36047: 0.999639
36048: 0.999639
36049: 0.999639
36050: 0.999639
36051: 0.999639
36052: 0.999639
36053: 0.999639
36054: 0.999639
36055: 0.999639
36056: 0.999639
36057: 0.999639
36058: 0.999639
36059: 0.999639
36060: 0.999639
36061: 0.99964
36062: 0.99964
36063: 0.99964
36064: 0.99964
36065: 0.99964
36066: 0.99964
36067: 0.99964
36068: 0.99964
36069: 0.99964
36070: 0.99964
36071: 0.99964
36072: 0.99964
36073: 0.99964
36074: 0.99964
36075: 0.99964
36076: 0.99964
36077: 0.99964
36078: 0.99964
36079: 0.99964
36080: 0.99964
36081: 0.99964
36082: 0.99964
36083: 0.99964
36084: 0.99964
36085: 0.99964
36086: 0.99964
36087: 0.99964
36088: 0.99964
36089: 0.99964
36090: 0.99964
36091: 0.99964
36092: 0.99964
36093: 0.99964
36094: 0.99964
36095: 0.99964
36096: 0.99964
36097: 0.99964
36098: 0.99964
36099: 0.99964
36100: 0.99964
36101: 0.99964
36102: 0.99964
36103: 0.99964
36104: 0.99964
36105: 0.99964
36106: 0.99964
36107: 0.99964
36108: 0.99964
36109: 0.99964
36110: 0.99964
36111: 0.99964
36112: 0.99964
36113: 0.99964
36114: 0.99964
36115: 0.99964
36116: 0.99964
36117: 0.99964
36118: 0.99964
36119: 0.99964
36120: 0.99964
36121: 0.99964
36122: 0.99964
36123: 0.99964
36124: 0.99964
36125: 0.99964
36126: 0.99964
36127: 0.99964
36128: 0.99964
36129: 0.99964
36130: 0.99964
36131: 0.99964
36132: 0.99964
36133: 0.99964
36134: 0.99964
36135: 0.99964
36136: 0.99964
36137: 0.99964
36138: 0.99964
36139: 0.99964
36140: 0.99964
36141: 0.99964
36142: 0.99964
36143: 0.99964
36144: 0.99964
36145: 0.99964
36146: 0.99964
36147: 0.99964
36148: 0.99964
36149: 0.99964
36150: 0.99964
36151: 0.99964
36152: 0.99964
36153: 0.99964
36154: 0.99964
36155: 0.99964
36156: 0.99964
36157: 0.99964
36158: 0.99964
36159: 0.99964
36160: 0.99964
36161: 0.999641
36162: 0.999641
36163: 0.999641
36164: 0.999641
36165: 0.999641
36166: 0.999641
36167: 0.999641
36168: 0.999641
36169: 0.999641
36170: 0.999641
36171: 0.999641
36172: 0.999641
36173: 0.999641
36174: 0.999641
36175: 0.999641
36176: 0.999641
36177: 0.999641
36178: 0.999641
36179: 0.999641
36180: 0.999641
36181: 0.999641
36182: 0.999641
36183: 0.999641
36184: 0.999641
36185: 0.999641
36186: 0.999641
36187: 0.999641
36188: 0.999641
36189: 0.999641
36190: 0.999641
36191: 0.999641
36192: 0.999641
36193: 0.999641
36194: 0.999641
36195: 0.999641
36196: 0.999641
36197: 0.999641
36198: 0.999641
36199: 0.999641
36200: 0.999641
36201: 0.999641
36202: 0.999641
36203: 0.999641
36204: 0.999641
36205: 0.999641
36206: 0.999641
36207: 0.999641
36208: 0.999641
36209: 0.999641
36210: 0.999641
36211: 0.999641
36212: 0.999641
36213: 0.999641
36214: 0.999641
36215: 0.999641
36216: 0.999641
36217: 0.999641
36218: 0.999641
36219: 0.999641
36220: 0.999641
36221: 0.999641
36222: 0.999641
36223: 0.999641
36224: 0.999641
36225: 0.999641
36226: 0.999641
36227: 0.999641
36228: 0.999641
36229: 0.999641
36230: 0.999641
36231: 0.999641
36232: 0.999641
36233: 0.999641
36234: 0.999641
36235: 0.999641
36236: 0.999641
36237: 0.999641
36238: 0.999641
36239: 0.999641
36240: 0.999641
36241: 0.999641
36242: 0.999641
36243: 0.999641
36244: 0.999641
36245: 0.999641
36246: 0.999641
36247: 0.999641
36248: 0.999641
36249: 0.999641
36250: 0.999641
36251: 0.999641
36252: 0.999641
36253: 0.999641
36254: 0.999641
36255: 0.999641
36256: 0.999641
36257: 0.999641
36258: 0.999641
36259: 0.999641
36260: 0.999641
36261: 0.999641
36262: 0.999642
36263: 0.999642
36264: 0.999642
36265: 0.999642
36266: 0.999642
36267: 0.999642
36268: 0.999642
36269: 0.999642
36270: 0.999642
36271: 0.999642
36272: 0.999642
36273: 0.999642
36274: 0.999642
36275: 0.999642
36276: 0.999642
36277: 0.999642
36278: 0.999642
36279: 0.999642
36280: 0.999642
36281: 0.999642
36282: 0.999642
36283: 0.999642
36284: 0.999642
36285: 0.999642
36286: 0.999642
36287: 0.999642
36288: 0.999642
36289: 0.999642
36290: 0.999642
36291: 0.999642
36292: 0.999642
36293: 0.999642
36294: 0.999642
36295: 0.999642
36296: 0.999642
36297: 0.999642
36298: 0.999642
36299: 0.999642
36300: 0.999642
36301: 0.999642
36302: 0.999642
36303: 0.999642
36304: 0.999642
36305: 0.999642
36306: 0.999642
36307: 0.999642
36308: 0.999642
36309: 0.999642
36310: 0.999642
36311: 0.999642
36312: 0.999642
36313: 0.999642
36314: 0.999642
36315: 0.999642
36316: 0.999642
36317: 0.999642
36318: 0.999642
36319: 0.999642
36320: 0.999642
36321: 0.999642
36322: 0.999642
36323: 0.999642
36324: 0.999642
36325: 0.999642
36326: 0.999642
36327: 0.999642
36328: 0.999642
36329: 0.999642
36330: 0.999642
36331: 0.999642
36332: 0.999642
36333: 0.999642
36334: 0.999642
36335: 0.999642
36336: 0.999642
36337: 0.999642
36338: 0.999642
36339: 0.999642
36340: 0.999642
36341: 0.999642
36342: 0.999642
36343: 0.999642
36344: 0.999642
36345: 0.999642
36346: 0.999642
36347: 0.999642
36348: 0.999642
36349: 0.999642
36350: 0.999642
36351: 0.999642
36352: 0.999642
36353: 0.999642
36354: 0.999642
36355: 0.999642
36356: 0.999642
36357: 0.999642
36358: 0.999642
36359: 0.999642
36360: 0.999642
36361: 0.999642
36362: 0.999642
36363: 0.999643
36364: 0.999643
36365: 0.999643
36366: 0.999643
36367: 0.999643
36368: 0.999643
36369: 0.999643
36370: 0.999643
36371: 0.999643
36372: 0.999643
36373: 0.999643
36374: 0.999643
36375: 0.999643
36376: 0.999643
36377: 0.999643
36378: 0.999643
36379: 0.999643
36380: 0.999643
36381: 0.999643
36382: 0.999643
36383: 0.999643
36384: 0.999643
36385: 0.999643
36386: 0.999643
36387: 0.999643
36388: 0.999643
36389: 0.999643
36390: 0.999643
36391: 0.999643
36392: 0.999643
36393: 0.999643
36394: 0.999643
36395: 0.999643
36396: 0.999643
36397: 0.999643
36398: 0.999643
36399: 0.999643
36400: 0.999643
36401: 0.999643
36402: 0.999643
36403: 0.999643
36404: 0.999643
36405: 0.999643
36406: 0.999643
36407: 0.999643
36408: 0.999643
36409: 0.999643
36410: 0.999643
36411: 0.999643
36412: 0.999643
36413: 0.999643
36414: 0.999643
36415: 0.999643
36416: 0.999643
36417: 0.999643
36418: 0.999643
36419: 0.999643
36420: 0.999643
36421: 0.999643
36422: 0.999643
36423: 0.999643
36424: 0.999643
36425: 0.999643
36426: 0.999643
36427: 0.999643
36428: 0.999643
36429: 0.999643
36430: 0.999643
36431: 0.999643
36432: 0.999643
36433: 0.999643
36434: 0.999643
36435: 0.999643
36436: 0.999643
36437: 0.999643
36438: 0.999643
36439: 0.999643
36440: 0.999643
36441: 0.999643
36442: 0.999643
36443: 0.999643
36444: 0.999643
36445: 0.999643
36446: 0.999643
36447: 0.999643
36448: 0.999643
36449: 0.999643
36450: 0.999643
36451: 0.999643
36452: 0.999643
36453: 0.999643
36454: 0.999643
36455: 0.999643
36456: 0.999643
36457: 0.999643
36458: 0.999643
36459: 0.999643
36460: 0.999643
36461: 0.999643
36462: 0.999643
36463: 0.999643
36464: 0.999643
36465: 0.999644
36466: 0.999644
36467: 0.999644
36468: 0.999644
36469: 0.999644
36470: 0.999644
36471: 0.999644
36472: 0.999644
36473: 0.999644
36474: 0.999644
36475: 0.999644
36476: 0.999644
36477: 0.999644
36478: 0.999644
36479: 0.999644
36480: 0.999644
36481: 0.999644
36482: 0.999644
36483: 0.999644
36484: 0.999644
36485: 0.999644
36486: 0.999644
36487: 0.999644
36488: 0.999644
36489: 0.999644
36490: 0.999644
36491: 0.999644
36492: 0.999644
36493: 0.999644
36494: 0.999644
36495: 0.999644
36496: 0.999644
36497: 0.999644
36498: 0.999644
36499: 0.999644
36500: 0.999644
36501: 0.999644
36502: 0.999644
36503: 0.999644
36504: 0.999644
36505: 0.999644
36506: 0.999644
36507: 0.999644
36508: 0.999644
36509: 0.999644
36510: 0.999644
36511: 0.999644
36512: 0.999644
36513: 0.999644
36514: 0.999644
36515: 0.999644
36516: 0.999644
36517: 0.999644
36518: 0.999644
36519: 0.999644
36520: 0.999644
36521: 0.999644
36522: 0.999644
36523: 0.999644
36524: 0.999644
36525: 0.999644
36526: 0.999644
36527: 0.999644
36528: 0.999644
36529: 0.999644
36530: 0.999644
36531: 0.999644
36532: 0.999644
36533: 0.999644
36534: 0.999644
36535: 0.999644
36536: 0.999644
36537: 0.999644
36538: 0.999644
36539: 0.999644
36540: 0.999644
36541: 0.999644
36542: 0.999644
36543: 0.999644
36544: 0.999644
36545: 0.999644
36546: 0.999644
36547: 0.999644
36548: 0.999644
36549: 0.999644
36550: 0.999644
36551: 0.999644
36552: 0.999644
36553: 0.999644
36554: 0.999644
36555: 0.999644
36556: 0.999644
36557: 0.999644
36558: 0.999644
36559: 0.999644
36560: 0.999644
36561: 0.999644
36562: 0.999644
36563: 0.999644
36564: 0.999644
36565: 0.999644
36566: 0.999644
36567: 0.999644
36568: 0.999645
36569: 0.999645
36570: 0.999645
36571: 0.999645
36572: 0.999645
36573: 0.999645
36574: 0.999645
36575: 0.999645
36576: 0.999645
36577: 0.999645
36578: 0.999645
36579: 0.999645
36580: 0.999645
36581: 0.999645
36582: 0.999645
36583: 0.999645
36584: 0.999645
36585: 0.999645
36586: 0.999645
36587: 0.999645
36588: 0.999645
36589: 0.999645
36590: 0.999645
36591: 0.999645
36592: 0.999645
36593: 0.999645
36594: 0.999645
36595: 0.999645
36596: 0.999645
36597: 0.999645
36598: 0.999645
36599: 0.999645
36600: 0.999645
36601: 0.999645
36602: 0.999645
36603: 0.999645
36604: 0.999645
36605: 0.999645
36606: 0.999645
36607: 0.999645
36608: 0.999645
36609: 0.999645
36610: 0.999645
36611: 0.999645
36612: 0.999645
36613: 0.999645
36614: 0.999645
36615: 0.999645
36616: 0.999645
36617: 0.999645
36618: 0.999645
36619: 0.999645
36620: 0.999645
36621: 0.999645
36622: 0.999645
36623: 0.999645
36624: 0.999645
36625: 0.999645
36626: 0.999645
36627: 0.999645
36628: 0.999645
36629: 0.999645
36630: 0.999645
36631: 0.999645
36632: 0.999645
36633: 0.999645
36634: 0.999645
36635: 0.999645
36636: 0.999645
36637: 0.999645
36638: 0.999645
36639: 0.999645
36640: 0.999645
36641: 0.999645
36642: 0.999645
36643: 0.999645
36644: 0.999645
36645: 0.999645
36646: 0.999645
36647: 0.999645
36648: 0.999645
36649: 0.999645
36650: 0.999645
36651: 0.999645
36652: 0.999645
36653: 0.999645
36654: 0.999645
36655: 0.999645
36656: 0.999645
36657: 0.999645
36658: 0.999645
36659: 0.999645
36660: 0.999645
36661: 0.999645
36662: 0.999645
36663: 0.999645
36664: 0.999645
36665: 0.999645
36666: 0.999645
36667: 0.999645
36668: 0.999645
36669: 0.999645
36670: 0.999645
36671: 0.999646
36672: 0.999646
36673: 0.999646
36674: 0.999646
36675: 0.999646
36676: 0.999646
36677: 0.999646
36678: 0.999646
36679: 0.999646
36680: 0.999646
36681: 0.999646
36682: 0.999646
36683: 0.999646
36684: 0.999646
36685: 0.999646
36686: 0.999646
36687: 0.999646
36688: 0.999646
36689: 0.999646
36690: 0.999646
36691: 0.999646
36692: 0.999646
36693: 0.999646
36694: 0.999646
36695: 0.999646
36696: 0.999646
36697: 0.999646
36698: 0.999646
36699: 0.999646
36700: 0.999646
36701: 0.999646
36702: 0.999646
36703: 0.999646
36704: 0.999646
36705: 0.999646
36706: 0.999646
36707: 0.999646
36708: 0.999646
36709: 0.999646
36710: 0.999646
36711: 0.999646
36712: 0.999646
36713: 0.999646
36714: 0.999646
36715: 0.999646
36716: 0.999646
36717: 0.999646
36718: 0.999646
36719: 0.999646
36720: 0.999646
36721: 0.999646
36722: 0.999646
36723: 0.999646
36724: 0.999646
36725: 0.999646
36726: 0.999646
36727: 0.999646
36728: 0.999646
36729: 0.999646
36730: 0.999646
36731: 0.999646
36732: 0.999646
36733: 0.999646
36734: 0.999646
36735: 0.999646
36736: 0.999646
36737: 0.999646
36738: 0.999646
36739: 0.999646
36740: 0.999646
36741: 0.999646
36742: 0.999646
36743: 0.999646
36744: 0.999646
36745: 0.999646
36746: 0.999646
36747: 0.999646
36748: 0.999646
36749: 0.999646
36750: 0.999646
36751: 0.999646
36752: 0.999646
36753: 0.999646
36754: 0.999646
36755: 0.999646
36756: 0.999646
36757: 0.999646
36758: 0.999646
36759: 0.999646
36760: 0.999646
36761: 0.999646
36762: 0.999646
36763: 0.999646
36764: 0.999646
36765: 0.999646
36766: 0.999646
36767: 0.999646
36768: 0.999646
36769: 0.999646
36770: 0.999646
36771: 0.999646
36772: 0.999646
36773: 0.999646
36774: 0.999646
36775: 0.999647
36776: 0.999647
36777: 0.999647
36778: 0.999647
36779: 0.999647
36780: 0.999647
36781: 0.999647
36782: 0.999647
36783: 0.999647
36784: 0.999647
36785: 0.999647
36786: 0.999647
36787: 0.999647
36788: 0.999647
36789: 0.999647
36790: 0.999647
36791: 0.999647
36792: 0.999647
36793: 0.999647
36794: 0.999647
36795: 0.999647
36796: 0.999647
36797: 0.999647
36798: 0.999647
36799: 0.999647
36800: 0.999647
36801: 0.999647
36802: 0.999647
36803: 0.999647
36804: 0.999647
36805: 0.999647
36806: 0.999647
36807: 0.999647
36808: 0.999647
36809: 0.999647
36810: 0.999647
36811: 0.999647
36812: 0.999647
36813: 0.999647
36814: 0.999647
36815: 0.999647
36816: 0.999647
36817: 0.999647
36818: 0.999647
36819: 0.999647
36820: 0.999647
36821: 0.999647
36822: 0.999647
36823: 0.999647
36824: 0.999647
36825: 0.999647
36826: 0.999647
36827: 0.999647
36828: 0.999647
36829: 0.999647
36830: 0.999647
36831: 0.999647
36832: 0.999647
36833: 0.999647
36834: 0.999647
36835: 0.999647
36836: 0.999647
36837: 0.999647
36838: 0.999647
36839: 0.999647
36840: 0.999647
36841: 0.999647
36842: 0.999647
36843: 0.999647
36844: 0.999647
36845: 0.999647
36846: 0.999647
36847: 0.999647
36848: 0.999647
36849: 0.999647
36850: 0.999647
36851: 0.999647
36852: 0.999647
36853: 0.999647
36854: 0.999647
36855: 0.999647
36856: 0.999647
36857: 0.999647
36858: 0.999647
36859: 0.999647
36860: 0.999647
36861: 0.999647
36862: 0.999647
36863: 0.999647
36864: 0.999647
36865: 0.999647
36866: 0.999647
36867: 0.999647
36868: 0.999647
36869: 0.999647
36870: 0.999647
36871: 0.999647
36872: 0.999647
36873: 0.999647
36874: 0.999647
36875: 0.999647
36876: 0.999647
36877: 0.999647
36878: 0.999647
36879: 0.999648
36880: 0.999648
36881: 0.999648
36882: 0.999648
36883: 0.999648
36884: 0.999648
36885: 0.999648
36886: 0.999648
36887: 0.999648
36888: 0.999648
36889: 0.999648
36890: 0.999648
36891: 0.999648
36892: 0.999648
36893: 0.999648
36894: 0.999648
36895: 0.999648
36896: 0.999648
36897: 0.999648
36898: 0.999648
36899: 0.999648
36900: 0.999648
36901: 0.999648
36902: 0.999648
36903: 0.999648
36904: 0.999648
36905: 0.999648
36906: 0.999648
36907: 0.999648
36908: 0.999648
36909: 0.999648
36910: 0.999648
36911: 0.999648
36912: 0.999648
36913: 0.999648
36914: 0.999648
36915: 0.999648
36916: 0.999648
36917: 0.999648
36918: 0.999648
36919: 0.999648
36920: 0.999648
36921: 0.999648
36922: 0.999648
36923: 0.999648
36924: 0.999648
36925: 0.999648
36926: 0.999648
36927: 0.999648
36928: 0.999648
36929: 0.999648
36930: 0.999648
36931: 0.999648
36932: 0.999648
36933: 0.999648
36934: 0.999648
36935: 0.999648
36936: 0.999648
36937: 0.999648
36938: 0.999648
36939: 0.999648
36940: 0.999648
36941: 0.999648
36942: 0.999648
36943: 0.999648
36944: 0.999648
36945: 0.999648
36946: 0.999648
36947: 0.999648
36948: 0.999648
36949: 0.999648
36950: 0.999648
36951: 0.999648
36952: 0.999648
36953: 0.999648
36954: 0.999648
36955: 0.999648
36956: 0.999648
36957: 0.999648
36958: 0.999648
36959: 0.999648
36960: 0.999648
36961: 0.999648
36962: 0.999648
36963: 0.999648
36964: 0.999648
36965: 0.999648
36966: 0.999648
36967: 0.999648
36968: 0.999648
36969: 0.999648
36970: 0.999648
36971: 0.999648
36972: 0.999648
36973: 0.999648
36974: 0.999648
36975: 0.999648
36976: 0.999648
36977: 0.999648
36978: 0.999648
36979: 0.999648
36980: 0.999648
36981: 0.999648
36982: 0.999648
36983: 0.999648
36984: 0.999649
36985: 0.999649
36986: 0.999649
36987: 0.999649
36988: 0.999649
36989: 0.999649
36990: 0.999649
36991: 0.999649
36992: 0.999649
36993: 0.999649
36994: 0.999649
36995: 0.999649
36996: 0.999649
36997: 0.999649
36998: 0.999649
36999: 0.999649
37000: 0.999649
37001: 0.999649
37002: 0.999649
37003: 0.999649
37004: 0.999649
37005: 0.999649
37006: 0.999649
37007: 0.999649
37008: 0.999649
37009: 0.999649
37010: 0.999649
37011: 0.999649
37012: 0.999649
37013: 0.999649
37014: 0.999649
37015: 0.999649
37016: 0.999649
37017: 0.999649
37018: 0.999649
37019: 0.999649
37020: 0.999649
37021: 0.999649
37022: 0.999649
37023: 0.999649
37024: 0.999649
37025: 0.999649
37026: 0.999649
37027: 0.999649
37028: 0.999649
37029: 0.999649
37030: 0.999649
37031: 0.999649
37032: 0.999649
37033: 0.999649
37034: 0.999649
37035: 0.999649
37036: 0.999649
37037: 0.999649
37038: 0.999649
37039: 0.999649
37040: 0.999649
37041: 0.999649
37042: 0.999649
37043: 0.999649
37044: 0.999649
37045: 0.999649
37046: 0.999649
37047: 0.999649
37048: 0.999649
37049: 0.999649
37050: 0.999649
37051: 0.999649
37052: 0.999649
37053: 0.999649
37054: 0.999649
37055: 0.999649
37056: 0.999649
37057: 0.999649
37058: 0.999649
37059: 0.999649
37060: 0.999649
37061: 0.999649
37062: 0.999649
37063: 0.999649
37064: 0.999649
37065: 0.999649
37066: 0.999649
37067: 0.999649
37068: 0.999649
37069: 0.999649
37070: 0.999649
37071: 0.999649
37072: 0.999649
37073: 0.999649
37074: 0.999649
37075: 0.999649
37076: 0.999649
37077: 0.999649
37078: 0.999649
37079: 0.999649
37080: 0.999649
37081: 0.999649
37082: 0.999649
37083: 0.999649
37084: 0.999649
37085: 0.999649
37086: 0.999649
37087: 0.999649
37088: 0.999649
37089: 0.99965
37090: 0.99965
37091: 0.99965
37092: 0.99965
37093: 0.99965
37094: 0.99965
37095: 0.99965
37096: 0.99965
37097: 0.99965
37098: 0.99965
37099: 0.99965
37100: 0.99965
37101: 0.99965
37102: 0.99965
37103: 0.99965
37104: 0.99965
37105: 0.99965
37106: 0.99965
37107: 0.99965
37108: 0.99965
37109: 0.99965
37110: 0.99965
37111: 0.99965
37112: 0.99965
37113: 0.99965
37114: 0.99965
37115: 0.99965
37116: 0.99965
37117: 0.99965
37118: 0.99965
37119: 0.99965
37120: 0.99965
37121: 0.99965
37122: 0.99965
37123: 0.99965
37124: 0.99965
37125: 0.99965
37126: 0.99965
37127: 0.99965
37128: 0.99965
37129: 0.99965
37130: 0.99965
37131: 0.99965
37132: 0.99965
37133: 0.99965
37134: 0.99965
37135: 0.99965
37136: 0.99965
37137: 0.99965
37138: 0.99965
37139: 0.99965
37140: 0.99965
37141: 0.99965
37142: 0.99965
37143: 0.99965
37144: 0.99965
37145: 0.99965
37146: 0.99965
37147: 0.99965
37148: 0.99965
37149: 0.99965
37150: 0.99965
37151: 0.99965
37152: 0.99965
37153: 0.99965
37154: 0.99965
37155: 0.99965
37156: 0.99965
37157: 0.99965
37158: 0.99965
37159: 0.99965
37160: 0.99965
37161: 0.99965
37162: 0.99965
37163: 0.99965
37164: 0.99965
37165: 0.99965
37166: 0.99965
37167: 0.99965
37168: 0.99965
37169: 0.99965
37170: 0.99965
37171: 0.99965
37172: 0.99965
37173: 0.99965
37174: 0.99965
37175: 0.99965
37176: 0.99965
37177: 0.99965
37178: 0.99965
37179: 0.99965
37180: 0.99965
37181: 0.99965
37182: 0.99965
37183: 0.99965
37184: 0.99965
37185: 0.99965
37186: 0.99965
37187: 0.99965
37188: 0.99965
37189: 0.99965
37190: 0.99965
37191: 0.99965
37192: 0.99965
37193: 0.99965
37194: 0.99965
37195: 0.999651
37196: 0.999651
37197: 0.999651
37198: 0.999651
37199: 0.999651
37200: 0.999651
37201: 0.999651
37202: 0.999651
37203: 0.999651
37204: 0.999651
37205: 0.999651
37206: 0.999651
37207: 0.999651
37208: 0.999651
37209: 0.999651
37210: 0.999651
37211: 0.999651
37212: 0.999651
37213: 0.999651
37214: 0.999651
37215: 0.999651
37216: 0.999651
37217: 0.999651
37218: 0.999651
37219: 0.999651
37220: 0.999651
37221: 0.999651
37222: 0.999651
37223: 0.999651
37224: 0.999651
37225: 0.999651
37226: 0.999651
37227: 0.999651
37228: 0.999651
37229: 0.999651
37230: 0.999651
37231: 0.999651
37232: 0.999651
37233: 0.999651
37234: 0.999651
37235: 0.999651
37236: 0.999651
37237: 0.999651
37238: 0.999651
37239: 0.999651
37240: 0.999651
37241: 0.999651
37242: 0.999651
37243: 0.999651
37244: 0.999651
37245: 0.999651
37246: 0.999651
37247: 0.999651
37248: 0.999651
37249: 0.999651
37250: 0.999651
37251: 0.999651
37252: 0.999651
37253: 0.999651
37254: 0.999651
37255: 0.999651
37256: 0.999651
37257: 0.999651
37258: 0.999651
37259: 0.999651
37260: 0.999651
37261: 0.999651
37262: 0.999651
37263: 0.999651
37264: 0.999651
37265: 0.999651
37266: 0.999651
37267: 0.999651
37268: 0.999651
37269: 0.999651
37270: 0.999651
37271: 0.999651
37272: 0.999651
37273: 0.999651
37274: 0.999651
37275: 0.999651
37276: 0.999651
37277: 0.999651
37278: 0.999651
37279: 0.999651
37280: 0.999651
37281: 0.999651
37282: 0.999651
37283: 0.999651
37284: 0.999651
37285: 0.999651
37286: 0.999651
37287: 0.999651
37288: 0.999651
37289: 0.999651
37290: 0.999651
37291: 0.999651
37292: 0.999651
37293: 0.999651
37294: 0.999651
37295: 0.999651
37296: 0.999651
37297: 0.999651
37298: 0.999651
37299: 0.999651
37300: 0.999651
37301: 0.999651
37302: 0.999652
37303: 0.999652
37304: 0.999652
37305: 0.999652
37306: 0.999652
37307: 0.999652
37308: 0.999652
37309: 0.999652
37310: 0.999652
37311: 0.999652
37312: 0.999652
37313: 0.999652
37314: 0.999652
37315: 0.999652
37316: 0.999652
37317: 0.999652
37318: 0.999652
37319: 0.999652
37320: 0.999652
37321: 0.999652
37322: 0.999652
37323: 0.999652
37324: 0.999652
37325: 0.999652
37326: 0.999652
37327: 0.999652
37328: 0.999652
37329: 0.999652
37330: 0.999652
37331: 0.999652
37332: 0.999652
37333: 0.999652
37334: 0.999652
37335: 0.999652
37336: 0.999652
37337: 0.999652
37338: 0.999652
37339: 0.999652
37340: 0.999652
37341: 0.999652
37342: 0.999652
37343: 0.999652
37344: 0.999652
37345: 0.999652
37346: 0.999652
37347: 0.999652
37348: 0.999652
37349: 0.999652
37350: 0.999652
37351: 0.999652
37352: 0.999652
37353: 0.999652
37354: 0.999652
37355: 0.999652
37356: 0.999652
37357: 0.999652
37358: 0.999652
37359: 0.999652
37360: 0.999652
37361: 0.999652
37362: 0.999652
37363: 0.999652
37364: 0.999652
37365: 0.999652
37366: 0.999652
37367: 0.999652
37368: 0.999652
37369: 0.999652
37370: 0.999652
37371: 0.999652
37372: 0.999652
37373: 0.999652
37374: 0.999652
37375: 0.999652
37376: 0.999652
37377: 0.999652
37378: 0.999652
37379: 0.999652
37380: 0.999652
37381: 0.999652
37382: 0.999652
37383: 0.999652
37384: 0.999652
37385: 0.999652
37386: 0.999652
37387: 0.999652
37388: 0.999652
37389: 0.999652
37390: 0.999652
37391: 0.999652
37392: 0.999652
37393: 0.999652
37394: 0.999652
37395: 0.999652
37396: 0.999652
37397: 0.999652
37398: 0.999652
37399: 0.999652
37400: 0.999652
37401: 0.999652
37402: 0.999652
37403: 0.999652
37404: 0.999652
37405: 0.999652
37406: 0.999652
37407: 0.999652
37408: 0.999652
37409: 0.999652
37410: 0.999653
37411: 0.999653
37412: 0.999653
37413: 0.999653
37414: 0.999653
37415: 0.999653
37416: 0.999653
37417: 0.999653
37418: 0.999653
37419: 0.999653
37420: 0.999653
37421: 0.999653
37422: 0.999653
37423: 0.999653
37424: 0.999653
37425: 0.999653
37426: 0.999653
37427: 0.999653
37428: 0.999653
37429: 0.999653
37430: 0.999653
37431: 0.999653
37432: 0.999653
37433: 0.999653
37434: 0.999653
37435: 0.999653
37436: 0.999653
37437: 0.999653
37438: 0.999653
37439: 0.999653
37440: 0.999653
37441: 0.999653
37442: 0.999653
37443: 0.999653
37444: 0.999653
37445: 0.999653
37446: 0.999653
37447: 0.999653
37448: 0.999653
37449: 0.999653
37450: 0.999653
37451: 0.999653
37452: 0.999653
37453: 0.999653
37454: 0.999653
37455: 0.999653
37456: 0.999653
37457: 0.999653
37458: 0.999653
37459: 0.999653
37460: 0.999653
37461: 0.999653
37462: 0.999653
37463: 0.999653
37464: 0.999653
37465: 0.999653
37466: 0.999653
37467: 0.999653
37468: 0.999653
37469: 0.999653
37470: 0.999653
37471: 0.999653
37472: 0.999653
37473: 0.999653
37474: 0.999653
37475: 0.999653
37476: 0.999653
37477: 0.999653
37478: 0.999653
37479: 0.999653
37480: 0.999653
37481: 0.999653
37482: 0.999653
37483: 0.999653
37484: 0.999653
37485: 0.999653
37486: 0.999653
37487: 0.999653
37488: 0.999653
37489: 0.999653
37490: 0.999653
37491: 0.999653
37492: 0.999653
37493: 0.999653
37494: 0.999653
37495: 0.999653
37496: 0.999653
37497: 0.999653
37498: 0.999653
37499: 0.999653
37500: 0.999653
37501: 0.999653
37502: 0.999653
37503: 0.999653
37504: 0.999653
37505: 0.999653
37506: 0.999653
37507: 0.999653
37508: 0.999653
37509: 0.999653
37510: 0.999653
37511: 0.999653
37512: 0.999653
37513: 0.999653
37514: 0.999653
37515: 0.999653
37516: 0.999653
37517: 0.999653
37518: 0.999654
37519: 0.999654
37520: 0.999654
37521: 0.999654
37522: 0.999654
37523: 0.999654
37524: 0.999654
37525: 0.999654
37526: 0.999654
37527: 0.999654
37528: 0.999654
37529: 0.999654
37530: 0.999654
37531: 0.999654
37532: 0.999654
37533: 0.999654
37534: 0.999654
37535: 0.999654
37536: 0.999654
37537: 0.999654
37538: 0.999654
37539: 0.999654
37540: 0.999654
37541: 0.999654
37542: 0.999654
37543: 0.999654
37544: 0.999654
37545: 0.999654
37546: 0.999654
37547: 0.999654
37548: 0.999654
37549: 0.999654
37550: 0.999654
37551: 0.999654
37552: 0.999654
37553: 0.999654
37554: 0.999654
37555: 0.999654
37556: 0.999654
37557: 0.999654
37558: 0.999654
37559: 0.999654
37560: 0.999654
37561: 0.999654
37562: 0.999654
37563: 0.999654
37564: 0.999654
37565: 0.999654
37566: 0.999654
37567: 0.999654
37568: 0.999654
37569: 0.999654
37570: 0.999654
37571: 0.999654
37572: 0.999654
37573: 0.999654
37574: 0.999654
37575: 0.999654
37576: 0.999654
37577: 0.999654
37578: 0.999654
37579: 0.999654
37580: 0.999654
37581: 0.999654
37582: 0.999654
37583: 0.999654
37584: 0.999654
37585: 0.999654
37586: 0.999654
37587: 0.999654
37588: 0.999654
37589: 0.999654
37590: 0.999654
37591: 0.999654
37592: 0.999654
37593: 0.999654
37594: 0.999654
37595: 0.999654
37596: 0.999654
37597: 0.999654
37598: 0.999654
37599: 0.999654
37600: 0.999654
37601: 0.999654
37602: 0.999654
37603: 0.999654
37604: 0.999654
37605: 0.999654
37606: 0.999654
37607: 0.999654
37608: 0.999654
37609: 0.999654
37610: 0.999654
37611: 0.999654
37612: 0.999654
37613: 0.999654
37614: 0.999654
37615: 0.999654
37616: 0.999654
37617: 0.999654
37618: 0.999654
37619: 0.999654
37620: 0.999654
37621: 0.999654
37622: 0.999654
37623: 0.999654
37624: 0.999654
37625: 0.999654
37626: 0.999655
37627: 0.999655
37628: 0.999655
37629: 0.999655
37630: 0.999655
37631: 0.999655
37632: 0.999655
37633: 0.999655
37634: 0.999655
37635: 0.999655
37636: 0.999655
37637: 0.999655
37638: 0.999655
37639: 0.999655
37640: 0.999655
37641: 0.999655
37642: 0.999655
37643: 0.999655
37644: 0.999655
37645: 0.999655
37646: 0.999655
37647: 0.999655
37648: 0.999655
37649: 0.999655
37650: 0.999655
37651: 0.999655
37652: 0.999655
37653: 0.999655
37654: 0.999655
37655: 0.999655
37656: 0.999655
37657: 0.999655
37658: 0.999655
37659: 0.999655
37660: 0.999655
37661: 0.999655
37662: 0.999655
37663: 0.999655
37664: 0.999655
37665: 0.999655
37666: 0.999655
37667: 0.999655
37668: 0.999655
37669: 0.999655
37670: 0.999655
37671: 0.999655
37672: 0.999655
37673: 0.999655
37674: 0.999655
37675: 0.999655
37676: 0.999655
37677: 0.999655
37678: 0.999655
37679: 0.999655
37680: 0.999655
37681: 0.999655
37682: 0.999655
37683: 0.999655
37684: 0.999655
37685: 0.999655
37686: 0.999655
37687: 0.999655
37688: 0.999655
37689: 0.999655
37690: 0.999655
37691: 0.999655
37692: 0.999655
37693: 0.999655
37694: 0.999655
37695: 0.999655
37696: 0.999655
37697: 0.999655
37698: 0.999655
37699: 0.999655
37700: 0.999655
37701: 0.999655
37702: 0.999655
37703: 0.999655
37704: 0.999655
37705: 0.999655
37706: 0.999655
37707: 0.999655
37708: 0.999655
37709: 0.999655
37710: 0.999655
37711: 0.999655
37712: 0.999655
37713: 0.999655
37714: 0.999655
37715: 0.999655
37716: 0.999655
37717: 0.999655
37718: 0.999655
37719: 0.999655
37720: 0.999655
37721: 0.999655
37722: 0.999655
37723: 0.999655
37724: 0.999655
37725: 0.999655
37726: 0.999655
37727: 0.999655
37728: 0.999655
37729: 0.999655
37730: 0.999655
37731: 0.999655
37732: 0.999655
37733: 0.999655
37734: 0.999655
37735: 0.999656
37736: 0.999656
37737: 0.999656
37738: 0.999656
37739: 0.999656
37740: 0.999656
37741: 0.999656
37742: 0.999656
37743: 0.999656
37744: 0.999656
37745: 0.999656
37746: 0.999656
37747: 0.999656
37748: 0.999656
37749: 0.999656
37750: 0.999656
37751: 0.999656
37752: 0.999656
37753: 0.999656
37754: 0.999656
37755: 0.999656
37756: 0.999656
37757: 0.999656
37758: 0.999656
37759: 0.999656
37760: 0.999656
37761: 0.999656
37762: 0.999656
37763: 0.999656
37764: 0.999656
37765: 0.999656
37766: 0.999656
37767: 0.999656
37768: 0.999656
37769: 0.999656
37770: 0.999656
37771: 0.999656
37772: 0.999656
37773: 0.999656
37774: 0.999656
37775: 0.999656
37776: 0.999656
37777: 0.999656
37778: 0.999656
37779: 0.999656
37780: 0.999656
37781: 0.999656
37782: 0.999656
37783: 0.999656
37784: 0.999656
37785: 0.999656
37786: 0.999656
37787: 0.999656
37788: 0.999656
37789: 0.999656
37790: 0.999656
37791: 0.999656
37792: 0.999656
37793: 0.999656
37794: 0.999656
37795: 0.999656
37796: 0.999656
37797: 0.999656
37798: 0.999656
37799: 0.999656
37800: 0.999656
37801: 0.999656
37802: 0.999656
37803: 0.999656
37804: 0.999656
37805: 0.999656
37806: 0.999656
37807: 0.999656
37808: 0.999656
37809: 0.999656
37810: 0.999656
37811: 0.999656
37812: 0.999656
37813: 0.999656
37814: 0.999656
37815: 0.999656
37816: 0.999656
37817: 0.999656
37818: 0.999656
37819: 0.999656
37820: 0.999656
37821: 0.999656
37822: 0.999656
37823: 0.999656
37824: 0.999656
37825: 0.999656
37826: 0.999656
37827: 0.999656
37828: 0.999656
37829: 0.999656
37830: 0.999656
37831: 0.999656
37832: 0.999656
37833: 0.999656
37834: 0.999656
37835: 0.999656
37836: 0.999656
37837: 0.999656
37838: 0.999656
37839: 0.999656
37840: 0.999656
37841: 0.999656
37842: 0.999656
37843: 0.999656
37844: 0.999656
37845: 0.999657
37846: 0.999657
37847: 0.999657
37848: 0.999657
37849: 0.999657
37850: 0.999657
37851: 0.999657
37852: 0.999657
37853: 0.999657
37854: 0.999657
37855: 0.999657
37856: 0.999657
37857: 0.999657
37858: 0.999657
37859: 0.999657
37860: 0.999657
37861: 0.999657
37862: 0.999657
37863: 0.999657
37864: 0.999657
37865: 0.999657
37866: 0.999657
37867: 0.999657
37868: 0.999657
37869: 0.999657
37870: 0.999657
37871: 0.999657
37872: 0.999657
37873: 0.999657
37874: 0.999657
37875: 0.999657
37876: 0.999657
37877: 0.999657
37878: 0.999657
37879: 0.999657
37880: 0.999657
37881: 0.999657
37882: 0.999657
37883: 0.999657
37884: 0.999657
37885: 0.999657
37886: 0.999657
37887: 0.999657
37888: 0.999657
37889: 0.999657
37890: 0.999657
37891: 0.999657
37892: 0.999657
37893: 0.999657
37894: 0.999657
37895: 0.999657
37896: 0.999657
37897: 0.999657
37898: 0.999657
37899: 0.999657
37900: 0.999657
37901: 0.999657
37902: 0.999657
37903: 0.999657
37904: 0.999657
37905: 0.999657
37906: 0.999657
37907: 0.999657
37908: 0.999657
37909: 0.999657
37910: 0.999657
37911: 0.999657
37912: 0.999657
37913: 0.999657
37914: 0.999657
37915: 0.999657
37916: 0.999657
37917: 0.999657
37918: 0.999657
37919: 0.999657
37920: 0.999657
37921: 0.999657
37922: 0.999657
37923: 0.999657
37924: 0.999657
37925: 0.999657
37926: 0.999657
37927: 0.999657
37928: 0.999657
37929: 0.999657
37930: 0.999657
37931: 0.999657
37932: 0.999657
37933: 0.999657
37934: 0.999657
37935: 0.999657
37936: 0.999657
37937: 0.999657
37938: 0.999657
37939: 0.999657
37940: 0.999657
37941: 0.999657
37942: 0.999657
37943: 0.999657
37944: 0.999657
37945: 0.999657
37946: 0.999657
37947: 0.999657
37948: 0.999657
37949: 0.999657
37950: 0.999657
37951: 0.999657
37952: 0.999657
37953: 0.999657
37954: 0.999657
37955: 0.999657
37956: 0.999658
37957: 0.999658
37958: 0.999658
37959: 0.999658
37960: 0.999658
37961: 0.999658
37962: 0.999658
37963: 0.999658
37964: 0.999658
37965: 0.999658
37966: 0.999658
37967: 0.999658
37968: 0.999658
37969: 0.999658
37970: 0.999658
37971: 0.999658
37972: 0.999658
37973: 0.999658
37974: 0.999658
37975: 0.999658
37976: 0.999658
37977: 0.999658
37978: 0.999658
37979: 0.999658
37980: 0.999658
37981: 0.999658
37982: 0.999658
37983: 0.999658
37984: 0.999658
37985: 0.999658
37986: 0.999658
37987: 0.999658
37988: 0.999658
37989: 0.999658
37990: 0.999658
37991: 0.999658
37992: 0.999658
37993: 0.999658
37994: 0.999658
37995: 0.999658
37996: 0.999658
37997: 0.999658
37998: 0.999658
37999: 0.999658
38000: 0.999658
38001: 0.999658
38002: 0.999658
38003: 0.999658
38004: 0.999658
38005: 0.999658
38006: 0.999658
38007: 0.999658
38008: 0.999658
38009: 0.999658
38010: 0.999658
38011: 0.999658
38012: 0.999658
38013: 0.999658
38014: 0.999658
38015: 0.999658
38016: 0.999658
38017: 0.999658
38018: 0.999658
38019: 0.999658
38020: 0.999658
38021: 0.999658
38022: 0.999658
38023: 0.999658
38024: 0.999658
38025: 0.999658
38026: 0.999658
38027: 0.999658
38028: 0.999658
38029: 0.999658
38030: 0.999658
38031: 0.999658
38032: 0.999658
38033: 0.999658
38034: 0.999658
38035: 0.999658
38036: 0.999658
38037: 0.999658
38038: 0.999658
38039: 0.999658
38040: 0.999658
38041: 0.999658
38042: 0.999658
38043: 0.999658
38044: 0.999658
38045: 0.999658
38046: 0.999658
38047: 0.999658
38048: 0.999658
38049: 0.999658
38050: 0.999658
38051: 0.999658
38052: 0.999658
38053: 0.999658
38054: 0.999658
38055: 0.999658
38056: 0.999658
38057: 0.999658
38058: 0.999658
38059: 0.999658
38060: 0.999658
38061: 0.999658
38062: 0.999658
38063: 0.999658
38064: 0.999658
38065: 0.999658
38066: 0.999658
38067: 0.999659
38068: 0.999659
38069: 0.999659
38070: 0.999659
38071: 0.999659
38072: 0.999659
38073: 0.999659
38074: 0.999659
38075: 0.999659
38076: 0.999659
38077: 0.999659
38078: 0.999659
38079: 0.999659
38080: 0.999659
38081: 0.999659
38082: 0.999659
38083: 0.999659
38084: 0.999659
38085: 0.999659
38086: 0.999659
38087: 0.999659
38088: 0.999659
38089: 0.999659
38090: 0.999659
38091: 0.999659
38092: 0.999659
38093: 0.999659
38094: 0.999659
38095: 0.999659
38096: 0.999659
38097: 0.999659
38098: 0.999659
38099: 0.999659
38100: 0.999659
38101: 0.999659
38102: 0.999659
38103: 0.999659
38104: 0.999659
38105: 0.999659
38106: 0.999659
38107: 0.999659
38108: 0.999659
38109: 0.999659
38110: 0.999659
38111: 0.999659
38112: 0.999659
38113: 0.999659
38114: 0.999659
38115: 0.999659
38116: 0.999659
38117: 0.999659
38118: 0.999659
38119: 0.999659
38120: 0.999659
38121: 0.999659
38122: 0.999659
38123: 0.999659
38124: 0.999659
38125: 0.999659
38126: 0.999659
38127: 0.999659
38128: 0.999659
38129: 0.999659
38130: 0.999659
38131: 0.999659
38132: 0.999659
38133: 0.999659
38134: 0.999659
38135: 0.999659
38136: 0.999659
38137: 0.999659
38138: 0.999659
38139: 0.999659
38140: 0.999659
38141: 0.999659
38142: 0.999659
38143: 0.999659
38144: 0.999659
38145: 0.999659
38146: 0.999659
38147: 0.999659
38148: 0.999659
38149: 0.999659
38150: 0.999659
38151: 0.999659
38152: 0.999659
38153: 0.999659
38154: 0.999659
38155: 0.999659
38156: 0.999659
38157: 0.999659
38158: 0.999659
38159: 0.999659
38160: 0.999659
38161: 0.999659
38162: 0.999659
38163: 0.999659
38164: 0.999659
38165: 0.999659
38166: 0.999659
38167: 0.999659
38168: 0.999659
38169: 0.999659
38170: 0.999659
38171: 0.999659
38172: 0.999659
38173: 0.999659
38174: 0.999659
38175: 0.999659
38176: 0.999659
38177: 0.999659
38178: 0.999659
38179: 0.99966
38180: 0.99966
38181: 0.99966
38182: 0.99966
38183: 0.99966
38184: 0.99966
38185: 0.99966
38186: 0.99966
38187: 0.99966
38188: 0.99966
38189: 0.99966
38190: 0.99966
38191: 0.99966
38192: 0.99966
38193: 0.99966
38194: 0.99966
38195: 0.99966
38196: 0.99966
38197: 0.99966
38198: 0.99966
38199: 0.99966
38200: 0.99966
38201: 0.99966
38202: 0.99966
38203: 0.99966
38204: 0.99966
38205: 0.99966
38206: 0.99966
38207: 0.99966
38208: 0.99966
38209: 0.99966
38210: 0.99966
38211: 0.99966
38212: 0.99966
38213: 0.99966
38214: 0.99966
38215: 0.99966
38216: 0.99966
38217: 0.99966
38218: 0.99966
38219: 0.99966
38220: 0.99966
38221: 0.99966
38222: 0.99966
38223: 0.99966
38224: 0.99966
38225: 0.99966
38226: 0.99966
38227: 0.99966
38228: 0.99966
38229: 0.99966
38230: 0.99966
38231: 0.99966
38232: 0.99966
38233: 0.99966
38234: 0.99966
38235: 0.99966
38236: 0.99966
38237: 0.99966
38238: 0.99966
38239: 0.99966
38240: 0.99966
38241: 0.99966
38242: 0.99966
38243: 0.99966
38244: 0.99966
38245: 0.99966
38246: 0.99966
38247: 0.99966
38248: 0.99966
38249: 0.99966
38250: 0.99966
38251: 0.99966
38252: 0.99966
38253: 0.99966
38254: 0.99966
38255: 0.99966
38256: 0.99966
38257: 0.99966
38258: 0.99966
38259: 0.99966
38260: 0.99966
38261: 0.99966
38262: 0.99966
38263: 0.99966
38264: 0.99966
38265: 0.99966
38266: 0.99966
38267: 0.99966
38268: 0.99966
38269: 0.99966
38270: 0.99966
38271: 0.99966
38272: 0.99966
38273: 0.99966
38274: 0.99966
38275: 0.99966
38276: 0.99966
38277: 0.99966
38278: 0.99966
38279: 0.99966
38280: 0.99966
38281: 0.99966
38282: 0.99966
38283: 0.99966
38284: 0.99966
38285: 0.99966
38286: 0.99966
38287: 0.99966
38288: 0.99966
38289: 0.99966
38290: 0.99966
38291: 0.999661
38292: 0.999661
38293: 0.999661
38294: 0.999661
38295: 0.999661
38296: 0.999661
38297: 0.999661
38298: 0.999661
38299: 0.999661
38300: 0.999661
38301: 0.999661
38302: 0.999661
38303: 0.999661
38304: 0.999661
38305: 0.999661
38306: 0.999661
38307: 0.999661
38308: 0.999661
38309: 0.999661
38310: 0.999661
38311: 0.999661
38312: 0.999661
38313: 0.999661
38314: 0.999661
38315: 0.999661
38316: 0.999661
38317: 0.999661
38318: 0.999661
38319: 0.999661
38320: 0.999661
38321: 0.999661
38322: 0.999661
38323: 0.999661
38324: 0.999661
38325: 0.999661
38326: 0.999661
38327: 0.999661
38328: 0.999661
38329: 0.999661
38330: 0.999661
38331: 0.999661
38332: 0.999661
38333: 0.999661
38334: 0.999661
38335: 0.999661
38336: 0.999661
38337: 0.999661
38338: 0.999661
38339: 0.999661
38340: 0.999661
38341: 0.999661
38342: 0.999661
38343: 0.999661
38344: 0.999661
38345: 0.999661
38346: 0.999661
38347: 0.999661
38348: 0.999661
38349: 0.999661
38350: 0.999661
38351: 0.999661
38352: 0.999661
38353: 0.999661
38354: 0.999661
38355: 0.999661
38356: 0.999661
38357: 0.999661
38358: 0.999661
38359: 0.999661
38360: 0.999661
38361: 0.999661
38362: 0.999661
38363: 0.999661
38364: 0.999661
38365: 0.999661
38366: 0.999661
38367: 0.999661
38368: 0.999661
38369: 0.999661
38370: 0.999661
38371: 0.999661
38372: 0.999661
38373: 0.999661
38374: 0.999661
38375: 0.999661
38376: 0.999661
38377: 0.999661
38378: 0.999661
38379: 0.999661
38380: 0.999661
38381: 0.999661
38382: 0.999661
38383: 0.999661
38384: 0.999661
38385: 0.999661
38386: 0.999661
38387: 0.999661
38388: 0.999661
38389: 0.999661
38390: 0.999661
38391: 0.999661
38392: 0.999661
38393: 0.999661
38394: 0.999661
38395: 0.999661
38396: 0.999661
38397: 0.999661
38398: 0.999661
38399: 0.999661
38400: 0.999661
38401: 0.999661
38402: 0.999661
38403: 0.999661
38404: 0.999662
38405: 0.999662
38406: 0.999662
38407: 0.999662
38408: 0.999662
38409: 0.999662
38410: 0.999662
38411: 0.999662
38412: 0.999662
38413: 0.999662
38414: 0.999662
38415: 0.999662
38416: 0.999662
38417: 0.999662
38418: 0.999662
38419: 0.999662
38420: 0.999662
38421: 0.999662
38422: 0.999662
38423: 0.999662
38424: 0.999662
38425: 0.999662
38426: 0.999662
38427: 0.999662
38428: 0.999662
38429: 0.999662
38430: 0.999662
38431: 0.999662
38432: 0.999662
38433: 0.999662
38434: 0.999662
38435: 0.999662
38436: 0.999662
38437: 0.999662
38438: 0.999662
38439: 0.999662
38440: 0.999662
38441: 0.999662
38442: 0.999662
38443: 0.999662
38444: 0.999662
38445: 0.999662
38446: 0.999662
38447: 0.999662
38448: 0.999662
38449: 0.999662
38450: 0.999662
38451: 0.999662
38452: 0.999662
38453: 0.999662
38454: 0.999662
38455: 0.999662
38456: 0.999662
38457: 0.999662
38458: 0.999662
38459: 0.999662
38460: 0.999662
38461: 0.999662
38462: 0.999662
38463: 0.999662
38464: 0.999662
38465: 0.999662
38466: 0.999662
38467: 0.999662
38468: 0.999662
38469: 0.999662
38470: 0.999662
38471: 0.999662
38472: 0.999662
38473: 0.999662
38474: 0.999662
38475: 0.999662
38476: 0.999662
38477: 0.999662
38478: 0.999662
38479: 0.999662
38480: 0.999662
38481: 0.999662
38482: 0.999662
38483: 0.999662
38484: 0.999662
38485: 0.999662
38486: 0.999662
38487: 0.999662
38488: 0.999662
38489: 0.999662
38490: 0.999662
38491: 0.999662
38492: 0.999662
38493: 0.999662
38494: 0.999662
38495: 0.999662
38496: 0.999662
38497: 0.999662
38498: 0.999662
38499: 0.999662
38500: 0.999662
38501: 0.999662
38502: 0.999662
38503: 0.999662
38504: 0.999662
38505: 0.999662
38506: 0.999662
38507: 0.999662
38508: 0.999662
38509: 0.999662
38510: 0.999662
38511: 0.999662
38512: 0.999662
38513: 0.999662
38514: 0.999662
38515: 0.999662
38516: 0.999662
38517: 0.999662
38518: 0.999663
38519: 0.999663
38520: 0.999663
38521: 0.999663
38522: 0.999663
38523: 0.999663
38524: 0.999663
38525: 0.999663
38526: 0.999663
38527: 0.999663
38528: 0.999663
38529: 0.999663
38530: 0.999663
38531: 0.999663
38532: 0.999663
38533: 0.999663
38534: 0.999663
38535: 0.999663
38536: 0.999663
38537: 0.999663
38538: 0.999663
38539: 0.999663
38540: 0.999663
38541: 0.999663
38542: 0.999663
38543: 0.999663
38544: 0.999663
38545: 0.999663
38546: 0.999663
38547: 0.999663
38548: 0.999663
38549: 0.999663
38550: 0.999663
38551: 0.999663
38552: 0.999663
38553: 0.999663
38554: 0.999663
38555: 0.999663
38556: 0.999663
38557: 0.999663
38558: 0.999663
38559: 0.999663
38560: 0.999663
38561: 0.999663
38562: 0.999663
38563: 0.999663
38564: 0.999663
38565: 0.999663
38566: 0.999663
38567: 0.999663
38568: 0.999663
38569: 0.999663
38570: 0.999663
38571: 0.999663
38572: 0.999663
38573: 0.999663
38574: 0.999663
38575: 0.999663
38576: 0.999663
38577: 0.999663
38578: 0.999663
38579: 0.999663
38580: 0.999663
38581: 0.999663
38582: 0.999663
38583: 0.999663
38584: 0.999663
38585: 0.999663
38586: 0.999663
38587: 0.999663
38588: 0.999663
38589: 0.999663
38590: 0.999663
38591: 0.999663
38592: 0.999663
38593: 0.999663
38594: 0.999663
38595: 0.999663
38596: 0.999663
38597: 0.999663
38598: 0.999663
38599: 0.999663
38600: 0.999663
38601: 0.999663
38602: 0.999663
38603: 0.999663
38604: 0.999663
38605: 0.999663
38606: 0.999663
38607: 0.999663
38608: 0.999663
38609: 0.999663
38610: 0.999663
38611: 0.999663
38612: 0.999663
38613: 0.999663
38614: 0.999663
38615: 0.999663
38616: 0.999663
38617: 0.999663
38618: 0.999663
38619: 0.999663
38620: 0.999663
38621: 0.999663
38622: 0.999663
38623: 0.999663
38624: 0.999663
38625: 0.999663
38626: 0.999663
38627: 0.999663
38628: 0.999663
38629: 0.999663
38630: 0.999663
38631: 0.999663
38632: 0.999664
38633: 0.999664
38634: 0.999664
38635: 0.999664
38636: 0.999664
38637: 0.999664
38638: 0.999664
38639: 0.999664
38640: 0.999664
38641: 0.999664
38642: 0.999664
38643: 0.999664
38644: 0.999664
38645: 0.999664
38646: 0.999664
38647: 0.999664
38648: 0.999664
38649: 0.999664
38650: 0.999664
38651: 0.999664
38652: 0.999664
38653: 0.999664
38654: 0.999664
38655: 0.999664
38656: 0.999664
38657: 0.999664
38658: 0.999664
38659: 0.999664
38660: 0.999664
38661: 0.999664
38662: 0.999664
38663: 0.999664
38664: 0.999664
38665: 0.999664
38666: 0.999664
38667: 0.999664
38668: 0.999664
38669: 0.999664
38670: 0.999664
38671: 0.999664
38672: 0.999664
38673: 0.999664
38674: 0.999664
38675: 0.999664
38676: 0.999664
38677: 0.999664
38678: 0.999664
38679: 0.999664
38680: 0.999664
38681: 0.999664
38682: 0.999664
38683: 0.999664
38684: 0.999664
38685: 0.999664
38686: 0.999664
38687: 0.999664
38688: 0.999664
38689: 0.999664
38690: 0.999664
38691: 0.999664
38692: 0.999664
38693: 0.999664
38694: 0.999664
38695: 0.999664
38696: 0.999664
38697: 0.999664
38698: 0.999664
38699: 0.999664
38700: 0.999664
38701: 0.999664
38702: 0.999664
38703: 0.999664
38704: 0.999664
38705: 0.999664
38706: 0.999664
38707: 0.999664
38708: 0.999664
38709: 0.999664
38710: 0.999664
38711: 0.999664
38712: 0.999664
38713: 0.999664
38714: 0.999664
38715: 0.999664
38716: 0.999664
38717: 0.999664
38718: 0.999664
38719: 0.999664
38720: 0.999664
38721: 0.999664
38722: 0.999664
38723: 0.999664
38724: 0.999664
38725: 0.999664
38726: 0.999664
38727: 0.999664
38728: 0.999664
38729: 0.999664
38730: 0.999664
38731: 0.999664
38732: 0.999664
38733: 0.999664
38734: 0.999664
38735: 0.999664
38736: 0.999664
38737: 0.999664
38738: 0.999664
38739: 0.999664
38740: 0.999664
38741: 0.999664
38742: 0.999664
38743: 0.999664
38744: 0.999664
38745: 0.999664
38746: 0.999664
38747: 0.999664
38748: 0.999665
38749: 0.999665
38750: 0.999665
38751: 0.999665
38752: 0.999665
38753: 0.999665
38754: 0.999665
38755: 0.999665
38756: 0.999665
38757: 0.999665
38758: 0.999665
38759: 0.999665
38760: 0.999665
38761: 0.999665
38762: 0.999665
38763: 0.999665
38764: 0.999665
38765: 0.999665
38766: 0.999665
38767: 0.999665
38768: 0.999665
38769: 0.999665
38770: 0.999665
38771: 0.999665
38772: 0.999665
38773: 0.999665
38774: 0.999665
38775: 0.999665
38776: 0.999665
38777: 0.999665
38778: 0.999665
38779: 0.999665
38780: 0.999665
38781: 0.999665
38782: 0.999665
38783: 0.999665
38784: 0.999665
38785: 0.999665
38786: 0.999665
38787: 0.999665
38788: 0.999665
38789: 0.999665
38790: 0.999665
38791: 0.999665
38792: 0.999665
38793: 0.999665
38794: 0.999665
38795: 0.999665
38796: 0.999665
38797: 0.999665
38798: 0.999665
38799: 0.999665
38800: 0.999665
38801: 0.999665
38802: 0.999665
38803: 0.999665
38804: 0.999665
38805: 0.999665
38806: 0.999665
38807: 0.999665
38808: 0.999665
38809: 0.999665
38810: 0.999665
38811: 0.999665
38812: 0.999665
38813: 0.999665
38814: 0.999665
38815: 0.999665
38816: 0.999665
38817: 0.999665
38818: 0.999665
38819: 0.999665
38820: 0.999665
38821: 0.999665
38822: 0.999665
38823: 0.999665
38824: 0.999665
38825: 0.999665
38826: 0.999665
38827: 0.999665
38828: 0.999665
38829: 0.999665
38830: 0.999665
38831: 0.999665
38832: 0.999665
38833: 0.999665
38834: 0.999665
38835: 0.999665
38836: 0.999665
38837: 0.999665
38838: 0.999665
38839: 0.999665
38840: 0.999665
38841: 0.999665
38842: 0.999665
38843: 0.999665
38844: 0.999665
38845: 0.999665
38846: 0.999665
38847: 0.999665
38848: 0.999665
38849: 0.999665
38850: 0.999665
38851: 0.999665
38852: 0.999665
38853: 0.999665
38854: 0.999665
38855: 0.999665
38856: 0.999665
38857: 0.999665
38858: 0.999665
38859: 0.999665
38860: 0.999665
38861: 0.999665
38862: 0.999665
38863: 0.999666
38864: 0.999666
38865: 0.999666
38866: 0.999666
38867: 0.999666
38868: 0.999666
38869: 0.999666
38870: 0.999666
38871: 0.999666
38872: 0.999666
38873: 0.999666
38874: 0.999666
38875: 0.999666
38876: 0.999666
38877: 0.999666
38878: 0.999666
38879: 0.999666
38880: 0.999666
38881: 0.999666
38882: 0.999666
38883: 0.999666
38884: 0.999666
38885: 0.999666
38886: 0.999666
38887: 0.999666
38888: 0.999666
38889: 0.999666
38890: 0.999666
38891: 0.999666
38892: 0.999666
38893: 0.999666
38894: 0.999666
38895: 0.999666
38896: 0.999666
38897: 0.999666
38898: 0.999666
38899: 0.999666
38900: 0.999666
38901: 0.999666
38902: 0.999666
38903: 0.999666
38904: 0.999666
38905: 0.999666
38906: 0.999666
38907: 0.999666
38908: 0.999666
38909: 0.999666
38910: 0.999666
38911: 0.999666
38912: 0.999666
38913: 0.999666
38914: 0.999666
38915: 0.999666
38916: 0.999666
38917: 0.999666
38918: 0.999666
38919: 0.999666
38920: 0.999666
38921: 0.999666
38922: 0.999666
38923: 0.999666
38924: 0.999666
38925: 0.999666
38926: 0.999666
38927: 0.999666
38928: 0.999666
38929: 0.999666
38930: 0.999666
38931: 0.999666
38932: 0.999666
38933: 0.999666
38934: 0.999666
38935: 0.999666
38936: 0.999666
38937: 0.999666
38938: 0.999666
38939: 0.999666
38940: 0.999666
38941: 0.999666
38942: 0.999666
38943: 0.999666
38944: 0.999666
38945: 0.999666
38946: 0.999666
38947: 0.999666
38948: 0.999666
38949: 0.999666
38950: 0.999666
38951: 0.999666
38952: 0.999666
38953: 0.999666
38954: 0.999666
38955: 0.999666
38956: 0.999666
38957: 0.999666
38958: 0.999666
38959: 0.999666
38960: 0.999666
38961: 0.999666
38962: 0.999666
38963: 0.999666
38964: 0.999666
38965: 0.999666
38966: 0.999666
38967: 0.999666
38968: 0.999666
38969: 0.999666
38970: 0.999666
38971: 0.999666
38972: 0.999666
38973: 0.999666
38974: 0.999666
38975: 0.999666
38976: 0.999666
38977: 0.999666
38978: 0.999666
38979: 0.999666
38980: 0.999667
38981: 0.999667
38982: 0.999667
38983: 0.999667
38984: 0.999667
38985: 0.999667
38986: 0.999667
38987: 0.999667
38988: 0.999667
38989: 0.999667
38990: 0.999667
38991: 0.999667
38992: 0.999667
38993: 0.999667
38994: 0.999667
38995: 0.999667
38996: 0.999667
38997: 0.999667
38998: 0.999667
38999: 0.999667
39000: 0.999667
39001: 0.999667
39002: 0.999667
39003: 0.999667
39004: 0.999667
39005: 0.999667
39006: 0.999667
39007: 0.999667
39008: 0.999667
39009: 0.999667
39010: 0.999667
39011: 0.999667
39012: 0.999667
39013: 0.999667
39014: 0.999667
39015: 0.999667
39016: 0.999667
39017: 0.999667
39018: 0.999667
39019: 0.999667
39020: 0.999667
39021: 0.999667
39022: 0.999667
39023: 0.999667
39024: 0.999667
39025: 0.999667
39026: 0.999667
39027: 0.999667
39028: 0.999667
39029: 0.999667
39030: 0.999667
39031: 0.999667
39032: 0.999667
39033: 0.999667
39034: 0.999667
39035: 0.999667
39036: 0.999667
39037: 0.999667
39038: 0.999667
39039: 0.999667
39040: 0.999667
39041: 0.999667
39042: 0.999667
39043: 0.999667
39044: 0.999667
39045: 0.999667
39046: 0.999667
39047: 0.999667
39048: 0.999667
39049: 0.999667
39050: 0.999667
39051: 0.999667
39052: 0.999667
39053: 0.999667
39054: 0.999667
39055: 0.999667
39056: 0.999667
39057: 0.999667
39058: 0.999667
39059: 0.999667
39060: 0.999667
39061: 0.999667
39062: 0.999667
39063: 0.999667
39064: 0.999667
39065: 0.999667
39066: 0.999667
39067: 0.999667
39068: 0.999667
39069: 0.999667
39070: 0.999667
39071: 0.999667
39072: 0.999667
39073: 0.999667
39074: 0.999667
39075: 0.999667
39076: 0.999667
39077: 0.999667
39078: 0.999667
39079: 0.999667
39080: 0.999667
39081: 0.999667
39082: 0.999667
39083: 0.999667
39084: 0.999667
39085: 0.999667
39086: 0.999667
39087: 0.999667
39088: 0.999667
39089: 0.999667
39090: 0.999667
39091: 0.999667
39092: 0.999667
39093: 0.999667
39094: 0.999667
39095: 0.999667
39096: 0.999667
39097: 0.999668
39098: 0.999668
39099: 0.999668
39100: 0.999668
39101: 0.999668
39102: 0.999668
39103: 0.999668
39104: 0.999668
39105: 0.999668
39106: 0.999668
39107: 0.999668
39108: 0.999668
39109: 0.999668
39110: 0.999668
39111: 0.999668
39112: 0.999668
39113: 0.999668
39114: 0.999668
39115: 0.999668
39116: 0.999668
39117: 0.999668
39118: 0.999668
39119: 0.999668
39120: 0.999668
39121: 0.999668
39122: 0.999668
39123: 0.999668
39124: 0.999668
39125: 0.999668
39126: 0.999668
39127: 0.999668
39128: 0.999668
39129: 0.999668
39130: 0.999668
39131: 0.999668
39132: 0.999668
39133: 0.999668
39134: 0.999668
39135: 0.999668
39136: 0.999668
39137: 0.999668
39138: 0.999668
39139: 0.999668
39140: 0.999668
39141: 0.999668
39142: 0.999668
39143: 0.999668
39144: 0.999668
39145: 0.999668
39146: 0.999668
39147: 0.999668
39148: 0.999668
39149: 0.999668
39150: 0.999668
39151: 0.999668
39152: 0.999668
39153: 0.999668
39154: 0.999668
39155: 0.999668
39156: 0.999668
39157: 0.999668
39158: 0.999668
39159: 0.999668
39160: 0.999668
39161: 0.999668
39162: 0.999668
39163: 0.999668
39164: 0.999668
39165: 0.999668
39166: 0.999668
39167: 0.999668
39168: 0.999668
39169: 0.999668
39170: 0.999668
39171: 0.999668
39172: 0.999668
39173: 0.999668
39174: 0.999668
39175: 0.999668
39176: 0.999668
39177: 0.999668
39178: 0.999668
39179: 0.999668
39180: 0.999668
39181: 0.999668
39182: 0.999668
39183: 0.999668
39184: 0.999668
39185: 0.999668
39186: 0.999668
39187: 0.999668
39188: 0.999668
39189: 0.999668
39190: 0.999668
39191: 0.999668
39192: 0.999668
39193: 0.999668
39194: 0.999668
39195: 0.999668
39196: 0.999668
39197: 0.999668
39198: 0.999668
39199: 0.999668
39200: 0.999668
39201: 0.999668
39202: 0.999668
39203: 0.999668
39204: 0.999668
39205: 0.999668
39206: 0.999668
39207: 0.999668
39208: 0.999668
39209: 0.999668
39210: 0.999668
39211: 0.999668
39212: 0.999668
39213: 0.999668
39214: 0.999668
39215: 0.999669
39216: 0.999669
39217: 0.999669
39218: 0.999669
39219: 0.999669
39220: 0.999669
39221: 0.999669
39222: 0.999669
39223: 0.999669
39224: 0.999669
39225: 0.999669
39226: 0.999669
39227: 0.999669
39228: 0.999669
39229: 0.999669
39230: 0.999669
39231: 0.999669
39232: 0.999669
39233: 0.999669
39234: 0.999669
39235: 0.999669
39236: 0.999669
39237: 0.999669
39238: 0.999669
39239: 0.999669
39240: 0.999669
39241: 0.999669
39242: 0.999669
39243: 0.999669
39244: 0.999669
39245: 0.999669
39246: 0.999669
39247: 0.999669
39248: 0.999669
39249: 0.999669
39250: 0.999669
39251: 0.999669
39252: 0.999669
39253: 0.999669
39254: 0.999669
39255: 0.999669
39256: 0.999669
39257: 0.999669
39258: 0.999669
39259: 0.999669
39260: 0.999669
39261: 0.999669
39262: 0.999669
39263: 0.999669
39264: 0.999669
39265: 0.999669
39266: 0.999669
39267: 0.999669
39268: 0.999669
39269: 0.999669
39270: 0.999669
39271: 0.999669
39272: 0.999669
39273: 0.999669
39274: 0.999669
39275: 0.999669
39276: 0.999669
39277: 0.999669
39278: 0.999669
39279: 0.999669
39280: 0.999669
39281: 0.999669
39282: 0.999669
39283: 0.999669
39284: 0.999669
39285: 0.999669
39286: 0.999669
39287: 0.999669
39288: 0.999669
39289: 0.999669
39290: 0.999669
39291: 0.999669
39292: 0.999669
39293: 0.999669
39294: 0.999669
39295: 0.999669
39296: 0.999669
39297: 0.999669
39298: 0.999669
39299: 0.999669
39300: 0.999669
39301: 0.999669
39302: 0.999669
39303: 0.999669
39304: 0.999669
39305: 0.999669
39306: 0.999669
39307: 0.999669
39308: 0.999669
39309: 0.999669
39310: 0.999669
39311: 0.999669
39312: 0.999669
39313: 0.999669
39314: 0.999669
39315: 0.999669
39316: 0.999669
39317: 0.999669
39318: 0.999669
39319: 0.999669
39320: 0.999669
39321: 0.999669
39322: 0.999669
39323: 0.999669
39324: 0.999669
39325: 0.999669
39326: 0.999669
39327: 0.999669
39328: 0.999669
39329: 0.999669
39330: 0.999669
39331: 0.999669
39332: 0.999669
39333: 0.999669
39334: 0.99967
39335: 0.99967
39336: 0.99967
39337: 0.99967
39338: 0.99967
39339: 0.99967
39340: 0.99967
39341: 0.99967
39342: 0.99967
39343: 0.99967
39344: 0.99967
39345: 0.99967
39346: 0.99967
39347: 0.99967
39348: 0.99967
39349: 0.99967
39350: 0.99967
39351: 0.99967
39352: 0.99967
39353: 0.99967
39354: 0.99967
39355: 0.99967
39356: 0.99967
39357: 0.99967
39358: 0.99967
39359: 0.99967
39360: 0.99967
39361: 0.99967
39362: 0.99967
39363: 0.99967
39364: 0.99967
39365: 0.99967
39366: 0.99967
39367: 0.99967
39368: 0.99967
39369: 0.99967
39370: 0.99967
39371: 0.99967
39372: 0.99967
39373: 0.99967
39374: 0.99967
39375: 0.99967
39376: 0.99967
39377: 0.99967
39378: 0.99967
39379: 0.99967
39380: 0.99967
39381: 0.99967
39382: 0.99967
39383: 0.99967
39384: 0.99967
39385: 0.99967
39386: 0.99967
39387: 0.99967
39388: 0.99967
39389: 0.99967
39390: 0.99967
39391: 0.99967
39392: 0.99967
39393: 0.99967
39394: 0.99967
39395: 0.99967
39396: 0.99967
39397: 0.99967
39398: 0.99967
39399: 0.99967
39400: 0.99967
39401: 0.99967
39402: 0.99967
39403: 0.99967
39404: 0.99967
39405: 0.99967
39406: 0.99967
39407: 0.99967
39408: 0.99967
39409: 0.99967
39410: 0.99967
39411: 0.99967
39412: 0.99967
39413: 0.99967
39414: 0.99967
39415: 0.99967
39416: 0.99967
39417: 0.99967
39418: 0.99967
39419: 0.99967
39420: 0.99967
39421: 0.99967
39422: 0.99967
39423: 0.99967
39424: 0.99967
39425: 0.99967
39426: 0.99967
39427: 0.99967
39428: 0.99967
39429: 0.99967
39430: 0.99967
39431: 0.99967
39432: 0.99967
39433: 0.99967
39434: 0.99967
39435: 0.99967
39436: 0.99967
39437: 0.99967
39438: 0.99967
39439: 0.99967
39440: 0.99967
39441: 0.99967
39442: 0.99967
39443: 0.99967
39444: 0.99967
39445: 0.99967
39446: 0.99967
39447: 0.99967
39448: 0.99967
39449: 0.99967
39450: 0.99967
39451: 0.99967
39452: 0.99967
39453: 0.999671
39454: 0.999671
39455: 0.999671
39456: 0.999671
39457: 0.999671
39458: 0.999671
39459: 0.999671
39460: 0.999671
39461: 0.999671
39462: 0.999671
39463: 0.999671
39464: 0.999671
39465: 0.999671
39466: 0.999671
39467: 0.999671
39468: 0.999671
39469: 0.999671
39470: 0.999671
39471: 0.999671
39472: 0.999671
39473: 0.999671
39474: 0.999671
39475: 0.999671
39476: 0.999671
39477: 0.999671
39478: 0.999671
39479: 0.999671
39480: 0.999671
39481: 0.999671
39482: 0.999671
39483: 0.999671
39484: 0.999671
39485: 0.999671
39486: 0.999671
39487: 0.999671
39488: 0.999671
39489: 0.999671
39490: 0.999671
39491: 0.999671
39492: 0.999671
39493: 0.999671
39494: 0.999671
39495: 0.999671
39496: 0.999671
39497: 0.999671
39498: 0.999671
39499: 0.999671
39500: 0.999671
39501: 0.999671
39502: 0.999671
39503: 0.999671
39504: 0.999671
39505: 0.999671
39506: 0.999671
39507: 0.999671
39508: 0.999671
39509: 0.999671
39510: 0.999671
39511: 0.999671
39512: 0.999671
39513: 0.999671
39514: 0.999671
39515: 0.999671
39516: 0.999671
39517: 0.999671
39518: 0.999671
39519: 0.999671
39520: 0.999671
39521: 0.999671
39522: 0.999671
39523: 0.999671
39524: 0.999671
39525: 0.999671
39526: 0.999671
39527: 0.999671
39528: 0.999671
39529: 0.999671
39530: 0.999671
39531: 0.999671
39532: 0.999671
39533: 0.999671
39534: 0.999671
39535: 0.999671
39536: 0.999671
39537: 0.999671
39538: 0.999671
39539: 0.999671
39540: 0.999671
39541: 0.999671
39542: 0.999671
39543: 0.999671
39544: 0.999671
39545: 0.999671
39546: 0.999671
39547: 0.999671
39548: 0.999671
39549: 0.999671
39550: 0.999671
39551: 0.999671
39552: 0.999671
39553: 0.999671
39554: 0.999671
39555: 0.999671
39556: 0.999671
39557: 0.999671
39558: 0.999671
39559: 0.999671
39560: 0.999671
39561: 0.999671
39562: 0.999671
39563: 0.999671
39564: 0.999671
39565: 0.999671
39566: 0.999671
39567: 0.999671
39568: 0.999671
39569: 0.999671
39570: 0.999671
39571: 0.999671
39572: 0.999671
39573: 0.999672
39574: 0.999672
39575: 0.999672
39576: 0.999672
39577: 0.999672
39578: 0.999672
39579: 0.999672
39580: 0.999672
39581: 0.999672
39582: 0.999672
39583: 0.999672
39584: 0.999672
39585: 0.999672
39586: 0.999672
39587: 0.999672
39588: 0.999672
39589: 0.999672
39590: 0.999672
39591: 0.999672
39592: 0.999672
39593: 0.999672
39594: 0.999672
39595: 0.999672
39596: 0.999672
39597: 0.999672
39598: 0.999672
39599: 0.999672
39600: 0.999672
39601: 0.999672
39602: 0.999672
39603: 0.999672
39604: 0.999672
39605: 0.999672
39606: 0.999672
39607: 0.999672
39608: 0.999672
39609: 0.999672
39610: 0.999672
39611: 0.999672
39612: 0.999672
39613: 0.999672
39614: 0.999672
39615: 0.999672
39616: 0.999672
39617: 0.999672
39618: 0.999672
39619: 0.999672
39620: 0.999672
39621: 0.999672
39622: 0.999672
39623: 0.999672
39624: 0.999672
39625: 0.999672
39626: 0.999672
39627: 0.999672
39628: 0.999672
39629: 0.999672
39630: 0.999672
39631: 0.999672
39632: 0.999672
39633: 0.999672
39634: 0.999672
39635: 0.999672
39636: 0.999672
39637: 0.999672
39638: 0.999672
39639: 0.999672
39640: 0.999672
39641: 0.999672
39642: 0.999672
39643: 0.999672
39644: 0.999672
39645: 0.999672
39646: 0.999672
39647: 0.999672
39648: 0.999672
39649: 0.999672
39650: 0.999672
39651: 0.999672
39652: 0.999672
39653: 0.999672
39654: 0.999672
39655: 0.999672
39656: 0.999672
39657: 0.999672
39658: 0.999672
39659: 0.999672
39660: 0.999672
39661: 0.999672
39662: 0.999672
39663: 0.999672
39664: 0.999672
39665: 0.999672
39666: 0.999672
39667: 0.999672
39668: 0.999672
39669: 0.999672
39670: 0.999672
39671: 0.999672
39672: 0.999672
39673: 0.999672
39674: 0.999672
39675: 0.999672
39676: 0.999672
39677: 0.999672
39678: 0.999672
39679: 0.999672
39680: 0.999672
39681: 0.999672
39682: 0.999672
39683: 0.999672
39684: 0.999672
39685: 0.999672
39686: 0.999672
39687: 0.999672
39688: 0.999672
39689: 0.999672
39690: 0.999672
39691: 0.999672
39692: 0.999672
39693: 0.999672
39694: 0.999673
39695: 0.999673
39696: 0.999673
39697: 0.999673
39698: 0.999673
39699: 0.999673
39700: 0.999673
39701: 0.999673
39702: 0.999673
39703: 0.999673
39704: 0.999673
39705: 0.999673
39706: 0.999673
39707: 0.999673
39708: 0.999673
39709: 0.999673
39710: 0.999673
39711: 0.999673
39712: 0.999673
39713: 0.999673
39714: 0.999673
39715: 0.999673
39716: 0.999673
39717: 0.999673
39718: 0.999673
39719: 0.999673
39720: 0.999673
39721: 0.999673
39722: 0.999673
39723: 0.999673
39724: 0.999673
39725: 0.999673
39726: 0.999673
39727: 0.999673
39728: 0.999673
39729: 0.999673
39730: 0.999673
39731: 0.999673
39732: 0.999673
39733: 0.999673
39734: 0.999673
39735: 0.999673
39736: 0.999673
39737: 0.999673
39738: 0.999673
39739: 0.999673
39740: 0.999673
39741: 0.999673
39742: 0.999673
39743: 0.999673
39744: 0.999673
39745: 0.999673
39746: 0.999673
39747: 0.999673
39748: 0.999673
39749: 0.999673
39750: 0.999673
39751: 0.999673
39752: 0.999673
39753: 0.999673
39754: 0.999673
39755: 0.999673
39756: 0.999673
39757: 0.999673
39758: 0.999673
39759: 0.999673
39760: 0.999673
39761: 0.999673
39762: 0.999673
39763: 0.999673
39764: 0.999673
39765: 0.999673
39766: 0.999673
39767: 0.999673
39768: 0.999673
39769: 0.999673
39770: 0.999673
39771: 0.999673
39772: 0.999673
39773: 0.999673
39774: 0.999673
39775: 0.999673
39776: 0.999673
39777: 0.999673
39778: 0.999673
39779: 0.999673
39780: 0.999673
39781: 0.999673
39782: 0.999673
39783: 0.999673
39784: 0.999673
39785: 0.999673
39786: 0.999673
39787: 0.999673
39788: 0.999673
39789: 0.999673
39790: 0.999673
39791: 0.999673
39792: 0.999673
39793: 0.999673
39794: 0.999673
39795: 0.999673
39796: 0.999673
39797: 0.999673
39798: 0.999673
39799: 0.999673
39800: 0.999673
39801: 0.999673
39802: 0.999673
39803: 0.999673
39804: 0.999673
39805: 0.999673
39806: 0.999673
39807: 0.999673
39808: 0.999673
39809: 0.999673
39810: 0.999673
39811: 0.999673
39812: 0.999673
39813: 0.999673
39814: 0.999673
39815: 0.999673
39816: 0.999674
39817: 0.999674
39818: 0.999674
39819: 0.999674
39820: 0.999674
39821: 0.999674
39822: 0.999674
39823: 0.999674
39824: 0.999674
39825: 0.999674
39826: 0.999674
39827: 0.999674
39828: 0.999674
39829: 0.999674
39830: 0.999674
39831: 0.999674
39832: 0.999674
39833: 0.999674
39834: 0.999674
39835: 0.999674
39836: 0.999674
39837: 0.999674
39838: 0.999674
39839: 0.999674
39840: 0.999674
39841: 0.999674
39842: 0.999674
39843: 0.999674
39844: 0.999674
39845: 0.999674
39846: 0.999674
39847: 0.999674
39848: 0.999674
39849: 0.999674
39850: 0.999674
39851: 0.999674
39852: 0.999674
39853: 0.999674
39854: 0.999674
39855: 0.999674
39856: 0.999674
39857: 0.999674
39858: 0.999674
39859: 0.999674
39860: 0.999674
39861: 0.999674
39862: 0.999674
39863: 0.999674
39864: 0.999674
39865: 0.999674
39866: 0.999674
39867: 0.999674
39868: 0.999674
39869: 0.999674
39870: 0.999674
39871: 0.999674
39872: 0.999674
39873: 0.999674
39874: 0.999674
39875: 0.999674
39876: 0.999674
39877: 0.999674
39878: 0.999674
39879: 0.999674
39880: 0.999674
39881: 0.999674
39882: 0.999674
39883: 0.999674
39884: 0.999674
39885: 0.999674
39886: 0.999674
39887: 0.999674
39888: 0.999674
39889: 0.999674
39890: 0.999674
39891: 0.999674
39892: 0.999674
39893: 0.999674
39894: 0.999674
39895: 0.999674
39896: 0.999674
39897: 0.999674
39898: 0.999674
39899: 0.999674
39900: 0.999674
39901: 0.999674
39902: 0.999674
39903: 0.999674
39904: 0.999674
39905: 0.999674
39906: 0.999674
39907: 0.999674
39908: 0.999674
39909: 0.999674
39910: 0.999674
39911: 0.999674
39912: 0.999674
39913: 0.999674
39914: 0.999674
39915: 0.999674
39916: 0.999674
39917: 0.999674
39918: 0.999674
39919: 0.999674
39920: 0.999674
39921: 0.999674
39922: 0.999674
39923: 0.999674
39924: 0.999674
39925: 0.999674
39926: 0.999674
39927: 0.999674
39928: 0.999674
39929: 0.999674
39930: 0.999674
39931: 0.999674
39932: 0.999674
39933: 0.999674
39934: 0.999674
39935: 0.999674
39936: 0.999674
39937: 0.999674
39938: 0.999675
39939: 0.999675
39940: 0.999675
39941: 0.999675
39942: 0.999675
39943: 0.999675
39944: 0.999675
39945: 0.999675
39946: 0.999675
39947: 0.999675
39948: 0.999675
39949: 0.999675
39950: 0.999675
39951: 0.999675
39952: 0.999675
39953: 0.999675
39954: 0.999675
39955: 0.999675
39956: 0.999675
39957: 0.999675
39958: 0.999675
39959: 0.999675
39960: 0.999675
39961: 0.999675
39962: 0.999675
39963: 0.999675
39964: 0.999675
39965: 0.999675
39966: 0.999675
39967: 0.999675
39968: 0.999675
39969: 0.999675
39970: 0.999675
39971: 0.999675
39972: 0.999675
39973: 0.999675
39974: 0.999675
39975: 0.999675
39976: 0.999675
39977: 0.999675
39978: 0.999675
39979: 0.999675
39980: 0.999675
39981: 0.999675
39982: 0.999675
39983: 0.999675
39984: 0.999675
39985: 0.999675
39986: 0.999675
39987: 0.999675
39988: 0.999675
39989: 0.999675
39990: 0.999675
39991: 0.999675
39992: 0.999675
39993: 0.999675
39994: 0.999675
39995: 0.999675
39996: 0.999675
39997: 0.999675
39998: 0.999675
39999: 0.999675
40000: 0.999675
40001: 0.999675
40002: 0.999675
40003: 0.999675
40004: 0.999675
40005: 0.999675
40006: 0.999675
40007: 0.999675
40008: 0.999675
40009: 0.999675
40010: 0.999675
40011: 0.999675
40012: 0.999675
40013: 0.999675
40014: 0.999675
40015: 0.999675
40016: 0.999675
40017: 0.999675
40018: 0.999675
40019: 0.999675
40020: 0.999675
40021: 0.999675
40022: 0.999675
40023: 0.999675
40024: 0.999675
40025: 0.999675
40026: 0.999675
40027: 0.999675
40028: 0.999675
40029: 0.999675
40030: 0.999675
40031: 0.999675
40032: 0.999675
40033: 0.999675
40034: 0.999675
40035: 0.999675
40036: 0.999675
40037: 0.999675
40038: 0.999675
40039: 0.999675
40040: 0.999675
40041: 0.999675
40042: 0.999675
40043: 0.999675
40044: 0.999675
40045: 0.999675
40046: 0.999675
40047: 0.999675
40048: 0.999675
40049: 0.999675
40050: 0.999675
40051: 0.999675
40052: 0.999675
40053: 0.999675
40054: 0.999675
40055: 0.999675
40056: 0.999675
40057: 0.999675
40058: 0.999675
40059: 0.999675
40060: 0.999675
40061: 0.999676
40062: 0.999676
40063: 0.999676
40064: 0.999676
40065: 0.999676
40066: 0.999676
40067: 0.999676
40068: 0.999676
40069: 0.999676
40070: 0.999676
40071: 0.999676
40072: 0.999676
40073: 0.999676
40074: 0.999676
40075: 0.999676
40076: 0.999676
40077: 0.999676
40078: 0.999676
40079: 0.999676
40080: 0.999676
40081: 0.999676
40082: 0.999676
40083: 0.999676
40084: 0.999676
40085: 0.999676
40086: 0.999676
40087: 0.999676
40088: 0.999676
40089: 0.999676
40090: 0.999676
40091: 0.999676
40092: 0.999676
40093: 0.999676
40094: 0.999676
40095: 0.999676
40096: 0.999676
40097: 0.999676
40098: 0.999676
40099: 0.999676
40100: 0.999676
40101: 0.999676
40102: 0.999676
40103: 0.999676
40104: 0.999676
40105: 0.999676
40106: 0.999676
40107: 0.999676
40108: 0.999676
40109: 0.999676
40110: 0.999676
40111: 0.999676
40112: 0.999676
40113: 0.999676
40114: 0.999676
40115: 0.999676
40116: 0.999676
40117: 0.999676
40118: 0.999676
40119: 0.999676
40120: 0.999676
40121: 0.999676
40122: 0.999676
40123: 0.999676
40124: 0.999676
40125: 0.999676
40126: 0.999676
40127: 0.999676
40128: 0.999676
40129: 0.999676
40130: 0.999676
40131: 0.999676
40132: 0.999676
40133: 0.999676
40134: 0.999676
40135: 0.999676
40136: 0.999676
40137: 0.999676
40138: 0.999676
40139: 0.999676
40140: 0.999676
40141: 0.999676
40142: 0.999676
40143: 0.999676
40144: 0.999676
40145: 0.999676
40146: 0.999676
40147: 0.999676
40148: 0.999676
40149: 0.999676
40150: 0.999676
40151: 0.999676
40152: 0.999676
40153: 0.999676
40154: 0.999676
40155: 0.999676
40156: 0.999676
40157: 0.999676
40158: 0.999676
40159: 0.999676
40160: 0.999676
40161: 0.999676
40162: 0.999676
40163: 0.999676
40164: 0.999676
40165: 0.999676
40166: 0.999676
40167: 0.999676
40168: 0.999676
40169: 0.999676
40170: 0.999676
40171: 0.999676
40172: 0.999676
40173: 0.999676
40174: 0.999676
40175: 0.999676
40176: 0.999676
40177: 0.999676
40178: 0.999676
40179: 0.999676
40180: 0.999676
40181: 0.999676
40182: 0.999676
40183: 0.999676
40184: 0.999676
40185: 0.999677
40186: 0.999677
40187: 0.999677
40188: 0.999677
40189: 0.999677
40190: 0.999677
40191: 0.999677
40192: 0.999677
40193: 0.999677
40194: 0.999677
40195: 0.999677
40196: 0.999677
40197: 0.999677
40198: 0.999677
40199: 0.999677
40200: 0.999677
40201: 0.999677
40202: 0.999677
40203: 0.999677
40204: 0.999677
40205: 0.999677
40206: 0.999677
40207: 0.999677
40208: 0.999677
40209: 0.999677
40210: 0.999677
40211: 0.999677
40212: 0.999677
40213: 0.999677
40214: 0.999677
40215: 0.999677
40216: 0.999677
40217: 0.999677
40218: 0.999677
40219: 0.999677
40220: 0.999677
40221: 0.999677
40222: 0.999677
40223: 0.999677
40224: 0.999677
40225: 0.999677
40226: 0.999677
40227: 0.999677
40228: 0.999677
40229: 0.999677
40230: 0.999677
40231: 0.999677
40232: 0.999677
40233: 0.999677
40234: 0.999677
40235: 0.999677
40236: 0.999677
40237: 0.999677
40238: 0.999677
40239: 0.999677
40240: 0.999677
40241: 0.999677
40242: 0.999677
40243: 0.999677
40244: 0.999677
40245: 0.999677
40246: 0.999677
40247: 0.999677
40248: 0.999677
40249: 0.999677
40250: 0.999677
40251: 0.999677
40252: 0.999677
40253: 0.999677
40254: 0.999677
40255: 0.999677
40256: 0.999677
40257: 0.999677
40258: 0.999677
40259: 0.999677
40260: 0.999677
40261: 0.999677
40262: 0.999677
40263: 0.999677
40264: 0.999677
40265: 0.999677
40266: 0.999677
40267: 0.999677
40268: 0.999677
40269: 0.999677
40270: 0.999677
40271: 0.999677
40272: 0.999677
40273: 0.999677
40274: 0.999677
40275: 0.999677
40276: 0.999677
40277: 0.999677
40278: 0.999677
40279: 0.999677
40280: 0.999677
40281: 0.999677
40282: 0.999677
40283: 0.999677
40284: 0.999677
40285: 0.999677
40286: 0.999677
40287: 0.999677
40288: 0.999677
40289: 0.999677
40290: 0.999677
40291: 0.999677
40292: 0.999677
40293: 0.999677
40294: 0.999677
40295: 0.999677
40296: 0.999677
40297: 0.999677
40298: 0.999677
40299: 0.999677
40300: 0.999677
40301: 0.999677
40302: 0.999677
40303: 0.999677
40304: 0.999677
40305: 0.999677
40306: 0.999677
40307: 0.999677
40308: 0.999677
40309: 0.999677
40310: 0.999678
40311: 0.999678
40312: 0.999678
40313: 0.999678
40314: 0.999678
40315: 0.999678
40316: 0.999678
40317: 0.999678
40318: 0.999678
40319: 0.999678
40320: 0.999678
40321: 0.999678
40322: 0.999678
40323: 0.999678
40324: 0.999678
40325: 0.999678
40326: 0.999678
40327: 0.999678
40328: 0.999678
40329: 0.999678
40330: 0.999678
40331: 0.999678
40332: 0.999678
40333: 0.999678
40334: 0.999678
40335: 0.999678
40336: 0.999678
40337: 0.999678
40338: 0.999678
40339: 0.999678
40340: 0.999678
40341: 0.999678
40342: 0.999678
40343: 0.999678
40344: 0.999678
40345: 0.999678
40346: 0.999678
40347: 0.999678
40348: 0.999678
40349: 0.999678
40350: 0.999678
40351: 0.999678
40352: 0.999678
40353: 0.999678
40354: 0.999678
40355: 0.999678
40356: 0.999678
40357: 0.999678
40358: 0.999678
40359: 0.999678
40360: 0.999678
40361: 0.999678
40362: 0.999678
40363: 0.999678
40364: 0.999678
40365: 0.999678
40366: 0.999678
40367: 0.999678
40368: 0.999678
40369: 0.999678
40370: 0.999678
40371: 0.999678
40372: 0.999678
40373: 0.999678
40374: 0.999678
40375: 0.999678
40376: 0.999678
40377: 0.999678
40378: 0.999678
40379: 0.999678
40380: 0.999678
40381: 0.999678
40382: 0.999678
40383: 0.999678
40384: 0.999678
40385: 0.999678
40386: 0.999678
40387: 0.999678
40388: 0.999678
40389: 0.999678
40390: 0.999678
40391: 0.999678
40392: 0.999678
40393: 0.999678
40394: 0.999678
40395: 0.999678
40396: 0.999678
40397: 0.999678
40398: 0.999678
40399: 0.999678
40400: 0.999678
40401: 0.999678
40402: 0.999678
40403: 0.999678
40404: 0.999678
40405: 0.999678
40406: 0.999678
40407: 0.999678
40408: 0.999678
40409: 0.999678
40410: 0.999678
40411: 0.999678
40412: 0.999678
40413: 0.999678
40414: 0.999678
40415: 0.999678
40416: 0.999678
40417: 0.999678
40418: 0.999678
40419: 0.999678
40420: 0.999678
40421: 0.999678
40422: 0.999678
40423: 0.999678
40424: 0.999678
40425: 0.999678
40426: 0.999678
40427: 0.999678
40428: 0.999678
40429: 0.999678
40430: 0.999678
40431: 0.999678
40432: 0.999678
40433: 0.999678
40434: 0.999678
40435: 0.999679
40436: 0.999679
40437: 0.999679
40438: 0.999679
40439: 0.999679
40440: 0.999679
40441: 0.999679
40442: 0.999679
40443: 0.999679
40444: 0.999679
40445: 0.999679
40446: 0.999679
40447: 0.999679
40448: 0.999679
40449: 0.999679
40450: 0.999679
40451: 0.999679
40452: 0.999679
40453: 0.999679
40454: 0.999679
40455: 0.999679
40456: 0.999679
40457: 0.999679
40458: 0.999679
40459: 0.999679
40460: 0.999679
40461: 0.999679
40462: 0.999679
40463: 0.999679
40464: 0.999679
40465: 0.999679
40466: 0.999679
40467: 0.999679
40468: 0.999679
40469: 0.999679
40470: 0.999679
40471: 0.999679
40472: 0.999679
40473: 0.999679
40474: 0.999679
40475: 0.999679
40476: 0.999679
40477: 0.999679
40478: 0.999679
40479: 0.999679
40480: 0.999679
40481: 0.999679
40482: 0.999679
40483: 0.999679
40484: 0.999679
40485: 0.999679
40486: 0.999679
40487: 0.999679
40488: 0.999679
40489: 0.999679
40490: 0.999679
40491: 0.999679
40492: 0.999679
40493: 0.999679
40494: 0.999679
40495: 0.999679
40496: 0.999679
40497: 0.999679
40498: 0.999679
40499: 0.999679
40500: 0.999679
40501: 0.999679
40502: 0.999679
40503: 0.999679
40504: 0.999679
40505: 0.999679
40506: 0.999679
40507: 0.999679
40508: 0.999679
40509: 0.999679
40510: 0.999679
40511: 0.999679
40512: 0.999679
40513: 0.999679
40514: 0.999679
40515: 0.999679
40516: 0.999679
40517: 0.999679
40518: 0.999679
40519: 0.999679
40520: 0.999679
40521: 0.999679
40522: 0.999679
40523: 0.999679
40524: 0.999679
40525: 0.999679
40526: 0.999679
40527: 0.999679
40528: 0.999679
40529: 0.999679
40530: 0.999679
40531: 0.999679
40532: 0.999679
40533: 0.999679
40534: 0.999679
40535: 0.999679
40536: 0.999679
40537: 0.999679
40538: 0.999679
40539: 0.999679
40540: 0.999679
40541: 0.999679
40542: 0.999679
40543: 0.999679
40544: 0.999679
40545: 0.999679
40546: 0.999679
40547: 0.999679
40548: 0.999679
40549: 0.999679
40550: 0.999679
40551: 0.999679
40552: 0.999679
40553: 0.999679
40554: 0.999679
40555: 0.999679
40556: 0.999679
40557: 0.999679
40558: 0.999679
40559: 0.999679
40560: 0.999679
40561: 0.99968
40562: 0.99968
40563: 0.99968
40564: 0.99968
40565: 0.99968
40566: 0.99968
40567: 0.99968
40568: 0.99968
40569: 0.99968
40570: 0.99968
40571: 0.99968
40572: 0.99968
40573: 0.99968
40574: 0.99968
40575: 0.99968
40576: 0.99968
40577: 0.99968
40578: 0.99968
40579: 0.99968
40580: 0.99968
40581: 0.99968
40582: 0.99968
40583: 0.99968
40584: 0.99968
40585: 0.99968
40586: 0.99968
40587: 0.99968
40588: 0.99968
40589: 0.99968
40590: 0.99968
40591: 0.99968
40592: 0.99968
40593: 0.99968
40594: 0.99968
40595: 0.99968
40596: 0.99968
40597: 0.99968
40598: 0.99968
40599: 0.99968
40600: 0.99968
40601: 0.99968
40602: 0.99968
40603: 0.99968
40604: 0.99968
40605: 0.99968
40606: 0.99968
40607: 0.99968
40608: 0.99968
40609: 0.99968
40610: 0.99968
40611: 0.99968
40612: 0.99968
40613: 0.99968
40614: 0.99968
40615: 0.99968
40616: 0.99968
40617: 0.99968
40618: 0.99968
40619: 0.99968
40620: 0.99968
40621: 0.99968
40622: 0.99968
40623: 0.99968
40624: 0.99968
40625: 0.99968
40626: 0.99968
40627: 0.99968
40628: 0.99968
40629: 0.99968
40630: 0.99968
40631: 0.99968
40632: 0.99968
40633: 0.99968
40634: 0.99968
40635: 0.99968
40636: 0.99968
40637: 0.99968
40638: 0.99968
40639: 0.99968
40640: 0.99968
40641: 0.99968
40642: 0.99968
40643: 0.99968
40644: 0.99968
40645: 0.99968
40646: 0.99968
40647: 0.99968
40648: 0.99968
40649: 0.99968
40650: 0.99968
40651: 0.99968
40652: 0.99968
40653: 0.99968
40654: 0.99968
40655: 0.99968
40656: 0.99968
40657: 0.99968
40658: 0.99968
40659: 0.99968
40660: 0.99968
40661: 0.99968
40662: 0.99968
40663: 0.99968
40664: 0.99968
40665: 0.99968
40666: 0.99968
40667: 0.99968
40668: 0.99968
40669: 0.99968
40670: 0.99968
40671: 0.99968
40672: 0.99968
40673: 0.99968
40674: 0.99968
40675: 0.99968
40676: 0.99968
40677: 0.99968
40678: 0.99968
40679: 0.99968
40680: 0.99968
40681: 0.99968
40682: 0.99968
40683: 0.99968
40684: 0.99968
40685: 0.99968
40686: 0.99968
40687: 0.99968
40688: 0.999681
40689: 0.999681
40690: 0.999681
40691: 0.999681
40692: 0.999681
40693: 0.999681
40694: 0.999681
40695: 0.999681
40696: 0.999681
40697: 0.999681
40698: 0.999681
40699: 0.999681
40700: 0.999681
40701: 0.999681
40702: 0.999681
40703: 0.999681
40704: 0.999681
40705: 0.999681
40706: 0.999681
40707: 0.999681
40708: 0.999681
40709: 0.999681
40710: 0.999681
40711: 0.999681
40712: 0.999681
40713: 0.999681
40714: 0.999681
40715: 0.999681
40716: 0.999681
40717: 0.999681
40718: 0.999681
40719: 0.999681
40720: 0.999681
40721: 0.999681
40722: 0.999681
40723: 0.999681
40724: 0.999681
40725: 0.999681
40726: 0.999681
40727: 0.999681
40728: 0.999681
40729: 0.999681
40730: 0.999681
40731: 0.999681
40732: 0.999681
40733: 0.999681
40734: 0.999681
40735: 0.999681
40736: 0.999681
40737: 0.999681
40738: 0.999681
40739: 0.999681
40740: 0.999681
40741: 0.999681
40742: 0.999681
40743: 0.999681
40744: 0.999681
40745: 0.999681
40746: 0.999681
40747: 0.999681
40748: 0.999681
40749: 0.999681
40750: 0.999681
40751: 0.999681
40752: 0.999681
40753: 0.999681
40754: 0.999681
40755: 0.999681
40756: 0.999681
40757: 0.999681
40758: 0.999681
40759: 0.999681
40760: 0.999681
40761: 0.999681
40762: 0.999681
40763: 0.999681
40764: 0.999681
40765: 0.999681
40766: 0.999681
40767: 0.999681
40768: 0.999681
40769: 0.999681
40770: 0.999681
40771: 0.999681
40772: 0.999681
40773: 0.999681
40774: 0.999681
40775: 0.999681
40776: 0.999681
40777: 0.999681
40778: 0.999681
40779: 0.999681
40780: 0.999681
40781: 0.999681
40782: 0.999681
40783: 0.999681
40784: 0.999681
40785: 0.999681
40786: 0.999681
40787: 0.999681
40788: 0.999681
40789: 0.999681
40790: 0.999681
40791: 0.999681
40792: 0.999681
40793: 0.999681
40794: 0.999681
40795: 0.999681
40796: 0.999681
40797: 0.999681
40798: 0.999681
40799: 0.999681
40800: 0.999681
40801: 0.999681
40802: 0.999681
40803: 0.999681
40804: 0.999681
40805: 0.999681
40806: 0.999681
40807: 0.999681
40808: 0.999681
40809: 0.999681
40810: 0.999681
40811: 0.999681
40812: 0.999681
40813: 0.999681
40814: 0.999681
40815: 0.999681
40816: 0.999682
40817: 0.999682
40818: 0.999682
40819: 0.999682
40820: 0.999682
40821: 0.999682
40822: 0.999682
40823: 0.999682
40824: 0.999682
40825: 0.999682
40826: 0.999682
40827: 0.999682
40828: 0.999682
40829: 0.999682
40830: 0.999682
40831: 0.999682
40832: 0.999682
40833: 0.999682
40834: 0.999682
40835: 0.999682
40836: 0.999682
40837: 0.999682
40838: 0.999682
40839: 0.999682
40840: 0.999682
40841: 0.999682
40842: 0.999682
40843: 0.999682
40844: 0.999682
40845: 0.999682
40846: 0.999682
40847: 0.999682
40848: 0.999682
40849: 0.999682
40850: 0.999682
40851: 0.999682
40852: 0.999682
40853: 0.999682
40854: 0.999682
40855: 0.999682
40856: 0.999682
40857: 0.999682
40858: 0.999682
40859: 0.999682
40860: 0.999682
40861: 0.999682
40862: 0.999682
40863: 0.999682
40864: 0.999682
40865: 0.999682
40866: 0.999682
40867: 0.999682
40868: 0.999682
40869: 0.999682
40870: 0.999682
40871: 0.999682
40872: 0.999682
40873: 0.999682
40874: 0.999682
40875: 0.999682
40876: 0.999682
40877: 0.999682
40878: 0.999682
40879: 0.999682
40880: 0.999682
40881: 0.999682
40882: 0.999682
40883: 0.999682
40884: 0.999682
40885: 0.999682
40886: 0.999682
40887: 0.999682
40888: 0.999682
40889: 0.999682
40890: 0.999682
40891: 0.999682
40892: 0.999682
40893: 0.999682
40894: 0.999682
40895: 0.999682
40896: 0.999682
40897: 0.999682
40898: 0.999682
40899: 0.999682
40900: 0.999682
40901: 0.999682
40902: 0.999682
40903: 0.999682
40904: 0.999682
40905: 0.999682
40906: 0.999682
40907: 0.999682
40908: 0.999682
40909: 0.999682
40910: 0.999682
40911: 0.999682
40912: 0.999682
40913: 0.999682
40914: 0.999682
40915: 0.999682
40916: 0.999682
40917: 0.999682
40918: 0.999682
40919: 0.999682
40920: 0.999682
40921: 0.999682
40922: 0.999682
40923: 0.999682
40924: 0.999682
40925: 0.999682
40926: 0.999682
40927: 0.999682
40928: 0.999682
40929: 0.999682
40930: 0.999682
40931: 0.999682
40932: 0.999682
40933: 0.999682
40934: 0.999682
40935: 0.999682
40936: 0.999682
40937: 0.999682
40938: 0.999682
40939: 0.999682
40940: 0.999682
40941: 0.999682
40942: 0.999682
40943: 0.999682
40944: 0.999683
40945: 0.999683
40946: 0.999683
40947: 0.999683
40948: 0.999683
40949: 0.999683
40950: 0.999683
40951: 0.999683
40952: 0.999683
40953: 0.999683
40954: 0.999683
40955: 0.999683
40956: 0.999683
40957: 0.999683
40958: 0.999683
40959: 0.999683
40960: 0.999683
40961: 0.999683
40962: 0.999683
40963: 0.999683
40964: 0.999683
40965: 0.999683
40966: 0.999683
40967: 0.999683
40968: 0.999683
40969: 0.999683
40970: 0.999683
40971: 0.999683
40972: 0.999683
40973: 0.999683
40974: 0.999683
40975: 0.999683
40976: 0.999683
40977: 0.999683
40978: 0.999683
40979: 0.999683
40980: 0.999683
40981: 0.999683
40982: 0.999683
40983: 0.999683
40984: 0.999683
40985: 0.999683
40986: 0.999683
40987: 0.999683
40988: 0.999683
40989: 0.999683
40990: 0.999683
40991: 0.999683
40992: 0.999683
40993: 0.999683
40994: 0.999683
40995: 0.999683
40996: 0.999683
40997: 0.999683
40998: 0.999683
40999: 0.999683
41000: 0.999683
41001: 0.999683
41002: 0.999683
41003: 0.999683
41004: 0.999683
41005: 0.999683
41006: 0.999683
41007: 0.999683
41008: 0.999683
41009: 0.999683
41010: 0.999683
41011: 0.999683
41012: 0.999683
41013: 0.999683
41014: 0.999683
41015: 0.999683
41016: 0.999683
41017: 0.999683
41018: 0.999683
41019: 0.999683
41020: 0.999683
41021: 0.999683
41022: 0.999683
41023: 0.999683
41024: 0.999683
41025: 0.999683
41026: 0.999683
41027: 0.999683
41028: 0.999683
41029: 0.999683
41030: 0.999683
41031: 0.999683
41032: 0.999683
41033: 0.999683
41034: 0.999683
41035: 0.999683
41036: 0.999683
41037: 0.999683
41038: 0.999683
41039: 0.999683
41040: 0.999683
41041: 0.999683
41042: 0.999683
41043: 0.999683
41044: 0.999683
41045: 0.999683
41046: 0.999683
41047: 0.999683
41048: 0.999683
41049: 0.999683
41050: 0.999683
41051: 0.999683
41052: 0.999683
41053: 0.999683
41054: 0.999683
41055: 0.999683
41056: 0.999683
41057: 0.999683
41058: 0.999683
41059: 0.999683
41060: 0.999683
41061: 0.999683
41062: 0.999683
41063: 0.999683
41064: 0.999683
41065: 0.999683
41066: 0.999683
41067: 0.999683
41068: 0.999683
41069: 0.999683
41070: 0.999683
41071: 0.999683
41072: 0.999683
41073: 0.999683
41074: 0.999684
41075: 0.999684
41076: 0.999684
41077: 0.999684
41078: 0.999684
41079: 0.999684
41080: 0.999684
41081: 0.999684
41082: 0.999684
41083: 0.999684
41084: 0.999684
41085: 0.999684
41086: 0.999684
41087: 0.999684
41088: 0.999684
41089: 0.999684
41090: 0.999684
41091: 0.999684
41092: 0.999684
41093: 0.999684
41094: 0.999684
41095: 0.999684
41096: 0.999684
41097: 0.999684
41098: 0.999684
41099: 0.999684
41100: 0.999684
41101: 0.999684
41102: 0.999684
41103: 0.999684
41104: 0.999684
41105: 0.999684
41106: 0.999684
41107: 0.999684
41108: 0.999684
41109: 0.999684
41110: 0.999684
41111: 0.999684
41112: 0.999684
41113: 0.999684
41114: 0.999684
41115: 0.999684
41116: 0.999684
41117: 0.999684
41118: 0.999684
41119: 0.999684
41120: 0.999684
41121: 0.999684
41122: 0.999684
41123: 0.999684
41124: 0.999684
41125: 0.999684
41126: 0.999684
41127: 0.999684
41128: 0.999684
41129: 0.999684
41130: 0.999684
41131: 0.999684
41132: 0.999684
41133: 0.999684
41134: 0.999684
41135: 0.999684
41136: 0.999684
41137: 0.999684
41138: 0.999684
41139: 0.999684
41140: 0.999684
41141: 0.999684
41142: 0.999684
41143: 0.999684
41144: 0.999684
41145: 0.999684
41146: 0.999684
41147: 0.999684
41148: 0.999684
41149: 0.999684
41150: 0.999684
41151: 0.999684
41152: 0.999684
41153: 0.999684
41154: 0.999684
41155: 0.999684
41156: 0.999684
41157: 0.999684
41158: 0.999684
41159: 0.999684
41160: 0.999684
41161: 0.999684
41162: 0.999684
41163: 0.999684
41164: 0.999684
41165: 0.999684
41166: 0.999684
41167: 0.999684
41168: 0.999684
41169: 0.999684
41170: 0.999684
41171: 0.999684
41172: 0.999684
41173: 0.999684
41174: 0.999684
41175: 0.999684
41176: 0.999684
41177: 0.999684
41178: 0.999684
41179: 0.999684
41180: 0.999684
41181: 0.999684
41182: 0.999684
41183: 0.999684
41184: 0.999684
41185: 0.999684
41186: 0.999684
41187: 0.999684
41188: 0.999684
41189: 0.999684
41190: 0.999684
41191: 0.999684
41192: 0.999684
41193: 0.999684
41194: 0.999684
41195: 0.999684
41196: 0.999684
41197: 0.999684
41198: 0.999684
41199: 0.999684
41200: 0.999684
41201: 0.999684
41202: 0.999684
41203: 0.999684
41204: 0.999685
41205: 0.999685
41206: 0.999685
41207: 0.999685
41208: 0.999685
41209: 0.999685
41210: 0.999685
41211: 0.999685
41212: 0.999685
41213: 0.999685
41214: 0.999685
41215: 0.999685
41216: 0.999685
41217: 0.999685
41218: 0.999685
41219: 0.999685
41220: 0.999685
41221: 0.999685
41222: 0.999685
41223: 0.999685
41224: 0.999685
41225: 0.999685
41226: 0.999685
41227: 0.999685
41228: 0.999685
41229: 0.999685
41230: 0.999685
41231: 0.999685
41232: 0.999685
41233: 0.999685
41234: 0.999685
41235: 0.999685
41236: 0.999685
41237: 0.999685
41238: 0.999685
41239: 0.999685
41240: 0.999685
41241: 0.999685
41242: 0.999685
41243: 0.999685
41244: 0.999685
41245: 0.999685
41246: 0.999685
41247: 0.999685
41248: 0.999685
41249: 0.999685
41250: 0.999685
41251: 0.999685
41252: 0.999685
41253: 0.999685
41254: 0.999685
41255: 0.999685
41256: 0.999685
41257: 0.999685
41258: 0.999685
41259: 0.999685
41260: 0.999685
41261: 0.999685
41262: 0.999685
41263: 0.999685
41264: 0.999685
41265: 0.999685
41266: 0.999685
41267: 0.999685
41268: 0.999685
41269: 0.999685
41270: 0.999685
41271: 0.999685
41272: 0.999685
41273: 0.999685
41274: 0.999685
41275: 0.999685
41276: 0.999685
41277: 0.999685
41278: 0.999685
41279: 0.999685
41280: 0.999685
41281: 0.999685
41282: 0.999685
41283: 0.999685
41284: 0.999685
41285: 0.999685
41286: 0.999685
41287: 0.999685
41288: 0.999685
41289: 0.999685
41290: 0.999685
41291: 0.999685
41292: 0.999685
41293: 0.999685
41294: 0.999685
41295: 0.999685
41296: 0.999685
41297: 0.999685
41298: 0.999685
41299: 0.999685
41300: 0.999685
41301: 0.999685
41302: 0.999685
41303: 0.999685
41304: 0.999685
41305: 0.999685
41306: 0.999685
41307: 0.999685
41308: 0.999685
41309: 0.999685
41310: 0.999685
41311: 0.999685
41312: 0.999685
41313: 0.999685
41314: 0.999685
41315: 0.999685
41316: 0.999685
41317: 0.999685
41318: 0.999685
41319: 0.999685
41320: 0.999685
41321: 0.999685
41322: 0.999685
41323: 0.999685
41324: 0.999685
41325: 0.999685
41326: 0.999685
41327: 0.999685
41328: 0.999685
41329: 0.999685
41330: 0.999685
41331: 0.999685
41332: 0.999685
41333: 0.999685
41334: 0.999685
41335: 0.999686
41336: 0.999686
41337: 0.999686
41338: 0.999686
41339: 0.999686
41340: 0.999686
41341: 0.999686
41342: 0.999686
41343: 0.999686
41344: 0.999686
41345: 0.999686
41346: 0.999686
41347: 0.999686
41348: 0.999686
41349: 0.999686
41350: 0.999686
41351: 0.999686
41352: 0.999686
41353: 0.999686
41354: 0.999686
41355: 0.999686
41356: 0.999686
41357: 0.999686
41358: 0.999686
41359: 0.999686
41360: 0.999686
41361: 0.999686
41362: 0.999686
41363: 0.999686
41364: 0.999686
41365: 0.999686
41366: 0.999686
41367: 0.999686
41368: 0.999686
41369: 0.999686
41370: 0.999686
41371: 0.999686
41372: 0.999686
41373: 0.999686
41374: 0.999686
41375: 0.999686
41376: 0.999686
41377: 0.999686
41378: 0.999686
41379: 0.999686
41380: 0.999686
41381: 0.999686
41382: 0.999686
41383: 0.999686
41384: 0.999686
41385: 0.999686
41386: 0.999686
41387: 0.999686
41388: 0.999686
41389: 0.999686
41390: 0.999686
41391: 0.999686
41392: 0.999686
41393: 0.999686
41394: 0.999686
41395: 0.999686
41396: 0.999686
41397: 0.999686
41398: 0.999686
41399: 0.999686
41400: 0.999686
41401: 0.999686
41402: 0.999686
41403: 0.999686
41404: 0.999686
41405: 0.999686
41406: 0.999686
41407: 0.999686
41408: 0.999686
41409: 0.999686
41410: 0.999686
41411: 0.999686
41412: 0.999686
41413: 0.999686
41414: 0.999686
41415: 0.999686
41416: 0.999686
41417: 0.999686
41418: 0.999686
41419: 0.999686
41420: 0.999686
41421: 0.999686
41422: 0.999686
41423: 0.999686
41424: 0.999686
41425: 0.999686
41426: 0.999686
41427: 0.999686
41428: 0.999686
41429: 0.999686
41430: 0.999686
41431: 0.999686
41432: 0.999686
41433: 0.999686
41434: 0.999686
41435: 0.999686
41436: 0.999686
41437: 0.999686
41438: 0.999686
41439: 0.999686
41440: 0.999686
41441: 0.999686
41442: 0.999686
41443: 0.999686
41444: 0.999686
41445: 0.999686
41446: 0.999686
41447: 0.999686
41448: 0.999686
41449: 0.999686
41450: 0.999686
41451: 0.999686
41452: 0.999686
41453: 0.999686
41454: 0.999686
41455: 0.999686
41456: 0.999686
41457: 0.999686
41458: 0.999686
41459: 0.999686
41460: 0.999686
41461: 0.999686
41462: 0.999686
41463: 0.999686
41464: 0.999686
41465: 0.999686
41466: 0.999686
41467: 0.999687
41468: 0.999687
41469: 0.999687
41470: 0.999687
41471: 0.999687
41472: 0.999687
41473: 0.999687
41474: 0.999687
41475: 0.999687
41476: 0.999687
41477: 0.999687
41478: 0.999687
41479: 0.999687
41480: 0.999687
41481: 0.999687
41482: 0.999687
41483: 0.999687
41484: 0.999687
41485: 0.999687
41486: 0.999687
41487: 0.999687
41488: 0.999687
41489: 0.999687
41490: 0.999687
41491: 0.999687
41492: 0.999687
41493: 0.999687
41494: 0.999687
41495: 0.999687
41496: 0.999687
41497: 0.999687
41498: 0.999687
41499: 0.999687
41500: 0.999687
41501: 0.999687
41502: 0.999687
41503: 0.999687
41504: 0.999687
41505: 0.999687
41506: 0.999687
41507: 0.999687
41508: 0.999687
41509: 0.999687
41510: 0.999687
41511: 0.999687
41512: 0.999687
41513: 0.999687
41514: 0.999687
41515: 0.999687
41516: 0.999687
41517: 0.999687
41518: 0.999687
41519: 0.999687
41520: 0.999687
41521: 0.999687
41522: 0.999687
41523: 0.999687
41524: 0.999687
41525: 0.999687
41526: 0.999687
41527: 0.999687
41528: 0.999687
41529: 0.999687
41530: 0.999687
41531: 0.999687
41532: 0.999687
41533: 0.999687
41534: 0.999687
41535: 0.999687
41536: 0.999687
41537: 0.999687
41538: 0.999687
41539: 0.999687
41540: 0.999687
41541: 0.999687
41542: 0.999687
41543: 0.999687
41544: 0.999687
41545: 0.999687
41546: 0.999687
41547: 0.999687
41548: 0.999687
41549: 0.999687
41550: 0.999687
41551: 0.999687
41552: 0.999687
41553: 0.999687
41554: 0.999687
41555: 0.999687
41556: 0.999687
41557: 0.999687
41558: 0.999687
41559: 0.999687
41560: 0.999687
41561: 0.999687
41562: 0.999687
41563: 0.999687
41564: 0.999687
41565: 0.999687
41566: 0.999687
41567: 0.999687
41568: 0.999687
41569: 0.999687
41570: 0.999687
41571: 0.999687
41572: 0.999687
41573: 0.999687
41574: 0.999687
41575: 0.999687
41576: 0.999687
41577: 0.999687
41578: 0.999687
41579: 0.999687
41580: 0.999687
41581: 0.999687
41582: 0.999687
41583: 0.999687
41584: 0.999687
41585: 0.999687
41586: 0.999687
41587: 0.999687
41588: 0.999687
41589: 0.999687
41590: 0.999687
41591: 0.999687
41592: 0.999687
41593: 0.999687
41594: 0.999687
41595: 0.999687
41596: 0.999687
41597: 0.999687
41598: 0.999687
41599: 0.999687
41600: 0.999688
41601: 0.999688
41602: 0.999688
41603: 0.999688
41604: 0.999688
41605: 0.999688
41606: 0.999688
41607: 0.999688
41608: 0.999688
41609: 0.999688
41610: 0.999688
41611: 0.999688
41612: 0.999688
41613: 0.999688
41614: 0.999688
41615: 0.999688
41616: 0.999688
41617: 0.999688
41618: 0.999688
41619: 0.999688
41620: 0.999688
41621: 0.999688
41622: 0.999688
41623: 0.999688
41624: 0.999688
41625: 0.999688
41626: 0.999688
41627: 0.999688
41628: 0.999688
41629: 0.999688
41630: 0.999688
41631: 0.999688
41632: 0.999688
41633: 0.999688
41634: 0.999688
41635: 0.999688
41636: 0.999688
41637: 0.999688
41638: 0.999688
41639: 0.999688
41640: 0.999688
41641: 0.999688
41642: 0.999688
41643: 0.999688
41644: 0.999688
41645: 0.999688
41646: 0.999688
41647: 0.999688
41648: 0.999688
41649: 0.999688
41650: 0.999688
41651: 0.999688
41652: 0.999688
41653: 0.999688
41654: 0.999688
41655: 0.999688
41656: 0.999688
41657: 0.999688
41658: 0.999688
41659: 0.999688
41660: 0.999688
41661: 0.999688
41662: 0.999688
41663: 0.999688
41664: 0.999688
41665: 0.999688
41666: 0.999688
41667: 0.999688
41668: 0.999688
41669: 0.999688
41670: 0.999688
41671: 0.999688
41672: 0.999688
41673: 0.999688
41674: 0.999688
41675: 0.999688
41676: 0.999688
41677: 0.999688
41678: 0.999688
41679: 0.999688
41680: 0.999688
41681: 0.999688
41682: 0.999688
41683: 0.999688
41684: 0.999688
41685: 0.999688
41686: 0.999688
41687: 0.999688
41688: 0.999688
41689: 0.999688
41690: 0.999688
41691: 0.999688
41692: 0.999688
41693: 0.999688
41694: 0.999688
41695: 0.999688
41696: 0.999688
41697: 0.999688
41698: 0.999688
41699: 0.999688
41700: 0.999688
41701: 0.999688
41702: 0.999688
41703: 0.999688
41704: 0.999688
41705: 0.999688
41706: 0.999688
41707: 0.999688
41708: 0.999688
41709: 0.999688
41710: 0.999688
41711: 0.999688
41712: 0.999688
41713: 0.999688
41714: 0.999688
41715: 0.999688
41716: 0.999688
41717: 0.999688
41718: 0.999688
41719: 0.999688
41720: 0.999688
41721: 0.999688
41722: 0.999688
41723: 0.999688
41724: 0.999688
41725: 0.999688
41726: 0.999688
41727: 0.999688
41728: 0.999688
41729: 0.999688
41730: 0.999688
41731: 0.999688
41732: 0.999688
41733: 0.999689
41734: 0.999689
41735: 0.999689
41736: 0.999689
41737: 0.999689
41738: 0.999689
41739: 0.999689
41740: 0.999689
41741: 0.999689
41742: 0.999689
41743: 0.999689
41744: 0.999689
41745: 0.999689
41746: 0.999689
41747: 0.999689
41748: 0.999689
41749: 0.999689
41750: 0.999689
41751: 0.999689
41752: 0.999689
41753: 0.999689
41754: 0.999689
41755: 0.999689
41756: 0.999689
41757: 0.999689
41758: 0.999689
41759: 0.999689
41760: 0.999689
41761: 0.999689
41762: 0.999689
41763: 0.999689
41764: 0.999689
41765: 0.999689
41766: 0.999689
41767: 0.999689
41768: 0.999689
41769: 0.999689
41770: 0.999689
41771: 0.999689
41772: 0.999689
41773: 0.999689
41774: 0.999689
41775: 0.999689
41776: 0.999689
41777: 0.999689
41778: 0.999689
41779: 0.999689
41780: 0.999689
41781: 0.999689
41782: 0.999689
41783: 0.999689
41784: 0.999689
41785: 0.999689
41786: 0.999689
41787: 0.999689
41788: 0.999689
41789: 0.999689
41790: 0.999689
41791: 0.999689
41792: 0.999689
41793: 0.999689
41794: 0.999689
41795: 0.999689
41796: 0.999689
41797: 0.999689
41798: 0.999689
41799: 0.999689
41800: 0.999689
41801: 0.999689
41802: 0.999689
41803: 0.999689
41804: 0.999689
41805: 0.999689
41806: 0.999689
41807: 0.999689
41808: 0.999689
41809: 0.999689
41810: 0.999689
41811: 0.999689
41812: 0.999689
41813: 0.999689
41814: 0.999689
41815: 0.999689
41816: 0.999689
41817: 0.999689
41818: 0.999689
41819: 0.999689
41820: 0.999689
41821: 0.999689
41822: 0.999689
41823: 0.999689
41824: 0.999689
41825: 0.999689
41826: 0.999689
41827: 0.999689
41828: 0.999689
41829: 0.999689
41830: 0.999689
41831: 0.999689
41832: 0.999689
41833: 0.999689
41834: 0.999689
41835: 0.999689
41836: 0.999689
41837: 0.999689
41838: 0.999689
41839: 0.999689
41840: 0.999689
41841: 0.999689
41842: 0.999689
41843: 0.999689
41844: 0.999689
41845: 0.999689
41846: 0.999689
41847: 0.999689
41848: 0.999689
41849: 0.999689
41850: 0.999689
41851: 0.999689
41852: 0.999689
41853: 0.999689
41854: 0.999689
41855: 0.999689
41856: 0.999689
41857: 0.999689
41858: 0.999689
41859: 0.999689
41860: 0.999689
41861: 0.999689
41862: 0.999689
41863: 0.999689
41864: 0.999689
41865: 0.999689
41866: 0.999689
41867: 0.99969
41868: 0.99969
41869: 0.99969
41870: 0.99969
41871: 0.99969
41872: 0.99969
41873: 0.99969
41874: 0.99969
41875: 0.99969
41876: 0.99969
41877: 0.99969
41878: 0.99969
41879: 0.99969
41880: 0.99969
41881: 0.99969
41882: 0.99969
41883: 0.99969
41884: 0.99969
41885: 0.99969
41886: 0.99969
41887: 0.99969
41888: 0.99969
41889: 0.99969
41890: 0.99969
41891: 0.99969
41892: 0.99969
41893: 0.99969
41894: 0.99969
41895: 0.99969
41896: 0.99969
41897: 0.99969
41898: 0.99969
41899: 0.99969
41900: 0.99969
41901: 0.99969
41902: 0.99969
41903: 0.99969
41904: 0.99969
41905: 0.99969
41906: 0.99969
41907: 0.99969
41908: 0.99969
41909: 0.99969
41910: 0.99969
41911: 0.99969
41912: 0.99969
41913: 0.99969
41914: 0.99969
41915: 0.99969
41916: 0.99969
41917: 0.99969
41918: 0.99969
41919: 0.99969
41920: 0.99969
41921: 0.99969
41922: 0.99969
41923: 0.99969
41924: 0.99969
41925: 0.99969
41926: 0.99969
41927: 0.99969
41928: 0.99969
41929: 0.99969
41930: 0.99969
41931: 0.99969
41932: 0.99969
41933: 0.99969
41934: 0.99969
41935: 0.99969
41936: 0.99969
41937: 0.99969
41938: 0.99969
41939: 0.99969
41940: 0.99969
41941: 0.99969
41942: 0.99969
41943: 0.99969
41944: 0.99969
41945: 0.99969
41946: 0.99969
41947: 0.99969
41948: 0.99969
41949: 0.99969
41950: 0.99969
41951: 0.99969
41952: 0.99969
41953: 0.99969
41954: 0.99969
41955: 0.99969
41956: 0.99969
41957: 0.99969
41958: 0.99969
41959: 0.99969
41960: 0.99969
41961: 0.99969
41962: 0.99969
41963: 0.99969
41964: 0.99969
41965: 0.99969
41966: 0.99969
41967: 0.99969
41968: 0.99969
41969: 0.99969
41970: 0.99969
41971: 0.99969
41972: 0.99969
41973: 0.99969
41974: 0.99969
41975: 0.99969
41976: 0.99969
41977: 0.99969
41978: 0.99969
41979: 0.99969
41980: 0.99969
41981: 0.99969
41982: 0.99969
41983: 0.99969
41984: 0.99969
41985: 0.99969
41986: 0.99969
41987: 0.99969
41988: 0.99969
41989: 0.99969
41990: 0.99969
41991: 0.99969
41992: 0.99969
41993: 0.99969
41994: 0.99969
41995: 0.99969
41996: 0.99969
41997: 0.99969
41998: 0.99969
41999: 0.99969
42000: 0.99969
42001: 0.99969
42002: 0.99969
42003: 0.999691
42004: 0.999691
42005: 0.999691
42006: 0.999691
42007: 0.999691
42008: 0.999691
42009: 0.999691
42010: 0.999691
42011: 0.999691
42012: 0.999691
42013: 0.999691
42014: 0.999691
42015: 0.999691
42016: 0.999691
42017: 0.999691
42018: 0.999691
42019: 0.999691
42020: 0.999691
42021: 0.999691
42022: 0.999691
42023: 0.999691
42024: 0.999691
42025: 0.999691
42026: 0.999691
42027: 0.999691
42028: 0.999691
42029: 0.999691
42030: 0.999691
42031: 0.999691
42032: 0.999691
42033: 0.999691
42034: 0.999691
42035: 0.999691
42036: 0.999691
42037: 0.999691
42038: 0.999691
42039: 0.999691
42040: 0.999691
42041: 0.999691
42042: 0.999691
42043: 0.999691
42044: 0.999691
42045: 0.999691
42046: 0.999691
42047: 0.999691
42048: 0.999691
42049: 0.999691
42050: 0.999691
42051: 0.999691
42052: 0.999691
42053: 0.999691
42054: 0.999691
42055: 0.999691
42056: 0.999691
42057: 0.999691
42058: 0.999691
42059: 0.999691
42060: 0.999691
42061: 0.999691
42062: 0.999691
42063: 0.999691
42064: 0.999691
42065: 0.999691
42066: 0.999691
42067: 0.999691
42068: 0.999691
42069: 0.999691
42070: 0.999691
42071: 0.999691
42072: 0.999691
42073: 0.999691
42074: 0.999691
42075: 0.999691
42076: 0.999691
42077: 0.999691
42078: 0.999691
42079: 0.999691
42080: 0.999691
42081: 0.999691
42082: 0.999691
42083: 0.999691
42084: 0.999691
42085: 0.999691
42086: 0.999691
42087: 0.999691
42088: 0.999691
42089: 0.999691
42090: 0.999691
42091: 0.999691
42092: 0.999691
42093: 0.999691
42094: 0.999691
42095: 0.999691
42096: 0.999691
42097: 0.999691
42098: 0.999691
42099: 0.999691
42100: 0.999691
42101: 0.999691
42102: 0.999691
42103: 0.999691
42104: 0.999691
42105: 0.999691
42106: 0.999691
42107: 0.999691
42108: 0.999691
42109: 0.999691
42110: 0.999691
42111: 0.999691
42112: 0.999691
42113: 0.999691
42114: 0.999691
42115: 0.999691
42116: 0.999691
42117: 0.999691
42118: 0.999691
42119: 0.999691
42120: 0.999691
42121: 0.999691
42122: 0.999691
42123: 0.999691
42124: 0.999691
42125: 0.999691
42126: 0.999691
42127: 0.999691
42128: 0.999691
42129: 0.999691
42130: 0.999691
42131: 0.999691
42132: 0.999691
42133: 0.999691
42134: 0.999691
42135: 0.999691
42136: 0.999691
42137: 0.999691
42138: 0.999691
42139: 0.999692
42140: 0.999692
42141: 0.999692
42142: 0.999692
42143: 0.999692
42144: 0.999692
42145: 0.999692
42146: 0.999692
42147: 0.999692
42148: 0.999692
42149: 0.999692
42150: 0.999692
42151: 0.999692
42152: 0.999692
42153: 0.999692
42154: 0.999692
42155: 0.999692
42156: 0.999692
42157: 0.999692
42158: 0.999692
42159: 0.999692
42160: 0.999692
42161: 0.999692
42162: 0.999692
42163: 0.999692
42164: 0.999692
42165: 0.999692
42166: 0.999692
42167: 0.999692
42168: 0.999692
42169: 0.999692
42170: 0.999692
42171: 0.999692
42172: 0.999692
42173: 0.999692
42174: 0.999692
42175: 0.999692
42176: 0.999692
42177: 0.999692
42178: 0.999692
42179: 0.999692
42180: 0.999692
42181: 0.999692
42182: 0.999692
42183: 0.999692
42184: 0.999692
42185: 0.999692
42186: 0.999692
42187: 0.999692
42188: 0.999692
42189: 0.999692
42190: 0.999692
42191: 0.999692
42192: 0.999692
42193: 0.999692
42194: 0.999692
42195: 0.999692
42196: 0.999692
42197: 0.999692
42198: 0.999692
42199: 0.999692
42200: 0.999692
42201: 0.999692
42202: 0.999692
42203: 0.999692
42204: 0.999692
42205: 0.999692
42206: 0.999692
42207: 0.999692
42208: 0.999692
42209: 0.999692
42210: 0.999692
42211: 0.999692
42212: 0.999692
42213: 0.999692
42214: 0.999692
42215: 0.999692
42216: 0.999692
42217: 0.999692
42218: 0.999692
42219: 0.999692
42220: 0.999692
42221: 0.999692
42222: 0.999692
42223: 0.999692
42224: 0.999692
42225: 0.999692
42226: 0.999692
42227: 0.999692
42228: 0.999692
42229: 0.999692
42230: 0.999692
42231: 0.999692
42232: 0.999692
42233: 0.999692
42234: 0.999692
42235: 0.999692
42236: 0.999692
42237: 0.999692
42238: 0.999692
42239: 0.999692
42240: 0.999692
42241: 0.999692
42242: 0.999692
42243: 0.999692
42244: 0.999692
42245: 0.999692
42246: 0.999692
42247: 0.999692
42248: 0.999692
42249: 0.999692
42250: 0.999692
42251: 0.999692
42252: 0.999692
42253: 0.999692
42254: 0.999692
42255: 0.999692
42256: 0.999692
42257: 0.999692
42258: 0.999692
42259: 0.999692
42260: 0.999692
42261: 0.999692
42262: 0.999692
42263: 0.999692
42264: 0.999692
42265: 0.999692
42266: 0.999692
42267: 0.999692
42268: 0.999692
42269: 0.999692
42270: 0.999692
42271: 0.999692
42272: 0.999692
42273: 0.999692
42274: 0.999692
42275: 0.999692
42276: 0.999693
42277: 0.999693
42278: 0.999693
42279: 0.999693
42280: 0.999693
42281: 0.999693
42282: 0.999693
42283: 0.999693
42284: 0.999693
42285: 0.999693
42286: 0.999693
42287: 0.999693
42288: 0.999693
42289: 0.999693
42290: 0.999693
42291: 0.999693
42292: 0.999693
42293: 0.999693
42294: 0.999693
42295: 0.999693
42296: 0.999693
42297: 0.999693
42298: 0.999693
42299: 0.999693
42300: 0.999693
42301: 0.999693
42302: 0.999693
42303: 0.999693
42304: 0.999693
42305: 0.999693
42306: 0.999693
42307: 0.999693
42308: 0.999693
42309: 0.999693
42310: 0.999693
42311: 0.999693
42312: 0.999693
42313: 0.999693
42314: 0.999693
42315: 0.999693
42316: 0.999693
42317: 0.999693
42318: 0.999693
42319: 0.999693
42320: 0.999693
42321: 0.999693
42322: 0.999693
42323: 0.999693
42324: 0.999693
42325: 0.999693
42326: 0.999693
42327: 0.999693
42328: 0.999693
42329: 0.999693
42330: 0.999693
42331: 0.999693
42332: 0.999693
42333: 0.999693
42334: 0.999693
42335: 0.999693
42336: 0.999693
42337: 0.999693
42338: 0.999693
42339: 0.999693
42340: 0.999693
42341: 0.999693
42342: 0.999693
42343: 0.999693
42344: 0.999693
42345: 0.999693
42346: 0.999693
42347: 0.999693
42348: 0.999693
42349: 0.999693
42350: 0.999693
42351: 0.999693
42352: 0.999693
42353: 0.999693
42354: 0.999693
42355: 0.999693
42356: 0.999693
42357: 0.999693
42358: 0.999693
42359: 0.999693
42360: 0.999693
42361: 0.999693
42362: 0.999693
42363: 0.999693
42364: 0.999693
42365: 0.999693
42366: 0.999693
42367: 0.999693
42368: 0.999693
42369: 0.999693
42370: 0.999693
42371: 0.999693
42372: 0.999693
42373: 0.999693
42374: 0.999693
42375: 0.999693
42376: 0.999693
42377: 0.999693
42378: 0.999693
42379: 0.999693
42380: 0.999693
42381: 0.999693
42382: 0.999693
42383: 0.999693
42384: 0.999693
42385: 0.999693
42386: 0.999693
42387: 0.999693
42388: 0.999693
42389: 0.999693
42390: 0.999693
42391: 0.999693
42392: 0.999693
42393: 0.999693
42394: 0.999693
42395: 0.999693
42396: 0.999693
42397: 0.999693
42398: 0.999693
42399: 0.999693
42400: 0.999693
42401: 0.999693
42402: 0.999693
42403: 0.999693
42404: 0.999693
42405: 0.999693
42406: 0.999693
42407: 0.999693
42408: 0.999693
42409: 0.999693
42410: 0.999693
42411: 0.999693
42412: 0.999693
42413: 0.999693
42414: 0.999694
42415: 0.999694
42416: 0.999694
42417: 0.999694
42418: 0.999694
42419: 0.999694
42420: 0.999694
42421: 0.999694
42422: 0.999694
42423: 0.999694
42424: 0.999694
42425: 0.999694
42426: 0.999694
42427: 0.999694
42428: 0.999694
42429: 0.999694
42430: 0.999694
42431: 0.999694
42432: 0.999694
42433: 0.999694
42434: 0.999694
42435: 0.999694
42436: 0.999694
42437: 0.999694
42438: 0.999694
42439: 0.999694
42440: 0.999694
42441: 0.999694
42442: 0.999694
42443: 0.999694
42444: 0.999694
42445: 0.999694
42446: 0.999694
42447: 0.999694
42448: 0.999694
42449: 0.999694
42450: 0.999694
42451: 0.999694
42452: 0.999694
42453: 0.999694
42454: 0.999694
42455: 0.999694
42456: 0.999694
42457: 0.999694
42458: 0.999694
42459: 0.999694
42460: 0.999694
42461: 0.999694
42462: 0.999694
42463: 0.999694
42464: 0.999694
42465: 0.999694
42466: 0.999694
42467: 0.999694
42468: 0.999694
42469: 0.999694
42470: 0.999694
42471: 0.999694
42472: 0.999694
42473: 0.999694
42474: 0.999694
42475: 0.999694
42476: 0.999694
42477: 0.999694
42478: 0.999694
42479: 0.999694
42480: 0.999694
42481: 0.999694
42482: 0.999694
42483: 0.999694
42484: 0.999694
42485: 0.999694
42486: 0.999694
42487: 0.999694
42488: 0.999694
42489: 0.999694
42490: 0.999694
42491: 0.999694
42492: 0.999694
42493: 0.999694
42494: 0.999694
42495: 0.999694
42496: 0.999694
42497: 0.999694
42498: 0.999694
42499: 0.999694
42500: 0.999694
42501: 0.999694
42502: 0.999694
42503: 0.999694
42504: 0.999694
42505: 0.999694
42506: 0.999694
42507: 0.999694
42508: 0.999694
42509: 0.999694
42510: 0.999694
42511: 0.999694
42512: 0.999694
42513: 0.999694
42514: 0.999694
42515: 0.999694
42516: 0.999694
42517: 0.999694
42518: 0.999694
42519: 0.999694
42520: 0.999694
42521: 0.999694
42522: 0.999694
42523: 0.999694
42524: 0.999694
42525: 0.999694
42526: 0.999694
42527: 0.999694
42528: 0.999694
42529: 0.999694
42530: 0.999694
42531: 0.999694
42532: 0.999694
42533: 0.999694
42534: 0.999694
42535: 0.999694
42536: 0.999694
42537: 0.999694
42538: 0.999694
42539: 0.999694
42540: 0.999694
42541: 0.999694
42542: 0.999694
42543: 0.999694
42544: 0.999694
42545: 0.999694
42546: 0.999694
42547: 0.999694
42548: 0.999694
42549: 0.999694
42550: 0.999694
42551: 0.999694
42552: 0.999694
42553: 0.999695
42554: 0.999695
42555: 0.999695
42556: 0.999695
42557: 0.999695
42558: 0.999695
42559: 0.999695
42560: 0.999695
42561: 0.999695
42562: 0.999695
42563: 0.999695
42564: 0.999695
42565: 0.999695
42566: 0.999695
42567: 0.999695
42568: 0.999695
42569: 0.999695
42570: 0.999695
42571: 0.999695
42572: 0.999695
42573: 0.999695
42574: 0.999695
42575: 0.999695
42576: 0.999695
42577: 0.999695
42578: 0.999695
42579: 0.999695
42580: 0.999695
42581: 0.999695
42582: 0.999695
42583: 0.999695
42584: 0.999695
42585: 0.999695
42586: 0.999695
42587: 0.999695
42588: 0.999695
42589: 0.999695
42590: 0.999695
42591: 0.999695
42592: 0.999695
42593: 0.999695
42594: 0.999695
42595: 0.999695
42596: 0.999695
42597: 0.999695
42598: 0.999695
42599: 0.999695
42600: 0.999695
42601: 0.999695
42602: 0.999695
42603: 0.999695
42604: 0.999695
42605: 0.999695
42606: 0.999695
42607: 0.999695
42608: 0.999695
42609: 0.999695
42610: 0.999695
42611: 0.999695
42612: 0.999695
42613: 0.999695
42614: 0.999695
42615: 0.999695
42616: 0.999695
42617: 0.999695
42618: 0.999695
42619: 0.999695
42620: 0.999695
42621: 0.999695
42622: 0.999695
42623: 0.999695
42624: 0.999695
42625: 0.999695
42626: 0.999695
42627: 0.999695
42628: 0.999695
42629: 0.999695
42630: 0.999695
42631: 0.999695
42632: 0.999695
42633: 0.999695
42634: 0.999695
42635: 0.999695
42636: 0.999695
42637: 0.999695
42638: 0.999695
42639: 0.999695
42640: 0.999695
42641: 0.999695
42642: 0.999695
42643: 0.999695
42644: 0.999695
42645: 0.999695
42646: 0.999695
42647: 0.999695
42648: 0.999695
42649: 0.999695
42650: 0.999695
42651: 0.999695
42652: 0.999695
42653: 0.999695
42654: 0.999695
42655: 0.999695
42656: 0.999695
42657: 0.999695
42658: 0.999695
42659: 0.999695
42660: 0.999695
42661: 0.999695
42662: 0.999695
42663: 0.999695
42664: 0.999695
42665: 0.999695
42666: 0.999695
42667: 0.999695
42668: 0.999695
42669: 0.999695
42670: 0.999695
42671: 0.999695
42672: 0.999695
42673: 0.999695
42674: 0.999695
42675: 0.999695
42676: 0.999695
42677: 0.999695
42678: 0.999695
42679: 0.999695
42680: 0.999695
42681: 0.999695
42682: 0.999695
42683: 0.999695
42684: 0.999695
42685: 0.999695
42686: 0.999695
42687: 0.999695
42688: 0.999695
42689: 0.999695
42690: 0.999695
42691: 0.999695
42692: 0.999696
42693: 0.999696
42694: 0.999696
42695: 0.999696
42696: 0.999696
42697: 0.999696
42698: 0.999696
42699: 0.999696
42700: 0.999696
42701: 0.999696
42702: 0.999696
42703: 0.999696
42704: 0.999696
42705: 0.999696
42706: 0.999696
42707: 0.999696
42708: 0.999696
42709: 0.999696
42710: 0.999696
42711: 0.999696
42712: 0.999696
42713: 0.999696
42714: 0.999696
42715: 0.999696
42716: 0.999696
42717: 0.999696
42718: 0.999696
42719: 0.999696
42720: 0.999696
42721: 0.999696
42722: 0.999696
42723: 0.999696
42724: 0.999696
42725: 0.999696
42726: 0.999696
42727: 0.999696
42728: 0.999696
42729: 0.999696
42730: 0.999696
42731: 0.999696
42732: 0.999696
42733: 0.999696
42734: 0.999696
42735: 0.999696
42736: 0.999696
42737: 0.999696
42738: 0.999696
42739: 0.999696
42740: 0.999696
42741: 0.999696
42742: 0.999696
42743: 0.999696
42744: 0.999696
42745: 0.999696
42746: 0.999696
42747: 0.999696
42748: 0.999696
42749: 0.999696
42750: 0.999696
42751: 0.999696
42752: 0.999696
42753: 0.999696
42754: 0.999696
42755: 0.999696
42756: 0.999696
42757: 0.999696
42758: 0.999696
42759: 0.999696
42760: 0.999696
42761: 0.999696
42762: 0.999696
42763: 0.999696
42764: 0.999696
42765: 0.999696
42766: 0.999696
42767: 0.999696
42768: 0.999696
42769: 0.999696
42770: 0.999696
42771: 0.999696
42772: 0.999696
42773: 0.999696
42774: 0.999696
42775: 0.999696
42776: 0.999696
42777: 0.999696
42778: 0.999696
42779: 0.999696
42780: 0.999696
42781: 0.999696
42782: 0.999696
42783: 0.999696
42784: 0.999696
42785: 0.999696
42786: 0.999696
42787: 0.999696
42788: 0.999696
42789: 0.999696
42790: 0.999696
42791: 0.999696
42792: 0.999696
42793: 0.999696
42794: 0.999696
42795: 0.999696
42796: 0.999696
42797: 0.999696
42798: 0.999696
42799: 0.999696
42800: 0.999696
42801: 0.999696
42802: 0.999696
42803: 0.999696
42804: 0.999696
42805: 0.999696
42806: 0.999696
42807: 0.999696
42808: 0.999696
42809: 0.999696
42810: 0.999696
42811: 0.999696
42812: 0.999696
42813: 0.999696
42814: 0.999696
42815: 0.999696
42816: 0.999696
42817: 0.999696
42818: 0.999696
42819: 0.999696
42820: 0.999696
42821: 0.999696
42822: 0.999696
42823: 0.999696
42824: 0.999696
42825: 0.999696
42826: 0.999696
42827: 0.999696
42828: 0.999696
42829: 0.999696
42830: 0.999696
42831: 0.999696
42832: 0.999696
42833: 0.999697
42834: 0.999697
42835: 0.999697
42836: 0.999697
42837: 0.999697
42838: 0.999697
42839: 0.999697
42840: 0.999697
42841: 0.999697
42842: 0.999697
42843: 0.999697
42844: 0.999697
42845: 0.999697
42846: 0.999697
42847: 0.999697
42848: 0.999697
42849: 0.999697
42850: 0.999697
42851: 0.999697
42852: 0.999697
42853: 0.999697
42854: 0.999697
42855: 0.999697
42856: 0.999697
42857: 0.999697
42858: 0.999697
42859: 0.999697
42860: 0.999697
42861: 0.999697
42862: 0.999697
42863: 0.999697
42864: 0.999697
42865: 0.999697
42866: 0.999697
42867: 0.999697
42868: 0.999697
42869: 0.999697
42870: 0.999697
42871: 0.999697
42872: 0.999697
42873: 0.999697
42874: 0.999697
42875: 0.999697
42876: 0.999697
42877: 0.999697
42878: 0.999697
42879: 0.999697
42880: 0.999697
42881: 0.999697
42882: 0.999697
42883: 0.999697
42884: 0.999697
42885: 0.999697
42886: 0.999697
42887: 0.999697
42888: 0.999697
42889: 0.999697
42890: 0.999697
42891: 0.999697
42892: 0.999697
42893: 0.999697
42894: 0.999697
42895: 0.999697
42896: 0.999697
42897: 0.999697
42898: 0.999697
42899: 0.999697
42900: 0.999697
42901: 0.999697
42902: 0.999697
42903: 0.999697
42904: 0.999697
42905: 0.999697
42906: 0.999697
42907: 0.999697
42908: 0.999697
42909: 0.999697
42910: 0.999697
42911: 0.999697
42912: 0.999697
42913: 0.999697
42914: 0.999697
42915: 0.999697
42916: 0.999697
42917: 0.999697
42918: 0.999697
42919: 0.999697
42920: 0.999697
42921: 0.999697
42922: 0.999697
42923: 0.999697
42924: 0.999697
42925: 0.999697
42926: 0.999697
42927: 0.999697
42928: 0.999697
42929: 0.999697
42930: 0.999697
42931: 0.999697
42932: 0.999697
42933: 0.999697
42934: 0.999697
42935: 0.999697
42936: 0.999697
42937: 0.999697
42938: 0.999697
42939: 0.999697
42940: 0.999697
42941: 0.999697
42942: 0.999697
42943: 0.999697
42944: 0.999697
42945: 0.999697
42946: 0.999697
42947: 0.999697
42948: 0.999697
42949: 0.999697
42950: 0.999697
42951: 0.999697
42952: 0.999697
42953: 0.999697
42954: 0.999697
42955: 0.999697
42956: 0.999697
42957: 0.999697
42958: 0.999697
42959: 0.999697
42960: 0.999697
42961: 0.999697
42962: 0.999697
42963: 0.999697
42964: 0.999697
42965: 0.999697
42966: 0.999697
42967: 0.999697
42968: 0.999697
42969: 0.999697
42970: 0.999697
42971: 0.999697
42972: 0.999697
42973: 0.999697
42974: 0.999697
42975: 0.999698
42976: 0.999698
42977: 0.999698
42978: 0.999698
42979: 0.999698
42980: 0.999698
42981: 0.999698
42982: 0.999698
42983: 0.999698
42984: 0.999698
42985: 0.999698
42986: 0.999698
42987: 0.999698
42988: 0.999698
42989: 0.999698
42990: 0.999698
42991: 0.999698
42992: 0.999698
42993: 0.999698
42994: 0.999698
42995: 0.999698
42996: 0.999698
42997: 0.999698
42998: 0.999698
42999: 0.999698
43000: 0.999698
43001: 0.999698
43002: 0.999698
43003: 0.999698
43004: 0.999698
43005: 0.999698
43006: 0.999698
43007: 0.999698
43008: 0.999698
43009: 0.999698
43010: 0.999698
43011: 0.999698
43012: 0.999698
43013: 0.999698
43014: 0.999698
43015: 0.999698
43016: 0.999698
43017: 0.999698
43018: 0.999698
43019: 0.999698
43020: 0.999698
43021: 0.999698
43022: 0.999698
43023: 0.999698
43024: 0.999698
43025: 0.999698
43026: 0.999698
43027: 0.999698
43028: 0.999698
43029: 0.999698
43030: 0.999698
43031: 0.999698
43032: 0.999698
43033: 0.999698
43034: 0.999698
43035: 0.999698
43036: 0.999698
43037: 0.999698
43038: 0.999698
43039: 0.999698
43040: 0.999698
43041: 0.999698
43042: 0.999698
43043: 0.999698
43044: 0.999698
43045: 0.999698
43046: 0.999698
43047: 0.999698
43048: 0.999698
43049: 0.999698
43050: 0.999698
43051: 0.999698
43052: 0.999698
43053: 0.999698
43054: 0.999698
43055: 0.999698
43056: 0.999698
43057: 0.999698
43058: 0.999698
43059: 0.999698
43060: 0.999698
43061: 0.999698
43062: 0.999698
43063: 0.999698
43064: 0.999698
43065: 0.999698
43066: 0.999698
43067: 0.999698
43068: 0.999698
43069: 0.999698
43070: 0.999698
43071: 0.999698
43072: 0.999698
43073: 0.999698
43074: 0.999698
43075: 0.999698
43076: 0.999698
43077: 0.999698
43078: 0.999698
43079: 0.999698
43080: 0.999698
43081: 0.999698
43082: 0.999698
43083: 0.999698
43084: 0.999698
43085: 0.999698
43086: 0.999698
43087: 0.999698
43088: 0.999698
43089: 0.999698
43090: 0.999698
43091: 0.999698
43092: 0.999698
43093: 0.999698
43094: 0.999698
43095: 0.999698
43096: 0.999698
43097: 0.999698
43098: 0.999698
43099: 0.999698
43100: 0.999698
43101: 0.999698
43102: 0.999698
43103: 0.999698
43104: 0.999698
43105: 0.999698
43106: 0.999698
43107: 0.999698
43108: 0.999698
43109: 0.999698
43110: 0.999698
43111: 0.999698
43112: 0.999698
43113: 0.999698
43114: 0.999698
43115: 0.999698
43116: 0.999698
43117: 0.999699
43118: 0.999699
43119: 0.999699
43120: 0.999699
43121: 0.999699
43122: 0.999699
43123: 0.999699
43124: 0.999699
43125: 0.999699
43126: 0.999699
43127: 0.999699
43128: 0.999699
43129: 0.999699
43130: 0.999699
43131: 0.999699
43132: 0.999699
43133: 0.999699
43134: 0.999699
43135: 0.999699
43136: 0.999699
43137: 0.999699
43138: 0.999699
43139: 0.999699
43140: 0.999699
43141: 0.999699
43142: 0.999699
43143: 0.999699
43144: 0.999699
43145: 0.999699
43146: 0.999699
43147: 0.999699
43148: 0.999699
43149: 0.999699
43150: 0.999699
43151: 0.999699
43152: 0.999699
43153: 0.999699
43154: 0.999699
43155: 0.999699
43156: 0.999699
43157: 0.999699
43158: 0.999699
43159: 0.999699
43160: 0.999699
43161: 0.999699
43162: 0.999699
43163: 0.999699
43164: 0.999699
43165: 0.999699
43166: 0.999699
43167: 0.999699
43168: 0.999699
43169: 0.999699
43170: 0.999699
43171: 0.999699
43172: 0.999699
43173: 0.999699
43174: 0.999699
43175: 0.999699
43176: 0.999699
43177: 0.999699
43178: 0.999699
43179: 0.999699
43180: 0.999699
43181: 0.999699
43182: 0.999699
43183: 0.999699
43184: 0.999699
43185: 0.999699
43186: 0.999699
43187: 0.999699
43188: 0.999699
43189: 0.999699
43190: 0.999699
43191: 0.999699
43192: 0.999699
43193: 0.999699
43194: 0.999699
43195: 0.999699
43196: 0.999699
43197: 0.999699
43198: 0.999699
43199: 0.999699
43200: 0.999699
43201: 0.999699
43202: 0.999699
43203: 0.999699
43204: 0.999699
43205: 0.999699
43206: 0.999699
43207: 0.999699
43208: 0.999699
43209: 0.999699
43210: 0.999699
43211: 0.999699
43212: 0.999699
43213: 0.999699
43214: 0.999699
43215: 0.999699
43216: 0.999699
43217: 0.999699
43218: 0.999699
43219: 0.999699
43220: 0.999699
43221: 0.999699
43222: 0.999699
43223: 0.999699
43224: 0.999699
43225: 0.999699
43226: 0.999699
43227: 0.999699
43228: 0.999699
43229: 0.999699
43230: 0.999699
43231: 0.999699
43232: 0.999699
43233: 0.999699
43234: 0.999699
43235: 0.999699
43236: 0.999699
43237: 0.999699
43238: 0.999699
43239: 0.999699
43240: 0.999699
43241: 0.999699
43242: 0.999699
43243: 0.999699
43244: 0.999699
43245: 0.999699
43246: 0.999699
43247: 0.999699
43248: 0.999699
43249: 0.999699
43250: 0.999699
43251: 0.999699
43252: 0.999699
43253: 0.999699
43254: 0.999699
43255: 0.999699
43256: 0.999699
43257: 0.999699
43258: 0.999699
43259: 0.999699
43260: 0.999699
43261: 0.9997
43262: 0.9997
43263: 0.9997
43264: 0.9997
43265: 0.9997
43266: 0.9997
43267: 0.9997
43268: 0.9997
43269: 0.9997
43270: 0.9997
43271: 0.9997
43272: 0.9997
43273: 0.9997
43274: 0.9997
43275: 0.9997
43276: 0.9997
43277: 0.9997
43278: 0.9997
43279: 0.9997
43280: 0.9997
43281: 0.9997
43282: 0.9997
43283: 0.9997
43284: 0.9997
43285: 0.9997
43286: 0.9997
43287: 0.9997
43288: 0.9997
43289: 0.9997
43290: 0.9997
43291: 0.9997
43292: 0.9997
43293: 0.9997
43294: 0.9997
43295: 0.9997
43296: 0.9997
43297: 0.9997
43298: 0.9997
43299: 0.9997
43300: 0.9997
43301: 0.9997
43302: 0.9997
43303: 0.9997
43304: 0.9997
43305: 0.9997
43306: 0.9997
43307: 0.9997
43308: 0.9997
43309: 0.9997
43310: 0.9997
43311: 0.9997
43312: 0.9997
43313: 0.9997
43314: 0.9997
43315: 0.9997
43316: 0.9997
43317: 0.9997
43318: 0.9997
43319: 0.9997
43320: 0.9997
43321: 0.9997
43322: 0.9997
43323: 0.9997
43324: 0.9997
43325: 0.9997
43326: 0.9997
43327: 0.9997
43328: 0.9997
43329: 0.9997
43330: 0.9997
43331: 0.9997
43332: 0.9997
43333: 0.9997
43334: 0.9997
43335: 0.9997
43336: 0.9997
43337: 0.9997
43338: 0.9997
43339: 0.9997
43340: 0.9997
43341: 0.9997
43342: 0.9997
43343: 0.9997
43344: 0.9997
43345: 0.9997
43346: 0.9997
43347: 0.9997
43348: 0.9997
43349: 0.9997
43350: 0.9997
43351: 0.9997
43352: 0.9997
43353: 0.9997
43354: 0.9997
43355: 0.9997
43356: 0.9997
43357: 0.9997
43358: 0.9997
43359: 0.9997
43360: 0.9997
43361: 0.9997
43362: 0.9997
43363: 0.9997
43364: 0.9997
43365: 0.9997
43366: 0.9997
43367: 0.9997
43368: 0.9997
43369: 0.9997
43370: 0.9997
43371: 0.9997
43372: 0.9997
43373: 0.9997
43374: 0.9997
43375: 0.9997
43376: 0.9997
43377: 0.9997
43378: 0.9997
43379: 0.9997
43380: 0.9997
43381: 0.9997
43382: 0.9997
43383: 0.9997
43384: 0.9997
43385: 0.9997
43386: 0.9997
43387: 0.9997
43388: 0.9997
43389: 0.9997
43390: 0.9997
43391: 0.9997
43392: 0.9997
43393: 0.9997
43394: 0.9997
43395: 0.9997
43396: 0.9997
43397: 0.9997
43398: 0.9997
43399: 0.9997
43400: 0.9997
43401: 0.9997
43402: 0.9997
43403: 0.9997
43404: 0.9997
43405: 0.999701
43406: 0.999701
43407: 0.999701
43408: 0.999701
43409: 0.999701
43410: 0.999701
43411: 0.999701
43412: 0.999701
43413: 0.999701
43414: 0.999701
43415: 0.999701
43416: 0.999701
43417: 0.999701
43418: 0.999701
43419: 0.999701
43420: 0.999701
43421: 0.999701
43422: 0.999701
43423: 0.999701
43424: 0.999701
43425: 0.999701
43426: 0.999701
43427: 0.999701
43428: 0.999701
43429: 0.999701
43430: 0.999701
43431: 0.999701
43432: 0.999701
43433: 0.999701
43434: 0.999701
43435: 0.999701
43436: 0.999701
43437: 0.999701
43438: 0.999701
43439: 0.999701
43440: 0.999701
43441: 0.999701
43442: 0.999701
43443: 0.999701
43444: 0.999701
43445: 0.999701
43446: 0.999701
43447: 0.999701
43448: 0.999701
43449: 0.999701
43450: 0.999701
43451: 0.999701
43452: 0.999701
43453: 0.999701
43454: 0.999701
43455: 0.999701
43456: 0.999701
43457: 0.999701
43458: 0.999701
43459: 0.999701
43460: 0.999701
43461: 0.999701
43462: 0.999701
43463: 0.999701
43464: 0.999701
43465: 0.999701
43466: 0.999701
43467: 0.999701
43468: 0.999701
43469: 0.999701
43470: 0.999701
43471: 0.999701
43472: 0.999701
43473: 0.999701
43474: 0.999701
43475: 0.999701
43476: 0.999701
43477: 0.999701
43478: 0.999701
43479: 0.999701
43480: 0.999701
43481: 0.999701
43482: 0.999701
43483: 0.999701
43484: 0.999701
43485: 0.999701
43486: 0.999701
43487: 0.999701
43488: 0.999701
43489: 0.999701
43490: 0.999701
43491: 0.999701
43492: 0.999701
43493: 0.999701
43494: 0.999701
43495: 0.999701
43496: 0.999701
43497: 0.999701
43498: 0.999701
43499: 0.999701
43500: 0.999701
43501: 0.999701
43502: 0.999701
43503: 0.999701
43504: 0.999701
43505: 0.999701
43506: 0.999701
43507: 0.999701
43508: 0.999701
43509: 0.999701
43510: 0.999701
43511: 0.999701
43512: 0.999701
43513: 0.999701
43514: 0.999701
43515: 0.999701
43516: 0.999701
43517: 0.999701
43518: 0.999701
43519: 0.999701
43520: 0.999701
43521: 0.999701
43522: 0.999701
43523: 0.999701
43524: 0.999701
43525: 0.999701
43526: 0.999701
43527: 0.999701
43528: 0.999701
43529: 0.999701
43530: 0.999701
43531: 0.999701
43532: 0.999701
43533: 0.999701
43534: 0.999701
43535: 0.999701
43536: 0.999701
43537: 0.999701
43538: 0.999701
43539: 0.999701
43540: 0.999701
43541: 0.999701
43542: 0.999701
43543: 0.999701
43544: 0.999701
43545: 0.999701
43546: 0.999701
43547: 0.999701
43548: 0.999701
43549: 0.999701
43550: 0.999701
43551: 0.999702
43552: 0.999702
43553: 0.999702
43554: 0.999702
43555: 0.999702
43556: 0.999702
43557: 0.999702
43558: 0.999702
43559: 0.999702
43560: 0.999702
43561: 0.999702
43562: 0.999702
43563: 0.999702
43564: 0.999702
43565: 0.999702
43566: 0.999702
43567: 0.999702
43568: 0.999702
43569: 0.999702
43570: 0.999702
43571: 0.999702
43572: 0.999702
43573: 0.999702
43574: 0.999702
43575: 0.999702
43576: 0.999702
43577: 0.999702
43578: 0.999702
43579: 0.999702
43580: 0.999702
43581: 0.999702
43582: 0.999702
43583: 0.999702
43584: 0.999702
43585: 0.999702
43586: 0.999702
43587: 0.999702
43588: 0.999702
43589: 0.999702
43590: 0.999702
43591: 0.999702
43592: 0.999702
43593: 0.999702
43594: 0.999702
43595: 0.999702
43596: 0.999702
43597: 0.999702
43598: 0.999702
43599: 0.999702
43600: 0.999702
43601: 0.999702
43602: 0.999702
43603: 0.999702
43604: 0.999702
43605: 0.999702
43606: 0.999702
43607: 0.999702
43608: 0.999702
43609: 0.999702
43610: 0.999702
43611: 0.999702
43612: 0.999702
43613: 0.999702
43614: 0.999702
43615: 0.999702
43616: 0.999702
43617: 0.999702
43618: 0.999702
43619: 0.999702
43620: 0.999702
43621: 0.999702
43622: 0.999702
43623: 0.999702
43624: 0.999702
43625: 0.999702
43626: 0.999702
43627: 0.999702
43628: 0.999702
43629: 0.999702
43630: 0.999702
43631: 0.999702
43632: 0.999702
43633: 0.999702
43634: 0.999702
43635: 0.999702
43636: 0.999702
43637: 0.999702
43638: 0.999702
43639: 0.999702
43640: 0.999702
43641: 0.999702
43642: 0.999702
43643: 0.999702
43644: 0.999702
43645: 0.999702
43646: 0.999702
43647: 0.999702
43648: 0.999702
43649: 0.999702
43650: 0.999702
43651: 0.999702
43652: 0.999702
43653: 0.999702
43654: 0.999702
43655: 0.999702
43656: 0.999702
43657: 0.999702
43658: 0.999702
43659: 0.999702
43660: 0.999702
43661: 0.999702
43662: 0.999702
43663: 0.999702
43664: 0.999702
43665: 0.999702
43666: 0.999702
43667: 0.999702
43668: 0.999702
43669: 0.999702
43670: 0.999702
43671: 0.999702
43672: 0.999702
43673: 0.999702
43674: 0.999702
43675: 0.999702
43676: 0.999702
43677: 0.999702
43678: 0.999702
43679: 0.999702
43680: 0.999702
43681: 0.999702
43682: 0.999702
43683: 0.999702
43684: 0.999702
43685: 0.999702
43686: 0.999702
43687: 0.999702
43688: 0.999702
43689: 0.999702
43690: 0.999702
43691: 0.999702
43692: 0.999702
43693: 0.999702
43694: 0.999702
43695: 0.999702
43696: 0.999702
43697: 0.999703
43698: 0.999703
43699: 0.999703
43700: 0.999703
43701: 0.999703
43702: 0.999703
43703: 0.999703
43704: 0.999703
43705: 0.999703
43706: 0.999703
43707: 0.999703
43708: 0.999703
43709: 0.999703
43710: 0.999703
43711: 0.999703
43712: 0.999703
43713: 0.999703
43714: 0.999703
43715: 0.999703
43716: 0.999703
43717: 0.999703
43718: 0.999703
43719: 0.999703
43720: 0.999703
43721: 0.999703
43722: 0.999703
43723: 0.999703
43724: 0.999703
43725: 0.999703
43726: 0.999703
43727: 0.999703
43728: 0.999703
43729: 0.999703
43730: 0.999703
43731: 0.999703
43732: 0.999703
43733: 0.999703
43734: 0.999703
43735: 0.999703
43736: 0.999703
43737: 0.999703
43738: 0.999703
43739: 0.999703
43740: 0.999703
43741: 0.999703
43742: 0.999703
43743: 0.999703
43744: 0.999703
43745: 0.999703
43746: 0.999703
43747: 0.999703
43748: 0.999703
43749: 0.999703
43750: 0.999703
43751: 0.999703
43752: 0.999703
43753: 0.999703
43754: 0.999703
43755: 0.999703
43756: 0.999703
43757: 0.999703
43758: 0.999703
43759: 0.999703
43760: 0.999703
43761: 0.999703
43762: 0.999703
43763: 0.999703
43764: 0.999703
43765: 0.999703
43766: 0.999703
43767: 0.999703
43768: 0.999703
43769: 0.999703
43770: 0.999703
43771: 0.999703
43772: 0.999703
43773: 0.999703
43774: 0.999703
43775: 0.999703
43776: 0.999703
43777: 0.999703
43778: 0.999703
43779: 0.999703
43780: 0.999703
43781: 0.999703
43782: 0.999703
43783: 0.999703
43784: 0.999703
43785: 0.999703
43786: 0.999703
43787: 0.999703
43788: 0.999703
43789: 0.999703
43790: 0.999703
43791: 0.999703
43792: 0.999703
43793: 0.999703
43794: 0.999703
43795: 0.999703
43796: 0.999703
43797: 0.999703
43798: 0.999703
43799: 0.999703
43800: 0.999703
43801: 0.999703
43802: 0.999703
43803: 0.999703
43804: 0.999703
43805: 0.999703
43806: 0.999703
43807: 0.999703
43808: 0.999703
43809: 0.999703
43810: 0.999703
43811: 0.999703
43812: 0.999703
43813: 0.999703
43814: 0.999703
43815: 0.999703
43816: 0.999703
43817: 0.999703
43818: 0.999703
43819: 0.999703
43820: 0.999703
43821: 0.999703
43822: 0.999703
43823: 0.999703
43824: 0.999703
43825: 0.999703
43826: 0.999703
43827: 0.999703
43828: 0.999703
43829: 0.999703
43830: 0.999703
43831: 0.999703
43832: 0.999703
43833: 0.999703
43834: 0.999703
43835: 0.999703
43836: 0.999703
43837: 0.999703
43838: 0.999703
43839: 0.999703
43840: 0.999703
43841: 0.999703
43842: 0.999703
43843: 0.999703
43844: 0.999704
43845: 0.999704
43846: 0.999704
43847: 0.999704
43848: 0.999704
43849: 0.999704
43850: 0.999704
43851: 0.999704
43852: 0.999704
43853: 0.999704
43854: 0.999704
43855: 0.999704
43856: 0.999704
43857: 0.999704
43858: 0.999704
43859: 0.999704
43860: 0.999704
43861: 0.999704
43862: 0.999704
43863: 0.999704
43864: 0.999704
43865: 0.999704
43866: 0.999704
43867: 0.999704
43868: 0.999704
43869: 0.999704
43870: 0.999704
43871: 0.999704
43872: 0.999704
43873: 0.999704
43874: 0.999704
43875: 0.999704
43876: 0.999704
43877: 0.999704
43878: 0.999704
43879: 0.999704
43880: 0.999704
43881: 0.999704
43882: 0.999704
43883: 0.999704
43884: 0.999704
43885: 0.999704
43886: 0.999704
43887: 0.999704
43888: 0.999704
43889: 0.999704
43890: 0.999704
43891: 0.999704
43892: 0.999704
43893: 0.999704
43894: 0.999704
43895: 0.999704
43896: 0.999704
43897: 0.999704
43898: 0.999704
43899: 0.999704
43900: 0.999704
43901: 0.999704
43902: 0.999704
43903: 0.999704
43904: 0.999704
43905: 0.999704
43906: 0.999704
43907: 0.999704
43908: 0.999704
43909: 0.999704
43910: 0.999704
43911: 0.999704
43912: 0.999704
43913: 0.999704
43914: 0.999704
43915: 0.999704
43916: 0.999704
43917: 0.999704
43918: 0.999704
43919: 0.999704
43920: 0.999704
43921: 0.999704
43922: 0.999704
43923: 0.999704
43924: 0.999704
43925: 0.999704
43926: 0.999704
43927: 0.999704
43928: 0.999704
43929: 0.999704
43930: 0.999704
43931: 0.999704
43932: 0.999704
43933: 0.999704
43934: 0.999704
43935: 0.999704
43936: 0.999704
43937: 0.999704
43938: 0.999704
43939: 0.999704
43940: 0.999704
43941: 0.999704
43942: 0.999704
43943: 0.999704
43944: 0.999704
43945: 0.999704
43946: 0.999704
43947: 0.999704
43948: 0.999704
43949: 0.999704
43950: 0.999704
43951: 0.999704
43952: 0.999704
43953: 0.999704
43954: 0.999704
43955: 0.999704
43956: 0.999704
43957: 0.999704
43958: 0.999704
43959: 0.999704
43960: 0.999704
43961: 0.999704
43962: 0.999704
43963: 0.999704
43964: 0.999704
43965: 0.999704
43966: 0.999704
43967: 0.999704
43968: 0.999704
43969: 0.999704
43970: 0.999704
43971: 0.999704
43972: 0.999704
43973: 0.999704
43974: 0.999704
43975: 0.999704
43976: 0.999704
43977: 0.999704
43978: 0.999704
43979: 0.999704
43980: 0.999704
43981: 0.999704
43982: 0.999704
43983: 0.999704
43984: 0.999704
43985: 0.999704
43986: 0.999704
43987: 0.999704
43988: 0.999704
43989: 0.999704
43990: 0.999704
43991: 0.999704
43992: 0.999704
43993: 0.999705
43994: 0.999705
43995: 0.999705
43996: 0.999705
43997: 0.999705
43998: 0.999705
43999: 0.999705
44000: 0.999705
44001: 0.999705
44002: 0.999705
44003: 0.999705
44004: 0.999705
44005: 0.999705
44006: 0.999705
44007: 0.999705
44008: 0.999705
44009: 0.999705
44010: 0.999705
44011: 0.999705
44012: 0.999705
44013: 0.999705
44014: 0.999705
44015: 0.999705
44016: 0.999705
44017: 0.999705
44018: 0.999705
44019: 0.999705
44020: 0.999705
44021: 0.999705
44022: 0.999705
44023: 0.999705
44024: 0.999705
44025: 0.999705
44026: 0.999705
44027: 0.999705
44028: 0.999705
44029: 0.999705
44030: 0.999705
44031: 0.999705
44032: 0.999705
44033: 0.999705
44034: 0.999705
44035: 0.999705
44036: 0.999705
44037: 0.999705
44038: 0.999705
44039: 0.999705
44040: 0.999705
44041: 0.999705
44042: 0.999705
44043: 0.999705
44044: 0.999705
44045: 0.999705
44046: 0.999705
44047: 0.999705
44048: 0.999705
44049: 0.999705
44050: 0.999705
44051: 0.999705
44052: 0.999705
44053: 0.999705
44054: 0.999705
44055: 0.999705
44056: 0.999705
44057: 0.999705
44058: 0.999705
44059: 0.999705
44060: 0.999705
44061: 0.999705
44062: 0.999705
44063: 0.999705
44064: 0.999705
44065: 0.999705
44066: 0.999705
44067: 0.999705
44068: 0.999705
44069: 0.999705
44070: 0.999705
44071: 0.999705
44072: 0.999705
44073: 0.999705
44074: 0.999705
44075: 0.999705
44076: 0.999705
44077: 0.999705
44078: 0.999705
44079: 0.999705
44080: 0.999705
44081: 0.999705
44082: 0.999705
44083: 0.999705
44084: 0.999705
44085: 0.999705
44086: 0.999705
44087: 0.999705
44088: 0.999705
44089: 0.999705
44090: 0.999705
44091: 0.999705
44092: 0.999705
44093: 0.999705
44094: 0.999705
44095: 0.999705
44096: 0.999705
44097: 0.999705
44098: 0.999705
44099: 0.999705
44100: 0.999705
44101: 0.999705
44102: 0.999705
44103: 0.999705
44104: 0.999705
44105: 0.999705
44106: 0.999705
44107: 0.999705
44108: 0.999705
44109: 0.999705
44110: 0.999705
44111: 0.999705
44112: 0.999705
44113: 0.999705
44114: 0.999705
44115: 0.999705
44116: 0.999705
44117: 0.999705
44118: 0.999705
44119: 0.999705
44120: 0.999705
44121: 0.999705
44122: 0.999705
44123: 0.999705
44124: 0.999705
44125: 0.999705
44126: 0.999705
44127: 0.999705
44128: 0.999705
44129: 0.999705
44130: 0.999705
44131: 0.999705
44132: 0.999705
44133: 0.999705
44134: 0.999705
44135: 0.999705
44136: 0.999705
44137: 0.999705
44138: 0.999705
44139: 0.999705
44140: 0.999705
44141: 0.999705
44142: 0.999706
44143: 0.999706
44144: 0.999706
44145: 0.999706
44146: 0.999706
44147: 0.999706
44148: 0.999706
44149: 0.999706
44150: 0.999706
44151: 0.999706
44152: 0.999706
44153: 0.999706
44154: 0.999706
44155: 0.999706
44156: 0.999706
44157: 0.999706
44158: 0.999706
44159: 0.999706
44160: 0.999706
44161: 0.999706
44162: 0.999706
44163: 0.999706
44164: 0.999706
44165: 0.999706
44166: 0.999706
44167: 0.999706
44168: 0.999706
44169: 0.999706
44170: 0.999706
44171: 0.999706
44172: 0.999706
44173: 0.999706
44174: 0.999706
44175: 0.999706
44176: 0.999706
44177: 0.999706
44178: 0.999706
44179: 0.999706
44180: 0.999706
44181: 0.999706
44182: 0.999706
44183: 0.999706
44184: 0.999706
44185: 0.999706
44186: 0.999706
44187: 0.999706
44188: 0.999706
44189: 0.999706
44190: 0.999706
44191: 0.999706
44192: 0.999706
44193: 0.999706
44194: 0.999706
44195: 0.999706
44196: 0.999706
44197: 0.999706
44198: 0.999706
44199: 0.999706
44200: 0.999706
44201: 0.999706
44202: 0.999706
44203: 0.999706
44204: 0.999706
44205: 0.999706
44206: 0.999706
44207: 0.999706
44208: 0.999706
44209: 0.999706
44210: 0.999706
44211: 0.999706
44212: 0.999706
44213: 0.999706
44214: 0.999706
44215: 0.999706
44216: 0.999706
44217: 0.999706
44218: 0.999706
44219: 0.999706
44220: 0.999706
44221: 0.999706
44222: 0.999706
44223: 0.999706
44224: 0.999706
44225: 0.999706
44226: 0.999706
44227: 0.999706
44228: 0.999706
44229: 0.999706
44230: 0.999706
44231: 0.999706
44232: 0.999706
44233: 0.999706
44234: 0.999706
44235: 0.999706
44236: 0.999706
44237: 0.999706
44238: 0.999706
44239: 0.999706
44240: 0.999706
44241: 0.999706
44242: 0.999706
44243: 0.999706
44244: 0.999706
44245: 0.999706
44246: 0.999706
44247: 0.999706
44248: 0.999706
44249: 0.999706
44250: 0.999706
44251: 0.999706
44252: 0.999706
44253: 0.999706
44254: 0.999706
44255: 0.999706
44256: 0.999706
44257: 0.999706
44258: 0.999706
44259: 0.999706
44260: 0.999706
44261: 0.999706
44262: 0.999706
44263: 0.999706
44264: 0.999706
44265: 0.999706
44266: 0.999706
44267: 0.999706
44268: 0.999706
44269: 0.999706
44270: 0.999706
44271: 0.999706
44272: 0.999706
44273: 0.999706
44274: 0.999706
44275: 0.999706
44276: 0.999706
44277: 0.999706
44278: 0.999706
44279: 0.999706
44280: 0.999706
44281: 0.999706
44282: 0.999706
44283: 0.999706
44284: 0.999706
44285: 0.999706
44286: 0.999706
44287: 0.999706
44288: 0.999706
44289: 0.999706
44290: 0.999706
44291: 0.999706
44292: 0.999706
44293: 0.999707
44294: 0.999707
44295: 0.999707
44296: 0.999707
44297: 0.999707
44298: 0.999707
44299: 0.999707
44300: 0.999707
44301: 0.999707
44302: 0.999707
44303: 0.999707
44304: 0.999707
44305: 0.999707
44306: 0.999707
44307: 0.999707
44308: 0.999707
44309: 0.999707
44310: 0.999707
44311: 0.999707
44312: 0.999707
44313: 0.999707
44314: 0.999707
44315: 0.999707
44316: 0.999707
44317: 0.999707
44318: 0.999707
44319: 0.999707
44320: 0.999707
44321: 0.999707
44322: 0.999707
44323: 0.999707
44324: 0.999707
44325: 0.999707
44326: 0.999707
44327: 0.999707
44328: 0.999707
44329: 0.999707
44330: 0.999707
44331: 0.999707
44332: 0.999707
44333: 0.999707
44334: 0.999707
44335: 0.999707
44336: 0.999707
44337: 0.999707
44338: 0.999707
44339: 0.999707
44340: 0.999707
44341: 0.999707
44342: 0.999707
44343: 0.999707
44344: 0.999707
44345: 0.999707
44346: 0.999707
44347: 0.999707
44348: 0.999707
44349: 0.999707
44350: 0.999707
44351: 0.999707
44352: 0.999707
44353: 0.999707
44354: 0.999707
44355: 0.999707
44356: 0.999707
44357: 0.999707
44358: 0.999707
44359: 0.999707
44360: 0.999707
44361: 0.999707
44362: 0.999707
44363: 0.999707
44364: 0.999707
44365: 0.999707
44366: 0.999707
44367: 0.999707
44368: 0.999707
44369: 0.999707
44370: 0.999707
44371: 0.999707
44372: 0.999707
44373: 0.999707
44374: 0.999707
44375: 0.999707
44376: 0.999707
44377: 0.999707
44378: 0.999707
44379: 0.999707
44380: 0.999707
44381: 0.999707
44382: 0.999707
44383: 0.999707
44384: 0.999707
44385: 0.999707
44386: 0.999707
44387: 0.999707
44388: 0.999707
44389: 0.999707
44390: 0.999707
44391: 0.999707
44392: 0.999707
44393: 0.999707
44394: 0.999707
44395: 0.999707
44396: 0.999707
44397: 0.999707
44398: 0.999707
44399: 0.999707
44400: 0.999707
44401: 0.999707
44402: 0.999707
44403: 0.999707
44404: 0.999707
44405: 0.999707
44406: 0.999707
44407: 0.999707
44408: 0.999707
44409: 0.999707
44410: 0.999707
44411: 0.999707
44412: 0.999707
44413: 0.999707
44414: 0.999707
44415: 0.999707
44416: 0.999707
44417: 0.999707
44418: 0.999707
44419: 0.999707
44420: 0.999707
44421: 0.999707
44422: 0.999707
44423: 0.999707
44424: 0.999707
44425: 0.999707
44426: 0.999707
44427: 0.999707
44428: 0.999707
44429: 0.999707
44430: 0.999707
44431: 0.999707
44432: 0.999707
44433: 0.999707
44434: 0.999707
44435: 0.999707
44436: 0.999707
44437: 0.999707
44438: 0.999707
44439: 0.999707
44440: 0.999707
44441: 0.999707
44442: 0.999707
44443: 0.999707
44444: 0.999708
44445: 0.999708
44446: 0.999708
44447: 0.999708
44448: 0.999708
44449: 0.999708
44450: 0.999708
44451: 0.999708
44452: 0.999708
44453: 0.999708
44454: 0.999708
44455: 0.999708
44456: 0.999708
44457: 0.999708
44458: 0.999708
44459: 0.999708
44460: 0.999708
44461: 0.999708
44462: 0.999708
44463: 0.999708
44464: 0.999708
44465: 0.999708
44466: 0.999708
44467: 0.999708
44468: 0.999708
44469: 0.999708
44470: 0.999708
44471: 0.999708
44472: 0.999708
44473: 0.999708
44474: 0.999708
44475: 0.999708
44476: 0.999708
44477: 0.999708
44478: 0.999708
44479: 0.999708
44480: 0.999708
44481: 0.999708
44482: 0.999708
44483: 0.999708
44484: 0.999708
44485: 0.999708
44486: 0.999708
44487: 0.999708
44488: 0.999708
44489: 0.999708
44490: 0.999708
44491: 0.999708
44492: 0.999708
44493: 0.999708
44494: 0.999708
44495: 0.999708
44496: 0.999708
44497: 0.999708
44498: 0.999708
44499: 0.999708
44500: 0.999708
44501: 0.999708
44502: 0.999708
44503: 0.999708
44504: 0.999708
44505: 0.999708
44506: 0.999708
44507: 0.999708
44508: 0.999708
44509: 0.999708
44510: 0.999708
44511: 0.999708
44512: 0.999708
44513: 0.999708
44514: 0.999708
44515: 0.999708
44516: 0.999708
44517: 0.999708
44518: 0.999708
44519: 0.999708
44520: 0.999708
44521: 0.999708
44522: 0.999708
44523: 0.999708
44524: 0.999708
44525: 0.999708
44526: 0.999708
44527: 0.999708
44528: 0.999708
44529: 0.999708
44530: 0.999708
44531: 0.999708
44532: 0.999708
44533: 0.999708
44534: 0.999708
44535: 0.999708
44536: 0.999708
44537: 0.999708
44538: 0.999708
44539: 0.999708
44540: 0.999708
44541: 0.999708
44542: 0.999708
44543: 0.999708
44544: 0.999708
44545: 0.999708
44546: 0.999708
44547: 0.999708
44548: 0.999708
44549: 0.999708
44550: 0.999708
44551: 0.999708
44552: 0.999708
44553: 0.999708
44554: 0.999708
44555: 0.999708
44556: 0.999708
44557: 0.999708
44558: 0.999708
44559: 0.999708
44560: 0.999708
44561: 0.999708
44562: 0.999708
44563: 0.999708
44564: 0.999708
44565: 0.999708
44566: 0.999708
44567: 0.999708
44568: 0.999708
44569: 0.999708
44570: 0.999708
44571: 0.999708
44572: 0.999708
44573: 0.999708
44574: 0.999708
44575: 0.999708
44576: 0.999708
44577: 0.999708
44578: 0.999708
44579: 0.999708
44580: 0.999708
44581: 0.999708
44582: 0.999708
44583: 0.999708
44584: 0.999708
44585: 0.999708
44586: 0.999708
44587: 0.999708
44588: 0.999708
44589: 0.999708
44590: 0.999708
44591: 0.999708
44592: 0.999708
44593: 0.999708
44594: 0.999708
44595: 0.999708
44596: 0.999709
44597: 0.999709
44598: 0.999709
44599: 0.999709
44600: 0.999709
44601: 0.999709
44602: 0.999709
44603: 0.999709
44604: 0.999709
44605: 0.999709
44606: 0.999709
44607: 0.999709
44608: 0.999709
44609: 0.999709
44610: 0.999709
44611: 0.999709
44612: 0.999709
44613: 0.999709
44614: 0.999709
44615: 0.999709
44616: 0.999709
44617: 0.999709
44618: 0.999709
44619: 0.999709
44620: 0.999709
44621: 0.999709
44622: 0.999709
44623: 0.999709
44624: 0.999709
44625: 0.999709
44626: 0.999709
44627: 0.999709
44628: 0.999709
44629: 0.999709
44630: 0.999709
44631: 0.999709
44632: 0.999709
44633: 0.999709
44634: 0.999709
44635: 0.999709
44636: 0.999709
44637: 0.999709
44638: 0.999709
44639: 0.999709
44640: 0.999709
44641: 0.999709
44642: 0.999709
44643: 0.999709
44644: 0.999709
44645: 0.999709
44646: 0.999709
44647: 0.999709
44648: 0.999709
44649: 0.999709
44650: 0.999709
44651: 0.999709
44652: 0.999709
44653: 0.999709
44654: 0.999709
44655: 0.999709
44656: 0.999709
44657: 0.999709
44658: 0.999709
44659: 0.999709
44660: 0.999709
44661: 0.999709
44662: 0.999709
44663: 0.999709
44664: 0.999709
44665: 0.999709
44666: 0.999709
44667: 0.999709
44668: 0.999709
44669: 0.999709
44670: 0.999709
44671: 0.999709
44672: 0.999709
44673: 0.999709
44674: 0.999709
44675: 0.999709
44676: 0.999709
44677: 0.999709
44678: 0.999709
44679: 0.999709
44680: 0.999709
44681: 0.999709
44682: 0.999709
44683: 0.999709
44684: 0.999709
44685: 0.999709
44686: 0.999709
44687: 0.999709
44688: 0.999709
44689: 0.999709
44690: 0.999709
44691: 0.999709
44692: 0.999709
44693: 0.999709
44694: 0.999709
44695: 0.999709
44696: 0.999709
44697: 0.999709
44698: 0.999709
44699: 0.999709
44700: 0.999709
44701: 0.999709
44702: 0.999709
44703: 0.999709
44704: 0.999709
44705: 0.999709
44706: 0.999709
44707: 0.999709
44708: 0.999709
44709: 0.999709
44710: 0.999709
44711: 0.999709
44712: 0.999709
44713: 0.999709
44714: 0.999709
44715: 0.999709
44716: 0.999709
44717: 0.999709
44718: 0.999709
44719: 0.999709
44720: 0.999709
44721: 0.999709
44722: 0.999709
44723: 0.999709
44724: 0.999709
44725: 0.999709
44726: 0.999709
44727: 0.999709
44728: 0.999709
44729: 0.999709
44730: 0.999709
44731: 0.999709
44732: 0.999709
44733: 0.999709
44734: 0.999709
44735: 0.999709
44736: 0.999709
44737: 0.999709
44738: 0.999709
44739: 0.999709
44740: 0.999709
44741: 0.999709
44742: 0.999709
44743: 0.999709
44744: 0.999709
44745: 0.999709
44746: 0.999709
44747: 0.999709
44748: 0.999709
44749: 0.999709
44750: 0.99971
44751: 0.99971
44752: 0.99971
44753: 0.99971
44754: 0.99971
44755: 0.99971
44756: 0.99971
44757: 0.99971
44758: 0.99971
44759: 0.99971
44760: 0.99971
44761: 0.99971
44762: 0.99971
44763: 0.99971
44764: 0.99971
44765: 0.99971
44766: 0.99971
44767: 0.99971
44768: 0.99971
44769: 0.99971
44770: 0.99971
44771: 0.99971
44772: 0.99971
44773: 0.99971
44774: 0.99971
44775: 0.99971
44776: 0.99971
44777: 0.99971
44778: 0.99971
44779: 0.99971
44780: 0.99971
44781: 0.99971
44782: 0.99971
44783: 0.99971
44784: 0.99971
44785: 0.99971
44786: 0.99971
44787: 0.99971
44788: 0.99971
44789: 0.99971
44790: 0.99971
44791: 0.99971
44792: 0.99971
44793: 0.99971
44794: 0.99971
44795: 0.99971
44796: 0.99971
44797: 0.99971
44798: 0.99971
44799: 0.99971
44800: 0.99971
44801: 0.99971
44802: 0.99971
44803: 0.99971
44804: 0.99971
44805: 0.99971
44806: 0.99971
44807: 0.99971
44808: 0.99971
44809: 0.99971
44810: 0.99971
44811: 0.99971
44812: 0.99971
44813: 0.99971
44814: 0.99971
44815: 0.99971
44816: 0.99971
44817: 0.99971
44818: 0.99971
44819: 0.99971
44820: 0.99971
44821: 0.99971
44822: 0.99971
44823: 0.99971
44824: 0.99971
44825: 0.99971
44826: 0.99971
44827: 0.99971
44828: 0.99971
44829: 0.99971
44830: 0.99971
44831: 0.99971
44832: 0.99971
44833: 0.99971
44834: 0.99971
44835: 0.99971
44836: 0.99971
44837: 0.99971
44838: 0.99971
44839: 0.99971
44840: 0.99971
44841: 0.99971
44842: 0.99971
44843: 0.99971
44844: 0.99971
44845: 0.99971
44846: 0.99971
44847: 0.99971
44848: 0.99971
44849: 0.99971
44850: 0.99971
44851: 0.99971
44852: 0.99971
44853: 0.99971
44854: 0.99971
44855: 0.99971
44856: 0.99971
44857: 0.99971
44858: 0.99971
44859: 0.99971
44860: 0.99971
44861: 0.99971
44862: 0.99971
44863: 0.99971
44864: 0.99971
44865: 0.99971
44866: 0.99971
44867: 0.99971
44868: 0.99971
44869: 0.99971
44870: 0.99971
44871: 0.99971
44872: 0.99971
44873: 0.99971
44874: 0.99971
44875: 0.99971
44876: 0.99971
44877: 0.99971
44878: 0.99971
44879: 0.99971
44880: 0.99971
44881: 0.99971
44882: 0.99971
44883: 0.99971
44884: 0.99971
44885: 0.99971
44886: 0.99971
44887: 0.99971
44888: 0.99971
44889: 0.99971
44890: 0.99971
44891: 0.99971
44892: 0.99971
44893: 0.99971
44894: 0.99971
44895: 0.99971
44896: 0.99971
44897: 0.99971
44898: 0.99971
44899: 0.99971
44900: 0.99971
44901: 0.99971
44902: 0.99971
44903: 0.99971
44904: 0.99971
44905: 0.999711
44906: 0.999711
44907: 0.999711
44908: 0.999711
44909: 0.999711
44910: 0.999711
44911: 0.999711
44912: 0.999711
44913: 0.999711
44914: 0.999711
44915: 0.999711
44916: 0.999711
44917: 0.999711
44918: 0.999711
44919: 0.999711
44920: 0.999711
44921: 0.999711
44922: 0.999711
44923: 0.999711
44924: 0.999711
44925: 0.999711
44926: 0.999711
44927: 0.999711
44928: 0.999711
44929: 0.999711
44930: 0.999711
44931: 0.999711
44932: 0.999711
44933: 0.999711
44934: 0.999711
44935: 0.999711
44936: 0.999711
44937: 0.999711
44938: 0.999711
44939: 0.999711
44940: 0.999711
44941: 0.999711
44942: 0.999711
44943: 0.999711
44944: 0.999711
44945: 0.999711
44946: 0.999711
44947: 0.999711
44948: 0.999711
44949: 0.999711
44950: 0.999711
44951: 0.999711
44952: 0.999711
44953: 0.999711
44954: 0.999711
44955: 0.999711
44956: 0.999711
44957: 0.999711
44958: 0.999711
44959: 0.999711
44960: 0.999711
44961: 0.999711
44962: 0.999711
44963: 0.999711
44964: 0.999711
44965: 0.999711
44966: 0.999711
44967: 0.999711
44968: 0.999711
44969: 0.999711
44970: 0.999711
44971: 0.999711
44972: 0.999711
44973: 0.999711
44974: 0.999711
44975: 0.999711
44976: 0.999711
44977: 0.999711
44978: 0.999711
44979: 0.999711
44980: 0.999711
44981: 0.999711
44982: 0.999711
44983: 0.999711
44984: 0.999711
44985: 0.999711
44986: 0.999711
44987: 0.999711
44988: 0.999711
44989: 0.999711
44990: 0.999711
44991: 0.999711
44992: 0.999711
44993: 0.999711
44994: 0.999711
44995: 0.999711
44996: 0.999711
44997: 0.999711
44998: 0.999711
44999: 0.999711
45000: 0.999711
45001: 0.999711
45002: 0.999711
45003: 0.999711
45004: 0.999711
45005: 0.999711
45006: 0.999711
45007: 0.999711
45008: 0.999711
45009: 0.999711
45010: 0.999711
45011: 0.999711
45012: 0.999711
45013: 0.999711
45014: 0.999711
45015: 0.999711
45016: 0.999711
45017: 0.999711
45018: 0.999711
45019: 0.999711
45020: 0.999711
45021: 0.999711
45022: 0.999711
45023: 0.999711
45024: 0.999711
45025: 0.999711
45026: 0.999711
45027: 0.999711
45028: 0.999711
45029: 0.999711
45030: 0.999711
45031: 0.999711
45032: 0.999711
45033: 0.999711
45034: 0.999711
45035: 0.999711
45036: 0.999711
45037: 0.999711
45038: 0.999711
45039: 0.999711
45040: 0.999711
45041: 0.999711
45042: 0.999711
45043: 0.999711
45044: 0.999711
45045: 0.999711
45046: 0.999711
45047: 0.999711
45048: 0.999711
45049: 0.999711
45050: 0.999711
45051: 0.999711
45052: 0.999711
45053: 0.999711
45054: 0.999711
45055: 0.999711
45056: 0.999711
45057: 0.999711
45058: 0.999711
45059: 0.999711
45060: 0.999712
45061: 0.999712
45062: 0.999712
45063: 0.999712
45064: 0.999712
45065: 0.999712
45066: 0.999712
45067: 0.999712
45068: 0.999712
45069: 0.999712
45070: 0.999712
45071: 0.999712
45072: 0.999712
45073: 0.999712
45074: 0.999712
45075: 0.999712
45076: 0.999712
45077: 0.999712
45078: 0.999712
45079: 0.999712
45080: 0.999712
45081: 0.999712
45082: 0.999712
45083: 0.999712
45084: 0.999712
45085: 0.999712
45086: 0.999712
45087: 0.999712
45088: 0.999712
45089: 0.999712
45090: 0.999712
45091: 0.999712
45092: 0.999712
45093: 0.999712
45094: 0.999712
45095: 0.999712
45096: 0.999712
45097: 0.999712
45098: 0.999712
45099: 0.999712
45100: 0.999712
45101: 0.999712
45102: 0.999712
45103: 0.999712
45104: 0.999712
45105: 0.999712
45106: 0.999712
45107: 0.999712
45108: 0.999712
45109: 0.999712
45110: 0.999712
45111: 0.999712
45112: 0.999712
45113: 0.999712
45114: 0.999712
45115: 0.999712
45116: 0.999712
45117: 0.999712
45118: 0.999712
45119: 0.999712
45120: 0.999712
45121: 0.999712
45122: 0.999712
45123: 0.999712
45124: 0.999712
45125: 0.999712
45126: 0.999712
45127: 0.999712
45128: 0.999712
45129: 0.999712
45130: 0.999712
45131: 0.999712
45132: 0.999712
45133: 0.999712
45134: 0.999712
45135: 0.999712
45136: 0.999712
45137: 0.999712
45138: 0.999712
45139: 0.999712
45140: 0.999712
45141: 0.999712
45142: 0.999712
45143: 0.999712
45144: 0.999712
45145: 0.999712
45146: 0.999712
45147: 0.999712
45148: 0.999712
45149: 0.999712
45150: 0.999712
45151: 0.999712
45152: 0.999712
45153: 0.999712
45154: 0.999712
45155: 0.999712
45156: 0.999712
45157: 0.999712
45158: 0.999712
45159: 0.999712
45160: 0.999712
45161: 0.999712
45162: 0.999712
45163: 0.999712
45164: 0.999712
45165: 0.999712
45166: 0.999712
45167: 0.999712
45168: 0.999712
45169: 0.999712
45170: 0.999712
45171: 0.999712
45172: 0.999712
45173: 0.999712
45174: 0.999712
45175: 0.999712
45176: 0.999712
45177: 0.999712
45178: 0.999712
45179: 0.999712
45180: 0.999712
45181: 0.999712
45182: 0.999712
45183: 0.999712
45184: 0.999712
45185: 0.999712
45186: 0.999712
45187: 0.999712
45188: 0.999712
45189: 0.999712
45190: 0.999712
45191: 0.999712
45192: 0.999712
45193: 0.999712
45194: 0.999712
45195: 0.999712
45196: 0.999712
45197: 0.999712
45198: 0.999712
45199: 0.999712
45200: 0.999712
45201: 0.999712
45202: 0.999712
45203: 0.999712
45204: 0.999712
45205: 0.999712
45206: 0.999712
45207: 0.999712
45208: 0.999712
45209: 0.999712
45210: 0.999712
45211: 0.999712
45212: 0.999712
45213: 0.999712
45214: 0.999712
45215: 0.999712
45216: 0.999712
45217: 0.999713
45218: 0.999713
45219: 0.999713
45220: 0.999713
45221: 0.999713
45222: 0.999713
45223: 0.999713
45224: 0.999713
45225: 0.999713
45226: 0.999713
45227: 0.999713
45228: 0.999713
45229: 0.999713
45230: 0.999713
45231: 0.999713
45232: 0.999713
45233: 0.999713
45234: 0.999713
45235: 0.999713
45236: 0.999713
45237: 0.999713
45238: 0.999713
45239: 0.999713
45240: 0.999713
45241: 0.999713
45242: 0.999713
45243: 0.999713
45244: 0.999713
45245: 0.999713
45246: 0.999713
45247: 0.999713
45248: 0.999713
45249: 0.999713
45250: 0.999713
45251: 0.999713
45252: 0.999713
45253: 0.999713
45254: 0.999713
45255: 0.999713
45256: 0.999713
45257: 0.999713
45258: 0.999713
45259: 0.999713
45260: 0.999713
45261: 0.999713
45262: 0.999713
45263: 0.999713
45264: 0.999713
45265: 0.999713
45266: 0.999713
45267: 0.999713
45268: 0.999713
45269: 0.999713
45270: 0.999713
45271: 0.999713
45272: 0.999713
45273: 0.999713
45274: 0.999713
45275: 0.999713
45276: 0.999713
45277: 0.999713
45278: 0.999713
45279: 0.999713
45280: 0.999713
45281: 0.999713
45282: 0.999713
45283: 0.999713
45284: 0.999713
45285: 0.999713
45286: 0.999713
45287: 0.999713
45288: 0.999713
45289: 0.999713
45290: 0.999713
45291: 0.999713
45292: 0.999713
45293: 0.999713
45294: 0.999713
45295: 0.999713
45296: 0.999713
45297: 0.999713
45298: 0.999713
45299: 0.999713
45300: 0.999713
45301: 0.999713
45302: 0.999713
45303: 0.999713
45304: 0.999713
45305: 0.999713
45306: 0.999713
45307: 0.999713
45308: 0.999713
45309: 0.999713
45310: 0.999713
45311: 0.999713
45312: 0.999713
45313: 0.999713
45314: 0.999713
45315: 0.999713
45316: 0.999713
45317: 0.999713
45318: 0.999713
45319: 0.999713
45320: 0.999713
45321: 0.999713
45322: 0.999713
45323: 0.999713
45324: 0.999713
45325: 0.999713
45326: 0.999713
45327: 0.999713
45328: 0.999713
45329: 0.999713
45330: 0.999713
45331: 0.999713
45332: 0.999713
45333: 0.999713
45334: 0.999713
45335: 0.999713
45336: 0.999713
45337: 0.999713
45338: 0.999713
45339: 0.999713
45340: 0.999713
45341: 0.999713
45342: 0.999713
45343: 0.999713
45344: 0.999713
45345: 0.999713
45346: 0.999713
45347: 0.999713
45348: 0.999713
45349: 0.999713
45350: 0.999713
45351: 0.999713
45352: 0.999713
45353: 0.999713
45354: 0.999713
45355: 0.999713
45356: 0.999713
45357: 0.999713
45358: 0.999713
45359: 0.999713
45360: 0.999713
45361: 0.999713
45362: 0.999713
45363: 0.999713
45364: 0.999713
45365: 0.999713
45366: 0.999713
45367: 0.999713
45368: 0.999713
45369: 0.999713
45370: 0.999713
45371: 0.999713
45372: 0.999713
45373: 0.999713
45374: 0.999713
45375: 0.999714
45376: 0.999714
45377: 0.999714
45378: 0.999714
45379: 0.999714
45380: 0.999714
45381: 0.999714
45382: 0.999714
45383: 0.999714
45384: 0.999714
45385: 0.999714
45386: 0.999714
45387: 0.999714
45388: 0.999714
45389: 0.999714
45390: 0.999714
45391: 0.999714
45392: 0.999714
45393: 0.999714
45394: 0.999714
45395: 0.999714
45396: 0.999714
45397: 0.999714
45398: 0.999714
45399: 0.999714
45400: 0.999714
45401: 0.999714
45402: 0.999714
45403: 0.999714
45404: 0.999714
45405: 0.999714
45406: 0.999714
45407: 0.999714
45408: 0.999714
45409: 0.999714
45410: 0.999714
45411: 0.999714
45412: 0.999714
45413: 0.999714
45414: 0.999714
45415: 0.999714
45416: 0.999714
45417: 0.999714
45418: 0.999714
45419: 0.999714
45420: 0.999714
45421: 0.999714
45422: 0.999714
45423: 0.999714
45424: 0.999714
45425: 0.999714
45426: 0.999714
45427: 0.999714
45428: 0.999714
45429: 0.999714
45430: 0.999714
45431: 0.999714
45432: 0.999714
45433: 0.999714
45434: 0.999714
45435: 0.999714
45436: 0.999714
45437: 0.999714
45438: 0.999714
45439: 0.999714
45440: 0.999714
45441: 0.999714
45442: 0.999714
45443: 0.999714
45444: 0.999714
45445: 0.999714
45446: 0.999714
45447: 0.999714
45448: 0.999714
45449: 0.999714
45450: 0.999714
45451: 0.999714
45452: 0.999714
45453: 0.999714
45454: 0.999714
45455: 0.999714
45456: 0.999714
45457: 0.999714
45458: 0.999714
45459: 0.999714
45460: 0.999714
45461: 0.999714
45462: 0.999714
45463: 0.999714
45464: 0.999714
45465: 0.999714
45466: 0.999714
45467: 0.999714
45468: 0.999714
45469: 0.999714
45470: 0.999714
45471: 0.999714
45472: 0.999714
45473: 0.999714
45474: 0.999714
45475: 0.999714
45476: 0.999714
45477: 0.999714
45478: 0.999714
45479: 0.999714
45480: 0.999714
45481: 0.999714
45482: 0.999714
45483: 0.999714
45484: 0.999714
45485: 0.999714
45486: 0.999714
45487: 0.999714
45488: 0.999714
45489: 0.999714
45490: 0.999714
45491: 0.999714
45492: 0.999714
45493: 0.999714
45494: 0.999714
45495: 0.999714
45496: 0.999714
45497: 0.999714
45498: 0.999714
45499: 0.999714
45500: 0.999714
45501: 0.999714
45502: 0.999714
45503: 0.999714
45504: 0.999714
45505: 0.999714
45506: 0.999714
45507: 0.999714
45508: 0.999714
45509: 0.999714
45510: 0.999714
45511: 0.999714
45512: 0.999714
45513: 0.999714
45514: 0.999714
45515: 0.999714
45516: 0.999714
45517: 0.999714
45518: 0.999714
45519: 0.999714
45520: 0.999714
45521: 0.999714
45522: 0.999714
45523: 0.999714
45524: 0.999714
45525: 0.999714
45526: 0.999714
45527: 0.999714
45528: 0.999714
45529: 0.999714
45530: 0.999714
45531: 0.999714
45532: 0.999714
45533: 0.999714
45534: 0.999715
45535: 0.999715
45536: 0.999715
45537: 0.999715
45538: 0.999715
45539: 0.999715
45540: 0.999715
45541: 0.999715
45542: 0.999715
45543: 0.999715
45544: 0.999715
45545: 0.999715
45546: 0.999715
45547: 0.999715
45548: 0.999715
45549: 0.999715
45550: 0.999715
45551: 0.999715
45552: 0.999715
45553: 0.999715
45554: 0.999715
45555: 0.999715
45556: 0.999715
45557: 0.999715
45558: 0.999715
45559: 0.999715
45560: 0.999715
45561: 0.999715
45562: 0.999715
45563: 0.999715
45564: 0.999715
45565: 0.999715
45566: 0.999715
45567: 0.999715
45568: 0.999715
45569: 0.999715
45570: 0.999715
45571: 0.999715
45572: 0.999715
45573: 0.999715
45574: 0.999715
45575: 0.999715
45576: 0.999715
45577: 0.999715
45578: 0.999715
45579: 0.999715
45580: 0.999715
45581: 0.999715
45582: 0.999715
45583: 0.999715
45584: 0.999715
45585: 0.999715
45586: 0.999715
45587: 0.999715
45588: 0.999715
45589: 0.999715
45590: 0.999715
45591: 0.999715
45592: 0.999715
45593: 0.999715
45594: 0.999715
45595: 0.999715
45596: 0.999715
45597: 0.999715
45598: 0.999715
45599: 0.999715
45600: 0.999715
45601: 0.999715
45602: 0.999715
45603: 0.999715
45604: 0.999715
45605: 0.999715
45606: 0.999715
45607: 0.999715
45608: 0.999715
45609: 0.999715
45610: 0.999715
45611: 0.999715
45612: 0.999715
45613: 0.999715
45614: 0.999715
45615: 0.999715
45616: 0.999715
45617: 0.999715
45618: 0.999715
45619: 0.999715
45620: 0.999715
45621: 0.999715
45622: 0.999715
45623: 0.999715
45624: 0.999715
45625: 0.999715
45626: 0.999715
45627: 0.999715
45628: 0.999715
45629: 0.999715
45630: 0.999715
45631: 0.999715
45632: 0.999715
45633: 0.999715
45634: 0.999715
45635: 0.999715
45636: 0.999715
45637: 0.999715
45638: 0.999715
45639: 0.999715
45640: 0.999715
45641: 0.999715
45642: 0.999715
45643: 0.999715
45644: 0.999715
45645: 0.999715
45646: 0.999715
45647: 0.999715
45648: 0.999715
45649: 0.999715
45650: 0.999715
45651: 0.999715
45652: 0.999715
45653: 0.999715
45654: 0.999715
45655: 0.999715
45656: 0.999715
45657: 0.999715
45658: 0.999715
45659: 0.999715
45660: 0.999715
45661: 0.999715
45662: 0.999715
45663: 0.999715
45664: 0.999715
45665: 0.999715
45666: 0.999715
45667: 0.999715
45668: 0.999715
45669: 0.999715
45670: 0.999715
45671: 0.999715
45672: 0.999715
45673: 0.999715
45674: 0.999715
45675: 0.999715
45676: 0.999715
45677: 0.999715
45678: 0.999715
45679: 0.999715
45680: 0.999715
45681: 0.999715
45682: 0.999715
45683: 0.999715
45684: 0.999715
45685: 0.999715
45686: 0.999715
45687: 0.999715
45688: 0.999715
45689: 0.999715
45690: 0.999715
45691: 0.999715
45692: 0.999715
45693: 0.999715
45694: 0.999716
45695: 0.999716
45696: 0.999716
45697: 0.999716
45698: 0.999716
45699: 0.999716
45700: 0.999716
45701: 0.999716
45702: 0.999716
45703: 0.999716
45704: 0.999716
45705: 0.999716
45706: 0.999716
45707: 0.999716
45708: 0.999716
45709: 0.999716
45710: 0.999716
45711: 0.999716
45712: 0.999716
45713: 0.999716
45714: 0.999716
45715: 0.999716
45716: 0.999716
45717: 0.999716
45718: 0.999716
45719: 0.999716
45720: 0.999716
45721: 0.999716
45722: 0.999716
45723: 0.999716
45724: 0.999716
45725: 0.999716
45726: 0.999716
45727: 0.999716
45728: 0.999716
45729: 0.999716
45730: 0.999716
45731: 0.999716
45732: 0.999716
45733: 0.999716
45734: 0.999716
45735: 0.999716
45736: 0.999716
45737: 0.999716
45738: 0.999716
45739: 0.999716
45740: 0.999716
45741: 0.999716
45742: 0.999716
45743: 0.999716
45744: 0.999716
45745: 0.999716
45746: 0.999716
45747: 0.999716
45748: 0.999716
45749: 0.999716
45750: 0.999716
45751: 0.999716
45752: 0.999716
45753: 0.999716
45754: 0.999716
45755: 0.999716
45756: 0.999716
45757: 0.999716
45758: 0.999716
45759: 0.999716
45760: 0.999716
45761: 0.999716
45762: 0.999716
45763: 0.999716
45764: 0.999716
45765: 0.999716
45766: 0.999716
45767: 0.999716
45768: 0.999716
45769: 0.999716
45770: 0.999716
45771: 0.999716
45772: 0.999716
45773: 0.999716
45774: 0.999716
45775: 0.999716
45776: 0.999716
45777: 0.999716
45778: 0.999716
45779: 0.999716
45780: 0.999716
45781: 0.999716
45782: 0.999716
45783: 0.999716
45784: 0.999716
45785: 0.999716
45786: 0.999716
45787: 0.999716
45788: 0.999716
45789: 0.999716
45790: 0.999716
45791: 0.999716
45792: 0.999716
45793: 0.999716
45794: 0.999716
45795: 0.999716
45796: 0.999716
45797: 0.999716
45798: 0.999716
45799: 0.999716
45800: 0.999716
45801: 0.999716
45802: 0.999716
45803: 0.999716
45804: 0.999716
45805: 0.999716
45806: 0.999716
45807: 0.999716
45808: 0.999716
45809: 0.999716
45810: 0.999716
45811: 0.999716
45812: 0.999716
45813: 0.999716
45814: 0.999716
45815: 0.999716
45816: 0.999716
45817: 0.999716
45818: 0.999716
45819: 0.999716
45820: 0.999716
45821: 0.999716
45822: 0.999716
45823: 0.999716
45824: 0.999716
45825: 0.999716
45826: 0.999716
45827: 0.999716
45828: 0.999716
45829: 0.999716
45830: 0.999716
45831: 0.999716
45832: 0.999716
45833: 0.999716
45834: 0.999716
45835: 0.999716
45836: 0.999716
45837: 0.999716
45838: 0.999716
45839: 0.999716
45840: 0.999716
45841: 0.999716
45842: 0.999716
45843: 0.999716
45844: 0.999716
45845: 0.999716
45846: 0.999716
45847: 0.999716
45848: 0.999716
45849: 0.999716
45850: 0.999716
45851: 0.999716
45852: 0.999716
45853: 0.999716
45854: 0.999716
45855: 0.999717
45856: 0.999717
45857: 0.999717
45858: 0.999717
45859: 0.999717
45860: 0.999717
45861: 0.999717
45862: 0.999717
45863: 0.999717
45864: 0.999717
45865: 0.999717
45866: 0.999717
45867: 0.999717
45868: 0.999717
45869: 0.999717
45870: 0.999717
45871: 0.999717
45872: 0.999717
45873: 0.999717
45874: 0.999717
45875: 0.999717
45876: 0.999717
45877: 0.999717
45878: 0.999717
45879: 0.999717
45880: 0.999717
45881: 0.999717
45882: 0.999717
45883: 0.999717
45884: 0.999717
45885: 0.999717
45886: 0.999717
45887: 0.999717
45888: 0.999717
45889: 0.999717
45890: 0.999717
45891: 0.999717
45892: 0.999717
45893: 0.999717
45894: 0.999717
45895: 0.999717
45896: 0.999717
45897: 0.999717
45898: 0.999717
45899: 0.999717
45900: 0.999717
45901: 0.999717
45902: 0.999717
45903: 0.999717
45904: 0.999717
45905: 0.999717
45906: 0.999717
45907: 0.999717
45908: 0.999717
45909: 0.999717
45910: 0.999717
45911: 0.999717
45912: 0.999717
45913: 0.999717
45914: 0.999717
45915: 0.999717
45916: 0.999717
45917: 0.999717
45918: 0.999717
45919: 0.999717
45920: 0.999717
45921: 0.999717
45922: 0.999717
45923: 0.999717
45924: 0.999717
45925: 0.999717
45926: 0.999717
45927: 0.999717
45928: 0.999717
45929: 0.999717
45930: 0.999717
45931: 0.999717
45932: 0.999717
45933: 0.999717
45934: 0.999717
45935: 0.999717
45936: 0.999717
45937: 0.999717
45938: 0.999717
45939: 0.999717
45940: 0.999717
45941: 0.999717
45942: 0.999717
45943: 0.999717
45944: 0.999717
45945: 0.999717
45946: 0.999717
45947: 0.999717
45948: 0.999717
45949: 0.999717
45950: 0.999717
45951: 0.999717
45952: 0.999717
45953: 0.999717
45954: 0.999717
45955: 0.999717
45956: 0.999717
45957: 0.999717
45958: 0.999717
45959: 0.999717
45960: 0.999717
45961: 0.999717
45962: 0.999717
45963: 0.999717
45964: 0.999717
45965: 0.999717
45966: 0.999717
45967: 0.999717
45968: 0.999717
45969: 0.999717
45970: 0.999717
45971: 0.999717
45972: 0.999717
45973: 0.999717
45974: 0.999717
45975: 0.999717
45976: 0.999717
45977: 0.999717
45978: 0.999717
45979: 0.999717
45980: 0.999717
45981: 0.999717
45982: 0.999717
45983: 0.999717
45984: 0.999717
45985: 0.999717
45986: 0.999717
45987: 0.999717
45988: 0.999717
45989: 0.999717
45990: 0.999717
45991: 0.999717
45992: 0.999717
45993: 0.999717
45994: 0.999717
45995: 0.999717
45996: 0.999717
45997: 0.999717
45998: 0.999717
45999: 0.999717
46000: 0.999717
46001: 0.999717
46002: 0.999717
46003: 0.999717
46004: 0.999717
46005: 0.999717
46006: 0.999717
46007: 0.999717
46008: 0.999717
46009: 0.999717
46010: 0.999717
46011: 0.999717
46012: 0.999717
46013: 0.999717
46014: 0.999717
46015: 0.999717
46016: 0.999717
46017: 0.999718
46018: 0.999718
46019: 0.999718
46020: 0.999718
46021: 0.999718
46022: 0.999718
46023: 0.999718
46024: 0.999718
46025: 0.999718
46026: 0.999718
46027: 0.999718
46028: 0.999718
46029: 0.999718
46030: 0.999718
46031: 0.999718
46032: 0.999718
46033: 0.999718
46034: 0.999718
46035: 0.999718
46036: 0.999718
46037: 0.999718
46038: 0.999718
46039: 0.999718
46040: 0.999718
46041: 0.999718
46042: 0.999718
46043: 0.999718
46044: 0.999718
46045: 0.999718
46046: 0.999718
46047: 0.999718
46048: 0.999718
46049: 0.999718
46050: 0.999718
46051: 0.999718
46052: 0.999718
46053: 0.999718
46054: 0.999718
46055: 0.999718
46056: 0.999718
46057: 0.999718
46058: 0.999718
46059: 0.999718
46060: 0.999718
46061: 0.999718
46062: 0.999718
46063: 0.999718
46064: 0.999718
46065: 0.999718
46066: 0.999718
46067: 0.999718
46068: 0.999718
46069: 0.999718
46070: 0.999718
46071: 0.999718
46072: 0.999718
46073: 0.999718
46074: 0.999718
46075: 0.999718
46076: 0.999718
46077: 0.999718
46078: 0.999718
46079: 0.999718
46080: 0.999718
46081: 0.999718
46082: 0.999718
46083: 0.999718
46084: 0.999718
46085: 0.999718
46086: 0.999718
46087: 0.999718
46088: 0.999718
46089: 0.999718
46090: 0.999718
46091: 0.999718
46092: 0.999718
46093: 0.999718
46094: 0.999718
46095: 0.999718
46096: 0.999718
46097: 0.999718
46098: 0.999718
46099: 0.999718
46100: 0.999718
46101: 0.999718
46102: 0.999718
46103: 0.999718
46104: 0.999718
46105: 0.999718
46106: 0.999718
46107: 0.999718
46108: 0.999718
46109: 0.999718
46110: 0.999718
46111: 0.999718
46112: 0.999718
46113: 0.999718
46114: 0.999718
46115: 0.999718
46116: 0.999718
46117: 0.999718
46118: 0.999718
46119: 0.999718
46120: 0.999718
46121: 0.999718
46122: 0.999718
46123: 0.999718
46124: 0.999718
46125: 0.999718
46126: 0.999718
46127: 0.999718
46128: 0.999718
46129: 0.999718
46130: 0.999718
46131: 0.999718
46132: 0.999718
46133: 0.999718
46134: 0.999718
46135: 0.999718
46136: 0.999718
46137: 0.999718
46138: 0.999718
46139: 0.999718
46140: 0.999718
46141: 0.999718
46142: 0.999718
46143: 0.999718
46144: 0.999718
46145: 0.999718
46146: 0.999718
46147: 0.999718
46148: 0.999718
46149: 0.999718
46150: 0.999718
46151: 0.999718
46152: 0.999718
46153: 0.999718
46154: 0.999718
46155: 0.999718
46156: 0.999718
46157: 0.999718
46158: 0.999718
46159: 0.999718
46160: 0.999718
46161: 0.999718
46162: 0.999718
46163: 0.999718
46164: 0.999718
46165: 0.999718
46166: 0.999718
46167: 0.999718
46168: 0.999718
46169: 0.999718
46170: 0.999718
46171: 0.999718
46172: 0.999718
46173: 0.999718
46174: 0.999718
46175: 0.999718
46176: 0.999718
46177: 0.999718
46178: 0.999718
46179: 0.999718
46180: 0.999718
46181: 0.999719
46182: 0.999719
46183: 0.999719
46184: 0.999719
46185: 0.999719
46186: 0.999719
46187: 0.999719
46188: 0.999719
46189: 0.999719
46190: 0.999719
46191: 0.999719
46192: 0.999719
46193: 0.999719
46194: 0.999719
46195: 0.999719
46196: 0.999719
46197: 0.999719
46198: 0.999719
46199: 0.999719
46200: 0.999719
46201: 0.999719
46202: 0.999719
46203: 0.999719
46204: 0.999719
46205: 0.999719
46206: 0.999719
46207: 0.999719
46208: 0.999719
46209: 0.999719
46210: 0.999719
46211: 0.999719
46212: 0.999719
46213: 0.999719
46214: 0.999719
46215: 0.999719
46216: 0.999719
46217: 0.999719
46218: 0.999719
46219: 0.999719
46220: 0.999719
46221: 0.999719
46222: 0.999719
46223: 0.999719
46224: 0.999719
46225: 0.999719
46226: 0.999719
46227: 0.999719
46228: 0.999719
46229: 0.999719
46230: 0.999719
46231: 0.999719
46232: 0.999719
46233: 0.999719
46234: 0.999719
46235: 0.999719
46236: 0.999719
46237: 0.999719
46238: 0.999719
46239: 0.999719
46240: 0.999719
46241: 0.999719
46242: 0.999719
46243: 0.999719
46244: 0.999719
46245: 0.999719
46246: 0.999719
46247: 0.999719
46248: 0.999719
46249: 0.999719
46250: 0.999719
46251: 0.999719
46252: 0.999719
46253: 0.999719
46254: 0.999719
46255: 0.999719
46256: 0.999719
46257: 0.999719
46258: 0.999719
46259: 0.999719
46260: 0.999719
46261: 0.999719
46262: 0.999719
46263: 0.999719
46264: 0.999719
46265: 0.999719
46266: 0.999719
46267: 0.999719
46268: 0.999719
46269: 0.999719
46270: 0.999719
46271: 0.999719
46272: 0.999719
46273: 0.999719
46274: 0.999719
46275: 0.999719
46276: 0.999719
46277: 0.999719
46278: 0.999719
46279: 0.999719
46280: 0.999719
46281: 0.999719
46282: 0.999719
46283: 0.999719
46284: 0.999719
46285: 0.999719
46286: 0.999719
46287: 0.999719
46288: 0.999719
46289: 0.999719
46290: 0.999719
46291: 0.999719
46292: 0.999719
46293: 0.999719
46294: 0.999719
46295: 0.999719
46296: 0.999719
46297: 0.999719
46298: 0.999719
46299: 0.999719
46300: 0.999719
46301: 0.999719
46302: 0.999719
46303: 0.999719
46304: 0.999719
46305: 0.999719
46306: 0.999719
46307: 0.999719
46308: 0.999719
46309: 0.999719
46310: 0.999719
46311: 0.999719
46312: 0.999719
46313: 0.999719
46314: 0.999719
46315: 0.999719
46316: 0.999719
46317: 0.999719
46318: 0.999719
46319: 0.999719
46320: 0.999719
46321: 0.999719
46322: 0.999719
46323: 0.999719
46324: 0.999719
46325: 0.999719
46326: 0.999719
46327: 0.999719
46328: 0.999719
46329: 0.999719
46330: 0.999719
46331: 0.999719
46332: 0.999719
46333: 0.999719
46334: 0.999719
46335: 0.999719
46336: 0.999719
46337: 0.999719
46338: 0.999719
46339: 0.999719
46340: 0.999719
46341: 0.999719
46342: 0.999719
46343: 0.999719
46344: 0.999719
46345: 0.99972
46346: 0.99972
46347: 0.99972
46348: 0.99972
46349: 0.99972
46350: 0.99972
46351: 0.99972
46352: 0.99972
46353: 0.99972
46354: 0.99972
46355: 0.99972
46356: 0.99972
46357: 0.99972
46358: 0.99972
46359: 0.99972
46360: 0.99972
46361: 0.99972
46362: 0.99972
46363: 0.99972
46364: 0.99972
46365: 0.99972
46366: 0.99972
46367: 0.99972
46368: 0.99972
46369: 0.99972
46370: 0.99972
46371: 0.99972
46372: 0.99972
46373: 0.99972
46374: 0.99972
46375: 0.99972
46376: 0.99972
46377: 0.99972
46378: 0.99972
46379: 0.99972
46380: 0.99972
46381: 0.99972
46382: 0.99972
46383: 0.99972
46384: 0.99972
46385: 0.99972
46386: 0.99972
46387: 0.99972
46388: 0.99972
46389: 0.99972
46390: 0.99972
46391: 0.99972
46392: 0.99972
46393: 0.99972
46394: 0.99972
46395: 0.99972
46396: 0.99972
46397: 0.99972
46398: 0.99972
46399: 0.99972
46400: 0.99972
46401: 0.99972
46402: 0.99972
46403: 0.99972
46404: 0.99972
46405: 0.99972
46406: 0.99972
46407: 0.99972
46408: 0.99972
46409: 0.99972
46410: 0.99972
46411: 0.99972
46412: 0.99972
46413: 0.99972
46414: 0.99972
46415: 0.99972
46416: 0.99972
46417: 0.99972
46418: 0.99972
46419: 0.99972
46420: 0.99972
46421: 0.99972
46422: 0.99972
46423: 0.99972
46424: 0.99972
46425: 0.99972
46426: 0.99972
46427: 0.99972
46428: 0.99972
46429: 0.99972
46430: 0.99972
46431: 0.99972
46432: 0.99972
46433: 0.99972
46434: 0.99972
46435: 0.99972
46436: 0.99972
46437: 0.99972
46438: 0.99972
46439: 0.99972
46440: 0.99972
46441: 0.99972
46442: 0.99972
46443: 0.99972
46444: 0.99972
46445: 0.99972
46446: 0.99972
46447: 0.99972
46448: 0.99972
46449: 0.99972
46450: 0.99972
46451: 0.99972
46452: 0.99972
46453: 0.99972
46454: 0.99972
46455: 0.99972
46456: 0.99972
46457: 0.99972
46458: 0.99972
46459: 0.99972
46460: 0.99972
46461: 0.99972
46462: 0.99972
46463: 0.99972
46464: 0.99972
46465: 0.99972
46466: 0.99972
46467: 0.99972
46468: 0.99972
46469: 0.99972
46470: 0.99972
46471: 0.99972
46472: 0.99972
46473: 0.99972
46474: 0.99972
46475: 0.99972
46476: 0.99972
46477: 0.99972
46478: 0.99972
46479: 0.99972
46480: 0.99972
46481: 0.99972
46482: 0.99972
46483: 0.99972
46484: 0.99972
46485: 0.99972
46486: 0.99972
46487: 0.99972
46488: 0.99972
46489: 0.99972
46490: 0.99972
46491: 0.99972
46492: 0.99972
46493: 0.99972
46494: 0.99972
46495: 0.99972
46496: 0.99972
46497: 0.99972
46498: 0.99972
46499: 0.99972
46500: 0.99972
46501: 0.99972
46502: 0.99972
46503: 0.99972
46504: 0.99972
46505: 0.99972
46506: 0.99972
46507: 0.99972
46508: 0.99972
46509: 0.99972
46510: 0.99972
46511: 0.999721
46512: 0.999721
46513: 0.999721
46514: 0.999721
46515: 0.999721
46516: 0.999721
46517: 0.999721
46518: 0.999721
46519: 0.999721
46520: 0.999721
46521: 0.999721
46522: 0.999721
46523: 0.999721
46524: 0.999721
46525: 0.999721
46526: 0.999721
46527: 0.999721
46528: 0.999721
46529: 0.999721
46530: 0.999721
46531: 0.999721
46532: 0.999721
46533: 0.999721
46534: 0.999721
46535: 0.999721
46536: 0.999721
46537: 0.999721
46538: 0.999721
46539: 0.999721
46540: 0.999721
46541: 0.999721
46542: 0.999721
46543: 0.999721
46544: 0.999721
46545: 0.999721
46546: 0.999721
46547: 0.999721
46548: 0.999721
46549: 0.999721
46550: 0.999721
46551: 0.999721
46552: 0.999721
46553: 0.999721
46554: 0.999721
46555: 0.999721
46556: 0.999721
46557: 0.999721
46558: 0.999721
46559: 0.999721
46560: 0.999721
46561: 0.999721
46562: 0.999721
46563: 0.999721
46564: 0.999721
46565: 0.999721
46566: 0.999721
46567: 0.999721
46568: 0.999721
46569: 0.999721
46570: 0.999721
46571: 0.999721
46572: 0.999721
46573: 0.999721
46574: 0.999721
46575: 0.999721
46576: 0.999721
46577: 0.999721
46578: 0.999721
46579: 0.999721
46580: 0.999721
46581: 0.999721
46582: 0.999721
46583: 0.999721
46584: 0.999721
46585: 0.999721
46586: 0.999721
46587: 0.999721
46588: 0.999721
46589: 0.999721
46590: 0.999721
46591: 0.999721
46592: 0.999721
46593: 0.999721
46594: 0.999721
46595: 0.999721
46596: 0.999721
46597: 0.999721
46598: 0.999721
46599: 0.999721
46600: 0.999721
46601: 0.999721
46602: 0.999721
46603: 0.999721
46604: 0.999721
46605: 0.999721
46606: 0.999721
46607: 0.999721
46608: 0.999721
46609: 0.999721
46610: 0.999721
46611: 0.999721
46612: 0.999721
46613: 0.999721
46614: 0.999721
46615: 0.999721
46616: 0.999721
46617: 0.999721
46618: 0.999721
46619: 0.999721
46620: 0.999721
46621: 0.999721
46622: 0.999721
46623: 0.999721
46624: 0.999721
46625: 0.999721
46626: 0.999721
46627: 0.999721
46628: 0.999721
46629: 0.999721
46630: 0.999721
46631: 0.999721
46632: 0.999721
46633: 0.999721
46634: 0.999721
46635: 0.999721
46636: 0.999721
46637: 0.999721
46638: 0.999721
46639: 0.999721
46640: 0.999721
46641: 0.999721
46642: 0.999721
46643: 0.999721
46644: 0.999721
46645: 0.999721
46646: 0.999721
46647: 0.999721
46648: 0.999721
46649: 0.999721
46650: 0.999721
46651: 0.999721
46652: 0.999721
46653: 0.999721
46654: 0.999721
46655: 0.999721
46656: 0.999721
46657: 0.999721
46658: 0.999721
46659: 0.999721
46660: 0.999721
46661: 0.999721
46662: 0.999721
46663: 0.999721
46664: 0.999721
46665: 0.999721
46666: 0.999721
46667: 0.999721
46668: 0.999721
46669: 0.999721
46670: 0.999721
46671: 0.999721
46672: 0.999721
46673: 0.999721
46674: 0.999721
46675: 0.999721
46676: 0.999721
46677: 0.999721
46678: 0.999722
46679: 0.999722
46680: 0.999722
46681: 0.999722
46682: 0.999722
46683: 0.999722
46684: 0.999722
46685: 0.999722
46686: 0.999722
46687: 0.999722
46688: 0.999722
46689: 0.999722
46690: 0.999722
46691: 0.999722
46692: 0.999722
46693: 0.999722
46694: 0.999722
46695: 0.999722
46696: 0.999722
46697: 0.999722
46698: 0.999722
46699: 0.999722
46700: 0.999722
46701: 0.999722
46702: 0.999722
46703: 0.999722
46704: 0.999722
46705: 0.999722
46706: 0.999722
46707: 0.999722
46708: 0.999722
46709: 0.999722
46710: 0.999722
46711: 0.999722
46712: 0.999722
46713: 0.999722
46714: 0.999722
46715: 0.999722
46716: 0.999722
46717: 0.999722
46718: 0.999722
46719: 0.999722
46720: 0.999722
46721: 0.999722
46722: 0.999722
46723: 0.999722
46724: 0.999722
46725: 0.999722
46726: 0.999722
46727: 0.999722
46728: 0.999722
46729: 0.999722
46730: 0.999722
46731: 0.999722
46732: 0.999722
46733: 0.999722
46734: 0.999722
46735: 0.999722
46736: 0.999722
46737: 0.999722
46738: 0.999722
46739: 0.999722
46740: 0.999722
46741: 0.999722
46742: 0.999722
46743: 0.999722
46744: 0.999722
46745: 0.999722
46746: 0.999722
46747: 0.999722
46748: 0.999722
46749: 0.999722
46750: 0.999722
46751: 0.999722
46752: 0.999722
46753: 0.999722
46754: 0.999722
46755: 0.999722
46756: 0.999722
46757: 0.999722
46758: 0.999722
46759: 0.999722
46760: 0.999722
46761: 0.999722
46762: 0.999722
46763: 0.999722
46764: 0.999722
46765: 0.999722
46766: 0.999722
46767: 0.999722
46768: 0.999722
46769: 0.999722
46770: 0.999722
46771: 0.999722
46772: 0.999722
46773: 0.999722
46774: 0.999722
46775: 0.999722
46776: 0.999722
46777: 0.999722
46778: 0.999722
46779: 0.999722
46780: 0.999722
46781: 0.999722
46782: 0.999722
46783: 0.999722
46784: 0.999722
46785: 0.999722
46786: 0.999722
46787: 0.999722
46788: 0.999722
46789: 0.999722
46790: 0.999722
46791: 0.999722
46792: 0.999722
46793: 0.999722
46794: 0.999722
46795: 0.999722
46796: 0.999722
46797: 0.999722
46798: 0.999722
46799: 0.999722
46800: 0.999722
46801: 0.999722
46802: 0.999722
46803: 0.999722
46804: 0.999722
46805: 0.999722
46806: 0.999722
46807: 0.999722
46808: 0.999722
46809: 0.999722
46810: 0.999722
46811: 0.999722
46812: 0.999722
46813: 0.999722
46814: 0.999722
46815: 0.999722
46816: 0.999722
46817: 0.999722
46818: 0.999722
46819: 0.999722
46820: 0.999722
46821: 0.999722
46822: 0.999722
46823: 0.999722
46824: 0.999722
46825: 0.999722
46826: 0.999722
46827: 0.999722
46828: 0.999722
46829: 0.999722
46830: 0.999722
46831: 0.999722
46832: 0.999722
46833: 0.999722
46834: 0.999722
46835: 0.999722
46836: 0.999722
46837: 0.999722
46838: 0.999722
46839: 0.999722
46840: 0.999722
46841: 0.999722
46842: 0.999722
46843: 0.999722
46844: 0.999722
46845: 0.999722
46846: 0.999723
46847: 0.999723
46848: 0.999723
46849: 0.999723
46850: 0.999723
46851: 0.999723
46852: 0.999723
46853: 0.999723
46854: 0.999723
46855: 0.999723
46856: 0.999723
46857: 0.999723
46858: 0.999723
46859: 0.999723
46860: 0.999723
46861: 0.999723
46862: 0.999723
46863: 0.999723
46864: 0.999723
46865: 0.999723
46866: 0.999723
46867: 0.999723
46868: 0.999723
46869: 0.999723
46870: 0.999723
46871: 0.999723
46872: 0.999723
46873: 0.999723
46874: 0.999723
46875: 0.999723
46876: 0.999723
46877: 0.999723
46878: 0.999723
46879: 0.999723
46880: 0.999723
46881: 0.999723
46882: 0.999723
46883: 0.999723
46884: 0.999723
46885: 0.999723
46886: 0.999723
46887: 0.999723
46888: 0.999723
46889: 0.999723
46890: 0.999723
46891: 0.999723
46892: 0.999723
46893: 0.999723
46894: 0.999723
46895: 0.999723
46896: 0.999723
46897: 0.999723
46898: 0.999723
46899: 0.999723
46900: 0.999723
46901: 0.999723
46902: 0.999723
46903: 0.999723
46904: 0.999723
46905: 0.999723
46906: 0.999723
46907: 0.999723
46908: 0.999723
46909: 0.999723
46910: 0.999723
46911: 0.999723
46912: 0.999723
46913: 0.999723
46914: 0.999723
46915: 0.999723
46916: 0.999723
46917: 0.999723
46918: 0.999723
46919: 0.999723
46920: 0.999723
46921: 0.999723
46922: 0.999723
46923: 0.999723
46924: 0.999723
46925: 0.999723
46926: 0.999723
46927: 0.999723
46928: 0.999723
46929: 0.999723
46930: 0.999723
46931: 0.999723
46932: 0.999723
46933: 0.999723
46934: 0.999723
46935: 0.999723
46936: 0.999723
46937: 0.999723
46938: 0.999723
46939: 0.999723
46940: 0.999723
46941: 0.999723
46942: 0.999723
46943: 0.999723
46944: 0.999723
46945: 0.999723
46946: 0.999723
46947: 0.999723
46948: 0.999723
46949: 0.999723
46950: 0.999723
46951: 0.999723
46952: 0.999723
46953: 0.999723
46954: 0.999723
46955: 0.999723
46956: 0.999723
46957: 0.999723
46958: 0.999723
46959: 0.999723
46960: 0.999723
46961: 0.999723
46962: 0.999723
46963: 0.999723
46964: 0.999723
46965: 0.999723
46966: 0.999723
46967: 0.999723
46968: 0.999723
46969: 0.999723
46970: 0.999723
46971: 0.999723
46972: 0.999723
46973: 0.999723
46974: 0.999723
46975: 0.999723
46976: 0.999723
46977: 0.999723
46978: 0.999723
46979: 0.999723
46980: 0.999723
46981: 0.999723
46982: 0.999723
46983: 0.999723
46984: 0.999723
46985: 0.999723
46986: 0.999723
46987: 0.999723
46988: 0.999723
46989: 0.999723
46990: 0.999723
46991: 0.999723
46992: 0.999723
46993: 0.999723
46994: 0.999723
46995: 0.999723
46996: 0.999723
46997: 0.999723
46998: 0.999723
46999: 0.999723
47000: 0.999723
47001: 0.999723
47002: 0.999723
47003: 0.999723
47004: 0.999723
47005: 0.999723
47006: 0.999723
47007: 0.999723
47008: 0.999723
47009: 0.999723
47010: 0.999723
47011: 0.999723
47012: 0.999723
47013: 0.999723
47014: 0.999723
47015: 0.999723
47016: 0.999724
47017: 0.999724
47018: 0.999724
47019: 0.999724
47020: 0.999724
47021: 0.999724
47022: 0.999724
47023: 0.999724
47024: 0.999724
47025: 0.999724
47026: 0.999724
47027: 0.999724
47028: 0.999724
47029: 0.999724
47030: 0.999724
47031: 0.999724
47032: 0.999724
47033: 0.999724
47034: 0.999724
47035: 0.999724
47036: 0.999724
47037: 0.999724
47038: 0.999724
47039: 0.999724
47040: 0.999724
47041: 0.999724
47042: 0.999724
47043: 0.999724
47044: 0.999724
47045: 0.999724
47046: 0.999724
47047: 0.999724
47048: 0.999724
47049: 0.999724
47050: 0.999724
47051: 0.999724
47052: 0.999724
47053: 0.999724
47054: 0.999724
47055: 0.999724
47056: 0.999724
47057: 0.999724
47058: 0.999724
47059: 0.999724
47060: 0.999724
47061: 0.999724
47062: 0.999724
47063: 0.999724
47064: 0.999724
47065: 0.999724
47066: 0.999724
47067: 0.999724
47068: 0.999724
47069: 0.999724
47070: 0.999724
47071: 0.999724
47072: 0.999724
47073: 0.999724
47074: 0.999724
47075: 0.999724
47076: 0.999724
47077: 0.999724
47078: 0.999724
47079: 0.999724
47080: 0.999724
47081: 0.999724
47082: 0.999724
47083: 0.999724
47084: 0.999724
47085: 0.999724
47086: 0.999724
47087: 0.999724
47088: 0.999724
47089: 0.999724
47090: 0.999724
47091: 0.999724
47092: 0.999724
47093: 0.999724
47094: 0.999724
47095: 0.999724
47096: 0.999724
47097: 0.999724
47098: 0.999724
47099: 0.999724
47100: 0.999724
47101: 0.999724
47102: 0.999724
47103: 0.999724
47104: 0.999724
47105: 0.999724
47106: 0.999724
47107: 0.999724
47108: 0.999724
47109: 0.999724
47110: 0.999724
47111: 0.999724
47112: 0.999724
47113: 0.999724
47114: 0.999724
47115: 0.999724
47116: 0.999724
47117: 0.999724
47118: 0.999724
47119: 0.999724
47120: 0.999724
47121: 0.999724
47122: 0.999724
47123: 0.999724
47124: 0.999724
47125: 0.999724
47126: 0.999724
47127: 0.999724
47128: 0.999724
47129: 0.999724
47130: 0.999724
47131: 0.999724
47132: 0.999724
47133: 0.999724
47134: 0.999724
47135: 0.999724
47136: 0.999724
47137: 0.999724
47138: 0.999724
47139: 0.999724
47140: 0.999724
47141: 0.999724
47142: 0.999724
47143: 0.999724
47144: 0.999724
47145: 0.999724
47146: 0.999724
47147: 0.999724
47148: 0.999724
47149: 0.999724
47150: 0.999724
47151: 0.999724
47152: 0.999724
47153: 0.999724
47154: 0.999724
47155: 0.999724
47156: 0.999724
47157: 0.999724
47158: 0.999724
47159: 0.999724
47160: 0.999724
47161: 0.999724
47162: 0.999724
47163: 0.999724
47164: 0.999724
47165: 0.999724
47166: 0.999724
47167: 0.999724
47168: 0.999724
47169: 0.999724
47170: 0.999724
47171: 0.999724
47172: 0.999724
47173: 0.999724
47174: 0.999724
47175: 0.999724
47176: 0.999724
47177: 0.999724
47178: 0.999724
47179: 0.999724
47180: 0.999724
47181: 0.999724
47182: 0.999724
47183: 0.999724
47184: 0.999724
47185: 0.999724
47186: 0.999725
47187: 0.999725
47188: 0.999725
47189: 0.999725
47190: 0.999725
47191: 0.999725
47192: 0.999725
47193: 0.999725
47194: 0.999725
47195: 0.999725
47196: 0.999725
47197: 0.999725
47198: 0.999725
47199: 0.999725
47200: 0.999725
47201: 0.999725
47202: 0.999725
47203: 0.999725
47204: 0.999725
47205: 0.999725
47206: 0.999725
47207: 0.999725
47208: 0.999725
47209: 0.999725
47210: 0.999725
47211: 0.999725
47212: 0.999725
47213: 0.999725
47214: 0.999725
47215: 0.999725
47216: 0.999725
47217: 0.999725
47218: 0.999725
47219: 0.999725
47220: 0.999725
47221: 0.999725
47222: 0.999725
47223: 0.999725
47224: 0.999725
47225: 0.999725
47226: 0.999725
47227: 0.999725
47228: 0.999725
47229: 0.999725
47230: 0.999725
47231: 0.999725
47232: 0.999725
47233: 0.999725
47234: 0.999725
47235: 0.999725
47236: 0.999725
47237: 0.999725
47238: 0.999725
47239: 0.999725
47240: 0.999725
47241: 0.999725
47242: 0.999725
47243: 0.999725
47244: 0.999725
47245: 0.999725
47246: 0.999725
47247: 0.999725
47248: 0.999725
47249: 0.999725
47250: 0.999725
47251: 0.999725
47252: 0.999725
47253: 0.999725
47254: 0.999725
47255: 0.999725
47256: 0.999725
47257: 0.999725
47258: 0.999725
47259: 0.999725
47260: 0.999725
47261: 0.999725
47262: 0.999725
47263: 0.999725
47264: 0.999725
47265: 0.999725
47266: 0.999725
47267: 0.999725
47268: 0.999725
47269: 0.999725
47270: 0.999725
47271: 0.999725
47272: 0.999725
47273: 0.999725
47274: 0.999725
47275: 0.999725
47276: 0.999725
47277: 0.999725
47278: 0.999725
47279: 0.999725
47280: 0.999725
47281: 0.999725
47282: 0.999725
47283: 0.999725
47284: 0.999725
47285: 0.999725
47286: 0.999725
47287: 0.999725
47288: 0.999725
47289: 0.999725
47290: 0.999725
47291: 0.999725
47292: 0.999725
47293: 0.999725
47294: 0.999725
47295: 0.999725
47296: 0.999725
47297: 0.999725
47298: 0.999725
47299: 0.999725
47300: 0.999725
47301: 0.999725
47302: 0.999725
47303: 0.999725
47304: 0.999725
47305: 0.999725
47306: 0.999725
47307: 0.999725
47308: 0.999725
47309: 0.999725
47310: 0.999725
47311: 0.999725
47312: 0.999725
47313: 0.999725
47314: 0.999725
47315: 0.999725
47316: 0.999725
47317: 0.999725
47318: 0.999725
47319: 0.999725
47320: 0.999725
47321: 0.999725
47322: 0.999725
47323: 0.999725
47324: 0.999725
47325: 0.999725
47326: 0.999725
47327: 0.999725
47328: 0.999725
47329: 0.999725
47330: 0.999725
47331: 0.999725
47332: 0.999725
47333: 0.999725
47334: 0.999725
47335: 0.999725
47336: 0.999725
47337: 0.999725
47338: 0.999725
47339: 0.999725
47340: 0.999725
47341: 0.999725
47342: 0.999725
47343: 0.999725
47344: 0.999725
47345: 0.999725
47346: 0.999725
47347: 0.999725
47348: 0.999725
47349: 0.999725
47350: 0.999725
47351: 0.999725
47352: 0.999725
47353: 0.999725
47354: 0.999725
47355: 0.999725
47356: 0.999725
47357: 0.999725
47358: 0.999726
47359: 0.999726
47360: 0.999726
47361: 0.999726
47362: 0.999726
47363: 0.999726
47364: 0.999726
47365: 0.999726
47366: 0.999726
47367: 0.999726
47368: 0.999726
47369: 0.999726
47370: 0.999726
47371: 0.999726
47372: 0.999726
47373: 0.999726
47374: 0.999726
47375: 0.999726
47376: 0.999726
47377: 0.999726
47378: 0.999726
47379: 0.999726
47380: 0.999726
47381: 0.999726
47382: 0.999726
47383: 0.999726
47384: 0.999726
47385: 0.999726
47386: 0.999726
47387: 0.999726
47388: 0.999726
47389: 0.999726
47390: 0.999726
47391: 0.999726
47392: 0.999726
47393: 0.999726
47394: 0.999726
47395: 0.999726
47396: 0.999726
47397: 0.999726
47398: 0.999726
47399: 0.999726
47400: 0.999726
47401: 0.999726
47402: 0.999726
47403: 0.999726
47404: 0.999726
47405: 0.999726
47406: 0.999726
47407: 0.999726
47408: 0.999726
47409: 0.999726
47410: 0.999726
47411: 0.999726
47412: 0.999726
47413: 0.999726
47414: 0.999726
47415: 0.999726
47416: 0.999726
47417: 0.999726
47418: 0.999726
47419: 0.999726
47420: 0.999726
47421: 0.999726
47422: 0.999726
47423: 0.999726
47424: 0.999726
47425: 0.999726
47426: 0.999726
47427: 0.999726
47428: 0.999726
47429: 0.999726
47430: 0.999726
47431: 0.999726
47432: 0.999726
47433: 0.999726
47434: 0.999726
47435: 0.999726
47436: 0.999726
47437: 0.999726
47438: 0.999726
47439: 0.999726
47440: 0.999726
47441: 0.999726
47442: 0.999726
47443: 0.999726
47444: 0.999726
47445: 0.999726
47446: 0.999726
47447: 0.999726
47448: 0.999726
47449: 0.999726
47450: 0.999726
47451: 0.999726
47452: 0.999726
47453: 0.999726
47454: 0.999726
47455: 0.999726
47456: 0.999726
47457: 0.999726
47458: 0.999726
47459: 0.999726
47460: 0.999726
47461: 0.999726
47462: 0.999726
47463: 0.999726
47464: 0.999726
47465: 0.999726
47466: 0.999726
47467: 0.999726
47468: 0.999726
47469: 0.999726
47470: 0.999726
47471: 0.999726
47472: 0.999726
47473: 0.999726
47474: 0.999726
47475: 0.999726
47476: 0.999726
47477: 0.999726
47478: 0.999726
47479: 0.999726
47480: 0.999726
47481: 0.999726
47482: 0.999726
47483: 0.999726
47484: 0.999726
47485: 0.999726
47486: 0.999726
47487: 0.999726
47488: 0.999726
47489: 0.999726
47490: 0.999726
47491: 0.999726
47492: 0.999726
47493: 0.999726
47494: 0.999726
47495: 0.999726
47496: 0.999726
47497: 0.999726
47498: 0.999726
47499: 0.999726
47500: 0.999726
47501: 0.999726
47502: 0.999726
47503: 0.999726
47504: 0.999726
47505: 0.999726
47506: 0.999726
47507: 0.999726
47508: 0.999726
47509: 0.999726
47510: 0.999726
47511: 0.999726
47512: 0.999726
47513: 0.999726
47514: 0.999726
47515: 0.999726
47516: 0.999726
47517: 0.999726
47518: 0.999726
47519: 0.999726
47520: 0.999726
47521: 0.999726
47522: 0.999726
47523: 0.999726
47524: 0.999726
47525: 0.999726
47526: 0.999726
47527: 0.999726
47528: 0.999726
47529: 0.999726
47530: 0.999726
47531: 0.999727
47532: 0.999727
47533: 0.999727
47534: 0.999727
47535: 0.999727
47536: 0.999727
47537: 0.999727
47538: 0.999727
47539: 0.999727
47540: 0.999727
47541: 0.999727
47542: 0.999727
47543: 0.999727
47544: 0.999727
47545: 0.999727
47546: 0.999727
47547: 0.999727
47548: 0.999727
47549: 0.999727
47550: 0.999727
47551: 0.999727
47552: 0.999727
47553: 0.999727
47554: 0.999727
47555: 0.999727
47556: 0.999727
47557: 0.999727
47558: 0.999727
47559: 0.999727
47560: 0.999727
47561: 0.999727
47562: 0.999727
47563: 0.999727
47564: 0.999727
47565: 0.999727
47566: 0.999727
47567: 0.999727
47568: 0.999727
47569: 0.999727
47570: 0.999727
47571: 0.999727
47572: 0.999727
47573: 0.999727
47574: 0.999727
47575: 0.999727
47576: 0.999727
47577: 0.999727
47578: 0.999727
47579: 0.999727
47580: 0.999727
47581: 0.999727
47582: 0.999727
47583: 0.999727
47584: 0.999727
47585: 0.999727
47586: 0.999727
47587: 0.999727
47588: 0.999727
47589: 0.999727
47590: 0.999727
47591: 0.999727
47592: 0.999727
47593: 0.999727
47594: 0.999727
47595: 0.999727
47596: 0.999727
47597: 0.999727
47598: 0.999727
47599: 0.999727
47600: 0.999727
47601: 0.999727
47602: 0.999727
47603: 0.999727
47604: 0.999727
47605: 0.999727
47606: 0.999727
47607: 0.999727
47608: 0.999727
47609: 0.999727
47610: 0.999727
47611: 0.999727
47612: 0.999727
47613: 0.999727
47614: 0.999727
47615: 0.999727
47616: 0.999727
47617: 0.999727
47618: 0.999727
47619: 0.999727
47620: 0.999727
47621: 0.999727
47622: 0.999727
47623: 0.999727
47624: 0.999727
47625: 0.999727
47626: 0.999727
47627: 0.999727
47628: 0.999727
47629: 0.999727
47630: 0.999727
47631: 0.999727
47632: 0.999727
47633: 0.999727
47634: 0.999727
47635: 0.999727
47636: 0.999727
47637: 0.999727
47638: 0.999727
47639: 0.999727
47640: 0.999727
47641: 0.999727
47642: 0.999727
47643: 0.999727
47644: 0.999727
47645: 0.999727
47646: 0.999727
47647: 0.999727
47648: 0.999727
47649: 0.999727
47650: 0.999727
47651: 0.999727
47652: 0.999727
47653: 0.999727
47654: 0.999727
47655: 0.999727
47656: 0.999727
47657: 0.999727
47658: 0.999727
47659: 0.999727
47660: 0.999727
47661: 0.999727
47662: 0.999727
47663: 0.999727
47664: 0.999727
47665: 0.999727
47666: 0.999727
47667: 0.999727
47668: 0.999727
47669: 0.999727
47670: 0.999727
47671: 0.999727
47672: 0.999727
47673: 0.999727
47674: 0.999727
47675: 0.999727
47676: 0.999727
47677: 0.999727
47678: 0.999727
47679: 0.999727
47680: 0.999727
47681: 0.999727
47682: 0.999727
47683: 0.999727
47684: 0.999727
47685: 0.999727
47686: 0.999727
47687: 0.999727
47688: 0.999727
47689: 0.999727
47690: 0.999727
47691: 0.999727
47692: 0.999727
47693: 0.999727
47694: 0.999727
47695: 0.999727
47696: 0.999727
47697: 0.999727
47698: 0.999727
47699: 0.999727
47700: 0.999727
47701: 0.999727
47702: 0.999727
47703: 0.999727
47704: 0.999727
47705: 0.999727
47706: 0.999728
47707: 0.999728
47708: 0.999728
47709: 0.999728
47710: 0.999728
47711: 0.999728
47712: 0.999728
47713: 0.999728
47714: 0.999728
47715: 0.999728
47716: 0.999728
47717: 0.999728
47718: 0.999728
47719: 0.999728
47720: 0.999728
47721: 0.999728
47722: 0.999728
47723: 0.999728
47724: 0.999728
47725: 0.999728
47726: 0.999728
47727: 0.999728
47728: 0.999728
47729: 0.999728
47730: 0.999728
47731: 0.999728
47732: 0.999728
47733: 0.999728
47734: 0.999728
47735: 0.999728
47736: 0.999728
47737: 0.999728
47738: 0.999728
47739: 0.999728
47740: 0.999728
47741: 0.999728
47742: 0.999728
47743: 0.999728
47744: 0.999728
47745: 0.999728
47746: 0.999728
47747: 0.999728
47748: 0.999728
47749: 0.999728
47750: 0.999728
47751: 0.999728
47752: 0.999728
47753: 0.999728
47754: 0.999728
47755: 0.999728
47756: 0.999728
47757: 0.999728
47758: 0.999728
47759: 0.999728
47760: 0.999728
47761: 0.999728
47762: 0.999728
47763: 0.999728
47764: 0.999728
47765: 0.999728
47766: 0.999728
47767: 0.999728
47768: 0.999728
47769: 0.999728
47770: 0.999728
47771: 0.999728
47772: 0.999728
47773: 0.999728
47774: 0.999728
47775: 0.999728
47776: 0.999728
47777: 0.999728
47778: 0.999728
47779: 0.999728
47780: 0.999728
47781: 0.999728
47782: 0.999728
47783: 0.999728
47784: 0.999728
47785: 0.999728
47786: 0.999728
47787: 0.999728
47788: 0.999728
47789: 0.999728
47790: 0.999728
47791: 0.999728
47792: 0.999728
47793: 0.999728
47794: 0.999728
47795: 0.999728
47796: 0.999728
47797: 0.999728
47798: 0.999728
47799: 0.999728
47800: 0.999728
47801: 0.999728
47802: 0.999728
47803: 0.999728
47804: 0.999728
47805: 0.999728
47806: 0.999728
47807: 0.999728
47808: 0.999728
47809: 0.999728
47810: 0.999728
47811: 0.999728
47812: 0.999728
47813: 0.999728
47814: 0.999728
47815: 0.999728
47816: 0.999728
47817: 0.999728
47818: 0.999728
47819: 0.999728
47820: 0.999728
47821: 0.999728
47822: 0.999728
47823: 0.999728
47824: 0.999728
47825: 0.999728
47826: 0.999728
47827: 0.999728
47828: 0.999728
47829: 0.999728
47830: 0.999728
47831: 0.999728
47832: 0.999728
47833: 0.999728
47834: 0.999728
47835: 0.999728
47836: 0.999728
47837: 0.999728
47838: 0.999728
47839: 0.999728
47840: 0.999728
47841: 0.999728
47842: 0.999728
47843: 0.999728
47844: 0.999728
47845: 0.999728
47846: 0.999728
47847: 0.999728
47848: 0.999728
47849: 0.999728
47850: 0.999728
47851: 0.999728
47852: 0.999728
47853: 0.999728
47854: 0.999728
47855: 0.999728
47856: 0.999728
47857: 0.999728
47858: 0.999728
47859: 0.999728
47860: 0.999728
47861: 0.999728
47862: 0.999728
47863: 0.999728
47864: 0.999728
47865: 0.999728
47866: 0.999728
47867: 0.999728
47868: 0.999728
47869: 0.999728
47870: 0.999728
47871: 0.999728
47872: 0.999728
47873: 0.999728
47874: 0.999728
47875: 0.999728
47876: 0.999728
47877: 0.999728
47878: 0.999728
47879: 0.999728
47880: 0.999728
47881: 0.999728
47882: 0.999729
47883: 0.999729
47884: 0.999729
47885: 0.999729
47886: 0.999729
47887: 0.999729
47888: 0.999729
47889: 0.999729
47890: 0.999729
47891: 0.999729
47892: 0.999729
47893: 0.999729
47894: 0.999729
47895: 0.999729
47896: 0.999729
47897: 0.999729
47898: 0.999729
47899: 0.999729
47900: 0.999729
47901: 0.999729
47902: 0.999729
47903: 0.999729
47904: 0.999729
47905: 0.999729
47906: 0.999729
47907: 0.999729
47908: 0.999729
47909: 0.999729
47910: 0.999729
47911: 0.999729
47912: 0.999729
47913: 0.999729
47914: 0.999729
47915: 0.999729
47916: 0.999729
47917: 0.999729
47918: 0.999729
47919: 0.999729
47920: 0.999729
47921: 0.999729
47922: 0.999729
47923: 0.999729
47924: 0.999729
47925: 0.999729
47926: 0.999729
47927: 0.999729
47928: 0.999729
47929: 0.999729
47930: 0.999729
47931: 0.999729
47932: 0.999729
47933: 0.999729
47934: 0.999729
47935: 0.999729
47936: 0.999729
47937: 0.999729
47938: 0.999729
47939: 0.999729
47940: 0.999729
47941: 0.999729
47942: 0.999729
47943: 0.999729
47944: 0.999729
47945: 0.999729
47946: 0.999729
47947: 0.999729
47948: 0.999729
47949: 0.999729
47950: 0.999729
47951: 0.999729
47952: 0.999729
47953: 0.999729
47954: 0.999729
47955: 0.999729
47956: 0.999729
47957: 0.999729
47958: 0.999729
47959: 0.999729
47960: 0.999729
47961: 0.999729
47962: 0.999729
47963: 0.999729
47964: 0.999729
47965: 0.999729
47966: 0.999729
47967: 0.999729
47968: 0.999729
47969: 0.999729
47970: 0.999729
47971: 0.999729
47972: 0.999729
47973: 0.999729
47974: 0.999729
47975: 0.999729
47976: 0.999729
47977: 0.999729
47978: 0.999729
47979: 0.999729
47980: 0.999729
47981: 0.999729
47982: 0.999729
47983: 0.999729
47984: 0.999729
47985: 0.999729
47986: 0.999729
47987: 0.999729
47988: 0.999729
47989: 0.999729
47990: 0.999729
47991: 0.999729
47992: 0.999729
47993: 0.999729
47994: 0.999729
47995: 0.999729
47996: 0.999729
47997: 0.999729
47998: 0.999729
47999: 0.999729
48000: 0.999729
48001: 0.999729
48002: 0.999729
48003: 0.999729
48004: 0.999729
48005: 0.999729
48006: 0.999729
48007: 0.999729
48008: 0.999729
48009: 0.999729
48010: 0.999729
48011: 0.999729
48012: 0.999729
48013: 0.999729
48014: 0.999729
48015: 0.999729
48016: 0.999729
48017: 0.999729
48018: 0.999729
48019: 0.999729
48020: 0.999729
48021: 0.999729
48022: 0.999729
48023: 0.999729
48024: 0.999729
48025: 0.999729
48026: 0.999729
48027: 0.999729
48028: 0.999729
48029: 0.999729
48030: 0.999729
48031: 0.999729
48032: 0.999729
48033: 0.999729
48034: 0.999729
48035: 0.999729
48036: 0.999729
48037: 0.999729
48038: 0.999729
48039: 0.999729
48040: 0.999729
48041: 0.999729
48042: 0.999729
48043: 0.999729
48044: 0.999729
48045: 0.999729
48046: 0.999729
48047: 0.999729
48048: 0.999729
48049: 0.999729
48050: 0.999729
48051: 0.999729
48052: 0.999729
48053: 0.999729
48054: 0.999729
48055: 0.999729
48056: 0.999729
48057: 0.999729
48058: 0.999729
48059: 0.99973
48060: 0.99973
48061: 0.99973
48062: 0.99973
48063: 0.99973
48064: 0.99973
48065: 0.99973
48066: 0.99973
48067: 0.99973
48068: 0.99973
48069: 0.99973
48070: 0.99973
48071: 0.99973
48072: 0.99973
48073: 0.99973
48074: 0.99973
48075: 0.99973
48076: 0.99973
48077: 0.99973
48078: 0.99973
48079: 0.99973
48080: 0.99973
48081: 0.99973
48082: 0.99973
48083: 0.99973
48084: 0.99973
48085: 0.99973
48086: 0.99973
48087: 0.99973
48088: 0.99973
48089: 0.99973
48090: 0.99973
48091: 0.99973
48092: 0.99973
48093: 0.99973
48094: 0.99973
48095: 0.99973
48096: 0.99973
48097: 0.99973
48098: 0.99973
48099: 0.99973
48100: 0.99973
48101: 0.99973
48102: 0.99973
48103: 0.99973
48104: 0.99973
48105: 0.99973
48106: 0.99973
48107: 0.99973
48108: 0.99973
48109: 0.99973
48110: 0.99973
48111: 0.99973
48112: 0.99973
48113: 0.99973
48114: 0.99973
48115: 0.99973
48116: 0.99973
48117: 0.99973
48118: 0.99973
48119: 0.99973
48120: 0.99973
48121: 0.99973
48122: 0.99973
48123: 0.99973
48124: 0.99973
48125: 0.99973
48126: 0.99973
48127: 0.99973
48128: 0.99973
48129: 0.99973
48130: 0.99973
48131: 0.99973
48132: 0.99973
48133: 0.99973
48134: 0.99973
48135: 0.99973
48136: 0.99973
48137: 0.99973
48138: 0.99973
48139: 0.99973
48140: 0.99973
48141: 0.99973
48142: 0.99973
48143: 0.99973
48144: 0.99973
48145: 0.99973
48146: 0.99973
48147: 0.99973
48148: 0.99973
48149: 0.99973
48150: 0.99973
48151: 0.99973
48152: 0.99973
48153: 0.99973
48154: 0.99973
48155: 0.99973
48156: 0.99973
48157: 0.99973
48158: 0.99973
48159: 0.99973
48160: 0.99973
48161: 0.99973
48162: 0.99973
48163: 0.99973
48164: 0.99973
48165: 0.99973
48166: 0.99973
48167: 0.99973
48168: 0.99973
48169: 0.99973
48170: 0.99973
48171: 0.99973
48172: 0.99973
48173: 0.99973
48174: 0.99973
48175: 0.99973
48176: 0.99973
48177: 0.99973
48178: 0.99973
48179: 0.99973
48180: 0.99973
48181: 0.99973
48182: 0.99973
48183: 0.99973
48184: 0.99973
48185: 0.99973
48186: 0.99973
48187: 0.99973
48188: 0.99973
48189: 0.99973
48190: 0.99973
48191: 0.99973
48192: 0.99973
48193: 0.99973
48194: 0.99973
48195: 0.99973
48196: 0.99973
48197: 0.99973
48198: 0.99973
48199: 0.99973
48200: 0.99973
48201: 0.99973
48202: 0.99973
48203: 0.99973
48204: 0.99973
48205: 0.99973
48206: 0.99973
48207: 0.99973
48208: 0.99973
48209: 0.99973
48210: 0.99973
48211: 0.99973
48212: 0.99973
48213: 0.99973
48214: 0.99973
48215: 0.99973
48216: 0.99973
48217: 0.99973
48218: 0.99973
48219: 0.99973
48220: 0.99973
48221: 0.99973
48222: 0.99973
48223: 0.99973
48224: 0.99973
48225: 0.99973
48226: 0.99973
48227: 0.99973
48228: 0.99973
48229: 0.99973
48230: 0.99973
48231: 0.99973
48232: 0.99973
48233: 0.99973
48234: 0.99973
48235: 0.99973
48236: 0.99973
48237: 0.999731
48238: 0.999731
48239: 0.999731
48240: 0.999731
48241: 0.999731
48242: 0.999731
48243: 0.999731
48244: 0.999731
48245: 0.999731
48246: 0.999731
48247: 0.999731
48248: 0.999731
48249: 0.999731
48250: 0.999731
48251: 0.999731
48252: 0.999731
48253: 0.999731
48254: 0.999731
48255: 0.999731
48256: 0.999731
48257: 0.999731
48258: 0.999731
48259: 0.999731
48260: 0.999731
48261: 0.999731
48262: 0.999731
48263: 0.999731
48264: 0.999731
48265: 0.999731
48266: 0.999731
48267: 0.999731
48268: 0.999731
48269: 0.999731
48270: 0.999731
48271: 0.999731
48272: 0.999731
48273: 0.999731
48274: 0.999731
48275: 0.999731
48276: 0.999731
48277: 0.999731
48278: 0.999731
48279: 0.999731
48280: 0.999731
48281: 0.999731
48282: 0.999731
48283: 0.999731
48284: 0.999731
48285: 0.999731
48286: 0.999731
48287: 0.999731
48288: 0.999731
48289: 0.999731
48290: 0.999731
48291: 0.999731
48292: 0.999731
48293: 0.999731
48294: 0.999731
48295: 0.999731
48296: 0.999731
48297: 0.999731
48298: 0.999731
48299: 0.999731
48300: 0.999731
48301: 0.999731
48302: 0.999731
48303: 0.999731
48304: 0.999731
48305: 0.999731
48306: 0.999731
48307: 0.999731
48308: 0.999731
48309: 0.999731
48310: 0.999731
48311: 0.999731
48312: 0.999731
48313: 0.999731
48314: 0.999731
48315: 0.999731
48316: 0.999731
48317: 0.999731
48318: 0.999731
48319: 0.999731
48320: 0.999731
48321: 0.999731
48322: 0.999731
48323: 0.999731
48324: 0.999731
48325: 0.999731
48326: 0.999731
48327: 0.999731
48328: 0.999731
48329: 0.999731
48330: 0.999731
48331: 0.999731
48332: 0.999731
48333: 0.999731
48334: 0.999731
48335: 0.999731
48336: 0.999731
48337: 0.999731
48338: 0.999731
48339: 0.999731
48340: 0.999731
48341: 0.999731
48342: 0.999731
48343: 0.999731
48344: 0.999731
48345: 0.999731
48346: 0.999731
48347: 0.999731
48348: 0.999731
48349: 0.999731
48350: 0.999731
48351: 0.999731
48352: 0.999731
48353: 0.999731
48354: 0.999731
48355: 0.999731
48356: 0.999731
48357: 0.999731
48358: 0.999731
48359: 0.999731
48360: 0.999731
48361: 0.999731
48362: 0.999731
48363: 0.999731
48364: 0.999731
48365: 0.999731
48366: 0.999731
48367: 0.999731
48368: 0.999731
48369: 0.999731
48370: 0.999731
48371: 0.999731
48372: 0.999731
48373: 0.999731
48374: 0.999731
48375: 0.999731
48376: 0.999731
48377: 0.999731
48378: 0.999731
48379: 0.999731
48380: 0.999731
48381: 0.999731
48382: 0.999731
48383: 0.999731
48384: 0.999731
48385: 0.999731
48386: 0.999731
48387: 0.999731
48388: 0.999731
48389: 0.999731
48390: 0.999731
48391: 0.999731
48392: 0.999731
48393: 0.999731
48394: 0.999731
48395: 0.999731
48396: 0.999731
48397: 0.999731
48398: 0.999731
48399: 0.999731
48400: 0.999731
48401: 0.999731
48402: 0.999731
48403: 0.999731
48404: 0.999731
48405: 0.999731
48406: 0.999731
48407: 0.999731
48408: 0.999731
48409: 0.999731
48410: 0.999731
48411: 0.999731
48412: 0.999731
48413: 0.999731
48414: 0.999731
48415: 0.999731
48416: 0.999731
48417: 0.999732
48418: 0.999732
48419: 0.999732
48420: 0.999732
48421: 0.999732
48422: 0.999732
48423: 0.999732
48424: 0.999732
48425: 0.999732
48426: 0.999732
48427: 0.999732
48428: 0.999732
48429: 0.999732
48430: 0.999732
48431: 0.999732
48432: 0.999732
48433: 0.999732
48434: 0.999732
48435: 0.999732
48436: 0.999732
48437: 0.999732
48438: 0.999732
48439: 0.999732
48440: 0.999732
48441: 0.999732
48442: 0.999732
48443: 0.999732
48444: 0.999732
48445: 0.999732
48446: 0.999732
48447: 0.999732
48448: 0.999732
48449: 0.999732
48450: 0.999732
48451: 0.999732
48452: 0.999732
48453: 0.999732
48454: 0.999732
48455: 0.999732
48456: 0.999732
48457: 0.999732
48458: 0.999732
48459: 0.999732
48460: 0.999732
48461: 0.999732
48462: 0.999732
48463: 0.999732
48464: 0.999732
48465: 0.999732
48466: 0.999732
48467: 0.999732
48468: 0.999732
48469: 0.999732
48470: 0.999732
48471: 0.999732
48472: 0.999732
48473: 0.999732
48474: 0.999732
48475: 0.999732
48476: 0.999732
48477: 0.999732
48478: 0.999732
48479: 0.999732
48480: 0.999732
48481: 0.999732
48482: 0.999732
48483: 0.999732
48484: 0.999732
48485: 0.999732
48486: 0.999732
48487: 0.999732
48488: 0.999732
48489: 0.999732
48490: 0.999732
48491: 0.999732
48492: 0.999732
48493: 0.999732
48494: 0.999732
48495: 0.999732
48496: 0.999732
48497: 0.999732
48498: 0.999732
48499: 0.999732
48500: 0.999732
48501: 0.999732
48502: 0.999732
48503: 0.999732
48504: 0.999732
48505: 0.999732
48506: 0.999732
48507: 0.999732
48508: 0.999732
48509: 0.999732
48510: 0.999732
48511: 0.999732
48512: 0.999732
48513: 0.999732
48514: 0.999732
48515: 0.999732
48516: 0.999732
48517: 0.999732
48518: 0.999732
48519: 0.999732
48520: 0.999732
48521: 0.999732
48522: 0.999732
48523: 0.999732
48524: 0.999732
48525: 0.999732
48526: 0.999732
48527: 0.999732
48528: 0.999732
48529: 0.999732
48530: 0.999732
48531: 0.999732
48532: 0.999732
48533: 0.999732
48534: 0.999732
48535: 0.999732
48536: 0.999732
48537: 0.999732
48538: 0.999732
48539: 0.999732
48540: 0.999732
48541: 0.999732
48542: 0.999732
48543: 0.999732
48544: 0.999732
48545: 0.999732
48546: 0.999732
48547: 0.999732
48548: 0.999732
48549: 0.999732
48550: 0.999732
48551: 0.999732
48552: 0.999732
48553: 0.999732
48554: 0.999732
48555: 0.999732
48556: 0.999732
48557: 0.999732
48558: 0.999732
48559: 0.999732
48560: 0.999732
48561: 0.999732
48562: 0.999732
48563: 0.999732
48564: 0.999732
48565: 0.999732
48566: 0.999732
48567: 0.999732
48568: 0.999732
48569: 0.999732
48570: 0.999732
48571: 0.999732
48572: 0.999732
48573: 0.999732
48574: 0.999732
48575: 0.999732
48576: 0.999732
48577: 0.999732
48578: 0.999732
48579: 0.999732
48580: 0.999732
48581: 0.999732
48582: 0.999732
48583: 0.999732
48584: 0.999732
48585: 0.999732
48586: 0.999732
48587: 0.999732
48588: 0.999732
48589: 0.999732
48590: 0.999732
48591: 0.999732
48592: 0.999732
48593: 0.999732
48594: 0.999732
48595: 0.999732
48596: 0.999732
48597: 0.999732
48598: 0.999733
48599: 0.999733
48600: 0.999733
48601: 0.999733
48602: 0.999733
48603: 0.999733
48604: 0.999733
48605: 0.999733
48606: 0.999733
48607: 0.999733
48608: 0.999733
48609: 0.999733
48610: 0.999733
48611: 0.999733
48612: 0.999733
48613: 0.999733
48614: 0.999733
48615: 0.999733
48616: 0.999733
48617: 0.999733
48618: 0.999733
48619: 0.999733
48620: 0.999733
48621: 0.999733
48622: 0.999733
48623: 0.999733
48624: 0.999733
48625: 0.999733
48626: 0.999733
48627: 0.999733
48628: 0.999733
48629: 0.999733
48630: 0.999733
48631: 0.999733
48632: 0.999733
48633: 0.999733
48634: 0.999733
48635: 0.999733
48636: 0.999733
48637: 0.999733
48638: 0.999733
48639: 0.999733
48640: 0.999733
48641: 0.999733
48642: 0.999733
48643: 0.999733
48644: 0.999733
48645: 0.999733
48646: 0.999733
48647: 0.999733
48648: 0.999733
48649: 0.999733
48650: 0.999733
48651: 0.999733
48652: 0.999733
48653: 0.999733
48654: 0.999733
48655: 0.999733
48656: 0.999733
48657: 0.999733
48658: 0.999733
48659: 0.999733
48660: 0.999733
48661: 0.999733
48662: 0.999733
48663: 0.999733
48664: 0.999733
48665: 0.999733
48666: 0.999733
48667: 0.999733
48668: 0.999733
48669: 0.999733
48670: 0.999733
48671: 0.999733
48672: 0.999733
48673: 0.999733
48674: 0.999733
48675: 0.999733
48676: 0.999733
48677: 0.999733
48678: 0.999733
48679: 0.999733
48680: 0.999733
48681: 0.999733
48682: 0.999733
48683: 0.999733
48684: 0.999733
48685: 0.999733
48686: 0.999733
48687: 0.999733
48688: 0.999733
48689: 0.999733
48690: 0.999733
48691: 0.999733
48692: 0.999733
48693: 0.999733
48694: 0.999733
48695: 0.999733
48696: 0.999733
48697: 0.999733
48698: 0.999733
48699: 0.999733
48700: 0.999733
48701: 0.999733
48702: 0.999733
48703: 0.999733
48704: 0.999733
48705: 0.999733
48706: 0.999733
48707: 0.999733
48708: 0.999733
48709: 0.999733
48710: 0.999733
48711: 0.999733
48712: 0.999733
48713: 0.999733
48714: 0.999733
48715: 0.999733
48716: 0.999733
48717: 0.999733
48718: 0.999733
48719: 0.999733
48720: 0.999733
48721: 0.999733
48722: 0.999733
48723: 0.999733
48724: 0.999733
48725: 0.999733
48726: 0.999733
48727: 0.999733
48728: 0.999733
48729: 0.999733
48730: 0.999733
48731: 0.999733
48732: 0.999733
48733: 0.999733
48734: 0.999733
48735: 0.999733
48736: 0.999733
48737: 0.999733
48738: 0.999733
48739: 0.999733
48740: 0.999733
48741: 0.999733
48742: 0.999733
48743: 0.999733
48744: 0.999733
48745: 0.999733
48746: 0.999733
48747: 0.999733
48748: 0.999733
48749: 0.999733
48750: 0.999733
48751: 0.999733
48752: 0.999733
48753: 0.999733
48754: 0.999733
48755: 0.999733
48756: 0.999733
48757: 0.999733
48758: 0.999733
48759: 0.999733
48760: 0.999733
48761: 0.999733
48762: 0.999733
48763: 0.999733
48764: 0.999733
48765: 0.999733
48766: 0.999733
48767: 0.999733
48768: 0.999733
48769: 0.999733
48770: 0.999733
48771: 0.999733
48772: 0.999733
48773: 0.999733
48774: 0.999733
48775: 0.999733
48776: 0.999733
48777: 0.999733
48778: 0.999733
48779: 0.999733
48780: 0.999734
48781: 0.999734
48782: 0.999734
48783: 0.999734
48784: 0.999734
48785: 0.999734
48786: 0.999734
48787: 0.999734
48788: 0.999734
48789: 0.999734
48790: 0.999734
48791: 0.999734
48792: 0.999734
48793: 0.999734
48794: 0.999734
48795: 0.999734
48796: 0.999734
48797: 0.999734
48798: 0.999734
48799: 0.999734
48800: 0.999734
48801: 0.999734
48802: 0.999734
48803: 0.999734
48804: 0.999734
48805: 0.999734
48806: 0.999734
48807: 0.999734
48808: 0.999734
48809: 0.999734
48810: 0.999734
48811: 0.999734
48812: 0.999734
48813: 0.999734
48814: 0.999734
48815: 0.999734
48816: 0.999734
48817: 0.999734
48818: 0.999734
48819: 0.999734
48820: 0.999734
48821: 0.999734
48822: 0.999734
48823: 0.999734
48824: 0.999734
48825: 0.999734
48826: 0.999734
48827: 0.999734
48828: 0.999734
48829: 0.999734
48830: 0.999734
48831: 0.999734
48832: 0.999734
48833: 0.999734
48834: 0.999734
48835: 0.999734
48836: 0.999734
48837: 0.999734
48838: 0.999734
48839: 0.999734
48840: 0.999734
48841: 0.999734
48842: 0.999734
48843: 0.999734
48844: 0.999734
48845: 0.999734
48846: 0.999734
48847: 0.999734
48848: 0.999734
48849: 0.999734
48850: 0.999734
48851: 0.999734
48852: 0.999734
48853: 0.999734
48854: 0.999734
48855: 0.999734
48856: 0.999734
48857: 0.999734
48858: 0.999734
48859: 0.999734
48860: 0.999734
48861: 0.999734
48862: 0.999734
48863: 0.999734
48864: 0.999734
48865: 0.999734
48866: 0.999734
48867: 0.999734
48868: 0.999734
48869: 0.999734
48870: 0.999734
48871: 0.999734
48872: 0.999734
48873: 0.999734
48874: 0.999734
48875: 0.999734
48876: 0.999734
48877: 0.999734
48878: 0.999734
48879: 0.999734
48880: 0.999734
48881: 0.999734
48882: 0.999734
48883: 0.999734
48884: 0.999734
48885: 0.999734
48886: 0.999734
48887: 0.999734
48888: 0.999734
48889: 0.999734
48890: 0.999734
48891: 0.999734
48892: 0.999734
48893: 0.999734
48894: 0.999734
48895: 0.999734
48896: 0.999734
48897: 0.999734
48898: 0.999734
48899: 0.999734
48900: 0.999734
48901: 0.999734
48902: 0.999734
48903: 0.999734
48904: 0.999734
48905: 0.999734
48906: 0.999734
48907: 0.999734
48908: 0.999734
48909: 0.999734
48910: 0.999734
48911: 0.999734
48912: 0.999734
48913: 0.999734
48914: 0.999734
48915: 0.999734
48916: 0.999734
48917: 0.999734
48918: 0.999734
48919: 0.999734
48920: 0.999734
48921: 0.999734
48922: 0.999734
48923: 0.999734
48924: 0.999734
48925: 0.999734
48926: 0.999734
48927: 0.999734
48928: 0.999734
48929: 0.999734
48930: 0.999734
48931: 0.999734
48932: 0.999734
48933: 0.999734
48934: 0.999734
48935: 0.999734
48936: 0.999734
48937: 0.999734
48938: 0.999734
48939: 0.999734
48940: 0.999734
48941: 0.999734
48942: 0.999734
48943: 0.999734
48944: 0.999734
48945: 0.999734
48946: 0.999734
48947: 0.999734
48948: 0.999734
48949: 0.999734
48950: 0.999734
48951: 0.999734
48952: 0.999734
48953: 0.999734
48954: 0.999734
48955: 0.999734
48956: 0.999734
48957: 0.999734
48958: 0.999734
48959: 0.999734
48960: 0.999734
48961: 0.999734
48962: 0.999734
48963: 0.999734
48964: 0.999735
48965: 0.999735
48966: 0.999735
48967: 0.999735
48968: 0.999735
48969: 0.999735
48970: 0.999735
48971: 0.999735
48972: 0.999735
48973: 0.999735
48974: 0.999735
48975: 0.999735
48976: 0.999735
48977: 0.999735
48978: 0.999735
48979: 0.999735
48980: 0.999735
48981: 0.999735
48982: 0.999735
48983: 0.999735
48984: 0.999735
48985: 0.999735
48986: 0.999735
48987: 0.999735
48988: 0.999735
48989: 0.999735
48990: 0.999735
48991: 0.999735
48992: 0.999735
48993: 0.999735
48994: 0.999735
48995: 0.999735
48996: 0.999735
48997: 0.999735
48998: 0.999735
48999: 0.999735
49000: 0.999735
49001: 0.999735
49002: 0.999735
49003: 0.999735
49004: 0.999735
49005: 0.999735
49006: 0.999735
49007: 0.999735
49008: 0.999735
49009: 0.999735
49010: 0.999735
49011: 0.999735
49012: 0.999735
49013: 0.999735
49014: 0.999735
49015: 0.999735
49016: 0.999735
49017: 0.999735
49018: 0.999735
49019: 0.999735
49020: 0.999735
49021: 0.999735
49022: 0.999735
49023: 0.999735
49024: 0.999735
49025: 0.999735
49026: 0.999735
49027: 0.999735
49028: 0.999735
49029: 0.999735
49030: 0.999735
49031: 0.999735
49032: 0.999735
49033: 0.999735
49034: 0.999735
49035: 0.999735
49036: 0.999735
49037: 0.999735
49038: 0.999735
49039: 0.999735
49040: 0.999735
49041: 0.999735
49042: 0.999735
49043: 0.999735
49044: 0.999735
49045: 0.999735
49046: 0.999735
49047: 0.999735
49048: 0.999735
49049: 0.999735
49050: 0.999735
49051: 0.999735
49052: 0.999735
49053: 0.999735
49054: 0.999735
49055: 0.999735
49056: 0.999735
49057: 0.999735
49058: 0.999735
49059: 0.999735
49060: 0.999735
49061: 0.999735
49062: 0.999735
49063: 0.999735
49064: 0.999735
49065: 0.999735
49066: 0.999735
49067: 0.999735
49068: 0.999735
49069: 0.999735
49070: 0.999735
49071: 0.999735
49072: 0.999735
49073: 0.999735
49074: 0.999735
49075: 0.999735
49076: 0.999735
49077: 0.999735
49078: 0.999735
49079: 0.999735
49080: 0.999735
49081: 0.999735
49082: 0.999735
49083: 0.999735
49084: 0.999735
49085: 0.999735
49086: 0.999735
49087: 0.999735
49088: 0.999735
49089: 0.999735
49090: 0.999735
49091: 0.999735
49092: 0.999735
49093: 0.999735
49094: 0.999735
49095: 0.999735
49096: 0.999735
49097: 0.999735
49098: 0.999735
49099: 0.999735
49100: 0.999735
49101: 0.999735
49102: 0.999735
49103: 0.999735
49104: 0.999735
49105: 0.999735
49106: 0.999735
49107: 0.999735
49108: 0.999735
49109: 0.999735
49110: 0.999735
49111: 0.999735
49112: 0.999735
49113: 0.999735
49114: 0.999735
49115: 0.999735
49116: 0.999735
49117: 0.999735
49118: 0.999735
49119: 0.999735
49120: 0.999735
49121: 0.999735
49122: 0.999735
49123: 0.999735
49124: 0.999735
49125: 0.999735
49126: 0.999735
49127: 0.999735
49128: 0.999735
49129: 0.999735
49130: 0.999735
49131: 0.999735
49132: 0.999735
49133: 0.999735
49134: 0.999735
49135: 0.999735
49136: 0.999735
49137: 0.999735
49138: 0.999735
49139: 0.999735
49140: 0.999735
49141: 0.999735
49142: 0.999735
49143: 0.999735
49144: 0.999735
49145: 0.999735
49146: 0.999735
49147: 0.999735
49148: 0.999735
49149: 0.999736
49150: 0.999736
49151: 0.999736
49152: 0.999736
49153: 0.999736
49154: 0.999736
49155: 0.999736
49156: 0.999736
49157: 0.999736
49158: 0.999736
49159: 0.999736
49160: 0.999736
49161: 0.999736
49162: 0.999736
49163: 0.999736
49164: 0.999736
49165: 0.999736
49166: 0.999736
49167: 0.999736
49168: 0.999736
49169: 0.999736
49170: 0.999736
49171: 0.999736
49172: 0.999736
49173: 0.999736
49174: 0.999736
49175: 0.999736
49176: 0.999736
49177: 0.999736
49178: 0.999736
49179: 0.999736
49180: 0.999736
49181: 0.999736
49182: 0.999736
49183: 0.999736
49184: 0.999736
49185: 0.999736
49186: 0.999736
49187: 0.999736
49188: 0.999736
49189: 0.999736
49190: 0.999736
49191: 0.999736
49192: 0.999736
49193: 0.999736
49194: 0.999736
49195: 0.999736
49196: 0.999736
49197: 0.999736
49198: 0.999736
49199: 0.999736
49200: 0.999736
49201: 0.999736
49202: 0.999736
49203: 0.999736
49204: 0.999736
49205: 0.999736
49206: 0.999736
49207: 0.999736
49208: 0.999736
49209: 0.999736
49210: 0.999736
49211: 0.999736
49212: 0.999736
49213: 0.999736
49214: 0.999736
49215: 0.999736
49216: 0.999736
49217: 0.999736
49218: 0.999736
49219: 0.999736
49220: 0.999736
49221: 0.999736
49222: 0.999736
49223: 0.999736
49224: 0.999736
49225: 0.999736
49226: 0.999736
49227: 0.999736
49228: 0.999736
49229: 0.999736
49230: 0.999736
49231: 0.999736
49232: 0.999736
49233: 0.999736
49234: 0.999736
49235: 0.999736
49236: 0.999736
49237: 0.999736
49238: 0.999736
49239: 0.999736
49240: 0.999736
49241: 0.999736
49242: 0.999736
49243: 0.999736
49244: 0.999736
49245: 0.999736
49246: 0.999736
49247: 0.999736
49248: 0.999736
49249: 0.999736
49250: 0.999736
49251: 0.999736
49252: 0.999736
49253: 0.999736
49254: 0.999736
49255: 0.999736
49256: 0.999736
49257: 0.999736
49258: 0.999736
49259: 0.999736
49260: 0.999736
49261: 0.999736
49262: 0.999736
49263: 0.999736
49264: 0.999736
49265: 0.999736
49266: 0.999736
49267: 0.999736
49268: 0.999736
49269: 0.999736
49270: 0.999736
49271: 0.999736
49272: 0.999736
49273: 0.999736
49274: 0.999736
49275: 0.999736
49276: 0.999736
49277: 0.999736
49278: 0.999736
49279: 0.999736
49280: 0.999736
49281: 0.999736
49282: 0.999736
49283: 0.999736
49284: 0.999736
49285: 0.999736
49286: 0.999736
49287: 0.999736
49288: 0.999736
49289: 0.999736
49290: 0.999736
49291: 0.999736
49292: 0.999736
49293: 0.999736
49294: 0.999736
49295: 0.999736
49296: 0.999736
49297: 0.999736
49298: 0.999736
49299: 0.999736
49300: 0.999736
49301: 0.999736
49302: 0.999736
49303: 0.999736
49304: 0.999736
49305: 0.999736
49306: 0.999736
49307: 0.999736
49308: 0.999736
49309: 0.999736
49310: 0.999736
49311: 0.999736
49312: 0.999736
49313: 0.999736
49314: 0.999736
49315: 0.999736
49316: 0.999736
49317: 0.999736
49318: 0.999736
49319: 0.999736
49320: 0.999736
49321: 0.999736
49322: 0.999736
49323: 0.999736
49324: 0.999736
49325: 0.999736
49326: 0.999736
49327: 0.999736
49328: 0.999736
49329: 0.999736
49330: 0.999736
49331: 0.999736
49332: 0.999736
49333: 0.999736
49334: 0.999736
49335: 0.999737
49336: 0.999737
49337: 0.999737
49338: 0.999737
49339: 0.999737
49340: 0.999737
49341: 0.999737
49342: 0.999737
49343: 0.999737
49344: 0.999737
49345: 0.999737
49346: 0.999737
49347: 0.999737
49348: 0.999737
49349: 0.999737
49350: 0.999737
49351: 0.999737
49352: 0.999737
49353: 0.999737
49354: 0.999737
49355: 0.999737
49356: 0.999737
49357: 0.999737
49358: 0.999737
49359: 0.999737
49360: 0.999737
49361: 0.999737
49362: 0.999737
49363: 0.999737
49364: 0.999737
49365: 0.999737
49366: 0.999737
49367: 0.999737
49368: 0.999737
49369: 0.999737
49370: 0.999737
49371: 0.999737
49372: 0.999737
49373: 0.999737
49374: 0.999737
49375: 0.999737
49376: 0.999737
49377: 0.999737
49378: 0.999737
49379: 0.999737
49380: 0.999737
49381: 0.999737
49382: 0.999737
49383: 0.999737
49384: 0.999737
49385: 0.999737
49386: 0.999737
49387: 0.999737
49388: 0.999737
49389: 0.999737
49390: 0.999737
49391: 0.999737
49392: 0.999737
49393: 0.999737
49394: 0.999737
49395: 0.999737
49396: 0.999737
49397: 0.999737
49398: 0.999737
49399: 0.999737
49400: 0.999737
49401: 0.999737
49402: 0.999737
49403: 0.999737
49404: 0.999737
49405: 0.999737
49406: 0.999737
49407: 0.999737
49408: 0.999737
49409: 0.999737
49410: 0.999737
49411: 0.999737
49412: 0.999737
49413: 0.999737
49414: 0.999737
49415: 0.999737
49416: 0.999737
49417: 0.999737
49418: 0.999737
49419: 0.999737
49420: 0.999737
49421: 0.999737
49422: 0.999737
49423: 0.999737
49424: 0.999737
49425: 0.999737
49426: 0.999737
49427: 0.999737
49428: 0.999737
49429: 0.999737
49430: 0.999737
49431: 0.999737
49432: 0.999737
49433: 0.999737
49434: 0.999737
49435: 0.999737
49436: 0.999737
49437: 0.999737
49438: 0.999737
49439: 0.999737
49440: 0.999737
49441: 0.999737
49442: 0.999737
49443: 0.999737
49444: 0.999737
49445: 0.999737
49446: 0.999737
49447: 0.999737
49448: 0.999737
49449: 0.999737
49450: 0.999737
49451: 0.999737
49452: 0.999737
49453: 0.999737
49454: 0.999737
49455: 0.999737
49456: 0.999737
49457: 0.999737
49458: 0.999737
49459: 0.999737
49460: 0.999737
49461: 0.999737
49462: 0.999737
49463: 0.999737
49464: 0.999737
49465: 0.999737
49466: 0.999737
49467: 0.999737
49468: 0.999737
49469: 0.999737
49470: 0.999737
49471: 0.999737
49472: 0.999737
49473: 0.999737
49474: 0.999737
49475: 0.999737
49476: 0.999737
49477: 0.999737
49478: 0.999737
49479: 0.999737
49480: 0.999737
49481: 0.999737
49482: 0.999737
49483: 0.999737
49484: 0.999737
49485: 0.999737
49486: 0.999737
49487: 0.999737
49488: 0.999737
49489: 0.999737
49490: 0.999737
49491: 0.999737
49492: 0.999737
49493: 0.999737
49494: 0.999737
49495: 0.999737
49496: 0.999737
49497: 0.999737
49498: 0.999737
49499: 0.999737
49500: 0.999737
49501: 0.999737
49502: 0.999737
49503: 0.999737
49504: 0.999737
49505: 0.999737
49506: 0.999737
49507: 0.999737
49508: 0.999737
49509: 0.999737
49510: 0.999737
49511: 0.999737
49512: 0.999737
49513: 0.999737
49514: 0.999737
49515: 0.999737
49516: 0.999737
49517: 0.999737
49518: 0.999737
49519: 0.999737
49520: 0.999737
49521: 0.999737
49522: 0.999737
49523: 0.999738
49524: 0.999738
49525: 0.999738
49526: 0.999738
49527: 0.999738
49528: 0.999738
49529: 0.999738
49530: 0.999738
49531: 0.999738
49532: 0.999738
49533: 0.999738
49534: 0.999738
49535: 0.999738
49536: 0.999738
49537: 0.999738
49538: 0.999738
49539: 0.999738
49540: 0.999738
49541: 0.999738
49542: 0.999738
49543: 0.999738
49544: 0.999738
49545: 0.999738
49546: 0.999738
49547: 0.999738
49548: 0.999738
49549: 0.999738
49550: 0.999738
49551: 0.999738
49552: 0.999738
49553: 0.999738
49554: 0.999738
49555: 0.999738
49556: 0.999738
49557: 0.999738
49558: 0.999738
49559: 0.999738
49560: 0.999738
49561: 0.999738
49562: 0.999738
49563: 0.999738
49564: 0.999738
49565: 0.999738
49566: 0.999738
49567: 0.999738
49568: 0.999738
49569: 0.999738
49570: 0.999738
49571: 0.999738
49572: 0.999738
49573: 0.999738
49574: 0.999738
49575: 0.999738
49576: 0.999738
49577: 0.999738
49578: 0.999738
49579: 0.999738
49580: 0.999738
49581: 0.999738
49582: 0.999738
49583: 0.999738
49584: 0.999738
49585: 0.999738
49586: 0.999738
49587: 0.999738
49588: 0.999738
49589: 0.999738
49590: 0.999738
49591: 0.999738
49592: 0.999738
49593: 0.999738
49594: 0.999738
49595: 0.999738
49596: 0.999738
49597: 0.999738
49598: 0.999738
49599: 0.999738
49600: 0.999738
49601: 0.999738
49602: 0.999738
49603: 0.999738
49604: 0.999738
49605: 0.999738
49606: 0.999738
49607: 0.999738
49608: 0.999738
49609: 0.999738
49610: 0.999738
49611: 0.999738
49612: 0.999738
49613: 0.999738
49614: 0.999738
49615: 0.999738
49616: 0.999738
49617: 0.999738
49618: 0.999738
49619: 0.999738
49620: 0.999738
49621: 0.999738
49622: 0.999738
49623: 0.999738
49624: 0.999738
49625: 0.999738
49626: 0.999738
49627: 0.999738
49628: 0.999738
49629: 0.999738
49630: 0.999738
49631: 0.999738
49632: 0.999738
49633: 0.999738
49634: 0.999738
49635: 0.999738
49636: 0.999738
49637: 0.999738
49638: 0.999738
49639: 0.999738
49640: 0.999738
49641: 0.999738
49642: 0.999738
49643: 0.999738
49644: 0.999738
49645: 0.999738
49646: 0.999738
49647: 0.999738
49648: 0.999738
49649: 0.999738
49650: 0.999738
49651: 0.999738
49652: 0.999738
49653: 0.999738
49654: 0.999738
49655: 0.999738
49656: 0.999738
49657: 0.999738
49658: 0.999738
49659: 0.999738
49660: 0.999738
49661: 0.999738
49662: 0.999738
49663: 0.999738
49664: 0.999738
49665: 0.999738
49666: 0.999738
49667: 0.999738
49668: 0.999738
49669: 0.999738
49670: 0.999738
49671: 0.999738
49672: 0.999738
49673: 0.999738
49674: 0.999738
49675: 0.999738
49676: 0.999738
49677: 0.999738
49678: 0.999738
49679: 0.999738
49680: 0.999738
49681: 0.999738
49682: 0.999738
49683: 0.999738
49684: 0.999738
49685: 0.999738
49686: 0.999738
49687: 0.999738
49688: 0.999738
49689: 0.999738
49690: 0.999738
49691: 0.999738
49692: 0.999738
49693: 0.999738
49694: 0.999738
49695: 0.999738
49696: 0.999738
49697: 0.999738
49698: 0.999738
49699: 0.999738
49700: 0.999738
49701: 0.999738
49702: 0.999738
49703: 0.999738
49704: 0.999738
49705: 0.999738
49706: 0.999738
49707: 0.999738
49708: 0.999738
49709: 0.999738
49710: 0.999738
49711: 0.999738
49712: 0.999738
49713: 0.999739
49714: 0.999739
49715: 0.999739
49716: 0.999739
49717: 0.999739
49718: 0.999739
49719: 0.999739
49720: 0.999739
49721: 0.999739
49722: 0.999739
49723: 0.999739
49724: 0.999739
49725: 0.999739
49726: 0.999739
49727: 0.999739
49728: 0.999739
49729: 0.999739
49730: 0.999739
49731: 0.999739
49732: 0.999739
49733: 0.999739
49734: 0.999739
49735: 0.999739
49736: 0.999739
49737: 0.999739
49738: 0.999739
49739: 0.999739
49740: 0.999739
49741: 0.999739
49742: 0.999739
49743: 0.999739
49744: 0.999739
49745: 0.999739
49746: 0.999739
49747: 0.999739
49748: 0.999739
49749: 0.999739
49750: 0.999739
49751: 0.999739
49752: 0.999739
49753: 0.999739
49754: 0.999739
49755: 0.999739
49756: 0.999739
49757: 0.999739
49758: 0.999739
49759: 0.999739
49760: 0.999739
49761: 0.999739
49762: 0.999739
49763: 0.999739
49764: 0.999739
49765: 0.999739
49766: 0.999739
49767: 0.999739
49768: 0.999739
49769: 0.999739
49770: 0.999739
49771: 0.999739
49772: 0.999739
49773: 0.999739
49774: 0.999739
49775: 0.999739
49776: 0.999739
49777: 0.999739
49778: 0.999739
49779: 0.999739
49780: 0.999739
49781: 0.999739
49782: 0.999739
49783: 0.999739
49784: 0.999739
49785: 0.999739
49786: 0.999739
49787: 0.999739
49788: 0.999739
49789: 0.999739
49790: 0.999739
49791: 0.999739
49792: 0.999739
49793: 0.999739
49794: 0.999739
49795: 0.999739
49796: 0.999739
49797: 0.999739
49798: 0.999739
49799: 0.999739
49800: 0.999739
49801: 0.999739
49802: 0.999739
49803: 0.999739
49804: 0.999739
49805: 0.999739
49806: 0.999739
49807: 0.999739
49808: 0.999739
49809: 0.999739
49810: 0.999739
49811: 0.999739
49812: 0.999739
49813: 0.999739
49814: 0.999739
49815: 0.999739
49816: 0.999739
49817: 0.999739
49818: 0.999739
49819: 0.999739
49820: 0.999739
49821: 0.999739
49822: 0.999739
49823: 0.999739
49824: 0.999739
49825: 0.999739
49826: 0.999739
49827: 0.999739
49828: 0.999739
49829: 0.999739
49830: 0.999739
49831: 0.999739
49832: 0.999739
49833: 0.999739
49834: 0.999739
49835: 0.999739
49836: 0.999739
49837: 0.999739
49838: 0.999739
49839: 0.999739
49840: 0.999739
49841: 0.999739
49842: 0.999739
49843: 0.999739
49844: 0.999739
49845: 0.999739
49846: 0.999739
49847: 0.999739
49848: 0.999739
49849: 0.999739
49850: 0.999739
49851: 0.999739
49852: 0.999739
49853: 0.999739
49854: 0.999739
49855: 0.999739
49856: 0.999739
49857: 0.999739
49858: 0.999739
49859: 0.999739
49860: 0.999739
49861: 0.999739
49862: 0.999739
49863: 0.999739
49864: 0.999739
49865: 0.999739
49866: 0.999739
49867: 0.999739
49868: 0.999739
49869: 0.999739
49870: 0.999739
49871: 0.999739
49872: 0.999739
49873: 0.999739
49874: 0.999739
49875: 0.999739
49876: 0.999739
49877: 0.999739
49878: 0.999739
49879: 0.999739
49880: 0.999739
49881: 0.999739
49882: 0.999739
49883: 0.999739
49884: 0.999739
49885: 0.999739
49886: 0.999739
49887: 0.999739
49888: 0.999739
49889: 0.999739
49890: 0.999739
49891: 0.999739
49892: 0.999739
49893: 0.999739
49894: 0.999739
49895: 0.999739
49896: 0.999739
49897: 0.999739
49898: 0.999739
49899: 0.999739
49900: 0.999739
49901: 0.999739
49902: 0.999739
49903: 0.999739
49904: 0.99974
49905: 0.99974
49906: 0.99974
49907: 0.99974
49908: 0.99974
49909: 0.99974
49910: 0.99974
49911: 0.99974
49912: 0.99974
49913: 0.99974
49914: 0.99974
49915: 0.99974
49916: 0.99974
49917: 0.99974
49918: 0.99974
49919: 0.99974
49920: 0.99974
49921: 0.99974
49922: 0.99974
49923: 0.99974
49924: 0.99974
49925: 0.99974
49926: 0.99974
49927: 0.99974
49928: 0.99974
49929: 0.99974
49930: 0.99974
49931: 0.99974
49932: 0.99974
49933: 0.99974
49934: 0.99974
49935: 0.99974
49936: 0.99974
49937: 0.99974
49938: 0.99974
49939: 0.99974
49940: 0.99974
49941: 0.99974
49942: 0.99974
49943: 0.99974
49944: 0.99974
49945: 0.99974
49946: 0.99974
49947: 0.99974
49948: 0.99974
49949: 0.99974
49950: 0.99974
49951: 0.99974
49952: 0.99974
49953: 0.99974
49954: 0.99974
49955: 0.99974
49956: 0.99974
49957: 0.99974
49958: 0.99974
49959: 0.99974
49960: 0.99974
49961: 0.99974
49962: 0.99974
49963: 0.99974
49964: 0.99974
49965: 0.99974
49966: 0.99974
49967: 0.99974
49968: 0.99974
49969: 0.99974
49970: 0.99974
49971: 0.99974
49972: 0.99974
49973: 0.99974
49974: 0.99974
49975: 0.99974
49976: 0.99974
49977: 0.99974
49978: 0.99974
49979: 0.99974
49980: 0.99974
49981: 0.99974
49982: 0.99974
49983: 0.99974
49984: 0.99974
49985: 0.99974
49986: 0.99974
49987: 0.99974
49988: 0.99974
49989: 0.99974
49990: 0.99974
49991: 0.99974
49992: 0.99974
49993: 0.99974
49994: 0.99974
49995: 0.99974
49996: 0.99974
49997: 0.99974
49998: 0.99974
49999: 0.99974
50000: 0.99974
50001: 0.99974
50002: 0.99974
50003: 0.99974
50004: 0.99974
50005: 0.99974
50006: 0.99974
50007: 0.99974
50008: 0.99974
50009: 0.99974
50010: 0.99974
50011: 0.99974
50012: 0.99974
50013: 0.99974
50014: 0.99974
50015: 0.99974
50016: 0.99974
50017: 0.99974
50018: 0.99974
50019: 0.99974
50020: 0.99974
50021: 0.99974
50022: 0.99974
50023: 0.99974
50024: 0.99974
50025: 0.99974
50026: 0.99974
50027: 0.99974
50028: 0.99974
50029: 0.99974
50030: 0.99974
50031: 0.99974
50032: 0.99974
50033: 0.99974
50034: 0.99974
50035: 0.99974
50036: 0.99974
50037: 0.99974
50038: 0.99974
50039: 0.99974
50040: 0.99974
50041: 0.99974
50042: 0.99974
50043: 0.99974
50044: 0.99974
50045: 0.99974
50046: 0.99974
50047: 0.99974
50048: 0.99974
50049: 0.99974
50050: 0.99974
50051: 0.99974
50052: 0.99974
50053: 0.99974
50054: 0.99974
50055: 0.99974
50056: 0.99974
50057: 0.99974
50058: 0.99974
50059: 0.99974
50060: 0.99974
50061: 0.99974
50062: 0.99974
50063: 0.99974
50064: 0.99974
50065: 0.99974
50066: 0.99974
50067: 0.99974
50068: 0.99974
50069: 0.99974
50070: 0.99974
50071: 0.99974
50072: 0.99974
50073: 0.99974
50074: 0.99974
50075: 0.99974
50076: 0.99974
50077: 0.99974
50078: 0.99974
50079: 0.99974
50080: 0.99974
50081: 0.99974
50082: 0.99974
50083: 0.99974
50084: 0.99974
50085: 0.99974
50086: 0.99974
50087: 0.99974
50088: 0.99974
50089: 0.99974
50090: 0.99974
50091: 0.99974
50092: 0.99974
50093: 0.99974
50094: 0.99974
50095: 0.99974
50096: 0.999741
50097: 0.999741
50098: 0.999741
50099: 0.999741
50100: 0.999741
50101: 0.999741
50102: 0.999741
50103: 0.999741
50104: 0.999741
50105: 0.999741
50106: 0.999741
50107: 0.999741
50108: 0.999741
50109: 0.999741
50110: 0.999741
50111: 0.999741
50112: 0.999741
50113: 0.999741
50114: 0.999741
50115: 0.999741
50116: 0.999741
50117: 0.999741
50118: 0.999741
50119: 0.999741
50120: 0.999741
50121: 0.999741
50122: 0.999741
50123: 0.999741
50124: 0.999741
50125: 0.999741
50126: 0.999741
50127: 0.999741
50128: 0.999741
50129: 0.999741
50130: 0.999741
50131: 0.999741
50132: 0.999741
50133: 0.999741
50134: 0.999741
50135: 0.999741
50136: 0.999741
50137: 0.999741
50138: 0.999741
50139: 0.999741
50140: 0.999741
50141: 0.999741
50142: 0.999741
50143: 0.999741
50144: 0.999741
50145: 0.999741
50146: 0.999741
50147: 0.999741
50148: 0.999741
50149: 0.999741
50150: 0.999741
50151: 0.999741
50152: 0.999741
50153: 0.999741
50154: 0.999741
50155: 0.999741
50156: 0.999741
50157: 0.999741
50158: 0.999741
50159: 0.999741
50160: 0.999741
50161: 0.999741
50162: 0.999741
50163: 0.999741
50164: 0.999741
50165: 0.999741
50166: 0.999741
50167: 0.999741
50168: 0.999741
50169: 0.999741
50170: 0.999741
50171: 0.999741
50172: 0.999741
50173: 0.999741
50174: 0.999741
50175: 0.999741
50176: 0.999741
50177: 0.999741
50178: 0.999741
50179: 0.999741
50180: 0.999741
50181: 0.999741
50182: 0.999741
50183: 0.999741
50184: 0.999741
50185: 0.999741
50186: 0.999741
50187: 0.999741
50188: 0.999741
50189: 0.999741
50190: 0.999741
50191: 0.999741
50192: 0.999741
50193: 0.999741
50194: 0.999741
50195: 0.999741
50196: 0.999741
50197: 0.999741
50198: 0.999741
50199: 0.999741
50200: 0.999741
50201: 0.999741
50202: 0.999741
50203: 0.999741
50204: 0.999741
50205: 0.999741
50206: 0.999741
50207: 0.999741
50208: 0.999741
50209: 0.999741
50210: 0.999741
50211: 0.999741
50212: 0.999741
50213: 0.999741
50214: 0.999741
50215: 0.999741
50216: 0.999741
50217: 0.999741
50218: 0.999741
50219: 0.999741
50220: 0.999741
50221: 0.999741
50222: 0.999741
50223: 0.999741
50224: 0.999741
50225: 0.999741
50226: 0.999741
50227: 0.999741
50228: 0.999741
50229: 0.999741
50230: 0.999741
50231: 0.999741
50232: 0.999741
50233: 0.999741
50234: 0.999741
50235: 0.999741
50236: 0.999741
50237: 0.999741
50238: 0.999741
50239: 0.999741
50240: 0.999741
50241: 0.999741
50242: 0.999741
50243: 0.999741
50244: 0.999741
50245: 0.999741
50246: 0.999741
50247: 0.999741
50248: 0.999741
50249: 0.999741
50250: 0.999741
50251: 0.999741
50252: 0.999741
50253: 0.999741
50254: 0.999741
50255: 0.999741
50256: 0.999741
50257: 0.999741
50258: 0.999741
50259: 0.999741
50260: 0.999741
50261: 0.999741
50262: 0.999741
50263: 0.999741
50264: 0.999741
50265: 0.999741
50266: 0.999741
50267: 0.999741
50268: 0.999741
50269: 0.999741
50270: 0.999741
50271: 0.999741
50272: 0.999741
50273: 0.999741
50274: 0.999741
50275: 0.999741
50276: 0.999741
50277: 0.999741
50278: 0.999741
50279: 0.999741
50280: 0.999741
50281: 0.999741
50282: 0.999741
50283: 0.999741
50284: 0.999741
50285: 0.999741
50286: 0.999741
50287: 0.999741
50288: 0.999741
50289: 0.999741
50290: 0.999742
50291: 0.999742
50292: 0.999742
50293: 0.999742
50294: 0.999742
50295: 0.999742
50296: 0.999742
50297: 0.999742
50298: 0.999742
50299: 0.999742
50300: 0.999742
50301: 0.999742
50302: 0.999742
50303: 0.999742
50304: 0.999742
50305: 0.999742
50306: 0.999742
50307: 0.999742
50308: 0.999742
50309: 0.999742
50310: 0.999742
50311: 0.999742
50312: 0.999742
50313: 0.999742
50314: 0.999742
50315: 0.999742
50316: 0.999742
50317: 0.999742
50318: 0.999742
50319: 0.999742
50320: 0.999742
50321: 0.999742
50322: 0.999742
50323: 0.999742
50324: 0.999742
50325: 0.999742
50326: 0.999742
50327: 0.999742
50328: 0.999742
50329: 0.999742
50330: 0.999742
50331: 0.999742
50332: 0.999742
50333: 0.999742
50334: 0.999742
50335: 0.999742
50336: 0.999742
50337: 0.999742
50338: 0.999742
50339: 0.999742
50340: 0.999742
50341: 0.999742
50342: 0.999742
50343: 0.999742
50344: 0.999742
50345: 0.999742
50346: 0.999742
50347: 0.999742
50348: 0.999742
50349: 0.999742
50350: 0.999742
50351: 0.999742
50352: 0.999742
50353: 0.999742
50354: 0.999742
50355: 0.999742
50356: 0.999742
50357: 0.999742
50358: 0.999742
50359: 0.999742
50360: 0.999742
50361: 0.999742
50362: 0.999742
50363: 0.999742
50364: 0.999742
50365: 0.999742
50366: 0.999742
50367: 0.999742
50368: 0.999742
50369: 0.999742
50370: 0.999742
50371: 0.999742
50372: 0.999742
50373: 0.999742
50374: 0.999742
50375: 0.999742
50376: 0.999742
50377: 0.999742
50378: 0.999742
50379: 0.999742
50380: 0.999742
50381: 0.999742
50382: 0.999742
50383: 0.999742
50384: 0.999742
50385: 0.999742
50386: 0.999742
50387: 0.999742
50388: 0.999742
50389: 0.999742
50390: 0.999742
50391: 0.999742
50392: 0.999742
50393: 0.999742
50394: 0.999742
50395: 0.999742
50396: 0.999742
50397: 0.999742
50398: 0.999742
50399: 0.999742
50400: 0.999742
50401: 0.999742
50402: 0.999742
50403: 0.999742
50404: 0.999742
50405: 0.999742
50406: 0.999742
50407: 0.999742
50408: 0.999742
50409: 0.999742
50410: 0.999742
50411: 0.999742
50412: 0.999742
50413: 0.999742
50414: 0.999742
50415: 0.999742
50416: 0.999742
50417: 0.999742
50418: 0.999742
50419: 0.999742
50420: 0.999742
50421: 0.999742
50422: 0.999742
50423: 0.999742
50424: 0.999742
50425: 0.999742
50426: 0.999742
50427: 0.999742
50428: 0.999742
50429: 0.999742
50430: 0.999742
50431: 0.999742
50432: 0.999742
50433: 0.999742
50434: 0.999742
50435: 0.999742
50436: 0.999742
50437: 0.999742
50438: 0.999742
50439: 0.999742
50440: 0.999742
50441: 0.999742
50442: 0.999742
50443: 0.999742
50444: 0.999742
50445: 0.999742
50446: 0.999742
50447: 0.999742
50448: 0.999742
50449: 0.999742
50450: 0.999742
50451: 0.999742
50452: 0.999742
50453: 0.999742
50454: 0.999742
50455: 0.999742
50456: 0.999742
50457: 0.999742
50458: 0.999742
50459: 0.999742
50460: 0.999742
50461: 0.999742
50462: 0.999742
50463: 0.999742
50464: 0.999742
50465: 0.999742
50466: 0.999742
50467: 0.999742
50468: 0.999742
50469: 0.999742
50470: 0.999742
50471: 0.999742
50472: 0.999742
50473: 0.999742
50474: 0.999742
50475: 0.999742
50476: 0.999742
50477: 0.999742
50478: 0.999742
50479: 0.999742
50480: 0.999742
50481: 0.999742
50482: 0.999742
50483: 0.999742
50484: 0.999742
50485: 0.999743
50486: 0.999743
50487: 0.999743
50488: 0.999743
50489: 0.999743
50490: 0.999743
50491: 0.999743
50492: 0.999743
50493: 0.999743
50494: 0.999743
50495: 0.999743
50496: 0.999743
50497: 0.999743
50498: 0.999743
50499: 0.999743
50500: 0.999743
50501: 0.999743
50502: 0.999743
50503: 0.999743
50504: 0.999743
50505: 0.999743
50506: 0.999743
50507: 0.999743
50508: 0.999743
50509: 0.999743
50510: 0.999743
50511: 0.999743
50512: 0.999743
50513: 0.999743
50514: 0.999743
50515: 0.999743
50516: 0.999743
50517: 0.999743
50518: 0.999743
50519: 0.999743
50520: 0.999743
50521: 0.999743
50522: 0.999743
50523: 0.999743
50524: 0.999743
50525: 0.999743
50526: 0.999743
50527: 0.999743
50528: 0.999743
50529: 0.999743
50530: 0.999743
50531: 0.999743
50532: 0.999743
50533: 0.999743
50534: 0.999743
50535: 0.999743
50536: 0.999743
50537: 0.999743
50538: 0.999743
50539: 0.999743
50540: 0.999743
50541: 0.999743
50542: 0.999743
50543: 0.999743
50544: 0.999743
50545: 0.999743
50546: 0.999743
50547: 0.999743
50548: 0.999743
50549: 0.999743
50550: 0.999743
50551: 0.999743
50552: 0.999743
50553: 0.999743
50554: 0.999743
50555: 0.999743
50556: 0.999743
50557: 0.999743
50558: 0.999743
50559: 0.999743
50560: 0.999743
50561: 0.999743
50562: 0.999743
50563: 0.999743
50564: 0.999743
50565: 0.999743
50566: 0.999743
50567: 0.999743
50568: 0.999743
50569: 0.999743
50570: 0.999743
50571: 0.999743
50572: 0.999743
50573: 0.999743
50574: 0.999743
50575: 0.999743
50576: 0.999743
50577: 0.999743
50578: 0.999743
50579: 0.999743
50580: 0.999743
50581: 0.999743
50582: 0.999743
50583: 0.999743
50584: 0.999743
50585: 0.999743
50586: 0.999743
50587: 0.999743
50588: 0.999743
50589: 0.999743
50590: 0.999743
50591: 0.999743
50592: 0.999743
50593: 0.999743
50594: 0.999743
50595: 0.999743
50596: 0.999743
50597: 0.999743
50598: 0.999743
50599: 0.999743
50600: 0.999743
50601: 0.999743
50602: 0.999743
50603: 0.999743
50604: 0.999743
50605: 0.999743
50606: 0.999743
50607: 0.999743
50608: 0.999743
50609: 0.999743
50610: 0.999743
50611: 0.999743
50612: 0.999743
50613: 0.999743
50614: 0.999743
50615: 0.999743
50616: 0.999743
50617: 0.999743
50618: 0.999743
50619: 0.999743
50620: 0.999743
50621: 0.999743
50622: 0.999743
50623: 0.999743
50624: 0.999743
50625: 0.999743
50626: 0.999743
50627: 0.999743
50628: 0.999743
50629: 0.999743
50630: 0.999743
50631: 0.999743
50632: 0.999743
50633: 0.999743
50634: 0.999743
50635: 0.999743
50636: 0.999743
50637: 0.999743
50638: 0.999743
50639: 0.999743
50640: 0.999743
50641: 0.999743
50642: 0.999743
50643: 0.999743
50644: 0.999743
50645: 0.999743
50646: 0.999743
50647: 0.999743
50648: 0.999743
50649: 0.999743
50650: 0.999743
50651: 0.999743
50652: 0.999743
50653: 0.999743
50654: 0.999743
50655: 0.999743
50656: 0.999743
50657: 0.999743
50658: 0.999743
50659: 0.999743
50660: 0.999743
50661: 0.999743
50662: 0.999743
50663: 0.999743
50664: 0.999743
50665: 0.999743
50666: 0.999743
50667: 0.999743
50668: 0.999743
50669: 0.999743
50670: 0.999743
50671: 0.999743
50672: 0.999743
50673: 0.999743
50674: 0.999743
50675: 0.999743
50676: 0.999743
50677: 0.999743
50678: 0.999743
50679: 0.999743
50680: 0.999743
50681: 0.999743
50682: 0.999744
50683: 0.999744
50684: 0.999744
50685: 0.999744
50686: 0.999744
50687: 0.999744
50688: 0.999744
50689: 0.999744
50690: 0.999744
50691: 0.999744
50692: 0.999744
50693: 0.999744
50694: 0.999744
50695: 0.999744
50696: 0.999744
50697: 0.999744
50698: 0.999744
50699: 0.999744
50700: 0.999744
50701: 0.999744
50702: 0.999744
50703: 0.999744
50704: 0.999744
50705: 0.999744
50706: 0.999744
50707: 0.999744
50708: 0.999744
50709: 0.999744
50710: 0.999744
50711: 0.999744
50712: 0.999744
50713: 0.999744
50714: 0.999744
50715: 0.999744
50716: 0.999744
50717: 0.999744
50718: 0.999744
50719: 0.999744
50720: 0.999744
50721: 0.999744
50722: 0.999744
50723: 0.999744
50724: 0.999744
50725: 0.999744
50726: 0.999744
50727: 0.999744
50728: 0.999744
50729: 0.999744
50730: 0.999744
50731: 0.999744
50732: 0.999744
50733: 0.999744
50734: 0.999744
50735: 0.999744
50736: 0.999744
50737: 0.999744
50738: 0.999744
50739: 0.999744
50740: 0.999744
50741: 0.999744
50742: 0.999744
50743: 0.999744
50744: 0.999744
50745: 0.999744
50746: 0.999744
50747: 0.999744
50748: 0.999744
50749: 0.999744
50750: 0.999744
50751: 0.999744
50752: 0.999744
50753: 0.999744
50754: 0.999744
50755: 0.999744
50756: 0.999744
50757: 0.999744
50758: 0.999744
50759: 0.999744
50760: 0.999744
50761: 0.999744
50762: 0.999744
50763: 0.999744
50764: 0.999744
50765: 0.999744
50766: 0.999744
50767: 0.999744
50768: 0.999744
50769: 0.999744
50770: 0.999744
50771: 0.999744
50772: 0.999744
50773: 0.999744
50774: 0.999744
50775: 0.999744
50776: 0.999744
50777: 0.999744
50778: 0.999744
50779: 0.999744
50780: 0.999744
50781: 0.999744
50782: 0.999744
50783: 0.999744
50784: 0.999744
50785: 0.999744
50786: 0.999744
50787: 0.999744
50788: 0.999744
50789: 0.999744
50790: 0.999744
50791: 0.999744
50792: 0.999744
50793: 0.999744
50794: 0.999744
50795: 0.999744
50796: 0.999744
50797: 0.999744
50798: 0.999744
50799: 0.999744
50800: 0.999744
50801: 0.999744
50802: 0.999744
50803: 0.999744
50804: 0.999744
50805: 0.999744
50806: 0.999744
50807: 0.999744
50808: 0.999744
50809: 0.999744
50810: 0.999744
50811: 0.999744
50812: 0.999744
50813: 0.999744
50814: 0.999744
50815: 0.999744
50816: 0.999744
50817: 0.999744
50818: 0.999744
50819: 0.999744
50820: 0.999744
50821: 0.999744
50822: 0.999744
50823: 0.999744
50824: 0.999744
50825: 0.999744
50826: 0.999744
50827: 0.999744
50828: 0.999744
50829: 0.999744
50830: 0.999744
50831: 0.999744
50832: 0.999744
50833: 0.999744
50834: 0.999744
50835: 0.999744
50836: 0.999744
50837: 0.999744
50838: 0.999744
50839: 0.999744
50840: 0.999744
50841: 0.999744
50842: 0.999744
50843: 0.999744
50844: 0.999744
50845: 0.999744
50846: 0.999744
50847: 0.999744
50848: 0.999744
50849: 0.999744
50850: 0.999744
50851: 0.999744
50852: 0.999744
50853: 0.999744
50854: 0.999744
50855: 0.999744
50856: 0.999744
50857: 0.999744
50858: 0.999744
50859: 0.999744
50860: 0.999744
50861: 0.999744
50862: 0.999744
50863: 0.999744
50864: 0.999744
50865: 0.999744
50866: 0.999744
50867: 0.999744
50868: 0.999744
50869: 0.999744
50870: 0.999744
50871: 0.999744
50872: 0.999744
50873: 0.999744
50874: 0.999744
50875: 0.999744
50876: 0.999744
50877: 0.999744
50878: 0.999744
50879: 0.999744
50880: 0.999745
50881: 0.999745
50882: 0.999745
50883: 0.999745
50884: 0.999745
50885: 0.999745
50886: 0.999745
50887: 0.999745
50888: 0.999745
50889: 0.999745
50890: 0.999745
50891: 0.999745
50892: 0.999745
50893: 0.999745
50894: 0.999745
50895: 0.999745
50896: 0.999745
50897: 0.999745
50898: 0.999745
50899: 0.999745
50900: 0.999745
50901: 0.999745
50902: 0.999745
50903: 0.999745
50904: 0.999745
50905: 0.999745
50906: 0.999745
50907: 0.999745
50908: 0.999745
50909: 0.999745
50910: 0.999745
50911: 0.999745
50912: 0.999745
50913: 0.999745
50914: 0.999745
50915: 0.999745
50916: 0.999745
50917: 0.999745
50918: 0.999745
50919: 0.999745
50920: 0.999745
50921: 0.999745
50922: 0.999745
50923: 0.999745
50924: 0.999745
50925: 0.999745
50926: 0.999745
50927: 0.999745
50928: 0.999745
50929: 0.999745
50930: 0.999745
50931: 0.999745
50932: 0.999745
50933: 0.999745
50934: 0.999745
50935: 0.999745
50936: 0.999745
50937: 0.999745
50938: 0.999745
50939: 0.999745
50940: 0.999745
50941: 0.999745
50942: 0.999745
50943: 0.999745
50944: 0.999745
50945: 0.999745
50946: 0.999745
50947: 0.999745
50948: 0.999745
50949: 0.999745
50950: 0.999745
50951: 0.999745
50952: 0.999745
50953: 0.999745
50954: 0.999745
50955: 0.999745
50956: 0.999745
50957: 0.999745
50958: 0.999745
50959: 0.999745
50960: 0.999745
50961: 0.999745
50962: 0.999745
50963: 0.999745
50964: 0.999745
50965: 0.999745
50966: 0.999745
50967: 0.999745
50968: 0.999745
50969: 0.999745
50970: 0.999745
50971: 0.999745
50972: 0.999745
50973: 0.999745
50974: 0.999745
50975: 0.999745
50976: 0.999745
50977: 0.999745
50978: 0.999745
50979: 0.999745
50980: 0.999745
50981: 0.999745
50982: 0.999745
50983: 0.999745
50984: 0.999745
50985: 0.999745
50986: 0.999745
50987: 0.999745
50988: 0.999745
50989: 0.999745
50990: 0.999745
50991: 0.999745
50992: 0.999745
50993: 0.999745
50994: 0.999745
50995: 0.999745
50996: 0.999745
50997: 0.999745
50998: 0.999745
50999: 0.999745
51000: 0.999745
51001: 0.999745
51002: 0.999745
51003: 0.999745
51004: 0.999745
51005: 0.999745
51006: 0.999745
51007: 0.999745
51008: 0.999745
51009: 0.999745
51010: 0.999745
51011: 0.999745
51012: 0.999745
51013: 0.999745
51014: 0.999745
51015: 0.999745
51016: 0.999745
51017: 0.999745
51018: 0.999745
51019: 0.999745
51020: 0.999745
51021: 0.999745
51022: 0.999745
51023: 0.999745
51024: 0.999745
51025: 0.999745
51026: 0.999745
51027: 0.999745
51028: 0.999745
51029: 0.999745
51030: 0.999745
51031: 0.999745
51032: 0.999745
51033: 0.999745
51034: 0.999745
51035: 0.999745
51036: 0.999745
51037: 0.999745
51038: 0.999745
51039: 0.999745
51040: 0.999745
51041: 0.999745
51042: 0.999745
51043: 0.999745
51044: 0.999745
51045: 0.999745
51046: 0.999745
51047: 0.999745
51048: 0.999745
51049: 0.999745
51050: 0.999745
51051: 0.999745
51052: 0.999745
51053: 0.999745
51054: 0.999745
51055: 0.999745
51056: 0.999745
51057: 0.999745
51058: 0.999745
51059: 0.999745
51060: 0.999745
51061: 0.999745
51062: 0.999745
51063: 0.999745
51064: 0.999745
51065: 0.999745
51066: 0.999745
51067: 0.999745
51068: 0.999745
51069: 0.999745
51070: 0.999745
51071: 0.999745
51072: 0.999745
51073: 0.999745
51074: 0.999745
51075: 0.999745
51076: 0.999745
51077: 0.999745
51078: 0.999745
51079: 0.999745
51080: 0.999746
51081: 0.999746
51082: 0.999746
51083: 0.999746
51084: 0.999746
51085: 0.999746
51086: 0.999746
51087: 0.999746
51088: 0.999746
51089: 0.999746
51090: 0.999746
51091: 0.999746
51092: 0.999746
51093: 0.999746
51094: 0.999746
51095: 0.999746
51096: 0.999746
51097: 0.999746
51098: 0.999746
51099: 0.999746
51100: 0.999746
51101: 0.999746
51102: 0.999746
51103: 0.999746
51104: 0.999746
51105: 0.999746
51106: 0.999746
51107: 0.999746
51108: 0.999746
51109: 0.999746
51110: 0.999746
51111: 0.999746
51112: 0.999746
51113: 0.999746
51114: 0.999746
51115: 0.999746
51116: 0.999746
51117: 0.999746
51118: 0.999746
51119: 0.999746
51120: 0.999746
51121: 0.999746
51122: 0.999746
51123: 0.999746
51124: 0.999746
51125: 0.999746
51126: 0.999746
51127: 0.999746
51128: 0.999746
51129: 0.999746
51130: 0.999746
51131: 0.999746
51132: 0.999746
51133: 0.999746
51134: 0.999746
51135: 0.999746
51136: 0.999746
51137: 0.999746
51138: 0.999746
51139: 0.999746
51140: 0.999746
51141: 0.999746
51142: 0.999746
51143: 0.999746
51144: 0.999746
51145: 0.999746
51146: 0.999746
51147: 0.999746
51148: 0.999746
51149: 0.999746
51150: 0.999746
51151: 0.999746
51152: 0.999746
51153: 0.999746
51154: 0.999746
51155: 0.999746
51156: 0.999746
51157: 0.999746
51158: 0.999746
51159: 0.999746
51160: 0.999746
51161: 0.999746
51162: 0.999746
51163: 0.999746
51164: 0.999746
51165: 0.999746
51166: 0.999746
51167: 0.999746
51168: 0.999746
51169: 0.999746
51170: 0.999746
51171: 0.999746
51172: 0.999746
51173: 0.999746
51174: 0.999746
51175: 0.999746
51176: 0.999746
51177: 0.999746
51178: 0.999746
51179: 0.999746
51180: 0.999746
51181: 0.999746
51182: 0.999746
51183: 0.999746
51184: 0.999746
51185: 0.999746
51186: 0.999746
51187: 0.999746
51188: 0.999746
51189: 0.999746
51190: 0.999746
51191: 0.999746
51192: 0.999746
51193: 0.999746
51194: 0.999746
51195: 0.999746
51196: 0.999746
51197: 0.999746
51198: 0.999746
51199: 0.999746
51200: 0.999746
51201: 0.999746
51202: 0.999746
51203: 0.999746
51204: 0.999746
51205: 0.999746
51206: 0.999746
51207: 0.999746
51208: 0.999746
51209: 0.999746
51210: 0.999746
51211: 0.999746
51212: 0.999746
51213: 0.999746
51214: 0.999746
51215: 0.999746
51216: 0.999746
51217: 0.999746
51218: 0.999746
51219: 0.999746
51220: 0.999746
51221: 0.999746
51222: 0.999746
51223: 0.999746
51224: 0.999746
51225: 0.999746
51226: 0.999746
51227: 0.999746
51228: 0.999746
51229: 0.999746
51230: 0.999746
51231: 0.999746
51232: 0.999746
51233: 0.999746
51234: 0.999746
51235: 0.999746
51236: 0.999746
51237: 0.999746
51238: 0.999746
51239: 0.999746
51240: 0.999746
51241: 0.999746
51242: 0.999746
51243: 0.999746
51244: 0.999746
51245: 0.999746
51246: 0.999746
51247: 0.999746
51248: 0.999746
51249: 0.999746
51250: 0.999746
51251: 0.999746
51252: 0.999746
51253: 0.999746
51254: 0.999746
51255: 0.999746
51256: 0.999746
51257: 0.999746
51258: 0.999746
51259: 0.999746
51260: 0.999746
51261: 0.999746
51262: 0.999746
51263: 0.999746
51264: 0.999746
51265: 0.999746
51266: 0.999746
51267: 0.999746
51268: 0.999746
51269: 0.999746
51270: 0.999746
51271: 0.999746
51272: 0.999746
51273: 0.999746
51274: 0.999746
51275: 0.999746
51276: 0.999746
51277: 0.999746
51278: 0.999746
51279: 0.999746
51280: 0.999746
51281: 0.999746
51282: 0.999747
51283: 0.999747
51284: 0.999747
51285: 0.999747
51286: 0.999747
51287: 0.999747
51288: 0.999747
51289: 0.999747
51290: 0.999747
51291: 0.999747
51292: 0.999747
51293: 0.999747
51294: 0.999747
51295: 0.999747
51296: 0.999747
51297: 0.999747
51298: 0.999747
51299: 0.999747
51300: 0.999747
51301: 0.999747
51302: 0.999747
51303: 0.999747
51304: 0.999747
51305: 0.999747
51306: 0.999747
51307: 0.999747
51308: 0.999747
51309: 0.999747
51310: 0.999747
51311: 0.999747
51312: 0.999747
51313: 0.999747
51314: 0.999747
51315: 0.999747
51316: 0.999747
51317: 0.999747
51318: 0.999747
51319: 0.999747
51320: 0.999747
51321: 0.999747
51322: 0.999747
51323: 0.999747
51324: 0.999747
51325: 0.999747
51326: 0.999747
51327: 0.999747
51328: 0.999747
51329: 0.999747
51330: 0.999747
51331: 0.999747
51332: 0.999747
51333: 0.999747
51334: 0.999747
51335: 0.999747
51336: 0.999747
51337: 0.999747
51338: 0.999747
51339: 0.999747
51340: 0.999747
51341: 0.999747
51342: 0.999747
51343: 0.999747
51344: 0.999747
51345: 0.999747
51346: 0.999747
51347: 0.999747
51348: 0.999747
51349: 0.999747
51350: 0.999747
51351: 0.999747
51352: 0.999747
51353: 0.999747
51354: 0.999747
51355: 0.999747
51356: 0.999747
51357: 0.999747
51358: 0.999747
51359: 0.999747
51360: 0.999747
51361: 0.999747
51362: 0.999747
51363: 0.999747
51364: 0.999747
51365: 0.999747
51366: 0.999747
51367: 0.999747
51368: 0.999747
51369: 0.999747
51370: 0.999747
51371: 0.999747
51372: 0.999747
51373: 0.999747
51374: 0.999747
51375: 0.999747
51376: 0.999747
51377: 0.999747
51378: 0.999747
51379: 0.999747
51380: 0.999747
51381: 0.999747
51382: 0.999747
51383: 0.999747
51384: 0.999747
51385: 0.999747
51386: 0.999747
51387: 0.999747
51388: 0.999747
51389: 0.999747
51390: 0.999747
51391: 0.999747
51392: 0.999747
51393: 0.999747
51394: 0.999747
51395: 0.999747
51396: 0.999747
51397: 0.999747
51398: 0.999747
51399: 0.999747
51400: 0.999747
51401: 0.999747
51402: 0.999747
51403: 0.999747
51404: 0.999747
51405: 0.999747
51406: 0.999747
51407: 0.999747
51408: 0.999747
51409: 0.999747
51410: 0.999747
51411: 0.999747
51412: 0.999747
51413: 0.999747
51414: 0.999747
51415: 0.999747
51416: 0.999747
51417: 0.999747
51418: 0.999747
51419: 0.999747
51420: 0.999747
51421: 0.999747
51422: 0.999747
51423: 0.999747
51424: 0.999747
51425: 0.999747
51426: 0.999747
51427: 0.999747
51428: 0.999747
51429: 0.999747
51430: 0.999747
51431: 0.999747
51432: 0.999747
51433: 0.999747
51434: 0.999747
51435: 0.999747
51436: 0.999747
51437: 0.999747
51438: 0.999747
51439: 0.999747
51440: 0.999747
51441: 0.999747
51442: 0.999747
51443: 0.999747
51444: 0.999747
51445: 0.999747
51446: 0.999747
51447: 0.999747
51448: 0.999747
51449: 0.999747
51450: 0.999747
51451: 0.999747
51452: 0.999747
51453: 0.999747
51454: 0.999747
51455: 0.999747
51456: 0.999747
51457: 0.999747
51458: 0.999747
51459: 0.999747
51460: 0.999747
51461: 0.999747
51462: 0.999747
51463: 0.999747
51464: 0.999747
51465: 0.999747
51466: 0.999747
51467: 0.999747
51468: 0.999747
51469: 0.999747
51470: 0.999747
51471: 0.999747
51472: 0.999747
51473: 0.999747
51474: 0.999747
51475: 0.999747
51476: 0.999747
51477: 0.999747
51478: 0.999747
51479: 0.999747
51480: 0.999747
51481: 0.999747
51482: 0.999747
51483: 0.999747
51484: 0.999747
51485: 0.999748
51486: 0.999748
51487: 0.999748
51488: 0.999748
51489: 0.999748
51490: 0.999748
51491: 0.999748
51492: 0.999748
51493: 0.999748
51494: 0.999748
51495: 0.999748
51496: 0.999748
51497: 0.999748
51498: 0.999748
51499: 0.999748
51500: 0.999748
51501: 0.999748
51502: 0.999748
51503: 0.999748
51504: 0.999748
51505: 0.999748
51506: 0.999748
51507: 0.999748
51508: 0.999748
51509: 0.999748
51510: 0.999748
51511: 0.999748
51512: 0.999748
51513: 0.999748
51514: 0.999748
51515: 0.999748
51516: 0.999748
51517: 0.999748
51518: 0.999748
51519: 0.999748
51520: 0.999748
51521: 0.999748
51522: 0.999748
51523: 0.999748
51524: 0.999748
51525: 0.999748
51526: 0.999748
51527: 0.999748
51528: 0.999748
51529: 0.999748
51530: 0.999748
51531: 0.999748
51532: 0.999748
51533: 0.999748
51534: 0.999748
51535: 0.999748
51536: 0.999748
51537: 0.999748
51538: 0.999748
51539: 0.999748
51540: 0.999748
51541: 0.999748
51542: 0.999748
51543: 0.999748
51544: 0.999748
51545: 0.999748
51546: 0.999748
51547: 0.999748
51548: 0.999748
51549: 0.999748
51550: 0.999748
51551: 0.999748
51552: 0.999748
51553: 0.999748
51554: 0.999748
51555: 0.999748
51556: 0.999748
51557: 0.999748
51558: 0.999748
51559: 0.999748
51560: 0.999748
51561: 0.999748
51562: 0.999748
51563: 0.999748
51564: 0.999748
51565: 0.999748
51566: 0.999748
51567: 0.999748
51568: 0.999748
51569: 0.999748
51570: 0.999748
51571: 0.999748
51572: 0.999748
51573: 0.999748
51574: 0.999748
51575: 0.999748
51576: 0.999748
51577: 0.999748
51578: 0.999748
51579: 0.999748
51580: 0.999748
51581: 0.999748
51582: 0.999748
51583: 0.999748
51584: 0.999748
51585: 0.999748
51586: 0.999748
51587: 0.999748
51588: 0.999748
51589: 0.999748
51590: 0.999748
51591: 0.999748
51592: 0.999748
51593: 0.999748
51594: 0.999748
51595: 0.999748
51596: 0.999748
51597: 0.999748
51598: 0.999748
51599: 0.999748
51600: 0.999748
51601: 0.999748
51602: 0.999748
51603: 0.999748
51604: 0.999748
51605: 0.999748
51606: 0.999748
51607: 0.999748
51608: 0.999748
51609: 0.999748
51610: 0.999748
51611: 0.999748
51612: 0.999748
51613: 0.999748
51614: 0.999748
51615: 0.999748
51616: 0.999748
51617: 0.999748
51618: 0.999748
51619: 0.999748
51620: 0.999748
51621: 0.999748
51622: 0.999748
51623: 0.999748
51624: 0.999748
51625: 0.999748
51626: 0.999748
51627: 0.999748
51628: 0.999748
51629: 0.999748
51630: 0.999748
51631: 0.999748
51632: 0.999748
51633: 0.999748
51634: 0.999748
51635: 0.999748
51636: 0.999748
51637: 0.999748
51638: 0.999748
51639: 0.999748
51640: 0.999748
51641: 0.999748
51642: 0.999748
51643: 0.999748
51644: 0.999748
51645: 0.999748
51646: 0.999748
51647: 0.999748
51648: 0.999748
51649: 0.999748
51650: 0.999748
51651: 0.999748
51652: 0.999748
51653: 0.999748
51654: 0.999748
51655: 0.999748
51656: 0.999748
51657: 0.999748
51658: 0.999748
51659: 0.999748
51660: 0.999748
51661: 0.999748
51662: 0.999748
51663: 0.999748
51664: 0.999748
51665: 0.999748
51666: 0.999748
51667: 0.999748
51668: 0.999748
51669: 0.999748
51670: 0.999748
51671: 0.999748
51672: 0.999748
51673: 0.999748
51674: 0.999748
51675: 0.999748
51676: 0.999748
51677: 0.999748
51678: 0.999748
51679: 0.999748
51680: 0.999748
51681: 0.999748
51682: 0.999748
51683: 0.999748
51684: 0.999748
51685: 0.999748
51686: 0.999748
51687: 0.999748
51688: 0.999748
51689: 0.999749
51690: 0.999749
51691: 0.999749
51692: 0.999749
51693: 0.999749
51694: 0.999749
51695: 0.999749
51696: 0.999749
51697: 0.999749
51698: 0.999749
51699: 0.999749
51700: 0.999749
51701: 0.999749
51702: 0.999749
51703: 0.999749
51704: 0.999749
51705: 0.999749
51706: 0.999749
51707: 0.999749
51708: 0.999749
51709: 0.999749
51710: 0.999749
51711: 0.999749
51712: 0.999749
51713: 0.999749
51714: 0.999749
51715: 0.999749
51716: 0.999749
51717: 0.999749
51718: 0.999749
51719: 0.999749
51720: 0.999749
51721: 0.999749
51722: 0.999749
51723: 0.999749
51724: 0.999749
51725: 0.999749
51726: 0.999749
51727: 0.999749
51728: 0.999749
51729: 0.999749
51730: 0.999749
51731: 0.999749
51732: 0.999749
51733: 0.999749
51734: 0.999749
51735: 0.999749
51736: 0.999749
51737: 0.999749
51738: 0.999749
51739: 0.999749
51740: 0.999749
51741: 0.999749
51742: 0.999749
51743: 0.999749
51744: 0.999749
51745: 0.999749
51746: 0.999749
51747: 0.999749
51748: 0.999749
51749: 0.999749
51750: 0.999749
51751: 0.999749
51752: 0.999749
51753: 0.999749
51754: 0.999749
51755: 0.999749
51756: 0.999749
51757: 0.999749
51758: 0.999749
51759: 0.999749
51760: 0.999749
51761: 0.999749
51762: 0.999749
51763: 0.999749
51764: 0.999749
51765: 0.999749
51766: 0.999749
51767: 0.999749
51768: 0.999749
51769: 0.999749
51770: 0.999749
51771: 0.999749
51772: 0.999749
51773: 0.999749
51774: 0.999749
51775: 0.999749
51776: 0.999749
51777: 0.999749
51778: 0.999749
51779: 0.999749
51780: 0.999749
51781: 0.999749
51782: 0.999749
51783: 0.999749
51784: 0.999749
51785: 0.999749
51786: 0.999749
51787: 0.999749
51788: 0.999749
51789: 0.999749
51790: 0.999749
51791: 0.999749
51792: 0.999749
51793: 0.999749
51794: 0.999749
51795: 0.999749
51796: 0.999749
51797: 0.999749
51798: 0.999749
51799: 0.999749
51800: 0.999749
51801: 0.999749
51802: 0.999749
51803: 0.999749
51804: 0.999749
51805: 0.999749
51806: 0.999749
51807: 0.999749
51808: 0.999749
51809: 0.999749
51810: 0.999749
51811: 0.999749
51812: 0.999749
51813: 0.999749
51814: 0.999749
51815: 0.999749
51816: 0.999749
51817: 0.999749
51818: 0.999749
51819: 0.999749
51820: 0.999749
51821: 0.999749
51822: 0.999749
51823: 0.999749
51824: 0.999749
51825: 0.999749
51826: 0.999749
51827: 0.999749
51828: 0.999749
51829: 0.999749
51830: 0.999749
51831: 0.999749
51832: 0.999749
51833: 0.999749
51834: 0.999749
51835: 0.999749
51836: 0.999749
51837: 0.999749
51838: 0.999749
51839: 0.999749
51840: 0.999749
51841: 0.999749
51842: 0.999749
51843: 0.999749
51844: 0.999749
51845: 0.999749
51846: 0.999749
51847: 0.999749
51848: 0.999749
51849: 0.999749
51850: 0.999749
51851: 0.999749
51852: 0.999749
51853: 0.999749
51854: 0.999749
51855: 0.999749
51856: 0.999749
51857: 0.999749
51858: 0.999749
51859: 0.999749
51860: 0.999749
51861: 0.999749
51862: 0.999749
51863: 0.999749
51864: 0.999749
51865: 0.999749
51866: 0.999749
51867: 0.999749
51868: 0.999749
51869: 0.999749
51870: 0.999749
51871: 0.999749
51872: 0.999749
51873: 0.999749
51874: 0.999749
51875: 0.999749
51876: 0.999749
51877: 0.999749
51878: 0.999749
51879: 0.999749
51880: 0.999749
51881: 0.999749
51882: 0.999749
51883: 0.999749
51884: 0.999749
51885: 0.999749
51886: 0.999749
51887: 0.999749
51888: 0.999749
51889: 0.999749
51890: 0.999749
51891: 0.999749
51892: 0.999749
51893: 0.999749
51894: 0.999749
51895: 0.999749
51896: 0.99975
51897: 0.99975
51898: 0.99975
51899: 0.99975
51900: 0.99975
51901: 0.99975
51902: 0.99975
51903: 0.99975
51904: 0.99975
51905: 0.99975
51906: 0.99975
51907: 0.99975
51908: 0.99975
51909: 0.99975
51910: 0.99975
51911: 0.99975
51912: 0.99975
51913: 0.99975
51914: 0.99975
51915: 0.99975
51916: 0.99975
51917: 0.99975
51918: 0.99975
51919: 0.99975
51920: 0.99975
51921: 0.99975
51922: 0.99975
51923: 0.99975
51924: 0.99975
51925: 0.99975
51926: 0.99975
51927: 0.99975
51928: 0.99975
51929: 0.99975
51930: 0.99975
51931: 0.99975
51932: 0.99975
51933: 0.99975
51934: 0.99975
51935: 0.99975
51936: 0.99975
51937: 0.99975
51938: 0.99975
51939: 0.99975
51940: 0.99975
51941: 0.99975
51942: 0.99975
51943: 0.99975
51944: 0.99975
51945: 0.99975
51946: 0.99975
51947: 0.99975
51948: 0.99975
51949: 0.99975
51950: 0.99975
51951: 0.99975
51952: 0.99975
51953: 0.99975
51954: 0.99975
51955: 0.99975
51956: 0.99975
51957: 0.99975
51958: 0.99975
51959: 0.99975
51960: 0.99975
51961: 0.99975
51962: 0.99975
51963: 0.99975
51964: 0.99975
51965: 0.99975
51966: 0.99975
51967: 0.99975
51968: 0.99975
51969: 0.99975
51970: 0.99975
51971: 0.99975
51972: 0.99975
51973: 0.99975
51974: 0.99975
51975: 0.99975
51976: 0.99975
51977: 0.99975
51978: 0.99975
51979: 0.99975
51980: 0.99975
51981: 0.99975
51982: 0.99975
51983: 0.99975
51984: 0.99975
51985: 0.99975
51986: 0.99975
51987: 0.99975
51988: 0.99975
51989: 0.99975
51990: 0.99975
51991: 0.99975
51992: 0.99975
51993: 0.99975
51994: 0.99975
51995: 0.99975
51996: 0.99975
51997: 0.99975
51998: 0.99975
51999: 0.99975
52000: 0.99975
52001: 0.99975
52002: 0.99975
52003: 0.99975
52004: 0.99975
52005: 0.99975
52006: 0.99975
52007: 0.99975
52008: 0.99975
52009: 0.99975
52010: 0.99975
52011: 0.99975
52012: 0.99975
52013: 0.99975
52014: 0.99975
52015: 0.99975
52016: 0.99975
52017: 0.99975
52018: 0.99975
52019: 0.99975
52020: 0.99975
52021: 0.99975
52022: 0.99975
52023: 0.99975
52024: 0.99975
52025: 0.99975
52026: 0.99975
52027: 0.99975
52028: 0.99975
52029: 0.99975
52030: 0.99975
52031: 0.99975
52032: 0.99975
52033: 0.99975
52034: 0.99975
52035: 0.99975
52036: 0.99975
52037: 0.99975
52038: 0.99975
52039: 0.99975
52040: 0.99975
52041: 0.99975
52042: 0.99975
52043: 0.99975
52044: 0.99975
52045: 0.99975
52046: 0.99975
52047: 0.99975
52048: 0.99975
52049: 0.99975
52050: 0.99975
52051: 0.99975
52052: 0.99975
52053: 0.99975
52054: 0.99975
52055: 0.99975
52056: 0.99975
52057: 0.99975
52058: 0.99975
52059: 0.99975
52060: 0.99975
52061: 0.99975
52062: 0.99975
52063: 0.99975
52064: 0.99975
52065: 0.99975
52066: 0.99975
52067: 0.99975
52068: 0.99975
52069: 0.99975
52070: 0.99975
52071: 0.99975
52072: 0.99975
52073: 0.99975
52074: 0.99975
52075: 0.99975
52076: 0.99975
52077: 0.99975
52078: 0.99975
52079: 0.99975
52080: 0.99975
52081: 0.99975
52082: 0.99975
52083: 0.99975
52084: 0.99975
52085: 0.99975
52086: 0.99975
52087: 0.99975
52088: 0.99975
52089: 0.99975
52090: 0.99975
52091: 0.99975
52092: 0.99975
52093: 0.99975
52094: 0.99975
52095: 0.99975
52096: 0.99975
52097: 0.99975
52098: 0.99975
52099: 0.99975
52100: 0.99975
52101: 0.99975
52102: 0.99975
52103: 0.99975
52104: 0.999751
52105: 0.999751
52106: 0.999751
52107: 0.999751
52108: 0.999751
52109: 0.999751
52110: 0.999751
52111: 0.999751
52112: 0.999751
52113: 0.999751
52114: 0.999751
52115: 0.999751
52116: 0.999751
52117: 0.999751
52118: 0.999751
52119: 0.999751
52120: 0.999751
52121: 0.999751
52122: 0.999751
52123: 0.999751
52124: 0.999751
52125: 0.999751
52126: 0.999751
52127: 0.999751
52128: 0.999751
52129: 0.999751
52130: 0.999751
52131: 0.999751
52132: 0.999751
52133: 0.999751
52134: 0.999751
52135: 0.999751
52136: 0.999751
52137: 0.999751
52138: 0.999751
52139: 0.999751
52140: 0.999751
52141: 0.999751
52142: 0.999751
52143: 0.999751
52144: 0.999751
52145: 0.999751
52146: 0.999751
52147: 0.999751
52148: 0.999751
52149: 0.999751
52150: 0.999751
52151: 0.999751
52152: 0.999751
52153: 0.999751
52154: 0.999751
52155: 0.999751
52156: 0.999751
52157: 0.999751
52158: 0.999751
52159: 0.999751
52160: 0.999751
52161: 0.999751
52162: 0.999751
52163: 0.999751
52164: 0.999751
52165: 0.999751
52166: 0.999751
52167: 0.999751
52168: 0.999751
52169: 0.999751
52170: 0.999751
52171: 0.999751
52172: 0.999751
52173: 0.999751
52174: 0.999751
52175: 0.999751
52176: 0.999751
52177: 0.999751
52178: 0.999751
52179: 0.999751
52180: 0.999751
52181: 0.999751
52182: 0.999751
52183: 0.999751
52184: 0.999751
52185: 0.999751
52186: 0.999751
52187: 0.999751
52188: 0.999751
52189: 0.999751
52190: 0.999751
52191: 0.999751
52192: 0.999751
52193: 0.999751
52194: 0.999751
52195: 0.999751
52196: 0.999751
52197: 0.999751
52198: 0.999751
52199: 0.999751
52200: 0.999751
52201: 0.999751
52202: 0.999751
52203: 0.999751
52204: 0.999751
52205: 0.999751
52206: 0.999751
52207: 0.999751
52208: 0.999751
52209: 0.999751
52210: 0.999751
52211: 0.999751
52212: 0.999751
52213: 0.999751
52214: 0.999751
52215: 0.999751
52216: 0.999751
52217: 0.999751
52218: 0.999751
52219: 0.999751
52220: 0.999751
52221: 0.999751
52222: 0.999751
52223: 0.999751
52224: 0.999751
52225: 0.999751
52226: 0.999751
52227: 0.999751
52228: 0.999751
52229: 0.999751
52230: 0.999751
52231: 0.999751
52232: 0.999751
52233: 0.999751
52234: 0.999751
52235: 0.999751
52236: 0.999751
52237: 0.999751
52238: 0.999751
52239: 0.999751
52240: 0.999751
52241: 0.999751
52242: 0.999751
52243: 0.999751
52244: 0.999751
52245: 0.999751
52246: 0.999751
52247: 0.999751
52248: 0.999751
52249: 0.999751
52250: 0.999751
52251: 0.999751
52252: 0.999751
52253: 0.999751
52254: 0.999751
52255: 0.999751
52256: 0.999751
52257: 0.999751
52258: 0.999751
52259: 0.999751
52260: 0.999751
52261: 0.999751
52262: 0.999751
52263: 0.999751
52264: 0.999751
52265: 0.999751
52266: 0.999751
52267: 0.999751
52268: 0.999751
52269: 0.999751
52270: 0.999751
52271: 0.999751
52272: 0.999751
52273: 0.999751
52274: 0.999751
52275: 0.999751
52276: 0.999751
52277: 0.999751
52278: 0.999751
52279: 0.999751
52280: 0.999751
52281: 0.999751
52282: 0.999751
52283: 0.999751
52284: 0.999751
52285: 0.999751
52286: 0.999751
52287: 0.999751
52288: 0.999751
52289: 0.999751
52290: 0.999751
52291: 0.999751
52292: 0.999751
52293: 0.999751
52294: 0.999751
52295: 0.999751
52296: 0.999751
52297: 0.999751
52298: 0.999751
52299: 0.999751
52300: 0.999751
52301: 0.999751
52302: 0.999751
52303: 0.999751
52304: 0.999751
52305: 0.999751
52306: 0.999751
52307: 0.999751
52308: 0.999751
52309: 0.999751
52310: 0.999751
52311: 0.999751
52312: 0.999751
52313: 0.999752
52314: 0.999752
52315: 0.999752
52316: 0.999752
52317: 0.999752
52318: 0.999752
52319: 0.999752
52320: 0.999752
52321: 0.999752
52322: 0.999752
52323: 0.999752
52324: 0.999752
52325: 0.999752
52326: 0.999752
52327: 0.999752
52328: 0.999752
52329: 0.999752
52330: 0.999752
52331: 0.999752
52332: 0.999752
52333: 0.999752
52334: 0.999752
52335: 0.999752
52336: 0.999752
52337: 0.999752
52338: 0.999752
52339: 0.999752
52340: 0.999752
52341: 0.999752
52342: 0.999752
52343: 0.999752
52344: 0.999752
52345: 0.999752
52346: 0.999752
52347: 0.999752
52348: 0.999752
52349: 0.999752
52350: 0.999752
52351: 0.999752
52352: 0.999752
52353: 0.999752
52354: 0.999752
52355: 0.999752
52356: 0.999752
52357: 0.999752
52358: 0.999752
52359: 0.999752
52360: 0.999752
52361: 0.999752
52362: 0.999752
52363: 0.999752
52364: 0.999752
52365: 0.999752
52366: 0.999752
52367: 0.999752
52368: 0.999752
52369: 0.999752
52370: 0.999752
52371: 0.999752
52372: 0.999752
52373: 0.999752
52374: 0.999752
52375: 0.999752
52376: 0.999752
52377: 0.999752
52378: 0.999752
52379: 0.999752
52380: 0.999752
52381: 0.999752
52382: 0.999752
52383: 0.999752
52384: 0.999752
52385: 0.999752
52386: 0.999752
52387: 0.999752
52388: 0.999752
52389: 0.999752
52390: 0.999752
52391: 0.999752
52392: 0.999752
52393: 0.999752
52394: 0.999752
52395: 0.999752
52396: 0.999752
52397: 0.999752
52398: 0.999752
52399: 0.999752
52400: 0.999752
52401: 0.999752
52402: 0.999752
52403: 0.999752
52404: 0.999752
52405: 0.999752
52406: 0.999752
52407: 0.999752
52408: 0.999752
52409: 0.999752
52410: 0.999752
52411: 0.999752
52412: 0.999752
52413: 0.999752
52414: 0.999752
52415: 0.999752
52416: 0.999752
52417: 0.999752
52418: 0.999752
52419: 0.999752
52420: 0.999752
52421: 0.999752
52422: 0.999752
52423: 0.999752
52424: 0.999752
52425: 0.999752
52426: 0.999752
52427: 0.999752
52428: 0.999752
52429: 0.999752
52430: 0.999752
52431: 0.999752
52432: 0.999752
52433: 0.999752
52434: 0.999752
52435: 0.999752
52436: 0.999752
52437: 0.999752
52438: 0.999752
52439: 0.999752
52440: 0.999752
52441: 0.999752
52442: 0.999752
52443: 0.999752
52444: 0.999752
52445: 0.999752
52446: 0.999752
52447: 0.999752
52448: 0.999752
52449: 0.999752
52450: 0.999752
52451: 0.999752
52452: 0.999752
52453: 0.999752
52454: 0.999752
52455: 0.999752
52456: 0.999752
52457: 0.999752
52458: 0.999752
52459: 0.999752
52460: 0.999752
52461: 0.999752
52462: 0.999752
52463: 0.999752
52464: 0.999752
52465: 0.999752
52466: 0.999752
52467: 0.999752
52468: 0.999752
52469: 0.999752
52470: 0.999752
52471: 0.999752
52472: 0.999752
52473: 0.999752
52474: 0.999752
52475: 0.999752
52476: 0.999752
52477: 0.999752
52478: 0.999752
52479: 0.999752
52480: 0.999752
52481: 0.999752
52482: 0.999752
52483: 0.999752
52484: 0.999752
52485: 0.999752
52486: 0.999752
52487: 0.999752
52488: 0.999752
52489: 0.999752
52490: 0.999752
52491: 0.999752
52492: 0.999752
52493: 0.999752
52494: 0.999752
52495: 0.999752
52496: 0.999752
52497: 0.999752
52498: 0.999752
52499: 0.999752
52500: 0.999752
52501: 0.999752
52502: 0.999752
52503: 0.999752
52504: 0.999752
52505: 0.999752
52506: 0.999752
52507: 0.999752
52508: 0.999752
52509: 0.999752
52510: 0.999752
52511: 0.999752
52512: 0.999752
52513: 0.999752
52514: 0.999752
52515: 0.999752
52516: 0.999752
52517: 0.999752
52518: 0.999752
52519: 0.999752
52520: 0.999752
52521: 0.999752
52522: 0.999752
52523: 0.999752
52524: 0.999752
52525: 0.999753
52526: 0.999753
52527: 0.999753
52528: 0.999753
52529: 0.999753
52530: 0.999753
52531: 0.999753
52532: 0.999753
52533: 0.999753
52534: 0.999753
52535: 0.999753
52536: 0.999753
52537: 0.999753
52538: 0.999753
52539: 0.999753
52540: 0.999753
52541: 0.999753
52542: 0.999753
52543: 0.999753
52544: 0.999753
52545: 0.999753
52546: 0.999753
52547: 0.999753
52548: 0.999753
52549: 0.999753
52550: 0.999753
52551: 0.999753
52552: 0.999753
52553: 0.999753
52554: 0.999753
52555: 0.999753
52556: 0.999753
52557: 0.999753
52558: 0.999753
52559: 0.999753
52560: 0.999753
52561: 0.999753
52562: 0.999753
52563: 0.999753
52564: 0.999753
52565: 0.999753
52566: 0.999753
52567: 0.999753
52568: 0.999753
52569: 0.999753
52570: 0.999753
52571: 0.999753
52572: 0.999753
52573: 0.999753
52574: 0.999753
52575: 0.999753
52576: 0.999753
52577: 0.999753
52578: 0.999753
52579: 0.999753
52580: 0.999753
52581: 0.999753
52582: 0.999753
52583: 0.999753
52584: 0.999753
52585: 0.999753
52586: 0.999753
52587: 0.999753
52588: 0.999753
52589: 0.999753
52590: 0.999753
52591: 0.999753
52592: 0.999753
52593: 0.999753
52594: 0.999753
52595: 0.999753
52596: 0.999753
52597: 0.999753
52598: 0.999753
52599: 0.999753
52600: 0.999753
52601: 0.999753
52602: 0.999753
52603: 0.999753
52604: 0.999753
52605: 0.999753
52606: 0.999753
52607: 0.999753
52608: 0.999753
52609: 0.999753
52610: 0.999753
52611: 0.999753
52612: 0.999753
52613: 0.999753
52614: 0.999753
52615: 0.999753
52616: 0.999753
52617: 0.999753
52618: 0.999753
52619: 0.999753
52620: 0.999753
52621: 0.999753
52622: 0.999753
52623: 0.999753
52624: 0.999753
52625: 0.999753
52626: 0.999753
52627: 0.999753
52628: 0.999753
52629: 0.999753
52630: 0.999753
52631: 0.999753
52632: 0.999753
52633: 0.999753
52634: 0.999753
52635: 0.999753
52636: 0.999753
52637: 0.999753
52638: 0.999753
52639: 0.999753
52640: 0.999753
52641: 0.999753
52642: 0.999753
52643: 0.999753
52644: 0.999753
52645: 0.999753
52646: 0.999753
52647: 0.999753
52648: 0.999753
52649: 0.999753
52650: 0.999753
52651: 0.999753
52652: 0.999753
52653: 0.999753
52654: 0.999753
52655: 0.999753
52656: 0.999753
52657: 0.999753
52658: 0.999753
52659: 0.999753
52660: 0.999753
52661: 0.999753
52662: 0.999753
52663: 0.999753
52664: 0.999753
52665: 0.999753
52666: 0.999753
52667: 0.999753
52668: 0.999753
52669: 0.999753
52670: 0.999753
52671: 0.999753
52672: 0.999753
52673: 0.999753
52674: 0.999753
52675: 0.999753
52676: 0.999753
52677: 0.999753
52678: 0.999753
52679: 0.999753
52680: 0.999753
52681: 0.999753
52682: 0.999753
52683: 0.999753
52684: 0.999753
52685: 0.999753
52686: 0.999753
52687: 0.999753
52688: 0.999753
52689: 0.999753
52690: 0.999753
52691: 0.999753
52692: 0.999753
52693: 0.999753
52694: 0.999753
52695: 0.999753
52696: 0.999753
52697: 0.999753
52698: 0.999753
52699: 0.999753
52700: 0.999753
52701: 0.999753
52702: 0.999753
52703: 0.999753
52704: 0.999753
52705: 0.999753
52706: 0.999753
52707: 0.999753
52708: 0.999753
52709: 0.999753
52710: 0.999753
52711: 0.999753
52712: 0.999753
52713: 0.999753
52714: 0.999753
52715: 0.999753
52716: 0.999753
52717: 0.999753
52718: 0.999753
52719: 0.999753
52720: 0.999753
52721: 0.999753
52722: 0.999753
52723: 0.999753
52724: 0.999753
52725: 0.999753
52726: 0.999753
52727: 0.999753
52728: 0.999753
52729: 0.999753
52730: 0.999753
52731: 0.999753
52732: 0.999753
52733: 0.999753
52734: 0.999753
52735: 0.999753
52736: 0.999753
52737: 0.999753
52738: 0.999754
52739: 0.999754
52740: 0.999754
52741: 0.999754
52742: 0.999754
52743: 0.999754
52744: 0.999754
52745: 0.999754
52746: 0.999754
52747: 0.999754
52748: 0.999754
52749: 0.999754
52750: 0.999754
52751: 0.999754
52752: 0.999754
52753: 0.999754
52754: 0.999754
52755: 0.999754
52756: 0.999754
52757: 0.999754
52758: 0.999754
52759: 0.999754
52760: 0.999754
52761: 0.999754
52762: 0.999754
52763: 0.999754
52764: 0.999754
52765: 0.999754
52766: 0.999754
52767: 0.999754
52768: 0.999754
52769: 0.999754
52770: 0.999754
52771: 0.999754
52772: 0.999754
52773: 0.999754
52774: 0.999754
52775: 0.999754
52776: 0.999754
52777: 0.999754
52778: 0.999754
52779: 0.999754
52780: 0.999754
52781: 0.999754
52782: 0.999754
52783: 0.999754
52784: 0.999754
52785: 0.999754
52786: 0.999754
52787: 0.999754
52788: 0.999754
52789: 0.999754
52790: 0.999754
52791: 0.999754
52792: 0.999754
52793: 0.999754
52794: 0.999754
52795: 0.999754
52796: 0.999754
52797: 0.999754
52798: 0.999754
52799: 0.999754
52800: 0.999754
52801: 0.999754
52802: 0.999754
52803: 0.999754
52804: 0.999754
52805: 0.999754
52806: 0.999754
52807: 0.999754
52808: 0.999754
52809: 0.999754
52810: 0.999754
52811: 0.999754
52812: 0.999754
52813: 0.999754
52814: 0.999754
52815: 0.999754
52816: 0.999754
52817: 0.999754
52818: 0.999754
52819: 0.999754
52820: 0.999754
52821: 0.999754
52822: 0.999754
52823: 0.999754
52824: 0.999754
52825: 0.999754
52826: 0.999754
52827: 0.999754
52828: 0.999754
52829: 0.999754
52830: 0.999754
52831: 0.999754
52832: 0.999754
52833: 0.999754
52834: 0.999754
52835: 0.999754
52836: 0.999754
52837: 0.999754
52838: 0.999754
52839: 0.999754
52840: 0.999754
52841: 0.999754
52842: 0.999754
52843: 0.999754
52844: 0.999754
52845: 0.999754
52846: 0.999754
52847: 0.999754
52848: 0.999754
52849: 0.999754
52850: 0.999754
52851: 0.999754
52852: 0.999754
52853: 0.999754
52854: 0.999754
52855: 0.999754
52856: 0.999754
52857: 0.999754
52858: 0.999754
52859: 0.999754
52860: 0.999754
52861: 0.999754
52862: 0.999754
52863: 0.999754
52864: 0.999754
52865: 0.999754
52866: 0.999754
52867: 0.999754
52868: 0.999754
52869: 0.999754
52870: 0.999754
52871: 0.999754
52872: 0.999754
52873: 0.999754
52874: 0.999754
52875: 0.999754
52876: 0.999754
52877: 0.999754
52878: 0.999754
52879: 0.999754
52880: 0.999754
52881: 0.999754
52882: 0.999754
52883: 0.999754
52884: 0.999754
52885: 0.999754
52886: 0.999754
52887: 0.999754
52888: 0.999754
52889: 0.999754
52890: 0.999754
52891: 0.999754
52892: 0.999754
52893: 0.999754
52894: 0.999754
52895: 0.999754
52896: 0.999754
52897: 0.999754
52898: 0.999754
52899: 0.999754
52900: 0.999754
52901: 0.999754
52902: 0.999754
52903: 0.999754
52904: 0.999754
52905: 0.999754
52906: 0.999754
52907: 0.999754
52908: 0.999754
52909: 0.999754
52910: 0.999754
52911: 0.999754
52912: 0.999754
52913: 0.999754
52914: 0.999754
52915: 0.999754
52916: 0.999754
52917: 0.999754
52918: 0.999754
52919: 0.999754
52920: 0.999754
52921: 0.999754
52922: 0.999754
52923: 0.999754
52924: 0.999754
52925: 0.999754
52926: 0.999754
52927: 0.999754
52928: 0.999754
52929: 0.999754
52930: 0.999754
52931: 0.999754
52932: 0.999754
52933: 0.999754
52934: 0.999754
52935: 0.999754
52936: 0.999754
52937: 0.999754
52938: 0.999754
52939: 0.999754
52940: 0.999754
52941: 0.999754
52942: 0.999754
52943: 0.999754
52944: 0.999754
52945: 0.999754
52946: 0.999754
52947: 0.999754
52948: 0.999754
52949: 0.999754
52950: 0.999754
52951: 0.999754
52952: 0.999754
52953: 0.999755
52954: 0.999755
52955: 0.999755
52956: 0.999755
52957: 0.999755
52958: 0.999755
52959: 0.999755
52960: 0.999755
52961: 0.999755
52962: 0.999755
52963: 0.999755
52964: 0.999755
52965: 0.999755
52966: 0.999755
52967: 0.999755
52968: 0.999755
52969: 0.999755
52970: 0.999755
52971: 0.999755
52972: 0.999755
52973: 0.999755
52974: 0.999755
52975: 0.999755
52976: 0.999755
52977: 0.999755
52978: 0.999755
52979: 0.999755
52980: 0.999755
52981: 0.999755
52982: 0.999755
52983: 0.999755
52984: 0.999755
52985: 0.999755
52986: 0.999755
52987: 0.999755
52988: 0.999755
52989: 0.999755
52990: 0.999755
52991: 0.999755
52992: 0.999755
52993: 0.999755
52994: 0.999755
52995: 0.999755
52996: 0.999755
52997: 0.999755
52998: 0.999755
52999: 0.999755
53000: 0.999755
53001: 0.999755
53002: 0.999755
53003: 0.999755
53004: 0.999755
53005: 0.999755
53006: 0.999755
53007: 0.999755
53008: 0.999755
53009: 0.999755
53010: 0.999755
53011: 0.999755
53012: 0.999755
53013: 0.999755
53014: 0.999755
53015: 0.999755
53016: 0.999755
53017: 0.999755
53018: 0.999755
53019: 0.999755
53020: 0.999755
53021: 0.999755
53022: 0.999755
53023: 0.999755
53024: 0.999755
53025: 0.999755
53026: 0.999755
53027: 0.999755
53028: 0.999755
53029: 0.999755
53030: 0.999755
53031: 0.999755
53032: 0.999755
53033: 0.999755
53034: 0.999755
53035: 0.999755
53036: 0.999755
53037: 0.999755
53038: 0.999755
53039: 0.999755
53040: 0.999755
53041: 0.999755
53042: 0.999755
53043: 0.999755
53044: 0.999755
53045: 0.999755
53046: 0.999755
53047: 0.999755
53048: 0.999755
53049: 0.999755
53050: 0.999755
53051: 0.999755
53052: 0.999755
53053: 0.999755
53054: 0.999755
53055: 0.999755
53056: 0.999755
53057: 0.999755
53058: 0.999755
53059: 0.999755
53060: 0.999755
53061: 0.999755
53062: 0.999755
53063: 0.999755
53064: 0.999755
53065: 0.999755
53066: 0.999755
53067: 0.999755
53068: 0.999755
53069: 0.999755
53070: 0.999755
53071: 0.999755
53072: 0.999755
53073: 0.999755
53074: 0.999755
53075: 0.999755
53076: 0.999755
53077: 0.999755
53078: 0.999755
53079: 0.999755
53080: 0.999755
53081: 0.999755
53082: 0.999755
53083: 0.999755
53084: 0.999755
53085: 0.999755
53086: 0.999755
53087: 0.999755
53088: 0.999755
53089: 0.999755
53090: 0.999755
53091: 0.999755
53092: 0.999755
53093: 0.999755
53094: 0.999755
53095: 0.999755
53096: 0.999755
53097: 0.999755
53098: 0.999755
53099: 0.999755
53100: 0.999755
53101: 0.999755
53102: 0.999755
53103: 0.999755
53104: 0.999755
53105: 0.999755
53106: 0.999755
53107: 0.999755
53108: 0.999755
53109: 0.999755
53110: 0.999755
53111: 0.999755
53112: 0.999755
53113: 0.999755
53114: 0.999755
53115: 0.999755
53116: 0.999755
53117: 0.999755
53118: 0.999755
53119: 0.999755
53120: 0.999755
53121: 0.999755
53122: 0.999755
53123: 0.999755
53124: 0.999755
53125: 0.999755
53126: 0.999755
53127: 0.999755
53128: 0.999755
53129: 0.999755
53130: 0.999755
53131: 0.999755
53132: 0.999755
53133: 0.999755
53134: 0.999755
53135: 0.999755
53136: 0.999755
53137: 0.999755
53138: 0.999755
53139: 0.999755
53140: 0.999755
53141: 0.999755
53142: 0.999755
53143: 0.999755
53144: 0.999755
53145: 0.999755
53146: 0.999755
53147: 0.999755
53148: 0.999755
53149: 0.999755
53150: 0.999755
53151: 0.999755
53152: 0.999755
53153: 0.999755
53154: 0.999755
53155: 0.999755
53156: 0.999755
53157: 0.999755
53158: 0.999755
53159: 0.999755
53160: 0.999755
53161: 0.999755
53162: 0.999755
53163: 0.999755
53164: 0.999755
53165: 0.999755
53166: 0.999755
53167: 0.999755
53168: 0.999755
53169: 0.999756
53170: 0.999756
53171: 0.999756
53172: 0.999756
53173: 0.999756
53174: 0.999756
53175: 0.999756
53176: 0.999756
53177: 0.999756
53178: 0.999756
53179: 0.999756
53180: 0.999756
53181: 0.999756
53182: 0.999756
53183: 0.999756
53184: 0.999756
53185: 0.999756
53186: 0.999756
53187: 0.999756
53188: 0.999756
53189: 0.999756
53190: 0.999756
53191: 0.999756
53192: 0.999756
53193: 0.999756
53194: 0.999756
53195: 0.999756
53196: 0.999756
53197: 0.999756
53198: 0.999756
53199: 0.999756
53200: 0.999756
53201: 0.999756
53202: 0.999756
53203: 0.999756
53204: 0.999756
53205: 0.999756
53206: 0.999756
53207: 0.999756
53208: 0.999756
53209: 0.999756
53210: 0.999756
53211: 0.999756
53212: 0.999756
53213: 0.999756
53214: 0.999756
53215: 0.999756
53216: 0.999756
53217: 0.999756
53218: 0.999756
53219: 0.999756
53220: 0.999756
53221: 0.999756
53222: 0.999756
53223: 0.999756
53224: 0.999756
53225: 0.999756
53226: 0.999756
53227: 0.999756
53228: 0.999756
53229: 0.999756
53230: 0.999756
53231: 0.999756
53232: 0.999756
53233: 0.999756
53234: 0.999756
53235: 0.999756
53236: 0.999756
53237: 0.999756
53238: 0.999756
53239: 0.999756
53240: 0.999756
53241: 0.999756
53242: 0.999756
53243: 0.999756
53244: 0.999756
53245: 0.999756
53246: 0.999756
53247: 0.999756
53248: 0.999756
53249: 0.999756
53250: 0.999756
53251: 0.999756
53252: 0.999756
53253: 0.999756
53254: 0.999756
53255: 0.999756
53256: 0.999756
53257: 0.999756
53258: 0.999756
53259: 0.999756
53260: 0.999756
53261: 0.999756
53262: 0.999756
53263: 0.999756
53264: 0.999756
53265: 0.999756
53266: 0.999756
53267: 0.999756
53268: 0.999756
53269: 0.999756
53270: 0.999756
53271: 0.999756
53272: 0.999756
53273: 0.999756
53274: 0.999756
53275: 0.999756
53276: 0.999756
53277: 0.999756
53278: 0.999756
53279: 0.999756
53280: 0.999756
53281: 0.999756
53282: 0.999756
53283: 0.999756
53284: 0.999756
53285: 0.999756
53286: 0.999756
53287: 0.999756
53288: 0.999756
53289: 0.999756
53290: 0.999756
53291: 0.999756
53292: 0.999756
53293: 0.999756
53294: 0.999756
53295: 0.999756
53296: 0.999756
53297: 0.999756
53298: 0.999756
53299: 0.999756
53300: 0.999756
53301: 0.999756
53302: 0.999756
53303: 0.999756
53304: 0.999756
53305: 0.999756
53306: 0.999756
53307: 0.999756
53308: 0.999756
53309: 0.999756
53310: 0.999756
53311: 0.999756
53312: 0.999756
53313: 0.999756
53314: 0.999756
53315: 0.999756
53316: 0.999756
53317: 0.999756
53318: 0.999756
53319: 0.999756
53320: 0.999756
53321: 0.999756
53322: 0.999756
53323: 0.999756
53324: 0.999756
53325: 0.999756
53326: 0.999756
53327: 0.999756
53328: 0.999756
53329: 0.999756
53330: 0.999756
53331: 0.999756
53332: 0.999756
53333: 0.999756
53334: 0.999756
53335: 0.999756
53336: 0.999756
53337: 0.999756
53338: 0.999756
53339: 0.999756
53340: 0.999756
53341: 0.999756
53342: 0.999756
53343: 0.999756
53344: 0.999756
53345: 0.999756
53346: 0.999756
53347: 0.999756
53348: 0.999756
53349: 0.999756
53350: 0.999756
53351: 0.999756
53352: 0.999756
53353: 0.999756
53354: 0.999756
53355: 0.999756
53356: 0.999756
53357: 0.999756
53358: 0.999756
53359: 0.999756
53360: 0.999756
53361: 0.999756
53362: 0.999756
53363: 0.999756
53364: 0.999756
53365: 0.999756
53366: 0.999756
53367: 0.999756
53368: 0.999756
53369: 0.999756
53370: 0.999756
53371: 0.999756
53372: 0.999756
53373: 0.999756
53374: 0.999756
53375: 0.999756
53376: 0.999756
53377: 0.999756
53378: 0.999756
53379: 0.999756
53380: 0.999756
53381: 0.999756
53382: 0.999756
53383: 0.999756
53384: 0.999756
53385: 0.999756
53386: 0.999756
53387: 0.999756
53388: 0.999757
53389: 0.999757
53390: 0.999757
53391: 0.999757
53392: 0.999757
53393: 0.999757
53394: 0.999757
53395: 0.999757
53396: 0.999757
53397: 0.999757
53398: 0.999757
53399: 0.999757
53400: 0.999757
53401: 0.999757
53402: 0.999757
53403: 0.999757
53404: 0.999757
53405: 0.999757
53406: 0.999757
53407: 0.999757
53408: 0.999757
53409: 0.999757
53410: 0.999757
53411: 0.999757
53412: 0.999757
53413: 0.999757
53414: 0.999757
53415: 0.999757
53416: 0.999757
53417: 0.999757
53418: 0.999757
53419: 0.999757
53420: 0.999757
53421: 0.999757
53422: 0.999757
53423: 0.999757
53424: 0.999757
53425: 0.999757
53426: 0.999757
53427: 0.999757
53428: 0.999757
53429: 0.999757
53430: 0.999757
53431: 0.999757
53432: 0.999757
53433: 0.999757
53434: 0.999757
53435: 0.999757
53436: 0.999757
53437: 0.999757
53438: 0.999757
53439: 0.999757
53440: 0.999757
53441: 0.999757
53442: 0.999757
53443: 0.999757
53444: 0.999757
53445: 0.999757
53446: 0.999757
53447: 0.999757
53448: 0.999757
53449: 0.999757
53450: 0.999757
53451: 0.999757
53452: 0.999757
53453: 0.999757
53454: 0.999757
53455: 0.999757
53456: 0.999757
53457: 0.999757
53458: 0.999757
53459: 0.999757
53460: 0.999757
53461: 0.999757
53462: 0.999757
53463: 0.999757
53464: 0.999757
53465: 0.999757
53466: 0.999757
53467: 0.999757
53468: 0.999757
53469: 0.999757
53470: 0.999757
53471: 0.999757
53472: 0.999757
53473: 0.999757
53474: 0.999757
53475: 0.999757
53476: 0.999757
53477: 0.999757
53478: 0.999757
53479: 0.999757
53480: 0.999757
53481: 0.999757
53482: 0.999757
53483: 0.999757
53484: 0.999757
53485: 0.999757
53486: 0.999757
53487: 0.999757
53488: 0.999757
53489: 0.999757
53490: 0.999757
53491: 0.999757
53492: 0.999757
53493: 0.999757
53494: 0.999757
53495: 0.999757
53496: 0.999757
53497: 0.999757
53498: 0.999757
53499: 0.999757
53500: 0.999757
53501: 0.999757
53502: 0.999757
53503: 0.999757
53504: 0.999757
53505: 0.999757
53506: 0.999757
53507: 0.999757
53508: 0.999757
53509: 0.999757
53510: 0.999757
53511: 0.999757
53512: 0.999757
53513: 0.999757
53514: 0.999757
53515: 0.999757
53516: 0.999757
53517: 0.999757
53518: 0.999757
53519: 0.999757
53520: 0.999757
53521: 0.999757
53522: 0.999757
53523: 0.999757
53524: 0.999757
53525: 0.999757
53526: 0.999757
53527: 0.999757
53528: 0.999757
53529: 0.999757
53530: 0.999757
53531: 0.999757
53532: 0.999757
53533: 0.999757
53534: 0.999757
53535: 0.999757
53536: 0.999757
53537: 0.999757
53538: 0.999757
53539: 0.999757
53540: 0.999757
53541: 0.999757
53542: 0.999757
53543: 0.999757
53544: 0.999757
53545: 0.999757
53546: 0.999757
53547: 0.999757
53548: 0.999757
53549: 0.999757
53550: 0.999757
53551: 0.999757
53552: 0.999757
53553: 0.999757
53554: 0.999757
53555: 0.999757
53556: 0.999757
53557: 0.999757
53558: 0.999757
53559: 0.999757
53560: 0.999757
53561: 0.999757
53562: 0.999757
53563: 0.999757
53564: 0.999757
53565: 0.999757
53566: 0.999757
53567: 0.999757
53568: 0.999757
53569: 0.999757
53570: 0.999757
53571: 0.999757
53572: 0.999757
53573: 0.999757
53574: 0.999757
53575: 0.999757
53576: 0.999757
53577: 0.999757
53578: 0.999757
53579: 0.999757
53580: 0.999757
53581: 0.999757
53582: 0.999757
53583: 0.999757
53584: 0.999757
53585: 0.999757
53586: 0.999757
53587: 0.999757
53588: 0.999757
53589: 0.999757
53590: 0.999757
53591: 0.999757
53592: 0.999757
53593: 0.999757
53594: 0.999757
53595: 0.999757
53596: 0.999757
53597: 0.999757
53598: 0.999757
53599: 0.999757
53600: 0.999757
53601: 0.999757
53602: 0.999757
53603: 0.999757
53604: 0.999757
53605: 0.999757
53606: 0.999757
53607: 0.999757
53608: 0.999758
53609: 0.999758
53610: 0.999758
53611: 0.999758
53612: 0.999758
53613: 0.999758
53614: 0.999758
53615: 0.999758
53616: 0.999758
53617: 0.999758
53618: 0.999758
53619: 0.999758
53620: 0.999758
53621: 0.999758
53622: 0.999758
53623: 0.999758
53624: 0.999758
53625: 0.999758
53626: 0.999758
53627: 0.999758
53628: 0.999758
53629: 0.999758
53630: 0.999758
53631: 0.999758
53632: 0.999758
53633: 0.999758
53634: 0.999758
53635: 0.999758
53636: 0.999758
53637: 0.999758
53638: 0.999758
53639: 0.999758
53640: 0.999758
53641: 0.999758
53642: 0.999758
53643: 0.999758
53644: 0.999758
53645: 0.999758
53646: 0.999758
53647: 0.999758
53648: 0.999758
53649: 0.999758
53650: 0.999758
53651: 0.999758
53652: 0.999758
53653: 0.999758
53654: 0.999758
53655: 0.999758
53656: 0.999758
53657: 0.999758
53658: 0.999758
53659: 0.999758
53660: 0.999758
53661: 0.999758
53662: 0.999758
53663: 0.999758
53664: 0.999758
53665: 0.999758
53666: 0.999758
53667: 0.999758
53668: 0.999758
53669: 0.999758
53670: 0.999758
53671: 0.999758
53672: 0.999758
53673: 0.999758
53674: 0.999758
53675: 0.999758
53676: 0.999758
53677: 0.999758
53678: 0.999758
53679: 0.999758
53680: 0.999758
53681: 0.999758
53682: 0.999758
53683: 0.999758
53684: 0.999758
53685: 0.999758
53686: 0.999758
53687: 0.999758
53688: 0.999758
53689: 0.999758
53690: 0.999758
53691: 0.999758
53692: 0.999758
53693: 0.999758
53694: 0.999758
53695: 0.999758
53696: 0.999758
53697: 0.999758
53698: 0.999758
53699: 0.999758
53700: 0.999758
53701: 0.999758
53702: 0.999758
53703: 0.999758
53704: 0.999758
53705: 0.999758
53706: 0.999758
53707: 0.999758
53708: 0.999758
53709: 0.999758
53710: 0.999758
53711: 0.999758
53712: 0.999758
53713: 0.999758
53714: 0.999758
53715: 0.999758
53716: 0.999758
53717: 0.999758
53718: 0.999758
53719: 0.999758
53720: 0.999758
53721: 0.999758
53722: 0.999758
53723: 0.999758
53724: 0.999758
53725: 0.999758
53726: 0.999758
53727: 0.999758
53728: 0.999758
53729: 0.999758
53730: 0.999758
53731: 0.999758
53732: 0.999758
53733: 0.999758
53734: 0.999758
53735: 0.999758
53736: 0.999758
53737: 0.999758
53738: 0.999758
53739: 0.999758
53740: 0.999758
53741: 0.999758
53742: 0.999758
53743: 0.999758
53744: 0.999758
53745: 0.999758
53746: 0.999758
53747: 0.999758
53748: 0.999758
53749: 0.999758
53750: 0.999758
53751: 0.999758
53752: 0.999758
53753: 0.999758
53754: 0.999758
53755: 0.999758
53756: 0.999758
53757: 0.999758
53758: 0.999758
53759: 0.999758
53760: 0.999758
53761: 0.999758
53762: 0.999758
53763: 0.999758
53764: 0.999758
53765: 0.999758
53766: 0.999758
53767: 0.999758
53768: 0.999758
53769: 0.999758
53770: 0.999758
53771: 0.999758
53772: 0.999758
53773: 0.999758
53774: 0.999758
53775: 0.999758
53776: 0.999758
53777: 0.999758
53778: 0.999758
53779: 0.999758
53780: 0.999758
53781: 0.999758
53782: 0.999758
53783: 0.999758
53784: 0.999758
53785: 0.999758
53786: 0.999758
53787: 0.999758
53788: 0.999758
53789: 0.999758
53790: 0.999758
53791: 0.999758
53792: 0.999758
53793: 0.999758
53794: 0.999758
53795: 0.999758
53796: 0.999758
53797: 0.999758
53798: 0.999758
53799: 0.999758
53800: 0.999758
53801: 0.999758
53802: 0.999758
53803: 0.999758
53804: 0.999758
53805: 0.999758
53806: 0.999758
53807: 0.999758
53808: 0.999758
53809: 0.999758
53810: 0.999758
53811: 0.999758
53812: 0.999758
53813: 0.999758
53814: 0.999758
53815: 0.999758
53816: 0.999758
53817: 0.999758
53818: 0.999758
53819: 0.999758
53820: 0.999758
53821: 0.999758
53822: 0.999758
53823: 0.999758
53824: 0.999758
53825: 0.999758
53826: 0.999758
53827: 0.999758
53828: 0.999758
53829: 0.999758
53830: 0.999759
53831: 0.999759
53832: 0.999759
53833: 0.999759
53834: 0.999759
53835: 0.999759
53836: 0.999759
53837: 0.999759
53838: 0.999759
53839: 0.999759
53840: 0.999759
53841: 0.999759
53842: 0.999759
53843: 0.999759
53844: 0.999759
53845: 0.999759
53846: 0.999759
53847: 0.999759
53848: 0.999759
53849: 0.999759
53850: 0.999759
53851: 0.999759
53852: 0.999759
53853: 0.999759
53854: 0.999759
53855: 0.999759
53856: 0.999759
53857: 0.999759
53858: 0.999759
53859: 0.999759
53860: 0.999759
53861: 0.999759
53862: 0.999759
53863: 0.999759
53864: 0.999759
53865: 0.999759
53866: 0.999759
53867: 0.999759
53868: 0.999759
53869: 0.999759
53870: 0.999759
53871: 0.999759
53872: 0.999759
53873: 0.999759
53874: 0.999759
53875: 0.999759
53876: 0.999759
53877: 0.999759
53878: 0.999759
53879: 0.999759
53880: 0.999759
53881: 0.999759
53882: 0.999759
53883: 0.999759
53884: 0.999759
53885: 0.999759
53886: 0.999759
53887: 0.999759
53888: 0.999759
53889: 0.999759
53890: 0.999759
53891: 0.999759
53892: 0.999759
53893: 0.999759
53894: 0.999759
53895: 0.999759
53896: 0.999759
53897: 0.999759
53898: 0.999759
53899: 0.999759
53900: 0.999759
53901: 0.999759
53902: 0.999759
53903: 0.999759
53904: 0.999759
53905: 0.999759
53906: 0.999759
53907: 0.999759
53908: 0.999759
53909: 0.999759
53910: 0.999759
53911: 0.999759
53912: 0.999759
53913: 0.999759
53914: 0.999759
53915: 0.999759
53916: 0.999759
53917: 0.999759
53918: 0.999759
53919: 0.999759
53920: 0.999759
53921: 0.999759
53922: 0.999759
53923: 0.999759
53924: 0.999759
53925: 0.999759
53926: 0.999759
53927: 0.999759
53928: 0.999759
53929: 0.999759
53930: 0.999759
53931: 0.999759
53932: 0.999759
53933: 0.999759
53934: 0.999759
53935: 0.999759
53936: 0.999759
53937: 0.999759
53938: 0.999759
53939: 0.999759
53940: 0.999759
53941: 0.999759
53942: 0.999759
53943: 0.999759
53944: 0.999759
53945: 0.999759
53946: 0.999759
53947: 0.999759
53948: 0.999759
53949: 0.999759
53950: 0.999759
53951: 0.999759
53952: 0.999759
53953: 0.999759
53954: 0.999759
53955: 0.999759
53956: 0.999759
53957: 0.999759
53958: 0.999759
53959: 0.999759
53960: 0.999759
53961: 0.999759
53962: 0.999759
53963: 0.999759
53964: 0.999759
53965: 0.999759
53966: 0.999759
53967: 0.999759
53968: 0.999759
53969: 0.999759
53970: 0.999759
53971: 0.999759
53972: 0.999759
53973: 0.999759
53974: 0.999759
53975: 0.999759
53976: 0.999759
53977: 0.999759
53978: 0.999759
53979: 0.999759
53980: 0.999759
53981: 0.999759
53982: 0.999759
53983: 0.999759
53984: 0.999759
53985: 0.999759
53986: 0.999759
53987: 0.999759
53988: 0.999759
53989: 0.999759
53990: 0.999759
53991: 0.999759
53992: 0.999759
53993: 0.999759
53994: 0.999759
53995: 0.999759
53996: 0.999759
53997: 0.999759
53998: 0.999759
53999: 0.999759
54000: 0.999759
54001: 0.999759
54002: 0.999759
54003: 0.999759
54004: 0.999759
54005: 0.999759
54006: 0.999759
54007: 0.999759
54008: 0.999759
54009: 0.999759
54010: 0.999759
54011: 0.999759
54012: 0.999759
54013: 0.999759
54014: 0.999759
54015: 0.999759
54016: 0.999759
54017: 0.999759
54018: 0.999759
54019: 0.999759
54020: 0.999759
54021: 0.999759
54022: 0.999759
54023: 0.999759
54024: 0.999759
54025: 0.999759
54026: 0.999759
54027: 0.999759
54028: 0.999759
54029: 0.999759
54030: 0.999759
54031: 0.999759
54032: 0.999759
54033: 0.999759
54034: 0.999759
54035: 0.999759
54036: 0.999759
54037: 0.999759
54038: 0.999759
54039: 0.999759
54040: 0.999759
54041: 0.999759
54042: 0.999759
54043: 0.999759
54044: 0.999759
54045: 0.999759
54046: 0.999759
54047: 0.999759
54048: 0.999759
54049: 0.999759
54050: 0.999759
54051: 0.999759
54052: 0.999759
54053: 0.999759
54054: 0.99976
54055: 0.99976
54056: 0.99976
54057: 0.99976
54058: 0.99976
54059: 0.99976
54060: 0.99976
54061: 0.99976
54062: 0.99976
54063: 0.99976
54064: 0.99976
54065: 0.99976
54066: 0.99976
54067: 0.99976
54068: 0.99976
54069: 0.99976
54070: 0.99976
54071: 0.99976
54072: 0.99976
54073: 0.99976
54074: 0.99976
54075: 0.99976
54076: 0.99976
54077: 0.99976
54078: 0.99976
54079: 0.99976
54080: 0.99976
54081: 0.99976
54082: 0.99976
54083: 0.99976
54084: 0.99976
54085: 0.99976
54086: 0.99976
54087: 0.99976
54088: 0.99976
54089: 0.99976
54090: 0.99976
54091: 0.99976
54092: 0.99976
54093: 0.99976
54094: 0.99976
54095: 0.99976
54096: 0.99976
54097: 0.99976
54098: 0.99976
54099: 0.99976
54100: 0.99976
54101: 0.99976
54102: 0.99976
54103: 0.99976
54104: 0.99976
54105: 0.99976
54106: 0.99976
54107: 0.99976
54108: 0.99976
54109: 0.99976
54110: 0.99976
54111: 0.99976
54112: 0.99976
54113: 0.99976
54114: 0.99976
54115: 0.99976
54116: 0.99976
54117: 0.99976
54118: 0.99976
54119: 0.99976
54120: 0.99976
54121: 0.99976
54122: 0.99976
54123: 0.99976
54124: 0.99976
54125: 0.99976
54126: 0.99976
54127: 0.99976
54128: 0.99976
54129: 0.99976
54130: 0.99976
54131: 0.99976
54132: 0.99976
54133: 0.99976
54134: 0.99976
54135: 0.99976
54136: 0.99976
54137: 0.99976
54138: 0.99976
54139: 0.99976
54140: 0.99976
54141: 0.99976
54142: 0.99976
54143: 0.99976
54144: 0.99976
54145: 0.99976
54146: 0.99976
54147: 0.99976
54148: 0.99976
54149: 0.99976
54150: 0.99976
54151: 0.99976
54152: 0.99976
54153: 0.99976
54154: 0.99976
54155: 0.99976
54156: 0.99976
54157: 0.99976
54158: 0.99976
54159: 0.99976
54160: 0.99976
54161: 0.99976
54162: 0.99976
54163: 0.99976
54164: 0.99976
54165: 0.99976
54166: 0.99976
54167: 0.99976
54168: 0.99976
54169: 0.99976
54170: 0.99976
54171: 0.99976
54172: 0.99976
54173: 0.99976
54174: 0.99976
54175: 0.99976
54176: 0.99976
54177: 0.99976
54178: 0.99976
54179: 0.99976
54180: 0.99976
54181: 0.99976
54182: 0.99976
54183: 0.99976
54184: 0.99976
54185: 0.99976
54186: 0.99976
54187: 0.99976
54188: 0.99976
54189: 0.99976
54190: 0.99976
54191: 0.99976
54192: 0.99976
54193: 0.99976
54194: 0.99976
54195: 0.99976
54196: 0.99976
54197: 0.99976
54198: 0.99976
54199: 0.99976
54200: 0.99976
54201: 0.99976
54202: 0.99976
54203: 0.99976
54204: 0.99976
54205: 0.99976
54206: 0.99976
54207: 0.99976
54208: 0.99976
54209: 0.99976
54210: 0.99976
54211: 0.99976
54212: 0.99976
54213: 0.99976
54214: 0.99976
54215: 0.99976
54216: 0.99976
54217: 0.99976
54218: 0.99976
54219: 0.99976
54220: 0.99976
54221: 0.99976
54222: 0.99976
54223: 0.99976
54224: 0.99976
54225: 0.99976
54226: 0.99976
54227: 0.99976
54228: 0.99976
54229: 0.99976
54230: 0.99976
54231: 0.99976
54232: 0.99976
54233: 0.99976
54234: 0.99976
54235: 0.99976
54236: 0.99976
54237: 0.99976
54238: 0.99976
54239: 0.99976
54240: 0.99976
54241: 0.99976
54242: 0.99976
54243: 0.99976
54244: 0.99976
54245: 0.99976
54246: 0.99976
54247: 0.99976
54248: 0.99976
54249: 0.99976
54250: 0.99976
54251: 0.99976
54252: 0.99976
54253: 0.99976
54254: 0.99976
54255: 0.99976
54256: 0.99976
54257: 0.99976
54258: 0.99976
54259: 0.99976
54260: 0.99976
54261: 0.99976
54262: 0.99976
54263: 0.99976
54264: 0.99976
54265: 0.99976
54266: 0.99976
54267: 0.99976
54268: 0.99976
54269: 0.99976
54270: 0.99976
54271: 0.99976
54272: 0.99976
54273: 0.99976
54274: 0.99976
54275: 0.99976
54276: 0.99976
54277: 0.99976
54278: 0.99976
54279: 0.999761
54280: 0.999761
54281: 0.999761
54282: 0.999761
54283: 0.999761
54284: 0.999761
54285: 0.999761
54286: 0.999761
54287: 0.999761
54288: 0.999761
54289: 0.999761
54290: 0.999761
54291: 0.999761
54292: 0.999761
54293: 0.999761
54294: 0.999761
54295: 0.999761
54296: 0.999761
54297: 0.999761
54298: 0.999761
54299: 0.999761
54300: 0.999761
54301: 0.999761
54302: 0.999761
54303: 0.999761
54304: 0.999761
54305: 0.999761
54306: 0.999761
54307: 0.999761
54308: 0.999761
54309: 0.999761
54310: 0.999761
54311: 0.999761
54312: 0.999761
54313: 0.999761
54314: 0.999761
54315: 0.999761
54316: 0.999761
54317: 0.999761
54318: 0.999761
54319: 0.999761
54320: 0.999761
54321: 0.999761
54322: 0.999761
54323: 0.999761
54324: 0.999761
54325: 0.999761
54326: 0.999761
54327: 0.999761
54328: 0.999761
54329: 0.999761
54330: 0.999761
54331: 0.999761
54332: 0.999761
54333: 0.999761
54334: 0.999761
54335: 0.999761
54336: 0.999761
54337: 0.999761
54338: 0.999761
54339: 0.999761
54340: 0.999761
54341: 0.999761
54342: 0.999761
54343: 0.999761
54344: 0.999761
54345: 0.999761
54346: 0.999761
54347: 0.999761
54348: 0.999761
54349: 0.999761
54350: 0.999761
54351: 0.999761
54352: 0.999761
54353: 0.999761
54354: 0.999761
54355: 0.999761
54356: 0.999761
54357: 0.999761
54358: 0.999761
54359: 0.999761
54360: 0.999761
54361: 0.999761
54362: 0.999761
54363: 0.999761
54364: 0.999761
54365: 0.999761
54366: 0.999761
54367: 0.999761
54368: 0.999761
54369: 0.999761
54370: 0.999761
54371: 0.999761
54372: 0.999761
54373: 0.999761
54374: 0.999761
54375: 0.999761
54376: 0.999761
54377: 0.999761
54378: 0.999761
54379: 0.999761
54380: 0.999761
54381: 0.999761
54382: 0.999761
54383: 0.999761
54384: 0.999761
54385: 0.999761
54386: 0.999761
54387: 0.999761
54388: 0.999761
54389: 0.999761
54390: 0.999761
54391: 0.999761
54392: 0.999761
54393: 0.999761
54394: 0.999761
54395: 0.999761
54396: 0.999761
54397: 0.999761
54398: 0.999761
54399: 0.999761
54400: 0.999761
54401: 0.999761
54402: 0.999761
54403: 0.999761
54404: 0.999761
54405: 0.999761
54406: 0.999761
54407: 0.999761
54408: 0.999761
54409: 0.999761
54410: 0.999761
54411: 0.999761
54412: 0.999761
54413: 0.999761
54414: 0.999761
54415: 0.999761
54416: 0.999761
54417: 0.999761
54418: 0.999761
54419: 0.999761
54420: 0.999761
54421: 0.999761
54422: 0.999761
54423: 0.999761
54424: 0.999761
54425: 0.999761
54426: 0.999761
54427: 0.999761
54428: 0.999761
54429: 0.999761
54430: 0.999761
54431: 0.999761
54432: 0.999761
54433: 0.999761
54434: 0.999761
54435: 0.999761
54436: 0.999761
54437: 0.999761
54438: 0.999761
54439: 0.999761
54440: 0.999761
54441: 0.999761
54442: 0.999761
54443: 0.999761
54444: 0.999761
54445: 0.999761
54446: 0.999761
54447: 0.999761
54448: 0.999761
54449: 0.999761
54450: 0.999761
54451: 0.999761
54452: 0.999761
54453: 0.999761
54454: 0.999761
54455: 0.999761
54456: 0.999761
54457: 0.999761
54458: 0.999761
54459: 0.999761
54460: 0.999761
54461: 0.999761
54462: 0.999761
54463: 0.999761
54464: 0.999761
54465: 0.999761
54466: 0.999761
54467: 0.999761
54468: 0.999761
54469: 0.999761
54470: 0.999761
54471: 0.999761
54472: 0.999761
54473: 0.999761
54474: 0.999761
54475: 0.999761
54476: 0.999761
54477: 0.999761
54478: 0.999761
54479: 0.999761
54480: 0.999761
54481: 0.999761
54482: 0.999761
54483: 0.999761
54484: 0.999761
54485: 0.999761
54486: 0.999761
54487: 0.999761
54488: 0.999761
54489: 0.999761
54490: 0.999761
54491: 0.999761
54492: 0.999761
54493: 0.999761
54494: 0.999761
54495: 0.999761
54496: 0.999761
54497: 0.999761
54498: 0.999761
54499: 0.999761
54500: 0.999761
54501: 0.999761
54502: 0.999761
54503: 0.999761
54504: 0.999761
54505: 0.999761
54506: 0.999761
54507: 0.999762
54508: 0.999762
54509: 0.999762
54510: 0.999762
54511: 0.999762
54512: 0.999762
54513: 0.999762
54514: 0.999762
54515: 0.999762
54516: 0.999762
54517: 0.999762
54518: 0.999762
54519: 0.999762
54520: 0.999762
54521: 0.999762
54522: 0.999762
54523: 0.999762
54524: 0.999762
54525: 0.999762
54526: 0.999762
54527: 0.999762
54528: 0.999762
54529: 0.999762
54530: 0.999762
54531: 0.999762
54532: 0.999762
54533: 0.999762
54534: 0.999762
54535: 0.999762
54536: 0.999762
54537: 0.999762
54538: 0.999762
54539: 0.999762
54540: 0.999762
54541: 0.999762
54542: 0.999762
54543: 0.999762
54544: 0.999762
54545: 0.999762
54546: 0.999762
54547: 0.999762
54548: 0.999762
54549: 0.999762
54550: 0.999762
54551: 0.999762
54552: 0.999762
54553: 0.999762
54554: 0.999762
54555: 0.999762
54556: 0.999762
54557: 0.999762
54558: 0.999762
54559: 0.999762
54560: 0.999762
54561: 0.999762
54562: 0.999762
54563: 0.999762
54564: 0.999762
54565: 0.999762
54566: 0.999762
54567: 0.999762
54568: 0.999762
54569: 0.999762
54570: 0.999762
54571: 0.999762
54572: 0.999762
54573: 0.999762
54574: 0.999762
54575: 0.999762
54576: 0.999762
54577: 0.999762
54578: 0.999762
54579: 0.999762
54580: 0.999762
54581: 0.999762
54582: 0.999762
54583: 0.999762
54584: 0.999762
54585: 0.999762
54586: 0.999762
54587: 0.999762
54588: 0.999762
54589: 0.999762
54590: 0.999762
54591: 0.999762
54592: 0.999762
54593: 0.999762
54594: 0.999762
54595: 0.999762
54596: 0.999762
54597: 0.999762
54598: 0.999762
54599: 0.999762
54600: 0.999762
54601: 0.999762
54602: 0.999762
54603: 0.999762
54604: 0.999762
54605: 0.999762
54606: 0.999762
54607: 0.999762
54608: 0.999762
54609: 0.999762
54610: 0.999762
54611: 0.999762
54612: 0.999762
54613: 0.999762
54614: 0.999762
54615: 0.999762
54616: 0.999762
54617: 0.999762
54618: 0.999762
54619: 0.999762
54620: 0.999762
54621: 0.999762
54622: 0.999762
54623: 0.999762
54624: 0.999762
54625: 0.999762
54626: 0.999762
54627: 0.999762
54628: 0.999762
54629: 0.999762
54630: 0.999762
54631: 0.999762
54632: 0.999762
54633: 0.999762
54634: 0.999762
54635: 0.999762
54636: 0.999762
54637: 0.999762
54638: 0.999762
54639: 0.999762
54640: 0.999762
54641: 0.999762
54642: 0.999762
54643: 0.999762
54644: 0.999762
54645: 0.999762
54646: 0.999762
54647: 0.999762
54648: 0.999762
54649: 0.999762
54650: 0.999762
54651: 0.999762
54652: 0.999762
54653: 0.999762
54654: 0.999762
54655: 0.999762
54656: 0.999762
54657: 0.999762
54658: 0.999762
54659: 0.999762
54660: 0.999762
54661: 0.999762
54662: 0.999762
54663: 0.999762
54664: 0.999762
54665: 0.999762
54666: 0.999762
54667: 0.999762
54668: 0.999762
54669: 0.999762
54670: 0.999762
54671: 0.999762
54672: 0.999762
54673: 0.999762
54674: 0.999762
54675: 0.999762
54676: 0.999762
54677: 0.999762
54678: 0.999762
54679: 0.999762
54680: 0.999762
54681: 0.999762
54682: 0.999762
54683: 0.999762
54684: 0.999762
54685: 0.999762
54686: 0.999762
54687: 0.999762
54688: 0.999762
54689: 0.999762
54690: 0.999762
54691: 0.999762
54692: 0.999762
54693: 0.999762
54694: 0.999762
54695: 0.999762
54696: 0.999762
54697: 0.999762
54698: 0.999762
54699: 0.999762
54700: 0.999762
54701: 0.999762
54702: 0.999762
54703: 0.999762
54704: 0.999762
54705: 0.999762
54706: 0.999762
54707: 0.999762
54708: 0.999762
54709: 0.999762
54710: 0.999762
54711: 0.999762
54712: 0.999762
54713: 0.999762
54714: 0.999762
54715: 0.999762
54716: 0.999762
54717: 0.999762
54718: 0.999762
54719: 0.999762
54720: 0.999762
54721: 0.999762
54722: 0.999762
54723: 0.999762
54724: 0.999762
54725: 0.999762
54726: 0.999762
54727: 0.999762
54728: 0.999762
54729: 0.999762
54730: 0.999762
54731: 0.999762
54732: 0.999762
54733: 0.999762
54734: 0.999762
54735: 0.999762
54736: 0.999763
54737: 0.999763
54738: 0.999763
54739: 0.999763
54740: 0.999763
54741: 0.999763
54742: 0.999763
54743: 0.999763
54744: 0.999763
54745: 0.999763
54746: 0.999763
54747: 0.999763
54748: 0.999763
54749: 0.999763
54750: 0.999763
54751: 0.999763
54752: 0.999763
54753: 0.999763
54754: 0.999763
54755: 0.999763
54756: 0.999763
54757: 0.999763
54758: 0.999763
54759: 0.999763
54760: 0.999763
54761: 0.999763
54762: 0.999763
54763: 0.999763
54764: 0.999763
54765: 0.999763
54766: 0.999763
54767: 0.999763
54768: 0.999763
54769: 0.999763
54770: 0.999763
54771: 0.999763
54772: 0.999763
54773: 0.999763
54774: 0.999763
54775: 0.999763
54776: 0.999763
54777: 0.999763
54778: 0.999763
54779: 0.999763
54780: 0.999763
54781: 0.999763
54782: 0.999763
54783: 0.999763
54784: 0.999763
54785: 0.999763
54786: 0.999763
54787: 0.999763
54788: 0.999763
54789: 0.999763
54790: 0.999763
54791: 0.999763
54792: 0.999763
54793: 0.999763
54794: 0.999763
54795: 0.999763
54796: 0.999763
54797: 0.999763
54798: 0.999763
54799: 0.999763
54800: 0.999763
54801: 0.999763
54802: 0.999763
54803: 0.999763
54804: 0.999763
54805: 0.999763
54806: 0.999763
54807: 0.999763
54808: 0.999763
54809: 0.999763
54810: 0.999763
54811: 0.999763
54812: 0.999763
54813: 0.999763
54814: 0.999763
54815: 0.999763
54816: 0.999763
54817: 0.999763
54818: 0.999763
54819: 0.999763
54820: 0.999763
54821: 0.999763
54822: 0.999763
54823: 0.999763
54824: 0.999763
54825: 0.999763
54826: 0.999763
54827: 0.999763
54828: 0.999763
54829: 0.999763
54830: 0.999763
54831: 0.999763
54832: 0.999763
54833: 0.999763
54834: 0.999763
54835: 0.999763
54836: 0.999763
54837: 0.999763
54838: 0.999763
54839: 0.999763
54840: 0.999763
54841: 0.999763
54842: 0.999763
54843: 0.999763
54844: 0.999763
54845: 0.999763
54846: 0.999763
54847: 0.999763
54848: 0.999763
54849: 0.999763
54850: 0.999763
54851: 0.999763
54852: 0.999763
54853: 0.999763
54854: 0.999763
54855: 0.999763
54856: 0.999763
54857: 0.999763
54858: 0.999763
54859: 0.999763
54860: 0.999763
54861: 0.999763
54862: 0.999763
54863: 0.999763
54864: 0.999763
54865: 0.999763
54866: 0.999763
54867: 0.999763
54868: 0.999763
54869: 0.999763
54870: 0.999763
54871: 0.999763
54872: 0.999763
54873: 0.999763
54874: 0.999763
54875: 0.999763
54876: 0.999763
54877: 0.999763
54878: 0.999763
54879: 0.999763
54880: 0.999763
54881: 0.999763
54882: 0.999763
54883: 0.999763
54884: 0.999763
54885: 0.999763
54886: 0.999763
54887: 0.999763
54888: 0.999763
54889: 0.999763
54890: 0.999763
54891: 0.999763
54892: 0.999763
54893: 0.999763
54894: 0.999763
54895: 0.999763
54896: 0.999763
54897: 0.999763
54898: 0.999763
54899: 0.999763
54900: 0.999763
54901: 0.999763
54902: 0.999763
54903: 0.999763
54904: 0.999763
54905: 0.999763
54906: 0.999763
54907: 0.999763
54908: 0.999763
54909: 0.999763
54910: 0.999763
54911: 0.999763
54912: 0.999763
54913: 0.999763
54914: 0.999763
54915: 0.999763
54916: 0.999763
54917: 0.999763
54918: 0.999763
54919: 0.999763
54920: 0.999763
54921: 0.999763
54922: 0.999763
54923: 0.999763
54924: 0.999763
54925: 0.999763
54926: 0.999763
54927: 0.999763
54928: 0.999763
54929: 0.999763
54930: 0.999763
54931: 0.999763
54932: 0.999763
54933: 0.999763
54934: 0.999763
54935: 0.999763
54936: 0.999763
54937: 0.999763
54938: 0.999763
54939: 0.999763
54940: 0.999763
54941: 0.999763
54942: 0.999763
54943: 0.999763
54944: 0.999763
54945: 0.999763
54946: 0.999763
54947: 0.999763
54948: 0.999763
54949: 0.999763
54950: 0.999763
54951: 0.999763
54952: 0.999763
54953: 0.999763
54954: 0.999763
54955: 0.999763
54956: 0.999763
54957: 0.999763
54958: 0.999763
54959: 0.999763
54960: 0.999763
54961: 0.999763
54962: 0.999763
54963: 0.999763
54964: 0.999763
54965: 0.999763
54966: 0.999763
54967: 0.999763
54968: 0.999764
54969: 0.999764
54970: 0.999764
54971: 0.999764
54972: 0.999764
54973: 0.999764
54974: 0.999764
54975: 0.999764
54976: 0.999764
54977: 0.999764
54978: 0.999764
54979: 0.999764
54980: 0.999764
54981: 0.999764
54982: 0.999764
54983: 0.999764
54984: 0.999764
54985: 0.999764
54986: 0.999764
54987: 0.999764
54988: 0.999764
54989: 0.999764
54990: 0.999764
54991: 0.999764
54992: 0.999764
54993: 0.999764
54994: 0.999764
54995: 0.999764
54996: 0.999764
54997: 0.999764
54998: 0.999764
54999: 0.999764
55000: 0.999764
55001: 0.999764
55002: 0.999764
55003: 0.999764
55004: 0.999764
55005: 0.999764
55006: 0.999764
55007: 0.999764
55008: 0.999764
55009: 0.999764
55010: 0.999764
55011: 0.999764
55012: 0.999764
55013: 0.999764
55014: 0.999764
55015: 0.999764
55016: 0.999764
55017: 0.999764
55018: 0.999764
55019: 0.999764
55020: 0.999764
55021: 0.999764
55022: 0.999764
55023: 0.999764
55024: 0.999764
55025: 0.999764
55026: 0.999764
55027: 0.999764
55028: 0.999764
55029: 0.999764
55030: 0.999764
55031: 0.999764
55032: 0.999764
55033: 0.999764
55034: 0.999764
55035: 0.999764
55036: 0.999764
55037: 0.999764
55038: 0.999764
55039: 0.999764
55040: 0.999764
55041: 0.999764
55042: 0.999764
55043: 0.999764
55044: 0.999764
55045: 0.999764
55046: 0.999764
55047: 0.999764
55048: 0.999764
55049: 0.999764
55050: 0.999764
55051: 0.999764
55052: 0.999764
55053: 0.999764
55054: 0.999764
55055: 0.999764
55056: 0.999764
55057: 0.999764
55058: 0.999764
55059: 0.999764
55060: 0.999764
55061: 0.999764
55062: 0.999764
55063: 0.999764
55064: 0.999764
55065: 0.999764
55066: 0.999764
55067: 0.999764
55068: 0.999764
55069: 0.999764
55070: 0.999764
55071: 0.999764
55072: 0.999764
55073: 0.999764
55074: 0.999764
55075: 0.999764
55076: 0.999764
55077: 0.999764
55078: 0.999764
55079: 0.999764
55080: 0.999764
55081: 0.999764
55082: 0.999764
55083: 0.999764
55084: 0.999764
55085: 0.999764
55086: 0.999764
55087: 0.999764
55088: 0.999764
55089: 0.999764
55090: 0.999764
55091: 0.999764
55092: 0.999764
55093: 0.999764
55094: 0.999764
55095: 0.999764
55096: 0.999764
55097: 0.999764
55098: 0.999764
55099: 0.999764
55100: 0.999764
55101: 0.999764
55102: 0.999764
55103: 0.999764
55104: 0.999764
55105: 0.999764
55106: 0.999764
55107: 0.999764
55108: 0.999764
55109: 0.999764
55110: 0.999764
55111: 0.999764
55112: 0.999764
55113: 0.999764
55114: 0.999764
55115: 0.999764
55116: 0.999764
55117: 0.999764
55118: 0.999764
55119: 0.999764
55120: 0.999764
55121: 0.999764
55122: 0.999764
55123: 0.999764
55124: 0.999764
55125: 0.999764
55126: 0.999764
55127: 0.999764
55128: 0.999764
55129: 0.999764
55130: 0.999764
55131: 0.999764
55132: 0.999764
55133: 0.999764
55134: 0.999764
55135: 0.999764
55136: 0.999764
55137: 0.999764
55138: 0.999764
55139: 0.999764
55140: 0.999764
55141: 0.999764
55142: 0.999764
55143: 0.999764
55144: 0.999764
55145: 0.999764
55146: 0.999764
55147: 0.999764
55148: 0.999764
55149: 0.999764
55150: 0.999764
55151: 0.999764
55152: 0.999764
55153: 0.999764
55154: 0.999764
55155: 0.999764
55156: 0.999764
55157: 0.999764
55158: 0.999764
55159: 0.999764
55160: 0.999764
55161: 0.999764
55162: 0.999764
55163: 0.999764
55164: 0.999764
55165: 0.999764
55166: 0.999764
55167: 0.999764
55168: 0.999764
55169: 0.999764
55170: 0.999764
55171: 0.999764
55172: 0.999764
55173: 0.999764
55174: 0.999764
55175: 0.999764
55176: 0.999764
55177: 0.999764
55178: 0.999764
55179: 0.999764
55180: 0.999764
55181: 0.999764
55182: 0.999764
55183: 0.999764
55184: 0.999764
55185: 0.999764
55186: 0.999764
55187: 0.999764
55188: 0.999764
55189: 0.999764
55190: 0.999764
55191: 0.999764
55192: 0.999764
55193: 0.999764
55194: 0.999764
55195: 0.999764
55196: 0.999764
55197: 0.999764
55198: 0.999764
55199: 0.999764
55200: 0.999764
55201: 0.999765
55202: 0.999765
55203: 0.999765
55204: 0.999765
55205: 0.999765
55206: 0.999765
55207: 0.999765
55208: 0.999765
55209: 0.999765
55210: 0.999765
55211: 0.999765
55212: 0.999765
55213: 0.999765
55214: 0.999765
55215: 0.999765
55216: 0.999765
55217: 0.999765
55218: 0.999765
55219: 0.999765
55220: 0.999765
55221: 0.999765
55222: 0.999765
55223: 0.999765
55224: 0.999765
55225: 0.999765
55226: 0.999765
55227: 0.999765
55228: 0.999765
55229: 0.999765
55230: 0.999765
55231: 0.999765
55232: 0.999765
55233: 0.999765
55234: 0.999765
55235: 0.999765
55236: 0.999765
55237: 0.999765
55238: 0.999765
55239: 0.999765
55240: 0.999765
55241: 0.999765
55242: 0.999765
55243: 0.999765
55244: 0.999765
55245: 0.999765
55246: 0.999765
55247: 0.999765
55248: 0.999765
55249: 0.999765
55250: 0.999765
55251: 0.999765
55252: 0.999765
55253: 0.999765
55254: 0.999765
55255: 0.999765
55256: 0.999765
55257: 0.999765
55258: 0.999765
55259: 0.999765
55260: 0.999765
55261: 0.999765
55262: 0.999765
55263: 0.999765
55264: 0.999765
55265: 0.999765
55266: 0.999765
55267: 0.999765
55268: 0.999765
55269: 0.999765
55270: 0.999765
55271: 0.999765
55272: 0.999765
55273: 0.999765
55274: 0.999765
55275: 0.999765
55276: 0.999765
55277: 0.999765
55278: 0.999765
55279: 0.999765
55280: 0.999765
55281: 0.999765
55282: 0.999765
55283: 0.999765
55284: 0.999765
55285: 0.999765
55286: 0.999765
55287: 0.999765
55288: 0.999765
55289: 0.999765
55290: 0.999765
55291: 0.999765
55292: 0.999765
55293: 0.999765
55294: 0.999765
55295: 0.999765
55296: 0.999765
55297: 0.999765
55298: 0.999765
55299: 0.999765
55300: 0.999765
55301: 0.999765
55302: 0.999765
55303: 0.999765
55304: 0.999765
55305: 0.999765
55306: 0.999765
55307: 0.999765
55308: 0.999765
55309: 0.999765
55310: 0.999765
55311: 0.999765
55312: 0.999765
55313: 0.999765
55314: 0.999765
55315: 0.999765
55316: 0.999765
55317: 0.999765
55318: 0.999765
55319: 0.999765
55320: 0.999765
55321: 0.999765
55322: 0.999765
55323: 0.999765
55324: 0.999765
55325: 0.999765
55326: 0.999765
55327: 0.999765
55328: 0.999765
55329: 0.999765
55330: 0.999765
55331: 0.999765
55332: 0.999765
55333: 0.999765
55334: 0.999765
55335: 0.999765
55336: 0.999765
55337: 0.999765
55338: 0.999765
55339: 0.999765
55340: 0.999765
55341: 0.999765
55342: 0.999765
55343: 0.999765
55344: 0.999765
55345: 0.999765
55346: 0.999765
55347: 0.999765
55348: 0.999765
55349: 0.999765
55350: 0.999765
55351: 0.999765
55352: 0.999765
55353: 0.999765
55354: 0.999765
55355: 0.999765
55356: 0.999765
55357: 0.999765
55358: 0.999765
55359: 0.999765
55360: 0.999765
55361: 0.999765
55362: 0.999765
55363: 0.999765
55364: 0.999765
55365: 0.999765
55366: 0.999765
55367: 0.999765
55368: 0.999765
55369: 0.999765
55370: 0.999765
55371: 0.999765
55372: 0.999765
55373: 0.999765
55374: 0.999765
55375: 0.999765
55376: 0.999765
55377: 0.999765
55378: 0.999765
55379: 0.999765
55380: 0.999765
55381: 0.999765
55382: 0.999765
55383: 0.999765
55384: 0.999765
55385: 0.999765
55386: 0.999765
55387: 0.999765
55388: 0.999765
55389: 0.999765
55390: 0.999765
55391: 0.999765
55392: 0.999765
55393: 0.999765
55394: 0.999765
55395: 0.999765
55396: 0.999765
55397: 0.999765
55398: 0.999765
55399: 0.999765
55400: 0.999765
55401: 0.999765
55402: 0.999765
55403: 0.999765
55404: 0.999765
55405: 0.999765
55406: 0.999765
55407: 0.999765
55408: 0.999765
55409: 0.999765
55410: 0.999765
55411: 0.999765
55412: 0.999765
55413: 0.999765
55414: 0.999765
55415: 0.999765
55416: 0.999765
55417: 0.999765
55418: 0.999765
55419: 0.999765
55420: 0.999765
55421: 0.999765
55422: 0.999765
55423: 0.999765
55424: 0.999765
55425: 0.999765
55426: 0.999765
55427: 0.999765
55428: 0.999765
55429: 0.999765
55430: 0.999765
55431: 0.999765
55432: 0.999765
55433: 0.999765
55434: 0.999765
55435: 0.999765
55436: 0.999765
55437: 0.999766
55438: 0.999766
55439: 0.999766
55440: 0.999766
55441: 0.999766
55442: 0.999766
55443: 0.999766
55444: 0.999766
55445: 0.999766
55446: 0.999766
55447: 0.999766
55448: 0.999766
55449: 0.999766
55450: 0.999766
55451: 0.999766
55452: 0.999766
55453: 0.999766
55454: 0.999766
55455: 0.999766
55456: 0.999766
55457: 0.999766
55458: 0.999766
55459: 0.999766
55460: 0.999766
55461: 0.999766
55462: 0.999766
55463: 0.999766
55464: 0.999766
55465: 0.999766
55466: 0.999766
55467: 0.999766
55468: 0.999766
55469: 0.999766
55470: 0.999766
55471: 0.999766
55472: 0.999766
55473: 0.999766
55474: 0.999766
55475: 0.999766
55476: 0.999766
55477: 0.999766
55478: 0.999766
55479: 0.999766
55480: 0.999766
55481: 0.999766
55482: 0.999766
55483: 0.999766
55484: 0.999766
55485: 0.999766
55486: 0.999766
55487: 0.999766
55488: 0.999766
55489: 0.999766
55490: 0.999766
55491: 0.999766
55492: 0.999766
55493: 0.999766
55494: 0.999766
55495: 0.999766
55496: 0.999766
55497: 0.999766
55498: 0.999766
55499: 0.999766
55500: 0.999766
55501: 0.999766
55502: 0.999766
55503: 0.999766
55504: 0.999766
55505: 0.999766
55506: 0.999766
55507: 0.999766
55508: 0.999766
55509: 0.999766
55510: 0.999766
55511: 0.999766
55512: 0.999766
55513: 0.999766
55514: 0.999766
55515: 0.999766
55516: 0.999766
55517: 0.999766
55518: 0.999766
55519: 0.999766
55520: 0.999766
55521: 0.999766
55522: 0.999766
55523: 0.999766
55524: 0.999766
55525: 0.999766
55526: 0.999766
55527: 0.999766
55528: 0.999766
55529: 0.999766
55530: 0.999766
55531: 0.999766
55532: 0.999766
55533: 0.999766
55534: 0.999766
55535: 0.999766
55536: 0.999766
55537: 0.999766
55538: 0.999766
55539: 0.999766
55540: 0.999766
55541: 0.999766
55542: 0.999766
55543: 0.999766
55544: 0.999766
55545: 0.999766
55546: 0.999766
55547: 0.999766
55548: 0.999766
55549: 0.999766
55550: 0.999766
55551: 0.999766
55552: 0.999766
55553: 0.999766
55554: 0.999766
55555: 0.999766
55556: 0.999766
55557: 0.999766
55558: 0.999766
55559: 0.999766
55560: 0.999766
55561: 0.999766
55562: 0.999766
55563: 0.999766
55564: 0.999766
55565: 0.999766
55566: 0.999766
55567: 0.999766
55568: 0.999766
55569: 0.999766
55570: 0.999766
55571: 0.999766
55572: 0.999766
55573: 0.999766
55574: 0.999766
55575: 0.999766
55576: 0.999766
55577: 0.999766
55578: 0.999766
55579: 0.999766
55580: 0.999766
55581: 0.999766
55582: 0.999766
55583: 0.999766
55584: 0.999766
55585: 0.999766
55586: 0.999766
55587: 0.999766
55588: 0.999766
55589: 0.999766
55590: 0.999766
55591: 0.999766
55592: 0.999766
55593: 0.999766
55594: 0.999766
55595: 0.999766
55596: 0.999766
55597: 0.999766
55598: 0.999766
55599: 0.999766
55600: 0.999766
55601: 0.999766
55602: 0.999766
55603: 0.999766
55604: 0.999766
55605: 0.999766
55606: 0.999766
55607: 0.999766
55608: 0.999766
55609: 0.999766
55610: 0.999766
55611: 0.999766
55612: 0.999766
55613: 0.999766
55614: 0.999766
55615: 0.999766
55616: 0.999766
55617: 0.999766
55618: 0.999766
55619: 0.999766
55620: 0.999766
55621: 0.999766
55622: 0.999766
55623: 0.999766
55624: 0.999766
55625: 0.999766
55626: 0.999766
55627: 0.999766
55628: 0.999766
55629: 0.999766
55630: 0.999766
55631: 0.999766
55632: 0.999766
55633: 0.999766
55634: 0.999766
55635: 0.999766
55636: 0.999766
55637: 0.999766
55638: 0.999766
55639: 0.999766
55640: 0.999766
55641: 0.999766
55642: 0.999766
55643: 0.999766
55644: 0.999766
55645: 0.999766
55646: 0.999766
55647: 0.999766
55648: 0.999766
55649: 0.999766
55650: 0.999766
55651: 0.999766
55652: 0.999766
55653: 0.999766
55654: 0.999766
55655: 0.999766
55656: 0.999766
55657: 0.999766
55658: 0.999766
55659: 0.999766
55660: 0.999766
55661: 0.999766
55662: 0.999766
55663: 0.999766
55664: 0.999766
55665: 0.999766
55666: 0.999766
55667: 0.999766
55668: 0.999766
55669: 0.999766
55670: 0.999766
55671: 0.999766
55672: 0.999766
55673: 0.999766
55674: 0.999767
55675: 0.999767
55676: 0.999767
55677: 0.999767
55678: 0.999767
55679: 0.999767
55680: 0.999767
55681: 0.999767
55682: 0.999767
55683: 0.999767
55684: 0.999767
55685: 0.999767
55686: 0.999767
55687: 0.999767
55688: 0.999767
55689: 0.999767
55690: 0.999767
55691: 0.999767
55692: 0.999767
55693: 0.999767
55694: 0.999767
55695: 0.999767
55696: 0.999767
55697: 0.999767
55698: 0.999767
55699: 0.999767
55700: 0.999767
55701: 0.999767
55702: 0.999767
55703: 0.999767
55704: 0.999767
55705: 0.999767
55706: 0.999767
55707: 0.999767
55708: 0.999767
55709: 0.999767
55710: 0.999767
55711: 0.999767
55712: 0.999767
55713: 0.999767
55714: 0.999767
55715: 0.999767
55716: 0.999767
55717: 0.999767
55718: 0.999767
55719: 0.999767
55720: 0.999767
55721: 0.999767
55722: 0.999767
55723: 0.999767
55724: 0.999767
55725: 0.999767
55726: 0.999767
55727: 0.999767
55728: 0.999767
55729: 0.999767
55730: 0.999767
55731: 0.999767
55732: 0.999767
55733: 0.999767
55734: 0.999767
55735: 0.999767
55736: 0.999767
55737: 0.999767
55738: 0.999767
55739: 0.999767
55740: 0.999767
55741: 0.999767
55742: 0.999767
55743: 0.999767
55744: 0.999767
55745: 0.999767
55746: 0.999767
55747: 0.999767
55748: 0.999767
55749: 0.999767
55750: 0.999767
55751: 0.999767
55752: 0.999767
55753: 0.999767
55754: 0.999767
55755: 0.999767
55756: 0.999767
55757: 0.999767
55758: 0.999767
55759: 0.999767
55760: 0.999767
55761: 0.999767
55762: 0.999767
55763: 0.999767
55764: 0.999767
55765: 0.999767
55766: 0.999767
55767: 0.999767
55768: 0.999767
55769: 0.999767
55770: 0.999767
55771: 0.999767
55772: 0.999767
55773: 0.999767
55774: 0.999767
55775: 0.999767
55776: 0.999767
55777: 0.999767
55778: 0.999767
55779: 0.999767
55780: 0.999767
55781: 0.999767
55782: 0.999767
55783: 0.999767
55784: 0.999767
55785: 0.999767
55786: 0.999767
55787: 0.999767
55788: 0.999767
55789: 0.999767
55790: 0.999767
55791: 0.999767
55792: 0.999767
55793: 0.999767
55794: 0.999767
55795: 0.999767
55796: 0.999767
55797: 0.999767
55798: 0.999767
55799: 0.999767
55800: 0.999767
55801: 0.999767
55802: 0.999767
55803: 0.999767
55804: 0.999767
55805: 0.999767
55806: 0.999767
55807: 0.999767
55808: 0.999767
55809: 0.999767
55810: 0.999767
55811: 0.999767
55812: 0.999767
55813: 0.999767
55814: 0.999767
55815: 0.999767
55816: 0.999767
55817: 0.999767
55818: 0.999767
55819: 0.999767
55820: 0.999767
55821: 0.999767
55822: 0.999767
55823: 0.999767
55824: 0.999767
55825: 0.999767
55826: 0.999767
55827: 0.999767
55828: 0.999767
55829: 0.999767
55830: 0.999767
55831: 0.999767
55832: 0.999767
55833: 0.999767
55834: 0.999767
55835: 0.999767
55836: 0.999767
55837: 0.999767
55838: 0.999767
55839: 0.999767
55840: 0.999767
55841: 0.999767
55842: 0.999767
55843: 0.999767
55844: 0.999767
55845: 0.999767
55846: 0.999767
55847: 0.999767
55848: 0.999767
55849: 0.999767
55850: 0.999767
55851: 0.999767
55852: 0.999767
55853: 0.999767
55854: 0.999767
55855: 0.999767
55856: 0.999767
55857: 0.999767
55858: 0.999767
55859: 0.999767
55860: 0.999767
55861: 0.999767
55862: 0.999767
55863: 0.999767
55864: 0.999767
55865: 0.999767
55866: 0.999767
55867: 0.999767
55868: 0.999767
55869: 0.999767
55870: 0.999767
55871: 0.999767
55872: 0.999767
55873: 0.999767
55874: 0.999767
55875: 0.999767
55876: 0.999767
55877: 0.999767
55878: 0.999767
55879: 0.999767
55880: 0.999767
55881: 0.999767
55882: 0.999767
55883: 0.999767
55884: 0.999767
55885: 0.999767
55886: 0.999767
55887: 0.999767
55888: 0.999767
55889: 0.999767
55890: 0.999767
55891: 0.999767
55892: 0.999767
55893: 0.999767
55894: 0.999767
55895: 0.999767
55896: 0.999767
55897: 0.999767
55898: 0.999767
55899: 0.999767
55900: 0.999767
55901: 0.999767
55902: 0.999767
55903: 0.999767
55904: 0.999767
55905: 0.999767
55906: 0.999767
55907: 0.999767
55908: 0.999767
55909: 0.999767
55910: 0.999767
55911: 0.999767
55912: 0.999767
55913: 0.999768
55914: 0.999768
55915: 0.999768
55916: 0.999768
55917: 0.999768
55918: 0.999768
55919: 0.999768
55920: 0.999768
55921: 0.999768
55922: 0.999768
55923: 0.999768
55924: 0.999768
55925: 0.999768
55926: 0.999768
55927: 0.999768
55928: 0.999768
55929: 0.999768
55930: 0.999768
55931: 0.999768
55932: 0.999768
55933: 0.999768
55934: 0.999768
55935: 0.999768
55936: 0.999768
55937: 0.999768
55938: 0.999768
55939: 0.999768
55940: 0.999768
55941: 0.999768
55942: 0.999768
55943: 0.999768
55944: 0.999768
55945: 0.999768
55946: 0.999768
55947: 0.999768
55948: 0.999768
55949: 0.999768
55950: 0.999768
55951: 0.999768
55952: 0.999768
55953: 0.999768
55954: 0.999768
55955: 0.999768
55956: 0.999768
55957: 0.999768
55958: 0.999768
55959: 0.999768
55960: 0.999768
55961: 0.999768
55962: 0.999768
55963: 0.999768
55964: 0.999768
55965: 0.999768
55966: 0.999768
55967: 0.999768
55968: 0.999768
55969: 0.999768
55970: 0.999768
55971: 0.999768
55972: 0.999768
55973: 0.999768
55974: 0.999768
55975: 0.999768
55976: 0.999768
55977: 0.999768
55978: 0.999768
55979: 0.999768
55980: 0.999768
55981: 0.999768
55982: 0.999768
55983: 0.999768
55984: 0.999768
55985: 0.999768
55986: 0.999768
55987: 0.999768
55988: 0.999768
55989: 0.999768
55990: 0.999768
55991: 0.999768
55992: 0.999768
55993: 0.999768
55994: 0.999768
55995: 0.999768
55996: 0.999768
55997: 0.999768
55998: 0.999768
55999: 0.999768
56000: 0.999768
56001: 0.999768
56002: 0.999768
56003: 0.999768
56004: 0.999768
56005: 0.999768
56006: 0.999768
56007: 0.999768
56008: 0.999768
56009: 0.999768
56010: 0.999768
56011: 0.999768
56012: 0.999768
56013: 0.999768
56014: 0.999768
56015: 0.999768
56016: 0.999768
56017: 0.999768
56018: 0.999768
56019: 0.999768
56020: 0.999768
56021: 0.999768
56022: 0.999768
56023: 0.999768
56024: 0.999768
56025: 0.999768
56026: 0.999768
56027: 0.999768
56028: 0.999768
56029: 0.999768
56030: 0.999768
56031: 0.999768
56032: 0.999768
56033: 0.999768
56034: 0.999768
56035: 0.999768
56036: 0.999768
56037: 0.999768
56038: 0.999768
56039: 0.999768
56040: 0.999768
56041: 0.999768
56042: 0.999768
56043: 0.999768
56044: 0.999768
56045: 0.999768
56046: 0.999768
56047: 0.999768
56048: 0.999768
56049: 0.999768
56050: 0.999768
56051: 0.999768
56052: 0.999768
56053: 0.999768
56054: 0.999768
56055: 0.999768
56056: 0.999768
56057: 0.999768
56058: 0.999768
56059: 0.999768
56060: 0.999768
56061: 0.999768
56062: 0.999768
56063: 0.999768
56064: 0.999768
56065: 0.999768
56066: 0.999768
56067: 0.999768
56068: 0.999768
56069: 0.999768
56070: 0.999768
56071: 0.999768
56072: 0.999768
56073: 0.999768
56074: 0.999768
56075: 0.999768
56076: 0.999768
56077: 0.999768
56078: 0.999768
56079: 0.999768
56080: 0.999768
56081: 0.999768
56082: 0.999768
56083: 0.999768
56084: 0.999768
56085: 0.999768
56086: 0.999768
56087: 0.999768
56088: 0.999768
56089: 0.999768
56090: 0.999768
56091: 0.999768
56092: 0.999768
56093: 0.999768
56094: 0.999768
56095: 0.999768
56096: 0.999768
56097: 0.999768
56098: 0.999768
56099: 0.999768
56100: 0.999768
56101: 0.999768
56102: 0.999768
56103: 0.999768
56104: 0.999768
56105: 0.999768
56106: 0.999768
56107: 0.999768
56108: 0.999768
56109: 0.999768
56110: 0.999768
56111: 0.999768
56112: 0.999768
56113: 0.999768
56114: 0.999768
56115: 0.999768
56116: 0.999768
56117: 0.999768
56118: 0.999768
56119: 0.999768
56120: 0.999768
56121: 0.999768
56122: 0.999768
56123: 0.999768
56124: 0.999768
56125: 0.999768
56126: 0.999768
56127: 0.999768
56128: 0.999768
56129: 0.999768
56130: 0.999768
56131: 0.999768
56132: 0.999768
56133: 0.999768
56134: 0.999768
56135: 0.999768
56136: 0.999768
56137: 0.999768
56138: 0.999768
56139: 0.999768
56140: 0.999768
56141: 0.999768
56142: 0.999768
56143: 0.999768
56144: 0.999768
56145: 0.999768
56146: 0.999768
56147: 0.999768
56148: 0.999768
56149: 0.999768
56150: 0.999768
56151: 0.999768
56152: 0.999768
56153: 0.999768
56154: 0.999768
56155: 0.999769
56156: 0.999769
56157: 0.999769
56158: 0.999769
56159: 0.999769
56160: 0.999769
56161: 0.999769
56162: 0.999769
56163: 0.999769
56164: 0.999769
56165: 0.999769
56166: 0.999769
56167: 0.999769
56168: 0.999769
56169: 0.999769
56170: 0.999769
56171: 0.999769
56172: 0.999769
56173: 0.999769
56174: 0.999769
56175: 0.999769
56176: 0.999769
56177: 0.999769
56178: 0.999769
56179: 0.999769
56180: 0.999769
56181: 0.999769
56182: 0.999769
56183: 0.999769
56184: 0.999769
56185: 0.999769
56186: 0.999769
56187: 0.999769
56188: 0.999769
56189: 0.999769
56190: 0.999769
56191: 0.999769
56192: 0.999769
56193: 0.999769
56194: 0.999769
56195: 0.999769
56196: 0.999769
56197: 0.999769
56198: 0.999769
56199: 0.999769
56200: 0.999769
56201: 0.999769
56202: 0.999769
56203: 0.999769
56204: 0.999769
56205: 0.999769
56206: 0.999769
56207: 0.999769
56208: 0.999769
56209: 0.999769
56210: 0.999769
56211: 0.999769
56212: 0.999769
56213: 0.999769
56214: 0.999769
56215: 0.999769
56216: 0.999769
56217: 0.999769
56218: 0.999769
56219: 0.999769
56220: 0.999769
56221: 0.999769
56222: 0.999769
56223: 0.999769
56224: 0.999769
56225: 0.999769
56226: 0.999769
56227: 0.999769
56228: 0.999769
56229: 0.999769
56230: 0.999769
56231: 0.999769
56232: 0.999769
56233: 0.999769
56234: 0.999769
56235: 0.999769
56236: 0.999769
56237: 0.999769
56238: 0.999769
56239: 0.999769
56240: 0.999769
56241: 0.999769
56242: 0.999769
56243: 0.999769
56244: 0.999769
56245: 0.999769
56246: 0.999769
56247: 0.999769
56248: 0.999769
56249: 0.999769
56250: 0.999769
56251: 0.999769
56252: 0.999769
56253: 0.999769
56254: 0.999769
56255: 0.999769
56256: 0.999769
56257: 0.999769
56258: 0.999769
56259: 0.999769
56260: 0.999769
56261: 0.999769
56262: 0.999769
56263: 0.999769
56264: 0.999769
56265: 0.999769
56266: 0.999769
56267: 0.999769
56268: 0.999769
56269: 0.999769
56270: 0.999769
56271: 0.999769
56272: 0.999769
56273: 0.999769
56274: 0.999769
56275: 0.999769
56276: 0.999769
56277: 0.999769
56278: 0.999769
56279: 0.999769
56280: 0.999769
56281: 0.999769
56282: 0.999769
56283: 0.999769
56284: 0.999769
56285: 0.999769
56286: 0.999769
56287: 0.999769
56288: 0.999769
56289: 0.999769
56290: 0.999769
56291: 0.999769
56292: 0.999769
56293: 0.999769
56294: 0.999769
56295: 0.999769
56296: 0.999769
56297: 0.999769
56298: 0.999769
56299: 0.999769
56300: 0.999769
56301: 0.999769
56302: 0.999769
56303: 0.999769
56304: 0.999769
56305: 0.999769
56306: 0.999769
56307: 0.999769
56308: 0.999769
56309: 0.999769
56310: 0.999769
56311: 0.999769
56312: 0.999769
56313: 0.999769
56314: 0.999769
56315: 0.999769
56316: 0.999769
56317: 0.999769
56318: 0.999769
56319: 0.999769
56320: 0.999769
56321: 0.999769
56322: 0.999769
56323: 0.999769
56324: 0.999769
56325: 0.999769
56326: 0.999769
56327: 0.999769
56328: 0.999769
56329: 0.999769
56330: 0.999769
56331: 0.999769
56332: 0.999769
56333: 0.999769
56334: 0.999769
56335: 0.999769
56336: 0.999769
56337: 0.999769
56338: 0.999769
56339: 0.999769
56340: 0.999769
56341: 0.999769
56342: 0.999769
56343: 0.999769
56344: 0.999769
56345: 0.999769
56346: 0.999769
56347: 0.999769
56348: 0.999769
56349: 0.999769
56350: 0.999769
56351: 0.999769
56352: 0.999769
56353: 0.999769
56354: 0.999769
56355: 0.999769
56356: 0.999769
56357: 0.999769
56358: 0.999769
56359: 0.999769
56360: 0.999769
56361: 0.999769
56362: 0.999769
56363: 0.999769
56364: 0.999769
56365: 0.999769
56366: 0.999769
56367: 0.999769
56368: 0.999769
56369: 0.999769
56370: 0.999769
56371: 0.999769
56372: 0.999769
56373: 0.999769
56374: 0.999769
56375: 0.999769
56376: 0.999769
56377: 0.999769
56378: 0.999769
56379: 0.999769
56380: 0.999769
56381: 0.999769
56382: 0.999769
56383: 0.999769
56384: 0.999769
56385: 0.999769
56386: 0.999769
56387: 0.999769
56388: 0.999769
56389: 0.999769
56390: 0.999769
56391: 0.999769
56392: 0.999769
56393: 0.999769
56394: 0.999769
56395: 0.999769
56396: 0.999769
56397: 0.999769
56398: 0.999769
56399: 0.99977
56400: 0.99977
56401: 0.99977
56402: 0.99977
56403: 0.99977
56404: 0.99977
56405: 0.99977
56406: 0.99977
56407: 0.99977
56408: 0.99977
56409: 0.99977
56410: 0.99977
56411: 0.99977
56412: 0.99977
56413: 0.99977
56414: 0.99977
56415: 0.99977
56416: 0.99977
56417: 0.99977
56418: 0.99977
56419: 0.99977
56420: 0.99977
56421: 0.99977
56422: 0.99977
56423: 0.99977
56424: 0.99977
56425: 0.99977
56426: 0.99977
56427: 0.99977
56428: 0.99977
56429: 0.99977
56430: 0.99977
56431: 0.99977
56432: 0.99977
56433: 0.99977
56434: 0.99977
56435: 0.99977
56436: 0.99977
56437: 0.99977
56438: 0.99977
56439: 0.99977
56440: 0.99977
56441: 0.99977
56442: 0.99977
56443: 0.99977
56444: 0.99977
56445: 0.99977
56446: 0.99977
56447: 0.99977
56448: 0.99977
56449: 0.99977
56450: 0.99977
56451: 0.99977
56452: 0.99977
56453: 0.99977
56454: 0.99977
56455: 0.99977
56456: 0.99977
56457: 0.99977
56458: 0.99977
56459: 0.99977
56460: 0.99977
56461: 0.99977
56462: 0.99977
56463: 0.99977
56464: 0.99977
56465: 0.99977
56466: 0.99977
56467: 0.99977
56468: 0.99977
56469: 0.99977
56470: 0.99977
56471: 0.99977
56472: 0.99977
56473: 0.99977
56474: 0.99977
56475: 0.99977
56476: 0.99977
56477: 0.99977
56478: 0.99977
56479: 0.99977
56480: 0.99977
56481: 0.99977
56482: 0.99977
56483: 0.99977
56484: 0.99977
56485: 0.99977
56486: 0.99977
56487: 0.99977
56488: 0.99977
56489: 0.99977
56490: 0.99977
56491: 0.99977
56492: 0.99977
56493: 0.99977
56494: 0.99977
56495: 0.99977
56496: 0.99977
56497: 0.99977
56498: 0.99977
56499: 0.99977
56500: 0.99977
56501: 0.99977
56502: 0.99977
56503: 0.99977
56504: 0.99977
56505: 0.99977
56506: 0.99977
56507: 0.99977
56508: 0.99977
56509: 0.99977
56510: 0.99977
56511: 0.99977
56512: 0.99977
56513: 0.99977
56514: 0.99977
56515: 0.99977
56516: 0.99977
56517: 0.99977
56518: 0.99977
56519: 0.99977
56520: 0.99977
56521: 0.99977
56522: 0.99977
56523: 0.99977
56524: 0.99977
56525: 0.99977
56526: 0.99977
56527: 0.99977
56528: 0.99977
56529: 0.99977
56530: 0.99977
56531: 0.99977
56532: 0.99977
56533: 0.99977
56534: 0.99977
56535: 0.99977
56536: 0.99977
56537: 0.99977
56538: 0.99977
56539: 0.99977
56540: 0.99977
56541: 0.99977
56542: 0.99977
56543: 0.99977
56544: 0.99977
56545: 0.99977
56546: 0.99977
56547: 0.99977
56548: 0.99977
56549: 0.99977
56550: 0.99977
56551: 0.99977
56552: 0.99977
56553: 0.99977
56554: 0.99977
56555: 0.99977
56556: 0.99977
56557: 0.99977
56558: 0.99977
56559: 0.99977
56560: 0.99977
56561: 0.99977
56562: 0.99977
56563: 0.99977
56564: 0.99977
56565: 0.99977
56566: 0.99977
56567: 0.99977
56568: 0.99977
56569: 0.99977
56570: 0.99977
56571: 0.99977
56572: 0.99977
56573: 0.99977
56574: 0.99977
56575: 0.99977
56576: 0.99977
56577: 0.99977
56578: 0.99977
56579: 0.99977
56580: 0.99977
56581: 0.99977
56582: 0.99977
56583: 0.99977
56584: 0.99977
56585: 0.99977
56586: 0.99977
56587: 0.99977
56588: 0.99977
56589: 0.99977
56590: 0.99977
56591: 0.99977
56592: 0.99977
56593: 0.99977
56594: 0.99977
56595: 0.99977
56596: 0.99977
56597: 0.99977
56598: 0.99977
56599: 0.99977
56600: 0.99977
56601: 0.99977
56602: 0.99977
56603: 0.99977
56604: 0.99977
56605: 0.99977
56606: 0.99977
56607: 0.99977
56608: 0.99977
56609: 0.99977
56610: 0.99977
56611: 0.99977
56612: 0.99977
56613: 0.99977
56614: 0.99977
56615: 0.99977
56616: 0.99977
56617: 0.99977
56618: 0.99977
56619: 0.99977
56620: 0.99977
56621: 0.99977
56622: 0.99977
56623: 0.99977
56624: 0.99977
56625: 0.99977
56626: 0.99977
56627: 0.99977
56628: 0.99977
56629: 0.99977
56630: 0.99977
56631: 0.99977
56632: 0.99977
56633: 0.99977
56634: 0.99977
56635: 0.99977
56636: 0.99977
56637: 0.99977
56638: 0.99977
56639: 0.99977
56640: 0.99977
56641: 0.99977
56642: 0.99977
56643: 0.99977
56644: 0.999771
56645: 0.999771
56646: 0.999771
56647: 0.999771
56648: 0.999771
56649: 0.999771
56650: 0.999771
56651: 0.999771
56652: 0.999771
56653: 0.999771
56654: 0.999771
56655: 0.999771
56656: 0.999771
56657: 0.999771
56658: 0.999771
56659: 0.999771
56660: 0.999771
56661: 0.999771
56662: 0.999771
56663: 0.999771
56664: 0.999771
56665: 0.999771
56666: 0.999771
56667: 0.999771
56668: 0.999771
56669: 0.999771
56670: 0.999771
56671: 0.999771
56672: 0.999771
56673: 0.999771
56674: 0.999771
56675: 0.999771
56676: 0.999771
56677: 0.999771
56678: 0.999771
56679: 0.999771
56680: 0.999771
56681: 0.999771
56682: 0.999771
56683: 0.999771
56684: 0.999771
56685: 0.999771
56686: 0.999771
56687: 0.999771
56688: 0.999771
56689: 0.999771
56690: 0.999771
56691: 0.999771
56692: 0.999771
56693: 0.999771
56694: 0.999771
56695: 0.999771
56696: 0.999771
56697: 0.999771
56698: 0.999771
56699: 0.999771
56700: 0.999771
56701: 0.999771
56702: 0.999771
56703: 0.999771
56704: 0.999771
56705: 0.999771
56706: 0.999771
56707: 0.999771
56708: 0.999771
56709: 0.999771
56710: 0.999771
56711: 0.999771
56712: 0.999771
56713: 0.999771
56714: 0.999771
56715: 0.999771
56716: 0.999771
56717: 0.999771
56718: 0.999771
56719: 0.999771
56720: 0.999771
56721: 0.999771
56722: 0.999771
56723: 0.999771
56724: 0.999771
56725: 0.999771
56726: 0.999771
56727: 0.999771
56728: 0.999771
56729: 0.999771
56730: 0.999771
56731: 0.999771
56732: 0.999771
56733: 0.999771
56734: 0.999771
56735: 0.999771
56736: 0.999771
56737: 0.999771
56738: 0.999771
56739: 0.999771
56740: 0.999771
56741: 0.999771
56742: 0.999771
56743: 0.999771
56744: 0.999771
56745: 0.999771
56746: 0.999771
56747: 0.999771
56748: 0.999771
56749: 0.999771
56750: 0.999771
56751: 0.999771
56752: 0.999771
56753: 0.999771
56754: 0.999771
56755: 0.999771
56756: 0.999771
56757: 0.999771
56758: 0.999771
56759: 0.999771
56760: 0.999771
56761: 0.999771
56762: 0.999771
56763: 0.999771
56764: 0.999771
56765: 0.999771
56766: 0.999771
56767: 0.999771
56768: 0.999771
56769: 0.999771
56770: 0.999771
56771: 0.999771
56772: 0.999771
56773: 0.999771
56774: 0.999771
56775: 0.999771
56776: 0.999771
56777: 0.999771
56778: 0.999771
56779: 0.999771
56780: 0.999771
56781: 0.999771
56782: 0.999771
56783: 0.999771
56784: 0.999771
56785: 0.999771
56786: 0.999771
56787: 0.999771
56788: 0.999771
56789: 0.999771
56790: 0.999771
56791: 0.999771
56792: 0.999771
56793: 0.999771
56794: 0.999771
56795: 0.999771
56796: 0.999771
56797: 0.999771
56798: 0.999771
56799: 0.999771
56800: 0.999771
56801: 0.999771
56802: 0.999771
56803: 0.999771
56804: 0.999771
56805: 0.999771
56806: 0.999771
56807: 0.999771
56808: 0.999771
56809: 0.999771
56810: 0.999771
56811: 0.999771
56812: 0.999771
56813: 0.999771
56814: 0.999771
56815: 0.999771
56816: 0.999771
56817: 0.999771
56818: 0.999771
56819: 0.999771
56820: 0.999771
56821: 0.999771
56822: 0.999771
56823: 0.999771
56824: 0.999771
56825: 0.999771
56826: 0.999771
56827: 0.999771
56828: 0.999771
56829: 0.999771
56830: 0.999771
56831: 0.999771
56832: 0.999771
56833: 0.999771
56834: 0.999771
56835: 0.999771
56836: 0.999771
56837: 0.999771
56838: 0.999771
56839: 0.999771
56840: 0.999771
56841: 0.999771
56842: 0.999771
56843: 0.999771
56844: 0.999771
56845: 0.999771
56846: 0.999771
56847: 0.999771
56848: 0.999771
56849: 0.999771
56850: 0.999771
56851: 0.999771
56852: 0.999771
56853: 0.999771
56854: 0.999771
56855: 0.999771
56856: 0.999771
56857: 0.999771
56858: 0.999771
56859: 0.999771
56860: 0.999771
56861: 0.999771
56862: 0.999771
56863: 0.999771
56864: 0.999771
56865: 0.999771
56866: 0.999771
56867: 0.999771
56868: 0.999771
56869: 0.999771
56870: 0.999771
56871: 0.999771
56872: 0.999771
56873: 0.999771
56874: 0.999771
56875: 0.999771
56876: 0.999771
56877: 0.999771
56878: 0.999771
56879: 0.999771
56880: 0.999771
56881: 0.999771
56882: 0.999771
56883: 0.999771
56884: 0.999771
56885: 0.999771
56886: 0.999771
56887: 0.999771
56888: 0.999771
56889: 0.999771
56890: 0.999771
56891: 0.999771
56892: 0.999772
56893: 0.999772
56894: 0.999772
56895: 0.999772
56896: 0.999772
56897: 0.999772
56898: 0.999772
56899: 0.999772
56900: 0.999772
56901: 0.999772
56902: 0.999772
56903: 0.999772
56904: 0.999772
56905: 0.999772
56906: 0.999772
56907: 0.999772
56908: 0.999772
56909: 0.999772
56910: 0.999772
56911: 0.999772
56912: 0.999772
56913: 0.999772
56914: 0.999772
56915: 0.999772
56916: 0.999772
56917: 0.999772
56918: 0.999772
56919: 0.999772
56920: 0.999772
56921: 0.999772
56922: 0.999772
56923: 0.999772
56924: 0.999772
56925: 0.999772
56926: 0.999772
56927: 0.999772
56928: 0.999772
56929: 0.999772
56930: 0.999772
56931: 0.999772
56932: 0.999772
56933: 0.999772
56934: 0.999772
56935: 0.999772
56936: 0.999772
56937: 0.999772
56938: 0.999772
56939: 0.999772
56940: 0.999772
56941: 0.999772
56942: 0.999772
56943: 0.999772
56944: 0.999772
56945: 0.999772
56946: 0.999772
56947: 0.999772
56948: 0.999772
56949: 0.999772
56950: 0.999772
56951: 0.999772
56952: 0.999772
56953: 0.999772
56954: 0.999772
56955: 0.999772
56956: 0.999772
56957: 0.999772
56958: 0.999772
56959: 0.999772
56960: 0.999772
56961: 0.999772
56962: 0.999772
56963: 0.999772
56964: 0.999772
56965: 0.999772
56966: 0.999772
56967: 0.999772
56968: 0.999772
56969: 0.999772
56970: 0.999772
56971: 0.999772
56972: 0.999772
56973: 0.999772
56974: 0.999772
56975: 0.999772
56976: 0.999772
56977: 0.999772
56978: 0.999772
56979: 0.999772
56980: 0.999772
56981: 0.999772
56982: 0.999772
56983: 0.999772
56984: 0.999772
56985: 0.999772
56986: 0.999772
56987: 0.999772
56988: 0.999772
56989: 0.999772
56990: 0.999772
56991: 0.999772
56992: 0.999772
56993: 0.999772
56994: 0.999772
56995: 0.999772
56996: 0.999772
56997: 0.999772
56998: 0.999772
56999: 0.999772
57000: 0.999772
57001: 0.999772
57002: 0.999772
57003: 0.999772
57004: 0.999772
57005: 0.999772
57006: 0.999772
57007: 0.999772
57008: 0.999772
57009: 0.999772
57010: 0.999772
57011: 0.999772
57012: 0.999772
57013: 0.999772
57014: 0.999772
57015: 0.999772
57016: 0.999772
57017: 0.999772
57018: 0.999772
57019: 0.999772
57020: 0.999772
57021: 0.999772
57022: 0.999772
57023: 0.999772
57024: 0.999772
57025: 0.999772
57026: 0.999772
57027: 0.999772
57028: 0.999772
57029: 0.999772
57030: 0.999772
57031: 0.999772
57032: 0.999772
57033: 0.999772
57034: 0.999772
57035: 0.999772
57036: 0.999772
57037: 0.999772
57038: 0.999772
57039: 0.999772
57040: 0.999772
57041: 0.999772
57042: 0.999772
57043: 0.999772
57044: 0.999772
57045: 0.999772
57046: 0.999772
57047: 0.999772
57048: 0.999772
57049: 0.999772
57050: 0.999772
57051: 0.999772
57052: 0.999772
57053: 0.999772
57054: 0.999772
57055: 0.999772
57056: 0.999772
57057: 0.999772
57058: 0.999772
57059: 0.999772
57060: 0.999772
57061: 0.999772
57062: 0.999772
57063: 0.999772
57064: 0.999772
57065: 0.999772
57066: 0.999772
57067: 0.999772
57068: 0.999772
57069: 0.999772
57070: 0.999772
57071: 0.999772
57072: 0.999772
57073: 0.999772
57074: 0.999772
57075: 0.999772
57076: 0.999772
57077: 0.999772
57078: 0.999772
57079: 0.999772
57080: 0.999772
57081: 0.999772
57082: 0.999772
57083: 0.999772
57084: 0.999772
57085: 0.999772
57086: 0.999772
57087: 0.999772
57088: 0.999772
57089: 0.999772
57090: 0.999772
57091: 0.999772
57092: 0.999772
57093: 0.999772
57094: 0.999772
57095: 0.999772
57096: 0.999772
57097: 0.999772
57098: 0.999772
57099: 0.999772
57100: 0.999772
57101: 0.999772
57102: 0.999772
57103: 0.999772
57104: 0.999772
57105: 0.999772
57106: 0.999772
57107: 0.999772
57108: 0.999772
57109: 0.999772
57110: 0.999772
57111: 0.999772
57112: 0.999772
57113: 0.999772
57114: 0.999772
57115: 0.999772
57116: 0.999772
57117: 0.999772
57118: 0.999772
57119: 0.999772
57120: 0.999772
57121: 0.999772
57122: 0.999772
57123: 0.999772
57124: 0.999772
57125: 0.999772
57126: 0.999772
57127: 0.999772
57128: 0.999772
57129: 0.999772
57130: 0.999772
57131: 0.999772
57132: 0.999772
57133: 0.999772
57134: 0.999772
57135: 0.999772
57136: 0.999772
57137: 0.999772
57138: 0.999772
57139: 0.999772
57140: 0.999772
57141: 0.999772
57142: 0.999773
57143: 0.999773
57144: 0.999773
57145: 0.999773
57146: 0.999773
57147: 0.999773
57148: 0.999773
57149: 0.999773
57150: 0.999773
57151: 0.999773
57152: 0.999773
57153: 0.999773
57154: 0.999773
57155: 0.999773
57156: 0.999773
57157: 0.999773
57158: 0.999773
57159: 0.999773
57160: 0.999773
57161: 0.999773
57162: 0.999773
57163: 0.999773
57164: 0.999773
57165: 0.999773
57166: 0.999773
57167: 0.999773
57168: 0.999773
57169: 0.999773
57170: 0.999773
57171: 0.999773
57172: 0.999773
57173: 0.999773
57174: 0.999773
57175: 0.999773
57176: 0.999773
57177: 0.999773
57178: 0.999773
57179: 0.999773
57180: 0.999773
57181: 0.999773
57182: 0.999773
57183: 0.999773
57184: 0.999773
57185: 0.999773
57186: 0.999773
57187: 0.999773
57188: 0.999773
57189: 0.999773
57190: 0.999773
57191: 0.999773
57192: 0.999773
57193: 0.999773
57194: 0.999773
57195: 0.999773
57196: 0.999773
57197: 0.999773
57198: 0.999773
57199: 0.999773
57200: 0.999773
57201: 0.999773
57202: 0.999773
57203: 0.999773
57204: 0.999773
57205: 0.999773
57206: 0.999773
57207: 0.999773
57208: 0.999773
57209: 0.999773
57210: 0.999773
57211: 0.999773
57212: 0.999773
57213: 0.999773
57214: 0.999773
57215: 0.999773
57216: 0.999773
57217: 0.999773
57218: 0.999773
57219: 0.999773
57220: 0.999773
57221: 0.999773
57222: 0.999773
57223: 0.999773
57224: 0.999773
57225: 0.999773
57226: 0.999773
57227: 0.999773
57228: 0.999773
57229: 0.999773
57230: 0.999773
57231: 0.999773
57232: 0.999773
57233: 0.999773
57234: 0.999773
57235: 0.999773
57236: 0.999773
57237: 0.999773
57238: 0.999773
57239: 0.999773
57240: 0.999773
57241: 0.999773
57242: 0.999773
57243: 0.999773
57244: 0.999773
57245: 0.999773
57246: 0.999773
57247: 0.999773
57248: 0.999773
57249: 0.999773
57250: 0.999773
57251: 0.999773
57252: 0.999773
57253: 0.999773
57254: 0.999773
57255: 0.999773
57256: 0.999773
57257: 0.999773
57258: 0.999773
57259: 0.999773
57260: 0.999773
57261: 0.999773
57262: 0.999773
57263: 0.999773
57264: 0.999773
57265: 0.999773
57266: 0.999773
57267: 0.999773
57268: 0.999773
57269: 0.999773
57270: 0.999773
57271: 0.999773
57272: 0.999773
57273: 0.999773
57274: 0.999773
57275: 0.999773
57276: 0.999773
57277: 0.999773
57278: 0.999773
57279: 0.999773
57280: 0.999773
57281: 0.999773
57282: 0.999773
57283: 0.999773
57284: 0.999773
57285: 0.999773
57286: 0.999773
57287: 0.999773
57288: 0.999773
57289: 0.999773
57290: 0.999773
57291: 0.999773
57292: 0.999773
57293: 0.999773
57294: 0.999773
57295: 0.999773
57296: 0.999773
57297: 0.999773
57298: 0.999773
57299: 0.999773
57300: 0.999773
57301: 0.999773
57302: 0.999773
57303: 0.999773
57304: 0.999773
57305: 0.999773
57306: 0.999773
57307: 0.999773
57308: 0.999773
57309: 0.999773
57310: 0.999773
57311: 0.999773
57312: 0.999773
57313: 0.999773
57314: 0.999773
57315: 0.999773
57316: 0.999773
57317: 0.999773
57318: 0.999773
57319: 0.999773
57320: 0.999773
57321: 0.999773
57322: 0.999773
57323: 0.999773
57324: 0.999773
57325: 0.999773
57326: 0.999773
57327: 0.999773
57328: 0.999773
57329: 0.999773
57330: 0.999773
57331: 0.999773
57332: 0.999773
57333: 0.999773
57334: 0.999773
57335: 0.999773
57336: 0.999773
57337: 0.999773
57338: 0.999773
57339: 0.999773
57340: 0.999773
57341: 0.999773
57342: 0.999773
57343: 0.999773
57344: 0.999773
57345: 0.999773
57346: 0.999773
57347: 0.999773
57348: 0.999773
57349: 0.999773
57350: 0.999773
57351: 0.999773
57352: 0.999773
57353: 0.999773
57354: 0.999773
57355: 0.999773
57356: 0.999773
57357: 0.999773
57358: 0.999773
57359: 0.999773
57360: 0.999773
57361: 0.999773
57362: 0.999773
57363: 0.999773
57364: 0.999773
57365: 0.999773
57366: 0.999773
57367: 0.999773
57368: 0.999773
57369: 0.999773
57370: 0.999773
57371: 0.999773
57372: 0.999773
57373: 0.999773
57374: 0.999773
57375: 0.999773
57376: 0.999773
57377: 0.999773
57378: 0.999773
57379: 0.999773
57380: 0.999773
57381: 0.999773
57382: 0.999773
57383: 0.999773
57384: 0.999773
57385: 0.999773
57386: 0.999773
57387: 0.999773
57388: 0.999773
57389: 0.999773
57390: 0.999773
57391: 0.999773
57392: 0.999773
57393: 0.999773
57394: 0.999773
57395: 0.999774
57396: 0.999774
57397: 0.999774
57398: 0.999774
57399: 0.999774
57400: 0.999774
57401: 0.999774
57402: 0.999774
57403: 0.999774
57404: 0.999774
57405: 0.999774
57406: 0.999774
57407: 0.999774
57408: 0.999774
57409: 0.999774
57410: 0.999774
57411: 0.999774
57412: 0.999774
57413: 0.999774
57414: 0.999774
57415: 0.999774
57416: 0.999774
57417: 0.999774
57418: 0.999774
57419: 0.999774
57420: 0.999774
57421: 0.999774
57422: 0.999774
57423: 0.999774
57424: 0.999774
57425: 0.999774
57426: 0.999774
57427: 0.999774
57428: 0.999774
57429: 0.999774
57430: 0.999774
57431: 0.999774
57432: 0.999774
57433: 0.999774
57434: 0.999774
57435: 0.999774
57436: 0.999774
57437: 0.999774
57438: 0.999774
57439: 0.999774
57440: 0.999774
57441: 0.999774
57442: 0.999774
57443: 0.999774
57444: 0.999774
57445: 0.999774
57446: 0.999774
57447: 0.999774
57448: 0.999774
57449: 0.999774
57450: 0.999774
57451: 0.999774
57452: 0.999774
57453: 0.999774
57454: 0.999774
57455: 0.999774
57456: 0.999774
57457: 0.999774
57458: 0.999774
57459: 0.999774
57460: 0.999774
57461: 0.999774
57462: 0.999774
57463: 0.999774
57464: 0.999774
57465: 0.999774
57466: 0.999774
57467: 0.999774
57468: 0.999774
57469: 0.999774
57470: 0.999774
57471: 0.999774
57472: 0.999774
57473: 0.999774
57474: 0.999774
57475: 0.999774
57476: 0.999774
57477: 0.999774
57478: 0.999774
57479: 0.999774
57480: 0.999774
57481: 0.999774
57482: 0.999774
57483: 0.999774
57484: 0.999774
57485: 0.999774
57486: 0.999774
57487: 0.999774
57488: 0.999774
57489: 0.999774
57490: 0.999774
57491: 0.999774
57492: 0.999774
57493: 0.999774
57494: 0.999774
57495: 0.999774
57496: 0.999774
57497: 0.999774
57498: 0.999774
57499: 0.999774
57500: 0.999774
57501: 0.999774
57502: 0.999774
57503: 0.999774
57504: 0.999774
57505: 0.999774
57506: 0.999774
57507: 0.999774
57508: 0.999774
57509: 0.999774
57510: 0.999774
57511: 0.999774
57512: 0.999774
57513: 0.999774
57514: 0.999774
57515: 0.999774
57516: 0.999774
57517: 0.999774
57518: 0.999774
57519: 0.999774
57520: 0.999774
57521: 0.999774
57522: 0.999774
57523: 0.999774
57524: 0.999774
57525: 0.999774
57526: 0.999774
57527: 0.999774
57528: 0.999774
57529: 0.999774
57530: 0.999774
57531: 0.999774
57532: 0.999774
57533: 0.999774
57534: 0.999774
57535: 0.999774
57536: 0.999774
57537: 0.999774
57538: 0.999774
57539: 0.999774
57540: 0.999774
57541: 0.999774
57542: 0.999774
57543: 0.999774
57544: 0.999774
57545: 0.999774
57546: 0.999774
57547: 0.999774
57548: 0.999774
57549: 0.999774
57550: 0.999774
57551: 0.999774
57552: 0.999774
57553: 0.999774
57554: 0.999774
57555: 0.999774
57556: 0.999774
57557: 0.999774
57558: 0.999774
57559: 0.999774
57560: 0.999774
57561: 0.999774
57562: 0.999774
57563: 0.999774
57564: 0.999774
57565: 0.999774
57566: 0.999774
57567: 0.999774
57568: 0.999774
57569: 0.999774
57570: 0.999774
57571: 0.999774
57572: 0.999774
57573: 0.999774
57574: 0.999774
57575: 0.999774
57576: 0.999774
57577: 0.999774
57578: 0.999774
57579: 0.999774
57580: 0.999774
57581: 0.999774
57582: 0.999774
57583: 0.999774
57584: 0.999774
57585: 0.999774
57586: 0.999774
57587: 0.999774
57588: 0.999774
57589: 0.999774
57590: 0.999774
57591: 0.999774
57592: 0.999774
57593: 0.999774
57594: 0.999774
57595: 0.999774
57596: 0.999774
57597: 0.999774
57598: 0.999774
57599: 0.999774
57600: 0.999774
57601: 0.999774
57602: 0.999774
57603: 0.999774
57604: 0.999774
57605: 0.999774
57606: 0.999774
57607: 0.999774
57608: 0.999774
57609: 0.999774
57610: 0.999774
57611: 0.999774
57612: 0.999774
57613: 0.999774
57614: 0.999774
57615: 0.999774
57616: 0.999774
57617: 0.999774
57618: 0.999774
57619: 0.999774
57620: 0.999774
57621: 0.999774
57622: 0.999774
57623: 0.999774
57624: 0.999774
57625: 0.999774
57626: 0.999774
57627: 0.999774
57628: 0.999774
57629: 0.999774
57630: 0.999774
57631: 0.999774
57632: 0.999774
57633: 0.999774
57634: 0.999774
57635: 0.999774
57636: 0.999774
57637: 0.999774
57638: 0.999774
57639: 0.999774
57640: 0.999774
57641: 0.999774
57642: 0.999774
57643: 0.999774
57644: 0.999774
57645: 0.999774
57646: 0.999774
57647: 0.999774
57648: 0.999774
57649: 0.999775
57650: 0.999775
57651: 0.999775
57652: 0.999775
57653: 0.999775
57654: 0.999775
57655: 0.999775
57656: 0.999775
57657: 0.999775
57658: 0.999775
57659: 0.999775
57660: 0.999775
57661: 0.999775
57662: 0.999775
57663: 0.999775
57664: 0.999775
57665: 0.999775
57666: 0.999775
57667: 0.999775
57668: 0.999775
57669: 0.999775
57670: 0.999775
57671: 0.999775
57672: 0.999775
57673: 0.999775
57674: 0.999775
57675: 0.999775
57676: 0.999775
57677: 0.999775
57678: 0.999775
57679: 0.999775
57680: 0.999775
57681: 0.999775
57682: 0.999775
57683: 0.999775
57684: 0.999775
57685: 0.999775
57686: 0.999775
57687: 0.999775
57688: 0.999775
57689: 0.999775
57690: 0.999775
57691: 0.999775
57692: 0.999775
57693: 0.999775
57694: 0.999775
57695: 0.999775
57696: 0.999775
57697: 0.999775
57698: 0.999775
57699: 0.999775
57700: 0.999775
57701: 0.999775
57702: 0.999775
57703: 0.999775
57704: 0.999775
57705: 0.999775
57706: 0.999775
57707: 0.999775
57708: 0.999775
57709: 0.999775
57710: 0.999775
57711: 0.999775
57712: 0.999775
57713: 0.999775
57714: 0.999775
57715: 0.999775
57716: 0.999775
57717: 0.999775
57718: 0.999775
57719: 0.999775
57720: 0.999775
57721: 0.999775
57722: 0.999775
57723: 0.999775
57724: 0.999775
57725: 0.999775
57726: 0.999775
57727: 0.999775
57728: 0.999775
57729: 0.999775
57730: 0.999775
57731: 0.999775
57732: 0.999775
57733: 0.999775
57734: 0.999775
57735: 0.999775
57736: 0.999775
57737: 0.999775
57738: 0.999775
57739: 0.999775
57740: 0.999775
57741: 0.999775
57742: 0.999775
57743: 0.999775
57744: 0.999775
57745: 0.999775
57746: 0.999775
57747: 0.999775
57748: 0.999775
57749: 0.999775
57750: 0.999775
57751: 0.999775
57752: 0.999775
57753: 0.999775
57754: 0.999775
57755: 0.999775
57756: 0.999775
57757: 0.999775
57758: 0.999775
57759: 0.999775
57760: 0.999775
57761: 0.999775
57762: 0.999775
57763: 0.999775
57764: 0.999775
57765: 0.999775
57766: 0.999775
57767: 0.999775
57768: 0.999775
57769: 0.999775
57770: 0.999775
57771: 0.999775
57772: 0.999775
57773: 0.999775
57774: 0.999775
57775: 0.999775
57776: 0.999775
57777: 0.999775
57778: 0.999775
57779: 0.999775
57780: 0.999775
57781: 0.999775
57782: 0.999775
57783: 0.999775
57784: 0.999775
57785: 0.999775
57786: 0.999775
57787: 0.999775
57788: 0.999775
57789: 0.999775
57790: 0.999775
57791: 0.999775
57792: 0.999775
57793: 0.999775
57794: 0.999775
57795: 0.999775
57796: 0.999775
57797: 0.999775
57798: 0.999775
57799: 0.999775
57800: 0.999775
57801: 0.999775
57802: 0.999775
57803: 0.999775
57804: 0.999775
57805: 0.999775
57806: 0.999775
57807: 0.999775
57808: 0.999775
57809: 0.999775
57810: 0.999775
57811: 0.999775
57812: 0.999775
57813: 0.999775
57814: 0.999775
57815: 0.999775
57816: 0.999775
57817: 0.999775
57818: 0.999775
57819: 0.999775
57820: 0.999775
57821: 0.999775
57822: 0.999775
57823: 0.999775
57824: 0.999775
57825: 0.999775
57826: 0.999775
57827: 0.999775
57828: 0.999775
57829: 0.999775
57830: 0.999775
57831: 0.999775
57832: 0.999775
57833: 0.999775
57834: 0.999775
57835: 0.999775
57836: 0.999775
57837: 0.999775
57838: 0.999775
57839: 0.999775
57840: 0.999775
57841: 0.999775
57842: 0.999775
57843: 0.999775
57844: 0.999775
57845: 0.999775
57846: 0.999775
57847: 0.999775
57848: 0.999775
57849: 0.999775
57850: 0.999775
57851: 0.999775
57852: 0.999775
57853: 0.999775
57854: 0.999775
57855: 0.999775
57856: 0.999775
57857: 0.999775
57858: 0.999775
57859: 0.999775
57860: 0.999775
57861: 0.999775
57862: 0.999775
57863: 0.999775
57864: 0.999775
57865: 0.999775
57866: 0.999775
57867: 0.999775
57868: 0.999775
57869: 0.999775
57870: 0.999775
57871: 0.999775
57872: 0.999775
57873: 0.999775
57874: 0.999775
57875: 0.999775
57876: 0.999775
57877: 0.999775
57878: 0.999775
57879: 0.999775
57880: 0.999775
57881: 0.999775
57882: 0.999775
57883: 0.999775
57884: 0.999775
57885: 0.999775
57886: 0.999775
57887: 0.999775
57888: 0.999775
57889: 0.999775
57890: 0.999775
57891: 0.999775
57892: 0.999775
57893: 0.999775
57894: 0.999775
57895: 0.999775
57896: 0.999775
57897: 0.999775
57898: 0.999775
57899: 0.999775
57900: 0.999775
57901: 0.999775
57902: 0.999775
57903: 0.999775
57904: 0.999775
57905: 0.999775
57906: 0.999776
57907: 0.999776
57908: 0.999776
57909: 0.999776
57910: 0.999776
57911: 0.999776
57912: 0.999776
57913: 0.999776
57914: 0.999776
57915: 0.999776
57916: 0.999776
57917: 0.999776
57918: 0.999776
57919: 0.999776
57920: 0.999776
57921: 0.999776
57922: 0.999776
57923: 0.999776
57924: 0.999776
57925: 0.999776
57926: 0.999776
57927: 0.999776
57928: 0.999776
57929: 0.999776
57930: 0.999776
57931: 0.999776
57932: 0.999776
57933: 0.999776
57934: 0.999776
57935: 0.999776
57936: 0.999776
57937: 0.999776
57938: 0.999776
57939: 0.999776
57940: 0.999776
57941: 0.999776
57942: 0.999776
57943: 0.999776
57944: 0.999776
57945: 0.999776
57946: 0.999776
57947: 0.999776
57948: 0.999776
57949: 0.999776
57950: 0.999776
57951: 0.999776
57952: 0.999776
57953: 0.999776
57954: 0.999776
57955: 0.999776
57956: 0.999776
57957: 0.999776
57958: 0.999776
57959: 0.999776
57960: 0.999776
57961: 0.999776
57962: 0.999776
57963: 0.999776
57964: 0.999776
57965: 0.999776
57966: 0.999776
57967: 0.999776
57968: 0.999776
57969: 0.999776
57970: 0.999776
57971: 0.999776
57972: 0.999776
57973: 0.999776
57974: 0.999776
57975: 0.999776
57976: 0.999776
57977: 0.999776
57978: 0.999776
57979: 0.999776
57980: 0.999776
57981: 0.999776
57982: 0.999776
57983: 0.999776
57984: 0.999776
57985: 0.999776
57986: 0.999776
57987: 0.999776
57988: 0.999776
57989: 0.999776
57990: 0.999776
57991: 0.999776
57992: 0.999776
57993: 0.999776
57994: 0.999776
57995: 0.999776
57996: 0.999776
57997: 0.999776
57998: 0.999776
57999: 0.999776
58000: 0.999776
58001: 0.999776
58002: 0.999776
58003: 0.999776
58004: 0.999776
58005: 0.999776
58006: 0.999776
58007: 0.999776
58008: 0.999776
58009: 0.999776
58010: 0.999776
58011: 0.999776
58012: 0.999776
58013: 0.999776
58014: 0.999776
58015: 0.999776
58016: 0.999776
58017: 0.999776
58018: 0.999776
58019: 0.999776
58020: 0.999776
58021: 0.999776
58022: 0.999776
58023: 0.999776
58024: 0.999776
58025: 0.999776
58026: 0.999776
58027: 0.999776
58028: 0.999776
58029: 0.999776
58030: 0.999776
58031: 0.999776
58032: 0.999776
58033: 0.999776
58034: 0.999776
58035: 0.999776
58036: 0.999776
58037: 0.999776
58038: 0.999776
58039: 0.999776
58040: 0.999776
58041: 0.999776
58042: 0.999776
58043: 0.999776
58044: 0.999776
58045: 0.999776
58046: 0.999776
58047: 0.999776
58048: 0.999776
58049: 0.999776
58050: 0.999776
58051: 0.999776
58052: 0.999776
58053: 0.999776
58054: 0.999776
58055: 0.999776
58056: 0.999776
58057: 0.999776
58058: 0.999776
58059: 0.999776
58060: 0.999776
58061: 0.999776
58062: 0.999776
58063: 0.999776
58064: 0.999776
58065: 0.999776
58066: 0.999776
58067: 0.999776
58068: 0.999776
58069: 0.999776
58070: 0.999776
58071: 0.999776
58072: 0.999776
58073: 0.999776
58074: 0.999776
58075: 0.999776
58076: 0.999776
58077: 0.999776
58078: 0.999776
58079: 0.999776
58080: 0.999776
58081: 0.999776
58082: 0.999776
58083: 0.999776
58084: 0.999776
58085: 0.999776
58086: 0.999776
58087: 0.999776
58088: 0.999776
58089: 0.999776
58090: 0.999776
58091: 0.999776
58092: 0.999776
58093: 0.999776
58094: 0.999776
58095: 0.999776
58096: 0.999776
58097: 0.999776
58098: 0.999776
58099: 0.999776
58100: 0.999776
58101: 0.999776
58102: 0.999776
58103: 0.999776
58104: 0.999776
58105: 0.999776
58106: 0.999776
58107: 0.999776
58108: 0.999776
58109: 0.999776
58110: 0.999776
58111: 0.999776
58112: 0.999776
58113: 0.999776
58114: 0.999776
58115: 0.999776
58116: 0.999776
58117: 0.999776
58118: 0.999776
58119: 0.999776
58120: 0.999776
58121: 0.999776
58122: 0.999776
58123: 0.999776
58124: 0.999776
58125: 0.999776
58126: 0.999776
58127: 0.999776
58128: 0.999776
58129: 0.999776
58130: 0.999776
58131: 0.999776
58132: 0.999776
58133: 0.999776
58134: 0.999776
58135: 0.999776
58136: 0.999776
58137: 0.999776
58138: 0.999776
58139: 0.999776
58140: 0.999776
58141: 0.999776
58142: 0.999776
58143: 0.999776
58144: 0.999776
58145: 0.999776
58146: 0.999776
58147: 0.999776
58148: 0.999776
58149: 0.999776
58150: 0.999776
58151: 0.999776
58152: 0.999776
58153: 0.999776
58154: 0.999776
58155: 0.999776
58156: 0.999776
58157: 0.999776
58158: 0.999776
58159: 0.999776
58160: 0.999776
58161: 0.999776
58162: 0.999776
58163: 0.999776
58164: 0.999776
58165: 0.999777
58166: 0.999777
58167: 0.999777
58168: 0.999777
58169: 0.999777
58170: 0.999777
58171: 0.999777
58172: 0.999777
58173: 0.999777
58174: 0.999777
58175: 0.999777
58176: 0.999777
58177: 0.999777
58178: 0.999777
58179: 0.999777
58180: 0.999777
58181: 0.999777
58182: 0.999777
58183: 0.999777
58184: 0.999777
58185: 0.999777
58186: 0.999777
58187: 0.999777
58188: 0.999777
58189: 0.999777
58190: 0.999777
58191: 0.999777
58192: 0.999777
58193: 0.999777
58194: 0.999777
58195: 0.999777
58196: 0.999777
58197: 0.999777
58198: 0.999777
58199: 0.999777
58200: 0.999777
58201: 0.999777
58202: 0.999777
58203: 0.999777
58204: 0.999777
58205: 0.999777
58206: 0.999777
58207: 0.999777
58208: 0.999777
58209: 0.999777
58210: 0.999777
58211: 0.999777
58212: 0.999777
58213: 0.999777
58214: 0.999777
58215: 0.999777
58216: 0.999777
58217: 0.999777
58218: 0.999777
58219: 0.999777
58220: 0.999777
58221: 0.999777
58222: 0.999777
58223: 0.999777
58224: 0.999777
58225: 0.999777
58226: 0.999777
58227: 0.999777
58228: 0.999777
58229: 0.999777
58230: 0.999777
58231: 0.999777
58232: 0.999777
58233: 0.999777
58234: 0.999777
58235: 0.999777
58236: 0.999777
58237: 0.999777
58238: 0.999777
58239: 0.999777
58240: 0.999777
58241: 0.999777
58242: 0.999777
58243: 0.999777
58244: 0.999777
58245: 0.999777
58246: 0.999777
58247: 0.999777
58248: 0.999777
58249: 0.999777
58250: 0.999777
58251: 0.999777
58252: 0.999777
58253: 0.999777
58254: 0.999777
58255: 0.999777
58256: 0.999777
58257: 0.999777
58258: 0.999777
58259: 0.999777
58260: 0.999777
58261: 0.999777
58262: 0.999777
58263: 0.999777
58264: 0.999777
58265: 0.999777
58266: 0.999777
58267: 0.999777
58268: 0.999777
58269: 0.999777
58270: 0.999777
58271: 0.999777
58272: 0.999777
58273: 0.999777
58274: 0.999777
58275: 0.999777
58276: 0.999777
58277: 0.999777
58278: 0.999777
58279: 0.999777
58280: 0.999777
58281: 0.999777
58282: 0.999777
58283: 0.999777
58284: 0.999777
58285: 0.999777
58286: 0.999777
58287: 0.999777
58288: 0.999777
58289: 0.999777
58290: 0.999777
58291: 0.999777
58292: 0.999777
58293: 0.999777
58294: 0.999777
58295: 0.999777
58296: 0.999777
58297: 0.999777
58298: 0.999777
58299: 0.999777
58300: 0.999777
58301: 0.999777
58302: 0.999777
58303: 0.999777
58304: 0.999777
58305: 0.999777
58306: 0.999777
58307: 0.999777
58308: 0.999777
58309: 0.999777
58310: 0.999777
58311: 0.999777
58312: 0.999777
58313: 0.999777
58314: 0.999777
58315: 0.999777
58316: 0.999777
58317: 0.999777
58318: 0.999777
58319: 0.999777
58320: 0.999777
58321: 0.999777
58322: 0.999777
58323: 0.999777
58324: 0.999777
58325: 0.999777
58326: 0.999777
58327: 0.999777
58328: 0.999777
58329: 0.999777
58330: 0.999777
58331: 0.999777
58332: 0.999777
58333: 0.999777
58334: 0.999777
58335: 0.999777
58336: 0.999777
58337: 0.999777
58338: 0.999777
58339: 0.999777
58340: 0.999777
58341: 0.999777
58342: 0.999777
58343: 0.999777
58344: 0.999777
58345: 0.999777
58346: 0.999777
58347: 0.999777
58348: 0.999777
58349: 0.999777
58350: 0.999777
58351: 0.999777
58352: 0.999777
58353: 0.999777
58354: 0.999777
58355: 0.999777
58356: 0.999777
58357: 0.999777
58358: 0.999777
58359: 0.999777
58360: 0.999777
58361: 0.999777
58362: 0.999777
58363: 0.999777
58364: 0.999777
58365: 0.999777
58366: 0.999777
58367: 0.999777
58368: 0.999777
58369: 0.999777
58370: 0.999777
58371: 0.999777
58372: 0.999777
58373: 0.999777
58374: 0.999777
58375: 0.999777
58376: 0.999777
58377: 0.999777
58378: 0.999777
58379: 0.999777
58380: 0.999777
58381: 0.999777
58382: 0.999777
58383: 0.999777
58384: 0.999777
58385: 0.999777
58386: 0.999777
58387: 0.999777
58388: 0.999777
58389: 0.999777
58390: 0.999777
58391: 0.999777
58392: 0.999777
58393: 0.999777
58394: 0.999777
58395: 0.999777
58396: 0.999777
58397: 0.999777
58398: 0.999777
58399: 0.999777
58400: 0.999777
58401: 0.999777
58402: 0.999777
58403: 0.999777
58404: 0.999777
58405: 0.999777
58406: 0.999777
58407: 0.999777
58408: 0.999777
58409: 0.999777
58410: 0.999777
58411: 0.999777
58412: 0.999777
58413: 0.999777
58414: 0.999777
58415: 0.999777
58416: 0.999777
58417: 0.999777
58418: 0.999777
58419: 0.999777
58420: 0.999777
58421: 0.999777
58422: 0.999777
58423: 0.999777
58424: 0.999777
58425: 0.999777
58426: 0.999778
58427: 0.999778
58428: 0.999778
58429: 0.999778
58430: 0.999778
58431: 0.999778
58432: 0.999778
58433: 0.999778
58434: 0.999778
58435: 0.999778
58436: 0.999778
58437: 0.999778
58438: 0.999778
58439: 0.999778
58440: 0.999778
58441: 0.999778
58442: 0.999778
58443: 0.999778
58444: 0.999778
58445: 0.999778
58446: 0.999778
58447: 0.999778
58448: 0.999778
58449: 0.999778
58450: 0.999778
58451: 0.999778
58452: 0.999778
58453: 0.999778
58454: 0.999778
58455: 0.999778
58456: 0.999778
58457: 0.999778
58458: 0.999778
58459: 0.999778
58460: 0.999778
58461: 0.999778
58462: 0.999778
58463: 0.999778
58464: 0.999778
58465: 0.999778
58466: 0.999778
58467: 0.999778
58468: 0.999778
58469: 0.999778
58470: 0.999778
58471: 0.999778
58472: 0.999778
58473: 0.999778
58474: 0.999778
58475: 0.999778
58476: 0.999778
58477: 0.999778
58478: 0.999778
58479: 0.999778
58480: 0.999778
58481: 0.999778
58482: 0.999778
58483: 0.999778
58484: 0.999778
58485: 0.999778
58486: 0.999778
58487: 0.999778
58488: 0.999778
58489: 0.999778
58490: 0.999778
58491: 0.999778
58492: 0.999778
58493: 0.999778
58494: 0.999778
58495: 0.999778
58496: 0.999778
58497: 0.999778
58498: 0.999778
58499: 0.999778
58500: 0.999778
58501: 0.999778
58502: 0.999778
58503: 0.999778
58504: 0.999778
58505: 0.999778
58506: 0.999778
58507: 0.999778
58508: 0.999778
58509: 0.999778
58510: 0.999778
58511: 0.999778
58512: 0.999778
58513: 0.999778
58514: 0.999778
58515: 0.999778
58516: 0.999778
58517: 0.999778
58518: 0.999778
58519: 0.999778
58520: 0.999778
58521: 0.999778
58522: 0.999778
58523: 0.999778
58524: 0.999778
58525: 0.999778
58526: 0.999778
58527: 0.999778
58528: 0.999778
58529: 0.999778
58530: 0.999778
58531: 0.999778
58532: 0.999778
58533: 0.999778
58534: 0.999778
58535: 0.999778
58536: 0.999778
58537: 0.999778
58538: 0.999778
58539: 0.999778
58540: 0.999778
58541: 0.999778
58542: 0.999778
58543: 0.999778
58544: 0.999778
58545: 0.999778
58546: 0.999778
58547: 0.999778
58548: 0.999778
58549: 0.999778
58550: 0.999778
58551: 0.999778
58552: 0.999778
58553: 0.999778
58554: 0.999778
58555: 0.999778
58556: 0.999778
58557: 0.999778
58558: 0.999778
58559: 0.999778
58560: 0.999778
58561: 0.999778
58562: 0.999778
58563: 0.999778
58564: 0.999778
58565: 0.999778
58566: 0.999778
58567: 0.999778
58568: 0.999778
58569: 0.999778
58570: 0.999778
58571: 0.999778
58572: 0.999778
58573: 0.999778
58574: 0.999778
58575: 0.999778
58576: 0.999778
58577: 0.999778
58578: 0.999778
58579: 0.999778
58580: 0.999778
58581: 0.999778
58582: 0.999778
58583: 0.999778
58584: 0.999778
58585: 0.999778
58586: 0.999778
58587: 0.999778
58588: 0.999778
58589: 0.999778
58590: 0.999778
58591: 0.999778
58592: 0.999778
58593: 0.999778
58594: 0.999778
58595: 0.999778
58596: 0.999778
58597: 0.999778
58598: 0.999778
58599: 0.999778
58600: 0.999778
58601: 0.999778
58602: 0.999778
58603: 0.999778
58604: 0.999778
58605: 0.999778
58606: 0.999778
58607: 0.999778
58608: 0.999778
58609: 0.999778
58610: 0.999778
58611: 0.999778
58612: 0.999778
58613: 0.999778
58614: 0.999778
58615: 0.999778
58616: 0.999778
58617: 0.999778
58618: 0.999778
58619: 0.999778
58620: 0.999778
58621: 0.999778
58622: 0.999778
58623: 0.999778
58624: 0.999778
58625: 0.999778
58626: 0.999778
58627: 0.999778
58628: 0.999778
58629: 0.999778
58630: 0.999778
58631: 0.999778
58632: 0.999778
58633: 0.999778
58634: 0.999778
58635: 0.999778
58636: 0.999778
58637: 0.999778
58638: 0.999778
58639: 0.999778
58640: 0.999778
58641: 0.999778
58642: 0.999778
58643: 0.999778
58644: 0.999778
58645: 0.999778
58646: 0.999778
58647: 0.999778
58648: 0.999778
58649: 0.999778
58650: 0.999778
58651: 0.999778
58652: 0.999778
58653: 0.999778
58654: 0.999778
58655: 0.999778
58656: 0.999778
58657: 0.999778
58658: 0.999778
58659: 0.999778
58660: 0.999778
58661: 0.999778
58662: 0.999778
58663: 0.999778
58664: 0.999778
58665: 0.999778
58666: 0.999778
58667: 0.999778
58668: 0.999778
58669: 0.999778
58670: 0.999778
58671: 0.999778
58672: 0.999778
58673: 0.999778
58674: 0.999778
58675: 0.999778
58676: 0.999778
58677: 0.999778
58678: 0.999778
58679: 0.999778
58680: 0.999778
58681: 0.999778
58682: 0.999778
58683: 0.999778
58684: 0.999778
58685: 0.999778
58686: 0.999778
58687: 0.999778
58688: 0.999778
58689: 0.999778
58690: 0.999779
58691: 0.999779
58692: 0.999779
58693: 0.999779
58694: 0.999779
58695: 0.999779
58696: 0.999779
58697: 0.999779
58698: 0.999779
58699: 0.999779
58700: 0.999779
58701: 0.999779
58702: 0.999779
58703: 0.999779
58704: 0.999779
58705: 0.999779
58706: 0.999779
58707: 0.999779
58708: 0.999779
58709: 0.999779
58710: 0.999779
58711: 0.999779
58712: 0.999779
58713: 0.999779
58714: 0.999779
58715: 0.999779
58716: 0.999779
58717: 0.999779
58718: 0.999779
58719: 0.999779
58720: 0.999779
58721: 0.999779
58722: 0.999779
58723: 0.999779
58724: 0.999779
58725: 0.999779
58726: 0.999779
58727: 0.999779
58728: 0.999779
58729: 0.999779
58730: 0.999779
58731: 0.999779
58732: 0.999779
58733: 0.999779
58734: 0.999779
58735: 0.999779
58736: 0.999779
58737: 0.999779
58738: 0.999779
58739: 0.999779
58740: 0.999779
58741: 0.999779
58742: 0.999779
58743: 0.999779
58744: 0.999779
58745: 0.999779
58746: 0.999779
58747: 0.999779
58748: 0.999779
58749: 0.999779
58750: 0.999779
58751: 0.999779
58752: 0.999779
58753: 0.999779
58754: 0.999779
58755: 0.999779
58756: 0.999779
58757: 0.999779
58758: 0.999779
58759: 0.999779
58760: 0.999779
58761: 0.999779
58762: 0.999779
58763: 0.999779
58764: 0.999779
58765: 0.999779
58766: 0.999779
58767: 0.999779
58768: 0.999779
58769: 0.999779
58770: 0.999779
58771: 0.999779
58772: 0.999779
58773: 0.999779
58774: 0.999779
58775: 0.999779
58776: 0.999779
58777: 0.999779
58778: 0.999779
58779: 0.999779
58780: 0.999779
58781: 0.999779
58782: 0.999779
58783: 0.999779
58784: 0.999779
58785: 0.999779
58786: 0.999779
58787: 0.999779
58788: 0.999779
58789: 0.999779
58790: 0.999779
58791: 0.999779
58792: 0.999779
58793: 0.999779
58794: 0.999779
58795: 0.999779
58796: 0.999779
58797: 0.999779
58798: 0.999779
58799: 0.999779
58800: 0.999779
58801: 0.999779
58802: 0.999779
58803: 0.999779
58804: 0.999779
58805: 0.999779
58806: 0.999779
58807: 0.999779
58808: 0.999779
58809: 0.999779
58810: 0.999779
58811: 0.999779
58812: 0.999779
58813: 0.999779
58814: 0.999779
58815: 0.999779
58816: 0.999779
58817: 0.999779
58818: 0.999779
58819: 0.999779
58820: 0.999779
58821: 0.999779
58822: 0.999779
58823: 0.999779
58824: 0.999779
58825: 0.999779
58826: 0.999779
58827: 0.999779
58828: 0.999779
58829: 0.999779
58830: 0.999779
58831: 0.999779
58832: 0.999779
58833: 0.999779
58834: 0.999779
58835: 0.999779
58836: 0.999779
58837: 0.999779
58838: 0.999779
58839: 0.999779
58840: 0.999779
58841: 0.999779
58842: 0.999779
58843: 0.999779
58844: 0.999779
58845: 0.999779
58846: 0.999779
58847: 0.999779
58848: 0.999779
58849: 0.999779
58850: 0.999779
58851: 0.999779
58852: 0.999779
58853: 0.999779
58854: 0.999779
58855: 0.999779
58856: 0.999779
58857: 0.999779
58858: 0.999779
58859: 0.999779
58860: 0.999779
58861: 0.999779
58862: 0.999779
58863: 0.999779
58864: 0.999779
58865: 0.999779
58866: 0.999779
58867: 0.999779
58868: 0.999779
58869: 0.999779
58870: 0.999779
58871: 0.999779
58872: 0.999779
58873: 0.999779
58874: 0.999779
58875: 0.999779
58876: 0.999779
58877: 0.999779
58878: 0.999779
58879: 0.999779
58880: 0.999779
58881: 0.999779
58882: 0.999779
58883: 0.999779
58884: 0.999779
58885: 0.999779
58886: 0.999779
58887: 0.999779
58888: 0.999779
58889: 0.999779
58890: 0.999779
58891: 0.999779
58892: 0.999779
58893: 0.999779
58894: 0.999779
58895: 0.999779
58896: 0.999779
58897: 0.999779
58898: 0.999779
58899: 0.999779
58900: 0.999779
58901: 0.999779
58902: 0.999779
58903: 0.999779
58904: 0.999779
58905: 0.999779
58906: 0.999779
58907: 0.999779
58908: 0.999779
58909: 0.999779
58910: 0.999779
58911: 0.999779
58912: 0.999779
58913: 0.999779
58914: 0.999779
58915: 0.999779
58916: 0.999779
58917: 0.999779
58918: 0.999779
58919: 0.999779
58920: 0.999779
58921: 0.999779
58922: 0.999779
58923: 0.999779
58924: 0.999779
58925: 0.999779
58926: 0.999779
58927: 0.999779
58928: 0.999779
58929: 0.999779
58930: 0.999779
58931: 0.999779
58932: 0.999779
58933: 0.999779
58934: 0.999779
58935: 0.999779
58936: 0.999779
58937: 0.999779
58938: 0.999779
58939: 0.999779
58940: 0.999779
58941: 0.999779
58942: 0.999779
58943: 0.999779
58944: 0.999779
58945: 0.999779
58946: 0.999779
58947: 0.999779
58948: 0.999779
58949: 0.999779
58950: 0.999779
58951: 0.999779
58952: 0.999779
58953: 0.999779
58954: 0.999779
58955: 0.999779
58956: 0.99978
58957: 0.99978
58958: 0.99978
58959: 0.99978
58960: 0.99978
58961: 0.99978
58962: 0.99978
58963: 0.99978
58964: 0.99978
58965: 0.99978
58966: 0.99978
58967: 0.99978
58968: 0.99978
58969: 0.99978
58970: 0.99978
58971: 0.99978
58972: 0.99978
58973: 0.99978
58974: 0.99978
58975: 0.99978
58976: 0.99978
58977: 0.99978
58978: 0.99978
58979: 0.99978
58980: 0.99978
58981: 0.99978
58982: 0.99978
58983: 0.99978
58984: 0.99978
58985: 0.99978
58986: 0.99978
58987: 0.99978
58988: 0.99978
58989: 0.99978
58990: 0.99978
58991: 0.99978
58992: 0.99978
58993: 0.99978
58994: 0.99978
58995: 0.99978
58996: 0.99978
58997: 0.99978
58998: 0.99978
58999: 0.99978
59000: 0.99978
59001: 0.99978
59002: 0.99978
59003: 0.99978
59004: 0.99978
59005: 0.99978
59006: 0.99978
59007: 0.99978
59008: 0.99978
59009: 0.99978
59010: 0.99978
59011: 0.99978
59012: 0.99978
59013: 0.99978
59014: 0.99978
59015: 0.99978
59016: 0.99978
59017: 0.99978
59018: 0.99978
59019: 0.99978
59020: 0.99978
59021: 0.99978
59022: 0.99978
59023: 0.99978
59024: 0.99978
59025: 0.99978
59026: 0.99978
59027: 0.99978
59028: 0.99978
59029: 0.99978
59030: 0.99978
59031: 0.99978
59032: 0.99978
59033: 0.99978
59034: 0.99978
59035: 0.99978
59036: 0.99978
59037: 0.99978
59038: 0.99978
59039: 0.99978
59040: 0.99978
59041: 0.99978
59042: 0.99978
59043: 0.99978
59044: 0.99978
59045: 0.99978
59046: 0.99978
59047: 0.99978
59048: 0.99978
59049: 0.99978
59050: 0.99978
59051: 0.99978
59052: 0.99978
59053: 0.99978
59054: 0.99978
59055: 0.99978
59056: 0.99978
59057: 0.99978
59058: 0.99978
59059: 0.99978
59060: 0.99978
59061: 0.99978
59062: 0.99978
59063: 0.99978
59064: 0.99978
59065: 0.99978
59066: 0.99978
59067: 0.99978
59068: 0.99978
59069: 0.99978
59070: 0.99978
59071: 0.99978
59072: 0.99978
59073: 0.99978
59074: 0.99978
59075: 0.99978
59076: 0.99978
59077: 0.99978
59078: 0.99978
59079: 0.99978
59080: 0.99978
59081: 0.99978
59082: 0.99978
59083: 0.99978
59084: 0.99978
59085: 0.99978
59086: 0.99978
59087: 0.99978
59088: 0.99978
59089: 0.99978
59090: 0.99978
59091: 0.99978
59092: 0.99978
59093: 0.99978
59094: 0.99978
59095: 0.99978
59096: 0.99978
59097: 0.99978
59098: 0.99978
59099: 0.99978
59100: 0.99978
59101: 0.99978
59102: 0.99978
59103: 0.99978
59104: 0.99978
59105: 0.99978
59106: 0.99978
59107: 0.99978
59108: 0.99978
59109: 0.99978
59110: 0.99978
59111: 0.99978
59112: 0.99978
59113: 0.99978
59114: 0.99978
59115: 0.99978
59116: 0.99978
59117: 0.99978
59118: 0.99978
59119: 0.99978
59120: 0.99978
59121: 0.99978
59122: 0.99978
59123: 0.99978
59124: 0.99978
59125: 0.99978
59126: 0.99978
59127: 0.99978
59128: 0.99978
59129: 0.99978
59130: 0.99978
59131: 0.99978
59132: 0.99978
59133: 0.99978
59134: 0.99978
59135: 0.99978
59136: 0.99978
59137: 0.99978
59138: 0.99978
59139: 0.99978
59140: 0.99978
59141: 0.99978
59142: 0.99978
59143: 0.99978
59144: 0.99978
59145: 0.99978
59146: 0.99978
59147: 0.99978
59148: 0.99978
59149: 0.99978
59150: 0.99978
59151: 0.99978
59152: 0.99978
59153: 0.99978
59154: 0.99978
59155: 0.99978
59156: 0.99978
59157: 0.99978
59158: 0.99978
59159: 0.99978
59160: 0.99978
59161: 0.99978
59162: 0.99978
59163: 0.99978
59164: 0.99978
59165: 0.99978
59166: 0.99978
59167: 0.99978
59168: 0.99978
59169: 0.99978
59170: 0.99978
59171: 0.99978
59172: 0.99978
59173: 0.99978
59174: 0.99978
59175: 0.99978
59176: 0.99978
59177: 0.99978
59178: 0.99978
59179: 0.99978
59180: 0.99978
59181: 0.99978
59182: 0.99978
59183: 0.99978
59184: 0.99978
59185: 0.99978
59186: 0.99978
59187: 0.99978
59188: 0.99978
59189: 0.99978
59190: 0.99978
59191: 0.99978
59192: 0.99978
59193: 0.99978
59194: 0.99978
59195: 0.99978
59196: 0.99978
59197: 0.99978
59198: 0.99978
59199: 0.99978
59200: 0.99978
59201: 0.99978
59202: 0.99978
59203: 0.99978
59204: 0.99978
59205: 0.99978
59206: 0.99978
59207: 0.99978
59208: 0.99978
59209: 0.99978
59210: 0.99978
59211: 0.99978
59212: 0.99978
59213: 0.99978
59214: 0.99978
59215: 0.99978
59216: 0.99978
59217: 0.99978
59218: 0.99978
59219: 0.99978
59220: 0.99978
59221: 0.99978
59222: 0.99978
59223: 0.99978
59224: 0.99978
59225: 0.999781
59226: 0.999781
59227: 0.999781
59228: 0.999781
59229: 0.999781
59230: 0.999781
59231: 0.999781
59232: 0.999781
59233: 0.999781
59234: 0.999781
59235: 0.999781
59236: 0.999781
59237: 0.999781
59238: 0.999781
59239: 0.999781
59240: 0.999781
59241: 0.999781
59242: 0.999781
59243: 0.999781
59244: 0.999781
59245: 0.999781
59246: 0.999781
59247: 0.999781
59248: 0.999781
59249: 0.999781
59250: 0.999781
59251: 0.999781
59252: 0.999781
59253: 0.999781
59254: 0.999781
59255: 0.999781
59256: 0.999781
59257: 0.999781
59258: 0.999781
59259: 0.999781
59260: 0.999781
59261: 0.999781
59262: 0.999781
59263: 0.999781
59264: 0.999781
59265: 0.999781
59266: 0.999781
59267: 0.999781
59268: 0.999781
59269: 0.999781
59270: 0.999781
59271: 0.999781
59272: 0.999781
59273: 0.999781
59274: 0.999781
59275: 0.999781
59276: 0.999781
59277: 0.999781
59278: 0.999781
59279: 0.999781
59280: 0.999781
59281: 0.999781
59282: 0.999781
59283: 0.999781
59284: 0.999781
59285: 0.999781
59286: 0.999781
59287: 0.999781
59288: 0.999781
59289: 0.999781
59290: 0.999781
59291: 0.999781
59292: 0.999781
59293: 0.999781
59294: 0.999781
59295: 0.999781
59296: 0.999781
59297: 0.999781
59298: 0.999781
59299: 0.999781
59300: 0.999781
59301: 0.999781
59302: 0.999781
59303: 0.999781
59304: 0.999781
59305: 0.999781
59306: 0.999781
59307: 0.999781
59308: 0.999781
59309: 0.999781
59310: 0.999781
59311: 0.999781
59312: 0.999781
59313: 0.999781
59314: 0.999781
59315: 0.999781
59316: 0.999781
59317: 0.999781
59318: 0.999781
59319: 0.999781
59320: 0.999781
59321: 0.999781
59322: 0.999781
59323: 0.999781
59324: 0.999781
59325: 0.999781
59326: 0.999781
59327: 0.999781
59328: 0.999781
59329: 0.999781
59330: 0.999781
59331: 0.999781
59332: 0.999781
59333: 0.999781
59334: 0.999781
59335: 0.999781
59336: 0.999781
59337: 0.999781
59338: 0.999781
59339: 0.999781
59340: 0.999781
59341: 0.999781
59342: 0.999781
59343: 0.999781
59344: 0.999781
59345: 0.999781
59346: 0.999781
59347: 0.999781
59348: 0.999781
59349: 0.999781
59350: 0.999781
59351: 0.999781
59352: 0.999781
59353: 0.999781
59354: 0.999781
59355: 0.999781
59356: 0.999781
59357: 0.999781
59358: 0.999781
59359: 0.999781
59360: 0.999781
59361: 0.999781
59362: 0.999781
59363: 0.999781
59364: 0.999781
59365: 0.999781
59366: 0.999781
59367: 0.999781
59368: 0.999781
59369: 0.999781
59370: 0.999781
59371: 0.999781
59372: 0.999781
59373: 0.999781
59374: 0.999781
59375: 0.999781
59376: 0.999781
59377: 0.999781
59378: 0.999781
59379: 0.999781
59380: 0.999781
59381: 0.999781
59382: 0.999781
59383: 0.999781
59384: 0.999781
59385: 0.999781
59386: 0.999781
59387: 0.999781
59388: 0.999781
59389: 0.999781
59390: 0.999781
59391: 0.999781
59392: 0.999781
59393: 0.999781
59394: 0.999781
59395: 0.999781
59396: 0.999781
59397: 0.999781
59398: 0.999781
59399: 0.999781
59400: 0.999781
59401: 0.999781
59402: 0.999781
59403: 0.999781
59404: 0.999781
59405: 0.999781
59406: 0.999781
59407: 0.999781
59408: 0.999781
59409: 0.999781
59410: 0.999781
59411: 0.999781
59412: 0.999781
59413: 0.999781
59414: 0.999781
59415: 0.999781
59416: 0.999781
59417: 0.999781
59418: 0.999781
59419: 0.999781
59420: 0.999781
59421: 0.999781
59422: 0.999781
59423: 0.999781
59424: 0.999781
59425: 0.999781
59426: 0.999781
59427: 0.999781
59428: 0.999781
59429: 0.999781
59430: 0.999781
59431: 0.999781
59432: 0.999781
59433: 0.999781
59434: 0.999781
59435: 0.999781
59436: 0.999781
59437: 0.999781
59438: 0.999781
59439: 0.999781
59440: 0.999781
59441: 0.999781
59442: 0.999781
59443: 0.999781
59444: 0.999781
59445: 0.999781
59446: 0.999781
59447: 0.999781
59448: 0.999781
59449: 0.999781
59450: 0.999781
59451: 0.999781
59452: 0.999781
59453: 0.999781
59454: 0.999781
59455: 0.999781
59456: 0.999781
59457: 0.999781
59458: 0.999781
59459: 0.999781
59460: 0.999781
59461: 0.999781
59462: 0.999781
59463: 0.999781
59464: 0.999781
59465: 0.999781
59466: 0.999781
59467: 0.999781
59468: 0.999781
59469: 0.999781
59470: 0.999781
59471: 0.999781
59472: 0.999781
59473: 0.999781
59474: 0.999781
59475: 0.999781
59476: 0.999781
59477: 0.999781
59478: 0.999781
59479: 0.999781
59480: 0.999781
59481: 0.999781
59482: 0.999781
59483: 0.999781
59484: 0.999781
59485: 0.999781
59486: 0.999781
59487: 0.999781
59488: 0.999781
59489: 0.999781
59490: 0.999781
59491: 0.999781
59492: 0.999781
59493: 0.999781
59494: 0.999781
59495: 0.999781
59496: 0.999782
59497: 0.999782
59498: 0.999782
59499: 0.999782
59500: 0.999782
59501: 0.999782
59502: 0.999782
59503: 0.999782
59504: 0.999782
59505: 0.999782
59506: 0.999782
59507: 0.999782
59508: 0.999782
59509: 0.999782
59510: 0.999782
59511: 0.999782
59512: 0.999782
59513: 0.999782
59514: 0.999782
59515: 0.999782
59516: 0.999782
59517: 0.999782
59518: 0.999782
59519: 0.999782
59520: 0.999782
59521: 0.999782
59522: 0.999782
59523: 0.999782
59524: 0.999782
59525: 0.999782
59526: 0.999782
59527: 0.999782
59528: 0.999782
59529: 0.999782
59530: 0.999782
59531: 0.999782
59532: 0.999782
59533: 0.999782
59534: 0.999782
59535: 0.999782
59536: 0.999782
59537: 0.999782
59538: 0.999782
59539: 0.999782
59540: 0.999782
59541: 0.999782
59542: 0.999782
59543: 0.999782
59544: 0.999782
59545: 0.999782
59546: 0.999782
59547: 0.999782
59548: 0.999782
59549: 0.999782
59550: 0.999782
59551: 0.999782
59552: 0.999782
59553: 0.999782
59554: 0.999782
59555: 0.999782
59556: 0.999782
59557: 0.999782
59558: 0.999782
59559: 0.999782
59560: 0.999782
59561: 0.999782
59562: 0.999782
59563: 0.999782
59564: 0.999782
59565: 0.999782
59566: 0.999782
59567: 0.999782
59568: 0.999782
59569: 0.999782
59570: 0.999782
59571: 0.999782
59572: 0.999782
59573: 0.999782
59574: 0.999782
59575: 0.999782
59576: 0.999782
59577: 0.999782
59578: 0.999782
59579: 0.999782
59580: 0.999782
59581: 0.999782
59582: 0.999782
59583: 0.999782
59584: 0.999782
59585: 0.999782
59586: 0.999782
59587: 0.999782
59588: 0.999782
59589: 0.999782
59590: 0.999782
59591: 0.999782
59592: 0.999782
59593: 0.999782
59594: 0.999782
59595: 0.999782
59596: 0.999782
59597: 0.999782
59598: 0.999782
59599: 0.999782
59600: 0.999782
59601: 0.999782
59602: 0.999782
59603: 0.999782
59604: 0.999782
59605: 0.999782
59606: 0.999782
59607: 0.999782
59608: 0.999782
59609: 0.999782
59610: 0.999782
59611: 0.999782
59612: 0.999782
59613: 0.999782
59614: 0.999782
59615: 0.999782
59616: 0.999782
59617: 0.999782
59618: 0.999782
59619: 0.999782
59620: 0.999782
59621: 0.999782
59622: 0.999782
59623: 0.999782
59624: 0.999782
59625: 0.999782
59626: 0.999782
59627: 0.999782
59628: 0.999782
59629: 0.999782
59630: 0.999782
59631: 0.999782
59632: 0.999782
59633: 0.999782
59634: 0.999782
59635: 0.999782
59636: 0.999782
59637: 0.999782
59638: 0.999782
59639: 0.999782
59640: 0.999782
59641: 0.999782
59642: 0.999782
59643: 0.999782
59644: 0.999782
59645: 0.999782
59646: 0.999782
59647: 0.999782
59648: 0.999782
59649: 0.999782
59650: 0.999782
59651: 0.999782
59652: 0.999782
59653: 0.999782
59654: 0.999782
59655: 0.999782
59656: 0.999782
59657: 0.999782
59658: 0.999782
59659: 0.999782
59660: 0.999782
59661: 0.999782
59662: 0.999782
59663: 0.999782
59664: 0.999782
59665: 0.999782
59666: 0.999782
59667: 0.999782
59668: 0.999782
59669: 0.999782
59670: 0.999782
59671: 0.999782
59672: 0.999782
59673: 0.999782
59674: 0.999782
59675: 0.999782
59676: 0.999782
59677: 0.999782
59678: 0.999782
59679: 0.999782
59680: 0.999782
59681: 0.999782
59682: 0.999782
59683: 0.999782
59684: 0.999782
59685: 0.999782
59686: 0.999782
59687: 0.999782
59688: 0.999782
59689: 0.999782
59690: 0.999782
59691: 0.999782
59692: 0.999782
59693: 0.999782
59694: 0.999782
59695: 0.999782
59696: 0.999782
59697: 0.999782
59698: 0.999782
59699: 0.999782
59700: 0.999782
59701: 0.999782
59702: 0.999782
59703: 0.999782
59704: 0.999782
59705: 0.999782
59706: 0.999782
59707: 0.999782
59708: 0.999782
59709: 0.999782
59710: 0.999782
59711: 0.999782
59712: 0.999782
59713: 0.999782
59714: 0.999782
59715: 0.999782
59716: 0.999782
59717: 0.999782
59718: 0.999782
59719: 0.999782
59720: 0.999782
59721: 0.999782
59722: 0.999782
59723: 0.999782
59724: 0.999782
59725: 0.999782
59726: 0.999782
59727: 0.999782
59728: 0.999782
59729: 0.999782
59730: 0.999782
59731: 0.999782
59732: 0.999782
59733: 0.999782
59734: 0.999782
59735: 0.999782
59736: 0.999782
59737: 0.999782
59738: 0.999782
59739: 0.999782
59740: 0.999782
59741: 0.999782
59742: 0.999782
59743: 0.999782
59744: 0.999782
59745: 0.999782
59746: 0.999782
59747: 0.999782
59748: 0.999782
59749: 0.999782
59750: 0.999782
59751: 0.999782
59752: 0.999782
59753: 0.999782
59754: 0.999782
59755: 0.999782
59756: 0.999782
59757: 0.999782
59758: 0.999782
59759: 0.999782
59760: 0.999782
59761: 0.999782
59762: 0.999782
59763: 0.999782
59764: 0.999782
59765: 0.999782
59766: 0.999782
59767: 0.999782
59768: 0.999782
59769: 0.999782
59770: 0.999783
59771: 0.999783
59772: 0.999783
59773: 0.999783
59774: 0.999783
59775: 0.999783
59776: 0.999783
59777: 0.999783
59778: 0.999783
59779: 0.999783
59780: 0.999783
59781: 0.999783
59782: 0.999783
59783: 0.999783
59784: 0.999783
59785: 0.999783
59786: 0.999783
59787: 0.999783
59788: 0.999783
59789: 0.999783
59790: 0.999783
59791: 0.999783
59792: 0.999783
59793: 0.999783
59794: 0.999783
59795: 0.999783
59796: 0.999783
59797: 0.999783
59798: 0.999783
59799: 0.999783
59800: 0.999783
59801: 0.999783
59802: 0.999783
59803: 0.999783
59804: 0.999783
59805: 0.999783
59806: 0.999783
59807: 0.999783
59808: 0.999783
59809: 0.999783
59810: 0.999783
59811: 0.999783
59812: 0.999783
59813: 0.999783
59814: 0.999783
59815: 0.999783
59816: 0.999783
59817: 0.999783
59818: 0.999783
59819: 0.999783
59820: 0.999783
59821: 0.999783
59822: 0.999783
59823: 0.999783
59824: 0.999783
59825: 0.999783
59826: 0.999783
59827: 0.999783
59828: 0.999783
59829: 0.999783
59830: 0.999783
59831: 0.999783
59832: 0.999783
59833: 0.999783
59834: 0.999783
59835: 0.999783
59836: 0.999783
59837: 0.999783
59838: 0.999783
59839: 0.999783
59840: 0.999783
59841: 0.999783
59842: 0.999783
59843: 0.999783
59844: 0.999783
59845: 0.999783
59846: 0.999783
59847: 0.999783
59848: 0.999783
59849: 0.999783
59850: 0.999783
59851: 0.999783
59852: 0.999783
59853: 0.999783
59854: 0.999783
59855: 0.999783
59856: 0.999783
59857: 0.999783
59858: 0.999783
59859: 0.999783
59860: 0.999783
59861: 0.999783
59862: 0.999783
59863: 0.999783
59864: 0.999783
59865: 0.999783
59866: 0.999783
59867: 0.999783
59868: 0.999783
59869: 0.999783
59870: 0.999783
59871: 0.999783
59872: 0.999783
59873: 0.999783
59874: 0.999783
59875: 0.999783
59876: 0.999783
59877: 0.999783
59878: 0.999783
59879: 0.999783
59880: 0.999783
59881: 0.999783
59882: 0.999783
59883: 0.999783
59884: 0.999783
59885: 0.999783
59886: 0.999783
59887: 0.999783
59888: 0.999783
59889: 0.999783
59890: 0.999783
59891: 0.999783
59892: 0.999783
59893: 0.999783
59894: 0.999783
59895: 0.999783
59896: 0.999783
59897: 0.999783
59898: 0.999783
59899: 0.999783
59900: 0.999783
59901: 0.999783
59902: 0.999783
59903: 0.999783
59904: 0.999783
59905: 0.999783
59906: 0.999783
59907: 0.999783
59908: 0.999783
59909: 0.999783
59910: 0.999783
59911: 0.999783
59912: 0.999783
59913: 0.999783
59914: 0.999783
59915: 0.999783
59916: 0.999783
59917: 0.999783
59918: 0.999783
59919: 0.999783
59920: 0.999783
59921: 0.999783
59922: 0.999783
59923: 0.999783
59924: 0.999783
59925: 0.999783
59926: 0.999783
59927: 0.999783
59928: 0.999783
59929: 0.999783
59930: 0.999783
59931: 0.999783
59932: 0.999783
59933: 0.999783
59934: 0.999783
59935: 0.999783
59936: 0.999783
59937: 0.999783
59938: 0.999783
59939: 0.999783
59940: 0.999783
59941: 0.999783
59942: 0.999783
59943: 0.999783
59944: 0.999783
59945: 0.999783
59946: 0.999783
59947: 0.999783
59948: 0.999783
59949: 0.999783
59950: 0.999783
59951: 0.999783
59952: 0.999783
59953: 0.999783
59954: 0.999783
59955: 0.999783
59956: 0.999783
59957: 0.999783
59958: 0.999783
59959: 0.999783
59960: 0.999783
59961: 0.999783
59962: 0.999783
59963: 0.999783
59964: 0.999783
59965: 0.999783
59966: 0.999783
59967: 0.999783
59968: 0.999783
59969: 0.999783
59970: 0.999783
59971: 0.999783
59972: 0.999783
59973: 0.999783
59974: 0.999783
59975: 0.999783
59976: 0.999783
59977: 0.999783
59978: 0.999783
59979: 0.999783
59980: 0.999783
59981: 0.999783
59982: 0.999783
59983: 0.999783
59984: 0.999783
59985: 0.999783
59986: 0.999783
59987: 0.999783
59988: 0.999783
59989: 0.999783
59990: 0.999783
59991: 0.999783
59992: 0.999783
59993: 0.999783
59994: 0.999783
59995: 0.999783
59996: 0.999783
59997: 0.999783
59998: 0.999783
59999: 0.999783
60000: 0.999783
60001: 0.999783
60002: 0.999783
60003: 0.999783
60004: 0.999783
60005: 0.999783
60006: 0.999783
60007: 0.999783
60008: 0.999783
60009: 0.999783
60010: 0.999783
60011: 0.999783
60012: 0.999783
60013: 0.999783
60014: 0.999783
60015: 0.999783
60016: 0.999783
60017: 0.999783
60018: 0.999783
60019: 0.999783
60020: 0.999783
60021: 0.999783
60022: 0.999783
60023: 0.999783
60024: 0.999783
60025: 0.999783
60026: 0.999783
60027: 0.999783
60028: 0.999783
60029: 0.999783
60030: 0.999783
60031: 0.999783
60032: 0.999783
60033: 0.999783
60034: 0.999783
60035: 0.999783
60036: 0.999783
60037: 0.999783
60038: 0.999783
60039: 0.999783
60040: 0.999783
60041: 0.999783
60042: 0.999783
60043: 0.999783
60044: 0.999783
60045: 0.999783
60046: 0.999784
60047: 0.999784
60048: 0.999784
60049: 0.999784
60050: 0.999784
60051: 0.999784
60052: 0.999784
60053: 0.999784
60054: 0.999784
60055: 0.999784
60056: 0.999784
60057: 0.999784
60058: 0.999784
60059: 0.999784
60060: 0.999784
60061: 0.999784
60062: 0.999784
60063: 0.999784
60064: 0.999784
60065: 0.999784
60066: 0.999784
60067: 0.999784
60068: 0.999784
60069: 0.999784
60070: 0.999784
60071: 0.999784
60072: 0.999784
60073: 0.999784
60074: 0.999784
60075: 0.999784
60076: 0.999784
60077: 0.999784
60078: 0.999784
60079: 0.999784
60080: 0.999784
60081: 0.999784
60082: 0.999784
60083: 0.999784
60084: 0.999784
60085: 0.999784
60086: 0.999784
60087: 0.999784
60088: 0.999784
60089: 0.999784
60090: 0.999784
60091: 0.999784
60092: 0.999784
60093: 0.999784
60094: 0.999784
60095: 0.999784
60096: 0.999784
60097: 0.999784
60098: 0.999784
60099: 0.999784
60100: 0.999784
60101: 0.999784
60102: 0.999784
60103: 0.999784
60104: 0.999784
60105: 0.999784
60106: 0.999784
60107: 0.999784
60108: 0.999784
60109: 0.999784
60110: 0.999784
60111: 0.999784
60112: 0.999784
60113: 0.999784
60114: 0.999784
60115: 0.999784
60116: 0.999784
60117: 0.999784
60118: 0.999784
60119: 0.999784
60120: 0.999784
60121: 0.999784
60122: 0.999784
60123: 0.999784
60124: 0.999784
60125: 0.999784
60126: 0.999784
60127: 0.999784
60128: 0.999784
60129: 0.999784
60130: 0.999784
60131: 0.999784
60132: 0.999784
60133: 0.999784
60134: 0.999784
60135: 0.999784
60136: 0.999784
60137: 0.999784
60138: 0.999784
60139: 0.999784
60140: 0.999784
60141: 0.999784
60142: 0.999784
60143: 0.999784
60144: 0.999784
60145: 0.999784
60146: 0.999784
60147: 0.999784
60148: 0.999784
60149: 0.999784
60150: 0.999784
60151: 0.999784
60152: 0.999784
60153: 0.999784
60154: 0.999784
60155: 0.999784
60156: 0.999784
60157: 0.999784
60158: 0.999784
60159: 0.999784
60160: 0.999784
60161: 0.999784
60162: 0.999784
60163: 0.999784
60164: 0.999784
60165: 0.999784
60166: 0.999784
60167: 0.999784
60168: 0.999784
60169: 0.999784
60170: 0.999784
60171: 0.999784
60172: 0.999784
60173: 0.999784
60174: 0.999784
60175: 0.999784
60176: 0.999784
60177: 0.999784
60178: 0.999784
60179: 0.999784
60180: 0.999784
60181: 0.999784
60182: 0.999784
60183: 0.999784
60184: 0.999784
60185: 0.999784
60186: 0.999784
60187: 0.999784
60188: 0.999784
60189: 0.999784
60190: 0.999784
60191: 0.999784
60192: 0.999784
60193: 0.999784
60194: 0.999784
60195: 0.999784
60196: 0.999784
60197: 0.999784
60198: 0.999784
60199: 0.999784
60200: 0.999784
60201: 0.999784
60202: 0.999784
60203: 0.999784
60204: 0.999784
60205: 0.999784
60206: 0.999784
60207: 0.999784
60208: 0.999784
60209: 0.999784
60210: 0.999784
60211: 0.999784
60212: 0.999784
60213: 0.999784
60214: 0.999784
60215: 0.999784
60216: 0.999784
60217: 0.999784
60218: 0.999784
60219: 0.999784
60220: 0.999784
60221: 0.999784
60222: 0.999784
60223: 0.999784
60224: 0.999784
60225: 0.999784
60226: 0.999784
60227: 0.999784
60228: 0.999784
60229: 0.999784
60230: 0.999784
60231: 0.999784
60232: 0.999784
60233: 0.999784
60234: 0.999784
60235: 0.999784
60236: 0.999784
60237: 0.999784
60238: 0.999784
60239: 0.999784
60240: 0.999784
60241: 0.999784
60242: 0.999784
60243: 0.999784
60244: 0.999784
60245: 0.999784
60246: 0.999784
60247: 0.999784
60248: 0.999784
60249: 0.999784
60250: 0.999784
60251: 0.999784
60252: 0.999784
60253: 0.999784
60254: 0.999784
60255: 0.999784
60256: 0.999784
60257: 0.999784
60258: 0.999784
60259: 0.999784
60260: 0.999784
60261: 0.999784
60262: 0.999784
60263: 0.999784
60264: 0.999784
60265: 0.999784
60266: 0.999784
60267: 0.999784
60268: 0.999784
60269: 0.999784
60270: 0.999784
60271: 0.999784
60272: 0.999784
60273: 0.999784
60274: 0.999784
60275: 0.999784
60276: 0.999784
60277: 0.999784
60278: 0.999784
60279: 0.999784
60280: 0.999784
60281: 0.999784
60282: 0.999784
60283: 0.999784
60284: 0.999784
60285: 0.999784
60286: 0.999784
60287: 0.999784
60288: 0.999784
60289: 0.999784
60290: 0.999784
60291: 0.999784
60292: 0.999784
60293: 0.999784
60294: 0.999784
60295: 0.999784
60296: 0.999784
60297: 0.999784
60298: 0.999784
60299: 0.999784
60300: 0.999784
60301: 0.999784
60302: 0.999784
60303: 0.999784
60304: 0.999784
60305: 0.999784
60306: 0.999784
60307: 0.999784
60308: 0.999784
60309: 0.999784
60310: 0.999784
60311: 0.999784
60312: 0.999784
60313: 0.999784
60314: 0.999784
60315: 0.999784
60316: 0.999784
60317: 0.999784
60318: 0.999784
60319: 0.999784
60320: 0.999784
60321: 0.999784
60322: 0.999784
60323: 0.999784
60324: 0.999785
60325: 0.999785
60326: 0.999785
60327: 0.999785
60328: 0.999785
60329: 0.999785
60330: 0.999785
60331: 0.999785
60332: 0.999785
60333: 0.999785
60334: 0.999785
60335: 0.999785
60336: 0.999785
60337: 0.999785
60338: 0.999785
60339: 0.999785
60340: 0.999785
60341: 0.999785
60342: 0.999785
60343: 0.999785
60344: 0.999785
60345: 0.999785
60346: 0.999785
60347: 0.999785
60348: 0.999785
60349: 0.999785
60350: 0.999785
60351: 0.999785
60352: 0.999785
60353: 0.999785
60354: 0.999785
60355: 0.999785
60356: 0.999785
60357: 0.999785
60358: 0.999785
60359: 0.999785
60360: 0.999785
60361: 0.999785
60362: 0.999785
60363: 0.999785
60364: 0.999785
60365: 0.999785
60366: 0.999785
60367: 0.999785
60368: 0.999785
60369: 0.999785
60370: 0.999785
60371: 0.999785
60372: 0.999785
60373: 0.999785
60374: 0.999785
60375: 0.999785
60376: 0.999785
60377: 0.999785
60378: 0.999785
60379: 0.999785
60380: 0.999785
60381: 0.999785
60382: 0.999785
60383: 0.999785
60384: 0.999785
60385: 0.999785
60386: 0.999785
60387: 0.999785
60388: 0.999785
60389: 0.999785
60390: 0.999785
60391: 0.999785
60392: 0.999785
60393: 0.999785
60394: 0.999785
60395: 0.999785
60396: 0.999785
60397: 0.999785
60398: 0.999785
60399: 0.999785
60400: 0.999785
60401: 0.999785
60402: 0.999785
60403: 0.999785
60404: 0.999785
60405: 0.999785
60406: 0.999785
60407: 0.999785
60408: 0.999785
60409: 0.999785
60410: 0.999785
60411: 0.999785
60412: 0.999785
60413: 0.999785
60414: 0.999785
60415: 0.999785
60416: 0.999785
60417: 0.999785
60418: 0.999785
60419: 0.999785
60420: 0.999785
60421: 0.999785
60422: 0.999785
60423: 0.999785
60424: 0.999785
60425: 0.999785
60426: 0.999785
60427: 0.999785
60428: 0.999785
60429: 0.999785
60430: 0.999785
60431: 0.999785
60432: 0.999785
60433: 0.999785
60434: 0.999785
60435: 0.999785
60436: 0.999785
60437: 0.999785
60438: 0.999785
60439: 0.999785
60440: 0.999785
60441: 0.999785
60442: 0.999785
60443: 0.999785
60444: 0.999785
60445: 0.999785
60446: 0.999785
60447: 0.999785
60448: 0.999785
60449: 0.999785
60450: 0.999785
60451: 0.999785
60452: 0.999785
60453: 0.999785
60454: 0.999785
60455: 0.999785
60456: 0.999785
60457: 0.999785
60458: 0.999785
60459: 0.999785
60460: 0.999785
60461: 0.999785
60462: 0.999785
60463: 0.999785
60464: 0.999785
60465: 0.999785
60466: 0.999785
60467: 0.999785
60468: 0.999785
60469: 0.999785
60470: 0.999785
60471: 0.999785
60472: 0.999785
60473: 0.999785
60474: 0.999785
60475: 0.999785
60476: 0.999785
60477: 0.999785
60478: 0.999785
60479: 0.999785
60480: 0.999785
60481: 0.999785
60482: 0.999785
60483: 0.999785
60484: 0.999785
60485: 0.999785
60486: 0.999785
60487: 0.999785
60488: 0.999785
60489: 0.999785
60490: 0.999785
60491: 0.999785
60492: 0.999785
60493: 0.999785
60494: 0.999785
60495: 0.999785
60496: 0.999785
60497: 0.999785
60498: 0.999785
60499: 0.999785
60500: 0.999785
60501: 0.999785
60502: 0.999785
60503: 0.999785
60504: 0.999785
60505: 0.999785
60506: 0.999785
60507: 0.999785
60508: 0.999785
60509: 0.999785
60510: 0.999785
60511: 0.999785
60512: 0.999785
60513: 0.999785
60514: 0.999785
60515: 0.999785
60516: 0.999785
60517: 0.999785
60518: 0.999785
60519: 0.999785
60520: 0.999785
60521: 0.999785
60522: 0.999785
60523: 0.999785
60524: 0.999785
60525: 0.999785
60526: 0.999785
60527: 0.999785
60528: 0.999785
60529: 0.999785
60530: 0.999785
60531: 0.999785
60532: 0.999785
60533: 0.999785
60534: 0.999785
60535: 0.999785
60536: 0.999785
60537: 0.999785
60538: 0.999785
60539: 0.999785
60540: 0.999785
60541: 0.999785
60542: 0.999785
60543: 0.999785
60544: 0.999785
60545: 0.999785
60546: 0.999785
60547: 0.999785
60548: 0.999785
60549: 0.999785
60550: 0.999785
60551: 0.999785
60552: 0.999785
60553: 0.999785
60554: 0.999785
60555: 0.999785
60556: 0.999785
60557: 0.999785
60558: 0.999785
60559: 0.999785
60560: 0.999785
60561: 0.999785
60562: 0.999785
60563: 0.999785
60564: 0.999785
60565: 0.999785
60566: 0.999785
60567: 0.999785
60568: 0.999785
60569: 0.999785
60570: 0.999785
60571: 0.999785
60572: 0.999785
60573: 0.999785
60574: 0.999785
60575: 0.999785
60576: 0.999785
60577: 0.999785
60578: 0.999785
60579: 0.999785
60580: 0.999785
60581: 0.999785
60582: 0.999785
60583: 0.999785
60584: 0.999785
60585: 0.999785
60586: 0.999785
60587: 0.999785
60588: 0.999785
60589: 0.999785
60590: 0.999785
60591: 0.999785
60592: 0.999785
60593: 0.999785
60594: 0.999785
60595: 0.999785
60596: 0.999785
60597: 0.999785
60598: 0.999785
60599: 0.999785
60600: 0.999785
60601: 0.999785
60602: 0.999785
60603: 0.999785
60604: 0.999785
60605: 0.999785
60606: 0.999786
60607: 0.999786
60608: 0.999786
60609: 0.999786
60610: 0.999786
60611: 0.999786
60612: 0.999786
60613: 0.999786
60614: 0.999786
60615: 0.999786
60616: 0.999786
60617: 0.999786
60618: 0.999786
60619: 0.999786
60620: 0.999786
60621: 0.999786
60622: 0.999786
60623: 0.999786
60624: 0.999786
60625: 0.999786
60626: 0.999786
60627: 0.999786
60628: 0.999786
60629: 0.999786
60630: 0.999786
60631: 0.999786
60632: 0.999786
60633: 0.999786
60634: 0.999786
60635: 0.999786
60636: 0.999786
60637: 0.999786
60638: 0.999786
60639: 0.999786
60640: 0.999786
60641: 0.999786
60642: 0.999786
60643: 0.999786
60644: 0.999786
60645: 0.999786
60646: 0.999786
60647: 0.999786
60648: 0.999786
60649: 0.999786
60650: 0.999786
60651: 0.999786
60652: 0.999786
60653: 0.999786
60654: 0.999786
60655: 0.999786
60656: 0.999786
60657: 0.999786
60658: 0.999786
60659: 0.999786
60660: 0.999786
60661: 0.999786
60662: 0.999786
60663: 0.999786
60664: 0.999786
60665: 0.999786
60666: 0.999786
60667: 0.999786
60668: 0.999786
60669: 0.999786
60670: 0.999786
60671: 0.999786
60672: 0.999786
60673: 0.999786
60674: 0.999786
60675: 0.999786
60676: 0.999786
60677: 0.999786
60678: 0.999786
60679: 0.999786
60680: 0.999786
60681: 0.999786
60682: 0.999786
60683: 0.999786
60684: 0.999786
60685: 0.999786
60686: 0.999786
60687: 0.999786
60688: 0.999786
60689: 0.999786
60690: 0.999786
60691: 0.999786
60692: 0.999786
60693: 0.999786
60694: 0.999786
60695: 0.999786
60696: 0.999786
60697: 0.999786
60698: 0.999786
60699: 0.999786
60700: 0.999786
60701: 0.999786
60702: 0.999786
60703: 0.999786
60704: 0.999786
60705: 0.999786
60706: 0.999786
60707: 0.999786
60708: 0.999786
60709: 0.999786
60710: 0.999786
60711: 0.999786
60712: 0.999786
60713: 0.999786
60714: 0.999786
60715: 0.999786
60716: 0.999786
60717: 0.999786
60718: 0.999786
60719: 0.999786
60720: 0.999786
60721: 0.999786
60722: 0.999786
60723: 0.999786
60724: 0.999786
60725: 0.999786
60726: 0.999786
60727: 0.999786
60728: 0.999786
60729: 0.999786
60730: 0.999786
60731: 0.999786
60732: 0.999786
60733: 0.999786
60734: 0.999786
60735: 0.999786
60736: 0.999786
60737: 0.999786
60738: 0.999786
60739: 0.999786
60740: 0.999786
60741: 0.999786
60742: 0.999786
60743: 0.999786
60744: 0.999786
60745: 0.999786
60746: 0.999786
60747: 0.999786
60748: 0.999786
60749: 0.999786
60750: 0.999786
60751: 0.999786
60752: 0.999786
60753: 0.999786
60754: 0.999786
60755: 0.999786
60756: 0.999786
60757: 0.999786
60758: 0.999786
60759: 0.999786
60760: 0.999786
60761: 0.999786
60762: 0.999786
60763: 0.999786
60764: 0.999786
60765: 0.999786
60766: 0.999786
60767: 0.999786
60768: 0.999786
60769: 0.999786
60770: 0.999786
60771: 0.999786
60772: 0.999786
60773: 0.999786
60774: 0.999786
60775: 0.999786
60776: 0.999786
60777: 0.999786
60778: 0.999786
60779: 0.999786
60780: 0.999786
60781: 0.999786
60782: 0.999786
60783: 0.999786
60784: 0.999786
60785: 0.999786
60786: 0.999786
60787: 0.999786
60788: 0.999786
60789: 0.999786
60790: 0.999786
60791: 0.999786
60792: 0.999786
60793: 0.999786
60794: 0.999786
60795: 0.999786
60796: 0.999786
60797: 0.999786
60798: 0.999786
60799: 0.999786
60800: 0.999786
60801: 0.999786
60802: 0.999786
60803: 0.999786
60804: 0.999786
60805: 0.999786
60806: 0.999786
60807: 0.999786
60808: 0.999786
60809: 0.999786
60810: 0.999786
60811: 0.999786
60812: 0.999786
60813: 0.999786
60814: 0.999786
60815: 0.999786
60816: 0.999786
60817: 0.999786
60818: 0.999786
60819: 0.999786
60820: 0.999786
60821: 0.999786
60822: 0.999786
60823: 0.999786
60824: 0.999786
60825: 0.999786
60826: 0.999786
60827: 0.999786
60828: 0.999786
60829: 0.999786
60830: 0.999786
60831: 0.999786
60832: 0.999786
60833: 0.999786
60834: 0.999786
60835: 0.999786
60836: 0.999786
60837: 0.999786
60838: 0.999786
60839: 0.999786
60840: 0.999786
60841: 0.999786
60842: 0.999786
60843: 0.999786
60844: 0.999786
60845: 0.999786
60846: 0.999786
60847: 0.999786
60848: 0.999786
60849: 0.999786
60850: 0.999786
60851: 0.999786
60852: 0.999786
60853: 0.999786
60854: 0.999786
60855: 0.999786
60856: 0.999786
60857: 0.999786
60858: 0.999786
60859: 0.999786
60860: 0.999786
60861: 0.999786
60862: 0.999786
60863: 0.999786
60864: 0.999786
60865: 0.999786
60866: 0.999786
60867: 0.999786
60868: 0.999786
60869: 0.999786
60870: 0.999786
60871: 0.999786
60872: 0.999786
60873: 0.999786
60874: 0.999786
60875: 0.999786
60876: 0.999786
60877: 0.999786
60878: 0.999786
60879: 0.999786
60880: 0.999786
60881: 0.999786
60882: 0.999786
60883: 0.999786
60884: 0.999786
60885: 0.999786
60886: 0.999786
60887: 0.999786
60888: 0.999786
60889: 0.999787
60890: 0.999787
60891: 0.999787
60892: 0.999787
60893: 0.999787
60894: 0.999787
60895: 0.999787
60896: 0.999787
60897: 0.999787
60898: 0.999787
60899: 0.999787
60900: 0.999787
60901: 0.999787
60902: 0.999787
60903: 0.999787
60904: 0.999787
60905: 0.999787
60906: 0.999787
60907: 0.999787
60908: 0.999787
60909: 0.999787
60910: 0.999787
60911: 0.999787
60912: 0.999787
60913: 0.999787
60914: 0.999787
60915: 0.999787
60916: 0.999787
60917: 0.999787
60918: 0.999787
60919: 0.999787
60920: 0.999787
60921: 0.999787
60922: 0.999787
60923: 0.999787
60924: 0.999787
60925: 0.999787
60926: 0.999787
60927: 0.999787
60928: 0.999787
60929: 0.999787
60930: 0.999787
60931: 0.999787
60932: 0.999787
60933: 0.999787
60934: 0.999787
60935: 0.999787
60936: 0.999787
60937: 0.999787
60938: 0.999787
60939: 0.999787
60940: 0.999787
60941: 0.999787
60942: 0.999787
60943: 0.999787
60944: 0.999787
60945: 0.999787
60946: 0.999787
60947: 0.999787
60948: 0.999787
60949: 0.999787
60950: 0.999787
60951: 0.999787
60952: 0.999787
60953: 0.999787
60954: 0.999787
60955: 0.999787
60956: 0.999787
60957: 0.999787
60958: 0.999787
60959: 0.999787
60960: 0.999787
60961: 0.999787
60962: 0.999787
60963: 0.999787
60964: 0.999787
60965: 0.999787
60966: 0.999787
60967: 0.999787
60968: 0.999787
60969: 0.999787
60970: 0.999787
60971: 0.999787
60972: 0.999787
60973: 0.999787
60974: 0.999787
60975: 0.999787
60976: 0.999787
60977: 0.999787
60978: 0.999787
60979: 0.999787
60980: 0.999787
60981: 0.999787
60982: 0.999787
60983: 0.999787
60984: 0.999787
60985: 0.999787
60986: 0.999787
60987: 0.999787
60988: 0.999787
60989: 0.999787
60990: 0.999787
60991: 0.999787
60992: 0.999787
60993: 0.999787
60994: 0.999787
60995: 0.999787
60996: 0.999787
60997: 0.999787
60998: 0.999787
60999: 0.999787
61000: 0.999787
61001: 0.999787
61002: 0.999787
61003: 0.999787
61004: 0.999787
61005: 0.999787
61006: 0.999787
61007: 0.999787
61008: 0.999787
61009: 0.999787
61010: 0.999787
61011: 0.999787
61012: 0.999787
61013: 0.999787
61014: 0.999787
61015: 0.999787
61016: 0.999787
61017: 0.999787
61018: 0.999787
61019: 0.999787
61020: 0.999787
61021: 0.999787
61022: 0.999787
61023: 0.999787
61024: 0.999787
61025: 0.999787
61026: 0.999787
61027: 0.999787
61028: 0.999787
61029: 0.999787
61030: 0.999787
61031: 0.999787
61032: 0.999787
61033: 0.999787
61034: 0.999787
61035: 0.999787
61036: 0.999787
61037: 0.999787
61038: 0.999787
61039: 0.999787
61040: 0.999787
61041: 0.999787
61042: 0.999787
61043: 0.999787
61044: 0.999787
61045: 0.999787
61046: 0.999787
61047: 0.999787
61048: 0.999787
61049: 0.999787
61050: 0.999787
61051: 0.999787
61052: 0.999787
61053: 0.999787
61054: 0.999787
61055: 0.999787
61056: 0.999787
61057: 0.999787
61058: 0.999787
61059: 0.999787
61060: 0.999787
61061: 0.999787
61062: 0.999787
61063: 0.999787
61064: 0.999787
61065: 0.999787
61066: 0.999787
61067: 0.999787
61068: 0.999787
61069: 0.999787
61070: 0.999787
61071: 0.999787
61072: 0.999787
61073: 0.999787
61074: 0.999787
61075: 0.999787
61076: 0.999787
61077: 0.999787
61078: 0.999787
61079: 0.999787
61080: 0.999787
61081: 0.999787
61082: 0.999787
61083: 0.999787
61084: 0.999787
61085: 0.999787
61086: 0.999787
61087: 0.999787
61088: 0.999787
61089: 0.999787
61090: 0.999787
61091: 0.999787
61092: 0.999787
61093: 0.999787
61094: 0.999787
61095: 0.999787
61096: 0.999787
61097: 0.999787
61098: 0.999787
61099: 0.999787
61100: 0.999787
61101: 0.999787
61102: 0.999787
61103: 0.999787
61104: 0.999787
61105: 0.999787
61106: 0.999787
61107: 0.999787
61108: 0.999787
61109: 0.999787
61110: 0.999787
61111: 0.999787
61112: 0.999787
61113: 0.999787
61114: 0.999787
61115: 0.999787
61116: 0.999787
61117: 0.999787
61118: 0.999787
61119: 0.999787
61120: 0.999787
61121: 0.999787
61122: 0.999787
61123: 0.999787
61124: 0.999787
61125: 0.999787
61126: 0.999787
61127: 0.999787
61128: 0.999787
61129: 0.999787
61130: 0.999787
61131: 0.999787
61132: 0.999787
61133: 0.999787
61134: 0.999787
61135: 0.999787
61136: 0.999787
61137: 0.999787
61138: 0.999787
61139: 0.999787
61140: 0.999787
61141: 0.999787
61142: 0.999787
61143: 0.999787
61144: 0.999787
61145: 0.999787
61146: 0.999787
61147: 0.999787
61148: 0.999787
61149: 0.999787
61150: 0.999787
61151: 0.999787
61152: 0.999787
61153: 0.999787
61154: 0.999787
61155: 0.999787
61156: 0.999787
61157: 0.999787
61158: 0.999787
61159: 0.999787
61160: 0.999787
61161: 0.999787
61162: 0.999787
61163: 0.999787
61164: 0.999787
61165: 0.999787
61166: 0.999787
61167: 0.999787
61168: 0.999787
61169: 0.999787
61170: 0.999787
61171: 0.999787
61172: 0.999787
61173: 0.999787
61174: 0.999787
61175: 0.999787
61176: 0.999788
61177: 0.999788
61178: 0.999788
61179: 0.999788
61180: 0.999788
61181: 0.999788
61182: 0.999788
61183: 0.999788
61184: 0.999788
61185: 0.999788
61186: 0.999788
61187: 0.999788
61188: 0.999788
61189: 0.999788
61190: 0.999788
61191: 0.999788
61192: 0.999788
61193: 0.999788
61194: 0.999788
61195: 0.999788
61196: 0.999788
61197: 0.999788
61198: 0.999788
61199: 0.999788
61200: 0.999788
61201: 0.999788
61202: 0.999788
61203: 0.999788
61204: 0.999788
61205: 0.999788
61206: 0.999788
61207: 0.999788
61208: 0.999788
61209: 0.999788
61210: 0.999788
61211: 0.999788
61212: 0.999788
61213: 0.999788
61214: 0.999788
61215: 0.999788
61216: 0.999788
61217: 0.999788
61218: 0.999788
61219: 0.999788
61220: 0.999788
61221: 0.999788
61222: 0.999788
61223: 0.999788
61224: 0.999788
61225: 0.999788
61226: 0.999788
61227: 0.999788
61228: 0.999788
61229: 0.999788
61230: 0.999788
61231: 0.999788
61232: 0.999788
61233: 0.999788
61234: 0.999788
61235: 0.999788
61236: 0.999788
61237: 0.999788
61238: 0.999788
61239: 0.999788
61240: 0.999788
61241: 0.999788
61242: 0.999788
61243: 0.999788
61244: 0.999788
61245: 0.999788
61246: 0.999788
61247: 0.999788
61248: 0.999788
61249: 0.999788
61250: 0.999788
61251: 0.999788
61252: 0.999788
61253: 0.999788
61254: 0.999788
61255: 0.999788
61256: 0.999788
61257: 0.999788
61258: 0.999788
61259: 0.999788
61260: 0.999788
61261: 0.999788
61262: 0.999788
61263: 0.999788
61264: 0.999788
61265: 0.999788
61266: 0.999788
61267: 0.999788
61268: 0.999788
61269: 0.999788
61270: 0.999788
61271: 0.999788
61272: 0.999788
61273: 0.999788
61274: 0.999788
61275: 0.999788
61276: 0.999788
61277: 0.999788
61278: 0.999788
61279: 0.999788
61280: 0.999788
61281: 0.999788
61282: 0.999788
61283: 0.999788
61284: 0.999788
61285: 0.999788
61286: 0.999788
61287: 0.999788
61288: 0.999788
61289: 0.999788
61290: 0.999788
61291: 0.999788
61292: 0.999788
61293: 0.999788
61294: 0.999788
61295: 0.999788
61296: 0.999788
61297: 0.999788
61298: 0.999788
61299: 0.999788
61300: 0.999788
61301: 0.999788
61302: 0.999788
61303: 0.999788
61304: 0.999788
61305: 0.999788
61306: 0.999788
61307: 0.999788
61308: 0.999788
61309: 0.999788
61310: 0.999788
61311: 0.999788
61312: 0.999788
61313: 0.999788
61314: 0.999788
61315: 0.999788
61316: 0.999788
61317: 0.999788
61318: 0.999788
61319: 0.999788
61320: 0.999788
61321: 0.999788
61322: 0.999788
61323: 0.999788
61324: 0.999788
61325: 0.999788
61326: 0.999788
61327: 0.999788
61328: 0.999788
61329: 0.999788
61330: 0.999788
61331: 0.999788
61332: 0.999788
61333: 0.999788
61334: 0.999788
61335: 0.999788
61336: 0.999788
61337: 0.999788
61338: 0.999788
61339: 0.999788
61340: 0.999788
61341: 0.999788
61342: 0.999788
61343: 0.999788
61344: 0.999788
61345: 0.999788
61346: 0.999788
61347: 0.999788
61348: 0.999788
61349: 0.999788
61350: 0.999788
61351: 0.999788
61352: 0.999788
61353: 0.999788
61354: 0.999788
61355: 0.999788
61356: 0.999788
61357: 0.999788
61358: 0.999788
61359: 0.999788
61360: 0.999788
61361: 0.999788
61362: 0.999788
61363: 0.999788
61364: 0.999788
61365: 0.999788
61366: 0.999788
61367: 0.999788
61368: 0.999788
61369: 0.999788
61370: 0.999788
61371: 0.999788
61372: 0.999788
61373: 0.999788
61374: 0.999788
61375: 0.999788
61376: 0.999788
61377: 0.999788
61378: 0.999788
61379: 0.999788
61380: 0.999788
61381: 0.999788
61382: 0.999788
61383: 0.999788
61384: 0.999788
61385: 0.999788
61386: 0.999788
61387: 0.999788
61388: 0.999788
61389: 0.999788
61390: 0.999788
61391: 0.999788
61392: 0.999788
61393: 0.999788
61394: 0.999788
61395: 0.999788
61396: 0.999788
61397: 0.999788
61398: 0.999788
61399: 0.999788
61400: 0.999788
61401: 0.999788
61402: 0.999788
61403: 0.999788
61404: 0.999788
61405: 0.999788
61406: 0.999788
61407: 0.999788
61408: 0.999788
61409: 0.999788
61410: 0.999788
61411: 0.999788
61412: 0.999788
61413: 0.999788
61414: 0.999788
61415: 0.999788
61416: 0.999788
61417: 0.999788
61418: 0.999788
61419: 0.999788
61420: 0.999788
61421: 0.999788
61422: 0.999788
61423: 0.999788
61424: 0.999788
61425: 0.999788
61426: 0.999788
61427: 0.999788
61428: 0.999788
61429: 0.999788
61430: 0.999788
61431: 0.999788
61432: 0.999788
61433: 0.999788
61434: 0.999788
61435: 0.999788
61436: 0.999788
61437: 0.999788
61438: 0.999788
61439: 0.999788
61440: 0.999788
61441: 0.999788
61442: 0.999788
61443: 0.999788
61444: 0.999788
61445: 0.999788
61446: 0.999788
61447: 0.999788
61448: 0.999788
61449: 0.999788
61450: 0.999788
61451: 0.999788
61452: 0.999788
61453: 0.999788
61454: 0.999788
61455: 0.999788
61456: 0.999788
61457: 0.999788
61458: 0.999788
61459: 0.999788
61460: 0.999788
61461: 0.999788
61462: 0.999788
61463: 0.999788
61464: 0.999788
61465: 0.999789
61466: 0.999789
61467: 0.999789
61468: 0.999789
61469: 0.999789
61470: 0.999789
61471: 0.999789
61472: 0.999789
61473: 0.999789
61474: 0.999789
61475: 0.999789
61476: 0.999789
61477: 0.999789
61478: 0.999789
61479: 0.999789
61480: 0.999789
61481: 0.999789
61482: 0.999789
61483: 0.999789
61484: 0.999789
61485: 0.999789
61486: 0.999789
61487: 0.999789
61488: 0.999789
61489: 0.999789
61490: 0.999789
61491: 0.999789
61492: 0.999789
61493: 0.999789
61494: 0.999789
61495: 0.999789
61496: 0.999789
61497: 0.999789
61498: 0.999789
61499: 0.999789
61500: 0.999789
61501: 0.999789
61502: 0.999789
61503: 0.999789
61504: 0.999789
61505: 0.999789
61506: 0.999789
61507: 0.999789
61508: 0.999789
61509: 0.999789
61510: 0.999789
61511: 0.999789
61512: 0.999789
61513: 0.999789
61514: 0.999789
61515: 0.999789
61516: 0.999789
61517: 0.999789
61518: 0.999789
61519: 0.999789
61520: 0.999789
61521: 0.999789
61522: 0.999789
61523: 0.999789
61524: 0.999789
61525: 0.999789
61526: 0.999789
61527: 0.999789
61528: 0.999789
61529: 0.999789
61530: 0.999789
61531: 0.999789
61532: 0.999789
61533: 0.999789
61534: 0.999789
61535: 0.999789
61536: 0.999789
61537: 0.999789
61538: 0.999789
61539: 0.999789
61540: 0.999789
61541: 0.999789
61542: 0.999789
61543: 0.999789
61544: 0.999789
61545: 0.999789
61546: 0.999789
61547: 0.999789
61548: 0.999789
61549: 0.999789
61550: 0.999789
61551: 0.999789
61552: 0.999789
61553: 0.999789
61554: 0.999789
61555: 0.999789
61556: 0.999789
61557: 0.999789
61558: 0.999789
61559: 0.999789
61560: 0.999789
61561: 0.999789
61562: 0.999789
61563: 0.999789
61564: 0.999789
61565: 0.999789
61566: 0.999789
61567: 0.999789
61568: 0.999789
61569: 0.999789
61570: 0.999789
61571: 0.999789
61572: 0.999789
61573: 0.999789
61574: 0.999789
61575: 0.999789
61576: 0.999789
61577: 0.999789
61578: 0.999789
61579: 0.999789
61580: 0.999789
61581: 0.999789
61582: 0.999789
61583: 0.999789
61584: 0.999789
61585: 0.999789
61586: 0.999789
61587: 0.999789
61588: 0.999789
61589: 0.999789
61590: 0.999789
61591: 0.999789
61592: 0.999789
61593: 0.999789
61594: 0.999789
61595: 0.999789
61596: 0.999789
61597: 0.999789
61598: 0.999789
61599: 0.999789
61600: 0.999789
61601: 0.999789
61602: 0.999789
61603: 0.999789
61604: 0.999789
61605: 0.999789
61606: 0.999789
61607: 0.999789
61608: 0.999789
61609: 0.999789
61610: 0.999789
61611: 0.999789
61612: 0.999789
61613: 0.999789
61614: 0.999789
61615: 0.999789
61616: 0.999789
61617: 0.999789
61618: 0.999789
61619: 0.999789
61620: 0.999789
61621: 0.999789
61622: 0.999789
61623: 0.999789
61624: 0.999789
61625: 0.999789
61626: 0.999789
61627: 0.999789
61628: 0.999789
61629: 0.999789
61630: 0.999789
61631: 0.999789
61632: 0.999789
61633: 0.999789
61634: 0.999789
61635: 0.999789
61636: 0.999789
61637: 0.999789
61638: 0.999789
61639: 0.999789
61640: 0.999789
61641: 0.999789
61642: 0.999789
61643: 0.999789
61644: 0.999789
61645: 0.999789
61646: 0.999789
61647: 0.999789
61648: 0.999789
61649: 0.999789
61650: 0.999789
61651: 0.999789
61652: 0.999789
61653: 0.999789
61654: 0.999789
61655: 0.999789
61656: 0.999789
61657: 0.999789
61658: 0.999789
61659: 0.999789
61660: 0.999789
61661: 0.999789
61662: 0.999789
61663: 0.999789
61664: 0.999789
61665: 0.999789
61666: 0.999789
61667: 0.999789
61668: 0.999789
61669: 0.999789
61670: 0.999789
61671: 0.999789
61672: 0.999789
61673: 0.999789
61674: 0.999789
61675: 0.999789
61676: 0.999789
61677: 0.999789
61678: 0.999789
61679: 0.999789
61680: 0.999789
61681: 0.999789
61682: 0.999789
61683: 0.999789
61684: 0.999789
61685: 0.999789
61686: 0.999789
61687: 0.999789
61688: 0.999789
61689: 0.999789
61690: 0.999789
61691: 0.999789
61692: 0.999789
61693: 0.999789
61694: 0.999789
61695: 0.999789
61696: 0.999789
61697: 0.999789
61698: 0.999789
61699: 0.999789
61700: 0.999789
61701: 0.999789
61702: 0.999789
61703: 0.999789
61704: 0.999789
61705: 0.999789
61706: 0.999789
61707: 0.999789
61708: 0.999789
61709: 0.999789
61710: 0.999789
61711: 0.999789
61712: 0.999789
61713: 0.999789
61714: 0.999789
61715: 0.999789
61716: 0.999789
61717: 0.999789
61718: 0.999789
61719: 0.999789
61720: 0.999789
61721: 0.999789
61722: 0.999789
61723: 0.999789
61724: 0.999789
61725: 0.999789
61726: 0.999789
61727: 0.999789
61728: 0.999789
61729: 0.999789
61730: 0.999789
61731: 0.999789
61732: 0.999789
61733: 0.999789
61734: 0.999789
61735: 0.999789
61736: 0.999789
61737: 0.999789
61738: 0.999789
61739: 0.999789
61740: 0.999789
61741: 0.999789
61742: 0.999789
61743: 0.999789
61744: 0.999789
61745: 0.999789
61746: 0.999789
61747: 0.999789
61748: 0.999789
61749: 0.999789
61750: 0.999789
61751: 0.999789
61752: 0.999789
61753: 0.999789
61754: 0.999789
61755: 0.999789
61756: 0.999789
61757: 0.99979
61758: 0.99979
61759: 0.99979
61760: 0.99979
61761: 0.99979
61762: 0.99979
61763: 0.99979
61764: 0.99979
61765: 0.99979
61766: 0.99979
61767: 0.99979
61768: 0.99979
61769: 0.99979
61770: 0.99979
61771: 0.99979
61772: 0.99979
61773: 0.99979
61774: 0.99979
61775: 0.99979
61776: 0.99979
61777: 0.99979
61778: 0.99979
61779: 0.99979
61780: 0.99979
61781: 0.99979
61782: 0.99979
61783: 0.99979
61784: 0.99979
61785: 0.99979
61786: 0.99979
61787: 0.99979
61788: 0.99979
61789: 0.99979
61790: 0.99979
61791: 0.99979
61792: 0.99979
61793: 0.99979
61794: 0.99979
61795: 0.99979
61796: 0.99979
61797: 0.99979
61798: 0.99979
61799: 0.99979
61800: 0.99979
61801: 0.99979
61802: 0.99979
61803: 0.99979
61804: 0.99979
61805: 0.99979
61806: 0.99979
61807: 0.99979
61808: 0.99979
61809: 0.99979
61810: 0.99979
61811: 0.99979
61812: 0.99979
61813: 0.99979
61814: 0.99979
61815: 0.99979
61816: 0.99979
61817: 0.99979
61818: 0.99979
61819: 0.99979
61820: 0.99979
61821: 0.99979
61822: 0.99979
61823: 0.99979
61824: 0.99979
61825: 0.99979
61826: 0.99979
61827: 0.99979
61828: 0.99979
61829: 0.99979
61830: 0.99979
61831: 0.99979
61832: 0.99979
61833: 0.99979
61834: 0.99979
61835: 0.99979
61836: 0.99979
61837: 0.99979
61838: 0.99979
61839: 0.99979
61840: 0.99979
61841: 0.99979
61842: 0.99979
61843: 0.99979
61844: 0.99979
61845: 0.99979
61846: 0.99979
61847: 0.99979
61848: 0.99979
61849: 0.99979
61850: 0.99979
61851: 0.99979
61852: 0.99979
61853: 0.99979
61854: 0.99979
61855: 0.99979
61856: 0.99979
61857: 0.99979
61858: 0.99979
61859: 0.99979
61860: 0.99979
61861: 0.99979
61862: 0.99979
61863: 0.99979
61864: 0.99979
61865: 0.99979
61866: 0.99979
61867: 0.99979
61868: 0.99979
61869: 0.99979
61870: 0.99979
61871: 0.99979
61872: 0.99979
61873: 0.99979
61874: 0.99979
61875: 0.99979
61876: 0.99979
61877: 0.99979
61878: 0.99979
61879: 0.99979
61880: 0.99979
61881: 0.99979
61882: 0.99979
61883: 0.99979
61884: 0.99979
61885: 0.99979
61886: 0.99979
61887: 0.99979
61888: 0.99979
61889: 0.99979
61890: 0.99979
61891: 0.99979
61892: 0.99979
61893: 0.99979
61894: 0.99979
61895: 0.99979
61896: 0.99979
61897: 0.99979
61898: 0.99979
61899: 0.99979
61900: 0.99979
61901: 0.99979
61902: 0.99979
61903: 0.99979
61904: 0.99979
61905: 0.99979
61906: 0.99979
61907: 0.99979
61908: 0.99979
61909: 0.99979
61910: 0.99979
61911: 0.99979
61912: 0.99979
61913: 0.99979
61914: 0.99979
61915: 0.99979
61916: 0.99979
61917: 0.99979
61918: 0.99979
61919: 0.99979
61920: 0.99979
61921: 0.99979
61922: 0.99979
61923: 0.99979
61924: 0.99979
61925: 0.99979
61926: 0.99979
61927: 0.99979
61928: 0.99979
61929: 0.99979
61930: 0.99979
61931: 0.99979
61932: 0.99979
61933: 0.99979
61934: 0.99979
61935: 0.99979
61936: 0.99979
61937: 0.99979
61938: 0.99979
61939: 0.99979
61940: 0.99979
61941: 0.99979
61942: 0.99979
61943: 0.99979
61944: 0.99979
61945: 0.99979
61946: 0.99979
61947: 0.99979
61948: 0.99979
61949: 0.99979
61950: 0.99979
61951: 0.99979
61952: 0.99979
61953: 0.99979
61954: 0.99979
61955: 0.99979
61956: 0.99979
61957: 0.99979
61958: 0.99979
61959: 0.99979
61960: 0.99979
61961: 0.99979
61962: 0.99979
61963: 0.99979
61964: 0.99979
61965: 0.99979
61966: 0.99979
61967: 0.99979
61968: 0.99979
61969: 0.99979
61970: 0.99979
61971: 0.99979
61972: 0.99979
61973: 0.99979
61974: 0.99979
61975: 0.99979
61976: 0.99979
61977: 0.99979
61978: 0.99979
61979: 0.99979
61980: 0.99979
61981: 0.99979
61982: 0.99979
61983: 0.99979
61984: 0.99979
61985: 0.99979
61986: 0.99979
61987: 0.99979
61988: 0.99979
61989: 0.99979
61990: 0.99979
61991: 0.99979
61992: 0.99979
61993: 0.99979
61994: 0.99979
61995: 0.99979
61996: 0.99979
61997: 0.99979
61998: 0.99979
61999: 0.99979
62000: 0.99979
62001: 0.99979
62002: 0.99979
62003: 0.99979
62004: 0.99979
62005: 0.99979
62006: 0.99979
62007: 0.99979
62008: 0.99979
62009: 0.99979
62010: 0.99979
62011: 0.99979
62012: 0.99979
62013: 0.99979
62014: 0.99979
62015: 0.99979
62016: 0.99979
62017: 0.99979
62018: 0.99979
62019: 0.99979
62020: 0.99979
62021: 0.99979
62022: 0.99979
62023: 0.99979
62024: 0.99979
62025: 0.99979
62026: 0.99979
62027: 0.99979
62028: 0.99979
62029: 0.99979
62030: 0.99979
62031: 0.99979
62032: 0.99979
62033: 0.99979
62034: 0.99979
62035: 0.99979
62036: 0.99979
62037: 0.99979
62038: 0.99979
62039: 0.99979
62040: 0.99979
62041: 0.99979
62042: 0.99979
62043: 0.99979
62044: 0.99979
62045: 0.99979
62046: 0.99979
62047: 0.99979
62048: 0.99979
62049: 0.99979
62050: 0.99979
62051: 0.99979
62052: 0.999791
62053: 0.999791
62054: 0.999791
62055: 0.999791
62056: 0.999791
62057: 0.999791
62058: 0.999791
62059: 0.999791
62060: 0.999791
62061: 0.999791
62062: 0.999791
62063: 0.999791
62064: 0.999791
62065: 0.999791
62066: 0.999791
62067: 0.999791
62068: 0.999791
62069: 0.999791
62070: 0.999791
62071: 0.999791
62072: 0.999791
62073: 0.999791
62074: 0.999791
62075: 0.999791
62076: 0.999791
62077: 0.999791
62078: 0.999791
62079: 0.999791
62080: 0.999791
62081: 0.999791
62082: 0.999791
62083: 0.999791
62084: 0.999791
62085: 0.999791
62086: 0.999791
62087: 0.999791
62088: 0.999791
62089: 0.999791
62090: 0.999791
62091: 0.999791
62092: 0.999791
62093: 0.999791
62094: 0.999791
62095: 0.999791
62096: 0.999791
62097: 0.999791
62098: 0.999791
62099: 0.999791
62100: 0.999791
62101: 0.999791
62102: 0.999791
62103: 0.999791
62104: 0.999791
62105: 0.999791
62106: 0.999791
62107: 0.999791
62108: 0.999791
62109: 0.999791
62110: 0.999791
62111: 0.999791
62112: 0.999791
62113: 0.999791
62114: 0.999791
62115: 0.999791
62116: 0.999791
62117: 0.999791
62118: 0.999791
62119: 0.999791
62120: 0.999791
62121: 0.999791
62122: 0.999791
62123: 0.999791
62124: 0.999791
62125: 0.999791
62126: 0.999791
62127: 0.999791
62128: 0.999791
62129: 0.999791
62130: 0.999791
62131: 0.999791
62132: 0.999791
62133: 0.999791
62134: 0.999791
62135: 0.999791
62136: 0.999791
62137: 0.999791
62138: 0.999791
62139: 0.999791
62140: 0.999791
62141: 0.999791
62142: 0.999791
62143: 0.999791
62144: 0.999791
62145: 0.999791
62146: 0.999791
62147: 0.999791
62148: 0.999791
62149: 0.999791
62150: 0.999791
62151: 0.999791
62152: 0.999791
62153: 0.999791
62154: 0.999791
62155: 0.999791
62156: 0.999791
62157: 0.999791
62158: 0.999791
62159: 0.999791
62160: 0.999791
62161: 0.999791
62162: 0.999791
62163: 0.999791
62164: 0.999791
62165: 0.999791
62166: 0.999791
62167: 0.999791
62168: 0.999791
62169: 0.999791
62170: 0.999791
62171: 0.999791
62172: 0.999791
62173: 0.999791
62174: 0.999791
62175: 0.999791
62176: 0.999791
62177: 0.999791
62178: 0.999791
62179: 0.999791
62180: 0.999791
62181: 0.999791
62182: 0.999791
62183: 0.999791
62184: 0.999791
62185: 0.999791
62186: 0.999791
62187: 0.999791
62188: 0.999791
62189: 0.999791
62190: 0.999791
62191: 0.999791
62192: 0.999791
62193: 0.999791
62194: 0.999791
62195: 0.999791
62196: 0.999791
62197: 0.999791
62198: 0.999791
62199: 0.999791
62200: 0.999791
62201: 0.999791
62202: 0.999791
62203: 0.999791
62204: 0.999791
62205: 0.999791
62206: 0.999791
62207: 0.999791
62208: 0.999791
62209: 0.999791
62210: 0.999791
62211: 0.999791
62212: 0.999791
62213: 0.999791
62214: 0.999791
62215: 0.999791
62216: 0.999791
62217: 0.999791
62218: 0.999791
62219: 0.999791
62220: 0.999791
62221: 0.999791
62222: 0.999791
62223: 0.999791
62224: 0.999791
62225: 0.999791
62226: 0.999791
62227: 0.999791
62228: 0.999791
62229: 0.999791
62230: 0.999791
62231: 0.999791
62232: 0.999791
62233: 0.999791
62234: 0.999791
62235: 0.999791
62236: 0.999791
62237: 0.999791
62238: 0.999791
62239: 0.999791
62240: 0.999791
62241: 0.999791
62242: 0.999791
62243: 0.999791
62244: 0.999791
62245: 0.999791
62246: 0.999791
62247: 0.999791
62248: 0.999791
62249: 0.999791
62250: 0.999791
62251: 0.999791
62252: 0.999791
62253: 0.999791
62254: 0.999791
62255: 0.999791
62256: 0.999791
62257: 0.999791
62258: 0.999791
62259: 0.999791
62260: 0.999791
62261: 0.999791
62262: 0.999791
62263: 0.999791
62264: 0.999791
62265: 0.999791
62266: 0.999791
62267: 0.999791
62268: 0.999791
62269: 0.999791
62270: 0.999791
62271: 0.999791
62272: 0.999791
62273: 0.999791
62274: 0.999791
62275: 0.999791
62276: 0.999791
62277: 0.999791
62278: 0.999791
62279: 0.999791
62280: 0.999791
62281: 0.999791
62282: 0.999791
62283: 0.999791
62284: 0.999791
62285: 0.999791
62286: 0.999791
62287: 0.999791
62288: 0.999791
62289: 0.999791
62290: 0.999791
62291: 0.999791
62292: 0.999791
62293: 0.999791
62294: 0.999791
62295: 0.999791
62296: 0.999791
62297: 0.999791
62298: 0.999791
62299: 0.999791
62300: 0.999791
62301: 0.999791
62302: 0.999791
62303: 0.999791
62304: 0.999791
62305: 0.999791
62306: 0.999791
62307: 0.999791
62308: 0.999791
62309: 0.999791
62310: 0.999791
62311: 0.999791
62312: 0.999791
62313: 0.999791
62314: 0.999791
62315: 0.999791
62316: 0.999791
62317: 0.999791
62318: 0.999791
62319: 0.999791
62320: 0.999791
62321: 0.999791
62322: 0.999791
62323: 0.999791
62324: 0.999791
62325: 0.999791
62326: 0.999791
62327: 0.999791
62328: 0.999791
62329: 0.999791
62330: 0.999791
62331: 0.999791
62332: 0.999791
62333: 0.999791
62334: 0.999791
62335: 0.999791
62336: 0.999791
62337: 0.999791
62338: 0.999791
62339: 0.999791
62340: 0.999791
62341: 0.999791
62342: 0.999791
62343: 0.999791
62344: 0.999791
62345: 0.999791
62346: 0.999791
62347: 0.999791
62348: 0.999791
62349: 0.999791
62350: 0.999792
62351: 0.999792
62352: 0.999792
62353: 0.999792
62354: 0.999792
62355: 0.999792
62356: 0.999792
62357: 0.999792
62358: 0.999792
62359: 0.999792
62360: 0.999792
62361: 0.999792
62362: 0.999792
62363: 0.999792
62364: 0.999792
62365: 0.999792
62366: 0.999792
62367: 0.999792
62368: 0.999792
62369: 0.999792
62370: 0.999792
62371: 0.999792
62372: 0.999792
62373: 0.999792
62374: 0.999792
62375: 0.999792
62376: 0.999792
62377: 0.999792
62378: 0.999792
62379: 0.999792
62380: 0.999792
62381: 0.999792
62382: 0.999792
62383: 0.999792
62384: 0.999792
62385: 0.999792
62386: 0.999792
62387: 0.999792
62388: 0.999792
62389: 0.999792
62390: 0.999792
62391: 0.999792
62392: 0.999792
62393: 0.999792
62394: 0.999792
62395: 0.999792
62396: 0.999792
62397: 0.999792
62398: 0.999792
62399: 0.999792
62400: 0.999792
62401: 0.999792
62402: 0.999792
62403: 0.999792
62404: 0.999792
62405: 0.999792
62406: 0.999792
62407: 0.999792
62408: 0.999792
62409: 0.999792
62410: 0.999792
62411: 0.999792
62412: 0.999792
62413: 0.999792
62414: 0.999792
62415: 0.999792
62416: 0.999792
62417: 0.999792
62418: 0.999792
62419: 0.999792
62420: 0.999792
62421: 0.999792
62422: 0.999792
62423: 0.999792
62424: 0.999792
62425: 0.999792
62426: 0.999792
62427: 0.999792
62428: 0.999792
62429: 0.999792
62430: 0.999792
62431: 0.999792
62432: 0.999792
62433: 0.999792
62434: 0.999792
62435: 0.999792
62436: 0.999792
62437: 0.999792
62438: 0.999792
62439: 0.999792
62440: 0.999792
62441: 0.999792
62442: 0.999792
62443: 0.999792
62444: 0.999792
62445: 0.999792
62446: 0.999792
62447: 0.999792
62448: 0.999792
62449: 0.999792
62450: 0.999792
62451: 0.999792
62452: 0.999792
62453: 0.999792
62454: 0.999792
62455: 0.999792
62456: 0.999792
62457: 0.999792
62458: 0.999792
62459: 0.999792
62460: 0.999792
62461: 0.999792
62462: 0.999792
62463: 0.999792
62464: 0.999792
62465: 0.999792
62466: 0.999792
62467: 0.999792
62468: 0.999792
62469: 0.999792
62470: 0.999792
62471: 0.999792
62472: 0.999792
62473: 0.999792
62474: 0.999792
62475: 0.999792
62476: 0.999792
62477: 0.999792
62478: 0.999792
62479: 0.999792
62480: 0.999792
62481: 0.999792
62482: 0.999792
62483: 0.999792
62484: 0.999792
62485: 0.999792
62486: 0.999792
62487: 0.999792
62488: 0.999792
62489: 0.999792
62490: 0.999792
62491: 0.999792
62492: 0.999792
62493: 0.999792
62494: 0.999792
62495: 0.999792
62496: 0.999792
62497: 0.999792
62498: 0.999792
62499: 0.999792
62500: 0.999792
62501: 0.999792
62502: 0.999792
62503: 0.999792
62504: 0.999792
62505: 0.999792
62506: 0.999792
62507: 0.999792
62508: 0.999792
62509: 0.999792
62510: 0.999792
62511: 0.999792
62512: 0.999792
62513: 0.999792
62514: 0.999792
62515: 0.999792
62516: 0.999792
62517: 0.999792
62518: 0.999792
62519: 0.999792
62520: 0.999792
62521: 0.999792
62522: 0.999792
62523: 0.999792
62524: 0.999792
62525: 0.999792
62526: 0.999792
62527: 0.999792
62528: 0.999792
62529: 0.999792
62530: 0.999792
62531: 0.999792
62532: 0.999792
62533: 0.999792
62534: 0.999792
62535: 0.999792
62536: 0.999792
62537: 0.999792
62538: 0.999792
62539: 0.999792
62540: 0.999792
62541: 0.999792
62542: 0.999792
62543: 0.999792
62544: 0.999792
62545: 0.999792
62546: 0.999792
62547: 0.999792
62548: 0.999792
62549: 0.999792
62550: 0.999792
62551: 0.999792
62552: 0.999792
62553: 0.999792
62554: 0.999792
62555: 0.999792
62556: 0.999792
62557: 0.999792
62558: 0.999792
62559: 0.999792
62560: 0.999792
62561: 0.999792
62562: 0.999792
62563: 0.999792
62564: 0.999792
62565: 0.999792
62566: 0.999792
62567: 0.999792
62568: 0.999792
62569: 0.999792
62570: 0.999792
62571: 0.999792
62572: 0.999792
62573: 0.999792
62574: 0.999792
62575: 0.999792
62576: 0.999792
62577: 0.999792
62578: 0.999792
62579: 0.999792
62580: 0.999792
62581: 0.999792
62582: 0.999792
62583: 0.999792
62584: 0.999792
62585: 0.999792
62586: 0.999792
62587: 0.999792
62588: 0.999792
62589: 0.999792
62590: 0.999792
62591: 0.999792
62592: 0.999792
62593: 0.999792
62594: 0.999792
62595: 0.999792
62596: 0.999792
62597: 0.999792
62598: 0.999792
62599: 0.999792
62600: 0.999792
62601: 0.999792
62602: 0.999792
62603: 0.999792
62604: 0.999792
62605: 0.999792
62606: 0.999792
62607: 0.999792
62608: 0.999792
62609: 0.999792
62610: 0.999792
62611: 0.999792
62612: 0.999792
62613: 0.999792
62614: 0.999792
62615: 0.999792
62616: 0.999792
62617: 0.999792
62618: 0.999792
62619: 0.999792
62620: 0.999792
62621: 0.999792
62622: 0.999792
62623: 0.999792
62624: 0.999792
62625: 0.999792
62626: 0.999792
62627: 0.999792
62628: 0.999792
62629: 0.999792
62630: 0.999792
62631: 0.999792
62632: 0.999792
62633: 0.999792
62634: 0.999792
62635: 0.999792
62636: 0.999792
62637: 0.999792
62638: 0.999792
62639: 0.999792
62640: 0.999792
62641: 0.999792
62642: 0.999792
62643: 0.999792
62644: 0.999792
62645: 0.999792
62646: 0.999792
62647: 0.999792
62648: 0.999792
62649: 0.999792
62650: 0.999793
62651: 0.999793
62652: 0.999793
62653: 0.999793
62654: 0.999793
62655: 0.999793
62656: 0.999793
62657: 0.999793
62658: 0.999793
62659: 0.999793
62660: 0.999793
62661: 0.999793
62662: 0.999793
62663: 0.999793
62664: 0.999793
62665: 0.999793
62666: 0.999793
62667: 0.999793
62668: 0.999793
62669: 0.999793
62670: 0.999793
62671: 0.999793
62672: 0.999793
62673: 0.999793
62674: 0.999793
62675: 0.999793
62676: 0.999793
62677: 0.999793
62678: 0.999793
62679: 0.999793
62680: 0.999793
62681: 0.999793
62682: 0.999793
62683: 0.999793
62684: 0.999793
62685: 0.999793
62686: 0.999793
62687: 0.999793
62688: 0.999793
62689: 0.999793
62690: 0.999793
62691: 0.999793
62692: 0.999793
62693: 0.999793
62694: 0.999793
62695: 0.999793
62696: 0.999793
62697: 0.999793
62698: 0.999793
62699: 0.999793
62700: 0.999793
62701: 0.999793
62702: 0.999793
62703: 0.999793
62704: 0.999793
62705: 0.999793
62706: 0.999793
62707: 0.999793
62708: 0.999793
62709: 0.999793
62710: 0.999793
62711: 0.999793
62712: 0.999793
62713: 0.999793
62714: 0.999793
62715: 0.999793
62716: 0.999793
62717: 0.999793
62718: 0.999793
62719: 0.999793
62720: 0.999793
62721: 0.999793
62722: 0.999793
62723: 0.999793
62724: 0.999793
62725: 0.999793
62726: 0.999793
62727: 0.999793
62728: 0.999793
62729: 0.999793
62730: 0.999793
62731: 0.999793
62732: 0.999793
62733: 0.999793
62734: 0.999793
62735: 0.999793
62736: 0.999793
62737: 0.999793
62738: 0.999793
62739: 0.999793
62740: 0.999793
62741: 0.999793
62742: 0.999793
62743: 0.999793
62744: 0.999793
62745: 0.999793
62746: 0.999793
62747: 0.999793
62748: 0.999793
62749: 0.999793
62750: 0.999793
62751: 0.999793
62752: 0.999793
62753: 0.999793
62754: 0.999793
62755: 0.999793
62756: 0.999793
62757: 0.999793
62758: 0.999793
62759: 0.999793
62760: 0.999793
62761: 0.999793
62762: 0.999793
62763: 0.999793
62764: 0.999793
62765: 0.999793
62766: 0.999793
62767: 0.999793
62768: 0.999793
62769: 0.999793
62770: 0.999793
62771: 0.999793
62772: 0.999793
62773: 0.999793
62774: 0.999793
62775: 0.999793
62776: 0.999793
62777: 0.999793
62778: 0.999793
62779: 0.999793
62780: 0.999793
62781: 0.999793
62782: 0.999793
62783: 0.999793
62784: 0.999793
62785: 0.999793
62786: 0.999793
62787: 0.999793
62788: 0.999793
62789: 0.999793
62790: 0.999793
62791: 0.999793
62792: 0.999793
62793: 0.999793
62794: 0.999793
62795: 0.999793
62796: 0.999793
62797: 0.999793
62798: 0.999793
62799: 0.999793
62800: 0.999793
62801: 0.999793
62802: 0.999793
62803: 0.999793
62804: 0.999793
62805: 0.999793
62806: 0.999793
62807: 0.999793
62808: 0.999793
62809: 0.999793
62810: 0.999793
62811: 0.999793
62812: 0.999793
62813: 0.999793
62814: 0.999793
62815: 0.999793
62816: 0.999793
62817: 0.999793
62818: 0.999793
62819: 0.999793
62820: 0.999793
62821: 0.999793
62822: 0.999793
62823: 0.999793
62824: 0.999793
62825: 0.999793
62826: 0.999793
62827: 0.999793
62828: 0.999793
62829: 0.999793
62830: 0.999793
62831: 0.999793
62832: 0.999793
62833: 0.999793
62834: 0.999793
62835: 0.999793
62836: 0.999793
62837: 0.999793
62838: 0.999793
62839: 0.999793
62840: 0.999793
62841: 0.999793
62842: 0.999793
62843: 0.999793
62844: 0.999793
62845: 0.999793
62846: 0.999793
62847: 0.999793
62848: 0.999793
62849: 0.999793
62850: 0.999793
62851: 0.999793
62852: 0.999793
62853: 0.999793
62854: 0.999793
62855: 0.999793
62856: 0.999793
62857: 0.999793
62858: 0.999793
62859: 0.999793
62860: 0.999793
62861: 0.999793
62862: 0.999793
62863: 0.999793
62864: 0.999793
62865: 0.999793
62866: 0.999793
62867: 0.999793
62868: 0.999793
62869: 0.999793
62870: 0.999793
62871: 0.999793
62872: 0.999793
62873: 0.999793
62874: 0.999793
62875: 0.999793
62876: 0.999793
62877: 0.999793
62878: 0.999793
62879: 0.999793
62880: 0.999793
62881: 0.999793
62882: 0.999793
62883: 0.999793
62884: 0.999793
62885: 0.999793
62886: 0.999793
62887: 0.999793
62888: 0.999793
62889: 0.999793
62890: 0.999793
62891: 0.999793
62892: 0.999793
62893: 0.999793
62894: 0.999793
62895: 0.999793
62896: 0.999793
62897: 0.999793
62898: 0.999793
62899: 0.999793
62900: 0.999793
62901: 0.999793
62902: 0.999793
62903: 0.999793
62904: 0.999793
62905: 0.999793
62906: 0.999793
62907: 0.999793
62908: 0.999793
62909: 0.999793
62910: 0.999793
62911: 0.999793
62912: 0.999793
62913: 0.999793
62914: 0.999793
62915: 0.999793
62916: 0.999793
62917: 0.999793
62918: 0.999793
62919: 0.999793
62920: 0.999793
62921: 0.999793
62922: 0.999793
62923: 0.999793
62924: 0.999793
62925: 0.999793
62926: 0.999793
62927: 0.999793
62928: 0.999793
62929: 0.999793
62930: 0.999793
62931: 0.999793
62932: 0.999793
62933: 0.999793
62934: 0.999793
62935: 0.999793
62936: 0.999793
62937: 0.999793
62938: 0.999793
62939: 0.999793
62940: 0.999793
62941: 0.999793
62942: 0.999793
62943: 0.999793
62944: 0.999793
62945: 0.999793
62946: 0.999793
62947: 0.999793
62948: 0.999793
62949: 0.999793
62950: 0.999793
62951: 0.999793
62952: 0.999793
62953: 0.999794
62954: 0.999794
62955: 0.999794
62956: 0.999794
62957: 0.999794
62958: 0.999794
62959: 0.999794
62960: 0.999794
62961: 0.999794
62962: 0.999794
62963: 0.999794
62964: 0.999794
62965: 0.999794
62966: 0.999794
62967: 0.999794
62968: 0.999794
62969: 0.999794
62970: 0.999794
62971: 0.999794
62972: 0.999794
62973: 0.999794
62974: 0.999794
62975: 0.999794
62976: 0.999794
62977: 0.999794
62978: 0.999794
62979: 0.999794
62980: 0.999794
62981: 0.999794
62982: 0.999794
62983: 0.999794
62984: 0.999794
62985: 0.999794
62986: 0.999794
62987: 0.999794
62988: 0.999794
62989: 0.999794
62990: 0.999794
62991: 0.999794
62992: 0.999794
62993: 0.999794
62994: 0.999794
62995: 0.999794
62996: 0.999794
62997: 0.999794
62998: 0.999794
62999: 0.999794
63000: 0.999794
63001: 0.999794
63002: 0.999794
63003: 0.999794
63004: 0.999794
63005: 0.999794
63006: 0.999794
63007: 0.999794
63008: 0.999794
63009: 0.999794
63010: 0.999794
63011: 0.999794
63012: 0.999794
63013: 0.999794
63014: 0.999794
63015: 0.999794
63016: 0.999794
63017: 0.999794
63018: 0.999794
63019: 0.999794
63020: 0.999794
63021: 0.999794
63022: 0.999794
63023: 0.999794
63024: 0.999794
63025: 0.999794
63026: 0.999794
63027: 0.999794
63028: 0.999794
63029: 0.999794
63030: 0.999794
63031: 0.999794
63032: 0.999794
63033: 0.999794
63034: 0.999794
63035: 0.999794
63036: 0.999794
63037: 0.999794
63038: 0.999794
63039: 0.999794
63040: 0.999794
63041: 0.999794
63042: 0.999794
63043: 0.999794
63044: 0.999794
63045: 0.999794
63046: 0.999794
63047: 0.999794
63048: 0.999794
63049: 0.999794
63050: 0.999794
63051: 0.999794
63052: 0.999794
63053: 0.999794
63054: 0.999794
63055: 0.999794
63056: 0.999794
63057: 0.999794
63058: 0.999794
63059: 0.999794
63060: 0.999794
63061: 0.999794
63062: 0.999794
63063: 0.999794
63064: 0.999794
63065: 0.999794
63066: 0.999794
63067: 0.999794
63068: 0.999794
63069: 0.999794
63070: 0.999794
63071: 0.999794
63072: 0.999794
63073: 0.999794
63074: 0.999794
63075: 0.999794
63076: 0.999794
63077: 0.999794
63078: 0.999794
63079: 0.999794
63080: 0.999794
63081: 0.999794
63082: 0.999794
63083: 0.999794
63084: 0.999794
63085: 0.999794
63086: 0.999794
63087: 0.999794
63088: 0.999794
63089: 0.999794
63090: 0.999794
63091: 0.999794
63092: 0.999794
63093: 0.999794
63094: 0.999794
63095: 0.999794
63096: 0.999794
63097: 0.999794
63098: 0.999794
63099: 0.999794
63100: 0.999794
63101: 0.999794
63102: 0.999794
63103: 0.999794
63104: 0.999794
63105: 0.999794
63106: 0.999794
63107: 0.999794
63108: 0.999794
63109: 0.999794
63110: 0.999794
63111: 0.999794
63112: 0.999794
63113: 0.999794
63114: 0.999794
63115: 0.999794
63116: 0.999794
63117: 0.999794
63118: 0.999794
63119: 0.999794
63120: 0.999794
63121: 0.999794
63122: 0.999794
63123: 0.999794
63124: 0.999794
63125: 0.999794
63126: 0.999794
63127: 0.999794
63128: 0.999794
63129: 0.999794
63130: 0.999794
63131: 0.999794
63132: 0.999794
63133: 0.999794
63134: 0.999794
63135: 0.999794
63136: 0.999794
63137: 0.999794
63138: 0.999794
63139: 0.999794
63140: 0.999794
63141: 0.999794
63142: 0.999794
63143: 0.999794
63144: 0.999794
63145: 0.999794
63146: 0.999794
63147: 0.999794
63148: 0.999794
63149: 0.999794
63150: 0.999794
63151: 0.999794
63152: 0.999794
63153: 0.999794
63154: 0.999794
63155: 0.999794
63156: 0.999794
63157: 0.999794
63158: 0.999794
63159: 0.999794
63160: 0.999794
63161: 0.999794
63162: 0.999794
63163: 0.999794
63164: 0.999794
63165: 0.999794
63166: 0.999794
63167: 0.999794
63168: 0.999794
63169: 0.999794
63170: 0.999794
63171: 0.999794
63172: 0.999794
63173: 0.999794
63174: 0.999794
63175: 0.999794
63176: 0.999794
63177: 0.999794
63178: 0.999794
63179: 0.999794
63180: 0.999794
63181: 0.999794
63182: 0.999794
63183: 0.999794
63184: 0.999794
63185: 0.999794
63186: 0.999794
63187: 0.999794
63188: 0.999794
63189: 0.999794
63190: 0.999794
63191: 0.999794
63192: 0.999794
63193: 0.999794
63194: 0.999794
63195: 0.999794
63196: 0.999794
63197: 0.999794
63198: 0.999794
63199: 0.999794
63200: 0.999794
63201: 0.999794
63202: 0.999794
63203: 0.999794
63204: 0.999794
63205: 0.999794
63206: 0.999794
63207: 0.999794
63208: 0.999794
63209: 0.999794
63210: 0.999794
63211: 0.999794
63212: 0.999794
63213: 0.999794
63214: 0.999794
63215: 0.999794
63216: 0.999794
63217: 0.999794
63218: 0.999794
63219: 0.999794
63220: 0.999794
63221: 0.999794
63222: 0.999794
63223: 0.999794
63224: 0.999794
63225: 0.999794
63226: 0.999794
63227: 0.999794
63228: 0.999794
63229: 0.999794
63230: 0.999794
63231: 0.999794
63232: 0.999794
63233: 0.999794
63234: 0.999794
63235: 0.999794
63236: 0.999794
63237: 0.999794
63238: 0.999794
63239: 0.999794
63240: 0.999794
63241: 0.999794
63242: 0.999794
63243: 0.999794
63244: 0.999794
63245: 0.999794
63246: 0.999794
63247: 0.999794
63248: 0.999794
63249: 0.999794
63250: 0.999794
63251: 0.999794
63252: 0.999794
63253: 0.999794
63254: 0.999794
63255: 0.999794
63256: 0.999794
63257: 0.999794
63258: 0.999794
63259: 0.999794
63260: 0.999795
63261: 0.999795
63262: 0.999795
63263: 0.999795
63264: 0.999795
63265: 0.999795
63266: 0.999795
63267: 0.999795
63268: 0.999795
63269: 0.999795
63270: 0.999795
63271: 0.999795
63272: 0.999795
63273: 0.999795
63274: 0.999795
63275: 0.999795
63276: 0.999795
63277: 0.999795
63278: 0.999795
63279: 0.999795
63280: 0.999795
63281: 0.999795
63282: 0.999795
63283: 0.999795
63284: 0.999795
63285: 0.999795
63286: 0.999795
63287: 0.999795
63288: 0.999795
63289: 0.999795
63290: 0.999795
63291: 0.999795
63292: 0.999795
63293: 0.999795
63294: 0.999795
63295: 0.999795
63296: 0.999795
63297: 0.999795
63298: 0.999795
63299: 0.999795
63300: 0.999795
63301: 0.999795
63302: 0.999795
63303: 0.999795
63304: 0.999795
63305: 0.999795
63306: 0.999795
63307: 0.999795
63308: 0.999795
63309: 0.999795
63310: 0.999795
63311: 0.999795
63312: 0.999795
63313: 0.999795
63314: 0.999795
63315: 0.999795
63316: 0.999795
63317: 0.999795
63318: 0.999795
63319: 0.999795
63320: 0.999795
63321: 0.999795
63322: 0.999795
63323: 0.999795
63324: 0.999795
63325: 0.999795
63326: 0.999795
63327: 0.999795
63328: 0.999795
63329: 0.999795
63330: 0.999795
63331: 0.999795
63332: 0.999795
63333: 0.999795
63334: 0.999795
63335: 0.999795
63336: 0.999795
63337: 0.999795
63338: 0.999795
63339: 0.999795
63340: 0.999795
63341: 0.999795
63342: 0.999795
63343: 0.999795
63344: 0.999795
63345: 0.999795
63346: 0.999795
63347: 0.999795
63348: 0.999795
63349: 0.999795
63350: 0.999795
63351: 0.999795
63352: 0.999795
63353: 0.999795
63354: 0.999795
63355: 0.999795
63356: 0.999795
63357: 0.999795
63358: 0.999795
63359: 0.999795
63360: 0.999795
63361: 0.999795
63362: 0.999795
63363: 0.999795
63364: 0.999795
63365: 0.999795
63366: 0.999795
63367: 0.999795
63368: 0.999795
63369: 0.999795
63370: 0.999795
63371: 0.999795
63372: 0.999795
63373: 0.999795
63374: 0.999795
63375: 0.999795
63376: 0.999795
63377: 0.999795
63378: 0.999795
63379: 0.999795
63380: 0.999795
63381: 0.999795
63382: 0.999795
63383: 0.999795
63384: 0.999795
63385: 0.999795
63386: 0.999795
63387: 0.999795
63388: 0.999795
63389: 0.999795
63390: 0.999795
63391: 0.999795
63392: 0.999795
63393: 0.999795
63394: 0.999795
63395: 0.999795
63396: 0.999795
63397: 0.999795
63398: 0.999795
63399: 0.999795
63400: 0.999795
63401: 0.999795
63402: 0.999795
63403: 0.999795
63404: 0.999795
63405: 0.999795
63406: 0.999795
63407: 0.999795
63408: 0.999795
63409: 0.999795
63410: 0.999795
63411: 0.999795
63412: 0.999795
63413: 0.999795
63414: 0.999795
63415: 0.999795
63416: 0.999795
63417: 0.999795
63418: 0.999795
63419: 0.999795
63420: 0.999795
63421: 0.999795
63422: 0.999795
63423: 0.999795
63424: 0.999795
63425: 0.999795
63426: 0.999795
63427: 0.999795
63428: 0.999795
63429: 0.999795
63430: 0.999795
63431: 0.999795
63432: 0.999795
63433: 0.999795
63434: 0.999795
63435: 0.999795
63436: 0.999795
63437: 0.999795
63438: 0.999795
63439: 0.999795
63440: 0.999795
63441: 0.999795
63442: 0.999795
63443: 0.999795
63444: 0.999795
63445: 0.999795
63446: 0.999795
63447: 0.999795
63448: 0.999795
63449: 0.999795
63450: 0.999795
63451: 0.999795
63452: 0.999795
63453: 0.999795
63454: 0.999795
63455: 0.999795
63456: 0.999795
63457: 0.999795
63458: 0.999795
63459: 0.999795
63460: 0.999795
63461: 0.999795
63462: 0.999795
63463: 0.999795
63464: 0.999795
63465: 0.999795
63466: 0.999795
63467: 0.999795
63468: 0.999795
63469: 0.999795
63470: 0.999795
63471: 0.999795
63472: 0.999795
63473: 0.999795
63474: 0.999795
63475: 0.999795
63476: 0.999795
63477: 0.999795
63478: 0.999795
63479: 0.999795
63480: 0.999795
63481: 0.999795
63482: 0.999795
63483: 0.999795
63484: 0.999795
63485: 0.999795
63486: 0.999795
63487: 0.999795
63488: 0.999795
63489: 0.999795
63490: 0.999795
63491: 0.999795
63492: 0.999795
63493: 0.999795
63494: 0.999795
63495: 0.999795
63496: 0.999795
63497: 0.999795
63498: 0.999795
63499: 0.999795
63500: 0.999795
63501: 0.999795
63502: 0.999795
63503: 0.999795
63504: 0.999795
63505: 0.999795
63506: 0.999795
63507: 0.999795
63508: 0.999795
63509: 0.999795
63510: 0.999795
63511: 0.999795
63512: 0.999795
63513: 0.999795
63514: 0.999795
63515: 0.999795
63516: 0.999795
63517: 0.999795
63518: 0.999795
63519: 0.999795
63520: 0.999795
63521: 0.999795
63522: 0.999795
63523: 0.999795
63524: 0.999795
63525: 0.999795
63526: 0.999795
63527: 0.999795
63528: 0.999795
63529: 0.999795
63530: 0.999795
63531: 0.999795
63532: 0.999795
63533: 0.999795
63534: 0.999795
63535: 0.999795
63536: 0.999795
63537: 0.999795
63538: 0.999795
63539: 0.999795
63540: 0.999795
63541: 0.999795
63542: 0.999795
63543: 0.999795
63544: 0.999795
63545: 0.999795
63546: 0.999795
63547: 0.999795
63548: 0.999795
63549: 0.999795
63550: 0.999795
63551: 0.999795
63552: 0.999795
63553: 0.999795
63554: 0.999795
63555: 0.999795
63556: 0.999795
63557: 0.999795
63558: 0.999795
63559: 0.999795
63560: 0.999795
63561: 0.999795
63562: 0.999795
63563: 0.999795
63564: 0.999795
63565: 0.999795
63566: 0.999795
63567: 0.999795
63568: 0.999795
63569: 0.999796
63570: 0.999796
63571: 0.999796
63572: 0.999796
63573: 0.999796
63574: 0.999796
63575: 0.999796
63576: 0.999796
63577: 0.999796
63578: 0.999796
63579: 0.999796
63580: 0.999796
63581: 0.999796
63582: 0.999796
63583: 0.999796
63584: 0.999796
63585: 0.999796
63586: 0.999796
63587: 0.999796
63588: 0.999796
63589: 0.999796
63590: 0.999796
63591: 0.999796
63592: 0.999796
63593: 0.999796
63594: 0.999796
63595: 0.999796
63596: 0.999796
63597: 0.999796
63598: 0.999796
63599: 0.999796
63600: 0.999796
63601: 0.999796
63602: 0.999796
63603: 0.999796
63604: 0.999796
63605: 0.999796
63606: 0.999796
63607: 0.999796
63608: 0.999796
63609: 0.999796
63610: 0.999796
63611: 0.999796
63612: 0.999796
63613: 0.999796
63614: 0.999796
63615: 0.999796
63616: 0.999796
63617: 0.999796
63618: 0.999796
63619: 0.999796
63620: 0.999796
63621: 0.999796
63622: 0.999796
63623: 0.999796
63624: 0.999796
63625: 0.999796
63626: 0.999796
63627: 0.999796
63628: 0.999796
63629: 0.999796
63630: 0.999796
63631: 0.999796
63632: 0.999796
63633: 0.999796
63634: 0.999796
63635: 0.999796
63636: 0.999796
63637: 0.999796
63638: 0.999796
63639: 0.999796
63640: 0.999796
63641: 0.999796
63642: 0.999796
63643: 0.999796
63644: 0.999796
63645: 0.999796
63646: 0.999796
63647: 0.999796
63648: 0.999796
63649: 0.999796
63650: 0.999796
63651: 0.999796
63652: 0.999796
63653: 0.999796
63654: 0.999796
63655: 0.999796
63656: 0.999796
63657: 0.999796
63658: 0.999796
63659: 0.999796
63660: 0.999796
63661: 0.999796
63662: 0.999796
63663: 0.999796
63664: 0.999796
63665: 0.999796
63666: 0.999796
63667: 0.999796
63668: 0.999796
63669: 0.999796
63670: 0.999796
63671: 0.999796
63672: 0.999796
63673: 0.999796
63674: 0.999796
63675: 0.999796
63676: 0.999796
63677: 0.999796
63678: 0.999796
63679: 0.999796
63680: 0.999796
63681: 0.999796
63682: 0.999796
63683: 0.999796
63684: 0.999796
63685: 0.999796
63686: 0.999796
63687: 0.999796
63688: 0.999796
63689: 0.999796
63690: 0.999796
63691: 0.999796
63692: 0.999796
63693: 0.999796
63694: 0.999796
63695: 0.999796
63696: 0.999796
63697: 0.999796
63698: 0.999796
63699: 0.999796
63700: 0.999796
63701: 0.999796
63702: 0.999796
63703: 0.999796
63704: 0.999796
63705: 0.999796
63706: 0.999796
63707: 0.999796
63708: 0.999796
63709: 0.999796
63710: 0.999796
63711: 0.999796
63712: 0.999796
63713: 0.999796
63714: 0.999796
63715: 0.999796
63716: 0.999796
63717: 0.999796
63718: 0.999796
63719: 0.999796
63720: 0.999796
63721: 0.999796
63722: 0.999796
63723: 0.999796
63724: 0.999796
63725: 0.999796
63726: 0.999796
63727: 0.999796
63728: 0.999796
63729: 0.999796
63730: 0.999796
63731: 0.999796
63732: 0.999796
63733: 0.999796
63734: 0.999796
63735: 0.999796
63736: 0.999796
63737: 0.999796
63738: 0.999796
63739: 0.999796
63740: 0.999796
63741: 0.999796
63742: 0.999796
63743: 0.999796
63744: 0.999796
63745: 0.999796
63746: 0.999796
63747: 0.999796
63748: 0.999796
63749: 0.999796
63750: 0.999796
63751: 0.999796
63752: 0.999796
63753: 0.999796
63754: 0.999796
63755: 0.999796
63756: 0.999796
63757: 0.999796
63758: 0.999796
63759: 0.999796
63760: 0.999796
63761: 0.999796
63762: 0.999796
63763: 0.999796
63764: 0.999796
63765: 0.999796
63766: 0.999796
63767: 0.999796
63768: 0.999796
63769: 0.999796
63770: 0.999796
63771: 0.999796
63772: 0.999796
63773: 0.999796
63774: 0.999796
63775: 0.999796
63776: 0.999796
63777: 0.999796
63778: 0.999796
63779: 0.999796
63780: 0.999796
63781: 0.999796
63782: 0.999796
63783: 0.999796
63784: 0.999796
63785: 0.999796
63786: 0.999796
63787: 0.999796
63788: 0.999796
63789: 0.999796
63790: 0.999796
63791: 0.999796
63792: 0.999796
63793: 0.999796
63794: 0.999796
63795: 0.999796
63796: 0.999796
63797: 0.999796
63798: 0.999796
63799: 0.999796
63800: 0.999796
63801: 0.999796
63802: 0.999796
63803: 0.999796
63804: 0.999796
63805: 0.999796
63806: 0.999796
63807: 0.999796
63808: 0.999796
63809: 0.999796
63810: 0.999796
63811: 0.999796
63812: 0.999796
63813: 0.999796
63814: 0.999796
63815: 0.999796
63816: 0.999796
63817: 0.999796
63818: 0.999796
63819: 0.999796
63820: 0.999796
63821: 0.999796
63822: 0.999796
63823: 0.999796
63824: 0.999796
63825: 0.999796
63826: 0.999796
63827: 0.999796
63828: 0.999796
63829: 0.999796
63830: 0.999796
63831: 0.999796
63832: 0.999796
63833: 0.999796
63834: 0.999796
63835: 0.999796
63836: 0.999796
63837: 0.999796
63838: 0.999796
63839: 0.999796
63840: 0.999796
63841: 0.999796
63842: 0.999796
63843: 0.999796
63844: 0.999796
63845: 0.999796
63846: 0.999796
63847: 0.999796
63848: 0.999796
63849: 0.999796
63850: 0.999796
63851: 0.999796
63852: 0.999796
63853: 0.999796
63854: 0.999796
63855: 0.999796
63856: 0.999796
63857: 0.999796
63858: 0.999796
63859: 0.999796
63860: 0.999796
63861: 0.999796
63862: 0.999796
63863: 0.999796
63864: 0.999796
63865: 0.999796
63866: 0.999796
63867: 0.999796
63868: 0.999796
63869: 0.999796
63870: 0.999796
63871: 0.999796
63872: 0.999796
63873: 0.999796
63874: 0.999796
63875: 0.999796
63876: 0.999796
63877: 0.999796
63878: 0.999796
63879: 0.999796
63880: 0.999796
63881: 0.999796
63882: 0.999797
63883: 0.999797
63884: 0.999797
63885: 0.999797
63886: 0.999797
63887: 0.999797
63888: 0.999797
63889: 0.999797
63890: 0.999797
63891: 0.999797
63892: 0.999797
63893: 0.999797
63894: 0.999797
63895: 0.999797
63896: 0.999797
63897: 0.999797
63898: 0.999797
63899: 0.999797
63900: 0.999797
63901: 0.999797
63902: 0.999797
63903: 0.999797
63904: 0.999797
63905: 0.999797
63906: 0.999797
63907: 0.999797
63908: 0.999797
63909: 0.999797
63910: 0.999797
63911: 0.999797
63912: 0.999797
63913: 0.999797
63914: 0.999797
63915: 0.999797
63916: 0.999797
63917: 0.999797
63918: 0.999797
63919: 0.999797
63920: 0.999797
63921: 0.999797
63922: 0.999797
63923: 0.999797
63924: 0.999797
63925: 0.999797
63926: 0.999797
63927: 0.999797
63928: 0.999797
63929: 0.999797
63930: 0.999797
63931: 0.999797
63932: 0.999797
63933: 0.999797
63934: 0.999797
63935: 0.999797
63936: 0.999797
63937: 0.999797
63938: 0.999797
63939: 0.999797
63940: 0.999797
63941: 0.999797
63942: 0.999797
63943: 0.999797
63944: 0.999797
63945: 0.999797
63946: 0.999797
63947: 0.999797
63948: 0.999797
63949: 0.999797
63950: 0.999797
63951: 0.999797
63952: 0.999797
63953: 0.999797
63954: 0.999797
63955: 0.999797
63956: 0.999797
63957: 0.999797
63958: 0.999797
63959: 0.999797
63960: 0.999797
63961: 0.999797
63962: 0.999797
63963: 0.999797
63964: 0.999797
63965: 0.999797
63966: 0.999797
63967: 0.999797
63968: 0.999797
63969: 0.999797
63970: 0.999797
63971: 0.999797
63972: 0.999797
63973: 0.999797
63974: 0.999797
63975: 0.999797
63976: 0.999797
63977: 0.999797
63978: 0.999797
63979: 0.999797
63980: 0.999797
63981: 0.999797
63982: 0.999797
63983: 0.999797
63984: 0.999797
63985: 0.999797
63986: 0.999797
63987: 0.999797
63988: 0.999797
63989: 0.999797
63990: 0.999797
63991: 0.999797
63992: 0.999797
63993: 0.999797
63994: 0.999797
63995: 0.999797
63996: 0.999797
63997: 0.999797
63998: 0.999797
63999: 0.999797
64000: 0.999797
64001: 0.999797
64002: 0.999797
64003: 0.999797
64004: 0.999797
64005: 0.999797
64006: 0.999797
64007: 0.999797
64008: 0.999797
64009: 0.999797
64010: 0.999797
64011: 0.999797
64012: 0.999797
64013: 0.999797
64014: 0.999797
64015: 0.999797
64016: 0.999797
64017: 0.999797
64018: 0.999797
64019: 0.999797
64020: 0.999797
64021: 0.999797
64022: 0.999797
64023: 0.999797
64024: 0.999797
64025: 0.999797
64026: 0.999797
64027: 0.999797
64028: 0.999797
64029: 0.999797
64030: 0.999797
64031: 0.999797
64032: 0.999797
64033: 0.999797
64034: 0.999797
64035: 0.999797
64036: 0.999797
64037: 0.999797
64038: 0.999797
64039: 0.999797
64040: 0.999797
64041: 0.999797
64042: 0.999797
64043: 0.999797
64044: 0.999797
64045: 0.999797
64046: 0.999797
64047: 0.999797
64048: 0.999797
64049: 0.999797
64050: 0.999797
64051: 0.999797
64052: 0.999797
64053: 0.999797
64054: 0.999797
64055: 0.999797
64056: 0.999797
64057: 0.999797
64058: 0.999797
64059: 0.999797
64060: 0.999797
64061: 0.999797
64062: 0.999797
64063: 0.999797
64064: 0.999797
64065: 0.999797
64066: 0.999797
64067: 0.999797
64068: 0.999797
64069: 0.999797
64070: 0.999797
64071: 0.999797
64072: 0.999797
64073: 0.999797
64074: 0.999797
64075: 0.999797
64076: 0.999797
64077: 0.999797
64078: 0.999797
64079: 0.999797
64080: 0.999797
64081: 0.999797
64082: 0.999797
64083: 0.999797
64084: 0.999797
64085: 0.999797
64086: 0.999797
64087: 0.999797
64088: 0.999797
64089: 0.999797
64090: 0.999797
64091: 0.999797
64092: 0.999797
64093: 0.999797
64094: 0.999797
64095: 0.999797
64096: 0.999797
64097: 0.999797
64098: 0.999797
64099: 0.999797
64100: 0.999797
64101: 0.999797
64102: 0.999797
64103: 0.999797
64104: 0.999797
64105: 0.999797
64106: 0.999797
64107: 0.999797
64108: 0.999797
64109: 0.999797
64110: 0.999797
64111: 0.999797
64112: 0.999797
64113: 0.999797
64114: 0.999797
64115: 0.999797
64116: 0.999797
64117: 0.999797
64118: 0.999797
64119: 0.999797
64120: 0.999797
64121: 0.999797
64122: 0.999797
64123: 0.999797
64124: 0.999797
64125: 0.999797
64126: 0.999797
64127: 0.999797
64128: 0.999797
64129: 0.999797
64130: 0.999797
64131: 0.999797
64132: 0.999797
64133: 0.999797
64134: 0.999797
64135: 0.999797
64136: 0.999797
64137: 0.999797
64138: 0.999797
64139: 0.999797
64140: 0.999797
64141: 0.999797
64142: 0.999797
64143: 0.999797
64144: 0.999797
64145: 0.999797
64146: 0.999797
64147: 0.999797
64148: 0.999797
64149: 0.999797
64150: 0.999797
64151: 0.999797
64152: 0.999797
64153: 0.999797
64154: 0.999797
64155: 0.999797
64156: 0.999797
64157: 0.999797
64158: 0.999797
64159: 0.999797
64160: 0.999797
64161: 0.999797
64162: 0.999797
64163: 0.999797
64164: 0.999797
64165: 0.999797
64166: 0.999797
64167: 0.999797
64168: 0.999797
64169: 0.999797
64170: 0.999797
64171: 0.999797
64172: 0.999797
64173: 0.999797
64174: 0.999797
64175: 0.999797
64176: 0.999797
64177: 0.999797
64178: 0.999797
64179: 0.999797
64180: 0.999797
64181: 0.999797
64182: 0.999797
64183: 0.999797
64184: 0.999797
64185: 0.999797
64186: 0.999797
64187: 0.999797
64188: 0.999797
64189: 0.999797
64190: 0.999797
64191: 0.999797
64192: 0.999797
64193: 0.999797
64194: 0.999797
64195: 0.999797
64196: 0.999797
64197: 0.999798
64198: 0.999798
64199: 0.999798
64200: 0.999798
64201: 0.999798
64202: 0.999798
64203: 0.999798
64204: 0.999798
64205: 0.999798
64206: 0.999798
64207: 0.999798
64208: 0.999798
64209: 0.999798
64210: 0.999798
64211: 0.999798
64212: 0.999798
64213: 0.999798
64214: 0.999798
64215: 0.999798
64216: 0.999798
64217: 0.999798
64218: 0.999798
64219: 0.999798
64220: 0.999798
64221: 0.999798
64222: 0.999798
64223: 0.999798
64224: 0.999798
64225: 0.999798
64226: 0.999798
64227: 0.999798
64228: 0.999798
64229: 0.999798
64230: 0.999798
64231: 0.999798
64232: 0.999798
64233: 0.999798
64234: 0.999798
64235: 0.999798
64236: 0.999798
64237: 0.999798
64238: 0.999798
64239: 0.999798
64240: 0.999798
64241: 0.999798
64242: 0.999798
64243: 0.999798
64244: 0.999798
64245: 0.999798
64246: 0.999798
64247: 0.999798
64248: 0.999798
64249: 0.999798
64250: 0.999798
64251: 0.999798
64252: 0.999798
64253: 0.999798
64254: 0.999798
64255: 0.999798
64256: 0.999798
64257: 0.999798
64258: 0.999798
64259: 0.999798
64260: 0.999798
64261: 0.999798
64262: 0.999798
64263: 0.999798
64264: 0.999798
64265: 0.999798
64266: 0.999798
64267: 0.999798
64268: 0.999798
64269: 0.999798
64270: 0.999798
64271: 0.999798
64272: 0.999798
64273: 0.999798
64274: 0.999798
64275: 0.999798
64276: 0.999798
64277: 0.999798
64278: 0.999798
64279: 0.999798
64280: 0.999798
64281: 0.999798
64282: 0.999798
64283: 0.999798
64284: 0.999798
64285: 0.999798
64286: 0.999798
64287: 0.999798
64288: 0.999798
64289: 0.999798
64290: 0.999798
64291: 0.999798
64292: 0.999798
64293: 0.999798
64294: 0.999798
64295: 0.999798
64296: 0.999798
64297: 0.999798
64298: 0.999798
64299: 0.999798
64300: 0.999798
64301: 0.999798
64302: 0.999798
64303: 0.999798
64304: 0.999798
64305: 0.999798
64306: 0.999798
64307: 0.999798
64308: 0.999798
64309: 0.999798
64310: 0.999798
64311: 0.999798
64312: 0.999798
64313: 0.999798
64314: 0.999798
64315: 0.999798
64316: 0.999798
64317: 0.999798
64318: 0.999798
64319: 0.999798
64320: 0.999798
64321: 0.999798
64322: 0.999798
64323: 0.999798
64324: 0.999798
64325: 0.999798
64326: 0.999798
64327: 0.999798
64328: 0.999798
64329: 0.999798
64330: 0.999798
64331: 0.999798
64332: 0.999798
64333: 0.999798
64334: 0.999798
64335: 0.999798
64336: 0.999798
64337: 0.999798
64338: 0.999798
64339: 0.999798
64340: 0.999798
64341: 0.999798
64342: 0.999798
64343: 0.999798
64344: 0.999798
64345: 0.999798
64346: 0.999798
64347: 0.999798
64348: 0.999798
64349: 0.999798
64350: 0.999798
64351: 0.999798
64352: 0.999798
64353: 0.999798
64354: 0.999798
64355: 0.999798
64356: 0.999798
64357: 0.999798
64358: 0.999798
64359: 0.999798
64360: 0.999798
64361: 0.999798
64362: 0.999798
64363: 0.999798
64364: 0.999798
64365: 0.999798
64366: 0.999798
64367: 0.999798
64368: 0.999798
64369: 0.999798
64370: 0.999798
64371: 0.999798
64372: 0.999798
64373: 0.999798
64374: 0.999798
64375: 0.999798
64376: 0.999798
64377: 0.999798
64378: 0.999798
64379: 0.999798
64380: 0.999798
64381: 0.999798
64382: 0.999798
64383: 0.999798
64384: 0.999798
64385: 0.999798
64386: 0.999798
64387: 0.999798
64388: 0.999798
64389: 0.999798
64390: 0.999798
64391: 0.999798
64392: 0.999798
64393: 0.999798
64394: 0.999798
64395: 0.999798
64396: 0.999798
64397: 0.999798
64398: 0.999798
64399: 0.999798
64400: 0.999798
64401: 0.999798
64402: 0.999798
64403: 0.999798
64404: 0.999798
64405: 0.999798
64406: 0.999798
64407: 0.999798
64408: 0.999798
64409: 0.999798
64410: 0.999798
64411: 0.999798
64412: 0.999798
64413: 0.999798
64414: 0.999798
64415: 0.999798
64416: 0.999798
64417: 0.999798
64418: 0.999798
64419: 0.999798
64420: 0.999798
64421: 0.999798
64422: 0.999798
64423: 0.999798
64424: 0.999798
64425: 0.999798
64426: 0.999798
64427: 0.999798
64428: 0.999798
64429: 0.999798
64430: 0.999798
64431: 0.999798
64432: 0.999798
64433: 0.999798
64434: 0.999798
64435: 0.999798
64436: 0.999798
64437: 0.999798
64438: 0.999798
64439: 0.999798
64440: 0.999798
64441: 0.999798
64442: 0.999798
64443: 0.999798
64444: 0.999798
64445: 0.999798
64446: 0.999798
64447: 0.999798
64448: 0.999798
64449: 0.999798
64450: 0.999798
64451: 0.999798
64452: 0.999798
64453: 0.999798
64454: 0.999798
64455: 0.999798
64456: 0.999798
64457: 0.999798
64458: 0.999798
64459: 0.999798
64460: 0.999798
64461: 0.999798
64462: 0.999798
64463: 0.999798
64464: 0.999798
64465: 0.999798
64466: 0.999798
64467: 0.999798
64468: 0.999798
64469: 0.999798
64470: 0.999798
64471: 0.999798
64472: 0.999798
64473: 0.999798
64474: 0.999798
64475: 0.999798
64476: 0.999798
64477: 0.999798
64478: 0.999798
64479: 0.999798
64480: 0.999798
64481: 0.999798
64482: 0.999798
64483: 0.999798
64484: 0.999798
64485: 0.999798
64486: 0.999798
64487: 0.999798
64488: 0.999798
64489: 0.999798
64490: 0.999798
64491: 0.999798
64492: 0.999798
64493: 0.999798
64494: 0.999798
64495: 0.999798
64496: 0.999798
64497: 0.999798
64498: 0.999798
64499: 0.999798
64500: 0.999798
64501: 0.999798
64502: 0.999798
64503: 0.999798
64504: 0.999798
64505: 0.999798
64506: 0.999798
64507: 0.999798
64508: 0.999798
64509: 0.999798
64510: 0.999798
64511: 0.999798
64512: 0.999798
64513: 0.999798
64514: 0.999798
64515: 0.999798
64516: 0.999799
64517: 0.999799
64518: 0.999799
64519: 0.999799
64520: 0.999799
64521: 0.999799
64522: 0.999799
64523: 0.999799
64524: 0.999799
64525: 0.999799
64526: 0.999799
64527: 0.999799
64528: 0.999799
64529: 0.999799
64530: 0.999799
64531: 0.999799
64532: 0.999799
64533: 0.999799
64534: 0.999799
64535: 0.999799
64536: 0.999799
64537: 0.999799
64538: 0.999799
64539: 0.999799
64540: 0.999799
64541: 0.999799
64542: 0.999799
64543: 0.999799
64544: 0.999799
64545: 0.999799
64546: 0.999799
64547: 0.999799
64548: 0.999799
64549: 0.999799
64550: 0.999799
64551: 0.999799
64552: 0.999799
64553: 0.999799
64554: 0.999799
64555: 0.999799
64556: 0.999799
64557: 0.999799
64558: 0.999799
64559: 0.999799
64560: 0.999799
64561: 0.999799
64562: 0.999799
64563: 0.999799
64564: 0.999799
64565: 0.999799
64566: 0.999799
64567: 0.999799
64568: 0.999799
64569: 0.999799
64570: 0.999799
64571: 0.999799
64572: 0.999799
64573: 0.999799
64574: 0.999799
64575: 0.999799
64576: 0.999799
64577: 0.999799
64578: 0.999799
64579: 0.999799
64580: 0.999799
64581: 0.999799
64582: 0.999799
64583: 0.999799
64584: 0.999799
64585: 0.999799
64586: 0.999799
64587: 0.999799
64588: 0.999799
64589: 0.999799
64590: 0.999799
64591: 0.999799
64592: 0.999799
64593: 0.999799
64594: 0.999799
64595: 0.999799
64596: 0.999799
64597: 0.999799
64598: 0.999799
64599: 0.999799
64600: 0.999799
64601: 0.999799
64602: 0.999799
64603: 0.999799
64604: 0.999799
64605: 0.999799
64606: 0.999799
64607: 0.999799
64608: 0.999799
64609: 0.999799
64610: 0.999799
64611: 0.999799
64612: 0.999799
64613: 0.999799
64614: 0.999799
64615: 0.999799
64616: 0.999799
64617: 0.999799
64618: 0.999799
64619: 0.999799
64620: 0.999799
64621: 0.999799
64622: 0.999799
64623: 0.999799
64624: 0.999799
64625: 0.999799
64626: 0.999799
64627: 0.999799
64628: 0.999799
64629: 0.999799
64630: 0.999799
64631: 0.999799
64632: 0.999799
64633: 0.999799
64634: 0.999799
64635: 0.999799
64636: 0.999799
64637: 0.999799
64638: 0.999799
64639: 0.999799
64640: 0.999799
64641: 0.999799
64642: 0.999799
64643: 0.999799
64644: 0.999799
64645: 0.999799
64646: 0.999799
64647: 0.999799
64648: 0.999799
64649: 0.999799
64650: 0.999799
64651: 0.999799
64652: 0.999799
64653: 0.999799
64654: 0.999799
64655: 0.999799
64656: 0.999799
64657: 0.999799
64658: 0.999799
64659: 0.999799
64660: 0.999799
64661: 0.999799
64662: 0.999799
64663: 0.999799
64664: 0.999799
64665: 0.999799
64666: 0.999799
64667: 0.999799
64668: 0.999799
64669: 0.999799
64670: 0.999799
64671: 0.999799
64672: 0.999799
64673: 0.999799
64674: 0.999799
64675: 0.999799
64676: 0.999799
64677: 0.999799
64678: 0.999799
64679: 0.999799
64680: 0.999799
64681: 0.999799
64682: 0.999799
64683: 0.999799
64684: 0.999799
64685: 0.999799
64686: 0.999799
64687: 0.999799
64688: 0.999799
64689: 0.999799
64690: 0.999799
64691: 0.999799
64692: 0.999799
64693: 0.999799
64694: 0.999799
64695: 0.999799
64696: 0.999799
64697: 0.999799
64698: 0.999799
64699: 0.999799
64700: 0.999799
64701: 0.999799
64702: 0.999799
64703: 0.999799
64704: 0.999799
64705: 0.999799
64706: 0.999799
64707: 0.999799
64708: 0.999799
64709: 0.999799
64710: 0.999799
64711: 0.999799
64712: 0.999799
64713: 0.999799
64714: 0.999799
64715: 0.999799
64716: 0.999799
64717: 0.999799
64718: 0.999799
64719: 0.999799
64720: 0.999799
64721: 0.999799
64722: 0.999799
64723: 0.999799
64724: 0.999799
64725: 0.999799
64726: 0.999799
64727: 0.999799
64728: 0.999799
64729: 0.999799
64730: 0.999799
64731: 0.999799
64732: 0.999799
64733: 0.999799
64734: 0.999799
64735: 0.999799
64736: 0.999799
64737: 0.999799
64738: 0.999799
64739: 0.999799
64740: 0.999799
64741: 0.999799
64742: 0.999799
64743: 0.999799
64744: 0.999799
64745: 0.999799
64746: 0.999799
64747: 0.999799
64748: 0.999799
64749: 0.999799
64750: 0.999799
64751: 0.999799
64752: 0.999799
64753: 0.999799
64754: 0.999799
64755: 0.999799
64756: 0.999799
64757: 0.999799
64758: 0.999799
64759: 0.999799
64760: 0.999799
64761: 0.999799
64762: 0.999799
64763: 0.999799
64764: 0.999799
64765: 0.999799
64766: 0.999799
64767: 0.999799
64768: 0.999799
64769: 0.999799
64770: 0.999799
64771: 0.999799
64772: 0.999799
64773: 0.999799
64774: 0.999799
64775: 0.999799
64776: 0.999799
64777: 0.999799
64778: 0.999799
64779: 0.999799
64780: 0.999799
64781: 0.999799
64782: 0.999799
64783: 0.999799
64784: 0.999799
64785: 0.999799
64786: 0.999799
64787: 0.999799
64788: 0.999799
64789: 0.999799
64790: 0.999799
64791: 0.999799
64792: 0.999799
64793: 0.999799
64794: 0.999799
64795: 0.999799
64796: 0.999799
64797: 0.999799
64798: 0.999799
64799: 0.999799
64800: 0.999799
64801: 0.999799
64802: 0.999799
64803: 0.999799
64804: 0.999799
64805: 0.999799
64806: 0.999799
64807: 0.999799
64808: 0.999799
64809: 0.999799
64810: 0.999799
64811: 0.999799
64812: 0.999799
64813: 0.999799
64814: 0.999799
64815: 0.999799
64816: 0.999799
64817: 0.999799
64818: 0.999799
64819: 0.999799
64820: 0.999799
64821: 0.999799
64822: 0.999799
64823: 0.999799
64824: 0.999799
64825: 0.999799
64826: 0.999799
64827: 0.999799
64828: 0.999799
64829: 0.999799
64830: 0.999799
64831: 0.999799
64832: 0.999799
64833: 0.999799
64834: 0.999799
64835: 0.999799
64836: 0.999799
64837: 0.9998
64838: 0.9998
64839: 0.9998
64840: 0.9998
64841: 0.9998
64842: 0.9998
64843: 0.9998
64844: 0.9998
64845: 0.9998
64846: 0.9998
64847: 0.9998
64848: 0.9998
64849: 0.9998
64850: 0.9998
64851: 0.9998
64852: 0.9998
64853: 0.9998
64854: 0.9998
64855: 0.9998
64856: 0.9998
64857: 0.9998
64858: 0.9998
64859: 0.9998
64860: 0.9998
64861: 0.9998
64862: 0.9998
64863: 0.9998
64864: 0.9998
64865: 0.9998
64866: 0.9998
64867: 0.9998
64868: 0.9998
64869: 0.9998
64870: 0.9998
64871: 0.9998
64872: 0.9998
64873: 0.9998
64874: 0.9998
64875: 0.9998
64876: 0.9998
64877: 0.9998
64878: 0.9998
64879: 0.9998
64880: 0.9998
64881: 0.9998
64882: 0.9998
64883: 0.9998
64884: 0.9998
64885: 0.9998
64886: 0.9998
64887: 0.9998
64888: 0.9998
64889: 0.9998
64890: 0.9998
64891: 0.9998
64892: 0.9998
64893: 0.9998
64894: 0.9998
64895: 0.9998
64896: 0.9998
64897: 0.9998
64898: 0.9998
64899: 0.9998
64900: 0.9998
64901: 0.9998
64902: 0.9998
64903: 0.9998
64904: 0.9998
64905: 0.9998
64906: 0.9998
64907: 0.9998
64908: 0.9998
64909: 0.9998
64910: 0.9998
64911: 0.9998
64912: 0.9998
64913: 0.9998
64914: 0.9998
64915: 0.9998
64916: 0.9998
64917: 0.9998
64918: 0.9998
64919: 0.9998
64920: 0.9998
64921: 0.9998
64922: 0.9998
64923: 0.9998
64924: 0.9998
64925: 0.9998
64926: 0.9998
64927: 0.9998
64928: 0.9998
64929: 0.9998
64930: 0.9998
64931: 0.9998
64932: 0.9998
64933: 0.9998
64934: 0.9998
64935: 0.9998
64936: 0.9998
64937: 0.9998
64938: 0.9998
64939: 0.9998
64940: 0.9998
64941: 0.9998
64942: 0.9998
64943: 0.9998
64944: 0.9998
64945: 0.9998
64946: 0.9998
64947: 0.9998
64948: 0.9998
64949: 0.9998
64950: 0.9998
64951: 0.9998
64952: 0.9998
64953: 0.9998
64954: 0.9998
64955: 0.9998
64956: 0.9998
64957: 0.9998
64958: 0.9998
64959: 0.9998
64960: 0.9998
64961: 0.9998
64962: 0.9998
64963: 0.9998
64964: 0.9998
64965: 0.9998
64966: 0.9998
64967: 0.9998
64968: 0.9998
64969: 0.9998
64970: 0.9998
64971: 0.9998
64972: 0.9998
64973: 0.9998
64974: 0.9998
64975: 0.9998
64976: 0.9998
64977: 0.9998
64978: 0.9998
64979: 0.9998
64980: 0.9998
64981: 0.9998
64982: 0.9998
64983: 0.9998
64984: 0.9998
64985: 0.9998
64986: 0.9998
64987: 0.9998
64988: 0.9998
64989: 0.9998
64990: 0.9998
64991: 0.9998
64992: 0.9998
64993: 0.9998
64994: 0.9998
64995: 0.9998
64996: 0.9998
64997: 0.9998
64998: 0.9998
64999: 0.9998
65000: 0.9998
65001: 0.9998
65002: 0.9998
65003: 0.9998
65004: 0.9998
65005: 0.9998
65006: 0.9998
65007: 0.9998
65008: 0.9998
65009: 0.9998
65010: 0.9998
65011: 0.9998
65012: 0.9998
65013: 0.9998
65014: 0.9998
65015: 0.9998
65016: 0.9998
65017: 0.9998
65018: 0.9998
65019: 0.9998
65020: 0.9998
65021: 0.9998
65022: 0.9998
65023: 0.9998
65024: 0.9998
65025: 0.9998
65026: 0.9998
65027: 0.9998
65028: 0.9998
65029: 0.9998
65030: 0.9998
65031: 0.9998
65032: 0.9998
65033: 0.9998
65034: 0.9998
65035: 0.9998
65036: 0.9998
65037: 0.9998
65038: 0.9998
65039: 0.9998
65040: 0.9998
65041: 0.9998
65042: 0.9998
65043: 0.9998
65044: 0.9998
65045: 0.9998
65046: 0.9998
65047: 0.9998
65048: 0.9998
65049: 0.9998
65050: 0.9998
65051: 0.9998
65052: 0.9998
65053: 0.9998
65054: 0.9998
65055: 0.9998
65056: 0.9998
65057: 0.9998
65058: 0.9998
65059: 0.9998
65060: 0.9998
65061: 0.9998
65062: 0.9998
65063: 0.9998
65064: 0.9998
65065: 0.9998
65066: 0.9998
65067: 0.9998
65068: 0.9998
65069: 0.9998
65070: 0.9998
65071: 0.9998
65072: 0.9998
65073: 0.9998
65074: 0.9998
65075: 0.9998
65076: 0.9998
65077: 0.9998
65078: 0.9998
65079: 0.9998
65080: 0.9998
65081: 0.9998
65082: 0.9998
65083: 0.9998
65084: 0.9998
65085: 0.9998
65086: 0.9998
65087: 0.9998
65088: 0.9998
65089: 0.9998
65090: 0.9998
65091: 0.9998
65092: 0.9998
65093: 0.9998
65094: 0.9998
65095: 0.9998
65096: 0.9998
65097: 0.9998
65098: 0.9998
65099: 0.9998
65100: 0.9998
65101: 0.9998
65102: 0.9998
65103: 0.9998
65104: 0.9998
65105: 0.9998
65106: 0.9998
65107: 0.9998
65108: 0.9998
65109: 0.9998
65110: 0.9998
65111: 0.9998
65112: 0.9998
65113: 0.9998
65114: 0.9998
65115: 0.9998
65116: 0.9998
65117: 0.9998
65118: 0.9998
65119: 0.9998
65120: 0.9998
65121: 0.9998
65122: 0.9998
65123: 0.9998
65124: 0.9998
65125: 0.9998
65126: 0.9998
65127: 0.9998
65128: 0.9998
65129: 0.9998
65130: 0.9998
65131: 0.9998
65132: 0.9998
65133: 0.9998
65134: 0.9998
65135: 0.9998
65136: 0.9998
65137: 0.9998
65138: 0.9998
65139: 0.9998
65140: 0.9998
65141: 0.9998
65142: 0.9998
65143: 0.9998
65144: 0.9998
65145: 0.9998
65146: 0.9998
65147: 0.9998
65148: 0.9998
65149: 0.9998
65150: 0.9998
65151: 0.9998
65152: 0.9998
65153: 0.9998
65154: 0.9998
65155: 0.9998
65156: 0.9998
65157: 0.9998
65158: 0.9998
65159: 0.9998
65160: 0.9998
65161: 0.9998
65162: 0.999801
65163: 0.999801
65164: 0.999801
65165: 0.999801
65166: 0.999801
65167: 0.999801
65168: 0.999801
65169: 0.999801
65170: 0.999801
65171: 0.999801
65172: 0.999801
65173: 0.999801
65174: 0.999801
65175: 0.999801
65176: 0.999801
65177: 0.999801
65178: 0.999801
65179: 0.999801
65180: 0.999801
65181: 0.999801
65182: 0.999801
65183: 0.999801
65184: 0.999801
65185: 0.999801
65186: 0.999801
65187: 0.999801
65188: 0.999801
65189: 0.999801
65190: 0.999801
65191: 0.999801
65192: 0.999801
65193: 0.999801
65194: 0.999801
65195: 0.999801
65196: 0.999801
65197: 0.999801
65198: 0.999801
65199: 0.999801
65200: 0.999801
65201: 0.999801
65202: 0.999801
65203: 0.999801
65204: 0.999801
65205: 0.999801
65206: 0.999801
65207: 0.999801
65208: 0.999801
65209: 0.999801
65210: 0.999801
65211: 0.999801
65212: 0.999801
65213: 0.999801
65214: 0.999801
65215: 0.999801
65216: 0.999801
65217: 0.999801
65218: 0.999801
65219: 0.999801
65220: 0.999801
65221: 0.999801
65222: 0.999801
65223: 0.999801
65224: 0.999801
65225: 0.999801
65226: 0.999801
65227: 0.999801
65228: 0.999801
65229: 0.999801
65230: 0.999801
65231: 0.999801
65232: 0.999801
65233: 0.999801
65234: 0.999801
65235: 0.999801
65236: 0.999801
65237: 0.999801
65238: 0.999801
65239: 0.999801
65240: 0.999801
65241: 0.999801
65242: 0.999801
65243: 0.999801
65244: 0.999801
65245: 0.999801
65246: 0.999801
65247: 0.999801
65248: 0.999801
65249: 0.999801
65250: 0.999801
65251: 0.999801
65252: 0.999801
65253: 0.999801
65254: 0.999801
65255: 0.999801
65256: 0.999801
65257: 0.999801
65258: 0.999801
65259: 0.999801
65260: 0.999801
65261: 0.999801
65262: 0.999801
65263: 0.999801
65264: 0.999801
65265: 0.999801
65266: 0.999801
65267: 0.999801
65268: 0.999801
65269: 0.999801
65270: 0.999801
65271: 0.999801
65272: 0.999801
65273: 0.999801
65274: 0.999801
65275: 0.999801
65276: 0.999801
65277: 0.999801
65278: 0.999801
65279: 0.999801
65280: 0.999801
65281: 0.999801
65282: 0.999801
65283: 0.999801
65284: 0.999801
65285: 0.999801
65286: 0.999801
65287: 0.999801
65288: 0.999801
65289: 0.999801
65290: 0.999801
65291: 0.999801
65292: 0.999801
65293: 0.999801
65294: 0.999801
65295: 0.999801
65296: 0.999801
65297: 0.999801
65298: 0.999801
65299: 0.999801
65300: 0.999801
65301: 0.999801
65302: 0.999801
65303: 0.999801
65304: 0.999801
65305: 0.999801
65306: 0.999801
65307: 0.999801
65308: 0.999801
65309: 0.999801
65310: 0.999801
65311: 0.999801
65312: 0.999801
65313: 0.999801
65314: 0.999801
65315: 0.999801
65316: 0.999801
65317: 0.999801
65318: 0.999801
65319: 0.999801
65320: 0.999801
65321: 0.999801
65322: 0.999801
65323: 0.999801
65324: 0.999801
65325: 0.999801
65326: 0.999801
65327: 0.999801
65328: 0.999801
65329: 0.999801
65330: 0.999801
65331: 0.999801
65332: 0.999801
65333: 0.999801
65334: 0.999801
65335: 0.999801
65336: 0.999801
65337: 0.999801
65338: 0.999801
65339: 0.999801
65340: 0.999801
65341: 0.999801
65342: 0.999801
65343: 0.999801
65344: 0.999801
65345: 0.999801
65346: 0.999801
65347: 0.999801
65348: 0.999801
65349: 0.999801
65350: 0.999801
65351: 0.999801
65352: 0.999801
65353: 0.999801
65354: 0.999801
65355: 0.999801
65356: 0.999801
65357: 0.999801
65358: 0.999801
65359: 0.999801
65360: 0.999801
65361: 0.999801
65362: 0.999801
65363: 0.999801
65364: 0.999801
65365: 0.999801
65366: 0.999801
65367: 0.999801
65368: 0.999801
65369: 0.999801
65370: 0.999801
65371: 0.999801
65372: 0.999801
65373: 0.999801
65374: 0.999801
65375: 0.999801
65376: 0.999801
65377: 0.999801
65378: 0.999801
65379: 0.999801
65380: 0.999801
65381: 0.999801
65382: 0.999801
65383: 0.999801
65384: 0.999801
65385: 0.999801
65386: 0.999801
65387: 0.999801
65388: 0.999801
65389: 0.999801
65390: 0.999801
65391: 0.999801
65392: 0.999801
65393: 0.999801
65394: 0.999801
65395: 0.999801
65396: 0.999801
65397: 0.999801
65398: 0.999801
65399: 0.999801
65400: 0.999801
65401: 0.999801
65402: 0.999801
65403: 0.999801
65404: 0.999801
65405: 0.999801
65406: 0.999801
65407: 0.999801
65408: 0.999801
65409: 0.999801
65410: 0.999801
65411: 0.999801
65412: 0.999801
65413: 0.999801
65414: 0.999801
65415: 0.999801
65416: 0.999801
65417: 0.999801
65418: 0.999801
65419: 0.999801
65420: 0.999801
65421: 0.999801
65422: 0.999801
65423: 0.999801
65424: 0.999801
65425: 0.999801
65426: 0.999801
65427: 0.999801
65428: 0.999801
65429: 0.999801
65430: 0.999801
65431: 0.999801
65432: 0.999801
65433: 0.999801
65434: 0.999801
65435: 0.999801
65436: 0.999801
65437: 0.999801
65438: 0.999801
65439: 0.999801
65440: 0.999801
65441: 0.999801
65442: 0.999801
65443: 0.999801
65444: 0.999801
65445: 0.999801
65446: 0.999801
65447: 0.999801
65448: 0.999801
65449: 0.999801
65450: 0.999801
65451: 0.999801
65452: 0.999801
65453: 0.999801
65454: 0.999801
65455: 0.999801
65456: 0.999801
65457: 0.999801
65458: 0.999801
65459: 0.999801
65460: 0.999801
65461: 0.999801
65462: 0.999801
65463: 0.999801
65464: 0.999801
65465: 0.999801
65466: 0.999801
65467: 0.999801
65468: 0.999801
65469: 0.999801
65470: 0.999801
65471: 0.999801
65472: 0.999801
65473: 0.999801
65474: 0.999801
65475: 0.999801
65476: 0.999801
65477: 0.999801
65478: 0.999801
65479: 0.999801
65480: 0.999801
65481: 0.999801
65482: 0.999801
65483: 0.999801
65484: 0.999801
65485: 0.999801
65486: 0.999801
65487: 0.999801
65488: 0.999801
65489: 0.999801
65490: 0.999801
65491: 0.999802
65492: 0.999802
65493: 0.999802
65494: 0.999802
65495: 0.999802
65496: 0.999802
65497: 0.999802
65498: 0.999802
65499: 0.999802
65500: 0.999802
65501: 0.999802
65502: 0.999802
65503: 0.999802
65504: 0.999802
65505: 0.999802
65506: 0.999802
65507: 0.999802
65508: 0.999802
65509: 0.999802
65510: 0.999802
65511: 0.999802
65512: 0.999802
65513: 0.999802
65514: 0.999802
65515: 0.999802
65516: 0.999802
65517: 0.999802
65518: 0.999802
65519: 0.999802
65520: 0.999802
65521: 0.999802
65522: 0.999802
65523: 0.999802
65524: 0.999802
65525: 0.999802
65526: 0.999802
65527: 0.999802
65528: 0.999802
65529: 0.999802
65530: 0.999802
65531: 0.999802
65532: 0.999802
65533: 0.999802
65534: 0.999802
65535: 0.999802
65536: 0.999802
65537: 0.999802
65538: 0.999802
65539: 0.999802
65540: 0.999802
65541: 0.999802
65542: 0.999802
65543: 0.999802
65544: 0.999802
65545: 0.999802
65546: 0.999802
65547: 0.999802
65548: 0.999802
65549: 0.999802
65550: 0.999802
65551: 0.999802
65552: 0.999802
65553: 0.999802
65554: 0.999802
65555: 0.999802
65556: 0.999802
65557: 0.999802
65558: 0.999802
65559: 0.999802
65560: 0.999802
65561: 0.999802
65562: 0.999802
65563: 0.999802
65564: 0.999802
65565: 0.999802
65566: 0.999802
65567: 0.999802
65568: 0.999802
65569: 0.999802
65570: 0.999802
65571: 0.999802
65572: 0.999802
65573: 0.999802
65574: 0.999802
65575: 0.999802
65576: 0.999802
65577: 0.999802
65578: 0.999802
65579: 0.999802
65580: 0.999802
65581: 0.999802
65582: 0.999802
65583: 0.999802
65584: 0.999802
65585: 0.999802
65586: 0.999802
65587: 0.999802
65588: 0.999802
65589: 0.999802
65590: 0.999802
65591: 0.999802
65592: 0.999802
65593: 0.999802
65594: 0.999802
65595: 0.999802
65596: 0.999802
65597: 0.999802
65598: 0.999802
65599: 0.999802
65600: 0.999802
65601: 0.999802
65602: 0.999802
65603: 0.999802
65604: 0.999802
65605: 0.999802
65606: 0.999802
65607: 0.999802
65608: 0.999802
65609: 0.999802
65610: 0.999802
65611: 0.999802
65612: 0.999802
65613: 0.999802
65614: 0.999802
65615: 0.999802
65616: 0.999802
65617: 0.999802
65618: 0.999802
65619: 0.999802
65620: 0.999802
65621: 0.999802
65622: 0.999802
65623: 0.999802
65624: 0.999802
65625: 0.999802
65626: 0.999802
65627: 0.999802
65628: 0.999802
65629: 0.999802
65630: 0.999802
65631: 0.999802
65632: 0.999802
65633: 0.999802
65634: 0.999802
65635: 0.999802
65636: 0.999802
65637: 0.999802
65638: 0.999802
65639: 0.999802
65640: 0.999802
65641: 0.999802
65642: 0.999802
65643: 0.999802
65644: 0.999802
65645: 0.999802
65646: 0.999802
65647: 0.999802
65648: 0.999802
65649: 0.999802
65650: 0.999802
65651: 0.999802
65652: 0.999802
65653: 0.999802
65654: 0.999802
65655: 0.999802
65656: 0.999802
65657: 0.999802
65658: 0.999802
65659: 0.999802
65660: 0.999802
65661: 0.999802
65662: 0.999802
65663: 0.999802
65664: 0.999802
65665: 0.999802
65666: 0.999802
65667: 0.999802
65668: 0.999802
65669: 0.999802
65670: 0.999802
65671: 0.999802
65672: 0.999802
65673: 0.999802
65674: 0.999802
65675: 0.999802
65676: 0.999802
65677: 0.999802
65678: 0.999802
65679: 0.999802
65680: 0.999802
65681: 0.999802
65682: 0.999802
65683: 0.999802
65684: 0.999802
65685: 0.999802
65686: 0.999802
65687: 0.999802
65688: 0.999802
65689: 0.999802
65690: 0.999802
65691: 0.999802
65692: 0.999802
65693: 0.999802
65694: 0.999802
65695: 0.999802
65696: 0.999802
65697: 0.999802
65698: 0.999802
65699: 0.999802
65700: 0.999802
65701: 0.999802
65702: 0.999802
65703: 0.999802
65704: 0.999802
65705: 0.999802
65706: 0.999802
65707: 0.999802
65708: 0.999802
65709: 0.999802
65710: 0.999802
65711: 0.999802
65712: 0.999802
65713: 0.999802
65714: 0.999802
65715: 0.999802
65716: 0.999802
65717: 0.999802
65718: 0.999802
65719: 0.999802
65720: 0.999802
65721: 0.999802
65722: 0.999802
65723: 0.999802
65724: 0.999802
65725: 0.999802
65726: 0.999802
65727: 0.999802
65728: 0.999802
65729: 0.999802
65730: 0.999802
65731: 0.999802
65732: 0.999802
65733: 0.999802
65734: 0.999802
65735: 0.999802
65736: 0.999802
65737: 0.999802
65738: 0.999802
65739: 0.999802
65740: 0.999802
65741: 0.999802
65742: 0.999802
65743: 0.999802
65744: 0.999802
65745: 0.999802
65746: 0.999802
65747: 0.999802
65748: 0.999802
65749: 0.999802
65750: 0.999802
65751: 0.999802
65752: 0.999802
65753: 0.999802
65754: 0.999802
65755: 0.999802
65756: 0.999802
65757: 0.999802
65758: 0.999802
65759: 0.999802
65760: 0.999802
65761: 0.999802
65762: 0.999802
65763: 0.999802
65764: 0.999802
65765: 0.999802
65766: 0.999802
65767: 0.999802
65768: 0.999802
65769: 0.999802
65770: 0.999802
65771: 0.999802
65772: 0.999802
65773: 0.999802
65774: 0.999802
65775: 0.999802
65776: 0.999802
65777: 0.999802
65778: 0.999802
65779: 0.999802
65780: 0.999802
65781: 0.999802
65782: 0.999802
65783: 0.999802
65784: 0.999802
65785: 0.999802
65786: 0.999802
65787: 0.999802
65788: 0.999802
65789: 0.999802
65790: 0.999802
65791: 0.999802
65792: 0.999802
65793: 0.999802
65794: 0.999802
65795: 0.999802
65796: 0.999802
65797: 0.999802
65798: 0.999802
65799: 0.999802
65800: 0.999802
65801: 0.999802
65802: 0.999802
65803: 0.999802
65804: 0.999802
65805: 0.999802
65806: 0.999802
65807: 0.999802
65808: 0.999802
65809: 0.999802
65810: 0.999802
65811: 0.999802
65812: 0.999802
65813: 0.999802
65814: 0.999802
65815: 0.999802
65816: 0.999802
65817: 0.999802
65818: 0.999802
65819: 0.999802
65820: 0.999802
65821: 0.999802
65822: 0.999803
65823: 0.999803
65824: 0.999803
65825: 0.999803
65826: 0.999803
65827: 0.999803
65828: 0.999803
65829: 0.999803
65830: 0.999803
65831: 0.999803
65832: 0.999803
65833: 0.999803
65834: 0.999803
65835: 0.999803
65836: 0.999803
65837: 0.999803
65838: 0.999803
65839: 0.999803
65840: 0.999803
65841: 0.999803
65842: 0.999803
65843: 0.999803
65844: 0.999803
65845: 0.999803
65846: 0.999803
65847: 0.999803
65848: 0.999803
65849: 0.999803
65850: 0.999803
65851: 0.999803
65852: 0.999803
65853: 0.999803
65854: 0.999803
65855: 0.999803
65856: 0.999803
65857: 0.999803
65858: 0.999803
65859: 0.999803
65860: 0.999803
65861: 0.999803
65862: 0.999803
65863: 0.999803
65864: 0.999803
65865: 0.999803
65866: 0.999803
65867: 0.999803
65868: 0.999803
65869: 0.999803
65870: 0.999803
65871: 0.999803
65872: 0.999803
65873: 0.999803
65874: 0.999803
65875: 0.999803
65876: 0.999803
65877: 0.999803
65878: 0.999803
65879: 0.999803
65880: 0.999803
65881: 0.999803
65882: 0.999803
65883: 0.999803
65884: 0.999803
65885: 0.999803
65886: 0.999803
65887: 0.999803
65888: 0.999803
65889: 0.999803
65890: 0.999803
65891: 0.999803
65892: 0.999803
65893: 0.999803
65894: 0.999803
65895: 0.999803
65896: 0.999803
65897: 0.999803
65898: 0.999803
65899: 0.999803
65900: 0.999803
65901: 0.999803
65902: 0.999803
65903: 0.999803
65904: 0.999803
65905: 0.999803
65906: 0.999803
65907: 0.999803
65908: 0.999803
65909: 0.999803
65910: 0.999803
65911: 0.999803
65912: 0.999803
65913: 0.999803
65914: 0.999803
65915: 0.999803
65916: 0.999803
65917: 0.999803
65918: 0.999803
65919: 0.999803
65920: 0.999803
65921: 0.999803
65922: 0.999803
65923: 0.999803
65924: 0.999803
65925: 0.999803
65926: 0.999803
65927: 0.999803
65928: 0.999803
65929: 0.999803
65930: 0.999803
65931: 0.999803
65932: 0.999803
65933: 0.999803
65934: 0.999803
65935: 0.999803
65936: 0.999803
65937: 0.999803
65938: 0.999803
65939: 0.999803
65940: 0.999803
65941: 0.999803
65942: 0.999803
65943: 0.999803
65944: 0.999803
65945: 0.999803
65946: 0.999803
65947: 0.999803
65948: 0.999803
65949: 0.999803
65950: 0.999803
65951: 0.999803
65952: 0.999803
65953: 0.999803
65954: 0.999803
65955: 0.999803
65956: 0.999803
65957: 0.999803
65958: 0.999803
65959: 0.999803
65960: 0.999803
65961: 0.999803
65962: 0.999803
65963: 0.999803
65964: 0.999803
65965: 0.999803
65966: 0.999803
65967: 0.999803
65968: 0.999803
65969: 0.999803
65970: 0.999803
65971: 0.999803
65972: 0.999803
65973: 0.999803
65974: 0.999803
65975: 0.999803
65976: 0.999803
65977: 0.999803
65978: 0.999803
65979: 0.999803
65980: 0.999803
65981: 0.999803
65982: 0.999803
65983: 0.999803
65984: 0.999803
65985: 0.999803
65986: 0.999803
65987: 0.999803
65988: 0.999803
65989: 0.999803
65990: 0.999803
65991: 0.999803
65992: 0.999803
65993: 0.999803
65994: 0.999803
65995: 0.999803
65996: 0.999803
65997: 0.999803
65998: 0.999803
65999: 0.999803
66000: 0.999803
66001: 0.999803
66002: 0.999803
66003: 0.999803
66004: 0.999803
66005: 0.999803
66006: 0.999803
66007: 0.999803
66008: 0.999803
66009: 0.999803
66010: 0.999803
66011: 0.999803
66012: 0.999803
66013: 0.999803
66014: 0.999803
66015: 0.999803
66016: 0.999803
66017: 0.999803
66018: 0.999803
66019: 0.999803
66020: 0.999803
66021: 0.999803
66022: 0.999803
66023: 0.999803
66024: 0.999803
66025: 0.999803
66026: 0.999803
66027: 0.999803
66028: 0.999803
66029: 0.999803
66030: 0.999803
66031: 0.999803
66032: 0.999803
66033: 0.999803
66034: 0.999803
66035: 0.999803
66036: 0.999803
66037: 0.999803
66038: 0.999803
66039: 0.999803
66040: 0.999803
66041: 0.999803
66042: 0.999803
66043: 0.999803
66044: 0.999803
66045: 0.999803
66046: 0.999803
66047: 0.999803
66048: 0.999803
66049: 0.999803
66050: 0.999803
66051: 0.999803
66052: 0.999803
66053: 0.999803
66054: 0.999803
66055: 0.999803
66056: 0.999803
66057: 0.999803
66058: 0.999803
66059: 0.999803
66060: 0.999803
66061: 0.999803
66062: 0.999803
66063: 0.999803
66064: 0.999803
66065: 0.999803
66066: 0.999803
66067: 0.999803
66068: 0.999803
66069: 0.999803
66070: 0.999803
66071: 0.999803
66072: 0.999803
66073: 0.999803
66074: 0.999803
66075: 0.999803
66076: 0.999803
66077: 0.999803
66078: 0.999803
66079: 0.999803
66080: 0.999803
66081: 0.999803
66082: 0.999803
66083: 0.999803
66084: 0.999803
66085: 0.999803
66086: 0.999803
66087: 0.999803
66088: 0.999803
66089: 0.999803
66090: 0.999803
66091: 0.999803
66092: 0.999803
66093: 0.999803
66094: 0.999803
66095: 0.999803
66096: 0.999803
66097: 0.999803
66098: 0.999803
66099: 0.999803
66100: 0.999803
66101: 0.999803
66102: 0.999803
66103: 0.999803
66104: 0.999803
66105: 0.999803
66106: 0.999803
66107: 0.999803
66108: 0.999803
66109: 0.999803
66110: 0.999803
66111: 0.999803
66112: 0.999803
66113: 0.999803
66114: 0.999803
66115: 0.999803
66116: 0.999803
66117: 0.999803
66118: 0.999803
66119: 0.999803
66120: 0.999803
66121: 0.999803
66122: 0.999803
66123: 0.999803
66124: 0.999803
66125: 0.999803
66126: 0.999803
66127: 0.999803
66128: 0.999803
66129: 0.999803
66130: 0.999803
66131: 0.999803
66132: 0.999803
66133: 0.999803
66134: 0.999803
66135: 0.999803
66136: 0.999803
66137: 0.999803
66138: 0.999803
66139: 0.999803
66140: 0.999803
66141: 0.999803
66142: 0.999803
66143: 0.999803
66144: 0.999803
66145: 0.999803
66146: 0.999803
66147: 0.999803
66148: 0.999803
66149: 0.999803
66150: 0.999803
66151: 0.999803
66152: 0.999803
66153: 0.999803
66154: 0.999803
66155: 0.999803
66156: 0.999803
66157: 0.999804
66158: 0.999804
66159: 0.999804
66160: 0.999804
66161: 0.999804
66162: 0.999804
66163: 0.999804
66164: 0.999804
66165: 0.999804
66166: 0.999804
66167: 0.999804
66168: 0.999804
66169: 0.999804
66170: 0.999804
66171: 0.999804
66172: 0.999804
66173: 0.999804
66174: 0.999804
66175: 0.999804
66176: 0.999804
66177: 0.999804
66178: 0.999804
66179: 0.999804
66180: 0.999804
66181: 0.999804
66182: 0.999804
66183: 0.999804
66184: 0.999804
66185: 0.999804
66186: 0.999804
66187: 0.999804
66188: 0.999804
66189: 0.999804
66190: 0.999804
66191: 0.999804
66192: 0.999804
66193: 0.999804
66194: 0.999804
66195: 0.999804
66196: 0.999804
66197: 0.999804
66198: 0.999804
66199: 0.999804
66200: 0.999804
66201: 0.999804
66202: 0.999804
66203: 0.999804
66204: 0.999804
66205: 0.999804
66206: 0.999804
66207: 0.999804
66208: 0.999804
66209: 0.999804
66210: 0.999804
66211: 0.999804
66212: 0.999804
66213: 0.999804
66214: 0.999804
66215: 0.999804
66216: 0.999804
66217: 0.999804
66218: 0.999804
66219: 0.999804
66220: 0.999804
66221: 0.999804
66222: 0.999804
66223: 0.999804
66224: 0.999804
66225: 0.999804
66226: 0.999804
66227: 0.999804
66228: 0.999804
66229: 0.999804
66230: 0.999804
66231: 0.999804
66232: 0.999804
66233: 0.999804
66234: 0.999804
66235: 0.999804
66236: 0.999804
66237: 0.999804
66238: 0.999804
66239: 0.999804
66240: 0.999804
66241: 0.999804
66242: 0.999804
66243: 0.999804
66244: 0.999804
66245: 0.999804
66246: 0.999804
66247: 0.999804
66248: 0.999804
66249: 0.999804
66250: 0.999804
66251: 0.999804
66252: 0.999804
66253: 0.999804
66254: 0.999804
66255: 0.999804
66256: 0.999804
66257: 0.999804
66258: 0.999804
66259: 0.999804
66260: 0.999804
66261: 0.999804
66262: 0.999804
66263: 0.999804
66264: 0.999804
66265: 0.999804
66266: 0.999804
66267: 0.999804
66268: 0.999804
66269: 0.999804
66270: 0.999804
66271: 0.999804
66272: 0.999804
66273: 0.999804
66274: 0.999804
66275: 0.999804
66276: 0.999804
66277: 0.999804
66278: 0.999804
66279: 0.999804
66280: 0.999804
66281: 0.999804
66282: 0.999804
66283: 0.999804
66284: 0.999804
66285: 0.999804
66286: 0.999804
66287: 0.999804
66288: 0.999804
66289: 0.999804
66290: 0.999804
66291: 0.999804
66292: 0.999804
66293: 0.999804
66294: 0.999804
66295: 0.999804
66296: 0.999804
66297: 0.999804
66298: 0.999804
66299: 0.999804
66300: 0.999804
66301: 0.999804
66302: 0.999804
66303: 0.999804
66304: 0.999804
66305: 0.999804
66306: 0.999804
66307: 0.999804
66308: 0.999804
66309: 0.999804
66310: 0.999804
66311: 0.999804
66312: 0.999804
66313: 0.999804
66314: 0.999804
66315: 0.999804
66316: 0.999804
66317: 0.999804
66318: 0.999804
66319: 0.999804
66320: 0.999804
66321: 0.999804
66322: 0.999804
66323: 0.999804
66324: 0.999804
66325: 0.999804
66326: 0.999804
66327: 0.999804
66328: 0.999804
66329: 0.999804
66330: 0.999804
66331: 0.999804
66332: 0.999804
66333: 0.999804
66334: 0.999804
66335: 0.999804
66336: 0.999804
66337: 0.999804
66338: 0.999804
66339: 0.999804
66340: 0.999804
66341: 0.999804
66342: 0.999804
66343: 0.999804
66344: 0.999804
66345: 0.999804
66346: 0.999804
66347: 0.999804
66348: 0.999804
66349: 0.999804
66350: 0.999804
66351: 0.999804
66352: 0.999804
66353: 0.999804
66354: 0.999804
66355: 0.999804
66356: 0.999804
66357: 0.999804
66358: 0.999804
66359: 0.999804
66360: 0.999804
66361: 0.999804
66362: 0.999804
66363: 0.999804
66364: 0.999804
66365: 0.999804
66366: 0.999804
66367: 0.999804
66368: 0.999804
66369: 0.999804
66370: 0.999804
66371: 0.999804
66372: 0.999804
66373: 0.999804
66374: 0.999804
66375: 0.999804
66376: 0.999804
66377: 0.999804
66378: 0.999804
66379: 0.999804
66380: 0.999804
66381: 0.999804
66382: 0.999804
66383: 0.999804
66384: 0.999804
66385: 0.999804
66386: 0.999804
66387: 0.999804
66388: 0.999804
66389: 0.999804
66390: 0.999804
66391: 0.999804
66392: 0.999804
66393: 0.999804
66394: 0.999804
66395: 0.999804
66396: 0.999804
66397: 0.999804
66398: 0.999804
66399: 0.999804
66400: 0.999804
66401: 0.999804
66402: 0.999804
66403: 0.999804
66404: 0.999804
66405: 0.999804
66406: 0.999804
66407: 0.999804
66408: 0.999804
66409: 0.999804
66410: 0.999804
66411: 0.999804
66412: 0.999804
66413: 0.999804
66414: 0.999804
66415: 0.999804
66416: 0.999804
66417: 0.999804
66418: 0.999804
66419: 0.999804
66420: 0.999804
66421: 0.999804
66422: 0.999804
66423: 0.999804
66424: 0.999804
66425: 0.999804
66426: 0.999804
66427: 0.999804
66428: 0.999804
66429: 0.999804
66430: 0.999804
66431: 0.999804
66432: 0.999804
66433: 0.999804
66434: 0.999804
66435: 0.999804
66436: 0.999804
66437: 0.999804
66438: 0.999804
66439: 0.999804
66440: 0.999804
66441: 0.999804
66442: 0.999804
66443: 0.999804
66444: 0.999804
66445: 0.999804
66446: 0.999804
66447: 0.999804
66448: 0.999804
66449: 0.999804
66450: 0.999804
66451: 0.999804
66452: 0.999804
66453: 0.999804
66454: 0.999804
66455: 0.999804
66456: 0.999804
66457: 0.999804
66458: 0.999804
66459: 0.999804
66460: 0.999804
66461: 0.999804
66462: 0.999804
66463: 0.999804
66464: 0.999804
66465: 0.999804
66466: 0.999804
66467: 0.999804
66468: 0.999804
66469: 0.999804
66470: 0.999804
66471: 0.999804
66472: 0.999804
66473: 0.999804
66474: 0.999804
66475: 0.999804
66476: 0.999804
66477: 0.999804
66478: 0.999804
66479: 0.999804
66480: 0.999804
66481: 0.999804
66482: 0.999804
66483: 0.999804
66484: 0.999804
66485: 0.999804
66486: 0.999804
66487: 0.999804
66488: 0.999804
66489: 0.999804
66490: 0.999804
66491: 0.999804
66492: 0.999804
66493: 0.999804
66494: 0.999804
66495: 0.999804
66496: 0.999805
66497: 0.999805
66498: 0.999805
66499: 0.999805
66500: 0.999805
66501: 0.999805
66502: 0.999805
66503: 0.999805
66504: 0.999805
66505: 0.999805
66506: 0.999805
66507: 0.999805
66508: 0.999805
66509: 0.999805
66510: 0.999805
66511: 0.999805
66512: 0.999805
66513: 0.999805
66514: 0.999805
66515: 0.999805
66516: 0.999805
66517: 0.999805
66518: 0.999805
66519: 0.999805
66520: 0.999805
66521: 0.999805
66522: 0.999805
66523: 0.999805
66524: 0.999805
66525: 0.999805
66526: 0.999805
66527: 0.999805
66528: 0.999805
66529: 0.999805
66530: 0.999805
66531: 0.999805
66532: 0.999805
66533: 0.999805
66534: 0.999805
66535: 0.999805
66536: 0.999805
66537: 0.999805
66538: 0.999805
66539: 0.999805
66540: 0.999805
66541: 0.999805
66542: 0.999805
66543: 0.999805
66544: 0.999805
66545: 0.999805
66546: 0.999805
66547: 0.999805
66548: 0.999805
66549: 0.999805
66550: 0.999805
66551: 0.999805
66552: 0.999805
66553: 0.999805
66554: 0.999805
66555: 0.999805
66556: 0.999805
66557: 0.999805
66558: 0.999805
66559: 0.999805
66560: 0.999805
66561: 0.999805
66562: 0.999805
66563: 0.999805
66564: 0.999805
66565: 0.999805
66566: 0.999805
66567: 0.999805
66568: 0.999805
66569: 0.999805
66570: 0.999805
66571: 0.999805
66572: 0.999805
66573: 0.999805
66574: 0.999805
66575: 0.999805
66576: 0.999805
66577: 0.999805
66578: 0.999805
66579: 0.999805
66580: 0.999805
66581: 0.999805
66582: 0.999805
66583: 0.999805
66584: 0.999805
66585: 0.999805
66586: 0.999805
66587: 0.999805
66588: 0.999805
66589: 0.999805
66590: 0.999805
66591: 0.999805
66592: 0.999805
66593: 0.999805
66594: 0.999805
66595: 0.999805
66596: 0.999805
66597: 0.999805
66598: 0.999805
66599: 0.999805
66600: 0.999805
66601: 0.999805
66602: 0.999805
66603: 0.999805
66604: 0.999805
66605: 0.999805
66606: 0.999805
66607: 0.999805
66608: 0.999805
66609: 0.999805
66610: 0.999805
66611: 0.999805
66612: 0.999805
66613: 0.999805
66614: 0.999805
66615: 0.999805
66616: 0.999805
66617: 0.999805
66618: 0.999805
66619: 0.999805
66620: 0.999805
66621: 0.999805
66622: 0.999805
66623: 0.999805
66624: 0.999805
66625: 0.999805
66626: 0.999805
66627: 0.999805
66628: 0.999805
66629: 0.999805
66630: 0.999805
66631: 0.999805
66632: 0.999805
66633: 0.999805
66634: 0.999805
66635: 0.999805
66636: 0.999805
66637: 0.999805
66638: 0.999805
66639: 0.999805
66640: 0.999805
66641: 0.999805
66642: 0.999805
66643: 0.999805
66644: 0.999805
66645: 0.999805
66646: 0.999805
66647: 0.999805
66648: 0.999805
66649: 0.999805
66650: 0.999805
66651: 0.999805
66652: 0.999805
66653: 0.999805
66654: 0.999805
66655: 0.999805
66656: 0.999805
66657: 0.999805
66658: 0.999805
66659: 0.999805
66660: 0.999805
66661: 0.999805
66662: 0.999805
66663: 0.999805
66664: 0.999805
66665: 0.999805
66666: 0.999805
66667: 0.999805
66668: 0.999805
66669: 0.999805
66670: 0.999805
66671: 0.999805
66672: 0.999805
66673: 0.999805
66674: 0.999805
66675: 0.999805
66676: 0.999805
66677: 0.999805
66678: 0.999805
66679: 0.999805
66680: 0.999805
66681: 0.999805
66682: 0.999805
66683: 0.999805
66684: 0.999805
66685: 0.999805
66686: 0.999805
66687: 0.999805
66688: 0.999805
66689: 0.999805
66690: 0.999805
66691: 0.999805
66692: 0.999805
66693: 0.999805
66694: 0.999805
66695: 0.999805
66696: 0.999805
66697: 0.999805
66698: 0.999805
66699: 0.999805
66700: 0.999805
66701: 0.999805
66702: 0.999805
66703: 0.999805
66704: 0.999805
66705: 0.999805
66706: 0.999805
66707: 0.999805
66708: 0.999805
66709: 0.999805
66710: 0.999805
66711: 0.999805
66712: 0.999805
66713: 0.999805
66714: 0.999805
66715: 0.999805
66716: 0.999805
66717: 0.999805
66718: 0.999805
66719: 0.999805
66720: 0.999805
66721: 0.999805
66722: 0.999805
66723: 0.999805
66724: 0.999805
66725: 0.999805
66726: 0.999805
66727: 0.999805
66728: 0.999805
66729: 0.999805
66730: 0.999805
66731: 0.999805
66732: 0.999805
66733: 0.999805
66734: 0.999805
66735: 0.999805
66736: 0.999805
66737: 0.999805
66738: 0.999805
66739: 0.999805
66740: 0.999805
66741: 0.999805
66742: 0.999805
66743: 0.999805
66744: 0.999805
66745: 0.999805
66746: 0.999805
66747: 0.999805
66748: 0.999805
66749: 0.999805
66750: 0.999805
66751: 0.999805
66752: 0.999805
66753: 0.999805
66754: 0.999805
66755: 0.999805
66756: 0.999805
66757: 0.999805
66758: 0.999805
66759: 0.999805
66760: 0.999805
66761: 0.999805
66762: 0.999805
66763: 0.999805
66764: 0.999805
66765: 0.999805
66766: 0.999805
66767: 0.999805
66768: 0.999805
66769: 0.999805
66770: 0.999805
66771: 0.999805
66772: 0.999805
66773: 0.999805
66774: 0.999805
66775: 0.999805
66776: 0.999805
66777: 0.999805
66778: 0.999805
66779: 0.999805
66780: 0.999805
66781: 0.999805
66782: 0.999805
66783: 0.999805
66784: 0.999805
66785: 0.999805
66786: 0.999805
66787: 0.999805
66788: 0.999805
66789: 0.999805
66790: 0.999805
66791: 0.999805
66792: 0.999805
66793: 0.999805
66794: 0.999805
66795: 0.999805
66796: 0.999805
66797: 0.999805
66798: 0.999805
66799: 0.999805
66800: 0.999805
66801: 0.999805
66802: 0.999805
66803: 0.999805
66804: 0.999805
66805: 0.999805
66806: 0.999805
66807: 0.999805
66808: 0.999805
66809: 0.999805
66810: 0.999805
66811: 0.999805
66812: 0.999805
66813: 0.999805
66814: 0.999805
66815: 0.999805
66816: 0.999805
66817: 0.999805
66818: 0.999805
66819: 0.999805
66820: 0.999805
66821: 0.999805
66822: 0.999805
66823: 0.999805
66824: 0.999805
66825: 0.999805
66826: 0.999805
66827: 0.999805
66828: 0.999805
66829: 0.999805
66830: 0.999805
66831: 0.999805
66832: 0.999805
66833: 0.999805
66834: 0.999805
66835: 0.999805
66836: 0.999805
66837: 0.999805
66838: 0.999806
66839: 0.999806
66840: 0.999806
66841: 0.999806
66842: 0.999806
66843: 0.999806
66844: 0.999806
66845: 0.999806
66846: 0.999806
66847: 0.999806
66848: 0.999806
66849: 0.999806
66850: 0.999806
66851: 0.999806
66852: 0.999806
66853: 0.999806
66854: 0.999806
66855: 0.999806
66856: 0.999806
66857: 0.999806
66858: 0.999806
66859: 0.999806
66860: 0.999806
66861: 0.999806
66862: 0.999806
66863: 0.999806
66864: 0.999806
66865: 0.999806
66866: 0.999806
66867: 0.999806
66868: 0.999806
66869: 0.999806
66870: 0.999806
66871: 0.999806
66872: 0.999806
66873: 0.999806
66874: 0.999806
66875: 0.999806
66876: 0.999806
66877: 0.999806
66878: 0.999806
66879: 0.999806
66880: 0.999806
66881: 0.999806
66882: 0.999806
66883: 0.999806
66884: 0.999806
66885: 0.999806
66886: 0.999806
66887: 0.999806
66888: 0.999806
66889: 0.999806
66890: 0.999806
66891: 0.999806
66892: 0.999806
66893: 0.999806
66894: 0.999806
66895: 0.999806
66896: 0.999806
66897: 0.999806
66898: 0.999806
66899: 0.999806
66900: 0.999806
66901: 0.999806
66902: 0.999806
66903: 0.999806
66904: 0.999806
66905: 0.999806
66906: 0.999806
66907: 0.999806
66908: 0.999806
66909: 0.999806
66910: 0.999806
66911: 0.999806
66912: 0.999806
66913: 0.999806
66914: 0.999806
66915: 0.999806
66916: 0.999806
66917: 0.999806
66918: 0.999806
66919: 0.999806
66920: 0.999806
66921: 0.999806
66922: 0.999806
66923: 0.999806
66924: 0.999806
66925: 0.999806
66926: 0.999806
66927: 0.999806
66928: 0.999806
66929: 0.999806
66930: 0.999806
66931: 0.999806
66932: 0.999806
66933: 0.999806
66934: 0.999806
66935: 0.999806
66936: 0.999806
66937: 0.999806
66938: 0.999806
66939: 0.999806
66940: 0.999806
66941: 0.999806
66942: 0.999806
66943: 0.999806
66944: 0.999806
66945: 0.999806
66946: 0.999806
66947: 0.999806
66948: 0.999806
66949: 0.999806
66950: 0.999806
66951: 0.999806
66952: 0.999806
66953: 0.999806
66954: 0.999806
66955: 0.999806
66956: 0.999806
66957: 0.999806
66958: 0.999806
66959: 0.999806
66960: 0.999806
66961: 0.999806
66962: 0.999806
66963: 0.999806
66964: 0.999806
66965: 0.999806
66966: 0.999806
66967: 0.999806
66968: 0.999806
66969: 0.999806
66970: 0.999806
66971: 0.999806
66972: 0.999806
66973: 0.999806
66974: 0.999806
66975: 0.999806
66976: 0.999806
66977: 0.999806
66978: 0.999806
66979: 0.999806
66980: 0.999806
66981: 0.999806
66982: 0.999806
66983: 0.999806
66984: 0.999806
66985: 0.999806
66986: 0.999806
66987: 0.999806
66988: 0.999806
66989: 0.999806
66990: 0.999806
66991: 0.999806
66992: 0.999806
66993: 0.999806
66994: 0.999806
66995: 0.999806
66996: 0.999806
66997: 0.999806
66998: 0.999806
66999: 0.999806
67000: 0.999806
67001: 0.999806
67002: 0.999806
67003: 0.999806
67004: 0.999806
67005: 0.999806
67006: 0.999806
67007: 0.999806
67008: 0.999806
67009: 0.999806
67010: 0.999806
67011: 0.999806
67012: 0.999806
67013: 0.999806
67014: 0.999806
67015: 0.999806
67016: 0.999806
67017: 0.999806
67018: 0.999806
67019: 0.999806
67020: 0.999806
67021: 0.999806
67022: 0.999806
67023: 0.999806
67024: 0.999806
67025: 0.999806
67026: 0.999806
67027: 0.999806
67028: 0.999806
67029: 0.999806
67030: 0.999806
67031: 0.999806
67032: 0.999806
67033: 0.999806
67034: 0.999806
67035: 0.999806
67036: 0.999806
67037: 0.999806
67038: 0.999806
67039: 0.999806
67040: 0.999806
67041: 0.999806
67042: 0.999806
67043: 0.999806
67044: 0.999806
67045: 0.999806
67046: 0.999806
67047: 0.999806
67048: 0.999806
67049: 0.999806
67050: 0.999806
67051: 0.999806
67052: 0.999806
67053: 0.999806
67054: 0.999806
67055: 0.999806
67056: 0.999806
67057: 0.999806
67058: 0.999806
67059: 0.999806
67060: 0.999806
67061: 0.999806
67062: 0.999806
67063: 0.999806
67064: 0.999806
67065: 0.999806
67066: 0.999806
67067: 0.999806
67068: 0.999806
67069: 0.999806
67070: 0.999806
67071: 0.999806
67072: 0.999806
67073: 0.999806
67074: 0.999806
67075: 0.999806
67076: 0.999806
67077: 0.999806
67078: 0.999806
67079: 0.999806
67080: 0.999806
67081: 0.999806
67082: 0.999806
67083: 0.999806
67084: 0.999806
67085: 0.999806
67086: 0.999806
67087: 0.999806
67088: 0.999806
67089: 0.999806
67090: 0.999806
67091: 0.999806
67092: 0.999806
67093: 0.999806
67094: 0.999806
67095: 0.999806
67096: 0.999806
67097: 0.999806
67098: 0.999806
67099: 0.999806
67100: 0.999806
67101: 0.999806
67102: 0.999806
67103: 0.999806
67104: 0.999806
67105: 0.999806
67106: 0.999806
67107: 0.999806
67108: 0.999806
67109: 0.999806
67110: 0.999806
67111: 0.999806
67112: 0.999806
67113: 0.999806
67114: 0.999806
67115: 0.999806
67116: 0.999806
67117: 0.999806
67118: 0.999806
67119: 0.999806
67120: 0.999806
67121: 0.999806
67122: 0.999806
67123: 0.999806
67124: 0.999806
67125: 0.999806
67126: 0.999806
67127: 0.999806
67128: 0.999806
67129: 0.999806
67130: 0.999806
67131: 0.999806
67132: 0.999806
67133: 0.999806
67134: 0.999806
67135: 0.999806
67136: 0.999806
67137: 0.999806
67138: 0.999806
67139: 0.999806
67140: 0.999806
67141: 0.999806
67142: 0.999806
67143: 0.999806
67144: 0.999806
67145: 0.999806
67146: 0.999806
67147: 0.999806
67148: 0.999806
67149: 0.999806
67150: 0.999806
67151: 0.999806
67152: 0.999806
67153: 0.999806
67154: 0.999806
67155: 0.999806
67156: 0.999806
67157: 0.999806
67158: 0.999806
67159: 0.999806
67160: 0.999806
67161: 0.999806
67162: 0.999806
67163: 0.999806
67164: 0.999806
67165: 0.999806
67166: 0.999806
67167: 0.999806
67168: 0.999806
67169: 0.999806
67170: 0.999806
67171: 0.999806
67172: 0.999806
67173: 0.999806
67174: 0.999806
67175: 0.999806
67176: 0.999806
67177: 0.999806
67178: 0.999806
67179: 0.999806
67180: 0.999806
67181: 0.999806
67182: 0.999806
67183: 0.999807
67184: 0.999807
67185: 0.999807
67186: 0.999807
67187: 0.999807
67188: 0.999807
67189: 0.999807
67190: 0.999807
67191: 0.999807
67192: 0.999807
67193: 0.999807
67194: 0.999807
67195: 0.999807
67196: 0.999807
67197: 0.999807
67198: 0.999807
67199: 0.999807
67200: 0.999807
67201: 0.999807
67202: 0.999807
67203: 0.999807
67204: 0.999807
67205: 0.999807
67206: 0.999807
67207: 0.999807
67208: 0.999807
67209: 0.999807
67210: 0.999807
67211: 0.999807
67212: 0.999807
67213: 0.999807
67214: 0.999807
67215: 0.999807
67216: 0.999807
67217: 0.999807
67218: 0.999807
67219: 0.999807
67220: 0.999807
67221: 0.999807
67222: 0.999807
67223: 0.999807
67224: 0.999807
67225: 0.999807
67226: 0.999807
67227: 0.999807
67228: 0.999807
67229: 0.999807
67230: 0.999807
67231: 0.999807
67232: 0.999807
67233: 0.999807
67234: 0.999807
67235: 0.999807
67236: 0.999807
67237: 0.999807
67238: 0.999807
67239: 0.999807
67240: 0.999807
67241: 0.999807
67242: 0.999807
67243: 0.999807
67244: 0.999807
67245: 0.999807
67246: 0.999807
67247: 0.999807
67248: 0.999807
67249: 0.999807
67250: 0.999807
67251: 0.999807
67252: 0.999807
67253: 0.999807
67254: 0.999807
67255: 0.999807
67256: 0.999807
67257: 0.999807
67258: 0.999807
67259: 0.999807
67260: 0.999807
67261: 0.999807
67262: 0.999807
67263: 0.999807
67264: 0.999807
67265: 0.999807
67266: 0.999807
67267: 0.999807
67268: 0.999807
67269: 0.999807
67270: 0.999807
67271: 0.999807
67272: 0.999807
67273: 0.999807
67274: 0.999807
67275: 0.999807
67276: 0.999807
67277: 0.999807
67278: 0.999807
67279: 0.999807
67280: 0.999807
67281: 0.999807
67282: 0.999807
67283: 0.999807
67284: 0.999807
67285: 0.999807
67286: 0.999807
67287: 0.999807
67288: 0.999807
67289: 0.999807
67290: 0.999807
67291: 0.999807
67292: 0.999807
67293: 0.999807
67294: 0.999807
67295: 0.999807
67296: 0.999807
67297: 0.999807
67298: 0.999807
67299: 0.999807
67300: 0.999807
67301: 0.999807
67302: 0.999807
67303: 0.999807
67304: 0.999807
67305: 0.999807
67306: 0.999807
67307: 0.999807
67308: 0.999807
67309: 0.999807
67310: 0.999807
67311: 0.999807
67312: 0.999807
67313: 0.999807
67314: 0.999807
67315: 0.999807
67316: 0.999807
67317: 0.999807
67318: 0.999807
67319: 0.999807
67320: 0.999807
67321: 0.999807
67322: 0.999807
67323: 0.999807
67324: 0.999807
67325: 0.999807
67326: 0.999807
67327: 0.999807
67328: 0.999807
67329: 0.999807
67330: 0.999807
67331: 0.999807
67332: 0.999807
67333: 0.999807
67334: 0.999807
67335: 0.999807
67336: 0.999807
67337: 0.999807
67338: 0.999807
67339: 0.999807
67340: 0.999807
67341: 0.999807
67342: 0.999807
67343: 0.999807
67344: 0.999807
67345: 0.999807
67346: 0.999807
67347: 0.999807
67348: 0.999807
67349: 0.999807
67350: 0.999807
67351: 0.999807
67352: 0.999807
67353: 0.999807
67354: 0.999807
67355: 0.999807
67356: 0.999807
67357: 0.999807
67358: 0.999807
67359: 0.999807
67360: 0.999807
67361: 0.999807
67362: 0.999807
67363: 0.999807
67364: 0.999807
67365: 0.999807
67366: 0.999807
67367: 0.999807
67368: 0.999807
67369: 0.999807
67370: 0.999807
67371: 0.999807
67372: 0.999807
67373: 0.999807
67374: 0.999807
67375: 0.999807
67376: 0.999807
67377: 0.999807
67378: 0.999807
67379: 0.999807
67380: 0.999807
67381: 0.999807
67382: 0.999807
67383: 0.999807
67384: 0.999807
67385: 0.999807
67386: 0.999807
67387: 0.999807
67388: 0.999807
67389: 0.999807
67390: 0.999807
67391: 0.999807
67392: 0.999807
67393: 0.999807
67394: 0.999807
67395: 0.999807
67396: 0.999807
67397: 0.999807
67398: 0.999807
67399: 0.999807
67400: 0.999807
67401: 0.999807
67402: 0.999807
67403: 0.999807
67404: 0.999807
67405: 0.999807
67406: 0.999807
67407: 0.999807
67408: 0.999807
67409: 0.999807
67410: 0.999807
67411: 0.999807
67412: 0.999807
67413: 0.999807
67414: 0.999807
67415: 0.999807
67416: 0.999807
67417: 0.999807
67418: 0.999807
67419: 0.999807
67420: 0.999807
67421: 0.999807
67422: 0.999807
67423: 0.999807
67424: 0.999807
67425: 0.999807
67426: 0.999807
67427: 0.999807
67428: 0.999807
67429: 0.999807
67430: 0.999807
67431: 0.999807
67432: 0.999807
67433: 0.999807
67434: 0.999807
67435: 0.999807
67436: 0.999807
67437: 0.999807
67438: 0.999807
67439: 0.999807
67440: 0.999807
67441: 0.999807
67442: 0.999807
67443: 0.999807
67444: 0.999807
67445: 0.999807
67446: 0.999807
67447: 0.999807
67448: 0.999807
67449: 0.999807
67450: 0.999807
67451: 0.999807
67452: 0.999807
67453: 0.999807
67454: 0.999807
67455: 0.999807
67456: 0.999807
67457: 0.999807
67458: 0.999807
67459: 0.999807
67460: 0.999807
67461: 0.999807
67462: 0.999807
67463: 0.999807
67464: 0.999807
67465: 0.999807
67466: 0.999807
67467: 0.999807
67468: 0.999807
67469: 0.999807
67470: 0.999807
67471: 0.999807
67472: 0.999807
67473: 0.999807
67474: 0.999807
67475: 0.999807
67476: 0.999807
67477: 0.999807
67478: 0.999807
67479: 0.999807
67480: 0.999807
67481: 0.999807
67482: 0.999807
67483: 0.999807
67484: 0.999807
67485: 0.999807
67486: 0.999807
67487: 0.999807
67488: 0.999807
67489: 0.999807
67490: 0.999807
67491: 0.999807
67492: 0.999807
67493: 0.999807
67494: 0.999807
67495: 0.999807
67496: 0.999807
67497: 0.999807
67498: 0.999807
67499: 0.999807
67500: 0.999807
67501: 0.999807
67502: 0.999807
67503: 0.999807
67504: 0.999807
67505: 0.999807
67506: 0.999807
67507: 0.999807
67508: 0.999807
67509: 0.999807
67510: 0.999807
67511: 0.999807
67512: 0.999807
67513: 0.999807
67514: 0.999807
67515: 0.999807
67516: 0.999807
67517: 0.999807
67518: 0.999807
67519: 0.999807
67520: 0.999807
67521: 0.999807
67522: 0.999807
67523: 0.999807
67524: 0.999807
67525: 0.999807
67526: 0.999807
67527: 0.999807
67528: 0.999807
67529: 0.999807
67530: 0.999807
67531: 0.999807
67532: 0.999808
67533: 0.999808
67534: 0.999808
67535: 0.999808
67536: 0.999808
67537: 0.999808
67538: 0.999808
67539: 0.999808
67540: 0.999808
67541: 0.999808
67542: 0.999808
67543: 0.999808
67544: 0.999808
67545: 0.999808
67546: 0.999808
67547: 0.999808
67548: 0.999808
67549: 0.999808
67550: 0.999808
67551: 0.999808
67552: 0.999808
67553: 0.999808
67554: 0.999808
67555: 0.999808
67556: 0.999808
67557: 0.999808
67558: 0.999808
67559: 0.999808
67560: 0.999808
67561: 0.999808
67562: 0.999808
67563: 0.999808
67564: 0.999808
67565: 0.999808
67566: 0.999808
67567: 0.999808
67568: 0.999808
67569: 0.999808
67570: 0.999808
67571: 0.999808
67572: 0.999808
67573: 0.999808
67574: 0.999808
67575: 0.999808
67576: 0.999808
67577: 0.999808
67578: 0.999808
67579: 0.999808
67580: 0.999808
67581: 0.999808
67582: 0.999808
67583: 0.999808
67584: 0.999808
67585: 0.999808
67586: 0.999808
67587: 0.999808
67588: 0.999808
67589: 0.999808
67590: 0.999808
67591: 0.999808
67592: 0.999808
67593: 0.999808
67594: 0.999808
67595: 0.999808
67596: 0.999808
67597: 0.999808
67598: 0.999808
67599: 0.999808
67600: 0.999808
67601: 0.999808
67602: 0.999808
67603: 0.999808
67604: 0.999808
67605: 0.999808
67606: 0.999808
67607: 0.999808
67608: 0.999808
67609: 0.999808
67610: 0.999808
67611: 0.999808
67612: 0.999808
67613: 0.999808
67614: 0.999808
67615: 0.999808
67616: 0.999808
67617: 0.999808
67618: 0.999808
67619: 0.999808
67620: 0.999808
67621: 0.999808
67622: 0.999808
67623: 0.999808
67624: 0.999808
67625: 0.999808
67626: 0.999808
67627: 0.999808
67628: 0.999808
67629: 0.999808
67630: 0.999808
67631: 0.999808
67632: 0.999808
67633: 0.999808
67634: 0.999808
67635: 0.999808
67636: 0.999808
67637: 0.999808
67638: 0.999808
67639: 0.999808
67640: 0.999808
67641: 0.999808
67642: 0.999808
67643: 0.999808
67644: 0.999808
67645: 0.999808
67646: 0.999808
67647: 0.999808
67648: 0.999808
67649: 0.999808
67650: 0.999808
67651: 0.999808
67652: 0.999808
67653: 0.999808
67654: 0.999808
67655: 0.999808
67656: 0.999808
67657: 0.999808
67658: 0.999808
67659: 0.999808
67660: 0.999808
67661: 0.999808
67662: 0.999808
67663: 0.999808
67664: 0.999808
67665: 0.999808
67666: 0.999808
67667: 0.999808
67668: 0.999808
67669: 0.999808
67670: 0.999808
67671: 0.999808
67672: 0.999808
67673: 0.999808
67674: 0.999808
67675: 0.999808
67676: 0.999808
67677: 0.999808
67678: 0.999808
67679: 0.999808
67680: 0.999808
67681: 0.999808
67682: 0.999808
67683: 0.999808
67684: 0.999808
67685: 0.999808
67686: 0.999808
67687: 0.999808
67688: 0.999808
67689: 0.999808
67690: 0.999808
67691: 0.999808
67692: 0.999808
67693: 0.999808
67694: 0.999808
67695: 0.999808
67696: 0.999808
67697: 0.999808
67698: 0.999808
67699: 0.999808
67700: 0.999808
67701: 0.999808
67702: 0.999808
67703: 0.999808
67704: 0.999808
67705: 0.999808
67706: 0.999808
67707: 0.999808
67708: 0.999808
67709: 0.999808
67710: 0.999808
67711: 0.999808
67712: 0.999808
67713: 0.999808
67714: 0.999808
67715: 0.999808
67716: 0.999808
67717: 0.999808
67718: 0.999808
67719: 0.999808
67720: 0.999808
67721: 0.999808
67722: 0.999808
67723: 0.999808
67724: 0.999808
67725: 0.999808
67726: 0.999808
67727: 0.999808
67728: 0.999808
67729: 0.999808
67730: 0.999808
67731: 0.999808
67732: 0.999808
67733: 0.999808
67734: 0.999808
67735: 0.999808
67736: 0.999808
67737: 0.999808
67738: 0.999808
67739: 0.999808
67740: 0.999808
67741: 0.999808
67742: 0.999808
67743: 0.999808
67744: 0.999808
67745: 0.999808
67746: 0.999808
67747: 0.999808
67748: 0.999808
67749: 0.999808
67750: 0.999808
67751: 0.999808
67752: 0.999808
67753: 0.999808
67754: 0.999808
67755: 0.999808
67756: 0.999808
67757: 0.999808
67758: 0.999808
67759: 0.999808
67760: 0.999808
67761: 0.999808
67762: 0.999808
67763: 0.999808
67764: 0.999808
67765: 0.999808
67766: 0.999808
67767: 0.999808
67768: 0.999808
67769: 0.999808
67770: 0.999808
67771: 0.999808
67772: 0.999808
67773: 0.999808
67774: 0.999808
67775: 0.999808
67776: 0.999808
67777: 0.999808
67778: 0.999808
67779: 0.999808
67780: 0.999808
67781: 0.999808
67782: 0.999808
67783: 0.999808
67784: 0.999808
67785: 0.999808
67786: 0.999808
67787: 0.999808
67788: 0.999808
67789: 0.999808
67790: 0.999808
67791: 0.999808
67792: 0.999808
67793: 0.999808
67794: 0.999808
67795: 0.999808
67796: 0.999808
67797: 0.999808
67798: 0.999808
67799: 0.999808
67800: 0.999808
67801: 0.999808
67802: 0.999808
67803: 0.999808
67804: 0.999808
67805: 0.999808
67806: 0.999808
67807: 0.999808
67808: 0.999808
67809: 0.999808
67810: 0.999808
67811: 0.999808
67812: 0.999808
67813: 0.999808
67814: 0.999808
67815: 0.999808
67816: 0.999808
67817: 0.999808
67818: 0.999808
67819: 0.999808
67820: 0.999808
67821: 0.999808
67822: 0.999808
67823: 0.999808
67824: 0.999808
67825: 0.999808
67826: 0.999808
67827: 0.999808
67828: 0.999808
67829: 0.999808
67830: 0.999808
67831: 0.999808
67832: 0.999808
67833: 0.999808
67834: 0.999808
67835: 0.999808
67836: 0.999808
67837: 0.999808
67838: 0.999808
67839: 0.999808
67840: 0.999808
67841: 0.999808
67842: 0.999808
67843: 0.999808
67844: 0.999808
67845: 0.999808
67846: 0.999808
67847: 0.999808
67848: 0.999808
67849: 0.999808
67850: 0.999808
67851: 0.999808
67852: 0.999808
67853: 0.999808
67854: 0.999808
67855: 0.999808
67856: 0.999808
67857: 0.999808
67858: 0.999808
67859: 0.999808
67860: 0.999808
67861: 0.999808
67862: 0.999808
67863: 0.999808
67864: 0.999808
67865: 0.999808
67866: 0.999808
67867: 0.999808
67868: 0.999808
67869: 0.999808
67870: 0.999808
67871: 0.999808
67872: 0.999808
67873: 0.999808
67874: 0.999808
67875: 0.999808
67876: 0.999808
67877: 0.999808
67878: 0.999808
67879: 0.999808
67880: 0.999808
67881: 0.999808
67882: 0.999808
67883: 0.999808
67884: 0.999808
67885: 0.999809
67886: 0.999809
67887: 0.999809
67888: 0.999809
67889: 0.999809
67890: 0.999809
67891: 0.999809
67892: 0.999809
67893: 0.999809
67894: 0.999809
67895: 0.999809
67896: 0.999809
67897: 0.999809
67898: 0.999809
67899: 0.999809
67900: 0.999809
67901: 0.999809
67902: 0.999809
67903: 0.999809
67904: 0.999809
67905: 0.999809
67906: 0.999809
67907: 0.999809
67908: 0.999809
67909: 0.999809
67910: 0.999809
67911: 0.999809
67912: 0.999809
67913: 0.999809
67914: 0.999809
67915: 0.999809
67916: 0.999809
67917: 0.999809
67918: 0.999809
67919: 0.999809
67920: 0.999809
67921: 0.999809
67922: 0.999809
67923: 0.999809
67924: 0.999809
67925: 0.999809
67926: 0.999809
67927: 0.999809
67928: 0.999809
67929: 0.999809
67930: 0.999809
67931: 0.999809
67932: 0.999809
67933: 0.999809
67934: 0.999809
67935: 0.999809
67936: 0.999809
67937: 0.999809
67938: 0.999809
67939: 0.999809
67940: 0.999809
67941: 0.999809
67942: 0.999809
67943: 0.999809
67944: 0.999809
67945: 0.999809
67946: 0.999809
67947: 0.999809
67948: 0.999809
67949: 0.999809
67950: 0.999809
67951: 0.999809
67952: 0.999809
67953: 0.999809
67954: 0.999809
67955: 0.999809
67956: 0.999809
67957: 0.999809
67958: 0.999809
67959: 0.999809
67960: 0.999809
67961: 0.999809
67962: 0.999809
67963: 0.999809
67964: 0.999809
67965: 0.999809
67966: 0.999809
67967: 0.999809
67968: 0.999809
67969: 0.999809
67970: 0.999809
67971: 0.999809
67972: 0.999809
67973: 0.999809
67974: 0.999809
67975: 0.999809
67976: 0.999809
67977: 0.999809
67978: 0.999809
67979: 0.999809
67980: 0.999809
67981: 0.999809
67982: 0.999809
67983: 0.999809
67984: 0.999809
67985: 0.999809
67986: 0.999809
67987: 0.999809
67988: 0.999809
67989: 0.999809
67990: 0.999809
67991: 0.999809
67992: 0.999809
67993: 0.999809
67994: 0.999809
67995: 0.999809
67996: 0.999809
67997: 0.999809
67998: 0.999809
67999: 0.999809
68000: 0.999809
68001: 0.999809
68002: 0.999809
68003: 0.999809
68004: 0.999809
68005: 0.999809
68006: 0.999809
68007: 0.999809
68008: 0.999809
68009: 0.999809
68010: 0.999809
68011: 0.999809
68012: 0.999809
68013: 0.999809
68014: 0.999809
68015: 0.999809
68016: 0.999809
68017: 0.999809
68018: 0.999809
68019: 0.999809
68020: 0.999809
68021: 0.999809
68022: 0.999809
68023: 0.999809
68024: 0.999809
68025: 0.999809
68026: 0.999809
68027: 0.999809
68028: 0.999809
68029: 0.999809
68030: 0.999809
68031: 0.999809
68032: 0.999809
68033: 0.999809
68034: 0.999809
68035: 0.999809
68036: 0.999809
68037: 0.999809
68038: 0.999809
68039: 0.999809
68040: 0.999809
68041: 0.999809
68042: 0.999809
68043: 0.999809
68044: 0.999809
68045: 0.999809
68046: 0.999809
68047: 0.999809
68048: 0.999809
68049: 0.999809
68050: 0.999809
68051: 0.999809
68052: 0.999809
68053: 0.999809
68054: 0.999809
68055: 0.999809
68056: 0.999809
68057: 0.999809
68058: 0.999809
68059: 0.999809
68060: 0.999809
68061: 0.999809
68062: 0.999809
68063: 0.999809
68064: 0.999809
68065: 0.999809
68066: 0.999809
68067: 0.999809
68068: 0.999809
68069: 0.999809
68070: 0.999809
68071: 0.999809
68072: 0.999809
68073: 0.999809
68074: 0.999809
68075: 0.999809
68076: 0.999809
68077: 0.999809
68078: 0.999809
68079: 0.999809
68080: 0.999809
68081: 0.999809
68082: 0.999809
68083: 0.999809
68084: 0.999809
68085: 0.999809
68086: 0.999809
68087: 0.999809
68088: 0.999809
68089: 0.999809
68090: 0.999809
68091: 0.999809
68092: 0.999809
68093: 0.999809
68094: 0.999809
68095: 0.999809
68096: 0.999809
68097: 0.999809
68098: 0.999809
68099: 0.999809
68100: 0.999809
68101: 0.999809
68102: 0.999809
68103: 0.999809
68104: 0.999809
68105: 0.999809
68106: 0.999809
68107: 0.999809
68108: 0.999809
68109: 0.999809
68110: 0.999809
68111: 0.999809
68112: 0.999809
68113: 0.999809
68114: 0.999809
68115: 0.999809
68116: 0.999809
68117: 0.999809
68118: 0.999809
68119: 0.999809
68120: 0.999809
68121: 0.999809
68122: 0.999809
68123: 0.999809
68124: 0.999809
68125: 0.999809
68126: 0.999809
68127: 0.999809
68128: 0.999809
68129: 0.999809
68130: 0.999809
68131: 0.999809
68132: 0.999809
68133: 0.999809
68134: 0.999809
68135: 0.999809
68136: 0.999809
68137: 0.999809
68138: 0.999809
68139: 0.999809
68140: 0.999809
68141: 0.999809
68142: 0.999809
68143: 0.999809
68144: 0.999809
68145: 0.999809
68146: 0.999809
68147: 0.999809
68148: 0.999809
68149: 0.999809
68150: 0.999809
68151: 0.999809
68152: 0.999809
68153: 0.999809
68154: 0.999809
68155: 0.999809
68156: 0.999809
68157: 0.999809
68158: 0.999809
68159: 0.999809
68160: 0.999809
68161: 0.999809
68162: 0.999809
68163: 0.999809
68164: 0.999809
68165: 0.999809
68166: 0.999809
68167: 0.999809
68168: 0.999809
68169: 0.999809
68170: 0.999809
68171: 0.999809
68172: 0.999809
68173: 0.999809
68174: 0.999809
68175: 0.999809
68176: 0.999809
68177: 0.999809
68178: 0.999809
68179: 0.999809
68180: 0.999809
68181: 0.999809
68182: 0.999809
68183: 0.999809
68184: 0.999809
68185: 0.999809
68186: 0.999809
68187: 0.999809
68188: 0.999809
68189: 0.999809
68190: 0.999809
68191: 0.999809
68192: 0.999809
68193: 0.999809
68194: 0.999809
68195: 0.999809
68196: 0.999809
68197: 0.999809
68198: 0.999809
68199: 0.999809
68200: 0.999809
68201: 0.999809
68202: 0.999809
68203: 0.999809
68204: 0.999809
68205: 0.999809
68206: 0.999809
68207: 0.999809
68208: 0.999809
68209: 0.999809
68210: 0.999809
68211: 0.999809
68212: 0.999809
68213: 0.999809
68214: 0.999809
68215: 0.999809
68216: 0.999809
68217: 0.999809
68218: 0.999809
68219: 0.999809
68220: 0.999809
68221: 0.999809
68222: 0.999809
68223: 0.999809
68224: 0.999809
68225: 0.999809
68226: 0.999809
68227: 0.999809
68228: 0.999809
68229: 0.999809
68230: 0.999809
68231: 0.999809
68232: 0.999809
68233: 0.999809
68234: 0.999809
68235: 0.999809
68236: 0.999809
68237: 0.999809
68238: 0.999809
68239: 0.999809
68240: 0.999809
68241: 0.99981
68242: 0.99981
68243: 0.99981
68244: 0.99981
68245: 0.99981
68246: 0.99981
68247: 0.99981
68248: 0.99981
68249: 0.99981
68250: 0.99981
68251: 0.99981
68252: 0.99981
68253: 0.99981
68254: 0.99981
68255: 0.99981
68256: 0.99981
68257: 0.99981
68258: 0.99981
68259: 0.99981
68260: 0.99981
68261: 0.99981
68262: 0.99981
68263: 0.99981
68264: 0.99981
68265: 0.99981
68266: 0.99981
68267: 0.99981
68268: 0.99981
68269: 0.99981
68270: 0.99981
68271: 0.99981
68272: 0.99981
68273: 0.99981
68274: 0.99981
68275: 0.99981
68276: 0.99981
68277: 0.99981
68278: 0.99981
68279: 0.99981
68280: 0.99981
68281: 0.99981
68282: 0.99981
68283: 0.99981
68284: 0.99981
68285: 0.99981
68286: 0.99981
68287: 0.99981
68288: 0.99981
68289: 0.99981
68290: 0.99981
68291: 0.99981
68292: 0.99981
68293: 0.99981
68294: 0.99981
68295: 0.99981
68296: 0.99981
68297: 0.99981
68298: 0.99981
68299: 0.99981
68300: 0.99981
68301: 0.99981
68302: 0.99981
68303: 0.99981
68304: 0.99981
68305: 0.99981
68306: 0.99981
68307: 0.99981
68308: 0.99981
68309: 0.99981
68310: 0.99981
68311: 0.99981
68312: 0.99981
68313: 0.99981
68314: 0.99981
68315: 0.99981
68316: 0.99981
68317: 0.99981
68318: 0.99981
68319: 0.99981
68320: 0.99981
68321: 0.99981
68322: 0.99981
68323: 0.99981
68324: 0.99981
68325: 0.99981
68326: 0.99981
68327: 0.99981
68328: 0.99981
68329: 0.99981
68330: 0.99981
68331: 0.99981
68332: 0.99981
68333: 0.99981
68334: 0.99981
68335: 0.99981
68336: 0.99981
68337: 0.99981
68338: 0.99981
68339: 0.99981
68340: 0.99981
68341: 0.99981
68342: 0.99981
68343: 0.99981
68344: 0.99981
68345: 0.99981
68346: 0.99981
68347: 0.99981
68348: 0.99981
68349: 0.99981
68350: 0.99981
68351: 0.99981
68352: 0.99981
68353: 0.99981
68354: 0.99981
68355: 0.99981
68356: 0.99981
68357: 0.99981
68358: 0.99981
68359: 0.99981
68360: 0.99981
68361: 0.99981
68362: 0.99981
68363: 0.99981
68364: 0.99981
68365: 0.99981
68366: 0.99981
68367: 0.99981
68368: 0.99981
68369: 0.99981
68370: 0.99981
68371: 0.99981
68372: 0.99981
68373: 0.99981
68374: 0.99981
68375: 0.99981
68376: 0.99981
68377: 0.99981
68378: 0.99981
68379: 0.99981
68380: 0.99981
68381: 0.99981
68382: 0.99981
68383: 0.99981
68384: 0.99981
68385: 0.99981
68386: 0.99981
68387: 0.99981
68388: 0.99981
68389: 0.99981
68390: 0.99981
68391: 0.99981
68392: 0.99981
68393: 0.99981
68394: 0.99981
68395: 0.99981
68396: 0.99981
68397: 0.99981
68398: 0.99981
68399: 0.99981
68400: 0.99981
68401: 0.99981
68402: 0.99981
68403: 0.99981
68404: 0.99981
68405: 0.99981
68406: 0.99981
68407: 0.99981
68408: 0.99981
68409: 0.99981
68410: 0.99981
68411: 0.99981
68412: 0.99981
68413: 0.99981
68414: 0.99981
68415: 0.99981
68416: 0.99981
68417: 0.99981
68418: 0.99981
68419: 0.99981
68420: 0.99981
68421: 0.99981
68422: 0.99981
68423: 0.99981
68424: 0.99981
68425: 0.99981
68426: 0.99981
68427: 0.99981
68428: 0.99981
68429: 0.99981
68430: 0.99981
68431: 0.99981
68432: 0.99981
68433: 0.99981
68434: 0.99981
68435: 0.99981
68436: 0.99981
68437: 0.99981
68438: 0.99981
68439: 0.99981
68440: 0.99981
68441: 0.99981
68442: 0.99981
68443: 0.99981
68444: 0.99981
68445: 0.99981
68446: 0.99981
68447: 0.99981
68448: 0.99981
68449: 0.99981
68450: 0.99981
68451: 0.99981
68452: 0.99981
68453: 0.99981
68454: 0.99981
68455: 0.99981
68456: 0.99981
68457: 0.99981
68458: 0.99981
68459: 0.99981
68460: 0.99981
68461: 0.99981
68462: 0.99981
68463: 0.99981
68464: 0.99981
68465: 0.99981
68466: 0.99981
68467: 0.99981
68468: 0.99981
68469: 0.99981
68470: 0.99981
68471: 0.99981
68472: 0.99981
68473: 0.99981
68474: 0.99981
68475: 0.99981
68476: 0.99981
68477: 0.99981
68478: 0.99981
68479: 0.99981
68480: 0.99981
68481: 0.99981
68482: 0.99981
68483: 0.99981
68484: 0.99981
68485: 0.99981
68486: 0.99981
68487: 0.99981
68488: 0.99981
68489: 0.99981
68490: 0.99981
68491: 0.99981
68492: 0.99981
68493: 0.99981
68494: 0.99981
68495: 0.99981
68496: 0.99981
68497: 0.99981
68498: 0.99981
68499: 0.99981
68500: 0.99981
68501: 0.99981
68502: 0.99981
68503: 0.99981
68504: 0.99981
68505: 0.99981
68506: 0.99981
68507: 0.99981
68508: 0.99981
68509: 0.99981
68510: 0.99981
68511: 0.99981
68512: 0.99981
68513: 0.99981
68514: 0.99981
68515: 0.99981
68516: 0.99981
68517: 0.99981
68518: 0.99981
68519: 0.99981
68520: 0.99981
68521: 0.99981
68522: 0.99981
68523: 0.99981
68524: 0.99981
68525: 0.99981
68526: 0.99981
68527: 0.99981
68528: 0.99981
68529: 0.99981
68530: 0.99981
68531: 0.99981
68532: 0.99981
68533: 0.99981
68534: 0.99981
68535: 0.99981
68536: 0.99981
68537: 0.99981
68538: 0.99981
68539: 0.99981
68540: 0.99981
68541: 0.99981
68542: 0.99981
68543: 0.99981
68544: 0.99981
68545: 0.99981
68546: 0.99981
68547: 0.99981
68548: 0.99981
68549: 0.99981
68550: 0.99981
68551: 0.99981
68552: 0.99981
68553: 0.99981
68554: 0.99981
68555: 0.99981
68556: 0.99981
68557: 0.99981
68558: 0.99981
68559: 0.99981
68560: 0.99981
68561: 0.99981
68562: 0.99981
68563: 0.99981
68564: 0.99981
68565: 0.99981
68566: 0.99981
68567: 0.99981
68568: 0.99981
68569: 0.99981
68570: 0.99981
68571: 0.99981
68572: 0.99981
68573: 0.99981
68574: 0.99981
68575: 0.99981
68576: 0.99981
68577: 0.99981
68578: 0.99981
68579: 0.99981
68580: 0.99981
68581: 0.99981
68582: 0.99981
68583: 0.99981
68584: 0.99981
68585: 0.99981
68586: 0.99981
68587: 0.99981
68588: 0.99981
68589: 0.99981
68590: 0.99981
68591: 0.99981
68592: 0.99981
68593: 0.99981
68594: 0.99981
68595: 0.99981
68596: 0.99981
68597: 0.99981
68598: 0.99981
68599: 0.99981
68600: 0.99981
68601: 0.999811
68602: 0.999811
68603: 0.999811
68604: 0.999811
68605: 0.999811
68606: 0.999811
68607: 0.999811
68608: 0.999811
68609: 0.999811
68610: 0.999811
68611: 0.999811
68612: 0.999811
68613: 0.999811
68614: 0.999811
68615: 0.999811
68616: 0.999811
68617: 0.999811
68618: 0.999811
68619: 0.999811
68620: 0.999811
68621: 0.999811
68622: 0.999811
68623: 0.999811
68624: 0.999811
68625: 0.999811
68626: 0.999811
68627: 0.999811
68628: 0.999811
68629: 0.999811
68630: 0.999811
68631: 0.999811
68632: 0.999811
68633: 0.999811
68634: 0.999811
68635: 0.999811
68636: 0.999811
68637: 0.999811
68638: 0.999811
68639: 0.999811
68640: 0.999811
68641: 0.999811
68642: 0.999811
68643: 0.999811
68644: 0.999811
68645: 0.999811
68646: 0.999811
68647: 0.999811
68648: 0.999811
68649: 0.999811
68650: 0.999811
68651: 0.999811
68652: 0.999811
68653: 0.999811
68654: 0.999811
68655: 0.999811
68656: 0.999811
68657: 0.999811
68658: 0.999811
68659: 0.999811
68660: 0.999811
68661: 0.999811
68662: 0.999811
68663: 0.999811
68664: 0.999811
68665: 0.999811
68666: 0.999811
68667: 0.999811
68668: 0.999811
68669: 0.999811
68670: 0.999811
68671: 0.999811
68672: 0.999811
68673: 0.999811
68674: 0.999811
68675: 0.999811
68676: 0.999811
68677: 0.999811
68678: 0.999811
68679: 0.999811
68680: 0.999811
68681: 0.999811
68682: 0.999811
68683: 0.999811
68684: 0.999811
68685: 0.999811
68686: 0.999811
68687: 0.999811
68688: 0.999811
68689: 0.999811
68690: 0.999811
68691: 0.999811
68692: 0.999811
68693: 0.999811
68694: 0.999811
68695: 0.999811
68696: 0.999811
68697: 0.999811
68698: 0.999811
68699: 0.999811
68700: 0.999811
68701: 0.999811
68702: 0.999811
68703: 0.999811
68704: 0.999811
68705: 0.999811
68706: 0.999811
68707: 0.999811
68708: 0.999811
68709: 0.999811
68710: 0.999811
68711: 0.999811
68712: 0.999811
68713: 0.999811
68714: 0.999811
68715: 0.999811
68716: 0.999811
68717: 0.999811
68718: 0.999811
68719: 0.999811
68720: 0.999811
68721: 0.999811
68722: 0.999811
68723: 0.999811
68724: 0.999811
68725: 0.999811
68726: 0.999811
68727: 0.999811
68728: 0.999811
68729: 0.999811
68730: 0.999811
68731: 0.999811
68732: 0.999811
68733: 0.999811
68734: 0.999811
68735: 0.999811
68736: 0.999811
68737: 0.999811
68738: 0.999811
68739: 0.999811
68740: 0.999811
68741: 0.999811
68742: 0.999811
68743: 0.999811
68744: 0.999811
68745: 0.999811
68746: 0.999811
68747: 0.999811
68748: 0.999811
68749: 0.999811
68750: 0.999811
68751: 0.999811
68752: 0.999811
68753: 0.999811
68754: 0.999811
68755: 0.999811
68756: 0.999811
68757: 0.999811
68758: 0.999811
68759: 0.999811
68760: 0.999811
68761: 0.999811
68762: 0.999811
68763: 0.999811
68764: 0.999811
68765: 0.999811
68766: 0.999811
68767: 0.999811
68768: 0.999811
68769: 0.999811
68770: 0.999811
68771: 0.999811
68772: 0.999811
68773: 0.999811
68774: 0.999811
68775: 0.999811
68776: 0.999811
68777: 0.999811
68778: 0.999811
68779: 0.999811
68780: 0.999811
68781: 0.999811
68782: 0.999811
68783: 0.999811
68784: 0.999811
68785: 0.999811
68786: 0.999811
68787: 0.999811
68788: 0.999811
68789: 0.999811
68790: 0.999811
68791: 0.999811
68792: 0.999811
68793: 0.999811
68794: 0.999811
68795: 0.999811
68796: 0.999811
68797: 0.999811
68798: 0.999811
68799: 0.999811
68800: 0.999811
68801: 0.999811
68802: 0.999811
68803: 0.999811
68804: 0.999811
68805: 0.999811
68806: 0.999811
68807: 0.999811
68808: 0.999811
68809: 0.999811
68810: 0.999811
68811: 0.999811
68812: 0.999811
68813: 0.999811
68814: 0.999811
68815: 0.999811
68816: 0.999811
68817: 0.999811
68818: 0.999811
68819: 0.999811
68820: 0.999811
68821: 0.999811
68822: 0.999811
68823: 0.999811
68824: 0.999811
68825: 0.999811
68826: 0.999811
68827: 0.999811
68828: 0.999811
68829: 0.999811
68830: 0.999811
68831: 0.999811
68832: 0.999811
68833: 0.999811
68834: 0.999811
68835: 0.999811
68836: 0.999811
68837: 0.999811
68838: 0.999811
68839: 0.999811
68840: 0.999811
68841: 0.999811
68842: 0.999811
68843: 0.999811
68844: 0.999811
68845: 0.999811
68846: 0.999811
68847: 0.999811
68848: 0.999811
68849: 0.999811
68850: 0.999811
68851: 0.999811
68852: 0.999811
68853: 0.999811
68854: 0.999811
68855: 0.999811
68856: 0.999811
68857: 0.999811
68858: 0.999811
68859: 0.999811
68860: 0.999811
68861: 0.999811
68862: 0.999811
68863: 0.999811
68864: 0.999811
68865: 0.999811
68866: 0.999811
68867: 0.999811
68868: 0.999811
68869: 0.999811
68870: 0.999811
68871: 0.999811
68872: 0.999811
68873: 0.999811
68874: 0.999811
68875: 0.999811
68876: 0.999811
68877: 0.999811
68878: 0.999811
68879: 0.999811
68880: 0.999811
68881: 0.999811
68882: 0.999811
68883: 0.999811
68884: 0.999811
68885: 0.999811
68886: 0.999811
68887: 0.999811
68888: 0.999811
68889: 0.999811
68890: 0.999811
68891: 0.999811
68892: 0.999811
68893: 0.999811
68894: 0.999811
68895: 0.999811
68896: 0.999811
68897: 0.999811
68898: 0.999811
68899: 0.999811
68900: 0.999811
68901: 0.999811
68902: 0.999811
68903: 0.999811
68904: 0.999811
68905: 0.999811
68906: 0.999811
68907: 0.999811
68908: 0.999811
68909: 0.999811
68910: 0.999811
68911: 0.999811
68912: 0.999811
68913: 0.999811
68914: 0.999811
68915: 0.999811
68916: 0.999811
68917: 0.999811
68918: 0.999811
68919: 0.999811
68920: 0.999811
68921: 0.999811
68922: 0.999811
68923: 0.999811
68924: 0.999811
68925: 0.999811
68926: 0.999811
68927: 0.999811
68928: 0.999811
68929: 0.999811
68930: 0.999811
68931: 0.999811
68932: 0.999811
68933: 0.999811
68934: 0.999811
68935: 0.999811
68936: 0.999811
68937: 0.999811
68938: 0.999811
68939: 0.999811
68940: 0.999811
68941: 0.999811
68942: 0.999811
68943: 0.999811
68944: 0.999811
68945: 0.999811
68946: 0.999811
68947: 0.999811
68948: 0.999811
68949: 0.999811
68950: 0.999811
68951: 0.999811
68952: 0.999811
68953: 0.999811
68954: 0.999811
68955: 0.999811
68956: 0.999811
68957: 0.999811
68958: 0.999811
68959: 0.999811
68960: 0.999811
68961: 0.999811
68962: 0.999811
68963: 0.999811
68964: 0.999811
68965: 0.999812
68966: 0.999812
68967: 0.999812
68968: 0.999812
68969: 0.999812
68970: 0.999812
68971: 0.999812
68972: 0.999812
68973: 0.999812
68974: 0.999812
68975: 0.999812
68976: 0.999812
68977: 0.999812
68978: 0.999812
68979: 0.999812
68980: 0.999812
68981: 0.999812
68982: 0.999812
68983: 0.999812
68984: 0.999812
68985: 0.999812
68986: 0.999812
68987: 0.999812
68988: 0.999812
68989: 0.999812
68990: 0.999812
68991: 0.999812
68992: 0.999812
68993: 0.999812
68994: 0.999812
68995: 0.999812
68996: 0.999812
68997: 0.999812
68998: 0.999812
68999: 0.999812
69000: 0.999812
69001: 0.999812
69002: 0.999812
69003: 0.999812
69004: 0.999812
69005: 0.999812
69006: 0.999812
69007: 0.999812
69008: 0.999812
69009: 0.999812
69010: 0.999812
69011: 0.999812
69012: 0.999812
69013: 0.999812
69014: 0.999812
69015: 0.999812
69016: 0.999812
69017: 0.999812
69018: 0.999812
69019: 0.999812
69020: 0.999812
69021: 0.999812
69022: 0.999812
69023: 0.999812
69024: 0.999812
69025: 0.999812
69026: 0.999812
69027: 0.999812
69028: 0.999812
69029: 0.999812
69030: 0.999812
69031: 0.999812
69032: 0.999812
69033: 0.999812
69034: 0.999812
69035: 0.999812
69036: 0.999812
69037: 0.999812
69038: 0.999812
69039: 0.999812
69040: 0.999812
69041: 0.999812
69042: 0.999812
69043: 0.999812
69044: 0.999812
69045: 0.999812
69046: 0.999812
69047: 0.999812
69048: 0.999812
69049: 0.999812
69050: 0.999812
69051: 0.999812
69052: 0.999812
69053: 0.999812
69054: 0.999812
69055: 0.999812
69056: 0.999812
69057: 0.999812
69058: 0.999812
69059: 0.999812
69060: 0.999812
69061: 0.999812
69062: 0.999812
69063: 0.999812
69064: 0.999812
69065: 0.999812
69066: 0.999812
69067: 0.999812
69068: 0.999812
69069: 0.999812
69070: 0.999812
69071: 0.999812
69072: 0.999812
69073: 0.999812
69074: 0.999812
69075: 0.999812
69076: 0.999812
69077: 0.999812
69078: 0.999812
69079: 0.999812
69080: 0.999812
69081: 0.999812
69082: 0.999812
69083: 0.999812
69084: 0.999812
69085: 0.999812
69086: 0.999812
69087: 0.999812
69088: 0.999812
69089: 0.999812
69090: 0.999812
69091: 0.999812
69092: 0.999812
69093: 0.999812
69094: 0.999812
69095: 0.999812
69096: 0.999812
69097: 0.999812
69098: 0.999812
69099: 0.999812
69100: 0.999812
69101: 0.999812
69102: 0.999812
69103: 0.999812
69104: 0.999812
69105: 0.999812
69106: 0.999812
69107: 0.999812
69108: 0.999812
69109: 0.999812
69110: 0.999812
69111: 0.999812
69112: 0.999812
69113: 0.999812
69114: 0.999812
69115: 0.999812
69116: 0.999812
69117: 0.999812
69118: 0.999812
69119: 0.999812
69120: 0.999812
69121: 0.999812
69122: 0.999812
69123: 0.999812
69124: 0.999812
69125: 0.999812
69126: 0.999812
69127: 0.999812
69128: 0.999812
69129: 0.999812
69130: 0.999812
69131: 0.999812
69132: 0.999812
69133: 0.999812
69134: 0.999812
69135: 0.999812
69136: 0.999812
69137: 0.999812
69138: 0.999812
69139: 0.999812
69140: 0.999812
69141: 0.999812
69142: 0.999812
69143: 0.999812
69144: 0.999812
69145: 0.999812
69146: 0.999812
69147: 0.999812
69148: 0.999812
69149: 0.999812
69150: 0.999812
69151: 0.999812
69152: 0.999812
69153: 0.999812
69154: 0.999812
69155: 0.999812
69156: 0.999812
69157: 0.999812
69158: 0.999812
69159: 0.999812
69160: 0.999812
69161: 0.999812
69162: 0.999812
69163: 0.999812
69164: 0.999812
69165: 0.999812
69166: 0.999812
69167: 0.999812
69168: 0.999812
69169: 0.999812
69170: 0.999812
69171: 0.999812
69172: 0.999812
69173: 0.999812
69174: 0.999812
69175: 0.999812
69176: 0.999812
69177: 0.999812
69178: 0.999812
69179: 0.999812
69180: 0.999812
69181: 0.999812
69182: 0.999812
69183: 0.999812
69184: 0.999812
69185: 0.999812
69186: 0.999812
69187: 0.999812
69188: 0.999812
69189: 0.999812
69190: 0.999812
69191: 0.999812
69192: 0.999812
69193: 0.999812
69194: 0.999812
69195: 0.999812
69196: 0.999812
69197: 0.999812
69198: 0.999812
69199: 0.999812
69200: 0.999812
69201: 0.999812
69202: 0.999812
69203: 0.999812
69204: 0.999812
69205: 0.999812
69206: 0.999812
69207: 0.999812
69208: 0.999812
69209: 0.999812
69210: 0.999812
69211: 0.999812
69212: 0.999812
69213: 0.999812
69214: 0.999812
69215: 0.999812
69216: 0.999812
69217: 0.999812
69218: 0.999812
69219: 0.999812
69220: 0.999812
69221: 0.999812
69222: 0.999812
69223: 0.999812
69224: 0.999812
69225: 0.999812
69226: 0.999812
69227: 0.999812
69228: 0.999812
69229: 0.999812
69230: 0.999812
69231: 0.999812
69232: 0.999812
69233: 0.999812
69234: 0.999812
69235: 0.999812
69236: 0.999812
69237: 0.999812
69238: 0.999812
69239: 0.999812
69240: 0.999812
69241: 0.999812
69242: 0.999812
69243: 0.999812
69244: 0.999812
69245: 0.999812
69246: 0.999812
69247: 0.999812
69248: 0.999812
69249: 0.999812
69250: 0.999812
69251: 0.999812
69252: 0.999812
69253: 0.999812
69254: 0.999812
69255: 0.999812
69256: 0.999812
69257: 0.999812
69258: 0.999812
69259: 0.999812
69260: 0.999812
69261: 0.999812
69262: 0.999812
69263: 0.999812
69264: 0.999812
69265: 0.999812
69266: 0.999812
69267: 0.999812
69268: 0.999812
69269: 0.999812
69270: 0.999812
69271: 0.999812
69272: 0.999812
69273: 0.999812
69274: 0.999812
69275: 0.999812
69276: 0.999812
69277: 0.999812
69278: 0.999812
69279: 0.999812
69280: 0.999812
69281: 0.999812
69282: 0.999812
69283: 0.999812
69284: 0.999812
69285: 0.999812
69286: 0.999812
69287: 0.999812
69288: 0.999812
69289: 0.999812
69290: 0.999812
69291: 0.999812
69292: 0.999812
69293: 0.999812
69294: 0.999812
69295: 0.999812
69296: 0.999812
69297: 0.999812
69298: 0.999812
69299: 0.999812
69300: 0.999812
69301: 0.999812
69302: 0.999812
69303: 0.999812
69304: 0.999812
69305: 0.999812
69306: 0.999812
69307: 0.999812
69308: 0.999812
69309: 0.999812
69310: 0.999812
69311: 0.999812
69312: 0.999812
69313: 0.999812
69314: 0.999812
69315: 0.999812
69316: 0.999812
69317: 0.999812
69318: 0.999812
69319: 0.999812
69320: 0.999812
69321: 0.999812
69322: 0.999812
69323: 0.999812
69324: 0.999812
69325: 0.999812
69326: 0.999812
69327: 0.999812
69328: 0.999812
69329: 0.999812
69330: 0.999812
69331: 0.999812
69332: 0.999812
69333: 0.999813
69334: 0.999813
69335: 0.999813
69336: 0.999813
69337: 0.999813
69338: 0.999813
69339: 0.999813
69340: 0.999813
69341: 0.999813
69342: 0.999813
69343: 0.999813
69344: 0.999813
69345: 0.999813
69346: 0.999813
69347: 0.999813
69348: 0.999813
69349: 0.999813
69350: 0.999813
69351: 0.999813
69352: 0.999813
69353: 0.999813
69354: 0.999813
69355: 0.999813
69356: 0.999813
69357: 0.999813
69358: 0.999813
69359: 0.999813
69360: 0.999813
69361: 0.999813
69362: 0.999813
69363: 0.999813
69364: 0.999813
69365: 0.999813
69366: 0.999813
69367: 0.999813
69368: 0.999813
69369: 0.999813
69370: 0.999813
69371: 0.999813
69372: 0.999813
69373: 0.999813
69374: 0.999813
69375: 0.999813
69376: 0.999813
69377: 0.999813
69378: 0.999813
69379: 0.999813
69380: 0.999813
69381: 0.999813
69382: 0.999813
69383: 0.999813
69384: 0.999813
69385: 0.999813
69386: 0.999813
69387: 0.999813
69388: 0.999813
69389: 0.999813
69390: 0.999813
69391: 0.999813
69392: 0.999813
69393: 0.999813
69394: 0.999813
69395: 0.999813
69396: 0.999813
69397: 0.999813
69398: 0.999813
69399: 0.999813
69400: 0.999813
69401: 0.999813
69402: 0.999813
69403: 0.999813
69404: 0.999813
69405: 0.999813
69406: 0.999813
69407: 0.999813
69408: 0.999813
69409: 0.999813
69410: 0.999813
69411: 0.999813
69412: 0.999813
69413: 0.999813
69414: 0.999813
69415: 0.999813
69416: 0.999813
69417: 0.999813
69418: 0.999813
69419: 0.999813
69420: 0.999813
69421: 0.999813
69422: 0.999813
69423: 0.999813
69424: 0.999813
69425: 0.999813
69426: 0.999813
69427: 0.999813
69428: 0.999813
69429: 0.999813
69430: 0.999813
69431: 0.999813
69432: 0.999813
69433: 0.999813
69434: 0.999813
69435: 0.999813
69436: 0.999813
69437: 0.999813
69438: 0.999813
69439: 0.999813
69440: 0.999813
69441: 0.999813
69442: 0.999813
69443: 0.999813
69444: 0.999813
69445: 0.999813
69446: 0.999813
69447: 0.999813
69448: 0.999813
69449: 0.999813
69450: 0.999813
69451: 0.999813
69452: 0.999813
69453: 0.999813
69454: 0.999813
69455: 0.999813
69456: 0.999813
69457: 0.999813
69458: 0.999813
69459: 0.999813
69460: 0.999813
69461: 0.999813
69462: 0.999813
69463: 0.999813
69464: 0.999813
69465: 0.999813
69466: 0.999813
69467: 0.999813
69468: 0.999813
69469: 0.999813
69470: 0.999813
69471: 0.999813
69472: 0.999813
69473: 0.999813
69474: 0.999813
69475: 0.999813
69476: 0.999813
69477: 0.999813
69478: 0.999813
69479: 0.999813
69480: 0.999813
69481: 0.999813
69482: 0.999813
69483: 0.999813
69484: 0.999813
69485: 0.999813
69486: 0.999813
69487: 0.999813
69488: 0.999813
69489: 0.999813
69490: 0.999813
69491: 0.999813
69492: 0.999813
69493: 0.999813
69494: 0.999813
69495: 0.999813
69496: 0.999813
69497: 0.999813
69498: 0.999813
69499: 0.999813
69500: 0.999813
69501: 0.999813
69502: 0.999813
69503: 0.999813
69504: 0.999813
69505: 0.999813
69506: 0.999813
69507: 0.999813
69508: 0.999813
69509: 0.999813
69510: 0.999813
69511: 0.999813
69512: 0.999813
69513: 0.999813
69514: 0.999813
69515: 0.999813
69516: 0.999813
69517: 0.999813
69518: 0.999813
69519: 0.999813
69520: 0.999813
69521: 0.999813
69522: 0.999813
69523: 0.999813
69524: 0.999813
69525: 0.999813
69526: 0.999813
69527: 0.999813
69528: 0.999813
69529: 0.999813
69530: 0.999813
69531: 0.999813
69532: 0.999813
69533: 0.999813
69534: 0.999813
69535: 0.999813
69536: 0.999813
69537: 0.999813
69538: 0.999813
69539: 0.999813
69540: 0.999813
69541: 0.999813
69542: 0.999813
69543: 0.999813
69544: 0.999813
69545: 0.999813
69546: 0.999813
69547: 0.999813
69548: 0.999813
69549: 0.999813
69550: 0.999813
69551: 0.999813
69552: 0.999813
69553: 0.999813
69554: 0.999813
69555: 0.999813
69556: 0.999813
69557: 0.999813
69558: 0.999813
69559: 0.999813
69560: 0.999813
69561: 0.999813
69562: 0.999813
69563: 0.999813
69564: 0.999813
69565: 0.999813
69566: 0.999813
69567: 0.999813
69568: 0.999813
69569: 0.999813
69570: 0.999813
69571: 0.999813
69572: 0.999813
69573: 0.999813
69574: 0.999813
69575: 0.999813
69576: 0.999813
69577: 0.999813
69578: 0.999813
69579: 0.999813
69580: 0.999813
69581: 0.999813
69582: 0.999813
69583: 0.999813
69584: 0.999813
69585: 0.999813
69586: 0.999813
69587: 0.999813
69588: 0.999813
69589: 0.999813
69590: 0.999813
69591: 0.999813
69592: 0.999813
69593: 0.999813
69594: 0.999813
69595: 0.999813
69596: 0.999813
69597: 0.999813
69598: 0.999813
69599: 0.999813
69600: 0.999813
69601: 0.999813
69602: 0.999813
69603: 0.999813
69604: 0.999813
69605: 0.999813
69606: 0.999813
69607: 0.999813
69608: 0.999813
69609: 0.999813
69610: 0.999813
69611: 0.999813
69612: 0.999813
69613: 0.999813
69614: 0.999813
69615: 0.999813
69616: 0.999813
69617: 0.999813
69618: 0.999813
69619: 0.999813
69620: 0.999813
69621: 0.999813
69622: 0.999813
69623: 0.999813
69624: 0.999813
69625: 0.999813
69626: 0.999813
69627: 0.999813
69628: 0.999813
69629: 0.999813
69630: 0.999813
69631: 0.999813
69632: 0.999813
69633: 0.999813
69634: 0.999813
69635: 0.999813
69636: 0.999813
69637: 0.999813
69638: 0.999813
69639: 0.999813
69640: 0.999813
69641: 0.999813
69642: 0.999813
69643: 0.999813
69644: 0.999813
69645: 0.999813
69646: 0.999813
69647: 0.999813
69648: 0.999813
69649: 0.999813
69650: 0.999813
69651: 0.999813
69652: 0.999813
69653: 0.999813
69654: 0.999813
69655: 0.999813
69656: 0.999813
69657: 0.999813
69658: 0.999813
69659: 0.999813
69660: 0.999813
69661: 0.999813
69662: 0.999813
69663: 0.999813
69664: 0.999813
69665: 0.999813
69666: 0.999813
69667: 0.999813
69668: 0.999813
69669: 0.999813
69670: 0.999813
69671: 0.999813
69672: 0.999813
69673: 0.999813
69674: 0.999813
69675: 0.999813
69676: 0.999813
69677: 0.999813
69678: 0.999813
69679: 0.999813
69680: 0.999813
69681: 0.999813
69682: 0.999813
69683: 0.999813
69684: 0.999813
69685: 0.999813
69686: 0.999813
69687: 0.999813
69688: 0.999813
69689: 0.999813
69690: 0.999813
69691: 0.999813
69692: 0.999813
69693: 0.999813
69694: 0.999813
69695: 0.999813
69696: 0.999813
69697: 0.999813
69698: 0.999813
69699: 0.999813
69700: 0.999813
69701: 0.999813
69702: 0.999813
69703: 0.999813
69704: 0.999813
69705: 0.999814
69706: 0.999814
69707: 0.999814
69708: 0.999814
69709: 0.999814
69710: 0.999814
69711: 0.999814
69712: 0.999814
69713: 0.999814
69714: 0.999814
69715: 0.999814
69716: 0.999814
69717: 0.999814
69718: 0.999814
69719: 0.999814
69720: 0.999814
69721: 0.999814
69722: 0.999814
69723: 0.999814
69724: 0.999814
69725: 0.999814
69726: 0.999814
69727: 0.999814
69728: 0.999814
69729: 0.999814
69730: 0.999814
69731: 0.999814
69732: 0.999814
69733: 0.999814
69734: 0.999814
69735: 0.999814
69736: 0.999814
69737: 0.999814
69738: 0.999814
69739: 0.999814
69740: 0.999814
69741: 0.999814
69742: 0.999814
69743: 0.999814
69744: 0.999814
69745: 0.999814
69746: 0.999814
69747: 0.999814
69748: 0.999814
69749: 0.999814
69750: 0.999814
69751: 0.999814
69752: 0.999814
69753: 0.999814
69754: 0.999814
69755: 0.999814
69756: 0.999814
69757: 0.999814
69758: 0.999814
69759: 0.999814
69760: 0.999814
69761: 0.999814
69762: 0.999814
69763: 0.999814
69764: 0.999814
69765: 0.999814
69766: 0.999814
69767: 0.999814
69768: 0.999814
69769: 0.999814
69770: 0.999814
69771: 0.999814
69772: 0.999814
69773: 0.999814
69774: 0.999814
69775: 0.999814
69776: 0.999814
69777: 0.999814
69778: 0.999814
69779: 0.999814
69780: 0.999814
69781: 0.999814
69782: 0.999814
69783: 0.999814
69784: 0.999814
69785: 0.999814
69786: 0.999814
69787: 0.999814
69788: 0.999814
69789: 0.999814
69790: 0.999814
69791: 0.999814
69792: 0.999814
69793: 0.999814
69794: 0.999814
69795: 0.999814
69796: 0.999814
69797: 0.999814
69798: 0.999814
69799: 0.999814
69800: 0.999814
69801: 0.999814
69802: 0.999814
69803: 0.999814
69804: 0.999814
69805: 0.999814
69806: 0.999814
69807: 0.999814
69808: 0.999814
69809: 0.999814
69810: 0.999814
69811: 0.999814
69812: 0.999814
69813: 0.999814
69814: 0.999814
69815: 0.999814
69816: 0.999814
69817: 0.999814
69818: 0.999814
69819: 0.999814
69820: 0.999814
69821: 0.999814
69822: 0.999814
69823: 0.999814
69824: 0.999814
69825: 0.999814
69826: 0.999814
69827: 0.999814
69828: 0.999814
69829: 0.999814
69830: 0.999814
69831: 0.999814
69832: 0.999814
69833: 0.999814
69834: 0.999814
69835: 0.999814
69836: 0.999814
69837: 0.999814
69838: 0.999814
69839: 0.999814
69840: 0.999814
69841: 0.999814
69842: 0.999814
69843: 0.999814
69844: 0.999814
69845: 0.999814
69846: 0.999814
69847: 0.999814
69848: 0.999814
69849: 0.999814
69850: 0.999814
69851: 0.999814
69852: 0.999814
69853: 0.999814
69854: 0.999814
69855: 0.999814
69856: 0.999814
69857: 0.999814
69858: 0.999814
69859: 0.999814
69860: 0.999814
69861: 0.999814
69862: 0.999814
69863: 0.999814
69864: 0.999814
69865: 0.999814
69866: 0.999814
69867: 0.999814
69868: 0.999814
69869: 0.999814
69870: 0.999814
69871: 0.999814
69872: 0.999814
69873: 0.999814
69874: 0.999814
69875: 0.999814
69876: 0.999814
69877: 0.999814
69878: 0.999814
69879: 0.999814
69880: 0.999814
69881: 0.999814
69882: 0.999814
69883: 0.999814
69884: 0.999814
69885: 0.999814
69886: 0.999814
69887: 0.999814
69888: 0.999814
69889: 0.999814
69890: 0.999814
69891: 0.999814
69892: 0.999814
69893: 0.999814
69894: 0.999814
69895: 0.999814
69896: 0.999814
69897: 0.999814
69898: 0.999814
69899: 0.999814
69900: 0.999814
69901: 0.999814
69902: 0.999814
69903: 0.999814
69904: 0.999814
69905: 0.999814
69906: 0.999814
69907: 0.999814
69908: 0.999814
69909: 0.999814
69910: 0.999814
69911: 0.999814
69912: 0.999814
69913: 0.999814
69914: 0.999814
69915: 0.999814
69916: 0.999814
69917: 0.999814
69918: 0.999814
69919: 0.999814
69920: 0.999814
69921: 0.999814
69922: 0.999814
69923: 0.999814
69924: 0.999814
69925: 0.999814
69926: 0.999814
69927: 0.999814
69928: 0.999814
69929: 0.999814
69930: 0.999814
69931: 0.999814
69932: 0.999814
69933: 0.999814
69934: 0.999814
69935: 0.999814
69936: 0.999814
69937: 0.999814
69938: 0.999814
69939: 0.999814
69940: 0.999814
69941: 0.999814
69942: 0.999814
69943: 0.999814
69944: 0.999814
69945: 0.999814
69946: 0.999814
69947: 0.999814
69948: 0.999814
69949: 0.999814
69950: 0.999814
69951: 0.999814
69952: 0.999814
69953: 0.999814
69954: 0.999814
69955: 0.999814
69956: 0.999814
69957: 0.999814
69958: 0.999814
69959: 0.999814
69960: 0.999814
69961: 0.999814
69962: 0.999814
69963: 0.999814
69964: 0.999814
69965: 0.999814
69966: 0.999814
69967: 0.999814
69968: 0.999814
69969: 0.999814
69970: 0.999814
69971: 0.999814
69972: 0.999814
69973: 0.999814
69974: 0.999814
69975: 0.999814
69976: 0.999814
69977: 0.999814
69978: 0.999814
69979: 0.999814
69980: 0.999814
69981: 0.999814
69982: 0.999814
69983: 0.999814
69984: 0.999814
69985: 0.999814
69986: 0.999814
69987: 0.999814
69988: 0.999814
69989: 0.999814
69990: 0.999814
69991: 0.999814
69992: 0.999814
69993: 0.999814
69994: 0.999814
69995: 0.999814
69996: 0.999814
69997: 0.999814
69998: 0.999814
69999: 0.999814
70000: 0.999814
70001: 0.999814
70002: 0.999814
70003: 0.999814
70004: 0.999814
70005: 0.999814
70006: 0.999814
70007: 0.999814
70008: 0.999814
70009: 0.999814
70010: 0.999814
70011: 0.999814
70012: 0.999814
70013: 0.999814
70014: 0.999814
70015: 0.999814
70016: 0.999814
70017: 0.999814
70018: 0.999814
70019: 0.999814
70020: 0.999814
70021: 0.999814
70022: 0.999814
70023: 0.999814
70024: 0.999814
70025: 0.999814
70026: 0.999814
70027: 0.999814
70028: 0.999814
70029: 0.999814
70030: 0.999814
70031: 0.999814
70032: 0.999814
70033: 0.999814
70034: 0.999814
70035: 0.999814
70036: 0.999814
70037: 0.999814
70038: 0.999814
70039: 0.999814
70040: 0.999814
70041: 0.999814
70042: 0.999814
70043: 0.999814
70044: 0.999814
70045: 0.999814
70046: 0.999814
70047: 0.999814
70048: 0.999814
70049: 0.999814
70050: 0.999814
70051: 0.999814
70052: 0.999814
70053: 0.999814
70054: 0.999814
70055: 0.999814
70056: 0.999814
70057: 0.999814
70058: 0.999814
70059: 0.999814
70060: 0.999814
70061: 0.999814
70062: 0.999814
70063: 0.999814
70064: 0.999814
70065: 0.999814
70066: 0.999814
70067: 0.999814
70068: 0.999814
70069: 0.999814
70070: 0.999814
70071: 0.999814
70072: 0.999814
70073: 0.999814
70074: 0.999814
70075: 0.999814
70076: 0.999814
70077: 0.999814
70078: 0.999814
70079: 0.999814
70080: 0.999815
70081: 0.999815
70082: 0.999815
70083: 0.999815
70084: 0.999815
70085: 0.999815
70086: 0.999815
70087: 0.999815
70088: 0.999815
70089: 0.999815
70090: 0.999815
70091: 0.999815
70092: 0.999815
70093: 0.999815
70094: 0.999815
70095: 0.999815
70096: 0.999815
70097: 0.999815
70098: 0.999815
70099: 0.999815
70100: 0.999815
70101: 0.999815
70102: 0.999815
70103: 0.999815
70104: 0.999815
70105: 0.999815
70106: 0.999815
70107: 0.999815
70108: 0.999815
70109: 0.999815
70110: 0.999815
70111: 0.999815
70112: 0.999815
70113: 0.999815
70114: 0.999815
70115: 0.999815
70116: 0.999815
70117: 0.999815
70118: 0.999815
70119: 0.999815
70120: 0.999815
70121: 0.999815
70122: 0.999815
70123: 0.999815
70124: 0.999815
70125: 0.999815
70126: 0.999815
70127: 0.999815
70128: 0.999815
70129: 0.999815
70130: 0.999815
70131: 0.999815
70132: 0.999815
70133: 0.999815
70134: 0.999815
70135: 0.999815
70136: 0.999815
70137: 0.999815
70138: 0.999815
70139: 0.999815
70140: 0.999815
70141: 0.999815
70142: 0.999815
70143: 0.999815
70144: 0.999815
70145: 0.999815
70146: 0.999815
70147: 0.999815
70148: 0.999815
70149: 0.999815
70150: 0.999815
70151: 0.999815
70152: 0.999815
70153: 0.999815
70154: 0.999815
70155: 0.999815
70156: 0.999815
70157: 0.999815
70158: 0.999815
70159: 0.999815
70160: 0.999815
70161: 0.999815
70162: 0.999815
70163: 0.999815
70164: 0.999815
70165: 0.999815
70166: 0.999815
70167: 0.999815
70168: 0.999815
70169: 0.999815
70170: 0.999815
70171: 0.999815
70172: 0.999815
70173: 0.999815
70174: 0.999815
70175: 0.999815
70176: 0.999815
70177: 0.999815
70178: 0.999815
70179: 0.999815
70180: 0.999815
70181: 0.999815
70182: 0.999815
70183: 0.999815
70184: 0.999815
70185: 0.999815
70186: 0.999815
70187: 0.999815
70188: 0.999815
70189: 0.999815
70190: 0.999815
70191: 0.999815
70192: 0.999815
70193: 0.999815
70194: 0.999815
70195: 0.999815
70196: 0.999815
70197: 0.999815
70198: 0.999815
70199: 0.999815
70200: 0.999815
70201: 0.999815
70202: 0.999815
70203: 0.999815
70204: 0.999815
70205: 0.999815
70206: 0.999815
70207: 0.999815
70208: 0.999815
70209: 0.999815
70210: 0.999815
70211: 0.999815
70212: 0.999815
70213: 0.999815
70214: 0.999815
70215: 0.999815
70216: 0.999815
70217: 0.999815
70218: 0.999815
70219: 0.999815
70220: 0.999815
70221: 0.999815
70222: 0.999815
70223: 0.999815
70224: 0.999815
70225: 0.999815
70226: 0.999815
70227: 0.999815
70228: 0.999815
70229: 0.999815
70230: 0.999815
70231: 0.999815
70232: 0.999815
70233: 0.999815
70234: 0.999815
70235: 0.999815
70236: 0.999815
70237: 0.999815
70238: 0.999815
70239: 0.999815
70240: 0.999815
70241: 0.999815
70242: 0.999815
70243: 0.999815
70244: 0.999815
70245: 0.999815
70246: 0.999815
70247: 0.999815
70248: 0.999815
70249: 0.999815
70250: 0.999815
70251: 0.999815
70252: 0.999815
70253: 0.999815
70254: 0.999815
70255: 0.999815
70256: 0.999815
70257: 0.999815
70258: 0.999815
70259: 0.999815
70260: 0.999815
70261: 0.999815
70262: 0.999815
70263: 0.999815
70264: 0.999815
70265: 0.999815
70266: 0.999815
70267: 0.999815
70268: 0.999815
70269: 0.999815
70270: 0.999815
70271: 0.999815
70272: 0.999815
70273: 0.999815
70274: 0.999815
70275: 0.999815
70276: 0.999815
70277: 0.999815
70278: 0.999815
70279: 0.999815
70280: 0.999815
70281: 0.999815
70282: 0.999815
70283: 0.999815
70284: 0.999815
70285: 0.999815
70286: 0.999815
70287: 0.999815
70288: 0.999815
70289: 0.999815
70290: 0.999815
70291: 0.999815
70292: 0.999815
70293: 0.999815
70294: 0.999815
70295: 0.999815
70296: 0.999815
70297: 0.999815
70298: 0.999815
70299: 0.999815
70300: 0.999815
70301: 0.999815
70302: 0.999815
70303: 0.999815
70304: 0.999815
70305: 0.999815
70306: 0.999815
70307: 0.999815
70308: 0.999815
70309: 0.999815
70310: 0.999815
70311: 0.999815
70312: 0.999815
70313: 0.999815
70314: 0.999815
70315: 0.999815
70316: 0.999815
70317: 0.999815
70318: 0.999815
70319: 0.999815
70320: 0.999815
70321: 0.999815
70322: 0.999815
70323: 0.999815
70324: 0.999815
70325: 0.999815
70326: 0.999815
70327: 0.999815
70328: 0.999815
70329: 0.999815
70330: 0.999815
70331: 0.999815
70332: 0.999815
70333: 0.999815
70334: 0.999815
70335: 0.999815
70336: 0.999815
70337: 0.999815
70338: 0.999815
70339: 0.999815
70340: 0.999815
70341: 0.999815
70342: 0.999815
70343: 0.999815
70344: 0.999815
70345: 0.999815
70346: 0.999815
70347: 0.999815
70348: 0.999815
70349: 0.999815
70350: 0.999815
70351: 0.999815
70352: 0.999815
70353: 0.999815
70354: 0.999815
70355: 0.999815
70356: 0.999815
70357: 0.999815
70358: 0.999815
70359: 0.999815
70360: 0.999815
70361: 0.999815
70362: 0.999815
70363: 0.999815
70364: 0.999815
70365: 0.999815
70366: 0.999815
70367: 0.999815
70368: 0.999815
70369: 0.999815
70370: 0.999815
70371: 0.999815
70372: 0.999815
70373: 0.999815
70374: 0.999815
70375: 0.999815
70376: 0.999815
70377: 0.999815
70378: 0.999815
70379: 0.999815
70380: 0.999815
70381: 0.999815
70382: 0.999815
70383: 0.999815
70384: 0.999815
70385: 0.999815
70386: 0.999815
70387: 0.999815
70388: 0.999815
70389: 0.999815
70390: 0.999815
70391: 0.999815
70392: 0.999815
70393: 0.999815
70394: 0.999815
70395: 0.999815
70396: 0.999815
70397: 0.999815
70398: 0.999815
70399: 0.999815
70400: 0.999815
70401: 0.999815
70402: 0.999815
70403: 0.999815
70404: 0.999815
70405: 0.999815
70406: 0.999815
70407: 0.999815
70408: 0.999815
70409: 0.999815
70410: 0.999815
70411: 0.999815
70412: 0.999815
70413: 0.999815
70414: 0.999815
70415: 0.999815
70416: 0.999815
70417: 0.999815
70418: 0.999815
70419: 0.999815
70420: 0.999815
70421: 0.999815
70422: 0.999815
70423: 0.999815
70424: 0.999815
70425: 0.999815
70426: 0.999815
70427: 0.999815
70428: 0.999815
70429: 0.999815
70430: 0.999815
70431: 0.999815
70432: 0.999815
70433: 0.999815
70434: 0.999815
70435: 0.999815
70436: 0.999815
70437: 0.999815
70438: 0.999815
70439: 0.999815
70440: 0.999815
70441: 0.999815
70442: 0.999815
70443: 0.999815
70444: 0.999815
70445: 0.999815
70446: 0.999815
70447: 0.999815
70448: 0.999815
70449: 0.999815
70450: 0.999815
70451: 0.999815
70452: 0.999815
70453: 0.999815
70454: 0.999815
70455: 0.999815
70456: 0.999815
70457: 0.999815
70458: 0.999815
70459: 0.999815
70460: 0.999816
70461: 0.999816
70462: 0.999816
70463: 0.999816
70464: 0.999816
70465: 0.999816
70466: 0.999816
70467: 0.999816
70468: 0.999816
70469: 0.999816
70470: 0.999816
70471: 0.999816
70472: 0.999816
70473: 0.999816
70474: 0.999816
70475: 0.999816
70476: 0.999816
70477: 0.999816
70478: 0.999816
70479: 0.999816
70480: 0.999816
70481: 0.999816
70482: 0.999816
70483: 0.999816
70484: 0.999816
70485: 0.999816
70486: 0.999816
70487: 0.999816
70488: 0.999816
70489: 0.999816
70490: 0.999816
70491: 0.999816
70492: 0.999816
70493: 0.999816
70494: 0.999816
70495: 0.999816
70496: 0.999816
70497: 0.999816
70498: 0.999816
70499: 0.999816
70500: 0.999816
70501: 0.999816
70502: 0.999816
70503: 0.999816
70504: 0.999816
70505: 0.999816
70506: 0.999816
70507: 0.999816
70508: 0.999816
70509: 0.999816
70510: 0.999816
70511: 0.999816
70512: 0.999816
70513: 0.999816
70514: 0.999816
70515: 0.999816
70516: 0.999816
70517: 0.999816
70518: 0.999816
70519: 0.999816
70520: 0.999816
70521: 0.999816
70522: 0.999816
70523: 0.999816
70524: 0.999816
70525: 0.999816
70526: 0.999816
70527: 0.999816
70528: 0.999816
70529: 0.999816
70530: 0.999816
70531: 0.999816
70532: 0.999816
70533: 0.999816
70534: 0.999816
70535: 0.999816
70536: 0.999816
70537: 0.999816
70538: 0.999816
70539: 0.999816
70540: 0.999816
70541: 0.999816
70542: 0.999816
70543: 0.999816
70544: 0.999816
70545: 0.999816
70546: 0.999816
70547: 0.999816
70548: 0.999816
70549: 0.999816
70550: 0.999816
70551: 0.999816
70552: 0.999816
70553: 0.999816
70554: 0.999816
70555: 0.999816
70556: 0.999816
70557: 0.999816
70558: 0.999816
70559: 0.999816
70560: 0.999816
70561: 0.999816
70562: 0.999816
70563: 0.999816
70564: 0.999816
70565: 0.999816
70566: 0.999816
70567: 0.999816
70568: 0.999816
70569: 0.999816
70570: 0.999816
70571: 0.999816
70572: 0.999816
70573: 0.999816
70574: 0.999816
70575: 0.999816
70576: 0.999816
70577: 0.999816
70578: 0.999816
70579: 0.999816
70580: 0.999816
70581: 0.999816
70582: 0.999816
70583: 0.999816
70584: 0.999816
70585: 0.999816
70586: 0.999816
70587: 0.999816
70588: 0.999816
70589: 0.999816
70590: 0.999816
70591: 0.999816
70592: 0.999816
70593: 0.999816
70594: 0.999816
70595: 0.999816
70596: 0.999816
70597: 0.999816
70598: 0.999816
70599: 0.999816
70600: 0.999816
70601: 0.999816
70602: 0.999816
70603: 0.999816
70604: 0.999816
70605: 0.999816
70606: 0.999816
70607: 0.999816
70608: 0.999816
70609: 0.999816
70610: 0.999816
70611: 0.999816
70612: 0.999816
70613: 0.999816
70614: 0.999816
70615: 0.999816
70616: 0.999816
70617: 0.999816
70618: 0.999816
70619: 0.999816
70620: 0.999816
70621: 0.999816
70622: 0.999816
70623: 0.999816
70624: 0.999816
70625: 0.999816
70626: 0.999816
70627: 0.999816
70628: 0.999816
70629: 0.999816
70630: 0.999816
70631: 0.999816
70632: 0.999816
70633: 0.999816
70634: 0.999816
70635: 0.999816
70636: 0.999816
70637: 0.999816
70638: 0.999816
70639: 0.999816
70640: 0.999816
70641: 0.999816
70642: 0.999816
70643: 0.999816
70644: 0.999816
70645: 0.999816
70646: 0.999816
70647: 0.999816
70648: 0.999816
70649: 0.999816
70650: 0.999816
70651: 0.999816
70652: 0.999816
70653: 0.999816
70654: 0.999816
70655: 0.999816
70656: 0.999816
70657: 0.999816
70658: 0.999816
70659: 0.999816
70660: 0.999816
70661: 0.999816
70662: 0.999816
70663: 0.999816
70664: 0.999816
70665: 0.999816
70666: 0.999816
70667: 0.999816
70668: 0.999816
70669: 0.999816
70670: 0.999816
70671: 0.999816
70672: 0.999816
70673: 0.999816
70674: 0.999816
70675: 0.999816
70676: 0.999816
70677: 0.999816
70678: 0.999816
70679: 0.999816
70680: 0.999816
70681: 0.999816
70682: 0.999816
70683: 0.999816
70684: 0.999816
70685: 0.999816
70686: 0.999816
70687: 0.999816
70688: 0.999816
70689: 0.999816
70690: 0.999816
70691: 0.999816
70692: 0.999816
70693: 0.999816
70694: 0.999816
70695: 0.999816
70696: 0.999816
70697: 0.999816
70698: 0.999816
70699: 0.999816
70700: 0.999816
70701: 0.999816
70702: 0.999816
70703: 0.999816
70704: 0.999816
70705: 0.999816
70706: 0.999816
70707: 0.999816
70708: 0.999816
70709: 0.999816
70710: 0.999816
70711: 0.999816
70712: 0.999816
70713: 0.999816
70714: 0.999816
70715: 0.999816
70716: 0.999816
70717: 0.999816
70718: 0.999816
70719: 0.999816
70720: 0.999816
70721: 0.999816
70722: 0.999816
70723: 0.999816
70724: 0.999816
70725: 0.999816
70726: 0.999816
70727: 0.999816
70728: 0.999816
70729: 0.999816
70730: 0.999816
70731: 0.999816
70732: 0.999816
70733: 0.999816
70734: 0.999816
70735: 0.999816
70736: 0.999816
70737: 0.999816
70738: 0.999816
70739: 0.999816
70740: 0.999816
70741: 0.999816
70742: 0.999816
70743: 0.999816
70744: 0.999816
70745: 0.999816
70746: 0.999816
70747: 0.999816
70748: 0.999816
70749: 0.999816
70750: 0.999816
70751: 0.999816
70752: 0.999816
70753: 0.999816
70754: 0.999816
70755: 0.999816
70756: 0.999816
70757: 0.999816
70758: 0.999816
70759: 0.999816
70760: 0.999816
70761: 0.999816
70762: 0.999816
70763: 0.999816
70764: 0.999816
70765: 0.999816
70766: 0.999816
70767: 0.999816
70768: 0.999816
70769: 0.999816
70770: 0.999816
70771: 0.999816
70772: 0.999816
70773: 0.999816
70774: 0.999816
70775: 0.999816
70776: 0.999816
70777: 0.999816
70778: 0.999816
70779: 0.999816
70780: 0.999816
70781: 0.999816
70782: 0.999816
70783: 0.999816
70784: 0.999816
70785: 0.999816
70786: 0.999816
70787: 0.999816
70788: 0.999816
70789: 0.999816
70790: 0.999816
70791: 0.999816
70792: 0.999816
70793: 0.999816
70794: 0.999816
70795: 0.999816
70796: 0.999816
70797: 0.999816
70798: 0.999816
70799: 0.999816
70800: 0.999816
70801: 0.999816
70802: 0.999816
70803: 0.999816
70804: 0.999816
70805: 0.999816
70806: 0.999816
70807: 0.999816
70808: 0.999816
70809: 0.999816
70810: 0.999816
70811: 0.999816
70812: 0.999816
70813: 0.999816
70814: 0.999816
70815: 0.999816
70816: 0.999816
70817: 0.999816
70818: 0.999816
70819: 0.999816
70820: 0.999816
70821: 0.999816
70822: 0.999816
70823: 0.999816
70824: 0.999816
70825: 0.999816
70826: 0.999816
70827: 0.999816
70828: 0.999816
70829: 0.999816
70830: 0.999816
70831: 0.999816
70832: 0.999816
70833: 0.999816
70834: 0.999816
70835: 0.999816
70836: 0.999816
70837: 0.999816
70838: 0.999816
70839: 0.999816
70840: 0.999816
70841: 0.999816
70842: 0.999816
70843: 0.999816
70844: 0.999817
70845: 0.999817
70846: 0.999817
70847: 0.999817
70848: 0.999817
70849: 0.999817
70850: 0.999817
70851: 0.999817
70852: 0.999817
70853: 0.999817
70854: 0.999817
70855: 0.999817
70856: 0.999817
70857: 0.999817
70858: 0.999817
70859: 0.999817
70860: 0.999817
70861: 0.999817
70862: 0.999817
70863: 0.999817
70864: 0.999817
70865: 0.999817
70866: 0.999817
70867: 0.999817
70868: 0.999817
70869: 0.999817
70870: 0.999817
70871: 0.999817
70872: 0.999817
70873: 0.999817
70874: 0.999817
70875: 0.999817
70876: 0.999817
70877: 0.999817
70878: 0.999817
70879: 0.999817
70880: 0.999817
70881: 0.999817
70882: 0.999817
70883: 0.999817
70884: 0.999817
70885: 0.999817
70886: 0.999817
70887: 0.999817
70888: 0.999817
70889: 0.999817
70890: 0.999817
70891: 0.999817
70892: 0.999817
70893: 0.999817
70894: 0.999817
70895: 0.999817
70896: 0.999817
70897: 0.999817
70898: 0.999817
70899: 0.999817
70900: 0.999817
70901: 0.999817
70902: 0.999817
70903: 0.999817
70904: 0.999817
70905: 0.999817
70906: 0.999817
70907: 0.999817
70908: 0.999817
70909: 0.999817
70910: 0.999817
70911: 0.999817
70912: 0.999817
70913: 0.999817
70914: 0.999817
70915: 0.999817
70916: 0.999817
70917: 0.999817
70918: 0.999817
70919: 0.999817
70920: 0.999817
70921: 0.999817
70922: 0.999817
70923: 0.999817
70924: 0.999817
70925: 0.999817
70926: 0.999817
70927: 0.999817
70928: 0.999817
70929: 0.999817
70930: 0.999817
70931: 0.999817
70932: 0.999817
70933: 0.999817
70934: 0.999817
70935: 0.999817
70936: 0.999817
70937: 0.999817
70938: 0.999817
70939: 0.999817
70940: 0.999817
70941: 0.999817
70942: 0.999817
70943: 0.999817
70944: 0.999817
70945: 0.999817
70946: 0.999817
70947: 0.999817
70948: 0.999817
70949: 0.999817
70950: 0.999817
70951: 0.999817
70952: 0.999817
70953: 0.999817
70954: 0.999817
70955: 0.999817
70956: 0.999817
70957: 0.999817
70958: 0.999817
70959: 0.999817
70960: 0.999817
70961: 0.999817
70962: 0.999817
70963: 0.999817
70964: 0.999817
70965: 0.999817
70966: 0.999817
70967: 0.999817
70968: 0.999817
70969: 0.999817
70970: 0.999817
70971: 0.999817
70972: 0.999817
70973: 0.999817
70974: 0.999817
70975: 0.999817
70976: 0.999817
70977: 0.999817
70978: 0.999817
70979: 0.999817
70980: 0.999817
70981: 0.999817
70982: 0.999817
70983: 0.999817
70984: 0.999817
70985: 0.999817
70986: 0.999817
70987: 0.999817
70988: 0.999817
70989: 0.999817
70990: 0.999817
70991: 0.999817
70992: 0.999817
70993: 0.999817
70994: 0.999817
70995: 0.999817
70996: 0.999817
70997: 0.999817
70998: 0.999817
70999: 0.999817
71000: 0.999817
71001: 0.999817
71002: 0.999817
71003: 0.999817
71004: 0.999817
71005: 0.999817
71006: 0.999817
71007: 0.999817
71008: 0.999817
71009: 0.999817
71010: 0.999817
71011: 0.999817
71012: 0.999817
71013: 0.999817
71014: 0.999817
71015: 0.999817
71016: 0.999817
71017: 0.999817
71018: 0.999817
71019: 0.999817
71020: 0.999817
71021: 0.999817
71022: 0.999817
71023: 0.999817
71024: 0.999817
71025: 0.999817
71026: 0.999817
71027: 0.999817
71028: 0.999817
71029: 0.999817
71030: 0.999817
71031: 0.999817
71032: 0.999817
71033: 0.999817
71034: 0.999817
71035: 0.999817
71036: 0.999817
71037: 0.999817
71038: 0.999817
71039: 0.999817
71040: 0.999817
71041: 0.999817
71042: 0.999817
71043: 0.999817
71044: 0.999817
71045: 0.999817
71046: 0.999817
71047: 0.999817
71048: 0.999817
71049: 0.999817
71050: 0.999817
71051: 0.999817
71052: 0.999817
71053: 0.999817
71054: 0.999817
71055: 0.999817
71056: 0.999817
71057: 0.999817
71058: 0.999817
71059: 0.999817
71060: 0.999817
71061: 0.999817
71062: 0.999817
71063: 0.999817
71064: 0.999817
71065: 0.999817
71066: 0.999817
71067: 0.999817
71068: 0.999817
71069: 0.999817
71070: 0.999817
71071: 0.999817
71072: 0.999817
71073: 0.999817
71074: 0.999817
71075: 0.999817
71076: 0.999817
71077: 0.999817
71078: 0.999817
71079: 0.999817
71080: 0.999817
71081: 0.999817
71082: 0.999817
71083: 0.999817
71084: 0.999817
71085: 0.999817
71086: 0.999817
71087: 0.999817
71088: 0.999817
71089: 0.999817
71090: 0.999817
71091: 0.999817
71092: 0.999817
71093: 0.999817
71094: 0.999817
71095: 0.999817
71096: 0.999817
71097: 0.999817
71098: 0.999817
71099: 0.999817
71100: 0.999817
71101: 0.999817
71102: 0.999817
71103: 0.999817
71104: 0.999817
71105: 0.999817
71106: 0.999817
71107: 0.999817
71108: 0.999817
71109: 0.999817
71110: 0.999817
71111: 0.999817
71112: 0.999817
71113: 0.999817
71114: 0.999817
71115: 0.999817
71116: 0.999817
71117: 0.999817
71118: 0.999817
71119: 0.999817
71120: 0.999817
71121: 0.999817
71122: 0.999817
71123: 0.999817
71124: 0.999817
71125: 0.999817
71126: 0.999817
71127: 0.999817
71128: 0.999817
71129: 0.999817
71130: 0.999817
71131: 0.999817
71132: 0.999817
71133: 0.999817
71134: 0.999817
71135: 0.999817
71136: 0.999817
71137: 0.999817
71138: 0.999817
71139: 0.999817
71140: 0.999817
71141: 0.999817
71142: 0.999817
71143: 0.999817
71144: 0.999817
71145: 0.999817
71146: 0.999817
71147: 0.999817
71148: 0.999817
71149: 0.999817
71150: 0.999817
71151: 0.999817
71152: 0.999817
71153: 0.999817
71154: 0.999817
71155: 0.999817
71156: 0.999817
71157: 0.999817
71158: 0.999817
71159: 0.999817
71160: 0.999817
71161: 0.999817
71162: 0.999817
71163: 0.999817
71164: 0.999817
71165: 0.999817
71166: 0.999817
71167: 0.999817
71168: 0.999817
71169: 0.999817
71170: 0.999817
71171: 0.999817
71172: 0.999817
71173: 0.999817
71174: 0.999817
71175: 0.999817
71176: 0.999817
71177: 0.999817
71178: 0.999817
71179: 0.999817
71180: 0.999817
71181: 0.999817
71182: 0.999817
71183: 0.999817
71184: 0.999817
71185: 0.999817
71186: 0.999817
71187: 0.999817
71188: 0.999817
71189: 0.999817
71190: 0.999817
71191: 0.999817
71192: 0.999817
71193: 0.999817
71194: 0.999817
71195: 0.999817
71196: 0.999817
71197: 0.999817
71198: 0.999817
71199: 0.999817
71200: 0.999817
71201: 0.999817
71202: 0.999817
71203: 0.999817
71204: 0.999817
71205: 0.999817
71206: 0.999817
71207: 0.999817
71208: 0.999817
71209: 0.999817
71210: 0.999817
71211: 0.999817
71212: 0.999817
71213: 0.999817
71214: 0.999817
71215: 0.999817
71216: 0.999817
71217: 0.999817
71218: 0.999817
71219: 0.999817
71220: 0.999817
71221: 0.999817
71222: 0.999817
71223: 0.999817
71224: 0.999817
71225: 0.999817
71226: 0.999817
71227: 0.999817
71228: 0.999817
71229: 0.999817
71230: 0.999817
71231: 0.999817
71232: 0.999818
71233: 0.999818
71234: 0.999818
71235: 0.999818
71236: 0.999818
71237: 0.999818
71238: 0.999818
71239: 0.999818
71240: 0.999818
71241: 0.999818
71242: 0.999818
71243: 0.999818
71244: 0.999818
71245: 0.999818
71246: 0.999818
71247: 0.999818
71248: 0.999818
71249: 0.999818
71250: 0.999818
71251: 0.999818
71252: 0.999818
71253: 0.999818
71254: 0.999818
71255: 0.999818
71256: 0.999818
71257: 0.999818
71258: 0.999818
71259: 0.999818
71260: 0.999818
71261: 0.999818
71262: 0.999818
71263: 0.999818
71264: 0.999818
71265: 0.999818
71266: 0.999818
71267: 0.999818
71268: 0.999818
71269: 0.999818
71270: 0.999818
71271: 0.999818
71272: 0.999818
71273: 0.999818
71274: 0.999818
71275: 0.999818
71276: 0.999818
71277: 0.999818
71278: 0.999818
71279: 0.999818
71280: 0.999818
71281: 0.999818
71282: 0.999818
71283: 0.999818
71284: 0.999818
71285: 0.999818
71286: 0.999818
71287: 0.999818
71288: 0.999818
71289: 0.999818
71290: 0.999818
71291: 0.999818
71292: 0.999818
71293: 0.999818
71294: 0.999818
71295: 0.999818
71296: 0.999818
71297: 0.999818
71298: 0.999818
71299: 0.999818
71300: 0.999818
71301: 0.999818
71302: 0.999818
71303: 0.999818
71304: 0.999818
71305: 0.999818
71306: 0.999818
71307: 0.999818
71308: 0.999818
71309: 0.999818
71310: 0.999818
71311: 0.999818
71312: 0.999818
71313: 0.999818
71314: 0.999818
71315: 0.999818
71316: 0.999818
71317: 0.999818
71318: 0.999818
71319: 0.999818
71320: 0.999818
71321: 0.999818
71322: 0.999818
71323: 0.999818
71324: 0.999818
71325: 0.999818
71326: 0.999818
71327: 0.999818
71328: 0.999818
71329: 0.999818
71330: 0.999818
71331: 0.999818
71332: 0.999818
71333: 0.999818
71334: 0.999818
71335: 0.999818
71336: 0.999818
71337: 0.999818
71338: 0.999818
71339: 0.999818
71340: 0.999818
71341: 0.999818
71342: 0.999818
71343: 0.999818
71344: 0.999818
71345: 0.999818
71346: 0.999818
71347: 0.999818
71348: 0.999818
71349: 0.999818
71350: 0.999818
71351: 0.999818
71352: 0.999818
71353: 0.999818
71354: 0.999818
71355: 0.999818
71356: 0.999818
71357: 0.999818
71358: 0.999818
71359: 0.999818
71360: 0.999818
71361: 0.999818
71362: 0.999818
71363: 0.999818
71364: 0.999818
71365: 0.999818
71366: 0.999818
71367: 0.999818
71368: 0.999818
71369: 0.999818
71370: 0.999818
71371: 0.999818
71372: 0.999818
71373: 0.999818
71374: 0.999818
71375: 0.999818
71376: 0.999818
71377: 0.999818
71378: 0.999818
71379: 0.999818
71380: 0.999818
71381: 0.999818
71382: 0.999818
71383: 0.999818
71384: 0.999818
71385: 0.999818
71386: 0.999818
71387: 0.999818
71388: 0.999818
71389: 0.999818
71390: 0.999818
71391: 0.999818
71392: 0.999818
71393: 0.999818
71394: 0.999818
71395: 0.999818
71396: 0.999818
71397: 0.999818
71398: 0.999818
71399: 0.999818
71400: 0.999818
71401: 0.999818
71402: 0.999818
71403: 0.999818
71404: 0.999818
71405: 0.999818
71406: 0.999818
71407: 0.999818
71408: 0.999818
71409: 0.999818
71410: 0.999818
71411: 0.999818
71412: 0.999818
71413: 0.999818
71414: 0.999818
71415: 0.999818
71416: 0.999818
71417: 0.999818
71418: 0.999818
71419: 0.999818
71420: 0.999818
71421: 0.999818
71422: 0.999818
71423: 0.999818
71424: 0.999818
71425: 0.999818
71426: 0.999818
71427: 0.999818
71428: 0.999818
71429: 0.999818
71430: 0.999818
71431: 0.999818
71432: 0.999818
71433: 0.999818
71434: 0.999818
71435: 0.999818
71436: 0.999818
71437: 0.999818
71438: 0.999818
71439: 0.999818
71440: 0.999818
71441: 0.999818
71442: 0.999818
71443: 0.999818
71444: 0.999818
71445: 0.999818
71446: 0.999818
71447: 0.999818
71448: 0.999818
71449: 0.999818
71450: 0.999818
71451: 0.999818
71452: 0.999818
71453: 0.999818
71454: 0.999818
71455: 0.999818
71456: 0.999818
71457: 0.999818
71458: 0.999818
71459: 0.999818
71460: 0.999818
71461: 0.999818
71462: 0.999818
71463: 0.999818
71464: 0.999818
71465: 0.999818
71466: 0.999818
71467: 0.999818
71468: 0.999818
71469: 0.999818
71470: 0.999818
71471: 0.999818
71472: 0.999818
71473: 0.999818
71474: 0.999818
71475: 0.999818
71476: 0.999818
71477: 0.999818
71478: 0.999818
71479: 0.999818
71480: 0.999818
71481: 0.999818
71482: 0.999818
71483: 0.999818
71484: 0.999818
71485: 0.999818
71486: 0.999818
71487: 0.999818
71488: 0.999818
71489: 0.999818
71490: 0.999818
71491: 0.999818
71492: 0.999818
71493: 0.999818
71494: 0.999818
71495: 0.999818
71496: 0.999818
71497: 0.999818
71498: 0.999818
71499: 0.999818
71500: 0.999818
71501: 0.999818
71502: 0.999818
71503: 0.999818
71504: 0.999818
71505: 0.999818
71506: 0.999818
71507: 0.999818
71508: 0.999818
71509: 0.999818
71510: 0.999818
71511: 0.999818
71512: 0.999818
71513: 0.999818
71514: 0.999818
71515: 0.999818
71516: 0.999818
71517: 0.999818
71518: 0.999818
71519: 0.999818
71520: 0.999818
71521: 0.999818
71522: 0.999818
71523: 0.999818
71524: 0.999818
71525: 0.999818
71526: 0.999818
71527: 0.999818
71528: 0.999818
71529: 0.999818
71530: 0.999818
71531: 0.999818
71532: 0.999818
71533: 0.999818
71534: 0.999818
71535: 0.999818
71536: 0.999818
71537: 0.999818
71538: 0.999818
71539: 0.999818
71540: 0.999818
71541: 0.999818
71542: 0.999818
71543: 0.999818
71544: 0.999818
71545: 0.999818
71546: 0.999818
71547: 0.999818
71548: 0.999818
71549: 0.999818
71550: 0.999818
71551: 0.999818
71552: 0.999818
71553: 0.999818
71554: 0.999818
71555: 0.999818
71556: 0.999818
71557: 0.999818
71558: 0.999818
71559: 0.999818
71560: 0.999818
71561: 0.999818
71562: 0.999818
71563: 0.999818
71564: 0.999818
71565: 0.999818
71566: 0.999818
71567: 0.999818
71568: 0.999818
71569: 0.999818
71570: 0.999818
71571: 0.999818
71572: 0.999818
71573: 0.999818
71574: 0.999818
71575: 0.999818
71576: 0.999818
71577: 0.999818
71578: 0.999818
71579: 0.999818
71580: 0.999818
71581: 0.999818
71582: 0.999818
71583: 0.999818
71584: 0.999818
71585: 0.999818
71586: 0.999818
71587: 0.999818
71588: 0.999818
71589: 0.999818
71590: 0.999818
71591: 0.999818
71592: 0.999818
71593: 0.999818
71594: 0.999818
71595: 0.999818
71596: 0.999818
71597: 0.999818
71598: 0.999818
71599: 0.999818
71600: 0.999818
71601: 0.999818
71602: 0.999818
71603: 0.999818
71604: 0.999818
71605: 0.999818
71606: 0.999818
71607: 0.999818
71608: 0.999818
71609: 0.999818
71610: 0.999818
71611: 0.999818
71612: 0.999818
71613: 0.999818
71614: 0.999818
71615: 0.999818
71616: 0.999818
71617: 0.999818
71618: 0.999818
71619: 0.999818
71620: 0.999818
71621: 0.999818
71622: 0.999818
71623: 0.999818
71624: 0.999818
71625: 0.999819
71626: 0.999819
71627: 0.999819
71628: 0.999819
71629: 0.999819
71630: 0.999819
71631: 0.999819
71632: 0.999819
71633: 0.999819
71634: 0.999819
71635: 0.999819
71636: 0.999819
71637: 0.999819
71638: 0.999819
71639: 0.999819
71640: 0.999819
71641: 0.999819
71642: 0.999819
71643: 0.999819
71644: 0.999819
71645: 0.999819
71646: 0.999819
71647: 0.999819
71648: 0.999819
71649: 0.999819
71650: 0.999819
71651: 0.999819
71652: 0.999819
71653: 0.999819
71654: 0.999819
71655: 0.999819
71656: 0.999819
71657: 0.999819
71658: 0.999819
71659: 0.999819
71660: 0.999819
71661: 0.999819
71662: 0.999819
71663: 0.999819
71664: 0.999819
71665: 0.999819
71666: 0.999819
71667: 0.999819
71668: 0.999819
71669: 0.999819
71670: 0.999819
71671: 0.999819
71672: 0.999819
71673: 0.999819
71674: 0.999819
71675: 0.999819
71676: 0.999819
71677: 0.999819
71678: 0.999819
71679: 0.999819
71680: 0.999819
71681: 0.999819
71682: 0.999819
71683: 0.999819
71684: 0.999819
71685: 0.999819
71686: 0.999819
71687: 0.999819
71688: 0.999819
71689: 0.999819
71690: 0.999819
71691: 0.999819
71692: 0.999819
71693: 0.999819
71694: 0.999819
71695: 0.999819
71696: 0.999819
71697: 0.999819
71698: 0.999819
71699: 0.999819
71700: 0.999819
71701: 0.999819
71702: 0.999819
71703: 0.999819
71704: 0.999819
71705: 0.999819
71706: 0.999819
71707: 0.999819
71708: 0.999819
71709: 0.999819
71710: 0.999819
71711: 0.999819
71712: 0.999819
71713: 0.999819
71714: 0.999819
71715: 0.999819
71716: 0.999819
71717: 0.999819
71718: 0.999819
71719: 0.999819
71720: 0.999819
71721: 0.999819
71722: 0.999819
71723: 0.999819
71724: 0.999819
71725: 0.999819
71726: 0.999819
71727: 0.999819
71728: 0.999819
71729: 0.999819
71730: 0.999819
71731: 0.999819
71732: 0.999819
71733: 0.999819
71734: 0.999819
71735: 0.999819
71736: 0.999819
71737: 0.999819
71738: 0.999819
71739: 0.999819
71740: 0.999819
71741: 0.999819
71742: 0.999819
71743: 0.999819
71744: 0.999819
71745: 0.999819
71746: 0.999819
71747: 0.999819
71748: 0.999819
71749: 0.999819
71750: 0.999819
71751: 0.999819
71752: 0.999819
71753: 0.999819
71754: 0.999819
71755: 0.999819
71756: 0.999819
71757: 0.999819
71758: 0.999819
71759: 0.999819
71760: 0.999819
71761: 0.999819
71762: 0.999819
71763: 0.999819
71764: 0.999819
71765: 0.999819
71766: 0.999819
71767: 0.999819
71768: 0.999819
71769: 0.999819
71770: 0.999819
71771: 0.999819
71772: 0.999819
71773: 0.999819
71774: 0.999819
71775: 0.999819
71776: 0.999819
71777: 0.999819
71778: 0.999819
71779: 0.999819
71780: 0.999819
71781: 0.999819
71782: 0.999819
71783: 0.999819
71784: 0.999819
71785: 0.999819
71786: 0.999819
71787: 0.999819
71788: 0.999819
71789: 0.999819
71790: 0.999819
71791: 0.999819
71792: 0.999819
71793: 0.999819
71794: 0.999819
71795: 0.999819
71796: 0.999819
71797: 0.999819
71798: 0.999819
71799: 0.999819
71800: 0.999819
71801: 0.999819
71802: 0.999819
71803: 0.999819
71804: 0.999819
71805: 0.999819
71806: 0.999819
71807: 0.999819
71808: 0.999819
71809: 0.999819
71810: 0.999819
71811: 0.999819
71812: 0.999819
71813: 0.999819
71814: 0.999819
71815: 0.999819
71816: 0.999819
71817: 0.999819
71818: 0.999819
71819: 0.999819
71820: 0.999819
71821: 0.999819
71822: 0.999819
71823: 0.999819
71824: 0.999819
71825: 0.999819
71826: 0.999819
71827: 0.999819
71828: 0.999819
71829: 0.999819
71830: 0.999819
71831: 0.999819
71832: 0.999819
71833: 0.999819
71834: 0.999819
71835: 0.999819
71836: 0.999819
71837: 0.999819
71838: 0.999819
71839: 0.999819
71840: 0.999819
71841: 0.999819
71842: 0.999819
71843: 0.999819
71844: 0.999819
71845: 0.999819
71846: 0.999819
71847: 0.999819
71848: 0.999819
71849: 0.999819
71850: 0.999819
71851: 0.999819
71852: 0.999819
71853: 0.999819
71854: 0.999819
71855: 0.999819
71856: 0.999819
71857: 0.999819
71858: 0.999819
71859: 0.999819
71860: 0.999819
71861: 0.999819
71862: 0.999819
71863: 0.999819
71864: 0.999819
71865: 0.999819
71866: 0.999819
71867: 0.999819
71868: 0.999819
71869: 0.999819
71870: 0.999819
71871: 0.999819
71872: 0.999819
71873: 0.999819
71874: 0.999819
71875: 0.999819
71876: 0.999819
71877: 0.999819
71878: 0.999819
71879: 0.999819
71880: 0.999819
71881: 0.999819
71882: 0.999819
71883: 0.999819
71884: 0.999819
71885: 0.999819
71886: 0.999819
71887: 0.999819
71888: 0.999819
71889: 0.999819
71890: 0.999819
71891: 0.999819
71892: 0.999819
71893: 0.999819
71894: 0.999819
71895: 0.999819
71896: 0.999819
71897: 0.999819
71898: 0.999819
71899: 0.999819
71900: 0.999819
71901: 0.999819
71902: 0.999819
71903: 0.999819
71904: 0.999819
71905: 0.999819
71906: 0.999819
71907: 0.999819
71908: 0.999819
71909: 0.999819
71910: 0.999819
71911: 0.999819
71912: 0.999819
71913: 0.999819
71914: 0.999819
71915: 0.999819
71916: 0.999819
71917: 0.999819
71918: 0.999819
71919: 0.999819
71920: 0.999819
71921: 0.999819
71922: 0.999819
71923: 0.999819
71924: 0.999819
71925: 0.999819
71926: 0.999819
71927: 0.999819
71928: 0.999819
71929: 0.999819
71930: 0.999819
71931: 0.999819
71932: 0.999819
71933: 0.999819
71934: 0.999819
71935: 0.999819
71936: 0.999819
71937: 0.999819
71938: 0.999819
71939: 0.999819
71940: 0.999819
71941: 0.999819
71942: 0.999819
71943: 0.999819
71944: 0.999819
71945: 0.999819
71946: 0.999819
71947: 0.999819
71948: 0.999819
71949: 0.999819
71950: 0.999819
71951: 0.999819
71952: 0.999819
71953: 0.999819
71954: 0.999819
71955: 0.999819
71956: 0.999819
71957: 0.999819
71958: 0.999819
71959: 0.999819
71960: 0.999819
71961: 0.999819
71962: 0.999819
71963: 0.999819
71964: 0.999819
71965: 0.999819
71966: 0.999819
71967: 0.999819
71968: 0.999819
71969: 0.999819
71970: 0.999819
71971: 0.999819
71972: 0.999819
71973: 0.999819
71974: 0.999819
71975: 0.999819
71976: 0.999819
71977: 0.999819
71978: 0.999819
71979: 0.999819
71980: 0.999819
71981: 0.999819
71982: 0.999819
71983: 0.999819
71984: 0.999819
71985: 0.999819
71986: 0.999819
71987: 0.999819
71988: 0.999819
71989: 0.999819
71990: 0.999819
71991: 0.999819
71992: 0.999819
71993: 0.999819
71994: 0.999819
71995: 0.999819
71996: 0.999819
71997: 0.999819
71998: 0.999819
71999: 0.999819
72000: 0.999819
72001: 0.999819
72002: 0.999819
72003: 0.999819
72004: 0.999819
72005: 0.999819
72006: 0.999819
72007: 0.999819
72008: 0.999819
72009: 0.999819
72010: 0.999819
72011: 0.999819
72012: 0.999819
72013: 0.999819
72014: 0.999819
72015: 0.999819
72016: 0.999819
72017: 0.999819
72018: 0.999819
72019: 0.999819
72020: 0.999819
72021: 0.999819
72022: 0.99982
72023: 0.99982
72024: 0.99982
72025: 0.99982
72026: 0.99982
72027: 0.99982
72028: 0.99982
72029: 0.99982
72030: 0.99982
72031: 0.99982
72032: 0.99982
72033: 0.99982
72034: 0.99982
72035: 0.99982
72036: 0.99982
72037: 0.99982
72038: 0.99982
72039: 0.99982
72040: 0.99982
72041: 0.99982
72042: 0.99982
72043: 0.99982
72044: 0.99982
72045: 0.99982
72046: 0.99982
72047: 0.99982
72048: 0.99982
72049: 0.99982
72050: 0.99982
72051: 0.99982
72052: 0.99982
72053: 0.99982
72054: 0.99982
72055: 0.99982
72056: 0.99982
72057: 0.99982
72058: 0.99982
72059: 0.99982
72060: 0.99982
72061: 0.99982
72062: 0.99982
72063: 0.99982
72064: 0.99982
72065: 0.99982
72066: 0.99982
72067: 0.99982
72068: 0.99982
72069: 0.99982
72070: 0.99982
72071: 0.99982
72072: 0.99982
72073: 0.99982
72074: 0.99982
72075: 0.99982
72076: 0.99982
72077: 0.99982
72078: 0.99982
72079: 0.99982
72080: 0.99982
72081: 0.99982
72082: 0.99982
72083: 0.99982
72084: 0.99982
72085: 0.99982
72086: 0.99982
72087: 0.99982
72088: 0.99982
72089: 0.99982
72090: 0.99982
72091: 0.99982
72092: 0.99982
72093: 0.99982
72094: 0.99982
72095: 0.99982
72096: 0.99982
72097: 0.99982
72098: 0.99982
72099: 0.99982
72100: 0.99982
72101: 0.99982
72102: 0.99982
72103: 0.99982
72104: 0.99982
72105: 0.99982
72106: 0.99982
72107: 0.99982
72108: 0.99982
72109: 0.99982
72110: 0.99982
72111: 0.99982
72112: 0.99982
72113: 0.99982
72114: 0.99982
72115: 0.99982
72116: 0.99982
72117: 0.99982
72118: 0.99982
72119: 0.99982
72120: 0.99982
72121: 0.99982
72122: 0.99982
72123: 0.99982
72124: 0.99982
72125: 0.99982
72126: 0.99982
72127: 0.99982
72128: 0.99982
72129: 0.99982
72130: 0.99982
72131: 0.99982
72132: 0.99982
72133: 0.99982
72134: 0.99982
72135: 0.99982
72136: 0.99982
72137: 0.99982
72138: 0.99982
72139: 0.99982
72140: 0.99982
72141: 0.99982
72142: 0.99982
72143: 0.99982
72144: 0.99982
72145: 0.99982
72146: 0.99982
72147: 0.99982
72148: 0.99982
72149: 0.99982
72150: 0.99982
72151: 0.99982
72152: 0.99982
72153: 0.99982
72154: 0.99982
72155: 0.99982
72156: 0.99982
72157: 0.99982
72158: 0.99982
72159: 0.99982
72160: 0.99982
72161: 0.99982
72162: 0.99982
72163: 0.99982
72164: 0.99982
72165: 0.99982
72166: 0.99982
72167: 0.99982
72168: 0.99982
72169: 0.99982
72170: 0.99982
72171: 0.99982
72172: 0.99982
72173: 0.99982
72174: 0.99982
72175: 0.99982
72176: 0.99982
72177: 0.99982
72178: 0.99982
72179: 0.99982
72180: 0.99982
72181: 0.99982
72182: 0.99982
72183: 0.99982
72184: 0.99982
72185: 0.99982
72186: 0.99982
72187: 0.99982
72188: 0.99982
72189: 0.99982
72190: 0.99982
72191: 0.99982
72192: 0.99982
72193: 0.99982
72194: 0.99982
72195: 0.99982
72196: 0.99982
72197: 0.99982
72198: 0.99982
72199: 0.99982
72200: 0.99982
72201: 0.99982
72202: 0.99982
72203: 0.99982
72204: 0.99982
72205: 0.99982
72206: 0.99982
72207: 0.99982
72208: 0.99982
72209: 0.99982
72210: 0.99982
72211: 0.99982
72212: 0.99982
72213: 0.99982
72214: 0.99982
72215: 0.99982
72216: 0.99982
72217: 0.99982
72218: 0.99982
72219: 0.99982
72220: 0.99982
72221: 0.99982
72222: 0.99982
72223: 0.99982
72224: 0.99982
72225: 0.99982
72226: 0.99982
72227: 0.99982
72228: 0.99982
72229: 0.99982
72230: 0.99982
72231: 0.99982
72232: 0.99982
72233: 0.99982
72234: 0.99982
72235: 0.99982
72236: 0.99982
72237: 0.99982
72238: 0.99982
72239: 0.99982
72240: 0.99982
72241: 0.99982
72242: 0.99982
72243: 0.99982
72244: 0.99982
72245: 0.99982
72246: 0.99982
72247: 0.99982
72248: 0.99982
72249: 0.99982
72250: 0.99982
72251: 0.99982
72252: 0.99982
72253: 0.99982
72254: 0.99982
72255: 0.99982
72256: 0.99982
72257: 0.99982
72258: 0.99982
72259: 0.99982
72260: 0.99982
72261: 0.99982
72262: 0.99982
72263: 0.99982
72264: 0.99982
72265: 0.99982
72266: 0.99982
72267: 0.99982
72268: 0.99982
72269: 0.99982
72270: 0.99982
72271: 0.99982
72272: 0.99982
72273: 0.99982
72274: 0.99982
72275: 0.99982
72276: 0.99982
72277: 0.99982
72278: 0.99982
72279: 0.99982
72280: 0.99982
72281: 0.99982
72282: 0.99982
72283: 0.99982
72284: 0.99982
72285: 0.99982
72286: 0.99982
72287: 0.99982
72288: 0.99982
72289: 0.99982
72290: 0.99982
72291: 0.99982
72292: 0.99982
72293: 0.99982
72294: 0.99982
72295: 0.99982
72296: 0.99982
72297: 0.99982
72298: 0.99982
72299: 0.99982
72300: 0.99982
72301: 0.99982
72302: 0.99982
72303: 0.99982
72304: 0.99982
72305: 0.99982
72306: 0.99982
72307: 0.99982
72308: 0.99982
72309: 0.99982
72310: 0.99982
72311: 0.99982
72312: 0.99982
72313: 0.99982
72314: 0.99982
72315: 0.99982
72316: 0.99982
72317: 0.99982
72318: 0.99982
72319: 0.99982
72320: 0.99982
72321: 0.99982
72322: 0.99982
72323: 0.99982
72324: 0.99982
72325: 0.99982
72326: 0.99982
72327: 0.99982
72328: 0.99982
72329: 0.99982
72330: 0.99982
72331: 0.99982
72332: 0.99982
72333: 0.99982
72334: 0.99982
72335: 0.99982
72336: 0.99982
72337: 0.99982
72338: 0.99982
72339: 0.99982
72340: 0.99982
72341: 0.99982
72342: 0.99982
72343: 0.99982
72344: 0.99982
72345: 0.99982
72346: 0.99982
72347: 0.99982
72348: 0.99982
72349: 0.99982
72350: 0.99982
72351: 0.99982
72352: 0.99982
72353: 0.99982
72354: 0.99982
72355: 0.99982
72356: 0.99982
72357: 0.99982
72358: 0.99982
72359: 0.99982
72360: 0.99982
72361: 0.99982
72362: 0.99982
72363: 0.99982
72364: 0.99982
72365: 0.99982
72366: 0.99982
72367: 0.99982
72368: 0.99982
72369: 0.99982
72370: 0.99982
72371: 0.99982
72372: 0.99982
72373: 0.99982
72374: 0.99982
72375: 0.99982
72376: 0.99982
72377: 0.99982
72378: 0.99982
72379: 0.99982
72380: 0.99982
72381: 0.99982
72382: 0.99982
72383: 0.99982
72384: 0.99982
72385: 0.99982
72386: 0.99982
72387: 0.99982
72388: 0.99982
72389: 0.99982
72390: 0.99982
72391: 0.99982
72392: 0.99982
72393: 0.99982
72394: 0.99982
72395: 0.99982
72396: 0.99982
72397: 0.99982
72398: 0.99982
72399: 0.99982
72400: 0.99982
72401: 0.99982
72402: 0.99982
72403: 0.99982
72404: 0.99982
72405: 0.99982
72406: 0.99982
72407: 0.99982
72408: 0.99982
72409: 0.99982
72410: 0.99982
72411: 0.99982
72412: 0.99982
72413: 0.99982
72414: 0.99982
72415: 0.99982
72416: 0.99982
72417: 0.99982
72418: 0.99982
72419: 0.99982
72420: 0.99982
72421: 0.99982
72422: 0.99982
72423: 0.999821
72424: 0.999821
72425: 0.999821
72426: 0.999821
72427: 0.999821
72428: 0.999821
72429: 0.999821
72430: 0.999821
72431: 0.999821
72432: 0.999821
72433: 0.999821
72434: 0.999821
72435: 0.999821
72436: 0.999821
72437: 0.999821
72438: 0.999821
72439: 0.999821
72440: 0.999821
72441: 0.999821
72442: 0.999821
72443: 0.999821
72444: 0.999821
72445: 0.999821
72446: 0.999821
72447: 0.999821
72448: 0.999821
72449: 0.999821
72450: 0.999821
72451: 0.999821
72452: 0.999821
72453: 0.999821
72454: 0.999821
72455: 0.999821
72456: 0.999821
72457: 0.999821
72458: 0.999821
72459: 0.999821
72460: 0.999821
72461: 0.999821
72462: 0.999821
72463: 0.999821
72464: 0.999821
72465: 0.999821
72466: 0.999821
72467: 0.999821
72468: 0.999821
72469: 0.999821
72470: 0.999821
72471: 0.999821
72472: 0.999821
72473: 0.999821
72474: 0.999821
72475: 0.999821
72476: 0.999821
72477: 0.999821
72478: 0.999821
72479: 0.999821
72480: 0.999821
72481: 0.999821
72482: 0.999821
72483: 0.999821
72484: 0.999821
72485: 0.999821
72486: 0.999821
72487: 0.999821
72488: 0.999821
72489: 0.999821
72490: 0.999821
72491: 0.999821
72492: 0.999821
72493: 0.999821
72494: 0.999821
72495: 0.999821
72496: 0.999821
72497: 0.999821
72498: 0.999821
72499: 0.999821
72500: 0.999821
72501: 0.999821
72502: 0.999821
72503: 0.999821
72504: 0.999821
72505: 0.999821
72506: 0.999821
72507: 0.999821
72508: 0.999821
72509: 0.999821
72510: 0.999821
72511: 0.999821
72512: 0.999821
72513: 0.999821
72514: 0.999821
72515: 0.999821
72516: 0.999821
72517: 0.999821
72518: 0.999821
72519: 0.999821
72520: 0.999821
72521: 0.999821
72522: 0.999821
72523: 0.999821
72524: 0.999821
72525: 0.999821
72526: 0.999821
72527: 0.999821
72528: 0.999821
72529: 0.999821
72530: 0.999821
72531: 0.999821
72532: 0.999821
72533: 0.999821
72534: 0.999821
72535: 0.999821
72536: 0.999821
72537: 0.999821
72538: 0.999821
72539: 0.999821
72540: 0.999821
72541: 0.999821
72542: 0.999821
72543: 0.999821
72544: 0.999821
72545: 0.999821
72546: 0.999821
72547: 0.999821
72548: 0.999821
72549: 0.999821
72550: 0.999821
72551: 0.999821
72552: 0.999821
72553: 0.999821
72554: 0.999821
72555: 0.999821
72556: 0.999821
72557: 0.999821
72558: 0.999821
72559: 0.999821
72560: 0.999821
72561: 0.999821
72562: 0.999821
72563: 0.999821
72564: 0.999821
72565: 0.999821
72566: 0.999821
72567: 0.999821
72568: 0.999821
72569: 0.999821
72570: 0.999821
72571: 0.999821
72572: 0.999821
72573: 0.999821
72574: 0.999821
72575: 0.999821
72576: 0.999821
72577: 0.999821
72578: 0.999821
72579: 0.999821
72580: 0.999821
72581: 0.999821
72582: 0.999821
72583: 0.999821
72584: 0.999821
72585: 0.999821
72586: 0.999821
72587: 0.999821
72588: 0.999821
72589: 0.999821
72590: 0.999821
72591: 0.999821
72592: 0.999821
72593: 0.999821
72594: 0.999821
72595: 0.999821
72596: 0.999821
72597: 0.999821
72598: 0.999821
72599: 0.999821
72600: 0.999821
72601: 0.999821
72602: 0.999821
72603: 0.999821
72604: 0.999821
72605: 0.999821
72606: 0.999821
72607: 0.999821
72608: 0.999821
72609: 0.999821
72610: 0.999821
72611: 0.999821
72612: 0.999821
72613: 0.999821
72614: 0.999821
72615: 0.999821
72616: 0.999821
72617: 0.999821
72618: 0.999821
72619: 0.999821
72620: 0.999821
72621: 0.999821
72622: 0.999821
72623: 0.999821
72624: 0.999821
72625: 0.999821
72626: 0.999821
72627: 0.999821
72628: 0.999821
72629: 0.999821
72630: 0.999821
72631: 0.999821
72632: 0.999821
72633: 0.999821
72634: 0.999821
72635: 0.999821
72636: 0.999821
72637: 0.999821
72638: 0.999821
72639: 0.999821
72640: 0.999821
72641: 0.999821
72642: 0.999821
72643: 0.999821
72644: 0.999821
72645: 0.999821
72646: 0.999821
72647: 0.999821
72648: 0.999821
72649: 0.999821
72650: 0.999821
72651: 0.999821
72652: 0.999821
72653: 0.999821
72654: 0.999821
72655: 0.999821
72656: 0.999821
72657: 0.999821
72658: 0.999821
72659: 0.999821
72660: 0.999821
72661: 0.999821
72662: 0.999821
72663: 0.999821
72664: 0.999821
72665: 0.999821
72666: 0.999821
72667: 0.999821
72668: 0.999821
72669: 0.999821
72670: 0.999821
72671: 0.999821
72672: 0.999821
72673: 0.999821
72674: 0.999821
72675: 0.999821
72676: 0.999821
72677: 0.999821
72678: 0.999821
72679: 0.999821
72680: 0.999821
72681: 0.999821
72682: 0.999821
72683: 0.999821
72684: 0.999821
72685: 0.999821
72686: 0.999821
72687: 0.999821
72688: 0.999821
72689: 0.999821
72690: 0.999821
72691: 0.999821
72692: 0.999821
72693: 0.999821
72694: 0.999821
72695: 0.999821
72696: 0.999821
72697: 0.999821
72698: 0.999821
72699: 0.999821
72700: 0.999821
72701: 0.999821
72702: 0.999821
72703: 0.999821
72704: 0.999821
72705: 0.999821
72706: 0.999821
72707: 0.999821
72708: 0.999821
72709: 0.999821
72710: 0.999821
72711: 0.999821
72712: 0.999821
72713: 0.999821
72714: 0.999821
72715: 0.999821
72716: 0.999821
72717: 0.999821
72718: 0.999821
72719: 0.999821
72720: 0.999821
72721: 0.999821
72722: 0.999821
72723: 0.999821
72724: 0.999821
72725: 0.999821
72726: 0.999821
72727: 0.999821
72728: 0.999821
72729: 0.999821
72730: 0.999821
72731: 0.999821
72732: 0.999821
72733: 0.999821
72734: 0.999821
72735: 0.999821
72736: 0.999821
72737: 0.999821
72738: 0.999821
72739: 0.999821
72740: 0.999821
72741: 0.999821
72742: 0.999821
72743: 0.999821
72744: 0.999821
72745: 0.999821
72746: 0.999821
72747: 0.999821
72748: 0.999821
72749: 0.999821
72750: 0.999821
72751: 0.999821
72752: 0.999821
72753: 0.999821
72754: 0.999821
72755: 0.999821
72756: 0.999821
72757: 0.999821
72758: 0.999821
72759: 0.999821
72760: 0.999821
72761: 0.999821
72762: 0.999821
72763: 0.999821
72764: 0.999821
72765: 0.999821
72766: 0.999821
72767: 0.999821
72768: 0.999821
72769: 0.999821
72770: 0.999821
72771: 0.999821
72772: 0.999821
72773: 0.999821
72774: 0.999821
72775: 0.999821
72776: 0.999821
72777: 0.999821
72778: 0.999821
72779: 0.999821
72780: 0.999821
72781: 0.999821
72782: 0.999821
72783: 0.999821
72784: 0.999821
72785: 0.999821
72786: 0.999821
72787: 0.999821
72788: 0.999821
72789: 0.999821
72790: 0.999821
72791: 0.999821
72792: 0.999821
72793: 0.999821
72794: 0.999821
72795: 0.999821
72796: 0.999821
72797: 0.999821
72798: 0.999821
72799: 0.999821
72800: 0.999821
72801: 0.999821
72802: 0.999821
72803: 0.999821
72804: 0.999821
72805: 0.999821
72806: 0.999821
72807: 0.999821
72808: 0.999821
72809: 0.999821
72810: 0.999821
72811: 0.999821
72812: 0.999821
72813: 0.999821
72814: 0.999821
72815: 0.999821
72816: 0.999821
72817: 0.999821
72818: 0.999821
72819: 0.999821
72820: 0.999821
72821: 0.999821
72822: 0.999821
72823: 0.999821
72824: 0.999821
72825: 0.999821
72826: 0.999821
72827: 0.999821
72828: 0.999821
72829: 0.999822
72830: 0.999822
72831: 0.999822
72832: 0.999822
72833: 0.999822
72834: 0.999822
72835: 0.999822
72836: 0.999822
72837: 0.999822
72838: 0.999822
72839: 0.999822
72840: 0.999822
72841: 0.999822
72842: 0.999822
72843: 0.999822
72844: 0.999822
72845: 0.999822
72846: 0.999822
72847: 0.999822
72848: 0.999822
72849: 0.999822
72850: 0.999822
72851: 0.999822
72852: 0.999822
72853: 0.999822
72854: 0.999822
72855: 0.999822
72856: 0.999822
72857: 0.999822
72858: 0.999822
72859: 0.999822
72860: 0.999822
72861: 0.999822
72862: 0.999822
72863: 0.999822
72864: 0.999822
72865: 0.999822
72866: 0.999822
72867: 0.999822
72868: 0.999822
72869: 0.999822
72870: 0.999822
72871: 0.999822
72872: 0.999822
72873: 0.999822
72874: 0.999822
72875: 0.999822
72876: 0.999822
72877: 0.999822
72878: 0.999822
72879: 0.999822
72880: 0.999822
72881: 0.999822
72882: 0.999822
72883: 0.999822
72884: 0.999822
72885: 0.999822
72886: 0.999822
72887: 0.999822
72888: 0.999822
72889: 0.999822
72890: 0.999822
72891: 0.999822
72892: 0.999822
72893: 0.999822
72894: 0.999822
72895: 0.999822
72896: 0.999822
72897: 0.999822
72898: 0.999822
72899: 0.999822
72900: 0.999822
72901: 0.999822
72902: 0.999822
72903: 0.999822
72904: 0.999822
72905: 0.999822
72906: 0.999822
72907: 0.999822
72908: 0.999822
72909: 0.999822
72910: 0.999822
72911: 0.999822
72912: 0.999822
72913: 0.999822
72914: 0.999822
72915: 0.999822
72916: 0.999822
72917: 0.999822
72918: 0.999822
72919: 0.999822
72920: 0.999822
72921: 0.999822
72922: 0.999822
72923: 0.999822
72924: 0.999822
72925: 0.999822
72926: 0.999822
72927: 0.999822
72928: 0.999822
72929: 0.999822
72930: 0.999822
72931: 0.999822
72932: 0.999822
72933: 0.999822
72934: 0.999822
72935: 0.999822
72936: 0.999822
72937: 0.999822
72938: 0.999822
72939: 0.999822
72940: 0.999822
72941: 0.999822
72942: 0.999822
72943: 0.999822
72944: 0.999822
72945: 0.999822
72946: 0.999822
72947: 0.999822
72948: 0.999822
72949: 0.999822
72950: 0.999822
72951: 0.999822
72952: 0.999822
72953: 0.999822
72954: 0.999822
72955: 0.999822
72956: 0.999822
72957: 0.999822
72958: 0.999822
72959: 0.999822
72960: 0.999822
72961: 0.999822
72962: 0.999822
72963: 0.999822
72964: 0.999822
72965: 0.999822
72966: 0.999822
72967: 0.999822
72968: 0.999822
72969: 0.999822
72970: 0.999822
72971: 0.999822
72972: 0.999822
72973: 0.999822
72974: 0.999822
72975: 0.999822
72976: 0.999822
72977: 0.999822
72978: 0.999822
72979: 0.999822
72980: 0.999822
72981: 0.999822
72982: 0.999822
72983: 0.999822
72984: 0.999822
72985: 0.999822
72986: 0.999822
72987: 0.999822
72988: 0.999822
72989: 0.999822
72990: 0.999822
72991: 0.999822
72992: 0.999822
72993: 0.999822
72994: 0.999822
72995: 0.999822
72996: 0.999822
72997: 0.999822
72998: 0.999822
72999: 0.999822
73000: 0.999822
73001: 0.999822
73002: 0.999822
73003: 0.999822
73004: 0.999822
73005: 0.999822
73006: 0.999822
73007: 0.999822
73008: 0.999822
73009: 0.999822
73010: 0.999822
73011: 0.999822
73012: 0.999822
73013: 0.999822
73014: 0.999822
73015: 0.999822
73016: 0.999822
73017: 0.999822
73018: 0.999822
73019: 0.999822
73020: 0.999822
73021: 0.999822
73022: 0.999822
73023: 0.999822
73024: 0.999822
73025: 0.999822
73026: 0.999822
73027: 0.999822
73028: 0.999822
73029: 0.999822
73030: 0.999822
73031: 0.999822
73032: 0.999822
73033: 0.999822
73034: 0.999822
73035: 0.999822
73036: 0.999822
73037: 0.999822
73038: 0.999822
73039: 0.999822
73040: 0.999822
73041: 0.999822
73042: 0.999822
73043: 0.999822
73044: 0.999822
73045: 0.999822
73046: 0.999822
73047: 0.999822
73048: 0.999822
73049: 0.999822
73050: 0.999822
73051: 0.999822
73052: 0.999822
73053: 0.999822
73054: 0.999822
73055: 0.999822
73056: 0.999822
73057: 0.999822
73058: 0.999822
73059: 0.999822
73060: 0.999822
73061: 0.999822
73062: 0.999822
73063: 0.999822
73064: 0.999822
73065: 0.999822
73066: 0.999822
73067: 0.999822
73068: 0.999822
73069: 0.999822
73070: 0.999822
73071: 0.999822
73072: 0.999822
73073: 0.999822
73074: 0.999822
73075: 0.999822
73076: 0.999822
73077: 0.999822
73078: 0.999822
73079: 0.999822
73080: 0.999822
73081: 0.999822
73082: 0.999822
73083: 0.999822
73084: 0.999822
73085: 0.999822
73086: 0.999822
73087: 0.999822
73088: 0.999822
73089: 0.999822
73090: 0.999822
73091: 0.999822
73092: 0.999822
73093: 0.999822
73094: 0.999822
73095: 0.999822
73096: 0.999822
73097: 0.999822
73098: 0.999822
73099: 0.999822
73100: 0.999822
73101: 0.999822
73102: 0.999822
73103: 0.999822
73104: 0.999822
73105: 0.999822
73106: 0.999822
73107: 0.999822
73108: 0.999822
73109: 0.999822
73110: 0.999822
73111: 0.999822
73112: 0.999822
73113: 0.999822
73114: 0.999822
73115: 0.999822
73116: 0.999822
73117: 0.999822
73118: 0.999822
73119: 0.999822
73120: 0.999822
73121: 0.999822
73122: 0.999822
73123: 0.999822
73124: 0.999822
73125: 0.999822
73126: 0.999822
73127: 0.999822
73128: 0.999822
73129: 0.999822
73130: 0.999822
73131: 0.999822
73132: 0.999822
73133: 0.999822
73134: 0.999822
73135: 0.999822
73136: 0.999822
73137: 0.999822
73138: 0.999822
73139: 0.999822
73140: 0.999822
73141: 0.999822
73142: 0.999822
73143: 0.999822
73144: 0.999822
73145: 0.999822
73146: 0.999822
73147: 0.999822
73148: 0.999822
73149: 0.999822
73150: 0.999822
73151: 0.999822
73152: 0.999822
73153: 0.999822
73154: 0.999822
73155: 0.999822
73156: 0.999822
73157: 0.999822
73158: 0.999822
73159: 0.999822
73160: 0.999822
73161: 0.999822
73162: 0.999822
73163: 0.999822
73164: 0.999822
73165: 0.999822
73166: 0.999822
73167: 0.999822
73168: 0.999822
73169: 0.999822
73170: 0.999822
73171: 0.999822
73172: 0.999822
73173: 0.999822
73174: 0.999822
73175: 0.999822
73176: 0.999822
73177: 0.999822
73178: 0.999822
73179: 0.999822
73180: 0.999822
73181: 0.999822
73182: 0.999822
73183: 0.999822
73184: 0.999822
73185: 0.999822
73186: 0.999822
73187: 0.999822
73188: 0.999822
73189: 0.999822
73190: 0.999822
73191: 0.999822
73192: 0.999822
73193: 0.999822
73194: 0.999822
73195: 0.999822
73196: 0.999822
73197: 0.999822
73198: 0.999822
73199: 0.999822
73200: 0.999822
73201: 0.999822
73202: 0.999822
73203: 0.999822
73204: 0.999822
73205: 0.999822
73206: 0.999822
73207: 0.999822
73208: 0.999822
73209: 0.999822
73210: 0.999822
73211: 0.999822
73212: 0.999822
73213: 0.999822
73214: 0.999822
73215: 0.999822
73216: 0.999822
73217: 0.999822
73218: 0.999822
73219: 0.999822
73220: 0.999822
73221: 0.999822
73222: 0.999822
73223: 0.999822
73224: 0.999822
73225: 0.999822
73226: 0.999822
73227: 0.999822
73228: 0.999822
73229: 0.999822
73230: 0.999822
73231: 0.999822
73232: 0.999822
73233: 0.999822
73234: 0.999822
73235: 0.999822
73236: 0.999822
73237: 0.999822
73238: 0.999822
73239: 0.999823
73240: 0.999823
73241: 0.999823
73242: 0.999823
73243: 0.999823
73244: 0.999823
73245: 0.999823
73246: 0.999823
73247: 0.999823
73248: 0.999823
73249: 0.999823
73250: 0.999823
73251: 0.999823
73252: 0.999823
73253: 0.999823
73254: 0.999823
73255: 0.999823
73256: 0.999823
73257: 0.999823
73258: 0.999823
73259: 0.999823
73260: 0.999823
73261: 0.999823
73262: 0.999823
73263: 0.999823
73264: 0.999823
73265: 0.999823
73266: 0.999823
73267: 0.999823
73268: 0.999823
73269: 0.999823
73270: 0.999823
73271: 0.999823
73272: 0.999823
73273: 0.999823
73274: 0.999823
73275: 0.999823
73276: 0.999823
73277: 0.999823
73278: 0.999823
73279: 0.999823
73280: 0.999823
73281: 0.999823
73282: 0.999823
73283: 0.999823
73284: 0.999823
73285: 0.999823
73286: 0.999823
73287: 0.999823
73288: 0.999823
73289: 0.999823
73290: 0.999823
73291: 0.999823
73292: 0.999823
73293: 0.999823
73294: 0.999823
73295: 0.999823
73296: 0.999823
73297: 0.999823
73298: 0.999823
73299: 0.999823
73300: 0.999823
73301: 0.999823
73302: 0.999823
73303: 0.999823
73304: 0.999823
73305: 0.999823
73306: 0.999823
73307: 0.999823
73308: 0.999823
73309: 0.999823
73310: 0.999823
73311: 0.999823
73312: 0.999823
73313: 0.999823
73314: 0.999823
73315: 0.999823
73316: 0.999823
73317: 0.999823
73318: 0.999823
73319: 0.999823
73320: 0.999823
73321: 0.999823
73322: 0.999823
73323: 0.999823
73324: 0.999823
73325: 0.999823
73326: 0.999823
73327: 0.999823
73328: 0.999823
73329: 0.999823
73330: 0.999823
73331: 0.999823
73332: 0.999823
73333: 0.999823
73334: 0.999823
73335: 0.999823
73336: 0.999823
73337: 0.999823
73338: 0.999823
73339: 0.999823
73340: 0.999823
73341: 0.999823
73342: 0.999823
73343: 0.999823
73344: 0.999823
73345: 0.999823
73346: 0.999823
73347: 0.999823
73348: 0.999823
73349: 0.999823
73350: 0.999823
73351: 0.999823
73352: 0.999823
73353: 0.999823
73354: 0.999823
73355: 0.999823
73356: 0.999823
73357: 0.999823
73358: 0.999823
73359: 0.999823
73360: 0.999823
73361: 0.999823
73362: 0.999823
73363: 0.999823
73364: 0.999823
73365: 0.999823
73366: 0.999823
73367: 0.999823
73368: 0.999823
73369: 0.999823
73370: 0.999823
73371: 0.999823
73372: 0.999823
73373: 0.999823
73374: 0.999823
73375: 0.999823
73376: 0.999823
73377: 0.999823
73378: 0.999823
73379: 0.999823
73380: 0.999823
73381: 0.999823
73382: 0.999823
73383: 0.999823
73384: 0.999823
73385: 0.999823
73386: 0.999823
73387: 0.999823
73388: 0.999823
73389: 0.999823
73390: 0.999823
73391: 0.999823
73392: 0.999823
73393: 0.999823
73394: 0.999823
73395: 0.999823
73396: 0.999823
73397: 0.999823
73398: 0.999823
73399: 0.999823
73400: 0.999823
73401: 0.999823
73402: 0.999823
73403: 0.999823
73404: 0.999823
73405: 0.999823
73406: 0.999823
73407: 0.999823
73408: 0.999823
73409: 0.999823
73410: 0.999823
73411: 0.999823
73412: 0.999823
73413: 0.999823
73414: 0.999823
73415: 0.999823
73416: 0.999823
73417: 0.999823
73418: 0.999823
73419: 0.999823
73420: 0.999823
73421: 0.999823
73422: 0.999823
73423: 0.999823
73424: 0.999823
73425: 0.999823
73426: 0.999823
73427: 0.999823
73428: 0.999823
73429: 0.999823
73430: 0.999823
73431: 0.999823
73432: 0.999823
73433: 0.999823
73434: 0.999823
73435: 0.999823
73436: 0.999823
73437: 0.999823
73438: 0.999823
73439: 0.999823
73440: 0.999823
73441: 0.999823
73442: 0.999823
73443: 0.999823
73444: 0.999823
73445: 0.999823
73446: 0.999823
73447: 0.999823
73448: 0.999823
73449: 0.999823
73450: 0.999823
73451: 0.999823
73452: 0.999823
73453: 0.999823
73454: 0.999823
73455: 0.999823
73456: 0.999823
73457: 0.999823
73458: 0.999823
73459: 0.999823
73460: 0.999823
73461: 0.999823
73462: 0.999823
73463: 0.999823
73464: 0.999823
73465: 0.999823
73466: 0.999823
73467: 0.999823
73468: 0.999823
73469: 0.999823
73470: 0.999823
73471: 0.999823
73472: 0.999823
73473: 0.999823
73474: 0.999823
73475: 0.999823
73476: 0.999823
73477: 0.999823
73478: 0.999823
73479: 0.999823
73480: 0.999823
73481: 0.999823
73482: 0.999823
73483: 0.999823
73484: 0.999823
73485: 0.999823
73486: 0.999823
73487: 0.999823
73488: 0.999823
73489: 0.999823
73490: 0.999823
73491: 0.999823
73492: 0.999823
73493: 0.999823
73494: 0.999823
73495: 0.999823
73496: 0.999823
73497: 0.999823
73498: 0.999823
73499: 0.999823
73500: 0.999823
73501: 0.999823
73502: 0.999823
73503: 0.999823
73504: 0.999823
73505: 0.999823
73506: 0.999823
73507: 0.999823
73508: 0.999823
73509: 0.999823
73510: 0.999823
73511: 0.999823
73512: 0.999823
73513: 0.999823
73514: 0.999823
73515: 0.999823
73516: 0.999823
73517: 0.999823
73518: 0.999823
73519: 0.999823
73520: 0.999823
73521: 0.999823
73522: 0.999823
73523: 0.999823
73524: 0.999823
73525: 0.999823
73526: 0.999823
73527: 0.999823
73528: 0.999823
73529: 0.999823
73530: 0.999823
73531: 0.999823
73532: 0.999823
73533: 0.999823
73534: 0.999823
73535: 0.999823
73536: 0.999823
73537: 0.999823
73538: 0.999823
73539: 0.999823
73540: 0.999823
73541: 0.999823
73542: 0.999823
73543: 0.999823
73544: 0.999823
73545: 0.999823
73546: 0.999823
73547: 0.999823
73548: 0.999823
73549: 0.999823
73550: 0.999823
73551: 0.999823
73552: 0.999823
73553: 0.999823
73554: 0.999823
73555: 0.999823
73556: 0.999823
73557: 0.999823
73558: 0.999823
73559: 0.999823
73560: 0.999823
73561: 0.999823
73562: 0.999823
73563: 0.999823
73564: 0.999823
73565: 0.999823
73566: 0.999823
73567: 0.999823
73568: 0.999823
73569: 0.999823
73570: 0.999823
73571: 0.999823
73572: 0.999823
73573: 0.999823
73574: 0.999823
73575: 0.999823
73576: 0.999823
73577: 0.999823
73578: 0.999823
73579: 0.999823
73580: 0.999823
73581: 0.999823
73582: 0.999823
73583: 0.999823
73584: 0.999823
73585: 0.999823
73586: 0.999823
73587: 0.999823
73588: 0.999823
73589: 0.999823
73590: 0.999823
73591: 0.999823
73592: 0.999823
73593: 0.999823
73594: 0.999823
73595: 0.999823
73596: 0.999823
73597: 0.999823
73598: 0.999823
73599: 0.999823
73600: 0.999823
73601: 0.999823
73602: 0.999823
73603: 0.999823
73604: 0.999823
73605: 0.999823
73606: 0.999823
73607: 0.999823
73608: 0.999823
73609: 0.999823
73610: 0.999823
73611: 0.999823
73612: 0.999823
73613: 0.999823
73614: 0.999823
73615: 0.999823
73616: 0.999823
73617: 0.999823
73618: 0.999823
73619: 0.999823
73620: 0.999823
73621: 0.999823
73622: 0.999823
73623: 0.999823
73624: 0.999823
73625: 0.999823
73626: 0.999823
73627: 0.999823
73628: 0.999823
73629: 0.999823
73630: 0.999823
73631: 0.999823
73632: 0.999823
73633: 0.999823
73634: 0.999823
73635: 0.999823
73636: 0.999823
73637: 0.999823
73638: 0.999823
73639: 0.999823
73640: 0.999823
73641: 0.999823
73642: 0.999823
73643: 0.999823
73644: 0.999823
73645: 0.999823
73646: 0.999823
73647: 0.999823
73648: 0.999823
73649: 0.999823
73650: 0.999823
73651: 0.999823
73652: 0.999823
73653: 0.999823
73654: 0.999824
73655: 0.999824
73656: 0.999824
73657: 0.999824
73658: 0.999824
73659: 0.999824
73660: 0.999824
73661: 0.999824
73662: 0.999824
73663: 0.999824
73664: 0.999824
73665: 0.999824
73666: 0.999824
73667: 0.999824
73668: 0.999824
73669: 0.999824
73670: 0.999824
73671: 0.999824
73672: 0.999824
73673: 0.999824
73674: 0.999824
73675: 0.999824
73676: 0.999824
73677: 0.999824
73678: 0.999824
73679: 0.999824
73680: 0.999824
73681: 0.999824
73682: 0.999824
73683: 0.999824
73684: 0.999824
73685: 0.999824
73686: 0.999824
73687: 0.999824
73688: 0.999824
73689: 0.999824
73690: 0.999824
73691: 0.999824
73692: 0.999824
73693: 0.999824
73694: 0.999824
73695: 0.999824
73696: 0.999824
73697: 0.999824
73698: 0.999824
73699: 0.999824
73700: 0.999824
73701: 0.999824
73702: 0.999824
73703: 0.999824
73704: 0.999824
73705: 0.999824
73706: 0.999824
73707: 0.999824
73708: 0.999824
73709: 0.999824
73710: 0.999824
73711: 0.999824
73712: 0.999824
73713: 0.999824
73714: 0.999824
73715: 0.999824
73716: 0.999824
73717: 0.999824
73718: 0.999824
73719: 0.999824
73720: 0.999824
73721: 0.999824
73722: 0.999824
73723: 0.999824
73724: 0.999824
73725: 0.999824
73726: 0.999824
73727: 0.999824
73728: 0.999824
73729: 0.999824
73730: 0.999824
73731: 0.999824
73732: 0.999824
73733: 0.999824
73734: 0.999824
73735: 0.999824
73736: 0.999824
73737: 0.999824
73738: 0.999824
73739: 0.999824
73740: 0.999824
73741: 0.999824
73742: 0.999824
73743: 0.999824
73744: 0.999824
73745: 0.999824
73746: 0.999824
73747: 0.999824
73748: 0.999824
73749: 0.999824
73750: 0.999824
73751: 0.999824
73752: 0.999824
73753: 0.999824
73754: 0.999824
73755: 0.999824
73756: 0.999824
73757: 0.999824
73758: 0.999824
73759: 0.999824
73760: 0.999824
73761: 0.999824
73762: 0.999824
73763: 0.999824
73764: 0.999824
73765: 0.999824
73766: 0.999824
73767: 0.999824
73768: 0.999824
73769: 0.999824
73770: 0.999824
73771: 0.999824
73772: 0.999824
73773: 0.999824
73774: 0.999824
73775: 0.999824
73776: 0.999824
73777: 0.999824
73778: 0.999824
73779: 0.999824
73780: 0.999824
73781: 0.999824
73782: 0.999824
73783: 0.999824
73784: 0.999824
73785: 0.999824
73786: 0.999824
73787: 0.999824
73788: 0.999824
73789: 0.999824
73790: 0.999824
73791: 0.999824
73792: 0.999824
73793: 0.999824
73794: 0.999824
73795: 0.999824
73796: 0.999824
73797: 0.999824
73798: 0.999824
73799: 0.999824
73800: 0.999824
73801: 0.999824
73802: 0.999824
73803: 0.999824
73804: 0.999824
73805: 0.999824
73806: 0.999824
73807: 0.999824
73808: 0.999824
73809: 0.999824
73810: 0.999824
73811: 0.999824
73812: 0.999824
73813: 0.999824
73814: 0.999824
73815: 0.999824
73816: 0.999824
73817: 0.999824
73818: 0.999824
73819: 0.999824
73820: 0.999824
73821: 0.999824
73822: 0.999824
73823: 0.999824
73824: 0.999824
73825: 0.999824
73826: 0.999824
73827: 0.999824
73828: 0.999824
73829: 0.999824
73830: 0.999824
73831: 0.999824
73832: 0.999824
73833: 0.999824
73834: 0.999824
73835: 0.999824
73836: 0.999824
73837: 0.999824
73838: 0.999824
73839: 0.999824
73840: 0.999824
73841: 0.999824
73842: 0.999824
73843: 0.999824
73844: 0.999824
73845: 0.999824
73846: 0.999824
73847: 0.999824
73848: 0.999824
73849: 0.999824
73850: 0.999824
73851: 0.999824
73852: 0.999824
73853: 0.999824
73854: 0.999824
73855: 0.999824
73856: 0.999824
73857: 0.999824
73858: 0.999824
73859: 0.999824
73860: 0.999824
73861: 0.999824
73862: 0.999824
73863: 0.999824
73864: 0.999824
73865: 0.999824
73866: 0.999824
73867: 0.999824
73868: 0.999824
73869: 0.999824
73870: 0.999824
73871: 0.999824
73872: 0.999824
73873: 0.999824
73874: 0.999824
73875: 0.999824
73876: 0.999824
73877: 0.999824
73878: 0.999824
73879: 0.999824
73880: 0.999824
73881: 0.999824
73882: 0.999824
73883: 0.999824
73884: 0.999824
73885: 0.999824
73886: 0.999824
73887: 0.999824
73888: 0.999824
73889: 0.999824
73890: 0.999824
73891: 0.999824
73892: 0.999824
73893: 0.999824
73894: 0.999824
73895: 0.999824
73896: 0.999824
73897: 0.999824
73898: 0.999824
73899: 0.999824
73900: 0.999824
73901: 0.999824
73902: 0.999824
73903: 0.999824
73904: 0.999824
73905: 0.999824
73906: 0.999824
73907: 0.999824
73908: 0.999824
73909: 0.999824
73910: 0.999824
73911: 0.999824
73912: 0.999824
73913: 0.999824
73914: 0.999824
73915: 0.999824
73916: 0.999824
73917: 0.999824
73918: 0.999824
73919: 0.999824
73920: 0.999824
73921: 0.999824
73922: 0.999824
73923: 0.999824
73924: 0.999824
73925: 0.999824
73926: 0.999824
73927: 0.999824
73928: 0.999824
73929: 0.999824
73930: 0.999824
73931: 0.999824
73932: 0.999824
73933: 0.999824
73934: 0.999824
73935: 0.999824
73936: 0.999824
73937: 0.999824
73938: 0.999824
73939: 0.999824
73940: 0.999824
73941: 0.999824
73942: 0.999824
73943: 0.999824
73944: 0.999824
73945: 0.999824
73946: 0.999824
73947: 0.999824
73948: 0.999824
73949: 0.999824
73950: 0.999824
73951: 0.999824
73952: 0.999824
73953: 0.999824
73954: 0.999824
73955: 0.999824
73956: 0.999824
73957: 0.999824
73958: 0.999824
73959: 0.999824
73960: 0.999824
73961: 0.999824
73962: 0.999824
73963: 0.999824
73964: 0.999824
73965: 0.999824
73966: 0.999824
73967: 0.999824
73968: 0.999824
73969: 0.999824
73970: 0.999824
73971: 0.999824
73972: 0.999824
73973: 0.999824
73974: 0.999824
73975: 0.999824
73976: 0.999824
73977: 0.999824
73978: 0.999824
73979: 0.999824
73980: 0.999824
73981: 0.999824
73982: 0.999824
73983: 0.999824
73984: 0.999824
73985: 0.999824
73986: 0.999824
73987: 0.999824
73988: 0.999824
73989: 0.999824
73990: 0.999824
73991: 0.999824
73992: 0.999824
73993: 0.999824
73994: 0.999824
73995: 0.999824
73996: 0.999824
73997: 0.999824
73998: 0.999824
73999: 0.999824
74000: 0.999824
74001: 0.999824
74002: 0.999824
74003: 0.999824
74004: 0.999824
74005: 0.999824
74006: 0.999824
74007: 0.999824
74008: 0.999824
74009: 0.999824
74010: 0.999824
74011: 0.999824
74012: 0.999824
74013: 0.999824
74014: 0.999824
74015: 0.999824
74016: 0.999824
74017: 0.999824
74018: 0.999824
74019: 0.999824
74020: 0.999824
74021: 0.999824
74022: 0.999824
74023: 0.999824
74024: 0.999824
74025: 0.999824
74026: 0.999824
74027: 0.999824
74028: 0.999824
74029: 0.999824
74030: 0.999824
74031: 0.999824
74032: 0.999824
74033: 0.999824
74034: 0.999824
74035: 0.999824
74036: 0.999824
74037: 0.999824
74038: 0.999824
74039: 0.999824
74040: 0.999824
74041: 0.999824
74042: 0.999824
74043: 0.999824
74044: 0.999824
74045: 0.999824
74046: 0.999824
74047: 0.999824
74048: 0.999824
74049: 0.999824
74050: 0.999824
74051: 0.999824
74052: 0.999824
74053: 0.999824
74054: 0.999824
74055: 0.999824
74056: 0.999824
74057: 0.999824
74058: 0.999824
74059: 0.999824
74060: 0.999824
74061: 0.999824
74062: 0.999824
74063: 0.999824
74064: 0.999824
74065: 0.999824
74066: 0.999824
74067: 0.999824
74068: 0.999824
74069: 0.999824
74070: 0.999824
74071: 0.999824
74072: 0.999824
74073: 0.999824
74074: 0.999825
74075: 0.999825
74076: 0.999825
74077: 0.999825
74078: 0.999825
74079: 0.999825
74080: 0.999825
74081: 0.999825
74082: 0.999825
74083: 0.999825
74084: 0.999825
74085: 0.999825
74086: 0.999825
74087: 0.999825
74088: 0.999825
74089: 0.999825
74090: 0.999825
74091: 0.999825
74092: 0.999825
74093: 0.999825
74094: 0.999825
74095: 0.999825
74096: 0.999825
74097: 0.999825
74098: 0.999825
74099: 0.999825
74100: 0.999825
74101: 0.999825
74102: 0.999825
74103: 0.999825
74104: 0.999825
74105: 0.999825
74106: 0.999825
74107: 0.999825
74108: 0.999825
74109: 0.999825
74110: 0.999825
74111: 0.999825
74112: 0.999825
74113: 0.999825
74114: 0.999825
74115: 0.999825
74116: 0.999825
74117: 0.999825
74118: 0.999825
74119: 0.999825
74120: 0.999825
74121: 0.999825
74122: 0.999825
74123: 0.999825
74124: 0.999825
74125: 0.999825
74126: 0.999825
74127: 0.999825
74128: 0.999825
74129: 0.999825
74130: 0.999825
74131: 0.999825
74132: 0.999825
74133: 0.999825
74134: 0.999825
74135: 0.999825
74136: 0.999825
74137: 0.999825
74138: 0.999825
74139: 0.999825
74140: 0.999825
74141: 0.999825
74142: 0.999825
74143: 0.999825
74144: 0.999825
74145: 0.999825
74146: 0.999825
74147: 0.999825
74148: 0.999825
74149: 0.999825
74150: 0.999825
74151: 0.999825
74152: 0.999825
74153: 0.999825
74154: 0.999825
74155: 0.999825
74156: 0.999825
74157: 0.999825
74158: 0.999825
74159: 0.999825
74160: 0.999825
74161: 0.999825
74162: 0.999825
74163: 0.999825
74164: 0.999825
74165: 0.999825
74166: 0.999825
74167: 0.999825
74168: 0.999825
74169: 0.999825
74170: 0.999825
74171: 0.999825
74172: 0.999825
74173: 0.999825
74174: 0.999825
74175: 0.999825
74176: 0.999825
74177: 0.999825
74178: 0.999825
74179: 0.999825
74180: 0.999825
74181: 0.999825
74182: 0.999825
74183: 0.999825
74184: 0.999825
74185: 0.999825
74186: 0.999825
74187: 0.999825
74188: 0.999825
74189: 0.999825
74190: 0.999825
74191: 0.999825
74192: 0.999825
74193: 0.999825
74194: 0.999825
74195: 0.999825
74196: 0.999825
74197: 0.999825
74198: 0.999825
74199: 0.999825
74200: 0.999825
74201: 0.999825
74202: 0.999825
74203: 0.999825
74204: 0.999825
74205: 0.999825
74206: 0.999825
74207: 0.999825
74208: 0.999825
74209: 0.999825
74210: 0.999825
74211: 0.999825
74212: 0.999825
74213: 0.999825
74214: 0.999825
74215: 0.999825
74216: 0.999825
74217: 0.999825
74218: 0.999825
74219: 0.999825
74220: 0.999825
74221: 0.999825
74222: 0.999825
74223: 0.999825
74224: 0.999825
74225: 0.999825
74226: 0.999825
74227: 0.999825
74228: 0.999825
74229: 0.999825
74230: 0.999825
74231: 0.999825
74232: 0.999825
74233: 0.999825
74234: 0.999825
74235: 0.999825
74236: 0.999825
74237: 0.999825
74238: 0.999825
74239: 0.999825
74240: 0.999825
74241: 0.999825
74242: 0.999825
74243: 0.999825
74244: 0.999825
74245: 0.999825
74246: 0.999825
74247: 0.999825
74248: 0.999825
74249: 0.999825
74250: 0.999825
74251: 0.999825
74252: 0.999825
74253: 0.999825
74254: 0.999825
74255: 0.999825
74256: 0.999825
74257: 0.999825
74258: 0.999825
74259: 0.999825
74260: 0.999825
74261: 0.999825
74262: 0.999825
74263: 0.999825
74264: 0.999825
74265: 0.999825
74266: 0.999825
74267: 0.999825
74268: 0.999825
74269: 0.999825
74270: 0.999825
74271: 0.999825
74272: 0.999825
74273: 0.999825
74274: 0.999825
74275: 0.999825
74276: 0.999825
74277: 0.999825
74278: 0.999825
74279: 0.999825
74280: 0.999825
74281: 0.999825
74282: 0.999825
74283: 0.999825
74284: 0.999825
74285: 0.999825
74286: 0.999825
74287: 0.999825
74288: 0.999825
74289: 0.999825
74290: 0.999825
74291: 0.999825
74292: 0.999825
74293: 0.999825
74294: 0.999825
74295: 0.999825
74296: 0.999825
74297: 0.999825
74298: 0.999825
74299: 0.999825
74300: 0.999825
74301: 0.999825
74302: 0.999825
74303: 0.999825
74304: 0.999825
74305: 0.999825
74306: 0.999825
74307: 0.999825
74308: 0.999825
74309: 0.999825
74310: 0.999825
74311: 0.999825
74312: 0.999825
74313: 0.999825
74314: 0.999825
74315: 0.999825
74316: 0.999825
74317: 0.999825
74318: 0.999825
74319: 0.999825
74320: 0.999825
74321: 0.999825
74322: 0.999825
74323: 0.999825
74324: 0.999825
74325: 0.999825
74326: 0.999825
74327: 0.999825
74328: 0.999825
74329: 0.999825
74330: 0.999825
74331: 0.999825
74332: 0.999825
74333: 0.999825
74334: 0.999825
74335: 0.999825
74336: 0.999825
74337: 0.999825
74338: 0.999825
74339: 0.999825
74340: 0.999825
74341: 0.999825
74342: 0.999825
74343: 0.999825
74344: 0.999825
74345: 0.999825
74346: 0.999825
74347: 0.999825
74348: 0.999825
74349: 0.999825
74350: 0.999825
74351: 0.999825
74352: 0.999825
74353: 0.999825
74354: 0.999825
74355: 0.999825
74356: 0.999825
74357: 0.999825
74358: 0.999825
74359: 0.999825
74360: 0.999825
74361: 0.999825
74362: 0.999825
74363: 0.999825
74364: 0.999825
74365: 0.999825
74366: 0.999825
74367: 0.999825
74368: 0.999825
74369: 0.999825
74370: 0.999825
74371: 0.999825
74372: 0.999825
74373: 0.999825
74374: 0.999825
74375: 0.999825
74376: 0.999825
74377: 0.999825
74378: 0.999825
74379: 0.999825
74380: 0.999825
74381: 0.999825
74382: 0.999825
74383: 0.999825
74384: 0.999825
74385: 0.999825
74386: 0.999825
74387: 0.999825
74388: 0.999825
74389: 0.999825
74390: 0.999825
74391: 0.999825
74392: 0.999825
74393: 0.999825
74394: 0.999825
74395: 0.999825
74396: 0.999825
74397: 0.999825
74398: 0.999825
74399: 0.999825
74400: 0.999825
74401: 0.999825
74402: 0.999825
74403: 0.999825
74404: 0.999825
74405: 0.999825
74406: 0.999825
74407: 0.999825
74408: 0.999825
74409: 0.999825
74410: 0.999825
74411: 0.999825
74412: 0.999825
74413: 0.999825
74414: 0.999825
74415: 0.999825
74416: 0.999825
74417: 0.999825
74418: 0.999825
74419: 0.999825
74420: 0.999825
74421: 0.999825
74422: 0.999825
74423: 0.999825
74424: 0.999825
74425: 0.999825
74426: 0.999825
74427: 0.999825
74428: 0.999825
74429: 0.999825
74430: 0.999825
74431: 0.999825
74432: 0.999825
74433: 0.999825
74434: 0.999825
74435: 0.999825
74436: 0.999825
74437: 0.999825
74438: 0.999825
74439: 0.999825
74440: 0.999825
74441: 0.999825
74442: 0.999825
74443: 0.999825
74444: 0.999825
74445: 0.999825
74446: 0.999825
74447: 0.999825
74448: 0.999825
74449: 0.999825
74450: 0.999825
74451: 0.999825
74452: 0.999825
74453: 0.999825
74454: 0.999825
74455: 0.999825
74456: 0.999825
74457: 0.999825
74458: 0.999825
74459: 0.999825
74460: 0.999825
74461: 0.999825
74462: 0.999825
74463: 0.999825
74464: 0.999825
74465: 0.999825
74466: 0.999825
74467: 0.999825
74468: 0.999825
74469: 0.999825
74470: 0.999825
74471: 0.999825
74472: 0.999825
74473: 0.999825
74474: 0.999825
74475: 0.999825
74476: 0.999825
74477: 0.999825
74478: 0.999825
74479: 0.999825
74480: 0.999825
74481: 0.999825
74482: 0.999825
74483: 0.999825
74484: 0.999825
74485: 0.999825
74486: 0.999825
74487: 0.999825
74488: 0.999825
74489: 0.999825
74490: 0.999825
74491: 0.999825
74492: 0.999825
74493: 0.999825
74494: 0.999825
74495: 0.999825
74496: 0.999825
74497: 0.999825
74498: 0.999826
74499: 0.999826
74500: 0.999826
74501: 0.999826
74502: 0.999826
74503: 0.999826
74504: 0.999826
74505: 0.999826
74506: 0.999826
74507: 0.999826
74508: 0.999826
74509: 0.999826
74510: 0.999826
74511: 0.999826
74512: 0.999826
74513: 0.999826
74514: 0.999826
74515: 0.999826
74516: 0.999826
74517: 0.999826
74518: 0.999826
74519: 0.999826
74520: 0.999826
74521: 0.999826
74522: 0.999826
74523: 0.999826
74524: 0.999826
74525: 0.999826
74526: 0.999826
74527: 0.999826
74528: 0.999826
74529: 0.999826
74530: 0.999826
74531: 0.999826
74532: 0.999826
74533: 0.999826
74534: 0.999826
74535: 0.999826
74536: 0.999826
74537: 0.999826
74538: 0.999826
74539: 0.999826
74540: 0.999826
74541: 0.999826
74542: 0.999826
74543: 0.999826
74544: 0.999826
74545: 0.999826
74546: 0.999826
74547: 0.999826
74548: 0.999826
74549: 0.999826
74550: 0.999826
74551: 0.999826
74552: 0.999826
74553: 0.999826
74554: 0.999826
74555: 0.999826
74556: 0.999826
74557: 0.999826
74558: 0.999826
74559: 0.999826
74560: 0.999826
74561: 0.999826
74562: 0.999826
74563: 0.999826
74564: 0.999826
74565: 0.999826
74566: 0.999826
74567: 0.999826
74568: 0.999826
74569: 0.999826
74570: 0.999826
74571: 0.999826
74572: 0.999826
74573: 0.999826
74574: 0.999826
74575: 0.999826
74576: 0.999826
74577: 0.999826
74578: 0.999826
74579: 0.999826
74580: 0.999826
74581: 0.999826
74582: 0.999826
74583: 0.999826
74584: 0.999826
74585: 0.999826
74586: 0.999826
74587: 0.999826
74588: 0.999826
74589: 0.999826
74590: 0.999826
74591: 0.999826
74592: 0.999826
74593: 0.999826
74594: 0.999826
74595: 0.999826
74596: 0.999826
74597: 0.999826
74598: 0.999826
74599: 0.999826
74600: 0.999826
74601: 0.999826
74602: 0.999826
74603: 0.999826
74604: 0.999826
74605: 0.999826
74606: 0.999826
74607: 0.999826
74608: 0.999826
74609: 0.999826
74610: 0.999826
74611: 0.999826
74612: 0.999826
74613: 0.999826
74614: 0.999826
74615: 0.999826
74616: 0.999826
74617: 0.999826
74618: 0.999826
74619: 0.999826
74620: 0.999826
74621: 0.999826
74622: 0.999826
74623: 0.999826
74624: 0.999826
74625: 0.999826
74626: 0.999826
74627: 0.999826
74628: 0.999826
74629: 0.999826
74630: 0.999826
74631: 0.999826
74632: 0.999826
74633: 0.999826
74634: 0.999826
74635: 0.999826
74636: 0.999826
74637: 0.999826
74638: 0.999826
74639: 0.999826
74640: 0.999826
74641: 0.999826
74642: 0.999826
74643: 0.999826
74644: 0.999826
74645: 0.999826
74646: 0.999826
74647: 0.999826
74648: 0.999826
74649: 0.999826
74650: 0.999826
74651: 0.999826
74652: 0.999826
74653: 0.999826
74654: 0.999826
74655: 0.999826
74656: 0.999826
74657: 0.999826
74658: 0.999826
74659: 0.999826
74660: 0.999826
74661: 0.999826
74662: 0.999826
74663: 0.999826
74664: 0.999826
74665: 0.999826
74666: 0.999826
74667: 0.999826
74668: 0.999826
74669: 0.999826
74670: 0.999826
74671: 0.999826
74672: 0.999826
74673: 0.999826
74674: 0.999826
74675: 0.999826
74676: 0.999826
74677: 0.999826
74678: 0.999826
74679: 0.999826
74680: 0.999826
74681: 0.999826
74682: 0.999826
74683: 0.999826
74684: 0.999826
74685: 0.999826
74686: 0.999826
74687: 0.999826
74688: 0.999826
74689: 0.999826
74690: 0.999826
74691: 0.999826
74692: 0.999826
74693: 0.999826
74694: 0.999826
74695: 0.999826
74696: 0.999826
74697: 0.999826
74698: 0.999826
74699: 0.999826
74700: 0.999826
74701: 0.999826
74702: 0.999826
74703: 0.999826
74704: 0.999826
74705: 0.999826
74706: 0.999826
74707: 0.999826
74708: 0.999826
74709: 0.999826
74710: 0.999826
74711: 0.999826
74712: 0.999826
74713: 0.999826
74714: 0.999826
74715: 0.999826
74716: 0.999826
74717: 0.999826
74718: 0.999826
74719: 0.999826
74720: 0.999826
74721: 0.999826
74722: 0.999826
74723: 0.999826
74724: 0.999826
74725: 0.999826
74726: 0.999826
74727: 0.999826
74728: 0.999826
74729: 0.999826
74730: 0.999826
74731: 0.999826
74732: 0.999826
74733: 0.999826
74734: 0.999826
74735: 0.999826
74736: 0.999826
74737: 0.999826
74738: 0.999826
74739: 0.999826
74740: 0.999826
74741: 0.999826
74742: 0.999826
74743: 0.999826
74744: 0.999826
74745: 0.999826
74746: 0.999826
74747: 0.999826
74748: 0.999826
74749: 0.999826
74750: 0.999826
74751: 0.999826
74752: 0.999826
74753: 0.999826
74754: 0.999826
74755: 0.999826
74756: 0.999826
74757: 0.999826
74758: 0.999826
74759: 0.999826
74760: 0.999826
74761: 0.999826
74762: 0.999826
74763: 0.999826
74764: 0.999826
74765: 0.999826
74766: 0.999826
74767: 0.999826
74768: 0.999826
74769: 0.999826
74770: 0.999826
74771: 0.999826
74772: 0.999826
74773: 0.999826
74774: 0.999826
74775: 0.999826
74776: 0.999826
74777: 0.999826
74778: 0.999826
74779: 0.999826
74780: 0.999826
74781: 0.999826
74782: 0.999826
74783: 0.999826
74784: 0.999826
74785: 0.999826
74786: 0.999826
74787: 0.999826
74788: 0.999826
74789: 0.999826
74790: 0.999826
74791: 0.999826
74792: 0.999826
74793: 0.999826
74794: 0.999826
74795: 0.999826
74796: 0.999826
74797: 0.999826
74798: 0.999826
74799: 0.999826
74800: 0.999826
74801: 0.999826
74802: 0.999826
74803: 0.999826
74804: 0.999826
74805: 0.999826
74806: 0.999826
74807: 0.999826
74808: 0.999826
74809: 0.999826
74810: 0.999826
74811: 0.999826
74812: 0.999826
74813: 0.999826
74814: 0.999826
74815: 0.999826
74816: 0.999826
74817: 0.999826
74818: 0.999826
74819: 0.999826
74820: 0.999826
74821: 0.999826
74822: 0.999826
74823: 0.999826
74824: 0.999826
74825: 0.999826
74826: 0.999826
74827: 0.999826
74828: 0.999826
74829: 0.999826
74830: 0.999826
74831: 0.999826
74832: 0.999826
74833: 0.999826
74834: 0.999826
74835: 0.999826
74836: 0.999826
74837: 0.999826
74838: 0.999826
74839: 0.999826
74840: 0.999826
74841: 0.999826
74842: 0.999826
74843: 0.999826
74844: 0.999826
74845: 0.999826
74846: 0.999826
74847: 0.999826
74848: 0.999826
74849: 0.999826
74850: 0.999826
74851: 0.999826
74852: 0.999826
74853: 0.999826
74854: 0.999826
74855: 0.999826
74856: 0.999826
74857: 0.999826
74858: 0.999826
74859: 0.999826
74860: 0.999826
74861: 0.999826
74862: 0.999826
74863: 0.999826
74864: 0.999826
74865: 0.999826
74866: 0.999826
74867: 0.999826
74868: 0.999826
74869: 0.999826
74870: 0.999826
74871: 0.999826
74872: 0.999826
74873: 0.999826
74874: 0.999826
74875: 0.999826
74876: 0.999826
74877: 0.999826
74878: 0.999826
74879: 0.999826
74880: 0.999826
74881: 0.999826
74882: 0.999826
74883: 0.999826
74884: 0.999826
74885: 0.999826
74886: 0.999826
74887: 0.999826
74888: 0.999826
74889: 0.999826
74890: 0.999826
74891: 0.999826
74892: 0.999826
74893: 0.999826
74894: 0.999826
74895: 0.999826
74896: 0.999826
74897: 0.999826
74898: 0.999826
74899: 0.999826
74900: 0.999826
74901: 0.999826
74902: 0.999826
74903: 0.999826
74904: 0.999826
74905: 0.999826
74906: 0.999826
74907: 0.999826
74908: 0.999826
74909: 0.999826
74910: 0.999826
74911: 0.999826
74912: 0.999826
74913: 0.999826
74914: 0.999826
74915: 0.999826
74916: 0.999826
74917: 0.999826
74918: 0.999826
74919: 0.999826
74920: 0.999826
74921: 0.999826
74922: 0.999826
74923: 0.999826
74924: 0.999826
74925: 0.999826
74926: 0.999826
74927: 0.999827
74928: 0.999827
74929: 0.999827
74930: 0.999827
74931: 0.999827
74932: 0.999827
74933: 0.999827
74934: 0.999827
74935: 0.999827
74936: 0.999827
74937: 0.999827
74938: 0.999827
74939: 0.999827
74940: 0.999827
74941: 0.999827
74942: 0.999827
74943: 0.999827
74944: 0.999827
74945: 0.999827
74946: 0.999827
74947: 0.999827
74948: 0.999827
74949: 0.999827
74950: 0.999827
74951: 0.999827
74952: 0.999827
74953: 0.999827
74954: 0.999827
74955: 0.999827
74956: 0.999827
74957: 0.999827
74958: 0.999827
74959: 0.999827
74960: 0.999827
74961: 0.999827
74962: 0.999827
74963: 0.999827
74964: 0.999827
74965: 0.999827
74966: 0.999827
74967: 0.999827
74968: 0.999827
74969: 0.999827
74970: 0.999827
74971: 0.999827
74972: 0.999827
74973: 0.999827
74974: 0.999827
74975: 0.999827
74976: 0.999827
74977: 0.999827
74978: 0.999827
74979: 0.999827
74980: 0.999827
74981: 0.999827
74982: 0.999827
74983: 0.999827
74984: 0.999827
74985: 0.999827
74986: 0.999827
74987: 0.999827
74988: 0.999827
74989: 0.999827
74990: 0.999827
74991: 0.999827
74992: 0.999827
74993: 0.999827
74994: 0.999827
74995: 0.999827
74996: 0.999827
74997: 0.999827
74998: 0.999827
74999: 0.999827
75000: 0.999827
75001: 0.999827
75002: 0.999827
75003: 0.999827
75004: 0.999827
75005: 0.999827
75006: 0.999827
75007: 0.999827
75008: 0.999827
75009: 0.999827
75010: 0.999827
75011: 0.999827
75012: 0.999827
75013: 0.999827
75014: 0.999827
75015: 0.999827
75016: 0.999827
75017: 0.999827
75018: 0.999827
75019: 0.999827
75020: 0.999827
75021: 0.999827
75022: 0.999827
75023: 0.999827
75024: 0.999827
75025: 0.999827
75026: 0.999827
75027: 0.999827
75028: 0.999827
75029: 0.999827
75030: 0.999827
75031: 0.999827
75032: 0.999827
75033: 0.999827
75034: 0.999827
75035: 0.999827
75036: 0.999827
75037: 0.999827
75038: 0.999827
75039: 0.999827
75040: 0.999827
75041: 0.999827
75042: 0.999827
75043: 0.999827
75044: 0.999827
75045: 0.999827
75046: 0.999827
75047: 0.999827
75048: 0.999827
75049: 0.999827
75050: 0.999827
75051: 0.999827
75052: 0.999827
75053: 0.999827
75054: 0.999827
75055: 0.999827
75056: 0.999827
75057: 0.999827
75058: 0.999827
75059: 0.999827
75060: 0.999827
75061: 0.999827
75062: 0.999827
75063: 0.999827
75064: 0.999827
75065: 0.999827
75066: 0.999827
75067: 0.999827
75068: 0.999827
75069: 0.999827
75070: 0.999827
75071: 0.999827
75072: 0.999827
75073: 0.999827
75074: 0.999827
75075: 0.999827
75076: 0.999827
75077: 0.999827
75078: 0.999827
75079: 0.999827
75080: 0.999827
75081: 0.999827
75082: 0.999827
75083: 0.999827
75084: 0.999827
75085: 0.999827
75086: 0.999827
75087: 0.999827
75088: 0.999827
75089: 0.999827
75090: 0.999827
75091: 0.999827
75092: 0.999827
75093: 0.999827
75094: 0.999827
75095: 0.999827
75096: 0.999827
75097: 0.999827
75098: 0.999827
75099: 0.999827
75100: 0.999827
75101: 0.999827
75102: 0.999827
75103: 0.999827
75104: 0.999827
75105: 0.999827
75106: 0.999827
75107: 0.999827
75108: 0.999827
75109: 0.999827
75110: 0.999827
75111: 0.999827
75112: 0.999827
75113: 0.999827
75114: 0.999827
75115: 0.999827
75116: 0.999827
75117: 0.999827
75118: 0.999827
75119: 0.999827
75120: 0.999827
75121: 0.999827
75122: 0.999827
75123: 0.999827
75124: 0.999827
75125: 0.999827
75126: 0.999827
75127: 0.999827
75128: 0.999827
75129: 0.999827
75130: 0.999827
75131: 0.999827
75132: 0.999827
75133: 0.999827
75134: 0.999827
75135: 0.999827
75136: 0.999827
75137: 0.999827
75138: 0.999827
75139: 0.999827
75140: 0.999827
75141: 0.999827
75142: 0.999827
75143: 0.999827
75144: 0.999827
75145: 0.999827
75146: 0.999827
75147: 0.999827
75148: 0.999827
75149: 0.999827
75150: 0.999827
75151: 0.999827
75152: 0.999827
75153: 0.999827
75154: 0.999827
75155: 0.999827
75156: 0.999827
75157: 0.999827
75158: 0.999827
75159: 0.999827
75160: 0.999827
75161: 0.999827
75162: 0.999827
75163: 0.999827
75164: 0.999827
75165: 0.999827
75166: 0.999827
75167: 0.999827
75168: 0.999827
75169: 0.999827
75170: 0.999827
75171: 0.999827
75172: 0.999827
75173: 0.999827
75174: 0.999827
75175: 0.999827
75176: 0.999827
75177: 0.999827
75178: 0.999827
75179: 0.999827
75180: 0.999827
75181: 0.999827
75182: 0.999827
75183: 0.999827
75184: 0.999827
75185: 0.999827
75186: 0.999827
75187: 0.999827
75188: 0.999827
75189: 0.999827
75190: 0.999827
75191: 0.999827
75192: 0.999827
75193: 0.999827
75194: 0.999827
75195: 0.999827
75196: 0.999827
75197: 0.999827
75198: 0.999827
75199: 0.999827
75200: 0.999827
75201: 0.999827
75202: 0.999827
75203: 0.999827
75204: 0.999827
75205: 0.999827
75206: 0.999827
75207: 0.999827
75208: 0.999827
75209: 0.999827
75210: 0.999827
75211: 0.999827
75212: 0.999827
75213: 0.999827
75214: 0.999827
75215: 0.999827
75216: 0.999827
75217: 0.999827
75218: 0.999827
75219: 0.999827
75220: 0.999827
75221: 0.999827
75222: 0.999827
75223: 0.999827
75224: 0.999827
75225: 0.999827
75226: 0.999827
75227: 0.999827
75228: 0.999827
75229: 0.999827
75230: 0.999827
75231: 0.999827
75232: 0.999827
75233: 0.999827
75234: 0.999827
75235: 0.999827
75236: 0.999827
75237: 0.999827
75238: 0.999827
75239: 0.999827
75240: 0.999827
75241: 0.999827
75242: 0.999827
75243: 0.999827
75244: 0.999827
75245: 0.999827
75246: 0.999827
75247: 0.999827
75248: 0.999827
75249: 0.999827
75250: 0.999827
75251: 0.999827
75252: 0.999827
75253: 0.999827
75254: 0.999827
75255: 0.999827
75256: 0.999827
75257: 0.999827
75258: 0.999827
75259: 0.999827
75260: 0.999827
75261: 0.999827
75262: 0.999827
75263: 0.999827
75264: 0.999827
75265: 0.999827
75266: 0.999827
75267: 0.999827
75268: 0.999827
75269: 0.999827
75270: 0.999827
75271: 0.999827
75272: 0.999827
75273: 0.999827
75274: 0.999827
75275: 0.999827
75276: 0.999827
75277: 0.999827
75278: 0.999827
75279: 0.999827
75280: 0.999827
75281: 0.999827
75282: 0.999827
75283: 0.999827
75284: 0.999827
75285: 0.999827
75286: 0.999827
75287: 0.999827
75288: 0.999827
75289: 0.999827
75290: 0.999827
75291: 0.999827
75292: 0.999827
75293: 0.999827
75294: 0.999827
75295: 0.999827
75296: 0.999827
75297: 0.999827
75298: 0.999827
75299: 0.999827
75300: 0.999827
75301: 0.999827
75302: 0.999827
75303: 0.999827
75304: 0.999827
75305: 0.999827
75306: 0.999827
75307: 0.999827
75308: 0.999827
75309: 0.999827
75310: 0.999827
75311: 0.999827
75312: 0.999827
75313: 0.999827
75314: 0.999827
75315: 0.999827
75316: 0.999827
75317: 0.999827
75318: 0.999827
75319: 0.999827
75320: 0.999827
75321: 0.999827
75322: 0.999827
75323: 0.999827
75324: 0.999827
75325: 0.999827
75326: 0.999827
75327: 0.999827
75328: 0.999827
75329: 0.999827
75330: 0.999827
75331: 0.999827
75332: 0.999827
75333: 0.999827
75334: 0.999827
75335: 0.999827
75336: 0.999827
75337: 0.999827
75338: 0.999827
75339: 0.999827
75340: 0.999827
75341: 0.999827
75342: 0.999827
75343: 0.999827
75344: 0.999827
75345: 0.999827
75346: 0.999827
75347: 0.999827
75348: 0.999827
75349: 0.999827
75350: 0.999827
75351: 0.999827
75352: 0.999827
75353: 0.999827
75354: 0.999827
75355: 0.999827
75356: 0.999827
75357: 0.999827
75358: 0.999827
75359: 0.999827
75360: 0.999827
75361: 0.999827
75362: 0.999828
75363: 0.999828
75364: 0.999828
75365: 0.999828
75366: 0.999828
75367: 0.999828
75368: 0.999828
75369: 0.999828
75370: 0.999828
75371: 0.999828
75372: 0.999828
75373: 0.999828
75374: 0.999828
75375: 0.999828
75376: 0.999828
75377: 0.999828
75378: 0.999828
75379: 0.999828
75380: 0.999828
75381: 0.999828
75382: 0.999828
75383: 0.999828
75384: 0.999828
75385: 0.999828
75386: 0.999828
75387: 0.999828
75388: 0.999828
75389: 0.999828
75390: 0.999828
75391: 0.999828
75392: 0.999828
75393: 0.999828
75394: 0.999828
75395: 0.999828
75396: 0.999828
75397: 0.999828
75398: 0.999828
75399: 0.999828
75400: 0.999828
75401: 0.999828
75402: 0.999828
75403: 0.999828
75404: 0.999828
75405: 0.999828
75406: 0.999828
75407: 0.999828
75408: 0.999828
75409: 0.999828
75410: 0.999828
75411: 0.999828
75412: 0.999828
75413: 0.999828
75414: 0.999828
75415: 0.999828
75416: 0.999828
75417: 0.999828
75418: 0.999828
75419: 0.999828
75420: 0.999828
75421: 0.999828
75422: 0.999828
75423: 0.999828
75424: 0.999828
75425: 0.999828
75426: 0.999828
75427: 0.999828
75428: 0.999828
75429: 0.999828
75430: 0.999828
75431: 0.999828
75432: 0.999828
75433: 0.999828
75434: 0.999828
75435: 0.999828
75436: 0.999828
75437: 0.999828
75438: 0.999828
75439: 0.999828
75440: 0.999828
75441: 0.999828
75442: 0.999828
75443: 0.999828
75444: 0.999828
75445: 0.999828
75446: 0.999828
75447: 0.999828
75448: 0.999828
75449: 0.999828
75450: 0.999828
75451: 0.999828
75452: 0.999828
75453: 0.999828
75454: 0.999828
75455: 0.999828
75456: 0.999828
75457: 0.999828
75458: 0.999828
75459: 0.999828
75460: 0.999828
75461: 0.999828
75462: 0.999828
75463: 0.999828
75464: 0.999828
75465: 0.999828
75466: 0.999828
75467: 0.999828
75468: 0.999828
75469: 0.999828
75470: 0.999828
75471: 0.999828
75472: 0.999828
75473: 0.999828
75474: 0.999828
75475: 0.999828
75476: 0.999828
75477: 0.999828
75478: 0.999828
75479: 0.999828
75480: 0.999828
75481: 0.999828
75482: 0.999828
75483: 0.999828
75484: 0.999828
75485: 0.999828
75486: 0.999828
75487: 0.999828
75488: 0.999828
75489: 0.999828
75490: 0.999828
75491: 0.999828
75492: 0.999828
75493: 0.999828
75494: 0.999828
75495: 0.999828
75496: 0.999828
75497: 0.999828
75498: 0.999828
75499: 0.999828
75500: 0.999828
75501: 0.999828
75502: 0.999828
75503: 0.999828
75504: 0.999828
75505: 0.999828
75506: 0.999828
75507: 0.999828
75508: 0.999828
75509: 0.999828
75510: 0.999828
75511: 0.999828
75512: 0.999828
75513: 0.999828
75514: 0.999828
75515: 0.999828
75516: 0.999828
75517: 0.999828
75518: 0.999828
75519: 0.999828
75520: 0.999828
75521: 0.999828
75522: 0.999828
75523: 0.999828
75524: 0.999828
75525: 0.999828
75526: 0.999828
75527: 0.999828
75528: 0.999828
75529: 0.999828
75530: 0.999828
75531: 0.999828
75532: 0.999828
75533: 0.999828
75534: 0.999828
75535: 0.999828
75536: 0.999828
75537: 0.999828
75538: 0.999828
75539: 0.999828
75540: 0.999828
75541: 0.999828
75542: 0.999828
75543: 0.999828
75544: 0.999828
75545: 0.999828
75546: 0.999828
75547: 0.999828
75548: 0.999828
75549: 0.999828
75550: 0.999828
75551: 0.999828
75552: 0.999828
75553: 0.999828
75554: 0.999828
75555: 0.999828
75556: 0.999828
75557: 0.999828
75558: 0.999828
75559: 0.999828
75560: 0.999828
75561: 0.999828
75562: 0.999828
75563: 0.999828
75564: 0.999828
75565: 0.999828
75566: 0.999828
75567: 0.999828
75568: 0.999828
75569: 0.999828
75570: 0.999828
75571: 0.999828
75572: 0.999828
75573: 0.999828
75574: 0.999828
75575: 0.999828
75576: 0.999828
75577: 0.999828
75578: 0.999828
75579: 0.999828
75580: 0.999828
75581: 0.999828
75582: 0.999828
75583: 0.999828
75584: 0.999828
75585: 0.999828
75586: 0.999828
75587: 0.999828
75588: 0.999828
75589: 0.999828
75590: 0.999828
75591: 0.999828
75592: 0.999828
75593: 0.999828
75594: 0.999828
75595: 0.999828
75596: 0.999828
75597: 0.999828
75598: 0.999828
75599: 0.999828
75600: 0.999828
75601: 0.999828
75602: 0.999828
75603: 0.999828
75604: 0.999828
75605: 0.999828
75606: 0.999828
75607: 0.999828
75608: 0.999828
75609: 0.999828
75610: 0.999828
75611: 0.999828
75612: 0.999828
75613: 0.999828
75614: 0.999828
75615: 0.999828
75616: 0.999828
75617: 0.999828
75618: 0.999828
75619: 0.999828
75620: 0.999828
75621: 0.999828
75622: 0.999828
75623: 0.999828
75624: 0.999828
75625: 0.999828
75626: 0.999828
75627: 0.999828
75628: 0.999828
75629: 0.999828
75630: 0.999828
75631: 0.999828
75632: 0.999828
75633: 0.999828
75634: 0.999828
75635: 0.999828
75636: 0.999828
75637: 0.999828
75638: 0.999828
75639: 0.999828
75640: 0.999828
75641: 0.999828
75642: 0.999828
75643: 0.999828
75644: 0.999828
75645: 0.999828
75646: 0.999828
75647: 0.999828
75648: 0.999828
75649: 0.999828
75650: 0.999828
75651: 0.999828
75652: 0.999828
75653: 0.999828
75654: 0.999828
75655: 0.999828
75656: 0.999828
75657: 0.999828
75658: 0.999828
75659: 0.999828
75660: 0.999828
75661: 0.999828
75662: 0.999828
75663: 0.999828
75664: 0.999828
75665: 0.999828
75666: 0.999828
75667: 0.999828
75668: 0.999828
75669: 0.999828
75670: 0.999828
75671: 0.999828
75672: 0.999828
75673: 0.999828
75674: 0.999828
75675: 0.999828
75676: 0.999828
75677: 0.999828
75678: 0.999828
75679: 0.999828
75680: 0.999828
75681: 0.999828
75682: 0.999828
75683: 0.999828
75684: 0.999828
75685: 0.999828
75686: 0.999828
75687: 0.999828
75688: 0.999828
75689: 0.999828
75690: 0.999828
75691: 0.999828
75692: 0.999828
75693: 0.999828
75694: 0.999828
75695: 0.999828
75696: 0.999828
75697: 0.999828
75698: 0.999828
75699: 0.999828
75700: 0.999828
75701: 0.999828
75702: 0.999828
75703: 0.999828
75704: 0.999828
75705: 0.999828
75706: 0.999828
75707: 0.999828
75708: 0.999828
75709: 0.999828
75710: 0.999828
75711: 0.999828
75712: 0.999828
75713: 0.999828
75714: 0.999828
75715: 0.999828
75716: 0.999828
75717: 0.999828
75718: 0.999828
75719: 0.999828
75720: 0.999828
75721: 0.999828
75722: 0.999828
75723: 0.999828
75724: 0.999828
75725: 0.999828
75726: 0.999828
75727: 0.999828
75728: 0.999828
75729: 0.999828
75730: 0.999828
75731: 0.999828
75732: 0.999828
75733: 0.999828
75734: 0.999828
75735: 0.999828
75736: 0.999828
75737: 0.999828
75738: 0.999828
75739: 0.999828
75740: 0.999828
75741: 0.999828
75742: 0.999828
75743: 0.999828
75744: 0.999828
75745: 0.999828
75746: 0.999828
75747: 0.999828
75748: 0.999828
75749: 0.999828
75750: 0.999828
75751: 0.999828
75752: 0.999828
75753: 0.999828
75754: 0.999828
75755: 0.999828
75756: 0.999828
75757: 0.999828
75758: 0.999828
75759: 0.999828
75760: 0.999828
75761: 0.999828
75762: 0.999828
75763: 0.999828
75764: 0.999828
75765: 0.999828
75766: 0.999828
75767: 0.999828
75768: 0.999828
75769: 0.999828
75770: 0.999828
75771: 0.999828
75772: 0.999828
75773: 0.999828
75774: 0.999828
75775: 0.999828
75776: 0.999828
75777: 0.999828
75778: 0.999828
75779: 0.999828
75780: 0.999828
75781: 0.999828
75782: 0.999828
75783: 0.999828
75784: 0.999828
75785: 0.999828
75786: 0.999828
75787: 0.999828
75788: 0.999828
75789: 0.999828
75790: 0.999828
75791: 0.999828
75792: 0.999828
75793: 0.999828
75794: 0.999828
75795: 0.999828
75796: 0.999828
75797: 0.999828
75798: 0.999828
75799: 0.999828
75800: 0.999828
75801: 0.999829
75802: 0.999829
75803: 0.999829
75804: 0.999829
75805: 0.999829
75806: 0.999829
75807: 0.999829
75808: 0.999829
75809: 0.999829
75810: 0.999829
75811: 0.999829
75812: 0.999829
75813: 0.999829
75814: 0.999829
75815: 0.999829
75816: 0.999829
75817: 0.999829
75818: 0.999829
75819: 0.999829
75820: 0.999829
75821: 0.999829
75822: 0.999829
75823: 0.999829
75824: 0.999829
75825: 0.999829
75826: 0.999829
75827: 0.999829
75828: 0.999829
75829: 0.999829
75830: 0.999829
75831: 0.999829
75832: 0.999829
75833: 0.999829
75834: 0.999829
75835: 0.999829
75836: 0.999829
75837: 0.999829
75838: 0.999829
75839: 0.999829
75840: 0.999829
75841: 0.999829
75842: 0.999829
75843: 0.999829
75844: 0.999829
75845: 0.999829
75846: 0.999829
75847: 0.999829
75848: 0.999829
75849: 0.999829
75850: 0.999829
75851: 0.999829
75852: 0.999829
75853: 0.999829
75854: 0.999829
75855: 0.999829
75856: 0.999829
75857: 0.999829
75858: 0.999829
75859: 0.999829
75860: 0.999829
75861: 0.999829
75862: 0.999829
75863: 0.999829
75864: 0.999829
75865: 0.999829
75866: 0.999829
75867: 0.999829
75868: 0.999829
75869: 0.999829
75870: 0.999829
75871: 0.999829
75872: 0.999829
75873: 0.999829
75874: 0.999829
75875: 0.999829
75876: 0.999829
75877: 0.999829
75878: 0.999829
75879: 0.999829
75880: 0.999829
75881: 0.999829
75882: 0.999829
75883: 0.999829
75884: 0.999829
75885: 0.999829
75886: 0.999829
75887: 0.999829
75888: 0.999829
75889: 0.999829
75890: 0.999829
75891: 0.999829
75892: 0.999829
75893: 0.999829
75894: 0.999829
75895: 0.999829
75896: 0.999829
75897: 0.999829
75898: 0.999829
75899: 0.999829
75900: 0.999829
75901: 0.999829
75902: 0.999829
75903: 0.999829
75904: 0.999829
75905: 0.999829
75906: 0.999829
75907: 0.999829
75908: 0.999829
75909: 0.999829
75910: 0.999829
75911: 0.999829
75912: 0.999829
75913: 0.999829
75914: 0.999829
75915: 0.999829
75916: 0.999829
75917: 0.999829
75918: 0.999829
75919: 0.999829
75920: 0.999829
75921: 0.999829
75922: 0.999829
75923: 0.999829
75924: 0.999829
75925: 0.999829
75926: 0.999829
75927: 0.999829
75928: 0.999829
75929: 0.999829
75930: 0.999829
75931: 0.999829
75932: 0.999829
75933: 0.999829
75934: 0.999829
75935: 0.999829
75936: 0.999829
75937: 0.999829
75938: 0.999829
75939: 0.999829
75940: 0.999829
75941: 0.999829
75942: 0.999829
75943: 0.999829
75944: 0.999829
75945: 0.999829
75946: 0.999829
75947: 0.999829
75948: 0.999829
75949: 0.999829
75950: 0.999829
75951: 0.999829
75952: 0.999829
75953: 0.999829
75954: 0.999829
75955: 0.999829
75956: 0.999829
75957: 0.999829
75958: 0.999829
75959: 0.999829
75960: 0.999829
75961: 0.999829
75962: 0.999829
75963: 0.999829
75964: 0.999829
75965: 0.999829
75966: 0.999829
75967: 0.999829
75968: 0.999829
75969: 0.999829
75970: 0.999829
75971: 0.999829
75972: 0.999829
75973: 0.999829
75974: 0.999829
75975: 0.999829
75976: 0.999829
75977: 0.999829
75978: 0.999829
75979: 0.999829
75980: 0.999829
75981: 0.999829
75982: 0.999829
75983: 0.999829
75984: 0.999829
75985: 0.999829
75986: 0.999829
75987: 0.999829
75988: 0.999829
75989: 0.999829
75990: 0.999829
75991: 0.999829
75992: 0.999829
75993: 0.999829
75994: 0.999829
75995: 0.999829
75996: 0.999829
75997: 0.999829
75998: 0.999829
75999: 0.999829
76000: 0.999829
76001: 0.999829
76002: 0.999829
76003: 0.999829
76004: 0.999829
76005: 0.999829
76006: 0.999829
76007: 0.999829
76008: 0.999829
76009: 0.999829
76010: 0.999829
76011: 0.999829
76012: 0.999829
76013: 0.999829
76014: 0.999829
76015: 0.999829
76016: 0.999829
76017: 0.999829
76018: 0.999829
76019: 0.999829
76020: 0.999829
76021: 0.999829
76022: 0.999829
76023: 0.999829
76024: 0.999829
76025: 0.999829
76026: 0.999829
76027: 0.999829
76028: 0.999829
76029: 0.999829
76030: 0.999829
76031: 0.999829
76032: 0.999829
76033: 0.999829
76034: 0.999829
76035: 0.999829
76036: 0.999829
76037: 0.999829
76038: 0.999829
76039: 0.999829
76040: 0.999829
76041: 0.999829
76042: 0.999829
76043: 0.999829
76044: 0.999829
76045: 0.999829
76046: 0.999829
76047: 0.999829
76048: 0.999829
76049: 0.999829
76050: 0.999829
76051: 0.999829
76052: 0.999829
76053: 0.999829
76054: 0.999829
76055: 0.999829
76056: 0.999829
76057: 0.999829
76058: 0.999829
76059: 0.999829
76060: 0.999829
76061: 0.999829
76062: 0.999829
76063: 0.999829
76064: 0.999829
76065: 0.999829
76066: 0.999829
76067: 0.999829
76068: 0.999829
76069: 0.999829
76070: 0.999829
76071: 0.999829
76072: 0.999829
76073: 0.999829
76074: 0.999829
76075: 0.999829
76076: 0.999829
76077: 0.999829
76078: 0.999829
76079: 0.999829
76080: 0.999829
76081: 0.999829
76082: 0.999829
76083: 0.999829
76084: 0.999829
76085: 0.999829
76086: 0.999829
76087: 0.999829
76088: 0.999829
76089: 0.999829
76090: 0.999829
76091: 0.999829
76092: 0.999829
76093: 0.999829
76094: 0.999829
76095: 0.999829
76096: 0.999829
76097: 0.999829
76098: 0.999829
76099: 0.999829
76100: 0.999829
76101: 0.999829
76102: 0.999829
76103: 0.999829
76104: 0.999829
76105: 0.999829
76106: 0.999829
76107: 0.999829
76108: 0.999829
76109: 0.999829
76110: 0.999829
76111: 0.999829
76112: 0.999829
76113: 0.999829
76114: 0.999829
76115: 0.999829
76116: 0.999829
76117: 0.999829
76118: 0.999829
76119: 0.999829
76120: 0.999829
76121: 0.999829
76122: 0.999829
76123: 0.999829
76124: 0.999829
76125: 0.999829
76126: 0.999829
76127: 0.999829
76128: 0.999829
76129: 0.999829
76130: 0.999829
76131: 0.999829
76132: 0.999829
76133: 0.999829
76134: 0.999829
76135: 0.999829
76136: 0.999829
76137: 0.999829
76138: 0.999829
76139: 0.999829
76140: 0.999829
76141: 0.999829
76142: 0.999829
76143: 0.999829
76144: 0.999829
76145: 0.999829
76146: 0.999829
76147: 0.999829
76148: 0.999829
76149: 0.999829
76150: 0.999829
76151: 0.999829
76152: 0.999829
76153: 0.999829
76154: 0.999829
76155: 0.999829
76156: 0.999829
76157: 0.999829
76158: 0.999829
76159: 0.999829
76160: 0.999829
76161: 0.999829
76162: 0.999829
76163: 0.999829
76164: 0.999829
76165: 0.999829
76166: 0.999829
76167: 0.999829
76168: 0.999829
76169: 0.999829
76170: 0.999829
76171: 0.999829
76172: 0.999829
76173: 0.999829
76174: 0.999829
76175: 0.999829
76176: 0.999829
76177: 0.999829
76178: 0.999829
76179: 0.999829
76180: 0.999829
76181: 0.999829
76182: 0.999829
76183: 0.999829
76184: 0.999829
76185: 0.999829
76186: 0.999829
76187: 0.999829
76188: 0.999829
76189: 0.999829
76190: 0.999829
76191: 0.999829
76192: 0.999829
76193: 0.999829
76194: 0.999829
76195: 0.999829
76196: 0.999829
76197: 0.999829
76198: 0.999829
76199: 0.999829
76200: 0.999829
76201: 0.999829
76202: 0.999829
76203: 0.999829
76204: 0.999829
76205: 0.999829
76206: 0.999829
76207: 0.999829
76208: 0.999829
76209: 0.999829
76210: 0.999829
76211: 0.999829
76212: 0.999829
76213: 0.999829
76214: 0.999829
76215: 0.999829
76216: 0.999829
76217: 0.999829
76218: 0.999829
76219: 0.999829
76220: 0.999829
76221: 0.999829
76222: 0.999829
76223: 0.999829
76224: 0.999829
76225: 0.999829
76226: 0.999829
76227: 0.999829
76228: 0.999829
76229: 0.999829
76230: 0.999829
76231: 0.999829
76232: 0.999829
76233: 0.999829
76234: 0.999829
76235: 0.999829
76236: 0.999829
76237: 0.999829
76238: 0.999829
76239: 0.999829
76240: 0.999829
76241: 0.999829
76242: 0.999829
76243: 0.999829
76244: 0.999829
76245: 0.999829
76246: 0.99983
76247: 0.99983
76248: 0.99983
76249: 0.99983
76250: 0.99983
76251: 0.99983
76252: 0.99983
76253: 0.99983
76254: 0.99983
76255: 0.99983
76256: 0.99983
76257: 0.99983
76258: 0.99983
76259: 0.99983
76260: 0.99983
76261: 0.99983
76262: 0.99983
76263: 0.99983
76264: 0.99983
76265: 0.99983
76266: 0.99983
76267: 0.99983
76268: 0.99983
76269: 0.99983
76270: 0.99983
76271: 0.99983
76272: 0.99983
76273: 0.99983
76274: 0.99983
76275: 0.99983
76276: 0.99983
76277: 0.99983
76278: 0.99983
76279: 0.99983
76280: 0.99983
76281: 0.99983
76282: 0.99983
76283: 0.99983
76284: 0.99983
76285: 0.99983
76286: 0.99983
76287: 0.99983
76288: 0.99983
76289: 0.99983
76290: 0.99983
76291: 0.99983
76292: 0.99983
76293: 0.99983
76294: 0.99983
76295: 0.99983
76296: 0.99983
76297: 0.99983
76298: 0.99983
76299: 0.99983
76300: 0.99983
76301: 0.99983
76302: 0.99983
76303: 0.99983
76304: 0.99983
76305: 0.99983
76306: 0.99983
76307: 0.99983
76308: 0.99983
76309: 0.99983
76310: 0.99983
76311: 0.99983
76312: 0.99983
76313: 0.99983
76314: 0.99983
76315: 0.99983
76316: 0.99983
76317: 0.99983
76318: 0.99983
76319: 0.99983
76320: 0.99983
76321: 0.99983
76322: 0.99983
76323: 0.99983
76324: 0.99983
76325: 0.99983
76326: 0.99983
76327: 0.99983
76328: 0.99983
76329: 0.99983
76330: 0.99983
76331: 0.99983
76332: 0.99983
76333: 0.99983
76334: 0.99983
76335: 0.99983
76336: 0.99983
76337: 0.99983
76338: 0.99983
76339: 0.99983
76340: 0.99983
76341: 0.99983
76342: 0.99983
76343: 0.99983
76344: 0.99983
76345: 0.99983
76346: 0.99983
76347: 0.99983
76348: 0.99983
76349: 0.99983
76350: 0.99983
76351: 0.99983
76352: 0.99983
76353: 0.99983
76354: 0.99983
76355: 0.99983
76356: 0.99983
76357: 0.99983
76358: 0.99983
76359: 0.99983
76360: 0.99983
76361: 0.99983
76362: 0.99983
76363: 0.99983
76364: 0.99983
76365: 0.99983
76366: 0.99983
76367: 0.99983
76368: 0.99983
76369: 0.99983
76370: 0.99983
76371: 0.99983
76372: 0.99983
76373: 0.99983
76374: 0.99983
76375: 0.99983
76376: 0.99983
76377: 0.99983
76378: 0.99983
76379: 0.99983
76380: 0.99983
76381: 0.99983
76382: 0.99983
76383: 0.99983
76384: 0.99983
76385: 0.99983
76386: 0.99983
76387: 0.99983
76388: 0.99983
76389: 0.99983
76390: 0.99983
76391: 0.99983
76392: 0.99983
76393: 0.99983
76394: 0.99983
76395: 0.99983
76396: 0.99983
76397: 0.99983
76398: 0.99983
76399: 0.99983
76400: 0.99983
76401: 0.99983
76402: 0.99983
76403: 0.99983
76404: 0.99983
76405: 0.99983
76406: 0.99983
76407: 0.99983
76408: 0.99983
76409: 0.99983
76410: 0.99983
76411: 0.99983
76412: 0.99983
76413: 0.99983
76414: 0.99983
76415: 0.99983
76416: 0.99983
76417: 0.99983
76418: 0.99983
76419: 0.99983
76420: 0.99983
76421: 0.99983
76422: 0.99983
76423: 0.99983
76424: 0.99983
76425: 0.99983
76426: 0.99983
76427: 0.99983
76428: 0.99983
76429: 0.99983
76430: 0.99983
76431: 0.99983
76432: 0.99983
76433: 0.99983
76434: 0.99983
76435: 0.99983
76436: 0.99983
76437: 0.99983
76438: 0.99983
76439: 0.99983
76440: 0.99983
76441: 0.99983
76442: 0.99983
76443: 0.99983
76444: 0.99983
76445: 0.99983
76446: 0.99983
76447: 0.99983
76448: 0.99983
76449: 0.99983
76450: 0.99983
76451: 0.99983
76452: 0.99983
76453: 0.99983
76454: 0.99983
76455: 0.99983
76456: 0.99983
76457: 0.99983
76458: 0.99983
76459: 0.99983
76460: 0.99983
76461: 0.99983
76462: 0.99983
76463: 0.99983
76464: 0.99983
76465: 0.99983
76466: 0.99983
76467: 0.99983
76468: 0.99983
76469: 0.99983
76470: 0.99983
76471: 0.99983
76472: 0.99983
76473: 0.99983
76474: 0.99983
76475: 0.99983
76476: 0.99983
76477: 0.99983
76478: 0.99983
76479: 0.99983
76480: 0.99983
76481: 0.99983
76482: 0.99983
76483: 0.99983
76484: 0.99983
76485: 0.99983
76486: 0.99983
76487: 0.99983
76488: 0.99983
76489: 0.99983
76490: 0.99983
76491: 0.99983
76492: 0.99983
76493: 0.99983
76494: 0.99983
76495: 0.99983
76496: 0.99983
76497: 0.99983
76498: 0.99983
76499: 0.99983
76500: 0.99983
76501: 0.99983
76502: 0.99983
76503: 0.99983
76504: 0.99983
76505: 0.99983
76506: 0.99983
76507: 0.99983
76508: 0.99983
76509: 0.99983
76510: 0.99983
76511: 0.99983
76512: 0.99983
76513: 0.99983
76514: 0.99983
76515: 0.99983
76516: 0.99983
76517: 0.99983
76518: 0.99983
76519: 0.99983
76520: 0.99983
76521: 0.99983
76522: 0.99983
76523: 0.99983
76524: 0.99983
76525: 0.99983
76526: 0.99983
76527: 0.99983
76528: 0.99983
76529: 0.99983
76530: 0.99983
76531: 0.99983
76532: 0.99983
76533: 0.99983
76534: 0.99983
76535: 0.99983
76536: 0.99983
76537: 0.99983
76538: 0.99983
76539: 0.99983
76540: 0.99983
76541: 0.99983
76542: 0.99983
76543: 0.99983
76544: 0.99983
76545: 0.99983
76546: 0.99983
76547: 0.99983
76548: 0.99983
76549: 0.99983
76550: 0.99983
76551: 0.99983
76552: 0.99983
76553: 0.99983
76554: 0.99983
76555: 0.99983
76556: 0.99983
76557: 0.99983
76558: 0.99983
76559: 0.99983
76560: 0.99983
76561: 0.99983
76562: 0.99983
76563: 0.99983
76564: 0.99983
76565: 0.99983
76566: 0.99983
76567: 0.99983
76568: 0.99983
76569: 0.99983
76570: 0.99983
76571: 0.99983
76572: 0.99983
76573: 0.99983
76574: 0.99983
76575: 0.99983
76576: 0.99983
76577: 0.99983
76578: 0.99983
76579: 0.99983
76580: 0.99983
76581: 0.99983
76582: 0.99983
76583: 0.99983
76584: 0.99983
76585: 0.99983
76586: 0.99983
76587: 0.99983
76588: 0.99983
76589: 0.99983
76590: 0.99983
76591: 0.99983
76592: 0.99983
76593: 0.99983
76594: 0.99983
76595: 0.99983
76596: 0.99983
76597: 0.99983
76598: 0.99983
76599: 0.99983
76600: 0.99983
76601: 0.99983
76602: 0.99983
76603: 0.99983
76604: 0.99983
76605: 0.99983
76606: 0.99983
76607: 0.99983
76608: 0.99983
76609: 0.99983
76610: 0.99983
76611: 0.99983
76612: 0.99983
76613: 0.99983
76614: 0.99983
76615: 0.99983
76616: 0.99983
76617: 0.99983
76618: 0.99983
76619: 0.99983
76620: 0.99983
76621: 0.99983
76622: 0.99983
76623: 0.99983
76624: 0.99983
76625: 0.99983
76626: 0.99983
76627: 0.99983
76628: 0.99983
76629: 0.99983
76630: 0.99983
76631: 0.99983
76632: 0.99983
76633: 0.99983
76634: 0.99983
76635: 0.99983
76636: 0.99983
76637: 0.99983
76638: 0.99983
76639: 0.99983
76640: 0.99983
76641: 0.99983
76642: 0.99983
76643: 0.99983
76644: 0.99983
76645: 0.99983
76646: 0.99983
76647: 0.99983
76648: 0.99983
76649: 0.99983
76650: 0.99983
76651: 0.99983
76652: 0.99983
76653: 0.99983
76654: 0.99983
76655: 0.99983
76656: 0.99983
76657: 0.99983
76658: 0.99983
76659: 0.99983
76660: 0.99983
76661: 0.99983
76662: 0.99983
76663: 0.99983
76664: 0.99983
76665: 0.99983
76666: 0.99983
76667: 0.99983
76668: 0.99983
76669: 0.99983
76670: 0.99983
76671: 0.99983
76672: 0.99983
76673: 0.99983
76674: 0.99983
76675: 0.99983
76676: 0.99983
76677: 0.99983
76678: 0.99983
76679: 0.99983
76680: 0.99983
76681: 0.99983
76682: 0.99983
76683: 0.99983
76684: 0.99983
76685: 0.99983
76686: 0.99983
76687: 0.99983
76688: 0.99983
76689: 0.99983
76690: 0.99983
76691: 0.99983
76692: 0.99983
76693: 0.99983
76694: 0.99983
76695: 0.99983
76696: 0.999831
76697: 0.999831
76698: 0.999831
76699: 0.999831
76700: 0.999831
76701: 0.999831
76702: 0.999831
76703: 0.999831
76704: 0.999831
76705: 0.999831
76706: 0.999831
76707: 0.999831
76708: 0.999831
76709: 0.999831
76710: 0.999831
76711: 0.999831
76712: 0.999831
76713: 0.999831
76714: 0.999831
76715: 0.999831
76716: 0.999831
76717: 0.999831
76718: 0.999831
76719: 0.999831
76720: 0.999831
76721: 0.999831
76722: 0.999831
76723: 0.999831
76724: 0.999831
76725: 0.999831
76726: 0.999831
76727: 0.999831
76728: 0.999831
76729: 0.999831
76730: 0.999831
76731: 0.999831
76732: 0.999831
76733: 0.999831
76734: 0.999831
76735: 0.999831
76736: 0.999831
76737: 0.999831
76738: 0.999831
76739: 0.999831
76740: 0.999831
76741: 0.999831
76742: 0.999831
76743: 0.999831
76744: 0.999831
76745: 0.999831
76746: 0.999831
76747: 0.999831
76748: 0.999831
76749: 0.999831
76750: 0.999831
76751: 0.999831
76752: 0.999831
76753: 0.999831
76754: 0.999831
76755: 0.999831
76756: 0.999831
76757: 0.999831
76758: 0.999831
76759: 0.999831
76760: 0.999831
76761: 0.999831
76762: 0.999831
76763: 0.999831
76764: 0.999831
76765: 0.999831
76766: 0.999831
76767: 0.999831
76768: 0.999831
76769: 0.999831
76770: 0.999831
76771: 0.999831
76772: 0.999831
76773: 0.999831
76774: 0.999831
76775: 0.999831
76776: 0.999831
76777: 0.999831
76778: 0.999831
76779: 0.999831
76780: 0.999831
76781: 0.999831
76782: 0.999831
76783: 0.999831
76784: 0.999831
76785: 0.999831
76786: 0.999831
76787: 0.999831
76788: 0.999831
76789: 0.999831
76790: 0.999831
76791: 0.999831
76792: 0.999831
76793: 0.999831
76794: 0.999831
76795: 0.999831
76796: 0.999831
76797: 0.999831
76798: 0.999831
76799: 0.999831
76800: 0.999831
76801: 0.999831
76802: 0.999831
76803: 0.999831
76804: 0.999831
76805: 0.999831
76806: 0.999831
76807: 0.999831
76808: 0.999831
76809: 0.999831
76810: 0.999831
76811: 0.999831
76812: 0.999831
76813: 0.999831
76814: 0.999831
76815: 0.999831
76816: 0.999831
76817: 0.999831
76818: 0.999831
76819: 0.999831
76820: 0.999831
76821: 0.999831
76822: 0.999831
76823: 0.999831
76824: 0.999831
76825: 0.999831
76826: 0.999831
76827: 0.999831
76828: 0.999831
76829: 0.999831
76830: 0.999831
76831: 0.999831
76832: 0.999831
76833: 0.999831
76834: 0.999831
76835: 0.999831
76836: 0.999831
76837: 0.999831
76838: 0.999831
76839: 0.999831
76840: 0.999831
76841: 0.999831
76842: 0.999831
76843: 0.999831
76844: 0.999831
76845: 0.999831
76846: 0.999831
76847: 0.999831
76848: 0.999831
76849: 0.999831
76850: 0.999831
76851: 0.999831
76852: 0.999831
76853: 0.999831
76854: 0.999831
76855: 0.999831
76856: 0.999831
76857: 0.999831
76858: 0.999831
76859: 0.999831
76860: 0.999831
76861: 0.999831
76862: 0.999831
76863: 0.999831
76864: 0.999831
76865: 0.999831
76866: 0.999831
76867: 0.999831
76868: 0.999831
76869: 0.999831
76870: 0.999831
76871: 0.999831
76872: 0.999831
76873: 0.999831
76874: 0.999831
76875: 0.999831
76876: 0.999831
76877: 0.999831
76878: 0.999831
76879: 0.999831
76880: 0.999831
76881: 0.999831
76882: 0.999831
76883: 0.999831
76884: 0.999831
76885: 0.999831
76886: 0.999831
76887: 0.999831
76888: 0.999831
76889: 0.999831
76890: 0.999831
76891: 0.999831
76892: 0.999831
76893: 0.999831
76894: 0.999831
76895: 0.999831
76896: 0.999831
76897: 0.999831
76898: 0.999831
76899: 0.999831
76900: 0.999831
76901: 0.999831
76902: 0.999831
76903: 0.999831
76904: 0.999831
76905: 0.999831
76906: 0.999831
76907: 0.999831
76908: 0.999831
76909: 0.999831
76910: 0.999831
76911: 0.999831
76912: 0.999831
76913: 0.999831
76914: 0.999831
76915: 0.999831
76916: 0.999831
76917: 0.999831
76918: 0.999831
76919: 0.999831
76920: 0.999831
76921: 0.999831
76922: 0.999831
76923: 0.999831
76924: 0.999831
76925: 0.999831
76926: 0.999831
76927: 0.999831
76928: 0.999831
76929: 0.999831
76930: 0.999831
76931: 0.999831
76932: 0.999831
76933: 0.999831
76934: 0.999831
76935: 0.999831
76936: 0.999831
76937: 0.999831
76938: 0.999831
76939: 0.999831
76940: 0.999831
76941: 0.999831
76942: 0.999831
76943: 0.999831
76944: 0.999831
76945: 0.999831
76946: 0.999831
76947: 0.999831
76948: 0.999831
76949: 0.999831
76950: 0.999831
76951: 0.999831
76952: 0.999831
76953: 0.999831
76954: 0.999831
76955: 0.999831
76956: 0.999831
76957: 0.999831
76958: 0.999831
76959: 0.999831
76960: 0.999831
76961: 0.999831
76962: 0.999831
76963: 0.999831
76964: 0.999831
76965: 0.999831
76966: 0.999831
76967: 0.999831
76968: 0.999831
76969: 0.999831
76970: 0.999831
76971: 0.999831
76972: 0.999831
76973: 0.999831
76974: 0.999831
76975: 0.999831
76976: 0.999831
76977: 0.999831
76978: 0.999831
76979: 0.999831
76980: 0.999831
76981: 0.999831
76982: 0.999831
76983: 0.999831
76984: 0.999831
76985: 0.999831
76986: 0.999831
76987: 0.999831
76988: 0.999831
76989: 0.999831
76990: 0.999831
76991: 0.999831
76992: 0.999831
76993: 0.999831
76994: 0.999831
76995: 0.999831
76996: 0.999831
76997: 0.999831
76998: 0.999831
76999: 0.999831
77000: 0.999831
77001: 0.999831
77002: 0.999831
77003: 0.999831
77004: 0.999831
77005: 0.999831
77006: 0.999831
77007: 0.999831
77008: 0.999831
77009: 0.999831
77010: 0.999831
77011: 0.999831
77012: 0.999831
77013: 0.999831
77014: 0.999831
77015: 0.999831
77016: 0.999831
77017: 0.999831
77018: 0.999831
77019: 0.999831
77020: 0.999831
77021: 0.999831
77022: 0.999831
77023: 0.999831
77024: 0.999831
77025: 0.999831
77026: 0.999831
77027: 0.999831
77028: 0.999831
77029: 0.999831
77030: 0.999831
77031: 0.999831
77032: 0.999831
77033: 0.999831
77034: 0.999831
77035: 0.999831
77036: 0.999831
77037: 0.999831
77038: 0.999831
77039: 0.999831
77040: 0.999831
77041: 0.999831
77042: 0.999831
77043: 0.999831
77044: 0.999831
77045: 0.999831
77046: 0.999831
77047: 0.999831
77048: 0.999831
77049: 0.999831
77050: 0.999831
77051: 0.999831
77052: 0.999831
77053: 0.999831
77054: 0.999831
77055: 0.999831
77056: 0.999831
77057: 0.999831
77058: 0.999831
77059: 0.999831
77060: 0.999831
77061: 0.999831
77062: 0.999831
77063: 0.999831
77064: 0.999831
77065: 0.999831
77066: 0.999831
77067: 0.999831
77068: 0.999831
77069: 0.999831
77070: 0.999831
77071: 0.999831
77072: 0.999831
77073: 0.999831
77074: 0.999831
77075: 0.999831
77076: 0.999831
77077: 0.999831
77078: 0.999831
77079: 0.999831
77080: 0.999831
77081: 0.999831
77082: 0.999831
77083: 0.999831
77084: 0.999831
77085: 0.999831
77086: 0.999831
77087: 0.999831
77088: 0.999831
77089: 0.999831
77090: 0.999831
77091: 0.999831
77092: 0.999831
77093: 0.999831
77094: 0.999831
77095: 0.999831
77096: 0.999831
77097: 0.999831
77098: 0.999831
77099: 0.999831
77100: 0.999831
77101: 0.999831
77102: 0.999831
77103: 0.999831
77104: 0.999831
77105: 0.999831
77106: 0.999831
77107: 0.999831
77108: 0.999831
77109: 0.999831
77110: 0.999831
77111: 0.999831
77112: 0.999831
77113: 0.999831
77114: 0.999831
77115: 0.999831
77116: 0.999831
77117: 0.999831
77118: 0.999831
77119: 0.999831
77120: 0.999831
77121: 0.999831
77122: 0.999831
77123: 0.999831
77124: 0.999831
77125: 0.999831
77126: 0.999831
77127: 0.999831
77128: 0.999831
77129: 0.999831
77130: 0.999831
77131: 0.999831
77132: 0.999831
77133: 0.999831
77134: 0.999831
77135: 0.999831
77136: 0.999831
77137: 0.999831
77138: 0.999831
77139: 0.999831
77140: 0.999831
77141: 0.999831
77142: 0.999831
77143: 0.999831
77144: 0.999831
77145: 0.999831
77146: 0.999831
77147: 0.999831
77148: 0.999831
77149: 0.999831
77150: 0.999831
77151: 0.999832
77152: 0.999832
77153: 0.999832
77154: 0.999832
77155: 0.999832
77156: 0.999832
77157: 0.999832
77158: 0.999832
77159: 0.999832
77160: 0.999832
77161: 0.999832
77162: 0.999832
77163: 0.999832
77164: 0.999832
77165: 0.999832
77166: 0.999832
77167: 0.999832
77168: 0.999832
77169: 0.999832
77170: 0.999832
77171: 0.999832
77172: 0.999832
77173: 0.999832
77174: 0.999832
77175: 0.999832
77176: 0.999832
77177: 0.999832
77178: 0.999832
77179: 0.999832
77180: 0.999832
77181: 0.999832
77182: 0.999832
77183: 0.999832
77184: 0.999832
77185: 0.999832
77186: 0.999832
77187: 0.999832
77188: 0.999832
77189: 0.999832
77190: 0.999832
77191: 0.999832
77192: 0.999832
77193: 0.999832
77194: 0.999832
77195: 0.999832
77196: 0.999832
77197: 0.999832
77198: 0.999832
77199: 0.999832
77200: 0.999832
77201: 0.999832
77202: 0.999832
77203: 0.999832
77204: 0.999832
77205: 0.999832
77206: 0.999832
77207: 0.999832
77208: 0.999832
77209: 0.999832
77210: 0.999832
77211: 0.999832
77212: 0.999832
77213: 0.999832
77214: 0.999832
77215: 0.999832
77216: 0.999832
77217: 0.999832
77218: 0.999832
77219: 0.999832
77220: 0.999832
77221: 0.999832
77222: 0.999832
77223: 0.999832
77224: 0.999832
77225: 0.999832
77226: 0.999832
77227: 0.999832
77228: 0.999832
77229: 0.999832
77230: 0.999832
77231: 0.999832
77232: 0.999832
77233: 0.999832
77234: 0.999832
77235: 0.999832
77236: 0.999832
77237: 0.999832
77238: 0.999832
77239: 0.999832
77240: 0.999832
77241: 0.999832
77242: 0.999832
77243: 0.999832
77244: 0.999832
77245: 0.999832
77246: 0.999832
77247: 0.999832
77248: 0.999832
77249: 0.999832
77250: 0.999832
77251: 0.999832
77252: 0.999832
77253: 0.999832
77254: 0.999832
77255: 0.999832
77256: 0.999832
77257: 0.999832
77258: 0.999832
77259: 0.999832
77260: 0.999832
77261: 0.999832
77262: 0.999832
77263: 0.999832
77264: 0.999832
77265: 0.999832
77266: 0.999832
77267: 0.999832
77268: 0.999832
77269: 0.999832
77270: 0.999832
77271: 0.999832
77272: 0.999832
77273: 0.999832
77274: 0.999832
77275: 0.999832
77276: 0.999832
77277: 0.999832
77278: 0.999832
77279: 0.999832
77280: 0.999832
77281: 0.999832
77282: 0.999832
77283: 0.999832
77284: 0.999832
77285: 0.999832
77286: 0.999832
77287: 0.999832
77288: 0.999832
77289: 0.999832
77290: 0.999832
77291: 0.999832
77292: 0.999832
77293: 0.999832
77294: 0.999832
77295: 0.999832
77296: 0.999832
77297: 0.999832
77298: 0.999832
77299: 0.999832
77300: 0.999832
77301: 0.999832
77302: 0.999832
77303: 0.999832
77304: 0.999832
77305: 0.999832
77306: 0.999832
77307: 0.999832
77308: 0.999832
77309: 0.999832
77310: 0.999832
77311: 0.999832
77312: 0.999832
77313: 0.999832
77314: 0.999832
77315: 0.999832
77316: 0.999832
77317: 0.999832
77318: 0.999832
77319: 0.999832
77320: 0.999832
77321: 0.999832
77322: 0.999832
77323: 0.999832
77324: 0.999832
77325: 0.999832
77326: 0.999832
77327: 0.999832
77328: 0.999832
77329: 0.999832
77330: 0.999832
77331: 0.999832
77332: 0.999832
77333: 0.999832
77334: 0.999832
77335: 0.999832
77336: 0.999832
77337: 0.999832
77338: 0.999832
77339: 0.999832
77340: 0.999832
77341: 0.999832
77342: 0.999832
77343: 0.999832
77344: 0.999832
77345: 0.999832
77346: 0.999832
77347: 0.999832
77348: 0.999832
77349: 0.999832
77350: 0.999832
77351: 0.999832
77352: 0.999832
77353: 0.999832
77354: 0.999832
77355: 0.999832
77356: 0.999832
77357: 0.999832
77358: 0.999832
77359: 0.999832
77360: 0.999832
77361: 0.999832
77362: 0.999832
77363: 0.999832
77364: 0.999832
77365: 0.999832
77366: 0.999832
77367: 0.999832
77368: 0.999832
77369: 0.999832
77370: 0.999832
77371: 0.999832
77372: 0.999832
77373: 0.999832
77374: 0.999832
77375: 0.999832
77376: 0.999832
77377: 0.999832
77378: 0.999832
77379: 0.999832
77380: 0.999832
77381: 0.999832
77382: 0.999832
77383: 0.999832
77384: 0.999832
77385: 0.999832
77386: 0.999832
77387: 0.999832
77388: 0.999832
77389: 0.999832
77390: 0.999832
77391: 0.999832
77392: 0.999832
77393: 0.999832
77394: 0.999832
77395: 0.999832
77396: 0.999832
77397: 0.999832
77398: 0.999832
77399: 0.999832
77400: 0.999832
77401: 0.999832
77402: 0.999832
77403: 0.999832
77404: 0.999832
77405: 0.999832
77406: 0.999832
77407: 0.999832
77408: 0.999832
77409: 0.999832
77410: 0.999832
77411: 0.999832
77412: 0.999832
77413: 0.999832
77414: 0.999832
77415: 0.999832
77416: 0.999832
77417: 0.999832
77418: 0.999832
77419: 0.999832
77420: 0.999832
77421: 0.999832
77422: 0.999832
77423: 0.999832
77424: 0.999832
77425: 0.999832
77426: 0.999832
77427: 0.999832
77428: 0.999832
77429: 0.999832
77430: 0.999832
77431: 0.999832
77432: 0.999832
77433: 0.999832
77434: 0.999832
77435: 0.999832
77436: 0.999832
77437: 0.999832
77438: 0.999832
77439: 0.999832
77440: 0.999832
77441: 0.999832
77442: 0.999832
77443: 0.999832
77444: 0.999832
77445: 0.999832
77446: 0.999832
77447: 0.999832
77448: 0.999832
77449: 0.999832
77450: 0.999832
77451: 0.999832
77452: 0.999832
77453: 0.999832
77454: 0.999832
77455: 0.999832
77456: 0.999832
77457: 0.999832
77458: 0.999832
77459: 0.999832
77460: 0.999832
77461: 0.999832
77462: 0.999832
77463: 0.999832
77464: 0.999832
77465: 0.999832
77466: 0.999832
77467: 0.999832
77468: 0.999832
77469: 0.999832
77470: 0.999832
77471: 0.999832
77472: 0.999832
77473: 0.999832
77474: 0.999832
77475: 0.999832
77476: 0.999832
77477: 0.999832
77478: 0.999832
77479: 0.999832
77480: 0.999832
77481: 0.999832
77482: 0.999832
77483: 0.999832
77484: 0.999832
77485: 0.999832
77486: 0.999832
77487: 0.999832
77488: 0.999832
77489: 0.999832
77490: 0.999832
77491: 0.999832
77492: 0.999832
77493: 0.999832
77494: 0.999832
77495: 0.999832
77496: 0.999832
77497: 0.999832
77498: 0.999832
77499: 0.999832
77500: 0.999832
77501: 0.999832
77502: 0.999832
77503: 0.999832
77504: 0.999832
77505: 0.999832
77506: 0.999832
77507: 0.999832
77508: 0.999832
77509: 0.999832
77510: 0.999832
77511: 0.999832
77512: 0.999832
77513: 0.999832
77514: 0.999832
77515: 0.999832
77516: 0.999832
77517: 0.999832
77518: 0.999832
77519: 0.999832
77520: 0.999832
77521: 0.999832
77522: 0.999832
77523: 0.999832
77524: 0.999832
77525: 0.999832
77526: 0.999832
77527: 0.999832
77528: 0.999832
77529: 0.999832
77530: 0.999832
77531: 0.999832
77532: 0.999832
77533: 0.999832
77534: 0.999832
77535: 0.999832
77536: 0.999832
77537: 0.999832
77538: 0.999832
77539: 0.999832
77540: 0.999832
77541: 0.999832
77542: 0.999832
77543: 0.999832
77544: 0.999832
77545: 0.999832
77546: 0.999832
77547: 0.999832
77548: 0.999832
77549: 0.999832
77550: 0.999832
77551: 0.999832
77552: 0.999832
77553: 0.999832
77554: 0.999832
77555: 0.999832
77556: 0.999832
77557: 0.999832
77558: 0.999832
77559: 0.999832
77560: 0.999832
77561: 0.999832
77562: 0.999832
77563: 0.999832
77564: 0.999832
77565: 0.999832
77566: 0.999832
77567: 0.999832
77568: 0.999832
77569: 0.999832
77570: 0.999832
77571: 0.999832
77572: 0.999832
77573: 0.999832
77574: 0.999832
77575: 0.999832
77576: 0.999832
77577: 0.999832
77578: 0.999832
77579: 0.999832
77580: 0.999832
77581: 0.999832
77582: 0.999832
77583: 0.999832
77584: 0.999832
77585: 0.999832
77586: 0.999832
77587: 0.999832
77588: 0.999832
77589: 0.999832
77590: 0.999832
77591: 0.999832
77592: 0.999832
77593: 0.999832
77594: 0.999832
77595: 0.999832
77596: 0.999832
77597: 0.999832
77598: 0.999832
77599: 0.999832
77600: 0.999832
77601: 0.999832
77602: 0.999832
77603: 0.999832
77604: 0.999832
77605: 0.999832
77606: 0.999832
77607: 0.999832
77608: 0.999832
77609: 0.999832
77610: 0.999832
77611: 0.999833
77612: 0.999833
77613: 0.999833
77614: 0.999833
77615: 0.999833
77616: 0.999833
77617: 0.999833
77618: 0.999833
77619: 0.999833
77620: 0.999833
77621: 0.999833
77622: 0.999833
77623: 0.999833
77624: 0.999833
77625: 0.999833
77626: 0.999833
77627: 0.999833
77628: 0.999833
77629: 0.999833
77630: 0.999833
77631: 0.999833
77632: 0.999833
77633: 0.999833
77634: 0.999833
77635: 0.999833
77636: 0.999833
77637: 0.999833
77638: 0.999833
77639: 0.999833
77640: 0.999833
77641: 0.999833
77642: 0.999833
77643: 0.999833
77644: 0.999833
77645: 0.999833
77646: 0.999833
77647: 0.999833
77648: 0.999833
77649: 0.999833
77650: 0.999833
77651: 0.999833
77652: 0.999833
77653: 0.999833
77654: 0.999833
77655: 0.999833
77656: 0.999833
77657: 0.999833
77658: 0.999833
77659: 0.999833
77660: 0.999833
77661: 0.999833
77662: 0.999833
77663: 0.999833
77664: 0.999833
77665: 0.999833
77666: 0.999833
77667: 0.999833
77668: 0.999833
77669: 0.999833
77670: 0.999833
77671: 0.999833
77672: 0.999833
77673: 0.999833
77674: 0.999833
77675: 0.999833
77676: 0.999833
77677: 0.999833
77678: 0.999833
77679: 0.999833
77680: 0.999833
77681: 0.999833
77682: 0.999833
77683: 0.999833
77684: 0.999833
77685: 0.999833
77686: 0.999833
77687: 0.999833
77688: 0.999833
77689: 0.999833
77690: 0.999833
77691: 0.999833
77692: 0.999833
77693: 0.999833
77694: 0.999833
77695: 0.999833
77696: 0.999833
77697: 0.999833
77698: 0.999833
77699: 0.999833
77700: 0.999833
77701: 0.999833
77702: 0.999833
77703: 0.999833
77704: 0.999833
77705: 0.999833
77706: 0.999833
77707: 0.999833
77708: 0.999833
77709: 0.999833
77710: 0.999833
77711: 0.999833
77712: 0.999833
77713: 0.999833
77714: 0.999833
77715: 0.999833
77716: 0.999833
77717: 0.999833
77718: 0.999833
77719: 0.999833
77720: 0.999833
77721: 0.999833
77722: 0.999833
77723: 0.999833
77724: 0.999833
77725: 0.999833
77726: 0.999833
77727: 0.999833
77728: 0.999833
77729: 0.999833
77730: 0.999833
77731: 0.999833
77732: 0.999833
77733: 0.999833
77734: 0.999833
77735: 0.999833
77736: 0.999833
77737: 0.999833
77738: 0.999833
77739: 0.999833
77740: 0.999833
77741: 0.999833
77742: 0.999833
77743: 0.999833
77744: 0.999833
77745: 0.999833
77746: 0.999833
77747: 0.999833
77748: 0.999833
77749: 0.999833
77750: 0.999833
77751: 0.999833
77752: 0.999833
77753: 0.999833
77754: 0.999833
77755: 0.999833
77756: 0.999833
77757: 0.999833
77758: 0.999833
77759: 0.999833
77760: 0.999833
77761: 0.999833
77762: 0.999833
77763: 0.999833
77764: 0.999833
77765: 0.999833
77766: 0.999833
77767: 0.999833
77768: 0.999833
77769: 0.999833
77770: 0.999833
77771: 0.999833
77772: 0.999833
77773: 0.999833
77774: 0.999833
77775: 0.999833
77776: 0.999833
77777: 0.999833
77778: 0.999833
77779: 0.999833
77780: 0.999833
77781: 0.999833
77782: 0.999833
77783: 0.999833
77784: 0.999833
77785: 0.999833
77786: 0.999833
77787: 0.999833
77788: 0.999833
77789: 0.999833
77790: 0.999833
77791: 0.999833
77792: 0.999833
77793: 0.999833
77794: 0.999833
77795: 0.999833
77796: 0.999833
77797: 0.999833
77798: 0.999833
77799: 0.999833
77800: 0.999833
77801: 0.999833
77802: 0.999833
77803: 0.999833
77804: 0.999833
77805: 0.999833
77806: 0.999833
77807: 0.999833
77808: 0.999833
77809: 0.999833
77810: 0.999833
77811: 0.999833
77812: 0.999833
77813: 0.999833
77814: 0.999833
77815: 0.999833
77816: 0.999833
77817: 0.999833
77818: 0.999833
77819: 0.999833
77820: 0.999833
77821: 0.999833
77822: 0.999833
77823: 0.999833
77824: 0.999833
77825: 0.999833
77826: 0.999833
77827: 0.999833
77828: 0.999833
77829: 0.999833
77830: 0.999833
77831: 0.999833
77832: 0.999833
77833: 0.999833
77834: 0.999833
77835: 0.999833
77836: 0.999833
77837: 0.999833
77838: 0.999833
77839: 0.999833
77840: 0.999833
77841: 0.999833
77842: 0.999833
77843: 0.999833
77844: 0.999833
77845: 0.999833
77846: 0.999833
77847: 0.999833
77848: 0.999833
77849: 0.999833
77850: 0.999833
77851: 0.999833
77852: 0.999833
77853: 0.999833
77854: 0.999833
77855: 0.999833
77856: 0.999833
77857: 0.999833
77858: 0.999833
77859: 0.999833
77860: 0.999833
77861: 0.999833
77862: 0.999833
77863: 0.999833
77864: 0.999833
77865: 0.999833
77866: 0.999833
77867: 0.999833
77868: 0.999833
77869: 0.999833
77870: 0.999833
77871: 0.999833
77872: 0.999833
77873: 0.999833
77874: 0.999833
77875: 0.999833
77876: 0.999833
77877: 0.999833
77878: 0.999833
77879: 0.999833
77880: 0.999833
77881: 0.999833
77882: 0.999833
77883: 0.999833
77884: 0.999833
77885: 0.999833
77886: 0.999833
77887: 0.999833
77888: 0.999833
77889: 0.999833
77890: 0.999833
77891: 0.999833
77892: 0.999833
77893: 0.999833
77894: 0.999833
77895: 0.999833
77896: 0.999833
77897: 0.999833
77898: 0.999833
77899: 0.999833
77900: 0.999833
77901: 0.999833
77902: 0.999833
77903: 0.999833
77904: 0.999833
77905: 0.999833
77906: 0.999833
77907: 0.999833
77908: 0.999833
77909: 0.999833
77910: 0.999833
77911: 0.999833
77912: 0.999833
77913: 0.999833
77914: 0.999833
77915: 0.999833
77916: 0.999833
77917: 0.999833
77918: 0.999833
77919: 0.999833
77920: 0.999833
77921: 0.999833
77922: 0.999833
77923: 0.999833
77924: 0.999833
77925: 0.999833
77926: 0.999833
77927: 0.999833
77928: 0.999833
77929: 0.999833
77930: 0.999833
77931: 0.999833
77932: 0.999833
77933: 0.999833
77934: 0.999833
77935: 0.999833
77936: 0.999833
77937: 0.999833
77938: 0.999833
77939: 0.999833
77940: 0.999833
77941: 0.999833
77942: 0.999833
77943: 0.999833
77944: 0.999833
77945: 0.999833
77946: 0.999833
77947: 0.999833
77948: 0.999833
77949: 0.999833
77950: 0.999833
77951: 0.999833
77952: 0.999833
77953: 0.999833
77954: 0.999833
77955: 0.999833
77956: 0.999833
77957: 0.999833
77958: 0.999833
77959: 0.999833
77960: 0.999833
77961: 0.999833
77962: 0.999833
77963: 0.999833
77964: 0.999833
77965: 0.999833
77966: 0.999833
77967: 0.999833
77968: 0.999833
77969: 0.999833
77970: 0.999833
77971: 0.999833
77972: 0.999833
77973: 0.999833
77974: 0.999833
77975: 0.999833
77976: 0.999833
77977: 0.999833
77978: 0.999833
77979: 0.999833
77980: 0.999833
77981: 0.999833
77982: 0.999833
77983: 0.999833
77984: 0.999833
77985: 0.999833
77986: 0.999833
77987: 0.999833
77988: 0.999833
77989: 0.999833
77990: 0.999833
77991: 0.999833
77992: 0.999833
77993: 0.999833
77994: 0.999833
77995: 0.999833
77996: 0.999833
77997: 0.999833
77998: 0.999833
77999: 0.999833
78000: 0.999833
78001: 0.999833
78002: 0.999833
78003: 0.999833
78004: 0.999833
78005: 0.999833
78006: 0.999833
78007: 0.999833
78008: 0.999833
78009: 0.999833
78010: 0.999833
78011: 0.999833
78012: 0.999833
78013: 0.999833
78014: 0.999833
78015: 0.999833
78016: 0.999833
78017: 0.999833
78018: 0.999833
78019: 0.999833
78020: 0.999833
78021: 0.999833
78022: 0.999833
78023: 0.999833
78024: 0.999833
78025: 0.999833
78026: 0.999833
78027: 0.999833
78028: 0.999833
78029: 0.999833
78030: 0.999833
78031: 0.999833
78032: 0.999833
78033: 0.999833
78034: 0.999833
78035: 0.999833
78036: 0.999833
78037: 0.999833
78038: 0.999833
78039: 0.999833
78040: 0.999833
78041: 0.999833
78042: 0.999833
78043: 0.999833
78044: 0.999833
78045: 0.999833
78046: 0.999833
78047: 0.999833
78048: 0.999833
78049: 0.999833
78050: 0.999833
78051: 0.999833
78052: 0.999833
78053: 0.999833
78054: 0.999833
78055: 0.999833
78056: 0.999833
78057: 0.999833
78058: 0.999833
78059: 0.999833
78060: 0.999833
78061: 0.999833
78062: 0.999833
78063: 0.999833
78064: 0.999833
78065: 0.999833
78066: 0.999833
78067: 0.999833
78068: 0.999833
78069: 0.999833
78070: 0.999833
78071: 0.999833
78072: 0.999833
78073: 0.999833
78074: 0.999833
78075: 0.999833
78076: 0.999833
78077: 0.999833
78078: 0.999834
78079: 0.999834
78080: 0.999834
78081: 0.999834
78082: 0.999834
78083: 0.999834
78084: 0.999834
78085: 0.999834
78086: 0.999834
78087: 0.999834
78088: 0.999834
78089: 0.999834
78090: 0.999834
78091: 0.999834
78092: 0.999834
78093: 0.999834
78094: 0.999834
78095: 0.999834
78096: 0.999834
78097: 0.999834
78098: 0.999834
78099: 0.999834
78100: 0.999834
78101: 0.999834
78102: 0.999834
78103: 0.999834
78104: 0.999834
78105: 0.999834
78106: 0.999834
78107: 0.999834
78108: 0.999834
78109: 0.999834
78110: 0.999834
78111: 0.999834
78112: 0.999834
78113: 0.999834
78114: 0.999834
78115: 0.999834
78116: 0.999834
78117: 0.999834
78118: 0.999834
78119: 0.999834
78120: 0.999834
78121: 0.999834
78122: 0.999834
78123: 0.999834
78124: 0.999834
78125: 0.999834
78126: 0.999834
78127: 0.999834
78128: 0.999834
78129: 0.999834
78130: 0.999834
78131: 0.999834
78132: 0.999834
78133: 0.999834
78134: 0.999834
78135: 0.999834
78136: 0.999834
78137: 0.999834
78138: 0.999834
78139: 0.999834
78140: 0.999834
78141: 0.999834
78142: 0.999834
78143: 0.999834
78144: 0.999834
78145: 0.999834
78146: 0.999834
78147: 0.999834
78148: 0.999834
78149: 0.999834
78150: 0.999834
78151: 0.999834
78152: 0.999834
78153: 0.999834
78154: 0.999834
78155: 0.999834
78156: 0.999834
78157: 0.999834
78158: 0.999834
78159: 0.999834
78160: 0.999834
78161: 0.999834
78162: 0.999834
78163: 0.999834
78164: 0.999834
78165: 0.999834
78166: 0.999834
78167: 0.999834
78168: 0.999834
78169: 0.999834
78170: 0.999834
78171: 0.999834
78172: 0.999834
78173: 0.999834
78174: 0.999834
78175: 0.999834
78176: 0.999834
78177: 0.999834
78178: 0.999834
78179: 0.999834
78180: 0.999834
78181: 0.999834
78182: 0.999834
78183: 0.999834
78184: 0.999834
78185: 0.999834
78186: 0.999834
78187: 0.999834
78188: 0.999834
78189: 0.999834
78190: 0.999834
78191: 0.999834
78192: 0.999834
78193: 0.999834
78194: 0.999834
78195: 0.999834
78196: 0.999834
78197: 0.999834
78198: 0.999834
78199: 0.999834
78200: 0.999834
78201: 0.999834
78202: 0.999834
78203: 0.999834
78204: 0.999834
78205: 0.999834
78206: 0.999834
78207: 0.999834
78208: 0.999834
78209: 0.999834
78210: 0.999834
78211: 0.999834
78212: 0.999834
78213: 0.999834
78214: 0.999834
78215: 0.999834
78216: 0.999834
78217: 0.999834
78218: 0.999834
78219: 0.999834
78220: 0.999834
78221: 0.999834
78222: 0.999834
78223: 0.999834
78224: 0.999834
78225: 0.999834
78226: 0.999834
78227: 0.999834
78228: 0.999834
78229: 0.999834
78230: 0.999834
78231: 0.999834
78232: 0.999834
78233: 0.999834
78234: 0.999834
78235: 0.999834
78236: 0.999834
78237: 0.999834
78238: 0.999834
78239: 0.999834
78240: 0.999834
78241: 0.999834
78242: 0.999834
78243: 0.999834
78244: 0.999834
78245: 0.999834
78246: 0.999834
78247: 0.999834
78248: 0.999834
78249: 0.999834
78250: 0.999834
78251: 0.999834
78252: 0.999834
78253: 0.999834
78254: 0.999834
78255: 0.999834
78256: 0.999834
78257: 0.999834
78258: 0.999834
78259: 0.999834
78260: 0.999834
78261: 0.999834
78262: 0.999834
78263: 0.999834
78264: 0.999834
78265: 0.999834
78266: 0.999834
78267: 0.999834
78268: 0.999834
78269: 0.999834
78270: 0.999834
78271: 0.999834
78272: 0.999834
78273: 0.999834
78274: 0.999834
78275: 0.999834
78276: 0.999834
78277: 0.999834
78278: 0.999834
78279: 0.999834
78280: 0.999834
78281: 0.999834
78282: 0.999834
78283: 0.999834
78284: 0.999834
78285: 0.999834
78286: 0.999834
78287: 0.999834
78288: 0.999834
78289: 0.999834
78290: 0.999834
78291: 0.999834
78292: 0.999834
78293: 0.999834
78294: 0.999834
78295: 0.999834
78296: 0.999834
78297: 0.999834
78298: 0.999834
78299: 0.999834
78300: 0.999834
78301: 0.999834
78302: 0.999834
78303: 0.999834
78304: 0.999834
78305: 0.999834
78306: 0.999834
78307: 0.999834
78308: 0.999834
78309: 0.999834
78310: 0.999834
78311: 0.999834
78312: 0.999834
78313: 0.999834
78314: 0.999834
78315: 0.999834
78316: 0.999834
78317: 0.999834
78318: 0.999834
78319: 0.999834
78320: 0.999834
78321: 0.999834
78322: 0.999834
78323: 0.999834
78324: 0.999834
78325: 0.999834
78326: 0.999834
78327: 0.999834
78328: 0.999834
78329: 0.999834
78330: 0.999834
78331: 0.999834
78332: 0.999834
78333: 0.999834
78334: 0.999834
78335: 0.999834
78336: 0.999834
78337: 0.999834
78338: 0.999834
78339: 0.999834
78340: 0.999834
78341: 0.999834
78342: 0.999834
78343: 0.999834
78344: 0.999834
78345: 0.999834
78346: 0.999834
78347: 0.999834
78348: 0.999834
78349: 0.999834
78350: 0.999834
78351: 0.999834
78352: 0.999834
78353: 0.999834
78354: 0.999834
78355: 0.999834
78356: 0.999834
78357: 0.999834
78358: 0.999834
78359: 0.999834
78360: 0.999834
78361: 0.999834
78362: 0.999834
78363: 0.999834
78364: 0.999834
78365: 0.999834
78366: 0.999834
78367: 0.999834
78368: 0.999834
78369: 0.999834
78370: 0.999834
78371: 0.999834
78372: 0.999834
78373: 0.999834
78374: 0.999834
78375: 0.999834
78376: 0.999834
78377: 0.999834
78378: 0.999834
78379: 0.999834
78380: 0.999834
78381: 0.999834
78382: 0.999834
78383: 0.999834
78384: 0.999834
78385: 0.999834
78386: 0.999834
78387: 0.999834
78388: 0.999834
78389: 0.999834
78390: 0.999834
78391: 0.999834
78392: 0.999834
78393: 0.999834
78394: 0.999834
78395: 0.999834
78396: 0.999834
78397: 0.999834
78398: 0.999834
78399: 0.999834
78400: 0.999834
78401: 0.999834
78402: 0.999834
78403: 0.999834
78404: 0.999834
78405: 0.999834
78406: 0.999834
78407: 0.999834
78408: 0.999834
78409: 0.999834
78410: 0.999834
78411: 0.999834
78412: 0.999834
78413: 0.999834
78414: 0.999834
78415: 0.999834
78416: 0.999834
78417: 0.999834
78418: 0.999834
78419: 0.999834
78420: 0.999834
78421: 0.999834
78422: 0.999834
78423: 0.999834
78424: 0.999834
78425: 0.999834
78426: 0.999834
78427: 0.999834
78428: 0.999834
78429: 0.999834
78430: 0.999834
78431: 0.999834
78432: 0.999834
78433: 0.999834
78434: 0.999834
78435: 0.999834
78436: 0.999834
78437: 0.999834
78438: 0.999834
78439: 0.999834
78440: 0.999834
78441: 0.999834
78442: 0.999834
78443: 0.999834
78444: 0.999834
78445: 0.999834
78446: 0.999834
78447: 0.999834
78448: 0.999834
78449: 0.999834
78450: 0.999834
78451: 0.999834
78452: 0.999834
78453: 0.999834
78454: 0.999834
78455: 0.999834
78456: 0.999834
78457: 0.999834
78458: 0.999834
78459: 0.999834
78460: 0.999834
78461: 0.999834
78462: 0.999834
78463: 0.999834
78464: 0.999834
78465: 0.999834
78466: 0.999834
78467: 0.999834
78468: 0.999834
78469: 0.999834
78470: 0.999834
78471: 0.999834
78472: 0.999834
78473: 0.999834
78474: 0.999834
78475: 0.999834
78476: 0.999834
78477: 0.999834
78478: 0.999834
78479: 0.999834
78480: 0.999834
78481: 0.999834
78482: 0.999834
78483: 0.999834
78484: 0.999834
78485: 0.999834
78486: 0.999834
78487: 0.999834
78488: 0.999834
78489: 0.999834
78490: 0.999834
78491: 0.999834
78492: 0.999834
78493: 0.999834
78494: 0.999834
78495: 0.999834
78496: 0.999834
78497: 0.999834
78498: 0.999834
78499: 0.999834
78500: 0.999834
78501: 0.999834
78502: 0.999834
78503: 0.999834
78504: 0.999834
78505: 0.999834
78506: 0.999834
78507: 0.999834
78508: 0.999834
78509: 0.999834
78510: 0.999834
78511: 0.999834
78512: 0.999834
78513: 0.999834
78514: 0.999834
78515: 0.999834
78516: 0.999834
78517: 0.999834
78518: 0.999834
78519: 0.999834
78520: 0.999834
78521: 0.999834
78522: 0.999834
78523: 0.999834
78524: 0.999834
78525: 0.999834
78526: 0.999834
78527: 0.999834
78528: 0.999834
78529: 0.999834
78530: 0.999834
78531: 0.999834
78532: 0.999834
78533: 0.999834
78534: 0.999834
78535: 0.999834
78536: 0.999834
78537: 0.999834
78538: 0.999834
78539: 0.999834
78540: 0.999834
78541: 0.999834
78542: 0.999834
78543: 0.999834
78544: 0.999834
78545: 0.999834
78546: 0.999834
78547: 0.999834
78548: 0.999834
78549: 0.999835
78550: 0.999835
78551: 0.999835
78552: 0.999835
78553: 0.999835
78554: 0.999835
78555: 0.999835
78556: 0.999835
78557: 0.999835
78558: 0.999835
78559: 0.999835
78560: 0.999835
78561: 0.999835
78562: 0.999835
78563: 0.999835
78564: 0.999835
78565: 0.999835
78566: 0.999835
78567: 0.999835
78568: 0.999835
78569: 0.999835
78570: 0.999835
78571: 0.999835
78572: 0.999835
78573: 0.999835
78574: 0.999835
78575: 0.999835
78576: 0.999835
78577: 0.999835
78578: 0.999835
78579: 0.999835
78580: 0.999835
78581: 0.999835
78582: 0.999835
78583: 0.999835
78584: 0.999835
78585: 0.999835
78586: 0.999835
78587: 0.999835
78588: 0.999835
78589: 0.999835
78590: 0.999835
78591: 0.999835
78592: 0.999835
78593: 0.999835
78594: 0.999835
78595: 0.999835
78596: 0.999835
78597: 0.999835
78598: 0.999835
78599: 0.999835
78600: 0.999835
78601: 0.999835
78602: 0.999835
78603: 0.999835
78604: 0.999835
78605: 0.999835
78606: 0.999835
78607: 0.999835
78608: 0.999835
78609: 0.999835
78610: 0.999835
78611: 0.999835
78612: 0.999835
78613: 0.999835
78614: 0.999835
78615: 0.999835
78616: 0.999835
78617: 0.999835
78618: 0.999835
78619: 0.999835
78620: 0.999835
78621: 0.999835
78622: 0.999835
78623: 0.999835
78624: 0.999835
78625: 0.999835
78626: 0.999835
78627: 0.999835
78628: 0.999835
78629: 0.999835
78630: 0.999835
78631: 0.999835
78632: 0.999835
78633: 0.999835
78634: 0.999835
78635: 0.999835
78636: 0.999835
78637: 0.999835
78638: 0.999835
78639: 0.999835
78640: 0.999835
78641: 0.999835
78642: 0.999835
78643: 0.999835
78644: 0.999835
78645: 0.999835
78646: 0.999835
78647: 0.999835
78648: 0.999835
78649: 0.999835
78650: 0.999835
78651: 0.999835
78652: 0.999835
78653: 0.999835
78654: 0.999835
78655: 0.999835
78656: 0.999835
78657: 0.999835
78658: 0.999835
78659: 0.999835
78660: 0.999835
78661: 0.999835
78662: 0.999835
78663: 0.999835
78664: 0.999835
78665: 0.999835
78666: 0.999835
78667: 0.999835
78668: 0.999835
78669: 0.999835
78670: 0.999835
78671: 0.999835
78672: 0.999835
78673: 0.999835
78674: 0.999835
78675: 0.999835
78676: 0.999835
78677: 0.999835
78678: 0.999835
78679: 0.999835
78680: 0.999835
78681: 0.999835
78682: 0.999835
78683: 0.999835
78684: 0.999835
78685: 0.999835
78686: 0.999835
78687: 0.999835
78688: 0.999835
78689: 0.999835
78690: 0.999835
78691: 0.999835
78692: 0.999835
78693: 0.999835
78694: 0.999835
78695: 0.999835
78696: 0.999835
78697: 0.999835
78698: 0.999835
78699: 0.999835
78700: 0.999835
78701: 0.999835
78702: 0.999835
78703: 0.999835
78704: 0.999835
78705: 0.999835
78706: 0.999835
78707: 0.999835
78708: 0.999835
78709: 0.999835
78710: 0.999835
78711: 0.999835
78712: 0.999835
78713: 0.999835
78714: 0.999835
78715: 0.999835
78716: 0.999835
78717: 0.999835
78718: 0.999835
78719: 0.999835
78720: 0.999835
78721: 0.999835
78722: 0.999835
78723: 0.999835
78724: 0.999835
78725: 0.999835
78726: 0.999835
78727: 0.999835
78728: 0.999835
78729: 0.999835
78730: 0.999835
78731: 0.999835
78732: 0.999835
78733: 0.999835
78734: 0.999835
78735: 0.999835
78736: 0.999835
78737: 0.999835
78738: 0.999835
78739: 0.999835
78740: 0.999835
78741: 0.999835
78742: 0.999835
78743: 0.999835
78744: 0.999835
78745: 0.999835
78746: 0.999835
78747: 0.999835
78748: 0.999835
78749: 0.999835
78750: 0.999835
78751: 0.999835
78752: 0.999835
78753: 0.999835
78754: 0.999835
78755: 0.999835
78756: 0.999835
78757: 0.999835
78758: 0.999835
78759: 0.999835
78760: 0.999835
78761: 0.999835
78762: 0.999835
78763: 0.999835
78764: 0.999835
78765: 0.999835
78766: 0.999835
78767: 0.999835
78768: 0.999835
78769: 0.999835
78770: 0.999835
78771: 0.999835
78772: 0.999835
78773: 0.999835
78774: 0.999835
78775: 0.999835
78776: 0.999835
78777: 0.999835
78778: 0.999835
78779: 0.999835
78780: 0.999835
78781: 0.999835
78782: 0.999835
78783: 0.999835
78784: 0.999835
78785: 0.999835
78786: 0.999835
78787: 0.999835
78788: 0.999835
78789: 0.999835
78790: 0.999835
78791: 0.999835
78792: 0.999835
78793: 0.999835
78794: 0.999835
78795: 0.999835
78796: 0.999835
78797: 0.999835
78798: 0.999835
78799: 0.999835
78800: 0.999835
78801: 0.999835
78802: 0.999835
78803: 0.999835
78804: 0.999835
78805: 0.999835
78806: 0.999835
78807: 0.999835
78808: 0.999835
78809: 0.999835
78810: 0.999835
78811: 0.999835
78812: 0.999835
78813: 0.999835
78814: 0.999835
78815: 0.999835
78816: 0.999835
78817: 0.999835
78818: 0.999835
78819: 0.999835
78820: 0.999835
78821: 0.999835
78822: 0.999835
78823: 0.999835
78824: 0.999835
78825: 0.999835
78826: 0.999835
78827: 0.999835
78828: 0.999835
78829: 0.999835
78830: 0.999835
78831: 0.999835
78832: 0.999835
78833: 0.999835
78834: 0.999835
78835: 0.999835
78836: 0.999835
78837: 0.999835
78838: 0.999835
78839: 0.999835
78840: 0.999835
78841: 0.999835
78842: 0.999835
78843: 0.999835
78844: 0.999835
78845: 0.999835
78846: 0.999835
78847: 0.999835
78848: 0.999835
78849: 0.999835
78850: 0.999835
78851: 0.999835
78852: 0.999835
78853: 0.999835
78854: 0.999835
78855: 0.999835
78856: 0.999835
78857: 0.999835
78858: 0.999835
78859: 0.999835
78860: 0.999835
78861: 0.999835
78862: 0.999835
78863: 0.999835
78864: 0.999835
78865: 0.999835
78866: 0.999835
78867: 0.999835
78868: 0.999835
78869: 0.999835
78870: 0.999835
78871: 0.999835
78872: 0.999835
78873: 0.999835
78874: 0.999835
78875: 0.999835
78876: 0.999835
78877: 0.999835
78878: 0.999835
78879: 0.999835
78880: 0.999835
78881: 0.999835
78882: 0.999835
78883: 0.999835
78884: 0.999835
78885: 0.999835
78886: 0.999835
78887: 0.999835
78888: 0.999835
78889: 0.999835
78890: 0.999835
78891: 0.999835
78892: 0.999835
78893: 0.999835
78894: 0.999835
78895: 0.999835
78896: 0.999835
78897: 0.999835
78898: 0.999835
78899: 0.999835
78900: 0.999835
78901: 0.999835
78902: 0.999835
78903: 0.999835
78904: 0.999835
78905: 0.999835
78906: 0.999835
78907: 0.999835
78908: 0.999835
78909: 0.999835
78910: 0.999835
78911: 0.999835
78912: 0.999835
78913: 0.999835
78914: 0.999835
78915: 0.999835
78916: 0.999835
78917: 0.999835
78918: 0.999835
78919: 0.999835
78920: 0.999835
78921: 0.999835
78922: 0.999835
78923: 0.999835
78924: 0.999835
78925: 0.999835
78926: 0.999835
78927: 0.999835
78928: 0.999835
78929: 0.999835
78930: 0.999835
78931: 0.999835
78932: 0.999835
78933: 0.999835
78934: 0.999835
78935: 0.999835
78936: 0.999835
78937: 0.999835
78938: 0.999835
78939: 0.999835
78940: 0.999835
78941: 0.999835
78942: 0.999835
78943: 0.999835
78944: 0.999835
78945: 0.999835
78946: 0.999835
78947: 0.999835
78948: 0.999835
78949: 0.999835
78950: 0.999835
78951: 0.999835
78952: 0.999835
78953: 0.999835
78954: 0.999835
78955: 0.999835
78956: 0.999835
78957: 0.999835
78958: 0.999835
78959: 0.999835
78960: 0.999835
78961: 0.999835
78962: 0.999835
78963: 0.999835
78964: 0.999835
78965: 0.999835
78966: 0.999835
78967: 0.999835
78968: 0.999835
78969: 0.999835
78970: 0.999835
78971: 0.999835
78972: 0.999835
78973: 0.999835
78974: 0.999835
78975: 0.999835
78976: 0.999835
78977: 0.999835
78978: 0.999835
78979: 0.999835
78980: 0.999835
78981: 0.999835
78982: 0.999835
78983: 0.999835
78984: 0.999835
78985: 0.999835
78986: 0.999835
78987: 0.999835
78988: 0.999835
78989: 0.999835
78990: 0.999835
78991: 0.999835
78992: 0.999835
78993: 0.999835
78994: 0.999835
78995: 0.999835
78996: 0.999835
78997: 0.999835
78998: 0.999835
78999: 0.999835
79000: 0.999835
79001: 0.999835
79002: 0.999835
79003: 0.999835
79004: 0.999835
79005: 0.999835
79006: 0.999835
79007: 0.999835
79008: 0.999835
79009: 0.999835
79010: 0.999835
79011: 0.999835
79012: 0.999835
79013: 0.999835
79014: 0.999835
79015: 0.999835
79016: 0.999835
79017: 0.999835
79018: 0.999835
79019: 0.999835
79020: 0.999835
79021: 0.999835
79022: 0.999835
79023: 0.999835
79024: 0.999835
79025: 0.999835
79026: 0.999835
79027: 0.999836
79028: 0.999836
79029: 0.999836
79030: 0.999836
79031: 0.999836
79032: 0.999836
79033: 0.999836
79034: 0.999836
79035: 0.999836
79036: 0.999836
79037: 0.999836
79038: 0.999836
79039: 0.999836
79040: 0.999836
79041: 0.999836
79042: 0.999836
79043: 0.999836
79044: 0.999836
79045: 0.999836
79046: 0.999836
79047: 0.999836
79048: 0.999836
79049: 0.999836
79050: 0.999836
79051: 0.999836
79052: 0.999836
79053: 0.999836
79054: 0.999836
79055: 0.999836
79056: 0.999836
79057: 0.999836
79058: 0.999836
79059: 0.999836
79060: 0.999836
79061: 0.999836
79062: 0.999836
79063: 0.999836
79064: 0.999836
79065: 0.999836
79066: 0.999836
79067: 0.999836
79068: 0.999836
79069: 0.999836
79070: 0.999836
79071: 0.999836
79072: 0.999836
79073: 0.999836
79074: 0.999836
79075: 0.999836
79076: 0.999836
79077: 0.999836
79078: 0.999836
79079: 0.999836
79080: 0.999836
79081: 0.999836
79082: 0.999836
79083: 0.999836
79084: 0.999836
79085: 0.999836
79086: 0.999836
79087: 0.999836
79088: 0.999836
79089: 0.999836
79090: 0.999836
79091: 0.999836
79092: 0.999836
79093: 0.999836
79094: 0.999836
79095: 0.999836
79096: 0.999836
79097: 0.999836
79098: 0.999836
79099: 0.999836
79100: 0.999836
79101: 0.999836
79102: 0.999836
79103: 0.999836
79104: 0.999836
79105: 0.999836
79106: 0.999836
79107: 0.999836
79108: 0.999836
79109: 0.999836
79110: 0.999836
79111: 0.999836
79112: 0.999836
79113: 0.999836
79114: 0.999836
79115: 0.999836
79116: 0.999836
79117: 0.999836
79118: 0.999836
79119: 0.999836
79120: 0.999836
79121: 0.999836
79122: 0.999836
79123: 0.999836
79124: 0.999836
79125: 0.999836
79126: 0.999836
79127: 0.999836
79128: 0.999836
79129: 0.999836
79130: 0.999836
79131: 0.999836
79132: 0.999836
79133: 0.999836
79134: 0.999836
79135: 0.999836
79136: 0.999836
79137: 0.999836
79138: 0.999836
79139: 0.999836
79140: 0.999836
79141: 0.999836
79142: 0.999836
79143: 0.999836
79144: 0.999836
79145: 0.999836
79146: 0.999836
79147: 0.999836
79148: 0.999836
79149: 0.999836
79150: 0.999836
79151: 0.999836
79152: 0.999836
79153: 0.999836
79154: 0.999836
79155: 0.999836
79156: 0.999836
79157: 0.999836
79158: 0.999836
79159: 0.999836
79160: 0.999836
79161: 0.999836
79162: 0.999836
79163: 0.999836
79164: 0.999836
79165: 0.999836
79166: 0.999836
79167: 0.999836
79168: 0.999836
79169: 0.999836
79170: 0.999836
79171: 0.999836
79172: 0.999836
79173: 0.999836
79174: 0.999836
79175: 0.999836
79176: 0.999836
79177: 0.999836
79178: 0.999836
79179: 0.999836
79180: 0.999836
79181: 0.999836
79182: 0.999836
79183: 0.999836
79184: 0.999836
79185: 0.999836
79186: 0.999836
79187: 0.999836
79188: 0.999836
79189: 0.999836
79190: 0.999836
79191: 0.999836
79192: 0.999836
79193: 0.999836
79194: 0.999836
79195: 0.999836
79196: 0.999836
79197: 0.999836
79198: 0.999836
79199: 0.999836
79200: 0.999836
79201: 0.999836
79202: 0.999836
79203: 0.999836
79204: 0.999836
79205: 0.999836
79206: 0.999836
79207: 0.999836
79208: 0.999836
79209: 0.999836
79210: 0.999836
79211: 0.999836
79212: 0.999836
79213: 0.999836
79214: 0.999836
79215: 0.999836
79216: 0.999836
79217: 0.999836
79218: 0.999836
79219: 0.999836
79220: 0.999836
79221: 0.999836
79222: 0.999836
79223: 0.999836
79224: 0.999836
79225: 0.999836
79226: 0.999836
79227: 0.999836
79228: 0.999836
79229: 0.999836
79230: 0.999836
79231: 0.999836
79232: 0.999836
79233: 0.999836
79234: 0.999836
79235: 0.999836
79236: 0.999836
79237: 0.999836
79238: 0.999836
79239: 0.999836
79240: 0.999836
79241: 0.999836
79242: 0.999836
79243: 0.999836
79244: 0.999836
79245: 0.999836
79246: 0.999836
79247: 0.999836
79248: 0.999836
79249: 0.999836
79250: 0.999836
79251: 0.999836
79252: 0.999836
79253: 0.999836
79254: 0.999836
79255: 0.999836
79256: 0.999836
79257: 0.999836
79258: 0.999836
79259: 0.999836
79260: 0.999836
79261: 0.999836
79262: 0.999836
79263: 0.999836
79264: 0.999836
79265: 0.999836
79266: 0.999836
79267: 0.999836
79268: 0.999836
79269: 0.999836
79270: 0.999836
79271: 0.999836
79272: 0.999836
79273: 0.999836
79274: 0.999836
79275: 0.999836
79276: 0.999836
79277: 0.999836
79278: 0.999836
79279: 0.999836
79280: 0.999836
79281: 0.999836
79282: 0.999836
79283: 0.999836
79284: 0.999836
79285: 0.999836
79286: 0.999836
79287: 0.999836
79288: 0.999836
79289: 0.999836
79290: 0.999836
79291: 0.999836
79292: 0.999836
79293: 0.999836
79294: 0.999836
79295: 0.999836
79296: 0.999836
79297: 0.999836
79298: 0.999836
79299: 0.999836
79300: 0.999836
79301: 0.999836
79302: 0.999836
79303: 0.999836
79304: 0.999836
79305: 0.999836
79306: 0.999836
79307: 0.999836
79308: 0.999836
79309: 0.999836
79310: 0.999836
79311: 0.999836
79312: 0.999836
79313: 0.999836
79314: 0.999836
79315: 0.999836
79316: 0.999836
79317: 0.999836
79318: 0.999836
79319: 0.999836
79320: 0.999836
79321: 0.999836
79322: 0.999836
79323: 0.999836
79324: 0.999836
79325: 0.999836
79326: 0.999836
79327: 0.999836
79328: 0.999836
79329: 0.999836
79330: 0.999836
79331: 0.999836
79332: 0.999836
79333: 0.999836
79334: 0.999836
79335: 0.999836
79336: 0.999836
79337: 0.999836
79338: 0.999836
79339: 0.999836
79340: 0.999836
79341: 0.999836
79342: 0.999836
79343: 0.999836
79344: 0.999836
79345: 0.999836
79346: 0.999836
79347: 0.999836
79348: 0.999836
79349: 0.999836
79350: 0.999836
79351: 0.999836
79352: 0.999836
79353: 0.999836
79354: 0.999836
79355: 0.999836
79356: 0.999836
79357: 0.999836
79358: 0.999836
79359: 0.999836
79360: 0.999836
79361: 0.999836
79362: 0.999836
79363: 0.999836
79364: 0.999836
79365: 0.999836
79366: 0.999836
79367: 0.999836
79368: 0.999836
79369: 0.999836
79370: 0.999836
79371: 0.999836
79372: 0.999836
79373: 0.999836
79374: 0.999836
79375: 0.999836
79376: 0.999836
79377: 0.999836
79378: 0.999836
79379: 0.999836
79380: 0.999836
79381: 0.999836
79382: 0.999836
79383: 0.999836
79384: 0.999836
79385: 0.999836
79386: 0.999836
79387: 0.999836
79388: 0.999836
79389: 0.999836
79390: 0.999836
79391: 0.999836
79392: 0.999836
79393: 0.999836
79394: 0.999836
79395: 0.999836
79396: 0.999836
79397: 0.999836
79398: 0.999836
79399: 0.999836
79400: 0.999836
79401: 0.999836
79402: 0.999836
79403: 0.999836
79404: 0.999836
79405: 0.999836
79406: 0.999836
79407: 0.999836
79408: 0.999836
79409: 0.999836
79410: 0.999836
79411: 0.999836
79412: 0.999836
79413: 0.999836
79414: 0.999836
79415: 0.999836
79416: 0.999836
79417: 0.999836
79418: 0.999836
79419: 0.999836
79420: 0.999836
79421: 0.999836
79422: 0.999836
79423: 0.999836
79424: 0.999836
79425: 0.999836
79426: 0.999836
79427: 0.999836
79428: 0.999836
79429: 0.999836
79430: 0.999836
79431: 0.999836
79432: 0.999836
79433: 0.999836
79434: 0.999836
79435: 0.999836
79436: 0.999836
79437: 0.999836
79438: 0.999836
79439: 0.999836
79440: 0.999836
79441: 0.999836
79442: 0.999836
79443: 0.999836
79444: 0.999836
79445: 0.999836
79446: 0.999836
79447: 0.999836
79448: 0.999836
79449: 0.999836
79450: 0.999836
79451: 0.999836
79452: 0.999836
79453: 0.999836
79454: 0.999836
79455: 0.999836
79456: 0.999836
79457: 0.999836
79458: 0.999836
79459: 0.999836
79460: 0.999836
79461: 0.999836
79462: 0.999836
79463: 0.999836
79464: 0.999836
79465: 0.999836
79466: 0.999836
79467: 0.999836
79468: 0.999836
79469: 0.999836
79470: 0.999836
79471: 0.999836
79472: 0.999836
79473: 0.999836
79474: 0.999836
79475: 0.999836
79476: 0.999836
79477: 0.999836
79478: 0.999836
79479: 0.999836
79480: 0.999836
79481: 0.999836
79482: 0.999836
79483: 0.999836
79484: 0.999836
79485: 0.999836
79486: 0.999836
79487: 0.999836
79488: 0.999836
79489: 0.999836
79490: 0.999836
79491: 0.999836
79492: 0.999836
79493: 0.999836
79494: 0.999836
79495: 0.999836
79496: 0.999836
79497: 0.999836
79498: 0.999836
79499: 0.999836
79500: 0.999836
79501: 0.999836
79502: 0.999836
79503: 0.999836
79504: 0.999836
79505: 0.999836
79506: 0.999836
79507: 0.999836
79508: 0.999836
79509: 0.999836
79510: 0.999837
79511: 0.999837
79512: 0.999837
79513: 0.999837
79514: 0.999837
79515: 0.999837
79516: 0.999837
79517: 0.999837
79518: 0.999837
79519: 0.999837
79520: 0.999837
79521: 0.999837
79522: 0.999837
79523: 0.999837
79524: 0.999837
79525: 0.999837
79526: 0.999837
79527: 0.999837
79528: 0.999837
79529: 0.999837
79530: 0.999837
79531: 0.999837
79532: 0.999837
79533: 0.999837
79534: 0.999837
79535: 0.999837
79536: 0.999837
79537: 0.999837
79538: 0.999837
79539: 0.999837
79540: 0.999837
79541: 0.999837
79542: 0.999837
79543: 0.999837
79544: 0.999837
79545: 0.999837
79546: 0.999837
79547: 0.999837
79548: 0.999837
79549: 0.999837
79550: 0.999837
79551: 0.999837
79552: 0.999837
79553: 0.999837
79554: 0.999837
79555: 0.999837
79556: 0.999837
79557: 0.999837
79558: 0.999837
79559: 0.999837
79560: 0.999837
79561: 0.999837
79562: 0.999837
79563: 0.999837
79564: 0.999837
79565: 0.999837
79566: 0.999837
79567: 0.999837
79568: 0.999837
79569: 0.999837
79570: 0.999837
79571: 0.999837
79572: 0.999837
79573: 0.999837
79574: 0.999837
79575: 0.999837
79576: 0.999837
79577: 0.999837
79578: 0.999837
79579: 0.999837
79580: 0.999837
79581: 0.999837
79582: 0.999837
79583: 0.999837
79584: 0.999837
79585: 0.999837
79586: 0.999837
79587: 0.999837
79588: 0.999837
79589: 0.999837
79590: 0.999837
79591: 0.999837
79592: 0.999837
79593: 0.999837
79594: 0.999837
79595: 0.999837
79596: 0.999837
79597: 0.999837
79598: 0.999837
79599: 0.999837
79600: 0.999837
79601: 0.999837
79602: 0.999837
79603: 0.999837
79604: 0.999837
79605: 0.999837
79606: 0.999837
79607: 0.999837
79608: 0.999837
79609: 0.999837
79610: 0.999837
79611: 0.999837
79612: 0.999837
79613: 0.999837
79614: 0.999837
79615: 0.999837
79616: 0.999837
79617: 0.999837
79618: 0.999837
79619: 0.999837
79620: 0.999837
79621: 0.999837
79622: 0.999837
79623: 0.999837
79624: 0.999837
79625: 0.999837
79626: 0.999837
79627: 0.999837
79628: 0.999837
79629: 0.999837
79630: 0.999837
79631: 0.999837
79632: 0.999837
79633: 0.999837
79634: 0.999837
79635: 0.999837
79636: 0.999837
79637: 0.999837
79638: 0.999837
79639: 0.999837
79640: 0.999837
79641: 0.999837
79642: 0.999837
79643: 0.999837
79644: 0.999837
79645: 0.999837
79646: 0.999837
79647: 0.999837
79648: 0.999837
79649: 0.999837
79650: 0.999837
79651: 0.999837
79652: 0.999837
79653: 0.999837
79654: 0.999837
79655: 0.999837
79656: 0.999837
79657: 0.999837
79658: 0.999837
79659: 0.999837
79660: 0.999837
79661: 0.999837
79662: 0.999837
79663: 0.999837
79664: 0.999837
79665: 0.999837
79666: 0.999837
79667: 0.999837
79668: 0.999837
79669: 0.999837
79670: 0.999837
79671: 0.999837
79672: 0.999837
79673: 0.999837
79674: 0.999837
79675: 0.999837
79676: 0.999837
79677: 0.999837
79678: 0.999837
79679: 0.999837
79680: 0.999837
79681: 0.999837
79682: 0.999837
79683: 0.999837
79684: 0.999837
79685: 0.999837
79686: 0.999837
79687: 0.999837
79688: 0.999837
79689: 0.999837
79690: 0.999837
79691: 0.999837
79692: 0.999837
79693: 0.999837
79694: 0.999837
79695: 0.999837
79696: 0.999837
79697: 0.999837
79698: 0.999837
79699: 0.999837
79700: 0.999837
79701: 0.999837
79702: 0.999837
79703: 0.999837
79704: 0.999837
79705: 0.999837
79706: 0.999837
79707: 0.999837
79708: 0.999837
79709: 0.999837
79710: 0.999837
79711: 0.999837
79712: 0.999837
79713: 0.999837
79714: 0.999837
79715: 0.999837
79716: 0.999837
79717: 0.999837
79718: 0.999837
79719: 0.999837
79720: 0.999837
79721: 0.999837
79722: 0.999837
79723: 0.999837
79724: 0.999837
79725: 0.999837
79726: 0.999837
79727: 0.999837
79728: 0.999837
79729: 0.999837
79730: 0.999837
79731: 0.999837
79732: 0.999837
79733: 0.999837
79734: 0.999837
79735: 0.999837
79736: 0.999837
79737: 0.999837
79738: 0.999837
79739: 0.999837
79740: 0.999837
79741: 0.999837
79742: 0.999837
79743: 0.999837
79744: 0.999837
79745: 0.999837
79746: 0.999837
79747: 0.999837
79748: 0.999837
79749: 0.999837
79750: 0.999837
79751: 0.999837
79752: 0.999837
79753: 0.999837
79754: 0.999837
79755: 0.999837
79756: 0.999837
79757: 0.999837
79758: 0.999837
79759: 0.999837
79760: 0.999837
79761: 0.999837
79762: 0.999837
79763: 0.999837
79764: 0.999837
79765: 0.999837
79766: 0.999837
79767: 0.999837
79768: 0.999837
79769: 0.999837
79770: 0.999837
79771: 0.999837
79772: 0.999837
79773: 0.999837
79774: 0.999837
79775: 0.999837
79776: 0.999837
79777: 0.999837
79778: 0.999837
79779: 0.999837
79780: 0.999837
79781: 0.999837
79782: 0.999837
79783: 0.999837
79784: 0.999837
79785: 0.999837
79786: 0.999837
79787: 0.999837
79788: 0.999837
79789: 0.999837
79790: 0.999837
79791: 0.999837
79792: 0.999837
79793: 0.999837
79794: 0.999837
79795: 0.999837
79796: 0.999837
79797: 0.999837
79798: 0.999837
79799: 0.999837
79800: 0.999837
79801: 0.999837
79802: 0.999837
79803: 0.999837
79804: 0.999837
79805: 0.999837
79806: 0.999837
79807: 0.999837
79808: 0.999837
79809: 0.999837
79810: 0.999837
79811: 0.999837
79812: 0.999837
79813: 0.999837
79814: 0.999837
79815: 0.999837
79816: 0.999837
79817: 0.999837
79818: 0.999837
79819: 0.999837
79820: 0.999837
79821: 0.999837
79822: 0.999837
79823: 0.999837
79824: 0.999837
79825: 0.999837
79826: 0.999837
79827: 0.999837
79828: 0.999837
79829: 0.999837
79830: 0.999837
79831: 0.999837
79832: 0.999837
79833: 0.999837
79834: 0.999837
79835: 0.999837
79836: 0.999837
79837: 0.999837
79838: 0.999837
79839: 0.999837
79840: 0.999837
79841: 0.999837
79842: 0.999837
79843: 0.999837
79844: 0.999837
79845: 0.999837
79846: 0.999837
79847: 0.999837
79848: 0.999837
79849: 0.999837
79850: 0.999837
79851: 0.999837
79852: 0.999837
79853: 0.999837
79854: 0.999837
79855: 0.999837
79856: 0.999837
79857: 0.999837
79858: 0.999837
79859: 0.999837
79860: 0.999837
79861: 0.999837
79862: 0.999837
79863: 0.999837
79864: 0.999837
79865: 0.999837
79866: 0.999837
79867: 0.999837
79868: 0.999837
79869: 0.999837
79870: 0.999837
79871: 0.999837
79872: 0.999837
79873: 0.999837
79874: 0.999837
79875: 0.999837
79876: 0.999837
79877: 0.999837
79878: 0.999837
79879: 0.999837
79880: 0.999837
79881: 0.999837
79882: 0.999837
79883: 0.999837
79884: 0.999837
79885: 0.999837
79886: 0.999837
79887: 0.999837
79888: 0.999837
79889: 0.999837
79890: 0.999837
79891: 0.999837
79892: 0.999837
79893: 0.999837
79894: 0.999837
79895: 0.999837
79896: 0.999837
79897: 0.999837
79898: 0.999837
79899: 0.999837
79900: 0.999837
79901: 0.999837
79902: 0.999837
79903: 0.999837
79904: 0.999837
79905: 0.999837
79906: 0.999837
79907: 0.999837
79908: 0.999837
79909: 0.999837
79910: 0.999837
79911: 0.999837
79912: 0.999837
79913: 0.999837
79914: 0.999837
79915: 0.999837
79916: 0.999837
79917: 0.999837
79918: 0.999837
79919: 0.999837
79920: 0.999837
79921: 0.999837
79922: 0.999837
79923: 0.999837
79924: 0.999837
79925: 0.999837
79926: 0.999837
79927: 0.999837
79928: 0.999837
79929: 0.999837
79930: 0.999837
79931: 0.999837
79932: 0.999837
79933: 0.999837
79934: 0.999837
79935: 0.999837
79936: 0.999837
79937: 0.999837
79938: 0.999837
79939: 0.999837
79940: 0.999837
79941: 0.999837
79942: 0.999837
79943: 0.999837
79944: 0.999837
79945: 0.999837
79946: 0.999837
79947: 0.999837
79948: 0.999837
79949: 0.999837
79950: 0.999837
79951: 0.999837
79952: 0.999837
79953: 0.999837
79954: 0.999837
79955: 0.999837
79956: 0.999837
79957: 0.999837
79958: 0.999837
79959: 0.999837
79960: 0.999837
79961: 0.999837
79962: 0.999837
79963: 0.999837
79964: 0.999837
79965: 0.999837
79966: 0.999837
79967: 0.999837
79968: 0.999837
79969: 0.999837
79970: 0.999837
79971: 0.999837
79972: 0.999837
79973: 0.999837
79974: 0.999837
79975: 0.999837
79976: 0.999837
79977: 0.999837
79978: 0.999837
79979: 0.999837
79980: 0.999837
79981: 0.999837
79982: 0.999837
79983: 0.999837
79984: 0.999837
79985: 0.999837
79986: 0.999837
79987: 0.999837
79988: 0.999837
79989: 0.999837
79990: 0.999837
79991: 0.999837
79992: 0.999837
79993: 0.999837
79994: 0.999837
79995: 0.999837
79996: 0.999837
79997: 0.999837
79998: 0.999837
79999: 0.999838
80000: 0.999838
80001: 0.999838
80002: 0.999838
80003: 0.999838
80004: 0.999838
80005: 0.999838
80006: 0.999838
80007: 0.999838
80008: 0.999838
80009: 0.999838
80010: 0.999838
80011: 0.999838
80012: 0.999838
80013: 0.999838
80014: 0.999838
80015: 0.999838
80016: 0.999838
80017: 0.999838
80018: 0.999838
80019: 0.999838
80020: 0.999838
80021: 0.999838
80022: 0.999838
80023: 0.999838
80024: 0.999838
80025: 0.999838
80026: 0.999838
80027: 0.999838
80028: 0.999838
80029: 0.999838
80030: 0.999838
80031: 0.999838
80032: 0.999838
80033: 0.999838
80034: 0.999838
80035: 0.999838
80036: 0.999838
80037: 0.999838
80038: 0.999838
80039: 0.999838
80040: 0.999838
80041: 0.999838
80042: 0.999838
80043: 0.999838
80044: 0.999838
80045: 0.999838
80046: 0.999838
80047: 0.999838
80048: 0.999838
80049: 0.999838
80050: 0.999838
80051: 0.999838
80052: 0.999838
80053: 0.999838
80054: 0.999838
80055: 0.999838
80056: 0.999838
80057: 0.999838
80058: 0.999838
80059: 0.999838
80060: 0.999838
80061: 0.999838
80062: 0.999838
80063: 0.999838
80064: 0.999838
80065: 0.999838
80066: 0.999838
80067: 0.999838
80068: 0.999838
80069: 0.999838
80070: 0.999838
80071: 0.999838
80072: 0.999838
80073: 0.999838
80074: 0.999838
80075: 0.999838
80076: 0.999838
80077: 0.999838
80078: 0.999838
80079: 0.999838
80080: 0.999838
80081: 0.999838
80082: 0.999838
80083: 0.999838
80084: 0.999838
80085: 0.999838
80086: 0.999838
80087: 0.999838
80088: 0.999838
80089: 0.999838
80090: 0.999838
80091: 0.999838
80092: 0.999838
80093: 0.999838
80094: 0.999838
80095: 0.999838
80096: 0.999838
80097: 0.999838
80098: 0.999838
80099: 0.999838
80100: 0.999838
80101: 0.999838
80102: 0.999838
80103: 0.999838
80104: 0.999838
80105: 0.999838
80106: 0.999838
80107: 0.999838
80108: 0.999838
80109: 0.999838
80110: 0.999838
80111: 0.999838
80112: 0.999838
80113: 0.999838
80114: 0.999838
80115: 0.999838
80116: 0.999838
80117: 0.999838
80118: 0.999838
80119: 0.999838
80120: 0.999838
80121: 0.999838
80122: 0.999838
80123: 0.999838
80124: 0.999838
80125: 0.999838
80126: 0.999838
80127: 0.999838
80128: 0.999838
80129: 0.999838
80130: 0.999838
80131: 0.999838
80132: 0.999838
80133: 0.999838
80134: 0.999838
80135: 0.999838
80136: 0.999838
80137: 0.999838
80138: 0.999838
80139: 0.999838
80140: 0.999838
80141: 0.999838
80142: 0.999838
80143: 0.999838
80144: 0.999838
80145: 0.999838
80146: 0.999838
80147: 0.999838
80148: 0.999838
80149: 0.999838
80150: 0.999838
80151: 0.999838
80152: 0.999838
80153: 0.999838
80154: 0.999838
80155: 0.999838
80156: 0.999838
80157: 0.999838
80158: 0.999838
80159: 0.999838
80160: 0.999838
80161: 0.999838
80162: 0.999838
80163: 0.999838
80164: 0.999838
80165: 0.999838
80166: 0.999838
80167: 0.999838
80168: 0.999838
80169: 0.999838
80170: 0.999838
80171: 0.999838
80172: 0.999838
80173: 0.999838
80174: 0.999838
80175: 0.999838
80176: 0.999838
80177: 0.999838
80178: 0.999838
80179: 0.999838
80180: 0.999838
80181: 0.999838
80182: 0.999838
80183: 0.999838
80184: 0.999838
80185: 0.999838
80186: 0.999838
80187: 0.999838
80188: 0.999838
80189: 0.999838
80190: 0.999838
80191: 0.999838
80192: 0.999838
80193: 0.999838
80194: 0.999838
80195: 0.999838
80196: 0.999838
80197: 0.999838
80198: 0.999838
80199: 0.999838
80200: 0.999838
80201: 0.999838
80202: 0.999838
80203: 0.999838
80204: 0.999838
80205: 0.999838
80206: 0.999838
80207: 0.999838
80208: 0.999838
80209: 0.999838
80210: 0.999838
80211: 0.999838
80212: 0.999838
80213: 0.999838
80214: 0.999838
80215: 0.999838
80216: 0.999838
80217: 0.999838
80218: 0.999838
80219: 0.999838
80220: 0.999838
80221: 0.999838
80222: 0.999838
80223: 0.999838
80224: 0.999838
80225: 0.999838
80226: 0.999838
80227: 0.999838
80228: 0.999838
80229: 0.999838
80230: 0.999838
80231: 0.999838
80232: 0.999838
80233: 0.999838
80234: 0.999838
80235: 0.999838
80236: 0.999838
80237: 0.999838
80238: 0.999838
80239: 0.999838
80240: 0.999838
80241: 0.999838
80242: 0.999838
80243: 0.999838
80244: 0.999838
80245: 0.999838
80246: 0.999838
80247: 0.999838
80248: 0.999838
80249: 0.999838
80250: 0.999838
80251: 0.999838
80252: 0.999838
80253: 0.999838
80254: 0.999838
80255: 0.999838
80256: 0.999838
80257: 0.999838
80258: 0.999838
80259: 0.999838
80260: 0.999838
80261: 0.999838
80262: 0.999838
80263: 0.999838
80264: 0.999838
80265: 0.999838
80266: 0.999838
80267: 0.999838
80268: 0.999838
80269: 0.999838
80270: 0.999838
80271: 0.999838
80272: 0.999838
80273: 0.999838
80274: 0.999838
80275: 0.999838
80276: 0.999838
80277: 0.999838
80278: 0.999838
80279: 0.999838
80280: 0.999838
80281: 0.999838
80282: 0.999838
80283: 0.999838
80284: 0.999838
80285: 0.999838
80286: 0.999838
80287: 0.999838
80288: 0.999838
80289: 0.999838
80290: 0.999838
80291: 0.999838
80292: 0.999838
80293: 0.999838
80294: 0.999838
80295: 0.999838
80296: 0.999838
80297: 0.999838
80298: 0.999838
80299: 0.999838
80300: 0.999838
80301: 0.999838
80302: 0.999838
80303: 0.999838
80304: 0.999838
80305: 0.999838
80306: 0.999838
80307: 0.999838
80308: 0.999838
80309: 0.999838
80310: 0.999838
80311: 0.999838
80312: 0.999838
80313: 0.999838
80314: 0.999838
80315: 0.999838
80316: 0.999838
80317: 0.999838
80318: 0.999838
80319: 0.999838
80320: 0.999838
80321: 0.999838
80322: 0.999838
80323: 0.999838
80324: 0.999838
80325: 0.999838
80326: 0.999838
80327: 0.999838
80328: 0.999838
80329: 0.999838
80330: 0.999838
80331: 0.999838
80332: 0.999838
80333: 0.999838
80334: 0.999838
80335: 0.999838
80336: 0.999838
80337: 0.999838
80338: 0.999838
80339: 0.999838
80340: 0.999838
80341: 0.999838
80342: 0.999838
80343: 0.999838
80344: 0.999838
80345: 0.999838
80346: 0.999838
80347: 0.999838
80348: 0.999838
80349: 0.999838
80350: 0.999838
80351: 0.999838
80352: 0.999838
80353: 0.999838
80354: 0.999838
80355: 0.999838
80356: 0.999838
80357: 0.999838
80358: 0.999838
80359: 0.999838
80360: 0.999838
80361: 0.999838
80362: 0.999838
80363: 0.999838
80364: 0.999838
80365: 0.999838
80366: 0.999838
80367: 0.999838
80368: 0.999838
80369: 0.999838
80370: 0.999838
80371: 0.999838
80372: 0.999838
80373: 0.999838
80374: 0.999838
80375: 0.999838
80376: 0.999838
80377: 0.999838
80378: 0.999838
80379: 0.999838
80380: 0.999838
80381: 0.999838
80382: 0.999838
80383: 0.999838
80384: 0.999838
80385: 0.999838
80386: 0.999838
80387: 0.999838
80388: 0.999838
80389: 0.999838
80390: 0.999838
80391: 0.999838
80392: 0.999838
80393: 0.999838
80394: 0.999838
80395: 0.999838
80396: 0.999838
80397: 0.999838
80398: 0.999838
80399: 0.999838
80400: 0.999838
80401: 0.999838
80402: 0.999838
80403: 0.999838
80404: 0.999838
80405: 0.999838
80406: 0.999838
80407: 0.999838
80408: 0.999838
80409: 0.999838
80410: 0.999838
80411: 0.999838
80412: 0.999838
80413: 0.999838
80414: 0.999838
80415: 0.999838
80416: 0.999838
80417: 0.999838
80418: 0.999838
80419: 0.999838
80420: 0.999838
80421: 0.999838
80422: 0.999838
80423: 0.999838
80424: 0.999838
80425: 0.999838
80426: 0.999838
80427: 0.999838
80428: 0.999838
80429: 0.999838
80430: 0.999838
80431: 0.999838
80432: 0.999838
80433: 0.999838
80434: 0.999838
80435: 0.999838
80436: 0.999838
80437: 0.999838
80438: 0.999838
80439: 0.999838
80440: 0.999838
80441: 0.999838
80442: 0.999838
80443: 0.999838
80444: 0.999838
80445: 0.999838
80446: 0.999838
80447: 0.999838
80448: 0.999838
80449: 0.999838
80450: 0.999838
80451: 0.999838
80452: 0.999838
80453: 0.999838
80454: 0.999838
80455: 0.999838
80456: 0.999838
80457: 0.999838
80458: 0.999838
80459: 0.999838
80460: 0.999838
80461: 0.999838
80462: 0.999838
80463: 0.999838
80464: 0.999838
80465: 0.999838
80466: 0.999838
80467: 0.999838
80468: 0.999838
80469: 0.999838
80470: 0.999838
80471: 0.999838
80472: 0.999838
80473: 0.999838
80474: 0.999838
80475: 0.999838
80476: 0.999838
80477: 0.999838
80478: 0.999838
80479: 0.999838
80480: 0.999838
80481: 0.999838
80482: 0.999838
80483: 0.999838
80484: 0.999838
80485: 0.999838
80486: 0.999838
80487: 0.999838
80488: 0.999838
80489: 0.999838
80490: 0.999838
80491: 0.999838
80492: 0.999838
80493: 0.999838
80494: 0.999838
80495: 0.999839
80496: 0.999839
80497: 0.999839
80498: 0.999839
80499: 0.999839
80500: 0.999839
80501: 0.999839
80502: 0.999839
80503: 0.999839
80504: 0.999839
80505: 0.999839
80506: 0.999839
80507: 0.999839
80508: 0.999839
80509: 0.999839
80510: 0.999839
80511: 0.999839
80512: 0.999839
80513: 0.999839
80514: 0.999839
80515: 0.999839
80516: 0.999839
80517: 0.999839
80518: 0.999839
80519: 0.999839
80520: 0.999839
80521: 0.999839
80522: 0.999839
80523: 0.999839
80524: 0.999839
80525: 0.999839
80526: 0.999839
80527: 0.999839
80528: 0.999839
80529: 0.999839
80530: 0.999839
80531: 0.999839
80532: 0.999839
80533: 0.999839
80534: 0.999839
80535: 0.999839
80536: 0.999839
80537: 0.999839
80538: 0.999839
80539: 0.999839
80540: 0.999839
80541: 0.999839
80542: 0.999839
80543: 0.999839
80544: 0.999839
80545: 0.999839
80546: 0.999839
80547: 0.999839
80548: 0.999839
80549: 0.999839
80550: 0.999839
80551: 0.999839
80552: 0.999839
80553: 0.999839
80554: 0.999839
80555: 0.999839
80556: 0.999839
80557: 0.999839
80558: 0.999839
80559: 0.999839
80560: 0.999839
80561: 0.999839
80562: 0.999839
80563: 0.999839
80564: 0.999839
80565: 0.999839
80566: 0.999839
80567: 0.999839
80568: 0.999839
80569: 0.999839
80570: 0.999839
80571: 0.999839
80572: 0.999839
80573: 0.999839
80574: 0.999839
80575: 0.999839
80576: 0.999839
80577: 0.999839
80578: 0.999839
80579: 0.999839
80580: 0.999839
80581: 0.999839
80582: 0.999839
80583: 0.999839
80584: 0.999839
80585: 0.999839
80586: 0.999839
80587: 0.999839
80588: 0.999839
80589: 0.999839
80590: 0.999839
80591: 0.999839
80592: 0.999839
80593: 0.999839
80594: 0.999839
80595: 0.999839
80596: 0.999839
80597: 0.999839
80598: 0.999839
80599: 0.999839
80600: 0.999839
80601: 0.999839
80602: 0.999839
80603: 0.999839
80604: 0.999839
80605: 0.999839
80606: 0.999839
80607: 0.999839
80608: 0.999839
80609: 0.999839
80610: 0.999839
80611: 0.999839
80612: 0.999839
80613: 0.999839
80614: 0.999839
80615: 0.999839
80616: 0.999839
80617: 0.999839
80618: 0.999839
80619: 0.999839
80620: 0.999839
80621: 0.999839
80622: 0.999839
80623: 0.999839
80624: 0.999839
80625: 0.999839
80626: 0.999839
80627: 0.999839
80628: 0.999839
80629: 0.999839
80630: 0.999839
80631: 0.999839
80632: 0.999839
80633: 0.999839
80634: 0.999839
80635: 0.999839
80636: 0.999839
80637: 0.999839
80638: 0.999839
80639: 0.999839
80640: 0.999839
80641: 0.999839
80642: 0.999839
80643: 0.999839
80644: 0.999839
80645: 0.999839
80646: 0.999839
80647: 0.999839
80648: 0.999839
80649: 0.999839
80650: 0.999839
80651: 0.999839
80652: 0.999839
80653: 0.999839
80654: 0.999839
80655: 0.999839
80656: 0.999839
80657: 0.999839
80658: 0.999839
80659: 0.999839
80660: 0.999839
80661: 0.999839
80662: 0.999839
80663: 0.999839
80664: 0.999839
80665: 0.999839
80666: 0.999839
80667: 0.999839
80668: 0.999839
80669: 0.999839
80670: 0.999839
80671: 0.999839
80672: 0.999839
80673: 0.999839
80674: 0.999839
80675: 0.999839
80676: 0.999839
80677: 0.999839
80678: 0.999839
80679: 0.999839
80680: 0.999839
80681: 0.999839
80682: 0.999839
80683: 0.999839
80684: 0.999839
80685: 0.999839
80686: 0.999839
80687: 0.999839
80688: 0.999839
80689: 0.999839
80690: 0.999839
80691: 0.999839
80692: 0.999839
80693: 0.999839
80694: 0.999839
80695: 0.999839
80696: 0.999839
80697: 0.999839
80698: 0.999839
80699: 0.999839
80700: 0.999839
80701: 0.999839
80702: 0.999839
80703: 0.999839
80704: 0.999839
80705: 0.999839
80706: 0.999839
80707: 0.999839
80708: 0.999839
80709: 0.999839
80710: 0.999839
80711: 0.999839
80712: 0.999839
80713: 0.999839
80714: 0.999839
80715: 0.999839
80716: 0.999839
80717: 0.999839
80718: 0.999839
80719: 0.999839
80720: 0.999839
80721: 0.999839
80722: 0.999839
80723: 0.999839
80724: 0.999839
80725: 0.999839
80726: 0.999839
80727: 0.999839
80728: 0.999839
80729: 0.999839
80730: 0.999839
80731: 0.999839
80732: 0.999839
80733: 0.999839
80734: 0.999839
80735: 0.999839
80736: 0.999839
80737: 0.999839
80738: 0.999839
80739: 0.999839
80740: 0.999839
80741: 0.999839
80742: 0.999839
80743: 0.999839
80744: 0.999839
80745: 0.999839
80746: 0.999839
80747: 0.999839
80748: 0.999839
80749: 0.999839
80750: 0.999839
80751: 0.999839
80752: 0.999839
80753: 0.999839
80754: 0.999839
80755: 0.999839
80756: 0.999839
80757: 0.999839
80758: 0.999839
80759: 0.999839
80760: 0.999839
80761: 0.999839
80762: 0.999839
80763: 0.999839
80764: 0.999839
80765: 0.999839
80766: 0.999839
80767: 0.999839
80768: 0.999839
80769: 0.999839
80770: 0.999839
80771: 0.999839
80772: 0.999839
80773: 0.999839
80774: 0.999839
80775: 0.999839
80776: 0.999839
80777: 0.999839
80778: 0.999839
80779: 0.999839
80780: 0.999839
80781: 0.999839
80782: 0.999839
80783: 0.999839
80784: 0.999839
80785: 0.999839
80786: 0.999839
80787: 0.999839
80788: 0.999839
80789: 0.999839
80790: 0.999839
80791: 0.999839
80792: 0.999839
80793: 0.999839
80794: 0.999839
80795: 0.999839
80796: 0.999839
80797: 0.999839
80798: 0.999839
80799: 0.999839
80800: 0.999839
80801: 0.999839
80802: 0.999839
80803: 0.999839
80804: 0.999839
80805: 0.999839
80806: 0.999839
80807: 0.999839
80808: 0.999839
80809: 0.999839
80810: 0.999839
80811: 0.999839
80812: 0.999839
80813: 0.999839
80814: 0.999839
80815: 0.999839
80816: 0.999839
80817: 0.999839
80818: 0.999839
80819: 0.999839
80820: 0.999839
80821: 0.999839
80822: 0.999839
80823: 0.999839
80824: 0.999839
80825: 0.999839
80826: 0.999839
80827: 0.999839
80828: 0.999839
80829: 0.999839
80830: 0.999839
80831: 0.999839
80832: 0.999839
80833: 0.999839
80834: 0.999839
80835: 0.999839
80836: 0.999839
80837: 0.999839
80838: 0.999839
80839: 0.999839
80840: 0.999839
80841: 0.999839
80842: 0.999839
80843: 0.999839
80844: 0.999839
80845: 0.999839
80846: 0.999839
80847: 0.999839
80848: 0.999839
80849: 0.999839
80850: 0.999839
80851: 0.999839
80852: 0.999839
80853: 0.999839
80854: 0.999839
80855: 0.999839
80856: 0.999839
80857: 0.999839
80858: 0.999839
80859: 0.999839
80860: 0.999839
80861: 0.999839
80862: 0.999839
80863: 0.999839
80864: 0.999839
80865: 0.999839
80866: 0.999839
80867: 0.999839
80868: 0.999839
80869: 0.999839
80870: 0.999839
80871: 0.999839
80872: 0.999839
80873: 0.999839
80874: 0.999839
80875: 0.999839
80876: 0.999839
80877: 0.999839
80878: 0.999839
80879: 0.999839
80880: 0.999839
80881: 0.999839
80882: 0.999839
80883: 0.999839
80884: 0.999839
80885: 0.999839
80886: 0.999839
80887: 0.999839
80888: 0.999839
80889: 0.999839
80890: 0.999839
80891: 0.999839
80892: 0.999839
80893: 0.999839
80894: 0.999839
80895: 0.999839
80896: 0.999839
80897: 0.999839
80898: 0.999839
80899: 0.999839
80900: 0.999839
80901: 0.999839
80902: 0.999839
80903: 0.999839
80904: 0.999839
80905: 0.999839
80906: 0.999839
80907: 0.999839
80908: 0.999839
80909: 0.999839
80910: 0.999839
80911: 0.999839
80912: 0.999839
80913: 0.999839
80914: 0.999839
80915: 0.999839
80916: 0.999839
80917: 0.999839
80918: 0.999839
80919: 0.999839
80920: 0.999839
80921: 0.999839
80922: 0.999839
80923: 0.999839
80924: 0.999839
80925: 0.999839
80926: 0.999839
80927: 0.999839
80928: 0.999839
80929: 0.999839
80930: 0.999839
80931: 0.999839
80932: 0.999839
80933: 0.999839
80934: 0.999839
80935: 0.999839
80936: 0.999839
80937: 0.999839
80938: 0.999839
80939: 0.999839
80940: 0.999839
80941: 0.999839
80942: 0.999839
80943: 0.999839
80944: 0.999839
80945: 0.999839
80946: 0.999839
80947: 0.999839
80948: 0.999839
80949: 0.999839
80950: 0.999839
80951: 0.999839
80952: 0.999839
80953: 0.999839
80954: 0.999839
80955: 0.999839
80956: 0.999839
80957: 0.999839
80958: 0.999839
80959: 0.999839
80960: 0.999839
80961: 0.999839
80962: 0.999839
80963: 0.999839
80964: 0.999839
80965: 0.999839
80966: 0.999839
80967: 0.999839
80968: 0.999839
80969: 0.999839
80970: 0.999839
80971: 0.999839
80972: 0.999839
80973: 0.999839
80974: 0.999839
80975: 0.999839
80976: 0.999839
80977: 0.999839
80978: 0.999839
80979: 0.999839
80980: 0.999839
80981: 0.999839
80982: 0.999839
80983: 0.999839
80984: 0.999839
80985: 0.999839
80986: 0.999839
80987: 0.999839
80988: 0.999839
80989: 0.999839
80990: 0.999839
80991: 0.999839
80992: 0.999839
80993: 0.999839
80994: 0.999839
80995: 0.999839
80996: 0.99984
80997: 0.99984
80998: 0.99984
80999: 0.99984
81000: 0.99984
81001: 0.99984
81002: 0.99984
81003: 0.99984
81004: 0.99984
81005: 0.99984
81006: 0.99984
81007: 0.99984
81008: 0.99984
81009: 0.99984
81010: 0.99984
81011: 0.99984
81012: 0.99984
81013: 0.99984
81014: 0.99984
81015: 0.99984
81016: 0.99984
81017: 0.99984
81018: 0.99984
81019: 0.99984
81020: 0.99984
81021: 0.99984
81022: 0.99984
81023: 0.99984
81024: 0.99984
81025: 0.99984
81026: 0.99984
81027: 0.99984
81028: 0.99984
81029: 0.99984
81030: 0.99984
81031: 0.99984
81032: 0.99984
81033: 0.99984
81034: 0.99984
81035: 0.99984
81036: 0.99984
81037: 0.99984
81038: 0.99984
81039: 0.99984
81040: 0.99984
81041: 0.99984
81042: 0.99984
81043: 0.99984
81044: 0.99984
81045: 0.99984
81046: 0.99984
81047: 0.99984
81048: 0.99984
81049: 0.99984
81050: 0.99984
81051: 0.99984
81052: 0.99984
81053: 0.99984
81054: 0.99984
81055: 0.99984
81056: 0.99984
81057: 0.99984
81058: 0.99984
81059: 0.99984
81060: 0.99984
81061: 0.99984
81062: 0.99984
81063: 0.99984
81064: 0.99984
81065: 0.99984
81066: 0.99984
81067: 0.99984
81068: 0.99984
81069: 0.99984
81070: 0.99984
81071: 0.99984
81072: 0.99984
81073: 0.99984
81074: 0.99984
81075: 0.99984
81076: 0.99984
81077: 0.99984
81078: 0.99984
81079: 0.99984
81080: 0.99984
81081: 0.99984
81082: 0.99984
81083: 0.99984
81084: 0.99984
81085: 0.99984
81086: 0.99984
81087: 0.99984
81088: 0.99984
81089: 0.99984
81090: 0.99984
81091: 0.99984
81092: 0.99984
81093: 0.99984
81094: 0.99984
81095: 0.99984
81096: 0.99984
81097: 0.99984
81098: 0.99984
81099: 0.99984
81100: 0.99984
81101: 0.99984
81102: 0.99984
81103: 0.99984
81104: 0.99984
81105: 0.99984
81106: 0.99984
81107: 0.99984
81108: 0.99984
81109: 0.99984
81110: 0.99984
81111: 0.99984
81112: 0.99984
81113: 0.99984
81114: 0.99984
81115: 0.99984
81116: 0.99984
81117: 0.99984
81118: 0.99984
81119: 0.99984
81120: 0.99984
81121: 0.99984
81122: 0.99984
81123: 0.99984
81124: 0.99984
81125: 0.99984
81126: 0.99984
81127: 0.99984
81128: 0.99984
81129: 0.99984
81130: 0.99984
81131: 0.99984
81132: 0.99984
81133: 0.99984
81134: 0.99984
81135: 0.99984
81136: 0.99984
81137: 0.99984
81138: 0.99984
81139: 0.99984
81140: 0.99984
81141: 0.99984
81142: 0.99984
81143: 0.99984
81144: 0.99984
81145: 0.99984
81146: 0.99984
81147: 0.99984
81148: 0.99984
81149: 0.99984
81150: 0.99984
81151: 0.99984
81152: 0.99984
81153: 0.99984
81154: 0.99984
81155: 0.99984
81156: 0.99984
81157: 0.99984
81158: 0.99984
81159: 0.99984
81160: 0.99984
81161: 0.99984
81162: 0.99984
81163: 0.99984
81164: 0.99984
81165: 0.99984
81166: 0.99984
81167: 0.99984
81168: 0.99984
81169: 0.99984
81170: 0.99984
81171: 0.99984
81172: 0.99984
81173: 0.99984
81174: 0.99984
81175: 0.99984
81176: 0.99984
81177: 0.99984
81178: 0.99984
81179: 0.99984
81180: 0.99984
81181: 0.99984
81182: 0.99984
81183: 0.99984
81184: 0.99984
81185: 0.99984
81186: 0.99984
81187: 0.99984
81188: 0.99984
81189: 0.99984
81190: 0.99984
81191: 0.99984
81192: 0.99984
81193: 0.99984
81194: 0.99984
81195: 0.99984
81196: 0.99984
81197: 0.99984
81198: 0.99984
81199: 0.99984
81200: 0.99984
81201: 0.99984
81202: 0.99984
81203: 0.99984
81204: 0.99984
81205: 0.99984
81206: 0.99984
81207: 0.99984
81208: 0.99984
81209: 0.99984
81210: 0.99984
81211: 0.99984
81212: 0.99984
81213: 0.99984
81214: 0.99984
81215: 0.99984
81216: 0.99984
81217: 0.99984
81218: 0.99984
81219: 0.99984
81220: 0.99984
81221: 0.99984
81222: 0.99984
81223: 0.99984
81224: 0.99984
81225: 0.99984
81226: 0.99984
81227: 0.99984
81228: 0.99984
81229: 0.99984
81230: 0.99984
81231: 0.99984
81232: 0.99984
81233: 0.99984
81234: 0.99984
81235: 0.99984
81236: 0.99984
81237: 0.99984
81238: 0.99984
81239: 0.99984
81240: 0.99984
81241: 0.99984
81242: 0.99984
81243: 0.99984
81244: 0.99984
81245: 0.99984
81246: 0.99984
81247: 0.99984
81248: 0.99984
81249: 0.99984
81250: 0.99984
81251: 0.99984
81252: 0.99984
81253: 0.99984
81254: 0.99984
81255: 0.99984
81256: 0.99984
81257: 0.99984
81258: 0.99984
81259: 0.99984
81260: 0.99984
81261: 0.99984
81262: 0.99984
81263: 0.99984
81264: 0.99984
81265: 0.99984
81266: 0.99984
81267: 0.99984
81268: 0.99984
81269: 0.99984
81270: 0.99984
81271: 0.99984
81272: 0.99984
81273: 0.99984
81274: 0.99984
81275: 0.99984
81276: 0.99984
81277: 0.99984
81278: 0.99984
81279: 0.99984
81280: 0.99984
81281: 0.99984
81282: 0.99984
81283: 0.99984
81284: 0.99984
81285: 0.99984
81286: 0.99984
81287: 0.99984
81288: 0.99984
81289: 0.99984
81290: 0.99984
81291: 0.99984
81292: 0.99984
81293: 0.99984
81294: 0.99984
81295: 0.99984
81296: 0.99984
81297: 0.99984
81298: 0.99984
81299: 0.99984
81300: 0.99984
81301: 0.99984
81302: 0.99984
81303: 0.99984
81304: 0.99984
81305: 0.99984
81306: 0.99984
81307: 0.99984
81308: 0.99984
81309: 0.99984
81310: 0.99984
81311: 0.99984
81312: 0.99984
81313: 0.99984
81314: 0.99984
81315: 0.99984
81316: 0.99984
81317: 0.99984
81318: 0.99984
81319: 0.99984
81320: 0.99984
81321: 0.99984
81322: 0.99984
81323: 0.99984
81324: 0.99984
81325: 0.99984
81326: 0.99984
81327: 0.99984
81328: 0.99984
81329: 0.99984
81330: 0.99984
81331: 0.99984
81332: 0.99984
81333: 0.99984
81334: 0.99984
81335: 0.99984
81336: 0.99984
81337: 0.99984
81338: 0.99984
81339: 0.99984
81340: 0.99984
81341: 0.99984
81342: 0.99984
81343: 0.99984
81344: 0.99984
81345: 0.99984
81346: 0.99984
81347: 0.99984
81348: 0.99984
81349: 0.99984
81350: 0.99984
81351: 0.99984
81352: 0.99984
81353: 0.99984
81354: 0.99984
81355: 0.99984
81356: 0.99984
81357: 0.99984
81358: 0.99984
81359: 0.99984
81360: 0.99984
81361: 0.99984
81362: 0.99984
81363: 0.99984
81364: 0.99984
81365: 0.99984
81366: 0.99984
81367: 0.99984
81368: 0.99984
81369: 0.99984
81370: 0.99984
81371: 0.99984
81372: 0.99984
81373: 0.99984
81374: 0.99984
81375: 0.99984
81376: 0.99984
81377: 0.99984
81378: 0.99984
81379: 0.99984
81380: 0.99984
81381: 0.99984
81382: 0.99984
81383: 0.99984
81384: 0.99984
81385: 0.99984
81386: 0.99984
81387: 0.99984
81388: 0.99984
81389: 0.99984
81390: 0.99984
81391: 0.99984
81392: 0.99984
81393: 0.99984
81394: 0.99984
81395: 0.99984
81396: 0.99984
81397: 0.99984
81398: 0.99984
81399: 0.99984
81400: 0.99984
81401: 0.99984
81402: 0.99984
81403: 0.99984
81404: 0.99984
81405: 0.99984
81406: 0.99984
81407: 0.99984
81408: 0.99984
81409: 0.99984
81410: 0.99984
81411: 0.99984
81412: 0.99984
81413: 0.99984
81414: 0.99984
81415: 0.99984
81416: 0.99984
81417: 0.99984
81418: 0.99984
81419: 0.99984
81420: 0.99984
81421: 0.99984
81422: 0.99984
81423: 0.99984
81424: 0.99984
81425: 0.99984
81426: 0.99984
81427: 0.99984
81428: 0.99984
81429: 0.99984
81430: 0.99984
81431: 0.99984
81432: 0.99984
81433: 0.99984
81434: 0.99984
81435: 0.99984
81436: 0.99984
81437: 0.99984
81438: 0.99984
81439: 0.99984
81440: 0.99984
81441: 0.99984
81442: 0.99984
81443: 0.99984
81444: 0.99984
81445: 0.99984
81446: 0.99984
81447: 0.99984
81448: 0.99984
81449: 0.99984
81450: 0.99984
81451: 0.99984
81452: 0.99984
81453: 0.99984
81454: 0.99984
81455: 0.99984
81456: 0.99984
81457: 0.99984
81458: 0.99984
81459: 0.99984
81460: 0.99984
81461: 0.99984
81462: 0.99984
81463: 0.99984
81464: 0.99984
81465: 0.99984
81466: 0.99984
81467: 0.99984
81468: 0.99984
81469: 0.99984
81470: 0.99984
81471: 0.99984
81472: 0.99984
81473: 0.99984
81474: 0.99984
81475: 0.99984
81476: 0.99984
81477: 0.99984
81478: 0.99984
81479: 0.99984
81480: 0.99984
81481: 0.99984
81482: 0.99984
81483: 0.99984
81484: 0.99984
81485: 0.99984
81486: 0.99984
81487: 0.99984
81488: 0.99984
81489: 0.99984
81490: 0.99984
81491: 0.99984
81492: 0.99984
81493: 0.99984
81494: 0.99984
81495: 0.99984
81496: 0.99984
81497: 0.99984
81498: 0.99984
81499: 0.99984
81500: 0.99984
81501: 0.99984
81502: 0.99984
81503: 0.99984
81504: 0.999841
81505: 0.999841
81506: 0.999841
81507: 0.999841
81508: 0.999841
81509: 0.999841
81510: 0.999841
81511: 0.999841
81512: 0.999841
81513: 0.999841
81514: 0.999841
81515: 0.999841
81516: 0.999841
81517: 0.999841
81518: 0.999841
81519: 0.999841
81520: 0.999841
81521: 0.999841
81522: 0.999841
81523: 0.999841
81524: 0.999841
81525: 0.999841
81526: 0.999841
81527: 0.999841
81528: 0.999841
81529: 0.999841
81530: 0.999841
81531: 0.999841
81532: 0.999841
81533: 0.999841
81534: 0.999841
81535: 0.999841
81536: 0.999841
81537: 0.999841
81538: 0.999841
81539: 0.999841
81540: 0.999841
81541: 0.999841
81542: 0.999841
81543: 0.999841
81544: 0.999841
81545: 0.999841
81546: 0.999841
81547: 0.999841
81548: 0.999841
81549: 0.999841
81550: 0.999841
81551: 0.999841
81552: 0.999841
81553: 0.999841
81554: 0.999841
81555: 0.999841
81556: 0.999841
81557: 0.999841
81558: 0.999841
81559: 0.999841
81560: 0.999841
81561: 0.999841
81562: 0.999841
81563: 0.999841
81564: 0.999841
81565: 0.999841
81566: 0.999841
81567: 0.999841
81568: 0.999841
81569: 0.999841
81570: 0.999841
81571: 0.999841
81572: 0.999841
81573: 0.999841
81574: 0.999841
81575: 0.999841
81576: 0.999841
81577: 0.999841
81578: 0.999841
81579: 0.999841
81580: 0.999841
81581: 0.999841
81582: 0.999841
81583: 0.999841
81584: 0.999841
81585: 0.999841
81586: 0.999841
81587: 0.999841
81588: 0.999841
81589: 0.999841
81590: 0.999841
81591: 0.999841
81592: 0.999841
81593: 0.999841
81594: 0.999841
81595: 0.999841
81596: 0.999841
81597: 0.999841
81598: 0.999841
81599: 0.999841
81600: 0.999841
81601: 0.999841
81602: 0.999841
81603: 0.999841
81604: 0.999841
81605: 0.999841
81606: 0.999841
81607: 0.999841
81608: 0.999841
81609: 0.999841
81610: 0.999841
81611: 0.999841
81612: 0.999841
81613: 0.999841
81614: 0.999841
81615: 0.999841
81616: 0.999841
81617: 0.999841
81618: 0.999841
81619: 0.999841
81620: 0.999841
81621: 0.999841
81622: 0.999841
81623: 0.999841
81624: 0.999841
81625: 0.999841
81626: 0.999841
81627: 0.999841
81628: 0.999841
81629: 0.999841
81630: 0.999841
81631: 0.999841
81632: 0.999841
81633: 0.999841
81634: 0.999841
81635: 0.999841
81636: 0.999841
81637: 0.999841
81638: 0.999841
81639: 0.999841
81640: 0.999841
81641: 0.999841
81642: 0.999841
81643: 0.999841
81644: 0.999841
81645: 0.999841
81646: 0.999841
81647: 0.999841
81648: 0.999841
81649: 0.999841
81650: 0.999841
81651: 0.999841
81652: 0.999841
81653: 0.999841
81654: 0.999841
81655: 0.999841
81656: 0.999841
81657: 0.999841
81658: 0.999841
81659: 0.999841
81660: 0.999841
81661: 0.999841
81662: 0.999841
81663: 0.999841
81664: 0.999841
81665: 0.999841
81666: 0.999841
81667: 0.999841
81668: 0.999841
81669: 0.999841
81670: 0.999841
81671: 0.999841
81672: 0.999841
81673: 0.999841
81674: 0.999841
81675: 0.999841
81676: 0.999841
81677: 0.999841
81678: 0.999841
81679: 0.999841
81680: 0.999841
81681: 0.999841
81682: 0.999841
81683: 0.999841
81684: 0.999841
81685: 0.999841
81686: 0.999841
81687: 0.999841
81688: 0.999841
81689: 0.999841
81690: 0.999841
81691: 0.999841
81692: 0.999841
81693: 0.999841
81694: 0.999841
81695: 0.999841
81696: 0.999841
81697: 0.999841
81698: 0.999841
81699: 0.999841
81700: 0.999841
81701: 0.999841
81702: 0.999841
81703: 0.999841
81704: 0.999841
81705: 0.999841
81706: 0.999841
81707: 0.999841
81708: 0.999841
81709: 0.999841
81710: 0.999841
81711: 0.999841
81712: 0.999841
81713: 0.999841
81714: 0.999841
81715: 0.999841
81716: 0.999841
81717: 0.999841
81718: 0.999841
81719: 0.999841
81720: 0.999841
81721: 0.999841
81722: 0.999841
81723: 0.999841
81724: 0.999841
81725: 0.999841
81726: 0.999841
81727: 0.999841
81728: 0.999841
81729: 0.999841
81730: 0.999841
81731: 0.999841
81732: 0.999841
81733: 0.999841
81734: 0.999841
81735: 0.999841
81736: 0.999841
81737: 0.999841
81738: 0.999841
81739: 0.999841
81740: 0.999841
81741: 0.999841
81742: 0.999841
81743: 0.999841
81744: 0.999841
81745: 0.999841
81746: 0.999841
81747: 0.999841
81748: 0.999841
81749: 0.999841
81750: 0.999841
81751: 0.999841
81752: 0.999841
81753: 0.999841
81754: 0.999841
81755: 0.999841
81756: 0.999841
81757: 0.999841
81758: 0.999841
81759: 0.999841
81760: 0.999841
81761: 0.999841
81762: 0.999841
81763: 0.999841
81764: 0.999841
81765: 0.999841
81766: 0.999841
81767: 0.999841
81768: 0.999841
81769: 0.999841
81770: 0.999841
81771: 0.999841
81772: 0.999841
81773: 0.999841
81774: 0.999841
81775: 0.999841
81776: 0.999841
81777: 0.999841
81778: 0.999841
81779: 0.999841
81780: 0.999841
81781: 0.999841
81782: 0.999841
81783: 0.999841
81784: 0.999841
81785: 0.999841
81786: 0.999841
81787: 0.999841
81788: 0.999841
81789: 0.999841
81790: 0.999841
81791: 0.999841
81792: 0.999841
81793: 0.999841
81794: 0.999841
81795: 0.999841
81796: 0.999841
81797: 0.999841
81798: 0.999841
81799: 0.999841
81800: 0.999841
81801: 0.999841
81802: 0.999841
81803: 0.999841
81804: 0.999841
81805: 0.999841
81806: 0.999841
81807: 0.999841
81808: 0.999841
81809: 0.999841
81810: 0.999841
81811: 0.999841
81812: 0.999841
81813: 0.999841
81814: 0.999841
81815: 0.999841
81816: 0.999841
81817: 0.999841
81818: 0.999841
81819: 0.999841
81820: 0.999841
81821: 0.999841
81822: 0.999841
81823: 0.999841
81824: 0.999841
81825: 0.999841
81826: 0.999841
81827: 0.999841
81828: 0.999841
81829: 0.999841
81830: 0.999841
81831: 0.999841
81832: 0.999841
81833: 0.999841
81834: 0.999841
81835: 0.999841
81836: 0.999841
81837: 0.999841
81838: 0.999841
81839: 0.999841
81840: 0.999841
81841: 0.999841
81842: 0.999841
81843: 0.999841
81844: 0.999841
81845: 0.999841
81846: 0.999841
81847: 0.999841
81848: 0.999841
81849: 0.999841
81850: 0.999841
81851: 0.999841
81852: 0.999841
81853: 0.999841
81854: 0.999841
81855: 0.999841
81856: 0.999841
81857: 0.999841
81858: 0.999841
81859: 0.999841
81860: 0.999841
81861: 0.999841
81862: 0.999841
81863: 0.999841
81864: 0.999841
81865: 0.999841
81866: 0.999841
81867: 0.999841
81868: 0.999841
81869: 0.999841
81870: 0.999841
81871: 0.999841
81872: 0.999841
81873: 0.999841
81874: 0.999841
81875: 0.999841
81876: 0.999841
81877: 0.999841
81878: 0.999841
81879: 0.999841
81880: 0.999841
81881: 0.999841
81882: 0.999841
81883: 0.999841
81884: 0.999841
81885: 0.999841
81886: 0.999841
81887: 0.999841
81888: 0.999841
81889: 0.999841
81890: 0.999841
81891: 0.999841
81892: 0.999841
81893: 0.999841
81894: 0.999841
81895: 0.999841
81896: 0.999841
81897: 0.999841
81898: 0.999841
81899: 0.999841
81900: 0.999841
81901: 0.999841
81902: 0.999841
81903: 0.999841
81904: 0.999841
81905: 0.999841
81906: 0.999841
81907: 0.999841
81908: 0.999841
81909: 0.999841
81910: 0.999841
81911: 0.999841
81912: 0.999841
81913: 0.999841
81914: 0.999841
81915: 0.999841
81916: 0.999841
81917: 0.999841
81918: 0.999841
81919: 0.999841
81920: 0.999841
81921: 0.999841
81922: 0.999841
81923: 0.999841
81924: 0.999841
81925: 0.999841
81926: 0.999841
81927: 0.999841
81928: 0.999841
81929: 0.999841
81930: 0.999841
81931: 0.999841
81932: 0.999841
81933: 0.999841
81934: 0.999841
81935: 0.999841
81936: 0.999841
81937: 0.999841
81938: 0.999841
81939: 0.999841
81940: 0.999841
81941: 0.999841
81942: 0.999841
81943: 0.999841
81944: 0.999841
81945: 0.999841
81946: 0.999841
81947: 0.999841
81948: 0.999841
81949: 0.999841
81950: 0.999841
81951: 0.999841
81952: 0.999841
81953: 0.999841
81954: 0.999841
81955: 0.999841
81956: 0.999841
81957: 0.999841
81958: 0.999841
81959: 0.999841
81960: 0.999841
81961: 0.999841
81962: 0.999841
81963: 0.999841
81964: 0.999841
81965: 0.999841
81966: 0.999841
81967: 0.999841
81968: 0.999841
81969: 0.999841
81970: 0.999841
81971: 0.999841
81972: 0.999841
81973: 0.999841
81974: 0.999841
81975: 0.999841
81976: 0.999841
81977: 0.999841
81978: 0.999841
81979: 0.999841
81980: 0.999841
81981: 0.999841
81982: 0.999841
81983: 0.999841
81984: 0.999841
81985: 0.999841
81986: 0.999841
81987: 0.999841
81988: 0.999841
81989: 0.999841
81990: 0.999841
81991: 0.999841
81992: 0.999841
81993: 0.999841
81994: 0.999841
81995: 0.999841
81996: 0.999841
81997: 0.999841
81998: 0.999841
81999: 0.999841
82000: 0.999841
82001: 0.999841
82002: 0.999841
82003: 0.999841
82004: 0.999841
82005: 0.999841
82006: 0.999841
82007: 0.999841
82008: 0.999841
82009: 0.999841
82010: 0.999841
82011: 0.999841
82012: 0.999841
82013: 0.999841
82014: 0.999841
82015: 0.999841
82016: 0.999841
82017: 0.999841
82018: 0.999842
82019: 0.999842
82020: 0.999842
82021: 0.999842
82022: 0.999842
82023: 0.999842
82024: 0.999842
82025: 0.999842
82026: 0.999842
82027: 0.999842
82028: 0.999842
82029: 0.999842
82030: 0.999842
82031: 0.999842
82032: 0.999842
82033: 0.999842
82034: 0.999842
82035: 0.999842
82036: 0.999842
82037: 0.999842
82038: 0.999842
82039: 0.999842
82040: 0.999842
82041: 0.999842
82042: 0.999842
82043: 0.999842
82044: 0.999842
82045: 0.999842
82046: 0.999842
82047: 0.999842
82048: 0.999842
82049: 0.999842
82050: 0.999842
82051: 0.999842
82052: 0.999842
82053: 0.999842
82054: 0.999842
82055: 0.999842
82056: 0.999842
82057: 0.999842
82058: 0.999842
82059: 0.999842
82060: 0.999842
82061: 0.999842
82062: 0.999842
82063: 0.999842
82064: 0.999842
82065: 0.999842
82066: 0.999842
82067: 0.999842
82068: 0.999842
82069: 0.999842
82070: 0.999842
82071: 0.999842
82072: 0.999842
82073: 0.999842
82074: 0.999842
82075: 0.999842
82076: 0.999842
82077: 0.999842
82078: 0.999842
82079: 0.999842
82080: 0.999842
82081: 0.999842
82082: 0.999842
82083: 0.999842
82084: 0.999842
82085: 0.999842
82086: 0.999842
82087: 0.999842
82088: 0.999842
82089: 0.999842
82090: 0.999842
82091: 0.999842
82092: 0.999842
82093: 0.999842
82094: 0.999842
82095: 0.999842
82096: 0.999842
82097: 0.999842
82098: 0.999842
82099: 0.999842
82100: 0.999842
82101: 0.999842
82102: 0.999842
82103: 0.999842
82104: 0.999842
82105: 0.999842
82106: 0.999842
82107: 0.999842
82108: 0.999842
82109: 0.999842
82110: 0.999842
82111: 0.999842
82112: 0.999842
82113: 0.999842
82114: 0.999842
82115: 0.999842
82116: 0.999842
82117: 0.999842
82118: 0.999842
82119: 0.999842
82120: 0.999842
82121: 0.999842
82122: 0.999842
82123: 0.999842
82124: 0.999842
82125: 0.999842
82126: 0.999842
82127: 0.999842
82128: 0.999842
82129: 0.999842
82130: 0.999842
82131: 0.999842
82132: 0.999842
82133: 0.999842
82134: 0.999842
82135: 0.999842
82136: 0.999842
82137: 0.999842
82138: 0.999842
82139: 0.999842
82140: 0.999842
82141: 0.999842
82142: 0.999842
82143: 0.999842
82144: 0.999842
82145: 0.999842
82146: 0.999842
82147: 0.999842
82148: 0.999842
82149: 0.999842
82150: 0.999842
82151: 0.999842
82152: 0.999842
82153: 0.999842
82154: 0.999842
82155: 0.999842
82156: 0.999842
82157: 0.999842
82158: 0.999842
82159: 0.999842
82160: 0.999842
82161: 0.999842
82162: 0.999842
82163: 0.999842
82164: 0.999842
82165: 0.999842
82166: 0.999842
82167: 0.999842
82168: 0.999842
82169: 0.999842
82170: 0.999842
82171: 0.999842
82172: 0.999842
82173: 0.999842
82174: 0.999842
82175: 0.999842
82176: 0.999842
82177: 0.999842
82178: 0.999842
82179: 0.999842
82180: 0.999842
82181: 0.999842
82182: 0.999842
82183: 0.999842
82184: 0.999842
82185: 0.999842
82186: 0.999842
82187: 0.999842
82188: 0.999842
82189: 0.999842
82190: 0.999842
82191: 0.999842
82192: 0.999842
82193: 0.999842
82194: 0.999842
82195: 0.999842
82196: 0.999842
82197: 0.999842
82198: 0.999842
82199: 0.999842
82200: 0.999842
82201: 0.999842
82202: 0.999842
82203: 0.999842
82204: 0.999842
82205: 0.999842
82206: 0.999842
82207: 0.999842
82208: 0.999842
82209: 0.999842
82210: 0.999842
82211: 0.999842
82212: 0.999842
82213: 0.999842
82214: 0.999842
82215: 0.999842
82216: 0.999842
82217: 0.999842
82218: 0.999842
82219: 0.999842
82220: 0.999842
82221: 0.999842
82222: 0.999842
82223: 0.999842
82224: 0.999842
82225: 0.999842
82226: 0.999842
82227: 0.999842
82228: 0.999842
82229: 0.999842
82230: 0.999842
82231: 0.999842
82232: 0.999842
82233: 0.999842
82234: 0.999842
82235: 0.999842
82236: 0.999842
82237: 0.999842
82238: 0.999842
82239: 0.999842
82240: 0.999842
82241: 0.999842
82242: 0.999842
82243: 0.999842
82244: 0.999842
82245: 0.999842
82246: 0.999842
82247: 0.999842
82248: 0.999842
82249: 0.999842
82250: 0.999842
82251: 0.999842
82252: 0.999842
82253: 0.999842
82254: 0.999842
82255: 0.999842
82256: 0.999842
82257: 0.999842
82258: 0.999842
82259: 0.999842
82260: 0.999842
82261: 0.999842
82262: 0.999842
82263: 0.999842
82264: 0.999842
82265: 0.999842
82266: 0.999842
82267: 0.999842
82268: 0.999842
82269: 0.999842
82270: 0.999842
82271: 0.999842
82272: 0.999842
82273: 0.999842
82274: 0.999842
82275: 0.999842
82276: 0.999842
82277: 0.999842
82278: 0.999842
82279: 0.999842
82280: 0.999842
82281: 0.999842
82282: 0.999842
82283: 0.999842
82284: 0.999842
82285: 0.999842
82286: 0.999842
82287: 0.999842
82288: 0.999842
82289: 0.999842
82290: 0.999842
82291: 0.999842
82292: 0.999842
82293: 0.999842
82294: 0.999842
82295: 0.999842
82296: 0.999842
82297: 0.999842
82298: 0.999842
82299: 0.999842
82300: 0.999842
82301: 0.999842
82302: 0.999842
82303: 0.999842
82304: 0.999842
82305: 0.999842
82306: 0.999842
82307: 0.999842
82308: 0.999842
82309: 0.999842
82310: 0.999842
82311: 0.999842
82312: 0.999842
82313: 0.999842
82314: 0.999842
82315: 0.999842
82316: 0.999842
82317: 0.999842
82318: 0.999842
82319: 0.999842
82320: 0.999842
82321: 0.999842
82322: 0.999842
82323: 0.999842
82324: 0.999842
82325: 0.999842
82326: 0.999842
82327: 0.999842
82328: 0.999842
82329: 0.999842
82330: 0.999842
82331: 0.999842
82332: 0.999842
82333: 0.999842
82334: 0.999842
82335: 0.999842
82336: 0.999842
82337: 0.999842
82338: 0.999842
82339: 0.999842
82340: 0.999842
82341: 0.999842
82342: 0.999842
82343: 0.999842
82344: 0.999842
82345: 0.999842
82346: 0.999842
82347: 0.999842
82348: 0.999842
82349: 0.999842
82350: 0.999842
82351: 0.999842
82352: 0.999842
82353: 0.999842
82354: 0.999842
82355: 0.999842
82356: 0.999842
82357: 0.999842
82358: 0.999842
82359: 0.999842
82360: 0.999842
82361: 0.999842
82362: 0.999842
82363: 0.999842
82364: 0.999842
82365: 0.999842
82366: 0.999842
82367: 0.999842
82368: 0.999842
82369: 0.999842
82370: 0.999842
82371: 0.999842
82372: 0.999842
82373: 0.999842
82374: 0.999842
82375: 0.999842
82376: 0.999842
82377: 0.999842
82378: 0.999842
82379: 0.999842
82380: 0.999842
82381: 0.999842
82382: 0.999842
82383: 0.999842
82384: 0.999842
82385: 0.999842
82386: 0.999842
82387: 0.999842
82388: 0.999842
82389: 0.999842
82390: 0.999842
82391: 0.999842
82392: 0.999842
82393: 0.999842
82394: 0.999842
82395: 0.999842
82396: 0.999842
82397: 0.999842
82398: 0.999842
82399: 0.999842
82400: 0.999842
82401: 0.999842
82402: 0.999842
82403: 0.999842
82404: 0.999842
82405: 0.999842
82406: 0.999842
82407: 0.999842
82408: 0.999842
82409: 0.999842
82410: 0.999842
82411: 0.999842
82412: 0.999842
82413: 0.999842
82414: 0.999842
82415: 0.999842
82416: 0.999842
82417: 0.999842
82418: 0.999842
82419: 0.999842
82420: 0.999842
82421: 0.999842
82422: 0.999842
82423: 0.999842
82424: 0.999842
82425: 0.999842
82426: 0.999842
82427: 0.999842
82428: 0.999842
82429: 0.999842
82430: 0.999842
82431: 0.999842
82432: 0.999842
82433: 0.999842
82434: 0.999842
82435: 0.999842
82436: 0.999842
82437: 0.999842
82438: 0.999842
82439: 0.999842
82440: 0.999842
82441: 0.999842
82442: 0.999842
82443: 0.999842
82444: 0.999842
82445: 0.999842
82446: 0.999842
82447: 0.999842
82448: 0.999842
82449: 0.999842
82450: 0.999842
82451: 0.999842
82452: 0.999842
82453: 0.999842
82454: 0.999842
82455: 0.999842
82456: 0.999842
82457: 0.999842
82458: 0.999842
82459: 0.999842
82460: 0.999842
82461: 0.999842
82462: 0.999842
82463: 0.999842
82464: 0.999842
82465: 0.999842
82466: 0.999842
82467: 0.999842
82468: 0.999842
82469: 0.999842
82470: 0.999842
82471: 0.999842
82472: 0.999842
82473: 0.999842
82474: 0.999842
82475: 0.999842
82476: 0.999842
82477: 0.999842
82478: 0.999842
82479: 0.999842
82480: 0.999842
82481: 0.999842
82482: 0.999842
82483: 0.999842
82484: 0.999842
82485: 0.999842
82486: 0.999842
82487: 0.999842
82488: 0.999842
82489: 0.999842
82490: 0.999842
82491: 0.999842
82492: 0.999842
82493: 0.999842
82494: 0.999842
82495: 0.999842
82496: 0.999842
82497: 0.999842
82498: 0.999842
82499: 0.999842
82500: 0.999842
82501: 0.999842
82502: 0.999842
82503: 0.999842
82504: 0.999842
82505: 0.999842
82506: 0.999842
82507: 0.999842
82508: 0.999842
82509: 0.999842
82510: 0.999842
82511: 0.999842
82512: 0.999842
82513: 0.999842
82514: 0.999842
82515: 0.999842
82516: 0.999842
82517: 0.999842
82518: 0.999842
82519: 0.999842
82520: 0.999842
82521: 0.999842
82522: 0.999842
82523: 0.999842
82524: 0.999842
82525: 0.999842
82526: 0.999842
82527: 0.999842
82528: 0.999842
82529: 0.999842
82530: 0.999842
82531: 0.999842
82532: 0.999842
82533: 0.999842
82534: 0.999842
82535: 0.999842
82536: 0.999842
82537: 0.999842
82538: 0.999842
82539: 0.999843
82540: 0.999843
82541: 0.999843
82542: 0.999843
82543: 0.999843
82544: 0.999843
82545: 0.999843
82546: 0.999843
82547: 0.999843
82548: 0.999843
82549: 0.999843
82550: 0.999843
82551: 0.999843
82552: 0.999843
82553: 0.999843
82554: 0.999843
82555: 0.999843
82556: 0.999843
82557: 0.999843
82558: 0.999843
82559: 0.999843
82560: 0.999843
82561: 0.999843
82562: 0.999843
82563: 0.999843
82564: 0.999843
82565: 0.999843
82566: 0.999843
82567: 0.999843
82568: 0.999843
82569: 0.999843
82570: 0.999843
82571: 0.999843
82572: 0.999843
82573: 0.999843
82574: 0.999843
82575: 0.999843
82576: 0.999843
82577: 0.999843
82578: 0.999843
82579: 0.999843
82580: 0.999843
82581: 0.999843
82582: 0.999843
82583: 0.999843
82584: 0.999843
82585: 0.999843
82586: 0.999843
82587: 0.999843
82588: 0.999843
82589: 0.999843
82590: 0.999843
82591: 0.999843
82592: 0.999843
82593: 0.999843
82594: 0.999843
82595: 0.999843
82596: 0.999843
82597: 0.999843
82598: 0.999843
82599: 0.999843
82600: 0.999843
82601: 0.999843
82602: 0.999843
82603: 0.999843
82604: 0.999843
82605: 0.999843
82606: 0.999843
82607: 0.999843
82608: 0.999843
82609: 0.999843
82610: 0.999843
82611: 0.999843
82612: 0.999843
82613: 0.999843
82614: 0.999843
82615: 0.999843
82616: 0.999843
82617: 0.999843
82618: 0.999843
82619: 0.999843
82620: 0.999843
82621: 0.999843
82622: 0.999843
82623: 0.999843
82624: 0.999843
82625: 0.999843
82626: 0.999843
82627: 0.999843
82628: 0.999843
82629: 0.999843
82630: 0.999843
82631: 0.999843
82632: 0.999843
82633: 0.999843
82634: 0.999843
82635: 0.999843
82636: 0.999843
82637: 0.999843
82638: 0.999843
82639: 0.999843
82640: 0.999843
82641: 0.999843
82642: 0.999843
82643: 0.999843
82644: 0.999843
82645: 0.999843
82646: 0.999843
82647: 0.999843
82648: 0.999843
82649: 0.999843
82650: 0.999843
82651: 0.999843
82652: 0.999843
82653: 0.999843
82654: 0.999843
82655: 0.999843
82656: 0.999843
82657: 0.999843
82658: 0.999843
82659: 0.999843
82660: 0.999843
82661: 0.999843
82662: 0.999843
82663: 0.999843
82664: 0.999843
82665: 0.999843
82666: 0.999843
82667: 0.999843
82668: 0.999843
82669: 0.999843
82670: 0.999843
82671: 0.999843
82672: 0.999843
82673: 0.999843
82674: 0.999843
82675: 0.999843
82676: 0.999843
82677: 0.999843
82678: 0.999843
82679: 0.999843
82680: 0.999843
82681: 0.999843
82682: 0.999843
82683: 0.999843
82684: 0.999843
82685: 0.999843
82686: 0.999843
82687: 0.999843
82688: 0.999843
82689: 0.999843
82690: 0.999843
82691: 0.999843
82692: 0.999843
82693: 0.999843
82694: 0.999843
82695: 0.999843
82696: 0.999843
82697: 0.999843
82698: 0.999843
82699: 0.999843
82700: 0.999843
82701: 0.999843
82702: 0.999843
82703: 0.999843
82704: 0.999843
82705: 0.999843
82706: 0.999843
82707: 0.999843
82708: 0.999843
82709: 0.999843
82710: 0.999843
82711: 0.999843
82712: 0.999843
82713: 0.999843
82714: 0.999843
82715: 0.999843
82716: 0.999843
82717: 0.999843
82718: 0.999843
82719: 0.999843
82720: 0.999843
82721: 0.999843
82722: 0.999843
82723: 0.999843
82724: 0.999843
82725: 0.999843
82726: 0.999843
82727: 0.999843
82728: 0.999843
82729: 0.999843
82730: 0.999843
82731: 0.999843
82732: 0.999843
82733: 0.999843
82734: 0.999843
82735: 0.999843
82736: 0.999843
82737: 0.999843
82738: 0.999843
82739: 0.999843
82740: 0.999843
82741: 0.999843
82742: 0.999843
82743: 0.999843
82744: 0.999843
82745: 0.999843
82746: 0.999843
82747: 0.999843
82748: 0.999843
82749: 0.999843
82750: 0.999843
82751: 0.999843
82752: 0.999843
82753: 0.999843
82754: 0.999843
82755: 0.999843
82756: 0.999843
82757: 0.999843
82758: 0.999843
82759: 0.999843
82760: 0.999843
82761: 0.999843
82762: 0.999843
82763: 0.999843
82764: 0.999843
82765: 0.999843
82766: 0.999843
82767: 0.999843
82768: 0.999843
82769: 0.999843
82770: 0.999843
82771: 0.999843
82772: 0.999843
82773: 0.999843
82774: 0.999843
82775: 0.999843
82776: 0.999843
82777: 0.999843
82778: 0.999843
82779: 0.999843
82780: 0.999843
82781: 0.999843
82782: 0.999843
82783: 0.999843
82784: 0.999843
82785: 0.999843
82786: 0.999843
82787: 0.999843
82788: 0.999843
82789: 0.999843
82790: 0.999843
82791: 0.999843
82792: 0.999843
82793: 0.999843
82794: 0.999843
82795: 0.999843
82796: 0.999843
82797: 0.999843
82798: 0.999843
82799: 0.999843
82800: 0.999843
82801: 0.999843
82802: 0.999843
82803: 0.999843
82804: 0.999843
82805: 0.999843
82806: 0.999843
82807: 0.999843
82808: 0.999843
82809: 0.999843
82810: 0.999843
82811: 0.999843
82812: 0.999843
82813: 0.999843
82814: 0.999843
82815: 0.999843
82816: 0.999843
82817: 0.999843
82818: 0.999843
82819: 0.999843
82820: 0.999843
82821: 0.999843
82822: 0.999843
82823: 0.999843
82824: 0.999843
82825: 0.999843
82826: 0.999843
82827: 0.999843
82828: 0.999843
82829: 0.999843
82830: 0.999843
82831: 0.999843
82832: 0.999843
82833: 0.999843
82834: 0.999843
82835: 0.999843
82836: 0.999843
82837: 0.999843
82838: 0.999843
82839: 0.999843
82840: 0.999843
82841: 0.999843
82842: 0.999843
82843: 0.999843
82844: 0.999843
82845: 0.999843
82846: 0.999843
82847: 0.999843
82848: 0.999843
82849: 0.999843
82850: 0.999843
82851: 0.999843
82852: 0.999843
82853: 0.999843
82854: 0.999843
82855: 0.999843
82856: 0.999843
82857: 0.999843
82858: 0.999843
82859: 0.999843
82860: 0.999843
82861: 0.999843
82862: 0.999843
82863: 0.999843
82864: 0.999843
82865: 0.999843
82866: 0.999843
82867: 0.999843
82868: 0.999843
82869: 0.999843
82870: 0.999843
82871: 0.999843
82872: 0.999843
82873: 0.999843
82874: 0.999843
82875: 0.999843
82876: 0.999843
82877: 0.999843
82878: 0.999843
82879: 0.999843
82880: 0.999843
82881: 0.999843
82882: 0.999843
82883: 0.999843
82884: 0.999843
82885: 0.999843
82886: 0.999843
82887: 0.999843
82888: 0.999843
82889: 0.999843
82890: 0.999843
82891: 0.999843
82892: 0.999843
82893: 0.999843
82894: 0.999843
82895: 0.999843
82896: 0.999843
82897: 0.999843
82898: 0.999843
82899: 0.999843
82900: 0.999843
82901: 0.999843
82902: 0.999843
82903: 0.999843
82904: 0.999843
82905: 0.999843
82906: 0.999843
82907: 0.999843
82908: 0.999843
82909: 0.999843
82910: 0.999843
82911: 0.999843
82912: 0.999843
82913: 0.999843
82914: 0.999843
82915: 0.999843
82916: 0.999843
82917: 0.999843
82918: 0.999843
82919: 0.999843
82920: 0.999843
82921: 0.999843
82922: 0.999843
82923: 0.999843
82924: 0.999843
82925: 0.999843
82926: 0.999843
82927: 0.999843
82928: 0.999843
82929: 0.999843
82930: 0.999843
82931: 0.999843
82932: 0.999843
82933: 0.999843
82934: 0.999843
82935: 0.999843
82936: 0.999843
82937: 0.999843
82938: 0.999843
82939: 0.999843
82940: 0.999843
82941: 0.999843
82942: 0.999843
82943: 0.999843
82944: 0.999843
82945: 0.999843
82946: 0.999843
82947: 0.999843
82948: 0.999843
82949: 0.999843
82950: 0.999843
82951: 0.999843
82952: 0.999843
82953: 0.999843
82954: 0.999843
82955: 0.999843
82956: 0.999843
82957: 0.999843
82958: 0.999843
82959: 0.999843
82960: 0.999843
82961: 0.999843
82962: 0.999843
82963: 0.999843
82964: 0.999843
82965: 0.999843
82966: 0.999843
82967: 0.999843
82968: 0.999843
82969: 0.999843
82970: 0.999843
82971: 0.999843
82972: 0.999843
82973: 0.999843
82974: 0.999843
82975: 0.999843
82976: 0.999843
82977: 0.999843
82978: 0.999843
82979: 0.999843
82980: 0.999843
82981: 0.999843
82982: 0.999843
82983: 0.999843
82984: 0.999843
82985: 0.999843
82986: 0.999843
82987: 0.999843
82988: 0.999843
82989: 0.999843
82990: 0.999843
82991: 0.999843
82992: 0.999843
82993: 0.999843
82994: 0.999843
82995: 0.999843
82996: 0.999843
82997: 0.999843
82998: 0.999843
82999: 0.999843
83000: 0.999843
83001: 0.999843
83002: 0.999843
83003: 0.999843
83004: 0.999843
83005: 0.999843
83006: 0.999843
83007: 0.999843
83008: 0.999843
83009: 0.999843
83010: 0.999843
83011: 0.999843
83012: 0.999843
83013: 0.999843
83014: 0.999843
83015: 0.999843
83016: 0.999843
83017: 0.999843
83018: 0.999843
83019: 0.999843
83020: 0.999843
83021: 0.999843
83022: 0.999843
83023: 0.999843
83024: 0.999843
83025: 0.999843
83026: 0.999843
83027: 0.999843
83028: 0.999843
83029: 0.999843
83030: 0.999843
83031: 0.999843
83032: 0.999843
83033: 0.999843
83034: 0.999843
83035: 0.999843
83036: 0.999843
83037: 0.999843
83038: 0.999843
83039: 0.999843
83040: 0.999843
83041: 0.999843
83042: 0.999843
83043: 0.999843
83044: 0.999843
83045: 0.999843
83046: 0.999843
83047: 0.999843
83048: 0.999843
83049: 0.999843
83050: 0.999843
83051: 0.999843
83052: 0.999843
83053: 0.999843
83054: 0.999843
83055: 0.999843
83056: 0.999843
83057: 0.999843
83058: 0.999843
83059: 0.999843
83060: 0.999843
83061: 0.999843
83062: 0.999843
83063: 0.999843
83064: 0.999843
83065: 0.999843
83066: 0.999843
83067: 0.999844
83068: 0.999844
83069: 0.999844
83070: 0.999844
83071: 0.999844
83072: 0.999844
83073: 0.999844
83074: 0.999844
83075: 0.999844
83076: 0.999844
83077: 0.999844
83078: 0.999844
83079: 0.999844
83080: 0.999844
83081: 0.999844
83082: 0.999844
83083: 0.999844
83084: 0.999844
83085: 0.999844
83086: 0.999844
83087: 0.999844
83088: 0.999844
83089: 0.999844
83090: 0.999844
83091: 0.999844
83092: 0.999844
83093: 0.999844
83094: 0.999844
83095: 0.999844
83096: 0.999844
83097: 0.999844
83098: 0.999844
83099: 0.999844
83100: 0.999844
83101: 0.999844
83102: 0.999844
83103: 0.999844
83104: 0.999844
83105: 0.999844
83106: 0.999844
83107: 0.999844
83108: 0.999844
83109: 0.999844
83110: 0.999844
83111: 0.999844
83112: 0.999844
83113: 0.999844
83114: 0.999844
83115: 0.999844
83116: 0.999844
83117: 0.999844
83118: 0.999844
83119: 0.999844
83120: 0.999844
83121: 0.999844
83122: 0.999844
83123: 0.999844
83124: 0.999844
83125: 0.999844
83126: 0.999844
83127: 0.999844
83128: 0.999844
83129: 0.999844
83130: 0.999844
83131: 0.999844
83132: 0.999844
83133: 0.999844
83134: 0.999844
83135: 0.999844
83136: 0.999844
83137: 0.999844
83138: 0.999844
83139: 0.999844
83140: 0.999844
83141: 0.999844
83142: 0.999844
83143: 0.999844
83144: 0.999844
83145: 0.999844
83146: 0.999844
83147: 0.999844
83148: 0.999844
83149: 0.999844
83150: 0.999844
83151: 0.999844
83152: 0.999844
83153: 0.999844
83154: 0.999844
83155: 0.999844
83156: 0.999844
83157: 0.999844
83158: 0.999844
83159: 0.999844
83160: 0.999844
83161: 0.999844
83162: 0.999844
83163: 0.999844
83164: 0.999844
83165: 0.999844
83166: 0.999844
83167: 0.999844
83168: 0.999844
83169: 0.999844
83170: 0.999844
83171: 0.999844
83172: 0.999844
83173: 0.999844
83174: 0.999844
83175: 0.999844
83176: 0.999844
83177: 0.999844
83178: 0.999844
83179: 0.999844
83180: 0.999844
83181: 0.999844
83182: 0.999844
83183: 0.999844
83184: 0.999844
83185: 0.999844
83186: 0.999844
83187: 0.999844
83188: 0.999844
83189: 0.999844
83190: 0.999844
83191: 0.999844
83192: 0.999844
83193: 0.999844
83194: 0.999844
83195: 0.999844
83196: 0.999844
83197: 0.999844
83198: 0.999844
83199: 0.999844
83200: 0.999844
83201: 0.999844
83202: 0.999844
83203: 0.999844
83204: 0.999844
83205: 0.999844
83206: 0.999844
83207: 0.999844
83208: 0.999844
83209: 0.999844
83210: 0.999844
83211: 0.999844
83212: 0.999844
83213: 0.999844
83214: 0.999844
83215: 0.999844
83216: 0.999844
83217: 0.999844
83218: 0.999844
83219: 0.999844
83220: 0.999844
83221: 0.999844
83222: 0.999844
83223: 0.999844
83224: 0.999844
83225: 0.999844
83226: 0.999844
83227: 0.999844
83228: 0.999844
83229: 0.999844
83230: 0.999844
83231: 0.999844
83232: 0.999844
83233: 0.999844
83234: 0.999844
83235: 0.999844
83236: 0.999844
83237: 0.999844
83238: 0.999844
83239: 0.999844
83240: 0.999844
83241: 0.999844
83242: 0.999844
83243: 0.999844
83244: 0.999844
83245: 0.999844
83246: 0.999844
83247: 0.999844
83248: 0.999844
83249: 0.999844
83250: 0.999844
83251: 0.999844
83252: 0.999844
83253: 0.999844
83254: 0.999844
83255: 0.999844
83256: 0.999844
83257: 0.999844
83258: 0.999844
83259: 0.999844
83260: 0.999844
83261: 0.999844
83262: 0.999844
83263: 0.999844
83264: 0.999844
83265: 0.999844
83266: 0.999844
83267: 0.999844
83268: 0.999844
83269: 0.999844
83270: 0.999844
83271: 0.999844
83272: 0.999844
83273: 0.999844
83274: 0.999844
83275: 0.999844
83276: 0.999844
83277: 0.999844
83278: 0.999844
83279: 0.999844
83280: 0.999844
83281: 0.999844
83282: 0.999844
83283: 0.999844
83284: 0.999844
83285: 0.999844
83286: 0.999844
83287: 0.999844
83288: 0.999844
83289: 0.999844
83290: 0.999844
83291: 0.999844
83292: 0.999844
83293: 0.999844
83294: 0.999844
83295: 0.999844
83296: 0.999844
83297: 0.999844
83298: 0.999844
83299: 0.999844
83300: 0.999844
83301: 0.999844
83302: 0.999844
83303: 0.999844
83304: 0.999844
83305: 0.999844
83306: 0.999844
83307: 0.999844
83308: 0.999844
83309: 0.999844
83310: 0.999844
83311: 0.999844
83312: 0.999844
83313: 0.999844
83314: 0.999844
83315: 0.999844
83316: 0.999844
83317: 0.999844
83318: 0.999844
83319: 0.999844
83320: 0.999844
83321: 0.999844
83322: 0.999844
83323: 0.999844
83324: 0.999844
83325: 0.999844
83326: 0.999844
83327: 0.999844
83328: 0.999844
83329: 0.999844
83330: 0.999844
83331: 0.999844
83332: 0.999844
83333: 0.999844
83334: 0.999844
83335: 0.999844
83336: 0.999844
83337: 0.999844
83338: 0.999844
83339: 0.999844
83340: 0.999844
83341: 0.999844
83342: 0.999844
83343: 0.999844
83344: 0.999844
83345: 0.999844
83346: 0.999844
83347: 0.999844
83348: 0.999844
83349: 0.999844
83350: 0.999844
83351: 0.999844
83352: 0.999844
83353: 0.999844
83354: 0.999844
83355: 0.999844
83356: 0.999844
83357: 0.999844
83358: 0.999844
83359: 0.999844
83360: 0.999844
83361: 0.999844
83362: 0.999844
83363: 0.999844
83364: 0.999844
83365: 0.999844
83366: 0.999844
83367: 0.999844
83368: 0.999844
83369: 0.999844
83370: 0.999844
83371: 0.999844
83372: 0.999844
83373: 0.999844
83374: 0.999844
83375: 0.999844
83376: 0.999844
83377: 0.999844
83378: 0.999844
83379: 0.999844
83380: 0.999844
83381: 0.999844
83382: 0.999844
83383: 0.999844
83384: 0.999844
83385: 0.999844
83386: 0.999844
83387: 0.999844
83388: 0.999844
83389: 0.999844
83390: 0.999844
83391: 0.999844
83392: 0.999844
83393: 0.999844
83394: 0.999844
83395: 0.999844
83396: 0.999844
83397: 0.999844
83398: 0.999844
83399: 0.999844
83400: 0.999844
83401: 0.999844
83402: 0.999844
83403: 0.999844
83404: 0.999844
83405: 0.999844
83406: 0.999844
83407: 0.999844
83408: 0.999844
83409: 0.999844
83410: 0.999844
83411: 0.999844
83412: 0.999844
83413: 0.999844
83414: 0.999844
83415: 0.999844
83416: 0.999844
83417: 0.999844
83418: 0.999844
83419: 0.999844
83420: 0.999844
83421: 0.999844
83422: 0.999844
83423: 0.999844
83424: 0.999844
83425: 0.999844
83426: 0.999844
83427: 0.999844
83428: 0.999844
83429: 0.999844
83430: 0.999844
83431: 0.999844
83432: 0.999844
83433: 0.999844
83434: 0.999844
83435: 0.999844
83436: 0.999844
83437: 0.999844
83438: 0.999844
83439: 0.999844
83440: 0.999844
83441: 0.999844
83442: 0.999844
83443: 0.999844
83444: 0.999844
83445: 0.999844
83446: 0.999844
83447: 0.999844
83448: 0.999844
83449: 0.999844
83450: 0.999844
83451: 0.999844
83452: 0.999844
83453: 0.999844
83454: 0.999844
83455: 0.999844
83456: 0.999844
83457: 0.999844
83458: 0.999844
83459: 0.999844
83460: 0.999844
83461: 0.999844
83462: 0.999844
83463: 0.999844
83464: 0.999844
83465: 0.999844
83466: 0.999844
83467: 0.999844
83468: 0.999844
83469: 0.999844
83470: 0.999844
83471: 0.999844
83472: 0.999844
83473: 0.999844
83474: 0.999844
83475: 0.999844
83476: 0.999844
83477: 0.999844
83478: 0.999844
83479: 0.999844
83480: 0.999844
83481: 0.999844
83482: 0.999844
83483: 0.999844
83484: 0.999844
83485: 0.999844
83486: 0.999844
83487: 0.999844
83488: 0.999844
83489: 0.999844
83490: 0.999844
83491: 0.999844
83492: 0.999844
83493: 0.999844
83494: 0.999844
83495: 0.999844
83496: 0.999844
83497: 0.999844
83498: 0.999844
83499: 0.999844
83500: 0.999844
83501: 0.999844
83502: 0.999844
83503: 0.999844
83504: 0.999844
83505: 0.999844
83506: 0.999844
83507: 0.999844
83508: 0.999844
83509: 0.999844
83510: 0.999844
83511: 0.999844
83512: 0.999844
83513: 0.999844
83514: 0.999844
83515: 0.999844
83516: 0.999844
83517: 0.999844
83518: 0.999844
83519: 0.999844
83520: 0.999844
83521: 0.999844
83522: 0.999844
83523: 0.999844
83524: 0.999844
83525: 0.999844
83526: 0.999844
83527: 0.999844
83528: 0.999844
83529: 0.999844
83530: 0.999844
83531: 0.999844
83532: 0.999844
83533: 0.999844
83534: 0.999844
83535: 0.999844
83536: 0.999844
83537: 0.999844
83538: 0.999844
83539: 0.999844
83540: 0.999844
83541: 0.999844
83542: 0.999844
83543: 0.999844
83544: 0.999844
83545: 0.999844
83546: 0.999844
83547: 0.999844
83548: 0.999844
83549: 0.999844
83550: 0.999844
83551: 0.999844
83552: 0.999844
83553: 0.999844
83554: 0.999844
83555: 0.999844
83556: 0.999844
83557: 0.999844
83558: 0.999844
83559: 0.999844
83560: 0.999844
83561: 0.999844
83562: 0.999844
83563: 0.999844
83564: 0.999844
83565: 0.999844
83566: 0.999844
83567: 0.999844
83568: 0.999844
83569: 0.999844
83570: 0.999844
83571: 0.999844
83572: 0.999844
83573: 0.999844
83574: 0.999844
83575: 0.999844
83576: 0.999844
83577: 0.999844
83578: 0.999844
83579: 0.999844
83580: 0.999844
83581: 0.999844
83582: 0.999844
83583: 0.999844
83584: 0.999844
83585: 0.999844
83586: 0.999844
83587: 0.999844
83588: 0.999844
83589: 0.999844
83590: 0.999844
83591: 0.999844
83592: 0.999844
83593: 0.999844
83594: 0.999844
83595: 0.999844
83596: 0.999844
83597: 0.999844
83598: 0.999844
83599: 0.999844
83600: 0.999844
83601: 0.999845
83602: 0.999845
83603: 0.999845
83604: 0.999845
83605: 0.999845
83606: 0.999845
83607: 0.999845
83608: 0.999845
83609: 0.999845
83610: 0.999845
83611: 0.999845
83612: 0.999845
83613: 0.999845
83614: 0.999845
83615: 0.999845
83616: 0.999845
83617: 0.999845
83618: 0.999845
83619: 0.999845
83620: 0.999845
83621: 0.999845
83622: 0.999845
83623: 0.999845
83624: 0.999845
83625: 0.999845
83626: 0.999845
83627: 0.999845
83628: 0.999845
83629: 0.999845
83630: 0.999845
83631: 0.999845
83632: 0.999845
83633: 0.999845
83634: 0.999845
83635: 0.999845
83636: 0.999845
83637: 0.999845
83638: 0.999845
83639: 0.999845
83640: 0.999845
83641: 0.999845
83642: 0.999845
83643: 0.999845
83644: 0.999845
83645: 0.999845
83646: 0.999845
83647: 0.999845
83648: 0.999845
83649: 0.999845
83650: 0.999845
83651: 0.999845
83652: 0.999845
83653: 0.999845
83654: 0.999845
83655: 0.999845
83656: 0.999845
83657: 0.999845
83658: 0.999845
83659: 0.999845
83660: 0.999845
83661: 0.999845
83662: 0.999845
83663: 0.999845
83664: 0.999845
83665: 0.999845
83666: 0.999845
83667: 0.999845
83668: 0.999845
83669: 0.999845
83670: 0.999845
83671: 0.999845
83672: 0.999845
83673: 0.999845
83674: 0.999845
83675: 0.999845
83676: 0.999845
83677: 0.999845
83678: 0.999845
83679: 0.999845
83680: 0.999845
83681: 0.999845
83682: 0.999845
83683: 0.999845
83684: 0.999845
83685: 0.999845
83686: 0.999845
83687: 0.999845
83688: 0.999845
83689: 0.999845
83690: 0.999845
83691: 0.999845
83692: 0.999845
83693: 0.999845
83694: 0.999845
83695: 0.999845
83696: 0.999845
83697: 0.999845
83698: 0.999845
83699: 0.999845
83700: 0.999845
83701: 0.999845
83702: 0.999845
83703: 0.999845
83704: 0.999845
83705: 0.999845
83706: 0.999845
83707: 0.999845
83708: 0.999845
83709: 0.999845
83710: 0.999845
83711: 0.999845
83712: 0.999845
83713: 0.999845
83714: 0.999845
83715: 0.999845
83716: 0.999845
83717: 0.999845
83718: 0.999845
83719: 0.999845
83720: 0.999845
83721: 0.999845
83722: 0.999845
83723: 0.999845
83724: 0.999845
83725: 0.999845
83726: 0.999845
83727: 0.999845
83728: 0.999845
83729: 0.999845
83730: 0.999845
83731: 0.999845
83732: 0.999845
83733: 0.999845
83734: 0.999845
83735: 0.999845
83736: 0.999845
83737: 0.999845
83738: 0.999845
83739: 0.999845
83740: 0.999845
83741: 0.999845
83742: 0.999845
83743: 0.999845
83744: 0.999845
83745: 0.999845
83746: 0.999845
83747: 0.999845
83748: 0.999845
83749: 0.999845
83750: 0.999845
83751: 0.999845
83752: 0.999845
83753: 0.999845
83754: 0.999845
83755: 0.999845
83756: 0.999845
83757: 0.999845
83758: 0.999845
83759: 0.999845
83760: 0.999845
83761: 0.999845
83762: 0.999845
83763: 0.999845
83764: 0.999845
83765: 0.999845
83766: 0.999845
83767: 0.999845
83768: 0.999845
83769: 0.999845
83770: 0.999845
83771: 0.999845
83772: 0.999845
83773: 0.999845
83774: 0.999845
83775: 0.999845
83776: 0.999845
83777: 0.999845
83778: 0.999845
83779: 0.999845
83780: 0.999845
83781: 0.999845
83782: 0.999845
83783: 0.999845
83784: 0.999845
83785: 0.999845
83786: 0.999845
83787: 0.999845
83788: 0.999845
83789: 0.999845
83790: 0.999845
83791: 0.999845
83792: 0.999845
83793: 0.999845
83794: 0.999845
83795: 0.999845
83796: 0.999845
83797: 0.999845
83798: 0.999845
83799: 0.999845
83800: 0.999845
83801: 0.999845
83802: 0.999845
83803: 0.999845
83804: 0.999845
83805: 0.999845
83806: 0.999845
83807: 0.999845
83808: 0.999845
83809: 0.999845
83810: 0.999845
83811: 0.999845
83812: 0.999845
83813: 0.999845
83814: 0.999845
83815: 0.999845
83816: 0.999845
83817: 0.999845
83818: 0.999845
83819: 0.999845
83820: 0.999845
83821: 0.999845
83822: 0.999845
83823: 0.999845
83824: 0.999845
83825: 0.999845
83826: 0.999845
83827: 0.999845
83828: 0.999845
83829: 0.999845
83830: 0.999845
83831: 0.999845
83832: 0.999845
83833: 0.999845
83834: 0.999845
83835: 0.999845
83836: 0.999845
83837: 0.999845
83838: 0.999845
83839: 0.999845
83840: 0.999845
83841: 0.999845
83842: 0.999845
83843: 0.999845
83844: 0.999845
83845: 0.999845
83846: 0.999845
83847: 0.999845
83848: 0.999845
83849: 0.999845
83850: 0.999845
83851: 0.999845
83852: 0.999845
83853: 0.999845
83854: 0.999845
83855: 0.999845
83856: 0.999845
83857: 0.999845
83858: 0.999845
83859: 0.999845
83860: 0.999845
83861: 0.999845
83862: 0.999845
83863: 0.999845
83864: 0.999845
83865: 0.999845
83866: 0.999845
83867: 0.999845
83868: 0.999845
83869: 0.999845
83870: 0.999845
83871: 0.999845
83872: 0.999845
83873: 0.999845
83874: 0.999845
83875: 0.999845
83876: 0.999845
83877: 0.999845
83878: 0.999845
83879: 0.999845
83880: 0.999845
83881: 0.999845
83882: 0.999845
83883: 0.999845
83884: 0.999845
83885: 0.999845
83886: 0.999845
83887: 0.999845
83888: 0.999845
83889: 0.999845
83890: 0.999845
83891: 0.999845
83892: 0.999845
83893: 0.999845
83894: 0.999845
83895: 0.999845
83896: 0.999845
83897: 0.999845
83898: 0.999845
83899: 0.999845
83900: 0.999845
83901: 0.999845
83902: 0.999845
83903: 0.999845
83904: 0.999845
83905: 0.999845
83906: 0.999845
83907: 0.999845
83908: 0.999845
83909: 0.999845
83910: 0.999845
83911: 0.999845
83912: 0.999845
83913: 0.999845
83914: 0.999845
83915: 0.999845
83916: 0.999845
83917: 0.999845
83918: 0.999845
83919: 0.999845
83920: 0.999845
83921: 0.999845
83922: 0.999845
83923: 0.999845
83924: 0.999845
83925: 0.999845
83926: 0.999845
83927: 0.999845
83928: 0.999845
83929: 0.999845
83930: 0.999845
83931: 0.999845
83932: 0.999845
83933: 0.999845
83934: 0.999845
83935: 0.999845
83936: 0.999845
83937: 0.999845
83938: 0.999845
83939: 0.999845
83940: 0.999845
83941: 0.999845
83942: 0.999845
83943: 0.999845
83944: 0.999845
83945: 0.999845
83946: 0.999845
83947: 0.999845
83948: 0.999845
83949: 0.999845
83950: 0.999845
83951: 0.999845
83952: 0.999845
83953: 0.999845
83954: 0.999845
83955: 0.999845
83956: 0.999845
83957: 0.999845
83958: 0.999845
83959: 0.999845
83960: 0.999845
83961: 0.999845
83962: 0.999845
83963: 0.999845
83964: 0.999845
83965: 0.999845
83966: 0.999845
83967: 0.999845
83968: 0.999845
83969: 0.999845
83970: 0.999845
83971: 0.999845
83972: 0.999845
83973: 0.999845
83974: 0.999845
83975: 0.999845
83976: 0.999845
83977: 0.999845
83978: 0.999845
83979: 0.999845
83980: 0.999845
83981: 0.999845
83982: 0.999845
83983: 0.999845
83984: 0.999845
83985: 0.999845
83986: 0.999845
83987: 0.999845
83988: 0.999845
83989: 0.999845
83990: 0.999845
83991: 0.999845
83992: 0.999845
83993: 0.999845
83994: 0.999845
83995: 0.999845
83996: 0.999845
83997: 0.999845
83998: 0.999845
83999: 0.999845
84000: 0.999845
84001: 0.999845
84002: 0.999845
84003: 0.999845
84004: 0.999845
84005: 0.999845
84006: 0.999845
84007: 0.999845
84008: 0.999845
84009: 0.999845
84010: 0.999845
84011: 0.999845
84012: 0.999845
84013: 0.999845
84014: 0.999845
84015: 0.999845
84016: 0.999845
84017: 0.999845
84018: 0.999845
84019: 0.999845
84020: 0.999845
84021: 0.999845
84022: 0.999845
84023: 0.999845
84024: 0.999845
84025: 0.999845
84026: 0.999845
84027: 0.999845
84028: 0.999845
84029: 0.999845
84030: 0.999845
84031: 0.999845
84032: 0.999845
84033: 0.999845
84034: 0.999845
84035: 0.999845
84036: 0.999845
84037: 0.999845
84038: 0.999845
84039: 0.999845
84040: 0.999845
84041: 0.999845
84042: 0.999845
84043: 0.999845
84044: 0.999845
84045: 0.999845
84046: 0.999845
84047: 0.999845
84048: 0.999845
84049: 0.999845
84050: 0.999845
84051: 0.999845
84052: 0.999845
84053: 0.999845
84054: 0.999845
84055: 0.999845
84056: 0.999845
84057: 0.999845
84058: 0.999845
84059: 0.999845
84060: 0.999845
84061: 0.999845
84062: 0.999845
84063: 0.999845
84064: 0.999845
84065: 0.999845
84066: 0.999845
84067: 0.999845
84068: 0.999845
84069: 0.999845
84070: 0.999845
84071: 0.999845
84072: 0.999845
84073: 0.999845
84074: 0.999845
84075: 0.999845
84076: 0.999845
84077: 0.999845
84078: 0.999845
84079: 0.999845
84080: 0.999845
84081: 0.999845
84082: 0.999845
84083: 0.999845
84084: 0.999845
84085: 0.999845
84086: 0.999845
84087: 0.999845
84088: 0.999845
84089: 0.999845
84090: 0.999845
84091: 0.999845
84092: 0.999845
84093: 0.999845
84094: 0.999845
84095: 0.999845
84096: 0.999845
84097: 0.999845
84098: 0.999845
84099: 0.999845
84100: 0.999845
84101: 0.999845
84102: 0.999845
84103: 0.999845
84104: 0.999845
84105: 0.999845
84106: 0.999845
84107: 0.999845
84108: 0.999845
84109: 0.999845
84110: 0.999845
84111: 0.999845
84112: 0.999845
84113: 0.999845
84114: 0.999845
84115: 0.999845
84116: 0.999845
84117: 0.999845
84118: 0.999845
84119: 0.999845
84120: 0.999845
84121: 0.999845
84122: 0.999845
84123: 0.999845
84124: 0.999845
84125: 0.999845
84126: 0.999845
84127: 0.999845
84128: 0.999845
84129: 0.999845
84130: 0.999845
84131: 0.999845
84132: 0.999845
84133: 0.999845
84134: 0.999845
84135: 0.999845
84136: 0.999845
84137: 0.999845
84138: 0.999845
84139: 0.999845
84140: 0.999845
84141: 0.999845
84142: 0.999846
84143: 0.999846
84144: 0.999846
84145: 0.999846
84146: 0.999846
84147: 0.999846
84148: 0.999846
84149: 0.999846
84150: 0.999846
84151: 0.999846
84152: 0.999846
84153: 0.999846
84154: 0.999846
84155: 0.999846
84156: 0.999846
84157: 0.999846
84158: 0.999846
84159: 0.999846
84160: 0.999846
84161: 0.999846
84162: 0.999846
84163: 0.999846
84164: 0.999846
84165: 0.999846
84166: 0.999846
84167: 0.999846
84168: 0.999846
84169: 0.999846
84170: 0.999846
84171: 0.999846
84172: 0.999846
84173: 0.999846
84174: 0.999846
84175: 0.999846
84176: 0.999846
84177: 0.999846
84178: 0.999846
84179: 0.999846
84180: 0.999846
84181: 0.999846
84182: 0.999846
84183: 0.999846
84184: 0.999846
84185: 0.999846
84186: 0.999846
84187: 0.999846
84188: 0.999846
84189: 0.999846
84190: 0.999846
84191: 0.999846
84192: 0.999846
84193: 0.999846
84194: 0.999846
84195: 0.999846
84196: 0.999846
84197: 0.999846
84198: 0.999846
84199: 0.999846
84200: 0.999846
84201: 0.999846
84202: 0.999846
84203: 0.999846
84204: 0.999846
84205: 0.999846
84206: 0.999846
84207: 0.999846
84208: 0.999846
84209: 0.999846
84210: 0.999846
84211: 0.999846
84212: 0.999846
84213: 0.999846
84214: 0.999846
84215: 0.999846
84216: 0.999846
84217: 0.999846
84218: 0.999846
84219: 0.999846
84220: 0.999846
84221: 0.999846
84222: 0.999846
84223: 0.999846
84224: 0.999846
84225: 0.999846
84226: 0.999846
84227: 0.999846
84228: 0.999846
84229: 0.999846
84230: 0.999846
84231: 0.999846
84232: 0.999846
84233: 0.999846
84234: 0.999846
84235: 0.999846
84236: 0.999846
84237: 0.999846
84238: 0.999846
84239: 0.999846
84240: 0.999846
84241: 0.999846
84242: 0.999846
84243: 0.999846
84244: 0.999846
84245: 0.999846
84246: 0.999846
84247: 0.999846
84248: 0.999846
84249: 0.999846
84250: 0.999846
84251: 0.999846
84252: 0.999846
84253: 0.999846
84254: 0.999846
84255: 0.999846
84256: 0.999846
84257: 0.999846
84258: 0.999846
84259: 0.999846
84260: 0.999846
84261: 0.999846
84262: 0.999846
84263: 0.999846
84264: 0.999846
84265: 0.999846
84266: 0.999846
84267: 0.999846
84268: 0.999846
84269: 0.999846
84270: 0.999846
84271: 0.999846
84272: 0.999846
84273: 0.999846
84274: 0.999846
84275: 0.999846
84276: 0.999846
84277: 0.999846
84278: 0.999846
84279: 0.999846
84280: 0.999846
84281: 0.999846
84282: 0.999846
84283: 0.999846
84284: 0.999846
84285: 0.999846
84286: 0.999846
84287: 0.999846
84288: 0.999846
84289: 0.999846
84290: 0.999846
84291: 0.999846
84292: 0.999846
84293: 0.999846
84294: 0.999846
84295: 0.999846
84296: 0.999846
84297: 0.999846
84298: 0.999846
84299: 0.999846
84300: 0.999846
84301: 0.999846
84302: 0.999846
84303: 0.999846
84304: 0.999846
84305: 0.999846
84306: 0.999846
84307: 0.999846
84308: 0.999846
84309: 0.999846
84310: 0.999846
84311: 0.999846
84312: 0.999846
84313: 0.999846
84314: 0.999846
84315: 0.999846
84316: 0.999846
84317: 0.999846
84318: 0.999846
84319: 0.999846
84320: 0.999846
84321: 0.999846
84322: 0.999846
84323: 0.999846
84324: 0.999846
84325: 0.999846
84326: 0.999846
84327: 0.999846
84328: 0.999846
84329: 0.999846
84330: 0.999846
84331: 0.999846
84332: 0.999846
84333: 0.999846
84334: 0.999846
84335: 0.999846
84336: 0.999846
84337: 0.999846
84338: 0.999846
84339: 0.999846
84340: 0.999846
84341: 0.999846
84342: 0.999846
84343: 0.999846
84344: 0.999846
84345: 0.999846
84346: 0.999846
84347: 0.999846
84348: 0.999846
84349: 0.999846
84350: 0.999846
84351: 0.999846
84352: 0.999846
84353: 0.999846
84354: 0.999846
84355: 0.999846
84356: 0.999846
84357: 0.999846
84358: 0.999846
84359: 0.999846
84360: 0.999846
84361: 0.999846
84362: 0.999846
84363: 0.999846
84364: 0.999846
84365: 0.999846
84366: 0.999846
84367: 0.999846
84368: 0.999846
84369: 0.999846
84370: 0.999846
84371: 0.999846
84372: 0.999846
84373: 0.999846
84374: 0.999846
84375: 0.999846
84376: 0.999846
84377: 0.999846
84378: 0.999846
84379: 0.999846
84380: 0.999846
84381: 0.999846
84382: 0.999846
84383: 0.999846
84384: 0.999846
84385: 0.999846
84386: 0.999846
84387: 0.999846
84388: 0.999846
84389: 0.999846
84390: 0.999846
84391: 0.999846
84392: 0.999846
84393: 0.999846
84394: 0.999846
84395: 0.999846
84396: 0.999846
84397: 0.999846
84398: 0.999846
84399: 0.999846
84400: 0.999846
84401: 0.999846
84402: 0.999846
84403: 0.999846
84404: 0.999846
84405: 0.999846
84406: 0.999846
84407: 0.999846
84408: 0.999846
84409: 0.999846
84410: 0.999846
84411: 0.999846
84412: 0.999846
84413: 0.999846
84414: 0.999846
84415: 0.999846
84416: 0.999846
84417: 0.999846
84418: 0.999846
84419: 0.999846
84420: 0.999846
84421: 0.999846
84422: 0.999846
84423: 0.999846
84424: 0.999846
84425: 0.999846
84426: 0.999846
84427: 0.999846
84428: 0.999846
84429: 0.999846
84430: 0.999846
84431: 0.999846
84432: 0.999846
84433: 0.999846
84434: 0.999846
84435: 0.999846
84436: 0.999846
84437: 0.999846
84438: 0.999846
84439: 0.999846
84440: 0.999846
84441: 0.999846
84442: 0.999846
84443: 0.999846
84444: 0.999846
84445: 0.999846
84446: 0.999846
84447: 0.999846
84448: 0.999846
84449: 0.999846
84450: 0.999846
84451: 0.999846
84452: 0.999846
84453: 0.999846
84454: 0.999846
84455: 0.999846
84456: 0.999846
84457: 0.999846
84458: 0.999846
84459: 0.999846
84460: 0.999846
84461: 0.999846
84462: 0.999846
84463: 0.999846
84464: 0.999846
84465: 0.999846
84466: 0.999846
84467: 0.999846
84468: 0.999846
84469: 0.999846
84470: 0.999846
84471: 0.999846
84472: 0.999846
84473: 0.999846
84474: 0.999846
84475: 0.999846
84476: 0.999846
84477: 0.999846
84478: 0.999846
84479: 0.999846
84480: 0.999846
84481: 0.999846
84482: 0.999846
84483: 0.999846
84484: 0.999846
84485: 0.999846
84486: 0.999846
84487: 0.999846
84488: 0.999846
84489: 0.999846
84490: 0.999846
84491: 0.999846
84492: 0.999846
84493: 0.999846
84494: 0.999846
84495: 0.999846
84496: 0.999846
84497: 0.999846
84498: 0.999846
84499: 0.999846
84500: 0.999846
84501: 0.999846
84502: 0.999846
84503: 0.999846
84504: 0.999846
84505: 0.999846
84506: 0.999846
84507: 0.999846
84508: 0.999846
84509: 0.999846
84510: 0.999846
84511: 0.999846
84512: 0.999846
84513: 0.999846
84514: 0.999846
84515: 0.999846
84516: 0.999846
84517: 0.999846
84518: 0.999846
84519: 0.999846
84520: 0.999846
84521: 0.999846
84522: 0.999846
84523: 0.999846
84524: 0.999846
84525: 0.999846
84526: 0.999846
84527: 0.999846
84528: 0.999846
84529: 0.999846
84530: 0.999846
84531: 0.999846
84532: 0.999846
84533: 0.999846
84534: 0.999846
84535: 0.999846
84536: 0.999846
84537: 0.999846
84538: 0.999846
84539: 0.999846
84540: 0.999846
84541: 0.999846
84542: 0.999846
84543: 0.999846
84544: 0.999846
84545: 0.999846
84546: 0.999846
84547: 0.999846
84548: 0.999846
84549: 0.999846
84550: 0.999846
84551: 0.999846
84552: 0.999846
84553: 0.999846
84554: 0.999846
84555: 0.999846
84556: 0.999846
84557: 0.999846
84558: 0.999846
84559: 0.999846
84560: 0.999846
84561: 0.999846
84562: 0.999846
84563: 0.999846
84564: 0.999846
84565: 0.999846
84566: 0.999846
84567: 0.999846
84568: 0.999846
84569: 0.999846
84570: 0.999846
84571: 0.999846
84572: 0.999846
84573: 0.999846
84574: 0.999846
84575: 0.999846
84576: 0.999846
84577: 0.999846
84578: 0.999846
84579: 0.999846
84580: 0.999846
84581: 0.999846
84582: 0.999846
84583: 0.999846
84584: 0.999846
84585: 0.999846
84586: 0.999846
84587: 0.999846
84588: 0.999846
84589: 0.999846
84590: 0.999846
84591: 0.999846
84592: 0.999846
84593: 0.999846
84594: 0.999846
84595: 0.999846
84596: 0.999846
84597: 0.999846
84598: 0.999846
84599: 0.999846
84600: 0.999846
84601: 0.999846
84602: 0.999846
84603: 0.999846
84604: 0.999846
84605: 0.999846
84606: 0.999846
84607: 0.999846
84608: 0.999846
84609: 0.999846
84610: 0.999846
84611: 0.999846
84612: 0.999846
84613: 0.999846
84614: 0.999846
84615: 0.999846
84616: 0.999846
84617: 0.999846
84618: 0.999846
84619: 0.999846
84620: 0.999846
84621: 0.999846
84622: 0.999846
84623: 0.999846
84624: 0.999846
84625: 0.999846
84626: 0.999846
84627: 0.999846
84628: 0.999846
84629: 0.999846
84630: 0.999846
84631: 0.999846
84632: 0.999846
84633: 0.999846
84634: 0.999846
84635: 0.999846
84636: 0.999846
84637: 0.999846
84638: 0.999846
84639: 0.999846
84640: 0.999846
84641: 0.999846
84642: 0.999846
84643: 0.999846
84644: 0.999846
84645: 0.999846
84646: 0.999846
84647: 0.999846
84648: 0.999846
84649: 0.999846
84650: 0.999846
84651: 0.999846
84652: 0.999846
84653: 0.999846
84654: 0.999846
84655: 0.999846
84656: 0.999846
84657: 0.999846
84658: 0.999846
84659: 0.999846
84660: 0.999846
84661: 0.999846
84662: 0.999846
84663: 0.999846
84664: 0.999846
84665: 0.999846
84666: 0.999846
84667: 0.999846
84668: 0.999846
84669: 0.999846
84670: 0.999846
84671: 0.999846
84672: 0.999846
84673: 0.999846
84674: 0.999846
84675: 0.999846
84676: 0.999846
84677: 0.999846
84678: 0.999846
84679: 0.999846
84680: 0.999846
84681: 0.999846
84682: 0.999846
84683: 0.999846
84684: 0.999846
84685: 0.999846
84686: 0.999846
84687: 0.999846
84688: 0.999846
84689: 0.999846
84690: 0.999847
84691: 0.999847
84692: 0.999847
84693: 0.999847
84694: 0.999847
84695: 0.999847
84696: 0.999847
84697: 0.999847
84698: 0.999847
84699: 0.999847
84700: 0.999847
84701: 0.999847
84702: 0.999847
84703: 0.999847
84704: 0.999847
84705: 0.999847
84706: 0.999847
84707: 0.999847
84708: 0.999847
84709: 0.999847
84710: 0.999847
84711: 0.999847
84712: 0.999847
84713: 0.999847
84714: 0.999847
84715: 0.999847
84716: 0.999847
84717: 0.999847
84718: 0.999847
84719: 0.999847
84720: 0.999847
84721: 0.999847
84722: 0.999847
84723: 0.999847
84724: 0.999847
84725: 0.999847
84726: 0.999847
84727: 0.999847
84728: 0.999847
84729: 0.999847
84730: 0.999847
84731: 0.999847
84732: 0.999847
84733: 0.999847
84734: 0.999847
84735: 0.999847
84736: 0.999847
84737: 0.999847
84738: 0.999847
84739: 0.999847
84740: 0.999847
84741: 0.999847
84742: 0.999847
84743: 0.999847
84744: 0.999847
84745: 0.999847
84746: 0.999847
84747: 0.999847
84748: 0.999847
84749: 0.999847
84750: 0.999847
84751: 0.999847
84752: 0.999847
84753: 0.999847
84754: 0.999847
84755: 0.999847
84756: 0.999847
84757: 0.999847
84758: 0.999847
84759: 0.999847
84760: 0.999847
84761: 0.999847
84762: 0.999847
84763: 0.999847
84764: 0.999847
84765: 0.999847
84766: 0.999847
84767: 0.999847
84768: 0.999847
84769: 0.999847
84770: 0.999847
84771: 0.999847
84772: 0.999847
84773: 0.999847
84774: 0.999847
84775: 0.999847
84776: 0.999847
84777: 0.999847
84778: 0.999847
84779: 0.999847
84780: 0.999847
84781: 0.999847
84782: 0.999847
84783: 0.999847
84784: 0.999847
84785: 0.999847
84786: 0.999847
84787: 0.999847
84788: 0.999847
84789: 0.999847
84790: 0.999847
84791: 0.999847
84792: 0.999847
84793: 0.999847
84794: 0.999847
84795: 0.999847
84796: 0.999847
84797: 0.999847
84798: 0.999847
84799: 0.999847
84800: 0.999847
84801: 0.999847
84802: 0.999847
84803: 0.999847
84804: 0.999847
84805: 0.999847
84806: 0.999847
84807: 0.999847
84808: 0.999847
84809: 0.999847
84810: 0.999847
84811: 0.999847
84812: 0.999847
84813: 0.999847
84814: 0.999847
84815: 0.999847
84816: 0.999847
84817: 0.999847
84818: 0.999847
84819: 0.999847
84820: 0.999847
84821: 0.999847
84822: 0.999847
84823: 0.999847
84824: 0.999847
84825: 0.999847
84826: 0.999847
84827: 0.999847
84828: 0.999847
84829: 0.999847
84830: 0.999847
84831: 0.999847
84832: 0.999847
84833: 0.999847
84834: 0.999847
84835: 0.999847
84836: 0.999847
84837: 0.999847
84838: 0.999847
84839: 0.999847
84840: 0.999847
84841: 0.999847
84842: 0.999847
84843: 0.999847
84844: 0.999847
84845: 0.999847
84846: 0.999847
84847: 0.999847
84848: 0.999847
84849: 0.999847
84850: 0.999847
84851: 0.999847
84852: 0.999847
84853: 0.999847
84854: 0.999847
84855: 0.999847
84856: 0.999847
84857: 0.999847
84858: 0.999847
84859: 0.999847
84860: 0.999847
84861: 0.999847
84862: 0.999847
84863: 0.999847
84864: 0.999847
84865: 0.999847
84866: 0.999847
84867: 0.999847
84868: 0.999847
84869: 0.999847
84870: 0.999847
84871: 0.999847
84872: 0.999847
84873: 0.999847
84874: 0.999847
84875: 0.999847
84876: 0.999847
84877: 0.999847
84878: 0.999847
84879: 0.999847
84880: 0.999847
84881: 0.999847
84882: 0.999847
84883: 0.999847
84884: 0.999847
84885: 0.999847
84886: 0.999847
84887: 0.999847
84888: 0.999847
84889: 0.999847
84890: 0.999847
84891: 0.999847
84892: 0.999847
84893: 0.999847
84894: 0.999847
84895: 0.999847
84896: 0.999847
84897: 0.999847
84898: 0.999847
84899: 0.999847
84900: 0.999847
84901: 0.999847
84902: 0.999847
84903: 0.999847
84904: 0.999847
84905: 0.999847
84906: 0.999847
84907: 0.999847
84908: 0.999847
84909: 0.999847
84910: 0.999847
84911: 0.999847
84912: 0.999847
84913: 0.999847
84914: 0.999847
84915: 0.999847
84916: 0.999847
84917: 0.999847
84918: 0.999847
84919: 0.999847
84920: 0.999847
84921: 0.999847
84922: 0.999847
84923: 0.999847
84924: 0.999847
84925: 0.999847
84926: 0.999847
84927: 0.999847
84928: 0.999847
84929: 0.999847
84930: 0.999847
84931: 0.999847
84932: 0.999847
84933: 0.999847
84934: 0.999847
84935: 0.999847
84936: 0.999847
84937: 0.999847
84938: 0.999847
84939: 0.999847
84940: 0.999847
84941: 0.999847
84942: 0.999847
84943: 0.999847
84944: 0.999847
84945: 0.999847
84946: 0.999847
84947: 0.999847
84948: 0.999847
84949: 0.999847
84950: 0.999847
84951: 0.999847
84952: 0.999847
84953: 0.999847
84954: 0.999847
84955: 0.999847
84956: 0.999847
84957: 0.999847
84958: 0.999847
84959: 0.999847
84960: 0.999847
84961: 0.999847
84962: 0.999847
84963: 0.999847
84964: 0.999847
84965: 0.999847
84966: 0.999847
84967: 0.999847
84968: 0.999847
84969: 0.999847
84970: 0.999847
84971: 0.999847
84972: 0.999847
84973: 0.999847
84974: 0.999847
84975: 0.999847
84976: 0.999847
84977: 0.999847
84978: 0.999847
84979: 0.999847
84980: 0.999847
84981: 0.999847
84982: 0.999847
84983: 0.999847
84984: 0.999847
84985: 0.999847
84986: 0.999847
84987: 0.999847
84988: 0.999847
84989: 0.999847
84990: 0.999847
84991: 0.999847
84992: 0.999847
84993: 0.999847
84994: 0.999847
84995: 0.999847
84996: 0.999847
84997: 0.999847
84998: 0.999847
84999: 0.999847
85000: 0.999847
85001: 0.999847
85002: 0.999847
85003: 0.999847
85004: 0.999847
85005: 0.999847
85006: 0.999847
85007: 0.999847
85008: 0.999847
85009: 0.999847
85010: 0.999847
85011: 0.999847
85012: 0.999847
85013: 0.999847
85014: 0.999847
85015: 0.999847
85016: 0.999847
85017: 0.999847
85018: 0.999847
85019: 0.999847
85020: 0.999847
85021: 0.999847
85022: 0.999847
85023: 0.999847
85024: 0.999847
85025: 0.999847
85026: 0.999847
85027: 0.999847
85028: 0.999847
85029: 0.999847
85030: 0.999847
85031: 0.999847
85032: 0.999847
85033: 0.999847
85034: 0.999847
85035: 0.999847
85036: 0.999847
85037: 0.999847
85038: 0.999847
85039: 0.999847
85040: 0.999847
85041: 0.999847
85042: 0.999847
85043: 0.999847
85044: 0.999847
85045: 0.999847
85046: 0.999847
85047: 0.999847
85048: 0.999847
85049: 0.999847
85050: 0.999847
85051: 0.999847
85052: 0.999847
85053: 0.999847
85054: 0.999847
85055: 0.999847
85056: 0.999847
85057: 0.999847
85058: 0.999847
85059: 0.999847
85060: 0.999847
85061: 0.999847
85062: 0.999847
85063: 0.999847
85064: 0.999847
85065: 0.999847
85066: 0.999847
85067: 0.999847
85068: 0.999847
85069: 0.999847
85070: 0.999847
85071: 0.999847
85072: 0.999847
85073: 0.999847
85074: 0.999847
85075: 0.999847
85076: 0.999847
85077: 0.999847
85078: 0.999847
85079: 0.999847
85080: 0.999847
85081: 0.999847
85082: 0.999847
85083: 0.999847
85084: 0.999847
85085: 0.999847
85086: 0.999847
85087: 0.999847
85088: 0.999847
85089: 0.999847
85090: 0.999847
85091: 0.999847
85092: 0.999847
85093: 0.999847
85094: 0.999847
85095: 0.999847
85096: 0.999847
85097: 0.999847
85098: 0.999847
85099: 0.999847
85100: 0.999847
85101: 0.999847
85102: 0.999847
85103: 0.999847
85104: 0.999847
85105: 0.999847
85106: 0.999847
85107: 0.999847
85108: 0.999847
85109: 0.999847
85110: 0.999847
85111: 0.999847
85112: 0.999847
85113: 0.999847
85114: 0.999847
85115: 0.999847
85116: 0.999847
85117: 0.999847
85118: 0.999847
85119: 0.999847
85120: 0.999847
85121: 0.999847
85122: 0.999847
85123: 0.999847
85124: 0.999847
85125: 0.999847
85126: 0.999847
85127: 0.999847
85128: 0.999847
85129: 0.999847
85130: 0.999847
85131: 0.999847
85132: 0.999847
85133: 0.999847
85134: 0.999847
85135: 0.999847
85136: 0.999847
85137: 0.999847
85138: 0.999847
85139: 0.999847
85140: 0.999847
85141: 0.999847
85142: 0.999847
85143: 0.999847
85144: 0.999847
85145: 0.999847
85146: 0.999847
85147: 0.999847
85148: 0.999847
85149: 0.999847
85150: 0.999847
85151: 0.999847
85152: 0.999847
85153: 0.999847
85154: 0.999847
85155: 0.999847
85156: 0.999847
85157: 0.999847
85158: 0.999847
85159: 0.999847
85160: 0.999847
85161: 0.999847
85162: 0.999847
85163: 0.999847
85164: 0.999847
85165: 0.999847
85166: 0.999847
85167: 0.999847
85168: 0.999847
85169: 0.999847
85170: 0.999847
85171: 0.999847
85172: 0.999847
85173: 0.999847
85174: 0.999847
85175: 0.999847
85176: 0.999847
85177: 0.999847
85178: 0.999847
85179: 0.999847
85180: 0.999847
85181: 0.999847
85182: 0.999847
85183: 0.999847
85184: 0.999847
85185: 0.999847
85186: 0.999847
85187: 0.999847
85188: 0.999847
85189: 0.999847
85190: 0.999847
85191: 0.999847
85192: 0.999847
85193: 0.999847
85194: 0.999847
85195: 0.999847
85196: 0.999847
85197: 0.999847
85198: 0.999847
85199: 0.999847
85200: 0.999847
85201: 0.999847
85202: 0.999847
85203: 0.999847
85204: 0.999847
85205: 0.999847
85206: 0.999847
85207: 0.999847
85208: 0.999847
85209: 0.999847
85210: 0.999847
85211: 0.999847
85212: 0.999847
85213: 0.999847
85214: 0.999847
85215: 0.999847
85216: 0.999847
85217: 0.999847
85218: 0.999847
85219: 0.999847
85220: 0.999847
85221: 0.999847
85222: 0.999847
85223: 0.999847
85224: 0.999847
85225: 0.999847
85226: 0.999847
85227: 0.999847
85228: 0.999847
85229: 0.999847
85230: 0.999847
85231: 0.999847
85232: 0.999847
85233: 0.999847
85234: 0.999847
85235: 0.999847
85236: 0.999847
85237: 0.999847
85238: 0.999847
85239: 0.999847
85240: 0.999847
85241: 0.999847
85242: 0.999847
85243: 0.999847
85244: 0.999847
85245: 0.999848
85246: 0.999848
85247: 0.999848
85248: 0.999848
85249: 0.999848
85250: 0.999848
85251: 0.999848
85252: 0.999848
85253: 0.999848
85254: 0.999848
85255: 0.999848
85256: 0.999848
85257: 0.999848
85258: 0.999848
85259: 0.999848
85260: 0.999848
85261: 0.999848
85262: 0.999848
85263: 0.999848
85264: 0.999848
85265: 0.999848
85266: 0.999848
85267: 0.999848
85268: 0.999848
85269: 0.999848
85270: 0.999848
85271: 0.999848
85272: 0.999848
85273: 0.999848
85274: 0.999848
85275: 0.999848
85276: 0.999848
85277: 0.999848
85278: 0.999848
85279: 0.999848
85280: 0.999848
85281: 0.999848
85282: 0.999848
85283: 0.999848
85284: 0.999848
85285: 0.999848
85286: 0.999848
85287: 0.999848
85288: 0.999848
85289: 0.999848
85290: 0.999848
85291: 0.999848
85292: 0.999848
85293: 0.999848
85294: 0.999848
85295: 0.999848
85296: 0.999848
85297: 0.999848
85298: 0.999848
85299: 0.999848
85300: 0.999848
85301: 0.999848
85302: 0.999848
85303: 0.999848
85304: 0.999848
85305: 0.999848
85306: 0.999848
85307: 0.999848
85308: 0.999848
85309: 0.999848
85310: 0.999848
85311: 0.999848
85312: 0.999848
85313: 0.999848
85314: 0.999848
85315: 0.999848
85316: 0.999848
85317: 0.999848
85318: 0.999848
85319: 0.999848
85320: 0.999848
85321: 0.999848
85322: 0.999848
85323: 0.999848
85324: 0.999848
85325: 0.999848
85326: 0.999848
85327: 0.999848
85328: 0.999848
85329: 0.999848
85330: 0.999848
85331: 0.999848
85332: 0.999848
85333: 0.999848
85334: 0.999848
85335: 0.999848
85336: 0.999848
85337: 0.999848
85338: 0.999848
85339: 0.999848
85340: 0.999848
85341: 0.999848
85342: 0.999848
85343: 0.999848
85344: 0.999848
85345: 0.999848
85346: 0.999848
85347: 0.999848
85348: 0.999848
85349: 0.999848
85350: 0.999848
85351: 0.999848
85352: 0.999848
85353: 0.999848
85354: 0.999848
85355: 0.999848
85356: 0.999848
85357: 0.999848
85358: 0.999848
85359: 0.999848
85360: 0.999848
85361: 0.999848
85362: 0.999848
85363: 0.999848
85364: 0.999848
85365: 0.999848
85366: 0.999848
85367: 0.999848
85368: 0.999848
85369: 0.999848
85370: 0.999848
85371: 0.999848
85372: 0.999848
85373: 0.999848
85374: 0.999848
85375: 0.999848
85376: 0.999848
85377: 0.999848
85378: 0.999848
85379: 0.999848
85380: 0.999848
85381: 0.999848
85382: 0.999848
85383: 0.999848
85384: 0.999848
85385: 0.999848
85386: 0.999848
85387: 0.999848
85388: 0.999848
85389: 0.999848
85390: 0.999848
85391: 0.999848
85392: 0.999848
85393: 0.999848
85394: 0.999848
85395: 0.999848
85396: 0.999848
85397: 0.999848
85398: 0.999848
85399: 0.999848
85400: 0.999848
85401: 0.999848
85402: 0.999848
85403: 0.999848
85404: 0.999848
85405: 0.999848
85406: 0.999848
85407: 0.999848
85408: 0.999848
85409: 0.999848
85410: 0.999848
85411: 0.999848
85412: 0.999848
85413: 0.999848
85414: 0.999848
85415: 0.999848
85416: 0.999848
85417: 0.999848
85418: 0.999848
85419: 0.999848
85420: 0.999848
85421: 0.999848
85422: 0.999848
85423: 0.999848
85424: 0.999848
85425: 0.999848
85426: 0.999848
85427: 0.999848
85428: 0.999848
85429: 0.999848
85430: 0.999848
85431: 0.999848
85432: 0.999848
85433: 0.999848
85434: 0.999848
85435: 0.999848
85436: 0.999848
85437: 0.999848
85438: 0.999848
85439: 0.999848
85440: 0.999848
85441: 0.999848
85442: 0.999848
85443: 0.999848
85444: 0.999848
85445: 0.999848
85446: 0.999848
85447: 0.999848
85448: 0.999848
85449: 0.999848
85450: 0.999848
85451: 0.999848
85452: 0.999848
85453: 0.999848
85454: 0.999848
85455: 0.999848
85456: 0.999848
85457: 0.999848
85458: 0.999848
85459: 0.999848
85460: 0.999848
85461: 0.999848
85462: 0.999848
85463: 0.999848
85464: 0.999848
85465: 0.999848
85466: 0.999848
85467: 0.999848
85468: 0.999848
85469: 0.999848
85470: 0.999848
85471: 0.999848
85472: 0.999848
85473: 0.999848
85474: 0.999848
85475: 0.999848
85476: 0.999848
85477: 0.999848
85478: 0.999848
85479: 0.999848
85480: 0.999848
85481: 0.999848
85482: 0.999848
85483: 0.999848
85484: 0.999848
85485: 0.999848
85486: 0.999848
85487: 0.999848
85488: 0.999848
85489: 0.999848
85490: 0.999848
85491: 0.999848
85492: 0.999848
85493: 0.999848
85494: 0.999848
85495: 0.999848
85496: 0.999848
85497: 0.999848
85498: 0.999848
85499: 0.999848
85500: 0.999848
85501: 0.999848
85502: 0.999848
85503: 0.999848
85504: 0.999848
85505: 0.999848
85506: 0.999848
85507: 0.999848
85508: 0.999848
85509: 0.999848
85510: 0.999848
85511: 0.999848
85512: 0.999848
85513: 0.999848
85514: 0.999848
85515: 0.999848
85516: 0.999848
85517: 0.999848
85518: 0.999848
85519: 0.999848
85520: 0.999848
85521: 0.999848
85522: 0.999848
85523: 0.999848
85524: 0.999848
85525: 0.999848
85526: 0.999848
85527: 0.999848
85528: 0.999848
85529: 0.999848
85530: 0.999848
85531: 0.999848
85532: 0.999848
85533: 0.999848
85534: 0.999848
85535: 0.999848
85536: 0.999848
85537: 0.999848
85538: 0.999848
85539: 0.999848
85540: 0.999848
85541: 0.999848
85542: 0.999848
85543: 0.999848
85544: 0.999848
85545: 0.999848
85546: 0.999848
85547: 0.999848
85548: 0.999848
85549: 0.999848
85550: 0.999848
85551: 0.999848
85552: 0.999848
85553: 0.999848
85554: 0.999848
85555: 0.999848
85556: 0.999848
85557: 0.999848
85558: 0.999848
85559: 0.999848
85560: 0.999848
85561: 0.999848
85562: 0.999848
85563: 0.999848
85564: 0.999848
85565: 0.999848
85566: 0.999848
85567: 0.999848
85568: 0.999848
85569: 0.999848
85570: 0.999848
85571: 0.999848
85572: 0.999848
85573: 0.999848
85574: 0.999848
85575: 0.999848
85576: 0.999848
85577: 0.999848
85578: 0.999848
85579: 0.999848
85580: 0.999848
85581: 0.999848
85582: 0.999848
85583: 0.999848
85584: 0.999848
85585: 0.999848
85586: 0.999848
85587: 0.999848
85588: 0.999848
85589: 0.999848
85590: 0.999848
85591: 0.999848
85592: 0.999848
85593: 0.999848
85594: 0.999848
85595: 0.999848
85596: 0.999848
85597: 0.999848
85598: 0.999848
85599: 0.999848
85600: 0.999848
85601: 0.999848
85602: 0.999848
85603: 0.999848
85604: 0.999848
85605: 0.999848
85606: 0.999848
85607: 0.999848
85608: 0.999848
85609: 0.999848
85610: 0.999848
85611: 0.999848
85612: 0.999848
85613: 0.999848
85614: 0.999848
85615: 0.999848
85616: 0.999848
85617: 0.999848
85618: 0.999848
85619: 0.999848
85620: 0.999848
85621: 0.999848
85622: 0.999848
85623: 0.999848
85624: 0.999848
85625: 0.999848
85626: 0.999848
85627: 0.999848
85628: 0.999848
85629: 0.999848
85630: 0.999848
85631: 0.999848
85632: 0.999848
85633: 0.999848
85634: 0.999848
85635: 0.999848
85636: 0.999848
85637: 0.999848
85638: 0.999848
85639: 0.999848
85640: 0.999848
85641: 0.999848
85642: 0.999848
85643: 0.999848
85644: 0.999848
85645: 0.999848
85646: 0.999848
85647: 0.999848
85648: 0.999848
85649: 0.999848
85650: 0.999848
85651: 0.999848
85652: 0.999848
85653: 0.999848
85654: 0.999848
85655: 0.999848
85656: 0.999848
85657: 0.999848
85658: 0.999848
85659: 0.999848
85660: 0.999848
85661: 0.999848
85662: 0.999848
85663: 0.999848
85664: 0.999848
85665: 0.999848
85666: 0.999848
85667: 0.999848
85668: 0.999848
85669: 0.999848
85670: 0.999848
85671: 0.999848
85672: 0.999848
85673: 0.999848
85674: 0.999848
85675: 0.999848
85676: 0.999848
85677: 0.999848
85678: 0.999848
85679: 0.999848
85680: 0.999848
85681: 0.999848
85682: 0.999848
85683: 0.999848
85684: 0.999848
85685: 0.999848
85686: 0.999848
85687: 0.999848
85688: 0.999848
85689: 0.999848
85690: 0.999848
85691: 0.999848
85692: 0.999848
85693: 0.999848
85694: 0.999848
85695: 0.999848
85696: 0.999848
85697: 0.999848
85698: 0.999848
85699: 0.999848
85700: 0.999848
85701: 0.999848
85702: 0.999848
85703: 0.999848
85704: 0.999848
85705: 0.999848
85706: 0.999848
85707: 0.999848
85708: 0.999848
85709: 0.999848
85710: 0.999848
85711: 0.999848
85712: 0.999848
85713: 0.999848
85714: 0.999848
85715: 0.999848
85716: 0.999848
85717: 0.999848
85718: 0.999848
85719: 0.999848
85720: 0.999848
85721: 0.999848
85722: 0.999848
85723: 0.999848
85724: 0.999848
85725: 0.999848
85726: 0.999848
85727: 0.999848
85728: 0.999848
85729: 0.999848
85730: 0.999848
85731: 0.999848
85732: 0.999848
85733: 0.999848
85734: 0.999848
85735: 0.999848
85736: 0.999848
85737: 0.999848
85738: 0.999848
85739: 0.999848
85740: 0.999848
85741: 0.999848
85742: 0.999848
85743: 0.999848
85744: 0.999848
85745: 0.999848
85746: 0.999848
85747: 0.999848
85748: 0.999848
85749: 0.999848
85750: 0.999848
85751: 0.999848
85752: 0.999848
85753: 0.999848
85754: 0.999848
85755: 0.999848
85756: 0.999848
85757: 0.999848
85758: 0.999848
85759: 0.999848
85760: 0.999848
85761: 0.999848
85762: 0.999848
85763: 0.999848
85764: 0.999848
85765: 0.999848
85766: 0.999848
85767: 0.999848
85768: 0.999848
85769: 0.999848
85770: 0.999848
85771: 0.999848
85772: 0.999848
85773: 0.999848
85774: 0.999848
85775: 0.999848
85776: 0.999848
85777: 0.999848
85778: 0.999848
85779: 0.999848
85780: 0.999848
85781: 0.999848
85782: 0.999848
85783: 0.999848
85784: 0.999848
85785: 0.999848
85786: 0.999848
85787: 0.999848
85788: 0.999848
85789: 0.999848
85790: 0.999848
85791: 0.999848
85792: 0.999848
85793: 0.999848
85794: 0.999848
85795: 0.999848
85796: 0.999848
85797: 0.999848
85798: 0.999848
85799: 0.999848
85800: 0.999848
85801: 0.999848
85802: 0.999848
85803: 0.999848
85804: 0.999848
85805: 0.999848
85806: 0.999848
85807: 0.999848
85808: 0.999849
85809: 0.999849
85810: 0.999849
85811: 0.999849
85812: 0.999849
85813: 0.999849
85814: 0.999849
85815: 0.999849
85816: 0.999849
85817: 0.999849
85818: 0.999849
85819: 0.999849
85820: 0.999849
85821: 0.999849
85822: 0.999849
85823: 0.999849
85824: 0.999849
85825: 0.999849
85826: 0.999849
85827: 0.999849
85828: 0.999849
85829: 0.999849
85830: 0.999849
85831: 0.999849
85832: 0.999849
85833: 0.999849
85834: 0.999849
85835: 0.999849
85836: 0.999849
85837: 0.999849
85838: 0.999849
85839: 0.999849
85840: 0.999849
85841: 0.999849
85842: 0.999849
85843: 0.999849
85844: 0.999849
85845: 0.999849
85846: 0.999849
85847: 0.999849
85848: 0.999849
85849: 0.999849
85850: 0.999849
85851: 0.999849
85852: 0.999849
85853: 0.999849
85854: 0.999849
85855: 0.999849
85856: 0.999849
85857: 0.999849
85858: 0.999849
85859: 0.999849
85860: 0.999849
85861: 0.999849
85862: 0.999849
85863: 0.999849
85864: 0.999849
85865: 0.999849
85866: 0.999849
85867: 0.999849
85868: 0.999849
85869: 0.999849
85870: 0.999849
85871: 0.999849
85872: 0.999849
85873: 0.999849
85874: 0.999849
85875: 0.999849
85876: 0.999849
85877: 0.999849
85878: 0.999849
85879: 0.999849
85880: 0.999849
85881: 0.999849
85882: 0.999849
85883: 0.999849
85884: 0.999849
85885: 0.999849
85886: 0.999849
85887: 0.999849
85888: 0.999849
85889: 0.999849
85890: 0.999849
85891: 0.999849
85892: 0.999849
85893: 0.999849
85894: 0.999849
85895: 0.999849
85896: 0.999849
85897: 0.999849
85898: 0.999849
85899: 0.999849
85900: 0.999849
85901: 0.999849
85902: 0.999849
85903: 0.999849
85904: 0.999849
85905: 0.999849
85906: 0.999849
85907: 0.999849
85908: 0.999849
85909: 0.999849
85910: 0.999849
85911: 0.999849
85912: 0.999849
85913: 0.999849
85914: 0.999849
85915: 0.999849
85916: 0.999849
85917: 0.999849
85918: 0.999849
85919: 0.999849
85920: 0.999849
85921: 0.999849
85922: 0.999849
85923: 0.999849
85924: 0.999849
85925: 0.999849
85926: 0.999849
85927: 0.999849
85928: 0.999849
85929: 0.999849
85930: 0.999849
85931: 0.999849
85932: 0.999849
85933: 0.999849
85934: 0.999849
85935: 0.999849
85936: 0.999849
85937: 0.999849
85938: 0.999849
85939: 0.999849
85940: 0.999849
85941: 0.999849
85942: 0.999849
85943: 0.999849
85944: 0.999849
85945: 0.999849
85946: 0.999849
85947: 0.999849
85948: 0.999849
85949: 0.999849
85950: 0.999849
85951: 0.999849
85952: 0.999849
85953: 0.999849
85954: 0.999849
85955: 0.999849
85956: 0.999849
85957: 0.999849
85958: 0.999849
85959: 0.999849
85960: 0.999849
85961: 0.999849
85962: 0.999849
85963: 0.999849
85964: 0.999849
85965: 0.999849
85966: 0.999849
85967: 0.999849
85968: 0.999849
85969: 0.999849
85970: 0.999849
85971: 0.999849
85972: 0.999849
85973: 0.999849
85974: 0.999849
85975: 0.999849
85976: 0.999849
85977: 0.999849
85978: 0.999849
85979: 0.999849
85980: 0.999849
85981: 0.999849
85982: 0.999849
85983: 0.999849
85984: 0.999849
85985: 0.999849
85986: 0.999849
85987: 0.999849
85988: 0.999849
85989: 0.999849
85990: 0.999849
85991: 0.999849
85992: 0.999849
85993: 0.999849
85994: 0.999849
85995: 0.999849
85996: 0.999849
85997: 0.999849
85998: 0.999849
85999: 0.999849
86000: 0.999849
86001: 0.999849
86002: 0.999849
86003: 0.999849
86004: 0.999849
86005: 0.999849
86006: 0.999849
86007: 0.999849
86008: 0.999849
86009: 0.999849
86010: 0.999849
86011: 0.999849
86012: 0.999849
86013: 0.999849
86014: 0.999849
86015: 0.999849
86016: 0.999849
86017: 0.999849
86018: 0.999849
86019: 0.999849
86020: 0.999849
86021: 0.999849
86022: 0.999849
86023: 0.999849
86024: 0.999849
86025: 0.999849
86026: 0.999849
86027: 0.999849
86028: 0.999849
86029: 0.999849
86030: 0.999849
86031: 0.999849
86032: 0.999849
86033: 0.999849
86034: 0.999849
86035: 0.999849
86036: 0.999849
86037: 0.999849
86038: 0.999849
86039: 0.999849
86040: 0.999849
86041: 0.999849
86042: 0.999849
86043: 0.999849
86044: 0.999849
86045: 0.999849
86046: 0.999849
86047: 0.999849
86048: 0.999849
86049: 0.999849
86050: 0.999849
86051: 0.999849
86052: 0.999849
86053: 0.999849
86054: 0.999849
86055: 0.999849
86056: 0.999849
86057: 0.999849
86058: 0.999849
86059: 0.999849
86060: 0.999849
86061: 0.999849
86062: 0.999849
86063: 0.999849
86064: 0.999849
86065: 0.999849
86066: 0.999849
86067: 0.999849
86068: 0.999849
86069: 0.999849
86070: 0.999849
86071: 0.999849
86072: 0.999849
86073: 0.999849
86074: 0.999849
86075: 0.999849
86076: 0.999849
86077: 0.999849
86078: 0.999849
86079: 0.999849
86080: 0.999849
86081: 0.999849
86082: 0.999849
86083: 0.999849
86084: 0.999849
86085: 0.999849
86086: 0.999849
86087: 0.999849
86088: 0.999849
86089: 0.999849
86090: 0.999849
86091: 0.999849
86092: 0.999849
86093: 0.999849
86094: 0.999849
86095: 0.999849
86096: 0.999849
86097: 0.999849
86098: 0.999849
86099: 0.999849
86100: 0.999849
86101: 0.999849
86102: 0.999849
86103: 0.999849
86104: 0.999849
86105: 0.999849
86106: 0.999849
86107: 0.999849
86108: 0.999849
86109: 0.999849
86110: 0.999849
86111: 0.999849
86112: 0.999849
86113: 0.999849
86114: 0.999849
86115: 0.999849
86116: 0.999849
86117: 0.999849
86118: 0.999849
86119: 0.999849
86120: 0.999849
86121: 0.999849
86122: 0.999849
86123: 0.999849
86124: 0.999849
86125: 0.999849
86126: 0.999849
86127: 0.999849
86128: 0.999849
86129: 0.999849
86130: 0.999849
86131: 0.999849
86132: 0.999849
86133: 0.999849
86134: 0.999849
86135: 0.999849
86136: 0.999849
86137: 0.999849
86138: 0.999849
86139: 0.999849
86140: 0.999849
86141: 0.999849
86142: 0.999849
86143: 0.999849
86144: 0.999849
86145: 0.999849
86146: 0.999849
86147: 0.999849
86148: 0.999849
86149: 0.999849
86150: 0.999849
86151: 0.999849
86152: 0.999849
86153: 0.999849
86154: 0.999849
86155: 0.999849
86156: 0.999849
86157: 0.999849
86158: 0.999849
86159: 0.999849
86160: 0.999849
86161: 0.999849
86162: 0.999849
86163: 0.999849
86164: 0.999849
86165: 0.999849
86166: 0.999849
86167: 0.999849
86168: 0.999849
86169: 0.999849
86170: 0.999849
86171: 0.999849
86172: 0.999849
86173: 0.999849
86174: 0.999849
86175: 0.999849
86176: 0.999849
86177: 0.999849
86178: 0.999849
86179: 0.999849
86180: 0.999849
86181: 0.999849
86182: 0.999849
86183: 0.999849
86184: 0.999849
86185: 0.999849
86186: 0.999849
86187: 0.999849
86188: 0.999849
86189: 0.999849
86190: 0.999849
86191: 0.999849
86192: 0.999849
86193: 0.999849
86194: 0.999849
86195: 0.999849
86196: 0.999849
86197: 0.999849
86198: 0.999849
86199: 0.999849
86200: 0.999849
86201: 0.999849
86202: 0.999849
86203: 0.999849
86204: 0.999849
86205: 0.999849
86206: 0.999849
86207: 0.999849
86208: 0.999849
86209: 0.999849
86210: 0.999849
86211: 0.999849
86212: 0.999849
86213: 0.999849
86214: 0.999849
86215: 0.999849
86216: 0.999849
86217: 0.999849
86218: 0.999849
86219: 0.999849
86220: 0.999849
86221: 0.999849
86222: 0.999849
86223: 0.999849
86224: 0.999849
86225: 0.999849
86226: 0.999849
86227: 0.999849
86228: 0.999849
86229: 0.999849
86230: 0.999849
86231: 0.999849
86232: 0.999849
86233: 0.999849
86234: 0.999849
86235: 0.999849
86236: 0.999849
86237: 0.999849
86238: 0.999849
86239: 0.999849
86240: 0.999849
86241: 0.999849
86242: 0.999849
86243: 0.999849
86244: 0.999849
86245: 0.999849
86246: 0.999849
86247: 0.999849
86248: 0.999849
86249: 0.999849
86250: 0.999849
86251: 0.999849
86252: 0.999849
86253: 0.999849
86254: 0.999849
86255: 0.999849
86256: 0.999849
86257: 0.999849
86258: 0.999849
86259: 0.999849
86260: 0.999849
86261: 0.999849
86262: 0.999849
86263: 0.999849
86264: 0.999849
86265: 0.999849
86266: 0.999849
86267: 0.999849
86268: 0.999849
86269: 0.999849
86270: 0.999849
86271: 0.999849
86272: 0.999849
86273: 0.999849
86274: 0.999849
86275: 0.999849
86276: 0.999849
86277: 0.999849
86278: 0.999849
86279: 0.999849
86280: 0.999849
86281: 0.999849
86282: 0.999849
86283: 0.999849
86284: 0.999849
86285: 0.999849
86286: 0.999849
86287: 0.999849
86288: 0.999849
86289: 0.999849
86290: 0.999849
86291: 0.999849
86292: 0.999849
86293: 0.999849
86294: 0.999849
86295: 0.999849
86296: 0.999849
86297: 0.999849
86298: 0.999849
86299: 0.999849
86300: 0.999849
86301: 0.999849
86302: 0.999849
86303: 0.999849
86304: 0.999849
86305: 0.999849
86306: 0.999849
86307: 0.999849
86308: 0.999849
86309: 0.999849
86310: 0.999849
86311: 0.999849
86312: 0.999849
86313: 0.999849
86314: 0.999849
86315: 0.999849
86316: 0.999849
86317: 0.999849
86318: 0.999849
86319: 0.999849
86320: 0.999849
86321: 0.999849
86322: 0.999849
86323: 0.999849
86324: 0.999849
86325: 0.999849
86326: 0.999849
86327: 0.999849
86328: 0.999849
86329: 0.999849
86330: 0.999849
86331: 0.999849
86332: 0.999849
86333: 0.999849
86334: 0.999849
86335: 0.999849
86336: 0.999849
86337: 0.999849
86338: 0.999849
86339: 0.999849
86340: 0.999849
86341: 0.999849
86342: 0.999849
86343: 0.999849
86344: 0.999849
86345: 0.999849
86346: 0.999849
86347: 0.999849
86348: 0.999849
86349: 0.999849
86350: 0.999849
86351: 0.999849
86352: 0.999849
86353: 0.999849
86354: 0.999849
86355: 0.999849
86356: 0.999849
86357: 0.999849
86358: 0.999849
86359: 0.999849
86360: 0.999849
86361: 0.999849
86362: 0.999849
86363: 0.999849
86364: 0.999849
86365: 0.999849
86366: 0.999849
86367: 0.999849
86368: 0.999849
86369: 0.999849
86370: 0.999849
86371: 0.999849
86372: 0.999849
86373: 0.999849
86374: 0.999849
86375: 0.999849
86376: 0.999849
86377: 0.999849
86378: 0.99985
86379: 0.99985
86380: 0.99985
86381: 0.99985
86382: 0.99985
86383: 0.99985
86384: 0.99985
86385: 0.99985
86386: 0.99985
86387: 0.99985
86388: 0.99985
86389: 0.99985
86390: 0.99985
86391: 0.99985
86392: 0.99985
86393: 0.99985
86394: 0.99985
86395: 0.99985
86396: 0.99985
86397: 0.99985
86398: 0.99985
86399: 0.99985
86400: 0.99985
86401: 0.99985
86402: 0.99985
86403: 0.99985
86404: 0.99985
86405: 0.99985
86406: 0.99985
86407: 0.99985
86408: 0.99985
86409: 0.99985
86410: 0.99985
86411: 0.99985
86412: 0.99985
86413: 0.99985
86414: 0.99985
86415: 0.99985
86416: 0.99985
86417: 0.99985
86418: 0.99985
86419: 0.99985
86420: 0.99985
86421: 0.99985
86422: 0.99985
86423: 0.99985
86424: 0.99985
86425: 0.99985
86426: 0.99985
86427: 0.99985
86428: 0.99985
86429: 0.99985
86430: 0.99985
86431: 0.99985
86432: 0.99985
86433: 0.99985
86434: 0.99985
86435: 0.99985
86436: 0.99985
86437: 0.99985
86438: 0.99985
86439: 0.99985
86440: 0.99985
86441: 0.99985
86442: 0.99985
86443: 0.99985
86444: 0.99985
86445: 0.99985
86446: 0.99985
86447: 0.99985
86448: 0.99985
86449: 0.99985
86450: 0.99985
86451: 0.99985
86452: 0.99985
86453: 0.99985
86454: 0.99985
86455: 0.99985
86456: 0.99985
86457: 0.99985
86458: 0.99985
86459: 0.99985
86460: 0.99985
86461: 0.99985
86462: 0.99985
86463: 0.99985
86464: 0.99985
86465: 0.99985
86466: 0.99985
86467: 0.99985
86468: 0.99985
86469: 0.99985
86470: 0.99985
86471: 0.99985
86472: 0.99985
86473: 0.99985
86474: 0.99985
86475: 0.99985
86476: 0.99985
86477: 0.99985
86478: 0.99985
86479: 0.99985
86480: 0.99985
86481: 0.99985
86482: 0.99985
86483: 0.99985
86484: 0.99985
86485: 0.99985
86486: 0.99985
86487: 0.99985
86488: 0.99985
86489: 0.99985
86490: 0.99985
86491: 0.99985
86492: 0.99985
86493: 0.99985
86494: 0.99985
86495: 0.99985
86496: 0.99985
86497: 0.99985
86498: 0.99985
86499: 0.99985
86500: 0.99985
86501: 0.99985
86502: 0.99985
86503: 0.99985
86504: 0.99985
86505: 0.99985
86506: 0.99985
86507: 0.99985
86508: 0.99985
86509: 0.99985
86510: 0.99985
86511: 0.99985
86512: 0.99985
86513: 0.99985
86514: 0.99985
86515: 0.99985
86516: 0.99985
86517: 0.99985
86518: 0.99985
86519: 0.99985
86520: 0.99985
86521: 0.99985
86522: 0.99985
86523: 0.99985
86524: 0.99985
86525: 0.99985
86526: 0.99985
86527: 0.99985
86528: 0.99985
86529: 0.99985
86530: 0.99985
86531: 0.99985
86532: 0.99985
86533: 0.99985
86534: 0.99985
86535: 0.99985
86536: 0.99985
86537: 0.99985
86538: 0.99985
86539: 0.99985
86540: 0.99985
86541: 0.99985
86542: 0.99985
86543: 0.99985
86544: 0.99985
86545: 0.99985
86546: 0.99985
86547: 0.99985
86548: 0.99985
86549: 0.99985
86550: 0.99985
86551: 0.99985
86552: 0.99985
86553: 0.99985
86554: 0.99985
86555: 0.99985
86556: 0.99985
86557: 0.99985
86558: 0.99985
86559: 0.99985
86560: 0.99985
86561: 0.99985
86562: 0.99985
86563: 0.99985
86564: 0.99985
86565: 0.99985
86566: 0.99985
86567: 0.99985
86568: 0.99985
86569: 0.99985
86570: 0.99985
86571: 0.99985
86572: 0.99985
86573: 0.99985
86574: 0.99985
86575: 0.99985
86576: 0.99985
86577: 0.99985
86578: 0.99985
86579: 0.99985
86580: 0.99985
86581: 0.99985
86582: 0.99985
86583: 0.99985
86584: 0.99985
86585: 0.99985
86586: 0.99985
86587: 0.99985
86588: 0.99985
86589: 0.99985
86590: 0.99985
86591: 0.99985
86592: 0.99985
86593: 0.99985
86594: 0.99985
86595: 0.99985
86596: 0.99985
86597: 0.99985
86598: 0.99985
86599: 0.99985
86600: 0.99985
86601: 0.99985
86602: 0.99985
86603: 0.99985
86604: 0.99985
86605: 0.99985
86606: 0.99985
86607: 0.99985
86608: 0.99985
86609: 0.99985
86610: 0.99985
86611: 0.99985
86612: 0.99985
86613: 0.99985
86614: 0.99985
86615: 0.99985
86616: 0.99985
86617: 0.99985
86618: 0.99985
86619: 0.99985
86620: 0.99985
86621: 0.99985
86622: 0.99985
86623: 0.99985
86624: 0.99985
86625: 0.99985
86626: 0.99985
86627: 0.99985
86628: 0.99985
86629: 0.99985
86630: 0.99985
86631: 0.99985
86632: 0.99985
86633: 0.99985
86634: 0.99985
86635: 0.99985
86636: 0.99985
86637: 0.99985
86638: 0.99985
86639: 0.99985
86640: 0.99985
86641: 0.99985
86642: 0.99985
86643: 0.99985
86644: 0.99985
86645: 0.99985
86646: 0.99985
86647: 0.99985
86648: 0.99985
86649: 0.99985
86650: 0.99985
86651: 0.99985
86652: 0.99985
86653: 0.99985
86654: 0.99985
86655: 0.99985
86656: 0.99985
86657: 0.99985
86658: 0.99985
86659: 0.99985
86660: 0.99985
86661: 0.99985
86662: 0.99985
86663: 0.99985
86664: 0.99985
86665: 0.99985
86666: 0.99985
86667: 0.99985
86668: 0.99985
86669: 0.99985
86670: 0.99985
86671: 0.99985
86672: 0.99985
86673: 0.99985
86674: 0.99985
86675: 0.99985
86676: 0.99985
86677: 0.99985
86678: 0.99985
86679: 0.99985
86680: 0.99985
86681: 0.99985
86682: 0.99985
86683: 0.99985
86684: 0.99985
86685: 0.99985
86686: 0.99985
86687: 0.99985
86688: 0.99985
86689: 0.99985
86690: 0.99985
86691: 0.99985
86692: 0.99985
86693: 0.99985
86694: 0.99985
86695: 0.99985
86696: 0.99985
86697: 0.99985
86698: 0.99985
86699: 0.99985
86700: 0.99985
86701: 0.99985
86702: 0.99985
86703: 0.99985
86704: 0.99985
86705: 0.99985
86706: 0.99985
86707: 0.99985
86708: 0.99985
86709: 0.99985
86710: 0.99985
86711: 0.99985
86712: 0.99985
86713: 0.99985
86714: 0.99985
86715: 0.99985
86716: 0.99985
86717: 0.99985
86718: 0.99985
86719: 0.99985
86720: 0.99985
86721: 0.99985
86722: 0.99985
86723: 0.99985
86724: 0.99985
86725: 0.99985
86726: 0.99985
86727: 0.99985
86728: 0.99985
86729: 0.99985
86730: 0.99985
86731: 0.99985
86732: 0.99985
86733: 0.99985
86734: 0.99985
86735: 0.99985
86736: 0.99985
86737: 0.99985
86738: 0.99985
86739: 0.99985
86740: 0.99985
86741: 0.99985
86742: 0.99985
86743: 0.99985
86744: 0.99985
86745: 0.99985
86746: 0.99985
86747: 0.99985
86748: 0.99985
86749: 0.99985
86750: 0.99985
86751: 0.99985
86752: 0.99985
86753: 0.99985
86754: 0.99985
86755: 0.99985
86756: 0.99985
86757: 0.99985
86758: 0.99985
86759: 0.99985
86760: 0.99985
86761: 0.99985
86762: 0.99985
86763: 0.99985
86764: 0.99985
86765: 0.99985
86766: 0.99985
86767: 0.99985
86768: 0.99985
86769: 0.99985
86770: 0.99985
86771: 0.99985
86772: 0.99985
86773: 0.99985
86774: 0.99985
86775: 0.99985
86776: 0.99985
86777: 0.99985
86778: 0.99985
86779: 0.99985
86780: 0.99985
86781: 0.99985
86782: 0.99985
86783: 0.99985
86784: 0.99985
86785: 0.99985
86786: 0.99985
86787: 0.99985
86788: 0.99985
86789: 0.99985
86790: 0.99985
86791: 0.99985
86792: 0.99985
86793: 0.99985
86794: 0.99985
86795: 0.99985
86796: 0.99985
86797: 0.99985
86798: 0.99985
86799: 0.99985
86800: 0.99985
86801: 0.99985
86802: 0.99985
86803: 0.99985
86804: 0.99985
86805: 0.99985
86806: 0.99985
86807: 0.99985
86808: 0.99985
86809: 0.99985
86810: 0.99985
86811: 0.99985
86812: 0.99985
86813: 0.99985
86814: 0.99985
86815: 0.99985
86816: 0.99985
86817: 0.99985
86818: 0.99985
86819: 0.99985
86820: 0.99985
86821: 0.99985
86822: 0.99985
86823: 0.99985
86824: 0.99985
86825: 0.99985
86826: 0.99985
86827: 0.99985
86828: 0.99985
86829: 0.99985
86830: 0.99985
86831: 0.99985
86832: 0.99985
86833: 0.99985
86834: 0.99985
86835: 0.99985
86836: 0.99985
86837: 0.99985
86838: 0.99985
86839: 0.99985
86840: 0.99985
86841: 0.99985
86842: 0.99985
86843: 0.99985
86844: 0.99985
86845: 0.99985
86846: 0.99985
86847: 0.99985
86848: 0.99985
86849: 0.99985
86850: 0.99985
86851: 0.99985
86852: 0.99985
86853: 0.99985
86854: 0.99985
86855: 0.99985
86856: 0.99985
86857: 0.99985
86858: 0.99985
86859: 0.99985
86860: 0.99985
86861: 0.99985
86862: 0.99985
86863: 0.99985
86864: 0.99985
86865: 0.99985
86866: 0.99985
86867: 0.99985
86868: 0.99985
86869: 0.99985
86870: 0.99985
86871: 0.99985
86872: 0.99985
86873: 0.99985
86874: 0.99985
86875: 0.99985
86876: 0.99985
86877: 0.99985
86878: 0.99985
86879: 0.99985
86880: 0.99985
86881: 0.99985
86882: 0.99985
86883: 0.99985
86884: 0.99985
86885: 0.99985
86886: 0.99985
86887: 0.99985
86888: 0.99985
86889: 0.99985
86890: 0.99985
86891: 0.99985
86892: 0.99985
86893: 0.99985
86894: 0.99985
86895: 0.99985
86896: 0.99985
86897: 0.99985
86898: 0.99985
86899: 0.99985
86900: 0.99985
86901: 0.99985
86902: 0.99985
86903: 0.99985
86904: 0.99985
86905: 0.99985
86906: 0.99985
86907: 0.99985
86908: 0.99985
86909: 0.99985
86910: 0.99985
86911: 0.99985
86912: 0.99985
86913: 0.99985
86914: 0.99985
86915: 0.99985
86916: 0.99985
86917: 0.99985
86918: 0.99985
86919: 0.99985
86920: 0.99985
86921: 0.99985
86922: 0.99985
86923: 0.99985
86924: 0.99985
86925: 0.99985
86926: 0.99985
86927: 0.99985
86928: 0.99985
86929: 0.99985
86930: 0.99985
86931: 0.99985
86932: 0.99985
86933: 0.99985
86934: 0.99985
86935: 0.99985
86936: 0.99985
86937: 0.99985
86938: 0.99985
86939: 0.99985
86940: 0.99985
86941: 0.99985
86942: 0.99985
86943: 0.99985
86944: 0.99985
86945: 0.99985
86946: 0.99985
86947: 0.99985
86948: 0.99985
86949: 0.99985
86950: 0.99985
86951: 0.99985
86952: 0.99985
86953: 0.99985
86954: 0.99985
86955: 0.99985
86956: 0.999851
86957: 0.999851
86958: 0.999851
86959: 0.999851
86960: 0.999851
86961: 0.999851
86962: 0.999851
86963: 0.999851
86964: 0.999851
86965: 0.999851
86966: 0.999851
86967: 0.999851
86968: 0.999851
86969: 0.999851
86970: 0.999851
86971: 0.999851
86972: 0.999851
86973: 0.999851
86974: 0.999851
86975: 0.999851
86976: 0.999851
86977: 0.999851
86978: 0.999851
86979: 0.999851
86980: 0.999851
86981: 0.999851
86982: 0.999851
86983: 0.999851
86984: 0.999851
86985: 0.999851
86986: 0.999851
86987: 0.999851
86988: 0.999851
86989: 0.999851
86990: 0.999851
86991: 0.999851
86992: 0.999851
86993: 0.999851
86994: 0.999851
86995: 0.999851
86996: 0.999851
86997: 0.999851
86998: 0.999851
86999: 0.999851
87000: 0.999851
87001: 0.999851
87002: 0.999851
87003: 0.999851
87004: 0.999851
87005: 0.999851
87006: 0.999851
87007: 0.999851
87008: 0.999851
87009: 0.999851
87010: 0.999851
87011: 0.999851
87012: 0.999851
87013: 0.999851
87014: 0.999851
87015: 0.999851
87016: 0.999851
87017: 0.999851
87018: 0.999851
87019: 0.999851
87020: 0.999851
87021: 0.999851
87022: 0.999851
87023: 0.999851
87024: 0.999851
87025: 0.999851
87026: 0.999851
87027: 0.999851
87028: 0.999851
87029: 0.999851
87030: 0.999851
87031: 0.999851
87032: 0.999851
87033: 0.999851
87034: 0.999851
87035: 0.999851
87036: 0.999851
87037: 0.999851
87038: 0.999851
87039: 0.999851
87040: 0.999851
87041: 0.999851
87042: 0.999851
87043: 0.999851
87044: 0.999851
87045: 0.999851
87046: 0.999851
87047: 0.999851
87048: 0.999851
87049: 0.999851
87050: 0.999851
87051: 0.999851
87052: 0.999851
87053: 0.999851
87054: 0.999851
87055: 0.999851
87056: 0.999851
87057: 0.999851
87058: 0.999851
87059: 0.999851
87060: 0.999851
87061: 0.999851
87062: 0.999851
87063: 0.999851
87064: 0.999851
87065: 0.999851
87066: 0.999851
87067: 0.999851
87068: 0.999851
87069: 0.999851
87070: 0.999851
87071: 0.999851
87072: 0.999851
87073: 0.999851
87074: 0.999851
87075: 0.999851
87076: 0.999851
87077: 0.999851
87078: 0.999851
87079: 0.999851
87080: 0.999851
87081: 0.999851
87082: 0.999851
87083: 0.999851
87084: 0.999851
87085: 0.999851
87086: 0.999851
87087: 0.999851
87088: 0.999851
87089: 0.999851
87090: 0.999851
87091: 0.999851
87092: 0.999851
87093: 0.999851
87094: 0.999851
87095: 0.999851
87096: 0.999851
87097: 0.999851
87098: 0.999851
87099: 0.999851
87100: 0.999851
87101: 0.999851
87102: 0.999851
87103: 0.999851
87104: 0.999851
87105: 0.999851
87106: 0.999851
87107: 0.999851
87108: 0.999851
87109: 0.999851
87110: 0.999851
87111: 0.999851
87112: 0.999851
87113: 0.999851
87114: 0.999851
87115: 0.999851
87116: 0.999851
87117: 0.999851
87118: 0.999851
87119: 0.999851
87120: 0.999851
87121: 0.999851
87122: 0.999851
87123: 0.999851
87124: 0.999851
87125: 0.999851
87126: 0.999851
87127: 0.999851
87128: 0.999851
87129: 0.999851
87130: 0.999851
87131: 0.999851
87132: 0.999851
87133: 0.999851
87134: 0.999851
87135: 0.999851
87136: 0.999851
87137: 0.999851
87138: 0.999851
87139: 0.999851
87140: 0.999851
87141: 0.999851
87142: 0.999851
87143: 0.999851
87144: 0.999851
87145: 0.999851
87146: 0.999851
87147: 0.999851
87148: 0.999851
87149: 0.999851
87150: 0.999851
87151: 0.999851
87152: 0.999851
87153: 0.999851
87154: 0.999851
87155: 0.999851
87156: 0.999851
87157: 0.999851
87158: 0.999851
87159: 0.999851
87160: 0.999851
87161: 0.999851
87162: 0.999851
87163: 0.999851
87164: 0.999851
87165: 0.999851
87166: 0.999851
87167: 0.999851
87168: 0.999851
87169: 0.999851
87170: 0.999851
87171: 0.999851
87172: 0.999851
87173: 0.999851
87174: 0.999851
87175: 0.999851
87176: 0.999851
87177: 0.999851
87178: 0.999851
87179: 0.999851
87180: 0.999851
87181: 0.999851
87182: 0.999851
87183: 0.999851
87184: 0.999851
87185: 0.999851
87186: 0.999851
87187: 0.999851
87188: 0.999851
87189: 0.999851
87190: 0.999851
87191: 0.999851
87192: 0.999851
87193: 0.999851
87194: 0.999851
87195: 0.999851
87196: 0.999851
87197: 0.999851
87198: 0.999851
87199: 0.999851
87200: 0.999851
87201: 0.999851
87202: 0.999851
87203: 0.999851
87204: 0.999851
87205: 0.999851
87206: 0.999851
87207: 0.999851
87208: 0.999851
87209: 0.999851
87210: 0.999851
87211: 0.999851
87212: 0.999851
87213: 0.999851
87214: 0.999851
87215: 0.999851
87216: 0.999851
87217: 0.999851
87218: 0.999851
87219: 0.999851
87220: 0.999851
87221: 0.999851
87222: 0.999851
87223: 0.999851
87224: 0.999851
87225: 0.999851
87226: 0.999851
87227: 0.999851
87228: 0.999851
87229: 0.999851
87230: 0.999851
87231: 0.999851
87232: 0.999851
87233: 0.999851
87234: 0.999851
87235: 0.999851
87236: 0.999851
87237: 0.999851
87238: 0.999851
87239: 0.999851
87240: 0.999851
87241: 0.999851
87242: 0.999851
87243: 0.999851
87244: 0.999851
87245: 0.999851
87246: 0.999851
87247: 0.999851
87248: 0.999851
87249: 0.999851
87250: 0.999851
87251: 0.999851
87252: 0.999851
87253: 0.999851
87254: 0.999851
87255: 0.999851
87256: 0.999851
87257: 0.999851
87258: 0.999851
87259: 0.999851
87260: 0.999851
87261: 0.999851
87262: 0.999851
87263: 0.999851
87264: 0.999851
87265: 0.999851
87266: 0.999851
87267: 0.999851
87268: 0.999851
87269: 0.999851
87270: 0.999851
87271: 0.999851
87272: 0.999851
87273: 0.999851
87274: 0.999851
87275: 0.999851
87276: 0.999851
87277: 0.999851
87278: 0.999851
87279: 0.999851
87280: 0.999851
87281: 0.999851
87282: 0.999851
87283: 0.999851
87284: 0.999851
87285: 0.999851
87286: 0.999851
87287: 0.999851
87288: 0.999851
87289: 0.999851
87290: 0.999851
87291: 0.999851
87292: 0.999851
87293: 0.999851
87294: 0.999851
87295: 0.999851
87296: 0.999851
87297: 0.999851
87298: 0.999851
87299: 0.999851
87300: 0.999851
87301: 0.999851
87302: 0.999851
87303: 0.999851
87304: 0.999851
87305: 0.999851
87306: 0.999851
87307: 0.999851
87308: 0.999851
87309: 0.999851
87310: 0.999851
87311: 0.999851
87312: 0.999851
87313: 0.999851
87314: 0.999851
87315: 0.999851
87316: 0.999851
87317: 0.999851
87318: 0.999851
87319: 0.999851
87320: 0.999851
87321: 0.999851
87322: 0.999851
87323: 0.999851
87324: 0.999851
87325: 0.999851
87326: 0.999851
87327: 0.999851
87328: 0.999851
87329: 0.999851
87330: 0.999851
87331: 0.999851
87332: 0.999851
87333: 0.999851
87334: 0.999851
87335: 0.999851
87336: 0.999851
87337: 0.999851
87338: 0.999851
87339: 0.999851
87340: 0.999851
87341: 0.999851
87342: 0.999851
87343: 0.999851
87344: 0.999851
87345: 0.999851
87346: 0.999851
87347: 0.999851
87348: 0.999851
87349: 0.999851
87350: 0.999851
87351: 0.999851
87352: 0.999851
87353: 0.999851
87354: 0.999851
87355: 0.999851
87356: 0.999851
87357: 0.999851
87358: 0.999851
87359: 0.999851
87360: 0.999851
87361: 0.999851
87362: 0.999851
87363: 0.999851
87364: 0.999851
87365: 0.999851
87366: 0.999851
87367: 0.999851
87368: 0.999851
87369: 0.999851
87370: 0.999851
87371: 0.999851
87372: 0.999851
87373: 0.999851
87374: 0.999851
87375: 0.999851
87376: 0.999851
87377: 0.999851
87378: 0.999851
87379: 0.999851
87380: 0.999851
87381: 0.999851
87382: 0.999851
87383: 0.999851
87384: 0.999851
87385: 0.999851
87386: 0.999851
87387: 0.999851
87388: 0.999851
87389: 0.999851
87390: 0.999851
87391: 0.999851
87392: 0.999851
87393: 0.999851
87394: 0.999851
87395: 0.999851
87396: 0.999851
87397: 0.999851
87398: 0.999851
87399: 0.999851
87400: 0.999851
87401: 0.999851
87402: 0.999851
87403: 0.999851
87404: 0.999851
87405: 0.999851
87406: 0.999851
87407: 0.999851
87408: 0.999851
87409: 0.999851
87410: 0.999851
87411: 0.999851
87412: 0.999851
87413: 0.999851
87414: 0.999851
87415: 0.999851
87416: 0.999851
87417: 0.999851
87418: 0.999851
87419: 0.999851
87420: 0.999851
87421: 0.999851
87422: 0.999851
87423: 0.999851
87424: 0.999851
87425: 0.999851
87426: 0.999851
87427: 0.999851
87428: 0.999851
87429: 0.999851
87430: 0.999851
87431: 0.999851
87432: 0.999851
87433: 0.999851
87434: 0.999851
87435: 0.999851
87436: 0.999851
87437: 0.999851
87438: 0.999851
87439: 0.999851
87440: 0.999851
87441: 0.999851
87442: 0.999851
87443: 0.999851
87444: 0.999851
87445: 0.999851
87446: 0.999851
87447: 0.999851
87448: 0.999851
87449: 0.999851
87450: 0.999851
87451: 0.999851
87452: 0.999851
87453: 0.999851
87454: 0.999851
87455: 0.999851
87456: 0.999851
87457: 0.999851
87458: 0.999851
87459: 0.999851
87460: 0.999851
87461: 0.999851
87462: 0.999851
87463: 0.999851
87464: 0.999851
87465: 0.999851
87466: 0.999851
87467: 0.999851
87468: 0.999851
87469: 0.999851
87470: 0.999851
87471: 0.999851
87472: 0.999851
87473: 0.999851
87474: 0.999851
87475: 0.999851
87476: 0.999851
87477: 0.999851
87478: 0.999851
87479: 0.999851
87480: 0.999851
87481: 0.999851
87482: 0.999851
87483: 0.999851
87484: 0.999851
87485: 0.999851
87486: 0.999851
87487: 0.999851
87488: 0.999851
87489: 0.999851
87490: 0.999851
87491: 0.999851
87492: 0.999851
87493: 0.999851
87494: 0.999851
87495: 0.999851
87496: 0.999851
87497: 0.999851
87498: 0.999851
87499: 0.999851
87500: 0.999851
87501: 0.999851
87502: 0.999851
87503: 0.999851
87504: 0.999851
87505: 0.999851
87506: 0.999851
87507: 0.999851
87508: 0.999851
87509: 0.999851
87510: 0.999851
87511: 0.999851
87512: 0.999851
87513: 0.999851
87514: 0.999851
87515: 0.999851
87516: 0.999851
87517: 0.999851
87518: 0.999851
87519: 0.999851
87520: 0.999851
87521: 0.999851
87522: 0.999851
87523: 0.999851
87524: 0.999851
87525: 0.999851
87526: 0.999851
87527: 0.999851
87528: 0.999851
87529: 0.999851
87530: 0.999851
87531: 0.999851
87532: 0.999851
87533: 0.999851
87534: 0.999851
87535: 0.999851
87536: 0.999851
87537: 0.999851
87538: 0.999851
87539: 0.999851
87540: 0.999851
87541: 0.999851
87542: 0.999852
87543: 0.999852
87544: 0.999852
87545: 0.999852
87546: 0.999852
87547: 0.999852
87548: 0.999852
87549: 0.999852
87550: 0.999852
87551: 0.999852
87552: 0.999852
87553: 0.999852
87554: 0.999852
87555: 0.999852
87556: 0.999852
87557: 0.999852
87558: 0.999852
87559: 0.999852
87560: 0.999852
87561: 0.999852
87562: 0.999852
87563: 0.999852
87564: 0.999852
87565: 0.999852
87566: 0.999852
87567: 0.999852
87568: 0.999852
87569: 0.999852
87570: 0.999852
87571: 0.999852
87572: 0.999852
87573: 0.999852
87574: 0.999852
87575: 0.999852
87576: 0.999852
87577: 0.999852
87578: 0.999852
87579: 0.999852
87580: 0.999852
87581: 0.999852
87582: 0.999852
87583: 0.999852
87584: 0.999852
87585: 0.999852
87586: 0.999852
87587: 0.999852
87588: 0.999852
87589: 0.999852
87590: 0.999852
87591: 0.999852
87592: 0.999852
87593: 0.999852
87594: 0.999852
87595: 0.999852
87596: 0.999852
87597: 0.999852
87598: 0.999852
87599: 0.999852
87600: 0.999852
87601: 0.999852
87602: 0.999852
87603: 0.999852
87604: 0.999852
87605: 0.999852
87606: 0.999852
87607: 0.999852
87608: 0.999852
87609: 0.999852
87610: 0.999852
87611: 0.999852
87612: 0.999852
87613: 0.999852
87614: 0.999852
87615: 0.999852
87616: 0.999852
87617: 0.999852
87618: 0.999852
87619: 0.999852
87620: 0.999852
87621: 0.999852
87622: 0.999852
87623: 0.999852
87624: 0.999852
87625: 0.999852
87626: 0.999852
87627: 0.999852
87628: 0.999852
87629: 0.999852
87630: 0.999852
87631: 0.999852
87632: 0.999852
87633: 0.999852
87634: 0.999852
87635: 0.999852
87636: 0.999852
87637: 0.999852
87638: 0.999852
87639: 0.999852
87640: 0.999852
87641: 0.999852
87642: 0.999852
87643: 0.999852
87644: 0.999852
87645: 0.999852
87646: 0.999852
87647: 0.999852
87648: 0.999852
87649: 0.999852
87650: 0.999852
87651: 0.999852
87652: 0.999852
87653: 0.999852
87654: 0.999852
87655: 0.999852
87656: 0.999852
87657: 0.999852
87658: 0.999852
87659: 0.999852
87660: 0.999852
87661: 0.999852
87662: 0.999852
87663: 0.999852
87664: 0.999852
87665: 0.999852
87666: 0.999852
87667: 0.999852
87668: 0.999852
87669: 0.999852
87670: 0.999852
87671: 0.999852
87672: 0.999852
87673: 0.999852
87674: 0.999852
87675: 0.999852
87676: 0.999852
87677: 0.999852
87678: 0.999852
87679: 0.999852
87680: 0.999852
87681: 0.999852
87682: 0.999852
87683: 0.999852
87684: 0.999852
87685: 0.999852
87686: 0.999852
87687: 0.999852
87688: 0.999852
87689: 0.999852
87690: 0.999852
87691: 0.999852
87692: 0.999852
87693: 0.999852
87694: 0.999852
87695: 0.999852
87696: 0.999852
87697: 0.999852
87698: 0.999852
87699: 0.999852
87700: 0.999852
87701: 0.999852
87702: 0.999852
87703: 0.999852
87704: 0.999852
87705: 0.999852
87706: 0.999852
87707: 0.999852
87708: 0.999852
87709: 0.999852
87710: 0.999852
87711: 0.999852
87712: 0.999852
87713: 0.999852
87714: 0.999852
87715: 0.999852
87716: 0.999852
87717: 0.999852
87718: 0.999852
87719: 0.999852
87720: 0.999852
87721: 0.999852
87722: 0.999852
87723: 0.999852
87724: 0.999852
87725: 0.999852
87726: 0.999852
87727: 0.999852
87728: 0.999852
87729: 0.999852
87730: 0.999852
87731: 0.999852
87732: 0.999852
87733: 0.999852
87734: 0.999852
87735: 0.999852
87736: 0.999852
87737: 0.999852
87738: 0.999852
87739: 0.999852
87740: 0.999852
87741: 0.999852
87742: 0.999852
87743: 0.999852
87744: 0.999852
87745: 0.999852
87746: 0.999852
87747: 0.999852
87748: 0.999852
87749: 0.999852
87750: 0.999852
87751: 0.999852
87752: 0.999852
87753: 0.999852
87754: 0.999852
87755: 0.999852
87756: 0.999852
87757: 0.999852
87758: 0.999852
87759: 0.999852
87760: 0.999852
87761: 0.999852
87762: 0.999852
87763: 0.999852
87764: 0.999852
87765: 0.999852
87766: 0.999852
87767: 0.999852
87768: 0.999852
87769: 0.999852
87770: 0.999852
87771: 0.999852
87772: 0.999852
87773: 0.999852
87774: 0.999852
87775: 0.999852
87776: 0.999852
87777: 0.999852
87778: 0.999852
87779: 0.999852
87780: 0.999852
87781: 0.999852
87782: 0.999852
87783: 0.999852
87784: 0.999852
87785: 0.999852
87786: 0.999852
87787: 0.999852
87788: 0.999852
87789: 0.999852
87790: 0.999852
87791: 0.999852
87792: 0.999852
87793: 0.999852
87794: 0.999852
87795: 0.999852
87796: 0.999852
87797: 0.999852
87798: 0.999852
87799: 0.999852
87800: 0.999852
87801: 0.999852
87802: 0.999852
87803: 0.999852
87804: 0.999852
87805: 0.999852
87806: 0.999852
87807: 0.999852
87808: 0.999852
87809: 0.999852
87810: 0.999852
87811: 0.999852
87812: 0.999852
87813: 0.999852
87814: 0.999852
87815: 0.999852
87816: 0.999852
87817: 0.999852
87818: 0.999852
87819: 0.999852
87820: 0.999852
87821: 0.999852
87822: 0.999852
87823: 0.999852
87824: 0.999852
87825: 0.999852
87826: 0.999852
87827: 0.999852
87828: 0.999852
87829: 0.999852
87830: 0.999852
87831: 0.999852
87832: 0.999852
87833: 0.999852
87834: 0.999852
87835: 0.999852
87836: 0.999852
87837: 0.999852
87838: 0.999852
87839: 0.999852
87840: 0.999852
87841: 0.999852
87842: 0.999852
87843: 0.999852
87844: 0.999852
87845: 0.999852
87846: 0.999852
87847: 0.999852
87848: 0.999852
87849: 0.999852
87850: 0.999852
87851: 0.999852
87852: 0.999852
87853: 0.999852
87854: 0.999852
87855: 0.999852
87856: 0.999852
87857: 0.999852
87858: 0.999852
87859: 0.999852
87860: 0.999852
87861: 0.999852
87862: 0.999852
87863: 0.999852
87864: 0.999852
87865: 0.999852
87866: 0.999852
87867: 0.999852
87868: 0.999852
87869: 0.999852
87870: 0.999852
87871: 0.999852
87872: 0.999852
87873: 0.999852
87874: 0.999852
87875: 0.999852
87876: 0.999852
87877: 0.999852
87878: 0.999852
87879: 0.999852
87880: 0.999852
87881: 0.999852
87882: 0.999852
87883: 0.999852
87884: 0.999852
87885: 0.999852
87886: 0.999852
87887: 0.999852
87888: 0.999852
87889: 0.999852
87890: 0.999852
87891: 0.999852
87892: 0.999852
87893: 0.999852
87894: 0.999852
87895: 0.999852
87896: 0.999852
87897: 0.999852
87898: 0.999852
87899: 0.999852
87900: 0.999852
87901: 0.999852
87902: 0.999852
87903: 0.999852
87904: 0.999852
87905: 0.999852
87906: 0.999852
87907: 0.999852
87908: 0.999852
87909: 0.999852
87910: 0.999852
87911: 0.999852
87912: 0.999852
87913: 0.999852
87914: 0.999852
87915: 0.999852
87916: 0.999852
87917: 0.999852
87918: 0.999852
87919: 0.999852
87920: 0.999852
87921: 0.999852
87922: 0.999852
87923: 0.999852
87924: 0.999852
87925: 0.999852
87926: 0.999852
87927: 0.999852
87928: 0.999852
87929: 0.999852
87930: 0.999852
87931: 0.999852
87932: 0.999852
87933: 0.999852
87934: 0.999852
87935: 0.999852
87936: 0.999852
87937: 0.999852
87938: 0.999852
87939: 0.999852
87940: 0.999852
87941: 0.999852
87942: 0.999852
87943: 0.999852
87944: 0.999852
87945: 0.999852
87946: 0.999852
87947: 0.999852
87948: 0.999852
87949: 0.999852
87950: 0.999852
87951: 0.999852
87952: 0.999852
87953: 0.999852
87954: 0.999852
87955: 0.999852
87956: 0.999852
87957: 0.999852
87958: 0.999852
87959: 0.999852
87960: 0.999852
87961: 0.999852
87962: 0.999852
87963: 0.999852
87964: 0.999852
87965: 0.999852
87966: 0.999852
87967: 0.999852
87968: 0.999852
87969: 0.999852
87970: 0.999852
87971: 0.999852
87972: 0.999852
87973: 0.999852
87974: 0.999852
87975: 0.999852
87976: 0.999852
87977: 0.999852
87978: 0.999852
87979: 0.999852
87980: 0.999852
87981: 0.999852
87982: 0.999852
87983: 0.999852
87984: 0.999852
87985: 0.999852
87986: 0.999852
87987: 0.999852
87988: 0.999852
87989: 0.999852
87990: 0.999852
87991: 0.999852
87992: 0.999852
87993: 0.999852
87994: 0.999852
87995: 0.999852
87996: 0.999852
87997: 0.999852
87998: 0.999852
87999: 0.999852
88000: 0.999852
88001: 0.999852
88002: 0.999852
88003: 0.999852
88004: 0.999852
88005: 0.999852
88006: 0.999852
88007: 0.999852
88008: 0.999852
88009: 0.999852
88010: 0.999852
88011: 0.999852
88012: 0.999852
88013: 0.999852
88014: 0.999852
88015: 0.999852
88016: 0.999852
88017: 0.999852
88018: 0.999852
88019: 0.999852
88020: 0.999852
88021: 0.999852
88022: 0.999852
88023: 0.999852
88024: 0.999852
88025: 0.999852
88026: 0.999852
88027: 0.999852
88028: 0.999852
88029: 0.999852
88030: 0.999852
88031: 0.999852
88032: 0.999852
88033: 0.999852
88034: 0.999852
88035: 0.999852
88036: 0.999852
88037: 0.999852
88038: 0.999852
88039: 0.999852
88040: 0.999852
88041: 0.999852
88042: 0.999852
88043: 0.999852
88044: 0.999852
88045: 0.999852
88046: 0.999852
88047: 0.999852
88048: 0.999852
88049: 0.999852
88050: 0.999852
88051: 0.999852
88052: 0.999852
88053: 0.999852
88054: 0.999852
88055: 0.999852
88056: 0.999852
88057: 0.999852
88058: 0.999852
88059: 0.999852
88060: 0.999852
88061: 0.999852
88062: 0.999852
88063: 0.999852
88064: 0.999852
88065: 0.999852
88066: 0.999852
88067: 0.999852
88068: 0.999852
88069: 0.999852
88070: 0.999852
88071: 0.999852
88072: 0.999852
88073: 0.999852
88074: 0.999852
88075: 0.999852
88076: 0.999852
88077: 0.999852
88078: 0.999852
88079: 0.999852
88080: 0.999852
88081: 0.999852
88082: 0.999852
88083: 0.999852
88084: 0.999852
88085: 0.999852
88086: 0.999852
88087: 0.999852
88088: 0.999852
88089: 0.999852
88090: 0.999852
88091: 0.999852
88092: 0.999852
88093: 0.999852
88094: 0.999852
88095: 0.999852
88096: 0.999852
88097: 0.999852
88098: 0.999852
88099: 0.999852
88100: 0.999852
88101: 0.999852
88102: 0.999852
88103: 0.999852
88104: 0.999852
88105: 0.999852
88106: 0.999852
88107: 0.999852
88108: 0.999852
88109: 0.999852
88110: 0.999852
88111: 0.999852
88112: 0.999852
88113: 0.999852
88114: 0.999852
88115: 0.999852
88116: 0.999852
88117: 0.999852
88118: 0.999852
88119: 0.999852
88120: 0.999852
88121: 0.999852
88122: 0.999852
88123: 0.999852
88124: 0.999852
88125: 0.999852
88126: 0.999852
88127: 0.999852
88128: 0.999852
88129: 0.999852
88130: 0.999852
88131: 0.999852
88132: 0.999852
88133: 0.999852
88134: 0.999852
88135: 0.999853
88136: 0.999853
88137: 0.999853
88138: 0.999853
88139: 0.999853
88140: 0.999853
88141: 0.999853
88142: 0.999853
88143: 0.999853
88144: 0.999853
88145: 0.999853
88146: 0.999853
88147: 0.999853
88148: 0.999853
88149: 0.999853
88150: 0.999853
88151: 0.999853
88152: 0.999853
88153: 0.999853
88154: 0.999853
88155: 0.999853
88156: 0.999853
88157: 0.999853
88158: 0.999853
88159: 0.999853
88160: 0.999853
88161: 0.999853
88162: 0.999853
88163: 0.999853
88164: 0.999853
88165: 0.999853
88166: 0.999853
88167: 0.999853
88168: 0.999853
88169: 0.999853
88170: 0.999853
88171: 0.999853
88172: 0.999853
88173: 0.999853
88174: 0.999853
88175: 0.999853
88176: 0.999853
88177: 0.999853
88178: 0.999853
88179: 0.999853
88180: 0.999853
88181: 0.999853
88182: 0.999853
88183: 0.999853
88184: 0.999853
88185: 0.999853
88186: 0.999853
88187: 0.999853
88188: 0.999853
88189: 0.999853
88190: 0.999853
88191: 0.999853
88192: 0.999853
88193: 0.999853
88194: 0.999853
88195: 0.999853
88196: 0.999853
88197: 0.999853
88198: 0.999853
88199: 0.999853
88200: 0.999853
88201: 0.999853
88202: 0.999853
88203: 0.999853
88204: 0.999853
88205: 0.999853
88206: 0.999853
88207: 0.999853
88208: 0.999853
88209: 0.999853
88210: 0.999853
88211: 0.999853
88212: 0.999853
88213: 0.999853
88214: 0.999853
88215: 0.999853
88216: 0.999853
88217: 0.999853
88218: 0.999853
88219: 0.999853
88220: 0.999853
88221: 0.999853
88222: 0.999853
88223: 0.999853
88224: 0.999853
88225: 0.999853
88226: 0.999853
88227: 0.999853
88228: 0.999853
88229: 0.999853
88230: 0.999853
88231: 0.999853
88232: 0.999853
88233: 0.999853
88234: 0.999853
88235: 0.999853
88236: 0.999853
88237: 0.999853
88238: 0.999853
88239: 0.999853
88240: 0.999853
88241: 0.999853
88242: 0.999853
88243: 0.999853
88244: 0.999853
88245: 0.999853
88246: 0.999853
88247: 0.999853
88248: 0.999853
88249: 0.999853
88250: 0.999853
88251: 0.999853
88252: 0.999853
88253: 0.999853
88254: 0.999853
88255: 0.999853
88256: 0.999853
88257: 0.999853
88258: 0.999853
88259: 0.999853
88260: 0.999853
88261: 0.999853
88262: 0.999853
88263: 0.999853
88264: 0.999853
88265: 0.999853
88266: 0.999853
88267: 0.999853
88268: 0.999853
88269: 0.999853
88270: 0.999853
88271: 0.999853
88272: 0.999853
88273: 0.999853
88274: 0.999853
88275: 0.999853
88276: 0.999853
88277: 0.999853
88278: 0.999853
88279: 0.999853
88280: 0.999853
88281: 0.999853
88282: 0.999853
88283: 0.999853
88284: 0.999853
88285: 0.999853
88286: 0.999853
88287: 0.999853
88288: 0.999853
88289: 0.999853
88290: 0.999853
88291: 0.999853
88292: 0.999853
88293: 0.999853
88294: 0.999853
88295: 0.999853
88296: 0.999853
88297: 0.999853
88298: 0.999853
88299: 0.999853
88300: 0.999853
88301: 0.999853
88302: 0.999853
88303: 0.999853
88304: 0.999853
88305: 0.999853
88306: 0.999853
88307: 0.999853
88308: 0.999853
88309: 0.999853
88310: 0.999853
88311: 0.999853
88312: 0.999853
88313: 0.999853
88314: 0.999853
88315: 0.999853
88316: 0.999853
88317: 0.999853
88318: 0.999853
88319: 0.999853
88320: 0.999853
88321: 0.999853
88322: 0.999853
88323: 0.999853
88324: 0.999853
88325: 0.999853
88326: 0.999853
88327: 0.999853
88328: 0.999853
88329: 0.999853
88330: 0.999853
88331: 0.999853
88332: 0.999853
88333: 0.999853
88334: 0.999853
88335: 0.999853
88336: 0.999853
88337: 0.999853
88338: 0.999853
88339: 0.999853
88340: 0.999853
88341: 0.999853
88342: 0.999853
88343: 0.999853
88344: 0.999853
88345: 0.999853
88346: 0.999853
88347: 0.999853
88348: 0.999853
88349: 0.999853
88350: 0.999853
88351: 0.999853
88352: 0.999853
88353: 0.999853
88354: 0.999853
88355: 0.999853
88356: 0.999853
88357: 0.999853
88358: 0.999853
88359: 0.999853
88360: 0.999853
88361: 0.999853
88362: 0.999853
88363: 0.999853
88364: 0.999853
88365: 0.999853
88366: 0.999853
88367: 0.999853
88368: 0.999853
88369: 0.999853
88370: 0.999853
88371: 0.999853
88372: 0.999853
88373: 0.999853
88374: 0.999853
88375: 0.999853
88376: 0.999853
88377: 0.999853
88378: 0.999853
88379: 0.999853
88380: 0.999853
88381: 0.999853
88382: 0.999853
88383: 0.999853
88384: 0.999853
88385: 0.999853
88386: 0.999853
88387: 0.999853
88388: 0.999853
88389: 0.999853
88390: 0.999853
88391: 0.999853
88392: 0.999853
88393: 0.999853
88394: 0.999853
88395: 0.999853
88396: 0.999853
88397: 0.999853
88398: 0.999853
88399: 0.999853
88400: 0.999853
88401: 0.999853
88402: 0.999853
88403: 0.999853
88404: 0.999853
88405: 0.999853
88406: 0.999853
88407: 0.999853
88408: 0.999853
88409: 0.999853
88410: 0.999853
88411: 0.999853
88412: 0.999853
88413: 0.999853
88414: 0.999853
88415: 0.999853
88416: 0.999853
88417: 0.999853
88418: 0.999853
88419: 0.999853
88420: 0.999853
88421: 0.999853
88422: 0.999853
88423: 0.999853
88424: 0.999853
88425: 0.999853
88426: 0.999853
88427: 0.999853
88428: 0.999853
88429: 0.999853
88430: 0.999853
88431: 0.999853
88432: 0.999853
88433: 0.999853
88434: 0.999853
88435: 0.999853
88436: 0.999853
88437: 0.999853
88438: 0.999853
88439: 0.999853
88440: 0.999853
88441: 0.999853
88442: 0.999853
88443: 0.999853
88444: 0.999853
88445: 0.999853
88446: 0.999853
88447: 0.999853
88448: 0.999853
88449: 0.999853
88450: 0.999853
88451: 0.999853
88452: 0.999853
88453: 0.999853
88454: 0.999853
88455: 0.999853
88456: 0.999853
88457: 0.999853
88458: 0.999853
88459: 0.999853
88460: 0.999853
88461: 0.999853
88462: 0.999853
88463: 0.999853
88464: 0.999853
88465: 0.999853
88466: 0.999853
88467: 0.999853
88468: 0.999853
88469: 0.999853
88470: 0.999853
88471: 0.999853
88472: 0.999853
88473: 0.999853
88474: 0.999853
88475: 0.999853
88476: 0.999853
88477: 0.999853
88478: 0.999853
88479: 0.999853
88480: 0.999853
88481: 0.999853
88482: 0.999853
88483: 0.999853
88484: 0.999853
88485: 0.999853
88486: 0.999853
88487: 0.999853
88488: 0.999853
88489: 0.999853
88490: 0.999853
88491: 0.999853
88492: 0.999853
88493: 0.999853
88494: 0.999853
88495: 0.999853
88496: 0.999853
88497: 0.999853
88498: 0.999853
88499: 0.999853
88500: 0.999853
88501: 0.999853
88502: 0.999853
88503: 0.999853
88504: 0.999853
88505: 0.999853
88506: 0.999853
88507: 0.999853
88508: 0.999853
88509: 0.999853
88510: 0.999853
88511: 0.999853
88512: 0.999853
88513: 0.999853
88514: 0.999853
88515: 0.999853
88516: 0.999853
88517: 0.999853
88518: 0.999853
88519: 0.999853
88520: 0.999853
88521: 0.999853
88522: 0.999853
88523: 0.999853
88524: 0.999853
88525: 0.999853
88526: 0.999853
88527: 0.999853
88528: 0.999853
88529: 0.999853
88530: 0.999853
88531: 0.999853
88532: 0.999853
88533: 0.999853
88534: 0.999853
88535: 0.999853
88536: 0.999853
88537: 0.999853
88538: 0.999853
88539: 0.999853
88540: 0.999853
88541: 0.999853
88542: 0.999853
88543: 0.999853
88544: 0.999853
88545: 0.999853
88546: 0.999853
88547: 0.999853
88548: 0.999853
88549: 0.999853
88550: 0.999853
88551: 0.999853
88552: 0.999853
88553: 0.999853
88554: 0.999853
88555: 0.999853
88556: 0.999853
88557: 0.999853
88558: 0.999853
88559: 0.999853
88560: 0.999853
88561: 0.999853
88562: 0.999853
88563: 0.999853
88564: 0.999853
88565: 0.999853
88566: 0.999853
88567: 0.999853
88568: 0.999853
88569: 0.999853
88570: 0.999853
88571: 0.999853
88572: 0.999853
88573: 0.999853
88574: 0.999853
88575: 0.999853
88576: 0.999853
88577: 0.999853
88578: 0.999853
88579: 0.999853
88580: 0.999853
88581: 0.999853
88582: 0.999853
88583: 0.999853
88584: 0.999853
88585: 0.999853
88586: 0.999853
88587: 0.999853
88588: 0.999853
88589: 0.999853
88590: 0.999853
88591: 0.999853
88592: 0.999853
88593: 0.999853
88594: 0.999853
88595: 0.999853
88596: 0.999853
88597: 0.999853
88598: 0.999853
88599: 0.999853
88600: 0.999853
88601: 0.999853
88602: 0.999853
88603: 0.999853
88604: 0.999853
88605: 0.999853
88606: 0.999853
88607: 0.999853
88608: 0.999853
88609: 0.999853
88610: 0.999853
88611: 0.999853
88612: 0.999853
88613: 0.999853
88614: 0.999853
88615: 0.999853
88616: 0.999853
88617: 0.999853
88618: 0.999853
88619: 0.999853
88620: 0.999853
88621: 0.999853
88622: 0.999853
88623: 0.999853
88624: 0.999853
88625: 0.999853
88626: 0.999853
88627: 0.999853
88628: 0.999853
88629: 0.999853
88630: 0.999853
88631: 0.999853
88632: 0.999853
88633: 0.999853
88634: 0.999853
88635: 0.999853
88636: 0.999853
88637: 0.999853
88638: 0.999853
88639: 0.999853
88640: 0.999853
88641: 0.999853
88642: 0.999853
88643: 0.999853
88644: 0.999853
88645: 0.999853
88646: 0.999853
88647: 0.999853
88648: 0.999853
88649: 0.999853
88650: 0.999853
88651: 0.999853
88652: 0.999853
88653: 0.999853
88654: 0.999853
88655: 0.999853
88656: 0.999853
88657: 0.999853
88658: 0.999853
88659: 0.999853
88660: 0.999853
88661: 0.999853
88662: 0.999853
88663: 0.999853
88664: 0.999853
88665: 0.999853
88666: 0.999853
88667: 0.999853
88668: 0.999853
88669: 0.999853
88670: 0.999853
88671: 0.999853
88672: 0.999853
88673: 0.999853
88674: 0.999853
88675: 0.999853
88676: 0.999853
88677: 0.999853
88678: 0.999853
88679: 0.999853
88680: 0.999853
88681: 0.999853
88682: 0.999853
88683: 0.999853
88684: 0.999853
88685: 0.999853
88686: 0.999853
88687: 0.999853
88688: 0.999853
88689: 0.999853
88690: 0.999853
88691: 0.999853
88692: 0.999853
88693: 0.999853
88694: 0.999853
88695: 0.999853
88696: 0.999853
88697: 0.999853
88698: 0.999853
88699: 0.999853
88700: 0.999853
88701: 0.999853
88702: 0.999853
88703: 0.999853
88704: 0.999853
88705: 0.999853
88706: 0.999853
88707: 0.999853
88708: 0.999853
88709: 0.999853
88710: 0.999853
88711: 0.999853
88712: 0.999853
88713: 0.999853
88714: 0.999853
88715: 0.999853
88716: 0.999853
88717: 0.999853
88718: 0.999853
88719: 0.999853
88720: 0.999853
88721: 0.999853
88722: 0.999853
88723: 0.999853
88724: 0.999853
88725: 0.999853
88726: 0.999853
88727: 0.999853
88728: 0.999853
88729: 0.999853
88730: 0.999853
88731: 0.999853
88732: 0.999853
88733: 0.999853
88734: 0.999853
88735: 0.999853
88736: 0.999853
88737: 0.999854
88738: 0.999854
88739: 0.999854
88740: 0.999854
88741: 0.999854
88742: 0.999854
88743: 0.999854
88744: 0.999854
88745: 0.999854
88746: 0.999854
88747: 0.999854
88748: 0.999854
88749: 0.999854
88750: 0.999854
88751: 0.999854
88752: 0.999854
88753: 0.999854
88754: 0.999854
88755: 0.999854
88756: 0.999854
88757: 0.999854
88758: 0.999854
88759: 0.999854
88760: 0.999854
88761: 0.999854
88762: 0.999854
88763: 0.999854
88764: 0.999854
88765: 0.999854
88766: 0.999854
88767: 0.999854
88768: 0.999854
88769: 0.999854
88770: 0.999854
88771: 0.999854
88772: 0.999854
88773: 0.999854
88774: 0.999854
88775: 0.999854
88776: 0.999854
88777: 0.999854
88778: 0.999854
88779: 0.999854
88780: 0.999854
88781: 0.999854
88782: 0.999854
88783: 0.999854
88784: 0.999854
88785: 0.999854
88786: 0.999854
88787: 0.999854
88788: 0.999854
88789: 0.999854
88790: 0.999854
88791: 0.999854
88792: 0.999854
88793: 0.999854
88794: 0.999854
88795: 0.999854
88796: 0.999854
88797: 0.999854
88798: 0.999854
88799: 0.999854
88800: 0.999854
88801: 0.999854
88802: 0.999854
88803: 0.999854
88804: 0.999854
88805: 0.999854
88806: 0.999854
88807: 0.999854
88808: 0.999854
88809: 0.999854
88810: 0.999854
88811: 0.999854
88812: 0.999854
88813: 0.999854
88814: 0.999854
88815: 0.999854
88816: 0.999854
88817: 0.999854
88818: 0.999854
88819: 0.999854
88820: 0.999854
88821: 0.999854
88822: 0.999854
88823: 0.999854
88824: 0.999854
88825: 0.999854
88826: 0.999854
88827: 0.999854
88828: 0.999854
88829: 0.999854
88830: 0.999854
88831: 0.999854
88832: 0.999854
88833: 0.999854
88834: 0.999854
88835: 0.999854
88836: 0.999854
88837: 0.999854
88838: 0.999854
88839: 0.999854
88840: 0.999854
88841: 0.999854
88842: 0.999854
88843: 0.999854
88844: 0.999854
88845: 0.999854
88846: 0.999854
88847: 0.999854
88848: 0.999854
88849: 0.999854
88850: 0.999854
88851: 0.999854
88852: 0.999854
88853: 0.999854
88854: 0.999854
88855: 0.999854
88856: 0.999854
88857: 0.999854
88858: 0.999854
88859: 0.999854
88860: 0.999854
88861: 0.999854
88862: 0.999854
88863: 0.999854
88864: 0.999854
88865: 0.999854
88866: 0.999854
88867: 0.999854
88868: 0.999854
88869: 0.999854
88870: 0.999854
88871: 0.999854
88872: 0.999854
88873: 0.999854
88874: 0.999854
88875: 0.999854
88876: 0.999854
88877: 0.999854
88878: 0.999854
88879: 0.999854
88880: 0.999854
88881: 0.999854
88882: 0.999854
88883: 0.999854
88884: 0.999854
88885: 0.999854
88886: 0.999854
88887: 0.999854
88888: 0.999854
88889: 0.999854
88890: 0.999854
88891: 0.999854
88892: 0.999854
88893: 0.999854
88894: 0.999854
88895: 0.999854
88896: 0.999854
88897: 0.999854
88898: 0.999854
88899: 0.999854
88900: 0.999854
88901: 0.999854
88902: 0.999854
88903: 0.999854
88904: 0.999854
88905: 0.999854
88906: 0.999854
88907: 0.999854
88908: 0.999854
88909: 0.999854
88910: 0.999854
88911: 0.999854
88912: 0.999854
88913: 0.999854
88914: 0.999854
88915: 0.999854
88916: 0.999854
88917: 0.999854
88918: 0.999854
88919: 0.999854
88920: 0.999854
88921: 0.999854
88922: 0.999854
88923: 0.999854
88924: 0.999854
88925: 0.999854
88926: 0.999854
88927: 0.999854
88928: 0.999854
88929: 0.999854
88930: 0.999854
88931: 0.999854
88932: 0.999854
88933: 0.999854
88934: 0.999854
88935: 0.999854
88936: 0.999854
88937: 0.999854
88938: 0.999854
88939: 0.999854
88940: 0.999854
88941: 0.999854
88942: 0.999854
88943: 0.999854
88944: 0.999854
88945: 0.999854
88946: 0.999854
88947: 0.999854
88948: 0.999854
88949: 0.999854
88950: 0.999854
88951: 0.999854
88952: 0.999854
88953: 0.999854
88954: 0.999854
88955: 0.999854
88956: 0.999854
88957: 0.999854
88958: 0.999854
88959: 0.999854
88960: 0.999854
88961: 0.999854
88962: 0.999854
88963: 0.999854
88964: 0.999854
88965: 0.999854
88966: 0.999854
88967: 0.999854
88968: 0.999854
88969: 0.999854
88970: 0.999854
88971: 0.999854
88972: 0.999854
88973: 0.999854
88974: 0.999854
88975: 0.999854
88976: 0.999854
88977: 0.999854
88978: 0.999854
88979: 0.999854
88980: 0.999854
88981: 0.999854
88982: 0.999854
88983: 0.999854
88984: 0.999854
88985: 0.999854
88986: 0.999854
88987: 0.999854
88988: 0.999854
88989: 0.999854
88990: 0.999854
88991: 0.999854
88992: 0.999854
88993: 0.999854
88994: 0.999854
88995: 0.999854
88996: 0.999854
88997: 0.999854
88998: 0.999854
88999: 0.999854
89000: 0.999854
89001: 0.999854
89002: 0.999854
89003: 0.999854
89004: 0.999854
89005: 0.999854
89006: 0.999854
89007: 0.999854
89008: 0.999854
89009: 0.999854
89010: 0.999854
89011: 0.999854
89012: 0.999854
89013: 0.999854
89014: 0.999854
89015: 0.999854
89016: 0.999854
89017: 0.999854
89018: 0.999854
89019: 0.999854
89020: 0.999854
89021: 0.999854
89022: 0.999854
89023: 0.999854
89024: 0.999854
89025: 0.999854
89026: 0.999854
89027: 0.999854
89028: 0.999854
89029: 0.999854
89030: 0.999854
89031: 0.999854
89032: 0.999854
89033: 0.999854
89034: 0.999854
89035: 0.999854
89036: 0.999854
89037: 0.999854
89038: 0.999854
89039: 0.999854
89040: 0.999854
89041: 0.999854
89042: 0.999854
89043: 0.999854
89044: 0.999854
89045: 0.999854
89046: 0.999854
89047: 0.999854
89048: 0.999854
89049: 0.999854
89050: 0.999854
89051: 0.999854
89052: 0.999854
89053: 0.999854
89054: 0.999854
89055: 0.999854
89056: 0.999854
89057: 0.999854
89058: 0.999854
89059: 0.999854
89060: 0.999854
89061: 0.999854
89062: 0.999854
89063: 0.999854
89064: 0.999854
89065: 0.999854
89066: 0.999854
89067: 0.999854
89068: 0.999854
89069: 0.999854
89070: 0.999854
89071: 0.999854
89072: 0.999854
89073: 0.999854
89074: 0.999854
89075: 0.999854
89076: 0.999854
89077: 0.999854
89078: 0.999854
89079: 0.999854
89080: 0.999854
89081: 0.999854
89082: 0.999854
89083: 0.999854
89084: 0.999854
89085: 0.999854
89086: 0.999854
89087: 0.999854
89088: 0.999854
89089: 0.999854
89090: 0.999854
89091: 0.999854
89092: 0.999854
89093: 0.999854
89094: 0.999854
89095: 0.999854
89096: 0.999854
89097: 0.999854
89098: 0.999854
89099: 0.999854
89100: 0.999854
89101: 0.999854
89102: 0.999854
89103: 0.999854
89104: 0.999854
89105: 0.999854
89106: 0.999854
89107: 0.999854
89108: 0.999854
89109: 0.999854
89110: 0.999854
89111: 0.999854
89112: 0.999854
89113: 0.999854
89114: 0.999854
89115: 0.999854
89116: 0.999854
89117: 0.999854
89118: 0.999854
89119: 0.999854
89120: 0.999854
89121: 0.999854
89122: 0.999854
89123: 0.999854
89124: 0.999854
89125: 0.999854
89126: 0.999854
89127: 0.999854
89128: 0.999854
89129: 0.999854
89130: 0.999854
89131: 0.999854
89132: 0.999854
89133: 0.999854
89134: 0.999854
89135: 0.999854
89136: 0.999854
89137: 0.999854
89138: 0.999854
89139: 0.999854
89140: 0.999854
89141: 0.999854
89142: 0.999854
89143: 0.999854
89144: 0.999854
89145: 0.999854
89146: 0.999854
89147: 0.999854
89148: 0.999854
89149: 0.999854
89150: 0.999854
89151: 0.999854
89152: 0.999854
89153: 0.999854
89154: 0.999854
89155: 0.999854
89156: 0.999854
89157: 0.999854
89158: 0.999854
89159: 0.999854
89160: 0.999854
89161: 0.999854
89162: 0.999854
89163: 0.999854
89164: 0.999854
89165: 0.999854
89166: 0.999854
89167: 0.999854
89168: 0.999854
89169: 0.999854
89170: 0.999854
89171: 0.999854
89172: 0.999854
89173: 0.999854
89174: 0.999854
89175: 0.999854
89176: 0.999854
89177: 0.999854
89178: 0.999854
89179: 0.999854
89180: 0.999854
89181: 0.999854
89182: 0.999854
89183: 0.999854
89184: 0.999854
89185: 0.999854
89186: 0.999854
89187: 0.999854
89188: 0.999854
89189: 0.999854
89190: 0.999854
89191: 0.999854
89192: 0.999854
89193: 0.999854
89194: 0.999854
89195: 0.999854
89196: 0.999854
89197: 0.999854
89198: 0.999854
89199: 0.999854
89200: 0.999854
89201: 0.999854
89202: 0.999854
89203: 0.999854
89204: 0.999854
89205: 0.999854
89206: 0.999854
89207: 0.999854
89208: 0.999854
89209: 0.999854
89210: 0.999854
89211: 0.999854
89212: 0.999854
89213: 0.999854
89214: 0.999854
89215: 0.999854
89216: 0.999854
89217: 0.999854
89218: 0.999854
89219: 0.999854
89220: 0.999854
89221: 0.999854
89222: 0.999854
89223: 0.999854
89224: 0.999854
89225: 0.999854
89226: 0.999854
89227: 0.999854
89228: 0.999854
89229: 0.999854
89230: 0.999854
89231: 0.999854
89232: 0.999854
89233: 0.999854
89234: 0.999854
89235: 0.999854
89236: 0.999854
89237: 0.999854
89238: 0.999854
89239: 0.999854
89240: 0.999854
89241: 0.999854
89242: 0.999854
89243: 0.999854
89244: 0.999854
89245: 0.999854
89246: 0.999854
89247: 0.999854
89248: 0.999854
89249: 0.999854
89250: 0.999854
89251: 0.999854
89252: 0.999854
89253: 0.999854
89254: 0.999854
89255: 0.999854
89256: 0.999854
89257: 0.999854
89258: 0.999854
89259: 0.999854
89260: 0.999854
89261: 0.999854
89262: 0.999854
89263: 0.999854
89264: 0.999854
89265: 0.999854
89266: 0.999854
89267: 0.999854
89268: 0.999854
89269: 0.999854
89270: 0.999854
89271: 0.999854
89272: 0.999854
89273: 0.999854
89274: 0.999854
89275: 0.999854
89276: 0.999854
89277: 0.999854
89278: 0.999854
89279: 0.999854
89280: 0.999854
89281: 0.999854
89282: 0.999854
89283: 0.999854
89284: 0.999854
89285: 0.999854
89286: 0.999854
89287: 0.999854
89288: 0.999854
89289: 0.999854
89290: 0.999854
89291: 0.999854
89292: 0.999854
89293: 0.999854
89294: 0.999854
89295: 0.999854
89296: 0.999854
89297: 0.999854
89298: 0.999854
89299: 0.999854
89300: 0.999854
89301: 0.999854
89302: 0.999854
89303: 0.999854
89304: 0.999854
89305: 0.999854
89306: 0.999854
89307: 0.999854
89308: 0.999854
89309: 0.999854
89310: 0.999854
89311: 0.999854
89312: 0.999854
89313: 0.999854
89314: 0.999854
89315: 0.999854
89316: 0.999854
89317: 0.999854
89318: 0.999854
89319: 0.999854
89320: 0.999854
89321: 0.999854
89322: 0.999854
89323: 0.999854
89324: 0.999854
89325: 0.999854
89326: 0.999854
89327: 0.999854
89328: 0.999854
89329: 0.999854
89330: 0.999854
89331: 0.999854
89332: 0.999854
89333: 0.999854
89334: 0.999854
89335: 0.999854
89336: 0.999854
89337: 0.999854
89338: 0.999854
89339: 0.999854
89340: 0.999854
89341: 0.999854
89342: 0.999854
89343: 0.999854
89344: 0.999854
89345: 0.999854
89346: 0.999854
89347: 0.999855
89348: 0.999855
89349: 0.999855
89350: 0.999855
89351: 0.999855
89352: 0.999855
89353: 0.999855
89354: 0.999855
89355: 0.999855
89356: 0.999855
89357: 0.999855
89358: 0.999855
89359: 0.999855
89360: 0.999855
89361: 0.999855
89362: 0.999855
89363: 0.999855
89364: 0.999855
89365: 0.999855
89366: 0.999855
89367: 0.999855
89368: 0.999855
89369: 0.999855
89370: 0.999855
89371: 0.999855
89372: 0.999855
89373: 0.999855
89374: 0.999855
89375: 0.999855
89376: 0.999855
89377: 0.999855
89378: 0.999855
89379: 0.999855
89380: 0.999855
89381: 0.999855
89382: 0.999855
89383: 0.999855
89384: 0.999855
89385: 0.999855
89386: 0.999855
89387: 0.999855
89388: 0.999855
89389: 0.999855
89390: 0.999855
89391: 0.999855
89392: 0.999855
89393: 0.999855
89394: 0.999855
89395: 0.999855
89396: 0.999855
89397: 0.999855
89398: 0.999855
89399: 0.999855
89400: 0.999855
89401: 0.999855
89402: 0.999855
89403: 0.999855
89404: 0.999855
89405: 0.999855
89406: 0.999855
89407: 0.999855
89408: 0.999855
89409: 0.999855
89410: 0.999855
89411: 0.999855
89412: 0.999855
89413: 0.999855
89414: 0.999855
89415: 0.999855
89416: 0.999855
89417: 0.999855
89418: 0.999855
89419: 0.999855
89420: 0.999855
89421: 0.999855
89422: 0.999855
89423: 0.999855
89424: 0.999855
89425: 0.999855
89426: 0.999855
89427: 0.999855
89428: 0.999855
89429: 0.999855
89430: 0.999855
89431: 0.999855
89432: 0.999855
89433: 0.999855
89434: 0.999855
89435: 0.999855
89436: 0.999855
89437: 0.999855
89438: 0.999855
89439: 0.999855
89440: 0.999855
89441: 0.999855
89442: 0.999855
89443: 0.999855
89444: 0.999855
89445: 0.999855
89446: 0.999855
89447: 0.999855
89448: 0.999855
89449: 0.999855
89450: 0.999855
89451: 0.999855
89452: 0.999855
89453: 0.999855
89454: 0.999855
89455: 0.999855
89456: 0.999855
89457: 0.999855
89458: 0.999855
89459: 0.999855
89460: 0.999855
89461: 0.999855
89462: 0.999855
89463: 0.999855
89464: 0.999855
89465: 0.999855
89466: 0.999855
89467: 0.999855
89468: 0.999855
89469: 0.999855
89470: 0.999855
89471: 0.999855
89472: 0.999855
89473: 0.999855
89474: 0.999855
89475: 0.999855
89476: 0.999855
89477: 0.999855
89478: 0.999855
89479: 0.999855
89480: 0.999855
89481: 0.999855
89482: 0.999855
89483: 0.999855
89484: 0.999855
89485: 0.999855
89486: 0.999855
89487: 0.999855
89488: 0.999855
89489: 0.999855
89490: 0.999855
89491: 0.999855
89492: 0.999855
89493: 0.999855
89494: 0.999855
89495: 0.999855
89496: 0.999855
89497: 0.999855
89498: 0.999855
89499: 0.999855
89500: 0.999855
89501: 0.999855
89502: 0.999855
89503: 0.999855
89504: 0.999855
89505: 0.999855
89506: 0.999855
89507: 0.999855
89508: 0.999855
89509: 0.999855
89510: 0.999855
89511: 0.999855
89512: 0.999855
89513: 0.999855
89514: 0.999855
89515: 0.999855
89516: 0.999855
89517: 0.999855
89518: 0.999855
89519: 0.999855
89520: 0.999855
89521: 0.999855
89522: 0.999855
89523: 0.999855
89524: 0.999855
89525: 0.999855
89526: 0.999855
89527: 0.999855
89528: 0.999855
89529: 0.999855
89530: 0.999855
89531: 0.999855
89532: 0.999855
89533: 0.999855
89534: 0.999855
89535: 0.999855
89536: 0.999855
89537: 0.999855
89538: 0.999855
89539: 0.999855
89540: 0.999855
89541: 0.999855
89542: 0.999855
89543: 0.999855
89544: 0.999855
89545: 0.999855
89546: 0.999855
89547: 0.999855
89548: 0.999855
89549: 0.999855
89550: 0.999855
89551: 0.999855
89552: 0.999855
89553: 0.999855
89554: 0.999855
89555: 0.999855
89556: 0.999855
89557: 0.999855
89558: 0.999855
89559: 0.999855
89560: 0.999855
89561: 0.999855
89562: 0.999855
89563: 0.999855
89564: 0.999855
89565: 0.999855
89566: 0.999855
89567: 0.999855
89568: 0.999855
89569: 0.999855
89570: 0.999855
89571: 0.999855
89572: 0.999855
89573: 0.999855
89574: 0.999855
89575: 0.999855
89576: 0.999855
89577: 0.999855
89578: 0.999855
89579: 0.999855
89580: 0.999855
89581: 0.999855
89582: 0.999855
89583: 0.999855
89584: 0.999855
89585: 0.999855
89586: 0.999855
89587: 0.999855
89588: 0.999855
89589: 0.999855
89590: 0.999855
89591: 0.999855
89592: 0.999855
89593: 0.999855
89594: 0.999855
89595: 0.999855
89596: 0.999855
89597: 0.999855
89598: 0.999855
89599: 0.999855
89600: 0.999855
89601: 0.999855
89602: 0.999855
89603: 0.999855
89604: 0.999855
89605: 0.999855
89606: 0.999855
89607: 0.999855
89608: 0.999855
89609: 0.999855
89610: 0.999855
89611: 0.999855
89612: 0.999855
89613: 0.999855
89614: 0.999855
89615: 0.999855
89616: 0.999855
89617: 0.999855
89618: 0.999855
89619: 0.999855
89620: 0.999855
89621: 0.999855
89622: 0.999855
89623: 0.999855
89624: 0.999855
89625: 0.999855
89626: 0.999855
89627: 0.999855
89628: 0.999855
89629: 0.999855
89630: 0.999855
89631: 0.999855
89632: 0.999855
89633: 0.999855
89634: 0.999855
89635: 0.999855
89636: 0.999855
89637: 0.999855
89638: 0.999855
89639: 0.999855
89640: 0.999855
89641: 0.999855
89642: 0.999855
89643: 0.999855
89644: 0.999855
89645: 0.999855
89646: 0.999855
89647: 0.999855
89648: 0.999855
89649: 0.999855
89650: 0.999855
89651: 0.999855
89652: 0.999855
89653: 0.999855
89654: 0.999855
89655: 0.999855
89656: 0.999855
89657: 0.999855
89658: 0.999855
89659: 0.999855
89660: 0.999855
89661: 0.999855
89662: 0.999855
89663: 0.999855
89664: 0.999855
89665: 0.999855
89666: 0.999855
89667: 0.999855
89668: 0.999855
89669: 0.999855
89670: 0.999855
89671: 0.999855
89672: 0.999855
89673: 0.999855
89674: 0.999855
89675: 0.999855
89676: 0.999855
89677: 0.999855
89678: 0.999855
89679: 0.999855
89680: 0.999855
89681: 0.999855
89682: 0.999855
89683: 0.999855
89684: 0.999855
89685: 0.999855
89686: 0.999855
89687: 0.999855
89688: 0.999855
89689: 0.999855
89690: 0.999855
89691: 0.999855
89692: 0.999855
89693: 0.999855
89694: 0.999855
89695: 0.999855
89696: 0.999855
89697: 0.999855
89698: 0.999855
89699: 0.999855
89700: 0.999855
89701: 0.999855
89702: 0.999855
89703: 0.999855
89704: 0.999855
89705: 0.999855
89706: 0.999855
89707: 0.999855
89708: 0.999855
89709: 0.999855
89710: 0.999855
89711: 0.999855
89712: 0.999855
89713: 0.999855
89714: 0.999855
89715: 0.999855
89716: 0.999855
89717: 0.999855
89718: 0.999855
89719: 0.999855
89720: 0.999855
89721: 0.999855
89722: 0.999855
89723: 0.999855
89724: 0.999855
89725: 0.999855
89726: 0.999855
89727: 0.999855
89728: 0.999855
89729: 0.999855
89730: 0.999855
89731: 0.999855
89732: 0.999855
89733: 0.999855
89734: 0.999855
89735: 0.999855
89736: 0.999855
89737: 0.999855
89738: 0.999855
89739: 0.999855
89740: 0.999855
89741: 0.999855
89742: 0.999855
89743: 0.999855
89744: 0.999855
89745: 0.999855
89746: 0.999855
89747: 0.999855
89748: 0.999855
89749: 0.999855
89750: 0.999855
89751: 0.999855
89752: 0.999855
89753: 0.999855
89754: 0.999855
89755: 0.999855
89756: 0.999855
89757: 0.999855
89758: 0.999855
89759: 0.999855
89760: 0.999855
89761: 0.999855
89762: 0.999855
89763: 0.999855
89764: 0.999855
89765: 0.999855
89766: 0.999855
89767: 0.999855
89768: 0.999855
89769: 0.999855
89770: 0.999855
89771: 0.999855
89772: 0.999855
89773: 0.999855
89774: 0.999855
89775: 0.999855
89776: 0.999855
89777: 0.999855
89778: 0.999855
89779: 0.999855
89780: 0.999855
89781: 0.999855
89782: 0.999855
89783: 0.999855
89784: 0.999855
89785: 0.999855
89786: 0.999855
89787: 0.999855
89788: 0.999855
89789: 0.999855
89790: 0.999855
89791: 0.999855
89792: 0.999855
89793: 0.999855
89794: 0.999855
89795: 0.999855
89796: 0.999855
89797: 0.999855
89798: 0.999855
89799: 0.999855
89800: 0.999855
89801: 0.999855
89802: 0.999855
89803: 0.999855
89804: 0.999855
89805: 0.999855
89806: 0.999855
89807: 0.999855
89808: 0.999855
89809: 0.999855
89810: 0.999855
89811: 0.999855
89812: 0.999855
89813: 0.999855
89814: 0.999855
89815: 0.999855
89816: 0.999855
89817: 0.999855
89818: 0.999855
89819: 0.999855
89820: 0.999855
89821: 0.999855
89822: 0.999855
89823: 0.999855
89824: 0.999855
89825: 0.999855
89826: 0.999855
89827: 0.999855
89828: 0.999855
89829: 0.999855
89830: 0.999855
89831: 0.999855
89832: 0.999855
89833: 0.999855
89834: 0.999855
89835: 0.999855
89836: 0.999855
89837: 0.999855
89838: 0.999855
89839: 0.999855
89840: 0.999855
89841: 0.999855
89842: 0.999855
89843: 0.999855
89844: 0.999855
89845: 0.999855
89846: 0.999855
89847: 0.999855
89848: 0.999855
89849: 0.999855
89850: 0.999855
89851: 0.999855
89852: 0.999855
89853: 0.999855
89854: 0.999855
89855: 0.999855
89856: 0.999855
89857: 0.999855
89858: 0.999855
89859: 0.999855
89860: 0.999855
89861: 0.999855
89862: 0.999855
89863: 0.999855
89864: 0.999855
89865: 0.999855
89866: 0.999855
89867: 0.999855
89868: 0.999855
89869: 0.999855
89870: 0.999855
89871: 0.999855
89872: 0.999855
89873: 0.999855
89874: 0.999855
89875: 0.999855
89876: 0.999855
89877: 0.999855
89878: 0.999855
89879: 0.999855
89880: 0.999855
89881: 0.999855
89882: 0.999855
89883: 0.999855
89884: 0.999855
89885: 0.999855
89886: 0.999855
89887: 0.999855
89888: 0.999855
89889: 0.999855
89890: 0.999855
89891: 0.999855
89892: 0.999855
89893: 0.999855
89894: 0.999855
89895: 0.999855
89896: 0.999855
89897: 0.999855
89898: 0.999855
89899: 0.999855
89900: 0.999855
89901: 0.999855
89902: 0.999855
89903: 0.999855
89904: 0.999855
89905: 0.999855
89906: 0.999855
89907: 0.999855
89908: 0.999855
89909: 0.999855
89910: 0.999855
89911: 0.999855
89912: 0.999855
89913: 0.999855
89914: 0.999855
89915: 0.999855
89916: 0.999855
89917: 0.999855
89918: 0.999855
89919: 0.999855
89920: 0.999855
89921: 0.999855
89922: 0.999855
89923: 0.999855
89924: 0.999855
89925: 0.999855
89926: 0.999855
89927: 0.999855
89928: 0.999855
89929: 0.999855
89930: 0.999855
89931: 0.999855
89932: 0.999855
89933: 0.999855
89934: 0.999855
89935: 0.999855
89936: 0.999855
89937: 0.999855
89938: 0.999855
89939: 0.999855
89940: 0.999855
89941: 0.999855
89942: 0.999855
89943: 0.999855
89944: 0.999855
89945: 0.999855
89946: 0.999855
89947: 0.999855
89948: 0.999855
89949: 0.999855
89950: 0.999855
89951: 0.999855
89952: 0.999855
89953: 0.999855
89954: 0.999855
89955: 0.999855
89956: 0.999855
89957: 0.999855
89958: 0.999855
89959: 0.999855
89960: 0.999855
89961: 0.999855
89962: 0.999855
89963: 0.999855
89964: 0.999855
89965: 0.999856
89966: 0.999856
89967: 0.999856
89968: 0.999856
89969: 0.999856
89970: 0.999856
89971: 0.999856
89972: 0.999856
89973: 0.999856
89974: 0.999856
89975: 0.999856
89976: 0.999856
89977: 0.999856
89978: 0.999856
89979: 0.999856
89980: 0.999856
89981: 0.999856
89982: 0.999856
89983: 0.999856
89984: 0.999856
89985: 0.999856
89986: 0.999856
89987: 0.999856
89988: 0.999856
89989: 0.999856
89990: 0.999856
89991: 0.999856
89992: 0.999856
89993: 0.999856
89994: 0.999856
89995: 0.999856
89996: 0.999856
89997: 0.999856
89998: 0.999856
89999: 0.999856
90000: 0.999856
90001: 0.999856
90002: 0.999856
90003: 0.999856
90004: 0.999856
90005: 0.999856
90006: 0.999856
90007: 0.999856
90008: 0.999856
90009: 0.999856
90010: 0.999856
90011: 0.999856
90012: 0.999856
90013: 0.999856
90014: 0.999856
90015: 0.999856
90016: 0.999856
90017: 0.999856
90018: 0.999856
90019: 0.999856
90020: 0.999856
90021: 0.999856
90022: 0.999856
90023: 0.999856
90024: 0.999856
90025: 0.999856
90026: 0.999856
90027: 0.999856
90028: 0.999856
90029: 0.999856
90030: 0.999856
90031: 0.999856
90032: 0.999856
90033: 0.999856
90034: 0.999856
90035: 0.999856
90036: 0.999856
90037: 0.999856
90038: 0.999856
90039: 0.999856
90040: 0.999856
90041: 0.999856
90042: 0.999856
90043: 0.999856
90044: 0.999856
90045: 0.999856
90046: 0.999856
90047: 0.999856
90048: 0.999856
90049: 0.999856
90050: 0.999856
90051: 0.999856
90052: 0.999856
90053: 0.999856
90054: 0.999856
90055: 0.999856
90056: 0.999856
90057: 0.999856
90058: 0.999856
90059: 0.999856
90060: 0.999856
90061: 0.999856
90062: 0.999856
90063: 0.999856
90064: 0.999856
90065: 0.999856
90066: 0.999856
90067: 0.999856
90068: 0.999856
90069: 0.999856
90070: 0.999856
90071: 0.999856
90072: 0.999856
90073: 0.999856
90074: 0.999856
90075: 0.999856
90076: 0.999856
90077: 0.999856
90078: 0.999856
90079: 0.999856
90080: 0.999856
90081: 0.999856
90082: 0.999856
90083: 0.999856
90084: 0.999856
90085: 0.999856
90086: 0.999856
90087: 0.999856
90088: 0.999856
90089: 0.999856
90090: 0.999856
90091: 0.999856
90092: 0.999856
90093: 0.999856
90094: 0.999856
90095: 0.999856
90096: 0.999856
90097: 0.999856
90098: 0.999856
90099: 0.999856
90100: 0.999856
90101: 0.999856
90102: 0.999856
90103: 0.999856
90104: 0.999856
90105: 0.999856
90106: 0.999856
90107: 0.999856
90108: 0.999856
90109: 0.999856
90110: 0.999856
90111: 0.999856
90112: 0.999856
90113: 0.999856
90114: 0.999856
90115: 0.999856
90116: 0.999856
90117: 0.999856
90118: 0.999856
90119: 0.999856
90120: 0.999856
90121: 0.999856
90122: 0.999856
90123: 0.999856
90124: 0.999856
90125: 0.999856
90126: 0.999856
90127: 0.999856
90128: 0.999856
90129: 0.999856
90130: 0.999856
90131: 0.999856
90132: 0.999856
90133: 0.999856
90134: 0.999856
90135: 0.999856
90136: 0.999856
90137: 0.999856
90138: 0.999856
90139: 0.999856
90140: 0.999856
90141: 0.999856
90142: 0.999856
90143: 0.999856
90144: 0.999856
90145: 0.999856
90146: 0.999856
90147: 0.999856
90148: 0.999856
90149: 0.999856
90150: 0.999856
90151: 0.999856
90152: 0.999856
90153: 0.999856
90154: 0.999856
90155: 0.999856
90156: 0.999856
90157: 0.999856
90158: 0.999856
90159: 0.999856
90160: 0.999856
90161: 0.999856
90162: 0.999856
90163: 0.999856
90164: 0.999856
90165: 0.999856
90166: 0.999856
90167: 0.999856
90168: 0.999856
90169: 0.999856
90170: 0.999856
90171: 0.999856
90172: 0.999856
90173: 0.999856
90174: 0.999856
90175: 0.999856
90176: 0.999856
90177: 0.999856
90178: 0.999856
90179: 0.999856
90180: 0.999856
90181: 0.999856
90182: 0.999856
90183: 0.999856
90184: 0.999856
90185: 0.999856
90186: 0.999856
90187: 0.999856
90188: 0.999856
90189: 0.999856
90190: 0.999856
90191: 0.999856
90192: 0.999856
90193: 0.999856
90194: 0.999856
90195: 0.999856
90196: 0.999856
90197: 0.999856
90198: 0.999856
90199: 0.999856
90200: 0.999856
90201: 0.999856
90202: 0.999856
90203: 0.999856
90204: 0.999856
90205: 0.999856
90206: 0.999856
90207: 0.999856
90208: 0.999856
90209: 0.999856
90210: 0.999856
90211: 0.999856
90212: 0.999856
90213: 0.999856
90214: 0.999856
90215: 0.999856
90216: 0.999856
90217: 0.999856
90218: 0.999856
90219: 0.999856
90220: 0.999856
90221: 0.999856
90222: 0.999856
90223: 0.999856
90224: 0.999856
90225: 0.999856
90226: 0.999856
90227: 0.999856
90228: 0.999856
90229: 0.999856
90230: 0.999856
90231: 0.999856
90232: 0.999856
90233: 0.999856
90234: 0.999856
90235: 0.999856
90236: 0.999856
90237: 0.999856
90238: 0.999856
90239: 0.999856
90240: 0.999856
90241: 0.999856
90242: 0.999856
90243: 0.999856
90244: 0.999856
90245: 0.999856
90246: 0.999856
90247: 0.999856
90248: 0.999856
90249: 0.999856
90250: 0.999856
90251: 0.999856
90252: 0.999856
90253: 0.999856
90254: 0.999856
90255: 0.999856
90256: 0.999856
90257: 0.999856
90258: 0.999856
90259: 0.999856
90260: 0.999856
90261: 0.999856
90262: 0.999856
90263: 0.999856
90264: 0.999856
90265: 0.999856
90266: 0.999856
90267: 0.999856
90268: 0.999856
90269: 0.999856
90270: 0.999856
90271: 0.999856
90272: 0.999856
90273: 0.999856
90274: 0.999856
90275: 0.999856
90276: 0.999856
90277: 0.999856
90278: 0.999856
90279: 0.999856
90280: 0.999856
90281: 0.999856
90282: 0.999856
90283: 0.999856
90284: 0.999856
90285: 0.999856
90286: 0.999856
90287: 0.999856
90288: 0.999856
90289: 0.999856
90290: 0.999856
90291: 0.999856
90292: 0.999856
90293: 0.999856
90294: 0.999856
90295: 0.999856
90296: 0.999856
90297: 0.999856
90298: 0.999856
90299: 0.999856
90300: 0.999856
90301: 0.999856
90302: 0.999856
90303: 0.999856
90304: 0.999856
90305: 0.999856
90306: 0.999856
90307: 0.999856
90308: 0.999856
90309: 0.999856
90310: 0.999856
90311: 0.999856
90312: 0.999856
90313: 0.999856
90314: 0.999856
90315: 0.999856
90316: 0.999856
90317: 0.999856
90318: 0.999856
90319: 0.999856
90320: 0.999856
90321: 0.999856
90322: 0.999856
90323: 0.999856
90324: 0.999856
90325: 0.999856
90326: 0.999856
90327: 0.999856
90328: 0.999856
90329: 0.999856
90330: 0.999856
90331: 0.999856
90332: 0.999856
90333: 0.999856
90334: 0.999856
90335: 0.999856
90336: 0.999856
90337: 0.999856
90338: 0.999856
90339: 0.999856
90340: 0.999856
90341: 0.999856
90342: 0.999856
90343: 0.999856
90344: 0.999856
90345: 0.999856
90346: 0.999856
90347: 0.999856
90348: 0.999856
90349: 0.999856
90350: 0.999856
90351: 0.999856
90352: 0.999856
90353: 0.999856
90354: 0.999856
90355: 0.999856
90356: 0.999856
90357: 0.999856
90358: 0.999856
90359: 0.999856
90360: 0.999856
90361: 0.999856
90362: 0.999856
90363: 0.999856
90364: 0.999856
90365: 0.999856
90366: 0.999856
90367: 0.999856
90368: 0.999856
90369: 0.999856
90370: 0.999856
90371: 0.999856
90372: 0.999856
90373: 0.999856
90374: 0.999856
90375: 0.999856
90376: 0.999856
90377: 0.999856
90378: 0.999856
90379: 0.999856
90380: 0.999856
90381: 0.999856
90382: 0.999856
90383: 0.999856
90384: 0.999856
90385: 0.999856
90386: 0.999856
90387: 0.999856
90388: 0.999856
90389: 0.999856
90390: 0.999856
90391: 0.999856
90392: 0.999856
90393: 0.999856
90394: 0.999856
90395: 0.999856
90396: 0.999856
90397: 0.999856
90398: 0.999856
90399: 0.999856
90400: 0.999856
90401: 0.999856
90402: 0.999856
90403: 0.999856
90404: 0.999856
90405: 0.999856
90406: 0.999856
90407: 0.999856
90408: 0.999856
90409: 0.999856
90410: 0.999856
90411: 0.999856
90412: 0.999856
90413: 0.999856
90414: 0.999856
90415: 0.999856
90416: 0.999856
90417: 0.999856
90418: 0.999856
90419: 0.999856
90420: 0.999856
90421: 0.999856
90422: 0.999856
90423: 0.999856
90424: 0.999856
90425: 0.999856
90426: 0.999856
90427: 0.999856
90428: 0.999856
90429: 0.999856
90430: 0.999856
90431: 0.999856
90432: 0.999856
90433: 0.999856
90434: 0.999856
90435: 0.999856
90436: 0.999856
90437: 0.999856
90438: 0.999856
90439: 0.999856
90440: 0.999856
90441: 0.999856
90442: 0.999856
90443: 0.999856
90444: 0.999856
90445: 0.999856
90446: 0.999856
90447: 0.999856
90448: 0.999856
90449: 0.999856
90450: 0.999856
90451: 0.999856
90452: 0.999856
90453: 0.999856
90454: 0.999856
90455: 0.999856
90456: 0.999856
90457: 0.999856
90458: 0.999856
90459: 0.999856
90460: 0.999856
90461: 0.999856
90462: 0.999856
90463: 0.999856
90464: 0.999856
90465: 0.999856
90466: 0.999856
90467: 0.999856
90468: 0.999856
90469: 0.999856
90470: 0.999856
90471: 0.999856
90472: 0.999856
90473: 0.999856
90474: 0.999856
90475: 0.999856
90476: 0.999856
90477: 0.999856
90478: 0.999856
90479: 0.999856
90480: 0.999856
90481: 0.999856
90482: 0.999856
90483: 0.999856
90484: 0.999856
90485: 0.999856
90486: 0.999856
90487: 0.999856
90488: 0.999856
90489: 0.999856
90490: 0.999856
90491: 0.999856
90492: 0.999856
90493: 0.999856
90494: 0.999856
90495: 0.999856
90496: 0.999856
90497: 0.999856
90498: 0.999856
90499: 0.999856
90500: 0.999856
90501: 0.999856
90502: 0.999856
90503: 0.999856
90504: 0.999856
90505: 0.999856
90506: 0.999856
90507: 0.999856
90508: 0.999856
90509: 0.999856
90510: 0.999856
90511: 0.999856
90512: 0.999856
90513: 0.999856
90514: 0.999856
90515: 0.999856
90516: 0.999856
90517: 0.999856
90518: 0.999856
90519: 0.999856
90520: 0.999856
90521: 0.999856
90522: 0.999856
90523: 0.999856
90524: 0.999856
90525: 0.999856
90526: 0.999856
90527: 0.999856
90528: 0.999856
90529: 0.999856
90530: 0.999856
90531: 0.999856
90532: 0.999856
90533: 0.999856
90534: 0.999856
90535: 0.999856
90536: 0.999856
90537: 0.999856
90538: 0.999856
90539: 0.999856
90540: 0.999856
90541: 0.999856
90542: 0.999856
90543: 0.999856
90544: 0.999856
90545: 0.999856
90546: 0.999856
90547: 0.999856
90548: 0.999856
90549: 0.999856
90550: 0.999856
90551: 0.999856
90552: 0.999856
90553: 0.999856
90554: 0.999856
90555: 0.999856
90556: 0.999856
90557: 0.999856
90558: 0.999856
90559: 0.999856
90560: 0.999856
90561: 0.999856
90562: 0.999856
90563: 0.999856
90564: 0.999856
90565: 0.999856
90566: 0.999856
90567: 0.999856
90568: 0.999856
90569: 0.999856
90570: 0.999856
90571: 0.999856
90572: 0.999856
90573: 0.999856
90574: 0.999856
90575: 0.999856
90576: 0.999856
90577: 0.999856
90578: 0.999856
90579: 0.999856
90580: 0.999856
90581: 0.999856
90582: 0.999856
90583: 0.999856
90584: 0.999856
90585: 0.999856
90586: 0.999856
90587: 0.999856
90588: 0.999856
90589: 0.999856
90590: 0.999856
90591: 0.999856
90592: 0.999857
90593: 0.999857
90594: 0.999857
90595: 0.999857
90596: 0.999857
90597: 0.999857
90598: 0.999857
90599: 0.999857
90600: 0.999857
90601: 0.999857
90602: 0.999857
90603: 0.999857
90604: 0.999857
90605: 0.999857
90606: 0.999857
90607: 0.999857
90608: 0.999857
90609: 0.999857
90610: 0.999857
90611: 0.999857
90612: 0.999857
90613: 0.999857
90614: 0.999857
90615: 0.999857
90616: 0.999857
90617: 0.999857
90618: 0.999857
90619: 0.999857
90620: 0.999857
90621: 0.999857
90622: 0.999857
90623: 0.999857
90624: 0.999857
90625: 0.999857
90626: 0.999857
90627: 0.999857
90628: 0.999857
90629: 0.999857
90630: 0.999857
90631: 0.999857
90632: 0.999857
90633: 0.999857
90634: 0.999857
90635: 0.999857
90636: 0.999857
90637: 0.999857
90638: 0.999857
90639: 0.999857
90640: 0.999857
90641: 0.999857
90642: 0.999857
90643: 0.999857
90644: 0.999857
90645: 0.999857
90646: 0.999857
90647: 0.999857
90648: 0.999857
90649: 0.999857
90650: 0.999857
90651: 0.999857
90652: 0.999857
90653: 0.999857
90654: 0.999857
90655: 0.999857
90656: 0.999857
90657: 0.999857
90658: 0.999857
90659: 0.999857
90660: 0.999857
90661: 0.999857
90662: 0.999857
90663: 0.999857
90664: 0.999857
90665: 0.999857
90666: 0.999857
90667: 0.999857
90668: 0.999857
90669: 0.999857
90670: 0.999857
90671: 0.999857
90672: 0.999857
90673: 0.999857
90674: 0.999857
90675: 0.999857
90676: 0.999857
90677: 0.999857
90678: 0.999857
90679: 0.999857
90680: 0.999857
90681: 0.999857
90682: 0.999857
90683: 0.999857
90684: 0.999857
90685: 0.999857
90686: 0.999857
90687: 0.999857
90688: 0.999857
90689: 0.999857
90690: 0.999857
90691: 0.999857
90692: 0.999857
90693: 0.999857
90694: 0.999857
90695: 0.999857
90696: 0.999857
90697: 0.999857
90698: 0.999857
90699: 0.999857
90700: 0.999857
90701: 0.999857
90702: 0.999857
90703: 0.999857
90704: 0.999857
90705: 0.999857
90706: 0.999857
90707: 0.999857
90708: 0.999857
90709: 0.999857
90710: 0.999857
90711: 0.999857
90712: 0.999857
90713: 0.999857
90714: 0.999857
90715: 0.999857
90716: 0.999857
90717: 0.999857
90718: 0.999857
90719: 0.999857
90720: 0.999857
90721: 0.999857
90722: 0.999857
90723: 0.999857
90724: 0.999857
90725: 0.999857
90726: 0.999857
90727: 0.999857
90728: 0.999857
90729: 0.999857
90730: 0.999857
90731: 0.999857
90732: 0.999857
90733: 0.999857
90734: 0.999857
90735: 0.999857
90736: 0.999857
90737: 0.999857
90738: 0.999857
90739: 0.999857
90740: 0.999857
90741: 0.999857
90742: 0.999857
90743: 0.999857
90744: 0.999857
90745: 0.999857
90746: 0.999857
90747: 0.999857
90748: 0.999857
90749: 0.999857
90750: 0.999857
90751: 0.999857
90752: 0.999857
90753: 0.999857
90754: 0.999857
90755: 0.999857
90756: 0.999857
90757: 0.999857
90758: 0.999857
90759: 0.999857
90760: 0.999857
90761: 0.999857
90762: 0.999857
90763: 0.999857
90764: 0.999857
90765: 0.999857
90766: 0.999857
90767: 0.999857
90768: 0.999857
90769: 0.999857
90770: 0.999857
90771: 0.999857
90772: 0.999857
90773: 0.999857
90774: 0.999857
90775: 0.999857
90776: 0.999857
90777: 0.999857
90778: 0.999857
90779: 0.999857
90780: 0.999857
90781: 0.999857
90782: 0.999857
90783: 0.999857
90784: 0.999857
90785: 0.999857
90786: 0.999857
90787: 0.999857
90788: 0.999857
90789: 0.999857
90790: 0.999857
90791: 0.999857
90792: 0.999857
90793: 0.999857
90794: 0.999857
90795: 0.999857
90796: 0.999857
90797: 0.999857
90798: 0.999857
90799: 0.999857
90800: 0.999857
90801: 0.999857
90802: 0.999857
90803: 0.999857
90804: 0.999857
90805: 0.999857
90806: 0.999857
90807: 0.999857
90808: 0.999857
90809: 0.999857
90810: 0.999857
90811: 0.999857
90812: 0.999857
90813: 0.999857
90814: 0.999857
90815: 0.999857
90816: 0.999857
90817: 0.999857
90818: 0.999857
90819: 0.999857
90820: 0.999857
90821: 0.999857
90822: 0.999857
90823: 0.999857
90824: 0.999857
90825: 0.999857
90826: 0.999857
90827: 0.999857
90828: 0.999857
90829: 0.999857
90830: 0.999857
90831: 0.999857
90832: 0.999857
90833: 0.999857
90834: 0.999857
90835: 0.999857
90836: 0.999857
90837: 0.999857
90838: 0.999857
90839: 0.999857
90840: 0.999857
90841: 0.999857
90842: 0.999857
90843: 0.999857
90844: 0.999857
90845: 0.999857
90846: 0.999857
90847: 0.999857
90848: 0.999857
90849: 0.999857
90850: 0.999857
90851: 0.999857
90852: 0.999857
90853: 0.999857
90854: 0.999857
90855: 0.999857
90856: 0.999857
90857: 0.999857
90858: 0.999857
90859: 0.999857
90860: 0.999857
90861: 0.999857
90862: 0.999857
90863: 0.999857
90864: 0.999857
90865: 0.999857
90866: 0.999857
90867: 0.999857
90868: 0.999857
90869: 0.999857
90870: 0.999857
90871: 0.999857
90872: 0.999857
90873: 0.999857
90874: 0.999857
90875: 0.999857
90876: 0.999857
90877: 0.999857
90878: 0.999857
90879: 0.999857
90880: 0.999857
90881: 0.999857
90882: 0.999857
90883: 0.999857
90884: 0.999857
90885: 0.999857
90886: 0.999857
90887: 0.999857
90888: 0.999857
90889: 0.999857
90890: 0.999857
90891: 0.999857
90892: 0.999857
90893: 0.999857
90894: 0.999857
90895: 0.999857
90896: 0.999857
90897: 0.999857
90898: 0.999857
90899: 0.999857
90900: 0.999857
90901: 0.999857
90902: 0.999857
90903: 0.999857
90904: 0.999857
90905: 0.999857
90906: 0.999857
90907: 0.999857
90908: 0.999857
90909: 0.999857
90910: 0.999857
90911: 0.999857
90912: 0.999857
90913: 0.999857
90914: 0.999857
90915: 0.999857
90916: 0.999857
90917: 0.999857
90918: 0.999857
90919: 0.999857
90920: 0.999857
90921: 0.999857
90922: 0.999857
90923: 0.999857
90924: 0.999857
90925: 0.999857
90926: 0.999857
90927: 0.999857
90928: 0.999857
90929: 0.999857
90930: 0.999857
90931: 0.999857
90932: 0.999857
90933: 0.999857
90934: 0.999857
90935: 0.999857
90936: 0.999857
90937: 0.999857
90938: 0.999857
90939: 0.999857
90940: 0.999857
90941: 0.999857
90942: 0.999857
90943: 0.999857
90944: 0.999857
90945: 0.999857
90946: 0.999857
90947: 0.999857
90948: 0.999857
90949: 0.999857
90950: 0.999857
90951: 0.999857
90952: 0.999857
90953: 0.999857
90954: 0.999857
90955: 0.999857
90956: 0.999857
90957: 0.999857
90958: 0.999857
90959: 0.999857
90960: 0.999857
90961: 0.999857
90962: 0.999857
90963: 0.999857
90964: 0.999857
90965: 0.999857
90966: 0.999857
90967: 0.999857
90968: 0.999857
90969: 0.999857
90970: 0.999857
90971: 0.999857
90972: 0.999857
90973: 0.999857
90974: 0.999857
90975: 0.999857
90976: 0.999857
90977: 0.999857
90978: 0.999857
90979: 0.999857
90980: 0.999857
90981: 0.999857
90982: 0.999857
90983: 0.999857
90984: 0.999857
90985: 0.999857
90986: 0.999857
90987: 0.999857
90988: 0.999857
90989: 0.999857
90990: 0.999857
90991: 0.999857
90992: 0.999857
90993: 0.999857
90994: 0.999857
90995: 0.999857
90996: 0.999857
90997: 0.999857
90998: 0.999857
90999: 0.999857
91000: 0.999857
91001: 0.999857
91002: 0.999857
91003: 0.999857
91004: 0.999857
91005: 0.999857
91006: 0.999857
91007: 0.999857
91008: 0.999857
91009: 0.999857
91010: 0.999857
91011: 0.999857
91012: 0.999857
91013: 0.999857
91014: 0.999857
91015: 0.999857
91016: 0.999857
91017: 0.999857
91018: 0.999857
91019: 0.999857
91020: 0.999857
91021: 0.999857
91022: 0.999857
91023: 0.999857
91024: 0.999857
91025: 0.999857
91026: 0.999857
91027: 0.999857
91028: 0.999857
91029: 0.999857
91030: 0.999857
91031: 0.999857
91032: 0.999857
91033: 0.999857
91034: 0.999857
91035: 0.999857
91036: 0.999857
91037: 0.999857
91038: 0.999857
91039: 0.999857
91040: 0.999857
91041: 0.999857
91042: 0.999857
91043: 0.999857
91044: 0.999857
91045: 0.999857
91046: 0.999857
91047: 0.999857
91048: 0.999857
91049: 0.999857
91050: 0.999857
91051: 0.999857
91052: 0.999857
91053: 0.999857
91054: 0.999857
91055: 0.999857
91056: 0.999857
91057: 0.999857
91058: 0.999857
91059: 0.999857
91060: 0.999857
91061: 0.999857
91062: 0.999857
91063: 0.999857
91064: 0.999857
91065: 0.999857
91066: 0.999857
91067: 0.999857
91068: 0.999857
91069: 0.999857
91070: 0.999857
91071: 0.999857
91072: 0.999857
91073: 0.999857
91074: 0.999857
91075: 0.999857
91076: 0.999857
91077: 0.999857
91078: 0.999857
91079: 0.999857
91080: 0.999857
91081: 0.999857
91082: 0.999857
91083: 0.999857
91084: 0.999857
91085: 0.999857
91086: 0.999857
91087: 0.999857
91088: 0.999857
91089: 0.999857
91090: 0.999857
91091: 0.999857
91092: 0.999857
91093: 0.999857
91094: 0.999857
91095: 0.999857
91096: 0.999857
91097: 0.999857
91098: 0.999857
91099: 0.999857
91100: 0.999857
91101: 0.999857
91102: 0.999857
91103: 0.999857
91104: 0.999857
91105: 0.999857
91106: 0.999857
91107: 0.999857
91108: 0.999857
91109: 0.999857
91110: 0.999857
91111: 0.999857
91112: 0.999857
91113: 0.999857
91114: 0.999857
91115: 0.999857
91116: 0.999857
91117: 0.999857
91118: 0.999857
91119: 0.999857
91120: 0.999857
91121: 0.999857
91122: 0.999857
91123: 0.999857
91124: 0.999857
91125: 0.999857
91126: 0.999857
91127: 0.999857
91128: 0.999857
91129: 0.999857
91130: 0.999857
91131: 0.999857
91132: 0.999857
91133: 0.999857
91134: 0.999857
91135: 0.999857
91136: 0.999857
91137: 0.999857
91138: 0.999857
91139: 0.999857
91140: 0.999857
91141: 0.999857
91142: 0.999857
91143: 0.999857
91144: 0.999857
91145: 0.999857
91146: 0.999857
91147: 0.999857
91148: 0.999857
91149: 0.999857
91150: 0.999857
91151: 0.999857
91152: 0.999857
91153: 0.999857
91154: 0.999857
91155: 0.999857
91156: 0.999857
91157: 0.999857
91158: 0.999857
91159: 0.999857
91160: 0.999857
91161: 0.999857
91162: 0.999857
91163: 0.999857
91164: 0.999857
91165: 0.999857
91166: 0.999857
91167: 0.999857
91168: 0.999857
91169: 0.999857
91170: 0.999857
91171: 0.999857
91172: 0.999857
91173: 0.999857
91174: 0.999857
91175: 0.999857
91176: 0.999857
91177: 0.999857
91178: 0.999857
91179: 0.999857
91180: 0.999857
91181: 0.999857
91182: 0.999857
91183: 0.999857
91184: 0.999857
91185: 0.999857
91186: 0.999857
91187: 0.999857
91188: 0.999857
91189: 0.999857
91190: 0.999857
91191: 0.999857
91192: 0.999857
91193: 0.999857
91194: 0.999857
91195: 0.999857
91196: 0.999857
91197: 0.999857
91198: 0.999857
91199: 0.999857
91200: 0.999857
91201: 0.999857
91202: 0.999857
91203: 0.999857
91204: 0.999857
91205: 0.999857
91206: 0.999857
91207: 0.999857
91208: 0.999857
91209: 0.999857
91210: 0.999857
91211: 0.999857
91212: 0.999857
91213: 0.999857
91214: 0.999857
91215: 0.999857
91216: 0.999857
91217: 0.999857
91218: 0.999857
91219: 0.999857
91220: 0.999857
91221: 0.999857
91222: 0.999857
91223: 0.999857
91224: 0.999857
91225: 0.999857
91226: 0.999857
91227: 0.999857
91228: 0.999858
91229: 0.999858
91230: 0.999858
91231: 0.999858
91232: 0.999858
91233: 0.999858
91234: 0.999858
91235: 0.999858
91236: 0.999858
91237: 0.999858
91238: 0.999858
91239: 0.999858
91240: 0.999858
91241: 0.999858
91242: 0.999858
91243: 0.999858
91244: 0.999858
91245: 0.999858
91246: 0.999858
91247: 0.999858
91248: 0.999858
91249: 0.999858
91250: 0.999858
91251: 0.999858
91252: 0.999858
91253: 0.999858
91254: 0.999858
91255: 0.999858
91256: 0.999858
91257: 0.999858
91258: 0.999858
91259: 0.999858
91260: 0.999858
91261: 0.999858
91262: 0.999858
91263: 0.999858
91264: 0.999858
91265: 0.999858
91266: 0.999858
91267: 0.999858
91268: 0.999858
91269: 0.999858
91270: 0.999858
91271: 0.999858
91272: 0.999858
91273: 0.999858
91274: 0.999858
91275: 0.999858
91276: 0.999858
91277: 0.999858
91278: 0.999858
91279: 0.999858
91280: 0.999858
91281: 0.999858
91282: 0.999858
91283: 0.999858
91284: 0.999858
91285: 0.999858
91286: 0.999858
91287: 0.999858
91288: 0.999858
91289: 0.999858
91290: 0.999858
91291: 0.999858
91292: 0.999858
91293: 0.999858
91294: 0.999858
91295: 0.999858
91296: 0.999858
91297: 0.999858
91298: 0.999858
91299: 0.999858
91300: 0.999858
91301: 0.999858
91302: 0.999858
91303: 0.999858
91304: 0.999858
91305: 0.999858
91306: 0.999858
91307: 0.999858
91308: 0.999858
91309: 0.999858
91310: 0.999858
91311: 0.999858
91312: 0.999858
91313: 0.999858
91314: 0.999858
91315: 0.999858
91316: 0.999858
91317: 0.999858
91318: 0.999858
91319: 0.999858
91320: 0.999858
91321: 0.999858
91322: 0.999858
91323: 0.999858
91324: 0.999858
91325: 0.999858
91326: 0.999858
91327: 0.999858
91328: 0.999858
91329: 0.999858
91330: 0.999858
91331: 0.999858
91332: 0.999858
91333: 0.999858
91334: 0.999858
91335: 0.999858
91336: 0.999858
91337: 0.999858
91338: 0.999858
91339: 0.999858
91340: 0.999858
91341: 0.999858
91342: 0.999858
91343: 0.999858
91344: 0.999858
91345: 0.999858
91346: 0.999858
91347: 0.999858
91348: 0.999858
91349: 0.999858
91350: 0.999858
91351: 0.999858
91352: 0.999858
91353: 0.999858
91354: 0.999858
91355: 0.999858
91356: 0.999858
91357: 0.999858
91358: 0.999858
91359: 0.999858
91360: 0.999858
91361: 0.999858
91362: 0.999858
91363: 0.999858
91364: 0.999858
91365: 0.999858
91366: 0.999858
91367: 0.999858
91368: 0.999858
91369: 0.999858
91370: 0.999858
91371: 0.999858
91372: 0.999858
91373: 0.999858
91374: 0.999858
91375: 0.999858
91376: 0.999858
91377: 0.999858
91378: 0.999858
91379: 0.999858
91380: 0.999858
91381: 0.999858
91382: 0.999858
91383: 0.999858
91384: 0.999858
91385: 0.999858
91386: 0.999858
91387: 0.999858
91388: 0.999858
91389: 0.999858
91390: 0.999858
91391: 0.999858
91392: 0.999858
91393: 0.999858
91394: 0.999858
91395: 0.999858
91396: 0.999858
91397: 0.999858
91398: 0.999858
91399: 0.999858
91400: 0.999858
91401: 0.999858
91402: 0.999858
91403: 0.999858
91404: 0.999858
91405: 0.999858
91406: 0.999858
91407: 0.999858
91408: 0.999858
91409: 0.999858
91410: 0.999858
91411: 0.999858
91412: 0.999858
91413: 0.999858
91414: 0.999858
91415: 0.999858
91416: 0.999858
91417: 0.999858
91418: 0.999858
91419: 0.999858
91420: 0.999858
91421: 0.999858
91422: 0.999858
91423: 0.999858
91424: 0.999858
91425: 0.999858
91426: 0.999858
91427: 0.999858
91428: 0.999858
91429: 0.999858
91430: 0.999858
91431: 0.999858
91432: 0.999858
91433: 0.999858
91434: 0.999858
91435: 0.999858
91436: 0.999858
91437: 0.999858
91438: 0.999858
91439: 0.999858
91440: 0.999858
91441: 0.999858
91442: 0.999858
91443: 0.999858
91444: 0.999858
91445: 0.999858
91446: 0.999858
91447: 0.999858
91448: 0.999858
91449: 0.999858
91450: 0.999858
91451: 0.999858
91452: 0.999858
91453: 0.999858
91454: 0.999858
91455: 0.999858
91456: 0.999858
91457: 0.999858
91458: 0.999858
91459: 0.999858
91460: 0.999858
91461: 0.999858
91462: 0.999858
91463: 0.999858
91464: 0.999858
91465: 0.999858
91466: 0.999858
91467: 0.999858
91468: 0.999858
91469: 0.999858
91470: 0.999858
91471: 0.999858
91472: 0.999858
91473: 0.999858
91474: 0.999858
91475: 0.999858
91476: 0.999858
91477: 0.999858
91478: 0.999858
91479: 0.999858
91480: 0.999858
91481: 0.999858
91482: 0.999858
91483: 0.999858
91484: 0.999858
91485: 0.999858
91486: 0.999858
91487: 0.999858
91488: 0.999858
91489: 0.999858
91490: 0.999858
91491: 0.999858
91492: 0.999858
91493: 0.999858
91494: 0.999858
91495: 0.999858
91496: 0.999858
91497: 0.999858
91498: 0.999858
91499: 0.999858
91500: 0.999858
91501: 0.999858
91502: 0.999858
91503: 0.999858
91504: 0.999858
91505: 0.999858
91506: 0.999858
91507: 0.999858
91508: 0.999858
91509: 0.999858
91510: 0.999858
91511: 0.999858
91512: 0.999858
91513: 0.999858
91514: 0.999858
91515: 0.999858
91516: 0.999858
91517: 0.999858
91518: 0.999858
91519: 0.999858
91520: 0.999858
91521: 0.999858
91522: 0.999858
91523: 0.999858
91524: 0.999858
91525: 0.999858
91526: 0.999858
91527: 0.999858
91528: 0.999858
91529: 0.999858
91530: 0.999858
91531: 0.999858
91532: 0.999858
91533: 0.999858
91534: 0.999858
91535: 0.999858
91536: 0.999858
91537: 0.999858
91538: 0.999858
91539: 0.999858
91540: 0.999858
91541: 0.999858
91542: 0.999858
91543: 0.999858
91544: 0.999858
91545: 0.999858
91546: 0.999858
91547: 0.999858
91548: 0.999858
91549: 0.999858
91550: 0.999858
91551: 0.999858
91552: 0.999858
91553: 0.999858
91554: 0.999858
91555: 0.999858
91556: 0.999858
91557: 0.999858
91558: 0.999858
91559: 0.999858
91560: 0.999858
91561: 0.999858
91562: 0.999858
91563: 0.999858
91564: 0.999858
91565: 0.999858
91566: 0.999858
91567: 0.999858
91568: 0.999858
91569: 0.999858
91570: 0.999858
91571: 0.999858
91572: 0.999858
91573: 0.999858
91574: 0.999858
91575: 0.999858
91576: 0.999858
91577: 0.999858
91578: 0.999858
91579: 0.999858
91580: 0.999858
91581: 0.999858
91582: 0.999858
91583: 0.999858
91584: 0.999858
91585: 0.999858
91586: 0.999858
91587: 0.999858
91588: 0.999858
91589: 0.999858
91590: 0.999858
91591: 0.999858
91592: 0.999858
91593: 0.999858
91594: 0.999858
91595: 0.999858
91596: 0.999858
91597: 0.999858
91598: 0.999858
91599: 0.999858
91600: 0.999858
91601: 0.999858
91602: 0.999858
91603: 0.999858
91604: 0.999858
91605: 0.999858
91606: 0.999858
91607: 0.999858
91608: 0.999858
91609: 0.999858
91610: 0.999858
91611: 0.999858
91612: 0.999858
91613: 0.999858
91614: 0.999858
91615: 0.999858
91616: 0.999858
91617: 0.999858
91618: 0.999858
91619: 0.999858
91620: 0.999858
91621: 0.999858
91622: 0.999858
91623: 0.999858
91624: 0.999858
91625: 0.999858
91626: 0.999858
91627: 0.999858
91628: 0.999858
91629: 0.999858
91630: 0.999858
91631: 0.999858
91632: 0.999858
91633: 0.999858
91634: 0.999858
91635: 0.999858
91636: 0.999858
91637: 0.999858
91638: 0.999858
91639: 0.999858
91640: 0.999858
91641: 0.999858
91642: 0.999858
91643: 0.999858
91644: 0.999858
91645: 0.999858
91646: 0.999858
91647: 0.999858
91648: 0.999858
91649: 0.999858
91650: 0.999858
91651: 0.999858
91652: 0.999858
91653: 0.999858
91654: 0.999858
91655: 0.999858
91656: 0.999858
91657: 0.999858
91658: 0.999858
91659: 0.999858
91660: 0.999858
91661: 0.999858
91662: 0.999858
91663: 0.999858
91664: 0.999858
91665: 0.999858
91666: 0.999858
91667: 0.999858
91668: 0.999858
91669: 0.999858
91670: 0.999858
91671: 0.999858
91672: 0.999858
91673: 0.999858
91674: 0.999858
91675: 0.999858
91676: 0.999858
91677: 0.999858
91678: 0.999858
91679: 0.999858
91680: 0.999858
91681: 0.999858
91682: 0.999858
91683: 0.999858
91684: 0.999858
91685: 0.999858
91686: 0.999858
91687: 0.999858
91688: 0.999858
91689: 0.999858
91690: 0.999858
91691: 0.999858
91692: 0.999858
91693: 0.999858
91694: 0.999858
91695: 0.999858
91696: 0.999858
91697: 0.999858
91698: 0.999858
91699: 0.999858
91700: 0.999858
91701: 0.999858
91702: 0.999858
91703: 0.999858
91704: 0.999858
91705: 0.999858
91706: 0.999858
91707: 0.999858
91708: 0.999858
91709: 0.999858
91710: 0.999858
91711: 0.999858
91712: 0.999858
91713: 0.999858
91714: 0.999858
91715: 0.999858
91716: 0.999858
91717: 0.999858
91718: 0.999858
91719: 0.999858
91720: 0.999858
91721: 0.999858
91722: 0.999858
91723: 0.999858
91724: 0.999858
91725: 0.999858
91726: 0.999858
91727: 0.999858
91728: 0.999858
91729: 0.999858
91730: 0.999858
91731: 0.999858
91732: 0.999858
91733: 0.999858
91734: 0.999858
91735: 0.999858
91736: 0.999858
91737: 0.999858
91738: 0.999858
91739: 0.999858
91740: 0.999858
91741: 0.999858
91742: 0.999858
91743: 0.999858
91744: 0.999858
91745: 0.999858
91746: 0.999858
91747: 0.999858
91748: 0.999858
91749: 0.999858
91750: 0.999858
91751: 0.999858
91752: 0.999858
91753: 0.999858
91754: 0.999858
91755: 0.999858
91756: 0.999858
91757: 0.999858
91758: 0.999858
91759: 0.999858
91760: 0.999858
91761: 0.999858
91762: 0.999858
91763: 0.999858
91764: 0.999858
91765: 0.999858
91766: 0.999858
91767: 0.999858
91768: 0.999858
91769: 0.999858
91770: 0.999858
91771: 0.999858
91772: 0.999858
91773: 0.999858
91774: 0.999858
91775: 0.999858
91776: 0.999858
91777: 0.999858
91778: 0.999858
91779: 0.999858
91780: 0.999858
91781: 0.999858
91782: 0.999858
91783: 0.999858
91784: 0.999858
91785: 0.999858
91786: 0.999858
91787: 0.999858
91788: 0.999858
91789: 0.999858
91790: 0.999858
91791: 0.999858
91792: 0.999858
91793: 0.999858
91794: 0.999858
91795: 0.999858
91796: 0.999858
91797: 0.999858
91798: 0.999858
91799: 0.999858
91800: 0.999858
91801: 0.999858
91802: 0.999858
91803: 0.999858
91804: 0.999858
91805: 0.999858
91806: 0.999858
91807: 0.999858
91808: 0.999858
91809: 0.999858
91810: 0.999858
91811: 0.999858
91812: 0.999858
91813: 0.999858
91814: 0.999858
91815: 0.999858
91816: 0.999858
91817: 0.999858
91818: 0.999858
91819: 0.999858
91820: 0.999858
91821: 0.999858
91822: 0.999858
91823: 0.999858
91824: 0.999858
91825: 0.999858
91826: 0.999858
91827: 0.999858
91828: 0.999858
91829: 0.999858
91830: 0.999858
91831: 0.999858
91832: 0.999858
91833: 0.999858
91834: 0.999858
91835: 0.999858
91836: 0.999858
91837: 0.999858
91838: 0.999858
91839: 0.999858
91840: 0.999858
91841: 0.999858
91842: 0.999858
91843: 0.999858
91844: 0.999858
91845: 0.999858
91846: 0.999858
91847: 0.999858
91848: 0.999858
91849: 0.999858
91850: 0.999858
91851: 0.999858
91852: 0.999858
91853: 0.999858
91854: 0.999858
91855: 0.999858
91856: 0.999858
91857: 0.999858
91858: 0.999858
91859: 0.999858
91860: 0.999858
91861: 0.999858
91862: 0.999858
91863: 0.999858
91864: 0.999858
91865: 0.999858
91866: 0.999858
91867: 0.999858
91868: 0.999858
91869: 0.999858
91870: 0.999858
91871: 0.999858
91872: 0.999859
91873: 0.999859
91874: 0.999859
91875: 0.999859
91876: 0.999859
91877: 0.999859
91878: 0.999859
91879: 0.999859
91880: 0.999859
91881: 0.999859
91882: 0.999859
91883: 0.999859
91884: 0.999859
91885: 0.999859
91886: 0.999859
91887: 0.999859
91888: 0.999859
91889: 0.999859
91890: 0.999859
91891: 0.999859
91892: 0.999859
91893: 0.999859
91894: 0.999859
91895: 0.999859
91896: 0.999859
91897: 0.999859
91898: 0.999859
91899: 0.999859
91900: 0.999859
91901: 0.999859
91902: 0.999859
91903: 0.999859
91904: 0.999859
91905: 0.999859
91906: 0.999859
91907: 0.999859
91908: 0.999859
91909: 0.999859
91910: 0.999859
91911: 0.999859
91912: 0.999859
91913: 0.999859
91914: 0.999859
91915: 0.999859
91916: 0.999859
91917: 0.999859
91918: 0.999859
91919: 0.999859
91920: 0.999859
91921: 0.999859
91922: 0.999859
91923: 0.999859
91924: 0.999859
91925: 0.999859
91926: 0.999859
91927: 0.999859
91928: 0.999859
91929: 0.999859
91930: 0.999859
91931: 0.999859
91932: 0.999859
91933: 0.999859
91934: 0.999859
91935: 0.999859
91936: 0.999859
91937: 0.999859
91938: 0.999859
91939: 0.999859
91940: 0.999859
91941: 0.999859
91942: 0.999859
91943: 0.999859
91944: 0.999859
91945: 0.999859
91946: 0.999859
91947: 0.999859
91948: 0.999859
91949: 0.999859
91950: 0.999859
91951: 0.999859
91952: 0.999859
91953: 0.999859
91954: 0.999859
91955: 0.999859
91956: 0.999859
91957: 0.999859
91958: 0.999859
91959: 0.999859
91960: 0.999859
91961: 0.999859
91962: 0.999859
91963: 0.999859
91964: 0.999859
91965: 0.999859
91966: 0.999859
91967: 0.999859
91968: 0.999859
91969: 0.999859
91970: 0.999859
91971: 0.999859
91972: 0.999859
91973: 0.999859
91974: 0.999859
91975: 0.999859
91976: 0.999859
91977: 0.999859
91978: 0.999859
91979: 0.999859
91980: 0.999859
91981: 0.999859
91982: 0.999859
91983: 0.999859
91984: 0.999859
91985: 0.999859
91986: 0.999859
91987: 0.999859
91988: 0.999859
91989: 0.999859
91990: 0.999859
91991: 0.999859
91992: 0.999859
91993: 0.999859
91994: 0.999859
91995: 0.999859
91996: 0.999859
91997: 0.999859
91998: 0.999859
91999: 0.999859
92000: 0.999859
92001: 0.999859
92002: 0.999859
92003: 0.999859
92004: 0.999859
92005: 0.999859
92006: 0.999859
92007: 0.999859
92008: 0.999859
92009: 0.999859
92010: 0.999859
92011: 0.999859
92012: 0.999859
92013: 0.999859
92014: 0.999859
92015: 0.999859
92016: 0.999859
92017: 0.999859
92018: 0.999859
92019: 0.999859
92020: 0.999859
92021: 0.999859
92022: 0.999859
92023: 0.999859
92024: 0.999859
92025: 0.999859
92026: 0.999859
92027: 0.999859
92028: 0.999859
92029: 0.999859
92030: 0.999859
92031: 0.999859
92032: 0.999859
92033: 0.999859
92034: 0.999859
92035: 0.999859
92036: 0.999859
92037: 0.999859
92038: 0.999859
92039: 0.999859
92040: 0.999859
92041: 0.999859
92042: 0.999859
92043: 0.999859
92044: 0.999859
92045: 0.999859
92046: 0.999859
92047: 0.999859
92048: 0.999859
92049: 0.999859
92050: 0.999859
92051: 0.999859
92052: 0.999859
92053: 0.999859
92054: 0.999859
92055: 0.999859
92056: 0.999859
92057: 0.999859
92058: 0.999859
92059: 0.999859
92060: 0.999859
92061: 0.999859
92062: 0.999859
92063: 0.999859
92064: 0.999859
92065: 0.999859
92066: 0.999859
92067: 0.999859
92068: 0.999859
92069: 0.999859
92070: 0.999859
92071: 0.999859
92072: 0.999859
92073: 0.999859
92074: 0.999859
92075: 0.999859
92076: 0.999859
92077: 0.999859
92078: 0.999859
92079: 0.999859
92080: 0.999859
92081: 0.999859
92082: 0.999859
92083: 0.999859
92084: 0.999859
92085: 0.999859
92086: 0.999859
92087: 0.999859
92088: 0.999859
92089: 0.999859
92090: 0.999859
92091: 0.999859
92092: 0.999859
92093: 0.999859
92094: 0.999859
92095: 0.999859
92096: 0.999859
92097: 0.999859
92098: 0.999859
92099: 0.999859
92100: 0.999859
92101: 0.999859
92102: 0.999859
92103: 0.999859
92104: 0.999859
92105: 0.999859
92106: 0.999859
92107: 0.999859
92108: 0.999859
92109: 0.999859
92110: 0.999859
92111: 0.999859
92112: 0.999859
92113: 0.999859
92114: 0.999859
92115: 0.999859
92116: 0.999859
92117: 0.999859
92118: 0.999859
92119: 0.999859
92120: 0.999859
92121: 0.999859
92122: 0.999859
92123: 0.999859
92124: 0.999859
92125: 0.999859
92126: 0.999859
92127: 0.999859
92128: 0.999859
92129: 0.999859
92130: 0.999859
92131: 0.999859
92132: 0.999859
92133: 0.999859
92134: 0.999859
92135: 0.999859
92136: 0.999859
92137: 0.999859
92138: 0.999859
92139: 0.999859
92140: 0.999859
92141: 0.999859
92142: 0.999859
92143: 0.999859
92144: 0.999859
92145: 0.999859
92146: 0.999859
92147: 0.999859
92148: 0.999859
92149: 0.999859
92150: 0.999859
92151: 0.999859
92152: 0.999859
92153: 0.999859
92154: 0.999859
92155: 0.999859
92156: 0.999859
92157: 0.999859
92158: 0.999859
92159: 0.999859
92160: 0.999859
92161: 0.999859
92162: 0.999859
92163: 0.999859
92164: 0.999859
92165: 0.999859
92166: 0.999859
92167: 0.999859
92168: 0.999859
92169: 0.999859
92170: 0.999859
92171: 0.999859
92172: 0.999859
92173: 0.999859
92174: 0.999859
92175: 0.999859
92176: 0.999859
92177: 0.999859
92178: 0.999859
92179: 0.999859
92180: 0.999859
92181: 0.999859
92182: 0.999859
92183: 0.999859
92184: 0.999859
92185: 0.999859
92186: 0.999859
92187: 0.999859
92188: 0.999859
92189: 0.999859
92190: 0.999859
92191: 0.999859
92192: 0.999859
92193: 0.999859
92194: 0.999859
92195: 0.999859
92196: 0.999859
92197: 0.999859
92198: 0.999859
92199: 0.999859
92200: 0.999859
92201: 0.999859
92202: 0.999859
92203: 0.999859
92204: 0.999859
92205: 0.999859
92206: 0.999859
92207: 0.999859
92208: 0.999859
92209: 0.999859
92210: 0.999859
92211: 0.999859
92212: 0.999859
92213: 0.999859
92214: 0.999859
92215: 0.999859
92216: 0.999859
92217: 0.999859
92218: 0.999859
92219: 0.999859
92220: 0.999859
92221: 0.999859
92222: 0.999859
92223: 0.999859
92224: 0.999859
92225: 0.999859
92226: 0.999859
92227: 0.999859
92228: 0.999859
92229: 0.999859
92230: 0.999859
92231: 0.999859
92232: 0.999859
92233: 0.999859
92234: 0.999859
92235: 0.999859
92236: 0.999859
92237: 0.999859
92238: 0.999859
92239: 0.999859
92240: 0.999859
92241: 0.999859
92242: 0.999859
92243: 0.999859
92244: 0.999859
92245: 0.999859
92246: 0.999859
92247: 0.999859
92248: 0.999859
92249: 0.999859
92250: 0.999859
92251: 0.999859
92252: 0.999859
92253: 0.999859
92254: 0.999859
92255: 0.999859
92256: 0.999859
92257: 0.999859
92258: 0.999859
92259: 0.999859
92260: 0.999859
92261: 0.999859
92262: 0.999859
92263: 0.999859
92264: 0.999859
92265: 0.999859
92266: 0.999859
92267: 0.999859
92268: 0.999859
92269: 0.999859
92270: 0.999859
92271: 0.999859
92272: 0.999859
92273: 0.999859
92274: 0.999859
92275: 0.999859
92276: 0.999859
92277: 0.999859
92278: 0.999859
92279: 0.999859
92280: 0.999859
92281: 0.999859
92282: 0.999859
92283: 0.999859
92284: 0.999859
92285: 0.999859
92286: 0.999859
92287: 0.999859
92288: 0.999859
92289: 0.999859
92290: 0.999859
92291: 0.999859
92292: 0.999859
92293: 0.999859
92294: 0.999859
92295: 0.999859
92296: 0.999859
92297: 0.999859
92298: 0.999859
92299: 0.999859
92300: 0.999859
92301: 0.999859
92302: 0.999859
92303: 0.999859
92304: 0.999859
92305: 0.999859
92306: 0.999859
92307: 0.999859
92308: 0.999859
92309: 0.999859
92310: 0.999859
92311: 0.999859
92312: 0.999859
92313: 0.999859
92314: 0.999859
92315: 0.999859
92316: 0.999859
92317: 0.999859
92318: 0.999859
92319: 0.999859
92320: 0.999859
92321: 0.999859
92322: 0.999859
92323: 0.999859
92324: 0.999859
92325: 0.999859
92326: 0.999859
92327: 0.999859
92328: 0.999859
92329: 0.999859
92330: 0.999859
92331: 0.999859
92332: 0.999859
92333: 0.999859
92334: 0.999859
92335: 0.999859
92336: 0.999859
92337: 0.999859
92338: 0.999859
92339: 0.999859
92340: 0.999859
92341: 0.999859
92342: 0.999859
92343: 0.999859
92344: 0.999859
92345: 0.999859
92346: 0.999859
92347: 0.999859
92348: 0.999859
92349: 0.999859
92350: 0.999859
92351: 0.999859
92352: 0.999859
92353: 0.999859
92354: 0.999859
92355: 0.999859
92356: 0.999859
92357: 0.999859
92358: 0.999859
92359: 0.999859
92360: 0.999859
92361: 0.999859
92362: 0.999859
92363: 0.999859
92364: 0.999859
92365: 0.999859
92366: 0.999859
92367: 0.999859
92368: 0.999859
92369: 0.999859
92370: 0.999859
92371: 0.999859
92372: 0.999859
92373: 0.999859
92374: 0.999859
92375: 0.999859
92376: 0.999859
92377: 0.999859
92378: 0.999859
92379: 0.999859
92380: 0.999859
92381: 0.999859
92382: 0.999859
92383: 0.999859
92384: 0.999859
92385: 0.999859
92386: 0.999859
92387: 0.999859
92388: 0.999859
92389: 0.999859
92390: 0.999859
92391: 0.999859
92392: 0.999859
92393: 0.999859
92394: 0.999859
92395: 0.999859
92396: 0.999859
92397: 0.999859
92398: 0.999859
92399: 0.999859
92400: 0.999859
92401: 0.999859
92402: 0.999859
92403: 0.999859
92404: 0.999859
92405: 0.999859
92406: 0.999859
92407: 0.999859
92408: 0.999859
92409: 0.999859
92410: 0.999859
92411: 0.999859
92412: 0.999859
92413: 0.999859
92414: 0.999859
92415: 0.999859
92416: 0.999859
92417: 0.999859
92418: 0.999859
92419: 0.999859
92420: 0.999859
92421: 0.999859
92422: 0.999859
92423: 0.999859
92424: 0.999859
92425: 0.999859
92426: 0.999859
92427: 0.999859
92428: 0.999859
92429: 0.999859
92430: 0.999859
92431: 0.999859
92432: 0.999859
92433: 0.999859
92434: 0.999859
92435: 0.999859
92436: 0.999859
92437: 0.999859
92438: 0.999859
92439: 0.999859
92440: 0.999859
92441: 0.999859
92442: 0.999859
92443: 0.999859
92444: 0.999859
92445: 0.999859
92446: 0.999859
92447: 0.999859
92448: 0.999859
92449: 0.999859
92450: 0.999859
92451: 0.999859
92452: 0.999859
92453: 0.999859
92454: 0.999859
92455: 0.999859
92456: 0.999859
92457: 0.999859
92458: 0.999859
92459: 0.999859
92460: 0.999859
92461: 0.999859
92462: 0.999859
92463: 0.999859
92464: 0.999859
92465: 0.999859
92466: 0.999859
92467: 0.999859
92468: 0.999859
92469: 0.999859
92470: 0.999859
92471: 0.999859
92472: 0.999859
92473: 0.999859
92474: 0.999859
92475: 0.999859
92476: 0.999859
92477: 0.999859
92478: 0.999859
92479: 0.999859
92480: 0.999859
92481: 0.999859
92482: 0.999859
92483: 0.999859
92484: 0.999859
92485: 0.999859
92486: 0.999859
92487: 0.999859
92488: 0.999859
92489: 0.999859
92490: 0.999859
92491: 0.999859
92492: 0.999859
92493: 0.999859
92494: 0.999859
92495: 0.999859
92496: 0.999859
92497: 0.999859
92498: 0.999859
92499: 0.999859
92500: 0.999859
92501: 0.999859
92502: 0.999859
92503: 0.999859
92504: 0.999859
92505: 0.999859
92506: 0.999859
92507: 0.999859
92508: 0.999859
92509: 0.999859
92510: 0.999859
92511: 0.999859
92512: 0.999859
92513: 0.999859
92514: 0.999859
92515: 0.999859
92516: 0.999859
92517: 0.999859
92518: 0.999859
92519: 0.999859
92520: 0.999859
92521: 0.999859
92522: 0.999859
92523: 0.999859
92524: 0.999859
92525: 0.999859
92526: 0.99986
92527: 0.99986
92528: 0.99986
92529: 0.99986
92530: 0.99986
92531: 0.99986
92532: 0.99986
92533: 0.99986
92534: 0.99986
92535: 0.99986
92536: 0.99986
92537: 0.99986
92538: 0.99986
92539: 0.99986
92540: 0.99986
92541: 0.99986
92542: 0.99986
92543: 0.99986
92544: 0.99986
92545: 0.99986
92546: 0.99986
92547: 0.99986
92548: 0.99986
92549: 0.99986
92550: 0.99986
92551: 0.99986
92552: 0.99986
92553: 0.99986
92554: 0.99986
92555: 0.99986
92556: 0.99986
92557: 0.99986
92558: 0.99986
92559: 0.99986
92560: 0.99986
92561: 0.99986
92562: 0.99986
92563: 0.99986
92564: 0.99986
92565: 0.99986
92566: 0.99986
92567: 0.99986
92568: 0.99986
92569: 0.99986
92570: 0.99986
92571: 0.99986
92572: 0.99986
92573: 0.99986
92574: 0.99986
92575: 0.99986
92576: 0.99986
92577: 0.99986
92578: 0.99986
92579: 0.99986
92580: 0.99986
92581: 0.99986
92582: 0.99986
92583: 0.99986
92584: 0.99986
92585: 0.99986
92586: 0.99986
92587: 0.99986
92588: 0.99986
92589: 0.99986
92590: 0.99986
92591: 0.99986
92592: 0.99986
92593: 0.99986
92594: 0.99986
92595: 0.99986
92596: 0.99986
92597: 0.99986
92598: 0.99986
92599: 0.99986
92600: 0.99986
92601: 0.99986
92602: 0.99986
92603: 0.99986
92604: 0.99986
92605: 0.99986
92606: 0.99986
92607: 0.99986
92608: 0.99986
92609: 0.99986
92610: 0.99986
92611: 0.99986
92612: 0.99986
92613: 0.99986
92614: 0.99986
92615: 0.99986
92616: 0.99986
92617: 0.99986
92618: 0.99986
92619: 0.99986
92620: 0.99986
92621: 0.99986
92622: 0.99986
92623: 0.99986
92624: 0.99986
92625: 0.99986
92626: 0.99986
92627: 0.99986
92628: 0.99986
92629: 0.99986
92630: 0.99986
92631: 0.99986
92632: 0.99986
92633: 0.99986
92634: 0.99986
92635: 0.99986
92636: 0.99986
92637: 0.99986
92638: 0.99986
92639: 0.99986
92640: 0.99986
92641: 0.99986
92642: 0.99986
92643: 0.99986
92644: 0.99986
92645: 0.99986
92646: 0.99986
92647: 0.99986
92648: 0.99986
92649: 0.99986
92650: 0.99986
92651: 0.99986
92652: 0.99986
92653: 0.99986
92654: 0.99986
92655: 0.99986
92656: 0.99986
92657: 0.99986
92658: 0.99986
92659: 0.99986
92660: 0.99986
92661: 0.99986
92662: 0.99986
92663: 0.99986
92664: 0.99986
92665: 0.99986
92666: 0.99986
92667: 0.99986
92668: 0.99986
92669: 0.99986
92670: 0.99986
92671: 0.99986
92672: 0.99986
92673: 0.99986
92674: 0.99986
92675: 0.99986
92676: 0.99986
92677: 0.99986
92678: 0.99986
92679: 0.99986
92680: 0.99986
92681: 0.99986
92682: 0.99986
92683: 0.99986
92684: 0.99986
92685: 0.99986
92686: 0.99986
92687: 0.99986
92688: 0.99986
92689: 0.99986
92690: 0.99986
92691: 0.99986
92692: 0.99986
92693: 0.99986
92694: 0.99986
92695: 0.99986
92696: 0.99986
92697: 0.99986
92698: 0.99986
92699: 0.99986
92700: 0.99986
92701: 0.99986
92702: 0.99986
92703: 0.99986
92704: 0.99986
92705: 0.99986
92706: 0.99986
92707: 0.99986
92708: 0.99986
92709: 0.99986
92710: 0.99986
92711: 0.99986
92712: 0.99986
92713: 0.99986
92714: 0.99986
92715: 0.99986
92716: 0.99986
92717: 0.99986
92718: 0.99986
92719: 0.99986
92720: 0.99986
92721: 0.99986
92722: 0.99986
92723: 0.99986
92724: 0.99986
92725: 0.99986
92726: 0.99986
92727: 0.99986
92728: 0.99986
92729: 0.99986
92730: 0.99986
92731: 0.99986
92732: 0.99986
92733: 0.99986
92734: 0.99986
92735: 0.99986
92736: 0.99986
92737: 0.99986
92738: 0.99986
92739: 0.99986
92740: 0.99986
92741: 0.99986
92742: 0.99986
92743: 0.99986
92744: 0.99986
92745: 0.99986
92746: 0.99986
92747: 0.99986
92748: 0.99986
92749: 0.99986
92750: 0.99986
92751: 0.99986
92752: 0.99986
92753: 0.99986
92754: 0.99986
92755: 0.99986
92756: 0.99986
92757: 0.99986
92758: 0.99986
92759: 0.99986
92760: 0.99986
92761: 0.99986
92762: 0.99986
92763: 0.99986
92764: 0.99986
92765: 0.99986
92766: 0.99986
92767: 0.99986
92768: 0.99986
92769: 0.99986
92770: 0.99986
92771: 0.99986
92772: 0.99986
92773: 0.99986
92774: 0.99986
92775: 0.99986
92776: 0.99986
92777: 0.99986
92778: 0.99986
92779: 0.99986
92780: 0.99986
92781: 0.99986
92782: 0.99986
92783: 0.99986
92784: 0.99986
92785: 0.99986
92786: 0.99986
92787: 0.99986
92788: 0.99986
92789: 0.99986
92790: 0.99986
92791: 0.99986
92792: 0.99986
92793: 0.99986
92794: 0.99986
92795: 0.99986
92796: 0.99986
92797: 0.99986
92798: 0.99986
92799: 0.99986
92800: 0.99986
92801: 0.99986
92802: 0.99986
92803: 0.99986
92804: 0.99986
92805: 0.99986
92806: 0.99986
92807: 0.99986
92808: 0.99986
92809: 0.99986
92810: 0.99986
92811: 0.99986
92812: 0.99986
92813: 0.99986
92814: 0.99986
92815: 0.99986
92816: 0.99986
92817: 0.99986
92818: 0.99986
92819: 0.99986
92820: 0.99986
92821: 0.99986
92822: 0.99986
92823: 0.99986
92824: 0.99986
92825: 0.99986
92826: 0.99986
92827: 0.99986
92828: 0.99986
92829: 0.99986
92830: 0.99986
92831: 0.99986
92832: 0.99986
92833: 0.99986
92834: 0.99986
92835: 0.99986
92836: 0.99986
92837: 0.99986
92838: 0.99986
92839: 0.99986
92840: 0.99986
92841: 0.99986
92842: 0.99986
92843: 0.99986
92844: 0.99986
92845: 0.99986
92846: 0.99986
92847: 0.99986
92848: 0.99986
92849: 0.99986
92850: 0.99986
92851: 0.99986
92852: 0.99986
92853: 0.99986
92854: 0.99986
92855: 0.99986
92856: 0.99986
92857: 0.99986
92858: 0.99986
92859: 0.99986
92860: 0.99986
92861: 0.99986
92862: 0.99986
92863: 0.99986
92864: 0.99986
92865: 0.99986
92866: 0.99986
92867: 0.99986
92868: 0.99986
92869: 0.99986
92870: 0.99986
92871: 0.99986
92872: 0.99986
92873: 0.99986
92874: 0.99986
92875: 0.99986
92876: 0.99986
92877: 0.99986
92878: 0.99986
92879: 0.99986
92880: 0.99986
92881: 0.99986
92882: 0.99986
92883: 0.99986
92884: 0.99986
92885: 0.99986
92886: 0.99986
92887: 0.99986
92888: 0.99986
92889: 0.99986
92890: 0.99986
92891: 0.99986
92892: 0.99986
92893: 0.99986
92894: 0.99986
92895: 0.99986
92896: 0.99986
92897: 0.99986
92898: 0.99986
92899: 0.99986
92900: 0.99986
92901: 0.99986
92902: 0.99986
92903: 0.99986
92904: 0.99986
92905: 0.99986
92906: 0.99986
92907: 0.99986
92908: 0.99986
92909: 0.99986
92910: 0.99986
92911: 0.99986
92912: 0.99986
92913: 0.99986
92914: 0.99986
92915: 0.99986
92916: 0.99986
92917: 0.99986
92918: 0.99986
92919: 0.99986
92920: 0.99986
92921: 0.99986
92922: 0.99986
92923: 0.99986
92924: 0.99986
92925: 0.99986
92926: 0.99986
92927: 0.99986
92928: 0.99986
92929: 0.99986
92930: 0.99986
92931: 0.99986
92932: 0.99986
92933: 0.99986
92934: 0.99986
92935: 0.99986
92936: 0.99986
92937: 0.99986
92938: 0.99986
92939: 0.99986
92940: 0.99986
92941: 0.99986
92942: 0.99986
92943: 0.99986
92944: 0.99986
92945: 0.99986
92946: 0.99986
92947: 0.99986
92948: 0.99986
92949: 0.99986
92950: 0.99986
92951: 0.99986
92952: 0.99986
92953: 0.99986
92954: 0.99986
92955: 0.99986
92956: 0.99986
92957: 0.99986
92958: 0.99986
92959: 0.99986
92960: 0.99986
92961: 0.99986
92962: 0.99986
92963: 0.99986
92964: 0.99986
92965: 0.99986
92966: 0.99986
92967: 0.99986
92968: 0.99986
92969: 0.99986
92970: 0.99986
92971: 0.99986
92972: 0.99986
92973: 0.99986
92974: 0.99986
92975: 0.99986
92976: 0.99986
92977: 0.99986
92978: 0.99986
92979: 0.99986
92980: 0.99986
92981: 0.99986
92982: 0.99986
92983: 0.99986
92984: 0.99986
92985: 0.99986
92986: 0.99986
92987: 0.99986
92988: 0.99986
92989: 0.99986
92990: 0.99986
92991: 0.99986
92992: 0.99986
92993: 0.99986
92994: 0.99986
92995: 0.99986
92996: 0.99986
92997: 0.99986
92998: 0.99986
92999: 0.99986
93000: 0.99986
93001: 0.99986
93002: 0.99986
93003: 0.99986
93004: 0.99986
93005: 0.99986
93006: 0.99986
93007: 0.99986
93008: 0.99986
93009: 0.99986
93010: 0.99986
93011: 0.99986
93012: 0.99986
93013: 0.99986
93014: 0.99986
93015: 0.99986
93016: 0.99986
93017: 0.99986
93018: 0.99986
93019: 0.99986
93020: 0.99986
93021: 0.99986
93022: 0.99986
93023: 0.99986
93024: 0.99986
93025: 0.99986
93026: 0.99986
93027: 0.99986
93028: 0.99986
93029: 0.99986
93030: 0.99986
93031: 0.99986
93032: 0.99986
93033: 0.99986
93034: 0.99986
93035: 0.99986
93036: 0.99986
93037: 0.99986
93038: 0.99986
93039: 0.99986
93040: 0.99986
93041: 0.99986
93042: 0.99986
93043: 0.99986
93044: 0.99986
93045: 0.99986
93046: 0.99986
93047: 0.99986
93048: 0.99986
93049: 0.99986
93050: 0.99986
93051: 0.99986
93052: 0.99986
93053: 0.99986
93054: 0.99986
93055: 0.99986
93056: 0.99986
93057: 0.99986
93058: 0.99986
93059: 0.99986
93060: 0.99986
93061: 0.99986
93062: 0.99986
93063: 0.99986
93064: 0.99986
93065: 0.99986
93066: 0.99986
93067: 0.99986
93068: 0.99986
93069: 0.99986
93070: 0.99986
93071: 0.99986
93072: 0.99986
93073: 0.99986
93074: 0.99986
93075: 0.99986
93076: 0.99986
93077: 0.99986
93078: 0.99986
93079: 0.99986
93080: 0.99986
93081: 0.99986
93082: 0.99986
93083: 0.99986
93084: 0.99986
93085: 0.99986
93086: 0.99986
93087: 0.99986
93088: 0.99986
93089: 0.99986
93090: 0.99986
93091: 0.99986
93092: 0.99986
93093: 0.99986
93094: 0.99986
93095: 0.99986
93096: 0.99986
93097: 0.99986
93098: 0.99986
93099: 0.99986
93100: 0.99986
93101: 0.99986
93102: 0.99986
93103: 0.99986
93104: 0.99986
93105: 0.99986
93106: 0.99986
93107: 0.99986
93108: 0.99986
93109: 0.99986
93110: 0.99986
93111: 0.99986
93112: 0.99986
93113: 0.99986
93114: 0.99986
93115: 0.99986
93116: 0.99986
93117: 0.99986
93118: 0.99986
93119: 0.99986
93120: 0.99986
93121: 0.99986
93122: 0.99986
93123: 0.99986
93124: 0.99986
93125: 0.99986
93126: 0.99986
93127: 0.99986
93128: 0.99986
93129: 0.99986
93130: 0.99986
93131: 0.99986
93132: 0.99986
93133: 0.99986
93134: 0.99986
93135: 0.99986
93136: 0.99986
93137: 0.99986
93138: 0.99986
93139: 0.99986
93140: 0.99986
93141: 0.99986
93142: 0.99986
93143: 0.99986
93144: 0.99986
93145: 0.99986
93146: 0.99986
93147: 0.99986
93148: 0.99986
93149: 0.99986
93150: 0.99986
93151: 0.99986
93152: 0.99986
93153: 0.99986
93154: 0.99986
93155: 0.99986
93156: 0.99986
93157: 0.99986
93158: 0.99986
93159: 0.99986
93160: 0.99986
93161: 0.99986
93162: 0.99986
93163: 0.99986
93164: 0.99986
93165: 0.99986
93166: 0.99986
93167: 0.99986
93168: 0.99986
93169: 0.99986
93170: 0.99986
93171: 0.99986
93172: 0.99986
93173: 0.99986
93174: 0.99986
93175: 0.99986
93176: 0.99986
93177: 0.99986
93178: 0.99986
93179: 0.99986
93180: 0.99986
93181: 0.99986
93182: 0.99986
93183: 0.99986
93184: 0.99986
93185: 0.99986
93186: 0.99986
93187: 0.99986
93188: 0.99986
93189: 0.999861
93190: 0.999861
93191: 0.999861
93192: 0.999861
93193: 0.999861
93194: 0.999861
93195: 0.999861
93196: 0.999861
93197: 0.999861
93198: 0.999861
93199: 0.999861
93200: 0.999861
93201: 0.999861
93202: 0.999861
93203: 0.999861
93204: 0.999861
93205: 0.999861
93206: 0.999861
93207: 0.999861
93208: 0.999861
93209: 0.999861
93210: 0.999861
93211: 0.999861
93212: 0.999861
93213: 0.999861
93214: 0.999861
93215: 0.999861
93216: 0.999861
93217: 0.999861
93218: 0.999861
93219: 0.999861
93220: 0.999861
93221: 0.999861
93222: 0.999861
93223: 0.999861
93224: 0.999861
93225: 0.999861
93226: 0.999861
93227: 0.999861
93228: 0.999861
93229: 0.999861
93230: 0.999861
93231: 0.999861
93232: 0.999861
93233: 0.999861
93234: 0.999861
93235: 0.999861
93236: 0.999861
93237: 0.999861
93238: 0.999861
93239: 0.999861
93240: 0.999861
93241: 0.999861
93242: 0.999861
93243: 0.999861
93244: 0.999861
93245: 0.999861
93246: 0.999861
93247: 0.999861
93248: 0.999861
93249: 0.999861
93250: 0.999861
93251: 0.999861
93252: 0.999861
93253: 0.999861
93254: 0.999861
93255: 0.999861
93256: 0.999861
93257: 0.999861
93258: 0.999861
93259: 0.999861
93260: 0.999861
93261: 0.999861
93262: 0.999861
93263: 0.999861
93264: 0.999861
93265: 0.999861
93266: 0.999861
93267: 0.999861
93268: 0.999861
93269: 0.999861
93270: 0.999861
93271: 0.999861
93272: 0.999861
93273: 0.999861
93274: 0.999861
93275: 0.999861
93276: 0.999861
93277: 0.999861
93278: 0.999861
93279: 0.999861
93280: 0.999861
93281: 0.999861
93282: 0.999861
93283: 0.999861
93284: 0.999861
93285: 0.999861
93286: 0.999861
93287: 0.999861
93288: 0.999861
93289: 0.999861
93290: 0.999861
93291: 0.999861
93292: 0.999861
93293: 0.999861
93294: 0.999861
93295: 0.999861
93296: 0.999861
93297: 0.999861
93298: 0.999861
93299: 0.999861
93300: 0.999861
93301: 0.999861
93302: 0.999861
93303: 0.999861
93304: 0.999861
93305: 0.999861
93306: 0.999861
93307: 0.999861
93308: 0.999861
93309: 0.999861
93310: 0.999861
93311: 0.999861
93312: 0.999861
93313: 0.999861
93314: 0.999861
93315: 0.999861
93316: 0.999861
93317: 0.999861
93318: 0.999861
93319: 0.999861
93320: 0.999861
93321: 0.999861
93322: 0.999861
93323: 0.999861
93324: 0.999861
93325: 0.999861
93326: 0.999861
93327: 0.999861
93328: 0.999861
93329: 0.999861
93330: 0.999861
93331: 0.999861
93332: 0.999861
93333: 0.999861
93334: 0.999861
93335: 0.999861
93336: 0.999861
93337: 0.999861
93338: 0.999861
93339: 0.999861
93340: 0.999861
93341: 0.999861
93342: 0.999861
93343: 0.999861
93344: 0.999861
93345: 0.999861
93346: 0.999861
93347: 0.999861
93348: 0.999861
93349: 0.999861
93350: 0.999861
93351: 0.999861
93352: 0.999861
93353: 0.999861
93354: 0.999861
93355: 0.999861
93356: 0.999861
93357: 0.999861
93358: 0.999861
93359: 0.999861
93360: 0.999861
93361: 0.999861
93362: 0.999861
93363: 0.999861
93364: 0.999861
93365: 0.999861
93366: 0.999861
93367: 0.999861
93368: 0.999861
93369: 0.999861
93370: 0.999861
93371: 0.999861
93372: 0.999861
93373: 0.999861
93374: 0.999861
93375: 0.999861
93376: 0.999861
93377: 0.999861
93378: 0.999861
93379: 0.999861
93380: 0.999861
93381: 0.999861
93382: 0.999861
93383: 0.999861
93384: 0.999861
93385: 0.999861
93386: 0.999861
93387: 0.999861
93388: 0.999861
93389: 0.999861
93390: 0.999861
93391: 0.999861
93392: 0.999861
93393: 0.999861
93394: 0.999861
93395: 0.999861
93396: 0.999861
93397: 0.999861
93398: 0.999861
93399: 0.999861
93400: 0.999861
93401: 0.999861
93402: 0.999861
93403: 0.999861
93404: 0.999861
93405: 0.999861
93406: 0.999861
93407: 0.999861
93408: 0.999861
93409: 0.999861
93410: 0.999861
93411: 0.999861
93412: 0.999861
93413: 0.999861
93414: 0.999861
93415: 0.999861
93416: 0.999861
93417: 0.999861
93418: 0.999861
93419: 0.999861
93420: 0.999861
93421: 0.999861
93422: 0.999861
93423: 0.999861
93424: 0.999861
93425: 0.999861
93426: 0.999861
93427: 0.999861
93428: 0.999861
93429: 0.999861
93430: 0.999861
93431: 0.999861
93432: 0.999861
93433: 0.999861
93434: 0.999861
93435: 0.999861
93436: 0.999861
93437: 0.999861
93438: 0.999861
93439: 0.999861
93440: 0.999861
93441: 0.999861
93442: 0.999861
93443: 0.999861
93444: 0.999861
93445: 0.999861
93446: 0.999861
93447: 0.999861
93448: 0.999861
93449: 0.999861
93450: 0.999861
93451: 0.999861
93452: 0.999861
93453: 0.999861
93454: 0.999861
93455: 0.999861
93456: 0.999861
93457: 0.999861
93458: 0.999861
93459: 0.999861
93460: 0.999861
93461: 0.999861
93462: 0.999861
93463: 0.999861
93464: 0.999861
93465: 0.999861
93466: 0.999861
93467: 0.999861
93468: 0.999861
93469: 0.999861
93470: 0.999861
93471: 0.999861
93472: 0.999861
93473: 0.999861
93474: 0.999861
93475: 0.999861
93476: 0.999861
93477: 0.999861
93478: 0.999861
93479: 0.999861
93480: 0.999861
93481: 0.999861
93482: 0.999861
93483: 0.999861
93484: 0.999861
93485: 0.999861
93486: 0.999861
93487: 0.999861
93488: 0.999861
93489: 0.999861
93490: 0.999861
93491: 0.999861
93492: 0.999861
93493: 0.999861
93494: 0.999861
93495: 0.999861
93496: 0.999861
93497: 0.999861
93498: 0.999861
93499: 0.999861
93500: 0.999861
93501: 0.999861
93502: 0.999861
93503: 0.999861
93504: 0.999861
93505: 0.999861
93506: 0.999861
93507: 0.999861
93508: 0.999861
93509: 0.999861
93510: 0.999861
93511: 0.999861
93512: 0.999861
93513: 0.999861
93514: 0.999861
93515: 0.999861
93516: 0.999861
93517: 0.999861
93518: 0.999861
93519: 0.999861
93520: 0.999861
93521: 0.999861
93522: 0.999861
93523: 0.999861
93524: 0.999861
93525: 0.999861
93526: 0.999861
93527: 0.999861
93528: 0.999861
93529: 0.999861
93530: 0.999861
93531: 0.999861
93532: 0.999861
93533: 0.999861
93534: 0.999861
93535: 0.999861
93536: 0.999861
93537: 0.999861
93538: 0.999861
93539: 0.999861
93540: 0.999861
93541: 0.999861
93542: 0.999861
93543: 0.999861
93544: 0.999861
93545: 0.999861
93546: 0.999861
93547: 0.999861
93548: 0.999861
93549: 0.999861
93550: 0.999861
93551: 0.999861
93552: 0.999861
93553: 0.999861
93554: 0.999861
93555: 0.999861
93556: 0.999861
93557: 0.999861
93558: 0.999861
93559: 0.999861
93560: 0.999861
93561: 0.999861
93562: 0.999861
93563: 0.999861
93564: 0.999861
93565: 0.999861
93566: 0.999861
93567: 0.999861
93568: 0.999861
93569: 0.999861
93570: 0.999861
93571: 0.999861
93572: 0.999861
93573: 0.999861
93574: 0.999861
93575: 0.999861
93576: 0.999861
93577: 0.999861
93578: 0.999861
93579: 0.999861
93580: 0.999861
93581: 0.999861
93582: 0.999861
93583: 0.999861
93584: 0.999861
93585: 0.999861
93586: 0.999861
93587: 0.999861
93588: 0.999861
93589: 0.999861
93590: 0.999861
93591: 0.999861
93592: 0.999861
93593: 0.999861
93594: 0.999861
93595: 0.999861
93596: 0.999861
93597: 0.999861
93598: 0.999861
93599: 0.999861
93600: 0.999861
93601: 0.999861
93602: 0.999861
93603: 0.999861
93604: 0.999861
93605: 0.999861
93606: 0.999861
93607: 0.999861
93608: 0.999861
93609: 0.999861
93610: 0.999861
93611: 0.999861
93612: 0.999861
93613: 0.999861
93614: 0.999861
93615: 0.999861
93616: 0.999861
93617: 0.999861
93618: 0.999861
93619: 0.999861
93620: 0.999861
93621: 0.999861
93622: 0.999861
93623: 0.999861
93624: 0.999861
93625: 0.999861
93626: 0.999861
93627: 0.999861
93628: 0.999861
93629: 0.999861
93630: 0.999861
93631: 0.999861
93632: 0.999861
93633: 0.999861
93634: 0.999861
93635: 0.999861
93636: 0.999861
93637: 0.999861
93638: 0.999861
93639: 0.999861
93640: 0.999861
93641: 0.999861
93642: 0.999861
93643: 0.999861
93644: 0.999861
93645: 0.999861
93646: 0.999861
93647: 0.999861
93648: 0.999861
93649: 0.999861
93650: 0.999861
93651: 0.999861
93652: 0.999861
93653: 0.999861
93654: 0.999861
93655: 0.999861
93656: 0.999861
93657: 0.999861
93658: 0.999861
93659: 0.999861
93660: 0.999861
93661: 0.999861
93662: 0.999861
93663: 0.999861
93664: 0.999861
93665: 0.999861
93666: 0.999861
93667: 0.999861
93668: 0.999861
93669: 0.999861
93670: 0.999861
93671: 0.999861
93672: 0.999861
93673: 0.999861
93674: 0.999861
93675: 0.999861
93676: 0.999861
93677: 0.999861
93678: 0.999861
93679: 0.999861
93680: 0.999861
93681: 0.999861
93682: 0.999861
93683: 0.999861
93684: 0.999861
93685: 0.999861
93686: 0.999861
93687: 0.999861
93688: 0.999861
93689: 0.999861
93690: 0.999861
93691: 0.999861
93692: 0.999861
93693: 0.999861
93694: 0.999861
93695: 0.999861
93696: 0.999861
93697: 0.999861
93698: 0.999861
93699: 0.999861
93700: 0.999861
93701: 0.999861
93702: 0.999861
93703: 0.999861
93704: 0.999861
93705: 0.999861
93706: 0.999861
93707: 0.999861
93708: 0.999861
93709: 0.999861
93710: 0.999861
93711: 0.999861
93712: 0.999861
93713: 0.999861
93714: 0.999861
93715: 0.999861
93716: 0.999861
93717: 0.999861
93718: 0.999861
93719: 0.999861
93720: 0.999861
93721: 0.999861
93722: 0.999861
93723: 0.999861
93724: 0.999861
93725: 0.999861
93726: 0.999861
93727: 0.999861
93728: 0.999861
93729: 0.999861
93730: 0.999861
93731: 0.999861
93732: 0.999861
93733: 0.999861
93734: 0.999861
93735: 0.999861
93736: 0.999861
93737: 0.999861
93738: 0.999861
93739: 0.999861
93740: 0.999861
93741: 0.999861
93742: 0.999861
93743: 0.999861
93744: 0.999861
93745: 0.999861
93746: 0.999861
93747: 0.999861
93748: 0.999861
93749: 0.999861
93750: 0.999861
93751: 0.999861
93752: 0.999861
93753: 0.999861
93754: 0.999861
93755: 0.999861
93756: 0.999861
93757: 0.999861
93758: 0.999861
93759: 0.999861
93760: 0.999861
93761: 0.999861
93762: 0.999861
93763: 0.999861
93764: 0.999861
93765: 0.999861
93766: 0.999861
93767: 0.999861
93768: 0.999861
93769: 0.999861
93770: 0.999861
93771: 0.999861
93772: 0.999861
93773: 0.999861
93774: 0.999861
93775: 0.999861
93776: 0.999861
93777: 0.999861
93778: 0.999861
93779: 0.999861
93780: 0.999861
93781: 0.999861
93782: 0.999861
93783: 0.999861
93784: 0.999861
93785: 0.999861
93786: 0.999861
93787: 0.999861
93788: 0.999861
93789: 0.999861
93790: 0.999861
93791: 0.999861
93792: 0.999861
93793: 0.999861
93794: 0.999861
93795: 0.999861
93796: 0.999861
93797: 0.999861
93798: 0.999861
93799: 0.999861
93800: 0.999861
93801: 0.999861
93802: 0.999861
93803: 0.999861
93804: 0.999861
93805: 0.999861
93806: 0.999861
93807: 0.999861
93808: 0.999861
93809: 0.999861
93810: 0.999861
93811: 0.999861
93812: 0.999861
93813: 0.999861
93814: 0.999861
93815: 0.999861
93816: 0.999861
93817: 0.999861
93818: 0.999861
93819: 0.999861
93820: 0.999861
93821: 0.999861
93822: 0.999861
93823: 0.999861
93824: 0.999861
93825: 0.999861
93826: 0.999861
93827: 0.999861
93828: 0.999861
93829: 0.999861
93830: 0.999861
93831: 0.999861
93832: 0.999861
93833: 0.999861
93834: 0.999861
93835: 0.999861
93836: 0.999861
93837: 0.999861
93838: 0.999861
93839: 0.999861
93840: 0.999861
93841: 0.999861
93842: 0.999861
93843: 0.999861
93844: 0.999861
93845: 0.999861
93846: 0.999861
93847: 0.999861
93848: 0.999861
93849: 0.999861
93850: 0.999861
93851: 0.999861
93852: 0.999861
93853: 0.999861
93854: 0.999861
93855: 0.999861
93856: 0.999861
93857: 0.999861
93858: 0.999861
93859: 0.999861
93860: 0.999861
93861: 0.999861
93862: 0.999862
93863: 0.999862
93864: 0.999862
93865: 0.999862
93866: 0.999862
93867: 0.999862
93868: 0.999862
93869: 0.999862
93870: 0.999862
93871: 0.999862
93872: 0.999862
93873: 0.999862
93874: 0.999862
93875: 0.999862
93876: 0.999862
93877: 0.999862
93878: 0.999862
93879: 0.999862
93880: 0.999862
93881: 0.999862
93882: 0.999862
93883: 0.999862
93884: 0.999862
93885: 0.999862
93886: 0.999862
93887: 0.999862
93888: 0.999862
93889: 0.999862
93890: 0.999862
93891: 0.999862
93892: 0.999862
93893: 0.999862
93894: 0.999862
93895: 0.999862
93896: 0.999862
93897: 0.999862
93898: 0.999862
93899: 0.999862
93900: 0.999862
93901: 0.999862
93902: 0.999862
93903: 0.999862
93904: 0.999862
93905: 0.999862
93906: 0.999862
93907: 0.999862
93908: 0.999862
93909: 0.999862
93910: 0.999862
93911: 0.999862
93912: 0.999862
93913: 0.999862
93914: 0.999862
93915: 0.999862
93916: 0.999862
93917: 0.999862
93918: 0.999862
93919: 0.999862
93920: 0.999862
93921: 0.999862
93922: 0.999862
93923: 0.999862
93924: 0.999862
93925: 0.999862
93926: 0.999862
93927: 0.999862
93928: 0.999862
93929: 0.999862
93930: 0.999862
93931: 0.999862
93932: 0.999862
93933: 0.999862
93934: 0.999862
93935: 0.999862
93936: 0.999862
93937: 0.999862
93938: 0.999862
93939: 0.999862
93940: 0.999862
93941: 0.999862
93942: 0.999862
93943: 0.999862
93944: 0.999862
93945: 0.999862
93946: 0.999862
93947: 0.999862
93948: 0.999862
93949: 0.999862
93950: 0.999862
93951: 0.999862
93952: 0.999862
93953: 0.999862
93954: 0.999862
93955: 0.999862
93956: 0.999862
93957: 0.999862
93958: 0.999862
93959: 0.999862
93960: 0.999862
93961: 0.999862
93962: 0.999862
93963: 0.999862
93964: 0.999862
93965: 0.999862
93966: 0.999862
93967: 0.999862
93968: 0.999862
93969: 0.999862
93970: 0.999862
93971: 0.999862
93972: 0.999862
93973: 0.999862
93974: 0.999862
93975: 0.999862
93976: 0.999862
93977: 0.999862
93978: 0.999862
93979: 0.999862
93980: 0.999862
93981: 0.999862
93982: 0.999862
93983: 0.999862
93984: 0.999862
93985: 0.999862
93986: 0.999862
93987: 0.999862
93988: 0.999862
93989: 0.999862
93990: 0.999862
93991: 0.999862
93992: 0.999862
93993: 0.999862
93994: 0.999862
93995: 0.999862
93996: 0.999862
93997: 0.999862
93998: 0.999862
93999: 0.999862
94000: 0.999862
94001: 0.999862
94002: 0.999862
94003: 0.999862
94004: 0.999862
94005: 0.999862
94006: 0.999862
94007: 0.999862
94008: 0.999862
94009: 0.999862
94010: 0.999862
94011: 0.999862
94012: 0.999862
94013: 0.999862
94014: 0.999862
94015: 0.999862
94016: 0.999862
94017: 0.999862
94018: 0.999862
94019: 0.999862
94020: 0.999862
94021: 0.999862
94022: 0.999862
94023: 0.999862
94024: 0.999862
94025: 0.999862
94026: 0.999862
94027: 0.999862
94028: 0.999862
94029: 0.999862
94030: 0.999862
94031: 0.999862
94032: 0.999862
94033: 0.999862
94034: 0.999862
94035: 0.999862
94036: 0.999862
94037: 0.999862
94038: 0.999862
94039: 0.999862
94040: 0.999862
94041: 0.999862
94042: 0.999862
94043: 0.999862
94044: 0.999862
94045: 0.999862
94046: 0.999862
94047: 0.999862
94048: 0.999862
94049: 0.999862
94050: 0.999862
94051: 0.999862
94052: 0.999862
94053: 0.999862
94054: 0.999862
94055: 0.999862
94056: 0.999862
94057: 0.999862
94058: 0.999862
94059: 0.999862
94060: 0.999862
94061: 0.999862
94062: 0.999862
94063: 0.999862
94064: 0.999862
94065: 0.999862
94066: 0.999862
94067: 0.999862
94068: 0.999862
94069: 0.999862
94070: 0.999862
94071: 0.999862
94072: 0.999862
94073: 0.999862
94074: 0.999862
94075: 0.999862
94076: 0.999862
94077: 0.999862
94078: 0.999862
94079: 0.999862
94080: 0.999862
94081: 0.999862
94082: 0.999862
94083: 0.999862
94084: 0.999862
94085: 0.999862
94086: 0.999862
94087: 0.999862
94088: 0.999862
94089: 0.999862
94090: 0.999862
94091: 0.999862
94092: 0.999862
94093: 0.999862
94094: 0.999862
94095: 0.999862
94096: 0.999862
94097: 0.999862
94098: 0.999862
94099: 0.999862
94100: 0.999862
94101: 0.999862
94102: 0.999862
94103: 0.999862
94104: 0.999862
94105: 0.999862
94106: 0.999862
94107: 0.999862
94108: 0.999862
94109: 0.999862
94110: 0.999862
94111: 0.999862
94112: 0.999862
94113: 0.999862
94114: 0.999862
94115: 0.999862
94116: 0.999862
94117: 0.999862
94118: 0.999862
94119: 0.999862
94120: 0.999862
94121: 0.999862
94122: 0.999862
94123: 0.999862
94124: 0.999862
94125: 0.999862
94126: 0.999862
94127: 0.999862
94128: 0.999862
94129: 0.999862
94130: 0.999862
94131: 0.999862
94132: 0.999862
94133: 0.999862
94134: 0.999862
94135: 0.999862
94136: 0.999862
94137: 0.999862
94138: 0.999862
94139: 0.999862
94140: 0.999862
94141: 0.999862
94142: 0.999862
94143: 0.999862
94144: 0.999862
94145: 0.999862
94146: 0.999862
94147: 0.999862
94148: 0.999862
94149: 0.999862
94150: 0.999862
94151: 0.999862
94152: 0.999862
94153: 0.999862
94154: 0.999862
94155: 0.999862
94156: 0.999862
94157: 0.999862
94158: 0.999862
94159: 0.999862
94160: 0.999862
94161: 0.999862
94162: 0.999862
94163: 0.999862
94164: 0.999862
94165: 0.999862
94166: 0.999862
94167: 0.999862
94168: 0.999862
94169: 0.999862
94170: 0.999862
94171: 0.999862
94172: 0.999862
94173: 0.999862
94174: 0.999862
94175: 0.999862
94176: 0.999862
94177: 0.999862
94178: 0.999862
94179: 0.999862
94180: 0.999862
94181: 0.999862
94182: 0.999862
94183: 0.999862
94184: 0.999862
94185: 0.999862
94186: 0.999862
94187: 0.999862
94188: 0.999862
94189: 0.999862
94190: 0.999862
94191: 0.999862
94192: 0.999862
94193: 0.999862
94194: 0.999862
94195: 0.999862
94196: 0.999862
94197: 0.999862
94198: 0.999862
94199: 0.999862
94200: 0.999862
94201: 0.999862
94202: 0.999862
94203: 0.999862
94204: 0.999862
94205: 0.999862
94206: 0.999862
94207: 0.999862
94208: 0.999862
94209: 0.999862
94210: 0.999862
94211: 0.999862
94212: 0.999862
94213: 0.999862
94214: 0.999862
94215: 0.999862
94216: 0.999862
94217: 0.999862
94218: 0.999862
94219: 0.999862
94220: 0.999862
94221: 0.999862
94222: 0.999862
94223: 0.999862
94224: 0.999862
94225: 0.999862
94226: 0.999862
94227: 0.999862
94228: 0.999862
94229: 0.999862
94230: 0.999862
94231: 0.999862
94232: 0.999862
94233: 0.999862
94234: 0.999862
94235: 0.999862
94236: 0.999862
94237: 0.999862
94238: 0.999862
94239: 0.999862
94240: 0.999862
94241: 0.999862
94242: 0.999862
94243: 0.999862
94244: 0.999862
94245: 0.999862
94246: 0.999862
94247: 0.999862
94248: 0.999862
94249: 0.999862
94250: 0.999862
94251: 0.999862
94252: 0.999862
94253: 0.999862
94254: 0.999862
94255: 0.999862
94256: 0.999862
94257: 0.999862
94258: 0.999862
94259: 0.999862
94260: 0.999862
94261: 0.999862
94262: 0.999862
94263: 0.999862
94264: 0.999862
94265: 0.999862
94266: 0.999862
94267: 0.999862
94268: 0.999862
94269: 0.999862
94270: 0.999862
94271: 0.999862
94272: 0.999862
94273: 0.999862
94274: 0.999862
94275: 0.999862
94276: 0.999862
94277: 0.999862
94278: 0.999862
94279: 0.999862
94280: 0.999862
94281: 0.999862
94282: 0.999862
94283: 0.999862
94284: 0.999862
94285: 0.999862
94286: 0.999862
94287: 0.999862
94288: 0.999862
94289: 0.999862
94290: 0.999862
94291: 0.999862
94292: 0.999862
94293: 0.999862
94294: 0.999862
94295: 0.999862
94296: 0.999862
94297: 0.999862
94298: 0.999862
94299: 0.999862
94300: 0.999862
94301: 0.999862
94302: 0.999862
94303: 0.999862
94304: 0.999862
94305: 0.999862
94306: 0.999862
94307: 0.999862
94308: 0.999862
94309: 0.999862
94310: 0.999862
94311: 0.999862
94312: 0.999862
94313: 0.999862
94314: 0.999862
94315: 0.999862
94316: 0.999862
94317: 0.999862
94318: 0.999862
94319: 0.999862
94320: 0.999862
94321: 0.999862
94322: 0.999862
94323: 0.999862
94324: 0.999862
94325: 0.999862
94326: 0.999862
94327: 0.999862
94328: 0.999862
94329: 0.999862
94330: 0.999862
94331: 0.999862
94332: 0.999862
94333: 0.999862
94334: 0.999862
94335: 0.999862
94336: 0.999862
94337: 0.999862
94338: 0.999862
94339: 0.999862
94340: 0.999862
94341: 0.999862
94342: 0.999862
94343: 0.999862
94344: 0.999862
94345: 0.999862
94346: 0.999862
94347: 0.999862
94348: 0.999862
94349: 0.999862
94350: 0.999862
94351: 0.999862
94352: 0.999862
94353: 0.999862
94354: 0.999862
94355: 0.999862
94356: 0.999862
94357: 0.999862
94358: 0.999862
94359: 0.999862
94360: 0.999862
94361: 0.999862
94362: 0.999862
94363: 0.999862
94364: 0.999862
94365: 0.999862
94366: 0.999862
94367: 0.999862
94368: 0.999862
94369: 0.999862
94370: 0.999862
94371: 0.999862
94372: 0.999862
94373: 0.999862
94374: 0.999862
94375: 0.999862
94376: 0.999862
94377: 0.999862
94378: 0.999862
94379: 0.999862
94380: 0.999862
94381: 0.999862
94382: 0.999862
94383: 0.999862
94384: 0.999862
94385: 0.999862
94386: 0.999862
94387: 0.999862
94388: 0.999862
94389: 0.999862
94390: 0.999862
94391: 0.999862
94392: 0.999862
94393: 0.999862
94394: 0.999862
94395: 0.999862
94396: 0.999862
94397: 0.999862
94398: 0.999862
94399: 0.999862
94400: 0.999862
94401: 0.999862
94402: 0.999862
94403: 0.999862
94404: 0.999862
94405: 0.999862
94406: 0.999862
94407: 0.999862
94408: 0.999862
94409: 0.999862
94410: 0.999862
94411: 0.999862
94412: 0.999862
94413: 0.999862
94414: 0.999862
94415: 0.999862
94416: 0.999862
94417: 0.999862
94418: 0.999862
94419: 0.999862
94420: 0.999862
94421: 0.999862
94422: 0.999862
94423: 0.999862
94424: 0.999862
94425: 0.999862
94426: 0.999862
94427: 0.999862
94428: 0.999862
94429: 0.999862
94430: 0.999862
94431: 0.999862
94432: 0.999862
94433: 0.999862
94434: 0.999862
94435: 0.999862
94436: 0.999862
94437: 0.999862
94438: 0.999862
94439: 0.999862
94440: 0.999862
94441: 0.999862
94442: 0.999862
94443: 0.999862
94444: 0.999862
94445: 0.999862
94446: 0.999862
94447: 0.999862
94448: 0.999862
94449: 0.999862
94450: 0.999862
94451: 0.999862
94452: 0.999862
94453: 0.999862
94454: 0.999862
94455: 0.999862
94456: 0.999862
94457: 0.999862
94458: 0.999862
94459: 0.999862
94460: 0.999862
94461: 0.999862
94462: 0.999862
94463: 0.999862
94464: 0.999862
94465: 0.999862
94466: 0.999862
94467: 0.999862
94468: 0.999862
94469: 0.999862
94470: 0.999862
94471: 0.999862
94472: 0.999862
94473: 0.999862
94474: 0.999862
94475: 0.999862
94476: 0.999862
94477: 0.999862
94478: 0.999862
94479: 0.999862
94480: 0.999862
94481: 0.999862
94482: 0.999862
94483: 0.999862
94484: 0.999862
94485: 0.999862
94486: 0.999862
94487: 0.999862
94488: 0.999862
94489: 0.999862
94490: 0.999862
94491: 0.999862
94492: 0.999862
94493: 0.999862
94494: 0.999862
94495: 0.999862
94496: 0.999862
94497: 0.999862
94498: 0.999862
94499: 0.999862
94500: 0.999862
94501: 0.999862
94502: 0.999862
94503: 0.999862
94504: 0.999862
94505: 0.999862
94506: 0.999862
94507: 0.999862
94508: 0.999862
94509: 0.999862
94510: 0.999862
94511: 0.999862
94512: 0.999862
94513: 0.999862
94514: 0.999862
94515: 0.999862
94516: 0.999862
94517: 0.999862
94518: 0.999862
94519: 0.999862
94520: 0.999862
94521: 0.999862
94522: 0.999862
94523: 0.999862
94524: 0.999862
94525: 0.999862
94526: 0.999862
94527: 0.999862
94528: 0.999862
94529: 0.999862
94530: 0.999862
94531: 0.999862
94532: 0.999862
94533: 0.999862
94534: 0.999862
94535: 0.999862
94536: 0.999862
94537: 0.999862
94538: 0.999862
94539: 0.999862
94540: 0.999862
94541: 0.999862
94542: 0.999862
94543: 0.999862
94544: 0.999862
94545: 0.999863
94546: 0.999863
94547: 0.999863
94548: 0.999863
94549: 0.999863
94550: 0.999863
94551: 0.999863
94552: 0.999863
94553: 0.999863
94554: 0.999863
94555: 0.999863
94556: 0.999863
94557: 0.999863
94558: 0.999863
94559: 0.999863
94560: 0.999863
94561: 0.999863
94562: 0.999863
94563: 0.999863
94564: 0.999863
94565: 0.999863
94566: 0.999863
94567: 0.999863
94568: 0.999863
94569: 0.999863
94570: 0.999863
94571: 0.999863
94572: 0.999863
94573: 0.999863
94574: 0.999863
94575: 0.999863
94576: 0.999863
94577: 0.999863
94578: 0.999863
94579: 0.999863
94580: 0.999863
94581: 0.999863
94582: 0.999863
94583: 0.999863
94584: 0.999863
94585: 0.999863
94586: 0.999863
94587: 0.999863
94588: 0.999863
94589: 0.999863
94590: 0.999863
94591: 0.999863
94592: 0.999863
94593: 0.999863
94594: 0.999863
94595: 0.999863
94596: 0.999863
94597: 0.999863
94598: 0.999863
94599: 0.999863
94600: 0.999863
94601: 0.999863
94602: 0.999863
94603: 0.999863
94604: 0.999863
94605: 0.999863
94606: 0.999863
94607: 0.999863
94608: 0.999863
94609: 0.999863
94610: 0.999863
94611: 0.999863
94612: 0.999863
94613: 0.999863
94614: 0.999863
94615: 0.999863
94616: 0.999863
94617: 0.999863
94618: 0.999863
94619: 0.999863
94620: 0.999863
94621: 0.999863
94622: 0.999863
94623: 0.999863
94624: 0.999863
94625: 0.999863
94626: 0.999863
94627: 0.999863
94628: 0.999863
94629: 0.999863
94630: 0.999863
94631: 0.999863
94632: 0.999863
94633: 0.999863
94634: 0.999863
94635: 0.999863
94636: 0.999863
94637: 0.999863
94638: 0.999863
94639: 0.999863
94640: 0.999863
94641: 0.999863
94642: 0.999863
94643: 0.999863
94644: 0.999863
94645: 0.999863
94646: 0.999863
94647: 0.999863
94648: 0.999863
94649: 0.999863
94650: 0.999863
94651: 0.999863
94652: 0.999863
94653: 0.999863
94654: 0.999863
94655: 0.999863
94656: 0.999863
94657: 0.999863
94658: 0.999863
94659: 0.999863
94660: 0.999863
94661: 0.999863
94662: 0.999863
94663: 0.999863
94664: 0.999863
94665: 0.999863
94666: 0.999863
94667: 0.999863
94668: 0.999863
94669: 0.999863
94670: 0.999863
94671: 0.999863
94672: 0.999863
94673: 0.999863
94674: 0.999863
94675: 0.999863
94676: 0.999863
94677: 0.999863
94678: 0.999863
94679: 0.999863
94680: 0.999863
94681: 0.999863
94682: 0.999863
94683: 0.999863
94684: 0.999863
94685: 0.999863
94686: 0.999863
94687: 0.999863
94688: 0.999863
94689: 0.999863
94690: 0.999863
94691: 0.999863
94692: 0.999863
94693: 0.999863
94694: 0.999863
94695: 0.999863
94696: 0.999863
94697: 0.999863
94698: 0.999863
94699: 0.999863
94700: 0.999863
94701: 0.999863
94702: 0.999863
94703: 0.999863
94704: 0.999863
94705: 0.999863
94706: 0.999863
94707: 0.999863
94708: 0.999863
94709: 0.999863
94710: 0.999863
94711: 0.999863
94712: 0.999863
94713: 0.999863
94714: 0.999863
94715: 0.999863
94716: 0.999863
94717: 0.999863
94718: 0.999863
94719: 0.999863
94720: 0.999863
94721: 0.999863
94722: 0.999863
94723: 0.999863
94724: 0.999863
94725: 0.999863
94726: 0.999863
94727: 0.999863
94728: 0.999863
94729: 0.999863
94730: 0.999863
94731: 0.999863
94732: 0.999863
94733: 0.999863
94734: 0.999863
94735: 0.999863
94736: 0.999863
94737: 0.999863
94738: 0.999863
94739: 0.999863
94740: 0.999863
94741: 0.999863
94742: 0.999863
94743: 0.999863
94744: 0.999863
94745: 0.999863
94746: 0.999863
94747: 0.999863
94748: 0.999863
94749: 0.999863
94750: 0.999863
94751: 0.999863
94752: 0.999863
94753: 0.999863
94754: 0.999863
94755: 0.999863
94756: 0.999863
94757: 0.999863
94758: 0.999863
94759: 0.999863
94760: 0.999863
94761: 0.999863
94762: 0.999863
94763: 0.999863
94764: 0.999863
94765: 0.999863
94766: 0.999863
94767: 0.999863
94768: 0.999863
94769: 0.999863
94770: 0.999863
94771: 0.999863
94772: 0.999863
94773: 0.999863
94774: 0.999863
94775: 0.999863
94776: 0.999863
94777: 0.999863
94778: 0.999863
94779: 0.999863
94780: 0.999863
94781: 0.999863
94782: 0.999863
94783: 0.999863
94784: 0.999863
94785: 0.999863
94786: 0.999863
94787: 0.999863
94788: 0.999863
94789: 0.999863
94790: 0.999863
94791: 0.999863
94792: 0.999863
94793: 0.999863
94794: 0.999863
94795: 0.999863
94796: 0.999863
94797: 0.999863
94798: 0.999863
94799: 0.999863
94800: 0.999863
94801: 0.999863
94802: 0.999863
94803: 0.999863
94804: 0.999863
94805: 0.999863
94806: 0.999863
94807: 0.999863
94808: 0.999863
94809: 0.999863
94810: 0.999863
94811: 0.999863
94812: 0.999863
94813: 0.999863
94814: 0.999863
94815: 0.999863
94816: 0.999863
94817: 0.999863
94818: 0.999863
94819: 0.999863
94820: 0.999863
94821: 0.999863
94822: 0.999863
94823: 0.999863
94824: 0.999863
94825: 0.999863
94826: 0.999863
94827: 0.999863
94828: 0.999863
94829: 0.999863
94830: 0.999863
94831: 0.999863
94832: 0.999863
94833: 0.999863
94834: 0.999863
94835: 0.999863
94836: 0.999863
94837: 0.999863
94838: 0.999863
94839: 0.999863
94840: 0.999863
94841: 0.999863
94842: 0.999863
94843: 0.999863
94844: 0.999863
94845: 0.999863
94846: 0.999863
94847: 0.999863
94848: 0.999863
94849: 0.999863
94850: 0.999863
94851: 0.999863
94852: 0.999863
94853: 0.999863
94854: 0.999863
94855: 0.999863
94856: 0.999863
94857: 0.999863
94858: 0.999863
94859: 0.999863
94860: 0.999863
94861: 0.999863
94862: 0.999863
94863: 0.999863
94864: 0.999863
94865: 0.999863
94866: 0.999863
94867: 0.999863
94868: 0.999863
94869: 0.999863
94870: 0.999863
94871: 0.999863
94872: 0.999863
94873: 0.999863
94874: 0.999863
94875: 0.999863
94876: 0.999863
94877: 0.999863
94878: 0.999863
94879: 0.999863
94880: 0.999863
94881: 0.999863
94882: 0.999863
94883: 0.999863
94884: 0.999863
94885: 0.999863
94886: 0.999863
94887: 0.999863
94888: 0.999863
94889: 0.999863
94890: 0.999863
94891: 0.999863
94892: 0.999863
94893: 0.999863
94894: 0.999863
94895: 0.999863
94896: 0.999863
94897: 0.999863
94898: 0.999863
94899: 0.999863
94900: 0.999863
94901: 0.999863
94902: 0.999863
94903: 0.999863
94904: 0.999863
94905: 0.999863
94906: 0.999863
94907: 0.999863
94908: 0.999863
94909: 0.999863
94910: 0.999863
94911: 0.999863
94912: 0.999863
94913: 0.999863
94914: 0.999863
94915: 0.999863
94916: 0.999863
94917: 0.999863
94918: 0.999863
94919: 0.999863
94920: 0.999863
94921: 0.999863
94922: 0.999863
94923: 0.999863
94924: 0.999863
94925: 0.999863
94926: 0.999863
94927: 0.999863
94928: 0.999863
94929: 0.999863
94930: 0.999863
94931: 0.999863
94932: 0.999863
94933: 0.999863
94934: 0.999863
94935: 0.999863
94936: 0.999863
94937: 0.999863
94938: 0.999863
94939: 0.999863
94940: 0.999863
94941: 0.999863
94942: 0.999863
94943: 0.999863
94944: 0.999863
94945: 0.999863
94946: 0.999863
94947: 0.999863
94948: 0.999863
94949: 0.999863
94950: 0.999863
94951: 0.999863
94952: 0.999863
94953: 0.999863
94954: 0.999863
94955: 0.999863
94956: 0.999863
94957: 0.999863
94958: 0.999863
94959: 0.999863
94960: 0.999863
94961: 0.999863
94962: 0.999863
94963: 0.999863
94964: 0.999863
94965: 0.999863
94966: 0.999863
94967: 0.999863
94968: 0.999863
94969: 0.999863
94970: 0.999863
94971: 0.999863
94972: 0.999863
94973: 0.999863
94974: 0.999863
94975: 0.999863
94976: 0.999863
94977: 0.999863
94978: 0.999863
94979: 0.999863
94980: 0.999863
94981: 0.999863
94982: 0.999863
94983: 0.999863
94984: 0.999863
94985: 0.999863
94986: 0.999863
94987: 0.999863
94988: 0.999863
94989: 0.999863
94990: 0.999863
94991: 0.999863
94992: 0.999863
94993: 0.999863
94994: 0.999863
94995: 0.999863
94996: 0.999863
94997: 0.999863
94998: 0.999863
94999: 0.999863
95000: 0.999863
95001: 0.999863
95002: 0.999863
95003: 0.999863
95004: 0.999863
95005: 0.999863
95006: 0.999863
95007: 0.999863
95008: 0.999863
95009: 0.999863
95010: 0.999863
95011: 0.999863
95012: 0.999863
95013: 0.999863
95014: 0.999863
95015: 0.999863
95016: 0.999863
95017: 0.999863
95018: 0.999863
95019: 0.999863
95020: 0.999863
95021: 0.999863
95022: 0.999863
95023: 0.999863
95024: 0.999863
95025: 0.999863
95026: 0.999863
95027: 0.999863
95028: 0.999863
95029: 0.999863
95030: 0.999863
95031: 0.999863
95032: 0.999863
95033: 0.999863
95034: 0.999863
95035: 0.999863
95036: 0.999863
95037: 0.999863
95038: 0.999863
95039: 0.999863
95040: 0.999863
95041: 0.999863
95042: 0.999863
95043: 0.999863
95044: 0.999863
95045: 0.999863
95046: 0.999863
95047: 0.999863
95048: 0.999863
95049: 0.999863
95050: 0.999863
95051: 0.999863
95052: 0.999863
95053: 0.999863
95054: 0.999863
95055: 0.999863
95056: 0.999863
95057: 0.999863
95058: 0.999863
95059: 0.999863
95060: 0.999863
95061: 0.999863
95062: 0.999863
95063: 0.999863
95064: 0.999863
95065: 0.999863
95066: 0.999863
95067: 0.999863
95068: 0.999863
95069: 0.999863
95070: 0.999863
95071: 0.999863
95072: 0.999863
95073: 0.999863
95074: 0.999863
95075: 0.999863
95076: 0.999863
95077: 0.999863
95078: 0.999863
95079: 0.999863
95080: 0.999863
95081: 0.999863
95082: 0.999863
95083: 0.999863
95084: 0.999863
95085: 0.999863
95086: 0.999863
95087: 0.999863
95088: 0.999863
95089: 0.999863
95090: 0.999863
95091: 0.999863
95092: 0.999863
95093: 0.999863
95094: 0.999863
95095: 0.999863
95096: 0.999863
95097: 0.999863
95098: 0.999863
95099: 0.999863
95100: 0.999863
95101: 0.999863
95102: 0.999863
95103: 0.999863
95104: 0.999863
95105: 0.999863
95106: 0.999863
95107: 0.999863
95108: 0.999863
95109: 0.999863
95110: 0.999863
95111: 0.999863
95112: 0.999863
95113: 0.999863
95114: 0.999863
95115: 0.999863
95116: 0.999863
95117: 0.999863
95118: 0.999863
95119: 0.999863
95120: 0.999863
95121: 0.999863
95122: 0.999863
95123: 0.999863
95124: 0.999863
95125: 0.999863
95126: 0.999863
95127: 0.999863
95128: 0.999863
95129: 0.999863
95130: 0.999863
95131: 0.999863
95132: 0.999863
95133: 0.999863
95134: 0.999863
95135: 0.999863
95136: 0.999863
95137: 0.999863
95138: 0.999863
95139: 0.999863
95140: 0.999863
95141: 0.999863
95142: 0.999863
95143: 0.999863
95144: 0.999863
95145: 0.999863
95146: 0.999863
95147: 0.999863
95148: 0.999863
95149: 0.999863
95150: 0.999863
95151: 0.999863
95152: 0.999863
95153: 0.999863
95154: 0.999863
95155: 0.999863
95156: 0.999863
95157: 0.999863
95158: 0.999863
95159: 0.999863
95160: 0.999863
95161: 0.999863
95162: 0.999863
95163: 0.999863
95164: 0.999863
95165: 0.999863
95166: 0.999863
95167: 0.999863
95168: 0.999863
95169: 0.999863
95170: 0.999863
95171: 0.999863
95172: 0.999863
95173: 0.999863
95174: 0.999863
95175: 0.999863
95176: 0.999863
95177: 0.999863
95178: 0.999863
95179: 0.999863
95180: 0.999863
95181: 0.999863
95182: 0.999863
95183: 0.999863
95184: 0.999863
95185: 0.999863
95186: 0.999863
95187: 0.999863
95188: 0.999863
95189: 0.999863
95190: 0.999863
95191: 0.999863
95192: 0.999863
95193: 0.999863
95194: 0.999863
95195: 0.999863
95196: 0.999863
95197: 0.999863
95198: 0.999863
95199: 0.999863
95200: 0.999863
95201: 0.999863
95202: 0.999863
95203: 0.999863
95204: 0.999863
95205: 0.999863
95206: 0.999863
95207: 0.999863
95208: 0.999863
95209: 0.999863
95210: 0.999863
95211: 0.999863
95212: 0.999863
95213: 0.999863
95214: 0.999863
95215: 0.999863
95216: 0.999863
95217: 0.999863
95218: 0.999863
95219: 0.999863
95220: 0.999863
95221: 0.999863
95222: 0.999863
95223: 0.999863
95224: 0.999863
95225: 0.999863
95226: 0.999863
95227: 0.999863
95228: 0.999863
95229: 0.999863
95230: 0.999863
95231: 0.999863
95232: 0.999863
95233: 0.999863
95234: 0.999863
95235: 0.999863
95236: 0.999863
95237: 0.999863
95238: 0.999864
95239: 0.999864
95240: 0.999864
95241: 0.999864
95242: 0.999864
95243: 0.999864
95244: 0.999864
95245: 0.999864
95246: 0.999864
95247: 0.999864
95248: 0.999864
95249: 0.999864
95250: 0.999864
95251: 0.999864
95252: 0.999864
95253: 0.999864
95254: 0.999864
95255: 0.999864
95256: 0.999864
95257: 0.999864
95258: 0.999864
95259: 0.999864
95260: 0.999864
95261: 0.999864
95262: 0.999864
95263: 0.999864
95264: 0.999864
95265: 0.999864
95266: 0.999864
95267: 0.999864
95268: 0.999864
95269: 0.999864
95270: 0.999864
95271: 0.999864
95272: 0.999864
95273: 0.999864
95274: 0.999864
95275: 0.999864
95276: 0.999864
95277: 0.999864
95278: 0.999864
95279: 0.999864
95280: 0.999864
95281: 0.999864
95282: 0.999864
95283: 0.999864
95284: 0.999864
95285: 0.999864
95286: 0.999864
95287: 0.999864
95288: 0.999864
95289: 0.999864
95290: 0.999864
95291: 0.999864
95292: 0.999864
95293: 0.999864
95294: 0.999864
95295: 0.999864
95296: 0.999864
95297: 0.999864
95298: 0.999864
95299: 0.999864
95300: 0.999864
95301: 0.999864
95302: 0.999864
95303: 0.999864
95304: 0.999864
95305: 0.999864
95306: 0.999864
95307: 0.999864
95308: 0.999864
95309: 0.999864
95310: 0.999864
95311: 0.999864
95312: 0.999864
95313: 0.999864
95314: 0.999864
95315: 0.999864
95316: 0.999864
95317: 0.999864
95318: 0.999864
95319: 0.999864
95320: 0.999864
95321: 0.999864
95322: 0.999864
95323: 0.999864
95324: 0.999864
95325: 0.999864
95326: 0.999864
95327: 0.999864
95328: 0.999864
95329: 0.999864
95330: 0.999864
95331: 0.999864
95332: 0.999864
95333: 0.999864
95334: 0.999864
95335: 0.999864
95336: 0.999864
95337: 0.999864
95338: 0.999864
95339: 0.999864
95340: 0.999864
95341: 0.999864
95342: 0.999864
95343: 0.999864
95344: 0.999864
95345: 0.999864
95346: 0.999864
95347: 0.999864
95348: 0.999864
95349: 0.999864
95350: 0.999864
95351: 0.999864
95352: 0.999864
95353: 0.999864
95354: 0.999864
95355: 0.999864
95356: 0.999864
95357: 0.999864
95358: 0.999864
95359: 0.999864
95360: 0.999864
95361: 0.999864
95362: 0.999864
95363: 0.999864
95364: 0.999864
95365: 0.999864
95366: 0.999864
95367: 0.999864
95368: 0.999864
95369: 0.999864
95370: 0.999864
95371: 0.999864
95372: 0.999864
95373: 0.999864
95374: 0.999864
95375: 0.999864
95376: 0.999864
95377: 0.999864
95378: 0.999864
95379: 0.999864
95380: 0.999864
95381: 0.999864
95382: 0.999864
95383: 0.999864
95384: 0.999864
95385: 0.999864
95386: 0.999864
95387: 0.999864
95388: 0.999864
95389: 0.999864
95390: 0.999864
95391: 0.999864
95392: 0.999864
95393: 0.999864
95394: 0.999864
95395: 0.999864
95396: 0.999864
95397: 0.999864
95398: 0.999864
95399: 0.999864
95400: 0.999864
95401: 0.999864
95402: 0.999864
95403: 0.999864
95404: 0.999864
95405: 0.999864
95406: 0.999864
95407: 0.999864
95408: 0.999864
95409: 0.999864
95410: 0.999864
95411: 0.999864
95412: 0.999864
95413: 0.999864
95414: 0.999864
95415: 0.999864
95416: 0.999864
95417: 0.999864
95418: 0.999864
95419: 0.999864
95420: 0.999864
95421: 0.999864
95422: 0.999864
95423: 0.999864
95424: 0.999864
95425: 0.999864
95426: 0.999864
95427: 0.999864
95428: 0.999864
95429: 0.999864
95430: 0.999864
95431: 0.999864
95432: 0.999864
95433: 0.999864
95434: 0.999864
95435: 0.999864
95436: 0.999864
95437: 0.999864
95438: 0.999864
95439: 0.999864
95440: 0.999864
95441: 0.999864
95442: 0.999864
95443: 0.999864
95444: 0.999864
95445: 0.999864
95446: 0.999864
95447: 0.999864
95448: 0.999864
95449: 0.999864
95450: 0.999864
95451: 0.999864
95452: 0.999864
95453: 0.999864
95454: 0.999864
95455: 0.999864
95456: 0.999864
95457: 0.999864
95458: 0.999864
95459: 0.999864
95460: 0.999864
95461: 0.999864
95462: 0.999864
95463: 0.999864
95464: 0.999864
95465: 0.999864
95466: 0.999864
95467: 0.999864
95468: 0.999864
95469: 0.999864
95470: 0.999864
95471: 0.999864
95472: 0.999864
95473: 0.999864
95474: 0.999864
95475: 0.999864
95476: 0.999864
95477: 0.999864
95478: 0.999864
95479: 0.999864
95480: 0.999864
95481: 0.999864
95482: 0.999864
95483: 0.999864
95484: 0.999864
95485: 0.999864
95486: 0.999864
95487: 0.999864
95488: 0.999864
95489: 0.999864
95490: 0.999864
95491: 0.999864
95492: 0.999864
95493: 0.999864
95494: 0.999864
95495: 0.999864
95496: 0.999864
95497: 0.999864
95498: 0.999864
95499: 0.999864
95500: 0.999864
95501: 0.999864
95502: 0.999864
95503: 0.999864
95504: 0.999864
95505: 0.999864
95506: 0.999864
95507: 0.999864
95508: 0.999864
95509: 0.999864
95510: 0.999864
95511: 0.999864
95512: 0.999864
95513: 0.999864
95514: 0.999864
95515: 0.999864
95516: 0.999864
95517: 0.999864
95518: 0.999864
95519: 0.999864
95520: 0.999864
95521: 0.999864
95522: 0.999864
95523: 0.999864
95524: 0.999864
95525: 0.999864
95526: 0.999864
95527: 0.999864
95528: 0.999864
95529: 0.999864
95530: 0.999864
95531: 0.999864
95532: 0.999864
95533: 0.999864
95534: 0.999864
95535: 0.999864
95536: 0.999864
95537: 0.999864
95538: 0.999864
95539: 0.999864
95540: 0.999864
95541: 0.999864
95542: 0.999864
95543: 0.999864
95544: 0.999864
95545: 0.999864
95546: 0.999864
95547: 0.999864
95548: 0.999864
95549: 0.999864
95550: 0.999864
95551: 0.999864
95552: 0.999864
95553: 0.999864
95554: 0.999864
95555: 0.999864
95556: 0.999864
95557: 0.999864
95558: 0.999864
95559: 0.999864
95560: 0.999864
95561: 0.999864
95562: 0.999864
95563: 0.999864
95564: 0.999864
95565: 0.999864
95566: 0.999864
95567: 0.999864
95568: 0.999864
95569: 0.999864
95570: 0.999864
95571: 0.999864
95572: 0.999864
95573: 0.999864
95574: 0.999864
95575: 0.999864
95576: 0.999864
95577: 0.999864
95578: 0.999864
95579: 0.999864
95580: 0.999864
95581: 0.999864
95582: 0.999864
95583: 0.999864
95584: 0.999864
95585: 0.999864
95586: 0.999864
95587: 0.999864
95588: 0.999864
95589: 0.999864
95590: 0.999864
95591: 0.999864
95592: 0.999864
95593: 0.999864
95594: 0.999864
95595: 0.999864
95596: 0.999864
95597: 0.999864
95598: 0.999864
95599: 0.999864
95600: 0.999864
95601: 0.999864
95602: 0.999864
95603: 0.999864
95604: 0.999864
95605: 0.999864
95606: 0.999864
95607: 0.999864
95608: 0.999864
95609: 0.999864
95610: 0.999864
95611: 0.999864
95612: 0.999864
95613: 0.999864
95614: 0.999864
95615: 0.999864
95616: 0.999864
95617: 0.999864
95618: 0.999864
95619: 0.999864
95620: 0.999864
95621: 0.999864
95622: 0.999864
95623: 0.999864
95624: 0.999864
95625: 0.999864
95626: 0.999864
95627: 0.999864
95628: 0.999864
95629: 0.999864
95630: 0.999864
95631: 0.999864
95632: 0.999864
95633: 0.999864
95634: 0.999864
95635: 0.999864
95636: 0.999864
95637: 0.999864
95638: 0.999864
95639: 0.999864
95640: 0.999864
95641: 0.999864
95642: 0.999864
95643: 0.999864
95644: 0.999864
95645: 0.999864
95646: 0.999864
95647: 0.999864
95648: 0.999864
95649: 0.999864
95650: 0.999864
95651: 0.999864
95652: 0.999864
95653: 0.999864
95654: 0.999864
95655: 0.999864
95656: 0.999864
95657: 0.999864
95658: 0.999864
95659: 0.999864
95660: 0.999864
95661: 0.999864
95662: 0.999864
95663: 0.999864
95664: 0.999864
95665: 0.999864
95666: 0.999864
95667: 0.999864
95668: 0.999864
95669: 0.999864
95670: 0.999864
95671: 0.999864
95672: 0.999864
95673: 0.999864
95674: 0.999864
95675: 0.999864
95676: 0.999864
95677: 0.999864
95678: 0.999864
95679: 0.999864
95680: 0.999864
95681: 0.999864
95682: 0.999864
95683: 0.999864
95684: 0.999864
95685: 0.999864
95686: 0.999864
95687: 0.999864
95688: 0.999864
95689: 0.999864
95690: 0.999864
95691: 0.999864
95692: 0.999864
95693: 0.999864
95694: 0.999864
95695: 0.999864
95696: 0.999864
95697: 0.999864
95698: 0.999864
95699: 0.999864
95700: 0.999864
95701: 0.999864
95702: 0.999864
95703: 0.999864
95704: 0.999864
95705: 0.999864
95706: 0.999864
95707: 0.999864
95708: 0.999864
95709: 0.999864
95710: 0.999864
95711: 0.999864
95712: 0.999864
95713: 0.999864
95714: 0.999864
95715: 0.999864
95716: 0.999864
95717: 0.999864
95718: 0.999864
95719: 0.999864
95720: 0.999864
95721: 0.999864
95722: 0.999864
95723: 0.999864
95724: 0.999864
95725: 0.999864
95726: 0.999864
95727: 0.999864
95728: 0.999864
95729: 0.999864
95730: 0.999864
95731: 0.999864
95732: 0.999864
95733: 0.999864
95734: 0.999864
95735: 0.999864
95736: 0.999864
95737: 0.999864
95738: 0.999864
95739: 0.999864
95740: 0.999864
95741: 0.999864
95742: 0.999864
95743: 0.999864
95744: 0.999864
95745: 0.999864
95746: 0.999864
95747: 0.999864
95748: 0.999864
95749: 0.999864
95750: 0.999864
95751: 0.999864
95752: 0.999864
95753: 0.999864
95754: 0.999864
95755: 0.999864
95756: 0.999864
95757: 0.999864
95758: 0.999864
95759: 0.999864
95760: 0.999864
95761: 0.999864
95762: 0.999864
95763: 0.999864
95764: 0.999864
95765: 0.999864
95766: 0.999864
95767: 0.999864
95768: 0.999864
95769: 0.999864
95770: 0.999864
95771: 0.999864
95772: 0.999864
95773: 0.999864
95774: 0.999864
95775: 0.999864
95776: 0.999864
95777: 0.999864
95778: 0.999864
95779: 0.999864
95780: 0.999864
95781: 0.999864
95782: 0.999864
95783: 0.999864
95784: 0.999864
95785: 0.999864
95786: 0.999864
95787: 0.999864
95788: 0.999864
95789: 0.999864
95790: 0.999864
95791: 0.999864
95792: 0.999864
95793: 0.999864
95794: 0.999864
95795: 0.999864
95796: 0.999864
95797: 0.999864
95798: 0.999864
95799: 0.999864
95800: 0.999864
95801: 0.999864
95802: 0.999864
95803: 0.999864
95804: 0.999864
95805: 0.999864
95806: 0.999864
95807: 0.999864
95808: 0.999864
95809: 0.999864
95810: 0.999864
95811: 0.999864
95812: 0.999864
95813: 0.999864
95814: 0.999864
95815: 0.999864
95816: 0.999864
95817: 0.999864
95818: 0.999864
95819: 0.999864
95820: 0.999864
95821: 0.999864
95822: 0.999864
95823: 0.999864
95824: 0.999864
95825: 0.999864
95826: 0.999864
95827: 0.999864
95828: 0.999864
95829: 0.999864
95830: 0.999864
95831: 0.999864
95832: 0.999864
95833: 0.999864
95834: 0.999864
95835: 0.999864
95836: 0.999864
95837: 0.999864
95838: 0.999864
95839: 0.999864
95840: 0.999864
95841: 0.999864
95842: 0.999864
95843: 0.999864
95844: 0.999864
95845: 0.999864
95846: 0.999864
95847: 0.999864
95848: 0.999864
95849: 0.999864
95850: 0.999864
95851: 0.999864
95852: 0.999864
95853: 0.999864
95854: 0.999864
95855: 0.999864
95856: 0.999864
95857: 0.999864
95858: 0.999864
95859: 0.999864
95860: 0.999864
95861: 0.999864
95862: 0.999864
95863: 0.999864
95864: 0.999864
95865: 0.999864
95866: 0.999864
95867: 0.999864
95868: 0.999864
95869: 0.999864
95870: 0.999864
95871: 0.999864
95872: 0.999864
95873: 0.999864
95874: 0.999864
95875: 0.999864
95876: 0.999864
95877: 0.999864
95878: 0.999864
95879: 0.999864
95880: 0.999864
95881: 0.999864
95882: 0.999864
95883: 0.999864
95884: 0.999864
95885: 0.999864
95886: 0.999864
95887: 0.999864
95888: 0.999864
95889: 0.999864
95890: 0.999864
95891: 0.999864
95892: 0.999864
95893: 0.999864
95894: 0.999864
95895: 0.999864
95896: 0.999864
95897: 0.999864
95898: 0.999864
95899: 0.999864
95900: 0.999864
95901: 0.999864
95902: 0.999864
95903: 0.999864
95904: 0.999864
95905: 0.999864
95906: 0.999864
95907: 0.999864
95908: 0.999864
95909: 0.999864
95910: 0.999864
95911: 0.999864
95912: 0.999864
95913: 0.999864
95914: 0.999864
95915: 0.999864
95916: 0.999864
95917: 0.999864
95918: 0.999864
95919: 0.999864
95920: 0.999864
95921: 0.999864
95922: 0.999864
95923: 0.999864
95924: 0.999864
95925: 0.999864
95926: 0.999864
95927: 0.999864
95928: 0.999864
95929: 0.999864
95930: 0.999864
95931: 0.999864
95932: 0.999864
95933: 0.999864
95934: 0.999864
95935: 0.999864
95936: 0.999864
95937: 0.999864
95938: 0.999864
95939: 0.999864
95940: 0.999865
95941: 0.999865
95942: 0.999865
95943: 0.999865
95944: 0.999865
95945: 0.999865
95946: 0.999865
95947: 0.999865
95948: 0.999865
95949: 0.999865
95950: 0.999865
95951: 0.999865
95952: 0.999865
95953: 0.999865
95954: 0.999865
95955: 0.999865
95956: 0.999865
95957: 0.999865
95958: 0.999865
95959: 0.999865
95960: 0.999865
95961: 0.999865
95962: 0.999865
95963: 0.999865
95964: 0.999865
95965: 0.999865
95966: 0.999865
95967: 0.999865
95968: 0.999865
95969: 0.999865
95970: 0.999865
95971: 0.999865
95972: 0.999865
95973: 0.999865
95974: 0.999865
95975: 0.999865
95976: 0.999865
95977: 0.999865
95978: 0.999865
95979: 0.999865
95980: 0.999865
95981: 0.999865
95982: 0.999865
95983: 0.999865
95984: 0.999865
95985: 0.999865
95986: 0.999865
95987: 0.999865
95988: 0.999865
95989: 0.999865
95990: 0.999865
95991: 0.999865
95992: 0.999865
95993: 0.999865
95994: 0.999865
95995: 0.999865
95996: 0.999865
95997: 0.999865
95998: 0.999865
95999: 0.999865
96000: 0.999865
96001: 0.999865
96002: 0.999865
96003: 0.999865
96004: 0.999865
96005: 0.999865
96006: 0.999865
96007: 0.999865
96008: 0.999865
96009: 0.999865
96010: 0.999865
96011: 0.999865
96012: 0.999865
96013: 0.999865
96014: 0.999865
96015: 0.999865
96016: 0.999865
96017: 0.999865
96018: 0.999865
96019: 0.999865
96020: 0.999865
96021: 0.999865
96022: 0.999865
96023: 0.999865
96024: 0.999865
96025: 0.999865
96026: 0.999865
96027: 0.999865
96028: 0.999865
96029: 0.999865
96030: 0.999865
96031: 0.999865
96032: 0.999865
96033: 0.999865
96034: 0.999865
96035: 0.999865
96036: 0.999865
96037: 0.999865
96038: 0.999865
96039: 0.999865
96040: 0.999865
96041: 0.999865
96042: 0.999865
96043: 0.999865
96044: 0.999865
96045: 0.999865
96046: 0.999865
96047: 0.999865
96048: 0.999865
96049: 0.999865
96050: 0.999865
96051: 0.999865
96052: 0.999865
96053: 0.999865
96054: 0.999865
96055: 0.999865
96056: 0.999865
96057: 0.999865
96058: 0.999865
96059: 0.999865
96060: 0.999865
96061: 0.999865
96062: 0.999865
96063: 0.999865
96064: 0.999865
96065: 0.999865
96066: 0.999865
96067: 0.999865
96068: 0.999865
96069: 0.999865
96070: 0.999865
96071: 0.999865
96072: 0.999865
96073: 0.999865
96074: 0.999865
96075: 0.999865
96076: 0.999865
96077: 0.999865
96078: 0.999865
96079: 0.999865
96080: 0.999865
96081: 0.999865
96082: 0.999865
96083: 0.999865
96084: 0.999865
96085: 0.999865
96086: 0.999865
96087: 0.999865
96088: 0.999865
96089: 0.999865
96090: 0.999865
96091: 0.999865
96092: 0.999865
96093: 0.999865
96094: 0.999865
96095: 0.999865
96096: 0.999865
96097: 0.999865
96098: 0.999865
96099: 0.999865
96100: 0.999865
96101: 0.999865
96102: 0.999865
96103: 0.999865
96104: 0.999865
96105: 0.999865
96106: 0.999865
96107: 0.999865
96108: 0.999865
96109: 0.999865
96110: 0.999865
96111: 0.999865
96112: 0.999865
96113: 0.999865
96114: 0.999865
96115: 0.999865
96116: 0.999865
96117: 0.999865
96118: 0.999865
96119: 0.999865
96120: 0.999865
96121: 0.999865
96122: 0.999865
96123: 0.999865
96124: 0.999865
96125: 0.999865
96126: 0.999865
96127: 0.999865
96128: 0.999865
96129: 0.999865
96130: 0.999865
96131: 0.999865
96132: 0.999865
96133: 0.999865
96134: 0.999865
96135: 0.999865
96136: 0.999865
96137: 0.999865
96138: 0.999865
96139: 0.999865
96140: 0.999865
96141: 0.999865
96142: 0.999865
96143: 0.999865
96144: 0.999865
96145: 0.999865
96146: 0.999865
96147: 0.999865
96148: 0.999865
96149: 0.999865
96150: 0.999865
96151: 0.999865
96152: 0.999865
96153: 0.999865
96154: 0.999865
96155: 0.999865
96156: 0.999865
96157: 0.999865
96158: 0.999865
96159: 0.999865
96160: 0.999865
96161: 0.999865
96162: 0.999865
96163: 0.999865
96164: 0.999865
96165: 0.999865
96166: 0.999865
96167: 0.999865
96168: 0.999865
96169: 0.999865
96170: 0.999865
96171: 0.999865
96172: 0.999865
96173: 0.999865
96174: 0.999865
96175: 0.999865
96176: 0.999865
96177: 0.999865
96178: 0.999865
96179: 0.999865
96180: 0.999865
96181: 0.999865
96182: 0.999865
96183: 0.999865
96184: 0.999865
96185: 0.999865
96186: 0.999865
96187: 0.999865
96188: 0.999865
96189: 0.999865
96190: 0.999865
96191: 0.999865
96192: 0.999865
96193: 0.999865
96194: 0.999865
96195: 0.999865
96196: 0.999865
96197: 0.999865
96198: 0.999865
96199: 0.999865
96200: 0.999865
96201: 0.999865
96202: 0.999865
96203: 0.999865
96204: 0.999865
96205: 0.999865
96206: 0.999865
96207: 0.999865
96208: 0.999865
96209: 0.999865
96210: 0.999865
96211: 0.999865
96212: 0.999865
96213: 0.999865
96214: 0.999865
96215: 0.999865
96216: 0.999865
96217: 0.999865
96218: 0.999865
96219: 0.999865
96220: 0.999865
96221: 0.999865
96222: 0.999865
96223: 0.999865
96224: 0.999865
96225: 0.999865
96226: 0.999865
96227: 0.999865
96228: 0.999865
96229: 0.999865
96230: 0.999865
96231: 0.999865
96232: 0.999865
96233: 0.999865
96234: 0.999865
96235: 0.999865
96236: 0.999865
96237: 0.999865
96238: 0.999865
96239: 0.999865
96240: 0.999865
96241: 0.999865
96242: 0.999865
96243: 0.999865
96244: 0.999865
96245: 0.999865
96246: 0.999865
96247: 0.999865
96248: 0.999865
96249: 0.999865
96250: 0.999865
96251: 0.999865
96252: 0.999865
96253: 0.999865
96254: 0.999865
96255: 0.999865
96256: 0.999865
96257: 0.999865
96258: 0.999865
96259: 0.999865
96260: 0.999865
96261: 0.999865
96262: 0.999865
96263: 0.999865
96264: 0.999865
96265: 0.999865
96266: 0.999865
96267: 0.999865
96268: 0.999865
96269: 0.999865
96270: 0.999865
96271: 0.999865
96272: 0.999865
96273: 0.999865
96274: 0.999865
96275: 0.999865
96276: 0.999865
96277: 0.999865
96278: 0.999865
96279: 0.999865
96280: 0.999865
96281: 0.999865
96282: 0.999865
96283: 0.999865
96284: 0.999865
96285: 0.999865
96286: 0.999865
96287: 0.999865
96288: 0.999865
96289: 0.999865
96290: 0.999865
96291: 0.999865
96292: 0.999865
96293: 0.999865
96294: 0.999865
96295: 0.999865
96296: 0.999865
96297: 0.999865
96298: 0.999865
96299: 0.999865
96300: 0.999865
96301: 0.999865
96302: 0.999865
96303: 0.999865
96304: 0.999865
96305: 0.999865
96306: 0.999865
96307: 0.999865
96308: 0.999865
96309: 0.999865
96310: 0.999865
96311: 0.999865
96312: 0.999865
96313: 0.999865
96314: 0.999865
96315: 0.999865
96316: 0.999865
96317: 0.999865
96318: 0.999865
96319: 0.999865
96320: 0.999865
96321: 0.999865
96322: 0.999865
96323: 0.999865
96324: 0.999865
96325: 0.999865
96326: 0.999865
96327: 0.999865
96328: 0.999865
96329: 0.999865
96330: 0.999865
96331: 0.999865
96332: 0.999865
96333: 0.999865
96334: 0.999865
96335: 0.999865
96336: 0.999865
96337: 0.999865
96338: 0.999865
96339: 0.999865
96340: 0.999865
96341: 0.999865
96342: 0.999865
96343: 0.999865
96344: 0.999865
96345: 0.999865
96346: 0.999865
96347: 0.999865
96348: 0.999865
96349: 0.999865
96350: 0.999865
96351: 0.999865
96352: 0.999865
96353: 0.999865
96354: 0.999865
96355: 0.999865
96356: 0.999865
96357: 0.999865
96358: 0.999865
96359: 0.999865
96360: 0.999865
96361: 0.999865
96362: 0.999865
96363: 0.999865
96364: 0.999865
96365: 0.999865
96366: 0.999865
96367: 0.999865
96368: 0.999865
96369: 0.999865
96370: 0.999865
96371: 0.999865
96372: 0.999865
96373: 0.999865
96374: 0.999865
96375: 0.999865
96376: 0.999865
96377: 0.999865
96378: 0.999865
96379: 0.999865
96380: 0.999865
96381: 0.999865
96382: 0.999865
96383: 0.999865
96384: 0.999865
96385: 0.999865
96386: 0.999865
96387: 0.999865
96388: 0.999865
96389: 0.999865
96390: 0.999865
96391: 0.999865
96392: 0.999865
96393: 0.999865
96394: 0.999865
96395: 0.999865
96396: 0.999865
96397: 0.999865
96398: 0.999865
96399: 0.999865
96400: 0.999865
96401: 0.999865
96402: 0.999865
96403: 0.999865
96404: 0.999865
96405: 0.999865
96406: 0.999865
96407: 0.999865
96408: 0.999865
96409: 0.999865
96410: 0.999865
96411: 0.999865
96412: 0.999865
96413: 0.999865
96414: 0.999865
96415: 0.999865
96416: 0.999865
96417: 0.999865
96418: 0.999865
96419: 0.999865
96420: 0.999865
96421: 0.999865
96422: 0.999865
96423: 0.999865
96424: 0.999865
96425: 0.999865
96426: 0.999865
96427: 0.999865
96428: 0.999865
96429: 0.999865
96430: 0.999865
96431: 0.999865
96432: 0.999865
96433: 0.999865
96434: 0.999865
96435: 0.999865
96436: 0.999865
96437: 0.999865
96438: 0.999865
96439: 0.999865
96440: 0.999865
96441: 0.999865
96442: 0.999865
96443: 0.999865
96444: 0.999865
96445: 0.999865
96446: 0.999865
96447: 0.999865
96448: 0.999865
96449: 0.999865
96450: 0.999865
96451: 0.999865
96452: 0.999865
96453: 0.999865
96454: 0.999865
96455: 0.999865
96456: 0.999865
96457: 0.999865
96458: 0.999865
96459: 0.999865
96460: 0.999865
96461: 0.999865
96462: 0.999865
96463: 0.999865
96464: 0.999865
96465: 0.999865
96466: 0.999865
96467: 0.999865
96468: 0.999865
96469: 0.999865
96470: 0.999865
96471: 0.999865
96472: 0.999865
96473: 0.999865
96474: 0.999865
96475: 0.999865
96476: 0.999865
96477: 0.999865
96478: 0.999865
96479: 0.999865
96480: 0.999865
96481: 0.999865
96482: 0.999865
96483: 0.999865
96484: 0.999865
96485: 0.999865
96486: 0.999865
96487: 0.999865
96488: 0.999865
96489: 0.999865
96490: 0.999865
96491: 0.999865
96492: 0.999865
96493: 0.999865
96494: 0.999865
96495: 0.999865
96496: 0.999865
96497: 0.999865
96498: 0.999865
96499: 0.999865
96500: 0.999865
96501: 0.999865
96502: 0.999865
96503: 0.999865
96504: 0.999865
96505: 0.999865
96506: 0.999865
96507: 0.999865
96508: 0.999865
96509: 0.999865
96510: 0.999865
96511: 0.999865
96512: 0.999865
96513: 0.999865
96514: 0.999865
96515: 0.999865
96516: 0.999865
96517: 0.999865
96518: 0.999865
96519: 0.999865
96520: 0.999865
96521: 0.999865
96522: 0.999865
96523: 0.999865
96524: 0.999865
96525: 0.999865
96526: 0.999865
96527: 0.999865
96528: 0.999865
96529: 0.999865
96530: 0.999865
96531: 0.999865
96532: 0.999865
96533: 0.999865
96534: 0.999865
96535: 0.999865
96536: 0.999865
96537: 0.999865
96538: 0.999865
96539: 0.999865
96540: 0.999865
96541: 0.999865
96542: 0.999865
96543: 0.999865
96544: 0.999865
96545: 0.999865
96546: 0.999865
96547: 0.999865
96548: 0.999865
96549: 0.999865
96550: 0.999865
96551: 0.999865
96552: 0.999865
96553: 0.999865
96554: 0.999865
96555: 0.999865
96556: 0.999865
96557: 0.999865
96558: 0.999865
96559: 0.999865
96560: 0.999865
96561: 0.999865
96562: 0.999865
96563: 0.999865
96564: 0.999865
96565: 0.999865
96566: 0.999865
96567: 0.999865
96568: 0.999865
96569: 0.999865
96570: 0.999865
96571: 0.999865
96572: 0.999865
96573: 0.999865
96574: 0.999865
96575: 0.999865
96576: 0.999865
96577: 0.999865
96578: 0.999865
96579: 0.999865
96580: 0.999865
96581: 0.999865
96582: 0.999865
96583: 0.999865
96584: 0.999865
96585: 0.999865
96586: 0.999865
96587: 0.999865
96588: 0.999865
96589: 0.999865
96590: 0.999865
96591: 0.999865
96592: 0.999865
96593: 0.999865
96594: 0.999865
96595: 0.999865
96596: 0.999865
96597: 0.999865
96598: 0.999865
96599: 0.999865
96600: 0.999865
96601: 0.999865
96602: 0.999865
96603: 0.999865
96604: 0.999865
96605: 0.999865
96606: 0.999865
96607: 0.999865
96608: 0.999865
96609: 0.999865
96610: 0.999865
96611: 0.999865
96612: 0.999865
96613: 0.999865
96614: 0.999865
96615: 0.999865
96616: 0.999865
96617: 0.999865
96618: 0.999865
96619: 0.999865
96620: 0.999865
96621: 0.999865
96622: 0.999865
96623: 0.999865
96624: 0.999865
96625: 0.999865
96626: 0.999865
96627: 0.999865
96628: 0.999865
96629: 0.999865
96630: 0.999865
96631: 0.999865
96632: 0.999865
96633: 0.999865
96634: 0.999865
96635: 0.999865
96636: 0.999865
96637: 0.999865
96638: 0.999865
96639: 0.999865
96640: 0.999865
96641: 0.999865
96642: 0.999865
96643: 0.999865
96644: 0.999865
96645: 0.999865
96646: 0.999865
96647: 0.999865
96648: 0.999865
96649: 0.999865
96650: 0.999865
96651: 0.999865
96652: 0.999865
96653: 0.999865
96654: 0.999866
96655: 0.999866
96656: 0.999866
96657: 0.999866
96658: 0.999866
96659: 0.999866
96660: 0.999866
96661: 0.999866
96662: 0.999866
96663: 0.999866
96664: 0.999866
96665: 0.999866
96666: 0.999866
96667: 0.999866
96668: 0.999866
96669: 0.999866
96670: 0.999866
96671: 0.999866
96672: 0.999866
96673: 0.999866
96674: 0.999866
96675: 0.999866
96676: 0.999866
96677: 0.999866
96678: 0.999866
96679: 0.999866
96680: 0.999866
96681: 0.999866
96682: 0.999866
96683: 0.999866
96684: 0.999866
96685: 0.999866
96686: 0.999866
96687: 0.999866
96688: 0.999866
96689: 0.999866
96690: 0.999866
96691: 0.999866
96692: 0.999866
96693: 0.999866
96694: 0.999866
96695: 0.999866
96696: 0.999866
96697: 0.999866
96698: 0.999866
96699: 0.999866
96700: 0.999866
96701: 0.999866
96702: 0.999866
96703: 0.999866
96704: 0.999866
96705: 0.999866
96706: 0.999866
96707: 0.999866
96708: 0.999866
96709: 0.999866
96710: 0.999866
96711: 0.999866
96712: 0.999866
96713: 0.999866
96714: 0.999866
96715: 0.999866
96716: 0.999866
96717: 0.999866
96718: 0.999866
96719: 0.999866
96720: 0.999866
96721: 0.999866
96722: 0.999866
96723: 0.999866
96724: 0.999866
96725: 0.999866
96726: 0.999866
96727: 0.999866
96728: 0.999866
96729: 0.999866
96730: 0.999866
96731: 0.999866
96732: 0.999866
96733: 0.999866
96734: 0.999866
96735: 0.999866
96736: 0.999866
96737: 0.999866
96738: 0.999866
96739: 0.999866
96740: 0.999866
96741: 0.999866
96742: 0.999866
96743: 0.999866
96744: 0.999866
96745: 0.999866
96746: 0.999866
96747: 0.999866
96748: 0.999866
96749: 0.999866
96750: 0.999866
96751: 0.999866
96752: 0.999866
96753: 0.999866
96754: 0.999866
96755: 0.999866
96756: 0.999866
96757: 0.999866
96758: 0.999866
96759: 0.999866
96760: 0.999866
96761: 0.999866
96762: 0.999866
96763: 0.999866
96764: 0.999866
96765: 0.999866
96766: 0.999866
96767: 0.999866
96768: 0.999866
96769: 0.999866
96770: 0.999866
96771: 0.999866
96772: 0.999866
96773: 0.999866
96774: 0.999866
96775: 0.999866
96776: 0.999866
96777: 0.999866
96778: 0.999866
96779: 0.999866
96780: 0.999866
96781: 0.999866
96782: 0.999866
96783: 0.999866
96784: 0.999866
96785: 0.999866
96786: 0.999866
96787: 0.999866
96788: 0.999866
96789: 0.999866
96790: 0.999866
96791: 0.999866
96792: 0.999866
96793: 0.999866
96794: 0.999866
96795: 0.999866
96796: 0.999866
96797: 0.999866
96798: 0.999866
96799: 0.999866
96800: 0.999866
96801: 0.999866
96802: 0.999866
96803: 0.999866
96804: 0.999866
96805: 0.999866
96806: 0.999866
96807: 0.999866
96808: 0.999866
96809: 0.999866
96810: 0.999866
96811: 0.999866
96812: 0.999866
96813: 0.999866
96814: 0.999866
96815: 0.999866
96816: 0.999866
96817: 0.999866
96818: 0.999866
96819: 0.999866
96820: 0.999866
96821: 0.999866
96822: 0.999866
96823: 0.999866
96824: 0.999866
96825: 0.999866
96826: 0.999866
96827: 0.999866
96828: 0.999866
96829: 0.999866
96830: 0.999866
96831: 0.999866
96832: 0.999866
96833: 0.999866
96834: 0.999866
96835: 0.999866
96836: 0.999866
96837: 0.999866
96838: 0.999866
96839: 0.999866
96840: 0.999866
96841: 0.999866
96842: 0.999866
96843: 0.999866
96844: 0.999866
96845: 0.999866
96846: 0.999866
96847: 0.999866
96848: 0.999866
96849: 0.999866
96850: 0.999866
96851: 0.999866
96852: 0.999866
96853: 0.999866
96854: 0.999866
96855: 0.999866
96856: 0.999866
96857: 0.999866
96858: 0.999866
96859: 0.999866
96860: 0.999866
96861: 0.999866
96862: 0.999866
96863: 0.999866
96864: 0.999866
96865: 0.999866
96866: 0.999866
96867: 0.999866
96868: 0.999866
96869: 0.999866
96870: 0.999866
96871: 0.999866
96872: 0.999866
96873: 0.999866
96874: 0.999866
96875: 0.999866
96876: 0.999866
96877: 0.999866
96878: 0.999866
96879: 0.999866
96880: 0.999866
96881: 0.999866
96882: 0.999866
96883: 0.999866
96884: 0.999866
96885: 0.999866
96886: 0.999866
96887: 0.999866
96888: 0.999866
96889: 0.999866
96890: 0.999866
96891: 0.999866
96892: 0.999866
96893: 0.999866
96894: 0.999866
96895: 0.999866
96896: 0.999866
96897: 0.999866
96898: 0.999866
96899: 0.999866
96900: 0.999866
96901: 0.999866
96902: 0.999866
96903: 0.999866
96904: 0.999866
96905: 0.999866
96906: 0.999866
96907: 0.999866
96908: 0.999866
96909: 0.999866
96910: 0.999866
96911: 0.999866
96912: 0.999866
96913: 0.999866
96914: 0.999866
96915: 0.999866
96916: 0.999866
96917: 0.999866
96918: 0.999866
96919: 0.999866
96920: 0.999866
96921: 0.999866
96922: 0.999866
96923: 0.999866
96924: 0.999866
96925: 0.999866
96926: 0.999866
96927: 0.999866
96928: 0.999866
96929: 0.999866
96930: 0.999866
96931: 0.999866
96932: 0.999866
96933: 0.999866
96934: 0.999866
96935: 0.999866
96936: 0.999866
96937: 0.999866
96938: 0.999866
96939: 0.999866
96940: 0.999866
96941: 0.999866
96942: 0.999866
96943: 0.999866
96944: 0.999866
96945: 0.999866
96946: 0.999866
96947: 0.999866
96948: 0.999866
96949: 0.999866
96950: 0.999866
96951: 0.999866
96952: 0.999866
96953: 0.999866
96954: 0.999866
96955: 0.999866
96956: 0.999866
96957: 0.999866
96958: 0.999866
96959: 0.999866
96960: 0.999866
96961: 0.999866
96962: 0.999866
96963: 0.999866
96964: 0.999866
96965: 0.999866
96966: 0.999866
96967: 0.999866
96968: 0.999866
96969: 0.999866
96970: 0.999866
96971: 0.999866
96972: 0.999866
96973: 0.999866
96974: 0.999866
96975: 0.999866
96976: 0.999866
96977: 0.999866
96978: 0.999866
96979: 0.999866
96980: 0.999866
96981: 0.999866
96982: 0.999866
96983: 0.999866
96984: 0.999866
96985: 0.999866
96986: 0.999866
96987: 0.999866
96988: 0.999866
96989: 0.999866
96990: 0.999866
96991: 0.999866
96992: 0.999866
96993: 0.999866
96994: 0.999866
96995: 0.999866
96996: 0.999866
96997: 0.999866
96998: 0.999866
96999: 0.999866
97000: 0.999866
97001: 0.999866
97002: 0.999866
97003: 0.999866
97004: 0.999866
97005: 0.999866
97006: 0.999866
97007: 0.999866
97008: 0.999866
97009: 0.999866
97010: 0.999866
97011: 0.999866
97012: 0.999866
97013: 0.999866
97014: 0.999866
97015: 0.999866
97016: 0.999866
97017: 0.999866
97018: 0.999866
97019: 0.999866
97020: 0.999866
97021: 0.999866
97022: 0.999866
97023: 0.999866
97024: 0.999866
97025: 0.999866
97026: 0.999866
97027: 0.999866
97028: 0.999866
97029: 0.999866
97030: 0.999866
97031: 0.999866
97032: 0.999866
97033: 0.999866
97034: 0.999866
97035: 0.999866
97036: 0.999866
97037: 0.999866
97038: 0.999866
97039: 0.999866
97040: 0.999866
97041: 0.999866
97042: 0.999866
97043: 0.999866
97044: 0.999866
97045: 0.999866
97046: 0.999866
97047: 0.999866
97048: 0.999866
97049: 0.999866
97050: 0.999866
97051: 0.999866
97052: 0.999866
97053: 0.999866
97054: 0.999866
97055: 0.999866
97056: 0.999866
97057: 0.999866
97058: 0.999866
97059: 0.999866
97060: 0.999866
97061: 0.999866
97062: 0.999866
97063: 0.999866
97064: 0.999866
97065: 0.999866
97066: 0.999866
97067: 0.999866
97068: 0.999866
97069: 0.999866
97070: 0.999866
97071: 0.999866
97072: 0.999866
97073: 0.999866
97074: 0.999866
97075: 0.999866
97076: 0.999866
97077: 0.999866
97078: 0.999866
97079: 0.999866
97080: 0.999866
97081: 0.999866
97082: 0.999866
97083: 0.999866
97084: 0.999866
97085: 0.999866
97086: 0.999866
97087: 0.999866
97088: 0.999866
97089: 0.999866
97090: 0.999866
97091: 0.999866
97092: 0.999866
97093: 0.999866
97094: 0.999866
97095: 0.999866
97096: 0.999866
97097: 0.999866
97098: 0.999866
97099: 0.999866
97100: 0.999866
97101: 0.999866
97102: 0.999866
97103: 0.999866
97104: 0.999866
97105: 0.999866
97106: 0.999866
97107: 0.999866
97108: 0.999866
97109: 0.999866
97110: 0.999866
97111: 0.999866
97112: 0.999866
97113: 0.999866
97114: 0.999866
97115: 0.999866
97116: 0.999866
97117: 0.999866
97118: 0.999866
97119: 0.999866
97120: 0.999866
97121: 0.999866
97122: 0.999866
97123: 0.999866
97124: 0.999866
97125: 0.999866
97126: 0.999866
97127: 0.999866
97128: 0.999866
97129: 0.999866
97130: 0.999866
97131: 0.999866
97132: 0.999866
97133: 0.999866
97134: 0.999866
97135: 0.999866
97136: 0.999866
97137: 0.999866
97138: 0.999866
97139: 0.999866
97140: 0.999866
97141: 0.999866
97142: 0.999866
97143: 0.999866
97144: 0.999866
97145: 0.999866
97146: 0.999866
97147: 0.999866
97148: 0.999866
97149: 0.999866
97150: 0.999866
97151: 0.999866
97152: 0.999866
97153: 0.999866
97154: 0.999866
97155: 0.999866
97156: 0.999866
97157: 0.999866
97158: 0.999866
97159: 0.999866
97160: 0.999866
97161: 0.999866
97162: 0.999866
97163: 0.999866
97164: 0.999866
97165: 0.999866
97166: 0.999866
97167: 0.999866
97168: 0.999866
97169: 0.999866
97170: 0.999866
97171: 0.999866
97172: 0.999866
97173: 0.999866
97174: 0.999866
97175: 0.999866
97176: 0.999866
97177: 0.999866
97178: 0.999866
97179: 0.999866
97180: 0.999866
97181: 0.999866
97182: 0.999866
97183: 0.999866
97184: 0.999866
97185: 0.999866
97186: 0.999866
97187: 0.999866
97188: 0.999866
97189: 0.999866
97190: 0.999866
97191: 0.999866
97192: 0.999866
97193: 0.999866
97194: 0.999866
97195: 0.999866
97196: 0.999866
97197: 0.999866
97198: 0.999866
97199: 0.999866
97200: 0.999866
97201: 0.999866
97202: 0.999866
97203: 0.999866
97204: 0.999866
97205: 0.999866
97206: 0.999866
97207: 0.999866
97208: 0.999866
97209: 0.999866
97210: 0.999866
97211: 0.999866
97212: 0.999866
97213: 0.999866
97214: 0.999866
97215: 0.999866
97216: 0.999866
97217: 0.999866
97218: 0.999866
97219: 0.999866
97220: 0.999866
97221: 0.999866
97222: 0.999866
97223: 0.999866
97224: 0.999866
97225: 0.999866
97226: 0.999866
97227: 0.999866
97228: 0.999866
97229: 0.999866
97230: 0.999866
97231: 0.999866
97232: 0.999866
97233: 0.999866
97234: 0.999866
97235: 0.999866
97236: 0.999866
97237: 0.999866
97238: 0.999866
97239: 0.999866
97240: 0.999866
97241: 0.999866
97242: 0.999866
97243: 0.999866
97244: 0.999866
97245: 0.999866
97246: 0.999866
97247: 0.999866
97248: 0.999866
97249: 0.999866
97250: 0.999866
97251: 0.999866
97252: 0.999866
97253: 0.999866
97254: 0.999866
97255: 0.999866
97256: 0.999866
97257: 0.999866
97258: 0.999866
97259: 0.999866
97260: 0.999866
97261: 0.999866
97262: 0.999866
97263: 0.999866
97264: 0.999866
97265: 0.999866
97266: 0.999866
97267: 0.999866
97268: 0.999866
97269: 0.999866
97270: 0.999866
97271: 0.999866
97272: 0.999866
97273: 0.999866
97274: 0.999866
97275: 0.999866
97276: 0.999866
97277: 0.999866
97278: 0.999866
97279: 0.999866
97280: 0.999866
97281: 0.999866
97282: 0.999866
97283: 0.999866
97284: 0.999866
97285: 0.999866
97286: 0.999866
97287: 0.999866
97288: 0.999866
97289: 0.999866
97290: 0.999866
97291: 0.999866
97292: 0.999866
97293: 0.999866
97294: 0.999866
97295: 0.999866
97296: 0.999866
97297: 0.999866
97298: 0.999866
97299: 0.999866
97300: 0.999866
97301: 0.999866
97302: 0.999866
97303: 0.999866
97304: 0.999866
97305: 0.999866
97306: 0.999866
97307: 0.999866
97308: 0.999866
97309: 0.999866
97310: 0.999866
97311: 0.999866
97312: 0.999866
97313: 0.999866
97314: 0.999866
97315: 0.999866
97316: 0.999866
97317: 0.999866
97318: 0.999866
97319: 0.999866
97320: 0.999866
97321: 0.999866
97322: 0.999866
97323: 0.999866
97324: 0.999866
97325: 0.999866
97326: 0.999866
97327: 0.999866
97328: 0.999866
97329: 0.999866
97330: 0.999866
97331: 0.999866
97332: 0.999866
97333: 0.999866
97334: 0.999866
97335: 0.999866
97336: 0.999866
97337: 0.999866
97338: 0.999866
97339: 0.999866
97340: 0.999866
97341: 0.999866
97342: 0.999866
97343: 0.999866
97344: 0.999866
97345: 0.999866
97346: 0.999866
97347: 0.999866
97348: 0.999866
97349: 0.999866
97350: 0.999866
97351: 0.999866
97352: 0.999866
97353: 0.999866
97354: 0.999866
97355: 0.999866
97356: 0.999866
97357: 0.999866
97358: 0.999866
97359: 0.999866
97360: 0.999866
97361: 0.999866
97362: 0.999866
97363: 0.999866
97364: 0.999866
97365: 0.999866
97366: 0.999866
97367: 0.999866
97368: 0.999866
97369: 0.999866
97370: 0.999866
97371: 0.999866
97372: 0.999866
97373: 0.999866
97374: 0.999866
97375: 0.999866
97376: 0.999866
97377: 0.999866
97378: 0.999867
97379: 0.999867
97380: 0.999867
97381: 0.999867
97382: 0.999867
97383: 0.999867
97384: 0.999867
97385: 0.999867
97386: 0.999867
97387: 0.999867
97388: 0.999867
97389: 0.999867
97390: 0.999867
97391: 0.999867
97392: 0.999867
97393: 0.999867
97394: 0.999867
97395: 0.999867
97396: 0.999867
97397: 0.999867
97398: 0.999867
97399: 0.999867
97400: 0.999867
97401: 0.999867
97402: 0.999867
97403: 0.999867
97404: 0.999867
97405: 0.999867
97406: 0.999867
97407: 0.999867
97408: 0.999867
97409: 0.999867
97410: 0.999867
97411: 0.999867
97412: 0.999867
97413: 0.999867
97414: 0.999867
97415: 0.999867
97416: 0.999867
97417: 0.999867
97418: 0.999867
97419: 0.999867
97420: 0.999867
97421: 0.999867
97422: 0.999867
97423: 0.999867
97424: 0.999867
97425: 0.999867
97426: 0.999867
97427: 0.999867
97428: 0.999867
97429: 0.999867
97430: 0.999867
97431: 0.999867
97432: 0.999867
97433: 0.999867
97434: 0.999867
97435: 0.999867
97436: 0.999867
97437: 0.999867
97438: 0.999867
97439: 0.999867
97440: 0.999867
97441: 0.999867
97442: 0.999867
97443: 0.999867
97444: 0.999867
97445: 0.999867
97446: 0.999867
97447: 0.999867
97448: 0.999867
97449: 0.999867
97450: 0.999867
97451: 0.999867
97452: 0.999867
97453: 0.999867
97454: 0.999867
97455: 0.999867
97456: 0.999867
97457: 0.999867
97458: 0.999867
97459: 0.999867
97460: 0.999867
97461: 0.999867
97462: 0.999867
97463: 0.999867
97464: 0.999867
97465: 0.999867
97466: 0.999867
97467: 0.999867
97468: 0.999867
97469: 0.999867
97470: 0.999867
97471: 0.999867
97472: 0.999867
97473: 0.999867
97474: 0.999867
97475: 0.999867
97476: 0.999867
97477: 0.999867
97478: 0.999867
97479: 0.999867
97480: 0.999867
97481: 0.999867
97482: 0.999867
97483: 0.999867
97484: 0.999867
97485: 0.999867
97486: 0.999867
97487: 0.999867
97488: 0.999867
97489: 0.999867
97490: 0.999867
97491: 0.999867
97492: 0.999867
97493: 0.999867
97494: 0.999867
97495: 0.999867
97496: 0.999867
97497: 0.999867
97498: 0.999867
97499: 0.999867
97500: 0.999867
97501: 0.999867
97502: 0.999867
97503: 0.999867
97504: 0.999867
97505: 0.999867
97506: 0.999867
97507: 0.999867
97508: 0.999867
97509: 0.999867
97510: 0.999867
97511: 0.999867
97512: 0.999867
97513: 0.999867
97514: 0.999867
97515: 0.999867
97516: 0.999867
97517: 0.999867
97518: 0.999867
97519: 0.999867
97520: 0.999867
97521: 0.999867
97522: 0.999867
97523: 0.999867
97524: 0.999867
97525: 0.999867
97526: 0.999867
97527: 0.999867
97528: 0.999867
97529: 0.999867
97530: 0.999867
97531: 0.999867
97532: 0.999867
97533: 0.999867
97534: 0.999867
97535: 0.999867
97536: 0.999867
97537: 0.999867
97538: 0.999867
97539: 0.999867
97540: 0.999867
97541: 0.999867
97542: 0.999867
97543: 0.999867
97544: 0.999867
97545: 0.999867
97546: 0.999867
97547: 0.999867
97548: 0.999867
97549: 0.999867
97550: 0.999867
97551: 0.999867
97552: 0.999867
97553: 0.999867
97554: 0.999867
97555: 0.999867
97556: 0.999867
97557: 0.999867
97558: 0.999867
97559: 0.999867
97560: 0.999867
97561: 0.999867
97562: 0.999867
97563: 0.999867
97564: 0.999867
97565: 0.999867
97566: 0.999867
97567: 0.999867
97568: 0.999867
97569: 0.999867
97570: 0.999867
97571: 0.999867
97572: 0.999867
97573: 0.999867
97574: 0.999867
97575: 0.999867
97576: 0.999867
97577: 0.999867
97578: 0.999867
97579: 0.999867
97580: 0.999867
97581: 0.999867
97582: 0.999867
97583: 0.999867
97584: 0.999867
97585: 0.999867
97586: 0.999867
97587: 0.999867
97588: 0.999867
97589: 0.999867
97590: 0.999867
97591: 0.999867
97592: 0.999867
97593: 0.999867
97594: 0.999867
97595: 0.999867
97596: 0.999867
97597: 0.999867
97598: 0.999867
97599: 0.999867
97600: 0.999867
97601: 0.999867
97602: 0.999867
97603: 0.999867
97604: 0.999867
97605: 0.999867
97606: 0.999867
97607: 0.999867
97608: 0.999867
97609: 0.999867
97610: 0.999867
97611: 0.999867
97612: 0.999867
97613: 0.999867
97614: 0.999867
97615: 0.999867
97616: 0.999867
97617: 0.999867
97618: 0.999867
97619: 0.999867
97620: 0.999867
97621: 0.999867
97622: 0.999867
97623: 0.999867
97624: 0.999867
97625: 0.999867
97626: 0.999867
97627: 0.999867
97628: 0.999867
97629: 0.999867
97630: 0.999867
97631: 0.999867
97632: 0.999867
97633: 0.999867
97634: 0.999867
97635: 0.999867
97636: 0.999867
97637: 0.999867
97638: 0.999867
97639: 0.999867
97640: 0.999867
97641: 0.999867
97642: 0.999867
97643: 0.999867
97644: 0.999867
97645: 0.999867
97646: 0.999867
97647: 0.999867
97648: 0.999867
97649: 0.999867
97650: 0.999867
97651: 0.999867
97652: 0.999867
97653: 0.999867
97654: 0.999867
97655: 0.999867
97656: 0.999867
97657: 0.999867
97658: 0.999867
97659: 0.999867
97660: 0.999867
97661: 0.999867
97662: 0.999867
97663: 0.999867
97664: 0.999867
97665: 0.999867
97666: 0.999867
97667: 0.999867
97668: 0.999867
97669: 0.999867
97670: 0.999867
97671: 0.999867
97672: 0.999867
97673: 0.999867
97674: 0.999867
97675: 0.999867
97676: 0.999867
97677: 0.999867
97678: 0.999867
97679: 0.999867
97680: 0.999867
97681: 0.999867
97682: 0.999867
97683: 0.999867
97684: 0.999867
97685: 0.999867
97686: 0.999867
97687: 0.999867
97688: 0.999867
97689: 0.999867
97690: 0.999867
97691: 0.999867
97692: 0.999867
97693: 0.999867
97694: 0.999867
97695: 0.999867
97696: 0.999867
97697: 0.999867
97698: 0.999867
97699: 0.999867
97700: 0.999867
97701: 0.999867
97702: 0.999867
97703: 0.999867
97704: 0.999867
97705: 0.999867
97706: 0.999867
97707: 0.999867
97708: 0.999867
97709: 0.999867
97710: 0.999867
97711: 0.999867
97712: 0.999867
97713: 0.999867
97714: 0.999867
97715: 0.999867
97716: 0.999867
97717: 0.999867
97718: 0.999867
97719: 0.999867
97720: 0.999867
97721: 0.999867
97722: 0.999867
97723: 0.999867
97724: 0.999867
97725: 0.999867
97726: 0.999867
97727: 0.999867
97728: 0.999867
97729: 0.999867
97730: 0.999867
97731: 0.999867
97732: 0.999867
97733: 0.999867
97734: 0.999867
97735: 0.999867
97736: 0.999867
97737: 0.999867
97738: 0.999867
97739: 0.999867
97740: 0.999867
97741: 0.999867
97742: 0.999867
97743: 0.999867
97744: 0.999867
97745: 0.999867
97746: 0.999867
97747: 0.999867
97748: 0.999867
97749: 0.999867
97750: 0.999867
97751: 0.999867
97752: 0.999867
97753: 0.999867
97754: 0.999867
97755: 0.999867
97756: 0.999867
97757: 0.999867
97758: 0.999867
97759: 0.999867
97760: 0.999867
97761: 0.999867
97762: 0.999867
97763: 0.999867
97764: 0.999867
97765: 0.999867
97766: 0.999867
97767: 0.999867
97768: 0.999867
97769: 0.999867
97770: 0.999867
97771: 0.999867
97772: 0.999867
97773: 0.999867
97774: 0.999867
97775: 0.999867
97776: 0.999867
97777: 0.999867
97778: 0.999867
97779: 0.999867
97780: 0.999867
97781: 0.999867
97782: 0.999867
97783: 0.999867
97784: 0.999867
97785: 0.999867
97786: 0.999867
97787: 0.999867
97788: 0.999867
97789: 0.999867
97790: 0.999867
97791: 0.999867
97792: 0.999867
97793: 0.999867
97794: 0.999867
97795: 0.999867
97796: 0.999867
97797: 0.999867
97798: 0.999867
97799: 0.999867
97800: 0.999867
97801: 0.999867
97802: 0.999867
97803: 0.999867
97804: 0.999867
97805: 0.999867
97806: 0.999867
97807: 0.999867
97808: 0.999867
97809: 0.999867
97810: 0.999867
97811: 0.999867
97812: 0.999867
97813: 0.999867
97814: 0.999867
97815: 0.999867
97816: 0.999867
97817: 0.999867
97818: 0.999867
97819: 0.999867
97820: 0.999867
97821: 0.999867
97822: 0.999867
97823: 0.999867
97824: 0.999867
97825: 0.999867
97826: 0.999867
97827: 0.999867
97828: 0.999867
97829: 0.999867
97830: 0.999867
97831: 0.999867
97832: 0.999867
97833: 0.999867
97834: 0.999867
97835: 0.999867
97836: 0.999867
97837: 0.999867
97838: 0.999867
97839: 0.999867
97840: 0.999867
97841: 0.999867
97842: 0.999867
97843: 0.999867
97844: 0.999867
97845: 0.999867
97846: 0.999867
97847: 0.999867
97848: 0.999867
97849: 0.999867
97850: 0.999867
97851: 0.999867
97852: 0.999867
97853: 0.999867
97854: 0.999867
97855: 0.999867
97856: 0.999867
97857: 0.999867
97858: 0.999867
97859: 0.999867
97860: 0.999867
97861: 0.999867
97862: 0.999867
97863: 0.999867
97864: 0.999867
97865: 0.999867
97866: 0.999867
97867: 0.999867
97868: 0.999867
97869: 0.999867
97870: 0.999867
97871: 0.999867
97872: 0.999867
97873: 0.999867
97874: 0.999867
97875: 0.999867
97876: 0.999867
97877: 0.999867
97878: 0.999867
97879: 0.999867
97880: 0.999867
97881: 0.999867
97882: 0.999867
97883: 0.999867
97884: 0.999867
97885: 0.999867
97886: 0.999867
97887: 0.999867
97888: 0.999867
97889: 0.999867
97890: 0.999867
97891: 0.999867
97892: 0.999867
97893: 0.999867
97894: 0.999867
97895: 0.999867
97896: 0.999867
97897: 0.999867
97898: 0.999867
97899: 0.999867
97900: 0.999867
97901: 0.999867
97902: 0.999867
97903: 0.999867
97904: 0.999867
97905: 0.999867
97906: 0.999867
97907: 0.999867
97908: 0.999867
97909: 0.999867
97910: 0.999867
97911: 0.999867
97912: 0.999867
97913: 0.999867
97914: 0.999867
97915: 0.999867
97916: 0.999867
97917: 0.999867
97918: 0.999867
97919: 0.999867
97920: 0.999867
97921: 0.999867
97922: 0.999867
97923: 0.999867
97924: 0.999867
97925: 0.999867
97926: 0.999867
97927: 0.999867
97928: 0.999867
97929: 0.999867
97930: 0.999867
97931: 0.999867
97932: 0.999867
97933: 0.999867
97934: 0.999867
97935: 0.999867
97936: 0.999867
97937: 0.999867
97938: 0.999867
97939: 0.999867
97940: 0.999867
97941: 0.999867
97942: 0.999867
97943: 0.999867
97944: 0.999867
97945: 0.999867
97946: 0.999867
97947: 0.999867
97948: 0.999867
97949: 0.999867
97950: 0.999867
97951: 0.999867
97952: 0.999867
97953: 0.999867
97954: 0.999867
97955: 0.999867
97956: 0.999867
97957: 0.999867
97958: 0.999867
97959: 0.999867
97960: 0.999867
97961: 0.999867
97962: 0.999867
97963: 0.999867
97964: 0.999867
97965: 0.999867
97966: 0.999867
97967: 0.999867
97968: 0.999867
97969: 0.999867
97970: 0.999867
97971: 0.999867
97972: 0.999867
97973: 0.999867
97974: 0.999867
97975: 0.999867
97976: 0.999867
97977: 0.999867
97978: 0.999867
97979: 0.999867
97980: 0.999867
97981: 0.999867
97982: 0.999867
97983: 0.999867
97984: 0.999867
97985: 0.999867
97986: 0.999867
97987: 0.999867
97988: 0.999867
97989: 0.999867
97990: 0.999867
97991: 0.999867
97992: 0.999867
97993: 0.999867
97994: 0.999867
97995: 0.999867
97996: 0.999867
97997: 0.999867
97998: 0.999867
97999: 0.999867
98000: 0.999867
98001: 0.999867
98002: 0.999867
98003: 0.999867
98004: 0.999867
98005: 0.999867
98006: 0.999867
98007: 0.999867
98008: 0.999867
98009: 0.999867
98010: 0.999867
98011: 0.999867
98012: 0.999867
98013: 0.999867
98014: 0.999867
98015: 0.999867
98016: 0.999867
98017: 0.999867
98018: 0.999867
98019: 0.999867
98020: 0.999867
98021: 0.999867
98022: 0.999867
98023: 0.999867
98024: 0.999867
98025: 0.999867
98026: 0.999867
98027: 0.999867
98028: 0.999867
98029: 0.999867
98030: 0.999867
98031: 0.999867
98032: 0.999867
98033: 0.999867
98034: 0.999867
98035: 0.999867
98036: 0.999867
98037: 0.999867
98038: 0.999867
98039: 0.999867
98040: 0.999867
98041: 0.999867
98042: 0.999867
98043: 0.999867
98044: 0.999867
98045: 0.999867
98046: 0.999867
98047: 0.999867
98048: 0.999867
98049: 0.999867
98050: 0.999867
98051: 0.999867
98052: 0.999867
98053: 0.999867
98054: 0.999867
98055: 0.999867
98056: 0.999867
98057: 0.999867
98058: 0.999867
98059: 0.999867
98060: 0.999867
98061: 0.999867
98062: 0.999867
98063: 0.999867
98064: 0.999867
98065: 0.999867
98066: 0.999867
98067: 0.999867
98068: 0.999867
98069: 0.999867
98070: 0.999867
98071: 0.999867
98072: 0.999867
98073: 0.999867
98074: 0.999867
98075: 0.999867
98076: 0.999867
98077: 0.999867
98078: 0.999867
98079: 0.999867
98080: 0.999867
98081: 0.999867
98082: 0.999867
98083: 0.999867
98084: 0.999867
98085: 0.999867
98086: 0.999867
98087: 0.999867
98088: 0.999867
98089: 0.999867
98090: 0.999867
98091: 0.999867
98092: 0.999867
98093: 0.999867
98094: 0.999867
98095: 0.999867
98096: 0.999867
98097: 0.999867
98098: 0.999867
98099: 0.999867
98100: 0.999867
98101: 0.999867
98102: 0.999867
98103: 0.999867
98104: 0.999867
98105: 0.999867
98106: 0.999867
98107: 0.999867
98108: 0.999867
98109: 0.999867
98110: 0.999867
98111: 0.999867
98112: 0.999867
98113: 0.999868
98114: 0.999868
98115: 0.999868
98116: 0.999868
98117: 0.999868
98118: 0.999868
98119: 0.999868
98120: 0.999868
98121: 0.999868
98122: 0.999868
98123: 0.999868
98124: 0.999868
98125: 0.999868
98126: 0.999868
98127: 0.999868
98128: 0.999868
98129: 0.999868
98130: 0.999868
98131: 0.999868
98132: 0.999868
98133: 0.999868
98134: 0.999868
98135: 0.999868
98136: 0.999868
98137: 0.999868
98138: 0.999868
98139: 0.999868
98140: 0.999868
98141: 0.999868
98142: 0.999868
98143: 0.999868
98144: 0.999868
98145: 0.999868
98146: 0.999868
98147: 0.999868
98148: 0.999868
98149: 0.999868
98150: 0.999868
98151: 0.999868
98152: 0.999868
98153: 0.999868
98154: 0.999868
98155: 0.999868
98156: 0.999868
98157: 0.999868
98158: 0.999868
98159: 0.999868
98160: 0.999868
98161: 0.999868
98162: 0.999868
98163: 0.999868
98164: 0.999868
98165: 0.999868
98166: 0.999868
98167: 0.999868
98168: 0.999868
98169: 0.999868
98170: 0.999868
98171: 0.999868
98172: 0.999868
98173: 0.999868
98174: 0.999868
98175: 0.999868
98176: 0.999868
98177: 0.999868
98178: 0.999868
98179: 0.999868
98180: 0.999868
98181: 0.999868
98182: 0.999868
98183: 0.999868
98184: 0.999868
98185: 0.999868
98186: 0.999868
98187: 0.999868
98188: 0.999868
98189: 0.999868
98190: 0.999868
98191: 0.999868
98192: 0.999868
98193: 0.999868
98194: 0.999868
98195: 0.999868
98196: 0.999868
98197: 0.999868
98198: 0.999868
98199: 0.999868
98200: 0.999868
98201: 0.999868
98202: 0.999868
98203: 0.999868
98204: 0.999868
98205: 0.999868
98206: 0.999868
98207: 0.999868
98208: 0.999868
98209: 0.999868
98210: 0.999868
98211: 0.999868
98212: 0.999868
98213: 0.999868
98214: 0.999868
98215: 0.999868
98216: 0.999868
98217: 0.999868
98218: 0.999868
98219: 0.999868
98220: 0.999868
98221: 0.999868
98222: 0.999868
98223: 0.999868
98224: 0.999868
98225: 0.999868
98226: 0.999868
98227: 0.999868
98228: 0.999868
98229: 0.999868
98230: 0.999868
98231: 0.999868
98232: 0.999868
98233: 0.999868
98234: 0.999868
98235: 0.999868
98236: 0.999868
98237: 0.999868
98238: 0.999868
98239: 0.999868
98240: 0.999868
98241: 0.999868
98242: 0.999868
98243: 0.999868
98244: 0.999868
98245: 0.999868
98246: 0.999868
98247: 0.999868
98248: 0.999868
98249: 0.999868
98250: 0.999868
98251: 0.999868
98252: 0.999868
98253: 0.999868
98254: 0.999868
98255: 0.999868
98256: 0.999868
98257: 0.999868
98258: 0.999868
98259: 0.999868
98260: 0.999868
98261: 0.999868
98262: 0.999868
98263: 0.999868
98264: 0.999868
98265: 0.999868
98266: 0.999868
98267: 0.999868
98268: 0.999868
98269: 0.999868
98270: 0.999868
98271: 0.999868
98272: 0.999868
98273: 0.999868
98274: 0.999868
98275: 0.999868
98276: 0.999868
98277: 0.999868
98278: 0.999868
98279: 0.999868
98280: 0.999868
98281: 0.999868
98282: 0.999868
98283: 0.999868
98284: 0.999868
98285: 0.999868
98286: 0.999868
98287: 0.999868
98288: 0.999868
98289: 0.999868
98290: 0.999868
98291: 0.999868
98292: 0.999868
98293: 0.999868
98294: 0.999868
98295: 0.999868
98296: 0.999868
98297: 0.999868
98298: 0.999868
98299: 0.999868
98300: 0.999868
98301: 0.999868
98302: 0.999868
98303: 0.999868
98304: 0.999868
98305: 0.999868
98306: 0.999868
98307: 0.999868
98308: 0.999868
98309: 0.999868
98310: 0.999868
98311: 0.999868
98312: 0.999868
98313: 0.999868
98314: 0.999868
98315: 0.999868
98316: 0.999868
98317: 0.999868
98318: 0.999868
98319: 0.999868
98320: 0.999868
98321: 0.999868
98322: 0.999868
98323: 0.999868
98324: 0.999868
98325: 0.999868
98326: 0.999868
98327: 0.999868
98328: 0.999868
98329: 0.999868
98330: 0.999868
98331: 0.999868
98332: 0.999868
98333: 0.999868
98334: 0.999868
98335: 0.999868
98336: 0.999868
98337: 0.999868
98338: 0.999868
98339: 0.999868
98340: 0.999868
98341: 0.999868
98342: 0.999868
98343: 0.999868
98344: 0.999868
98345: 0.999868
98346: 0.999868
98347: 0.999868
98348: 0.999868
98349: 0.999868
98350: 0.999868
98351: 0.999868
98352: 0.999868
98353: 0.999868
98354: 0.999868
98355: 0.999868
98356: 0.999868
98357: 0.999868
98358: 0.999868
98359: 0.999868
98360: 0.999868
98361: 0.999868
98362: 0.999868
98363: 0.999868
98364: 0.999868
98365: 0.999868
98366: 0.999868
98367: 0.999868
98368: 0.999868
98369: 0.999868
98370: 0.999868
98371: 0.999868
98372: 0.999868
98373: 0.999868
98374: 0.999868
98375: 0.999868
98376: 0.999868
98377: 0.999868
98378: 0.999868
98379: 0.999868
98380: 0.999868
98381: 0.999868
98382: 0.999868
98383: 0.999868
98384: 0.999868
98385: 0.999868
98386: 0.999868
98387: 0.999868
98388: 0.999868
98389: 0.999868
98390: 0.999868
98391: 0.999868
98392: 0.999868
98393: 0.999868
98394: 0.999868
98395: 0.999868
98396: 0.999868
98397: 0.999868
98398: 0.999868
98399: 0.999868
98400: 0.999868
98401: 0.999868
98402: 0.999868
98403: 0.999868
98404: 0.999868
98405: 0.999868
98406: 0.999868
98407: 0.999868
98408: 0.999868
98409: 0.999868
98410: 0.999868
98411: 0.999868
98412: 0.999868
98413: 0.999868
98414: 0.999868
98415: 0.999868
98416: 0.999868
98417: 0.999868
98418: 0.999868
98419: 0.999868
98420: 0.999868
98421: 0.999868
98422: 0.999868
98423: 0.999868
98424: 0.999868
98425: 0.999868
98426: 0.999868
98427: 0.999868
98428: 0.999868
98429: 0.999868
98430: 0.999868
98431: 0.999868
98432: 0.999868
98433: 0.999868
98434: 0.999868
98435: 0.999868
98436: 0.999868
98437: 0.999868
98438: 0.999868
98439: 0.999868
98440: 0.999868
98441: 0.999868
98442: 0.999868
98443: 0.999868
98444: 0.999868
98445: 0.999868
98446: 0.999868
98447: 0.999868
98448: 0.999868
98449: 0.999868
98450: 0.999868
98451: 0.999868
98452: 0.999868
98453: 0.999868
98454: 0.999868
98455: 0.999868
98456: 0.999868
98457: 0.999868
98458: 0.999868
98459: 0.999868
98460: 0.999868
98461: 0.999868
98462: 0.999868
98463: 0.999868
98464: 0.999868
98465: 0.999868
98466: 0.999868
98467: 0.999868
98468: 0.999868
98469: 0.999868
98470: 0.999868
98471: 0.999868
98472: 0.999868
98473: 0.999868
98474: 0.999868
98475: 0.999868
98476: 0.999868
98477: 0.999868
98478: 0.999868
98479: 0.999868
98480: 0.999868
98481: 0.999868
98482: 0.999868
98483: 0.999868
98484: 0.999868
98485: 0.999868
98486: 0.999868
98487: 0.999868
98488: 0.999868
98489: 0.999868
98490: 0.999868
98491: 0.999868
98492: 0.999868
98493: 0.999868
98494: 0.999868
98495: 0.999868
98496: 0.999868
98497: 0.999868
98498: 0.999868
98499: 0.999868
98500: 0.999868
98501: 0.999868
98502: 0.999868
98503: 0.999868
98504: 0.999868
98505: 0.999868
98506: 0.999868
98507: 0.999868
98508: 0.999868
98509: 0.999868
98510: 0.999868
98511: 0.999868
98512: 0.999868
98513: 0.999868
98514: 0.999868
98515: 0.999868
98516: 0.999868
98517: 0.999868
98518: 0.999868
98519: 0.999868
98520: 0.999868
98521: 0.999868
98522: 0.999868
98523: 0.999868
98524: 0.999868
98525: 0.999868
98526: 0.999868
98527: 0.999868
98528: 0.999868
98529: 0.999868
98530: 0.999868
98531: 0.999868
98532: 0.999868
98533: 0.999868
98534: 0.999868
98535: 0.999868
98536: 0.999868
98537: 0.999868
98538: 0.999868
98539: 0.999868
98540: 0.999868
98541: 0.999868
98542: 0.999868
98543: 0.999868
98544: 0.999868
98545: 0.999868
98546: 0.999868
98547: 0.999868
98548: 0.999868
98549: 0.999868
98550: 0.999868
98551: 0.999868
98552: 0.999868
98553: 0.999868
98554: 0.999868
98555: 0.999868
98556: 0.999868
98557: 0.999868
98558: 0.999868
98559: 0.999868
98560: 0.999868
98561: 0.999868
98562: 0.999868
98563: 0.999868
98564: 0.999868
98565: 0.999868
98566: 0.999868
98567: 0.999868
98568: 0.999868
98569: 0.999868
98570: 0.999868
98571: 0.999868
98572: 0.999868
98573: 0.999868
98574: 0.999868
98575: 0.999868
98576: 0.999868
98577: 0.999868
98578: 0.999868
98579: 0.999868
98580: 0.999868
98581: 0.999868
98582: 0.999868
98583: 0.999868
98584: 0.999868
98585: 0.999868
98586: 0.999868
98587: 0.999868
98588: 0.999868
98589: 0.999868
98590: 0.999868
98591: 0.999868
98592: 0.999868
98593: 0.999868
98594: 0.999868
98595: 0.999868
98596: 0.999868
98597: 0.999868
98598: 0.999868
98599: 0.999868
98600: 0.999868
98601: 0.999868
98602: 0.999868
98603: 0.999868
98604: 0.999868
98605: 0.999868
98606: 0.999868
98607: 0.999868
98608: 0.999868
98609: 0.999868
98610: 0.999868
98611: 0.999868
98612: 0.999868
98613: 0.999868
98614: 0.999868
98615: 0.999868
98616: 0.999868
98617: 0.999868
98618: 0.999868
98619: 0.999868
98620: 0.999868
98621: 0.999868
98622: 0.999868
98623: 0.999868
98624: 0.999868
98625: 0.999868
98626: 0.999868
98627: 0.999868
98628: 0.999868
98629: 0.999868
98630: 0.999868
98631: 0.999868
98632: 0.999868
98633: 0.999868
98634: 0.999868
98635: 0.999868
98636: 0.999868
98637: 0.999868
98638: 0.999868
98639: 0.999868
98640: 0.999868
98641: 0.999868
98642: 0.999868
98643: 0.999868
98644: 0.999868
98645: 0.999868
98646: 0.999868
98647: 0.999868
98648: 0.999868
98649: 0.999868
98650: 0.999868
98651: 0.999868
98652: 0.999868
98653: 0.999868
98654: 0.999868
98655: 0.999868
98656: 0.999868
98657: 0.999868
98658: 0.999868
98659: 0.999868
98660: 0.999868
98661: 0.999868
98662: 0.999868
98663: 0.999868
98664: 0.999868
98665: 0.999868
98666: 0.999868
98667: 0.999868
98668: 0.999868
98669: 0.999868
98670: 0.999868
98671: 0.999868
98672: 0.999868
98673: 0.999868
98674: 0.999868
98675: 0.999868
98676: 0.999868
98677: 0.999868
98678: 0.999868
98679: 0.999868
98680: 0.999868
98681: 0.999868
98682: 0.999868
98683: 0.999868
98684: 0.999868
98685: 0.999868
98686: 0.999868
98687: 0.999868
98688: 0.999868
98689: 0.999868
98690: 0.999868
98691: 0.999868
98692: 0.999868
98693: 0.999868
98694: 0.999868
98695: 0.999868
98696: 0.999868
98697: 0.999868
98698: 0.999868
98699: 0.999868
98700: 0.999868
98701: 0.999868
98702: 0.999868
98703: 0.999868
98704: 0.999868
98705: 0.999868
98706: 0.999868
98707: 0.999868
98708: 0.999868
98709: 0.999868
98710: 0.999868
98711: 0.999868
98712: 0.999868
98713: 0.999868
98714: 0.999868
98715: 0.999868
98716: 0.999868
98717: 0.999868
98718: 0.999868
98719: 0.999868
98720: 0.999868
98721: 0.999868
98722: 0.999868
98723: 0.999868
98724: 0.999868
98725: 0.999868
98726: 0.999868
98727: 0.999868
98728: 0.999868
98729: 0.999868
98730: 0.999868
98731: 0.999868
98732: 0.999868
98733: 0.999868
98734: 0.999868
98735: 0.999868
98736: 0.999868
98737: 0.999868
98738: 0.999868
98739: 0.999868
98740: 0.999868
98741: 0.999868
98742: 0.999868
98743: 0.999868
98744: 0.999868
98745: 0.999868
98746: 0.999868
98747: 0.999868
98748: 0.999868
98749: 0.999868
98750: 0.999868
98751: 0.999868
98752: 0.999868
98753: 0.999868
98754: 0.999868
98755: 0.999868
98756: 0.999868
98757: 0.999868
98758: 0.999868
98759: 0.999868
98760: 0.999868
98761: 0.999868
98762: 0.999868
98763: 0.999868
98764: 0.999868
98765: 0.999868
98766: 0.999868
98767: 0.999868
98768: 0.999868
98769: 0.999868
98770: 0.999868
98771: 0.999868
98772: 0.999868
98773: 0.999868
98774: 0.999868
98775: 0.999868
98776: 0.999868
98777: 0.999868
98778: 0.999868
98779: 0.999868
98780: 0.999868
98781: 0.999868
98782: 0.999868
98783: 0.999868
98784: 0.999868
98785: 0.999868
98786: 0.999868
98787: 0.999868
98788: 0.999868
98789: 0.999868
98790: 0.999868
98791: 0.999868
98792: 0.999868
98793: 0.999868
98794: 0.999868
98795: 0.999868
98796: 0.999868
98797: 0.999868
98798: 0.999868
98799: 0.999868
98800: 0.999868
98801: 0.999868
98802: 0.999868
98803: 0.999868
98804: 0.999868
98805: 0.999868
98806: 0.999868
98807: 0.999868
98808: 0.999868
98809: 0.999868
98810: 0.999868
98811: 0.999868
98812: 0.999868
98813: 0.999868
98814: 0.999868
98815: 0.999868
98816: 0.999868
98817: 0.999868
98818: 0.999868
98819: 0.999868
98820: 0.999868
98821: 0.999868
98822: 0.999868
98823: 0.999868
98824: 0.999868
98825: 0.999868
98826: 0.999868
98827: 0.999868
98828: 0.999868
98829: 0.999868
98830: 0.999868
98831: 0.999868
98832: 0.999868
98833: 0.999868
98834: 0.999868
98835: 0.999868
98836: 0.999868
98837: 0.999868
98838: 0.999868
98839: 0.999868
98840: 0.999868
98841: 0.999868
98842: 0.999868
98843: 0.999868
98844: 0.999868
98845: 0.999868
98846: 0.999868
98847: 0.999868
98848: 0.999868
98849: 0.999868
98850: 0.999868
98851: 0.999868
98852: 0.999868
98853: 0.999868
98854: 0.999868
98855: 0.999868
98856: 0.999868
98857: 0.999868
98858: 0.999868
98859: 0.999869
98860: 0.999869
98861: 0.999869
98862: 0.999869
98863: 0.999869
98864: 0.999869
98865: 0.999869
98866: 0.999869
98867: 0.999869
98868: 0.999869
98869: 0.999869
98870: 0.999869
98871: 0.999869
98872: 0.999869
98873: 0.999869
98874: 0.999869
98875: 0.999869
98876: 0.999869
98877: 0.999869
98878: 0.999869
98879: 0.999869
98880: 0.999869
98881: 0.999869
98882: 0.999869
98883: 0.999869
98884: 0.999869
98885: 0.999869
98886: 0.999869
98887: 0.999869
98888: 0.999869
98889: 0.999869
98890: 0.999869
98891: 0.999869
98892: 0.999869
98893: 0.999869
98894: 0.999869
98895: 0.999869
98896: 0.999869
98897: 0.999869
98898: 0.999869
98899: 0.999869
98900: 0.999869
98901: 0.999869
98902: 0.999869
98903: 0.999869
98904: 0.999869
98905: 0.999869
98906: 0.999869
98907: 0.999869
98908: 0.999869
98909: 0.999869
98910: 0.999869
98911: 0.999869
98912: 0.999869
98913: 0.999869
98914: 0.999869
98915: 0.999869
98916: 0.999869
98917: 0.999869
98918: 0.999869
98919: 0.999869
98920: 0.999869
98921: 0.999869
98922: 0.999869
98923: 0.999869
98924: 0.999869
98925: 0.999869
98926: 0.999869
98927: 0.999869
98928: 0.999869
98929: 0.999869
98930: 0.999869
98931: 0.999869
98932: 0.999869
98933: 0.999869
98934: 0.999869
98935: 0.999869
98936: 0.999869
98937: 0.999869
98938: 0.999869
98939: 0.999869
98940: 0.999869
98941: 0.999869
98942: 0.999869
98943: 0.999869
98944: 0.999869
98945: 0.999869
98946: 0.999869
98947: 0.999869
98948: 0.999869
98949: 0.999869
98950: 0.999869
98951: 0.999869
98952: 0.999869
98953: 0.999869
98954: 0.999869
98955: 0.999869
98956: 0.999869
98957: 0.999869
98958: 0.999869
98959: 0.999869
98960: 0.999869
98961: 0.999869
98962: 0.999869
98963: 0.999869
98964: 0.999869
98965: 0.999869
98966: 0.999869
98967: 0.999869
98968: 0.999869
98969: 0.999869
98970: 0.999869
98971: 0.999869
98972: 0.999869
98973: 0.999869
98974: 0.999869
98975: 0.999869
98976: 0.999869
98977: 0.999869
98978: 0.999869
98979: 0.999869
98980: 0.999869
98981: 0.999869
98982: 0.999869
98983: 0.999869
98984: 0.999869
98985: 0.999869
98986: 0.999869
98987: 0.999869
98988: 0.999869
98989: 0.999869
98990: 0.999869
98991: 0.999869
98992: 0.999869
98993: 0.999869
98994: 0.999869
98995: 0.999869
98996: 0.999869
98997: 0.999869
98998: 0.999869
98999: 0.999869
99000: 0.999869
99001: 0.999869
99002: 0.999869
99003: 0.999869
99004: 0.999869
99005: 0.999869
99006: 0.999869
99007: 0.999869
99008: 0.999869
99009: 0.999869
99010: 0.999869
99011: 0.999869
99012: 0.999869
99013: 0.999869
99014: 0.999869
99015: 0.999869
99016: 0.999869
99017: 0.999869
99018: 0.999869
99019: 0.999869
99020: 0.999869
99021: 0.999869
99022: 0.999869
99023: 0.999869
99024: 0.999869
99025: 0.999869
99026: 0.999869
99027: 0.999869
99028: 0.999869
99029: 0.999869
99030: 0.999869
99031: 0.999869
99032: 0.999869
99033: 0.999869
99034: 0.999869
99035: 0.999869
99036: 0.999869
99037: 0.999869
99038: 0.999869
99039: 0.999869
99040: 0.999869
99041: 0.999869
99042: 0.999869
99043: 0.999869
99044: 0.999869
99045: 0.999869
99046: 0.999869
99047: 0.999869
99048: 0.999869
99049: 0.999869
99050: 0.999869
99051: 0.999869
99052: 0.999869
99053: 0.999869
99054: 0.999869
99055: 0.999869
99056: 0.999869
99057: 0.999869
99058: 0.999869
99059: 0.999869
99060: 0.999869
99061: 0.999869
99062: 0.999869
99063: 0.999869
99064: 0.999869
99065: 0.999869
99066: 0.999869
99067: 0.999869
99068: 0.999869
99069: 0.999869
99070: 0.999869
99071: 0.999869
99072: 0.999869
99073: 0.999869
99074: 0.999869
99075: 0.999869
99076: 0.999869
99077: 0.999869
99078: 0.999869
99079: 0.999869
99080: 0.999869
99081: 0.999869
99082: 0.999869
99083: 0.999869
99084: 0.999869
99085: 0.999869
99086: 0.999869
99087: 0.999869
99088: 0.999869
99089: 0.999869
99090: 0.999869
99091: 0.999869
99092: 0.999869
99093: 0.999869
99094: 0.999869
99095: 0.999869
99096: 0.999869
99097: 0.999869
99098: 0.999869
99099: 0.999869
99100: 0.999869
99101: 0.999869
99102: 0.999869
99103: 0.999869
99104: 0.999869
99105: 0.999869
99106: 0.999869
99107: 0.999869
99108: 0.999869
99109: 0.999869
99110: 0.999869
99111: 0.999869
99112: 0.999869
99113: 0.999869
99114: 0.999869
99115: 0.999869
99116: 0.999869
99117: 0.999869
99118: 0.999869
99119: 0.999869
99120: 0.999869
99121: 0.999869
99122: 0.999869
99123: 0.999869
99124: 0.999869
99125: 0.999869
99126: 0.999869
99127: 0.999869
99128: 0.999869
99129: 0.999869
99130: 0.999869
99131: 0.999869
99132: 0.999869
99133: 0.999869
99134: 0.999869
99135: 0.999869
99136: 0.999869
99137: 0.999869
99138: 0.999869
99139: 0.999869
99140: 0.999869
99141: 0.999869
99142: 0.999869
99143: 0.999869
99144: 0.999869
99145: 0.999869
99146: 0.999869
99147: 0.999869
99148: 0.999869
99149: 0.999869
99150: 0.999869
99151: 0.999869
99152: 0.999869
99153: 0.999869
99154: 0.999869
99155: 0.999869
99156: 0.999869
99157: 0.999869
99158: 0.999869
99159: 0.999869
99160: 0.999869
99161: 0.999869
99162: 0.999869
99163: 0.999869
99164: 0.999869
99165: 0.999869
99166: 0.999869
99167: 0.999869
99168: 0.999869
99169: 0.999869
99170: 0.999869
99171: 0.999869
99172: 0.999869
99173: 0.999869
99174: 0.999869
99175: 0.999869
99176: 0.999869
99177: 0.999869
99178: 0.999869
99179: 0.999869
99180: 0.999869
99181: 0.999869
99182: 0.999869
99183: 0.999869
99184: 0.999869
99185: 0.999869
99186: 0.999869
99187: 0.999869
99188: 0.999869
99189: 0.999869
99190: 0.999869
99191: 0.999869
99192: 0.999869
99193: 0.999869
99194: 0.999869
99195: 0.999869
99196: 0.999869
99197: 0.999869
99198: 0.999869
99199: 0.999869
99200: 0.999869
99201: 0.999869
99202: 0.999869
99203: 0.999869
99204: 0.999869
99205: 0.999869
99206: 0.999869
99207: 0.999869
99208: 0.999869
99209: 0.999869
99210: 0.999869
99211: 0.999869
99212: 0.999869
99213: 0.999869
99214: 0.999869
99215: 0.999869
99216: 0.999869
99217: 0.999869
99218: 0.999869
99219: 0.999869
99220: 0.999869
99221: 0.999869
99222: 0.999869
99223: 0.999869
99224: 0.999869
99225: 0.999869
99226: 0.999869
99227: 0.999869
99228: 0.999869
99229: 0.999869
99230: 0.999869
99231: 0.999869
99232: 0.999869
99233: 0.999869
99234: 0.999869
99235: 0.999869
99236: 0.999869
99237: 0.999869
99238: 0.999869
99239: 0.999869
99240: 0.999869
99241: 0.999869
99242: 0.999869
99243: 0.999869
99244: 0.999869
99245: 0.999869
99246: 0.999869
99247: 0.999869
99248: 0.999869
99249: 0.999869
99250: 0.999869
99251: 0.999869
99252: 0.999869
99253: 0.999869
99254: 0.999869
99255: 0.999869
99256: 0.999869
99257: 0.999869
99258: 0.999869
99259: 0.999869
99260: 0.999869
99261: 0.999869
99262: 0.999869
99263: 0.999869
99264: 0.999869
99265: 0.999869
99266: 0.999869
99267: 0.999869
99268: 0.999869
99269: 0.999869
99270: 0.999869
99271: 0.999869
99272: 0.999869
99273: 0.999869
99274: 0.999869
99275: 0.999869
99276: 0.999869
99277: 0.999869
99278: 0.999869
99279: 0.999869
99280: 0.999869
99281: 0.999869
99282: 0.999869
99283: 0.999869
99284: 0.999869
99285: 0.999869
99286: 0.999869
99287: 0.999869
99288: 0.999869
99289: 0.999869
99290: 0.999869
99291: 0.999869
99292: 0.999869
99293: 0.999869
99294: 0.999869
99295: 0.999869
99296: 0.999869
99297: 0.999869
99298: 0.999869
99299: 0.999869
99300: 0.999869
99301: 0.999869
99302: 0.999869
99303: 0.999869
99304: 0.999869
99305: 0.999869
99306: 0.999869
99307: 0.999869
99308: 0.999869
99309: 0.999869
99310: 0.999869
99311: 0.999869
99312: 0.999869
99313: 0.999869
99314: 0.999869
99315: 0.999869
99316: 0.999869
99317: 0.999869
99318: 0.999869
99319: 0.999869
99320: 0.999869
99321: 0.999869
99322: 0.999869
99323: 0.999869
99324: 0.999869
99325: 0.999869
99326: 0.999869
99327: 0.999869
99328: 0.999869
99329: 0.999869
99330: 0.999869
99331: 0.999869
99332: 0.999869
99333: 0.999869
99334: 0.999869
99335: 0.999869
99336: 0.999869
99337: 0.999869
99338: 0.999869
99339: 0.999869
99340: 0.999869
99341: 0.999869
99342: 0.999869
99343: 0.999869
99344: 0.999869
99345: 0.999869
99346: 0.999869
99347: 0.999869
99348: 0.999869
99349: 0.999869
99350: 0.999869
99351: 0.999869
99352: 0.999869
99353: 0.999869
99354: 0.999869
99355: 0.999869
99356: 0.999869
99357: 0.999869
99358: 0.999869
99359: 0.999869
99360: 0.999869
99361: 0.999869
99362: 0.999869
99363: 0.999869
99364: 0.999869
99365: 0.999869
99366: 0.999869
99367: 0.999869
99368: 0.999869
99369: 0.999869
99370: 0.999869
99371: 0.999869
99372: 0.999869
99373: 0.999869
99374: 0.999869
99375: 0.999869
99376: 0.999869
99377: 0.999869
99378: 0.999869
99379: 0.999869
99380: 0.999869
99381: 0.999869
99382: 0.999869
99383: 0.999869
99384: 0.999869
99385: 0.999869
99386: 0.999869
99387: 0.999869
99388: 0.999869
99389: 0.999869
99390: 0.999869
99391: 0.999869
99392: 0.999869
99393: 0.999869
99394: 0.999869
99395: 0.999869
99396: 0.999869
99397: 0.999869
99398: 0.999869
99399: 0.999869
99400: 0.999869
99401: 0.999869
99402: 0.999869
99403: 0.999869
99404: 0.999869
99405: 0.999869
99406: 0.999869
99407: 0.999869
99408: 0.999869
99409: 0.999869
99410: 0.999869
99411: 0.999869
99412: 0.999869
99413: 0.999869
99414: 0.999869
99415: 0.999869
99416: 0.999869
99417: 0.999869
99418: 0.999869
99419: 0.999869
99420: 0.999869
99421: 0.999869
99422: 0.999869
99423: 0.999869
99424: 0.999869
99425: 0.999869
99426: 0.999869
99427: 0.999869
99428: 0.999869
99429: 0.999869
99430: 0.999869
99431: 0.999869
99432: 0.999869
99433: 0.999869
99434: 0.999869
99435: 0.999869
99436: 0.999869
99437: 0.999869
99438: 0.999869
99439: 0.999869
99440: 0.999869
99441: 0.999869
99442: 0.999869
99443: 0.999869
99444: 0.999869
99445: 0.999869
99446: 0.999869
99447: 0.999869
99448: 0.999869
99449: 0.999869
99450: 0.999869
99451: 0.999869
99452: 0.999869
99453: 0.999869
99454: 0.999869
99455: 0.999869
99456: 0.999869
99457: 0.999869
99458: 0.999869
99459: 0.999869
99460: 0.999869
99461: 0.999869
99462: 0.999869
99463: 0.999869
99464: 0.999869
99465: 0.999869
99466: 0.999869
99467: 0.999869
99468: 0.999869
99469: 0.999869
99470: 0.999869
99471: 0.999869
99472: 0.999869
99473: 0.999869
99474: 0.999869
99475: 0.999869
99476: 0.999869
99477: 0.999869
99478: 0.999869
99479: 0.999869
99480: 0.999869
99481: 0.999869
99482: 0.999869
99483: 0.999869
99484: 0.999869
99485: 0.999869
99486: 0.999869
99487: 0.999869
99488: 0.999869
99489: 0.999869
99490: 0.999869
99491: 0.999869
99492: 0.999869
99493: 0.999869
99494: 0.999869
99495: 0.999869
99496: 0.999869
99497: 0.999869
99498: 0.999869
99499: 0.999869
99500: 0.999869
99501: 0.999869
99502: 0.999869
99503: 0.999869
99504: 0.999869
99505: 0.999869
99506: 0.999869
99507: 0.999869
99508: 0.999869
99509: 0.999869
99510: 0.999869
99511: 0.999869
99512: 0.999869
99513: 0.999869
99514: 0.999869
99515: 0.999869
99516: 0.999869
99517: 0.999869
99518: 0.999869
99519: 0.999869
99520: 0.999869
99521: 0.999869
99522: 0.999869
99523: 0.999869
99524: 0.999869
99525: 0.999869
99526: 0.999869
99527: 0.999869
99528: 0.999869
99529: 0.999869
99530: 0.999869
99531: 0.999869
99532: 0.999869
99533: 0.999869
99534: 0.999869
99535: 0.999869
99536: 0.999869
99537: 0.999869
99538: 0.999869
99539: 0.999869
99540: 0.999869
99541: 0.999869
99542: 0.999869
99543: 0.999869
99544: 0.999869
99545: 0.999869
99546: 0.999869
99547: 0.999869
99548: 0.999869
99549: 0.999869
99550: 0.999869
99551: 0.999869
99552: 0.999869
99553: 0.999869
99554: 0.999869
99555: 0.999869
99556: 0.999869
99557: 0.999869
99558: 0.999869
99559: 0.999869
99560: 0.999869
99561: 0.999869
99562: 0.999869
99563: 0.999869
99564: 0.999869
99565: 0.999869
99566: 0.999869
99567: 0.999869
99568: 0.999869
99569: 0.999869
99570: 0.999869
99571: 0.999869
99572: 0.999869
99573: 0.999869
99574: 0.999869
99575: 0.999869
99576: 0.999869
99577: 0.999869
99578: 0.999869
99579: 0.999869
99580: 0.999869
99581: 0.999869
99582: 0.999869
99583: 0.999869
99584: 0.999869
99585: 0.999869
99586: 0.999869
99587: 0.999869
99588: 0.999869
99589: 0.999869
99590: 0.999869
99591: 0.999869
99592: 0.999869
99593: 0.999869
99594: 0.999869
99595: 0.999869
99596: 0.999869
99597: 0.999869
99598: 0.999869
99599: 0.999869
99600: 0.999869
99601: 0.999869
99602: 0.999869
99603: 0.999869
99604: 0.999869
99605: 0.999869
99606: 0.999869
99607: 0.999869
99608: 0.999869
99609: 0.999869
99610: 0.999869
99611: 0.999869
99612: 0.999869
99613: 0.999869
99614: 0.999869
99615: 0.999869
99616: 0.99987
99617: 0.99987
99618: 0.99987
99619: 0.99987
99620: 0.99987
99621: 0.99987
99622: 0.99987
99623: 0.99987
99624: 0.99987
99625: 0.99987
99626: 0.99987
99627: 0.99987
99628: 0.99987
99629: 0.99987
99630: 0.99987
99631: 0.99987
99632: 0.99987
99633: 0.99987
99634: 0.99987
99635: 0.99987
99636: 0.99987
99637: 0.99987
99638: 0.99987
99639: 0.99987
99640: 0.99987
99641: 0.99987
99642: 0.99987
99643: 0.99987
99644: 0.99987
99645: 0.99987
99646: 0.99987
99647: 0.99987
99648: 0.99987
99649: 0.99987
99650: 0.99987
99651: 0.99987
99652: 0.99987
99653: 0.99987
99654: 0.99987
99655: 0.99987
99656: 0.99987
99657: 0.99987
99658: 0.99987
99659: 0.99987
99660: 0.99987
99661: 0.99987
99662: 0.99987
99663: 0.99987
99664: 0.99987
99665: 0.99987
99666: 0.99987
99667: 0.99987
99668: 0.99987
99669: 0.99987
99670: 0.99987
99671: 0.99987
99672: 0.99987
99673: 0.99987
99674: 0.99987
99675: 0.99987
99676: 0.99987
99677: 0.99987
99678: 0.99987
99679: 0.99987
99680: 0.99987
99681: 0.99987
99682: 0.99987
99683: 0.99987
99684: 0.99987
99685: 0.99987
99686: 0.99987
99687: 0.99987
99688: 0.99987
99689: 0.99987
99690: 0.99987
99691: 0.99987
99692: 0.99987
99693: 0.99987
99694: 0.99987
99695: 0.99987
99696: 0.99987
99697: 0.99987
99698: 0.99987
99699: 0.99987
99700: 0.99987
99701: 0.99987
99702: 0.99987
99703: 0.99987
99704: 0.99987
99705: 0.99987
99706: 0.99987
99707: 0.99987
99708: 0.99987
99709: 0.99987
99710: 0.99987
99711: 0.99987
99712: 0.99987
99713: 0.99987
99714: 0.99987
99715: 0.99987
99716: 0.99987
99717: 0.99987
99718: 0.99987
99719: 0.99987
99720: 0.99987
99721: 0.99987
99722: 0.99987
99723: 0.99987
99724: 0.99987
99725: 0.99987
99726: 0.99987
99727: 0.99987
99728: 0.99987
99729: 0.99987
99730: 0.99987
99731: 0.99987
99732: 0.99987
99733: 0.99987
99734: 0.99987
99735: 0.99987
99736: 0.99987
99737: 0.99987
99738: 0.99987
99739: 0.99987
99740: 0.99987
99741: 0.99987
99742: 0.99987
99743: 0.99987
99744: 0.99987
99745: 0.99987
99746: 0.99987
99747: 0.99987
99748: 0.99987
99749: 0.99987
99750: 0.99987
99751: 0.99987
99752: 0.99987
99753: 0.99987
99754: 0.99987
99755: 0.99987
99756: 0.99987
99757: 0.99987
99758: 0.99987
99759: 0.99987
99760: 0.99987
99761: 0.99987
99762: 0.99987
99763: 0.99987
99764: 0.99987
99765: 0.99987
99766: 0.99987
99767: 0.99987
99768: 0.99987
99769: 0.99987
99770: 0.99987
99771: 0.99987
99772: 0.99987
99773: 0.99987
99774: 0.99987
99775: 0.99987
99776: 0.99987
99777: 0.99987
99778: 0.99987
99779: 0.99987
99780: 0.99987
99781: 0.99987
99782: 0.99987
99783: 0.99987
99784: 0.99987
99785: 0.99987
99786: 0.99987
99787: 0.99987
99788: 0.99987
99789: 0.99987
99790: 0.99987
99791: 0.99987
99792: 0.99987
99793: 0.99987
99794: 0.99987
99795: 0.99987
99796: 0.99987
99797: 0.99987
99798: 0.99987
99799: 0.99987
99800: 0.99987
99801: 0.99987
99802: 0.99987
99803: 0.99987
99804: 0.99987
99805: 0.99987
99806: 0.99987
99807: 0.99987
99808: 0.99987
99809: 0.99987
99810: 0.99987
99811: 0.99987
99812: 0.99987
99813: 0.99987
99814: 0.99987
99815: 0.99987
99816: 0.99987
99817: 0.99987
99818: 0.99987
99819: 0.99987
99820: 0.99987
99821: 0.99987
99822: 0.99987
99823: 0.99987
99824: 0.99987
99825: 0.99987
99826: 0.99987
99827: 0.99987
99828: 0.99987
99829: 0.99987
99830: 0.99987
99831: 0.99987
99832: 0.99987
99833: 0.99987
99834: 0.99987
99835: 0.99987
99836: 0.99987
99837: 0.99987
99838: 0.99987
99839: 0.99987
99840: 0.99987
99841: 0.99987
99842: 0.99987
99843: 0.99987
99844: 0.99987
99845: 0.99987
99846: 0.99987
99847: 0.99987
99848: 0.99987
99849: 0.99987
99850: 0.99987
99851: 0.99987
99852: 0.99987
99853: 0.99987
99854: 0.99987
99855: 0.99987
99856: 0.99987
99857: 0.99987
99858: 0.99987
99859: 0.99987
99860: 0.99987
99861: 0.99987
99862: 0.99987
99863: 0.99987
99864: 0.99987
99865: 0.99987
99866: 0.99987
99867: 0.99987
99868: 0.99987
99869: 0.99987
99870: 0.99987
99871: 0.99987
99872: 0.99987
99873: 0.99987
99874: 0.99987
99875: 0.99987
99876: 0.99987
99877: 0.99987
99878: 0.99987
99879: 0.99987
99880: 0.99987
99881: 0.99987
99882: 0.99987
99883: 0.99987
99884: 0.99987
99885: 0.99987
99886: 0.99987
99887: 0.99987
99888: 0.99987
99889: 0.99987
99890: 0.99987
99891: 0.99987
99892: 0.99987
99893: 0.99987
99894: 0.99987
99895: 0.99987
99896: 0.99987
99897: 0.99987
99898: 0.99987
99899: 0.99987
99900: 0.99987
99901: 0.99987
99902: 0.99987
99903: 0.99987
99904: 0.99987
99905: 0.99987
99906: 0.99987
99907: 0.99987
99908: 0.99987
99909: 0.99987
99910: 0.99987
99911: 0.99987
99912: 0.99987
99913: 0.99987
99914: 0.99987
99915: 0.99987
99916: 0.99987
99917: 0.99987
99918: 0.99987
99919: 0.99987
99920: 0.99987
99921: 0.99987
99922: 0.99987
99923: 0.99987
99924: 0.99987
99925: 0.99987
99926: 0.99987
99927: 0.99987
99928: 0.99987
99929: 0.99987
99930: 0.99987
99931: 0.99987
99932: 0.99987
99933: 0.99987
99934: 0.99987
99935: 0.99987
99936: 0.99987
99937: 0.99987
99938: 0.99987
99939: 0.99987
99940: 0.99987
99941: 0.99987
99942: 0.99987
99943: 0.99987
99944: 0.99987
99945: 0.99987
99946: 0.99987
99947: 0.99987
99948: 0.99987
99949: 0.99987
99950: 0.99987
99951: 0.99987
99952: 0.99987
99953: 0.99987
99954: 0.99987
99955: 0.99987
99956: 0.99987
99957: 0.99987
99958: 0.99987
99959: 0.99987
99960: 0.99987
99961: 0.99987
99962: 0.99987
99963: 0.99987
99964: 0.99987
99965: 0.99987
99966: 0.99987
99967: 0.99987
99968: 0.99987
99969: 0.99987
99970: 0.99987
99971: 0.99987
99972: 0.99987
99973: 0.99987
99974: 0.99987
99975: 0.99987
99976: 0.99987
99977: 0.99987
99978: 0.99987
99979: 0.99987
99980: 0.99987
99981: 0.99987
99982: 0.99987
99983: 0.99987
99984: 0.99987
99985: 0.99987
99986: 0.99987
99987: 0.99987
99988: 0.99987
99989: 0.99987
99990: 0.99987
99991: 0.99987
99992: 0.99987
99993: 0.99987
99994: 0.99987
99995: 0.99987
99996: 0.99987
99997: 0.99987
99998: 0.99987
99999: 0.99987
