0: 0
1: 0.5
2: 0.666667
3: 0.75
4: 0.8
5: 0.833333
6: 0.857143
7: 0.875
8: 0.888889
9: 0.9
10: 0.909091
11: 0.916667
12: 0.923077
13: 0.928571
14: 0.933333
15: 0.9375
16: 0.941176
17: 0.944444
18: 0.947368
19: 0.95
20: 0.952381
21: 0.954545
22: 0.956522
23: 0.958333
24: 0.96
25: 0.961538
26: 0.962963
27: 0.964286
28: 0.965517
29: 0.966667
30: 0.967742
31: 0.96875
32: 0.969697
33: 0.970588
34: 0.971429
35: 0.972222
36: 0.972973
37: 0.973684
38: 0.974359
39: 0.975
40: 0.97561
41: 0.97619
42: 0.976744
43: 0.977273
44: 0.977778
45: 0.978261
46: 0.978723
47: 0.979167
48: 0.979592
49: 0.98
50: 0.980392
51: 0.980769
52: 0.981132
53: 0.981481
54: 0.981818
55: 0.982143
56: 0.982456
57: 0.982759
58: 0.983051
59: 0.983333
60: 0.983607
61: 0.983871
62: 0.984127
63: 0.984375
64: 0.984615
65: 0.984848
66: 0.985075
67: 0.985294
68: 0.985507
69: 0.985714
70: 0.985915
71: 0.986111
72: 0.986301
73: 0.986486
74: 0.986667
75: 0.986842
76: 0.987013
77: 0.987179
78: 0.987342
79: 0.9875
80: 0.987654
81: 0.987805
82: 0.987952
83: 0.988095
84: 0.988235
85: 0.988372
86: 0.988506
87: 0.988636
88: 0.988764
89: 0.988889
90: 0.989011
91: 0.98913
92: 0.989247
93: 0.989362
94: 0.989474
95: 0.989583
96: 0.989691
97: 0.989796
98: 0.989899
99: 0.99
100: 0.990099
101: 0.990196
102: 0.990291
103: 0.990385
104: 0.990476
105: 0.990566
106: 0.990654
107: 0.990741
108: 0.990826
109: 0.990909
110: 0.990991
111: 0.991071
112: 0.99115
113: 0.991228
114: 0.991304
115: 0.991379
116: 0.991453
117: 0.991525
118: 0.991597
119: 0.991667
120: 0.991736
121: 0.991803
122: 0.98374
123: 0.983871
124: 0.984
125: 0.984127
126: 0.984252
127: 0.984375
128: 0.984496
129: 0.984615
130: 0.984733
131: 0.984848
132: 0.984962
133: 0.985075
134: 0.985185
135: 0.985294
136: 0.985401
137: 0.985507
138: 0.985612
139: 0.985714
140: 0.985816
141: 0.985915
142: 0.986014
143: 0.986111
144: 0.986207
145: 0.986301
146: 0.986395
147: 0.986486
148: 0.986577
149: 0.986667
150: 0.986755
151: 0.986842
152: 0.986928
153: 0.987013
154: 0.987097
155: 0.987179
156: 0.987261
157: 0.987342
158: 0.987421
159: 0.9875
160: 0.987578
161: 0.987654
162: 0.98773
163: 0.987805
164: 0.987879
165: 0.987952
166: 0.988024
167: 0.988095
168: 0.988166
169: 0.988235
170: 0.988304
171: 0.988372
172: 0.988439
173: 0.988506
174: 0.988571
175: 0.988636
176: 0.988701
177: 0.988764
178: 0.988827
179: 0.988889
180: 0.98895
181: 0.989011
182: 0.989071
183: 0.98913
184: 0.989189
185: 0.989247
186: 0.989305
187: 0.989362
188: 0.989418
189: 0.989474
190: 0.989529
191: 0.989583
192: 0.989637
193: 0.989691
194: 0.989744
195: 0.989796
196: 0.989848
197: 0.989899
198: 0.98995
199: 0.99
200: 0.99005
201: 0.990099
202: 0.990148
203: 0.990196
204: 0.990244
205: 0.990291
206: 0.990338
207: 0.990385
208: 0.990431
209: 0.990476
210: 0.990521
211: 0.990566
212: 0.99061
213: 0.990654
214: 0.990698
215: 0.990741
216: 0.990783
217: 0.990826
218: 0.990868
219: 0.990909
220: 0.99095
221: 0.990991
222: 0.991031
223: 0.991071
224: 0.991111
225: 0.99115
226: 0.991189
227: 0.991228
228: 0.991266
229: 0.991304
230: 0.991342
231: 0.991379
232: 0.991416
233: 0.991453
234: 0.991489
235: 0.991525
236: 0.991561
237: 0.991597
238: 0.991632
239: 0.991667
240: 0.991701
241: 0.991736
242: 0.99177
243: 0.991803
244: 0.991837
245: 0.99187
246: 0.991903
247: 0.991935
248: 0.991968
249: 0.992
250: 0.992032
251: 0.992063
252: 0.992095
253: 0.992126
254: 0.992157
255: 0.992188
256: 0.992218
257: 0.992248
258: 0.992278
259: 0.992308
260: 0.992337
261: 0.992366
262: 0.992395
263: 0.992424
264: 0.992453
265: 0.992481
266: 0.992509
267: 0.992537
268: 0.992565
269: 0.992593
270: 0.99262
271: 0.992647
272: 0.992674
273: 0.992701
274: 0.992727
275: 0.992754
276: 0.99278
277: 0.992806
278: 0.992832
279: 0.992857
280: 0.992883
281: 0.992908
282: 0.992933
283: 0.992958
284: 0.992982
285: 0.993007
286: 0.993031
287: 0.993056
288: 0.99308
289: 0.993103
290: 0.993127
291: 0.993151
292: 0.993174
293: 0.993197
294: 0.99322
295: 0.993243
296: 0.993266
297: 0.993289
298: 0.993311
299: 0.993333
300: 0.993355
301: 0.993377
302: 0.993399
303: 0.993421
304: 0.993443
305: 0.993464
306: 0.993485
307: 0.993506
308: 0.993528
309: 0.993548
310: 0.993569
311: 0.99359
312: 0.99361
313: 0.993631
314: 0.993651
315: 0.993671
316: 0.993691
317: 0.993711
318: 0.99373
319: 0.99375
320: 0.993769
321: 0.993789
322: 0.993808
323: 0.993827
324: 0.993846
325: 0.993865
326: 0.993884
327: 0.993902
328: 0.993921
329: 0.993939
330: 0.993958
331: 0.993976
332: 0.993994
333: 0.994012
334: 0.99403
335: 0.994048
336: 0.994065
337: 0.994083
338: 0.9941
339: 0.994118
340: 0.994135
341: 0.994152
342: 0.994169
343: 0.994186
344: 0.994203
345: 0.99422
346: 0.994236
347: 0.994253
348: 0.994269
349: 0.994286
350: 0.994302
351: 0.994318
352: 0.994334
353: 0.99435
354: 0.994366
355: 0.994382
356: 0.994398
357: 0.994413
358: 0.994429
359: 0.994444
360: 0.99446
361: 0.994475
362: 0.99449
363: 0.994505
364: 0.994521
365: 0.994536
366: 0.99455
367: 0.994565
368: 0.99458
369: 0.994595
370: 0.994609
371: 0.994624
372: 0.994638
373: 0.994652
374: 0.994667
375: 0.994681
376: 0.994695
377: 0.994709
378: 0.994723
379: 0.994737
380: 0.994751
381: 0.994764
382: 0.994778
383: 0.994792
384: 0.994805
385: 0.994819
386: 0.994832
387: 0.994845
388: 0.994859
389: 0.994872
390: 0.994885
391: 0.992347
392: 0.992366
393: 0.992386
394: 0.992405
395: 0.992424
396: 0.992443
397: 0.992462
398: 0.992481
399: 0.9925
400: 0.992519
401: 0.992537
402: 0.992556
403: 0.992574
404: 0.992593
405: 0.992611
406: 0.992629
407: 0.992647
408: 0.992665
409: 0.992683
410: 0.992701
411: 0.992718
412: 0.992736
413: 0.992754
414: 0.992771
415: 0.992788
416: 0.992806
417: 0.992823
418: 0.99284
419: 0.992857
420: 0.992874
421: 0.992891
422: 0.990544
423: 0.988208
424: 0.988235
425: 0.988263
426: 0.98829
427: 0.988318
428: 0.988345
429: 0.988372
430: 0.988399
431: 0.988426
432: 0.988453
433: 0.988479
434: 0.988506
435: 0.988532
436: 0.988558
437: 0.988584
438: 0.98861
439: 0.988636
440: 0.988662
441: 0.988688
442: 0.988713
443: 0.988739
444: 0.988764
445: 0.988789
446: 0.988814
447: 0.988839
448: 0.988864
449: 0.988889
450: 0.988914
451: 0.988938
452: 0.988962
453: 0.988987
454: 0.989011
455: 0.989035
456: 0.989059
457: 0.989083
458: 0.989107
459: 0.98913
460: 0.989154
461: 0.989177
462: 0.989201
463: 0.989224
464: 0.989247
465: 0.98927
466: 0.989293
467: 0.989316
468: 0.989339
469: 0.989362
470: 0.989384
471: 0.989407
472: 0.989429
473: 0.989451
474: 0.989474
475: 0.989496
476: 0.989518
477: 0.98954
478: 0.989562
479: 0.989583
480: 0.989605
481: 0.989627
482: 0.989648
483: 0.989669
484: 0.989691
485: 0.989712
486: 0.989733
487: 0.989754
488: 0.989775
489: 0.989796
490: 0.989817
491: 0.989837
492: 0.989858
493: 0.989879
494: 0.989899
495: 0.989919
496: 0.98994
497: 0.98996
498: 0.98998
499: 0.99
500: 0.99002
501: 0.99004
502: 0.99006
503: 0.990079
504: 0.990099
505: 0.988142
506: 0.986193
507: 0.984252
508: 0.982318
509: 0.982353
510: 0.982387
511: 0.982422
512: 0.982456
513: 0.98249
514: 0.982524
515: 0.982558
516: 0.982592
517: 0.982625
518: 0.982659
519: 0.982692
520: 0.982726
521: 0.982759
522: 0.982792
523: 0.982824
524: 0.982857
525: 0.98289
526: 0.982922
527: 0.982955
528: 0.982987
529: 0.983019
530: 0.983051
531: 0.983083
532: 0.983114
533: 0.983146
534: 0.983178
535: 0.983209
536: 0.98324
537: 0.983271
538: 0.983302
539: 0.983333
540: 0.983364
541: 0.983395
542: 0.983425
543: 0.983456
544: 0.983486
545: 0.983516
546: 0.983547
547: 0.983577
548: 0.983607
549: 0.983636
550: 0.983666
551: 0.983696
552: 0.983725
553: 0.983755
554: 0.983784
555: 0.983813
556: 0.983842
557: 0.983871
558: 0.9839
559: 0.983929
560: 0.983957
561: 0.983986
562: 0.984014
563: 0.984043
564: 0.984071
565: 0.984099
566: 0.984127
567: 0.984155
568: 0.984183
569: 0.984211
570: 0.984238
571: 0.984266
572: 0.984293
573: 0.984321
574: 0.984348
575: 0.984375
576: 0.984402
577: 0.984429
578: 0.984456
579: 0.984483
580: 0.984509
581: 0.984536
582: 0.984563
583: 0.984589
584: 0.984615
585: 0.984642
586: 0.984668
587: 0.984694
588: 0.98472
589: 0.984746
590: 0.984772
591: 0.984797
592: 0.984823
593: 0.984848
594: 0.984874
595: 0.984899
596: 0.984925
597: 0.98495
598: 0.984975
599: 0.985
600: 0.985025
601: 0.98505
602: 0.985075
603: 0.985099
604: 0.985124
605: 0.985149
606: 0.985173
607: 0.985197
608: 0.985222
609: 0.985246
610: 0.98527
611: 0.985294
612: 0.985318
613: 0.985342
614: 0.985366
615: 0.98539
616: 0.985413
617: 0.985437
618: 0.98546
619: 0.985484
620: 0.985507
621: 0.985531
622: 0.985554
623: 0.985577
624: 0.9856
625: 0.985623
626: 0.985646
627: 0.985669
628: 0.985692
629: 0.985714
630: 0.985737
631: 0.985759
632: 0.985782
633: 0.985804
634: 0.985827
635: 0.985849
636: 0.985871
637: 0.985893
638: 0.985915
639: 0.985938
640: 0.985959
641: 0.985981
642: 0.986003
643: 0.986025
644: 0.986047
645: 0.986068
646: 0.98609
647: 0.986111
648: 0.986133
649: 0.986154
650: 0.986175
651: 0.986196
652: 0.986217
653: 0.986239
654: 0.98626
655: 0.98628
656: 0.986301
657: 0.986322
658: 0.986343
659: 0.986364
660: 0.986384
661: 0.986405
662: 0.986425
663: 0.986446
664: 0.986466
665: 0.986486
666: 0.986507
667: 0.986527
668: 0.986547
669: 0.986567
670: 0.986587
671: 0.986607
672: 0.986627
673: 0.986647
674: 0.986667
675: 0.986686
676: 0.986706
677: 0.986726
678: 0.986745
679: 0.986765
680: 0.986784
681: 0.986804
682: 0.986823
683: 0.986842
684: 0.986861
685: 0.98688
686: 0.9869
687: 0.986919
688: 0.986938
689: 0.986957
690: 0.986975
691: 0.986994
692: 0.987013
693: 0.987032
694: 0.98705
695: 0.987069
696: 0.987088
697: 0.987106
698: 0.987124
699: 0.987143
700: 0.987161
701: 0.987179
702: 0.987198
703: 0.987216
704: 0.987234
705: 0.987252
706: 0.98727
707: 0.987288
708: 0.987306
709: 0.987324
710: 0.987342
711: 0.98736
712: 0.987377
713: 0.987395
714: 0.987413
715: 0.98743
716: 0.987448
717: 0.987465
718: 0.987483
719: 0.9875
720: 0.987517
721: 0.987535
722: 0.987552
723: 0.987569
724: 0.987586
725: 0.987603
726: 0.98762
727: 0.987637
728: 0.987654
729: 0.987671
730: 0.987688
731: 0.987705
732: 0.987722
733: 0.987738
734: 0.987755
735: 0.987772
736: 0.987788
737: 0.987805
738: 0.987821
739: 0.987838
740: 0.987854
741: 0.987871
742: 0.987887
743: 0.987903
744: 0.987919
745: 0.987936
746: 0.987952
747: 0.987968
748: 0.987984
749: 0.988
750: 0.988016
751: 0.988032
752: 0.988048
753: 0.988064
754: 0.988079
755: 0.986772
756: 0.985469
757: 0.985488
758: 0.985507
759: 0.985526
760: 0.985545
761: 0.985564
762: 0.985583
763: 0.985602
764: 0.985621
765: 0.984334
766: 0.983051
767: 0.983073
768: 0.983095
769: 0.983117
770: 0.983139
771: 0.983161
772: 0.983182
773: 0.983204
774: 0.983226
775: 0.983247
776: 0.983269
777: 0.98329
778: 0.983312
779: 0.983333
780: 0.983355
781: 0.983376
782: 0.983397
783: 0.983418
784: 0.983439
785: 0.983461
786: 0.983482
787: 0.983503
788: 0.983523
789: 0.983544
790: 0.983565
791: 0.983586
792: 0.983607
793: 0.983627
794: 0.983648
795: 0.983668
796: 0.983689
797: 0.983709
798: 0.98373
799: 0.98375
800: 0.98377
801: 0.983791
802: 0.983811
803: 0.983831
804: 0.983851
805: 0.983871
806: 0.983891
807: 0.983911
808: 0.983931
809: 0.983951
810: 0.98397
811: 0.98399
812: 0.98401
813: 0.984029
814: 0.984049
815: 0.984069
816: 0.984088
817: 0.984108
818: 0.984127
819: 0.984146
820: 0.984166
821: 0.984185
822: 0.984204
823: 0.984223
824: 0.984242
825: 0.984262
826: 0.984281
827: 0.9843
828: 0.984318
829: 0.984337
830: 0.984356
831: 0.984375
832: 0.984394
833: 0.984412
834: 0.984431
835: 0.98445
836: 0.984468
837: 0.984487
838: 0.984505
839: 0.984524
840: 0.984542
841: 0.984561
842: 0.984579
843: 0.984597
844: 0.984615
845: 0.984634
846: 0.984652
847: 0.98467
848: 0.984688
849: 0.984706
850: 0.984724
851: 0.984742
852: 0.98476
853: 0.984778
854: 0.984795
855: 0.984813
856: 0.984831
857: 0.984848
858: 0.984866
859: 0.984884
860: 0.984901
861: 0.984919
862: 0.984936
863: 0.984954
864: 0.984971
865: 0.984988
866: 0.985006
867: 0.985023
868: 0.98504
869: 0.985057
870: 0.985075
871: 0.985092
872: 0.985109
873: 0.985126
874: 0.985143
875: 0.98516
876: 0.985177
877: 0.985194
878: 0.98521
879: 0.985227
880: 0.985244
881: 0.985261
882: 0.985277
883: 0.985294
884: 0.985311
885: 0.985327
886: 0.985344
887: 0.98536
888: 0.985377
889: 0.985393
890: 0.98541
891: 0.985426
892: 0.985442
893: 0.985459
894: 0.985475
895: 0.985491
896: 0.985507
897: 0.985523
898: 0.985539
899: 0.985556
900: 0.985572
901: 0.985588
902: 0.985604
903: 0.985619
904: 0.985635
905: 0.985651
906: 0.985667
907: 0.985683
908: 0.985699
909: 0.985714
910: 0.98573
911: 0.984649
912: 0.983571
913: 0.982495
914: 0.982514
915: 0.982533
916: 0.982552
917: 0.982571
918: 0.98259
919: 0.982609
920: 0.982628
921: 0.982646
922: 0.982665
923: 0.982684
924: 0.982703
925: 0.982721
926: 0.98274
927: 0.982759
928: 0.981701
929: 0.980645
930: 0.980666
931: 0.980687
932: 0.980707
933: 0.980728
934: 0.980749
935: 0.980769
936: 0.98079
937: 0.98081
938: 0.980831
939: 0.980851
940: 0.980871
941: 0.980892
942: 0.980912
943: 0.980932
944: 0.980952
945: 0.980973
946: 0.980993
947: 0.981013
948: 0.981033
949: 0.981053
950: 0.981073
951: 0.981092
952: 0.981112
953: 0.981132
954: 0.981152
955: 0.981172
956: 0.981191
957: 0.981211
958: 0.98123
959: 0.98125
960: 0.98127
961: 0.981289
962: 0.981308
963: 0.981328
964: 0.981347
965: 0.981366
966: 0.981386
967: 0.981405
968: 0.981424
969: 0.981443
970: 0.981462
971: 0.981481
972: 0.981501
973: 0.98152
974: 0.981538
975: 0.981557
976: 0.981576
977: 0.981595
978: 0.981614
979: 0.981633
980: 0.981651
981: 0.98167
982: 0.981689
983: 0.981707
984: 0.981726
985: 0.981744
986: 0.981763
987: 0.981781
988: 0.9818
989: 0.981818
990: 0.981837
991: 0.981855
992: 0.981873
993: 0.981891
994: 0.98191
995: 0.981928
996: 0.981946
997: 0.981964
998: 0.981982
999: 0.982
1000: 0.982018
1001: 0.982036
1002: 0.982054
1003: 0.982072
1004: 0.98209
1005: 0.982107
1006: 0.981132
1007: 0.980159
1008: 0.979187
1009: 0.978218
1010: 0.97725
1011: 0.976285
1012: 0.976308
1013: 0.976331
1014: 0.976355
1015: 0.976378
1016: 0.976401
1017: 0.976424
1018: 0.976447
1019: 0.976471
1020: 0.976494
1021: 0.976517
1022: 0.97654
1023: 0.976562
1024: 0.976585
1025: 0.976608
1026: 0.976631
1027: 0.976654
1028: 0.976676
1029: 0.976699
1030: 0.976722
1031: 0.976744
1032: 0.976767
1033: 0.976789
1034: 0.976812
1035: 0.976834
1036: 0.976856
1037: 0.976879
1038: 0.976901
1039: 0.976923
1040: 0.976945
1041: 0.976967
1042: 0.976989
1043: 0.977011
1044: 0.977033
1045: 0.977055
1046: 0.977077
1047: 0.977099
1048: 0.977121
1049: 0.977143
1050: 0.977165
1051: 0.977186
1052: 0.977208
1053: 0.97723
1054: 0.977251
1055: 0.977273
1056: 0.977294
1057: 0.977316
1058: 0.977337
1059: 0.977358
1060: 0.97738
1061: 0.977401
1062: 0.977422
1063: 0.977444
1064: 0.977465
1065: 0.977486
1066: 0.977507
1067: 0.977528
1068: 0.977549
1069: 0.97757
1070: 0.977591
1071: 0.977612
1072: 0.977633
1073: 0.977654
1074: 0.977674
1075: 0.977695
1076: 0.977716
1077: 0.977737
1078: 0.977757
1079: 0.977778
1080: 0.977798
1081: 0.977819
1082: 0.977839
1083: 0.97786
1084: 0.97788
1085: 0.977901
1086: 0.977921
1087: 0.977941
1088: 0.977961
1089: 0.977982
1090: 0.978002
1091: 0.978022
1092: 0.978042
1093: 0.978062
1094: 0.978082
1095: 0.978102
1096: 0.978122
1097: 0.978142
1098: 0.978162
1099: 0.978182
1100: 0.978202
1101: 0.978221
1102: 0.978241
1103: 0.978261
1104: 0.978281
1105: 0.9783
1106: 0.97832
1107: 0.978339
1108: 0.978359
1109: 0.978378
1110: 0.978398
1111: 0.978417
1112: 0.978437
1113: 0.978456
1114: 0.978475
1115: 0.978495
1116: 0.978514
1117: 0.978533
1118: 0.978552
1119: 0.978571
1120: 0.978591
1121: 0.97861
1122: 0.978629
1123: 0.978648
1124: 0.978667
1125: 0.978686
1126: 0.978705
1127: 0.978723
1128: 0.978742
1129: 0.978761
1130: 0.97878
1131: 0.978799
1132: 0.978817
1133: 0.978836
1134: 0.978855
1135: 0.978873
1136: 0.978892
1137: 0.97891
1138: 0.978929
1139: 0.978947
1140: 0.978966
1141: 0.978984
1142: 0.979003
1143: 0.979021
1144: 0.979039
1145: 0.979058
1146: 0.979076
1147: 0.979094
1148: 0.979112
1149: 0.97913
1150: 0.979149
1151: 0.979167
1152: 0.979185
1153: 0.979203
1154: 0.979221
1155: 0.979239
1156: 0.979257
1157: 0.979275
1158: 0.979292
1159: 0.97931
1160: 0.979328
1161: 0.978485
1162: 0.978504
1163: 0.978522
1164: 0.978541
1165: 0.978559
1166: 0.978578
1167: 0.978596
1168: 0.977759
1169: 0.976923
1170: 0.976089
1171: 0.975256
1172: 0.975277
1173: 0.975298
1174: 0.975319
1175: 0.97534
1176: 0.975361
1177: 0.975382
1178: 0.975403
1179: 0.975424
1180: 0.975445
1181: 0.975465
1182: 0.975486
1183: 0.975507
1184: 0.975527
1185: 0.975548
1186: 0.975569
1187: 0.975589
1188: 0.97561
1189: 0.97563
1190: 0.975651
1191: 0.975671
1192: 0.975692
1193: 0.975712
1194: 0.975732
1195: 0.975753
1196: 0.975773
1197: 0.975793
1198: 0.975813
1199: 0.975833
1200: 0.975853
1201: 0.975874
1202: 0.975894
1203: 0.975914
1204: 0.975934
1205: 0.975954
1206: 0.975973
1207: 0.975993
1208: 0.976013
1209: 0.976033
1210: 0.976053
1211: 0.976073
1212: 0.976092
1213: 0.976112
1214: 0.976132
1215: 0.976151
1216: 0.976171
1217: 0.97619
1218: 0.97621
1219: 0.97623
1220: 0.976249
1221: 0.976268
1222: 0.976288
1223: 0.976307
1224: 0.976327
1225: 0.976346
1226: 0.976365
1227: 0.976384
1228: 0.976404
1229: 0.976423
1230: 0.976442
1231: 0.976461
1232: 0.97648
1233: 0.976499
1234: 0.976518
1235: 0.976537
1236: 0.976556
1237: 0.976575
1238: 0.976594
1239: 0.976613
1240: 0.976632
1241: 0.976651
1242: 0.976669
1243: 0.976688
1244: 0.976707
1245: 0.976726
1246: 0.976744
1247: 0.976763
1248: 0.976781
1249: 0.9768
1250: 0.976819
1251: 0.976837
1252: 0.976856
1253: 0.976874
1254: 0.976892
1255: 0.976911
1256: 0.976929
1257: 0.976948
1258: 0.976966
1259: 0.976984
1260: 0.977002
1261: 0.977021
1262: 0.977039
1263: 0.977057
1264: 0.977075
1265: 0.977093
1266: 0.977111
1267: 0.977129
1268: 0.977147
1269: 0.977165
1270: 0.977183
1271: 0.977201
1272: 0.977219
1273: 0.977237
1274: 0.977255
1275: 0.977273
1276: 0.977291
1277: 0.977308
1278: 0.977326
1279: 0.977344
1280: 0.977361
1281: 0.977379
1282: 0.977397
1283: 0.977414
1284: 0.977432
1285: 0.977449
1286: 0.977467
1287: 0.977484
1288: 0.977502
1289: 0.977519
1290: 0.977537
1291: 0.977554
1292: 0.977572
1293: 0.977589
1294: 0.977606
1295: 0.977623
1296: 0.977641
1297: 0.977658
1298: 0.977675
1299: 0.977692
1300: 0.977709
1301: 0.977727
1302: 0.977744
1303: 0.977761
1304: 0.977778
1305: 0.977795
1306: 0.977812
1307: 0.977829
1308: 0.977846
1309: 0.977863
1310: 0.977879
1311: 0.977896
1312: 0.977913
1313: 0.97793
1314: 0.977947
1315: 0.977964
1316: 0.97798
1317: 0.977997
1318: 0.978014
1319: 0.97803
1320: 0.978047
1321: 0.978064
1322: 0.97808
1323: 0.978097
1324: 0.978113
1325: 0.97813
1326: 0.978146
1327: 0.978163
1328: 0.978179
1329: 0.978195
1330: 0.978212
1331: 0.978228
1332: 0.978245
1333: 0.978261
1334: 0.978277
1335: 0.978293
1336: 0.97831
1337: 0.978326
1338: 0.978342
1339: 0.978358
1340: 0.978374
1341: 0.97839
1342: 0.978407
1343: 0.978423
1344: 0.978439
1345: 0.978455
1346: 0.978471
1347: 0.978487
1348: 0.978503
1349: 0.978519
1350: 0.978534
1351: 0.97855
1352: 0.978566
1353: 0.978582
1354: 0.978598
1355: 0.978614
1356: 0.978629
1357: 0.978645
1358: 0.978661
1359: 0.978676
1360: 0.978692
1361: 0.978708
1362: 0.978723
1363: 0.978739
1364: 0.978755
1365: 0.97877
1366: 0.978786
1367: 0.978801
1368: 0.978817
1369: 0.978832
1370: 0.978848
1371: 0.978863
1372: 0.978878
1373: 0.978894
1374: 0.978909
1375: 0.978924
1376: 0.97894
1377: 0.978955
1378: 0.97897
1379: 0.978986
1380: 0.979001
1381: 0.979016
1382: 0.979031
1383: 0.979046
1384: 0.979061
1385: 0.979076
1386: 0.979092
1387: 0.979107
1388: 0.979122
1389: 0.979137
1390: 0.979152
1391: 0.979167
1392: 0.979182
1393: 0.979197
1394: 0.979211
1395: 0.979226
1396: 0.979241
1397: 0.979256
1398: 0.979271
1399: 0.979286
1400: 0.9793
1401: 0.979315
1402: 0.97933
1403: 0.979345
1404: 0.979359
1405: 0.979374
1406: 0.979389
1407: 0.979403
1408: 0.979418
1409: 0.979433
1410: 0.979447
1411: 0.979462
1412: 0.979476
1413: 0.979491
1414: 0.979505
1415: 0.97952
1416: 0.979534
1417: 0.979549
1418: 0.979563
1419: 0.979577
1420: 0.979592
1421: 0.979606
1422: 0.979621
1423: 0.979635
1424: 0.979649
1425: 0.979663
1426: 0.979678
1427: 0.979692
1428: 0.979706
1429: 0.97972
1430: 0.979734
1431: 0.979749
1432: 0.979763
1433: 0.979777
1434: 0.979791
1435: 0.979805
1436: 0.979819
1437: 0.979833
1438: 0.979847
1439: 0.979861
1440: 0.979875
1441: 0.979889
1442: 0.979903
1443: 0.979917
1444: 0.979931
1445: 0.979945
1446: 0.979959
1447: 0.979972
1448: 0.979986
1449: 0.98
1450: 0.980014
1451: 0.980028
1452: 0.980041
1453: 0.980055
1454: 0.980069
1455: 0.980082
1456: 0.980096
1457: 0.98011
1458: 0.980123
1459: 0.980137
1460: 0.980151
1461: 0.980164
1462: 0.980178
1463: 0.980191
1464: 0.980205
1465: 0.980218
1466: 0.980232
1467: 0.980245
1468: 0.980259
1469: 0.980272
1470: 0.980286
1471: 0.980299
1472: 0.980312
1473: 0.980326
1474: 0.980339
1475: 0.980352
1476: 0.980366
1477: 0.980379
1478: 0.980392
1479: 0.980405
1480: 0.980419
1481: 0.980432
1482: 0.979771
1483: 0.979111
1484: 0.979125
1485: 0.979139
1486: 0.979153
1487: 0.979167
1488: 0.979181
1489: 0.979195
1490: 0.979209
1491: 0.979223
1492: 0.979236
1493: 0.97925
1494: 0.979264
1495: 0.979278
1496: 0.979292
1497: 0.979306
1498: 0.97932
1499: 0.979333
1500: 0.979347
1501: 0.979361
1502: 0.979375
1503: 0.979388
1504: 0.979402
1505: 0.979416
1506: 0.979429
1507: 0.979443
1508: 0.979457
1509: 0.97947
1510: 0.979484
1511: 0.979497
1512: 0.979511
1513: 0.979524
1514: 0.979538
1515: 0.979551
1516: 0.979565
1517: 0.979578
1518: 0.979592
1519: 0.979605
1520: 0.979619
1521: 0.979632
1522: 0.979645
1523: 0.979659
1524: 0.979672
1525: 0.979685
1526: 0.979699
1527: 0.979712
1528: 0.979725
1529: 0.979739
1530: 0.979752
1531: 0.979765
1532: 0.979778
1533: 0.979791
1534: 0.979805
1535: 0.979818
1536: 0.979831
1537: 0.979844
1538: 0.979857
1539: 0.97987
1540: 0.979883
1541: 0.979896
1542: 0.979909
1543: 0.979922
1544: 0.979935
1545: 0.979948
1546: 0.979961
1547: 0.979974
1548: 0.979987
1549: 0.98
1550: 0.980013
1551: 0.980026
1552: 0.980039
1553: 0.980051
1554: 0.980064
1555: 0.980077
1556: 0.98009
1557: 0.980103
1558: 0.980115
1559: 0.980128
1560: 0.980141
1561: 0.980154
1562: 0.980166
1563: 0.980179
1564: 0.980192
1565: 0.980204
1566: 0.979579
1567: 0.978954
1568: 0.97833
1569: 0.977707
1570: 0.977085
1571: 0.976463
1572: 0.975842
1573: 0.975222
1574: 0.975238
1575: 0.975254
1576: 0.975269
1577: 0.975285
1578: 0.975301
1579: 0.975316
1580: 0.975332
1581: 0.975348
1582: 0.975363
1583: 0.975379
1584: 0.975394
1585: 0.97541
1586: 0.975425
1587: 0.975441
1588: 0.975456
1589: 0.975472
1590: 0.975487
1591: 0.975503
1592: 0.975518
1593: 0.975533
1594: 0.975549
1595: 0.975564
1596: 0.975579
1597: 0.975594
1598: 0.97561
1599: 0.975625
1600: 0.97564
1601: 0.975655
1602: 0.975671
1603: 0.975686
1604: 0.975701
1605: 0.975716
1606: 0.975731
1607: 0.975746
1608: 0.975761
1609: 0.975776
1610: 0.975791
1611: 0.975806
1612: 0.975821
1613: 0.975836
1614: 0.975851
1615: 0.975866
1616: 0.975881
1617: 0.975896
1618: 0.975911
1619: 0.975926
1620: 0.975941
1621: 0.975956
1622: 0.97597
1623: 0.975985
1624: 0.976
1625: 0.976015
1626: 0.97603
1627: 0.976044
1628: 0.976059
1629: 0.976074
1630: 0.976088
1631: 0.976103
1632: 0.976118
1633: 0.976132
1634: 0.976147
1635: 0.976161
1636: 0.976176
1637: 0.97619
1638: 0.976205
1639: 0.97622
1640: 0.976234
1641: 0.976248
1642: 0.976263
1643: 0.976277
1644: 0.976292
1645: 0.976306
1646: 0.976321
1647: 0.976335
1648: 0.976349
1649: 0.976364
1650: 0.976378
1651: 0.976392
1652: 0.976407
1653: 0.976421
1654: 0.976435
1655: 0.976449
1656: 0.976463
1657: 0.976478
1658: 0.976492
1659: 0.976506
1660: 0.97652
1661: 0.976534
1662: 0.976548
1663: 0.976562
1664: 0.976577
1665: 0.976591
1666: 0.976605
1667: 0.976619
1668: 0.976633
1669: 0.976647
1670: 0.976661
1671: 0.976675
1672: 0.976689
1673: 0.976703
1674: 0.976716
1675: 0.97673
1676: 0.976744
1677: 0.976758
1678: 0.976772
1679: 0.976786
1680: 0.9768
1681: 0.976813
1682: 0.976827
1683: 0.976841
1684: 0.976855
1685: 0.976868
1686: 0.976882
1687: 0.976896
1688: 0.976909
1689: 0.976923
1690: 0.976937
1691: 0.97695
1692: 0.976964
1693: 0.976978
1694: 0.976991
1695: 0.977005
1696: 0.977018
1697: 0.977032
1698: 0.977045
1699: 0.977059
1700: 0.977072
1701: 0.977086
1702: 0.977099
1703: 0.977113
1704: 0.977126
1705: 0.97714
1706: 0.977153
1707: 0.977166
1708: 0.97718
1709: 0.977193
1710: 0.977206
1711: 0.97722
1712: 0.977233
1713: 0.977246
1714: 0.977259
1715: 0.977273
1716: 0.977286
1717: 0.977299
1718: 0.977312
1719: 0.977326
1720: 0.977339
1721: 0.977352
1722: 0.977365
1723: 0.977378
1724: 0.977391
1725: 0.977404
1726: 0.977417
1727: 0.977431
1728: 0.977444
1729: 0.977457
1730: 0.97747
1731: 0.977483
1732: 0.977496
1733: 0.977509
1734: 0.977522
1735: 0.977535
1736: 0.977547
1737: 0.97756
1738: 0.977573
1739: 0.977586
1740: 0.977599
1741: 0.977612
1742: 0.977625
1743: 0.977638
1744: 0.97765
1745: 0.977663
1746: 0.977676
1747: 0.977689
1748: 0.977702
1749: 0.977714
1750: 0.977727
1751: 0.97774
1752: 0.977752
1753: 0.977765
1754: 0.977778
1755: 0.97779
1756: 0.977803
1757: 0.977816
1758: 0.977828
1759: 0.977841
1760: 0.977853
1761: 0.977866
1762: 0.977879
1763: 0.977891
1764: 0.977904
1765: 0.977916
1766: 0.977929
1767: 0.977941
1768: 0.977954
1769: 0.977966
1770: 0.977979
1771: 0.977991
1772: 0.978003
1773: 0.978016
1774: 0.978028
1775: 0.978041
1776: 0.978053
1777: 0.978065
1778: 0.978078
1779: 0.97809
1780: 0.978102
1781: 0.978114
1782: 0.978127
1783: 0.978139
1784: 0.978151
1785: 0.978163
1786: 0.978176
1787: 0.978188
1788: 0.9782
1789: 0.978212
1790: 0.978224
1791: 0.978237
1792: 0.978249
1793: 0.978261
1794: 0.978273
1795: 0.978285
1796: 0.978297
1797: 0.978309
1798: 0.978321
1799: 0.978333
1800: 0.978345
1801: 0.978357
1802: 0.978369
1803: 0.978381
1804: 0.978393
1805: 0.978405
1806: 0.978417
1807: 0.978429
1808: 0.978441
1809: 0.978453
1810: 0.978465
1811: 0.978477
1812: 0.978489
1813: 0.978501
1814: 0.978512
1815: 0.978524
1816: 0.978536
1817: 0.978548
1818: 0.97856
1819: 0.978571
1820: 0.978583
1821: 0.978595
1822: 0.978607
1823: 0.978618
1824: 0.97863
1825: 0.978642
1826: 0.978654
1827: 0.978665
1828: 0.978677
1829: 0.978689
1830: 0.9787
1831: 0.978712
1832: 0.978723
1833: 0.978735
1834: 0.978747
1835: 0.978758
1836: 0.97877
1837: 0.978781
1838: 0.978793
1839: 0.978804
1840: 0.978816
1841: 0.978827
1842: 0.978839
1843: 0.97885
1844: 0.978862
1845: 0.978873
1846: 0.978885
1847: 0.978896
1848: 0.978908
1849: 0.978919
1850: 0.97893
1851: 0.978942
1852: 0.978953
1853: 0.978964
1854: 0.978976
1855: 0.978987
1856: 0.978998
1857: 0.97901
1858: 0.979021
1859: 0.979032
1860: 0.979044
1861: 0.979055
1862: 0.979066
1863: 0.979077
1864: 0.979088
1865: 0.9791
1866: 0.979111
1867: 0.979122
1868: 0.979133
1869: 0.979144
1870: 0.979156
1871: 0.979167
1872: 0.979178
1873: 0.979189
1874: 0.9792
1875: 0.979211
1876: 0.979222
1877: 0.979233
1878: 0.979244
1879: 0.979255
1880: 0.979266
1881: 0.979277
1882: 0.979288
1883: 0.979299
1884: 0.97931
1885: 0.979321
1886: 0.979332
1887: 0.979343
1888: 0.979354
1889: 0.979365
1890: 0.979376
1891: 0.979387
1892: 0.979398
1893: 0.979409
1894: 0.97942
1895: 0.97943
1896: 0.979441
1897: 0.979452
1898: 0.979463
1899: 0.979474
1900: 0.979484
1901: 0.979495
1902: 0.979506
1903: 0.979517
1904: 0.979528
1905: 0.979538
1906: 0.979549
1907: 0.97956
1908: 0.97957
1909: 0.979581
1910: 0.979592
1911: 0.979603
1912: 0.979613
1913: 0.979624
1914: 0.979634
1915: 0.979645
1916: 0.979656
1917: 0.979666
1918: 0.979677
1919: 0.979688
1920: 0.979698
1921: 0.979709
1922: 0.979719
1923: 0.97973
1924: 0.97974
1925: 0.979751
1926: 0.979761
1927: 0.979772
1928: 0.979782
1929: 0.979793
1930: 0.979803
1931: 0.979814
1932: 0.979824
1933: 0.979835
1934: 0.979845
1935: 0.979855
1936: 0.979866
1937: 0.979876
1938: 0.979887
1939: 0.979897
1940: 0.979907
1941: 0.979918
1942: 0.979928
1943: 0.979938
1944: 0.979949
1945: 0.979959
1946: 0.979969
1947: 0.979979
1948: 0.97999
1949: 0.98
1950: 0.98001
1951: 0.98002
1952: 0.980031
1953: 0.980041
1954: 0.980051
1955: 0.980061
1956: 0.980072
1957: 0.980082
1958: 0.980092
1959: 0.980102
1960: 0.980112
1961: 0.980122
1962: 0.980132
1963: 0.980143
1964: 0.980153
1965: 0.980163
1966: 0.980173
1967: 0.980183
1968: 0.980193
1969: 0.980203
1970: 0.980213
1971: 0.980223
1972: 0.980233
1973: 0.980243
1974: 0.980253
1975: 0.980263
1976: 0.980273
1977: 0.980283
1978: 0.980293
1979: 0.980303
1980: 0.980313
1981: 0.980323
1982: 0.980333
1983: 0.980343
1984: 0.980353
1985: 0.980363
1986: 0.980372
1987: 0.980382
1988: 0.980392
1989: 0.980402
1990: 0.980412
1991: 0.980422
1992: 0.980432
1993: 0.980441
1994: 0.980451
1995: 0.980461
1996: 0.980471
1997: 0.98048
1998: 0.98049
1999: 0.9805
2000: 0.98051
2001: 0.980519
2002: 0.980529
2003: 0.980539
2004: 0.980549
2005: 0.980558
2006: 0.980568
2007: 0.980578
2008: 0.980587
2009: 0.980597
2010: 0.980607
2011: 0.980616
2012: 0.980626
2013: 0.980636
2014: 0.980645
2015: 0.980655
2016: 0.980664
2017: 0.980674
2018: 0.980684
2019: 0.980693
2020: 0.980703
2021: 0.980712
2022: 0.980722
2023: 0.980731
2024: 0.980741
2025: 0.98075
2026: 0.98076
2027: 0.980769
2028: 0.980779
2029: 0.980788
2030: 0.980798
2031: 0.980807
2032: 0.980817
2033: 0.980826
2034: 0.980835
2035: 0.980845
2036: 0.980854
2037: 0.980864
2038: 0.980873
2039: 0.980882
2040: 0.980892
2041: 0.980901
2042: 0.98091
2043: 0.98092
2044: 0.980929
2045: 0.980938
2046: 0.980948
2047: 0.980957
2048: 0.980966
2049: 0.980976
2050: 0.980985
2051: 0.980994
2052: 0.981003
2053: 0.981013
2054: 0.981022
2055: 0.981031
2056: 0.98104
2057: 0.98105
2058: 0.981059
2059: 0.981068
2060: 0.981077
2061: 0.981086
2062: 0.981095
2063: 0.981105
2064: 0.981114
2065: 0.981123
2066: 0.981132
2067: 0.981141
2068: 0.98115
2069: 0.981159
2070: 0.981169
2071: 0.981178
2072: 0.981187
2073: 0.981196
2074: 0.981205
2075: 0.981214
2076: 0.981223
2077: 0.981232
2078: 0.981241
2079: 0.98125
2080: 0.981259
2081: 0.981268
2082: 0.981277
2083: 0.981286
2084: 0.981295
2085: 0.981304
2086: 0.981313
2087: 0.981322
2088: 0.981331
2089: 0.98134
2090: 0.981349
2091: 0.981358
2092: 0.981366
2093: 0.981375
2094: 0.981384
2095: 0.981393
2096: 0.981402
2097: 0.981411
2098: 0.98142
2099: 0.981429
2100: 0.981437
2101: 0.981446
2102: 0.981455
2103: 0.981464
2104: 0.981473
2105: 0.981481
2106: 0.98149
2107: 0.981499
2108: 0.981508
2109: 0.981517
2110: 0.981525
2111: 0.981534
2112: 0.981543
2113: 0.981552
2114: 0.98156
2115: 0.981569
2116: 0.981578
2117: 0.981586
2118: 0.981595
2119: 0.981604
2120: 0.981612
2121: 0.981621
2122: 0.98163
2123: 0.981638
2124: 0.981647
2125: 0.981656
2126: 0.981664
2127: 0.981673
2128: 0.981682
2129: 0.98169
2130: 0.981699
2131: 0.981707
2132: 0.981716
2133: 0.981724
2134: 0.981733
2135: 0.981742
2136: 0.98175
2137: 0.981759
2138: 0.981767
2139: 0.981776
2140: 0.981784
2141: 0.981793
2142: 0.981801
2143: 0.98181
2144: 0.981818
2145: 0.981827
2146: 0.981835
2147: 0.981844
2148: 0.981852
2149: 0.98186
2150: 0.981869
2151: 0.981877
2152: 0.981886
2153: 0.981894
2154: 0.981903
2155: 0.981911
2156: 0.981919
2157: 0.981928
2158: 0.981936
2159: 0.981944
2160: 0.981953
2161: 0.981961
2162: 0.981969
2163: 0.981978
2164: 0.981986
2165: 0.981994
2166: 0.982003
2167: 0.982011
2168: 0.982019
2169: 0.982028
2170: 0.982036
2171: 0.982044
2172: 0.982052
2173: 0.982061
2174: 0.982069
2175: 0.982077
2176: 0.982085
2177: 0.982094
2178: 0.982102
2179: 0.98211
2180: 0.982118
2181: 0.982126
2182: 0.982135
2183: 0.982143
2184: 0.982151
2185: 0.982159
2186: 0.982167
2187: 0.982176
2188: 0.982184
2189: 0.982192
2190: 0.9822
2191: 0.982208
2192: 0.982216
2193: 0.982224
2194: 0.982232
2195: 0.98224
2196: 0.982249
2197: 0.982257
2198: 0.982265
2199: 0.982273
2200: 0.982281
2201: 0.982289
2202: 0.982297
2203: 0.982305
2204: 0.982313
2205: 0.982321
2206: 0.982329
2207: 0.982337
2208: 0.982345
2209: 0.982353
2210: 0.982361
2211: 0.982369
2212: 0.982377
2213: 0.982385
2214: 0.982393
2215: 0.982401
2216: 0.982409
2217: 0.982417
2218: 0.982425
2219: 0.982432
2220: 0.98244
2221: 0.982448
2222: 0.982456
2223: 0.982464
2224: 0.982472
2225: 0.98248
2226: 0.982488
2227: 0.982496
2228: 0.982503
2229: 0.982511
2230: 0.982519
2231: 0.982527
2232: 0.982535
2233: 0.982543
2234: 0.98255
2235: 0.982558
2236: 0.982566
2237: 0.982574
2238: 0.982582
2239: 0.982589
2240: 0.982597
2241: 0.982605
2242: 0.982613
2243: 0.98262
2244: 0.982628
2245: 0.982636
2246: 0.982644
2247: 0.982651
2248: 0.982659
2249: 0.982667
2250: 0.982674
2251: 0.982682
2252: 0.98269
2253: 0.982697
2254: 0.982705
2255: 0.982713
2256: 0.98272
2257: 0.982728
2258: 0.982736
2259: 0.982743
2260: 0.982751
2261: 0.982759
2262: 0.982766
2263: 0.982774
2264: 0.982781
2265: 0.982789
2266: 0.982797
2267: 0.982804
2268: 0.982812
2269: 0.982819
2270: 0.982827
2271: 0.982835
2272: 0.982842
2273: 0.98285
2274: 0.982857
2275: 0.982865
2276: 0.982872
2277: 0.98288
2278: 0.982887
2279: 0.982895
2280: 0.982902
2281: 0.98291
2282: 0.982917
2283: 0.982925
2284: 0.982932
2285: 0.98294
2286: 0.982947
2287: 0.982955
2288: 0.982962
2289: 0.982969
2290: 0.982977
2291: 0.982984
2292: 0.982992
2293: 0.982999
2294: 0.983007
2295: 0.983014
2296: 0.983021
2297: 0.983029
2298: 0.983036
2299: 0.983043
2300: 0.983051
2301: 0.983058
2302: 0.983066
2303: 0.983073
2304: 0.98308
2305: 0.983088
2306: 0.983095
2307: 0.983102
2308: 0.98311
2309: 0.983117
2310: 0.983124
2311: 0.983131
2312: 0.983139
2313: 0.983146
2314: 0.983153
2315: 0.983161
2316: 0.983168
2317: 0.983175
2318: 0.983182
2319: 0.98319
2320: 0.983197
2321: 0.983204
2322: 0.983211
2323: 0.983219
2324: 0.983226
2325: 0.983233
2326: 0.98324
2327: 0.983247
2328: 0.983255
2329: 0.983262
2330: 0.983269
2331: 0.983276
2332: 0.983283
2333: 0.98329
2334: 0.983298
2335: 0.983305
2336: 0.983312
2337: 0.983319
2338: 0.983326
2339: 0.983333
2340: 0.98334
2341: 0.983348
2342: 0.983355
2343: 0.983362
2344: 0.983369
2345: 0.983376
2346: 0.983383
2347: 0.98339
2348: 0.983397
2349: 0.983404
2350: 0.983411
2351: 0.983418
2352: 0.983425
2353: 0.983432
2354: 0.983439
2355: 0.983447
2356: 0.983454
2357: 0.983461
2358: 0.983468
2359: 0.983475
2360: 0.983482
2361: 0.983489
2362: 0.983496
2363: 0.983503
2364: 0.98351
2365: 0.983516
2366: 0.983523
2367: 0.98353
2368: 0.983537
2369: 0.983544
2370: 0.983551
2371: 0.983558
2372: 0.983565
2373: 0.983572
2374: 0.983579
2375: 0.983586
2376: 0.983593
2377: 0.9836
2378: 0.983607
2379: 0.983613
2380: 0.98362
2381: 0.983627
2382: 0.983634
2383: 0.983641
2384: 0.983648
2385: 0.983655
2386: 0.983661
2387: 0.983668
2388: 0.983675
2389: 0.983682
2390: 0.983689
2391: 0.983696
2392: 0.983702
2393: 0.983709
2394: 0.983716
2395: 0.983723
2396: 0.98373
2397: 0.983736
2398: 0.983743
2399: 0.98375
2400: 0.983757
2401: 0.983764
2402: 0.98377
2403: 0.983777
2404: 0.983784
2405: 0.983791
2406: 0.983797
2407: 0.983804
2408: 0.983811
2409: 0.983817
2410: 0.983824
2411: 0.983831
2412: 0.983838
2413: 0.983844
2414: 0.983851
2415: 0.983858
2416: 0.983864
2417: 0.983871
2418: 0.983878
2419: 0.983884
2420: 0.983891
2421: 0.983898
2422: 0.983904
2423: 0.983911
2424: 0.983918
2425: 0.983924
2426: 0.983931
2427: 0.983937
2428: 0.983944
2429: 0.983951
2430: 0.983957
2431: 0.983964
2432: 0.98397
2433: 0.983977
2434: 0.983984
2435: 0.98399
2436: 0.983997
2437: 0.984003
2438: 0.98401
2439: 0.984016
2440: 0.984023
2441: 0.984029
2442: 0.984036
2443: 0.984043
2444: 0.984049
2445: 0.984056
2446: 0.984062
2447: 0.984069
2448: 0.984075
2449: 0.984082
2450: 0.984088
2451: 0.984095
2452: 0.984101
2453: 0.984108
2454: 0.984114
2455: 0.984121
2456: 0.984127
2457: 0.984133
2458: 0.98414
2459: 0.984146
2460: 0.984153
2461: 0.984159
2462: 0.984166
2463: 0.984172
2464: 0.984178
2465: 0.984185
2466: 0.984191
2467: 0.984198
2468: 0.984204
2469: 0.984211
2470: 0.984217
2471: 0.984223
2472: 0.98423
2473: 0.984236
2474: 0.984242
2475: 0.984249
2476: 0.984255
2477: 0.984262
2478: 0.984268
2479: 0.984274
2480: 0.984281
2481: 0.984287
2482: 0.984293
2483: 0.9843
2484: 0.984306
2485: 0.984312
2486: 0.984318
2487: 0.984325
2488: 0.984331
2489: 0.984337
2490: 0.984344
2491: 0.98435
2492: 0.984356
2493: 0.984362
2494: 0.984369
2495: 0.984375
2496: 0.984381
2497: 0.984388
2498: 0.984394
2499: 0.9844
2500: 0.984406
2501: 0.984412
2502: 0.984419
2503: 0.984425
2504: 0.984431
2505: 0.984437
2506: 0.984444
2507: 0.98445
2508: 0.984456
2509: 0.984462
2510: 0.984468
2511: 0.984475
2512: 0.984481
2513: 0.984487
2514: 0.984493
2515: 0.984499
2516: 0.984505
2517: 0.984512
2518: 0.984518
2519: 0.984524
2520: 0.98453
2521: 0.984536
2522: 0.984542
2523: 0.984548
2524: 0.984554
2525: 0.984561
2526: 0.984567
2527: 0.984573
2528: 0.984579
2529: 0.984585
2530: 0.984591
2531: 0.984597
2532: 0.984603
2533: 0.984609
2534: 0.984615
2535: 0.984621
2536: 0.984628
2537: 0.984634
2538: 0.98464
2539: 0.984646
2540: 0.984652
2541: 0.984658
2542: 0.984664
2543: 0.98467
2544: 0.984676
2545: 0.984682
2546: 0.984688
2547: 0.984694
2548: 0.9847
2549: 0.984706
2550: 0.984712
2551: 0.984718
2552: 0.984724
2553: 0.98473
2554: 0.984736
2555: 0.984742
2556: 0.984748
2557: 0.984754
2558: 0.98476
2559: 0.984766
2560: 0.984772
2561: 0.984778
2562: 0.984783
2563: 0.984789
2564: 0.984795
2565: 0.984801
2566: 0.984807
2567: 0.984813
2568: 0.984819
2569: 0.984825
2570: 0.984831
2571: 0.984837
2572: 0.984843
2573: 0.984848
2574: 0.984854
2575: 0.98486
2576: 0.984866
2577: 0.984872
2578: 0.984878
2579: 0.984884
2580: 0.98489
2581: 0.984895
2582: 0.984901
2583: 0.984907
2584: 0.984913
2585: 0.984919
2586: 0.984925
2587: 0.98493
2588: 0.984936
2589: 0.984942
2590: 0.984948
2591: 0.984954
2592: 0.98496
2593: 0.984965
2594: 0.984971
2595: 0.984977
2596: 0.984983
2597: 0.984988
2598: 0.984994
2599: 0.985
2600: 0.985006
2601: 0.985012
2602: 0.985017
2603: 0.985023
2604: 0.985029
2605: 0.985035
2606: 0.98504
2607: 0.985046
2608: 0.985052
2609: 0.985057
2610: 0.985063
2611: 0.985069
2612: 0.985075
2613: 0.98508
2614: 0.985086
2615: 0.985092
2616: 0.985097
2617: 0.985103
2618: 0.985109
2619: 0.985115
2620: 0.98512
2621: 0.985126
2622: 0.985132
2623: 0.985137
2624: 0.985143
2625: 0.985149
2626: 0.985154
2627: 0.98516
2628: 0.985165
2629: 0.985171
2630: 0.985177
2631: 0.985182
2632: 0.985188
2633: 0.985194
2634: 0.985199
2635: 0.985205
2636: 0.98521
2637: 0.985216
2638: 0.985222
2639: 0.985227
2640: 0.985233
2641: 0.985238
2642: 0.985244
2643: 0.98525
2644: 0.985255
2645: 0.985261
2646: 0.985266
2647: 0.985272
2648: 0.985277
2649: 0.985283
2650: 0.985289
2651: 0.985294
2652: 0.9853
2653: 0.985305
2654: 0.985311
2655: 0.985316
2656: 0.985322
2657: 0.985327
2658: 0.985333
2659: 0.985338
2660: 0.985344
2661: 0.985349
2662: 0.985355
2663: 0.98536
2664: 0.985366
2665: 0.985371
2666: 0.985377
2667: 0.985382
2668: 0.985388
2669: 0.985393
2670: 0.985399
2671: 0.985404
2672: 0.98541
2673: 0.985415
2674: 0.985421
2675: 0.985426
2676: 0.985431
2677: 0.985437
2678: 0.985442
2679: 0.985448
2680: 0.985453
2681: 0.985459
2682: 0.985464
2683: 0.985469
2684: 0.985475
2685: 0.98548
2686: 0.985486
2687: 0.985491
2688: 0.985496
2689: 0.985502
2690: 0.985507
2691: 0.985513
2692: 0.985518
2693: 0.985523
2694: 0.985529
2695: 0.985534
2696: 0.985539
2697: 0.985545
2698: 0.98555
2699: 0.985556
2700: 0.985561
2701: 0.985566
2702: 0.985572
2703: 0.985577
2704: 0.985582
2705: 0.985588
2706: 0.985593
2707: 0.985598
2708: 0.985604
2709: 0.985609
2710: 0.985614
2711: 0.985619
2712: 0.985625
2713: 0.98563
2714: 0.985635
2715: 0.985641
2716: 0.985646
2717: 0.985651
2718: 0.985656
2719: 0.985662
2720: 0.985667
2721: 0.985672
2722: 0.985678
2723: 0.985683
2724: 0.985688
2725: 0.985693
2726: 0.985699
2727: 0.985704
2728: 0.985709
2729: 0.985714
2730: 0.98572
2731: 0.985725
2732: 0.98573
2733: 0.985735
2734: 0.98574
2735: 0.985746
2736: 0.985751
2737: 0.985756
2738: 0.985761
2739: 0.985766
2740: 0.985772
2741: 0.985777
2742: 0.985782
2743: 0.985787
2744: 0.985792
2745: 0.985798
2746: 0.985803
2747: 0.985808
2748: 0.985813
2749: 0.985818
2750: 0.985823
2751: 0.985828
2752: 0.985834
2753: 0.985839
2754: 0.985844
2755: 0.985849
2756: 0.985854
2757: 0.985859
2758: 0.985864
2759: 0.98587
2760: 0.985875
2761: 0.98588
2762: 0.985885
2763: 0.98589
2764: 0.985895
2765: 0.9859
2766: 0.985905
2767: 0.98591
2768: 0.985915
2769: 0.985921
2770: 0.985926
2771: 0.985931
2772: 0.985936
2773: 0.985941
2774: 0.985946
2775: 0.985951
2776: 0.985956
2777: 0.985961
2778: 0.985966
2779: 0.985971
2780: 0.985976
2781: 0.985981
2782: 0.985986
2783: 0.985991
2784: 0.985996
2785: 0.986001
2786: 0.986006
2787: 0.986011
2788: 0.986016
2789: 0.986022
2790: 0.986027
2791: 0.986032
2792: 0.986037
2793: 0.986042
2794: 0.986047
2795: 0.986052
2796: 0.986056
2797: 0.986061
2798: 0.986066
2799: 0.986071
2800: 0.986076
2801: 0.986081
2802: 0.986086
2803: 0.986091
2804: 0.986096
2805: 0.986101
2806: 0.986106
2807: 0.986111
2808: 0.986116
2809: 0.986121
2810: 0.986126
2811: 0.986131
2812: 0.986136
2813: 0.986141
2814: 0.986146
2815: 0.986151
2816: 0.986155
2817: 0.98616
2818: 0.986165
2819: 0.98617
2820: 0.986175
2821: 0.98618
2822: 0.986185
2823: 0.98619
2824: 0.986195
2825: 0.9862
2826: 0.986204
2827: 0.986209
2828: 0.986214
2829: 0.986219
2830: 0.986224
2831: 0.986229
2832: 0.986234
2833: 0.986239
2834: 0.986243
2835: 0.986248
2836: 0.986253
2837: 0.986258
2838: 0.986263
2839: 0.986268
2840: 0.986272
2841: 0.986277
2842: 0.986282
2843: 0.986287
2844: 0.986292
2845: 0.986297
2846: 0.986301
2847: 0.986306
2848: 0.986311
2849: 0.986316
2850: 0.986321
2851: 0.986325
2852: 0.98633
2853: 0.986335
2854: 0.98634
2855: 0.986345
2856: 0.986349
2857: 0.986354
2858: 0.986359
2859: 0.986364
2860: 0.986368
2861: 0.986373
2862: 0.986378
2863: 0.986383
2864: 0.986387
2865: 0.986392
2866: 0.986397
2867: 0.986402
2868: 0.986406
2869: 0.986411
2870: 0.986416
2871: 0.986421
2872: 0.986425
2873: 0.98643
2874: 0.986435
2875: 0.986439
2876: 0.986444
2877: 0.986449
2878: 0.986454
2879: 0.986458
2880: 0.986463
2881: 0.986468
2882: 0.986472
2883: 0.986477
2884: 0.986482
2885: 0.986486
2886: 0.986491
2887: 0.986496
2888: 0.986501
2889: 0.986505
2890: 0.98651
2891: 0.986515
2892: 0.986519
2893: 0.986524
2894: 0.986528
2895: 0.986533
2896: 0.986538
2897: 0.986542
2898: 0.986547
2899: 0.986552
2900: 0.986556
2901: 0.986561
2902: 0.986566
2903: 0.98657
2904: 0.986575
2905: 0.986579
2906: 0.986584
2907: 0.986589
2908: 0.986593
2909: 0.986598
2910: 0.986603
2911: 0.986607
2912: 0.986612
2913: 0.986616
2914: 0.986621
2915: 0.986626
2916: 0.98663
2917: 0.986635
2918: 0.986639
2919: 0.986644
2920: 0.986648
2921: 0.986653
2922: 0.986658
2923: 0.986662
2924: 0.986667
2925: 0.986671
2926: 0.986676
2927: 0.98668
2928: 0.986685
2929: 0.986689
2930: 0.986694
2931: 0.986698
2932: 0.986703
2933: 0.986708
2934: 0.986712
2935: 0.986717
2936: 0.986721
2937: 0.986726
2938: 0.98673
2939: 0.986735
2940: 0.986739
2941: 0.986744
2942: 0.986748
2943: 0.986753
2944: 0.986757
2945: 0.986762
2946: 0.986766
2947: 0.986771
2948: 0.986775
2949: 0.98678
2950: 0.986784
2951: 0.986789
2952: 0.986793
2953: 0.986798
2954: 0.986802
2955: 0.986806
2956: 0.986811
2957: 0.986815
2958: 0.98682
2959: 0.986824
2960: 0.986829
2961: 0.986833
2962: 0.986838
2963: 0.986842
2964: 0.986847
2965: 0.986851
2966: 0.986855
2967: 0.98686
2968: 0.986864
2969: 0.986869
2970: 0.986873
2971: 0.986878
2972: 0.986882
2973: 0.986886
2974: 0.986891
2975: 0.986895
2976: 0.9869
2977: 0.986904
2978: 0.986908
2979: 0.986913
2980: 0.986917
2981: 0.986922
2982: 0.986926
2983: 0.98693
2984: 0.986935
2985: 0.986939
2986: 0.986943
2987: 0.986948
2988: 0.986952
2989: 0.986957
2990: 0.986961
2991: 0.986965
2992: 0.98697
2993: 0.986974
2994: 0.986978
2995: 0.986983
2996: 0.986987
2997: 0.986991
2998: 0.986996
2999: 0.987
3000: 0.987004
3001: 0.987009
3002: 0.987013
3003: 0.987017
3004: 0.987022
3005: 0.987026
3006: 0.98703
3007: 0.987035
3008: 0.987039
3009: 0.987043
3010: 0.987047
3011: 0.987052
3012: 0.987056
3013: 0.98706
3014: 0.987065
3015: 0.987069
3016: 0.987073
3017: 0.987078
3018: 0.987082
3019: 0.987086
3020: 0.98709
3021: 0.987095
3022: 0.987099
3023: 0.987103
3024: 0.987107
3025: 0.987112
3026: 0.987116
3027: 0.98712
3028: 0.987124
3029: 0.987129
3030: 0.987133
3031: 0.987137
3032: 0.987141
3033: 0.987146
3034: 0.98715
3035: 0.987154
3036: 0.987158
3037: 0.987163
3038: 0.987167
3039: 0.987171
3040: 0.987175
3041: 0.987179
3042: 0.987184
3043: 0.987188
3044: 0.987192
3045: 0.987196
3046: 0.987201
3047: 0.987205
3048: 0.987209
3049: 0.987213
3050: 0.987217
3051: 0.987221
3052: 0.987226
3053: 0.98723
3054: 0.987234
3055: 0.987238
3056: 0.987242
3057: 0.987247
3058: 0.987251
3059: 0.987255
3060: 0.987259
3061: 0.987263
3062: 0.987267
3063: 0.987272
3064: 0.987276
3065: 0.98728
3066: 0.987284
3067: 0.987288
3068: 0.987292
3069: 0.987296
3070: 0.987301
3071: 0.987305
3072: 0.987309
3073: 0.987313
3074: 0.987317
3075: 0.987321
3076: 0.987325
3077: 0.987329
3078: 0.987334
3079: 0.987338
3080: 0.987342
3081: 0.987346
3082: 0.98735
3083: 0.987354
3084: 0.987358
3085: 0.987362
3086: 0.987366
3087: 0.98737
3088: 0.987375
3089: 0.987379
3090: 0.987383
3091: 0.987387
3092: 0.987391
3093: 0.987395
3094: 0.987399
3095: 0.987403
3096: 0.987407
3097: 0.987411
3098: 0.987415
3099: 0.987419
3100: 0.987423
3101: 0.987427
3102: 0.987432
3103: 0.987436
3104: 0.98744
3105: 0.987444
3106: 0.987448
3107: 0.987452
3108: 0.987456
3109: 0.98746
3110: 0.987464
3111: 0.987468
3112: 0.987472
3113: 0.987476
3114: 0.98748
3115: 0.987484
3116: 0.987488
3117: 0.987492
3118: 0.987496
3119: 0.9875
3120: 0.987504
3121: 0.987508
3122: 0.987512
3123: 0.987516
3124: 0.98752
3125: 0.987524
3126: 0.987528
3127: 0.987532
3128: 0.987536
3129: 0.98754
3130: 0.987544
3131: 0.987548
3132: 0.987552
3133: 0.987556
3134: 0.98756
3135: 0.987564
3136: 0.987568
3137: 0.987572
3138: 0.987576
3139: 0.98758
3140: 0.987584
3141: 0.987588
3142: 0.987591
3143: 0.987595
3144: 0.987599
3145: 0.987603
3146: 0.987607
3147: 0.987611
3148: 0.987615
3149: 0.987619
3150: 0.987623
3151: 0.987627
3152: 0.987631
3153: 0.987635
3154: 0.987639
3155: 0.987643
3156: 0.987646
3157: 0.98765
3158: 0.987654
3159: 0.987658
3160: 0.987662
3161: 0.987666
3162: 0.98767
3163: 0.987674
3164: 0.987678
3165: 0.987682
3166: 0.987686
3167: 0.987689
3168: 0.987693
3169: 0.987697
3170: 0.987701
3171: 0.987705
3172: 0.987709
3173: 0.987713
3174: 0.987717
3175: 0.98772
3176: 0.987724
3177: 0.987728
3178: 0.987732
3179: 0.987736
3180: 0.98774
3181: 0.987744
3182: 0.987747
3183: 0.987751
3184: 0.987755
3185: 0.987759
3186: 0.987763
3187: 0.987767
3188: 0.98777
3189: 0.987774
3190: 0.987778
3191: 0.987782
3192: 0.987786
3193: 0.98779
3194: 0.987793
3195: 0.987797
3196: 0.987801
3197: 0.987805
3198: 0.987809
3199: 0.987812
3200: 0.987816
3201: 0.98782
3202: 0.987824
3203: 0.987828
3204: 0.987832
3205: 0.987835
3206: 0.987839
3207: 0.987843
3208: 0.987847
3209: 0.98785
3210: 0.987854
3211: 0.987858
3212: 0.987862
3213: 0.987866
3214: 0.987869
3215: 0.987873
3216: 0.987877
3217: 0.987881
3218: 0.987884
3219: 0.987888
3220: 0.987892
3221: 0.987896
3222: 0.987899
3223: 0.987903
3224: 0.987907
3225: 0.987911
3226: 0.987914
3227: 0.987918
3228: 0.987922
3229: 0.987926
3230: 0.987929
3231: 0.987933
3232: 0.987937
3233: 0.987941
3234: 0.987944
3235: 0.987948
3236: 0.987952
3237: 0.987956
3238: 0.987959
3239: 0.987963
3240: 0.987967
3241: 0.98797
3242: 0.987974
3243: 0.987978
3244: 0.987982
3245: 0.987985
3246: 0.987989
3247: 0.987993
3248: 0.987996
3249: 0.988
3250: 0.988004
3251: 0.988007
3252: 0.988011
3253: 0.988015
3254: 0.988018
3255: 0.988022
3256: 0.988026
3257: 0.988029
3258: 0.988033
3259: 0.988037
3260: 0.98804
3261: 0.988044
3262: 0.988048
3263: 0.988051
3264: 0.988055
3265: 0.988059
3266: 0.988062
3267: 0.988066
3268: 0.98807
3269: 0.988073
3270: 0.988077
3271: 0.988081
3272: 0.988084
3273: 0.988088
3274: 0.988092
3275: 0.988095
3276: 0.988099
3277: 0.988103
3278: 0.988106
3279: 0.98811
3280: 0.988113
3281: 0.988117
3282: 0.988121
3283: 0.988124
3284: 0.988128
3285: 0.988131
3286: 0.988135
3287: 0.988139
3288: 0.988142
3289: 0.988146
3290: 0.988149
3291: 0.988153
3292: 0.988157
3293: 0.98816
3294: 0.988164
3295: 0.988167
3296: 0.988171
3297: 0.988175
3298: 0.988178
3299: 0.988182
3300: 0.988185
3301: 0.988189
3302: 0.988193
3303: 0.988196
3304: 0.9882
3305: 0.988203
3306: 0.988207
3307: 0.98821
3308: 0.988214
3309: 0.988218
3310: 0.988221
3311: 0.988225
3312: 0.988228
3313: 0.988232
3314: 0.988235
3315: 0.988239
3316: 0.988242
3317: 0.988246
3318: 0.988249
3319: 0.988253
3320: 0.988257
3321: 0.98826
3322: 0.988264
3323: 0.988267
3324: 0.988271
3325: 0.988274
3326: 0.988278
3327: 0.988281
3328: 0.988285
3329: 0.988288
3330: 0.988292
3331: 0.988295
3332: 0.988299
3333: 0.988302
3334: 0.988306
3335: 0.988309
3336: 0.988313
3337: 0.988316
3338: 0.98832
3339: 0.988323
3340: 0.988327
3341: 0.98833
3342: 0.988334
3343: 0.988337
3344: 0.988341
3345: 0.988344
3346: 0.988348
3347: 0.988351
3348: 0.988355
3349: 0.988358
3350: 0.988362
3351: 0.988365
3352: 0.988369
3353: 0.988372
3354: 0.988376
3355: 0.988379
3356: 0.988382
3357: 0.988386
3358: 0.988389
3359: 0.988393
3360: 0.988396
3361: 0.9884
3362: 0.988403
3363: 0.988407
3364: 0.98841
3365: 0.988414
3366: 0.988417
3367: 0.98842
3368: 0.988424
3369: 0.988427
3370: 0.988431
3371: 0.988434
3372: 0.988438
3373: 0.988441
3374: 0.988444
3375: 0.988448
3376: 0.988451
3377: 0.988455
3378: 0.988458
3379: 0.988462
3380: 0.988465
3381: 0.988468
3382: 0.988472
3383: 0.988475
3384: 0.988479
3385: 0.988482
3386: 0.988485
3387: 0.988489
3388: 0.988492
3389: 0.988496
3390: 0.988499
3391: 0.988502
3392: 0.988506
3393: 0.988509
3394: 0.988513
3395: 0.988516
3396: 0.988519
3397: 0.988523
3398: 0.988526
3399: 0.988529
3400: 0.988533
3401: 0.988536
3402: 0.98854
3403: 0.988543
3404: 0.988546
3405: 0.98855
3406: 0.988553
3407: 0.988556
3408: 0.98856
3409: 0.988563
3410: 0.988566
3411: 0.98857
3412: 0.988573
3413: 0.988576
3414: 0.98858
3415: 0.988583
3416: 0.988586
3417: 0.98859
3418: 0.988593
3419: 0.988596
3420: 0.9886
3421: 0.988603
3422: 0.988606
3423: 0.98861
3424: 0.988613
3425: 0.988616
3426: 0.98862
3427: 0.988623
3428: 0.988626
3429: 0.98863
3430: 0.988633
3431: 0.988636
3432: 0.98864
3433: 0.988643
3434: 0.988646
3435: 0.98865
3436: 0.988653
3437: 0.988656
3438: 0.988659
3439: 0.988663
3440: 0.988666
3441: 0.988669
3442: 0.988673
3443: 0.988676
3444: 0.988679
3445: 0.988683
3446: 0.988686
3447: 0.988689
3448: 0.988692
3449: 0.988696
3450: 0.988699
3451: 0.988702
3452: 0.988705
3453: 0.988709
3454: 0.988712
3455: 0.988715
3456: 0.988719
3457: 0.988722
3458: 0.988725
3459: 0.988728
3460: 0.988732
3461: 0.988735
3462: 0.988738
3463: 0.988741
3464: 0.988745
3465: 0.988748
3466: 0.988751
3467: 0.988754
3468: 0.988758
3469: 0.988761
3470: 0.988764
3471: 0.988767
3472: 0.988771
3473: 0.988774
3474: 0.988777
3475: 0.98878
3476: 0.988783
3477: 0.988787
3478: 0.98879
3479: 0.988793
3480: 0.988796
3481: 0.9888
3482: 0.988803
3483: 0.988806
3484: 0.988809
3485: 0.988812
3486: 0.988816
3487: 0.988819
3488: 0.988822
3489: 0.988825
3490: 0.988828
3491: 0.988832
3492: 0.988835
3493: 0.988838
3494: 0.988841
3495: 0.988844
3496: 0.988848
3497: 0.988851
3498: 0.988854
3499: 0.988857
3500: 0.98886
3501: 0.988864
3502: 0.988867
3503: 0.98887
3504: 0.988873
3505: 0.988876
3506: 0.988879
3507: 0.988883
3508: 0.988886
3509: 0.988889
3510: 0.988892
3511: 0.988895
3512: 0.988898
3513: 0.988902
3514: 0.988905
3515: 0.988908
3516: 0.988911
3517: 0.988914
3518: 0.988917
3519: 0.98892
3520: 0.988924
3521: 0.988927
3522: 0.98893
3523: 0.988933
3524: 0.988936
3525: 0.988939
3526: 0.988942
3527: 0.988946
3528: 0.988949
3529: 0.988952
3530: 0.988955
3531: 0.988958
3532: 0.988961
3533: 0.988964
3534: 0.988967
3535: 0.988971
3536: 0.988974
3537: 0.988977
3538: 0.98898
3539: 0.988983
3540: 0.988986
3541: 0.988989
3542: 0.988992
3543: 0.988995
3544: 0.988999
3545: 0.989002
3546: 0.989005
3547: 0.989008
3548: 0.989011
3549: 0.989014
3550: 0.989017
3551: 0.98902
3552: 0.989023
3553: 0.989026
3554: 0.98903
3555: 0.989033
3556: 0.989036
3557: 0.989039
3558: 0.989042
3559: 0.989045
3560: 0.989048
3561: 0.989051
3562: 0.989054
3563: 0.989057
3564: 0.98906
3565: 0.989063
3566: 0.989066
3567: 0.98907
3568: 0.989073
3569: 0.989076
3570: 0.989079
3571: 0.989082
3572: 0.989085
3573: 0.989088
3574: 0.989091
3575: 0.989094
3576: 0.989097
3577: 0.9891
3578: 0.989103
3579: 0.989106
3580: 0.989109
3581: 0.989112
3582: 0.989115
3583: 0.989118
3584: 0.989121
3585: 0.989124
3586: 0.989127
3587: 0.98913
3588: 0.989133
3589: 0.989136
3590: 0.98914
3591: 0.989143
3592: 0.989146
3593: 0.989149
3594: 0.989152
3595: 0.989155
3596: 0.989158
3597: 0.989161
3598: 0.989164
3599: 0.989167
3600: 0.98917
3601: 0.989173
3602: 0.989176
3603: 0.989179
3604: 0.989182
3605: 0.989185
3606: 0.989188
3607: 0.989191
3608: 0.989194
3609: 0.989197
3610: 0.9892
3611: 0.989203
3612: 0.989206
3613: 0.989209
3614: 0.989212
3615: 0.989215
3616: 0.989218
3617: 0.989221
3618: 0.989224
3619: 0.989227
3620: 0.989229
3621: 0.989232
3622: 0.989235
3623: 0.989238
3624: 0.989241
3625: 0.989244
3626: 0.989247
3627: 0.98925
3628: 0.989253
3629: 0.989256
3630: 0.989259
3631: 0.989262
3632: 0.989265
3633: 0.989268
3634: 0.989271
3635: 0.989274
3636: 0.989277
3637: 0.98928
3638: 0.989283
3639: 0.989286
3640: 0.989289
3641: 0.989292
3642: 0.989295
3643: 0.989297
3644: 0.9893
3645: 0.989303
3646: 0.989306
3647: 0.989309
3648: 0.989312
3649: 0.989315
3650: 0.989318
3651: 0.989321
3652: 0.989324
3653: 0.989327
3654: 0.98933
3655: 0.989333
3656: 0.989336
3657: 0.989338
3658: 0.989341
3659: 0.989344
3660: 0.989347
3661: 0.98935
3662: 0.989353
3663: 0.989356
3664: 0.989359
3665: 0.989362
3666: 0.989365
3667: 0.989368
3668: 0.98937
3669: 0.989373
3670: 0.989376
3671: 0.989379
3672: 0.989382
3673: 0.989385
3674: 0.989388
3675: 0.989391
3676: 0.989394
3677: 0.989396
3678: 0.989399
3679: 0.989402
3680: 0.989405
3681: 0.989408
3682: 0.989411
3683: 0.989414
3684: 0.989417
3685: 0.989419
3686: 0.989422
3687: 0.989425
3688: 0.989428
3689: 0.989431
3690: 0.989434
3691: 0.989437
3692: 0.989439
3693: 0.989442
3694: 0.989445
3695: 0.989448
3696: 0.989451
3697: 0.989454
3698: 0.989457
3699: 0.989459
3700: 0.989462
3701: 0.989465
3702: 0.989468
3703: 0.989471
3704: 0.989474
3705: 0.989477
3706: 0.989479
3707: 0.989482
3708: 0.989485
3709: 0.989488
3710: 0.989491
3711: 0.989494
3712: 0.989496
3713: 0.989499
3714: 0.989502
3715: 0.989505
3716: 0.989508
3717: 0.98951
3718: 0.989513
3719: 0.989516
3720: 0.989519
3721: 0.989522
3722: 0.989525
3723: 0.989527
3724: 0.98953
3725: 0.989533
3726: 0.989536
3727: 0.989539
3728: 0.989541
3729: 0.989544
3730: 0.989547
3731: 0.98955
3732: 0.989553
3733: 0.989555
3734: 0.989558
3735: 0.989561
3736: 0.989564
3737: 0.989567
3738: 0.989569
3739: 0.989572
3740: 0.989575
3741: 0.989578
3742: 0.989581
3743: 0.989583
3744: 0.989586
3745: 0.989589
3746: 0.989592
3747: 0.989594
3748: 0.989597
3749: 0.9896
3750: 0.989603
3751: 0.989606
3752: 0.989608
3753: 0.989611
3754: 0.989614
3755: 0.989617
3756: 0.989619
3757: 0.989622
3758: 0.989625
3759: 0.989628
3760: 0.98963
3761: 0.989633
3762: 0.989636
3763: 0.989639
3764: 0.989641
3765: 0.989644
3766: 0.989647
3767: 0.98965
3768: 0.989652
3769: 0.989655
3770: 0.989658
3771: 0.989661
3772: 0.989663
3773: 0.989666
3774: 0.989669
3775: 0.989672
3776: 0.989674
3777: 0.989677
3778: 0.98968
3779: 0.989683
3780: 0.989685
3781: 0.989688
3782: 0.989691
3783: 0.989693
3784: 0.989696
3785: 0.989699
3786: 0.989702
3787: 0.989704
3788: 0.989707
3789: 0.98971
3790: 0.989712
3791: 0.989715
3792: 0.989718
3793: 0.989721
3794: 0.989723
3795: 0.989726
3796: 0.989729
3797: 0.989731
3798: 0.989734
3799: 0.989737
3800: 0.98974
3801: 0.989742
3802: 0.989745
3803: 0.989748
3804: 0.98975
3805: 0.989753
3806: 0.989756
3807: 0.989758
3808: 0.989761
3809: 0.989764
3810: 0.989766
3811: 0.989769
3812: 0.989772
3813: 0.989775
3814: 0.989777
3815: 0.98978
3816: 0.989783
3817: 0.989785
3818: 0.989788
3819: 0.989791
3820: 0.989793
3821: 0.989796
3822: 0.989799
3823: 0.989801
3824: 0.989804
3825: 0.989807
3826: 0.989809
3827: 0.989812
3828: 0.989815
3829: 0.989817
3830: 0.98982
3831: 0.989823
3832: 0.989825
3833: 0.989828
3834: 0.989831
3835: 0.989833
3836: 0.989836
3837: 0.989838
3838: 0.989841
3839: 0.989844
3840: 0.989846
3841: 0.989849
3842: 0.989852
3843: 0.989854
3844: 0.989857
3845: 0.98986
3846: 0.989862
3847: 0.989865
3848: 0.989867
3849: 0.98987
3850: 0.989873
3851: 0.989875
3852: 0.989878
3853: 0.989881
3854: 0.989883
3855: 0.989886
3856: 0.989889
3857: 0.989891
3858: 0.989894
3859: 0.989896
3860: 0.989899
3861: 0.989902
3862: 0.989904
3863: 0.989907
3864: 0.989909
3865: 0.989912
3866: 0.989915
3867: 0.989917
3868: 0.98992
3869: 0.989922
3870: 0.989925
3871: 0.989928
3872: 0.98993
3873: 0.989933
3874: 0.989935
3875: 0.989938
3876: 0.989941
3877: 0.989943
3878: 0.989946
3879: 0.989948
3880: 0.989951
3881: 0.989954
3882: 0.989956
3883: 0.989959
3884: 0.989961
3885: 0.989964
3886: 0.989967
3887: 0.989969
3888: 0.989972
3889: 0.989974
3890: 0.989977
3891: 0.989979
3892: 0.989982
3893: 0.989985
3894: 0.989987
3895: 0.98999
3896: 0.989992
3897: 0.989995
3898: 0.989997
3899: 0.99
3900: 0.990003
3901: 0.990005
3902: 0.990008
3903: 0.99001
3904: 0.990013
3905: 0.990015
3906: 0.990018
3907: 0.99002
3908: 0.990023
3909: 0.990026
3910: 0.990028
3911: 0.990031
3912: 0.990033
3913: 0.990036
3914: 0.990038
3915: 0.990041
3916: 0.990043
3917: 0.990046
3918: 0.990048
3919: 0.990051
3920: 0.990054
3921: 0.990056
3922: 0.990059
3923: 0.990061
3924: 0.990064
3925: 0.990066
3926: 0.990069
3927: 0.990071
3928: 0.990074
3929: 0.990076
3930: 0.990079
3931: 0.990081
3932: 0.990084
3933: 0.990086
3934: 0.990089
3935: 0.990091
3936: 0.990094
3937: 0.990096
3938: 0.990099
3939: 0.990102
3940: 0.990104
3941: 0.990107
3942: 0.990109
3943: 0.990112
3944: 0.990114
3945: 0.990117
3946: 0.990119
3947: 0.990122
3948: 0.990124
3949: 0.990127
3950: 0.990129
3951: 0.990132
3952: 0.990134
3953: 0.990137
3954: 0.990139
3955: 0.990142
3956: 0.990144
3957: 0.990147
3958: 0.990149
3959: 0.990152
3960: 0.990154
3961: 0.990156
3962: 0.990159
3963: 0.990161
3964: 0.990164
3965: 0.990166
3966: 0.990169
3967: 0.990171
3968: 0.990174
3969: 0.990176
3970: 0.990179
3971: 0.990181
3972: 0.990184
3973: 0.990186
3974: 0.990189
3975: 0.990191
3976: 0.990194
3977: 0.990196
3978: 0.990199
3979: 0.990201
3980: 0.990203
3981: 0.990206
3982: 0.990208
3983: 0.990211
3984: 0.990213
3985: 0.990216
3986: 0.990218
3987: 0.990221
3988: 0.990223
3989: 0.990226
3990: 0.990228
3991: 0.99023
3992: 0.990233
3993: 0.990235
3994: 0.990238
3995: 0.99024
3996: 0.990243
3997: 0.990245
3998: 0.990248
3999: 0.99025
4000: 0.990252
4001: 0.990255
4002: 0.990257
4003: 0.99026
4004: 0.990262
4005: 0.990265
4006: 0.990267
4007: 0.990269
4008: 0.990272
4009: 0.990274
4010: 0.990277
4011: 0.990279
4012: 0.990282
4013: 0.990284
4014: 0.990286
4015: 0.990289
4016: 0.990291
4017: 0.990294
4018: 0.990296
4019: 0.990299
4020: 0.990301
4021: 0.990303
4022: 0.990306
4023: 0.990308
4024: 0.990311
4025: 0.990313
4026: 0.990315
4027: 0.990318
4028: 0.99032
4029: 0.990323
4030: 0.990325
4031: 0.990327
4032: 0.99033
4033: 0.990332
4034: 0.990335
4035: 0.990337
4036: 0.990339
4037: 0.990342
4038: 0.990344
4039: 0.990347
4040: 0.990349
4041: 0.990351
4042: 0.990354
4043: 0.990356
4044: 0.990358
4045: 0.990361
4046: 0.990363
4047: 0.990366
4048: 0.990368
4049: 0.99037
4050: 0.990373
4051: 0.990375
4052: 0.990377
4053: 0.99038
4054: 0.990382
4055: 0.990385
4056: 0.990387
4057: 0.990389
4058: 0.990392
4059: 0.990394
4060: 0.990396
4061: 0.990399
4062: 0.990401
4063: 0.990404
4064: 0.990406
4065: 0.990408
4066: 0.990411
4067: 0.990413
4068: 0.990415
4069: 0.990418
4070: 0.99042
4071: 0.990422
4072: 0.990425
4073: 0.990427
4074: 0.990429
4075: 0.990432
4076: 0.990434
4077: 0.990436
4078: 0.990439
4079: 0.990441
4080: 0.990444
4081: 0.990446
4082: 0.990448
4083: 0.990451
4084: 0.990453
4085: 0.990455
4086: 0.990458
4087: 0.99046
4088: 0.990462
4089: 0.990465
4090: 0.990467
4091: 0.990469
4092: 0.990472
4093: 0.990474
4094: 0.990476
4095: 0.990479
4096: 0.990481
4097: 0.990483
4098: 0.990485
4099: 0.990488
4100: 0.99049
4101: 0.990492
4102: 0.990495
4103: 0.990497
4104: 0.990499
4105: 0.990502
4106: 0.990504
4107: 0.990506
4108: 0.990509
4109: 0.990511
4110: 0.990513
4111: 0.990516
4112: 0.990518
4113: 0.99052
4114: 0.990522
4115: 0.990525
4116: 0.990527
4117: 0.990529
4118: 0.990532
4119: 0.990534
4120: 0.990536
4121: 0.990539
4122: 0.990541
4123: 0.990543
4124: 0.990545
4125: 0.990548
4126: 0.99055
4127: 0.990552
4128: 0.990555
4129: 0.990557
4130: 0.990559
4131: 0.990561
4132: 0.990564
4133: 0.990566
4134: 0.990568
4135: 0.990571
4136: 0.990573
4137: 0.990575
4138: 0.990577
4139: 0.99058
4140: 0.990582
4141: 0.990584
4142: 0.990587
4143: 0.990589
4144: 0.990591
4145: 0.990593
4146: 0.990596
4147: 0.990598
4148: 0.9906
4149: 0.990602
4150: 0.990605
4151: 0.990607
4152: 0.990609
4153: 0.990611
4154: 0.990614
4155: 0.990616
4156: 0.990618
4157: 0.99062
4158: 0.990623
4159: 0.990625
4160: 0.990627
4161: 0.99063
4162: 0.990632
4163: 0.990634
4164: 0.990636
4165: 0.990639
4166: 0.990641
4167: 0.990643
4168: 0.990645
4169: 0.990647
4170: 0.99065
4171: 0.990652
4172: 0.990654
4173: 0.990656
4174: 0.990659
4175: 0.990661
4176: 0.990663
4177: 0.990665
4178: 0.990668
4179: 0.99067
4180: 0.990672
4181: 0.990674
4182: 0.990677
4183: 0.990679
4184: 0.990681
4185: 0.990683
4186: 0.990685
4187: 0.990688
4188: 0.99069
4189: 0.990692
4190: 0.990694
4191: 0.990697
4192: 0.990699
4193: 0.990701
4194: 0.990703
4195: 0.990705
4196: 0.990708
4197: 0.99071
4198: 0.990712
4199: 0.990714
4200: 0.990716
4201: 0.990719
4202: 0.990721
4203: 0.990723
4204: 0.990725
4205: 0.990728
4206: 0.99073
4207: 0.990732
4208: 0.990734
4209: 0.990736
4210: 0.990739
4211: 0.990741
4212: 0.990743
4213: 0.990745
4214: 0.990747
4215: 0.99075
4216: 0.990752
4217: 0.990754
4218: 0.990756
4219: 0.990758
4220: 0.99076
4221: 0.990763
4222: 0.990765
4223: 0.990767
4224: 0.990769
4225: 0.990771
4226: 0.990774
4227: 0.990776
4228: 0.990778
4229: 0.99078
4230: 0.990782
4231: 0.990784
4232: 0.990787
4233: 0.990789
4234: 0.990791
4235: 0.990793
4236: 0.990795
4237: 0.990798
4238: 0.9908
4239: 0.990802
4240: 0.990804
4241: 0.990806
4242: 0.990808
4243: 0.990811
4244: 0.990813
4245: 0.990815
4246: 0.990817
4247: 0.990819
4248: 0.990821
4249: 0.990824
4250: 0.990826
4251: 0.990828
4252: 0.99083
4253: 0.990832
4254: 0.990834
4255: 0.990836
4256: 0.990839
4257: 0.990841
4258: 0.990843
4259: 0.990845
4260: 0.990847
4261: 0.990849
4262: 0.990852
4263: 0.990854
4264: 0.990856
4265: 0.990858
4266: 0.99086
4267: 0.990862
4268: 0.990864
4269: 0.990867
4270: 0.990869
4271: 0.990871
4272: 0.990873
4273: 0.990875
4274: 0.990877
4275: 0.990879
4276: 0.990881
4277: 0.990884
4278: 0.990886
4279: 0.990888
4280: 0.99089
4281: 0.990892
4282: 0.990894
4283: 0.990896
4284: 0.990898
4285: 0.990901
4286: 0.990903
4287: 0.990905
4288: 0.990907
4289: 0.990909
4290: 0.990911
4291: 0.990913
4292: 0.990915
4293: 0.990918
4294: 0.99092
4295: 0.990922
4296: 0.990924
4297: 0.990926
4298: 0.990928
4299: 0.99093
4300: 0.990932
4301: 0.990934
4302: 0.990937
4303: 0.990939
4304: 0.990941
4305: 0.990943
4306: 0.990945
4307: 0.990947
4308: 0.990949
4309: 0.990951
4310: 0.990953
4311: 0.990955
4312: 0.990958
4313: 0.99096
4314: 0.990962
4315: 0.990964
4316: 0.990966
4317: 0.990968
4318: 0.99097
4319: 0.990972
4320: 0.990974
4321: 0.990976
4322: 0.990978
4323: 0.990981
4324: 0.990983
4325: 0.990985
4326: 0.990987
4327: 0.990989
4328: 0.990991
4329: 0.990993
4330: 0.990995
4331: 0.990997
4332: 0.990999
4333: 0.991001
4334: 0.991003
4335: 0.991006
4336: 0.991008
4337: 0.99101
4338: 0.991012
4339: 0.991014
4340: 0.991016
4341: 0.991018
4342: 0.99102
4343: 0.991022
4344: 0.991024
4345: 0.991026
4346: 0.991028
4347: 0.99103
4348: 0.991032
4349: 0.991034
4350: 0.991037
4351: 0.991039
4352: 0.991041
4353: 0.991043
4354: 0.991045
4355: 0.991047
4356: 0.991049
4357: 0.991051
4358: 0.991053
4359: 0.991055
4360: 0.991057
4361: 0.991059
4362: 0.991061
4363: 0.991063
4364: 0.991065
4365: 0.991067
4366: 0.991069
4367: 0.991071
4368: 0.991073
4369: 0.991076
4370: 0.991078
4371: 0.99108
4372: 0.991082
4373: 0.991084
4374: 0.991086
4375: 0.991088
4376: 0.99109
4377: 0.991092
4378: 0.991094
4379: 0.991096
4380: 0.991098
4381: 0.9911
4382: 0.991102
4383: 0.991104
4384: 0.991106
4385: 0.991108
4386: 0.99111
4387: 0.991112
4388: 0.991114
4389: 0.991116
4390: 0.991118
4391: 0.99112
4392: 0.991122
4393: 0.991124
4394: 0.991126
4395: 0.991128
4396: 0.99113
4397: 0.991132
4398: 0.991134
4399: 0.991136
4400: 0.991138
4401: 0.99114
4402: 0.991142
4403: 0.991144
4404: 0.991146
4405: 0.991148
4406: 0.99115
4407: 0.991152
4408: 0.991154
4409: 0.991156
4410: 0.991158
4411: 0.99116
4412: 0.991162
4413: 0.991164
4414: 0.991166
4415: 0.991168
4416: 0.99117
4417: 0.991172
4418: 0.991174
4419: 0.991176
4420: 0.991178
4421: 0.99118
4422: 0.991182
4423: 0.991184
4424: 0.991186
4425: 0.991188
4426: 0.99119
4427: 0.991192
4428: 0.991194
4429: 0.991196
4430: 0.991198
4431: 0.9912
4432: 0.991202
4433: 0.991204
4434: 0.991206
4435: 0.991208
4436: 0.99121
4437: 0.991212
4438: 0.991214
4439: 0.991216
4440: 0.991218
4441: 0.99122
4442: 0.991222
4443: 0.991224
4444: 0.991226
4445: 0.991228
4446: 0.99123
4447: 0.991232
4448: 0.991234
4449: 0.991236
4450: 0.991238
4451: 0.99124
4452: 0.991242
4453: 0.991244
4454: 0.991246
4455: 0.991248
4456: 0.99125
4457: 0.991252
4458: 0.991254
4459: 0.991256
4460: 0.991258
4461: 0.99126
4462: 0.991261
4463: 0.991263
4464: 0.991265
4465: 0.991267
4466: 0.991269
4467: 0.991271
4468: 0.991273
4469: 0.991275
4470: 0.991277
4471: 0.991279
4472: 0.991281
4473: 0.991283
4474: 0.991285
4475: 0.991287
4476: 0.991289
4477: 0.991291
4478: 0.991293
4479: 0.991295
4480: 0.991297
4481: 0.991299
4482: 0.9913
4483: 0.991302
4484: 0.991304
4485: 0.991306
4486: 0.991308
4487: 0.99131
4488: 0.991312
4489: 0.991314
4490: 0.991316
4491: 0.991318
4492: 0.99132
4493: 0.991322
4494: 0.991324
4495: 0.991326
4496: 0.991328
4497: 0.991329
4498: 0.991331
4499: 0.991333
4500: 0.991335
4501: 0.991337
4502: 0.991339
4503: 0.991341
4504: 0.991343
4505: 0.991345
4506: 0.991347
4507: 0.991349
4508: 0.991351
4509: 0.991353
4510: 0.991354
4511: 0.991356
4512: 0.991358
4513: 0.99136
4514: 0.991362
4515: 0.991364
4516: 0.991366
4517: 0.991368
4518: 0.99137
4519: 0.991372
4520: 0.991374
4521: 0.991375
4522: 0.991377
4523: 0.991379
4524: 0.991381
4525: 0.991383
4526: 0.991385
4527: 0.991387
4528: 0.991389
4529: 0.991391
4530: 0.991393
4531: 0.991395
4532: 0.991396
4533: 0.991398
4534: 0.9914
4535: 0.991402
4536: 0.991404
4537: 0.991406
4538: 0.991408
4539: 0.99141
4540: 0.991412
4541: 0.991413
4542: 0.991415
4543: 0.991417
4544: 0.991419
4545: 0.991421
4546: 0.991423
4547: 0.991425
4548: 0.991427
4549: 0.991429
4550: 0.99143
4551: 0.991432
4552: 0.991434
4553: 0.991436
4554: 0.991438
4555: 0.99144
4556: 0.991442
4557: 0.991444
4558: 0.991445
4559: 0.991447
4560: 0.991449
4561: 0.991451
4562: 0.991453
4563: 0.991455
4564: 0.991457
4565: 0.991459
4566: 0.99146
4567: 0.991462
4568: 0.991464
4569: 0.991466
4570: 0.991468
4571: 0.99147
4572: 0.991472
4573: 0.991474
4574: 0.991475
4575: 0.991477
4576: 0.991479
4577: 0.991481
4578: 0.991483
4579: 0.991485
4580: 0.991487
4581: 0.991488
4582: 0.99149
4583: 0.991492
4584: 0.991494
4585: 0.991496
4586: 0.991498
4587: 0.9915
4588: 0.991501
4589: 0.991503
4590: 0.991505
4591: 0.991507
4592: 0.991509
4593: 0.991511
4594: 0.991513
4595: 0.991514
4596: 0.991516
4597: 0.991518
4598: 0.99152
4599: 0.991522
4600: 0.991524
4601: 0.991525
4602: 0.991527
4603: 0.991529
4604: 0.991531
4605: 0.991533
4606: 0.991535
4607: 0.991536
4608: 0.991538
4609: 0.99154
4610: 0.991542
4611: 0.991544
4612: 0.991546
4613: 0.991547
4614: 0.991549
4615: 0.991551
4616: 0.991553
4617: 0.991555
4618: 0.991557
4619: 0.991558
4620: 0.99156
4621: 0.991562
4622: 0.991564
4623: 0.991566
4624: 0.991568
4625: 0.991569
4626: 0.991571
4627: 0.991573
4628: 0.991575
4629: 0.991577
4630: 0.991578
4631: 0.99158
4632: 0.991582
4633: 0.991584
4634: 0.991586
4635: 0.991588
4636: 0.991589
4637: 0.991591
4638: 0.991593
4639: 0.991595
4640: 0.991597
4641: 0.991598
4642: 0.9916
4643: 0.991602
4644: 0.991604
4645: 0.991606
4646: 0.991607
4647: 0.991609
4648: 0.991611
4649: 0.991613
4650: 0.991615
4651: 0.991617
4652: 0.991618
4653: 0.99162
4654: 0.991622
4655: 0.991624
4656: 0.991626
4657: 0.991627
4658: 0.991629
4659: 0.991631
4660: 0.991633
4661: 0.991634
4662: 0.991636
4663: 0.991638
4664: 0.99164
4665: 0.991642
4666: 0.991643
4667: 0.991645
4668: 0.991647
4669: 0.991649
4670: 0.991651
4671: 0.991652
4672: 0.991654
4673: 0.991656
4674: 0.991658
4675: 0.99166
4676: 0.991661
4677: 0.991663
4678: 0.991665
4679: 0.991667
4680: 0.991668
4681: 0.99167
4682: 0.991672
4683: 0.991674
4684: 0.991676
4685: 0.991677
4686: 0.991679
4687: 0.991681
4688: 0.991683
4689: 0.991684
4690: 0.991686
4691: 0.991688
4692: 0.99169
4693: 0.991692
4694: 0.991693
4695: 0.991695
4696: 0.991697
4697: 0.991699
4698: 0.9917
4699: 0.991702
4700: 0.991704
4701: 0.991706
4702: 0.991707
4703: 0.991709
4704: 0.991711
4705: 0.991713
4706: 0.991714
4707: 0.991716
4708: 0.991718
4709: 0.99172
4710: 0.991722
4711: 0.991723
4712: 0.991725
4713: 0.991727
4714: 0.991729
4715: 0.99173
4716: 0.991732
4717: 0.991734
4718: 0.991736
4719: 0.991737
4720: 0.991739
4721: 0.991741
4722: 0.991743
4723: 0.991744
4724: 0.991746
4725: 0.991748
4726: 0.99175
4727: 0.991751
4728: 0.991753
4729: 0.991755
4730: 0.991756
4731: 0.991758
4732: 0.99176
4733: 0.991762
4734: 0.991763
4735: 0.991765
4736: 0.991767
4737: 0.991769
4738: 0.99177
4739: 0.991772
4740: 0.991774
4741: 0.991776
4742: 0.991777
4743: 0.991779
4744: 0.991781
4745: 0.991783
4746: 0.991784
4747: 0.991786
4748: 0.991788
4749: 0.991789
4750: 0.991791
4751: 0.991793
4752: 0.991795
4753: 0.991796
4754: 0.991798
4755: 0.9918
4756: 0.991802
4757: 0.991803
4758: 0.991805
4759: 0.991807
4760: 0.991808
4761: 0.99181
4762: 0.991812
4763: 0.991814
4764: 0.991815
4765: 0.991817
4766: 0.991819
4767: 0.99182
4768: 0.991822
4769: 0.991824
4770: 0.991826
4771: 0.991827
4772: 0.991829
4773: 0.991831
4774: 0.991832
4775: 0.991834
4776: 0.991836
4777: 0.991838
4778: 0.991839
4779: 0.991841
4780: 0.991843
4781: 0.991844
4782: 0.991846
4783: 0.991848
4784: 0.99185
4785: 0.991851
4786: 0.991853
4787: 0.991855
4788: 0.991856
4789: 0.991858
4790: 0.99186
4791: 0.991861
4792: 0.991863
4793: 0.991865
4794: 0.991867
4795: 0.991868
4796: 0.99187
4797: 0.991872
4798: 0.991873
4799: 0.991875
4800: 0.991877
4801: 0.991878
4802: 0.99188
4803: 0.991882
4804: 0.991883
4805: 0.991885
4806: 0.991887
4807: 0.991889
4808: 0.99189
4809: 0.991892
4810: 0.991894
4811: 0.991895
4812: 0.991897
4813: 0.991899
4814: 0.9919
4815: 0.991902
4816: 0.991904
4817: 0.991905
4818: 0.991907
4819: 0.991909
4820: 0.99191
4821: 0.991912
4822: 0.991914
4823: 0.991915
4824: 0.991917
4825: 0.991919
4826: 0.99192
4827: 0.991922
4828: 0.991924
4829: 0.991925
4830: 0.991927
4831: 0.991929
4832: 0.99193
4833: 0.991932
4834: 0.991934
4835: 0.991935
4836: 0.991937
4837: 0.991939
4838: 0.99194
4839: 0.991942
4840: 0.991944
4841: 0.991945
4842: 0.991947
4843: 0.991949
4844: 0.99195
4845: 0.991952
4846: 0.991954
4847: 0.991955
4848: 0.991957
4849: 0.991959
4850: 0.99196
4851: 0.991962
4852: 0.991964
4853: 0.991965
4854: 0.991967
4855: 0.991969
4856: 0.99197
4857: 0.991972
4858: 0.991974
4859: 0.991975
4860: 0.991977
4861: 0.991979
4862: 0.99198
4863: 0.991982
4864: 0.991984
4865: 0.991985
4866: 0.991987
4867: 0.991988
4868: 0.99199
4869: 0.991992
4870: 0.991993
4871: 0.991995
4872: 0.991997
4873: 0.991998
4874: 0.992
4875: 0.992002
4876: 0.992003
4877: 0.992005
4878: 0.992007
4879: 0.992008
4880: 0.99201
4881: 0.992011
4882: 0.992013
4883: 0.992015
4884: 0.992016
4885: 0.992018
4886: 0.99202
4887: 0.992021
4888: 0.992023
4889: 0.992025
4890: 0.992026
4891: 0.992028
4892: 0.992029
4893: 0.992031
4894: 0.992033
4895: 0.992034
4896: 0.992036
4897: 0.992038
4898: 0.992039
4899: 0.992041
4900: 0.992042
4901: 0.992044
4902: 0.992046
4903: 0.992047
4904: 0.992049
4905: 0.992051
4906: 0.992052
4907: 0.992054
4908: 0.992055
4909: 0.992057
4910: 0.992059
4911: 0.99206
4912: 0.992062
4913: 0.992063
4914: 0.992065
4915: 0.992067
4916: 0.992068
4917: 0.99207
4918: 0.992072
4919: 0.992073
4920: 0.992075
4921: 0.992076
4922: 0.992078
4923: 0.99208
4924: 0.992081
4925: 0.992083
4926: 0.992084
4927: 0.992086
4928: 0.992088
4929: 0.992089
4930: 0.992091
4931: 0.992092
4932: 0.992094
4933: 0.992096
4934: 0.992097
4935: 0.992099
4936: 0.9921
4937: 0.992102
4938: 0.992104
4939: 0.992105
4940: 0.992107
4941: 0.992108
4942: 0.99211
4943: 0.992112
4944: 0.992113
4945: 0.992115
4946: 0.992116
4947: 0.992118
4948: 0.99212
4949: 0.992121
4950: 0.992123
4951: 0.992124
4952: 0.992126
4953: 0.992128
4954: 0.992129
4955: 0.992131
4956: 0.992132
4957: 0.992134
4958: 0.992136
4959: 0.992137
4960: 0.992139
4961: 0.99214
4962: 0.992142
4963: 0.992143
4964: 0.992145
4965: 0.992147
4966: 0.992148
4967: 0.99215
4968: 0.992151
4969: 0.992153
4970: 0.992154
4971: 0.992156
4972: 0.992158
4973: 0.992159
4974: 0.992161
4975: 0.992162
4976: 0.992164
4977: 0.992166
4978: 0.992167
4979: 0.992169
4980: 0.99217
4981: 0.992172
4982: 0.992173
4983: 0.992175
4984: 0.992177
4985: 0.992178
4986: 0.99218
4987: 0.992181
4988: 0.992183
4989: 0.992184
4990: 0.992186
4991: 0.992188
4992: 0.992189
4993: 0.992191
4994: 0.992192
4995: 0.992194
4996: 0.992195
4997: 0.992197
4998: 0.992198
4999: 0.9922
5000: 0.992202
5001: 0.992203
5002: 0.992205
5003: 0.992206
5004: 0.992208
5005: 0.992209
5006: 0.992211
5007: 0.992212
5008: 0.992214
5009: 0.992216
5010: 0.992217
5011: 0.992219
5012: 0.99222
5013: 0.992222
5014: 0.992223
5015: 0.992225
5016: 0.992226
5017: 0.992228
5018: 0.99223
5019: 0.992231
5020: 0.992233
5021: 0.992234
5022: 0.992236
5023: 0.992237
5024: 0.992239
5025: 0.99224
5026: 0.992242
5027: 0.992243
5028: 0.992245
5029: 0.992247
5030: 0.992248
5031: 0.99225
5032: 0.992251
5033: 0.992253
5034: 0.992254
5035: 0.992256
5036: 0.992257
5037: 0.992259
5038: 0.99226
5039: 0.992262
5040: 0.992263
5041: 0.992265
5042: 0.992267
5043: 0.992268
5044: 0.99227
5045: 0.992271
5046: 0.992273
5047: 0.992274
5048: 0.992276
5049: 0.992277
5050: 0.992279
5051: 0.99228
5052: 0.992282
5053: 0.992283
5054: 0.992285
5055: 0.992286
5056: 0.992288
5057: 0.992289
5058: 0.992291
5059: 0.992292
5060: 0.992294
5061: 0.992296
5062: 0.992297
5063: 0.992299
5064: 0.9923
5065: 0.992302
5066: 0.992303
5067: 0.992305
5068: 0.992306
5069: 0.992308
5070: 0.992309
5071: 0.992311
5072: 0.992312
5073: 0.992314
5074: 0.992315
5075: 0.992317
5076: 0.992318
5077: 0.99232
5078: 0.992321
5079: 0.992323
5080: 0.992324
5081: 0.992326
5082: 0.992327
5083: 0.992329
5084: 0.99233
5085: 0.992332
5086: 0.992333
5087: 0.992335
5088: 0.992336
5089: 0.992338
5090: 0.992339
5091: 0.992341
5092: 0.992342
5093: 0.992344
5094: 0.992345
5095: 0.992347
5096: 0.992348
5097: 0.99235
5098: 0.992351
5099: 0.992353
5100: 0.992354
5101: 0.992356
5102: 0.992357
5103: 0.992359
5104: 0.99236
5105: 0.992362
5106: 0.992363
5107: 0.992365
5108: 0.992366
5109: 0.992368
5110: 0.992369
5111: 0.992371
5112: 0.992372
5113: 0.992374
5114: 0.992375
5115: 0.992377
5116: 0.992378
5117: 0.99238
5118: 0.992381
5119: 0.992383
5120: 0.992384
5121: 0.992386
5122: 0.992387
5123: 0.992389
5124: 0.99239
5125: 0.992392
5126: 0.992393
5127: 0.992395
5128: 0.992396
5129: 0.992398
5130: 0.992399
5131: 0.992401
5132: 0.992402
5133: 0.992404
5134: 0.992405
5135: 0.992407
5136: 0.992408
5137: 0.992409
5138: 0.992411
5139: 0.992412
5140: 0.992414
5141: 0.992415
5142: 0.992417
5143: 0.992418
5144: 0.99242
5145: 0.992421
5146: 0.992423
5147: 0.992424
5148: 0.992426
5149: 0.992427
5150: 0.992429
5151: 0.99243
5152: 0.992432
5153: 0.992433
5154: 0.992435
5155: 0.992436
5156: 0.992437
5157: 0.992439
5158: 0.99244
5159: 0.992442
5160: 0.992443
5161: 0.992445
5162: 0.992446
5163: 0.992448
5164: 0.992449
5165: 0.992451
5166: 0.992452
5167: 0.992454
5168: 0.992455
5169: 0.992456
5170: 0.992458
5171: 0.992459
5172: 0.992461
5173: 0.992462
5174: 0.992464
5175: 0.992465
5176: 0.992467
5177: 0.992468
5178: 0.99247
5179: 0.992471
5180: 0.992472
5181: 0.992474
5182: 0.992475
5183: 0.992477
5184: 0.992478
5185: 0.99248
5186: 0.992481
5187: 0.992483
5188: 0.992484
5189: 0.992486
5190: 0.992487
5191: 0.992488
5192: 0.99249
5193: 0.992491
5194: 0.992493
5195: 0.992494
5196: 0.992496
5197: 0.992497
5198: 0.992499
5199: 0.9925
5200: 0.992501
5201: 0.992503
5202: 0.992504
5203: 0.992506
5204: 0.992507
5205: 0.992509
5206: 0.99251
5207: 0.992512
5208: 0.992513
5209: 0.992514
5210: 0.992516
5211: 0.992517
5212: 0.992519
5213: 0.99252
5214: 0.992522
5215: 0.992523
5216: 0.992524
5217: 0.992526
5218: 0.992527
5219: 0.992529
5220: 0.99253
5221: 0.992532
5222: 0.992533
5223: 0.992534
5224: 0.992536
5225: 0.992537
5226: 0.992539
5227: 0.99254
5228: 0.992542
5229: 0.992543
5230: 0.992544
5231: 0.992546
5232: 0.992547
5233: 0.992549
5234: 0.99255
5235: 0.992552
5236: 0.992553
5237: 0.992554
5238: 0.992556
5239: 0.992557
5240: 0.992559
5241: 0.99256
5242: 0.992562
5243: 0.992563
5244: 0.992564
5245: 0.992566
5246: 0.992567
5247: 0.992569
5248: 0.99257
5249: 0.992571
5250: 0.992573
5251: 0.992574
5252: 0.992576
5253: 0.992577
5254: 0.992578
5255: 0.99258
5256: 0.992581
5257: 0.992583
5258: 0.992584
5259: 0.992586
5260: 0.992587
5261: 0.992588
5262: 0.99259
5263: 0.992591
5264: 0.992593
5265: 0.992594
5266: 0.992595
5267: 0.992597
5268: 0.992598
5269: 0.9926
5270: 0.992601
5271: 0.992602
5272: 0.992604
5273: 0.992605
5274: 0.992607
5275: 0.992608
5276: 0.992609
5277: 0.992611
5278: 0.992612
5279: 0.992614
5280: 0.992615
5281: 0.992616
5282: 0.992618
5283: 0.992619
5284: 0.992621
5285: 0.992622
5286: 0.992623
5287: 0.992625
5288: 0.992626
5289: 0.992628
5290: 0.992629
5291: 0.99263
5292: 0.992632
5293: 0.992633
5294: 0.992635
5295: 0.992636
5296: 0.992637
5297: 0.992639
5298: 0.99264
5299: 0.992642
5300: 0.992643
5301: 0.992644
5302: 0.992646
5303: 0.992647
5304: 0.992648
5305: 0.99265
5306: 0.992651
5307: 0.992653
5308: 0.992654
5309: 0.992655
5310: 0.992657
5311: 0.992658
5312: 0.99266
5313: 0.992661
5314: 0.992662
5315: 0.992664
5316: 0.992665
5317: 0.992666
5318: 0.992668
5319: 0.992669
5320: 0.992671
5321: 0.992672
5322: 0.992673
5323: 0.992675
5324: 0.992676
5325: 0.992677
5326: 0.992679
5327: 0.99268
5328: 0.992682
5329: 0.992683
5330: 0.992684
5331: 0.992686
5332: 0.992687
5333: 0.992688
5334: 0.99269
5335: 0.992691
5336: 0.992693
5337: 0.992694
5338: 0.992695
5339: 0.992697
5340: 0.992698
5341: 0.992699
5342: 0.992701
5343: 0.992702
5344: 0.992703
5345: 0.992705
5346: 0.992706
5347: 0.992708
5348: 0.992709
5349: 0.99271
5350: 0.992712
5351: 0.992713
5352: 0.992714
5353: 0.992716
5354: 0.992717
5355: 0.992718
5356: 0.99272
5357: 0.992721
5358: 0.992723
5359: 0.992724
5360: 0.992725
5361: 0.992727
5362: 0.992728
5363: 0.992729
5364: 0.992731
5365: 0.992732
5366: 0.992733
5367: 0.992735
5368: 0.992736
5369: 0.992737
5370: 0.992739
5371: 0.99274
5372: 0.992741
5373: 0.992743
5374: 0.992744
5375: 0.992746
5376: 0.992747
5377: 0.992748
5378: 0.99275
5379: 0.992751
5380: 0.992752
5381: 0.992754
5382: 0.992755
5383: 0.992756
5384: 0.992758
5385: 0.992759
5386: 0.99276
5387: 0.992762
5388: 0.992763
5389: 0.992764
5390: 0.992766
5391: 0.992767
5392: 0.992768
5393: 0.99277
5394: 0.992771
5395: 0.992772
5396: 0.992774
5397: 0.992775
5398: 0.992776
5399: 0.992778
5400: 0.992779
5401: 0.99278
5402: 0.992782
5403: 0.992783
5404: 0.992784
5405: 0.992786
5406: 0.992787
5407: 0.992788
5408: 0.99279
5409: 0.992791
5410: 0.992792
5411: 0.992794
5412: 0.992795
5413: 0.992796
5414: 0.992798
5415: 0.992799
5416: 0.9928
5417: 0.992802
5418: 0.992803
5419: 0.992804
5420: 0.992806
5421: 0.992807
5422: 0.992808
5423: 0.99281
5424: 0.992811
5425: 0.992812
5426: 0.992814
5427: 0.992815
5428: 0.992816
5429: 0.992818
5430: 0.992819
5431: 0.99282
5432: 0.992822
5433: 0.992823
5434: 0.992824
5435: 0.992826
5436: 0.992827
5437: 0.992828
5438: 0.99283
5439: 0.992831
5440: 0.992832
5441: 0.992834
5442: 0.992835
5443: 0.992836
5444: 0.992837
5445: 0.992839
5446: 0.99284
5447: 0.992841
5448: 0.992843
5449: 0.992844
5450: 0.992845
5451: 0.992847
5452: 0.992848
5453: 0.992849
5454: 0.992851
5455: 0.992852
5456: 0.992853
5457: 0.992855
5458: 0.992856
5459: 0.992857
5460: 0.992858
5461: 0.99286
5462: 0.992861
5463: 0.992862
5464: 0.992864
5465: 0.992865
5466: 0.992866
5467: 0.992868
5468: 0.992869
5469: 0.99287
5470: 0.992872
5471: 0.992873
5472: 0.992874
5473: 0.992875
5474: 0.992877
5475: 0.992878
5476: 0.992879
5477: 0.992881
5478: 0.992882
5479: 0.992883
5480: 0.992885
5481: 0.992886
5482: 0.992887
5483: 0.992888
5484: 0.99289
5485: 0.992891
5486: 0.992892
5487: 0.992894
5488: 0.992895
5489: 0.992896
5490: 0.992897
5491: 0.992899
5492: 0.9929
5493: 0.992901
5494: 0.992903
5495: 0.992904
5496: 0.992905
5497: 0.992907
5498: 0.992908
5499: 0.992909
5500: 0.99291
5501: 0.992912
5502: 0.992913
5503: 0.992914
5504: 0.992916
5505: 0.992917
5506: 0.992918
5507: 0.992919
5508: 0.992921
5509: 0.992922
5510: 0.992923
5511: 0.992925
5512: 0.992926
5513: 0.992927
5514: 0.992928
5515: 0.99293
5516: 0.992931
5517: 0.992932
5518: 0.992934
5519: 0.992935
5520: 0.992936
5521: 0.992937
5522: 0.992939
5523: 0.99294
5524: 0.992941
5525: 0.992942
5526: 0.992944
5527: 0.992945
5528: 0.992946
5529: 0.992948
5530: 0.992949
5531: 0.99295
5532: 0.992951
5533: 0.992953
5534: 0.992954
5535: 0.992955
5536: 0.992956
5537: 0.992958
5538: 0.992959
5539: 0.99296
5540: 0.992962
5541: 0.992963
5542: 0.992964
5543: 0.992965
5544: 0.992967
5545: 0.992968
5546: 0.992969
5547: 0.99297
5548: 0.992972
5549: 0.992973
5550: 0.992974
5551: 0.992976
5552: 0.992977
5553: 0.992978
5554: 0.992979
5555: 0.992981
5556: 0.992982
5557: 0.992983
5558: 0.992984
5559: 0.992986
5560: 0.992987
5561: 0.992988
5562: 0.992989
5563: 0.992991
5564: 0.992992
5565: 0.992993
5566: 0.992994
5567: 0.992996
5568: 0.992997
5569: 0.992998
5570: 0.992999
5571: 0.993001
5572: 0.993002
5573: 0.993003
5574: 0.993004
5575: 0.993006
5576: 0.993007
5577: 0.993008
5578: 0.993009
5579: 0.993011
5580: 0.993012
5581: 0.993013
5582: 0.993015
5583: 0.993016
5584: 0.993017
5585: 0.993018
5586: 0.99302
5587: 0.993021
5588: 0.993022
5589: 0.993023
5590: 0.993025
5591: 0.993026
5592: 0.993027
5593: 0.993028
5594: 0.993029
5595: 0.993031
5596: 0.993032
5597: 0.993033
5598: 0.993034
5599: 0.993036
5600: 0.993037
5601: 0.993038
5602: 0.993039
5603: 0.993041
5604: 0.993042
5605: 0.993043
5606: 0.993044
5607: 0.993046
5608: 0.993047
5609: 0.993048
5610: 0.993049
5611: 0.993051
5612: 0.993052
5613: 0.993053
5614: 0.993054
5615: 0.993056
5616: 0.993057
5617: 0.993058
5618: 0.993059
5619: 0.99306
5620: 0.993062
5621: 0.993063
5622: 0.993064
5623: 0.993065
5624: 0.993067
5625: 0.993068
5626: 0.993069
5627: 0.99307
5628: 0.993072
5629: 0.993073
5630: 0.993074
5631: 0.993075
5632: 0.993077
5633: 0.993078
5634: 0.993079
5635: 0.99308
5636: 0.993081
5637: 0.993083
5638: 0.993084
5639: 0.993085
5640: 0.993086
5641: 0.993088
5642: 0.993089
5643: 0.99309
5644: 0.993091
5645: 0.993092
5646: 0.993094
5647: 0.993095
5648: 0.993096
5649: 0.993097
5650: 0.993099
5651: 0.9931
5652: 0.993101
5653: 0.993102
5654: 0.993103
5655: 0.993105
5656: 0.993106
5657: 0.993107
5658: 0.993108
5659: 0.99311
5660: 0.993111
5661: 0.993112
5662: 0.993113
5663: 0.993114
5664: 0.993116
5665: 0.993117
5666: 0.993118
5667: 0.993119
5668: 0.99312
5669: 0.993122
5670: 0.993123
5671: 0.993124
5672: 0.993125
5673: 0.993127
5674: 0.993128
5675: 0.993129
5676: 0.99313
5677: 0.993131
5678: 0.993133
5679: 0.993134
5680: 0.993135
5681: 0.993136
5682: 0.993137
5683: 0.993139
5684: 0.99314
5685: 0.993141
5686: 0.993142
5687: 0.993143
5688: 0.993145
5689: 0.993146
5690: 0.993147
5691: 0.993148
5692: 0.993149
5693: 0.993151
5694: 0.993152
5695: 0.993153
5696: 0.993154
5697: 0.993155
5698: 0.993157
5699: 0.993158
5700: 0.993159
5701: 0.99316
5702: 0.993161
5703: 0.993163
5704: 0.993164
5705: 0.993165
5706: 0.993166
5707: 0.993167
5708: 0.993169
5709: 0.99317
5710: 0.993171
5711: 0.993172
5712: 0.993173
5713: 0.993175
5714: 0.993176
5715: 0.993177
5716: 0.993178
5717: 0.993179
5718: 0.993181
5719: 0.993182
5720: 0.993183
5721: 0.993184
5722: 0.993185
5723: 0.993187
5724: 0.993188
5725: 0.993189
5726: 0.99319
5727: 0.993191
5728: 0.993193
5729: 0.993194
5730: 0.993195
5731: 0.993196
5732: 0.993197
5733: 0.993198
5734: 0.9932
5735: 0.993201
5736: 0.993202
5737: 0.993203
5738: 0.993204
5739: 0.993206
5740: 0.993207
5741: 0.993208
5742: 0.993209
5743: 0.99321
5744: 0.993211
5745: 0.993213
5746: 0.993214
5747: 0.993215
5748: 0.993216
5749: 0.993217
5750: 0.993219
5751: 0.99322
5752: 0.993221
5753: 0.993222
5754: 0.993223
5755: 0.993224
5756: 0.993226
5757: 0.993227
5758: 0.993228
5759: 0.993229
5760: 0.99323
5761: 0.993232
5762: 0.993233
5763: 0.993234
5764: 0.993235
5765: 0.993236
5766: 0.993237
5767: 0.993239
5768: 0.99324
5769: 0.993241
5770: 0.993242
5771: 0.993243
5772: 0.993244
5773: 0.993246
5774: 0.993247
5775: 0.993248
5776: 0.993249
5777: 0.99325
5778: 0.993251
5779: 0.993253
5780: 0.993254
5781: 0.993255
5782: 0.993256
5783: 0.993257
5784: 0.993258
5785: 0.99326
5786: 0.993261
5787: 0.993262
5788: 0.993263
5789: 0.993264
5790: 0.993265
5791: 0.993267
5792: 0.993268
5793: 0.993269
5794: 0.99327
5795: 0.993271
5796: 0.993272
5797: 0.993274
5798: 0.993275
5799: 0.993276
5800: 0.993277
5801: 0.993278
5802: 0.993279
5803: 0.99328
5804: 0.993282
5805: 0.993283
5806: 0.993284
5807: 0.993285
5808: 0.993286
5809: 0.993287
5810: 0.993289
5811: 0.99329
5812: 0.993291
5813: 0.993292
5814: 0.993293
5815: 0.993294
5816: 0.993296
5817: 0.993297
5818: 0.993298
5819: 0.993299
5820: 0.9933
5821: 0.993301
5822: 0.993302
5823: 0.993304
5824: 0.993305
5825: 0.993306
5826: 0.993307
5827: 0.993308
5828: 0.993309
5829: 0.99331
5830: 0.993312
5831: 0.993313
5832: 0.993314
5833: 0.993315
5834: 0.993316
5835: 0.993317
5836: 0.993318
5837: 0.99332
5838: 0.993321
5839: 0.993322
5840: 0.993323
5841: 0.993324
5842: 0.993325
5843: 0.993326
5844: 0.993328
5845: 0.993329
5846: 0.99333
5847: 0.993331
5848: 0.993332
5849: 0.993333
5850: 0.993334
5851: 0.993336
5852: 0.993337
5853: 0.993338
5854: 0.993339
5855: 0.99334
5856: 0.993341
5857: 0.993342
5858: 0.993344
5859: 0.993345
5860: 0.993346
5861: 0.993347
5862: 0.993348
5863: 0.993349
5864: 0.99335
5865: 0.993352
5866: 0.993353
5867: 0.993354
5868: 0.993355
5869: 0.993356
5870: 0.993357
5871: 0.993358
5872: 0.993359
5873: 0.993361
5874: 0.993362
5875: 0.993363
5876: 0.993364
5877: 0.993365
5878: 0.993366
5879: 0.993367
5880: 0.993368
5881: 0.99337
5882: 0.993371
5883: 0.993372
5884: 0.993373
5885: 0.993374
5886: 0.993375
5887: 0.993376
5888: 0.993377
5889: 0.993379
5890: 0.99338
5891: 0.993381
5892: 0.993382
5893: 0.993383
5894: 0.993384
5895: 0.993385
5896: 0.993386
5897: 0.993388
5898: 0.993389
5899: 0.99339
5900: 0.993391
5901: 0.993392
5902: 0.993393
5903: 0.993394
5904: 0.993395
5905: 0.993397
5906: 0.993398
5907: 0.993399
5908: 0.9934
5909: 0.993401
5910: 0.993402
5911: 0.993403
5912: 0.993404
5913: 0.993405
5914: 0.993407
5915: 0.993408
5916: 0.993409
5917: 0.99341
5918: 0.993411
5919: 0.993412
5920: 0.993413
5921: 0.993414
5922: 0.993415
5923: 0.993417
5924: 0.993418
5925: 0.993419
5926: 0.99342
5927: 0.993421
5928: 0.993422
5929: 0.993423
5930: 0.993424
5931: 0.993425
5932: 0.993427
5933: 0.993428
5934: 0.993429
5935: 0.99343
5936: 0.993431
5937: 0.993432
5938: 0.993433
5939: 0.993434
5940: 0.993435
5941: 0.993437
5942: 0.993438
5943: 0.993439
5944: 0.99344
5945: 0.993441
5946: 0.993442
5947: 0.993443
5948: 0.993444
5949: 0.993445
5950: 0.993446
5951: 0.993448
5952: 0.993449
5953: 0.99345
5954: 0.993451
5955: 0.993452
5956: 0.993453
5957: 0.993454
5958: 0.993455
5959: 0.993456
5960: 0.993457
5961: 0.993459
5962: 0.99346
5963: 0.993461
5964: 0.993462
5965: 0.993463
5966: 0.993464
5967: 0.993465
5968: 0.993466
5969: 0.993467
5970: 0.993468
5971: 0.99347
5972: 0.993471
5973: 0.993472
5974: 0.993473
5975: 0.993474
5976: 0.993475
5977: 0.993476
5978: 0.993477
5979: 0.993478
5980: 0.993479
5981: 0.99348
5982: 0.993482
5983: 0.993483
5984: 0.993484
5985: 0.993485
5986: 0.993486
5987: 0.993487
5988: 0.993488
5989: 0.993489
5990: 0.99349
5991: 0.993491
5992: 0.993492
5993: 0.993493
5994: 0.993495
5995: 0.993496
5996: 0.993497
5997: 0.993498
5998: 0.993499
5999: 0.9935
6000: 0.993501
6001: 0.993502
6002: 0.993503
6003: 0.993504
6004: 0.993505
6005: 0.993506
6006: 0.993508
6007: 0.993509
6008: 0.99351
6009: 0.993511
6010: 0.993512
6011: 0.993513
6012: 0.993514
6013: 0.993515
6014: 0.993516
6015: 0.993517
6016: 0.993518
6017: 0.993519
6018: 0.993521
6019: 0.993522
6020: 0.993523
6021: 0.993524
6022: 0.993525
6023: 0.993526
6024: 0.993527
6025: 0.993528
6026: 0.993529
6027: 0.99353
6028: 0.993531
6029: 0.993532
6030: 0.993533
6031: 0.993534
6032: 0.993536
6033: 0.993537
6034: 0.993538
6035: 0.993539
6036: 0.99354
6037: 0.993541
6038: 0.993542
6039: 0.993543
6040: 0.993544
6041: 0.993545
6042: 0.993546
6043: 0.993547
6044: 0.993548
6045: 0.993549
6046: 0.993551
6047: 0.993552
6048: 0.993553
6049: 0.993554
6050: 0.993555
6051: 0.993556
6052: 0.993557
6053: 0.993558
6054: 0.993559
6055: 0.99356
6056: 0.993561
6057: 0.993562
6058: 0.993563
6059: 0.993564
6060: 0.993565
6061: 0.993566
6062: 0.993568
6063: 0.993569
6064: 0.99357
6065: 0.993571
6066: 0.993572
6067: 0.993573
6068: 0.993574
6069: 0.993575
6070: 0.993576
6071: 0.993577
6072: 0.993578
6073: 0.993579
6074: 0.99358
6075: 0.993581
6076: 0.993582
6077: 0.993583
6078: 0.993584
6079: 0.993586
6080: 0.993587
6081: 0.993588
6082: 0.993589
6083: 0.99359
6084: 0.993591
6085: 0.993592
6086: 0.993593
6087: 0.993594
6088: 0.993595
6089: 0.993596
6090: 0.993597
6091: 0.993598
6092: 0.993599
6093: 0.9936
6094: 0.993601
6095: 0.993602
6096: 0.993603
6097: 0.993604
6098: 0.993606
6099: 0.993607
6100: 0.993608
6101: 0.993609
6102: 0.99361
6103: 0.993611
6104: 0.993612
6105: 0.993613
6106: 0.993614
6107: 0.993615
6108: 0.993616
6109: 0.993617
6110: 0.993618
6111: 0.993619
6112: 0.99362
6113: 0.993621
6114: 0.993622
6115: 0.993623
6116: 0.993624
6117: 0.993625
6118: 0.993626
6119: 0.993627
6120: 0.993628
6121: 0.99363
6122: 0.993631
6123: 0.993632
6124: 0.993633
6125: 0.993634
6126: 0.993635
6127: 0.993636
6128: 0.993637
6129: 0.993638
6130: 0.993639
6131: 0.99364
6132: 0.993641
6133: 0.993642
6134: 0.993643
6135: 0.993644
6136: 0.993645
6137: 0.993646
6138: 0.993647
6139: 0.993648
6140: 0.993649
6141: 0.99365
6142: 0.993651
6143: 0.993652
6144: 0.993653
6145: 0.993654
6146: 0.993655
6147: 0.993656
6148: 0.993658
6149: 0.993659
6150: 0.99366
6151: 0.993661
6152: 0.993662
6153: 0.993663
6154: 0.993664
6155: 0.993665
6156: 0.993666
6157: 0.993667
6158: 0.993668
6159: 0.993669
6160: 0.99367
6161: 0.993671
6162: 0.993672
6163: 0.993673
6164: 0.993674
6165: 0.993675
6166: 0.993676
6167: 0.993677
6168: 0.993678
6169: 0.993679
6170: 0.99368
6171: 0.993681
6172: 0.993682
6173: 0.993683
6174: 0.993684
6175: 0.993685
6176: 0.993686
6177: 0.993687
6178: 0.993688
6179: 0.993689
6180: 0.99369
6181: 0.993691
6182: 0.993692
6183: 0.993693
6184: 0.993694
6185: 0.993695
6186: 0.993696
6187: 0.993697
6188: 0.993698
6189: 0.9937
6190: 0.993701
6191: 0.993702
6192: 0.993703
6193: 0.993704
6194: 0.993705
6195: 0.993706
6196: 0.993707
6197: 0.993708
6198: 0.993709
6199: 0.99371
6200: 0.993711
6201: 0.993712
6202: 0.993713
6203: 0.993714
6204: 0.993715
6205: 0.993716
6206: 0.993717
6207: 0.993718
6208: 0.993719
6209: 0.99372
6210: 0.993721
6211: 0.993722
6212: 0.993723
6213: 0.993724
6214: 0.993725
6215: 0.993726
6216: 0.993727
6217: 0.993728
6218: 0.993729
6219: 0.99373
6220: 0.993731
6221: 0.993732
6222: 0.993733
6223: 0.993734
6224: 0.993735
6225: 0.993736
6226: 0.993737
6227: 0.993738
6228: 0.993739
6229: 0.99374
6230: 0.993741
6231: 0.993742
6232: 0.993743
6233: 0.993744
6234: 0.993745
6235: 0.993746
6236: 0.993747
6237: 0.993748
6238: 0.993749
6239: 0.99375
6240: 0.993751
6241: 0.993752
6242: 0.993753
6243: 0.993754
6244: 0.993755
6245: 0.993756
6246: 0.993757
6247: 0.993758
6248: 0.993759
6249: 0.99376
6250: 0.993761
6251: 0.993762
6252: 0.993763
6253: 0.993764
6254: 0.993765
6255: 0.993766
6256: 0.993767
6257: 0.993768
6258: 0.993769
6259: 0.99377
6260: 0.993771
6261: 0.993772
6262: 0.993773
6263: 0.993774
6264: 0.993775
6265: 0.993776
6266: 0.993777
6267: 0.993778
6268: 0.993779
6269: 0.99378
6270: 0.993781
6271: 0.993782
6272: 0.993783
6273: 0.993784
6274: 0.993785
6275: 0.993786
6276: 0.993787
6277: 0.993788
6278: 0.993789
6279: 0.99379
6280: 0.993791
6281: 0.993792
6282: 0.993793
6283: 0.993794
6284: 0.993795
6285: 0.993796
6286: 0.993797
6287: 0.993798
6288: 0.993799
6289: 0.9938
6290: 0.993801
6291: 0.993802
6292: 0.993803
6293: 0.993804
6294: 0.993805
6295: 0.993806
6296: 0.993807
6297: 0.993808
6298: 0.993809
6299: 0.99381
6300: 0.993811
6301: 0.993811
6302: 0.993812
6303: 0.993813
6304: 0.993814
6305: 0.993815
6306: 0.993816
6307: 0.993817
6308: 0.993818
6309: 0.993819
6310: 0.99382
6311: 0.993821
6312: 0.993822
6313: 0.993823
6314: 0.993824
6315: 0.993825
6316: 0.993826
6317: 0.993827
6318: 0.993828
6319: 0.993829
6320: 0.99383
6321: 0.993831
6322: 0.993832
6323: 0.993833
6324: 0.993834
6325: 0.993835
6326: 0.993836
6327: 0.993837
6328: 0.993838
6329: 0.993839
6330: 0.99384
6331: 0.993841
6332: 0.993842
6333: 0.993843
6334: 0.993844
6335: 0.993845
6336: 0.993846
6337: 0.993847
6338: 0.993848
6339: 0.993849
6340: 0.99385
6341: 0.993851
6342: 0.993851
6343: 0.993852
6344: 0.993853
6345: 0.993854
6346: 0.993855
6347: 0.993856
6348: 0.993857
6349: 0.993858
6350: 0.993859
6351: 0.99386
6352: 0.993861
6353: 0.993862
6354: 0.993863
6355: 0.993864
6356: 0.993865
6357: 0.993866
6358: 0.993867
6359: 0.993868
6360: 0.993869
6361: 0.99387
6362: 0.993871
6363: 0.993872
6364: 0.993873
6365: 0.993874
6366: 0.993875
6367: 0.993876
6368: 0.993877
6369: 0.993878
6370: 0.993879
6371: 0.993879
6372: 0.99388
6373: 0.993881
6374: 0.993882
6375: 0.993883
6376: 0.993884
6377: 0.993885
6378: 0.993886
6379: 0.993887
6380: 0.993888
6381: 0.993889
6382: 0.99389
6383: 0.993891
6384: 0.993892
6385: 0.993893
6386: 0.993894
6387: 0.993895
6388: 0.993896
6389: 0.993897
6390: 0.993898
6391: 0.993899
6392: 0.9939
6393: 0.993901
6394: 0.993901
6395: 0.993902
6396: 0.993903
6397: 0.993904
6398: 0.993905
6399: 0.993906
6400: 0.993907
6401: 0.993908
6402: 0.993909
6403: 0.99391
6404: 0.993911
6405: 0.993912
6406: 0.993913
6407: 0.993914
6408: 0.993915
6409: 0.993916
6410: 0.993917
6411: 0.993918
6412: 0.993919
6413: 0.99392
6414: 0.99392
6415: 0.993921
6416: 0.993922
6417: 0.993923
6418: 0.993924
6419: 0.993925
6420: 0.993926
6421: 0.993927
6422: 0.993928
6423: 0.993929
6424: 0.99393
6425: 0.993931
6426: 0.993932
6427: 0.993933
6428: 0.993934
6429: 0.993935
6430: 0.993936
6431: 0.993937
6432: 0.993938
6433: 0.993938
6434: 0.993939
6435: 0.99394
6436: 0.993941
6437: 0.993942
6438: 0.993943
6439: 0.993944
6440: 0.993945
6441: 0.993946
6442: 0.993947
6443: 0.993948
6444: 0.993949
6445: 0.99395
6446: 0.993951
6447: 0.993952
6448: 0.993953
6449: 0.993953
6450: 0.993954
6451: 0.993955
6452: 0.993956
6453: 0.993957
6454: 0.993958
6455: 0.993959
6456: 0.99396
6457: 0.993961
6458: 0.993962
6459: 0.993963
6460: 0.993964
6461: 0.993965
6462: 0.993966
6463: 0.993967
6464: 0.993968
6465: 0.993968
6466: 0.993969
6467: 0.99397
6468: 0.993971
6469: 0.993972
6470: 0.993973
6471: 0.993974
6472: 0.993975
6473: 0.993976
6474: 0.993977
6475: 0.993978
6476: 0.993979
6477: 0.99398
6478: 0.993981
6479: 0.993981
6480: 0.993982
6481: 0.993983
6482: 0.993984
6483: 0.993985
6484: 0.993986
6485: 0.993987
6486: 0.993988
6487: 0.993989
6488: 0.99399
6489: 0.993991
6490: 0.993992
6491: 0.993993
6492: 0.993994
6493: 0.993994
6494: 0.993995
6495: 0.993996
6496: 0.993997
6497: 0.993998
6498: 0.993999
6499: 0.994
6500: 0.994001
6501: 0.994002
6502: 0.994003
6503: 0.994004
6504: 0.994005
6505: 0.994006
6506: 0.994006
6507: 0.994007
6508: 0.994008
6509: 0.994009
6510: 0.99401
6511: 0.994011
6512: 0.994012
6513: 0.994013
6514: 0.994014
6515: 0.994015
6516: 0.994016
6517: 0.994017
6518: 0.994017
6519: 0.994018
6520: 0.994019
6521: 0.99402
6522: 0.994021
6523: 0.994022
6524: 0.994023
6525: 0.994024
6526: 0.994025
6527: 0.994026
6528: 0.994027
6529: 0.994028
6530: 0.994028
6531: 0.994029
6532: 0.99403
6533: 0.994031
6534: 0.994032
6535: 0.994033
6536: 0.994034
6537: 0.994035
6538: 0.994036
6539: 0.994037
6540: 0.994038
6541: 0.994039
6542: 0.994039
6543: 0.99404
6544: 0.994041
6545: 0.994042
6546: 0.994043
6547: 0.994044
6548: 0.994045
6549: 0.994046
6550: 0.994047
6551: 0.994048
6552: 0.994049
6553: 0.994049
6554: 0.99405
6555: 0.994051
6556: 0.994052
6557: 0.994053
6558: 0.994054
6559: 0.994055
6560: 0.994056
6561: 0.994057
6562: 0.994058
6563: 0.994059
6564: 0.994059
6565: 0.99406
6566: 0.994061
6567: 0.994062
6568: 0.994063
6569: 0.994064
6570: 0.994065
6571: 0.994066
6572: 0.994067
6573: 0.994068
6574: 0.994068
6575: 0.994069
6576: 0.99407
6577: 0.994071
6578: 0.994072
6579: 0.994073
6580: 0.994074
6581: 0.994075
6582: 0.994076
6583: 0.994077
6584: 0.994077
6585: 0.994078
6586: 0.994079
6587: 0.99408
6588: 0.994081
6589: 0.994082
6590: 0.994083
6591: 0.994084
6592: 0.994085
6593: 0.994086
6594: 0.994086
6595: 0.994087
6596: 0.994088
6597: 0.994089
6598: 0.99409
6599: 0.994091
6600: 0.994092
6601: 0.994093
6602: 0.994094
6603: 0.994094
6604: 0.994095
6605: 0.994096
6606: 0.994097
6607: 0.994098
6608: 0.994099
6609: 0.9941
6610: 0.994101
6611: 0.994102
6612: 0.994103
6613: 0.994103
6614: 0.994104
6615: 0.994105
6616: 0.994106
6617: 0.994107
6618: 0.994108
6619: 0.994109
6620: 0.99411
6621: 0.994111
6622: 0.994111
6623: 0.994112
6624: 0.994113
6625: 0.994114
6626: 0.994115
6627: 0.994116
6628: 0.994117
6629: 0.994118
6630: 0.994119
6631: 0.994119
6632: 0.99412
6633: 0.994121
6634: 0.994122
6635: 0.994123
6636: 0.994124
6637: 0.994125
6638: 0.994126
6639: 0.994127
6640: 0.994127
6641: 0.994128
6642: 0.994129
6643: 0.99413
6644: 0.994131
6645: 0.994132
6646: 0.994133
6647: 0.994134
6648: 0.994134
6649: 0.994135
6650: 0.994136
6651: 0.994137
6652: 0.994138
6653: 0.994139
6654: 0.99414
6655: 0.994141
6656: 0.994142
6657: 0.994142
6658: 0.994143
6659: 0.994144
6660: 0.994145
6661: 0.994146
6662: 0.994147
6663: 0.994148
6664: 0.994149
6665: 0.994149
6666: 0.99415
6667: 0.994151
6668: 0.994152
6669: 0.994153
6670: 0.994154
6671: 0.994155
6672: 0.994156
6673: 0.994156
6674: 0.994157
6675: 0.994158
6676: 0.994159
6677: 0.99416
6678: 0.994161
6679: 0.994162
6680: 0.994163
6681: 0.994163
6682: 0.994164
6683: 0.994165
6684: 0.994166
6685: 0.994167
6686: 0.994168
6687: 0.994169
6688: 0.99417
6689: 0.99417
6690: 0.994171
6691: 0.994172
6692: 0.994173
6693: 0.994174
6694: 0.994175
6695: 0.994176
6696: 0.994176
6697: 0.994177
6698: 0.994178
6699: 0.994179
6700: 0.99418
6701: 0.994181
6702: 0.994182
6703: 0.994183
6704: 0.994183
6705: 0.994184
6706: 0.994185
6707: 0.994186
6708: 0.994187
6709: 0.994188
6710: 0.994189
6711: 0.99419
6712: 0.99419
6713: 0.994191
6714: 0.994192
6715: 0.994193
6716: 0.994194
6717: 0.994195
6718: 0.994196
6719: 0.994196
6720: 0.994197
6721: 0.994198
6722: 0.994199
6723: 0.9942
6724: 0.994201
6725: 0.994202
6726: 0.994202
6727: 0.994203
6728: 0.994204
6729: 0.994205
6730: 0.994206
6731: 0.994207
6732: 0.994208
6733: 0.994208
6734: 0.994209
6735: 0.99421
6736: 0.994211
6737: 0.994212
6738: 0.994213
6739: 0.994214
6740: 0.994215
6741: 0.994215
6742: 0.994216
6743: 0.994217
6744: 0.994218
6745: 0.994219
6746: 0.99422
6747: 0.994221
6748: 0.994221
6749: 0.994222
6750: 0.994223
6751: 0.994224
6752: 0.994225
6753: 0.994226
6754: 0.994226
6755: 0.994227
6756: 0.994228
6757: 0.994229
6758: 0.99423
6759: 0.994231
6760: 0.994232
6761: 0.994232
6762: 0.994233
6763: 0.994234
6764: 0.994235
6765: 0.994236
6766: 0.994237
6767: 0.994238
6768: 0.994238
6769: 0.994239
6770: 0.99424
6771: 0.994241
6772: 0.994242
6773: 0.994243
6774: 0.994244
6775: 0.994244
6776: 0.994245
6777: 0.994246
6778: 0.994247
6779: 0.994248
6780: 0.994249
6781: 0.994249
6782: 0.99425
6783: 0.994251
6784: 0.994252
6785: 0.994253
6786: 0.994254
6787: 0.994255
6788: 0.994255
6789: 0.994256
6790: 0.994257
6791: 0.994258
6792: 0.994259
6793: 0.99426
6794: 0.99426
6795: 0.994261
6796: 0.994262
6797: 0.994263
6798: 0.994264
6799: 0.994265
6800: 0.994266
6801: 0.994266
6802: 0.994267
6803: 0.994268
6804: 0.994269
6805: 0.99427
6806: 0.994271
6807: 0.994271
6808: 0.994272
6809: 0.994273
6810: 0.994274
6811: 0.994275
6812: 0.994276
6813: 0.994276
6814: 0.994277
6815: 0.994278
6816: 0.994279
6817: 0.99428
6818: 0.994281
6819: 0.994282
6820: 0.994282
6821: 0.994283
6822: 0.994284
6823: 0.994285
6824: 0.994286
6825: 0.994287
6826: 0.994287
6827: 0.994288
6828: 0.994289
6829: 0.99429
6830: 0.994291
6831: 0.994292
6832: 0.994292
6833: 0.994293
6834: 0.994294
6835: 0.994295
6836: 0.994296
6837: 0.994297
6838: 0.994297
6839: 0.994298
6840: 0.994299
6841: 0.9943
6842: 0.994301
6843: 0.994302
6844: 0.994302
6845: 0.994303
6846: 0.994304
6847: 0.994305
6848: 0.994306
6849: 0.994307
6850: 0.994307
6851: 0.994308
6852: 0.994309
6853: 0.99431
6854: 0.994311
6855: 0.994312
6856: 0.994312
6857: 0.994313
6858: 0.994314
6859: 0.994315
6860: 0.994316
6861: 0.994317
6862: 0.994317
6863: 0.994318
6864: 0.994319
6865: 0.99432
6866: 0.994321
6867: 0.994321
6868: 0.994322
6869: 0.994323
6870: 0.994324
6871: 0.994325
6872: 0.994326
6873: 0.994326
6874: 0.994327
6875: 0.994328
6876: 0.994329
6877: 0.99433
6878: 0.994331
6879: 0.994331
6880: 0.994332
6881: 0.994333
6882: 0.994334
6883: 0.994335
6884: 0.994336
6885: 0.994336
6886: 0.994337
6887: 0.994338
6888: 0.994339
6889: 0.99434
6890: 0.99434
6891: 0.994341
6892: 0.994342
6893: 0.994343
6894: 0.994344
6895: 0.994345
6896: 0.994345
6897: 0.994346
6898: 0.994347
6899: 0.994348
6900: 0.994349
6901: 0.994349
6902: 0.99435
6903: 0.994351
6904: 0.994352
6905: 0.994353
6906: 0.994354
6907: 0.994354
6908: 0.994355
6909: 0.994356
6910: 0.994357
6911: 0.994358
6912: 0.994358
6913: 0.994359
6914: 0.99436
6915: 0.994361
6916: 0.994362
6917: 0.994363
6918: 0.994363
6919: 0.994364
6920: 0.994365
6921: 0.994366
6922: 0.994367
6923: 0.994367
6924: 0.994368
6925: 0.994369
6926: 0.99437
6927: 0.994371
6928: 0.994371
6929: 0.994372
6930: 0.994373
6931: 0.994374
6932: 0.994375
6933: 0.994376
6934: 0.994376
6935: 0.994377
6936: 0.994378
6937: 0.994379
6938: 0.99438
6939: 0.99438
6940: 0.994381
6941: 0.994382
6942: 0.994383
6943: 0.994384
6944: 0.994384
6945: 0.994385
6946: 0.994386
6947: 0.994387
6948: 0.994388
6949: 0.994388
6950: 0.994389
6951: 0.99439
6952: 0.994391
6953: 0.994392
6954: 0.994393
6955: 0.994393
6956: 0.994394
6957: 0.994395
6958: 0.994396
6959: 0.994397
6960: 0.994397
6961: 0.994398
6962: 0.994399
6963: 0.9944
6964: 0.994401
6965: 0.994401
6966: 0.994402
6967: 0.994403
6968: 0.994404
6969: 0.994405
6970: 0.994405
6971: 0.994406
6972: 0.994407
6973: 0.994408
6974: 0.994409
6975: 0.994409
6976: 0.99441
6977: 0.994411
6978: 0.994412
6979: 0.994413
6980: 0.994413
6981: 0.994414
6982: 0.994415
6983: 0.994416
6984: 0.994417
6985: 0.994417
6986: 0.994418
6987: 0.994419
6988: 0.99442
6989: 0.994421
6990: 0.994421
6991: 0.994422
6992: 0.994423
6993: 0.994424
6994: 0.994425
6995: 0.994425
6996: 0.994426
6997: 0.994427
6998: 0.994428
6999: 0.994429
7000: 0.994429
7001: 0.99443
7002: 0.994431
7003: 0.994432
7004: 0.994433
7005: 0.994433
7006: 0.994434
7007: 0.994435
7008: 0.994436
7009: 0.994437
7010: 0.994437
7011: 0.994438
7012: 0.994439
7013: 0.99444
7014: 0.99444
7015: 0.994441
7016: 0.994442
7017: 0.994443
7018: 0.994444
7019: 0.994444
7020: 0.994445
7021: 0.994446
7022: 0.994447
7023: 0.994448
7024: 0.994448
7025: 0.994449
7026: 0.99445
7027: 0.994451
7028: 0.994452
7029: 0.994452
7030: 0.994453
7031: 0.994454
7032: 0.994455
7033: 0.994456
7034: 0.994456
7035: 0.994457
7036: 0.994458
7037: 0.994459
7038: 0.994459
7039: 0.99446
7040: 0.994461
7041: 0.994462
7042: 0.994463
7043: 0.994463
7044: 0.994464
7045: 0.994465
7046: 0.994466
7047: 0.994467
7048: 0.994467
7049: 0.994468
7050: 0.994469
7051: 0.99447
7052: 0.99447
7053: 0.994471
7054: 0.994472
7055: 0.994473
7056: 0.994474
7057: 0.994474
7058: 0.994475
7059: 0.994476
7060: 0.994477
7061: 0.994477
7062: 0.994478
7063: 0.994479
7064: 0.99448
7065: 0.994481
7066: 0.994481
7067: 0.994482
7068: 0.994483
7069: 0.994484
7070: 0.994485
7071: 0.994485
7072: 0.994486
7073: 0.994487
7074: 0.994488
7075: 0.994488
7076: 0.994489
7077: 0.99449
7078: 0.994491
7079: 0.994492
7080: 0.994492
7081: 0.994493
7082: 0.994494
7083: 0.994495
7084: 0.994495
7085: 0.994496
7086: 0.994497
7087: 0.994498
7088: 0.994499
7089: 0.994499
7090: 0.9945
7091: 0.994501
7092: 0.994502
7093: 0.994502
7094: 0.994503
7095: 0.994504
7096: 0.994505
7097: 0.994505
7098: 0.994506
7099: 0.994507
7100: 0.994508
7101: 0.994509
7102: 0.994509
7103: 0.99451
7104: 0.994511
7105: 0.994512
7106: 0.994512
7107: 0.994513
7108: 0.994514
7109: 0.994515
7110: 0.994516
7111: 0.994516
7112: 0.994517
7113: 0.994518
7114: 0.994519
7115: 0.994519
7116: 0.99452
7117: 0.994521
7118: 0.994522
7119: 0.994522
7120: 0.994523
7121: 0.994524
7122: 0.994525
7123: 0.994526
7124: 0.994526
7125: 0.994527
7126: 0.994528
7127: 0.994529
7128: 0.994529
7129: 0.99453
7130: 0.994531
7131: 0.994532
7132: 0.994532
7133: 0.994533
7134: 0.994534
7135: 0.994535
7136: 0.994536
7137: 0.994536
7138: 0.994537
7139: 0.994538
7140: 0.994539
7141: 0.994539
7142: 0.99454
7143: 0.994541
7144: 0.994542
7145: 0.994542
7146: 0.994543
7147: 0.994544
7148: 0.994545
7149: 0.994545
7150: 0.994546
7151: 0.994547
7152: 0.994548
7153: 0.994549
7154: 0.994549
7155: 0.99455
7156: 0.994551
7157: 0.994552
7158: 0.994552
7159: 0.994553
7160: 0.994554
7161: 0.994555
7162: 0.994555
7163: 0.994556
7164: 0.994557
7165: 0.994558
7166: 0.994558
7167: 0.994559
7168: 0.99456
7169: 0.994561
7170: 0.994561
7171: 0.994562
7172: 0.994563
7173: 0.994564
7174: 0.994564
7175: 0.994565
7176: 0.994566
7177: 0.994567
7178: 0.994567
7179: 0.994568
7180: 0.994569
7181: 0.99457
7182: 0.994571
7183: 0.994571
7184: 0.994572
7185: 0.994573
7186: 0.994574
7187: 0.994574
7188: 0.994575
7189: 0.994576
7190: 0.994577
7191: 0.994577
7192: 0.994578
7193: 0.994579
7194: 0.99458
7195: 0.99458
7196: 0.994581
7197: 0.994582
7198: 0.994583
7199: 0.994583
7200: 0.994584
7201: 0.994585
7202: 0.994586
7203: 0.994586
7204: 0.994587
7205: 0.994588
7206: 0.994589
7207: 0.994589
7208: 0.99459
7209: 0.994591
7210: 0.994592
7211: 0.994592
7212: 0.994593
7213: 0.994594
7214: 0.994595
7215: 0.994595
7216: 0.994596
7217: 0.994597
7218: 0.994598
7219: 0.994598
7220: 0.994599
7221: 0.9946
7222: 0.994601
7223: 0.994601
7224: 0.994602
7225: 0.994603
7226: 0.994604
7227: 0.994604
7228: 0.994605
7229: 0.994606
7230: 0.994607
7231: 0.994607
7232: 0.994608
7233: 0.994609
7234: 0.99461
7235: 0.99461
7236: 0.994611
7237: 0.994612
7238: 0.994613
7239: 0.994613
7240: 0.994614
7241: 0.994615
7242: 0.994615
7243: 0.994616
7244: 0.994617
7245: 0.994618
7246: 0.994618
7247: 0.994619
7248: 0.99462
7249: 0.994621
7250: 0.994621
7251: 0.994622
7252: 0.994623
7253: 0.994624
7254: 0.994624
7255: 0.994625
7256: 0.994626
7257: 0.994627
7258: 0.994627
7259: 0.994628
7260: 0.994629
7261: 0.99463
7262: 0.99463
7263: 0.994631
7264: 0.994632
7265: 0.994633
7266: 0.994633
7267: 0.994634
7268: 0.994635
7269: 0.994635
7270: 0.994636
7271: 0.994637
7272: 0.994638
7273: 0.994638
7274: 0.994639
7275: 0.99464
7276: 0.994641
7277: 0.994641
7278: 0.994642
7279: 0.994643
7280: 0.994644
7281: 0.994644
7282: 0.994645
7283: 0.994646
7284: 0.994647
7285: 0.994647
7286: 0.994648
7287: 0.994649
7288: 0.994649
7289: 0.99465
7290: 0.994651
7291: 0.994652
7292: 0.994652
7293: 0.994653
7294: 0.994654
7295: 0.994655
7296: 0.994655
7297: 0.994656
7298: 0.994657
7299: 0.994658
7300: 0.994658
7301: 0.994659
7302: 0.99466
7303: 0.99466
7304: 0.994661
7305: 0.994662
7306: 0.994663
7307: 0.994663
7308: 0.994664
7309: 0.994665
7310: 0.994666
7311: 0.994666
7312: 0.994667
7313: 0.994668
7314: 0.994668
7315: 0.994669
7316: 0.99467
7317: 0.994671
7318: 0.994671
7319: 0.994672
7320: 0.994673
7321: 0.994674
7322: 0.994674
7323: 0.994675
7324: 0.994676
7325: 0.994676
7326: 0.994677
7327: 0.994678
7328: 0.994679
7329: 0.994679
7330: 0.99468
7331: 0.994681
7332: 0.994682
7333: 0.994682
7334: 0.994683
7335: 0.994684
7336: 0.994684
7337: 0.994685
7338: 0.994686
7339: 0.994687
7340: 0.994687
7341: 0.994688
7342: 0.994689
7343: 0.99469
7344: 0.99469
7345: 0.994691
7346: 0.994692
7347: 0.994692
7348: 0.994693
7349: 0.994694
7350: 0.994695
7351: 0.994695
7352: 0.994696
7353: 0.994697
7354: 0.994697
7355: 0.994698
7356: 0.994699
7357: 0.9947
7358: 0.9947
7359: 0.994701
7360: 0.994702
7361: 0.994703
7362: 0.994703
7363: 0.994704
7364: 0.994705
7365: 0.994705
7366: 0.994706
7367: 0.994707
7368: 0.994708
7369: 0.994708
7370: 0.994709
7371: 0.99471
7372: 0.99471
7373: 0.994711
7374: 0.994712
7375: 0.994713
7376: 0.994713
7377: 0.994714
7378: 0.994715
7379: 0.994715
7380: 0.994716
7381: 0.994717
7382: 0.994718
7383: 0.994718
7384: 0.994719
7385: 0.99472
7386: 0.99472
7387: 0.994721
7388: 0.994722
7389: 0.994723
7390: 0.994723
7391: 0.994724
7392: 0.994725
7393: 0.994725
7394: 0.994726
7395: 0.994727
7396: 0.994728
7397: 0.994728
7398: 0.994729
7399: 0.99473
7400: 0.99473
7401: 0.994731
7402: 0.994732
7403: 0.994733
7404: 0.994733
7405: 0.994734
7406: 0.994735
7407: 0.994735
7408: 0.994736
7409: 0.994737
7410: 0.994738
7411: 0.994738
7412: 0.994739
7413: 0.99474
7414: 0.99474
7415: 0.994741
7416: 0.994742
7417: 0.994743
7418: 0.994743
7419: 0.994744
7420: 0.994745
7421: 0.994745
7422: 0.994746
7423: 0.994747
7424: 0.994747
7425: 0.994748
7426: 0.994749
7427: 0.99475
7428: 0.99475
7429: 0.994751
7430: 0.994752
7431: 0.994752
7432: 0.994753
7433: 0.994754
7434: 0.994755
7435: 0.994755
7436: 0.994756
7437: 0.994757
7438: 0.994757
7439: 0.994758
7440: 0.994759
7441: 0.994759
7442: 0.99476
7443: 0.994761
7444: 0.994762
7445: 0.994762
7446: 0.994763
7447: 0.994764
7448: 0.994764
7449: 0.994765
7450: 0.994766
7451: 0.994767
7452: 0.994767
7453: 0.994768
7454: 0.994769
7455: 0.994769
7456: 0.99477
7457: 0.994771
7458: 0.994771
7459: 0.994772
7460: 0.994773
7461: 0.994774
7462: 0.994774
7463: 0.994775
7464: 0.994776
7465: 0.994776
7466: 0.994777
7467: 0.994778
7468: 0.994778
7469: 0.994779
7470: 0.99478
7471: 0.994781
7472: 0.994781
7473: 0.994782
7474: 0.994783
7475: 0.994783
7476: 0.994784
7477: 0.994785
7478: 0.994785
7479: 0.994786
7480: 0.994787
7481: 0.994787
7482: 0.994788
7483: 0.994789
7484: 0.99479
7485: 0.99479
7486: 0.994791
7487: 0.994792
7488: 0.994792
7489: 0.994793
7490: 0.994794
7491: 0.994794
7492: 0.994795
7493: 0.994796
7494: 0.994797
7495: 0.994797
7496: 0.994798
7497: 0.994799
7498: 0.994799
7499: 0.9948
7500: 0.994801
7501: 0.994801
7502: 0.994802
7503: 0.994803
7504: 0.994803
7505: 0.994804
7506: 0.994805
7507: 0.994806
7508: 0.994806
7509: 0.994807
7510: 0.994808
7511: 0.994808
7512: 0.994809
7513: 0.99481
7514: 0.99481
7515: 0.994811
7516: 0.994812
7517: 0.994812
7518: 0.994813
7519: 0.994814
7520: 0.994815
7521: 0.994815
7522: 0.994816
7523: 0.994817
7524: 0.994817
7525: 0.994818
7526: 0.994819
7527: 0.994819
7528: 0.99482
7529: 0.994821
7530: 0.994821
7531: 0.994822
7532: 0.994823
7533: 0.994823
7534: 0.994824
7535: 0.994825
7536: 0.994826
7537: 0.994826
7538: 0.994827
7539: 0.994828
7540: 0.994828
7541: 0.994829
7542: 0.99483
7543: 0.99483
7544: 0.994831
7545: 0.994832
7546: 0.994832
7547: 0.994833
7548: 0.994834
7549: 0.994834
7550: 0.994835
7551: 0.994836
7552: 0.994836
7553: 0.994837
7554: 0.994838
7555: 0.994839
7556: 0.994839
7557: 0.99484
7558: 0.994841
7559: 0.994841
7560: 0.994842
7561: 0.994843
7562: 0.994843
7563: 0.994844
7564: 0.994845
7565: 0.994845
7566: 0.994846
7567: 0.994847
7568: 0.994847
7569: 0.994848
7570: 0.994849
7571: 0.994849
7572: 0.99485
7573: 0.994851
7574: 0.994851
7575: 0.994852
7576: 0.994853
7577: 0.994854
7578: 0.994854
7579: 0.994855
7580: 0.994856
7581: 0.994856
7582: 0.994857
7583: 0.994858
7584: 0.994858
7585: 0.994859
7586: 0.99486
7587: 0.99486
7588: 0.994861
7589: 0.994862
7590: 0.994862
7591: 0.994863
7592: 0.994864
7593: 0.994864
7594: 0.994865
7595: 0.994866
7596: 0.994866
7597: 0.994867
7598: 0.994868
7599: 0.994868
7600: 0.994869
7601: 0.99487
7602: 0.99487
7603: 0.994871
7604: 0.994872
7605: 0.994872
7606: 0.994873
7607: 0.994874
7608: 0.994874
7609: 0.994875
7610: 0.994876
7611: 0.994877
7612: 0.994877
7613: 0.994878
7614: 0.994879
7615: 0.994879
7616: 0.99488
7617: 0.994881
7618: 0.994881
7619: 0.994882
7620: 0.994883
7621: 0.994883
7622: 0.994884
7623: 0.994885
7624: 0.994885
7625: 0.994886
7626: 0.994887
7627: 0.994887
7628: 0.994888
7629: 0.994889
7630: 0.994889
7631: 0.99489
7632: 0.994891
7633: 0.994891
7634: 0.994892
7635: 0.994893
7636: 0.994893
7637: 0.994894
7638: 0.994895
7639: 0.994895
7640: 0.994896
7641: 0.994897
7642: 0.994897
7643: 0.994898
7644: 0.994899
7645: 0.994899
7646: 0.9949
7647: 0.994901
7648: 0.994901
7649: 0.994902
7650: 0.994903
7651: 0.994903
7652: 0.994904
7653: 0.994905
7654: 0.994905
7655: 0.994906
7656: 0.994907
7657: 0.994907
7658: 0.994908
7659: 0.994909
7660: 0.994909
7661: 0.99491
7662: 0.994911
7663: 0.994911
7664: 0.994912
7665: 0.994913
7666: 0.994913
7667: 0.994914
7668: 0.994915
7669: 0.994915
7670: 0.994916
7671: 0.994917
7672: 0.994917
7673: 0.994918
7674: 0.994919
7675: 0.994919
7676: 0.99492
7677: 0.994921
7678: 0.994921
7679: 0.994922
7680: 0.994923
7681: 0.994923
7682: 0.994924
7683: 0.994925
7684: 0.994925
7685: 0.994926
7686: 0.994926
7687: 0.994927
7688: 0.994928
7689: 0.994928
7690: 0.994929
7691: 0.99493
7692: 0.99493
7693: 0.994931
7694: 0.994932
7695: 0.994932
7696: 0.994933
7697: 0.994934
7698: 0.994934
7699: 0.994935
7700: 0.994936
7701: 0.994936
7702: 0.994937
7703: 0.994938
7704: 0.994938
7705: 0.994939
7706: 0.99494
7707: 0.99494
7708: 0.994941
7709: 0.994942
7710: 0.994942
7711: 0.994943
7712: 0.994944
7713: 0.994944
7714: 0.994945
7715: 0.994946
7716: 0.994946
7717: 0.994947
7718: 0.994948
7719: 0.994948
7720: 0.994949
7721: 0.994949
7722: 0.99495
7723: 0.994951
7724: 0.994951
7725: 0.994952
7726: 0.994953
7727: 0.994953
7728: 0.994954
7729: 0.994955
7730: 0.994955
7731: 0.994956
7732: 0.994957
7733: 0.994957
7734: 0.994958
7735: 0.994959
7736: 0.994959
7737: 0.99496
7738: 0.994961
7739: 0.994961
7740: 0.994962
7741: 0.994963
7742: 0.994963
7743: 0.994964
7744: 0.994964
7745: 0.994965
7746: 0.994966
7747: 0.994966
7748: 0.994967
7749: 0.994968
7750: 0.994968
7751: 0.994969
7752: 0.99497
7753: 0.99497
7754: 0.994971
7755: 0.994972
7756: 0.994972
7757: 0.994973
7758: 0.994974
7759: 0.994974
7760: 0.994975
7761: 0.994976
7762: 0.994976
7763: 0.994977
7764: 0.994977
7765: 0.994978
7766: 0.994979
7767: 0.994979
7768: 0.99498
7769: 0.994981
7770: 0.994981
7771: 0.994982
7772: 0.994983
7773: 0.994983
7774: 0.994984
7775: 0.994985
7776: 0.994985
7777: 0.994986
7778: 0.994987
7779: 0.994987
7780: 0.994988
7781: 0.994988
7782: 0.994989
7783: 0.99499
7784: 0.99499
7785: 0.994991
7786: 0.994992
7787: 0.994992
7788: 0.994993
7789: 0.994994
7790: 0.994994
7791: 0.994995
7792: 0.994996
7793: 0.994996
7794: 0.994997
7795: 0.994997
7796: 0.994998
7797: 0.994999
7798: 0.994999
7799: 0.995
7800: 0.995001
7801: 0.995001
7802: 0.995002
7803: 0.995003
7804: 0.995003
7805: 0.995004
7806: 0.995004
7807: 0.995005
7808: 0.995006
7809: 0.995006
7810: 0.995007
7811: 0.995008
7812: 0.995008
7813: 0.995009
7814: 0.99501
7815: 0.99501
7816: 0.995011
7817: 0.995012
7818: 0.995012
7819: 0.995013
7820: 0.995013
7821: 0.995014
7822: 0.995015
7823: 0.995015
7824: 0.995016
7825: 0.995017
7826: 0.995017
7827: 0.995018
7828: 0.995019
7829: 0.995019
7830: 0.99502
7831: 0.99502
7832: 0.995021
7833: 0.995022
7834: 0.995022
7835: 0.995023
7836: 0.995024
7837: 0.995024
7838: 0.995025
7839: 0.995026
7840: 0.995026
7841: 0.995027
7842: 0.995027
7843: 0.995028
7844: 0.995029
7845: 0.995029
7846: 0.99503
7847: 0.995031
7848: 0.995031
7849: 0.995032
7850: 0.995032
7851: 0.995033
7852: 0.995034
7853: 0.995034
7854: 0.995035
7855: 0.995036
7856: 0.995036
7857: 0.995037
7858: 0.995038
7859: 0.995038
7860: 0.995039
7861: 0.995039
7862: 0.99504
7863: 0.995041
7864: 0.995041
7865: 0.995042
7866: 0.995043
7867: 0.995043
7868: 0.995044
7869: 0.995044
7870: 0.995045
7871: 0.995046
7872: 0.995046
7873: 0.995047
7874: 0.995048
7875: 0.995048
7876: 0.995049
7877: 0.99505
7878: 0.99505
7879: 0.995051
7880: 0.995051
7881: 0.995052
7882: 0.995053
7883: 0.995053
7884: 0.995054
7885: 0.995055
7886: 0.995055
7887: 0.995056
7888: 0.995056
7889: 0.995057
7890: 0.995058
7891: 0.995058
7892: 0.995059
7893: 0.99506
7894: 0.99506
7895: 0.995061
7896: 0.995061
7897: 0.995062
7898: 0.995063
7899: 0.995063
7900: 0.995064
7901: 0.995065
7902: 0.995065
7903: 0.995066
7904: 0.995066
7905: 0.995067
7906: 0.995068
7907: 0.995068
7908: 0.995069
7909: 0.99507
7910: 0.99507
7911: 0.995071
7912: 0.995071
7913: 0.995072
7914: 0.995073
7915: 0.995073
7916: 0.995074
7917: 0.995075
7918: 0.995075
7919: 0.995076
7920: 0.995076
7921: 0.995077
7922: 0.995078
7923: 0.995078
7924: 0.995079
7925: 0.995079
7926: 0.99508
7927: 0.995081
7928: 0.995081
7929: 0.995082
7930: 0.995083
7931: 0.995083
7932: 0.995084
7933: 0.995084
7934: 0.995085
7935: 0.995086
7936: 0.995086
7937: 0.995087
7938: 0.995088
7939: 0.995088
7940: 0.995089
7941: 0.995089
7942: 0.99509
7943: 0.995091
7944: 0.995091
7945: 0.995092
7946: 0.995092
7947: 0.995093
7948: 0.995094
7949: 0.995094
7950: 0.995095
7951: 0.995096
7952: 0.995096
7953: 0.995097
7954: 0.995097
7955: 0.995098
7956: 0.995099
7957: 0.995099
7958: 0.9951
7959: 0.995101
7960: 0.995101
7961: 0.995102
7962: 0.995102
7963: 0.995103
7964: 0.995104
7965: 0.995104
7966: 0.995105
7967: 0.995105
7968: 0.995106
7969: 0.995107
7970: 0.995107
7971: 0.995108
7972: 0.995108
7973: 0.995109
7974: 0.99511
7975: 0.99511
7976: 0.995111
7977: 0.995112
7978: 0.995112
7979: 0.995113
7980: 0.995113
7981: 0.995114
7982: 0.995115
7983: 0.995115
7984: 0.995116
7985: 0.995116
7986: 0.995117
7987: 0.995118
7988: 0.995118
7989: 0.995119
7990: 0.99512
7991: 0.99512
7992: 0.995121
7993: 0.995121
7994: 0.995122
7995: 0.995123
7996: 0.995123
7997: 0.995124
7998: 0.995124
7999: 0.995125
8000: 0.995126
8001: 0.995126
8002: 0.995127
8003: 0.995127
8004: 0.995128
8005: 0.995129
8006: 0.995129
8007: 0.99513
8008: 0.99513
8009: 0.995131
8010: 0.995132
8011: 0.995132
8012: 0.995133
8013: 0.995134
8014: 0.995134
8015: 0.995135
8016: 0.995135
8017: 0.995136
8018: 0.995137
8019: 0.995137
8020: 0.995138
8021: 0.995138
8022: 0.995139
8023: 0.99514
8024: 0.99514
8025: 0.995141
8026: 0.995141
8027: 0.995142
8028: 0.995143
8029: 0.995143
8030: 0.995144
8031: 0.995144
8032: 0.995145
8033: 0.995146
8034: 0.995146
8035: 0.995147
8036: 0.995147
8037: 0.995148
8038: 0.995149
8039: 0.995149
8040: 0.99515
8041: 0.99515
8042: 0.995151
8043: 0.995152
8044: 0.995152
8045: 0.995153
8046: 0.995153
8047: 0.995154
8048: 0.995155
8049: 0.995155
8050: 0.995156
8051: 0.995156
8052: 0.995157
8053: 0.995158
8054: 0.995158
8055: 0.995159
8056: 0.995159
8057: 0.99516
8058: 0.995161
8059: 0.995161
8060: 0.995162
8061: 0.995162
8062: 0.995163
8063: 0.995164
8064: 0.995164
8065: 0.995165
8066: 0.995165
8067: 0.995166
8068: 0.995167
8069: 0.995167
8070: 0.995168
8071: 0.995168
8072: 0.995169
8073: 0.99517
8074: 0.99517
8075: 0.995171
8076: 0.995171
8077: 0.995172
8078: 0.995173
8079: 0.995173
8080: 0.995174
8081: 0.995174
8082: 0.995175
8083: 0.995176
8084: 0.995176
8085: 0.995177
8086: 0.995177
8087: 0.995178
8088: 0.995179
8089: 0.995179
8090: 0.99518
8091: 0.99518
8092: 0.995181
8093: 0.995182
8094: 0.995182
8095: 0.995183
8096: 0.995183
8097: 0.995184
8098: 0.995185
8099: 0.995185
8100: 0.995186
8101: 0.995186
8102: 0.995187
8103: 0.995188
8104: 0.995188
8105: 0.995189
8106: 0.995189
8107: 0.99519
8108: 0.995191
8109: 0.995191
8110: 0.995192
8111: 0.995192
8112: 0.995193
8113: 0.995193
8114: 0.995194
8115: 0.995195
8116: 0.995195
8117: 0.995196
8118: 0.995196
8119: 0.995197
8120: 0.995198
8121: 0.995198
8122: 0.995199
8123: 0.995199
8124: 0.9952
8125: 0.995201
8126: 0.995201
8127: 0.995202
8128: 0.995202
8129: 0.995203
8130: 0.995204
8131: 0.995204
8132: 0.995205
8133: 0.995205
8134: 0.995206
8135: 0.995206
8136: 0.995207
8137: 0.995208
8138: 0.995208
8139: 0.995209
8140: 0.995209
8141: 0.99521
8142: 0.995211
8143: 0.995211
8144: 0.995212
8145: 0.995212
8146: 0.995213
8147: 0.995214
8148: 0.995214
8149: 0.995215
8150: 0.995215
8151: 0.995216
8152: 0.995216
8153: 0.995217
8154: 0.995218
8155: 0.995218
8156: 0.995219
8157: 0.995219
8158: 0.99522
8159: 0.995221
8160: 0.995221
8161: 0.995222
8162: 0.995222
8163: 0.995223
8164: 0.995224
8165: 0.995224
8166: 0.995225
8167: 0.995225
8168: 0.995226
8169: 0.995226
8170: 0.995227
8171: 0.995228
8172: 0.995228
8173: 0.995229
8174: 0.995229
8175: 0.99523
8176: 0.995231
8177: 0.995231
8178: 0.995232
8179: 0.995232
8180: 0.995233
8181: 0.995233
8182: 0.995234
8183: 0.995235
8184: 0.995235
8185: 0.995236
8186: 0.995236
8187: 0.995237
8188: 0.995238
8189: 0.995238
8190: 0.995239
8191: 0.995239
8192: 0.99524
8193: 0.99524
8194: 0.995241
8195: 0.995242
8196: 0.995242
8197: 0.995243
8198: 0.995243
8199: 0.995244
8200: 0.995244
8201: 0.995245
8202: 0.995246
8203: 0.995246
8204: 0.995247
8205: 0.995247
8206: 0.995248
8207: 0.995249
8208: 0.995249
8209: 0.99525
8210: 0.99525
8211: 0.995251
8212: 0.995251
8213: 0.995252
8214: 0.995253
8215: 0.995253
8216: 0.995254
8217: 0.995254
8218: 0.995255
8219: 0.995255
8220: 0.995256
8221: 0.995257
8222: 0.995257
8223: 0.995258
8224: 0.995258
8225: 0.995259
8226: 0.99526
8227: 0.99526
8228: 0.995261
8229: 0.995261
8230: 0.995262
8231: 0.995262
8232: 0.995263
8233: 0.995264
8234: 0.995264
8235: 0.995265
8236: 0.995265
8237: 0.995266
8238: 0.995266
8239: 0.995267
8240: 0.995268
8241: 0.995268
8242: 0.995269
8243: 0.995269
8244: 0.99527
8245: 0.99527
8246: 0.995271
8247: 0.995272
8248: 0.995272
8249: 0.995273
8250: 0.995273
8251: 0.995274
8252: 0.995274
8253: 0.995275
8254: 0.995276
8255: 0.995276
8256: 0.995277
8257: 0.995277
8258: 0.995278
8259: 0.995278
8260: 0.995279
8261: 0.99528
8262: 0.99528
8263: 0.995281
8264: 0.995281
8265: 0.995282
8266: 0.995282
8267: 0.995283
8268: 0.995284
8269: 0.995284
8270: 0.995285
8271: 0.995285
8272: 0.995286
8273: 0.995286
8274: 0.995287
8275: 0.995288
8276: 0.995288
8277: 0.995289
8278: 0.995289
8279: 0.99529
8280: 0.99529
8281: 0.995291
8282: 0.995292
8283: 0.995292
8284: 0.995293
8285: 0.995293
8286: 0.995294
8287: 0.995294
8288: 0.995295
8289: 0.995296
8290: 0.995296
8291: 0.995297
8292: 0.995297
8293: 0.995298
8294: 0.995298
8295: 0.995299
8296: 0.9953
8297: 0.9953
8298: 0.995301
8299: 0.995301
8300: 0.995302
8301: 0.995302
8302: 0.995303
8303: 0.995303
8304: 0.995304
8305: 0.995305
8306: 0.995305
8307: 0.995306
8308: 0.995306
8309: 0.995307
8310: 0.995307
8311: 0.995308
8312: 0.995309
8313: 0.995309
8314: 0.99531
8315: 0.99531
8316: 0.995311
8317: 0.995311
8318: 0.995312
8319: 0.995313
8320: 0.995313
8321: 0.995314
8322: 0.995314
8323: 0.995315
8324: 0.995315
8325: 0.995316
8326: 0.995316
8327: 0.995317
8328: 0.995318
8329: 0.995318
8330: 0.995319
8331: 0.995319
8332: 0.99532
8333: 0.99532
8334: 0.995321
8335: 0.995321
8336: 0.995322
8337: 0.995323
8338: 0.995323
8339: 0.995324
8340: 0.995324
8341: 0.995325
8342: 0.995325
8343: 0.995326
8344: 0.995327
8345: 0.995327
8346: 0.995328
8347: 0.995328
8348: 0.995329
8349: 0.995329
8350: 0.99533
8351: 0.99533
8352: 0.995331
8353: 0.995332
8354: 0.995332
8355: 0.995333
8356: 0.995333
8357: 0.995334
8358: 0.995334
8359: 0.995335
8360: 0.995335
8361: 0.995336
8362: 0.995337
8363: 0.995337
8364: 0.995338
8365: 0.995338
8366: 0.995339
8367: 0.995339
8368: 0.99534
8369: 0.995341
8370: 0.995341
8371: 0.995342
8372: 0.995342
8373: 0.995343
8374: 0.995343
8375: 0.995344
8376: 0.995344
8377: 0.995345
8378: 0.995346
8379: 0.995346
8380: 0.995347
8381: 0.995347
8382: 0.995348
8383: 0.995348
8384: 0.995349
8385: 0.995349
8386: 0.99535
8387: 0.995351
8388: 0.995351
8389: 0.995352
8390: 0.995352
8391: 0.995353
8392: 0.995353
8393: 0.995354
8394: 0.995354
8395: 0.995355
8396: 0.995355
8397: 0.995356
8398: 0.995357
8399: 0.995357
8400: 0.995358
8401: 0.995358
8402: 0.995359
8403: 0.995359
8404: 0.99536
8405: 0.99536
8406: 0.995361
8407: 0.995362
8408: 0.995362
8409: 0.995363
8410: 0.995363
8411: 0.995364
8412: 0.995364
8413: 0.995365
8414: 0.995365
8415: 0.995366
8416: 0.995367
8417: 0.995367
8418: 0.995368
8419: 0.995368
8420: 0.995369
8421: 0.995369
8422: 0.99537
8423: 0.99537
8424: 0.995371
8425: 0.995371
8426: 0.995372
8427: 0.995373
8428: 0.995373
8429: 0.995374
8430: 0.995374
8431: 0.995375
8432: 0.995375
8433: 0.995376
8434: 0.995376
8435: 0.995377
8436: 0.995378
8437: 0.995378
8438: 0.995379
8439: 0.995379
8440: 0.99538
8441: 0.99538
8442: 0.995381
8443: 0.995381
8444: 0.995382
8445: 0.995382
8446: 0.995383
8447: 0.995384
8448: 0.995384
8449: 0.995385
8450: 0.995385
8451: 0.995386
8452: 0.995386
8453: 0.995387
8454: 0.995387
8455: 0.995388
8456: 0.995388
8457: 0.995389
8458: 0.99539
8459: 0.99539
8460: 0.995391
8461: 0.995391
8462: 0.995392
8463: 0.995392
8464: 0.995393
8465: 0.995393
8466: 0.995394
8467: 0.995394
8468: 0.995395
8469: 0.995396
8470: 0.995396
8471: 0.995397
8472: 0.995397
8473: 0.995398
8474: 0.995398
8475: 0.995399
8476: 0.995399
8477: 0.9954
8478: 0.9954
8479: 0.995401
8480: 0.995401
8481: 0.995402
8482: 0.995403
8483: 0.995403
8484: 0.995404
8485: 0.995404
8486: 0.995405
8487: 0.995405
8488: 0.995406
8489: 0.995406
8490: 0.995407
8491: 0.995407
8492: 0.995408
8493: 0.995409
8494: 0.995409
8495: 0.99541
8496: 0.99541
8497: 0.995411
8498: 0.995411
8499: 0.995412
8500: 0.995412
8501: 0.995413
8502: 0.995413
8503: 0.995414
8504: 0.995414
8505: 0.995415
8506: 0.995416
8507: 0.995416
8508: 0.995417
8509: 0.995417
8510: 0.995418
8511: 0.995418
8512: 0.995419
8513: 0.995419
8514: 0.99542
8515: 0.99542
8516: 0.995421
8517: 0.995421
8518: 0.995422
8519: 0.995423
8520: 0.995423
8521: 0.995424
8522: 0.995424
8523: 0.995425
8524: 0.995425
8525: 0.995426
8526: 0.995426
8527: 0.995427
8528: 0.995427
8529: 0.995428
8530: 0.995428
8531: 0.995429
8532: 0.99543
8533: 0.99543
8534: 0.995431
8535: 0.995431
8536: 0.995432
8537: 0.995432
8538: 0.995433
8539: 0.995433
8540: 0.995434
8541: 0.995434
8542: 0.995435
8543: 0.995435
8544: 0.995436
8545: 0.995436
8546: 0.995437
8547: 0.995438
8548: 0.995438
8549: 0.995439
8550: 0.995439
8551: 0.99544
8552: 0.99544
8553: 0.995441
8554: 0.995441
8555: 0.995442
8556: 0.995442
8557: 0.995443
8558: 0.995443
8559: 0.995444
8560: 0.995444
8561: 0.995445
8562: 0.995446
8563: 0.995446
8564: 0.995447
8565: 0.995447
8566: 0.995448
8567: 0.995448
8568: 0.995449
8569: 0.995449
8570: 0.99545
8571: 0.99545
8572: 0.995451
8573: 0.995451
8574: 0.995452
8575: 0.995452
8576: 0.995453
8577: 0.995453
8578: 0.995454
8579: 0.995455
8580: 0.995455
8581: 0.995456
8582: 0.995456
8583: 0.995457
8584: 0.995457
8585: 0.995458
8586: 0.995458
8587: 0.995459
8588: 0.995459
8589: 0.99546
8590: 0.99546
8591: 0.995461
8592: 0.995461
8593: 0.995462
8594: 0.995462
8595: 0.995463
8596: 0.995464
8597: 0.995464
8598: 0.995465
8599: 0.995465
8600: 0.995466
8601: 0.995466
8602: 0.995467
8603: 0.995467
8604: 0.995468
8605: 0.995468
8606: 0.995469
8607: 0.995469
8608: 0.99547
8609: 0.99547
8610: 0.995471
8611: 0.995471
8612: 0.995472
8613: 0.995472
8614: 0.995473
8615: 0.995474
8616: 0.995474
8617: 0.995475
8618: 0.995475
8619: 0.995476
8620: 0.995476
8621: 0.995477
8622: 0.995477
8623: 0.995478
8624: 0.995478
8625: 0.995479
8626: 0.995479
8627: 0.99548
8628: 0.99548
8629: 0.995481
8630: 0.995481
8631: 0.995482
8632: 0.995482
8633: 0.995483
8634: 0.995483
8635: 0.995484
8636: 0.995485
8637: 0.995485
8638: 0.995486
8639: 0.995486
8640: 0.995487
8641: 0.995487
8642: 0.995488
8643: 0.995488
8644: 0.995489
8645: 0.995489
8646: 0.99549
8647: 0.99549
8648: 0.995491
8649: 0.995491
8650: 0.995492
8651: 0.995492
8652: 0.995493
8653: 0.995493
8654: 0.995494
8655: 0.995494
8656: 0.995495
8657: 0.995495
8658: 0.995496
8659: 0.995497
8660: 0.995497
8661: 0.995498
8662: 0.995498
8663: 0.995499
8664: 0.995499
8665: 0.9955
8666: 0.9955
8667: 0.995501
8668: 0.995501
8669: 0.995502
8670: 0.995502
8671: 0.995503
8672: 0.995503
8673: 0.995504
8674: 0.995504
8675: 0.995505
8676: 0.995505
8677: 0.995506
8678: 0.995506
8679: 0.995507
8680: 0.995507
8681: 0.995508
8682: 0.995508
8683: 0.995509
8684: 0.995509
8685: 0.99551
8686: 0.995511
8687: 0.995511
8688: 0.995512
8689: 0.995512
8690: 0.995513
8691: 0.995513
8692: 0.995514
8693: 0.995514
8694: 0.995515
8695: 0.995515
8696: 0.995516
8697: 0.995516
8698: 0.995517
8699: 0.995517
8700: 0.995518
8701: 0.995518
8702: 0.995519
8703: 0.995519
8704: 0.99552
8705: 0.99552
8706: 0.995521
8707: 0.995521
8708: 0.995522
8709: 0.995522
8710: 0.995523
8711: 0.995523
8712: 0.995524
8713: 0.995524
8714: 0.995525
8715: 0.995525
8716: 0.995526
8717: 0.995526
8718: 0.995527
8719: 0.995528
8720: 0.995528
8721: 0.995529
8722: 0.995529
8723: 0.99553
8724: 0.99553
8725: 0.995531
8726: 0.995531
8727: 0.995532
8728: 0.995532
8729: 0.995533
8730: 0.995533
8731: 0.995534
8732: 0.995534
8733: 0.995535
8734: 0.995535
8735: 0.995536
8736: 0.995536
8737: 0.995537
8738: 0.995537
8739: 0.995538
8740: 0.995538
8741: 0.995539
8742: 0.995539
8743: 0.99554
8744: 0.99554
8745: 0.995541
8746: 0.995541
8747: 0.995542
8748: 0.995542
8749: 0.995543
8750: 0.995543
8751: 0.995544
8752: 0.995544
8753: 0.995545
8754: 0.995545
8755: 0.995546
8756: 0.995546
8757: 0.995547
8758: 0.995547
8759: 0.995548
8760: 0.995548
8761: 0.995549
8762: 0.995549
8763: 0.99555
8764: 0.99555
8765: 0.995551
8766: 0.995551
8767: 0.995552
8768: 0.995553
8769: 0.995553
8770: 0.995554
8771: 0.995554
8772: 0.995555
8773: 0.995555
8774: 0.995556
8775: 0.995556
8776: 0.995557
8777: 0.995557
8778: 0.995558
8779: 0.995558
8780: 0.995559
8781: 0.995559
8782: 0.99556
8783: 0.99556
8784: 0.995561
8785: 0.995561
8786: 0.995562
8787: 0.995562
8788: 0.995563
8789: 0.995563
8790: 0.995564
8791: 0.995564
8792: 0.995565
8793: 0.995565
8794: 0.995566
8795: 0.995566
8796: 0.995567
8797: 0.995567
8798: 0.995568
8799: 0.995568
8800: 0.995569
8801: 0.995569
8802: 0.99557
8803: 0.99557
8804: 0.995571
8805: 0.995571
8806: 0.995572
8807: 0.995572
8808: 0.995573
8809: 0.995573
8810: 0.995574
8811: 0.995574
8812: 0.995575
8813: 0.995575
8814: 0.995576
8815: 0.995576
8816: 0.995577
8817: 0.995577
8818: 0.995578
8819: 0.995578
8820: 0.995579
8821: 0.995579
8822: 0.99558
8823: 0.99558
8824: 0.995581
8825: 0.995581
8826: 0.995582
8827: 0.995582
8828: 0.995583
8829: 0.995583
8830: 0.995584
8831: 0.995584
8832: 0.995585
8833: 0.995585
8834: 0.995586
8835: 0.995586
8836: 0.995587
8837: 0.995587
8838: 0.995588
8839: 0.995588
8840: 0.995589
8841: 0.995589
8842: 0.99559
8843: 0.99559
8844: 0.995591
8845: 0.995591
8846: 0.995592
8847: 0.995592
8848: 0.995593
8849: 0.995593
8850: 0.995594
8851: 0.995594
8852: 0.995595
8853: 0.995595
8854: 0.995596
8855: 0.995596
8856: 0.995597
8857: 0.995597
8858: 0.995598
8859: 0.995598
8860: 0.995599
8861: 0.995599
8862: 0.9956
8863: 0.9956
8864: 0.995601
8865: 0.995601
8866: 0.995602
8867: 0.995602
8868: 0.995603
8869: 0.995603
8870: 0.995604
8871: 0.995604
8872: 0.995605
8873: 0.995605
8874: 0.995606
8875: 0.995606
8876: 0.995607
8877: 0.995607
8878: 0.995608
8879: 0.995608
8880: 0.995609
8881: 0.995609
8882: 0.99561
8883: 0.99561
8884: 0.995611
8885: 0.995611
8886: 0.995612
8887: 0.995612
8888: 0.995613
8889: 0.995613
8890: 0.995614
8891: 0.995614
8892: 0.995615
8893: 0.995615
8894: 0.995616
8895: 0.995616
8896: 0.995616
8897: 0.995617
8898: 0.995617
8899: 0.995618
8900: 0.995618
8901: 0.995619
8902: 0.995619
8903: 0.99562
8904: 0.99562
8905: 0.995621
8906: 0.995621
8907: 0.995622
8908: 0.995622
8909: 0.995623
8910: 0.995623
8911: 0.995624
8912: 0.995624
8913: 0.995625
8914: 0.995625
8915: 0.995626
8916: 0.995626
8917: 0.995627
8918: 0.995627
8919: 0.995628
8920: 0.995628
8921: 0.995629
8922: 0.995629
8923: 0.99563
8924: 0.99563
8925: 0.995631
8926: 0.995631
8927: 0.995632
8928: 0.995632
8929: 0.995633
8930: 0.995633
8931: 0.995634
8932: 0.995634
8933: 0.995635
8934: 0.995635
8935: 0.995636
8936: 0.995636
8937: 0.995637
8938: 0.995637
8939: 0.995638
8940: 0.995638
8941: 0.995639
8942: 0.995639
8943: 0.99564
8944: 0.99564
8945: 0.995641
8946: 0.995641
8947: 0.995641
8948: 0.995642
8949: 0.995642
8950: 0.995643
8951: 0.995643
8952: 0.995644
8953: 0.995644
8954: 0.995645
8955: 0.995645
8956: 0.995646
8957: 0.995646
8958: 0.995647
8959: 0.995647
8960: 0.995648
8961: 0.995648
8962: 0.995649
8963: 0.995649
8964: 0.99565
8965: 0.99565
8966: 0.995651
8967: 0.995651
8968: 0.995652
8969: 0.995652
8970: 0.995653
8971: 0.995653
8972: 0.995654
8973: 0.995654
8974: 0.995655
8975: 0.995655
8976: 0.995656
8977: 0.995656
8978: 0.995657
8979: 0.995657
8980: 0.995657
8981: 0.995658
8982: 0.995658
8983: 0.995659
8984: 0.995659
8985: 0.99566
8986: 0.99566
8987: 0.995661
8988: 0.995661
8989: 0.995662
8990: 0.995662
8991: 0.995663
8992: 0.995663
8993: 0.995664
8994: 0.995664
8995: 0.995665
8996: 0.995665
8997: 0.995666
8998: 0.995666
8999: 0.995667
9000: 0.995667
9001: 0.995668
9002: 0.995668
9003: 0.995669
9004: 0.995669
9005: 0.99567
9006: 0.99567
9007: 0.995671
9008: 0.995671
9009: 0.995671
9010: 0.995672
9011: 0.995672
9012: 0.995673
9013: 0.995673
9014: 0.995674
9015: 0.995674
9016: 0.995675
9017: 0.995675
9018: 0.995676
9019: 0.995676
9020: 0.995677
9021: 0.995677
9022: 0.995678
9023: 0.995678
9024: 0.995679
9025: 0.995679
9026: 0.99568
9027: 0.99568
9028: 0.995681
9029: 0.995681
9030: 0.995682
9031: 0.995682
9032: 0.995682
9033: 0.995683
9034: 0.995683
9035: 0.995684
9036: 0.995684
9037: 0.995685
9038: 0.995685
9039: 0.995686
9040: 0.995686
9041: 0.995687
9042: 0.995687
9043: 0.995688
9044: 0.995688
9045: 0.995689
9046: 0.995689
9047: 0.99569
9048: 0.99569
9049: 0.995691
9050: 0.995691
9051: 0.995692
9052: 0.995692
9053: 0.995693
9054: 0.995693
9055: 0.995693
9056: 0.995694
9057: 0.995694
9058: 0.995695
9059: 0.995695
9060: 0.995696
9061: 0.995696
9062: 0.995697
9063: 0.995697
9064: 0.995698
9065: 0.995698
9066: 0.995699
9067: 0.995699
9068: 0.9957
9069: 0.9957
9070: 0.995701
9071: 0.995701
9072: 0.995702
9073: 0.995702
9074: 0.995702
9075: 0.995703
9076: 0.995703
9077: 0.995704
9078: 0.995704
9079: 0.995705
9080: 0.995705
9081: 0.995706
9082: 0.995706
9083: 0.995707
9084: 0.995707
9085: 0.995708
9086: 0.995708
9087: 0.995709
9088: 0.995709
9089: 0.99571
9090: 0.99571
9091: 0.995711
9092: 0.995711
9093: 0.995711
9094: 0.995712
9095: 0.995712
9096: 0.995713
9097: 0.995713
9098: 0.995714
9099: 0.995714
9100: 0.995715
9101: 0.995715
9102: 0.995716
9103: 0.995716
9104: 0.995717
9105: 0.995717
9106: 0.995718
9107: 0.995718
9108: 0.995719
9109: 0.995719
9110: 0.995719
9111: 0.99572
9112: 0.99572
9113: 0.995721
9114: 0.995721
9115: 0.995722
9116: 0.995722
9117: 0.995723
9118: 0.995723
9119: 0.995724
9120: 0.995724
9121: 0.995725
9122: 0.995725
9123: 0.995726
9124: 0.995726
9125: 0.995726
9126: 0.995727
9127: 0.995727
9128: 0.995728
9129: 0.995728
9130: 0.995729
9131: 0.995729
9132: 0.99573
9133: 0.99573
9134: 0.995731
9135: 0.995731
9136: 0.995732
9137: 0.995732
9138: 0.995733
9139: 0.995733
9140: 0.995734
9141: 0.995734
9142: 0.995734
9143: 0.995735
9144: 0.995735
9145: 0.995736
9146: 0.995736
9147: 0.995737
9148: 0.995737
9149: 0.995738
9150: 0.995738
9151: 0.995739
9152: 0.995739
9153: 0.99574
9154: 0.99574
9155: 0.99574
9156: 0.995741
9157: 0.995741
9158: 0.995742
9159: 0.995742
9160: 0.995743
9161: 0.995743
9162: 0.995744
9163: 0.995744
9164: 0.995745
9165: 0.995745
9166: 0.995746
9167: 0.995746
9168: 0.995747
9169: 0.995747
9170: 0.995747
9171: 0.995748
9172: 0.995748
9173: 0.995749
9174: 0.995749
9175: 0.99575
9176: 0.99575
9177: 0.995751
9178: 0.995751
9179: 0.995752
9180: 0.995752
9181: 0.995753
9182: 0.995753
9183: 0.995753
9184: 0.995754
9185: 0.995754
9186: 0.995755
9187: 0.995755
9188: 0.995756
9189: 0.995756
9190: 0.995757
9191: 0.995757
9192: 0.995758
9193: 0.995758
9194: 0.995759
9195: 0.995759
9196: 0.995759
9197: 0.99576
9198: 0.99576
9199: 0.995761
9200: 0.995761
9201: 0.995762
9202: 0.995762
9203: 0.995763
9204: 0.995763
9205: 0.995764
9206: 0.995764
9207: 0.995765
9208: 0.995765
9209: 0.995765
9210: 0.995766
9211: 0.995766
9212: 0.995767
9213: 0.995767
9214: 0.995768
9215: 0.995768
9216: 0.995769
9217: 0.995769
9218: 0.99577
9219: 0.99577
9220: 0.995771
9221: 0.995771
9222: 0.995771
9223: 0.995772
9224: 0.995772
9225: 0.995773
9226: 0.995773
9227: 0.995774
9228: 0.995774
9229: 0.995775
9230: 0.995775
9231: 0.995776
9232: 0.995776
9233: 0.995776
9234: 0.995777
9235: 0.995777
9236: 0.995778
9237: 0.995778
9238: 0.995779
9239: 0.995779
9240: 0.99578
9241: 0.99578
9242: 0.995781
9243: 0.995781
9244: 0.995782
9245: 0.995782
9246: 0.995782
9247: 0.995783
9248: 0.995783
9249: 0.995784
9250: 0.995784
9251: 0.995785
9252: 0.995785
9253: 0.995786
9254: 0.995786
9255: 0.995787
9256: 0.995787
9257: 0.995787
9258: 0.995788
9259: 0.995788
9260: 0.995789
9261: 0.995789
9262: 0.99579
9263: 0.99579
9264: 0.995791
9265: 0.995791
9266: 0.995792
9267: 0.995792
9268: 0.995792
9269: 0.995793
9270: 0.995793
9271: 0.995794
9272: 0.995794
9273: 0.995795
9274: 0.995795
9275: 0.995796
9276: 0.995796
9277: 0.995797
9278: 0.995797
9279: 0.995797
9280: 0.995798
9281: 0.995798
9282: 0.995799
9283: 0.995799
9284: 0.9958
9285: 0.9958
9286: 0.995801
9287: 0.995801
9288: 0.995801
9289: 0.995802
9290: 0.995802
9291: 0.995803
9292: 0.995803
9293: 0.995804
9294: 0.995804
9295: 0.995805
9296: 0.995805
9297: 0.995806
9298: 0.995806
9299: 0.995806
9300: 0.995807
9301: 0.995807
9302: 0.995808
9303: 0.995808
9304: 0.995809
9305: 0.995809
9306: 0.99581
9307: 0.99581
9308: 0.995811
9309: 0.995811
9310: 0.995811
9311: 0.995812
9312: 0.995812
9313: 0.995813
9314: 0.995813
9315: 0.995814
9316: 0.995814
9317: 0.995815
9318: 0.995815
9319: 0.995815
9320: 0.995816
9321: 0.995816
9322: 0.995817
9323: 0.995817
9324: 0.995818
9325: 0.995818
9326: 0.995819
9327: 0.995819
9328: 0.995819
9329: 0.99582
9330: 0.99582
9331: 0.995821
9332: 0.995821
9333: 0.995822
9334: 0.995822
9335: 0.995823
9336: 0.995823
9337: 0.995824
9338: 0.995824
9339: 0.995824
9340: 0.995825
9341: 0.995825
9342: 0.995826
9343: 0.995826
9344: 0.995827
9345: 0.995827
9346: 0.995828
9347: 0.995828
9348: 0.995828
9349: 0.995829
9350: 0.995829
9351: 0.99583
9352: 0.99583
9353: 0.995831
9354: 0.995831
9355: 0.995832
9356: 0.995832
9357: 0.995832
9358: 0.995833
9359: 0.995833
9360: 0.995834
9361: 0.995834
9362: 0.995835
9363: 0.995835
9364: 0.995836
9365: 0.995836
9366: 0.995836
9367: 0.995837
9368: 0.995837
9369: 0.995838
9370: 0.995838
9371: 0.995839
9372: 0.995839
9373: 0.99584
9374: 0.99584
9375: 0.99584
9376: 0.995841
9377: 0.995841
9378: 0.995842
9379: 0.995842
9380: 0.995843
9381: 0.995843
9382: 0.995844
9383: 0.995844
9384: 0.995844
9385: 0.995845
9386: 0.995845
9387: 0.995846
9388: 0.995846
9389: 0.995847
9390: 0.995847
9391: 0.995848
9392: 0.995848
9393: 0.995848
9394: 0.995849
9395: 0.995849
9396: 0.99585
9397: 0.99585
9398: 0.995851
9399: 0.995851
9400: 0.995852
9401: 0.995852
9402: 0.995852
9403: 0.995853
9404: 0.995853
9405: 0.995854
9406: 0.995854
9407: 0.995855
9408: 0.995855
9409: 0.995855
9410: 0.995856
9411: 0.995856
9412: 0.995857
9413: 0.995857
9414: 0.995858
9415: 0.995858
9416: 0.995859
9417: 0.995859
9418: 0.995859
9419: 0.99586
9420: 0.99586
9421: 0.995861
9422: 0.995861
9423: 0.995862
9424: 0.995862
9425: 0.995863
9426: 0.995863
9427: 0.995863
9428: 0.995864
9429: 0.995864
9430: 0.995865
9431: 0.995865
9432: 0.995866
9433: 0.995866
9434: 0.995866
9435: 0.995867
9436: 0.995867
9437: 0.995868
9438: 0.995868
9439: 0.995869
9440: 0.995869
9441: 0.99587
9442: 0.99587
9443: 0.99587
9444: 0.995871
9445: 0.995871
9446: 0.995872
9447: 0.995872
9448: 0.995873
9449: 0.995873
9450: 0.995873
9451: 0.995874
9452: 0.995874
9453: 0.995875
9454: 0.995875
9455: 0.995876
9456: 0.995876
9457: 0.995877
9458: 0.995877
9459: 0.995877
9460: 0.995878
9461: 0.995878
9462: 0.995879
9463: 0.995879
9464: 0.99588
9465: 0.99588
9466: 0.99588
9467: 0.995881
9468: 0.995881
9469: 0.995882
9470: 0.995882
9471: 0.995883
9472: 0.995883
9473: 0.995883
9474: 0.995884
9475: 0.995884
9476: 0.995885
9477: 0.995885
9478: 0.995886
9479: 0.995886
9480: 0.995887
9481: 0.995887
9482: 0.995887
9483: 0.995888
9484: 0.995888
9485: 0.995889
9486: 0.995889
9487: 0.99589
9488: 0.99589
9489: 0.99589
9490: 0.995891
9491: 0.995891
9492: 0.995892
9493: 0.995892
9494: 0.995893
9495: 0.995893
9496: 0.995893
9497: 0.995894
9498: 0.995894
9499: 0.995895
9500: 0.995895
9501: 0.995896
9502: 0.995896
9503: 0.995896
9504: 0.995897
9505: 0.995897
9506: 0.995898
9507: 0.995898
9508: 0.995899
9509: 0.995899
9510: 0.995899
9511: 0.9959
9512: 0.9959
9513: 0.995901
9514: 0.995901
9515: 0.995902
9516: 0.995902
9517: 0.995903
9518: 0.995903
9519: 0.995903
9520: 0.995904
9521: 0.995904
9522: 0.995905
9523: 0.995905
9524: 0.995906
9525: 0.995906
9526: 0.995906
9527: 0.995907
9528: 0.995907
9529: 0.995908
9530: 0.995908
9531: 0.995909
9532: 0.995909
9533: 0.995909
9534: 0.99591
9535: 0.99591
9536: 0.995911
9537: 0.995911
9538: 0.995912
9539: 0.995912
9540: 0.995912
9541: 0.995913
9542: 0.995913
9543: 0.995914
9544: 0.995914
9545: 0.995915
9546: 0.995915
9547: 0.995915
9548: 0.995916
9549: 0.995916
9550: 0.995917
9551: 0.995917
9552: 0.995918
9553: 0.995918
9554: 0.995918
9555: 0.995919
9556: 0.995919
9557: 0.99592
9558: 0.99592
9559: 0.995921
9560: 0.995921
9561: 0.995921
9562: 0.995922
9563: 0.995922
9564: 0.995923
9565: 0.995923
9566: 0.995923
9567: 0.995924
9568: 0.995924
9569: 0.995925
9570: 0.995925
9571: 0.995926
9572: 0.995926
9573: 0.995926
9574: 0.995927
9575: 0.995927
9576: 0.995928
9577: 0.995928
9578: 0.995929
9579: 0.995929
9580: 0.995929
9581: 0.99593
9582: 0.99593
9583: 0.995931
9584: 0.995931
9585: 0.995932
9586: 0.995932
9587: 0.995932
9588: 0.995933
9589: 0.995933
9590: 0.995934
9591: 0.995934
9592: 0.995935
9593: 0.995935
9594: 0.995935
9595: 0.995936
9596: 0.995936
9597: 0.995937
9598: 0.995937
9599: 0.995938
9600: 0.995938
9601: 0.995938
9602: 0.995939
9603: 0.995939
9604: 0.99594
9605: 0.99594
9606: 0.99594
9607: 0.995941
9608: 0.995941
9609: 0.995942
9610: 0.995942
9611: 0.995943
9612: 0.995943
9613: 0.995943
9614: 0.995944
9615: 0.995944
9616: 0.995945
9617: 0.995945
9618: 0.995946
9619: 0.995946
9620: 0.995946
9621: 0.995947
9622: 0.995947
9623: 0.995948
9624: 0.995948
9625: 0.995948
9626: 0.995949
9627: 0.995949
9628: 0.99595
9629: 0.99595
9630: 0.995951
9631: 0.995951
9632: 0.995951
9633: 0.995952
9634: 0.995952
9635: 0.995953
9636: 0.995953
9637: 0.995954
9638: 0.995954
9639: 0.995954
9640: 0.995955
9641: 0.995955
9642: 0.995956
9643: 0.995956
9644: 0.995956
9645: 0.995957
9646: 0.995957
9647: 0.995958
9648: 0.995958
9649: 0.995959
9650: 0.995959
9651: 0.995959
9652: 0.99596
9653: 0.99596
9654: 0.995961
9655: 0.995961
9656: 0.995961
9657: 0.995962
9658: 0.995962
9659: 0.995963
9660: 0.995963
9661: 0.995964
9662: 0.995964
9663: 0.995964
9664: 0.995965
9665: 0.995965
9666: 0.995966
9667: 0.995966
9668: 0.995966
9669: 0.995967
9670: 0.995967
9671: 0.995968
9672: 0.995968
9673: 0.995969
9674: 0.995969
9675: 0.995969
9676: 0.99597
9677: 0.99597
9678: 0.995971
9679: 0.995971
9680: 0.995971
9681: 0.995972
9682: 0.995972
9683: 0.995973
9684: 0.995973
9685: 0.995974
9686: 0.995974
9687: 0.995974
9688: 0.995975
9689: 0.995975
9690: 0.995976
9691: 0.995976
9692: 0.995976
9693: 0.995977
9694: 0.995977
9695: 0.995978
9696: 0.995978
9697: 0.995979
9698: 0.995979
9699: 0.995979
9700: 0.99598
9701: 0.99598
9702: 0.995981
9703: 0.995981
9704: 0.995981
9705: 0.995982
9706: 0.995982
9707: 0.995983
9708: 0.995983
9709: 0.995984
9710: 0.995984
9711: 0.995984
9712: 0.995985
9713: 0.995985
9714: 0.995986
9715: 0.995986
9716: 0.995986
9717: 0.995987
9718: 0.995987
9719: 0.995988
9720: 0.995988
9721: 0.995988
9722: 0.995989
9723: 0.995989
9724: 0.99599
9725: 0.99599
9726: 0.995991
9727: 0.995991
9728: 0.995991
9729: 0.995992
9730: 0.995992
9731: 0.995993
9732: 0.995993
9733: 0.995993
9734: 0.995994
9735: 0.995994
9736: 0.995995
9737: 0.995995
9738: 0.995995
9739: 0.995996
9740: 0.995996
9741: 0.995997
9742: 0.995997
9743: 0.995998
9744: 0.995998
9745: 0.995998
9746: 0.995999
9747: 0.995999
9748: 0.996
9749: 0.996
9750: 0.996
9751: 0.996001
9752: 0.996001
9753: 0.996002
9754: 0.996002
9755: 0.996002
9756: 0.996003
9757: 0.996003
9758: 0.996004
9759: 0.996004
9760: 0.996005
9761: 0.996005
9762: 0.996005
9763: 0.996006
9764: 0.996006
9765: 0.996007
9766: 0.996007
9767: 0.996007
9768: 0.996008
9769: 0.996008
9770: 0.996009
9771: 0.996009
9772: 0.996009
9773: 0.99601
9774: 0.99601
9775: 0.996011
9776: 0.996011
9777: 0.996011
9778: 0.996012
9779: 0.996012
9780: 0.996013
9781: 0.996013
9782: 0.996013
9783: 0.996014
9784: 0.996014
9785: 0.996015
9786: 0.996015
9787: 0.996016
9788: 0.996016
9789: 0.996016
9790: 0.996017
9791: 0.996017
9792: 0.996018
9793: 0.996018
9794: 0.996018
9795: 0.996019
9796: 0.996019
9797: 0.99602
9798: 0.99602
9799: 0.99602
9800: 0.996021
9801: 0.996021
9802: 0.996022
9803: 0.996022
9804: 0.996022
9805: 0.996023
9806: 0.996023
9807: 0.996024
9808: 0.996024
9809: 0.996024
9810: 0.996025
9811: 0.996025
9812: 0.996026
9813: 0.996026
9814: 0.996026
9815: 0.996027
9816: 0.996027
9817: 0.996028
9818: 0.996028
9819: 0.996029
9820: 0.996029
9821: 0.996029
9822: 0.99603
9823: 0.99603
9824: 0.996031
9825: 0.996031
9826: 0.996031
9827: 0.996032
9828: 0.996032
9829: 0.996033
9830: 0.996033
9831: 0.996033
9832: 0.996034
9833: 0.996034
9834: 0.996035
9835: 0.996035
9836: 0.996035
9837: 0.996036
9838: 0.996036
9839: 0.996037
9840: 0.996037
9841: 0.996037
9842: 0.996038
9843: 0.996038
9844: 0.996039
9845: 0.996039
9846: 0.996039
9847: 0.99604
9848: 0.99604
9849: 0.996041
9850: 0.996041
9851: 0.996041
9852: 0.996042
9853: 0.996042
9854: 0.996043
9855: 0.996043
9856: 0.996043
9857: 0.996044
9858: 0.996044
9859: 0.996045
9860: 0.996045
9861: 0.996045
9862: 0.996046
9863: 0.996046
9864: 0.996047
9865: 0.996047
9866: 0.996047
9867: 0.996048
9868: 0.996048
9869: 0.996049
9870: 0.996049
9871: 0.996049
9872: 0.99605
9873: 0.99605
9874: 0.996051
9875: 0.996051
9876: 0.996051
9877: 0.996052
9878: 0.996052
9879: 0.996053
9880: 0.996053
9881: 0.996053
9882: 0.996054
9883: 0.996054
9884: 0.996055
9885: 0.996055
9886: 0.996055
9887: 0.996056
9888: 0.996056
9889: 0.996057
9890: 0.996057
9891: 0.996057
9892: 0.996058
9893: 0.996058
9894: 0.996059
9895: 0.996059
9896: 0.996059
9897: 0.99606
9898: 0.99606
9899: 0.996061
9900: 0.996061
9901: 0.996061
9902: 0.996062
9903: 0.996062
9904: 0.996063
9905: 0.996063
9906: 0.996063
9907: 0.996064
9908: 0.996064
9909: 0.996065
9910: 0.996065
9911: 0.996065
9912: 0.996066
9913: 0.996066
9914: 0.996067
9915: 0.996067
9916: 0.996067
9917: 0.996068
9918: 0.996068
9919: 0.996069
9920: 0.996069
9921: 0.996069
9922: 0.99607
9923: 0.99607
9924: 0.996071
9925: 0.996071
9926: 0.996071
9927: 0.996072
9928: 0.996072
9929: 0.996073
9930: 0.996073
9931: 0.996073
9932: 0.996074
9933: 0.996074
9934: 0.996074
9935: 0.996075
9936: 0.996075
9937: 0.996076
9938: 0.996076
9939: 0.996076
9940: 0.996077
9941: 0.996077
9942: 0.996078
9943: 0.996078
9944: 0.996078
9945: 0.996079
9946: 0.996079
9947: 0.99608
9948: 0.99608
9949: 0.99608
9950: 0.996081
9951: 0.996081
9952: 0.996082
9953: 0.996082
9954: 0.996082
9955: 0.996083
9956: 0.996083
9957: 0.996084
9958: 0.996084
9959: 0.996084
9960: 0.996085
9961: 0.996085
9962: 0.996086
9963: 0.996086
9964: 0.996086
9965: 0.996087
9966: 0.996087
9967: 0.996087
9968: 0.996088
9969: 0.996088
9970: 0.996089
9971: 0.996089
9972: 0.996089
9973: 0.99609
9974: 0.99609
9975: 0.996091
9976: 0.996091
9977: 0.996091
9978: 0.996092
9979: 0.996092
9980: 0.996093
9981: 0.996093
9982: 0.996093
9983: 0.996094
9984: 0.996094
9985: 0.996095
9986: 0.996095
9987: 0.996095
9988: 0.996096
9989: 0.996096
9990: 0.996096
9991: 0.996097
9992: 0.996097
9993: 0.996098
9994: 0.996098
9995: 0.996098
9996: 0.996099
9997: 0.996099
9998: 0.9961
9999: 0.9961
10000: 0.9961
10001: 0.996101
10002: 0.996101
10003: 0.996102
10004: 0.996102
10005: 0.996102
10006: 0.996103
10007: 0.996103
10008: 0.996104
10009: 0.996104
10010: 0.996104
10011: 0.996105
10012: 0.996105
10013: 0.996105
10014: 0.996106
10015: 0.996106
10016: 0.996107
10017: 0.996107
10018: 0.996107
10019: 0.996108
10020: 0.996108
10021: 0.996109
10022: 0.996109
10023: 0.996109
10024: 0.99611
10025: 0.99611
10026: 0.996111
10027: 0.996111
10028: 0.996111
10029: 0.996112
10030: 0.996112
10031: 0.996112
10032: 0.996113
10033: 0.996113
10034: 0.996114
10035: 0.996114
10036: 0.996114
10037: 0.996115
10038: 0.996115
10039: 0.996116
10040: 0.996116
10041: 0.996116
10042: 0.996117
10043: 0.996117
10044: 0.996117
10045: 0.996118
10046: 0.996118
10047: 0.996119
10048: 0.996119
10049: 0.996119
10050: 0.99612
10051: 0.99612
10052: 0.996121
10053: 0.996121
10054: 0.996121
10055: 0.996122
10056: 0.996122
10057: 0.996122
10058: 0.996123
10059: 0.996123
10060: 0.996124
10061: 0.996124
10062: 0.996124
10063: 0.996125
10064: 0.996125
10065: 0.996126
10066: 0.996126
10067: 0.996126
10068: 0.996127
10069: 0.996127
10070: 0.996127
10071: 0.996128
10072: 0.996128
10073: 0.996129
10074: 0.996129
10075: 0.996129
10076: 0.99613
10077: 0.99613
10078: 0.996131
10079: 0.996131
10080: 0.996131
10081: 0.996132
10082: 0.996132
10083: 0.996132
10084: 0.996133
10085: 0.996133
10086: 0.996134
10087: 0.996134
10088: 0.996134
10089: 0.996135
10090: 0.996135
10091: 0.996136
10092: 0.996136
10093: 0.996136
10094: 0.996137
10095: 0.996137
10096: 0.996137
10097: 0.996138
10098: 0.996138
10099: 0.996139
10100: 0.996139
10101: 0.996139
10102: 0.99614
10103: 0.99614
10104: 0.996141
10105: 0.996141
10106: 0.996141
10107: 0.996142
10108: 0.996142
10109: 0.996142
10110: 0.996143
10111: 0.996143
10112: 0.996144
10113: 0.996144
10114: 0.996144
10115: 0.996145
10116: 0.996145
10117: 0.996145
10118: 0.996146
10119: 0.996146
10120: 0.996147
10121: 0.996147
10122: 0.996147
10123: 0.996148
10124: 0.996148
10125: 0.996149
10126: 0.996149
10127: 0.996149
10128: 0.99615
10129: 0.99615
10130: 0.99615
10131: 0.996151
10132: 0.996151
10133: 0.996152
10134: 0.996152
10135: 0.996152
10136: 0.996153
10137: 0.996153
10138: 0.996153
10139: 0.996154
10140: 0.996154
10141: 0.996155
10142: 0.996155
10143: 0.996155
10144: 0.996156
10145: 0.996156
10146: 0.996156
10147: 0.996157
10148: 0.996157
10149: 0.996158
10150: 0.996158
10151: 0.996158
10152: 0.996159
10153: 0.996159
10154: 0.99616
10155: 0.99616
10156: 0.99616
10157: 0.996161
10158: 0.996161
10159: 0.996161
10160: 0.996162
10161: 0.996162
10162: 0.996163
10163: 0.996163
10164: 0.996163
10165: 0.996164
10166: 0.996164
10167: 0.996164
10168: 0.996165
10169: 0.996165
10170: 0.996166
10171: 0.996166
10172: 0.996166
10173: 0.996167
10174: 0.996167
10175: 0.996167
10176: 0.996168
10177: 0.996168
10178: 0.996169
10179: 0.996169
10180: 0.996169
10181: 0.99617
10182: 0.99617
10183: 0.99617
10184: 0.996171
10185: 0.996171
10186: 0.996172
10187: 0.996172
10188: 0.996172
10189: 0.996173
10190: 0.996173
10191: 0.996173
10192: 0.996174
10193: 0.996174
10194: 0.996175
10195: 0.996175
10196: 0.996175
10197: 0.996176
10198: 0.996176
10199: 0.996176
10200: 0.996177
10201: 0.996177
10202: 0.996178
10203: 0.996178
10204: 0.996178
10205: 0.996179
10206: 0.996179
10207: 0.996179
10208: 0.99618
10209: 0.99618
10210: 0.996181
10211: 0.996181
10212: 0.996181
10213: 0.996182
10214: 0.996182
10215: 0.996182
10216: 0.996183
10217: 0.996183
10218: 0.996184
10219: 0.996184
10220: 0.996184
10221: 0.996185
10222: 0.996185
10223: 0.996185
10224: 0.996186
10225: 0.996186
10226: 0.996187
10227: 0.996187
10228: 0.996187
10229: 0.996188
10230: 0.996188
10231: 0.996188
10232: 0.996189
10233: 0.996189
10234: 0.99619
10235: 0.99619
10236: 0.99619
10237: 0.996191
10238: 0.996191
10239: 0.996191
10240: 0.996192
10241: 0.996192
10242: 0.996193
10243: 0.996193
10244: 0.996193
10245: 0.996194
10246: 0.996194
10247: 0.996194
10248: 0.996195
10249: 0.996195
10250: 0.996195
10251: 0.996196
10252: 0.996196
10253: 0.996197
10254: 0.996197
10255: 0.996197
10256: 0.996198
10257: 0.996198
10258: 0.996198
10259: 0.996199
10260: 0.996199
10261: 0.9962
10262: 0.9962
10263: 0.9962
10264: 0.996201
10265: 0.996201
10266: 0.996201
10267: 0.996202
10268: 0.996202
10269: 0.996203
10270: 0.996203
10271: 0.996203
10272: 0.996204
10273: 0.996204
10274: 0.996204
10275: 0.996205
10276: 0.996205
10277: 0.996205
10278: 0.996206
10279: 0.996206
10280: 0.996207
10281: 0.996207
10282: 0.996207
10283: 0.996208
10284: 0.996208
10285: 0.996208
10286: 0.996209
10287: 0.996209
10288: 0.99621
10289: 0.99621
10290: 0.99621
10291: 0.996211
10292: 0.996211
10293: 0.996211
10294: 0.996212
10295: 0.996212
10296: 0.996212
10297: 0.996213
10298: 0.996213
10299: 0.996214
10300: 0.996214
10301: 0.996214
10302: 0.996215
10303: 0.996215
10304: 0.996215
10305: 0.996216
10306: 0.996216
10307: 0.996217
10308: 0.996217
10309: 0.996217
10310: 0.996218
10311: 0.996218
10312: 0.996218
10313: 0.996219
10314: 0.996219
10315: 0.996219
10316: 0.99622
10317: 0.99622
10318: 0.996221
10319: 0.996221
10320: 0.996221
10321: 0.996222
10322: 0.996222
10323: 0.996222
10324: 0.996223
10325: 0.996223
10326: 0.996223
10327: 0.996224
10328: 0.996224
10329: 0.996225
10330: 0.996225
10331: 0.996225
10332: 0.996226
10333: 0.996226
10334: 0.996226
10335: 0.996227
10336: 0.996227
10337: 0.996228
10338: 0.996228
10339: 0.996228
10340: 0.996229
10341: 0.996229
10342: 0.996229
10343: 0.99623
10344: 0.99623
10345: 0.99623
10346: 0.996231
10347: 0.996231
10348: 0.996232
10349: 0.996232
10350: 0.996232
10351: 0.996233
10352: 0.996233
10353: 0.996233
10354: 0.996234
10355: 0.996234
10356: 0.996234
10357: 0.996235
10358: 0.996235
10359: 0.996236
10360: 0.996236
10361: 0.996236
10362: 0.996237
10363: 0.996237
10364: 0.996237
10365: 0.996238
10366: 0.996238
10367: 0.996238
10368: 0.996239
10369: 0.996239
10370: 0.99624
10371: 0.99624
10372: 0.99624
10373: 0.996241
10374: 0.996241
10375: 0.996241
10376: 0.996242
10377: 0.996242
10378: 0.996242
10379: 0.996243
10380: 0.996243
10381: 0.996243
10382: 0.996244
10383: 0.996244
10384: 0.996245
10385: 0.996245
10386: 0.996245
10387: 0.996246
10388: 0.996246
10389: 0.996246
10390: 0.996247
10391: 0.996247
10392: 0.996247
10393: 0.996248
10394: 0.996248
10395: 0.996249
10396: 0.996249
10397: 0.996249
10398: 0.99625
10399: 0.99625
10400: 0.99625
10401: 0.996251
10402: 0.996251
10403: 0.996251
10404: 0.996252
10405: 0.996252
10406: 0.996253
10407: 0.996253
10408: 0.996253
10409: 0.996254
10410: 0.996254
10411: 0.996254
10412: 0.996255
10413: 0.996255
10414: 0.996255
10415: 0.996256
10416: 0.996256
10417: 0.996256
10418: 0.996257
10419: 0.996257
10420: 0.996258
10421: 0.996258
10422: 0.996258
10423: 0.996259
10424: 0.996259
10425: 0.996259
10426: 0.99626
10427: 0.99626
10428: 0.99626
10429: 0.996261
10430: 0.996261
10431: 0.996262
10432: 0.996262
10433: 0.996262
10434: 0.996263
10435: 0.996263
10436: 0.996263
10437: 0.996264
10438: 0.996264
10439: 0.996264
10440: 0.996265
10441: 0.996265
10442: 0.996265
10443: 0.996266
10444: 0.996266
10445: 0.996267
10446: 0.996267
10447: 0.996267
10448: 0.996268
10449: 0.996268
10450: 0.996268
10451: 0.996269
10452: 0.996269
10453: 0.996269
10454: 0.99627
10455: 0.99627
10456: 0.99627
10457: 0.996271
10458: 0.996271
10459: 0.996272
10460: 0.996272
10461: 0.996272
10462: 0.996273
10463: 0.996273
10464: 0.996273
10465: 0.996274
10466: 0.996274
10467: 0.996274
10468: 0.996275
10469: 0.996275
10470: 0.996275
10471: 0.996276
10472: 0.996276
10473: 0.996276
10474: 0.996277
10475: 0.996277
10476: 0.996278
10477: 0.996278
10478: 0.996278
10479: 0.996279
10480: 0.996279
10481: 0.996279
10482: 0.99628
10483: 0.99628
10484: 0.99628
10485: 0.996281
10486: 0.996281
10487: 0.996281
10488: 0.996282
10489: 0.996282
10490: 0.996283
10491: 0.996283
10492: 0.996283
10493: 0.996284
10494: 0.996284
10495: 0.996284
10496: 0.996285
10497: 0.996285
10498: 0.996285
10499: 0.996286
10500: 0.996286
10501: 0.996286
10502: 0.996287
10503: 0.996287
10504: 0.996287
10505: 0.996288
10506: 0.996288
10507: 0.996289
10508: 0.996289
10509: 0.996289
10510: 0.99629
10511: 0.99629
10512: 0.99629
10513: 0.996291
10514: 0.996291
10515: 0.996291
10516: 0.996292
10517: 0.996292
10518: 0.996292
10519: 0.996293
10520: 0.996293
10521: 0.996293
10522: 0.996294
10523: 0.996294
10524: 0.996295
10525: 0.996295
10526: 0.996295
10527: 0.996296
10528: 0.996296
10529: 0.996296
10530: 0.996297
10531: 0.996297
10532: 0.996297
10533: 0.996298
10534: 0.996298
10535: 0.996298
10536: 0.996299
10537: 0.996299
10538: 0.996299
10539: 0.9963
10540: 0.9963
10541: 0.996301
10542: 0.996301
10543: 0.996301
10544: 0.996302
10545: 0.996302
10546: 0.996302
10547: 0.996303
10548: 0.996303
10549: 0.996303
10550: 0.996304
10551: 0.996304
10552: 0.996304
10553: 0.996305
10554: 0.996305
10555: 0.996305
10556: 0.996306
10557: 0.996306
10558: 0.996306
10559: 0.996307
10560: 0.996307
10561: 0.996308
10562: 0.996308
10563: 0.996308
10564: 0.996309
10565: 0.996309
10566: 0.996309
10567: 0.99631
10568: 0.99631
10569: 0.99631
10570: 0.996311
10571: 0.996311
10572: 0.996311
10573: 0.996312
10574: 0.996312
10575: 0.996312
10576: 0.996313
10577: 0.996313
10578: 0.996313
10579: 0.996314
10580: 0.996314
10581: 0.996314
10582: 0.996315
10583: 0.996315
10584: 0.996316
10585: 0.996316
10586: 0.996316
10587: 0.996317
10588: 0.996317
10589: 0.996317
10590: 0.996318
10591: 0.996318
10592: 0.996318
10593: 0.996319
10594: 0.996319
10595: 0.996319
10596: 0.99632
10597: 0.99632
10598: 0.99632
10599: 0.996321
10600: 0.996321
10601: 0.996321
10602: 0.996322
10603: 0.996322
10604: 0.996322
10605: 0.996323
10606: 0.996323
10607: 0.996324
10608: 0.996324
10609: 0.996324
10610: 0.996325
10611: 0.996325
10612: 0.996325
10613: 0.996326
10614: 0.996326
10615: 0.996326
10616: 0.996327
10617: 0.996327
10618: 0.996327
10619: 0.996328
10620: 0.996328
10621: 0.996328
10622: 0.996329
10623: 0.996329
10624: 0.996329
10625: 0.99633
10626: 0.99633
10627: 0.99633
10628: 0.996331
10629: 0.996331
10630: 0.996331
10631: 0.996332
10632: 0.996332
10633: 0.996333
10634: 0.996333
10635: 0.996333
10636: 0.996334
10637: 0.996334
10638: 0.996334
10639: 0.996335
10640: 0.996335
10641: 0.996335
10642: 0.996336
10643: 0.996336
10644: 0.996336
10645: 0.996337
10646: 0.996337
10647: 0.996337
10648: 0.996338
10649: 0.996338
10650: 0.996338
10651: 0.996339
10652: 0.996339
10653: 0.996339
10654: 0.99634
10655: 0.99634
10656: 0.99634
10657: 0.996341
10658: 0.996341
10659: 0.996341
10660: 0.996342
10661: 0.996342
10662: 0.996342
10663: 0.996343
10664: 0.996343
10665: 0.996344
10666: 0.996344
10667: 0.996344
10668: 0.996345
10669: 0.996345
10670: 0.996345
10671: 0.996346
10672: 0.996346
10673: 0.996346
10674: 0.996347
10675: 0.996347
10676: 0.996347
10677: 0.996348
10678: 0.996348
10679: 0.996348
10680: 0.996349
10681: 0.996349
10682: 0.996349
10683: 0.99635
10684: 0.99635
10685: 0.99635
10686: 0.996351
10687: 0.996351
10688: 0.996351
10689: 0.996352
10690: 0.996352
10691: 0.996352
10692: 0.996353
10693: 0.996353
10694: 0.996353
10695: 0.996354
10696: 0.996354
10697: 0.996354
10698: 0.996355
10699: 0.996355
10700: 0.996355
10701: 0.996356
10702: 0.996356
10703: 0.996357
10704: 0.996357
10705: 0.996357
10706: 0.996358
10707: 0.996358
10708: 0.996358
10709: 0.996359
10710: 0.996359
10711: 0.996359
10712: 0.99636
10713: 0.99636
10714: 0.99636
10715: 0.996361
10716: 0.996361
10717: 0.996361
10718: 0.996362
10719: 0.996362
10720: 0.996362
10721: 0.996363
10722: 0.996363
10723: 0.996363
10724: 0.996364
10725: 0.996364
10726: 0.996364
10727: 0.996365
10728: 0.996365
10729: 0.996365
10730: 0.996366
10731: 0.996366
10732: 0.996366
10733: 0.996367
10734: 0.996367
10735: 0.996367
10736: 0.996368
10737: 0.996368
10738: 0.996368
10739: 0.996369
10740: 0.996369
10741: 0.996369
10742: 0.99637
10743: 0.99637
10744: 0.99637
10745: 0.996371
10746: 0.996371
10747: 0.996371
10748: 0.996372
10749: 0.996372
10750: 0.996372
10751: 0.996373
10752: 0.996373
10753: 0.996373
10754: 0.996374
10755: 0.996374
10756: 0.996374
10757: 0.996375
10758: 0.996375
10759: 0.996375
10760: 0.996376
10761: 0.996376
10762: 0.996376
10763: 0.996377
10764: 0.996377
10765: 0.996377
10766: 0.996378
10767: 0.996378
10768: 0.996378
10769: 0.996379
10770: 0.996379
10771: 0.99638
10772: 0.99638
10773: 0.99638
10774: 0.996381
10775: 0.996381
10776: 0.996381
10777: 0.996382
10778: 0.996382
10779: 0.996382
10780: 0.996383
10781: 0.996383
10782: 0.996383
10783: 0.996384
10784: 0.996384
10785: 0.996384
10786: 0.996385
10787: 0.996385
10788: 0.996385
10789: 0.996386
10790: 0.996386
10791: 0.996386
10792: 0.996387
10793: 0.996387
10794: 0.996387
10795: 0.996388
10796: 0.996388
10797: 0.996388
10798: 0.996389
10799: 0.996389
10800: 0.996389
10801: 0.99639
10802: 0.99639
10803: 0.99639
10804: 0.996391
10805: 0.996391
10806: 0.996391
10807: 0.996392
10808: 0.996392
10809: 0.996392
10810: 0.996393
10811: 0.996393
10812: 0.996393
10813: 0.996394
10814: 0.996394
10815: 0.996394
10816: 0.996395
10817: 0.996395
10818: 0.996395
10819: 0.996396
10820: 0.996396
10821: 0.996396
10822: 0.996397
10823: 0.996397
10824: 0.996397
10825: 0.996398
10826: 0.996398
10827: 0.996398
10828: 0.996399
10829: 0.996399
10830: 0.996399
10831: 0.9964
10832: 0.9964
10833: 0.9964
10834: 0.996401
10835: 0.996401
10836: 0.996401
10837: 0.996402
10838: 0.996402
10839: 0.996402
10840: 0.996403
10841: 0.996403
10842: 0.996403
10843: 0.996404
10844: 0.996404
10845: 0.996404
10846: 0.996405
10847: 0.996405
10848: 0.996405
10849: 0.996406
10850: 0.996406
10851: 0.996406
10852: 0.996407
10853: 0.996407
10854: 0.996407
10855: 0.996408
10856: 0.996408
10857: 0.996408
10858: 0.996409
10859: 0.996409
10860: 0.996409
10861: 0.99641
10862: 0.99641
10863: 0.99641
10864: 0.99641
10865: 0.996411
10866: 0.996411
10867: 0.996411
10868: 0.996412
10869: 0.996412
10870: 0.996412
10871: 0.996413
10872: 0.996413
10873: 0.996413
10874: 0.996414
10875: 0.996414
10876: 0.996414
10877: 0.996415
10878: 0.996415
10879: 0.996415
10880: 0.996416
10881: 0.996416
10882: 0.996416
10883: 0.996417
10884: 0.996417
10885: 0.996417
10886: 0.996418
10887: 0.996418
10888: 0.996418
10889: 0.996419
10890: 0.996419
10891: 0.996419
10892: 0.99642
10893: 0.99642
10894: 0.99642
10895: 0.996421
10896: 0.996421
10897: 0.996421
10898: 0.996422
10899: 0.996422
10900: 0.996422
10901: 0.996423
10902: 0.996423
10903: 0.996423
10904: 0.996424
10905: 0.996424
10906: 0.996424
10907: 0.996425
10908: 0.996425
10909: 0.996425
10910: 0.996426
10911: 0.996426
10912: 0.996426
10913: 0.996427
10914: 0.996427
10915: 0.996427
10916: 0.996428
10917: 0.996428
10918: 0.996428
10919: 0.996429
10920: 0.996429
10921: 0.996429
10922: 0.99643
10923: 0.99643
10924: 0.99643
10925: 0.996431
10926: 0.996431
10927: 0.996431
10928: 0.996432
10929: 0.996432
10930: 0.996432
10931: 0.996432
10932: 0.996433
10933: 0.996433
10934: 0.996433
10935: 0.996434
10936: 0.996434
10937: 0.996434
10938: 0.996435
10939: 0.996435
10940: 0.996435
10941: 0.996436
10942: 0.996436
10943: 0.996436
10944: 0.996437
10945: 0.996437
10946: 0.996437
10947: 0.996438
10948: 0.996438
10949: 0.996438
10950: 0.996439
10951: 0.996439
10952: 0.996439
10953: 0.99644
10954: 0.99644
10955: 0.99644
10956: 0.996441
10957: 0.996441
10958: 0.996441
10959: 0.996442
10960: 0.996442
10961: 0.996442
10962: 0.996443
10963: 0.996443
10964: 0.996443
10965: 0.996444
10966: 0.996444
10967: 0.996444
10968: 0.996445
10969: 0.996445
10970: 0.996445
10971: 0.996445
10972: 0.996446
10973: 0.996446
10974: 0.996446
10975: 0.996447
10976: 0.996447
10977: 0.996447
10978: 0.996448
10979: 0.996448
10980: 0.996448
10981: 0.996449
10982: 0.996449
10983: 0.996449
10984: 0.99645
10985: 0.99645
10986: 0.99645
10987: 0.996451
10988: 0.996451
10989: 0.996451
10990: 0.996452
10991: 0.996452
10992: 0.996452
10993: 0.996453
10994: 0.996453
10995: 0.996453
10996: 0.996454
10997: 0.996454
10998: 0.996454
10999: 0.996455
11000: 0.996455
11001: 0.996455
11002: 0.996456
11003: 0.996456
11004: 0.996456
11005: 0.996456
11006: 0.996457
11007: 0.996457
11008: 0.996457
11009: 0.996458
11010: 0.996458
11011: 0.996458
11012: 0.996459
11013: 0.996459
11014: 0.996459
11015: 0.99646
11016: 0.99646
11017: 0.99646
11018: 0.996461
11019: 0.996461
11020: 0.996461
11021: 0.996462
11022: 0.996462
11023: 0.996462
11024: 0.996463
11025: 0.996463
11026: 0.996463
11027: 0.996464
11028: 0.996464
11029: 0.996464
11030: 0.996465
11031: 0.996465
11032: 0.996465
11033: 0.996465
11034: 0.996466
11035: 0.996466
11036: 0.996466
11037: 0.996467
11038: 0.996467
11039: 0.996467
11040: 0.996468
11041: 0.996468
11042: 0.996468
11043: 0.996469
11044: 0.996469
11045: 0.996469
11046: 0.99647
11047: 0.99647
11048: 0.99647
11049: 0.996471
11050: 0.996471
11051: 0.996471
11052: 0.996472
11053: 0.996472
11054: 0.996472
11055: 0.996473
11056: 0.996473
11057: 0.996473
11058: 0.996473
11059: 0.996474
11060: 0.996474
11061: 0.996474
11062: 0.996475
11063: 0.996475
11064: 0.996475
11065: 0.996476
11066: 0.996476
11067: 0.996476
11068: 0.996477
11069: 0.996477
11070: 0.996477
11071: 0.996478
11072: 0.996478
11073: 0.996478
11074: 0.996479
11075: 0.996479
11076: 0.996479
11077: 0.99648
11078: 0.99648
11079: 0.99648
11080: 0.99648
11081: 0.996481
11082: 0.996481
11083: 0.996481
11084: 0.996482
11085: 0.996482
11086: 0.996482
11087: 0.996483
11088: 0.996483
11089: 0.996483
11090: 0.996484
11091: 0.996484
11092: 0.996484
11093: 0.996485
11094: 0.996485
11095: 0.996485
11096: 0.996486
11097: 0.996486
11098: 0.996486
11099: 0.996486
11100: 0.996487
11101: 0.996487
11102: 0.996487
11103: 0.996488
11104: 0.996488
11105: 0.996488
11106: 0.996489
11107: 0.996489
11108: 0.996489
11109: 0.99649
11110: 0.99649
11111: 0.99649
11112: 0.996491
11113: 0.996491
11114: 0.996491
11115: 0.996492
11116: 0.996492
11117: 0.996492
11118: 0.996492
11119: 0.996493
11120: 0.996493
11121: 0.996493
11122: 0.996494
11123: 0.996494
11124: 0.996494
11125: 0.996495
11126: 0.996495
11127: 0.996495
11128: 0.996496
11129: 0.996496
11130: 0.996496
11131: 0.996497
11132: 0.996497
11133: 0.996497
11134: 0.996498
11135: 0.996498
11136: 0.996498
11137: 0.996498
11138: 0.996499
11139: 0.996499
11140: 0.996499
11141: 0.9965
11142: 0.9965
11143: 0.9965
11144: 0.996501
11145: 0.996501
11146: 0.996501
11147: 0.996502
11148: 0.996502
11149: 0.996502
11150: 0.996503
11151: 0.996503
11152: 0.996503
11153: 0.996503
11154: 0.996504
11155: 0.996504
11156: 0.996504
11157: 0.996505
11158: 0.996505
11159: 0.996505
11160: 0.996506
11161: 0.996506
11162: 0.996506
11163: 0.996507
11164: 0.996507
11165: 0.996507
11166: 0.996508
11167: 0.996508
11168: 0.996508
11169: 0.996509
11170: 0.996509
11171: 0.996509
11172: 0.996509
11173: 0.99651
11174: 0.99651
11175: 0.99651
11176: 0.996511
11177: 0.996511
11178: 0.996511
11179: 0.996512
11180: 0.996512
11181: 0.996512
11182: 0.996513
11183: 0.996513
11184: 0.996513
11185: 0.996513
11186: 0.996514
11187: 0.996514
11188: 0.996514
11189: 0.996515
11190: 0.996515
11191: 0.996515
11192: 0.996516
11193: 0.996516
11194: 0.996516
11195: 0.996517
11196: 0.996517
11197: 0.996517
11198: 0.996518
11199: 0.996518
11200: 0.996518
11201: 0.996518
11202: 0.996519
11203: 0.996519
11204: 0.996519
11205: 0.99652
11206: 0.99652
11207: 0.99652
11208: 0.996521
11209: 0.996521
11210: 0.996521
11211: 0.996522
11212: 0.996522
11213: 0.996522
11214: 0.996523
11215: 0.996523
11216: 0.996523
11217: 0.996523
11218: 0.996524
11219: 0.996524
11220: 0.996524
11221: 0.996525
11222: 0.996525
11223: 0.996525
11224: 0.996526
11225: 0.996526
11226: 0.996526
11227: 0.996527
11228: 0.996527
11229: 0.996527
11230: 0.996527
11231: 0.996528
11232: 0.996528
11233: 0.996528
11234: 0.996529
11235: 0.996529
11236: 0.996529
11237: 0.99653
11238: 0.99653
11239: 0.99653
11240: 0.996531
11241: 0.996531
11242: 0.996531
11243: 0.996531
11244: 0.996532
11245: 0.996532
11246: 0.996532
11247: 0.996533
11248: 0.996533
11249: 0.996533
11250: 0.996534
11251: 0.996534
11252: 0.996534
11253: 0.996535
11254: 0.996535
11255: 0.996535
11256: 0.996535
11257: 0.996536
11258: 0.996536
11259: 0.996536
11260: 0.996537
11261: 0.996537
11262: 0.996537
11263: 0.996538
11264: 0.996538
11265: 0.996538
11266: 0.996539
11267: 0.996539
11268: 0.996539
11269: 0.996539
11270: 0.99654
11271: 0.99654
11272: 0.99654
11273: 0.996541
11274: 0.996541
11275: 0.996541
11276: 0.996542
11277: 0.996542
11278: 0.996542
11279: 0.996543
11280: 0.996543
11281: 0.996543
11282: 0.996543
11283: 0.996544
11284: 0.996544
11285: 0.996544
11286: 0.996545
11287: 0.996545
11288: 0.996545
11289: 0.996546
11290: 0.996546
11291: 0.996546
11292: 0.996547
11293: 0.996547
11294: 0.996547
11295: 0.996547
11296: 0.996548
11297: 0.996548
11298: 0.996548
11299: 0.996549
11300: 0.996549
11301: 0.996549
11302: 0.99655
11303: 0.99655
11304: 0.99655
11305: 0.996551
11306: 0.996551
11307: 0.996551
11308: 0.996551
11309: 0.996552
11310: 0.996552
11311: 0.996552
11312: 0.996553
11313: 0.996553
11314: 0.996553
11315: 0.996554
11316: 0.996554
11317: 0.996554
11318: 0.996554
11319: 0.996555
11320: 0.996555
11321: 0.996555
11322: 0.996556
11323: 0.996556
11324: 0.996556
11325: 0.996557
11326: 0.996557
11327: 0.996557
11328: 0.996558
11329: 0.996558
11330: 0.996558
11331: 0.996558
11332: 0.996559
11333: 0.996559
11334: 0.996559
11335: 0.99656
11336: 0.99656
11337: 0.99656
11338: 0.996561
11339: 0.996561
11340: 0.996561
11341: 0.996561
11342: 0.996562
11343: 0.996562
11344: 0.996562
11345: 0.996563
11346: 0.996563
11347: 0.996563
11348: 0.996564
11349: 0.996564
11350: 0.996564
11351: 0.996564
11352: 0.996565
11353: 0.996565
11354: 0.996565
11355: 0.996566
11356: 0.996566
11357: 0.996566
11358: 0.996567
11359: 0.996567
11360: 0.996567
11361: 0.996568
11362: 0.996568
11363: 0.996568
11364: 0.996568
11365: 0.996569
11366: 0.996569
11367: 0.996569
11368: 0.99657
11369: 0.99657
11370: 0.99657
11371: 0.996571
11372: 0.996571
11373: 0.996571
11374: 0.996571
11375: 0.996572
11376: 0.996572
11377: 0.996572
11378: 0.996573
11379: 0.996573
11380: 0.996573
11381: 0.996574
11382: 0.996574
11383: 0.996574
11384: 0.996574
11385: 0.996575
11386: 0.996575
11387: 0.996575
11388: 0.996576
11389: 0.996576
11390: 0.996576
11391: 0.996577
11392: 0.996577
11393: 0.996577
11394: 0.996577
11395: 0.996578
11396: 0.996578
11397: 0.996578
11398: 0.996579
11399: 0.996579
11400: 0.996579
11401: 0.99658
11402: 0.99658
11403: 0.99658
11404: 0.99658
11405: 0.996581
11406: 0.996581
11407: 0.996581
11408: 0.996582
11409: 0.996582
11410: 0.996582
11411: 0.996583
11412: 0.996583
11413: 0.996583
11414: 0.996583
11415: 0.996584
11416: 0.996584
11417: 0.996584
11418: 0.996585
11419: 0.996585
11420: 0.996585
11421: 0.996586
11422: 0.996586
11423: 0.996586
11424: 0.996586
11425: 0.996587
11426: 0.996587
11427: 0.996587
11428: 0.996588
11429: 0.996588
11430: 0.996588
11431: 0.996589
11432: 0.996589
11433: 0.996589
11434: 0.996589
11435: 0.99659
11436: 0.99659
11437: 0.99659
11438: 0.996591
11439: 0.996591
11440: 0.996591
11441: 0.996592
11442: 0.996592
11443: 0.996592
11444: 0.996592
11445: 0.996593
11446: 0.996593
11447: 0.996593
11448: 0.996594
11449: 0.996594
11450: 0.996594
11451: 0.996594
11452: 0.996595
11453: 0.996595
11454: 0.996595
11455: 0.996596
11456: 0.996596
11457: 0.996596
11458: 0.996597
11459: 0.996597
11460: 0.996597
11461: 0.996597
11462: 0.996598
11463: 0.996598
11464: 0.996598
11465: 0.996599
11466: 0.996599
11467: 0.996599
11468: 0.9966
11469: 0.9966
11470: 0.9966
11471: 0.9966
11472: 0.996601
11473: 0.996601
11474: 0.996601
11475: 0.996602
11476: 0.996602
11477: 0.996602
11478: 0.996602
11479: 0.996603
11480: 0.996603
11481: 0.996603
11482: 0.996604
11483: 0.996604
11484: 0.996604
11485: 0.996605
11486: 0.996605
11487: 0.996605
11488: 0.996605
11489: 0.996606
11490: 0.996606
11491: 0.996606
11492: 0.996607
11493: 0.996607
11494: 0.996607
11495: 0.996608
11496: 0.996608
11497: 0.996608
11498: 0.996608
11499: 0.996609
11500: 0.996609
11501: 0.996609
11502: 0.99661
11503: 0.99661
11504: 0.99661
11505: 0.99661
11506: 0.996611
11507: 0.996611
11508: 0.996611
11509: 0.996612
11510: 0.996612
11511: 0.996612
11512: 0.996613
11513: 0.996613
11514: 0.996613
11515: 0.996613
11516: 0.996614
11517: 0.996614
11518: 0.996614
11519: 0.996615
11520: 0.996615
11521: 0.996615
11522: 0.996615
11523: 0.996616
11524: 0.996616
11525: 0.996616
11526: 0.996617
11527: 0.996617
11528: 0.996617
11529: 0.996618
11530: 0.996618
11531: 0.996618
11532: 0.996618
11533: 0.996619
11534: 0.996619
11535: 0.996619
11536: 0.99662
11537: 0.99662
11538: 0.99662
11539: 0.99662
11540: 0.996621
11541: 0.996621
11542: 0.996621
11543: 0.996622
11544: 0.996622
11545: 0.996622
11546: 0.996622
11547: 0.996623
11548: 0.996623
11549: 0.996623
11550: 0.996624
11551: 0.996624
11552: 0.996624
11553: 0.996625
11554: 0.996625
11555: 0.996625
11556: 0.996625
11557: 0.996626
11558: 0.996626
11559: 0.996626
11560: 0.996627
11561: 0.996627
11562: 0.996627
11563: 0.996627
11564: 0.996628
11565: 0.996628
11566: 0.996628
11567: 0.996629
11568: 0.996629
11569: 0.996629
11570: 0.99663
11571: 0.99663
11572: 0.99663
11573: 0.99663
11574: 0.996631
11575: 0.996631
11576: 0.996631
11577: 0.996632
11578: 0.996632
11579: 0.996632
11580: 0.996632
11581: 0.996633
11582: 0.996633
11583: 0.996633
11584: 0.996634
11585: 0.996634
11586: 0.996634
11587: 0.996634
11588: 0.996635
11589: 0.996635
11590: 0.996635
11591: 0.996636
11592: 0.996636
11593: 0.996636
11594: 0.996636
11595: 0.996637
11596: 0.996637
11597: 0.996637
11598: 0.996638
11599: 0.996638
11600: 0.996638
11601: 0.996639
11602: 0.996639
11603: 0.996639
11604: 0.996639
11605: 0.99664
11606: 0.99664
11607: 0.99664
11608: 0.996641
11609: 0.996641
11610: 0.996641
11611: 0.996641
11612: 0.996642
11613: 0.996642
11614: 0.996642
11615: 0.996643
11616: 0.996643
11617: 0.996643
11618: 0.996643
11619: 0.996644
11620: 0.996644
11621: 0.996644
11622: 0.996645
11623: 0.996645
11624: 0.996645
11625: 0.996645
11626: 0.996646
11627: 0.996646
11628: 0.996646
11629: 0.996647
11630: 0.996647
11631: 0.996647
11632: 0.996647
11633: 0.996648
11634: 0.996648
11635: 0.996648
11636: 0.996649
11637: 0.996649
11638: 0.996649
11639: 0.996649
11640: 0.99665
11641: 0.99665
11642: 0.99665
11643: 0.996651
11644: 0.996651
11645: 0.996651
11646: 0.996651
11647: 0.996652
11648: 0.996652
11649: 0.996652
11650: 0.996653
11651: 0.996653
11652: 0.996653
11653: 0.996654
11654: 0.996654
11655: 0.996654
11656: 0.996654
11657: 0.996655
11658: 0.996655
11659: 0.996655
11660: 0.996656
11661: 0.996656
11662: 0.996656
11663: 0.996656
11664: 0.996657
11665: 0.996657
11666: 0.996657
11667: 0.996658
11668: 0.996658
11669: 0.996658
11670: 0.996658
11671: 0.996659
11672: 0.996659
11673: 0.996659
11674: 0.99666
11675: 0.99666
11676: 0.99666
11677: 0.99666
11678: 0.996661
11679: 0.996661
11680: 0.996661
11681: 0.996662
11682: 0.996662
11683: 0.996662
11684: 0.996662
11685: 0.996663
11686: 0.996663
11687: 0.996663
11688: 0.996664
11689: 0.996664
11690: 0.996664
11691: 0.996664
11692: 0.996665
11693: 0.996665
11694: 0.996665
11695: 0.996666
11696: 0.996666
11697: 0.996666
11698: 0.996666
11699: 0.996667
11700: 0.996667
11701: 0.996667
11702: 0.996668
11703: 0.996668
11704: 0.996668
11705: 0.996668
11706: 0.996669
11707: 0.996669
11708: 0.996669
11709: 0.99667
11710: 0.99667
11711: 0.99667
11712: 0.99667
11713: 0.996671
11714: 0.996671
11715: 0.996671
11716: 0.996672
11717: 0.996672
11718: 0.996672
11719: 0.996672
11720: 0.996673
11721: 0.996673
11722: 0.996673
11723: 0.996673
11724: 0.996674
11725: 0.996674
11726: 0.996674
11727: 0.996675
11728: 0.996675
11729: 0.996675
11730: 0.996675
11731: 0.996676
11732: 0.996676
11733: 0.996676
11734: 0.996677
11735: 0.996677
11736: 0.996677
11737: 0.996677
11738: 0.996678
11739: 0.996678
11740: 0.996678
11741: 0.996679
11742: 0.996679
11743: 0.996679
11744: 0.996679
11745: 0.99668
11746: 0.99668
11747: 0.99668
11748: 0.996681
11749: 0.996681
11750: 0.996681
11751: 0.996681
11752: 0.996682
11753: 0.996682
11754: 0.996682
11755: 0.996683
11756: 0.996683
11757: 0.996683
11758: 0.996683
11759: 0.996684
11760: 0.996684
11761: 0.996684
11762: 0.996685
11763: 0.996685
11764: 0.996685
11765: 0.996685
11766: 0.996686
11767: 0.996686
11768: 0.996686
11769: 0.996686
11770: 0.996687
11771: 0.996687
11772: 0.996687
11773: 0.996688
11774: 0.996688
11775: 0.996688
11776: 0.996688
11777: 0.996689
11778: 0.996689
11779: 0.996689
11780: 0.99669
11781: 0.99669
11782: 0.99669
11783: 0.99669
11784: 0.996691
11785: 0.996691
11786: 0.996691
11787: 0.996692
11788: 0.996692
11789: 0.996692
11790: 0.996692
11791: 0.996693
11792: 0.996693
11793: 0.996693
11794: 0.996694
11795: 0.996694
11796: 0.996694
11797: 0.996694
11798: 0.996695
11799: 0.996695
11800: 0.996695
11801: 0.996695
11802: 0.996696
11803: 0.996696
11804: 0.996696
11805: 0.996697
11806: 0.996697
11807: 0.996697
11808: 0.996697
11809: 0.996698
11810: 0.996698
11811: 0.996698
11812: 0.996699
11813: 0.996699
11814: 0.996699
11815: 0.996699
11816: 0.9967
11817: 0.9967
11818: 0.9967
11819: 0.996701
11820: 0.996701
11821: 0.996701
11822: 0.996701
11823: 0.996702
11824: 0.996702
11825: 0.996702
11826: 0.996702
11827: 0.996703
11828: 0.996703
11829: 0.996703
11830: 0.996704
11831: 0.996704
11832: 0.996704
11833: 0.996704
11834: 0.996705
11835: 0.996705
11836: 0.996705
11837: 0.996706
11838: 0.996706
11839: 0.996706
11840: 0.996706
11841: 0.996707
11842: 0.996707
11843: 0.996707
11844: 0.996707
11845: 0.996708
11846: 0.996708
11847: 0.996708
11848: 0.996709
11849: 0.996709
11850: 0.996709
11851: 0.996709
11852: 0.99671
11853: 0.99671
11854: 0.99671
11855: 0.996711
11856: 0.996711
11857: 0.996711
11858: 0.996711
11859: 0.996712
11860: 0.996712
11861: 0.996712
11862: 0.996712
11863: 0.996713
11864: 0.996713
11865: 0.996713
11866: 0.996714
11867: 0.996714
11868: 0.996714
11869: 0.996714
11870: 0.996715
11871: 0.996715
11872: 0.996715
11873: 0.996716
11874: 0.996716
11875: 0.996716
11876: 0.996716
11877: 0.996717
11878: 0.996717
11879: 0.996717
11880: 0.996717
11881: 0.996718
11882: 0.996718
11883: 0.996718
11884: 0.996719
11885: 0.996719
11886: 0.996719
11887: 0.996719
11888: 0.99672
11889: 0.99672
11890: 0.99672
11891: 0.99672
11892: 0.996721
11893: 0.996721
11894: 0.996721
11895: 0.996722
11896: 0.996722
11897: 0.996722
11898: 0.996722
11899: 0.996723
11900: 0.996723
11901: 0.996723
11902: 0.996724
11903: 0.996724
11904: 0.996724
11905: 0.996724
11906: 0.996725
11907: 0.996725
11908: 0.996725
11909: 0.996725
11910: 0.996726
11911: 0.996726
11912: 0.996726
11913: 0.996727
11914: 0.996727
11915: 0.996727
11916: 0.996727
11917: 0.996728
11918: 0.996728
11919: 0.996728
11920: 0.996728
11921: 0.996729
11922: 0.996729
11923: 0.996729
11924: 0.99673
11925: 0.99673
11926: 0.99673
11927: 0.99673
11928: 0.996731
11929: 0.996731
11930: 0.996731
11931: 0.996731
11932: 0.996732
11933: 0.996732
11934: 0.996732
11935: 0.996733
11936: 0.996733
11937: 0.996733
11938: 0.996733
11939: 0.996734
11940: 0.996734
11941: 0.996734
11942: 0.996734
11943: 0.996735
11944: 0.996735
11945: 0.996735
11946: 0.996736
11947: 0.996736
11948: 0.996736
11949: 0.996736
11950: 0.996737
11951: 0.996737
11952: 0.996737
11953: 0.996737
11954: 0.996738
11955: 0.996738
11956: 0.996738
11957: 0.996739
11958: 0.996739
11959: 0.996739
11960: 0.996739
11961: 0.99674
11962: 0.99674
11963: 0.99674
11964: 0.99674
11965: 0.996741
11966: 0.996741
11967: 0.996741
11968: 0.996742
11969: 0.996742
11970: 0.996742
11971: 0.996742
11972: 0.996743
11973: 0.996743
11974: 0.996743
11975: 0.996743
11976: 0.996744
11977: 0.996744
11978: 0.996744
11979: 0.996745
11980: 0.996745
11981: 0.996745
11982: 0.996745
11983: 0.996746
11984: 0.996746
11985: 0.996746
11986: 0.996746
11987: 0.996747
11988: 0.996747
11989: 0.996747
11990: 0.996748
11991: 0.996748
11992: 0.996748
11993: 0.996748
11994: 0.996749
11995: 0.996749
11996: 0.996749
11997: 0.996749
11998: 0.99675
11999: 0.99675
12000: 0.99675
12001: 0.996751
12002: 0.996751
12003: 0.996751
12004: 0.996751
12005: 0.996752
12006: 0.996752
12007: 0.996752
12008: 0.996752
12009: 0.996753
12010: 0.996753
12011: 0.996753
12012: 0.996754
12013: 0.996754
12014: 0.996754
12015: 0.996754
12016: 0.996755
12017: 0.996755
12018: 0.996755
12019: 0.996755
12020: 0.996756
12021: 0.996756
12022: 0.996756
12023: 0.996756
12024: 0.996757
12025: 0.996757
12026: 0.996757
12027: 0.996758
12028: 0.996758
12029: 0.996758
12030: 0.996758
12031: 0.996759
12032: 0.996759
12033: 0.996759
12034: 0.996759
12035: 0.99676
12036: 0.99676
12037: 0.99676
12038: 0.996761
12039: 0.996761
12040: 0.996761
12041: 0.996761
12042: 0.996762
12043: 0.996762
12044: 0.996762
12045: 0.996762
12046: 0.996763
12047: 0.996763
12048: 0.996763
12049: 0.996763
12050: 0.996764
12051: 0.996764
12052: 0.996764
12053: 0.996765
12054: 0.996765
12055: 0.996765
12056: 0.996765
12057: 0.996766
12058: 0.996766
12059: 0.996766
12060: 0.996766
12061: 0.996767
12062: 0.996767
12063: 0.996767
12064: 0.996768
12065: 0.996768
12066: 0.996768
12067: 0.996768
12068: 0.996769
12069: 0.996769
12070: 0.996769
12071: 0.996769
12072: 0.99677
12073: 0.99677
12074: 0.99677
12075: 0.99677
12076: 0.996771
12077: 0.996771
12078: 0.996771
12079: 0.996772
12080: 0.996772
12081: 0.996772
12082: 0.996772
12083: 0.996773
12084: 0.996773
12085: 0.996773
12086: 0.996773
12087: 0.996774
12088: 0.996774
12089: 0.996774
12090: 0.996774
12091: 0.996775
12092: 0.996775
12093: 0.996775
12094: 0.996776
12095: 0.996776
12096: 0.996776
12097: 0.996776
12098: 0.996777
12099: 0.996777
12100: 0.996777
12101: 0.996777
12102: 0.996778
12103: 0.996778
12104: 0.996778
12105: 0.996778
12106: 0.996779
12107: 0.996779
12108: 0.996779
12109: 0.99678
12110: 0.99678
12111: 0.99678
12112: 0.99678
12113: 0.996781
12114: 0.996781
12115: 0.996781
12116: 0.996781
12117: 0.996782
12118: 0.996782
12119: 0.996782
12120: 0.996782
12121: 0.996783
12122: 0.996783
12123: 0.996783
12124: 0.996784
12125: 0.996784
12126: 0.996784
12127: 0.996784
12128: 0.996785
12129: 0.996785
12130: 0.996785
12131: 0.996785
12132: 0.996786
12133: 0.996786
12134: 0.996786
12135: 0.996786
12136: 0.996787
12137: 0.996787
12138: 0.996787
12139: 0.996787
12140: 0.996788
12141: 0.996788
12142: 0.996788
12143: 0.996789
12144: 0.996789
12145: 0.996789
12146: 0.996789
12147: 0.99679
12148: 0.99679
12149: 0.99679
12150: 0.99679
12151: 0.996791
12152: 0.996791
12153: 0.996791
12154: 0.996791
12155: 0.996792
12156: 0.996792
12157: 0.996792
12158: 0.996792
12159: 0.996793
12160: 0.996793
12161: 0.996793
12162: 0.996794
12163: 0.996794
12164: 0.996794
12165: 0.996794
12166: 0.996795
12167: 0.996795
12168: 0.996795
12169: 0.996795
12170: 0.996796
12171: 0.996796
12172: 0.996796
12173: 0.996796
12174: 0.996797
12175: 0.996797
12176: 0.996797
12177: 0.996798
12178: 0.996798
12179: 0.996798
12180: 0.996798
12181: 0.996799
12182: 0.996799
12183: 0.996799
12184: 0.996799
12185: 0.9968
12186: 0.9968
12187: 0.9968
12188: 0.9968
12189: 0.996801
12190: 0.996801
12191: 0.996801
12192: 0.996801
12193: 0.996802
12194: 0.996802
12195: 0.996802
12196: 0.996802
12197: 0.996803
12198: 0.996803
12199: 0.996803
12200: 0.996804
12201: 0.996804
12202: 0.996804
12203: 0.996804
12204: 0.996805
12205: 0.996805
12206: 0.996805
12207: 0.996805
12208: 0.996806
12209: 0.996806
12210: 0.996806
12211: 0.996806
12212: 0.996807
12213: 0.996807
12214: 0.996807
12215: 0.996807
12216: 0.996808
12217: 0.996808
12218: 0.996808
12219: 0.996809
12220: 0.996809
12221: 0.996809
12222: 0.996809
12223: 0.99681
12224: 0.99681
12225: 0.99681
12226: 0.99681
12227: 0.996811
12228: 0.996811
12229: 0.996811
12230: 0.996811
12231: 0.996812
12232: 0.996812
12233: 0.996812
12234: 0.996812
12235: 0.996813
12236: 0.996813
12237: 0.996813
12238: 0.996813
12239: 0.996814
12240: 0.996814
12241: 0.996814
12242: 0.996815
12243: 0.996815
12244: 0.996815
12245: 0.996815
12246: 0.996816
12247: 0.996816
12248: 0.996816
12249: 0.996816
12250: 0.996817
12251: 0.996817
12252: 0.996817
12253: 0.996817
12254: 0.996818
12255: 0.996818
12256: 0.996818
12257: 0.996818
12258: 0.996819
12259: 0.996819
12260: 0.996819
12261: 0.996819
12262: 0.99682
12263: 0.99682
12264: 0.99682
12265: 0.99682
12266: 0.996821
12267: 0.996821
12268: 0.996821
12269: 0.996822
12270: 0.996822
12271: 0.996822
12272: 0.996822
12273: 0.996823
12274: 0.996823
12275: 0.996823
12276: 0.996823
12277: 0.996824
12278: 0.996824
12279: 0.996824
12280: 0.996824
12281: 0.996825
12282: 0.996825
12283: 0.996825
12284: 0.996825
12285: 0.996826
12286: 0.996826
12287: 0.996826
12288: 0.996826
12289: 0.996827
12290: 0.996827
12291: 0.996827
12292: 0.996827
12293: 0.996828
12294: 0.996828
12295: 0.996828
12296: 0.996828
12297: 0.996829
12298: 0.996829
12299: 0.996829
12300: 0.99683
12301: 0.99683
12302: 0.99683
12303: 0.99683
12304: 0.996831
12305: 0.996831
12306: 0.996831
12307: 0.996831
12308: 0.996832
12309: 0.996832
12310: 0.996832
12311: 0.996832
12312: 0.996833
12313: 0.996833
12314: 0.996833
12315: 0.996833
12316: 0.996834
12317: 0.996834
12318: 0.996834
12319: 0.996834
12320: 0.996835
12321: 0.996835
12322: 0.996835
12323: 0.996835
12324: 0.996836
12325: 0.996836
12326: 0.996836
12327: 0.996836
12328: 0.996837
12329: 0.996837
12330: 0.996837
12331: 0.996837
12332: 0.996838
12333: 0.996838
12334: 0.996838
12335: 0.996839
12336: 0.996839
12337: 0.996839
12338: 0.996839
12339: 0.99684
12340: 0.99684
12341: 0.99684
12342: 0.99684
12343: 0.996841
12344: 0.996841
12345: 0.996841
12346: 0.996841
12347: 0.996842
12348: 0.996842
12349: 0.996842
12350: 0.996842
12351: 0.996843
12352: 0.996843
12353: 0.996843
12354: 0.996843
12355: 0.996844
12356: 0.996844
12357: 0.996844
12358: 0.996844
12359: 0.996845
12360: 0.996845
12361: 0.996845
12362: 0.996845
12363: 0.996846
12364: 0.996846
12365: 0.996846
12366: 0.996846
12367: 0.996847
12368: 0.996847
12369: 0.996847
12370: 0.996847
12371: 0.996848
12372: 0.996848
12373: 0.996848
12374: 0.996848
12375: 0.996849
12376: 0.996849
12377: 0.996849
12378: 0.99685
12379: 0.99685
12380: 0.99685
12381: 0.99685
12382: 0.996851
12383: 0.996851
12384: 0.996851
12385: 0.996851
12386: 0.996852
12387: 0.996852
12388: 0.996852
12389: 0.996852
12390: 0.996853
12391: 0.996853
12392: 0.996853
12393: 0.996853
12394: 0.996854
12395: 0.996854
12396: 0.996854
12397: 0.996854
12398: 0.996855
12399: 0.996855
12400: 0.996855
12401: 0.996855
12402: 0.996856
12403: 0.996856
12404: 0.996856
12405: 0.996856
12406: 0.996857
12407: 0.996857
12408: 0.996857
12409: 0.996857
12410: 0.996858
12411: 0.996858
12412: 0.996858
12413: 0.996858
12414: 0.996859
12415: 0.996859
12416: 0.996859
12417: 0.996859
12418: 0.99686
12419: 0.99686
12420: 0.99686
12421: 0.99686
12422: 0.996861
12423: 0.996861
12424: 0.996861
12425: 0.996861
12426: 0.996862
12427: 0.996862
12428: 0.996862
12429: 0.996862
12430: 0.996863
12431: 0.996863
12432: 0.996863
12433: 0.996863
12434: 0.996864
12435: 0.996864
12436: 0.996864
12437: 0.996864
12438: 0.996865
12439: 0.996865
12440: 0.996865
12441: 0.996865
12442: 0.996866
12443: 0.996866
12444: 0.996866
12445: 0.996866
12446: 0.996867
12447: 0.996867
12448: 0.996867
12449: 0.996867
12450: 0.996868
12451: 0.996868
12452: 0.996868
12453: 0.996868
12454: 0.996869
12455: 0.996869
12456: 0.996869
12457: 0.996869
12458: 0.99687
12459: 0.99687
12460: 0.99687
12461: 0.99687
12462: 0.996871
12463: 0.996871
12464: 0.996871
12465: 0.996871
12466: 0.996872
12467: 0.996872
12468: 0.996872
12469: 0.996872
12470: 0.996873
12471: 0.996873
12472: 0.996873
12473: 0.996873
12474: 0.996874
12475: 0.996874
12476: 0.996874
12477: 0.996874
12478: 0.996875
12479: 0.996875
12480: 0.996875
12481: 0.996876
12482: 0.996876
12483: 0.996876
12484: 0.996876
12485: 0.996877
12486: 0.996877
12487: 0.996877
12488: 0.996877
12489: 0.996878
12490: 0.996878
12491: 0.996878
12492: 0.996878
12493: 0.996879
12494: 0.996879
12495: 0.996879
12496: 0.996879
12497: 0.99688
12498: 0.99688
12499: 0.99688
12500: 0.99688
12501: 0.99688
12502: 0.996881
12503: 0.996881
12504: 0.996881
12505: 0.996881
12506: 0.996882
12507: 0.996882
12508: 0.996882
12509: 0.996882
12510: 0.996883
12511: 0.996883
12512: 0.996883
12513: 0.996883
12514: 0.996884
12515: 0.996884
12516: 0.996884
12517: 0.996884
12518: 0.996885
12519: 0.996885
12520: 0.996885
12521: 0.996885
12522: 0.996886
12523: 0.996886
12524: 0.996886
12525: 0.996886
12526: 0.996887
12527: 0.996887
12528: 0.996887
12529: 0.996887
12530: 0.996888
12531: 0.996888
12532: 0.996888
12533: 0.996888
12534: 0.996889
12535: 0.996889
12536: 0.996889
12537: 0.996889
12538: 0.99689
12539: 0.99689
12540: 0.99689
12541: 0.99689
12542: 0.996891
12543: 0.996891
12544: 0.996891
12545: 0.996891
12546: 0.996892
12547: 0.996892
12548: 0.996892
12549: 0.996892
12550: 0.996893
12551: 0.996893
12552: 0.996893
12553: 0.996893
12554: 0.996894
12555: 0.996894
12556: 0.996894
12557: 0.996894
12558: 0.996895
12559: 0.996895
12560: 0.996895
12561: 0.996895
12562: 0.996896
12563: 0.996896
12564: 0.996896
12565: 0.996896
12566: 0.996897
12567: 0.996897
12568: 0.996897
12569: 0.996897
12570: 0.996898
12571: 0.996898
12572: 0.996898
12573: 0.996898
12574: 0.996899
12575: 0.996899
12576: 0.996899
12577: 0.996899
12578: 0.9969
12579: 0.9969
12580: 0.9969
12581: 0.9969
12582: 0.996901
12583: 0.996901
12584: 0.996901
12585: 0.996901
12586: 0.996902
12587: 0.996902
12588: 0.996902
12589: 0.996902
12590: 0.996903
12591: 0.996903
12592: 0.996903
12593: 0.996903
12594: 0.996904
12595: 0.996904
12596: 0.996904
12597: 0.996904
12598: 0.996905
12599: 0.996905
12600: 0.996905
12601: 0.996905
12602: 0.996905
12603: 0.996906
12604: 0.996906
12605: 0.996906
12606: 0.996906
12607: 0.996907
12608: 0.996907
12609: 0.996907
12610: 0.996907
12611: 0.996908
12612: 0.996908
12613: 0.996908
12614: 0.996908
12615: 0.996909
12616: 0.996909
12617: 0.996909
12618: 0.996909
12619: 0.99691
12620: 0.99691
12621: 0.99691
12622: 0.99691
12623: 0.996911
12624: 0.996911
12625: 0.996911
12626: 0.996911
12627: 0.996912
12628: 0.996912
12629: 0.996912
12630: 0.996912
12631: 0.996913
12632: 0.996913
12633: 0.996913
12634: 0.996913
12635: 0.996914
12636: 0.996914
12637: 0.996914
12638: 0.996914
12639: 0.996915
12640: 0.996915
12641: 0.996915
12642: 0.996915
12643: 0.996916
12644: 0.996916
12645: 0.996916
12646: 0.996916
12647: 0.996917
12648: 0.996917
12649: 0.996917
12650: 0.996917
12651: 0.996917
12652: 0.996918
12653: 0.996918
12654: 0.996918
12655: 0.996918
12656: 0.996919
12657: 0.996919
12658: 0.996919
12659: 0.996919
12660: 0.99692
12661: 0.99692
12662: 0.99692
12663: 0.99692
12664: 0.996921
12665: 0.996921
12666: 0.996921
12667: 0.996921
12668: 0.996922
12669: 0.996922
12670: 0.996922
12671: 0.996922
12672: 0.996923
12673: 0.996923
12674: 0.996923
12675: 0.996923
12676: 0.996924
12677: 0.996924
12678: 0.996924
12679: 0.996924
12680: 0.996925
12681: 0.996925
12682: 0.996925
12683: 0.996925
12684: 0.996926
12685: 0.996926
12686: 0.996926
12687: 0.996926
12688: 0.996926
12689: 0.996927
12690: 0.996927
12691: 0.996927
12692: 0.996927
12693: 0.996928
12694: 0.996928
12695: 0.996928
12696: 0.996928
12697: 0.996929
12698: 0.996929
12699: 0.996929
12700: 0.996929
12701: 0.99693
12702: 0.99693
12703: 0.99693
12704: 0.99693
12705: 0.996931
12706: 0.996931
12707: 0.996931
12708: 0.996931
12709: 0.996932
12710: 0.996932
12711: 0.996932
12712: 0.996932
12713: 0.996933
12714: 0.996933
12715: 0.996933
12716: 0.996933
12717: 0.996933
12718: 0.996934
12719: 0.996934
12720: 0.996934
12721: 0.996934
12722: 0.996935
12723: 0.996935
12724: 0.996935
12725: 0.996935
12726: 0.996936
12727: 0.996936
12728: 0.996936
12729: 0.996936
12730: 0.996937
12731: 0.996937
12732: 0.996937
12733: 0.996937
12734: 0.996938
12735: 0.996938
12736: 0.996938
12737: 0.996938
12738: 0.996939
12739: 0.996939
12740: 0.996939
12741: 0.996939
12742: 0.996939
12743: 0.99694
12744: 0.99694
12745: 0.99694
12746: 0.99694
12747: 0.996941
12748: 0.996941
12749: 0.996941
12750: 0.996941
12751: 0.996942
12752: 0.996942
12753: 0.996942
12754: 0.996942
12755: 0.996943
12756: 0.996943
12757: 0.996943
12758: 0.996943
12759: 0.996944
12760: 0.996944
12761: 0.996944
12762: 0.996944
12763: 0.996945
12764: 0.996945
12765: 0.996945
12766: 0.996945
12767: 0.996945
12768: 0.996946
12769: 0.996946
12770: 0.996946
12771: 0.996946
12772: 0.996947
12773: 0.996947
12774: 0.996947
12775: 0.996947
12776: 0.996948
12777: 0.996948
12778: 0.996948
12779: 0.996948
12780: 0.996949
12781: 0.996949
12782: 0.996949
12783: 0.996949
12784: 0.99695
12785: 0.99695
12786: 0.99695
12787: 0.99695
12788: 0.996951
12789: 0.996951
12790: 0.996951
12791: 0.996951
12792: 0.996951
12793: 0.996952
12794: 0.996952
12795: 0.996952
12796: 0.996952
12797: 0.996953
12798: 0.996953
12799: 0.996953
12800: 0.996953
12801: 0.996954
12802: 0.996954
12803: 0.996954
12804: 0.996954
12805: 0.996955
12806: 0.996955
12807: 0.996955
12808: 0.996955
12809: 0.996956
12810: 0.996956
12811: 0.996956
12812: 0.996956
12813: 0.996956
12814: 0.996957
12815: 0.996957
12816: 0.996957
12817: 0.996957
12818: 0.996958
12819: 0.996958
12820: 0.996958
12821: 0.996958
12822: 0.996959
12823: 0.996959
12824: 0.996959
12825: 0.996959
12826: 0.99696
12827: 0.99696
12828: 0.99696
12829: 0.99696
12830: 0.99696
12831: 0.996961
12832: 0.996961
12833: 0.996961
12834: 0.996961
12835: 0.996962
12836: 0.996962
12837: 0.996962
12838: 0.996962
12839: 0.996963
12840: 0.996963
12841: 0.996963
12842: 0.996963
12843: 0.996964
12844: 0.996964
12845: 0.996964
12846: 0.996964
12847: 0.996965
12848: 0.996965
12849: 0.996965
12850: 0.996965
12851: 0.996965
12852: 0.996966
12853: 0.996966
12854: 0.996966
12855: 0.996966
12856: 0.996967
12857: 0.996967
12858: 0.996967
12859: 0.996967
12860: 0.996968
12861: 0.996968
12862: 0.996968
12863: 0.996968
12864: 0.996969
12865: 0.996969
12866: 0.996969
12867: 0.996969
12868: 0.996969
12869: 0.99697
12870: 0.99697
12871: 0.99697
12872: 0.99697
12873: 0.996971
12874: 0.996971
12875: 0.996971
12876: 0.996971
12877: 0.996972
12878: 0.996972
12879: 0.996972
12880: 0.996972
12881: 0.996973
12882: 0.996973
12883: 0.996973
12884: 0.996973
12885: 0.996973
12886: 0.996974
12887: 0.996974
12888: 0.996974
12889: 0.996974
12890: 0.996975
12891: 0.996975
12892: 0.996975
12893: 0.996975
12894: 0.996976
12895: 0.996976
12896: 0.996976
12897: 0.996976
12898: 0.996977
12899: 0.996977
12900: 0.996977
12901: 0.996977
12902: 0.996977
12903: 0.996978
12904: 0.996978
12905: 0.996978
12906: 0.996978
12907: 0.996979
12908: 0.996979
12909: 0.996979
12910: 0.996979
12911: 0.99698
12912: 0.99698
12913: 0.99698
12914: 0.99698
12915: 0.99698
12916: 0.996981
12917: 0.996981
12918: 0.996981
12919: 0.996981
12920: 0.996982
12921: 0.996982
12922: 0.996982
12923: 0.996982
12924: 0.996983
12925: 0.996983
12926: 0.996983
12927: 0.996983
12928: 0.996984
12929: 0.996984
12930: 0.996984
12931: 0.996984
12932: 0.996984
12933: 0.996985
12934: 0.996985
12935: 0.996985
12936: 0.996985
12937: 0.996986
12938: 0.996986
12939: 0.996986
12940: 0.996986
12941: 0.996987
12942: 0.996987
12943: 0.996987
12944: 0.996987
12945: 0.996987
12946: 0.996988
12947: 0.996988
12948: 0.996988
12949: 0.996988
12950: 0.996989
12951: 0.996989
12952: 0.996989
12953: 0.996989
12954: 0.99699
12955: 0.99699
12956: 0.99699
12957: 0.99699
12958: 0.996991
12959: 0.996991
12960: 0.996991
12961: 0.996991
12962: 0.996991
12963: 0.996992
12964: 0.996992
12965: 0.996992
12966: 0.996992
12967: 0.996993
12968: 0.996993
12969: 0.996993
12970: 0.996993
12971: 0.996994
12972: 0.996994
12973: 0.996994
12974: 0.996994
12975: 0.996994
12976: 0.996995
12977: 0.996995
12978: 0.996995
12979: 0.996995
12980: 0.996996
12981: 0.996996
12982: 0.996996
12983: 0.996996
12984: 0.996997
12985: 0.996997
12986: 0.996997
12987: 0.996997
12988: 0.996997
12989: 0.996998
12990: 0.996998
12991: 0.996998
12992: 0.996998
12993: 0.996999
12994: 0.996999
12995: 0.996999
12996: 0.996999
12997: 0.997
12998: 0.997
12999: 0.997
13000: 0.997
13001: 0.997
13002: 0.997001
13003: 0.997001
13004: 0.997001
13005: 0.997001
13006: 0.997002
13007: 0.997002
13008: 0.997002
13009: 0.997002
13010: 0.997003
13011: 0.997003
13012: 0.997003
13013: 0.997003
13014: 0.997003
13015: 0.997004
13016: 0.997004
13017: 0.997004
13018: 0.997004
13019: 0.997005
13020: 0.997005
13021: 0.997005
13022: 0.997005
13023: 0.997006
13024: 0.997006
13025: 0.997006
13026: 0.997006
13027: 0.997006
13028: 0.997007
13029: 0.997007
13030: 0.997007
13031: 0.997007
13032: 0.997008
13033: 0.997008
13034: 0.997008
13035: 0.997008
13036: 0.997009
13037: 0.997009
13038: 0.997009
13039: 0.997009
13040: 0.997009
13041: 0.99701
13042: 0.99701
13043: 0.99701
13044: 0.99701
13045: 0.997011
13046: 0.997011
13047: 0.997011
13048: 0.997011
13049: 0.997011
13050: 0.997012
13051: 0.997012
13052: 0.997012
13053: 0.997012
13054: 0.997013
13055: 0.997013
13056: 0.997013
13057: 0.997013
13058: 0.997014
13059: 0.997014
13060: 0.997014
13061: 0.997014
13062: 0.997014
13063: 0.997015
13064: 0.997015
13065: 0.997015
13066: 0.997015
13067: 0.997016
13068: 0.997016
13069: 0.997016
13070: 0.997016
13071: 0.997017
13072: 0.997017
13073: 0.997017
13074: 0.997017
13075: 0.997017
13076: 0.997018
13077: 0.997018
13078: 0.997018
13079: 0.997018
13080: 0.997019
13081: 0.997019
13082: 0.997019
13083: 0.997019
13084: 0.997019
13085: 0.99702
13086: 0.99702
13087: 0.99702
13088: 0.99702
13089: 0.997021
13090: 0.997021
13091: 0.997021
13092: 0.997021
13093: 0.997022
13094: 0.997022
13095: 0.997022
13096: 0.997022
13097: 0.997022
13098: 0.997023
13099: 0.997023
13100: 0.997023
13101: 0.997023
13102: 0.997024
13103: 0.997024
13104: 0.997024
13105: 0.997024
13106: 0.997024
13107: 0.997025
13108: 0.997025
13109: 0.997025
13110: 0.997025
13111: 0.997026
13112: 0.997026
13113: 0.997026
13114: 0.997026
13115: 0.997027
13116: 0.997027
13117: 0.997027
13118: 0.997027
13119: 0.997027
13120: 0.997028
13121: 0.997028
13122: 0.997028
13123: 0.997028
13124: 0.997029
13125: 0.997029
13126: 0.997029
13127: 0.997029
13128: 0.997029
13129: 0.99703
13130: 0.99703
13131: 0.99703
13132: 0.99703
13133: 0.997031
13134: 0.997031
13135: 0.997031
13136: 0.997031
13137: 0.997032
13138: 0.997032
13139: 0.997032
13140: 0.997032
13141: 0.997032
13142: 0.997033
13143: 0.997033
13144: 0.997033
13145: 0.997033
13146: 0.997034
13147: 0.997034
13148: 0.997034
13149: 0.997034
13150: 0.997034
13151: 0.997035
13152: 0.997035
13153: 0.997035
13154: 0.997035
13155: 0.997036
13156: 0.997036
13157: 0.997036
13158: 0.997036
13159: 0.997036
13160: 0.997037
13161: 0.997037
13162: 0.997037
13163: 0.997037
13164: 0.997038
13165: 0.997038
13166: 0.997038
13167: 0.997038
13168: 0.997038
13169: 0.997039
13170: 0.997039
13171: 0.997039
13172: 0.997039
13173: 0.99704
13174: 0.99704
13175: 0.99704
13176: 0.99704
13177: 0.997041
13178: 0.997041
13179: 0.997041
13180: 0.997041
13181: 0.997041
13182: 0.997042
13183: 0.997042
13184: 0.997042
13185: 0.997042
13186: 0.997043
13187: 0.997043
13188: 0.997043
13189: 0.997043
13190: 0.997043
13191: 0.997044
13192: 0.997044
13193: 0.997044
13194: 0.997044
13195: 0.997045
13196: 0.997045
13197: 0.997045
13198: 0.997045
13199: 0.997045
13200: 0.997046
13201: 0.997046
13202: 0.997046
13203: 0.997046
13204: 0.997047
13205: 0.997047
13206: 0.997047
13207: 0.997047
13208: 0.997047
13209: 0.997048
13210: 0.997048
13211: 0.997048
13212: 0.997048
13213: 0.997049
13214: 0.997049
13215: 0.997049
13216: 0.997049
13217: 0.997049
13218: 0.99705
13219: 0.99705
13220: 0.99705
13221: 0.99705
13222: 0.997051
13223: 0.997051
13224: 0.997051
13225: 0.997051
13226: 0.997051
13227: 0.997052
13228: 0.997052
13229: 0.997052
13230: 0.997052
13231: 0.997053
13232: 0.997053
13233: 0.997053
13234: 0.997053
13235: 0.997053
13236: 0.997054
13237: 0.997054
13238: 0.997054
13239: 0.997054
13240: 0.997055
13241: 0.997055
13242: 0.997055
13243: 0.997055
13244: 0.997055
13245: 0.997056
13246: 0.997056
13247: 0.997056
13248: 0.997056
13249: 0.997057
13250: 0.997057
13251: 0.997057
13252: 0.997057
13253: 0.997057
13254: 0.997058
13255: 0.997058
13256: 0.997058
13257: 0.997058
13258: 0.997059
13259: 0.997059
13260: 0.997059
13261: 0.997059
13262: 0.997059
13263: 0.99706
13264: 0.99706
13265: 0.99706
13266: 0.99706
13267: 0.997061
13268: 0.997061
13269: 0.997061
13270: 0.997061
13271: 0.997061
13272: 0.997062
13273: 0.997062
13274: 0.997062
13275: 0.997062
13276: 0.997063
13277: 0.997063
13278: 0.997063
13279: 0.997063
13280: 0.997063
13281: 0.997064
13282: 0.997064
13283: 0.997064
13284: 0.997064
13285: 0.997065
13286: 0.997065
13287: 0.997065
13288: 0.997065
13289: 0.997065
13290: 0.997066
13291: 0.997066
13292: 0.997066
13293: 0.997066
13294: 0.997067
13295: 0.997067
13296: 0.997067
13297: 0.997067
13298: 0.997067
13299: 0.997068
13300: 0.997068
13301: 0.997068
13302: 0.997068
13303: 0.997069
13304: 0.997069
13305: 0.997069
13306: 0.997069
13307: 0.997069
13308: 0.99707
13309: 0.99707
13310: 0.99707
13311: 0.99707
13312: 0.997071
13313: 0.997071
13314: 0.997071
13315: 0.997071
13316: 0.997071
13317: 0.997072
13318: 0.997072
13319: 0.997072
13320: 0.997072
13321: 0.997073
13322: 0.997073
13323: 0.997073
13324: 0.997073
13325: 0.997073
13326: 0.997074
13327: 0.997074
13328: 0.997074
13329: 0.997074
13330: 0.997074
13331: 0.997075
13332: 0.997075
13333: 0.997075
13334: 0.997075
13335: 0.997076
13336: 0.997076
13337: 0.997076
13338: 0.997076
13339: 0.997076
13340: 0.997077
13341: 0.997077
13342: 0.997077
13343: 0.997077
13344: 0.997078
13345: 0.997078
13346: 0.997078
13347: 0.997078
13348: 0.997078
13349: 0.997079
13350: 0.997079
13351: 0.997079
13352: 0.997079
13353: 0.99708
13354: 0.99708
13355: 0.99708
13356: 0.99708
13357: 0.99708
13358: 0.997081
13359: 0.997081
13360: 0.997081
13361: 0.997081
13362: 0.997081
13363: 0.997082
13364: 0.997082
13365: 0.997082
13366: 0.997082
13367: 0.997083
13368: 0.997083
13369: 0.997083
13370: 0.997083
13371: 0.997083
13372: 0.997084
13373: 0.997084
13374: 0.997084
13375: 0.997084
13376: 0.997085
13377: 0.997085
13378: 0.997085
13379: 0.997085
13380: 0.997085
13381: 0.997086
13382: 0.997086
13383: 0.997086
13384: 0.997086
13385: 0.997087
13386: 0.997087
13387: 0.997087
13388: 0.997087
13389: 0.997087
13390: 0.997088
13391: 0.997088
13392: 0.997088
13393: 0.997088
13394: 0.997088
13395: 0.997089
13396: 0.997089
13397: 0.997089
13398: 0.997089
13399: 0.99709
13400: 0.99709
13401: 0.99709
13402: 0.99709
13403: 0.99709
13404: 0.997091
13405: 0.997091
13406: 0.997091
13407: 0.997091
13408: 0.997092
13409: 0.997092
13410: 0.997092
13411: 0.997092
13412: 0.997092
13413: 0.997093
13414: 0.997093
13415: 0.997093
13416: 0.997093
13417: 0.997093
13418: 0.997094
13419: 0.997094
13420: 0.997094
13421: 0.997094
13422: 0.997095
13423: 0.997095
13424: 0.997095
13425: 0.997095
13426: 0.997095
13427: 0.997096
13428: 0.997096
13429: 0.997096
13430: 0.997096
13431: 0.997096
13432: 0.997097
13433: 0.997097
13434: 0.997097
13435: 0.997097
13436: 0.997098
13437: 0.997098
13438: 0.997098
13439: 0.997098
13440: 0.997098
13441: 0.997099
13442: 0.997099
13443: 0.997099
13444: 0.997099
13445: 0.9971
13446: 0.9971
13447: 0.9971
13448: 0.9971
13449: 0.9971
13450: 0.997101
13451: 0.997101
13452: 0.997101
13453: 0.997101
13454: 0.997101
13455: 0.997102
13456: 0.997102
13457: 0.997102
13458: 0.997102
13459: 0.997103
13460: 0.997103
13461: 0.997103
13462: 0.997103
13463: 0.997103
13464: 0.997104
13465: 0.997104
13466: 0.997104
13467: 0.997104
13468: 0.997104
13469: 0.997105
13470: 0.997105
13471: 0.997105
13472: 0.997105
13473: 0.997106
13474: 0.997106
13475: 0.997106
13476: 0.997106
13477: 0.997106
13478: 0.997107
13479: 0.997107
13480: 0.997107
13481: 0.997107
13482: 0.997107
13483: 0.997108
13484: 0.997108
13485: 0.997108
13486: 0.997108
13487: 0.997109
13488: 0.997109
13489: 0.997109
13490: 0.997109
13491: 0.997109
13492: 0.99711
13493: 0.99711
13494: 0.99711
13495: 0.99711
13496: 0.99711
13497: 0.997111
13498: 0.997111
13499: 0.997111
13500: 0.997111
13501: 0.997112
13502: 0.997112
13503: 0.997112
13504: 0.997112
13505: 0.997112
13506: 0.997113
13507: 0.997113
13508: 0.997113
13509: 0.997113
13510: 0.997113
13511: 0.997114
13512: 0.997114
13513: 0.997114
13514: 0.997114
13515: 0.997115
13516: 0.997115
13517: 0.997115
13518: 0.997115
13519: 0.997115
13520: 0.997116
13521: 0.997116
13522: 0.997116
13523: 0.997116
13524: 0.997116
13525: 0.997117
13526: 0.997117
13527: 0.997117
13528: 0.997117
13529: 0.997118
13530: 0.997118
13531: 0.997118
13532: 0.997118
13533: 0.997118
13534: 0.997119
13535: 0.997119
13536: 0.997119
13537: 0.997119
13538: 0.997119
13539: 0.99712
13540: 0.99712
13541: 0.99712
13542: 0.99712
13543: 0.99712
13544: 0.997121
13545: 0.997121
13546: 0.997121
13547: 0.997121
13548: 0.997122
13549: 0.997122
13550: 0.997122
13551: 0.997122
13552: 0.997122
13553: 0.997123
13554: 0.997123
13555: 0.997123
13556: 0.997123
13557: 0.997123
13558: 0.997124
13559: 0.997124
13560: 0.997124
13561: 0.997124
13562: 0.997125
13563: 0.997125
13564: 0.997125
13565: 0.997125
13566: 0.997125
13567: 0.997126
13568: 0.997126
13569: 0.997126
13570: 0.997126
13571: 0.997126
13572: 0.997127
13573: 0.997127
13574: 0.997127
13575: 0.997127
13576: 0.997127
13577: 0.997128
13578: 0.997128
13579: 0.997128
13580: 0.997128
13581: 0.997129
13582: 0.997129
13583: 0.997129
13584: 0.997129
13585: 0.997129
13586: 0.99713
13587: 0.99713
13588: 0.99713
13589: 0.99713
13590: 0.99713
13591: 0.997131
13592: 0.997131
13593: 0.997131
13594: 0.997131
13595: 0.997132
13596: 0.997132
13597: 0.997132
13598: 0.997132
13599: 0.997132
13600: 0.997133
13601: 0.997133
13602: 0.997133
13603: 0.997133
13604: 0.997133
13605: 0.997134
13606: 0.997134
13607: 0.997134
13608: 0.997134
13609: 0.997134
13610: 0.997135
13611: 0.997135
13612: 0.997135
13613: 0.997135
13614: 0.997136
13615: 0.997136
13616: 0.997136
13617: 0.997136
13618: 0.997136
13619: 0.997137
13620: 0.997137
13621: 0.997137
13622: 0.997137
13623: 0.997137
13624: 0.997138
13625: 0.997138
13626: 0.997138
13627: 0.997138
13628: 0.997138
13629: 0.997139
13630: 0.997139
13631: 0.997139
13632: 0.997139
13633: 0.99714
13634: 0.99714
13635: 0.99714
13636: 0.99714
13637: 0.99714
13638: 0.997141
13639: 0.997141
13640: 0.997141
13641: 0.997141
13642: 0.997141
13643: 0.997142
13644: 0.997142
13645: 0.997142
13646: 0.997142
13647: 0.997142
13648: 0.997143
13649: 0.997143
13650: 0.997143
13651: 0.997143
13652: 0.997143
13653: 0.997144
13654: 0.997144
13655: 0.997144
13656: 0.997144
13657: 0.997145
13658: 0.997145
13659: 0.997145
13660: 0.997145
13661: 0.997145
13662: 0.997146
13663: 0.997146
13664: 0.997146
13665: 0.997146
13666: 0.997146
13667: 0.997147
13668: 0.997147
13669: 0.997147
13670: 0.997147
13671: 0.997147
13672: 0.997148
13673: 0.997148
13674: 0.997148
13675: 0.997148
13676: 0.997148
13677: 0.997149
13678: 0.997149
13679: 0.997149
13680: 0.997149
13681: 0.99715
13682: 0.99715
13683: 0.99715
13684: 0.99715
13685: 0.99715
13686: 0.997151
13687: 0.997151
13688: 0.997151
13689: 0.997151
13690: 0.997151
13691: 0.997152
13692: 0.997152
13693: 0.997152
13694: 0.997152
13695: 0.997152
13696: 0.997153
13697: 0.997153
13698: 0.997153
13699: 0.997153
13700: 0.997153
13701: 0.997154
13702: 0.997154
13703: 0.997154
13704: 0.997154
13705: 0.997155
13706: 0.997155
13707: 0.997155
13708: 0.997155
13709: 0.997155
13710: 0.997156
13711: 0.997156
13712: 0.997156
13713: 0.997156
13714: 0.997156
13715: 0.997157
13716: 0.997157
13717: 0.997157
13718: 0.997157
13719: 0.997157
13720: 0.997158
13721: 0.997158
13722: 0.997158
13723: 0.997158
13724: 0.997158
13725: 0.997159
13726: 0.997159
13727: 0.997159
13728: 0.997159
13729: 0.99716
13730: 0.99716
13731: 0.99716
13732: 0.99716
13733: 0.99716
13734: 0.997161
13735: 0.997161
13736: 0.997161
13737: 0.997161
13738: 0.997161
13739: 0.997162
13740: 0.997162
13741: 0.997162
13742: 0.997162
13743: 0.997162
13744: 0.997163
13745: 0.997163
13746: 0.997163
13747: 0.997163
13748: 0.997163
13749: 0.997164
13750: 0.997164
13751: 0.997164
13752: 0.997164
13753: 0.997164
13754: 0.997165
13755: 0.997165
13756: 0.997165
13757: 0.997165
13758: 0.997165
13759: 0.997166
13760: 0.997166
13761: 0.997166
13762: 0.997166
13763: 0.997167
13764: 0.997167
13765: 0.997167
13766: 0.997167
13767: 0.997167
13768: 0.997168
13769: 0.997168
13770: 0.997168
13771: 0.997168
13772: 0.997168
13773: 0.997169
13774: 0.997169
13775: 0.997169
13776: 0.997169
13777: 0.997169
13778: 0.99717
13779: 0.99717
13780: 0.99717
13781: 0.99717
13782: 0.99717
13783: 0.997171
13784: 0.997171
13785: 0.997171
13786: 0.997171
13787: 0.997171
13788: 0.997172
13789: 0.997172
13790: 0.997172
13791: 0.997172
13792: 0.997172
13793: 0.997173
13794: 0.997173
13795: 0.997173
13796: 0.997173
13797: 0.997174
13798: 0.997174
13799: 0.997174
13800: 0.997174
13801: 0.997174
13802: 0.997175
13803: 0.997175
13804: 0.997175
13805: 0.997175
13806: 0.997175
13807: 0.997176
13808: 0.997176
13809: 0.997176
13810: 0.997176
13811: 0.997176
13812: 0.997177
13813: 0.997177
13814: 0.997177
13815: 0.997177
13816: 0.997177
13817: 0.997178
13818: 0.997178
13819: 0.997178
13820: 0.997178
13821: 0.997178
13822: 0.997179
13823: 0.997179
13824: 0.997179
13825: 0.997179
13826: 0.997179
13827: 0.99718
13828: 0.99718
13829: 0.99718
13830: 0.99718
13831: 0.99718
13832: 0.997181
13833: 0.997181
13834: 0.997181
13835: 0.997181
13836: 0.997181
13837: 0.997182
13838: 0.997182
13839: 0.997182
13840: 0.997182
13841: 0.997182
13842: 0.997183
13843: 0.997183
13844: 0.997183
13845: 0.997183
13846: 0.997184
13847: 0.997184
13848: 0.997184
13849: 0.997184
13850: 0.997184
13851: 0.997185
13852: 0.997185
13853: 0.997185
13854: 0.997185
13855: 0.997185
13856: 0.997186
13857: 0.997186
13858: 0.997186
13859: 0.997186
13860: 0.997186
13861: 0.997187
13862: 0.997187
13863: 0.997187
13864: 0.997187
13865: 0.997187
13866: 0.997188
13867: 0.997188
13868: 0.997188
13869: 0.997188
13870: 0.997188
13871: 0.997189
13872: 0.997189
13873: 0.997189
13874: 0.997189
13875: 0.997189
13876: 0.99719
13877: 0.99719
13878: 0.99719
13879: 0.99719
13880: 0.99719
13881: 0.997191
13882: 0.997191
13883: 0.997191
13884: 0.997191
13885: 0.997191
13886: 0.997192
13887: 0.997192
13888: 0.997192
13889: 0.997192
13890: 0.997192
13891: 0.997193
13892: 0.997193
13893: 0.997193
13894: 0.997193
13895: 0.997193
13896: 0.997194
13897: 0.997194
13898: 0.997194
13899: 0.997194
13900: 0.997194
13901: 0.997195
13902: 0.997195
13903: 0.997195
13904: 0.997195
13905: 0.997195
13906: 0.997196
13907: 0.997196
13908: 0.997196
13909: 0.997196
13910: 0.997196
13911: 0.997197
13912: 0.997197
13913: 0.997197
13914: 0.997197
13915: 0.997197
13916: 0.997198
13917: 0.997198
13918: 0.997198
13919: 0.997198
13920: 0.997198
13921: 0.997199
13922: 0.997199
13923: 0.997199
13924: 0.997199
13925: 0.997199
13926: 0.9972
13927: 0.9972
13928: 0.9972
13929: 0.9972
13930: 0.9972
13931: 0.997201
13932: 0.997201
13933: 0.997201
13934: 0.997201
13935: 0.997201
13936: 0.997202
13937: 0.997202
13938: 0.997202
13939: 0.997202
13940: 0.997202
13941: 0.997203
13942: 0.997203
13943: 0.997203
13944: 0.997203
13945: 0.997203
13946: 0.997204
13947: 0.997204
13948: 0.997204
13949: 0.997204
13950: 0.997205
13951: 0.997205
13952: 0.997205
13953: 0.997205
13954: 0.997205
13955: 0.997206
13956: 0.997206
13957: 0.997206
13958: 0.997206
13959: 0.997206
13960: 0.997207
13961: 0.997207
13962: 0.997207
13963: 0.997207
13964: 0.997207
13965: 0.997208
13966: 0.997208
13967: 0.997208
13968: 0.997208
13969: 0.997208
13970: 0.997209
13971: 0.997209
13972: 0.997209
13973: 0.997209
13974: 0.997209
13975: 0.99721
13976: 0.99721
13977: 0.99721
13978: 0.99721
13979: 0.99721
13980: 0.99721
13981: 0.997211
13982: 0.997211
13983: 0.997211
13984: 0.997211
13985: 0.997211
13986: 0.997212
13987: 0.997212
13988: 0.997212
13989: 0.997212
13990: 0.997212
13991: 0.997213
13992: 0.997213
13993: 0.997213
13994: 0.997213
13995: 0.997213
13996: 0.997214
13997: 0.997214
13998: 0.997214
13999: 0.997214
14000: 0.997214
14001: 0.997215
14002: 0.997215
14003: 0.997215
14004: 0.997215
14005: 0.997215
14006: 0.997216
14007: 0.997216
14008: 0.997216
14009: 0.997216
14010: 0.997216
14011: 0.997217
14012: 0.997217
14013: 0.997217
14014: 0.997217
14015: 0.997217
14016: 0.997218
14017: 0.997218
14018: 0.997218
14019: 0.997218
14020: 0.997218
14021: 0.997219
14022: 0.997219
14023: 0.997219
14024: 0.997219
14025: 0.997219
14026: 0.99722
14027: 0.99722
14028: 0.99722
14029: 0.99722
14030: 0.99722
14031: 0.997221
14032: 0.997221
14033: 0.997221
14034: 0.997221
14035: 0.997221
14036: 0.997222
14037: 0.997222
14038: 0.997222
14039: 0.997222
14040: 0.997222
14041: 0.997223
14042: 0.997223
14043: 0.997223
14044: 0.997223
14045: 0.997223
14046: 0.997224
14047: 0.997224
14048: 0.997224
14049: 0.997224
14050: 0.997224
14051: 0.997225
14052: 0.997225
14053: 0.997225
14054: 0.997225
14055: 0.997225
14056: 0.997226
14057: 0.997226
14058: 0.997226
14059: 0.997226
14060: 0.997226
14061: 0.997227
14062: 0.997227
14063: 0.997227
14064: 0.997227
14065: 0.997227
14066: 0.997228
14067: 0.997228
14068: 0.997228
14069: 0.997228
14070: 0.997228
14071: 0.997229
14072: 0.997229
14073: 0.997229
14074: 0.997229
14075: 0.997229
14076: 0.99723
14077: 0.99723
14078: 0.99723
14079: 0.99723
14080: 0.99723
14081: 0.997231
14082: 0.997231
14083: 0.997231
14084: 0.997231
14085: 0.997231
14086: 0.997231
14087: 0.997232
14088: 0.997232
14089: 0.997232
14090: 0.997232
14091: 0.997232
14092: 0.997233
14093: 0.997233
14094: 0.997233
14095: 0.997233
14096: 0.997233
14097: 0.997234
14098: 0.997234
14099: 0.997234
14100: 0.997234
14101: 0.997234
14102: 0.997235
14103: 0.997235
14104: 0.997235
14105: 0.997235
14106: 0.997235
14107: 0.997236
14108: 0.997236
14109: 0.997236
14110: 0.997236
14111: 0.997236
14112: 0.997237
14113: 0.997237
14114: 0.997237
14115: 0.997237
14116: 0.997237
14117: 0.997238
14118: 0.997238
14119: 0.997238
14120: 0.997238
14121: 0.997238
14122: 0.997239
14123: 0.997239
14124: 0.997239
14125: 0.997239
14126: 0.997239
14127: 0.99724
14128: 0.99724
14129: 0.99724
14130: 0.99724
14131: 0.99724
14132: 0.997241
14133: 0.997241
14134: 0.997241
14135: 0.997241
14136: 0.997241
14137: 0.997241
14138: 0.997242
14139: 0.997242
14140: 0.997242
14141: 0.997242
14142: 0.997242
14143: 0.997243
14144: 0.997243
14145: 0.997243
14146: 0.997243
14147: 0.997243
14148: 0.997244
14149: 0.997244
14150: 0.997244
14151: 0.997244
14152: 0.997244
14153: 0.997245
14154: 0.997245
14155: 0.997245
14156: 0.997245
14157: 0.997245
14158: 0.997246
14159: 0.997246
14160: 0.997246
14161: 0.997246
14162: 0.997246
14163: 0.997247
14164: 0.997247
14165: 0.997247
14166: 0.997247
14167: 0.997247
14168: 0.997248
14169: 0.997248
14170: 0.997248
14171: 0.997248
14172: 0.997248
14173: 0.997248
14174: 0.997249
14175: 0.997249
14176: 0.997249
14177: 0.997249
14178: 0.997249
14179: 0.99725
14180: 0.99725
14181: 0.99725
14182: 0.99725
14183: 0.99725
14184: 0.997251
14185: 0.997251
14186: 0.997251
14187: 0.997251
14188: 0.997251
14189: 0.997252
14190: 0.997252
14191: 0.997252
14192: 0.997252
14193: 0.997252
14194: 0.997253
14195: 0.997253
14196: 0.997253
14197: 0.997253
14198: 0.997253
14199: 0.997254
14200: 0.997254
14201: 0.997254
14202: 0.997254
14203: 0.997254
14204: 0.997254
14205: 0.997255
14206: 0.997255
14207: 0.997255
14208: 0.997255
14209: 0.997255
14210: 0.997256
14211: 0.997256
14212: 0.997256
14213: 0.997256
14214: 0.997256
14215: 0.997257
14216: 0.997257
14217: 0.997257
14218: 0.997257
14219: 0.997257
14220: 0.997258
14221: 0.997258
14222: 0.997258
14223: 0.997258
14224: 0.997258
14225: 0.997259
14226: 0.997259
14227: 0.997259
14228: 0.997259
14229: 0.997259
14230: 0.99726
14231: 0.99726
14232: 0.99726
14233: 0.99726
14234: 0.99726
14235: 0.99726
14236: 0.997261
14237: 0.997261
14238: 0.997261
14239: 0.997261
14240: 0.997261
14241: 0.997262
14242: 0.997262
14243: 0.997262
14244: 0.997262
14245: 0.997262
14246: 0.997263
14247: 0.997263
14248: 0.997263
14249: 0.997263
14250: 0.997263
14251: 0.997264
14252: 0.997264
14253: 0.997264
14254: 0.997264
14255: 0.997264
14256: 0.997265
14257: 0.997265
14258: 0.997265
14259: 0.997265
14260: 0.997265
14261: 0.997265
14262: 0.997266
14263: 0.997266
14264: 0.997266
14265: 0.997266
14266: 0.997266
14267: 0.997267
14268: 0.997267
14269: 0.997267
14270: 0.997267
14271: 0.997267
14272: 0.997268
14273: 0.997268
14274: 0.997268
14275: 0.997268
14276: 0.997268
14277: 0.997269
14278: 0.997269
14279: 0.997269
14280: 0.997269
14281: 0.997269
14282: 0.997269
14283: 0.99727
14284: 0.99727
14285: 0.99727
14286: 0.99727
14287: 0.99727
14288: 0.997271
14289: 0.997271
14290: 0.997271
14291: 0.997271
14292: 0.997271
14293: 0.997272
14294: 0.997272
14295: 0.997272
14296: 0.997272
14297: 0.997272
14298: 0.997273
14299: 0.997273
14300: 0.997273
14301: 0.997273
14302: 0.997273
14303: 0.997273
14304: 0.997274
14305: 0.997274
14306: 0.997274
14307: 0.997274
14308: 0.997274
14309: 0.997275
14310: 0.997275
14311: 0.997275
14312: 0.997275
14313: 0.997275
14314: 0.997276
14315: 0.997276
14316: 0.997276
14317: 0.997276
14318: 0.997276
14319: 0.997277
14320: 0.997277
14321: 0.997277
14322: 0.997277
14323: 0.997277
14324: 0.997277
14325: 0.997278
14326: 0.997278
14327: 0.997278
14328: 0.997278
14329: 0.997278
14330: 0.997279
14331: 0.997279
14332: 0.997279
14333: 0.997279
14334: 0.997279
14335: 0.99728
14336: 0.99728
14337: 0.99728
14338: 0.99728
14339: 0.99728
14340: 0.997281
14341: 0.997281
14342: 0.997281
14343: 0.997281
14344: 0.997281
14345: 0.997281
14346: 0.997282
14347: 0.997282
14348: 0.997282
14349: 0.997282
14350: 0.997282
14351: 0.997283
14352: 0.997283
14353: 0.997283
14354: 0.997283
14355: 0.997283
14356: 0.997284
14357: 0.997284
14358: 0.997284
14359: 0.997284
14360: 0.997284
14361: 0.997285
14362: 0.997285
14363: 0.997285
14364: 0.997285
14365: 0.997285
14366: 0.997285
14367: 0.997286
14368: 0.997286
14369: 0.997286
14370: 0.997286
14371: 0.997286
14372: 0.997287
14373: 0.997287
14374: 0.997287
14375: 0.997287
14376: 0.997287
14377: 0.997288
14378: 0.997288
14379: 0.997288
14380: 0.997288
14381: 0.997288
14382: 0.997288
14383: 0.997289
14384: 0.997289
14385: 0.997289
14386: 0.997289
14387: 0.997289
14388: 0.99729
14389: 0.99729
14390: 0.99729
14391: 0.99729
14392: 0.99729
14393: 0.997291
14394: 0.997291
14395: 0.997291
14396: 0.997291
14397: 0.997291
14398: 0.997291
14399: 0.997292
14400: 0.997292
14401: 0.997292
14402: 0.997292
14403: 0.997292
14404: 0.997293
14405: 0.997293
14406: 0.997293
14407: 0.997293
14408: 0.997293
14409: 0.997294
14410: 0.997294
14411: 0.997294
14412: 0.997294
14413: 0.997294
14414: 0.997294
14415: 0.997295
14416: 0.997295
14417: 0.997295
14418: 0.997295
14419: 0.997295
14420: 0.997296
14421: 0.997296
14422: 0.997296
14423: 0.997296
14424: 0.997296
14425: 0.997297
14426: 0.997297
14427: 0.997297
14428: 0.997297
14429: 0.997297
14430: 0.997297
14431: 0.997298
14432: 0.997298
14433: 0.997298
14434: 0.997298
14435: 0.997298
14436: 0.997299
14437: 0.997299
14438: 0.997299
14439: 0.997299
14440: 0.997299
14441: 0.9973
14442: 0.9973
14443: 0.9973
14444: 0.9973
14445: 0.9973
14446: 0.9973
14447: 0.997301
14448: 0.997301
14449: 0.997301
14450: 0.997301
14451: 0.997301
14452: 0.997302
14453: 0.997302
14454: 0.997302
14455: 0.997302
14456: 0.997302
14457: 0.997303
14458: 0.997303
14459: 0.997303
14460: 0.997303
14461: 0.997303
14462: 0.997303
14463: 0.997304
14464: 0.997304
14465: 0.997304
14466: 0.997304
14467: 0.997304
14468: 0.997305
14469: 0.997305
14470: 0.997305
14471: 0.997305
14472: 0.997305
14473: 0.997306
14474: 0.997306
14475: 0.997306
14476: 0.997306
14477: 0.997306
14478: 0.997306
14479: 0.997307
14480: 0.997307
14481: 0.997307
14482: 0.997307
14483: 0.997307
14484: 0.997308
14485: 0.997308
14486: 0.997308
14487: 0.997308
14488: 0.997308
14489: 0.997308
14490: 0.997309
14491: 0.997309
14492: 0.997309
14493: 0.997309
14494: 0.997309
14495: 0.99731
14496: 0.99731
14497: 0.99731
14498: 0.99731
14499: 0.99731
14500: 0.997311
14501: 0.997311
14502: 0.997311
14503: 0.997311
14504: 0.997311
14505: 0.997311
14506: 0.997312
14507: 0.997312
14508: 0.997312
14509: 0.997312
14510: 0.997312
14511: 0.997313
14512: 0.997313
14513: 0.997313
14514: 0.997313
14515: 0.997313
14516: 0.997313
14517: 0.997314
14518: 0.997314
14519: 0.997314
14520: 0.997314
14521: 0.997314
14522: 0.997315
14523: 0.997315
14524: 0.997315
14525: 0.997315
14526: 0.997315
14527: 0.997316
14528: 0.997316
14529: 0.997316
14530: 0.997316
14531: 0.997316
14532: 0.997316
14533: 0.997317
14534: 0.997317
14535: 0.997317
14536: 0.997317
14537: 0.997317
14538: 0.997318
14539: 0.997318
14540: 0.997318
14541: 0.997318
14542: 0.997318
14543: 0.997318
14544: 0.997319
14545: 0.997319
14546: 0.997319
14547: 0.997319
14548: 0.997319
14549: 0.99732
14550: 0.99732
14551: 0.99732
14552: 0.99732
14553: 0.99732
14554: 0.997321
14555: 0.997321
14556: 0.997321
14557: 0.997321
14558: 0.997321
14559: 0.997321
14560: 0.997322
14561: 0.997322
14562: 0.997322
14563: 0.997322
14564: 0.997322
14565: 0.997323
14566: 0.997323
14567: 0.997323
14568: 0.997323
14569: 0.997323
14570: 0.997323
14571: 0.997324
14572: 0.997324
14573: 0.997324
14574: 0.997324
14575: 0.997324
14576: 0.997325
14577: 0.997325
14578: 0.997325
14579: 0.997325
14580: 0.997325
14581: 0.997325
14582: 0.997326
14583: 0.997326
14584: 0.997326
14585: 0.997326
14586: 0.997326
14587: 0.997327
14588: 0.997327
14589: 0.997327
14590: 0.997327
14591: 0.997327
14592: 0.997327
14593: 0.997328
14594: 0.997328
14595: 0.997328
14596: 0.997328
14597: 0.997328
14598: 0.997329
14599: 0.997329
14600: 0.997329
14601: 0.997329
14602: 0.997329
14603: 0.997329
14604: 0.99733
14605: 0.99733
14606: 0.99733
14607: 0.99733
14608: 0.99733
14609: 0.997331
14610: 0.997331
14611: 0.997331
14612: 0.997331
14613: 0.997331
14614: 0.997332
14615: 0.997332
14616: 0.997332
14617: 0.997332
14618: 0.997332
14619: 0.997332
14620: 0.997333
14621: 0.997333
14622: 0.997333
14623: 0.997333
14624: 0.997333
14625: 0.997334
14626: 0.997334
14627: 0.997334
14628: 0.997334
14629: 0.997334
14630: 0.997334
14631: 0.997335
14632: 0.997335
14633: 0.997335
14634: 0.997335
14635: 0.997335
14636: 0.997336
14637: 0.997336
14638: 0.997336
14639: 0.997336
14640: 0.997336
14641: 0.997336
14642: 0.997337
14643: 0.997337
14644: 0.997337
14645: 0.997337
14646: 0.997337
14647: 0.997338
14648: 0.997338
14649: 0.997338
14650: 0.997338
14651: 0.997338
14652: 0.997338
14653: 0.997339
14654: 0.997339
14655: 0.997339
14656: 0.997339
14657: 0.997339
14658: 0.99734
14659: 0.99734
14660: 0.99734
14661: 0.99734
14662: 0.99734
14663: 0.99734
14664: 0.997341
14665: 0.997341
14666: 0.997341
14667: 0.997341
14668: 0.997341
14669: 0.997342
14670: 0.997342
14671: 0.997342
14672: 0.997342
14673: 0.997342
14674: 0.997342
14675: 0.997343
14676: 0.997343
14677: 0.997343
14678: 0.997343
14679: 0.997343
14680: 0.997344
14681: 0.997344
14682: 0.997344
14683: 0.997344
14684: 0.997344
14685: 0.997344
14686: 0.997345
14687: 0.997345
14688: 0.997345
14689: 0.997345
14690: 0.997345
14691: 0.997345
14692: 0.997346
14693: 0.997346
14694: 0.997346
14695: 0.997346
14696: 0.997346
14697: 0.997347
14698: 0.997347
14699: 0.997347
14700: 0.997347
14701: 0.997347
14702: 0.997347
14703: 0.997348
14704: 0.997348
14705: 0.997348
14706: 0.997348
14707: 0.997348
14708: 0.997349
14709: 0.997349
14710: 0.997349
14711: 0.997349
14712: 0.997349
14713: 0.997349
14714: 0.99735
14715: 0.99735
14716: 0.99735
14717: 0.99735
14718: 0.99735
14719: 0.997351
14720: 0.997351
14721: 0.997351
14722: 0.997351
14723: 0.997351
14724: 0.997351
14725: 0.997352
14726: 0.997352
14727: 0.997352
14728: 0.997352
14729: 0.997352
14730: 0.997353
14731: 0.997353
14732: 0.997353
14733: 0.997353
14734: 0.997353
14735: 0.997353
14736: 0.997354
14737: 0.997354
14738: 0.997354
14739: 0.997354
14740: 0.997354
14741: 0.997354
14742: 0.997355
14743: 0.997355
14744: 0.997355
14745: 0.997355
14746: 0.997355
14747: 0.997356
14748: 0.997356
14749: 0.997356
14750: 0.997356
14751: 0.997356
14752: 0.997356
14753: 0.997357
14754: 0.997357
14755: 0.997357
14756: 0.997357
14757: 0.997357
14758: 0.997358
14759: 0.997358
14760: 0.997358
14761: 0.997358
14762: 0.997358
14763: 0.997358
14764: 0.997359
14765: 0.997359
14766: 0.997359
14767: 0.997359
14768: 0.997359
14769: 0.99736
14770: 0.99736
14771: 0.99736
14772: 0.99736
14773: 0.99736
14774: 0.99736
14775: 0.997361
14776: 0.997361
14777: 0.997361
14778: 0.997361
14779: 0.997361
14780: 0.997361
14781: 0.997362
14782: 0.997362
14783: 0.997362
14784: 0.997362
14785: 0.997362
14786: 0.997363
14787: 0.997363
14788: 0.997363
14789: 0.997363
14790: 0.997363
14791: 0.997363
14792: 0.997364
14793: 0.997364
14794: 0.997364
14795: 0.997364
14796: 0.997364
14797: 0.997365
14798: 0.997365
14799: 0.997365
14800: 0.997365
14801: 0.997365
14802: 0.997365
14803: 0.997366
14804: 0.997366
14805: 0.997366
14806: 0.997366
14807: 0.997366
14808: 0.997366
14809: 0.997367
14810: 0.997367
14811: 0.997367
14812: 0.997367
14813: 0.997367
14814: 0.997368
14815: 0.997368
14816: 0.997368
14817: 0.997368
14818: 0.997368
14819: 0.997368
14820: 0.997369
14821: 0.997369
14822: 0.997369
14823: 0.997369
14824: 0.997369
14825: 0.997369
14826: 0.99737
14827: 0.99737
14828: 0.99737
14829: 0.99737
14830: 0.99737
14831: 0.997371
14832: 0.997371
14833: 0.997371
14834: 0.997371
14835: 0.997371
14836: 0.997371
14837: 0.997372
14838: 0.997372
14839: 0.997372
14840: 0.997372
14841: 0.997372
14842: 0.997372
14843: 0.997373
14844: 0.997373
14845: 0.997373
14846: 0.997373
14847: 0.997373
14848: 0.997374
14849: 0.997374
14850: 0.997374
14851: 0.997374
14852: 0.997374
14853: 0.997374
14854: 0.997375
14855: 0.997375
14856: 0.997375
14857: 0.997375
14858: 0.997375
14859: 0.997376
14860: 0.997376
14861: 0.997376
14862: 0.997376
14863: 0.997376
14864: 0.997376
14865: 0.997377
14866: 0.997377
14867: 0.997377
14868: 0.997377
14869: 0.997377
14870: 0.997377
14871: 0.997378
14872: 0.997378
14873: 0.997378
14874: 0.997378
14875: 0.997378
14876: 0.997379
14877: 0.997379
14878: 0.997379
14879: 0.997379
14880: 0.997379
14881: 0.997379
14882: 0.99738
14883: 0.99738
14884: 0.99738
14885: 0.99738
14886: 0.99738
14887: 0.99738
14888: 0.997381
14889: 0.997381
14890: 0.997381
14891: 0.997381
14892: 0.997381
14893: 0.997381
14894: 0.997382
14895: 0.997382
14896: 0.997382
14897: 0.997382
14898: 0.997382
14899: 0.997383
14900: 0.997383
14901: 0.997383
14902: 0.997383
14903: 0.997383
14904: 0.997383
14905: 0.997384
14906: 0.997384
14907: 0.997384
14908: 0.997384
14909: 0.997384
14910: 0.997384
14911: 0.997385
14912: 0.997385
14913: 0.997385
14914: 0.997385
14915: 0.997385
14916: 0.997386
14917: 0.997386
14918: 0.997386
14919: 0.997386
14920: 0.997386
14921: 0.997386
14922: 0.997387
14923: 0.997387
14924: 0.997387
14925: 0.997387
14926: 0.997387
14927: 0.997387
14928: 0.997388
14929: 0.997388
14930: 0.997388
14931: 0.997388
14932: 0.997388
14933: 0.997389
14934: 0.997389
14935: 0.997389
14936: 0.997389
14937: 0.997389
14938: 0.997389
14939: 0.99739
14940: 0.99739
14941: 0.99739
14942: 0.99739
14943: 0.99739
14944: 0.99739
14945: 0.997391
14946: 0.997391
14947: 0.997391
14948: 0.997391
14949: 0.997391
14950: 0.997391
14951: 0.997392
14952: 0.997392
14953: 0.997392
14954: 0.997392
14955: 0.997392
14956: 0.997393
14957: 0.997393
14958: 0.997393
14959: 0.997393
14960: 0.997393
14961: 0.997393
14962: 0.997394
14963: 0.997394
14964: 0.997394
14965: 0.997394
14966: 0.997394
14967: 0.997394
14968: 0.997395
14969: 0.997395
14970: 0.997395
14971: 0.997395
14972: 0.997395
14973: 0.997395
14974: 0.997396
14975: 0.997396
14976: 0.997396
14977: 0.997396
14978: 0.997396
14979: 0.997397
14980: 0.997397
14981: 0.997397
14982: 0.997397
14983: 0.997397
14984: 0.997397
14985: 0.997398
14986: 0.997398
14987: 0.997398
14988: 0.997398
14989: 0.997398
14990: 0.997398
14991: 0.997399
14992: 0.997399
14993: 0.997399
14994: 0.997399
14995: 0.997399
14996: 0.997399
14997: 0.9974
14998: 0.9974
14999: 0.9974
15000: 0.9974
15001: 0.9974
15002: 0.997401
15003: 0.997401
15004: 0.997401
15005: 0.997401
15006: 0.997401
15007: 0.997401
15008: 0.997402
15009: 0.997402
15010: 0.997402
15011: 0.997402
15012: 0.997402
15013: 0.997402
15014: 0.997403
15015: 0.997403
15016: 0.997403
15017: 0.997403
15018: 0.997403
15019: 0.997403
15020: 0.997404
15021: 0.997404
15022: 0.997404
15023: 0.997404
15024: 0.997404
15025: 0.997404
15026: 0.997405
15027: 0.997405
15028: 0.997405
15029: 0.997405
15030: 0.997405
15031: 0.997406
15032: 0.997406
15033: 0.997406
15034: 0.997406
15035: 0.997406
15036: 0.997406
15037: 0.997407
15038: 0.997407
15039: 0.997407
15040: 0.997407
15041: 0.997407
15042: 0.997407
15043: 0.997408
15044: 0.997408
15045: 0.997408
15046: 0.997408
15047: 0.997408
15048: 0.997408
15049: 0.997409
15050: 0.997409
15051: 0.997409
15052: 0.997409
15053: 0.997409
15054: 0.997409
15055: 0.99741
15056: 0.99741
15057: 0.99741
15058: 0.99741
15059: 0.99741
15060: 0.997411
15061: 0.997411
15062: 0.997411
15063: 0.997411
15064: 0.997411
15065: 0.997411
15066: 0.997412
15067: 0.997412
15068: 0.997412
15069: 0.997412
15070: 0.997412
15071: 0.997412
15072: 0.997413
15073: 0.997413
15074: 0.997413
15075: 0.997413
15076: 0.997413
15077: 0.997413
15078: 0.997414
15079: 0.997414
15080: 0.997414
15081: 0.997414
15082: 0.997414
15083: 0.997414
15084: 0.997415
15085: 0.997415
15086: 0.997415
15087: 0.997415
15088: 0.997415
15089: 0.997416
15090: 0.997416
15091: 0.997416
15092: 0.997416
15093: 0.997416
15094: 0.997416
15095: 0.997417
15096: 0.997417
15097: 0.997417
15098: 0.997417
15099: 0.997417
15100: 0.997417
15101: 0.997418
15102: 0.997418
15103: 0.997418
15104: 0.997418
15105: 0.997418
15106: 0.997418
15107: 0.997419
15108: 0.997419
15109: 0.997419
15110: 0.997419
15111: 0.997419
15112: 0.997419
15113: 0.99742
15114: 0.99742
15115: 0.99742
15116: 0.99742
15117: 0.99742
15118: 0.99742
15119: 0.997421
15120: 0.997421
15121: 0.997421
15122: 0.997421
15123: 0.997421
15124: 0.997421
15125: 0.997422
15126: 0.997422
15127: 0.997422
15128: 0.997422
15129: 0.997422
15130: 0.997423
15131: 0.997423
15132: 0.997423
15133: 0.997423
15134: 0.997423
15135: 0.997423
15136: 0.997424
15137: 0.997424
15138: 0.997424
15139: 0.997424
15140: 0.997424
15141: 0.997424
15142: 0.997425
15143: 0.997425
15144: 0.997425
15145: 0.997425
15146: 0.997425
15147: 0.997425
15148: 0.997426
15149: 0.997426
15150: 0.997426
15151: 0.997426
15152: 0.997426
15153: 0.997426
15154: 0.997427
15155: 0.997427
15156: 0.997427
15157: 0.997427
15158: 0.997427
15159: 0.997427
15160: 0.997428
15161: 0.997428
15162: 0.997428
15163: 0.997428
15164: 0.997428
15165: 0.997428
15166: 0.997429
15167: 0.997429
15168: 0.997429
15169: 0.997429
15170: 0.997429
15171: 0.997429
15172: 0.99743
15173: 0.99743
15174: 0.99743
15175: 0.99743
15176: 0.99743
15177: 0.99743
15178: 0.997431
15179: 0.997431
15180: 0.997431
15181: 0.997431
15182: 0.997431
15183: 0.997432
15184: 0.997432
15185: 0.997432
15186: 0.997432
15187: 0.997432
15188: 0.997432
15189: 0.997433
15190: 0.997433
15191: 0.997433
15192: 0.997433
15193: 0.997433
15194: 0.997433
15195: 0.997434
15196: 0.997434
15197: 0.997434
15198: 0.997434
15199: 0.997434
15200: 0.997434
15201: 0.997435
15202: 0.997435
15203: 0.997435
15204: 0.997435
15205: 0.997435
15206: 0.997435
15207: 0.997436
15208: 0.997436
15209: 0.997436
15210: 0.997436
15211: 0.997436
15212: 0.997436
15213: 0.997437
15214: 0.997437
15215: 0.997437
15216: 0.997437
15217: 0.997437
15218: 0.997437
15219: 0.997438
15220: 0.997438
15221: 0.997438
15222: 0.997438
15223: 0.997438
15224: 0.997438
15225: 0.997439
15226: 0.997439
15227: 0.997439
15228: 0.997439
15229: 0.997439
15230: 0.997439
15231: 0.99744
15232: 0.99744
15233: 0.99744
15234: 0.99744
15235: 0.99744
15236: 0.99744
15237: 0.997441
15238: 0.997441
15239: 0.997441
15240: 0.997441
15241: 0.997441
15242: 0.997441
15243: 0.997442
15244: 0.997442
15245: 0.997442
15246: 0.997442
15247: 0.997442
15248: 0.997442
15249: 0.997443
15250: 0.997443
15251: 0.997443
15252: 0.997443
15253: 0.997443
15254: 0.997443
15255: 0.997444
15256: 0.997444
15257: 0.997444
15258: 0.997444
15259: 0.997444
15260: 0.997444
15261: 0.997445
15262: 0.997445
15263: 0.997445
15264: 0.997445
15265: 0.997445
15266: 0.997445
15267: 0.997446
15268: 0.997446
15269: 0.997446
15270: 0.997446
15271: 0.997446
15272: 0.997446
15273: 0.997447
15274: 0.997447
15275: 0.997447
15276: 0.997447
15277: 0.997447
15278: 0.997447
15279: 0.997448
15280: 0.997448
15281: 0.997448
15282: 0.997448
15283: 0.997448
15284: 0.997448
15285: 0.997449
15286: 0.997449
15287: 0.997449
15288: 0.997449
15289: 0.997449
15290: 0.997449
15291: 0.99745
15292: 0.99745
15293: 0.99745
15294: 0.99745
15295: 0.99745
15296: 0.99745
15297: 0.997451
15298: 0.997451
15299: 0.997451
15300: 0.997451
15301: 0.997451
15302: 0.997451
15303: 0.997452
15304: 0.997452
15305: 0.997452
15306: 0.997452
15307: 0.997452
15308: 0.997452
15309: 0.997453
15310: 0.997453
15311: 0.997453
15312: 0.997453
15313: 0.997453
15314: 0.997453
15315: 0.997454
15316: 0.997454
15317: 0.997454
15318: 0.997454
15319: 0.997454
15320: 0.997454
15321: 0.997455
15322: 0.997455
15323: 0.997455
15324: 0.997455
15325: 0.997455
15326: 0.997455
15327: 0.997456
15328: 0.997456
15329: 0.997456
15330: 0.997456
15331: 0.997456
15332: 0.997456
15333: 0.997457
15334: 0.997457
15335: 0.997457
15336: 0.997457
15337: 0.997457
15338: 0.997457
15339: 0.997458
15340: 0.997458
15341: 0.997458
15342: 0.997458
15343: 0.997458
15344: 0.997458
15345: 0.997459
15346: 0.997459
15347: 0.997459
15348: 0.997459
15349: 0.997459
15350: 0.997459
15351: 0.99746
15352: 0.99746
15353: 0.99746
15354: 0.99746
15355: 0.99746
15356: 0.99746
15357: 0.997461
15358: 0.997461
15359: 0.997461
15360: 0.997461
15361: 0.997461
15362: 0.997461
15363: 0.997462
15364: 0.997462
15365: 0.997462
15366: 0.997462
15367: 0.997462
15368: 0.997462
15369: 0.997463
15370: 0.997463
15371: 0.997463
15372: 0.997463
15373: 0.997463
15374: 0.997463
15375: 0.997464
15376: 0.997464
15377: 0.997464
15378: 0.997464
15379: 0.997464
15380: 0.997464
15381: 0.997465
15382: 0.997465
15383: 0.997465
15384: 0.997465
15385: 0.997465
15386: 0.997465
15387: 0.997466
15388: 0.997466
15389: 0.997466
15390: 0.997466
15391: 0.997466
15392: 0.997466
15393: 0.997467
15394: 0.997467
15395: 0.997467
15396: 0.997467
15397: 0.997467
15398: 0.997467
15399: 0.997468
15400: 0.997468
15401: 0.997468
15402: 0.997468
15403: 0.997468
15404: 0.997468
15405: 0.997469
15406: 0.997469
15407: 0.997469
15408: 0.997469
15409: 0.997469
15410: 0.997469
15411: 0.99747
15412: 0.99747
15413: 0.99747
15414: 0.99747
15415: 0.99747
15416: 0.99747
15417: 0.99747
15418: 0.997471
15419: 0.997471
15420: 0.997471
15421: 0.997471
15422: 0.997471
15423: 0.997471
15424: 0.997472
15425: 0.997472
15426: 0.997472
15427: 0.997472
15428: 0.997472
15429: 0.997472
15430: 0.997473
15431: 0.997473
15432: 0.997473
15433: 0.997473
15434: 0.997473
15435: 0.997473
15436: 0.997474
15437: 0.997474
15438: 0.997474
15439: 0.997474
15440: 0.997474
15441: 0.997474
15442: 0.997475
15443: 0.997475
15444: 0.997475
15445: 0.997475
15446: 0.997475
15447: 0.997475
15448: 0.997476
15449: 0.997476
15450: 0.997476
15451: 0.997476
15452: 0.997476
15453: 0.997476
15454: 0.997477
15455: 0.997477
15456: 0.997477
15457: 0.997477
15458: 0.997477
15459: 0.997477
15460: 0.997478
15461: 0.997478
15462: 0.997478
15463: 0.997478
15464: 0.997478
15465: 0.997478
15466: 0.997479
15467: 0.997479
15468: 0.997479
15469: 0.997479
15470: 0.997479
15471: 0.997479
15472: 0.997479
15473: 0.99748
15474: 0.99748
15475: 0.99748
15476: 0.99748
15477: 0.99748
15478: 0.99748
15479: 0.997481
15480: 0.997481
15481: 0.997481
15482: 0.997481
15483: 0.997481
15484: 0.997481
15485: 0.997482
15486: 0.997482
15487: 0.997482
15488: 0.997482
15489: 0.997482
15490: 0.997482
15491: 0.997483
15492: 0.997483
15493: 0.997483
15494: 0.997483
15495: 0.997483
15496: 0.997483
15497: 0.997484
15498: 0.997484
15499: 0.997484
15500: 0.997484
15501: 0.997484
15502: 0.997484
15503: 0.997485
15504: 0.997485
15505: 0.997485
15506: 0.997485
15507: 0.997485
15508: 0.997485
15509: 0.997485
15510: 0.997486
15511: 0.997486
15512: 0.997486
15513: 0.997486
15514: 0.997486
15515: 0.997486
15516: 0.997487
15517: 0.997487
15518: 0.997487
15519: 0.997487
15520: 0.997487
15521: 0.997487
15522: 0.997488
15523: 0.997488
15524: 0.997488
15525: 0.997488
15526: 0.997488
15527: 0.997488
15528: 0.997489
15529: 0.997489
15530: 0.997489
15531: 0.997489
15532: 0.997489
15533: 0.997489
15534: 0.99749
15535: 0.99749
15536: 0.99749
15537: 0.99749
15538: 0.99749
15539: 0.99749
15540: 0.997491
15541: 0.997491
15542: 0.997491
15543: 0.997491
15544: 0.997491
15545: 0.997491
15546: 0.997491
15547: 0.997492
15548: 0.997492
15549: 0.997492
15550: 0.997492
15551: 0.997492
15552: 0.997492
15553: 0.997493
15554: 0.997493
15555: 0.997493
15556: 0.997493
15557: 0.997493
15558: 0.997493
15559: 0.997494
15560: 0.997494
15561: 0.997494
15562: 0.997494
15563: 0.997494
15564: 0.997494
15565: 0.997495
15566: 0.997495
15567: 0.997495
15568: 0.997495
15569: 0.997495
15570: 0.997495
15571: 0.997496
15572: 0.997496
15573: 0.997496
15574: 0.997496
15575: 0.997496
15576: 0.997496
15577: 0.997496
15578: 0.997497
15579: 0.997497
15580: 0.997497
15581: 0.997497
15582: 0.997497
15583: 0.997497
15584: 0.997498
15585: 0.997498
15586: 0.997498
15587: 0.997498
15588: 0.997498
15589: 0.997498
15590: 0.997499
15591: 0.997499
15592: 0.997499
15593: 0.997499
15594: 0.997499
15595: 0.997499
15596: 0.9975
15597: 0.9975
15598: 0.9975
15599: 0.9975
15600: 0.9975
15601: 0.9975
15602: 0.9975
15603: 0.997501
15604: 0.997501
15605: 0.997501
15606: 0.997501
15607: 0.997501
15608: 0.997501
15609: 0.997502
15610: 0.997502
15611: 0.997502
15612: 0.997502
15613: 0.997502
15614: 0.997502
15615: 0.997503
15616: 0.997503
15617: 0.997503
15618: 0.997503
15619: 0.997503
15620: 0.997503
15621: 0.997504
15622: 0.997504
15623: 0.997504
15624: 0.997504
15625: 0.997504
15626: 0.997504
15627: 0.997504
15628: 0.997505
15629: 0.997505
15630: 0.997505
15631: 0.997505
15632: 0.997505
15633: 0.997505
15634: 0.997506
15635: 0.997506
15636: 0.997506
15637: 0.997506
15638: 0.997506
15639: 0.997506
15640: 0.997507
15641: 0.997507
15642: 0.997507
15643: 0.997507
15644: 0.997507
15645: 0.997507
15646: 0.997508
15647: 0.997508
15648: 0.997508
15649: 0.997508
15650: 0.997508
15651: 0.997508
15652: 0.997508
15653: 0.997509
15654: 0.997509
15655: 0.997509
15656: 0.997509
15657: 0.997509
15658: 0.997509
15659: 0.99751
15660: 0.99751
15661: 0.99751
15662: 0.99751
15663: 0.99751
15664: 0.99751
15665: 0.997511
15666: 0.997511
15667: 0.997511
15668: 0.997511
15669: 0.997511
15670: 0.997511
15671: 0.997511
15672: 0.997512
15673: 0.997512
15674: 0.997512
15675: 0.997512
15676: 0.997512
15677: 0.997512
15678: 0.997513
15679: 0.997513
15680: 0.997513
15681: 0.997513
15682: 0.997513
15683: 0.997513
15684: 0.997514
15685: 0.997514
15686: 0.997514
15687: 0.997514
15688: 0.997514
15689: 0.997514
15690: 0.997514
15691: 0.997515
15692: 0.997515
15693: 0.997515
15694: 0.997515
15695: 0.997515
15696: 0.997515
15697: 0.997516
15698: 0.997516
15699: 0.997516
15700: 0.997516
15701: 0.997516
15702: 0.997516
15703: 0.997517
15704: 0.997517
15705: 0.997517
15706: 0.997517
15707: 0.997517
15708: 0.997517
15709: 0.997518
15710: 0.997518
15711: 0.997518
15712: 0.997518
15713: 0.997518
15714: 0.997518
15715: 0.997518
15716: 0.997519
15717: 0.997519
15718: 0.997519
15719: 0.997519
15720: 0.997519
15721: 0.997519
15722: 0.99752
15723: 0.99752
15724: 0.99752
15725: 0.99752
15726: 0.99752
15727: 0.99752
15728: 0.997521
15729: 0.997521
15730: 0.997521
15731: 0.997521
15732: 0.997521
15733: 0.997521
15734: 0.997521
15735: 0.997522
15736: 0.997522
15737: 0.997522
15738: 0.997522
15739: 0.997522
15740: 0.997522
15741: 0.997523
15742: 0.997523
15743: 0.997523
15744: 0.997523
15745: 0.997523
15746: 0.997523
15747: 0.997523
15748: 0.997524
15749: 0.997524
15750: 0.997524
15751: 0.997524
15752: 0.997524
15753: 0.997524
15754: 0.997525
15755: 0.997525
15756: 0.997525
15757: 0.997525
15758: 0.997525
15759: 0.997525
15760: 0.997526
15761: 0.997526
15762: 0.997526
15763: 0.997526
15764: 0.997526
15765: 0.997526
15766: 0.997526
15767: 0.997527
15768: 0.997527
15769: 0.997527
15770: 0.997527
15771: 0.997527
15772: 0.997527
15773: 0.997528
15774: 0.997528
15775: 0.997528
15776: 0.997528
15777: 0.997528
15778: 0.997528
15779: 0.997529
15780: 0.997529
15781: 0.997529
15782: 0.997529
15783: 0.997529
15784: 0.997529
15785: 0.997529
15786: 0.99753
15787: 0.99753
15788: 0.99753
15789: 0.99753
15790: 0.99753
15791: 0.99753
15792: 0.997531
15793: 0.997531
15794: 0.997531
15795: 0.997531
15796: 0.997531
15797: 0.997531
15798: 0.997531
15799: 0.997532
15800: 0.997532
15801: 0.997532
15802: 0.997532
15803: 0.997532
15804: 0.997532
15805: 0.997533
15806: 0.997533
15807: 0.997533
15808: 0.997533
15809: 0.997533
15810: 0.997533
15811: 0.997534
15812: 0.997534
15813: 0.997534
15814: 0.997534
15815: 0.997534
15816: 0.997534
15817: 0.997534
15818: 0.997535
15819: 0.997535
15820: 0.997535
15821: 0.997535
15822: 0.997535
15823: 0.997535
15824: 0.997536
15825: 0.997536
15826: 0.997536
15827: 0.997536
15828: 0.997536
15829: 0.997536
15830: 0.997536
15831: 0.997537
15832: 0.997537
15833: 0.997537
15834: 0.997537
15835: 0.997537
15836: 0.997537
15837: 0.997538
15838: 0.997538
15839: 0.997538
15840: 0.997538
15841: 0.997538
15842: 0.997538
15843: 0.997539
15844: 0.997539
15845: 0.997539
15846: 0.997539
15847: 0.997539
15848: 0.997539
15849: 0.997539
15850: 0.99754
15851: 0.99754
15852: 0.99754
15853: 0.99754
15854: 0.99754
15855: 0.99754
15856: 0.997541
15857: 0.997541
15858: 0.997541
15859: 0.997541
15860: 0.997541
15861: 0.997541
15862: 0.997541
15863: 0.997542
15864: 0.997542
15865: 0.997542
15866: 0.997542
15867: 0.997542
15868: 0.997542
15869: 0.997543
15870: 0.997543
15871: 0.997543
15872: 0.997543
15873: 0.997543
15874: 0.997543
15875: 0.997543
15876: 0.997544
15877: 0.997544
15878: 0.997544
15879: 0.997544
15880: 0.997544
15881: 0.997544
15882: 0.997545
15883: 0.997545
15884: 0.997545
15885: 0.997545
15886: 0.997545
15887: 0.997545
15888: 0.997545
15889: 0.997546
15890: 0.997546
15891: 0.997546
15892: 0.997546
15893: 0.997546
15894: 0.997546
15895: 0.997547
15896: 0.997547
15897: 0.997547
15898: 0.997547
15899: 0.997547
15900: 0.997547
15901: 0.997547
15902: 0.997548
15903: 0.997548
15904: 0.997548
15905: 0.997548
15906: 0.997548
15907: 0.997548
15908: 0.997549
15909: 0.997549
15910: 0.997549
15911: 0.997549
15912: 0.997549
15913: 0.997549
15914: 0.997549
15915: 0.99755
15916: 0.99755
15917: 0.99755
15918: 0.99755
15919: 0.99755
15920: 0.99755
15921: 0.997551
15922: 0.997551
15923: 0.997551
15924: 0.997551
15925: 0.997551
15926: 0.997551
15927: 0.997551
15928: 0.997552
15929: 0.997552
15930: 0.997552
15931: 0.997552
15932: 0.997552
15933: 0.997552
15934: 0.997553
15935: 0.997553
15936: 0.997553
15937: 0.997553
15938: 0.997553
15939: 0.997553
15940: 0.997553
15941: 0.997554
15942: 0.997554
15943: 0.997554
15944: 0.997554
15945: 0.997554
15946: 0.997554
15947: 0.997555
15948: 0.997555
15949: 0.997555
15950: 0.997555
15951: 0.997555
15952: 0.997555
15953: 0.997555
15954: 0.997556
15955: 0.997556
15956: 0.997556
15957: 0.997556
15958: 0.997556
15959: 0.997556
15960: 0.997557
15961: 0.997557
15962: 0.997557
15963: 0.997557
15964: 0.997557
15965: 0.997557
15966: 0.997557
15967: 0.997558
15968: 0.997558
15969: 0.997558
15970: 0.997558
15971: 0.997558
15972: 0.997558
15973: 0.997559
15974: 0.997559
15975: 0.997559
15976: 0.997559
15977: 0.997559
15978: 0.997559
15979: 0.997559
15980: 0.99756
15981: 0.99756
15982: 0.99756
15983: 0.99756
15984: 0.99756
15985: 0.99756
15986: 0.997561
15987: 0.997561
15988: 0.997561
15989: 0.997561
15990: 0.997561
15991: 0.997561
15992: 0.997561
15993: 0.997562
15994: 0.997562
15995: 0.997562
15996: 0.997562
15997: 0.997562
15998: 0.997562
15999: 0.997563
16000: 0.997563
16001: 0.997563
16002: 0.997563
16003: 0.997563
16004: 0.997563
16005: 0.997563
16006: 0.997564
16007: 0.997564
16008: 0.997564
16009: 0.997564
16010: 0.997564
16011: 0.997564
16012: 0.997564
16013: 0.997565
16014: 0.997565
16015: 0.997565
16016: 0.997565
16017: 0.997565
16018: 0.997565
16019: 0.997566
16020: 0.997566
16021: 0.997566
16022: 0.997566
16023: 0.997566
16024: 0.997566
16025: 0.997566
16026: 0.997567
16027: 0.997567
16028: 0.997567
16029: 0.997567
16030: 0.997567
16031: 0.997567
16032: 0.997568
16033: 0.997568
16034: 0.997568
16035: 0.997568
16036: 0.997568
16037: 0.997568
16038: 0.997568
16039: 0.997569
16040: 0.997569
16041: 0.997569
16042: 0.997569
16043: 0.997569
16044: 0.997569
16045: 0.997569
16046: 0.99757
16047: 0.99757
16048: 0.99757
16049: 0.99757
16050: 0.99757
16051: 0.99757
16052: 0.997571
16053: 0.997571
16054: 0.997571
16055: 0.997571
16056: 0.997571
16057: 0.997571
16058: 0.997571
16059: 0.997572
16060: 0.997572
16061: 0.997572
16062: 0.997572
16063: 0.997572
16064: 0.997572
16065: 0.997573
16066: 0.997573
16067: 0.997573
16068: 0.997573
16069: 0.997573
16070: 0.997573
16071: 0.997573
16072: 0.997574
16073: 0.997574
16074: 0.997574
16075: 0.997574
16076: 0.997574
16077: 0.997574
16078: 0.997574
16079: 0.997575
16080: 0.997575
16081: 0.997575
16082: 0.997575
16083: 0.997575
16084: 0.997575
16085: 0.997576
16086: 0.997576
16087: 0.997576
16088: 0.997576
16089: 0.997576
16090: 0.997576
16091: 0.997576
16092: 0.997577
16093: 0.997577
16094: 0.997577
16095: 0.997577
16096: 0.997577
16097: 0.997577
16098: 0.997577
16099: 0.997578
16100: 0.997578
16101: 0.997578
16102: 0.997578
16103: 0.997578
16104: 0.997578
16105: 0.997579
16106: 0.997579
16107: 0.997579
16108: 0.997579
16109: 0.997579
16110: 0.997579
16111: 0.997579
16112: 0.99758
16113: 0.99758
16114: 0.99758
16115: 0.99758
16116: 0.99758
16117: 0.99758
16118: 0.99758
16119: 0.997581
16120: 0.997581
16121: 0.997581
16122: 0.997581
16123: 0.997581
16124: 0.997581
16125: 0.997582
16126: 0.997582
16127: 0.997582
16128: 0.997582
16129: 0.997582
16130: 0.997582
16131: 0.997582
16132: 0.997583
16133: 0.997583
16134: 0.997583
16135: 0.997583
16136: 0.997583
16137: 0.997583
16138: 0.997583
16139: 0.997584
16140: 0.997584
16141: 0.997584
16142: 0.997584
16143: 0.997584
16144: 0.997584
16145: 0.997585
16146: 0.997585
16147: 0.997585
16148: 0.997585
16149: 0.997585
16150: 0.997585
16151: 0.997585
16152: 0.997586
16153: 0.997586
16154: 0.997586
16155: 0.997586
16156: 0.997586
16157: 0.997586
16158: 0.997586
16159: 0.997587
16160: 0.997587
16161: 0.997587
16162: 0.997587
16163: 0.997587
16164: 0.997587
16165: 0.997588
16166: 0.997588
16167: 0.997588
16168: 0.997588
16169: 0.997588
16170: 0.997588
16171: 0.997588
16172: 0.997589
16173: 0.997589
16174: 0.997589
16175: 0.997589
16176: 0.997589
16177: 0.997589
16178: 0.997589
16179: 0.99759
16180: 0.99759
16181: 0.99759
16182: 0.99759
16183: 0.99759
16184: 0.99759
16185: 0.997591
16186: 0.997591
16187: 0.997591
16188: 0.997591
16189: 0.997591
16190: 0.997591
16191: 0.997591
16192: 0.997592
16193: 0.997592
16194: 0.997592
16195: 0.997592
16196: 0.997592
16197: 0.997592
16198: 0.997592
16199: 0.997593
16200: 0.997593
16201: 0.997593
16202: 0.997593
16203: 0.997593
16204: 0.997593
16205: 0.997593
16206: 0.997594
16207: 0.997594
16208: 0.997594
16209: 0.997594
16210: 0.997594
16211: 0.997594
16212: 0.997595
16213: 0.997595
16214: 0.997595
16215: 0.997595
16216: 0.997595
16217: 0.997595
16218: 0.997595
16219: 0.997596
16220: 0.997596
16221: 0.997596
16222: 0.997596
16223: 0.997596
16224: 0.997596
16225: 0.997596
16226: 0.997597
16227: 0.997597
16228: 0.997597
16229: 0.997597
16230: 0.997597
16231: 0.997597
16232: 0.997597
16233: 0.997598
16234: 0.997598
16235: 0.997598
16236: 0.997598
16237: 0.997598
16238: 0.997598
16239: 0.997599
16240: 0.997599
16241: 0.997599
16242: 0.997599
16243: 0.997599
16244: 0.997599
16245: 0.997599
16246: 0.9976
16247: 0.9976
16248: 0.9976
16249: 0.9976
16250: 0.9976
16251: 0.9976
16252: 0.9976
16253: 0.997601
16254: 0.997601
16255: 0.997601
16256: 0.997601
16257: 0.997601
16258: 0.997601
16259: 0.997601
16260: 0.997602
16261: 0.997602
16262: 0.997602
16263: 0.997602
16264: 0.997602
16265: 0.997602
16266: 0.997603
16267: 0.997603
16268: 0.997603
16269: 0.997603
16270: 0.997603
16271: 0.997603
16272: 0.997603
16273: 0.997604
16274: 0.997604
16275: 0.997604
16276: 0.997604
16277: 0.997604
16278: 0.997604
16279: 0.997604
16280: 0.997605
16281: 0.997605
16282: 0.997605
16283: 0.997605
16284: 0.997605
16285: 0.997605
16286: 0.997605
16287: 0.997606
16288: 0.997606
16289: 0.997606
16290: 0.997606
16291: 0.997606
16292: 0.997606
16293: 0.997606
16294: 0.997607
16295: 0.997607
16296: 0.997607
16297: 0.997607
16298: 0.997607
16299: 0.997607
16300: 0.997608
16301: 0.997608
16302: 0.997608
16303: 0.997608
16304: 0.997608
16305: 0.997608
16306: 0.997608
16307: 0.997609
16308: 0.997609
16309: 0.997609
16310: 0.997609
16311: 0.997609
16312: 0.997609
16313: 0.997609
16314: 0.99761
16315: 0.99761
16316: 0.99761
16317: 0.99761
16318: 0.99761
16319: 0.99761
16320: 0.99761
16321: 0.997611
16322: 0.997611
16323: 0.997611
16324: 0.997611
16325: 0.997611
16326: 0.997611
16327: 0.997611
16328: 0.997612
16329: 0.997612
16330: 0.997612
16331: 0.997612
16332: 0.997612
16333: 0.997612
16334: 0.997612
16335: 0.997613
16336: 0.997613
16337: 0.997613
16338: 0.997613
16339: 0.997613
16340: 0.997613
16341: 0.997614
16342: 0.997614
16343: 0.997614
16344: 0.997614
16345: 0.997614
16346: 0.997614
16347: 0.997614
16348: 0.997615
16349: 0.997615
16350: 0.997615
16351: 0.997615
16352: 0.997615
16353: 0.997615
16354: 0.997615
16355: 0.997616
16356: 0.997616
16357: 0.997616
16358: 0.997616
16359: 0.997616
16360: 0.997616
16361: 0.997616
16362: 0.997617
16363: 0.997617
16364: 0.997617
16365: 0.997617
16366: 0.997617
16367: 0.997617
16368: 0.997617
16369: 0.997618
16370: 0.997618
16371: 0.997618
16372: 0.997618
16373: 0.997618
16374: 0.997618
16375: 0.997618
16376: 0.997619
16377: 0.997619
16378: 0.997619
16379: 0.997619
16380: 0.997619
16381: 0.997619
16382: 0.997619
16383: 0.99762
16384: 0.99762
16385: 0.99762
16386: 0.99762
16387: 0.99762
16388: 0.99762
16389: 0.997621
16390: 0.997621
16391: 0.997621
16392: 0.997621
16393: 0.997621
16394: 0.997621
16395: 0.997621
16396: 0.997622
16397: 0.997622
16398: 0.997622
16399: 0.997622
16400: 0.997622
16401: 0.997622
16402: 0.997622
16403: 0.997623
16404: 0.997623
16405: 0.997623
16406: 0.997623
16407: 0.997623
16408: 0.997623
16409: 0.997623
16410: 0.997624
16411: 0.997624
16412: 0.997624
16413: 0.997624
16414: 0.997624
16415: 0.997624
16416: 0.997624
16417: 0.997625
16418: 0.997625
16419: 0.997625
16420: 0.997625
16421: 0.997625
16422: 0.997625
16423: 0.997625
16424: 0.997626
16425: 0.997626
16426: 0.997626
16427: 0.997626
16428: 0.997626
16429: 0.997626
16430: 0.997626
16431: 0.997627
16432: 0.997627
16433: 0.997627
16434: 0.997627
16435: 0.997627
16436: 0.997627
16437: 0.997627
16438: 0.997628
16439: 0.997628
16440: 0.997628
16441: 0.997628
16442: 0.997628
16443: 0.997628
16444: 0.997628
16445: 0.997629
16446: 0.997629
16447: 0.997629
16448: 0.997629
16449: 0.997629
16450: 0.997629
16451: 0.997629
16452: 0.99763
16453: 0.99763
16454: 0.99763
16455: 0.99763
16456: 0.99763
16457: 0.99763
16458: 0.99763
16459: 0.997631
16460: 0.997631
16461: 0.997631
16462: 0.997631
16463: 0.997631
16464: 0.997631
16465: 0.997631
16466: 0.997632
16467: 0.997632
16468: 0.997632
16469: 0.997632
16470: 0.997632
16471: 0.997632
16472: 0.997632
16473: 0.997633
16474: 0.997633
16475: 0.997633
16476: 0.997633
16477: 0.997633
16478: 0.997633
16479: 0.997633
16480: 0.997634
16481: 0.997634
16482: 0.997634
16483: 0.997634
16484: 0.997634
16485: 0.997634
16486: 0.997634
16487: 0.997635
16488: 0.997635
16489: 0.997635
16490: 0.997635
16491: 0.997635
16492: 0.997635
16493: 0.997636
16494: 0.997636
16495: 0.997636
16496: 0.997636
16497: 0.997636
16498: 0.997636
16499: 0.997636
16500: 0.997637
16501: 0.997637
16502: 0.997637
16503: 0.997637
16504: 0.997637
16505: 0.997637
16506: 0.997637
16507: 0.997638
16508: 0.997638
16509: 0.997638
16510: 0.997638
16511: 0.997638
16512: 0.997638
16513: 0.997638
16514: 0.997639
16515: 0.997639
16516: 0.997639
16517: 0.997639
16518: 0.997639
16519: 0.997639
16520: 0.997639
16521: 0.99764
16522: 0.99764
16523: 0.99764
16524: 0.99764
16525: 0.99764
16526: 0.99764
16527: 0.99764
16528: 0.997641
16529: 0.997641
16530: 0.997641
16531: 0.997641
16532: 0.997641
16533: 0.997641
16534: 0.997641
16535: 0.997642
16536: 0.997642
16537: 0.997642
16538: 0.997642
16539: 0.997642
16540: 0.997642
16541: 0.997642
16542: 0.997643
16543: 0.997643
16544: 0.997643
16545: 0.997643
16546: 0.997643
16547: 0.997643
16548: 0.997643
16549: 0.997644
16550: 0.997644
16551: 0.997644
16552: 0.997644
16553: 0.997644
16554: 0.997644
16555: 0.997644
16556: 0.997645
16557: 0.997645
16558: 0.997645
16559: 0.997645
16560: 0.997645
16561: 0.997645
16562: 0.997645
16563: 0.997645
16564: 0.997646
16565: 0.997646
16566: 0.997646
16567: 0.997646
16568: 0.997646
16569: 0.997646
16570: 0.997646
16571: 0.997647
16572: 0.997647
16573: 0.997647
16574: 0.997647
16575: 0.997647
16576: 0.997647
16577: 0.997647
16578: 0.997648
16579: 0.997648
16580: 0.997648
16581: 0.997648
16582: 0.997648
16583: 0.997648
16584: 0.997648
16585: 0.997649
16586: 0.997649
16587: 0.997649
16588: 0.997649
16589: 0.997649
16590: 0.997649
16591: 0.997649
16592: 0.99765
16593: 0.99765
16594: 0.99765
16595: 0.99765
16596: 0.99765
16597: 0.99765
16598: 0.99765
16599: 0.997651
16600: 0.997651
16601: 0.997651
16602: 0.997651
16603: 0.997651
16604: 0.997651
16605: 0.997651
16606: 0.997652
16607: 0.997652
16608: 0.997652
16609: 0.997652
16610: 0.997652
16611: 0.997652
16612: 0.997652
16613: 0.997653
16614: 0.997653
16615: 0.997653
16616: 0.997653
16617: 0.997653
16618: 0.997653
16619: 0.997653
16620: 0.997654
16621: 0.997654
16622: 0.997654
16623: 0.997654
16624: 0.997654
16625: 0.997654
16626: 0.997654
16627: 0.997655
16628: 0.997655
16629: 0.997655
16630: 0.997655
16631: 0.997655
16632: 0.997655
16633: 0.997655
16634: 0.997656
16635: 0.997656
16636: 0.997656
16637: 0.997656
16638: 0.997656
16639: 0.997656
16640: 0.997656
16641: 0.997657
16642: 0.997657
16643: 0.997657
16644: 0.997657
16645: 0.997657
16646: 0.997657
16647: 0.997657
16648: 0.997658
16649: 0.997658
16650: 0.997658
16651: 0.997658
16652: 0.997658
16653: 0.997658
16654: 0.997658
16655: 0.997659
16656: 0.997659
16657: 0.997659
16658: 0.997659
16659: 0.997659
16660: 0.997659
16661: 0.997659
16662: 0.997659
16663: 0.99766
16664: 0.99766
16665: 0.99766
16666: 0.99766
16667: 0.99766
16668: 0.99766
16669: 0.99766
16670: 0.997661
16671: 0.997661
16672: 0.997661
16673: 0.997661
16674: 0.997661
16675: 0.997661
16676: 0.997661
16677: 0.997662
16678: 0.997662
16679: 0.997662
16680: 0.997662
16681: 0.997662
16682: 0.997662
16683: 0.997662
16684: 0.997663
16685: 0.997663
16686: 0.997663
16687: 0.997663
16688: 0.997663
16689: 0.997663
16690: 0.997663
16691: 0.997664
16692: 0.997664
16693: 0.997664
16694: 0.997664
16695: 0.997664
16696: 0.997664
16697: 0.997664
16698: 0.997665
16699: 0.997665
16700: 0.997665
16701: 0.997665
16702: 0.997665
16703: 0.997665
16704: 0.997665
16705: 0.997666
16706: 0.997666
16707: 0.997666
16708: 0.997666
16709: 0.997666
16710: 0.997666
16711: 0.997666
16712: 0.997666
16713: 0.997667
16714: 0.997667
16715: 0.997667
16716: 0.997667
16717: 0.997667
16718: 0.997667
16719: 0.997667
16720: 0.997668
16721: 0.997668
16722: 0.997668
16723: 0.997668
16724: 0.997668
16725: 0.997668
16726: 0.997668
16727: 0.997669
16728: 0.997669
16729: 0.997669
16730: 0.997669
16731: 0.997669
16732: 0.997669
16733: 0.997669
16734: 0.99767
16735: 0.99767
16736: 0.99767
16737: 0.99767
16738: 0.99767
16739: 0.99767
16740: 0.99767
16741: 0.997671
16742: 0.997671
16743: 0.997671
16744: 0.997671
16745: 0.997671
16746: 0.997671
16747: 0.997671
16748: 0.997672
16749: 0.997672
16750: 0.997672
16751: 0.997672
16752: 0.997672
16753: 0.997672
16754: 0.997672
16755: 0.997672
16756: 0.997673
16757: 0.997673
16758: 0.997673
16759: 0.997673
16760: 0.997673
16761: 0.997673
16762: 0.997673
16763: 0.997674
16764: 0.997674
16765: 0.997674
16766: 0.997674
16767: 0.997674
16768: 0.997674
16769: 0.997674
16770: 0.997675
16771: 0.997675
16772: 0.997675
16773: 0.997675
16774: 0.997675
16775: 0.997675
16776: 0.997675
16777: 0.997676
16778: 0.997676
16779: 0.997676
16780: 0.997676
16781: 0.997676
16782: 0.997676
16783: 0.997676
16784: 0.997676
16785: 0.997677
16786: 0.997677
16787: 0.997677
16788: 0.997677
16789: 0.997677
16790: 0.997677
16791: 0.997677
16792: 0.997678
16793: 0.997678
16794: 0.997678
16795: 0.997678
16796: 0.997678
16797: 0.997678
16798: 0.997678
16799: 0.997679
16800: 0.997679
16801: 0.997679
16802: 0.997679
16803: 0.997679
16804: 0.997679
16805: 0.997679
16806: 0.99768
16807: 0.99768
16808: 0.99768
16809: 0.99768
16810: 0.99768
16811: 0.99768
16812: 0.99768
16813: 0.997681
16814: 0.997681
16815: 0.997681
16816: 0.997681
16817: 0.997681
16818: 0.997681
16819: 0.997681
16820: 0.997681
16821: 0.997682
16822: 0.997682
16823: 0.997682
16824: 0.997682
16825: 0.997682
16826: 0.997682
16827: 0.997682
16828: 0.997683
16829: 0.997683
16830: 0.997683
16831: 0.997683
16832: 0.997683
16833: 0.997683
16834: 0.997683
16835: 0.997684
16836: 0.997684
16837: 0.997684
16838: 0.997684
16839: 0.997684
16840: 0.997684
16841: 0.997684
16842: 0.997684
16843: 0.997685
16844: 0.997685
16845: 0.997685
16846: 0.997685
16847: 0.997685
16848: 0.997685
16849: 0.997685
16850: 0.997686
16851: 0.997686
16852: 0.997686
16853: 0.997686
16854: 0.997686
16855: 0.997686
16856: 0.997686
16857: 0.997687
16858: 0.997687
16859: 0.997687
16860: 0.997687
16861: 0.997687
16862: 0.997687
16863: 0.997687
16864: 0.997688
16865: 0.997688
16866: 0.997688
16867: 0.997688
16868: 0.997688
16869: 0.997688
16870: 0.997688
16871: 0.997688
16872: 0.997689
16873: 0.997689
16874: 0.997689
16875: 0.997689
16876: 0.997689
16877: 0.997689
16878: 0.997689
16879: 0.99769
16880: 0.99769
16881: 0.99769
16882: 0.99769
16883: 0.99769
16884: 0.99769
16885: 0.99769
16886: 0.997691
16887: 0.997691
16888: 0.997691
16889: 0.997691
16890: 0.997691
16891: 0.997691
16892: 0.997691
16893: 0.997691
16894: 0.997692
16895: 0.997692
16896: 0.997692
16897: 0.997692
16898: 0.997692
16899: 0.997692
16900: 0.997692
16901: 0.997693
16902: 0.997693
16903: 0.997693
16904: 0.997693
16905: 0.997693
16906: 0.997693
16907: 0.997693
16908: 0.997694
16909: 0.997694
16910: 0.997694
16911: 0.997694
16912: 0.997694
16913: 0.997694
16914: 0.997694
16915: 0.997694
16916: 0.997695
16917: 0.997695
16918: 0.997695
16919: 0.997695
16920: 0.997695
16921: 0.997695
16922: 0.997695
16923: 0.997696
16924: 0.997696
16925: 0.997696
16926: 0.997696
16927: 0.997696
16928: 0.997696
16929: 0.997696
16930: 0.997697
16931: 0.997697
16932: 0.997697
16933: 0.997697
16934: 0.997697
16935: 0.997697
16936: 0.997697
16937: 0.997697
16938: 0.997698
16939: 0.997698
16940: 0.997698
16941: 0.997698
16942: 0.997698
16943: 0.997698
16944: 0.997698
16945: 0.997699
16946: 0.997699
16947: 0.997699
16948: 0.997699
16949: 0.997699
16950: 0.997699
16951: 0.997699
16952: 0.9977
16953: 0.9977
16954: 0.9977
16955: 0.9977
16956: 0.9977
16957: 0.9977
16958: 0.9977
16959: 0.9977
16960: 0.997701
16961: 0.997701
16962: 0.997701
16963: 0.997701
16964: 0.997701
16965: 0.997701
16966: 0.997701
16967: 0.997702
16968: 0.997702
16969: 0.997702
16970: 0.997702
16971: 0.997702
16972: 0.997702
16973: 0.997702
16974: 0.997703
16975: 0.997703
16976: 0.997703
16977: 0.997703
16978: 0.997703
16979: 0.997703
16980: 0.997703
16981: 0.997703
16982: 0.997704
16983: 0.997704
16984: 0.997704
16985: 0.997704
16986: 0.997704
16987: 0.997704
16988: 0.997704
16989: 0.997705
16990: 0.997705
16991: 0.997705
16992: 0.997705
16993: 0.997705
16994: 0.997705
16995: 0.997705
16996: 0.997705
16997: 0.997706
16998: 0.997706
16999: 0.997706
17000: 0.997706
17001: 0.997706
17002: 0.997706
17003: 0.997706
17004: 0.997707
17005: 0.997707
17006: 0.997707
17007: 0.997707
17008: 0.997707
17009: 0.997707
17010: 0.997707
17011: 0.997708
17012: 0.997708
17013: 0.997708
17014: 0.997708
17015: 0.997708
17016: 0.997708
17017: 0.997708
17018: 0.997708
17019: 0.997709
17020: 0.997709
17021: 0.997709
17022: 0.997709
17023: 0.997709
17024: 0.997709
17025: 0.997709
17026: 0.99771
17027: 0.99771
17028: 0.99771
17029: 0.99771
17030: 0.99771
17031: 0.99771
17032: 0.99771
17033: 0.99771
17034: 0.997711
17035: 0.997711
17036: 0.997711
17037: 0.997711
17038: 0.997711
17039: 0.997711
17040: 0.997711
17041: 0.997712
17042: 0.997712
17043: 0.997712
17044: 0.997712
17045: 0.997712
17046: 0.997712
17047: 0.997712
17048: 0.997712
17049: 0.997713
17050: 0.997713
17051: 0.997713
17052: 0.997713
17053: 0.997713
17054: 0.997713
17055: 0.997713
17056: 0.997714
17057: 0.997714
17058: 0.997714
17059: 0.997714
17060: 0.997714
17061: 0.997714
17062: 0.997714
17063: 0.997714
17064: 0.997715
17065: 0.997715
17066: 0.997715
17067: 0.997715
17068: 0.997715
17069: 0.997715
17070: 0.997715
17071: 0.997716
17072: 0.997716
17073: 0.997716
17074: 0.997716
17075: 0.997716
17076: 0.997716
17077: 0.997716
17078: 0.997716
17079: 0.997717
17080: 0.997717
17081: 0.997717
17082: 0.997717
17083: 0.997717
17084: 0.997717
17085: 0.997717
17086: 0.997718
17087: 0.997718
17088: 0.997718
17089: 0.997718
17090: 0.997718
17091: 0.997718
17092: 0.997718
17093: 0.997718
17094: 0.997719
17095: 0.997719
17096: 0.997719
17097: 0.997719
17098: 0.997719
17099: 0.997719
17100: 0.997719
17101: 0.99772
17102: 0.99772
17103: 0.99772
17104: 0.99772
17105: 0.99772
17106: 0.99772
17107: 0.99772
17108: 0.99772
17109: 0.997721
17110: 0.997721
17111: 0.997721
17112: 0.997721
17113: 0.997721
17114: 0.997721
17115: 0.997721
17116: 0.997722
17117: 0.997722
17118: 0.997722
17119: 0.997722
17120: 0.997722
17121: 0.997722
17122: 0.997722
17123: 0.997722
17124: 0.997723
17125: 0.997723
17126: 0.997723
17127: 0.997723
17128: 0.997723
17129: 0.997723
17130: 0.997723
17131: 0.997724
17132: 0.997724
17133: 0.997724
17134: 0.997724
17135: 0.997724
17136: 0.997724
17137: 0.997724
17138: 0.997724
17139: 0.997725
17140: 0.997725
17141: 0.997725
17142: 0.997725
17143: 0.997725
17144: 0.997725
17145: 0.997725
17146: 0.997726
17147: 0.997726
17148: 0.997726
17149: 0.997726
17150: 0.997726
17151: 0.997726
17152: 0.997726
17153: 0.997726
17154: 0.997727
17155: 0.997727
17156: 0.997727
17157: 0.997727
17158: 0.997727
17159: 0.997727
17160: 0.997727
17161: 0.997728
17162: 0.997728
17163: 0.997728
17164: 0.997728
17165: 0.997728
17166: 0.997728
17167: 0.997728
17168: 0.997728
17169: 0.997729
17170: 0.997729
17171: 0.997729
17172: 0.997729
17173: 0.997729
17174: 0.997729
17175: 0.997729
17176: 0.99773
17177: 0.99773
17178: 0.99773
17179: 0.99773
17180: 0.99773
17181: 0.99773
17182: 0.99773
17183: 0.99773
17184: 0.997731
17185: 0.997731
17186: 0.997731
17187: 0.997731
17188: 0.997731
17189: 0.997731
17190: 0.997731
17191: 0.997732
17192: 0.997732
17193: 0.997732
17194: 0.997732
17195: 0.997732
17196: 0.997732
17197: 0.997732
17198: 0.997732
17199: 0.997733
17200: 0.997733
17201: 0.997733
17202: 0.997733
17203: 0.997733
17204: 0.997733
17205: 0.997733
17206: 0.997733
17207: 0.997734
17208: 0.997734
17209: 0.997734
17210: 0.997734
17211: 0.997734
17212: 0.997734
17213: 0.997734
17214: 0.997735
17215: 0.997735
17216: 0.997735
17217: 0.997735
17218: 0.997735
17219: 0.997735
17220: 0.997735
17221: 0.997735
17222: 0.997736
17223: 0.997736
17224: 0.997736
17225: 0.997736
17226: 0.997736
17227: 0.997736
17228: 0.997736
17229: 0.997737
17230: 0.997737
17231: 0.997737
17232: 0.997737
17233: 0.997737
17234: 0.997737
17235: 0.997737
17236: 0.997737
17237: 0.997738
17238: 0.997738
17239: 0.997738
17240: 0.997738
17241: 0.997738
17242: 0.997738
17243: 0.997738
17244: 0.997738
17245: 0.997739
17246: 0.997739
17247: 0.997739
17248: 0.997739
17249: 0.997739
17250: 0.997739
17251: 0.997739
17252: 0.99774
17253: 0.99774
17254: 0.99774
17255: 0.99774
17256: 0.99774
17257: 0.99774
17258: 0.99774
17259: 0.99774
17260: 0.997741
17261: 0.997741
17262: 0.997741
17263: 0.997741
17264: 0.997741
17265: 0.997741
17266: 0.997741
17267: 0.997741
17268: 0.997742
17269: 0.997742
17270: 0.997742
17271: 0.997742
17272: 0.997742
17273: 0.997742
17274: 0.997742
17275: 0.997743
17276: 0.997743
17277: 0.997743
17278: 0.997743
17279: 0.997743
17280: 0.997743
17281: 0.997743
17282: 0.997743
17283: 0.997744
17284: 0.997744
17285: 0.997744
17286: 0.997744
17287: 0.997744
17288: 0.997744
17289: 0.997744
17290: 0.997744
17291: 0.997745
17292: 0.997745
17293: 0.997745
17294: 0.997745
17295: 0.997745
17296: 0.997745
17297: 0.997745
17298: 0.997746
17299: 0.997746
17300: 0.997746
17301: 0.997746
17302: 0.997746
17303: 0.997746
17304: 0.997746
17305: 0.997746
17306: 0.997747
17307: 0.997747
17308: 0.997747
17309: 0.997747
17310: 0.997747
17311: 0.997747
17312: 0.997747
17313: 0.997747
17314: 0.997748
17315: 0.997748
17316: 0.997748
17317: 0.997748
17318: 0.997748
17319: 0.997748
17320: 0.997748
17321: 0.997749
17322: 0.997749
17323: 0.997749
17324: 0.997749
17325: 0.997749
17326: 0.997749
17327: 0.997749
17328: 0.997749
17329: 0.99775
17330: 0.99775
17331: 0.99775
17332: 0.99775
17333: 0.99775
17334: 0.99775
17335: 0.99775
17336: 0.99775
17337: 0.997751
17338: 0.997751
17339: 0.997751
17340: 0.997751
17341: 0.997751
17342: 0.997751
17343: 0.997751
17344: 0.997752
17345: 0.997752
17346: 0.997752
17347: 0.997752
17348: 0.997752
17349: 0.997752
17350: 0.997752
17351: 0.997752
17352: 0.997753
17353: 0.997753
17354: 0.997753
17355: 0.997753
17356: 0.997753
17357: 0.997753
17358: 0.997753
17359: 0.997753
17360: 0.997754
17361: 0.997754
17362: 0.997754
17363: 0.997754
17364: 0.997754
17365: 0.997754
17366: 0.997754
17367: 0.997754
17368: 0.997755
17369: 0.997755
17370: 0.997755
17371: 0.997755
17372: 0.997755
17373: 0.997755
17374: 0.997755
17375: 0.997756
17376: 0.997756
17377: 0.997756
17378: 0.997756
17379: 0.997756
17380: 0.997756
17381: 0.997756
17382: 0.997756
17383: 0.997757
17384: 0.997757
17385: 0.997757
17386: 0.997757
17387: 0.997757
17388: 0.997757
17389: 0.997757
17390: 0.997757
17391: 0.997758
17392: 0.997758
17393: 0.997758
17394: 0.997758
17395: 0.997758
17396: 0.997758
17397: 0.997758
17398: 0.997758
17399: 0.997759
17400: 0.997759
17401: 0.997759
17402: 0.997759
17403: 0.997759
17404: 0.997759
17405: 0.997759
17406: 0.99776
17407: 0.99776
17408: 0.99776
17409: 0.99776
17410: 0.99776
17411: 0.99776
17412: 0.99776
17413: 0.99776
17414: 0.997761
17415: 0.997761
17416: 0.997761
17417: 0.997761
17418: 0.997761
17419: 0.997761
17420: 0.997761
17421: 0.997761
17422: 0.997762
17423: 0.997762
17424: 0.997762
17425: 0.997762
17426: 0.997762
17427: 0.997762
17428: 0.997762
17429: 0.997762
17430: 0.997763
17431: 0.997763
17432: 0.997763
17433: 0.997763
17434: 0.997763
17435: 0.997763
17436: 0.997763
17437: 0.997764
17438: 0.997764
17439: 0.997764
17440: 0.997764
17441: 0.997764
17442: 0.997764
17443: 0.997764
17444: 0.997764
17445: 0.997765
17446: 0.997765
17447: 0.997765
17448: 0.997765
17449: 0.997765
17450: 0.997765
17451: 0.997765
17452: 0.997765
17453: 0.997766
17454: 0.997766
17455: 0.997766
17456: 0.997766
17457: 0.997766
17458: 0.997766
17459: 0.997766
17460: 0.997766
17461: 0.997767
17462: 0.997767
17463: 0.997767
17464: 0.997767
17465: 0.997767
17466: 0.997767
17467: 0.997767
17468: 0.997767
17469: 0.997768
17470: 0.997768
17471: 0.997768
17472: 0.997768
17473: 0.997768
17474: 0.997768
17475: 0.997768
17476: 0.997768
17477: 0.997769
17478: 0.997769
17479: 0.997769
17480: 0.997769
17481: 0.997769
17482: 0.997769
17483: 0.997769
17484: 0.99777
17485: 0.99777
17486: 0.99777
17487: 0.99777
17488: 0.99777
17489: 0.99777
17490: 0.99777
17491: 0.99777
17492: 0.997771
17493: 0.997771
17494: 0.997771
17495: 0.997771
17496: 0.997771
17497: 0.997771
17498: 0.997771
17499: 0.997771
17500: 0.997772
17501: 0.997772
17502: 0.997772
17503: 0.997772
17504: 0.997772
17505: 0.997772
17506: 0.997772
17507: 0.997772
17508: 0.997773
17509: 0.997773
17510: 0.997773
17511: 0.997773
17512: 0.997773
17513: 0.997773
17514: 0.997773
17515: 0.997773
17516: 0.997774
17517: 0.997774
17518: 0.997774
17519: 0.997774
17520: 0.997774
17521: 0.997774
17522: 0.997774
17523: 0.997774
17524: 0.997775
17525: 0.997775
17526: 0.997775
17527: 0.997775
17528: 0.997775
17529: 0.997775
17530: 0.997775
17531: 0.997775
17532: 0.997776
17533: 0.997776
17534: 0.997776
17535: 0.997776
17536: 0.997776
17537: 0.997776
17538: 0.997776
17539: 0.997777
17540: 0.997777
17541: 0.997777
17542: 0.997777
17543: 0.997777
17544: 0.997777
17545: 0.997777
17546: 0.997777
17547: 0.997778
17548: 0.997778
17549: 0.997778
17550: 0.997778
17551: 0.997778
17552: 0.997778
17553: 0.997778
17554: 0.997778
17555: 0.997779
17556: 0.997779
17557: 0.997779
17558: 0.997779
17559: 0.997779
17560: 0.997779
17561: 0.997779
17562: 0.997779
17563: 0.99778
17564: 0.99778
17565: 0.99778
17566: 0.99778
17567: 0.99778
17568: 0.99778
17569: 0.99778
17570: 0.99778
17571: 0.997781
17572: 0.997781
17573: 0.997781
17574: 0.997781
17575: 0.997781
17576: 0.997781
17577: 0.997781
17578: 0.997781
17579: 0.997782
17580: 0.997782
17581: 0.997782
17582: 0.997782
17583: 0.997782
17584: 0.997782
17585: 0.997782
17586: 0.997782
17587: 0.997783
17588: 0.997783
17589: 0.997783
17590: 0.997783
17591: 0.997783
17592: 0.997783
17593: 0.997783
17594: 0.997783
17595: 0.997784
17596: 0.997784
17597: 0.997784
17598: 0.997784
17599: 0.997784
17600: 0.997784
17601: 0.997784
17602: 0.997784
17603: 0.997785
17604: 0.997785
17605: 0.997785
17606: 0.997785
17607: 0.997785
17608: 0.997785
17609: 0.997785
17610: 0.997785
17611: 0.997786
17612: 0.997786
17613: 0.997786
17614: 0.997786
17615: 0.997786
17616: 0.997786
17617: 0.997786
17618: 0.997786
17619: 0.997787
17620: 0.997787
17621: 0.997787
17622: 0.997787
17623: 0.997787
17624: 0.997787
17625: 0.997787
17626: 0.997787
17627: 0.997788
17628: 0.997788
17629: 0.997788
17630: 0.997788
17631: 0.997788
17632: 0.997788
17633: 0.997788
17634: 0.997788
17635: 0.997789
17636: 0.997789
17637: 0.997789
17638: 0.997789
17639: 0.997789
17640: 0.997789
17641: 0.997789
17642: 0.997789
17643: 0.99779
17644: 0.99779
17645: 0.99779
17646: 0.99779
17647: 0.99779
17648: 0.99779
17649: 0.99779
17650: 0.99779
17651: 0.997791
17652: 0.997791
17653: 0.997791
17654: 0.997791
17655: 0.997791
17656: 0.997791
17657: 0.997791
17658: 0.997791
17659: 0.997792
17660: 0.997792
17661: 0.997792
17662: 0.997792
17663: 0.997792
17664: 0.997792
17665: 0.997792
17666: 0.997792
17667: 0.997793
17668: 0.997793
17669: 0.997793
17670: 0.997793
17671: 0.997793
17672: 0.997793
17673: 0.997793
17674: 0.997793
17675: 0.997794
17676: 0.997794
17677: 0.997794
17678: 0.997794
17679: 0.997794
17680: 0.997794
17681: 0.997794
17682: 0.997794
17683: 0.997795
17684: 0.997795
17685: 0.997795
17686: 0.997795
17687: 0.997795
17688: 0.997795
17689: 0.997795
17690: 0.997795
17691: 0.997796
17692: 0.997796
17693: 0.997796
17694: 0.997796
17695: 0.997796
17696: 0.997796
17697: 0.997796
17698: 0.997796
17699: 0.997797
17700: 0.997797
17701: 0.997797
17702: 0.997797
17703: 0.997797
17704: 0.997797
17705: 0.997797
17706: 0.997797
17707: 0.997798
17708: 0.997798
17709: 0.997798
17710: 0.997798
17711: 0.997798
17712: 0.997798
17713: 0.997798
17714: 0.997798
17715: 0.997799
17716: 0.997799
17717: 0.997799
17718: 0.997799
17719: 0.997799
17720: 0.997799
17721: 0.997799
17722: 0.997799
17723: 0.9978
17724: 0.9978
17725: 0.9978
17726: 0.9978
17727: 0.9978
17728: 0.9978
17729: 0.9978
17730: 0.9978
17731: 0.997801
17732: 0.997801
17733: 0.997801
17734: 0.997801
17735: 0.997801
17736: 0.997801
17737: 0.997801
17738: 0.997801
17739: 0.997802
17740: 0.997802
17741: 0.997802
17742: 0.997802
17743: 0.997802
17744: 0.997802
17745: 0.997802
17746: 0.997802
17747: 0.997803
17748: 0.997803
17749: 0.997803
17750: 0.997803
17751: 0.997803
17752: 0.997803
17753: 0.997803
17754: 0.997803
17755: 0.997804
17756: 0.997804
17757: 0.997804
17758: 0.997804
17759: 0.997804
17760: 0.997804
17761: 0.997804
17762: 0.997804
17763: 0.997805
17764: 0.997805
17765: 0.997805
17766: 0.997805
17767: 0.997805
17768: 0.997805
17769: 0.997805
17770: 0.997805
17771: 0.997806
17772: 0.997806
17773: 0.997806
17774: 0.997806
17775: 0.997806
17776: 0.997806
17777: 0.997806
17778: 0.997806
17779: 0.997807
17780: 0.997807
17781: 0.997807
17782: 0.997807
17783: 0.997807
17784: 0.997807
17785: 0.997807
17786: 0.997807
17787: 0.997808
17788: 0.997808
17789: 0.997808
17790: 0.997808
17791: 0.997808
17792: 0.997808
17793: 0.997808
17794: 0.997808
17795: 0.997808
17796: 0.997809
17797: 0.997809
17798: 0.997809
17799: 0.997809
17800: 0.997809
17801: 0.997809
17802: 0.997809
17803: 0.997809
17804: 0.99781
17805: 0.99781
17806: 0.99781
17807: 0.99781
17808: 0.99781
17809: 0.99781
17810: 0.99781
17811: 0.99781
17812: 0.997811
17813: 0.997811
17814: 0.997811
17815: 0.997811
17816: 0.997811
17817: 0.997811
17818: 0.997811
17819: 0.997811
17820: 0.997812
17821: 0.997812
17822: 0.997812
17823: 0.997812
17824: 0.997812
17825: 0.997812
17826: 0.997812
17827: 0.997812
17828: 0.997813
17829: 0.997813
17830: 0.997813
17831: 0.997813
17832: 0.997813
17833: 0.997813
17834: 0.997813
17835: 0.997813
17836: 0.997814
17837: 0.997814
17838: 0.997814
17839: 0.997814
17840: 0.997814
17841: 0.997814
17842: 0.997814
17843: 0.997814
17844: 0.997815
17845: 0.997815
17846: 0.997815
17847: 0.997815
17848: 0.997815
17849: 0.997815
17850: 0.997815
17851: 0.997815
17852: 0.997815
17853: 0.997816
17854: 0.997816
17855: 0.997816
17856: 0.997816
17857: 0.997816
17858: 0.997816
17859: 0.997816
17860: 0.997816
17861: 0.997817
17862: 0.997817
17863: 0.997817
17864: 0.997817
17865: 0.997817
17866: 0.997817
17867: 0.997817
17868: 0.997817
17869: 0.997818
17870: 0.997818
17871: 0.997818
17872: 0.997818
17873: 0.997818
17874: 0.997818
17875: 0.997818
17876: 0.997818
17877: 0.997819
17878: 0.997819
17879: 0.997819
17880: 0.997819
17881: 0.997819
17882: 0.997819
17883: 0.997819
17884: 0.997819
17885: 0.99782
17886: 0.99782
17887: 0.99782
17888: 0.99782
17889: 0.99782
17890: 0.99782
17891: 0.99782
17892: 0.99782
17893: 0.99782
17894: 0.997821
17895: 0.997821
17896: 0.997821
17897: 0.997821
17898: 0.997821
17899: 0.997821
17900: 0.997821
17901: 0.997821
17902: 0.997822
17903: 0.997822
17904: 0.997822
17905: 0.997822
17906: 0.997822
17907: 0.997822
17908: 0.997822
17909: 0.997822
17910: 0.997823
17911: 0.997823
17912: 0.997823
17913: 0.997823
17914: 0.997823
17915: 0.997823
17916: 0.997823
17917: 0.997823
17918: 0.997824
17919: 0.997824
17920: 0.997824
17921: 0.997824
17922: 0.997824
17923: 0.997824
17924: 0.997824
17925: 0.997824
17926: 0.997825
17927: 0.997825
17928: 0.997825
17929: 0.997825
17930: 0.997825
17931: 0.997825
17932: 0.997825
17933: 0.997825
17934: 0.997825
17935: 0.997826
17936: 0.997826
17937: 0.997826
17938: 0.997826
17939: 0.997826
17940: 0.997826
17941: 0.997826
17942: 0.997826
17943: 0.997827
17944: 0.997827
17945: 0.997827
17946: 0.997827
17947: 0.997827
17948: 0.997827
17949: 0.997827
17950: 0.997827
17951: 0.997828
17952: 0.997828
17953: 0.997828
17954: 0.997828
17955: 0.997828
17956: 0.997828
17957: 0.997828
17958: 0.997828
17959: 0.997829
17960: 0.997829
17961: 0.997829
17962: 0.997829
17963: 0.997829
17964: 0.997829
17965: 0.997829
17966: 0.997829
17967: 0.997829
17968: 0.99783
17969: 0.99783
17970: 0.99783
17971: 0.99783
17972: 0.99783
17973: 0.99783
17974: 0.99783
17975: 0.99783
17976: 0.997831
17977: 0.997831
17978: 0.997831
17979: 0.997831
17980: 0.997831
17981: 0.997831
17982: 0.997831
17983: 0.997831
17984: 0.997832
17985: 0.997832
17986: 0.997832
17987: 0.997832
17988: 0.997832
17989: 0.997832
17990: 0.997832
17991: 0.997832
17992: 0.997832
17993: 0.997833
17994: 0.997833
17995: 0.997833
17996: 0.997833
17997: 0.997833
17998: 0.997833
17999: 0.997833
18000: 0.997833
18001: 0.997834
18002: 0.997834
18003: 0.997834
18004: 0.997834
18005: 0.997834
18006: 0.997834
18007: 0.997834
18008: 0.997834
18009: 0.997835
18010: 0.997835
18011: 0.997835
18012: 0.997835
18013: 0.997835
18014: 0.997835
18015: 0.997835
18016: 0.997835
18017: 0.997835
18018: 0.997836
18019: 0.997836
18020: 0.997836
18021: 0.997836
18022: 0.997836
18023: 0.997836
18024: 0.997836
18025: 0.997836
18026: 0.997837
18027: 0.997837
18028: 0.997837
18029: 0.997837
18030: 0.997837
18031: 0.997837
18032: 0.997837
18033: 0.997837
18034: 0.997838
18035: 0.997838
18036: 0.997838
18037: 0.997838
18038: 0.997838
18039: 0.997838
18040: 0.997838
18041: 0.997838
18042: 0.997838
18043: 0.997839
18044: 0.997839
18045: 0.997839
18046: 0.997839
18047: 0.997839
18048: 0.997839
18049: 0.997839
18050: 0.997839
18051: 0.99784
18052: 0.99784
18053: 0.99784
18054: 0.99784
18055: 0.99784
18056: 0.99784
18057: 0.99784
18058: 0.99784
18059: 0.997841
18060: 0.997841
18061: 0.997841
18062: 0.997841
18063: 0.997841
18064: 0.997841
18065: 0.997841
18066: 0.997841
18067: 0.997841
18068: 0.997842
18069: 0.997842
18070: 0.997842
18071: 0.997842
18072: 0.997842
18073: 0.997842
18074: 0.997842
18075: 0.997842
18076: 0.997843
18077: 0.997843
18078: 0.997843
18079: 0.997843
18080: 0.997843
18081: 0.997843
18082: 0.997843
18083: 0.997843
18084: 0.997844
18085: 0.997844
18086: 0.997844
18087: 0.997844
18088: 0.997844
18089: 0.997844
18090: 0.997844
18091: 0.997844
18092: 0.997844
18093: 0.997845
18094: 0.997845
18095: 0.997845
18096: 0.997845
18097: 0.997845
18098: 0.997845
18099: 0.997845
18100: 0.997845
18101: 0.997846
18102: 0.997846
18103: 0.997846
18104: 0.997846
18105: 0.997846
18106: 0.997846
18107: 0.997846
18108: 0.997846
18109: 0.997846
18110: 0.997847
18111: 0.997847
18112: 0.997847
18113: 0.997847
18114: 0.997847
18115: 0.997847
18116: 0.997847
18117: 0.997847
18118: 0.997848
18119: 0.997848
18120: 0.997848
18121: 0.997848
18122: 0.997848
18123: 0.997848
18124: 0.997848
18125: 0.997848
18126: 0.997849
18127: 0.997849
18128: 0.997849
18129: 0.997849
18130: 0.997849
18131: 0.997849
18132: 0.997849
18133: 0.997849
18134: 0.997849
18135: 0.99785
18136: 0.99785
18137: 0.99785
18138: 0.99785
18139: 0.99785
18140: 0.99785
18141: 0.99785
18142: 0.99785
18143: 0.997851
18144: 0.997851
18145: 0.997851
18146: 0.997851
18147: 0.997851
18148: 0.997851
18149: 0.997851
18150: 0.997851
18151: 0.997851
18152: 0.997852
18153: 0.997852
18154: 0.997852
18155: 0.997852
18156: 0.997852
18157: 0.997852
18158: 0.997852
18159: 0.997852
18160: 0.997853
18161: 0.997853
18162: 0.997853
18163: 0.997853
18164: 0.997853
18165: 0.997853
18166: 0.997853
18167: 0.997853
18168: 0.997853
18169: 0.997854
18170: 0.997854
18171: 0.997854
18172: 0.997854
18173: 0.997854
18174: 0.997854
18175: 0.997854
18176: 0.997854
18177: 0.997855
18178: 0.997855
18179: 0.997855
18180: 0.997855
18181: 0.997855
18182: 0.997855
18183: 0.997855
18184: 0.997855
18185: 0.997855
18186: 0.997856
18187: 0.997856
18188: 0.997856
18189: 0.997856
18190: 0.997856
18191: 0.997856
18192: 0.997856
18193: 0.997856
18194: 0.997857
18195: 0.997857
18196: 0.997857
18197: 0.997857
18198: 0.997857
18199: 0.997857
18200: 0.997857
18201: 0.997857
18202: 0.997857
18203: 0.997858
18204: 0.997858
18205: 0.997858
18206: 0.997858
18207: 0.997858
18208: 0.997858
18209: 0.997858
18210: 0.997858
18211: 0.997859
18212: 0.997859
18213: 0.997859
18214: 0.997859
18215: 0.997859
18216: 0.997859
18217: 0.997859
18218: 0.997859
18219: 0.997859
18220: 0.99786
18221: 0.99786
18222: 0.99786
18223: 0.99786
18224: 0.99786
18225: 0.99786
18226: 0.99786
18227: 0.99786
18228: 0.997861
18229: 0.997861
18230: 0.997861
18231: 0.997861
18232: 0.997861
18233: 0.997861
18234: 0.997861
18235: 0.997861
18236: 0.997861
18237: 0.997862
18238: 0.997862
18239: 0.997862
18240: 0.997862
18241: 0.997862
18242: 0.997862
18243: 0.997862
18244: 0.997862
18245: 0.997863
18246: 0.997863
18247: 0.997863
18248: 0.997863
18249: 0.997863
18250: 0.997863
18251: 0.997863
18252: 0.997863
18253: 0.997863
18254: 0.997864
18255: 0.997864
18256: 0.997864
18257: 0.997864
18258: 0.997864
18259: 0.997864
18260: 0.997864
18261: 0.997864
18262: 0.997865
18263: 0.997865
18264: 0.997865
18265: 0.997865
18266: 0.997865
18267: 0.997865
18268: 0.997865
18269: 0.997865
18270: 0.997865
18271: 0.997866
18272: 0.997866
18273: 0.997866
18274: 0.997866
18275: 0.997866
18276: 0.997866
18277: 0.997866
18278: 0.997866
18279: 0.997867
18280: 0.997867
18281: 0.997867
18282: 0.997867
18283: 0.997867
18284: 0.997867
18285: 0.997867
18286: 0.997867
18287: 0.997867
18288: 0.997868
18289: 0.997868
18290: 0.997868
18291: 0.997868
18292: 0.997868
18293: 0.997868
18294: 0.997868
18295: 0.997868
18296: 0.997869
18297: 0.997869
18298: 0.997869
18299: 0.997869
18300: 0.997869
18301: 0.997869
18302: 0.997869
18303: 0.997869
18304: 0.997869
18305: 0.99787
18306: 0.99787
18307: 0.99787
18308: 0.99787
18309: 0.99787
18310: 0.99787
18311: 0.99787
18312: 0.99787
18313: 0.99787
18314: 0.997871
18315: 0.997871
18316: 0.997871
18317: 0.997871
18318: 0.997871
18319: 0.997871
18320: 0.997871
18321: 0.997871
18322: 0.997872
18323: 0.997872
18324: 0.997872
18325: 0.997872
18326: 0.997872
18327: 0.997872
18328: 0.997872
18329: 0.997872
18330: 0.997872
18331: 0.997873
18332: 0.997873
18333: 0.997873
18334: 0.997873
18335: 0.997873
18336: 0.997873
18337: 0.997873
18338: 0.997873
18339: 0.997874
18340: 0.997874
18341: 0.997874
18342: 0.997874
18343: 0.997874
18344: 0.997874
18345: 0.997874
18346: 0.997874
18347: 0.997874
18348: 0.997875
18349: 0.997875
18350: 0.997875
18351: 0.997875
18352: 0.997875
18353: 0.997875
18354: 0.997875
18355: 0.997875
18356: 0.997875
18357: 0.997876
18358: 0.997876
18359: 0.997876
18360: 0.997876
18361: 0.997876
18362: 0.997876
18363: 0.997876
18364: 0.997876
18365: 0.997877
18366: 0.997877
18367: 0.997877
18368: 0.997877
18369: 0.997877
18370: 0.997877
18371: 0.997877
18372: 0.997877
18373: 0.997877
18374: 0.997878
18375: 0.997878
18376: 0.997878
18377: 0.997878
18378: 0.997878
18379: 0.997878
18380: 0.997878
18381: 0.997878
18382: 0.997878
18383: 0.997879
18384: 0.997879
18385: 0.997879
18386: 0.997879
18387: 0.997879
18388: 0.997879
18389: 0.997879
18390: 0.997879
18391: 0.99788
18392: 0.99788
18393: 0.99788
18394: 0.99788
18395: 0.99788
18396: 0.99788
18397: 0.99788
18398: 0.99788
18399: 0.99788
18400: 0.997881
18401: 0.997881
18402: 0.997881
18403: 0.997881
18404: 0.997881
18405: 0.997881
18406: 0.997881
18407: 0.997881
18408: 0.997881
18409: 0.997882
18410: 0.997882
18411: 0.997882
18412: 0.997882
18413: 0.997882
18414: 0.997882
18415: 0.997882
18416: 0.997882
18417: 0.997883
18418: 0.997883
18419: 0.997883
18420: 0.997883
18421: 0.997883
18422: 0.997883
18423: 0.997883
18424: 0.997883
18425: 0.997883
18426: 0.997884
18427: 0.997884
18428: 0.997884
18429: 0.997884
18430: 0.997884
18431: 0.997884
18432: 0.997884
18433: 0.997884
18434: 0.997884
18435: 0.997885
18436: 0.997885
18437: 0.997885
18438: 0.997885
18439: 0.997885
18440: 0.997885
18441: 0.997885
18442: 0.997885
18443: 0.997885
18444: 0.997886
18445: 0.997886
18446: 0.997886
18447: 0.997886
18448: 0.997886
18449: 0.997886
18450: 0.997886
18451: 0.997886
18452: 0.997887
18453: 0.997887
18454: 0.997887
18455: 0.997887
18456: 0.997887
18457: 0.997887
18458: 0.997887
18459: 0.997887
18460: 0.997887
18461: 0.997888
18462: 0.997888
18463: 0.997888
18464: 0.997888
18465: 0.997888
18466: 0.997888
18467: 0.997888
18468: 0.997888
18469: 0.997888
18470: 0.997889
18471: 0.997889
18472: 0.997889
18473: 0.997889
18474: 0.997889
18475: 0.997889
18476: 0.997889
18477: 0.997889
18478: 0.997889
18479: 0.99789
18480: 0.99789
18481: 0.99789
18482: 0.99789
18483: 0.99789
18484: 0.99789
18485: 0.99789
18486: 0.99789
18487: 0.997891
18488: 0.997891
18489: 0.997891
18490: 0.997891
18491: 0.997891
18492: 0.997891
18493: 0.997891
18494: 0.997891
18495: 0.997891
18496: 0.997892
18497: 0.997892
18498: 0.997892
18499: 0.997892
18500: 0.997892
18501: 0.997892
18502: 0.997892
18503: 0.997892
18504: 0.997892
18505: 0.997893
18506: 0.997893
18507: 0.997893
18508: 0.997893
18509: 0.997893
18510: 0.997893
18511: 0.997893
18512: 0.997893
18513: 0.997893
18514: 0.997894
18515: 0.997894
18516: 0.997894
18517: 0.997894
18518: 0.997894
18519: 0.997894
18520: 0.997894
18521: 0.997894
18522: 0.997895
18523: 0.997895
18524: 0.997895
18525: 0.997895
18526: 0.997895
18527: 0.997895
18528: 0.997895
18529: 0.997895
18530: 0.997895
18531: 0.997896
18532: 0.997896
18533: 0.997896
18534: 0.997896
18535: 0.997896
18536: 0.997896
18537: 0.997896
18538: 0.997896
18539: 0.997896
18540: 0.997897
18541: 0.997897
18542: 0.997897
18543: 0.997897
18544: 0.997897
18545: 0.997897
18546: 0.997897
18547: 0.997897
18548: 0.997897
18549: 0.997898
18550: 0.997898
18551: 0.997898
18552: 0.997898
18553: 0.997898
18554: 0.997898
18555: 0.997898
18556: 0.997898
18557: 0.997898
18558: 0.997899
18559: 0.997899
18560: 0.997899
18561: 0.997899
18562: 0.997899
18563: 0.997899
18564: 0.997899
18565: 0.997899
18566: 0.997899
18567: 0.9979
18568: 0.9979
18569: 0.9979
18570: 0.9979
18571: 0.9979
18572: 0.9979
18573: 0.9979
18574: 0.9979
18575: 0.997901
18576: 0.997901
18577: 0.997901
18578: 0.997901
18579: 0.997901
18580: 0.997901
18581: 0.997901
18582: 0.997901
18583: 0.997901
18584: 0.997902
18585: 0.997902
18586: 0.997902
18587: 0.997902
18588: 0.997902
18589: 0.997902
18590: 0.997902
18591: 0.997902
18592: 0.997902
18593: 0.997903
18594: 0.997903
18595: 0.997903
18596: 0.997903
18597: 0.997903
18598: 0.997903
18599: 0.997903
18600: 0.997903
18601: 0.997903
18602: 0.997904
18603: 0.997904
18604: 0.997904
18605: 0.997904
18606: 0.997904
18607: 0.997904
18608: 0.997904
18609: 0.997904
18610: 0.997904
18611: 0.997905
18612: 0.997905
18613: 0.997905
18614: 0.997905
18615: 0.997905
18616: 0.997905
18617: 0.997905
18618: 0.997905
18619: 0.997905
18620: 0.997906
18621: 0.997906
18622: 0.997906
18623: 0.997906
18624: 0.997906
18625: 0.997906
18626: 0.997906
18627: 0.997906
18628: 0.997906
18629: 0.997907
18630: 0.997907
18631: 0.997907
18632: 0.997907
18633: 0.997907
18634: 0.997907
18635: 0.997907
18636: 0.997907
18637: 0.997908
18638: 0.997908
18639: 0.997908
18640: 0.997908
18641: 0.997908
18642: 0.997908
18643: 0.997908
18644: 0.997908
18645: 0.997908
18646: 0.997909
18647: 0.997909
18648: 0.997909
18649: 0.997909
18650: 0.997909
18651: 0.997909
18652: 0.997909
18653: 0.997909
18654: 0.997909
18655: 0.99791
18656: 0.99791
18657: 0.99791
18658: 0.99791
18659: 0.99791
18660: 0.99791
18661: 0.99791
18662: 0.99791
18663: 0.99791
18664: 0.997911
18665: 0.997911
18666: 0.997911
18667: 0.997911
18668: 0.997911
18669: 0.997911
18670: 0.997911
18671: 0.997911
18672: 0.997911
18673: 0.997912
18674: 0.997912
18675: 0.997912
18676: 0.997912
18677: 0.997912
18678: 0.997912
18679: 0.997912
18680: 0.997912
18681: 0.997912
18682: 0.997913
18683: 0.997913
18684: 0.997913
18685: 0.997913
18686: 0.997913
18687: 0.997913
18688: 0.997913
18689: 0.997913
18690: 0.997913
18691: 0.997914
18692: 0.997914
18693: 0.997914
18694: 0.997914
18695: 0.997914
18696: 0.997914
18697: 0.997914
18698: 0.997914
18699: 0.997914
18700: 0.997915
18701: 0.997915
18702: 0.997915
18703: 0.997915
18704: 0.997915
18705: 0.997915
18706: 0.997915
18707: 0.997915
18708: 0.997915
18709: 0.997916
18710: 0.997916
18711: 0.997916
18712: 0.997916
18713: 0.997916
18714: 0.997916
18715: 0.997916
18716: 0.997916
18717: 0.997916
18718: 0.997917
18719: 0.997917
18720: 0.997917
18721: 0.997917
18722: 0.997917
18723: 0.997917
18724: 0.997917
18725: 0.997917
18726: 0.997917
18727: 0.997918
18728: 0.997918
18729: 0.997918
18730: 0.997918
18731: 0.997918
18732: 0.997918
18733: 0.997918
18734: 0.997918
18735: 0.997918
18736: 0.997919
18737: 0.997919
18738: 0.997919
18739: 0.997919
18740: 0.997919
18741: 0.997919
18742: 0.997919
18743: 0.997919
18744: 0.997919
18745: 0.99792
18746: 0.99792
18747: 0.99792
18748: 0.99792
18749: 0.99792
18750: 0.99792
18751: 0.99792
18752: 0.99792
18753: 0.99792
18754: 0.997921
18755: 0.997921
18756: 0.997921
18757: 0.997921
18758: 0.997921
18759: 0.997921
18760: 0.997921
18761: 0.997921
18762: 0.997921
18763: 0.997922
18764: 0.997922
18765: 0.997922
18766: 0.997922
18767: 0.997922
18768: 0.997922
18769: 0.997922
18770: 0.997922
18771: 0.997922
18772: 0.997923
18773: 0.997923
18774: 0.997923
18775: 0.997923
18776: 0.997923
18777: 0.997923
18778: 0.997923
18779: 0.997923
18780: 0.997923
18781: 0.997924
18782: 0.997924
18783: 0.997924
18784: 0.997924
18785: 0.997924
18786: 0.997924
18787: 0.997924
18788: 0.997924
18789: 0.997924
18790: 0.997925
18791: 0.997925
18792: 0.997925
18793: 0.997925
18794: 0.997925
18795: 0.997925
18796: 0.997925
18797: 0.997925
18798: 0.997925
18799: 0.997926
18800: 0.997926
18801: 0.997926
18802: 0.997926
18803: 0.997926
18804: 0.997926
18805: 0.997926
18806: 0.997926
18807: 0.997926
18808: 0.997927
18809: 0.997927
18810: 0.997927
18811: 0.997927
18812: 0.997927
18813: 0.997927
18814: 0.997927
18815: 0.997927
18816: 0.997927
18817: 0.997928
18818: 0.997928
18819: 0.997928
18820: 0.997928
18821: 0.997928
18822: 0.997928
18823: 0.997928
18824: 0.997928
18825: 0.997928
18826: 0.997929
18827: 0.997929
18828: 0.997929
18829: 0.997929
18830: 0.997929
18831: 0.997929
18832: 0.997929
18833: 0.997929
18834: 0.997929
18835: 0.997929
18836: 0.99793
18837: 0.99793
18838: 0.99793
18839: 0.99793
18840: 0.99793
18841: 0.99793
18842: 0.99793
18843: 0.99793
18844: 0.99793
18845: 0.997931
18846: 0.997931
18847: 0.997931
18848: 0.997931
18849: 0.997931
18850: 0.997931
18851: 0.997931
18852: 0.997931
18853: 0.997931
18854: 0.997932
18855: 0.997932
18856: 0.997932
18857: 0.997932
18858: 0.997932
18859: 0.997932
18860: 0.997932
18861: 0.997932
18862: 0.997932
18863: 0.997933
18864: 0.997933
18865: 0.997933
18866: 0.997933
18867: 0.997933
18868: 0.997933
18869: 0.997933
18870: 0.997933
18871: 0.997933
18872: 0.997934
18873: 0.997934
18874: 0.997934
18875: 0.997934
18876: 0.997934
18877: 0.997934
18878: 0.997934
18879: 0.997934
18880: 0.997934
18881: 0.997935
18882: 0.997935
18883: 0.997935
18884: 0.997935
18885: 0.997935
18886: 0.997935
18887: 0.997935
18888: 0.997935
18889: 0.997935
18890: 0.997936
18891: 0.997936
18892: 0.997936
18893: 0.997936
18894: 0.997936
18895: 0.997936
18896: 0.997936
18897: 0.997936
18898: 0.997936
18899: 0.997937
18900: 0.997937
18901: 0.997937
18902: 0.997937
18903: 0.997937
18904: 0.997937
18905: 0.997937
18906: 0.997937
18907: 0.997937
18908: 0.997937
18909: 0.997938
18910: 0.997938
18911: 0.997938
18912: 0.997938
18913: 0.997938
18914: 0.997938
18915: 0.997938
18916: 0.997938
18917: 0.997938
18918: 0.997939
18919: 0.997939
18920: 0.997939
18921: 0.997939
18922: 0.997939
18923: 0.997939
18924: 0.997939
18925: 0.997939
18926: 0.997939
18927: 0.99794
18928: 0.99794
18929: 0.99794
18930: 0.99794
18931: 0.99794
18932: 0.99794
18933: 0.99794
18934: 0.99794
18935: 0.99794
18936: 0.997941
18937: 0.997941
18938: 0.997941
18939: 0.997941
18940: 0.997941
18941: 0.997941
18942: 0.997941
18943: 0.997941
18944: 0.997941
18945: 0.997942
18946: 0.997942
18947: 0.997942
18948: 0.997942
18949: 0.997942
18950: 0.997942
18951: 0.997942
18952: 0.997942
18953: 0.997942
18954: 0.997942
18955: 0.997943
18956: 0.997943
18957: 0.997943
18958: 0.997943
18959: 0.997943
18960: 0.997943
18961: 0.997943
18962: 0.997943
18963: 0.997943
18964: 0.997944
18965: 0.997944
18966: 0.997944
18967: 0.997944
18968: 0.997944
18969: 0.997944
18970: 0.997944
18971: 0.997944
18972: 0.997944
18973: 0.997945
18974: 0.997945
18975: 0.997945
18976: 0.997945
18977: 0.997945
18978: 0.997945
18979: 0.997945
18980: 0.997945
18981: 0.997945
18982: 0.997946
18983: 0.997946
18984: 0.997946
18985: 0.997946
18986: 0.997946
18987: 0.997946
18988: 0.997946
18989: 0.997946
18990: 0.997946
18991: 0.997947
18992: 0.997947
18993: 0.997947
18994: 0.997947
18995: 0.997947
18996: 0.997947
18997: 0.997947
18998: 0.997947
18999: 0.997947
19000: 0.997947
19001: 0.997948
19002: 0.997948
19003: 0.997948
19004: 0.997948
19005: 0.997948
19006: 0.997948
19007: 0.997948
19008: 0.997948
19009: 0.997948
19010: 0.997949
19011: 0.997949
19012: 0.997949
19013: 0.997949
19014: 0.997949
19015: 0.997949
19016: 0.997949
19017: 0.997949
19018: 0.997949
19019: 0.99795
19020: 0.99795
19021: 0.99795
19022: 0.99795
19023: 0.99795
19024: 0.99795
19025: 0.99795
19026: 0.99795
19027: 0.99795
19028: 0.99795
19029: 0.997951
19030: 0.997951
19031: 0.997951
19032: 0.997951
19033: 0.997951
19034: 0.997951
19035: 0.997951
19036: 0.997951
19037: 0.997951
19038: 0.997952
19039: 0.997952
19040: 0.997952
19041: 0.997952
19042: 0.997952
19043: 0.997952
19044: 0.997952
19045: 0.997952
19046: 0.997952
19047: 0.997953
19048: 0.997953
19049: 0.997953
19050: 0.997953
19051: 0.997953
19052: 0.997953
19053: 0.997953
19054: 0.997953
19055: 0.997953
19056: 0.997954
19057: 0.997954
19058: 0.997954
19059: 0.997954
19060: 0.997954
19061: 0.997954
19062: 0.997954
19063: 0.997954
19064: 0.997954
19065: 0.997954
19066: 0.997955
19067: 0.997955
19068: 0.997955
19069: 0.997955
19070: 0.997955
19071: 0.997955
19072: 0.997955
19073: 0.997955
19074: 0.997955
19075: 0.997956
19076: 0.997956
19077: 0.997956
19078: 0.997956
19079: 0.997956
19080: 0.997956
19081: 0.997956
19082: 0.997956
19083: 0.997956
19084: 0.997957
19085: 0.997957
19086: 0.997957
19087: 0.997957
19088: 0.997957
19089: 0.997957
19090: 0.997957
19091: 0.997957
19092: 0.997957
19093: 0.997957
19094: 0.997958
19095: 0.997958
19096: 0.997958
19097: 0.997958
19098: 0.997958
19099: 0.997958
19100: 0.997958
19101: 0.997958
19102: 0.997958
19103: 0.997959
19104: 0.997959
19105: 0.997959
19106: 0.997959
19107: 0.997959
19108: 0.997959
19109: 0.997959
19110: 0.997959
19111: 0.997959
19112: 0.99796
19113: 0.99796
19114: 0.99796
19115: 0.99796
19116: 0.99796
19117: 0.99796
19118: 0.99796
19119: 0.99796
19120: 0.99796
19121: 0.99796
19122: 0.997961
19123: 0.997961
19124: 0.997961
19125: 0.997961
19126: 0.997961
19127: 0.997961
19128: 0.997961
19129: 0.997961
19130: 0.997961
19131: 0.997962
19132: 0.997962
19133: 0.997962
19134: 0.997962
19135: 0.997962
19136: 0.997962
19137: 0.997962
19138: 0.997962
19139: 0.997962
19140: 0.997962
19141: 0.997963
19142: 0.997963
19143: 0.997963
19144: 0.997963
19145: 0.997963
19146: 0.997963
19147: 0.997963
19148: 0.997963
19149: 0.997963
19150: 0.997964
19151: 0.997964
19152: 0.997964
19153: 0.997964
19154: 0.997964
19155: 0.997964
19156: 0.997964
19157: 0.997964
19158: 0.997964
19159: 0.997965
19160: 0.997965
19161: 0.997965
19162: 0.997965
19163: 0.997965
19164: 0.997965
19165: 0.997965
19166: 0.997965
19167: 0.997965
19168: 0.997965
19169: 0.997966
19170: 0.997966
19171: 0.997966
19172: 0.997966
19173: 0.997966
19174: 0.997966
19175: 0.997966
19176: 0.997966
19177: 0.997966
19178: 0.997967
19179: 0.997967
19180: 0.997967
19181: 0.997967
19182: 0.997967
19183: 0.997967
19184: 0.997967
19185: 0.997967
19186: 0.997967
19187: 0.997967
19188: 0.997968
19189: 0.997968
19190: 0.997968
19191: 0.997968
19192: 0.997968
19193: 0.997968
19194: 0.997968
19195: 0.997968
19196: 0.997968
19197: 0.997969
19198: 0.997969
19199: 0.997969
19200: 0.997969
19201: 0.997969
19202: 0.997969
19203: 0.997969
19204: 0.997969
19205: 0.997969
19206: 0.997969
19207: 0.99797
19208: 0.99797
19209: 0.99797
19210: 0.99797
19211: 0.99797
19212: 0.99797
19213: 0.99797
19214: 0.99797
19215: 0.99797
19216: 0.997971
19217: 0.997971
19218: 0.997971
19219: 0.997971
19220: 0.997971
19221: 0.997971
19222: 0.997971
19223: 0.997971
19224: 0.997971
19225: 0.997971
19226: 0.997972
19227: 0.997972
19228: 0.997972
19229: 0.997972
19230: 0.997972
19231: 0.997972
19232: 0.997972
19233: 0.997972
19234: 0.997972
19235: 0.997973
19236: 0.997973
19237: 0.997973
19238: 0.997973
19239: 0.997973
19240: 0.997973
19241: 0.997973
19242: 0.997973
19243: 0.997973
19244: 0.997973
19245: 0.997974
19246: 0.997974
19247: 0.997974
19248: 0.997974
19249: 0.997974
19250: 0.997974
19251: 0.997974
19252: 0.997974
19253: 0.997974
19254: 0.997975
19255: 0.997975
19256: 0.997975
19257: 0.997975
19258: 0.997975
19259: 0.997975
19260: 0.997975
19261: 0.997975
19262: 0.997975
19263: 0.997975
19264: 0.997976
19265: 0.997976
19266: 0.997976
19267: 0.997976
19268: 0.997976
19269: 0.997976
19270: 0.997976
19271: 0.997976
19272: 0.997976
19273: 0.997977
19274: 0.997977
19275: 0.997977
19276: 0.997977
19277: 0.997977
19278: 0.997977
19279: 0.997977
19280: 0.997977
19281: 0.997977
19282: 0.997977
19283: 0.997978
19284: 0.997978
19285: 0.997978
19286: 0.997978
19287: 0.997978
19288: 0.997978
19289: 0.997978
19290: 0.997978
19291: 0.997978
19292: 0.997979
19293: 0.997979
19294: 0.997979
19295: 0.997979
19296: 0.997979
19297: 0.997979
19298: 0.997979
19299: 0.997979
19300: 0.997979
19301: 0.997979
19302: 0.99798
19303: 0.99798
19304: 0.99798
19305: 0.99798
19306: 0.99798
19307: 0.99798
19308: 0.99798
19309: 0.99798
19310: 0.99798
19311: 0.997981
19312: 0.997981
19313: 0.997981
19314: 0.997981
19315: 0.997981
19316: 0.997981
19317: 0.997981
19318: 0.997981
19319: 0.997981
19320: 0.997981
19321: 0.997982
19322: 0.997982
19323: 0.997982
19324: 0.997982
19325: 0.997982
19326: 0.997982
19327: 0.997982
19328: 0.997982
19329: 0.997982
19330: 0.997983
19331: 0.997983
19332: 0.997983
19333: 0.997983
19334: 0.997983
19335: 0.997983
19336: 0.997983
19337: 0.997983
19338: 0.997983
19339: 0.997983
19340: 0.997984
19341: 0.997984
19342: 0.997984
19343: 0.997984
19344: 0.997984
19345: 0.997984
19346: 0.997984
19347: 0.997984
19348: 0.997984
19349: 0.997984
19350: 0.997985
19351: 0.997985
19352: 0.997985
19353: 0.997985
19354: 0.997985
19355: 0.997985
19356: 0.997985
19357: 0.997985
19358: 0.997985
19359: 0.997986
19360: 0.997986
19361: 0.997986
19362: 0.997986
19363: 0.997986
19364: 0.997986
19365: 0.997986
19366: 0.997986
19367: 0.997986
19368: 0.997986
19369: 0.997987
19370: 0.997987
19371: 0.997987
19372: 0.997987
19373: 0.997987
19374: 0.997987
19375: 0.997987
19376: 0.997987
19377: 0.997987
19378: 0.997988
19379: 0.997988
19380: 0.997988
19381: 0.997988
19382: 0.997988
19383: 0.997988
19384: 0.997988
19385: 0.997988
19386: 0.997988
19387: 0.997988
19388: 0.997989
19389: 0.997989
19390: 0.997989
19391: 0.997989
19392: 0.997989
19393: 0.997989
19394: 0.997989
19395: 0.997989
19396: 0.997989
19397: 0.997989
19398: 0.99799
19399: 0.99799
19400: 0.99799
19401: 0.99799
19402: 0.99799
19403: 0.99799
19404: 0.99799
19405: 0.99799
19406: 0.99799
19407: 0.997991
19408: 0.997991
19409: 0.997991
19410: 0.997991
19411: 0.997991
19412: 0.997991
19413: 0.997991
19414: 0.997991
19415: 0.997991
19416: 0.997991
19417: 0.997992
19418: 0.997992
19419: 0.997992
19420: 0.997992
19421: 0.997992
19422: 0.997992
19423: 0.997992
19424: 0.997992
19425: 0.997992
19426: 0.997992
19427: 0.997993
19428: 0.997993
19429: 0.997993
19430: 0.997993
19431: 0.997993
19432: 0.997993
19433: 0.997993
19434: 0.997993
19435: 0.997993
19436: 0.997994
19437: 0.997994
19438: 0.997994
19439: 0.997994
19440: 0.997994
19441: 0.997994
19442: 0.997994
19443: 0.997994
19444: 0.997994
19445: 0.997994
19446: 0.997995
19447: 0.997995
19448: 0.997995
19449: 0.997995
19450: 0.997995
19451: 0.997995
19452: 0.997995
19453: 0.997995
19454: 0.997995
19455: 0.997995
19456: 0.997996
19457: 0.997996
19458: 0.997996
19459: 0.997996
19460: 0.997996
19461: 0.997996
19462: 0.997996
19463: 0.997996
19464: 0.997996
19465: 0.997997
19466: 0.997997
19467: 0.997997
19468: 0.997997
19469: 0.997997
19470: 0.997997
19471: 0.997997
19472: 0.997997
19473: 0.997997
19474: 0.997997
19475: 0.997998
19476: 0.997998
19477: 0.997998
19478: 0.997998
19479: 0.997998
19480: 0.997998
19481: 0.997998
19482: 0.997998
19483: 0.997998
19484: 0.997998
19485: 0.997999
19486: 0.997999
19487: 0.997999
19488: 0.997999
19489: 0.997999
19490: 0.997999
19491: 0.997999
19492: 0.997999
19493: 0.997999
19494: 0.997999
19495: 0.998
19496: 0.998
19497: 0.998
19498: 0.998
19499: 0.998
19500: 0.998
19501: 0.998
19502: 0.998
19503: 0.998
19504: 0.998001
19505: 0.998001
19506: 0.998001
19507: 0.998001
19508: 0.998001
19509: 0.998001
19510: 0.998001
19511: 0.998001
19512: 0.998001
19513: 0.998001
19514: 0.998002
19515: 0.998002
19516: 0.998002
19517: 0.998002
19518: 0.998002
19519: 0.998002
19520: 0.998002
19521: 0.998002
19522: 0.998002
19523: 0.998002
19524: 0.998003
19525: 0.998003
19526: 0.998003
19527: 0.998003
19528: 0.998003
19529: 0.998003
19530: 0.998003
19531: 0.998003
19532: 0.998003
19533: 0.998003
19534: 0.998004
19535: 0.998004
19536: 0.998004
19537: 0.998004
19538: 0.998004
19539: 0.998004
19540: 0.998004
19541: 0.998004
19542: 0.998004
19543: 0.998005
19544: 0.998005
19545: 0.998005
19546: 0.998005
19547: 0.998005
19548: 0.998005
19549: 0.998005
19550: 0.998005
19551: 0.998005
19552: 0.998005
19553: 0.998006
19554: 0.998006
19555: 0.998006
19556: 0.998006
19557: 0.998006
19558: 0.998006
19559: 0.998006
19560: 0.998006
19561: 0.998006
19562: 0.998006
19563: 0.998007
19564: 0.998007
19565: 0.998007
19566: 0.998007
19567: 0.998007
19568: 0.998007
19569: 0.998007
19570: 0.998007
19571: 0.998007
19572: 0.998007
19573: 0.998008
19574: 0.998008
19575: 0.998008
19576: 0.998008
19577: 0.998008
19578: 0.998008
19579: 0.998008
19580: 0.998008
19581: 0.998008
19582: 0.998008
19583: 0.998009
19584: 0.998009
19585: 0.998009
19586: 0.998009
19587: 0.998009
19588: 0.998009
19589: 0.998009
19590: 0.998009
19591: 0.998009
19592: 0.998009
19593: 0.99801
19594: 0.99801
19595: 0.99801
19596: 0.99801
19597: 0.99801
19598: 0.99801
19599: 0.99801
19600: 0.99801
19601: 0.99801
19602: 0.998011
19603: 0.998011
19604: 0.998011
19605: 0.998011
19606: 0.998011
19607: 0.998011
19608: 0.998011
19609: 0.998011
19610: 0.998011
19611: 0.998011
19612: 0.998012
19613: 0.998012
19614: 0.998012
19615: 0.998012
19616: 0.998012
19617: 0.998012
19618: 0.998012
19619: 0.998012
19620: 0.998012
19621: 0.998012
19622: 0.998013
19623: 0.998013
19624: 0.998013
19625: 0.998013
19626: 0.998013
19627: 0.998013
19628: 0.998013
19629: 0.998013
19630: 0.998013
19631: 0.998013
19632: 0.998014
19633: 0.998014
19634: 0.998014
19635: 0.998014
19636: 0.998014
19637: 0.998014
19638: 0.998014
19639: 0.998014
19640: 0.998014
19641: 0.998014
19642: 0.998015
19643: 0.998015
19644: 0.998015
19645: 0.998015
19646: 0.998015
19647: 0.998015
19648: 0.998015
19649: 0.998015
19650: 0.998015
19651: 0.998015
19652: 0.998016
19653: 0.998016
19654: 0.998016
19655: 0.998016
19656: 0.998016
19657: 0.998016
19658: 0.998016
19659: 0.998016
19660: 0.998016
19661: 0.998016
19662: 0.998017
19663: 0.998017
19664: 0.998017
19665: 0.998017
19666: 0.998017
19667: 0.998017
19668: 0.998017
19669: 0.998017
19670: 0.998017
19671: 0.998017
19672: 0.998018
19673: 0.998018
19674: 0.998018
19675: 0.998018
19676: 0.998018
19677: 0.998018
19678: 0.998018
19679: 0.998018
19680: 0.998018
19681: 0.998018
19682: 0.998019
19683: 0.998019
19684: 0.998019
19685: 0.998019
19686: 0.998019
19687: 0.998019
19688: 0.998019
19689: 0.998019
19690: 0.998019
19691: 0.99802
19692: 0.99802
19693: 0.99802
19694: 0.99802
19695: 0.99802
19696: 0.99802
19697: 0.99802
19698: 0.99802
19699: 0.99802
19700: 0.99802
19701: 0.998021
19702: 0.998021
19703: 0.998021
19704: 0.998021
19705: 0.998021
19706: 0.998021
19707: 0.998021
19708: 0.998021
19709: 0.998021
19710: 0.998021
19711: 0.998022
19712: 0.998022
19713: 0.998022
19714: 0.998022
19715: 0.998022
19716: 0.998022
19717: 0.998022
19718: 0.998022
19719: 0.998022
19720: 0.998022
19721: 0.998023
19722: 0.998023
19723: 0.998023
19724: 0.998023
19725: 0.998023
19726: 0.998023
19727: 0.998023
19728: 0.998023
19729: 0.998023
19730: 0.998023
19731: 0.998024
19732: 0.998024
19733: 0.998024
19734: 0.998024
19735: 0.998024
19736: 0.998024
19737: 0.998024
19738: 0.998024
19739: 0.998024
19740: 0.998024
19741: 0.998025
19742: 0.998025
19743: 0.998025
19744: 0.998025
19745: 0.998025
19746: 0.998025
19747: 0.998025
19748: 0.998025
19749: 0.998025
19750: 0.998025
19751: 0.998026
19752: 0.998026
19753: 0.998026
19754: 0.998026
19755: 0.998026
19756: 0.998026
19757: 0.998026
19758: 0.998026
19759: 0.998026
19760: 0.998026
19761: 0.998027
19762: 0.998027
19763: 0.998027
19764: 0.998027
19765: 0.998027
19766: 0.998027
19767: 0.998027
19768: 0.998027
19769: 0.998027
19770: 0.998027
19771: 0.998028
19772: 0.998028
19773: 0.998028
19774: 0.998028
19775: 0.998028
19776: 0.998028
19777: 0.998028
19778: 0.998028
19779: 0.998028
19780: 0.998028
19781: 0.998029
19782: 0.998029
19783: 0.998029
19784: 0.998029
19785: 0.998029
19786: 0.998029
19787: 0.998029
19788: 0.998029
19789: 0.998029
19790: 0.998029
19791: 0.99803
19792: 0.99803
19793: 0.99803
19794: 0.99803
19795: 0.99803
19796: 0.99803
19797: 0.99803
19798: 0.99803
19799: 0.99803
19800: 0.99803
19801: 0.998031
19802: 0.998031
19803: 0.998031
19804: 0.998031
19805: 0.998031
19806: 0.998031
19807: 0.998031
19808: 0.998031
19809: 0.998031
19810: 0.998031
19811: 0.998031
19812: 0.998032
19813: 0.998032
19814: 0.998032
19815: 0.998032
19816: 0.998032
19817: 0.998032
19818: 0.998032
19819: 0.998032
19820: 0.998032
19821: 0.998032
19822: 0.998033
19823: 0.998033
19824: 0.998033
19825: 0.998033
19826: 0.998033
19827: 0.998033
19828: 0.998033
19829: 0.998033
19830: 0.998033
19831: 0.998033
19832: 0.998034
19833: 0.998034
19834: 0.998034
19835: 0.998034
19836: 0.998034
19837: 0.998034
19838: 0.998034
19839: 0.998034
19840: 0.998034
19841: 0.998034
19842: 0.998035
19843: 0.998035
19844: 0.998035
19845: 0.998035
19846: 0.998035
19847: 0.998035
19848: 0.998035
19849: 0.998035
19850: 0.998035
19851: 0.998035
19852: 0.998036
19853: 0.998036
19854: 0.998036
19855: 0.998036
19856: 0.998036
19857: 0.998036
19858: 0.998036
19859: 0.998036
19860: 0.998036
19861: 0.998036
19862: 0.998037
19863: 0.998037
19864: 0.998037
19865: 0.998037
19866: 0.998037
19867: 0.998037
19868: 0.998037
19869: 0.998037
19870: 0.998037
19871: 0.998037
19872: 0.998038
19873: 0.998038
19874: 0.998038
19875: 0.998038
19876: 0.998038
19877: 0.998038
19878: 0.998038
19879: 0.998038
19880: 0.998038
19881: 0.998038
19882: 0.998039
19883: 0.998039
19884: 0.998039
19885: 0.998039
19886: 0.998039
19887: 0.998039
19888: 0.998039
19889: 0.998039
19890: 0.998039
19891: 0.998039
19892: 0.99804
19893: 0.99804
19894: 0.99804
19895: 0.99804
19896: 0.99804
19897: 0.99804
19898: 0.99804
19899: 0.99804
19900: 0.99804
19901: 0.99804
19902: 0.99804
19903: 0.998041
19904: 0.998041
19905: 0.998041
19906: 0.998041
19907: 0.998041
19908: 0.998041
19909: 0.998041
19910: 0.998041
19911: 0.998041
19912: 0.998041
19913: 0.998042
19914: 0.998042
19915: 0.998042
19916: 0.998042
19917: 0.998042
19918: 0.998042
19919: 0.998042
19920: 0.998042
19921: 0.998042
19922: 0.998042
19923: 0.998043
19924: 0.998043
19925: 0.998043
19926: 0.998043
19927: 0.998043
19928: 0.998043
19929: 0.998043
19930: 0.998043
19931: 0.998043
19932: 0.998043
19933: 0.998044
19934: 0.998044
19935: 0.998044
19936: 0.998044
19937: 0.998044
19938: 0.998044
19939: 0.998044
19940: 0.998044
19941: 0.998044
19942: 0.998044
19943: 0.998045
19944: 0.998045
19945: 0.998045
19946: 0.998045
19947: 0.998045
19948: 0.998045
19949: 0.998045
19950: 0.998045
19951: 0.998045
19952: 0.998045
19953: 0.998046
19954: 0.998046
19955: 0.998046
19956: 0.998046
19957: 0.998046
19958: 0.998046
19959: 0.998046
19960: 0.998046
19961: 0.998046
19962: 0.998046
19963: 0.998046
19964: 0.998047
19965: 0.998047
19966: 0.998047
19967: 0.998047
19968: 0.998047
19969: 0.998047
19970: 0.998047
19971: 0.998047
19972: 0.998047
19973: 0.998047
19974: 0.998048
19975: 0.998048
19976: 0.998048
19977: 0.998048
19978: 0.998048
19979: 0.998048
19980: 0.998048
19981: 0.998048
19982: 0.998048
19983: 0.998048
19984: 0.998049
19985: 0.998049
19986: 0.998049
19987: 0.998049
19988: 0.998049
19989: 0.998049
19990: 0.998049
19991: 0.998049
19992: 0.998049
19993: 0.998049
19994: 0.99805
19995: 0.99805
19996: 0.99805
19997: 0.99805
19998: 0.99805
19999: 0.99805
20000: 0.99805
20001: 0.99805
20002: 0.99805
20003: 0.99805
20004: 0.99805
20005: 0.998051
20006: 0.998051
20007: 0.998051
20008: 0.998051
20009: 0.998051
20010: 0.998051
20011: 0.998051
20012: 0.998051
20013: 0.998051
20014: 0.998051
20015: 0.998052
20016: 0.998052
20017: 0.998052
20018: 0.998052
20019: 0.998052
20020: 0.998052
20021: 0.998052
20022: 0.998052
20023: 0.998052
20024: 0.998052
20025: 0.998053
20026: 0.998053
20027: 0.998053
20028: 0.998053
20029: 0.998053
20030: 0.998053
20031: 0.998053
20032: 0.998053
20033: 0.998053
20034: 0.998053
20035: 0.998054
20036: 0.998054
20037: 0.998054
20038: 0.998054
20039: 0.998054
20040: 0.998054
20041: 0.998054
20042: 0.998054
20043: 0.998054
20044: 0.998054
20045: 0.998054
20046: 0.998055
20047: 0.998055
20048: 0.998055
20049: 0.998055
20050: 0.998055
20051: 0.998055
20052: 0.998055
20053: 0.998055
20054: 0.998055
20055: 0.998055
20056: 0.998056
20057: 0.998056
20058: 0.998056
20059: 0.998056
20060: 0.998056
20061: 0.998056
20062: 0.998056
20063: 0.998056
20064: 0.998056
20065: 0.998056
20066: 0.998057
20067: 0.998057
20068: 0.998057
20069: 0.998057
20070: 0.998057
20071: 0.998057
20072: 0.998057
20073: 0.998057
20074: 0.998057
20075: 0.998057
20076: 0.998057
20077: 0.998058
20078: 0.998058
20079: 0.998058
20080: 0.998058
20081: 0.998058
20082: 0.998058
20083: 0.998058
20084: 0.998058
20085: 0.998058
20086: 0.998058
20087: 0.998059
20088: 0.998059
20089: 0.998059
20090: 0.998059
20091: 0.998059
20092: 0.998059
20093: 0.998059
20094: 0.998059
20095: 0.998059
20096: 0.998059
20097: 0.99806
20098: 0.99806
20099: 0.99806
20100: 0.99806
20101: 0.99806
20102: 0.99806
20103: 0.99806
20104: 0.99806
20105: 0.99806
20106: 0.99806
20107: 0.99806
20108: 0.998061
20109: 0.998061
20110: 0.998061
20111: 0.998061
20112: 0.998061
20113: 0.998061
20114: 0.998061
20115: 0.998061
20116: 0.998061
20117: 0.998061
20118: 0.998062
20119: 0.998062
20120: 0.998062
20121: 0.998062
20122: 0.998062
20123: 0.998062
20124: 0.998062
20125: 0.998062
20126: 0.998062
20127: 0.998062
20128: 0.998062
20129: 0.998063
20130: 0.998063
20131: 0.998063
20132: 0.998063
20133: 0.998063
20134: 0.998063
20135: 0.998063
20136: 0.998063
20137: 0.998063
20138: 0.998063
20139: 0.998064
20140: 0.998064
20141: 0.998064
20142: 0.998064
20143: 0.998064
20144: 0.998064
20145: 0.998064
20146: 0.998064
20147: 0.998064
20148: 0.998064
20149: 0.998065
20150: 0.998065
20151: 0.998065
20152: 0.998065
20153: 0.998065
20154: 0.998065
20155: 0.998065
20156: 0.998065
20157: 0.998065
20158: 0.998065
20159: 0.998065
20160: 0.998066
20161: 0.998066
20162: 0.998066
20163: 0.998066
20164: 0.998066
20165: 0.998066
20166: 0.998066
20167: 0.998066
20168: 0.998066
20169: 0.998066
20170: 0.998067
20171: 0.998067
20172: 0.998067
20173: 0.998067
20174: 0.998067
20175: 0.998067
20176: 0.998067
20177: 0.998067
20178: 0.998067
20179: 0.998067
20180: 0.998067
20181: 0.998068
20182: 0.998068
20183: 0.998068
20184: 0.998068
20185: 0.998068
20186: 0.998068
20187: 0.998068
20188: 0.998068
20189: 0.998068
20190: 0.998068
20191: 0.998069
20192: 0.998069
20193: 0.998069
20194: 0.998069
20195: 0.998069
20196: 0.998069
20197: 0.998069
20198: 0.998069
20199: 0.998069
20200: 0.998069
20201: 0.998069
20202: 0.99807
20203: 0.99807
20204: 0.99807
20205: 0.99807
20206: 0.99807
20207: 0.99807
20208: 0.99807
20209: 0.99807
20210: 0.99807
20211: 0.99807
20212: 0.998071
20213: 0.998071
20214: 0.998071
20215: 0.998071
20216: 0.998071
20217: 0.998071
20218: 0.998071
20219: 0.998071
20220: 0.998071
20221: 0.998071
20222: 0.998072
20223: 0.998072
20224: 0.998072
20225: 0.998072
20226: 0.998072
20227: 0.998072
20228: 0.998072
20229: 0.998072
20230: 0.998072
20231: 0.998072
20232: 0.998072
20233: 0.998073
20234: 0.998073
20235: 0.998073
20236: 0.998073
20237: 0.998073
20238: 0.998073
20239: 0.998073
20240: 0.998073
20241: 0.998073
20242: 0.998073
20243: 0.998074
20244: 0.998074
20245: 0.998074
20246: 0.998074
20247: 0.998074
20248: 0.998074
20249: 0.998074
20250: 0.998074
20251: 0.998074
20252: 0.998074
20253: 0.998074
20254: 0.998075
20255: 0.998075
20256: 0.998075
20257: 0.998075
20258: 0.998075
20259: 0.998075
20260: 0.998075
20261: 0.998075
20262: 0.998075
20263: 0.998075
20264: 0.998075
20265: 0.998076
20266: 0.998076
20267: 0.998076
20268: 0.998076
20269: 0.998076
20270: 0.998076
20271: 0.998076
20272: 0.998076
20273: 0.998076
20274: 0.998076
20275: 0.998077
20276: 0.998077
20277: 0.998077
20278: 0.998077
20279: 0.998077
20280: 0.998077
20281: 0.998077
20282: 0.998077
20283: 0.998077
20284: 0.998077
20285: 0.998077
20286: 0.998078
20287: 0.998078
20288: 0.998078
20289: 0.998078
20290: 0.998078
20291: 0.998078
20292: 0.998078
20293: 0.998078
20294: 0.998078
20295: 0.998078
20296: 0.998079
20297: 0.998079
20298: 0.998079
20299: 0.998079
20300: 0.998079
20301: 0.998079
20302: 0.998079
20303: 0.998079
20304: 0.998079
20305: 0.998079
20306: 0.998079
20307: 0.99808
20308: 0.99808
20309: 0.99808
20310: 0.99808
20311: 0.99808
20312: 0.99808
20313: 0.99808
20314: 0.99808
20315: 0.99808
20316: 0.99808
20317: 0.998081
20318: 0.998081
20319: 0.998081
20320: 0.998081
20321: 0.998081
20322: 0.998081
20323: 0.998081
20324: 0.998081
20325: 0.998081
20326: 0.998081
20327: 0.998081
20328: 0.998082
20329: 0.998082
20330: 0.998082
20331: 0.998082
20332: 0.998082
20333: 0.998082
20334: 0.998082
20335: 0.998082
20336: 0.998082
20337: 0.998082
20338: 0.998083
20339: 0.998083
20340: 0.998083
20341: 0.998083
20342: 0.998083
20343: 0.998083
20344: 0.998083
20345: 0.998083
20346: 0.998083
20347: 0.998083
20348: 0.998083
20349: 0.998084
20350: 0.998084
20351: 0.998084
20352: 0.998084
20353: 0.998084
20354: 0.998084
20355: 0.998084
20356: 0.998084
20357: 0.998084
20358: 0.998084
20359: 0.998084
20360: 0.998085
20361: 0.998085
20362: 0.998085
20363: 0.998085
20364: 0.998085
20365: 0.998085
20366: 0.998085
20367: 0.998085
20368: 0.998085
20369: 0.998085
20370: 0.998086
20371: 0.998086
20372: 0.998086
20373: 0.998086
20374: 0.998086
20375: 0.998086
20376: 0.998086
20377: 0.998086
20378: 0.998086
20379: 0.998086
20380: 0.998086
20381: 0.998087
20382: 0.998087
20383: 0.998087
20384: 0.998087
20385: 0.998087
20386: 0.998087
20387: 0.998087
20388: 0.998087
20389: 0.998087
20390: 0.998087
20391: 0.998087
20392: 0.998088
20393: 0.998088
20394: 0.998088
20395: 0.998088
20396: 0.998088
20397: 0.998088
20398: 0.998088
20399: 0.998088
20400: 0.998088
20401: 0.998088
20402: 0.998089
20403: 0.998089
20404: 0.998089
20405: 0.998089
20406: 0.998089
20407: 0.998089
20408: 0.998089
20409: 0.998089
20410: 0.998089
20411: 0.998089
20412: 0.998089
20413: 0.99809
20414: 0.99809
20415: 0.99809
20416: 0.99809
20417: 0.99809
20418: 0.99809
20419: 0.99809
20420: 0.99809
20421: 0.99809
20422: 0.99809
20423: 0.99809
20424: 0.998091
20425: 0.998091
20426: 0.998091
20427: 0.998091
20428: 0.998091
20429: 0.998091
20430: 0.998091
20431: 0.998091
20432: 0.998091
20433: 0.998091
20434: 0.998092
20435: 0.998092
20436: 0.998092
20437: 0.998092
20438: 0.998092
20439: 0.998092
20440: 0.998092
20441: 0.998092
20442: 0.998092
20443: 0.998092
20444: 0.998092
20445: 0.998093
20446: 0.998093
20447: 0.998093
20448: 0.998093
20449: 0.998093
20450: 0.998093
20451: 0.998093
20452: 0.998093
20453: 0.998093
20454: 0.998093
20455: 0.998093
20456: 0.998094
20457: 0.998094
20458: 0.998094
20459: 0.998094
20460: 0.998094
20461: 0.998094
20462: 0.998094
20463: 0.998094
20464: 0.998094
20465: 0.998094
20466: 0.998094
20467: 0.998095
20468: 0.998095
20469: 0.998095
20470: 0.998095
20471: 0.998095
20472: 0.998095
20473: 0.998095
20474: 0.998095
20475: 0.998095
20476: 0.998095
20477: 0.998096
20478: 0.998096
20479: 0.998096
20480: 0.998096
20481: 0.998096
20482: 0.998096
20483: 0.998096
20484: 0.998096
20485: 0.998096
20486: 0.998096
20487: 0.998096
20488: 0.998097
20489: 0.998097
20490: 0.998097
20491: 0.998097
20492: 0.998097
20493: 0.998097
20494: 0.998097
20495: 0.998097
20496: 0.998097
20497: 0.998097
20498: 0.998097
20499: 0.998098
20500: 0.998098
20501: 0.998098
20502: 0.998098
20503: 0.998098
20504: 0.998098
20505: 0.998098
20506: 0.998098
20507: 0.998098
20508: 0.998098
20509: 0.998098
20510: 0.998099
20511: 0.998099
20512: 0.998099
20513: 0.998099
20514: 0.998099
20515: 0.998099
20516: 0.998099
20517: 0.998099
20518: 0.998099
20519: 0.998099
20520: 0.9981
20521: 0.9981
20522: 0.9981
20523: 0.9981
20524: 0.9981
20525: 0.9981
20526: 0.9981
20527: 0.9981
20528: 0.9981
20529: 0.9981
20530: 0.9981
20531: 0.998101
20532: 0.998101
20533: 0.998101
20534: 0.998101
20535: 0.998101
20536: 0.998101
20537: 0.998101
20538: 0.998101
20539: 0.998101
20540: 0.998101
20541: 0.998101
20542: 0.998102
20543: 0.998102
20544: 0.998102
20545: 0.998102
20546: 0.998102
20547: 0.998102
20548: 0.998102
20549: 0.998102
20550: 0.998102
20551: 0.998102
20552: 0.998102
20553: 0.998103
20554: 0.998103
20555: 0.998103
20556: 0.998103
20557: 0.998103
20558: 0.998103
20559: 0.998103
20560: 0.998103
20561: 0.998103
20562: 0.998103
20563: 0.998103
20564: 0.998104
20565: 0.998104
20566: 0.998104
20567: 0.998104
20568: 0.998104
20569: 0.998104
20570: 0.998104
20571: 0.998104
20572: 0.998104
20573: 0.998104
20574: 0.998104
20575: 0.998105
20576: 0.998105
20577: 0.998105
20578: 0.998105
20579: 0.998105
20580: 0.998105
20581: 0.998105
20582: 0.998105
20583: 0.998105
20584: 0.998105
20585: 0.998106
20586: 0.998106
20587: 0.998106
20588: 0.998106
20589: 0.998106
20590: 0.998106
20591: 0.998106
20592: 0.998106
20593: 0.998106
20594: 0.998106
20595: 0.998106
20596: 0.998107
20597: 0.998107
20598: 0.998107
20599: 0.998107
20600: 0.998107
20601: 0.998107
20602: 0.998107
20603: 0.998107
20604: 0.998107
20605: 0.998107
20606: 0.998107
20607: 0.998108
20608: 0.998108
20609: 0.998108
20610: 0.998108
20611: 0.998108
20612: 0.998108
20613: 0.998108
20614: 0.998108
20615: 0.998108
20616: 0.998108
20617: 0.998108
20618: 0.998109
20619: 0.998109
20620: 0.998109
20621: 0.998109
20622: 0.998109
20623: 0.998109
20624: 0.998109
20625: 0.998109
20626: 0.998109
20627: 0.998109
20628: 0.998109
20629: 0.99811
20630: 0.99811
20631: 0.99811
20632: 0.99811
20633: 0.99811
20634: 0.99811
20635: 0.99811
20636: 0.99811
20637: 0.99811
20638: 0.99811
20639: 0.99811
20640: 0.998111
20641: 0.998111
20642: 0.998111
20643: 0.998111
20644: 0.998111
20645: 0.998111
20646: 0.998111
20647: 0.998111
20648: 0.998111
20649: 0.998111
20650: 0.998111
20651: 0.998112
20652: 0.998112
20653: 0.998112
20654: 0.998112
20655: 0.998112
20656: 0.998112
20657: 0.998112
20658: 0.998112
20659: 0.998112
20660: 0.998112
20661: 0.998112
20662: 0.998113
20663: 0.998113
20664: 0.998113
20665: 0.998113
20666: 0.998113
20667: 0.998113
20668: 0.998113
20669: 0.998113
20670: 0.998113
20671: 0.998113
20672: 0.998113
20673: 0.998114
20674: 0.998114
20675: 0.998114
20676: 0.998114
20677: 0.998114
20678: 0.998114
20679: 0.998114
20680: 0.998114
20681: 0.998114
20682: 0.998114
20683: 0.998114
20684: 0.998115
20685: 0.998115
20686: 0.998115
20687: 0.998115
20688: 0.998115
20689: 0.998115
20690: 0.998115
20691: 0.998115
20692: 0.998115
20693: 0.998115
20694: 0.998115
20695: 0.998116
20696: 0.998116
20697: 0.998116
20698: 0.998116
20699: 0.998116
20700: 0.998116
20701: 0.998116
20702: 0.998116
20703: 0.998116
20704: 0.998116
20705: 0.998116
20706: 0.998117
20707: 0.998117
20708: 0.998117
20709: 0.998117
20710: 0.998117
20711: 0.998117
20712: 0.998117
20713: 0.998117
20714: 0.998117
20715: 0.998117
20716: 0.998117
20717: 0.998118
20718: 0.998118
20719: 0.998118
20720: 0.998118
20721: 0.998118
20722: 0.998118
20723: 0.998118
20724: 0.998118
20725: 0.998118
20726: 0.998118
20727: 0.998118
20728: 0.998119
20729: 0.998119
20730: 0.998119
20731: 0.998119
20732: 0.998119
20733: 0.998119
20734: 0.998119
20735: 0.998119
20736: 0.998119
20737: 0.998119
20738: 0.998119
20739: 0.99812
20740: 0.99812
20741: 0.99812
20742: 0.99812
20743: 0.99812
20744: 0.99812
20745: 0.99812
20746: 0.99812
20747: 0.99812
20748: 0.99812
20749: 0.99812
20750: 0.998121
20751: 0.998121
20752: 0.998121
20753: 0.998121
20754: 0.998121
20755: 0.998121
20756: 0.998121
20757: 0.998121
20758: 0.998121
20759: 0.998121
20760: 0.998121
20761: 0.998122
20762: 0.998122
20763: 0.998122
20764: 0.998122
20765: 0.998122
20766: 0.998122
20767: 0.998122
20768: 0.998122
20769: 0.998122
20770: 0.998122
20771: 0.998122
20772: 0.998123
20773: 0.998123
20774: 0.998123
20775: 0.998123
20776: 0.998123
20777: 0.998123
20778: 0.998123
20779: 0.998123
20780: 0.998123
20781: 0.998123
20782: 0.998123
20783: 0.998124
20784: 0.998124
20785: 0.998124
20786: 0.998124
20787: 0.998124
20788: 0.998124
20789: 0.998124
20790: 0.998124
20791: 0.998124
20792: 0.998124
20793: 0.998124
20794: 0.998125
20795: 0.998125
20796: 0.998125
20797: 0.998125
20798: 0.998125
20799: 0.998125
20800: 0.998125
20801: 0.998125
20802: 0.998125
20803: 0.998125
20804: 0.998125
20805: 0.998126
20806: 0.998126
20807: 0.998126
20808: 0.998126
20809: 0.998126
20810: 0.998126
20811: 0.998126
20812: 0.998126
20813: 0.998126
20814: 0.998126
20815: 0.998126
20816: 0.998127
20817: 0.998127
20818: 0.998127
20819: 0.998127
20820: 0.998127
20821: 0.998127
20822: 0.998127
20823: 0.998127
20824: 0.998127
20825: 0.998127
20826: 0.998127
20827: 0.998128
20828: 0.998128
20829: 0.998128
20830: 0.998128
20831: 0.998128
20832: 0.998128
20833: 0.998128
20834: 0.998128
20835: 0.998128
20836: 0.998128
20837: 0.998128
20838: 0.998129
20839: 0.998129
20840: 0.998129
20841: 0.998129
20842: 0.998129
20843: 0.998129
20844: 0.998129
20845: 0.998129
20846: 0.998129
20847: 0.998129
20848: 0.998129
20849: 0.998129
20850: 0.99813
20851: 0.99813
20852: 0.99813
20853: 0.99813
20854: 0.99813
20855: 0.99813
20856: 0.99813
20857: 0.99813
20858: 0.99813
20859: 0.99813
20860: 0.99813
20861: 0.998131
20862: 0.998131
20863: 0.998131
20864: 0.998131
20865: 0.998131
20866: 0.998131
20867: 0.998131
20868: 0.998131
20869: 0.998131
20870: 0.998131
20871: 0.998131
20872: 0.998132
20873: 0.998132
20874: 0.998132
20875: 0.998132
20876: 0.998132
20877: 0.998132
20878: 0.998132
20879: 0.998132
20880: 0.998132
20881: 0.998132
20882: 0.998132
20883: 0.998133
20884: 0.998133
20885: 0.998133
20886: 0.998133
20887: 0.998133
20888: 0.998133
20889: 0.998133
20890: 0.998133
20891: 0.998133
20892: 0.998133
20893: 0.998133
20894: 0.998134
20895: 0.998134
20896: 0.998134
20897: 0.998134
20898: 0.998134
20899: 0.998134
20900: 0.998134
20901: 0.998134
20902: 0.998134
20903: 0.998134
20904: 0.998134
20905: 0.998135
20906: 0.998135
20907: 0.998135
20908: 0.998135
20909: 0.998135
20910: 0.998135
20911: 0.998135
20912: 0.998135
20913: 0.998135
20914: 0.998135
20915: 0.998135
20916: 0.998135
20917: 0.998136
20918: 0.998136
20919: 0.998136
20920: 0.998136
20921: 0.998136
20922: 0.998136
20923: 0.998136
20924: 0.998136
20925: 0.998136
20926: 0.998136
20927: 0.998136
20928: 0.998137
20929: 0.998137
20930: 0.998137
20931: 0.998137
20932: 0.998137
20933: 0.998137
20934: 0.998137
20935: 0.998137
20936: 0.998137
20937: 0.998137
20938: 0.998137
20939: 0.998138
20940: 0.998138
20941: 0.998138
20942: 0.998138
20943: 0.998138
20944: 0.998138
20945: 0.998138
20946: 0.998138
20947: 0.998138
20948: 0.998138
20949: 0.998138
20950: 0.998139
20951: 0.998139
20952: 0.998139
20953: 0.998139
20954: 0.998139
20955: 0.998139
20956: 0.998139
20957: 0.998139
20958: 0.998139
20959: 0.998139
20960: 0.998139
20961: 0.998139
20962: 0.99814
20963: 0.99814
20964: 0.99814
20965: 0.99814
20966: 0.99814
20967: 0.99814
20968: 0.99814
20969: 0.99814
20970: 0.99814
20971: 0.99814
20972: 0.99814
20973: 0.998141
20974: 0.998141
20975: 0.998141
20976: 0.998141
20977: 0.998141
20978: 0.998141
20979: 0.998141
20980: 0.998141
20981: 0.998141
20982: 0.998141
20983: 0.998141
20984: 0.998142
20985: 0.998142
20986: 0.998142
20987: 0.998142
20988: 0.998142
20989: 0.998142
20990: 0.998142
20991: 0.998142
20992: 0.998142
20993: 0.998142
20994: 0.998142
20995: 0.998143
20996: 0.998143
20997: 0.998143
20998: 0.998143
20999: 0.998143
21000: 0.998143
21001: 0.998143
21002: 0.998143
21003: 0.998143
21004: 0.998143
21005: 0.998143
21006: 0.998143
21007: 0.998144
21008: 0.998144
21009: 0.998144
21010: 0.998144
21011: 0.998144
21012: 0.998144
21013: 0.998144
21014: 0.998144
21015: 0.998144
21016: 0.998144
21017: 0.998144
21018: 0.998145
21019: 0.998145
21020: 0.998145
21021: 0.998145
21022: 0.998145
21023: 0.998145
21024: 0.998145
21025: 0.998145
21026: 0.998145
21027: 0.998145
21028: 0.998145
21029: 0.998146
21030: 0.998146
21031: 0.998146
21032: 0.998146
21033: 0.998146
21034: 0.998146
21035: 0.998146
21036: 0.998146
21037: 0.998146
21038: 0.998146
21039: 0.998146
21040: 0.998146
21041: 0.998147
21042: 0.998147
21043: 0.998147
21044: 0.998147
21045: 0.998147
21046: 0.998147
21047: 0.998147
21048: 0.998147
21049: 0.998147
21050: 0.998147
21051: 0.998147
21052: 0.998148
21053: 0.998148
21054: 0.998148
21055: 0.998148
21056: 0.998148
21057: 0.998148
21058: 0.998148
21059: 0.998148
21060: 0.998148
21061: 0.998148
21062: 0.998148
21063: 0.998148
21064: 0.998149
21065: 0.998149
21066: 0.998149
21067: 0.998149
21068: 0.998149
21069: 0.998149
21070: 0.998149
21071: 0.998149
21072: 0.998149
21073: 0.998149
21074: 0.998149
21075: 0.99815
21076: 0.99815
21077: 0.99815
21078: 0.99815
21079: 0.99815
21080: 0.99815
21081: 0.99815
21082: 0.99815
21083: 0.99815
21084: 0.99815
21085: 0.99815
21086: 0.998151
21087: 0.998151
21088: 0.998151
21089: 0.998151
21090: 0.998151
21091: 0.998151
21092: 0.998151
21093: 0.998151
21094: 0.998151
21095: 0.998151
21096: 0.998151
21097: 0.998151
21098: 0.998152
21099: 0.998152
21100: 0.998152
21101: 0.998152
21102: 0.998152
21103: 0.998152
21104: 0.998152
21105: 0.998152
21106: 0.998152
21107: 0.998152
21108: 0.998152
21109: 0.998153
21110: 0.998153
21111: 0.998153
21112: 0.998153
21113: 0.998153
21114: 0.998153
21115: 0.998153
21116: 0.998153
21117: 0.998153
21118: 0.998153
21119: 0.998153
21120: 0.998153
21121: 0.998154
21122: 0.998154
21123: 0.998154
21124: 0.998154
21125: 0.998154
21126: 0.998154
21127: 0.998154
21128: 0.998154
21129: 0.998154
21130: 0.998154
21131: 0.998154
21132: 0.998155
21133: 0.998155
21134: 0.998155
21135: 0.998155
21136: 0.998155
21137: 0.998155
21138: 0.998155
21139: 0.998155
21140: 0.998155
21141: 0.998155
21142: 0.998155
21143: 0.998156
21144: 0.998156
21145: 0.998156
21146: 0.998156
21147: 0.998156
21148: 0.998156
21149: 0.998156
21150: 0.998156
21151: 0.998156
21152: 0.998156
21153: 0.998156
21154: 0.998156
21155: 0.998157
21156: 0.998157
21157: 0.998157
21158: 0.998157
21159: 0.998157
21160: 0.998157
21161: 0.998157
21162: 0.998157
21163: 0.998157
21164: 0.998157
21165: 0.998157
21166: 0.998158
21167: 0.998158
21168: 0.998158
21169: 0.998158
21170: 0.998158
21171: 0.998158
21172: 0.998158
21173: 0.998158
21174: 0.998158
21175: 0.998158
21176: 0.998158
21177: 0.998158
21178: 0.998159
21179: 0.998159
21180: 0.998159
21181: 0.998159
21182: 0.998159
21183: 0.998159
21184: 0.998159
21185: 0.998159
21186: 0.998159
21187: 0.998159
21188: 0.998159
21189: 0.99816
21190: 0.99816
21191: 0.99816
21192: 0.99816
21193: 0.99816
21194: 0.99816
21195: 0.99816
21196: 0.99816
21197: 0.99816
21198: 0.99816
21199: 0.99816
21200: 0.99816
21201: 0.998161
21202: 0.998161
21203: 0.998161
21204: 0.998161
21205: 0.998161
21206: 0.998161
21207: 0.998161
21208: 0.998161
21209: 0.998161
21210: 0.998161
21211: 0.998161
21212: 0.998162
21213: 0.998162
21214: 0.998162
21215: 0.998162
21216: 0.998162
21217: 0.998162
21218: 0.998162
21219: 0.998162
21220: 0.998162
21221: 0.998162
21222: 0.998162
21223: 0.998162
21224: 0.998163
21225: 0.998163
21226: 0.998163
21227: 0.998163
21228: 0.998163
21229: 0.998163
21230: 0.998163
21231: 0.998163
21232: 0.998163
21233: 0.998163
21234: 0.998163
21235: 0.998163
21236: 0.998164
21237: 0.998164
21238: 0.998164
21239: 0.998164
21240: 0.998164
21241: 0.998164
21242: 0.998164
21243: 0.998164
21244: 0.998164
21245: 0.998164
21246: 0.998164
21247: 0.998165
21248: 0.998165
21249: 0.998165
21250: 0.998165
21251: 0.998165
21252: 0.998165
21253: 0.998165
21254: 0.998165
21255: 0.998165
21256: 0.998165
21257: 0.998165
21258: 0.998165
21259: 0.998166
21260: 0.998166
21261: 0.998166
21262: 0.998166
21263: 0.998166
21264: 0.998166
21265: 0.998166
21266: 0.998166
21267: 0.998166
21268: 0.998166
21269: 0.998166
21270: 0.998167
21271: 0.998167
21272: 0.998167
21273: 0.998167
21274: 0.998167
21275: 0.998167
21276: 0.998167
21277: 0.998167
21278: 0.998167
21279: 0.998167
21280: 0.998167
21281: 0.998167
21282: 0.998168
21283: 0.998168
21284: 0.998168
21285: 0.998168
21286: 0.998168
21287: 0.998168
21288: 0.998168
21289: 0.998168
21290: 0.998168
21291: 0.998168
21292: 0.998168
21293: 0.998168
21294: 0.998169
21295: 0.998169
21296: 0.998169
21297: 0.998169
21298: 0.998169
21299: 0.998169
21300: 0.998169
21301: 0.998169
21302: 0.998169
21303: 0.998169
21304: 0.998169
21305: 0.99817
21306: 0.99817
21307: 0.99817
21308: 0.99817
21309: 0.99817
21310: 0.99817
21311: 0.99817
21312: 0.99817
21313: 0.99817
21314: 0.99817
21315: 0.99817
21316: 0.99817
21317: 0.998171
21318: 0.998171
21319: 0.998171
21320: 0.998171
21321: 0.998171
21322: 0.998171
21323: 0.998171
21324: 0.998171
21325: 0.998171
21326: 0.998171
21327: 0.998171
21328: 0.998172
21329: 0.998172
21330: 0.998172
21331: 0.998172
21332: 0.998172
21333: 0.998172
21334: 0.998172
21335: 0.998172
21336: 0.998172
21337: 0.998172
21338: 0.998172
21339: 0.998172
21340: 0.998173
21341: 0.998173
21342: 0.998173
21343: 0.998173
21344: 0.998173
21345: 0.998173
21346: 0.998173
21347: 0.998173
21348: 0.998173
21349: 0.998173
21350: 0.998173
21351: 0.998173
21352: 0.998174
21353: 0.998174
21354: 0.998174
21355: 0.998174
21356: 0.998174
21357: 0.998174
21358: 0.998174
21359: 0.998174
21360: 0.998174
21361: 0.998174
21362: 0.998174
21363: 0.998174
21364: 0.998175
21365: 0.998175
21366: 0.998175
21367: 0.998175
21368: 0.998175
21369: 0.998175
21370: 0.998175
21371: 0.998175
21372: 0.998175
21373: 0.998175
21374: 0.998175
21375: 0.998176
21376: 0.998176
21377: 0.998176
21378: 0.998176
21379: 0.998176
21380: 0.998176
21381: 0.998176
21382: 0.998176
21383: 0.998176
21384: 0.998176
21385: 0.998176
21386: 0.998176
21387: 0.998177
21388: 0.998177
21389: 0.998177
21390: 0.998177
21391: 0.998177
21392: 0.998177
21393: 0.998177
21394: 0.998177
21395: 0.998177
21396: 0.998177
21397: 0.998177
21398: 0.998177
21399: 0.998178
21400: 0.998178
21401: 0.998178
21402: 0.998178
21403: 0.998178
21404: 0.998178
21405: 0.998178
21406: 0.998178
21407: 0.998178
21408: 0.998178
21409: 0.998178
21410: 0.998179
21411: 0.998179
21412: 0.998179
21413: 0.998179
21414: 0.998179
21415: 0.998179
21416: 0.998179
21417: 0.998179
21418: 0.998179
21419: 0.998179
21420: 0.998179
21421: 0.998179
21422: 0.99818
21423: 0.99818
21424: 0.99818
21425: 0.99818
21426: 0.99818
21427: 0.99818
21428: 0.99818
21429: 0.99818
21430: 0.99818
21431: 0.99818
21432: 0.99818
21433: 0.99818
21434: 0.998181
21435: 0.998181
21436: 0.998181
21437: 0.998181
21438: 0.998181
21439: 0.998181
21440: 0.998181
21441: 0.998181
21442: 0.998181
21443: 0.998181
21444: 0.998181
21445: 0.998181
21446: 0.998182
21447: 0.998182
21448: 0.998182
21449: 0.998182
21450: 0.998182
21451: 0.998182
21452: 0.998182
21453: 0.998182
21454: 0.998182
21455: 0.998182
21456: 0.998182
21457: 0.998182
21458: 0.998183
21459: 0.998183
21460: 0.998183
21461: 0.998183
21462: 0.998183
21463: 0.998183
21464: 0.998183
21465: 0.998183
21466: 0.998183
21467: 0.998183
21468: 0.998183
21469: 0.998184
21470: 0.998184
21471: 0.998184
21472: 0.998184
21473: 0.998184
21474: 0.998184
21475: 0.998184
21476: 0.998184
21477: 0.998184
21478: 0.998184
21479: 0.998184
21480: 0.998184
21481: 0.998185
21482: 0.998185
21483: 0.998185
21484: 0.998185
21485: 0.998185
21486: 0.998185
21487: 0.998185
21488: 0.998185
21489: 0.998185
21490: 0.998185
21491: 0.998185
21492: 0.998185
21493: 0.998186
21494: 0.998186
21495: 0.998186
21496: 0.998186
21497: 0.998186
21498: 0.998186
21499: 0.998186
21500: 0.998186
21501: 0.998186
21502: 0.998186
21503: 0.998186
21504: 0.998186
21505: 0.998187
21506: 0.998187
21507: 0.998187
21508: 0.998187
21509: 0.998187
21510: 0.998187
21511: 0.998187
21512: 0.998187
21513: 0.998187
21514: 0.998187
21515: 0.998187
21516: 0.998187
21517: 0.998188
21518: 0.998188
21519: 0.998188
21520: 0.998188
21521: 0.998188
21522: 0.998188
21523: 0.998188
21524: 0.998188
21525: 0.998188
21526: 0.998188
21527: 0.998188
21528: 0.998188
21529: 0.998189
21530: 0.998189
21531: 0.998189
21532: 0.998189
21533: 0.998189
21534: 0.998189
21535: 0.998189
21536: 0.998189
21537: 0.998189
21538: 0.998189
21539: 0.998189
21540: 0.998189
21541: 0.99819
21542: 0.99819
21543: 0.99819
21544: 0.99819
21545: 0.99819
21546: 0.99819
21547: 0.99819
21548: 0.99819
21549: 0.99819
21550: 0.99819
21551: 0.99819
21552: 0.998191
21553: 0.998191
21554: 0.998191
21555: 0.998191
21556: 0.998191
21557: 0.998191
21558: 0.998191
21559: 0.998191
21560: 0.998191
21561: 0.998191
21562: 0.998191
21563: 0.998191
21564: 0.998192
21565: 0.998192
21566: 0.998192
21567: 0.998192
21568: 0.998192
21569: 0.998192
21570: 0.998192
21571: 0.998192
21572: 0.998192
21573: 0.998192
21574: 0.998192
21575: 0.998192
21576: 0.998193
21577: 0.998193
21578: 0.998193
21579: 0.998193
21580: 0.998193
21581: 0.998193
21582: 0.998193
21583: 0.998193
21584: 0.998193
21585: 0.998193
21586: 0.998193
21587: 0.998193
21588: 0.998194
21589: 0.998194
21590: 0.998194
21591: 0.998194
21592: 0.998194
21593: 0.998194
21594: 0.998194
21595: 0.998194
21596: 0.998194
21597: 0.998194
21598: 0.998194
21599: 0.998194
21600: 0.998195
21601: 0.998195
21602: 0.998195
21603: 0.998195
21604: 0.998195
21605: 0.998195
21606: 0.998195
21607: 0.998195
21608: 0.998195
21609: 0.998195
21610: 0.998195
21611: 0.998195
21612: 0.998196
21613: 0.998196
21614: 0.998196
21615: 0.998196
21616: 0.998196
21617: 0.998196
21618: 0.998196
21619: 0.998196
21620: 0.998196
21621: 0.998196
21622: 0.998196
21623: 0.998196
21624: 0.998197
21625: 0.998197
21626: 0.998197
21627: 0.998197
21628: 0.998197
21629: 0.998197
21630: 0.998197
21631: 0.998197
21632: 0.998197
21633: 0.998197
21634: 0.998197
21635: 0.998197
21636: 0.998198
21637: 0.998198
21638: 0.998198
21639: 0.998198
21640: 0.998198
21641: 0.998198
21642: 0.998198
21643: 0.998198
21644: 0.998198
21645: 0.998198
21646: 0.998198
21647: 0.998198
21648: 0.998199
21649: 0.998199
21650: 0.998199
21651: 0.998199
21652: 0.998199
21653: 0.998199
21654: 0.998199
21655: 0.998199
21656: 0.998199
21657: 0.998199
21658: 0.998199
21659: 0.998199
21660: 0.9982
21661: 0.9982
21662: 0.9982
21663: 0.9982
21664: 0.9982
21665: 0.9982
21666: 0.9982
21667: 0.9982
21668: 0.9982
21669: 0.9982
21670: 0.9982
21671: 0.9982
21672: 0.998201
21673: 0.998201
21674: 0.998201
21675: 0.998201
21676: 0.998201
21677: 0.998201
21678: 0.998201
21679: 0.998201
21680: 0.998201
21681: 0.998201
21682: 0.998201
21683: 0.998201
21684: 0.998202
21685: 0.998202
21686: 0.998202
21687: 0.998202
21688: 0.998202
21689: 0.998202
21690: 0.998202
21691: 0.998202
21692: 0.998202
21693: 0.998202
21694: 0.998202
21695: 0.998202
21696: 0.998203
21697: 0.998203
21698: 0.998203
21699: 0.998203
21700: 0.998203
21701: 0.998203
21702: 0.998203
21703: 0.998203
21704: 0.998203
21705: 0.998203
21706: 0.998203
21707: 0.998203
21708: 0.998204
21709: 0.998204
21710: 0.998204
21711: 0.998204
21712: 0.998204
21713: 0.998204
21714: 0.998204
21715: 0.998204
21716: 0.998204
21717: 0.998204
21718: 0.998204
21719: 0.998204
21720: 0.998205
21721: 0.998205
21722: 0.998205
21723: 0.998205
21724: 0.998205
21725: 0.998205
21726: 0.998205
21727: 0.998205
21728: 0.998205
21729: 0.998205
21730: 0.998205
21731: 0.998205
21732: 0.998205
21733: 0.998206
21734: 0.998206
21735: 0.998206
21736: 0.998206
21737: 0.998206
21738: 0.998206
21739: 0.998206
21740: 0.998206
21741: 0.998206
21742: 0.998206
21743: 0.998206
21744: 0.998206
21745: 0.998207
21746: 0.998207
21747: 0.998207
21748: 0.998207
21749: 0.998207
21750: 0.998207
21751: 0.998207
21752: 0.998207
21753: 0.998207
21754: 0.998207
21755: 0.998207
21756: 0.998207
21757: 0.998208
21758: 0.998208
21759: 0.998208
21760: 0.998208
21761: 0.998208
21762: 0.998208
21763: 0.998208
21764: 0.998208
21765: 0.998208
21766: 0.998208
21767: 0.998208
21768: 0.998208
21769: 0.998209
21770: 0.998209
21771: 0.998209
21772: 0.998209
21773: 0.998209
21774: 0.998209
21775: 0.998209
21776: 0.998209
21777: 0.998209
21778: 0.998209
21779: 0.998209
21780: 0.998209
21781: 0.99821
21782: 0.99821
21783: 0.99821
21784: 0.99821
21785: 0.99821
21786: 0.99821
21787: 0.99821
21788: 0.99821
21789: 0.99821
21790: 0.99821
21791: 0.99821
21792: 0.99821
21793: 0.998211
21794: 0.998211
21795: 0.998211
21796: 0.998211
21797: 0.998211
21798: 0.998211
21799: 0.998211
21800: 0.998211
21801: 0.998211
21802: 0.998211
21803: 0.998211
21804: 0.998211
21805: 0.998212
21806: 0.998212
21807: 0.998212
21808: 0.998212
21809: 0.998212
21810: 0.998212
21811: 0.998212
21812: 0.998212
21813: 0.998212
21814: 0.998212
21815: 0.998212
21816: 0.998212
21817: 0.998212
21818: 0.998213
21819: 0.998213
21820: 0.998213
21821: 0.998213
21822: 0.998213
21823: 0.998213
21824: 0.998213
21825: 0.998213
21826: 0.998213
21827: 0.998213
21828: 0.998213
21829: 0.998213
21830: 0.998214
21831: 0.998214
21832: 0.998214
21833: 0.998214
21834: 0.998214
21835: 0.998214
21836: 0.998214
21837: 0.998214
21838: 0.998214
21839: 0.998214
21840: 0.998214
21841: 0.998214
21842: 0.998215
21843: 0.998215
21844: 0.998215
21845: 0.998215
21846: 0.998215
21847: 0.998215
21848: 0.998215
21849: 0.998215
21850: 0.998215
21851: 0.998215
21852: 0.998215
21853: 0.998215
21854: 0.998216
21855: 0.998216
21856: 0.998216
21857: 0.998216
21858: 0.998216
21859: 0.998216
21860: 0.998216
21861: 0.998216
21862: 0.998216
21863: 0.998216
21864: 0.998216
21865: 0.998216
21866: 0.998216
21867: 0.998217
21868: 0.998217
21869: 0.998217
21870: 0.998217
21871: 0.998217
21872: 0.998217
21873: 0.998217
21874: 0.998217
21875: 0.998217
21876: 0.998217
21877: 0.998217
21878: 0.998217
21879: 0.998218
21880: 0.998218
21881: 0.998218
21882: 0.998218
21883: 0.998218
21884: 0.998218
21885: 0.998218
21886: 0.998218
21887: 0.998218
21888: 0.998218
21889: 0.998218
21890: 0.998218
21891: 0.998219
21892: 0.998219
21893: 0.998219
21894: 0.998219
21895: 0.998219
21896: 0.998219
21897: 0.998219
21898: 0.998219
21899: 0.998219
21900: 0.998219
21901: 0.998219
21902: 0.998219
21903: 0.99822
21904: 0.99822
21905: 0.99822
21906: 0.99822
21907: 0.99822
21908: 0.99822
21909: 0.99822
21910: 0.99822
21911: 0.99822
21912: 0.99822
21913: 0.99822
21914: 0.99822
21915: 0.99822
21916: 0.998221
21917: 0.998221
21918: 0.998221
21919: 0.998221
21920: 0.998221
21921: 0.998221
21922: 0.998221
21923: 0.998221
21924: 0.998221
21925: 0.998221
21926: 0.998221
21927: 0.998221
21928: 0.998222
21929: 0.998222
21930: 0.998222
21931: 0.998222
21932: 0.998222
21933: 0.998222
21934: 0.998222
21935: 0.998222
21936: 0.998222
21937: 0.998222
21938: 0.998222
21939: 0.998222
21940: 0.998223
21941: 0.998223
21942: 0.998223
21943: 0.998223
21944: 0.998223
21945: 0.998223
21946: 0.998223
21947: 0.998223
21948: 0.998223
21949: 0.998223
21950: 0.998223
21951: 0.998223
21952: 0.998223
21953: 0.998224
21954: 0.998224
21955: 0.998224
21956: 0.998224
21957: 0.998224
21958: 0.998224
21959: 0.998224
21960: 0.998224
21961: 0.998224
21962: 0.998224
21963: 0.998224
21964: 0.998224
21965: 0.998225
21966: 0.998225
21967: 0.998225
21968: 0.998225
21969: 0.998225
21970: 0.998225
21971: 0.998225
21972: 0.998225
21973: 0.998225
21974: 0.998225
21975: 0.998225
21976: 0.998225
21977: 0.998225
21978: 0.998226
21979: 0.998226
21980: 0.998226
21981: 0.998226
21982: 0.998226
21983: 0.998226
21984: 0.998226
21985: 0.998226
21986: 0.998226
21987: 0.998226
21988: 0.998226
21989: 0.998226
21990: 0.998227
21991: 0.998227
21992: 0.998227
21993: 0.998227
21994: 0.998227
21995: 0.998227
21996: 0.998227
21997: 0.998227
21998: 0.998227
21999: 0.998227
22000: 0.998227
22001: 0.998227
22002: 0.998228
22003: 0.998228
22004: 0.998228
22005: 0.998228
22006: 0.998228
22007: 0.998228
22008: 0.998228
22009: 0.998228
22010: 0.998228
22011: 0.998228
22012: 0.998228
22013: 0.998228
22014: 0.998228
22015: 0.998229
22016: 0.998229
22017: 0.998229
22018: 0.998229
22019: 0.998229
22020: 0.998229
22021: 0.998229
22022: 0.998229
22023: 0.998229
22024: 0.998229
22025: 0.998229
22026: 0.998229
22027: 0.99823
22028: 0.99823
22029: 0.99823
22030: 0.99823
22031: 0.99823
22032: 0.99823
22033: 0.99823
22034: 0.99823
22035: 0.99823
22036: 0.99823
22037: 0.99823
22038: 0.99823
22039: 0.99823
22040: 0.998231
22041: 0.998231
22042: 0.998231
22043: 0.998231
22044: 0.998231
22045: 0.998231
22046: 0.998231
22047: 0.998231
22048: 0.998231
22049: 0.998231
22050: 0.998231
22051: 0.998231
22052: 0.998232
22053: 0.998232
22054: 0.998232
22055: 0.998232
22056: 0.998232
22057: 0.998232
22058: 0.998232
22059: 0.998232
22060: 0.998232
22061: 0.998232
22062: 0.998232
22063: 0.998232
22064: 0.998232
22065: 0.998233
22066: 0.998233
22067: 0.998233
22068: 0.998233
22069: 0.998233
22070: 0.998233
22071: 0.998233
22072: 0.998233
22073: 0.998233
22074: 0.998233
22075: 0.998233
22076: 0.998233
22077: 0.998234
22078: 0.998234
22079: 0.998234
22080: 0.998234
22081: 0.998234
22082: 0.998234
22083: 0.998234
22084: 0.998234
22085: 0.998234
22086: 0.998234
22087: 0.998234
22088: 0.998234
22089: 0.998234
22090: 0.998235
22091: 0.998235
22092: 0.998235
22093: 0.998235
22094: 0.998235
22095: 0.998235
22096: 0.998235
22097: 0.998235
22098: 0.998235
22099: 0.998235
22100: 0.998235
22101: 0.998235
22102: 0.998236
22103: 0.998236
22104: 0.998236
22105: 0.998236
22106: 0.998236
22107: 0.998236
22108: 0.998236
22109: 0.998236
22110: 0.998236
22111: 0.998236
22112: 0.998236
22113: 0.998236
22114: 0.998236
22115: 0.998237
22116: 0.998237
22117: 0.998237
22118: 0.998237
22119: 0.998237
22120: 0.998237
22121: 0.998237
22122: 0.998237
22123: 0.998237
22124: 0.998237
22125: 0.998237
22126: 0.998237
22127: 0.998238
22128: 0.998238
22129: 0.998238
22130: 0.998238
22131: 0.998238
22132: 0.998238
22133: 0.998238
22134: 0.998238
22135: 0.998238
22136: 0.998238
22137: 0.998238
22138: 0.998238
22139: 0.998238
22140: 0.998239
22141: 0.998239
22142: 0.998239
22143: 0.998239
22144: 0.998239
22145: 0.998239
22146: 0.998239
22147: 0.998239
22148: 0.998239
22149: 0.998239
22150: 0.998239
22151: 0.998239
22152: 0.99824
22153: 0.99824
22154: 0.99824
22155: 0.99824
22156: 0.99824
22157: 0.99824
22158: 0.99824
22159: 0.99824
22160: 0.99824
22161: 0.99824
22162: 0.99824
22163: 0.99824
22164: 0.99824
22165: 0.998241
22166: 0.998241
22167: 0.998241
22168: 0.998241
22169: 0.998241
22170: 0.998241
22171: 0.998241
22172: 0.998241
22173: 0.998241
22174: 0.998241
22175: 0.998241
22176: 0.998241
22177: 0.998242
22178: 0.998242
22179: 0.998242
22180: 0.998242
22181: 0.998242
22182: 0.998242
22183: 0.998242
22184: 0.998242
22185: 0.998242
22186: 0.998242
22187: 0.998242
22188: 0.998242
22189: 0.998242
22190: 0.998243
22191: 0.998243
22192: 0.998243
22193: 0.998243
22194: 0.998243
22195: 0.998243
22196: 0.998243
22197: 0.998243
22198: 0.998243
22199: 0.998243
22200: 0.998243
22201: 0.998243
22202: 0.998243
22203: 0.998244
22204: 0.998244
22205: 0.998244
22206: 0.998244
22207: 0.998244
22208: 0.998244
22209: 0.998244
22210: 0.998244
22211: 0.998244
22212: 0.998244
22213: 0.998244
22214: 0.998244
22215: 0.998245
22216: 0.998245
22217: 0.998245
22218: 0.998245
22219: 0.998245
22220: 0.998245
22221: 0.998245
22222: 0.998245
22223: 0.998245
22224: 0.998245
22225: 0.998245
22226: 0.998245
22227: 0.998245
22228: 0.998246
22229: 0.998246
22230: 0.998246
22231: 0.998246
22232: 0.998246
22233: 0.998246
22234: 0.998246
22235: 0.998246
22236: 0.998246
22237: 0.998246
22238: 0.998246
22239: 0.998246
22240: 0.998246
22241: 0.998247
22242: 0.998247
22243: 0.998247
22244: 0.998247
22245: 0.998247
22246: 0.998247
22247: 0.998247
22248: 0.998247
22249: 0.998247
22250: 0.998247
22251: 0.998247
22252: 0.998247
22253: 0.998248
22254: 0.998248
22255: 0.998248
22256: 0.998248
22257: 0.998248
22258: 0.998248
22259: 0.998248
22260: 0.998248
22261: 0.998248
22262: 0.998248
22263: 0.998248
22264: 0.998248
22265: 0.998248
22266: 0.998249
22267: 0.998249
22268: 0.998249
22269: 0.998249
22270: 0.998249
22271: 0.998249
22272: 0.998249
22273: 0.998249
22274: 0.998249
22275: 0.998249
22276: 0.998249
22277: 0.998249
22278: 0.998249
22279: 0.99825
22280: 0.99825
22281: 0.99825
22282: 0.99825
22283: 0.99825
22284: 0.99825
22285: 0.99825
22286: 0.99825
22287: 0.99825
22288: 0.99825
22289: 0.99825
22290: 0.99825
22291: 0.99825
22292: 0.998251
22293: 0.998251
22294: 0.998251
22295: 0.998251
22296: 0.998251
22297: 0.998251
22298: 0.998251
22299: 0.998251
22300: 0.998251
22301: 0.998251
22302: 0.998251
22303: 0.998251
22304: 0.998252
22305: 0.998252
22306: 0.998252
22307: 0.998252
22308: 0.998252
22309: 0.998252
22310: 0.998252
22311: 0.998252
22312: 0.998252
22313: 0.998252
22314: 0.998252
22315: 0.998252
22316: 0.998252
22317: 0.998253
22318: 0.998253
22319: 0.998253
22320: 0.998253
22321: 0.998253
22322: 0.998253
22323: 0.998253
22324: 0.998253
22325: 0.998253
22326: 0.998253
22327: 0.998253
22328: 0.998253
22329: 0.998253
22330: 0.998254
22331: 0.998254
22332: 0.998254
22333: 0.998254
22334: 0.998254
22335: 0.998254
22336: 0.998254
22337: 0.998254
22338: 0.998254
22339: 0.998254
22340: 0.998254
22341: 0.998254
22342: 0.998254
22343: 0.998255
22344: 0.998255
22345: 0.998255
22346: 0.998255
22347: 0.998255
22348: 0.998255
22349: 0.998255
22350: 0.998255
22351: 0.998255
22352: 0.998255
22353: 0.998255
22354: 0.998255
22355: 0.998256
22356: 0.998256
22357: 0.998256
22358: 0.998256
22359: 0.998256
22360: 0.998256
22361: 0.998256
22362: 0.998256
22363: 0.998256
22364: 0.998256
22365: 0.998256
22366: 0.998256
22367: 0.998256
22368: 0.998257
22369: 0.998257
22370: 0.998257
22371: 0.998257
22372: 0.998257
22373: 0.998257
22374: 0.998257
22375: 0.998257
22376: 0.998257
22377: 0.998257
22378: 0.998257
22379: 0.998257
22380: 0.998257
22381: 0.998258
22382: 0.998258
22383: 0.998258
22384: 0.998258
22385: 0.998258
22386: 0.998258
22387: 0.998258
22388: 0.998258
22389: 0.998258
22390: 0.998258
22391: 0.998258
22392: 0.998258
22393: 0.998258
22394: 0.998259
22395: 0.998259
22396: 0.998259
22397: 0.998259
22398: 0.998259
22399: 0.998259
22400: 0.998259
22401: 0.998259
22402: 0.998259
22403: 0.998259
22404: 0.998259
22405: 0.998259
22406: 0.998259
22407: 0.99826
22408: 0.99826
22409: 0.99826
22410: 0.99826
22411: 0.99826
22412: 0.99826
22413: 0.99826
22414: 0.99826
22415: 0.99826
22416: 0.99826
22417: 0.99826
22418: 0.99826
22419: 0.99826
22420: 0.998261
22421: 0.998261
22422: 0.998261
22423: 0.998261
22424: 0.998261
22425: 0.998261
22426: 0.998261
22427: 0.998261
22428: 0.998261
22429: 0.998261
22430: 0.998261
22431: 0.998261
22432: 0.998261
22433: 0.998262
22434: 0.998262
22435: 0.998262
22436: 0.998262
22437: 0.998262
22438: 0.998262
22439: 0.998262
22440: 0.998262
22441: 0.998262
22442: 0.998262
22443: 0.998262
22444: 0.998262
22445: 0.998262
22446: 0.998263
22447: 0.998263
22448: 0.998263
22449: 0.998263
22450: 0.998263
22451: 0.998263
22452: 0.998263
22453: 0.998263
22454: 0.998263
22455: 0.998263
22456: 0.998263
22457: 0.998263
22458: 0.998264
22459: 0.998264
22460: 0.998264
22461: 0.998264
22462: 0.998264
22463: 0.998264
22464: 0.998264
22465: 0.998264
22466: 0.998264
22467: 0.998264
22468: 0.998264
22469: 0.998264
22470: 0.998264
22471: 0.998265
22472: 0.998265
22473: 0.998265
22474: 0.998265
22475: 0.998265
22476: 0.998265
22477: 0.998265
22478: 0.998265
22479: 0.998265
22480: 0.998265
22481: 0.998265
22482: 0.998265
22483: 0.998265
22484: 0.998266
22485: 0.998266
22486: 0.998266
22487: 0.998266
22488: 0.998266
22489: 0.998266
22490: 0.998266
22491: 0.998266
22492: 0.998266
22493: 0.998266
22494: 0.998266
22495: 0.998266
22496: 0.998266
22497: 0.998267
22498: 0.998267
22499: 0.998267
22500: 0.998267
22501: 0.998267
22502: 0.998267
22503: 0.998267
22504: 0.998267
22505: 0.998267
22506: 0.998267
22507: 0.998267
22508: 0.998267
22509: 0.998267
22510: 0.998268
22511: 0.998268
22512: 0.998268
22513: 0.998268
22514: 0.998268
22515: 0.998268
22516: 0.998268
22517: 0.998268
22518: 0.998268
22519: 0.998268
22520: 0.998268
22521: 0.998268
22522: 0.998268
22523: 0.998269
22524: 0.998269
22525: 0.998269
22526: 0.998269
22527: 0.998269
22528: 0.998269
22529: 0.998269
22530: 0.998269
22531: 0.998269
22532: 0.998269
22533: 0.998269
22534: 0.998269
22535: 0.998269
22536: 0.99827
22537: 0.99827
22538: 0.99827
22539: 0.99827
22540: 0.99827
22541: 0.99827
22542: 0.99827
22543: 0.99827
22544: 0.99827
22545: 0.99827
22546: 0.99827
22547: 0.99827
22548: 0.99827
22549: 0.998271
22550: 0.998271
22551: 0.998271
22552: 0.998271
22553: 0.998271
22554: 0.998271
22555: 0.998271
22556: 0.998271
22557: 0.998271
22558: 0.998271
22559: 0.998271
22560: 0.998271
22561: 0.998271
22562: 0.998272
22563: 0.998272
22564: 0.998272
22565: 0.998272
22566: 0.998272
22567: 0.998272
22568: 0.998272
22569: 0.998272
22570: 0.998272
22571: 0.998272
22572: 0.998272
22573: 0.998272
22574: 0.998272
22575: 0.998273
22576: 0.998273
22577: 0.998273
22578: 0.998273
22579: 0.998273
22580: 0.998273
22581: 0.998273
22582: 0.998273
22583: 0.998273
22584: 0.998273
22585: 0.998273
22586: 0.998273
22587: 0.998273
22588: 0.998273
22589: 0.998274
22590: 0.998274
22591: 0.998274
22592: 0.998274
22593: 0.998274
22594: 0.998274
22595: 0.998274
22596: 0.998274
22597: 0.998274
22598: 0.998274
22599: 0.998274
22600: 0.998274
22601: 0.998274
22602: 0.998275
22603: 0.998275
22604: 0.998275
22605: 0.998275
22606: 0.998275
22607: 0.998275
22608: 0.998275
22609: 0.998275
22610: 0.998275
22611: 0.998275
22612: 0.998275
22613: 0.998275
22614: 0.998275
22615: 0.998276
22616: 0.998276
22617: 0.998276
22618: 0.998276
22619: 0.998276
22620: 0.998276
22621: 0.998276
22622: 0.998276
22623: 0.998276
22624: 0.998276
22625: 0.998276
22626: 0.998276
22627: 0.998276
22628: 0.998277
22629: 0.998277
22630: 0.998277
22631: 0.998277
22632: 0.998277
22633: 0.998277
22634: 0.998277
22635: 0.998277
22636: 0.998277
22637: 0.998277
22638: 0.998277
22639: 0.998277
22640: 0.998277
22641: 0.998278
22642: 0.998278
22643: 0.998278
22644: 0.998278
22645: 0.998278
22646: 0.998278
22647: 0.998278
22648: 0.998278
22649: 0.998278
22650: 0.998278
22651: 0.998278
22652: 0.998278
22653: 0.998278
22654: 0.998279
22655: 0.998279
22656: 0.998279
22657: 0.998279
22658: 0.998279
22659: 0.998279
22660: 0.998279
22661: 0.998279
22662: 0.998279
22663: 0.998279
22664: 0.998279
22665: 0.998279
22666: 0.998279
22667: 0.99828
22668: 0.99828
22669: 0.99828
22670: 0.99828
22671: 0.99828
22672: 0.99828
22673: 0.99828
22674: 0.99828
22675: 0.99828
22676: 0.99828
22677: 0.99828
22678: 0.99828
22679: 0.99828
22680: 0.99828
22681: 0.998281
22682: 0.998281
22683: 0.998281
22684: 0.998281
22685: 0.998281
22686: 0.998281
22687: 0.998281
22688: 0.998281
22689: 0.998281
22690: 0.998281
22691: 0.998281
22692: 0.998281
22693: 0.998281
22694: 0.998282
22695: 0.998282
22696: 0.998282
22697: 0.998282
22698: 0.998282
22699: 0.998282
22700: 0.998282
22701: 0.998282
22702: 0.998282
22703: 0.998282
22704: 0.998282
22705: 0.998282
22706: 0.998282
22707: 0.998283
22708: 0.998283
22709: 0.998283
22710: 0.998283
22711: 0.998283
22712: 0.998283
22713: 0.998283
22714: 0.998283
22715: 0.998283
22716: 0.998283
22717: 0.998283
22718: 0.998283
22719: 0.998283
22720: 0.998284
22721: 0.998284
22722: 0.998284
22723: 0.998284
22724: 0.998284
22725: 0.998284
22726: 0.998284
22727: 0.998284
22728: 0.998284
22729: 0.998284
22730: 0.998284
22731: 0.998284
22732: 0.998284
22733: 0.998285
22734: 0.998285
22735: 0.998285
22736: 0.998285
22737: 0.998285
22738: 0.998285
22739: 0.998285
22740: 0.998285
22741: 0.998285
22742: 0.998285
22743: 0.998285
22744: 0.998285
22745: 0.998285
22746: 0.998285
22747: 0.998286
22748: 0.998286
22749: 0.998286
22750: 0.998286
22751: 0.998286
22752: 0.998286
22753: 0.998242
22754: 0.998198
22755: 0.998198
22756: 0.998198
22757: 0.998198
22758: 0.998199
22759: 0.998199
22760: 0.998199
22761: 0.998199
22762: 0.998199
22763: 0.998199
22764: 0.998199
22765: 0.998199
22766: 0.998199
22767: 0.998199
22768: 0.998199
22769: 0.998199
22770: 0.998199
22771: 0.9982
22772: 0.9982
22773: 0.9982
22774: 0.9982
22775: 0.9982
22776: 0.9982
22777: 0.9982
22778: 0.9982
22779: 0.9982
22780: 0.9982
22781: 0.9982
22782: 0.9982
22783: 0.9982
22784: 0.998201
22785: 0.998201
22786: 0.998201
22787: 0.998201
22788: 0.998201
22789: 0.998201
22790: 0.998201
22791: 0.998201
22792: 0.998201
22793: 0.998201
22794: 0.998201
22795: 0.998201
22796: 0.998202
22797: 0.998202
22798: 0.998202
22799: 0.998202
22800: 0.998202
22801: 0.998202
22802: 0.998202
22803: 0.998202
22804: 0.998202
22805: 0.998202
22806: 0.998202
22807: 0.998202
22808: 0.998202
22809: 0.998203
22810: 0.998203
22811: 0.998203
22812: 0.998203
22813: 0.998203
22814: 0.998203
22815: 0.998203
22816: 0.998203
22817: 0.998203
22818: 0.998203
22819: 0.998203
22820: 0.998203
22821: 0.998203
22822: 0.998204
22823: 0.998204
22824: 0.998204
22825: 0.998204
22826: 0.998204
22827: 0.998204
22828: 0.998204
22829: 0.998204
22830: 0.998204
22831: 0.998204
22832: 0.998204
22833: 0.998204
22834: 0.998205
22835: 0.998205
22836: 0.998205
22837: 0.998205
22838: 0.998205
22839: 0.998205
22840: 0.998205
22841: 0.998205
22842: 0.998205
22843: 0.998205
22844: 0.998205
22845: 0.998205
22846: 0.998205
22847: 0.998206
22848: 0.998206
22849: 0.998206
22850: 0.998206
22851: 0.998206
22852: 0.998206
22853: 0.998206
22854: 0.998206
22855: 0.998206
22856: 0.998206
22857: 0.998206
22858: 0.998206
22859: 0.998206
22860: 0.998207
22861: 0.998207
22862: 0.998207
22863: 0.998207
22864: 0.998207
22865: 0.998207
22866: 0.998207
22867: 0.998207
22868: 0.998207
22869: 0.998207
22870: 0.998207
22871: 0.998207
22872: 0.998207
22873: 0.998208
22874: 0.998208
22875: 0.998208
22876: 0.998208
22877: 0.998208
22878: 0.998208
22879: 0.998208
22880: 0.998208
22881: 0.998208
22882: 0.998208
22883: 0.998208
22884: 0.998208
22885: 0.998209
22886: 0.998209
22887: 0.998209
22888: 0.998209
22889: 0.998209
22890: 0.998209
22891: 0.998209
22892: 0.998209
22893: 0.998209
22894: 0.998209
22895: 0.998209
22896: 0.998209
22897: 0.998209
22898: 0.99821
22899: 0.99821
22900: 0.99821
22901: 0.99821
22902: 0.99821
22903: 0.99821
22904: 0.99821
22905: 0.99821
22906: 0.99821
22907: 0.99821
22908: 0.99821
22909: 0.99821
22910: 0.99821
22911: 0.998211
22912: 0.998211
22913: 0.998211
22914: 0.998211
22915: 0.998211
22916: 0.998211
22917: 0.998211
22918: 0.998211
22919: 0.998211
22920: 0.998211
22921: 0.998211
22922: 0.998211
22923: 0.998211
22924: 0.998212
22925: 0.998212
22926: 0.998212
22927: 0.998212
22928: 0.998212
22929: 0.998212
22930: 0.998212
22931: 0.998212
22932: 0.998212
22933: 0.998212
22934: 0.998212
22935: 0.998212
22936: 0.998212
22937: 0.998213
22938: 0.998213
22939: 0.998213
22940: 0.998213
22941: 0.998213
22942: 0.998213
22943: 0.998213
22944: 0.998213
22945: 0.998213
22946: 0.998213
22947: 0.998213
22948: 0.998213
22949: 0.998214
22950: 0.998214
22951: 0.998214
22952: 0.998214
22953: 0.998214
22954: 0.998214
22955: 0.998214
22956: 0.998214
22957: 0.998214
22958: 0.998214
22959: 0.998214
22960: 0.998214
22961: 0.998214
22962: 0.998215
22963: 0.998215
22964: 0.998215
22965: 0.998215
22966: 0.998215
22967: 0.998215
22968: 0.998215
22969: 0.998215
22970: 0.998215
22971: 0.998215
22972: 0.998215
22973: 0.998215
22974: 0.998215
22975: 0.998216
22976: 0.998216
22977: 0.998216
22978: 0.998216
22979: 0.998216
22980: 0.998216
22981: 0.998216
22982: 0.998216
22983: 0.998216
22984: 0.998216
22985: 0.998216
22986: 0.998216
22987: 0.998216
22988: 0.998217
22989: 0.998217
22990: 0.998217
22991: 0.998217
22992: 0.998217
22993: 0.998217
22994: 0.998217
22995: 0.998217
22996: 0.998217
22997: 0.998217
22998: 0.998217
22999: 0.998217
23000: 0.998217
23001: 0.998218
23002: 0.998218
23003: 0.998218
23004: 0.998218
23005: 0.998218
23006: 0.998218
23007: 0.998218
23008: 0.998218
23009: 0.998218
23010: 0.998218
23011: 0.998218
23012: 0.998218
23013: 0.998218
23014: 0.998219
23015: 0.998219
23016: 0.998219
23017: 0.998219
23018: 0.998219
23019: 0.998219
23020: 0.998219
23021: 0.998219
23022: 0.998219
23023: 0.998219
23024: 0.998219
23025: 0.998219
23026: 0.998219
23027: 0.99822
23028: 0.99822
23029: 0.99822
23030: 0.99822
23031: 0.99822
23032: 0.99822
23033: 0.99822
23034: 0.99822
23035: 0.99822
23036: 0.99822
23037: 0.99822
23038: 0.99822
23039: 0.99822
23040: 0.998221
23041: 0.998221
23042: 0.998221
23043: 0.998221
23044: 0.998221
23045: 0.998221
23046: 0.998221
23047: 0.998221
23048: 0.998221
23049: 0.998221
23050: 0.998221
23051: 0.998221
23052: 0.998221
23053: 0.998222
23054: 0.998222
23055: 0.998222
23056: 0.998222
23057: 0.998222
23058: 0.998222
23059: 0.998222
23060: 0.998222
23061: 0.998222
23062: 0.998222
23063: 0.998222
23064: 0.998222
23065: 0.998222
23066: 0.998223
23067: 0.998223
23068: 0.998223
23069: 0.998223
23070: 0.998223
23071: 0.998223
23072: 0.998223
23073: 0.998223
23074: 0.998223
23075: 0.998223
23076: 0.998223
23077: 0.998223
23078: 0.998223
23079: 0.998224
23080: 0.998224
23081: 0.998224
23082: 0.998224
23083: 0.998224
23084: 0.998224
23085: 0.998224
23086: 0.998224
23087: 0.998224
23088: 0.998224
23089: 0.998224
23090: 0.998224
23091: 0.998224
23092: 0.998225
23093: 0.998225
23094: 0.998225
23095: 0.998225
23096: 0.998225
23097: 0.998225
23098: 0.998225
23099: 0.998225
23100: 0.998225
23101: 0.998225
23102: 0.998225
23103: 0.998225
23104: 0.998225
23105: 0.998226
23106: 0.998226
23107: 0.998226
23108: 0.998226
23109: 0.998226
23110: 0.998226
23111: 0.998226
23112: 0.998226
23113: 0.998226
23114: 0.998226
23115: 0.998226
23116: 0.998226
23117: 0.998226
23118: 0.998227
23119: 0.998227
23120: 0.998227
23121: 0.998227
23122: 0.998227
23123: 0.998227
23124: 0.998227
23125: 0.998227
23126: 0.998227
23127: 0.998227
23128: 0.998227
23129: 0.998227
23130: 0.998227
23131: 0.998228
23132: 0.998228
23133: 0.998228
23134: 0.998228
23135: 0.998228
23136: 0.998228
23137: 0.998228
23138: 0.998228
23139: 0.998228
23140: 0.998228
23141: 0.998228
23142: 0.998228
23143: 0.998228
23144: 0.998229
23145: 0.998229
23146: 0.998229
23147: 0.998229
23148: 0.998229
23149: 0.998229
23150: 0.998229
23151: 0.998229
23152: 0.998229
23153: 0.998229
23154: 0.998229
23155: 0.998229
23156: 0.998229
23157: 0.99823
23158: 0.99823
23159: 0.99823
23160: 0.99823
23161: 0.99823
23162: 0.99823
23163: 0.99823
23164: 0.99823
23165: 0.99823
23166: 0.99823
23167: 0.99823
23168: 0.99823
23169: 0.99823
23170: 0.998231
23171: 0.998231
23172: 0.998231
23173: 0.998231
23174: 0.998231
23175: 0.998231
23176: 0.998231
23177: 0.998231
23178: 0.998231
23179: 0.998231
23180: 0.998231
23181: 0.998231
23182: 0.998231
23183: 0.998232
23184: 0.998232
23185: 0.998232
23186: 0.998232
23187: 0.998232
23188: 0.998232
23189: 0.998232
23190: 0.998232
23191: 0.998232
23192: 0.998232
23193: 0.998232
23194: 0.998232
23195: 0.998232
23196: 0.998233
23197: 0.998233
23198: 0.998233
23199: 0.998233
23200: 0.998233
23201: 0.998233
23202: 0.998233
23203: 0.998233
23204: 0.998233
23205: 0.998233
23206: 0.998233
23207: 0.998233
23208: 0.998233
23209: 0.998234
23210: 0.998234
23211: 0.998234
23212: 0.998234
23213: 0.998234
23214: 0.998234
23215: 0.998234
23216: 0.998234
23217: 0.998234
23218: 0.998234
23219: 0.998234
23220: 0.998234
23221: 0.998234
23222: 0.998235
23223: 0.998235
23224: 0.998235
23225: 0.998235
23226: 0.998235
23227: 0.998235
23228: 0.998235
23229: 0.998235
23230: 0.998235
23231: 0.998235
23232: 0.998235
23233: 0.998235
23234: 0.998235
23235: 0.998235
23236: 0.998236
23237: 0.998236
23238: 0.998236
23239: 0.998236
23240: 0.998236
23241: 0.998236
23242: 0.998236
23243: 0.998236
23244: 0.998236
23245: 0.998236
23246: 0.998236
23247: 0.998236
23248: 0.998236
23249: 0.998237
23250: 0.998237
23251: 0.998237
23252: 0.998237
23253: 0.998237
23254: 0.998237
23255: 0.998237
23256: 0.998237
23257: 0.998237
23258: 0.998237
23259: 0.998237
23260: 0.998237
23261: 0.998237
23262: 0.998238
23263: 0.998238
23264: 0.998238
23265: 0.998238
23266: 0.998238
23267: 0.998238
23268: 0.998238
23269: 0.998238
23270: 0.998238
23271: 0.998238
23272: 0.998238
23273: 0.998238
23274: 0.998238
23275: 0.998239
23276: 0.998239
23277: 0.998239
23278: 0.998239
23279: 0.998239
23280: 0.998239
23281: 0.998239
23282: 0.998239
23283: 0.998239
23284: 0.998239
23285: 0.998239
23286: 0.998239
23287: 0.998239
23288: 0.99824
23289: 0.99824
23290: 0.99824
23291: 0.99824
23292: 0.99824
23293: 0.99824
23294: 0.99824
23295: 0.99824
23296: 0.99824
23297: 0.99824
23298: 0.99824
23299: 0.99824
23300: 0.99824
23301: 0.99824
23302: 0.998241
23303: 0.998241
23304: 0.998241
23305: 0.998241
23306: 0.998241
23307: 0.998241
23308: 0.998241
23309: 0.998241
23310: 0.998241
23311: 0.998241
23312: 0.998241
23313: 0.998241
23314: 0.998241
23315: 0.998242
23316: 0.998242
23317: 0.998242
23318: 0.998242
23319: 0.998242
23320: 0.998242
23321: 0.998242
23322: 0.998242
23323: 0.998242
23324: 0.998242
23325: 0.998242
23326: 0.998242
23327: 0.998242
23328: 0.998243
23329: 0.998243
23330: 0.998243
23331: 0.998243
23332: 0.998243
23333: 0.998243
23334: 0.998243
23335: 0.998243
23336: 0.998243
23337: 0.998243
23338: 0.998243
23339: 0.998243
23340: 0.998243
23341: 0.998244
23342: 0.998244
23343: 0.998244
23344: 0.998244
23345: 0.998244
23346: 0.998244
23347: 0.998244
23348: 0.998244
23349: 0.998244
23350: 0.998244
23351: 0.998244
23352: 0.998244
23353: 0.998244
23354: 0.998244
23355: 0.998245
23356: 0.998245
23357: 0.998245
23358: 0.998245
23359: 0.998245
23360: 0.998245
23361: 0.998245
23362: 0.998245
23363: 0.998245
23364: 0.998245
23365: 0.998245
23366: 0.998245
23367: 0.998245
23368: 0.998246
23369: 0.998246
23370: 0.998246
23371: 0.998246
23372: 0.998246
23373: 0.998246
23374: 0.998246
23375: 0.998246
23376: 0.998246
23377: 0.998246
23378: 0.998246
23379: 0.998246
23380: 0.998246
23381: 0.998247
23382: 0.998247
23383: 0.998247
23384: 0.998247
23385: 0.998247
23386: 0.998247
23387: 0.998247
23388: 0.998247
23389: 0.998247
23390: 0.998247
23391: 0.998247
23392: 0.998247
23393: 0.998247
23394: 0.998247
23395: 0.998248
23396: 0.998248
23397: 0.998248
23398: 0.998248
23399: 0.998248
23400: 0.998248
23401: 0.998248
23402: 0.998248
23403: 0.998248
23404: 0.998248
23405: 0.998248
23406: 0.998248
23407: 0.998248
23408: 0.998249
23409: 0.998249
23410: 0.998249
23411: 0.998249
23412: 0.998249
23413: 0.998249
23414: 0.998249
23415: 0.998249
23416: 0.998249
23417: 0.998249
23418: 0.998249
23419: 0.998249
23420: 0.998249
23421: 0.99825
23422: 0.99825
23423: 0.99825
23424: 0.99825
23425: 0.99825
23426: 0.99825
23427: 0.99825
23428: 0.99825
23429: 0.99825
23430: 0.99825
23431: 0.99825
23432: 0.99825
23433: 0.99825
23434: 0.99825
23435: 0.998251
23436: 0.998251
23437: 0.998251
23438: 0.998251
23439: 0.998251
23440: 0.998251
23441: 0.998251
23442: 0.998251
23443: 0.998251
23444: 0.998251
23445: 0.998251
23446: 0.998251
23447: 0.998251
23448: 0.998252
23449: 0.998252
23450: 0.998252
23451: 0.998252
23452: 0.998252
23453: 0.998252
23454: 0.998252
23455: 0.998252
23456: 0.998252
23457: 0.998252
23458: 0.998252
23459: 0.998252
23460: 0.998252
23461: 0.998252
23462: 0.998253
23463: 0.998253
23464: 0.998253
23465: 0.998253
23466: 0.998253
23467: 0.998253
23468: 0.998253
23469: 0.998253
23470: 0.998253
23471: 0.998253
23472: 0.998253
23473: 0.998253
23474: 0.998253
23475: 0.998254
23476: 0.998254
23477: 0.998254
23478: 0.998254
23479: 0.998254
23480: 0.998254
23481: 0.998254
23482: 0.998254
23483: 0.998254
23484: 0.998254
23485: 0.998254
23486: 0.998254
23487: 0.998254
23488: 0.998255
23489: 0.998255
23490: 0.998255
23491: 0.998255
23492: 0.998255
23493: 0.998255
23494: 0.998255
23495: 0.998255
23496: 0.998255
23497: 0.998255
23498: 0.998255
23499: 0.998255
23500: 0.998255
23501: 0.998255
23502: 0.998256
23503: 0.998256
23504: 0.998256
23505: 0.998256
23506: 0.998256
23507: 0.998256
23508: 0.998256
23509: 0.998256
23510: 0.998256
23511: 0.998256
23512: 0.998256
23513: 0.998256
23514: 0.998256
23515: 0.998257
23516: 0.998257
23517: 0.998257
23518: 0.998257
23519: 0.998257
23520: 0.998257
23521: 0.998257
23522: 0.998257
23523: 0.998257
23524: 0.998257
23525: 0.998257
23526: 0.998257
23527: 0.998257
23528: 0.998257
23529: 0.998258
23530: 0.998258
23531: 0.998258
23532: 0.998258
23533: 0.998258
23534: 0.998258
23535: 0.998258
23536: 0.998258
23537: 0.998258
23538: 0.998258
23539: 0.998258
23540: 0.998258
23541: 0.998258
23542: 0.998259
23543: 0.998259
23544: 0.998259
23545: 0.998259
23546: 0.998259
23547: 0.998259
23548: 0.998259
23549: 0.998259
23550: 0.998259
23551: 0.998259
23552: 0.998259
23553: 0.998259
23554: 0.998259
23555: 0.998259
23556: 0.99826
23557: 0.99826
23558: 0.99826
23559: 0.99826
23560: 0.99826
23561: 0.99826
23562: 0.99826
23563: 0.99826
23564: 0.99826
23565: 0.99826
23566: 0.99826
23567: 0.99826
23568: 0.99826
23569: 0.998261
23570: 0.998261
23571: 0.998261
23572: 0.998261
23573: 0.998261
23574: 0.998261
23575: 0.998261
23576: 0.998261
23577: 0.998261
23578: 0.998261
23579: 0.998261
23580: 0.998261
23581: 0.998261
23582: 0.998261
23583: 0.998262
23584: 0.998262
23585: 0.998262
23586: 0.998262
23587: 0.998262
23588: 0.998262
23589: 0.998262
23590: 0.998262
23591: 0.998262
23592: 0.998262
23593: 0.998262
23594: 0.998262
23595: 0.998262
23596: 0.998262
23597: 0.998263
23598: 0.998263
23599: 0.998263
23600: 0.998263
23601: 0.998263
23602: 0.998263
23603: 0.998263
23604: 0.998263
23605: 0.998263
23606: 0.998263
23607: 0.998263
23608: 0.998263
23609: 0.998263
23610: 0.998264
23611: 0.998264
23612: 0.998264
23613: 0.998264
23614: 0.998264
23615: 0.998264
23616: 0.998264
23617: 0.998264
23618: 0.998264
23619: 0.998264
23620: 0.998264
23621: 0.998264
23622: 0.998264
23623: 0.998264
23624: 0.998265
23625: 0.998265
23626: 0.998265
23627: 0.998265
23628: 0.998265
23629: 0.998265
23630: 0.998265
23631: 0.998265
23632: 0.998265
23633: 0.998265
23634: 0.998265
23635: 0.998265
23636: 0.998265
23637: 0.998266
23638: 0.998266
23639: 0.998266
23640: 0.998266
23641: 0.998266
23642: 0.998266
23643: 0.998266
23644: 0.998266
23645: 0.998266
23646: 0.998266
23647: 0.998266
23648: 0.998266
23649: 0.998266
23650: 0.998266
23651: 0.998267
23652: 0.998267
23653: 0.998267
23654: 0.998267
23655: 0.998267
23656: 0.998267
23657: 0.998267
23658: 0.998267
23659: 0.998267
23660: 0.998267
23661: 0.998267
23662: 0.998267
23663: 0.998267
23664: 0.998267
23665: 0.998268
23666: 0.998268
23667: 0.998268
23668: 0.998268
23669: 0.998268
23670: 0.998268
23671: 0.998268
23672: 0.998268
23673: 0.998268
23674: 0.998268
23675: 0.998268
23676: 0.998268
23677: 0.998268
23678: 0.998269
23679: 0.998269
23680: 0.998269
23681: 0.998269
23682: 0.998269
23683: 0.998269
23684: 0.998269
23685: 0.998269
23686: 0.998269
23687: 0.998269
23688: 0.998269
23689: 0.998269
23690: 0.998269
23691: 0.998269
23692: 0.99827
23693: 0.99827
23694: 0.99827
23695: 0.99827
23696: 0.99827
23697: 0.99827
23698: 0.99827
23699: 0.99827
23700: 0.99827
23701: 0.99827
23702: 0.99827
23703: 0.99827
23704: 0.99827
23705: 0.99827
23706: 0.998271
23707: 0.998271
23708: 0.998271
23709: 0.998271
23710: 0.998271
23711: 0.998271
23712: 0.998271
23713: 0.998271
23714: 0.998271
23715: 0.998271
23716: 0.998271
23717: 0.998271
23718: 0.998271
23719: 0.998272
23720: 0.998272
23721: 0.998272
23722: 0.998272
23723: 0.998272
23724: 0.998272
23725: 0.998272
23726: 0.998272
23727: 0.998272
23728: 0.998272
23729: 0.998272
23730: 0.998272
23731: 0.998272
23732: 0.998272
23733: 0.998273
23734: 0.998273
23735: 0.998273
23736: 0.998273
23737: 0.998273
23738: 0.998273
23739: 0.998273
23740: 0.998273
23741: 0.998273
23742: 0.998273
23743: 0.998273
23744: 0.998273
23745: 0.998273
23746: 0.998273
23747: 0.998274
23748: 0.998274
23749: 0.998274
23750: 0.998274
23751: 0.998274
23752: 0.998274
23753: 0.998274
23754: 0.998274
23755: 0.998274
23756: 0.998274
23757: 0.998274
23758: 0.998274
23759: 0.998274
23760: 0.998274
23761: 0.998275
23762: 0.998275
23763: 0.998275
23764: 0.998275
23765: 0.998275
23766: 0.998275
23767: 0.998275
23768: 0.998275
23769: 0.998275
23770: 0.998275
23771: 0.998275
23772: 0.998275
23773: 0.998275
23774: 0.998275
23775: 0.998276
23776: 0.998276
23777: 0.998276
23778: 0.998276
23779: 0.998276
23780: 0.998276
23781: 0.998276
23782: 0.998276
23783: 0.998276
23784: 0.998276
23785: 0.998276
23786: 0.998276
23787: 0.998276
23788: 0.998277
23789: 0.998277
23790: 0.998277
23791: 0.998277
23792: 0.998277
23793: 0.998277
23794: 0.998277
23795: 0.998277
23796: 0.998277
23797: 0.998277
23798: 0.998277
23799: 0.998277
23800: 0.998277
23801: 0.998277
23802: 0.998278
23803: 0.998278
23804: 0.998278
23805: 0.998278
23806: 0.998278
23807: 0.998278
23808: 0.998278
23809: 0.998278
23810: 0.998278
23811: 0.998278
23812: 0.998278
23813: 0.998278
23814: 0.998278
23815: 0.998278
23816: 0.998279
23817: 0.998279
23818: 0.998279
23819: 0.998279
23820: 0.998279
23821: 0.998279
23822: 0.998279
23823: 0.998279
23824: 0.998279
23825: 0.998279
23826: 0.998279
23827: 0.998279
23828: 0.998279
23829: 0.998279
23830: 0.99828
23831: 0.99828
23832: 0.99828
23833: 0.99828
23834: 0.99828
23835: 0.99828
23836: 0.99828
23837: 0.99828
23838: 0.99828
23839: 0.99828
23840: 0.99828
23841: 0.99828
23842: 0.99828
23843: 0.99828
23844: 0.998281
23845: 0.998281
23846: 0.998281
23847: 0.998281
23848: 0.998281
23849: 0.998281
23850: 0.998281
23851: 0.998281
23852: 0.998281
23853: 0.998281
23854: 0.998281
23855: 0.998281
23856: 0.998281
23857: 0.998281
23858: 0.998282
23859: 0.998282
23860: 0.998282
23861: 0.998282
23862: 0.998282
23863: 0.998282
23864: 0.998282
23865: 0.998282
23866: 0.998282
23867: 0.998282
23868: 0.998282
23869: 0.998282
23870: 0.998282
23871: 0.998283
23872: 0.998283
23873: 0.998283
23874: 0.998283
23875: 0.998283
23876: 0.998283
23877: 0.998283
23878: 0.998283
23879: 0.998283
23880: 0.998283
23881: 0.998283
23882: 0.998283
23883: 0.998283
23884: 0.998283
23885: 0.998284
23886: 0.998284
23887: 0.998284
23888: 0.998284
23889: 0.998284
23890: 0.998284
23891: 0.998284
23892: 0.998284
23893: 0.998284
23894: 0.998284
23895: 0.998284
23896: 0.998284
23897: 0.998284
23898: 0.998284
23899: 0.998285
23900: 0.998285
23901: 0.998285
23902: 0.998285
23903: 0.998285
23904: 0.998285
23905: 0.998285
23906: 0.998285
23907: 0.998285
23908: 0.998285
23909: 0.998285
23910: 0.998285
23911: 0.998285
23912: 0.998285
23913: 0.998286
23914: 0.998286
23915: 0.998286
23916: 0.998286
23917: 0.998286
23918: 0.998286
23919: 0.998286
23920: 0.998286
23921: 0.998286
23922: 0.998286
23923: 0.998286
23924: 0.998286
23925: 0.998286
23926: 0.998286
23927: 0.998287
23928: 0.998287
23929: 0.998287
23930: 0.998287
23931: 0.998287
23932: 0.998287
23933: 0.998287
23934: 0.998287
23935: 0.998287
23936: 0.998287
23937: 0.998287
23938: 0.998287
23939: 0.998287
23940: 0.998287
23941: 0.998288
23942: 0.998288
23943: 0.998288
23944: 0.998288
23945: 0.998288
23946: 0.998288
23947: 0.998288
23948: 0.998288
23949: 0.998288
23950: 0.998288
23951: 0.998288
23952: 0.998288
23953: 0.998288
23954: 0.998288
23955: 0.998289
23956: 0.998289
23957: 0.998289
23958: 0.998289
23959: 0.998289
23960: 0.998289
23961: 0.998289
23962: 0.998289
23963: 0.998289
23964: 0.998289
23965: 0.998289
23966: 0.998289
23967: 0.998289
23968: 0.998289
23969: 0.99829
23970: 0.99829
23971: 0.99829
23972: 0.99829
23973: 0.99829
23974: 0.99829
23975: 0.99829
23976: 0.99829
23977: 0.99829
23978: 0.99829
23979: 0.99829
23980: 0.99829
23981: 0.99829
23982: 0.99829
23983: 0.998291
23984: 0.998291
23985: 0.998291
23986: 0.998291
23987: 0.998291
23988: 0.998291
23989: 0.998291
23990: 0.998291
23991: 0.998291
23992: 0.998291
23993: 0.998291
23994: 0.998291
23995: 0.998291
23996: 0.998291
23997: 0.998292
23998: 0.998292
23999: 0.998292
24000: 0.998292
24001: 0.998292
24002: 0.998292
24003: 0.998292
24004: 0.998292
24005: 0.998292
24006: 0.998292
24007: 0.998292
24008: 0.998292
24009: 0.998292
24010: 0.998292
24011: 0.998293
24012: 0.998293
24013: 0.998293
24014: 0.998293
24015: 0.998293
24016: 0.998293
24017: 0.998293
24018: 0.998293
24019: 0.998293
24020: 0.998293
24021: 0.998293
24022: 0.998293
24023: 0.998293
24024: 0.998293
24025: 0.998294
24026: 0.998294
24027: 0.998294
24028: 0.998294
24029: 0.998294
24030: 0.998294
24031: 0.998294
24032: 0.998294
24033: 0.998294
24034: 0.998294
24035: 0.998294
24036: 0.998294
24037: 0.998294
24038: 0.998294
24039: 0.998295
24040: 0.998295
24041: 0.998295
24042: 0.998295
24043: 0.998295
24044: 0.998295
24045: 0.998295
24046: 0.998295
24047: 0.998295
24048: 0.998295
24049: 0.998295
24050: 0.998295
24051: 0.998295
24052: 0.998295
24053: 0.998296
24054: 0.998296
24055: 0.998296
24056: 0.998296
24057: 0.998296
24058: 0.998296
24059: 0.998296
24060: 0.998296
24061: 0.998296
24062: 0.998296
24063: 0.998296
24064: 0.998296
24065: 0.998296
24066: 0.998296
24067: 0.998296
24068: 0.998297
24069: 0.998297
24070: 0.998297
24071: 0.998297
24072: 0.998297
24073: 0.998297
24074: 0.998297
24075: 0.998297
24076: 0.998297
24077: 0.998297
24078: 0.998297
24079: 0.998297
24080: 0.998297
24081: 0.998297
24082: 0.998298
24083: 0.998298
24084: 0.998298
24085: 0.998298
24086: 0.998298
24087: 0.998298
24088: 0.998298
24089: 0.998298
24090: 0.998298
24091: 0.998298
24092: 0.998298
24093: 0.998298
24094: 0.998298
24095: 0.998298
24096: 0.998299
24097: 0.998299
24098: 0.998299
24099: 0.998299
24100: 0.998299
24101: 0.998299
24102: 0.998299
24103: 0.998299
24104: 0.998299
24105: 0.998299
24106: 0.998299
24107: 0.998299
24108: 0.998299
24109: 0.998299
24110: 0.9983
24111: 0.9983
24112: 0.9983
24113: 0.9983
24114: 0.9983
24115: 0.9983
24116: 0.9983
24117: 0.9983
24118: 0.9983
24119: 0.9983
24120: 0.9983
24121: 0.9983
24122: 0.9983
24123: 0.9983
24124: 0.998301
24125: 0.998301
24126: 0.998301
24127: 0.998301
24128: 0.998301
24129: 0.998301
24130: 0.998301
24131: 0.998301
24132: 0.998301
24133: 0.998301
24134: 0.998301
24135: 0.998301
24136: 0.998301
24137: 0.998301
24138: 0.998302
24139: 0.998302
24140: 0.998302
24141: 0.998302
24142: 0.998302
24143: 0.998302
24144: 0.998302
24145: 0.998302
24146: 0.998302
24147: 0.998302
24148: 0.998302
24149: 0.998302
24150: 0.998302
24151: 0.998302
24152: 0.998302
24153: 0.998303
24154: 0.998303
24155: 0.998303
24156: 0.998303
24157: 0.998303
24158: 0.998303
24159: 0.998303
24160: 0.998303
24161: 0.998303
24162: 0.998303
24163: 0.998303
24164: 0.998303
24165: 0.998303
24166: 0.998303
24167: 0.998304
24168: 0.998304
24169: 0.998304
24170: 0.998304
24171: 0.998304
24172: 0.998304
24173: 0.998304
24174: 0.998304
24175: 0.998304
24176: 0.998304
24177: 0.998304
24178: 0.998304
24179: 0.998304
24180: 0.998304
24181: 0.998305
24182: 0.998305
24183: 0.998305
24184: 0.998305
24185: 0.998305
24186: 0.998305
24187: 0.998305
24188: 0.998305
24189: 0.998305
24190: 0.998305
24191: 0.998305
24192: 0.998305
24193: 0.998305
24194: 0.998305
24195: 0.998306
24196: 0.998306
24197: 0.998306
24198: 0.998306
24199: 0.998306
24200: 0.998306
24201: 0.998306
24202: 0.998306
24203: 0.998306
24204: 0.998306
24205: 0.998306
24206: 0.998306
24207: 0.998306
24208: 0.998306
24209: 0.998306
24210: 0.998307
24211: 0.998307
24212: 0.998307
24213: 0.998307
24214: 0.998307
24215: 0.998307
24216: 0.998307
24217: 0.998307
24218: 0.998307
24219: 0.998307
24220: 0.998307
24221: 0.998307
24222: 0.998307
24223: 0.998307
24224: 0.998308
24225: 0.998308
24226: 0.998308
24227: 0.998308
24228: 0.998308
24229: 0.998308
24230: 0.998308
24231: 0.998308
24232: 0.998308
24233: 0.998308
24234: 0.998308
24235: 0.998308
24236: 0.998308
24237: 0.998308
24238: 0.998309
24239: 0.998309
24240: 0.998309
24241: 0.998309
24242: 0.998309
24243: 0.998309
24244: 0.998309
24245: 0.998309
24246: 0.998309
24247: 0.998309
24248: 0.998309
24249: 0.998309
24250: 0.998309
24251: 0.998309
24252: 0.998309
24253: 0.99831
24254: 0.99831
24255: 0.99831
24256: 0.99831
24257: 0.99831
24258: 0.99831
24259: 0.99831
24260: 0.99831
24261: 0.99831
24262: 0.99831
24263: 0.99831
24264: 0.99831
24265: 0.99831
24266: 0.99831
24267: 0.998311
24268: 0.998311
24269: 0.998311
24270: 0.998311
24271: 0.998311
24272: 0.998311
24273: 0.998311
24274: 0.998311
24275: 0.998311
24276: 0.998311
24277: 0.998311
24278: 0.998311
24279: 0.998311
24280: 0.998311
24281: 0.998312
24282: 0.998312
24283: 0.998312
24284: 0.998312
24285: 0.998312
24286: 0.998312
24287: 0.998312
24288: 0.998312
24289: 0.998312
24290: 0.998312
24291: 0.998312
24292: 0.998312
24293: 0.998312
24294: 0.998312
24295: 0.998312
24296: 0.998313
24297: 0.998313
24298: 0.998313
24299: 0.998313
24300: 0.998313
24301: 0.998313
24302: 0.998313
24303: 0.998313
24304: 0.998313
24305: 0.998313
24306: 0.998313
24307: 0.998313
24308: 0.998313
24309: 0.998313
24310: 0.998314
24311: 0.998314
24312: 0.998314
24313: 0.998314
24314: 0.998314
24315: 0.998314
24316: 0.998314
24317: 0.998314
24318: 0.998314
24319: 0.998314
24320: 0.998314
24321: 0.998314
24322: 0.998314
24323: 0.998314
24324: 0.998314
24325: 0.998315
24326: 0.998315
24327: 0.998315
24328: 0.998315
24329: 0.998315
24330: 0.998315
24331: 0.998315
24332: 0.998315
24333: 0.998315
24334: 0.998315
24335: 0.998315
24336: 0.998315
24337: 0.998315
24338: 0.998315
24339: 0.998316
24340: 0.998316
24341: 0.998316
24342: 0.998316
24343: 0.998316
24344: 0.998316
24345: 0.998316
24346: 0.998316
24347: 0.998316
24348: 0.998316
24349: 0.998316
24350: 0.998316
24351: 0.998316
24352: 0.998316
24353: 0.998316
24354: 0.998317
24355: 0.998317
24356: 0.998317
24357: 0.998317
24358: 0.998317
24359: 0.998317
24360: 0.998317
24361: 0.998317
24362: 0.998317
24363: 0.998317
24364: 0.998317
24365: 0.998317
24366: 0.998317
24367: 0.998317
24368: 0.998318
24369: 0.998318
24370: 0.998318
24371: 0.998318
24372: 0.998318
24373: 0.998318
24374: 0.998318
24375: 0.998318
24376: 0.998318
24377: 0.998318
24378: 0.998318
24379: 0.998318
24380: 0.998318
24381: 0.998318
24382: 0.998319
24383: 0.998319
24384: 0.998319
24385: 0.998319
24386: 0.998319
24387: 0.998319
24388: 0.998319
24389: 0.998319
24390: 0.998319
24391: 0.998319
24392: 0.998319
24393: 0.998319
24394: 0.998319
24395: 0.998319
24396: 0.998319
24397: 0.99832
24398: 0.99832
24399: 0.99832
24400: 0.99832
24401: 0.99832
24402: 0.99832
24403: 0.99832
24404: 0.99832
24405: 0.99832
24406: 0.99832
24407: 0.99832
24408: 0.99832
24409: 0.99832
24410: 0.99832
24411: 0.99832
24412: 0.998321
24413: 0.998321
24414: 0.998321
24415: 0.998321
24416: 0.998321
24417: 0.998321
24418: 0.998321
24419: 0.998321
24420: 0.998321
24421: 0.998321
24422: 0.998321
24423: 0.998321
24424: 0.998321
24425: 0.998321
24426: 0.998322
24427: 0.998322
24428: 0.998322
24429: 0.998322
24430: 0.998322
24431: 0.998322
24432: 0.998322
24433: 0.998322
24434: 0.998322
24435: 0.998322
24436: 0.998322
24437: 0.998322
24438: 0.998322
24439: 0.998322
24440: 0.998322
24441: 0.998323
24442: 0.998323
24443: 0.998323
24444: 0.998323
24445: 0.998323
24446: 0.998323
24447: 0.998323
24448: 0.998323
24449: 0.998323
24450: 0.998323
24451: 0.998323
24452: 0.998323
24453: 0.998323
24454: 0.998323
24455: 0.998324
24456: 0.998324
24457: 0.998324
24458: 0.998324
24459: 0.998324
24460: 0.998324
24461: 0.998324
24462: 0.998324
24463: 0.998324
24464: 0.998324
24465: 0.998324
24466: 0.998324
24467: 0.998324
24468: 0.998324
24469: 0.998324
24470: 0.998325
24471: 0.998325
24472: 0.998325
24473: 0.998325
24474: 0.998325
24475: 0.998325
24476: 0.998325
24477: 0.998325
24478: 0.998325
24479: 0.998325
24480: 0.998325
24481: 0.998325
24482: 0.998325
24483: 0.998325
24484: 0.998326
24485: 0.998326
24486: 0.998326
24487: 0.998326
24488: 0.998326
24489: 0.998326
24490: 0.998326
24491: 0.998326
24492: 0.998326
24493: 0.998326
24494: 0.998326
24495: 0.998326
24496: 0.998326
24497: 0.998326
24498: 0.998326
24499: 0.998327
24500: 0.998327
24501: 0.998327
24502: 0.998327
24503: 0.998327
24504: 0.998327
24505: 0.998327
24506: 0.998327
24507: 0.998327
24508: 0.998327
24509: 0.998327
24510: 0.998327
24511: 0.998327
24512: 0.998327
24513: 0.998327
24514: 0.998328
24515: 0.998328
24516: 0.998328
24517: 0.998328
24518: 0.998328
24519: 0.998328
24520: 0.998328
24521: 0.998328
24522: 0.998328
24523: 0.998328
24524: 0.998328
24525: 0.998328
24526: 0.998328
24527: 0.998328
24528: 0.998329
24529: 0.998329
24530: 0.998329
24531: 0.998329
24532: 0.998329
24533: 0.998329
24534: 0.998329
24535: 0.998329
24536: 0.998329
24537: 0.998329
24538: 0.998329
24539: 0.998329
24540: 0.998329
24541: 0.998329
24542: 0.998329
24543: 0.99833
24544: 0.99833
24545: 0.99833
24546: 0.99833
24547: 0.99833
24548: 0.99833
24549: 0.99833
24550: 0.99833
24551: 0.99833
24552: 0.99833
24553: 0.99833
24554: 0.99833
24555: 0.99833
24556: 0.99833
24557: 0.99833
24558: 0.998331
24559: 0.998331
24560: 0.998331
24561: 0.998331
24562: 0.998331
24563: 0.998331
24564: 0.998331
24565: 0.998331
24566: 0.998331
24567: 0.998331
24568: 0.998331
24569: 0.998331
24570: 0.998331
24571: 0.998331
24572: 0.998332
24573: 0.998332
24574: 0.998332
24575: 0.998332
24576: 0.998332
24577: 0.998332
24578: 0.998332
24579: 0.998332
24580: 0.998332
24581: 0.998332
24582: 0.998332
24583: 0.998332
24584: 0.998332
24585: 0.998332
24586: 0.998332
24587: 0.998333
24588: 0.998333
24589: 0.998333
24590: 0.998333
24591: 0.998333
24592: 0.998333
24593: 0.998333
24594: 0.998333
24595: 0.998333
24596: 0.998333
24597: 0.998333
24598: 0.998333
24599: 0.998333
24600: 0.998333
24601: 0.998333
24602: 0.998334
24603: 0.998334
24604: 0.998334
24605: 0.998334
24606: 0.998334
24607: 0.998334
24608: 0.998334
24609: 0.998334
24610: 0.998334
24611: 0.998334
24612: 0.998334
24613: 0.998334
24614: 0.998334
24615: 0.998334
24616: 0.998334
24617: 0.998335
24618: 0.998335
24619: 0.998335
24620: 0.998335
24621: 0.998335
24622: 0.998335
24623: 0.998335
24624: 0.998335
24625: 0.998335
24626: 0.998335
24627: 0.998335
24628: 0.998335
24629: 0.998335
24630: 0.998335
24631: 0.998335
24632: 0.998336
24633: 0.998336
24634: 0.998336
24635: 0.998336
24636: 0.998336
24637: 0.998336
24638: 0.998336
24639: 0.998336
24640: 0.998336
24641: 0.998336
24642: 0.998336
24643: 0.998336
24644: 0.998336
24645: 0.998336
24646: 0.998337
24647: 0.998337
24648: 0.998337
24649: 0.998337
24650: 0.998337
24651: 0.998337
24652: 0.998337
24653: 0.998337
24654: 0.998337
24655: 0.998337
24656: 0.998337
24657: 0.998337
24658: 0.998337
24659: 0.998337
24660: 0.998337
24661: 0.998338
24662: 0.998338
24663: 0.998338
24664: 0.998338
24665: 0.998338
24666: 0.998338
24667: 0.998338
24668: 0.998338
24669: 0.998338
24670: 0.998338
24671: 0.998338
24672: 0.998338
24673: 0.998338
24674: 0.998338
24675: 0.998338
24676: 0.998339
24677: 0.998339
24678: 0.998339
24679: 0.998339
24680: 0.998339
24681: 0.998339
24682: 0.998339
24683: 0.998339
24684: 0.998339
24685: 0.998339
24686: 0.998339
24687: 0.998339
24688: 0.998339
24689: 0.998339
24690: 0.998339
24691: 0.99834
24692: 0.99834
24693: 0.99834
24694: 0.99834
24695: 0.99834
24696: 0.99834
24697: 0.99834
24698: 0.99834
24699: 0.99834
24700: 0.99834
24701: 0.99834
24702: 0.99834
24703: 0.99834
24704: 0.99834
24705: 0.99834
24706: 0.998341
24707: 0.998341
24708: 0.998341
24709: 0.998341
24710: 0.998341
24711: 0.998341
24712: 0.998341
24713: 0.998341
24714: 0.998341
24715: 0.998341
24716: 0.998341
24717: 0.998341
24718: 0.998341
24719: 0.998341
24720: 0.998341
24721: 0.998342
24722: 0.998342
24723: 0.998342
24724: 0.998342
24725: 0.998342
24726: 0.998342
24727: 0.998342
24728: 0.998342
24729: 0.998342
24730: 0.998342
24731: 0.998342
24732: 0.998342
24733: 0.998342
24734: 0.998342
24735: 0.998342
24736: 0.998343
24737: 0.998343
24738: 0.998343
24739: 0.998343
24740: 0.998343
24741: 0.998343
24742: 0.998343
24743: 0.998343
24744: 0.998343
24745: 0.998343
24746: 0.998343
24747: 0.998343
24748: 0.998343
24749: 0.998343
24750: 0.998344
24751: 0.998344
24752: 0.998344
24753: 0.998344
24754: 0.998344
24755: 0.998344
24756: 0.998344
24757: 0.998344
24758: 0.998344
24759: 0.998344
24760: 0.998344
24761: 0.998344
24762: 0.998344
24763: 0.998344
24764: 0.998344
24765: 0.998345
24766: 0.998345
24767: 0.998345
24768: 0.998345
24769: 0.998345
24770: 0.998345
24771: 0.998345
24772: 0.998345
24773: 0.998345
24774: 0.998345
24775: 0.998345
24776: 0.998345
24777: 0.998345
24778: 0.998345
24779: 0.998345
24780: 0.998346
24781: 0.998346
24782: 0.998346
24783: 0.998346
24784: 0.998346
24785: 0.998346
24786: 0.998346
24787: 0.998346
24788: 0.998346
24789: 0.998346
24790: 0.998346
24791: 0.998346
24792: 0.998346
24793: 0.998346
24794: 0.998346
24795: 0.998347
24796: 0.998347
24797: 0.998347
24798: 0.998347
24799: 0.998347
24800: 0.998347
24801: 0.998347
24802: 0.998347
24803: 0.998347
24804: 0.998347
24805: 0.998347
24806: 0.998347
24807: 0.998347
24808: 0.998347
24809: 0.998347
24810: 0.998348
24811: 0.998348
24812: 0.998348
24813: 0.998348
24814: 0.998348
24815: 0.998348
24816: 0.998348
24817: 0.998348
24818: 0.998348
24819: 0.998348
24820: 0.998348
24821: 0.998348
24822: 0.998348
24823: 0.998348
24824: 0.998348
24825: 0.998349
24826: 0.998349
24827: 0.998349
24828: 0.998349
24829: 0.998349
24830: 0.998349
24831: 0.998349
24832: 0.998349
24833: 0.998349
24834: 0.998349
24835: 0.998349
24836: 0.998349
24837: 0.998349
24838: 0.998349
24839: 0.998349
24840: 0.99835
24841: 0.99835
24842: 0.99835
24843: 0.99835
24844: 0.99835
24845: 0.99835
24846: 0.99835
24847: 0.99835
24848: 0.99835
24849: 0.99835
24850: 0.99835
24851: 0.99835
24852: 0.99835
24853: 0.99835
24854: 0.99835
24855: 0.99835
24856: 0.998351
24857: 0.998351
24858: 0.998351
24859: 0.998351
24860: 0.998351
24861: 0.998351
24862: 0.998351
24863: 0.998351
24864: 0.998351
24865: 0.998351
24866: 0.998351
24867: 0.998351
24868: 0.998351
24869: 0.998351
24870: 0.998351
24871: 0.998352
24872: 0.998352
24873: 0.998352
24874: 0.998352
24875: 0.998352
24876: 0.998352
24877: 0.998352
24878: 0.998352
24879: 0.998352
24880: 0.998352
24881: 0.998352
24882: 0.998352
24883: 0.998352
24884: 0.998352
24885: 0.998352
24886: 0.998353
24887: 0.998353
24888: 0.998353
24889: 0.998353
24890: 0.998353
24891: 0.998353
24892: 0.998353
24893: 0.998353
24894: 0.998353
24895: 0.998353
24896: 0.998353
24897: 0.998353
24898: 0.998353
24899: 0.998353
24900: 0.998353
24901: 0.998354
24902: 0.998354
24903: 0.998354
24904: 0.998354
24905: 0.998354
24906: 0.998354
24907: 0.998354
24908: 0.998354
24909: 0.998354
24910: 0.998354
24911: 0.998354
24912: 0.998354
24913: 0.998354
24914: 0.998354
24915: 0.998354
24916: 0.998355
24917: 0.998355
24918: 0.998355
24919: 0.998355
24920: 0.998355
24921: 0.998355
24922: 0.998355
24923: 0.998355
24924: 0.998355
24925: 0.998355
24926: 0.998355
24927: 0.998355
24928: 0.998355
24929: 0.998355
24930: 0.998355
24931: 0.998356
24932: 0.998356
24933: 0.998356
24934: 0.998356
24935: 0.998356
24936: 0.998356
24937: 0.998356
24938: 0.998356
24939: 0.998356
24940: 0.998356
24941: 0.998356
24942: 0.998356
24943: 0.998356
24944: 0.998356
24945: 0.998356
24946: 0.998357
24947: 0.998357
24948: 0.998357
24949: 0.998357
24950: 0.998357
24951: 0.998357
24952: 0.998357
24953: 0.998357
24954: 0.998357
24955: 0.998357
24956: 0.998357
24957: 0.998357
24958: 0.998357
24959: 0.998357
24960: 0.998357
24961: 0.998358
24962: 0.998358
24963: 0.998358
24964: 0.998358
24965: 0.998358
24966: 0.998358
24967: 0.998358
24968: 0.998358
24969: 0.998358
24970: 0.998358
24971: 0.998358
24972: 0.998358
24973: 0.998358
24974: 0.998358
24975: 0.998358
24976: 0.998358
24977: 0.998359
24978: 0.998359
24979: 0.998359
24980: 0.998359
24981: 0.998359
24982: 0.998359
24983: 0.998359
24984: 0.998359
24985: 0.998359
24986: 0.998359
24987: 0.998359
24988: 0.998359
24989: 0.998359
24990: 0.998359
24991: 0.998359
24992: 0.99836
24993: 0.99836
24994: 0.99836
24995: 0.99836
24996: 0.99836
24997: 0.99836
24998: 0.99836
24999: 0.99836
25000: 0.99836
25001: 0.99836
25002: 0.99836
25003: 0.99836
25004: 0.99836
25005: 0.99836
25006: 0.99836
25007: 0.998361
25008: 0.998361
25009: 0.998361
25010: 0.998361
25011: 0.998361
25012: 0.998361
25013: 0.998361
25014: 0.998361
25015: 0.998361
25016: 0.998361
25017: 0.998361
25018: 0.998361
25019: 0.998361
25020: 0.998361
25021: 0.998361
25022: 0.998362
25023: 0.998362
25024: 0.998362
25025: 0.998362
25026: 0.998362
25027: 0.998362
25028: 0.998362
25029: 0.998362
25030: 0.998362
25031: 0.998362
25032: 0.998362
25033: 0.998362
25034: 0.998362
25035: 0.998362
25036: 0.998362
25037: 0.998362
25038: 0.998363
25039: 0.998363
25040: 0.998363
25041: 0.998363
25042: 0.998363
25043: 0.998363
25044: 0.998363
25045: 0.998363
25046: 0.998363
25047: 0.998363
25048: 0.998363
25049: 0.998363
25050: 0.998363
25051: 0.998363
25052: 0.998363
25053: 0.998364
25054: 0.998364
25055: 0.998364
25056: 0.998364
25057: 0.998364
25058: 0.998364
25059: 0.998364
25060: 0.998364
25061: 0.998364
25062: 0.998364
25063: 0.998364
25064: 0.998364
25065: 0.998364
25066: 0.998364
25067: 0.998364
25068: 0.998365
25069: 0.998365
25070: 0.998365
25071: 0.998365
25072: 0.998365
25073: 0.998365
25074: 0.998365
25075: 0.998365
25076: 0.998365
25077: 0.998365
25078: 0.998365
25079: 0.998365
25080: 0.998365
25081: 0.998365
25082: 0.998365
25083: 0.998365
25084: 0.998366
25085: 0.998366
25086: 0.998366
25087: 0.998366
25088: 0.998366
25089: 0.998366
25090: 0.998366
25091: 0.998366
25092: 0.998366
25093: 0.998366
25094: 0.998366
25095: 0.998366
25096: 0.998366
25097: 0.998366
25098: 0.998366
25099: 0.998367
25100: 0.998367
25101: 0.998367
25102: 0.998367
25103: 0.998367
25104: 0.998367
25105: 0.998367
25106: 0.998367
25107: 0.998367
25108: 0.998367
25109: 0.998367
25110: 0.998367
25111: 0.998367
25112: 0.998367
25113: 0.998367
25114: 0.998368
25115: 0.998368
25116: 0.998368
25117: 0.998368
25118: 0.998368
25119: 0.998368
25120: 0.998368
25121: 0.998368
25122: 0.998368
25123: 0.998368
25124: 0.998368
25125: 0.998368
25126: 0.998368
25127: 0.998368
25128: 0.998368
25129: 0.998368
25130: 0.998369
25131: 0.998369
25132: 0.998369
25133: 0.998369
25134: 0.998369
25135: 0.998369
25136: 0.998369
25137: 0.998369
25138: 0.998369
25139: 0.998369
25140: 0.998369
25141: 0.998369
25142: 0.998369
25143: 0.998369
25144: 0.998369
25145: 0.99837
25146: 0.99837
25147: 0.99837
25148: 0.99837
25149: 0.99837
25150: 0.99837
25151: 0.99837
25152: 0.99837
25153: 0.99837
25154: 0.99837
25155: 0.99837
25156: 0.99837
25157: 0.99837
25158: 0.99837
25159: 0.99837
25160: 0.99837
25161: 0.998371
25162: 0.998371
25163: 0.998371
25164: 0.998371
25165: 0.998371
25166: 0.998371
25167: 0.998371
25168: 0.998371
25169: 0.998371
25170: 0.998371
25171: 0.998371
25172: 0.998371
25173: 0.998371
25174: 0.998371
25175: 0.998371
25176: 0.998372
25177: 0.998372
25178: 0.998372
25179: 0.998372
25180: 0.998372
25181: 0.998372
25182: 0.998372
25183: 0.998372
25184: 0.998372
25185: 0.998372
25186: 0.998372
25187: 0.998372
25188: 0.998372
25189: 0.998372
25190: 0.998372
25191: 0.998372
25192: 0.998373
25193: 0.998373
25194: 0.998373
25195: 0.998373
25196: 0.998373
25197: 0.998373
25198: 0.998373
25199: 0.998373
25200: 0.998373
25201: 0.998373
25202: 0.998373
25203: 0.998373
25204: 0.998373
25205: 0.998373
25206: 0.998373
25207: 0.998374
25208: 0.998374
25209: 0.998374
25210: 0.998374
25211: 0.998374
25212: 0.998374
25213: 0.998374
25214: 0.998374
25215: 0.998374
25216: 0.998374
25217: 0.998374
25218: 0.998374
25219: 0.998374
25220: 0.998374
25221: 0.998374
25222: 0.998374
25223: 0.998375
25224: 0.998375
25225: 0.998375
25226: 0.998375
25227: 0.998375
25228: 0.998375
25229: 0.998375
25230: 0.998375
25231: 0.998375
25232: 0.998375
25233: 0.998375
25234: 0.998375
25235: 0.998375
25236: 0.998375
25237: 0.998375
25238: 0.998376
25239: 0.998376
25240: 0.998376
25241: 0.998376
25242: 0.998376
25243: 0.998376
25244: 0.998376
25245: 0.998376
25246: 0.998376
25247: 0.998376
25248: 0.998376
25249: 0.998376
25250: 0.998376
25251: 0.998376
25252: 0.998376
25253: 0.998376
25254: 0.998377
25255: 0.998377
25256: 0.998377
25257: 0.998377
25258: 0.998377
25259: 0.998377
25260: 0.998377
25261: 0.998377
25262: 0.998377
25263: 0.998377
25264: 0.998377
25265: 0.998377
25266: 0.998377
25267: 0.998377
25268: 0.998377
25269: 0.998378
25270: 0.998378
25271: 0.998378
25272: 0.998378
25273: 0.998378
25274: 0.998378
25275: 0.998378
25276: 0.998378
25277: 0.998378
25278: 0.998378
25279: 0.998378
25280: 0.998378
25281: 0.998378
25282: 0.998378
25283: 0.998378
25284: 0.998378
25285: 0.998379
25286: 0.998379
25287: 0.998379
25288: 0.998379
25289: 0.998379
25290: 0.998379
25291: 0.998379
25292: 0.998379
25293: 0.998379
25294: 0.998379
25295: 0.998379
25296: 0.998379
25297: 0.998379
25298: 0.998379
25299: 0.998379
25300: 0.99838
25301: 0.99838
25302: 0.99838
25303: 0.99838
25304: 0.99838
25305: 0.99838
25306: 0.99838
25307: 0.99838
25308: 0.99838
25309: 0.99838
25310: 0.99838
25311: 0.99838
25312: 0.99838
25313: 0.99838
25314: 0.99838
25315: 0.99838
25316: 0.998381
25317: 0.998381
25318: 0.998381
25319: 0.998381
25320: 0.998381
25321: 0.998381
25322: 0.998381
25323: 0.998381
25324: 0.998381
25325: 0.998381
25326: 0.998381
25327: 0.998381
25328: 0.998381
25329: 0.998381
25330: 0.998381
25331: 0.998381
25332: 0.998382
25333: 0.998382
25334: 0.998382
25335: 0.998382
25336: 0.998382
25337: 0.998382
25338: 0.998382
25339: 0.998382
25340: 0.998382
25341: 0.998382
25342: 0.998382
25343: 0.998382
25344: 0.998382
25345: 0.998382
25346: 0.998382
25347: 0.998383
25348: 0.998383
25349: 0.998383
25350: 0.998383
25351: 0.998383
25352: 0.998383
25353: 0.998383
25354: 0.998383
25355: 0.998383
25356: 0.998383
25357: 0.998383
25358: 0.998383
25359: 0.998383
25360: 0.998383
25361: 0.998383
25362: 0.998383
25363: 0.998384
25364: 0.998384
25365: 0.998384
25366: 0.998384
25367: 0.998384
25368: 0.998384
25369: 0.998384
25370: 0.998384
25371: 0.998384
25372: 0.998384
25373: 0.998384
25374: 0.998384
25375: 0.998384
25376: 0.998384
25377: 0.998384
25378: 0.998384
25379: 0.998385
25380: 0.998385
25381: 0.998385
25382: 0.998385
25383: 0.998385
25384: 0.998385
25385: 0.998385
25386: 0.998385
25387: 0.998385
25388: 0.998385
25389: 0.998385
25390: 0.998385
25391: 0.998385
25392: 0.998385
25393: 0.998385
25394: 0.998386
25395: 0.998386
25396: 0.998386
25397: 0.998386
25398: 0.998386
25399: 0.998386
25400: 0.998386
25401: 0.998386
25402: 0.998386
25403: 0.998386
25404: 0.998386
25405: 0.998386
25406: 0.998386
25407: 0.998386
25408: 0.998386
25409: 0.998386
25410: 0.998387
25411: 0.998387
25412: 0.998387
25413: 0.998387
25414: 0.998387
25415: 0.998387
25416: 0.998387
25417: 0.998387
25418: 0.998387
25419: 0.998387
25420: 0.998387
25421: 0.998387
25422: 0.998387
25423: 0.998387
25424: 0.998387
25425: 0.998387
25426: 0.998388
25427: 0.998388
25428: 0.998388
25429: 0.998388
25430: 0.998388
25431: 0.998388
25432: 0.998388
25433: 0.998388
25434: 0.998388
25435: 0.998388
25436: 0.998388
25437: 0.998388
25438: 0.998388
25439: 0.998388
25440: 0.998388
25441: 0.998388
25442: 0.998389
25443: 0.998389
25444: 0.998389
25445: 0.998389
25446: 0.998389
25447: 0.998389
25448: 0.998389
25449: 0.998389
25450: 0.998389
25451: 0.998389
25452: 0.998389
25453: 0.998389
25454: 0.998389
25455: 0.998389
25456: 0.998389
25457: 0.99839
25458: 0.99839
25459: 0.99839
25460: 0.99839
25461: 0.99839
25462: 0.99839
25463: 0.99839
25464: 0.99839
25465: 0.99839
25466: 0.99839
25467: 0.99839
25468: 0.99839
25469: 0.99839
25470: 0.99839
25471: 0.99839
25472: 0.99839
25473: 0.998391
25474: 0.998391
25475: 0.998391
25476: 0.998391
25477: 0.998391
25478: 0.998391
25479: 0.998391
25480: 0.998391
25481: 0.998391
25482: 0.998391
25483: 0.998391
25484: 0.998391
25485: 0.998391
25486: 0.998391
25487: 0.998391
25488: 0.998391
25489: 0.998392
25490: 0.998392
25491: 0.998392
25492: 0.998392
25493: 0.998392
25494: 0.998392
25495: 0.998392
25496: 0.998392
25497: 0.998392
25498: 0.998392
25499: 0.998392
25500: 0.998392
25501: 0.998392
25502: 0.998392
25503: 0.998392
25504: 0.998392
25505: 0.998393
25506: 0.998393
25507: 0.998393
25508: 0.998393
25509: 0.998393
25510: 0.998393
25511: 0.998393
25512: 0.998393
25513: 0.998393
25514: 0.998393
25515: 0.998393
25516: 0.998393
25517: 0.998393
25518: 0.998393
25519: 0.998393
25520: 0.998393
25521: 0.998394
25522: 0.998394
25523: 0.998394
25524: 0.998394
25525: 0.998394
25526: 0.998394
25527: 0.998394
25528: 0.998394
25529: 0.998394
25530: 0.998394
25531: 0.998394
25532: 0.998394
25533: 0.998394
25534: 0.998394
25535: 0.998394
25536: 0.998394
25537: 0.998395
25538: 0.998395
25539: 0.998395
25540: 0.998395
25541: 0.998395
25542: 0.998395
25543: 0.998395
25544: 0.998395
25545: 0.998395
25546: 0.998395
25547: 0.998395
25548: 0.998395
25549: 0.998395
25550: 0.998395
25551: 0.998395
25552: 0.998395
25553: 0.998396
25554: 0.998396
25555: 0.998396
25556: 0.998396
25557: 0.998396
25558: 0.998396
25559: 0.998396
25560: 0.998396
25561: 0.998396
25562: 0.998396
25563: 0.998396
25564: 0.998396
25565: 0.998396
25566: 0.998396
25567: 0.998396
25568: 0.998396
25569: 0.998397
25570: 0.998397
25571: 0.998397
25572: 0.998397
25573: 0.998397
25574: 0.998397
25575: 0.998397
25576: 0.998397
25577: 0.998397
25578: 0.998397
25579: 0.998397
25580: 0.998397
25581: 0.998397
25582: 0.998397
25583: 0.998397
25584: 0.998397
25585: 0.998398
25586: 0.998398
25587: 0.998398
25588: 0.998398
25589: 0.998398
25590: 0.998398
25591: 0.998398
25592: 0.998398
25593: 0.998398
25594: 0.998398
25595: 0.998398
25596: 0.998398
25597: 0.998398
25598: 0.998398
25599: 0.998398
25600: 0.998399
25601: 0.998399
25602: 0.998399
25603: 0.998399
25604: 0.998399
25605: 0.998399
25606: 0.998399
25607: 0.998399
25608: 0.998399
25609: 0.998399
25610: 0.998399
25611: 0.998399
25612: 0.998399
25613: 0.998399
25614: 0.998399
25615: 0.998399
25616: 0.9984
25617: 0.9984
25618: 0.9984
25619: 0.9984
25620: 0.9984
25621: 0.9984
25622: 0.9984
25623: 0.9984
25624: 0.9984
25625: 0.9984
25626: 0.9984
25627: 0.9984
25628: 0.9984
25629: 0.9984
25630: 0.9984
25631: 0.9984
25632: 0.9984
25633: 0.998401
25634: 0.998401
25635: 0.998401
25636: 0.998401
25637: 0.998401
25638: 0.998401
25639: 0.998401
25640: 0.998401
25641: 0.998401
25642: 0.998401
25643: 0.998401
25644: 0.998401
25645: 0.998401
25646: 0.998401
25647: 0.998401
25648: 0.998401
25649: 0.998402
25650: 0.998402
25651: 0.998402
25652: 0.998402
25653: 0.998402
25654: 0.998402
25655: 0.998402
25656: 0.998402
25657: 0.998402
25658: 0.998402
25659: 0.998402
25660: 0.998402
25661: 0.998402
25662: 0.998402
25663: 0.998402
25664: 0.998402
25665: 0.998403
25666: 0.998403
25667: 0.998403
25668: 0.998403
25669: 0.998403
25670: 0.998403
25671: 0.998403
25672: 0.998403
25673: 0.998403
25674: 0.998403
25675: 0.998403
25676: 0.998403
25677: 0.998403
25678: 0.998403
25679: 0.998403
25680: 0.998403
25681: 0.998404
25682: 0.998404
25683: 0.998404
25684: 0.998404
25685: 0.998404
25686: 0.998404
25687: 0.998404
25688: 0.998404
25689: 0.998404
25690: 0.998404
25691: 0.998404
25692: 0.998404
25693: 0.998404
25694: 0.998404
25695: 0.998404
25696: 0.998404
25697: 0.998405
25698: 0.998405
25699: 0.998405
25700: 0.998405
25701: 0.998405
25702: 0.998405
25703: 0.998405
25704: 0.998405
25705: 0.998405
25706: 0.998405
25707: 0.998405
25708: 0.998405
25709: 0.998405
25710: 0.998405
25711: 0.998405
25712: 0.998405
25713: 0.998406
25714: 0.998406
25715: 0.998406
25716: 0.998406
25717: 0.998406
25718: 0.998406
25719: 0.998406
25720: 0.998406
25721: 0.998406
25722: 0.998406
25723: 0.998406
25724: 0.998406
25725: 0.998406
25726: 0.998406
25727: 0.998406
25728: 0.998406
25729: 0.998407
25730: 0.998407
25731: 0.998407
25732: 0.998407
25733: 0.998407
25734: 0.998407
25735: 0.998407
25736: 0.998407
25737: 0.998407
25738: 0.998407
25739: 0.998407
25740: 0.998407
25741: 0.998407
25742: 0.998407
25743: 0.998407
25744: 0.998407
25745: 0.998408
25746: 0.998408
25747: 0.998408
25748: 0.998408
25749: 0.998408
25750: 0.998408
25751: 0.998408
25752: 0.998408
25753: 0.998408
25754: 0.998408
25755: 0.998408
25756: 0.998408
25757: 0.998408
25758: 0.998408
25759: 0.998408
25760: 0.998408
25761: 0.998409
25762: 0.998409
25763: 0.998409
25764: 0.998409
25765: 0.998409
25766: 0.998409
25767: 0.998409
25768: 0.998409
25769: 0.998409
25770: 0.998409
25771: 0.998409
25772: 0.998409
25773: 0.998409
25774: 0.998409
25775: 0.998409
25776: 0.998409
25777: 0.998409
25778: 0.99841
25779: 0.99841
25780: 0.99841
25781: 0.99841
25782: 0.99841
25783: 0.99841
25784: 0.99841
25785: 0.99841
25786: 0.99841
25787: 0.99841
25788: 0.99841
25789: 0.99841
25790: 0.99841
25791: 0.99841
25792: 0.99841
25793: 0.99841
25794: 0.998411
25795: 0.998411
25796: 0.998411
25797: 0.998411
25798: 0.998411
25799: 0.998411
25800: 0.998411
25801: 0.998411
25802: 0.998411
25803: 0.998411
25804: 0.998411
25805: 0.998411
25806: 0.998411
25807: 0.998411
25808: 0.998411
25809: 0.998411
25810: 0.998412
25811: 0.998412
25812: 0.998412
25813: 0.998412
25814: 0.998412
25815: 0.998412
25816: 0.998412
25817: 0.998412
25818: 0.998412
25819: 0.998412
25820: 0.998412
25821: 0.998412
25822: 0.998412
25823: 0.998412
25824: 0.998412
25825: 0.998412
25826: 0.998413
25827: 0.998413
25828: 0.998413
25829: 0.998413
25830: 0.998413
25831: 0.998413
25832: 0.998413
25833: 0.998413
25834: 0.998413
25835: 0.998413
25836: 0.998413
25837: 0.998413
25838: 0.998413
25839: 0.998413
25840: 0.998413
25841: 0.998413
25842: 0.998413
25843: 0.998414
25844: 0.998414
25845: 0.998414
25846: 0.998414
25847: 0.998414
25848: 0.998414
25849: 0.998414
25850: 0.998414
25851: 0.998414
25852: 0.998414
25853: 0.998414
25854: 0.998414
25855: 0.998414
25856: 0.998414
25857: 0.998414
25858: 0.998414
25859: 0.998415
25860: 0.998415
25861: 0.998415
25862: 0.998415
25863: 0.998415
25864: 0.998415
25865: 0.998415
25866: 0.998415
25867: 0.998415
25868: 0.998415
25869: 0.998415
25870: 0.998415
25871: 0.998415
25872: 0.998415
25873: 0.998415
25874: 0.998415
25875: 0.998416
25876: 0.998416
25877: 0.998416
25878: 0.998416
25879: 0.998416
25880: 0.998416
25881: 0.998416
25882: 0.998416
25883: 0.998416
25884: 0.998416
25885: 0.998416
25886: 0.998416
25887: 0.998416
25888: 0.998416
25889: 0.998416
25890: 0.998416
25891: 0.998416
25892: 0.998417
25893: 0.998417
25894: 0.998417
25895: 0.998417
25896: 0.998417
25897: 0.998417
25898: 0.998417
25899: 0.998417
25900: 0.998417
25901: 0.998417
25902: 0.998417
25903: 0.998417
25904: 0.998417
25905: 0.998417
25906: 0.998417
25907: 0.998417
25908: 0.998418
25909: 0.998418
25910: 0.998418
25911: 0.998418
25912: 0.998418
25913: 0.998418
25914: 0.998418
25915: 0.998418
25916: 0.998418
25917: 0.998418
25918: 0.998418
25919: 0.998418
25920: 0.998418
25921: 0.998418
25922: 0.998418
25923: 0.998418
25924: 0.998419
25925: 0.998419
25926: 0.998419
25927: 0.998419
25928: 0.998419
25929: 0.998419
25930: 0.998419
25931: 0.998419
25932: 0.998419
25933: 0.998419
25934: 0.998419
25935: 0.998419
25936: 0.998419
25937: 0.998419
25938: 0.998419
25939: 0.998419
25940: 0.998419
25941: 0.99842
25942: 0.99842
25943: 0.99842
25944: 0.99842
25945: 0.99842
25946: 0.99842
25947: 0.99842
25948: 0.99842
25949: 0.99842
25950: 0.99842
25951: 0.99842
25952: 0.99842
25953: 0.99842
25954: 0.99842
25955: 0.99842
25956: 0.99842
25957: 0.998421
25958: 0.998421
25959: 0.998421
25960: 0.998421
25961: 0.998421
25962: 0.998421
25963: 0.998421
25964: 0.998421
25965: 0.998421
25966: 0.998421
25967: 0.998421
25968: 0.998421
25969: 0.998421
25970: 0.998421
25971: 0.998421
25972: 0.998421
25973: 0.998421
25974: 0.998422
25975: 0.998422
25976: 0.998422
25977: 0.998422
25978: 0.998422
25979: 0.998422
25980: 0.998422
25981: 0.998422
25982: 0.998422
25983: 0.998422
25984: 0.998422
25985: 0.998422
25986: 0.998422
25987: 0.998422
25988: 0.998422
25989: 0.998422
25990: 0.998423
25991: 0.998423
25992: 0.998423
25993: 0.998423
25994: 0.998423
25995: 0.998423
25996: 0.998423
25997: 0.998423
25998: 0.998423
25999: 0.998423
26000: 0.998423
26001: 0.998423
26002: 0.998423
26003: 0.998423
26004: 0.998423
26005: 0.998423
26006: 0.998424
26007: 0.998424
26008: 0.998424
26009: 0.998424
26010: 0.998424
26011: 0.998424
26012: 0.998424
26013: 0.998424
26014: 0.998424
26015: 0.998424
26016: 0.998424
26017: 0.998424
26018: 0.998424
26019: 0.998424
26020: 0.998424
26021: 0.998424
26022: 0.998424
26023: 0.998425
26024: 0.998425
26025: 0.998425
26026: 0.998425
26027: 0.998425
26028: 0.998425
26029: 0.998425
26030: 0.998425
26031: 0.998425
26032: 0.998425
26033: 0.998425
26034: 0.998425
26035: 0.998425
26036: 0.998425
26037: 0.998425
26038: 0.998425
26039: 0.998425
26040: 0.998426
26041: 0.998426
26042: 0.998426
26043: 0.998426
26044: 0.998426
26045: 0.998426
26046: 0.998426
26047: 0.998426
26048: 0.998426
26049: 0.998426
26050: 0.998426
26051: 0.998426
26052: 0.998426
26053: 0.998426
26054: 0.998426
26055: 0.998426
26056: 0.998427
26057: 0.998427
26058: 0.998427
26059: 0.998427
26060: 0.998427
26061: 0.998427
26062: 0.998427
26063: 0.998427
26064: 0.998427
26065: 0.998427
26066: 0.998427
26067: 0.998427
26068: 0.998427
26069: 0.998427
26070: 0.998427
26071: 0.998427
26072: 0.998427
26073: 0.998428
26074: 0.998428
26075: 0.998428
26076: 0.998428
26077: 0.998428
26078: 0.998428
26079: 0.998428
26080: 0.998428
26081: 0.998428
26082: 0.998428
26083: 0.998428
26084: 0.998428
26085: 0.998428
26086: 0.998428
26087: 0.998428
26088: 0.998428
26089: 0.998429
26090: 0.998429
26091: 0.998429
26092: 0.998429
26093: 0.998429
26094: 0.998429
26095: 0.998429
26096: 0.998429
26097: 0.998429
26098: 0.998429
26099: 0.998429
26100: 0.998429
26101: 0.998429
26102: 0.998429
26103: 0.998429
26104: 0.998429
26105: 0.998429
26106: 0.99843
26107: 0.99843
26108: 0.99843
26109: 0.99843
26110: 0.99843
26111: 0.99843
26112: 0.99843
26113: 0.99843
26114: 0.99843
26115: 0.99843
26116: 0.99843
26117: 0.99843
26118: 0.99843
26119: 0.99843
26120: 0.99843
26121: 0.99843
26122: 0.998431
26123: 0.998431
26124: 0.998431
26125: 0.998431
26126: 0.998431
26127: 0.998431
26128: 0.998431
26129: 0.998431
26130: 0.998431
26131: 0.998431
26132: 0.998431
26133: 0.998431
26134: 0.998431
26135: 0.998431
26136: 0.998431
26137: 0.998431
26138: 0.998431
26139: 0.998432
26140: 0.998432
26141: 0.998432
26142: 0.998432
26143: 0.998432
26144: 0.998432
26145: 0.998432
26146: 0.998432
26147: 0.998432
26148: 0.998432
26149: 0.998432
26150: 0.998432
26151: 0.998432
26152: 0.998432
26153: 0.998432
26154: 0.998432
26155: 0.998432
26156: 0.998433
26157: 0.998433
26158: 0.998433
26159: 0.998433
26160: 0.998433
26161: 0.998433
26162: 0.998433
26163: 0.998433
26164: 0.998433
26165: 0.998433
26166: 0.998433
26167: 0.998433
26168: 0.998433
26169: 0.998433
26170: 0.998433
26171: 0.998433
26172: 0.998434
26173: 0.998434
26174: 0.998434
26175: 0.998434
26176: 0.998434
26177: 0.998434
26178: 0.998434
26179: 0.998434
26180: 0.998434
26181: 0.998434
26182: 0.998434
26183: 0.998434
26184: 0.998434
26185: 0.998434
26186: 0.998434
26187: 0.998434
26188: 0.998434
26189: 0.998435
26190: 0.998435
26191: 0.998435
26192: 0.998435
26193: 0.998435
26194: 0.998435
26195: 0.998435
26196: 0.998435
26197: 0.998435
26198: 0.998435
26199: 0.998435
26200: 0.998435
26201: 0.998435
26202: 0.998435
26203: 0.998435
26204: 0.998435
26205: 0.998435
26206: 0.998436
26207: 0.998436
26208: 0.998436
26209: 0.998436
26210: 0.998436
26211: 0.998436
26212: 0.998436
26213: 0.998436
26214: 0.998436
26215: 0.998436
26216: 0.998436
26217: 0.998436
26218: 0.998436
26219: 0.998436
26220: 0.998436
26221: 0.998436
26222: 0.998436
26223: 0.998437
26224: 0.998437
26225: 0.998437
26226: 0.998437
26227: 0.998437
26228: 0.998437
26229: 0.998437
26230: 0.998437
26231: 0.998437
26232: 0.998437
26233: 0.998437
26234: 0.998437
26235: 0.998437
26236: 0.998437
26237: 0.998437
26238: 0.998437
26239: 0.998437
26240: 0.998438
26241: 0.998438
26242: 0.998438
26243: 0.998438
26244: 0.998438
26245: 0.998438
26246: 0.998438
26247: 0.998438
26248: 0.998438
26249: 0.998438
26250: 0.998438
26251: 0.998438
26252: 0.998438
26253: 0.998438
26254: 0.998438
26255: 0.998438
26256: 0.998439
26257: 0.998439
26258: 0.998439
26259: 0.998439
26260: 0.998439
26261: 0.998439
26262: 0.998439
26263: 0.998439
26264: 0.998439
26265: 0.998439
26266: 0.998439
26267: 0.998439
26268: 0.998439
26269: 0.998439
26270: 0.998439
26271: 0.998439
26272: 0.998439
26273: 0.99844
26274: 0.99844
26275: 0.99844
26276: 0.99844
26277: 0.99844
26278: 0.99844
26279: 0.99844
26280: 0.99844
26281: 0.99844
26282: 0.99844
26283: 0.99844
26284: 0.99844
26285: 0.99844
26286: 0.99844
26287: 0.99844
26288: 0.99844
26289: 0.99844
26290: 0.998441
26291: 0.998441
26292: 0.998441
26293: 0.998441
26294: 0.998441
26295: 0.998441
26296: 0.998441
26297: 0.998441
26298: 0.998441
26299: 0.998441
26300: 0.998441
26301: 0.998441
26302: 0.998441
26303: 0.998441
26304: 0.998441
26305: 0.998441
26306: 0.998441
26307: 0.998442
26308: 0.998442
26309: 0.998442
26310: 0.998442
26311: 0.998442
26312: 0.998442
26313: 0.998442
26314: 0.998442
26315: 0.998442
26316: 0.998442
26317: 0.998442
26318: 0.998442
26319: 0.998442
26320: 0.998442
26321: 0.998442
26322: 0.998442
26323: 0.998442
26324: 0.998443
26325: 0.998443
26326: 0.998443
26327: 0.998443
26328: 0.998443
26329: 0.998443
26330: 0.998443
26331: 0.998443
26332: 0.998443
26333: 0.998443
26334: 0.998443
26335: 0.998443
26336: 0.998443
26337: 0.998443
26338: 0.998443
26339: 0.998443
26340: 0.998443
26341: 0.998444
26342: 0.998444
26343: 0.998444
26344: 0.998444
26345: 0.998444
26346: 0.998444
26347: 0.998444
26348: 0.998444
26349: 0.998444
26350: 0.998444
26351: 0.998444
26352: 0.998444
26353: 0.998444
26354: 0.998444
26355: 0.998444
26356: 0.998444
26357: 0.998444
26358: 0.998445
26359: 0.998445
26360: 0.998445
26361: 0.998445
26362: 0.998445
26363: 0.998445
26364: 0.998445
26365: 0.998445
26366: 0.998445
26367: 0.998445
26368: 0.998445
26369: 0.998445
26370: 0.998445
26371: 0.998445
26372: 0.998445
26373: 0.998445
26374: 0.998445
26375: 0.998446
26376: 0.998446
26377: 0.998446
26378: 0.998446
26379: 0.998446
26380: 0.998446
26381: 0.998446
26382: 0.998446
26383: 0.998446
26384: 0.998446
26385: 0.998446
26386: 0.998446
26387: 0.998446
26388: 0.998446
26389: 0.998446
26390: 0.998446
26391: 0.998446
26392: 0.998447
26393: 0.998447
26394: 0.998447
26395: 0.998447
26396: 0.998447
26397: 0.998447
26398: 0.998447
26399: 0.998447
26400: 0.998447
26401: 0.998447
26402: 0.998447
26403: 0.998447
26404: 0.998447
26405: 0.998447
26406: 0.998447
26407: 0.998447
26408: 0.998447
26409: 0.998448
26410: 0.998448
26411: 0.998448
26412: 0.998448
26413: 0.998448
26414: 0.998448
26415: 0.998448
26416: 0.998448
26417: 0.998448
26418: 0.998448
26419: 0.998448
26420: 0.998448
26421: 0.998448
26422: 0.998448
26423: 0.998448
26424: 0.998448
26425: 0.998448
26426: 0.998449
26427: 0.998449
26428: 0.998449
26429: 0.998449
26430: 0.998449
26431: 0.998449
26432: 0.998449
26433: 0.998449
26434: 0.998449
26435: 0.998449
26436: 0.998449
26437: 0.998449
26438: 0.998449
26439: 0.998449
26440: 0.998449
26441: 0.998449
26442: 0.998449
26443: 0.99845
26444: 0.99845
26445: 0.99845
26446: 0.99845
26447: 0.99845
26448: 0.99845
26449: 0.99845
26450: 0.99845
26451: 0.99845
26452: 0.99845
26453: 0.99845
26454: 0.99845
26455: 0.99845
26456: 0.99845
26457: 0.99845
26458: 0.99845
26459: 0.99845
26460: 0.998451
26461: 0.998451
26462: 0.998451
26463: 0.998451
26464: 0.998451
26465: 0.998451
26466: 0.998451
26467: 0.998451
26468: 0.998451
26469: 0.998451
26470: 0.998451
26471: 0.998451
26472: 0.998451
26473: 0.998451
26474: 0.998451
26475: 0.998451
26476: 0.998451
26477: 0.998452
26478: 0.998452
26479: 0.998452
26480: 0.998452
26481: 0.998452
26482: 0.998452
26483: 0.998452
26484: 0.998452
26485: 0.998452
26486: 0.998452
26487: 0.998452
26488: 0.998452
26489: 0.998452
26490: 0.998452
26491: 0.998452
26492: 0.998452
26493: 0.998452
26494: 0.998453
26495: 0.998453
26496: 0.998453
26497: 0.998453
26498: 0.998453
26499: 0.998453
26500: 0.998453
26501: 0.998453
26502: 0.998453
26503: 0.998453
26504: 0.998453
26505: 0.998453
26506: 0.998453
26507: 0.998453
26508: 0.998453
26509: 0.998453
26510: 0.998453
26511: 0.998454
26512: 0.998454
26513: 0.998454
26514: 0.998454
26515: 0.998454
26516: 0.998454
26517: 0.998454
26518: 0.998454
26519: 0.998454
26520: 0.998454
26521: 0.998454
26522: 0.998454
26523: 0.998454
26524: 0.998454
26525: 0.998454
26526: 0.998454
26527: 0.998454
26528: 0.998455
26529: 0.998455
26530: 0.998455
26531: 0.998455
26532: 0.998455
26533: 0.998455
26534: 0.998455
26535: 0.998455
26536: 0.998455
26537: 0.998455
26538: 0.998455
26539: 0.998455
26540: 0.998455
26541: 0.998455
26542: 0.998455
26543: 0.998455
26544: 0.998455
26545: 0.998456
26546: 0.998456
26547: 0.998456
26548: 0.998456
26549: 0.998456
26550: 0.998456
26551: 0.998456
26552: 0.998456
26553: 0.998456
26554: 0.998456
26555: 0.998456
26556: 0.998456
26557: 0.998456
26558: 0.998456
26559: 0.998456
26560: 0.998456
26561: 0.998456
26562: 0.998456
26563: 0.998457
26564: 0.998457
26565: 0.998457
26566: 0.998457
26567: 0.998457
26568: 0.998457
26569: 0.998457
26570: 0.998457
26571: 0.998457
26572: 0.998457
26573: 0.998457
26574: 0.998457
26575: 0.998457
26576: 0.998457
26577: 0.998457
26578: 0.998457
26579: 0.998457
26580: 0.998458
26581: 0.998458
26582: 0.998458
26583: 0.998458
26584: 0.998458
26585: 0.998458
26586: 0.998458
26587: 0.998458
26588: 0.998458
26589: 0.998458
26590: 0.998458
26591: 0.998458
26592: 0.998458
26593: 0.998458
26594: 0.998458
26595: 0.998458
26596: 0.998458
26597: 0.998459
26598: 0.998459
26599: 0.998459
26600: 0.998459
26601: 0.998459
26602: 0.998459
26603: 0.998459
26604: 0.998459
26605: 0.998459
26606: 0.998459
26607: 0.998459
26608: 0.998459
26609: 0.998459
26610: 0.998459
26611: 0.998459
26612: 0.998459
26613: 0.998459
26614: 0.99846
26615: 0.99846
26616: 0.99846
26617: 0.99846
26618: 0.99846
26619: 0.99846
26620: 0.99846
26621: 0.99846
26622: 0.99846
26623: 0.99846
26624: 0.99846
26625: 0.99846
26626: 0.99846
26627: 0.99846
26628: 0.99846
26629: 0.99846
26630: 0.99846
26631: 0.99846
26632: 0.998461
26633: 0.998461
26634: 0.998461
26635: 0.998461
26636: 0.998461
26637: 0.998461
26638: 0.998461
26639: 0.998461
26640: 0.998461
26641: 0.998461
26642: 0.998461
26643: 0.998461
26644: 0.998461
26645: 0.998461
26646: 0.998461
26647: 0.998461
26648: 0.998461
26649: 0.998462
26650: 0.998462
26651: 0.998462
26652: 0.998462
26653: 0.998462
26654: 0.998462
26655: 0.998462
26656: 0.998462
26657: 0.998462
26658: 0.998462
26659: 0.998462
26660: 0.998462
26661: 0.998462
26662: 0.998462
26663: 0.998462
26664: 0.998462
26665: 0.998462
26666: 0.998463
26667: 0.998463
26668: 0.998463
26669: 0.998463
26670: 0.998463
26671: 0.998463
26672: 0.998463
26673: 0.998463
26674: 0.998463
26675: 0.998463
26676: 0.998463
26677: 0.998463
26678: 0.998463
26679: 0.998463
26680: 0.998463
26681: 0.998463
26682: 0.998463
26683: 0.998463
26684: 0.998464
26685: 0.998464
26686: 0.998464
26687: 0.998464
26688: 0.998464
26689: 0.998464
26690: 0.998464
26691: 0.998464
26692: 0.998464
26693: 0.998464
26694: 0.998464
26695: 0.998464
26696: 0.998464
26697: 0.998464
26698: 0.998464
26699: 0.998464
26700: 0.998464
26701: 0.998465
26702: 0.998465
26703: 0.998465
26704: 0.998465
26705: 0.998465
26706: 0.998465
26707: 0.998465
26708: 0.998465
26709: 0.998465
26710: 0.998465
26711: 0.998465
26712: 0.998465
26713: 0.998465
26714: 0.998465
26715: 0.998465
26716: 0.998465
26717: 0.998465
26718: 0.998466
26719: 0.998466
26720: 0.998466
26721: 0.998466
26722: 0.998466
26723: 0.998466
26724: 0.998466
26725: 0.998466
26726: 0.998466
26727: 0.998466
26728: 0.998466
26729: 0.998466
26730: 0.998466
26731: 0.998466
26732: 0.998466
26733: 0.998466
26734: 0.998466
26735: 0.998466
26736: 0.998467
26737: 0.998467
26738: 0.998467
26739: 0.998467
26740: 0.998467
26741: 0.998467
26742: 0.998467
26743: 0.998467
26744: 0.998467
26745: 0.998467
26746: 0.998467
26747: 0.998467
26748: 0.998467
26749: 0.998467
26750: 0.998467
26751: 0.998467
26752: 0.998467
26753: 0.998468
26754: 0.998468
26755: 0.998468
26756: 0.998468
26757: 0.998468
26758: 0.998468
26759: 0.998468
26760: 0.998468
26761: 0.998468
26762: 0.998468
26763: 0.998468
26764: 0.998468
26765: 0.998468
26766: 0.998468
26767: 0.998468
26768: 0.998468
26769: 0.998468
26770: 0.998468
26771: 0.998469
26772: 0.998469
26773: 0.998469
26774: 0.998469
26775: 0.998469
26776: 0.998469
26777: 0.998469
26778: 0.998469
26779: 0.998469
26780: 0.998469
26781: 0.998469
26782: 0.998469
26783: 0.998469
26784: 0.998469
26785: 0.998469
26786: 0.998469
26787: 0.998469
26788: 0.99847
26789: 0.99847
26790: 0.99847
26791: 0.99847
26792: 0.99847
26793: 0.99847
26794: 0.99847
26795: 0.99847
26796: 0.99847
26797: 0.99847
26798: 0.99847
26799: 0.99847
26800: 0.99847
26801: 0.99847
26802: 0.99847
26803: 0.99847
26804: 0.99847
26805: 0.99847
26806: 0.998471
26807: 0.998471
26808: 0.998471
26809: 0.998471
26810: 0.998471
26811: 0.998471
26812: 0.998471
26813: 0.998471
26814: 0.998471
26815: 0.998471
26816: 0.998471
26817: 0.998471
26818: 0.998471
26819: 0.998471
26820: 0.998471
26821: 0.998471
26822: 0.998471
26823: 0.998472
26824: 0.998472
26825: 0.998472
26826: 0.998472
26827: 0.998472
26828: 0.998472
26829: 0.998472
26830: 0.998472
26831: 0.998472
26832: 0.998472
26833: 0.998472
26834: 0.998472
26835: 0.998472
26836: 0.998472
26837: 0.998472
26838: 0.998472
26839: 0.998472
26840: 0.998472
26841: 0.998473
26842: 0.998473
26843: 0.998473
26844: 0.998473
26845: 0.998473
26846: 0.998473
26847: 0.998473
26848: 0.998473
26849: 0.998473
26850: 0.998473
26851: 0.998473
26852: 0.998473
26853: 0.998473
26854: 0.998473
26855: 0.998473
26856: 0.998473
26857: 0.998473
26858: 0.998474
26859: 0.998474
26860: 0.998474
26861: 0.998474
26862: 0.998474
26863: 0.998474
26864: 0.998474
26865: 0.998474
26866: 0.998474
26867: 0.998474
26868: 0.998474
26869: 0.998474
26870: 0.998474
26871: 0.998474
26872: 0.998474
26873: 0.998474
26874: 0.998474
26875: 0.998474
26876: 0.998475
26877: 0.998475
26878: 0.998475
26879: 0.998475
26880: 0.998475
26881: 0.998475
26882: 0.998475
26883: 0.998475
26884: 0.998475
26885: 0.998475
26886: 0.998475
26887: 0.998475
26888: 0.998475
26889: 0.998475
26890: 0.998475
26891: 0.998475
26892: 0.998475
26893: 0.998475
26894: 0.998476
26895: 0.998476
26896: 0.998476
26897: 0.998476
26898: 0.998476
26899: 0.998476
26900: 0.998476
26901: 0.998476
26902: 0.998476
26903: 0.998476
26904: 0.998476
26905: 0.998476
26906: 0.998476
26907: 0.998476
26908: 0.998476
26909: 0.998476
26910: 0.998476
26911: 0.998477
26912: 0.998477
26913: 0.998477
26914: 0.998477
26915: 0.998477
26916: 0.998477
26917: 0.998477
26918: 0.998477
26919: 0.998477
26920: 0.998477
26921: 0.998477
26922: 0.998477
26923: 0.998477
26924: 0.998477
26925: 0.998477
26926: 0.998477
26927: 0.998477
26928: 0.998477
26929: 0.998478
26930: 0.998478
26931: 0.998478
26932: 0.998478
26933: 0.998478
26934: 0.998478
26935: 0.998478
26936: 0.998478
26937: 0.998478
26938: 0.998478
26939: 0.998478
26940: 0.998478
26941: 0.998478
26942: 0.998478
26943: 0.998478
26944: 0.998478
26945: 0.998478
26946: 0.998478
26947: 0.998479
26948: 0.998479
26949: 0.998479
26950: 0.998479
26951: 0.998479
26952: 0.998479
26953: 0.998479
26954: 0.998479
26955: 0.998479
26956: 0.998479
26957: 0.998479
26958: 0.998479
26959: 0.998479
26960: 0.998479
26961: 0.998479
26962: 0.998479
26963: 0.998479
26964: 0.99848
26965: 0.99848
26966: 0.99848
26967: 0.99848
26968: 0.99848
26969: 0.99848
26970: 0.99848
26971: 0.99848
26972: 0.99848
26973: 0.99848
26974: 0.99848
26975: 0.99848
26976: 0.99848
26977: 0.99848
26978: 0.99848
26979: 0.99848
26980: 0.99848
26981: 0.99848
26982: 0.998481
26983: 0.998481
26984: 0.998481
26985: 0.998481
26986: 0.998481
26987: 0.998481
26988: 0.998481
26989: 0.998481
26990: 0.998481
26991: 0.998481
26992: 0.998481
26993: 0.998481
26994: 0.998481
26995: 0.998481
26996: 0.998481
26997: 0.998481
26998: 0.998481
26999: 0.998481
27000: 0.998482
27001: 0.998482
27002: 0.998482
27003: 0.998482
27004: 0.998482
27005: 0.998482
27006: 0.998482
27007: 0.998482
27008: 0.998482
27009: 0.998482
27010: 0.998482
27011: 0.998482
27012: 0.998482
27013: 0.998482
27014: 0.998482
27015: 0.998482
27016: 0.998482
27017: 0.998482
27018: 0.998483
27019: 0.998483
27020: 0.998483
27021: 0.998483
27022: 0.998483
27023: 0.998483
27024: 0.998483
27025: 0.998483
27026: 0.998483
27027: 0.998483
27028: 0.998483
27029: 0.998483
27030: 0.998483
27031: 0.998483
27032: 0.998483
27033: 0.998483
27034: 0.998483
27035: 0.998484
27036: 0.998484
27037: 0.998484
27038: 0.998484
27039: 0.998484
27040: 0.998484
27041: 0.998484
27042: 0.998484
27043: 0.998484
27044: 0.998484
27045: 0.998484
27046: 0.998484
27047: 0.998484
27048: 0.998484
27049: 0.998484
27050: 0.998484
27051: 0.998484
27052: 0.998484
27053: 0.998485
27054: 0.998485
27055: 0.998485
27056: 0.998485
27057: 0.998485
27058: 0.998485
27059: 0.998485
27060: 0.998485
27061: 0.998485
27062: 0.998485
27063: 0.998485
27064: 0.998485
27065: 0.998485
27066: 0.998485
27067: 0.998485
27068: 0.998485
27069: 0.998485
27070: 0.998485
27071: 0.998486
27072: 0.998486
27073: 0.998486
27074: 0.998486
27075: 0.998486
27076: 0.998486
27077: 0.998486
27078: 0.998486
27079: 0.998486
27080: 0.998486
27081: 0.998486
27082: 0.998486
27083: 0.998486
27084: 0.998486
27085: 0.998486
27086: 0.998486
27087: 0.998486
27088: 0.998486
27089: 0.998487
27090: 0.998487
27091: 0.998487
27092: 0.998487
27093: 0.998487
27094: 0.998487
27095: 0.998487
27096: 0.998487
27097: 0.998487
27098: 0.998487
27099: 0.998487
27100: 0.998487
27101: 0.998487
27102: 0.998487
27103: 0.998487
27104: 0.998487
27105: 0.998487
27106: 0.998487
27107: 0.998488
27108: 0.998488
27109: 0.998488
27110: 0.998488
27111: 0.998488
27112: 0.998488
27113: 0.998488
27114: 0.998488
27115: 0.998488
27116: 0.998488
27117: 0.998488
27118: 0.998488
27119: 0.998488
27120: 0.998488
27121: 0.998488
27122: 0.998488
27123: 0.998488
27124: 0.998488
27125: 0.998489
27126: 0.998489
27127: 0.998489
27128: 0.998489
27129: 0.998489
27130: 0.998489
27131: 0.998489
27132: 0.998489
27133: 0.998489
27134: 0.998489
27135: 0.998489
27136: 0.998489
27137: 0.998489
27138: 0.998489
27139: 0.998489
27140: 0.998489
27141: 0.998489
27142: 0.998489
27143: 0.99849
27144: 0.99849
27145: 0.99849
27146: 0.99849
27147: 0.99849
27148: 0.99849
27149: 0.99849
27150: 0.99849
27151: 0.99849
27152: 0.99849
27153: 0.99849
27154: 0.99849
27155: 0.99849
27156: 0.99849
27157: 0.99849
27158: 0.99849
27159: 0.99849
27160: 0.99849
27161: 0.998491
27162: 0.998491
27163: 0.998491
27164: 0.998491
27165: 0.998491
27166: 0.998491
27167: 0.998491
27168: 0.998491
27169: 0.998491
27170: 0.998491
27171: 0.998491
27172: 0.998491
27173: 0.998491
27174: 0.998491
27175: 0.998491
27176: 0.998491
27177: 0.998491
27178: 0.998491
27179: 0.998492
27180: 0.998492
27181: 0.998492
27182: 0.998492
27183: 0.998492
27184: 0.998492
27185: 0.998492
27186: 0.998492
27187: 0.998492
27188: 0.998492
27189: 0.998492
27190: 0.998492
27191: 0.998492
27192: 0.998492
27193: 0.998492
27194: 0.998492
27195: 0.998492
27196: 0.998492
27197: 0.998493
27198: 0.998493
27199: 0.998493
27200: 0.998493
27201: 0.998493
27202: 0.998493
27203: 0.998493
27204: 0.998493
27205: 0.998493
27206: 0.998493
27207: 0.998493
27208: 0.998493
27209: 0.998493
27210: 0.998493
27211: 0.998493
27212: 0.998493
27213: 0.998493
27214: 0.998493
27215: 0.998494
27216: 0.998494
27217: 0.998494
27218: 0.998494
27219: 0.998494
27220: 0.998494
27221: 0.998494
27222: 0.998494
27223: 0.998494
27224: 0.998494
27225: 0.998494
27226: 0.998494
27227: 0.998494
27228: 0.998494
27229: 0.998494
27230: 0.998494
27231: 0.998494
27232: 0.998494
27233: 0.998495
27234: 0.998495
27235: 0.998495
27236: 0.998495
27237: 0.998495
27238: 0.998495
27239: 0.998495
27240: 0.998495
27241: 0.998495
27242: 0.998495
27243: 0.998495
27244: 0.998495
27245: 0.998495
27246: 0.998495
27247: 0.998495
27248: 0.998495
27249: 0.998495
27250: 0.998495
27251: 0.998496
27252: 0.998496
27253: 0.998496
27254: 0.998496
27255: 0.998496
27256: 0.998496
27257: 0.998496
27258: 0.998496
27259: 0.998496
27260: 0.998496
27261: 0.998496
27262: 0.998496
27263: 0.998496
27264: 0.998496
27265: 0.998496
27266: 0.998496
27267: 0.998496
27268: 0.998496
27269: 0.998497
27270: 0.998497
27271: 0.998497
27272: 0.998497
27273: 0.998497
27274: 0.998497
27275: 0.998497
27276: 0.998497
27277: 0.998497
27278: 0.998497
27279: 0.998497
27280: 0.998497
27281: 0.998497
27282: 0.998497
27283: 0.998497
27284: 0.998497
27285: 0.998497
27286: 0.998497
27287: 0.998498
27288: 0.998498
27289: 0.998498
27290: 0.998498
27291: 0.998498
27292: 0.998498
27293: 0.998498
27294: 0.998498
27295: 0.998498
27296: 0.998498
27297: 0.998498
27298: 0.998498
27299: 0.998498
27300: 0.998498
27301: 0.998498
27302: 0.998498
27303: 0.998498
27304: 0.998498
27305: 0.998498
27306: 0.998499
27307: 0.998499
27308: 0.998499
27309: 0.998499
27310: 0.998499
27311: 0.998499
27312: 0.998499
27313: 0.998499
27314: 0.998499
27315: 0.998499
27316: 0.998499
27317: 0.998499
27318: 0.998499
27319: 0.998499
27320: 0.998499
27321: 0.998499
27322: 0.998499
27323: 0.998499
27324: 0.9985
27325: 0.9985
27326: 0.9985
27327: 0.9985
27328: 0.9985
27329: 0.9985
27330: 0.9985
27331: 0.9985
27332: 0.9985
27333: 0.9985
27334: 0.9985
27335: 0.9985
27336: 0.9985
27337: 0.9985
27338: 0.9985
27339: 0.9985
27340: 0.9985
27341: 0.9985
27342: 0.998501
27343: 0.998501
27344: 0.998501
27345: 0.998501
27346: 0.998501
27347: 0.998501
27348: 0.998501
27349: 0.998501
27350: 0.998501
27351: 0.998501
27352: 0.998501
27353: 0.998501
27354: 0.998501
27355: 0.998501
27356: 0.998501
27357: 0.998501
27358: 0.998501
27359: 0.998501
27360: 0.998502
27361: 0.998502
27362: 0.998502
27363: 0.998502
27364: 0.998502
27365: 0.998502
27366: 0.998502
27367: 0.998502
27368: 0.998502
27369: 0.998502
27370: 0.998502
27371: 0.998502
27372: 0.998502
27373: 0.998502
27374: 0.998502
27375: 0.998502
27376: 0.998502
27377: 0.998502
27378: 0.998503
27379: 0.998503
27380: 0.998503
27381: 0.998503
27382: 0.998503
27383: 0.998503
27384: 0.998503
27385: 0.998503
27386: 0.998503
27387: 0.998503
27388: 0.998503
27389: 0.998503
27390: 0.998503
27391: 0.998503
27392: 0.998503
27393: 0.998503
27394: 0.998503
27395: 0.998503
27396: 0.998503
27397: 0.998504
27398: 0.998504
27399: 0.998504
27400: 0.998504
27401: 0.998504
27402: 0.998504
27403: 0.998504
27404: 0.998504
27405: 0.998504
27406: 0.998504
27407: 0.998504
27408: 0.998504
27409: 0.998504
27410: 0.998504
27411: 0.998504
27412: 0.998504
27413: 0.998504
27414: 0.998504
27415: 0.998505
27416: 0.998505
27417: 0.998505
27418: 0.998505
27419: 0.998505
27420: 0.998505
27421: 0.998505
27422: 0.998505
27423: 0.998505
27424: 0.998505
27425: 0.998505
27426: 0.998505
27427: 0.998505
27428: 0.998505
27429: 0.998505
27430: 0.998505
27431: 0.998505
27432: 0.998505
27433: 0.998506
27434: 0.998506
27435: 0.998506
27436: 0.998506
27437: 0.998506
27438: 0.998506
27439: 0.998506
27440: 0.998506
27441: 0.998506
27442: 0.998506
27443: 0.998506
27444: 0.998506
27445: 0.998506
27446: 0.998506
27447: 0.998506
27448: 0.998506
27449: 0.998506
27450: 0.998506
27451: 0.998506
27452: 0.998507
27453: 0.998507
27454: 0.998507
27455: 0.998507
27456: 0.998507
27457: 0.998507
27458: 0.998507
27459: 0.998507
27460: 0.998507
27461: 0.998507
27462: 0.998507
27463: 0.998507
27464: 0.998507
27465: 0.998507
27466: 0.998507
27467: 0.998507
27468: 0.998507
27469: 0.998507
27470: 0.998508
27471: 0.998508
27472: 0.998508
27473: 0.998508
27474: 0.998508
27475: 0.998508
27476: 0.998508
27477: 0.998508
27478: 0.998508
27479: 0.998508
27480: 0.998508
27481: 0.998508
27482: 0.998508
27483: 0.998508
27484: 0.998508
27485: 0.998508
27486: 0.998508
27487: 0.998508
27488: 0.998508
27489: 0.998509
27490: 0.998509
27491: 0.998509
27492: 0.998509
27493: 0.998509
27494: 0.998509
27495: 0.998509
27496: 0.998509
27497: 0.998509
27498: 0.998509
27499: 0.998509
27500: 0.998509
27501: 0.998509
27502: 0.998509
27503: 0.998509
27504: 0.998509
27505: 0.998509
27506: 0.998509
27507: 0.99851
27508: 0.99851
27509: 0.99851
27510: 0.99851
27511: 0.99851
27512: 0.99851
27513: 0.99851
27514: 0.99851
27515: 0.99851
27516: 0.99851
27517: 0.99851
27518: 0.99851
27519: 0.99851
27520: 0.99851
27521: 0.99851
27522: 0.99851
27523: 0.99851
27524: 0.99851
27525: 0.99851
27526: 0.998511
27527: 0.998511
27528: 0.998511
27529: 0.998511
27530: 0.998511
27531: 0.998511
27532: 0.998511
27533: 0.998511
27534: 0.998511
27535: 0.998511
27536: 0.998511
27537: 0.998511
27538: 0.998511
27539: 0.998511
27540: 0.998511
27541: 0.998511
27542: 0.998511
27543: 0.998511
27544: 0.998512
27545: 0.998512
27546: 0.998512
27547: 0.998512
27548: 0.998512
27549: 0.998512
27550: 0.998512
27551: 0.998512
27552: 0.998512
27553: 0.998512
27554: 0.998512
27555: 0.998512
27556: 0.998512
27557: 0.998512
27558: 0.998512
27559: 0.998512
27560: 0.998512
27561: 0.998512
27562: 0.998512
27563: 0.998513
27564: 0.998513
27565: 0.998513
27566: 0.998513
27567: 0.998513
27568: 0.998513
27569: 0.998513
27570: 0.998513
27571: 0.998513
27572: 0.998513
27573: 0.998513
27574: 0.998513
27575: 0.998513
27576: 0.998513
27577: 0.998513
27578: 0.998513
27579: 0.998513
27580: 0.998513
27581: 0.998514
27582: 0.998514
27583: 0.998514
27584: 0.998514
27585: 0.998514
27586: 0.998514
27587: 0.998514
27588: 0.998514
27589: 0.998514
27590: 0.998514
27591: 0.998514
27592: 0.998514
27593: 0.998514
27594: 0.998514
27595: 0.998514
27596: 0.998514
27597: 0.998514
27598: 0.998514
27599: 0.998514
27600: 0.998515
27601: 0.998515
27602: 0.998515
27603: 0.998515
27604: 0.998515
27605: 0.998515
27606: 0.998515
27607: 0.998515
27608: 0.998515
27609: 0.998515
27610: 0.998515
27611: 0.998515
27612: 0.998515
27613: 0.998515
27614: 0.998515
27615: 0.998515
27616: 0.998515
27617: 0.998515
27618: 0.998516
27619: 0.998516
27620: 0.998516
27621: 0.998516
27622: 0.998516
27623: 0.998516
27624: 0.998516
27625: 0.998516
27626: 0.998516
27627: 0.998516
27628: 0.998516
27629: 0.998516
27630: 0.998516
27631: 0.998516
27632: 0.998516
27633: 0.998516
27634: 0.998516
27635: 0.998516
27636: 0.998516
27637: 0.998517
27638: 0.998517
27639: 0.998517
27640: 0.998517
27641: 0.998517
27642: 0.998517
27643: 0.998517
27644: 0.998517
27645: 0.998517
27646: 0.998517
27647: 0.998517
27648: 0.998517
27649: 0.998517
27650: 0.998517
27651: 0.998517
27652: 0.998517
27653: 0.998517
27654: 0.998517
27655: 0.998518
27656: 0.998518
27657: 0.998518
27658: 0.998518
27659: 0.998518
27660: 0.998518
27661: 0.998518
27662: 0.998518
27663: 0.998518
27664: 0.998518
27665: 0.998518
27666: 0.998518
27667: 0.998518
27668: 0.998518
27669: 0.998518
27670: 0.998518
27671: 0.998518
27672: 0.998518
27673: 0.998518
27674: 0.998519
27675: 0.998519
27676: 0.998519
27677: 0.998519
27678: 0.998519
27679: 0.998519
27680: 0.998519
27681: 0.998519
27682: 0.998519
27683: 0.998519
27684: 0.998519
27685: 0.998519
27686: 0.998519
27687: 0.998519
27688: 0.998519
27689: 0.998519
27690: 0.998519
27691: 0.998519
27692: 0.998519
27693: 0.99852
27694: 0.99852
27695: 0.99852
27696: 0.99852
27697: 0.99852
27698: 0.99852
27699: 0.99852
27700: 0.99852
27701: 0.99852
27702: 0.99852
27703: 0.99852
27704: 0.99852
27705: 0.99852
27706: 0.99852
27707: 0.99852
27708: 0.99852
27709: 0.99852
27710: 0.99852
27711: 0.99852
27712: 0.998521
27713: 0.998521
27714: 0.998521
27715: 0.998521
27716: 0.998521
27717: 0.998521
27718: 0.998521
27719: 0.998521
27720: 0.998521
27721: 0.998521
27722: 0.998521
27723: 0.998521
27724: 0.998521
27725: 0.998521
27726: 0.998521
27727: 0.998521
27728: 0.998521
27729: 0.998521
27730: 0.998522
27731: 0.998522
27732: 0.998522
27733: 0.998522
27734: 0.998522
27735: 0.998522
27736: 0.998522
27737: 0.998522
27738: 0.998522
27739: 0.998522
27740: 0.998522
27741: 0.998522
27742: 0.998522
27743: 0.998522
27744: 0.998522
27745: 0.998522
27746: 0.998522
27747: 0.998522
27748: 0.998522
27749: 0.998523
27750: 0.998523
27751: 0.998523
27752: 0.998523
27753: 0.998523
27754: 0.998523
27755: 0.998523
27756: 0.998523
27757: 0.998523
27758: 0.998523
27759: 0.998523
27760: 0.998523
27761: 0.998523
27762: 0.998523
27763: 0.998523
27764: 0.998523
27765: 0.998523
27766: 0.998523
27767: 0.998523
27768: 0.998524
27769: 0.998524
27770: 0.998524
27771: 0.998524
27772: 0.998524
27773: 0.998524
27774: 0.998524
27775: 0.998524
27776: 0.998524
27777: 0.998524
27778: 0.998524
27779: 0.998524
27780: 0.998524
27781: 0.998524
27782: 0.998524
27783: 0.998524
27784: 0.998524
27785: 0.998524
27786: 0.998524
27787: 0.998525
27788: 0.998525
27789: 0.998525
27790: 0.998525
27791: 0.998525
27792: 0.998525
27793: 0.998525
27794: 0.998525
27795: 0.998525
27796: 0.998525
27797: 0.998525
27798: 0.998525
27799: 0.998525
27800: 0.998525
27801: 0.998525
27802: 0.998525
27803: 0.998525
27804: 0.998525
27805: 0.998525
27806: 0.998526
27807: 0.998526
27808: 0.998526
27809: 0.998526
27810: 0.998526
27811: 0.998526
27812: 0.998526
27813: 0.998526
27814: 0.998526
27815: 0.998526
27816: 0.998526
27817: 0.998526
27818: 0.998526
27819: 0.998526
27820: 0.998526
27821: 0.998526
27822: 0.998526
27823: 0.998526
27824: 0.998527
27825: 0.998527
27826: 0.998527
27827: 0.998527
27828: 0.998527
27829: 0.998527
27830: 0.998527
27831: 0.998527
27832: 0.998527
27833: 0.998527
27834: 0.998527
27835: 0.998527
27836: 0.998527
27837: 0.998527
27838: 0.998527
27839: 0.998527
27840: 0.998527
27841: 0.998527
27842: 0.998527
27843: 0.998528
27844: 0.998528
27845: 0.998528
27846: 0.998528
27847: 0.998528
27848: 0.998528
27849: 0.998528
27850: 0.998528
27851: 0.998528
27852: 0.998528
27853: 0.998528
27854: 0.998528
27855: 0.998528
27856: 0.998528
27857: 0.998528
27858: 0.998528
27859: 0.998528
27860: 0.998528
27861: 0.998528
27862: 0.998529
27863: 0.998529
27864: 0.998529
27865: 0.998529
27866: 0.998529
27867: 0.998529
27868: 0.998529
27869: 0.998529
27870: 0.998529
27871: 0.998529
27872: 0.998529
27873: 0.998529
27874: 0.998529
27875: 0.998529
27876: 0.998529
27877: 0.998529
27878: 0.998529
27879: 0.998529
27880: 0.998529
27881: 0.99853
27882: 0.99853
27883: 0.99853
27884: 0.99853
27885: 0.99853
27886: 0.99853
27887: 0.99853
27888: 0.99853
27889: 0.99853
27890: 0.99853
27891: 0.99853
27892: 0.99853
27893: 0.99853
27894: 0.99853
27895: 0.99853
27896: 0.99853
27897: 0.99853
27898: 0.99853
27899: 0.99853
27900: 0.998531
27901: 0.998531
27902: 0.998531
27903: 0.998531
27904: 0.998531
27905: 0.998531
27906: 0.998531
27907: 0.998531
27908: 0.998531
27909: 0.998531
27910: 0.998531
27911: 0.998531
27912: 0.998531
27913: 0.998531
27914: 0.998531
27915: 0.998531
27916: 0.998531
27917: 0.998531
27918: 0.998531
27919: 0.998532
27920: 0.998532
27921: 0.998532
27922: 0.998532
27923: 0.998532
27924: 0.998532
27925: 0.998532
27926: 0.998532
27927: 0.998532
27928: 0.998532
27929: 0.998532
27930: 0.998532
27931: 0.998532
27932: 0.998532
27933: 0.998532
27934: 0.998532
27935: 0.998532
27936: 0.998532
27937: 0.998532
27938: 0.998533
27939: 0.998533
27940: 0.998533
27941: 0.998533
27942: 0.998533
27943: 0.998533
27944: 0.998533
27945: 0.998533
27946: 0.998533
27947: 0.998533
27948: 0.998533
27949: 0.998533
27950: 0.998533
27951: 0.998533
27952: 0.998533
27953: 0.998533
27954: 0.998533
27955: 0.998533
27956: 0.998533
27957: 0.998534
27958: 0.998534
27959: 0.998534
27960: 0.998534
27961: 0.998534
27962: 0.998534
27963: 0.998534
27964: 0.998534
27965: 0.998534
27966: 0.998534
27967: 0.998534
27968: 0.998534
27969: 0.998534
27970: 0.998534
27971: 0.998534
27972: 0.998534
27973: 0.998534
27974: 0.998534
27975: 0.998534
27976: 0.998535
27977: 0.998535
27978: 0.998535
27979: 0.998535
27980: 0.998535
27981: 0.998535
27982: 0.998535
27983: 0.998535
27984: 0.998535
27985: 0.998535
27986: 0.998535
27987: 0.998535
27988: 0.998535
27989: 0.998535
27990: 0.998535
27991: 0.998535
27992: 0.998535
27993: 0.998535
27994: 0.998535
27995: 0.998536
27996: 0.998536
27997: 0.998536
27998: 0.998536
27999: 0.998536
28000: 0.998536
28001: 0.998536
28002: 0.998536
28003: 0.998536
28004: 0.998536
28005: 0.998536
28006: 0.998536
28007: 0.998536
28008: 0.998536
28009: 0.998536
28010: 0.998536
28011: 0.998536
28012: 0.998536
28013: 0.998536
28014: 0.998536
28015: 0.998537
28016: 0.998537
28017: 0.998537
28018: 0.998537
28019: 0.998537
28020: 0.998537
28021: 0.998537
28022: 0.998537
28023: 0.998537
28024: 0.998537
28025: 0.998537
28026: 0.998537
28027: 0.998537
28028: 0.998537
28029: 0.998537
28030: 0.998537
28031: 0.998537
28032: 0.998537
28033: 0.998537
28034: 0.998538
28035: 0.998538
28036: 0.998538
28037: 0.998538
28038: 0.998538
28039: 0.998538
28040: 0.998538
28041: 0.998538
28042: 0.998538
28043: 0.998538
28044: 0.998538
28045: 0.998538
28046: 0.998538
28047: 0.998538
28048: 0.998538
28049: 0.998538
28050: 0.998538
28051: 0.998538
28052: 0.998538
28053: 0.998539
28054: 0.998539
28055: 0.998539
28056: 0.998539
28057: 0.998539
28058: 0.998539
28059: 0.998539
28060: 0.998539
28061: 0.998539
28062: 0.998539
28063: 0.998539
28064: 0.998539
28065: 0.998539
28066: 0.998539
28067: 0.998539
28068: 0.998539
28069: 0.998539
28070: 0.998539
28071: 0.998539
28072: 0.99854
28073: 0.99854
28074: 0.99854
28075: 0.99854
28076: 0.99854
28077: 0.99854
28078: 0.99854
28079: 0.99854
28080: 0.99854
28081: 0.99854
28082: 0.99854
28083: 0.99854
28084: 0.99854
28085: 0.99854
28086: 0.99854
28087: 0.99854
28088: 0.99854
28089: 0.99854
28090: 0.99854
28091: 0.998541
28092: 0.998541
28093: 0.998541
28094: 0.998541
28095: 0.998541
28096: 0.998541
28097: 0.998541
28098: 0.998541
28099: 0.998541
28100: 0.998541
28101: 0.998541
28102: 0.998541
28103: 0.998541
28104: 0.998541
28105: 0.998541
28106: 0.998541
28107: 0.998541
28108: 0.998541
28109: 0.998541
28110: 0.998541
28111: 0.998542
28112: 0.998542
28113: 0.998542
28114: 0.998542
28115: 0.998542
28116: 0.998542
28117: 0.998542
28118: 0.998542
28119: 0.998542
28120: 0.998542
28121: 0.998542
28122: 0.998542
28123: 0.998542
28124: 0.998542
28125: 0.998542
28126: 0.998542
28127: 0.998542
28128: 0.998542
28129: 0.998542
28130: 0.998543
28131: 0.998543
28132: 0.998543
28133: 0.998543
28134: 0.998543
28135: 0.998543
28136: 0.998543
28137: 0.998543
28138: 0.998543
28139: 0.998543
28140: 0.998543
28141: 0.998543
28142: 0.998543
28143: 0.998543
28144: 0.998543
28145: 0.998543
28146: 0.998543
28147: 0.998543
28148: 0.998543
28149: 0.998544
28150: 0.998544
28151: 0.998544
28152: 0.998544
28153: 0.998544
28154: 0.998544
28155: 0.998544
28156: 0.998544
28157: 0.998544
28158: 0.998544
28159: 0.998544
28160: 0.998544
28161: 0.998544
28162: 0.998544
28163: 0.998544
28164: 0.998544
28165: 0.998544
28166: 0.998544
28167: 0.998544
28168: 0.998544
28169: 0.998545
28170: 0.998545
28171: 0.998545
28172: 0.998545
28173: 0.998545
28174: 0.998545
28175: 0.998545
28176: 0.998545
28177: 0.998545
28178: 0.998545
28179: 0.998545
28180: 0.998545
28181: 0.998545
28182: 0.998545
28183: 0.998545
28184: 0.998545
28185: 0.998545
28186: 0.998545
28187: 0.998545
28188: 0.998546
28189: 0.998546
28190: 0.998546
28191: 0.998546
28192: 0.998546
28193: 0.998546
28194: 0.998546
28195: 0.998546
28196: 0.998546
28197: 0.998546
28198: 0.998546
28199: 0.998546
28200: 0.998546
28201: 0.998546
28202: 0.998546
28203: 0.998546
28204: 0.998546
28205: 0.998546
28206: 0.998546
28207: 0.998547
28208: 0.998547
28209: 0.998547
28210: 0.998547
28211: 0.998547
28212: 0.998547
28213: 0.998547
28214: 0.998547
28215: 0.998547
28216: 0.998547
28217: 0.998547
28218: 0.998547
28219: 0.998547
28220: 0.998547
28221: 0.998547
28222: 0.998547
28223: 0.998547
28224: 0.998547
28225: 0.998547
28226: 0.998547
28227: 0.998548
28228: 0.998548
28229: 0.998548
28230: 0.998548
28231: 0.998548
28232: 0.998548
28233: 0.998548
28234: 0.998548
28235: 0.998548
28236: 0.998548
28237: 0.998548
28238: 0.998548
28239: 0.998548
28240: 0.998548
28241: 0.998548
28242: 0.998548
28243: 0.998548
28244: 0.998548
28245: 0.998548
28246: 0.998549
28247: 0.998549
28248: 0.998549
28249: 0.998549
28250: 0.998549
28251: 0.998549
28252: 0.998549
28253: 0.998549
28254: 0.998549
28255: 0.998549
28256: 0.998549
28257: 0.998549
28258: 0.998549
28259: 0.998549
28260: 0.998549
28261: 0.998549
28262: 0.998549
28263: 0.998549
28264: 0.998549
28265: 0.998549
28266: 0.99855
28267: 0.99855
28268: 0.99855
28269: 0.99855
28270: 0.99855
28271: 0.99855
28272: 0.99855
28273: 0.99855
28274: 0.99855
28275: 0.99855
28276: 0.99855
28277: 0.99855
28278: 0.99855
28279: 0.99855
28280: 0.99855
28281: 0.99855
28282: 0.99855
28283: 0.99855
28284: 0.99855
28285: 0.998551
28286: 0.998551
28287: 0.998551
28288: 0.998551
28289: 0.998551
28290: 0.998551
28291: 0.998551
28292: 0.998551
28293: 0.998551
28294: 0.998551
28295: 0.998551
28296: 0.998551
28297: 0.998551
28298: 0.998551
28299: 0.998551
28300: 0.998551
28301: 0.998551
28302: 0.998551
28303: 0.998551
28304: 0.998551
28305: 0.998552
28306: 0.998552
28307: 0.998552
28308: 0.998552
28309: 0.998552
28310: 0.998552
28311: 0.998552
28312: 0.998552
28313: 0.998552
28314: 0.998552
28315: 0.998552
28316: 0.998552
28317: 0.998552
28318: 0.998552
28319: 0.998552
28320: 0.998552
28321: 0.998552
28322: 0.998552
28323: 0.998552
28324: 0.998553
28325: 0.998553
28326: 0.998553
28327: 0.998553
28328: 0.998553
28329: 0.998553
28330: 0.998553
28331: 0.998553
28332: 0.998553
28333: 0.998553
28334: 0.998553
28335: 0.998553
28336: 0.998553
28337: 0.998553
28338: 0.998553
28339: 0.998553
28340: 0.998553
28341: 0.998553
28342: 0.998553
28343: 0.998553
28344: 0.998554
28345: 0.998554
28346: 0.998554
28347: 0.998554
28348: 0.998554
28349: 0.998554
28350: 0.998554
28351: 0.998554
28352: 0.998554
28353: 0.998554
28354: 0.998554
28355: 0.998554
28356: 0.998554
28357: 0.998554
28358: 0.998554
28359: 0.998554
28360: 0.998554
28361: 0.998554
28362: 0.998554
28363: 0.998555
28364: 0.998555
28365: 0.998555
28366: 0.998555
28367: 0.998555
28368: 0.998555
28369: 0.998555
28370: 0.998555
28371: 0.998555
28372: 0.998555
28373: 0.998555
28374: 0.998555
28375: 0.998555
28376: 0.998555
28377: 0.998555
28378: 0.998555
28379: 0.998555
28380: 0.998555
28381: 0.998555
28382: 0.998555
28383: 0.998556
28384: 0.998556
28385: 0.998556
28386: 0.998556
28387: 0.998556
28388: 0.998556
28389: 0.998556
28390: 0.998556
28391: 0.998556
28392: 0.998556
28393: 0.998556
28394: 0.998556
28395: 0.998556
28396: 0.998556
28397: 0.998556
28398: 0.998556
28399: 0.998556
28400: 0.998556
28401: 0.998556
28402: 0.998556
28403: 0.998557
28404: 0.998557
28405: 0.998557
28406: 0.998557
28407: 0.998557
28408: 0.998557
28409: 0.998557
28410: 0.998557
28411: 0.998557
28412: 0.998557
28413: 0.998557
28414: 0.998557
28415: 0.998557
28416: 0.998557
28417: 0.998557
28418: 0.998557
28419: 0.998557
28420: 0.998557
28421: 0.998557
28422: 0.998558
28423: 0.998558
28424: 0.998558
28425: 0.998558
28426: 0.998558
28427: 0.998558
28428: 0.998558
28429: 0.998558
28430: 0.998558
28431: 0.998558
28432: 0.998558
28433: 0.998558
28434: 0.998558
28435: 0.998558
28436: 0.998558
28437: 0.998558
28438: 0.998558
28439: 0.998558
28440: 0.998558
28441: 0.998558
28442: 0.998559
28443: 0.998559
28444: 0.998559
28445: 0.998559
28446: 0.998559
28447: 0.998559
28448: 0.998559
28449: 0.998559
28450: 0.998559
28451: 0.998559
28452: 0.998559
28453: 0.998559
28454: 0.998559
28455: 0.998559
28456: 0.998559
28457: 0.998559
28458: 0.998559
28459: 0.998559
28460: 0.998559
28461: 0.998559
28462: 0.99856
28463: 0.99856
28464: 0.99856
28465: 0.99856
28466: 0.99856
28467: 0.99856
28468: 0.99856
28469: 0.99856
28470: 0.99856
28471: 0.99856
28472: 0.99856
28473: 0.99856
28474: 0.99856
28475: 0.99856
28476: 0.99856
28477: 0.99856
28478: 0.99856
28479: 0.99856
28480: 0.99856
28481: 0.99856
28482: 0.998561
28483: 0.998561
28484: 0.998561
28485: 0.998561
28486: 0.998561
28487: 0.998561
28488: 0.998561
28489: 0.998561
28490: 0.998561
28491: 0.998561
28492: 0.998561
28493: 0.998561
28494: 0.998561
28495: 0.998561
28496: 0.998561
28497: 0.998561
28498: 0.998561
28499: 0.998561
28500: 0.998561
28501: 0.998562
28502: 0.998562
28503: 0.998562
28504: 0.998562
28505: 0.998562
28506: 0.998562
28507: 0.998562
28508: 0.998562
28509: 0.998562
28510: 0.998562
28511: 0.998562
28512: 0.998562
28513: 0.998562
28514: 0.998562
28515: 0.998562
28516: 0.998562
28517: 0.998562
28518: 0.998562
28519: 0.998562
28520: 0.998562
28521: 0.998563
28522: 0.998563
28523: 0.998563
28524: 0.998563
28525: 0.998563
28526: 0.998563
28527: 0.998563
28528: 0.998563
28529: 0.998563
28530: 0.998563
28531: 0.998563
28532: 0.998563
28533: 0.998563
28534: 0.998563
28535: 0.998563
28536: 0.998563
28537: 0.998563
28538: 0.998563
28539: 0.998563
28540: 0.998563
28541: 0.998564
28542: 0.998564
28543: 0.998564
28544: 0.998564
28545: 0.998564
28546: 0.998564
28547: 0.998564
28548: 0.998564
28549: 0.998564
28550: 0.998564
28551: 0.998564
28552: 0.998564
28553: 0.998564
28554: 0.998564
28555: 0.998564
28556: 0.998564
28557: 0.998564
28558: 0.998564
28559: 0.998564
28560: 0.998564
28561: 0.998565
28562: 0.998565
28563: 0.998565
28564: 0.998565
28565: 0.998565
28566: 0.998565
28567: 0.998565
28568: 0.998565
28569: 0.998565
28570: 0.998565
28571: 0.998565
28572: 0.998565
28573: 0.998565
28574: 0.998565
28575: 0.998565
28576: 0.998565
28577: 0.998565
28578: 0.998565
28579: 0.998565
28580: 0.998565
28581: 0.998566
28582: 0.998566
28583: 0.998566
28584: 0.998566
28585: 0.998566
28586: 0.998566
28587: 0.998566
28588: 0.998566
28589: 0.998566
28590: 0.998566
28591: 0.998566
28592: 0.998566
28593: 0.998566
28594: 0.998566
28595: 0.998566
28596: 0.998566
28597: 0.998566
28598: 0.998566
28599: 0.998566
28600: 0.998566
28601: 0.998567
28602: 0.998567
28603: 0.998567
28604: 0.998567
28605: 0.998567
28606: 0.998567
28607: 0.998567
28608: 0.998567
28609: 0.998567
28610: 0.998567
28611: 0.998567
28612: 0.998567
28613: 0.998567
28614: 0.998567
28615: 0.998567
28616: 0.998567
28617: 0.998567
28618: 0.998567
28619: 0.998567
28620: 0.998567
28621: 0.998568
28622: 0.998568
28623: 0.998568
28624: 0.998568
28625: 0.998568
28626: 0.998568
28627: 0.998568
28628: 0.998568
28629: 0.998568
28630: 0.998568
28631: 0.998568
28632: 0.998568
28633: 0.998568
28634: 0.998568
28635: 0.998568
28636: 0.998568
28637: 0.998568
28638: 0.998568
28639: 0.998568
28640: 0.998568
28641: 0.998569
28642: 0.998569
28643: 0.998569
28644: 0.998569
28645: 0.998569
28646: 0.998569
28647: 0.998569
28648: 0.998569
28649: 0.998569
28650: 0.998569
28651: 0.998569
28652: 0.998569
28653: 0.998569
28654: 0.998569
28655: 0.998569
28656: 0.998569
28657: 0.998569
28658: 0.998569
28659: 0.998569
28660: 0.998569
28661: 0.99857
28662: 0.99857
28663: 0.99857
28664: 0.99857
28665: 0.99857
28666: 0.99857
28667: 0.99857
28668: 0.99857
28669: 0.99857
28670: 0.99857
28671: 0.99857
28672: 0.99857
28673: 0.99857
28674: 0.99857
28675: 0.99857
28676: 0.99857
28677: 0.99857
28678: 0.99857
28679: 0.99857
28680: 0.99857
28681: 0.998571
28682: 0.998571
28683: 0.998571
28684: 0.998571
28685: 0.998571
28686: 0.998571
28687: 0.998571
28688: 0.998571
28689: 0.998571
28690: 0.998571
28691: 0.998571
28692: 0.998571
28693: 0.998571
28694: 0.998571
28695: 0.998571
28696: 0.998571
28697: 0.998571
28698: 0.998571
28699: 0.998571
28700: 0.998571
28701: 0.998572
28702: 0.998572
28703: 0.998572
28704: 0.998572
28705: 0.998572
28706: 0.998572
28707: 0.998572
28708: 0.998572
28709: 0.998572
28710: 0.998572
28711: 0.998572
28712: 0.998572
28713: 0.998572
28714: 0.998572
28715: 0.998572
28716: 0.998572
28717: 0.998572
28718: 0.998572
28719: 0.998572
28720: 0.998572
28721: 0.998573
28722: 0.998573
28723: 0.998573
28724: 0.998573
28725: 0.998573
28726: 0.998573
28727: 0.998573
28728: 0.998573
28729: 0.998573
28730: 0.998573
28731: 0.998573
28732: 0.998573
28733: 0.998573
28734: 0.998573
28735: 0.998573
28736: 0.998573
28737: 0.998573
28738: 0.998573
28739: 0.998573
28740: 0.998573
28741: 0.998574
28742: 0.998574
28743: 0.998574
28744: 0.998574
28745: 0.998574
28746: 0.998574
28747: 0.998574
28748: 0.998574
28749: 0.998574
28750: 0.998574
28751: 0.998574
28752: 0.998574
28753: 0.998574
28754: 0.998574
28755: 0.998574
28756: 0.998574
28757: 0.998574
28758: 0.998574
28759: 0.998574
28760: 0.998574
28761: 0.998575
28762: 0.998575
28763: 0.998575
28764: 0.998575
28765: 0.998575
28766: 0.998575
28767: 0.998575
28768: 0.998575
28769: 0.998575
28770: 0.998575
28771: 0.998575
28772: 0.998575
28773: 0.998575
28774: 0.998575
28775: 0.998575
28776: 0.998575
28777: 0.998575
28778: 0.998575
28779: 0.998575
28780: 0.998575
28781: 0.998575
28782: 0.998576
28783: 0.998576
28784: 0.998576
28785: 0.998576
28786: 0.998576
28787: 0.998576
28788: 0.998576
28789: 0.998576
28790: 0.998576
28791: 0.998576
28792: 0.998576
28793: 0.998576
28794: 0.998576
28795: 0.998576
28796: 0.998576
28797: 0.998576
28798: 0.998576
28799: 0.998576
28800: 0.998576
28801: 0.998576
28802: 0.998577
28803: 0.998577
28804: 0.998577
28805: 0.998577
28806: 0.998577
28807: 0.998577
28808: 0.998577
28809: 0.998577
28810: 0.998577
28811: 0.998577
28812: 0.998577
28813: 0.998577
28814: 0.998577
28815: 0.998577
28816: 0.998577
28817: 0.998577
28818: 0.998577
28819: 0.998577
28820: 0.998577
28821: 0.998577
28822: 0.998578
28823: 0.998578
28824: 0.998578
28825: 0.998578
28826: 0.998578
28827: 0.998578
28828: 0.998578
28829: 0.998578
28830: 0.998578
28831: 0.998578
28832: 0.998578
28833: 0.998578
28834: 0.998578
28835: 0.998578
28836: 0.998578
28837: 0.998578
28838: 0.998578
28839: 0.998578
28840: 0.998578
28841: 0.998578
28842: 0.998579
28843: 0.998579
28844: 0.998579
28845: 0.998579
28846: 0.998579
28847: 0.998579
28848: 0.998579
28849: 0.998579
28850: 0.998579
28851: 0.998579
28852: 0.998579
28853: 0.998579
28854: 0.998579
28855: 0.998579
28856: 0.998579
28857: 0.998579
28858: 0.998579
28859: 0.998579
28860: 0.998579
28861: 0.998579
28862: 0.998579
28863: 0.99858
28864: 0.99858
28865: 0.99858
28866: 0.99858
28867: 0.99858
28868: 0.99858
28869: 0.99858
28870: 0.99858
28871: 0.99858
28872: 0.99858
28873: 0.99858
28874: 0.99858
28875: 0.99858
28876: 0.99858
28877: 0.99858
28878: 0.99858
28879: 0.99858
28880: 0.99858
28881: 0.99858
28882: 0.99858
28883: 0.998581
28884: 0.998581
28885: 0.998581
28886: 0.998581
28887: 0.998581
28888: 0.998581
28889: 0.998581
28890: 0.998581
28891: 0.998581
28892: 0.998581
28893: 0.998581
28894: 0.998581
28895: 0.998581
28896: 0.998581
28897: 0.998581
28898: 0.998581
28899: 0.998581
28900: 0.998581
28901: 0.998581
28902: 0.998581
28903: 0.998582
28904: 0.998582
28905: 0.998582
28906: 0.998582
28907: 0.998582
28908: 0.998582
28909: 0.998582
28910: 0.998582
28911: 0.998582
28912: 0.998582
28913: 0.998582
28914: 0.998582
28915: 0.998582
28916: 0.998582
28917: 0.998582
28918: 0.998582
28919: 0.998582
28920: 0.998582
28921: 0.998582
28922: 0.998582
28923: 0.998582
28924: 0.998583
28925: 0.998583
28926: 0.998583
28927: 0.998583
28928: 0.998583
28929: 0.998583
28930: 0.998583
28931: 0.998583
28932: 0.998583
28933: 0.998583
28934: 0.998583
28935: 0.998583
28936: 0.998583
28937: 0.998583
28938: 0.998583
28939: 0.998583
28940: 0.998583
28941: 0.998583
28942: 0.998583
28943: 0.998583
28944: 0.998584
28945: 0.998584
28946: 0.998584
28947: 0.998584
28948: 0.998584
28949: 0.998584
28950: 0.998584
28951: 0.998584
28952: 0.998584
28953: 0.998584
28954: 0.998584
28955: 0.998584
28956: 0.998584
28957: 0.998584
28958: 0.998584
28959: 0.998584
28960: 0.998584
28961: 0.998584
28962: 0.998584
28963: 0.998584
28964: 0.998584
28965: 0.998585
28966: 0.998585
28967: 0.998585
28968: 0.998585
28969: 0.998585
28970: 0.998585
28971: 0.998585
28972: 0.998585
28973: 0.998585
28974: 0.998585
28975: 0.998585
28976: 0.998585
28977: 0.998585
28978: 0.998585
28979: 0.998585
28980: 0.998585
28981: 0.998585
28982: 0.998585
28983: 0.998585
28984: 0.998585
28985: 0.998586
28986: 0.998586
28987: 0.998586
28988: 0.998586
28989: 0.998586
28990: 0.998586
28991: 0.998586
28992: 0.998586
28993: 0.998586
28994: 0.998586
28995: 0.998586
28996: 0.998586
28997: 0.998586
28998: 0.998586
28999: 0.998586
29000: 0.998586
29001: 0.998586
29002: 0.998586
29003: 0.998586
29004: 0.998586
29005: 0.998586
29006: 0.998587
29007: 0.998587
29008: 0.998587
29009: 0.998587
29010: 0.998587
29011: 0.998587
29012: 0.998587
29013: 0.998587
29014: 0.998587
29015: 0.998587
29016: 0.998587
29017: 0.998587
29018: 0.998587
29019: 0.998587
29020: 0.998587
29021: 0.998587
29022: 0.998587
29023: 0.998587
29024: 0.998587
29025: 0.998587
29026: 0.998588
29027: 0.998588
29028: 0.998588
29029: 0.998588
29030: 0.998588
29031: 0.998588
29032: 0.998588
29033: 0.998588
29034: 0.998588
29035: 0.998588
29036: 0.998588
29037: 0.998588
29038: 0.998588
29039: 0.998588
29040: 0.998588
29041: 0.998588
29042: 0.998588
29043: 0.998588
29044: 0.998588
29045: 0.998588
29046: 0.998588
29047: 0.998589
29048: 0.998589
29049: 0.998589
29050: 0.998589
29051: 0.998589
29052: 0.998589
29053: 0.998589
29054: 0.998589
29055: 0.998589
29056: 0.998589
29057: 0.998589
29058: 0.998589
29059: 0.998589
29060: 0.998589
29061: 0.998589
29062: 0.998589
29063: 0.998589
29064: 0.998589
29065: 0.998589
29066: 0.998589
29067: 0.99859
29068: 0.99859
29069: 0.99859
29070: 0.99859
29071: 0.99859
29072: 0.99859
29073: 0.99859
29074: 0.99859
29075: 0.99859
29076: 0.99859
29077: 0.99859
29078: 0.99859
29079: 0.99859
29080: 0.99859
29081: 0.99859
29082: 0.99859
29083: 0.99859
29084: 0.99859
29085: 0.99859
29086: 0.99859
29087: 0.99859
29088: 0.998591
29089: 0.998591
29090: 0.998591
29091: 0.998591
29092: 0.998591
29093: 0.998591
29094: 0.998591
29095: 0.998591
29096: 0.998591
29097: 0.998591
29098: 0.998591
29099: 0.998591
29100: 0.998591
29101: 0.998591
29102: 0.998591
29103: 0.998591
29104: 0.998591
29105: 0.998591
29106: 0.998591
29107: 0.998591
29108: 0.998592
29109: 0.998592
29110: 0.998592
29111: 0.998592
29112: 0.998592
29113: 0.998592
29114: 0.998592
29115: 0.998592
29116: 0.998592
29117: 0.998592
29118: 0.998592
29119: 0.998592
29120: 0.998592
29121: 0.998592
29122: 0.998592
29123: 0.998592
29124: 0.998592
29125: 0.998592
29126: 0.998592
29127: 0.998592
29128: 0.998592
29129: 0.998593
29130: 0.998593
29131: 0.998593
29132: 0.998593
29133: 0.998593
29134: 0.998593
29135: 0.998593
29136: 0.998593
29137: 0.998593
29138: 0.998593
29139: 0.998593
29140: 0.998593
29141: 0.998593
29142: 0.998593
29143: 0.998593
29144: 0.998593
29145: 0.998593
29146: 0.998593
29147: 0.998593
29148: 0.998593
29149: 0.998593
29150: 0.998594
29151: 0.998594
29152: 0.998594
29153: 0.998594
29154: 0.998594
29155: 0.998594
29156: 0.998594
29157: 0.998594
29158: 0.998594
29159: 0.998594
29160: 0.998594
29161: 0.998594
29162: 0.998594
29163: 0.998594
29164: 0.998594
29165: 0.998594
29166: 0.998594
29167: 0.998594
29168: 0.998594
29169: 0.998594
29170: 0.998594
29171: 0.998595
29172: 0.998595
29173: 0.998595
29174: 0.998595
29175: 0.998595
29176: 0.998595
29177: 0.998595
29178: 0.998595
29179: 0.998595
29180: 0.998595
29181: 0.998595
29182: 0.998595
29183: 0.998595
29184: 0.998595
29185: 0.998595
29186: 0.998595
29187: 0.998595
29188: 0.998595
29189: 0.998595
29190: 0.998595
29191: 0.998596
29192: 0.998596
29193: 0.998596
29194: 0.998596
29195: 0.998596
29196: 0.998596
29197: 0.998596
29198: 0.998596
29199: 0.998596
29200: 0.998596
29201: 0.998596
29202: 0.998596
29203: 0.998596
29204: 0.998596
29205: 0.998596
29206: 0.998596
29207: 0.998596
29208: 0.998596
29209: 0.998596
29210: 0.998596
29211: 0.998596
29212: 0.998597
29213: 0.998597
29214: 0.998597
29215: 0.998597
29216: 0.998597
29217: 0.998597
29218: 0.998597
29219: 0.998597
29220: 0.998597
29221: 0.998597
29222: 0.998597
29223: 0.998597
29224: 0.998597
29225: 0.998597
29226: 0.998597
29227: 0.998597
29228: 0.998597
29229: 0.998597
29230: 0.998597
29231: 0.998597
29232: 0.998597
29233: 0.998598
29234: 0.998598
29235: 0.998598
29236: 0.998598
29237: 0.998598
29238: 0.998598
29239: 0.998598
29240: 0.998598
29241: 0.998598
29242: 0.998598
29243: 0.998598
29244: 0.998598
29245: 0.998598
29246: 0.998598
29247: 0.998598
29248: 0.998598
29249: 0.998598
29250: 0.998598
29251: 0.998598
29252: 0.998598
29253: 0.998598
29254: 0.998599
29255: 0.998599
29256: 0.998599
29257: 0.998599
29258: 0.998599
29259: 0.998599
29260: 0.998599
29261: 0.998599
29262: 0.998599
29263: 0.998599
29264: 0.998599
29265: 0.998599
29266: 0.998599
29267: 0.998599
29268: 0.998599
29269: 0.998599
29270: 0.998599
29271: 0.998599
29272: 0.998599
29273: 0.998599
29274: 0.998599
29275: 0.9986
29276: 0.9986
29277: 0.9986
29278: 0.9986
29279: 0.9986
29280: 0.9986
29281: 0.9986
29282: 0.9986
29283: 0.9986
29284: 0.9986
29285: 0.9986
29286: 0.9986
29287: 0.9986
29288: 0.9986
29289: 0.9986
29290: 0.9986
29291: 0.9986
29292: 0.9986
29293: 0.9986
29294: 0.9986
29295: 0.9986
29296: 0.998601
29297: 0.998601
29298: 0.998601
29299: 0.998601
29300: 0.998601
29301: 0.998601
29302: 0.998601
29303: 0.998601
29304: 0.998601
29305: 0.998601
29306: 0.998601
29307: 0.998601
29308: 0.998601
29309: 0.998601
29310: 0.998601
29311: 0.998601
29312: 0.998601
29313: 0.998601
29314: 0.998601
29315: 0.998601
29316: 0.998601
29317: 0.998602
29318: 0.998602
29319: 0.998602
29320: 0.998602
29321: 0.998602
29322: 0.998602
29323: 0.998602
29324: 0.998602
29325: 0.998602
29326: 0.998602
29327: 0.998602
29328: 0.998602
29329: 0.998602
29330: 0.998602
29331: 0.998602
29332: 0.998602
29333: 0.998602
29334: 0.998602
29335: 0.998602
29336: 0.998602
29337: 0.998602
29338: 0.998603
29339: 0.998603
29340: 0.998603
29341: 0.998603
29342: 0.998603
29343: 0.998603
29344: 0.998603
29345: 0.998603
29346: 0.998603
29347: 0.998603
29348: 0.998603
29349: 0.998603
29350: 0.998603
29351: 0.998603
29352: 0.998603
29353: 0.998603
29354: 0.998603
29355: 0.998603
29356: 0.998603
29357: 0.998603
29358: 0.998603
29359: 0.998604
29360: 0.998604
29361: 0.998604
29362: 0.998604
29363: 0.998604
29364: 0.998604
29365: 0.998604
29366: 0.998604
29367: 0.998604
29368: 0.998604
29369: 0.998604
29370: 0.998604
29371: 0.998604
29372: 0.998604
29373: 0.998604
29374: 0.998604
29375: 0.998604
29376: 0.998604
29377: 0.998604
29378: 0.998604
29379: 0.998604
29380: 0.998605
29381: 0.998605
29382: 0.998605
29383: 0.998605
29384: 0.998605
29385: 0.998605
29386: 0.998605
29387: 0.998605
29388: 0.998605
29389: 0.998605
29390: 0.998605
29391: 0.998605
29392: 0.998605
29393: 0.998605
29394: 0.998605
29395: 0.998605
29396: 0.998605
29397: 0.998605
29398: 0.998605
29399: 0.998605
29400: 0.998605
29401: 0.998606
29402: 0.998606
29403: 0.998606
29404: 0.998606
29405: 0.998606
29406: 0.998606
29407: 0.998606
29408: 0.998606
29409: 0.998606
29410: 0.998606
29411: 0.998606
29412: 0.998606
29413: 0.998606
29414: 0.998606
29415: 0.998606
29416: 0.998606
29417: 0.998606
29418: 0.998606
29419: 0.998606
29420: 0.998606
29421: 0.998606
29422: 0.998607
29423: 0.998607
29424: 0.998607
29425: 0.998607
29426: 0.998607
29427: 0.998607
29428: 0.998607
29429: 0.998607
29430: 0.998607
29431: 0.998607
29432: 0.998607
29433: 0.998607
29434: 0.998607
29435: 0.998607
29436: 0.998607
29437: 0.998607
29438: 0.998607
29439: 0.998607
29440: 0.998607
29441: 0.998607
29442: 0.998607
29443: 0.998608
29444: 0.998608
29445: 0.998608
29446: 0.998608
29447: 0.998608
29448: 0.998608
29449: 0.998608
29450: 0.998608
29451: 0.998608
29452: 0.998608
29453: 0.998608
29454: 0.998608
29455: 0.998608
29456: 0.998608
29457: 0.998608
29458: 0.998608
29459: 0.998608
29460: 0.998608
29461: 0.998608
29462: 0.998608
29463: 0.998608
29464: 0.998609
29465: 0.998609
29466: 0.998609
29467: 0.998609
29468: 0.998609
29469: 0.998609
29470: 0.998609
29471: 0.998609
29472: 0.998609
29473: 0.998609
29474: 0.998609
29475: 0.998609
29476: 0.998609
29477: 0.998609
29478: 0.998609
29479: 0.998609
29480: 0.998609
29481: 0.998609
29482: 0.998609
29483: 0.998609
29484: 0.998609
29485: 0.99861
29486: 0.99861
29487: 0.99861
29488: 0.99861
29489: 0.99861
29490: 0.99861
29491: 0.99861
29492: 0.99861
29493: 0.99861
29494: 0.99861
29495: 0.99861
29496: 0.99861
29497: 0.99861
29498: 0.99861
29499: 0.99861
29500: 0.99861
29501: 0.99861
29502: 0.99861
29503: 0.99861
29504: 0.99861
29505: 0.99861
29506: 0.99861
29507: 0.998611
29508: 0.998611
29509: 0.998611
29510: 0.998611
29511: 0.998611
29512: 0.998611
29513: 0.998611
29514: 0.998611
29515: 0.998611
29516: 0.998611
29517: 0.998611
29518: 0.998611
29519: 0.998611
29520: 0.998611
29521: 0.998611
29522: 0.998611
29523: 0.998611
29524: 0.998611
29525: 0.998611
29526: 0.998611
29527: 0.998611
29528: 0.998612
29529: 0.998612
29530: 0.998612
29531: 0.998612
29532: 0.998612
29533: 0.998612
29534: 0.998612
29535: 0.998612
29536: 0.998612
29537: 0.998612
29538: 0.998612
29539: 0.998612
29540: 0.998612
29541: 0.998612
29542: 0.998612
29543: 0.998612
29544: 0.998612
29545: 0.998612
29546: 0.998612
29547: 0.998612
29548: 0.998612
29549: 0.998613
29550: 0.998613
29551: 0.998613
29552: 0.998613
29553: 0.998613
29554: 0.998613
29555: 0.998613
29556: 0.998613
29557: 0.998613
29558: 0.998613
29559: 0.998613
29560: 0.998613
29561: 0.998613
29562: 0.998613
29563: 0.998613
29564: 0.998613
29565: 0.998613
29566: 0.998613
29567: 0.998613
29568: 0.998613
29569: 0.998613
29570: 0.998614
29571: 0.998614
29572: 0.998614
29573: 0.998614
29574: 0.998614
29575: 0.998614
29576: 0.998614
29577: 0.998614
29578: 0.998614
29579: 0.998614
29580: 0.998614
29581: 0.998614
29582: 0.998614
29583: 0.998614
29584: 0.998614
29585: 0.998614
29586: 0.998614
29587: 0.998614
29588: 0.998614
29589: 0.998614
29590: 0.998614
29591: 0.998614
29592: 0.998615
29593: 0.998615
29594: 0.998615
29595: 0.998615
29596: 0.998615
29597: 0.998615
29598: 0.998615
29599: 0.998615
29600: 0.998615
29601: 0.998615
29602: 0.998615
29603: 0.998615
29604: 0.998615
29605: 0.998615
29606: 0.998615
29607: 0.998615
29608: 0.998615
29609: 0.998615
29610: 0.998615
29611: 0.998615
29612: 0.998615
29613: 0.998616
29614: 0.998616
29615: 0.998616
29616: 0.998616
29617: 0.998616
29618: 0.998616
29619: 0.998616
29620: 0.998616
29621: 0.998616
29622: 0.998616
29623: 0.998616
29624: 0.998616
29625: 0.998616
29626: 0.998616
29627: 0.998616
29628: 0.998616
29629: 0.998616
29630: 0.998616
29631: 0.998616
29632: 0.998616
29633: 0.998616
29634: 0.998617
29635: 0.998617
29636: 0.998617
29637: 0.998617
29638: 0.998617
29639: 0.998617
29640: 0.998617
29641: 0.998617
29642: 0.998617
29643: 0.998617
29644: 0.998617
29645: 0.998617
29646: 0.998617
29647: 0.998617
29648: 0.998617
29649: 0.998617
29650: 0.998617
29651: 0.998617
29652: 0.998617
29653: 0.998617
29654: 0.998617
29655: 0.998617
29656: 0.998618
29657: 0.998618
29658: 0.998618
29659: 0.998618
29660: 0.998618
29661: 0.998618
29662: 0.998618
29663: 0.998618
29664: 0.998618
29665: 0.998618
29666: 0.998618
29667: 0.998618
29668: 0.998618
29669: 0.998618
29670: 0.998618
29671: 0.998618
29672: 0.998618
29673: 0.998618
29674: 0.998618
29675: 0.998618
29676: 0.998618
29677: 0.998619
29678: 0.998619
29679: 0.998619
29680: 0.998619
29681: 0.998619
29682: 0.998619
29683: 0.998619
29684: 0.998619
29685: 0.998619
29686: 0.998619
29687: 0.998619
29688: 0.998619
29689: 0.998619
29690: 0.998619
29691: 0.998619
29692: 0.998619
29693: 0.998619
29694: 0.998619
29695: 0.998619
29696: 0.998619
29697: 0.998619
29698: 0.998619
29699: 0.99862
29700: 0.99862
29701: 0.99862
29702: 0.99862
29703: 0.99862
29704: 0.99862
29705: 0.99862
29706: 0.99862
29707: 0.99862
29708: 0.99862
29709: 0.99862
29710: 0.99862
29711: 0.99862
29712: 0.99862
29713: 0.99862
29714: 0.99862
29715: 0.99862
29716: 0.99862
29717: 0.99862
29718: 0.99862
29719: 0.99862
29720: 0.998621
29721: 0.998621
29722: 0.998621
29723: 0.998621
29724: 0.998621
29725: 0.998621
29726: 0.998621
29727: 0.998621
29728: 0.998621
29729: 0.998621
29730: 0.998621
29731: 0.998621
29732: 0.998621
29733: 0.998621
29734: 0.998621
29735: 0.998621
29736: 0.998621
29737: 0.998621
29738: 0.998621
29739: 0.998621
29740: 0.998621
29741: 0.998621
29742: 0.998622
29743: 0.998622
29744: 0.998622
29745: 0.998622
29746: 0.998622
29747: 0.998622
29748: 0.998622
29749: 0.998622
29750: 0.998622
29751: 0.998622
29752: 0.998622
29753: 0.998622
29754: 0.998622
29755: 0.998622
29756: 0.998622
29757: 0.998622
29758: 0.998622
29759: 0.998622
29760: 0.998622
29761: 0.998622
29762: 0.998622
29763: 0.998622
29764: 0.998623
29765: 0.998623
29766: 0.998623
29767: 0.998623
29768: 0.998623
29769: 0.998623
29770: 0.998623
29771: 0.998623
29772: 0.998623
29773: 0.998623
29774: 0.998623
29775: 0.998623
29776: 0.998623
29777: 0.998623
29778: 0.998623
29779: 0.998623
29780: 0.998623
29781: 0.998623
29782: 0.998623
29783: 0.998623
29784: 0.998623
29785: 0.998624
29786: 0.998624
29787: 0.998624
29788: 0.998624
29789: 0.998624
29790: 0.998624
29791: 0.998624
29792: 0.998624
29793: 0.998624
29794: 0.998624
29795: 0.998624
29796: 0.998624
29797: 0.998624
29798: 0.998624
29799: 0.998624
29800: 0.998624
29801: 0.998624
29802: 0.998624
29803: 0.998624
29804: 0.998624
29805: 0.998624
29806: 0.998624
29807: 0.998625
29808: 0.998625
29809: 0.998625
29810: 0.998625
29811: 0.998625
29812: 0.998625
29813: 0.998625
29814: 0.998625
29815: 0.998625
29816: 0.998625
29817: 0.998625
29818: 0.998625
29819: 0.998625
29820: 0.998625
29821: 0.998625
29822: 0.998625
29823: 0.998625
29824: 0.998625
29825: 0.998625
29826: 0.998625
29827: 0.998625
29828: 0.998625
29829: 0.998626
29830: 0.998626
29831: 0.998626
29832: 0.998626
29833: 0.998626
29834: 0.998626
29835: 0.998626
29836: 0.998626
29837: 0.998626
29838: 0.998626
29839: 0.998626
29840: 0.998626
29841: 0.998626
29842: 0.998626
29843: 0.998626
29844: 0.998626
29845: 0.998626
29846: 0.998626
29847: 0.998626
29848: 0.998626
29849: 0.998626
29850: 0.998627
29851: 0.998627
29852: 0.998627
29853: 0.998627
29854: 0.998627
29855: 0.998627
29856: 0.998627
29857: 0.998627
29858: 0.998627
29859: 0.998627
29860: 0.998627
29861: 0.998627
29862: 0.998627
29863: 0.998627
29864: 0.998627
29865: 0.998627
29866: 0.998627
29867: 0.998627
29868: 0.998627
29869: 0.998627
29870: 0.998627
29871: 0.998627
29872: 0.998628
29873: 0.998628
29874: 0.998628
29875: 0.998628
29876: 0.998628
29877: 0.998628
29878: 0.998628
29879: 0.998628
29880: 0.998628
29881: 0.998628
29882: 0.998628
29883: 0.998628
29884: 0.998628
29885: 0.998628
29886: 0.998628
29887: 0.998628
29888: 0.998628
29889: 0.998628
29890: 0.998628
29891: 0.998628
29892: 0.998628
29893: 0.998628
29894: 0.998629
29895: 0.998629
29896: 0.998629
29897: 0.998629
29898: 0.998629
29899: 0.998629
29900: 0.998629
29901: 0.998629
29902: 0.998629
29903: 0.998629
29904: 0.998629
29905: 0.998629
29906: 0.998629
29907: 0.998629
29908: 0.998629
29909: 0.998629
29910: 0.998629
29911: 0.998629
29912: 0.998629
29913: 0.998629
29914: 0.998629
29915: 0.998629
29916: 0.99863
29917: 0.99863
29918: 0.99863
29919: 0.99863
29920: 0.99863
29921: 0.99863
29922: 0.99863
29923: 0.99863
29924: 0.99863
29925: 0.99863
29926: 0.99863
29927: 0.99863
29928: 0.99863
29929: 0.99863
29930: 0.99863
29931: 0.99863
29932: 0.99863
29933: 0.99863
29934: 0.99863
29935: 0.99863
29936: 0.99863
29937: 0.998631
29938: 0.998631
29939: 0.998631
29940: 0.998631
29941: 0.998631
29942: 0.998631
29943: 0.998631
29944: 0.998631
29945: 0.998631
29946: 0.998631
29947: 0.998631
29948: 0.998631
29949: 0.998631
29950: 0.998631
29951: 0.998631
29952: 0.998631
29953: 0.998631
29954: 0.998631
29955: 0.998631
29956: 0.998631
29957: 0.998631
29958: 0.998631
29959: 0.998632
29960: 0.998632
29961: 0.998632
29962: 0.998632
29963: 0.998632
29964: 0.998632
29965: 0.998632
29966: 0.998632
29967: 0.998632
29968: 0.998632
29969: 0.998632
29970: 0.998632
29971: 0.998632
29972: 0.998632
29973: 0.998632
29974: 0.998632
29975: 0.998632
29976: 0.998632
29977: 0.998632
29978: 0.998632
29979: 0.998632
29980: 0.998632
29981: 0.998633
29982: 0.998633
29983: 0.998633
29984: 0.998633
29985: 0.998633
29986: 0.998633
29987: 0.998633
29988: 0.998633
29989: 0.998633
29990: 0.998633
29991: 0.998633
29992: 0.998633
29993: 0.998633
29994: 0.998633
29995: 0.998633
29996: 0.998633
29997: 0.998633
29998: 0.998633
29999: 0.998633
30000: 0.998633
30001: 0.998633
30002: 0.998633
30003: 0.998634
30004: 0.998634
30005: 0.998634
30006: 0.998634
30007: 0.998634
30008: 0.998634
30009: 0.998634
30010: 0.998634
30011: 0.998634
30012: 0.998634
30013: 0.998634
30014: 0.998634
30015: 0.998634
30016: 0.998634
30017: 0.998634
30018: 0.998634
30019: 0.998634
30020: 0.998634
30021: 0.998634
30022: 0.998634
30023: 0.998634
30024: 0.998634
30025: 0.998635
30026: 0.998635
30027: 0.998635
30028: 0.998635
30029: 0.998635
30030: 0.998635
30031: 0.998635
30032: 0.998635
30033: 0.998635
30034: 0.998635
30035: 0.998635
30036: 0.998635
30037: 0.998635
30038: 0.998635
30039: 0.998635
30040: 0.998635
30041: 0.998635
30042: 0.998635
30043: 0.998635
30044: 0.998635
30045: 0.998635
30046: 0.998635
30047: 0.998636
30048: 0.998636
30049: 0.998636
30050: 0.998636
30051: 0.998636
30052: 0.998636
30053: 0.998636
30054: 0.998636
30055: 0.998636
30056: 0.998636
30057: 0.998636
30058: 0.998636
30059: 0.998636
30060: 0.998636
30061: 0.998636
30062: 0.998636
30063: 0.998636
30064: 0.998636
30065: 0.998636
30066: 0.998636
30067: 0.998636
30068: 0.998636
30069: 0.998637
30070: 0.998637
30071: 0.998637
30072: 0.998637
30073: 0.998637
30074: 0.998637
30075: 0.998637
30076: 0.998637
30077: 0.998637
30078: 0.998637
30079: 0.998637
30080: 0.998637
30081: 0.998637
30082: 0.998637
30083: 0.998637
30084: 0.998637
30085: 0.998637
30086: 0.998637
30087: 0.998637
30088: 0.998637
30089: 0.998637
30090: 0.998637
30091: 0.998638
30092: 0.998638
30093: 0.998638
30094: 0.998638
30095: 0.998638
30096: 0.998638
30097: 0.998638
30098: 0.998638
30099: 0.998638
30100: 0.998638
30101: 0.998638
30102: 0.998638
30103: 0.998638
30104: 0.998638
30105: 0.998638
30106: 0.998638
30107: 0.998638
30108: 0.998638
30109: 0.998638
30110: 0.998638
30111: 0.998638
30112: 0.998638
30113: 0.998639
30114: 0.998639
30115: 0.998639
30116: 0.998639
30117: 0.998639
30118: 0.998639
30119: 0.998639
30120: 0.998639
30121: 0.998639
30122: 0.998639
30123: 0.998639
30124: 0.998639
30125: 0.998639
30126: 0.998639
30127: 0.998639
30128: 0.998639
30129: 0.998639
30130: 0.998639
30131: 0.998639
30132: 0.998639
30133: 0.998639
30134: 0.998639
30135: 0.99864
30136: 0.99864
30137: 0.99864
30138: 0.99864
30139: 0.99864
30140: 0.99864
30141: 0.99864
30142: 0.99864
30143: 0.99864
30144: 0.99864
30145: 0.99864
30146: 0.99864
30147: 0.99864
30148: 0.99864
30149: 0.99864
30150: 0.99864
30151: 0.99864
30152: 0.99864
30153: 0.99864
30154: 0.99864
30155: 0.99864
30156: 0.99864
30157: 0.99864
30158: 0.998641
30159: 0.998641
30160: 0.998641
30161: 0.998641
30162: 0.998641
30163: 0.998641
30164: 0.998641
30165: 0.998641
30166: 0.998641
30167: 0.998641
30168: 0.998641
30169: 0.998641
30170: 0.998641
30171: 0.998641
30172: 0.998641
30173: 0.998641
30174: 0.998641
30175: 0.998641
30176: 0.998641
30177: 0.998641
30178: 0.998641
30179: 0.998641
30180: 0.998642
30181: 0.998642
30182: 0.998642
30183: 0.998642
30184: 0.998642
30185: 0.998642
30186: 0.998642
30187: 0.998642
30188: 0.998642
30189: 0.998642
30190: 0.998642
30191: 0.998642
30192: 0.998642
30193: 0.998642
30194: 0.998642
30195: 0.998642
30196: 0.998642
30197: 0.998642
30198: 0.998642
30199: 0.998642
30200: 0.998642
30201: 0.998642
30202: 0.998643
30203: 0.998643
30204: 0.998643
30205: 0.998643
30206: 0.998643
30207: 0.998643
30208: 0.998643
30209: 0.998643
30210: 0.998643
30211: 0.998643
30212: 0.998643
30213: 0.998643
30214: 0.998643
30215: 0.998643
30216: 0.998643
30217: 0.998643
30218: 0.998643
30219: 0.998643
30220: 0.998643
30221: 0.998643
30222: 0.998643
30223: 0.998643
30224: 0.998644
30225: 0.998644
30226: 0.998644
30227: 0.998644
30228: 0.998644
30229: 0.998644
30230: 0.998644
30231: 0.998644
30232: 0.998644
30233: 0.998644
30234: 0.998644
30235: 0.998644
30236: 0.998644
30237: 0.998644
30238: 0.998644
30239: 0.998644
30240: 0.998644
30241: 0.998644
30242: 0.998644
30243: 0.998644
30244: 0.998644
30245: 0.998644
30246: 0.998644
30247: 0.998645
30248: 0.998645
30249: 0.998645
30250: 0.998645
30251: 0.998645
30252: 0.998645
30253: 0.998645
30254: 0.998645
30255: 0.998645
30256: 0.998645
30257: 0.998645
30258: 0.998645
30259: 0.998645
30260: 0.998645
30261: 0.998645
30262: 0.998645
30263: 0.998645
30264: 0.998645
30265: 0.998645
30266: 0.998645
30267: 0.998645
30268: 0.998645
30269: 0.998646
30270: 0.998646
30271: 0.998646
30272: 0.998646
30273: 0.998646
30274: 0.998646
30275: 0.998646
30276: 0.998646
30277: 0.998646
30278: 0.998646
30279: 0.998646
30280: 0.998646
30281: 0.998646
30282: 0.998646
30283: 0.998646
30284: 0.998646
30285: 0.998646
30286: 0.998646
30287: 0.998646
30288: 0.998646
30289: 0.998646
30290: 0.998646
30291: 0.998647
30292: 0.998647
30293: 0.998647
30294: 0.998647
30295: 0.998647
30296: 0.998647
30297: 0.998647
30298: 0.998647
30299: 0.998647
30300: 0.998647
30301: 0.998647
30302: 0.998647
30303: 0.998647
30304: 0.998647
30305: 0.998647
30306: 0.998647
30307: 0.998647
30308: 0.998647
30309: 0.998647
30310: 0.998647
30311: 0.998647
30312: 0.998647
30313: 0.998647
30314: 0.998648
30315: 0.998648
30316: 0.998648
30317: 0.998648
30318: 0.998648
30319: 0.998648
30320: 0.998648
30321: 0.998648
30322: 0.998648
30323: 0.998648
30324: 0.998648
30325: 0.998648
30326: 0.998648
30327: 0.998648
30328: 0.998648
30329: 0.998648
30330: 0.998648
30331: 0.998648
30332: 0.998648
30333: 0.998648
30334: 0.998648
30335: 0.998648
30336: 0.998649
30337: 0.998649
30338: 0.998649
30339: 0.998649
30340: 0.998649
30341: 0.998649
30342: 0.998649
30343: 0.998649
30344: 0.998649
30345: 0.998649
30346: 0.998649
30347: 0.998649
30348: 0.998649
30349: 0.998649
30350: 0.998649
30351: 0.998649
30352: 0.998649
30353: 0.998649
30354: 0.998649
30355: 0.998649
30356: 0.998649
30357: 0.998649
30358: 0.998649
30359: 0.99865
30360: 0.99865
30361: 0.99865
30362: 0.99865
30363: 0.99865
30364: 0.99865
30365: 0.99865
30366: 0.99865
30367: 0.99865
30368: 0.99865
30369: 0.99865
30370: 0.99865
30371: 0.99865
30372: 0.99865
30373: 0.99865
30374: 0.99865
30375: 0.99865
30376: 0.99865
30377: 0.99865
30378: 0.99865
30379: 0.99865
30380: 0.99865
30381: 0.998651
30382: 0.998651
30383: 0.998651
30384: 0.998651
30385: 0.998651
30386: 0.998651
30387: 0.998651
30388: 0.998651
30389: 0.998651
30390: 0.998651
30391: 0.998651
30392: 0.998651
30393: 0.998651
30394: 0.998651
30395: 0.998651
30396: 0.998651
30397: 0.998651
30398: 0.998651
30399: 0.998651
30400: 0.998651
30401: 0.998651
30402: 0.998651
30403: 0.998651
30404: 0.998652
30405: 0.998652
30406: 0.998652
30407: 0.998652
30408: 0.998652
30409: 0.998652
30410: 0.998652
30411: 0.998652
30412: 0.998652
30413: 0.998652
30414: 0.998652
30415: 0.998652
30416: 0.998652
30417: 0.998652
30418: 0.998652
30419: 0.998652
30420: 0.998652
30421: 0.998652
30422: 0.998652
30423: 0.998652
30424: 0.998652
30425: 0.998652
30426: 0.998653
30427: 0.998653
30428: 0.998653
30429: 0.998653
30430: 0.998653
30431: 0.998653
30432: 0.998653
30433: 0.998653
30434: 0.998653
30435: 0.998653
30436: 0.998653
30437: 0.998653
30438: 0.998653
30439: 0.998653
30440: 0.998653
30441: 0.998653
30442: 0.998653
30443: 0.998653
30444: 0.998653
30445: 0.998653
30446: 0.998653
30447: 0.998653
30448: 0.998653
30449: 0.998654
30450: 0.998654
30451: 0.998654
30452: 0.998654
30453: 0.998654
30454: 0.998654
30455: 0.998654
30456: 0.998654
30457: 0.998654
30458: 0.998654
30459: 0.998654
30460: 0.998654
30461: 0.998654
30462: 0.998654
30463: 0.998654
30464: 0.998654
30465: 0.998654
30466: 0.998654
30467: 0.998654
30468: 0.998654
30469: 0.998654
30470: 0.998654
30471: 0.998655
30472: 0.998655
30473: 0.998655
30474: 0.998655
30475: 0.998655
30476: 0.998655
30477: 0.998655
30478: 0.998655
30479: 0.998655
30480: 0.998655
30481: 0.998655
30482: 0.998655
30483: 0.998655
30484: 0.998655
30485: 0.998655
30486: 0.998655
30487: 0.998655
30488: 0.998655
30489: 0.998655
30490: 0.998655
30491: 0.998655
30492: 0.998655
30493: 0.998655
30494: 0.998656
30495: 0.998656
30496: 0.998656
30497: 0.998656
30498: 0.998656
30499: 0.998656
30500: 0.998656
30501: 0.998656
30502: 0.998656
30503: 0.998656
30504: 0.998656
30505: 0.998656
30506: 0.998656
30507: 0.998656
30508: 0.998656
30509: 0.998656
30510: 0.998656
30511: 0.998656
30512: 0.998656
30513: 0.998656
30514: 0.998656
30515: 0.998656
30516: 0.998656
30517: 0.998657
30518: 0.998657
30519: 0.998657
30520: 0.998657
30521: 0.998657
30522: 0.998657
30523: 0.998657
30524: 0.998657
30525: 0.998657
30526: 0.998657
30527: 0.998657
30528: 0.998657
30529: 0.998657
30530: 0.998657
30531: 0.998657
30532: 0.998657
30533: 0.998657
30534: 0.998657
30535: 0.998657
30536: 0.998657
30537: 0.998657
30538: 0.998657
30539: 0.998657
30540: 0.998658
30541: 0.998658
30542: 0.998658
30543: 0.998658
30544: 0.998658
30545: 0.998658
30546: 0.998658
30547: 0.998658
30548: 0.998658
30549: 0.998658
30550: 0.998658
30551: 0.998658
30552: 0.998658
30553: 0.998658
30554: 0.998658
30555: 0.998658
30556: 0.998658
30557: 0.998658
30558: 0.998658
30559: 0.998658
30560: 0.998658
30561: 0.998658
30562: 0.998659
30563: 0.998659
30564: 0.998659
30565: 0.998659
30566: 0.998659
30567: 0.998659
30568: 0.998659
30569: 0.998659
30570: 0.998659
30571: 0.998659
30572: 0.998659
30573: 0.998659
30574: 0.998659
30575: 0.998659
30576: 0.998659
30577: 0.998659
30578: 0.998659
30579: 0.998659
30580: 0.998659
30581: 0.998659
30582: 0.998659
30583: 0.998659
30584: 0.998659
30585: 0.99866
30586: 0.99866
30587: 0.99866
30588: 0.99866
30589: 0.99866
30590: 0.99866
30591: 0.99866
30592: 0.99866
30593: 0.99866
30594: 0.99866
30595: 0.99866
30596: 0.99866
30597: 0.99866
30598: 0.99866
30599: 0.99866
30600: 0.99866
30601: 0.99866
30602: 0.99866
30603: 0.99866
30604: 0.99866
30605: 0.99866
30606: 0.99866
30607: 0.99866
30608: 0.998661
30609: 0.998661
30610: 0.998661
30611: 0.998661
30612: 0.998661
30613: 0.998661
30614: 0.998661
30615: 0.998661
30616: 0.998661
30617: 0.998661
30618: 0.998661
30619: 0.998661
30620: 0.998661
30621: 0.998661
30622: 0.998661
30623: 0.998661
30624: 0.998661
30625: 0.998661
30626: 0.998661
30627: 0.998661
30628: 0.998661
30629: 0.998661
30630: 0.998661
30631: 0.998662
30632: 0.998662
30633: 0.998662
30634: 0.998662
30635: 0.998662
30636: 0.998662
30637: 0.998662
30638: 0.998662
30639: 0.998662
30640: 0.998662
30641: 0.998662
30642: 0.998662
30643: 0.998662
30644: 0.998662
30645: 0.998662
30646: 0.998662
30647: 0.998662
30648: 0.998662
30649: 0.998662
30650: 0.998662
30651: 0.998662
30652: 0.998662
30653: 0.998662
30654: 0.998663
30655: 0.998663
30656: 0.998663
30657: 0.998663
30658: 0.998663
30659: 0.998663
30660: 0.998663
30661: 0.998663
30662: 0.998663
30663: 0.998663
30664: 0.998663
30665: 0.998663
30666: 0.998663
30667: 0.998663
30668: 0.998663
30669: 0.998663
30670: 0.998663
30671: 0.998663
30672: 0.998663
30673: 0.998663
30674: 0.998663
30675: 0.998663
30676: 0.998663
30677: 0.998664
30678: 0.998664
30679: 0.998664
30680: 0.998664
30681: 0.998664
30682: 0.998664
30683: 0.998664
30684: 0.998664
30685: 0.998664
30686: 0.998664
30687: 0.998664
30688: 0.998664
30689: 0.998664
30690: 0.998664
30691: 0.998664
30692: 0.998664
30693: 0.998664
30694: 0.998664
30695: 0.998664
30696: 0.998664
30697: 0.998664
30698: 0.998664
30699: 0.998664
30700: 0.998665
30701: 0.998665
30702: 0.998665
30703: 0.998665
30704: 0.998665
30705: 0.998665
30706: 0.998665
30707: 0.998665
30708: 0.998665
30709: 0.998665
30710: 0.998665
30711: 0.998665
30712: 0.998665
30713: 0.998665
30714: 0.998665
30715: 0.998665
30716: 0.998665
30717: 0.998665
30718: 0.998665
30719: 0.998665
30720: 0.998665
30721: 0.998665
30722: 0.998665
30723: 0.998666
30724: 0.998666
30725: 0.998666
30726: 0.998666
30727: 0.998666
30728: 0.998666
30729: 0.998666
30730: 0.998666
30731: 0.998666
30732: 0.998666
30733: 0.998666
30734: 0.998666
30735: 0.998666
30736: 0.998666
30737: 0.998666
30738: 0.998666
30739: 0.998666
30740: 0.998666
30741: 0.998666
30742: 0.998666
30743: 0.998666
30744: 0.998666
30745: 0.998666
30746: 0.998667
30747: 0.998667
30748: 0.998667
30749: 0.998667
30750: 0.998667
30751: 0.998667
30752: 0.998667
30753: 0.998667
30754: 0.998667
30755: 0.998667
30756: 0.998667
30757: 0.998667
30758: 0.998667
30759: 0.998667
30760: 0.998667
30761: 0.998667
30762: 0.998667
30763: 0.998667
30764: 0.998667
30765: 0.998667
30766: 0.998667
30767: 0.998667
30768: 0.998667
30769: 0.998668
30770: 0.998668
30771: 0.998668
30772: 0.998668
30773: 0.998668
30774: 0.998668
30775: 0.998668
30776: 0.998668
30777: 0.998668
30778: 0.998668
30779: 0.998668
30780: 0.998668
30781: 0.998668
30782: 0.998668
30783: 0.998668
30784: 0.998668
30785: 0.998668
30786: 0.998668
30787: 0.998668
30788: 0.998668
30789: 0.998668
30790: 0.998668
30791: 0.998668
30792: 0.998669
30793: 0.998669
30794: 0.998669
30795: 0.998669
30796: 0.998669
30797: 0.998669
30798: 0.998669
30799: 0.998669
30800: 0.998669
30801: 0.998669
30802: 0.998669
30803: 0.998669
30804: 0.998669
30805: 0.998669
30806: 0.998669
30807: 0.998669
30808: 0.998669
30809: 0.998669
30810: 0.998669
30811: 0.998669
30812: 0.998669
30813: 0.998669
30814: 0.998669
30815: 0.99867
30816: 0.99867
30817: 0.99867
30818: 0.99867
30819: 0.99867
30820: 0.99867
30821: 0.99867
30822: 0.99867
30823: 0.99867
30824: 0.99867
30825: 0.99867
30826: 0.99867
30827: 0.99867
30828: 0.99867
30829: 0.99867
30830: 0.99867
30831: 0.99867
30832: 0.99867
30833: 0.99867
30834: 0.99867
30835: 0.99867
30836: 0.99867
30837: 0.99867
30838: 0.998671
30839: 0.998671
30840: 0.998671
30841: 0.998671
30842: 0.998671
30843: 0.998671
30844: 0.998671
30845: 0.998671
30846: 0.998671
30847: 0.998671
30848: 0.998671
30849: 0.998671
30850: 0.998671
30851: 0.998671
30852: 0.998671
30853: 0.998671
30854: 0.998671
30855: 0.998671
30856: 0.998671
30857: 0.998671
30858: 0.998671
30859: 0.998671
30860: 0.998671
30861: 0.998672
30862: 0.998672
30863: 0.998672
30864: 0.998672
30865: 0.998672
30866: 0.998672
30867: 0.998672
30868: 0.998672
30869: 0.998672
30870: 0.998672
30871: 0.998672
30872: 0.998672
30873: 0.998672
30874: 0.998672
30875: 0.998672
30876: 0.998672
30877: 0.998672
30878: 0.998672
30879: 0.998672
30880: 0.998672
30881: 0.998672
30882: 0.998672
30883: 0.998672
30884: 0.998672
30885: 0.998673
30886: 0.998673
30887: 0.998673
30888: 0.998673
30889: 0.998673
30890: 0.998673
30891: 0.998673
30892: 0.998673
30893: 0.998673
30894: 0.998673
30895: 0.998673
30896: 0.998673
30897: 0.998673
30898: 0.998673
30899: 0.998673
30900: 0.998673
30901: 0.998673
30902: 0.998673
30903: 0.998673
30904: 0.998673
30905: 0.998673
30906: 0.998673
30907: 0.998673
30908: 0.998674
30909: 0.998674
30910: 0.998674
30911: 0.998674
30912: 0.998674
30913: 0.998674
30914: 0.998674
30915: 0.998674
30916: 0.998674
30917: 0.998674
30918: 0.998674
30919: 0.998674
30920: 0.998674
30921: 0.998674
30922: 0.998674
30923: 0.998674
30924: 0.998674
30925: 0.998674
30926: 0.998674
30927: 0.998674
30928: 0.998674
30929: 0.998674
30930: 0.998674
30931: 0.998675
30932: 0.998675
30933: 0.998675
30934: 0.998675
30935: 0.998675
30936: 0.998675
30937: 0.998675
30938: 0.998675
30939: 0.998675
30940: 0.998675
30941: 0.998675
30942: 0.998675
30943: 0.998675
30944: 0.998675
30945: 0.998675
30946: 0.998675
30947: 0.998675
30948: 0.998675
30949: 0.998675
30950: 0.998675
30951: 0.998675
30952: 0.998675
30953: 0.998675
30954: 0.998675
30955: 0.998676
30956: 0.998676
30957: 0.998676
30958: 0.998676
30959: 0.998676
30960: 0.998676
30961: 0.998676
30962: 0.998676
30963: 0.998676
30964: 0.998676
30965: 0.998676
30966: 0.998676
30967: 0.998676
30968: 0.998676
30969: 0.998676
30970: 0.998676
30971: 0.998676
30972: 0.998676
30973: 0.998676
30974: 0.998676
30975: 0.998676
30976: 0.998676
30977: 0.998676
30978: 0.998677
30979: 0.998677
30980: 0.998677
30981: 0.998677
30982: 0.998677
30983: 0.998677
30984: 0.998677
30985: 0.998677
30986: 0.998677
30987: 0.998677
30988: 0.998677
30989: 0.998677
30990: 0.998677
30991: 0.998677
30992: 0.998677
30993: 0.998677
30994: 0.998677
30995: 0.998677
30996: 0.998677
30997: 0.998677
30998: 0.998677
30999: 0.998677
31000: 0.998677
31001: 0.998678
31002: 0.998678
31003: 0.998678
31004: 0.998678
31005: 0.998678
31006: 0.998678
31007: 0.998678
31008: 0.998678
31009: 0.998678
31010: 0.998678
31011: 0.998678
31012: 0.998678
31013: 0.998678
31014: 0.998678
31015: 0.998678
31016: 0.998678
31017: 0.998678
31018: 0.998678
31019: 0.998678
31020: 0.998678
31021: 0.998678
31022: 0.998678
31023: 0.998678
31024: 0.998678
31025: 0.998679
31026: 0.998679
31027: 0.998679
31028: 0.998679
31029: 0.998679
31030: 0.998679
31031: 0.998679
31032: 0.998679
31033: 0.998679
31034: 0.998679
31035: 0.998679
31036: 0.998679
31037: 0.998679
31038: 0.998679
31039: 0.998679
31040: 0.998679
31041: 0.998679
31042: 0.998679
31043: 0.998679
31044: 0.998679
31045: 0.998679
31046: 0.998679
31047: 0.998679
31048: 0.99868
31049: 0.99868
31050: 0.99868
31051: 0.99868
31052: 0.99868
31053: 0.99868
31054: 0.99868
31055: 0.99868
31056: 0.99868
31057: 0.99868
31058: 0.99868
31059: 0.99868
31060: 0.99868
31061: 0.99868
31062: 0.99868
31063: 0.99868
31064: 0.99868
31065: 0.99868
31066: 0.99868
31067: 0.99868
31068: 0.99868
31069: 0.99868
31070: 0.99868
31071: 0.99868
31072: 0.998681
31073: 0.998681
31074: 0.998681
31075: 0.998681
31076: 0.998681
31077: 0.998681
31078: 0.998681
31079: 0.998681
31080: 0.998681
31081: 0.998681
31082: 0.998681
31083: 0.998681
31084: 0.998681
31085: 0.998681
31086: 0.998681
31087: 0.998681
31088: 0.998681
31089: 0.998681
31090: 0.998681
31091: 0.998681
31092: 0.998681
31093: 0.998681
31094: 0.998681
31095: 0.998682
31096: 0.998682
31097: 0.998682
31098: 0.998682
31099: 0.998682
31100: 0.998682
31101: 0.998682
31102: 0.998682
31103: 0.998682
31104: 0.998682
31105: 0.998682
31106: 0.998682
31107: 0.998682
31108: 0.998682
31109: 0.998682
31110: 0.998682
31111: 0.998682
31112: 0.998682
31113: 0.998682
31114: 0.998682
31115: 0.998682
31116: 0.998682
31117: 0.998682
31118: 0.998682
31119: 0.998683
31120: 0.998683
31121: 0.998683
31122: 0.998683
31123: 0.998683
31124: 0.998683
31125: 0.998683
31126: 0.998683
31127: 0.998683
31128: 0.998683
31129: 0.998683
31130: 0.998683
31131: 0.998683
31132: 0.998683
31133: 0.998683
31134: 0.998683
31135: 0.998683
31136: 0.998683
31137: 0.998683
31138: 0.998683
31139: 0.998683
31140: 0.998683
31141: 0.998683
31142: 0.998683
31143: 0.998684
31144: 0.998684
31145: 0.998684
31146: 0.998684
31147: 0.998684
31148: 0.998684
31149: 0.998684
31150: 0.998684
31151: 0.998684
31152: 0.998684
31153: 0.998684
31154: 0.998684
31155: 0.998684
31156: 0.998684
31157: 0.998684
31158: 0.998684
31159: 0.998684
31160: 0.998684
31161: 0.998684
31162: 0.998684
31163: 0.998684
31164: 0.998684
31165: 0.998684
31166: 0.998685
31167: 0.998685
31168: 0.998685
31169: 0.998685
31170: 0.998685
31171: 0.998685
31172: 0.998685
31173: 0.998685
31174: 0.998685
31175: 0.998685
31176: 0.998685
31177: 0.998685
31178: 0.998685
31179: 0.998685
31180: 0.998685
31181: 0.998685
31182: 0.998685
31183: 0.998685
31184: 0.998685
31185: 0.998685
31186: 0.998685
31187: 0.998685
31188: 0.998685
31189: 0.998685
31190: 0.998686
31191: 0.998686
31192: 0.998686
31193: 0.998686
31194: 0.998686
31195: 0.998686
31196: 0.998686
31197: 0.998686
31198: 0.998686
31199: 0.998686
31200: 0.998686
31201: 0.998686
31202: 0.998686
31203: 0.998686
31204: 0.998686
31205: 0.998686
31206: 0.998686
31207: 0.998686
31208: 0.998686
31209: 0.998686
31210: 0.998686
31211: 0.998686
31212: 0.998686
31213: 0.998686
31214: 0.998687
31215: 0.998687
31216: 0.998687
31217: 0.998687
31218: 0.998687
31219: 0.998687
31220: 0.998687
31221: 0.998687
31222: 0.998687
31223: 0.998687
31224: 0.998687
31225: 0.998687
31226: 0.998687
31227: 0.998687
31228: 0.998687
31229: 0.998687
31230: 0.998687
31231: 0.998687
31232: 0.998687
31233: 0.998687
31234: 0.998687
31235: 0.998687
31236: 0.998687
31237: 0.998687
31238: 0.998688
31239: 0.998688
31240: 0.998688
31241: 0.998688
31242: 0.998688
31243: 0.998688
31244: 0.998688
31245: 0.998688
31246: 0.998688
31247: 0.998688
31248: 0.998688
31249: 0.998688
31250: 0.998688
31251: 0.998688
31252: 0.998688
31253: 0.998688
31254: 0.998688
31255: 0.998688
31256: 0.998688
31257: 0.998688
31258: 0.998688
31259: 0.998688
31260: 0.998688
31261: 0.998689
31262: 0.998689
31263: 0.998689
31264: 0.998689
31265: 0.998689
31266: 0.998689
31267: 0.998689
31268: 0.998689
31269: 0.998689
31270: 0.998689
31271: 0.998689
31272: 0.998689
31273: 0.998689
31274: 0.998689
31275: 0.998689
31276: 0.998689
31277: 0.998689
31278: 0.998689
31279: 0.998689
31280: 0.998689
31281: 0.998689
31282: 0.998689
31283: 0.998689
31284: 0.998689
31285: 0.99869
31286: 0.99869
31287: 0.99869
31288: 0.99869
31289: 0.99869
31290: 0.99869
31291: 0.99869
31292: 0.99869
31293: 0.99869
31294: 0.99869
31295: 0.99869
31296: 0.99869
31297: 0.99869
31298: 0.99869
31299: 0.99869
31300: 0.99869
31301: 0.99869
31302: 0.99869
31303: 0.99869
31304: 0.99869
31305: 0.99869
31306: 0.99869
31307: 0.99869
31308: 0.99869
31309: 0.998691
31310: 0.998691
31311: 0.998691
31312: 0.998691
31313: 0.998691
31314: 0.998691
31315: 0.998691
31316: 0.998691
31317: 0.998691
31318: 0.998691
31319: 0.998691
31320: 0.998691
31321: 0.998691
31322: 0.998691
31323: 0.998691
31324: 0.998691
31325: 0.998691
31326: 0.998691
31327: 0.998691
31328: 0.998691
31329: 0.998691
31330: 0.998691
31331: 0.998691
31332: 0.998691
31333: 0.998692
31334: 0.998692
31335: 0.998692
31336: 0.998692
31337: 0.998692
31338: 0.998692
31339: 0.998692
31340: 0.998692
31341: 0.998692
31342: 0.998692
31343: 0.998692
31344: 0.998692
31345: 0.998692
31346: 0.998692
31347: 0.998692
31348: 0.998692
31349: 0.998692
31350: 0.998692
31351: 0.998692
31352: 0.998692
31353: 0.998692
31354: 0.998692
31355: 0.998692
31356: 0.998692
31357: 0.998693
31358: 0.998693
31359: 0.998693
31360: 0.998693
31361: 0.998693
31362: 0.998693
31363: 0.998693
31364: 0.998693
31365: 0.998693
31366: 0.998693
31367: 0.998693
31368: 0.998693
31369: 0.998693
31370: 0.998693
31371: 0.998693
31372: 0.998693
31373: 0.998693
31374: 0.998693
31375: 0.998693
31376: 0.998693
31377: 0.998693
31378: 0.998693
31379: 0.998693
31380: 0.998693
31381: 0.998694
31382: 0.998694
31383: 0.998694
31384: 0.998694
31385: 0.998694
31386: 0.998694
31387: 0.998694
31388: 0.998694
31389: 0.998694
31390: 0.998694
31391: 0.998694
31392: 0.998694
31393: 0.998694
31394: 0.998694
31395: 0.998694
31396: 0.998694
31397: 0.998694
31398: 0.998694
31399: 0.998694
31400: 0.998694
31401: 0.998694
31402: 0.998694
31403: 0.998694
31404: 0.998694
31405: 0.998695
31406: 0.998695
31407: 0.998695
31408: 0.998695
31409: 0.998695
31410: 0.998695
31411: 0.998695
31412: 0.998695
31413: 0.998695
31414: 0.998695
31415: 0.998695
31416: 0.998695
31417: 0.998695
31418: 0.998695
31419: 0.998695
31420: 0.998695
31421: 0.998695
31422: 0.998695
31423: 0.998695
31424: 0.998695
31425: 0.998695
31426: 0.998695
31427: 0.998695
31428: 0.998695
31429: 0.998696
31430: 0.998696
31431: 0.998696
31432: 0.998696
31433: 0.998696
31434: 0.998696
31435: 0.998696
31436: 0.998696
31437: 0.998696
31438: 0.998696
31439: 0.998696
31440: 0.998696
31441: 0.998696
31442: 0.998696
31443: 0.998696
31444: 0.998696
31445: 0.998696
31446: 0.998696
31447: 0.998696
31448: 0.998696
31449: 0.998696
31450: 0.998696
31451: 0.998696
31452: 0.998696
31453: 0.998697
31454: 0.998697
31455: 0.998697
31456: 0.998697
31457: 0.998697
31458: 0.998697
31459: 0.998697
31460: 0.998697
31461: 0.998697
31462: 0.998697
31463: 0.998697
31464: 0.998697
31465: 0.998697
31466: 0.998697
31467: 0.998697
31468: 0.998697
31469: 0.998697
31470: 0.998697
31471: 0.998697
31472: 0.998697
31473: 0.998697
31474: 0.998697
31475: 0.998697
31476: 0.998697
31477: 0.998698
31478: 0.998698
31479: 0.998698
31480: 0.998698
31481: 0.998698
31482: 0.998698
31483: 0.998698
31484: 0.998698
31485: 0.998698
31486: 0.998698
31487: 0.998698
31488: 0.998698
31489: 0.998698
31490: 0.998698
31491: 0.998698
31492: 0.998698
31493: 0.998698
31494: 0.998698
31495: 0.998698
31496: 0.998698
31497: 0.998698
31498: 0.998698
31499: 0.998698
31500: 0.998698
31501: 0.998698
31502: 0.998699
31503: 0.998699
31504: 0.998699
31505: 0.998699
31506: 0.998699
31507: 0.998699
31508: 0.998699
31509: 0.998699
31510: 0.998699
31511: 0.998699
31512: 0.998699
31513: 0.998699
31514: 0.998699
31515: 0.998699
31516: 0.998699
31517: 0.998699
31518: 0.998699
31519: 0.998699
31520: 0.998699
31521: 0.998699
31522: 0.998699
31523: 0.998699
31524: 0.998699
31525: 0.998699
31526: 0.9987
31527: 0.9987
31528: 0.9987
31529: 0.9987
31530: 0.9987
31531: 0.9987
31532: 0.9987
31533: 0.9987
31534: 0.9987
31535: 0.9987
31536: 0.9987
31537: 0.9987
31538: 0.9987
31539: 0.9987
31540: 0.9987
31541: 0.9987
31542: 0.9987
31543: 0.9987
31544: 0.9987
31545: 0.9987
31546: 0.9987
31547: 0.9987
31548: 0.9987
31549: 0.9987
31550: 0.998701
31551: 0.998701
31552: 0.998701
31553: 0.998701
31554: 0.998701
31555: 0.998701
31556: 0.998701
31557: 0.998701
31558: 0.998701
31559: 0.998701
31560: 0.998701
31561: 0.998701
31562: 0.998701
31563: 0.998701
31564: 0.998701
31565: 0.998701
31566: 0.998701
31567: 0.998701
31568: 0.998701
31569: 0.998701
31570: 0.998701
31571: 0.998701
31572: 0.998701
31573: 0.998701
31574: 0.998702
31575: 0.998702
31576: 0.998702
31577: 0.998702
31578: 0.998702
31579: 0.998702
31580: 0.998702
31581: 0.998702
31582: 0.998702
31583: 0.998702
31584: 0.998702
31585: 0.998702
31586: 0.998702
31587: 0.998702
31588: 0.998702
31589: 0.998702
31590: 0.998702
31591: 0.998702
31592: 0.998702
31593: 0.998702
31594: 0.998702
31595: 0.998702
31596: 0.998702
31597: 0.998702
31598: 0.998702
31599: 0.998703
31600: 0.998703
31601: 0.998703
31602: 0.998703
31603: 0.998703
31604: 0.998703
31605: 0.998703
31606: 0.998703
31607: 0.998703
31608: 0.998703
31609: 0.998703
31610: 0.998703
31611: 0.998703
31612: 0.998703
31613: 0.998703
31614: 0.998703
31615: 0.998703
31616: 0.998703
31617: 0.998703
31618: 0.998703
31619: 0.998703
31620: 0.998703
31621: 0.998703
31622: 0.998703
31623: 0.998704
31624: 0.998704
31625: 0.998704
31626: 0.998704
31627: 0.998704
31628: 0.998704
31629: 0.998704
31630: 0.998704
31631: 0.998704
31632: 0.998704
31633: 0.998704
31634: 0.998704
31635: 0.998704
31636: 0.998704
31637: 0.998704
31638: 0.998704
31639: 0.998704
31640: 0.998704
31641: 0.998704
31642: 0.998704
31643: 0.998704
31644: 0.998704
31645: 0.998704
31646: 0.998704
31647: 0.998704
31648: 0.998705
31649: 0.998705
31650: 0.998705
31651: 0.998705
31652: 0.998705
31653: 0.998705
31654: 0.998705
31655: 0.998705
31656: 0.998705
31657: 0.998705
31658: 0.998705
31659: 0.998705
31660: 0.998705
31661: 0.998705
31662: 0.998705
31663: 0.998705
31664: 0.998705
31665: 0.998705
31666: 0.998705
31667: 0.998705
31668: 0.998705
31669: 0.998705
31670: 0.998705
31671: 0.998705
31672: 0.998706
31673: 0.998706
31674: 0.998706
31675: 0.998706
31676: 0.998706
31677: 0.998706
31678: 0.998706
31679: 0.998706
31680: 0.998706
31681: 0.998706
31682: 0.998706
31683: 0.998706
31684: 0.998706
31685: 0.998706
31686: 0.998706
31687: 0.998706
31688: 0.998706
31689: 0.998706
31690: 0.998706
31691: 0.998706
31692: 0.998706
31693: 0.998706
31694: 0.998706
31695: 0.998706
31696: 0.998707
31697: 0.998707
31698: 0.998707
31699: 0.998707
31700: 0.998707
31701: 0.998707
31702: 0.998707
31703: 0.998707
31704: 0.998707
31705: 0.998707
31706: 0.998707
31707: 0.998707
31708: 0.998707
31709: 0.998707
31710: 0.998707
31711: 0.998707
31712: 0.998707
31713: 0.998707
31714: 0.998707
31715: 0.998707
31716: 0.998707
31717: 0.998707
31718: 0.998707
31719: 0.998707
31720: 0.998707
31721: 0.998708
31722: 0.998708
31723: 0.998708
31724: 0.998708
31725: 0.998708
31726: 0.998708
31727: 0.998708
31728: 0.998708
31729: 0.998708
31730: 0.998708
31731: 0.998708
31732: 0.998708
31733: 0.998708
31734: 0.998708
31735: 0.998708
31736: 0.998708
31737: 0.998708
31738: 0.998708
31739: 0.998708
31740: 0.998708
31741: 0.998708
31742: 0.998708
31743: 0.998708
31744: 0.998708
31745: 0.998708
31746: 0.998709
31747: 0.998709
31748: 0.998709
31749: 0.998709
31750: 0.998709
31751: 0.998709
31752: 0.998709
31753: 0.998709
31754: 0.998709
31755: 0.998709
31756: 0.998709
31757: 0.998709
31758: 0.998709
31759: 0.998709
31760: 0.998709
31761: 0.998709
31762: 0.998709
31763: 0.998709
31764: 0.998709
31765: 0.998709
31766: 0.998709
31767: 0.998709
31768: 0.998709
31769: 0.998709
31770: 0.99871
31771: 0.99871
31772: 0.99871
31773: 0.99871
31774: 0.99871
31775: 0.99871
31776: 0.99871
31777: 0.99871
31778: 0.99871
31779: 0.99871
31780: 0.99871
31781: 0.99871
31782: 0.99871
31783: 0.99871
31784: 0.99871
31785: 0.99871
31786: 0.99871
31787: 0.99871
31788: 0.99871
31789: 0.99871
31790: 0.99871
31791: 0.99871
31792: 0.99871
31793: 0.99871
31794: 0.99871
31795: 0.998711
31796: 0.998711
31797: 0.998711
31798: 0.998711
31799: 0.998711
31800: 0.998711
31801: 0.998711
31802: 0.998711
31803: 0.998711
31804: 0.998711
31805: 0.998711
31806: 0.998711
31807: 0.998711
31808: 0.998711
31809: 0.998711
31810: 0.998711
31811: 0.998711
31812: 0.998711
31813: 0.998711
31814: 0.998711
31815: 0.998711
31816: 0.998711
31817: 0.998711
31818: 0.998711
31819: 0.998712
31820: 0.998712
31821: 0.998712
31822: 0.998712
31823: 0.998712
31824: 0.998712
31825: 0.998712
31826: 0.998712
31827: 0.998712
31828: 0.998712
31829: 0.998712
31830: 0.998712
31831: 0.998712
31832: 0.998712
31833: 0.998712
31834: 0.998712
31835: 0.998712
31836: 0.998712
31837: 0.998712
31838: 0.998712
31839: 0.998712
31840: 0.998712
31841: 0.998712
31842: 0.998712
31843: 0.998712
31844: 0.998713
31845: 0.998713
31846: 0.998713
31847: 0.998713
31848: 0.998713
31849: 0.998713
31850: 0.998713
31851: 0.998713
31852: 0.998713
31853: 0.998713
31854: 0.998713
31855: 0.998713
31856: 0.998713
31857: 0.998713
31858: 0.998713
31859: 0.998713
31860: 0.998713
31861: 0.998713
31862: 0.998713
31863: 0.998713
31864: 0.998713
31865: 0.998713
31866: 0.998713
31867: 0.998713
31868: 0.998713
31869: 0.998714
31870: 0.998714
31871: 0.998714
31872: 0.998714
31873: 0.998714
31874: 0.998714
31875: 0.998714
31876: 0.998714
31877: 0.998714
31878: 0.998714
31879: 0.998714
31880: 0.998714
31881: 0.998714
31882: 0.998714
31883: 0.998714
31884: 0.998714
31885: 0.998714
31886: 0.998714
31887: 0.998714
31888: 0.998714
31889: 0.998714
31890: 0.998714
31891: 0.998714
31892: 0.998714
31893: 0.998714
31894: 0.998715
31895: 0.998715
31896: 0.998715
31897: 0.998715
31898: 0.998715
31899: 0.998715
31900: 0.998715
31901: 0.998715
31902: 0.998715
31903: 0.998715
31904: 0.998715
31905: 0.998715
31906: 0.998715
31907: 0.998715
31908: 0.998715
31909: 0.998715
31910: 0.998715
31911: 0.998715
31912: 0.998715
31913: 0.998715
31914: 0.998715
31915: 0.998715
31916: 0.998715
31917: 0.998715
31918: 0.998715
31919: 0.998716
31920: 0.998716
31921: 0.998716
31922: 0.998716
31923: 0.998716
31924: 0.998716
31925: 0.998716
31926: 0.998716
31927: 0.998716
31928: 0.998716
31929: 0.998716
31930: 0.998716
31931: 0.998716
31932: 0.998716
31933: 0.998716
31934: 0.998716
31935: 0.998716
31936: 0.998716
31937: 0.998716
31938: 0.998716
31939: 0.998716
31940: 0.998716
31941: 0.998716
31942: 0.998716
31943: 0.998717
31944: 0.998717
31945: 0.998717
31946: 0.998717
31947: 0.998717
31948: 0.998717
31949: 0.998717
31950: 0.998717
31951: 0.998717
31952: 0.998717
31953: 0.998717
31954: 0.998717
31955: 0.998717
31956: 0.998717
31957: 0.998717
31958: 0.998717
31959: 0.998717
31960: 0.998717
31961: 0.998717
31962: 0.998717
31963: 0.998717
31964: 0.998717
31965: 0.998717
31966: 0.998717
31967: 0.998717
31968: 0.998718
31969: 0.998718
31970: 0.998718
31971: 0.998718
31972: 0.998718
31973: 0.998718
31974: 0.998718
31975: 0.998718
31976: 0.998718
31977: 0.998718
31978: 0.998718
31979: 0.998718
31980: 0.998718
31981: 0.998718
31982: 0.998718
31983: 0.998718
31984: 0.998718
31985: 0.998718
31986: 0.998718
31987: 0.998718
31988: 0.998718
31989: 0.998718
31990: 0.998718
31991: 0.998718
31992: 0.998718
31993: 0.998719
31994: 0.998719
31995: 0.998719
31996: 0.998719
31997: 0.998719
31998: 0.998719
31999: 0.998719
32000: 0.998719
32001: 0.998719
32002: 0.998719
32003: 0.998719
32004: 0.998719
32005: 0.998719
32006: 0.998719
32007: 0.998719
32008: 0.998719
32009: 0.998719
32010: 0.998719
32011: 0.998719
32012: 0.998719
32013: 0.998719
32014: 0.998719
32015: 0.998719
32016: 0.998719
32017: 0.998719
32018: 0.99872
32019: 0.99872
32020: 0.99872
32021: 0.99872
32022: 0.99872
32023: 0.99872
32024: 0.99872
32025: 0.99872
32026: 0.99872
32027: 0.99872
32028: 0.99872
32029: 0.99872
32030: 0.99872
32031: 0.99872
32032: 0.99872
32033: 0.99872
32034: 0.99872
32035: 0.99872
32036: 0.99872
32037: 0.99872
32038: 0.99872
32039: 0.99872
32040: 0.99872
32041: 0.99872
32042: 0.99872
32043: 0.998721
32044: 0.998721
32045: 0.998721
32046: 0.998721
32047: 0.998721
32048: 0.998721
32049: 0.998721
32050: 0.998721
32051: 0.998721
32052: 0.998721
32053: 0.998721
32054: 0.998721
32055: 0.998721
32056: 0.998721
32057: 0.998721
32058: 0.998721
32059: 0.998721
32060: 0.998721
32061: 0.998721
32062: 0.998721
32063: 0.998721
32064: 0.998721
32065: 0.998721
32066: 0.998721
32067: 0.998721
32068: 0.998722
32069: 0.998722
32070: 0.998722
32071: 0.998722
32072: 0.998722
32073: 0.998722
32074: 0.998722
32075: 0.998722
32076: 0.998722
32077: 0.998722
32078: 0.998722
32079: 0.998722
32080: 0.998722
32081: 0.998722
32082: 0.998722
32083: 0.998722
32084: 0.998722
32085: 0.998722
32086: 0.998722
32087: 0.998722
32088: 0.998722
32089: 0.998722
32090: 0.998722
32091: 0.998722
32092: 0.998722
32093: 0.998723
32094: 0.998723
32095: 0.998723
32096: 0.998723
32097: 0.998723
32098: 0.998723
32099: 0.998723
32100: 0.998723
32101: 0.998723
32102: 0.998723
32103: 0.998723
32104: 0.998723
32105: 0.998723
32106: 0.998723
32107: 0.998723
32108: 0.998723
32109: 0.998723
32110: 0.998723
32111: 0.998723
32112: 0.998723
32113: 0.998723
32114: 0.998723
32115: 0.998723
32116: 0.998723
32117: 0.998723
32118: 0.998723
32119: 0.998724
32120: 0.998724
32121: 0.998724
32122: 0.998724
32123: 0.998724
32124: 0.998724
32125: 0.998724
32126: 0.998724
32127: 0.998724
32128: 0.998724
32129: 0.998724
32130: 0.998724
32131: 0.998724
32132: 0.998724
32133: 0.998724
32134: 0.998724
32135: 0.998724
32136: 0.998724
32137: 0.998724
32138: 0.998724
32139: 0.998724
32140: 0.998724
32141: 0.998724
32142: 0.998724
32143: 0.998724
32144: 0.998725
32145: 0.998725
32146: 0.998725
32147: 0.998725
32148: 0.998725
32149: 0.998725
32150: 0.998725
32151: 0.998725
32152: 0.998725
32153: 0.998725
32154: 0.998725
32155: 0.998725
32156: 0.998725
32157: 0.998725
32158: 0.998725
32159: 0.998725
32160: 0.998725
32161: 0.998725
32162: 0.998725
32163: 0.998725
32164: 0.998725
32165: 0.998725
32166: 0.998725
32167: 0.998725
32168: 0.998725
32169: 0.998726
32170: 0.998726
32171: 0.998726
32172: 0.998726
32173: 0.998726
32174: 0.998726
32175: 0.998726
32176: 0.998726
32177: 0.998726
32178: 0.998726
32179: 0.998726
32180: 0.998726
32181: 0.998726
32182: 0.998726
32183: 0.998726
32184: 0.998726
32185: 0.998726
32186: 0.998726
32187: 0.998726
32188: 0.998726
32189: 0.998726
32190: 0.998726
32191: 0.998726
32192: 0.998726
32193: 0.998726
32194: 0.998727
32195: 0.998727
32196: 0.998727
32197: 0.998727
32198: 0.998727
32199: 0.998727
32200: 0.998727
32201: 0.998727
32202: 0.998727
32203: 0.998727
32204: 0.998727
32205: 0.998727
32206: 0.998727
32207: 0.998727
32208: 0.998727
32209: 0.998727
32210: 0.998727
32211: 0.998727
32212: 0.998727
32213: 0.998727
32214: 0.998727
32215: 0.998727
32216: 0.998727
32217: 0.998727
32218: 0.998727
32219: 0.998727
32220: 0.998728
32221: 0.998728
32222: 0.998728
32223: 0.998728
32224: 0.998728
32225: 0.998728
32226: 0.998728
32227: 0.998728
32228: 0.998728
32229: 0.998728
32230: 0.998728
32231: 0.998728
32232: 0.998728
32233: 0.998728
32234: 0.998728
32235: 0.998728
32236: 0.998728
32237: 0.998728
32238: 0.998728
32239: 0.998728
32240: 0.998728
32241: 0.998728
32242: 0.998728
32243: 0.998728
32244: 0.998728
32245: 0.998729
32246: 0.998729
32247: 0.998729
32248: 0.998729
32249: 0.998729
32250: 0.998729
32251: 0.998729
32252: 0.998729
32253: 0.998729
32254: 0.998729
32255: 0.998729
32256: 0.998729
32257: 0.998729
32258: 0.998729
32259: 0.998729
32260: 0.998729
32261: 0.998729
32262: 0.998729
32263: 0.998729
32264: 0.998729
32265: 0.998729
32266: 0.998729
32267: 0.998729
32268: 0.998729
32269: 0.998729
32270: 0.99873
32271: 0.99873
32272: 0.99873
32273: 0.99873
32274: 0.99873
32275: 0.99873
32276: 0.99873
32277: 0.99873
32278: 0.99873
32279: 0.99873
32280: 0.99873
32281: 0.99873
32282: 0.99873
32283: 0.99873
32284: 0.99873
32285: 0.99873
32286: 0.99873
32287: 0.99873
32288: 0.99873
32289: 0.99873
32290: 0.99873
32291: 0.99873
32292: 0.99873
32293: 0.99873
32294: 0.99873
32295: 0.99873
32296: 0.998731
32297: 0.998731
32298: 0.998731
32299: 0.998731
32300: 0.998731
32301: 0.998731
32302: 0.998731
32303: 0.998731
32304: 0.998731
32305: 0.998731
32306: 0.998731
32307: 0.998731
32308: 0.998731
32309: 0.998731
32310: 0.998731
32311: 0.998731
32312: 0.998731
32313: 0.998731
32314: 0.998731
32315: 0.998731
32316: 0.998731
32317: 0.998731
32318: 0.998731
32319: 0.998731
32320: 0.998731
32321: 0.998732
32322: 0.998732
32323: 0.998732
32324: 0.998732
32325: 0.998732
32326: 0.998732
32327: 0.998732
32328: 0.998732
32329: 0.998732
32330: 0.998732
32331: 0.998732
32332: 0.998732
32333: 0.998732
32334: 0.998732
32335: 0.998732
32336: 0.998732
32337: 0.998732
32338: 0.998732
32339: 0.998732
32340: 0.998732
32341: 0.998732
32342: 0.998732
32343: 0.998732
32344: 0.998732
32345: 0.998732
32346: 0.998732
32347: 0.998733
32348: 0.998733
32349: 0.998733
32350: 0.998733
32351: 0.998733
32352: 0.998733
32353: 0.998733
32354: 0.998733
32355: 0.998733
32356: 0.998733
32357: 0.998733
32358: 0.998733
32359: 0.998733
32360: 0.998733
32361: 0.998733
32362: 0.998733
32363: 0.998733
32364: 0.998733
32365: 0.998733
32366: 0.998733
32367: 0.998733
32368: 0.998733
32369: 0.998733
32370: 0.998733
32371: 0.998733
32372: 0.998734
32373: 0.998734
32374: 0.998734
32375: 0.998734
32376: 0.998734
32377: 0.998734
32378: 0.998734
32379: 0.998734
32380: 0.998734
32381: 0.998734
32382: 0.998734
32383: 0.998734
32384: 0.998734
32385: 0.998734
32386: 0.998734
32387: 0.998734
32388: 0.998734
32389: 0.998734
32390: 0.998734
32391: 0.998734
32392: 0.998734
32393: 0.998734
32394: 0.998734
32395: 0.998734
32396: 0.998734
32397: 0.998734
32398: 0.998735
32399: 0.998735
32400: 0.998735
32401: 0.998735
32402: 0.998735
32403: 0.998735
32404: 0.998735
32405: 0.998735
32406: 0.998735
32407: 0.998735
32408: 0.998735
32409: 0.998735
32410: 0.998735
32411: 0.998735
32412: 0.998735
32413: 0.998735
32414: 0.998735
32415: 0.998735
32416: 0.998735
32417: 0.998735
32418: 0.998735
32419: 0.998735
32420: 0.998735
32421: 0.998735
32422: 0.998735
32423: 0.998736
32424: 0.998736
32425: 0.998736
32426: 0.998736
32427: 0.998736
32428: 0.998736
32429: 0.998736
32430: 0.998736
32431: 0.998736
32432: 0.998736
32433: 0.998736
32434: 0.998736
32435: 0.998736
32436: 0.998736
32437: 0.998736
32438: 0.998736
32439: 0.998736
32440: 0.998736
32441: 0.998736
32442: 0.998736
32443: 0.998736
32444: 0.998736
32445: 0.998736
32446: 0.998736
32447: 0.998736
32448: 0.998736
32449: 0.998737
32450: 0.998737
32451: 0.998737
32452: 0.998737
32453: 0.998737
32454: 0.998737
32455: 0.998737
32456: 0.998737
32457: 0.998737
32458: 0.998737
32459: 0.998737
32460: 0.998737
32461: 0.998737
32462: 0.998737
32463: 0.998737
32464: 0.998737
32465: 0.998737
32466: 0.998737
32467: 0.998737
32468: 0.998737
32469: 0.998737
32470: 0.998737
32471: 0.998737
32472: 0.998737
32473: 0.998737
32474: 0.998737
32475: 0.998738
32476: 0.998738
32477: 0.998738
32478: 0.998738
32479: 0.998738
32480: 0.998738
32481: 0.998738
32482: 0.998738
32483: 0.998738
32484: 0.998738
32485: 0.998738
32486: 0.998738
32487: 0.998738
32488: 0.998738
32489: 0.998738
32490: 0.998738
32491: 0.998738
32492: 0.998738
32493: 0.998738
32494: 0.998738
32495: 0.998738
32496: 0.998738
32497: 0.998738
32498: 0.998738
32499: 0.998738
32500: 0.998739
32501: 0.998739
32502: 0.998739
32503: 0.998739
32504: 0.998739
32505: 0.998739
32506: 0.998739
32507: 0.998739
32508: 0.998739
32509: 0.998739
32510: 0.998739
32511: 0.998739
32512: 0.998739
32513: 0.998739
32514: 0.998739
32515: 0.998739
32516: 0.998739
32517: 0.998739
32518: 0.998739
32519: 0.998739
32520: 0.998739
32521: 0.998739
32522: 0.998739
32523: 0.998739
32524: 0.998739
32525: 0.998739
32526: 0.99874
32527: 0.99874
32528: 0.99874
32529: 0.99874
32530: 0.99874
32531: 0.99874
32532: 0.99874
32533: 0.99874
32534: 0.99874
32535: 0.99874
32536: 0.99874
32537: 0.99874
32538: 0.99874
32539: 0.99874
32540: 0.99874
32541: 0.99874
32542: 0.99874
32543: 0.99874
32544: 0.99874
32545: 0.99874
32546: 0.99874
32547: 0.99874
32548: 0.99874
32549: 0.99874
32550: 0.99874
32551: 0.99874
32552: 0.998741
32553: 0.998741
32554: 0.998741
32555: 0.998741
32556: 0.998741
32557: 0.998741
32558: 0.998741
32559: 0.998741
32560: 0.998741
32561: 0.998741
32562: 0.998741
32563: 0.998741
32564: 0.998741
32565: 0.998741
32566: 0.998741
32567: 0.998741
32568: 0.998741
32569: 0.998741
32570: 0.998741
32571: 0.998741
32572: 0.998741
32573: 0.998741
32574: 0.998741
32575: 0.998741
32576: 0.998741
32577: 0.998741
32578: 0.998742
32579: 0.998742
32580: 0.998742
32581: 0.998742
32582: 0.998742
32583: 0.998742
32584: 0.998742
32585: 0.998742
32586: 0.998742
32587: 0.998742
32588: 0.998742
32589: 0.998742
32590: 0.998742
32591: 0.998742
32592: 0.998742
32593: 0.998742
32594: 0.998742
32595: 0.998742
32596: 0.998742
32597: 0.998742
32598: 0.998742
32599: 0.998742
32600: 0.998742
32601: 0.998742
32602: 0.998742
32603: 0.998742
32604: 0.998743
32605: 0.998743
32606: 0.998743
32607: 0.998743
32608: 0.998743
32609: 0.998743
32610: 0.998743
32611: 0.998743
32612: 0.998743
32613: 0.998743
32614: 0.998743
32615: 0.998743
32616: 0.998743
32617: 0.998743
32618: 0.998743
32619: 0.998743
32620: 0.998743
32621: 0.998743
32622: 0.998743
32623: 0.998743
32624: 0.998743
32625: 0.998743
32626: 0.998743
32627: 0.998743
32628: 0.998743
32629: 0.998743
32630: 0.998744
32631: 0.998744
32632: 0.998744
32633: 0.998744
32634: 0.998744
32635: 0.998744
32636: 0.998744
32637: 0.998744
32638: 0.998744
32639: 0.998744
32640: 0.998744
32641: 0.998744
32642: 0.998744
32643: 0.998744
32644: 0.998744
32645: 0.998744
32646: 0.998744
32647: 0.998744
32648: 0.998744
32649: 0.998744
32650: 0.998744
32651: 0.998744
32652: 0.998744
32653: 0.998744
32654: 0.998744
32655: 0.998744
32656: 0.998745
32657: 0.998745
32658: 0.998745
32659: 0.998745
32660: 0.998745
32661: 0.998745
32662: 0.998745
32663: 0.998745
32664: 0.998745
32665: 0.998745
32666: 0.998745
32667: 0.998745
32668: 0.998745
32669: 0.998745
32670: 0.998745
32671: 0.998745
32672: 0.998745
32673: 0.998745
32674: 0.998745
32675: 0.998745
32676: 0.998745
32677: 0.998745
32678: 0.998745
32679: 0.998745
32680: 0.998745
32681: 0.998745
32682: 0.998746
32683: 0.998746
32684: 0.998746
32685: 0.998746
32686: 0.998746
32687: 0.998746
32688: 0.998746
32689: 0.998746
32690: 0.998746
32691: 0.998746
32692: 0.998746
32693: 0.998746
32694: 0.998746
32695: 0.998746
32696: 0.998746
32697: 0.998746
32698: 0.998746
32699: 0.998746
32700: 0.998746
32701: 0.998746
32702: 0.998746
32703: 0.998746
32704: 0.998746
32705: 0.998746
32706: 0.998746
32707: 0.998746
32708: 0.998747
32709: 0.998747
32710: 0.998747
32711: 0.998747
32712: 0.998747
32713: 0.998747
32714: 0.998747
32715: 0.998747
32716: 0.998747
32717: 0.998747
32718: 0.998747
32719: 0.998747
32720: 0.998747
32721: 0.998747
32722: 0.998747
32723: 0.998747
32724: 0.998747
32725: 0.998747
32726: 0.998747
32727: 0.998747
32728: 0.998747
32729: 0.998747
32730: 0.998747
32731: 0.998747
32732: 0.998747
32733: 0.998747
32734: 0.998748
32735: 0.998748
32736: 0.998748
32737: 0.998748
32738: 0.998748
32739: 0.998748
32740: 0.998748
32741: 0.998748
32742: 0.998748
32743: 0.998748
32744: 0.998748
32745: 0.998748
32746: 0.998748
32747: 0.998748
32748: 0.998748
32749: 0.998748
32750: 0.998748
32751: 0.998748
32752: 0.998748
32753: 0.998748
32754: 0.998748
32755: 0.998748
32756: 0.998748
32757: 0.998748
32758: 0.998748
32759: 0.998748
32760: 0.998749
32761: 0.998749
32762: 0.998749
32763: 0.998749
32764: 0.998749
32765: 0.998749
32766: 0.998749
32767: 0.998749
32768: 0.998749
32769: 0.998749
32770: 0.998749
32771: 0.998749
32772: 0.998749
32773: 0.998749
32774: 0.998749
32775: 0.998749
32776: 0.998749
32777: 0.998749
32778: 0.998749
32779: 0.998749
32780: 0.998749
32781: 0.998749
32782: 0.998749
32783: 0.998749
32784: 0.998749
32785: 0.998749
32786: 0.99875
32787: 0.99875
32788: 0.99875
32789: 0.99875
32790: 0.99875
32791: 0.99875
32792: 0.99875
32793: 0.99875
32794: 0.99875
32795: 0.99875
32796: 0.99875
32797: 0.99875
32798: 0.99875
32799: 0.99875
32800: 0.99875
32801: 0.99875
32802: 0.99875
32803: 0.99875
32804: 0.99875
32805: 0.99875
32806: 0.99875
32807: 0.99875
32808: 0.99875
32809: 0.99875
32810: 0.99875
32811: 0.99875
32812: 0.99875
32813: 0.998751
32814: 0.998751
32815: 0.998751
32816: 0.998751
32817: 0.998751
32818: 0.998751
32819: 0.998751
32820: 0.998751
32821: 0.998751
32822: 0.998751
32823: 0.998751
32824: 0.998751
32825: 0.998751
32826: 0.998751
32827: 0.998751
32828: 0.998751
32829: 0.998751
32830: 0.998751
32831: 0.998751
32832: 0.998751
32833: 0.998751
32834: 0.998751
32835: 0.998751
32836: 0.998751
32837: 0.998751
32838: 0.998751
32839: 0.998752
32840: 0.998752
32841: 0.998752
32842: 0.998752
32843: 0.998752
32844: 0.998752
32845: 0.998752
32846: 0.998752
32847: 0.998752
32848: 0.998752
32849: 0.998752
32850: 0.998752
32851: 0.998752
32852: 0.998752
32853: 0.998752
32854: 0.998752
32855: 0.998752
32856: 0.998752
32857: 0.998752
32858: 0.998752
32859: 0.998752
32860: 0.998752
32861: 0.998752
32862: 0.998752
32863: 0.998752
32864: 0.998752
32865: 0.998753
32866: 0.998753
32867: 0.998753
32868: 0.998753
32869: 0.998753
32870: 0.998753
32871: 0.998753
32872: 0.998753
32873: 0.998753
32874: 0.998753
32875: 0.998753
32876: 0.998753
32877: 0.998753
32878: 0.998753
32879: 0.998753
32880: 0.998753
32881: 0.998753
32882: 0.998753
32883: 0.998753
32884: 0.998753
32885: 0.998753
32886: 0.998753
32887: 0.998753
32888: 0.998753
32889: 0.998753
32890: 0.998753
32891: 0.998753
32892: 0.998754
32893: 0.998754
32894: 0.998754
32895: 0.998754
32896: 0.998754
32897: 0.998754
32898: 0.998754
32899: 0.998754
32900: 0.998754
32901: 0.998754
32902: 0.998754
32903: 0.998754
32904: 0.998754
32905: 0.998754
32906: 0.998754
32907: 0.998754
32908: 0.998754
32909: 0.998754
32910: 0.998754
32911: 0.998754
32912: 0.998754
32913: 0.998754
32914: 0.998754
32915: 0.998754
32916: 0.998754
32917: 0.998754
32918: 0.998755
32919: 0.998755
32920: 0.998755
32921: 0.998755
32922: 0.998755
32923: 0.998755
32924: 0.998755
32925: 0.998755
32926: 0.998755
32927: 0.998755
32928: 0.998755
32929: 0.998755
32930: 0.998755
32931: 0.998755
32932: 0.998755
32933: 0.998755
32934: 0.998755
32935: 0.998755
32936: 0.998755
32937: 0.998755
32938: 0.998755
32939: 0.998755
32940: 0.998755
32941: 0.998755
32942: 0.998755
32943: 0.998755
32944: 0.998756
32945: 0.998756
32946: 0.998756
32947: 0.998756
32948: 0.998756
32949: 0.998756
32950: 0.998756
32951: 0.998756
32952: 0.998756
32953: 0.998756
32954: 0.998756
32955: 0.998756
32956: 0.998756
32957: 0.998756
32958: 0.998756
32959: 0.998756
32960: 0.998756
32961: 0.998756
32962: 0.998756
32963: 0.998756
32964: 0.998756
32965: 0.998756
32966: 0.998756
32967: 0.998756
32968: 0.998756
32969: 0.998756
32970: 0.998756
32971: 0.998757
32972: 0.998757
32973: 0.998757
32974: 0.998757
32975: 0.998757
32976: 0.998757
32977: 0.998757
32978: 0.998757
32979: 0.998757
32980: 0.998757
32981: 0.998757
32982: 0.998757
32983: 0.998757
32984: 0.998757
32985: 0.998757
32986: 0.998757
32987: 0.998757
32988: 0.998757
32989: 0.998757
32990: 0.998757
32991: 0.998757
32992: 0.998757
32993: 0.998757
32994: 0.998757
32995: 0.998757
32996: 0.998757
32997: 0.998758
32998: 0.998758
32999: 0.998758
33000: 0.998758
33001: 0.998758
33002: 0.998758
33003: 0.998758
33004: 0.998758
33005: 0.998758
33006: 0.998758
33007: 0.998758
33008: 0.998758
33009: 0.998758
33010: 0.998758
33011: 0.998758
33012: 0.998758
33013: 0.998758
33014: 0.998758
33015: 0.998758
33016: 0.998758
33017: 0.998758
33018: 0.998758
33019: 0.998758
33020: 0.998758
33021: 0.998758
33022: 0.998758
33023: 0.998758
33024: 0.998759
33025: 0.998759
33026: 0.998759
33027: 0.998759
33028: 0.998759
33029: 0.998759
33030: 0.998759
33031: 0.998759
33032: 0.998759
33033: 0.998759
33034: 0.998759
33035: 0.998759
33036: 0.998759
33037: 0.998759
33038: 0.998759
33039: 0.998759
33040: 0.998759
33041: 0.998759
33042: 0.998759
33043: 0.998759
33044: 0.998759
33045: 0.998759
33046: 0.998759
33047: 0.998759
33048: 0.998759
33049: 0.998759
33050: 0.998759
33051: 0.99876
33052: 0.99876
33053: 0.99876
33054: 0.99876
33055: 0.99876
33056: 0.99876
33057: 0.99876
33058: 0.99876
33059: 0.99876
33060: 0.99876
33061: 0.99876
33062: 0.99876
33063: 0.99876
33064: 0.99876
33065: 0.99876
33066: 0.99876
33067: 0.99876
33068: 0.99876
33069: 0.99876
33070: 0.99876
33071: 0.99876
33072: 0.99876
33073: 0.99876
33074: 0.99876
33075: 0.99876
33076: 0.99876
33077: 0.998761
33078: 0.998761
33079: 0.998761
33080: 0.998761
33081: 0.998761
33082: 0.998761
33083: 0.998761
33084: 0.998761
33085: 0.998761
33086: 0.998761
33087: 0.998761
33088: 0.998761
33089: 0.998761
33090: 0.998761
33091: 0.998761
33092: 0.998761
33093: 0.998761
33094: 0.998761
33095: 0.998761
33096: 0.998761
33097: 0.998761
33098: 0.998761
33099: 0.998761
33100: 0.998761
33101: 0.998761
33102: 0.998761
33103: 0.998761
33104: 0.998762
33105: 0.998762
33106: 0.998762
33107: 0.998762
33108: 0.998762
33109: 0.998762
33110: 0.998762
33111: 0.998762
33112: 0.998762
33113: 0.998762
33114: 0.998762
33115: 0.998762
33116: 0.998762
33117: 0.998762
33118: 0.998762
33119: 0.998762
33120: 0.998762
33121: 0.998762
33122: 0.998762
33123: 0.998762
33124: 0.998762
33125: 0.998762
33126: 0.998762
33127: 0.998762
33128: 0.998762
33129: 0.998762
33130: 0.998762
33131: 0.998763
33132: 0.998763
33133: 0.998763
33134: 0.998763
33135: 0.998763
33136: 0.998763
33137: 0.998763
33138: 0.998763
33139: 0.998763
33140: 0.998763
33141: 0.998763
33142: 0.998763
33143: 0.998763
33144: 0.998763
33145: 0.998763
33146: 0.998763
33147: 0.998763
33148: 0.998763
33149: 0.998763
33150: 0.998763
33151: 0.998763
33152: 0.998763
33153: 0.998763
33154: 0.998763
33155: 0.998763
33156: 0.998763
33157: 0.998763
33158: 0.998764
33159: 0.998764
33160: 0.998764
33161: 0.998764
33162: 0.998764
33163: 0.998764
33164: 0.998764
33165: 0.998764
33166: 0.998764
33167: 0.998764
33168: 0.998764
33169: 0.998764
33170: 0.998764
33171: 0.998764
33172: 0.998764
33173: 0.998764
33174: 0.998764
33175: 0.998764
33176: 0.998764
33177: 0.998764
33178: 0.998764
33179: 0.998764
33180: 0.998764
33181: 0.998764
33182: 0.998764
33183: 0.998764
33184: 0.998765
33185: 0.998765
33186: 0.998765
33187: 0.998765
33188: 0.998765
33189: 0.998765
33190: 0.998765
33191: 0.998765
33192: 0.998765
33193: 0.998765
33194: 0.998765
33195: 0.998765
33196: 0.998765
33197: 0.998765
33198: 0.998765
33199: 0.998765
33200: 0.998765
33201: 0.998765
33202: 0.998765
33203: 0.998765
33204: 0.998765
33205: 0.998765
33206: 0.998765
33207: 0.998765
33208: 0.998765
33209: 0.998765
33210: 0.998765
33211: 0.998766
33212: 0.998766
33213: 0.998766
33214: 0.998766
33215: 0.998766
33216: 0.998766
33217: 0.998766
33218: 0.998766
33219: 0.998766
33220: 0.998766
33221: 0.998766
33222: 0.998766
33223: 0.998766
33224: 0.998766
33225: 0.998766
33226: 0.998766
33227: 0.998766
33228: 0.998766
33229: 0.998766
33230: 0.998766
33231: 0.998766
33232: 0.998766
33233: 0.998766
33234: 0.998766
33235: 0.998766
33236: 0.998766
33237: 0.998766
33238: 0.998767
33239: 0.998767
33240: 0.998767
33241: 0.998767
33242: 0.998767
33243: 0.998767
33244: 0.998767
33245: 0.998767
33246: 0.998767
33247: 0.998767
33248: 0.998767
33249: 0.998767
33250: 0.998767
33251: 0.998767
33252: 0.998767
33253: 0.998767
33254: 0.998767
33255: 0.998767
33256: 0.998767
33257: 0.998767
33258: 0.998767
33259: 0.998767
33260: 0.998767
33261: 0.998767
33262: 0.998767
33263: 0.998767
33264: 0.998767
33265: 0.998768
33266: 0.998768
33267: 0.998768
33268: 0.998768
33269: 0.998768
33270: 0.998768
33271: 0.998768
33272: 0.998768
33273: 0.998768
33274: 0.998768
33275: 0.998768
33276: 0.998768
33277: 0.998768
33278: 0.998768
33279: 0.998768
33280: 0.998768
33281: 0.998768
33282: 0.998768
33283: 0.998768
33284: 0.998768
33285: 0.998768
33286: 0.998768
33287: 0.998768
33288: 0.998768
33289: 0.998768
33290: 0.998768
33291: 0.998768
33292: 0.998769
33293: 0.998769
33294: 0.998769
33295: 0.998769
33296: 0.998769
33297: 0.998769
33298: 0.998769
33299: 0.998769
33300: 0.998769
33301: 0.998769
33302: 0.998769
33303: 0.998769
33304: 0.998769
33305: 0.998769
33306: 0.998769
33307: 0.998769
33308: 0.998769
33309: 0.998769
33310: 0.998769
33311: 0.998769
33312: 0.998769
33313: 0.998769
33314: 0.998769
33315: 0.998769
33316: 0.998769
33317: 0.998769
33318: 0.998769
33319: 0.99877
33320: 0.99877
33321: 0.99877
33322: 0.99877
33323: 0.99877
33324: 0.99877
33325: 0.99877
33326: 0.99877
33327: 0.99877
33328: 0.99877
33329: 0.99877
33330: 0.99877
33331: 0.99877
33332: 0.99877
33333: 0.99877
33334: 0.99877
33335: 0.99877
33336: 0.99877
33337: 0.99877
33338: 0.99877
33339: 0.99877
33340: 0.99877
33341: 0.99877
33342: 0.99877
33343: 0.99877
33344: 0.99877
33345: 0.99877
33346: 0.998771
33347: 0.998771
33348: 0.998771
33349: 0.998771
33350: 0.998771
33351: 0.998771
33352: 0.998771
33353: 0.998771
33354: 0.998771
33355: 0.998771
33356: 0.998771
33357: 0.998771
33358: 0.998771
33359: 0.998771
33360: 0.998771
33361: 0.998771
33362: 0.998771
33363: 0.998771
33364: 0.998771
33365: 0.998771
33366: 0.998771
33367: 0.998771
33368: 0.998771
33369: 0.998771
33370: 0.998771
33371: 0.998771
33372: 0.998771
33373: 0.998771
33374: 0.998772
33375: 0.998772
33376: 0.998772
33377: 0.998772
33378: 0.998772
33379: 0.998772
33380: 0.998772
33381: 0.998772
33382: 0.998772
33383: 0.998772
33384: 0.998772
33385: 0.998772
33386: 0.998772
33387: 0.998772
33388: 0.998772
33389: 0.998772
33390: 0.998772
33391: 0.998772
33392: 0.998772
33393: 0.998772
33394: 0.998772
33395: 0.998772
33396: 0.998772
33397: 0.998772
33398: 0.998772
33399: 0.998772
33400: 0.998772
33401: 0.998773
33402: 0.998773
33403: 0.998773
33404: 0.998773
33405: 0.998773
33406: 0.998773
33407: 0.998773
33408: 0.998773
33409: 0.998773
33410: 0.998773
33411: 0.998773
33412: 0.998773
33413: 0.998773
33414: 0.998773
33415: 0.998773
33416: 0.998773
33417: 0.998773
33418: 0.998773
33419: 0.998773
33420: 0.998773
33421: 0.998773
33422: 0.998773
33423: 0.998773
33424: 0.998773
33425: 0.998773
33426: 0.998773
33427: 0.998773
33428: 0.998774
33429: 0.998774
33430: 0.998774
33431: 0.998774
33432: 0.998774
33433: 0.998774
33434: 0.998774
33435: 0.998774
33436: 0.998774
33437: 0.998774
33438: 0.998774
33439: 0.998774
33440: 0.998774
33441: 0.998774
33442: 0.998774
33443: 0.998774
33444: 0.998774
33445: 0.998774
33446: 0.998774
33447: 0.998774
33448: 0.998774
33449: 0.998774
33450: 0.998774
33451: 0.998774
33452: 0.998774
33453: 0.998774
33454: 0.998774
33455: 0.998775
33456: 0.998775
33457: 0.998775
33458: 0.998775
33459: 0.998775
33460: 0.998775
33461: 0.998775
33462: 0.998775
33463: 0.998775
33464: 0.998775
33465: 0.998775
33466: 0.998775
33467: 0.998775
33468: 0.998775
33469: 0.998775
33470: 0.998775
33471: 0.998775
33472: 0.998775
33473: 0.998775
33474: 0.998775
33475: 0.998775
33476: 0.998775
33477: 0.998775
33478: 0.998775
33479: 0.998775
33480: 0.998775
33481: 0.998775
33482: 0.998775
33483: 0.998776
33484: 0.998776
33485: 0.998776
33486: 0.998776
33487: 0.998776
33488: 0.998776
33489: 0.998776
33490: 0.998776
33491: 0.998776
33492: 0.998776
33493: 0.998776
33494: 0.998776
33495: 0.998776
33496: 0.998776
33497: 0.998776
33498: 0.998776
33499: 0.998776
33500: 0.998776
33501: 0.998776
33502: 0.998776
33503: 0.998776
33504: 0.998776
33505: 0.998776
33506: 0.998776
33507: 0.998776
33508: 0.998776
33509: 0.998776
33510: 0.998777
33511: 0.998777
33512: 0.998777
33513: 0.998777
33514: 0.998777
33515: 0.998777
33516: 0.998777
33517: 0.998777
33518: 0.998777
33519: 0.998777
33520: 0.998777
33521: 0.998777
33522: 0.998777
33523: 0.998777
33524: 0.998777
33525: 0.998777
33526: 0.998777
33527: 0.998777
33528: 0.998777
33529: 0.998777
33530: 0.998777
33531: 0.998777
33532: 0.998777
33533: 0.998777
33534: 0.998777
33535: 0.998777
33536: 0.998777
33537: 0.998778
33538: 0.998778
33539: 0.998778
33540: 0.998778
33541: 0.998778
33542: 0.998778
33543: 0.998778
33544: 0.998778
33545: 0.998778
33546: 0.998778
33547: 0.998778
33548: 0.998778
33549: 0.998778
33550: 0.998778
33551: 0.998778
33552: 0.998778
33553: 0.998778
33554: 0.998778
33555: 0.998778
33556: 0.998778
33557: 0.998778
33558: 0.998778
33559: 0.998778
33560: 0.998778
33561: 0.998778
33562: 0.998778
33563: 0.998778
33564: 0.998778
33565: 0.998779
33566: 0.998779
33567: 0.998779
33568: 0.998779
33569: 0.998779
33570: 0.998779
33571: 0.998779
33572: 0.998779
33573: 0.998779
33574: 0.998779
33575: 0.998779
33576: 0.998779
33577: 0.998779
33578: 0.998779
33579: 0.998779
33580: 0.998779
33581: 0.998779
33582: 0.998779
33583: 0.998779
33584: 0.998779
33585: 0.998779
33586: 0.998779
33587: 0.998779
33588: 0.998779
33589: 0.998779
33590: 0.998779
33591: 0.998779
33592: 0.99878
33593: 0.99878
33594: 0.99878
33595: 0.99878
33596: 0.99878
33597: 0.99878
33598: 0.99878
33599: 0.99878
33600: 0.99878
33601: 0.99878
33602: 0.99878
33603: 0.99878
33604: 0.99878
33605: 0.99878
33606: 0.99878
33607: 0.99878
33608: 0.99878
33609: 0.99878
33610: 0.99878
33611: 0.99878
33612: 0.99878
33613: 0.99878
33614: 0.99878
33615: 0.99878
33616: 0.99878
33617: 0.99878
33618: 0.99878
33619: 0.99878
33620: 0.998781
33621: 0.998781
33622: 0.998781
33623: 0.998781
33624: 0.998781
33625: 0.998781
33626: 0.998781
33627: 0.998781
33628: 0.998781
33629: 0.998781
33630: 0.998781
33631: 0.998781
33632: 0.998781
33633: 0.998781
33634: 0.998781
33635: 0.998781
33636: 0.998781
33637: 0.998781
33638: 0.998781
33639: 0.998781
33640: 0.998781
33641: 0.998781
33642: 0.998781
33643: 0.998781
33644: 0.998781
33645: 0.998781
33646: 0.998781
33647: 0.998782
33648: 0.998782
33649: 0.998782
33650: 0.998782
33651: 0.998782
33652: 0.998782
33653: 0.998782
33654: 0.998782
33655: 0.998782
33656: 0.998782
33657: 0.998782
33658: 0.998782
33659: 0.998782
33660: 0.998782
33661: 0.998782
33662: 0.998782
33663: 0.998782
33664: 0.998782
33665: 0.998782
33666: 0.998782
33667: 0.998782
33668: 0.998782
33669: 0.998782
33670: 0.998782
33671: 0.998782
33672: 0.998782
33673: 0.998782
33674: 0.998782
33675: 0.998783
33676: 0.998783
33677: 0.998783
33678: 0.998783
33679: 0.998783
33680: 0.998783
33681: 0.998783
33682: 0.998783
33683: 0.998783
33684: 0.998783
33685: 0.998783
33686: 0.998783
33687: 0.998783
33688: 0.998783
33689: 0.998783
33690: 0.998783
33691: 0.998783
33692: 0.998783
33693: 0.998783
33694: 0.998783
33695: 0.998783
33696: 0.998783
33697: 0.998783
33698: 0.998783
33699: 0.998783
33700: 0.998783
33701: 0.998783
33702: 0.998783
33703: 0.998784
33704: 0.998784
33705: 0.998784
33706: 0.998784
33707: 0.998784
33708: 0.998784
33709: 0.998784
33710: 0.998784
33711: 0.998784
33712: 0.998784
33713: 0.998784
33714: 0.998784
33715: 0.998784
33716: 0.998784
33717: 0.998784
33718: 0.998784
33719: 0.998784
33720: 0.998784
33721: 0.998784
33722: 0.998784
33723: 0.998784
33724: 0.998784
33725: 0.998784
33726: 0.998784
33727: 0.998784
33728: 0.998784
33729: 0.998784
33730: 0.998785
33731: 0.998785
33732: 0.998785
33733: 0.998785
33734: 0.998785
33735: 0.998785
33736: 0.998785
33737: 0.998785
33738: 0.998785
33739: 0.998785
33740: 0.998785
33741: 0.998785
33742: 0.998785
33743: 0.998785
33744: 0.998785
33745: 0.998785
33746: 0.998785
33747: 0.998785
33748: 0.998785
33749: 0.998785
33750: 0.998785
33751: 0.998785
33752: 0.998785
33753: 0.998785
33754: 0.998785
33755: 0.998785
33756: 0.998785
33757: 0.998785
33758: 0.998786
33759: 0.998786
33760: 0.998786
33761: 0.998786
33762: 0.998786
33763: 0.998786
33764: 0.998786
33765: 0.998786
33766: 0.998786
33767: 0.998786
33768: 0.998786
33769: 0.998786
33770: 0.998786
33771: 0.998786
33772: 0.998786
33773: 0.998786
33774: 0.998786
33775: 0.998786
33776: 0.998786
33777: 0.998786
33778: 0.998786
33779: 0.998786
33780: 0.998786
33781: 0.998786
33782: 0.998786
33783: 0.998786
33784: 0.998786
33785: 0.998786
33786: 0.998787
33787: 0.998787
33788: 0.998787
33789: 0.998787
33790: 0.998787
33791: 0.998787
33792: 0.998787
33793: 0.998787
33794: 0.998787
33795: 0.998787
33796: 0.998787
33797: 0.998787
33798: 0.998787
33799: 0.998787
33800: 0.998787
33801: 0.998787
33802: 0.998787
33803: 0.998787
33804: 0.998787
33805: 0.998787
33806: 0.998787
33807: 0.998787
33808: 0.998787
33809: 0.998787
33810: 0.998787
33811: 0.998787
33812: 0.998787
33813: 0.998787
33814: 0.998788
33815: 0.998788
33816: 0.998788
33817: 0.998788
33818: 0.998788
33819: 0.998788
33820: 0.998788
33821: 0.998788
33822: 0.998788
33823: 0.998788
33824: 0.998788
33825: 0.998788
33826: 0.998788
33827: 0.998788
33828: 0.998788
33829: 0.998788
33830: 0.998788
33831: 0.998788
33832: 0.998788
33833: 0.998788
33834: 0.998788
33835: 0.998788
33836: 0.998788
33837: 0.998788
33838: 0.998788
33839: 0.998788
33840: 0.998788
33841: 0.998788
33842: 0.998789
33843: 0.998789
33844: 0.998789
33845: 0.998789
33846: 0.998789
33847: 0.998789
33848: 0.998789
33849: 0.998789
33850: 0.998789
33851: 0.998789
33852: 0.998789
33853: 0.998789
33854: 0.998789
33855: 0.998789
33856: 0.998789
33857: 0.998789
33858: 0.998789
33859: 0.998789
33860: 0.998789
33861: 0.998789
33862: 0.998789
33863: 0.998789
33864: 0.998789
33865: 0.998789
33866: 0.998789
33867: 0.998789
33868: 0.998789
33869: 0.998789
33870: 0.99879
33871: 0.99879
33872: 0.99879
33873: 0.99879
33874: 0.99879
33875: 0.99879
33876: 0.99879
33877: 0.99879
33878: 0.99879
33879: 0.99879
33880: 0.99879
33881: 0.99879
33882: 0.99879
33883: 0.99879
33884: 0.99879
33885: 0.99879
33886: 0.99879
33887: 0.99879
33888: 0.99879
33889: 0.99879
33890: 0.99879
33891: 0.99879
33892: 0.99879
33893: 0.99879
33894: 0.99879
33895: 0.99879
33896: 0.99879
33897: 0.99879
33898: 0.998791
33899: 0.998791
33900: 0.998791
33901: 0.998791
33902: 0.998791
33903: 0.998791
33904: 0.998791
33905: 0.998791
33906: 0.998791
33907: 0.998791
33908: 0.998791
33909: 0.998791
33910: 0.998791
33911: 0.998791
33912: 0.998791
33913: 0.998791
33914: 0.998791
33915: 0.998791
33916: 0.998791
33917: 0.998791
33918: 0.998791
33919: 0.998791
33920: 0.998791
33921: 0.998791
33922: 0.998791
33923: 0.998791
33924: 0.998791
33925: 0.998791
33926: 0.998792
33927: 0.998792
33928: 0.998792
33929: 0.998792
33930: 0.998792
33931: 0.998792
33932: 0.998792
33933: 0.998792
33934: 0.998792
33935: 0.998792
33936: 0.998792
33937: 0.998792
33938: 0.998792
33939: 0.998792
33940: 0.998792
33941: 0.998792
33942: 0.998792
33943: 0.998792
33944: 0.998792
33945: 0.998792
33946: 0.998792
33947: 0.998792
33948: 0.998792
33949: 0.998792
33950: 0.998792
33951: 0.998792
33952: 0.998792
33953: 0.998792
33954: 0.998793
33955: 0.998793
33956: 0.998793
33957: 0.998793
33958: 0.998793
33959: 0.998793
33960: 0.998793
33961: 0.998793
33962: 0.998793
33963: 0.998793
33964: 0.998793
33965: 0.998793
33966: 0.998793
33967: 0.998793
33968: 0.998793
33969: 0.998793
33970: 0.998793
33971: 0.998793
33972: 0.998793
33973: 0.998793
33974: 0.998793
33975: 0.998793
33976: 0.998793
33977: 0.998793
33978: 0.998793
33979: 0.998793
33980: 0.998793
33981: 0.998793
33982: 0.998794
33983: 0.998794
33984: 0.998794
33985: 0.998794
33986: 0.998794
33987: 0.998794
33988: 0.998794
33989: 0.998794
33990: 0.998794
33991: 0.998794
33992: 0.998794
33993: 0.998794
33994: 0.998794
33995: 0.998794
33996: 0.998794
33997: 0.998794
33998: 0.998794
33999: 0.998794
34000: 0.998794
34001: 0.998794
34002: 0.998794
34003: 0.998794
34004: 0.998794
34005: 0.998794
34006: 0.998794
34007: 0.998794
34008: 0.998794
34009: 0.998794
34010: 0.998795
34011: 0.998795
34012: 0.998795
34013: 0.998795
34014: 0.998795
34015: 0.998795
34016: 0.998795
34017: 0.998795
34018: 0.998795
34019: 0.998795
34020: 0.998795
34021: 0.998795
34022: 0.998795
34023: 0.998795
34024: 0.998795
34025: 0.998795
34026: 0.998795
34027: 0.998795
34028: 0.998795
34029: 0.998795
34030: 0.998795
34031: 0.998795
34032: 0.998795
34033: 0.998795
34034: 0.998795
34035: 0.998795
34036: 0.998795
34037: 0.998795
34038: 0.998795
34039: 0.998796
34040: 0.998796
34041: 0.998796
34042: 0.998796
34043: 0.998796
34044: 0.998796
34045: 0.998796
34046: 0.998796
34047: 0.998796
34048: 0.998796
34049: 0.998796
34050: 0.998796
34051: 0.998796
34052: 0.998796
34053: 0.998796
34054: 0.998796
34055: 0.998796
34056: 0.998796
34057: 0.998796
34058: 0.998796
34059: 0.998796
34060: 0.998796
34061: 0.998796
34062: 0.998796
34063: 0.998796
34064: 0.998796
34065: 0.998796
34066: 0.998796
34067: 0.998797
34068: 0.998797
34069: 0.998797
34070: 0.998797
34071: 0.998797
34072: 0.998797
34073: 0.998797
34074: 0.998797
34075: 0.998797
34076: 0.998797
34077: 0.998797
34078: 0.998797
34079: 0.998797
34080: 0.998797
34081: 0.998797
34082: 0.998797
34083: 0.998797
34084: 0.998797
34085: 0.998797
34086: 0.998797
34087: 0.998797
34088: 0.998797
34089: 0.998797
34090: 0.998797
34091: 0.998797
34092: 0.998797
34093: 0.998797
34094: 0.998797
34095: 0.998798
34096: 0.998798
34097: 0.998798
34098: 0.998798
34099: 0.998798
34100: 0.998798
34101: 0.998798
34102: 0.998798
34103: 0.998798
34104: 0.998798
34105: 0.998798
34106: 0.998798
34107: 0.998798
34108: 0.998798
34109: 0.998798
34110: 0.998798
34111: 0.998798
34112: 0.998798
34113: 0.998798
34114: 0.998798
34115: 0.998798
34116: 0.998798
34117: 0.998798
34118: 0.998798
34119: 0.998798
34120: 0.998798
34121: 0.998798
34122: 0.998798
34123: 0.998798
34124: 0.998799
34125: 0.998799
34126: 0.998799
34127: 0.998799
34128: 0.998799
34129: 0.998799
34130: 0.998799
34131: 0.998799
34132: 0.998799
34133: 0.998799
34134: 0.998799
34135: 0.998799
34136: 0.998799
34137: 0.998799
34138: 0.998799
34139: 0.998799
34140: 0.998799
34141: 0.998799
34142: 0.998799
34143: 0.998799
34144: 0.998799
34145: 0.998799
34146: 0.998799
34147: 0.998799
34148: 0.998799
34149: 0.998799
34150: 0.998799
34151: 0.998799
34152: 0.9988
34153: 0.9988
34154: 0.9988
34155: 0.9988
34156: 0.9988
34157: 0.9988
34158: 0.9988
34159: 0.9988
34160: 0.9988
34161: 0.9988
34162: 0.9988
34163: 0.9988
34164: 0.9988
34165: 0.9988
34166: 0.9988
34167: 0.9988
34168: 0.9988
34169: 0.9988
34170: 0.9988
34171: 0.9988
34172: 0.9988
34173: 0.9988
34174: 0.9988
34175: 0.9988
34176: 0.9988
34177: 0.9988
34178: 0.9988
34179: 0.9988
34180: 0.998801
34181: 0.998801
34182: 0.998801
34183: 0.998801
34184: 0.998801
34185: 0.998801
34186: 0.998801
34187: 0.998801
34188: 0.998801
34189: 0.998801
34190: 0.998801
34191: 0.998801
34192: 0.998801
34193: 0.998801
34194: 0.998801
34195: 0.998801
34196: 0.998801
34197: 0.998801
34198: 0.998801
34199: 0.998801
34200: 0.998801
34201: 0.998801
34202: 0.998801
34203: 0.998801
34204: 0.998801
34205: 0.998801
34206: 0.998801
34207: 0.998801
34208: 0.998801
34209: 0.998802
34210: 0.998802
34211: 0.998802
34212: 0.998802
34213: 0.998802
34214: 0.998802
34215: 0.998802
34216: 0.998802
34217: 0.998802
34218: 0.998802
34219: 0.998802
34220: 0.998802
34221: 0.998802
34222: 0.998802
34223: 0.998802
34224: 0.998802
34225: 0.998802
34226: 0.998802
34227: 0.998802
34228: 0.998802
34229: 0.998802
34230: 0.998802
34231: 0.998802
34232: 0.998802
34233: 0.998802
34234: 0.998802
34235: 0.998802
34236: 0.998802
34237: 0.998803
34238: 0.998803
34239: 0.998803
34240: 0.998803
34241: 0.998803
34242: 0.998803
34243: 0.998803
34244: 0.998803
34245: 0.998803
34246: 0.998803
34247: 0.998803
34248: 0.998803
34249: 0.998803
34250: 0.998803
34251: 0.998803
34252: 0.998803
34253: 0.998803
34254: 0.998803
34255: 0.998803
34256: 0.998803
34257: 0.998803
34258: 0.998803
34259: 0.998803
34260: 0.998803
34261: 0.998803
34262: 0.998803
34263: 0.998803
34264: 0.998803
34265: 0.998803
34266: 0.998804
34267: 0.998804
34268: 0.998804
34269: 0.998804
34270: 0.998804
34271: 0.998804
34272: 0.998804
34273: 0.998804
34274: 0.998804
34275: 0.998804
34276: 0.998804
34277: 0.998804
34278: 0.998804
34279: 0.998804
34280: 0.998804
34281: 0.998804
34282: 0.998804
34283: 0.998804
34284: 0.998804
34285: 0.998804
34286: 0.998804
34287: 0.998804
34288: 0.998804
34289: 0.998804
34290: 0.998804
34291: 0.998804
34292: 0.998804
34293: 0.998804
34294: 0.998804
34295: 0.998805
34296: 0.998805
34297: 0.998805
34298: 0.998805
34299: 0.998805
34300: 0.998805
34301: 0.998805
34302: 0.998805
34303: 0.998805
34304: 0.998805
34305: 0.998805
34306: 0.998805
34307: 0.998805
34308: 0.998805
34309: 0.998805
34310: 0.998805
34311: 0.998805
34312: 0.998805
34313: 0.998805
34314: 0.998805
34315: 0.998805
34316: 0.998805
34317: 0.998805
34318: 0.998805
34319: 0.998805
34320: 0.998805
34321: 0.998805
34322: 0.998805
34323: 0.998806
34324: 0.998806
34325: 0.998806
34326: 0.998806
34327: 0.998806
34328: 0.998806
34329: 0.998806
34330: 0.998806
34331: 0.998806
34332: 0.998806
34333: 0.998806
34334: 0.998806
34335: 0.998806
34336: 0.998806
34337: 0.998806
34338: 0.998806
34339: 0.998806
34340: 0.998806
34341: 0.998806
34342: 0.998806
34343: 0.998806
34344: 0.998806
34345: 0.998806
34346: 0.998806
34347: 0.998806
34348: 0.998806
34349: 0.998806
34350: 0.998806
34351: 0.998806
34352: 0.998807
34353: 0.998807
34354: 0.998807
34355: 0.998807
34356: 0.998807
34357: 0.998807
34358: 0.998807
34359: 0.998807
34360: 0.998807
34361: 0.998807
34362: 0.998807
34363: 0.998807
34364: 0.998807
34365: 0.998807
34366: 0.998807
34367: 0.998807
34368: 0.998807
34369: 0.998807
34370: 0.998807
34371: 0.998807
34372: 0.998807
34373: 0.998807
34374: 0.998807
34375: 0.998807
34376: 0.998807
34377: 0.998807
34378: 0.998807
34379: 0.998807
34380: 0.998807
34381: 0.998808
34382: 0.998808
34383: 0.998808
34384: 0.998808
34385: 0.998808
34386: 0.998808
34387: 0.998808
34388: 0.998808
34389: 0.998808
34390: 0.998808
34391: 0.998808
34392: 0.998808
34393: 0.998808
34394: 0.998808
34395: 0.998808
34396: 0.998808
34397: 0.998808
34398: 0.998808
34399: 0.998808
34400: 0.998808
34401: 0.998808
34402: 0.998808
34403: 0.998808
34404: 0.998808
34405: 0.998808
34406: 0.998808
34407: 0.998808
34408: 0.998808
34409: 0.998808
34410: 0.998809
34411: 0.998809
34412: 0.998809
34413: 0.998809
34414: 0.998809
34415: 0.998809
34416: 0.998809
34417: 0.998809
34418: 0.998809
34419: 0.998809
34420: 0.998809
34421: 0.99878
34422: 0.998751
34423: 0.998722
34424: 0.998722
34425: 0.998722
34426: 0.998722
34427: 0.998722
34428: 0.998722
34429: 0.998722
34430: 0.998722
34431: 0.998722
34432: 0.998722
34433: 0.998722
34434: 0.998722
34435: 0.998722
34436: 0.998722
34437: 0.998722
34438: 0.998722
34439: 0.998722
34440: 0.998722
34441: 0.998722
34442: 0.998723
34443: 0.998723
34444: 0.998723
34445: 0.998723
34446: 0.998723
34447: 0.998723
34448: 0.998723
34449: 0.998723
34450: 0.998723
34451: 0.998723
34452: 0.998723
34453: 0.998723
34454: 0.998723
34455: 0.998723
34456: 0.998723
34457: 0.998723
34458: 0.998723
34459: 0.998723
34460: 0.998723
34461: 0.998723
34462: 0.998723
34463: 0.998723
34464: 0.998723
34465: 0.998723
34466: 0.998723
34467: 0.998723
34468: 0.998723
34469: 0.998724
34470: 0.998724
34471: 0.998724
34472: 0.998724
34473: 0.998724
34474: 0.998724
34475: 0.998724
34476: 0.998724
34477: 0.998724
34478: 0.998724
34479: 0.998724
34480: 0.998724
34481: 0.998724
34482: 0.998724
34483: 0.998724
34484: 0.998724
34485: 0.998724
34486: 0.998724
34487: 0.998724
34488: 0.998724
34489: 0.998724
34490: 0.998724
34491: 0.998724
34492: 0.998724
34493: 0.998724
34494: 0.998724
34495: 0.998724
34496: 0.998725
34497: 0.998725
34498: 0.998725
34499: 0.998725
34500: 0.998725
34501: 0.998725
34502: 0.998725
34503: 0.998725
34504: 0.998725
34505: 0.998725
34506: 0.998725
34507: 0.998725
34508: 0.998725
34509: 0.998725
34510: 0.998725
34511: 0.998725
34512: 0.998725
34513: 0.998725
34514: 0.998725
34515: 0.998725
34516: 0.998725
34517: 0.998725
34518: 0.998725
34519: 0.998725
34520: 0.998725
34521: 0.998725
34522: 0.998725
34523: 0.998726
34524: 0.998726
34525: 0.998726
34526: 0.998726
34527: 0.998726
34528: 0.998726
34529: 0.998726
34530: 0.998726
34531: 0.998726
34532: 0.998726
34533: 0.998726
34534: 0.998726
34535: 0.998726
34536: 0.998726
34537: 0.998726
34538: 0.998726
34539: 0.998726
34540: 0.998726
34541: 0.998726
34542: 0.998726
34543: 0.998726
34544: 0.998726
34545: 0.998726
34546: 0.998726
34547: 0.998726
34548: 0.998726
34549: 0.998726
34550: 0.998727
34551: 0.998727
34552: 0.998727
34553: 0.998727
34554: 0.998727
34555: 0.998727
34556: 0.998727
34557: 0.998727
34558: 0.998727
34559: 0.998727
34560: 0.998727
34561: 0.998727
34562: 0.998727
34563: 0.998727
34564: 0.998727
34565: 0.998727
34566: 0.998727
34567: 0.998727
34568: 0.998727
34569: 0.998727
34570: 0.998727
34571: 0.998727
34572: 0.998727
34573: 0.998727
34574: 0.998727
34575: 0.998727
34576: 0.998727
34577: 0.998728
34578: 0.998728
34579: 0.998728
34580: 0.998728
34581: 0.998728
34582: 0.998728
34583: 0.998728
34584: 0.998728
34585: 0.998728
34586: 0.998728
34587: 0.998728
34588: 0.998728
34589: 0.998728
34590: 0.998728
34591: 0.998728
34592: 0.998728
34593: 0.998728
34594: 0.998728
34595: 0.998728
34596: 0.998728
34597: 0.998728
34598: 0.998728
34599: 0.998728
34600: 0.998728
34601: 0.998728
34602: 0.998728
34603: 0.998728
34604: 0.998729
34605: 0.998729
34606: 0.998729
34607: 0.998729
34608: 0.998729
34609: 0.998729
34610: 0.998729
34611: 0.998729
34612: 0.998729
34613: 0.998729
34614: 0.998729
34615: 0.998729
34616: 0.998729
34617: 0.998729
34618: 0.998729
34619: 0.998729
34620: 0.998729
34621: 0.998729
34622: 0.998729
34623: 0.998729
34624: 0.998729
34625: 0.998729
34626: 0.998729
34627: 0.998729
34628: 0.998729
34629: 0.998729
34630: 0.998729
34631: 0.998729
34632: 0.99873
34633: 0.99873
34634: 0.99873
34635: 0.99873
34636: 0.99873
34637: 0.99873
34638: 0.99873
34639: 0.99873
34640: 0.99873
34641: 0.99873
34642: 0.99873
34643: 0.99873
34644: 0.99873
34645: 0.99873
34646: 0.99873
34647: 0.99873
34648: 0.99873
34649: 0.99873
34650: 0.99873
34651: 0.99873
34652: 0.99873
34653: 0.99873
34654: 0.99873
34655: 0.99873
34656: 0.99873
34657: 0.99873
34658: 0.99873
34659: 0.998731
34660: 0.998731
34661: 0.998731
34662: 0.998731
34663: 0.998731
34664: 0.998731
34665: 0.998731
34666: 0.998731
34667: 0.998731
34668: 0.998731
34669: 0.998731
34670: 0.998731
34671: 0.998731
34672: 0.998731
34673: 0.998731
34674: 0.998731
34675: 0.998731
34676: 0.998731
34677: 0.998731
34678: 0.998731
34679: 0.998731
34680: 0.998731
34681: 0.998731
34682: 0.998731
34683: 0.998731
34684: 0.998731
34685: 0.998731
34686: 0.998732
34687: 0.998732
34688: 0.998732
34689: 0.998732
34690: 0.998732
34691: 0.998732
34692: 0.998732
34693: 0.998732
34694: 0.998732
34695: 0.998732
34696: 0.998732
34697: 0.998732
34698: 0.998732
34699: 0.998732
34700: 0.998732
34701: 0.998732
34702: 0.998732
34703: 0.998732
34704: 0.998732
34705: 0.998732
34706: 0.998732
34707: 0.998732
34708: 0.998732
34709: 0.998732
34710: 0.998732
34711: 0.998732
34712: 0.998732
34713: 0.998732
34714: 0.998733
34715: 0.998733
34716: 0.998733
34717: 0.998733
34718: 0.998733
34719: 0.998733
34720: 0.998733
34721: 0.998733
34722: 0.998733
34723: 0.998733
34724: 0.998733
34725: 0.998733
34726: 0.998733
34727: 0.998733
34728: 0.998733
34729: 0.998733
34730: 0.998733
34731: 0.998733
34732: 0.998733
34733: 0.998733
34734: 0.998733
34735: 0.998733
34736: 0.998733
34737: 0.998733
34738: 0.998733
34739: 0.998733
34740: 0.998733
34741: 0.998734
34742: 0.998734
34743: 0.998734
34744: 0.998734
34745: 0.998734
34746: 0.998734
34747: 0.998734
34748: 0.998734
34749: 0.998734
34750: 0.998734
34751: 0.998734
34752: 0.998734
34753: 0.998734
34754: 0.998734
34755: 0.998734
34756: 0.998734
34757: 0.998734
34758: 0.998734
34759: 0.998734
34760: 0.998734
34761: 0.998734
34762: 0.998734
34763: 0.998734
34764: 0.998734
34765: 0.998734
34766: 0.998734
34767: 0.998734
34768: 0.998735
34769: 0.998735
34770: 0.998735
34771: 0.998735
34772: 0.998735
34773: 0.998735
34774: 0.998735
34775: 0.998735
34776: 0.998735
34777: 0.998735
34778: 0.998735
34779: 0.998735
34780: 0.998735
34781: 0.998735
34782: 0.998735
34783: 0.998735
34784: 0.998735
34785: 0.998735
34786: 0.998735
34787: 0.998735
34788: 0.998735
34789: 0.998735
34790: 0.998735
34791: 0.998735
34792: 0.998735
34793: 0.998735
34794: 0.998735
34795: 0.998735
34796: 0.998736
34797: 0.998736
34798: 0.998736
34799: 0.998736
34800: 0.998736
34801: 0.998736
34802: 0.998736
34803: 0.998736
34804: 0.998736
34805: 0.998736
34806: 0.998736
34807: 0.998736
34808: 0.998736
34809: 0.998736
34810: 0.998736
34811: 0.998736
34812: 0.998736
34813: 0.998736
34814: 0.998736
34815: 0.998736
34816: 0.998736
34817: 0.998736
34818: 0.998736
34819: 0.998736
34820: 0.998736
34821: 0.998736
34822: 0.998736
34823: 0.998737
34824: 0.998737
34825: 0.998737
34826: 0.998737
34827: 0.998737
34828: 0.998737
34829: 0.998737
34830: 0.998737
34831: 0.998737
34832: 0.998737
34833: 0.998737
34834: 0.998737
34835: 0.998737
34836: 0.998737
34837: 0.998737
34838: 0.998737
34839: 0.998737
34840: 0.998737
34841: 0.998737
34842: 0.998737
34843: 0.998737
34844: 0.998737
34845: 0.998737
34846: 0.998737
34847: 0.998737
34848: 0.998737
34849: 0.998737
34850: 0.998737
34851: 0.998738
34852: 0.998738
34853: 0.998738
34854: 0.998738
34855: 0.998738
34856: 0.998738
34857: 0.998738
34858: 0.998738
34859: 0.998738
34860: 0.998738
34861: 0.998738
34862: 0.998738
34863: 0.998738
34864: 0.998738
34865: 0.998738
34866: 0.998738
34867: 0.998738
34868: 0.998738
34869: 0.998738
34870: 0.998738
34871: 0.998738
34872: 0.998738
34873: 0.998738
34874: 0.998738
34875: 0.998738
34876: 0.998738
34877: 0.998738
34878: 0.998738
34879: 0.998739
34880: 0.998739
34881: 0.998739
34882: 0.998739
34883: 0.998739
34884: 0.998739
34885: 0.998739
34886: 0.998739
34887: 0.998739
34888: 0.998739
34889: 0.998739
34890: 0.998739
34891: 0.998739
34892: 0.998739
34893: 0.998739
34894: 0.998739
34895: 0.998739
34896: 0.998739
34897: 0.998739
34898: 0.998739
34899: 0.998739
34900: 0.998739
34901: 0.998739
34902: 0.998739
34903: 0.998739
34904: 0.998739
34905: 0.998739
34906: 0.99874
34907: 0.99874
34908: 0.99874
34909: 0.99874
34910: 0.99874
34911: 0.99874
34912: 0.99874
34913: 0.99874
34914: 0.99874
34915: 0.99874
34916: 0.99874
34917: 0.99874
34918: 0.99874
34919: 0.99874
34920: 0.99874
34921: 0.99874
34922: 0.99874
34923: 0.99874
34924: 0.99874
34925: 0.99874
34926: 0.99874
34927: 0.99874
34928: 0.99874
34929: 0.99874
34930: 0.99874
34931: 0.99874
34932: 0.99874
34933: 0.99874
34934: 0.998741
34935: 0.998741
34936: 0.998741
34937: 0.998741
34938: 0.998741
34939: 0.998741
34940: 0.998741
34941: 0.998741
34942: 0.998741
34943: 0.998741
34944: 0.998741
34945: 0.998741
34946: 0.998741
34947: 0.998741
34948: 0.998741
34949: 0.998741
34950: 0.998741
34951: 0.998741
34952: 0.998741
34953: 0.998741
34954: 0.998741
34955: 0.998741
34956: 0.998741
34957: 0.998741
34958: 0.998741
34959: 0.998741
34960: 0.998741
34961: 0.998741
34962: 0.998742
34963: 0.998742
34964: 0.998742
34965: 0.998742
34966: 0.998742
34967: 0.998742
34968: 0.998742
34969: 0.998742
34970: 0.998742
34971: 0.998742
34972: 0.998742
34973: 0.998742
34974: 0.998742
34975: 0.998742
34976: 0.998742
34977: 0.998742
34978: 0.998742
34979: 0.998742
34980: 0.998742
34981: 0.998742
34982: 0.998742
34983: 0.998742
34984: 0.998742
34985: 0.998742
34986: 0.998742
34987: 0.998742
34988: 0.998742
34989: 0.998742
34990: 0.998743
34991: 0.998743
34992: 0.998743
34993: 0.998743
34994: 0.998743
34995: 0.998743
34996: 0.998743
34997: 0.998743
34998: 0.998743
34999: 0.998743
35000: 0.998743
35001: 0.998743
35002: 0.998743
35003: 0.998743
35004: 0.998743
35005: 0.998743
35006: 0.998743
35007: 0.998743
35008: 0.998743
35009: 0.998743
35010: 0.998743
35011: 0.998743
35012: 0.998743
35013: 0.998743
35014: 0.998743
35015: 0.998743
35016: 0.998743
35017: 0.998744
35018: 0.998744
35019: 0.998744
35020: 0.998744
35021: 0.998744
35022: 0.998744
35023: 0.998744
35024: 0.998744
35025: 0.998744
35026: 0.998744
35027: 0.998744
35028: 0.998744
35029: 0.998744
35030: 0.998744
35031: 0.998744
35032: 0.998744
35033: 0.998744
35034: 0.998744
35035: 0.998744
35036: 0.998744
35037: 0.998744
35038: 0.998744
35039: 0.998744
35040: 0.998744
35041: 0.998744
35042: 0.998744
35043: 0.998744
35044: 0.998744
35045: 0.998745
35046: 0.998745
35047: 0.998745
35048: 0.998745
35049: 0.998745
35050: 0.998745
35051: 0.998745
35052: 0.998745
35053: 0.998745
35054: 0.998745
35055: 0.998745
35056: 0.998745
35057: 0.998745
35058: 0.998745
35059: 0.998745
35060: 0.998745
35061: 0.998745
35062: 0.998745
35063: 0.998745
35064: 0.998745
35065: 0.998745
35066: 0.998745
35067: 0.998745
35068: 0.998745
35069: 0.998745
35070: 0.998745
35071: 0.998745
35072: 0.998745
35073: 0.998746
35074: 0.998746
35075: 0.998746
35076: 0.998746
35077: 0.998746
35078: 0.998746
35079: 0.998746
35080: 0.998746
35081: 0.998746
35082: 0.998746
35083: 0.998746
35084: 0.998746
35085: 0.998746
35086: 0.998746
35087: 0.998746
35088: 0.998746
35089: 0.998746
35090: 0.998746
35091: 0.998746
35092: 0.998746
35093: 0.998746
35094: 0.998746
35095: 0.998746
35096: 0.998746
35097: 0.998746
35098: 0.998746
35099: 0.998746
35100: 0.998746
35101: 0.998747
35102: 0.998747
35103: 0.998747
35104: 0.998747
35105: 0.998747
35106: 0.998747
35107: 0.998747
35108: 0.998747
35109: 0.998747
35110: 0.998747
35111: 0.998747
35112: 0.998747
35113: 0.998747
35114: 0.998747
35115: 0.998747
35116: 0.998747
35117: 0.998747
35118: 0.998747
35119: 0.998747
35120: 0.998747
35121: 0.998747
35122: 0.998747
35123: 0.998747
35124: 0.998747
35125: 0.998747
35126: 0.998747
35127: 0.998747
35128: 0.998747
35129: 0.998748
35130: 0.998748
35131: 0.998748
35132: 0.998748
35133: 0.998748
35134: 0.998748
35135: 0.998748
35136: 0.998748
35137: 0.998748
35138: 0.998748
35139: 0.998748
35140: 0.998748
35141: 0.998748
35142: 0.998748
35143: 0.998748
35144: 0.998748
35145: 0.998748
35146: 0.998748
35147: 0.998748
35148: 0.998748
35149: 0.998748
35150: 0.998748
35151: 0.998748
35152: 0.998748
35153: 0.998748
35154: 0.998748
35155: 0.998748
35156: 0.998748
35157: 0.998749
35158: 0.998749
35159: 0.998749
35160: 0.998749
35161: 0.998749
35162: 0.998749
35163: 0.998749
35164: 0.998749
35165: 0.998749
35166: 0.998749
35167: 0.998749
35168: 0.998749
35169: 0.998749
35170: 0.998749
35171: 0.998749
35172: 0.998749
35173: 0.998749
35174: 0.998749
35175: 0.998749
35176: 0.998749
35177: 0.998749
35178: 0.998749
35179: 0.998749
35180: 0.998749
35181: 0.998749
35182: 0.998749
35183: 0.998749
35184: 0.998749
35185: 0.99875
35186: 0.99875
35187: 0.99875
35188: 0.99875
35189: 0.99875
35190: 0.99875
35191: 0.99875
35192: 0.99875
35193: 0.99875
35194: 0.99875
35195: 0.99875
35196: 0.99875
35197: 0.99875
35198: 0.99875
35199: 0.99875
35200: 0.99875
35201: 0.99875
35202: 0.99875
35203: 0.99875
35204: 0.99875
35205: 0.99875
35206: 0.99875
35207: 0.99875
35208: 0.99875
35209: 0.99875
35210: 0.99875
35211: 0.99875
35212: 0.99875
35213: 0.99875
35214: 0.998751
35215: 0.998751
35216: 0.998751
35217: 0.998751
35218: 0.998751
35219: 0.998751
35220: 0.998751
35221: 0.998751
35222: 0.998751
35223: 0.998751
35224: 0.998751
35225: 0.998751
35226: 0.998751
35227: 0.998751
35228: 0.998751
35229: 0.998751
35230: 0.998751
35231: 0.998751
35232: 0.998751
35233: 0.998751
35234: 0.998751
35235: 0.998751
35236: 0.998751
35237: 0.998751
35238: 0.998751
35239: 0.998751
35240: 0.998751
35241: 0.998751
35242: 0.998752
35243: 0.998752
35244: 0.998752
35245: 0.998752
35246: 0.998752
35247: 0.998752
35248: 0.998752
35249: 0.998752
35250: 0.998752
35251: 0.998752
35252: 0.998752
35253: 0.998752
35254: 0.998752
35255: 0.998752
35256: 0.998752
35257: 0.998752
35258: 0.998752
35259: 0.998752
35260: 0.998752
35261: 0.998752
35262: 0.998752
35263: 0.998752
35264: 0.998752
35265: 0.998752
35266: 0.998752
35267: 0.998752
35268: 0.998752
35269: 0.998752
35270: 0.998753
35271: 0.998753
35272: 0.998753
35273: 0.998753
35274: 0.998753
35275: 0.998753
35276: 0.998753
35277: 0.998753
35278: 0.998753
35279: 0.998753
35280: 0.998753
35281: 0.998753
35282: 0.998753
35283: 0.998753
35284: 0.998753
35285: 0.998753
35286: 0.998753
35287: 0.998753
35288: 0.998753
35289: 0.998753
35290: 0.998753
35291: 0.998753
35292: 0.998753
35293: 0.998753
35294: 0.998753
35295: 0.998753
35296: 0.998753
35297: 0.998753
35298: 0.998754
35299: 0.998754
35300: 0.998754
35301: 0.998754
35302: 0.998754
35303: 0.998754
35304: 0.998754
35305: 0.998754
35306: 0.998754
35307: 0.998754
35308: 0.998754
35309: 0.998754
35310: 0.998754
35311: 0.998754
35312: 0.998754
35313: 0.998754
35314: 0.998754
35315: 0.998754
35316: 0.998754
35317: 0.998754
35318: 0.998754
35319: 0.998754
35320: 0.998754
35321: 0.998754
35322: 0.998754
35323: 0.998754
35324: 0.998754
35325: 0.998754
35326: 0.998754
35327: 0.998755
35328: 0.998755
35329: 0.998755
35330: 0.998755
35331: 0.998755
35332: 0.998755
35333: 0.998755
35334: 0.998755
35335: 0.998755
35336: 0.998755
35337: 0.998755
35338: 0.998755
35339: 0.998755
35340: 0.998755
35341: 0.998755
35342: 0.998755
35343: 0.998755
35344: 0.998755
35345: 0.998755
35346: 0.998755
35347: 0.998755
35348: 0.998755
35349: 0.998755
35350: 0.998755
35351: 0.998755
35352: 0.998755
35353: 0.998755
35354: 0.998755
35355: 0.998756
35356: 0.998756
35357: 0.998756
35358: 0.998756
35359: 0.998756
35360: 0.998756
35361: 0.998756
35362: 0.998756
35363: 0.998756
35364: 0.998756
35365: 0.998756
35366: 0.998756
35367: 0.998756
35368: 0.998756
35369: 0.998756
35370: 0.998756
35371: 0.998756
35372: 0.998756
35373: 0.998756
35374: 0.998756
35375: 0.998756
35376: 0.998756
35377: 0.998756
35378: 0.998756
35379: 0.998756
35380: 0.998756
35381: 0.998756
35382: 0.998756
35383: 0.998757
35384: 0.998757
35385: 0.998757
35386: 0.998757
35387: 0.998757
35388: 0.998757
35389: 0.998757
35390: 0.998757
35391: 0.998757
35392: 0.998757
35393: 0.998757
35394: 0.998757
35395: 0.998757
35396: 0.998757
35397: 0.998757
35398: 0.998757
35399: 0.998757
35400: 0.998757
35401: 0.998757
35402: 0.998757
35403: 0.998757
35404: 0.998757
35405: 0.998757
35406: 0.998757
35407: 0.998757
35408: 0.998757
35409: 0.998757
35410: 0.998757
35411: 0.998757
35412: 0.998758
35413: 0.998758
35414: 0.998758
35415: 0.998758
35416: 0.998758
35417: 0.998758
35418: 0.998758
35419: 0.998758
35420: 0.998758
35421: 0.998758
35422: 0.998758
35423: 0.998758
35424: 0.998758
35425: 0.998758
35426: 0.998758
35427: 0.998758
35428: 0.998758
35429: 0.998758
35430: 0.998758
35431: 0.998758
35432: 0.998758
35433: 0.998758
35434: 0.998758
35435: 0.998758
35436: 0.998758
35437: 0.998758
35438: 0.998758
35439: 0.998758
35440: 0.998759
35441: 0.998759
35442: 0.998759
35443: 0.998759
35444: 0.998759
35445: 0.998759
35446: 0.998759
35447: 0.998759
35448: 0.998759
35449: 0.998759
35450: 0.998759
35451: 0.998759
35452: 0.998759
35453: 0.998759
35454: 0.998759
35455: 0.998759
35456: 0.998759
35457: 0.998759
35458: 0.998759
35459: 0.998759
35460: 0.998759
35461: 0.998759
35462: 0.998759
35463: 0.998759
35464: 0.998759
35465: 0.998759
35466: 0.998759
35467: 0.998759
35468: 0.998759
35469: 0.99876
35470: 0.99876
35471: 0.99876
35472: 0.99876
35473: 0.99876
35474: 0.99876
35475: 0.99876
35476: 0.99876
35477: 0.99876
35478: 0.99876
35479: 0.99876
35480: 0.99876
35481: 0.99876
35482: 0.99876
35483: 0.99876
35484: 0.99876
35485: 0.99876
35486: 0.99876
35487: 0.99876
35488: 0.99876
35489: 0.99876
35490: 0.99876
35491: 0.99876
35492: 0.99876
35493: 0.99876
35494: 0.99876
35495: 0.99876
35496: 0.99876
35497: 0.99876
35498: 0.998761
35499: 0.998761
35500: 0.998761
35501: 0.998761
35502: 0.998761
35503: 0.998761
35504: 0.998761
35505: 0.998761
35506: 0.998761
35507: 0.998761
35508: 0.998761
35509: 0.998761
35510: 0.998761
35511: 0.998761
35512: 0.998761
35513: 0.998761
35514: 0.998761
35515: 0.998761
35516: 0.998761
35517: 0.998761
35518: 0.998761
35519: 0.998761
35520: 0.998761
35521: 0.998761
35522: 0.998761
35523: 0.998761
35524: 0.998761
35525: 0.998761
35526: 0.998762
35527: 0.998762
35528: 0.998762
35529: 0.998762
35530: 0.998762
35531: 0.998762
35532: 0.998762
35533: 0.998762
35534: 0.998762
35535: 0.998762
35536: 0.998762
35537: 0.998762
35538: 0.998762
35539: 0.998762
35540: 0.998762
35541: 0.998762
35542: 0.998762
35543: 0.998762
35544: 0.998762
35545: 0.998762
35546: 0.998762
35547: 0.998762
35548: 0.998762
35549: 0.998762
35550: 0.998762
35551: 0.998762
35552: 0.998762
35553: 0.998762
35554: 0.998762
35555: 0.998763
35556: 0.998763
35557: 0.998763
35558: 0.998763
35559: 0.998763
35560: 0.998763
35561: 0.998763
35562: 0.998763
35563: 0.998763
35564: 0.998763
35565: 0.998763
35566: 0.998763
35567: 0.998763
35568: 0.998763
35569: 0.998763
35570: 0.998763
35571: 0.998763
35572: 0.998763
35573: 0.998763
35574: 0.998763
35575: 0.998763
35576: 0.998763
35577: 0.998763
35578: 0.998763
35579: 0.998763
35580: 0.998763
35581: 0.998763
35582: 0.998763
35583: 0.998763
35584: 0.998764
35585: 0.998764
35586: 0.998764
35587: 0.998764
35588: 0.998764
35589: 0.998764
35590: 0.998764
35591: 0.998764
35592: 0.998764
35593: 0.998764
35594: 0.998764
35595: 0.998764
35596: 0.998764
35597: 0.998764
35598: 0.998764
35599: 0.998764
35600: 0.998764
35601: 0.998764
35602: 0.998764
35603: 0.998764
35604: 0.998764
35605: 0.998764
35606: 0.998764
35607: 0.998764
35608: 0.998764
35609: 0.998764
35610: 0.998764
35611: 0.998764
35612: 0.998764
35613: 0.998765
35614: 0.998765
35615: 0.998765
35616: 0.998765
35617: 0.998765
35618: 0.998765
35619: 0.998765
35620: 0.998765
35621: 0.998765
35622: 0.998765
35623: 0.998765
35624: 0.998765
35625: 0.998765
35626: 0.998765
35627: 0.998765
35628: 0.998765
35629: 0.998765
35630: 0.998765
35631: 0.998765
35632: 0.998765
35633: 0.998765
35634: 0.998765
35635: 0.998765
35636: 0.998765
35637: 0.998765
35638: 0.998765
35639: 0.998765
35640: 0.998765
35641: 0.998766
35642: 0.998766
35643: 0.998766
35644: 0.998766
35645: 0.998766
35646: 0.998766
35647: 0.998766
35648: 0.998766
35649: 0.998766
35650: 0.998766
35651: 0.998766
35652: 0.998766
35653: 0.998766
35654: 0.998766
35655: 0.998766
35656: 0.998766
35657: 0.998766
35658: 0.998766
35659: 0.998766
35660: 0.998766
35661: 0.998766
35662: 0.998766
35663: 0.998766
35664: 0.998766
35665: 0.998766
35666: 0.998766
35667: 0.998766
35668: 0.998766
35669: 0.998766
35670: 0.998767
35671: 0.998767
35672: 0.998767
35673: 0.998767
35674: 0.998767
35675: 0.998767
35676: 0.998767
35677: 0.998767
35678: 0.998767
35679: 0.998767
35680: 0.998767
35681: 0.998767
35682: 0.998767
35683: 0.998767
35684: 0.998767
35685: 0.998767
35686: 0.998767
35687: 0.998767
35688: 0.998767
35689: 0.998767
35690: 0.998767
35691: 0.998767
35692: 0.998767
35693: 0.998767
35694: 0.998767
35695: 0.998767
35696: 0.998767
35697: 0.998767
35698: 0.998767
35699: 0.998768
35700: 0.998768
35701: 0.998768
35702: 0.998768
35703: 0.998768
35704: 0.998768
35705: 0.998768
35706: 0.998768
35707: 0.998768
35708: 0.998768
35709: 0.998768
35710: 0.998768
35711: 0.998768
35712: 0.998768
35713: 0.998768
35714: 0.998768
35715: 0.998768
35716: 0.998768
35717: 0.998768
35718: 0.998768
35719: 0.998768
35720: 0.998768
35721: 0.998768
35722: 0.998768
35723: 0.998768
35724: 0.998768
35725: 0.998768
35726: 0.998768
35727: 0.998768
35728: 0.998769
35729: 0.998769
35730: 0.998769
35731: 0.998769
35732: 0.998769
35733: 0.998769
35734: 0.998769
35735: 0.998769
35736: 0.998769
35737: 0.998769
35738: 0.998769
35739: 0.998769
35740: 0.998769
35741: 0.998769
35742: 0.998769
35743: 0.998769
35744: 0.998769
35745: 0.998769
35746: 0.998769
35747: 0.998769
35748: 0.998769
35749: 0.998769
35750: 0.998769
35751: 0.998769
35752: 0.998769
35753: 0.998769
35754: 0.998769
35755: 0.998769
35756: 0.998769
35757: 0.99877
35758: 0.99877
35759: 0.99877
35760: 0.99877
35761: 0.99877
35762: 0.99877
35763: 0.99877
35764: 0.99877
35765: 0.99877
35766: 0.99877
35767: 0.99877
35768: 0.99877
35769: 0.99877
35770: 0.99877
35771: 0.99877
35772: 0.99877
35773: 0.99877
35774: 0.99877
35775: 0.99877
35776: 0.99877
35777: 0.99877
35778: 0.99877
35779: 0.99877
35780: 0.99877
35781: 0.99877
35782: 0.99877
35783: 0.99877
35784: 0.99877
35785: 0.99877
35786: 0.998771
35787: 0.998771
35788: 0.998771
35789: 0.998771
35790: 0.998771
35791: 0.998771
35792: 0.998771
35793: 0.998771
35794: 0.998771
35795: 0.998771
35796: 0.998771
35797: 0.998771
35798: 0.998771
35799: 0.998771
35800: 0.998771
35801: 0.998771
35802: 0.998771
35803: 0.998771
35804: 0.998771
35805: 0.998771
35806: 0.998771
35807: 0.998771
35808: 0.998771
35809: 0.998771
35810: 0.998771
35811: 0.998771
35812: 0.998771
35813: 0.998771
35814: 0.998771
35815: 0.998771
35816: 0.998772
35817: 0.998772
35818: 0.998772
35819: 0.998772
35820: 0.998772
35821: 0.998772
35822: 0.998772
35823: 0.998772
35824: 0.998772
35825: 0.998772
35826: 0.998772
35827: 0.998772
35828: 0.998772
35829: 0.998772
35830: 0.998772
35831: 0.998772
35832: 0.998772
35833: 0.998772
35834: 0.998772
35835: 0.998772
35836: 0.998772
35837: 0.998772
35838: 0.998772
35839: 0.998772
35840: 0.998772
35841: 0.998772
35842: 0.998772
35843: 0.998772
35844: 0.998772
35845: 0.998773
35846: 0.998773
35847: 0.998773
35848: 0.998773
35849: 0.998773
35850: 0.998773
35851: 0.998773
35852: 0.998773
35853: 0.998773
35854: 0.998773
35855: 0.998773
35856: 0.998773
35857: 0.998773
35858: 0.998773
35859: 0.998773
35860: 0.998773
35861: 0.998773
35862: 0.998773
35863: 0.998773
35864: 0.998773
35865: 0.998773
35866: 0.998773
35867: 0.998773
35868: 0.998773
35869: 0.998773
35870: 0.998773
35871: 0.998773
35872: 0.998773
35873: 0.998773
35874: 0.998774
35875: 0.998774
35876: 0.998774
35877: 0.998774
35878: 0.998774
35879: 0.998774
35880: 0.998774
35881: 0.998774
35882: 0.998774
35883: 0.998774
35884: 0.998774
35885: 0.998774
35886: 0.998774
35887: 0.998774
35888: 0.998774
35889: 0.998774
35890: 0.998774
35891: 0.998774
35892: 0.998774
35893: 0.998774
35894: 0.998774
35895: 0.998774
35896: 0.998774
35897: 0.998774
35898: 0.998774
35899: 0.998774
35900: 0.998774
35901: 0.998774
35902: 0.998774
35903: 0.998775
35904: 0.998775
35905: 0.998775
35906: 0.998775
35907: 0.998775
35908: 0.998775
35909: 0.998775
35910: 0.998775
35911: 0.998775
35912: 0.998775
35913: 0.998775
35914: 0.998775
35915: 0.998775
35916: 0.998775
35917: 0.998775
35918: 0.998775
35919: 0.998775
35920: 0.998775
35921: 0.998775
35922: 0.998775
35923: 0.998775
35924: 0.998775
35925: 0.998775
35926: 0.998775
35927: 0.998775
35928: 0.998775
35929: 0.998775
35930: 0.998775
35931: 0.998775
35932: 0.998775
35933: 0.998776
35934: 0.998776
35935: 0.998776
35936: 0.998776
35937: 0.998776
35938: 0.998776
35939: 0.998776
35940: 0.998776
35941: 0.998776
35942: 0.998776
35943: 0.998776
35944: 0.998776
35945: 0.998776
35946: 0.998776
35947: 0.998776
35948: 0.998776
35949: 0.998776
35950: 0.998776
35951: 0.998776
35952: 0.998776
35953: 0.998776
35954: 0.998776
35955: 0.998776
35956: 0.998776
35957: 0.998776
35958: 0.998776
35959: 0.998776
35960: 0.998776
35961: 0.998776
35962: 0.998777
35963: 0.998777
35964: 0.998777
35965: 0.998777
35966: 0.998777
35967: 0.998777
35968: 0.998777
35969: 0.998777
35970: 0.998777
35971: 0.998777
35972: 0.998777
35973: 0.998777
35974: 0.998777
35975: 0.998777
35976: 0.998777
35977: 0.998777
35978: 0.998777
35979: 0.998777
35980: 0.998777
35981: 0.998777
35982: 0.998777
35983: 0.998777
35984: 0.998777
35985: 0.998777
35986: 0.998777
35987: 0.998777
35988: 0.998777
35989: 0.998777
35990: 0.998777
35991: 0.998778
35992: 0.998778
35993: 0.998778
35994: 0.998778
35995: 0.998778
35996: 0.998778
35997: 0.998778
35998: 0.998778
35999: 0.998778
36000: 0.998778
36001: 0.998778
36002: 0.998778
36003: 0.998778
36004: 0.998778
36005: 0.998778
36006: 0.998778
36007: 0.998778
36008: 0.998778
36009: 0.998778
36010: 0.998778
36011: 0.998778
36012: 0.998778
36013: 0.998778
36014: 0.998778
36015: 0.998778
36016: 0.998778
36017: 0.998778
36018: 0.998778
36019: 0.998778
36020: 0.998778
36021: 0.998779
36022: 0.998779
36023: 0.998779
36024: 0.998779
36025: 0.998779
36026: 0.998779
36027: 0.998779
36028: 0.998779
36029: 0.998779
36030: 0.998779
36031: 0.998779
36032: 0.998779
36033: 0.998779
36034: 0.998779
36035: 0.998779
36036: 0.998779
36037: 0.998779
36038: 0.998779
36039: 0.998779
36040: 0.998779
36041: 0.998779
36042: 0.998779
36043: 0.998779
36044: 0.998779
36045: 0.998779
36046: 0.998779
36047: 0.998779
36048: 0.998779
36049: 0.998779
36050: 0.99878
36051: 0.99878
36052: 0.99878
36053: 0.99878
36054: 0.99878
36055: 0.99878
36056: 0.99878
36057: 0.99878
36058: 0.99878
36059: 0.99878
36060: 0.99878
36061: 0.99878
36062: 0.99878
36063: 0.99878
36064: 0.99878
36065: 0.99878
36066: 0.99878
36067: 0.99878
36068: 0.99878
36069: 0.99878
36070: 0.99878
36071: 0.99878
36072: 0.99878
36073: 0.99878
36074: 0.99878
36075: 0.99878
36076: 0.99878
36077: 0.99878
36078: 0.99878
36079: 0.99878
36080: 0.998781
36081: 0.998781
36082: 0.998781
36083: 0.998781
36084: 0.998781
36085: 0.998781
36086: 0.998781
36087: 0.998781
36088: 0.998781
36089: 0.998781
36090: 0.998781
36091: 0.998781
36092: 0.998781
36093: 0.998781
36094: 0.998781
36095: 0.998781
36096: 0.998781
36097: 0.998781
36098: 0.998781
36099: 0.998781
36100: 0.998781
36101: 0.998781
36102: 0.998781
36103: 0.998781
36104: 0.998781
36105: 0.998781
36106: 0.998781
36107: 0.998781
36108: 0.998781
36109: 0.998782
36110: 0.998782
36111: 0.998782
36112: 0.998782
36113: 0.998782
36114: 0.998782
36115: 0.998782
36116: 0.998782
36117: 0.998782
36118: 0.998782
36119: 0.998782
36120: 0.998782
36121: 0.998782
36122: 0.998782
36123: 0.998782
36124: 0.998782
36125: 0.998782
36126: 0.998782
36127: 0.998782
36128: 0.998782
36129: 0.998782
36130: 0.998782
36131: 0.998782
36132: 0.998782
36133: 0.998782
36134: 0.998782
36135: 0.998782
36136: 0.998782
36137: 0.998782
36138: 0.998782
36139: 0.998783
36140: 0.998783
36141: 0.998783
36142: 0.998783
36143: 0.998783
36144: 0.998783
36145: 0.998783
36146: 0.998783
36147: 0.998783
36148: 0.998783
36149: 0.998783
36150: 0.998783
36151: 0.998783
36152: 0.998783
36153: 0.998783
36154: 0.998783
36155: 0.998783
36156: 0.998783
36157: 0.998783
36158: 0.998783
36159: 0.998783
36160: 0.998783
36161: 0.998783
36162: 0.998783
36163: 0.998783
36164: 0.998783
36165: 0.998783
36166: 0.998783
36167: 0.998783
36168: 0.998783
36169: 0.998784
36170: 0.998784
36171: 0.998784
36172: 0.998784
36173: 0.998784
36174: 0.998784
36175: 0.998784
36176: 0.998784
36177: 0.998784
36178: 0.998784
36179: 0.998784
36180: 0.998784
36181: 0.998784
36182: 0.998784
36183: 0.998784
36184: 0.998784
36185: 0.998784
36186: 0.998784
36187: 0.998784
36188: 0.998784
36189: 0.998784
36190: 0.998784
36191: 0.998784
36192: 0.998784
36193: 0.998784
36194: 0.998784
36195: 0.998784
36196: 0.998784
36197: 0.998784
36198: 0.998784
36199: 0.998785
36200: 0.998785
36201: 0.998785
36202: 0.998785
36203: 0.998785
36204: 0.998785
36205: 0.998785
36206: 0.998785
36207: 0.998785
36208: 0.998785
36209: 0.998785
36210: 0.998785
36211: 0.998785
36212: 0.998785
36213: 0.998785
36214: 0.998785
36215: 0.998785
36216: 0.998785
36217: 0.998785
36218: 0.998785
36219: 0.998785
36220: 0.998785
36221: 0.998785
36222: 0.998785
36223: 0.998785
36224: 0.998785
36225: 0.998785
36226: 0.998785
36227: 0.998785
36228: 0.998786
36229: 0.998786
36230: 0.998786
36231: 0.998786
36232: 0.998786
36233: 0.998786
36234: 0.998786
36235: 0.998786
36236: 0.998786
36237: 0.998786
36238: 0.998786
36239: 0.998786
36240: 0.998786
36241: 0.998786
36242: 0.998786
36243: 0.998786
36244: 0.998786
36245: 0.998786
36246: 0.998786
36247: 0.998786
36248: 0.998786
36249: 0.998786
36250: 0.998786
36251: 0.998786
36252: 0.998786
36253: 0.998786
36254: 0.998786
36255: 0.998786
36256: 0.998786
36257: 0.998786
36258: 0.998787
36259: 0.998787
36260: 0.998787
36261: 0.998787
36262: 0.998787
36263: 0.998787
36264: 0.998787
36265: 0.998787
36266: 0.998787
36267: 0.998787
36268: 0.998787
36269: 0.998787
36270: 0.998787
36271: 0.998787
36272: 0.998787
36273: 0.998787
36274: 0.998787
36275: 0.998787
36276: 0.998787
36277: 0.998787
36278: 0.998787
36279: 0.998787
36280: 0.998787
36281: 0.998787
36282: 0.998787
36283: 0.998787
36284: 0.998787
36285: 0.998787
36286: 0.998787
36287: 0.998787
36288: 0.998788
36289: 0.998788
36290: 0.998788
36291: 0.998788
36292: 0.998788
36293: 0.998788
36294: 0.998788
36295: 0.998788
36296: 0.998788
36297: 0.998788
36298: 0.998788
36299: 0.998788
36300: 0.998788
36301: 0.998788
36302: 0.998788
36303: 0.998788
36304: 0.998788
36305: 0.998788
36306: 0.998788
36307: 0.998788
36308: 0.998788
36309: 0.998788
36310: 0.998788
36311: 0.998788
36312: 0.998788
36313: 0.998788
36314: 0.998788
36315: 0.998788
36316: 0.998788
36317: 0.998788
36318: 0.998789
36319: 0.998789
36320: 0.998789
36321: 0.998789
36322: 0.998789
36323: 0.998789
36324: 0.998789
36325: 0.998789
36326: 0.998789
36327: 0.998789
36328: 0.998789
36329: 0.998789
36330: 0.998789
36331: 0.998789
36332: 0.998789
36333: 0.998789
36334: 0.998789
36335: 0.998789
36336: 0.998789
36337: 0.998789
36338: 0.998789
36339: 0.998789
36340: 0.998789
36341: 0.998789
36342: 0.998789
36343: 0.998789
36344: 0.998789
36345: 0.998789
36346: 0.998789
36347: 0.998789
36348: 0.99879
36349: 0.99879
36350: 0.99879
36351: 0.99879
36352: 0.99879
36353: 0.99879
36354: 0.99879
36355: 0.99879
36356: 0.99879
36357: 0.99879
36358: 0.99879
36359: 0.99879
36360: 0.99879
36361: 0.99879
36362: 0.99879
36363: 0.99879
36364: 0.99879
36365: 0.99879
36366: 0.99879
36367: 0.99879
36368: 0.99879
36369: 0.99879
36370: 0.99879
36371: 0.99879
36372: 0.99879
36373: 0.99879
36374: 0.99879
36375: 0.99879
36376: 0.99879
36377: 0.99879
36378: 0.998791
36379: 0.998791
36380: 0.998791
36381: 0.998791
36382: 0.998791
36383: 0.998791
36384: 0.998791
36385: 0.998791
36386: 0.998791
36387: 0.998791
36388: 0.998791
36389: 0.998791
36390: 0.998791
36391: 0.998791
36392: 0.998791
36393: 0.998791
36394: 0.998791
36395: 0.998791
36396: 0.998791
36397: 0.998791
36398: 0.998791
36399: 0.998791
36400: 0.998791
36401: 0.998791
36402: 0.998791
36403: 0.998791
36404: 0.998791
36405: 0.998791
36406: 0.998791
36407: 0.998791
36408: 0.998792
36409: 0.998792
36410: 0.998792
36411: 0.998792
36412: 0.998792
36413: 0.998792
36414: 0.998792
36415: 0.998792
36416: 0.998792
36417: 0.998792
36418: 0.998792
36419: 0.998792
36420: 0.998792
36421: 0.998792
36422: 0.998792
36423: 0.998792
36424: 0.998792
36425: 0.998792
36426: 0.998792
36427: 0.998792
36428: 0.998792
36429: 0.998792
36430: 0.998792
36431: 0.998792
36432: 0.998792
36433: 0.998792
36434: 0.998792
36435: 0.998792
36436: 0.998792
36437: 0.998792
36438: 0.998793
36439: 0.998793
36440: 0.998793
36441: 0.998793
36442: 0.998793
36443: 0.998793
36444: 0.998793
36445: 0.998793
36446: 0.998793
36447: 0.998793
36448: 0.998793
36449: 0.998793
36450: 0.998793
36451: 0.998793
36452: 0.998793
36453: 0.998793
36454: 0.998793
36455: 0.998793
36456: 0.998793
36457: 0.998793
36458: 0.998793
36459: 0.998793
36460: 0.998793
36461: 0.998793
36462: 0.998793
36463: 0.998793
36464: 0.998793
36465: 0.998793
36466: 0.998793
36467: 0.998793
36468: 0.998793
36469: 0.998794
36470: 0.998794
36471: 0.998794
36472: 0.998794
36473: 0.998794
36474: 0.998794
36475: 0.998794
36476: 0.998794
36477: 0.998794
36478: 0.998794
36479: 0.998794
36480: 0.998794
36481: 0.998794
36482: 0.998794
36483: 0.998794
36484: 0.998794
36485: 0.998794
36486: 0.998794
36487: 0.998794
36488: 0.998794
36489: 0.998794
36490: 0.998794
36491: 0.998794
36492: 0.998794
36493: 0.998794
36494: 0.998794
36495: 0.998794
36496: 0.998794
36497: 0.998794
36498: 0.998794
36499: 0.998795
36500: 0.998795
36501: 0.998795
36502: 0.998795
36503: 0.998795
36504: 0.998795
36505: 0.998795
36506: 0.998795
36507: 0.998795
36508: 0.998795
36509: 0.998795
36510: 0.998795
36511: 0.998795
36512: 0.998795
36513: 0.998795
36514: 0.998795
36515: 0.998795
36516: 0.998795
36517: 0.998795
36518: 0.998795
36519: 0.998795
36520: 0.998795
36521: 0.998795
36522: 0.998795
36523: 0.998795
36524: 0.998795
36525: 0.998795
36526: 0.998795
36527: 0.998795
36528: 0.998795
36529: 0.998796
36530: 0.998796
36531: 0.998796
36532: 0.998796
36533: 0.998796
36534: 0.998796
36535: 0.998796
36536: 0.998796
36537: 0.998796
36538: 0.998796
36539: 0.998796
36540: 0.998796
36541: 0.998796
36542: 0.998796
36543: 0.998796
36544: 0.998796
36545: 0.998796
36546: 0.998796
36547: 0.998796
36548: 0.998796
36549: 0.998796
36550: 0.998796
36551: 0.998796
36552: 0.998796
36553: 0.998796
36554: 0.998796
36555: 0.998796
36556: 0.998796
36557: 0.998796
36558: 0.998796
36559: 0.998796
36560: 0.998797
36561: 0.998797
36562: 0.998797
36563: 0.998797
36564: 0.998797
36565: 0.998797
36566: 0.998797
36567: 0.998797
36568: 0.998797
36569: 0.998797
36570: 0.998797
36571: 0.998797
36572: 0.998797
36573: 0.998797
36574: 0.998797
36575: 0.998797
36576: 0.998797
36577: 0.998797
36578: 0.998797
36579: 0.998797
36580: 0.998797
36581: 0.998797
36582: 0.998797
36583: 0.998797
36584: 0.998797
36585: 0.998797
36586: 0.998797
36587: 0.998797
36588: 0.998797
36589: 0.998797
36590: 0.998798
36591: 0.998798
36592: 0.998798
36593: 0.998798
36594: 0.998798
36595: 0.998798
36596: 0.998798
36597: 0.998798
36598: 0.998798
36599: 0.998798
36600: 0.998798
36601: 0.998798
36602: 0.998798
36603: 0.998798
36604: 0.998798
36605: 0.998798
36606: 0.998798
36607: 0.998798
36608: 0.998798
36609: 0.998798
36610: 0.998798
36611: 0.998798
36612: 0.998798
36613: 0.998798
36614: 0.998798
36615: 0.998798
36616: 0.998798
36617: 0.998798
36618: 0.998798
36619: 0.998798
36620: 0.998799
36621: 0.998799
36622: 0.998799
36623: 0.998799
36624: 0.998799
36625: 0.998799
36626: 0.998799
36627: 0.998799
36628: 0.998799
36629: 0.998799
36630: 0.998799
36631: 0.998799
36632: 0.998799
36633: 0.998799
36634: 0.998799
36635: 0.998799
36636: 0.998799
36637: 0.998799
36638: 0.998799
36639: 0.998799
36640: 0.998799
36641: 0.998799
36642: 0.998799
36643: 0.998799
36644: 0.998799
36645: 0.998799
36646: 0.998799
36647: 0.998799
36648: 0.998799
36649: 0.998799
36650: 0.998799
36651: 0.9988
36652: 0.9988
36653: 0.9988
36654: 0.9988
36655: 0.9988
36656: 0.9988
36657: 0.9988
36658: 0.9988
36659: 0.9988
36660: 0.9988
36661: 0.9988
36662: 0.9988
36663: 0.9988
36664: 0.9988
36665: 0.9988
36666: 0.9988
36667: 0.9988
36668: 0.9988
36669: 0.9988
36670: 0.9988
36671: 0.9988
36672: 0.9988
36673: 0.9988
36674: 0.9988
36675: 0.9988
36676: 0.9988
36677: 0.9988
36678: 0.9988
36679: 0.9988
36680: 0.9988
36681: 0.998801
36682: 0.998801
36683: 0.998801
36684: 0.998801
36685: 0.998801
36686: 0.998801
36687: 0.998801
36688: 0.998801
36689: 0.998801
36690: 0.998801
36691: 0.998801
36692: 0.998801
36693: 0.998801
36694: 0.998801
36695: 0.998801
36696: 0.998801
36697: 0.998801
36698: 0.998801
36699: 0.998801
36700: 0.998801
36701: 0.998801
36702: 0.998801
36703: 0.998801
36704: 0.998801
36705: 0.998801
36706: 0.998801
36707: 0.998801
36708: 0.998801
36709: 0.998801
36710: 0.998801
36711: 0.998801
36712: 0.998802
36713: 0.998802
36714: 0.998802
36715: 0.998802
36716: 0.998802
36717: 0.998802
36718: 0.998802
36719: 0.998802
36720: 0.998802
36721: 0.998802
36722: 0.998802
36723: 0.998802
36724: 0.998802
36725: 0.998802
36726: 0.998802
36727: 0.998802
36728: 0.998802
36729: 0.998802
36730: 0.998802
36731: 0.998802
36732: 0.998802
36733: 0.998802
36734: 0.998802
36735: 0.998802
36736: 0.998802
36737: 0.998802
36738: 0.998802
36739: 0.998802
36740: 0.998802
36741: 0.998802
36742: 0.998802
36743: 0.998803
36744: 0.998803
36745: 0.998803
36746: 0.998803
36747: 0.998803
36748: 0.998803
36749: 0.998803
36750: 0.998803
36751: 0.998803
36752: 0.998803
36753: 0.998803
36754: 0.998803
36755: 0.998803
36756: 0.998803
36757: 0.998803
36758: 0.998803
36759: 0.998803
36760: 0.998803
36761: 0.998803
36762: 0.998803
36763: 0.998803
36764: 0.998803
36765: 0.998803
36766: 0.998803
36767: 0.998803
36768: 0.998803
36769: 0.998803
36770: 0.998803
36771: 0.998803
36772: 0.998803
36773: 0.998804
36774: 0.998804
36775: 0.998804
36776: 0.998804
36777: 0.998804
36778: 0.998804
36779: 0.998804
36780: 0.998804
36781: 0.998804
36782: 0.998804
36783: 0.998804
36784: 0.998804
36785: 0.998804
36786: 0.998804
36787: 0.998804
36788: 0.998804
36789: 0.998804
36790: 0.998804
36791: 0.998804
36792: 0.998804
36793: 0.998804
36794: 0.998804
36795: 0.998804
36796: 0.998804
36797: 0.998804
36798: 0.998804
36799: 0.998804
36800: 0.998804
36801: 0.998804
36802: 0.998804
36803: 0.998804
36804: 0.998805
36805: 0.998805
36806: 0.998805
36807: 0.998805
36808: 0.998805
36809: 0.998805
36810: 0.998805
36811: 0.998805
36812: 0.998805
36813: 0.998805
36814: 0.998805
36815: 0.998805
36816: 0.998805
36817: 0.998805
36818: 0.998805
36819: 0.998805
36820: 0.998805
36821: 0.998805
36822: 0.998805
36823: 0.998805
36824: 0.998805
36825: 0.998805
36826: 0.998805
36827: 0.998805
36828: 0.998805
36829: 0.998805
36830: 0.998805
36831: 0.998805
36832: 0.998805
36833: 0.998805
36834: 0.998805
36835: 0.998806
36836: 0.998806
36837: 0.998806
36838: 0.998806
36839: 0.998806
36840: 0.998806
36841: 0.998806
36842: 0.998806
36843: 0.998806
36844: 0.998806
36845: 0.998806
36846: 0.998806
36847: 0.998806
36848: 0.998806
36849: 0.998806
36850: 0.998806
36851: 0.998806
36852: 0.998806
36853: 0.998806
36854: 0.998806
36855: 0.998806
36856: 0.998806
36857: 0.998806
36858: 0.998806
36859: 0.998806
36860: 0.998806
36861: 0.998806
36862: 0.998806
36863: 0.998806
36864: 0.998806
36865: 0.998806
36866: 0.998807
36867: 0.998807
36868: 0.998807
36869: 0.998807
36870: 0.998807
36871: 0.998807
36872: 0.998807
36873: 0.998807
36874: 0.998807
36875: 0.998807
36876: 0.998807
36877: 0.998807
36878: 0.998807
36879: 0.998807
36880: 0.998807
36881: 0.998807
36882: 0.998807
36883: 0.998807
36884: 0.998807
36885: 0.998807
36886: 0.998807
36887: 0.998807
36888: 0.998807
36889: 0.998807
36890: 0.998807
36891: 0.998807
36892: 0.998807
36893: 0.998807
36894: 0.998807
36895: 0.998807
36896: 0.998807
36897: 0.998808
36898: 0.998808
36899: 0.998808
36900: 0.998808
36901: 0.998808
36902: 0.998808
36903: 0.998808
36904: 0.998808
36905: 0.998808
36906: 0.998808
36907: 0.998808
36908: 0.998808
36909: 0.998808
36910: 0.998808
36911: 0.998808
36912: 0.998808
36913: 0.998808
36914: 0.998808
36915: 0.998808
36916: 0.998808
36917: 0.998808
36918: 0.998808
36919: 0.998808
36920: 0.998808
36921: 0.998808
36922: 0.998808
36923: 0.998808
36924: 0.998808
36925: 0.998808
36926: 0.998808
36927: 0.998808
36928: 0.998809
36929: 0.998809
36930: 0.998809
36931: 0.998809
36932: 0.998809
36933: 0.998809
36934: 0.998809
36935: 0.998809
36936: 0.998809
36937: 0.998809
36938: 0.998809
36939: 0.998809
36940: 0.998809
36941: 0.998809
36942: 0.998809
36943: 0.998809
36944: 0.998809
36945: 0.998809
36946: 0.998809
36947: 0.998809
36948: 0.998809
36949: 0.998809
36950: 0.998809
36951: 0.998809
36952: 0.998809
36953: 0.998809
36954: 0.998809
36955: 0.998809
36956: 0.998809
36957: 0.998809
36958: 0.998809
36959: 0.99881
36960: 0.99881
36961: 0.99881
36962: 0.99881
36963: 0.99881
36964: 0.99881
36965: 0.99881
36966: 0.99881
36967: 0.99881
36968: 0.99881
36969: 0.99881
36970: 0.99881
36971: 0.99881
36972: 0.99881
36973: 0.99881
36974: 0.99881
36975: 0.99881
36976: 0.99881
36977: 0.99881
36978: 0.99881
36979: 0.99881
36980: 0.99881
36981: 0.99881
36982: 0.99881
36983: 0.99881
36984: 0.99881
36985: 0.99881
36986: 0.99881
36987: 0.99881
36988: 0.99881
36989: 0.99881
36990: 0.998811
36991: 0.998811
36992: 0.998811
36993: 0.998811
36994: 0.998811
36995: 0.998811
36996: 0.998811
36997: 0.998811
36998: 0.998811
36999: 0.998811
37000: 0.998811
37001: 0.998811
37002: 0.998811
37003: 0.998811
37004: 0.998811
37005: 0.998811
37006: 0.998811
37007: 0.998811
37008: 0.998811
37009: 0.998811
37010: 0.998811
37011: 0.998811
37012: 0.998811
37013: 0.998811
37014: 0.998811
37015: 0.998811
37016: 0.998811
37017: 0.998811
37018: 0.998811
37019: 0.998811
37020: 0.998811
37021: 0.998812
37022: 0.998812
37023: 0.998812
37024: 0.998812
37025: 0.998812
37026: 0.998812
37027: 0.998812
37028: 0.998812
37029: 0.998812
37030: 0.998812
37031: 0.998812
37032: 0.998812
37033: 0.998812
37034: 0.998812
37035: 0.998812
37036: 0.998812
37037: 0.998812
37038: 0.998812
37039: 0.998812
37040: 0.998812
37041: 0.998812
37042: 0.998812
37043: 0.998812
37044: 0.998812
37045: 0.998812
37046: 0.998812
37047: 0.998812
37048: 0.998812
37049: 0.998812
37050: 0.998812
37051: 0.998812
37052: 0.998813
37053: 0.998813
37054: 0.998813
37055: 0.998813
37056: 0.998813
37057: 0.998813
37058: 0.998813
37059: 0.998813
37060: 0.998813
37061: 0.998813
37062: 0.998813
37063: 0.998813
37064: 0.998813
37065: 0.998813
37066: 0.998813
37067: 0.998813
37068: 0.998813
37069: 0.998813
37070: 0.998813
37071: 0.998813
37072: 0.998813
37073: 0.998813
37074: 0.998813
37075: 0.998813
37076: 0.998813
37077: 0.998813
37078: 0.998813
37079: 0.998813
37080: 0.998813
37081: 0.998813
37082: 0.998813
37083: 0.998814
37084: 0.998814
37085: 0.998814
37086: 0.998814
37087: 0.998814
37088: 0.998814
37089: 0.998814
37090: 0.998814
37091: 0.998814
37092: 0.998814
37093: 0.998814
37094: 0.998814
37095: 0.998814
37096: 0.998814
37097: 0.998814
37098: 0.998814
37099: 0.998814
37100: 0.998814
37101: 0.998814
37102: 0.998814
37103: 0.998814
37104: 0.998814
37105: 0.998814
37106: 0.998814
37107: 0.998814
37108: 0.998814
37109: 0.998814
37110: 0.998814
37111: 0.998814
37112: 0.998814
37113: 0.998814
37114: 0.998814
37115: 0.998815
37116: 0.998815
37117: 0.998815
37118: 0.998815
37119: 0.998815
37120: 0.998815
37121: 0.998815
37122: 0.998815
37123: 0.998815
37124: 0.998815
37125: 0.998815
37126: 0.998815
37127: 0.998815
37128: 0.998815
37129: 0.998815
37130: 0.998815
37131: 0.998815
37132: 0.998815
37133: 0.998815
37134: 0.998815
37135: 0.998815
37136: 0.998815
37137: 0.998815
37138: 0.998815
37139: 0.998815
37140: 0.998815
37141: 0.998815
37142: 0.998815
37143: 0.998815
37144: 0.998815
37145: 0.998815
37146: 0.998816
37147: 0.998816
37148: 0.998816
37149: 0.998816
37150: 0.998816
37151: 0.998816
37152: 0.998816
37153: 0.998816
37154: 0.998816
37155: 0.998816
37156: 0.998816
37157: 0.998816
37158: 0.998816
37159: 0.998816
37160: 0.998816
37161: 0.998816
37162: 0.998816
37163: 0.998816
37164: 0.998816
37165: 0.998816
37166: 0.998816
37167: 0.998816
37168: 0.998816
37169: 0.998816
37170: 0.998816
37171: 0.998816
37172: 0.998816
37173: 0.998816
37174: 0.998816
37175: 0.998816
37176: 0.998816
37177: 0.998817
37178: 0.998817
37179: 0.998817
37180: 0.998817
37181: 0.998817
37182: 0.998817
37183: 0.998817
37184: 0.998817
37185: 0.998817
37186: 0.998817
37187: 0.998817
37188: 0.998817
37189: 0.998817
37190: 0.998817
37191: 0.998817
37192: 0.998817
37193: 0.998817
37194: 0.998817
37195: 0.998817
37196: 0.998817
37197: 0.998817
37198: 0.998817
37199: 0.998817
37200: 0.998817
37201: 0.998817
37202: 0.998817
37203: 0.998817
37204: 0.998817
37205: 0.998817
37206: 0.998817
37207: 0.998817
37208: 0.998817
37209: 0.998818
37210: 0.998818
37211: 0.998818
37212: 0.998818
37213: 0.998818
37214: 0.998818
37215: 0.998818
37216: 0.998818
37217: 0.998818
37218: 0.998818
37219: 0.998818
37220: 0.998818
37221: 0.998818
37222: 0.998818
37223: 0.998818
37224: 0.998818
37225: 0.998818
37226: 0.998818
37227: 0.998818
37228: 0.998818
37229: 0.998818
37230: 0.998818
37231: 0.998818
37232: 0.998818
37233: 0.998818
37234: 0.998818
37235: 0.998818
37236: 0.998818
37237: 0.998818
37238: 0.998818
37239: 0.998818
37240: 0.998819
37241: 0.998819
37242: 0.998819
37243: 0.998819
37244: 0.998819
37245: 0.998819
37246: 0.998819
37247: 0.998819
37248: 0.998819
37249: 0.998819
37250: 0.998819
37251: 0.998819
37252: 0.998819
37253: 0.998819
37254: 0.998819
37255: 0.998819
37256: 0.998819
37257: 0.998819
37258: 0.998819
37259: 0.998819
37260: 0.998819
37261: 0.998819
37262: 0.998819
37263: 0.998819
37264: 0.998819
37265: 0.998819
37266: 0.998819
37267: 0.998819
37268: 0.998819
37269: 0.998819
37270: 0.998819
37271: 0.998819
37272: 0.99882
37273: 0.99882
37274: 0.99882
37275: 0.99882
37276: 0.99882
37277: 0.99882
37278: 0.99882
37279: 0.99882
37280: 0.99882
37281: 0.99882
37282: 0.99882
37283: 0.99882
37284: 0.99882
37285: 0.99882
37286: 0.99882
37287: 0.99882
37288: 0.99882
37289: 0.99882
37290: 0.99882
37291: 0.99882
37292: 0.99882
37293: 0.99882
37294: 0.99882
37295: 0.99882
37296: 0.99882
37297: 0.99882
37298: 0.99882
37299: 0.99882
37300: 0.99882
37301: 0.99882
37302: 0.99882
37303: 0.998821
37304: 0.998821
37305: 0.998821
37306: 0.998821
37307: 0.998821
37308: 0.998821
37309: 0.998821
37310: 0.998821
37311: 0.998821
37312: 0.998821
37313: 0.998821
37314: 0.998821
37315: 0.998821
37316: 0.998821
37317: 0.998821
37318: 0.998821
37319: 0.998821
37320: 0.998821
37321: 0.998821
37322: 0.998821
37323: 0.998821
37324: 0.998821
37325: 0.998821
37326: 0.998821
37327: 0.998821
37328: 0.998821
37329: 0.998821
37330: 0.998821
37331: 0.998821
37332: 0.998821
37333: 0.998821
37334: 0.998821
37335: 0.998822
37336: 0.998822
37337: 0.998822
37338: 0.998822
37339: 0.998822
37340: 0.998822
37341: 0.998822
37342: 0.998822
37343: 0.998822
37344: 0.998822
37345: 0.998822
37346: 0.998822
37347: 0.998822
37348: 0.998822
37349: 0.998822
37350: 0.998822
37351: 0.998822
37352: 0.998822
37353: 0.998822
37354: 0.998822
37355: 0.998822
37356: 0.998822
37357: 0.998822
37358: 0.998822
37359: 0.998822
37360: 0.998822
37361: 0.998822
37362: 0.998822
37363: 0.998822
37364: 0.998822
37365: 0.998822
37366: 0.998822
37367: 0.998823
37368: 0.998823
37369: 0.998823
37370: 0.998823
37371: 0.998823
37372: 0.998823
37373: 0.998823
37374: 0.998823
37375: 0.998823
37376: 0.998823
37377: 0.998823
37378: 0.998823
37379: 0.998823
37380: 0.998823
37381: 0.998823
37382: 0.998823
37383: 0.998823
37384: 0.998823
37385: 0.998823
37386: 0.998823
37387: 0.998823
37388: 0.998823
37389: 0.998823
37390: 0.998823
37391: 0.998823
37392: 0.998823
37393: 0.998823
37394: 0.998823
37395: 0.998823
37396: 0.998823
37397: 0.998823
37398: 0.998823
37399: 0.998824
37400: 0.998824
37401: 0.998824
37402: 0.998824
37403: 0.998824
37404: 0.998824
37405: 0.998824
37406: 0.998824
37407: 0.998824
37408: 0.998824
37409: 0.998824
37410: 0.998824
37411: 0.998824
37412: 0.998824
37413: 0.998824
37414: 0.998824
37415: 0.998824
37416: 0.998824
37417: 0.998824
37418: 0.998824
37419: 0.998824
37420: 0.998824
37421: 0.998824
37422: 0.998824
37423: 0.998824
37424: 0.998824
37425: 0.998824
37426: 0.998824
37427: 0.998824
37428: 0.998824
37429: 0.998824
37430: 0.998825
37431: 0.998825
37432: 0.998825
37433: 0.998825
37434: 0.998825
37435: 0.998825
37436: 0.998825
37437: 0.998825
37438: 0.998825
37439: 0.998825
37440: 0.998825
37441: 0.998825
37442: 0.998825
37443: 0.998825
37444: 0.998825
37445: 0.998825
37446: 0.998825
37447: 0.998825
37448: 0.998825
37449: 0.998825
37450: 0.998825
37451: 0.998825
37452: 0.998825
37453: 0.998825
37454: 0.998825
37455: 0.998825
37456: 0.998825
37457: 0.998825
37458: 0.998825
37459: 0.998825
37460: 0.998825
37461: 0.998825
37462: 0.998826
37463: 0.998826
37464: 0.998826
37465: 0.998826
37466: 0.998826
37467: 0.998826
37468: 0.998826
37469: 0.998826
37470: 0.998826
37471: 0.998826
37472: 0.998826
37473: 0.998826
37474: 0.998826
37475: 0.998826
37476: 0.998826
37477: 0.998826
37478: 0.998826
37479: 0.998826
37480: 0.998826
37481: 0.998826
37482: 0.998826
37483: 0.998826
37484: 0.998826
37485: 0.998826
37486: 0.998826
37487: 0.998826
37488: 0.998826
37489: 0.998826
37490: 0.998826
37491: 0.998826
37492: 0.998826
37493: 0.998826
37494: 0.998827
37495: 0.998827
37496: 0.998827
37497: 0.998827
37498: 0.998827
37499: 0.998827
37500: 0.998827
37501: 0.998827
37502: 0.998827
37503: 0.998827
37504: 0.998827
37505: 0.998827
37506: 0.998827
37507: 0.998827
37508: 0.998827
37509: 0.998827
37510: 0.998827
37511: 0.998827
37512: 0.998827
37513: 0.998827
37514: 0.998827
37515: 0.998827
37516: 0.998827
37517: 0.998827
37518: 0.998827
37519: 0.998827
37520: 0.998827
37521: 0.998827
37522: 0.998827
37523: 0.998827
37524: 0.998827
37525: 0.998827
37526: 0.998828
37527: 0.998828
37528: 0.998828
37529: 0.998828
37530: 0.998828
37531: 0.998828
37532: 0.998828
37533: 0.998828
37534: 0.998828
37535: 0.998828
37536: 0.998828
37537: 0.998828
37538: 0.998828
37539: 0.998828
37540: 0.998828
37541: 0.998828
37542: 0.998828
37543: 0.998828
37544: 0.998828
37545: 0.998828
37546: 0.998828
37547: 0.998828
37548: 0.998828
37549: 0.998828
37550: 0.998828
37551: 0.998828
37552: 0.998828
37553: 0.998828
37554: 0.998828
37555: 0.998828
37556: 0.998828
37557: 0.998828
37558: 0.998829
37559: 0.998829
37560: 0.998829
37561: 0.998829
37562: 0.998829
37563: 0.998829
37564: 0.998829
37565: 0.998829
37566: 0.998829
37567: 0.998829
37568: 0.998829
37569: 0.998829
37570: 0.998829
37571: 0.998829
37572: 0.998829
37573: 0.998829
37574: 0.998829
37575: 0.998829
37576: 0.998829
37577: 0.998829
37578: 0.998829
37579: 0.998829
37580: 0.998829
37581: 0.998829
37582: 0.998829
37583: 0.998829
37584: 0.998829
37585: 0.998829
37586: 0.998829
37587: 0.998829
37588: 0.998829
37589: 0.998829
37590: 0.99883
37591: 0.99883
37592: 0.99883
37593: 0.99883
37594: 0.99883
37595: 0.99883
37596: 0.99883
37597: 0.99883
37598: 0.99883
37599: 0.99883
37600: 0.99883
37601: 0.99883
37602: 0.99883
37603: 0.99883
37604: 0.99883
37605: 0.99883
37606: 0.99883
37607: 0.99883
37608: 0.99883
37609: 0.99883
37610: 0.99883
37611: 0.99883
37612: 0.99883
37613: 0.99883
37614: 0.99883
37615: 0.99883
37616: 0.99883
37617: 0.99883
37618: 0.99883
37619: 0.99883
37620: 0.99883
37621: 0.99883
37622: 0.998831
37623: 0.998831
37624: 0.998831
37625: 0.998831
37626: 0.998831
37627: 0.998831
37628: 0.998831
37629: 0.998831
37630: 0.998831
37631: 0.998831
37632: 0.998831
37633: 0.998831
37634: 0.998831
37635: 0.998831
37636: 0.998831
37637: 0.998831
37638: 0.998831
37639: 0.998831
37640: 0.998831
37641: 0.998831
37642: 0.998831
37643: 0.998831
37644: 0.998831
37645: 0.998831
37646: 0.998831
37647: 0.998831
37648: 0.998831
37649: 0.998831
37650: 0.998831
37651: 0.998831
37652: 0.998831
37653: 0.998831
37654: 0.998831
37655: 0.998832
37656: 0.998832
37657: 0.998832
37658: 0.998832
37659: 0.998832
37660: 0.998832
37661: 0.998832
37662: 0.998832
37663: 0.998832
37664: 0.998832
37665: 0.998832
37666: 0.998832
37667: 0.998832
37668: 0.998832
37669: 0.998832
37670: 0.998832
37671: 0.998832
37672: 0.998832
37673: 0.998832
37674: 0.998832
37675: 0.998832
37676: 0.998832
37677: 0.998832
37678: 0.998832
37679: 0.998832
37680: 0.998832
37681: 0.998832
37682: 0.998832
37683: 0.998832
37684: 0.998832
37685: 0.998832
37686: 0.998832
37687: 0.998833
37688: 0.998833
37689: 0.998833
37690: 0.998833
37691: 0.998833
37692: 0.998833
37693: 0.998833
37694: 0.998833
37695: 0.998833
37696: 0.998833
37697: 0.998833
37698: 0.998833
37699: 0.998833
37700: 0.998833
37701: 0.998833
37702: 0.998833
37703: 0.998833
37704: 0.998833
37705: 0.998833
37706: 0.998833
37707: 0.998833
37708: 0.998833
37709: 0.998833
37710: 0.998833
37711: 0.998833
37712: 0.998833
37713: 0.998833
37714: 0.998833
37715: 0.998833
37716: 0.998833
37717: 0.998833
37718: 0.998833
37719: 0.998834
37720: 0.998834
37721: 0.998834
37722: 0.998834
37723: 0.998834
37724: 0.998834
37725: 0.998834
37726: 0.998834
37727: 0.998834
37728: 0.998834
37729: 0.998834
37730: 0.998834
37731: 0.998834
37732: 0.998834
37733: 0.998834
37734: 0.998834
37735: 0.998834
37736: 0.998834
37737: 0.998834
37738: 0.998834
37739: 0.998834
37740: 0.998834
37741: 0.998834
37742: 0.998834
37743: 0.998834
37744: 0.998834
37745: 0.998834
37746: 0.998834
37747: 0.998834
37748: 0.998834
37749: 0.998834
37750: 0.998834
37751: 0.998834
37752: 0.998835
37753: 0.998835
37754: 0.998835
37755: 0.998835
37756: 0.998835
37757: 0.998835
37758: 0.998835
37759: 0.998835
37760: 0.998835
37761: 0.998835
37762: 0.998835
37763: 0.998835
37764: 0.998835
37765: 0.998835
37766: 0.998835
37767: 0.998835
37768: 0.998835
37769: 0.998835
37770: 0.998835
37771: 0.998835
37772: 0.998835
37773: 0.998835
37774: 0.998835
37775: 0.998835
37776: 0.998835
37777: 0.998835
37778: 0.998835
37779: 0.998835
37780: 0.998835
37781: 0.998835
37782: 0.998835
37783: 0.998835
37784: 0.998836
37785: 0.998836
37786: 0.998836
37787: 0.998836
37788: 0.998836
37789: 0.998836
37790: 0.998836
37791: 0.998836
37792: 0.998836
37793: 0.998836
37794: 0.998836
37795: 0.998836
37796: 0.998836
37797: 0.998836
37798: 0.998836
37799: 0.998836
37800: 0.998836
37801: 0.998836
37802: 0.998836
37803: 0.998836
37804: 0.998836
37805: 0.998836
37806: 0.998836
37807: 0.998836
37808: 0.998836
37809: 0.998836
37810: 0.998836
37811: 0.998836
37812: 0.998836
37813: 0.998836
37814: 0.998836
37815: 0.998836
37816: 0.998837
37817: 0.998837
37818: 0.998837
37819: 0.998837
37820: 0.998837
37821: 0.998837
37822: 0.998837
37823: 0.998837
37824: 0.998837
37825: 0.998837
37826: 0.998837
37827: 0.998837
37828: 0.998837
37829: 0.998837
37830: 0.998837
37831: 0.998837
37832: 0.998837
37833: 0.998837
37834: 0.998837
37835: 0.998837
37836: 0.998837
37837: 0.998837
37838: 0.998837
37839: 0.998837
37840: 0.998837
37841: 0.998837
37842: 0.998837
37843: 0.998837
37844: 0.998837
37845: 0.998837
37846: 0.998837
37847: 0.998837
37848: 0.998837
37849: 0.998838
37850: 0.998838
37851: 0.998838
37852: 0.998838
37853: 0.998838
37854: 0.998838
37855: 0.998838
37856: 0.998838
37857: 0.998838
37858: 0.998838
37859: 0.998838
37860: 0.998838
37861: 0.998838
37862: 0.998838
37863: 0.998838
37864: 0.998838
37865: 0.998838
37866: 0.998838
37867: 0.998838
37868: 0.998838
37869: 0.998838
37870: 0.998838
37871: 0.998838
37872: 0.998838
37873: 0.998838
37874: 0.998838
37875: 0.998838
37876: 0.998838
37877: 0.998838
37878: 0.998838
37879: 0.998838
37880: 0.998838
37881: 0.998838
37882: 0.998839
37883: 0.998839
37884: 0.998839
37885: 0.998839
37886: 0.998839
37887: 0.998839
37888: 0.998839
37889: 0.998839
37890: 0.998839
37891: 0.998839
37892: 0.998839
37893: 0.998839
37894: 0.998839
37895: 0.998839
37896: 0.998839
37897: 0.998839
37898: 0.998839
37899: 0.998839
37900: 0.998839
37901: 0.998839
37902: 0.998839
37903: 0.998839
37904: 0.998839
37905: 0.998839
37906: 0.998839
37907: 0.998839
37908: 0.998839
37909: 0.998839
37910: 0.998839
37911: 0.998839
37912: 0.998839
37913: 0.998839
37914: 0.99884
37915: 0.99884
37916: 0.99884
37917: 0.99884
37918: 0.99884
37919: 0.99884
37920: 0.99884
37921: 0.99884
37922: 0.99884
37923: 0.99884
37924: 0.99884
37925: 0.99884
37926: 0.99884
37927: 0.99884
37928: 0.99884
37929: 0.99884
37930: 0.99884
37931: 0.99884
37932: 0.99884
37933: 0.99884
37934: 0.99884
37935: 0.99884
37936: 0.99884
37937: 0.99884
37938: 0.99884
37939: 0.99884
37940: 0.99884
37941: 0.99884
37942: 0.99884
37943: 0.99884
37944: 0.99884
37945: 0.99884
37946: 0.99884
37947: 0.998841
37948: 0.998841
37949: 0.998841
37950: 0.998841
37951: 0.998841
37952: 0.998841
37953: 0.998841
37954: 0.998841
37955: 0.998841
37956: 0.998841
37957: 0.998841
37958: 0.998841
37959: 0.998841
37960: 0.998841
37961: 0.998841
37962: 0.998841
37963: 0.998841
37964: 0.998841
37965: 0.998841
37966: 0.998841
37967: 0.998841
37968: 0.998841
37969: 0.998841
37970: 0.998841
37971: 0.998841
37972: 0.998841
37973: 0.998841
37974: 0.998841
37975: 0.998841
37976: 0.998841
37977: 0.998841
37978: 0.998841
37979: 0.998841
37980: 0.998842
37981: 0.998842
37982: 0.998842
37983: 0.998842
37984: 0.998842
37985: 0.998842
37986: 0.998842
37987: 0.998842
37988: 0.998842
37989: 0.998842
37990: 0.998842
37991: 0.998842
37992: 0.998842
37993: 0.998842
37994: 0.998842
37995: 0.998842
37996: 0.998842
37997: 0.998842
37998: 0.998842
37999: 0.998842
38000: 0.998842
38001: 0.998842
38002: 0.998842
38003: 0.998842
38004: 0.998842
38005: 0.998842
38006: 0.998842
38007: 0.998842
38008: 0.998842
38009: 0.998842
38010: 0.998842
38011: 0.998842
38012: 0.998843
38013: 0.998843
38014: 0.998843
38015: 0.998843
38016: 0.998843
38017: 0.998843
38018: 0.998843
38019: 0.998843
38020: 0.998843
38021: 0.998843
38022: 0.998843
38023: 0.998843
38024: 0.998843
38025: 0.998843
38026: 0.998843
38027: 0.998843
38028: 0.998843
38029: 0.998843
38030: 0.998843
38031: 0.998843
38032: 0.998843
38033: 0.998843
38034: 0.998843
38035: 0.998843
38036: 0.998843
38037: 0.998843
38038: 0.998843
38039: 0.998843
38040: 0.998843
38041: 0.998843
38042: 0.998843
38043: 0.998843
38044: 0.998843
38045: 0.998844
38046: 0.998844
38047: 0.998844
38048: 0.998844
38049: 0.998844
38050: 0.998844
38051: 0.998844
38052: 0.998844
38053: 0.998844
38054: 0.998844
38055: 0.998844
38056: 0.998844
38057: 0.998844
38058: 0.998844
38059: 0.998844
38060: 0.998844
38061: 0.998844
38062: 0.998844
38063: 0.998844
38064: 0.998844
38065: 0.998844
38066: 0.998844
38067: 0.998844
38068: 0.998844
38069: 0.998844
38070: 0.998844
38071: 0.998844
38072: 0.998844
38073: 0.998844
38074: 0.998844
38075: 0.998844
38076: 0.998844
38077: 0.998844
38078: 0.998845
38079: 0.998845
38080: 0.998845
38081: 0.998845
38082: 0.998845
38083: 0.998845
38084: 0.998845
38085: 0.998845
38086: 0.998845
38087: 0.998845
38088: 0.998845
38089: 0.998845
38090: 0.998845
38091: 0.998845
38092: 0.998845
38093: 0.998845
38094: 0.998845
38095: 0.998845
38096: 0.998845
38097: 0.998845
38098: 0.998845
38099: 0.998845
38100: 0.998845
38101: 0.998845
38102: 0.998845
38103: 0.998845
38104: 0.998845
38105: 0.998845
38106: 0.998845
38107: 0.998845
38108: 0.998845
38109: 0.998845
38110: 0.998845
38111: 0.998846
38112: 0.998846
38113: 0.998846
38114: 0.998846
38115: 0.998846
38116: 0.998846
38117: 0.998846
38118: 0.998846
38119: 0.998846
38120: 0.998846
38121: 0.998846
38122: 0.998846
38123: 0.998846
38124: 0.998846
38125: 0.998846
38126: 0.998846
38127: 0.998846
38128: 0.998846
38129: 0.998846
38130: 0.998846
38131: 0.998846
38132: 0.998846
38133: 0.998846
38134: 0.998846
38135: 0.998846
38136: 0.998846
38137: 0.998846
38138: 0.998846
38139: 0.998846
38140: 0.998846
38141: 0.998846
38142: 0.998846
38143: 0.998846
38144: 0.998847
38145: 0.998847
38146: 0.998847
38147: 0.998847
38148: 0.998847
38149: 0.998847
38150: 0.998847
38151: 0.998847
38152: 0.998847
38153: 0.998847
38154: 0.998847
38155: 0.998847
38156: 0.998847
38157: 0.998847
38158: 0.998847
38159: 0.998847
38160: 0.998847
38161: 0.998847
38162: 0.998847
38163: 0.998847
38164: 0.998847
38165: 0.998847
38166: 0.998847
38167: 0.998847
38168: 0.998847
38169: 0.998847
38170: 0.998847
38171: 0.998847
38172: 0.998847
38173: 0.998847
38174: 0.998847
38175: 0.998847
38176: 0.998847
38177: 0.998848
38178: 0.998848
38179: 0.998848
38180: 0.998848
38181: 0.998848
38182: 0.998848
38183: 0.998848
38184: 0.998848
38185: 0.998848
38186: 0.998848
38187: 0.998848
38188: 0.998848
38189: 0.998848
38190: 0.998848
38191: 0.998848
38192: 0.998848
38193: 0.998848
38194: 0.998848
38195: 0.998848
38196: 0.998848
38197: 0.998848
38198: 0.998848
38199: 0.998848
38200: 0.998848
38201: 0.998848
38202: 0.998848
38203: 0.998848
38204: 0.998848
38205: 0.998848
38206: 0.998848
38207: 0.998848
38208: 0.998848
38209: 0.998848
38210: 0.998848
38211: 0.998849
38212: 0.998849
38213: 0.998849
38214: 0.998849
38215: 0.998849
38216: 0.998849
38217: 0.998849
38218: 0.998849
38219: 0.998849
38220: 0.998849
38221: 0.998849
38222: 0.998849
38223: 0.998849
38224: 0.998849
38225: 0.998849
38226: 0.998849
38227: 0.998849
38228: 0.998849
38229: 0.998849
38230: 0.998849
38231: 0.998849
38232: 0.998849
38233: 0.998849
38234: 0.998849
38235: 0.998849
38236: 0.998849
38237: 0.998849
38238: 0.998849
38239: 0.998849
38240: 0.998849
38241: 0.998849
38242: 0.998849
38243: 0.998849
38244: 0.99885
38245: 0.99885
38246: 0.99885
38247: 0.99885
38248: 0.99885
38249: 0.99885
38250: 0.99885
38251: 0.99885
38252: 0.99885
38253: 0.99885
38254: 0.99885
38255: 0.99885
38256: 0.99885
38257: 0.99885
38258: 0.99885
38259: 0.99885
38260: 0.99885
38261: 0.99885
38262: 0.99885
38263: 0.99885
38264: 0.99885
38265: 0.99885
38266: 0.99885
38267: 0.99885
38268: 0.99885
38269: 0.99885
38270: 0.99885
38271: 0.99885
38272: 0.99885
38273: 0.99885
38274: 0.99885
38275: 0.99885
38276: 0.99885
38277: 0.998851
38278: 0.998851
38279: 0.998851
38280: 0.998851
38281: 0.998851
38282: 0.998851
38283: 0.998851
38284: 0.998851
38285: 0.998851
38286: 0.998851
38287: 0.998851
38288: 0.998851
38289: 0.998851
38290: 0.998851
38291: 0.998851
38292: 0.998851
38293: 0.998851
38294: 0.998851
38295: 0.998851
38296: 0.998851
38297: 0.998851
38298: 0.998851
38299: 0.998851
38300: 0.998851
38301: 0.998851
38302: 0.998851
38303: 0.998851
38304: 0.998851
38305: 0.998851
38306: 0.998851
38307: 0.998851
38308: 0.998851
38309: 0.998851
38310: 0.998852
38311: 0.998852
38312: 0.998852
38313: 0.998852
38314: 0.998852
38315: 0.998852
38316: 0.998852
38317: 0.998852
38318: 0.998852
38319: 0.998852
38320: 0.998852
38321: 0.998852
38322: 0.998852
38323: 0.998852
38324: 0.998852
38325: 0.998852
38326: 0.998852
38327: 0.998852
38328: 0.998852
38329: 0.998852
38330: 0.998852
38331: 0.998852
38332: 0.998852
38333: 0.998852
38334: 0.998852
38335: 0.998852
38336: 0.998852
38337: 0.998852
38338: 0.998852
38339: 0.998852
38340: 0.998852
38341: 0.998852
38342: 0.998852
38343: 0.998852
38344: 0.998853
38345: 0.998853
38346: 0.998853
38347: 0.998853
38348: 0.998853
38349: 0.998853
38350: 0.998853
38351: 0.998853
38352: 0.998853
38353: 0.998853
38354: 0.998853
38355: 0.998853
38356: 0.998853
38357: 0.998853
38358: 0.998853
38359: 0.998853
38360: 0.998853
38361: 0.998853
38362: 0.998853
38363: 0.998853
38364: 0.998853
38365: 0.998853
38366: 0.998853
38367: 0.998853
38368: 0.998853
38369: 0.998853
38370: 0.998853
38371: 0.998853
38372: 0.998853
38373: 0.998853
38374: 0.998853
38375: 0.998853
38376: 0.998853
38377: 0.998854
38378: 0.998854
38379: 0.998854
38380: 0.998854
38381: 0.998854
38382: 0.998854
38383: 0.998854
38384: 0.998854
38385: 0.998854
38386: 0.998854
38387: 0.998854
38388: 0.998854
38389: 0.998854
38390: 0.998854
38391: 0.998854
38392: 0.998854
38393: 0.998854
38394: 0.998854
38395: 0.998854
38396: 0.998854
38397: 0.998854
38398: 0.998854
38399: 0.998854
38400: 0.998854
38401: 0.998854
38402: 0.998854
38403: 0.998854
38404: 0.998854
38405: 0.998854
38406: 0.998854
38407: 0.998854
38408: 0.998854
38409: 0.998854
38410: 0.998854
38411: 0.998855
38412: 0.998855
38413: 0.998855
38414: 0.998855
38415: 0.998855
38416: 0.998855
38417: 0.998855
38418: 0.998855
38419: 0.998855
38420: 0.998855
38421: 0.998855
38422: 0.998855
38423: 0.998855
38424: 0.998855
38425: 0.998855
38426: 0.998855
38427: 0.998855
38428: 0.998855
38429: 0.998855
38430: 0.998855
38431: 0.998855
38432: 0.998855
38433: 0.998855
38434: 0.998855
38435: 0.998855
38436: 0.998855
38437: 0.998855
38438: 0.998855
38439: 0.998855
38440: 0.998855
38441: 0.998855
38442: 0.998855
38443: 0.998855
38444: 0.998856
38445: 0.998856
38446: 0.998856
38447: 0.998856
38448: 0.998856
38449: 0.998856
38450: 0.998856
38451: 0.998856
38452: 0.998856
38453: 0.998856
38454: 0.998856
38455: 0.998856
38456: 0.998856
38457: 0.998856
38458: 0.998856
38459: 0.998856
38460: 0.998856
38461: 0.998856
38462: 0.998856
38463: 0.998856
38464: 0.998856
38465: 0.998856
38466: 0.998856
38467: 0.998856
38468: 0.998856
38469: 0.998856
38470: 0.998856
38471: 0.998856
38472: 0.998856
38473: 0.998856
38474: 0.998856
38475: 0.998856
38476: 0.998856
38477: 0.998856
38478: 0.998857
38479: 0.998857
38480: 0.998857
38481: 0.998857
38482: 0.998857
38483: 0.998857
38484: 0.998857
38485: 0.998857
38486: 0.998857
38487: 0.998857
38488: 0.998857
38489: 0.998857
38490: 0.998857
38491: 0.998857
38492: 0.998857
38493: 0.998857
38494: 0.998857
38495: 0.998857
38496: 0.998857
38497: 0.998857
38498: 0.998857
38499: 0.998857
38500: 0.998857
38501: 0.998857
38502: 0.998857
38503: 0.998857
38504: 0.998857
38505: 0.998857
38506: 0.998857
38507: 0.998857
38508: 0.998857
38509: 0.998857
38510: 0.998857
38511: 0.998857
38512: 0.998858
38513: 0.998858
38514: 0.998858
38515: 0.998858
38516: 0.998858
38517: 0.998858
38518: 0.998858
38519: 0.998858
38520: 0.998858
38521: 0.998858
38522: 0.998858
38523: 0.998858
38524: 0.998858
38525: 0.998858
38526: 0.998858
38527: 0.998858
38528: 0.998858
38529: 0.998858
38530: 0.998858
38531: 0.998858
38532: 0.998858
38533: 0.998858
38534: 0.998858
38535: 0.998858
38536: 0.998858
38537: 0.998858
38538: 0.998858
38539: 0.998858
38540: 0.998858
38541: 0.998858
38542: 0.998858
38543: 0.998858
38544: 0.998858
38545: 0.998859
38546: 0.998859
38547: 0.998859
38548: 0.998859
38549: 0.998859
38550: 0.998859
38551: 0.998859
38552: 0.998859
38553: 0.998859
38554: 0.998859
38555: 0.998859
38556: 0.998859
38557: 0.998859
38558: 0.998859
38559: 0.998859
38560: 0.998859
38561: 0.998859
38562: 0.998859
38563: 0.998859
38564: 0.998859
38565: 0.998859
38566: 0.998859
38567: 0.998859
38568: 0.998859
38569: 0.998859
38570: 0.998859
38571: 0.998859
38572: 0.998859
38573: 0.998859
38574: 0.998859
38575: 0.998859
38576: 0.998859
38577: 0.998859
38578: 0.998859
38579: 0.99886
38580: 0.99886
38581: 0.99886
38582: 0.99886
38583: 0.99886
38584: 0.99886
38585: 0.99886
38586: 0.99886
38587: 0.99886
38588: 0.99886
38589: 0.99886
38590: 0.99886
38591: 0.99886
38592: 0.99886
38593: 0.99886
38594: 0.99886
38595: 0.99886
38596: 0.99886
38597: 0.99886
38598: 0.99886
38599: 0.99886
38600: 0.99886
38601: 0.99886
38602: 0.99886
38603: 0.99886
38604: 0.99886
38605: 0.99886
38606: 0.99886
38607: 0.99886
38608: 0.99886
38609: 0.99886
38610: 0.99886
38611: 0.99886
38612: 0.99886
38613: 0.998861
38614: 0.998861
38615: 0.998861
38616: 0.998861
38617: 0.998861
38618: 0.998861
38619: 0.998861
38620: 0.998861
38621: 0.998861
38622: 0.998861
38623: 0.998861
38624: 0.998861
38625: 0.998861
38626: 0.998861
38627: 0.998861
38628: 0.998861
38629: 0.998861
38630: 0.998861
38631: 0.998861
38632: 0.998861
38633: 0.998861
38634: 0.998861
38635: 0.998861
38636: 0.998861
38637: 0.998861
38638: 0.998861
38639: 0.998861
38640: 0.998861
38641: 0.998861
38642: 0.998861
38643: 0.998861
38644: 0.998861
38645: 0.998861
38646: 0.998861
38647: 0.998862
38648: 0.998862
38649: 0.998862
38650: 0.998862
38651: 0.998862
38652: 0.998862
38653: 0.998862
38654: 0.998862
38655: 0.998862
38656: 0.998862
38657: 0.998862
38658: 0.998862
38659: 0.998862
38660: 0.998862
38661: 0.998862
38662: 0.998862
38663: 0.998862
38664: 0.998862
38665: 0.998862
38666: 0.998862
38667: 0.998862
38668: 0.998862
38669: 0.998862
38670: 0.998862
38671: 0.998862
38672: 0.998862
38673: 0.998862
38674: 0.998862
38675: 0.998862
38676: 0.998862
38677: 0.998862
38678: 0.998862
38679: 0.998862
38680: 0.998862
38681: 0.998863
38682: 0.998863
38683: 0.998863
38684: 0.998863
38685: 0.998863
38686: 0.998863
38687: 0.998863
38688: 0.998863
38689: 0.998863
38690: 0.998863
38691: 0.998863
38692: 0.998863
38693: 0.998863
38694: 0.998863
38695: 0.998863
38696: 0.998863
38697: 0.998863
38698: 0.998863
38699: 0.998863
38700: 0.998863
38701: 0.998863
38702: 0.998863
38703: 0.998863
38704: 0.998863
38705: 0.998863
38706: 0.998863
38707: 0.998863
38708: 0.998863
38709: 0.998863
38710: 0.998863
38711: 0.998863
38712: 0.998863
38713: 0.998863
38714: 0.998863
38715: 0.998864
38716: 0.998864
38717: 0.998864
38718: 0.998864
38719: 0.998864
38720: 0.998864
38721: 0.998864
38722: 0.998864
38723: 0.998864
38724: 0.998864
38725: 0.998864
38726: 0.998864
38727: 0.998864
38728: 0.998864
38729: 0.998864
38730: 0.998864
38731: 0.998864
38732: 0.998864
38733: 0.998864
38734: 0.998864
38735: 0.998864
38736: 0.998864
38737: 0.998864
38738: 0.998864
38739: 0.998864
38740: 0.998864
38741: 0.998864
38742: 0.998864
38743: 0.998864
38744: 0.998864
38745: 0.998864
38746: 0.998864
38747: 0.998864
38748: 0.998864
38749: 0.998865
38750: 0.998865
38751: 0.998865
38752: 0.998865
38753: 0.998865
38754: 0.998865
38755: 0.998865
38756: 0.998865
38757: 0.998865
38758: 0.998865
38759: 0.998865
38760: 0.998865
38761: 0.998865
38762: 0.998865
38763: 0.998865
38764: 0.998865
38765: 0.998865
38766: 0.998865
38767: 0.998865
38768: 0.998865
38769: 0.998865
38770: 0.998865
38771: 0.998865
38772: 0.998865
38773: 0.998865
38774: 0.998865
38775: 0.998865
38776: 0.998865
38777: 0.998865
38778: 0.998865
38779: 0.998865
38780: 0.998865
38781: 0.998865
38782: 0.998865
38783: 0.998866
38784: 0.998866
38785: 0.998866
38786: 0.998866
38787: 0.998866
38788: 0.998866
38789: 0.998866
38790: 0.998866
38791: 0.998866
38792: 0.998866
38793: 0.998866
38794: 0.998866
38795: 0.998866
38796: 0.998866
38797: 0.998866
38798: 0.998866
38799: 0.998866
38800: 0.998866
38801: 0.998866
38802: 0.998866
38803: 0.998866
38804: 0.998866
38805: 0.998866
38806: 0.998866
38807: 0.998866
38808: 0.998866
38809: 0.998866
38810: 0.998866
38811: 0.998866
38812: 0.998866
38813: 0.998866
38814: 0.998866
38815: 0.998866
38816: 0.998866
38817: 0.998867
38818: 0.998867
38819: 0.998867
38820: 0.998867
38821: 0.998867
38822: 0.998867
38823: 0.998867
38824: 0.998867
38825: 0.998867
38826: 0.998867
38827: 0.998867
38828: 0.998867
38829: 0.998867
38830: 0.998867
38831: 0.998867
38832: 0.998867
38833: 0.998867
38834: 0.998867
38835: 0.998867
38836: 0.998867
38837: 0.998867
38838: 0.998867
38839: 0.998867
38840: 0.998867
38841: 0.998867
38842: 0.998867
38843: 0.998867
38844: 0.998867
38845: 0.998867
38846: 0.998867
38847: 0.998867
38848: 0.998867
38849: 0.998867
38850: 0.998867
38851: 0.998867
38852: 0.998868
38853: 0.998868
38854: 0.998868
38855: 0.998868
38856: 0.998868
38857: 0.998868
38858: 0.998868
38859: 0.998868
38860: 0.998868
38861: 0.998868
38862: 0.998868
38863: 0.998868
38864: 0.998868
38865: 0.998868
38866: 0.998868
38867: 0.998868
38868: 0.998868
38869: 0.998868
38870: 0.998868
38871: 0.998868
38872: 0.998868
38873: 0.998868
38874: 0.998868
38875: 0.998868
38876: 0.998868
38877: 0.998868
38878: 0.998868
38879: 0.998868
38880: 0.998868
38881: 0.998868
38882: 0.998868
38883: 0.998868
38884: 0.998868
38885: 0.998868
38886: 0.998869
38887: 0.998869
38888: 0.998869
38889: 0.998869
38890: 0.998869
38891: 0.998869
38892: 0.998869
38893: 0.998869
38894: 0.998869
38895: 0.998869
38896: 0.998869
38897: 0.998869
38898: 0.998869
38899: 0.998869
38900: 0.998869
38901: 0.998869
38902: 0.998869
38903: 0.998869
38904: 0.998869
38905: 0.998869
38906: 0.998869
38907: 0.998869
38908: 0.998869
38909: 0.998869
38910: 0.998869
38911: 0.998869
38912: 0.998869
38913: 0.998869
38914: 0.998869
38915: 0.998869
38916: 0.998869
38917: 0.998869
38918: 0.998869
38919: 0.998869
38920: 0.99887
38921: 0.99887
38922: 0.99887
38923: 0.99887
38924: 0.99887
38925: 0.99887
38926: 0.99887
38927: 0.99887
38928: 0.99887
38929: 0.99887
38930: 0.99887
38931: 0.99887
38932: 0.99887
38933: 0.99887
38934: 0.99887
38935: 0.99887
38936: 0.99887
38937: 0.99887
38938: 0.99887
38939: 0.99887
38940: 0.99887
38941: 0.99887
38942: 0.99887
38943: 0.99887
38944: 0.99887
38945: 0.99887
38946: 0.99887
38947: 0.99887
38948: 0.99887
38949: 0.99887
38950: 0.99887
38951: 0.99887
38952: 0.99887
38953: 0.99887
38954: 0.99887
38955: 0.998871
38956: 0.998871
38957: 0.998871
38958: 0.998871
38959: 0.998871
38960: 0.998871
38961: 0.998871
38962: 0.998871
38963: 0.998871
38964: 0.998871
38965: 0.998871
38966: 0.998871
38967: 0.998871
38968: 0.998871
38969: 0.998871
38970: 0.998871
38971: 0.998871
38972: 0.998871
38973: 0.998871
38974: 0.998871
38975: 0.998871
38976: 0.998871
38977: 0.998871
38978: 0.998871
38979: 0.998871
38980: 0.998871
38981: 0.998871
38982: 0.998871
38983: 0.998871
38984: 0.998871
38985: 0.998871
38986: 0.998871
38987: 0.998871
38988: 0.998871
38989: 0.998872
38990: 0.998872
38991: 0.998872
38992: 0.998872
38993: 0.998872
38994: 0.998872
38995: 0.998872
38996: 0.998872
38997: 0.998872
38998: 0.998872
38999: 0.998872
39000: 0.998872
39001: 0.998872
39002: 0.998872
39003: 0.998872
39004: 0.998872
39005: 0.998872
39006: 0.998872
39007: 0.998872
39008: 0.998872
39009: 0.998872
39010: 0.998872
39011: 0.998872
39012: 0.998872
39013: 0.998872
39014: 0.998872
39015: 0.998872
39016: 0.998872
39017: 0.998872
39018: 0.998872
39019: 0.998872
39020: 0.998872
39021: 0.998872
39022: 0.998872
39023: 0.998872
39024: 0.998873
39025: 0.998873
39026: 0.998873
39027: 0.998873
39028: 0.998873
39029: 0.998873
39030: 0.998873
39031: 0.998873
39032: 0.998873
39033: 0.998873
39034: 0.998873
39035: 0.998873
39036: 0.998873
39037: 0.998873
39038: 0.998873
39039: 0.998873
39040: 0.998873
39041: 0.998873
39042: 0.998873
39043: 0.998873
39044: 0.998873
39045: 0.998873
39046: 0.998873
39047: 0.998873
39048: 0.998873
39049: 0.998873
39050: 0.998873
39051: 0.998873
39052: 0.998873
39053: 0.998873
39054: 0.998873
39055: 0.998873
39056: 0.998873
39057: 0.998873
39058: 0.998873
39059: 0.998874
39060: 0.998874
39061: 0.998874
39062: 0.998874
39063: 0.998874
39064: 0.998874
39065: 0.998874
39066: 0.998874
39067: 0.998874
39068: 0.998874
39069: 0.998874
39070: 0.998874
39071: 0.998874
39072: 0.998874
39073: 0.998874
39074: 0.998874
39075: 0.998874
39076: 0.998874
39077: 0.998874
39078: 0.998874
39079: 0.998874
39080: 0.998874
39081: 0.998874
39082: 0.998874
39083: 0.998874
39084: 0.998874
39085: 0.998874
39086: 0.998874
39087: 0.998874
39088: 0.998874
39089: 0.998874
39090: 0.998874
39091: 0.998874
39092: 0.998874
39093: 0.998875
39094: 0.998875
39095: 0.998875
39096: 0.998875
39097: 0.998875
39098: 0.998875
39099: 0.998875
39100: 0.998875
39101: 0.998875
39102: 0.998875
39103: 0.998875
39104: 0.998875
39105: 0.998875
39106: 0.998875
39107: 0.998875
39108: 0.998875
39109: 0.998875
39110: 0.998875
39111: 0.998875
39112: 0.998875
39113: 0.998875
39114: 0.998875
39115: 0.998875
39116: 0.998875
39117: 0.998875
39118: 0.998875
39119: 0.998875
39120: 0.998875
39121: 0.998875
39122: 0.998875
39123: 0.998875
39124: 0.998875
39125: 0.998875
39126: 0.998875
39127: 0.998875
39128: 0.998876
39129: 0.998876
39130: 0.998876
39131: 0.998876
39132: 0.998876
39133: 0.998876
39134: 0.998876
39135: 0.998876
39136: 0.998876
39137: 0.998876
39138: 0.998876
39139: 0.998876
39140: 0.998876
39141: 0.998876
39142: 0.998876
39143: 0.998876
39144: 0.998876
39145: 0.998876
39146: 0.998876
39147: 0.998876
39148: 0.998876
39149: 0.998876
39150: 0.998876
39151: 0.998876
39152: 0.998876
39153: 0.998876
39154: 0.998876
39155: 0.998876
39156: 0.998876
39157: 0.998876
39158: 0.998876
39159: 0.998876
39160: 0.998876
39161: 0.998876
39162: 0.998876
39163: 0.998877
39164: 0.998877
39165: 0.998877
39166: 0.998877
39167: 0.998877
39168: 0.998877
39169: 0.998877
39170: 0.998877
39171: 0.998877
39172: 0.998877
39173: 0.998877
39174: 0.998877
39175: 0.998877
39176: 0.998877
39177: 0.998877
39178: 0.998877
39179: 0.998877
39180: 0.998877
39181: 0.998877
39182: 0.998877
39183: 0.998877
39184: 0.998877
39185: 0.998877
39186: 0.998877
39187: 0.998877
39188: 0.998877
39189: 0.998877
39190: 0.998877
39191: 0.998877
39192: 0.998877
39193: 0.998877
39194: 0.998877
39195: 0.998877
39196: 0.998877
39197: 0.998877
39198: 0.998878
39199: 0.998878
39200: 0.998878
39201: 0.998878
39202: 0.998878
39203: 0.998878
39204: 0.998878
39205: 0.998878
39206: 0.998878
39207: 0.998878
39208: 0.998878
39209: 0.998878
39210: 0.998878
39211: 0.998878
39212: 0.998878
39213: 0.998878
39214: 0.998878
39215: 0.998878
39216: 0.998878
39217: 0.998878
39218: 0.998878
39219: 0.998878
39220: 0.998878
39221: 0.998878
39222: 0.998878
39223: 0.998878
39224: 0.998878
39225: 0.998878
39226: 0.998878
39227: 0.998878
39228: 0.998878
39229: 0.998878
39230: 0.998878
39231: 0.998878
39232: 0.998878
39233: 0.998879
39234: 0.998879
39235: 0.998879
39236: 0.998879
39237: 0.998879
39238: 0.998879
39239: 0.998879
39240: 0.998879
39241: 0.998879
39242: 0.998879
39243: 0.998879
39244: 0.998879
39245: 0.998879
39246: 0.998879
39247: 0.998879
39248: 0.998879
39249: 0.998879
39250: 0.998879
39251: 0.998879
39252: 0.998879
39253: 0.998879
39254: 0.998879
39255: 0.998879
39256: 0.998879
39257: 0.998879
39258: 0.998879
39259: 0.998879
39260: 0.998879
39261: 0.998879
39262: 0.998879
39263: 0.998879
39264: 0.998879
39265: 0.998879
39266: 0.998879
39267: 0.998879
39268: 0.99888
39269: 0.99888
39270: 0.99888
39271: 0.99888
39272: 0.99888
39273: 0.99888
39274: 0.99888
39275: 0.99888
39276: 0.99888
39277: 0.99888
39278: 0.99888
39279: 0.99888
39280: 0.99888
39281: 0.99888
39282: 0.99888
39283: 0.99888
39284: 0.99888
39285: 0.99888
39286: 0.99888
39287: 0.99888
39288: 0.99888
39289: 0.99888
39290: 0.99888
39291: 0.99888
39292: 0.99888
39293: 0.99888
39294: 0.99888
39295: 0.99888
39296: 0.99888
39297: 0.99888
39298: 0.99888
39299: 0.99888
39300: 0.99888
39301: 0.99888
39302: 0.99888
39303: 0.998881
39304: 0.998881
39305: 0.998881
39306: 0.998881
39307: 0.998881
39308: 0.998881
39309: 0.998881
39310: 0.998881
39311: 0.998881
39312: 0.998881
39313: 0.998881
39314: 0.998881
39315: 0.998881
39316: 0.998881
39317: 0.998881
39318: 0.998881
39319: 0.998881
39320: 0.998881
39321: 0.998881
39322: 0.998881
39323: 0.998881
39324: 0.998881
39325: 0.998881
39326: 0.998881
39327: 0.998881
39328: 0.998881
39329: 0.998881
39330: 0.998881
39331: 0.998881
39332: 0.998881
39333: 0.998881
39334: 0.998881
39335: 0.998881
39336: 0.998881
39337: 0.998881
39338: 0.998882
39339: 0.998882
39340: 0.998882
39341: 0.998882
39342: 0.998882
39343: 0.998882
39344: 0.998882
39345: 0.998882
39346: 0.998882
39347: 0.998882
39348: 0.998882
39349: 0.998882
39350: 0.998882
39351: 0.998882
39352: 0.998882
39353: 0.998882
39354: 0.998882
39355: 0.998882
39356: 0.998882
39357: 0.998882
39358: 0.998882
39359: 0.998882
39360: 0.998882
39361: 0.998882
39362: 0.998882
39363: 0.998882
39364: 0.998882
39365: 0.998882
39366: 0.998882
39367: 0.998882
39368: 0.998882
39369: 0.998882
39370: 0.998882
39371: 0.998882
39372: 0.998882
39373: 0.998883
39374: 0.998883
39375: 0.998883
39376: 0.998883
39377: 0.998883
39378: 0.998883
39379: 0.998883
39380: 0.998883
39381: 0.998883
39382: 0.998883
39383: 0.998883
39384: 0.998883
39385: 0.998883
39386: 0.998883
39387: 0.998883
39388: 0.998883
39389: 0.998883
39390: 0.998883
39391: 0.998883
39392: 0.998883
39393: 0.998883
39394: 0.998883
39395: 0.998883
39396: 0.998883
39397: 0.998883
39398: 0.998883
39399: 0.998883
39400: 0.998883
39401: 0.998883
39402: 0.998883
39403: 0.998883
39404: 0.998883
39405: 0.998883
39406: 0.998883
39407: 0.998883
39408: 0.998884
39409: 0.998884
39410: 0.998884
39411: 0.998884
39412: 0.998884
39413: 0.998884
39414: 0.998884
39415: 0.998884
39416: 0.998884
39417: 0.998884
39418: 0.998884
39419: 0.998884
39420: 0.998884
39421: 0.998884
39422: 0.998884
39423: 0.998884
39424: 0.998884
39425: 0.998884
39426: 0.998884
39427: 0.998884
39428: 0.998884
39429: 0.998884
39430: 0.998884
39431: 0.998884
39432: 0.998884
39433: 0.998884
39434: 0.998884
39435: 0.998884
39436: 0.998884
39437: 0.998884
39438: 0.998884
39439: 0.998884
39440: 0.998884
39441: 0.998884
39442: 0.998884
39443: 0.998884
39444: 0.998885
39445: 0.998885
39446: 0.998885
39447: 0.998885
39448: 0.998885
39449: 0.998885
39450: 0.998885
39451: 0.998885
39452: 0.998885
39453: 0.998885
39454: 0.998885
39455: 0.998885
39456: 0.998885
39457: 0.998885
39458: 0.998885
39459: 0.998885
39460: 0.998885
39461: 0.998885
39462: 0.998885
39463: 0.998885
39464: 0.998885
39465: 0.998885
39466: 0.998885
39467: 0.998885
39468: 0.998885
39469: 0.998885
39470: 0.998885
39471: 0.998885
39472: 0.998885
39473: 0.998885
39474: 0.998885
39475: 0.998885
39476: 0.998885
39477: 0.998885
39478: 0.998885
39479: 0.998886
39480: 0.998886
39481: 0.998886
39482: 0.998886
39483: 0.998886
39484: 0.998886
39485: 0.998886
39486: 0.998886
39487: 0.998886
39488: 0.998886
39489: 0.998886
39490: 0.998886
39491: 0.998886
39492: 0.998886
39493: 0.998886
39494: 0.998886
39495: 0.998886
39496: 0.998886
39497: 0.998886
39498: 0.998886
39499: 0.998886
39500: 0.998886
39501: 0.998886
39502: 0.998886
39503: 0.998886
39504: 0.998886
39505: 0.998886
39506: 0.998886
39507: 0.998886
39508: 0.998886
39509: 0.998886
39510: 0.998886
39511: 0.998886
39512: 0.998886
39513: 0.998886
39514: 0.998886
39515: 0.998887
39516: 0.998887
39517: 0.998887
39518: 0.998887
39519: 0.998887
39520: 0.998887
39521: 0.998887
39522: 0.998887
39523: 0.998887
39524: 0.998887
39525: 0.998887
39526: 0.998887
39527: 0.998887
39528: 0.998887
39529: 0.998887
39530: 0.998887
39531: 0.998887
39532: 0.998887
39533: 0.998887
39534: 0.998887
39535: 0.998887
39536: 0.998887
39537: 0.998887
39538: 0.998887
39539: 0.998887
39540: 0.998887
39541: 0.998887
39542: 0.998887
39543: 0.998887
39544: 0.998887
39545: 0.998887
39546: 0.998887
39547: 0.998887
39548: 0.998887
39549: 0.998887
39550: 0.998888
39551: 0.998888
39552: 0.998888
39553: 0.998888
39554: 0.998888
39555: 0.998888
39556: 0.998888
39557: 0.998888
39558: 0.998888
39559: 0.998888
39560: 0.998888
39561: 0.998888
39562: 0.998888
39563: 0.998888
39564: 0.998888
39565: 0.998888
39566: 0.998888
39567: 0.998888
39568: 0.998888
39569: 0.998888
39570: 0.998888
39571: 0.998888
39572: 0.998888
39573: 0.998888
39574: 0.998888
39575: 0.998888
39576: 0.998888
39577: 0.998888
39578: 0.998888
39579: 0.998888
39580: 0.998888
39581: 0.998888
39582: 0.998888
39583: 0.998888
39584: 0.998888
39585: 0.998888
39586: 0.998889
39587: 0.998889
39588: 0.998889
39589: 0.998889
39590: 0.998889
39591: 0.998889
39592: 0.998889
39593: 0.998889
39594: 0.998889
39595: 0.998889
39596: 0.998889
39597: 0.998889
39598: 0.998889
39599: 0.998889
39600: 0.998889
39601: 0.998889
39602: 0.998889
39603: 0.998889
39604: 0.998889
39605: 0.998889
39606: 0.998889
39607: 0.998889
39608: 0.998889
39609: 0.998889
39610: 0.998889
39611: 0.998889
39612: 0.998889
39613: 0.998889
39614: 0.998889
39615: 0.998889
39616: 0.998889
39617: 0.998889
39618: 0.998889
39619: 0.998889
39620: 0.998889
39621: 0.99889
39622: 0.99889
39623: 0.99889
39624: 0.99889
39625: 0.99889
39626: 0.99889
39627: 0.99889
39628: 0.99889
39629: 0.99889
39630: 0.99889
39631: 0.99889
39632: 0.99889
39633: 0.99889
39634: 0.99889
39635: 0.99889
39636: 0.99889
39637: 0.99889
39638: 0.99889
39639: 0.99889
39640: 0.99889
39641: 0.99889
39642: 0.99889
39643: 0.99889
39644: 0.99889
39645: 0.99889
39646: 0.99889
39647: 0.99889
39648: 0.99889
39649: 0.99889
39650: 0.99889
39651: 0.99889
39652: 0.99889
39653: 0.99889
39654: 0.99889
39655: 0.99889
39656: 0.99889
39657: 0.998891
39658: 0.998891
39659: 0.998891
39660: 0.998891
39661: 0.998891
39662: 0.998891
39663: 0.998891
39664: 0.998891
39665: 0.998891
39666: 0.998891
39667: 0.998891
39668: 0.998891
39669: 0.998891
39670: 0.998891
39671: 0.998891
39672: 0.998891
39673: 0.998891
39674: 0.998891
39675: 0.998891
39676: 0.998891
39677: 0.998891
39678: 0.998891
39679: 0.998891
39680: 0.998891
39681: 0.998891
39682: 0.998891
39683: 0.998891
39684: 0.998891
39685: 0.998891
39686: 0.998891
39687: 0.998891
39688: 0.998891
39689: 0.998891
39690: 0.998891
39691: 0.998891
39692: 0.998891
39693: 0.998892
39694: 0.998892
39695: 0.998892
39696: 0.998892
39697: 0.998892
39698: 0.998892
39699: 0.998892
39700: 0.998892
39701: 0.998892
39702: 0.998892
39703: 0.998892
39704: 0.998892
39705: 0.998892
39706: 0.998892
39707: 0.998892
39708: 0.998892
39709: 0.998892
39710: 0.998892
39711: 0.998892
39712: 0.998892
39713: 0.998892
39714: 0.998892
39715: 0.998892
39716: 0.998892
39717: 0.998892
39718: 0.998892
39719: 0.998892
39720: 0.998892
39721: 0.998892
39722: 0.998892
39723: 0.998892
39724: 0.998892
39725: 0.998892
39726: 0.998892
39727: 0.998892
39728: 0.998892
39729: 0.998893
39730: 0.998893
39731: 0.998893
39732: 0.998893
39733: 0.998893
39734: 0.998893
39735: 0.998893
39736: 0.998893
39737: 0.998893
39738: 0.998893
39739: 0.998893
39740: 0.998893
39741: 0.998893
39742: 0.998893
39743: 0.998893
39744: 0.998893
39745: 0.998893
39746: 0.998893
39747: 0.998893
39748: 0.998893
39749: 0.998893
39750: 0.998893
39751: 0.998893
39752: 0.998893
39753: 0.998893
39754: 0.998893
39755: 0.998893
39756: 0.998893
39757: 0.998893
39758: 0.998893
39759: 0.998893
39760: 0.998893
39761: 0.998893
39762: 0.998893
39763: 0.998893
39764: 0.998893
39765: 0.998894
39766: 0.998894
39767: 0.998894
39768: 0.998894
39769: 0.998894
39770: 0.998894
39771: 0.998894
39772: 0.998894
39773: 0.998894
39774: 0.998894
39775: 0.998894
39776: 0.998894
39777: 0.998894
39778: 0.998894
39779: 0.998894
39780: 0.998894
39781: 0.998894
39782: 0.998894
39783: 0.998894
39784: 0.998894
39785: 0.998894
39786: 0.998894
39787: 0.998894
39788: 0.998894
39789: 0.998894
39790: 0.998894
39791: 0.998894
39792: 0.998894
39793: 0.998894
39794: 0.998894
39795: 0.998894
39796: 0.998894
39797: 0.998894
39798: 0.998894
39799: 0.998894
39800: 0.998895
39801: 0.998895
39802: 0.998895
39803: 0.998895
39804: 0.998895
39805: 0.998895
39806: 0.998895
39807: 0.998895
39808: 0.998895
39809: 0.998895
39810: 0.998895
39811: 0.998895
39812: 0.998895
39813: 0.998895
39814: 0.998895
39815: 0.998895
39816: 0.998895
39817: 0.998895
39818: 0.998895
39819: 0.998895
39820: 0.998895
39821: 0.998895
39822: 0.998895
39823: 0.998895
39824: 0.998895
39825: 0.998895
39826: 0.998895
39827: 0.998895
39828: 0.998895
39829: 0.998895
39830: 0.998895
39831: 0.998895
39832: 0.998895
39833: 0.998895
39834: 0.998895
39835: 0.998895
39836: 0.998895
39837: 0.998896
39838: 0.998896
39839: 0.998896
39840: 0.998896
39841: 0.998896
39842: 0.998896
39843: 0.998896
39844: 0.998896
39845: 0.998896
39846: 0.998896
39847: 0.998896
39848: 0.998896
39849: 0.998896
39850: 0.998896
39851: 0.998896
39852: 0.998896
39853: 0.998896
39854: 0.998896
39855: 0.998896
39856: 0.998896
39857: 0.998896
39858: 0.998896
39859: 0.998896
39860: 0.998896
39861: 0.998896
39862: 0.998896
39863: 0.998896
39864: 0.998896
39865: 0.998896
39866: 0.998896
39867: 0.998896
39868: 0.998896
39869: 0.998896
39870: 0.998896
39871: 0.998896
39872: 0.998896
39873: 0.998897
39874: 0.998897
39875: 0.998897
39876: 0.998897
39877: 0.998897
39878: 0.998897
39879: 0.998897
39880: 0.998897
39881: 0.998897
39882: 0.998897
39883: 0.998897
39884: 0.998897
39885: 0.998897
39886: 0.998897
39887: 0.998897
39888: 0.998897
39889: 0.998897
39890: 0.998897
39891: 0.998897
39892: 0.998897
39893: 0.998897
39894: 0.998897
39895: 0.998897
39896: 0.998897
39897: 0.998897
39898: 0.998897
39899: 0.998897
39900: 0.998897
39901: 0.998897
39902: 0.998897
39903: 0.998897
39904: 0.998897
39905: 0.998897
39906: 0.998897
39907: 0.998897
39908: 0.998897
39909: 0.998898
39910: 0.998898
39911: 0.998898
39912: 0.998898
39913: 0.998898
39914: 0.998898
39915: 0.998898
39916: 0.998898
39917: 0.998898
39918: 0.998898
39919: 0.998898
39920: 0.998898
39921: 0.998898
39922: 0.998898
39923: 0.998898
39924: 0.998898
39925: 0.998898
39926: 0.998898
39927: 0.998898
39928: 0.998898
39929: 0.998898
39930: 0.998898
39931: 0.998898
39932: 0.998898
39933: 0.998898
39934: 0.998898
39935: 0.998898
39936: 0.998898
39937: 0.998898
39938: 0.998898
39939: 0.998898
39940: 0.998898
39941: 0.998898
39942: 0.998898
39943: 0.998898
39944: 0.998898
39945: 0.998899
39946: 0.998899
39947: 0.998899
39948: 0.998899
39949: 0.998899
39950: 0.998899
39951: 0.998899
39952: 0.998899
39953: 0.998899
39954: 0.998899
39955: 0.998899
39956: 0.998899
39957: 0.998899
39958: 0.998899
39959: 0.998899
39960: 0.998899
39961: 0.998899
39962: 0.998899
39963: 0.998899
39964: 0.998899
39965: 0.998899
39966: 0.998899
39967: 0.998899
39968: 0.998899
39969: 0.998899
39970: 0.998899
39971: 0.998899
39972: 0.998899
39973: 0.998899
39974: 0.998899
39975: 0.998899
39976: 0.998899
39977: 0.998899
39978: 0.998899
39979: 0.998899
39980: 0.998899
39981: 0.9989
39982: 0.9989
39983: 0.9989
39984: 0.9989
39985: 0.9989
39986: 0.9989
39987: 0.9989
39988: 0.9989
39989: 0.9989
39990: 0.9989
39991: 0.9989
39992: 0.9989
39993: 0.9989
39994: 0.9989
39995: 0.9989
39996: 0.9989
39997: 0.9989
39998: 0.9989
39999: 0.9989
40000: 0.9989
40001: 0.9989
40002: 0.9989
40003: 0.9989
40004: 0.9989
40005: 0.9989
40006: 0.9989
40007: 0.9989
40008: 0.9989
40009: 0.9989
40010: 0.9989
40011: 0.9989
40012: 0.9989
40013: 0.9989
40014: 0.9989
40015: 0.9989
40016: 0.9989
40017: 0.9989
40018: 0.998901
40019: 0.998901
40020: 0.998901
40021: 0.998901
40022: 0.998901
40023: 0.998901
40024: 0.998901
40025: 0.998901
40026: 0.998901
40027: 0.998901
40028: 0.998901
40029: 0.998901
40030: 0.998901
40031: 0.998901
40032: 0.998901
40033: 0.998901
40034: 0.998901
40035: 0.998901
40036: 0.998901
40037: 0.998901
40038: 0.998901
40039: 0.998901
40040: 0.998901
40041: 0.998901
40042: 0.998901
40043: 0.998901
40044: 0.998901
40045: 0.998901
40046: 0.998901
40047: 0.998901
40048: 0.998901
40049: 0.998901
40050: 0.998901
40051: 0.998901
40052: 0.998901
40053: 0.998901
40054: 0.998902
40055: 0.998902
40056: 0.998902
40057: 0.998902
40058: 0.998902
40059: 0.998902
40060: 0.998902
40061: 0.998902
40062: 0.998902
40063: 0.998902
40064: 0.998902
40065: 0.998902
40066: 0.998902
40067: 0.998902
40068: 0.998902
40069: 0.998902
40070: 0.998902
40071: 0.998902
40072: 0.998902
40073: 0.998902
40074: 0.998902
40075: 0.998902
40076: 0.998902
40077: 0.998902
40078: 0.998902
40079: 0.998902
40080: 0.998902
40081: 0.998902
40082: 0.998902
40083: 0.998902
40084: 0.998902
40085: 0.998902
40086: 0.998902
40087: 0.998902
40088: 0.998902
40089: 0.998902
40090: 0.998902
40091: 0.998903
40092: 0.998903
40093: 0.998903
40094: 0.998903
40095: 0.998903
40096: 0.998903
40097: 0.998903
40098: 0.998903
40099: 0.998903
40100: 0.998903
40101: 0.998903
40102: 0.998903
40103: 0.998903
40104: 0.998903
40105: 0.998903
40106: 0.998903
40107: 0.998903
40108: 0.998903
40109: 0.998903
40110: 0.998903
40111: 0.998903
40112: 0.998903
40113: 0.998903
40114: 0.998903
40115: 0.998903
40116: 0.998903
40117: 0.998903
40118: 0.998903
40119: 0.998903
40120: 0.998903
40121: 0.998903
40122: 0.998903
40123: 0.998903
40124: 0.998903
40125: 0.998903
40126: 0.998903
40127: 0.998904
40128: 0.998904
40129: 0.998904
40130: 0.998904
40131: 0.998904
40132: 0.998904
40133: 0.998904
40134: 0.998904
40135: 0.998904
40136: 0.998904
40137: 0.998904
40138: 0.998904
40139: 0.998904
40140: 0.998904
40141: 0.998904
40142: 0.998904
40143: 0.998904
40144: 0.998904
40145: 0.998904
40146: 0.998904
40147: 0.998904
40148: 0.998904
40149: 0.998904
40150: 0.998904
40151: 0.998904
40152: 0.998904
40153: 0.998904
40154: 0.998904
40155: 0.998904
40156: 0.998904
40157: 0.998904
40158: 0.998904
40159: 0.998904
40160: 0.998904
40161: 0.998904
40162: 0.998904
40163: 0.998904
40164: 0.998905
40165: 0.998905
40166: 0.998905
40167: 0.998905
40168: 0.998905
40169: 0.998905
40170: 0.998905
40171: 0.998905
40172: 0.998905
40173: 0.998905
40174: 0.998905
40175: 0.998905
40176: 0.998905
40177: 0.998905
40178: 0.998905
40179: 0.998905
40180: 0.998905
40181: 0.998905
40182: 0.998905
40183: 0.998905
40184: 0.998905
40185: 0.998905
40186: 0.998905
40187: 0.998905
40188: 0.998905
40189: 0.998905
40190: 0.998905
40191: 0.998905
40192: 0.998905
40193: 0.998905
40194: 0.998905
40195: 0.998905
40196: 0.998905
40197: 0.998905
40198: 0.998905
40199: 0.998905
40200: 0.998905
40201: 0.998906
40202: 0.998906
40203: 0.998906
40204: 0.998906
40205: 0.998906
40206: 0.998906
40207: 0.998906
40208: 0.998906
40209: 0.998906
40210: 0.998906
40211: 0.998906
40212: 0.998906
40213: 0.998906
40214: 0.998906
40215: 0.998906
40216: 0.998906
40217: 0.998906
40218: 0.998906
40219: 0.998906
40220: 0.998906
40221: 0.998906
40222: 0.998906
40223: 0.998906
40224: 0.998906
40225: 0.998906
40226: 0.998906
40227: 0.998906
40228: 0.998906
40229: 0.998906
40230: 0.998906
40231: 0.998906
40232: 0.998906
40233: 0.998906
40234: 0.998906
40235: 0.998906
40236: 0.998906
40237: 0.998907
40238: 0.998907
40239: 0.998907
40240: 0.998907
40241: 0.998907
40242: 0.998907
40243: 0.998907
40244: 0.998907
40245: 0.998907
40246: 0.998907
40247: 0.998907
40248: 0.998907
40249: 0.998907
40250: 0.998907
40251: 0.998907
40252: 0.998907
40253: 0.998907
40254: 0.998907
40255: 0.998907
40256: 0.998907
40257: 0.998907
40258: 0.998907
40259: 0.998907
40260: 0.998907
40261: 0.998907
40262: 0.998907
40263: 0.998907
40264: 0.998907
40265: 0.998907
40266: 0.998907
40267: 0.998907
40268: 0.998907
40269: 0.998907
40270: 0.998907
40271: 0.998907
40272: 0.998907
40273: 0.998907
40274: 0.998908
40275: 0.998908
40276: 0.998908
40277: 0.998908
40278: 0.998908
40279: 0.998908
40280: 0.998908
40281: 0.998908
40282: 0.998908
40283: 0.998908
40284: 0.998908
40285: 0.998908
40286: 0.998908
40287: 0.998908
40288: 0.998908
40289: 0.998908
40290: 0.998908
40291: 0.998908
40292: 0.998908
40293: 0.998908
40294: 0.998908
40295: 0.998908
40296: 0.998908
40297: 0.998908
40298: 0.998908
40299: 0.998908
40300: 0.998908
40301: 0.998908
40302: 0.998908
40303: 0.998908
40304: 0.998908
40305: 0.998908
40306: 0.998908
40307: 0.998908
40308: 0.998908
40309: 0.998908
40310: 0.998908
40311: 0.998909
40312: 0.998909
40313: 0.998909
40314: 0.998909
40315: 0.998909
40316: 0.998909
40317: 0.998909
40318: 0.998909
40319: 0.998909
40320: 0.998909
40321: 0.998909
40322: 0.998909
40323: 0.998909
40324: 0.998909
40325: 0.998909
40326: 0.998909
40327: 0.998909
40328: 0.998909
40329: 0.998909
40330: 0.998909
40331: 0.998909
40332: 0.998909
40333: 0.998909
40334: 0.998909
40335: 0.998909
40336: 0.998909
40337: 0.998909
40338: 0.998909
40339: 0.998909
40340: 0.998909
40341: 0.998909
40342: 0.998909
40343: 0.998909
40344: 0.998909
40345: 0.998909
40346: 0.998909
40347: 0.998909
40348: 0.99891
40349: 0.99891
40350: 0.99891
40351: 0.99891
40352: 0.99891
40353: 0.99891
40354: 0.99891
40355: 0.99891
40356: 0.99891
40357: 0.99891
40358: 0.99891
40359: 0.99891
40360: 0.99891
40361: 0.99891
40362: 0.99891
40363: 0.99891
40364: 0.99891
40365: 0.99891
40366: 0.99891
40367: 0.99891
40368: 0.99891
40369: 0.99891
40370: 0.99891
40371: 0.99891
40372: 0.99891
40373: 0.99891
40374: 0.99891
40375: 0.99891
40376: 0.99891
40377: 0.99891
40378: 0.99891
40379: 0.99891
40380: 0.99891
40381: 0.99891
40382: 0.99891
40383: 0.99891
40384: 0.99891
40385: 0.998911
40386: 0.998911
40387: 0.998911
40388: 0.998911
40389: 0.998911
40390: 0.998911
40391: 0.998911
40392: 0.998911
40393: 0.998911
40394: 0.998911
40395: 0.998911
40396: 0.998911
40397: 0.998911
40398: 0.998911
40399: 0.998911
40400: 0.998911
40401: 0.998911
40402: 0.998911
40403: 0.998911
40404: 0.998911
40405: 0.998911
40406: 0.998911
40407: 0.998911
40408: 0.998911
40409: 0.998911
40410: 0.998911
40411: 0.998911
40412: 0.998911
40413: 0.998911
40414: 0.998911
40415: 0.998911
40416: 0.998911
40417: 0.998911
40418: 0.998911
40419: 0.998911
40420: 0.998911
40421: 0.998911
40422: 0.998912
40423: 0.998912
40424: 0.998912
40425: 0.998912
40426: 0.998912
40427: 0.998912
40428: 0.998912
40429: 0.998912
40430: 0.998912
40431: 0.998912
40432: 0.998912
40433: 0.998912
40434: 0.998912
40435: 0.998912
40436: 0.998912
40437: 0.998912
40438: 0.998912
40439: 0.998912
40440: 0.998912
40441: 0.998912
40442: 0.998912
40443: 0.998912
40444: 0.998912
40445: 0.998912
40446: 0.998912
40447: 0.998912
40448: 0.998912
40449: 0.998912
40450: 0.998912
40451: 0.998912
40452: 0.998912
40453: 0.998912
40454: 0.998912
40455: 0.998912
40456: 0.998912
40457: 0.998912
40458: 0.998912
40459: 0.998913
40460: 0.998913
40461: 0.998913
40462: 0.998913
40463: 0.998913
40464: 0.998913
40465: 0.998913
40466: 0.998913
40467: 0.998913
40468: 0.998913
40469: 0.998913
40470: 0.998913
40471: 0.998913
40472: 0.998913
40473: 0.998913
40474: 0.998913
40475: 0.998913
40476: 0.998913
40477: 0.998913
40478: 0.998913
40479: 0.998913
40480: 0.998913
40481: 0.998913
40482: 0.998913
40483: 0.998913
40484: 0.998913
40485: 0.998913
40486: 0.998913
40487: 0.998913
40488: 0.998913
40489: 0.998913
40490: 0.998913
40491: 0.998913
40492: 0.998913
40493: 0.998913
40494: 0.998913
40495: 0.998913
40496: 0.998913
40497: 0.998914
40498: 0.998914
40499: 0.998914
40500: 0.998914
40501: 0.998914
40502: 0.998914
40503: 0.998914
40504: 0.998914
40505: 0.998914
40506: 0.998914
40507: 0.998914
40508: 0.998914
40509: 0.998914
40510: 0.998914
40511: 0.998914
40512: 0.998914
40513: 0.998914
40514: 0.998914
40515: 0.998914
40516: 0.998914
40517: 0.998914
40518: 0.998914
40519: 0.998914
40520: 0.998914
40521: 0.998914
40522: 0.998914
40523: 0.998914
40524: 0.998914
40525: 0.998914
40526: 0.998914
40527: 0.998914
40528: 0.998914
40529: 0.998914
40530: 0.998914
40531: 0.998914
40532: 0.998914
40533: 0.998914
40534: 0.998915
40535: 0.998915
40536: 0.998915
40537: 0.998915
40538: 0.998915
40539: 0.998915
40540: 0.998915
40541: 0.998915
40542: 0.998915
40543: 0.998915
40544: 0.998915
40545: 0.998915
40546: 0.998915
40547: 0.998915
40548: 0.998915
40549: 0.998915
40550: 0.998915
40551: 0.998915
40552: 0.998915
40553: 0.998915
40554: 0.998915
40555: 0.998915
40556: 0.998915
40557: 0.998915
40558: 0.998915
40559: 0.998915
40560: 0.998915
40561: 0.998915
40562: 0.998915
40563: 0.998915
40564: 0.998915
40565: 0.998915
40566: 0.998915
40567: 0.998915
40568: 0.998915
40569: 0.998915
40570: 0.998915
40571: 0.998916
40572: 0.998916
40573: 0.998916
40574: 0.998916
40575: 0.998916
40576: 0.998916
40577: 0.998916
40578: 0.998916
40579: 0.998916
40580: 0.998916
40581: 0.998916
40582: 0.998916
40583: 0.998916
40584: 0.998916
40585: 0.998916
40586: 0.998916
40587: 0.998916
40588: 0.998916
40589: 0.998916
40590: 0.998916
40591: 0.998916
40592: 0.998916
40593: 0.998916
40594: 0.998916
40595: 0.998916
40596: 0.998916
40597: 0.998916
40598: 0.998916
40599: 0.998916
40600: 0.998916
40601: 0.998916
40602: 0.998916
40603: 0.998916
40604: 0.998916
40605: 0.998916
40606: 0.998916
40607: 0.998916
40608: 0.998916
40609: 0.998917
40610: 0.998917
40611: 0.998917
40612: 0.998917
40613: 0.998917
40614: 0.998917
40615: 0.998917
40616: 0.998917
40617: 0.998917
40618: 0.998917
40619: 0.998917
40620: 0.998917
40621: 0.998917
40622: 0.998917
40623: 0.998917
40624: 0.998917
40625: 0.998917
40626: 0.998917
40627: 0.998917
40628: 0.998917
40629: 0.998917
40630: 0.998917
40631: 0.998917
40632: 0.998917
40633: 0.998917
40634: 0.998917
40635: 0.998917
40636: 0.998917
40637: 0.998917
40638: 0.998917
40639: 0.998917
40640: 0.998917
40641: 0.998917
40642: 0.998917
40643: 0.998917
40644: 0.998917
40645: 0.998917
40646: 0.998918
40647: 0.998918
40648: 0.998918
40649: 0.998918
40650: 0.998918
40651: 0.998918
40652: 0.998918
40653: 0.998918
40654: 0.998918
40655: 0.998918
40656: 0.998918
40657: 0.998918
40658: 0.998918
40659: 0.998918
40660: 0.998918
40661: 0.998918
40662: 0.998918
40663: 0.998918
40664: 0.998918
40665: 0.998918
40666: 0.998918
40667: 0.998918
40668: 0.998918
40669: 0.998918
40670: 0.998918
40671: 0.998918
40672: 0.998918
40673: 0.998918
40674: 0.998918
40675: 0.998918
40676: 0.998918
40677: 0.998918
40678: 0.998918
40679: 0.998918
40680: 0.998918
40681: 0.998918
40682: 0.998918
40683: 0.998918
40684: 0.998919
40685: 0.998919
40686: 0.998919
40687: 0.998919
40688: 0.998919
40689: 0.998919
40690: 0.998919
40691: 0.998919
40692: 0.998919
40693: 0.998919
40694: 0.998919
40695: 0.998919
40696: 0.998919
40697: 0.998919
40698: 0.998919
40699: 0.998919
40700: 0.998919
40701: 0.998919
40702: 0.998919
40703: 0.998919
40704: 0.998919
40705: 0.998919
40706: 0.998919
40707: 0.998919
40708: 0.998919
40709: 0.998919
40710: 0.998919
40711: 0.998919
40712: 0.998919
40713: 0.998919
40714: 0.998919
40715: 0.998919
40716: 0.998919
40717: 0.998919
40718: 0.998919
40719: 0.998919
40720: 0.998919
40721: 0.99892
40722: 0.99892
40723: 0.99892
40724: 0.99892
40725: 0.99892
40726: 0.99892
40727: 0.99892
40728: 0.99892
40729: 0.99892
40730: 0.99892
40731: 0.99892
40732: 0.99892
40733: 0.99892
40734: 0.99892
40735: 0.99892
40736: 0.99892
40737: 0.99892
40738: 0.99892
40739: 0.99892
40740: 0.99892
40741: 0.99892
40742: 0.99892
40743: 0.99892
40744: 0.99892
40745: 0.99892
40746: 0.99892
40747: 0.99892
40748: 0.99892
40749: 0.99892
40750: 0.99892
40751: 0.99892
40752: 0.99892
40753: 0.99892
40754: 0.99892
40755: 0.99892
40756: 0.99892
40757: 0.99892
40758: 0.99892
40759: 0.998921
40760: 0.998921
40761: 0.998921
40762: 0.998921
40763: 0.998921
40764: 0.998921
40765: 0.998921
40766: 0.998921
40767: 0.998921
40768: 0.998921
40769: 0.998921
40770: 0.998921
40771: 0.998921
40772: 0.998921
40773: 0.998921
40774: 0.998921
40775: 0.998921
40776: 0.998921
40777: 0.998921
40778: 0.998921
40779: 0.998921
40780: 0.998921
40781: 0.998921
40782: 0.998921
40783: 0.998921
40784: 0.998921
40785: 0.998921
40786: 0.998921
40787: 0.998921
40788: 0.998921
40789: 0.998921
40790: 0.998921
40791: 0.998921
40792: 0.998921
40793: 0.998921
40794: 0.998921
40795: 0.998921
40796: 0.998921
40797: 0.998922
40798: 0.998922
40799: 0.998922
40800: 0.998922
40801: 0.998922
40802: 0.998922
40803: 0.998922
40804: 0.998922
40805: 0.998922
40806: 0.998922
40807: 0.998922
40808: 0.998922
40809: 0.998922
40810: 0.998922
40811: 0.998922
40812: 0.998922
40813: 0.998922
40814: 0.998922
40815: 0.998922
40816: 0.998922
40817: 0.998922
40818: 0.998922
40819: 0.998922
40820: 0.998922
40821: 0.998922
40822: 0.998922
40823: 0.998922
40824: 0.998922
40825: 0.998922
40826: 0.998922
40827: 0.998922
40828: 0.998922
40829: 0.998922
40830: 0.998922
40831: 0.998922
40832: 0.998922
40833: 0.998922
40834: 0.998922
40835: 0.998923
40836: 0.998923
40837: 0.998923
40838: 0.998923
40839: 0.998923
40840: 0.998923
40841: 0.998923
40842: 0.998923
40843: 0.998923
40844: 0.998923
40845: 0.998923
40846: 0.998923
40847: 0.998923
40848: 0.998923
40849: 0.998923
40850: 0.998923
40851: 0.998923
40852: 0.998923
40853: 0.998923
40854: 0.998923
40855: 0.998923
40856: 0.998923
40857: 0.998923
40858: 0.998923
40859: 0.998923
40860: 0.998923
40861: 0.998923
40862: 0.998923
40863: 0.998923
40864: 0.998923
40865: 0.998923
40866: 0.998923
40867: 0.998923
40868: 0.998923
40869: 0.998923
40870: 0.998923
40871: 0.998923
40872: 0.998923
40873: 0.998924
40874: 0.998924
40875: 0.998924
40876: 0.998924
40877: 0.998924
40878: 0.998924
40879: 0.998924
40880: 0.998924
40881: 0.998924
40882: 0.998924
40883: 0.998924
40884: 0.998924
40885: 0.998924
40886: 0.998924
40887: 0.998924
40888: 0.998924
40889: 0.998924
40890: 0.998924
40891: 0.998924
40892: 0.998924
40893: 0.998924
40894: 0.998924
40895: 0.998924
40896: 0.998924
40897: 0.998924
40898: 0.998924
40899: 0.998924
40900: 0.998924
40901: 0.998924
40902: 0.998924
40903: 0.998924
40904: 0.998924
40905: 0.998924
40906: 0.998924
40907: 0.998924
40908: 0.998924
40909: 0.998924
40910: 0.998924
40911: 0.998925
40912: 0.998925
40913: 0.998925
40914: 0.998925
40915: 0.998925
40916: 0.998925
40917: 0.998925
40918: 0.998925
40919: 0.998925
40920: 0.998925
40921: 0.998925
40922: 0.998925
40923: 0.998925
40924: 0.998925
40925: 0.998925
40926: 0.998925
40927: 0.998925
40928: 0.998925
40929: 0.998925
40930: 0.998925
40931: 0.998925
40932: 0.998925
40933: 0.998925
40934: 0.998925
40935: 0.998925
40936: 0.998925
40937: 0.998925
40938: 0.998925
40939: 0.998925
40940: 0.998925
40941: 0.998925
40942: 0.998925
40943: 0.998925
40944: 0.998925
40945: 0.998925
40946: 0.998925
40947: 0.998925
40948: 0.998925
40949: 0.998926
40950: 0.998926
40951: 0.998926
40952: 0.998926
40953: 0.998926
40954: 0.998926
40955: 0.998926
40956: 0.998926
40957: 0.998926
40958: 0.998926
40959: 0.998926
40960: 0.998926
40961: 0.998926
40962: 0.998926
40963: 0.998926
40964: 0.998926
40965: 0.998926
40966: 0.998926
40967: 0.998926
40968: 0.998926
40969: 0.998926
40970: 0.998926
40971: 0.998926
40972: 0.998926
40973: 0.998926
40974: 0.998926
40975: 0.998926
40976: 0.998926
40977: 0.998926
40978: 0.998926
40979: 0.998926
40980: 0.998926
40981: 0.998926
40982: 0.998926
40983: 0.998926
40984: 0.998926
40985: 0.998926
40986: 0.998926
40987: 0.998927
40988: 0.998927
40989: 0.998927
40990: 0.998927
40991: 0.998927
40992: 0.998927
40993: 0.998927
40994: 0.998927
40995: 0.998927
40996: 0.998927
40997: 0.998927
40998: 0.998927
40999: 0.998927
41000: 0.998927
41001: 0.998927
41002: 0.998927
41003: 0.998927
41004: 0.998927
41005: 0.998927
41006: 0.998927
41007: 0.998927
41008: 0.998927
41009: 0.998927
41010: 0.998927
41011: 0.998927
41012: 0.998927
41013: 0.998927
41014: 0.998927
41015: 0.998927
41016: 0.998927
41017: 0.998927
41018: 0.998927
41019: 0.998927
41020: 0.998927
41021: 0.998927
41022: 0.998927
41023: 0.998927
41024: 0.998927
41025: 0.998928
41026: 0.998928
41027: 0.998928
41028: 0.998928
41029: 0.998928
41030: 0.998928
41031: 0.998928
41032: 0.998928
41033: 0.998928
41034: 0.998928
41035: 0.998928
41036: 0.998928
41037: 0.998928
41038: 0.998928
41039: 0.998928
41040: 0.998928
41041: 0.998928
41042: 0.998928
41043: 0.998928
41044: 0.998928
41045: 0.998928
41046: 0.998928
41047: 0.998928
41048: 0.998928
41049: 0.998928
41050: 0.998928
41051: 0.998928
41052: 0.998928
41053: 0.998928
41054: 0.998928
41055: 0.998928
41056: 0.998928
41057: 0.998928
41058: 0.998928
41059: 0.998928
41060: 0.998928
41061: 0.998928
41062: 0.998928
41063: 0.998929
41064: 0.998929
41065: 0.998929
41066: 0.998929
41067: 0.998929
41068: 0.998929
41069: 0.998929
41070: 0.998929
41071: 0.998929
41072: 0.998929
41073: 0.998929
41074: 0.998929
41075: 0.998929
41076: 0.998929
41077: 0.998929
41078: 0.998929
41079: 0.998929
41080: 0.998929
41081: 0.998929
41082: 0.998929
41083: 0.998929
41084: 0.998929
41085: 0.998929
41086: 0.998929
41087: 0.998929
41088: 0.998929
41089: 0.998929
41090: 0.998929
41091: 0.998929
41092: 0.998929
41093: 0.998929
41094: 0.998929
41095: 0.998929
41096: 0.998929
41097: 0.998929
41098: 0.998929
41099: 0.998929
41100: 0.998929
41101: 0.998929
41102: 0.99893
41103: 0.99893
41104: 0.99893
41105: 0.99893
41106: 0.99893
41107: 0.99893
41108: 0.99893
41109: 0.99893
41110: 0.99893
41111: 0.99893
41112: 0.99893
41113: 0.99893
41114: 0.99893
41115: 0.99893
41116: 0.99893
41117: 0.99893
41118: 0.99893
41119: 0.99893
41120: 0.99893
41121: 0.99893
41122: 0.99893
41123: 0.99893
41124: 0.99893
41125: 0.99893
41126: 0.99893
41127: 0.99893
41128: 0.99893
41129: 0.99893
41130: 0.99893
41131: 0.99893
41132: 0.99893
41133: 0.99893
41134: 0.99893
41135: 0.99893
41136: 0.99893
41137: 0.99893
41138: 0.99893
41139: 0.99893
41140: 0.998931
41141: 0.998931
41142: 0.998931
41143: 0.998931
41144: 0.998931
41145: 0.998931
41146: 0.998931
41147: 0.998931
41148: 0.998931
41149: 0.998931
41150: 0.998931
41151: 0.998931
41152: 0.998931
41153: 0.998931
41154: 0.998931
41155: 0.998931
41156: 0.998931
41157: 0.998931
41158: 0.998931
41159: 0.998931
41160: 0.998931
41161: 0.998931
41162: 0.998931
41163: 0.998931
41164: 0.998931
41165: 0.998931
41166: 0.998931
41167: 0.998931
41168: 0.998931
41169: 0.998931
41170: 0.998931
41171: 0.998931
41172: 0.998931
41173: 0.998931
41174: 0.998931
41175: 0.998931
41176: 0.998931
41177: 0.998931
41178: 0.998931
41179: 0.998932
41180: 0.998932
41181: 0.998932
41182: 0.998932
41183: 0.998932
41184: 0.998932
41185: 0.998932
41186: 0.998932
41187: 0.998932
41188: 0.998932
41189: 0.998932
41190: 0.998932
41191: 0.998932
41192: 0.998932
41193: 0.998932
41194: 0.998932
41195: 0.998932
41196: 0.998932
41197: 0.998932
41198: 0.998932
41199: 0.998932
41200: 0.998932
41201: 0.998932
41202: 0.998932
41203: 0.998932
41204: 0.998932
41205: 0.998932
41206: 0.998932
41207: 0.998932
41208: 0.998932
41209: 0.998932
41210: 0.998932
41211: 0.998932
41212: 0.998932
41213: 0.998932
41214: 0.998932
41215: 0.998932
41216: 0.998932
41217: 0.998933
41218: 0.998933
41219: 0.998933
41220: 0.998933
41221: 0.998933
41222: 0.998933
41223: 0.998933
41224: 0.998933
41225: 0.998933
41226: 0.998933
41227: 0.998933
41228: 0.998933
41229: 0.998933
41230: 0.998933
41231: 0.998933
41232: 0.998933
41233: 0.998933
41234: 0.998933
41235: 0.998933
41236: 0.998933
41237: 0.998933
41238: 0.998933
41239: 0.998933
41240: 0.998933
41241: 0.998933
41242: 0.998933
41243: 0.998933
41244: 0.998933
41245: 0.998933
41246: 0.998933
41247: 0.998933
41248: 0.998933
41249: 0.998933
41250: 0.998933
41251: 0.998933
41252: 0.998933
41253: 0.998933
41254: 0.998933
41255: 0.998933
41256: 0.998934
41257: 0.998934
41258: 0.998934
41259: 0.998934
41260: 0.998934
41261: 0.998934
41262: 0.998934
41263: 0.998934
41264: 0.998934
41265: 0.998934
41266: 0.998934
41267: 0.998934
41268: 0.998934
41269: 0.998934
41270: 0.998934
41271: 0.998934
41272: 0.998934
41273: 0.998934
41274: 0.998934
41275: 0.998934
41276: 0.998934
41277: 0.998934
41278: 0.998934
41279: 0.998934
41280: 0.998934
41281: 0.998934
41282: 0.998934
41283: 0.998934
41284: 0.998934
41285: 0.998934
41286: 0.998934
41287: 0.998934
41288: 0.998934
41289: 0.998934
41290: 0.998934
41291: 0.998934
41292: 0.998934
41293: 0.998934
41294: 0.998934
41295: 0.998935
41296: 0.998935
41297: 0.998935
41298: 0.998935
41299: 0.998935
41300: 0.998935
41301: 0.998935
41302: 0.998935
41303: 0.998935
41304: 0.998935
41305: 0.998935
41306: 0.998935
41307: 0.998935
41308: 0.998935
41309: 0.998935
41310: 0.998935
41311: 0.998935
41312: 0.998935
41313: 0.998935
41314: 0.998935
41315: 0.998935
41316: 0.998935
41317: 0.998935
41318: 0.998935
41319: 0.998935
41320: 0.998935
41321: 0.998935
41322: 0.998935
41323: 0.998935
41324: 0.998935
41325: 0.998935
41326: 0.998935
41327: 0.998935
41328: 0.998935
41329: 0.998935
41330: 0.998935
41331: 0.998935
41332: 0.998935
41333: 0.998936
41334: 0.998936
41335: 0.998936
41336: 0.998936
41337: 0.998936
41338: 0.998936
41339: 0.998936
41340: 0.998936
41341: 0.998936
41342: 0.998936
41343: 0.998936
41344: 0.998936
41345: 0.998936
41346: 0.998936
41347: 0.998936
41348: 0.998936
41349: 0.998936
41350: 0.998936
41351: 0.998936
41352: 0.998936
41353: 0.998936
41354: 0.998936
41355: 0.998936
41356: 0.998936
41357: 0.998936
41358: 0.998936
41359: 0.998936
41360: 0.998936
41361: 0.998936
41362: 0.998936
41363: 0.998936
41364: 0.998936
41365: 0.998936
41366: 0.998936
41367: 0.998936
41368: 0.998936
41369: 0.998936
41370: 0.998936
41371: 0.998936
41372: 0.998937
41373: 0.998937
41374: 0.998937
41375: 0.998937
41376: 0.998937
41377: 0.998937
41378: 0.998937
41379: 0.998937
41380: 0.998937
41381: 0.998937
41382: 0.998937
41383: 0.998937
41384: 0.998937
41385: 0.998937
41386: 0.998937
41387: 0.998937
41388: 0.998937
41389: 0.998937
41390: 0.998937
41391: 0.998937
41392: 0.998937
41393: 0.998937
41394: 0.998937
41395: 0.998937
41396: 0.998937
41397: 0.998937
41398: 0.998937
41399: 0.998937
41400: 0.998937
41401: 0.998937
41402: 0.998937
41403: 0.998937
41404: 0.998937
41405: 0.998937
41406: 0.998937
41407: 0.998937
41408: 0.998937
41409: 0.998937
41410: 0.998937
41411: 0.998938
41412: 0.998938
41413: 0.998938
41414: 0.998938
41415: 0.998938
41416: 0.998938
41417: 0.998938
41418: 0.998938
41419: 0.998938
41420: 0.998938
41421: 0.998938
41422: 0.998938
41423: 0.998938
41424: 0.998938
41425: 0.998938
41426: 0.998938
41427: 0.998938
41428: 0.998938
41429: 0.998938
41430: 0.998938
41431: 0.998938
41432: 0.998938
41433: 0.998938
41434: 0.998938
41435: 0.998938
41436: 0.998938
41437: 0.998938
41438: 0.998938
41439: 0.998938
41440: 0.998938
41441: 0.998938
41442: 0.998938
41443: 0.998938
41444: 0.998938
41445: 0.998938
41446: 0.998938
41447: 0.998938
41448: 0.998938
41449: 0.998938
41450: 0.998939
41451: 0.998939
41452: 0.998939
41453: 0.998939
41454: 0.998939
41455: 0.998939
41456: 0.998939
41457: 0.998939
41458: 0.998939
41459: 0.998939
41460: 0.998939
41461: 0.998939
41462: 0.998939
41463: 0.998939
41464: 0.998939
41465: 0.998939
41466: 0.998939
41467: 0.998939
41468: 0.998939
41469: 0.998939
41470: 0.998939
41471: 0.998939
41472: 0.998939
41473: 0.998939
41474: 0.998939
41475: 0.998939
41476: 0.998939
41477: 0.998939
41478: 0.998939
41479: 0.998939
41480: 0.998939
41481: 0.998939
41482: 0.998939
41483: 0.998939
41484: 0.998939
41485: 0.998939
41486: 0.998939
41487: 0.998939
41488: 0.998939
41489: 0.99894
41490: 0.99894
41491: 0.99894
41492: 0.99894
41493: 0.99894
41494: 0.99894
41495: 0.99894
41496: 0.99894
41497: 0.99894
41498: 0.99894
41499: 0.99894
41500: 0.99894
41501: 0.99894
41502: 0.99894
41503: 0.99894
41504: 0.99894
41505: 0.99894
41506: 0.99894
41507: 0.99894
41508: 0.99894
41509: 0.99894
41510: 0.99894
41511: 0.99894
41512: 0.99894
41513: 0.99894
41514: 0.99894
41515: 0.99894
41516: 0.99894
41517: 0.99894
41518: 0.99894
41519: 0.99894
41520: 0.99894
41521: 0.99894
41522: 0.99894
41523: 0.99894
41524: 0.99894
41525: 0.99894
41526: 0.99894
41527: 0.99894
41528: 0.99894
41529: 0.998941
41530: 0.998941
41531: 0.998941
41532: 0.998941
41533: 0.998941
41534: 0.998941
41535: 0.998941
41536: 0.998941
41537: 0.998941
41538: 0.998941
41539: 0.998941
41540: 0.998941
41541: 0.998941
41542: 0.998941
41543: 0.998941
41544: 0.998941
41545: 0.998941
41546: 0.998941
41547: 0.998941
41548: 0.998941
41549: 0.998941
41550: 0.998941
41551: 0.998941
41552: 0.998941
41553: 0.998941
41554: 0.998941
41555: 0.998941
41556: 0.998941
41557: 0.998941
41558: 0.998941
41559: 0.998941
41560: 0.998941
41561: 0.998941
41562: 0.998941
41563: 0.998941
41564: 0.998941
41565: 0.998941
41566: 0.998941
41567: 0.998941
41568: 0.998942
41569: 0.998942
41570: 0.998942
41571: 0.998942
41572: 0.998942
41573: 0.998942
41574: 0.998942
41575: 0.998942
41576: 0.998942
41577: 0.998942
41578: 0.998942
41579: 0.998942
41580: 0.998942
41581: 0.998942
41582: 0.998942
41583: 0.998942
41584: 0.998942
41585: 0.998942
41586: 0.998942
41587: 0.998942
41588: 0.998942
41589: 0.998942
41590: 0.998942
41591: 0.998942
41592: 0.998942
41593: 0.998942
41594: 0.998942
41595: 0.998942
41596: 0.998942
41597: 0.998942
41598: 0.998942
41599: 0.998942
41600: 0.998942
41601: 0.998942
41602: 0.998942
41603: 0.998942
41604: 0.998942
41605: 0.998942
41606: 0.998942
41607: 0.998943
41608: 0.998943
41609: 0.998943
41610: 0.998943
41611: 0.998943
41612: 0.998943
41613: 0.998943
41614: 0.998943
41615: 0.998943
41616: 0.998943
41617: 0.998943
41618: 0.998943
41619: 0.998943
41620: 0.998943
41621: 0.998943
41622: 0.998943
41623: 0.998943
41624: 0.998943
41625: 0.998943
41626: 0.998943
41627: 0.998943
41628: 0.998943
41629: 0.998943
41630: 0.998943
41631: 0.998943
41632: 0.998943
41633: 0.998943
41634: 0.998943
41635: 0.998943
41636: 0.998943
41637: 0.998943
41638: 0.998943
41639: 0.998943
41640: 0.998943
41641: 0.998943
41642: 0.998943
41643: 0.998943
41644: 0.998943
41645: 0.998943
41646: 0.998944
41647: 0.998944
41648: 0.998944
41649: 0.998944
41650: 0.998944
41651: 0.998944
41652: 0.998944
41653: 0.998944
41654: 0.998944
41655: 0.998944
41656: 0.998944
41657: 0.998944
41658: 0.998944
41659: 0.998944
41660: 0.998944
41661: 0.998944
41662: 0.998944
41663: 0.998944
41664: 0.998944
41665: 0.998944
41666: 0.998944
41667: 0.998944
41668: 0.998944
41669: 0.998944
41670: 0.998944
41671: 0.998944
41672: 0.998944
41673: 0.998944
41674: 0.998944
41675: 0.998944
41676: 0.998944
41677: 0.998944
41678: 0.998944
41679: 0.998944
41680: 0.998944
41681: 0.998944
41682: 0.998944
41683: 0.998944
41684: 0.998944
41685: 0.998944
41686: 0.998945
41687: 0.998945
41688: 0.998945
41689: 0.998945
41690: 0.998945
41691: 0.998945
41692: 0.998945
41693: 0.998945
41694: 0.998945
41695: 0.998945
41696: 0.998945
41697: 0.998945
41698: 0.998945
41699: 0.998945
41700: 0.998945
41701: 0.998945
41702: 0.998945
41703: 0.998945
41704: 0.998945
41705: 0.998945
41706: 0.998945
41707: 0.998945
41708: 0.998945
41709: 0.998945
41710: 0.998945
41711: 0.998945
41712: 0.998945
41713: 0.998945
41714: 0.998945
41715: 0.998945
41716: 0.998945
41717: 0.998945
41718: 0.998945
41719: 0.998945
41720: 0.998945
41721: 0.998945
41722: 0.998945
41723: 0.998945
41724: 0.998945
41725: 0.998946
41726: 0.998946
41727: 0.998946
41728: 0.998946
41729: 0.998946
41730: 0.998946
41731: 0.998946
41732: 0.998946
41733: 0.998946
41734: 0.998946
41735: 0.998946
41736: 0.998946
41737: 0.998946
41738: 0.998946
41739: 0.998946
41740: 0.998946
41741: 0.998946
41742: 0.998946
41743: 0.998946
41744: 0.998946
41745: 0.998946
41746: 0.998946
41747: 0.998946
41748: 0.998946
41749: 0.998946
41750: 0.998946
41751: 0.998946
41752: 0.998946
41753: 0.998946
41754: 0.998946
41755: 0.998946
41756: 0.998946
41757: 0.998946
41758: 0.998946
41759: 0.998946
41760: 0.998946
41761: 0.998946
41762: 0.998946
41763: 0.998946
41764: 0.998946
41765: 0.998947
41766: 0.998947
41767: 0.998947
41768: 0.998947
41769: 0.998947
41770: 0.998947
41771: 0.998947
41772: 0.998947
41773: 0.998947
41774: 0.998947
41775: 0.998947
41776: 0.998947
41777: 0.998947
41778: 0.998947
41779: 0.998947
41780: 0.998947
41781: 0.998947
41782: 0.998947
41783: 0.998947
41784: 0.998947
41785: 0.998947
41786: 0.998947
41787: 0.998947
41788: 0.998947
41789: 0.998947
41790: 0.998947
41791: 0.998947
41792: 0.998947
41793: 0.998947
41794: 0.998947
41795: 0.998947
41796: 0.998947
41797: 0.998947
41798: 0.998947
41799: 0.998947
41800: 0.998947
41801: 0.998947
41802: 0.998947
41803: 0.998947
41804: 0.998947
41805: 0.998948
41806: 0.998948
41807: 0.998948
41808: 0.998948
41809: 0.998948
41810: 0.998948
41811: 0.998948
41812: 0.998948
41813: 0.998948
41814: 0.998948
41815: 0.998948
41816: 0.998948
41817: 0.998948
41818: 0.998948
41819: 0.998948
41820: 0.998948
41821: 0.998948
41822: 0.998948
41823: 0.998948
41824: 0.998948
41825: 0.998948
41826: 0.998948
41827: 0.998948
41828: 0.998948
41829: 0.998948
41830: 0.998948
41831: 0.998948
41832: 0.998948
41833: 0.998948
41834: 0.998948
41835: 0.998948
41836: 0.998948
41837: 0.998948
41838: 0.998948
41839: 0.998948
41840: 0.998948
41841: 0.998948
41842: 0.998948
41843: 0.998948
41844: 0.998949
41845: 0.998949
41846: 0.998949
41847: 0.998949
41848: 0.998949
41849: 0.998949
41850: 0.998949
41851: 0.998949
41852: 0.998949
41853: 0.998949
41854: 0.998949
41855: 0.998949
41856: 0.998949
41857: 0.998949
41858: 0.998949
41859: 0.998949
41860: 0.998949
41861: 0.998949
41862: 0.998949
41863: 0.998949
41864: 0.998949
41865: 0.998949
41866: 0.998949
41867: 0.998949
41868: 0.998949
41869: 0.998949
41870: 0.998949
41871: 0.998949
41872: 0.998949
41873: 0.998949
41874: 0.998949
41875: 0.998949
41876: 0.998949
41877: 0.998949
41878: 0.998949
41879: 0.998949
41880: 0.998949
41881: 0.998949
41882: 0.998949
41883: 0.998949
41884: 0.99895
41885: 0.99895
41886: 0.99895
41887: 0.99895
41888: 0.99895
41889: 0.99895
41890: 0.99895
41891: 0.99895
41892: 0.99895
41893: 0.99895
41894: 0.99895
41895: 0.99895
41896: 0.99895
41897: 0.99895
41898: 0.99895
41899: 0.99895
41900: 0.99895
41901: 0.99895
41902: 0.99895
41903: 0.99895
41904: 0.99895
41905: 0.99895
41906: 0.99895
41907: 0.99895
41908: 0.99895
41909: 0.99895
41910: 0.99895
41911: 0.99895
41912: 0.99895
41913: 0.99895
41914: 0.99895
41915: 0.99895
41916: 0.99895
41917: 0.99895
41918: 0.99895
41919: 0.99895
41920: 0.99895
41921: 0.99895
41922: 0.99895
41923: 0.99895
41924: 0.998951
41925: 0.998951
41926: 0.998951
41927: 0.998951
41928: 0.998951
41929: 0.998951
41930: 0.998951
41931: 0.998951
41932: 0.998951
41933: 0.998951
41934: 0.998951
41935: 0.998951
41936: 0.998951
41937: 0.998951
41938: 0.998951
41939: 0.998951
41940: 0.998951
41941: 0.998951
41942: 0.998951
41943: 0.998951
41944: 0.998951
41945: 0.998951
41946: 0.998951
41947: 0.998951
41948: 0.998951
41949: 0.998951
41950: 0.998951
41951: 0.998951
41952: 0.998951
41953: 0.998951
41954: 0.998951
41955: 0.998951
41956: 0.998951
41957: 0.998951
41958: 0.998951
41959: 0.998951
41960: 0.998951
41961: 0.998951
41962: 0.998951
41963: 0.998951
41964: 0.998952
41965: 0.998952
41966: 0.998952
41967: 0.998952
41968: 0.998952
41969: 0.998952
41970: 0.998952
41971: 0.998952
41972: 0.998952
41973: 0.998952
41974: 0.998952
41975: 0.998952
41976: 0.998952
41977: 0.998952
41978: 0.998952
41979: 0.998952
41980: 0.998952
41981: 0.998952
41982: 0.998952
41983: 0.998952
41984: 0.998952
41985: 0.998952
41986: 0.998952
41987: 0.998952
41988: 0.998952
41989: 0.998952
41990: 0.998952
41991: 0.998952
41992: 0.998952
41993: 0.998952
41994: 0.998952
41995: 0.998952
41996: 0.998952
41997: 0.998952
41998: 0.998952
41999: 0.998952
42000: 0.998952
42001: 0.998952
42002: 0.998952
42003: 0.998952
42004: 0.998953
42005: 0.998953
42006: 0.998953
42007: 0.998953
42008: 0.998953
42009: 0.998953
42010: 0.998953
42011: 0.998953
42012: 0.998953
42013: 0.998953
42014: 0.998953
42015: 0.998953
42016: 0.998953
42017: 0.998953
42018: 0.998953
42019: 0.998953
42020: 0.998953
42021: 0.998953
42022: 0.998953
42023: 0.998953
42024: 0.998953
42025: 0.998953
42026: 0.998953
42027: 0.998953
42028: 0.998953
42029: 0.998953
42030: 0.998953
42031: 0.998953
42032: 0.998953
42033: 0.998953
42034: 0.998953
42035: 0.998953
42036: 0.998953
42037: 0.998953
42038: 0.998953
42039: 0.998953
42040: 0.998953
42041: 0.998953
42042: 0.998953
42043: 0.998953
42044: 0.998954
42045: 0.998954
42046: 0.998954
42047: 0.998954
42048: 0.998954
42049: 0.998954
42050: 0.998954
42051: 0.998954
42052: 0.998954
42053: 0.998954
42054: 0.998954
42055: 0.998954
42056: 0.998954
42057: 0.998954
42058: 0.998954
42059: 0.998954
42060: 0.998954
42061: 0.998954
42062: 0.998954
42063: 0.998954
42064: 0.998954
42065: 0.998954
42066: 0.998954
42067: 0.998954
42068: 0.998954
42069: 0.998954
42070: 0.998954
42071: 0.998954
42072: 0.998954
42073: 0.998954
42074: 0.998954
42075: 0.998954
42076: 0.998954
42077: 0.998954
42078: 0.998954
42079: 0.998954
42080: 0.998954
42081: 0.998954
42082: 0.998954
42083: 0.998954
42084: 0.998954
42085: 0.998955
42086: 0.998955
42087: 0.998955
42088: 0.998955
42089: 0.998955
42090: 0.998955
42091: 0.998955
42092: 0.998955
42093: 0.998955
42094: 0.998955
42095: 0.998955
42096: 0.998955
42097: 0.998955
42098: 0.998955
42099: 0.998955
42100: 0.998955
42101: 0.998955
42102: 0.998955
42103: 0.998955
42104: 0.998955
42105: 0.998955
42106: 0.998955
42107: 0.998955
42108: 0.998955
42109: 0.998955
42110: 0.998955
42111: 0.998955
42112: 0.998955
42113: 0.998955
42114: 0.998955
42115: 0.998955
42116: 0.998955
42117: 0.998955
42118: 0.998955
42119: 0.998955
42120: 0.998955
42121: 0.998955
42122: 0.998955
42123: 0.998955
42124: 0.998955
42125: 0.998956
42126: 0.998956
42127: 0.998956
42128: 0.998956
42129: 0.998956
42130: 0.998956
42131: 0.998956
42132: 0.998956
42133: 0.998956
42134: 0.998956
42135: 0.998956
42136: 0.998956
42137: 0.998956
42138: 0.998956
42139: 0.998956
42140: 0.998956
42141: 0.998956
42142: 0.998956
42143: 0.998956
42144: 0.998956
42145: 0.998956
42146: 0.998956
42147: 0.998956
42148: 0.998956
42149: 0.998956
42150: 0.998956
42151: 0.998956
42152: 0.998956
42153: 0.998956
42154: 0.998956
42155: 0.998956
42156: 0.998956
42157: 0.998956
42158: 0.998956
42159: 0.998956
42160: 0.998956
42161: 0.998956
42162: 0.998956
42163: 0.998956
42164: 0.998956
42165: 0.998957
42166: 0.998957
42167: 0.998957
42168: 0.998957
42169: 0.998957
42170: 0.998957
42171: 0.998957
42172: 0.998957
42173: 0.998957
42174: 0.998957
42175: 0.998957
42176: 0.998957
42177: 0.998957
42178: 0.998957
42179: 0.998957
42180: 0.998957
42181: 0.998957
42182: 0.998957
42183: 0.998957
42184: 0.998957
42185: 0.998957
42186: 0.998957
42187: 0.998957
42188: 0.998957
42189: 0.998957
42190: 0.998957
42191: 0.998957
42192: 0.998957
42193: 0.998957
42194: 0.998957
42195: 0.998957
42196: 0.998957
42197: 0.998957
42198: 0.998957
42199: 0.998957
42200: 0.998957
42201: 0.998957
42202: 0.998957
42203: 0.998957
42204: 0.998957
42205: 0.998957
42206: 0.998958
42207: 0.998958
42208: 0.998958
42209: 0.998958
42210: 0.998958
42211: 0.998958
42212: 0.998958
42213: 0.998958
42214: 0.998958
42215: 0.998958
42216: 0.998958
42217: 0.998958
42218: 0.998958
42219: 0.998958
42220: 0.998958
42221: 0.998958
42222: 0.998958
42223: 0.998958
42224: 0.998958
42225: 0.998958
42226: 0.998958
42227: 0.998958
42228: 0.998958
42229: 0.998958
42230: 0.998958
42231: 0.998958
42232: 0.998958
42233: 0.998958
42234: 0.998958
42235: 0.998958
42236: 0.998958
42237: 0.998958
42238: 0.998958
42239: 0.998958
42240: 0.998958
42241: 0.998958
42242: 0.998958
42243: 0.998958
42244: 0.998958
42245: 0.998958
42246: 0.998959
42247: 0.998959
42248: 0.998959
42249: 0.998959
42250: 0.998959
42251: 0.998959
42252: 0.998959
42253: 0.998959
42254: 0.998959
42255: 0.998959
42256: 0.998959
42257: 0.998959
42258: 0.998959
42259: 0.998959
42260: 0.998959
42261: 0.998959
42262: 0.998959
42263: 0.998959
42264: 0.998959
42265: 0.998959
42266: 0.998959
42267: 0.998959
42268: 0.998959
42269: 0.998959
42270: 0.998959
42271: 0.998959
42272: 0.998959
42273: 0.998959
42274: 0.998959
42275: 0.998959
42276: 0.998959
42277: 0.998959
42278: 0.998959
42279: 0.998959
42280: 0.998959
42281: 0.998959
42282: 0.998959
42283: 0.998959
42284: 0.998959
42285: 0.998959
42286: 0.998959
42287: 0.99896
42288: 0.99896
42289: 0.99896
42290: 0.99896
42291: 0.99896
42292: 0.99896
42293: 0.99896
42294: 0.99896
42295: 0.99896
42296: 0.99896
42297: 0.99896
42298: 0.99896
42299: 0.99896
42300: 0.99896
42301: 0.99896
42302: 0.99896
42303: 0.99896
42304: 0.99896
42305: 0.99896
42306: 0.99896
42307: 0.99896
42308: 0.99896
42309: 0.99896
42310: 0.99896
42311: 0.99896
42312: 0.99896
42313: 0.99896
42314: 0.99896
42315: 0.99896
42316: 0.99896
42317: 0.99896
42318: 0.99896
42319: 0.99896
42320: 0.99896
42321: 0.99896
42322: 0.99896
42323: 0.99896
42324: 0.99896
42325: 0.99896
42326: 0.99896
42327: 0.99896
42328: 0.998961
42329: 0.998961
42330: 0.998961
42331: 0.998961
42332: 0.998961
42333: 0.998961
42334: 0.998961
42335: 0.998961
42336: 0.998961
42337: 0.998961
42338: 0.998961
42339: 0.998961
42340: 0.998961
42341: 0.998961
42342: 0.998961
42343: 0.998961
42344: 0.998961
42345: 0.998961
42346: 0.998961
42347: 0.998961
42348: 0.998961
42349: 0.998961
42350: 0.998961
42351: 0.998961
42352: 0.998961
42353: 0.998961
42354: 0.998961
42355: 0.998961
42356: 0.998961
42357: 0.998961
42358: 0.998961
42359: 0.998961
42360: 0.998961
42361: 0.998961
42362: 0.998961
42363: 0.998961
42364: 0.998961
42365: 0.998961
42366: 0.998961
42367: 0.998961
42368: 0.998962
42369: 0.998962
42370: 0.998962
42371: 0.998962
42372: 0.998962
42373: 0.998962
42374: 0.998962
42375: 0.998962
42376: 0.998962
42377: 0.998962
42378: 0.998962
42379: 0.998962
42380: 0.998962
42381: 0.998962
42382: 0.998962
42383: 0.998962
42384: 0.998962
42385: 0.998962
42386: 0.998962
42387: 0.998962
42388: 0.998962
42389: 0.998962
42390: 0.998962
42391: 0.998962
42392: 0.998962
42393: 0.998962
42394: 0.998962
42395: 0.998962
42396: 0.998962
42397: 0.998962
42398: 0.998962
42399: 0.998962
42400: 0.998962
42401: 0.998962
42402: 0.998962
42403: 0.998962
42404: 0.998962
42405: 0.998962
42406: 0.998962
42407: 0.998962
42408: 0.998962
42409: 0.998963
42410: 0.998963
42411: 0.998963
42412: 0.998963
42413: 0.998963
42414: 0.998963
42415: 0.998963
42416: 0.998963
42417: 0.998963
42418: 0.998963
42419: 0.998963
42420: 0.998963
42421: 0.998963
42422: 0.998963
42423: 0.998963
42424: 0.998963
42425: 0.998963
42426: 0.998963
42427: 0.998963
42428: 0.998963
42429: 0.998963
42430: 0.998963
42431: 0.998963
42432: 0.998963
42433: 0.998963
42434: 0.998963
42435: 0.998963
42436: 0.998963
42437: 0.998963
42438: 0.998963
42439: 0.998963
42440: 0.998963
42441: 0.998963
42442: 0.998963
42443: 0.998963
42444: 0.998963
42445: 0.998963
42446: 0.998963
42447: 0.998963
42448: 0.998963
42449: 0.998963
42450: 0.998964
42451: 0.998964
42452: 0.998964
42453: 0.998964
42454: 0.998964
42455: 0.998964
42456: 0.998964
42457: 0.998964
42458: 0.998964
42459: 0.998964
42460: 0.998964
42461: 0.998964
42462: 0.998964
42463: 0.998964
42464: 0.998964
42465: 0.998964
42466: 0.998964
42467: 0.998964
42468: 0.998964
42469: 0.998964
42470: 0.998964
42471: 0.998964
42472: 0.998964
42473: 0.998964
42474: 0.998964
42475: 0.998964
42476: 0.998964
42477: 0.998964
42478: 0.998964
42479: 0.998964
42480: 0.998964
42481: 0.998964
42482: 0.998964
42483: 0.998964
42484: 0.998964
42485: 0.998964
42486: 0.998964
42487: 0.998964
42488: 0.998964
42489: 0.998964
42490: 0.998964
42491: 0.998965
42492: 0.998965
42493: 0.998965
42494: 0.998965
42495: 0.998965
42496: 0.998965
42497: 0.998965
42498: 0.998965
42499: 0.998965
42500: 0.998965
42501: 0.998965
42502: 0.998965
42503: 0.998965
42504: 0.998965
42505: 0.998965
42506: 0.998965
42507: 0.998965
42508: 0.998965
42509: 0.998965
42510: 0.998965
42511: 0.998965
42512: 0.998965
42513: 0.998965
42514: 0.998965
42515: 0.998965
42516: 0.998965
42517: 0.998965
42518: 0.998965
42519: 0.998965
42520: 0.998965
42521: 0.998965
42522: 0.998965
42523: 0.998965
42524: 0.998965
42525: 0.998965
42526: 0.998965
42527: 0.998965
42528: 0.998965
42529: 0.998965
42530: 0.998965
42531: 0.998965
42532: 0.998966
42533: 0.998966
42534: 0.998966
42535: 0.998966
42536: 0.998966
42537: 0.998966
42538: 0.998966
42539: 0.998966
42540: 0.998966
42541: 0.998966
42542: 0.998966
42543: 0.998966
42544: 0.998966
42545: 0.998966
42546: 0.998966
42547: 0.998966
42548: 0.998966
42549: 0.998966
42550: 0.998966
42551: 0.998966
42552: 0.998966
42553: 0.998966
42554: 0.998966
42555: 0.998966
42556: 0.998966
42557: 0.998966
42558: 0.998966
42559: 0.998966
42560: 0.998966
42561: 0.998966
42562: 0.998966
42563: 0.998966
42564: 0.998966
42565: 0.998966
42566: 0.998966
42567: 0.998966
42568: 0.998966
42569: 0.998966
42570: 0.998966
42571: 0.998966
42572: 0.998966
42573: 0.998967
42574: 0.998967
42575: 0.998967
42576: 0.998967
42577: 0.998967
42578: 0.998967
42579: 0.998967
42580: 0.998967
42581: 0.998967
42582: 0.998967
42583: 0.998967
42584: 0.998967
42585: 0.998967
42586: 0.998967
42587: 0.998967
42588: 0.998967
42589: 0.998967
42590: 0.998967
42591: 0.998967
42592: 0.998967
42593: 0.998967
42594: 0.998967
42595: 0.998967
42596: 0.998967
42597: 0.998967
42598: 0.998967
42599: 0.998967
42600: 0.998967
42601: 0.998967
42602: 0.998967
42603: 0.998967
42604: 0.998967
42605: 0.998967
42606: 0.998967
42607: 0.998967
42608: 0.998967
42609: 0.998967
42610: 0.998967
42611: 0.998967
42612: 0.998967
42613: 0.998967
42614: 0.998967
42615: 0.998968
42616: 0.998968
42617: 0.998968
42618: 0.998968
42619: 0.998968
42620: 0.998968
42621: 0.998968
42622: 0.998968
42623: 0.998968
42624: 0.998968
42625: 0.998968
42626: 0.998968
42627: 0.998968
42628: 0.998968
42629: 0.998968
42630: 0.998968
42631: 0.998968
42632: 0.998968
42633: 0.998968
42634: 0.998968
42635: 0.998968
42636: 0.998968
42637: 0.998968
42638: 0.998968
42639: 0.998968
42640: 0.998968
42641: 0.998968
42642: 0.998968
42643: 0.998968
42644: 0.998968
42645: 0.998968
42646: 0.998968
42647: 0.998968
42648: 0.998968
42649: 0.998968
42650: 0.998968
42651: 0.998968
42652: 0.998968
42653: 0.998968
42654: 0.998968
42655: 0.998968
42656: 0.998969
42657: 0.998969
42658: 0.998969
42659: 0.998969
42660: 0.998969
42661: 0.998969
42662: 0.998969
42663: 0.998969
42664: 0.998969
42665: 0.998969
42666: 0.998969
42667: 0.998969
42668: 0.998969
42669: 0.998969
42670: 0.998969
42671: 0.998969
42672: 0.998969
42673: 0.998969
42674: 0.998969
42675: 0.998969
42676: 0.998969
42677: 0.998969
42678: 0.998969
42679: 0.998969
42680: 0.998969
42681: 0.998969
42682: 0.998969
42683: 0.998969
42684: 0.998969
42685: 0.998969
42686: 0.998969
42687: 0.998969
42688: 0.998969
42689: 0.998969
42690: 0.998969
42691: 0.998969
42692: 0.998969
42693: 0.998969
42694: 0.998969
42695: 0.998969
42696: 0.998969
42697: 0.99897
42698: 0.99897
42699: 0.99897
42700: 0.99897
42701: 0.99897
42702: 0.99897
42703: 0.99897
42704: 0.99897
42705: 0.99897
42706: 0.99897
42707: 0.99897
42708: 0.99897
42709: 0.99897
42710: 0.99897
42711: 0.99897
42712: 0.99897
42713: 0.99897
42714: 0.99897
42715: 0.99897
42716: 0.99897
42717: 0.99897
42718: 0.99897
42719: 0.99897
42720: 0.99897
42721: 0.99897
42722: 0.99897
42723: 0.99897
42724: 0.99897
42725: 0.99897
42726: 0.99897
42727: 0.99897
42728: 0.99897
42729: 0.99897
42730: 0.99897
42731: 0.99897
42732: 0.99897
42733: 0.99897
42734: 0.99897
42735: 0.99897
42736: 0.99897
42737: 0.99897
42738: 0.99897
42739: 0.998971
42740: 0.998971
42741: 0.998971
42742: 0.998971
42743: 0.998971
42744: 0.998971
42745: 0.998971
42746: 0.998971
42747: 0.998971
42748: 0.998971
42749: 0.998971
42750: 0.998971
42751: 0.998971
42752: 0.998971
42753: 0.998971
42754: 0.998971
42755: 0.998971
42756: 0.998971
42757: 0.998971
42758: 0.998971
42759: 0.998971
42760: 0.998971
42761: 0.998971
42762: 0.998971
42763: 0.998971
42764: 0.998971
42765: 0.998971
42766: 0.998971
42767: 0.998971
42768: 0.998971
42769: 0.998971
42770: 0.998971
42771: 0.998971
42772: 0.998971
42773: 0.998971
42774: 0.998971
42775: 0.998971
42776: 0.998971
42777: 0.998971
42778: 0.998971
42779: 0.998971
42780: 0.998972
42781: 0.998972
42782: 0.998972
42783: 0.998972
42784: 0.998972
42785: 0.998972
42786: 0.998972
42787: 0.998972
42788: 0.998972
42789: 0.998972
42790: 0.998972
42791: 0.998972
42792: 0.998972
42793: 0.998972
42794: 0.998972
42795: 0.998972
42796: 0.998972
42797: 0.998972
42798: 0.998972
42799: 0.998972
42800: 0.998972
42801: 0.998972
42802: 0.998972
42803: 0.998972
42804: 0.998972
42805: 0.998972
42806: 0.998972
42807: 0.998972
42808: 0.998972
42809: 0.998972
42810: 0.998972
42811: 0.998972
42812: 0.998972
42813: 0.998972
42814: 0.998972
42815: 0.998972
42816: 0.998972
42817: 0.998972
42818: 0.998972
42819: 0.998972
42820: 0.998972
42821: 0.998972
42822: 0.998973
42823: 0.998973
42824: 0.998973
42825: 0.998973
42826: 0.998973
42827: 0.998973
42828: 0.998973
42829: 0.998973
42830: 0.998973
42831: 0.998973
42832: 0.998973
42833: 0.998973
42834: 0.998973
42835: 0.998973
42836: 0.998973
42837: 0.998973
42838: 0.998973
42839: 0.998973
42840: 0.998973
42841: 0.998973
42842: 0.998973
42843: 0.998973
42844: 0.998973
42845: 0.998973
42846: 0.998973
42847: 0.998973
42848: 0.998973
42849: 0.998973
42850: 0.998973
42851: 0.998973
42852: 0.998973
42853: 0.998973
42854: 0.998973
42855: 0.998973
42856: 0.998973
42857: 0.998973
42858: 0.998973
42859: 0.998973
42860: 0.998973
42861: 0.998973
42862: 0.998973
42863: 0.998973
42864: 0.998974
42865: 0.998974
42866: 0.998974
42867: 0.998974
42868: 0.998974
42869: 0.998974
42870: 0.998974
42871: 0.998974
42872: 0.998974
42873: 0.998974
42874: 0.998974
42875: 0.998974
42876: 0.998974
42877: 0.998974
42878: 0.998974
42879: 0.998974
42880: 0.998974
42881: 0.998974
42882: 0.998974
42883: 0.998974
42884: 0.998974
42885: 0.998974
42886: 0.998974
42887: 0.998974
42888: 0.998974
42889: 0.998974
42890: 0.998974
42891: 0.998974
42892: 0.998974
42893: 0.998974
42894: 0.998974
42895: 0.998974
42896: 0.998974
42897: 0.998974
42898: 0.998974
42899: 0.998974
42900: 0.998974
42901: 0.998974
42902: 0.998974
42903: 0.998974
42904: 0.998974
42905: 0.998975
42906: 0.998975
42907: 0.998975
42908: 0.998975
42909: 0.998975
42910: 0.998975
42911: 0.998975
42912: 0.998975
42913: 0.998975
42914: 0.998975
42915: 0.998975
42916: 0.998975
42917: 0.998975
42918: 0.998975
42919: 0.998975
42920: 0.998975
42921: 0.998975
42922: 0.998975
42923: 0.998975
42924: 0.998975
42925: 0.998975
42926: 0.998975
42927: 0.998975
42928: 0.998975
42929: 0.998975
42930: 0.998975
42931: 0.998975
42932: 0.998975
42933: 0.998975
42934: 0.998975
42935: 0.998975
42936: 0.998975
42937: 0.998975
42938: 0.998975
42939: 0.998975
42940: 0.998975
42941: 0.998975
42942: 0.998975
42943: 0.998975
42944: 0.998975
42945: 0.998975
42946: 0.998975
42947: 0.998976
42948: 0.998976
42949: 0.998976
42950: 0.998976
42951: 0.998976
42952: 0.998976
42953: 0.998976
42954: 0.998976
42955: 0.998976
42956: 0.998976
42957: 0.998976
42958: 0.998976
42959: 0.998976
42960: 0.998976
42961: 0.998976
42962: 0.998976
42963: 0.998976
42964: 0.998976
42965: 0.998976
42966: 0.998976
42967: 0.998976
42968: 0.998976
42969: 0.998976
42970: 0.998976
42971: 0.998976
42972: 0.998976
42973: 0.998976
42974: 0.998976
42975: 0.998976
42976: 0.998976
42977: 0.998976
42978: 0.998976
42979: 0.998976
42980: 0.998976
42981: 0.998976
42982: 0.998976
42983: 0.998976
42984: 0.998976
42985: 0.998976
42986: 0.998976
42987: 0.998976
42988: 0.998976
42989: 0.998977
42990: 0.998977
42991: 0.998977
42992: 0.998977
42993: 0.998977
42994: 0.998977
42995: 0.998977
42996: 0.998977
42997: 0.998977
42998: 0.998977
42999: 0.998977
43000: 0.998977
43001: 0.998977
43002: 0.998977
43003: 0.998977
43004: 0.998977
43005: 0.998977
43006: 0.998977
43007: 0.998977
43008: 0.998977
43009: 0.998977
43010: 0.998977
43011: 0.998977
43012: 0.998977
43013: 0.998977
43014: 0.998977
43015: 0.998977
43016: 0.998977
43017: 0.998977
43018: 0.998977
43019: 0.998977
43020: 0.998977
43021: 0.998977
43022: 0.998977
43023: 0.998977
43024: 0.998977
43025: 0.998977
43026: 0.998977
43027: 0.998977
43028: 0.998977
43029: 0.998977
43030: 0.998977
43031: 0.998978
43032: 0.998978
43033: 0.998978
43034: 0.998978
43035: 0.998978
43036: 0.998978
43037: 0.998978
43038: 0.998978
43039: 0.998978
43040: 0.998978
43041: 0.998978
43042: 0.998978
43043: 0.998978
43044: 0.998978
43045: 0.998978
43046: 0.998978
43047: 0.998978
43048: 0.998978
43049: 0.998978
43050: 0.998978
43051: 0.998978
43052: 0.998978
43053: 0.998978
43054: 0.998978
43055: 0.998978
43056: 0.998978
43057: 0.998978
43058: 0.998978
43059: 0.998978
43060: 0.998978
43061: 0.998978
43062: 0.998978
43063: 0.998978
43064: 0.998978
43065: 0.998978
43066: 0.998978
43067: 0.998978
43068: 0.998978
43069: 0.998978
43070: 0.998978
43071: 0.998978
43072: 0.998978
43073: 0.998979
43074: 0.998979
43075: 0.998979
43076: 0.998979
43077: 0.998979
43078: 0.998979
43079: 0.998979
43080: 0.998979
43081: 0.998979
43082: 0.998979
43083: 0.998979
43084: 0.998979
43085: 0.998979
43086: 0.998979
43087: 0.998979
43088: 0.998979
43089: 0.998979
43090: 0.998979
43091: 0.998979
43092: 0.998979
43093: 0.998979
43094: 0.998979
43095: 0.998979
43096: 0.998979
43097: 0.998979
43098: 0.998979
43099: 0.998979
43100: 0.998979
43101: 0.998979
43102: 0.998979
43103: 0.998979
43104: 0.998979
43105: 0.998979
43106: 0.998979
43107: 0.998979
43108: 0.998979
43109: 0.998979
43110: 0.998979
43111: 0.998979
43112: 0.998979
43113: 0.998979
43114: 0.998979
43115: 0.998979
43116: 0.99898
43117: 0.99898
43118: 0.99898
43119: 0.99898
43120: 0.99898
43121: 0.99898
43122: 0.99898
43123: 0.99898
43124: 0.99898
43125: 0.99898
43126: 0.99898
43127: 0.99898
43128: 0.99898
43129: 0.99898
43130: 0.99898
43131: 0.99898
43132: 0.99898
43133: 0.99898
43134: 0.99898
43135: 0.99898
43136: 0.99898
43137: 0.99898
43138: 0.99898
43139: 0.99898
43140: 0.99898
43141: 0.99898
43142: 0.99898
43143: 0.99898
43144: 0.99898
43145: 0.99898
43146: 0.99898
43147: 0.99898
43148: 0.99898
43149: 0.99898
43150: 0.99898
43151: 0.99898
43152: 0.99898
43153: 0.99898
43154: 0.99898
43155: 0.99898
43156: 0.99898
43157: 0.99898
43158: 0.998981
43159: 0.998981
43160: 0.998981
43161: 0.998981
43162: 0.998981
43163: 0.998981
43164: 0.998981
43165: 0.998981
43166: 0.998981
43167: 0.998981
43168: 0.998981
43169: 0.998981
43170: 0.998981
43171: 0.998981
43172: 0.998981
43173: 0.998981
43174: 0.998981
43175: 0.998981
43176: 0.998981
43177: 0.998981
43178: 0.998981
43179: 0.998981
43180: 0.998981
43181: 0.998981
43182: 0.998981
43183: 0.998981
43184: 0.998981
43185: 0.998981
43186: 0.998981
43187: 0.998981
43188: 0.998981
43189: 0.998981
43190: 0.998981
43191: 0.998981
43192: 0.998981
43193: 0.998981
43194: 0.998981
43195: 0.998981
43196: 0.998981
43197: 0.998981
43198: 0.998981
43199: 0.998981
43200: 0.998982
43201: 0.998982
43202: 0.998982
43203: 0.998982
43204: 0.998982
43205: 0.998982
43206: 0.998982
43207: 0.998982
43208: 0.998982
43209: 0.998982
43210: 0.998982
43211: 0.998982
43212: 0.998982
43213: 0.998982
43214: 0.998982
43215: 0.998982
43216: 0.998982
43217: 0.998982
43218: 0.998982
43219: 0.998982
43220: 0.998982
43221: 0.998982
43222: 0.998982
43223: 0.998982
43224: 0.998982
43225: 0.998982
43226: 0.998982
43227: 0.998982
43228: 0.998982
43229: 0.998982
43230: 0.998982
43231: 0.998982
43232: 0.998982
43233: 0.998982
43234: 0.998982
43235: 0.998982
43236: 0.998982
43237: 0.998982
43238: 0.998982
43239: 0.998982
43240: 0.998982
43241: 0.998982
43242: 0.998982
43243: 0.998983
43244: 0.998983
43245: 0.998983
43246: 0.998983
43247: 0.998983
43248: 0.998983
43249: 0.998983
43250: 0.998983
43251: 0.998983
43252: 0.998983
43253: 0.998983
43254: 0.998983
43255: 0.998983
43256: 0.998983
43257: 0.998983
43258: 0.998983
43259: 0.998983
43260: 0.998983
43261: 0.998983
43262: 0.998983
43263: 0.998983
43264: 0.998983
43265: 0.998983
43266: 0.998983
43267: 0.998983
43268: 0.998983
43269: 0.998983
43270: 0.998983
43271: 0.998983
43272: 0.998983
43273: 0.998983
43274: 0.998983
43275: 0.998983
43276: 0.998983
43277: 0.998983
43278: 0.998983
43279: 0.998983
43280: 0.998983
43281: 0.998983
43282: 0.998983
43283: 0.998983
43284: 0.998983
43285: 0.998984
43286: 0.998984
43287: 0.998984
43288: 0.998984
43289: 0.998984
43290: 0.998984
43291: 0.998984
43292: 0.998984
43293: 0.998984
43294: 0.998984
43295: 0.998984
43296: 0.998984
43297: 0.998984
43298: 0.998984
43299: 0.998984
43300: 0.998984
43301: 0.998984
43302: 0.998984
43303: 0.998984
43304: 0.998984
43305: 0.998984
43306: 0.998984
43307: 0.998984
43308: 0.998984
43309: 0.998984
43310: 0.998984
43311: 0.998984
43312: 0.998984
43313: 0.998984
43314: 0.998984
43315: 0.998984
43316: 0.998984
43317: 0.998984
43318: 0.998984
43319: 0.998984
43320: 0.998984
43321: 0.998984
43322: 0.998984
43323: 0.998984
43324: 0.998984
43325: 0.998984
43326: 0.998984
43327: 0.998984
43328: 0.998985
43329: 0.998985
43330: 0.998985
43331: 0.998985
43332: 0.998985
43333: 0.998985
43334: 0.998985
43335: 0.998985
43336: 0.998985
43337: 0.998985
43338: 0.998985
43339: 0.998985
43340: 0.998985
43341: 0.998985
43342: 0.998985
43343: 0.998985
43344: 0.998985
43345: 0.998985
43346: 0.998985
43347: 0.998985
43348: 0.998985
43349: 0.998985
43350: 0.998985
43351: 0.998985
43352: 0.998985
43353: 0.998985
43354: 0.998985
43355: 0.998985
43356: 0.998985
43357: 0.998985
43358: 0.998985
43359: 0.998985
43360: 0.998985
43361: 0.998985
43362: 0.998985
43363: 0.998985
43364: 0.998985
43365: 0.998985
43366: 0.998985
43367: 0.998985
43368: 0.998985
43369: 0.998985
43370: 0.998985
43371: 0.998986
43372: 0.998986
43373: 0.998986
43374: 0.998986
43375: 0.998986
43376: 0.998986
43377: 0.998986
43378: 0.998986
43379: 0.998986
43380: 0.998986
43381: 0.998986
43382: 0.998986
43383: 0.998986
43384: 0.998986
43385: 0.998986
43386: 0.998986
43387: 0.998986
43388: 0.998986
43389: 0.998986
43390: 0.998986
43391: 0.998986
43392: 0.998986
43393: 0.998986
43394: 0.998986
43395: 0.998986
43396: 0.998986
43397: 0.998986
43398: 0.998986
43399: 0.998986
43400: 0.998986
43401: 0.998986
43402: 0.998986
43403: 0.998986
43404: 0.998986
43405: 0.998986
43406: 0.998986
43407: 0.998986
43408: 0.998986
43409: 0.998986
43410: 0.998986
43411: 0.998986
43412: 0.998986
43413: 0.998987
43414: 0.998987
43415: 0.998987
43416: 0.998987
43417: 0.998987
43418: 0.998987
43419: 0.998987
43420: 0.998987
43421: 0.998987
43422: 0.998987
43423: 0.998987
43424: 0.998987
43425: 0.998987
43426: 0.998987
43427: 0.998987
43428: 0.998987
43429: 0.998987
43430: 0.998987
43431: 0.998987
43432: 0.998987
43433: 0.998987
43434: 0.998987
43435: 0.998987
43436: 0.998987
43437: 0.998987
43438: 0.998987
43439: 0.998987
43440: 0.998987
43441: 0.998987
43442: 0.998987
43443: 0.998987
43444: 0.998987
43445: 0.998987
43446: 0.998987
43447: 0.998987
43448: 0.998987
43449: 0.998987
43450: 0.998987
43451: 0.998987
43452: 0.998987
43453: 0.998987
43454: 0.998987
43455: 0.998987
43456: 0.998988
43457: 0.998988
43458: 0.998988
43459: 0.998988
43460: 0.998988
43461: 0.998988
43462: 0.998988
43463: 0.998988
43464: 0.998988
43465: 0.998988
43466: 0.998988
43467: 0.998988
43468: 0.998988
43469: 0.998988
43470: 0.998988
43471: 0.998988
43472: 0.998988
43473: 0.998988
43474: 0.998988
43475: 0.998988
43476: 0.998988
43477: 0.998988
43478: 0.998988
43479: 0.998988
43480: 0.998988
43481: 0.998988
43482: 0.998988
43483: 0.998988
43484: 0.998988
43485: 0.998988
43486: 0.998988
43487: 0.998988
43488: 0.998988
43489: 0.998988
43490: 0.998988
43491: 0.998988
43492: 0.998988
43493: 0.998988
43494: 0.998988
43495: 0.998988
43496: 0.998988
43497: 0.998988
43498: 0.998988
43499: 0.998989
43500: 0.998989
43501: 0.998989
43502: 0.998989
43503: 0.998989
43504: 0.998989
43505: 0.998989
43506: 0.998989
43507: 0.998989
43508: 0.998989
43509: 0.998989
43510: 0.998989
43511: 0.998989
43512: 0.998989
43513: 0.998989
43514: 0.998989
43515: 0.998989
43516: 0.998989
43517: 0.998989
43518: 0.998989
43519: 0.998989
43520: 0.998989
43521: 0.998989
43522: 0.998989
43523: 0.998989
43524: 0.998989
43525: 0.998989
43526: 0.998989
43527: 0.998989
43528: 0.998989
43529: 0.998989
43530: 0.998989
43531: 0.998989
43532: 0.998989
43533: 0.998989
43534: 0.998989
43535: 0.998989
43536: 0.998989
43537: 0.998989
43538: 0.998989
43539: 0.998989
43540: 0.998989
43541: 0.998989
43542: 0.99899
43543: 0.99899
43544: 0.99899
43545: 0.99899
43546: 0.99899
43547: 0.99899
43548: 0.99899
43549: 0.99899
43550: 0.99899
43551: 0.99899
43552: 0.99899
43553: 0.99899
43554: 0.99899
43555: 0.99899
43556: 0.99899
43557: 0.99899
43558: 0.99899
43559: 0.99899
43560: 0.99899
43561: 0.99899
43562: 0.99899
43563: 0.99899
43564: 0.99899
43565: 0.99899
43566: 0.99899
43567: 0.99899
43568: 0.99899
43569: 0.99899
43570: 0.99899
43571: 0.99899
43572: 0.99899
43573: 0.99899
43574: 0.99899
43575: 0.99899
43576: 0.99899
43577: 0.99899
43578: 0.99899
43579: 0.99899
43580: 0.99899
43581: 0.99899
43582: 0.99899
43583: 0.99899
43584: 0.99899
43585: 0.998991
43586: 0.998991
43587: 0.998991
43588: 0.998991
43589: 0.998991
43590: 0.998991
43591: 0.998991
43592: 0.998991
43593: 0.998991
43594: 0.998991
43595: 0.998991
43596: 0.998991
43597: 0.998991
43598: 0.998991
43599: 0.998991
43600: 0.998991
43601: 0.998991
43602: 0.998991
43603: 0.998991
43604: 0.998991
43605: 0.998991
43606: 0.998991
43607: 0.998991
43608: 0.998991
43609: 0.998991
43610: 0.998991
43611: 0.998991
43612: 0.998991
43613: 0.998991
43614: 0.998991
43615: 0.998991
43616: 0.998991
43617: 0.998991
43618: 0.998991
43619: 0.998991
43620: 0.998991
43621: 0.998991
43622: 0.998991
43623: 0.998991
43624: 0.998991
43625: 0.998991
43626: 0.998991
43627: 0.998991
43628: 0.998991
43629: 0.998992
43630: 0.998992
43631: 0.998992
43632: 0.998992
43633: 0.998992
43634: 0.998992
43635: 0.998992
43636: 0.998992
43637: 0.998992
43638: 0.998992
43639: 0.998992
43640: 0.998992
43641: 0.998992
43642: 0.998992
43643: 0.998992
43644: 0.998992
43645: 0.998992
43646: 0.998992
43647: 0.998992
43648: 0.998992
43649: 0.998992
43650: 0.998992
43651: 0.998992
43652: 0.998992
43653: 0.998992
43654: 0.998992
43655: 0.998992
43656: 0.998992
43657: 0.998992
43658: 0.998992
43659: 0.998992
43660: 0.998992
43661: 0.998992
43662: 0.998992
43663: 0.998992
43664: 0.998992
43665: 0.998992
43666: 0.998992
43667: 0.998992
43668: 0.998992
43669: 0.998992
43670: 0.998992
43671: 0.998992
43672: 0.998993
43673: 0.998993
43674: 0.998993
43675: 0.998993
43676: 0.998993
43677: 0.998993
43678: 0.998993
43679: 0.998993
43680: 0.998993
43681: 0.998993
43682: 0.998993
43683: 0.998993
43684: 0.998993
43685: 0.998993
43686: 0.998993
43687: 0.998993
43688: 0.998993
43689: 0.998993
43690: 0.998993
43691: 0.998993
43692: 0.998993
43693: 0.998993
43694: 0.998993
43695: 0.998993
43696: 0.998993
43697: 0.998993
43698: 0.998993
43699: 0.998993
43700: 0.998993
43701: 0.998993
43702: 0.998993
43703: 0.998993
43704: 0.998993
43705: 0.998993
43706: 0.998993
43707: 0.998993
43708: 0.998993
43709: 0.998993
43710: 0.998993
43711: 0.998993
43712: 0.998993
43713: 0.998993
43714: 0.998993
43715: 0.998994
43716: 0.998994
43717: 0.998994
43718: 0.998994
43719: 0.998994
43720: 0.998994
43721: 0.998994
43722: 0.998994
43723: 0.998994
43724: 0.998994
43725: 0.998994
43726: 0.998994
43727: 0.998994
43728: 0.998994
43729: 0.998994
43730: 0.998994
43731: 0.998994
43732: 0.998994
43733: 0.998994
43734: 0.998994
43735: 0.998994
43736: 0.998994
43737: 0.998994
43738: 0.998994
43739: 0.998994
43740: 0.998994
43741: 0.998994
43742: 0.998994
43743: 0.998994
43744: 0.998994
43745: 0.998994
43746: 0.998994
43747: 0.998994
43748: 0.998994
43749: 0.998994
43750: 0.998994
43751: 0.998994
43752: 0.998994
43753: 0.998994
43754: 0.998994
43755: 0.998994
43756: 0.998994
43757: 0.998994
43758: 0.998994
43759: 0.998995
43760: 0.998995
43761: 0.998995
43762: 0.998995
43763: 0.998995
43764: 0.998995
43765: 0.998995
43766: 0.998995
43767: 0.998995
43768: 0.998995
43769: 0.998995
43770: 0.998995
43771: 0.998995
43772: 0.998995
43773: 0.998995
43774: 0.998995
43775: 0.998995
43776: 0.998995
43777: 0.998995
43778: 0.998995
43779: 0.998995
43780: 0.998995
43781: 0.998995
43782: 0.998995
43783: 0.998995
43784: 0.998995
43785: 0.998995
43786: 0.998995
43787: 0.998995
43788: 0.998995
43789: 0.998995
43790: 0.998995
43791: 0.998995
43792: 0.998995
43793: 0.998995
43794: 0.998995
43795: 0.998995
43796: 0.998995
43797: 0.998995
43798: 0.998995
43799: 0.998995
43800: 0.998995
43801: 0.998995
43802: 0.998996
43803: 0.998996
43804: 0.998996
43805: 0.998996
43806: 0.998996
43807: 0.998996
43808: 0.998996
43809: 0.998996
43810: 0.998996
43811: 0.998996
43812: 0.998996
43813: 0.998996
43814: 0.998996
43815: 0.998996
43816: 0.998996
43817: 0.998996
43818: 0.998996
43819: 0.998996
43820: 0.998996
43821: 0.998996
43822: 0.998996
43823: 0.998996
43824: 0.998996
43825: 0.998996
43826: 0.998996
43827: 0.998996
43828: 0.998996
43829: 0.998996
43830: 0.998996
43831: 0.998996
43832: 0.998996
43833: 0.998996
43834: 0.998996
43835: 0.998996
43836: 0.998996
43837: 0.998996
43838: 0.998996
43839: 0.998996
43840: 0.998996
43841: 0.998996
43842: 0.998996
43843: 0.998996
43844: 0.998996
43845: 0.998996
43846: 0.998997
43847: 0.998997
43848: 0.998997
43849: 0.998997
43850: 0.998997
43851: 0.998997
43852: 0.998997
43853: 0.998997
43854: 0.998997
43855: 0.998997
43856: 0.998997
43857: 0.998997
43858: 0.998997
43859: 0.998997
43860: 0.998997
43861: 0.998997
43862: 0.998997
43863: 0.998997
43864: 0.998997
43865: 0.998997
43866: 0.998997
43867: 0.998997
43868: 0.998997
43869: 0.998997
43870: 0.998997
43871: 0.998997
43872: 0.998997
43873: 0.998997
43874: 0.998997
43875: 0.998997
43876: 0.998997
43877: 0.998997
43878: 0.998997
43879: 0.998997
43880: 0.998997
43881: 0.998997
43882: 0.998997
43883: 0.998997
43884: 0.998997
43885: 0.998997
43886: 0.998997
43887: 0.998997
43888: 0.998997
43889: 0.998997
43890: 0.998998
43891: 0.998998
43892: 0.998998
43893: 0.998998
43894: 0.998998
43895: 0.998998
43896: 0.998998
43897: 0.998998
43898: 0.998998
43899: 0.998998
43900: 0.998998
43901: 0.998998
43902: 0.998998
43903: 0.998998
43904: 0.998998
43905: 0.998998
43906: 0.998998
43907: 0.998998
43908: 0.998998
43909: 0.998998
43910: 0.998998
43911: 0.998998
43912: 0.998998
43913: 0.998998
43914: 0.998998
43915: 0.998998
43916: 0.998998
43917: 0.998998
43918: 0.998998
43919: 0.998998
43920: 0.998998
43921: 0.998998
43922: 0.998998
43923: 0.998998
43924: 0.998998
43925: 0.998998
43926: 0.998998
43927: 0.998998
43928: 0.998998
43929: 0.998998
43930: 0.998998
43931: 0.998998
43932: 0.998998
43933: 0.998998
43934: 0.998999
43935: 0.998999
43936: 0.998999
43937: 0.998999
43938: 0.998999
43939: 0.998999
43940: 0.998999
43941: 0.998999
43942: 0.998999
43943: 0.998999
43944: 0.998999
43945: 0.998999
43946: 0.998999
43947: 0.998999
43948: 0.998999
43949: 0.998999
43950: 0.998999
43951: 0.998999
43952: 0.998999
43953: 0.998999
43954: 0.998999
43955: 0.998999
43956: 0.998999
43957: 0.998999
43958: 0.998999
43959: 0.998999
43960: 0.998999
43961: 0.998999
43962: 0.998999
43963: 0.998999
43964: 0.998999
43965: 0.998999
43966: 0.998999
43967: 0.998999
43968: 0.998999
43969: 0.998999
43970: 0.998999
43971: 0.998999
43972: 0.998999
43973: 0.998999
43974: 0.998999
43975: 0.998999
43976: 0.998999
43977: 0.998999
43978: 0.999
43979: 0.999
43980: 0.999
43981: 0.999
43982: 0.999
43983: 0.999
43984: 0.999
43985: 0.999
43986: 0.999
43987: 0.999
43988: 0.999
43989: 0.999
43990: 0.999
43991: 0.999
43992: 0.999
43993: 0.999
43994: 0.999
43995: 0.999
43996: 0.999
43997: 0.999
43998: 0.999
43999: 0.999
44000: 0.999
44001: 0.999
44002: 0.999
44003: 0.999
44004: 0.999
44005: 0.999
44006: 0.999
44007: 0.999
44008: 0.999
44009: 0.999
44010: 0.999
44011: 0.999
44012: 0.999
44013: 0.999
44014: 0.999
44015: 0.999
44016: 0.999
44017: 0.999
44018: 0.999
44019: 0.999
44020: 0.999
44021: 0.999
44022: 0.999001
44023: 0.999001
44024: 0.999001
44025: 0.999001
44026: 0.999001
44027: 0.999001
44028: 0.999001
44029: 0.999001
44030: 0.999001
44031: 0.999001
44032: 0.999001
44033: 0.999001
44034: 0.999001
44035: 0.999001
44036: 0.999001
44037: 0.999001
44038: 0.999001
44039: 0.999001
44040: 0.999001
44041: 0.999001
44042: 0.999001
44043: 0.999001
44044: 0.999001
44045: 0.999001
44046: 0.999001
44047: 0.999001
44048: 0.999001
44049: 0.999001
44050: 0.999001
44051: 0.999001
44052: 0.999001
44053: 0.999001
44054: 0.999001
44055: 0.999001
44056: 0.999001
44057: 0.999001
44058: 0.999001
44059: 0.999001
44060: 0.999001
44061: 0.999001
44062: 0.999001
44063: 0.999001
44064: 0.999001
44065: 0.999001
44066: 0.999002
44067: 0.999002
44068: 0.999002
44069: 0.999002
44070: 0.999002
44071: 0.999002
44072: 0.999002
44073: 0.999002
44074: 0.999002
44075: 0.999002
44076: 0.999002
44077: 0.999002
44078: 0.999002
44079: 0.999002
44080: 0.999002
44081: 0.999002
44082: 0.999002
44083: 0.999002
44084: 0.999002
44085: 0.999002
44086: 0.999002
44087: 0.999002
44088: 0.999002
44089: 0.999002
44090: 0.999002
44091: 0.999002
44092: 0.999002
44093: 0.999002
44094: 0.999002
44095: 0.999002
44096: 0.999002
44097: 0.999002
44098: 0.999002
44099: 0.999002
44100: 0.999002
44101: 0.999002
44102: 0.999002
44103: 0.999002
44104: 0.999002
44105: 0.999002
44106: 0.999002
44107: 0.999002
44108: 0.999002
44109: 0.999002
44110: 0.999003
44111: 0.999003
44112: 0.999003
44113: 0.999003
44114: 0.999003
44115: 0.999003
44116: 0.999003
44117: 0.999003
44118: 0.999003
44119: 0.999003
44120: 0.999003
44121: 0.999003
44122: 0.999003
44123: 0.999003
44124: 0.999003
44125: 0.999003
44126: 0.999003
44127: 0.999003
44128: 0.999003
44129: 0.999003
44130: 0.999003
44131: 0.999003
44132: 0.999003
44133: 0.999003
44134: 0.999003
44135: 0.999003
44136: 0.999003
44137: 0.999003
44138: 0.999003
44139: 0.999003
44140: 0.999003
44141: 0.999003
44142: 0.999003
44143: 0.999003
44144: 0.999003
44145: 0.999003
44146: 0.999003
44147: 0.999003
44148: 0.999003
44149: 0.999003
44150: 0.999003
44151: 0.999003
44152: 0.999003
44153: 0.999003
44154: 0.999004
44155: 0.999004
44156: 0.999004
44157: 0.999004
44158: 0.999004
44159: 0.999004
44160: 0.999004
44161: 0.999004
44162: 0.999004
44163: 0.999004
44164: 0.999004
44165: 0.999004
44166: 0.999004
44167: 0.999004
44168: 0.999004
44169: 0.999004
44170: 0.999004
44171: 0.999004
44172: 0.999004
44173: 0.999004
44174: 0.999004
44175: 0.999004
44176: 0.999004
44177: 0.999004
44178: 0.999004
44179: 0.999004
44180: 0.999004
44181: 0.999004
44182: 0.999004
44183: 0.999004
44184: 0.999004
44185: 0.999004
44186: 0.999004
44187: 0.999004
44188: 0.999004
44189: 0.999004
44190: 0.999004
44191: 0.999004
44192: 0.999004
44193: 0.999004
44194: 0.999004
44195: 0.999004
44196: 0.999004
44197: 0.999004
44198: 0.999005
44199: 0.999005
44200: 0.999005
44201: 0.999005
44202: 0.999005
44203: 0.999005
44204: 0.999005
44205: 0.999005
44206: 0.999005
44207: 0.999005
44208: 0.999005
44209: 0.999005
44210: 0.999005
44211: 0.999005
44212: 0.999005
44213: 0.999005
44214: 0.999005
44215: 0.999005
44216: 0.999005
44217: 0.999005
44218: 0.999005
44219: 0.999005
44220: 0.999005
44221: 0.999005
44222: 0.999005
44223: 0.999005
44224: 0.999005
44225: 0.999005
44226: 0.999005
44227: 0.999005
44228: 0.999005
44229: 0.999005
44230: 0.999005
44231: 0.999005
44232: 0.999005
44233: 0.999005
44234: 0.999005
44235: 0.999005
44236: 0.999005
44237: 0.999005
44238: 0.999005
44239: 0.999005
44240: 0.999005
44241: 0.999005
44242: 0.999005
44243: 0.999006
44244: 0.999006
44245: 0.999006
44246: 0.999006
44247: 0.999006
44248: 0.999006
44249: 0.999006
44250: 0.999006
44251: 0.999006
44252: 0.999006
44253: 0.999006
44254: 0.999006
44255: 0.999006
44256: 0.999006
44257: 0.999006
44258: 0.999006
44259: 0.999006
44260: 0.999006
44261: 0.999006
44262: 0.999006
44263: 0.999006
44264: 0.999006
44265: 0.999006
44266: 0.999006
44267: 0.999006
44268: 0.999006
44269: 0.999006
44270: 0.999006
44271: 0.999006
44272: 0.999006
44273: 0.999006
44274: 0.999006
44275: 0.999006
44276: 0.999006
44277: 0.999006
44278: 0.999006
44279: 0.999006
44280: 0.999006
44281: 0.999006
44282: 0.999006
44283: 0.999006
44284: 0.999006
44285: 0.999006
44286: 0.999006
44287: 0.999007
44288: 0.999007
44289: 0.999007
44290: 0.999007
44291: 0.999007
44292: 0.999007
44293: 0.999007
44294: 0.999007
44295: 0.999007
44296: 0.999007
44297: 0.999007
44298: 0.999007
44299: 0.999007
44300: 0.999007
44301: 0.999007
44302: 0.999007
44303: 0.999007
44304: 0.999007
44305: 0.999007
44306: 0.999007
44307: 0.999007
44308: 0.999007
44309: 0.999007
44310: 0.999007
44311: 0.999007
44312: 0.999007
44313: 0.999007
44314: 0.999007
44315: 0.999007
44316: 0.999007
44317: 0.999007
44318: 0.999007
44319: 0.999007
44320: 0.999007
44321: 0.999007
44322: 0.999007
44323: 0.999007
44324: 0.999007
44325: 0.999007
44326: 0.999007
44327: 0.999007
44328: 0.999007
44329: 0.999007
44330: 0.999007
44331: 0.999007
44332: 0.999008
44333: 0.999008
44334: 0.999008
44335: 0.999008
44336: 0.999008
44337: 0.999008
44338: 0.999008
44339: 0.999008
44340: 0.999008
44341: 0.999008
44342: 0.999008
44343: 0.999008
44344: 0.999008
44345: 0.999008
44346: 0.999008
44347: 0.999008
44348: 0.999008
44349: 0.999008
44350: 0.999008
44351: 0.999008
44352: 0.999008
44353: 0.999008
44354: 0.999008
44355: 0.999008
44356: 0.999008
44357: 0.999008
44358: 0.999008
44359: 0.999008
44360: 0.999008
44361: 0.999008
44362: 0.999008
44363: 0.999008
44364: 0.999008
44365: 0.999008
44366: 0.999008
44367: 0.999008
44368: 0.999008
44369: 0.999008
44370: 0.999008
44371: 0.999008
44372: 0.999008
44373: 0.999008
44374: 0.999008
44375: 0.999008
44376: 0.999008
44377: 0.999009
44378: 0.999009
44379: 0.999009
44380: 0.999009
44381: 0.999009
44382: 0.999009
44383: 0.999009
44384: 0.999009
44385: 0.999009
44386: 0.999009
44387: 0.999009
44388: 0.999009
44389: 0.999009
44390: 0.999009
44391: 0.999009
44392: 0.999009
44393: 0.999009
44394: 0.999009
44395: 0.999009
44396: 0.999009
44397: 0.999009
44398: 0.999009
44399: 0.999009
44400: 0.999009
44401: 0.999009
44402: 0.999009
44403: 0.999009
44404: 0.999009
44405: 0.999009
44406: 0.999009
44407: 0.999009
44408: 0.999009
44409: 0.999009
44410: 0.999009
44411: 0.999009
44412: 0.999009
44413: 0.999009
44414: 0.999009
44415: 0.999009
44416: 0.999009
44417: 0.999009
44418: 0.999009
44419: 0.999009
44420: 0.999009
44421: 0.999009
44422: 0.99901
44423: 0.99901
44424: 0.99901
44425: 0.99901
44426: 0.99901
44427: 0.99901
44428: 0.99901
44429: 0.99901
44430: 0.99901
44431: 0.99901
44432: 0.99901
44433: 0.99901
44434: 0.99901
44435: 0.99901
44436: 0.99901
44437: 0.99901
44438: 0.99901
44439: 0.99901
44440: 0.99901
44441: 0.99901
44442: 0.99901
44443: 0.99901
44444: 0.99901
44445: 0.99901
44446: 0.99901
44447: 0.99901
44448: 0.99901
44449: 0.99901
44450: 0.99901
44451: 0.99901
44452: 0.99901
44453: 0.99901
44454: 0.99901
44455: 0.99901
44456: 0.99901
44457: 0.99901
44458: 0.99901
44459: 0.99901
44460: 0.99901
44461: 0.99901
44462: 0.99901
44463: 0.99901
44464: 0.99901
44465: 0.99901
44466: 0.999011
44467: 0.999011
44468: 0.999011
44469: 0.999011
44470: 0.999011
44471: 0.999011
44472: 0.999011
44473: 0.999011
44474: 0.999011
44475: 0.999011
44476: 0.999011
44477: 0.999011
44478: 0.999011
44479: 0.999011
44480: 0.999011
44481: 0.999011
44482: 0.999011
44483: 0.999011
44484: 0.999011
44485: 0.999011
44486: 0.999011
44487: 0.999011
44488: 0.999011
44489: 0.999011
44490: 0.999011
44491: 0.999011
44492: 0.999011
44493: 0.999011
44494: 0.999011
44495: 0.999011
44496: 0.999011
44497: 0.999011
44498: 0.999011
44499: 0.999011
44500: 0.999011
44501: 0.999011
44502: 0.999011
44503: 0.999011
44504: 0.999011
44505: 0.999011
44506: 0.999011
44507: 0.999011
44508: 0.999011
44509: 0.999011
44510: 0.999011
44511: 0.999012
44512: 0.999012
44513: 0.999012
44514: 0.999012
44515: 0.999012
44516: 0.999012
44517: 0.999012
44518: 0.999012
44519: 0.999012
44520: 0.999012
44521: 0.999012
44522: 0.999012
44523: 0.999012
44524: 0.999012
44525: 0.999012
44526: 0.999012
44527: 0.999012
44528: 0.999012
44529: 0.999012
44530: 0.999012
44531: 0.999012
44532: 0.999012
44533: 0.999012
44534: 0.999012
44535: 0.999012
44536: 0.999012
44537: 0.999012
44538: 0.999012
44539: 0.999012
44540: 0.999012
44541: 0.999012
44542: 0.999012
44543: 0.999012
44544: 0.999012
44545: 0.999012
44546: 0.999012
44547: 0.999012
44548: 0.999012
44549: 0.999012
44550: 0.999012
44551: 0.999012
44552: 0.999012
44553: 0.999012
44554: 0.999012
44555: 0.999012
44556: 0.999013
44557: 0.999013
44558: 0.999013
44559: 0.999013
44560: 0.999013
44561: 0.999013
44562: 0.999013
44563: 0.999013
44564: 0.999013
44565: 0.999013
44566: 0.999013
44567: 0.999013
44568: 0.999013
44569: 0.999013
44570: 0.999013
44571: 0.999013
44572: 0.999013
44573: 0.999013
44574: 0.999013
44575: 0.999013
44576: 0.999013
44577: 0.999013
44578: 0.999013
44579: 0.999013
44580: 0.999013
44581: 0.999013
44582: 0.999013
44583: 0.999013
44584: 0.999013
44585: 0.999013
44586: 0.999013
44587: 0.999013
44588: 0.999013
44589: 0.999013
44590: 0.999013
44591: 0.999013
44592: 0.999013
44593: 0.999013
44594: 0.999013
44595: 0.999013
44596: 0.999013
44597: 0.999013
44598: 0.999013
44599: 0.999013
44600: 0.999013
44601: 0.999013
44602: 0.999014
44603: 0.999014
44604: 0.999014
44605: 0.999014
44606: 0.999014
44607: 0.999014
44608: 0.999014
44609: 0.999014
44610: 0.999014
44611: 0.999014
44612: 0.999014
44613: 0.999014
44614: 0.999014
44615: 0.999014
44616: 0.999014
44617: 0.999014
44618: 0.999014
44619: 0.999014
44620: 0.999014
44621: 0.999014
44622: 0.999014
44623: 0.999014
44624: 0.999014
44625: 0.999014
44626: 0.999014
44627: 0.999014
44628: 0.999014
44629: 0.999014
44630: 0.999014
44631: 0.999014
44632: 0.999014
44633: 0.999014
44634: 0.999014
44635: 0.999014
44636: 0.999014
44637: 0.999014
44638: 0.999014
44639: 0.999014
44640: 0.999014
44641: 0.999014
44642: 0.999014
44643: 0.999014
44644: 0.999014
44645: 0.999014
44646: 0.999014
44647: 0.999015
44648: 0.999015
44649: 0.999015
44650: 0.999015
44651: 0.999015
44652: 0.999015
44653: 0.999015
44654: 0.999015
44655: 0.999015
44656: 0.999015
44657: 0.999015
44658: 0.999015
44659: 0.999015
44660: 0.999015
44661: 0.999015
44662: 0.999015
44663: 0.999015
44664: 0.999015
44665: 0.999015
44666: 0.999015
44667: 0.999015
44668: 0.999015
44669: 0.999015
44670: 0.999015
44671: 0.999015
44672: 0.999015
44673: 0.999015
44674: 0.999015
44675: 0.999015
44676: 0.999015
44677: 0.999015
44678: 0.999015
44679: 0.999015
44680: 0.999015
44681: 0.999015
44682: 0.999015
44683: 0.999015
44684: 0.999015
44685: 0.999015
44686: 0.999015
44687: 0.999015
44688: 0.999015
44689: 0.999015
44690: 0.999015
44691: 0.999015
44692: 0.999016
44693: 0.999016
44694: 0.999016
44695: 0.999016
44696: 0.999016
44697: 0.999016
44698: 0.999016
44699: 0.999016
44700: 0.999016
44701: 0.999016
44702: 0.999016
44703: 0.999016
44704: 0.999016
44705: 0.999016
44706: 0.999016
44707: 0.999016
44708: 0.999016
44709: 0.999016
44710: 0.999016
44711: 0.999016
44712: 0.999016
44713: 0.999016
44714: 0.999016
44715: 0.999016
44716: 0.999016
44717: 0.999016
44718: 0.999016
44719: 0.999016
44720: 0.999016
44721: 0.999016
44722: 0.999016
44723: 0.999016
44724: 0.999016
44725: 0.999016
44726: 0.999016
44727: 0.999016
44728: 0.999016
44729: 0.999016
44730: 0.999016
44731: 0.999016
44732: 0.999016
44733: 0.999016
44734: 0.999016
44735: 0.999016
44736: 0.999016
44737: 0.999016
44738: 0.999017
44739: 0.999017
44740: 0.999017
44741: 0.999017
44742: 0.999017
44743: 0.999017
44744: 0.999017
44745: 0.999017
44746: 0.999017
44747: 0.999017
44748: 0.999017
44749: 0.999017
44750: 0.999017
44751: 0.999017
44752: 0.999017
44753: 0.999017
44754: 0.999017
44755: 0.999017
44756: 0.999017
44757: 0.999017
44758: 0.999017
44759: 0.999017
44760: 0.999017
44761: 0.999017
44762: 0.999017
44763: 0.999017
44764: 0.999017
44765: 0.999017
44766: 0.999017
44767: 0.999017
44768: 0.999017
44769: 0.999017
44770: 0.999017
44771: 0.999017
44772: 0.999017
44773: 0.999017
44774: 0.999017
44775: 0.999017
44776: 0.999017
44777: 0.999017
44778: 0.999017
44779: 0.999017
44780: 0.999017
44781: 0.999017
44782: 0.999017
44783: 0.999018
44784: 0.999018
44785: 0.999018
44786: 0.999018
44787: 0.999018
44788: 0.999018
44789: 0.999018
44790: 0.999018
44791: 0.999018
44792: 0.999018
44793: 0.999018
44794: 0.999018
44795: 0.999018
44796: 0.999018
44797: 0.999018
44798: 0.999018
44799: 0.999018
44800: 0.999018
44801: 0.999018
44802: 0.999018
44803: 0.999018
44804: 0.999018
44805: 0.999018
44806: 0.999018
44807: 0.999018
44808: 0.999018
44809: 0.999018
44810: 0.999018
44811: 0.999018
44812: 0.999018
44813: 0.999018
44814: 0.999018
44815: 0.999018
44816: 0.999018
44817: 0.999018
44818: 0.999018
44819: 0.999018
44820: 0.999018
44821: 0.999018
44822: 0.999018
44823: 0.999018
44824: 0.999018
44825: 0.999018
44826: 0.999018
44827: 0.999018
44828: 0.999018
44829: 0.999019
44830: 0.999019
44831: 0.999019
44832: 0.999019
44833: 0.999019
44834: 0.999019
44835: 0.999019
44836: 0.999019
44837: 0.999019
44838: 0.999019
44839: 0.999019
44840: 0.999019
44841: 0.999019
44842: 0.999019
44843: 0.999019
44844: 0.999019
44845: 0.999019
44846: 0.999019
44847: 0.999019
44848: 0.999019
44849: 0.999019
44850: 0.999019
44851: 0.999019
44852: 0.999019
44853: 0.999019
44854: 0.999019
44855: 0.999019
44856: 0.999019
44857: 0.999019
44858: 0.999019
44859: 0.999019
44860: 0.999019
44861: 0.999019
44862: 0.999019
44863: 0.999019
44864: 0.999019
44865: 0.999019
44866: 0.999019
44867: 0.999019
44868: 0.999019
44869: 0.999019
44870: 0.999019
44871: 0.999019
44872: 0.999019
44873: 0.999019
44874: 0.999019
44875: 0.99902
44876: 0.99902
44877: 0.99902
44878: 0.99902
44879: 0.99902
44880: 0.99902
44881: 0.99902
44882: 0.99902
44883: 0.99902
44884: 0.99902
44885: 0.99902
44886: 0.99902
44887: 0.99902
44888: 0.99902
44889: 0.99902
44890: 0.99902
44891: 0.99902
44892: 0.99902
44893: 0.99902
44894: 0.99902
44895: 0.99902
44896: 0.99902
44897: 0.99902
44898: 0.99902
44899: 0.99902
44900: 0.99902
44901: 0.99902
44902: 0.99902
44903: 0.99902
44904: 0.99902
44905: 0.99902
44906: 0.99902
44907: 0.99902
44908: 0.99902
44909: 0.99902
44910: 0.99902
44911: 0.99902
44912: 0.99902
44913: 0.99902
44914: 0.99902
44915: 0.99902
44916: 0.99902
44917: 0.99902
44918: 0.99902
44919: 0.99902
44920: 0.999021
44921: 0.999021
44922: 0.999021
44923: 0.999021
44924: 0.999021
44925: 0.999021
44926: 0.999021
44927: 0.999021
44928: 0.999021
44929: 0.999021
44930: 0.999021
44931: 0.999021
44932: 0.999021
44933: 0.999021
44934: 0.999021
44935: 0.999021
44936: 0.999021
44937: 0.999021
44938: 0.999021
44939: 0.999021
44940: 0.999021
44941: 0.999021
44942: 0.999021
44943: 0.999021
44944: 0.999021
44945: 0.999021
44946: 0.999021
44947: 0.999021
44948: 0.999021
44949: 0.999021
44950: 0.999021
44951: 0.999021
44952: 0.999021
44953: 0.999021
44954: 0.999021
44955: 0.999021
44956: 0.999021
44957: 0.999021
44958: 0.999021
44959: 0.999021
44960: 0.999021
44961: 0.999021
44962: 0.999021
44963: 0.999021
44964: 0.999021
44965: 0.999021
44966: 0.999022
44967: 0.999022
44968: 0.999022
44969: 0.999022
44970: 0.999022
44971: 0.999022
44972: 0.999022
44973: 0.999022
44974: 0.999022
44975: 0.999022
44976: 0.999022
44977: 0.999022
44978: 0.999022
44979: 0.999022
44980: 0.999022
44981: 0.999022
44982: 0.999022
44983: 0.999022
44984: 0.999022
44985: 0.999022
44986: 0.999022
44987: 0.999022
44988: 0.999022
44989: 0.999022
44990: 0.999022
44991: 0.999022
44992: 0.999022
44993: 0.999022
44994: 0.999022
44995: 0.999022
44996: 0.999022
44997: 0.999022
44998: 0.999022
44999: 0.999022
45000: 0.999022
45001: 0.999022
45002: 0.999022
45003: 0.999022
45004: 0.999022
45005: 0.999022
45006: 0.999022
45007: 0.999022
45008: 0.999022
45009: 0.999022
45010: 0.999022
45011: 0.999022
45012: 0.999023
45013: 0.999023
45014: 0.999023
45015: 0.999023
45016: 0.999023
45017: 0.999023
45018: 0.999023
45019: 0.999023
45020: 0.999023
45021: 0.999023
45022: 0.999023
45023: 0.999023
45024: 0.999023
45025: 0.999023
45026: 0.999023
45027: 0.999023
45028: 0.999023
45029: 0.999023
45030: 0.999023
45031: 0.999023
45032: 0.999023
45033: 0.999023
45034: 0.999023
45035: 0.999023
45036: 0.999023
45037: 0.999023
45038: 0.999023
45039: 0.999023
45040: 0.999023
45041: 0.999023
45042: 0.999023
45043: 0.999023
45044: 0.999023
45045: 0.999023
45046: 0.999023
45047: 0.999023
45048: 0.999023
45049: 0.999023
45050: 0.999023
45051: 0.999023
45052: 0.999023
45053: 0.999023
45054: 0.999023
45055: 0.999023
45056: 0.999023
45057: 0.999023
45058: 0.999024
45059: 0.999024
45060: 0.999024
45061: 0.999024
45062: 0.999024
45063: 0.999024
45064: 0.999024
45065: 0.999024
45066: 0.999024
45067: 0.999024
45068: 0.999024
45069: 0.999024
45070: 0.999024
45071: 0.999024
45072: 0.999024
45073: 0.999024
45074: 0.999024
45075: 0.999024
45076: 0.999024
45077: 0.999024
45078: 0.999024
45079: 0.999024
45080: 0.999024
45081: 0.999024
45082: 0.999024
45083: 0.999024
45084: 0.999024
45085: 0.999024
45086: 0.999024
45087: 0.999024
45088: 0.999024
45089: 0.999024
45090: 0.999024
45091: 0.999024
45092: 0.999024
45093: 0.999024
45094: 0.999024
45095: 0.999024
45096: 0.999024
45097: 0.999024
45098: 0.999024
45099: 0.999024
45100: 0.999024
45101: 0.999024
45102: 0.999024
45103: 0.999024
45104: 0.999024
45105: 0.999025
45106: 0.999025
45107: 0.999025
45108: 0.999025
45109: 0.999025
45110: 0.999025
45111: 0.999025
45112: 0.999025
45113: 0.999025
45114: 0.999025
45115: 0.999025
45116: 0.999025
45117: 0.999025
45118: 0.999025
45119: 0.999025
45120: 0.999025
45121: 0.999025
45122: 0.999025
45123: 0.999025
45124: 0.999025
45125: 0.999025
45126: 0.999025
45127: 0.999025
45128: 0.999025
45129: 0.999025
45130: 0.999025
45131: 0.999025
45132: 0.999025
45133: 0.999025
45134: 0.999025
45135: 0.999025
45136: 0.999025
45137: 0.999025
45138: 0.999025
45139: 0.999025
45140: 0.999025
45141: 0.999025
45142: 0.999025
45143: 0.999025
45144: 0.999025
45145: 0.999025
45146: 0.999025
45147: 0.999025
45148: 0.999025
45149: 0.999025
45150: 0.999025
45151: 0.999026
45152: 0.999026
45153: 0.999026
45154: 0.999026
45155: 0.999026
45156: 0.999026
45157: 0.999026
45158: 0.999026
45159: 0.999026
45160: 0.999026
45161: 0.999026
45162: 0.999026
45163: 0.999026
45164: 0.999026
45165: 0.999026
45166: 0.999026
45167: 0.999026
45168: 0.999026
45169: 0.999026
45170: 0.999026
45171: 0.999026
45172: 0.999026
45173: 0.999026
45174: 0.999026
45175: 0.999026
45176: 0.999026
45177: 0.999026
45178: 0.999026
45179: 0.999026
45180: 0.999026
45181: 0.999026
45182: 0.999026
45183: 0.999026
45184: 0.999026
45185: 0.999026
45186: 0.999026
45187: 0.999026
45188: 0.999026
45189: 0.999026
45190: 0.999026
45191: 0.999026
45192: 0.999026
45193: 0.999026
45194: 0.999026
45195: 0.999026
45196: 0.999026
45197: 0.999027
45198: 0.999027
45199: 0.999027
45200: 0.999027
45201: 0.999027
45202: 0.999027
45203: 0.999027
45204: 0.999027
45205: 0.999027
45206: 0.999027
45207: 0.999027
45208: 0.999027
45209: 0.999027
45210: 0.999027
45211: 0.999027
45212: 0.999027
45213: 0.999027
45214: 0.999027
45215: 0.999027
45216: 0.999027
45217: 0.999027
45218: 0.999027
45219: 0.999027
45220: 0.999027
45221: 0.999027
45222: 0.999027
45223: 0.999027
45224: 0.999027
45225: 0.999027
45226: 0.999027
45227: 0.999027
45228: 0.999027
45229: 0.999027
45230: 0.999027
45231: 0.999027
45232: 0.999027
45233: 0.999027
45234: 0.999027
45235: 0.999027
45236: 0.999027
45237: 0.999027
45238: 0.999027
45239: 0.999027
45240: 0.999027
45241: 0.999027
45242: 0.999027
45243: 0.999027
45244: 0.999028
45245: 0.999028
45246: 0.999028
45247: 0.999028
45248: 0.999028
45249: 0.999028
45250: 0.999028
45251: 0.999028
45252: 0.999028
45253: 0.999028
45254: 0.999028
45255: 0.999028
45256: 0.999028
45257: 0.999028
45258: 0.999028
45259: 0.999028
45260: 0.999028
45261: 0.999028
45262: 0.999028
45263: 0.999028
45264: 0.999028
45265: 0.999028
45266: 0.999028
45267: 0.999028
45268: 0.999028
45269: 0.999028
45270: 0.999028
45271: 0.999028
45272: 0.999028
45273: 0.999028
45274: 0.999028
45275: 0.999028
45276: 0.999028
45277: 0.999028
45278: 0.999028
45279: 0.999028
45280: 0.999028
45281: 0.999028
45282: 0.999028
45283: 0.999028
45284: 0.999028
45285: 0.999028
45286: 0.999028
45287: 0.999028
45288: 0.999028
45289: 0.999028
45290: 0.999029
45291: 0.999029
45292: 0.999029
45293: 0.999029
45294: 0.999029
45295: 0.999029
45296: 0.999029
45297: 0.999029
45298: 0.999029
45299: 0.999029
45300: 0.999029
45301: 0.999029
45302: 0.999029
45303: 0.999029
45304: 0.999029
45305: 0.999029
45306: 0.999029
45307: 0.999029
45308: 0.999029
45309: 0.999029
45310: 0.999029
45311: 0.999029
45312: 0.999029
45313: 0.999029
45314: 0.999029
45315: 0.999029
45316: 0.999029
45317: 0.999029
45318: 0.999029
45319: 0.999029
45320: 0.999029
45321: 0.999029
45322: 0.999029
45323: 0.999029
45324: 0.999029
45325: 0.999029
45326: 0.999029
45327: 0.999029
45328: 0.999029
45329: 0.999029
45330: 0.999029
45331: 0.999029
45332: 0.999029
45333: 0.999029
45334: 0.999029
45335: 0.999029
45336: 0.999029
45337: 0.99903
45338: 0.99903
45339: 0.99903
45340: 0.99903
45341: 0.99903
45342: 0.99903
45343: 0.99903
45344: 0.99903
45345: 0.99903
45346: 0.99903
45347: 0.99903
45348: 0.99903
45349: 0.99903
45350: 0.99903
45351: 0.99903
45352: 0.99903
45353: 0.99903
45354: 0.99903
45355: 0.99903
45356: 0.99903
45357: 0.99903
45358: 0.99903
45359: 0.99903
45360: 0.99903
45361: 0.99903
45362: 0.99903
45363: 0.99903
45364: 0.99903
45365: 0.99903
45366: 0.99903
45367: 0.99903
45368: 0.99903
45369: 0.99903
45370: 0.99903
45371: 0.99903
45372: 0.99903
45373: 0.99903
45374: 0.99903
45375: 0.99903
45376: 0.99903
45377: 0.99903
45378: 0.99903
45379: 0.99903
45380: 0.99903
45381: 0.99903
45382: 0.99903
45383: 0.99903
45384: 0.999031
45385: 0.999031
45386: 0.999031
45387: 0.999031
45388: 0.999031
45389: 0.999031
45390: 0.999031
45391: 0.999031
45392: 0.999031
45393: 0.999031
45394: 0.999031
45395: 0.999031
45396: 0.999031
45397: 0.999031
45398: 0.999031
45399: 0.999031
45400: 0.999031
45401: 0.999031
45402: 0.999031
45403: 0.999031
45404: 0.999031
45405: 0.999031
45406: 0.999031
45407: 0.999031
45408: 0.999031
45409: 0.999031
45410: 0.999031
45411: 0.999031
45412: 0.999031
45413: 0.999031
45414: 0.999031
45415: 0.999031
45416: 0.999031
45417: 0.999031
45418: 0.999031
45419: 0.999031
45420: 0.999031
45421: 0.999031
45422: 0.999031
45423: 0.999031
45424: 0.999031
45425: 0.999031
45426: 0.999031
45427: 0.999031
45428: 0.999031
45429: 0.999031
45430: 0.999031
45431: 0.999032
45432: 0.999032
45433: 0.999032
45434: 0.999032
45435: 0.999032
45436: 0.999032
45437: 0.999032
45438: 0.999032
45439: 0.999032
45440: 0.999032
45441: 0.999032
45442: 0.999032
45443: 0.999032
45444: 0.999032
45445: 0.999032
45446: 0.999032
45447: 0.999032
45448: 0.999032
45449: 0.999032
45450: 0.999032
45451: 0.999032
45452: 0.999032
45453: 0.999032
45454: 0.999032
45455: 0.999032
45456: 0.999032
45457: 0.999032
45458: 0.999032
45459: 0.999032
45460: 0.999032
45461: 0.999032
45462: 0.999032
45463: 0.999032
45464: 0.999032
45465: 0.999032
45466: 0.999032
45467: 0.999032
45468: 0.999032
45469: 0.999032
45470: 0.999032
45471: 0.999032
45472: 0.999032
45473: 0.999032
45474: 0.999032
45475: 0.999032
45476: 0.999032
45477: 0.999032
45478: 0.999033
45479: 0.999033
45480: 0.999033
45481: 0.999033
45482: 0.999033
45483: 0.999033
45484: 0.999033
45485: 0.999033
45486: 0.999033
45487: 0.999033
45488: 0.999033
45489: 0.999033
45490: 0.999033
45491: 0.999033
45492: 0.999033
45493: 0.999033
45494: 0.999033
45495: 0.999033
45496: 0.999033
45497: 0.999033
45498: 0.999033
45499: 0.999033
45500: 0.999033
45501: 0.999033
45502: 0.999033
45503: 0.999033
45504: 0.999033
45505: 0.999033
45506: 0.999033
45507: 0.999033
45508: 0.999033
45509: 0.999033
45510: 0.999033
45511: 0.999033
45512: 0.999033
45513: 0.999033
45514: 0.999033
45515: 0.999033
45516: 0.999033
45517: 0.999033
45518: 0.999033
45519: 0.999033
45520: 0.999033
45521: 0.999033
45522: 0.999033
45523: 0.999033
45524: 0.999033
45525: 0.999034
45526: 0.999034
45527: 0.999034
45528: 0.999034
45529: 0.999034
45530: 0.999034
45531: 0.999034
45532: 0.999034
45533: 0.999034
45534: 0.999034
45535: 0.999034
45536: 0.999034
45537: 0.999034
45538: 0.999034
45539: 0.999034
45540: 0.999034
45541: 0.999034
45542: 0.999034
45543: 0.999034
45544: 0.999034
45545: 0.999034
45546: 0.999034
45547: 0.999034
45548: 0.999034
45549: 0.999034
45550: 0.999034
45551: 0.999034
45552: 0.999034
45553: 0.999034
45554: 0.999034
45555: 0.999034
45556: 0.999034
45557: 0.999034
45558: 0.999034
45559: 0.999034
45560: 0.999034
45561: 0.999034
45562: 0.999034
45563: 0.999034
45564: 0.999034
45565: 0.999034
45566: 0.999034
45567: 0.999034
45568: 0.999034
45569: 0.999034
45570: 0.999034
45571: 0.999034
45572: 0.999035
45573: 0.999035
45574: 0.999035
45575: 0.999035
45576: 0.999035
45577: 0.999035
45578: 0.999035
45579: 0.999035
45580: 0.999035
45581: 0.999035
45582: 0.999035
45583: 0.999035
45584: 0.999035
45585: 0.999035
45586: 0.999035
45587: 0.999035
45588: 0.999035
45589: 0.999035
45590: 0.999035
45591: 0.999035
45592: 0.999035
45593: 0.999035
45594: 0.999035
45595: 0.999035
45596: 0.999035
45597: 0.999035
45598: 0.999035
45599: 0.999035
45600: 0.999035
45601: 0.999035
45602: 0.999035
45603: 0.999035
45604: 0.999035
45605: 0.999035
45606: 0.999035
45607: 0.999035
45608: 0.999035
45609: 0.999035
45610: 0.999035
45611: 0.999035
45612: 0.999035
45613: 0.999035
45614: 0.999035
45615: 0.999035
45616: 0.999035
45617: 0.999035
45618: 0.999035
45619: 0.999036
45620: 0.999036
45621: 0.999036
45622: 0.999036
45623: 0.999036
45624: 0.999036
45625: 0.999036
45626: 0.999036
45627: 0.999036
45628: 0.999036
45629: 0.999036
45630: 0.999036
45631: 0.999036
45632: 0.999036
45633: 0.999036
45634: 0.999036
45635: 0.999036
45636: 0.999036
45637: 0.999036
45638: 0.999036
45639: 0.999036
45640: 0.999036
45641: 0.999036
45642: 0.999036
45643: 0.999036
45644: 0.999036
45645: 0.999036
45646: 0.999036
45647: 0.999036
45648: 0.999036
45649: 0.999036
45650: 0.999036
45651: 0.999036
45652: 0.999036
45653: 0.999036
45654: 0.999036
45655: 0.999036
45656: 0.999036
45657: 0.999036
45658: 0.999036
45659: 0.999036
45660: 0.999036
45661: 0.999036
45662: 0.999036
45663: 0.999036
45664: 0.999036
45665: 0.999036
45666: 0.999037
45667: 0.999037
45668: 0.999037
45669: 0.999037
45670: 0.999037
45671: 0.999037
45672: 0.999037
45673: 0.999037
45674: 0.999037
45675: 0.999037
45676: 0.999037
45677: 0.999037
45678: 0.999037
45679: 0.999037
45680: 0.999037
45681: 0.999037
45682: 0.999037
45683: 0.999037
45684: 0.999037
45685: 0.999037
45686: 0.999037
45687: 0.999037
45688: 0.999037
45689: 0.999037
45690: 0.999037
45691: 0.999037
45692: 0.999037
45693: 0.999037
45694: 0.999037
45695: 0.999037
45696: 0.999037
45697: 0.999037
45698: 0.999037
45699: 0.999037
45700: 0.999037
45701: 0.999037
45702: 0.999037
45703: 0.999037
45704: 0.999037
45705: 0.999037
45706: 0.999037
45707: 0.999037
45708: 0.999037
45709: 0.999037
45710: 0.999037
45711: 0.999037
45712: 0.999037
45713: 0.999037
45714: 0.999038
45715: 0.999038
45716: 0.999038
45717: 0.999038
45718: 0.999038
45719: 0.999038
45720: 0.999038
45721: 0.999038
45722: 0.999038
45723: 0.999038
45724: 0.999038
45725: 0.999038
45726: 0.999038
45727: 0.999038
45728: 0.999038
45729: 0.999038
45730: 0.999038
45731: 0.999038
45732: 0.999038
45733: 0.999038
45734: 0.999038
45735: 0.999038
45736: 0.999038
45737: 0.999038
45738: 0.999038
45739: 0.999038
45740: 0.999038
45741: 0.999038
45742: 0.999038
45743: 0.999038
45744: 0.999038
45745: 0.999038
45746: 0.999038
45747: 0.999038
45748: 0.999038
45749: 0.999038
45750: 0.999038
45751: 0.999038
45752: 0.999038
45753: 0.999038
45754: 0.999038
45755: 0.999038
45756: 0.999038
45757: 0.999038
45758: 0.999038
45759: 0.999038
45760: 0.999038
45761: 0.999039
45762: 0.999039
45763: 0.999039
45764: 0.999039
45765: 0.999039
45766: 0.999039
45767: 0.999039
45768: 0.999039
45769: 0.999039
45770: 0.999039
45771: 0.999039
45772: 0.999039
45773: 0.999039
45774: 0.999039
45775: 0.999039
45776: 0.999039
45777: 0.999039
45778: 0.999039
45779: 0.999039
45780: 0.999039
45781: 0.999039
45782: 0.999039
45783: 0.999039
45784: 0.999039
45785: 0.999039
45786: 0.999039
45787: 0.999039
45788: 0.999039
45789: 0.999039
45790: 0.999039
45791: 0.999039
45792: 0.999039
45793: 0.999039
45794: 0.999039
45795: 0.999039
45796: 0.999039
45797: 0.999039
45798: 0.999039
45799: 0.999039
45800: 0.999039
45801: 0.999039
45802: 0.999039
45803: 0.999039
45804: 0.999039
45805: 0.999039
45806: 0.999039
45807: 0.999039
45808: 0.999039
45809: 0.99904
45810: 0.99904
45811: 0.99904
45812: 0.99904
45813: 0.99904
45814: 0.99904
45815: 0.99904
45816: 0.99904
45817: 0.99904
45818: 0.99904
45819: 0.99904
45820: 0.99904
45821: 0.99904
45822: 0.99904
45823: 0.99904
45824: 0.99904
45825: 0.99904
45826: 0.99904
45827: 0.99904
45828: 0.99904
45829: 0.99904
45830: 0.99904
45831: 0.99904
45832: 0.99904
45833: 0.99904
45834: 0.99904
45835: 0.99904
45836: 0.99904
45837: 0.99904
45838: 0.99904
45839: 0.99904
45840: 0.99904
45841: 0.99904
45842: 0.99904
45843: 0.99904
45844: 0.99904
45845: 0.99904
45846: 0.99904
45847: 0.99904
45848: 0.99904
45849: 0.99904
45850: 0.99904
45851: 0.99904
45852: 0.99904
45853: 0.99904
45854: 0.99904
45855: 0.99904
45856: 0.99904
45857: 0.999041
45858: 0.999041
45859: 0.999041
45860: 0.999041
45861: 0.999041
45862: 0.999041
45863: 0.999041
45864: 0.999041
45865: 0.999041
45866: 0.999041
45867: 0.999041
45868: 0.999041
45869: 0.999041
45870: 0.999041
45871: 0.999041
45872: 0.999041
45873: 0.999041
45874: 0.999041
45875: 0.999041
45876: 0.999041
45877: 0.999041
45878: 0.999041
45879: 0.999041
45880: 0.999041
45881: 0.999041
45882: 0.999041
45883: 0.999041
45884: 0.999041
45885: 0.999041
45886: 0.999041
45887: 0.999041
45888: 0.999041
45889: 0.999041
45890: 0.999041
45891: 0.999041
45892: 0.999041
45893: 0.999041
45894: 0.999041
45895: 0.999041
45896: 0.999041
45897: 0.999041
45898: 0.999041
45899: 0.999041
45900: 0.999041
45901: 0.999041
45902: 0.999041
45903: 0.999041
45904: 0.999041
45905: 0.999042
45906: 0.999042
45907: 0.999042
45908: 0.999042
45909: 0.999042
45910: 0.999042
45911: 0.999042
45912: 0.999042
45913: 0.999042
45914: 0.999042
45915: 0.999042
45916: 0.999042
45917: 0.999042
45918: 0.999042
45919: 0.999042
45920: 0.999042
45921: 0.999042
45922: 0.999042
45923: 0.999042
45924: 0.999042
45925: 0.999042
45926: 0.999042
45927: 0.999042
45928: 0.999042
45929: 0.999042
45930: 0.999042
45931: 0.999042
45932: 0.999042
45933: 0.999042
45934: 0.999042
45935: 0.999042
45936: 0.999042
45937: 0.999042
45938: 0.999042
45939: 0.999042
45940: 0.999042
45941: 0.999042
45942: 0.999042
45943: 0.999042
45944: 0.999042
45945: 0.999042
45946: 0.999042
45947: 0.999042
45948: 0.999042
45949: 0.999042
45950: 0.999042
45951: 0.999042
45952: 0.999042
45953: 0.999043
45954: 0.999043
45955: 0.999043
45956: 0.999043
45957: 0.999043
45958: 0.999043
45959: 0.999043
45960: 0.999043
45961: 0.999043
45962: 0.999043
45963: 0.999043
45964: 0.999043
45965: 0.999043
45966: 0.999043
45967: 0.999043
45968: 0.999043
45969: 0.999043
45970: 0.999043
45971: 0.999043
45972: 0.999043
45973: 0.999043
45974: 0.999043
45975: 0.999043
45976: 0.999043
45977: 0.999043
45978: 0.999043
45979: 0.999043
45980: 0.999043
45981: 0.999043
45982: 0.999043
45983: 0.999043
45984: 0.999043
45985: 0.999043
45986: 0.999043
45987: 0.999043
45988: 0.999043
45989: 0.999043
45990: 0.999043
45991: 0.999043
45992: 0.999043
45993: 0.999043
45994: 0.999043
45995: 0.999043
45996: 0.999043
45997: 0.999043
45998: 0.999043
45999: 0.999043
46000: 0.999043
46001: 0.999044
46002: 0.999044
46003: 0.999044
46004: 0.999044
46005: 0.999044
46006: 0.999044
46007: 0.999044
46008: 0.999044
46009: 0.999044
46010: 0.999044
46011: 0.999044
46012: 0.999044
46013: 0.999044
46014: 0.999044
46015: 0.999044
46016: 0.999044
46017: 0.999044
46018: 0.999044
46019: 0.999044
46020: 0.999044
46021: 0.999044
46022: 0.999044
46023: 0.999044
46024: 0.999044
46025: 0.999044
46026: 0.999044
46027: 0.999044
46028: 0.999044
46029: 0.999044
46030: 0.999044
46031: 0.999044
46032: 0.999044
46033: 0.999044
46034: 0.999044
46035: 0.999044
46036: 0.999044
46037: 0.999044
46038: 0.999044
46039: 0.999044
46040: 0.999044
46041: 0.999044
46042: 0.999044
46043: 0.999044
46044: 0.999044
46045: 0.999044
46046: 0.999044
46047: 0.999044
46048: 0.999044
46049: 0.999045
46050: 0.999045
46051: 0.999045
46052: 0.999045
46053: 0.999045
46054: 0.999045
46055: 0.999045
46056: 0.999045
46057: 0.999045
46058: 0.999045
46059: 0.999045
46060: 0.999045
46061: 0.999045
46062: 0.999045
46063: 0.999045
46064: 0.999045
46065: 0.999045
46066: 0.999045
46067: 0.999045
46068: 0.999045
46069: 0.999045
46070: 0.999045
46071: 0.999045
46072: 0.999045
46073: 0.999045
46074: 0.999045
46075: 0.999045
46076: 0.999045
46077: 0.999045
46078: 0.999045
46079: 0.999045
46080: 0.999045
46081: 0.999045
46082: 0.999045
46083: 0.999045
46084: 0.999045
46085: 0.999045
46086: 0.999045
46087: 0.999045
46088: 0.999045
46089: 0.999045
46090: 0.999045
46091: 0.999045
46092: 0.999045
46093: 0.999045
46094: 0.999045
46095: 0.999045
46096: 0.999045
46097: 0.999046
46098: 0.999046
46099: 0.999046
46100: 0.999046
46101: 0.999046
46102: 0.999046
46103: 0.999046
46104: 0.999046
46105: 0.999046
46106: 0.999046
46107: 0.999046
46108: 0.999046
46109: 0.999046
46110: 0.999046
46111: 0.999046
46112: 0.999046
46113: 0.999046
46114: 0.999046
46115: 0.999046
46116: 0.999046
46117: 0.999046
46118: 0.999046
46119: 0.999046
46120: 0.999046
46121: 0.999046
46122: 0.999046
46123: 0.999046
46124: 0.999046
46125: 0.999046
46126: 0.999046
46127: 0.999046
46128: 0.999046
46129: 0.999046
46130: 0.999046
46131: 0.999046
46132: 0.999046
46133: 0.999046
46134: 0.999046
46135: 0.999046
46136: 0.999046
46137: 0.999046
46138: 0.999046
46139: 0.999046
46140: 0.999046
46141: 0.999046
46142: 0.999046
46143: 0.999046
46144: 0.999046
46145: 0.999047
46146: 0.999047
46147: 0.999047
46148: 0.999047
46149: 0.999047
46150: 0.999047
46151: 0.999047
46152: 0.999047
46153: 0.999047
46154: 0.999047
46155: 0.999047
46156: 0.999047
46157: 0.999047
46158: 0.999047
46159: 0.999047
46160: 0.999047
46161: 0.999047
46162: 0.999047
46163: 0.999047
46164: 0.999047
46165: 0.999047
46166: 0.999047
46167: 0.999047
46168: 0.999047
46169: 0.999047
46170: 0.999047
46171: 0.999047
46172: 0.999047
46173: 0.999047
46174: 0.999047
46175: 0.999047
46176: 0.999047
46177: 0.999047
46178: 0.999047
46179: 0.999047
46180: 0.999047
46181: 0.999047
46182: 0.999047
46183: 0.999047
46184: 0.999047
46185: 0.999047
46186: 0.999047
46187: 0.999047
46188: 0.999047
46189: 0.999047
46190: 0.999047
46191: 0.999047
46192: 0.999047
46193: 0.999047
46194: 0.999048
46195: 0.999048
46196: 0.999048
46197: 0.999048
46198: 0.999048
46199: 0.999048
46200: 0.999048
46201: 0.999048
46202: 0.999048
46203: 0.999048
46204: 0.999048
46205: 0.999048
46206: 0.999048
46207: 0.999048
46208: 0.999048
46209: 0.999048
46210: 0.999048
46211: 0.999048
46212: 0.999048
46213: 0.999048
46214: 0.999048
46215: 0.999048
46216: 0.999048
46217: 0.999048
46218: 0.999048
46219: 0.999048
46220: 0.999048
46221: 0.999048
46222: 0.999048
46223: 0.999048
46224: 0.999048
46225: 0.999048
46226: 0.999048
46227: 0.999048
46228: 0.999048
46229: 0.999048
46230: 0.999048
46231: 0.999048
46232: 0.999048
46233: 0.999048
46234: 0.999048
46235: 0.999048
46236: 0.999048
46237: 0.999048
46238: 0.999048
46239: 0.999048
46240: 0.999048
46241: 0.999048
46242: 0.999049
46243: 0.999049
46244: 0.999049
46245: 0.999049
46246: 0.999049
46247: 0.999049
46248: 0.999049
46249: 0.999049
46250: 0.999049
46251: 0.999049
46252: 0.999049
46253: 0.999049
46254: 0.999049
46255: 0.999049
46256: 0.999049
46257: 0.999049
46258: 0.999049
46259: 0.999049
46260: 0.999049
46261: 0.999049
46262: 0.999049
46263: 0.999049
46264: 0.999049
46265: 0.999049
46266: 0.999049
46267: 0.999049
46268: 0.999049
46269: 0.999049
46270: 0.999049
46271: 0.999049
46272: 0.999049
46273: 0.999049
46274: 0.999049
46275: 0.999049
46276: 0.999049
46277: 0.999049
46278: 0.999049
46279: 0.999049
46280: 0.999049
46281: 0.999049
46282: 0.999049
46283: 0.999049
46284: 0.999049
46285: 0.999049
46286: 0.999049
46287: 0.999049
46288: 0.999049
46289: 0.999049
46290: 0.999049
46291: 0.99905
46292: 0.99905
46293: 0.99905
46294: 0.99905
46295: 0.99905
46296: 0.99905
46297: 0.99905
46298: 0.99905
46299: 0.99905
46300: 0.99905
46301: 0.99905
46302: 0.99905
46303: 0.99905
46304: 0.99905
46305: 0.99905
46306: 0.99905
46307: 0.99905
46308: 0.99905
46309: 0.99905
46310: 0.99905
46311: 0.99905
46312: 0.99905
46313: 0.99905
46314: 0.99905
46315: 0.99905
46316: 0.99905
46317: 0.99905
46318: 0.99905
46319: 0.99905
46320: 0.99905
46321: 0.99905
46322: 0.99905
46323: 0.99905
46324: 0.99905
46325: 0.99905
46326: 0.99905
46327: 0.99905
46328: 0.99905
46329: 0.99905
46330: 0.99905
46331: 0.99905
46332: 0.99905
46333: 0.99905
46334: 0.99905
46335: 0.99905
46336: 0.99905
46337: 0.99905
46338: 0.99905
46339: 0.99905
46340: 0.999051
46341: 0.999051
46342: 0.999051
46343: 0.999051
46344: 0.999051
46345: 0.999051
46346: 0.999051
46347: 0.999051
46348: 0.999051
46349: 0.999051
46350: 0.999051
46351: 0.999051
46352: 0.999051
46353: 0.999051
46354: 0.999051
46355: 0.999051
46356: 0.999051
46357: 0.999051
46358: 0.999051
46359: 0.999051
46360: 0.999051
46361: 0.999051
46362: 0.999051
46363: 0.999051
46364: 0.999051
46365: 0.999051
46366: 0.999051
46367: 0.999051
46368: 0.999051
46369: 0.999051
46370: 0.999051
46371: 0.999051
46372: 0.999051
46373: 0.999051
46374: 0.999051
46375: 0.999051
46376: 0.999051
46377: 0.999051
46378: 0.999051
46379: 0.999051
46380: 0.999051
46381: 0.999051
46382: 0.999051
46383: 0.999051
46384: 0.999051
46385: 0.999051
46386: 0.999051
46387: 0.999051
46388: 0.999051
46389: 0.999052
46390: 0.999052
46391: 0.999052
46392: 0.999052
46393: 0.999052
46394: 0.999052
46395: 0.999052
46396: 0.999052
46397: 0.999052
46398: 0.999052
46399: 0.999052
46400: 0.999052
46401: 0.999052
46402: 0.999052
46403: 0.999052
46404: 0.999052
46405: 0.999052
46406: 0.999052
46407: 0.999052
46408: 0.999052
46409: 0.999052
46410: 0.999052
46411: 0.999052
46412: 0.999052
46413: 0.999052
46414: 0.999052
46415: 0.999052
46416: 0.999052
46417: 0.999052
46418: 0.999052
46419: 0.999052
46420: 0.999052
46421: 0.999052
46422: 0.999052
46423: 0.999052
46424: 0.999052
46425: 0.999052
46426: 0.999052
46427: 0.999052
46428: 0.999052
46429: 0.999052
46430: 0.999052
46431: 0.999052
46432: 0.999052
46433: 0.999052
46434: 0.999052
46435: 0.999052
46436: 0.999052
46437: 0.999053
46438: 0.999053
46439: 0.999053
46440: 0.999053
46441: 0.999053
46442: 0.999053
46443: 0.999053
46444: 0.999053
46445: 0.999053
46446: 0.999053
46447: 0.999053
46448: 0.999053
46449: 0.999053
46450: 0.999053
46451: 0.999053
46452: 0.999053
46453: 0.999053
46454: 0.999053
46455: 0.999053
46456: 0.999053
46457: 0.999053
46458: 0.999053
46459: 0.999053
46460: 0.999053
46461: 0.999053
46462: 0.999053
46463: 0.999053
46464: 0.999053
46465: 0.999053
46466: 0.999053
46467: 0.999053
46468: 0.999053
46469: 0.999053
46470: 0.999053
46471: 0.999053
46472: 0.999053
46473: 0.999053
46474: 0.999053
46475: 0.999053
46476: 0.999053
46477: 0.999053
46478: 0.999053
46479: 0.999053
46480: 0.999053
46481: 0.999053
46482: 0.999053
46483: 0.999053
46484: 0.999053
46485: 0.999053
46486: 0.999053
46487: 0.999054
46488: 0.999054
46489: 0.999054
46490: 0.999054
46491: 0.999054
46492: 0.999054
46493: 0.999054
46494: 0.999054
46495: 0.999054
46496: 0.999054
46497: 0.999054
46498: 0.999054
46499: 0.999054
46500: 0.999054
46501: 0.999054
46502: 0.999054
46503: 0.999054
46504: 0.999054
46505: 0.999054
46506: 0.999054
46507: 0.999054
46508: 0.999054
46509: 0.999054
46510: 0.999054
46511: 0.999054
46512: 0.999054
46513: 0.999054
46514: 0.999054
46515: 0.999054
46516: 0.999054
46517: 0.999054
46518: 0.999054
46519: 0.999054
46520: 0.999054
46521: 0.999054
46522: 0.999054
46523: 0.999054
46524: 0.999054
46525: 0.999054
46526: 0.999054
46527: 0.999054
46528: 0.999054
46529: 0.999054
46530: 0.999054
46531: 0.999054
46532: 0.999054
46533: 0.999054
46534: 0.999054
46535: 0.999054
46536: 0.999055
46537: 0.999055
46538: 0.999055
46539: 0.999055
46540: 0.999055
46541: 0.999055
46542: 0.999055
46543: 0.999055
46544: 0.999055
46545: 0.999055
46546: 0.999055
46547: 0.999055
46548: 0.999055
46549: 0.999055
46550: 0.999055
46551: 0.999055
46552: 0.999055
46553: 0.999055
46554: 0.999055
46555: 0.999055
46556: 0.999055
46557: 0.999055
46558: 0.999055
46559: 0.999055
46560: 0.999055
46561: 0.999055
46562: 0.999055
46563: 0.999055
46564: 0.999055
46565: 0.999055
46566: 0.999055
46567: 0.999055
46568: 0.999055
46569: 0.999055
46570: 0.999055
46571: 0.999055
46572: 0.999055
46573: 0.999055
46574: 0.999055
46575: 0.999055
46576: 0.999055
46577: 0.999055
46578: 0.999055
46579: 0.999055
46580: 0.999055
46581: 0.999055
46582: 0.999055
46583: 0.999055
46584: 0.999055
46585: 0.999056
46586: 0.999056
46587: 0.999056
46588: 0.999056
46589: 0.999056
46590: 0.999056
46591: 0.999056
46592: 0.999056
46593: 0.999056
46594: 0.999056
46595: 0.999056
46596: 0.999056
46597: 0.999056
46598: 0.999056
46599: 0.999056
46600: 0.999056
46601: 0.999056
46602: 0.999056
46603: 0.999056
46604: 0.999056
46605: 0.999056
46606: 0.999056
46607: 0.999056
46608: 0.999056
46609: 0.999056
46610: 0.999056
46611: 0.999056
46612: 0.999056
46613: 0.999056
46614: 0.999056
46615: 0.999056
46616: 0.999056
46617: 0.999056
46618: 0.999056
46619: 0.999056
46620: 0.999056
46621: 0.999056
46622: 0.999056
46623: 0.999056
46624: 0.999056
46625: 0.999056
46626: 0.999056
46627: 0.999056
46628: 0.999056
46629: 0.999056
46630: 0.999056
46631: 0.999056
46632: 0.999056
46633: 0.999056
46634: 0.999057
46635: 0.999057
46636: 0.999057
46637: 0.999057
46638: 0.999057
46639: 0.999057
46640: 0.999057
46641: 0.999057
46642: 0.999057
46643: 0.999057
46644: 0.999057
46645: 0.999057
46646: 0.999057
46647: 0.999057
46648: 0.999057
46649: 0.999057
46650: 0.999057
46651: 0.999057
46652: 0.999057
46653: 0.999057
46654: 0.999057
46655: 0.999057
46656: 0.999057
46657: 0.999057
46658: 0.999057
46659: 0.999057
46660: 0.999057
46661: 0.999057
46662: 0.999057
46663: 0.999057
46664: 0.999057
46665: 0.999057
46666: 0.999057
46667: 0.999057
46668: 0.999057
46669: 0.999057
46670: 0.999057
46671: 0.999057
46672: 0.999057
46673: 0.999057
46674: 0.999057
46675: 0.999057
46676: 0.999057
46677: 0.999057
46678: 0.999057
46679: 0.999057
46680: 0.999057
46681: 0.999057
46682: 0.999057
46683: 0.999057
46684: 0.999058
46685: 0.999058
46686: 0.999058
46687: 0.999058
46688: 0.999058
46689: 0.999058
46690: 0.999058
46691: 0.999058
46692: 0.999058
46693: 0.999058
46694: 0.999058
46695: 0.999058
46696: 0.999058
46697: 0.999058
46698: 0.999058
46699: 0.999058
46700: 0.999058
46701: 0.999058
46702: 0.999058
46703: 0.999058
46704: 0.999058
46705: 0.999058
46706: 0.999058
46707: 0.999058
46708: 0.999058
46709: 0.999058
46710: 0.999058
46711: 0.999058
46712: 0.999058
46713: 0.999058
46714: 0.999058
46715: 0.999058
46716: 0.999058
46717: 0.999058
46718: 0.999058
46719: 0.999058
46720: 0.999058
46721: 0.999058
46722: 0.999058
46723: 0.999058
46724: 0.999058
46725: 0.999058
46726: 0.999058
46727: 0.999058
46728: 0.999058
46729: 0.999058
46730: 0.999058
46731: 0.999058
46732: 0.999058
46733: 0.999059
46734: 0.999059
46735: 0.999059
46736: 0.999059
46737: 0.999059
46738: 0.999059
46739: 0.999059
46740: 0.999059
46741: 0.999059
46742: 0.999059
46743: 0.999059
46744: 0.999059
46745: 0.999059
46746: 0.999059
46747: 0.999059
46748: 0.999059
46749: 0.999059
46750: 0.999059
46751: 0.999059
46752: 0.999059
46753: 0.999059
46754: 0.999059
46755: 0.999059
46756: 0.999059
46757: 0.999059
46758: 0.999059
46759: 0.999059
46760: 0.999059
46761: 0.999059
46762: 0.999059
46763: 0.999059
46764: 0.999059
46765: 0.999059
46766: 0.999059
46767: 0.999059
46768: 0.999059
46769: 0.999059
46770: 0.999059
46771: 0.999059
46772: 0.999059
46773: 0.999059
46774: 0.999059
46775: 0.999059
46776: 0.999059
46777: 0.999059
46778: 0.999059
46779: 0.999059
46780: 0.999059
46781: 0.999059
46782: 0.999059
46783: 0.99906
46784: 0.99906
46785: 0.99906
46786: 0.99906
46787: 0.99906
46788: 0.99906
46789: 0.99906
46790: 0.99906
46791: 0.99906
46792: 0.99906
46793: 0.99906
46794: 0.99906
46795: 0.99906
46796: 0.99906
46797: 0.99906
46798: 0.99906
46799: 0.99906
46800: 0.99906
46801: 0.99906
46802: 0.99906
46803: 0.99906
46804: 0.99906
46805: 0.99906
46806: 0.99906
46807: 0.99906
46808: 0.99906
46809: 0.99906
46810: 0.99906
46811: 0.99906
46812: 0.99906
46813: 0.99906
46814: 0.99906
46815: 0.99906
46816: 0.99906
46817: 0.99906
46818: 0.99906
46819: 0.99906
46820: 0.99906
46821: 0.99906
46822: 0.99906
46823: 0.99906
46824: 0.99906
46825: 0.99906
46826: 0.99906
46827: 0.99906
46828: 0.99906
46829: 0.99906
46830: 0.99906
46831: 0.99906
46832: 0.99906
46833: 0.999061
46834: 0.999061
46835: 0.999061
46836: 0.999061
46837: 0.999061
46838: 0.999061
46839: 0.999061
46840: 0.999061
46841: 0.999061
46842: 0.999061
46843: 0.999061
46844: 0.999061
46845: 0.999061
46846: 0.999061
46847: 0.999061
46848: 0.999061
46849: 0.999061
46850: 0.999061
46851: 0.999061
46852: 0.999061
46853: 0.999061
46854: 0.999061
46855: 0.999061
46856: 0.999061
46857: 0.999061
46858: 0.999061
46859: 0.999061
46860: 0.999061
46861: 0.999061
46862: 0.999061
46863: 0.999061
46864: 0.999061
46865: 0.999061
46866: 0.999061
46867: 0.999061
46868: 0.999061
46869: 0.999061
46870: 0.999061
46871: 0.999061
46872: 0.999061
46873: 0.999061
46874: 0.999061
46875: 0.999061
46876: 0.999061
46877: 0.999061
46878: 0.999061
46879: 0.999061
46880: 0.999061
46881: 0.999061
46882: 0.999061
46883: 0.999062
46884: 0.999062
46885: 0.999062
46886: 0.999062
46887: 0.999062
46888: 0.999062
46889: 0.999062
46890: 0.999062
46891: 0.999062
46892: 0.999062
46893: 0.999062
46894: 0.999062
46895: 0.999062
46896: 0.999062
46897: 0.999062
46898: 0.999062
46899: 0.999062
46900: 0.999062
46901: 0.999062
46902: 0.999062
46903: 0.999062
46904: 0.999062
46905: 0.999062
46906: 0.999062
46907: 0.999062
46908: 0.999062
46909: 0.999062
46910: 0.999062
46911: 0.999062
46912: 0.999062
46913: 0.999062
46914: 0.999062
46915: 0.999062
46916: 0.999062
46917: 0.999062
46918: 0.999062
46919: 0.999062
46920: 0.999062
46921: 0.999062
46922: 0.999062
46923: 0.999062
46924: 0.999062
46925: 0.999062
46926: 0.999062
46927: 0.999062
46928: 0.999062
46929: 0.999062
46930: 0.999062
46931: 0.999062
46932: 0.999062
46933: 0.999063
46934: 0.999063
46935: 0.999063
46936: 0.999063
46937: 0.999063
46938: 0.999063
46939: 0.999063
46940: 0.999063
46941: 0.999063
46942: 0.999063
46943: 0.999063
46944: 0.999063
46945: 0.999063
46946: 0.999063
46947: 0.999063
46948: 0.999063
46949: 0.999063
46950: 0.999063
46951: 0.999063
46952: 0.999063
46953: 0.999063
46954: 0.999063
46955: 0.999063
46956: 0.999063
46957: 0.999063
46958: 0.999063
46959: 0.999063
46960: 0.999063
46961: 0.999063
46962: 0.999063
46963: 0.999063
46964: 0.999063
46965: 0.999063
46966: 0.999063
46967: 0.999063
46968: 0.999063
46969: 0.999063
46970: 0.999063
46971: 0.999063
46972: 0.999063
46973: 0.999063
46974: 0.999063
46975: 0.999063
46976: 0.999063
46977: 0.999063
46978: 0.999063
46979: 0.999063
46980: 0.999063
46981: 0.999063
46982: 0.999063
46983: 0.999064
46984: 0.999064
46985: 0.999064
46986: 0.999064
46987: 0.999064
46988: 0.999064
46989: 0.999064
46990: 0.999064
46991: 0.999064
46992: 0.999064
46993: 0.999064
46994: 0.999064
46995: 0.999064
46996: 0.999064
46997: 0.999064
46998: 0.999064
46999: 0.999064
47000: 0.999064
47001: 0.999064
47002: 0.999064
47003: 0.999064
47004: 0.999064
47005: 0.999064
47006: 0.999064
47007: 0.999064
47008: 0.999064
47009: 0.999064
47010: 0.999064
47011: 0.999064
47012: 0.999064
47013: 0.999064
47014: 0.999064
47015: 0.999064
47016: 0.999064
47017: 0.999064
47018: 0.999064
47019: 0.999064
47020: 0.999064
47021: 0.999064
47022: 0.999064
47023: 0.999064
47024: 0.999064
47025: 0.999064
47026: 0.999064
47027: 0.999064
47028: 0.999064
47029: 0.999064
47030: 0.999064
47031: 0.999064
47032: 0.999064
47033: 0.999065
47034: 0.999065
47035: 0.999065
47036: 0.999065
47037: 0.999065
47038: 0.999065
47039: 0.999065
47040: 0.999065
47041: 0.999065
47042: 0.999065
47043: 0.999065
47044: 0.999065
47045: 0.999065
47046: 0.999065
47047: 0.999065
47048: 0.999065
47049: 0.999065
47050: 0.999065
47051: 0.999065
47052: 0.999065
47053: 0.999065
47054: 0.999065
47055: 0.999065
47056: 0.999065
47057: 0.999065
47058: 0.999065
47059: 0.999065
47060: 0.999065
47061: 0.999065
47062: 0.999065
47063: 0.999065
47064: 0.999065
47065: 0.999065
47066: 0.999065
47067: 0.999065
47068: 0.999065
47069: 0.999065
47070: 0.999065
47071: 0.999065
47072: 0.999065
47073: 0.999065
47074: 0.999065
47075: 0.999065
47076: 0.999065
47077: 0.999065
47078: 0.999065
47079: 0.999065
47080: 0.999065
47081: 0.999065
47082: 0.999065
47083: 0.999065
47084: 0.999066
47085: 0.999066
47086: 0.999066
47087: 0.999066
47088: 0.999066
47089: 0.999066
47090: 0.999066
47091: 0.999066
47092: 0.999066
47093: 0.999066
47094: 0.999066
47095: 0.999066
47096: 0.999066
47097: 0.999066
47098: 0.999066
47099: 0.999066
47100: 0.999066
47101: 0.999066
47102: 0.999066
47103: 0.999066
47104: 0.999066
47105: 0.999066
47106: 0.999066
47107: 0.999066
47108: 0.999066
47109: 0.999066
47110: 0.999066
47111: 0.999066
47112: 0.999066
47113: 0.999066
47114: 0.999066
47115: 0.999066
47116: 0.999066
47117: 0.999066
47118: 0.999066
47119: 0.999066
47120: 0.999066
47121: 0.999066
47122: 0.999066
47123: 0.999066
47124: 0.999066
47125: 0.999066
47126: 0.999066
47127: 0.999066
47128: 0.999066
47129: 0.999066
47130: 0.999066
47131: 0.999066
47132: 0.999066
47133: 0.999066
47134: 0.999067
47135: 0.999067
47136: 0.999067
47137: 0.999067
47138: 0.999067
47139: 0.999067
47140: 0.999067
47141: 0.999067
47142: 0.999067
47143: 0.999067
47144: 0.999067
47145: 0.999067
47146: 0.999067
47147: 0.999067
47148: 0.999067
47149: 0.999067
47150: 0.999067
47151: 0.999067
47152: 0.999067
47153: 0.999067
47154: 0.999067
47155: 0.999067
47156: 0.999067
47157: 0.999067
47158: 0.999067
47159: 0.999067
47160: 0.999067
47161: 0.999067
47162: 0.999067
47163: 0.999067
47164: 0.999067
47165: 0.999067
47166: 0.999067
47167: 0.999067
47168: 0.999067
47169: 0.999067
47170: 0.999067
47171: 0.999067
47172: 0.999067
47173: 0.999067
47174: 0.999067
47175: 0.999067
47176: 0.999067
47177: 0.999067
47178: 0.999067
47179: 0.999067
47180: 0.999067
47181: 0.999067
47182: 0.999067
47183: 0.999067
47184: 0.999068
47185: 0.999068
47186: 0.999068
47187: 0.999068
47188: 0.999068
47189: 0.999068
47190: 0.999068
47191: 0.999068
47192: 0.999068
47193: 0.999068
47194: 0.999068
47195: 0.999068
47196: 0.999068
47197: 0.999068
47198: 0.999068
47199: 0.999068
47200: 0.999068
47201: 0.999068
47202: 0.999068
47203: 0.999068
47204: 0.999068
47205: 0.999068
47206: 0.999068
47207: 0.999068
47208: 0.999068
47209: 0.999068
47210: 0.999068
47211: 0.999068
47212: 0.999068
47213: 0.999068
47214: 0.999068
47215: 0.999068
47216: 0.999068
47217: 0.999068
47218: 0.999068
47219: 0.999068
47220: 0.999068
47221: 0.999068
47222: 0.999068
47223: 0.999068
47224: 0.999068
47225: 0.999068
47226: 0.999068
47227: 0.999068
47228: 0.999068
47229: 0.999068
47230: 0.999068
47231: 0.999068
47232: 0.999068
47233: 0.999068
47234: 0.999068
47235: 0.999069
47236: 0.999069
47237: 0.999069
47238: 0.999069
47239: 0.999069
47240: 0.999069
47241: 0.999069
47242: 0.999069
47243: 0.999069
47244: 0.999069
47245: 0.999069
47246: 0.999069
47247: 0.999069
47248: 0.999069
47249: 0.999069
47250: 0.999069
47251: 0.999069
47252: 0.999069
47253: 0.999069
47254: 0.999069
47255: 0.999069
47256: 0.999069
47257: 0.999069
47258: 0.999069
47259: 0.999069
47260: 0.999069
47261: 0.999069
47262: 0.999069
47263: 0.999069
47264: 0.999069
47265: 0.999069
47266: 0.999069
47267: 0.999069
47268: 0.999069
47269: 0.999069
47270: 0.999069
47271: 0.999069
47272: 0.999069
47273: 0.999069
47274: 0.999069
47275: 0.999069
47276: 0.999069
47277: 0.999069
47278: 0.999069
47279: 0.999069
47280: 0.999069
47281: 0.999069
47282: 0.999069
47283: 0.999069
47284: 0.999069
47285: 0.999069
47286: 0.99907
47287: 0.99907
47288: 0.99907
47289: 0.99907
47290: 0.99907
47291: 0.99907
47292: 0.99907
47293: 0.99907
47294: 0.99907
47295: 0.99907
47296: 0.99907
47297: 0.99907
47298: 0.99907
47299: 0.99907
47300: 0.99907
47301: 0.99907
47302: 0.99907
47303: 0.99907
47304: 0.99907
47305: 0.99907
47306: 0.99907
47307: 0.99907
47308: 0.99907
47309: 0.99907
47310: 0.99907
47311: 0.99907
47312: 0.99907
47313: 0.99907
47314: 0.99907
47315: 0.99907
47316: 0.99907
47317: 0.99907
47318: 0.99907
47319: 0.99907
47320: 0.99907
47321: 0.99907
47322: 0.99907
47323: 0.99907
47324: 0.99907
47325: 0.99907
47326: 0.99907
47327: 0.99907
47328: 0.99907
47329: 0.99907
47330: 0.99907
47331: 0.99907
47332: 0.99907
47333: 0.99907
47334: 0.99907
47335: 0.99907
47336: 0.99907
47337: 0.999071
47338: 0.999071
47339: 0.999071
47340: 0.999071
47341: 0.999071
47342: 0.999071
47343: 0.999071
47344: 0.999071
47345: 0.999071
47346: 0.999071
47347: 0.999071
47348: 0.999071
47349: 0.999071
47350: 0.999071
47351: 0.999071
47352: 0.999071
47353: 0.999071
47354: 0.999071
47355: 0.999071
47356: 0.999071
47357: 0.999071
47358: 0.999071
47359: 0.999071
47360: 0.999071
47361: 0.999071
47362: 0.999071
47363: 0.999071
47364: 0.999071
47365: 0.999071
47366: 0.999071
47367: 0.999071
47368: 0.999071
47369: 0.999071
47370: 0.999071
47371: 0.999071
47372: 0.999071
47373: 0.999071
47374: 0.999071
47375: 0.999071
47376: 0.999071
47377: 0.999071
47378: 0.999071
47379: 0.999071
47380: 0.999071
47381: 0.999071
47382: 0.999071
47383: 0.999071
47384: 0.999071
47385: 0.999071
47386: 0.999071
47387: 0.999071
47388: 0.999072
47389: 0.999072
47390: 0.999072
47391: 0.999072
47392: 0.999072
47393: 0.999072
47394: 0.999072
47395: 0.999072
47396: 0.999072
47397: 0.999072
47398: 0.999072
47399: 0.999072
47400: 0.999072
47401: 0.999072
47402: 0.999072
47403: 0.999072
47404: 0.999072
47405: 0.999072
47406: 0.999072
47407: 0.999072
47408: 0.999072
47409: 0.999072
47410: 0.999072
47411: 0.999072
47412: 0.999072
47413: 0.999072
47414: 0.999072
47415: 0.999072
47416: 0.999072
47417: 0.999072
47418: 0.999072
47419: 0.999072
47420: 0.999072
47421: 0.999072
47422: 0.999072
47423: 0.999072
47424: 0.999072
47425: 0.999072
47426: 0.999072
47427: 0.999072
47428: 0.999072
47429: 0.999072
47430: 0.999072
47431: 0.999072
47432: 0.999072
47433: 0.999072
47434: 0.999072
47435: 0.999072
47436: 0.999072
47437: 0.999072
47438: 0.999072
47439: 0.999073
47440: 0.999073
47441: 0.999073
47442: 0.999073
47443: 0.999073
47444: 0.999073
47445: 0.999073
47446: 0.999073
47447: 0.999073
47448: 0.999073
47449: 0.999073
47450: 0.999073
47451: 0.999073
47452: 0.999073
47453: 0.999073
47454: 0.999073
47455: 0.999073
47456: 0.999073
47457: 0.999073
47458: 0.999073
47459: 0.999073
47460: 0.999073
47461: 0.999073
47462: 0.999073
47463: 0.999073
47464: 0.999073
47465: 0.999073
47466: 0.999073
47467: 0.999073
47468: 0.999073
47469: 0.999073
47470: 0.999073
47471: 0.999073
47472: 0.999073
47473: 0.999073
47474: 0.999073
47475: 0.999073
47476: 0.999073
47477: 0.999073
47478: 0.999073
47479: 0.999073
47480: 0.999073
47481: 0.999073
47482: 0.999073
47483: 0.999073
47484: 0.999073
47485: 0.999073
47486: 0.999073
47487: 0.999073
47488: 0.999073
47489: 0.999073
47490: 0.999074
47491: 0.999074
47492: 0.999074
47493: 0.999074
47494: 0.999074
47495: 0.999074
47496: 0.999074
47497: 0.999074
47498: 0.999074
47499: 0.999074
47500: 0.999074
47501: 0.999074
47502: 0.999074
47503: 0.999074
47504: 0.999074
47505: 0.999074
47506: 0.999074
47507: 0.999074
47508: 0.999074
47509: 0.999074
47510: 0.999074
47511: 0.999074
47512: 0.999074
47513: 0.999074
47514: 0.999074
47515: 0.999074
47516: 0.999074
47517: 0.999074
47518: 0.999074
47519: 0.999074
47520: 0.999074
47521: 0.999074
47522: 0.999074
47523: 0.999074
47524: 0.999074
47525: 0.999074
47526: 0.999074
47527: 0.999074
47528: 0.999074
47529: 0.999074
47530: 0.999074
47531: 0.999074
47532: 0.999074
47533: 0.999074
47534: 0.999074
47535: 0.999074
47536: 0.999074
47537: 0.999074
47538: 0.999074
47539: 0.999074
47540: 0.999074
47541: 0.999075
47542: 0.999075
47543: 0.999075
47544: 0.999075
47545: 0.999075
47546: 0.999075
47547: 0.999075
47548: 0.999075
47549: 0.999075
47550: 0.999075
47551: 0.999075
47552: 0.999075
47553: 0.999075
47554: 0.999075
47555: 0.999075
47556: 0.999075
47557: 0.999075
47558: 0.999075
47559: 0.999075
47560: 0.999075
47561: 0.999075
47562: 0.999075
47563: 0.999075
47564: 0.999075
47565: 0.999075
47566: 0.999075
47567: 0.999075
47568: 0.999075
47569: 0.999075
47570: 0.999075
47571: 0.999075
47572: 0.999075
47573: 0.999075
47574: 0.999075
47575: 0.999075
47576: 0.999075
47577: 0.999075
47578: 0.999075
47579: 0.999075
47580: 0.999075
47581: 0.999075
47582: 0.999075
47583: 0.999075
47584: 0.999075
47585: 0.999075
47586: 0.999075
47587: 0.999075
47588: 0.999075
47589: 0.999075
47590: 0.999075
47591: 0.999075
47592: 0.999075
47593: 0.999076
47594: 0.999076
47595: 0.999076
47596: 0.999076
47597: 0.999076
47598: 0.999076
47599: 0.999076
47600: 0.999076
47601: 0.999076
47602: 0.999076
47603: 0.999076
47604: 0.999076
47605: 0.999076
47606: 0.999076
47607: 0.999076
47608: 0.999076
47609: 0.999076
47610: 0.999076
47611: 0.999076
47612: 0.999076
47613: 0.999076
47614: 0.999076
47615: 0.999076
47616: 0.999076
47617: 0.999076
47618: 0.999076
47619: 0.999076
47620: 0.999076
47621: 0.999076
47622: 0.999076
47623: 0.999076
47624: 0.999076
47625: 0.999076
47626: 0.999076
47627: 0.999076
47628: 0.999076
47629: 0.999076
47630: 0.999076
47631: 0.999076
47632: 0.999076
47633: 0.999076
47634: 0.999076
47635: 0.999076
47636: 0.999076
47637: 0.999076
47638: 0.999076
47639: 0.999076
47640: 0.999076
47641: 0.999076
47642: 0.999076
47643: 0.999076
47644: 0.999077
47645: 0.999077
47646: 0.999077
47647: 0.999077
47648: 0.999077
47649: 0.999077
47650: 0.999077
47651: 0.999077
47652: 0.999077
47653: 0.999077
47654: 0.999077
47655: 0.999077
47656: 0.999077
47657: 0.999077
47658: 0.999077
47659: 0.999077
47660: 0.999077
47661: 0.999077
47662: 0.999077
47663: 0.999077
47664: 0.999077
47665: 0.999077
47666: 0.999077
47667: 0.999077
47668: 0.999077
47669: 0.999077
47670: 0.999077
47671: 0.999077
47672: 0.999077
47673: 0.999077
47674: 0.999077
47675: 0.999077
47676: 0.999077
47677: 0.999077
47678: 0.999077
47679: 0.999077
47680: 0.999077
47681: 0.999077
47682: 0.999077
47683: 0.999077
47684: 0.999077
47685: 0.999077
47686: 0.999077
47687: 0.999077
47688: 0.999077
47689: 0.999077
47690: 0.999077
47691: 0.999077
47692: 0.999077
47693: 0.999077
47694: 0.999077
47695: 0.999077
47696: 0.999078
47697: 0.999078
47698: 0.999078
47699: 0.999078
47700: 0.999078
47701: 0.999078
47702: 0.999078
47703: 0.999078
47704: 0.999078
47705: 0.999078
47706: 0.999078
47707: 0.999078
47708: 0.999078
47709: 0.999078
47710: 0.999078
47711: 0.999078
47712: 0.999078
47713: 0.999078
47714: 0.999078
47715: 0.999078
47716: 0.999078
47717: 0.999078
47718: 0.999078
47719: 0.999078
47720: 0.999078
47721: 0.999078
47722: 0.999078
47723: 0.999078
47724: 0.999078
47725: 0.999078
47726: 0.999078
47727: 0.999078
47728: 0.999078
47729: 0.999078
47730: 0.999078
47731: 0.999078
47732: 0.999078
47733: 0.999078
47734: 0.999078
47735: 0.999078
47736: 0.999078
47737: 0.999078
47738: 0.999078
47739: 0.999078
47740: 0.999078
47741: 0.999078
47742: 0.999078
47743: 0.999078
47744: 0.999078
47745: 0.999078
47746: 0.999078
47747: 0.999078
47748: 0.999079
47749: 0.999079
47750: 0.999079
47751: 0.999079
47752: 0.999079
47753: 0.999079
47754: 0.999079
47755: 0.999079
47756: 0.999079
47757: 0.999079
47758: 0.999079
47759: 0.999079
47760: 0.999079
47761: 0.999079
47762: 0.999079
47763: 0.999079
47764: 0.999079
47765: 0.999079
47766: 0.999079
47767: 0.999079
47768: 0.999079
47769: 0.999079
47770: 0.999079
47771: 0.999079
47772: 0.999079
47773: 0.999079
47774: 0.999079
47775: 0.999079
47776: 0.999079
47777: 0.999079
47778: 0.999079
47779: 0.999079
47780: 0.999079
47781: 0.999079
47782: 0.999079
47783: 0.999079
47784: 0.999079
47785: 0.999079
47786: 0.999079
47787: 0.999079
47788: 0.999079
47789: 0.999079
47790: 0.999079
47791: 0.999079
47792: 0.999079
47793: 0.999079
47794: 0.999079
47795: 0.999079
47796: 0.999079
47797: 0.999079
47798: 0.999079
47799: 0.999079
47800: 0.99908
47801: 0.99908
47802: 0.99908
47803: 0.99908
47804: 0.99908
47805: 0.99908
47806: 0.99908
47807: 0.99908
47808: 0.99908
47809: 0.99908
47810: 0.99908
47811: 0.99908
47812: 0.99908
47813: 0.99908
47814: 0.99908
47815: 0.99908
47816: 0.99908
47817: 0.99908
47818: 0.99908
47819: 0.99908
47820: 0.99908
47821: 0.99908
47822: 0.99908
47823: 0.99908
47824: 0.99908
47825: 0.99908
47826: 0.99908
47827: 0.99908
47828: 0.99908
47829: 0.99908
47830: 0.99908
47831: 0.99908
47832: 0.99908
47833: 0.99908
47834: 0.99908
47835: 0.99908
47836: 0.99908
47837: 0.99908
47838: 0.99908
47839: 0.99908
47840: 0.99908
47841: 0.99908
47842: 0.99908
47843: 0.99908
47844: 0.99908
47845: 0.99908
47846: 0.99908
47847: 0.99908
47848: 0.99908
47849: 0.99908
47850: 0.99908
47851: 0.99908
47852: 0.999081
47853: 0.999081
47854: 0.999081
47855: 0.999081
47856: 0.999081
47857: 0.999081
47858: 0.999081
47859: 0.999081
47860: 0.999081
47861: 0.999081
47862: 0.999081
47863: 0.999081
47864: 0.999081
47865: 0.999081
47866: 0.999081
47867: 0.999081
47868: 0.999081
47869: 0.999081
47870: 0.999081
47871: 0.999081
47872: 0.999081
47873: 0.999081
47874: 0.999081
47875: 0.999081
47876: 0.999081
47877: 0.999081
47878: 0.999081
47879: 0.999081
47880: 0.999081
47881: 0.999081
47882: 0.999081
47883: 0.999081
47884: 0.999081
47885: 0.999081
47886: 0.999081
47887: 0.999081
47888: 0.999081
47889: 0.999081
47890: 0.999081
47891: 0.999081
47892: 0.999081
47893: 0.999081
47894: 0.999081
47895: 0.999081
47896: 0.999081
47897: 0.999081
47898: 0.999081
47899: 0.999081
47900: 0.999081
47901: 0.999081
47902: 0.999081
47903: 0.999081
47904: 0.999082
47905: 0.999082
47906: 0.999082
47907: 0.999082
47908: 0.999082
47909: 0.999082
47910: 0.999082
47911: 0.999082
47912: 0.999082
47913: 0.999082
47914: 0.999082
47915: 0.999082
47916: 0.999082
47917: 0.999082
47918: 0.999082
47919: 0.999082
47920: 0.999082
47921: 0.999082
47922: 0.999082
47923: 0.999082
47924: 0.999082
47925: 0.999082
47926: 0.999082
47927: 0.999082
47928: 0.999082
47929: 0.999082
47930: 0.999082
47931: 0.999082
47932: 0.999082
47933: 0.999082
47934: 0.999082
47935: 0.999082
47936: 0.999082
47937: 0.999082
47938: 0.999082
47939: 0.999082
47940: 0.999082
47941: 0.999082
47942: 0.999082
47943: 0.999082
47944: 0.999082
47945: 0.999082
47946: 0.999082
47947: 0.999082
47948: 0.999082
47949: 0.999082
47950: 0.999082
47951: 0.999082
47952: 0.999082
47953: 0.999082
47954: 0.999082
47955: 0.999082
47956: 0.999083
47957: 0.999083
47958: 0.999083
47959: 0.999083
47960: 0.999083
47961: 0.999083
47962: 0.999083
47963: 0.999083
47964: 0.999083
47965: 0.999083
47966: 0.999083
47967: 0.999083
47968: 0.999083
47969: 0.999083
47970: 0.999083
47971: 0.999083
47972: 0.999083
47973: 0.999083
47974: 0.999083
47975: 0.999083
47976: 0.999083
47977: 0.999083
47978: 0.999083
47979: 0.999083
47980: 0.999083
47981: 0.999083
47982: 0.999083
47983: 0.999083
47984: 0.999083
47985: 0.999083
47986: 0.999083
47987: 0.999083
47988: 0.999083
47989: 0.999083
47990: 0.999083
47991: 0.999083
47992: 0.999083
47993: 0.999083
47994: 0.999083
47995: 0.999083
47996: 0.999083
47997: 0.999083
47998: 0.999083
47999: 0.999083
48000: 0.999083
48001: 0.999083
48002: 0.999083
48003: 0.999083
48004: 0.999083
48005: 0.999083
48006: 0.999083
48007: 0.999083
48008: 0.999084
48009: 0.999084
48010: 0.999084
48011: 0.999084
48012: 0.999084
48013: 0.999084
48014: 0.999084
48015: 0.999084
48016: 0.999084
48017: 0.999084
48018: 0.999084
48019: 0.999084
48020: 0.999084
48021: 0.999084
48022: 0.999084
48023: 0.999084
48024: 0.999084
48025: 0.999084
48026: 0.999084
48027: 0.999084
48028: 0.999084
48029: 0.999084
48030: 0.999084
48031: 0.999084
48032: 0.999084
48033: 0.999084
48034: 0.999084
48035: 0.999084
48036: 0.999084
48037: 0.999084
48038: 0.999084
48039: 0.999084
48040: 0.999084
48041: 0.999084
48042: 0.999084
48043: 0.999084
48044: 0.999084
48045: 0.999084
48046: 0.999084
48047: 0.999084
48048: 0.999084
48049: 0.999084
48050: 0.999084
48051: 0.999084
48052: 0.999084
48053: 0.999084
48054: 0.999084
48055: 0.999084
48056: 0.999084
48057: 0.999084
48058: 0.999084
48059: 0.999084
48060: 0.999084
48061: 0.999085
48062: 0.999085
48063: 0.999085
48064: 0.999085
48065: 0.999085
48066: 0.999085
48067: 0.999085
48068: 0.999085
48069: 0.999085
48070: 0.999085
48071: 0.999085
48072: 0.999085
48073: 0.999085
48074: 0.999085
48075: 0.999085
48076: 0.999085
48077: 0.999085
48078: 0.999085
48079: 0.999085
48080: 0.999085
48081: 0.999085
48082: 0.999085
48083: 0.999085
48084: 0.999085
48085: 0.999085
48086: 0.999085
48087: 0.999085
48088: 0.999085
48089: 0.999085
48090: 0.999085
48091: 0.999085
48092: 0.999085
48093: 0.999085
48094: 0.999085
48095: 0.999085
48096: 0.999085
48097: 0.999085
48098: 0.999085
48099: 0.999085
48100: 0.999085
48101: 0.999085
48102: 0.999085
48103: 0.999085
48104: 0.999085
48105: 0.999085
48106: 0.999085
48107: 0.999085
48108: 0.999085
48109: 0.999085
48110: 0.999085
48111: 0.999085
48112: 0.999085
48113: 0.999086
48114: 0.999086
48115: 0.999086
48116: 0.999086
48117: 0.999086
48118: 0.999086
48119: 0.999086
48120: 0.999086
48121: 0.999086
48122: 0.999086
48123: 0.999086
48124: 0.999086
48125: 0.999086
48126: 0.999086
48127: 0.999086
48128: 0.999086
48129: 0.999086
48130: 0.999086
48131: 0.999086
48132: 0.999086
48133: 0.999086
48134: 0.999086
48135: 0.999086
48136: 0.999086
48137: 0.999086
48138: 0.999086
48139: 0.999086
48140: 0.999086
48141: 0.999086
48142: 0.999086
48143: 0.999086
48144: 0.999086
48145: 0.999086
48146: 0.999086
48147: 0.999086
48148: 0.999086
48149: 0.999086
48150: 0.999086
48151: 0.999086
48152: 0.999086
48153: 0.999086
48154: 0.999086
48155: 0.999086
48156: 0.999086
48157: 0.999086
48158: 0.999086
48159: 0.999086
48160: 0.999086
48161: 0.999086
48162: 0.999086
48163: 0.999086
48164: 0.999086
48165: 0.999086
48166: 0.999087
48167: 0.999087
48168: 0.999087
48169: 0.999087
48170: 0.999087
48171: 0.999087
48172: 0.999087
48173: 0.999087
48174: 0.999087
48175: 0.999087
48176: 0.999087
48177: 0.999087
48178: 0.999087
48179: 0.999087
48180: 0.999087
48181: 0.999087
48182: 0.999087
48183: 0.999087
48184: 0.999087
48185: 0.999087
48186: 0.999087
48187: 0.999087
48188: 0.999087
48189: 0.999087
48190: 0.999087
48191: 0.999087
48192: 0.999087
48193: 0.999087
48194: 0.999087
48195: 0.999087
48196: 0.999087
48197: 0.999087
48198: 0.999087
48199: 0.999087
48200: 0.999087
48201: 0.999087
48202: 0.999087
48203: 0.999087
48204: 0.999087
48205: 0.999087
48206: 0.999087
48207: 0.999087
48208: 0.999087
48209: 0.999087
48210: 0.999087
48211: 0.999087
48212: 0.999087
48213: 0.999087
48214: 0.999087
48215: 0.999087
48216: 0.999087
48217: 0.999087
48218: 0.999087
48219: 0.999088
48220: 0.999088
48221: 0.999088
48222: 0.999088
48223: 0.999088
48224: 0.999088
48225: 0.999088
48226: 0.999088
48227: 0.999088
48228: 0.999088
48229: 0.999088
48230: 0.999088
48231: 0.999088
48232: 0.999088
48233: 0.999088
48234: 0.999088
48235: 0.999088
48236: 0.999088
48237: 0.999088
48238: 0.999088
48239: 0.999088
48240: 0.999088
48241: 0.999088
48242: 0.999088
48243: 0.999088
48244: 0.999088
48245: 0.999088
48246: 0.999088
48247: 0.999088
48248: 0.999088
48249: 0.999088
48250: 0.999088
48251: 0.999088
48252: 0.999088
48253: 0.999088
48254: 0.999088
48255: 0.999088
48256: 0.999088
48257: 0.999088
48258: 0.999088
48259: 0.999088
48260: 0.999088
48261: 0.999088
48262: 0.999088
48263: 0.999088
48264: 0.999088
48265: 0.999088
48266: 0.999088
48267: 0.999088
48268: 0.999088
48269: 0.999088
48270: 0.999088
48271: 0.999088
48272: 0.999089
48273: 0.999089
48274: 0.999089
48275: 0.999089
48276: 0.999089
48277: 0.999089
48278: 0.999089
48279: 0.999089
48280: 0.999089
48281: 0.999089
48282: 0.999089
48283: 0.999089
48284: 0.999089
48285: 0.999089
48286: 0.999089
48287: 0.999089
48288: 0.999089
48289: 0.999089
48290: 0.999089
48291: 0.999089
48292: 0.999089
48293: 0.999089
48294: 0.999089
48295: 0.999089
48296: 0.999089
48297: 0.999089
48298: 0.999089
48299: 0.999089
48300: 0.999089
48301: 0.999089
48302: 0.999089
48303: 0.999089
48304: 0.999089
48305: 0.999089
48306: 0.999089
48307: 0.999089
48308: 0.999089
48309: 0.999089
48310: 0.999089
48311: 0.999089
48312: 0.999089
48313: 0.999089
48314: 0.999089
48315: 0.999089
48316: 0.999089
48317: 0.999089
48318: 0.999089
48319: 0.999089
48320: 0.999089
48321: 0.999089
48322: 0.999089
48323: 0.999089
48324: 0.999089
48325: 0.99909
48326: 0.99909
48327: 0.99909
48328: 0.99909
48329: 0.99909
48330: 0.99909
48331: 0.99909
48332: 0.99909
48333: 0.99909
48334: 0.99909
48335: 0.99909
48336: 0.99909
48337: 0.99909
48338: 0.99909
48339: 0.99909
48340: 0.99909
48341: 0.99909
48342: 0.99909
48343: 0.99909
48344: 0.99909
48345: 0.99909
48346: 0.99909
48347: 0.99909
48348: 0.99909
48349: 0.99909
48350: 0.99909
48351: 0.99909
48352: 0.99909
48353: 0.99909
48354: 0.99909
48355: 0.99909
48356: 0.99909
48357: 0.99909
48358: 0.99909
48359: 0.99909
48360: 0.99909
48361: 0.99909
48362: 0.99909
48363: 0.99909
48364: 0.99909
48365: 0.99909
48366: 0.99909
48367: 0.99909
48368: 0.99909
48369: 0.99909
48370: 0.99909
48371: 0.99909
48372: 0.99909
48373: 0.99909
48374: 0.99909
48375: 0.99909
48376: 0.99909
48377: 0.99909
48378: 0.999091
48379: 0.999091
48380: 0.999091
48381: 0.999091
48382: 0.999091
48383: 0.999091
48384: 0.999091
48385: 0.999091
48386: 0.999091
48387: 0.999091
48388: 0.999091
48389: 0.999091
48390: 0.999091
48391: 0.999091
48392: 0.999091
48393: 0.999091
48394: 0.999091
48395: 0.999091
48396: 0.999091
48397: 0.999091
48398: 0.999091
48399: 0.999091
48400: 0.999091
48401: 0.999091
48402: 0.999091
48403: 0.999091
48404: 0.999091
48405: 0.999091
48406: 0.999091
48407: 0.999091
48408: 0.999091
48409: 0.999091
48410: 0.999091
48411: 0.999091
48412: 0.999091
48413: 0.999091
48414: 0.999091
48415: 0.999091
48416: 0.999091
48417: 0.999091
48418: 0.999091
48419: 0.999091
48420: 0.999091
48421: 0.999091
48422: 0.999091
48423: 0.999091
48424: 0.999091
48425: 0.999091
48426: 0.999091
48427: 0.999091
48428: 0.999091
48429: 0.999091
48430: 0.999091
48431: 0.999092
48432: 0.999092
48433: 0.999092
48434: 0.999092
48435: 0.999092
48436: 0.999092
48437: 0.999092
48438: 0.999092
48439: 0.999092
48440: 0.999092
48441: 0.999092
48442: 0.999092
48443: 0.999092
48444: 0.999092
48445: 0.999092
48446: 0.999092
48447: 0.999092
48448: 0.999092
48449: 0.999092
48450: 0.999092
48451: 0.999092
48452: 0.999092
48453: 0.999092
48454: 0.999092
48455: 0.999092
48456: 0.999092
48457: 0.999092
48458: 0.999092
48459: 0.999092
48460: 0.999092
48461: 0.999092
48462: 0.999092
48463: 0.999092
48464: 0.999092
48465: 0.999092
48466: 0.999092
48467: 0.999092
48468: 0.999092
48469: 0.999092
48470: 0.999092
48471: 0.999092
48472: 0.999092
48473: 0.999092
48474: 0.999092
48475: 0.999092
48476: 0.999092
48477: 0.999092
48478: 0.999092
48479: 0.999092
48480: 0.999092
48481: 0.999092
48482: 0.999092
48483: 0.999092
48484: 0.999093
48485: 0.999093
48486: 0.999093
48487: 0.999093
48488: 0.999093
48489: 0.999093
48490: 0.999093
48491: 0.999093
48492: 0.999093
48493: 0.999093
48494: 0.999093
48495: 0.999093
48496: 0.999093
48497: 0.999093
48498: 0.999093
48499: 0.999093
48500: 0.999093
48501: 0.999093
48502: 0.999093
48503: 0.999093
48504: 0.999093
48505: 0.999093
48506: 0.999093
48507: 0.999093
48508: 0.999093
48509: 0.999093
48510: 0.999093
48511: 0.999093
48512: 0.999093
48513: 0.999093
48514: 0.999093
48515: 0.999093
48516: 0.999093
48517: 0.999093
48518: 0.999093
48519: 0.999093
48520: 0.999093
48521: 0.999093
48522: 0.999093
48523: 0.999093
48524: 0.999093
48525: 0.999093
48526: 0.999093
48527: 0.999093
48528: 0.999093
48529: 0.999093
48530: 0.999093
48531: 0.999093
48532: 0.999093
48533: 0.999093
48534: 0.999093
48535: 0.999093
48536: 0.999093
48537: 0.999093
48538: 0.999094
48539: 0.999094
48540: 0.999094
48541: 0.999094
48542: 0.999094
48543: 0.999094
48544: 0.999094
48545: 0.999094
48546: 0.999094
48547: 0.999094
48548: 0.999094
48549: 0.999094
48550: 0.999094
48551: 0.999094
48552: 0.999094
48553: 0.999094
48554: 0.999094
48555: 0.999094
48556: 0.999094
48557: 0.999094
48558: 0.999094
48559: 0.999094
48560: 0.999094
48561: 0.999094
48562: 0.999094
48563: 0.999094
48564: 0.999094
48565: 0.999094
48566: 0.999094
48567: 0.999094
48568: 0.999094
48569: 0.999094
48570: 0.999094
48571: 0.999094
48572: 0.999094
48573: 0.999094
48574: 0.999094
48575: 0.999094
48576: 0.999094
48577: 0.999094
48578: 0.999094
48579: 0.999094
48580: 0.999094
48581: 0.999094
48582: 0.999094
48583: 0.999094
48584: 0.999094
48585: 0.999094
48586: 0.999094
48587: 0.999094
48588: 0.999094
48589: 0.999094
48590: 0.999094
48591: 0.999095
48592: 0.999095
48593: 0.999095
48594: 0.999095
48595: 0.999095
48596: 0.999095
48597: 0.999095
48598: 0.999095
48599: 0.999095
48600: 0.999095
48601: 0.999095
48602: 0.999095
48603: 0.999095
48604: 0.999095
48605: 0.999095
48606: 0.999095
48607: 0.999095
48608: 0.999095
48609: 0.999095
48610: 0.999095
48611: 0.999095
48612: 0.999095
48613: 0.999095
48614: 0.999095
48615: 0.999095
48616: 0.999095
48617: 0.999095
48618: 0.999095
48619: 0.999095
48620: 0.999095
48621: 0.999095
48622: 0.999095
48623: 0.999095
48624: 0.999095
48625: 0.999095
48626: 0.999095
48627: 0.999095
48628: 0.999095
48629: 0.999095
48630: 0.999095
48631: 0.999095
48632: 0.999095
48633: 0.999095
48634: 0.999095
48635: 0.999095
48636: 0.999095
48637: 0.999095
48638: 0.999095
48639: 0.999095
48640: 0.999095
48641: 0.999095
48642: 0.999095
48643: 0.999095
48644: 0.999095
48645: 0.999096
48646: 0.999096
48647: 0.999096
48648: 0.999096
48649: 0.999096
48650: 0.999096
48651: 0.999096
48652: 0.999096
48653: 0.999096
48654: 0.999096
48655: 0.999096
48656: 0.999096
48657: 0.999096
48658: 0.999096
48659: 0.999096
48660: 0.999096
48661: 0.999096
48662: 0.999096
48663: 0.999096
48664: 0.999096
48665: 0.999096
48666: 0.999096
48667: 0.999096
48668: 0.999096
48669: 0.999096
48670: 0.999096
48671: 0.999096
48672: 0.999096
48673: 0.999096
48674: 0.999096
48675: 0.999096
48676: 0.999096
48677: 0.999096
48678: 0.999096
48679: 0.999096
48680: 0.999096
48681: 0.999096
48682: 0.999096
48683: 0.999096
48684: 0.999096
48685: 0.999096
48686: 0.999096
48687: 0.999096
48688: 0.999096
48689: 0.999096
48690: 0.999096
48691: 0.999096
48692: 0.999096
48693: 0.999096
48694: 0.999096
48695: 0.999096
48696: 0.999096
48697: 0.999096
48698: 0.999096
48699: 0.999097
48700: 0.999097
48701: 0.999097
48702: 0.999097
48703: 0.999097
48704: 0.999097
48705: 0.999097
48706: 0.999097
48707: 0.999097
48708: 0.999097
48709: 0.999097
48710: 0.999097
48711: 0.999097
48712: 0.999097
48713: 0.999097
48714: 0.999097
48715: 0.999097
48716: 0.999097
48717: 0.999097
48718: 0.999097
48719: 0.999097
48720: 0.999097
48721: 0.999097
48722: 0.999097
48723: 0.999097
48724: 0.999097
48725: 0.999097
48726: 0.999097
48727: 0.999097
48728: 0.999097
48729: 0.999097
48730: 0.999097
48731: 0.999097
48732: 0.999097
48733: 0.999097
48734: 0.999097
48735: 0.999097
48736: 0.999097
48737: 0.999097
48738: 0.999097
48739: 0.999097
48740: 0.999097
48741: 0.999097
48742: 0.999097
48743: 0.999097
48744: 0.999097
48745: 0.999097
48746: 0.999097
48747: 0.999097
48748: 0.999097
48749: 0.999097
48750: 0.999097
48751: 0.999097
48752: 0.999097
48753: 0.999098
48754: 0.999098
48755: 0.999098
48756: 0.999098
48757: 0.999098
48758: 0.999098
48759: 0.999098
48760: 0.999098
48761: 0.999098
48762: 0.999098
48763: 0.999098
48764: 0.999098
48765: 0.999098
48766: 0.999098
48767: 0.999098
48768: 0.999098
48769: 0.999098
48770: 0.999098
48771: 0.999098
48772: 0.999098
48773: 0.999098
48774: 0.999098
48775: 0.999098
48776: 0.999098
48777: 0.999098
48778: 0.999098
48779: 0.999098
48780: 0.999098
48781: 0.999098
48782: 0.999098
48783: 0.999098
48784: 0.999098
48785: 0.999098
48786: 0.999098
48787: 0.999098
48788: 0.999098
48789: 0.999098
48790: 0.999098
48791: 0.999098
48792: 0.999098
48793: 0.999098
48794: 0.999098
48795: 0.999098
48796: 0.999098
48797: 0.999098
48798: 0.999098
48799: 0.999098
48800: 0.999098
48801: 0.999098
48802: 0.999098
48803: 0.999098
48804: 0.999098
48805: 0.999098
48806: 0.999098
48807: 0.999099
48808: 0.999099
48809: 0.999099
48810: 0.999099
48811: 0.999099
48812: 0.999099
48813: 0.999099
48814: 0.999099
48815: 0.999099
48816: 0.999099
48817: 0.999099
48818: 0.999099
48819: 0.999099
48820: 0.999099
48821: 0.999099
48822: 0.999099
48823: 0.999099
48824: 0.999099
48825: 0.999099
48826: 0.999099
48827: 0.999099
48828: 0.999099
48829: 0.999099
48830: 0.999099
48831: 0.999099
48832: 0.999099
48833: 0.999099
48834: 0.999099
48835: 0.999099
48836: 0.999099
48837: 0.999099
48838: 0.999099
48839: 0.999099
48840: 0.999099
48841: 0.999099
48842: 0.999099
48843: 0.999099
48844: 0.999099
48845: 0.999099
48846: 0.999099
48847: 0.999099
48848: 0.999099
48849: 0.999099
48850: 0.999099
48851: 0.999099
48852: 0.999099
48853: 0.999099
48854: 0.999099
48855: 0.999099
48856: 0.999099
48857: 0.999099
48858: 0.999099
48859: 0.999099
48860: 0.999099
48861: 0.9991
48862: 0.9991
48863: 0.9991
48864: 0.9991
48865: 0.9991
48866: 0.9991
48867: 0.9991
48868: 0.9991
48869: 0.9991
48870: 0.9991
48871: 0.9991
48872: 0.9991
48873: 0.9991
48874: 0.9991
48875: 0.9991
48876: 0.9991
48877: 0.9991
48878: 0.9991
48879: 0.9991
48880: 0.9991
48881: 0.9991
48882: 0.9991
48883: 0.9991
48884: 0.9991
48885: 0.9991
48886: 0.9991
48887: 0.9991
48888: 0.9991
48889: 0.9991
48890: 0.9991
48891: 0.9991
48892: 0.9991
48893: 0.9991
48894: 0.9991
48895: 0.9991
48896: 0.9991
48897: 0.9991
48898: 0.9991
48899: 0.9991
48900: 0.9991
48901: 0.9991
48902: 0.9991
48903: 0.9991
48904: 0.9991
48905: 0.9991
48906: 0.9991
48907: 0.9991
48908: 0.9991
48909: 0.9991
48910: 0.9991
48911: 0.9991
48912: 0.9991
48913: 0.9991
48914: 0.9991
48915: 0.9991
48916: 0.999101
48917: 0.999101
48918: 0.999101
48919: 0.999101
48920: 0.999101
48921: 0.999101
48922: 0.999101
48923: 0.999101
48924: 0.999101
48925: 0.999101
48926: 0.999101
48927: 0.999101
48928: 0.999101
48929: 0.999101
48930: 0.999101
48931: 0.999101
48932: 0.999101
48933: 0.999101
48934: 0.999101
48935: 0.999101
48936: 0.999101
48937: 0.999101
48938: 0.999101
48939: 0.999101
48940: 0.999101
48941: 0.999101
48942: 0.999101
48943: 0.999101
48944: 0.999101
48945: 0.999101
48946: 0.999101
48947: 0.999101
48948: 0.999101
48949: 0.999101
48950: 0.999101
48951: 0.999101
48952: 0.999101
48953: 0.999101
48954: 0.999101
48955: 0.999101
48956: 0.999101
48957: 0.999101
48958: 0.999101
48959: 0.999101
48960: 0.999101
48961: 0.999101
48962: 0.999101
48963: 0.999101
48964: 0.999101
48965: 0.999101
48966: 0.999101
48967: 0.999101
48968: 0.999101
48969: 0.999101
48970: 0.999102
48971: 0.999102
48972: 0.999102
48973: 0.999102
48974: 0.999102
48975: 0.999102
48976: 0.999102
48977: 0.999102
48978: 0.999102
48979: 0.999102
48980: 0.999102
48981: 0.999102
48982: 0.999102
48983: 0.999102
48984: 0.999102
48985: 0.999102
48986: 0.999102
48987: 0.999102
48988: 0.999102
48989: 0.999102
48990: 0.999102
48991: 0.999102
48992: 0.999102
48993: 0.999102
48994: 0.999102
48995: 0.999102
48996: 0.999102
48997: 0.999102
48998: 0.999102
48999: 0.999102
49000: 0.999102
49001: 0.999102
49002: 0.999102
49003: 0.999102
49004: 0.999102
49005: 0.999102
49006: 0.999102
49007: 0.999102
49008: 0.999102
49009: 0.999102
49010: 0.999102
49011: 0.999102
49012: 0.999102
49013: 0.999102
49014: 0.999102
49015: 0.999102
49016: 0.999102
49017: 0.999102
49018: 0.999102
49019: 0.999102
49020: 0.999102
49021: 0.999102
49022: 0.999102
49023: 0.999102
49024: 0.999102
49025: 0.999103
49026: 0.999103
49027: 0.999103
49028: 0.999103
49029: 0.999103
49030: 0.999103
49031: 0.999103
49032: 0.999103
49033: 0.999103
49034: 0.999103
49035: 0.999103
49036: 0.999103
49037: 0.999103
49038: 0.999103
49039: 0.999103
49040: 0.999103
49041: 0.999103
49042: 0.999103
49043: 0.999103
49044: 0.999103
49045: 0.999103
49046: 0.999103
49047: 0.999103
49048: 0.999103
49049: 0.999103
49050: 0.999103
49051: 0.999103
49052: 0.999103
49053: 0.999103
49054: 0.999103
49055: 0.999103
49056: 0.999103
49057: 0.999103
49058: 0.999103
49059: 0.999103
49060: 0.999103
49061: 0.999103
49062: 0.999103
49063: 0.999103
49064: 0.999103
49065: 0.999103
49066: 0.999103
49067: 0.999103
49068: 0.999103
49069: 0.999103
49070: 0.999103
49071: 0.999103
49072: 0.999103
49073: 0.999103
49074: 0.999103
49075: 0.999103
49076: 0.999103
49077: 0.999103
49078: 0.999103
49079: 0.999104
49080: 0.999104
49081: 0.999104
49082: 0.999104
49083: 0.999104
49084: 0.999104
49085: 0.999104
49086: 0.999104
49087: 0.999104
49088: 0.999104
49089: 0.999104
49090: 0.999104
49091: 0.999104
49092: 0.999104
49093: 0.999104
49094: 0.999104
49095: 0.999104
49096: 0.999104
49097: 0.999104
49098: 0.999104
49099: 0.999104
49100: 0.999104
49101: 0.999104
49102: 0.999104
49103: 0.999104
49104: 0.999104
49105: 0.999104
49106: 0.999104
49107: 0.999104
49108: 0.999104
49109: 0.999104
49110: 0.999104
49111: 0.999104
49112: 0.999104
49113: 0.999104
49114: 0.999104
49115: 0.999104
49116: 0.999104
49117: 0.999104
49118: 0.999104
49119: 0.999104
49120: 0.999104
49121: 0.999104
49122: 0.999104
49123: 0.999104
49124: 0.999104
49125: 0.999104
49126: 0.999104
49127: 0.999104
49128: 0.999104
49129: 0.999104
49130: 0.999104
49131: 0.999104
49132: 0.999104
49133: 0.999104
49134: 0.999105
49135: 0.999105
49136: 0.999105
49137: 0.999105
49138: 0.999105
49139: 0.999105
49140: 0.999105
49141: 0.999105
49142: 0.999105
49143: 0.999105
49144: 0.999105
49145: 0.999105
49146: 0.999105
49147: 0.999105
49148: 0.999105
49149: 0.999105
49150: 0.999105
49151: 0.999105
49152: 0.999105
49153: 0.999105
49154: 0.999105
49155: 0.999105
49156: 0.999105
49157: 0.999105
49158: 0.999105
49159: 0.999105
49160: 0.999105
49161: 0.999105
49162: 0.999105
49163: 0.999105
49164: 0.999105
49165: 0.999105
49166: 0.999105
49167: 0.999105
49168: 0.999105
49169: 0.999105
49170: 0.999105
49171: 0.999105
49172: 0.999105
49173: 0.999105
49174: 0.999105
49175: 0.999105
49176: 0.999105
49177: 0.999105
49178: 0.999105
49179: 0.999105
49180: 0.999105
49181: 0.999105
49182: 0.999105
49183: 0.999105
49184: 0.999105
49185: 0.999105
49186: 0.999105
49187: 0.999105
49188: 0.999105
49189: 0.999106
49190: 0.999106
49191: 0.999106
49192: 0.999106
49193: 0.999106
49194: 0.999106
49195: 0.999106
49196: 0.999106
49197: 0.999106
49198: 0.999106
49199: 0.999106
49200: 0.999106
49201: 0.999106
49202: 0.999106
49203: 0.999106
49204: 0.999106
49205: 0.999106
49206: 0.999106
49207: 0.999106
49208: 0.999106
49209: 0.999106
49210: 0.999106
49211: 0.999106
49212: 0.999106
49213: 0.999106
49214: 0.999106
49215: 0.999106
49216: 0.999106
49217: 0.999106
49218: 0.999106
49219: 0.999106
49220: 0.999106
49221: 0.999106
49222: 0.999106
49223: 0.999106
49224: 0.999106
49225: 0.999106
49226: 0.999106
49227: 0.999106
49228: 0.999106
49229: 0.999106
49230: 0.999106
49231: 0.999106
49232: 0.999106
49233: 0.999106
49234: 0.999106
49235: 0.999106
49236: 0.999106
49237: 0.999106
49238: 0.999106
49239: 0.999106
49240: 0.999106
49241: 0.999106
49242: 0.999106
49243: 0.999106
49244: 0.999107
49245: 0.999107
49246: 0.999107
49247: 0.999107
49248: 0.999107
49249: 0.999107
49250: 0.999107
49251: 0.999107
49252: 0.999107
49253: 0.999107
49254: 0.999107
49255: 0.999107
49256: 0.999107
49257: 0.999107
49258: 0.999107
49259: 0.999107
49260: 0.999107
49261: 0.999107
49262: 0.999107
49263: 0.999107
49264: 0.999107
49265: 0.999107
49266: 0.999107
49267: 0.999107
49268: 0.999107
49269: 0.999107
49270: 0.999107
49271: 0.999107
49272: 0.999107
49273: 0.999107
49274: 0.999107
49275: 0.999107
49276: 0.999107
49277: 0.999107
49278: 0.999107
49279: 0.999107
49280: 0.999107
49281: 0.999107
49282: 0.999107
49283: 0.999107
49284: 0.999107
49285: 0.999107
49286: 0.999107
49287: 0.999107
49288: 0.999107
49289: 0.999107
49290: 0.999107
49291: 0.999107
49292: 0.999107
49293: 0.999107
49294: 0.999107
49295: 0.999107
49296: 0.999107
49297: 0.999107
49298: 0.999107
49299: 0.999108
49300: 0.999108
49301: 0.999108
49302: 0.999108
49303: 0.999108
49304: 0.999108
49305: 0.999108
49306: 0.999108
49307: 0.999108
49308: 0.999108
49309: 0.999108
49310: 0.999108
49311: 0.999108
49312: 0.999108
49313: 0.999108
49314: 0.999108
49315: 0.999108
49316: 0.999108
49317: 0.999108
49318: 0.999108
49319: 0.999108
49320: 0.999108
49321: 0.999108
49322: 0.999108
49323: 0.999108
49324: 0.999108
49325: 0.999108
49326: 0.999108
49327: 0.999108
49328: 0.999108
49329: 0.999108
49330: 0.999108
49331: 0.999108
49332: 0.999108
49333: 0.999108
49334: 0.999108
49335: 0.999108
49336: 0.999108
49337: 0.999108
49338: 0.999108
49339: 0.999108
49340: 0.999108
49341: 0.999108
49342: 0.999108
49343: 0.999108
49344: 0.999108
49345: 0.999108
49346: 0.999108
49347: 0.999108
49348: 0.999108
49349: 0.999108
49350: 0.999108
49351: 0.999108
49352: 0.999108
49353: 0.999108
49354: 0.999108
49355: 0.999109
49356: 0.999109
49357: 0.999109
49358: 0.999109
49359: 0.999109
49360: 0.999109
49361: 0.999109
49362: 0.999109
49363: 0.999109
49364: 0.999109
49365: 0.999109
49366: 0.999109
49367: 0.999109
49368: 0.999109
49369: 0.999109
49370: 0.999109
49371: 0.999109
49372: 0.999109
49373: 0.999109
49374: 0.999109
49375: 0.999109
49376: 0.999109
49377: 0.999109
49378: 0.999109
49379: 0.999109
49380: 0.999109
49381: 0.999109
49382: 0.999109
49383: 0.999109
49384: 0.999109
49385: 0.999109
49386: 0.999109
49387: 0.999109
49388: 0.999109
49389: 0.999109
49390: 0.999109
49391: 0.999109
49392: 0.999109
49393: 0.999109
49394: 0.999109
49395: 0.999109
49396: 0.999109
49397: 0.999109
49398: 0.999109
49399: 0.999109
49400: 0.999109
49401: 0.999109
49402: 0.999109
49403: 0.999109
49404: 0.999109
49405: 0.999109
49406: 0.999109
49407: 0.999109
49408: 0.999109
49409: 0.999109
49410: 0.99911
49411: 0.99911
49412: 0.99911
49413: 0.99911
49414: 0.99911
49415: 0.99911
49416: 0.99911
49417: 0.99911
49418: 0.99911
49419: 0.99911
49420: 0.99911
49421: 0.99911
49422: 0.99911
49423: 0.99911
49424: 0.99911
49425: 0.99911
49426: 0.99911
49427: 0.99911
49428: 0.99911
49429: 0.99911
49430: 0.99911
49431: 0.99911
49432: 0.99911
49433: 0.99911
49434: 0.99911
49435: 0.99911
49436: 0.99911
49437: 0.99911
49438: 0.99911
49439: 0.99911
49440: 0.99911
49441: 0.99911
49442: 0.99911
49443: 0.99911
49444: 0.99911
49445: 0.99911
49446: 0.99911
49447: 0.99911
49448: 0.99911
49449: 0.99911
49450: 0.99911
49451: 0.99911
49452: 0.99911
49453: 0.99911
49454: 0.99911
49455: 0.99911
49456: 0.99911
49457: 0.99911
49458: 0.99911
49459: 0.99911
49460: 0.99911
49461: 0.99911
49462: 0.99911
49463: 0.99911
49464: 0.99911
49465: 0.999111
49466: 0.999111
49467: 0.999111
49468: 0.999111
49469: 0.999111
49470: 0.999111
49471: 0.999111
49472: 0.999111
49473: 0.999111
49474: 0.999111
49475: 0.999111
49476: 0.999111
49477: 0.999111
49478: 0.999111
49479: 0.999111
49480: 0.999111
49481: 0.999111
49482: 0.999111
49483: 0.999111
49484: 0.999111
49485: 0.999111
49486: 0.999111
49487: 0.999111
49488: 0.999111
49489: 0.999111
49490: 0.999111
49491: 0.999111
49492: 0.999111
49493: 0.999111
49494: 0.999111
49495: 0.999111
49496: 0.999111
49497: 0.999111
49498: 0.999111
49499: 0.999111
49500: 0.999111
49501: 0.999111
49502: 0.999111
49503: 0.999111
49504: 0.999111
49505: 0.999111
49506: 0.999111
49507: 0.999111
49508: 0.999111
49509: 0.999111
49510: 0.999111
49511: 0.999111
49512: 0.999111
49513: 0.999111
49514: 0.999111
49515: 0.999111
49516: 0.999111
49517: 0.999111
49518: 0.999111
49519: 0.999111
49520: 0.999111
49521: 0.999112
49522: 0.999112
49523: 0.999112
49524: 0.999112
49525: 0.999112
49526: 0.999112
49527: 0.999112
49528: 0.999112
49529: 0.999112
49530: 0.999112
49531: 0.999112
49532: 0.999112
49533: 0.999112
49534: 0.999112
49535: 0.999112
49536: 0.999112
49537: 0.999112
49538: 0.999112
49539: 0.999112
49540: 0.999112
49541: 0.999112
49542: 0.999112
49543: 0.999112
49544: 0.999112
49545: 0.999112
49546: 0.999112
49547: 0.999112
49548: 0.999112
49549: 0.999112
49550: 0.999112
49551: 0.999112
49552: 0.999112
49553: 0.999112
49554: 0.999112
49555: 0.999112
49556: 0.999112
49557: 0.999112
49558: 0.999112
49559: 0.999112
49560: 0.999112
49561: 0.999112
49562: 0.999112
49563: 0.999112
49564: 0.999112
49565: 0.999112
49566: 0.999112
49567: 0.999112
49568: 0.999112
49569: 0.999112
49570: 0.999112
49571: 0.999112
49572: 0.999112
49573: 0.999112
49574: 0.999112
49575: 0.999112
49576: 0.999112
49577: 0.999113
49578: 0.999113
49579: 0.999113
49580: 0.999113
49581: 0.999113
49582: 0.999113
49583: 0.999113
49584: 0.999113
49585: 0.999113
49586: 0.999113
49587: 0.999113
49588: 0.999113
49589: 0.999113
49590: 0.999113
49591: 0.999113
49592: 0.999113
49593: 0.999113
49594: 0.999113
49595: 0.999113
49596: 0.999113
49597: 0.999113
49598: 0.999113
49599: 0.999113
49600: 0.999113
49601: 0.999113
49602: 0.999113
49603: 0.999113
49604: 0.999113
49605: 0.999113
49606: 0.999113
49607: 0.999113
49608: 0.999113
49609: 0.999113
49610: 0.999113
49611: 0.999113
49612: 0.999113
49613: 0.999113
49614: 0.999113
49615: 0.999113
49616: 0.999113
49617: 0.999113
49618: 0.999113
49619: 0.999113
49620: 0.999113
49621: 0.999113
49622: 0.999113
49623: 0.999113
49624: 0.999113
49625: 0.999113
49626: 0.999113
49627: 0.999113
49628: 0.999113
49629: 0.999113
49630: 0.999113
49631: 0.999113
49632: 0.999113
49633: 0.999114
49634: 0.999114
49635: 0.999114
49636: 0.999114
49637: 0.999114
49638: 0.999114
49639: 0.999114
49640: 0.999114
49641: 0.999114
49642: 0.999114
49643: 0.999114
49644: 0.999114
49645: 0.999114
49646: 0.999114
49647: 0.999114
49648: 0.999114
49649: 0.999114
49650: 0.999114
49651: 0.999114
49652: 0.999114
49653: 0.999114
49654: 0.999114
49655: 0.999114
49656: 0.999114
49657: 0.999114
49658: 0.999114
49659: 0.999114
49660: 0.999114
49661: 0.999114
49662: 0.999114
49663: 0.999114
49664: 0.999114
49665: 0.999114
49666: 0.999114
49667: 0.999114
49668: 0.999114
49669: 0.999114
49670: 0.999114
49671: 0.999114
49672: 0.999114
49673: 0.999114
49674: 0.999114
49675: 0.999114
49676: 0.999114
49677: 0.999114
49678: 0.999114
49679: 0.999114
49680: 0.999114
49681: 0.999114
49682: 0.999114
49683: 0.999114
49684: 0.999114
49685: 0.999114
49686: 0.999114
49687: 0.999114
49688: 0.999114
49689: 0.999115
49690: 0.999115
49691: 0.999115
49692: 0.999115
49693: 0.999115
49694: 0.999115
49695: 0.999115
49696: 0.999115
49697: 0.999115
49698: 0.999115
49699: 0.999115
49700: 0.999115
49701: 0.999115
49702: 0.999115
49703: 0.999115
49704: 0.999115
49705: 0.999115
49706: 0.999115
49707: 0.999115
49708: 0.999115
49709: 0.999115
49710: 0.999115
49711: 0.999115
49712: 0.999115
49713: 0.999115
49714: 0.999115
49715: 0.999115
49716: 0.999115
49717: 0.999115
49718: 0.999115
49719: 0.999115
49720: 0.999115
49721: 0.999115
49722: 0.999115
49723: 0.999115
49724: 0.999115
49725: 0.999115
49726: 0.999115
49727: 0.999115
49728: 0.999115
49729: 0.999115
49730: 0.999115
49731: 0.999115
49732: 0.999115
49733: 0.999115
49734: 0.999115
49735: 0.999115
49736: 0.999115
49737: 0.999115
49738: 0.999115
49739: 0.999115
49740: 0.999115
49741: 0.999115
49742: 0.999115
49743: 0.999115
49744: 0.999115
49745: 0.999116
49746: 0.999116
49747: 0.999116
49748: 0.999116
49749: 0.999116
49750: 0.999116
49751: 0.999116
49752: 0.999116
49753: 0.999116
49754: 0.999116
49755: 0.999116
49756: 0.999116
49757: 0.999116
49758: 0.999116
49759: 0.999116
49760: 0.999116
49761: 0.999116
49762: 0.999116
49763: 0.999116
49764: 0.999116
49765: 0.999116
49766: 0.999116
49767: 0.999116
49768: 0.999116
49769: 0.999116
49770: 0.999116
49771: 0.999116
49772: 0.999116
49773: 0.999116
49774: 0.999116
49775: 0.999116
49776: 0.999116
49777: 0.999116
49778: 0.999116
49779: 0.999116
49780: 0.999116
49781: 0.999116
49782: 0.999116
49783: 0.999116
49784: 0.999116
49785: 0.999116
49786: 0.999116
49787: 0.999116
49788: 0.999116
49789: 0.999116
49790: 0.999116
49791: 0.999116
49792: 0.999116
49793: 0.999116
49794: 0.999116
49795: 0.999116
49796: 0.999116
49797: 0.999116
49798: 0.999116
49799: 0.999116
49800: 0.999116
49801: 0.999117
49802: 0.999117
49803: 0.999117
49804: 0.999117
49805: 0.999117
49806: 0.999117
49807: 0.999117
49808: 0.999117
49809: 0.999117
49810: 0.999117
49811: 0.999117
49812: 0.999117
49813: 0.999117
49814: 0.999117
49815: 0.999117
49816: 0.999117
49817: 0.999117
49818: 0.999117
49819: 0.999117
49820: 0.999117
49821: 0.999117
49822: 0.999117
49823: 0.999117
49824: 0.999117
49825: 0.999117
49826: 0.999117
49827: 0.999117
49828: 0.999117
49829: 0.999117
49830: 0.999117
49831: 0.999117
49832: 0.999117
49833: 0.999117
49834: 0.999117
49835: 0.999117
49836: 0.999117
49837: 0.999117
49838: 0.999117
49839: 0.999117
49840: 0.999117
49841: 0.999117
49842: 0.999117
49843: 0.999117
49844: 0.999117
49845: 0.999117
49846: 0.999117
49847: 0.999117
49848: 0.999117
49849: 0.999117
49850: 0.999117
49851: 0.999117
49852: 0.999117
49853: 0.999117
49854: 0.999117
49855: 0.999117
49856: 0.999117
49857: 0.999117
49858: 0.999118
49859: 0.999118
49860: 0.999118
49861: 0.999118
49862: 0.999118
49863: 0.999118
49864: 0.999118
49865: 0.999118
49866: 0.999118
49867: 0.999118
49868: 0.999118
49869: 0.999118
49870: 0.999118
49871: 0.999118
49872: 0.999118
49873: 0.999118
49874: 0.999118
49875: 0.999118
49876: 0.999118
49877: 0.999118
49878: 0.999118
49879: 0.999118
49880: 0.999118
49881: 0.999118
49882: 0.999118
49883: 0.999118
49884: 0.999118
49885: 0.999118
49886: 0.999118
49887: 0.999118
49888: 0.999118
49889: 0.999118
49890: 0.999118
49891: 0.999118
49892: 0.999118
49893: 0.999118
49894: 0.999118
49895: 0.999118
49896: 0.999118
49897: 0.999118
49898: 0.999118
49899: 0.999118
49900: 0.999118
49901: 0.999118
49902: 0.999118
49903: 0.999118
49904: 0.999118
49905: 0.999118
49906: 0.999118
49907: 0.999118
49908: 0.999118
49909: 0.999118
49910: 0.999118
49911: 0.999118
49912: 0.999118
49913: 0.999118
49914: 0.999119
49915: 0.999119
49916: 0.999119
49917: 0.999119
49918: 0.999119
49919: 0.999119
49920: 0.999119
49921: 0.999119
49922: 0.999119
49923: 0.999119
49924: 0.999119
49925: 0.999119
49926: 0.999119
49927: 0.999119
49928: 0.999119
49929: 0.999119
49930: 0.999119
49931: 0.999119
49932: 0.999119
49933: 0.999119
49934: 0.999119
49935: 0.999119
49936: 0.999119
49937: 0.999119
49938: 0.999119
49939: 0.999119
49940: 0.999119
49941: 0.999119
49942: 0.999119
49943: 0.999119
49944: 0.999119
49945: 0.999119
49946: 0.999119
49947: 0.999119
49948: 0.999119
49949: 0.999119
49950: 0.999119
49951: 0.999119
49952: 0.999119
49953: 0.999119
49954: 0.999119
49955: 0.999119
49956: 0.999119
49957: 0.999119
49958: 0.999119
49959: 0.999119
49960: 0.999119
49961: 0.999119
49962: 0.999119
49963: 0.999119
49964: 0.999119
49965: 0.999119
49966: 0.999119
49967: 0.999119
49968: 0.999119
49969: 0.999119
49970: 0.999119
49971: 0.99912
49972: 0.99912
49973: 0.99912
49974: 0.99912
49975: 0.99912
49976: 0.99912
49977: 0.99912
49978: 0.99912
49979: 0.99912
49980: 0.99912
49981: 0.99912
49982: 0.99912
49983: 0.99912
49984: 0.99912
49985: 0.99912
49986: 0.99912
49987: 0.99912
49988: 0.99912
49989: 0.99912
49990: 0.99912
49991: 0.99912
49992: 0.99912
49993: 0.99912
49994: 0.99912
49995: 0.99912
49996: 0.99912
49997: 0.99912
49998: 0.99912
49999: 0.99912
50000: 0.99912
50001: 0.99912
50002: 0.99912
50003: 0.99912
50004: 0.99912
50005: 0.99912
50006: 0.99912
50007: 0.99912
50008: 0.99912
50009: 0.99912
50010: 0.99912
50011: 0.99912
50012: 0.99912
50013: 0.99912
50014: 0.99912
50015: 0.99912
50016: 0.99912
50017: 0.99912
50018: 0.99912
50019: 0.99912
50020: 0.99912
50021: 0.99912
50022: 0.99912
50023: 0.99912
50024: 0.99912
50025: 0.99912
50026: 0.99912
50027: 0.99912
50028: 0.999121
50029: 0.999121
50030: 0.999121
50031: 0.999121
50032: 0.999121
50033: 0.999121
50034: 0.999121
50035: 0.999121
50036: 0.999121
50037: 0.999121
50038: 0.999121
50039: 0.999121
50040: 0.999121
50041: 0.999121
50042: 0.999121
50043: 0.999121
50044: 0.999121
50045: 0.999121
50046: 0.999121
50047: 0.999121
50048: 0.999121
50049: 0.999121
50050: 0.999121
50051: 0.999121
50052: 0.999121
50053: 0.999121
50054: 0.999121
50055: 0.999121
50056: 0.999121
50057: 0.999121
50058: 0.999121
50059: 0.999121
50060: 0.999121
50061: 0.999121
50062: 0.999121
50063: 0.999121
50064: 0.999121
50065: 0.999121
50066: 0.999121
50067: 0.999121
50068: 0.999121
50069: 0.999121
50070: 0.999121
50071: 0.999121
50072: 0.999121
50073: 0.999121
50074: 0.999121
50075: 0.999121
50076: 0.999121
50077: 0.999121
50078: 0.999121
50079: 0.999121
50080: 0.999121
50081: 0.999121
50082: 0.999121
50083: 0.999121
50084: 0.999121
50085: 0.999122
50086: 0.999122
50087: 0.999122
50088: 0.999122
50089: 0.999122
50090: 0.999122
50091: 0.999122
50092: 0.999122
50093: 0.999122
50094: 0.999122
50095: 0.999122
50096: 0.999122
50097: 0.999122
50098: 0.999122
50099: 0.999122
50100: 0.999122
50101: 0.999122
50102: 0.999122
50103: 0.999122
50104: 0.999122
50105: 0.999122
50106: 0.999122
50107: 0.999122
50108: 0.999122
50109: 0.999122
50110: 0.999122
50111: 0.999122
50112: 0.999122
50113: 0.999122
50114: 0.999122
50115: 0.999122
50116: 0.999122
50117: 0.999122
50118: 0.999122
50119: 0.999122
50120: 0.999122
50121: 0.999122
50122: 0.999122
50123: 0.999122
50124: 0.999122
50125: 0.999122
50126: 0.999122
50127: 0.999122
50128: 0.999122
50129: 0.999122
50130: 0.999122
50131: 0.999122
50132: 0.999122
50133: 0.999122
50134: 0.999122
50135: 0.999122
50136: 0.999122
50137: 0.999122
50138: 0.999122
50139: 0.999122
50140: 0.999122
50141: 0.999122
50142: 0.999123
50143: 0.999123
50144: 0.999123
50145: 0.999123
50146: 0.999123
50147: 0.999123
50148: 0.999123
50149: 0.999123
50150: 0.999123
50151: 0.999123
50152: 0.999123
50153: 0.999123
50154: 0.999123
50155: 0.999123
50156: 0.999123
50157: 0.999123
50158: 0.999123
50159: 0.999123
50160: 0.999123
50161: 0.999123
50162: 0.999123
50163: 0.999123
50164: 0.999123
50165: 0.999123
50166: 0.999123
50167: 0.999123
50168: 0.999123
50169: 0.999123
50170: 0.999123
50171: 0.999123
50172: 0.999123
50173: 0.999123
50174: 0.999123
50175: 0.999123
50176: 0.999123
50177: 0.999123
50178: 0.999123
50179: 0.999123
50180: 0.999123
50181: 0.999123
50182: 0.999123
50183: 0.999123
50184: 0.999123
50185: 0.999123
50186: 0.999123
50187: 0.999123
50188: 0.999123
50189: 0.999123
50190: 0.999123
50191: 0.999123
50192: 0.999123
50193: 0.999123
50194: 0.999123
50195: 0.999123
50196: 0.999123
50197: 0.999123
50198: 0.999123
50199: 0.999124
50200: 0.999124
50201: 0.999124
50202: 0.999124
50203: 0.999124
50204: 0.999124
50205: 0.999124
50206: 0.999124
50207: 0.999124
50208: 0.999124
50209: 0.999124
50210: 0.999124
50211: 0.999124
50212: 0.999124
50213: 0.999124
50214: 0.999124
50215: 0.999124
50216: 0.999124
50217: 0.999124
50218: 0.999124
50219: 0.999124
50220: 0.999124
50221: 0.999124
50222: 0.999124
50223: 0.999124
50224: 0.999124
50225: 0.999124
50226: 0.999124
50227: 0.999124
50228: 0.999124
50229: 0.999124
50230: 0.999124
50231: 0.999124
50232: 0.999124
50233: 0.999124
50234: 0.999124
50235: 0.999124
50236: 0.999124
50237: 0.999124
50238: 0.999124
50239: 0.999124
50240: 0.999124
50241: 0.999124
50242: 0.999124
50243: 0.999124
50244: 0.999124
50245: 0.999124
50246: 0.999124
50247: 0.999124
50248: 0.999124
50249: 0.999124
50250: 0.999124
50251: 0.999124
50252: 0.999124
50253: 0.999124
50254: 0.999124
50255: 0.999124
50256: 0.999125
50257: 0.999125
50258: 0.999125
50259: 0.999125
50260: 0.999125
50261: 0.999125
50262: 0.999125
50263: 0.999125
50264: 0.999125
50265: 0.999125
50266: 0.999125
50267: 0.999125
50268: 0.999125
50269: 0.999125
50270: 0.999125
50271: 0.999125
50272: 0.999125
50273: 0.999125
50274: 0.999125
50275: 0.999125
50276: 0.999125
50277: 0.999125
50278: 0.999125
50279: 0.999125
50280: 0.999125
50281: 0.999125
50282: 0.999125
50283: 0.999125
50284: 0.999125
50285: 0.999125
50286: 0.999125
50287: 0.999125
50288: 0.999125
50289: 0.999125
50290: 0.999125
50291: 0.999125
50292: 0.999125
50293: 0.999125
50294: 0.999125
50295: 0.999125
50296: 0.999125
50297: 0.999125
50298: 0.999125
50299: 0.999125
50300: 0.999125
50301: 0.999125
50302: 0.999125
50303: 0.999125
50304: 0.999125
50305: 0.999125
50306: 0.999125
50307: 0.999125
50308: 0.999125
50309: 0.999125
50310: 0.999125
50311: 0.999125
50312: 0.999125
50313: 0.999125
50314: 0.999126
50315: 0.999126
50316: 0.999126
50317: 0.999126
50318: 0.999126
50319: 0.999126
50320: 0.999126
50321: 0.999126
50322: 0.999126
50323: 0.999126
50324: 0.999126
50325: 0.999126
50326: 0.999126
50327: 0.999126
50328: 0.999126
50329: 0.999126
50330: 0.999126
50331: 0.999126
50332: 0.999126
50333: 0.999126
50334: 0.999126
50335: 0.999126
50336: 0.999126
50337: 0.999126
50338: 0.999126
50339: 0.999126
50340: 0.999126
50341: 0.999126
50342: 0.999126
50343: 0.999126
50344: 0.999126
50345: 0.999126
50346: 0.999126
50347: 0.999126
50348: 0.999126
50349: 0.999126
50350: 0.999126
50351: 0.999126
50352: 0.999126
50353: 0.999126
50354: 0.999126
50355: 0.999126
50356: 0.999126
50357: 0.999126
50358: 0.999126
50359: 0.999126
50360: 0.999126
50361: 0.999126
50362: 0.999126
50363: 0.999126
50364: 0.999126
50365: 0.999126
50366: 0.999126
50367: 0.999126
50368: 0.999126
50369: 0.999126
50370: 0.999126
50371: 0.999126
50372: 0.999127
50373: 0.999127
50374: 0.999127
50375: 0.999127
50376: 0.999127
50377: 0.999127
50378: 0.999127
50379: 0.999127
50380: 0.999127
50381: 0.999127
50382: 0.999127
50383: 0.999127
50384: 0.999127
50385: 0.999127
50386: 0.999127
50387: 0.999127
50388: 0.999127
50389: 0.999127
50390: 0.999127
50391: 0.999127
50392: 0.999127
50393: 0.999127
50394: 0.999127
50395: 0.999127
50396: 0.999127
50397: 0.999127
50398: 0.999127
50399: 0.999127
50400: 0.999127
50401: 0.999127
50402: 0.999127
50403: 0.999127
50404: 0.999127
50405: 0.999127
50406: 0.999127
50407: 0.999127
50408: 0.999127
50409: 0.999127
50410: 0.999127
50411: 0.999127
50412: 0.999127
50413: 0.999127
50414: 0.999127
50415: 0.999127
50416: 0.999127
50417: 0.999127
50418: 0.999127
50419: 0.999127
50420: 0.999127
50421: 0.999127
50422: 0.999127
50423: 0.999127
50424: 0.999127
50425: 0.999127
50426: 0.999127
50427: 0.999127
50428: 0.999127
50429: 0.999128
50430: 0.999128
50431: 0.999128
50432: 0.999128
50433: 0.999128
50434: 0.999128
50435: 0.999128
50436: 0.999128
50437: 0.999128
50438: 0.999128
50439: 0.999128
50440: 0.999128
50441: 0.999128
50442: 0.999128
50443: 0.999128
50444: 0.999128
50445: 0.999128
50446: 0.999128
50447: 0.999128
50448: 0.999128
50449: 0.999128
50450: 0.999128
50451: 0.999128
50452: 0.999128
50453: 0.999128
50454: 0.999128
50455: 0.999128
50456: 0.999128
50457: 0.999128
50458: 0.999128
50459: 0.999128
50460: 0.999128
50461: 0.999128
50462: 0.999128
50463: 0.999128
50464: 0.999128
50465: 0.999128
50466: 0.999128
50467: 0.999128
50468: 0.999128
50469: 0.999128
50470: 0.999128
50471: 0.999128
50472: 0.999128
50473: 0.999128
50474: 0.999128
50475: 0.999128
50476: 0.999128
50477: 0.999128
50478: 0.999128
50479: 0.999128
50480: 0.999128
50481: 0.999128
50482: 0.999128
50483: 0.999128
50484: 0.999128
50485: 0.999128
50486: 0.999128
50487: 0.999129
50488: 0.999129
50489: 0.999129
50490: 0.999129
50491: 0.999129
50492: 0.999129
50493: 0.999129
50494: 0.999129
50495: 0.999129
50496: 0.999129
50497: 0.999129
50498: 0.999129
50499: 0.999129
50500: 0.999129
50501: 0.999129
50502: 0.999129
50503: 0.999129
50504: 0.999129
50505: 0.999129
50506: 0.999129
50507: 0.999129
50508: 0.999129
50509: 0.999129
50510: 0.999129
50511: 0.999129
50512: 0.999129
50513: 0.999129
50514: 0.999129
50515: 0.999129
50516: 0.999129
50517: 0.999129
50518: 0.999129
50519: 0.999129
50520: 0.999129
50521: 0.999129
50522: 0.999129
50523: 0.999129
50524: 0.999129
50525: 0.999129
50526: 0.999129
50527: 0.999129
50528: 0.999129
50529: 0.999129
50530: 0.999129
50531: 0.999129
50532: 0.999129
50533: 0.999129
50534: 0.999129
50535: 0.999129
50536: 0.999129
50537: 0.999129
50538: 0.999129
50539: 0.999129
50540: 0.999129
50541: 0.999129
50542: 0.999129
50543: 0.999129
50544: 0.999129
50545: 0.99913
50546: 0.99913
50547: 0.99913
50548: 0.99913
50549: 0.99913
50550: 0.99913
50551: 0.99913
50552: 0.99913
50553: 0.99913
50554: 0.99913
50555: 0.99913
50556: 0.99913
50557: 0.99913
50558: 0.99913
50559: 0.99913
50560: 0.99913
50561: 0.99913
50562: 0.99913
50563: 0.99913
50564: 0.99913
50565: 0.99913
50566: 0.99913
50567: 0.99913
50568: 0.99913
50569: 0.99913
50570: 0.99913
50571: 0.99913
50572: 0.99913
50573: 0.99913
50574: 0.99913
50575: 0.99913
50576: 0.99913
50577: 0.99913
50578: 0.99913
50579: 0.99913
50580: 0.99913
50581: 0.99913
50582: 0.99913
50583: 0.99913
50584: 0.99913
50585: 0.99913
50586: 0.99913
50587: 0.99913
50588: 0.99913
50589: 0.99913
50590: 0.99913
50591: 0.99913
50592: 0.99913
50593: 0.99913
50594: 0.99913
50595: 0.99913
50596: 0.99913
50597: 0.99913
50598: 0.99913
50599: 0.99913
50600: 0.99913
50601: 0.99913
50602: 0.99913
50603: 0.999131
50604: 0.999131
50605: 0.999131
50606: 0.999131
50607: 0.999131
50608: 0.999131
50609: 0.999131
50610: 0.999131
50611: 0.999131
50612: 0.999131
50613: 0.999131
50614: 0.999131
50615: 0.999131
50616: 0.999131
50617: 0.999131
50618: 0.999131
50619: 0.999131
50620: 0.999131
50621: 0.999131
50622: 0.999131
50623: 0.999131
50624: 0.999131
50625: 0.999131
50626: 0.999131
50627: 0.999131
50628: 0.999131
50629: 0.999131
50630: 0.999131
50631: 0.999131
50632: 0.999131
50633: 0.999131
50634: 0.999131
50635: 0.999131
50636: 0.999131
50637: 0.999131
50638: 0.999131
50639: 0.999131
50640: 0.999131
50641: 0.999131
50642: 0.999131
50643: 0.999131
50644: 0.999131
50645: 0.999131
50646: 0.999131
50647: 0.999131
50648: 0.999131
50649: 0.999131
50650: 0.999131
50651: 0.999131
50652: 0.999131
50653: 0.999131
50654: 0.999131
50655: 0.999131
50656: 0.999131
50657: 0.999131
50658: 0.999131
50659: 0.999131
50660: 0.999131
50661: 0.999131
50662: 0.999132
50663: 0.999132
50664: 0.999132
50665: 0.999132
50666: 0.999132
50667: 0.999132
50668: 0.999132
50669: 0.999132
50670: 0.999132
50671: 0.999132
50672: 0.999132
50673: 0.999132
50674: 0.999132
50675: 0.999132
50676: 0.999132
50677: 0.999132
50678: 0.999132
50679: 0.999132
50680: 0.999132
50681: 0.999132
50682: 0.999132
50683: 0.999132
50684: 0.999132
50685: 0.999132
50686: 0.999132
50687: 0.999132
50688: 0.999132
50689: 0.999132
50690: 0.999132
50691: 0.999132
50692: 0.999132
50693: 0.999132
50694: 0.999132
50695: 0.999132
50696: 0.999132
50697: 0.999132
50698: 0.999132
50699: 0.999132
50700: 0.999132
50701: 0.999132
50702: 0.999132
50703: 0.999132
50704: 0.999132
50705: 0.999132
50706: 0.999132
50707: 0.999132
50708: 0.999132
50709: 0.999132
50710: 0.999132
50711: 0.999132
50712: 0.999132
50713: 0.999132
50714: 0.999132
50715: 0.999132
50716: 0.999132
50717: 0.999132
50718: 0.999132
50719: 0.999132
50720: 0.999133
50721: 0.999133
50722: 0.999133
50723: 0.999133
50724: 0.999133
50725: 0.999133
50726: 0.999133
50727: 0.999133
50728: 0.999133
50729: 0.999133
50730: 0.999133
50731: 0.999133
50732: 0.999133
50733: 0.999133
50734: 0.999133
50735: 0.999133
50736: 0.999133
50737: 0.999133
50738: 0.999133
50739: 0.999133
50740: 0.999133
50741: 0.999133
50742: 0.999133
50743: 0.999133
50744: 0.999133
50745: 0.999133
50746: 0.999133
50747: 0.999133
50748: 0.999133
50749: 0.999133
50750: 0.999133
50751: 0.999133
50752: 0.999133
50753: 0.999133
50754: 0.999133
50755: 0.999133
50756: 0.999133
50757: 0.999133
50758: 0.999133
50759: 0.999133
50760: 0.999133
50761: 0.999133
50762: 0.999133
50763: 0.999133
50764: 0.999133
50765: 0.999133
50766: 0.999133
50767: 0.999133
50768: 0.999133
50769: 0.999133
50770: 0.999133
50771: 0.999133
50772: 0.999133
50773: 0.999133
50774: 0.999133
50775: 0.999133
50776: 0.999133
50777: 0.999133
50778: 0.999134
50779: 0.999134
50780: 0.999134
50781: 0.999134
50782: 0.999134
50783: 0.999134
50784: 0.999134
50785: 0.999134
50786: 0.999134
50787: 0.999134
50788: 0.999134
50789: 0.999134
50790: 0.999134
50791: 0.999134
50792: 0.999134
50793: 0.999134
50794: 0.999134
50795: 0.999134
50796: 0.999134
50797: 0.999134
50798: 0.999134
50799: 0.999134
50800: 0.999134
50801: 0.999134
50802: 0.999134
50803: 0.999134
50804: 0.999134
50805: 0.999134
50806: 0.999134
50807: 0.999134
50808: 0.999134
50809: 0.999134
50810: 0.999134
50811: 0.999134
50812: 0.999134
50813: 0.999134
50814: 0.999134
50815: 0.999134
50816: 0.999134
50817: 0.999134
50818: 0.999134
50819: 0.999134
50820: 0.999134
50821: 0.999134
50822: 0.999134
50823: 0.999134
50824: 0.999134
50825: 0.999134
50826: 0.999134
50827: 0.999134
50828: 0.999134
50829: 0.999134
50830: 0.999134
50831: 0.999134
50832: 0.999134
50833: 0.999134
50834: 0.999134
50835: 0.999134
50836: 0.999134
50837: 0.999135
50838: 0.999135
50839: 0.999135
50840: 0.999135
50841: 0.999135
50842: 0.999135
50843: 0.999135
50844: 0.999135
50845: 0.999135
50846: 0.999135
50847: 0.999135
50848: 0.999135
50849: 0.999135
50850: 0.999135
50851: 0.999135
50852: 0.999135
50853: 0.999135
50854: 0.999135
50855: 0.999135
50856: 0.999135
50857: 0.999135
50858: 0.999135
50859: 0.999135
50860: 0.999135
50861: 0.999135
50862: 0.999135
50863: 0.999135
50864: 0.999135
50865: 0.999135
50866: 0.999135
50867: 0.999135
50868: 0.999135
50869: 0.999135
50870: 0.999135
50871: 0.999135
50872: 0.999135
50873: 0.999135
50874: 0.999135
50875: 0.999135
50876: 0.999135
50877: 0.999135
50878: 0.999135
50879: 0.999135
50880: 0.999135
50881: 0.999135
50882: 0.999135
50883: 0.999135
50884: 0.999135
50885: 0.999135
50886: 0.999135
50887: 0.999135
50888: 0.999135
50889: 0.999135
50890: 0.999135
50891: 0.999135
50892: 0.999135
50893: 0.999135
50894: 0.999135
50895: 0.999135
50896: 0.999136
50897: 0.999136
50898: 0.999136
50899: 0.999136
50900: 0.999136
50901: 0.999136
50902: 0.999136
50903: 0.999136
50904: 0.999136
50905: 0.999136
50906: 0.999136
50907: 0.999136
50908: 0.999136
50909: 0.999136
50910: 0.999136
50911: 0.999136
50912: 0.999136
50913: 0.999136
50914: 0.999136
50915: 0.999136
50916: 0.999136
50917: 0.999136
50918: 0.999136
50919: 0.999136
50920: 0.999136
50921: 0.999136
50922: 0.999136
50923: 0.999136
50924: 0.999136
50925: 0.999136
50926: 0.999136
50927: 0.999136
50928: 0.999136
50929: 0.999136
50930: 0.999136
50931: 0.999136
50932: 0.999136
50933: 0.999136
50934: 0.999136
50935: 0.999136
50936: 0.999136
50937: 0.999136
50938: 0.999136
50939: 0.999136
50940: 0.999136
50941: 0.999136
50942: 0.999136
50943: 0.999136
50944: 0.999136
50945: 0.999136
50946: 0.999136
50947: 0.999136
50948: 0.999136
50949: 0.999136
50950: 0.999136
50951: 0.999136
50952: 0.999136
50953: 0.999136
50954: 0.999136
50955: 0.999137
50956: 0.999137
50957: 0.999137
50958: 0.999137
50959: 0.999137
50960: 0.999137
50961: 0.999137
50962: 0.999137
50963: 0.999137
50964: 0.999137
50965: 0.999137
50966: 0.999137
50967: 0.999137
50968: 0.999137
50969: 0.999137
50970: 0.999137
50971: 0.999137
50972: 0.999137
50973: 0.999137
50974: 0.999137
50975: 0.999137
50976: 0.999137
50977: 0.999137
50978: 0.999137
50979: 0.999137
50980: 0.999137
50981: 0.999137
50982: 0.999137
50983: 0.999137
50984: 0.999137
50985: 0.999137
50986: 0.999137
50987: 0.999137
50988: 0.999137
50989: 0.999137
50990: 0.999137
50991: 0.999137
50992: 0.999137
50993: 0.999137
50994: 0.999137
50995: 0.999137
50996: 0.999137
50997: 0.999137
50998: 0.999137
50999: 0.999137
51000: 0.999137
51001: 0.999137
51002: 0.999137
51003: 0.999137
51004: 0.999137
51005: 0.999137
51006: 0.999137
51007: 0.999137
51008: 0.999137
51009: 0.999137
51010: 0.999137
51011: 0.999137
51012: 0.999137
51013: 0.999137
51014: 0.999138
51015: 0.999138
51016: 0.999138
51017: 0.999138
51018: 0.999138
51019: 0.999138
51020: 0.999138
51021: 0.999138
51022: 0.999138
51023: 0.999138
51024: 0.999138
51025: 0.999138
51026: 0.999138
51027: 0.999138
51028: 0.999138
51029: 0.999138
51030: 0.999138
51031: 0.999138
51032: 0.999138
51033: 0.999138
51034: 0.999138
51035: 0.999138
51036: 0.999138
51037: 0.999138
51038: 0.999138
51039: 0.999138
51040: 0.999138
51041: 0.999138
51042: 0.999138
51043: 0.999138
51044: 0.999138
51045: 0.999138
51046: 0.999138
51047: 0.999138
51048: 0.999138
51049: 0.999138
51050: 0.999138
51051: 0.999138
51052: 0.999138
51053: 0.999138
51054: 0.999138
51055: 0.999138
51056: 0.999138
51057: 0.999138
51058: 0.999138
51059: 0.999138
51060: 0.999138
51061: 0.999138
51062: 0.999138
51063: 0.999138
51064: 0.999138
51065: 0.999138
51066: 0.999138
51067: 0.999138
51068: 0.999138
51069: 0.999138
51070: 0.999138
51071: 0.999138
51072: 0.999138
51073: 0.999139
51074: 0.999139
51075: 0.999139
51076: 0.999139
51077: 0.999139
51078: 0.999139
51079: 0.999139
51080: 0.999139
51081: 0.999139
51082: 0.999139
51083: 0.999139
51084: 0.999139
51085: 0.999139
51086: 0.999139
51087: 0.999139
51088: 0.999139
51089: 0.999139
51090: 0.999139
51091: 0.999139
51092: 0.999139
51093: 0.999139
51094: 0.999139
51095: 0.999139
51096: 0.999139
51097: 0.999139
51098: 0.999139
51099: 0.999139
51100: 0.999139
51101: 0.999139
51102: 0.999139
51103: 0.999139
51104: 0.999139
51105: 0.999139
51106: 0.999139
51107: 0.999139
51108: 0.999139
51109: 0.999139
51110: 0.999139
51111: 0.999139
51112: 0.999139
51113: 0.999139
51114: 0.999139
51115: 0.999139
51116: 0.999139
51117: 0.999139
51118: 0.999139
51119: 0.999139
51120: 0.999139
51121: 0.999139
51122: 0.999139
51123: 0.999139
51124: 0.999139
51125: 0.999139
51126: 0.999139
51127: 0.999139
51128: 0.999139
51129: 0.999139
51130: 0.999139
51131: 0.999139
51132: 0.999139
51133: 0.99914
51134: 0.99914
51135: 0.99914
51136: 0.99914
51137: 0.99914
51138: 0.99914
51139: 0.99914
51140: 0.99914
51141: 0.99914
51142: 0.99914
51143: 0.99914
51144: 0.99914
51145: 0.99914
51146: 0.99914
51147: 0.99914
51148: 0.99914
51149: 0.99914
51150: 0.99914
51151: 0.99914
51152: 0.99914
51153: 0.99914
51154: 0.99914
51155: 0.99914
51156: 0.99914
51157: 0.99914
51158: 0.99914
51159: 0.99914
51160: 0.99914
51161: 0.99914
51162: 0.99914
51163: 0.99914
51164: 0.99914
51165: 0.99914
51166: 0.99914
51167: 0.99914
51168: 0.99914
51169: 0.99914
51170: 0.99914
51171: 0.99914
51172: 0.99914
51173: 0.99914
51174: 0.99914
51175: 0.99914
51176: 0.99914
51177: 0.99914
51178: 0.99914
51179: 0.99914
51180: 0.99914
51181: 0.99914
51182: 0.99914
51183: 0.99914
51184: 0.99914
51185: 0.99914
51186: 0.99914
51187: 0.99914
51188: 0.99914
51189: 0.99914
51190: 0.99914
51191: 0.99914
51192: 0.999141
51193: 0.999141
51194: 0.999141
51195: 0.999141
51196: 0.999141
51197: 0.999141
51198: 0.999141
51199: 0.999141
51200: 0.999141
51201: 0.999141
51202: 0.999141
51203: 0.999141
51204: 0.999141
51205: 0.999141
51206: 0.999141
51207: 0.999141
51208: 0.999141
51209: 0.999141
51210: 0.999141
51211: 0.999141
51212: 0.999141
51213: 0.999141
51214: 0.999141
51215: 0.999141
51216: 0.999141
51217: 0.999141
51218: 0.999141
51219: 0.999141
51220: 0.999141
51221: 0.999141
51222: 0.999141
51223: 0.999141
51224: 0.999141
51225: 0.999141
51226: 0.999141
51227: 0.999141
51228: 0.999141
51229: 0.999141
51230: 0.999141
51231: 0.999141
51232: 0.999141
51233: 0.999141
51234: 0.999141
51235: 0.999141
51236: 0.999141
51237: 0.999141
51238: 0.999141
51239: 0.999141
51240: 0.999141
51241: 0.999141
51242: 0.999141
51243: 0.999141
51244: 0.999141
51245: 0.999141
51246: 0.999141
51247: 0.999141
51248: 0.999141
51249: 0.999141
51250: 0.999141
51251: 0.999141
51252: 0.999142
51253: 0.999142
51254: 0.999142
51255: 0.999142
51256: 0.999142
51257: 0.999142
51258: 0.999142
51259: 0.999142
51260: 0.999142
51261: 0.999142
51262: 0.999142
51263: 0.999142
51264: 0.999142
51265: 0.999142
51266: 0.999142
51267: 0.999142
51268: 0.999142
51269: 0.999142
51270: 0.999142
51271: 0.999142
51272: 0.999142
51273: 0.999142
51274: 0.999142
51275: 0.999142
51276: 0.999142
51277: 0.999142
51278: 0.999142
51279: 0.999142
51280: 0.999142
51281: 0.999142
51282: 0.999142
51283: 0.999142
51284: 0.999142
51285: 0.999142
51286: 0.999142
51287: 0.999142
51288: 0.999142
51289: 0.999142
51290: 0.999142
51291: 0.999142
51292: 0.999142
51293: 0.999142
51294: 0.999142
51295: 0.999142
51296: 0.999142
51297: 0.999142
51298: 0.999142
51299: 0.999142
51300: 0.999142
51301: 0.999142
51302: 0.999142
51303: 0.999142
51304: 0.999142
51305: 0.999142
51306: 0.999142
51307: 0.999142
51308: 0.999142
51309: 0.999142
51310: 0.999142
51311: 0.999143
51312: 0.999143
51313: 0.999143
51314: 0.999143
51315: 0.999143
51316: 0.999143
51317: 0.999143
51318: 0.999143
51319: 0.999143
51320: 0.999143
51321: 0.999143
51322: 0.999143
51323: 0.999143
51324: 0.999143
51325: 0.999143
51326: 0.999143
51327: 0.999143
51328: 0.999143
51329: 0.999143
51330: 0.999143
51331: 0.999143
51332: 0.999143
51333: 0.999143
51334: 0.999143
51335: 0.999143
51336: 0.999143
51337: 0.999143
51338: 0.999143
51339: 0.999143
51340: 0.999143
51341: 0.999143
51342: 0.999143
51343: 0.999143
51344: 0.999143
51345: 0.999143
51346: 0.999143
51347: 0.999143
51348: 0.999143
51349: 0.999143
51350: 0.999143
51351: 0.999143
51352: 0.999143
51353: 0.999143
51354: 0.999143
51355: 0.999143
51356: 0.999143
51357: 0.999143
51358: 0.999143
51359: 0.999143
51360: 0.999143
51361: 0.999143
51362: 0.999143
51363: 0.999143
51364: 0.999143
51365: 0.999143
51366: 0.999143
51367: 0.999143
51368: 0.999143
51369: 0.999143
51370: 0.999143
51371: 0.999144
51372: 0.999144
51373: 0.999144
51374: 0.999144
51375: 0.999144
51376: 0.999144
51377: 0.999144
51378: 0.999144
51379: 0.999144
51380: 0.999144
51381: 0.999144
51382: 0.999144
51383: 0.999144
51384: 0.999144
51385: 0.999144
51386: 0.999144
51387: 0.999144
51388: 0.999144
51389: 0.999144
51390: 0.999144
51391: 0.999144
51392: 0.999144
51393: 0.999144
51394: 0.999144
51395: 0.999144
51396: 0.999144
51397: 0.999144
51398: 0.999144
51399: 0.999144
51400: 0.999144
51401: 0.999144
51402: 0.999144
51403: 0.999144
51404: 0.999144
51405: 0.999144
51406: 0.999144
51407: 0.999144
51408: 0.999144
51409: 0.999144
51410: 0.999144
51411: 0.999125
51412: 0.999105
51413: 0.999086
51414: 0.999086
51415: 0.999086
51416: 0.999086
51417: 0.999086
51418: 0.999086
51419: 0.999086
51420: 0.999086
51421: 0.999086
51422: 0.999086
51423: 0.999086
51424: 0.999086
51425: 0.999086
51426: 0.999086
51427: 0.999086
51428: 0.999086
51429: 0.999086
51430: 0.999086
51431: 0.999086
51432: 0.999086
51433: 0.999086
51434: 0.999086
51435: 0.999086
51436: 0.999086
51437: 0.999086
51438: 0.999086
51439: 0.999086
51440: 0.999086
51441: 0.999086
51442: 0.999086
51443: 0.999086
51444: 0.999086
51445: 0.999086
51446: 0.999086
51447: 0.999086
51448: 0.999086
51449: 0.999086
51450: 0.999087
51451: 0.999087
51452: 0.999087
51453: 0.999087
51454: 0.999087
51455: 0.999087
51456: 0.999087
51457: 0.999087
51458: 0.999087
51459: 0.999087
51460: 0.999087
51461: 0.999087
51462: 0.999087
51463: 0.999087
51464: 0.999087
51465: 0.999087
51466: 0.999087
51467: 0.999087
51468: 0.999087
51469: 0.999087
51470: 0.999087
51471: 0.999087
51472: 0.999087
51473: 0.999087
51474: 0.999087
51475: 0.999087
51476: 0.999087
51477: 0.999087
51478: 0.999087
51479: 0.999087
51480: 0.999087
51481: 0.999087
51482: 0.999087
51483: 0.999087
51484: 0.999087
51485: 0.999087
51486: 0.999087
51487: 0.999087
51488: 0.999087
51489: 0.999087
51490: 0.999087
51491: 0.999087
51492: 0.999087
51493: 0.999087
51494: 0.999087
51495: 0.999087
51496: 0.999087
51497: 0.999087
51498: 0.999087
51499: 0.999087
51500: 0.999087
51501: 0.999087
51502: 0.999087
51503: 0.999087
51504: 0.999087
51505: 0.999087
51506: 0.999088
51507: 0.999088
51508: 0.999088
51509: 0.999088
51510: 0.999088
51511: 0.999088
51512: 0.999088
51513: 0.999088
51514: 0.999088
51515: 0.999088
51516: 0.999088
51517: 0.999088
51518: 0.999088
51519: 0.999088
51520: 0.999088
51521: 0.999088
51522: 0.999088
51523: 0.999088
51524: 0.999088
51525: 0.999088
51526: 0.999088
51527: 0.999088
51528: 0.999088
51529: 0.999088
51530: 0.999088
51531: 0.999088
51532: 0.999088
51533: 0.999088
51534: 0.999088
51535: 0.999088
51536: 0.999088
51537: 0.999088
51538: 0.999088
51539: 0.999088
51540: 0.999088
51541: 0.999088
51542: 0.999088
51543: 0.999088
51544: 0.999088
51545: 0.999088
51546: 0.999088
51547: 0.999088
51548: 0.999088
51549: 0.999088
51550: 0.999088
51551: 0.999088
51552: 0.999088
51553: 0.999088
51554: 0.999088
51555: 0.999088
51556: 0.999088
51557: 0.999088
51558: 0.999088
51559: 0.999088
51560: 0.999088
51561: 0.999088
51562: 0.999088
51563: 0.999089
51564: 0.999089
51565: 0.999089
51566: 0.999089
51567: 0.999089
51568: 0.999089
51569: 0.999089
51570: 0.999089
51571: 0.999089
51572: 0.999089
51573: 0.999089
51574: 0.999089
51575: 0.999089
51576: 0.999089
51577: 0.999089
51578: 0.999089
51579: 0.999089
51580: 0.999089
51581: 0.999089
51582: 0.999089
51583: 0.999089
51584: 0.999089
51585: 0.999089
51586: 0.999089
51587: 0.999089
51588: 0.999089
51589: 0.999089
51590: 0.999089
51591: 0.999089
51592: 0.999089
51593: 0.999089
51594: 0.999089
51595: 0.999089
51596: 0.999089
51597: 0.999089
51598: 0.999089
51599: 0.999089
51600: 0.999089
51601: 0.999089
51602: 0.999089
51603: 0.999089
51604: 0.999089
51605: 0.999089
51606: 0.999089
51607: 0.999089
51608: 0.999089
51609: 0.999089
51610: 0.999089
51611: 0.999089
51612: 0.999089
51613: 0.999089
51614: 0.999089
51615: 0.999089
51616: 0.999089
51617: 0.999089
51618: 0.999089
51619: 0.99909
51620: 0.99909
51621: 0.99909
51622: 0.99909
51623: 0.99909
51624: 0.99909
51625: 0.99909
51626: 0.99909
51627: 0.99909
51628: 0.99909
51629: 0.99909
51630: 0.99909
51631: 0.99909
51632: 0.99909
51633: 0.99909
51634: 0.99909
51635: 0.99909
51636: 0.99909
51637: 0.99909
51638: 0.99909
51639: 0.99909
51640: 0.99909
51641: 0.99909
51642: 0.99909
51643: 0.99909
51644: 0.99909
51645: 0.99909
51646: 0.99909
51647: 0.99909
51648: 0.99909
51649: 0.99909
51650: 0.99909
51651: 0.99909
51652: 0.99909
51653: 0.99909
51654: 0.99909
51655: 0.99909
51656: 0.99909
51657: 0.99909
51658: 0.99909
51659: 0.99909
51660: 0.99909
51661: 0.99909
51662: 0.99909
51663: 0.99909
51664: 0.99909
51665: 0.99909
51666: 0.99909
51667: 0.99909
51668: 0.99909
51669: 0.99909
51670: 0.99909
51671: 0.99909
51672: 0.99909
51673: 0.99909
51674: 0.99909
51675: 0.99909
51676: 0.999091
51677: 0.999091
51678: 0.999091
51679: 0.999091
51680: 0.999091
51681: 0.999091
51682: 0.999091
51683: 0.999091
51684: 0.999091
51685: 0.999091
51686: 0.999091
51687: 0.999091
51688: 0.999091
51689: 0.999091
51690: 0.999091
51691: 0.999091
51692: 0.999091
51693: 0.999091
51694: 0.999091
51695: 0.999091
51696: 0.999091
51697: 0.999091
51698: 0.999091
51699: 0.999091
51700: 0.999091
51701: 0.999091
51702: 0.999091
51703: 0.999091
51704: 0.999091
51705: 0.999091
51706: 0.999091
51707: 0.999091
51708: 0.999091
51709: 0.999091
51710: 0.999091
51711: 0.999091
51712: 0.999091
51713: 0.999091
51714: 0.999091
51715: 0.999091
51716: 0.999091
51717: 0.999091
51718: 0.999091
51719: 0.999091
51720: 0.999091
51721: 0.999091
51722: 0.999091
51723: 0.999091
51724: 0.999091
51725: 0.999091
51726: 0.999091
51727: 0.999091
51728: 0.999091
51729: 0.999091
51730: 0.999091
51731: 0.999091
51732: 0.999091
51733: 0.999092
51734: 0.999092
51735: 0.999092
51736: 0.999092
51737: 0.999092
51738: 0.999092
51739: 0.999092
51740: 0.999092
51741: 0.999092
51742: 0.999092
51743: 0.999092
51744: 0.999092
51745: 0.999092
51746: 0.999092
51747: 0.999092
51748: 0.999092
51749: 0.999092
51750: 0.999092
51751: 0.999092
51752: 0.999092
51753: 0.999092
51754: 0.999092
51755: 0.999092
51756: 0.999092
51757: 0.999092
51758: 0.999092
51759: 0.999092
51760: 0.999092
51761: 0.999092
51762: 0.999092
51763: 0.999092
51764: 0.999092
51765: 0.999092
51766: 0.999092
51767: 0.999092
51768: 0.999092
51769: 0.999092
51770: 0.999092
51771: 0.999092
51772: 0.999092
51773: 0.999092
51774: 0.999092
51775: 0.999092
51776: 0.999092
51777: 0.999092
51778: 0.999092
51779: 0.999092
51780: 0.999092
51781: 0.999092
51782: 0.999092
51783: 0.999092
51784: 0.999092
51785: 0.999092
51786: 0.999092
51787: 0.999092
51788: 0.999092
51789: 0.999092
51790: 0.999093
51791: 0.999093
51792: 0.999093
51793: 0.999093
51794: 0.999093
51795: 0.999093
51796: 0.999093
51797: 0.999093
51798: 0.999093
51799: 0.999093
51800: 0.999093
51801: 0.999093
51802: 0.999093
51803: 0.999093
51804: 0.999093
51805: 0.999093
51806: 0.999093
51807: 0.999093
51808: 0.999093
51809: 0.999093
51810: 0.999093
51811: 0.999093
51812: 0.999093
51813: 0.999093
51814: 0.999093
51815: 0.999093
51816: 0.999093
51817: 0.999093
51818: 0.999093
51819: 0.999093
51820: 0.999093
51821: 0.999093
51822: 0.999093
51823: 0.999093
51824: 0.999093
51825: 0.999093
51826: 0.999093
51827: 0.999093
51828: 0.999093
51829: 0.999093
51830: 0.999093
51831: 0.999093
51832: 0.999093
51833: 0.999093
51834: 0.999093
51835: 0.999093
51836: 0.999093
51837: 0.999093
51838: 0.999093
51839: 0.999093
51840: 0.999093
51841: 0.999093
51842: 0.999093
51843: 0.999093
51844: 0.999093
51845: 0.999093
51846: 0.999093
51847: 0.999094
51848: 0.999094
51849: 0.999094
51850: 0.999094
51851: 0.999094
51852: 0.999094
51853: 0.999094
51854: 0.999094
51855: 0.999094
51856: 0.999094
51857: 0.999094
51858: 0.999094
51859: 0.999094
51860: 0.999094
51861: 0.999094
51862: 0.999094
51863: 0.999094
51864: 0.999094
51865: 0.999094
51866: 0.999094
51867: 0.999094
51868: 0.999094
51869: 0.999094
51870: 0.999094
51871: 0.999094
51872: 0.999094
51873: 0.999094
51874: 0.999094
51875: 0.999094
51876: 0.999094
51877: 0.999094
51878: 0.999094
51879: 0.999094
51880: 0.999094
51881: 0.999094
51882: 0.999094
51883: 0.999094
51884: 0.999094
51885: 0.999094
51886: 0.999094
51887: 0.999094
51888: 0.999094
51889: 0.999094
51890: 0.999094
51891: 0.999094
51892: 0.999094
51893: 0.999094
51894: 0.999094
51895: 0.999094
51896: 0.999094
51897: 0.999094
51898: 0.999094
51899: 0.999094
51900: 0.999094
51901: 0.999094
51902: 0.999094
51903: 0.999094
51904: 0.999094
51905: 0.999095
51906: 0.999095
51907: 0.999095
51908: 0.999095
51909: 0.999095
51910: 0.999095
51911: 0.999095
51912: 0.999095
51913: 0.999095
51914: 0.999095
51915: 0.999095
51916: 0.999095
51917: 0.999095
51918: 0.999095
51919: 0.999095
51920: 0.999095
51921: 0.999095
51922: 0.999095
51923: 0.999095
51924: 0.999095
51925: 0.999095
51926: 0.999095
51927: 0.999095
51928: 0.999095
51929: 0.999095
51930: 0.999095
51931: 0.999095
51932: 0.999095
51933: 0.999095
51934: 0.999095
51935: 0.999095
51936: 0.999095
51937: 0.999095
51938: 0.999095
51939: 0.999095
51940: 0.999095
51941: 0.999095
51942: 0.999095
51943: 0.999095
51944: 0.999095
51945: 0.999095
51946: 0.999095
51947: 0.999095
51948: 0.999095
51949: 0.999095
51950: 0.999095
51951: 0.999095
51952: 0.999095
51953: 0.999095
51954: 0.999095
51955: 0.999095
51956: 0.999095
51957: 0.999095
51958: 0.999095
51959: 0.999095
51960: 0.999095
51961: 0.999095
51962: 0.999096
51963: 0.999096
51964: 0.999096
51965: 0.999096
51966: 0.999096
51967: 0.999096
51968: 0.999096
51969: 0.999096
51970: 0.999096
51971: 0.999096
51972: 0.999096
51973: 0.999096
51974: 0.999096
51975: 0.999096
51976: 0.999096
51977: 0.999096
51978: 0.999096
51979: 0.999096
51980: 0.999096
51981: 0.999096
51982: 0.999096
51983: 0.999096
51984: 0.999096
51985: 0.999096
51986: 0.999096
51987: 0.999096
51988: 0.999096
51989: 0.999096
51990: 0.999096
51991: 0.999096
51992: 0.999096
51993: 0.999096
51994: 0.999096
51995: 0.999096
51996: 0.999096
51997: 0.999096
51998: 0.999096
51999: 0.999096
52000: 0.999096
52001: 0.999096
52002: 0.999096
52003: 0.999096
52004: 0.999096
52005: 0.999096
52006: 0.999096
52007: 0.999096
52008: 0.999096
52009: 0.999096
52010: 0.999096
52011: 0.999096
52012: 0.999096
52013: 0.999096
52014: 0.999096
52015: 0.999096
52016: 0.999096
52017: 0.999096
52018: 0.999096
52019: 0.999097
52020: 0.999097
52021: 0.999097
52022: 0.999097
52023: 0.999097
52024: 0.999097
52025: 0.999097
52026: 0.999097
52027: 0.999097
52028: 0.999097
52029: 0.999097
52030: 0.999097
52031: 0.999097
52032: 0.999097
52033: 0.999097
52034: 0.999097
52035: 0.999097
52036: 0.999097
52037: 0.999097
52038: 0.999097
52039: 0.999097
52040: 0.999097
52041: 0.999097
52042: 0.999097
52043: 0.999097
52044: 0.999097
52045: 0.999097
52046: 0.999097
52047: 0.999097
52048: 0.999097
52049: 0.999097
52050: 0.999097
52051: 0.999097
52052: 0.999097
52053: 0.999097
52054: 0.999097
52055: 0.999097
52056: 0.999097
52057: 0.999097
52058: 0.999097
52059: 0.999097
52060: 0.999097
52061: 0.999097
52062: 0.999097
52063: 0.999097
52064: 0.999097
52065: 0.999097
52066: 0.999097
52067: 0.999097
52068: 0.999097
52069: 0.999097
52070: 0.999097
52071: 0.999097
52072: 0.999097
52073: 0.999097
52074: 0.999097
52075: 0.999097
52076: 0.999097
52077: 0.999098
52078: 0.999098
52079: 0.999098
52080: 0.999098
52081: 0.999098
52082: 0.999098
52083: 0.999098
52084: 0.999098
52085: 0.999098
52086: 0.999098
52087: 0.999098
52088: 0.999098
52089: 0.999098
52090: 0.999098
52091: 0.999098
52092: 0.999098
52093: 0.999098
52094: 0.999098
52095: 0.999098
52096: 0.999098
52097: 0.999098
52098: 0.999098
52099: 0.999098
52100: 0.999098
52101: 0.999098
52102: 0.999098
52103: 0.999098
52104: 0.999098
52105: 0.999098
52106: 0.999098
52107: 0.999098
52108: 0.999098
52109: 0.999098
52110: 0.999098
52111: 0.999098
52112: 0.999098
52113: 0.999098
52114: 0.999098
52115: 0.999098
52116: 0.999098
52117: 0.999098
52118: 0.999098
52119: 0.999098
52120: 0.999098
52121: 0.999098
52122: 0.999098
52123: 0.999098
52124: 0.999098
52125: 0.999098
52126: 0.999098
52127: 0.999098
52128: 0.999098
52129: 0.999098
52130: 0.999098
52131: 0.999098
52132: 0.999098
52133: 0.999098
52134: 0.999098
52135: 0.999099
52136: 0.999099
52137: 0.999099
52138: 0.999099
52139: 0.999099
52140: 0.999099
52141: 0.999099
52142: 0.999099
52143: 0.999099
52144: 0.999099
52145: 0.999099
52146: 0.999099
52147: 0.999099
52148: 0.999099
52149: 0.999099
52150: 0.999099
52151: 0.999099
52152: 0.999099
52153: 0.999099
52154: 0.999099
52155: 0.999099
52156: 0.999099
52157: 0.999099
52158: 0.999099
52159: 0.999099
52160: 0.999099
52161: 0.999099
52162: 0.999099
52163: 0.999099
52164: 0.999099
52165: 0.999099
52166: 0.999099
52167: 0.999099
52168: 0.999099
52169: 0.999099
52170: 0.999099
52171: 0.999099
52172: 0.999099
52173: 0.999099
52174: 0.999099
52175: 0.999099
52176: 0.999099
52177: 0.999099
52178: 0.999099
52179: 0.999099
52180: 0.999099
52181: 0.999099
52182: 0.999099
52183: 0.999099
52184: 0.999099
52185: 0.999099
52186: 0.999099
52187: 0.999099
52188: 0.999099
52189: 0.999099
52190: 0.999099
52191: 0.999099
52192: 0.999099
52193: 0.9991
52194: 0.9991
52195: 0.9991
52196: 0.9991
52197: 0.9991
52198: 0.9991
52199: 0.9991
52200: 0.9991
52201: 0.9991
52202: 0.9991
52203: 0.9991
52204: 0.9991
52205: 0.9991
52206: 0.9991
52207: 0.9991
52208: 0.9991
52209: 0.9991
52210: 0.9991
52211: 0.9991
52212: 0.9991
52213: 0.9991
52214: 0.9991
52215: 0.9991
52216: 0.9991
52217: 0.9991
52218: 0.9991
52219: 0.9991
52220: 0.9991
52221: 0.9991
52222: 0.9991
52223: 0.9991
52224: 0.9991
52225: 0.9991
52226: 0.9991
52227: 0.9991
52228: 0.9991
52229: 0.9991
52230: 0.9991
52231: 0.9991
52232: 0.9991
52233: 0.9991
52234: 0.9991
52235: 0.9991
52236: 0.9991
52237: 0.9991
52238: 0.9991
52239: 0.9991
52240: 0.9991
52241: 0.9991
52242: 0.9991
52243: 0.9991
52244: 0.9991
52245: 0.9991
52246: 0.9991
52247: 0.9991
52248: 0.9991
52249: 0.9991
52250: 0.9991
52251: 0.999101
52252: 0.999101
52253: 0.999101
52254: 0.999101
52255: 0.999101
52256: 0.999101
52257: 0.999101
52258: 0.999101
52259: 0.999101
52260: 0.999101
52261: 0.999101
52262: 0.999101
52263: 0.999101
52264: 0.999101
52265: 0.999101
52266: 0.999101
52267: 0.999101
52268: 0.999101
52269: 0.999101
52270: 0.999101
52271: 0.999101
52272: 0.999101
52273: 0.999101
52274: 0.999101
52275: 0.999101
52276: 0.999101
52277: 0.999101
52278: 0.999101
52279: 0.999101
52280: 0.999101
52281: 0.999101
52282: 0.999101
52283: 0.999101
52284: 0.999101
52285: 0.999101
52286: 0.999101
52287: 0.999101
52288: 0.999101
52289: 0.999101
52290: 0.999101
52291: 0.999101
52292: 0.999101
52293: 0.999101
52294: 0.999101
52295: 0.999101
52296: 0.999101
52297: 0.999101
52298: 0.999101
52299: 0.999101
52300: 0.999101
52301: 0.999101
52302: 0.999101
52303: 0.999101
52304: 0.999101
52305: 0.999101
52306: 0.999101
52307: 0.999101
52308: 0.999101
52309: 0.999102
52310: 0.999102
52311: 0.999102
52312: 0.999102
52313: 0.999102
52314: 0.999102
52315: 0.999102
52316: 0.999102
52317: 0.999102
52318: 0.999102
52319: 0.999102
52320: 0.999102
52321: 0.999102
52322: 0.999102
52323: 0.999102
52324: 0.999102
52325: 0.999102
52326: 0.999102
52327: 0.999102
52328: 0.999102
52329: 0.999102
52330: 0.999102
52331: 0.999102
52332: 0.999102
52333: 0.999102
52334: 0.999102
52335: 0.999102
52336: 0.999102
52337: 0.999102
52338: 0.999102
52339: 0.999102
52340: 0.999102
52341: 0.999102
52342: 0.999102
52343: 0.999102
52344: 0.999102
52345: 0.999102
52346: 0.999102
52347: 0.999102
52348: 0.999102
52349: 0.999102
52350: 0.999102
52351: 0.999102
52352: 0.999102
52353: 0.999102
52354: 0.999102
52355: 0.999102
52356: 0.999102
52357: 0.999102
52358: 0.999102
52359: 0.999102
52360: 0.999102
52361: 0.999102
52362: 0.999102
52363: 0.999102
52364: 0.999102
52365: 0.999102
52366: 0.999102
52367: 0.999103
52368: 0.999103
52369: 0.999103
52370: 0.999103
52371: 0.999103
52372: 0.999103
52373: 0.999103
52374: 0.999103
52375: 0.999103
52376: 0.999103
52377: 0.999103
52378: 0.999103
52379: 0.999103
52380: 0.999103
52381: 0.999103
52382: 0.999103
52383: 0.999103
52384: 0.999103
52385: 0.999103
52386: 0.999103
52387: 0.999103
52388: 0.999103
52389: 0.999103
52390: 0.999103
52391: 0.999103
52392: 0.999103
52393: 0.999103
52394: 0.999103
52395: 0.999103
52396: 0.999103
52397: 0.999103
52398: 0.999103
52399: 0.999103
52400: 0.999103
52401: 0.999103
52402: 0.999103
52403: 0.999103
52404: 0.999103
52405: 0.999103
52406: 0.999103
52407: 0.999103
52408: 0.999103
52409: 0.999103
52410: 0.999103
52411: 0.999103
52412: 0.999103
52413: 0.999103
52414: 0.999103
52415: 0.999103
52416: 0.999103
52417: 0.999103
52418: 0.999103
52419: 0.999103
52420: 0.999103
52421: 0.999103
52422: 0.999103
52423: 0.999103
52424: 0.999103
52425: 0.999103
52426: 0.999104
52427: 0.999104
52428: 0.999104
52429: 0.999104
52430: 0.999104
52431: 0.999104
52432: 0.999104
52433: 0.999104
52434: 0.999104
52435: 0.999104
52436: 0.999104
52437: 0.999104
52438: 0.999104
52439: 0.999104
52440: 0.999104
52441: 0.999104
52442: 0.999104
52443: 0.999104
52444: 0.999104
52445: 0.999104
52446: 0.999104
52447: 0.999104
52448: 0.999104
52449: 0.999104
52450: 0.999104
52451: 0.999104
52452: 0.999104
52453: 0.999104
52454: 0.999104
52455: 0.999104
52456: 0.999104
52457: 0.999104
52458: 0.999104
52459: 0.999104
52460: 0.999104
52461: 0.999104
52462: 0.999104
52463: 0.999104
52464: 0.999104
52465: 0.999104
52466: 0.999104
52467: 0.999104
52468: 0.999104
52469: 0.999104
52470: 0.999104
52471: 0.999104
52472: 0.999104
52473: 0.999104
52474: 0.999104
52475: 0.999104
52476: 0.999104
52477: 0.999104
52478: 0.999104
52479: 0.999104
52480: 0.999104
52481: 0.999104
52482: 0.999104
52483: 0.999104
52484: 0.999105
52485: 0.999105
52486: 0.999105
52487: 0.999105
52488: 0.999105
52489: 0.999105
52490: 0.999105
52491: 0.999105
52492: 0.999105
52493: 0.999105
52494: 0.999105
52495: 0.999105
52496: 0.999105
52497: 0.999105
52498: 0.999105
52499: 0.999105
52500: 0.999105
52501: 0.999105
52502: 0.999105
52503: 0.999105
52504: 0.999105
52505: 0.999105
52506: 0.999105
52507: 0.999105
52508: 0.999105
52509: 0.999105
52510: 0.999105
52511: 0.999105
52512: 0.999105
52513: 0.999105
52514: 0.999105
52515: 0.999105
52516: 0.999105
52517: 0.999105
52518: 0.999105
52519: 0.999105
52520: 0.999105
52521: 0.999105
52522: 0.999105
52523: 0.999105
52524: 0.999105
52525: 0.999105
52526: 0.999105
52527: 0.999105
52528: 0.999105
52529: 0.999105
52530: 0.999105
52531: 0.999105
52532: 0.999105
52533: 0.999105
52534: 0.999105
52535: 0.999105
52536: 0.999105
52537: 0.999105
52538: 0.999105
52539: 0.999105
52540: 0.999105
52541: 0.999105
52542: 0.999105
52543: 0.999106
52544: 0.999106
52545: 0.999106
52546: 0.999106
52547: 0.999106
52548: 0.999106
52549: 0.999106
52550: 0.999106
52551: 0.999106
52552: 0.999106
52553: 0.999106
52554: 0.999106
52555: 0.999106
52556: 0.999106
52557: 0.999106
52558: 0.999106
52559: 0.999106
52560: 0.999106
52561: 0.999106
52562: 0.999106
52563: 0.999106
52564: 0.999106
52565: 0.999106
52566: 0.999106
52567: 0.999106
52568: 0.999106
52569: 0.999106
52570: 0.999106
52571: 0.999106
52572: 0.999106
52573: 0.999106
52574: 0.999106
52575: 0.999106
52576: 0.999106
52577: 0.999106
52578: 0.999106
52579: 0.999106
52580: 0.999106
52581: 0.999106
52582: 0.999106
52583: 0.999106
52584: 0.999106
52585: 0.999106
52586: 0.999106
52587: 0.999106
52588: 0.999106
52589: 0.999106
52590: 0.999106
52591: 0.999106
52592: 0.999106
52593: 0.999106
52594: 0.999106
52595: 0.999106
52596: 0.999106
52597: 0.999106
52598: 0.999106
52599: 0.999106
52600: 0.999106
52601: 0.999106
52602: 0.999107
52603: 0.999107
52604: 0.999107
52605: 0.999107
52606: 0.999107
52607: 0.999107
52608: 0.999107
52609: 0.999107
52610: 0.999107
52611: 0.999107
52612: 0.999107
52613: 0.999107
52614: 0.999107
52615: 0.999107
52616: 0.999107
52617: 0.999107
52618: 0.999107
52619: 0.999107
52620: 0.999107
52621: 0.999107
52622: 0.999107
52623: 0.999107
52624: 0.999107
52625: 0.999107
52626: 0.999107
52627: 0.999107
52628: 0.999107
52629: 0.999107
52630: 0.999107
52631: 0.999107
52632: 0.999107
52633: 0.999107
52634: 0.999107
52635: 0.999107
52636: 0.999107
52637: 0.999107
52638: 0.999107
52639: 0.999107
52640: 0.999107
52641: 0.999107
52642: 0.999107
52643: 0.999107
52644: 0.999107
52645: 0.999107
52646: 0.999107
52647: 0.999107
52648: 0.999107
52649: 0.999107
52650: 0.999107
52651: 0.999107
52652: 0.999107
52653: 0.999107
52654: 0.999107
52655: 0.999107
52656: 0.999107
52657: 0.999107
52658: 0.999107
52659: 0.999107
52660: 0.999107
52661: 0.999108
52662: 0.999108
52663: 0.999108
52664: 0.999108
52665: 0.999108
52666: 0.999108
52667: 0.999108
52668: 0.999108
52669: 0.999108
52670: 0.999108
52671: 0.999108
52672: 0.999108
52673: 0.999108
52674: 0.999108
52675: 0.999108
52676: 0.999108
52677: 0.999108
52678: 0.999108
52679: 0.999108
52680: 0.999108
52681: 0.999108
52682: 0.999108
52683: 0.999108
52684: 0.999108
52685: 0.999108
52686: 0.999108
52687: 0.999108
52688: 0.999108
52689: 0.999108
52690: 0.999108
52691: 0.999108
52692: 0.999108
52693: 0.999108
52694: 0.999108
52695: 0.999108
52696: 0.999108
52697: 0.999108
52698: 0.999108
52699: 0.999108
52700: 0.999108
52701: 0.999108
52702: 0.999108
52703: 0.999108
52704: 0.999108
52705: 0.999108
52706: 0.999108
52707: 0.999108
52708: 0.999108
52709: 0.999108
52710: 0.999108
52711: 0.999108
52712: 0.999108
52713: 0.999108
52714: 0.999108
52715: 0.999108
52716: 0.999108
52717: 0.999108
52718: 0.999108
52719: 0.999108
52720: 0.999109
52721: 0.999109
52722: 0.999109
52723: 0.999109
52724: 0.999109
52725: 0.999109
52726: 0.999109
52727: 0.999109
52728: 0.999109
52729: 0.999109
52730: 0.999109
52731: 0.999109
52732: 0.999109
52733: 0.999109
52734: 0.999109
52735: 0.999109
52736: 0.999109
52737: 0.999109
52738: 0.999109
52739: 0.999109
52740: 0.999109
52741: 0.999109
52742: 0.999109
52743: 0.999109
52744: 0.999109
52745: 0.999109
52746: 0.999109
52747: 0.999109
52748: 0.999109
52749: 0.999109
52750: 0.999109
52751: 0.999109
52752: 0.999109
52753: 0.999109
52754: 0.999109
52755: 0.999109
52756: 0.999109
52757: 0.999109
52758: 0.999109
52759: 0.999109
52760: 0.999109
52761: 0.999109
52762: 0.999109
52763: 0.999109
52764: 0.999109
52765: 0.999109
52766: 0.999109
52767: 0.999109
52768: 0.999109
52769: 0.999109
52770: 0.999109
52771: 0.999109
52772: 0.999109
52773: 0.999109
52774: 0.999109
52775: 0.999109
52776: 0.999109
52777: 0.999109
52778: 0.999109
52779: 0.99911
52780: 0.99911
52781: 0.99911
52782: 0.99911
52783: 0.99911
52784: 0.99911
52785: 0.99911
52786: 0.99911
52787: 0.99911
52788: 0.99911
52789: 0.99911
52790: 0.99911
52791: 0.99911
52792: 0.99911
52793: 0.99911
52794: 0.99911
52795: 0.99911
52796: 0.99911
52797: 0.99911
52798: 0.99911
52799: 0.99911
52800: 0.99911
52801: 0.99911
52802: 0.99911
52803: 0.99911
52804: 0.99911
52805: 0.99911
52806: 0.99911
52807: 0.99911
52808: 0.99911
52809: 0.99911
52810: 0.99911
52811: 0.99911
52812: 0.99911
52813: 0.99911
52814: 0.99911
52815: 0.99911
52816: 0.99911
52817: 0.99911
52818: 0.99911
52819: 0.99911
52820: 0.99911
52821: 0.99911
52822: 0.99911
52823: 0.99911
52824: 0.99911
52825: 0.99911
52826: 0.99911
52827: 0.99911
52828: 0.99911
52829: 0.99911
52830: 0.99911
52831: 0.99911
52832: 0.99911
52833: 0.99911
52834: 0.99911
52835: 0.99911
52836: 0.99911
52837: 0.99911
52838: 0.999111
52839: 0.999111
52840: 0.999111
52841: 0.999111
52842: 0.999111
52843: 0.999111
52844: 0.999111
52845: 0.999111
52846: 0.999111
52847: 0.999111
52848: 0.999111
52849: 0.999111
52850: 0.999111
52851: 0.999111
52852: 0.999111
52853: 0.999111
52854: 0.999111
52855: 0.999111
52856: 0.999111
52857: 0.999111
52858: 0.999111
52859: 0.999111
52860: 0.999111
52861: 0.999111
52862: 0.999111
52863: 0.999111
52864: 0.999111
52865: 0.999111
52866: 0.999111
52867: 0.999111
52868: 0.999111
52869: 0.999111
52870: 0.999111
52871: 0.999111
52872: 0.999111
52873: 0.999111
52874: 0.999111
52875: 0.999111
52876: 0.999111
52877: 0.999111
52878: 0.999111
52879: 0.999111
52880: 0.999111
52881: 0.999111
52882: 0.999111
52883: 0.999111
52884: 0.999111
52885: 0.999111
52886: 0.999111
52887: 0.999111
52888: 0.999111
52889: 0.999111
52890: 0.999111
52891: 0.999111
52892: 0.999111
52893: 0.999111
52894: 0.999111
52895: 0.999111
52896: 0.999111
52897: 0.999111
52898: 0.999112
52899: 0.999112
52900: 0.999112
52901: 0.999112
52902: 0.999112
52903: 0.999112
52904: 0.999112
52905: 0.999112
52906: 0.999112
52907: 0.999112
52908: 0.999112
52909: 0.999112
52910: 0.999112
52911: 0.999112
52912: 0.999112
52913: 0.999112
52914: 0.999112
52915: 0.999112
52916: 0.999112
52917: 0.999112
52918: 0.999112
52919: 0.999112
52920: 0.999112
52921: 0.999112
52922: 0.999112
52923: 0.999112
52924: 0.999112
52925: 0.999112
52926: 0.999112
52927: 0.999112
52928: 0.999112
52929: 0.999112
52930: 0.999112
52931: 0.999112
52932: 0.999112
52933: 0.999112
52934: 0.999112
52935: 0.999112
52936: 0.999112
52937: 0.999112
52938: 0.999112
52939: 0.999112
52940: 0.999112
52941: 0.999112
52942: 0.999112
52943: 0.999112
52944: 0.999112
52945: 0.999112
52946: 0.999112
52947: 0.999112
52948: 0.999112
52949: 0.999112
52950: 0.999112
52951: 0.999112
52952: 0.999112
52953: 0.999112
52954: 0.999112
52955: 0.999112
52956: 0.999112
52957: 0.999113
52958: 0.999113
52959: 0.999113
52960: 0.999113
52961: 0.999113
52962: 0.999113
52963: 0.999113
52964: 0.999113
52965: 0.999113
52966: 0.999113
52967: 0.999113
52968: 0.999113
52969: 0.999113
52970: 0.999113
52971: 0.999113
52972: 0.999113
52973: 0.999113
52974: 0.999113
52975: 0.999113
52976: 0.999113
52977: 0.999113
52978: 0.999113
52979: 0.999113
52980: 0.999113
52981: 0.999113
52982: 0.999113
52983: 0.999113
52984: 0.999113
52985: 0.999113
52986: 0.999113
52987: 0.999113
52988: 0.999113
52989: 0.999113
52990: 0.999113
52991: 0.999113
52992: 0.999113
52993: 0.999113
52994: 0.999113
52995: 0.999113
52996: 0.999113
52997: 0.999113
52998: 0.999113
52999: 0.999113
53000: 0.999113
53001: 0.999113
53002: 0.999113
53003: 0.999113
53004: 0.999113
53005: 0.999113
53006: 0.999113
53007: 0.999113
53008: 0.999113
53009: 0.999113
53010: 0.999113
53011: 0.999113
53012: 0.999113
53013: 0.999113
53014: 0.999113
53015: 0.999113
53016: 0.999113
53017: 0.999114
53018: 0.999114
53019: 0.999114
53020: 0.999114
53021: 0.999114
53022: 0.999114
53023: 0.999114
53024: 0.999114
53025: 0.999114
53026: 0.999114
53027: 0.999114
53028: 0.999114
53029: 0.999114
53030: 0.999114
53031: 0.999114
53032: 0.999114
53033: 0.999114
53034: 0.999114
53035: 0.999114
53036: 0.999114
53037: 0.999114
53038: 0.999114
53039: 0.999114
53040: 0.999114
53041: 0.999114
53042: 0.999114
53043: 0.999114
53044: 0.999114
53045: 0.999114
53046: 0.999114
53047: 0.999114
53048: 0.999114
53049: 0.999114
53050: 0.999114
53051: 0.999114
53052: 0.999114
53053: 0.999114
53054: 0.999114
53055: 0.999114
53056: 0.999114
53057: 0.999114
53058: 0.999114
53059: 0.999114
53060: 0.999114
53061: 0.999114
53062: 0.999114
53063: 0.999114
53064: 0.999114
53065: 0.999114
53066: 0.999114
53067: 0.999114
53068: 0.999114
53069: 0.999114
53070: 0.999114
53071: 0.999114
53072: 0.999114
53073: 0.999114
53074: 0.999114
53075: 0.999114
53076: 0.999114
53077: 0.999115
53078: 0.999115
53079: 0.999115
53080: 0.999115
53081: 0.999115
53082: 0.999115
53083: 0.999115
53084: 0.999115
53085: 0.999115
53086: 0.999115
53087: 0.999115
53088: 0.999115
53089: 0.999115
53090: 0.999115
53091: 0.999115
53092: 0.999115
53093: 0.999115
53094: 0.999115
53095: 0.999115
53096: 0.999115
53097: 0.999115
53098: 0.999115
53099: 0.999115
53100: 0.999115
53101: 0.999115
53102: 0.999115
53103: 0.999115
53104: 0.999115
53105: 0.999115
53106: 0.999115
53107: 0.999115
53108: 0.999115
53109: 0.999115
53110: 0.999115
53111: 0.999115
53112: 0.999115
53113: 0.999115
53114: 0.999115
53115: 0.999115
53116: 0.999115
53117: 0.999115
53118: 0.999115
53119: 0.999115
53120: 0.999115
53121: 0.999115
53122: 0.999115
53123: 0.999115
53124: 0.999115
53125: 0.999115
53126: 0.999115
53127: 0.999115
53128: 0.999115
53129: 0.999115
53130: 0.999115
53131: 0.999115
53132: 0.999115
53133: 0.999115
53134: 0.999115
53135: 0.999115
53136: 0.999115
53137: 0.999116
53138: 0.999116
53139: 0.999116
53140: 0.999116
53141: 0.999116
53142: 0.999116
53143: 0.999116
53144: 0.999116
53145: 0.999116
53146: 0.999116
53147: 0.999116
53148: 0.999116
53149: 0.999116
53150: 0.999116
53151: 0.999116
53152: 0.999116
53153: 0.999116
53154: 0.999116
53155: 0.999116
53156: 0.999116
53157: 0.999116
53158: 0.999116
53159: 0.999116
53160: 0.999116
53161: 0.999116
53162: 0.999116
53163: 0.999116
53164: 0.999116
53165: 0.999116
53166: 0.999116
53167: 0.999116
53168: 0.999116
53169: 0.999116
53170: 0.999116
53171: 0.999116
53172: 0.999116
53173: 0.999116
53174: 0.999116
53175: 0.999116
53176: 0.999116
53177: 0.999116
53178: 0.999116
53179: 0.999116
53180: 0.999116
53181: 0.999116
53182: 0.999116
53183: 0.999116
53184: 0.999116
53185: 0.999116
53186: 0.999116
53187: 0.999116
53188: 0.999116
53189: 0.999116
53190: 0.999116
53191: 0.999116
53192: 0.999116
53193: 0.999116
53194: 0.999116
53195: 0.999116
53196: 0.999116
53197: 0.999117
53198: 0.999117
53199: 0.999117
53200: 0.999117
53201: 0.999117
53202: 0.999117
53203: 0.999117
53204: 0.999117
53205: 0.999117
53206: 0.999117
53207: 0.999117
53208: 0.999117
53209: 0.999117
53210: 0.999117
53211: 0.999117
53212: 0.999117
53213: 0.999117
53214: 0.999117
53215: 0.999117
53216: 0.999117
53217: 0.999117
53218: 0.999117
53219: 0.999117
53220: 0.999117
53221: 0.999117
53222: 0.999117
53223: 0.999117
53224: 0.999117
53225: 0.999117
53226: 0.999117
53227: 0.999117
53228: 0.999117
53229: 0.999117
53230: 0.999117
53231: 0.999117
53232: 0.999117
53233: 0.999117
53234: 0.999117
53235: 0.999117
53236: 0.999117
53237: 0.999117
53238: 0.999117
53239: 0.999117
53240: 0.999117
53241: 0.999117
53242: 0.999117
53243: 0.999117
53244: 0.999117
53245: 0.999117
53246: 0.999117
53247: 0.999117
53248: 0.999117
53249: 0.999117
53250: 0.999117
53251: 0.999117
53252: 0.999117
53253: 0.999117
53254: 0.999117
53255: 0.999117
53256: 0.999117
53257: 0.999118
53258: 0.999118
53259: 0.999118
53260: 0.999118
53261: 0.999118
53262: 0.999118
53263: 0.999118
53264: 0.999118
53265: 0.999118
53266: 0.999118
53267: 0.999118
53268: 0.999118
53269: 0.999118
53270: 0.999118
53271: 0.999118
53272: 0.999118
53273: 0.999118
53274: 0.999118
53275: 0.999118
53276: 0.999118
53277: 0.999118
53278: 0.999118
53279: 0.999118
53280: 0.999118
53281: 0.999118
53282: 0.999118
53283: 0.999118
53284: 0.999118
53285: 0.999118
53286: 0.999118
53287: 0.999118
53288: 0.999118
53289: 0.999118
53290: 0.999118
53291: 0.999118
53292: 0.999118
53293: 0.999118
53294: 0.999118
53295: 0.999118
53296: 0.999118
53297: 0.999118
53298: 0.999118
53299: 0.999118
53300: 0.999118
53301: 0.999118
53302: 0.999118
53303: 0.999118
53304: 0.999118
53305: 0.999118
53306: 0.999118
53307: 0.999118
53308: 0.999118
53309: 0.999118
53310: 0.999118
53311: 0.999118
53312: 0.999118
53313: 0.999118
53314: 0.999118
53315: 0.999118
53316: 0.999118
53317: 0.999118
53318: 0.999119
53319: 0.999119
53320: 0.999119
53321: 0.999119
53322: 0.999119
53323: 0.999119
53324: 0.999119
53325: 0.999119
53326: 0.999119
53327: 0.999119
53328: 0.999119
53329: 0.999119
53330: 0.999119
53331: 0.999119
53332: 0.999119
53333: 0.999119
53334: 0.999119
53335: 0.999119
53336: 0.999119
53337: 0.999119
53338: 0.999119
53339: 0.999119
53340: 0.999119
53341: 0.999119
53342: 0.999119
53343: 0.999119
53344: 0.999119
53345: 0.999119
53346: 0.999119
53347: 0.999119
53348: 0.999119
53349: 0.999119
53350: 0.999119
53351: 0.999119
53352: 0.999119
53353: 0.999119
53354: 0.999119
53355: 0.999119
53356: 0.999119
53357: 0.999119
53358: 0.999119
53359: 0.999119
53360: 0.999119
53361: 0.999119
53362: 0.999119
53363: 0.999119
53364: 0.999119
53365: 0.999119
53366: 0.999119
53367: 0.999119
53368: 0.999119
53369: 0.999119
53370: 0.999119
53371: 0.999119
53372: 0.999119
53373: 0.999119
53374: 0.999119
53375: 0.999119
53376: 0.999119
53377: 0.999119
53378: 0.99912
53379: 0.99912
53380: 0.99912
53381: 0.99912
53382: 0.99912
53383: 0.99912
53384: 0.99912
53385: 0.99912
53386: 0.99912
53387: 0.99912
53388: 0.99912
53389: 0.99912
53390: 0.99912
53391: 0.99912
53392: 0.99912
53393: 0.99912
53394: 0.99912
53395: 0.99912
53396: 0.99912
53397: 0.99912
53398: 0.99912
53399: 0.99912
53400: 0.99912
53401: 0.99912
53402: 0.99912
53403: 0.99912
53404: 0.99912
53405: 0.99912
53406: 0.99912
53407: 0.99912
53408: 0.99912
53409: 0.99912
53410: 0.99912
53411: 0.99912
53412: 0.99912
53413: 0.99912
53414: 0.99912
53415: 0.99912
53416: 0.99912
53417: 0.99912
53418: 0.99912
53419: 0.99912
53420: 0.99912
53421: 0.99912
53422: 0.99912
53423: 0.99912
53424: 0.99912
53425: 0.99912
53426: 0.99912
53427: 0.99912
53428: 0.99912
53429: 0.99912
53430: 0.99912
53431: 0.99912
53432: 0.99912
53433: 0.99912
53434: 0.99912
53435: 0.99912
53436: 0.99912
53437: 0.99912
53438: 0.99912
53439: 0.999121
53440: 0.999121
53441: 0.999121
53442: 0.999121
53443: 0.999121
53444: 0.999121
53445: 0.999121
53446: 0.999121
53447: 0.999121
53448: 0.999121
53449: 0.999121
53450: 0.999121
53451: 0.999121
53452: 0.999121
53453: 0.999121
53454: 0.999121
53455: 0.999121
53456: 0.999121
53457: 0.999121
53458: 0.999121
53459: 0.999121
53460: 0.999121
53461: 0.999121
53462: 0.999121
53463: 0.999121
53464: 0.999121
53465: 0.999121
53466: 0.999121
53467: 0.999121
53468: 0.999121
53469: 0.999121
53470: 0.999121
53471: 0.999121
53472: 0.999121
53473: 0.999121
53474: 0.999121
53475: 0.999121
53476: 0.999121
53477: 0.999121
53478: 0.999121
53479: 0.999121
53480: 0.999121
53481: 0.999121
53482: 0.999121
53483: 0.999121
53484: 0.999121
53485: 0.999121
53486: 0.999121
53487: 0.999121
53488: 0.999121
53489: 0.999121
53490: 0.999121
53491: 0.999121
53492: 0.999121
53493: 0.999121
53494: 0.999121
53495: 0.999121
53496: 0.999121
53497: 0.999121
53498: 0.999121
53499: 0.999121
53500: 0.999122
53501: 0.999122
53502: 0.999122
53503: 0.999122
53504: 0.999122
53505: 0.999122
53506: 0.999122
53507: 0.999122
53508: 0.999122
53509: 0.999122
53510: 0.999122
53511: 0.999122
53512: 0.999122
53513: 0.999122
53514: 0.999122
53515: 0.999122
53516: 0.999122
53517: 0.999122
53518: 0.999122
53519: 0.999122
53520: 0.999122
53521: 0.999122
53522: 0.999122
53523: 0.999122
53524: 0.999122
53525: 0.999122
53526: 0.999122
53527: 0.999122
53528: 0.999122
53529: 0.999122
53530: 0.999122
53531: 0.999122
53532: 0.999122
53533: 0.999122
53534: 0.999122
53535: 0.999122
53536: 0.999122
53537: 0.999122
53538: 0.999122
53539: 0.999122
53540: 0.999122
53541: 0.999122
53542: 0.999122
53543: 0.999122
53544: 0.999122
53545: 0.999122
53546: 0.999122
53547: 0.999122
53548: 0.999122
53549: 0.999122
53550: 0.999122
53551: 0.999122
53552: 0.999122
53553: 0.999122
53554: 0.999122
53555: 0.999122
53556: 0.999122
53557: 0.999122
53558: 0.999122
53559: 0.999122
53560: 0.999122
53561: 0.999123
53562: 0.999123
53563: 0.999123
53564: 0.999123
53565: 0.999123
53566: 0.999123
53567: 0.999123
53568: 0.999123
53569: 0.999123
53570: 0.999123
53571: 0.999123
53572: 0.999123
53573: 0.999123
53574: 0.999123
53575: 0.999123
53576: 0.999123
53577: 0.999123
53578: 0.999123
53579: 0.999123
53580: 0.999123
53581: 0.999123
53582: 0.999123
53583: 0.999123
53584: 0.999123
53585: 0.999123
53586: 0.999123
53587: 0.999123
53588: 0.999123
53589: 0.999123
53590: 0.999123
53591: 0.999123
53592: 0.999123
53593: 0.999123
53594: 0.999123
53595: 0.999123
53596: 0.999123
53597: 0.999123
53598: 0.999123
53599: 0.999123
53600: 0.999123
53601: 0.999123
53602: 0.999123
53603: 0.999123
53604: 0.999123
53605: 0.999123
53606: 0.999123
53607: 0.999123
53608: 0.999123
53609: 0.999123
53610: 0.999123
53611: 0.999123
53612: 0.999123
53613: 0.999123
53614: 0.999123
53615: 0.999123
53616: 0.999123
53617: 0.999123
53618: 0.999123
53619: 0.999123
53620: 0.999123
53621: 0.999123
53622: 0.999124
53623: 0.999124
53624: 0.999124
53625: 0.999124
53626: 0.999124
53627: 0.999124
53628: 0.999124
53629: 0.999124
53630: 0.999124
53631: 0.999124
53632: 0.999124
53633: 0.999124
53634: 0.999124
53635: 0.999124
53636: 0.999124
53637: 0.999124
53638: 0.999124
53639: 0.999124
53640: 0.999124
53641: 0.999124
53642: 0.999124
53643: 0.999124
53644: 0.999124
53645: 0.999124
53646: 0.999124
53647: 0.999124
53648: 0.999124
53649: 0.999124
53650: 0.999124
53651: 0.999124
53652: 0.999124
53653: 0.999124
53654: 0.999124
53655: 0.999124
53656: 0.999124
53657: 0.999124
53658: 0.999124
53659: 0.999124
53660: 0.999124
53661: 0.999124
53662: 0.999124
53663: 0.999124
53664: 0.999124
53665: 0.999124
53666: 0.999124
53667: 0.999124
53668: 0.999124
53669: 0.999124
53670: 0.999124
53671: 0.999124
53672: 0.999124
53673: 0.999124
53674: 0.999124
53675: 0.999124
53676: 0.999124
53677: 0.999124
53678: 0.999124
53679: 0.999124
53680: 0.999124
53681: 0.999124
53682: 0.999124
53683: 0.999125
53684: 0.999125
53685: 0.999125
53686: 0.999125
53687: 0.999125
53688: 0.999125
53689: 0.999125
53690: 0.999125
53691: 0.999125
53692: 0.999125
53693: 0.999125
53694: 0.999125
53695: 0.999125
53696: 0.999125
53697: 0.999125
53698: 0.999125
53699: 0.999125
53700: 0.999125
53701: 0.999125
53702: 0.999125
53703: 0.999125
53704: 0.999125
53705: 0.999125
53706: 0.999125
53707: 0.999125
53708: 0.999125
53709: 0.999125
53710: 0.999125
53711: 0.999125
53712: 0.999125
53713: 0.999125
53714: 0.999125
53715: 0.999125
53716: 0.999125
53717: 0.999125
53718: 0.999125
53719: 0.999125
53720: 0.999125
53721: 0.999125
53722: 0.999125
53723: 0.999125
53724: 0.999125
53725: 0.999125
53726: 0.999125
53727: 0.999125
53728: 0.999125
53729: 0.999125
53730: 0.999125
53731: 0.999125
53732: 0.999125
53733: 0.999125
53734: 0.999125
53735: 0.999125
53736: 0.999125
53737: 0.999125
53738: 0.999125
53739: 0.999125
53740: 0.999125
53741: 0.999125
53742: 0.999125
53743: 0.999125
53744: 0.999126
53745: 0.999126
53746: 0.999126
53747: 0.999126
53748: 0.999126
53749: 0.999126
53750: 0.999126
53751: 0.999126
53752: 0.999126
53753: 0.999126
53754: 0.999126
53755: 0.999126
53756: 0.999126
53757: 0.999126
53758: 0.999126
53759: 0.999126
53760: 0.999126
53761: 0.999126
53762: 0.999126
53763: 0.999126
53764: 0.999126
53765: 0.999126
53766: 0.999126
53767: 0.999126
53768: 0.999126
53769: 0.999126
53770: 0.999126
53771: 0.999126
53772: 0.999126
53773: 0.999126
53774: 0.999126
53775: 0.999126
53776: 0.999126
53777: 0.999126
53778: 0.999126
53779: 0.999126
53780: 0.999126
53781: 0.999126
53782: 0.999126
53783: 0.999126
53784: 0.999126
53785: 0.999126
53786: 0.999126
53787: 0.999126
53788: 0.999126
53789: 0.999126
53790: 0.999126
53791: 0.999126
53792: 0.999126
53793: 0.999126
53794: 0.999126
53795: 0.999126
53796: 0.999126
53797: 0.999126
53798: 0.999126
53799: 0.999126
53800: 0.999126
53801: 0.999126
53802: 0.999126
53803: 0.999126
53804: 0.999126
53805: 0.999126
53806: 0.999127
53807: 0.999127
53808: 0.999127
53809: 0.999127
53810: 0.999127
53811: 0.999127
53812: 0.999127
53813: 0.999127
53814: 0.999127
53815: 0.999127
53816: 0.999127
53817: 0.999127
53818: 0.999127
53819: 0.999127
53820: 0.999127
53821: 0.999127
53822: 0.999127
53823: 0.999127
53824: 0.999127
53825: 0.999127
53826: 0.999127
53827: 0.999127
53828: 0.999127
53829: 0.999127
53830: 0.999127
53831: 0.999127
53832: 0.999127
53833: 0.999127
53834: 0.999127
53835: 0.999127
53836: 0.999127
53837: 0.999127
53838: 0.999127
53839: 0.999127
53840: 0.999127
53841: 0.999127
53842: 0.999127
53843: 0.999127
53844: 0.999127
53845: 0.999127
53846: 0.999127
53847: 0.999127
53848: 0.999127
53849: 0.999127
53850: 0.999127
53851: 0.999127
53852: 0.999127
53853: 0.999127
53854: 0.999127
53855: 0.999127
53856: 0.999127
53857: 0.999127
53858: 0.999127
53859: 0.999127
53860: 0.999127
53861: 0.999127
53862: 0.999127
53863: 0.999127
53864: 0.999127
53865: 0.999127
53866: 0.999127
53867: 0.999127
53868: 0.999128
53869: 0.999128
53870: 0.999128
53871: 0.999128
53872: 0.999128
53873: 0.999128
53874: 0.999128
53875: 0.999128
53876: 0.999128
53877: 0.999128
53878: 0.999128
53879: 0.999128
53880: 0.999128
53881: 0.999128
53882: 0.999128
53883: 0.999128
53884: 0.999128
53885: 0.999128
53886: 0.999128
53887: 0.999128
53888: 0.999128
53889: 0.999128
53890: 0.999128
53891: 0.999128
53892: 0.999128
53893: 0.999128
53894: 0.999128
53895: 0.999128
53896: 0.999128
53897: 0.999128
53898: 0.999128
53899: 0.999128
53900: 0.999128
53901: 0.999128
53902: 0.999128
53903: 0.999128
53904: 0.999128
53905: 0.999128
53906: 0.999128
53907: 0.999128
53908: 0.999128
53909: 0.999128
53910: 0.999128
53911: 0.999128
53912: 0.999128
53913: 0.999128
53914: 0.999128
53915: 0.999128
53916: 0.999128
53917: 0.999128
53918: 0.999128
53919: 0.999128
53920: 0.999128
53921: 0.999128
53922: 0.999128
53923: 0.999128
53924: 0.999128
53925: 0.999128
53926: 0.999128
53927: 0.999128
53928: 0.999128
53929: 0.999128
53930: 0.999129
53931: 0.999129
53932: 0.999129
53933: 0.999129
53934: 0.999129
53935: 0.999129
53936: 0.999129
53937: 0.999129
53938: 0.999129
53939: 0.999129
53940: 0.999129
53941: 0.999129
53942: 0.999129
53943: 0.999129
53944: 0.999129
53945: 0.999129
53946: 0.999129
53947: 0.999129
53948: 0.999129
53949: 0.999129
53950: 0.999129
53951: 0.999129
53952: 0.999129
53953: 0.999129
53954: 0.999129
53955: 0.999129
53956: 0.999129
53957: 0.999129
53958: 0.999129
53959: 0.999129
53960: 0.999129
53961: 0.999129
53962: 0.999129
53963: 0.999129
53964: 0.999129
53965: 0.999129
53966: 0.999129
53967: 0.999129
53968: 0.999129
53969: 0.999129
53970: 0.999129
53971: 0.999129
53972: 0.999129
53973: 0.999129
53974: 0.999129
53975: 0.999129
53976: 0.999129
53977: 0.999129
53978: 0.999129
53979: 0.999129
53980: 0.999129
53981: 0.999129
53982: 0.999129
53983: 0.999129
53984: 0.999129
53985: 0.999129
53986: 0.999129
53987: 0.999129
53988: 0.999129
53989: 0.999129
53990: 0.999129
53991: 0.99913
53992: 0.99913
53993: 0.99913
53994: 0.99913
53995: 0.99913
53996: 0.99913
53997: 0.99913
53998: 0.99913
53999: 0.99913
54000: 0.99913
54001: 0.99913
54002: 0.99913
54003: 0.99913
54004: 0.99913
54005: 0.99913
54006: 0.99913
54007: 0.99913
54008: 0.99913
54009: 0.99913
54010: 0.99913
54011: 0.99913
54012: 0.99913
54013: 0.99913
54014: 0.99913
54015: 0.99913
54016: 0.99913
54017: 0.99913
54018: 0.99913
54019: 0.99913
54020: 0.99913
54021: 0.99913
54022: 0.99913
54023: 0.99913
54024: 0.99913
54025: 0.99913
54026: 0.99913
54027: 0.99913
54028: 0.99913
54029: 0.99913
54030: 0.99913
54031: 0.99913
54032: 0.99913
54033: 0.99913
54034: 0.99913
54035: 0.99913
54036: 0.99913
54037: 0.99913
54038: 0.99913
54039: 0.99913
54040: 0.99913
54041: 0.99913
54042: 0.99913
54043: 0.99913
54044: 0.99913
54045: 0.99913
54046: 0.99913
54047: 0.99913
54048: 0.99913
54049: 0.99913
54050: 0.99913
54051: 0.99913
54052: 0.99913
54053: 0.99913
54054: 0.999131
54055: 0.999131
54056: 0.999131
54057: 0.999131
54058: 0.999131
54059: 0.999131
54060: 0.999131
54061: 0.999131
54062: 0.999131
54063: 0.999131
54064: 0.999131
54065: 0.999131
54066: 0.999131
54067: 0.999131
54068: 0.999131
54069: 0.999131
54070: 0.999131
54071: 0.999131
54072: 0.999131
54073: 0.999131
54074: 0.999131
54075: 0.999131
54076: 0.999131
54077: 0.999131
54078: 0.999131
54079: 0.999131
54080: 0.999131
54081: 0.999131
54082: 0.999131
54083: 0.999131
54084: 0.999131
54085: 0.999131
54086: 0.999131
54087: 0.999131
54088: 0.999131
54089: 0.999131
54090: 0.999131
54091: 0.999131
54092: 0.999131
54093: 0.999131
54094: 0.999131
54095: 0.999131
54096: 0.999131
54097: 0.999131
54098: 0.999131
54099: 0.999131
54100: 0.999131
54101: 0.999131
54102: 0.999131
54103: 0.999131
54104: 0.999131
54105: 0.999131
54106: 0.999131
54107: 0.999131
54108: 0.999131
54109: 0.999131
54110: 0.999131
54111: 0.999131
54112: 0.999131
54113: 0.999131
54114: 0.999131
54115: 0.999131
54116: 0.999132
54117: 0.999132
54118: 0.999132
54119: 0.999132
54120: 0.999132
54121: 0.999132
54122: 0.999132
54123: 0.999132
54124: 0.999132
54125: 0.999132
54126: 0.999132
54127: 0.999132
54128: 0.999132
54129: 0.999132
54130: 0.999132
54131: 0.999132
54132: 0.999132
54133: 0.999132
54134: 0.999132
54135: 0.999132
54136: 0.999132
54137: 0.999132
54138: 0.999132
54139: 0.999132
54140: 0.999132
54141: 0.999132
54142: 0.999132
54143: 0.999132
54144: 0.999132
54145: 0.999132
54146: 0.999132
54147: 0.999132
54148: 0.999132
54149: 0.999132
54150: 0.999132
54151: 0.999132
54152: 0.999132
54153: 0.999132
54154: 0.999132
54155: 0.999132
54156: 0.999132
54157: 0.999132
54158: 0.999132
54159: 0.999132
54160: 0.999132
54161: 0.999132
54162: 0.999132
54163: 0.999132
54164: 0.999132
54165: 0.999132
54166: 0.999132
54167: 0.999132
54168: 0.999132
54169: 0.999132
54170: 0.999132
54171: 0.999132
54172: 0.999132
54173: 0.999132
54174: 0.999132
54175: 0.999132
54176: 0.999132
54177: 0.999132
54178: 0.999133
54179: 0.999133
54180: 0.999133
54181: 0.999133
54182: 0.999133
54183: 0.999133
54184: 0.999133
54185: 0.999133
54186: 0.999133
54187: 0.999133
54188: 0.999133
54189: 0.999133
54190: 0.999133
54191: 0.999133
54192: 0.999133
54193: 0.999133
54194: 0.999133
54195: 0.999133
54196: 0.999133
54197: 0.999133
54198: 0.999133
54199: 0.999133
54200: 0.999133
54201: 0.999133
54202: 0.999133
54203: 0.999133
54204: 0.999133
54205: 0.999133
54206: 0.999133
54207: 0.999133
54208: 0.999133
54209: 0.999133
54210: 0.999133
54211: 0.999133
54212: 0.999133
54213: 0.999133
54214: 0.999133
54215: 0.999133
54216: 0.999133
54217: 0.999133
54218: 0.999133
54219: 0.999133
54220: 0.999133
54221: 0.999133
54222: 0.999133
54223: 0.999133
54224: 0.999133
54225: 0.999133
54226: 0.999133
54227: 0.999133
54228: 0.999133
54229: 0.999133
54230: 0.999133
54231: 0.999133
54232: 0.999133
54233: 0.999133
54234: 0.999133
54235: 0.999133
54236: 0.999133
54237: 0.999133
54238: 0.999133
54239: 0.999133
54240: 0.999133
54241: 0.999134
54242: 0.999134
54243: 0.999134
54244: 0.999134
54245: 0.999134
54246: 0.999134
54247: 0.999134
54248: 0.999134
54249: 0.999134
54250: 0.999134
54251: 0.999134
54252: 0.999134
54253: 0.999134
54254: 0.999134
54255: 0.999134
54256: 0.999134
54257: 0.999134
54258: 0.999134
54259: 0.999134
54260: 0.999134
54261: 0.999134
54262: 0.999134
54263: 0.999134
54264: 0.999134
54265: 0.999134
54266: 0.999134
54267: 0.999134
54268: 0.999134
54269: 0.999134
54270: 0.999134
54271: 0.999134
54272: 0.999134
54273: 0.999134
54274: 0.999134
54275: 0.999134
54276: 0.999134
54277: 0.999134
54278: 0.999134
54279: 0.999134
54280: 0.999134
54281: 0.999134
54282: 0.999134
54283: 0.999134
54284: 0.999134
54285: 0.999134
54286: 0.999134
54287: 0.999134
54288: 0.999134
54289: 0.999134
54290: 0.999134
54291: 0.999134
54292: 0.999134
54293: 0.999134
54294: 0.999134
54295: 0.999134
54296: 0.999134
54297: 0.999134
54298: 0.999134
54299: 0.999134
54300: 0.999134
54301: 0.999134
54302: 0.999134
54303: 0.999135
54304: 0.999135
54305: 0.999135
54306: 0.999135
54307: 0.999135
54308: 0.999135
54309: 0.999135
54310: 0.999135
54311: 0.999135
54312: 0.999135
54313: 0.999135
54314: 0.999135
54315: 0.999135
54316: 0.999135
54317: 0.999135
54318: 0.999135
54319: 0.999135
54320: 0.999135
54321: 0.999135
54322: 0.999135
54323: 0.999135
54324: 0.999135
54325: 0.999135
54326: 0.999135
54327: 0.999135
54328: 0.999135
54329: 0.999135
54330: 0.999135
54331: 0.999135
54332: 0.999135
54333: 0.999135
54334: 0.999135
54335: 0.999135
54336: 0.999135
54337: 0.999135
54338: 0.999135
54339: 0.999135
54340: 0.999135
54341: 0.999135
54342: 0.999135
54343: 0.999135
54344: 0.999135
54345: 0.999135
54346: 0.999135
54347: 0.999135
54348: 0.999135
54349: 0.999135
54350: 0.999135
54351: 0.999135
54352: 0.999135
54353: 0.999135
54354: 0.999135
54355: 0.999135
54356: 0.999135
54357: 0.999135
54358: 0.999135
54359: 0.999135
54360: 0.999135
54361: 0.999135
54362: 0.999135
54363: 0.999135
54364: 0.999135
54365: 0.999135
54366: 0.999136
54367: 0.999136
54368: 0.999136
54369: 0.999136
54370: 0.999136
54371: 0.999136
54372: 0.999136
54373: 0.999136
54374: 0.999136
54375: 0.999136
54376: 0.999136
54377: 0.999136
54378: 0.999136
54379: 0.999136
54380: 0.999136
54381: 0.999136
54382: 0.999136
54383: 0.999136
54384: 0.999136
54385: 0.999136
54386: 0.999136
54387: 0.999136
54388: 0.999136
54389: 0.999136
54390: 0.999136
54391: 0.999136
54392: 0.999136
54393: 0.999136
54394: 0.999136
54395: 0.999136
54396: 0.999136
54397: 0.999136
54398: 0.999136
54399: 0.999136
54400: 0.999136
54401: 0.999136
54402: 0.999136
54403: 0.999136
54404: 0.999136
54405: 0.999136
54406: 0.999136
54407: 0.999136
54408: 0.999136
54409: 0.999136
54410: 0.999136
54411: 0.999136
54412: 0.999136
54413: 0.999136
54414: 0.999136
54415: 0.999136
54416: 0.999136
54417: 0.999136
54418: 0.999136
54419: 0.999136
54420: 0.999136
54421: 0.999136
54422: 0.999136
54423: 0.999136
54424: 0.999136
54425: 0.999136
54426: 0.999136
54427: 0.999136
54428: 0.999136
54429: 0.999137
54430: 0.999137
54431: 0.999137
54432: 0.999137
54433: 0.999137
54434: 0.999137
54435: 0.999137
54436: 0.999137
54437: 0.999137
54438: 0.999137
54439: 0.999137
54440: 0.999137
54441: 0.999137
54442: 0.999137
54443: 0.999137
54444: 0.999137
54445: 0.999137
54446: 0.999137
54447: 0.999137
54448: 0.999137
54449: 0.999137
54450: 0.999137
54451: 0.999137
54452: 0.999137
54453: 0.999137
54454: 0.999137
54455: 0.999137
54456: 0.999137
54457: 0.999137
54458: 0.999137
54459: 0.999137
54460: 0.999137
54461: 0.999137
54462: 0.999137
54463: 0.999137
54464: 0.999137
54465: 0.999137
54466: 0.999137
54467: 0.999137
54468: 0.999137
54469: 0.999137
54470: 0.999137
54471: 0.999137
54472: 0.999137
54473: 0.999137
54474: 0.999137
54475: 0.999137
54476: 0.999137
54477: 0.999137
54478: 0.999137
54479: 0.999137
54480: 0.999137
54481: 0.999137
54482: 0.999137
54483: 0.999137
54484: 0.999137
54485: 0.999137
54486: 0.999137
54487: 0.999137
54488: 0.999137
54489: 0.999137
54490: 0.999137
54491: 0.999137
54492: 0.999138
54493: 0.999138
54494: 0.999138
54495: 0.999138
54496: 0.999138
54497: 0.999138
54498: 0.999138
54499: 0.999138
54500: 0.999138
54501: 0.999138
54502: 0.999138
54503: 0.999138
54504: 0.999138
54505: 0.999138
54506: 0.999138
54507: 0.999138
54508: 0.999138
54509: 0.999138
54510: 0.999138
54511: 0.999138
54512: 0.999138
54513: 0.999138
54514: 0.999138
54515: 0.999138
54516: 0.999138
54517: 0.999138
54518: 0.999138
54519: 0.999138
54520: 0.999138
54521: 0.999138
54522: 0.999138
54523: 0.999138
54524: 0.999138
54525: 0.999138
54526: 0.999138
54527: 0.999138
54528: 0.999138
54529: 0.999138
54530: 0.999138
54531: 0.999138
54532: 0.999138
54533: 0.999138
54534: 0.999138
54535: 0.999138
54536: 0.999138
54537: 0.999138
54538: 0.999138
54539: 0.999138
54540: 0.999138
54541: 0.999138
54542: 0.999138
54543: 0.999138
54544: 0.999138
54545: 0.999138
54546: 0.999138
54547: 0.999138
54548: 0.999138
54549: 0.999138
54550: 0.999138
54551: 0.999138
54552: 0.999138
54553: 0.999138
54554: 0.999138
54555: 0.999138
54556: 0.999139
54557: 0.999139
54558: 0.999139
54559: 0.999139
54560: 0.999139
54561: 0.999139
54562: 0.999139
54563: 0.999139
54564: 0.999139
54565: 0.999139
54566: 0.999139
54567: 0.999139
54568: 0.999139
54569: 0.999139
54570: 0.999139
54571: 0.999139
54572: 0.999139
54573: 0.999139
54574: 0.999139
54575: 0.999139
54576: 0.999139
54577: 0.999139
54578: 0.999139
54579: 0.999139
54580: 0.999139
54581: 0.999139
54582: 0.999139
54583: 0.999139
54584: 0.999139
54585: 0.999139
54586: 0.999139
54587: 0.999139
54588: 0.999139
54589: 0.999139
54590: 0.999139
54591: 0.999139
54592: 0.999139
54593: 0.999139
54594: 0.999139
54595: 0.999139
54596: 0.999139
54597: 0.999139
54598: 0.999139
54599: 0.999139
54600: 0.999139
54601: 0.999139
54602: 0.999139
54603: 0.999139
54604: 0.999139
54605: 0.999139
54606: 0.999139
54607: 0.999139
54608: 0.999139
54609: 0.999139
54610: 0.999139
54611: 0.999139
54612: 0.999139
54613: 0.999139
54614: 0.999139
54615: 0.999139
54616: 0.999139
54617: 0.999139
54618: 0.999139
54619: 0.99914
54620: 0.99914
54621: 0.99914
54622: 0.99914
54623: 0.99914
54624: 0.99914
54625: 0.99914
54626: 0.99914
54627: 0.99914
54628: 0.99914
54629: 0.99914
54630: 0.99914
54631: 0.99914
54632: 0.99914
54633: 0.99914
54634: 0.99914
54635: 0.99914
54636: 0.99914
54637: 0.99914
54638: 0.99914
54639: 0.99914
54640: 0.99914
54641: 0.99914
54642: 0.99914
54643: 0.99914
54644: 0.99914
54645: 0.99914
54646: 0.99914
54647: 0.99914
54648: 0.99914
54649: 0.99914
54650: 0.99914
54651: 0.99914
54652: 0.99914
54653: 0.99914
54654: 0.99914
54655: 0.99914
54656: 0.99914
54657: 0.99914
54658: 0.99914
54659: 0.99914
54660: 0.99914
54661: 0.99914
54662: 0.99914
54663: 0.99914
54664: 0.99914
54665: 0.99914
54666: 0.99914
54667: 0.99914
54668: 0.99914
54669: 0.99914
54670: 0.99914
54671: 0.99914
54672: 0.99914
54673: 0.99914
54674: 0.99914
54675: 0.99914
54676: 0.99914
54677: 0.99914
54678: 0.99914
54679: 0.99914
54680: 0.99914
54681: 0.99914
54682: 0.999141
54683: 0.999141
54684: 0.999141
54685: 0.999141
54686: 0.999141
54687: 0.999141
54688: 0.999141
54689: 0.999141
54690: 0.999141
54691: 0.999141
54692: 0.999141
54693: 0.999141
54694: 0.999141
54695: 0.999141
54696: 0.999141
54697: 0.999141
54698: 0.999141
54699: 0.999141
54700: 0.999141
54701: 0.999141
54702: 0.999141
54703: 0.999141
54704: 0.999141
54705: 0.999141
54706: 0.999141
54707: 0.999141
54708: 0.999141
54709: 0.999141
54710: 0.999141
54711: 0.999141
54712: 0.999141
54713: 0.999141
54714: 0.999141
54715: 0.999141
54716: 0.999141
54717: 0.999141
54718: 0.999141
54719: 0.999141
54720: 0.999141
54721: 0.999141
54722: 0.999141
54723: 0.999141
54724: 0.999141
54725: 0.999141
54726: 0.999141
54727: 0.999141
54728: 0.999141
54729: 0.999141
54730: 0.999141
54731: 0.999141
54732: 0.999141
54733: 0.999141
54734: 0.999141
54735: 0.999141
54736: 0.999141
54737: 0.999141
54738: 0.999141
54739: 0.999141
54740: 0.999141
54741: 0.999141
54742: 0.999141
54743: 0.999141
54744: 0.999141
54745: 0.999141
54746: 0.999142
54747: 0.999142
54748: 0.999142
54749: 0.999142
54750: 0.999142
54751: 0.999142
54752: 0.999142
54753: 0.999142
54754: 0.999142
54755: 0.999142
54756: 0.999142
54757: 0.999142
54758: 0.999142
54759: 0.999142
54760: 0.999142
54761: 0.999142
54762: 0.999142
54763: 0.999142
54764: 0.999142
54765: 0.999142
54766: 0.999142
54767: 0.999142
54768: 0.999142
54769: 0.999142
54770: 0.999142
54771: 0.999142
54772: 0.999142
54773: 0.999142
54774: 0.999142
54775: 0.999142
54776: 0.999142
54777: 0.999142
54778: 0.999142
54779: 0.999142
54780: 0.999142
54781: 0.999142
54782: 0.999142
54783: 0.999142
54784: 0.999142
54785: 0.999142
54786: 0.999142
54787: 0.999142
54788: 0.999142
54789: 0.999142
54790: 0.999142
54791: 0.999142
54792: 0.999142
54793: 0.999142
54794: 0.999142
54795: 0.999142
54796: 0.999142
54797: 0.999142
54798: 0.999142
54799: 0.999142
54800: 0.999142
54801: 0.999142
54802: 0.999142
54803: 0.999142
54804: 0.999142
54805: 0.999142
54806: 0.999142
54807: 0.999142
54808: 0.999142
54809: 0.999142
54810: 0.999143
54811: 0.999143
54812: 0.999143
54813: 0.999143
54814: 0.999143
54815: 0.999143
54816: 0.999143
54817: 0.999143
54818: 0.999143
54819: 0.999143
54820: 0.999143
54821: 0.999143
54822: 0.999143
54823: 0.999143
54824: 0.999143
54825: 0.999143
54826: 0.999143
54827: 0.999143
54828: 0.999143
54829: 0.999143
54830: 0.999143
54831: 0.999143
54832: 0.999143
54833: 0.999143
54834: 0.999143
54835: 0.999143
54836: 0.999143
54837: 0.999143
54838: 0.999143
54839: 0.999143
54840: 0.999143
54841: 0.999143
54842: 0.999143
54843: 0.999143
54844: 0.999143
54845: 0.999143
54846: 0.999143
54847: 0.999143
54848: 0.999143
54849: 0.999143
54850: 0.999143
54851: 0.999143
54852: 0.999143
54853: 0.999143
54854: 0.999143
54855: 0.999143
54856: 0.999143
54857: 0.999143
54858: 0.999143
54859: 0.999143
54860: 0.999143
54861: 0.999143
54862: 0.999143
54863: 0.999143
54864: 0.999143
54865: 0.999143
54866: 0.999143
54867: 0.999143
54868: 0.999143
54869: 0.999143
54870: 0.999143
54871: 0.999143
54872: 0.999143
54873: 0.999143
54874: 0.999144
54875: 0.999144
54876: 0.999144
54877: 0.999144
54878: 0.999144
54879: 0.999144
54880: 0.999144
54881: 0.999144
54882: 0.999144
54883: 0.999144
54884: 0.999144
54885: 0.999144
54886: 0.999144
54887: 0.999144
54888: 0.999144
54889: 0.999144
54890: 0.999144
54891: 0.999144
54892: 0.999144
54893: 0.999144
54894: 0.999144
54895: 0.999144
54896: 0.999144
54897: 0.999144
54898: 0.999144
54899: 0.999144
54900: 0.999144
54901: 0.999144
54902: 0.999144
54903: 0.999144
54904: 0.999144
54905: 0.999144
54906: 0.999144
54907: 0.999144
54908: 0.999144
54909: 0.999144
54910: 0.999144
54911: 0.999144
54912: 0.999144
54913: 0.999144
54914: 0.999144
54915: 0.999144
54916: 0.999144
54917: 0.999144
54918: 0.999144
54919: 0.999144
54920: 0.999144
54921: 0.999144
54922: 0.999144
54923: 0.999144
54924: 0.999144
54925: 0.999144
54926: 0.999144
54927: 0.999144
54928: 0.999144
54929: 0.999144
54930: 0.999144
54931: 0.999144
54932: 0.999144
54933: 0.999144
54934: 0.999144
54935: 0.999144
54936: 0.999144
54937: 0.999144
54938: 0.999145
54939: 0.999145
54940: 0.999145
54941: 0.999145
54942: 0.999145
54943: 0.999145
54944: 0.999145
54945: 0.999145
54946: 0.999145
54947: 0.999145
54948: 0.999145
54949: 0.999145
54950: 0.999145
54951: 0.999145
54952: 0.999145
54953: 0.999145
54954: 0.999145
54955: 0.999145
54956: 0.999145
54957: 0.999145
54958: 0.999145
54959: 0.999145
54960: 0.999145
54961: 0.999145
54962: 0.999145
54963: 0.999145
54964: 0.999145
54965: 0.999145
54966: 0.999145
54967: 0.999145
54968: 0.999145
54969: 0.999145
54970: 0.999145
54971: 0.999145
54972: 0.999145
54973: 0.999145
54974: 0.999145
54975: 0.999145
54976: 0.999145
54977: 0.999145
54978: 0.999145
54979: 0.999145
54980: 0.999145
54981: 0.999145
54982: 0.999145
54983: 0.999145
54984: 0.999145
54985: 0.999145
54986: 0.999145
54987: 0.999145
54988: 0.999145
54989: 0.999145
54990: 0.999145
54991: 0.999145
54992: 0.999145
54993: 0.999145
54994: 0.999145
54995: 0.999145
54996: 0.999145
54997: 0.999145
54998: 0.999145
54999: 0.999145
55000: 0.999145
55001: 0.999145
55002: 0.999146
55003: 0.999146
55004: 0.999146
55005: 0.999146
55006: 0.999146
55007: 0.999146
55008: 0.999146
55009: 0.999146
55010: 0.999146
55011: 0.999146
55012: 0.999146
55013: 0.999146
55014: 0.999146
55015: 0.999146
55016: 0.999146
55017: 0.999146
55018: 0.999146
55019: 0.999146
55020: 0.999146
55021: 0.999146
55022: 0.999146
55023: 0.999146
55024: 0.999146
55025: 0.999146
55026: 0.999146
55027: 0.999146
55028: 0.999146
55029: 0.999146
55030: 0.999146
55031: 0.999146
55032: 0.999146
55033: 0.999146
55034: 0.999146
55035: 0.999146
55036: 0.999146
55037: 0.999146
55038: 0.999146
55039: 0.999146
55040: 0.999146
55041: 0.999146
55042: 0.999146
55043: 0.999146
55044: 0.999146
55045: 0.999146
55046: 0.999146
55047: 0.999146
55048: 0.999146
55049: 0.999146
55050: 0.999146
55051: 0.999146
55052: 0.999146
55053: 0.999146
55054: 0.999146
55055: 0.999146
55056: 0.999146
55057: 0.999146
55058: 0.999146
55059: 0.999146
55060: 0.999146
55061: 0.999146
55062: 0.999146
55063: 0.999146
55064: 0.999146
55065: 0.999146
55066: 0.999146
55067: 0.999147
55068: 0.999147
55069: 0.999147
55070: 0.999147
55071: 0.999147
55072: 0.999147
55073: 0.999147
55074: 0.999147
55075: 0.999147
55076: 0.999147
55077: 0.999147
55078: 0.999147
55079: 0.999147
55080: 0.999147
55081: 0.999147
55082: 0.999147
55083: 0.999147
55084: 0.999147
55085: 0.999147
55086: 0.999147
55087: 0.999147
55088: 0.999147
55089: 0.999147
55090: 0.999147
55091: 0.999147
55092: 0.999147
55093: 0.999147
55094: 0.999147
55095: 0.999147
55096: 0.999147
55097: 0.999147
55098: 0.999147
55099: 0.999147
55100: 0.999147
55101: 0.999147
55102: 0.999147
55103: 0.999147
55104: 0.999147
55105: 0.999147
55106: 0.999147
55107: 0.999147
55108: 0.999147
55109: 0.999147
55110: 0.999147
55111: 0.999147
55112: 0.999147
55113: 0.999147
55114: 0.999147
55115: 0.999147
55116: 0.999147
55117: 0.999147
55118: 0.999147
55119: 0.999147
55120: 0.999147
55121: 0.999147
55122: 0.999147
55123: 0.999147
55124: 0.999147
55125: 0.999147
55126: 0.999147
55127: 0.999147
55128: 0.999147
55129: 0.999147
55130: 0.999147
55131: 0.999148
55132: 0.999148
55133: 0.999148
55134: 0.999148
55135: 0.999148
55136: 0.999148
55137: 0.999148
55138: 0.999148
55139: 0.999148
55140: 0.999148
55141: 0.999148
55142: 0.999148
55143: 0.999148
55144: 0.999148
55145: 0.999148
55146: 0.999148
55147: 0.999148
55148: 0.999148
55149: 0.999148
55150: 0.999148
55151: 0.999148
55152: 0.999148
55153: 0.999148
55154: 0.999148
55155: 0.999148
55156: 0.999148
55157: 0.999148
55158: 0.999148
55159: 0.999148
55160: 0.999148
55161: 0.999148
55162: 0.999148
55163: 0.999148
55164: 0.999148
55165: 0.999148
55166: 0.999148
55167: 0.999148
55168: 0.999148
55169: 0.999148
55170: 0.999148
55171: 0.999148
55172: 0.999148
55173: 0.999148
55174: 0.999148
55175: 0.999148
55176: 0.999148
55177: 0.999148
55178: 0.999148
55179: 0.999148
55180: 0.999148
55181: 0.999148
55182: 0.999148
55183: 0.999148
55184: 0.999148
55185: 0.999148
55186: 0.999148
55187: 0.999148
55188: 0.999148
55189: 0.999148
55190: 0.999148
55191: 0.999148
55192: 0.999148
55193: 0.999148
55194: 0.999148
55195: 0.999148
55196: 0.999149
55197: 0.999149
55198: 0.999149
55199: 0.999149
55200: 0.999149
55201: 0.999149
55202: 0.999149
55203: 0.999149
55204: 0.999149
55205: 0.999149
55206: 0.999149
55207: 0.999149
55208: 0.999149
55209: 0.999149
55210: 0.999149
55211: 0.999149
55212: 0.999149
55213: 0.999149
55214: 0.999149
55215: 0.999149
55216: 0.999149
55217: 0.999149
55218: 0.999149
55219: 0.999149
55220: 0.999149
55221: 0.999149
55222: 0.999149
55223: 0.999149
55224: 0.999149
55225: 0.999149
55226: 0.999149
55227: 0.999149
55228: 0.999149
55229: 0.999149
55230: 0.999149
55231: 0.999149
55232: 0.999149
55233: 0.999149
55234: 0.999149
55235: 0.999149
55236: 0.999149
55237: 0.999149
55238: 0.999149
55239: 0.999149
55240: 0.999149
55241: 0.999149
55242: 0.999149
55243: 0.999149
55244: 0.999149
55245: 0.999149
55246: 0.999149
55247: 0.999149
55248: 0.999149
55249: 0.999149
55250: 0.999149
55251: 0.999149
55252: 0.999149
55253: 0.999149
55254: 0.999149
55255: 0.999149
55256: 0.999149
55257: 0.999149
55258: 0.999149
55259: 0.999149
55260: 0.999149
55261: 0.99915
55262: 0.99915
55263: 0.99915
55264: 0.99915
55265: 0.99915
55266: 0.99915
55267: 0.99915
55268: 0.99915
55269: 0.99915
55270: 0.99915
55271: 0.99915
55272: 0.99915
55273: 0.99915
55274: 0.99915
55275: 0.99915
55276: 0.99915
55277: 0.99915
55278: 0.99915
55279: 0.99915
55280: 0.99915
55281: 0.99915
55282: 0.99915
55283: 0.99915
55284: 0.99915
55285: 0.99915
55286: 0.99915
55287: 0.99915
55288: 0.99915
55289: 0.99915
55290: 0.99915
55291: 0.99915
55292: 0.99915
55293: 0.99915
55294: 0.99915
55295: 0.99915
55296: 0.99915
55297: 0.99915
55298: 0.99915
55299: 0.99915
55300: 0.99915
55301: 0.99915
55302: 0.99915
55303: 0.99915
55304: 0.99915
55305: 0.99915
55306: 0.99915
55307: 0.99915
55308: 0.99915
55309: 0.99915
55310: 0.99915
55311: 0.99915
55312: 0.99915
55313: 0.99915
55314: 0.99915
55315: 0.99915
55316: 0.99915
55317: 0.99915
55318: 0.99915
55319: 0.99915
55320: 0.99915
55321: 0.99915
55322: 0.99915
55323: 0.99915
55324: 0.99915
55325: 0.99915
55326: 0.999151
55327: 0.999151
55328: 0.999151
55329: 0.999151
55330: 0.999151
55331: 0.999151
55332: 0.999151
55333: 0.999151
55334: 0.999151
55335: 0.999151
55336: 0.999151
55337: 0.999151
55338: 0.999151
55339: 0.999151
55340: 0.999151
55341: 0.999151
55342: 0.999151
55343: 0.999151
55344: 0.999151
55345: 0.999151
55346: 0.999151
55347: 0.999151
55348: 0.999151
55349: 0.999151
55350: 0.999151
55351: 0.999151
55352: 0.999151
55353: 0.999151
55354: 0.999151
55355: 0.999151
55356: 0.999151
55357: 0.999151
55358: 0.999151
55359: 0.999151
55360: 0.999151
55361: 0.999151
55362: 0.999151
55363: 0.999151
55364: 0.999151
55365: 0.999151
55366: 0.999151
55367: 0.999151
55368: 0.999151
55369: 0.999151
55370: 0.999151
55371: 0.999151
55372: 0.999151
55373: 0.999151
55374: 0.999151
55375: 0.999151
55376: 0.999151
55377: 0.999151
55378: 0.999151
55379: 0.999151
55380: 0.999151
55381: 0.999151
55382: 0.999151
55383: 0.999151
55384: 0.999151
55385: 0.999151
55386: 0.999151
55387: 0.999151
55388: 0.999151
55389: 0.999151
55390: 0.999151
55391: 0.999152
55392: 0.999152
55393: 0.999152
55394: 0.999152
55395: 0.999152
55396: 0.999152
55397: 0.999152
55398: 0.999152
55399: 0.999152
55400: 0.999152
55401: 0.999152
55402: 0.999152
55403: 0.999152
55404: 0.999152
55405: 0.999152
55406: 0.999152
55407: 0.999152
55408: 0.999152
55409: 0.999152
55410: 0.999152
55411: 0.999152
55412: 0.999152
55413: 0.999152
55414: 0.999152
55415: 0.999152
55416: 0.999152
55417: 0.999152
55418: 0.999152
55419: 0.999152
55420: 0.999152
55421: 0.999152
55422: 0.999152
55423: 0.999152
55424: 0.999152
55425: 0.999152
55426: 0.999152
55427: 0.999152
55428: 0.999152
55429: 0.999152
55430: 0.999152
55431: 0.999152
55432: 0.999152
55433: 0.999152
55434: 0.999152
55435: 0.999152
55436: 0.999152
55437: 0.999152
55438: 0.999152
55439: 0.999152
55440: 0.999152
55441: 0.999152
55442: 0.999152
55443: 0.999152
55444: 0.999152
55445: 0.999152
55446: 0.999152
55447: 0.999152
55448: 0.999152
55449: 0.999152
55450: 0.999152
55451: 0.999152
55452: 0.999152
55453: 0.999152
55454: 0.999152
55455: 0.999152
55456: 0.999152
55457: 0.999153
55458: 0.999153
55459: 0.999153
55460: 0.999153
55461: 0.999153
55462: 0.999153
55463: 0.999153
55464: 0.999153
55465: 0.999153
55466: 0.999153
55467: 0.999153
55468: 0.999153
55469: 0.999153
55470: 0.999153
55471: 0.999153
55472: 0.999153
55473: 0.999153
55474: 0.999153
55475: 0.999153
55476: 0.999153
55477: 0.999153
55478: 0.999153
55479: 0.999153
55480: 0.999153
55481: 0.999153
55482: 0.999153
55483: 0.999153
55484: 0.999153
55485: 0.999153
55486: 0.999153
55487: 0.999153
55488: 0.999153
55489: 0.999153
55490: 0.999153
55491: 0.999153
55492: 0.999153
55493: 0.999153
55494: 0.999153
55495: 0.999153
55496: 0.999153
55497: 0.999153
55498: 0.999153
55499: 0.999153
55500: 0.999153
55501: 0.999153
55502: 0.999153
55503: 0.999153
55504: 0.999153
55505: 0.999153
55506: 0.999153
55507: 0.999153
55508: 0.999153
55509: 0.999153
55510: 0.999153
55511: 0.999153
55512: 0.999153
55513: 0.999153
55514: 0.999153
55515: 0.999153
55516: 0.999153
55517: 0.999153
55518: 0.999153
55519: 0.999153
55520: 0.999153
55521: 0.999153
55522: 0.999154
55523: 0.999154
55524: 0.999154
55525: 0.999154
55526: 0.999154
55527: 0.999154
55528: 0.999154
55529: 0.999154
55530: 0.999154
55531: 0.999154
55532: 0.999154
55533: 0.999154
55534: 0.999154
55535: 0.999154
55536: 0.999154
55537: 0.999154
55538: 0.999154
55539: 0.999154
55540: 0.999154
55541: 0.999154
55542: 0.999154
55543: 0.999154
55544: 0.999154
55545: 0.999154
55546: 0.999154
55547: 0.999154
55548: 0.999154
55549: 0.999154
55550: 0.999154
55551: 0.999154
55552: 0.999154
55553: 0.999154
55554: 0.999154
55555: 0.999154
55556: 0.999154
55557: 0.999154
55558: 0.999154
55559: 0.999154
55560: 0.999154
55561: 0.999154
55562: 0.999154
55563: 0.999154
55564: 0.999154
55565: 0.999154
55566: 0.999154
55567: 0.999154
55568: 0.999154
55569: 0.999154
55570: 0.999154
55571: 0.999154
55572: 0.999154
55573: 0.999154
55574: 0.999154
55575: 0.999154
55576: 0.999154
55577: 0.999154
55578: 0.999154
55579: 0.999154
55580: 0.999154
55581: 0.999154
55582: 0.999154
55583: 0.999154
55584: 0.999154
55585: 0.999154
55586: 0.999154
55587: 0.999154
55588: 0.999155
55589: 0.999155
55590: 0.999155
55591: 0.999155
55592: 0.999155
55593: 0.999155
55594: 0.999155
55595: 0.999155
55596: 0.999155
55597: 0.999155
55598: 0.999155
55599: 0.999155
55600: 0.999155
55601: 0.999155
55602: 0.999155
55603: 0.999155
55604: 0.999155
55605: 0.999155
55606: 0.999155
55607: 0.999155
55608: 0.999155
55609: 0.999155
55610: 0.999155
55611: 0.999155
55612: 0.999155
55613: 0.999155
55614: 0.999155
55615: 0.999155
55616: 0.999155
55617: 0.999155
55618: 0.999155
55619: 0.999155
55620: 0.999155
55621: 0.999155
55622: 0.999155
55623: 0.999155
55624: 0.999155
55625: 0.999155
55626: 0.999155
55627: 0.999155
55628: 0.999155
55629: 0.999155
55630: 0.999137
55631: 0.999137
55632: 0.999137
55633: 0.999137
55634: 0.999137
55635: 0.999137
55636: 0.999137
55637: 0.999137
55638: 0.999137
55639: 0.999137
55640: 0.999137
55641: 0.999137
55642: 0.999137
55643: 0.999137
55644: 0.999137
55645: 0.999137
55646: 0.999137
55647: 0.999137
55648: 0.999137
55649: 0.999137
55650: 0.999137
55651: 0.999137
55652: 0.999138
55653: 0.999138
55654: 0.999138
55655: 0.999138
55656: 0.999138
55657: 0.999138
55658: 0.999138
55659: 0.999138
55660: 0.999138
55661: 0.999138
55662: 0.999138
55663: 0.999138
55664: 0.999138
55665: 0.999138
55666: 0.999138
55667: 0.999138
55668: 0.999138
55669: 0.999138
55670: 0.999138
55671: 0.999138
55672: 0.999138
55673: 0.999138
55674: 0.999138
55675: 0.999138
55676: 0.999138
55677: 0.999138
55678: 0.999138
55679: 0.999138
55680: 0.999138
55681: 0.999138
55682: 0.999138
55683: 0.999138
55684: 0.999138
55685: 0.999138
55686: 0.999138
55687: 0.999138
55688: 0.999138
55689: 0.999138
55690: 0.999138
55691: 0.999138
55692: 0.999138
55693: 0.999138
55694: 0.999138
55695: 0.999138
55696: 0.999138
55697: 0.999138
55698: 0.999138
55699: 0.999138
55700: 0.999138
55701: 0.999138
55702: 0.999138
55703: 0.999138
55704: 0.999138
55705: 0.999138
55706: 0.999138
55707: 0.999138
55708: 0.999138
55709: 0.999138
55710: 0.999138
55711: 0.999138
55712: 0.999138
55713: 0.999138
55714: 0.999138
55715: 0.999138
55716: 0.999139
55717: 0.999139
55718: 0.999139
55719: 0.999139
55720: 0.999139
55721: 0.999139
55722: 0.999139
55723: 0.999139
55724: 0.999139
55725: 0.999139
55726: 0.999139
55727: 0.999139
55728: 0.999139
55729: 0.999139
55730: 0.999139
55731: 0.999139
55732: 0.999139
55733: 0.999139
55734: 0.999139
55735: 0.999139
55736: 0.999139
55737: 0.999139
55738: 0.999139
55739: 0.999139
55740: 0.999139
55741: 0.999139
55742: 0.999139
55743: 0.999139
55744: 0.999139
55745: 0.999139
55746: 0.999139
55747: 0.999139
55748: 0.999139
55749: 0.999139
55750: 0.999139
55751: 0.999139
55752: 0.999139
55753: 0.999139
55754: 0.999139
55755: 0.999139
55756: 0.999139
55757: 0.999139
55758: 0.999139
55759: 0.999139
55760: 0.999139
55761: 0.999139
55762: 0.999139
55763: 0.999139
55764: 0.999139
55765: 0.999139
55766: 0.999139
55767: 0.999139
55768: 0.999139
55769: 0.999139
55770: 0.999139
55771: 0.999139
55772: 0.999139
55773: 0.999139
55774: 0.999139
55775: 0.999139
55776: 0.999139
55777: 0.999139
55778: 0.999139
55779: 0.999139
55780: 0.999139
55781: 0.99914
55782: 0.99914
55783: 0.99914
55784: 0.99914
55785: 0.99914
55786: 0.99914
55787: 0.99914
55788: 0.99914
55789: 0.99914
55790: 0.99914
55791: 0.99914
55792: 0.99914
55793: 0.99914
55794: 0.99914
55795: 0.99914
55796: 0.99914
55797: 0.99914
55798: 0.99914
55799: 0.99914
55800: 0.99914
55801: 0.99914
55802: 0.99914
55803: 0.99914
55804: 0.99914
55805: 0.99914
55806: 0.99914
55807: 0.99914
55808: 0.99914
55809: 0.99914
55810: 0.99914
55811: 0.99914
55812: 0.99914
55813: 0.99914
55814: 0.99914
55815: 0.99914
55816: 0.99914
55817: 0.99914
55818: 0.99914
55819: 0.99914
55820: 0.99914
55821: 0.99914
55822: 0.99914
55823: 0.99914
55824: 0.99914
55825: 0.99914
55826: 0.99914
55827: 0.99914
55828: 0.99914
55829: 0.99914
55830: 0.99914
55831: 0.99914
55832: 0.99914
55833: 0.99914
55834: 0.99914
55835: 0.99914
55836: 0.99914
55837: 0.99914
55838: 0.99914
55839: 0.99914
55840: 0.99914
55841: 0.99914
55842: 0.99914
55843: 0.99914
55844: 0.99914
55845: 0.99914
55846: 0.999141
55847: 0.999141
55848: 0.999141
55849: 0.999141
55850: 0.999141
55851: 0.999141
55852: 0.999141
55853: 0.999141
55854: 0.999141
55855: 0.999141
55856: 0.999141
55857: 0.999141
55858: 0.999141
55859: 0.999141
55860: 0.999141
55861: 0.999141
55862: 0.999141
55863: 0.999141
55864: 0.999141
55865: 0.999141
55866: 0.999141
55867: 0.999141
55868: 0.999141
55869: 0.999141
55870: 0.999141
55871: 0.999141
55872: 0.999141
55873: 0.999141
55874: 0.999141
55875: 0.999141
55876: 0.999141
55877: 0.999141
55878: 0.999141
55879: 0.999141
55880: 0.999141
55881: 0.999141
55882: 0.999141
55883: 0.999141
55884: 0.999141
55885: 0.999141
55886: 0.999141
55887: 0.999141
55888: 0.999141
55889: 0.999141
55890: 0.999141
55891: 0.999141
55892: 0.999141
55893: 0.999141
55894: 0.999141
55895: 0.999141
55896: 0.999141
55897: 0.999141
55898: 0.999141
55899: 0.999141
55900: 0.999141
55901: 0.999141
55902: 0.999141
55903: 0.999141
55904: 0.999141
55905: 0.999141
55906: 0.999141
55907: 0.999141
55908: 0.999141
55909: 0.999141
55910: 0.999141
55911: 0.999142
55912: 0.999142
55913: 0.999142
55914: 0.999142
55915: 0.999142
55916: 0.999142
55917: 0.999142
55918: 0.999142
55919: 0.999142
55920: 0.999142
55921: 0.999142
55922: 0.999142
55923: 0.999142
55924: 0.999142
55925: 0.999142
55926: 0.999142
55927: 0.999142
55928: 0.999142
55929: 0.999142
55930: 0.999142
55931: 0.999142
55932: 0.999142
55933: 0.999142
55934: 0.999142
55935: 0.999142
55936: 0.999142
55937: 0.999142
55938: 0.999142
55939: 0.999142
55940: 0.999142
55941: 0.999142
55942: 0.999142
55943: 0.999142
55944: 0.999142
55945: 0.999142
55946: 0.999142
55947: 0.999142
55948: 0.999142
55949: 0.999142
55950: 0.999142
55951: 0.999142
55952: 0.999142
55953: 0.999142
55954: 0.999142
55955: 0.999142
55956: 0.999142
55957: 0.999142
55958: 0.999142
55959: 0.999142
55960: 0.999142
55961: 0.999142
55962: 0.999142
55963: 0.999142
55964: 0.999142
55965: 0.999142
55966: 0.999142
55967: 0.999142
55968: 0.999142
55969: 0.999142
55970: 0.999142
55971: 0.999142
55972: 0.999142
55973: 0.999142
55974: 0.999142
55975: 0.999142
55976: 0.999143
55977: 0.999143
55978: 0.999143
55979: 0.999143
55980: 0.999143
55981: 0.999143
55982: 0.999143
55983: 0.999143
55984: 0.999143
55985: 0.999143
55986: 0.999143
55987: 0.999143
55988: 0.999143
55989: 0.999143
55990: 0.999143
55991: 0.999143
55992: 0.999143
55993: 0.999143
55994: 0.999143
55995: 0.999143
55996: 0.999143
55997: 0.999143
55998: 0.999143
55999: 0.999143
56000: 0.999143
56001: 0.999143
56002: 0.999143
56003: 0.999143
56004: 0.999143
56005: 0.999143
56006: 0.999143
56007: 0.999143
56008: 0.999143
56009: 0.999143
56010: 0.999143
56011: 0.999143
56012: 0.999143
56013: 0.999143
56014: 0.999143
56015: 0.999143
56016: 0.999143
56017: 0.999143
56018: 0.999143
56019: 0.999143
56020: 0.999143
56021: 0.999143
56022: 0.999143
56023: 0.999143
56024: 0.999143
56025: 0.999143
56026: 0.999143
56027: 0.999143
56028: 0.999143
56029: 0.999143
56030: 0.999143
56031: 0.999143
56032: 0.999143
56033: 0.999143
56034: 0.999143
56035: 0.999143
56036: 0.999143
56037: 0.999143
56038: 0.999143
56039: 0.999143
56040: 0.999143
56041: 0.999143
56042: 0.999144
56043: 0.999144
56044: 0.999144
56045: 0.999144
56046: 0.999144
56047: 0.999144
56048: 0.999144
56049: 0.999144
56050: 0.999144
56051: 0.999144
56052: 0.999144
56053: 0.999144
56054: 0.999144
56055: 0.999144
56056: 0.999144
56057: 0.999144
56058: 0.999144
56059: 0.999144
56060: 0.999144
56061: 0.999144
56062: 0.999144
56063: 0.999144
56064: 0.999144
56065: 0.999144
56066: 0.999144
56067: 0.999144
56068: 0.999144
56069: 0.999144
56070: 0.999144
56071: 0.999144
56072: 0.999144
56073: 0.999144
56074: 0.999144
56075: 0.999144
56076: 0.999144
56077: 0.999144
56078: 0.999144
56079: 0.999144
56080: 0.999144
56081: 0.999144
56082: 0.999144
56083: 0.999144
56084: 0.999144
56085: 0.999144
56086: 0.999144
56087: 0.999144
56088: 0.999144
56089: 0.999144
56090: 0.999144
56091: 0.999144
56092: 0.999144
56093: 0.999144
56094: 0.999144
56095: 0.999144
56096: 0.999144
56097: 0.999144
56098: 0.999144
56099: 0.999144
56100: 0.999144
56101: 0.999144
56102: 0.999144
56103: 0.999144
56104: 0.999144
56105: 0.999144
56106: 0.999144
56107: 0.999145
56108: 0.999145
56109: 0.999145
56110: 0.999145
56111: 0.999145
56112: 0.999145
56113: 0.999145
56114: 0.999145
56115: 0.999145
56116: 0.999145
56117: 0.999145
56118: 0.999145
56119: 0.999145
56120: 0.999145
56121: 0.999145
56122: 0.999145
56123: 0.999145
56124: 0.999145
56125: 0.999145
56126: 0.999145
56127: 0.999145
56128: 0.999145
56129: 0.999145
56130: 0.999145
56131: 0.999145
56132: 0.999145
56133: 0.999145
56134: 0.999145
56135: 0.999145
56136: 0.999145
56137: 0.999145
56138: 0.999145
56139: 0.999145
56140: 0.999145
56141: 0.999145
56142: 0.999145
56143: 0.999145
56144: 0.999145
56145: 0.999145
56146: 0.999145
56147: 0.999127
56148: 0.99911
56149: 0.99911
56150: 0.99911
56151: 0.99911
56152: 0.99911
56153: 0.99911
56154: 0.99911
56155: 0.99911
56156: 0.99911
56157: 0.99911
56158: 0.99911
56159: 0.99911
56160: 0.99911
56161: 0.99911
56162: 0.99911
56163: 0.99911
56164: 0.99911
56165: 0.99911
56166: 0.99911
56167: 0.99911
56168: 0.99911
56169: 0.99911
56170: 0.99911
56171: 0.99911
56172: 0.99911
56173: 0.99911
56174: 0.99911
56175: 0.99911
56176: 0.99911
56177: 0.99911
56178: 0.99911
56179: 0.99911
56180: 0.99911
56181: 0.99911
56182: 0.99911
56183: 0.99911
56184: 0.99911
56185: 0.99911
56186: 0.99911
56187: 0.99911
56188: 0.99911
56189: 0.99911
56190: 0.99911
56191: 0.99911
56192: 0.99911
56193: 0.99911
56194: 0.99911
56195: 0.99911
56196: 0.99911
56197: 0.99911
56198: 0.99911
56199: 0.99911
56200: 0.99911
56201: 0.99911
56202: 0.99911
56203: 0.99911
56204: 0.99911
56205: 0.99911
56206: 0.99911
56207: 0.99911
56208: 0.99911
56209: 0.99911
56210: 0.99911
56211: 0.999111
56212: 0.999111
56213: 0.999111
56214: 0.999111
56215: 0.999111
56216: 0.999111
56217: 0.999111
56218: 0.999111
56219: 0.999111
56220: 0.999111
56221: 0.999111
56222: 0.999111
56223: 0.999111
56224: 0.999111
56225: 0.999111
56226: 0.999111
56227: 0.999111
56228: 0.999111
56229: 0.999111
56230: 0.999111
56231: 0.999111
56232: 0.999111
56233: 0.999111
56234: 0.999111
56235: 0.999111
56236: 0.999111
56237: 0.999111
56238: 0.999111
56239: 0.999111
56240: 0.999111
56241: 0.999111
56242: 0.999111
56243: 0.999111
56244: 0.999111
56245: 0.999111
56246: 0.999111
56247: 0.999111
56248: 0.999111
56249: 0.999111
56250: 0.999111
56251: 0.999111
56252: 0.999111
56253: 0.999111
56254: 0.999111
56255: 0.999111
56256: 0.999111
56257: 0.999111
56258: 0.999111
56259: 0.999111
56260: 0.999111
56261: 0.999111
56262: 0.999111
56263: 0.999111
56264: 0.999111
56265: 0.999111
56266: 0.999111
56267: 0.999111
56268: 0.999111
56269: 0.999111
56270: 0.999111
56271: 0.999111
56272: 0.999111
56273: 0.999111
56274: 0.999112
56275: 0.999112
56276: 0.999112
56277: 0.999112
56278: 0.999112
56279: 0.999112
56280: 0.999112
56281: 0.999112
56282: 0.999112
56283: 0.999112
56284: 0.999112
56285: 0.999112
56286: 0.999112
56287: 0.999112
56288: 0.999112
56289: 0.999112
56290: 0.999112
56291: 0.999112
56292: 0.999112
56293: 0.999112
56294: 0.999112
56295: 0.999112
56296: 0.999112
56297: 0.999112
56298: 0.999112
56299: 0.999112
56300: 0.999112
56301: 0.999112
56302: 0.999112
56303: 0.999112
56304: 0.999112
56305: 0.999112
56306: 0.999112
56307: 0.999112
56308: 0.999112
56309: 0.999112
56310: 0.999112
56311: 0.999112
56312: 0.999112
56313: 0.999112
56314: 0.999112
56315: 0.999112
56316: 0.999112
56317: 0.999112
56318: 0.999112
56319: 0.999112
56320: 0.999112
56321: 0.999112
56322: 0.999112
56323: 0.999112
56324: 0.999112
56325: 0.999112
56326: 0.999112
56327: 0.999112
56328: 0.999112
56329: 0.999112
56330: 0.999112
56331: 0.999112
56332: 0.999112
56333: 0.999112
56334: 0.999112
56335: 0.999112
56336: 0.999112
56337: 0.999112
56338: 0.999113
56339: 0.999113
56340: 0.999113
56341: 0.999113
56342: 0.999113
56343: 0.999113
56344: 0.999113
56345: 0.999113
56346: 0.999113
56347: 0.999113
56348: 0.999113
56349: 0.999113
56350: 0.999113
56351: 0.999113
56352: 0.999113
56353: 0.999113
56354: 0.999113
56355: 0.999113
56356: 0.999113
56357: 0.999113
56358: 0.999113
56359: 0.999113
56360: 0.999113
56361: 0.999113
56362: 0.999113
56363: 0.999113
56364: 0.999113
56365: 0.999113
56366: 0.999113
56367: 0.999113
56368: 0.999113
56369: 0.999113
56370: 0.999113
56371: 0.999113
56372: 0.999113
56373: 0.999113
56374: 0.999113
56375: 0.999113
56376: 0.999113
56377: 0.999113
56378: 0.999113
56379: 0.999113
56380: 0.999113
56381: 0.999113
56382: 0.999113
56383: 0.999113
56384: 0.999113
56385: 0.999113
56386: 0.999113
56387: 0.999113
56388: 0.999113
56389: 0.999113
56390: 0.999113
56391: 0.999113
56392: 0.999113
56393: 0.999113
56394: 0.999113
56395: 0.999113
56396: 0.999113
56397: 0.999113
56398: 0.999113
56399: 0.999113
56400: 0.999113
56401: 0.999114
56402: 0.999114
56403: 0.999114
56404: 0.999114
56405: 0.999114
56406: 0.999114
56407: 0.999114
56408: 0.999114
56409: 0.999114
56410: 0.999114
56411: 0.999114
56412: 0.999114
56413: 0.999114
56414: 0.999114
56415: 0.999114
56416: 0.999114
56417: 0.999114
56418: 0.999114
56419: 0.999114
56420: 0.999114
56421: 0.999114
56422: 0.999114
56423: 0.999114
56424: 0.999114
56425: 0.999114
56426: 0.999114
56427: 0.999114
56428: 0.999114
56429: 0.999114
56430: 0.999114
56431: 0.999114
56432: 0.999114
56433: 0.999114
56434: 0.999114
56435: 0.999114
56436: 0.999114
56437: 0.999114
56438: 0.999114
56439: 0.999114
56440: 0.999114
56441: 0.999114
56442: 0.999114
56443: 0.999114
56444: 0.999114
56445: 0.999114
56446: 0.999114
56447: 0.999114
56448: 0.999114
56449: 0.999114
56450: 0.999114
56451: 0.999114
56452: 0.999114
56453: 0.999114
56454: 0.999114
56455: 0.999114
56456: 0.999114
56457: 0.999114
56458: 0.999114
56459: 0.999114
56460: 0.999114
56461: 0.999114
56462: 0.999114
56463: 0.999114
56464: 0.999114
56465: 0.999115
56466: 0.999115
56467: 0.999115
56468: 0.999115
56469: 0.999115
56470: 0.999115
56471: 0.999115
56472: 0.999115
56473: 0.999115
56474: 0.999115
56475: 0.999115
56476: 0.999115
56477: 0.999115
56478: 0.999115
56479: 0.999115
56480: 0.999115
56481: 0.999115
56482: 0.999115
56483: 0.999115
56484: 0.999115
56485: 0.999115
56486: 0.999115
56487: 0.999115
56488: 0.999115
56489: 0.999115
56490: 0.999115
56491: 0.999115
56492: 0.999115
56493: 0.999115
56494: 0.999115
56495: 0.999115
56496: 0.999115
56497: 0.999115
56498: 0.999115
56499: 0.999115
56500: 0.999115
56501: 0.999115
56502: 0.999115
56503: 0.999115
56504: 0.999115
56505: 0.999115
56506: 0.999115
56507: 0.999115
56508: 0.999115
56509: 0.999115
56510: 0.999115
56511: 0.999115
56512: 0.999115
56513: 0.999115
56514: 0.999115
56515: 0.999115
56516: 0.999115
56517: 0.999115
56518: 0.999115
56519: 0.999115
56520: 0.999115
56521: 0.999115
56522: 0.999115
56523: 0.999115
56524: 0.999115
56525: 0.999115
56526: 0.999115
56527: 0.999115
56528: 0.999115
56529: 0.999116
56530: 0.999116
56531: 0.999116
56532: 0.999116
56533: 0.999116
56534: 0.999116
56535: 0.999116
56536: 0.999116
56537: 0.999116
56538: 0.999116
56539: 0.999116
56540: 0.999116
56541: 0.999116
56542: 0.999116
56543: 0.999116
56544: 0.999116
56545: 0.999116
56546: 0.999116
56547: 0.999116
56548: 0.999116
56549: 0.999116
56550: 0.999116
56551: 0.999116
56552: 0.999116
56553: 0.999116
56554: 0.999116
56555: 0.999116
56556: 0.999116
56557: 0.999116
56558: 0.999116
56559: 0.999116
56560: 0.999116
56561: 0.999116
56562: 0.999116
56563: 0.999116
56564: 0.999116
56565: 0.999116
56566: 0.999116
56567: 0.999116
56568: 0.999116
56569: 0.999116
56570: 0.999116
56571: 0.999116
56572: 0.999116
56573: 0.999116
56574: 0.999116
56575: 0.999116
56576: 0.999116
56577: 0.999116
56578: 0.999116
56579: 0.999116
56580: 0.999116
56581: 0.999116
56582: 0.999116
56583: 0.999116
56584: 0.999116
56585: 0.999116
56586: 0.999116
56587: 0.999116
56588: 0.999116
56589: 0.999116
56590: 0.999116
56591: 0.999116
56592: 0.999116
56593: 0.999117
56594: 0.999117
56595: 0.999117
56596: 0.999117
56597: 0.999117
56598: 0.999117
56599: 0.999117
56600: 0.999117
56601: 0.999117
56602: 0.999117
56603: 0.999117
56604: 0.999117
56605: 0.999117
56606: 0.999117
56607: 0.999117
56608: 0.999117
56609: 0.999117
56610: 0.999117
56611: 0.999117
56612: 0.999117
56613: 0.999117
56614: 0.999117
56615: 0.999117
56616: 0.999117
56617: 0.999117
56618: 0.999117
56619: 0.999117
56620: 0.999117
56621: 0.999117
56622: 0.999117
56623: 0.999117
56624: 0.999117
56625: 0.999117
56626: 0.999117
56627: 0.999117
56628: 0.999117
56629: 0.999117
56630: 0.999117
56631: 0.999117
56632: 0.999117
56633: 0.999117
56634: 0.999117
56635: 0.999117
56636: 0.999117
56637: 0.999117
56638: 0.999117
56639: 0.999117
56640: 0.999117
56641: 0.999117
56642: 0.999117
56643: 0.999117
56644: 0.999117
56645: 0.999117
56646: 0.999117
56647: 0.999117
56648: 0.999117
56649: 0.999117
56650: 0.999117
56651: 0.999117
56652: 0.999117
56653: 0.999117
56654: 0.999117
56655: 0.999117
56656: 0.999117
56657: 0.999118
56658: 0.999118
56659: 0.999118
56660: 0.999118
56661: 0.999118
56662: 0.999118
56663: 0.999118
56664: 0.999118
56665: 0.999118
56666: 0.999118
56667: 0.999118
56668: 0.999118
56669: 0.999118
56670: 0.999118
56671: 0.999118
56672: 0.999118
56673: 0.999118
56674: 0.999118
56675: 0.999118
56676: 0.999118
56677: 0.999118
56678: 0.999118
56679: 0.999118
56680: 0.999118
56681: 0.999118
56682: 0.999118
56683: 0.999118
56684: 0.999118
56685: 0.999118
56686: 0.999118
56687: 0.999118
56688: 0.999118
56689: 0.999118
56690: 0.999118
56691: 0.999118
56692: 0.999118
56693: 0.999118
56694: 0.999118
56695: 0.999118
56696: 0.999118
56697: 0.999118
56698: 0.999118
56699: 0.999118
56700: 0.999118
56701: 0.999118
56702: 0.999118
56703: 0.999118
56704: 0.999118
56705: 0.999118
56706: 0.999118
56707: 0.999118
56708: 0.999118
56709: 0.999118
56710: 0.999118
56711: 0.999118
56712: 0.999118
56713: 0.999118
56714: 0.999118
56715: 0.999118
56716: 0.999118
56717: 0.999118
56718: 0.999118
56719: 0.999118
56720: 0.999118
56721: 0.999119
56722: 0.999119
56723: 0.999119
56724: 0.999119
56725: 0.999119
56726: 0.999119
56727: 0.999119
56728: 0.999119
56729: 0.999119
56730: 0.999119
56731: 0.999119
56732: 0.999119
56733: 0.999119
56734: 0.999119
56735: 0.999119
56736: 0.999119
56737: 0.999119
56738: 0.999119
56739: 0.999119
56740: 0.999119
56741: 0.999119
56742: 0.999119
56743: 0.999119
56744: 0.999119
56745: 0.999119
56746: 0.999119
56747: 0.999119
56748: 0.999119
56749: 0.999119
56750: 0.999119
56751: 0.999119
56752: 0.999119
56753: 0.999119
56754: 0.999119
56755: 0.999119
56756: 0.999119
56757: 0.999119
56758: 0.999119
56759: 0.999119
56760: 0.999119
56761: 0.999119
56762: 0.999119
56763: 0.999119
56764: 0.999119
56765: 0.999119
56766: 0.999119
56767: 0.999119
56768: 0.999119
56769: 0.999119
56770: 0.999119
56771: 0.999119
56772: 0.999119
56773: 0.999119
56774: 0.999119
56775: 0.999119
56776: 0.999119
56777: 0.999119
56778: 0.999119
56779: 0.999119
56780: 0.999119
56781: 0.999119
56782: 0.999119
56783: 0.999119
56784: 0.999119
56785: 0.99912
56786: 0.99912
56787: 0.99912
56788: 0.99912
56789: 0.99912
56790: 0.99912
56791: 0.99912
56792: 0.99912
56793: 0.99912
56794: 0.99912
56795: 0.99912
56796: 0.99912
56797: 0.99912
56798: 0.99912
56799: 0.99912
56800: 0.99912
56801: 0.99912
56802: 0.99912
56803: 0.99912
56804: 0.99912
56805: 0.99912
56806: 0.99912
56807: 0.99912
56808: 0.99912
56809: 0.99912
56810: 0.99912
56811: 0.99912
56812: 0.99912
56813: 0.99912
56814: 0.99912
56815: 0.99912
56816: 0.99912
56817: 0.99912
56818: 0.99912
56819: 0.99912
56820: 0.99912
56821: 0.99912
56822: 0.99912
56823: 0.99912
56824: 0.99912
56825: 0.99912
56826: 0.99912
56827: 0.99912
56828: 0.99912
56829: 0.99912
56830: 0.99912
56831: 0.99912
56832: 0.99912
56833: 0.99912
56834: 0.99912
56835: 0.99912
56836: 0.99912
56837: 0.99912
56838: 0.99912
56839: 0.99912
56840: 0.99912
56841: 0.99912
56842: 0.99912
56843: 0.99912
56844: 0.99912
56845: 0.99912
56846: 0.99912
56847: 0.99912
56848: 0.99912
56849: 0.99912
56850: 0.999121
56851: 0.999121
56852: 0.999121
56853: 0.999121
56854: 0.999121
56855: 0.999121
56856: 0.999121
56857: 0.999121
56858: 0.999121
56859: 0.999121
56860: 0.999121
56861: 0.999121
56862: 0.999121
56863: 0.999121
56864: 0.999121
56865: 0.999121
56866: 0.999121
56867: 0.999121
56868: 0.999121
56869: 0.999121
56870: 0.999121
56871: 0.999121
56872: 0.999121
56873: 0.999121
56874: 0.999121
56875: 0.999121
56876: 0.999121
56877: 0.999121
56878: 0.999121
56879: 0.999121
56880: 0.999121
56881: 0.999121
56882: 0.999121
56883: 0.999121
56884: 0.999121
56885: 0.999121
56886: 0.999121
56887: 0.999121
56888: 0.999121
56889: 0.999121
56890: 0.999121
56891: 0.999121
56892: 0.999121
56893: 0.999121
56894: 0.999121
56895: 0.999121
56896: 0.999121
56897: 0.999121
56898: 0.999121
56899: 0.999121
56900: 0.999121
56901: 0.999121
56902: 0.999121
56903: 0.999121
56904: 0.999121
56905: 0.999121
56906: 0.999121
56907: 0.999121
56908: 0.999121
56909: 0.999121
56910: 0.999121
56911: 0.999121
56912: 0.999121
56913: 0.999121
56914: 0.999121
56915: 0.999122
56916: 0.999122
56917: 0.999122
56918: 0.999122
56919: 0.999122
56920: 0.999122
56921: 0.999122
56922: 0.999122
56923: 0.999122
56924: 0.999122
56925: 0.999122
56926: 0.999122
56927: 0.999122
56928: 0.999122
56929: 0.999122
56930: 0.999122
56931: 0.999122
56932: 0.999122
56933: 0.999122
56934: 0.999122
56935: 0.999122
56936: 0.999122
56937: 0.999122
56938: 0.999122
56939: 0.999122
56940: 0.999122
56941: 0.999122
56942: 0.999122
56943: 0.999122
56944: 0.999122
56945: 0.999122
56946: 0.999122
56947: 0.999122
56948: 0.999122
56949: 0.999122
56950: 0.999122
56951: 0.999122
56952: 0.999122
56953: 0.999122
56954: 0.999122
56955: 0.999122
56956: 0.999122
56957: 0.999122
56958: 0.999122
56959: 0.999122
56960: 0.999122
56961: 0.999122
56962: 0.999122
56963: 0.999122
56964: 0.999122
56965: 0.999122
56966: 0.999122
56967: 0.999122
56968: 0.999122
56969: 0.999122
56970: 0.999122
56971: 0.999122
56972: 0.999122
56973: 0.999122
56974: 0.999122
56975: 0.999122
56976: 0.999122
56977: 0.999122
56978: 0.999122
56979: 0.999122
56980: 0.999123
56981: 0.999123
56982: 0.999123
56983: 0.999123
56984: 0.999123
56985: 0.999123
56986: 0.999123
56987: 0.999123
56988: 0.999123
56989: 0.999123
56990: 0.999123
56991: 0.999123
56992: 0.999123
56993: 0.999123
56994: 0.999123
56995: 0.999123
56996: 0.999123
56997: 0.999123
56998: 0.999123
56999: 0.999123
57000: 0.999123
57001: 0.999123
57002: 0.999123
57003: 0.999123
57004: 0.999123
57005: 0.999123
57006: 0.999123
57007: 0.999123
57008: 0.999123
57009: 0.999123
57010: 0.999123
57011: 0.999123
57012: 0.999123
57013: 0.999123
57014: 0.999123
57015: 0.999123
57016: 0.999123
57017: 0.999123
57018: 0.999123
57019: 0.999123
57020: 0.999123
57021: 0.999123
57022: 0.999123
57023: 0.999123
57024: 0.999123
57025: 0.999123
57026: 0.999123
57027: 0.999123
57028: 0.999123
57029: 0.999123
57030: 0.999123
57031: 0.999123
57032: 0.999123
57033: 0.999123
57034: 0.999123
57035: 0.999123
57036: 0.999123
57037: 0.999123
57038: 0.999123
57039: 0.999123
57040: 0.999123
57041: 0.999123
57042: 0.999123
57043: 0.999123
57044: 0.999123
57045: 0.999124
57046: 0.999124
57047: 0.999124
57048: 0.999124
57049: 0.999124
57050: 0.999124
57051: 0.999124
57052: 0.999124
57053: 0.999124
57054: 0.999124
57055: 0.999124
57056: 0.999124
57057: 0.999124
57058: 0.999124
57059: 0.999124
57060: 0.999124
57061: 0.999124
57062: 0.999124
57063: 0.999124
57064: 0.999124
57065: 0.999124
57066: 0.999124
57067: 0.999124
57068: 0.999124
57069: 0.999124
57070: 0.999124
57071: 0.999124
57072: 0.999124
57073: 0.999124
57074: 0.999124
57075: 0.999124
57076: 0.999124
57077: 0.999124
57078: 0.999124
57079: 0.999124
57080: 0.999124
57081: 0.999124
57082: 0.999124
57083: 0.999124
57084: 0.999124
57085: 0.999124
57086: 0.999124
57087: 0.999124
57088: 0.999124
57089: 0.999124
57090: 0.999124
57091: 0.999124
57092: 0.999124
57093: 0.999124
57094: 0.999124
57095: 0.999124
57096: 0.999124
57097: 0.999124
57098: 0.999124
57099: 0.999124
57100: 0.999124
57101: 0.999124
57102: 0.999124
57103: 0.999124
57104: 0.999124
57105: 0.999124
57106: 0.999124
57107: 0.999124
57108: 0.999124
57109: 0.999124
57110: 0.999125
57111: 0.999125
57112: 0.999125
57113: 0.999125
57114: 0.999125
57115: 0.999125
57116: 0.999125
57117: 0.999125
57118: 0.999125
57119: 0.999125
57120: 0.999125
57121: 0.999125
57122: 0.999125
57123: 0.999125
57124: 0.999125
57125: 0.999125
57126: 0.999125
57127: 0.999125
57128: 0.999125
57129: 0.999125
57130: 0.999125
57131: 0.999125
57132: 0.999125
57133: 0.999125
57134: 0.999125
57135: 0.999125
57136: 0.999125
57137: 0.999125
57138: 0.999125
57139: 0.999125
57140: 0.999125
57141: 0.999125
57142: 0.999125
57143: 0.999125
57144: 0.999125
57145: 0.999125
57146: 0.999125
57147: 0.999125
57148: 0.999125
57149: 0.999125
57150: 0.999125
57151: 0.999125
57152: 0.999125
57153: 0.999125
57154: 0.999125
57155: 0.999125
57156: 0.999125
57157: 0.999125
57158: 0.999125
57159: 0.999125
57160: 0.999125
57161: 0.999125
57162: 0.999125
57163: 0.999125
57164: 0.999125
57165: 0.999125
57166: 0.999125
57167: 0.999125
57168: 0.999125
57169: 0.999125
57170: 0.999125
57171: 0.999125
57172: 0.999125
57173: 0.999125
57174: 0.999125
57175: 0.999126
57176: 0.999126
57177: 0.999126
57178: 0.999126
57179: 0.999126
57180: 0.999126
57181: 0.999126
57182: 0.999126
57183: 0.999126
57184: 0.999126
57185: 0.999126
57186: 0.999126
57187: 0.999126
57188: 0.999126
57189: 0.999126
57190: 0.999126
57191: 0.999126
57192: 0.999126
57193: 0.999126
57194: 0.999126
57195: 0.999126
57196: 0.999126
57197: 0.999126
57198: 0.999126
57199: 0.999126
57200: 0.999126
57201: 0.999126
57202: 0.999126
57203: 0.999126
57204: 0.999126
57205: 0.999126
57206: 0.999126
57207: 0.999126
57208: 0.999126
57209: 0.999126
57210: 0.999126
57211: 0.999126
57212: 0.999126
57213: 0.999126
57214: 0.999126
57215: 0.999126
57216: 0.999126
57217: 0.999126
57218: 0.999126
57219: 0.999126
57220: 0.999126
57221: 0.999126
57222: 0.999126
57223: 0.999126
57224: 0.999126
57225: 0.999126
57226: 0.999126
57227: 0.999126
57228: 0.999126
57229: 0.999126
57230: 0.999126
57231: 0.999126
57232: 0.999126
57233: 0.999126
57234: 0.999126
57235: 0.999126
57236: 0.999126
57237: 0.999126
57238: 0.999126
57239: 0.999126
57240: 0.999127
57241: 0.999127
57242: 0.999127
57243: 0.999127
57244: 0.999127
57245: 0.999127
57246: 0.999127
57247: 0.999127
57248: 0.999127
57249: 0.999127
57250: 0.999127
57251: 0.999127
57252: 0.999127
57253: 0.999127
57254: 0.999127
57255: 0.999127
57256: 0.999127
57257: 0.999127
57258: 0.999127
57259: 0.999127
57260: 0.999127
57261: 0.999127
57262: 0.999127
57263: 0.999127
57264: 0.999127
57265: 0.999127
57266: 0.999127
57267: 0.999127
57268: 0.999127
57269: 0.999127
57270: 0.999127
57271: 0.999127
57272: 0.999127
57273: 0.999127
57274: 0.999127
57275: 0.999127
57276: 0.999127
57277: 0.999127
57278: 0.999127
57279: 0.999127
57280: 0.999127
57281: 0.999127
57282: 0.999127
57283: 0.999127
57284: 0.999127
57285: 0.999127
57286: 0.999127
57287: 0.999127
57288: 0.999127
57289: 0.999127
57290: 0.999127
57291: 0.999127
57292: 0.999127
57293: 0.999127
57294: 0.999127
57295: 0.999127
57296: 0.999127
57297: 0.999127
57298: 0.999127
57299: 0.999127
57300: 0.999127
57301: 0.999127
57302: 0.999127
57303: 0.999127
57304: 0.999127
57305: 0.999127
57306: 0.999128
57307: 0.999128
57308: 0.999128
57309: 0.999128
57310: 0.999128
57311: 0.999128
57312: 0.999128
57313: 0.999128
57314: 0.999128
57315: 0.999128
57316: 0.999128
57317: 0.999128
57318: 0.999128
57319: 0.999128
57320: 0.999128
57321: 0.999128
57322: 0.999128
57323: 0.999128
57324: 0.999128
57325: 0.999128
57326: 0.999128
57327: 0.999128
57328: 0.999128
57329: 0.999128
57330: 0.999128
57331: 0.999128
57332: 0.999128
57333: 0.999128
57334: 0.999128
57335: 0.999128
57336: 0.999128
57337: 0.999128
57338: 0.999128
57339: 0.999128
57340: 0.999128
57341: 0.999128
57342: 0.999128
57343: 0.999128
57344: 0.999128
57345: 0.999128
57346: 0.999128
57347: 0.999128
57348: 0.999128
57349: 0.999128
57350: 0.999128
57351: 0.999128
57352: 0.999128
57353: 0.999128
57354: 0.999128
57355: 0.999128
57356: 0.999128
57357: 0.999128
57358: 0.999128
57359: 0.999128
57360: 0.999128
57361: 0.999128
57362: 0.999128
57363: 0.999128
57364: 0.999128
57365: 0.999128
57366: 0.999128
57367: 0.999128
57368: 0.999128
57369: 0.999128
57370: 0.999128
57371: 0.999128
57372: 0.999129
57373: 0.999129
57374: 0.999129
57375: 0.999129
57376: 0.999129
57377: 0.999129
57378: 0.999129
57379: 0.999129
57380: 0.999129
57381: 0.999129
57382: 0.999129
57383: 0.999129
57384: 0.999129
57385: 0.999129
57386: 0.999129
57387: 0.999129
57388: 0.999129
57389: 0.999129
57390: 0.999129
57391: 0.999129
57392: 0.999129
57393: 0.999129
57394: 0.999129
57395: 0.999129
57396: 0.999129
57397: 0.999129
57398: 0.999129
57399: 0.999129
57400: 0.999129
57401: 0.999129
57402: 0.999129
57403: 0.999129
57404: 0.999129
57405: 0.999129
57406: 0.999129
57407: 0.999129
57408: 0.999129
57409: 0.999129
57410: 0.999129
57411: 0.999129
57412: 0.999129
57413: 0.999129
57414: 0.999129
57415: 0.999129
57416: 0.999129
57417: 0.999129
57418: 0.999129
57419: 0.999129
57420: 0.999129
57421: 0.999129
57422: 0.999129
57423: 0.999129
57424: 0.999129
57425: 0.999129
57426: 0.999129
57427: 0.999129
57428: 0.999129
57429: 0.999129
57430: 0.999129
57431: 0.999129
57432: 0.999129
57433: 0.999129
57434: 0.999129
57435: 0.999129
57436: 0.999129
57437: 0.999129
57438: 0.99913
57439: 0.99913
57440: 0.99913
57441: 0.99913
57442: 0.99913
57443: 0.99913
57444: 0.99913
57445: 0.99913
57446: 0.99913
57447: 0.99913
57448: 0.99913
57449: 0.99913
57450: 0.99913
57451: 0.99913
57452: 0.99913
57453: 0.99913
57454: 0.99913
57455: 0.99913
57456: 0.99913
57457: 0.99913
57458: 0.99913
57459: 0.99913
57460: 0.99913
57461: 0.99913
57462: 0.99913
57463: 0.99913
57464: 0.99913
57465: 0.99913
57466: 0.99913
57467: 0.99913
57468: 0.99913
57469: 0.99913
57470: 0.99913
57471: 0.99913
57472: 0.99913
57473: 0.99913
57474: 0.99913
57475: 0.99913
57476: 0.99913
57477: 0.99913
57478: 0.99913
57479: 0.99913
57480: 0.99913
57481: 0.99913
57482: 0.99913
57483: 0.99913
57484: 0.99913
57485: 0.99913
57486: 0.99913
57487: 0.99913
57488: 0.99913
57489: 0.99913
57490: 0.99913
57491: 0.99913
57492: 0.99913
57493: 0.99913
57494: 0.99913
57495: 0.99913
57496: 0.99913
57497: 0.99913
57498: 0.99913
57499: 0.99913
57500: 0.99913
57501: 0.99913
57502: 0.99913
57503: 0.99913
57504: 0.999131
57505: 0.999131
57506: 0.999131
57507: 0.999131
57508: 0.999131
57509: 0.999131
57510: 0.999131
57511: 0.999131
57512: 0.999131
57513: 0.999131
57514: 0.999131
57515: 0.999131
57516: 0.999131
57517: 0.999131
57518: 0.999131
57519: 0.999131
57520: 0.999131
57521: 0.999131
57522: 0.999131
57523: 0.999131
57524: 0.999131
57525: 0.999131
57526: 0.999131
57527: 0.999131
57528: 0.999131
57529: 0.999131
57530: 0.999131
57531: 0.999131
57532: 0.999131
57533: 0.999131
57534: 0.999131
57535: 0.999131
57536: 0.999131
57537: 0.999131
57538: 0.999131
57539: 0.999131
57540: 0.999131
57541: 0.999131
57542: 0.999131
57543: 0.999131
57544: 0.999131
57545: 0.999131
57546: 0.999131
57547: 0.999131
57548: 0.999131
57549: 0.999131
57550: 0.999131
57551: 0.999131
57552: 0.999131
57553: 0.999131
57554: 0.999131
57555: 0.999131
57556: 0.999131
57557: 0.999131
57558: 0.999131
57559: 0.999131
57560: 0.999131
57561: 0.999131
57562: 0.999131
57563: 0.999131
57564: 0.999131
57565: 0.999131
57566: 0.999131
57567: 0.999131
57568: 0.999131
57569: 0.999131
57570: 0.999132
57571: 0.999132
57572: 0.999132
57573: 0.999132
57574: 0.999132
57575: 0.999132
57576: 0.999132
57577: 0.999132
57578: 0.999132
57579: 0.999132
57580: 0.999132
57581: 0.999132
57582: 0.999132
57583: 0.999132
57584: 0.999132
57585: 0.999132
57586: 0.999132
57587: 0.999132
57588: 0.999132
57589: 0.999132
57590: 0.999132
57591: 0.999132
57592: 0.999132
57593: 0.999132
57594: 0.999132
57595: 0.999132
57596: 0.999132
57597: 0.999132
57598: 0.999132
57599: 0.999132
57600: 0.999132
57601: 0.999132
57602: 0.999132
57603: 0.999132
57604: 0.999132
57605: 0.999132
57606: 0.999132
57607: 0.999132
57608: 0.999132
57609: 0.999132
57610: 0.999132
57611: 0.999132
57612: 0.999132
57613: 0.999132
57614: 0.999132
57615: 0.999132
57616: 0.999132
57617: 0.999132
57618: 0.999132
57619: 0.999132
57620: 0.999132
57621: 0.999132
57622: 0.999132
57623: 0.999132
57624: 0.999132
57625: 0.999132
57626: 0.999132
57627: 0.999132
57628: 0.999132
57629: 0.999132
57630: 0.999132
57631: 0.999132
57632: 0.999132
57633: 0.999132
57634: 0.999132
57635: 0.999132
57636: 0.999133
57637: 0.999133
57638: 0.999133
57639: 0.999133
57640: 0.999133
57641: 0.999133
57642: 0.999133
57643: 0.999133
57644: 0.999133
57645: 0.999133
57646: 0.999133
57647: 0.999133
57648: 0.999133
57649: 0.999133
57650: 0.999133
57651: 0.999133
57652: 0.999133
57653: 0.999133
57654: 0.999133
57655: 0.999133
57656: 0.999133
57657: 0.999133
57658: 0.999133
57659: 0.999133
57660: 0.999133
57661: 0.999133
57662: 0.999133
57663: 0.999133
57664: 0.999133
57665: 0.999133
57666: 0.999133
57667: 0.999133
57668: 0.999133
57669: 0.999133
57670: 0.999133
57671: 0.999133
57672: 0.999133
57673: 0.999133
57674: 0.999133
57675: 0.999133
57676: 0.999133
57677: 0.999133
57678: 0.999133
57679: 0.999133
57680: 0.999133
57681: 0.999133
57682: 0.999133
57683: 0.999133
57684: 0.999133
57685: 0.999133
57686: 0.999133
57687: 0.999133
57688: 0.999133
57689: 0.999133
57690: 0.999133
57691: 0.999133
57692: 0.999133
57693: 0.999133
57694: 0.999133
57695: 0.999133
57696: 0.999133
57697: 0.999133
57698: 0.999133
57699: 0.999133
57700: 0.999133
57701: 0.999133
57702: 0.999133
57703: 0.999134
57704: 0.999134
57705: 0.999134
57706: 0.999134
57707: 0.999134
57708: 0.999134
57709: 0.999134
57710: 0.999134
57711: 0.999134
57712: 0.999134
57713: 0.999134
57714: 0.999134
57715: 0.999134
57716: 0.999134
57717: 0.999134
57718: 0.999134
57719: 0.999134
57720: 0.999134
57721: 0.999134
57722: 0.999134
57723: 0.999134
57724: 0.999134
57725: 0.999134
57726: 0.999134
57727: 0.999134
57728: 0.999134
57729: 0.999134
57730: 0.999134
57731: 0.999134
57732: 0.999134
57733: 0.999134
57734: 0.999134
57735: 0.999134
57736: 0.999134
57737: 0.999134
57738: 0.999134
57739: 0.999134
57740: 0.999134
57741: 0.999134
57742: 0.999134
57743: 0.999134
57744: 0.999134
57745: 0.999134
57746: 0.999134
57747: 0.999134
57748: 0.999134
57749: 0.999134
57750: 0.999134
57751: 0.999134
57752: 0.999134
57753: 0.999134
57754: 0.999134
57755: 0.999134
57756: 0.999134
57757: 0.999134
57758: 0.999134
57759: 0.999134
57760: 0.999134
57761: 0.999134
57762: 0.999134
57763: 0.999134
57764: 0.999134
57765: 0.999134
57766: 0.999134
57767: 0.999134
57768: 0.999134
57769: 0.999134
57770: 0.999135
57771: 0.999135
57772: 0.999135
57773: 0.999135
57774: 0.999135
57775: 0.999135
57776: 0.999135
57777: 0.999135
57778: 0.999135
57779: 0.999135
57780: 0.999135
57781: 0.999135
57782: 0.999135
57783: 0.999135
57784: 0.999135
57785: 0.999135
57786: 0.999135
57787: 0.999135
57788: 0.999135
57789: 0.999135
57790: 0.999135
57791: 0.999135
57792: 0.999135
57793: 0.999135
57794: 0.999135
57795: 0.999135
57796: 0.999135
57797: 0.999135
57798: 0.999135
57799: 0.999135
57800: 0.999135
57801: 0.999135
57802: 0.999135
57803: 0.999135
57804: 0.999135
57805: 0.999135
57806: 0.999135
57807: 0.999135
57808: 0.999135
57809: 0.999135
57810: 0.999135
57811: 0.999135
57812: 0.999135
57813: 0.999135
57814: 0.999135
57815: 0.999135
57816: 0.999135
57817: 0.999135
57818: 0.999135
57819: 0.999135
57820: 0.999135
57821: 0.999135
57822: 0.999135
57823: 0.999135
57824: 0.999135
57825: 0.999135
57826: 0.999135
57827: 0.999135
57828: 0.999135
57829: 0.999135
57830: 0.999135
57831: 0.999135
57832: 0.999135
57833: 0.999135
57834: 0.999135
57835: 0.999135
57836: 0.999136
57837: 0.999136
57838: 0.999136
57839: 0.999136
57840: 0.999136
57841: 0.999136
57842: 0.999136
57843: 0.999136
57844: 0.999136
57845: 0.999136
57846: 0.999136
57847: 0.999136
57848: 0.999136
57849: 0.999136
57850: 0.999136
57851: 0.999136
57852: 0.999136
57853: 0.999136
57854: 0.999136
57855: 0.999136
57856: 0.999136
57857: 0.999136
57858: 0.999136
57859: 0.999136
57860: 0.999136
57861: 0.999136
57862: 0.999136
57863: 0.999136
57864: 0.999136
57865: 0.999136
57866: 0.999136
57867: 0.999136
57868: 0.999136
57869: 0.999136
57870: 0.999136
57871: 0.999136
57872: 0.999136
57873: 0.999136
57874: 0.999136
57875: 0.999136
57876: 0.999136
57877: 0.999136
57878: 0.999136
57879: 0.999136
57880: 0.999136
57881: 0.999136
57882: 0.999136
57883: 0.999136
57884: 0.999136
57885: 0.999136
57886: 0.999136
57887: 0.999136
57888: 0.999136
57889: 0.999136
57890: 0.999136
57891: 0.999136
57892: 0.999136
57893: 0.999136
57894: 0.999136
57895: 0.999136
57896: 0.999136
57897: 0.999136
57898: 0.999136
57899: 0.999136
57900: 0.999136
57901: 0.999136
57902: 0.999136
57903: 0.999137
57904: 0.999137
57905: 0.999137
57906: 0.999137
57907: 0.999137
57908: 0.999137
57909: 0.999137
57910: 0.999137
57911: 0.999137
57912: 0.999137
57913: 0.999137
57914: 0.999137
57915: 0.999137
57916: 0.999137
57917: 0.999137
57918: 0.999137
57919: 0.999137
57920: 0.999137
57921: 0.999137
57922: 0.999137
57923: 0.999137
57924: 0.999137
57925: 0.999137
57926: 0.999137
57927: 0.999137
57928: 0.999137
57929: 0.999137
57930: 0.999137
57931: 0.999137
57932: 0.999137
57933: 0.999137
57934: 0.999137
57935: 0.999137
57936: 0.999137
57937: 0.999137
57938: 0.999137
57939: 0.999137
57940: 0.999137
57941: 0.999137
57942: 0.999137
57943: 0.999137
57944: 0.999137
57945: 0.999137
57946: 0.999137
57947: 0.999137
57948: 0.999137
57949: 0.999137
57950: 0.999137
57951: 0.999137
57952: 0.999137
57953: 0.999137
57954: 0.999137
57955: 0.999137
57956: 0.999137
57957: 0.999137
57958: 0.999137
57959: 0.999137
57960: 0.999137
57961: 0.999137
57962: 0.999137
57963: 0.999137
57964: 0.999137
57965: 0.999137
57966: 0.999137
57967: 0.999137
57968: 0.999137
57969: 0.999137
57970: 0.999137
57971: 0.999138
57972: 0.999138
57973: 0.999138
57974: 0.999138
57975: 0.999138
57976: 0.999138
57977: 0.999138
57978: 0.999138
57979: 0.999138
57980: 0.999138
57981: 0.999138
57982: 0.999138
57983: 0.999138
57984: 0.999138
57985: 0.999138
57986: 0.999138
57987: 0.999138
57988: 0.999138
57989: 0.999138
57990: 0.999138
57991: 0.999138
57992: 0.999138
57993: 0.999138
57994: 0.999138
57995: 0.999138
57996: 0.999138
57997: 0.999138
57998: 0.999138
57999: 0.999138
58000: 0.999138
58001: 0.999138
58002: 0.999138
58003: 0.999138
58004: 0.999138
58005: 0.999138
58006: 0.999138
58007: 0.999138
58008: 0.999138
58009: 0.999138
58010: 0.999138
58011: 0.999138
58012: 0.999138
58013: 0.999138
58014: 0.999138
58015: 0.999138
58016: 0.999138
58017: 0.999138
58018: 0.999138
58019: 0.999138
58020: 0.999138
58021: 0.999138
58022: 0.999138
58023: 0.999138
58024: 0.999138
58025: 0.999138
58026: 0.999138
58027: 0.999138
58028: 0.999138
58029: 0.999138
58030: 0.999138
58031: 0.999138
58032: 0.999138
58033: 0.999138
58034: 0.999138
58035: 0.999138
58036: 0.999138
58037: 0.999138
58038: 0.999139
58039: 0.999139
58040: 0.999139
58041: 0.999139
58042: 0.999139
58043: 0.999139
58044: 0.999139
58045: 0.999139
58046: 0.999139
58047: 0.999139
58048: 0.999139
58049: 0.999139
58050: 0.999139
58051: 0.999139
58052: 0.999139
58053: 0.999139
58054: 0.999139
58055: 0.999139
58056: 0.999139
58057: 0.999139
58058: 0.999139
58059: 0.999139
58060: 0.999139
58061: 0.999139
58062: 0.999139
58063: 0.999139
58064: 0.999139
58065: 0.999139
58066: 0.999139
58067: 0.999139
58068: 0.999139
58069: 0.999139
58070: 0.999139
58071: 0.999139
58072: 0.999139
58073: 0.999139
58074: 0.999139
58075: 0.999139
58076: 0.999139
58077: 0.999139
58078: 0.999139
58079: 0.999139
58080: 0.999139
58081: 0.999139
58082: 0.999139
58083: 0.999139
58084: 0.999139
58085: 0.999139
58086: 0.999139
58087: 0.999139
58088: 0.999139
58089: 0.999139
58090: 0.999139
58091: 0.999139
58092: 0.999139
58093: 0.999139
58094: 0.999139
58095: 0.999139
58096: 0.999139
58097: 0.999139
58098: 0.999139
58099: 0.999139
58100: 0.999139
58101: 0.999139
58102: 0.999139
58103: 0.999139
58104: 0.999139
58105: 0.99914
58106: 0.99914
58107: 0.99914
58108: 0.99914
58109: 0.99914
58110: 0.99914
58111: 0.99914
58112: 0.99914
58113: 0.99914
58114: 0.99914
58115: 0.99914
58116: 0.99914
58117: 0.99914
58118: 0.99914
58119: 0.99914
58120: 0.99914
58121: 0.99914
58122: 0.99914
58123: 0.99914
58124: 0.99914
58125: 0.99914
58126: 0.99914
58127: 0.99914
58128: 0.99914
58129: 0.99914
58130: 0.99914
58131: 0.99914
58132: 0.99914
58133: 0.99914
58134: 0.99914
58135: 0.99914
58136: 0.99914
58137: 0.99914
58138: 0.99914
58139: 0.99914
58140: 0.99914
58141: 0.99914
58142: 0.99914
58143: 0.99914
58144: 0.99914
58145: 0.99914
58146: 0.99914
58147: 0.99914
58148: 0.99914
58149: 0.99914
58150: 0.99914
58151: 0.99914
58152: 0.99914
58153: 0.99914
58154: 0.99914
58155: 0.99914
58156: 0.99914
58157: 0.99914
58158: 0.99914
58159: 0.99914
58160: 0.99914
58161: 0.99914
58162: 0.99914
58163: 0.99914
58164: 0.99914
58165: 0.99914
58166: 0.99914
58167: 0.99914
58168: 0.99914
58169: 0.99914
58170: 0.99914
58171: 0.99914
58172: 0.99914
58173: 0.999141
58174: 0.999141
58175: 0.999141
58176: 0.999141
58177: 0.999141
58178: 0.999141
58179: 0.999141
58180: 0.999141
58181: 0.999141
58182: 0.999141
58183: 0.999141
58184: 0.999141
58185: 0.999141
58186: 0.999141
58187: 0.999141
58188: 0.999141
58189: 0.999141
58190: 0.999141
58191: 0.999141
58192: 0.999141
58193: 0.999141
58194: 0.999141
58195: 0.999141
58196: 0.999141
58197: 0.999141
58198: 0.999141
58199: 0.999141
58200: 0.999141
58201: 0.999141
58202: 0.999141
58203: 0.999141
58204: 0.999141
58205: 0.999141
58206: 0.999141
58207: 0.999141
58208: 0.999141
58209: 0.999141
58210: 0.999141
58211: 0.999141
58212: 0.999141
58213: 0.999141
58214: 0.999141
58215: 0.999141
58216: 0.999141
58217: 0.999141
58218: 0.999141
58219: 0.999141
58220: 0.999141
58221: 0.999141
58222: 0.999141
58223: 0.999141
58224: 0.999141
58225: 0.999141
58226: 0.999141
58227: 0.999141
58228: 0.999141
58229: 0.999141
58230: 0.999141
58231: 0.999141
58232: 0.999141
58233: 0.999141
58234: 0.999141
58235: 0.999141
58236: 0.999141
58237: 0.999141
58238: 0.999141
58239: 0.999141
58240: 0.999141
58241: 0.999142
58242: 0.999142
58243: 0.999142
58244: 0.999142
58245: 0.999142
58246: 0.999142
58247: 0.999142
58248: 0.999142
58249: 0.999142
58250: 0.999142
58251: 0.999142
58252: 0.999142
58253: 0.999142
58254: 0.999142
58255: 0.999142
58256: 0.999142
58257: 0.999142
58258: 0.999142
58259: 0.999142
58260: 0.999142
58261: 0.999142
58262: 0.999142
58263: 0.999142
58264: 0.999142
58265: 0.999142
58266: 0.999142
58267: 0.999142
58268: 0.999142
58269: 0.999142
58270: 0.999142
58271: 0.999142
58272: 0.999142
58273: 0.999142
58274: 0.999142
58275: 0.999142
58276: 0.999142
58277: 0.999142
58278: 0.999142
58279: 0.999142
58280: 0.999142
58281: 0.999142
58282: 0.999142
58283: 0.999142
58284: 0.999142
58285: 0.999142
58286: 0.999142
58287: 0.999142
58288: 0.999142
58289: 0.999142
58290: 0.999142
58291: 0.999142
58292: 0.999142
58293: 0.999142
58294: 0.999142
58295: 0.999142
58296: 0.999142
58297: 0.999142
58298: 0.999142
58299: 0.999142
58300: 0.999142
58301: 0.999142
58302: 0.999142
58303: 0.999142
58304: 0.999142
58305: 0.999142
58306: 0.999142
58307: 0.999142
58308: 0.999142
58309: 0.999143
58310: 0.999143
58311: 0.999143
58312: 0.999143
58313: 0.999143
58314: 0.999143
58315: 0.999143
58316: 0.999143
58317: 0.999143
58318: 0.999143
58319: 0.999143
58320: 0.999143
58321: 0.999143
58322: 0.999143
58323: 0.999143
58324: 0.999143
58325: 0.999143
58326: 0.999143
58327: 0.999143
58328: 0.999143
58329: 0.999143
58330: 0.999143
58331: 0.999143
58332: 0.999143
58333: 0.999143
58334: 0.999143
58335: 0.999143
58336: 0.999143
58337: 0.999143
58338: 0.999143
58339: 0.999143
58340: 0.999143
58341: 0.999143
58342: 0.999143
58343: 0.999143
58344: 0.999143
58345: 0.999143
58346: 0.999143
58347: 0.999143
58348: 0.999143
58349: 0.999143
58350: 0.999143
58351: 0.999143
58352: 0.999143
58353: 0.999143
58354: 0.999143
58355: 0.999143
58356: 0.999143
58357: 0.999143
58358: 0.999143
58359: 0.999143
58360: 0.999143
58361: 0.999143
58362: 0.999143
58363: 0.999143
58364: 0.999143
58365: 0.999143
58366: 0.999143
58367: 0.999143
58368: 0.999143
58369: 0.999143
58370: 0.999143
58371: 0.999143
58372: 0.999143
58373: 0.999143
58374: 0.999143
58375: 0.999143
58376: 0.999143
58377: 0.999144
58378: 0.999144
58379: 0.999144
58380: 0.999144
58381: 0.999144
58382: 0.999144
58383: 0.999144
58384: 0.999144
58385: 0.999144
58386: 0.999144
58387: 0.999144
58388: 0.999144
58389: 0.999144
58390: 0.999144
58391: 0.999144
58392: 0.999144
58393: 0.999144
58394: 0.999144
58395: 0.999144
58396: 0.999144
58397: 0.999144
58398: 0.999144
58399: 0.999144
58400: 0.999144
58401: 0.999144
58402: 0.999144
58403: 0.999144
58404: 0.999144
58405: 0.999144
58406: 0.999144
58407: 0.999144
58408: 0.999144
58409: 0.999144
58410: 0.999144
58411: 0.999144
58412: 0.999144
58413: 0.999144
58414: 0.999144
58415: 0.999144
58416: 0.999144
58417: 0.999144
58418: 0.999144
58419: 0.999144
58420: 0.999144
58421: 0.999144
58422: 0.999144
58423: 0.999144
58424: 0.999144
58425: 0.999144
58426: 0.999144
58427: 0.999144
58428: 0.999144
58429: 0.999144
58430: 0.999144
58431: 0.999144
58432: 0.999144
58433: 0.999144
58434: 0.999144
58435: 0.999144
58436: 0.999144
58437: 0.999144
58438: 0.999144
58439: 0.999144
58440: 0.999144
58441: 0.999144
58442: 0.999144
58443: 0.999144
58444: 0.999144
58445: 0.999145
58446: 0.999145
58447: 0.999145
58448: 0.999145
58449: 0.999145
58450: 0.999145
58451: 0.999145
58452: 0.999145
58453: 0.999145
58454: 0.999145
58455: 0.999145
58456: 0.999145
58457: 0.999145
58458: 0.999145
58459: 0.999145
58460: 0.999145
58461: 0.999145
58462: 0.999145
58463: 0.999145
58464: 0.999145
58465: 0.999145
58466: 0.999145
58467: 0.999145
58468: 0.999145
58469: 0.999145
58470: 0.999145
58471: 0.999145
58472: 0.999145
58473: 0.999145
58474: 0.999145
58475: 0.999145
58476: 0.999145
58477: 0.999145
58478: 0.999145
58479: 0.999145
58480: 0.999145
58481: 0.999145
58482: 0.999145
58483: 0.999145
58484: 0.999145
58485: 0.999145
58486: 0.999145
58487: 0.999145
58488: 0.999145
58489: 0.999145
58490: 0.999145
58491: 0.999145
58492: 0.999145
58493: 0.999145
58494: 0.999145
58495: 0.999145
58496: 0.999145
58497: 0.999145
58498: 0.999145
58499: 0.999145
58500: 0.999145
58501: 0.999145
58502: 0.999145
58503: 0.999145
58504: 0.999145
58505: 0.999145
58506: 0.999145
58507: 0.999145
58508: 0.999145
58509: 0.999145
58510: 0.999145
58511: 0.999145
58512: 0.999145
58513: 0.999146
58514: 0.999146
58515: 0.999146
58516: 0.999146
58517: 0.999146
58518: 0.999146
58519: 0.999146
58520: 0.999146
58521: 0.999146
58522: 0.999146
58523: 0.999146
58524: 0.999146
58525: 0.999146
58526: 0.999146
58527: 0.999146
58528: 0.999146
58529: 0.999146
58530: 0.999146
58531: 0.999146
58532: 0.999146
58533: 0.999146
58534: 0.999146
58535: 0.999146
58536: 0.999146
58537: 0.999146
58538: 0.999146
58539: 0.999146
58540: 0.999146
58541: 0.999146
58542: 0.999146
58543: 0.999146
58544: 0.999146
58545: 0.999146
58546: 0.999146
58547: 0.999146
58548: 0.999146
58549: 0.999146
58550: 0.999146
58551: 0.999146
58552: 0.999146
58553: 0.999146
58554: 0.999146
58555: 0.999146
58556: 0.999146
58557: 0.999146
58558: 0.999146
58559: 0.999146
58560: 0.999146
58561: 0.999146
58562: 0.999146
58563: 0.999146
58564: 0.999146
58565: 0.999146
58566: 0.999146
58567: 0.999146
58568: 0.999146
58569: 0.999146
58570: 0.999146
58571: 0.999146
58572: 0.999146
58573: 0.999146
58574: 0.999146
58575: 0.999146
58576: 0.999146
58577: 0.999146
58578: 0.999146
58579: 0.999146
58580: 0.999146
58581: 0.999146
58582: 0.999147
58583: 0.999147
58584: 0.999147
58585: 0.999147
58586: 0.999147
58587: 0.999147
58588: 0.999147
58589: 0.999147
58590: 0.999147
58591: 0.999147
58592: 0.999147
58593: 0.999147
58594: 0.999147
58595: 0.999147
58596: 0.999147
58597: 0.999147
58598: 0.999147
58599: 0.999147
58600: 0.999147
58601: 0.999147
58602: 0.999147
58603: 0.999147
58604: 0.999147
58605: 0.999147
58606: 0.999147
58607: 0.999147
58608: 0.999147
58609: 0.999147
58610: 0.999147
58611: 0.999147
58612: 0.999147
58613: 0.999147
58614: 0.999147
58615: 0.999147
58616: 0.999147
58617: 0.999147
58618: 0.999147
58619: 0.999147
58620: 0.999147
58621: 0.999147
58622: 0.999147
58623: 0.999147
58624: 0.999147
58625: 0.999147
58626: 0.999147
58627: 0.999147
58628: 0.999147
58629: 0.999147
58630: 0.999147
58631: 0.999147
58632: 0.999147
58633: 0.999147
58634: 0.999147
58635: 0.999147
58636: 0.999147
58637: 0.999147
58638: 0.999147
58639: 0.999147
58640: 0.999147
58641: 0.999147
58642: 0.999147
58643: 0.999147
58644: 0.999147
58645: 0.999147
58646: 0.999147
58647: 0.999147
58648: 0.999147
58649: 0.999147
58650: 0.999147
58651: 0.999148
58652: 0.999148
58653: 0.999148
58654: 0.999148
58655: 0.999148
58656: 0.999148
58657: 0.999148
58658: 0.999148
58659: 0.999148
58660: 0.999148
58661: 0.999148
58662: 0.999148
58663: 0.999148
58664: 0.999148
58665: 0.999148
58666: 0.999148
58667: 0.999148
58668: 0.999148
58669: 0.999148
58670: 0.999148
58671: 0.999148
58672: 0.999148
58673: 0.999148
58674: 0.999148
58675: 0.999148
58676: 0.999148
58677: 0.999148
58678: 0.999148
58679: 0.999148
58680: 0.999148
58681: 0.999148
58682: 0.999148
58683: 0.999148
58684: 0.999148
58685: 0.999148
58686: 0.999148
58687: 0.999148
58688: 0.999148
58689: 0.999148
58690: 0.999148
58691: 0.999148
58692: 0.999148
58693: 0.999148
58694: 0.999148
58695: 0.999148
58696: 0.999148
58697: 0.999148
58698: 0.999148
58699: 0.999148
58700: 0.999148
58701: 0.999148
58702: 0.999148
58703: 0.999148
58704: 0.999148
58705: 0.999148
58706: 0.999148
58707: 0.999148
58708: 0.999148
58709: 0.999148
58710: 0.999148
58711: 0.999148
58712: 0.999148
58713: 0.999148
58714: 0.999148
58715: 0.999148
58716: 0.999148
58717: 0.999148
58718: 0.999148
58719: 0.999149
58720: 0.999149
58721: 0.999149
58722: 0.999149
58723: 0.999149
58724: 0.999149
58725: 0.999149
58726: 0.999149
58727: 0.999149
58728: 0.999149
58729: 0.999149
58730: 0.999149
58731: 0.999149
58732: 0.999149
58733: 0.999149
58734: 0.999149
58735: 0.999149
58736: 0.999149
58737: 0.999149
58738: 0.999149
58739: 0.999149
58740: 0.999149
58741: 0.999149
58742: 0.999149
58743: 0.999149
58744: 0.999149
58745: 0.999149
58746: 0.999149
58747: 0.999149
58748: 0.999149
58749: 0.999149
58750: 0.999149
58751: 0.999149
58752: 0.999149
58753: 0.999149
58754: 0.999149
58755: 0.999149
58756: 0.999149
58757: 0.999149
58758: 0.999149
58759: 0.999149
58760: 0.999149
58761: 0.999149
58762: 0.999149
58763: 0.999149
58764: 0.999149
58765: 0.999149
58766: 0.999149
58767: 0.999149
58768: 0.999149
58769: 0.999149
58770: 0.999149
58771: 0.999149
58772: 0.999149
58773: 0.999149
58774: 0.999149
58775: 0.999149
58776: 0.999149
58777: 0.999149
58778: 0.999149
58779: 0.999149
58780: 0.999149
58781: 0.999149
58782: 0.999149
58783: 0.999149
58784: 0.999149
58785: 0.999149
58786: 0.999149
58787: 0.999149
58788: 0.99915
58789: 0.99915
58790: 0.99915
58791: 0.99915
58792: 0.99915
58793: 0.99915
58794: 0.99915
58795: 0.99915
58796: 0.99915
58797: 0.99915
58798: 0.99915
58799: 0.99915
58800: 0.99915
58801: 0.99915
58802: 0.99915
58803: 0.99915
58804: 0.99915
58805: 0.99915
58806: 0.99915
58807: 0.99915
58808: 0.99915
58809: 0.99915
58810: 0.99915
58811: 0.99915
58812: 0.99915
58813: 0.99915
58814: 0.99915
58815: 0.99915
58816: 0.99915
58817: 0.99915
58818: 0.99915
58819: 0.99915
58820: 0.99915
58821: 0.99915
58822: 0.99915
58823: 0.99915
58824: 0.99915
58825: 0.99915
58826: 0.99915
58827: 0.99915
58828: 0.99915
58829: 0.99915
58830: 0.99915
58831: 0.99915
58832: 0.99915
58833: 0.99915
58834: 0.99915
58835: 0.99915
58836: 0.99915
58837: 0.99915
58838: 0.99915
58839: 0.99915
58840: 0.99915
58841: 0.99915
58842: 0.99915
58843: 0.99915
58844: 0.99915
58845: 0.99915
58846: 0.99915
58847: 0.99915
58848: 0.99915
58849: 0.99915
58850: 0.99915
58851: 0.99915
58852: 0.99915
58853: 0.99915
58854: 0.99915
58855: 0.99915
58856: 0.99915
58857: 0.99915
58858: 0.999151
58859: 0.999151
58860: 0.999151
58861: 0.999151
58862: 0.999151
58863: 0.999151
58864: 0.999151
58865: 0.999151
58866: 0.999151
58867: 0.999151
58868: 0.999151
58869: 0.999151
58870: 0.999151
58871: 0.999151
58872: 0.999151
58873: 0.999151
58874: 0.999151
58875: 0.999151
58876: 0.999151
58877: 0.999151
58878: 0.999151
58879: 0.999151
58880: 0.999151
58881: 0.999151
58882: 0.999151
58883: 0.999151
58884: 0.999151
58885: 0.999151
58886: 0.999151
58887: 0.999151
58888: 0.999151
58889: 0.999151
58890: 0.999151
58891: 0.999151
58892: 0.999151
58893: 0.999151
58894: 0.999151
58895: 0.999151
58896: 0.999151
58897: 0.999151
58898: 0.999151
58899: 0.999151
58900: 0.999151
58901: 0.999151
58902: 0.999151
58903: 0.999151
58904: 0.999151
58905: 0.999151
58906: 0.999151
58907: 0.999151
58908: 0.999151
58909: 0.999151
58910: 0.999151
58911: 0.999151
58912: 0.999151
58913: 0.999151
58914: 0.999151
58915: 0.999151
58916: 0.999151
58917: 0.999151
58918: 0.999151
58919: 0.999151
58920: 0.999151
58921: 0.999151
58922: 0.999151
58923: 0.999151
58924: 0.999151
58925: 0.999151
58926: 0.999151
58927: 0.999152
58928: 0.999152
58929: 0.999152
58930: 0.999152
58931: 0.999152
58932: 0.999152
58933: 0.999152
58934: 0.999152
58935: 0.999152
58936: 0.999152
58937: 0.999152
58938: 0.999152
58939: 0.999152
58940: 0.999152
58941: 0.999152
58942: 0.999152
58943: 0.999152
58944: 0.999152
58945: 0.999152
58946: 0.999152
58947: 0.999152
58948: 0.999152
58949: 0.999152
58950: 0.999152
58951: 0.999152
58952: 0.999152
58953: 0.999152
58954: 0.999152
58955: 0.999152
58956: 0.999152
58957: 0.999152
58958: 0.999152
58959: 0.999152
58960: 0.999152
58961: 0.999152
58962: 0.999152
58963: 0.999152
58964: 0.999152
58965: 0.999152
58966: 0.999152
58967: 0.999152
58968: 0.999152
58969: 0.999152
58970: 0.999152
58971: 0.999152
58972: 0.999152
58973: 0.999152
58974: 0.999152
58975: 0.999152
58976: 0.999152
58977: 0.999152
58978: 0.999152
58979: 0.999152
58980: 0.999152
58981: 0.999152
58982: 0.999152
58983: 0.999152
58984: 0.999152
58985: 0.999152
58986: 0.999152
58987: 0.999152
58988: 0.999152
58989: 0.999152
58990: 0.999152
58991: 0.999152
58992: 0.999152
58993: 0.999152
58994: 0.999152
58995: 0.999152
58996: 0.999152
58997: 0.999153
58998: 0.999153
58999: 0.999153
59000: 0.999153
59001: 0.999153
59002: 0.999153
59003: 0.999153
59004: 0.999153
59005: 0.999153
59006: 0.999153
59007: 0.999153
59008: 0.999153
59009: 0.999153
59010: 0.999153
59011: 0.999153
59012: 0.999153
59013: 0.999153
59014: 0.999153
59015: 0.999153
59016: 0.999153
59017: 0.999153
59018: 0.999153
59019: 0.999153
59020: 0.999153
59021: 0.999153
59022: 0.999153
59023: 0.999153
59024: 0.999153
59025: 0.999153
59026: 0.999153
59027: 0.999153
59028: 0.999153
59029: 0.999153
59030: 0.999153
59031: 0.999153
59032: 0.999153
59033: 0.999153
59034: 0.999153
59035: 0.999153
59036: 0.999153
59037: 0.999153
59038: 0.999153
59039: 0.999153
59040: 0.999153
59041: 0.999153
59042: 0.999153
59043: 0.999153
59044: 0.999153
59045: 0.999153
59046: 0.999153
59047: 0.999153
59048: 0.999153
59049: 0.999153
59050: 0.999153
59051: 0.999153
59052: 0.999153
59053: 0.999153
59054: 0.999153
59055: 0.999153
59056: 0.999153
59057: 0.999153
59058: 0.999153
59059: 0.999153
59060: 0.999153
59061: 0.999153
59062: 0.999153
59063: 0.999153
59064: 0.999153
59065: 0.999153
59066: 0.999154
59067: 0.999154
59068: 0.999154
59069: 0.999154
59070: 0.999154
59071: 0.999154
59072: 0.999154
59073: 0.999154
59074: 0.999154
59075: 0.999154
59076: 0.999154
59077: 0.999154
59078: 0.999154
59079: 0.999154
59080: 0.999154
59081: 0.999154
59082: 0.999154
59083: 0.999154
59084: 0.999154
59085: 0.999154
59086: 0.999154
59087: 0.999154
59088: 0.999154
59089: 0.999154
59090: 0.999154
59091: 0.999154
59092: 0.999154
59093: 0.999154
59094: 0.999154
59095: 0.999154
59096: 0.999154
59097: 0.999154
59098: 0.999154
59099: 0.999154
59100: 0.999154
59101: 0.999154
59102: 0.999154
59103: 0.999154
59104: 0.999154
59105: 0.999154
59106: 0.999154
59107: 0.999154
59108: 0.999154
59109: 0.999154
59110: 0.999154
59111: 0.999154
59112: 0.999154
59113: 0.999154
59114: 0.999154
59115: 0.999154
59116: 0.999154
59117: 0.999154
59118: 0.999154
59119: 0.999154
59120: 0.999154
59121: 0.999154
59122: 0.999154
59123: 0.999154
59124: 0.999154
59125: 0.999154
59126: 0.999154
59127: 0.999154
59128: 0.999154
59129: 0.999154
59130: 0.999154
59131: 0.999154
59132: 0.999154
59133: 0.999154
59134: 0.999154
59135: 0.999154
59136: 0.999155
59137: 0.999155
59138: 0.999155
59139: 0.999155
59140: 0.999155
59141: 0.999155
59142: 0.999155
59143: 0.999155
59144: 0.999155
59145: 0.999155
59146: 0.999155
59147: 0.999155
59148: 0.999155
59149: 0.999155
59150: 0.999155
59151: 0.999155
59152: 0.999155
59153: 0.999155
59154: 0.999155
59155: 0.999155
59156: 0.999155
59157: 0.999155
59158: 0.999155
59159: 0.999155
59160: 0.999155
59161: 0.999155
59162: 0.999155
59163: 0.999155
59164: 0.999155
59165: 0.999155
59166: 0.999155
59167: 0.999155
59168: 0.999155
59169: 0.999155
59170: 0.999155
59171: 0.999155
59172: 0.999155
59173: 0.999155
59174: 0.999155
59175: 0.999155
59176: 0.999155
59177: 0.999155
59178: 0.999155
59179: 0.999155
59180: 0.999155
59181: 0.999155
59182: 0.999155
59183: 0.999155
59184: 0.999155
59185: 0.999155
59186: 0.999155
59187: 0.999155
59188: 0.999155
59189: 0.999155
59190: 0.999155
59191: 0.999155
59192: 0.999155
59193: 0.999155
59194: 0.999155
59195: 0.999155
59196: 0.999155
59197: 0.999155
59198: 0.999155
59199: 0.999155
59200: 0.999155
59201: 0.999155
59202: 0.999155
59203: 0.999155
59204: 0.999155
59205: 0.999155
59206: 0.999156
59207: 0.999156
59208: 0.999156
59209: 0.999156
59210: 0.999156
59211: 0.999156
59212: 0.999156
59213: 0.999156
59214: 0.999156
59215: 0.999156
59216: 0.999156
59217: 0.999156
59218: 0.999156
59219: 0.999156
59220: 0.999156
59221: 0.999156
59222: 0.999156
59223: 0.999156
59224: 0.999156
59225: 0.999156
59226: 0.999156
59227: 0.999156
59228: 0.999156
59229: 0.999156
59230: 0.999156
59231: 0.999156
59232: 0.999156
59233: 0.999156
59234: 0.999156
59235: 0.999156
59236: 0.999156
59237: 0.999156
59238: 0.999156
59239: 0.999156
59240: 0.999156
59241: 0.999156
59242: 0.999156
59243: 0.999156
59244: 0.999156
59245: 0.999156
59246: 0.999156
59247: 0.999156
59248: 0.999156
59249: 0.999156
59250: 0.999156
59251: 0.999156
59252: 0.999156
59253: 0.999156
59254: 0.999156
59255: 0.999156
59256: 0.999156
59257: 0.999156
59258: 0.999156
59259: 0.999156
59260: 0.999156
59261: 0.999156
59262: 0.999156
59263: 0.999156
59264: 0.999156
59265: 0.999156
59266: 0.999156
59267: 0.999156
59268: 0.999156
59269: 0.999156
59270: 0.999156
59271: 0.999156
59272: 0.999156
59273: 0.999156
59274: 0.999156
59275: 0.999156
59276: 0.999157
59277: 0.999157
59278: 0.999157
59279: 0.999157
59280: 0.999157
59281: 0.999157
59282: 0.999157
59283: 0.999157
59284: 0.999157
59285: 0.999157
59286: 0.999157
59287: 0.999157
59288: 0.999157
59289: 0.999157
59290: 0.999157
59291: 0.999157
59292: 0.999157
59293: 0.999157
59294: 0.999157
59295: 0.999157
59296: 0.999157
59297: 0.999157
59298: 0.999157
59299: 0.999157
59300: 0.999157
59301: 0.999157
59302: 0.999157
59303: 0.999157
59304: 0.999157
59305: 0.999157
59306: 0.999157
59307: 0.999157
59308: 0.999157
59309: 0.999157
59310: 0.999157
59311: 0.999157
59312: 0.999157
59313: 0.999157
59314: 0.999157
59315: 0.999157
59316: 0.999157
59317: 0.999157
59318: 0.999157
59319: 0.999157
59320: 0.999157
59321: 0.999157
59322: 0.999157
59323: 0.999157
59324: 0.999157
59325: 0.999157
59326: 0.999157
59327: 0.999157
59328: 0.999157
59329: 0.999157
59330: 0.999157
59331: 0.999157
59332: 0.999157
59333: 0.999157
59334: 0.999157
59335: 0.999157
59336: 0.999157
59337: 0.999157
59338: 0.999157
59339: 0.999157
59340: 0.999157
59341: 0.999157
59342: 0.999157
59343: 0.999157
59344: 0.999157
59345: 0.999157
59346: 0.999157
59347: 0.999158
59348: 0.999158
59349: 0.999158
59350: 0.999158
59351: 0.999158
59352: 0.999158
59353: 0.999158
59354: 0.999158
59355: 0.999158
59356: 0.999158
59357: 0.999158
59358: 0.999158
59359: 0.999158
59360: 0.999158
59361: 0.999158
59362: 0.999158
59363: 0.999158
59364: 0.999158
59365: 0.999158
59366: 0.999158
59367: 0.999158
59368: 0.999158
59369: 0.999158
59370: 0.999158
59371: 0.999158
59372: 0.999158
59373: 0.999158
59374: 0.999158
59375: 0.999158
59376: 0.999158
59377: 0.999158
59378: 0.999158
59379: 0.999158
59380: 0.999158
59381: 0.999158
59382: 0.999158
59383: 0.999158
59384: 0.999158
59385: 0.999158
59386: 0.999158
59387: 0.999158
59388: 0.999158
59389: 0.999158
59390: 0.999158
59391: 0.999158
59392: 0.999158
59393: 0.999158
59394: 0.999158
59395: 0.999158
59396: 0.999158
59397: 0.999158
59398: 0.999158
59399: 0.999158
59400: 0.999158
59401: 0.999158
59402: 0.999158
59403: 0.999158
59404: 0.999158
59405: 0.999158
59406: 0.999158
59407: 0.999158
59408: 0.999158
59409: 0.999158
59410: 0.999158
59411: 0.999158
59412: 0.999158
59413: 0.999158
59414: 0.999158
59415: 0.999158
59416: 0.999158
59417: 0.999159
59418: 0.999159
59419: 0.999159
59420: 0.999159
59421: 0.999159
59422: 0.999159
59423: 0.999159
59424: 0.999159
59425: 0.999159
59426: 0.999159
59427: 0.999159
59428: 0.999159
59429: 0.999159
59430: 0.999159
59431: 0.999159
59432: 0.999159
59433: 0.999159
59434: 0.999159
59435: 0.999159
59436: 0.999159
59437: 0.999159
59438: 0.999159
59439: 0.999159
59440: 0.999159
59441: 0.999159
59442: 0.999159
59443: 0.999159
59444: 0.999159
59445: 0.999159
59446: 0.999159
59447: 0.999159
59448: 0.999159
59449: 0.999159
59450: 0.999159
59451: 0.999159
59452: 0.999159
59453: 0.999159
59454: 0.999159
59455: 0.999159
59456: 0.999159
59457: 0.999159
59458: 0.999159
59459: 0.999159
59460: 0.999159
59461: 0.999159
59462: 0.999159
59463: 0.999159
59464: 0.999159
59465: 0.999159
59466: 0.999159
59467: 0.999159
59468: 0.999159
59469: 0.999159
59470: 0.999159
59471: 0.999159
59472: 0.999159
59473: 0.999159
59474: 0.999159
59475: 0.999159
59476: 0.999159
59477: 0.999159
59478: 0.999159
59479: 0.999159
59480: 0.999159
59481: 0.999159
59482: 0.999159
59483: 0.999159
59484: 0.999159
59485: 0.999159
59486: 0.999159
59487: 0.999159
59488: 0.99916
59489: 0.99916
59490: 0.99916
59491: 0.99916
59492: 0.99916
59493: 0.99916
59494: 0.99916
59495: 0.99916
59496: 0.99916
59497: 0.99916
59498: 0.99916
59499: 0.99916
59500: 0.99916
59501: 0.99916
59502: 0.99916
59503: 0.99916
59504: 0.99916
59505: 0.99916
59506: 0.99916
59507: 0.99916
59508: 0.99916
59509: 0.99916
59510: 0.99916
59511: 0.99916
59512: 0.99916
59513: 0.99916
59514: 0.99916
59515: 0.99916
59516: 0.99916
59517: 0.99916
59518: 0.99916
59519: 0.99916
59520: 0.99916
59521: 0.99916
59522: 0.99916
59523: 0.99916
59524: 0.99916
59525: 0.99916
59526: 0.99916
59527: 0.99916
59528: 0.99916
59529: 0.99916
59530: 0.99916
59531: 0.99916
59532: 0.99916
59533: 0.99916
59534: 0.99916
59535: 0.99916
59536: 0.99916
59537: 0.99916
59538: 0.99916
59539: 0.99916
59540: 0.99916
59541: 0.99916
59542: 0.99916
59543: 0.99916
59544: 0.99916
59545: 0.99916
59546: 0.99916
59547: 0.99916
59548: 0.99916
59549: 0.99916
59550: 0.99916
59551: 0.99916
59552: 0.99916
59553: 0.99916
59554: 0.99916
59555: 0.99916
59556: 0.99916
59557: 0.99916
59558: 0.99916
59559: 0.999161
59560: 0.999161
59561: 0.999161
59562: 0.999161
59563: 0.999161
59564: 0.999161
59565: 0.999161
59566: 0.999161
59567: 0.999161
59568: 0.999161
59569: 0.999161
59570: 0.999161
59571: 0.999161
59572: 0.999161
59573: 0.999161
59574: 0.999161
59575: 0.999161
59576: 0.999161
59577: 0.999161
59578: 0.999161
59579: 0.999161
59580: 0.999161
59581: 0.999161
59582: 0.999161
59583: 0.999161
59584: 0.999161
59585: 0.999161
59586: 0.999161
59587: 0.999161
59588: 0.999161
59589: 0.999161
59590: 0.999161
59591: 0.999161
59592: 0.999161
59593: 0.999161
59594: 0.999161
59595: 0.999161
59596: 0.999161
59597: 0.999161
59598: 0.999161
59599: 0.999161
59600: 0.999161
59601: 0.999161
59602: 0.999161
59603: 0.999161
59604: 0.999161
59605: 0.999161
59606: 0.999161
59607: 0.999161
59608: 0.999161
59609: 0.999161
59610: 0.999161
59611: 0.999161
59612: 0.999161
59613: 0.999161
59614: 0.999161
59615: 0.999161
59616: 0.999161
59617: 0.999161
59618: 0.999161
59619: 0.999161
59620: 0.999161
59621: 0.999161
59622: 0.999161
59623: 0.999161
59624: 0.999161
59625: 0.999161
59626: 0.999161
59627: 0.999161
59628: 0.999161
59629: 0.999161
59630: 0.999162
59631: 0.999162
59632: 0.999162
59633: 0.999162
59634: 0.999162
59635: 0.999162
59636: 0.999162
59637: 0.999162
59638: 0.999162
59639: 0.999162
59640: 0.999162
59641: 0.999162
59642: 0.999162
59643: 0.999162
59644: 0.999162
59645: 0.999162
59646: 0.999162
59647: 0.999162
59648: 0.999162
59649: 0.999162
59650: 0.999162
59651: 0.999162
59652: 0.999162
59653: 0.999162
59654: 0.999162
59655: 0.999162
59656: 0.999162
59657: 0.999162
59658: 0.999162
59659: 0.999162
59660: 0.999162
59661: 0.999162
59662: 0.999162
59663: 0.999162
59664: 0.999162
59665: 0.999162
59666: 0.999162
59667: 0.999162
59668: 0.999162
59669: 0.999162
59670: 0.999162
59671: 0.999162
59672: 0.999162
59673: 0.999162
59674: 0.999162
59675: 0.999162
59676: 0.999162
59677: 0.999162
59678: 0.999162
59679: 0.999162
59680: 0.999162
59681: 0.999162
59682: 0.999162
59683: 0.999162
59684: 0.999162
59685: 0.999162
59686: 0.999162
59687: 0.999162
59688: 0.999162
59689: 0.999162
59690: 0.999162
59691: 0.999162
59692: 0.999162
59693: 0.999162
59694: 0.999162
59695: 0.999162
59696: 0.999162
59697: 0.999162
59698: 0.999162
59699: 0.999162
59700: 0.999162
59701: 0.999163
59702: 0.999163
59703: 0.999163
59704: 0.999163
59705: 0.999163
59706: 0.999163
59707: 0.999163
59708: 0.999163
59709: 0.999163
59710: 0.999163
59711: 0.999163
59712: 0.999163
59713: 0.999163
59714: 0.999163
59715: 0.999163
59716: 0.999163
59717: 0.999163
59718: 0.999163
59719: 0.999163
59720: 0.999163
59721: 0.999163
59722: 0.999163
59723: 0.999163
59724: 0.999163
59725: 0.999163
59726: 0.999163
59727: 0.999163
59728: 0.999163
59729: 0.999163
59730: 0.999163
59731: 0.999163
59732: 0.999163
59733: 0.999163
59734: 0.999163
59735: 0.999163
59736: 0.999163
59737: 0.999163
59738: 0.999163
59739: 0.999163
59740: 0.999163
59741: 0.999163
59742: 0.999163
59743: 0.999163
59744: 0.999163
59745: 0.999163
59746: 0.999163
59747: 0.999163
59748: 0.999163
59749: 0.999163
59750: 0.999163
59751: 0.999163
59752: 0.999163
59753: 0.999163
59754: 0.999163
59755: 0.999163
59756: 0.999163
59757: 0.999163
59758: 0.999163
59759: 0.999163
59760: 0.999163
59761: 0.999163
59762: 0.999163
59763: 0.999163
59764: 0.999163
59765: 0.999163
59766: 0.999163
59767: 0.999163
59768: 0.999163
59769: 0.999163
59770: 0.999163
59771: 0.999163
59772: 0.999164
59773: 0.999164
59774: 0.999164
59775: 0.999164
59776: 0.999164
59777: 0.999164
59778: 0.999164
59779: 0.999164
59780: 0.999164
59781: 0.999164
59782: 0.999164
59783: 0.999164
59784: 0.999164
59785: 0.999164
59786: 0.999164
59787: 0.999164
59788: 0.999164
59789: 0.999164
59790: 0.999164
59791: 0.999164
59792: 0.999164
59793: 0.999164
59794: 0.999164
59795: 0.999164
59796: 0.999164
59797: 0.999164
59798: 0.999164
59799: 0.999164
59800: 0.999164
59801: 0.999164
59802: 0.999164
59803: 0.999164
59804: 0.999164
59805: 0.999164
59806: 0.999164
59807: 0.999164
59808: 0.999164
59809: 0.999164
59810: 0.999164
59811: 0.999164
59812: 0.999164
59813: 0.999164
59814: 0.999164
59815: 0.999164
59816: 0.999164
59817: 0.999164
59818: 0.999164
59819: 0.999164
59820: 0.999164
59821: 0.999164
59822: 0.999164
59823: 0.999164
59824: 0.999164
59825: 0.999164
59826: 0.999164
59827: 0.999164
59828: 0.999164
59829: 0.999164
59830: 0.999164
59831: 0.999164
59832: 0.999164
59833: 0.999164
59834: 0.999164
59835: 0.999164
59836: 0.999164
59837: 0.999164
59838: 0.999164
59839: 0.999164
59840: 0.999164
59841: 0.999164
59842: 0.999164
59843: 0.999164
59844: 0.999165
59845: 0.999165
59846: 0.999165
59847: 0.999165
59848: 0.999165
59849: 0.999165
59850: 0.999165
59851: 0.999165
59852: 0.999165
59853: 0.999165
59854: 0.999165
59855: 0.999165
59856: 0.999165
59857: 0.999165
59858: 0.999165
59859: 0.999165
59860: 0.999165
59861: 0.999165
59862: 0.999165
59863: 0.999165
59864: 0.999165
59865: 0.999165
59866: 0.999165
59867: 0.999165
59868: 0.999165
59869: 0.999165
59870: 0.999165
59871: 0.999165
59872: 0.999165
59873: 0.999165
59874: 0.999165
59875: 0.999165
59876: 0.999165
59877: 0.999165
59878: 0.999165
59879: 0.999165
59880: 0.999165
59881: 0.999165
59882: 0.999165
59883: 0.999165
59884: 0.999165
59885: 0.999165
59886: 0.999165
59887: 0.999165
59888: 0.999165
59889: 0.999165
59890: 0.999165
59891: 0.999165
59892: 0.999165
59893: 0.999165
59894: 0.999165
59895: 0.999165
59896: 0.999165
59897: 0.999165
59898: 0.999165
59899: 0.999165
59900: 0.999165
59901: 0.999165
59902: 0.999165
59903: 0.999165
59904: 0.999165
59905: 0.999165
59906: 0.999165
59907: 0.999165
59908: 0.999165
59909: 0.999165
59910: 0.999165
59911: 0.999165
59912: 0.999165
59913: 0.999165
59914: 0.999165
59915: 0.999165
59916: 0.999166
59917: 0.999166
59918: 0.999166
59919: 0.999166
59920: 0.999166
59921: 0.999166
59922: 0.999166
59923: 0.999166
59924: 0.999166
59925: 0.999166
59926: 0.999166
59927: 0.999166
59928: 0.999166
59929: 0.999166
59930: 0.999166
59931: 0.999166
59932: 0.999166
59933: 0.999166
59934: 0.999166
59935: 0.999166
59936: 0.999166
59937: 0.999166
59938: 0.999166
59939: 0.999166
59940: 0.999166
59941: 0.999166
59942: 0.999166
59943: 0.999166
59944: 0.999166
59945: 0.999166
59946: 0.999166
59947: 0.999166
59948: 0.999166
59949: 0.999166
59950: 0.999166
59951: 0.999166
59952: 0.999166
59953: 0.999166
59954: 0.999166
59955: 0.999166
59956: 0.999166
59957: 0.999166
59958: 0.999166
59959: 0.999166
59960: 0.999166
59961: 0.999166
59962: 0.999166
59963: 0.999166
59964: 0.999166
59965: 0.999166
59966: 0.999166
59967: 0.999166
59968: 0.999166
59969: 0.999166
59970: 0.999166
59971: 0.999166
59972: 0.999166
59973: 0.999166
59974: 0.999166
59975: 0.999166
59976: 0.999166
59977: 0.999166
59978: 0.999166
59979: 0.999166
59980: 0.999166
59981: 0.999166
59982: 0.999166
59983: 0.999166
59984: 0.999166
59985: 0.999166
59986: 0.999166
59987: 0.999166
59988: 0.999167
59989: 0.999167
59990: 0.999167
59991: 0.999167
59992: 0.999167
59993: 0.999167
59994: 0.999167
59995: 0.999167
59996: 0.999167
59997: 0.999167
59998: 0.999167
59999: 0.999167
60000: 0.999167
60001: 0.999167
60002: 0.999167
60003: 0.999167
60004: 0.999167
60005: 0.999167
60006: 0.999167
60007: 0.999167
60008: 0.999167
60009: 0.999167
60010: 0.999167
60011: 0.999167
60012: 0.999167
60013: 0.999167
60014: 0.999167
60015: 0.999167
60016: 0.999167
60017: 0.999167
60018: 0.999167
60019: 0.999167
60020: 0.999167
60021: 0.999167
60022: 0.999167
60023: 0.999167
60024: 0.999167
60025: 0.999167
60026: 0.999167
60027: 0.999167
60028: 0.999167
60029: 0.999167
60030: 0.999167
60031: 0.999167
60032: 0.999167
60033: 0.999167
60034: 0.999167
60035: 0.999167
60036: 0.999167
60037: 0.999167
60038: 0.999167
60039: 0.999167
60040: 0.999167
60041: 0.999167
60042: 0.999167
60043: 0.999167
60044: 0.999167
60045: 0.999167
60046: 0.999167
60047: 0.999167
60048: 0.999167
60049: 0.999167
60050: 0.999167
60051: 0.999167
60052: 0.999167
60053: 0.999167
60054: 0.999167
60055: 0.999167
60056: 0.999167
60057: 0.999167
60058: 0.999167
60059: 0.999167
60060: 0.999168
60061: 0.999168
60062: 0.999168
60063: 0.999168
60064: 0.999168
60065: 0.999168
60066: 0.999168
60067: 0.999168
60068: 0.999168
60069: 0.999168
60070: 0.999168
60071: 0.999168
60072: 0.999168
60073: 0.999168
60074: 0.999168
60075: 0.999168
60076: 0.999168
60077: 0.999168
60078: 0.999168
60079: 0.999168
60080: 0.999168
60081: 0.999168
60082: 0.999168
60083: 0.999168
60084: 0.999168
60085: 0.999168
60086: 0.999168
60087: 0.999168
60088: 0.999168
60089: 0.999168
60090: 0.999168
60091: 0.999168
60092: 0.999168
60093: 0.999168
60094: 0.999168
60095: 0.999168
60096: 0.999168
60097: 0.999168
60098: 0.999168
60099: 0.999168
60100: 0.999168
60101: 0.999168
60102: 0.999168
60103: 0.999168
60104: 0.999168
60105: 0.999168
60106: 0.999168
60107: 0.999168
60108: 0.999168
60109: 0.999168
60110: 0.999168
60111: 0.999168
60112: 0.999168
60113: 0.999168
60114: 0.999168
60115: 0.999168
60116: 0.999168
60117: 0.999168
60118: 0.999168
60119: 0.999168
60120: 0.999168
60121: 0.999168
60122: 0.999168
60123: 0.999168
60124: 0.999168
60125: 0.999168
60126: 0.999168
60127: 0.999168
60128: 0.999168
60129: 0.999168
60130: 0.999168
60131: 0.999168
60132: 0.999169
60133: 0.999169
60134: 0.999169
60135: 0.999169
60136: 0.999169
60137: 0.999169
60138: 0.999169
60139: 0.999169
60140: 0.999169
60141: 0.999169
60142: 0.999169
60143: 0.999169
60144: 0.999169
60145: 0.999169
60146: 0.999169
60147: 0.999169
60148: 0.999169
60149: 0.999169
60150: 0.999169
60151: 0.999169
60152: 0.999169
60153: 0.999169
60154: 0.999169
60155: 0.999169
60156: 0.999169
60157: 0.999169
60158: 0.999169
60159: 0.999169
60160: 0.999169
60161: 0.999169
60162: 0.999169
60163: 0.999169
60164: 0.999169
60165: 0.999169
60166: 0.999169
60167: 0.999169
60168: 0.999169
60169: 0.999169
60170: 0.999169
60171: 0.999169
60172: 0.999169
60173: 0.999169
60174: 0.999169
60175: 0.999169
60176: 0.999169
60177: 0.999169
60178: 0.999169
60179: 0.999169
60180: 0.999169
60181: 0.999169
60182: 0.999169
60183: 0.999169
60184: 0.999169
60185: 0.999169
60186: 0.999169
60187: 0.999169
60188: 0.999169
60189: 0.999169
60190: 0.999169
60191: 0.999169
60192: 0.999169
60193: 0.999169
60194: 0.999169
60195: 0.999169
60196: 0.999169
60197: 0.999169
60198: 0.999169
60199: 0.999169
60200: 0.999169
60201: 0.999169
60202: 0.999169
60203: 0.999169
60204: 0.99917
60205: 0.99917
60206: 0.99917
60207: 0.99917
60208: 0.99917
60209: 0.99917
60210: 0.99917
60211: 0.99917
60212: 0.99917
60213: 0.99917
60214: 0.99917
60215: 0.99917
60216: 0.99917
60217: 0.99917
60218: 0.99917
60219: 0.99917
60220: 0.99917
60221: 0.99917
60222: 0.99917
60223: 0.99917
60224: 0.99917
60225: 0.99917
60226: 0.99917
60227: 0.99917
60228: 0.99917
60229: 0.99917
60230: 0.99917
60231: 0.99917
60232: 0.99917
60233: 0.99917
60234: 0.99917
60235: 0.99917
60236: 0.99917
60237: 0.99917
60238: 0.99917
60239: 0.99917
60240: 0.99917
60241: 0.99917
60242: 0.99917
60243: 0.99917
60244: 0.99917
60245: 0.99917
60246: 0.99917
60247: 0.99917
60248: 0.99917
60249: 0.99917
60250: 0.99917
60251: 0.99917
60252: 0.99917
60253: 0.99917
60254: 0.99917
60255: 0.99917
60256: 0.99917
60257: 0.99917
60258: 0.99917
60259: 0.99917
60260: 0.99917
60261: 0.99917
60262: 0.99917
60263: 0.99917
60264: 0.99917
60265: 0.99917
60266: 0.99917
60267: 0.99917
60268: 0.99917
60269: 0.99917
60270: 0.99917
60271: 0.99917
60272: 0.99917
60273: 0.99917
60274: 0.99917
60275: 0.99917
60276: 0.99917
60277: 0.999171
60278: 0.999171
60279: 0.999171
60280: 0.999171
60281: 0.999171
60282: 0.999171
60283: 0.999171
60284: 0.999171
60285: 0.999171
60286: 0.999171
60287: 0.999171
60288: 0.999171
60289: 0.999171
60290: 0.999171
60291: 0.999171
60292: 0.999171
60293: 0.999171
60294: 0.999171
60295: 0.999171
60296: 0.999171
60297: 0.999171
60298: 0.999171
60299: 0.999171
60300: 0.999171
60301: 0.999171
60302: 0.999171
60303: 0.999171
60304: 0.999171
60305: 0.999171
60306: 0.999171
60307: 0.999171
60308: 0.999171
60309: 0.999171
60310: 0.999171
60311: 0.999171
60312: 0.999171
60313: 0.999171
60314: 0.999171
60315: 0.999171
60316: 0.999171
60317: 0.999171
60318: 0.999171
60319: 0.999171
60320: 0.999171
60321: 0.999171
60322: 0.999171
60323: 0.999171
60324: 0.999171
60325: 0.999171
60326: 0.999171
60327: 0.999171
60328: 0.999171
60329: 0.999171
60330: 0.999171
60331: 0.999171
60332: 0.999171
60333: 0.999171
60334: 0.999171
60335: 0.999171
60336: 0.999171
60337: 0.999171
60338: 0.999171
60339: 0.999171
60340: 0.999171
60341: 0.999171
60342: 0.999171
60343: 0.999171
60344: 0.999171
60345: 0.999171
60346: 0.999171
60347: 0.999171
60348: 0.999171
60349: 0.999171
60350: 0.999172
60351: 0.999172
60352: 0.999172
60353: 0.999172
60354: 0.999172
60355: 0.999172
60356: 0.999172
60357: 0.999172
60358: 0.999172
60359: 0.999172
60360: 0.999172
60361: 0.999172
60362: 0.999172
60363: 0.999172
60364: 0.999172
60365: 0.999172
60366: 0.999172
60367: 0.999172
60368: 0.999172
60369: 0.999172
60370: 0.999172
60371: 0.999172
60372: 0.999172
60373: 0.999172
60374: 0.999172
60375: 0.999172
60376: 0.999172
60377: 0.999172
60378: 0.999172
60379: 0.999172
60380: 0.999172
60381: 0.999172
60382: 0.999172
60383: 0.999172
60384: 0.999172
60385: 0.999172
60386: 0.999172
60387: 0.999172
60388: 0.999172
60389: 0.999172
60390: 0.999172
60391: 0.999172
60392: 0.999172
60393: 0.999172
60394: 0.999172
60395: 0.999172
60396: 0.999172
60397: 0.999172
60398: 0.999172
60399: 0.999172
60400: 0.999172
60401: 0.999172
60402: 0.999172
60403: 0.999172
60404: 0.999172
60405: 0.999172
60406: 0.999172
60407: 0.999172
60408: 0.999172
60409: 0.999172
60410: 0.999172
60411: 0.999172
60412: 0.999172
60413: 0.999172
60414: 0.999172
60415: 0.999172
60416: 0.999172
60417: 0.999172
60418: 0.999172
60419: 0.999172
60420: 0.999172
60421: 0.999172
60422: 0.999173
60423: 0.999173
60424: 0.999173
60425: 0.999173
60426: 0.999173
60427: 0.999173
60428: 0.999173
60429: 0.999173
60430: 0.999173
60431: 0.999173
60432: 0.999173
60433: 0.999173
60434: 0.999173
60435: 0.999173
60436: 0.999173
60437: 0.999173
60438: 0.999173
60439: 0.999173
60440: 0.999173
60441: 0.999173
60442: 0.999173
60443: 0.999173
60444: 0.999173
60445: 0.999173
60446: 0.999173
60447: 0.999173
60448: 0.999173
60449: 0.999173
60450: 0.999173
60451: 0.999173
60452: 0.999173
60453: 0.999173
60454: 0.999173
60455: 0.999173
60456: 0.999173
60457: 0.999173
60458: 0.999173
60459: 0.999173
60460: 0.999173
60461: 0.999173
60462: 0.999173
60463: 0.999173
60464: 0.999173
60465: 0.999173
60466: 0.999173
60467: 0.999173
60468: 0.999173
60469: 0.999173
60470: 0.999173
60471: 0.999173
60472: 0.999173
60473: 0.999173
60474: 0.999173
60475: 0.999173
60476: 0.999173
60477: 0.999173
60478: 0.999173
60479: 0.999173
60480: 0.999173
60481: 0.999173
60482: 0.999173
60483: 0.999173
60484: 0.999173
60485: 0.999173
60486: 0.999173
60487: 0.999173
60488: 0.999173
60489: 0.999173
60490: 0.999173
60491: 0.999173
60492: 0.999173
60493: 0.999173
60494: 0.999173
60495: 0.999173
60496: 0.999174
60497: 0.999174
60498: 0.999174
60499: 0.999174
60500: 0.999174
60501: 0.999174
60502: 0.999174
60503: 0.999174
60504: 0.999174
60505: 0.999174
60506: 0.999174
60507: 0.999174
60508: 0.999174
60509: 0.999174
60510: 0.999174
60511: 0.999174
60512: 0.999174
60513: 0.999174
60514: 0.999174
60515: 0.999174
60516: 0.999174
60517: 0.999174
60518: 0.999174
60519: 0.999174
60520: 0.999174
60521: 0.999174
60522: 0.999174
60523: 0.999174
60524: 0.999174
60525: 0.999174
60526: 0.999174
60527: 0.999174
60528: 0.999174
60529: 0.999174
60530: 0.999174
60531: 0.999174
60532: 0.999174
60533: 0.999174
60534: 0.999174
60535: 0.999174
60536: 0.999174
60537: 0.999174
60538: 0.999174
60539: 0.999174
60540: 0.999174
60541: 0.999174
60542: 0.999174
60543: 0.999174
60544: 0.999174
60545: 0.999174
60546: 0.999174
60547: 0.999174
60548: 0.999174
60549: 0.999174
60550: 0.999174
60551: 0.999174
60552: 0.999174
60553: 0.999174
60554: 0.999174
60555: 0.999174
60556: 0.999174
60557: 0.999174
60558: 0.999174
60559: 0.999174
60560: 0.999174
60561: 0.999174
60562: 0.999174
60563: 0.999174
60564: 0.999174
60565: 0.999174
60566: 0.999174
60567: 0.999174
60568: 0.999174
60569: 0.999175
60570: 0.999175
60571: 0.999175
60572: 0.999175
60573: 0.999175
60574: 0.999175
60575: 0.999175
60576: 0.999175
60577: 0.999175
60578: 0.999175
60579: 0.999175
60580: 0.999175
60581: 0.999175
60582: 0.999175
60583: 0.999175
60584: 0.999175
60585: 0.999175
60586: 0.999175
60587: 0.999175
60588: 0.999175
60589: 0.999175
60590: 0.999175
60591: 0.999175
60592: 0.999175
60593: 0.999175
60594: 0.999175
60595: 0.999175
60596: 0.999175
60597: 0.999175
60598: 0.999175
60599: 0.999175
60600: 0.999175
60601: 0.999175
60602: 0.999175
60603: 0.999175
60604: 0.999175
60605: 0.999175
60606: 0.999175
60607: 0.999175
60608: 0.999175
60609: 0.999175
60610: 0.999175
60611: 0.999175
60612: 0.999175
60613: 0.999175
60614: 0.999175
60615: 0.999175
60616: 0.999175
60617: 0.999175
60618: 0.999175
60619: 0.999175
60620: 0.999175
60621: 0.999175
60622: 0.999175
60623: 0.999175
60624: 0.999175
60625: 0.999175
60626: 0.999175
60627: 0.999175
60628: 0.999175
60629: 0.999175
60630: 0.999175
60631: 0.999175
60632: 0.999175
60633: 0.999175
60634: 0.999175
60635: 0.999175
60636: 0.999175
60637: 0.999175
60638: 0.999175
60639: 0.999175
60640: 0.999175
60641: 0.999175
60642: 0.999176
60643: 0.999176
60644: 0.999176
60645: 0.999176
60646: 0.999176
60647: 0.999176
60648: 0.999176
60649: 0.999176
60650: 0.999176
60651: 0.999176
60652: 0.999176
60653: 0.999176
60654: 0.999176
60655: 0.999176
60656: 0.999176
60657: 0.999176
60658: 0.999176
60659: 0.999176
60660: 0.999176
60661: 0.999176
60662: 0.999176
60663: 0.999176
60664: 0.999176
60665: 0.999176
60666: 0.999176
60667: 0.999176
60668: 0.999176
60669: 0.999176
60670: 0.999176
60671: 0.999176
60672: 0.999176
60673: 0.999176
60674: 0.999176
60675: 0.999176
60676: 0.999176
60677: 0.999176
60678: 0.999176
60679: 0.999176
60680: 0.999176
60681: 0.999176
60682: 0.999176
60683: 0.999176
60684: 0.999176
60685: 0.999176
60686: 0.999176
60687: 0.999176
60688: 0.999176
60689: 0.999176
60690: 0.999176
60691: 0.999176
60692: 0.999176
60693: 0.999176
60694: 0.999176
60695: 0.999176
60696: 0.999176
60697: 0.999176
60698: 0.999176
60699: 0.999176
60700: 0.999176
60701: 0.999176
60702: 0.999176
60703: 0.999176
60704: 0.999176
60705: 0.999176
60706: 0.999176
60707: 0.999176
60708: 0.999176
60709: 0.999176
60710: 0.999176
60711: 0.999176
60712: 0.999176
60713: 0.999176
60714: 0.999176
60715: 0.999176
60716: 0.999177
60717: 0.999177
60718: 0.999177
60719: 0.999177
60720: 0.999177
60721: 0.999177
60722: 0.999177
60723: 0.999177
60724: 0.999177
60725: 0.999177
60726: 0.999177
60727: 0.999177
60728: 0.999177
60729: 0.999177
60730: 0.999177
60731: 0.999177
60732: 0.999177
60733: 0.999177
60734: 0.999177
60735: 0.999177
60736: 0.999177
60737: 0.999177
60738: 0.999177
60739: 0.999177
60740: 0.999177
60741: 0.999177
60742: 0.999177
60743: 0.999177
60744: 0.999177
60745: 0.999177
60746: 0.999177
60747: 0.999177
60748: 0.999177
60749: 0.999177
60750: 0.999177
60751: 0.999177
60752: 0.999177
60753: 0.999177
60754: 0.999177
60755: 0.999177
60756: 0.999177
60757: 0.999177
60758: 0.999177
60759: 0.999177
60760: 0.999177
60761: 0.999177
60762: 0.999177
60763: 0.999177
60764: 0.999177
60765: 0.999177
60766: 0.999177
60767: 0.999177
60768: 0.999177
60769: 0.999177
60770: 0.999177
60771: 0.999177
60772: 0.999177
60773: 0.999177
60774: 0.999177
60775: 0.999177
60776: 0.999177
60777: 0.999177
60778: 0.999177
60779: 0.999177
60780: 0.999177
60781: 0.999177
60782: 0.999177
60783: 0.999177
60784: 0.999177
60785: 0.999177
60786: 0.999177
60787: 0.999177
60788: 0.999177
60789: 0.999177
60790: 0.999178
60791: 0.999178
60792: 0.999178
60793: 0.999178
60794: 0.999178
60795: 0.999178
60796: 0.999178
60797: 0.999178
60798: 0.999178
60799: 0.999178
60800: 0.999178
60801: 0.999178
60802: 0.999178
60803: 0.999178
60804: 0.999178
60805: 0.999178
60806: 0.999178
60807: 0.999178
60808: 0.999178
60809: 0.999178
60810: 0.999178
60811: 0.999178
60812: 0.999178
60813: 0.999178
60814: 0.999178
60815: 0.999178
60816: 0.999178
60817: 0.999178
60818: 0.999178
60819: 0.999178
60820: 0.999178
60821: 0.999178
60822: 0.999178
60823: 0.999178
60824: 0.999178
60825: 0.999178
60826: 0.999178
60827: 0.999178
60828: 0.999178
60829: 0.999178
60830: 0.999178
60831: 0.999178
60832: 0.999178
60833: 0.999178
60834: 0.999178
60835: 0.999178
60836: 0.999178
60837: 0.999178
60838: 0.999178
60839: 0.999178
60840: 0.999178
60841: 0.999178
60842: 0.999178
60843: 0.999178
60844: 0.999178
60845: 0.999178
60846: 0.999178
60847: 0.999178
60848: 0.999178
60849: 0.999178
60850: 0.999178
60851: 0.999178
60852: 0.999178
60853: 0.999178
60854: 0.999178
60855: 0.999178
60856: 0.999178
60857: 0.999178
60858: 0.999178
60859: 0.999178
60860: 0.999178
60861: 0.999178
60862: 0.999178
60863: 0.999178
60864: 0.999179
60865: 0.999179
60866: 0.999179
60867: 0.999179
60868: 0.999179
60869: 0.999179
60870: 0.999179
60871: 0.999179
60872: 0.999179
60873: 0.999179
60874: 0.999179
60875: 0.999179
60876: 0.999179
60877: 0.999179
60878: 0.999179
60879: 0.999179
60880: 0.999179
60881: 0.999179
60882: 0.999179
60883: 0.999179
60884: 0.999179
60885: 0.999179
60886: 0.999179
60887: 0.999179
60888: 0.999179
60889: 0.999179
60890: 0.999179
60891: 0.999179
60892: 0.999179
60893: 0.999179
60894: 0.999179
60895: 0.999179
60896: 0.999179
60897: 0.999179
60898: 0.999179
60899: 0.999179
60900: 0.999179
60901: 0.999179
60902: 0.999179
60903: 0.999179
60904: 0.999179
60905: 0.999179
60906: 0.999179
60907: 0.999179
60908: 0.999179
60909: 0.999179
60910: 0.999179
60911: 0.999179
60912: 0.999179
60913: 0.999179
60914: 0.999179
60915: 0.999179
60916: 0.999179
60917: 0.999179
60918: 0.999179
60919: 0.999179
60920: 0.999179
60921: 0.999179
60922: 0.999179
60923: 0.999179
60924: 0.999179
60925: 0.999179
60926: 0.999179
60927: 0.999179
60928: 0.999179
60929: 0.999179
60930: 0.999179
60931: 0.999179
60932: 0.999179
60933: 0.999179
60934: 0.999179
60935: 0.999179
60936: 0.999179
60937: 0.999179
60938: 0.99918
60939: 0.99918
60940: 0.99918
60941: 0.99918
60942: 0.99918
60943: 0.99918
60944: 0.99918
60945: 0.99918
60946: 0.99918
60947: 0.99918
60948: 0.99918
60949: 0.99918
60950: 0.99918
60951: 0.99918
60952: 0.99918
60953: 0.99918
60954: 0.99918
60955: 0.99918
60956: 0.99918
60957: 0.99918
60958: 0.99918
60959: 0.99918
60960: 0.99918
60961: 0.99918
60962: 0.99918
60963: 0.99918
60964: 0.99918
60965: 0.99918
60966: 0.99918
60967: 0.99918
60968: 0.99918
60969: 0.99918
60970: 0.99918
60971: 0.99918
60972: 0.99918
60973: 0.99918
60974: 0.99918
60975: 0.99918
60976: 0.99918
60977: 0.99918
60978: 0.99918
60979: 0.99918
60980: 0.99918
60981: 0.99918
60982: 0.99918
60983: 0.99918
60984: 0.99918
60985: 0.99918
60986: 0.99918
60987: 0.99918
60988: 0.99918
60989: 0.99918
60990: 0.99918
60991: 0.99918
60992: 0.99918
60993: 0.99918
60994: 0.99918
60995: 0.99918
60996: 0.99918
60997: 0.99918
60998: 0.99918
60999: 0.99918
61000: 0.99918
61001: 0.99918
61002: 0.99918
61003: 0.99918
61004: 0.99918
61005: 0.99918
61006: 0.99918
61007: 0.99918
61008: 0.99918
61009: 0.99918
61010: 0.99918
61011: 0.99918
61012: 0.999181
61013: 0.999181
61014: 0.999181
61015: 0.999181
61016: 0.999181
61017: 0.999181
61018: 0.999181
61019: 0.999181
61020: 0.999181
61021: 0.999181
61022: 0.999181
61023: 0.999181
61024: 0.999181
61025: 0.999181
61026: 0.999181
61027: 0.999181
61028: 0.999181
61029: 0.999181
61030: 0.999181
61031: 0.999181
61032: 0.999181
61033: 0.999181
61034: 0.999181
61035: 0.999181
61036: 0.999181
61037: 0.999181
61038: 0.999181
61039: 0.999181
61040: 0.999181
61041: 0.999181
61042: 0.999181
61043: 0.999181
61044: 0.999181
61045: 0.999181
61046: 0.999181
61047: 0.999181
61048: 0.999181
61049: 0.999181
61050: 0.999181
61051: 0.999181
61052: 0.999181
61053: 0.999181
61054: 0.999181
61055: 0.999181
61056: 0.999181
61057: 0.999181
61058: 0.999181
61059: 0.999181
61060: 0.999181
61061: 0.999181
61062: 0.999181
61063: 0.999181
61064: 0.999181
61065: 0.999181
61066: 0.999181
61067: 0.999181
61068: 0.999181
61069: 0.999181
61070: 0.999181
61071: 0.999181
61072: 0.999181
61073: 0.999181
61074: 0.999181
61075: 0.999181
61076: 0.999181
61077: 0.999181
61078: 0.999181
61079: 0.999181
61080: 0.999181
61081: 0.999181
61082: 0.999181
61083: 0.999181
61084: 0.999181
61085: 0.999181
61086: 0.999181
61087: 0.999182
61088: 0.999182
61089: 0.999182
61090: 0.999182
61091: 0.999182
61092: 0.999182
61093: 0.999182
61094: 0.999182
61095: 0.999182
61096: 0.999182
61097: 0.999182
61098: 0.999182
61099: 0.999182
61100: 0.999182
61101: 0.999182
61102: 0.999182
61103: 0.999182
61104: 0.999182
61105: 0.999182
61106: 0.999182
61107: 0.999182
61108: 0.999182
61109: 0.999182
61110: 0.999182
61111: 0.999182
61112: 0.999182
61113: 0.999182
61114: 0.999182
61115: 0.999182
61116: 0.999182
61117: 0.999182
61118: 0.999182
61119: 0.999182
61120: 0.999182
61121: 0.999182
61122: 0.999182
61123: 0.999182
61124: 0.999182
61125: 0.999182
61126: 0.999182
61127: 0.999182
61128: 0.999182
61129: 0.999182
61130: 0.999182
61131: 0.999182
61132: 0.999182
61133: 0.999182
61134: 0.999182
61135: 0.999182
61136: 0.999182
61137: 0.999182
61138: 0.999182
61139: 0.999182
61140: 0.999182
61141: 0.999182
61142: 0.999182
61143: 0.999182
61144: 0.999182
61145: 0.999182
61146: 0.999182
61147: 0.999182
61148: 0.999182
61149: 0.999182
61150: 0.999182
61151: 0.999182
61152: 0.999182
61153: 0.999182
61154: 0.999182
61155: 0.999182
61156: 0.999182
61157: 0.999182
61158: 0.999182
61159: 0.999182
61160: 0.999182
61161: 0.999182
61162: 0.999183
61163: 0.999183
61164: 0.999183
61165: 0.999183
61166: 0.999183
61167: 0.999183
61168: 0.999183
61169: 0.999183
61170: 0.999183
61171: 0.999183
61172: 0.999183
61173: 0.999183
61174: 0.999183
61175: 0.999183
61176: 0.999183
61177: 0.999183
61178: 0.999183
61179: 0.999183
61180: 0.999183
61181: 0.999183
61182: 0.999183
61183: 0.999183
61184: 0.999183
61185: 0.999183
61186: 0.999183
61187: 0.999183
61188: 0.999183
61189: 0.999183
61190: 0.999183
61191: 0.999183
61192: 0.999183
61193: 0.999183
61194: 0.999183
61195: 0.999183
61196: 0.999183
61197: 0.999183
61198: 0.999183
61199: 0.999183
61200: 0.999183
61201: 0.999183
61202: 0.999183
61203: 0.999183
61204: 0.999183
61205: 0.999183
61206: 0.999183
61207: 0.999183
61208: 0.999183
61209: 0.999183
61210: 0.999183
61211: 0.999183
61212: 0.999183
61213: 0.999183
61214: 0.999183
61215: 0.999183
61216: 0.999183
61217: 0.999183
61218: 0.999183
61219: 0.999183
61220: 0.999183
61221: 0.999183
61222: 0.999183
61223: 0.999183
61224: 0.999183
61225: 0.999183
61226: 0.999183
61227: 0.999183
61228: 0.999183
61229: 0.999183
61230: 0.999183
61231: 0.999183
61232: 0.999183
61233: 0.999183
61234: 0.999183
61235: 0.999183
61236: 0.999184
61237: 0.999184
61238: 0.999184
61239: 0.999184
61240: 0.999184
61241: 0.999184
61242: 0.999184
61243: 0.999184
61244: 0.999184
61245: 0.999184
61246: 0.999184
61247: 0.999184
61248: 0.999184
61249: 0.999184
61250: 0.999184
61251: 0.999184
61252: 0.999184
61253: 0.999184
61254: 0.999184
61255: 0.999184
61256: 0.999184
61257: 0.999184
61258: 0.999184
61259: 0.999184
61260: 0.999184
61261: 0.999184
61262: 0.999184
61263: 0.999184
61264: 0.999184
61265: 0.999184
61266: 0.999184
61267: 0.999184
61268: 0.999184
61269: 0.999184
61270: 0.999184
61271: 0.999184
61272: 0.999184
61273: 0.999184
61274: 0.999184
61275: 0.999184
61276: 0.999184
61277: 0.999184
61278: 0.999184
61279: 0.999184
61280: 0.999184
61281: 0.999184
61282: 0.999184
61283: 0.999184
61284: 0.999184
61285: 0.999184
61286: 0.999184
61287: 0.999184
61288: 0.999184
61289: 0.999184
61290: 0.999184
61291: 0.999184
61292: 0.999184
61293: 0.999184
61294: 0.999184
61295: 0.999184
61296: 0.999184
61297: 0.999184
61298: 0.999184
61299: 0.999184
61300: 0.999184
61301: 0.999184
61302: 0.999184
61303: 0.999184
61304: 0.999184
61305: 0.999184
61306: 0.999184
61307: 0.999184
61308: 0.999184
61309: 0.999184
61310: 0.999184
61311: 0.999184
61312: 0.999185
61313: 0.999185
61314: 0.999185
61315: 0.999185
61316: 0.999185
61317: 0.999185
61318: 0.999185
61319: 0.999185
61320: 0.999185
61321: 0.999185
61322: 0.999185
61323: 0.999185
61324: 0.999185
61325: 0.999185
61326: 0.999185
61327: 0.999185
61328: 0.999185
61329: 0.999185
61330: 0.999185
61331: 0.999185
61332: 0.999185
61333: 0.999185
61334: 0.999185
61335: 0.999185
61336: 0.999185
61337: 0.999185
61338: 0.999185
61339: 0.999185
61340: 0.999185
61341: 0.999185
61342: 0.999185
61343: 0.999185
61344: 0.999185
61345: 0.999185
61346: 0.999185
61347: 0.999185
61348: 0.999185
61349: 0.999185
61350: 0.999185
61351: 0.999185
61352: 0.999185
61353: 0.999185
61354: 0.999185
61355: 0.999185
61356: 0.999185
61357: 0.999185
61358: 0.999185
61359: 0.999185
61360: 0.999185
61361: 0.999185
61362: 0.999185
61363: 0.999185
61364: 0.999185
61365: 0.999185
61366: 0.999185
61367: 0.999185
61368: 0.999185
61369: 0.999185
61370: 0.999185
61371: 0.999185
61372: 0.999185
61373: 0.999185
61374: 0.999185
61375: 0.999185
61376: 0.999185
61377: 0.999185
61378: 0.999185
61379: 0.999185
61380: 0.999185
61381: 0.999185
61382: 0.999185
61383: 0.999185
61384: 0.999185
61385: 0.999185
61386: 0.999185
61387: 0.999186
61388: 0.999186
61389: 0.999186
61390: 0.999186
61391: 0.999186
61392: 0.999186
61393: 0.999186
61394: 0.999186
61395: 0.999186
61396: 0.999186
61397: 0.999186
61398: 0.999186
61399: 0.999186
61400: 0.999186
61401: 0.999186
61402: 0.999186
61403: 0.999186
61404: 0.999186
61405: 0.999186
61406: 0.999186
61407: 0.999186
61408: 0.999186
61409: 0.999186
61410: 0.999186
61411: 0.999186
61412: 0.999186
61413: 0.999186
61414: 0.999186
61415: 0.999186
61416: 0.999186
61417: 0.999186
61418: 0.999186
61419: 0.999186
61420: 0.999186
61421: 0.999186
61422: 0.999186
61423: 0.999186
61424: 0.999186
61425: 0.999186
61426: 0.999186
61427: 0.999186
61428: 0.999186
61429: 0.999186
61430: 0.999186
61431: 0.999186
61432: 0.999186
61433: 0.999186
61434: 0.999186
61435: 0.999186
61436: 0.999186
61437: 0.999186
61438: 0.999186
61439: 0.999186
61440: 0.999186
61441: 0.999186
61442: 0.999186
61443: 0.999186
61444: 0.999186
61445: 0.999186
61446: 0.999186
61447: 0.999186
61448: 0.999186
61449: 0.999186
61450: 0.999186
61451: 0.999186
61452: 0.999186
61453: 0.999186
61454: 0.999186
61455: 0.999186
61456: 0.999186
61457: 0.999186
61458: 0.999186
61459: 0.999186
61460: 0.999186
61461: 0.999186
61462: 0.999187
61463: 0.999187
61464: 0.999187
61465: 0.999187
61466: 0.999187
61467: 0.999187
61468: 0.999187
61469: 0.999187
61470: 0.999187
61471: 0.999187
61472: 0.999187
61473: 0.999187
61474: 0.999187
61475: 0.999187
61476: 0.999187
61477: 0.999187
61478: 0.999187
61479: 0.999187
61480: 0.999187
61481: 0.999187
61482: 0.999187
61483: 0.999187
61484: 0.999187
61485: 0.999187
61486: 0.999187
61487: 0.999187
61488: 0.999187
61489: 0.999187
61490: 0.999187
61491: 0.999187
61492: 0.999187
61493: 0.999187
61494: 0.999187
61495: 0.999187
61496: 0.999187
61497: 0.999187
61498: 0.999187
61499: 0.999187
61500: 0.999187
61501: 0.999187
61502: 0.999187
61503: 0.999187
61504: 0.999187
61505: 0.999187
61506: 0.999187
61507: 0.999187
61508: 0.999187
61509: 0.999187
61510: 0.999187
61511: 0.999187
61512: 0.999187
61513: 0.999187
61514: 0.999187
61515: 0.999187
61516: 0.999187
61517: 0.999187
61518: 0.999187
61519: 0.999187
61520: 0.999187
61521: 0.999187
61522: 0.999187
61523: 0.999187
61524: 0.999187
61525: 0.999187
61526: 0.999187
61527: 0.999187
61528: 0.999187
61529: 0.999187
61530: 0.999187
61531: 0.999187
61532: 0.999187
61533: 0.999187
61534: 0.999187
61535: 0.999187
61536: 0.999187
61537: 0.999187
61538: 0.999188
61539: 0.999188
61540: 0.999188
61541: 0.999188
61542: 0.999188
61543: 0.999188
61544: 0.999188
61545: 0.999188
61546: 0.999188
61547: 0.999188
61548: 0.999188
61549: 0.999188
61550: 0.999188
61551: 0.999188
61552: 0.999188
61553: 0.999188
61554: 0.999188
61555: 0.999188
61556: 0.999188
61557: 0.999188
61558: 0.999188
61559: 0.999188
61560: 0.999188
61561: 0.999188
61562: 0.999188
61563: 0.999188
61564: 0.999188
61565: 0.999188
61566: 0.999188
61567: 0.999188
61568: 0.999188
61569: 0.999188
61570: 0.999188
61571: 0.999188
61572: 0.999188
61573: 0.999188
61574: 0.999188
61575: 0.999188
61576: 0.999188
61577: 0.999188
61578: 0.999188
61579: 0.999188
61580: 0.999188
61581: 0.999188
61582: 0.999188
61583: 0.999188
61584: 0.999188
61585: 0.999188
61586: 0.999188
61587: 0.999188
61588: 0.999188
61589: 0.999188
61590: 0.999188
61591: 0.999188
61592: 0.999188
61593: 0.999188
61594: 0.999188
61595: 0.999188
61596: 0.999188
61597: 0.999188
61598: 0.999188
61599: 0.999188
61600: 0.999188
61601: 0.999188
61602: 0.999188
61603: 0.999188
61604: 0.999188
61605: 0.999188
61606: 0.999188
61607: 0.999188
61608: 0.999188
61609: 0.999188
61610: 0.999188
61611: 0.999188
61612: 0.999188
61613: 0.999188
61614: 0.999189
61615: 0.999189
61616: 0.999189
61617: 0.999189
61618: 0.999189
61619: 0.999189
61620: 0.999189
61621: 0.999189
61622: 0.999189
61623: 0.999189
61624: 0.999189
61625: 0.999189
61626: 0.999189
61627: 0.999189
61628: 0.999189
61629: 0.999189
61630: 0.999189
61631: 0.999189
61632: 0.999189
61633: 0.999189
61634: 0.999189
61635: 0.999189
61636: 0.999189
61637: 0.999189
61638: 0.999189
61639: 0.999189
61640: 0.999189
61641: 0.999189
61642: 0.999189
61643: 0.999189
61644: 0.999189
61645: 0.999189
61646: 0.999189
61647: 0.999189
61648: 0.999189
61649: 0.999189
61650: 0.999189
61651: 0.999189
61652: 0.999189
61653: 0.999189
61654: 0.999189
61655: 0.999189
61656: 0.999189
61657: 0.999189
61658: 0.999189
61659: 0.999189
61660: 0.999189
61661: 0.999189
61662: 0.999189
61663: 0.999189
61664: 0.999189
61665: 0.999189
61666: 0.999189
61667: 0.999189
61668: 0.999189
61669: 0.999189
61670: 0.999189
61671: 0.999189
61672: 0.999189
61673: 0.999189
61674: 0.999189
61675: 0.999189
61676: 0.999189
61677: 0.999189
61678: 0.999189
61679: 0.999189
61680: 0.999189
61681: 0.999189
61682: 0.999189
61683: 0.999189
61684: 0.999189
61685: 0.999189
61686: 0.999189
61687: 0.999189
61688: 0.999189
61689: 0.999189
61690: 0.99919
61691: 0.99919
61692: 0.99919
61693: 0.99919
61694: 0.99919
61695: 0.99919
61696: 0.99919
61697: 0.99919
61698: 0.99919
61699: 0.99919
61700: 0.99919
61701: 0.99919
61702: 0.99919
61703: 0.99919
61704: 0.99919
61705: 0.99919
61706: 0.99919
61707: 0.99919
61708: 0.99919
61709: 0.99919
61710: 0.99919
61711: 0.99919
61712: 0.99919
61713: 0.99919
61714: 0.99919
61715: 0.99919
61716: 0.99919
61717: 0.99919
61718: 0.99919
61719: 0.99919
61720: 0.99919
61721: 0.99919
61722: 0.99919
61723: 0.99919
61724: 0.99919
61725: 0.99919
61726: 0.99919
61727: 0.99919
61728: 0.99919
61729: 0.99919
61730: 0.99919
61731: 0.99919
61732: 0.99919
61733: 0.99919
61734: 0.99919
61735: 0.99919
61736: 0.99919
61737: 0.99919
61738: 0.99919
61739: 0.99919
61740: 0.99919
61741: 0.99919
61742: 0.99919
61743: 0.99919
61744: 0.99919
61745: 0.99919
61746: 0.99919
61747: 0.99919
61748: 0.99919
61749: 0.99919
61750: 0.99919
61751: 0.99919
61752: 0.99919
61753: 0.99919
61754: 0.99919
61755: 0.99919
61756: 0.99919
61757: 0.99919
61758: 0.99919
61759: 0.99919
61760: 0.99919
61761: 0.99919
61762: 0.99919
61763: 0.99919
61764: 0.99919
61765: 0.99919
61766: 0.999191
61767: 0.999191
61768: 0.999191
61769: 0.999191
61770: 0.999191
61771: 0.999191
61772: 0.999191
61773: 0.999191
61774: 0.999191
61775: 0.999191
61776: 0.999191
61777: 0.999191
61778: 0.999191
61779: 0.999191
61780: 0.999191
61781: 0.999191
61782: 0.999191
61783: 0.999191
61784: 0.999191
61785: 0.999191
61786: 0.999191
61787: 0.999191
61788: 0.999191
61789: 0.999191
61790: 0.999191
61791: 0.999191
61792: 0.999191
61793: 0.999191
61794: 0.999191
61795: 0.999191
61796: 0.999191
61797: 0.999191
61798: 0.999191
61799: 0.999191
61800: 0.999191
61801: 0.999191
61802: 0.999191
61803: 0.999191
61804: 0.999191
61805: 0.999191
61806: 0.999191
61807: 0.999191
61808: 0.999191
61809: 0.999191
61810: 0.999191
61811: 0.999191
61812: 0.999191
61813: 0.999191
61814: 0.999191
61815: 0.999191
61816: 0.999191
61817: 0.999191
61818: 0.999191
61819: 0.999191
61820: 0.999191
61821: 0.999191
61822: 0.999191
61823: 0.999191
61824: 0.999191
61825: 0.999191
61826: 0.999191
61827: 0.999191
61828: 0.999191
61829: 0.999191
61830: 0.999191
61831: 0.999191
61832: 0.999191
61833: 0.999191
61834: 0.999191
61835: 0.999191
61836: 0.999191
61837: 0.999191
61838: 0.999191
61839: 0.999191
61840: 0.999191
61841: 0.999191
61842: 0.999192
61843: 0.999192
61844: 0.999192
61845: 0.999192
61846: 0.999192
61847: 0.999192
61848: 0.999192
61849: 0.999192
61850: 0.999192
61851: 0.999192
61852: 0.999192
61853: 0.999192
61854: 0.999192
61855: 0.999192
61856: 0.999192
61857: 0.999192
61858: 0.999192
61859: 0.999192
61860: 0.999192
61861: 0.999192
61862: 0.999192
61863: 0.999192
61864: 0.999192
61865: 0.999192
61866: 0.999192
61867: 0.999192
61868: 0.999192
61869: 0.999192
61870: 0.999192
61871: 0.999192
61872: 0.999192
61873: 0.999192
61874: 0.999192
61875: 0.999192
61876: 0.999192
61877: 0.999192
61878: 0.999192
61879: 0.999192
61880: 0.999192
61881: 0.999192
61882: 0.999192
61883: 0.999192
61884: 0.999192
61885: 0.999192
61886: 0.999192
61887: 0.999192
61888: 0.999192
61889: 0.999192
61890: 0.999192
61891: 0.999192
61892: 0.999192
61893: 0.999192
61894: 0.999192
61895: 0.999192
61896: 0.999192
61897: 0.999192
61898: 0.999192
61899: 0.999192
61900: 0.999192
61901: 0.999192
61902: 0.999192
61903: 0.999192
61904: 0.999192
61905: 0.999192
61906: 0.999192
61907: 0.999192
61908: 0.999192
61909: 0.999192
61910: 0.999192
61911: 0.999192
61912: 0.999192
61913: 0.999192
61914: 0.999192
61915: 0.999192
61916: 0.999192
61917: 0.999192
61918: 0.999192
61919: 0.999193
61920: 0.999193
61921: 0.999193
61922: 0.999193
61923: 0.999193
61924: 0.999193
61925: 0.999193
61926: 0.999193
61927: 0.999193
61928: 0.999193
61929: 0.999193
61930: 0.999193
61931: 0.999193
61932: 0.999193
61933: 0.999193
61934: 0.999193
61935: 0.999193
61936: 0.999193
61937: 0.999193
61938: 0.999193
61939: 0.999193
61940: 0.999193
61941: 0.999193
61942: 0.999193
61943: 0.999193
61944: 0.999193
61945: 0.999193
61946: 0.999193
61947: 0.999193
61948: 0.999193
61949: 0.999193
61950: 0.999193
61951: 0.999193
61952: 0.999193
61953: 0.999193
61954: 0.999193
61955: 0.999193
61956: 0.999193
61957: 0.999193
61958: 0.999193
61959: 0.999193
61960: 0.999193
61961: 0.999193
61962: 0.999193
61963: 0.999193
61964: 0.999193
61965: 0.999193
61966: 0.999193
61967: 0.999193
61968: 0.999193
61969: 0.999193
61970: 0.999193
61971: 0.999193
61972: 0.999193
61973: 0.999193
61974: 0.999193
61975: 0.999193
61976: 0.999193
61977: 0.999193
61978: 0.999193
61979: 0.999193
61980: 0.999193
61981: 0.999193
61982: 0.999193
61983: 0.999193
61984: 0.999193
61985: 0.999193
61986: 0.999193
61987: 0.999193
61988: 0.999193
61989: 0.999193
61990: 0.999193
61991: 0.999193
61992: 0.999193
61993: 0.999193
61994: 0.999193
61995: 0.999193
61996: 0.999194
61997: 0.999194
61998: 0.999194
61999: 0.999194
62000: 0.999194
62001: 0.999194
62002: 0.999194
62003: 0.999194
62004: 0.999194
62005: 0.999194
62006: 0.999194
62007: 0.999194
62008: 0.999194
62009: 0.999194
62010: 0.999194
62011: 0.999194
62012: 0.999194
62013: 0.999194
62014: 0.999194
62015: 0.999194
62016: 0.999194
62017: 0.999194
62018: 0.999194
62019: 0.999194
62020: 0.999194
62021: 0.999194
62022: 0.999194
62023: 0.999194
62024: 0.999194
62025: 0.999194
62026: 0.999194
62027: 0.999194
62028: 0.999194
62029: 0.999194
62030: 0.999194
62031: 0.999194
62032: 0.999194
62033: 0.999194
62034: 0.999194
62035: 0.999194
62036: 0.999194
62037: 0.999194
62038: 0.999194
62039: 0.999194
62040: 0.999194
62041: 0.999194
62042: 0.999194
62043: 0.999194
62044: 0.999194
62045: 0.999194
62046: 0.999194
62047: 0.999194
62048: 0.999194
62049: 0.999194
62050: 0.999194
62051: 0.999194
62052: 0.999194
62053: 0.999194
62054: 0.999194
62055: 0.999194
62056: 0.999194
62057: 0.999194
62058: 0.999194
62059: 0.999194
62060: 0.999194
62061: 0.999194
62062: 0.999194
62063: 0.999194
62064: 0.999194
62065: 0.999194
62066: 0.999194
62067: 0.999194
62068: 0.999194
62069: 0.999194
62070: 0.999194
62071: 0.999194
62072: 0.999194
62073: 0.999195
62074: 0.999195
62075: 0.999195
62076: 0.999195
62077: 0.999195
62078: 0.999195
62079: 0.999195
62080: 0.999195
62081: 0.999195
62082: 0.999195
62083: 0.999195
62084: 0.999195
62085: 0.999195
62086: 0.999195
62087: 0.999195
62088: 0.999195
62089: 0.999195
62090: 0.999195
62091: 0.999195
62092: 0.999195
62093: 0.999195
62094: 0.999195
62095: 0.999195
62096: 0.999195
62097: 0.999195
62098: 0.999195
62099: 0.999195
62100: 0.999195
62101: 0.999195
62102: 0.999195
62103: 0.999195
62104: 0.999195
62105: 0.999195
62106: 0.999195
62107: 0.999195
62108: 0.999195
62109: 0.999195
62110: 0.999195
62111: 0.999195
62112: 0.999195
62113: 0.999195
62114: 0.999195
62115: 0.999195
62116: 0.999195
62117: 0.999195
62118: 0.999195
62119: 0.999195
62120: 0.999195
62121: 0.999195
62122: 0.999195
62123: 0.999195
62124: 0.999195
62125: 0.999195
62126: 0.999195
62127: 0.999195
62128: 0.999195
62129: 0.999195
62130: 0.999195
62131: 0.999195
62132: 0.999195
62133: 0.999195
62134: 0.999195
62135: 0.999195
62136: 0.999195
62137: 0.999195
62138: 0.999195
62139: 0.999195
62140: 0.999195
62141: 0.999195
62142: 0.999195
62143: 0.999195
62144: 0.999195
62145: 0.999195
62146: 0.999195
62147: 0.999195
62148: 0.999195
62149: 0.999195
62150: 0.999196
62151: 0.999196
62152: 0.999196
62153: 0.999196
62154: 0.999196
62155: 0.999196
62156: 0.999196
62157: 0.999196
62158: 0.999196
62159: 0.999196
62160: 0.999196
62161: 0.999196
62162: 0.999196
62163: 0.999196
62164: 0.999196
62165: 0.999196
62166: 0.999196
62167: 0.999196
62168: 0.999196
62169: 0.999196
62170: 0.999196
62171: 0.999196
62172: 0.999196
62173: 0.999196
62174: 0.999196
62175: 0.999196
62176: 0.999196
62177: 0.999196
62178: 0.999196
62179: 0.999196
62180: 0.999196
62181: 0.999196
62182: 0.999196
62183: 0.999196
62184: 0.999196
62185: 0.999196
62186: 0.999196
62187: 0.999196
62188: 0.999196
62189: 0.999196
62190: 0.999196
62191: 0.999196
62192: 0.999196
62193: 0.999196
62194: 0.999196
62195: 0.999196
62196: 0.999196
62197: 0.999196
62198: 0.999196
62199: 0.999196
62200: 0.999196
62201: 0.999196
62202: 0.999196
62203: 0.999196
62204: 0.999196
62205: 0.999196
62206: 0.999196
62207: 0.999196
62208: 0.999196
62209: 0.999196
62210: 0.999196
62211: 0.999196
62212: 0.999196
62213: 0.999196
62214: 0.999196
62215: 0.999196
62216: 0.999196
62217: 0.999196
62218: 0.999196
62219: 0.999196
62220: 0.999196
62221: 0.999196
62222: 0.999196
62223: 0.999196
62224: 0.999196
62225: 0.999196
62226: 0.999196
62227: 0.999197
62228: 0.999197
62229: 0.999197
62230: 0.999197
62231: 0.999197
62232: 0.999197
62233: 0.999197
62234: 0.999197
62235: 0.999197
62236: 0.999197
62237: 0.999197
62238: 0.999197
62239: 0.999197
62240: 0.999197
62241: 0.999197
62242: 0.999197
62243: 0.999197
62244: 0.999197
62245: 0.999197
62246: 0.999197
62247: 0.999197
62248: 0.999197
62249: 0.999197
62250: 0.999197
62251: 0.999197
62252: 0.999197
62253: 0.999197
62254: 0.999197
62255: 0.999197
62256: 0.999197
62257: 0.999197
62258: 0.999197
62259: 0.999197
62260: 0.999197
62261: 0.999197
62262: 0.999197
62263: 0.999197
62264: 0.999197
62265: 0.999197
62266: 0.999197
62267: 0.999197
62268: 0.999197
62269: 0.999197
62270: 0.999197
62271: 0.999197
62272: 0.999197
62273: 0.999197
62274: 0.999197
62275: 0.999197
62276: 0.999197
62277: 0.999197
62278: 0.999197
62279: 0.999197
62280: 0.999197
62281: 0.999197
62282: 0.999197
62283: 0.999197
62284: 0.999197
62285: 0.999197
62286: 0.999197
62287: 0.999197
62288: 0.999197
62289: 0.999197
62290: 0.999197
62291: 0.999197
62292: 0.999197
62293: 0.999197
62294: 0.999197
62295: 0.999197
62296: 0.999197
62297: 0.999197
62298: 0.999197
62299: 0.999197
62300: 0.999197
62301: 0.999197
62302: 0.999197
62303: 0.999197
62304: 0.999197
62305: 0.999198
62306: 0.999198
62307: 0.999198
62308: 0.999198
62309: 0.999198
62310: 0.999198
62311: 0.999198
62312: 0.999198
62313: 0.999198
62314: 0.999198
62315: 0.999198
62316: 0.999198
62317: 0.999198
62318: 0.999198
62319: 0.999198
62320: 0.999198
62321: 0.999198
62322: 0.999198
62323: 0.999198
62324: 0.999198
62325: 0.999198
62326: 0.999198
62327: 0.999198
62328: 0.999198
62329: 0.999198
62330: 0.999198
62331: 0.999198
62332: 0.999198
62333: 0.999198
62334: 0.999198
62335: 0.999198
62336: 0.999198
62337: 0.999198
62338: 0.999198
62339: 0.999198
62340: 0.999198
62341: 0.999198
62342: 0.999198
62343: 0.999198
62344: 0.999198
62345: 0.999198
62346: 0.999198
62347: 0.999198
62348: 0.999198
62349: 0.999198
62350: 0.999198
62351: 0.999198
62352: 0.999198
62353: 0.999198
62354: 0.999198
62355: 0.999198
62356: 0.999198
62357: 0.999198
62358: 0.999198
62359: 0.999198
62360: 0.999198
62361: 0.999198
62362: 0.999198
62363: 0.999198
62364: 0.999198
62365: 0.999198
62366: 0.999198
62367: 0.999198
62368: 0.999198
62369: 0.999198
62370: 0.999198
62371: 0.999198
62372: 0.999198
62373: 0.999198
62374: 0.999198
62375: 0.999198
62376: 0.999198
62377: 0.999198
62378: 0.999198
62379: 0.999198
62380: 0.999198
62381: 0.999198
62382: 0.999198
62383: 0.999199
62384: 0.999199
62385: 0.999199
62386: 0.999199
62387: 0.999199
62388: 0.999199
62389: 0.999199
62390: 0.999199
62391: 0.999199
62392: 0.999199
62393: 0.999199
62394: 0.999199
62395: 0.999199
62396: 0.999199
62397: 0.999199
62398: 0.999199
62399: 0.999199
62400: 0.999199
62401: 0.999199
62402: 0.999199
62403: 0.999199
62404: 0.999199
62405: 0.999199
62406: 0.999199
62407: 0.999199
62408: 0.999199
62409: 0.999199
62410: 0.999199
62411: 0.999199
62412: 0.999199
62413: 0.999199
62414: 0.999199
62415: 0.999199
62416: 0.999199
62417: 0.999199
62418: 0.999199
62419: 0.999199
62420: 0.999199
62421: 0.999199
62422: 0.999199
62423: 0.999199
62424: 0.999199
62425: 0.999199
62426: 0.999199
62427: 0.999199
62428: 0.999199
62429: 0.999199
62430: 0.999199
62431: 0.999199
62432: 0.999199
62433: 0.999199
62434: 0.999199
62435: 0.999199
62436: 0.999199
62437: 0.999199
62438: 0.999199
62439: 0.999199
62440: 0.999199
62441: 0.999199
62442: 0.999199
62443: 0.999199
62444: 0.999199
62445: 0.999199
62446: 0.999199
62447: 0.999199
62448: 0.999199
62449: 0.999199
62450: 0.999199
62451: 0.999199
62452: 0.999199
62453: 0.999199
62454: 0.999199
62455: 0.999199
62456: 0.999199
62457: 0.999199
62458: 0.999199
62459: 0.999199
62460: 0.9992
62461: 0.9992
62462: 0.9992
62463: 0.9992
62464: 0.9992
62465: 0.9992
62466: 0.9992
62467: 0.9992
62468: 0.9992
62469: 0.9992
62470: 0.9992
62471: 0.9992
62472: 0.9992
62473: 0.9992
62474: 0.9992
62475: 0.9992
62476: 0.9992
62477: 0.9992
62478: 0.9992
62479: 0.9992
62480: 0.9992
62481: 0.9992
62482: 0.9992
62483: 0.9992
62484: 0.9992
62485: 0.9992
62486: 0.9992
62487: 0.9992
62488: 0.9992
62489: 0.9992
62490: 0.9992
62491: 0.9992
62492: 0.9992
62493: 0.9992
62494: 0.9992
62495: 0.9992
62496: 0.9992
62497: 0.9992
62498: 0.9992
62499: 0.9992
62500: 0.9992
62501: 0.9992
62502: 0.9992
62503: 0.9992
62504: 0.9992
62505: 0.9992
62506: 0.9992
62507: 0.9992
62508: 0.9992
62509: 0.9992
62510: 0.9992
62511: 0.9992
62512: 0.9992
62513: 0.9992
62514: 0.9992
62515: 0.9992
62516: 0.9992
62517: 0.9992
62518: 0.9992
62519: 0.9992
62520: 0.9992
62521: 0.9992
62522: 0.9992
62523: 0.9992
62524: 0.9992
62525: 0.9992
62526: 0.9992
62527: 0.9992
62528: 0.9992
62529: 0.9992
62530: 0.9992
62531: 0.9992
62532: 0.9992
62533: 0.9992
62534: 0.9992
62535: 0.9992
62536: 0.9992
62537: 0.9992
62538: 0.9992
62539: 0.999201
62540: 0.999201
62541: 0.999201
62542: 0.999201
62543: 0.999201
62544: 0.999201
62545: 0.999201
62546: 0.999201
62547: 0.999201
62548: 0.999201
62549: 0.999201
62550: 0.999201
62551: 0.999201
62552: 0.999201
62553: 0.999201
62554: 0.999201
62555: 0.999201
62556: 0.999201
62557: 0.999201
62558: 0.999201
62559: 0.999201
62560: 0.999201
62561: 0.999201
62562: 0.999201
62563: 0.999201
62564: 0.999201
62565: 0.999201
62566: 0.999201
62567: 0.999201
62568: 0.999201
62569: 0.999201
62570: 0.999201
62571: 0.999201
62572: 0.999201
62573: 0.999201
62574: 0.999201
62575: 0.999201
62576: 0.999201
62577: 0.999201
62578: 0.999201
62579: 0.999201
62580: 0.999201
62581: 0.999201
62582: 0.999201
62583: 0.999201
62584: 0.999201
62585: 0.999201
62586: 0.999201
62587: 0.999201
62588: 0.999201
62589: 0.999201
62590: 0.999201
62591: 0.999201
62592: 0.999201
62593: 0.999201
62594: 0.999201
62595: 0.999201
62596: 0.999201
62597: 0.999201
62598: 0.999201
62599: 0.999201
62600: 0.999201
62601: 0.999201
62602: 0.999201
62603: 0.999201
62604: 0.999201
62605: 0.999201
62606: 0.999201
62607: 0.999201
62608: 0.999201
62609: 0.999201
62610: 0.999201
62611: 0.999201
62612: 0.999201
62613: 0.999201
62614: 0.999201
62615: 0.999201
62616: 0.999201
62617: 0.999202
62618: 0.999202
62619: 0.999202
62620: 0.999202
62621: 0.999202
62622: 0.999202
62623: 0.999202
62624: 0.999202
62625: 0.999202
62626: 0.999202
62627: 0.999202
62628: 0.999202
62629: 0.999202
62630: 0.999202
62631: 0.999202
62632: 0.999202
62633: 0.999202
62634: 0.999202
62635: 0.999202
62636: 0.999202
62637: 0.999202
62638: 0.999202
62639: 0.999202
62640: 0.999202
62641: 0.999202
62642: 0.999202
62643: 0.999202
62644: 0.999202
62645: 0.999202
62646: 0.999202
62647: 0.999202
62648: 0.999202
62649: 0.999202
62650: 0.999202
62651: 0.999202
62652: 0.999202
62653: 0.999202
62654: 0.999202
62655: 0.999202
62656: 0.999202
62657: 0.999202
62658: 0.999202
62659: 0.999202
62660: 0.999202
62661: 0.999202
62662: 0.999202
62663: 0.999202
62664: 0.999202
62665: 0.999202
62666: 0.999202
62667: 0.999202
62668: 0.999202
62669: 0.999202
62670: 0.999202
62671: 0.999202
62672: 0.999202
62673: 0.999202
62674: 0.999202
62675: 0.999202
62676: 0.999202
62677: 0.999202
62678: 0.999202
62679: 0.999202
62680: 0.999202
62681: 0.999202
62682: 0.999202
62683: 0.999202
62684: 0.999202
62685: 0.999202
62686: 0.999202
62687: 0.999202
62688: 0.999202
62689: 0.999202
62690: 0.999202
62691: 0.999202
62692: 0.999202
62693: 0.999202
62694: 0.999202
62695: 0.999203
62696: 0.999203
62697: 0.999203
62698: 0.999203
62699: 0.999203
62700: 0.999203
62701: 0.999203
62702: 0.999203
62703: 0.999203
62704: 0.999203
62705: 0.999203
62706: 0.999203
62707: 0.999203
62708: 0.999203
62709: 0.999203
62710: 0.999203
62711: 0.999203
62712: 0.999203
62713: 0.999203
62714: 0.999203
62715: 0.999203
62716: 0.999203
62717: 0.999203
62718: 0.999203
62719: 0.999203
62720: 0.999203
62721: 0.999203
62722: 0.999203
62723: 0.999203
62724: 0.999203
62725: 0.999203
62726: 0.999203
62727: 0.999203
62728: 0.999203
62729: 0.999203
62730: 0.999203
62731: 0.999203
62732: 0.999203
62733: 0.999203
62734: 0.999203
62735: 0.999203
62736: 0.999203
62737: 0.999203
62738: 0.999203
62739: 0.999203
62740: 0.999203
62741: 0.999203
62742: 0.999203
62743: 0.999203
62744: 0.999203
62745: 0.999203
62746: 0.999203
62747: 0.999203
62748: 0.999203
62749: 0.999203
62750: 0.999203
62751: 0.999203
62752: 0.999203
62753: 0.999203
62754: 0.999203
62755: 0.999203
62756: 0.999203
62757: 0.999203
62758: 0.999203
62759: 0.999203
62760: 0.999203
62761: 0.999203
62762: 0.999203
62763: 0.999203
62764: 0.999203
62765: 0.999203
62766: 0.999203
62767: 0.999203
62768: 0.999203
62769: 0.999203
62770: 0.999203
62771: 0.999203
62772: 0.999203
62773: 0.999203
62774: 0.999204
62775: 0.999204
62776: 0.999204
62777: 0.999204
62778: 0.999204
62779: 0.999204
62780: 0.999204
62781: 0.999204
62782: 0.999204
62783: 0.999204
62784: 0.999204
62785: 0.999204
62786: 0.999204
62787: 0.999204
62788: 0.999204
62789: 0.999204
62790: 0.999204
62791: 0.999204
62792: 0.999204
62793: 0.999204
62794: 0.999204
62795: 0.999204
62796: 0.999204
62797: 0.999204
62798: 0.999204
62799: 0.999204
62800: 0.999204
62801: 0.999204
62802: 0.999204
62803: 0.999204
62804: 0.999204
62805: 0.999204
62806: 0.999204
62807: 0.999204
62808: 0.999204
62809: 0.999204
62810: 0.999204
62811: 0.999204
62812: 0.999204
62813: 0.999204
62814: 0.999204
62815: 0.999204
62816: 0.999204
62817: 0.999204
62818: 0.999204
62819: 0.999204
62820: 0.999204
62821: 0.999204
62822: 0.999204
62823: 0.999204
62824: 0.999204
62825: 0.999204
62826: 0.999204
62827: 0.999204
62828: 0.999204
62829: 0.999204
62830: 0.999204
62831: 0.999204
62832: 0.999204
62833: 0.999204
62834: 0.999204
62835: 0.999204
62836: 0.999204
62837: 0.999204
62838: 0.999204
62839: 0.999204
62840: 0.999204
62841: 0.999204
62842: 0.999204
62843: 0.999204
62844: 0.999204
62845: 0.999204
62846: 0.999204
62847: 0.999204
62848: 0.999204
62849: 0.999204
62850: 0.999204
62851: 0.999204
62852: 0.999204
62853: 0.999205
62854: 0.999205
62855: 0.999205
62856: 0.999205
62857: 0.999205
62858: 0.999205
62859: 0.999205
62860: 0.999205
62861: 0.999205
62862: 0.999205
62863: 0.999205
62864: 0.999205
62865: 0.999205
62866: 0.999205
62867: 0.999205
62868: 0.999205
62869: 0.999205
62870: 0.999205
62871: 0.999205
62872: 0.999205
62873: 0.999205
62874: 0.999205
62875: 0.999205
62876: 0.999205
62877: 0.999205
62878: 0.999205
62879: 0.999205
62880: 0.999205
62881: 0.999205
62882: 0.999205
62883: 0.999205
62884: 0.999205
62885: 0.999205
62886: 0.999205
62887: 0.999205
62888: 0.999205
62889: 0.999205
62890: 0.999205
62891: 0.999205
62892: 0.999205
62893: 0.999205
62894: 0.999205
62895: 0.999205
62896: 0.999205
62897: 0.999205
62898: 0.999205
62899: 0.999205
62900: 0.999205
62901: 0.999205
62902: 0.999205
62903: 0.999205
62904: 0.999205
62905: 0.999205
62906: 0.999205
62907: 0.999205
62908: 0.999205
62909: 0.999205
62910: 0.999205
62911: 0.999205
62912: 0.999205
62913: 0.999205
62914: 0.999205
62915: 0.999205
62916: 0.999205
62917: 0.999205
62918: 0.999205
62919: 0.999205
62920: 0.999205
62921: 0.999205
62922: 0.999205
62923: 0.999205
62924: 0.999205
62925: 0.999205
62926: 0.999205
62927: 0.999205
62928: 0.999205
62929: 0.999205
62930: 0.999205
62931: 0.999205
62932: 0.999206
62933: 0.999206
62934: 0.999206
62935: 0.999206
62936: 0.999206
62937: 0.999206
62938: 0.999206
62939: 0.999206
62940: 0.999206
62941: 0.999206
62942: 0.999206
62943: 0.999206
62944: 0.999206
62945: 0.999206
62946: 0.999206
62947: 0.999206
62948: 0.999206
62949: 0.999206
62950: 0.999206
62951: 0.999206
62952: 0.999206
62953: 0.999206
62954: 0.999206
62955: 0.999206
62956: 0.999206
62957: 0.999206
62958: 0.999206
62959: 0.999206
62960: 0.999206
62961: 0.999206
62962: 0.999206
62963: 0.999206
62964: 0.999206
62965: 0.999206
62966: 0.999206
62967: 0.999206
62968: 0.999206
62969: 0.999206
62970: 0.999206
62971: 0.999206
62972: 0.999206
62973: 0.999206
62974: 0.999206
62975: 0.999206
62976: 0.999206
62977: 0.999206
62978: 0.999206
62979: 0.999206
62980: 0.999206
62981: 0.999206
62982: 0.999206
62983: 0.999206
62984: 0.999206
62985: 0.999206
62986: 0.999206
62987: 0.999206
62988: 0.999206
62989: 0.999206
62990: 0.999206
62991: 0.999206
62992: 0.999206
62993: 0.999206
62994: 0.999206
62995: 0.999206
62996: 0.999206
62997: 0.999206
62998: 0.999206
62999: 0.999206
63000: 0.999206
63001: 0.999206
63002: 0.999206
63003: 0.999206
63004: 0.999206
63005: 0.999206
63006: 0.999206
63007: 0.999206
63008: 0.999206
63009: 0.999206
63010: 0.999206
63011: 0.999207
63012: 0.999207
63013: 0.999207
63014: 0.999207
63015: 0.999207
63016: 0.999207
63017: 0.999207
63018: 0.999207
63019: 0.999207
63020: 0.999207
63021: 0.999207
63022: 0.999207
63023: 0.999207
63024: 0.999207
63025: 0.999207
63026: 0.999207
63027: 0.999207
63028: 0.999207
63029: 0.999207
63030: 0.999207
63031: 0.999207
63032: 0.999207
63033: 0.999207
63034: 0.999207
63035: 0.999207
63036: 0.999207
63037: 0.999207
63038: 0.999207
63039: 0.999207
63040: 0.999207
63041: 0.999207
63042: 0.999207
63043: 0.999207
63044: 0.999207
63045: 0.999207
63046: 0.999207
63047: 0.999207
63048: 0.999207
63049: 0.999207
63050: 0.999207
63051: 0.999207
63052: 0.999207
63053: 0.999207
63054: 0.999207
63055: 0.999207
63056: 0.999207
63057: 0.999207
63058: 0.999207
63059: 0.999207
63060: 0.999207
63061: 0.999207
63062: 0.999207
63063: 0.999207
63064: 0.999207
63065: 0.999207
63066: 0.999207
63067: 0.999207
63068: 0.999207
63069: 0.999207
63070: 0.999207
63071: 0.999207
63072: 0.999207
63073: 0.999207
63074: 0.999207
63075: 0.999207
63076: 0.999207
63077: 0.999207
63078: 0.999207
63079: 0.999207
63080: 0.999207
63081: 0.999207
63082: 0.999207
63083: 0.999207
63084: 0.999207
63085: 0.999207
63086: 0.999207
63087: 0.999207
63088: 0.999207
63089: 0.999207
63090: 0.999207
63091: 0.999208
63092: 0.999208
63093: 0.999208
63094: 0.999208
63095: 0.999208
63096: 0.999208
63097: 0.999208
63098: 0.999208
63099: 0.999208
63100: 0.999208
63101: 0.999208
63102: 0.999208
63103: 0.999208
63104: 0.999208
63105: 0.999208
63106: 0.999208
63107: 0.999208
63108: 0.999208
63109: 0.999208
63110: 0.999208
63111: 0.999208
63112: 0.999208
63113: 0.999208
63114: 0.999208
63115: 0.999208
63116: 0.999208
63117: 0.999208
63118: 0.999208
63119: 0.999208
63120: 0.999208
63121: 0.999208
63122: 0.999208
63123: 0.999208
63124: 0.999208
63125: 0.999208
63126: 0.999208
63127: 0.999208
63128: 0.999208
63129: 0.999208
63130: 0.999208
63131: 0.999208
63132: 0.999208
63133: 0.999208
63134: 0.999208
63135: 0.999208
63136: 0.999208
63137: 0.999208
63138: 0.999208
63139: 0.999208
63140: 0.999208
63141: 0.999208
63142: 0.999208
63143: 0.999208
63144: 0.999208
63145: 0.999208
63146: 0.999208
63147: 0.999208
63148: 0.999208
63149: 0.999208
63150: 0.999208
63151: 0.999208
63152: 0.999208
63153: 0.999208
63154: 0.999208
63155: 0.999208
63156: 0.999208
63157: 0.999208
63158: 0.999208
63159: 0.999208
63160: 0.999208
63161: 0.999208
63162: 0.999208
63163: 0.999208
63164: 0.999208
63165: 0.999208
63166: 0.999208
63167: 0.999208
63168: 0.999208
63169: 0.999208
63170: 0.999208
63171: 0.999209
63172: 0.999209
63173: 0.999209
63174: 0.999209
63175: 0.999209
63176: 0.999209
63177: 0.999209
63178: 0.999209
63179: 0.999209
63180: 0.999209
63181: 0.999209
63182: 0.999209
63183: 0.999209
63184: 0.999209
63185: 0.999209
63186: 0.999209
63187: 0.999209
63188: 0.999209
63189: 0.999209
63190: 0.999209
63191: 0.999209
63192: 0.999209
63193: 0.999209
63194: 0.999209
63195: 0.999209
63196: 0.999209
63197: 0.999209
63198: 0.999209
63199: 0.999209
63200: 0.999209
63201: 0.999209
63202: 0.999209
63203: 0.999209
63204: 0.999209
63205: 0.999209
63206: 0.999209
63207: 0.999209
63208: 0.999209
63209: 0.999209
63210: 0.999209
63211: 0.999209
63212: 0.999209
63213: 0.999209
63214: 0.999209
63215: 0.999209
63216: 0.999209
63217: 0.999209
63218: 0.999209
63219: 0.999209
63220: 0.999209
63221: 0.999209
63222: 0.999209
63223: 0.999209
63224: 0.999209
63225: 0.999209
63226: 0.999209
63227: 0.999209
63228: 0.999209
63229: 0.999209
63230: 0.999209
63231: 0.999209
63232: 0.999209
63233: 0.999209
63234: 0.999209
63235: 0.999209
63236: 0.999209
63237: 0.999209
63238: 0.999209
63239: 0.999209
63240: 0.999209
63241: 0.999209
63242: 0.999209
63243: 0.999209
63244: 0.999209
63245: 0.999209
63246: 0.999209
63247: 0.999209
63248: 0.999209
63249: 0.999209
63250: 0.999209
63251: 0.99921
63252: 0.99921
63253: 0.99921
63254: 0.99921
63255: 0.99921
63256: 0.99921
63257: 0.99921
63258: 0.99921
63259: 0.99921
63260: 0.99921
63261: 0.99921
63262: 0.99921
63263: 0.99921
63264: 0.99921
63265: 0.99921
63266: 0.99921
63267: 0.99921
63268: 0.99921
63269: 0.99921
63270: 0.99921
63271: 0.99921
63272: 0.99921
63273: 0.99921
63274: 0.99921
63275: 0.99921
63276: 0.99921
63277: 0.99921
63278: 0.99921
63279: 0.99921
63280: 0.99921
63281: 0.99921
63282: 0.99921
63283: 0.99921
63284: 0.99921
63285: 0.99921
63286: 0.99921
63287: 0.99921
63288: 0.99921
63289: 0.99921
63290: 0.99921
63291: 0.99921
63292: 0.99921
63293: 0.99921
63294: 0.99921
63295: 0.99921
63296: 0.99921
63297: 0.99921
63298: 0.99921
63299: 0.99921
63300: 0.99921
63301: 0.99921
63302: 0.99921
63303: 0.99921
63304: 0.99921
63305: 0.99921
63306: 0.99921
63307: 0.99921
63308: 0.99921
63309: 0.99921
63310: 0.99921
63311: 0.99921
63312: 0.99921
63313: 0.99921
63314: 0.99921
63315: 0.99921
63316: 0.99921
63317: 0.99921
63318: 0.99921
63319: 0.99921
63320: 0.99921
63321: 0.99921
63322: 0.99921
63323: 0.99921
63324: 0.99921
63325: 0.99921
63326: 0.99921
63327: 0.99921
63328: 0.99921
63329: 0.99921
63330: 0.99921
63331: 0.999211
63332: 0.999211
63333: 0.999211
63334: 0.999211
63335: 0.999211
63336: 0.999211
63337: 0.999211
63338: 0.999211
63339: 0.999211
63340: 0.999211
63341: 0.999211
63342: 0.999211
63343: 0.999211
63344: 0.999211
63345: 0.999211
63346: 0.999211
63347: 0.999211
63348: 0.999211
63349: 0.999211
63350: 0.999211
63351: 0.999211
63352: 0.999211
63353: 0.999211
63354: 0.999211
63355: 0.999211
63356: 0.999211
63357: 0.999211
63358: 0.999211
63359: 0.999211
63360: 0.999211
63361: 0.999211
63362: 0.999211
63363: 0.999211
63364: 0.999211
63365: 0.999211
63366: 0.999211
63367: 0.999211
63368: 0.999211
63369: 0.999211
63370: 0.999211
63371: 0.999211
63372: 0.999211
63373: 0.999211
63374: 0.999211
63375: 0.999211
63376: 0.999211
63377: 0.999211
63378: 0.999211
63379: 0.999211
63380: 0.999211
63381: 0.999211
63382: 0.999211
63383: 0.999211
63384: 0.999211
63385: 0.999211
63386: 0.999211
63387: 0.999211
63388: 0.999211
63389: 0.999211
63390: 0.999211
63391: 0.999211
63392: 0.999211
63393: 0.999211
63394: 0.999211
63395: 0.999211
63396: 0.999211
63397: 0.999211
63398: 0.999211
63399: 0.999211
63400: 0.999211
63401: 0.999211
63402: 0.999211
63403: 0.999211
63404: 0.999211
63405: 0.999211
63406: 0.999211
63407: 0.999211
63408: 0.999211
63409: 0.999211
63410: 0.999211
63411: 0.999212
63412: 0.999212
63413: 0.999212
63414: 0.999212
63415: 0.999212
63416: 0.999212
63417: 0.999212
63418: 0.999212
63419: 0.999212
63420: 0.999212
63421: 0.999212
63422: 0.999212
63423: 0.999212
63424: 0.999212
63425: 0.999212
63426: 0.999212
63427: 0.999212
63428: 0.999212
63429: 0.999212
63430: 0.999212
63431: 0.999212
63432: 0.999212
63433: 0.999212
63434: 0.999212
63435: 0.999212
63436: 0.999212
63437: 0.999212
63438: 0.999212
63439: 0.999212
63440: 0.999212
63441: 0.999212
63442: 0.999212
63443: 0.999212
63444: 0.999212
63445: 0.999212
63446: 0.999212
63447: 0.999212
63448: 0.999212
63449: 0.999212
63450: 0.999212
63451: 0.999212
63452: 0.999212
63453: 0.999212
63454: 0.999212
63455: 0.999212
63456: 0.999212
63457: 0.999212
63458: 0.999212
63459: 0.999212
63460: 0.999212
63461: 0.999212
63462: 0.999212
63463: 0.999212
63464: 0.999212
63465: 0.999212
63466: 0.999212
63467: 0.999212
63468: 0.999212
63469: 0.999212
63470: 0.999212
63471: 0.999212
63472: 0.999212
63473: 0.999212
63474: 0.999212
63475: 0.999212
63476: 0.999212
63477: 0.999212
63478: 0.999212
63479: 0.999212
63480: 0.999212
63481: 0.999212
63482: 0.999212
63483: 0.999212
63484: 0.999212
63485: 0.999212
63486: 0.999212
63487: 0.999212
63488: 0.999212
63489: 0.999212
63490: 0.999212
63491: 0.999212
63492: 0.999213
63493: 0.999213
63494: 0.999213
63495: 0.999213
63496: 0.999213
63497: 0.999213
63498: 0.999213
63499: 0.999213
63500: 0.999213
63501: 0.999213
63502: 0.999213
63503: 0.999213
63504: 0.999213
63505: 0.999213
63506: 0.999213
63507: 0.999213
63508: 0.999213
63509: 0.999213
63510: 0.999213
63511: 0.999213
63512: 0.999213
63513: 0.999213
63514: 0.999213
63515: 0.999213
63516: 0.999213
63517: 0.999213
63518: 0.999213
63519: 0.999213
63520: 0.999213
63521: 0.999213
63522: 0.999213
63523: 0.999213
63524: 0.999213
63525: 0.999213
63526: 0.999213
63527: 0.999213
63528: 0.999213
63529: 0.999213
63530: 0.999213
63531: 0.999213
63532: 0.999213
63533: 0.999213
63534: 0.999213
63535: 0.999213
63536: 0.999213
63537: 0.999213
63538: 0.999213
63539: 0.999213
63540: 0.999213
63541: 0.999213
63542: 0.999213
63543: 0.999213
63544: 0.999213
63545: 0.999213
63546: 0.999213
63547: 0.999213
63548: 0.999213
63549: 0.999213
63550: 0.999213
63551: 0.999213
63552: 0.999213
63553: 0.999213
63554: 0.999213
63555: 0.999213
63556: 0.999213
63557: 0.999213
63558: 0.999213
63559: 0.999213
63560: 0.999213
63561: 0.999213
63562: 0.999213
63563: 0.999213
63564: 0.999213
63565: 0.999213
63566: 0.999213
63567: 0.999213
63568: 0.999213
63569: 0.999213
63570: 0.999213
63571: 0.999213
63572: 0.999214
63573: 0.999214
63574: 0.999214
63575: 0.999214
63576: 0.999214
63577: 0.999214
63578: 0.999214
63579: 0.999214
63580: 0.999214
63581: 0.999214
63582: 0.999214
63583: 0.999214
63584: 0.999214
63585: 0.999214
63586: 0.999214
63587: 0.999214
63588: 0.999214
63589: 0.999214
63590: 0.999214
63591: 0.999214
63592: 0.999214
63593: 0.999214
63594: 0.999214
63595: 0.999214
63596: 0.999214
63597: 0.999214
63598: 0.999214
63599: 0.999214
63600: 0.999214
63601: 0.999214
63602: 0.999214
63603: 0.999214
63604: 0.999214
63605: 0.999214
63606: 0.999214
63607: 0.999214
63608: 0.999214
63609: 0.999214
63610: 0.999214
63611: 0.999214
63612: 0.999214
63613: 0.999214
63614: 0.999214
63615: 0.999214
63616: 0.999214
63617: 0.999214
63618: 0.999214
63619: 0.999214
63620: 0.999214
63621: 0.999214
63622: 0.999214
63623: 0.999214
63624: 0.999214
63625: 0.999214
63626: 0.999214
63627: 0.999214
63628: 0.999214
63629: 0.999214
63630: 0.999214
63631: 0.999214
63632: 0.999214
63633: 0.999214
63634: 0.999214
63635: 0.999214
63636: 0.999214
63637: 0.999214
63638: 0.999214
63639: 0.999214
63640: 0.999214
63641: 0.999214
63642: 0.999214
63643: 0.999214
63644: 0.999214
63645: 0.999214
63646: 0.999214
63647: 0.999214
63648: 0.999214
63649: 0.999214
63650: 0.999214
63651: 0.999214
63652: 0.999214
63653: 0.999215
63654: 0.999215
63655: 0.999215
63656: 0.999215
63657: 0.999215
63658: 0.999215
63659: 0.999215
63660: 0.999215
63661: 0.999215
63662: 0.999215
63663: 0.999215
63664: 0.999215
63665: 0.999215
63666: 0.999215
63667: 0.999215
63668: 0.999215
63669: 0.999215
63670: 0.999215
63671: 0.999215
63672: 0.999215
63673: 0.999215
63674: 0.999215
63675: 0.999215
63676: 0.999215
63677: 0.999215
63678: 0.999215
63679: 0.999215
63680: 0.999215
63681: 0.999215
63682: 0.999215
63683: 0.999215
63684: 0.999215
63685: 0.999215
63686: 0.999215
63687: 0.999215
63688: 0.999215
63689: 0.999215
63690: 0.999215
63691: 0.999215
63692: 0.999215
63693: 0.999215
63694: 0.999215
63695: 0.999215
63696: 0.999215
63697: 0.999215
63698: 0.999215
63699: 0.999215
63700: 0.999215
63701: 0.999215
63702: 0.999215
63703: 0.999215
63704: 0.999215
63705: 0.999215
63706: 0.999215
63707: 0.999215
63708: 0.999215
63709: 0.999215
63710: 0.999215
63711: 0.999215
63712: 0.999215
63713: 0.999215
63714: 0.999215
63715: 0.999215
63716: 0.999215
63717: 0.999215
63718: 0.999215
63719: 0.999215
63720: 0.999215
63721: 0.999215
63722: 0.999215
63723: 0.999215
63724: 0.999215
63725: 0.999215
63726: 0.999215
63727: 0.999215
63728: 0.999215
63729: 0.999215
63730: 0.999215
63731: 0.999215
63732: 0.999215
63733: 0.999215
63734: 0.999216
63735: 0.999216
63736: 0.999216
63737: 0.999216
63738: 0.999216
63739: 0.999216
63740: 0.999216
63741: 0.999216
63742: 0.999216
63743: 0.999216
63744: 0.999216
63745: 0.999216
63746: 0.999216
63747: 0.999216
63748: 0.999216
63749: 0.999216
63750: 0.999216
63751: 0.999216
63752: 0.999216
63753: 0.999216
63754: 0.999216
63755: 0.999216
63756: 0.999216
63757: 0.999216
63758: 0.999216
63759: 0.999216
63760: 0.999216
63761: 0.999216
63762: 0.999216
63763: 0.999216
63764: 0.999216
63765: 0.999216
63766: 0.999216
63767: 0.999216
63768: 0.999216
63769: 0.999216
63770: 0.999216
63771: 0.999216
63772: 0.999216
63773: 0.999216
63774: 0.999216
63775: 0.999216
63776: 0.999216
63777: 0.999216
63778: 0.999216
63779: 0.999216
63780: 0.999216
63781: 0.999216
63782: 0.999216
63783: 0.999216
63784: 0.999216
63785: 0.999216
63786: 0.999216
63787: 0.999216
63788: 0.999216
63789: 0.999216
63790: 0.999216
63791: 0.999216
63792: 0.999216
63793: 0.999216
63794: 0.999216
63795: 0.999216
63796: 0.999216
63797: 0.999216
63798: 0.999216
63799: 0.999216
63800: 0.999216
63801: 0.999216
63802: 0.999216
63803: 0.999216
63804: 0.999216
63805: 0.999216
63806: 0.999216
63807: 0.999216
63808: 0.999216
63809: 0.999216
63810: 0.999216
63811: 0.999216
63812: 0.999216
63813: 0.999216
63814: 0.999216
63815: 0.999216
63816: 0.999217
63817: 0.999217
63818: 0.999217
63819: 0.999217
63820: 0.999217
63821: 0.999217
63822: 0.999217
63823: 0.999217
63824: 0.999217
63825: 0.999217
63826: 0.999217
63827: 0.999217
63828: 0.999217
63829: 0.999217
63830: 0.999217
63831: 0.999217
63832: 0.999217
63833: 0.999217
63834: 0.999217
63835: 0.999217
63836: 0.999217
63837: 0.999217
63838: 0.999217
63839: 0.999217
63840: 0.999217
63841: 0.999217
63842: 0.999217
63843: 0.999217
63844: 0.999217
63845: 0.999217
63846: 0.999217
63847: 0.999217
63848: 0.999217
63849: 0.999217
63850: 0.999217
63851: 0.999217
63852: 0.999217
63853: 0.999217
63854: 0.999217
63855: 0.999217
63856: 0.999217
63857: 0.999217
63858: 0.999217
63859: 0.999217
63860: 0.999217
63861: 0.999217
63862: 0.999217
63863: 0.999217
63864: 0.999217
63865: 0.999217
63866: 0.999217
63867: 0.999217
63868: 0.999217
63869: 0.999217
63870: 0.999217
63871: 0.999217
63872: 0.999217
63873: 0.999217
63874: 0.999217
63875: 0.999217
63876: 0.999217
63877: 0.999217
63878: 0.999217
63879: 0.999217
63880: 0.999217
63881: 0.999217
63882: 0.999217
63883: 0.999217
63884: 0.999217
63885: 0.999217
63886: 0.999217
63887: 0.999217
63888: 0.999217
63889: 0.999217
63890: 0.999217
63891: 0.999217
63892: 0.999217
63893: 0.999217
63894: 0.999217
63895: 0.999217
63896: 0.999217
63897: 0.999218
63898: 0.999218
63899: 0.999218
63900: 0.999218
63901: 0.999218
63902: 0.999218
63903: 0.999218
63904: 0.999218
63905: 0.999218
63906: 0.999218
63907: 0.999218
63908: 0.999218
63909: 0.999218
63910: 0.999218
63911: 0.999218
63912: 0.999218
63913: 0.999218
63914: 0.999218
63915: 0.999218
63916: 0.999218
63917: 0.999218
63918: 0.999218
63919: 0.999218
63920: 0.999218
63921: 0.999218
63922: 0.999218
63923: 0.999218
63924: 0.999218
63925: 0.999218
63926: 0.999218
63927: 0.999218
63928: 0.999218
63929: 0.999218
63930: 0.999218
63931: 0.999218
63932: 0.999218
63933: 0.999218
63934: 0.999218
63935: 0.999218
63936: 0.999218
63937: 0.999218
63938: 0.999218
63939: 0.999218
63940: 0.999218
63941: 0.999218
63942: 0.999218
63943: 0.999218
63944: 0.999218
63945: 0.999218
63946: 0.999218
63947: 0.999218
63948: 0.999218
63949: 0.999218
63950: 0.999218
63951: 0.999218
63952: 0.999218
63953: 0.999218
63954: 0.999218
63955: 0.999218
63956: 0.999218
63957: 0.999218
63958: 0.999218
63959: 0.999218
63960: 0.999218
63961: 0.999218
63962: 0.999218
63963: 0.999218
63964: 0.999218
63965: 0.999218
63966: 0.999218
63967: 0.999218
63968: 0.999218
63969: 0.999218
63970: 0.999218
63971: 0.999218
63972: 0.999218
63973: 0.999218
63974: 0.999218
63975: 0.999218
63976: 0.999218
63977: 0.999218
63978: 0.999218
63979: 0.999219
63980: 0.999219
63981: 0.999219
63982: 0.999219
63983: 0.999219
63984: 0.999219
63985: 0.999219
63986: 0.999219
63987: 0.999219
63988: 0.999219
63989: 0.999219
63990: 0.999219
63991: 0.999219
63992: 0.999219
63993: 0.999219
63994: 0.999219
63995: 0.999219
63996: 0.999219
63997: 0.999219
63998: 0.999219
63999: 0.999219
64000: 0.999219
64001: 0.999219
64002: 0.999219
64003: 0.999219
64004: 0.999219
64005: 0.999219
64006: 0.999219
64007: 0.999219
64008: 0.999219
64009: 0.999219
64010: 0.999219
64011: 0.999219
64012: 0.999219
64013: 0.999219
64014: 0.999219
64015: 0.999219
64016: 0.999219
64017: 0.999219
64018: 0.999219
64019: 0.999219
64020: 0.999219
64021: 0.999219
64022: 0.999219
64023: 0.999219
64024: 0.999219
64025: 0.999219
64026: 0.999219
64027: 0.999219
64028: 0.999219
64029: 0.999219
64030: 0.999219
64031: 0.999219
64032: 0.999219
64033: 0.999219
64034: 0.999219
64035: 0.999219
64036: 0.999219
64037: 0.999219
64038: 0.999219
64039: 0.999219
64040: 0.999219
64041: 0.999219
64042: 0.999219
64043: 0.999219
64044: 0.999219
64045: 0.999219
64046: 0.999219
64047: 0.999219
64048: 0.999219
64049: 0.999219
64050: 0.999219
64051: 0.999219
64052: 0.999219
64053: 0.999219
64054: 0.999219
64055: 0.999219
64056: 0.999219
64057: 0.999219
64058: 0.999219
64059: 0.999219
64060: 0.999219
64061: 0.99922
64062: 0.99922
64063: 0.99922
64064: 0.99922
64065: 0.99922
64066: 0.99922
64067: 0.99922
64068: 0.99922
64069: 0.99922
64070: 0.99922
64071: 0.99922
64072: 0.99922
64073: 0.99922
64074: 0.99922
64075: 0.99922
64076: 0.99922
64077: 0.99922
64078: 0.99922
64079: 0.99922
64080: 0.99922
64081: 0.99922
64082: 0.99922
64083: 0.99922
64084: 0.99922
64085: 0.99922
64086: 0.99922
64087: 0.99922
64088: 0.99922
64089: 0.99922
64090: 0.99922
64091: 0.99922
64092: 0.99922
64093: 0.99922
64094: 0.99922
64095: 0.99922
64096: 0.99922
64097: 0.99922
64098: 0.99922
64099: 0.99922
64100: 0.99922
64101: 0.99922
64102: 0.99922
64103: 0.99922
64104: 0.99922
64105: 0.99922
64106: 0.99922
64107: 0.99922
64108: 0.99922
64109: 0.99922
64110: 0.99922
64111: 0.99922
64112: 0.99922
64113: 0.99922
64114: 0.99922
64115: 0.99922
64116: 0.99922
64117: 0.99922
64118: 0.99922
64119: 0.99922
64120: 0.99922
64121: 0.99922
64122: 0.99922
64123: 0.99922
64124: 0.99922
64125: 0.99922
64126: 0.99922
64127: 0.99922
64128: 0.99922
64129: 0.99922
64130: 0.99922
64131: 0.99922
64132: 0.99922
64133: 0.99922
64134: 0.99922
64135: 0.99922
64136: 0.99922
64137: 0.99922
64138: 0.99922
64139: 0.99922
64140: 0.99922
64141: 0.99922
64142: 0.99922
64143: 0.999221
64144: 0.999221
64145: 0.999221
64146: 0.999221
64147: 0.999221
64148: 0.999221
64149: 0.999221
64150: 0.999221
64151: 0.999221
64152: 0.999221
64153: 0.999221
64154: 0.999221
64155: 0.999221
64156: 0.999221
64157: 0.999221
64158: 0.999221
64159: 0.999221
64160: 0.999221
64161: 0.999221
64162: 0.999221
64163: 0.999221
64164: 0.999221
64165: 0.999221
64166: 0.999221
64167: 0.999221
64168: 0.999221
64169: 0.999221
64170: 0.999221
64171: 0.999221
64172: 0.999221
64173: 0.999221
64174: 0.999221
64175: 0.999221
64176: 0.999221
64177: 0.999221
64178: 0.999221
64179: 0.999221
64180: 0.999221
64181: 0.999221
64182: 0.999221
64183: 0.999221
64184: 0.999221
64185: 0.999221
64186: 0.999221
64187: 0.999221
64188: 0.999221
64189: 0.999221
64190: 0.999221
64191: 0.999221
64192: 0.999221
64193: 0.999221
64194: 0.999221
64195: 0.999221
64196: 0.999221
64197: 0.999221
64198: 0.999221
64199: 0.999221
64200: 0.999221
64201: 0.999221
64202: 0.999221
64203: 0.999221
64204: 0.999221
64205: 0.999221
64206: 0.999221
64207: 0.999221
64208: 0.999221
64209: 0.999221
64210: 0.999221
64211: 0.999221
64212: 0.999221
64213: 0.999221
64214: 0.999221
64215: 0.999221
64216: 0.999221
64217: 0.999221
64218: 0.999221
64219: 0.999221
64220: 0.999221
64221: 0.999221
64222: 0.999221
64223: 0.999221
64224: 0.999221
64225: 0.999221
64226: 0.999222
64227: 0.999222
64228: 0.999222
64229: 0.999222
64230: 0.999222
64231: 0.999222
64232: 0.999222
64233: 0.999222
64234: 0.999222
64235: 0.999222
64236: 0.999222
64237: 0.999222
64238: 0.999222
64239: 0.999222
64240: 0.999222
64241: 0.999222
64242: 0.999222
64243: 0.999222
64244: 0.999222
64245: 0.999222
64246: 0.999222
64247: 0.999222
64248: 0.999222
64249: 0.999222
64250: 0.999222
64251: 0.999222
64252: 0.999222
64253: 0.999222
64254: 0.999222
64255: 0.999222
64256: 0.999222
64257: 0.999222
64258: 0.999222
64259: 0.999222
64260: 0.999222
64261: 0.999222
64262: 0.999222
64263: 0.999222
64264: 0.999222
64265: 0.999222
64266: 0.999222
64267: 0.999222
64268: 0.999222
64269: 0.999222
64270: 0.999222
64271: 0.999222
64272: 0.999222
64273: 0.999222
64274: 0.999222
64275: 0.999222
64276: 0.999222
64277: 0.999222
64278: 0.999222
64279: 0.999222
64280: 0.999222
64281: 0.999222
64282: 0.999222
64283: 0.999222
64284: 0.999222
64285: 0.999222
64286: 0.999222
64287: 0.999222
64288: 0.999222
64289: 0.999222
64290: 0.999222
64291: 0.999222
64292: 0.999222
64293: 0.999222
64294: 0.999222
64295: 0.999222
64296: 0.999222
64297: 0.999222
64298: 0.999222
64299: 0.999222
64300: 0.999222
64301: 0.999222
64302: 0.999222
64303: 0.999222
64304: 0.999222
64305: 0.999222
64306: 0.999222
64307: 0.999222
64308: 0.999223
64309: 0.999223
64310: 0.999223
64311: 0.999223
64312: 0.999223
64313: 0.999223
64314: 0.999223
64315: 0.999223
64316: 0.999223
64317: 0.999223
64318: 0.999223
64319: 0.999223
64320: 0.999223
64321: 0.999223
64322: 0.999223
64323: 0.999223
64324: 0.999223
64325: 0.999223
64326: 0.999223
64327: 0.999223
64328: 0.999223
64329: 0.999223
64330: 0.999223
64331: 0.999223
64332: 0.999223
64333: 0.999223
64334: 0.999223
64335: 0.999223
64336: 0.999223
64337: 0.999223
64338: 0.999223
64339: 0.999223
64340: 0.999223
64341: 0.999223
64342: 0.999223
64343: 0.999223
64344: 0.999223
64345: 0.999223
64346: 0.999223
64347: 0.999223
64348: 0.999223
64349: 0.999223
64350: 0.999223
64351: 0.999223
64352: 0.999223
64353: 0.999223
64354: 0.999223
64355: 0.999223
64356: 0.999223
64357: 0.999223
64358: 0.999223
64359: 0.999223
64360: 0.999223
64361: 0.999223
64362: 0.999223
64363: 0.999223
64364: 0.999223
64365: 0.999223
64366: 0.999223
64367: 0.999223
64368: 0.999223
64369: 0.999223
64370: 0.999223
64371: 0.999223
64372: 0.999223
64373: 0.999223
64374: 0.999223
64375: 0.999223
64376: 0.999223
64377: 0.999223
64378: 0.999223
64379: 0.999223
64380: 0.999223
64381: 0.999223
64382: 0.999223
64383: 0.999223
64384: 0.999223
64385: 0.999223
64386: 0.999223
64387: 0.999223
64388: 0.999223
64389: 0.999223
64390: 0.999223
64391: 0.999224
64392: 0.999224
64393: 0.999224
64394: 0.999224
64395: 0.999224
64396: 0.999224
64397: 0.999224
64398: 0.999224
64399: 0.999224
64400: 0.999224
64401: 0.999224
64402: 0.999224
64403: 0.999224
64404: 0.999224
64405: 0.999224
64406: 0.999224
64407: 0.999224
64408: 0.999224
64409: 0.999224
64410: 0.999224
64411: 0.999224
64412: 0.999224
64413: 0.999224
64414: 0.999224
64415: 0.999224
64416: 0.999224
64417: 0.999224
64418: 0.999224
64419: 0.999224
64420: 0.999224
64421: 0.999224
64422: 0.999224
64423: 0.999224
64424: 0.999224
64425: 0.999224
64426: 0.999224
64427: 0.999224
64428: 0.999224
64429: 0.999224
64430: 0.999224
64431: 0.999224
64432: 0.999224
64433: 0.999224
64434: 0.999224
64435: 0.999224
64436: 0.999224
64437: 0.999224
64438: 0.999224
64439: 0.999224
64440: 0.999224
64441: 0.999224
64442: 0.999224
64443: 0.999224
64444: 0.999224
64445: 0.999224
64446: 0.999224
64447: 0.999224
64448: 0.999224
64449: 0.999224
64450: 0.999224
64451: 0.999224
64452: 0.999224
64453: 0.999224
64454: 0.999224
64455: 0.999224
64456: 0.999224
64457: 0.999224
64458: 0.999224
64459: 0.999224
64460: 0.999224
64461: 0.999224
64462: 0.999224
64463: 0.999224
64464: 0.999224
64465: 0.999224
64466: 0.999224
64467: 0.999224
64468: 0.999224
64469: 0.999224
64470: 0.999224
64471: 0.999224
64472: 0.999224
64473: 0.999224
64474: 0.999225
64475: 0.999225
64476: 0.999225
64477: 0.999225
64478: 0.999225
64479: 0.999225
64480: 0.999225
64481: 0.999225
64482: 0.999225
64483: 0.999225
64484: 0.999225
64485: 0.999225
64486: 0.999225
64487: 0.999225
64488: 0.999225
64489: 0.999225
64490: 0.999225
64491: 0.999225
64492: 0.999225
64493: 0.999225
64494: 0.999225
64495: 0.999225
64496: 0.999225
64497: 0.999225
64498: 0.999225
64499: 0.999225
64500: 0.999225
64501: 0.999225
64502: 0.999225
64503: 0.999225
64504: 0.999225
64505: 0.999225
64506: 0.999225
64507: 0.999225
64508: 0.999225
64509: 0.999225
64510: 0.999225
64511: 0.999225
64512: 0.999225
64513: 0.999225
64514: 0.999225
64515: 0.999225
64516: 0.999225
64517: 0.999225
64518: 0.999225
64519: 0.999225
64520: 0.999225
64521: 0.999225
64522: 0.999225
64523: 0.999225
64524: 0.999225
64525: 0.999225
64526: 0.999225
64527: 0.999225
64528: 0.999225
64529: 0.999225
64530: 0.999225
64531: 0.999225
64532: 0.999225
64533: 0.999225
64534: 0.999225
64535: 0.999225
64536: 0.999225
64537: 0.999225
64538: 0.999225
64539: 0.999225
64540: 0.999225
64541: 0.999225
64542: 0.999225
64543: 0.999225
64544: 0.999225
64545: 0.999225
64546: 0.999225
64547: 0.999225
64548: 0.999225
64549: 0.999225
64550: 0.999225
64551: 0.999225
64552: 0.999225
64553: 0.999225
64554: 0.999225
64555: 0.999225
64556: 0.999225
64557: 0.999226
64558: 0.999226
64559: 0.999226
64560: 0.999226
64561: 0.999226
64562: 0.999226
64563: 0.999226
64564: 0.999226
64565: 0.999226
64566: 0.999226
64567: 0.999226
64568: 0.999226
64569: 0.999226
64570: 0.999226
64571: 0.999226
64572: 0.999226
64573: 0.999226
64574: 0.999226
64575: 0.999226
64576: 0.999226
64577: 0.999226
64578: 0.999226
64579: 0.999226
64580: 0.999226
64581: 0.999226
64582: 0.999226
64583: 0.999226
64584: 0.999226
64585: 0.999226
64586: 0.999226
64587: 0.999226
64588: 0.999226
64589: 0.999226
64590: 0.999226
64591: 0.999226
64592: 0.999226
64593: 0.999226
64594: 0.999226
64595: 0.999226
64596: 0.999226
64597: 0.999226
64598: 0.999226
64599: 0.999226
64600: 0.999226
64601: 0.999226
64602: 0.999226
64603: 0.999226
64604: 0.999226
64605: 0.999226
64606: 0.999226
64607: 0.999226
64608: 0.999226
64609: 0.999226
64610: 0.999226
64611: 0.999226
64612: 0.999226
64613: 0.999226
64614: 0.999226
64615: 0.999226
64616: 0.999226
64617: 0.999226
64618: 0.999226
64619: 0.999226
64620: 0.999226
64621: 0.999226
64622: 0.999226
64623: 0.999226
64624: 0.999226
64625: 0.999226
64626: 0.999226
64627: 0.999226
64628: 0.999226
64629: 0.999226
64630: 0.999226
64631: 0.999226
64632: 0.999226
64633: 0.999226
64634: 0.999226
64635: 0.999226
64636: 0.999226
64637: 0.999226
64638: 0.999226
64639: 0.999226
64640: 0.999226
64641: 0.999227
64642: 0.999227
64643: 0.999227
64644: 0.999227
64645: 0.999227
64646: 0.999227
64647: 0.999227
64648: 0.999227
64649: 0.999227
64650: 0.999227
64651: 0.999227
64652: 0.999227
64653: 0.999227
64654: 0.999227
64655: 0.999227
64656: 0.999227
64657: 0.999227
64658: 0.999227
64659: 0.999227
64660: 0.999227
64661: 0.999227
64662: 0.999227
64663: 0.999227
64664: 0.999227
64665: 0.999227
64666: 0.999227
64667: 0.999227
64668: 0.999227
64669: 0.999227
64670: 0.999227
64671: 0.999227
64672: 0.999227
64673: 0.999227
64674: 0.999227
64675: 0.999227
64676: 0.999227
64677: 0.999227
64678: 0.999227
64679: 0.999227
64680: 0.999227
64681: 0.999227
64682: 0.999227
64683: 0.999227
64684: 0.999227
64685: 0.999227
64686: 0.999227
64687: 0.999227
64688: 0.999227
64689: 0.999227
64690: 0.999227
64691: 0.999227
64692: 0.999227
64693: 0.999227
64694: 0.999227
64695: 0.999227
64696: 0.999227
64697: 0.999227
64698: 0.999227
64699: 0.999227
64700: 0.999227
64701: 0.999227
64702: 0.999227
64703: 0.999227
64704: 0.999227
64705: 0.999227
64706: 0.999227
64707: 0.999227
64708: 0.999227
64709: 0.999227
64710: 0.999227
64711: 0.999227
64712: 0.999227
64713: 0.999227
64714: 0.999227
64715: 0.999227
64716: 0.999227
64717: 0.999227
64718: 0.999227
64719: 0.999227
64720: 0.999227
64721: 0.999227
64722: 0.999227
64723: 0.999227
64724: 0.999228
64725: 0.999228
64726: 0.999228
64727: 0.999228
64728: 0.999228
64729: 0.999228
64730: 0.999228
64731: 0.999228
64732: 0.999228
64733: 0.999228
64734: 0.999228
64735: 0.999228
64736: 0.999228
64737: 0.999228
64738: 0.999228
64739: 0.999228
64740: 0.999228
64741: 0.999228
64742: 0.999228
64743: 0.999228
64744: 0.999228
64745: 0.999228
64746: 0.999228
64747: 0.999228
64748: 0.999228
64749: 0.999228
64750: 0.999228
64751: 0.999228
64752: 0.999228
64753: 0.999228
64754: 0.999228
64755: 0.999228
64756: 0.999228
64757: 0.999228
64758: 0.999228
64759: 0.999228
64760: 0.999228
64761: 0.999228
64762: 0.999228
64763: 0.999228
64764: 0.999228
64765: 0.999228
64766: 0.999228
64767: 0.999228
64768: 0.999228
64769: 0.999228
64770: 0.999228
64771: 0.999228
64772: 0.999228
64773: 0.999228
64774: 0.999228
64775: 0.999228
64776: 0.999228
64777: 0.999228
64778: 0.999228
64779: 0.999228
64780: 0.999228
64781: 0.999228
64782: 0.999228
64783: 0.999228
64784: 0.999228
64785: 0.999228
64786: 0.999228
64787: 0.999228
64788: 0.999228
64789: 0.999228
64790: 0.999228
64791: 0.999228
64792: 0.999228
64793: 0.999228
64794: 0.999228
64795: 0.999228
64796: 0.999228
64797: 0.999228
64798: 0.999228
64799: 0.999228
64800: 0.999228
64801: 0.999228
64802: 0.999228
64803: 0.999228
64804: 0.999228
64805: 0.999228
64806: 0.999228
64807: 0.999228
64808: 0.999229
64809: 0.999229
64810: 0.999229
64811: 0.999229
64812: 0.999229
64813: 0.999229
64814: 0.999229
64815: 0.999229
64816: 0.999229
64817: 0.999229
64818: 0.999229
64819: 0.999229
64820: 0.999229
64821: 0.999229
64822: 0.999229
64823: 0.999229
64824: 0.999229
64825: 0.999229
64826: 0.999229
64827: 0.999229
64828: 0.999229
64829: 0.999229
64830: 0.999229
64831: 0.999229
64832: 0.999229
64833: 0.999229
64834: 0.999229
64835: 0.999229
64836: 0.999229
64837: 0.999229
64838: 0.999229
64839: 0.999229
64840: 0.999229
64841: 0.999229
64842: 0.999229
64843: 0.999229
64844: 0.999229
64845: 0.999229
64846: 0.999229
64847: 0.999229
64848: 0.999229
64849: 0.999229
64850: 0.999229
64851: 0.999229
64852: 0.999229
64853: 0.999229
64854: 0.999229
64855: 0.999229
64856: 0.999229
64857: 0.999229
64858: 0.999229
64859: 0.999229
64860: 0.999229
64861: 0.999229
64862: 0.999229
64863: 0.999229
64864: 0.999229
64865: 0.999229
64866: 0.999229
64867: 0.999229
64868: 0.999229
64869: 0.999229
64870: 0.999229
64871: 0.999229
64872: 0.999229
64873: 0.999229
64874: 0.999229
64875: 0.999229
64876: 0.999229
64877: 0.999229
64878: 0.999229
64879: 0.999229
64880: 0.999229
64881: 0.999229
64882: 0.999229
64883: 0.999229
64884: 0.999229
64885: 0.999229
64886: 0.999229
64887: 0.999229
64888: 0.999229
64889: 0.999229
64890: 0.999229
64891: 0.999229
64892: 0.99923
64893: 0.99923
64894: 0.99923
64895: 0.99923
64896: 0.99923
64897: 0.99923
64898: 0.99923
64899: 0.99923
64900: 0.99923
64901: 0.99923
64902: 0.99923
64903: 0.99923
64904: 0.99923
64905: 0.99923
64906: 0.99923
64907: 0.99923
64908: 0.99923
64909: 0.99923
64910: 0.99923
64911: 0.99923
64912: 0.99923
64913: 0.99923
64914: 0.99923
64915: 0.99923
64916: 0.99923
64917: 0.99923
64918: 0.99923
64919: 0.99923
64920: 0.99923
64921: 0.99923
64922: 0.99923
64923: 0.99923
64924: 0.99923
64925: 0.99923
64926: 0.99923
64927: 0.99923
64928: 0.99923
64929: 0.99923
64930: 0.99923
64931: 0.99923
64932: 0.99923
64933: 0.99923
64934: 0.99923
64935: 0.99923
64936: 0.99923
64937: 0.99923
64938: 0.99923
64939: 0.99923
64940: 0.99923
64941: 0.99923
64942: 0.99923
64943: 0.99923
64944: 0.99923
64945: 0.99923
64946: 0.99923
64947: 0.99923
64948: 0.99923
64949: 0.99923
64950: 0.99923
64951: 0.99923
64952: 0.99923
64953: 0.99923
64954: 0.99923
64955: 0.99923
64956: 0.99923
64957: 0.99923
64958: 0.99923
64959: 0.99923
64960: 0.99923
64961: 0.99923
64962: 0.99923
64963: 0.99923
64964: 0.99923
64965: 0.99923
64966: 0.99923
64967: 0.99923
64968: 0.99923
64969: 0.99923
64970: 0.99923
64971: 0.99923
64972: 0.99923
64973: 0.99923
64974: 0.99923
64975: 0.99923
64976: 0.99923
64977: 0.999231
64978: 0.999231
64979: 0.999231
64980: 0.999231
64981: 0.999231
64982: 0.999231
64983: 0.999231
64984: 0.999231
64985: 0.999231
64986: 0.999231
64987: 0.999231
64988: 0.999231
64989: 0.999231
64990: 0.999231
64991: 0.999231
64992: 0.999231
64993: 0.999231
64994: 0.999231
64995: 0.999231
64996: 0.999231
64997: 0.999231
64998: 0.999231
64999: 0.999231
65000: 0.999231
65001: 0.999231
65002: 0.999231
65003: 0.999231
65004: 0.999231
65005: 0.999231
65006: 0.999231
65007: 0.999231
65008: 0.999231
65009: 0.999231
65010: 0.999231
65011: 0.999231
65012: 0.999231
65013: 0.999231
65014: 0.999231
65015: 0.999231
65016: 0.999231
65017: 0.999231
65018: 0.999231
65019: 0.999231
65020: 0.999231
65021: 0.999231
65022: 0.999231
65023: 0.999231
65024: 0.999231
65025: 0.999231
65026: 0.999231
65027: 0.999231
65028: 0.999231
65029: 0.999231
65030: 0.999231
65031: 0.999231
65032: 0.999231
65033: 0.999231
65034: 0.999231
65035: 0.999231
65036: 0.999231
65037: 0.999231
65038: 0.999231
65039: 0.999231
65040: 0.999231
65041: 0.999231
65042: 0.999231
65043: 0.999231
65044: 0.999231
65045: 0.999231
65046: 0.999231
65047: 0.999231
65048: 0.999231
65049: 0.999231
65050: 0.999231
65051: 0.999231
65052: 0.999231
65053: 0.999231
65054: 0.999231
65055: 0.999231
65056: 0.999231
65057: 0.999231
65058: 0.999231
65059: 0.999231
65060: 0.999231
65061: 0.999232
65062: 0.999232
65063: 0.999232
65064: 0.999232
65065: 0.999232
65066: 0.999232
65067: 0.999232
65068: 0.999232
65069: 0.999232
65070: 0.999232
65071: 0.999232
65072: 0.999232
65073: 0.999232
65074: 0.999232
65075: 0.999232
65076: 0.999232
65077: 0.999232
65078: 0.999232
65079: 0.999232
65080: 0.999232
65081: 0.999232
65082: 0.999232
65083: 0.999232
65084: 0.999232
65085: 0.999232
65086: 0.999232
65087: 0.999232
65088: 0.999232
65089: 0.999232
65090: 0.999232
65091: 0.999232
65092: 0.999232
65093: 0.999232
65094: 0.999232
65095: 0.999232
65096: 0.999232
65097: 0.999232
65098: 0.999232
65099: 0.999232
65100: 0.999232
65101: 0.999232
65102: 0.999232
65103: 0.999232
65104: 0.999232
65105: 0.999232
65106: 0.999232
65107: 0.999232
65108: 0.999232
65109: 0.999232
65110: 0.999232
65111: 0.999232
65112: 0.999232
65113: 0.999232
65114: 0.999232
65115: 0.999232
65116: 0.999232
65117: 0.999232
65118: 0.999232
65119: 0.999232
65120: 0.999232
65121: 0.999232
65122: 0.999232
65123: 0.999232
65124: 0.999232
65125: 0.999232
65126: 0.999232
65127: 0.999232
65128: 0.999232
65129: 0.999232
65130: 0.999232
65131: 0.999232
65132: 0.999232
65133: 0.999232
65134: 0.999232
65135: 0.999232
65136: 0.999232
65137: 0.999232
65138: 0.999232
65139: 0.999232
65140: 0.999232
65141: 0.999232
65142: 0.999232
65143: 0.999232
65144: 0.999232
65145: 0.999232
65146: 0.999233
65147: 0.999233
65148: 0.999233
65149: 0.999233
65150: 0.999233
65151: 0.999233
65152: 0.999233
65153: 0.999233
65154: 0.999233
65155: 0.999233
65156: 0.999233
65157: 0.999233
65158: 0.999233
65159: 0.999233
65160: 0.999233
65161: 0.999233
65162: 0.999233
65163: 0.999233
65164: 0.999233
65165: 0.999233
65166: 0.999233
65167: 0.999233
65168: 0.999233
65169: 0.999233
65170: 0.999233
65171: 0.999233
65172: 0.999233
65173: 0.999233
65174: 0.999233
65175: 0.999233
65176: 0.999233
65177: 0.999233
65178: 0.999233
65179: 0.999233
65180: 0.999233
65181: 0.999233
65182: 0.999233
65183: 0.999233
65184: 0.999233
65185: 0.999233
65186: 0.999233
65187: 0.999233
65188: 0.999233
65189: 0.999233
65190: 0.999233
65191: 0.999233
65192: 0.999233
65193: 0.999233
65194: 0.999233
65195: 0.999233
65196: 0.999233
65197: 0.999233
65198: 0.999233
65199: 0.999233
65200: 0.999233
65201: 0.999233
65202: 0.999233
65203: 0.999233
65204: 0.999233
65205: 0.999233
65206: 0.999233
65207: 0.999233
65208: 0.999233
65209: 0.999233
65210: 0.999233
65211: 0.999233
65212: 0.999233
65213: 0.999233
65214: 0.999233
65215: 0.999233
65216: 0.999233
65217: 0.999233
65218: 0.999233
65219: 0.999233
65220: 0.999233
65221: 0.999233
65222: 0.999233
65223: 0.999233
65224: 0.999233
65225: 0.999233
65226: 0.999233
65227: 0.999233
65228: 0.999233
65229: 0.999233
65230: 0.999233
65231: 0.999234
65232: 0.999234
65233: 0.999234
65234: 0.999234
65235: 0.999234
65236: 0.999234
65237: 0.999234
65238: 0.999234
65239: 0.999234
65240: 0.999234
65241: 0.999234
65242: 0.999234
65243: 0.999234
65244: 0.999234
65245: 0.999234
65246: 0.999234
65247: 0.999234
65248: 0.999234
65249: 0.999234
65250: 0.999234
65251: 0.999234
65252: 0.999234
65253: 0.999234
65254: 0.999234
65255: 0.999234
65256: 0.999234
65257: 0.999234
65258: 0.999234
65259: 0.999234
65260: 0.999234
65261: 0.999234
65262: 0.999234
65263: 0.999234
65264: 0.999234
65265: 0.999234
65266: 0.999234
65267: 0.999234
65268: 0.999234
65269: 0.999234
65270: 0.999234
65271: 0.999234
65272: 0.999234
65273: 0.999234
65274: 0.999234
65275: 0.999234
65276: 0.999234
65277: 0.999234
65278: 0.999234
65279: 0.999234
65280: 0.999234
65281: 0.999234
65282: 0.999234
65283: 0.999234
65284: 0.999234
65285: 0.999234
65286: 0.999234
65287: 0.999234
65288: 0.999234
65289: 0.999234
65290: 0.999234
65291: 0.999234
65292: 0.999234
65293: 0.999234
65294: 0.999234
65295: 0.999234
65296: 0.999234
65297: 0.999234
65298: 0.999234
65299: 0.999234
65300: 0.999234
65301: 0.999234
65302: 0.999234
65303: 0.999234
65304: 0.999234
65305: 0.999234
65306: 0.999234
65307: 0.999234
65308: 0.999234
65309: 0.999234
65310: 0.999234
65311: 0.999234
65312: 0.999234
65313: 0.999234
65314: 0.999234
65315: 0.999234
65316: 0.999235
65317: 0.999235
65318: 0.999235
65319: 0.999235
65320: 0.999235
65321: 0.999235
65322: 0.999235
65323: 0.999235
65324: 0.999235
65325: 0.999235
65326: 0.999235
65327: 0.999235
65328: 0.999235
65329: 0.999235
65330: 0.999235
65331: 0.999235
65332: 0.999235
65333: 0.999235
65334: 0.999235
65335: 0.999235
65336: 0.999235
65337: 0.999235
65338: 0.999235
65339: 0.999235
65340: 0.999235
65341: 0.999235
65342: 0.999235
65343: 0.999235
65344: 0.999235
65345: 0.999235
65346: 0.999235
65347: 0.999235
65348: 0.999235
65349: 0.999235
65350: 0.999235
65351: 0.999235
65352: 0.999235
65353: 0.999235
65354: 0.999235
65355: 0.999235
65356: 0.999235
65357: 0.999235
65358: 0.999235
65359: 0.999235
65360: 0.999235
65361: 0.999235
65362: 0.999235
65363: 0.999235
65364: 0.999235
65365: 0.999235
65366: 0.999235
65367: 0.999235
65368: 0.999235
65369: 0.999235
65370: 0.999235
65371: 0.999235
65372: 0.999235
65373: 0.999235
65374: 0.999235
65375: 0.999235
65376: 0.999235
65377: 0.999235
65378: 0.999235
65379: 0.999235
65380: 0.999235
65381: 0.999235
65382: 0.999235
65383: 0.999235
65384: 0.999235
65385: 0.999235
65386: 0.999235
65387: 0.999235
65388: 0.999235
65389: 0.999235
65390: 0.999235
65391: 0.999235
65392: 0.999235
65393: 0.999235
65394: 0.999235
65395: 0.999235
65396: 0.999235
65397: 0.999235
65398: 0.999235
65399: 0.999235
65400: 0.999235
65401: 0.999235
65402: 0.999236
65403: 0.999236
65404: 0.999236
65405: 0.999236
65406: 0.999236
65407: 0.999236
65408: 0.999236
65409: 0.999236
65410: 0.999236
65411: 0.999236
65412: 0.999236
65413: 0.999236
65414: 0.999236
65415: 0.999236
65416: 0.999236
65417: 0.999236
65418: 0.999236
65419: 0.999236
65420: 0.999236
65421: 0.999236
65422: 0.999236
65423: 0.999236
65424: 0.999236
65425: 0.999236
65426: 0.999236
65427: 0.999236
65428: 0.999236
65429: 0.999236
65430: 0.999236
65431: 0.999236
65432: 0.999236
65433: 0.999236
65434: 0.999236
65435: 0.999236
65436: 0.999236
65437: 0.999236
65438: 0.999236
65439: 0.999236
65440: 0.999236
65441: 0.999236
65442: 0.999236
65443: 0.999236
65444: 0.999236
65445: 0.999236
65446: 0.999236
65447: 0.999236
65448: 0.999236
65449: 0.999236
65450: 0.999236
65451: 0.999236
65452: 0.999236
65453: 0.999236
65454: 0.999236
65455: 0.999236
65456: 0.999236
65457: 0.999236
65458: 0.999236
65459: 0.999236
65460: 0.999236
65461: 0.999236
65462: 0.999236
65463: 0.999236
65464: 0.999236
65465: 0.999236
65466: 0.999236
65467: 0.999236
65468: 0.999236
65469: 0.999236
65470: 0.999236
65471: 0.999236
65472: 0.999236
65473: 0.999236
65474: 0.999236
65475: 0.999236
65476: 0.999236
65477: 0.999236
65478: 0.999236
65479: 0.999236
65480: 0.999236
65481: 0.999236
65482: 0.999236
65483: 0.999236
65484: 0.999236
65485: 0.999236
65486: 0.999236
65487: 0.999237
65488: 0.999237
65489: 0.999237
65490: 0.999237
65491: 0.999237
65492: 0.999237
65493: 0.999237
65494: 0.999237
65495: 0.999237
65496: 0.999237
65497: 0.999237
65498: 0.999237
65499: 0.999237
65500: 0.999237
65501: 0.999237
65502: 0.999237
65503: 0.999237
65504: 0.999237
65505: 0.999237
65506: 0.999237
65507: 0.999237
65508: 0.999237
65509: 0.999237
65510: 0.999237
65511: 0.999237
65512: 0.999237
65513: 0.999237
65514: 0.999237
65515: 0.999237
65516: 0.999237
65517: 0.999237
65518: 0.999237
65519: 0.999237
65520: 0.999237
65521: 0.999237
65522: 0.999237
65523: 0.999237
65524: 0.999237
65525: 0.999237
65526: 0.999237
65527: 0.999237
65528: 0.999237
65529: 0.999237
65530: 0.999237
65531: 0.999237
65532: 0.999237
65533: 0.999237
65534: 0.999237
65535: 0.999237
65536: 0.999237
65537: 0.999237
65538: 0.999237
65539: 0.999237
65540: 0.999237
65541: 0.999237
65542: 0.999237
65543: 0.999237
65544: 0.999237
65545: 0.999237
65546: 0.999237
65547: 0.999237
65548: 0.999237
65549: 0.999237
65550: 0.999237
65551: 0.999237
65552: 0.999237
65553: 0.999237
65554: 0.999237
65555: 0.999237
65556: 0.999237
65557: 0.999237
65558: 0.999237
65559: 0.999237
65560: 0.999237
65561: 0.999237
65562: 0.999237
65563: 0.999237
65564: 0.999237
65565: 0.999237
65566: 0.999237
65567: 0.999237
65568: 0.999237
65569: 0.999237
65570: 0.999237
65571: 0.999237
65572: 0.999237
65573: 0.999238
65574: 0.999238
65575: 0.999238
65576: 0.999238
65577: 0.999238
65578: 0.999238
65579: 0.999238
65580: 0.999238
65581: 0.999238
65582: 0.999238
65583: 0.999238
65584: 0.999238
65585: 0.999238
65586: 0.999238
65587: 0.999238
65588: 0.999238
65589: 0.999238
65590: 0.999238
65591: 0.999238
65592: 0.999238
65593: 0.999238
65594: 0.999238
65595: 0.999238
65596: 0.999238
65597: 0.999238
65598: 0.999238
65599: 0.999238
65600: 0.999238
65601: 0.999238
65602: 0.999238
65603: 0.999238
65604: 0.999238
65605: 0.999238
65606: 0.999238
65607: 0.999238
65608: 0.999238
65609: 0.999238
65610: 0.999238
65611: 0.999238
65612: 0.999238
65613: 0.999238
65614: 0.999238
65615: 0.999238
65616: 0.999238
65617: 0.999238
65618: 0.999238
65619: 0.999238
65620: 0.999238
65621: 0.999238
65622: 0.999238
65623: 0.999238
65624: 0.999238
65625: 0.999238
65626: 0.999238
65627: 0.999238
65628: 0.999238
65629: 0.999238
65630: 0.999238
65631: 0.999238
65632: 0.999238
65633: 0.999238
65634: 0.999238
65635: 0.999238
65636: 0.999238
65637: 0.999238
65638: 0.999238
65639: 0.999238
65640: 0.999238
65641: 0.999238
65642: 0.999238
65643: 0.999238
65644: 0.999238
65645: 0.999238
65646: 0.999238
65647: 0.999238
65648: 0.999238
65649: 0.999238
65650: 0.999238
65651: 0.999238
65652: 0.999238
65653: 0.999238
65654: 0.999238
65655: 0.999238
65656: 0.999238
65657: 0.999238
65658: 0.999238
65659: 0.999239
65660: 0.999239
65661: 0.999239
65662: 0.999239
65663: 0.999239
65664: 0.999239
65665: 0.999239
65666: 0.999239
65667: 0.999239
65668: 0.999239
65669: 0.999239
65670: 0.999239
65671: 0.999239
65672: 0.999239
65673: 0.999239
65674: 0.999239
65675: 0.999239
65676: 0.999239
65677: 0.999239
65678: 0.999239
65679: 0.999239
65680: 0.999239
65681: 0.999239
65682: 0.999239
65683: 0.999239
65684: 0.999239
65685: 0.999239
65686: 0.999239
65687: 0.999239
65688: 0.999239
65689: 0.999239
65690: 0.999239
65691: 0.999239
65692: 0.999239
65693: 0.999239
65694: 0.999239
65695: 0.999239
65696: 0.999239
65697: 0.999239
65698: 0.999239
65699: 0.999239
65700: 0.999239
65701: 0.999239
65702: 0.999239
65703: 0.999239
65704: 0.999239
65705: 0.999239
65706: 0.999239
65707: 0.999239
65708: 0.999239
65709: 0.999239
65710: 0.999239
65711: 0.999239
65712: 0.999239
65713: 0.999239
65714: 0.999239
65715: 0.999239
65716: 0.999239
65717: 0.999239
65718: 0.999239
65719: 0.999239
65720: 0.999239
65721: 0.999239
65722: 0.999239
65723: 0.999239
65724: 0.999239
65725: 0.999239
65726: 0.999239
65727: 0.999239
65728: 0.999239
65729: 0.999239
65730: 0.999239
65731: 0.999239
65732: 0.999239
65733: 0.999239
65734: 0.999239
65735: 0.999239
65736: 0.999239
65737: 0.999239
65738: 0.999239
65739: 0.999239
65740: 0.999239
65741: 0.999239
65742: 0.999239
65743: 0.999239
65744: 0.999239
65745: 0.999239
65746: 0.99924
65747: 0.99924
65748: 0.99924
65749: 0.99924
65750: 0.99924
65751: 0.99924
65752: 0.99924
65753: 0.99924
65754: 0.99924
65755: 0.99924
65756: 0.99924
65757: 0.99924
65758: 0.99924
65759: 0.99924
65760: 0.99924
65761: 0.99924
65762: 0.99924
65763: 0.99924
65764: 0.99924
65765: 0.99924
65766: 0.99924
65767: 0.99924
65768: 0.99924
65769: 0.99924
65770: 0.99924
65771: 0.99924
65772: 0.99924
65773: 0.99924
65774: 0.99924
65775: 0.99924
65776: 0.99924
65777: 0.99924
65778: 0.99924
65779: 0.99924
65780: 0.99924
65781: 0.99924
65782: 0.99924
65783: 0.99924
65784: 0.99924
65785: 0.99924
65786: 0.99924
65787: 0.99924
65788: 0.99924
65789: 0.99924
65790: 0.99924
65791: 0.99924
65792: 0.99924
65793: 0.99924
65794: 0.99924
65795: 0.99924
65796: 0.99924
65797: 0.99924
65798: 0.99924
65799: 0.99924
65800: 0.99924
65801: 0.99924
65802: 0.99924
65803: 0.99924
65804: 0.99924
65805: 0.99924
65806: 0.99924
65807: 0.99924
65808: 0.99924
65809: 0.99924
65810: 0.99924
65811: 0.99924
65812: 0.99924
65813: 0.99924
65814: 0.99924
65815: 0.99924
65816: 0.99924
65817: 0.99924
65818: 0.99924
65819: 0.99924
65820: 0.99924
65821: 0.99924
65822: 0.99924
65823: 0.99924
65824: 0.99924
65825: 0.99924
65826: 0.99924
65827: 0.99924
65828: 0.99924
65829: 0.99924
65830: 0.99924
65831: 0.99924
65832: 0.999241
65833: 0.999241
65834: 0.999241
65835: 0.999241
65836: 0.999241
65837: 0.999241
65838: 0.999241
65839: 0.999241
65840: 0.999241
65841: 0.999241
65842: 0.999241
65843: 0.999241
65844: 0.999241
65845: 0.999241
65846: 0.999241
65847: 0.999241
65848: 0.999241
65849: 0.999241
65850: 0.999241
65851: 0.999241
65852: 0.999241
65853: 0.999241
65854: 0.999241
65855: 0.999241
65856: 0.999241
65857: 0.999241
65858: 0.999241
65859: 0.999241
65860: 0.999241
65861: 0.999241
65862: 0.999241
65863: 0.999241
65864: 0.999241
65865: 0.999241
65866: 0.999241
65867: 0.999241
65868: 0.999241
65869: 0.999241
65870: 0.999241
65871: 0.999241
65872: 0.999241
65873: 0.999241
65874: 0.999241
65875: 0.999241
65876: 0.999241
65877: 0.999241
65878: 0.999241
65879: 0.999241
65880: 0.999241
65881: 0.999241
65882: 0.999241
65883: 0.999241
65884: 0.999241
65885: 0.999241
65886: 0.999241
65887: 0.999241
65888: 0.999241
65889: 0.999241
65890: 0.999241
65891: 0.999241
65892: 0.999241
65893: 0.999241
65894: 0.999241
65895: 0.999241
65896: 0.999241
65897: 0.999241
65898: 0.999241
65899: 0.999241
65900: 0.999241
65901: 0.999241
65902: 0.999241
65903: 0.999241
65904: 0.999241
65905: 0.999241
65906: 0.999241
65907: 0.999241
65908: 0.999241
65909: 0.999241
65910: 0.999241
65911: 0.999241
65912: 0.999241
65913: 0.999241
65914: 0.999241
65915: 0.999241
65916: 0.999241
65917: 0.999241
65918: 0.999241
65919: 0.999242
65920: 0.999242
65921: 0.999242
65922: 0.999242
65923: 0.999242
65924: 0.999242
65925: 0.999242
65926: 0.999242
65927: 0.999242
65928: 0.999242
65929: 0.999242
65930: 0.999242
65931: 0.999242
65932: 0.999242
65933: 0.999242
65934: 0.999242
65935: 0.999242
65936: 0.999242
65937: 0.999242
65938: 0.999242
65939: 0.999242
65940: 0.999242
65941: 0.999242
65942: 0.999242
65943: 0.999242
65944: 0.999242
65945: 0.999242
65946: 0.999242
65947: 0.999242
65948: 0.999242
65949: 0.999242
65950: 0.999242
65951: 0.999242
65952: 0.999242
65953: 0.999242
65954: 0.999242
65955: 0.999242
65956: 0.999242
65957: 0.999242
65958: 0.999242
65959: 0.999242
65960: 0.999242
65961: 0.999242
65962: 0.999242
65963: 0.999242
65964: 0.999242
65965: 0.999242
65966: 0.999242
65967: 0.999242
65968: 0.999242
65969: 0.999242
65970: 0.999242
65971: 0.999242
65972: 0.999242
65973: 0.999242
65974: 0.999242
65975: 0.999242
65976: 0.999242
65977: 0.999242
65978: 0.999242
65979: 0.999242
65980: 0.999242
65981: 0.999242
65982: 0.999242
65983: 0.999242
65984: 0.999242
65985: 0.999242
65986: 0.999242
65987: 0.999242
65988: 0.999242
65989: 0.999242
65990: 0.999242
65991: 0.999242
65992: 0.999242
65993: 0.999242
65994: 0.999242
65995: 0.999242
65996: 0.999242
65997: 0.999242
65998: 0.999242
65999: 0.999242
66000: 0.999242
66001: 0.999242
66002: 0.999242
66003: 0.999242
66004: 0.999242
66005: 0.999242
66006: 0.999243
66007: 0.999243
66008: 0.999243
66009: 0.999243
66010: 0.999243
66011: 0.999243
66012: 0.999243
66013: 0.999243
66014: 0.999243
66015: 0.999243
66016: 0.999243
66017: 0.999243
66018: 0.999243
66019: 0.999243
66020: 0.999243
66021: 0.999243
66022: 0.999243
66023: 0.999243
66024: 0.999243
66025: 0.999243
66026: 0.999243
66027: 0.999243
66028: 0.999243
66029: 0.999243
66030: 0.999243
66031: 0.999243
66032: 0.999243
66033: 0.999243
66034: 0.999243
66035: 0.999243
66036: 0.999243
66037: 0.999243
66038: 0.999243
66039: 0.999243
66040: 0.999243
66041: 0.999243
66042: 0.999243
66043: 0.999243
66044: 0.999243
66045: 0.999243
66046: 0.999243
66047: 0.999243
66048: 0.999243
66049: 0.999243
66050: 0.999243
66051: 0.999243
66052: 0.999243
66053: 0.999243
66054: 0.999243
66055: 0.999243
66056: 0.999243
66057: 0.999243
66058: 0.999243
66059: 0.999243
66060: 0.999243
66061: 0.999243
66062: 0.999243
66063: 0.999243
66064: 0.999243
66065: 0.999243
66066: 0.999243
66067: 0.999243
66068: 0.999243
66069: 0.999243
66070: 0.999243
66071: 0.999243
66072: 0.999243
66073: 0.999243
66074: 0.999243
66075: 0.999243
66076: 0.999243
66077: 0.999243
66078: 0.999243
66079: 0.999243
66080: 0.999243
66081: 0.999243
66082: 0.999243
66083: 0.999243
66084: 0.999243
66085: 0.999243
66086: 0.999243
66087: 0.999243
66088: 0.999243
66089: 0.999243
66090: 0.999243
66091: 0.999243
66092: 0.999243
66093: 0.999244
66094: 0.999244
66095: 0.999244
66096: 0.999244
66097: 0.999244
66098: 0.999244
66099: 0.999244
66100: 0.999244
66101: 0.999244
66102: 0.999244
66103: 0.999244
66104: 0.999244
66105: 0.999244
66106: 0.999244
66107: 0.999244
66108: 0.999244
66109: 0.999244
66110: 0.999244
66111: 0.999244
66112: 0.999244
66113: 0.999244
66114: 0.999244
66115: 0.999244
66116: 0.999244
66117: 0.999244
66118: 0.999244
66119: 0.999244
66120: 0.999244
66121: 0.999244
66122: 0.999244
66123: 0.999244
66124: 0.999244
66125: 0.999244
66126: 0.999244
66127: 0.999244
66128: 0.999244
66129: 0.999244
66130: 0.999244
66131: 0.999244
66132: 0.999244
66133: 0.999244
66134: 0.999244
66135: 0.999244
66136: 0.999244
66137: 0.999244
66138: 0.999244
66139: 0.999244
66140: 0.999244
66141: 0.999244
66142: 0.999244
66143: 0.999244
66144: 0.999244
66145: 0.999244
66146: 0.999244
66147: 0.999244
66148: 0.999244
66149: 0.999244
66150: 0.999244
66151: 0.999244
66152: 0.999244
66153: 0.999244
66154: 0.999244
66155: 0.999244
66156: 0.999244
66157: 0.999244
66158: 0.999244
66159: 0.999244
66160: 0.999244
66161: 0.999244
66162: 0.999244
66163: 0.999244
66164: 0.999244
66165: 0.999244
66166: 0.999244
66167: 0.999244
66168: 0.999244
66169: 0.999244
66170: 0.999244
66171: 0.999244
66172: 0.999244
66173: 0.999244
66174: 0.999244
66175: 0.999244
66176: 0.999244
66177: 0.999244
66178: 0.999244
66179: 0.999244
66180: 0.999244
66181: 0.999245
66182: 0.999245
66183: 0.999245
66184: 0.999245
66185: 0.999245
66186: 0.999245
66187: 0.999245
66188: 0.999245
66189: 0.999245
66190: 0.999245
66191: 0.999245
66192: 0.999245
66193: 0.999245
66194: 0.999245
66195: 0.999245
66196: 0.999245
66197: 0.999245
66198: 0.999245
66199: 0.999245
66200: 0.999245
66201: 0.999245
66202: 0.999245
66203: 0.999245
66204: 0.999245
66205: 0.999245
66206: 0.999245
66207: 0.999245
66208: 0.999245
66209: 0.999245
66210: 0.999245
66211: 0.999245
66212: 0.999245
66213: 0.999245
66214: 0.999245
66215: 0.999245
66216: 0.999245
66217: 0.999245
66218: 0.999245
66219: 0.999245
66220: 0.999245
66221: 0.999245
66222: 0.999245
66223: 0.999245
66224: 0.999245
66225: 0.999245
66226: 0.999245
66227: 0.999245
66228: 0.999245
66229: 0.999245
66230: 0.999245
66231: 0.999245
66232: 0.999245
66233: 0.999245
66234: 0.999245
66235: 0.999245
66236: 0.999245
66237: 0.999245
66238: 0.999245
66239: 0.999245
66240: 0.999245
66241: 0.999245
66242: 0.999245
66243: 0.999245
66244: 0.999245
66245: 0.999245
66246: 0.999245
66247: 0.999245
66248: 0.999245
66249: 0.999245
66250: 0.999245
66251: 0.999245
66252: 0.999245
66253: 0.999245
66254: 0.999245
66255: 0.999245
66256: 0.999245
66257: 0.999245
66258: 0.999245
66259: 0.999245
66260: 0.999245
66261: 0.999245
66262: 0.999245
66263: 0.999245
66264: 0.999245
66265: 0.999245
66266: 0.999245
66267: 0.999245
66268: 0.999245
66269: 0.999246
66270: 0.999246
66271: 0.999246
66272: 0.999246
66273: 0.999246
66274: 0.999246
66275: 0.999246
66276: 0.999246
66277: 0.999246
66278: 0.999246
66279: 0.999246
66280: 0.999246
66281: 0.999246
66282: 0.999246
66283: 0.999246
66284: 0.999246
66285: 0.999246
66286: 0.999246
66287: 0.999246
66288: 0.999246
66289: 0.999246
66290: 0.999246
66291: 0.999246
66292: 0.999246
66293: 0.999246
66294: 0.999246
66295: 0.999246
66296: 0.999246
66297: 0.999246
66298: 0.999246
66299: 0.999246
66300: 0.999246
66301: 0.999246
66302: 0.999246
66303: 0.999246
66304: 0.999246
66305: 0.999246
66306: 0.999246
66307: 0.999246
66308: 0.999246
66309: 0.999246
66310: 0.999246
66311: 0.999246
66312: 0.999246
66313: 0.999246
66314: 0.999246
66315: 0.999246
66316: 0.999246
66317: 0.999246
66318: 0.999246
66319: 0.999246
66320: 0.999246
66321: 0.999246
66322: 0.999246
66323: 0.999246
66324: 0.999246
66325: 0.999246
66326: 0.999246
66327: 0.999246
66328: 0.999246
66329: 0.999246
66330: 0.999246
66331: 0.999246
66332: 0.999246
66333: 0.999246
66334: 0.999246
66335: 0.999246
66336: 0.999246
66337: 0.999246
66338: 0.999246
66339: 0.999246
66340: 0.999246
66341: 0.999246
66342: 0.999246
66343: 0.999246
66344: 0.999246
66345: 0.999246
66346: 0.999246
66347: 0.999246
66348: 0.999246
66349: 0.999246
66350: 0.999246
66351: 0.999246
66352: 0.999246
66353: 0.999246
66354: 0.999246
66355: 0.999246
66356: 0.999246
66357: 0.999247
66358: 0.999247
66359: 0.999247
66360: 0.999247
66361: 0.999247
66362: 0.999247
66363: 0.999247
66364: 0.999247
66365: 0.999247
66366: 0.999247
66367: 0.999247
66368: 0.999247
66369: 0.999247
66370: 0.999247
66371: 0.999247
66372: 0.999247
66373: 0.999247
66374: 0.999247
66375: 0.999247
66376: 0.999247
66377: 0.999247
66378: 0.999247
66379: 0.999247
66380: 0.999247
66381: 0.999247
66382: 0.999247
66383: 0.999247
66384: 0.999247
66385: 0.999247
66386: 0.999247
66387: 0.999247
66388: 0.999247
66389: 0.999247
66390: 0.999247
66391: 0.999247
66392: 0.999247
66393: 0.999247
66394: 0.999247
66395: 0.999247
66396: 0.999247
66397: 0.999247
66398: 0.999247
66399: 0.999247
66400: 0.999247
66401: 0.999247
66402: 0.999247
66403: 0.999247
66404: 0.999247
66405: 0.999247
66406: 0.999247
66407: 0.999247
66408: 0.999247
66409: 0.999247
66410: 0.999247
66411: 0.999247
66412: 0.999247
66413: 0.999247
66414: 0.999247
66415: 0.999247
66416: 0.999247
66417: 0.999247
66418: 0.999247
66419: 0.999247
66420: 0.999247
66421: 0.999247
66422: 0.999247
66423: 0.999247
66424: 0.999247
66425: 0.999247
66426: 0.999247
66427: 0.999247
66428: 0.999247
66429: 0.999247
66430: 0.999247
66431: 0.999247
66432: 0.999247
66433: 0.999247
66434: 0.999247
66435: 0.999247
66436: 0.999247
66437: 0.999247
66438: 0.999247
66439: 0.999247
66440: 0.999247
66441: 0.999247
66442: 0.999247
66443: 0.999247
66444: 0.999247
66445: 0.999248
66446: 0.999248
66447: 0.999248
66448: 0.999248
66449: 0.999248
66450: 0.999248
66451: 0.999248
66452: 0.999248
66453: 0.999248
66454: 0.999248
66455: 0.999248
66456: 0.999248
66457: 0.999248
66458: 0.999248
66459: 0.999248
66460: 0.999248
66461: 0.999248
66462: 0.999248
66463: 0.999248
66464: 0.999248
66465: 0.999248
66466: 0.999248
66467: 0.999248
66468: 0.999248
66469: 0.999248
66470: 0.999248
66471: 0.999248
66472: 0.999248
66473: 0.999248
66474: 0.999248
66475: 0.999248
66476: 0.999248
66477: 0.999248
66478: 0.999248
66479: 0.999248
66480: 0.999248
66481: 0.999248
66482: 0.999248
66483: 0.999248
66484: 0.999248
66485: 0.999248
66486: 0.999248
66487: 0.999248
66488: 0.999248
66489: 0.999248
66490: 0.999248
66491: 0.999248
66492: 0.999248
66493: 0.999248
66494: 0.999248
66495: 0.999248
66496: 0.999248
66497: 0.999248
66498: 0.999248
66499: 0.999248
66500: 0.999248
66501: 0.999248
66502: 0.999248
66503: 0.999248
66504: 0.999248
66505: 0.999248
66506: 0.999248
66507: 0.999248
66508: 0.999248
66509: 0.999248
66510: 0.999248
66511: 0.999248
66512: 0.999248
66513: 0.999248
66514: 0.999248
66515: 0.999248
66516: 0.999248
66517: 0.999248
66518: 0.999248
66519: 0.999248
66520: 0.999248
66521: 0.999248
66522: 0.999248
66523: 0.999248
66524: 0.999248
66525: 0.999248
66526: 0.999248
66527: 0.999248
66528: 0.999248
66529: 0.999248
66530: 0.999248
66531: 0.999248
66532: 0.999248
66533: 0.999249
66534: 0.999249
66535: 0.999249
66536: 0.999249
66537: 0.999249
66538: 0.999249
66539: 0.999249
66540: 0.999249
66541: 0.999249
66542: 0.999249
66543: 0.999249
66544: 0.999249
66545: 0.999249
66546: 0.999249
66547: 0.999249
66548: 0.999249
66549: 0.999249
66550: 0.999249
66551: 0.999249
66552: 0.999249
66553: 0.999249
66554: 0.999249
66555: 0.999249
66556: 0.999249
66557: 0.999249
66558: 0.999249
66559: 0.999249
66560: 0.999249
66561: 0.999249
66562: 0.999249
66563: 0.999249
66564: 0.999249
66565: 0.999249
66566: 0.999249
66567: 0.999249
66568: 0.999249
66569: 0.999249
66570: 0.999249
66571: 0.999249
66572: 0.999249
66573: 0.999249
66574: 0.999249
66575: 0.999249
66576: 0.999249
66577: 0.999249
66578: 0.999249
66579: 0.999249
66580: 0.999249
66581: 0.999249
66582: 0.999249
66583: 0.999249
66584: 0.999249
66585: 0.999249
66586: 0.999249
66587: 0.999249
66588: 0.999249
66589: 0.999249
66590: 0.999249
66591: 0.999249
66592: 0.999249
66593: 0.999249
66594: 0.999249
66595: 0.999249
66596: 0.999249
66597: 0.999249
66598: 0.999249
66599: 0.999249
66600: 0.999249
66601: 0.999249
66602: 0.999249
66603: 0.999249
66604: 0.999249
66605: 0.999249
66606: 0.999249
66607: 0.999249
66608: 0.999249
66609: 0.999249
66610: 0.999249
66611: 0.999249
66612: 0.999249
66613: 0.999249
66614: 0.999249
66615: 0.999249
66616: 0.999249
66617: 0.999249
66618: 0.999249
66619: 0.999249
66620: 0.999249
66621: 0.999249
66622: 0.99925
66623: 0.99925
66624: 0.99925
66625: 0.99925
66626: 0.99925
66627: 0.99925
66628: 0.99925
66629: 0.99925
66630: 0.99925
66631: 0.99925
66632: 0.99925
66633: 0.99925
66634: 0.99925
66635: 0.99925
66636: 0.99925
66637: 0.99925
66638: 0.99925
66639: 0.99925
66640: 0.99925
66641: 0.99925
66642: 0.99925
66643: 0.99925
66644: 0.99925
66645: 0.99925
66646: 0.99925
66647: 0.99925
66648: 0.99925
66649: 0.99925
66650: 0.99925
66651: 0.99925
66652: 0.99925
66653: 0.99925
66654: 0.99925
66655: 0.99925
66656: 0.99925
66657: 0.99925
66658: 0.99925
66659: 0.99925
66660: 0.99925
66661: 0.99925
66662: 0.99925
66663: 0.99925
66664: 0.99925
66665: 0.99925
66666: 0.99925
66667: 0.99925
66668: 0.99925
66669: 0.99925
66670: 0.99925
66671: 0.99925
66672: 0.99925
66673: 0.99925
66674: 0.99925
66675: 0.99925
66676: 0.99925
66677: 0.99925
66678: 0.99925
66679: 0.99925
66680: 0.99925
66681: 0.99925
66682: 0.99925
66683: 0.99925
66684: 0.99925
66685: 0.99925
66686: 0.99925
66687: 0.99925
66688: 0.99925
66689: 0.99925
66690: 0.99925
66691: 0.99925
66692: 0.99925
66693: 0.99925
66694: 0.99925
66695: 0.99925
66696: 0.99925
66697: 0.99925
66698: 0.99925
66699: 0.99925
66700: 0.99925
66701: 0.99925
66702: 0.99925
66703: 0.99925
66704: 0.99925
66705: 0.99925
66706: 0.99925
66707: 0.99925
66708: 0.99925
66709: 0.99925
66710: 0.99925
66711: 0.999251
66712: 0.999251
66713: 0.999251
66714: 0.999251
66715: 0.999251
66716: 0.999251
66717: 0.999251
66718: 0.999251
66719: 0.999251
66720: 0.999251
66721: 0.999251
66722: 0.999251
66723: 0.999251
66724: 0.999251
66725: 0.999251
66726: 0.999251
66727: 0.999251
66728: 0.999251
66729: 0.999251
66730: 0.999251
66731: 0.999251
66732: 0.999251
66733: 0.999251
66734: 0.999251
66735: 0.999251
66736: 0.999251
66737: 0.999251
66738: 0.999251
66739: 0.999251
66740: 0.999251
66741: 0.999251
66742: 0.999251
66743: 0.999251
66744: 0.999251
66745: 0.999251
66746: 0.999251
66747: 0.999251
66748: 0.999251
66749: 0.999251
66750: 0.999251
66751: 0.999251
66752: 0.999251
66753: 0.999251
66754: 0.999251
66755: 0.999251
66756: 0.999251
66757: 0.999251
66758: 0.999251
66759: 0.999251
66760: 0.999251
66761: 0.999251
66762: 0.999251
66763: 0.999251
66764: 0.999251
66765: 0.999251
66766: 0.999251
66767: 0.999251
66768: 0.999251
66769: 0.999251
66770: 0.999251
66771: 0.999251
66772: 0.999251
66773: 0.999251
66774: 0.999251
66775: 0.999251
66776: 0.999251
66777: 0.999251
66778: 0.999251
66779: 0.999251
66780: 0.999251
66781: 0.999251
66782: 0.999251
66783: 0.999251
66784: 0.999251
66785: 0.999251
66786: 0.999251
66787: 0.999251
66788: 0.999251
66789: 0.999251
66790: 0.999251
66791: 0.999251
66792: 0.999251
66793: 0.999251
66794: 0.999251
66795: 0.999251
66796: 0.999251
66797: 0.999251
66798: 0.999251
66799: 0.999251
66800: 0.999252
66801: 0.999252
66802: 0.999252
66803: 0.999252
66804: 0.999252
66805: 0.999252
66806: 0.999252
66807: 0.999252
66808: 0.999252
66809: 0.999252
66810: 0.999252
66811: 0.999252
66812: 0.999252
66813: 0.999252
66814: 0.999252
66815: 0.999252
66816: 0.999252
66817: 0.999252
66818: 0.999252
66819: 0.999252
66820: 0.999252
66821: 0.999252
66822: 0.999252
66823: 0.999252
66824: 0.999252
66825: 0.999252
66826: 0.999252
66827: 0.999252
66828: 0.999252
66829: 0.999252
66830: 0.999252
66831: 0.999252
66832: 0.999252
66833: 0.999252
66834: 0.999252
66835: 0.999252
66836: 0.999252
66837: 0.999252
66838: 0.999252
66839: 0.999252
66840: 0.999252
66841: 0.999252
66842: 0.999252
66843: 0.999252
66844: 0.999252
66845: 0.999252
66846: 0.999252
66847: 0.999252
66848: 0.999252
66849: 0.999252
66850: 0.999252
66851: 0.999252
66852: 0.999252
66853: 0.999252
66854: 0.999252
66855: 0.999252
66856: 0.999252
66857: 0.999252
66858: 0.999252
66859: 0.999252
66860: 0.999252
66861: 0.999252
66862: 0.999252
66863: 0.999252
66864: 0.999252
66865: 0.999252
66866: 0.999252
66867: 0.999252
66868: 0.999252
66869: 0.999252
66870: 0.999252
66871: 0.999252
66872: 0.999252
66873: 0.999252
66874: 0.999252
66875: 0.999252
66876: 0.999252
66877: 0.999252
66878: 0.999252
66879: 0.999252
66880: 0.999252
66881: 0.999252
66882: 0.999252
66883: 0.999252
66884: 0.999252
66885: 0.999252
66886: 0.999252
66887: 0.999252
66888: 0.999252
66889: 0.999253
66890: 0.999253
66891: 0.999253
66892: 0.999253
66893: 0.999253
66894: 0.999253
66895: 0.999253
66896: 0.999253
66897: 0.999253
66898: 0.999253
66899: 0.999253
66900: 0.999253
66901: 0.999253
66902: 0.999253
66903: 0.999253
66904: 0.999253
66905: 0.999253
66906: 0.999253
66907: 0.999253
66908: 0.999253
66909: 0.999253
66910: 0.999253
66911: 0.999253
66912: 0.999253
66913: 0.999253
66914: 0.999253
66915: 0.999253
66916: 0.999253
66917: 0.999253
66918: 0.999253
66919: 0.999253
66920: 0.999253
66921: 0.999253
66922: 0.999253
66923: 0.999253
66924: 0.999253
66925: 0.999253
66926: 0.999253
66927: 0.999253
66928: 0.999253
66929: 0.999253
66930: 0.999253
66931: 0.999253
66932: 0.999253
66933: 0.999253
66934: 0.999253
66935: 0.999253
66936: 0.999253
66937: 0.999253
66938: 0.999253
66939: 0.999253
66940: 0.999253
66941: 0.999253
66942: 0.999253
66943: 0.999253
66944: 0.999253
66945: 0.999253
66946: 0.999253
66947: 0.999253
66948: 0.999253
66949: 0.999253
66950: 0.999253
66951: 0.999253
66952: 0.999253
66953: 0.999253
66954: 0.999253
66955: 0.999253
66956: 0.999253
66957: 0.999253
66958: 0.999253
66959: 0.999253
66960: 0.999253
66961: 0.999253
66962: 0.999253
66963: 0.999253
66964: 0.999253
66965: 0.999253
66966: 0.999253
66967: 0.999253
66968: 0.999253
66969: 0.999253
66970: 0.999253
66971: 0.999253
66972: 0.999253
66973: 0.999253
66974: 0.999253
66975: 0.999253
66976: 0.999253
66977: 0.999253
66978: 0.999253
66979: 0.999254
66980: 0.999254
66981: 0.999254
66982: 0.999254
66983: 0.999254
66984: 0.999254
66985: 0.999254
66986: 0.999254
66987: 0.999254
66988: 0.999254
66989: 0.999254
66990: 0.999254
66991: 0.999254
66992: 0.999254
66993: 0.999254
66994: 0.999254
66995: 0.999254
66996: 0.999254
66997: 0.999254
66998: 0.999254
66999: 0.999254
67000: 0.999254
67001: 0.999254
67002: 0.999254
67003: 0.999254
67004: 0.999254
67005: 0.999254
67006: 0.999254
67007: 0.999254
67008: 0.999254
67009: 0.999254
67010: 0.999254
67011: 0.999254
67012: 0.999254
67013: 0.999254
67014: 0.999254
67015: 0.999254
67016: 0.999254
67017: 0.999254
67018: 0.999254
67019: 0.999254
67020: 0.999254
67021: 0.999254
67022: 0.999254
67023: 0.999254
67024: 0.999254
67025: 0.999254
67026: 0.999254
67027: 0.999254
67028: 0.999254
67029: 0.999254
67030: 0.999254
67031: 0.999254
67032: 0.999254
67033: 0.999254
67034: 0.999254
67035: 0.999254
67036: 0.999254
67037: 0.999254
67038: 0.999254
67039: 0.999254
67040: 0.999254
67041: 0.999254
67042: 0.999254
67043: 0.999254
67044: 0.999254
67045: 0.999254
67046: 0.999254
67047: 0.999254
67048: 0.999254
67049: 0.999254
67050: 0.999254
67051: 0.999254
67052: 0.999254
67053: 0.999254
67054: 0.999254
67055: 0.999254
67056: 0.999254
67057: 0.999254
67058: 0.999254
67059: 0.999254
67060: 0.999254
67061: 0.999254
67062: 0.999254
67063: 0.999254
67064: 0.999254
67065: 0.999254
67066: 0.999254
67067: 0.999254
67068: 0.999254
67069: 0.999255
67070: 0.999255
67071: 0.999255
67072: 0.999255
67073: 0.999255
67074: 0.999255
67075: 0.999255
67076: 0.999255
67077: 0.999255
67078: 0.999255
67079: 0.999255
67080: 0.999255
67081: 0.999255
67082: 0.999255
67083: 0.999255
67084: 0.999255
67085: 0.999255
67086: 0.999255
67087: 0.999255
67088: 0.999255
67089: 0.999255
67090: 0.999255
67091: 0.999255
67092: 0.999255
67093: 0.999255
67094: 0.999255
67095: 0.999255
67096: 0.999255
67097: 0.999255
67098: 0.999255
67099: 0.999255
67100: 0.999255
67101: 0.999255
67102: 0.999255
67103: 0.999255
67104: 0.999255
67105: 0.999255
67106: 0.999255
67107: 0.999255
67108: 0.999255
67109: 0.999255
67110: 0.999255
67111: 0.999255
67112: 0.999255
67113: 0.999255
67114: 0.999255
67115: 0.999255
67116: 0.999255
67117: 0.999255
67118: 0.999255
67119: 0.999255
67120: 0.999255
67121: 0.999255
67122: 0.999255
67123: 0.999255
67124: 0.999255
67125: 0.999255
67126: 0.999255
67127: 0.999255
67128: 0.999255
67129: 0.999255
67130: 0.999255
67131: 0.999255
67132: 0.999255
67133: 0.999255
67134: 0.999255
67135: 0.999255
67136: 0.999255
67137: 0.999255
67138: 0.999255
67139: 0.999255
67140: 0.999255
67141: 0.999255
67142: 0.999255
67143: 0.999255
67144: 0.999255
67145: 0.999255
67146: 0.999255
67147: 0.999255
67148: 0.999255
67149: 0.999255
67150: 0.999255
67151: 0.999255
67152: 0.999255
67153: 0.999255
67154: 0.999255
67155: 0.999255
67156: 0.999241
67157: 0.999241
67158: 0.999241
67159: 0.999241
67160: 0.999241
67161: 0.999241
67162: 0.999241
67163: 0.999241
67164: 0.999241
67165: 0.999241
67166: 0.999241
67167: 0.999241
67168: 0.999241
67169: 0.999241
67170: 0.999241
67171: 0.999241
67172: 0.999241
67173: 0.999241
67174: 0.999241
67175: 0.999241
67176: 0.999241
67177: 0.999241
67178: 0.999241
67179: 0.999241
67180: 0.999241
67181: 0.999241
67182: 0.999241
67183: 0.999241
67184: 0.999241
67185: 0.999241
67186: 0.999241
67187: 0.999241
67188: 0.999241
67189: 0.999241
67190: 0.999241
67191: 0.999241
67192: 0.999241
67193: 0.999241
67194: 0.999241
67195: 0.999241
67196: 0.999241
67197: 0.999241
67198: 0.999241
67199: 0.999241
67200: 0.999241
67201: 0.999241
67202: 0.999241
67203: 0.999241
67204: 0.999241
67205: 0.999241
67206: 0.999241
67207: 0.999241
67208: 0.999241
67209: 0.999241
67210: 0.999241
67211: 0.999241
67212: 0.999241
67213: 0.999241
67214: 0.999241
67215: 0.999241
67216: 0.999241
67217: 0.999241
67218: 0.999241
67219: 0.999241
67220: 0.999241
67221: 0.999241
67222: 0.999241
67223: 0.999241
67224: 0.999241
67225: 0.999241
67226: 0.999241
67227: 0.999241
67228: 0.999241
67229: 0.999241
67230: 0.999241
67231: 0.999241
67232: 0.999241
67233: 0.999241
67234: 0.999241
67235: 0.999241
67236: 0.999241
67237: 0.999242
67238: 0.999242
67239: 0.999242
67240: 0.999242
67241: 0.999242
67242: 0.999242
67243: 0.999242
67244: 0.999242
67245: 0.999242
67246: 0.999242
67247: 0.999242
67248: 0.999242
67249: 0.999242
67250: 0.999242
67251: 0.999242
67252: 0.999242
67253: 0.999242
67254: 0.999242
67255: 0.999242
67256: 0.999242
67257: 0.999242
67258: 0.999242
67259: 0.999242
67260: 0.999242
67261: 0.999242
67262: 0.999242
67263: 0.999242
67264: 0.999242
67265: 0.999242
67266: 0.999242
67267: 0.999242
67268: 0.999242
67269: 0.999242
67270: 0.999242
67271: 0.999242
67272: 0.999242
67273: 0.999242
67274: 0.999242
67275: 0.999242
67276: 0.999242
67277: 0.999242
67278: 0.999242
67279: 0.999242
67280: 0.999242
67281: 0.999242
67282: 0.999242
67283: 0.999242
67284: 0.999242
67285: 0.999242
67286: 0.999242
67287: 0.999242
67288: 0.999242
67289: 0.999242
67290: 0.999242
67291: 0.999242
67292: 0.999242
67293: 0.999242
67294: 0.999242
67295: 0.999242
67296: 0.999242
67297: 0.999242
67298: 0.999242
67299: 0.999242
67300: 0.999242
67301: 0.999242
67302: 0.999242
67303: 0.999242
67304: 0.999242
67305: 0.999242
67306: 0.999242
67307: 0.999242
67308: 0.999242
67309: 0.999242
67310: 0.999242
67311: 0.999242
67312: 0.999242
67313: 0.999242
67314: 0.999242
67315: 0.999242
67316: 0.999242
67317: 0.999242
67318: 0.999242
67319: 0.999242
67320: 0.999242
67321: 0.999242
67322: 0.999242
67323: 0.999242
67324: 0.999242
67325: 0.999242
67326: 0.999243
67327: 0.999243
67328: 0.999243
67329: 0.999243
67330: 0.999243
67331: 0.999243
67332: 0.999243
67333: 0.999243
67334: 0.999243
67335: 0.999243
67336: 0.999243
67337: 0.999243
67338: 0.999243
67339: 0.999243
67340: 0.999243
67341: 0.999243
67342: 0.999243
67343: 0.999243
67344: 0.999243
67345: 0.999243
67346: 0.999243
67347: 0.999243
67348: 0.999243
67349: 0.999243
67350: 0.999243
67351: 0.999243
67352: 0.999243
67353: 0.999243
67354: 0.999243
67355: 0.999243
67356: 0.999243
67357: 0.999243
67358: 0.999243
67359: 0.999243
67360: 0.999243
67361: 0.999243
67362: 0.999243
67363: 0.999243
67364: 0.999243
67365: 0.999243
67366: 0.999243
67367: 0.999243
67368: 0.999243
67369: 0.999243
67370: 0.999243
67371: 0.999243
67372: 0.999243
67373: 0.999243
67374: 0.999243
67375: 0.999243
67376: 0.999243
67377: 0.999243
67378: 0.999243
67379: 0.999243
67380: 0.999243
67381: 0.999243
67382: 0.999243
67383: 0.999243
67384: 0.999243
67385: 0.999243
67386: 0.999243
67387: 0.999243
67388: 0.999243
67389: 0.999243
67390: 0.999243
67391: 0.999243
67392: 0.999243
67393: 0.999243
67394: 0.999243
67395: 0.999243
67396: 0.999243
67397: 0.999243
67398: 0.999243
67399: 0.999243
67400: 0.999243
67401: 0.999243
67402: 0.999243
67403: 0.999243
67404: 0.999243
67405: 0.999243
67406: 0.999243
67407: 0.999243
67408: 0.999243
67409: 0.999243
67410: 0.999243
67411: 0.999243
67412: 0.999243
67413: 0.999243
67414: 0.999243
67415: 0.999244
67416: 0.999244
67417: 0.999244
67418: 0.999244
67419: 0.999244
67420: 0.999244
67421: 0.999244
67422: 0.999244
67423: 0.999244
67424: 0.999244
67425: 0.999244
67426: 0.999244
67427: 0.999244
67428: 0.999244
67429: 0.999244
67430: 0.999244
67431: 0.999244
67432: 0.999244
67433: 0.999244
67434: 0.999244
67435: 0.999244
67436: 0.999244
67437: 0.999244
67438: 0.999244
67439: 0.999244
67440: 0.999244
67441: 0.999244
67442: 0.999244
67443: 0.999244
67444: 0.999244
67445: 0.999244
67446: 0.999244
67447: 0.999244
67448: 0.999244
67449: 0.999244
67450: 0.999244
67451: 0.999244
67452: 0.999244
67453: 0.999244
67454: 0.999244
67455: 0.999244
67456: 0.999244
67457: 0.999244
67458: 0.999244
67459: 0.999244
67460: 0.999244
67461: 0.999244
67462: 0.999244
67463: 0.999244
67464: 0.999244
67465: 0.999244
67466: 0.999244
67467: 0.999244
67468: 0.999244
67469: 0.999244
67470: 0.999244
67471: 0.999244
67472: 0.999244
67473: 0.999244
67474: 0.999244
67475: 0.999244
67476: 0.999244
67477: 0.999244
67478: 0.999244
67479: 0.999244
67480: 0.999244
67481: 0.999244
67482: 0.999244
67483: 0.999244
67484: 0.999244
67485: 0.999244
67486: 0.999244
67487: 0.999244
67488: 0.999244
67489: 0.999244
67490: 0.999244
67491: 0.999244
67492: 0.999244
67493: 0.999244
67494: 0.999244
67495: 0.999244
67496: 0.999244
67497: 0.999244
67498: 0.999244
67499: 0.999244
67500: 0.999244
67501: 0.999244
67502: 0.999244
67503: 0.999244
67504: 0.999245
67505: 0.999245
67506: 0.999245
67507: 0.999245
67508: 0.999245
67509: 0.999245
67510: 0.999245
67511: 0.999245
67512: 0.999245
67513: 0.999245
67514: 0.999245
67515: 0.999245
67516: 0.999245
67517: 0.999245
67518: 0.999245
67519: 0.999245
67520: 0.999245
67521: 0.999245
67522: 0.999245
67523: 0.999245
67524: 0.999245
67525: 0.999245
67526: 0.999245
67527: 0.999245
67528: 0.999245
67529: 0.999245
67530: 0.999245
67531: 0.999245
67532: 0.999245
67533: 0.999245
67534: 0.999245
67535: 0.999245
67536: 0.999245
67537: 0.999245
67538: 0.999245
67539: 0.999245
67540: 0.999245
67541: 0.999245
67542: 0.999245
67543: 0.999245
67544: 0.999245
67545: 0.999245
67546: 0.999245
67547: 0.999245
67548: 0.999245
67549: 0.999245
67550: 0.999245
67551: 0.999245
67552: 0.999245
67553: 0.999245
67554: 0.999245
67555: 0.999245
67556: 0.999245
67557: 0.999245
67558: 0.999245
67559: 0.999245
67560: 0.999245
67561: 0.999245
67562: 0.999245
67563: 0.999245
67564: 0.999245
67565: 0.999245
67566: 0.999245
67567: 0.999245
67568: 0.999245
67569: 0.999245
67570: 0.999245
67571: 0.999245
67572: 0.999245
67573: 0.999245
67574: 0.999245
67575: 0.999245
67576: 0.999245
67577: 0.999245
67578: 0.999245
67579: 0.999245
67580: 0.999245
67581: 0.999245
67582: 0.999245
67583: 0.999245
67584: 0.999245
67585: 0.999245
67586: 0.999245
67587: 0.999245
67588: 0.999245
67589: 0.999245
67590: 0.999245
67591: 0.999245
67592: 0.999245
67593: 0.999245
67594: 0.999246
67595: 0.999246
67596: 0.999246
67597: 0.999246
67598: 0.999246
67599: 0.999246
67600: 0.999246
67601: 0.999246
67602: 0.999246
67603: 0.999246
67604: 0.999246
67605: 0.999246
67606: 0.999246
67607: 0.999246
67608: 0.999246
67609: 0.999246
67610: 0.999246
67611: 0.999246
67612: 0.999246
67613: 0.999246
67614: 0.999246
67615: 0.999246
67616: 0.999246
67617: 0.999246
67618: 0.999246
67619: 0.999246
67620: 0.999246
67621: 0.999246
67622: 0.999246
67623: 0.999246
67624: 0.999246
67625: 0.999246
67626: 0.999246
67627: 0.999246
67628: 0.999246
67629: 0.999246
67630: 0.999246
67631: 0.999246
67632: 0.999246
67633: 0.999246
67634: 0.999246
67635: 0.999246
67636: 0.999246
67637: 0.999246
67638: 0.999246
67639: 0.999246
67640: 0.999246
67641: 0.999246
67642: 0.999246
67643: 0.999246
67644: 0.999246
67645: 0.999246
67646: 0.999246
67647: 0.999246
67648: 0.999246
67649: 0.999246
67650: 0.999246
67651: 0.999246
67652: 0.999246
67653: 0.999246
67654: 0.999246
67655: 0.999246
67656: 0.999246
67657: 0.999246
67658: 0.999246
67659: 0.999246
67660: 0.999246
67661: 0.999246
67662: 0.999246
67663: 0.999246
67664: 0.999246
67665: 0.999246
67666: 0.999246
67667: 0.999246
67668: 0.999246
67669: 0.999246
67670: 0.999246
67671: 0.999246
67672: 0.999246
67673: 0.999246
67674: 0.999246
67675: 0.999246
67676: 0.999246
67677: 0.999246
67678: 0.999246
67679: 0.999246
67680: 0.999246
67681: 0.999246
67682: 0.999246
67683: 0.999246
67684: 0.999247
67685: 0.999247
67686: 0.999247
67687: 0.999247
67688: 0.999247
67689: 0.999247
67690: 0.999247
67691: 0.999247
67692: 0.999247
67693: 0.999247
67694: 0.999247
67695: 0.999247
67696: 0.999247
67697: 0.999247
67698: 0.999247
67699: 0.999247
67700: 0.999247
67701: 0.999247
67702: 0.999247
67703: 0.999247
67704: 0.999247
67705: 0.999247
67706: 0.999247
67707: 0.999247
67708: 0.999247
67709: 0.999247
67710: 0.999247
67711: 0.999247
67712: 0.999247
67713: 0.999247
67714: 0.999247
67715: 0.999247
67716: 0.999247
67717: 0.999247
67718: 0.999247
67719: 0.999247
67720: 0.999247
67721: 0.999247
67722: 0.999247
67723: 0.999247
67724: 0.999247
67725: 0.999247
67726: 0.999247
67727: 0.999247
67728: 0.999247
67729: 0.999247
67730: 0.999247
67731: 0.999247
67732: 0.999247
67733: 0.999247
67734: 0.999247
67735: 0.999247
67736: 0.999247
67737: 0.999247
67738: 0.999247
67739: 0.999247
67740: 0.999247
67741: 0.999247
67742: 0.999247
67743: 0.999247
67744: 0.999247
67745: 0.999247
67746: 0.999247
67747: 0.999247
67748: 0.999247
67749: 0.999247
67750: 0.999247
67751: 0.999247
67752: 0.999247
67753: 0.999247
67754: 0.999247
67755: 0.999247
67756: 0.999247
67757: 0.999247
67758: 0.999247
67759: 0.999247
67760: 0.999247
67761: 0.999247
67762: 0.999247
67763: 0.999247
67764: 0.999247
67765: 0.999247
67766: 0.999247
67767: 0.999247
67768: 0.999247
67769: 0.999247
67770: 0.999247
67771: 0.999247
67772: 0.999247
67773: 0.999247
67774: 0.999248
67775: 0.999248
67776: 0.999248
67777: 0.999248
67778: 0.999248
67779: 0.999248
67780: 0.999248
67781: 0.999248
67782: 0.999248
67783: 0.999248
67784: 0.999248
67785: 0.999248
67786: 0.999248
67787: 0.999248
67788: 0.999248
67789: 0.999248
67790: 0.999248
67791: 0.999248
67792: 0.999248
67793: 0.999248
67794: 0.999248
67795: 0.999248
67796: 0.999248
67797: 0.999248
67798: 0.999248
67799: 0.999248
67800: 0.999248
67801: 0.999248
67802: 0.999248
67803: 0.999248
67804: 0.999248
67805: 0.999248
67806: 0.999248
67807: 0.999248
67808: 0.999248
67809: 0.999248
67810: 0.999248
67811: 0.999248
67812: 0.999248
67813: 0.999248
67814: 0.999248
67815: 0.999248
67816: 0.999248
67817: 0.999248
67818: 0.999248
67819: 0.999248
67820: 0.999248
67821: 0.999248
67822: 0.999248
67823: 0.999248
67824: 0.999248
67825: 0.999248
67826: 0.999248
67827: 0.999248
67828: 0.999248
67829: 0.999248
67830: 0.999248
67831: 0.999248
67832: 0.999248
67833: 0.999248
67834: 0.999248
67835: 0.999248
67836: 0.999248
67837: 0.999248
67838: 0.999248
67839: 0.999248
67840: 0.999248
67841: 0.999248
67842: 0.999248
67843: 0.999248
67844: 0.999248
67845: 0.999248
67846: 0.999248
67847: 0.999248
67848: 0.999248
67849: 0.999248
67850: 0.999248
67851: 0.999248
67852: 0.999248
67853: 0.999248
67854: 0.999248
67855: 0.999248
67856: 0.999248
67857: 0.999248
67858: 0.999248
67859: 0.999248
67860: 0.999248
67861: 0.999248
67862: 0.999248
67863: 0.999248
67864: 0.999249
67865: 0.999249
67866: 0.999249
67867: 0.999249
67868: 0.999249
67869: 0.999249
67870: 0.999249
67871: 0.999249
67872: 0.999249
67873: 0.999249
67874: 0.999249
67875: 0.999249
67876: 0.999249
67877: 0.999249
67878: 0.999249
67879: 0.999249
67880: 0.999249
67881: 0.999249
67882: 0.999249
67883: 0.999249
67884: 0.999249
67885: 0.999249
67886: 0.999249
67887: 0.999249
67888: 0.999249
67889: 0.999249
67890: 0.999249
67891: 0.999249
67892: 0.999249
67893: 0.999249
67894: 0.999249
67895: 0.999249
67896: 0.999249
67897: 0.999249
67898: 0.999249
67899: 0.999249
67900: 0.999249
67901: 0.999249
67902: 0.999249
67903: 0.999249
67904: 0.999249
67905: 0.999249
67906: 0.999249
67907: 0.999249
67908: 0.999249
67909: 0.999249
67910: 0.999249
67911: 0.999249
67912: 0.999249
67913: 0.999249
67914: 0.999249
67915: 0.999249
67916: 0.999249
67917: 0.999249
67918: 0.999249
67919: 0.999249
67920: 0.999249
67921: 0.999249
67922: 0.999249
67923: 0.999249
67924: 0.999249
67925: 0.999249
67926: 0.999249
67927: 0.999249
67928: 0.999249
67929: 0.999249
67930: 0.999249
67931: 0.999249
67932: 0.999249
67933: 0.999249
67934: 0.999249
67935: 0.999249
67936: 0.999249
67937: 0.999249
67938: 0.999249
67939: 0.999249
67940: 0.999249
67941: 0.999249
67942: 0.999249
67943: 0.999249
67944: 0.999249
67945: 0.999249
67946: 0.999249
67947: 0.999249
67948: 0.999249
67949: 0.999249
67950: 0.999249
67951: 0.999249
67952: 0.999249
67953: 0.999249
67954: 0.99925
67955: 0.99925
67956: 0.99925
67957: 0.99925
67958: 0.99925
67959: 0.99925
67960: 0.99925
67961: 0.99925
67962: 0.99925
67963: 0.99925
67964: 0.99925
67965: 0.99925
67966: 0.99925
67967: 0.99925
67968: 0.99925
67969: 0.99925
67970: 0.99925
67971: 0.99925
67972: 0.99925
67973: 0.99925
67974: 0.99925
67975: 0.99925
67976: 0.99925
67977: 0.99925
67978: 0.99925
67979: 0.99925
67980: 0.99925
67981: 0.99925
67982: 0.99925
67983: 0.99925
67984: 0.99925
67985: 0.99925
67986: 0.99925
67987: 0.99925
67988: 0.99925
67989: 0.99925
67990: 0.99925
67991: 0.99925
67992: 0.99925
67993: 0.99925
67994: 0.99925
67995: 0.99925
67996: 0.99925
67997: 0.99925
67998: 0.99925
67999: 0.99925
68000: 0.99925
68001: 0.99925
68002: 0.99925
68003: 0.99925
68004: 0.99925
68005: 0.99925
68006: 0.99925
68007: 0.99925
68008: 0.99925
68009: 0.99925
68010: 0.99925
68011: 0.99925
68012: 0.99925
68013: 0.99925
68014: 0.99925
68015: 0.99925
68016: 0.99925
68017: 0.99925
68018: 0.99925
68019: 0.99925
68020: 0.99925
68021: 0.99925
68022: 0.99925
68023: 0.99925
68024: 0.99925
68025: 0.99925
68026: 0.99925
68027: 0.99925
68028: 0.99925
68029: 0.99925
68030: 0.99925
68031: 0.99925
68032: 0.99925
68033: 0.99925
68034: 0.99925
68035: 0.99925
68036: 0.99925
68037: 0.99925
68038: 0.99925
68039: 0.99925
68040: 0.99925
68041: 0.99925
68042: 0.99925
68043: 0.99925
68044: 0.99925
68045: 0.999251
68046: 0.999251
68047: 0.999251
68048: 0.999251
68049: 0.999251
68050: 0.999251
68051: 0.999251
68052: 0.999251
68053: 0.999251
68054: 0.999251
68055: 0.999251
68056: 0.999251
68057: 0.999251
68058: 0.999251
68059: 0.999251
68060: 0.999251
68061: 0.999251
68062: 0.999251
68063: 0.999251
68064: 0.999251
68065: 0.999251
68066: 0.999251
68067: 0.999251
68068: 0.999251
68069: 0.999251
68070: 0.999251
68071: 0.999251
68072: 0.999251
68073: 0.999251
68074: 0.999251
68075: 0.999251
68076: 0.999251
68077: 0.999251
68078: 0.999251
68079: 0.999251
68080: 0.999251
68081: 0.999251
68082: 0.999251
68083: 0.999251
68084: 0.999251
68085: 0.999251
68086: 0.999251
68087: 0.999251
68088: 0.999251
68089: 0.999251
68090: 0.999251
68091: 0.999251
68092: 0.999251
68093: 0.999251
68094: 0.999251
68095: 0.999251
68096: 0.999251
68097: 0.999251
68098: 0.999251
68099: 0.999251
68100: 0.999251
68101: 0.999251
68102: 0.999251
68103: 0.999251
68104: 0.999251
68105: 0.999251
68106: 0.999251
68107: 0.999251
68108: 0.999251
68109: 0.999251
68110: 0.999251
68111: 0.999251
68112: 0.999251
68113: 0.999251
68114: 0.999251
68115: 0.999251
68116: 0.999251
68117: 0.999251
68118: 0.999251
68119: 0.999251
68120: 0.999251
68121: 0.999251
68122: 0.999251
68123: 0.999251
68124: 0.999251
68125: 0.999251
68126: 0.999251
68127: 0.999251
68128: 0.999251
68129: 0.999251
68130: 0.999251
68131: 0.999251
68132: 0.999251
68133: 0.999251
68134: 0.999251
68135: 0.999251
68136: 0.999252
68137: 0.999252
68138: 0.999252
68139: 0.999252
68140: 0.999252
68141: 0.999252
68142: 0.999252
68143: 0.999252
68144: 0.999252
68145: 0.999252
68146: 0.999252
68147: 0.999252
68148: 0.999252
68149: 0.999252
68150: 0.999252
68151: 0.999252
68152: 0.999252
68153: 0.999252
68154: 0.999252
68155: 0.999252
68156: 0.999252
68157: 0.999252
68158: 0.999252
68159: 0.999252
68160: 0.999252
68161: 0.999252
68162: 0.999252
68163: 0.999252
68164: 0.999252
68165: 0.999252
68166: 0.999252
68167: 0.999252
68168: 0.999252
68169: 0.999252
68170: 0.999252
68171: 0.999252
68172: 0.999252
68173: 0.999252
68174: 0.999252
68175: 0.999252
68176: 0.999252
68177: 0.999252
68178: 0.999252
68179: 0.999252
68180: 0.999252
68181: 0.999252
68182: 0.999252
68183: 0.999252
68184: 0.999252
68185: 0.999252
68186: 0.999252
68187: 0.999252
68188: 0.999252
68189: 0.999252
68190: 0.999252
68191: 0.999252
68192: 0.999252
68193: 0.999252
68194: 0.999252
68195: 0.999252
68196: 0.999252
68197: 0.999252
68198: 0.999252
68199: 0.999252
68200: 0.999252
68201: 0.999252
68202: 0.999252
68203: 0.999252
68204: 0.999252
68205: 0.999252
68206: 0.999252
68207: 0.999252
68208: 0.999252
68209: 0.999252
68210: 0.999252
68211: 0.999252
68212: 0.999252
68213: 0.999252
68214: 0.999252
68215: 0.999252
68216: 0.999252
68217: 0.999252
68218: 0.999252
68219: 0.999252
68220: 0.999252
68221: 0.999252
68222: 0.999252
68223: 0.999252
68224: 0.999252
68225: 0.999252
68226: 0.999252
68227: 0.999253
68228: 0.999253
68229: 0.999253
68230: 0.999253
68231: 0.999253
68232: 0.999253
68233: 0.999253
68234: 0.999253
68235: 0.999253
68236: 0.999253
68237: 0.999253
68238: 0.999253
68239: 0.999253
68240: 0.999253
68241: 0.999253
68242: 0.999253
68243: 0.999253
68244: 0.999253
68245: 0.999253
68246: 0.999253
68247: 0.999253
68248: 0.999253
68249: 0.999253
68250: 0.999253
68251: 0.999253
68252: 0.999253
68253: 0.999253
68254: 0.999253
68255: 0.999253
68256: 0.999253
68257: 0.999253
68258: 0.999253
68259: 0.999253
68260: 0.999253
68261: 0.999253
68262: 0.999253
68263: 0.999253
68264: 0.999253
68265: 0.999253
68266: 0.999253
68267: 0.999253
68268: 0.999253
68269: 0.999253
68270: 0.999253
68271: 0.999253
68272: 0.999253
68273: 0.999253
68274: 0.999253
68275: 0.999253
68276: 0.999253
68277: 0.999253
68278: 0.999253
68279: 0.999253
68280: 0.999253
68281: 0.999253
68282: 0.999253
68283: 0.999253
68284: 0.999253
68285: 0.999253
68286: 0.999253
68287: 0.999253
68288: 0.999253
68289: 0.999253
68290: 0.999253
68291: 0.999253
68292: 0.999253
68293: 0.999253
68294: 0.999253
68295: 0.999253
68296: 0.999253
68297: 0.999253
68298: 0.999253
68299: 0.999253
68300: 0.999253
68301: 0.999253
68302: 0.999253
68303: 0.999253
68304: 0.999253
68305: 0.999253
68306: 0.999253
68307: 0.999253
68308: 0.999253
68309: 0.999253
68310: 0.999253
68311: 0.999253
68312: 0.999253
68313: 0.999253
68314: 0.999253
68315: 0.999253
68316: 0.999253
68317: 0.999253
68318: 0.999254
68319: 0.999254
68320: 0.999254
68321: 0.999254
68322: 0.999254
68323: 0.999254
68324: 0.999254
68325: 0.999254
68326: 0.999254
68327: 0.999254
68328: 0.999254
68329: 0.999254
68330: 0.999254
68331: 0.999254
68332: 0.999254
68333: 0.999254
68334: 0.999254
68335: 0.999254
68336: 0.999254
68337: 0.999254
68338: 0.999254
68339: 0.999254
68340: 0.999254
68341: 0.999254
68342: 0.999254
68343: 0.999254
68344: 0.999254
68345: 0.999254
68346: 0.999254
68347: 0.999254
68348: 0.999254
68349: 0.999254
68350: 0.999254
68351: 0.999254
68352: 0.999254
68353: 0.999254
68354: 0.999254
68355: 0.999254
68356: 0.999254
68357: 0.999254
68358: 0.999254
68359: 0.999254
68360: 0.999254
68361: 0.999254
68362: 0.999254
68363: 0.999254
68364: 0.999254
68365: 0.999254
68366: 0.999254
68367: 0.999254
68368: 0.999254
68369: 0.999254
68370: 0.999254
68371: 0.999254
68372: 0.999254
68373: 0.999254
68374: 0.999254
68375: 0.999254
68376: 0.999254
68377: 0.999254
68378: 0.999254
68379: 0.999254
68380: 0.999254
68381: 0.999254
68382: 0.999254
68383: 0.999254
68384: 0.999254
68385: 0.999254
68386: 0.999254
68387: 0.999254
68388: 0.999254
68389: 0.999254
68390: 0.999254
68391: 0.999254
68392: 0.999254
68393: 0.999254
68394: 0.999254
68395: 0.999254
68396: 0.999254
68397: 0.999254
68398: 0.999254
68399: 0.999254
68400: 0.999254
68401: 0.999254
68402: 0.999254
68403: 0.999254
68404: 0.999254
68405: 0.999254
68406: 0.999254
68407: 0.999254
68408: 0.999254
68409: 0.999254
68410: 0.999255
68411: 0.999255
68412: 0.999255
68413: 0.999255
68414: 0.999255
68415: 0.999255
68416: 0.999255
68417: 0.999255
68418: 0.999255
68419: 0.999255
68420: 0.999255
68421: 0.999255
68422: 0.999255
68423: 0.999255
68424: 0.999255
68425: 0.999255
68426: 0.999255
68427: 0.999255
68428: 0.999255
68429: 0.999255
68430: 0.999255
68431: 0.999255
68432: 0.999255
68433: 0.999255
68434: 0.999255
68435: 0.999255
68436: 0.999255
68437: 0.999255
68438: 0.999255
68439: 0.999255
68440: 0.999255
68441: 0.999255
68442: 0.999255
68443: 0.999255
68444: 0.999255
68445: 0.999255
68446: 0.999255
68447: 0.999255
68448: 0.999255
68449: 0.999255
68450: 0.999255
68451: 0.999255
68452: 0.999255
68453: 0.999255
68454: 0.999255
68455: 0.999255
68456: 0.999255
68457: 0.999255
68458: 0.999255
68459: 0.999255
68460: 0.999255
68461: 0.999255
68462: 0.999255
68463: 0.999255
68464: 0.999255
68465: 0.999255
68466: 0.999255
68467: 0.999255
68468: 0.999255
68469: 0.999255
68470: 0.999255
68471: 0.999255
68472: 0.999255
68473: 0.999255
68474: 0.999255
68475: 0.999255
68476: 0.999255
68477: 0.999255
68478: 0.999255
68479: 0.999255
68480: 0.999255
68481: 0.999255
68482: 0.999255
68483: 0.999255
68484: 0.999255
68485: 0.999255
68486: 0.999255
68487: 0.999255
68488: 0.999255
68489: 0.999255
68490: 0.999255
68491: 0.999255
68492: 0.999255
68493: 0.999255
68494: 0.999255
68495: 0.999255
68496: 0.999255
68497: 0.999255
68498: 0.999255
68499: 0.999255
68500: 0.999255
68501: 0.999255
68502: 0.999256
68503: 0.999256
68504: 0.999256
68505: 0.999256
68506: 0.999256
68507: 0.999256
68508: 0.999256
68509: 0.999256
68510: 0.999256
68511: 0.999256
68512: 0.999256
68513: 0.999256
68514: 0.999256
68515: 0.999256
68516: 0.999256
68517: 0.999256
68518: 0.999256
68519: 0.999256
68520: 0.999256
68521: 0.999256
68522: 0.999256
68523: 0.999256
68524: 0.999256
68525: 0.999256
68526: 0.999256
68527: 0.999256
68528: 0.999256
68529: 0.999256
68530: 0.999256
68531: 0.999256
68532: 0.999256
68533: 0.999256
68534: 0.999256
68535: 0.999256
68536: 0.999256
68537: 0.999256
68538: 0.999256
68539: 0.999256
68540: 0.999256
68541: 0.999256
68542: 0.999256
68543: 0.999256
68544: 0.999256
68545: 0.999256
68546: 0.999256
68547: 0.999256
68548: 0.999256
68549: 0.999256
68550: 0.999256
68551: 0.999256
68552: 0.999256
68553: 0.999256
68554: 0.999256
68555: 0.999256
68556: 0.999256
68557: 0.999256
68558: 0.999256
68559: 0.999256
68560: 0.999256
68561: 0.999256
68562: 0.999256
68563: 0.999256
68564: 0.999256
68565: 0.999256
68566: 0.999256
68567: 0.999256
68568: 0.999256
68569: 0.999256
68570: 0.999256
68571: 0.999256
68572: 0.999256
68573: 0.999256
68574: 0.999256
68575: 0.999256
68576: 0.999256
68577: 0.999256
68578: 0.999256
68579: 0.999256
68580: 0.999256
68581: 0.999256
68582: 0.999256
68583: 0.999256
68584: 0.999256
68585: 0.999256
68586: 0.999256
68587: 0.999256
68588: 0.999256
68589: 0.999256
68590: 0.999256
68591: 0.999256
68592: 0.999256
68593: 0.999256
68594: 0.999257
68595: 0.999257
68596: 0.999257
68597: 0.999257
68598: 0.999257
68599: 0.999257
68600: 0.999257
68601: 0.999257
68602: 0.999257
68603: 0.999257
68604: 0.999257
68605: 0.999257
68606: 0.999257
68607: 0.999257
68608: 0.999257
68609: 0.999257
68610: 0.999257
68611: 0.999257
68612: 0.999257
68613: 0.999257
68614: 0.999257
68615: 0.999257
68616: 0.999257
68617: 0.999257
68618: 0.999257
68619: 0.999257
68620: 0.999257
68621: 0.999257
68622: 0.999257
68623: 0.999257
68624: 0.999257
68625: 0.999257
68626: 0.999257
68627: 0.999257
68628: 0.999257
68629: 0.999257
68630: 0.999257
68631: 0.999257
68632: 0.999257
68633: 0.999257
68634: 0.999257
68635: 0.999257
68636: 0.999257
68637: 0.999257
68638: 0.999257
68639: 0.999257
68640: 0.999257
68641: 0.999257
68642: 0.999257
68643: 0.999257
68644: 0.999257
68645: 0.999257
68646: 0.999257
68647: 0.999257
68648: 0.999257
68649: 0.999257
68650: 0.999257
68651: 0.999257
68652: 0.999257
68653: 0.999257
68654: 0.999257
68655: 0.999257
68656: 0.999257
68657: 0.999257
68658: 0.999257
68659: 0.999257
68660: 0.999257
68661: 0.999257
68662: 0.999257
68663: 0.999257
68664: 0.999257
68665: 0.999257
68666: 0.999257
68667: 0.999257
68668: 0.999257
68669: 0.999257
68670: 0.999257
68671: 0.999257
68672: 0.999257
68673: 0.999257
68674: 0.999257
68675: 0.999257
68676: 0.999257
68677: 0.999257
68678: 0.999257
68679: 0.999257
68680: 0.999257
68681: 0.999257
68682: 0.999257
68683: 0.999257
68684: 0.999257
68685: 0.999257
68686: 0.999258
68687: 0.999258
68688: 0.999258
68689: 0.999258
68690: 0.999258
68691: 0.999258
68692: 0.999258
68693: 0.999258
68694: 0.999258
68695: 0.999258
68696: 0.999258
68697: 0.999258
68698: 0.999258
68699: 0.999258
68700: 0.999258
68701: 0.999258
68702: 0.999258
68703: 0.999258
68704: 0.999258
68705: 0.999258
68706: 0.999258
68707: 0.999258
68708: 0.999258
68709: 0.999258
68710: 0.999258
68711: 0.999258
68712: 0.999258
68713: 0.999258
68714: 0.999258
68715: 0.999258
68716: 0.999258
68717: 0.999258
68718: 0.999258
68719: 0.999258
68720: 0.999258
68721: 0.999258
68722: 0.999258
68723: 0.999258
68724: 0.999258
68725: 0.999258
68726: 0.999258
68727: 0.999258
68728: 0.999258
68729: 0.999258
68730: 0.999258
68731: 0.999258
68732: 0.999258
68733: 0.999258
68734: 0.999258
68735: 0.999258
68736: 0.999258
68737: 0.999258
68738: 0.999258
68739: 0.999258
68740: 0.999258
68741: 0.999258
68742: 0.999258
68743: 0.999258
68744: 0.999258
68745: 0.999258
68746: 0.999258
68747: 0.999258
68748: 0.999258
68749: 0.999258
68750: 0.999258
68751: 0.999258
68752: 0.999258
68753: 0.999258
68754: 0.999258
68755: 0.999258
68756: 0.999258
68757: 0.999258
68758: 0.999258
68759: 0.999258
68760: 0.999258
68761: 0.999258
68762: 0.999258
68763: 0.999258
68764: 0.999258
68765: 0.999258
68766: 0.999258
68767: 0.999258
68768: 0.999258
68769: 0.999258
68770: 0.999258
68771: 0.999258
68772: 0.999258
68773: 0.999258
68774: 0.999258
68775: 0.999258
68776: 0.999258
68777: 0.999258
68778: 0.999258
68779: 0.999259
68780: 0.999259
68781: 0.999259
68782: 0.999259
68783: 0.999259
68784: 0.999259
68785: 0.999259
68786: 0.999259
68787: 0.999259
68788: 0.999259
68789: 0.999259
68790: 0.999259
68791: 0.999259
68792: 0.999259
68793: 0.999259
68794: 0.999259
68795: 0.999259
68796: 0.999259
68797: 0.999259
68798: 0.999259
68799: 0.999259
68800: 0.999259
68801: 0.999259
68802: 0.999259
68803: 0.999259
68804: 0.999259
68805: 0.999259
68806: 0.999259
68807: 0.999259
68808: 0.999259
68809: 0.999259
68810: 0.999259
68811: 0.999259
68812: 0.999259
68813: 0.999259
68814: 0.999259
68815: 0.999259
68816: 0.999259
68817: 0.999259
68818: 0.999259
68819: 0.999259
68820: 0.999259
68821: 0.999259
68822: 0.999259
68823: 0.999259
68824: 0.999259
68825: 0.999259
68826: 0.999259
68827: 0.999259
68828: 0.999259
68829: 0.999259
68830: 0.999259
68831: 0.999259
68832: 0.999259
68833: 0.999259
68834: 0.999259
68835: 0.999259
68836: 0.999259
68837: 0.999259
68838: 0.999259
68839: 0.999259
68840: 0.999259
68841: 0.999259
68842: 0.999259
68843: 0.999259
68844: 0.999259
68845: 0.999259
68846: 0.999259
68847: 0.999259
68848: 0.999259
68849: 0.999259
68850: 0.999259
68851: 0.999259
68852: 0.999259
68853: 0.999259
68854: 0.999259
68855: 0.999259
68856: 0.999259
68857: 0.999259
68858: 0.999259
68859: 0.999259
68860: 0.999259
68861: 0.999259
68862: 0.999259
68863: 0.999259
68864: 0.999259
68865: 0.999259
68866: 0.999259
68867: 0.999259
68868: 0.999259
68869: 0.999259
68870: 0.999259
68871: 0.999259
68872: 0.99926
68873: 0.99926
68874: 0.99926
68875: 0.99926
68876: 0.99926
68877: 0.99926
68878: 0.99926
68879: 0.99926
68880: 0.99926
68881: 0.99926
68882: 0.99926
68883: 0.99926
68884: 0.99926
68885: 0.99926
68886: 0.99926
68887: 0.99926
68888: 0.99926
68889: 0.99926
68890: 0.99926
68891: 0.99926
68892: 0.99926
68893: 0.99926
68894: 0.99926
68895: 0.99926
68896: 0.99926
68897: 0.99926
68898: 0.99926
68899: 0.99926
68900: 0.99926
68901: 0.99926
68902: 0.99926
68903: 0.99926
68904: 0.99926
68905: 0.99926
68906: 0.99926
68907: 0.99926
68908: 0.99926
68909: 0.99926
68910: 0.99926
68911: 0.99926
68912: 0.99926
68913: 0.99926
68914: 0.99926
68915: 0.99926
68916: 0.99926
68917: 0.99926
68918: 0.99926
68919: 0.99926
68920: 0.99926
68921: 0.99926
68922: 0.99926
68923: 0.99926
68924: 0.99926
68925: 0.99926
68926: 0.99926
68927: 0.99926
68928: 0.99926
68929: 0.99926
68930: 0.99926
68931: 0.99926
68932: 0.99926
68933: 0.99926
68934: 0.99926
68935: 0.99926
68936: 0.99926
68937: 0.99926
68938: 0.99926
68939: 0.99926
68940: 0.99926
68941: 0.99926
68942: 0.99926
68943: 0.99926
68944: 0.99926
68945: 0.99926
68946: 0.99926
68947: 0.99926
68948: 0.99926
68949: 0.99926
68950: 0.99926
68951: 0.99926
68952: 0.99926
68953: 0.99926
68954: 0.99926
68955: 0.99926
68956: 0.99926
68957: 0.99926
68958: 0.99926
68959: 0.99926
68960: 0.99926
68961: 0.99926
68962: 0.99926
68963: 0.99926
68964: 0.99926
68965: 0.999261
68966: 0.999261
68967: 0.999261
68968: 0.999261
68969: 0.999261
68970: 0.999261
68971: 0.999261
68972: 0.999261
68973: 0.999261
68974: 0.999261
68975: 0.999261
68976: 0.999261
68977: 0.999261
68978: 0.999261
68979: 0.999261
68980: 0.999261
68981: 0.999261
68982: 0.999261
68983: 0.999261
68984: 0.999261
68985: 0.999261
68986: 0.999261
68987: 0.999261
68988: 0.999261
68989: 0.999261
68990: 0.999261
68991: 0.999261
68992: 0.999261
68993: 0.999261
68994: 0.999261
68995: 0.999261
68996: 0.999261
68997: 0.999261
68998: 0.999261
68999: 0.999261
69000: 0.999261
69001: 0.999261
69002: 0.999261
69003: 0.999261
69004: 0.999261
69005: 0.999261
69006: 0.999261
69007: 0.999261
69008: 0.999261
69009: 0.999261
69010: 0.999261
69011: 0.999261
69012: 0.999261
69013: 0.999261
69014: 0.999261
69015: 0.999261
69016: 0.999261
69017: 0.999261
69018: 0.999261
69019: 0.999261
69020: 0.999261
69021: 0.999261
69022: 0.999261
69023: 0.999261
69024: 0.999261
69025: 0.999261
69026: 0.999261
69027: 0.999261
69028: 0.999261
69029: 0.999261
69030: 0.999261
69031: 0.999261
69032: 0.999261
69033: 0.999261
69034: 0.999261
69035: 0.999261
69036: 0.999261
69037: 0.999261
69038: 0.999261
69039: 0.999261
69040: 0.999261
69041: 0.999261
69042: 0.999261
69043: 0.999261
69044: 0.999261
69045: 0.999261
69046: 0.999261
69047: 0.999261
69048: 0.999261
69049: 0.999261
69050: 0.999261
69051: 0.999261
69052: 0.999261
69053: 0.999261
69054: 0.999261
69055: 0.999261
69056: 0.999261
69057: 0.999261
69058: 0.999262
69059: 0.999262
69060: 0.999262
69061: 0.999262
69062: 0.999262
69063: 0.999262
69064: 0.999262
69065: 0.999262
69066: 0.999262
69067: 0.999262
69068: 0.999262
69069: 0.999262
69070: 0.999262
69071: 0.999262
69072: 0.999262
69073: 0.999262
69074: 0.999262
69075: 0.999262
69076: 0.999262
69077: 0.999262
69078: 0.999262
69079: 0.999262
69080: 0.999262
69081: 0.999262
69082: 0.999262
69083: 0.999262
69084: 0.999262
69085: 0.999262
69086: 0.999262
69087: 0.999262
69088: 0.999262
69089: 0.999262
69090: 0.999262
69091: 0.999262
69092: 0.999262
69093: 0.999262
69094: 0.999262
69095: 0.999262
69096: 0.999262
69097: 0.999262
69098: 0.999262
69099: 0.999262
69100: 0.999262
69101: 0.999262
69102: 0.999262
69103: 0.999262
69104: 0.999262
69105: 0.999262
69106: 0.999262
69107: 0.999262
69108: 0.999262
69109: 0.999262
69110: 0.999262
69111: 0.999262
69112: 0.999262
69113: 0.999262
69114: 0.999262
69115: 0.999262
69116: 0.999262
69117: 0.999262
69118: 0.999262
69119: 0.999262
69120: 0.999262
69121: 0.999262
69122: 0.999262
69123: 0.999262
69124: 0.999262
69125: 0.999262
69126: 0.999262
69127: 0.999262
69128: 0.999262
69129: 0.999262
69130: 0.999262
69131: 0.999262
69132: 0.999262
69133: 0.999262
69134: 0.999262
69135: 0.999262
69136: 0.999262
69137: 0.999262
69138: 0.999262
69139: 0.999262
69140: 0.999262
69141: 0.999262
69142: 0.999262
69143: 0.999262
69144: 0.999262
69145: 0.999262
69146: 0.999262
69147: 0.999262
69148: 0.999262
69149: 0.999262
69150: 0.999262
69151: 0.999262
69152: 0.999263
69153: 0.999263
69154: 0.999263
69155: 0.999263
69156: 0.999263
69157: 0.999263
69158: 0.999263
69159: 0.999263
69160: 0.999263
69161: 0.999263
69162: 0.999263
69163: 0.999263
69164: 0.999263
69165: 0.999263
69166: 0.999263
69167: 0.999263
69168: 0.999263
69169: 0.999263
69170: 0.999263
69171: 0.999263
69172: 0.999263
69173: 0.999263
69174: 0.999263
69175: 0.999263
69176: 0.999263
69177: 0.999263
69178: 0.999263
69179: 0.999263
69180: 0.999263
69181: 0.999263
69182: 0.999263
69183: 0.999263
69184: 0.999263
69185: 0.999263
69186: 0.999263
69187: 0.999263
69188: 0.999263
69189: 0.999263
69190: 0.999263
69191: 0.999263
69192: 0.999263
69193: 0.999263
69194: 0.999263
69195: 0.999263
69196: 0.999263
69197: 0.999263
69198: 0.999263
69199: 0.999263
69200: 0.999263
69201: 0.999263
69202: 0.999263
69203: 0.999263
69204: 0.999263
69205: 0.999263
69206: 0.999263
69207: 0.999263
69208: 0.999263
69209: 0.999263
69210: 0.999263
69211: 0.999263
69212: 0.999263
69213: 0.999263
69214: 0.999263
69215: 0.999263
69216: 0.999263
69217: 0.999263
69218: 0.999263
69219: 0.999263
69220: 0.999263
69221: 0.999263
69222: 0.999263
69223: 0.999263
69224: 0.999263
69225: 0.999263
69226: 0.999263
69227: 0.999263
69228: 0.999263
69229: 0.999263
69230: 0.999263
69231: 0.999263
69232: 0.999263
69233: 0.999263
69234: 0.999263
69235: 0.999263
69236: 0.999263
69237: 0.999263
69238: 0.999263
69239: 0.999263
69240: 0.999263
69241: 0.999263
69242: 0.999263
69243: 0.999263
69244: 0.999263
69245: 0.999263
69246: 0.999264
69247: 0.999264
69248: 0.999264
69249: 0.999264
69250: 0.999264
69251: 0.999264
69252: 0.999264
69253: 0.999264
69254: 0.999264
69255: 0.999264
69256: 0.999264
69257: 0.999264
69258: 0.999264
69259: 0.999264
69260: 0.999264
69261: 0.999264
69262: 0.999264
69263: 0.999264
69264: 0.999264
69265: 0.999264
69266: 0.999264
69267: 0.999264
69268: 0.999264
69269: 0.999264
69270: 0.999264
69271: 0.999264
69272: 0.999264
69273: 0.999264
69274: 0.999264
69275: 0.999264
69276: 0.999264
69277: 0.999264
69278: 0.999264
69279: 0.999264
69280: 0.999264
69281: 0.999264
69282: 0.999264
69283: 0.999264
69284: 0.999264
69285: 0.999264
69286: 0.999264
69287: 0.999264
69288: 0.999264
69289: 0.999264
69290: 0.999264
69291: 0.999264
69292: 0.999264
69293: 0.999264
69294: 0.999264
69295: 0.999264
69296: 0.999264
69297: 0.999264
69298: 0.999264
69299: 0.999264
69300: 0.999264
69301: 0.999264
69302: 0.999264
69303: 0.999264
69304: 0.999264
69305: 0.999264
69306: 0.999264
69307: 0.999264
69308: 0.999264
69309: 0.999264
69310: 0.999264
69311: 0.999264
69312: 0.999264
69313: 0.999264
69314: 0.999264
69315: 0.999264
69316: 0.999264
69317: 0.999264
69318: 0.999264
69319: 0.999264
69320: 0.999264
69321: 0.999264
69322: 0.999264
69323: 0.999264
69324: 0.999264
69325: 0.999264
69326: 0.999264
69327: 0.999264
69328: 0.999264
69329: 0.999264
69330: 0.999264
69331: 0.999264
69332: 0.999264
69333: 0.999264
69334: 0.999264
69335: 0.999264
69336: 0.999264
69337: 0.999264
69338: 0.999264
69339: 0.999264
69340: 0.999265
69341: 0.999265
69342: 0.999265
69343: 0.999265
69344: 0.999265
69345: 0.999265
69346: 0.999265
69347: 0.999265
69348: 0.999265
69349: 0.999265
69350: 0.999265
69351: 0.999265
69352: 0.999265
69353: 0.999265
69354: 0.999265
69355: 0.999265
69356: 0.999265
69357: 0.999265
69358: 0.999265
69359: 0.999265
69360: 0.999265
69361: 0.999265
69362: 0.999265
69363: 0.999265
69364: 0.999265
69365: 0.999265
69366: 0.999265
69367: 0.999265
69368: 0.999265
69369: 0.999265
69370: 0.999265
69371: 0.999265
69372: 0.999265
69373: 0.999265
69374: 0.999265
69375: 0.999265
69376: 0.999265
69377: 0.999265
69378: 0.999265
69379: 0.999265
69380: 0.999265
69381: 0.999265
69382: 0.999265
69383: 0.999265
69384: 0.999265
69385: 0.999265
69386: 0.999265
69387: 0.999265
69388: 0.999265
69389: 0.999265
69390: 0.999265
69391: 0.999265
69392: 0.999265
69393: 0.999265
69394: 0.999265
69395: 0.999265
69396: 0.999265
69397: 0.999265
69398: 0.999265
69399: 0.999265
69400: 0.999265
69401: 0.999265
69402: 0.999265
69403: 0.999265
69404: 0.999265
69405: 0.999265
69406: 0.999265
69407: 0.999265
69408: 0.999265
69409: 0.999265
69410: 0.999265
69411: 0.999265
69412: 0.999265
69413: 0.999265
69414: 0.999265
69415: 0.999265
69416: 0.999265
69417: 0.999265
69418: 0.999265
69419: 0.999265
69420: 0.999265
69421: 0.999265
69422: 0.999265
69423: 0.999265
69424: 0.999265
69425: 0.999265
69426: 0.999265
69427: 0.999265
69428: 0.999265
69429: 0.999265
69430: 0.999265
69431: 0.999265
69432: 0.999265
69433: 0.999265
69434: 0.999266
69435: 0.999266
69436: 0.999266
69437: 0.999266
69438: 0.999266
69439: 0.999266
69440: 0.999266
69441: 0.999266
69442: 0.999266
69443: 0.999266
69444: 0.999266
69445: 0.999266
69446: 0.999266
69447: 0.999266
69448: 0.999266
69449: 0.999266
69450: 0.999266
69451: 0.999266
69452: 0.999266
69453: 0.999266
69454: 0.999266
69455: 0.999266
69456: 0.999266
69457: 0.999266
69458: 0.999266
69459: 0.999266
69460: 0.999266
69461: 0.999266
69462: 0.999266
69463: 0.999266
69464: 0.999266
69465: 0.999266
69466: 0.999266
69467: 0.999266
69468: 0.999266
69469: 0.999266
69470: 0.999266
69471: 0.999266
69472: 0.999266
69473: 0.999266
69474: 0.999266
69475: 0.999266
69476: 0.999266
69477: 0.999266
69478: 0.999266
69479: 0.999266
69480: 0.999266
69481: 0.999266
69482: 0.999266
69483: 0.999266
69484: 0.999266
69485: 0.999266
69486: 0.999266
69487: 0.999266
69488: 0.999266
69489: 0.999266
69490: 0.999266
69491: 0.999266
69492: 0.999266
69493: 0.999266
69494: 0.999266
69495: 0.999266
69496: 0.999266
69497: 0.999266
69498: 0.999266
69499: 0.999266
69500: 0.999266
69501: 0.999266
69502: 0.999266
69503: 0.999266
69504: 0.999266
69505: 0.999266
69506: 0.999266
69507: 0.999266
69508: 0.999266
69509: 0.999266
69510: 0.999266
69511: 0.999266
69512: 0.999266
69513: 0.999266
69514: 0.999266
69515: 0.999266
69516: 0.999266
69517: 0.999266
69518: 0.999266
69519: 0.999266
69520: 0.999266
69521: 0.999266
69522: 0.999266
69523: 0.999266
69524: 0.999266
69525: 0.999266
69526: 0.999266
69527: 0.999266
69528: 0.999266
69529: 0.999267
69530: 0.999267
69531: 0.999267
69532: 0.999267
69533: 0.999267
69534: 0.999267
69535: 0.999267
69536: 0.999267
69537: 0.999267
69538: 0.999267
69539: 0.999267
69540: 0.999267
69541: 0.999267
69542: 0.999267
69543: 0.999267
69544: 0.999267
69545: 0.999267
69546: 0.999267
69547: 0.999267
69548: 0.999267
69549: 0.999267
69550: 0.999267
69551: 0.999267
69552: 0.999267
69553: 0.999267
69554: 0.999267
69555: 0.999267
69556: 0.999267
69557: 0.999267
69558: 0.999267
69559: 0.999267
69560: 0.999267
69561: 0.999267
69562: 0.999267
69563: 0.999267
69564: 0.999267
69565: 0.999267
69566: 0.999267
69567: 0.999267
69568: 0.999267
69569: 0.999267
69570: 0.999267
69571: 0.999267
69572: 0.999267
69573: 0.999267
69574: 0.999267
69575: 0.999267
69576: 0.999267
69577: 0.999267
69578: 0.999267
69579: 0.999267
69580: 0.999267
69581: 0.999267
69582: 0.999267
69583: 0.999267
69584: 0.999267
69585: 0.999267
69586: 0.999267
69587: 0.999267
69588: 0.999267
69589: 0.999267
69590: 0.999267
69591: 0.999267
69592: 0.999267
69593: 0.999267
69594: 0.999267
69595: 0.999267
69596: 0.999267
69597: 0.999267
69598: 0.999267
69599: 0.999267
69600: 0.999267
69601: 0.999267
69602: 0.999267
69603: 0.999267
69604: 0.999267
69605: 0.999267
69606: 0.999267
69607: 0.999267
69608: 0.999267
69609: 0.999267
69610: 0.999267
69611: 0.999267
69612: 0.999267
69613: 0.999267
69614: 0.999267
69615: 0.999267
69616: 0.999267
69617: 0.999267
69618: 0.999267
69619: 0.999267
69620: 0.999267
69621: 0.999267
69622: 0.999267
69623: 0.999267
69624: 0.999268
69625: 0.999268
69626: 0.999268
69627: 0.999268
69628: 0.999268
69629: 0.999268
69630: 0.999268
69631: 0.999268
69632: 0.999268
69633: 0.999268
69634: 0.999268
69635: 0.999268
69636: 0.999268
69637: 0.999268
69638: 0.999268
69639: 0.999268
69640: 0.999268
69641: 0.999268
69642: 0.999268
69643: 0.999268
69644: 0.999268
69645: 0.999268
69646: 0.999268
69647: 0.999268
69648: 0.999268
69649: 0.999268
69650: 0.999268
69651: 0.999268
69652: 0.999268
69653: 0.999268
69654: 0.999268
69655: 0.999268
69656: 0.999268
69657: 0.999268
69658: 0.999268
69659: 0.999268
69660: 0.999268
69661: 0.999268
69662: 0.999268
69663: 0.999268
69664: 0.999268
69665: 0.999268
69666: 0.999268
69667: 0.999268
69668: 0.999268
69669: 0.999268
69670: 0.999268
69671: 0.999268
69672: 0.999268
69673: 0.999268
69674: 0.999268
69675: 0.999268
69676: 0.999268
69677: 0.999268
69678: 0.999268
69679: 0.999268
69680: 0.999268
69681: 0.999268
69682: 0.999268
69683: 0.999268
69684: 0.999268
69685: 0.999268
69686: 0.999268
69687: 0.999268
69688: 0.999268
69689: 0.999268
69690: 0.999268
69691: 0.999268
69692: 0.999268
69693: 0.999268
69694: 0.999268
69695: 0.999268
69696: 0.999268
69697: 0.999268
69698: 0.999268
69699: 0.999268
69700: 0.999268
69701: 0.999268
69702: 0.999268
69703: 0.999268
69704: 0.999268
69705: 0.999268
69706: 0.999268
69707: 0.999268
69708: 0.999268
69709: 0.999268
69710: 0.999268
69711: 0.999268
69712: 0.999268
69713: 0.999268
69714: 0.999268
69715: 0.999268
69716: 0.999268
69717: 0.999268
69718: 0.999268
69719: 0.999269
69720: 0.999269
69721: 0.999269
69722: 0.999269
69723: 0.999269
69724: 0.999269
69725: 0.999269
69726: 0.999269
69727: 0.999269
69728: 0.999269
69729: 0.999269
69730: 0.999269
69731: 0.999269
69732: 0.999269
69733: 0.999269
69734: 0.999269
69735: 0.999269
69736: 0.999269
69737: 0.999269
69738: 0.999269
69739: 0.999269
69740: 0.999269
69741: 0.999269
69742: 0.999269
69743: 0.999269
69744: 0.999269
69745: 0.999269
69746: 0.999269
69747: 0.999269
69748: 0.999269
69749: 0.999269
69750: 0.999269
69751: 0.999269
69752: 0.999269
69753: 0.999269
69754: 0.999269
69755: 0.999269
69756: 0.999269
69757: 0.999269
69758: 0.999269
69759: 0.999269
69760: 0.999269
69761: 0.999269
69762: 0.999269
69763: 0.999269
69764: 0.999269
69765: 0.999269
69766: 0.999269
69767: 0.999269
69768: 0.999269
69769: 0.999269
69770: 0.999269
69771: 0.999269
69772: 0.999269
69773: 0.999269
69774: 0.999269
69775: 0.999269
69776: 0.999269
69777: 0.999269
69778: 0.999269
69779: 0.999269
69780: 0.999269
69781: 0.999269
69782: 0.999269
69783: 0.999269
69784: 0.999269
69785: 0.999269
69786: 0.999269
69787: 0.999269
69788: 0.999269
69789: 0.999269
69790: 0.999269
69791: 0.999269
69792: 0.999269
69793: 0.999269
69794: 0.999269
69795: 0.999269
69796: 0.999269
69797: 0.999269
69798: 0.999269
69799: 0.999269
69800: 0.999269
69801: 0.999269
69802: 0.999269
69803: 0.999269
69804: 0.999269
69805: 0.999269
69806: 0.999269
69807: 0.999269
69808: 0.999269
69809: 0.999269
69810: 0.999269
69811: 0.999269
69812: 0.999269
69813: 0.999269
69814: 0.999269
69815: 0.99927
69816: 0.99927
69817: 0.99927
69818: 0.99927
69819: 0.99927
69820: 0.99927
69821: 0.99927
69822: 0.99927
69823: 0.99927
69824: 0.99927
69825: 0.99927
69826: 0.99927
69827: 0.99927
69828: 0.99927
69829: 0.99927
69830: 0.99927
69831: 0.99927
69832: 0.99927
69833: 0.99927
69834: 0.99927
69835: 0.99927
69836: 0.99927
69837: 0.99927
69838: 0.99927
69839: 0.99927
69840: 0.99927
69841: 0.99927
69842: 0.99927
69843: 0.99927
69844: 0.99927
69845: 0.99927
69846: 0.99927
69847: 0.99927
69848: 0.99927
69849: 0.99927
69850: 0.99927
69851: 0.99927
69852: 0.99927
69853: 0.99927
69854: 0.99927
69855: 0.99927
69856: 0.99927
69857: 0.99927
69858: 0.99927
69859: 0.99927
69860: 0.99927
69861: 0.99927
69862: 0.99927
69863: 0.99927
69864: 0.99927
69865: 0.99927
69866: 0.99927
69867: 0.99927
69868: 0.99927
69869: 0.99927
69870: 0.99927
69871: 0.99927
69872: 0.99927
69873: 0.99927
69874: 0.99927
69875: 0.99927
69876: 0.99927
69877: 0.99927
69878: 0.99927
69879: 0.99927
69880: 0.99927
69881: 0.99927
69882: 0.99927
69883: 0.99927
69884: 0.99927
69885: 0.99927
69886: 0.99927
69887: 0.99927
69888: 0.99927
69889: 0.99927
69890: 0.99927
69891: 0.99927
69892: 0.99927
69893: 0.99927
69894: 0.99927
69895: 0.99927
69896: 0.99927
69897: 0.99927
69898: 0.99927
69899: 0.99927
69900: 0.99927
69901: 0.99927
69902: 0.99927
69903: 0.99927
69904: 0.99927
69905: 0.99927
69906: 0.99927
69907: 0.99927
69908: 0.99927
69909: 0.99927
69910: 0.999271
69911: 0.999271
69912: 0.999271
69913: 0.999271
69914: 0.999271
69915: 0.999271
69916: 0.999271
69917: 0.999271
69918: 0.999271
69919: 0.999271
69920: 0.999271
69921: 0.999271
69922: 0.999271
69923: 0.999271
69924: 0.999271
69925: 0.999271
69926: 0.999271
69927: 0.999271
69928: 0.999271
69929: 0.999271
69930: 0.999271
69931: 0.999271
69932: 0.999271
69933: 0.999271
69934: 0.999271
69935: 0.999271
69936: 0.999271
69937: 0.999271
69938: 0.999271
69939: 0.999271
69940: 0.999271
69941: 0.999271
69942: 0.999271
69943: 0.999271
69944: 0.999271
69945: 0.999271
69946: 0.999271
69947: 0.999271
69948: 0.999271
69949: 0.999271
69950: 0.999271
69951: 0.999271
69952: 0.999271
69953: 0.999271
69954: 0.999271
69955: 0.999271
69956: 0.999271
69957: 0.999271
69958: 0.999271
69959: 0.999271
69960: 0.999271
69961: 0.999271
69962: 0.999271
69963: 0.999271
69964: 0.999271
69965: 0.999271
69966: 0.999271
69967: 0.999271
69968: 0.999271
69969: 0.999271
69970: 0.999271
69971: 0.999271
69972: 0.999271
69973: 0.999271
69974: 0.999271
69975: 0.999271
69976: 0.999271
69977: 0.999271
69978: 0.999271
69979: 0.999271
69980: 0.999271
69981: 0.999271
69982: 0.999271
69983: 0.999271
69984: 0.999271
69985: 0.999271
69986: 0.999271
69987: 0.999271
69988: 0.999271
69989: 0.999271
69990: 0.999271
69991: 0.999271
69992: 0.999271
69993: 0.999271
69994: 0.999271
69995: 0.999271
69996: 0.999271
69997: 0.999271
69998: 0.999271
69999: 0.999271
70000: 0.999271
70001: 0.999271
70002: 0.999271
70003: 0.999271
70004: 0.999271
70005: 0.999271
70006: 0.999272
70007: 0.999272
70008: 0.999272
70009: 0.999272
70010: 0.999272
70011: 0.999272
70012: 0.999272
70013: 0.999272
70014: 0.999272
70015: 0.999272
70016: 0.999272
70017: 0.999272
70018: 0.999272
70019: 0.999272
70020: 0.999272
70021: 0.999272
70022: 0.999272
70023: 0.999272
70024: 0.999272
70025: 0.999272
70026: 0.999272
70027: 0.999272
70028: 0.999272
70029: 0.999272
70030: 0.999272
70031: 0.999272
70032: 0.999272
70033: 0.999272
70034: 0.999272
70035: 0.999272
70036: 0.999272
70037: 0.999272
70038: 0.999272
70039: 0.999272
70040: 0.999272
70041: 0.999272
70042: 0.999272
70043: 0.999272
70044: 0.999272
70045: 0.999272
70046: 0.999272
70047: 0.999272
70048: 0.999272
70049: 0.999272
70050: 0.999272
70051: 0.999272
70052: 0.999272
70053: 0.999272
70054: 0.999272
70055: 0.999272
70056: 0.999272
70057: 0.999272
70058: 0.999272
70059: 0.999272
70060: 0.999272
70061: 0.999272
70062: 0.999272
70063: 0.999272
70064: 0.999272
70065: 0.999272
70066: 0.999272
70067: 0.999272
70068: 0.999272
70069: 0.999272
70070: 0.999272
70071: 0.999272
70072: 0.999272
70073: 0.999272
70074: 0.999272
70075: 0.999272
70076: 0.999272
70077: 0.999272
70078: 0.999272
70079: 0.999272
70080: 0.999272
70081: 0.999272
70082: 0.999272
70083: 0.999272
70084: 0.999272
70085: 0.999272
70086: 0.999272
70087: 0.999272
70088: 0.999272
70089: 0.999272
70090: 0.999272
70091: 0.999272
70092: 0.999272
70093: 0.999272
70094: 0.999272
70095: 0.999272
70096: 0.999272
70097: 0.999272
70098: 0.999272
70099: 0.999272
70100: 0.999272
70101: 0.999272
70102: 0.999272
70103: 0.999273
70104: 0.999273
70105: 0.999273
70106: 0.999273
70107: 0.999273
70108: 0.999273
70109: 0.999273
70110: 0.999273
70111: 0.999273
70112: 0.999273
70113: 0.999273
70114: 0.999273
70115: 0.999273
70116: 0.999273
70117: 0.999273
70118: 0.999273
70119: 0.999273
70120: 0.999273
70121: 0.999273
70122: 0.999273
70123: 0.999273
70124: 0.999273
70125: 0.999273
70126: 0.999273
70127: 0.999273
70128: 0.999273
70129: 0.999273
70130: 0.999273
70131: 0.999273
70132: 0.999273
70133: 0.999273
70134: 0.999273
70135: 0.999273
70136: 0.999273
70137: 0.999273
70138: 0.999273
70139: 0.999273
70140: 0.999273
70141: 0.999273
70142: 0.999273
70143: 0.999273
70144: 0.999273
70145: 0.999273
70146: 0.999273
70147: 0.999273
70148: 0.999273
70149: 0.999273
70150: 0.999273
70151: 0.999273
70152: 0.999273
70153: 0.999273
70154: 0.999273
70155: 0.999273
70156: 0.999273
70157: 0.999273
70158: 0.999273
70159: 0.999273
70160: 0.999273
70161: 0.999273
70162: 0.999273
70163: 0.999273
70164: 0.999273
70165: 0.999273
70166: 0.999273
70167: 0.999273
70168: 0.999273
70169: 0.999273
70170: 0.999273
70171: 0.999273
70172: 0.999273
70173: 0.999273
70174: 0.999273
70175: 0.999273
70176: 0.999273
70177: 0.999273
70178: 0.999273
70179: 0.999273
70180: 0.999273
70181: 0.999273
70182: 0.999273
70183: 0.999273
70184: 0.999273
70185: 0.999273
70186: 0.999273
70187: 0.999273
70188: 0.999273
70189: 0.999273
70190: 0.999273
70191: 0.999273
70192: 0.999273
70193: 0.999273
70194: 0.999273
70195: 0.999273
70196: 0.999273
70197: 0.999273
70198: 0.999273
70199: 0.999274
70200: 0.999274
70201: 0.999274
70202: 0.999274
70203: 0.999274
70204: 0.999274
70205: 0.999274
70206: 0.999274
70207: 0.999274
70208: 0.999274
70209: 0.999274
70210: 0.999274
70211: 0.999274
70212: 0.999274
70213: 0.999274
70214: 0.999274
70215: 0.999274
70216: 0.999274
70217: 0.999274
70218: 0.999274
70219: 0.999274
70220: 0.999274
70221: 0.999274
70222: 0.999274
70223: 0.999274
70224: 0.999274
70225: 0.999274
70226: 0.999274
70227: 0.999274
70228: 0.999274
70229: 0.999274
70230: 0.999274
70231: 0.999274
70232: 0.999274
70233: 0.999274
70234: 0.999274
70235: 0.999274
70236: 0.999274
70237: 0.999274
70238: 0.999274
70239: 0.999274
70240: 0.999274
70241: 0.999274
70242: 0.999274
70243: 0.999274
70244: 0.999274
70245: 0.999274
70246: 0.999274
70247: 0.999274
70248: 0.999274
70249: 0.999274
70250: 0.999274
70251: 0.999274
70252: 0.999274
70253: 0.999274
70254: 0.999274
70255: 0.999274
70256: 0.999274
70257: 0.999274
70258: 0.999274
70259: 0.999274
70260: 0.999274
70261: 0.999274
70262: 0.999274
70263: 0.999274
70264: 0.999274
70265: 0.999274
70266: 0.999274
70267: 0.999274
70268: 0.999274
70269: 0.999274
70270: 0.999274
70271: 0.999274
70272: 0.999274
70273: 0.999274
70274: 0.999274
70275: 0.999274
70276: 0.999274
70277: 0.999274
70278: 0.999274
70279: 0.999274
70280: 0.999274
70281: 0.999274
70282: 0.999274
70283: 0.999274
70284: 0.999274
70285: 0.999274
70286: 0.999274
70287: 0.999274
70288: 0.999274
70289: 0.999274
70290: 0.999274
70291: 0.999274
70292: 0.999274
70293: 0.999274
70294: 0.999274
70295: 0.999274
70296: 0.999275
70297: 0.999275
70298: 0.999275
70299: 0.999275
70300: 0.999275
70301: 0.999275
70302: 0.999275
70303: 0.999275
70304: 0.999275
70305: 0.999275
70306: 0.999275
70307: 0.999275
70308: 0.999275
70309: 0.999275
70310: 0.999275
70311: 0.999275
70312: 0.999275
70313: 0.999275
70314: 0.999275
70315: 0.999275
70316: 0.999275
70317: 0.999275
70318: 0.999275
70319: 0.999275
70320: 0.999275
70321: 0.999275
70322: 0.999275
70323: 0.999275
70324: 0.999275
70325: 0.999275
70326: 0.999275
70327: 0.999275
70328: 0.999275
70329: 0.999275
70330: 0.999275
70331: 0.999275
70332: 0.999275
70333: 0.999275
70334: 0.999275
70335: 0.999275
70336: 0.999275
70337: 0.999275
70338: 0.999275
70339: 0.999275
70340: 0.999275
70341: 0.999275
70342: 0.999275
70343: 0.999275
70344: 0.999275
70345: 0.999275
70346: 0.999275
70347: 0.999275
70348: 0.999275
70349: 0.999275
70350: 0.999275
70351: 0.999275
70352: 0.999275
70353: 0.999275
70354: 0.999275
70355: 0.999275
70356: 0.999275
70357: 0.999275
70358: 0.999275
70359: 0.999275
70360: 0.999275
70361: 0.999275
70362: 0.999275
70363: 0.999275
70364: 0.999275
70365: 0.999275
70366: 0.999275
70367: 0.999275
70368: 0.999275
70369: 0.999275
70370: 0.999275
70371: 0.999275
70372: 0.999275
70373: 0.999275
70374: 0.999275
70375: 0.999275
70376: 0.999275
70377: 0.999275
70378: 0.999275
70379: 0.999275
70380: 0.999275
70381: 0.999275
70382: 0.999275
70383: 0.999275
70384: 0.999275
70385: 0.999275
70386: 0.999275
70387: 0.999275
70388: 0.999275
70389: 0.999275
70390: 0.999275
70391: 0.999275
70392: 0.999275
70393: 0.999276
70394: 0.999276
70395: 0.999276
70396: 0.999276
70397: 0.999276
70398: 0.999276
70399: 0.999276
70400: 0.999276
70401: 0.999276
70402: 0.999276
70403: 0.999276
70404: 0.999276
70405: 0.999276
70406: 0.999276
70407: 0.999276
70408: 0.999276
70409: 0.999276
70410: 0.999276
70411: 0.999276
70412: 0.999276
70413: 0.999276
70414: 0.999276
70415: 0.999276
70416: 0.999276
70417: 0.999276
70418: 0.999276
70419: 0.999276
70420: 0.999276
70421: 0.999276
70422: 0.999276
70423: 0.999276
70424: 0.999276
70425: 0.999276
70426: 0.999276
70427: 0.999276
70428: 0.999276
70429: 0.999276
70430: 0.999276
70431: 0.999276
70432: 0.999276
70433: 0.999276
70434: 0.999276
70435: 0.999276
70436: 0.999276
70437: 0.999276
70438: 0.999276
70439: 0.999276
70440: 0.999276
70441: 0.999276
70442: 0.999276
70443: 0.999276
70444: 0.999276
70445: 0.999276
70446: 0.999276
70447: 0.999276
70448: 0.999276
70449: 0.999276
70450: 0.999276
70451: 0.999276
70452: 0.999276
70453: 0.999276
70454: 0.999276
70455: 0.999276
70456: 0.999276
70457: 0.999276
70458: 0.999276
70459: 0.999276
70460: 0.999276
70461: 0.999276
70462: 0.999276
70463: 0.999276
70464: 0.999276
70465: 0.999276
70466: 0.999276
70467: 0.999276
70468: 0.999276
70469: 0.999276
70470: 0.999276
70471: 0.999276
70472: 0.999276
70473: 0.999276
70474: 0.999276
70475: 0.999276
70476: 0.999276
70477: 0.999276
70478: 0.999276
70479: 0.999276
70480: 0.999276
70481: 0.999276
70482: 0.999276
70483: 0.999276
70484: 0.999276
70485: 0.999276
70486: 0.999276
70487: 0.999276
70488: 0.999276
70489: 0.999276
70490: 0.999277
70491: 0.999277
70492: 0.999277
70493: 0.999277
70494: 0.999277
70495: 0.999277
70496: 0.999277
70497: 0.999277
70498: 0.999277
70499: 0.999277
70500: 0.999277
70501: 0.999277
70502: 0.999277
70503: 0.999277
70504: 0.999277
70505: 0.999277
70506: 0.999277
70507: 0.999277
70508: 0.999277
70509: 0.999277
70510: 0.999277
70511: 0.999277
70512: 0.999277
70513: 0.999277
70514: 0.999277
70515: 0.999277
70516: 0.999277
70517: 0.999277
70518: 0.999277
70519: 0.999277
70520: 0.999277
70521: 0.999277
70522: 0.999277
70523: 0.999277
70524: 0.999277
70525: 0.999277
70526: 0.999277
70527: 0.999277
70528: 0.999277
70529: 0.999277
70530: 0.999277
70531: 0.999277
70532: 0.999277
70533: 0.999277
70534: 0.999277
70535: 0.999277
70536: 0.999277
70537: 0.999277
70538: 0.999277
70539: 0.999277
70540: 0.999277
70541: 0.999277
70542: 0.999277
70543: 0.999277
70544: 0.999277
70545: 0.999277
70546: 0.999277
70547: 0.999277
70548: 0.999277
70549: 0.999277
70550: 0.999277
70551: 0.999277
70552: 0.999277
70553: 0.999277
70554: 0.999277
70555: 0.999277
70556: 0.999277
70557: 0.999277
70558: 0.999277
70559: 0.999277
70560: 0.999277
70561: 0.999277
70562: 0.999277
70563: 0.999277
70564: 0.999277
70565: 0.999277
70566: 0.999277
70567: 0.999277
70568: 0.999277
70569: 0.999277
70570: 0.999277
70571: 0.999277
70572: 0.999277
70573: 0.999277
70574: 0.999277
70575: 0.999277
70576: 0.999277
70577: 0.999277
70578: 0.999277
70579: 0.999277
70580: 0.999277
70581: 0.999277
70582: 0.999277
70583: 0.999277
70584: 0.999277
70585: 0.999277
70586: 0.999277
70587: 0.999277
70588: 0.999278
70589: 0.999278
70590: 0.999278
70591: 0.999278
70592: 0.999278
70593: 0.999278
70594: 0.999278
70595: 0.999278
70596: 0.999278
70597: 0.999278
70598: 0.999278
70599: 0.999278
70600: 0.999278
70601: 0.999278
70602: 0.999278
70603: 0.999278
70604: 0.999278
70605: 0.999278
70606: 0.999278
70607: 0.999278
70608: 0.999278
70609: 0.999278
70610: 0.999278
70611: 0.999278
70612: 0.999278
70613: 0.999278
70614: 0.999278
70615: 0.999278
70616: 0.999278
70617: 0.999278
70618: 0.999278
70619: 0.999278
70620: 0.999278
70621: 0.999278
70622: 0.999278
70623: 0.999278
70624: 0.999278
70625: 0.999278
70626: 0.999278
70627: 0.999278
70628: 0.999278
70629: 0.999278
70630: 0.999278
70631: 0.999278
70632: 0.999278
70633: 0.999278
70634: 0.999278
70635: 0.999278
70636: 0.999278
70637: 0.999278
70638: 0.999278
70639: 0.999278
70640: 0.999278
70641: 0.999278
70642: 0.999278
70643: 0.999278
70644: 0.999278
70645: 0.999278
70646: 0.999278
70647: 0.999278
70648: 0.999278
70649: 0.999278
70650: 0.999278
70651: 0.999278
70652: 0.999278
70653: 0.999278
70654: 0.999278
70655: 0.999278
70656: 0.999278
70657: 0.999278
70658: 0.999278
70659: 0.999278
70660: 0.999278
70661: 0.999278
70662: 0.999278
70663: 0.999278
70664: 0.999278
70665: 0.999278
70666: 0.999278
70667: 0.999278
70668: 0.999278
70669: 0.999278
70670: 0.999278
70671: 0.999278
70672: 0.999278
70673: 0.999278
70674: 0.999278
70675: 0.999278
70676: 0.999278
70677: 0.999278
70678: 0.999278
70679: 0.999278
70680: 0.999278
70681: 0.999278
70682: 0.999278
70683: 0.999278
70684: 0.999278
70685: 0.999278
70686: 0.999279
70687: 0.999279
70688: 0.999279
70689: 0.999279
70690: 0.999279
70691: 0.999279
70692: 0.999279
70693: 0.999279
70694: 0.999279
70695: 0.999279
70696: 0.999279
70697: 0.999279
70698: 0.999279
70699: 0.999279
70700: 0.999279
70701: 0.999279
70702: 0.999279
70703: 0.999279
70704: 0.999279
70705: 0.999279
70706: 0.999279
70707: 0.999279
70708: 0.999279
70709: 0.999279
70710: 0.999279
70711: 0.999279
70712: 0.999279
70713: 0.999279
70714: 0.999279
70715: 0.999279
70716: 0.999279
70717: 0.999279
70718: 0.999279
70719: 0.999279
70720: 0.999279
70721: 0.999279
70722: 0.999279
70723: 0.999279
70724: 0.999279
70725: 0.999279
70726: 0.999279
70727: 0.999279
70728: 0.999279
70729: 0.999279
70730: 0.999279
70731: 0.999279
70732: 0.999279
70733: 0.999279
70734: 0.999279
70735: 0.999279
70736: 0.999279
70737: 0.999279
70738: 0.999279
70739: 0.999279
70740: 0.999279
70741: 0.999279
70742: 0.999279
70743: 0.999279
70744: 0.999279
70745: 0.999279
70746: 0.999279
70747: 0.999279
70748: 0.999279
70749: 0.999279
70750: 0.999279
70751: 0.999279
70752: 0.999279
70753: 0.999279
70754: 0.999279
70755: 0.999279
70756: 0.999279
70757: 0.999279
70758: 0.999279
70759: 0.999279
70760: 0.999279
70761: 0.999279
70762: 0.999279
70763: 0.999279
70764: 0.999279
70765: 0.999279
70766: 0.999279
70767: 0.999279
70768: 0.999279
70769: 0.999279
70770: 0.999279
70771: 0.999279
70772: 0.999279
70773: 0.999279
70774: 0.999279
70775: 0.999279
70776: 0.999279
70777: 0.999279
70778: 0.999279
70779: 0.999279
70780: 0.999279
70781: 0.999279
70782: 0.999279
70783: 0.999279
70784: 0.99928
70785: 0.99928
70786: 0.99928
70787: 0.99928
70788: 0.99928
70789: 0.99928
70790: 0.99928
70791: 0.99928
70792: 0.99928
70793: 0.99928
70794: 0.99928
70795: 0.99928
70796: 0.99928
70797: 0.99928
70798: 0.99928
70799: 0.99928
70800: 0.99928
70801: 0.99928
70802: 0.99928
70803: 0.99928
70804: 0.99928
70805: 0.99928
70806: 0.99928
70807: 0.99928
70808: 0.99928
70809: 0.99928
70810: 0.99928
70811: 0.99928
70812: 0.99928
70813: 0.99928
70814: 0.99928
70815: 0.99928
70816: 0.99928
70817: 0.99928
70818: 0.99928
70819: 0.99928
70820: 0.99928
70821: 0.99928
70822: 0.99928
70823: 0.99928
70824: 0.99928
70825: 0.99928
70826: 0.99928
70827: 0.99928
70828: 0.99928
70829: 0.99928
70830: 0.99928
70831: 0.99928
70832: 0.99928
70833: 0.99928
70834: 0.99928
70835: 0.99928
70836: 0.99928
70837: 0.99928
70838: 0.99928
70839: 0.99928
70840: 0.99928
70841: 0.99928
70842: 0.99928
70843: 0.99928
70844: 0.99928
70845: 0.99928
70846: 0.99928
70847: 0.99928
70848: 0.99928
70849: 0.99928
70850: 0.99928
70851: 0.99928
70852: 0.99928
70853: 0.99928
70854: 0.99928
70855: 0.99928
70856: 0.99928
70857: 0.99928
70858: 0.99928
70859: 0.99928
70860: 0.99928
70861: 0.99928
70862: 0.99928
70863: 0.99928
70864: 0.99928
70865: 0.99928
70866: 0.99928
70867: 0.99928
70868: 0.99928
70869: 0.99928
70870: 0.99928
70871: 0.99928
70872: 0.99928
70873: 0.99928
70874: 0.99928
70875: 0.99928
70876: 0.99928
70877: 0.99928
70878: 0.99928
70879: 0.99928
70880: 0.99928
70881: 0.99928
70882: 0.999281
70883: 0.999281
70884: 0.999281
70885: 0.999281
70886: 0.999281
70887: 0.999281
70888: 0.999281
70889: 0.999281
70890: 0.999281
70891: 0.999281
70892: 0.999281
70893: 0.999281
70894: 0.999281
70895: 0.999281
70896: 0.999281
70897: 0.999281
70898: 0.999281
70899: 0.999281
70900: 0.999281
70901: 0.999281
70902: 0.999281
70903: 0.999281
70904: 0.999281
70905: 0.999281
70906: 0.999281
70907: 0.999281
70908: 0.999281
70909: 0.999281
70910: 0.999281
70911: 0.999281
70912: 0.999281
70913: 0.999281
70914: 0.999281
70915: 0.999281
70916: 0.999281
70917: 0.999281
70918: 0.999281
70919: 0.999281
70920: 0.999281
70921: 0.999281
70922: 0.999281
70923: 0.999281
70924: 0.999281
70925: 0.999281
70926: 0.999281
70927: 0.999281
70928: 0.999281
70929: 0.999281
70930: 0.999281
70931: 0.999281
70932: 0.999281
70933: 0.999281
70934: 0.999281
70935: 0.999281
70936: 0.999281
70937: 0.999281
70938: 0.999281
70939: 0.999281
70940: 0.999281
70941: 0.999281
70942: 0.999281
70943: 0.999281
70944: 0.999281
70945: 0.999281
70946: 0.999281
70947: 0.999281
70948: 0.999281
70949: 0.999281
70950: 0.999281
70951: 0.999281
70952: 0.999281
70953: 0.999281
70954: 0.999281
70955: 0.999281
70956: 0.999281
70957: 0.999281
70958: 0.999281
70959: 0.999281
70960: 0.999281
70961: 0.999281
70962: 0.999281
70963: 0.999281
70964: 0.999281
70965: 0.999281
70966: 0.999281
70967: 0.999281
70968: 0.999281
70969: 0.999281
70970: 0.999281
70971: 0.999281
70972: 0.999281
70973: 0.999281
70974: 0.999281
70975: 0.999281
70976: 0.999281
70977: 0.999281
70978: 0.999281
70979: 0.999281
70980: 0.999281
70981: 0.999282
70982: 0.999282
70983: 0.999282
70984: 0.999282
70985: 0.999282
70986: 0.999282
70987: 0.999282
70988: 0.999282
70989: 0.999282
70990: 0.999282
70991: 0.999282
70992: 0.999282
70993: 0.999282
70994: 0.999282
70995: 0.999282
70996: 0.999282
70997: 0.999282
70998: 0.999282
70999: 0.999282
71000: 0.999282
71001: 0.999282
71002: 0.999282
71003: 0.999282
71004: 0.999282
71005: 0.999282
71006: 0.999282
71007: 0.999282
71008: 0.999282
71009: 0.999282
71010: 0.999282
71011: 0.999282
71012: 0.999282
71013: 0.999282
71014: 0.999282
71015: 0.999282
71016: 0.999282
71017: 0.999282
71018: 0.999282
71019: 0.999282
71020: 0.999282
71021: 0.999282
71022: 0.999282
71023: 0.999282
71024: 0.999282
71025: 0.999282
71026: 0.999282
71027: 0.999282
71028: 0.999282
71029: 0.999282
71030: 0.999282
71031: 0.999282
71032: 0.999282
71033: 0.999282
71034: 0.999282
71035: 0.999282
71036: 0.999282
71037: 0.999282
71038: 0.999282
71039: 0.999282
71040: 0.999282
71041: 0.999282
71042: 0.999282
71043: 0.999282
71044: 0.999282
71045: 0.999282
71046: 0.999282
71047: 0.999282
71048: 0.999282
71049: 0.999282
71050: 0.999282
71051: 0.999282
71052: 0.999282
71053: 0.999282
71054: 0.999282
71055: 0.999282
71056: 0.999282
71057: 0.999282
71058: 0.999282
71059: 0.999282
71060: 0.999282
71061: 0.999282
71062: 0.999282
71063: 0.999282
71064: 0.999282
71065: 0.999282
71066: 0.999282
71067: 0.999282
71068: 0.999282
71069: 0.999282
71070: 0.999282
71071: 0.999282
71072: 0.999282
71073: 0.999282
71074: 0.999282
71075: 0.999282
71076: 0.999282
71077: 0.999282
71078: 0.999282
71079: 0.999282
71080: 0.999283
71081: 0.999283
71082: 0.999283
71083: 0.999283
71084: 0.999283
71085: 0.999283
71086: 0.999283
71087: 0.999283
71088: 0.999283
71089: 0.999283
71090: 0.999283
71091: 0.999283
71092: 0.999283
71093: 0.999283
71094: 0.999283
71095: 0.999283
71096: 0.999283
71097: 0.999283
71098: 0.999283
71099: 0.999283
71100: 0.999283
71101: 0.999283
71102: 0.999283
71103: 0.999283
71104: 0.999283
71105: 0.999283
71106: 0.999283
71107: 0.999283
71108: 0.999283
71109: 0.999283
71110: 0.999283
71111: 0.999283
71112: 0.999283
71113: 0.999283
71114: 0.999283
71115: 0.999283
71116: 0.999283
71117: 0.999283
71118: 0.999283
71119: 0.999283
71120: 0.999283
71121: 0.999283
71122: 0.999283
71123: 0.999283
71124: 0.999283
71125: 0.999283
71126: 0.999283
71127: 0.999283
71128: 0.999283
71129: 0.999283
71130: 0.999283
71131: 0.999283
71132: 0.999283
71133: 0.999283
71134: 0.999283
71135: 0.999283
71136: 0.999283
71137: 0.999283
71138: 0.999283
71139: 0.999283
71140: 0.999283
71141: 0.999283
71142: 0.999283
71143: 0.999283
71144: 0.999283
71145: 0.999283
71146: 0.999283
71147: 0.999283
71148: 0.999283
71149: 0.999283
71150: 0.999283
71151: 0.999283
71152: 0.999283
71153: 0.999283
71154: 0.999283
71155: 0.999283
71156: 0.999283
71157: 0.999283
71158: 0.999283
71159: 0.999283
71160: 0.999283
71161: 0.999283
71162: 0.999283
71163: 0.999283
71164: 0.999283
71165: 0.999283
71166: 0.999283
71167: 0.999283
71168: 0.999283
71169: 0.999283
71170: 0.999283
71171: 0.999283
71172: 0.999283
71173: 0.999283
71174: 0.999283
71175: 0.999283
71176: 0.999283
71177: 0.999283
71178: 0.999283
71179: 0.999284
71180: 0.999284
71181: 0.999284
71182: 0.999284
71183: 0.999284
71184: 0.999284
71185: 0.999284
71186: 0.999284
71187: 0.999284
71188: 0.999284
71189: 0.999284
71190: 0.999284
71191: 0.999284
71192: 0.999284
71193: 0.999284
71194: 0.999284
71195: 0.999284
71196: 0.999284
71197: 0.999284
71198: 0.999284
71199: 0.999284
71200: 0.999284
71201: 0.999284
71202: 0.999284
71203: 0.999284
71204: 0.999284
71205: 0.999284
71206: 0.999284
71207: 0.999284
71208: 0.999284
71209: 0.999284
71210: 0.999284
71211: 0.999284
71212: 0.999284
71213: 0.999284
71214: 0.999284
71215: 0.999284
71216: 0.999284
71217: 0.999284
71218: 0.999284
71219: 0.999284
71220: 0.999284
71221: 0.999284
71222: 0.999284
71223: 0.999284
71224: 0.999284
71225: 0.999284
71226: 0.999284
71227: 0.999284
71228: 0.999284
71229: 0.999284
71230: 0.999284
71231: 0.999284
71232: 0.999284
71233: 0.999284
71234: 0.999284
71235: 0.999284
71236: 0.999284
71237: 0.999284
71238: 0.999284
71239: 0.999284
71240: 0.999284
71241: 0.999284
71242: 0.999284
71243: 0.999284
71244: 0.999284
71245: 0.999284
71246: 0.999284
71247: 0.999284
71248: 0.999284
71249: 0.999284
71250: 0.999284
71251: 0.999284
71252: 0.999284
71253: 0.999284
71254: 0.999284
71255: 0.999284
71256: 0.999284
71257: 0.999284
71258: 0.999284
71259: 0.999284
71260: 0.999284
71261: 0.999284
71262: 0.999284
71263: 0.999284
71264: 0.999284
71265: 0.999284
71266: 0.999284
71267: 0.999284
71268: 0.999284
71269: 0.999284
71270: 0.999284
71271: 0.999284
71272: 0.999284
71273: 0.999284
71274: 0.999284
71275: 0.999284
71276: 0.999284
71277: 0.999284
71278: 0.999285
71279: 0.999285
71280: 0.999285
71281: 0.999285
71282: 0.999285
71283: 0.999285
71284: 0.999285
71285: 0.999285
71286: 0.999285
71287: 0.999285
71288: 0.999285
71289: 0.999285
71290: 0.999285
71291: 0.999285
71292: 0.999285
71293: 0.999285
71294: 0.999285
71295: 0.999285
71296: 0.999285
71297: 0.999285
71298: 0.999285
71299: 0.999285
71300: 0.999285
71301: 0.999285
71302: 0.999285
71303: 0.999285
71304: 0.999285
71305: 0.999285
71306: 0.999285
71307: 0.999285
71308: 0.999285
71309: 0.999285
71310: 0.999285
71311: 0.999285
71312: 0.999285
71313: 0.999285
71314: 0.999285
71315: 0.999285
71316: 0.999285
71317: 0.999285
71318: 0.999285
71319: 0.999285
71320: 0.999285
71321: 0.999285
71322: 0.999285
71323: 0.999285
71324: 0.999285
71325: 0.999285
71326: 0.999285
71327: 0.999285
71328: 0.999285
71329: 0.999285
71330: 0.999285
71331: 0.999285
71332: 0.999285
71333: 0.999285
71334: 0.999285
71335: 0.999285
71336: 0.999285
71337: 0.999285
71338: 0.999285
71339: 0.999285
71340: 0.999285
71341: 0.999285
71342: 0.999285
71343: 0.999285
71344: 0.999285
71345: 0.999285
71346: 0.999285
71347: 0.999285
71348: 0.999285
71349: 0.999285
71350: 0.999285
71351: 0.999285
71352: 0.999285
71353: 0.999285
71354: 0.999285
71355: 0.999285
71356: 0.999285
71357: 0.999285
71358: 0.999285
71359: 0.999285
71360: 0.999285
71361: 0.999285
71362: 0.999285
71363: 0.999285
71364: 0.999285
71365: 0.999285
71366: 0.999285
71367: 0.999285
71368: 0.999285
71369: 0.999285
71370: 0.999285
71371: 0.999285
71372: 0.999285
71373: 0.999285
71374: 0.999285
71375: 0.999285
71376: 0.999285
71377: 0.999285
71378: 0.999286
71379: 0.999286
71380: 0.999286
71381: 0.999286
71382: 0.999286
71383: 0.999286
71384: 0.999286
71385: 0.999286
71386: 0.999286
71387: 0.999286
71388: 0.999286
71389: 0.999286
71390: 0.999286
71391: 0.999286
71392: 0.999286
71393: 0.999286
71394: 0.999286
71395: 0.999286
71396: 0.999286
71397: 0.999286
71398: 0.999286
71399: 0.999286
71400: 0.999286
71401: 0.999286
71402: 0.999286
71403: 0.999286
71404: 0.999286
71405: 0.999286
71406: 0.999286
71407: 0.999286
71408: 0.999286
71409: 0.999286
71410: 0.999286
71411: 0.999286
71412: 0.999286
71413: 0.999286
71414: 0.999286
71415: 0.999286
71416: 0.999286
71417: 0.999286
71418: 0.999286
71419: 0.999286
71420: 0.999286
71421: 0.999286
71422: 0.999286
71423: 0.999286
71424: 0.999286
71425: 0.999286
71426: 0.999286
71427: 0.999286
71428: 0.999286
71429: 0.999286
71430: 0.999286
71431: 0.999286
71432: 0.999286
71433: 0.999286
71434: 0.999286
71435: 0.999286
71436: 0.999286
71437: 0.999286
71438: 0.999286
71439: 0.999286
71440: 0.999286
71441: 0.999286
71442: 0.999286
71443: 0.999286
71444: 0.999286
71445: 0.999286
71446: 0.999286
71447: 0.999286
71448: 0.999286
71449: 0.999286
71450: 0.999286
71451: 0.999286
71452: 0.999286
71453: 0.999286
71454: 0.999286
71455: 0.999286
71456: 0.999286
71457: 0.999286
71458: 0.999286
71459: 0.999286
71460: 0.999286
71461: 0.999286
71462: 0.999286
71463: 0.999286
71464: 0.999286
71465: 0.999286
71466: 0.999286
71467: 0.999286
71468: 0.999286
71469: 0.999286
71470: 0.999286
71471: 0.999286
71472: 0.999286
71473: 0.999286
71474: 0.999286
71475: 0.999286
71476: 0.999286
71477: 0.999286
71478: 0.999287
71479: 0.999287
71480: 0.999287
71481: 0.999287
71482: 0.999287
71483: 0.999287
71484: 0.999287
71485: 0.999287
71486: 0.999287
71487: 0.999287
71488: 0.999287
71489: 0.999287
71490: 0.999287
71491: 0.999287
71492: 0.999287
71493: 0.999287
71494: 0.999287
71495: 0.999287
71496: 0.999287
71497: 0.999287
71498: 0.999287
71499: 0.999287
71500: 0.999287
71501: 0.999287
71502: 0.999287
71503: 0.999287
71504: 0.999287
71505: 0.999287
71506: 0.999287
71507: 0.999287
71508: 0.999287
71509: 0.999287
71510: 0.999287
71511: 0.999287
71512: 0.999287
71513: 0.999287
71514: 0.999287
71515: 0.999287
71516: 0.999287
71517: 0.999287
71518: 0.999287
71519: 0.999287
71520: 0.999287
71521: 0.999287
71522: 0.999287
71523: 0.999287
71524: 0.999287
71525: 0.999287
71526: 0.999287
71527: 0.999287
71528: 0.999287
71529: 0.999287
71530: 0.999287
71531: 0.999287
71532: 0.999287
71533: 0.999287
71534: 0.999287
71535: 0.999287
71536: 0.999287
71537: 0.999287
71538: 0.999287
71539: 0.999287
71540: 0.999287
71541: 0.999287
71542: 0.999287
71543: 0.999287
71544: 0.999287
71545: 0.999287
71546: 0.999287
71547: 0.999287
71548: 0.999287
71549: 0.999287
71550: 0.999287
71551: 0.999287
71552: 0.999287
71553: 0.999287
71554: 0.999287
71555: 0.999287
71556: 0.999287
71557: 0.999287
71558: 0.999287
71559: 0.999287
71560: 0.999287
71561: 0.999287
71562: 0.999287
71563: 0.999287
71564: 0.999287
71565: 0.999287
71566: 0.999287
71567: 0.999287
71568: 0.999287
71569: 0.999287
71570: 0.999287
71571: 0.999287
71572: 0.999287
71573: 0.999287
71574: 0.999287
71575: 0.999287
71576: 0.999287
71577: 0.999287
71578: 0.999288
71579: 0.999288
71580: 0.999288
71581: 0.999288
71582: 0.999288
71583: 0.999288
71584: 0.999288
71585: 0.999288
71586: 0.999288
71587: 0.999288
71588: 0.999288
71589: 0.999288
71590: 0.999288
71591: 0.999288
71592: 0.999288
71593: 0.999288
71594: 0.999288
71595: 0.999288
71596: 0.999288
71597: 0.999288
71598: 0.999288
71599: 0.999288
71600: 0.999288
71601: 0.999288
71602: 0.999288
71603: 0.999288
71604: 0.999288
71605: 0.999288
71606: 0.999288
71607: 0.999288
71608: 0.999288
71609: 0.999288
71610: 0.999288
71611: 0.999288
71612: 0.999288
71613: 0.999288
71614: 0.999288
71615: 0.999288
71616: 0.999288
71617: 0.999288
71618: 0.999288
71619: 0.999288
71620: 0.999288
71621: 0.999288
71622: 0.999288
71623: 0.999288
71624: 0.999288
71625: 0.999288
71626: 0.999288
71627: 0.999288
71628: 0.999288
71629: 0.999288
71630: 0.999288
71631: 0.999288
71632: 0.999288
71633: 0.999288
71634: 0.999288
71635: 0.999288
71636: 0.999288
71637: 0.999288
71638: 0.999288
71639: 0.999288
71640: 0.999288
71641: 0.999288
71642: 0.999288
71643: 0.999288
71644: 0.999288
71645: 0.999288
71646: 0.999288
71647: 0.999288
71648: 0.999288
71649: 0.999288
71650: 0.999288
71651: 0.999288
71652: 0.999288
71653: 0.999288
71654: 0.999288
71655: 0.999288
71656: 0.999288
71657: 0.999288
71658: 0.999288
71659: 0.999288
71660: 0.999288
71661: 0.999288
71662: 0.999288
71663: 0.999288
71664: 0.999288
71665: 0.999288
71666: 0.999288
71667: 0.999288
71668: 0.999288
71669: 0.999288
71670: 0.999288
71671: 0.999288
71672: 0.999288
71673: 0.999288
71674: 0.999288
71675: 0.999288
71676: 0.999288
71677: 0.999288
71678: 0.999288
71679: 0.999289
71680: 0.999289
71681: 0.999289
71682: 0.999289
71683: 0.999289
71684: 0.999289
71685: 0.999289
71686: 0.999289
71687: 0.999289
71688: 0.999289
71689: 0.999289
71690: 0.999289
71691: 0.999289
71692: 0.999289
71693: 0.999289
71694: 0.999289
71695: 0.999289
71696: 0.999289
71697: 0.999289
71698: 0.999289
71699: 0.999289
71700: 0.999289
71701: 0.999289
71702: 0.999289
71703: 0.999289
71704: 0.999289
71705: 0.999289
71706: 0.999289
71707: 0.999289
71708: 0.999289
71709: 0.999289
71710: 0.999289
71711: 0.999289
71712: 0.999289
71713: 0.999289
71714: 0.999289
71715: 0.999289
71716: 0.999289
71717: 0.999289
71718: 0.999289
71719: 0.999289
71720: 0.999289
71721: 0.999289
71722: 0.999289
71723: 0.999289
71724: 0.999289
71725: 0.999289
71726: 0.999289
71727: 0.999289
71728: 0.999289
71729: 0.999289
71730: 0.999289
71731: 0.999289
71732: 0.999289
71733: 0.999289
71734: 0.999289
71735: 0.999289
71736: 0.999289
71737: 0.999289
71738: 0.999289
71739: 0.999289
71740: 0.999289
71741: 0.999289
71742: 0.999289
71743: 0.999289
71744: 0.999289
71745: 0.999289
71746: 0.999289
71747: 0.999289
71748: 0.999289
71749: 0.999289
71750: 0.999289
71751: 0.999289
71752: 0.999289
71753: 0.999289
71754: 0.999289
71755: 0.999289
71756: 0.999289
71757: 0.999289
71758: 0.999289
71759: 0.999289
71760: 0.999289
71761: 0.999289
71762: 0.999289
71763: 0.999289
71764: 0.999289
71765: 0.999289
71766: 0.999289
71767: 0.999289
71768: 0.999289
71769: 0.999289
71770: 0.999289
71771: 0.999289
71772: 0.999289
71773: 0.999289
71774: 0.999289
71775: 0.999289
71776: 0.999289
71777: 0.999289
71778: 0.999289
71779: 0.999289
71780: 0.99929
71781: 0.99929
71782: 0.99929
71783: 0.99929
71784: 0.99929
71785: 0.99929
71786: 0.99929
71787: 0.99929
71788: 0.99929
71789: 0.99929
71790: 0.99929
71791: 0.99929
71792: 0.99929
71793: 0.99929
71794: 0.99929
71795: 0.99929
71796: 0.99929
71797: 0.99929
71798: 0.99929
71799: 0.99929
71800: 0.99929
71801: 0.99929
71802: 0.99929
71803: 0.99929
71804: 0.99929
71805: 0.99929
71806: 0.99929
71807: 0.99929
71808: 0.99929
71809: 0.99929
71810: 0.99929
71811: 0.99929
71812: 0.99929
71813: 0.99929
71814: 0.99929
71815: 0.99929
71816: 0.99929
71817: 0.99929
71818: 0.99929
71819: 0.99929
71820: 0.99929
71821: 0.99929
71822: 0.99929
71823: 0.99929
71824: 0.99929
71825: 0.99929
71826: 0.99929
71827: 0.99929
71828: 0.99929
71829: 0.99929
71830: 0.99929
71831: 0.99929
71832: 0.99929
71833: 0.99929
71834: 0.99929
71835: 0.99929
71836: 0.99929
71837: 0.99929
71838: 0.99929
71839: 0.99929
71840: 0.99929
71841: 0.99929
71842: 0.99929
71843: 0.99929
71844: 0.99929
71845: 0.99929
71846: 0.99929
71847: 0.99929
71848: 0.99929
71849: 0.99929
71850: 0.99929
71851: 0.99929
71852: 0.99929
71853: 0.99929
71854: 0.99929
71855: 0.99929
71856: 0.99929
71857: 0.99929
71858: 0.99929
71859: 0.99929
71860: 0.99929
71861: 0.99929
71862: 0.99929
71863: 0.99929
71864: 0.99929
71865: 0.99929
71866: 0.99929
71867: 0.99929
71868: 0.99929
71869: 0.99929
71870: 0.99929
71871: 0.99929
71872: 0.99929
71873: 0.99929
71874: 0.99929
71875: 0.99929
71876: 0.99929
71877: 0.99929
71878: 0.99929
71879: 0.99929
71880: 0.99929
71881: 0.999291
71882: 0.999291
71883: 0.999291
71884: 0.999291
71885: 0.999291
71886: 0.999291
71887: 0.999291
71888: 0.999291
71889: 0.999291
71890: 0.999291
71891: 0.999291
71892: 0.999291
71893: 0.999291
71894: 0.999291
71895: 0.999291
71896: 0.999291
71897: 0.999291
71898: 0.999291
71899: 0.999291
71900: 0.999291
71901: 0.999291
71902: 0.999291
71903: 0.999291
71904: 0.999291
71905: 0.999291
71906: 0.999291
71907: 0.999291
71908: 0.999291
71909: 0.999291
71910: 0.999291
71911: 0.999291
71912: 0.999291
71913: 0.999291
71914: 0.999291
71915: 0.999291
71916: 0.999291
71917: 0.999291
71918: 0.999291
71919: 0.999291
71920: 0.999291
71921: 0.999291
71922: 0.999291
71923: 0.999291
71924: 0.999291
71925: 0.999291
71926: 0.999291
71927: 0.999291
71928: 0.999291
71929: 0.999291
71930: 0.999291
71931: 0.999291
71932: 0.999291
71933: 0.999291
71934: 0.999291
71935: 0.999291
71936: 0.999291
71937: 0.999291
71938: 0.999291
71939: 0.999291
71940: 0.999291
71941: 0.999291
71942: 0.999291
71943: 0.999291
71944: 0.999291
71945: 0.999291
71946: 0.999291
71947: 0.999291
71948: 0.999291
71949: 0.999291
71950: 0.999291
71951: 0.999291
71952: 0.999291
71953: 0.999291
71954: 0.999291
71955: 0.999291
71956: 0.999291
71957: 0.999291
71958: 0.999291
71959: 0.999291
71960: 0.999291
71961: 0.999291
71962: 0.999291
71963: 0.999291
71964: 0.999291
71965: 0.999291
71966: 0.999291
71967: 0.999291
71968: 0.999291
71969: 0.999291
71970: 0.999291
71971: 0.999291
71972: 0.999291
71973: 0.999291
71974: 0.999291
71975: 0.999291
71976: 0.999291
71977: 0.999291
71978: 0.999291
71979: 0.999291
71980: 0.999291
71981: 0.999291
71982: 0.999291
71983: 0.999292
71984: 0.999292
71985: 0.999292
71986: 0.999292
71987: 0.999292
71988: 0.999292
71989: 0.999292
71990: 0.999292
71991: 0.999292
71992: 0.999292
71993: 0.999292
71994: 0.999292
71995: 0.999292
71996: 0.999292
71997: 0.999292
71998: 0.999292
71999: 0.999292
72000: 0.999292
72001: 0.999292
72002: 0.999292
72003: 0.999292
72004: 0.999292
72005: 0.999292
72006: 0.999292
72007: 0.999292
72008: 0.999292
72009: 0.999292
72010: 0.999292
72011: 0.999292
72012: 0.999292
72013: 0.999292
72014: 0.999292
72015: 0.999292
72016: 0.999292
72017: 0.999292
72018: 0.999292
72019: 0.999292
72020: 0.999292
72021: 0.999292
72022: 0.999292
72023: 0.999292
72024: 0.999292
72025: 0.999292
72026: 0.999292
72027: 0.999292
72028: 0.999292
72029: 0.999292
72030: 0.999292
72031: 0.999292
72032: 0.999292
72033: 0.999292
72034: 0.999292
72035: 0.999292
72036: 0.999292
72037: 0.999292
72038: 0.999292
72039: 0.999292
72040: 0.999292
72041: 0.999292
72042: 0.999292
72043: 0.999292
72044: 0.999292
72045: 0.999292
72046: 0.999292
72047: 0.999292
72048: 0.999292
72049: 0.999292
72050: 0.999292
72051: 0.999292
72052: 0.999292
72053: 0.999292
72054: 0.999292
72055: 0.999292
72056: 0.999292
72057: 0.999292
72058: 0.999292
72059: 0.999292
72060: 0.999292
72061: 0.999292
72062: 0.999292
72063: 0.999292
72064: 0.999292
72065: 0.999292
72066: 0.999292
72067: 0.999292
72068: 0.999292
72069: 0.999292
72070: 0.999292
72071: 0.999292
72072: 0.999292
72073: 0.999292
72074: 0.999292
72075: 0.999292
72076: 0.999292
72077: 0.999292
72078: 0.999292
72079: 0.999292
72080: 0.999292
72081: 0.999292
72082: 0.999292
72083: 0.999292
72084: 0.999293
72085: 0.999293
72086: 0.999293
72087: 0.999293
72088: 0.999293
72089: 0.999293
72090: 0.999293
72091: 0.999293
72092: 0.999293
72093: 0.999293
72094: 0.999293
72095: 0.999293
72096: 0.999293
72097: 0.999293
72098: 0.999293
72099: 0.999293
72100: 0.999293
72101: 0.999293
72102: 0.999293
72103: 0.999293
72104: 0.999293
72105: 0.999293
72106: 0.999293
72107: 0.999293
72108: 0.999293
72109: 0.999293
72110: 0.999293
72111: 0.999293
72112: 0.999293
72113: 0.999293
72114: 0.999293
72115: 0.999293
72116: 0.999293
72117: 0.999293
72118: 0.999293
72119: 0.999293
72120: 0.999293
72121: 0.999293
72122: 0.999293
72123: 0.999293
72124: 0.999293
72125: 0.999293
72126: 0.999293
72127: 0.999293
72128: 0.999293
72129: 0.999293
72130: 0.999293
72131: 0.999293
72132: 0.999293
72133: 0.999293
72134: 0.999293
72135: 0.999293
72136: 0.999293
72137: 0.999293
72138: 0.999293
72139: 0.999293
72140: 0.999293
72141: 0.999293
72142: 0.999293
72143: 0.999293
72144: 0.999293
72145: 0.999293
72146: 0.999293
72147: 0.999293
72148: 0.999293
72149: 0.999293
72150: 0.999293
72151: 0.999293
72152: 0.999293
72153: 0.999293
72154: 0.999293
72155: 0.999293
72156: 0.999293
72157: 0.999293
72158: 0.999293
72159: 0.999293
72160: 0.999293
72161: 0.999293
72162: 0.999293
72163: 0.999293
72164: 0.999293
72165: 0.999293
72166: 0.999293
72167: 0.999293
72168: 0.999293
72169: 0.999293
72170: 0.999293
72171: 0.999293
72172: 0.999293
72173: 0.999293
72174: 0.999293
72175: 0.999293
72176: 0.999293
72177: 0.999293
72178: 0.999293
72179: 0.999293
72180: 0.999293
72181: 0.999293
72182: 0.999293
72183: 0.999293
72184: 0.999293
72185: 0.999293
72186: 0.999294
72187: 0.999294
72188: 0.999294
72189: 0.999294
72190: 0.999294
72191: 0.999294
72192: 0.999294
72193: 0.999294
72194: 0.999294
72195: 0.999294
72196: 0.999294
72197: 0.999294
72198: 0.999294
72199: 0.999294
72200: 0.999294
72201: 0.999294
72202: 0.999294
72203: 0.999294
72204: 0.999294
72205: 0.999294
72206: 0.999294
72207: 0.999294
72208: 0.999294
72209: 0.999294
72210: 0.999294
72211: 0.999294
72212: 0.999294
72213: 0.999294
72214: 0.999294
72215: 0.999294
72216: 0.999294
72217: 0.999294
72218: 0.999294
72219: 0.999294
72220: 0.999294
72221: 0.999294
72222: 0.999294
72223: 0.999294
72224: 0.999294
72225: 0.999294
72226: 0.999294
72227: 0.999294
72228: 0.999294
72229: 0.999294
72230: 0.999294
72231: 0.999294
72232: 0.999294
72233: 0.999294
72234: 0.999294
72235: 0.999294
72236: 0.999294
72237: 0.999294
72238: 0.999294
72239: 0.999294
72240: 0.999294
72241: 0.999294
72242: 0.999294
72243: 0.999294
72244: 0.999294
72245: 0.999294
72246: 0.999294
72247: 0.999294
72248: 0.999294
72249: 0.999294
72250: 0.999294
72251: 0.999294
72252: 0.999294
72253: 0.999294
72254: 0.999294
72255: 0.999294
72256: 0.999294
72257: 0.999294
72258: 0.999294
72259: 0.999294
72260: 0.999294
72261: 0.999294
72262: 0.999294
72263: 0.999294
72264: 0.999294
72265: 0.999294
72266: 0.999294
72267: 0.999294
72268: 0.999294
72269: 0.999294
72270: 0.999294
72271: 0.999294
72272: 0.999294
72273: 0.999294
72274: 0.999294
72275: 0.999294
72276: 0.999294
72277: 0.999294
72278: 0.999294
72279: 0.999294
72280: 0.999294
72281: 0.999294
72282: 0.999294
72283: 0.999294
72284: 0.999294
72285: 0.999294
72286: 0.999294
72287: 0.999294
72288: 0.999294
72289: 0.999295
72290: 0.999295
72291: 0.999295
72292: 0.999295
72293: 0.999295
72294: 0.999295
72295: 0.999295
72296: 0.999295
72297: 0.999295
72298: 0.999295
72299: 0.999295
72300: 0.999295
72301: 0.999295
72302: 0.999295
72303: 0.999295
72304: 0.999295
72305: 0.999295
72306: 0.999295
72307: 0.999295
72308: 0.999295
72309: 0.999295
72310: 0.999295
72311: 0.999295
72312: 0.999295
72313: 0.999295
72314: 0.999295
72315: 0.999295
72316: 0.999295
72317: 0.999295
72318: 0.999295
72319: 0.999295
72320: 0.999295
72321: 0.999295
72322: 0.999295
72323: 0.999295
72324: 0.999295
72325: 0.999295
72326: 0.999295
72327: 0.999295
72328: 0.999295
72329: 0.999295
72330: 0.999295
72331: 0.999295
72332: 0.999295
72333: 0.999295
72334: 0.999295
72335: 0.999295
72336: 0.999295
72337: 0.999295
72338: 0.999295
72339: 0.999295
72340: 0.999295
72341: 0.999295
72342: 0.999295
72343: 0.999295
72344: 0.999295
72345: 0.999295
72346: 0.999295
72347: 0.999295
72348: 0.999295
72349: 0.999295
72350: 0.999295
72351: 0.999295
72352: 0.999295
72353: 0.999295
72354: 0.999295
72355: 0.999295
72356: 0.999295
72357: 0.999295
72358: 0.999295
72359: 0.999295
72360: 0.999295
72361: 0.999295
72362: 0.999295
72363: 0.999295
72364: 0.999295
72365: 0.999295
72366: 0.999295
72367: 0.999295
72368: 0.999295
72369: 0.999295
72370: 0.999295
72371: 0.999295
72372: 0.999295
72373: 0.999295
72374: 0.999295
72375: 0.999295
72376: 0.999295
72377: 0.999295
72378: 0.999295
72379: 0.999295
72380: 0.999295
72381: 0.999295
72382: 0.999295
72383: 0.999295
72384: 0.999295
72385: 0.999295
72386: 0.999295
72387: 0.999295
72388: 0.999295
72389: 0.999295
72390: 0.999295
72391: 0.999296
72392: 0.999296
72393: 0.999296
72394: 0.999296
72395: 0.999296
72396: 0.999296
72397: 0.999296
72398: 0.999296
72399: 0.999296
72400: 0.999296
72401: 0.999296
72402: 0.999296
72403: 0.999296
72404: 0.999296
72405: 0.999296
72406: 0.999296
72407: 0.999296
72408: 0.999296
72409: 0.999296
72410: 0.999296
72411: 0.999296
72412: 0.999296
72413: 0.999296
72414: 0.999296
72415: 0.999296
72416: 0.999296
72417: 0.999296
72418: 0.999296
72419: 0.999296
72420: 0.999296
72421: 0.999296
72422: 0.999296
72423: 0.999296
72424: 0.999296
72425: 0.999296
72426: 0.999296
72427: 0.999296
72428: 0.999296
72429: 0.999296
72430: 0.999296
72431: 0.999296
72432: 0.999296
72433: 0.999296
72434: 0.999296
72435: 0.999296
72436: 0.999296
72437: 0.999296
72438: 0.999296
72439: 0.999296
72440: 0.999296
72441: 0.999296
72442: 0.999296
72443: 0.999296
72444: 0.999296
72445: 0.999296
72446: 0.999296
72447: 0.999296
72448: 0.999296
72449: 0.999296
72450: 0.999296
72451: 0.999296
72452: 0.999296
72453: 0.999296
72454: 0.999296
72455: 0.999296
72456: 0.999296
72457: 0.999296
72458: 0.999296
72459: 0.999296
72460: 0.999296
72461: 0.999296
72462: 0.999296
72463: 0.999296
72464: 0.999296
72465: 0.999296
72466: 0.999296
72467: 0.999296
72468: 0.999296
72469: 0.999296
72470: 0.999296
72471: 0.999296
72472: 0.999296
72473: 0.999296
72474: 0.999296
72475: 0.999296
72476: 0.999296
72477: 0.999296
72478: 0.999296
72479: 0.999296
72480: 0.999296
72481: 0.999296
72482: 0.999296
72483: 0.999296
72484: 0.999296
72485: 0.999296
72486: 0.999296
72487: 0.999296
72488: 0.999296
72489: 0.999296
72490: 0.999296
72491: 0.999296
72492: 0.999296
72493: 0.999296
72494: 0.999297
72495: 0.999297
72496: 0.999297
72497: 0.999297
72498: 0.999297
72499: 0.999297
72500: 0.999297
72501: 0.999297
72502: 0.999297
72503: 0.999297
72504: 0.999297
72505: 0.999297
72506: 0.999297
72507: 0.999297
72508: 0.999297
72509: 0.999297
72510: 0.999297
72511: 0.999297
72512: 0.999297
72513: 0.999297
72514: 0.999297
72515: 0.999297
72516: 0.999297
72517: 0.999297
72518: 0.999297
72519: 0.999297
72520: 0.999297
72521: 0.999297
72522: 0.999297
72523: 0.999297
72524: 0.999297
72525: 0.999297
72526: 0.999297
72527: 0.999297
72528: 0.999297
72529: 0.999297
72530: 0.999297
72531: 0.999297
72532: 0.999297
72533: 0.999297
72534: 0.999297
72535: 0.999297
72536: 0.999297
72537: 0.999297
72538: 0.999297
72539: 0.999297
72540: 0.999297
72541: 0.999297
72542: 0.999297
72543: 0.999297
72544: 0.999297
72545: 0.999297
72546: 0.999297
72547: 0.999297
72548: 0.999297
72549: 0.999297
72550: 0.999297
72551: 0.999297
72552: 0.999297
72553: 0.999297
72554: 0.999297
72555: 0.999297
72556: 0.999297
72557: 0.999297
72558: 0.999297
72559: 0.999297
72560: 0.999297
72561: 0.999297
72562: 0.999297
72563: 0.999297
72564: 0.999297
72565: 0.999297
72566: 0.999297
72567: 0.999297
72568: 0.999297
72569: 0.999297
72570: 0.999297
72571: 0.999297
72572: 0.999297
72573: 0.999297
72574: 0.999297
72575: 0.999297
72576: 0.999297
72577: 0.999297
72578: 0.999297
72579: 0.999297
72580: 0.999297
72581: 0.999297
72582: 0.999297
72583: 0.999297
72584: 0.999297
72585: 0.999297
72586: 0.999297
72587: 0.999297
72588: 0.999297
72589: 0.999297
72590: 0.999297
72591: 0.999297
72592: 0.999297
72593: 0.999297
72594: 0.999297
72595: 0.999297
72596: 0.999297
72597: 0.999298
72598: 0.999298
72599: 0.999298
72600: 0.999298
72601: 0.999298
72602: 0.999298
72603: 0.999298
72604: 0.999298
72605: 0.999298
72606: 0.999298
72607: 0.999298
72608: 0.999298
72609: 0.999298
72610: 0.999298
72611: 0.999298
72612: 0.999298
72613: 0.999298
72614: 0.999298
72615: 0.999298
72616: 0.999298
72617: 0.999298
72618: 0.999298
72619: 0.999298
72620: 0.999298
72621: 0.999298
72622: 0.999298
72623: 0.999298
72624: 0.999298
72625: 0.999298
72626: 0.999298
72627: 0.999298
72628: 0.999298
72629: 0.999298
72630: 0.999298
72631: 0.999298
72632: 0.999298
72633: 0.999298
72634: 0.999298
72635: 0.999298
72636: 0.999298
72637: 0.999298
72638: 0.999298
72639: 0.999298
72640: 0.999298
72641: 0.999298
72642: 0.999298
72643: 0.999298
72644: 0.999298
72645: 0.999298
72646: 0.999298
72647: 0.999298
72648: 0.999298
72649: 0.999298
72650: 0.999298
72651: 0.999298
72652: 0.999298
72653: 0.999298
72654: 0.999298
72655: 0.999298
72656: 0.999298
72657: 0.999298
72658: 0.999298
72659: 0.999298
72660: 0.999298
72661: 0.999298
72662: 0.999298
72663: 0.999298
72664: 0.999298
72665: 0.999298
72666: 0.999298
72667: 0.999298
72668: 0.999298
72669: 0.999298
72670: 0.999298
72671: 0.999298
72672: 0.999298
72673: 0.999298
72674: 0.999298
72675: 0.999298
72676: 0.999298
72677: 0.999298
72678: 0.999298
72679: 0.999298
72680: 0.999298
72681: 0.999298
72682: 0.999298
72683: 0.999298
72684: 0.999298
72685: 0.999298
72686: 0.999298
72687: 0.999298
72688: 0.999298
72689: 0.999298
72690: 0.999298
72691: 0.999298
72692: 0.999298
72693: 0.999298
72694: 0.999298
72695: 0.999298
72696: 0.999298
72697: 0.999298
72698: 0.999298
72699: 0.999298
72700: 0.999298
72701: 0.999299
72702: 0.999299
72703: 0.999299
72704: 0.999299
72705: 0.999299
72706: 0.999299
72707: 0.999299
72708: 0.999299
72709: 0.999299
72710: 0.999299
72711: 0.999299
72712: 0.999299
72713: 0.999299
72714: 0.999299
72715: 0.999299
72716: 0.999299
72717: 0.999299
72718: 0.999299
72719: 0.999299
72720: 0.999299
72721: 0.999299
72722: 0.999299
72723: 0.999299
72724: 0.999299
72725: 0.999299
72726: 0.999299
72727: 0.999299
72728: 0.999299
72729: 0.999299
72730: 0.999299
72731: 0.999299
72732: 0.999299
72733: 0.999299
72734: 0.999299
72735: 0.999299
72736: 0.999299
72737: 0.999299
72738: 0.999299
72739: 0.999299
72740: 0.999299
72741: 0.999299
72742: 0.999299
72743: 0.999299
72744: 0.999299
72745: 0.999299
72746: 0.999299
72747: 0.999299
72748: 0.999299
72749: 0.999299
72750: 0.999299
72751: 0.999299
72752: 0.999299
72753: 0.999299
72754: 0.999299
72755: 0.999299
72756: 0.999299
72757: 0.999299
72758: 0.999299
72759: 0.999299
72760: 0.999299
72761: 0.999299
72762: 0.999299
72763: 0.999299
72764: 0.999299
72765: 0.999299
72766: 0.999299
72767: 0.999299
72768: 0.999299
72769: 0.999299
72770: 0.999299
72771: 0.999299
72772: 0.999299
72773: 0.999299
72774: 0.999299
72775: 0.999299
72776: 0.999299
72777: 0.999299
72778: 0.999299
72779: 0.999299
72780: 0.999299
72781: 0.999299
72782: 0.999299
72783: 0.999299
72784: 0.999299
72785: 0.999299
72786: 0.999299
72787: 0.999299
72788: 0.999299
72789: 0.999299
72790: 0.999299
72791: 0.999299
72792: 0.999299
72793: 0.999299
72794: 0.999299
72795: 0.999299
72796: 0.999299
72797: 0.999299
72798: 0.999299
72799: 0.999299
72800: 0.999299
72801: 0.999299
72802: 0.999299
72803: 0.999299
72804: 0.999299
72805: 0.9993
72806: 0.9993
72807: 0.9993
72808: 0.9993
72809: 0.9993
72810: 0.9993
72811: 0.9993
72812: 0.9993
72813: 0.9993
72814: 0.9993
72815: 0.9993
72816: 0.9993
72817: 0.9993
72818: 0.9993
72819: 0.9993
72820: 0.9993
72821: 0.9993
72822: 0.9993
72823: 0.9993
72824: 0.9993
72825: 0.9993
72826: 0.9993
72827: 0.9993
72828: 0.9993
72829: 0.9993
72830: 0.9993
72831: 0.9993
72832: 0.9993
72833: 0.9993
72834: 0.9993
72835: 0.9993
72836: 0.9993
72837: 0.9993
72838: 0.9993
72839: 0.9993
72840: 0.9993
72841: 0.9993
72842: 0.9993
72843: 0.9993
72844: 0.9993
72845: 0.9993
72846: 0.9993
72847: 0.9993
72848: 0.9993
72849: 0.9993
72850: 0.9993
72851: 0.9993
72852: 0.9993
72853: 0.9993
72854: 0.9993
72855: 0.9993
72856: 0.9993
72857: 0.9993
72858: 0.9993
72859: 0.9993
72860: 0.9993
72861: 0.9993
72862: 0.9993
72863: 0.9993
72864: 0.9993
72865: 0.9993
72866: 0.9993
72867: 0.9993
72868: 0.9993
72869: 0.9993
72870: 0.9993
72871: 0.9993
72872: 0.9993
72873: 0.9993
72874: 0.9993
72875: 0.9993
72876: 0.9993
72877: 0.9993
72878: 0.9993
72879: 0.9993
72880: 0.9993
72881: 0.9993
72882: 0.9993
72883: 0.9993
72884: 0.9993
72885: 0.9993
72886: 0.9993
72887: 0.9993
72888: 0.9993
72889: 0.9993
72890: 0.9993
72891: 0.9993
72892: 0.9993
72893: 0.9993
72894: 0.9993
72895: 0.9993
72896: 0.9993
72897: 0.9993
72898: 0.9993
72899: 0.9993
72900: 0.9993
72901: 0.9993
72902: 0.9993
72903: 0.9993
72904: 0.9993
72905: 0.9993
72906: 0.9993
72907: 0.9993
72908: 0.9993
72909: 0.999301
72910: 0.999301
72911: 0.999301
72912: 0.999301
72913: 0.999301
72914: 0.999301
72915: 0.999301
72916: 0.999301
72917: 0.999301
72918: 0.999301
72919: 0.999301
72920: 0.999301
72921: 0.999301
72922: 0.999301
72923: 0.999301
72924: 0.999301
72925: 0.999301
72926: 0.999301
72927: 0.999301
72928: 0.999301
72929: 0.999301
72930: 0.999301
72931: 0.999301
72932: 0.999301
72933: 0.999301
72934: 0.999301
72935: 0.999301
72936: 0.999301
72937: 0.999301
72938: 0.999301
72939: 0.999301
72940: 0.999301
72941: 0.999301
72942: 0.999301
72943: 0.999301
72944: 0.999301
72945: 0.999301
72946: 0.999301
72947: 0.999301
72948: 0.999301
72949: 0.999301
72950: 0.999301
72951: 0.999301
72952: 0.999301
72953: 0.999301
72954: 0.999301
72955: 0.999301
72956: 0.999301
72957: 0.999301
72958: 0.999301
72959: 0.999301
72960: 0.999301
72961: 0.999301
72962: 0.999301
72963: 0.999301
72964: 0.999301
72965: 0.999301
72966: 0.999301
72967: 0.999301
72968: 0.999301
72969: 0.999301
72970: 0.999301
72971: 0.999301
72972: 0.999301
72973: 0.999301
72974: 0.999301
72975: 0.999301
72976: 0.999301
72977: 0.999301
72978: 0.999301
72979: 0.999301
72980: 0.999301
72981: 0.999301
72982: 0.999301
72983: 0.999301
72984: 0.999301
72985: 0.999301
72986: 0.999301
72987: 0.999301
72988: 0.999301
72989: 0.999301
72990: 0.999301
72991: 0.999301
72992: 0.999301
72993: 0.999301
72994: 0.999301
72995: 0.999301
72996: 0.999301
72997: 0.999301
72998: 0.999301
72999: 0.999301
73000: 0.999301
73001: 0.999301
73002: 0.999301
73003: 0.999301
73004: 0.999301
73005: 0.999301
73006: 0.999301
73007: 0.999301
73008: 0.999301
73009: 0.999301
73010: 0.999301
73011: 0.999301
73012: 0.999301
73013: 0.999302
73014: 0.999302
73015: 0.999302
73016: 0.999302
73017: 0.999302
73018: 0.999302
73019: 0.999302
73020: 0.999302
73021: 0.999302
73022: 0.999302
73023: 0.999302
73024: 0.999302
73025: 0.999302
73026: 0.999302
73027: 0.999302
73028: 0.999302
73029: 0.999302
73030: 0.999302
73031: 0.999302
73032: 0.999302
73033: 0.999302
73034: 0.999302
73035: 0.999302
73036: 0.999302
73037: 0.999302
73038: 0.999302
73039: 0.999302
73040: 0.999302
73041: 0.999302
73042: 0.999302
73043: 0.999302
73044: 0.999302
73045: 0.999302
73046: 0.999302
73047: 0.999302
73048: 0.999302
73049: 0.999302
73050: 0.999302
73051: 0.999302
73052: 0.999302
73053: 0.999302
73054: 0.999302
73055: 0.999302
73056: 0.999302
73057: 0.999302
73058: 0.999302
73059: 0.999302
73060: 0.999302
73061: 0.999302
73062: 0.999302
73063: 0.999302
73064: 0.999302
73065: 0.999302
73066: 0.999302
73067: 0.999302
73068: 0.999302
73069: 0.999302
73070: 0.999302
73071: 0.999302
73072: 0.999302
73073: 0.999302
73074: 0.999302
73075: 0.999302
73076: 0.999302
73077: 0.999302
73078: 0.999302
73079: 0.999302
73080: 0.999302
73081: 0.999302
73082: 0.999302
73083: 0.999302
73084: 0.999302
73085: 0.999302
73086: 0.999302
73087: 0.999302
73088: 0.999302
73089: 0.999302
73090: 0.999302
73091: 0.999302
73092: 0.999302
73093: 0.999302
73094: 0.999302
73095: 0.999302
73096: 0.999302
73097: 0.999302
73098: 0.999302
73099: 0.999302
73100: 0.999302
73101: 0.999302
73102: 0.999302
73103: 0.999302
73104: 0.999302
73105: 0.999302
73106: 0.999302
73107: 0.999302
73108: 0.999302
73109: 0.999302
73110: 0.999302
73111: 0.999302
73112: 0.999302
73113: 0.999302
73114: 0.999302
73115: 0.999302
73116: 0.999302
73117: 0.999302
73118: 0.999303
73119: 0.999303
73120: 0.999303
73121: 0.999303
73122: 0.999303
73123: 0.999303
73124: 0.999303
73125: 0.999303
73126: 0.999303
73127: 0.999303
73128: 0.999303
73129: 0.999303
73130: 0.999303
73131: 0.999303
73132: 0.999303
73133: 0.999303
73134: 0.999303
73135: 0.999303
73136: 0.999303
73137: 0.999303
73138: 0.999303
73139: 0.999303
73140: 0.999303
73141: 0.999303
73142: 0.999303
73143: 0.999303
73144: 0.999303
73145: 0.999303
73146: 0.999303
73147: 0.999303
73148: 0.999303
73149: 0.999303
73150: 0.999303
73151: 0.999303
73152: 0.999303
73153: 0.999303
73154: 0.999303
73155: 0.999303
73156: 0.999303
73157: 0.999303
73158: 0.999303
73159: 0.999303
73160: 0.999303
73161: 0.999303
73162: 0.999303
73163: 0.999303
73164: 0.999303
73165: 0.999303
73166: 0.999303
73167: 0.999303
73168: 0.999303
73169: 0.999303
73170: 0.999303
73171: 0.999303
73172: 0.999303
73173: 0.999303
73174: 0.999303
73175: 0.999303
73176: 0.999303
73177: 0.999303
73178: 0.999303
73179: 0.999303
73180: 0.999303
73181: 0.999303
73182: 0.999303
73183: 0.999303
73184: 0.999303
73185: 0.999303
73186: 0.999303
73187: 0.999303
73188: 0.999303
73189: 0.999303
73190: 0.999303
73191: 0.999303
73192: 0.999303
73193: 0.999303
73194: 0.999303
73195: 0.999303
73196: 0.999303
73197: 0.999303
73198: 0.999303
73199: 0.999303
73200: 0.999303
73201: 0.999303
73202: 0.999303
73203: 0.999303
73204: 0.999303
73205: 0.999303
73206: 0.999303
73207: 0.999303
73208: 0.999303
73209: 0.999303
73210: 0.999303
73211: 0.999303
73212: 0.999303
73213: 0.999303
73214: 0.999303
73215: 0.999303
73216: 0.999303
73217: 0.999303
73218: 0.999303
73219: 0.999303
73220: 0.999303
73221: 0.999303
73222: 0.999303
73223: 0.999304
73224: 0.999304
73225: 0.999304
73226: 0.999304
73227: 0.999304
73228: 0.999304
73229: 0.999304
73230: 0.999304
73231: 0.999304
73232: 0.999304
73233: 0.999304
73234: 0.999304
73235: 0.999304
73236: 0.999304
73237: 0.999304
73238: 0.999304
73239: 0.999304
73240: 0.999304
73241: 0.999304
73242: 0.999304
73243: 0.999304
73244: 0.999304
73245: 0.999304
73246: 0.999304
73247: 0.999304
73248: 0.999304
73249: 0.999304
73250: 0.999304
73251: 0.999304
73252: 0.999304
73253: 0.999304
73254: 0.999304
73255: 0.999304
73256: 0.999304
73257: 0.999304
73258: 0.999304
73259: 0.999304
73260: 0.999304
73261: 0.999304
73262: 0.999304
73263: 0.999304
73264: 0.999304
73265: 0.999304
73266: 0.999304
73267: 0.999304
73268: 0.999304
73269: 0.999304
73270: 0.999304
73271: 0.999304
73272: 0.999304
73273: 0.999304
73274: 0.999304
73275: 0.999304
73276: 0.999304
73277: 0.999304
73278: 0.999304
73279: 0.999304
73280: 0.999304
73281: 0.999304
73282: 0.999304
73283: 0.999304
73284: 0.999304
73285: 0.999304
73286: 0.999304
73287: 0.999304
73288: 0.999304
73289: 0.999304
73290: 0.999304
73291: 0.999304
73292: 0.999304
73293: 0.999304
73294: 0.999304
73295: 0.999304
73296: 0.999304
73297: 0.999304
73298: 0.999304
73299: 0.999304
73300: 0.999304
73301: 0.999304
73302: 0.999304
73303: 0.999304
73304: 0.999304
73305: 0.999304
73306: 0.999304
73307: 0.999304
73308: 0.999304
73309: 0.999304
73310: 0.999304
73311: 0.999304
73312: 0.999304
73313: 0.999304
73314: 0.999304
73315: 0.999304
73316: 0.999304
73317: 0.999304
73318: 0.999304
73319: 0.999304
73320: 0.999304
73321: 0.999304
73322: 0.999304
73323: 0.999304
73324: 0.999304
73325: 0.999304
73326: 0.999304
73327: 0.999304
73328: 0.999305
73329: 0.999305
73330: 0.999305
73331: 0.999305
73332: 0.999305
73333: 0.999305
73334: 0.999305
73335: 0.999305
73336: 0.999305
73337: 0.999305
73338: 0.999305
73339: 0.999305
73340: 0.999305
73341: 0.999305
73342: 0.999305
73343: 0.999305
73344: 0.999305
73345: 0.999305
73346: 0.999305
73347: 0.999305
73348: 0.999305
73349: 0.999305
73350: 0.999305
73351: 0.999305
73352: 0.999305
73353: 0.999305
73354: 0.999305
73355: 0.999305
73356: 0.999305
73357: 0.999305
73358: 0.999305
73359: 0.999305
73360: 0.999305
73361: 0.999305
73362: 0.999305
73363: 0.999305
73364: 0.999305
73365: 0.999305
73366: 0.999305
73367: 0.999305
73368: 0.999305
73369: 0.999305
73370: 0.999305
73371: 0.999305
73372: 0.999305
73373: 0.999305
73374: 0.999305
73375: 0.999305
73376: 0.999305
73377: 0.999305
73378: 0.999305
73379: 0.999305
73380: 0.999305
73381: 0.999305
73382: 0.999305
73383: 0.999305
73384: 0.999305
73385: 0.999305
73386: 0.999305
73387: 0.999305
73388: 0.999305
73389: 0.999305
73390: 0.999305
73391: 0.999305
73392: 0.999305
73393: 0.999305
73394: 0.999305
73395: 0.999305
73396: 0.999305
73397: 0.999305
73398: 0.999305
73399: 0.999305
73400: 0.999305
73401: 0.999305
73402: 0.999305
73403: 0.999305
73404: 0.999305
73405: 0.999305
73406: 0.999305
73407: 0.999305
73408: 0.999305
73409: 0.999305
73410: 0.999305
73411: 0.999305
73412: 0.999305
73413: 0.999305
73414: 0.999305
73415: 0.999305
73416: 0.999305
73417: 0.999305
73418: 0.999305
73419: 0.999305
73420: 0.999305
73421: 0.999305
73422: 0.999305
73423: 0.999305
73424: 0.999305
73425: 0.999305
73426: 0.999305
73427: 0.999305
73428: 0.999305
73429: 0.999305
73430: 0.999305
73431: 0.999305
73432: 0.999305
73433: 0.999305
73434: 0.999306
73435: 0.999306
73436: 0.999306
73437: 0.999306
73438: 0.999306
73439: 0.999306
73440: 0.999306
73441: 0.999306
73442: 0.999306
73443: 0.999306
73444: 0.999306
73445: 0.999306
73446: 0.999306
73447: 0.999306
73448: 0.999306
73449: 0.999306
73450: 0.999306
73451: 0.999306
73452: 0.999306
73453: 0.999306
73454: 0.999306
73455: 0.999306
73456: 0.999306
73457: 0.999306
73458: 0.999306
73459: 0.999306
73460: 0.999306
73461: 0.999306
73462: 0.999306
73463: 0.999306
73464: 0.999306
73465: 0.999306
73466: 0.999306
73467: 0.999306
73468: 0.999306
73469: 0.999306
73470: 0.999306
73471: 0.999306
73472: 0.999306
73473: 0.999306
73474: 0.999306
73475: 0.999306
73476: 0.999306
73477: 0.999306
73478: 0.999306
73479: 0.999306
73480: 0.999306
73481: 0.999306
73482: 0.999306
73483: 0.999306
73484: 0.999306
73485: 0.999306
73486: 0.999306
73487: 0.999306
73488: 0.999306
73489: 0.999306
73490: 0.999306
73491: 0.999306
73492: 0.999306
73493: 0.999306
73494: 0.999306
73495: 0.999306
73496: 0.999306
73497: 0.999306
73498: 0.999306
73499: 0.999306
73500: 0.999306
73501: 0.999306
73502: 0.999306
73503: 0.999306
73504: 0.999306
73505: 0.999306
73506: 0.999306
73507: 0.999306
73508: 0.999306
73509: 0.999306
73510: 0.999306
73511: 0.999306
73512: 0.999306
73513: 0.999306
73514: 0.999306
73515: 0.999306
73516: 0.999306
73517: 0.999306
73518: 0.999306
73519: 0.999306
73520: 0.999306
73521: 0.999306
73522: 0.999306
73523: 0.999306
73524: 0.999306
73525: 0.999306
73526: 0.999306
73527: 0.999306
73528: 0.999306
73529: 0.999306
73530: 0.999306
73531: 0.999306
73532: 0.999306
73533: 0.999306
73534: 0.999306
73535: 0.999306
73536: 0.999306
73537: 0.999306
73538: 0.999306
73539: 0.999306
73540: 0.999307
73541: 0.999307
73542: 0.999307
73543: 0.999307
73544: 0.999307
73545: 0.999307
73546: 0.999307
73547: 0.999307
73548: 0.999307
73549: 0.999307
73550: 0.999307
73551: 0.999307
73552: 0.999307
73553: 0.999307
73554: 0.999307
73555: 0.999307
73556: 0.999307
73557: 0.999307
73558: 0.999307
73559: 0.999307
73560: 0.999307
73561: 0.999307
73562: 0.999307
73563: 0.999307
73564: 0.999307
73565: 0.999307
73566: 0.999307
73567: 0.999307
73568: 0.999307
73569: 0.999307
73570: 0.999307
73571: 0.999307
73572: 0.999307
73573: 0.999307
73574: 0.999307
73575: 0.999307
73576: 0.999307
73577: 0.999307
73578: 0.999307
73579: 0.999307
73580: 0.999307
73581: 0.999307
73582: 0.999307
73583: 0.999307
73584: 0.999307
73585: 0.999307
73586: 0.999307
73587: 0.999307
73588: 0.999307
73589: 0.999307
73590: 0.999307
73591: 0.999307
73592: 0.999307
73593: 0.999307
73594: 0.999307
73595: 0.999307
73596: 0.999307
73597: 0.999307
73598: 0.999307
73599: 0.999307
73600: 0.999307
73601: 0.999307
73602: 0.999307
73603: 0.999307
73604: 0.999307
73605: 0.999307
73606: 0.999307
73607: 0.999307
73608: 0.999307
73609: 0.999307
73610: 0.999307
73611: 0.999307
73612: 0.999307
73613: 0.999307
73614: 0.999307
73615: 0.999307
73616: 0.999307
73617: 0.999307
73618: 0.999307
73619: 0.999307
73620: 0.999307
73621: 0.999307
73622: 0.999307
73623: 0.999307
73624: 0.999307
73625: 0.999307
73626: 0.999307
73627: 0.999307
73628: 0.999307
73629: 0.999307
73630: 0.999307
73631: 0.999307
73632: 0.999307
73633: 0.999307
73634: 0.999307
73635: 0.999307
73636: 0.999307
73637: 0.999307
73638: 0.999307
73639: 0.999307
73640: 0.999307
73641: 0.999307
73642: 0.999307
73643: 0.999307
73644: 0.999307
73645: 0.999307
73646: 0.999308
73647: 0.999308
73648: 0.999308
73649: 0.999308
73650: 0.999308
73651: 0.999308
73652: 0.999308
73653: 0.999308
73654: 0.999308
73655: 0.999308
73656: 0.999308
73657: 0.999308
73658: 0.999308
73659: 0.999308
73660: 0.999308
73661: 0.999308
73662: 0.999308
73663: 0.999308
73664: 0.999308
73665: 0.999308
73666: 0.999308
73667: 0.999308
73668: 0.999308
73669: 0.999308
73670: 0.999308
73671: 0.999308
73672: 0.999308
73673: 0.999308
73674: 0.999308
73675: 0.999308
73676: 0.999308
73677: 0.999308
73678: 0.999308
73679: 0.999308
73680: 0.999308
73681: 0.999308
73682: 0.999308
73683: 0.999308
73684: 0.999308
73685: 0.999308
73686: 0.999308
73687: 0.999308
73688: 0.999308
73689: 0.999308
73690: 0.999308
73691: 0.999308
73692: 0.999308
73693: 0.999308
73694: 0.999308
73695: 0.999308
73696: 0.999308
73697: 0.999308
73698: 0.999308
73699: 0.999308
73700: 0.999308
73701: 0.999308
73702: 0.999308
73703: 0.999308
73704: 0.999308
73705: 0.999308
73706: 0.999308
73707: 0.999308
73708: 0.999308
73709: 0.999308
73710: 0.999308
73711: 0.999308
73712: 0.999308
73713: 0.999308
73714: 0.999308
73715: 0.999308
73716: 0.999308
73717: 0.999308
73718: 0.999308
73719: 0.999308
73720: 0.999308
73721: 0.999308
73722: 0.999308
73723: 0.999308
73724: 0.999308
73725: 0.999308
73726: 0.999308
73727: 0.999308
73728: 0.999308
73729: 0.999308
73730: 0.999308
73731: 0.999308
73732: 0.999308
73733: 0.999308
73734: 0.999308
73735: 0.999308
73736: 0.999308
73737: 0.999308
73738: 0.999308
73739: 0.999308
73740: 0.999308
73741: 0.999308
73742: 0.999308
73743: 0.999308
73744: 0.999308
73745: 0.999308
73746: 0.999308
73747: 0.999308
73748: 0.999308
73749: 0.999308
73750: 0.999308
73751: 0.999308
73752: 0.999309
73753: 0.999309
73754: 0.999309
73755: 0.999309
73756: 0.999309
73757: 0.999309
73758: 0.999309
73759: 0.999309
73760: 0.999309
73761: 0.999309
73762: 0.999309
73763: 0.999309
73764: 0.999309
73765: 0.999309
73766: 0.999309
73767: 0.999309
73768: 0.999309
73769: 0.999309
73770: 0.999309
73771: 0.999309
73772: 0.999309
73773: 0.999309
73774: 0.999309
73775: 0.999309
73776: 0.999309
73777: 0.999309
73778: 0.999309
73779: 0.999309
73780: 0.999309
73781: 0.999309
73782: 0.999309
73783: 0.999309
73784: 0.999309
73785: 0.999309
73786: 0.999309
73787: 0.999309
73788: 0.999309
73789: 0.999309
73790: 0.999309
73791: 0.999309
73792: 0.999309
73793: 0.999309
73794: 0.999309
73795: 0.999309
73796: 0.999309
73797: 0.999309
73798: 0.999309
73799: 0.999309
73800: 0.999309
73801: 0.999309
73802: 0.999309
73803: 0.999309
73804: 0.999309
73805: 0.999309
73806: 0.999309
73807: 0.999309
73808: 0.999309
73809: 0.999309
73810: 0.999309
73811: 0.999309
73812: 0.999309
73813: 0.999309
73814: 0.999309
73815: 0.999309
73816: 0.999309
73817: 0.999309
73818: 0.999309
73819: 0.999309
73820: 0.999309
73821: 0.999309
73822: 0.999309
73823: 0.999309
73824: 0.999309
73825: 0.999309
73826: 0.999309
73827: 0.999309
73828: 0.999309
73829: 0.999309
73830: 0.999309
73831: 0.999309
73832: 0.999309
73833: 0.999309
73834: 0.999309
73835: 0.999309
73836: 0.999309
73837: 0.999309
73838: 0.999309
73839: 0.999309
73840: 0.999309
73841: 0.999309
73842: 0.999309
73843: 0.999309
73844: 0.999309
73845: 0.999309
73846: 0.999309
73847: 0.999309
73848: 0.999309
73849: 0.999309
73850: 0.999309
73851: 0.999309
73852: 0.999309
73853: 0.999309
73854: 0.999309
73855: 0.999309
73856: 0.999309
73857: 0.999309
73858: 0.999309
73859: 0.99931
73860: 0.99931
73861: 0.99931
73862: 0.99931
73863: 0.99931
73864: 0.99931
73865: 0.99931
73866: 0.99931
73867: 0.99931
73868: 0.99931
73869: 0.99931
73870: 0.99931
73871: 0.99931
73872: 0.99931
73873: 0.99931
73874: 0.99931
73875: 0.99931
73876: 0.99931
73877: 0.99931
73878: 0.99931
73879: 0.99931
73880: 0.99931
73881: 0.99931
73882: 0.99931
73883: 0.99931
73884: 0.99931
73885: 0.99931
73886: 0.99931
73887: 0.99931
73888: 0.99931
73889: 0.99931
73890: 0.99931
73891: 0.99931
73892: 0.99931
73893: 0.99931
73894: 0.99931
73895: 0.99931
73896: 0.99931
73897: 0.99931
73898: 0.99931
73899: 0.99931
73900: 0.99931
73901: 0.99931
73902: 0.99931
73903: 0.99931
73904: 0.99931
73905: 0.99931
73906: 0.99931
73907: 0.99931
73908: 0.99931
73909: 0.99931
73910: 0.99931
73911: 0.99931
73912: 0.99931
73913: 0.99931
73914: 0.99931
73915: 0.99931
73916: 0.99931
73917: 0.99931
73918: 0.99931
73919: 0.99931
73920: 0.99931
73921: 0.99931
73922: 0.99931
73923: 0.99931
73924: 0.99931
73925: 0.99931
73926: 0.99931
73927: 0.99931
73928: 0.99931
73929: 0.99931
73930: 0.99931
73931: 0.99931
73932: 0.99931
73933: 0.99931
73934: 0.99931
73935: 0.99931
73936: 0.99931
73937: 0.99931
73938: 0.99931
73939: 0.99931
73940: 0.99931
73941: 0.99931
73942: 0.99931
73943: 0.99931
73944: 0.99931
73945: 0.99931
73946: 0.99931
73947: 0.99931
73948: 0.99931
73949: 0.99931
73950: 0.99931
73951: 0.99931
73952: 0.99931
73953: 0.99931
73954: 0.99931
73955: 0.99931
73956: 0.99931
73957: 0.99931
73958: 0.99931
73959: 0.99931
73960: 0.99931
73961: 0.99931
73962: 0.99931
73963: 0.99931
73964: 0.99931
73965: 0.99931
73966: 0.999311
73967: 0.999311
73968: 0.999311
73969: 0.999311
73970: 0.999311
73971: 0.999311
73972: 0.999311
73973: 0.999311
73974: 0.999311
73975: 0.999311
73976: 0.999311
73977: 0.999311
73978: 0.999311
73979: 0.999311
73980: 0.999311
73981: 0.999311
73982: 0.999311
73983: 0.999311
73984: 0.999311
73985: 0.999311
73986: 0.999311
73987: 0.999311
73988: 0.999311
73989: 0.999311
73990: 0.999311
73991: 0.999311
73992: 0.999311
73993: 0.999311
73994: 0.999311
73995: 0.999311
73996: 0.999311
73997: 0.999311
73998: 0.999311
73999: 0.999311
74000: 0.999311
74001: 0.999311
74002: 0.999311
74003: 0.999311
74004: 0.999311
74005: 0.999311
74006: 0.999311
74007: 0.999311
74008: 0.999311
74009: 0.999311
74010: 0.999311
74011: 0.999311
74012: 0.999311
74013: 0.999311
74014: 0.999311
74015: 0.999311
74016: 0.999311
74017: 0.999311
74018: 0.999311
74019: 0.999311
74020: 0.999311
74021: 0.999311
74022: 0.999311
74023: 0.999311
74024: 0.999311
74025: 0.999311
74026: 0.999311
74027: 0.999311
74028: 0.999311
74029: 0.999311
74030: 0.999311
74031: 0.999311
74032: 0.999311
74033: 0.999311
74034: 0.999311
74035: 0.999311
74036: 0.999311
74037: 0.999311
74038: 0.999311
74039: 0.999311
74040: 0.999311
74041: 0.999311
74042: 0.999311
74043: 0.999311
74044: 0.999311
74045: 0.999311
74046: 0.999311
74047: 0.999311
74048: 0.999311
74049: 0.999311
74050: 0.999311
74051: 0.999311
74052: 0.999311
74053: 0.999311
74054: 0.999311
74055: 0.999311
74056: 0.999311
74057: 0.999311
74058: 0.999311
74059: 0.999311
74060: 0.999311
74061: 0.999311
74062: 0.999311
74063: 0.999311
74064: 0.999311
74065: 0.999311
74066: 0.999311
74067: 0.999311
74068: 0.999311
74069: 0.999311
74070: 0.999311
74071: 0.999311
74072: 0.999311
74073: 0.999311
74074: 0.999312
74075: 0.999312
74076: 0.999312
74077: 0.999312
74078: 0.999312
74079: 0.999312
74080: 0.999312
74081: 0.999312
74082: 0.999312
74083: 0.999312
74084: 0.999312
74085: 0.999312
74086: 0.999312
74087: 0.999312
74088: 0.999312
74089: 0.999312
74090: 0.999312
74091: 0.999312
74092: 0.999312
74093: 0.999312
74094: 0.999312
74095: 0.999312
74096: 0.999312
74097: 0.999312
74098: 0.999312
74099: 0.999312
74100: 0.999312
74101: 0.999312
74102: 0.999312
74103: 0.999312
74104: 0.999312
74105: 0.999312
74106: 0.999312
74107: 0.999312
74108: 0.999312
74109: 0.999312
74110: 0.999312
74111: 0.999312
74112: 0.999312
74113: 0.999312
74114: 0.999312
74115: 0.999312
74116: 0.999312
74117: 0.999312
74118: 0.999312
74119: 0.999312
74120: 0.999312
74121: 0.999312
74122: 0.999312
74123: 0.999312
74124: 0.999312
74125: 0.999312
74126: 0.999312
74127: 0.999312
74128: 0.999312
74129: 0.999312
74130: 0.999312
74131: 0.999312
74132: 0.999312
74133: 0.999312
74134: 0.999312
74135: 0.999312
74136: 0.999312
74137: 0.999312
74138: 0.999312
74139: 0.999312
74140: 0.999312
74141: 0.999312
74142: 0.999312
74143: 0.999312
74144: 0.999312
74145: 0.999312
74146: 0.999312
74147: 0.999312
74148: 0.999312
74149: 0.999312
74150: 0.999312
74151: 0.999312
74152: 0.999312
74153: 0.999312
74154: 0.999312
74155: 0.999312
74156: 0.999312
74157: 0.999312
74158: 0.999312
74159: 0.999312
74160: 0.999312
74161: 0.999312
74162: 0.999312
74163: 0.999312
74164: 0.999312
74165: 0.999312
74166: 0.999312
74167: 0.999312
74168: 0.999312
74169: 0.999312
74170: 0.999312
74171: 0.999312
74172: 0.999312
74173: 0.999312
74174: 0.999312
74175: 0.999312
74176: 0.999312
74177: 0.999312
74178: 0.999312
74179: 0.999312
74180: 0.999312
74181: 0.999313
74182: 0.999313
74183: 0.999313
74184: 0.999313
74185: 0.999313
74186: 0.999313
74187: 0.999313
74188: 0.999313
74189: 0.999313
74190: 0.999313
74191: 0.999313
74192: 0.999313
74193: 0.999313
74194: 0.999313
74195: 0.999313
74196: 0.999313
74197: 0.999313
74198: 0.999313
74199: 0.999313
74200: 0.999313
74201: 0.999313
74202: 0.999313
74203: 0.999313
74204: 0.999313
74205: 0.999313
74206: 0.999313
74207: 0.999313
74208: 0.999313
74209: 0.999313
74210: 0.999313
74211: 0.999313
74212: 0.999313
74213: 0.999313
74214: 0.999313
74215: 0.999313
74216: 0.999313
74217: 0.999313
74218: 0.999313
74219: 0.999313
74220: 0.999313
74221: 0.999313
74222: 0.999313
74223: 0.999313
74224: 0.999313
74225: 0.999313
74226: 0.999313
74227: 0.999313
74228: 0.999313
74229: 0.999313
74230: 0.999313
74231: 0.999313
74232: 0.999313
74233: 0.999313
74234: 0.999313
74235: 0.999313
74236: 0.999313
74237: 0.999313
74238: 0.999313
74239: 0.999313
74240: 0.999313
74241: 0.999313
74242: 0.999313
74243: 0.999313
74244: 0.999313
74245: 0.999313
74246: 0.999313
74247: 0.999313
74248: 0.999313
74249: 0.999313
74250: 0.999313
74251: 0.999313
74252: 0.999313
74253: 0.999313
74254: 0.999313
74255: 0.999313
74256: 0.999313
74257: 0.999313
74258: 0.999313
74259: 0.999313
74260: 0.999313
74261: 0.999313
74262: 0.999313
74263: 0.999313
74264: 0.999313
74265: 0.999313
74266: 0.999313
74267: 0.999313
74268: 0.999313
74269: 0.999313
74270: 0.999313
74271: 0.999313
74272: 0.999313
74273: 0.999313
74274: 0.999313
74275: 0.999313
74276: 0.999313
74277: 0.999313
74278: 0.999313
74279: 0.999313
74280: 0.999313
74281: 0.999313
74282: 0.999313
74283: 0.999313
74284: 0.999313
74285: 0.999313
74286: 0.999313
74287: 0.999313
74288: 0.999313
74289: 0.999314
74290: 0.999314
74291: 0.999314
74292: 0.999314
74293: 0.999314
74294: 0.999314
74295: 0.999314
74296: 0.999314
74297: 0.999314
74298: 0.999314
74299: 0.999314
74300: 0.999314
74301: 0.999314
74302: 0.999314
74303: 0.999314
74304: 0.999314
74305: 0.999314
74306: 0.999314
74307: 0.999314
74308: 0.999314
74309: 0.999314
74310: 0.999314
74311: 0.999314
74312: 0.999314
74313: 0.999314
74314: 0.999314
74315: 0.999314
74316: 0.999314
74317: 0.999314
74318: 0.999314
74319: 0.999314
74320: 0.999314
74321: 0.999314
74322: 0.999314
74323: 0.999314
74324: 0.999314
74325: 0.999314
74326: 0.999314
74327: 0.999314
74328: 0.999314
74329: 0.999314
74330: 0.999314
74331: 0.999314
74332: 0.999314
74333: 0.999314
74334: 0.999314
74335: 0.999314
74336: 0.999314
74337: 0.999314
74338: 0.999314
74339: 0.999314
74340: 0.999314
74341: 0.999314
74342: 0.999314
74343: 0.999314
74344: 0.999314
74345: 0.999314
74346: 0.999314
74347: 0.999314
74348: 0.999314
74349: 0.999314
74350: 0.999314
74351: 0.999314
74352: 0.999314
74353: 0.999314
74354: 0.999314
74355: 0.999314
74356: 0.999314
74357: 0.999314
74358: 0.999314
74359: 0.999314
74360: 0.999314
74361: 0.999314
74362: 0.999314
74363: 0.999314
74364: 0.999314
74365: 0.999314
74366: 0.999314
74367: 0.999314
74368: 0.999314
74369: 0.999314
74370: 0.999314
74371: 0.999314
74372: 0.999314
74373: 0.999314
74374: 0.999314
74375: 0.999314
74376: 0.999314
74377: 0.999314
74378: 0.999314
74379: 0.999314
74380: 0.999314
74381: 0.999314
74382: 0.999314
74383: 0.999314
74384: 0.999314
74385: 0.999314
74386: 0.999314
74387: 0.999314
74388: 0.999314
74389: 0.999314
74390: 0.999314
74391: 0.999314
74392: 0.999314
74393: 0.999314
74394: 0.999314
74395: 0.999314
74396: 0.999314
74397: 0.999314
74398: 0.999315
74399: 0.999315
74400: 0.999315
74401: 0.999315
74402: 0.999315
74403: 0.999315
74404: 0.999315
74405: 0.999315
74406: 0.999315
74407: 0.999315
74408: 0.999315
74409: 0.999315
74410: 0.999315
74411: 0.999315
74412: 0.999315
74413: 0.999315
74414: 0.999315
74415: 0.999315
74416: 0.999315
74417: 0.999315
74418: 0.999315
74419: 0.999315
74420: 0.999315
74421: 0.999315
74422: 0.999315
74423: 0.999315
74424: 0.999315
74425: 0.999315
74426: 0.999315
74427: 0.999315
74428: 0.999315
74429: 0.999315
74430: 0.999315
74431: 0.999315
74432: 0.999315
74433: 0.999315
74434: 0.999315
74435: 0.999315
74436: 0.999315
74437: 0.999315
74438: 0.999315
74439: 0.999315
74440: 0.999315
74441: 0.999315
74442: 0.999315
74443: 0.999315
74444: 0.999315
74445: 0.999315
74446: 0.999315
74447: 0.999315
74448: 0.999315
74449: 0.999315
74450: 0.999315
74451: 0.999315
74452: 0.999315
74453: 0.999315
74454: 0.999315
74455: 0.999315
74456: 0.999315
74457: 0.999315
74458: 0.999315
74459: 0.999315
74460: 0.999315
74461: 0.999315
74462: 0.999315
74463: 0.999315
74464: 0.999315
74465: 0.999315
74466: 0.999315
74467: 0.999315
74468: 0.999315
74469: 0.999315
74470: 0.999315
74471: 0.999315
74472: 0.999315
74473: 0.999315
74474: 0.999315
74475: 0.999315
74476: 0.999315
74477: 0.999315
74478: 0.999315
74479: 0.999315
74480: 0.999315
74481: 0.999315
74482: 0.999315
74483: 0.999315
74484: 0.999315
74485: 0.999315
74486: 0.999315
74487: 0.999315
74488: 0.999315
74489: 0.999315
74490: 0.999315
74491: 0.999315
74492: 0.999315
74493: 0.999315
74494: 0.999315
74495: 0.999315
74496: 0.999315
74497: 0.999315
74498: 0.999315
74499: 0.999315
74500: 0.999315
74501: 0.999315
74502: 0.999315
74503: 0.999315
74504: 0.999315
74505: 0.999315
74506: 0.999316
74507: 0.999316
74508: 0.999316
74509: 0.999316
74510: 0.999316
74511: 0.999316
74512: 0.999316
74513: 0.999316
74514: 0.999316
74515: 0.999316
74516: 0.999316
74517: 0.999316
74518: 0.999316
74519: 0.999316
74520: 0.999316
74521: 0.999316
74522: 0.999316
74523: 0.999316
74524: 0.999316
74525: 0.999316
74526: 0.999316
74527: 0.999316
74528: 0.999316
74529: 0.999316
74530: 0.999316
74531: 0.999316
74532: 0.999316
74533: 0.999316
74534: 0.999316
74535: 0.999316
74536: 0.999316
74537: 0.999316
74538: 0.999316
74539: 0.999316
74540: 0.999316
74541: 0.999316
74542: 0.999316
74543: 0.999316
74544: 0.999316
74545: 0.999316
74546: 0.999316
74547: 0.999316
74548: 0.999316
74549: 0.999316
74550: 0.999316
74551: 0.999316
74552: 0.999316
74553: 0.999316
74554: 0.999316
74555: 0.999316
74556: 0.999316
74557: 0.999316
74558: 0.999316
74559: 0.999316
74560: 0.999316
74561: 0.999316
74562: 0.999316
74563: 0.999316
74564: 0.999316
74565: 0.999316
74566: 0.999316
74567: 0.999316
74568: 0.999316
74569: 0.999316
74570: 0.999316
74571: 0.999316
74572: 0.999316
74573: 0.999316
74574: 0.999316
74575: 0.999316
74576: 0.999316
74577: 0.999316
74578: 0.999316
74579: 0.999316
74580: 0.999316
74581: 0.999316
74582: 0.999316
74583: 0.999316
74584: 0.999316
74585: 0.999316
74586: 0.999316
74587: 0.999316
74588: 0.999316
74589: 0.999316
74590: 0.999316
74591: 0.999316
74592: 0.999316
74593: 0.999316
74594: 0.999316
74595: 0.999316
74596: 0.999316
74597: 0.999316
74598: 0.999316
74599: 0.999316
74600: 0.999316
74601: 0.999316
74602: 0.999316
74603: 0.999316
74604: 0.999316
74605: 0.999316
74606: 0.999316
74607: 0.999316
74608: 0.999316
74609: 0.999316
74610: 0.999316
74611: 0.999316
74612: 0.999316
74613: 0.999316
74614: 0.999316
74615: 0.999317
74616: 0.999317
74617: 0.999317
74618: 0.999317
74619: 0.999317
74620: 0.999317
74621: 0.999317
74622: 0.999317
74623: 0.999317
74624: 0.999317
74625: 0.999317
74626: 0.999317
74627: 0.999317
74628: 0.999317
74629: 0.999317
74630: 0.999317
74631: 0.999317
74632: 0.999317
74633: 0.999317
74634: 0.999317
74635: 0.999317
74636: 0.999317
74637: 0.999317
74638: 0.999317
74639: 0.999317
74640: 0.999317
74641: 0.999317
74642: 0.999317
74643: 0.999317
74644: 0.999317
74645: 0.999317
74646: 0.999317
74647: 0.999317
74648: 0.999317
74649: 0.999317
74650: 0.999317
74651: 0.999317
74652: 0.999317
74653: 0.999317
74654: 0.999317
74655: 0.999317
74656: 0.999317
74657: 0.999317
74658: 0.999317
74659: 0.999317
74660: 0.999317
74661: 0.999317
74662: 0.999317
74663: 0.999317
74664: 0.999317
74665: 0.999317
74666: 0.999317
74667: 0.999317
74668: 0.999317
74669: 0.999317
74670: 0.999317
74671: 0.999317
74672: 0.999317
74673: 0.999317
74674: 0.999317
74675: 0.999317
74676: 0.999317
74677: 0.999317
74678: 0.999317
74679: 0.999317
74680: 0.999317
74681: 0.999317
74682: 0.999317
74683: 0.999317
74684: 0.999317
74685: 0.999317
74686: 0.999317
74687: 0.999317
74688: 0.999317
74689: 0.999317
74690: 0.999317
74691: 0.999317
74692: 0.999317
74693: 0.999317
74694: 0.999317
74695: 0.999317
74696: 0.999317
74697: 0.999317
74698: 0.999317
74699: 0.999317
74700: 0.999317
74701: 0.999317
74702: 0.999317
74703: 0.999317
74704: 0.999317
74705: 0.999317
74706: 0.999317
74707: 0.999317
74708: 0.999317
74709: 0.999317
74710: 0.999317
74711: 0.999317
74712: 0.999317
74713: 0.999317
74714: 0.999317
74715: 0.999317
74716: 0.999317
74717: 0.999317
74718: 0.999317
74719: 0.999317
74720: 0.999317
74721: 0.999317
74722: 0.999317
74723: 0.999317
74724: 0.999317
74725: 0.999318
74726: 0.999318
74727: 0.999318
74728: 0.999318
74729: 0.999318
74730: 0.999318
74731: 0.999318
74732: 0.999318
74733: 0.999318
74734: 0.999318
74735: 0.999318
74736: 0.999318
74737: 0.999318
74738: 0.999318
74739: 0.999318
74740: 0.999318
74741: 0.999318
74742: 0.999318
74743: 0.999318
74744: 0.999318
74745: 0.999318
74746: 0.999318
74747: 0.999318
74748: 0.999318
74749: 0.999318
74750: 0.999318
74751: 0.999318
74752: 0.999318
74753: 0.999318
74754: 0.999318
74755: 0.999318
74756: 0.999318
74757: 0.999318
74758: 0.999318
74759: 0.999318
74760: 0.999318
74761: 0.999318
74762: 0.999318
74763: 0.999318
74764: 0.999318
74765: 0.999318
74766: 0.999318
74767: 0.999318
74768: 0.999318
74769: 0.999318
74770: 0.999318
74771: 0.999318
74772: 0.999318
74773: 0.999318
74774: 0.999318
74775: 0.999318
74776: 0.999318
74777: 0.999318
74778: 0.999318
74779: 0.999318
74780: 0.999318
74781: 0.999318
74782: 0.999318
74783: 0.999318
74784: 0.999318
74785: 0.999318
74786: 0.999318
74787: 0.999318
74788: 0.999318
74789: 0.999318
74790: 0.999318
74791: 0.999318
74792: 0.999318
74793: 0.999318
74794: 0.999318
74795: 0.999318
74796: 0.999318
74797: 0.999318
74798: 0.999318
74799: 0.999318
74800: 0.999318
74801: 0.999318
74802: 0.999318
74803: 0.999318
74804: 0.999318
74805: 0.999318
74806: 0.999318
74807: 0.999318
74808: 0.999318
74809: 0.999318
74810: 0.999318
74811: 0.999318
74812: 0.999318
74813: 0.999318
74814: 0.999318
74815: 0.999318
74816: 0.999318
74817: 0.999318
74818: 0.999318
74819: 0.999318
74820: 0.999318
74821: 0.999318
74822: 0.999318
74823: 0.999318
74824: 0.999318
74825: 0.999318
74826: 0.999318
74827: 0.999318
74828: 0.999318
74829: 0.999318
74830: 0.999318
74831: 0.999318
74832: 0.999318
74833: 0.999318
74834: 0.999319
74835: 0.999319
74836: 0.999319
74837: 0.999319
74838: 0.999319
74839: 0.999319
74840: 0.999319
74841: 0.999319
74842: 0.999319
74843: 0.999319
74844: 0.999319
74845: 0.999319
74846: 0.999319
74847: 0.999319
74848: 0.999319
74849: 0.999319
74850: 0.999319
74851: 0.999319
74852: 0.999319
74853: 0.999319
74854: 0.999319
74855: 0.999319
74856: 0.999319
74857: 0.999319
74858: 0.999319
74859: 0.999319
74860: 0.999319
74861: 0.999319
74862: 0.999319
74863: 0.999319
74864: 0.999319
74865: 0.999319
74866: 0.999319
74867: 0.999319
74868: 0.999319
74869: 0.999319
74870: 0.999319
74871: 0.999319
74872: 0.999319
74873: 0.999319
74874: 0.999319
74875: 0.999319
74876: 0.999319
74877: 0.999319
74878: 0.999319
74879: 0.999319
74880: 0.999319
74881: 0.999319
74882: 0.999319
74883: 0.999319
74884: 0.999319
74885: 0.999319
74886: 0.999319
74887: 0.999319
74888: 0.999319
74889: 0.999319
74890: 0.999319
74891: 0.999319
74892: 0.999319
74893: 0.999319
74894: 0.999319
74895: 0.999319
74896: 0.999319
74897: 0.999319
74898: 0.999319
74899: 0.999319
74900: 0.999319
74901: 0.999319
74902: 0.999319
74903: 0.999319
74904: 0.999319
74905: 0.999319
74906: 0.999319
74907: 0.999319
74908: 0.999319
74909: 0.999319
74910: 0.999319
74911: 0.999319
74912: 0.999319
74913: 0.999319
74914: 0.999319
74915: 0.999319
74916: 0.999319
74917: 0.999319
74918: 0.999319
74919: 0.999319
74920: 0.999319
74921: 0.999319
74922: 0.999319
74923: 0.999319
74924: 0.999319
74925: 0.999319
74926: 0.999319
74927: 0.999319
74928: 0.999319
74929: 0.999319
74930: 0.999319
74931: 0.999319
74932: 0.999319
74933: 0.999319
74934: 0.999319
74935: 0.999319
74936: 0.999319
74937: 0.999319
74938: 0.999319
74939: 0.999319
74940: 0.999319
74941: 0.999319
74942: 0.999319
74943: 0.999319
74944: 0.99932
74945: 0.99932
74946: 0.99932
74947: 0.99932
74948: 0.99932
74949: 0.99932
74950: 0.99932
74951: 0.99932
74952: 0.99932
74953: 0.99932
74954: 0.99932
74955: 0.99932
74956: 0.99932
74957: 0.99932
74958: 0.99932
74959: 0.99932
74960: 0.99932
74961: 0.99932
74962: 0.99932
74963: 0.99932
74964: 0.99932
74965: 0.99932
74966: 0.99932
74967: 0.99932
74968: 0.99932
74969: 0.99932
74970: 0.99932
74971: 0.99932
74972: 0.99932
74973: 0.99932
74974: 0.99932
74975: 0.99932
74976: 0.99932
74977: 0.99932
74978: 0.99932
74979: 0.99932
74980: 0.99932
74981: 0.99932
74982: 0.99932
74983: 0.99932
74984: 0.99932
74985: 0.99932
74986: 0.99932
74987: 0.99932
74988: 0.99932
74989: 0.99932
74990: 0.99932
74991: 0.99932
74992: 0.99932
74993: 0.99932
74994: 0.99932
74995: 0.99932
74996: 0.99932
74997: 0.99932
74998: 0.99932
74999: 0.99932
75000: 0.99932
75001: 0.99932
75002: 0.99932
75003: 0.99932
75004: 0.99932
75005: 0.99932
75006: 0.99932
75007: 0.99932
75008: 0.99932
75009: 0.99932
75010: 0.99932
75011: 0.99932
75012: 0.99932
75013: 0.99932
75014: 0.99932
75015: 0.99932
75016: 0.99932
75017: 0.99932
75018: 0.99932
75019: 0.99932
75020: 0.99932
75021: 0.99932
75022: 0.99932
75023: 0.99932
75024: 0.99932
75025: 0.99932
75026: 0.99932
75027: 0.99932
75028: 0.99932
75029: 0.99932
75030: 0.99932
75031: 0.99932
75032: 0.99932
75033: 0.99932
75034: 0.99932
75035: 0.99932
75036: 0.99932
75037: 0.99932
75038: 0.99932
75039: 0.99932
75040: 0.99932
75041: 0.99932
75042: 0.99932
75043: 0.99932
75044: 0.99932
75045: 0.99932
75046: 0.99932
75047: 0.99932
75048: 0.99932
75049: 0.99932
75050: 0.99932
75051: 0.99932
75052: 0.99932
75053: 0.99932
75054: 0.99932
75055: 0.999321
75056: 0.999321
75057: 0.999321
75058: 0.999321
75059: 0.999321
75060: 0.999321
75061: 0.999321
75062: 0.999321
75063: 0.999321
75064: 0.999321
75065: 0.999321
75066: 0.999321
75067: 0.999321
75068: 0.999321
75069: 0.999321
75070: 0.999321
75071: 0.999321
75072: 0.999321
75073: 0.999321
75074: 0.999321
75075: 0.999321
75076: 0.999321
75077: 0.999321
75078: 0.999321
75079: 0.999321
75080: 0.999321
75081: 0.999321
75082: 0.999321
75083: 0.999321
75084: 0.999321
75085: 0.999321
75086: 0.999321
75087: 0.999321
75088: 0.999321
75089: 0.999321
75090: 0.999321
75091: 0.999321
75092: 0.999321
75093: 0.999321
75094: 0.999321
75095: 0.999321
75096: 0.999321
75097: 0.999321
75098: 0.999321
75099: 0.999321
75100: 0.999321
75101: 0.999321
75102: 0.999321
75103: 0.999321
75104: 0.999321
75105: 0.999321
75106: 0.999321
75107: 0.999321
75108: 0.999321
75109: 0.999321
75110: 0.999321
75111: 0.999321
75112: 0.999321
75113: 0.999321
75114: 0.999321
75115: 0.999321
75116: 0.999321
75117: 0.999321
75118: 0.999321
75119: 0.999321
75120: 0.999321
75121: 0.999321
75122: 0.999321
75123: 0.999321
75124: 0.999321
75125: 0.999321
75126: 0.999321
75127: 0.999321
75128: 0.999321
75129: 0.999321
75130: 0.999321
75131: 0.999321
75132: 0.999321
75133: 0.999321
75134: 0.999321
75135: 0.999321
75136: 0.999321
75137: 0.999321
75138: 0.999321
75139: 0.999321
75140: 0.999321
75141: 0.999321
75142: 0.999321
75143: 0.999321
75144: 0.999321
75145: 0.999321
75146: 0.999321
75147: 0.999321
75148: 0.999321
75149: 0.999321
75150: 0.999321
75151: 0.999321
75152: 0.999321
75153: 0.999321
75154: 0.999321
75155: 0.999321
75156: 0.999321
75157: 0.999321
75158: 0.999321
75159: 0.999321
75160: 0.999321
75161: 0.999321
75162: 0.999321
75163: 0.999321
75164: 0.999321
75165: 0.999322
75166: 0.999322
75167: 0.999322
75168: 0.999322
75169: 0.999322
75170: 0.999322
75171: 0.999322
75172: 0.999322
75173: 0.999322
75174: 0.999322
75175: 0.999322
75176: 0.999322
75177: 0.999322
75178: 0.999322
75179: 0.999322
75180: 0.999322
75181: 0.999322
75182: 0.999322
75183: 0.999322
75184: 0.999322
75185: 0.999322
75186: 0.999322
75187: 0.999322
75188: 0.999322
75189: 0.999322
75190: 0.999322
75191: 0.999322
75192: 0.999322
75193: 0.999322
75194: 0.999322
75195: 0.999322
75196: 0.999322
75197: 0.999322
75198: 0.999322
75199: 0.999322
75200: 0.999322
75201: 0.999322
75202: 0.999322
75203: 0.999322
75204: 0.999322
75205: 0.999322
75206: 0.999322
75207: 0.999322
75208: 0.999322
75209: 0.999322
75210: 0.999322
75211: 0.999322
75212: 0.999322
75213: 0.999322
75214: 0.999322
75215: 0.999322
75216: 0.999322
75217: 0.999322
75218: 0.999322
75219: 0.999322
75220: 0.999322
75221: 0.999322
75222: 0.999322
75223: 0.999322
75224: 0.999322
75225: 0.999322
75226: 0.999322
75227: 0.999322
75228: 0.999322
75229: 0.999322
75230: 0.999322
75231: 0.999322
75232: 0.999322
75233: 0.999322
75234: 0.999322
75235: 0.999322
75236: 0.999322
75237: 0.999322
75238: 0.999322
75239: 0.999322
75240: 0.999322
75241: 0.999322
75242: 0.999322
75243: 0.999322
75244: 0.999322
75245: 0.999322
75246: 0.999322
75247: 0.999322
75248: 0.999322
75249: 0.999322
75250: 0.999322
75251: 0.999322
75252: 0.999322
75253: 0.999322
75254: 0.999322
75255: 0.999322
75256: 0.999322
75257: 0.999322
75258: 0.999322
75259: 0.999322
75260: 0.999322
75261: 0.999322
75262: 0.999322
75263: 0.999322
75264: 0.999322
75265: 0.999322
75266: 0.999322
75267: 0.999322
75268: 0.999322
75269: 0.999322
75270: 0.999322
75271: 0.999322
75272: 0.999322
75273: 0.999322
75274: 0.999322
75275: 0.999322
75276: 0.999323
75277: 0.999323
75278: 0.999323
75279: 0.999323
75280: 0.999323
75281: 0.999323
75282: 0.999323
75283: 0.999323
75284: 0.999323
75285: 0.999323
75286: 0.999323
75287: 0.999323
75288: 0.999323
75289: 0.999323
75290: 0.999323
75291: 0.999323
75292: 0.999323
75293: 0.999323
75294: 0.999323
75295: 0.999323
75296: 0.999323
75297: 0.999323
75298: 0.999323
75299: 0.999323
75300: 0.999323
75301: 0.999323
75302: 0.999323
75303: 0.999323
75304: 0.999323
75305: 0.999323
75306: 0.999323
75307: 0.999323
75308: 0.999323
75309: 0.999323
75310: 0.999323
75311: 0.999323
75312: 0.999323
75313: 0.999323
75314: 0.999323
75315: 0.999323
75316: 0.999323
75317: 0.999323
75318: 0.999323
75319: 0.999323
75320: 0.999323
75321: 0.999323
75322: 0.999323
75323: 0.999323
75324: 0.999323
75325: 0.999323
75326: 0.999323
75327: 0.999323
75328: 0.999323
75329: 0.999323
75330: 0.999323
75331: 0.999323
75332: 0.999323
75333: 0.999323
75334: 0.999323
75335: 0.999323
75336: 0.999323
75337: 0.999323
75338: 0.999323
75339: 0.999323
75340: 0.999323
75341: 0.999323
75342: 0.999323
75343: 0.999323
75344: 0.999323
75345: 0.999323
75346: 0.999323
75347: 0.999323
75348: 0.999323
75349: 0.999323
75350: 0.999323
75351: 0.999323
75352: 0.999323
75353: 0.999323
75354: 0.999323
75355: 0.999323
75356: 0.999323
75357: 0.999323
75358: 0.999323
75359: 0.999323
75360: 0.999323
75361: 0.999323
75362: 0.999323
75363: 0.99931
75364: 0.999297
75365: 0.999283
75366: 0.999284
75367: 0.999284
75368: 0.999284
75369: 0.999284
75370: 0.999284
75371: 0.999284
75372: 0.999284
75373: 0.999284
75374: 0.999284
75375: 0.999284
75376: 0.999284
75377: 0.999284
75378: 0.999284
75379: 0.999284
75380: 0.999284
75381: 0.999284
75382: 0.999284
75383: 0.999284
75384: 0.999284
75385: 0.999284
75386: 0.999284
75387: 0.999284
75388: 0.999284
75389: 0.999284
75390: 0.999284
75391: 0.999284
75392: 0.999284
75393: 0.999284
75394: 0.999284
75395: 0.999284
75396: 0.999284
75397: 0.999284
75398: 0.999284
75399: 0.999284
75400: 0.999284
75401: 0.999284
75402: 0.999284
75403: 0.999284
75404: 0.999284
75405: 0.999284
75406: 0.999284
75407: 0.999284
75408: 0.999284
75409: 0.999284
75410: 0.999284
75411: 0.999284
75412: 0.999284
75413: 0.999284
75414: 0.999284
75415: 0.999284
75416: 0.999284
75417: 0.999284
75418: 0.999284
75419: 0.999284
75420: 0.999284
75421: 0.999284
75422: 0.999284
75423: 0.999284
75424: 0.999284
75425: 0.999284
75426: 0.999284
75427: 0.999284
75428: 0.999284
75429: 0.999284
75430: 0.999284
75431: 0.999284
75432: 0.999284
75433: 0.999284
75434: 0.999284
75435: 0.999284
75436: 0.999284
75437: 0.999284
75438: 0.999284
75439: 0.999284
75440: 0.999284
75441: 0.999284
75442: 0.999284
75443: 0.999284
75444: 0.999284
75445: 0.999284
75446: 0.999284
75447: 0.999284
75448: 0.999284
75449: 0.999284
75450: 0.999284
75451: 0.999284
75452: 0.999284
75453: 0.999284
75454: 0.999284
75455: 0.999284
75456: 0.999284
75457: 0.999284
75458: 0.999284
75459: 0.999284
75460: 0.999284
75461: 0.999284
75462: 0.999284
75463: 0.999284
75464: 0.999284
75465: 0.999284
75466: 0.999284
75467: 0.999284
75468: 0.999284
75469: 0.999284
75470: 0.999284
75471: 0.999285
75472: 0.999285
75473: 0.999285
75474: 0.999285
75475: 0.999285
75476: 0.999285
75477: 0.999285
75478: 0.999285
75479: 0.999285
75480: 0.999285
75481: 0.999285
75482: 0.999285
75483: 0.999285
75484: 0.999285
75485: 0.999285
75486: 0.999285
75487: 0.999285
75488: 0.999285
75489: 0.999285
75490: 0.999285
75491: 0.999285
75492: 0.999285
75493: 0.999285
75494: 0.999285
75495: 0.999285
75496: 0.999285
75497: 0.999285
75498: 0.999285
75499: 0.999285
75500: 0.999285
75501: 0.999285
75502: 0.999285
75503: 0.999285
75504: 0.999285
75505: 0.999285
75506: 0.999285
75507: 0.999285
75508: 0.999285
75509: 0.999285
75510: 0.999285
75511: 0.999285
75512: 0.999285
75513: 0.999285
75514: 0.999285
75515: 0.999285
75516: 0.999285
75517: 0.999285
75518: 0.999285
75519: 0.999285
75520: 0.999285
75521: 0.999285
75522: 0.999285
75523: 0.999285
75524: 0.999285
75525: 0.999285
75526: 0.999285
75527: 0.999285
75528: 0.999285
75529: 0.999285
75530: 0.999285
75531: 0.999285
75532: 0.999285
75533: 0.999285
75534: 0.999285
75535: 0.999285
75536: 0.999285
75537: 0.999285
75538: 0.999285
75539: 0.999285
75540: 0.999285
75541: 0.999285
75542: 0.999285
75543: 0.999285
75544: 0.999285
75545: 0.999285
75546: 0.999285
75547: 0.999285
75548: 0.999285
75549: 0.999285
75550: 0.999285
75551: 0.999285
75552: 0.999285
75553: 0.999285
75554: 0.999285
75555: 0.999285
75556: 0.999285
75557: 0.999285
75558: 0.999285
75559: 0.999285
75560: 0.999285
75561: 0.999285
75562: 0.999285
75563: 0.999285
75564: 0.999285
75565: 0.999285
75566: 0.999285
75567: 0.999285
75568: 0.999285
75569: 0.999285
75570: 0.999285
75571: 0.999285
75572: 0.999285
75573: 0.999285
75574: 0.999285
75575: 0.999285
75576: 0.999285
75577: 0.999286
75578: 0.999286
75579: 0.999286
75580: 0.999286
75581: 0.999286
75582: 0.999286
75583: 0.999286
75584: 0.999286
75585: 0.999286
75586: 0.999286
75587: 0.999286
75588: 0.999286
75589: 0.999286
75590: 0.999286
75591: 0.999286
75592: 0.999286
75593: 0.999286
75594: 0.999286
75595: 0.999286
75596: 0.999286
75597: 0.999286
75598: 0.999286
75599: 0.999286
75600: 0.999286
75601: 0.999286
75602: 0.999286
75603: 0.999286
75604: 0.999286
75605: 0.999286
75606: 0.999286
75607: 0.999286
75608: 0.999286
75609: 0.999286
75610: 0.999286
75611: 0.999286
75612: 0.999286
75613: 0.999286
75614: 0.999286
75615: 0.999286
75616: 0.999286
75617: 0.999286
75618: 0.999286
75619: 0.999286
75620: 0.999286
75621: 0.999286
75622: 0.999286
75623: 0.999286
75624: 0.999286
75625: 0.999286
75626: 0.999286
75627: 0.999286
75628: 0.999286
75629: 0.999286
75630: 0.999286
75631: 0.999286
75632: 0.999286
75633: 0.999286
75634: 0.999286
75635: 0.999286
75636: 0.999286
75637: 0.999286
75638: 0.999286
75639: 0.999286
75640: 0.999286
75641: 0.999286
75642: 0.999286
75643: 0.999286
75644: 0.999286
75645: 0.999286
75646: 0.999286
75647: 0.999286
75648: 0.999286
75649: 0.999286
75650: 0.999286
75651: 0.999286
75652: 0.999286
75653: 0.999286
75654: 0.999286
75655: 0.999286
75656: 0.999286
75657: 0.999286
75658: 0.999286
75659: 0.999286
75660: 0.999286
75661: 0.999286
75662: 0.999286
75663: 0.999286
75664: 0.999286
75665: 0.999286
75666: 0.999286
75667: 0.999286
75668: 0.999286
75669: 0.999286
75670: 0.999286
75671: 0.999286
75672: 0.999286
75673: 0.999286
75674: 0.999286
75675: 0.999286
75676: 0.999286
75677: 0.999286
75678: 0.999286
75679: 0.999286
75680: 0.999286
75681: 0.999286
75682: 0.999286
75683: 0.999287
75684: 0.999287
75685: 0.999287
75686: 0.999287
75687: 0.999287
75688: 0.999287
75689: 0.999287
75690: 0.999287
75691: 0.999287
75692: 0.999287
75693: 0.999287
75694: 0.999287
75695: 0.999287
75696: 0.999287
75697: 0.999287
75698: 0.999287
75699: 0.999287
75700: 0.999287
75701: 0.999287
75702: 0.999287
75703: 0.999287
75704: 0.999287
75705: 0.999287
75706: 0.999287
75707: 0.999287
75708: 0.999287
75709: 0.999287
75710: 0.999287
75711: 0.999287
75712: 0.999287
75713: 0.999287
75714: 0.999287
75715: 0.999287
75716: 0.999287
75717: 0.999287
75718: 0.999287
75719: 0.999287
75720: 0.999287
75721: 0.999287
75722: 0.999287
75723: 0.999287
75724: 0.999287
75725: 0.999287
75726: 0.999287
75727: 0.999287
75728: 0.999287
75729: 0.999287
75730: 0.999287
75731: 0.999287
75732: 0.999287
75733: 0.999287
75734: 0.999287
75735: 0.999287
75736: 0.999287
75737: 0.999287
75738: 0.999287
75739: 0.999287
75740: 0.999287
75741: 0.999287
75742: 0.999287
75743: 0.999287
75744: 0.999287
75745: 0.999287
75746: 0.999287
75747: 0.999287
75748: 0.999287
75749: 0.999287
75750: 0.999287
75751: 0.999287
75752: 0.999287
75753: 0.999287
75754: 0.999287
75755: 0.999287
75756: 0.999287
75757: 0.999287
75758: 0.999287
75759: 0.999287
75760: 0.999287
75761: 0.999287
75762: 0.999287
75763: 0.999287
75764: 0.999287
75765: 0.999287
75766: 0.999287
75767: 0.999287
75768: 0.999287
75769: 0.999287
75770: 0.999287
75771: 0.999287
75772: 0.999287
75773: 0.999287
75774: 0.999287
75775: 0.999287
75776: 0.999287
75777: 0.999287
75778: 0.999287
75779: 0.999287
75780: 0.999287
75781: 0.999287
75782: 0.999287
75783: 0.999287
75784: 0.999287
75785: 0.999287
75786: 0.999287
75787: 0.999287
75788: 0.999287
75789: 0.999288
75790: 0.999288
75791: 0.999288
75792: 0.999288
75793: 0.999288
75794: 0.999288
75795: 0.999288
75796: 0.999288
75797: 0.999288
75798: 0.999288
75799: 0.999288
75800: 0.999288
75801: 0.999288
75802: 0.999288
75803: 0.999288
75804: 0.999288
75805: 0.999288
75806: 0.999288
75807: 0.999288
75808: 0.999288
75809: 0.999288
75810: 0.999288
75811: 0.999288
75812: 0.999288
75813: 0.999288
75814: 0.999288
75815: 0.999288
75816: 0.999288
75817: 0.999288
75818: 0.999288
75819: 0.999288
75820: 0.999288
75821: 0.999288
75822: 0.999288
75823: 0.999288
75824: 0.999288
75825: 0.999288
75826: 0.999288
75827: 0.999288
75828: 0.999288
75829: 0.999288
75830: 0.999288
75831: 0.999288
75832: 0.999288
75833: 0.999288
75834: 0.999288
75835: 0.999288
75836: 0.999288
75837: 0.999288
75838: 0.999288
75839: 0.999288
75840: 0.999288
75841: 0.999288
75842: 0.999288
75843: 0.999288
75844: 0.999288
75845: 0.999288
75846: 0.999288
75847: 0.999288
75848: 0.999288
75849: 0.999288
75850: 0.999288
75851: 0.999288
75852: 0.999288
75853: 0.999288
75854: 0.999288
75855: 0.999288
75856: 0.999288
75857: 0.999288
75858: 0.999288
75859: 0.999288
75860: 0.999288
75861: 0.999288
75862: 0.999288
75863: 0.999288
75864: 0.999288
75865: 0.999288
75866: 0.999288
75867: 0.999288
75868: 0.999288
75869: 0.999288
75870: 0.999288
75871: 0.999288
75872: 0.999288
75873: 0.999288
75874: 0.999288
75875: 0.999288
75876: 0.999288
75877: 0.999288
75878: 0.999288
75879: 0.999288
75880: 0.999288
75881: 0.999288
75882: 0.999288
75883: 0.999288
75884: 0.999288
75885: 0.999288
75886: 0.999288
75887: 0.999288
75888: 0.999288
75889: 0.999288
75890: 0.999288
75891: 0.999288
75892: 0.999288
75893: 0.999288
75894: 0.999288
75895: 0.999289
75896: 0.999289
75897: 0.999289
75898: 0.999289
75899: 0.999289
75900: 0.999289
75901: 0.999289
75902: 0.999289
75903: 0.999289
75904: 0.999289
75905: 0.999289
75906: 0.999289
75907: 0.999289
75908: 0.999289
75909: 0.999289
75910: 0.999289
75911: 0.999289
75912: 0.999289
75913: 0.999289
75914: 0.999289
75915: 0.999289
75916: 0.999289
75917: 0.999289
75918: 0.999289
75919: 0.999289
75920: 0.999289
75921: 0.999289
75922: 0.999289
75923: 0.999289
75924: 0.999289
75925: 0.999289
75926: 0.999289
75927: 0.999289
75928: 0.999289
75929: 0.999289
75930: 0.999289
75931: 0.999289
75932: 0.999289
75933: 0.999289
75934: 0.999289
75935: 0.999289
75936: 0.999289
75937: 0.999289
75938: 0.999289
75939: 0.999289
75940: 0.999289
75941: 0.999289
75942: 0.999289
75943: 0.999289
75944: 0.999289
75945: 0.999289
75946: 0.999289
75947: 0.999289
75948: 0.999289
75949: 0.999289
75950: 0.999289
75951: 0.999289
75952: 0.999289
75953: 0.999289
75954: 0.999289
75955: 0.999289
75956: 0.999289
75957: 0.999289
75958: 0.999289
75959: 0.999289
75960: 0.999289
75961: 0.999289
75962: 0.999289
75963: 0.999289
75964: 0.999289
75965: 0.999289
75966: 0.999289
75967: 0.999289
75968: 0.999289
75969: 0.999289
75970: 0.999289
75971: 0.999289
75972: 0.999289
75973: 0.999289
75974: 0.999289
75975: 0.999289
75976: 0.999289
75977: 0.999289
75978: 0.999289
75979: 0.999289
75980: 0.999289
75981: 0.999289
75982: 0.999289
75983: 0.999289
75984: 0.999289
75985: 0.999289
75986: 0.999289
75987: 0.999289
75988: 0.999289
75989: 0.999289
75990: 0.999289
75991: 0.999289
75992: 0.999289
75993: 0.999289
75994: 0.999289
75995: 0.999289
75996: 0.999289
75997: 0.999289
75998: 0.999289
75999: 0.999289
76000: 0.999289
76001: 0.999289
76002: 0.99929
76003: 0.99929
76004: 0.99929
76005: 0.99929
76006: 0.99929
76007: 0.99929
76008: 0.99929
76009: 0.99929
76010: 0.99929
76011: 0.99929
76012: 0.99929
76013: 0.99929
76014: 0.99929
76015: 0.99929
76016: 0.99929
76017: 0.99929
76018: 0.99929
76019: 0.99929
76020: 0.99929
76021: 0.99929
76022: 0.99929
76023: 0.99929
76024: 0.99929
76025: 0.99929
76026: 0.99929
76027: 0.99929
76028: 0.99929
76029: 0.99929
76030: 0.99929
76031: 0.99929
76032: 0.99929
76033: 0.99929
76034: 0.99929
76035: 0.99929
76036: 0.99929
76037: 0.99929
76038: 0.99929
76039: 0.99929
76040: 0.99929
76041: 0.99929
76042: 0.99929
76043: 0.99929
76044: 0.99929
76045: 0.99929
76046: 0.99929
76047: 0.99929
76048: 0.99929
76049: 0.99929
76050: 0.99929
76051: 0.99929
76052: 0.99929
76053: 0.99929
76054: 0.99929
76055: 0.99929
76056: 0.99929
76057: 0.99929
76058: 0.99929
76059: 0.99929
76060: 0.99929
76061: 0.99929
76062: 0.99929
76063: 0.99929
76064: 0.99929
76065: 0.99929
76066: 0.99929
76067: 0.99929
76068: 0.99929
76069: 0.99929
76070: 0.99929
76071: 0.99929
76072: 0.99929
76073: 0.99929
76074: 0.99929
76075: 0.99929
76076: 0.99929
76077: 0.99929
76078: 0.99929
76079: 0.99929
76080: 0.99929
76081: 0.99929
76082: 0.99929
76083: 0.99929
76084: 0.99929
76085: 0.99929
76086: 0.99929
76087: 0.99929
76088: 0.99929
76089: 0.99929
76090: 0.99929
76091: 0.99929
76092: 0.99929
76093: 0.99929
76094: 0.99929
76095: 0.99929
76096: 0.99929
76097: 0.99929
76098: 0.99929
76099: 0.99929
76100: 0.99929
76101: 0.99929
76102: 0.99929
76103: 0.99929
76104: 0.99929
76105: 0.99929
76106: 0.99929
76107: 0.99929
76108: 0.99929
76109: 0.999291
76110: 0.999291
76111: 0.999291
76112: 0.999291
76113: 0.999291
76114: 0.999291
76115: 0.999291
76116: 0.999291
76117: 0.999291
76118: 0.999291
76119: 0.999291
76120: 0.999291
76121: 0.999291
76122: 0.999291
76123: 0.999291
76124: 0.999291
76125: 0.999291
76126: 0.999291
76127: 0.999291
76128: 0.999291
76129: 0.999291
76130: 0.999291
76131: 0.999291
76132: 0.999291
76133: 0.999291
76134: 0.999291
76135: 0.999291
76136: 0.999291
76137: 0.999291
76138: 0.999291
76139: 0.999291
76140: 0.999291
76141: 0.999291
76142: 0.999291
76143: 0.999291
76144: 0.999291
76145: 0.999291
76146: 0.999291
76147: 0.999291
76148: 0.999291
76149: 0.999291
76150: 0.999291
76151: 0.999291
76152: 0.999291
76153: 0.999291
76154: 0.999291
76155: 0.999291
76156: 0.999291
76157: 0.999291
76158: 0.999291
76159: 0.999291
76160: 0.999291
76161: 0.999291
76162: 0.999291
76163: 0.999291
76164: 0.999291
76165: 0.999291
76166: 0.999291
76167: 0.999291
76168: 0.999291
76169: 0.999291
76170: 0.999291
76171: 0.999291
76172: 0.999291
76173: 0.999291
76174: 0.999291
76175: 0.999291
76176: 0.999291
76177: 0.999291
76178: 0.999291
76179: 0.999291
76180: 0.999291
76181: 0.999291
76182: 0.999291
76183: 0.999291
76184: 0.999291
76185: 0.999291
76186: 0.999291
76187: 0.999291
76188: 0.999291
76189: 0.999291
76190: 0.999291
76191: 0.999291
76192: 0.999291
76193: 0.999291
76194: 0.999291
76195: 0.999291
76196: 0.999291
76197: 0.999291
76198: 0.999291
76199: 0.999291
76200: 0.999291
76201: 0.999291
76202: 0.999291
76203: 0.999291
76204: 0.999291
76205: 0.999291
76206: 0.999291
76207: 0.999291
76208: 0.999291
76209: 0.999291
76210: 0.999291
76211: 0.999291
76212: 0.999291
76213: 0.999291
76214: 0.999291
76215: 0.999291
76216: 0.999291
76217: 0.999292
76218: 0.999292
76219: 0.999292
76220: 0.999292
76221: 0.999292
76222: 0.999292
76223: 0.999292
76224: 0.999292
76225: 0.999292
76226: 0.999292
76227: 0.999292
76228: 0.999292
76229: 0.999292
76230: 0.999292
76231: 0.999292
76232: 0.999292
76233: 0.999292
76234: 0.999292
76235: 0.999292
76236: 0.999292
76237: 0.999292
76238: 0.999292
76239: 0.999292
76240: 0.999292
76241: 0.999292
76242: 0.999292
76243: 0.999292
76244: 0.999292
76245: 0.999292
76246: 0.999292
76247: 0.999292
76248: 0.999292
76249: 0.999292
76250: 0.999292
76251: 0.999292
76252: 0.999292
76253: 0.999292
76254: 0.999292
76255: 0.999292
76256: 0.999292
76257: 0.999292
76258: 0.999292
76259: 0.999292
76260: 0.999292
76261: 0.999292
76262: 0.999292
76263: 0.999292
76264: 0.999292
76265: 0.999292
76266: 0.999292
76267: 0.999292
76268: 0.999292
76269: 0.999292
76270: 0.999292
76271: 0.999292
76272: 0.999292
76273: 0.999292
76274: 0.999292
76275: 0.999292
76276: 0.999292
76277: 0.999292
76278: 0.999292
76279: 0.999292
76280: 0.999292
76281: 0.999292
76282: 0.999292
76283: 0.999292
76284: 0.999292
76285: 0.999292
76286: 0.999292
76287: 0.999292
76288: 0.999292
76289: 0.999292
76290: 0.999292
76291: 0.999292
76292: 0.999292
76293: 0.999292
76294: 0.999292
76295: 0.999292
76296: 0.999292
76297: 0.999292
76298: 0.999292
76299: 0.999292
76300: 0.999292
76301: 0.999292
76302: 0.999292
76303: 0.999292
76304: 0.999292
76305: 0.999292
76306: 0.999292
76307: 0.999292
76308: 0.999292
76309: 0.999292
76310: 0.999292
76311: 0.999292
76312: 0.999292
76313: 0.999292
76314: 0.999292
76315: 0.999292
76316: 0.999292
76317: 0.999292
76318: 0.999292
76319: 0.999292
76320: 0.999292
76321: 0.999292
76322: 0.999292
76323: 0.999292
76324: 0.999292
76325: 0.999293
76326: 0.999293
76327: 0.999293
76328: 0.999293
76329: 0.999293
76330: 0.999293
76331: 0.999293
76332: 0.999293
76333: 0.999293
76334: 0.999293
76335: 0.999293
76336: 0.999293
76337: 0.999293
76338: 0.999293
76339: 0.999293
76340: 0.999293
76341: 0.999293
76342: 0.999293
76343: 0.999293
76344: 0.999293
76345: 0.999293
76346: 0.999293
76347: 0.999293
76348: 0.999293
76349: 0.999293
76350: 0.999293
76351: 0.999293
76352: 0.999293
76353: 0.999293
76354: 0.999293
76355: 0.999293
76356: 0.999293
76357: 0.999293
76358: 0.999293
76359: 0.999293
76360: 0.999293
76361: 0.999293
76362: 0.999293
76363: 0.999293
76364: 0.999293
76365: 0.999293
76366: 0.999293
76367: 0.999293
76368: 0.999293
76369: 0.999293
76370: 0.999293
76371: 0.999293
76372: 0.999293
76373: 0.999293
76374: 0.999293
76375: 0.999293
76376: 0.999293
76377: 0.999293
76378: 0.999293
76379: 0.999293
76380: 0.999293
76381: 0.999293
76382: 0.999293
76383: 0.999293
76384: 0.999293
76385: 0.999293
76386: 0.999293
76387: 0.999293
76388: 0.999293
76389: 0.999293
76390: 0.999293
76391: 0.999293
76392: 0.999293
76393: 0.999293
76394: 0.999293
76395: 0.999293
76396: 0.999293
76397: 0.999293
76398: 0.999293
76399: 0.999293
76400: 0.999293
76401: 0.999293
76402: 0.999293
76403: 0.999293
76404: 0.999293
76405: 0.999293
76406: 0.999293
76407: 0.999293
76408: 0.999293
76409: 0.999293
76410: 0.999293
76411: 0.999293
76412: 0.999293
76413: 0.999293
76414: 0.999293
76415: 0.999293
76416: 0.999293
76417: 0.999293
76418: 0.999293
76419: 0.999293
76420: 0.999293
76421: 0.999293
76422: 0.999293
76423: 0.999293
76424: 0.999293
76425: 0.999293
76426: 0.999293
76427: 0.999293
76428: 0.999293
76429: 0.999293
76430: 0.999293
76431: 0.999293
76432: 0.999293
76433: 0.999294
76434: 0.999294
76435: 0.999294
76436: 0.999294
76437: 0.999294
76438: 0.999294
76439: 0.999294
76440: 0.999294
76441: 0.999294
76442: 0.999294
76443: 0.999294
76444: 0.999294
76445: 0.999294
76446: 0.999294
76447: 0.999294
76448: 0.999294
76449: 0.999294
76450: 0.999294
76451: 0.999294
76452: 0.999294
76453: 0.999294
76454: 0.999294
76455: 0.999294
76456: 0.999294
76457: 0.999294
76458: 0.999294
76459: 0.999294
76460: 0.999294
76461: 0.999294
76462: 0.999294
76463: 0.999294
76464: 0.999294
76465: 0.999294
76466: 0.999294
76467: 0.999294
76468: 0.999294
76469: 0.999294
76470: 0.999294
76471: 0.999294
76472: 0.999294
76473: 0.999294
76474: 0.999294
76475: 0.999294
76476: 0.999294
76477: 0.999294
76478: 0.999294
76479: 0.999294
76480: 0.999294
76481: 0.999294
76482: 0.999294
76483: 0.999294
76484: 0.999294
76485: 0.999294
76486: 0.999294
76487: 0.999294
76488: 0.999294
76489: 0.999294
76490: 0.999294
76491: 0.999294
76492: 0.999294
76493: 0.999294
76494: 0.999294
76495: 0.999294
76496: 0.999294
76497: 0.999294
76498: 0.999294
76499: 0.999294
76500: 0.999294
76501: 0.999294
76502: 0.999294
76503: 0.999294
76504: 0.999294
76505: 0.999294
76506: 0.999294
76507: 0.999294
76508: 0.999294
76509: 0.999294
76510: 0.999294
76511: 0.999294
76512: 0.999294
76513: 0.999294
76514: 0.999294
76515: 0.999294
76516: 0.999294
76517: 0.999294
76518: 0.999294
76519: 0.999294
76520: 0.999294
76521: 0.999294
76522: 0.999294
76523: 0.999294
76524: 0.999294
76525: 0.999294
76526: 0.999294
76527: 0.999294
76528: 0.999294
76529: 0.999294
76530: 0.999294
76531: 0.999294
76532: 0.999294
76533: 0.999294
76534: 0.999294
76535: 0.999294
76536: 0.999294
76537: 0.999294
76538: 0.999294
76539: 0.999294
76540: 0.999294
76541: 0.999295
76542: 0.999295
76543: 0.999295
76544: 0.999295
76545: 0.999295
76546: 0.999295
76547: 0.999295
76548: 0.999295
76549: 0.999295
76550: 0.999295
76551: 0.999295
76552: 0.999295
76553: 0.999295
76554: 0.999295
76555: 0.999295
76556: 0.999295
76557: 0.999295
76558: 0.999295
76559: 0.999295
76560: 0.999295
76561: 0.999295
76562: 0.999295
76563: 0.999295
76564: 0.999295
76565: 0.999295
76566: 0.999295
76567: 0.999295
76568: 0.999295
76569: 0.999295
76570: 0.999295
76571: 0.999295
76572: 0.999295
76573: 0.999295
76574: 0.999295
76575: 0.999295
76576: 0.999295
76577: 0.999295
76578: 0.999295
76579: 0.999295
76580: 0.999295
76581: 0.999295
76582: 0.999295
76583: 0.999295
76584: 0.999295
76585: 0.999295
76586: 0.999295
76587: 0.999295
76588: 0.999295
76589: 0.999295
76590: 0.999295
76591: 0.999295
76592: 0.999295
76593: 0.999295
76594: 0.999295
76595: 0.999295
76596: 0.999295
76597: 0.999295
76598: 0.999295
76599: 0.999295
76600: 0.999295
76601: 0.999295
76602: 0.999295
76603: 0.999295
76604: 0.999295
76605: 0.999295
76606: 0.999295
76607: 0.999295
76608: 0.999295
76609: 0.999295
76610: 0.999295
76611: 0.999295
76612: 0.999295
76613: 0.999295
76614: 0.999295
76615: 0.999295
76616: 0.999295
76617: 0.999295
76618: 0.999295
76619: 0.999295
76620: 0.999295
76621: 0.999295
76622: 0.999295
76623: 0.999295
76624: 0.999295
76625: 0.999295
76626: 0.999295
76627: 0.999295
76628: 0.999295
76629: 0.999295
76630: 0.999295
76631: 0.999295
76632: 0.999295
76633: 0.999295
76634: 0.999295
76635: 0.999295
76636: 0.999295
76637: 0.999295
76638: 0.999295
76639: 0.999295
76640: 0.999295
76641: 0.999295
76642: 0.999295
76643: 0.999295
76644: 0.999295
76645: 0.999295
76646: 0.999295
76647: 0.999295
76648: 0.999295
76649: 0.999295
76650: 0.999296
76651: 0.999296
76652: 0.999296
76653: 0.999296
76654: 0.999296
76655: 0.999296
76656: 0.999296
76657: 0.999296
76658: 0.999296
76659: 0.999296
76660: 0.999296
76661: 0.999296
76662: 0.999296
76663: 0.999296
76664: 0.999296
76665: 0.999296
76666: 0.999296
76667: 0.999296
76668: 0.999296
76669: 0.999296
76670: 0.999296
76671: 0.999296
76672: 0.999296
76673: 0.999296
76674: 0.999296
76675: 0.999296
76676: 0.999296
76677: 0.999296
76678: 0.999296
76679: 0.999296
76680: 0.999296
76681: 0.999296
76682: 0.999296
76683: 0.999296
76684: 0.999296
76685: 0.999296
76686: 0.999296
76687: 0.999296
76688: 0.999296
76689: 0.999296
76690: 0.999296
76691: 0.999296
76692: 0.999296
76693: 0.999296
76694: 0.999296
76695: 0.999296
76696: 0.999296
76697: 0.999296
76698: 0.999296
76699: 0.999296
76700: 0.999296
76701: 0.999296
76702: 0.999296
76703: 0.999296
76704: 0.999296
76705: 0.999296
76706: 0.999296
76707: 0.999296
76708: 0.999296
76709: 0.999296
76710: 0.999296
76711: 0.999296
76712: 0.999296
76713: 0.999296
76714: 0.999296
76715: 0.999296
76716: 0.999296
76717: 0.999296
76718: 0.999296
76719: 0.999296
76720: 0.999296
76721: 0.999296
76722: 0.999296
76723: 0.999296
76724: 0.999296
76725: 0.999296
76726: 0.999296
76727: 0.999296
76728: 0.999296
76729: 0.999296
76730: 0.999296
76731: 0.999296
76732: 0.999296
76733: 0.999296
76734: 0.999296
76735: 0.999296
76736: 0.999296
76737: 0.999296
76738: 0.999296
76739: 0.999296
76740: 0.999296
76741: 0.999296
76742: 0.999296
76743: 0.999296
76744: 0.999296
76745: 0.999296
76746: 0.999296
76747: 0.999296
76748: 0.999296
76749: 0.999296
76750: 0.999296
76751: 0.999296
76752: 0.999296
76753: 0.999296
76754: 0.999296
76755: 0.999296
76756: 0.999296
76757: 0.999296
76758: 0.999296
76759: 0.999297
76760: 0.999297
76761: 0.999297
76762: 0.999297
76763: 0.999297
76764: 0.999297
76765: 0.999297
76766: 0.999297
76767: 0.999297
76768: 0.999297
76769: 0.999297
76770: 0.999297
76771: 0.999297
76772: 0.999297
76773: 0.999297
76774: 0.999297
76775: 0.999297
76776: 0.999297
76777: 0.999297
76778: 0.999297
76779: 0.999297
76780: 0.999297
76781: 0.999297
76782: 0.999297
76783: 0.999297
76784: 0.999297
76785: 0.999297
76786: 0.999297
76787: 0.999297
76788: 0.999297
76789: 0.999297
76790: 0.999297
76791: 0.999297
76792: 0.999297
76793: 0.999297
76794: 0.999297
76795: 0.999297
76796: 0.999297
76797: 0.999297
76798: 0.999297
76799: 0.999297
76800: 0.999297
76801: 0.999297
76802: 0.999297
76803: 0.999297
76804: 0.999297
76805: 0.999297
76806: 0.999297
76807: 0.999297
76808: 0.999297
76809: 0.999297
76810: 0.999297
76811: 0.999297
76812: 0.999297
76813: 0.999297
76814: 0.999297
76815: 0.999297
76816: 0.999297
76817: 0.999297
76818: 0.999297
76819: 0.999297
76820: 0.999297
76821: 0.999297
76822: 0.999297
76823: 0.999297
76824: 0.999297
76825: 0.999297
76826: 0.999297
76827: 0.999297
76828: 0.999297
76829: 0.999297
76830: 0.999297
76831: 0.999297
76832: 0.999297
76833: 0.999297
76834: 0.999297
76835: 0.999297
76836: 0.999297
76837: 0.999297
76838: 0.999297
76839: 0.999297
76840: 0.999297
76841: 0.999297
76842: 0.999297
76843: 0.999297
76844: 0.999297
76845: 0.999297
76846: 0.999297
76847: 0.999297
76848: 0.999297
76849: 0.999297
76850: 0.999297
76851: 0.999297
76852: 0.999297
76853: 0.999297
76854: 0.999297
76855: 0.999297
76856: 0.999297
76857: 0.999297
76858: 0.999297
76859: 0.999297
76860: 0.999297
76861: 0.999297
76862: 0.999297
76863: 0.999297
76864: 0.999297
76865: 0.999297
76866: 0.999297
76867: 0.999297
76868: 0.999298
76869: 0.999298
76870: 0.999298
76871: 0.999298
76872: 0.999298
76873: 0.999298
76874: 0.999298
76875: 0.999298
76876: 0.999298
76877: 0.999298
76878: 0.999298
76879: 0.999298
76880: 0.999298
76881: 0.999298
76882: 0.999298
76883: 0.999298
76884: 0.999298
76885: 0.999298
76886: 0.999298
76887: 0.999298
76888: 0.999298
76889: 0.999298
76890: 0.999298
76891: 0.999298
76892: 0.999298
76893: 0.999298
76894: 0.999298
76895: 0.999298
76896: 0.999298
76897: 0.999298
76898: 0.999298
76899: 0.999298
76900: 0.999298
76901: 0.999298
76902: 0.999298
76903: 0.999298
76904: 0.999298
76905: 0.999298
76906: 0.999298
76907: 0.999298
76908: 0.999298
76909: 0.999298
76910: 0.999298
76911: 0.999298
76912: 0.999298
76913: 0.999298
76914: 0.999298
76915: 0.999298
76916: 0.999298
76917: 0.999298
76918: 0.999298
76919: 0.999298
76920: 0.999298
76921: 0.999298
76922: 0.999298
76923: 0.999298
76924: 0.999298
76925: 0.999298
76926: 0.999298
76927: 0.999298
76928: 0.999298
76929: 0.999298
76930: 0.999298
76931: 0.999298
76932: 0.999298
76933: 0.999298
76934: 0.999298
76935: 0.999298
76936: 0.999298
76937: 0.999298
76938: 0.999298
76939: 0.999298
76940: 0.999298
76941: 0.999298
76942: 0.999298
76943: 0.999298
76944: 0.999298
76945: 0.999298
76946: 0.999298
76947: 0.999298
76948: 0.999298
76949: 0.999298
76950: 0.999298
76951: 0.999298
76952: 0.999298
76953: 0.999298
76954: 0.999298
76955: 0.999298
76956: 0.999298
76957: 0.999298
76958: 0.999298
76959: 0.999298
76960: 0.999298
76961: 0.999298
76962: 0.999298
76963: 0.999298
76964: 0.999298
76965: 0.999298
76966: 0.999298
76967: 0.999298
76968: 0.999298
76969: 0.999298
76970: 0.999298
76971: 0.999298
76972: 0.999298
76973: 0.999298
76974: 0.999298
76975: 0.999298
76976: 0.999298
76977: 0.999299
76978: 0.999299
76979: 0.999299
76980: 0.999299
76981: 0.999299
76982: 0.999299
76983: 0.999299
76984: 0.999299
76985: 0.999299
76986: 0.999299
76987: 0.999299
76988: 0.999299
76989: 0.999299
76990: 0.999299
76991: 0.999299
76992: 0.999299
76993: 0.999299
76994: 0.999299
76995: 0.999299
76996: 0.999299
76997: 0.999299
76998: 0.999299
76999: 0.999299
77000: 0.999299
77001: 0.999299
77002: 0.999299
77003: 0.999299
77004: 0.999299
77005: 0.999299
77006: 0.999299
77007: 0.999299
77008: 0.999299
77009: 0.999299
77010: 0.999299
77011: 0.999299
77012: 0.999299
77013: 0.999299
77014: 0.999299
77015: 0.999299
77016: 0.999299
77017: 0.999299
77018: 0.999299
77019: 0.999299
77020: 0.999299
77021: 0.999299
77022: 0.999299
77023: 0.999299
77024: 0.999299
77025: 0.999299
77026: 0.999299
77027: 0.999299
77028: 0.999299
77029: 0.999299
77030: 0.999299
77031: 0.999299
77032: 0.999299
77033: 0.999299
77034: 0.999299
77035: 0.999299
77036: 0.999299
77037: 0.999299
77038: 0.999299
77039: 0.999299
77040: 0.999299
77041: 0.999299
77042: 0.999299
77043: 0.999299
77044: 0.999299
77045: 0.999299
77046: 0.999299
77047: 0.999299
77048: 0.999299
77049: 0.999299
77050: 0.999299
77051: 0.999299
77052: 0.999299
77053: 0.999299
77054: 0.999299
77055: 0.999299
77056: 0.999299
77057: 0.999299
77058: 0.999299
77059: 0.999299
77060: 0.999299
77061: 0.999299
77062: 0.999299
77063: 0.999299
77064: 0.999299
77065: 0.999299
77066: 0.999299
77067: 0.999299
77068: 0.999299
77069: 0.999299
77070: 0.999299
77071: 0.999299
77072: 0.999299
77073: 0.999299
77074: 0.999299
77075: 0.999299
77076: 0.999299
77077: 0.999299
77078: 0.999299
77079: 0.999299
77080: 0.999299
77081: 0.999299
77082: 0.999299
77083: 0.999299
77084: 0.999299
77085: 0.999299
77086: 0.999299
77087: 0.9993
77088: 0.9993
77089: 0.9993
77090: 0.9993
77091: 0.9993
77092: 0.9993
77093: 0.9993
77094: 0.9993
77095: 0.9993
77096: 0.9993
77097: 0.9993
77098: 0.9993
77099: 0.9993
77100: 0.9993
77101: 0.9993
77102: 0.9993
77103: 0.9993
77104: 0.9993
77105: 0.9993
77106: 0.9993
77107: 0.9993
77108: 0.9993
77109: 0.9993
77110: 0.9993
77111: 0.9993
77112: 0.9993
77113: 0.9993
77114: 0.9993
77115: 0.9993
77116: 0.9993
77117: 0.9993
77118: 0.9993
77119: 0.9993
77120: 0.9993
77121: 0.9993
77122: 0.9993
77123: 0.9993
77124: 0.9993
77125: 0.9993
77126: 0.9993
77127: 0.9993
77128: 0.9993
77129: 0.9993
77130: 0.9993
77131: 0.9993
77132: 0.9993
77133: 0.9993
77134: 0.9993
77135: 0.9993
77136: 0.9993
77137: 0.9993
77138: 0.9993
77139: 0.9993
77140: 0.9993
77141: 0.9993
77142: 0.9993
77143: 0.9993
77144: 0.9993
77145: 0.9993
77146: 0.9993
77147: 0.9993
77148: 0.9993
77149: 0.9993
77150: 0.9993
77151: 0.9993
77152: 0.9993
77153: 0.9993
77154: 0.9993
77155: 0.9993
77156: 0.9993
77157: 0.9993
77158: 0.9993
77159: 0.9993
77160: 0.9993
77161: 0.9993
77162: 0.9993
77163: 0.9993
77164: 0.9993
77165: 0.9993
77166: 0.9993
77167: 0.9993
77168: 0.9993
77169: 0.9993
77170: 0.9993
77171: 0.9993
77172: 0.9993
77173: 0.9993
77174: 0.9993
77175: 0.9993
77176: 0.9993
77177: 0.9993
77178: 0.9993
77179: 0.9993
77180: 0.9993
77181: 0.9993
77182: 0.9993
77183: 0.9993
77184: 0.9993
77185: 0.9993
77186: 0.9993
77187: 0.9993
77188: 0.9993
77189: 0.9993
77190: 0.9993
77191: 0.9993
77192: 0.9993
77193: 0.9993
77194: 0.9993
77195: 0.9993
77196: 0.9993
77197: 0.999301
77198: 0.999301
77199: 0.999301
77200: 0.999301
77201: 0.999301
77202: 0.999301
77203: 0.999301
77204: 0.999301
77205: 0.999301
77206: 0.999301
77207: 0.999301
77208: 0.999301
77209: 0.999301
77210: 0.999301
77211: 0.999301
77212: 0.999301
77213: 0.999301
77214: 0.999288
77215: 0.999275
77216: 0.999275
77217: 0.999275
77218: 0.999275
77219: 0.999275
77220: 0.999275
77221: 0.999275
77222: 0.999275
77223: 0.999275
77224: 0.999275
77225: 0.999275
77226: 0.999275
77227: 0.999275
77228: 0.999275
77229: 0.999275
77230: 0.999275
77231: 0.999275
77232: 0.999275
77233: 0.999275
77234: 0.999275
77235: 0.999275
77236: 0.999275
77237: 0.999275
77238: 0.999275
77239: 0.999275
77240: 0.999275
77241: 0.999275
77242: 0.999275
77243: 0.999275
77244: 0.999275
77245: 0.999275
77246: 0.999275
77247: 0.999275
77248: 0.999275
77249: 0.999275
77250: 0.999275
77251: 0.999275
77252: 0.999275
77253: 0.999275
77254: 0.999275
77255: 0.999275
77256: 0.999275
77257: 0.999275
77258: 0.999275
77259: 0.999275
77260: 0.999275
77261: 0.999275
77262: 0.999275
77263: 0.999275
77264: 0.999275
77265: 0.999275
77266: 0.999275
77267: 0.999275
77268: 0.999275
77269: 0.999275
77270: 0.999275
77271: 0.999275
77272: 0.999275
77273: 0.999275
77274: 0.999275
77275: 0.999275
77276: 0.999275
77277: 0.999275
77278: 0.999275
77279: 0.999275
77280: 0.999275
77281: 0.999275
77282: 0.999275
77283: 0.999275
77284: 0.999275
77285: 0.999275
77286: 0.999275
77287: 0.999275
77288: 0.999275
77289: 0.999275
77290: 0.999275
77291: 0.999275
77292: 0.999275
77293: 0.999275
77294: 0.999276
77295: 0.999276
77296: 0.999276
77297: 0.999276
77298: 0.999276
77299: 0.999276
77300: 0.999276
77301: 0.999276
77302: 0.999276
77303: 0.999276
77304: 0.999276
77305: 0.999276
77306: 0.999276
77307: 0.999276
77308: 0.999276
77309: 0.999276
77310: 0.999276
77311: 0.999276
77312: 0.999276
77313: 0.999276
77314: 0.999276
77315: 0.999276
77316: 0.999276
77317: 0.999276
77318: 0.999276
77319: 0.999276
77320: 0.999276
77321: 0.999276
77322: 0.999276
77323: 0.999276
77324: 0.999276
77325: 0.999276
77326: 0.999276
77327: 0.999276
77328: 0.999276
77329: 0.999276
77330: 0.999276
77331: 0.999276
77332: 0.999276
77333: 0.999276
77334: 0.999276
77335: 0.999276
77336: 0.999276
77337: 0.999276
77338: 0.999276
77339: 0.999276
77340: 0.999276
77341: 0.999276
77342: 0.999276
77343: 0.999276
77344: 0.999276
77345: 0.999276
77346: 0.999276
77347: 0.999276
77348: 0.999276
77349: 0.999276
77350: 0.999276
77351: 0.999276
77352: 0.999276
77353: 0.999276
77354: 0.999276
77355: 0.999276
77356: 0.999276
77357: 0.999276
77358: 0.999276
77359: 0.999276
77360: 0.999276
77361: 0.999276
77362: 0.999276
77363: 0.999276
77364: 0.999276
77365: 0.999276
77366: 0.999276
77367: 0.999276
77368: 0.999276
77369: 0.999276
77370: 0.999276
77371: 0.999276
77372: 0.999276
77373: 0.999276
77374: 0.999276
77375: 0.999276
77376: 0.999276
77377: 0.999276
77378: 0.999276
77379: 0.999276
77380: 0.999276
77381: 0.999276
77382: 0.999276
77383: 0.999276
77384: 0.999276
77385: 0.999276
77386: 0.999276
77387: 0.999276
77388: 0.999276
77389: 0.999276
77390: 0.999276
77391: 0.999276
77392: 0.999276
77393: 0.999276
77394: 0.999276
77395: 0.999276
77396: 0.999276
77397: 0.999276
77398: 0.999276
77399: 0.999276
77400: 0.999276
77401: 0.999277
77402: 0.999277
77403: 0.999277
77404: 0.999277
77405: 0.999277
77406: 0.999277
77407: 0.999277
77408: 0.999277
77409: 0.999277
77410: 0.999277
77411: 0.999277
77412: 0.999277
77413: 0.999277
77414: 0.999277
77415: 0.999277
77416: 0.999277
77417: 0.999277
77418: 0.999277
77419: 0.999277
77420: 0.999277
77421: 0.999277
77422: 0.999277
77423: 0.999277
77424: 0.999277
77425: 0.999277
77426: 0.999277
77427: 0.999277
77428: 0.999277
77429: 0.999277
77430: 0.999277
77431: 0.999277
77432: 0.999277
77433: 0.999277
77434: 0.999277
77435: 0.999277
77436: 0.999277
77437: 0.999277
77438: 0.999277
77439: 0.999277
77440: 0.999277
77441: 0.999277
77442: 0.999277
77443: 0.999277
77444: 0.999277
77445: 0.999277
77446: 0.999277
77447: 0.999277
77448: 0.999277
77449: 0.999277
77450: 0.999277
77451: 0.999277
77452: 0.999277
77453: 0.999277
77454: 0.999277
77455: 0.999277
77456: 0.999277
77457: 0.999277
77458: 0.999277
77459: 0.999277
77460: 0.999277
77461: 0.999277
77462: 0.999277
77463: 0.999277
77464: 0.999277
77465: 0.999277
77466: 0.999277
77467: 0.999277
77468: 0.999277
77469: 0.999277
77470: 0.999277
77471: 0.999277
77472: 0.999277
77473: 0.999277
77474: 0.999277
77475: 0.999277
77476: 0.999277
77477: 0.999277
77478: 0.999277
77479: 0.999277
77480: 0.999277
77481: 0.999277
77482: 0.999277
77483: 0.999277
77484: 0.999277
77485: 0.999277
77486: 0.999277
77487: 0.999277
77488: 0.999277
77489: 0.999277
77490: 0.999277
77491: 0.999277
77492: 0.999277
77493: 0.999277
77494: 0.999277
77495: 0.999277
77496: 0.999277
77497: 0.999277
77498: 0.999277
77499: 0.999277
77500: 0.999277
77501: 0.999277
77502: 0.999277
77503: 0.999277
77504: 0.999277
77505: 0.999277
77506: 0.999277
77507: 0.999277
77508: 0.999278
77509: 0.999278
77510: 0.999278
77511: 0.999278
77512: 0.999278
77513: 0.999278
77514: 0.999278
77515: 0.999278
77516: 0.999278
77517: 0.999278
77518: 0.999278
77519: 0.999278
77520: 0.999278
77521: 0.999278
77522: 0.999278
77523: 0.999278
77524: 0.999278
77525: 0.999278
77526: 0.999278
77527: 0.999278
77528: 0.999278
77529: 0.999278
77530: 0.999278
77531: 0.999278
77532: 0.999278
77533: 0.999278
77534: 0.999278
77535: 0.999278
77536: 0.999278
77537: 0.999278
77538: 0.999278
77539: 0.999278
77540: 0.999278
77541: 0.999278
77542: 0.999278
77543: 0.999278
77544: 0.999278
77545: 0.999278
77546: 0.999278
77547: 0.999278
77548: 0.999278
77549: 0.999278
77550: 0.999278
77551: 0.999278
77552: 0.999278
77553: 0.999278
77554: 0.999278
77555: 0.999278
77556: 0.999278
77557: 0.999278
77558: 0.999278
77559: 0.999278
77560: 0.999278
77561: 0.999278
77562: 0.999278
77563: 0.999278
77564: 0.999278
77565: 0.999278
77566: 0.999278
77567: 0.999278
77568: 0.999278
77569: 0.999278
77570: 0.999278
77571: 0.999278
77572: 0.999278
77573: 0.999278
77574: 0.999278
77575: 0.999278
77576: 0.999278
77577: 0.999278
77578: 0.999278
77579: 0.999278
77580: 0.999278
77581: 0.999278
77582: 0.999278
77583: 0.999278
77584: 0.999278
77585: 0.999278
77586: 0.999278
77587: 0.999278
77588: 0.999278
77589: 0.999278
77590: 0.999278
77591: 0.999278
77592: 0.999278
77593: 0.999278
77594: 0.999278
77595: 0.999278
77596: 0.999278
77597: 0.999278
77598: 0.999278
77599: 0.999278
77600: 0.999278
77601: 0.999278
77602: 0.999278
77603: 0.999278
77604: 0.999278
77605: 0.999278
77606: 0.999278
77607: 0.999278
77608: 0.999278
77609: 0.999278
77610: 0.999278
77611: 0.999278
77612: 0.999278
77613: 0.999278
77614: 0.999278
77615: 0.999278
77616: 0.999279
77617: 0.999279
77618: 0.999279
77619: 0.999279
77620: 0.999279
77621: 0.999279
77622: 0.999279
77623: 0.999279
77624: 0.999279
77625: 0.999279
77626: 0.999279
77627: 0.999279
77628: 0.999279
77629: 0.999279
77630: 0.999279
77631: 0.999279
77632: 0.999279
77633: 0.999279
77634: 0.999279
77635: 0.999279
77636: 0.999279
77637: 0.999279
77638: 0.999279
77639: 0.999279
77640: 0.999279
77641: 0.999279
77642: 0.999279
77643: 0.999279
77644: 0.999279
77645: 0.999279
77646: 0.999279
77647: 0.999279
77648: 0.999279
77649: 0.999279
77650: 0.999279
77651: 0.999279
77652: 0.999279
77653: 0.999279
77654: 0.999279
77655: 0.999279
77656: 0.999279
77657: 0.999279
77658: 0.999279
77659: 0.999279
77660: 0.999279
77661: 0.999279
77662: 0.999279
77663: 0.999279
77664: 0.999279
77665: 0.999279
77666: 0.999279
77667: 0.999279
77668: 0.999279
77669: 0.999279
77670: 0.999279
77671: 0.999279
77672: 0.999279
77673: 0.999279
77674: 0.999279
77675: 0.999279
77676: 0.999279
77677: 0.999279
77678: 0.999279
77679: 0.999279
77680: 0.999279
77681: 0.999279
77682: 0.999279
77683: 0.999279
77684: 0.999279
77685: 0.999279
77686: 0.999279
77687: 0.999279
77688: 0.999279
77689: 0.999279
77690: 0.999279
77691: 0.999279
77692: 0.999279
77693: 0.999279
77694: 0.999279
77695: 0.999279
77696: 0.999279
77697: 0.999279
77698: 0.999279
77699: 0.999279
77700: 0.999279
77701: 0.999279
77702: 0.999279
77703: 0.999279
77704: 0.999279
77705: 0.999279
77706: 0.999279
77707: 0.999279
77708: 0.999279
77709: 0.999279
77710: 0.999279
77711: 0.999279
77712: 0.999279
77713: 0.999279
77714: 0.999279
77715: 0.999279
77716: 0.999279
77717: 0.999279
77718: 0.999279
77719: 0.999279
77720: 0.999279
77721: 0.999279
77722: 0.999279
77723: 0.99928
77724: 0.99928
77725: 0.99928
77726: 0.99928
77727: 0.99928
77728: 0.99928
77729: 0.99928
77730: 0.99928
77731: 0.99928
77732: 0.99928
77733: 0.99928
77734: 0.99928
77735: 0.99928
77736: 0.99928
77737: 0.99928
77738: 0.99928
77739: 0.99928
77740: 0.99928
77741: 0.99928
77742: 0.99928
77743: 0.99928
77744: 0.99928
77745: 0.99928
77746: 0.99928
77747: 0.99928
77748: 0.99928
77749: 0.99928
77750: 0.99928
77751: 0.99928
77752: 0.99928
77753: 0.99928
77754: 0.99928
77755: 0.99928
77756: 0.99928
77757: 0.99928
77758: 0.99928
77759: 0.99928
77760: 0.99928
77761: 0.99928
77762: 0.99928
77763: 0.99928
77764: 0.99928
77765: 0.99928
77766: 0.99928
77767: 0.99928
77768: 0.99928
77769: 0.99928
77770: 0.99928
77771: 0.99928
77772: 0.99928
77773: 0.99928
77774: 0.99928
77775: 0.99928
77776: 0.99928
77777: 0.99928
77778: 0.99928
77779: 0.99928
77780: 0.99928
77781: 0.99928
77782: 0.99928
77783: 0.99928
77784: 0.99928
77785: 0.99928
77786: 0.99928
77787: 0.99928
77788: 0.99928
77789: 0.99928
77790: 0.99928
77791: 0.99928
77792: 0.99928
77793: 0.99928
77794: 0.99928
77795: 0.99928
77796: 0.99928
77797: 0.99928
77798: 0.99928
77799: 0.99928
77800: 0.99928
77801: 0.99928
77802: 0.99928
77803: 0.99928
77804: 0.99928
77805: 0.99928
77806: 0.99928
77807: 0.99928
77808: 0.99928
77809: 0.99928
77810: 0.99928
77811: 0.99928
77812: 0.99928
77813: 0.99928
77814: 0.99928
77815: 0.99928
77816: 0.99928
77817: 0.99928
77818: 0.99928
77819: 0.99928
77820: 0.99928
77821: 0.99928
77822: 0.99928
77823: 0.99928
77824: 0.99928
77825: 0.99928
77826: 0.99928
77827: 0.99928
77828: 0.99928
77829: 0.99928
77830: 0.99928
77831: 0.999281
77832: 0.999281
77833: 0.999281
77834: 0.999281
77835: 0.999281
77836: 0.999281
77837: 0.999281
77838: 0.999281
77839: 0.999281
77840: 0.999281
77841: 0.999281
77842: 0.999281
77843: 0.999281
77844: 0.999281
77845: 0.999281
77846: 0.999281
77847: 0.999281
77848: 0.999281
77849: 0.999281
77850: 0.999281
77851: 0.999281
77852: 0.999281
77853: 0.999281
77854: 0.999281
77855: 0.999281
77856: 0.999281
77857: 0.999281
77858: 0.999281
77859: 0.999281
77860: 0.999281
77861: 0.999281
77862: 0.999281
77863: 0.999281
77864: 0.999281
77865: 0.999281
77866: 0.999281
77867: 0.999281
77868: 0.999281
77869: 0.999281
77870: 0.999281
77871: 0.999281
77872: 0.999281
77873: 0.999281
77874: 0.999281
77875: 0.999281
77876: 0.999281
77877: 0.999281
77878: 0.999281
77879: 0.999281
77880: 0.999281
77881: 0.999281
77882: 0.999281
77883: 0.999281
77884: 0.999281
77885: 0.999281
77886: 0.999281
77887: 0.999281
77888: 0.999281
77889: 0.999281
77890: 0.999281
77891: 0.999281
77892: 0.999281
77893: 0.999281
77894: 0.999281
77895: 0.999281
77896: 0.999281
77897: 0.999281
77898: 0.999281
77899: 0.999281
77900: 0.999281
77901: 0.999281
77902: 0.999281
77903: 0.999281
77904: 0.999281
77905: 0.999281
77906: 0.999281
77907: 0.999281
77908: 0.999281
77909: 0.999281
77910: 0.999281
77911: 0.999281
77912: 0.999281
77913: 0.999281
77914: 0.999281
77915: 0.999281
77916: 0.999281
77917: 0.999281
77918: 0.999281
77919: 0.999281
77920: 0.999281
77921: 0.999281
77922: 0.999281
77923: 0.999281
77924: 0.999281
77925: 0.999281
77926: 0.999281
77927: 0.999281
77928: 0.999281
77929: 0.999281
77930: 0.999281
77931: 0.999281
77932: 0.999281
77933: 0.999281
77934: 0.999281
77935: 0.999281
77936: 0.999281
77937: 0.999281
77938: 0.999281
77939: 0.999281
77940: 0.999282
77941: 0.999282
77942: 0.999282
77943: 0.999282
77944: 0.999282
77945: 0.999282
77946: 0.999282
77947: 0.999282
77948: 0.999282
77949: 0.999282
77950: 0.999282
77951: 0.999282
77952: 0.999282
77953: 0.999282
77954: 0.999282
77955: 0.999282
77956: 0.999282
77957: 0.999282
77958: 0.999282
77959: 0.999282
77960: 0.999282
77961: 0.999282
77962: 0.999282
77963: 0.999282
77964: 0.999282
77965: 0.999282
77966: 0.999282
77967: 0.999282
77968: 0.999282
77969: 0.999282
77970: 0.999282
77971: 0.999282
77972: 0.999282
77973: 0.999282
77974: 0.999282
77975: 0.999282
77976: 0.999282
77977: 0.999282
77978: 0.999282
77979: 0.999282
77980: 0.999282
77981: 0.999282
77982: 0.999282
77983: 0.999282
77984: 0.999282
77985: 0.999282
77986: 0.999282
77987: 0.999282
77988: 0.999282
77989: 0.999282
77990: 0.999282
77991: 0.999282
77992: 0.999282
77993: 0.999282
77994: 0.999282
77995: 0.999282
77996: 0.999282
77997: 0.999282
77998: 0.999282
77999: 0.999282
78000: 0.999282
78001: 0.999282
78002: 0.999282
78003: 0.999282
78004: 0.999282
78005: 0.999282
78006: 0.999282
78007: 0.999282
78008: 0.999282
78009: 0.999282
78010: 0.999282
78011: 0.999282
78012: 0.999282
78013: 0.999282
78014: 0.999282
78015: 0.999282
78016: 0.999282
78017: 0.999282
78018: 0.999282
78019: 0.999282
78020: 0.999282
78021: 0.999282
78022: 0.999282
78023: 0.999282
78024: 0.999282
78025: 0.999282
78026: 0.999282
78027: 0.999282
78028: 0.999282
78029: 0.999282
78030: 0.999282
78031: 0.999282
78032: 0.999282
78033: 0.999282
78034: 0.999282
78035: 0.999282
78036: 0.999282
78037: 0.999282
78038: 0.999282
78039: 0.999282
78040: 0.999282
78041: 0.999282
78042: 0.999282
78043: 0.999282
78044: 0.999282
78045: 0.999282
78046: 0.999282
78047: 0.999282
78048: 0.999283
78049: 0.999283
78050: 0.999283
78051: 0.999283
78052: 0.999283
78053: 0.999283
78054: 0.999283
78055: 0.999283
78056: 0.999283
78057: 0.999283
78058: 0.999283
78059: 0.999283
78060: 0.999283
78061: 0.999283
78062: 0.999283
78063: 0.999283
78064: 0.999283
78065: 0.999283
78066: 0.999283
78067: 0.999283
78068: 0.999283
78069: 0.999283
78070: 0.999283
78071: 0.999283
78072: 0.999283
78073: 0.999283
78074: 0.999283
78075: 0.999283
78076: 0.999283
78077: 0.999283
78078: 0.999283
78079: 0.999283
78080: 0.999283
78081: 0.999283
78082: 0.999283
78083: 0.999283
78084: 0.999283
78085: 0.999283
78086: 0.999283
78087: 0.999283
78088: 0.999283
78089: 0.999283
78090: 0.999283
78091: 0.999283
78092: 0.999283
78093: 0.999283
78094: 0.999283
78095: 0.999283
78096: 0.999283
78097: 0.999283
78098: 0.999283
78099: 0.999283
78100: 0.999283
78101: 0.999283
78102: 0.999283
78103: 0.999283
78104: 0.999283
78105: 0.999283
78106: 0.999283
78107: 0.999283
78108: 0.999283
78109: 0.999283
78110: 0.999283
78111: 0.999283
78112: 0.999283
78113: 0.999283
78114: 0.999283
78115: 0.999283
78116: 0.999283
78117: 0.999283
78118: 0.999283
78119: 0.999283
78120: 0.999283
78121: 0.999283
78122: 0.999283
78123: 0.999283
78124: 0.999283
78125: 0.999283
78126: 0.999283
78127: 0.999283
78128: 0.999283
78129: 0.999283
78130: 0.999283
78131: 0.999283
78132: 0.999283
78133: 0.999283
78134: 0.999283
78135: 0.999283
78136: 0.999283
78137: 0.999283
78138: 0.999283
78139: 0.999283
78140: 0.999283
78141: 0.999283
78142: 0.999283
78143: 0.999283
78144: 0.999283
78145: 0.999283
78146: 0.999283
78147: 0.999283
78148: 0.999283
78149: 0.999283
78150: 0.999283
78151: 0.999283
78152: 0.999283
78153: 0.999283
78154: 0.999283
78155: 0.999283
78156: 0.999283
78157: 0.999284
78158: 0.999284
78159: 0.999284
78160: 0.999284
78161: 0.999284
78162: 0.999284
78163: 0.999284
78164: 0.999284
78165: 0.999284
78166: 0.999284
78167: 0.999284
78168: 0.999284
78169: 0.999284
78170: 0.999284
78171: 0.999284
78172: 0.999284
78173: 0.999284
78174: 0.999284
78175: 0.999284
78176: 0.999284
78177: 0.999284
78178: 0.999284
78179: 0.999284
78180: 0.999284
78181: 0.999284
78182: 0.999284
78183: 0.999284
78184: 0.999284
78185: 0.999284
78186: 0.999284
78187: 0.999284
78188: 0.999284
78189: 0.999284
78190: 0.999284
78191: 0.999284
78192: 0.999284
78193: 0.999284
78194: 0.999284
78195: 0.999284
78196: 0.999284
78197: 0.999284
78198: 0.999284
78199: 0.999284
78200: 0.999284
78201: 0.999284
78202: 0.999284
78203: 0.999284
78204: 0.999284
78205: 0.999284
78206: 0.999284
78207: 0.999284
78208: 0.999284
78209: 0.999284
78210: 0.999284
78211: 0.999284
78212: 0.999284
78213: 0.999284
78214: 0.999284
78215: 0.999284
78216: 0.999284
78217: 0.999284
78218: 0.999284
78219: 0.999284
78220: 0.999284
78221: 0.999284
78222: 0.999284
78223: 0.999284
78224: 0.999284
78225: 0.999284
78226: 0.999284
78227: 0.999284
78228: 0.999284
78229: 0.999284
78230: 0.999284
78231: 0.999284
78232: 0.999284
78233: 0.999284
78234: 0.999284
78235: 0.999284
78236: 0.999284
78237: 0.999284
78238: 0.999284
78239: 0.999284
78240: 0.999284
78241: 0.999284
78242: 0.999284
78243: 0.999284
78244: 0.999284
78245: 0.999284
78246: 0.999284
78247: 0.999284
78248: 0.999284
78249: 0.999284
78250: 0.999284
78251: 0.999284
78252: 0.999284
78253: 0.999284
78254: 0.999284
78255: 0.999284
78256: 0.999284
78257: 0.999284
78258: 0.999284
78259: 0.999284
78260: 0.999284
78261: 0.999284
78262: 0.999284
78263: 0.999284
78264: 0.999284
78265: 0.999284
78266: 0.999285
78267: 0.999285
78268: 0.999285
78269: 0.999285
78270: 0.999285
78271: 0.999285
78272: 0.999285
78273: 0.999285
78274: 0.999285
78275: 0.999285
78276: 0.999285
78277: 0.999285
78278: 0.999285
78279: 0.999285
78280: 0.999285
78281: 0.999285
78282: 0.999285
78283: 0.999285
78284: 0.999285
78285: 0.999285
78286: 0.999285
78287: 0.999285
78288: 0.999285
78289: 0.999285
78290: 0.999285
78291: 0.999285
78292: 0.999285
78293: 0.999285
78294: 0.999285
78295: 0.999285
78296: 0.999285
78297: 0.999285
78298: 0.999285
78299: 0.999285
78300: 0.999285
78301: 0.999285
78302: 0.999285
78303: 0.999285
78304: 0.999285
78305: 0.999285
78306: 0.999285
78307: 0.999285
78308: 0.999285
78309: 0.999285
78310: 0.999285
78311: 0.999285
78312: 0.999285
78313: 0.999285
78314: 0.999285
78315: 0.999285
78316: 0.999285
78317: 0.999285
78318: 0.999285
78319: 0.999285
78320: 0.999285
78321: 0.999285
78322: 0.999285
78323: 0.999285
78324: 0.999285
78325: 0.999285
78326: 0.999285
78327: 0.999285
78328: 0.999285
78329: 0.999285
78330: 0.999285
78331: 0.999285
78332: 0.999285
78333: 0.999285
78334: 0.999285
78335: 0.999285
78336: 0.999285
78337: 0.999285
78338: 0.999285
78339: 0.999285
78340: 0.999285
78341: 0.999285
78342: 0.999285
78343: 0.999285
78344: 0.999285
78345: 0.999285
78346: 0.999285
78347: 0.999285
78348: 0.999285
78349: 0.999285
78350: 0.999285
78351: 0.999285
78352: 0.999285
78353: 0.999285
78354: 0.999285
78355: 0.999285
78356: 0.999285
78357: 0.999285
78358: 0.999285
78359: 0.999285
78360: 0.999285
78361: 0.999285
78362: 0.999285
78363: 0.999285
78364: 0.999285
78365: 0.999285
78366: 0.999285
78367: 0.999285
78368: 0.999285
78369: 0.999285
78370: 0.999285
78371: 0.999285
78372: 0.999285
78373: 0.999285
78374: 0.999285
78375: 0.999285
78376: 0.999286
78377: 0.999286
78378: 0.999286
78379: 0.999286
78380: 0.999286
78381: 0.999286
78382: 0.999286
78383: 0.999286
78384: 0.999286
78385: 0.999286
78386: 0.999286
78387: 0.999286
78388: 0.999286
78389: 0.999286
78390: 0.999286
78391: 0.999286
78392: 0.999286
78393: 0.999286
78394: 0.999286
78395: 0.999286
78396: 0.999286
78397: 0.999286
78398: 0.999286
78399: 0.999286
78400: 0.999286
78401: 0.999286
78402: 0.999286
78403: 0.999286
78404: 0.999286
78405: 0.999286
78406: 0.999286
78407: 0.999286
78408: 0.999286
78409: 0.999286
78410: 0.999286
78411: 0.999286
78412: 0.999286
78413: 0.999286
78414: 0.999286
78415: 0.999286
78416: 0.999286
78417: 0.999286
78418: 0.999286
78419: 0.999286
78420: 0.999286
78421: 0.999286
78422: 0.999286
78423: 0.999286
78424: 0.999286
78425: 0.999286
78426: 0.999286
78427: 0.999286
78428: 0.999286
78429: 0.999286
78430: 0.999286
78431: 0.999286
78432: 0.999286
78433: 0.999286
78434: 0.999286
78435: 0.999286
78436: 0.999286
78437: 0.999286
78438: 0.999286
78439: 0.999286
78440: 0.999286
78441: 0.999286
78442: 0.999286
78443: 0.999286
78444: 0.999286
78445: 0.999286
78446: 0.999286
78447: 0.999286
78448: 0.999286
78449: 0.999286
78450: 0.999286
78451: 0.999286
78452: 0.999286
78453: 0.999286
78454: 0.999286
78455: 0.999286
78456: 0.999286
78457: 0.999286
78458: 0.999286
78459: 0.999286
78460: 0.999286
78461: 0.999286
78462: 0.999286
78463: 0.999286
78464: 0.999286
78465: 0.999286
78466: 0.999286
78467: 0.999286
78468: 0.999286
78469: 0.999286
78470: 0.999286
78471: 0.999286
78472: 0.999286
78473: 0.999286
78474: 0.999286
78475: 0.999286
78476: 0.999286
78477: 0.999286
78478: 0.999286
78479: 0.999286
78480: 0.999286
78481: 0.999286
78482: 0.999286
78483: 0.999286
78484: 0.999286
78485: 0.999286
78486: 0.999287
78487: 0.999287
78488: 0.999287
78489: 0.999287
78490: 0.999287
78491: 0.999287
78492: 0.999287
78493: 0.999287
78494: 0.999287
78495: 0.999287
78496: 0.999287
78497: 0.999287
78498: 0.999287
78499: 0.999287
78500: 0.999287
78501: 0.999287
78502: 0.999287
78503: 0.999287
78504: 0.999287
78505: 0.999287
78506: 0.999287
78507: 0.999287
78508: 0.999287
78509: 0.999287
78510: 0.999287
78511: 0.999287
78512: 0.999287
78513: 0.999287
78514: 0.999287
78515: 0.999287
78516: 0.999287
78517: 0.999287
78518: 0.999287
78519: 0.999287
78520: 0.999287
78521: 0.999287
78522: 0.999287
78523: 0.999287
78524: 0.999287
78525: 0.999287
78526: 0.999287
78527: 0.999287
78528: 0.999287
78529: 0.999287
78530: 0.999287
78531: 0.999287
78532: 0.999287
78533: 0.999287
78534: 0.999287
78535: 0.999287
78536: 0.999287
78537: 0.999287
78538: 0.999287
78539: 0.999287
78540: 0.999287
78541: 0.999287
78542: 0.999287
78543: 0.999287
78544: 0.999287
78545: 0.999287
78546: 0.999287
78547: 0.999287
78548: 0.999287
78549: 0.999287
78550: 0.999287
78551: 0.999287
78552: 0.999287
78553: 0.999287
78554: 0.999287
78555: 0.999287
78556: 0.999287
78557: 0.999287
78558: 0.999287
78559: 0.999287
78560: 0.999287
78561: 0.999287
78562: 0.999287
78563: 0.999287
78564: 0.999287
78565: 0.999287
78566: 0.999287
78567: 0.999287
78568: 0.999287
78569: 0.999287
78570: 0.999287
78571: 0.999287
78572: 0.999287
78573: 0.999287
78574: 0.999287
78575: 0.999287
78576: 0.999287
78577: 0.999287
78578: 0.999287
78579: 0.999287
78580: 0.999287
78581: 0.999287
78582: 0.999287
78583: 0.999287
78584: 0.999287
78585: 0.999287
78586: 0.999287
78587: 0.999287
78588: 0.999287
78589: 0.999287
78590: 0.999287
78591: 0.999287
78592: 0.999287
78593: 0.999287
78594: 0.999287
78595: 0.999287
78596: 0.999288
78597: 0.999288
78598: 0.999288
78599: 0.999288
78600: 0.999288
78601: 0.999288
78602: 0.999288
78603: 0.999288
78604: 0.999288
78605: 0.999288
78606: 0.999288
78607: 0.999288
78608: 0.999288
78609: 0.999288
78610: 0.999288
78611: 0.999288
78612: 0.999288
78613: 0.999288
78614: 0.999288
78615: 0.999288
78616: 0.999288
78617: 0.999288
78618: 0.999288
78619: 0.999288
78620: 0.999288
78621: 0.999288
78622: 0.999288
78623: 0.999288
78624: 0.999288
78625: 0.999288
78626: 0.999288
78627: 0.999288
78628: 0.999288
78629: 0.999288
78630: 0.999288
78631: 0.999288
78632: 0.999288
78633: 0.999288
78634: 0.999288
78635: 0.999288
78636: 0.999288
78637: 0.999288
78638: 0.999288
78639: 0.999288
78640: 0.999288
78641: 0.999288
78642: 0.999288
78643: 0.999288
78644: 0.999288
78645: 0.999288
78646: 0.999288
78647: 0.999288
78648: 0.999288
78649: 0.999288
78650: 0.999288
78651: 0.999288
78652: 0.999288
78653: 0.999288
78654: 0.999288
78655: 0.999288
78656: 0.999288
78657: 0.999288
78658: 0.999288
78659: 0.999288
78660: 0.999288
78661: 0.999288
78662: 0.999288
78663: 0.999288
78664: 0.999288
78665: 0.999288
78666: 0.999288
78667: 0.999288
78668: 0.999288
78669: 0.999288
78670: 0.999288
78671: 0.999288
78672: 0.999288
78673: 0.999288
78674: 0.999288
78675: 0.999288
78676: 0.999288
78677: 0.999288
78678: 0.999288
78679: 0.999288
78680: 0.999288
78681: 0.999288
78682: 0.999288
78683: 0.999288
78684: 0.999288
78685: 0.999288
78686: 0.999288
78687: 0.999288
78688: 0.999288
78689: 0.999288
78690: 0.999288
78691: 0.999288
78692: 0.999288
78693: 0.999288
78694: 0.999288
78695: 0.999288
78696: 0.999288
78697: 0.999288
78698: 0.999288
78699: 0.999288
78700: 0.999288
78701: 0.999288
78702: 0.999288
78703: 0.999288
78704: 0.999288
78705: 0.999288
78706: 0.999289
78707: 0.999289
78708: 0.999289
78709: 0.999289
78710: 0.999289
78711: 0.999289
78712: 0.999289
78713: 0.999289
78714: 0.999289
78715: 0.999289
78716: 0.999289
78717: 0.999289
78718: 0.999289
78719: 0.999289
78720: 0.999289
78721: 0.999289
78722: 0.999289
78723: 0.999289
78724: 0.999289
78725: 0.999289
78726: 0.999289
78727: 0.999289
78728: 0.999289
78729: 0.999289
78730: 0.999289
78731: 0.999289
78732: 0.999289
78733: 0.999289
78734: 0.999289
78735: 0.999289
78736: 0.999289
78737: 0.999289
78738: 0.999289
78739: 0.999289
78740: 0.999289
78741: 0.999289
78742: 0.999289
78743: 0.999289
78744: 0.999289
78745: 0.999289
78746: 0.999289
78747: 0.999289
78748: 0.999289
78749: 0.999289
78750: 0.999289
78751: 0.999289
78752: 0.999289
78753: 0.999289
78754: 0.999289
78755: 0.999289
78756: 0.999289
78757: 0.999289
78758: 0.999289
78759: 0.999289
78760: 0.999289
78761: 0.999289
78762: 0.999289
78763: 0.999289
78764: 0.999289
78765: 0.999289
78766: 0.999289
78767: 0.999289
78768: 0.999289
78769: 0.999289
78770: 0.999289
78771: 0.999289
78772: 0.999289
78773: 0.999289
78774: 0.999289
78775: 0.999289
78776: 0.999289
78777: 0.999289
78778: 0.999289
78779: 0.999289
78780: 0.999289
78781: 0.999289
78782: 0.999289
78783: 0.999289
78784: 0.999289
78785: 0.999289
78786: 0.999289
78787: 0.999289
78788: 0.999289
78789: 0.999289
78790: 0.999289
78791: 0.999289
78792: 0.999289
78793: 0.999289
78794: 0.999289
78795: 0.999289
78796: 0.999289
78797: 0.999289
78798: 0.999289
78799: 0.999289
78800: 0.999289
78801: 0.999289
78802: 0.999289
78803: 0.999289
78804: 0.999289
78805: 0.999289
78806: 0.999289
78807: 0.999289
78808: 0.999289
78809: 0.999289
78810: 0.999289
78811: 0.999289
78812: 0.999289
78813: 0.999289
78814: 0.999289
78815: 0.999289
78816: 0.999289
78817: 0.99929
78818: 0.99929
78819: 0.99929
78820: 0.99929
78821: 0.99929
78822: 0.99929
78823: 0.99929
78824: 0.99929
78825: 0.99929
78826: 0.99929
78827: 0.99929
78828: 0.99929
78829: 0.99929
78830: 0.99929
78831: 0.99929
78832: 0.99929
78833: 0.99929
78834: 0.99929
78835: 0.99929
78836: 0.99929
78837: 0.99929
78838: 0.99929
78839: 0.99929
78840: 0.99929
78841: 0.99929
78842: 0.99929
78843: 0.99929
78844: 0.99929
78845: 0.99929
78846: 0.99929
78847: 0.99929
78848: 0.99929
78849: 0.99929
78850: 0.99929
78851: 0.99929
78852: 0.99929
78853: 0.99929
78854: 0.99929
78855: 0.99929
78856: 0.99929
78857: 0.99929
78858: 0.99929
78859: 0.99929
78860: 0.99929
78861: 0.99929
78862: 0.99929
78863: 0.99929
78864: 0.99929
78865: 0.99929
78866: 0.99929
78867: 0.99929
78868: 0.99929
78869: 0.99929
78870: 0.99929
78871: 0.99929
78872: 0.99929
78873: 0.99929
78874: 0.99929
78875: 0.99929
78876: 0.99929
78877: 0.99929
78878: 0.99929
78879: 0.99929
78880: 0.99929
78881: 0.99929
78882: 0.99929
78883: 0.99929
78884: 0.99929
78885: 0.99929
78886: 0.99929
78887: 0.99929
78888: 0.99929
78889: 0.99929
78890: 0.99929
78891: 0.99929
78892: 0.99929
78893: 0.99929
78894: 0.99929
78895: 0.99929
78896: 0.99929
78897: 0.99929
78898: 0.99929
78899: 0.99929
78900: 0.99929
78901: 0.99929
78902: 0.99929
78903: 0.99929
78904: 0.99929
78905: 0.99929
78906: 0.99929
78907: 0.99929
78908: 0.99929
78909: 0.99929
78910: 0.99929
78911: 0.99929
78912: 0.99929
78913: 0.99929
78914: 0.99929
78915: 0.99929
78916: 0.99929
78917: 0.99929
78918: 0.99929
78919: 0.99929
78920: 0.99929
78921: 0.99929
78922: 0.99929
78923: 0.99929
78924: 0.99929
78925: 0.99929
78926: 0.99929
78927: 0.99929
78928: 0.999291
78929: 0.999291
78930: 0.999291
78931: 0.999291
78932: 0.999291
78933: 0.999291
78934: 0.999291
78935: 0.999291
78936: 0.999291
78937: 0.999291
78938: 0.999291
78939: 0.999291
78940: 0.999291
78941: 0.999291
78942: 0.999291
78943: 0.999291
78944: 0.999291
78945: 0.999291
78946: 0.999291
78947: 0.999291
78948: 0.999291
78949: 0.999291
78950: 0.999291
78951: 0.999291
78952: 0.999291
78953: 0.999291
78954: 0.999291
78955: 0.999291
78956: 0.999291
78957: 0.999291
78958: 0.999291
78959: 0.999291
78960: 0.999291
78961: 0.999291
78962: 0.999291
78963: 0.999291
78964: 0.999291
78965: 0.999291
78966: 0.999291
78967: 0.999291
78968: 0.999291
78969: 0.999291
78970: 0.999291
78971: 0.999291
78972: 0.999291
78973: 0.999291
78974: 0.999291
78975: 0.999291
78976: 0.999291
78977: 0.999291
78978: 0.999291
78979: 0.999291
78980: 0.999291
78981: 0.999291
78982: 0.999291
78983: 0.999291
78984: 0.999291
78985: 0.999291
78986: 0.999291
78987: 0.999291
78988: 0.999291
78989: 0.999291
78990: 0.999291
78991: 0.999291
78992: 0.999291
78993: 0.999291
78994: 0.999291
78995: 0.999291
78996: 0.999291
78997: 0.999291
78998: 0.999291
78999: 0.999291
79000: 0.999291
79001: 0.999291
79002: 0.999291
79003: 0.999291
79004: 0.999291
79005: 0.999291
79006: 0.999291
79007: 0.999291
79008: 0.999291
79009: 0.999291
79010: 0.999291
79011: 0.999291
79012: 0.999291
79013: 0.999291
79014: 0.999291
79015: 0.999291
79016: 0.999291
79017: 0.999291
79018: 0.999291
79019: 0.999291
79020: 0.999291
79021: 0.999291
79022: 0.999291
79023: 0.999291
79024: 0.999291
79025: 0.999291
79026: 0.999291
79027: 0.999291
79028: 0.999291
79029: 0.999291
79030: 0.999291
79031: 0.999291
79032: 0.999291
79033: 0.999291
79034: 0.999291
79035: 0.999291
79036: 0.999291
79037: 0.999291
79038: 0.999291
79039: 0.999291
79040: 0.999292
79041: 0.999292
79042: 0.999292
79043: 0.999292
79044: 0.999292
79045: 0.999292
79046: 0.999292
79047: 0.999292
79048: 0.999292
79049: 0.999292
79050: 0.999292
79051: 0.999292
79052: 0.999292
79053: 0.999292
79054: 0.999292
79055: 0.999292
79056: 0.999292
79057: 0.999292
79058: 0.999292
79059: 0.999292
79060: 0.999292
79061: 0.999292
79062: 0.999292
79063: 0.999292
79064: 0.999292
79065: 0.999292
79066: 0.999292
79067: 0.999292
79068: 0.999292
79069: 0.999292
79070: 0.999292
79071: 0.999292
79072: 0.999292
79073: 0.999292
79074: 0.999292
79075: 0.999292
79076: 0.999292
79077: 0.999292
79078: 0.999292
79079: 0.999292
79080: 0.999292
79081: 0.999292
79082: 0.999292
79083: 0.999292
79084: 0.999292
79085: 0.999292
79086: 0.999292
79087: 0.999292
79088: 0.999292
79089: 0.999292
79090: 0.999292
79091: 0.999292
79092: 0.999292
79093: 0.999292
79094: 0.999292
79095: 0.999292
79096: 0.999292
79097: 0.999292
79098: 0.999292
79099: 0.999292
79100: 0.999292
79101: 0.999292
79102: 0.999292
79103: 0.999292
79104: 0.999292
79105: 0.999292
79106: 0.999292
79107: 0.999292
79108: 0.999292
79109: 0.999292
79110: 0.999292
79111: 0.999292
79112: 0.999292
79113: 0.999292
79114: 0.999292
79115: 0.999292
79116: 0.999292
79117: 0.999292
79118: 0.999292
79119: 0.999292
79120: 0.999292
79121: 0.999292
79122: 0.999292
79123: 0.999292
79124: 0.999292
79125: 0.999292
79126: 0.999292
79127: 0.999292
79128: 0.999292
79129: 0.999292
79130: 0.999292
79131: 0.999292
79132: 0.999292
79133: 0.999292
79134: 0.999292
79135: 0.999292
79136: 0.999292
79137: 0.999292
79138: 0.999292
79139: 0.999292
79140: 0.999292
79141: 0.999292
79142: 0.999292
79143: 0.999292
79144: 0.999292
79145: 0.999292
79146: 0.999292
79147: 0.999292
79148: 0.999292
79149: 0.999292
79150: 0.999292
79151: 0.999293
79152: 0.999293
79153: 0.999293
79154: 0.999293
79155: 0.999293
79156: 0.999293
79157: 0.999293
79158: 0.999293
79159: 0.999293
79160: 0.999293
79161: 0.999293
79162: 0.999293
79163: 0.999293
79164: 0.999293
79165: 0.999293
79166: 0.999293
79167: 0.999293
79168: 0.999293
79169: 0.999293
79170: 0.999293
79171: 0.999293
79172: 0.999293
79173: 0.999293
79174: 0.999293
79175: 0.999293
79176: 0.999293
79177: 0.999293
79178: 0.999293
79179: 0.999293
79180: 0.999293
79181: 0.999293
79182: 0.999293
79183: 0.999293
79184: 0.999293
79185: 0.999293
79186: 0.999293
79187: 0.999293
79188: 0.999293
79189: 0.999293
79190: 0.999293
79191: 0.999293
79192: 0.999293
79193: 0.999293
79194: 0.999293
79195: 0.999293
79196: 0.999293
79197: 0.999293
79198: 0.999293
79199: 0.999293
79200: 0.999293
79201: 0.999293
79202: 0.999293
79203: 0.999293
79204: 0.999293
79205: 0.999293
79206: 0.999293
79207: 0.999293
79208: 0.999293
79209: 0.999293
79210: 0.999293
79211: 0.999293
79212: 0.999293
79213: 0.999293
79214: 0.999293
79215: 0.999293
79216: 0.999293
79217: 0.999293
79218: 0.999293
79219: 0.999293
79220: 0.999293
79221: 0.999293
79222: 0.999293
79223: 0.999293
79224: 0.999293
79225: 0.999293
79226: 0.999293
79227: 0.999293
79228: 0.999293
79229: 0.999293
79230: 0.999293
79231: 0.999293
79232: 0.999293
79233: 0.999293
79234: 0.999293
79235: 0.999293
79236: 0.999293
79237: 0.999293
79238: 0.999293
79239: 0.999293
79240: 0.999293
79241: 0.999293
79242: 0.999293
79243: 0.999293
79244: 0.999293
79245: 0.999293
79246: 0.999293
79247: 0.999293
79248: 0.999293
79249: 0.999293
79250: 0.999293
79251: 0.999293
79252: 0.999293
79253: 0.999293
79254: 0.999293
79255: 0.999293
79256: 0.999293
79257: 0.999293
79258: 0.999293
79259: 0.999293
79260: 0.999293
79261: 0.999293
79262: 0.999293
79263: 0.999294
79264: 0.999294
79265: 0.999294
79266: 0.999294
79267: 0.999294
79268: 0.999294
79269: 0.999294
79270: 0.999294
79271: 0.999294
79272: 0.999294
79273: 0.999294
79274: 0.999294
79275: 0.999294
79276: 0.999294
79277: 0.999294
79278: 0.999294
79279: 0.999294
79280: 0.999294
79281: 0.999294
79282: 0.999294
79283: 0.999294
79284: 0.999294
79285: 0.999294
79286: 0.999294
79287: 0.999294
79288: 0.999294
79289: 0.999294
79290: 0.999294
79291: 0.999294
79292: 0.999294
79293: 0.999294
79294: 0.999294
79295: 0.999294
79296: 0.999294
79297: 0.999294
79298: 0.999294
79299: 0.999294
79300: 0.999294
79301: 0.999294
79302: 0.999294
79303: 0.999294
79304: 0.999294
79305: 0.999294
79306: 0.999294
79307: 0.999294
79308: 0.999294
79309: 0.999294
79310: 0.999294
79311: 0.999294
79312: 0.999294
79313: 0.999294
79314: 0.999294
79315: 0.999294
79316: 0.999294
79317: 0.999294
79318: 0.999294
79319: 0.999294
79320: 0.999294
79321: 0.999294
79322: 0.999294
79323: 0.999294
79324: 0.999294
79325: 0.999294
79326: 0.999294
79327: 0.999294
79328: 0.999294
79329: 0.999294
79330: 0.999294
79331: 0.999294
79332: 0.999294
79333: 0.999294
79334: 0.999294
79335: 0.999294
79336: 0.999294
79337: 0.999294
79338: 0.999294
79339: 0.999294
79340: 0.999294
79341: 0.999294
79342: 0.999294
79343: 0.999294
79344: 0.999294
79345: 0.999294
79346: 0.999294
79347: 0.999294
79348: 0.999294
79349: 0.999294
79350: 0.999294
79351: 0.999294
79352: 0.999294
79353: 0.999294
79354: 0.999294
79355: 0.999294
79356: 0.999294
79357: 0.999294
79358: 0.999294
79359: 0.999294
79360: 0.999294
79361: 0.999294
79362: 0.999294
79363: 0.999294
79364: 0.999294
79365: 0.999294
79366: 0.999294
79367: 0.999294
79368: 0.999294
79369: 0.999294
79370: 0.999294
79371: 0.999294
79372: 0.999294
79373: 0.999294
79374: 0.999294
79375: 0.999294
79376: 0.999295
79377: 0.999295
79378: 0.999295
79379: 0.999295
79380: 0.999295
79381: 0.999295
79382: 0.999295
79383: 0.999295
79384: 0.999295
79385: 0.999295
79386: 0.999295
79387: 0.999295
79388: 0.999295
79389: 0.999295
79390: 0.999295
79391: 0.999295
79392: 0.999295
79393: 0.999295
79394: 0.999295
79395: 0.999295
79396: 0.999295
79397: 0.999295
79398: 0.999295
79399: 0.999295
79400: 0.999295
79401: 0.999295
79402: 0.999295
79403: 0.999295
79404: 0.999295
79405: 0.999295
79406: 0.999295
79407: 0.999295
79408: 0.999295
79409: 0.999295
79410: 0.999295
79411: 0.999295
79412: 0.999295
79413: 0.999295
79414: 0.999295
79415: 0.999295
79416: 0.999295
79417: 0.999295
79418: 0.999295
79419: 0.999295
79420: 0.999295
79421: 0.999295
79422: 0.999295
79423: 0.999295
79424: 0.999295
79425: 0.999295
79426: 0.999295
79427: 0.999295
79428: 0.999295
79429: 0.999295
79430: 0.999295
79431: 0.999295
79432: 0.999295
79433: 0.999295
79434: 0.999295
79435: 0.999295
79436: 0.999295
79437: 0.999295
79438: 0.999295
79439: 0.999295
79440: 0.999295
79441: 0.999295
79442: 0.999295
79443: 0.999295
79444: 0.999295
79445: 0.999295
79446: 0.999295
79447: 0.999295
79448: 0.999295
79449: 0.999295
79450: 0.999295
79451: 0.999295
79452: 0.999295
79453: 0.999295
79454: 0.999295
79455: 0.999295
79456: 0.999295
79457: 0.999295
79458: 0.999295
79459: 0.999295
79460: 0.999295
79461: 0.999295
79462: 0.999295
79463: 0.999295
79464: 0.999295
79465: 0.999295
79466: 0.999295
79467: 0.999295
79468: 0.999295
79469: 0.999295
79470: 0.999295
79471: 0.999295
79472: 0.999295
79473: 0.999295
79474: 0.999295
79475: 0.999295
79476: 0.999295
79477: 0.999295
79478: 0.999295
79479: 0.999295
79480: 0.999295
79481: 0.999295
79482: 0.999295
79483: 0.999295
79484: 0.999295
79485: 0.999295
79486: 0.999295
79487: 0.999295
79488: 0.999296
79489: 0.999296
79490: 0.999296
79491: 0.999296
79492: 0.999296
79493: 0.999296
79494: 0.999296
79495: 0.999296
79496: 0.999296
79497: 0.999296
79498: 0.999296
79499: 0.999296
79500: 0.999296
79501: 0.999296
79502: 0.999296
79503: 0.999296
79504: 0.999296
79505: 0.999296
79506: 0.999296
79507: 0.999296
79508: 0.999296
79509: 0.999296
79510: 0.999296
79511: 0.999296
79512: 0.999296
79513: 0.999296
79514: 0.999296
79515: 0.999296
79516: 0.999296
79517: 0.999296
79518: 0.999296
79519: 0.999296
79520: 0.999296
79521: 0.999296
79522: 0.999296
79523: 0.999296
79524: 0.999296
79525: 0.999296
79526: 0.999296
79527: 0.999296
79528: 0.999296
79529: 0.999296
79530: 0.999296
79531: 0.999296
79532: 0.999296
79533: 0.999296
79534: 0.999296
79535: 0.999296
79536: 0.999296
79537: 0.999296
79538: 0.999296
79539: 0.999296
79540: 0.999296
79541: 0.999296
79542: 0.999296
79543: 0.999296
79544: 0.999296
79545: 0.999296
79546: 0.999296
79547: 0.999296
79548: 0.999296
79549: 0.999296
79550: 0.999296
79551: 0.999296
79552: 0.999296
79553: 0.999296
79554: 0.999296
79555: 0.999296
79556: 0.999296
79557: 0.999296
79558: 0.999296
79559: 0.999296
79560: 0.999296
79561: 0.999296
79562: 0.999296
79563: 0.999296
79564: 0.999296
79565: 0.999296
79566: 0.999296
79567: 0.999296
79568: 0.999296
79569: 0.999296
79570: 0.999296
79571: 0.999296
79572: 0.999296
79573: 0.999296
79574: 0.999296
79575: 0.999296
79576: 0.999296
79577: 0.999296
79578: 0.999296
79579: 0.999296
79580: 0.999296
79581: 0.999296
79582: 0.999296
79583: 0.999296
79584: 0.999296
79585: 0.999296
79586: 0.999296
79587: 0.999296
79588: 0.999296
79589: 0.999296
79590: 0.999296
79591: 0.999296
79592: 0.999296
79593: 0.999296
79594: 0.999296
79595: 0.999296
79596: 0.999296
79597: 0.999296
79598: 0.999296
79599: 0.999296
79600: 0.999296
79601: 0.999297
79602: 0.999297
79603: 0.999297
79604: 0.999297
79605: 0.999297
79606: 0.999297
79607: 0.999297
79608: 0.999297
79609: 0.999297
79610: 0.999297
79611: 0.999297
79612: 0.999297
79613: 0.999297
79614: 0.999297
79615: 0.999297
79616: 0.999297
79617: 0.999297
79618: 0.999297
79619: 0.999297
79620: 0.999297
79621: 0.999297
79622: 0.999297
79623: 0.999297
79624: 0.999297
79625: 0.999297
79626: 0.999297
79627: 0.999297
79628: 0.999297
79629: 0.999297
79630: 0.999297
79631: 0.999297
79632: 0.999297
79633: 0.999297
79634: 0.999297
79635: 0.999297
79636: 0.999297
79637: 0.999297
79638: 0.999297
79639: 0.999297
79640: 0.999297
79641: 0.999297
79642: 0.999297
79643: 0.999297
79644: 0.999297
79645: 0.999297
79646: 0.999297
79647: 0.999297
79648: 0.999297
79649: 0.999297
79650: 0.999297
79651: 0.999297
79652: 0.999297
79653: 0.999297
79654: 0.999297
79655: 0.999297
79656: 0.999297
79657: 0.999297
79658: 0.999297
79659: 0.999297
79660: 0.999297
79661: 0.999297
79662: 0.999297
79663: 0.999297
79664: 0.999297
79665: 0.999297
79666: 0.999297
79667: 0.999297
79668: 0.999297
79669: 0.999297
79670: 0.999297
79671: 0.999297
79672: 0.999297
79673: 0.999297
79674: 0.999297
79675: 0.999297
79676: 0.999297
79677: 0.999297
79678: 0.999297
79679: 0.999297
79680: 0.999297
79681: 0.999297
79682: 0.999297
79683: 0.999297
79684: 0.999297
79685: 0.999297
79686: 0.999297
79687: 0.999297
79688: 0.999297
79689: 0.999297
79690: 0.999297
79691: 0.999297
79692: 0.999297
79693: 0.999297
79694: 0.999297
79695: 0.999297
79696: 0.999297
79697: 0.999297
79698: 0.999297
79699: 0.999297
79700: 0.999297
79701: 0.999297
79702: 0.999297
79703: 0.999297
79704: 0.999297
79705: 0.999297
79706: 0.999297
79707: 0.999297
79708: 0.999297
79709: 0.999297
79710: 0.999297
79711: 0.999297
79712: 0.999297
79713: 0.999297
79714: 0.999297
79715: 0.999298
79716: 0.999298
79717: 0.999298
79718: 0.999298
79719: 0.999298
79720: 0.999298
79721: 0.999298
79722: 0.999298
79723: 0.999298
79724: 0.999298
79725: 0.999298
79726: 0.999298
79727: 0.999298
79728: 0.999298
79729: 0.999298
79730: 0.999298
79731: 0.999298
79732: 0.999298
79733: 0.999298
79734: 0.999298
79735: 0.999298
79736: 0.999298
79737: 0.999298
79738: 0.999298
79739: 0.999298
79740: 0.999298
79741: 0.999298
79742: 0.999298
79743: 0.999298
79744: 0.999298
79745: 0.999298
79746: 0.999298
79747: 0.999298
79748: 0.999298
79749: 0.999298
79750: 0.999298
79751: 0.999298
79752: 0.999298
79753: 0.999298
79754: 0.999298
79755: 0.999298
79756: 0.999298
79757: 0.999298
79758: 0.999298
79759: 0.999298
79760: 0.999298
79761: 0.999298
79762: 0.999298
79763: 0.999298
79764: 0.999298
79765: 0.999298
79766: 0.999298
79767: 0.999298
79768: 0.999298
79769: 0.999298
79770: 0.999298
79771: 0.999298
79772: 0.999298
79773: 0.999298
79774: 0.999298
79775: 0.999298
79776: 0.999298
79777: 0.999298
79778: 0.999298
79779: 0.999298
79780: 0.999298
79781: 0.999298
79782: 0.999298
79783: 0.999298
79784: 0.999298
79785: 0.999298
79786: 0.999298
79787: 0.999298
79788: 0.999298
79789: 0.999298
79790: 0.999298
79791: 0.999298
79792: 0.999298
79793: 0.999298
79794: 0.999298
79795: 0.999298
79796: 0.999298
79797: 0.999298
79798: 0.999298
79799: 0.999298
79800: 0.999298
79801: 0.999298
79802: 0.999298
79803: 0.999298
79804: 0.999298
79805: 0.999298
79806: 0.999298
79807: 0.999298
79808: 0.999298
79809: 0.999298
79810: 0.999298
79811: 0.999298
79812: 0.999298
79813: 0.999298
79814: 0.999298
79815: 0.999298
79816: 0.999298
79817: 0.999298
79818: 0.999298
79819: 0.999298
79820: 0.999298
79821: 0.999298
79822: 0.999298
79823: 0.999298
79824: 0.999298
79825: 0.999298
79826: 0.999298
79827: 0.999298
79828: 0.999299
79829: 0.999299
79830: 0.999299
79831: 0.999299
79832: 0.999299
79833: 0.999299
79834: 0.999299
79835: 0.999299
79836: 0.999299
79837: 0.999299
79838: 0.999299
79839: 0.999299
79840: 0.999299
79841: 0.999299
79842: 0.999299
79843: 0.999299
79844: 0.999299
79845: 0.999299
79846: 0.999299
79847: 0.999299
79848: 0.999299
79849: 0.999299
79850: 0.999299
79851: 0.999299
79852: 0.999299
79853: 0.999299
79854: 0.999299
79855: 0.999299
79856: 0.999299
79857: 0.999299
79858: 0.999299
79859: 0.999299
79860: 0.999299
79861: 0.999299
79862: 0.999299
79863: 0.999299
79864: 0.999299
79865: 0.999299
79866: 0.999299
79867: 0.999299
79868: 0.999299
79869: 0.999299
79870: 0.999299
79871: 0.999299
79872: 0.999299
79873: 0.999299
79874: 0.999299
79875: 0.999299
79876: 0.999299
79877: 0.999299
79878: 0.999299
79879: 0.999299
79880: 0.999299
79881: 0.999299
79882: 0.999299
79883: 0.999299
79884: 0.999299
79885: 0.999299
79886: 0.999299
79887: 0.999299
79888: 0.999299
79889: 0.999299
79890: 0.999299
79891: 0.999299
79892: 0.999299
79893: 0.999299
79894: 0.999299
79895: 0.999299
79896: 0.999299
79897: 0.999299
79898: 0.999299
79899: 0.999299
79900: 0.999299
79901: 0.999299
79902: 0.999299
79903: 0.999299
79904: 0.999299
79905: 0.999299
79906: 0.999299
79907: 0.999299
79908: 0.999299
79909: 0.999299
79910: 0.999299
79911: 0.999299
79912: 0.999299
79913: 0.999299
79914: 0.999299
79915: 0.999299
79916: 0.999299
79917: 0.999299
79918: 0.999299
79919: 0.999299
79920: 0.999299
79921: 0.999299
79922: 0.999299
79923: 0.999299
79924: 0.999299
79925: 0.999299
79926: 0.999299
79927: 0.999299
79928: 0.999299
79929: 0.999299
79930: 0.999299
79931: 0.999299
79932: 0.999299
79933: 0.999299
79934: 0.999299
79935: 0.999299
79936: 0.999299
79937: 0.999299
79938: 0.999299
79939: 0.999299
79940: 0.999299
79941: 0.999299
79942: 0.9993
79943: 0.9993
79944: 0.9993
79945: 0.9993
79946: 0.9993
79947: 0.9993
79948: 0.9993
79949: 0.9993
79950: 0.9993
79951: 0.9993
79952: 0.9993
79953: 0.9993
79954: 0.9993
79955: 0.9993
79956: 0.9993
79957: 0.9993
79958: 0.9993
79959: 0.9993
79960: 0.9993
79961: 0.9993
79962: 0.9993
79963: 0.9993
79964: 0.9993
79965: 0.9993
79966: 0.9993
79967: 0.9993
79968: 0.9993
79969: 0.9993
79970: 0.9993
79971: 0.9993
79972: 0.9993
79973: 0.9993
79974: 0.9993
79975: 0.9993
79976: 0.9993
79977: 0.9993
79978: 0.9993
79979: 0.9993
79980: 0.9993
79981: 0.9993
79982: 0.9993
79983: 0.9993
79984: 0.9993
79985: 0.9993
79986: 0.9993
79987: 0.9993
79988: 0.9993
79989: 0.9993
79990: 0.9993
79991: 0.9993
79992: 0.9993
79993: 0.9993
79994: 0.9993
79995: 0.9993
79996: 0.9993
79997: 0.9993
79998: 0.9993
79999: 0.9993
80000: 0.9993
80001: 0.9993
80002: 0.9993
80003: 0.9993
80004: 0.9993
80005: 0.9993
80006: 0.9993
80007: 0.9993
80008: 0.9993
80009: 0.9993
80010: 0.9993
80011: 0.9993
80012: 0.9993
80013: 0.9993
80014: 0.9993
80015: 0.9993
80016: 0.9993
80017: 0.9993
80018: 0.9993
80019: 0.9993
80020: 0.9993
80021: 0.9993
80022: 0.9993
80023: 0.9993
80024: 0.9993
80025: 0.9993
80026: 0.9993
80027: 0.9993
80028: 0.9993
80029: 0.9993
80030: 0.9993
80031: 0.9993
80032: 0.9993
80033: 0.9993
80034: 0.9993
80035: 0.9993
80036: 0.9993
80037: 0.9993
80038: 0.9993
80039: 0.9993
80040: 0.9993
80041: 0.9993
80042: 0.9993
80043: 0.9993
80044: 0.9993
80045: 0.9993
80046: 0.9993
80047: 0.9993
80048: 0.9993
80049: 0.9993
80050: 0.9993
80051: 0.9993
80052: 0.9993
80053: 0.9993
80054: 0.9993
80055: 0.9993
80056: 0.9993
80057: 0.999301
80058: 0.999301
80059: 0.999301
80060: 0.999301
80061: 0.999301
80062: 0.999301
80063: 0.999301
80064: 0.999301
80065: 0.999301
80066: 0.999301
80067: 0.999301
80068: 0.999301
80069: 0.999301
80070: 0.999301
80071: 0.999301
80072: 0.999301
80073: 0.999301
80074: 0.999301
80075: 0.999301
80076: 0.999301
80077: 0.999301
80078: 0.999301
80079: 0.999301
80080: 0.999301
80081: 0.999301
80082: 0.999301
80083: 0.999301
80084: 0.999301
80085: 0.999301
80086: 0.999301
80087: 0.999301
80088: 0.999301
80089: 0.999301
80090: 0.999301
80091: 0.999301
80092: 0.999301
80093: 0.999301
80094: 0.999301
80095: 0.999301
80096: 0.999301
80097: 0.999301
80098: 0.999301
80099: 0.999301
80100: 0.999301
80101: 0.999301
80102: 0.999301
80103: 0.999301
80104: 0.999301
80105: 0.999301
80106: 0.999301
80107: 0.999301
80108: 0.999301
80109: 0.999301
80110: 0.999301
80111: 0.999301
80112: 0.999301
80113: 0.999301
80114: 0.999301
80115: 0.999301
80116: 0.999301
80117: 0.999301
80118: 0.999301
80119: 0.999301
80120: 0.999301
80121: 0.999301
80122: 0.999301
80123: 0.999301
80124: 0.999301
80125: 0.999301
80126: 0.999301
80127: 0.999301
80128: 0.999301
80129: 0.999301
80130: 0.999301
80131: 0.999301
80132: 0.999301
80133: 0.999301
80134: 0.999301
80135: 0.999301
80136: 0.999301
80137: 0.999301
80138: 0.999301
80139: 0.999301
80140: 0.999301
80141: 0.999301
80142: 0.999301
80143: 0.999301
80144: 0.999301
80145: 0.999301
80146: 0.999301
80147: 0.999301
80148: 0.999301
80149: 0.999301
80150: 0.999301
80151: 0.999301
80152: 0.999301
80153: 0.999301
80154: 0.999301
80155: 0.999301
80156: 0.999301
80157: 0.999301
80158: 0.999301
80159: 0.999301
80160: 0.999301
80161: 0.999301
80162: 0.999301
80163: 0.999301
80164: 0.999301
80165: 0.999301
80166: 0.999301
80167: 0.999301
80168: 0.999301
80169: 0.999301
80170: 0.999301
80171: 0.999302
80172: 0.999302
80173: 0.999302
80174: 0.999302
80175: 0.999302
80176: 0.999302
80177: 0.999302
80178: 0.999302
80179: 0.999302
80180: 0.999302
80181: 0.999302
80182: 0.999302
80183: 0.999302
80184: 0.999302
80185: 0.999302
80186: 0.999302
80187: 0.999302
80188: 0.999302
80189: 0.999302
80190: 0.999302
80191: 0.999302
80192: 0.999302
80193: 0.999302
80194: 0.999302
80195: 0.999302
80196: 0.999302
80197: 0.999302
80198: 0.999302
80199: 0.999302
80200: 0.999302
80201: 0.999302
80202: 0.999302
80203: 0.999302
80204: 0.999302
80205: 0.999302
80206: 0.999302
80207: 0.999302
80208: 0.999302
80209: 0.999302
80210: 0.999302
80211: 0.999302
80212: 0.999302
80213: 0.999302
80214: 0.999302
80215: 0.999302
80216: 0.999302
80217: 0.999302
80218: 0.999302
80219: 0.999302
80220: 0.999302
80221: 0.999302
80222: 0.999302
80223: 0.999302
80224: 0.999302
80225: 0.999302
80226: 0.999302
80227: 0.999302
80228: 0.999302
80229: 0.999302
80230: 0.999302
80231: 0.999302
80232: 0.999302
80233: 0.999302
80234: 0.999302
80235: 0.999302
80236: 0.999302
80237: 0.999302
80238: 0.999302
80239: 0.999302
80240: 0.999302
80241: 0.999302
80242: 0.999302
80243: 0.999302
80244: 0.999302
80245: 0.999302
80246: 0.999302
80247: 0.999302
80248: 0.999302
80249: 0.999302
80250: 0.999302
80251: 0.999302
80252: 0.999302
80253: 0.999302
80254: 0.999302
80255: 0.999302
80256: 0.999302
80257: 0.999302
80258: 0.999302
80259: 0.999302
80260: 0.999302
80261: 0.999302
80262: 0.999302
80263: 0.999302
80264: 0.999302
80265: 0.999302
80266: 0.999302
80267: 0.999302
80268: 0.999302
80269: 0.999302
80270: 0.999302
80271: 0.999302
80272: 0.999302
80273: 0.999302
80274: 0.999302
80275: 0.999302
80276: 0.999302
80277: 0.999302
80278: 0.999302
80279: 0.999302
80280: 0.999302
80281: 0.999302
80282: 0.999302
80283: 0.999302
80284: 0.999302
80285: 0.999302
80286: 0.999303
80287: 0.999303
80288: 0.999303
80289: 0.999303
80290: 0.999303
80291: 0.999303
80292: 0.999303
80293: 0.999303
80294: 0.999303
80295: 0.999303
80296: 0.999303
80297: 0.999303
80298: 0.999303
80299: 0.999303
80300: 0.999303
80301: 0.999303
80302: 0.999303
80303: 0.999303
80304: 0.999303
80305: 0.999303
80306: 0.999303
80307: 0.999303
80308: 0.999303
80309: 0.999303
80310: 0.999303
80311: 0.999303
80312: 0.999303
80313: 0.999303
80314: 0.999303
80315: 0.999303
80316: 0.999303
80317: 0.999303
80318: 0.999303
80319: 0.999303
80320: 0.999303
80321: 0.999303
80322: 0.999303
80323: 0.999303
80324: 0.999303
80325: 0.999303
80326: 0.999303
80327: 0.999303
80328: 0.999303
80329: 0.999303
80330: 0.999303
80331: 0.999303
80332: 0.999303
80333: 0.999303
80334: 0.999303
80335: 0.999303
80336: 0.999303
80337: 0.999303
80338: 0.999303
80339: 0.999303
80340: 0.999303
80341: 0.999303
80342: 0.999303
80343: 0.999303
80344: 0.999303
80345: 0.999303
80346: 0.999303
80347: 0.999303
80348: 0.999303
80349: 0.999303
80350: 0.999303
80351: 0.999303
80352: 0.999303
80353: 0.999303
80354: 0.999303
80355: 0.999303
80356: 0.999303
80357: 0.999303
80358: 0.999303
80359: 0.999303
80360: 0.999303
80361: 0.999303
80362: 0.999303
80363: 0.999303
80364: 0.999303
80365: 0.999303
80366: 0.999303
80367: 0.999303
80368: 0.999303
80369: 0.999303
80370: 0.999303
80371: 0.999303
80372: 0.999303
80373: 0.999303
80374: 0.999303
80375: 0.999303
80376: 0.999303
80377: 0.999303
80378: 0.999303
80379: 0.999303
80380: 0.999303
80381: 0.999303
80382: 0.999303
80383: 0.999303
80384: 0.999303
80385: 0.999303
80386: 0.999303
80387: 0.999303
80388: 0.999303
80389: 0.999303
80390: 0.999303
80391: 0.999303
80392: 0.999303
80393: 0.999303
80394: 0.999303
80395: 0.999303
80396: 0.999303
80397: 0.999303
80398: 0.999303
80399: 0.999303
80400: 0.999303
80401: 0.999303
80402: 0.999304
80403: 0.999304
80404: 0.999304
80405: 0.999304
80406: 0.999304
80407: 0.999304
80408: 0.999304
80409: 0.999304
80410: 0.999304
80411: 0.999304
80412: 0.999304
80413: 0.999304
80414: 0.999304
80415: 0.999304
80416: 0.999304
80417: 0.999304
80418: 0.999304
80419: 0.999304
80420: 0.999304
80421: 0.999304
80422: 0.999304
80423: 0.999304
80424: 0.999304
80425: 0.999304
80426: 0.999304
80427: 0.999304
80428: 0.999304
80429: 0.999304
80430: 0.999304
80431: 0.999304
80432: 0.999304
80433: 0.999304
80434: 0.999304
80435: 0.999304
80436: 0.999304
80437: 0.999304
80438: 0.999304
80439: 0.999304
80440: 0.999304
80441: 0.999304
80442: 0.999304
80443: 0.999304
80444: 0.999304
80445: 0.999304
80446: 0.999304
80447: 0.999304
80448: 0.999304
80449: 0.999304
80450: 0.999304
80451: 0.999304
80452: 0.999304
80453: 0.999304
80454: 0.999304
80455: 0.999304
80456: 0.999304
80457: 0.999304
80458: 0.999304
80459: 0.999304
80460: 0.999304
80461: 0.999304
80462: 0.999304
80463: 0.999304
80464: 0.999304
80465: 0.999304
80466: 0.999304
80467: 0.999304
80468: 0.999304
80469: 0.999304
80470: 0.999304
80471: 0.999304
80472: 0.999304
80473: 0.999304
80474: 0.999304
80475: 0.999304
80476: 0.999304
80477: 0.999304
80478: 0.999304
80479: 0.999304
80480: 0.999304
80481: 0.999304
80482: 0.999304
80483: 0.999304
80484: 0.999304
80485: 0.999304
80486: 0.999304
80487: 0.999304
80488: 0.999304
80489: 0.999304
80490: 0.999304
80491: 0.999304
80492: 0.999304
80493: 0.999304
80494: 0.999304
80495: 0.999304
80496: 0.999304
80497: 0.999304
80498: 0.999304
80499: 0.999304
80500: 0.999304
80501: 0.999304
80502: 0.999304
80503: 0.999304
80504: 0.999304
80505: 0.999304
80506: 0.999304
80507: 0.999304
80508: 0.999304
80509: 0.999304
80510: 0.999304
80511: 0.999304
80512: 0.999304
80513: 0.999304
80514: 0.999304
80515: 0.999304
80516: 0.999304
80517: 0.999305
80518: 0.999305
80519: 0.999305
80520: 0.999305
80521: 0.999305
80522: 0.999305
80523: 0.999305
80524: 0.999305
80525: 0.999305
80526: 0.999305
80527: 0.999305
80528: 0.999305
80529: 0.999305
80530: 0.999305
80531: 0.999305
80532: 0.999305
80533: 0.999305
80534: 0.999305
80535: 0.999305
80536: 0.999305
80537: 0.999305
80538: 0.999305
80539: 0.999305
80540: 0.999305
80541: 0.999305
80542: 0.999305
80543: 0.999305
80544: 0.999305
80545: 0.999305
80546: 0.999305
80547: 0.999305
80548: 0.999305
80549: 0.999305
80550: 0.999305
80551: 0.999305
80552: 0.999305
80553: 0.999305
80554: 0.999305
80555: 0.999305
80556: 0.999305
80557: 0.999305
80558: 0.999305
80559: 0.999305
80560: 0.999305
80561: 0.999305
80562: 0.999305
80563: 0.999305
80564: 0.999305
80565: 0.999305
80566: 0.999305
80567: 0.999305
80568: 0.999305
80569: 0.999305
80570: 0.999305
80571: 0.999305
80572: 0.999305
80573: 0.999305
80574: 0.999305
80575: 0.999305
80576: 0.999305
80577: 0.999305
80578: 0.999305
80579: 0.999305
80580: 0.999305
80581: 0.999305
80582: 0.999305
80583: 0.999305
80584: 0.999305
80585: 0.999305
80586: 0.999305
80587: 0.999305
80588: 0.999305
80589: 0.999305
80590: 0.999305
80591: 0.999305
80592: 0.999305
80593: 0.999305
80594: 0.999305
80595: 0.999305
80596: 0.999305
80597: 0.999305
80598: 0.999305
80599: 0.999305
80600: 0.999305
80601: 0.999305
80602: 0.999305
80603: 0.999305
80604: 0.999305
80605: 0.999305
80606: 0.999305
80607: 0.999305
80608: 0.999305
80609: 0.999305
80610: 0.999305
80611: 0.999305
80612: 0.999305
80613: 0.999305
80614: 0.999305
80615: 0.999305
80616: 0.999305
80617: 0.999305
80618: 0.999305
80619: 0.999305
80620: 0.999305
80621: 0.999305
80622: 0.999305
80623: 0.999305
80624: 0.999305
80625: 0.999305
80626: 0.999305
80627: 0.999305
80628: 0.999305
80629: 0.999305
80630: 0.999305
80631: 0.999305
80632: 0.999305
80633: 0.999306
80634: 0.999306
80635: 0.999306
80636: 0.999306
80637: 0.999306
80638: 0.999306
80639: 0.999306
80640: 0.999306
80641: 0.999306
80642: 0.999306
80643: 0.999306
80644: 0.999306
80645: 0.999306
80646: 0.999306
80647: 0.999306
80648: 0.999306
80649: 0.999306
80650: 0.999306
80651: 0.999306
80652: 0.999306
80653: 0.999306
80654: 0.999306
80655: 0.999306
80656: 0.999306
80657: 0.999306
80658: 0.999306
80659: 0.999306
80660: 0.999306
80661: 0.999306
80662: 0.999306
80663: 0.999306
80664: 0.999306
80665: 0.999306
80666: 0.999306
80667: 0.999306
80668: 0.999306
80669: 0.999306
80670: 0.999306
80671: 0.999306
80672: 0.999306
80673: 0.999306
80674: 0.999306
80675: 0.999306
80676: 0.999306
80677: 0.999306
80678: 0.999306
80679: 0.999306
80680: 0.999306
80681: 0.999306
80682: 0.999306
80683: 0.999306
80684: 0.999306
80685: 0.999306
80686: 0.999306
80687: 0.999306
80688: 0.999306
80689: 0.999306
80690: 0.999306
80691: 0.999306
80692: 0.999306
80693: 0.999306
80694: 0.999306
80695: 0.999306
80696: 0.999306
80697: 0.999306
80698: 0.999306
80699: 0.999306
80700: 0.999306
80701: 0.999306
80702: 0.999306
80703: 0.999306
80704: 0.999306
80705: 0.999306
80706: 0.999306
80707: 0.999306
80708: 0.999306
80709: 0.999306
80710: 0.999306
80711: 0.999306
80712: 0.999306
80713: 0.999306
80714: 0.999306
80715: 0.999306
80716: 0.999306
80717: 0.999306
80718: 0.999306
80719: 0.999306
80720: 0.999306
80721: 0.999306
80722: 0.999306
80723: 0.999306
80724: 0.999306
80725: 0.999306
80726: 0.999306
80727: 0.999306
80728: 0.999306
80729: 0.999306
80730: 0.999306
80731: 0.999306
80732: 0.999306
80733: 0.999306
80734: 0.999306
80735: 0.999306
80736: 0.999306
80737: 0.999306
80738: 0.999306
80739: 0.999306
80740: 0.999306
80741: 0.999306
80742: 0.999306
80743: 0.999306
80744: 0.999306
80745: 0.999306
80746: 0.999306
80747: 0.999306
80748: 0.999306
80749: 0.999307
80750: 0.999307
80751: 0.999307
80752: 0.999307
80753: 0.999307
80754: 0.999307
80755: 0.999307
80756: 0.999307
80757: 0.999307
80758: 0.999307
80759: 0.999307
80760: 0.999307
80761: 0.999307
80762: 0.999307
80763: 0.999307
80764: 0.999307
80765: 0.999307
80766: 0.999307
80767: 0.999307
80768: 0.999307
80769: 0.999307
80770: 0.999307
80771: 0.999307
80772: 0.999307
80773: 0.999307
80774: 0.999307
80775: 0.999307
80776: 0.999307
80777: 0.999307
80778: 0.999307
80779: 0.999307
80780: 0.999307
80781: 0.999307
80782: 0.999307
80783: 0.999307
80784: 0.999307
80785: 0.999307
80786: 0.999307
80787: 0.999307
80788: 0.999307
80789: 0.999307
80790: 0.999307
80791: 0.999307
80792: 0.999307
80793: 0.999307
80794: 0.999307
80795: 0.999307
80796: 0.999307
80797: 0.999307
80798: 0.999307
80799: 0.999307
80800: 0.999307
80801: 0.999307
80802: 0.999307
80803: 0.999307
80804: 0.999307
80805: 0.999307
80806: 0.999307
80807: 0.999307
80808: 0.999307
80809: 0.999307
80810: 0.999307
80811: 0.999307
80812: 0.999307
80813: 0.999307
80814: 0.999307
80815: 0.999307
80816: 0.999307
80817: 0.999307
80818: 0.999307
80819: 0.999307
80820: 0.999307
80821: 0.999307
80822: 0.999307
80823: 0.999307
80824: 0.999307
80825: 0.999307
80826: 0.999307
80827: 0.999307
80828: 0.999307
80829: 0.999307
80830: 0.999307
80831: 0.999307
80832: 0.999307
80833: 0.999307
80834: 0.999307
80835: 0.999307
80836: 0.999307
80837: 0.999307
80838: 0.999307
80839: 0.999307
80840: 0.999307
80841: 0.999307
80842: 0.999307
80843: 0.999307
80844: 0.999307
80845: 0.999307
80846: 0.999307
80847: 0.999307
80848: 0.999307
80849: 0.999307
80850: 0.999307
80851: 0.999307
80852: 0.999307
80853: 0.999307
80854: 0.999307
80855: 0.999307
80856: 0.999307
80857: 0.999307
80858: 0.999307
80859: 0.999307
80860: 0.999307
80861: 0.999307
80862: 0.999307
80863: 0.999307
80864: 0.999307
80865: 0.999307
80866: 0.999308
80867: 0.999308
80868: 0.999308
80869: 0.999308
80870: 0.999308
80871: 0.999308
80872: 0.999308
80873: 0.999308
80874: 0.999308
80875: 0.999308
80876: 0.999308
80877: 0.999308
80878: 0.999308
80879: 0.999308
80880: 0.999308
80881: 0.999308
80882: 0.999308
80883: 0.999308
80884: 0.999308
80885: 0.999308
80886: 0.999308
80887: 0.999308
80888: 0.999308
80889: 0.999308
80890: 0.999308
80891: 0.999308
80892: 0.999308
80893: 0.999308
80894: 0.999308
80895: 0.999308
80896: 0.999308
80897: 0.999308
80898: 0.999308
80899: 0.999308
80900: 0.999308
80901: 0.999308
80902: 0.999308
80903: 0.999308
80904: 0.999308
80905: 0.999308
80906: 0.999308
80907: 0.999308
80908: 0.999308
80909: 0.999308
80910: 0.999308
80911: 0.999308
80912: 0.999308
80913: 0.999308
80914: 0.999308
80915: 0.999308
80916: 0.999308
80917: 0.999308
80918: 0.999308
80919: 0.999308
80920: 0.999308
80921: 0.999308
80922: 0.999308
80923: 0.999308
80924: 0.999308
80925: 0.999308
80926: 0.999308
80927: 0.999308
80928: 0.999308
80929: 0.999308
80930: 0.999308
80931: 0.999308
80932: 0.999308
80933: 0.999308
80934: 0.999308
80935: 0.999308
80936: 0.999308
80937: 0.999308
80938: 0.999308
80939: 0.999308
80940: 0.999308
80941: 0.999308
80942: 0.999308
80943: 0.999308
80944: 0.999308
80945: 0.999308
80946: 0.999308
80947: 0.999308
80948: 0.999308
80949: 0.999308
80950: 0.999308
80951: 0.999308
80952: 0.999308
80953: 0.999308
80954: 0.999308
80955: 0.999308
80956: 0.999308
80957: 0.999308
80958: 0.999308
80959: 0.999308
80960: 0.999308
80961: 0.999308
80962: 0.999308
80963: 0.999308
80964: 0.999308
80965: 0.999308
80966: 0.999308
80967: 0.999308
80968: 0.999308
80969: 0.999308
80970: 0.999308
80971: 0.999308
80972: 0.999308
80973: 0.999308
80974: 0.999308
80975: 0.999308
80976: 0.999308
80977: 0.999308
80978: 0.999308
80979: 0.999308
80980: 0.999308
80981: 0.999308
80982: 0.999308
80983: 0.999309
80984: 0.999309
80985: 0.999309
80986: 0.999309
80987: 0.999309
80988: 0.999309
80989: 0.999309
80990: 0.999309
80991: 0.999309
80992: 0.999309
80993: 0.999309
80994: 0.999309
80995: 0.999309
80996: 0.999309
80997: 0.999309
80998: 0.999309
80999: 0.999309
81000: 0.999309
81001: 0.999309
81002: 0.999309
81003: 0.999309
81004: 0.999309
81005: 0.999309
81006: 0.999309
81007: 0.999309
81008: 0.999309
81009: 0.999309
81010: 0.999309
81011: 0.999309
81012: 0.999309
81013: 0.999309
81014: 0.999309
81015: 0.999309
81016: 0.999309
81017: 0.999309
81018: 0.999309
81019: 0.999309
81020: 0.999309
81021: 0.999309
81022: 0.999309
81023: 0.999309
81024: 0.999309
81025: 0.999309
81026: 0.999309
81027: 0.999309
81028: 0.999309
81029: 0.999309
81030: 0.999309
81031: 0.999309
81032: 0.999309
81033: 0.999309
81034: 0.999309
81035: 0.999309
81036: 0.999309
81037: 0.999309
81038: 0.999309
81039: 0.999309
81040: 0.999309
81041: 0.999309
81042: 0.999309
81043: 0.999309
81044: 0.999309
81045: 0.999309
81046: 0.999309
81047: 0.999309
81048: 0.999309
81049: 0.999309
81050: 0.999309
81051: 0.999309
81052: 0.999309
81053: 0.999309
81054: 0.999309
81055: 0.999309
81056: 0.999309
81057: 0.999309
81058: 0.999309
81059: 0.999309
81060: 0.999309
81061: 0.999309
81062: 0.999309
81063: 0.999309
81064: 0.999309
81065: 0.999309
81066: 0.999309
81067: 0.999309
81068: 0.999309
81069: 0.999309
81070: 0.999309
81071: 0.999309
81072: 0.999309
81073: 0.999309
81074: 0.999309
81075: 0.999309
81076: 0.999309
81077: 0.999309
81078: 0.999309
81079: 0.999309
81080: 0.999309
81081: 0.999309
81082: 0.999309
81083: 0.999309
81084: 0.999309
81085: 0.999309
81086: 0.999309
81087: 0.999309
81088: 0.999309
81089: 0.999309
81090: 0.999309
81091: 0.999309
81092: 0.999309
81093: 0.999309
81094: 0.999309
81095: 0.999309
81096: 0.999309
81097: 0.999309
81098: 0.999309
81099: 0.999309
81100: 0.99931
81101: 0.99931
81102: 0.99931
81103: 0.99931
81104: 0.99931
81105: 0.99931
81106: 0.99931
81107: 0.99931
81108: 0.99931
81109: 0.99931
81110: 0.99931
81111: 0.99931
81112: 0.99931
81113: 0.99931
81114: 0.99931
81115: 0.99931
81116: 0.99931
81117: 0.99931
81118: 0.99931
81119: 0.99931
81120: 0.99931
81121: 0.99931
81122: 0.99931
81123: 0.99931
81124: 0.99931
81125: 0.99931
81126: 0.99931
81127: 0.99931
81128: 0.99931
81129: 0.99931
81130: 0.99931
81131: 0.99931
81132: 0.99931
81133: 0.99931
81134: 0.99931
81135: 0.99931
81136: 0.99931
81137: 0.99931
81138: 0.99931
81139: 0.99931
81140: 0.99931
81141: 0.99931
81142: 0.99931
81143: 0.99931
81144: 0.99931
81145: 0.99931
81146: 0.99931
81147: 0.99931
81148: 0.99931
81149: 0.99931
81150: 0.99931
81151: 0.99931
81152: 0.99931
81153: 0.99931
81154: 0.99931
81155: 0.99931
81156: 0.99931
81157: 0.99931
81158: 0.99931
81159: 0.99931
81160: 0.99931
81161: 0.99931
81162: 0.99931
81163: 0.99931
81164: 0.99931
81165: 0.99931
81166: 0.99931
81167: 0.99931
81168: 0.99931
81169: 0.99931
81170: 0.99931
81171: 0.99931
81172: 0.99931
81173: 0.99931
81174: 0.99931
81175: 0.99931
81176: 0.99931
81177: 0.99931
81178: 0.99931
81179: 0.99931
81180: 0.99931
81181: 0.99931
81182: 0.99931
81183: 0.99931
81184: 0.99931
81185: 0.99931
81186: 0.99931
81187: 0.99931
81188: 0.99931
81189: 0.99931
81190: 0.99931
81191: 0.99931
81192: 0.99931
81193: 0.99931
81194: 0.99931
81195: 0.99931
81196: 0.99931
81197: 0.99931
81198: 0.99931
81199: 0.99931
81200: 0.99931
81201: 0.99931
81202: 0.99931
81203: 0.99931
81204: 0.99931
81205: 0.99931
81206: 0.99931
81207: 0.99931
81208: 0.99931
81209: 0.99931
81210: 0.99931
81211: 0.99931
81212: 0.99931
81213: 0.99931
81214: 0.99931
81215: 0.99931
81216: 0.99931
81217: 0.99931
81218: 0.999311
81219: 0.999311
81220: 0.999311
81221: 0.999311
81222: 0.999311
81223: 0.999311
81224: 0.999311
81225: 0.999311
81226: 0.999311
81227: 0.999311
81228: 0.999311
81229: 0.999311
81230: 0.999311
81231: 0.999311
81232: 0.999311
81233: 0.999311
81234: 0.999311
81235: 0.999311
81236: 0.999311
81237: 0.999311
81238: 0.999311
81239: 0.999311
81240: 0.999311
81241: 0.999311
81242: 0.999311
81243: 0.999311
81244: 0.999311
81245: 0.999311
81246: 0.999311
81247: 0.999311
81248: 0.999311
81249: 0.999311
81250: 0.999311
81251: 0.999311
81252: 0.999311
81253: 0.999311
81254: 0.999311
81255: 0.999311
81256: 0.999311
81257: 0.999311
81258: 0.999311
81259: 0.999311
81260: 0.999311
81261: 0.999311
81262: 0.999311
81263: 0.999311
81264: 0.999311
81265: 0.999311
81266: 0.999311
81267: 0.999311
81268: 0.999311
81269: 0.999311
81270: 0.999311
81271: 0.999311
81272: 0.999311
81273: 0.999311
81274: 0.999311
81275: 0.999311
81276: 0.999311
81277: 0.999311
81278: 0.999311
81279: 0.999311
81280: 0.999311
81281: 0.999311
81282: 0.999311
81283: 0.999311
81284: 0.999311
81285: 0.999311
81286: 0.999311
81287: 0.999311
81288: 0.999311
81289: 0.999311
81290: 0.999311
81291: 0.999311
81292: 0.999311
81293: 0.999311
81294: 0.999311
81295: 0.999311
81296: 0.999311
81297: 0.999311
81298: 0.999311
81299: 0.999311
81300: 0.999311
81301: 0.999311
81302: 0.999311
81303: 0.999311
81304: 0.999311
81305: 0.999311
81306: 0.999311
81307: 0.999311
81308: 0.999311
81309: 0.999311
81310: 0.999311
81311: 0.999311
81312: 0.999311
81313: 0.999311
81314: 0.999311
81315: 0.999311
81316: 0.999311
81317: 0.999311
81318: 0.999311
81319: 0.999311
81320: 0.999311
81321: 0.999311
81322: 0.999311
81323: 0.999311
81324: 0.999311
81325: 0.999311
81326: 0.999311
81327: 0.999311
81328: 0.999311
81329: 0.999311
81330: 0.999311
81331: 0.999311
81332: 0.999311
81333: 0.999311
81334: 0.999311
81335: 0.999311
81336: 0.999312
81337: 0.999312
81338: 0.999312
81339: 0.999312
81340: 0.999312
81341: 0.999312
81342: 0.999312
81343: 0.999312
81344: 0.999312
81345: 0.999312
81346: 0.999312
81347: 0.999312
81348: 0.999312
81349: 0.999312
81350: 0.999312
81351: 0.999312
81352: 0.999312
81353: 0.999312
81354: 0.999312
81355: 0.999312
81356: 0.999312
81357: 0.999312
81358: 0.999312
81359: 0.999312
81360: 0.999312
81361: 0.999312
81362: 0.999312
81363: 0.999312
81364: 0.999312
81365: 0.999312
81366: 0.999312
81367: 0.999312
81368: 0.999312
81369: 0.999312
81370: 0.999312
81371: 0.999312
81372: 0.999312
81373: 0.999312
81374: 0.999312
81375: 0.999312
81376: 0.999312
81377: 0.999312
81378: 0.999312
81379: 0.999312
81380: 0.999312
81381: 0.999312
81382: 0.999312
81383: 0.999312
81384: 0.999312
81385: 0.999312
81386: 0.999312
81387: 0.999312
81388: 0.999312
81389: 0.999312
81390: 0.999312
81391: 0.999312
81392: 0.999312
81393: 0.999312
81394: 0.999312
81395: 0.999312
81396: 0.999312
81397: 0.999312
81398: 0.999312
81399: 0.999312
81400: 0.999312
81401: 0.999312
81402: 0.999312
81403: 0.999312
81404: 0.999312
81405: 0.999312
81406: 0.999312
81407: 0.999312
81408: 0.999312
81409: 0.999312
81410: 0.999312
81411: 0.999312
81412: 0.999312
81413: 0.999312
81414: 0.999312
81415: 0.999312
81416: 0.999312
81417: 0.999312
81418: 0.999312
81419: 0.999312
81420: 0.999312
81421: 0.999312
81422: 0.999312
81423: 0.999312
81424: 0.999312
81425: 0.999312
81426: 0.999312
81427: 0.999312
81428: 0.999312
81429: 0.999312
81430: 0.999312
81431: 0.999312
81432: 0.999312
81433: 0.999312
81434: 0.999312
81435: 0.999312
81436: 0.999312
81437: 0.999312
81438: 0.999312
81439: 0.999312
81440: 0.999312
81441: 0.999312
81442: 0.999312
81443: 0.999312
81444: 0.999312
81445: 0.999312
81446: 0.999312
81447: 0.999312
81448: 0.999312
81449: 0.999312
81450: 0.999312
81451: 0.999312
81452: 0.999312
81453: 0.999312
81454: 0.999313
81455: 0.999313
81456: 0.999313
81457: 0.999313
81458: 0.999313
81459: 0.999313
81460: 0.999313
81461: 0.999313
81462: 0.999313
81463: 0.999313
81464: 0.999313
81465: 0.999313
81466: 0.999313
81467: 0.999313
81468: 0.999313
81469: 0.999313
81470: 0.999313
81471: 0.999313
81472: 0.999313
81473: 0.999313
81474: 0.999313
81475: 0.999313
81476: 0.999313
81477: 0.999313
81478: 0.999313
81479: 0.999313
81480: 0.999313
81481: 0.999313
81482: 0.999313
81483: 0.999313
81484: 0.999313
81485: 0.999313
81486: 0.999313
81487: 0.999313
81488: 0.999313
81489: 0.999313
81490: 0.999313
81491: 0.999313
81492: 0.999313
81493: 0.999313
81494: 0.999313
81495: 0.999313
81496: 0.999313
81497: 0.999313
81498: 0.999313
81499: 0.999313
81500: 0.999313
81501: 0.999313
81502: 0.999313
81503: 0.999313
81504: 0.999313
81505: 0.999313
81506: 0.999313
81507: 0.999313
81508: 0.999313
81509: 0.999313
81510: 0.999313
81511: 0.999313
81512: 0.999313
81513: 0.999313
81514: 0.999313
81515: 0.999313
81516: 0.999313
81517: 0.999313
81518: 0.999313
81519: 0.999313
81520: 0.999313
81521: 0.999313
81522: 0.999313
81523: 0.999313
81524: 0.999313
81525: 0.999313
81526: 0.999313
81527: 0.999313
81528: 0.999313
81529: 0.999313
81530: 0.999313
81531: 0.999313
81532: 0.999313
81533: 0.999313
81534: 0.999313
81535: 0.999313
81536: 0.999313
81537: 0.999313
81538: 0.999313
81539: 0.999313
81540: 0.999313
81541: 0.999313
81542: 0.999313
81543: 0.999313
81544: 0.999313
81545: 0.999313
81546: 0.999313
81547: 0.999313
81548: 0.999313
81549: 0.999313
81550: 0.999313
81551: 0.999313
81552: 0.999313
81553: 0.999313
81554: 0.999313
81555: 0.999313
81556: 0.999313
81557: 0.999313
81558: 0.999313
81559: 0.999313
81560: 0.999313
81561: 0.999313
81562: 0.999313
81563: 0.999313
81564: 0.999313
81565: 0.999313
81566: 0.999313
81567: 0.999313
81568: 0.999313
81569: 0.999313
81570: 0.999313
81571: 0.999313
81572: 0.999313
81573: 0.999314
81574: 0.999314
81575: 0.999314
81576: 0.999314
81577: 0.999314
81578: 0.999314
81579: 0.999314
81580: 0.999314
81581: 0.999314
81582: 0.999314
81583: 0.999314
81584: 0.999314
81585: 0.999314
81586: 0.999314
81587: 0.999314
81588: 0.999314
81589: 0.999314
81590: 0.999314
81591: 0.999314
81592: 0.999314
81593: 0.999314
81594: 0.999314
81595: 0.999314
81596: 0.999314
81597: 0.999314
81598: 0.999314
81599: 0.999314
81600: 0.999314
81601: 0.999314
81602: 0.999314
81603: 0.999314
81604: 0.999314
81605: 0.999314
81606: 0.999314
81607: 0.999314
81608: 0.999314
81609: 0.999314
81610: 0.999314
81611: 0.999314
81612: 0.999314
81613: 0.999314
81614: 0.999314
81615: 0.999314
81616: 0.999314
81617: 0.999314
81618: 0.999314
81619: 0.999314
81620: 0.999314
81621: 0.999314
81622: 0.999314
81623: 0.999314
81624: 0.999314
81625: 0.999314
81626: 0.999314
81627: 0.999314
81628: 0.999314
81629: 0.999314
81630: 0.999314
81631: 0.999314
81632: 0.999314
81633: 0.999314
81634: 0.999314
81635: 0.999314
81636: 0.999314
81637: 0.999314
81638: 0.999314
81639: 0.999314
81640: 0.999314
81641: 0.999314
81642: 0.999314
81643: 0.999314
81644: 0.999314
81645: 0.999314
81646: 0.999314
81647: 0.999314
81648: 0.999314
81649: 0.999314
81650: 0.999314
81651: 0.999314
81652: 0.999314
81653: 0.999314
81654: 0.999314
81655: 0.999314
81656: 0.999314
81657: 0.999314
81658: 0.999314
81659: 0.999314
81660: 0.999314
81661: 0.999314
81662: 0.999314
81663: 0.999314
81664: 0.999314
81665: 0.999314
81666: 0.999314
81667: 0.999314
81668: 0.999314
81669: 0.999314
81670: 0.999314
81671: 0.999314
81672: 0.999314
81673: 0.999314
81674: 0.999314
81675: 0.999314
81676: 0.999314
81677: 0.999314
81678: 0.999314
81679: 0.999314
81680: 0.999314
81681: 0.999314
81682: 0.999314
81683: 0.999314
81684: 0.999314
81685: 0.999314
81686: 0.999314
81687: 0.999314
81688: 0.999314
81689: 0.999314
81690: 0.999314
81691: 0.999314
81692: 0.999315
81693: 0.999315
81694: 0.999315
81695: 0.999315
81696: 0.999315
81697: 0.999315
81698: 0.999315
81699: 0.999315
81700: 0.999315
81701: 0.999315
81702: 0.999315
81703: 0.999315
81704: 0.999315
81705: 0.999315
81706: 0.999315
81707: 0.999315
81708: 0.999315
81709: 0.999315
81710: 0.999315
81711: 0.999315
81712: 0.999315
81713: 0.999315
81714: 0.999315
81715: 0.999315
81716: 0.999315
81717: 0.999315
81718: 0.999315
81719: 0.999315
81720: 0.999315
81721: 0.999315
81722: 0.999315
81723: 0.999315
81724: 0.999315
81725: 0.999315
81726: 0.999315
81727: 0.999315
81728: 0.999315
81729: 0.999315
81730: 0.999315
81731: 0.999315
81732: 0.999315
81733: 0.999315
81734: 0.999315
81735: 0.999315
81736: 0.999315
81737: 0.999315
81738: 0.999315
81739: 0.999315
81740: 0.999315
81741: 0.999315
81742: 0.999315
81743: 0.999315
81744: 0.999315
81745: 0.999315
81746: 0.999315
81747: 0.999315
81748: 0.999315
81749: 0.999315
81750: 0.999315
81751: 0.999315
81752: 0.999315
81753: 0.999315
81754: 0.999315
81755: 0.999315
81756: 0.999315
81757: 0.999315
81758: 0.999315
81759: 0.999315
81760: 0.999315
81761: 0.999315
81762: 0.999315
81763: 0.999315
81764: 0.999315
81765: 0.999315
81766: 0.999315
81767: 0.999315
81768: 0.999315
81769: 0.999315
81770: 0.999315
81771: 0.999315
81772: 0.999315
81773: 0.999315
81774: 0.999315
81775: 0.999315
81776: 0.999315
81777: 0.999315
81778: 0.999315
81779: 0.999315
81780: 0.999315
81781: 0.999315
81782: 0.999315
81783: 0.999315
81784: 0.999315
81785: 0.999315
81786: 0.999315
81787: 0.999315
81788: 0.999315
81789: 0.999315
81790: 0.999315
81791: 0.999315
81792: 0.999315
81793: 0.999315
81794: 0.999315
81795: 0.999315
81796: 0.999315
81797: 0.999315
81798: 0.999315
81799: 0.999315
81800: 0.999315
81801: 0.999315
81802: 0.999315
81803: 0.999315
81804: 0.999315
81805: 0.999315
81806: 0.999315
81807: 0.999315
81808: 0.999315
81809: 0.999315
81810: 0.999315
81811: 0.999316
81812: 0.999316
81813: 0.999316
81814: 0.999316
81815: 0.999316
81816: 0.999316
81817: 0.999316
81818: 0.999316
81819: 0.999316
81820: 0.999316
81821: 0.999316
81822: 0.999316
81823: 0.999316
81824: 0.999316
81825: 0.999316
81826: 0.999316
81827: 0.999316
81828: 0.999316
81829: 0.999316
81830: 0.999316
81831: 0.999316
81832: 0.999316
81833: 0.999316
81834: 0.999316
81835: 0.999316
81836: 0.999316
81837: 0.999316
81838: 0.999316
81839: 0.999316
81840: 0.999316
81841: 0.999316
81842: 0.999316
81843: 0.999316
81844: 0.999316
81845: 0.999316
81846: 0.999316
81847: 0.999316
81848: 0.999316
81849: 0.999316
81850: 0.999316
81851: 0.999316
81852: 0.999316
81853: 0.999316
81854: 0.999316
81855: 0.999316
81856: 0.999316
81857: 0.999316
81858: 0.999316
81859: 0.999316
81860: 0.999316
81861: 0.999316
81862: 0.999316
81863: 0.999316
81864: 0.999316
81865: 0.999316
81866: 0.999316
81867: 0.999316
81868: 0.999316
81869: 0.999316
81870: 0.999316
81871: 0.999316
81872: 0.999316
81873: 0.999316
81874: 0.999316
81875: 0.999316
81876: 0.999316
81877: 0.999316
81878: 0.999316
81879: 0.999316
81880: 0.999316
81881: 0.999316
81882: 0.999316
81883: 0.999316
81884: 0.999316
81885: 0.999316
81886: 0.999316
81887: 0.999316
81888: 0.999316
81889: 0.999316
81890: 0.999316
81891: 0.999316
81892: 0.999316
81893: 0.999316
81894: 0.999316
81895: 0.999316
81896: 0.999316
81897: 0.999316
81898: 0.999316
81899: 0.999316
81900: 0.999316
81901: 0.999316
81902: 0.999316
81903: 0.999316
81904: 0.999316
81905: 0.999316
81906: 0.999316
81907: 0.999316
81908: 0.999316
81909: 0.999316
81910: 0.999316
81911: 0.999316
81912: 0.999316
81913: 0.999316
81914: 0.999316
81915: 0.999316
81916: 0.999316
81917: 0.999316
81918: 0.999316
81919: 0.999316
81920: 0.999316
81921: 0.999316
81922: 0.999316
81923: 0.999316
81924: 0.999316
81925: 0.999316
81926: 0.999316
81927: 0.999316
81928: 0.999316
81929: 0.999316
81930: 0.999316
81931: 0.999317
81932: 0.999317
81933: 0.999317
81934: 0.999317
81935: 0.999317
81936: 0.999317
81937: 0.999317
81938: 0.999317
81939: 0.999317
81940: 0.999317
81941: 0.999317
81942: 0.999317
81943: 0.999317
81944: 0.999317
81945: 0.999317
81946: 0.999317
81947: 0.999317
81948: 0.999317
81949: 0.999317
81950: 0.999317
81951: 0.999317
81952: 0.999317
81953: 0.999317
81954: 0.999317
81955: 0.999317
81956: 0.999317
81957: 0.999317
81958: 0.999317
81959: 0.999317
81960: 0.999317
81961: 0.999317
81962: 0.999317
81963: 0.999317
81964: 0.999317
81965: 0.999317
81966: 0.999317
81967: 0.999317
81968: 0.999317
81969: 0.999317
81970: 0.999317
81971: 0.999317
81972: 0.999317
81973: 0.999317
81974: 0.999317
81975: 0.999317
81976: 0.999317
81977: 0.999317
81978: 0.999317
81979: 0.999317
81980: 0.999317
81981: 0.999317
81982: 0.999317
81983: 0.999317
81984: 0.999317
81985: 0.999317
81986: 0.999317
81987: 0.999317
81988: 0.999317
81989: 0.999317
81990: 0.999317
81991: 0.999317
81992: 0.999317
81993: 0.999317
81994: 0.999317
81995: 0.999317
81996: 0.999317
81997: 0.999317
81998: 0.999317
81999: 0.999317
82000: 0.999317
82001: 0.999317
82002: 0.999317
82003: 0.999317
82004: 0.999317
82005: 0.999317
82006: 0.999317
82007: 0.999317
82008: 0.999317
82009: 0.999317
82010: 0.999317
82011: 0.999317
82012: 0.999317
82013: 0.999317
82014: 0.999317
82015: 0.999317
82016: 0.999317
82017: 0.999317
82018: 0.999317
82019: 0.999317
82020: 0.999317
82021: 0.999317
82022: 0.999317
82023: 0.999317
82024: 0.999317
82025: 0.999317
82026: 0.999317
82027: 0.999317
82028: 0.999317
82029: 0.999317
82030: 0.999317
82031: 0.999317
82032: 0.999317
82033: 0.999317
82034: 0.999317
82035: 0.999317
82036: 0.999317
82037: 0.999317
82038: 0.999317
82039: 0.999317
82040: 0.999317
82041: 0.999317
82042: 0.999317
82043: 0.999317
82044: 0.999317
82045: 0.999317
82046: 0.999317
82047: 0.999317
82048: 0.999317
82049: 0.999317
82050: 0.999317
82051: 0.999318
82052: 0.999318
82053: 0.999318
82054: 0.999318
82055: 0.999318
82056: 0.999318
82057: 0.999318
82058: 0.999318
82059: 0.999318
82060: 0.999318
82061: 0.999318
82062: 0.999318
82063: 0.999318
82064: 0.999318
82065: 0.999318
82066: 0.999318
82067: 0.999318
82068: 0.999318
82069: 0.999318
82070: 0.999318
82071: 0.999318
82072: 0.999318
82073: 0.999318
82074: 0.999318
82075: 0.999318
82076: 0.999318
82077: 0.999318
82078: 0.999318
82079: 0.999318
82080: 0.999318
82081: 0.999318
82082: 0.999318
82083: 0.999318
82084: 0.999318
82085: 0.999318
82086: 0.999318
82087: 0.999318
82088: 0.999318
82089: 0.999318
82090: 0.999318
82091: 0.999318
82092: 0.999318
82093: 0.999318
82094: 0.999318
82095: 0.999318
82096: 0.999318
82097: 0.999318
82098: 0.999318
82099: 0.999318
82100: 0.999318
82101: 0.999318
82102: 0.999318
82103: 0.999318
82104: 0.999318
82105: 0.999318
82106: 0.999318
82107: 0.999318
82108: 0.999318
82109: 0.999318
82110: 0.999318
82111: 0.999318
82112: 0.999318
82113: 0.999318
82114: 0.999318
82115: 0.999318
82116: 0.999318
82117: 0.999318
82118: 0.999318
82119: 0.999318
82120: 0.999318
82121: 0.999318
82122: 0.999318
82123: 0.999318
82124: 0.999318
82125: 0.999318
82126: 0.999318
82127: 0.999318
82128: 0.999318
82129: 0.999318
82130: 0.999318
82131: 0.999318
82132: 0.999318
82133: 0.999318
82134: 0.999318
82135: 0.999318
82136: 0.999318
82137: 0.999318
82138: 0.999318
82139: 0.999318
82140: 0.999318
82141: 0.999318
82142: 0.999318
82143: 0.999318
82144: 0.999318
82145: 0.999318
82146: 0.999318
82147: 0.999318
82148: 0.999318
82149: 0.999318
82150: 0.999318
82151: 0.999318
82152: 0.999318
82153: 0.999318
82154: 0.999318
82155: 0.999318
82156: 0.999318
82157: 0.999318
82158: 0.999318
82159: 0.999318
82160: 0.999318
82161: 0.999318
82162: 0.999318
82163: 0.999318
82164: 0.999318
82165: 0.999318
82166: 0.999318
82167: 0.999318
82168: 0.999318
82169: 0.999318
82170: 0.999318
82171: 0.999319
82172: 0.999319
82173: 0.999319
82174: 0.999319
82175: 0.999319
82176: 0.999319
82177: 0.999319
82178: 0.999319
82179: 0.999319
82180: 0.999319
82181: 0.999319
82182: 0.999319
82183: 0.999319
82184: 0.999319
82185: 0.999319
82186: 0.999319
82187: 0.999319
82188: 0.999319
82189: 0.999319
82190: 0.999319
82191: 0.999319
82192: 0.999319
82193: 0.999319
82194: 0.999319
82195: 0.999319
82196: 0.999319
82197: 0.999319
82198: 0.999319
82199: 0.999319
82200: 0.999319
82201: 0.999319
82202: 0.999319
82203: 0.999319
82204: 0.999319
82205: 0.999319
82206: 0.999319
82207: 0.999319
82208: 0.999319
82209: 0.999319
82210: 0.999319
82211: 0.999319
82212: 0.999319
82213: 0.999319
82214: 0.999319
82215: 0.999319
82216: 0.999319
82217: 0.999319
82218: 0.999319
82219: 0.999319
82220: 0.999319
82221: 0.999319
82222: 0.999319
82223: 0.999319
82224: 0.999319
82225: 0.999319
82226: 0.999319
82227: 0.999319
82228: 0.999319
82229: 0.999319
82230: 0.999319
82231: 0.999319
82232: 0.999319
82233: 0.999319
82234: 0.999319
82235: 0.999319
82236: 0.999319
82237: 0.999319
82238: 0.999319
82239: 0.999319
82240: 0.999319
82241: 0.999319
82242: 0.999319
82243: 0.999319
82244: 0.999319
82245: 0.999319
82246: 0.999319
82247: 0.999319
82248: 0.999319
82249: 0.999319
82250: 0.999319
82251: 0.999319
82252: 0.999319
82253: 0.999319
82254: 0.999319
82255: 0.999319
82256: 0.999319
82257: 0.999319
82258: 0.999319
82259: 0.999319
82260: 0.999319
82261: 0.999319
82262: 0.999319
82263: 0.999319
82264: 0.999319
82265: 0.999319
82266: 0.999319
82267: 0.999319
82268: 0.999319
82269: 0.999319
82270: 0.999319
82271: 0.999319
82272: 0.999319
82273: 0.999319
82274: 0.999319
82275: 0.999319
82276: 0.999319
82277: 0.999319
82278: 0.999319
82279: 0.999319
82280: 0.999319
82281: 0.999319
82282: 0.999319
82283: 0.999319
82284: 0.999319
82285: 0.999319
82286: 0.999319
82287: 0.999319
82288: 0.999319
82289: 0.999319
82290: 0.999319
82291: 0.999319
82292: 0.99932
82293: 0.99932
82294: 0.99932
82295: 0.99932
82296: 0.99932
82297: 0.99932
82298: 0.99932
82299: 0.99932
82300: 0.99932
82301: 0.99932
82302: 0.99932
82303: 0.99932
82304: 0.99932
82305: 0.99932
82306: 0.99932
82307: 0.99932
82308: 0.99932
82309: 0.99932
82310: 0.99932
82311: 0.99932
82312: 0.99932
82313: 0.99932
82314: 0.99932
82315: 0.99932
82316: 0.99932
82317: 0.99932
82318: 0.99932
82319: 0.99932
82320: 0.99932
82321: 0.99932
82322: 0.99932
82323: 0.99932
82324: 0.99932
82325: 0.99932
82326: 0.99932
82327: 0.99932
82328: 0.99932
82329: 0.99932
82330: 0.99932
82331: 0.99932
82332: 0.99932
82333: 0.99932
82334: 0.99932
82335: 0.99932
82336: 0.99932
82337: 0.99932
82338: 0.99932
82339: 0.99932
82340: 0.99932
82341: 0.99932
82342: 0.99932
82343: 0.99932
82344: 0.99932
82345: 0.99932
82346: 0.99932
82347: 0.99932
82348: 0.99932
82349: 0.99932
82350: 0.99932
82351: 0.99932
82352: 0.99932
82353: 0.99932
82354: 0.99932
82355: 0.99932
82356: 0.99932
82357: 0.99932
82358: 0.99932
82359: 0.99932
82360: 0.99932
82361: 0.99932
82362: 0.99932
82363: 0.99932
82364: 0.99932
82365: 0.99932
82366: 0.99932
82367: 0.99932
82368: 0.99932
82369: 0.99932
82370: 0.99932
82371: 0.99932
82372: 0.99932
82373: 0.99932
82374: 0.99932
82375: 0.99932
82376: 0.99932
82377: 0.99932
82378: 0.99932
82379: 0.99932
82380: 0.99932
82381: 0.99932
82382: 0.99932
82383: 0.99932
82384: 0.99932
82385: 0.99932
82386: 0.99932
82387: 0.99932
82388: 0.99932
82389: 0.99932
82390: 0.99932
82391: 0.99932
82392: 0.99932
82393: 0.99932
82394: 0.99932
82395: 0.99932
82396: 0.99932
82397: 0.99932
82398: 0.99932
82399: 0.99932
82400: 0.99932
82401: 0.99932
82402: 0.99932
82403: 0.99932
82404: 0.99932
82405: 0.99932
82406: 0.99932
82407: 0.99932
82408: 0.99932
82409: 0.99932
82410: 0.99932
82411: 0.99932
82412: 0.99932
82413: 0.999321
82414: 0.999321
82415: 0.999321
82416: 0.999321
82417: 0.999321
82418: 0.999321
82419: 0.999321
82420: 0.999321
82421: 0.999321
82422: 0.999321
82423: 0.999321
82424: 0.999321
82425: 0.999321
82426: 0.999321
82427: 0.999321
82428: 0.999321
82429: 0.999321
82430: 0.999321
82431: 0.999321
82432: 0.999321
82433: 0.999321
82434: 0.999321
82435: 0.999321
82436: 0.999321
82437: 0.999321
82438: 0.999321
82439: 0.999321
82440: 0.999321
82441: 0.999321
82442: 0.999321
82443: 0.999321
82444: 0.999321
82445: 0.999321
82446: 0.999321
82447: 0.999321
82448: 0.999321
82449: 0.999321
82450: 0.999321
82451: 0.999321
82452: 0.999321
82453: 0.999321
82454: 0.999321
82455: 0.999321
82456: 0.999321
82457: 0.999321
82458: 0.999321
82459: 0.999321
82460: 0.999321
82461: 0.999321
82462: 0.999321
82463: 0.999321
82464: 0.999321
82465: 0.999321
82466: 0.999321
82467: 0.999321
82468: 0.999321
82469: 0.999321
82470: 0.999321
82471: 0.999321
82472: 0.999321
82473: 0.999321
82474: 0.999321
82475: 0.999321
82476: 0.999321
82477: 0.999321
82478: 0.999321
82479: 0.999321
82480: 0.999321
82481: 0.999321
82482: 0.999321
82483: 0.999321
82484: 0.999321
82485: 0.999321
82486: 0.999321
82487: 0.999321
82488: 0.999321
82489: 0.999321
82490: 0.999321
82491: 0.999321
82492: 0.999321
82493: 0.999321
82494: 0.999321
82495: 0.999321
82496: 0.999321
82497: 0.999321
82498: 0.999321
82499: 0.999321
82500: 0.999321
82501: 0.999321
82502: 0.999321
82503: 0.999321
82504: 0.999321
82505: 0.999321
82506: 0.999321
82507: 0.999321
82508: 0.999321
82509: 0.999321
82510: 0.999321
82511: 0.999321
82512: 0.999321
82513: 0.999321
82514: 0.999321
82515: 0.999321
82516: 0.999321
82517: 0.999321
82518: 0.999321
82519: 0.999321
82520: 0.999321
82521: 0.999321
82522: 0.999321
82523: 0.999321
82524: 0.999321
82525: 0.999321
82526: 0.999321
82527: 0.999321
82528: 0.999321
82529: 0.999321
82530: 0.999321
82531: 0.999321
82532: 0.999321
82533: 0.999321
82534: 0.999321
82535: 0.999322
82536: 0.999322
82537: 0.999322
82538: 0.999322
82539: 0.999322
82540: 0.999322
82541: 0.999322
82542: 0.999322
82543: 0.999322
82544: 0.999322
82545: 0.999322
82546: 0.999322
82547: 0.999322
82548: 0.999322
82549: 0.999322
82550: 0.999322
82551: 0.999322
82552: 0.999322
82553: 0.999322
82554: 0.999322
82555: 0.999322
82556: 0.999322
82557: 0.999322
82558: 0.999322
82559: 0.999322
82560: 0.999322
82561: 0.999322
82562: 0.999322
82563: 0.999322
82564: 0.999322
82565: 0.999322
82566: 0.999322
82567: 0.999322
82568: 0.999322
82569: 0.999322
82570: 0.999322
82571: 0.999322
82572: 0.999322
82573: 0.999322
82574: 0.999322
82575: 0.999322
82576: 0.999322
82577: 0.999322
82578: 0.999322
82579: 0.999322
82580: 0.999322
82581: 0.999322
82582: 0.999322
82583: 0.999322
82584: 0.999322
82585: 0.999322
82586: 0.999322
82587: 0.999322
82588: 0.999322
82589: 0.999322
82590: 0.999322
82591: 0.999322
82592: 0.999322
82593: 0.999322
82594: 0.999322
82595: 0.999322
82596: 0.999322
82597: 0.999322
82598: 0.999322
82599: 0.999322
82600: 0.999322
82601: 0.999322
82602: 0.999322
82603: 0.999322
82604: 0.999322
82605: 0.999322
82606: 0.999322
82607: 0.999322
82608: 0.999322
82609: 0.999322
82610: 0.999322
82611: 0.999322
82612: 0.999322
82613: 0.999322
82614: 0.999322
82615: 0.999322
82616: 0.999322
82617: 0.999322
82618: 0.999322
82619: 0.999322
82620: 0.999322
82621: 0.999322
82622: 0.999322
82623: 0.999322
82624: 0.999322
82625: 0.999322
82626: 0.999322
82627: 0.999322
82628: 0.999322
82629: 0.999322
82630: 0.999322
82631: 0.999322
82632: 0.999322
82633: 0.999322
82634: 0.999322
82635: 0.999322
82636: 0.999322
82637: 0.999322
82638: 0.999322
82639: 0.999322
82640: 0.999322
82641: 0.999322
82642: 0.999322
82643: 0.999322
82644: 0.999322
82645: 0.999322
82646: 0.999322
82647: 0.999322
82648: 0.999322
82649: 0.999322
82650: 0.999322
82651: 0.999322
82652: 0.999322
82653: 0.999322
82654: 0.999322
82655: 0.999322
82656: 0.999323
82657: 0.999323
82658: 0.999323
82659: 0.999323
82660: 0.999323
82661: 0.999323
82662: 0.999323
82663: 0.999323
82664: 0.999323
82665: 0.999323
82666: 0.999323
82667: 0.999323
82668: 0.999323
82669: 0.999323
82670: 0.999323
82671: 0.999323
82672: 0.999323
82673: 0.999323
82674: 0.999323
82675: 0.999323
82676: 0.999323
82677: 0.999323
82678: 0.999323
82679: 0.999323
82680: 0.999323
82681: 0.999323
82682: 0.999323
82683: 0.999323
82684: 0.999323
82685: 0.999323
82686: 0.999323
82687: 0.999323
82688: 0.999323
82689: 0.999323
82690: 0.999323
82691: 0.999323
82692: 0.999323
82693: 0.999323
82694: 0.999323
82695: 0.999323
82696: 0.999323
82697: 0.999323
82698: 0.999323
82699: 0.999323
82700: 0.999323
82701: 0.999323
82702: 0.999323
82703: 0.999323
82704: 0.999323
82705: 0.999323
82706: 0.999323
82707: 0.999323
82708: 0.999323
82709: 0.999323
82710: 0.999323
82711: 0.999323
82712: 0.999323
82713: 0.999323
82714: 0.999323
82715: 0.999323
82716: 0.999323
82717: 0.999323
82718: 0.999323
82719: 0.999323
82720: 0.999323
82721: 0.999323
82722: 0.999323
82723: 0.999323
82724: 0.999323
82725: 0.999323
82726: 0.999323
82727: 0.999323
82728: 0.999323
82729: 0.999323
82730: 0.999323
82731: 0.999323
82732: 0.999323
82733: 0.999323
82734: 0.999323
82735: 0.999323
82736: 0.999323
82737: 0.999323
82738: 0.999323
82739: 0.999323
82740: 0.999323
82741: 0.999323
82742: 0.999323
82743: 0.999323
82744: 0.999323
82745: 0.999323
82746: 0.999323
82747: 0.999323
82748: 0.999323
82749: 0.999323
82750: 0.999323
82751: 0.999323
82752: 0.999323
82753: 0.999323
82754: 0.999323
82755: 0.999323
82756: 0.999323
82757: 0.999323
82758: 0.999323
82759: 0.999323
82760: 0.999323
82761: 0.999323
82762: 0.999323
82763: 0.999323
82764: 0.999323
82765: 0.999323
82766: 0.999323
82767: 0.999323
82768: 0.999323
82769: 0.999323
82770: 0.999323
82771: 0.999323
82772: 0.999323
82773: 0.999323
82774: 0.999323
82775: 0.999323
82776: 0.999323
82777: 0.999323
82778: 0.999323
82779: 0.999324
82780: 0.999324
82781: 0.999324
82782: 0.999324
82783: 0.999324
82784: 0.999324
82785: 0.999324
82786: 0.999324
82787: 0.999324
82788: 0.999324
82789: 0.999324
82790: 0.999324
82791: 0.999324
82792: 0.999324
82793: 0.999324
82794: 0.999324
82795: 0.999324
82796: 0.999324
82797: 0.999324
82798: 0.999324
82799: 0.999324
82800: 0.999324
82801: 0.999324
82802: 0.999324
82803: 0.999324
82804: 0.999324
82805: 0.999324
82806: 0.999324
82807: 0.999324
82808: 0.999324
82809: 0.999324
82810: 0.999324
82811: 0.999324
82812: 0.999324
82813: 0.999324
82814: 0.999324
82815: 0.999324
82816: 0.999324
82817: 0.999324
82818: 0.999324
82819: 0.999324
82820: 0.999324
82821: 0.999324
82822: 0.999324
82823: 0.999324
82824: 0.999324
82825: 0.999324
82826: 0.999324
82827: 0.999324
82828: 0.999324
82829: 0.999324
82830: 0.999324
82831: 0.999324
82832: 0.999324
82833: 0.999324
82834: 0.999324
82835: 0.999324
82836: 0.999324
82837: 0.999324
82838: 0.999324
82839: 0.999324
82840: 0.999324
82841: 0.999324
82842: 0.999324
82843: 0.999324
82844: 0.999324
82845: 0.999324
82846: 0.999324
82847: 0.999324
82848: 0.999324
82849: 0.999324
82850: 0.999324
82851: 0.999324
82852: 0.999324
82853: 0.999324
82854: 0.999324
82855: 0.999324
82856: 0.999324
82857: 0.999324
82858: 0.999324
82859: 0.999324
82860: 0.999324
82861: 0.999324
82862: 0.999324
82863: 0.999324
82864: 0.999324
82865: 0.999324
82866: 0.999324
82867: 0.999324
82868: 0.999324
82869: 0.999324
82870: 0.999324
82871: 0.999324
82872: 0.999324
82873: 0.999324
82874: 0.999324
82875: 0.999324
82876: 0.999324
82877: 0.999324
82878: 0.999324
82879: 0.999324
82880: 0.999324
82881: 0.999324
82882: 0.999324
82883: 0.999324
82884: 0.999324
82885: 0.999324
82886: 0.999324
82887: 0.999324
82888: 0.999324
82889: 0.999324
82890: 0.999324
82891: 0.999324
82892: 0.999324
82893: 0.999324
82894: 0.999324
82895: 0.999324
82896: 0.999324
82897: 0.999324
82898: 0.999324
82899: 0.999324
82900: 0.999324
82901: 0.999325
82902: 0.999325
82903: 0.999325
82904: 0.999325
82905: 0.999325
82906: 0.999325
82907: 0.999325
82908: 0.999325
82909: 0.999325
82910: 0.999325
82911: 0.999325
82912: 0.999325
82913: 0.999325
82914: 0.999325
82915: 0.999325
82916: 0.999325
82917: 0.999325
82918: 0.999325
82919: 0.999325
82920: 0.999325
82921: 0.999325
82922: 0.999325
82923: 0.999325
82924: 0.999325
82925: 0.999325
82926: 0.999325
82927: 0.999325
82928: 0.999325
82929: 0.999325
82930: 0.999325
82931: 0.999325
82932: 0.999325
82933: 0.999325
82934: 0.999325
82935: 0.999325
82936: 0.999325
82937: 0.999325
82938: 0.999325
82939: 0.999325
82940: 0.999325
82941: 0.999325
82942: 0.999325
82943: 0.999325
82944: 0.999325
82945: 0.999325
82946: 0.999325
82947: 0.999325
82948: 0.999325
82949: 0.999325
82950: 0.999325
82951: 0.999325
82952: 0.999325
82953: 0.999325
82954: 0.999325
82955: 0.999325
82956: 0.999325
82957: 0.999325
82958: 0.999325
82959: 0.999325
82960: 0.999325
82961: 0.999325
82962: 0.999325
82963: 0.999325
82964: 0.999325
82965: 0.999325
82966: 0.999325
82967: 0.999325
82968: 0.999325
82969: 0.999325
82970: 0.999325
82971: 0.999325
82972: 0.999325
82973: 0.999325
82974: 0.999325
82975: 0.999325
82976: 0.999325
82977: 0.999325
82978: 0.999325
82979: 0.999325
82980: 0.999325
82981: 0.999325
82982: 0.999325
82983: 0.999325
82984: 0.999325
82985: 0.999325
82986: 0.999325
82987: 0.999325
82988: 0.999325
82989: 0.999325
82990: 0.999325
82991: 0.999325
82992: 0.999325
82993: 0.999325
82994: 0.999325
82995: 0.999325
82996: 0.999325
82997: 0.999325
82998: 0.999325
82999: 0.999325
83000: 0.999325
83001: 0.999325
83002: 0.999325
83003: 0.999325
83004: 0.999325
83005: 0.999325
83006: 0.999325
83007: 0.999325
83008: 0.999325
83009: 0.999325
83010: 0.999325
83011: 0.999325
83012: 0.999325
83013: 0.999325
83014: 0.999325
83015: 0.999325
83016: 0.999325
83017: 0.999325
83018: 0.999325
83019: 0.999325
83020: 0.999325
83021: 0.999325
83022: 0.999325
83023: 0.999325
83024: 0.999326
83025: 0.999326
83026: 0.999326
83027: 0.999326
83028: 0.999326
83029: 0.999326
83030: 0.999326
83031: 0.999326
83032: 0.999326
83033: 0.999326
83034: 0.999326
83035: 0.999326
83036: 0.999326
83037: 0.999326
83038: 0.999326
83039: 0.999326
83040: 0.999326
83041: 0.999326
83042: 0.999326
83043: 0.999326
83044: 0.999326
83045: 0.999326
83046: 0.999326
83047: 0.999326
83048: 0.999326
83049: 0.999326
83050: 0.999326
83051: 0.999326
83052: 0.999326
83053: 0.999326
83054: 0.999326
83055: 0.999326
83056: 0.999326
83057: 0.999326
83058: 0.999326
83059: 0.999326
83060: 0.999326
83061: 0.999326
83062: 0.999326
83063: 0.999326
83064: 0.999326
83065: 0.999326
83066: 0.999326
83067: 0.999326
83068: 0.999326
83069: 0.999326
83070: 0.999326
83071: 0.999326
83072: 0.999326
83073: 0.999326
83074: 0.999326
83075: 0.999326
83076: 0.999326
83077: 0.999326
83078: 0.999326
83079: 0.999326
83080: 0.999326
83081: 0.999326
83082: 0.999326
83083: 0.999326
83084: 0.999326
83085: 0.999326
83086: 0.999326
83087: 0.999326
83088: 0.999326
83089: 0.999326
83090: 0.999326
83091: 0.999326
83092: 0.999326
83093: 0.999326
83094: 0.999326
83095: 0.999326
83096: 0.999326
83097: 0.999326
83098: 0.999326
83099: 0.999326
83100: 0.999326
83101: 0.999326
83102: 0.999326
83103: 0.999326
83104: 0.999326
83105: 0.999326
83106: 0.999326
83107: 0.999326
83108: 0.999326
83109: 0.999326
83110: 0.999326
83111: 0.999326
83112: 0.999326
83113: 0.999326
83114: 0.999326
83115: 0.999326
83116: 0.999326
83117: 0.999326
83118: 0.999326
83119: 0.999326
83120: 0.999326
83121: 0.999326
83122: 0.999326
83123: 0.999326
83124: 0.999326
83125: 0.999326
83126: 0.999326
83127: 0.999326
83128: 0.999326
83129: 0.999326
83130: 0.999326
83131: 0.999326
83132: 0.999326
83133: 0.999326
83134: 0.999326
83135: 0.999326
83136: 0.999326
83137: 0.999326
83138: 0.999326
83139: 0.999326
83140: 0.999326
83141: 0.999326
83142: 0.999326
83143: 0.999326
83144: 0.999326
83145: 0.999326
83146: 0.999326
83147: 0.999327
83148: 0.999327
83149: 0.999327
83150: 0.999327
83151: 0.999327
83152: 0.999327
83153: 0.999327
83154: 0.999327
83155: 0.999327
83156: 0.999327
83157: 0.999327
83158: 0.999327
83159: 0.999327
83160: 0.999327
83161: 0.999327
83162: 0.999327
83163: 0.999327
83164: 0.999327
83165: 0.999327
83166: 0.999327
83167: 0.999327
83168: 0.999327
83169: 0.999327
83170: 0.999327
83171: 0.999327
83172: 0.999327
83173: 0.999327
83174: 0.999327
83175: 0.999327
83176: 0.999327
83177: 0.999327
83178: 0.999327
83179: 0.999327
83180: 0.999327
83181: 0.999327
83182: 0.999327
83183: 0.999327
83184: 0.999327
83185: 0.999327
83186: 0.999327
83187: 0.999327
83188: 0.999327
83189: 0.999327
83190: 0.999327
83191: 0.999327
83192: 0.999327
83193: 0.999327
83194: 0.999327
83195: 0.999327
83196: 0.999327
83197: 0.999327
83198: 0.999327
83199: 0.999327
83200: 0.999327
83201: 0.999327
83202: 0.999327
83203: 0.999327
83204: 0.999327
83205: 0.999327
83206: 0.999327
83207: 0.999327
83208: 0.999327
83209: 0.999327
83210: 0.999327
83211: 0.999327
83212: 0.999327
83213: 0.999327
83214: 0.999327
83215: 0.999327
83216: 0.999327
83217: 0.999327
83218: 0.999327
83219: 0.999327
83220: 0.999327
83221: 0.999327
83222: 0.999327
83223: 0.999327
83224: 0.999327
83225: 0.999327
83226: 0.999327
83227: 0.999327
83228: 0.999327
83229: 0.999327
83230: 0.999327
83231: 0.999327
83232: 0.999327
83233: 0.999327
83234: 0.999327
83235: 0.999327
83236: 0.999327
83237: 0.999327
83238: 0.999327
83239: 0.999327
83240: 0.999327
83241: 0.999327
83242: 0.999327
83243: 0.999327
83244: 0.999327
83245: 0.999327
83246: 0.999327
83247: 0.999327
83248: 0.999327
83249: 0.999327
83250: 0.999327
83251: 0.999327
83252: 0.999327
83253: 0.999327
83254: 0.999327
83255: 0.999327
83256: 0.999327
83257: 0.999327
83258: 0.999327
83259: 0.999327
83260: 0.999327
83261: 0.999327
83262: 0.999327
83263: 0.999327
83264: 0.999327
83265: 0.999327
83266: 0.999327
83267: 0.999327
83268: 0.999327
83269: 0.999327
83270: 0.999327
83271: 0.999328
83272: 0.999328
83273: 0.999328
83274: 0.999328
83275: 0.999328
83276: 0.999328
83277: 0.999328
83278: 0.999328
83279: 0.999328
83280: 0.999328
83281: 0.999328
83282: 0.999328
83283: 0.999328
83284: 0.999328
83285: 0.999328
83286: 0.999328
83287: 0.999328
83288: 0.999328
83289: 0.999328
83290: 0.999328
83291: 0.999328
83292: 0.999328
83293: 0.999328
83294: 0.999328
83295: 0.999328
83296: 0.999328
83297: 0.999328
83298: 0.999328
83299: 0.999328
83300: 0.999328
83301: 0.999328
83302: 0.999328
83303: 0.999328
83304: 0.999328
83305: 0.999328
83306: 0.999328
83307: 0.999328
83308: 0.999328
83309: 0.999328
83310: 0.999328
83311: 0.999328
83312: 0.999328
83313: 0.999328
83314: 0.999328
83315: 0.999328
83316: 0.999328
83317: 0.999328
83318: 0.999328
83319: 0.999328
83320: 0.999328
83321: 0.999328
83322: 0.999328
83323: 0.999328
83324: 0.999328
83325: 0.999328
83326: 0.999328
83327: 0.999328
83328: 0.999328
83329: 0.999328
83330: 0.999328
83331: 0.999328
83332: 0.999328
83333: 0.999328
83334: 0.999328
83335: 0.999328
83336: 0.999328
83337: 0.999328
83338: 0.999328
83339: 0.999328
83340: 0.999328
83341: 0.999328
83342: 0.999328
83343: 0.999328
83344: 0.999328
83345: 0.999328
83346: 0.999328
83347: 0.999328
83348: 0.999328
83349: 0.999328
83350: 0.999328
83351: 0.999328
83352: 0.999328
83353: 0.999328
83354: 0.999328
83355: 0.999328
83356: 0.999328
83357: 0.999328
83358: 0.999328
83359: 0.999328
83360: 0.999328
83361: 0.999328
83362: 0.999328
83363: 0.999328
83364: 0.999328
83365: 0.999328
83366: 0.999328
83367: 0.999328
83368: 0.999328
83369: 0.999328
83370: 0.999328
83371: 0.999328
83372: 0.999328
83373: 0.999328
83374: 0.999328
83375: 0.999328
83376: 0.999328
83377: 0.999328
83378: 0.999328
83379: 0.999328
83380: 0.999328
83381: 0.999328
83382: 0.999328
83383: 0.999328
83384: 0.999328
83385: 0.999328
83386: 0.999328
83387: 0.999328
83388: 0.999328
83389: 0.999328
83390: 0.999328
83391: 0.999328
83392: 0.999328
83393: 0.999328
83394: 0.999328
83395: 0.999329
83396: 0.999329
83397: 0.999329
83398: 0.999329
83399: 0.999329
83400: 0.999329
83401: 0.999329
83402: 0.999329
83403: 0.999329
83404: 0.999329
83405: 0.999329
83406: 0.999329
83407: 0.999329
83408: 0.999329
83409: 0.999329
83410: 0.999329
83411: 0.999329
83412: 0.999329
83413: 0.999329
83414: 0.999329
83415: 0.999329
83416: 0.999329
83417: 0.999329
83418: 0.999329
83419: 0.999329
83420: 0.999329
83421: 0.999329
83422: 0.999329
83423: 0.999329
83424: 0.999329
83425: 0.999329
83426: 0.999329
83427: 0.999329
83428: 0.999329
83429: 0.999329
83430: 0.999329
83431: 0.999329
83432: 0.999329
83433: 0.999329
83434: 0.999329
83435: 0.999329
83436: 0.999329
83437: 0.999329
83438: 0.999329
83439: 0.999329
83440: 0.999329
83441: 0.999329
83442: 0.999329
83443: 0.999329
83444: 0.999329
83445: 0.999329
83446: 0.999329
83447: 0.999329
83448: 0.999329
83449: 0.999329
83450: 0.999329
83451: 0.999329
83452: 0.999329
83453: 0.999329
83454: 0.999329
83455: 0.999329
83456: 0.999329
83457: 0.999329
83458: 0.999329
83459: 0.999329
83460: 0.999329
83461: 0.999329
83462: 0.999329
83463: 0.999329
83464: 0.999329
83465: 0.999329
83466: 0.999329
83467: 0.999329
83468: 0.999329
83469: 0.999329
83470: 0.999329
83471: 0.999329
83472: 0.999329
83473: 0.999329
83474: 0.999329
83475: 0.999329
83476: 0.999329
83477: 0.999329
83478: 0.999329
83479: 0.999329
83480: 0.999329
83481: 0.999329
83482: 0.999329
83483: 0.999329
83484: 0.999329
83485: 0.999329
83486: 0.999329
83487: 0.999329
83488: 0.999329
83489: 0.999329
83490: 0.999329
83491: 0.999329
83492: 0.999329
83493: 0.999329
83494: 0.999329
83495: 0.999329
83496: 0.999329
83497: 0.999329
83498: 0.999329
83499: 0.999329
83500: 0.999329
83501: 0.999329
83502: 0.999329
83503: 0.999329
83504: 0.999329
83505: 0.999329
83506: 0.999329
83507: 0.999329
83508: 0.999329
83509: 0.999329
83510: 0.999329
83511: 0.999329
83512: 0.999329
83513: 0.999329
83514: 0.999329
83515: 0.999329
83516: 0.999329
83517: 0.999329
83518: 0.999329
83519: 0.99933
83520: 0.99933
83521: 0.99933
83522: 0.99933
83523: 0.99933
83524: 0.99933
83525: 0.99933
83526: 0.99933
83527: 0.99933
83528: 0.99933
83529: 0.99933
83530: 0.99933
83531: 0.99933
83532: 0.99933
83533: 0.99933
83534: 0.99933
83535: 0.99933
83536: 0.99933
83537: 0.99933
83538: 0.99933
83539: 0.99933
83540: 0.99933
83541: 0.99933
83542: 0.99933
83543: 0.99933
83544: 0.99933
83545: 0.99933
83546: 0.99933
83547: 0.99933
83548: 0.99933
83549: 0.99933
83550: 0.99933
83551: 0.99933
83552: 0.99933
83553: 0.99933
83554: 0.99933
83555: 0.99933
83556: 0.99933
83557: 0.99933
83558: 0.99933
83559: 0.99933
83560: 0.99933
83561: 0.99933
83562: 0.99933
83563: 0.99933
83564: 0.99933
83565: 0.99933
83566: 0.99933
83567: 0.99933
83568: 0.99933
83569: 0.99933
83570: 0.99933
83571: 0.99933
83572: 0.99933
83573: 0.99933
83574: 0.99933
83575: 0.99933
83576: 0.99933
83577: 0.99933
83578: 0.99933
83579: 0.99933
83580: 0.99933
83581: 0.99933
83582: 0.99933
83583: 0.99933
83584: 0.99933
83585: 0.99933
83586: 0.99933
83587: 0.99933
83588: 0.99933
83589: 0.99933
83590: 0.99933
83591: 0.99933
83592: 0.99933
83593: 0.99933
83594: 0.99933
83595: 0.99933
83596: 0.99933
83597: 0.99933
83598: 0.99933
83599: 0.99933
83600: 0.99933
83601: 0.99933
83602: 0.99933
83603: 0.99933
83604: 0.99933
83605: 0.99933
83606: 0.99933
83607: 0.99933
83608: 0.99933
83609: 0.99933
83610: 0.99933
83611: 0.99933
83612: 0.99933
83613: 0.99933
83614: 0.99933
83615: 0.99933
83616: 0.99933
83617: 0.99933
83618: 0.99933
83619: 0.99933
83620: 0.99933
83621: 0.99933
83622: 0.99933
83623: 0.99933
83624: 0.99933
83625: 0.99933
83626: 0.99933
83627: 0.99933
83628: 0.99933
83629: 0.99933
83630: 0.99933
83631: 0.99933
83632: 0.99933
83633: 0.99933
83634: 0.99933
83635: 0.99933
83636: 0.99933
83637: 0.99933
83638: 0.99933
83639: 0.99933
83640: 0.99933
83641: 0.99933
83642: 0.99933
83643: 0.99933
83644: 0.999331
83645: 0.999331
83646: 0.999331
83647: 0.999331
83648: 0.999331
83649: 0.999331
83650: 0.999331
83651: 0.999331
83652: 0.999331
83653: 0.999331
83654: 0.999331
83655: 0.999331
83656: 0.999331
83657: 0.999331
83658: 0.999331
83659: 0.999331
83660: 0.999331
83661: 0.999331
83662: 0.999331
83663: 0.999331
83664: 0.999331
83665: 0.999331
83666: 0.999331
83667: 0.999331
83668: 0.999331
83669: 0.999331
83670: 0.999331
83671: 0.999331
83672: 0.999331
83673: 0.999331
83674: 0.999331
83675: 0.999331
83676: 0.999331
83677: 0.999331
83678: 0.999331
83679: 0.999331
83680: 0.999331
83681: 0.999331
83682: 0.999331
83683: 0.999331
83684: 0.999331
83685: 0.999331
83686: 0.999331
83687: 0.999331
83688: 0.999331
83689: 0.999331
83690: 0.999331
83691: 0.999331
83692: 0.999331
83693: 0.999331
83694: 0.999331
83695: 0.999331
83696: 0.999331
83697: 0.999331
83698: 0.999331
83699: 0.999331
83700: 0.999331
83701: 0.999331
83702: 0.999331
83703: 0.999331
83704: 0.999331
83705: 0.999331
83706: 0.999331
83707: 0.999331
83708: 0.999331
83709: 0.999331
83710: 0.999331
83711: 0.999331
83712: 0.999331
83713: 0.999331
83714: 0.999331
83715: 0.999331
83716: 0.999331
83717: 0.999331
83718: 0.999331
83719: 0.999331
83720: 0.999331
83721: 0.999331
83722: 0.999331
83723: 0.999331
83724: 0.999331
83725: 0.999331
83726: 0.999331
83727: 0.999331
83728: 0.999331
83729: 0.999331
83730: 0.999331
83731: 0.999331
83732: 0.999331
83733: 0.999331
83734: 0.999331
83735: 0.999331
83736: 0.999331
83737: 0.999331
83738: 0.999331
83739: 0.999331
83740: 0.999331
83741: 0.999331
83742: 0.999331
83743: 0.999331
83744: 0.999331
83745: 0.999331
83746: 0.999331
83747: 0.999331
83748: 0.999331
83749: 0.999331
83750: 0.999331
83751: 0.999331
83752: 0.999331
83753: 0.999331
83754: 0.999331
83755: 0.999331
83756: 0.999331
83757: 0.999331
83758: 0.999331
83759: 0.999331
83760: 0.999331
83761: 0.999331
83762: 0.999331
83763: 0.999331
83764: 0.999331
83765: 0.999331
83766: 0.999331
83767: 0.999331
83768: 0.999331
83769: 0.999332
83770: 0.999332
83771: 0.999332
83772: 0.999332
83773: 0.999332
83774: 0.999332
83775: 0.999332
83776: 0.999332
83777: 0.999332
83778: 0.999332
83779: 0.999332
83780: 0.999332
83781: 0.999332
83782: 0.999332
83783: 0.999332
83784: 0.999332
83785: 0.999332
83786: 0.999332
83787: 0.999332
83788: 0.999332
83789: 0.999332
83790: 0.999332
83791: 0.999332
83792: 0.999332
83793: 0.999332
83794: 0.999332
83795: 0.999332
83796: 0.999332
83797: 0.999332
83798: 0.999332
83799: 0.999332
83800: 0.999332
83801: 0.999332
83802: 0.999332
83803: 0.999332
83804: 0.999332
83805: 0.999332
83806: 0.999332
83807: 0.999332
83808: 0.999332
83809: 0.999332
83810: 0.999332
83811: 0.999332
83812: 0.999332
83813: 0.999332
83814: 0.999332
83815: 0.999332
83816: 0.999332
83817: 0.999332
83818: 0.999332
83819: 0.999332
83820: 0.999332
83821: 0.999332
83822: 0.999332
83823: 0.999332
83824: 0.999332
83825: 0.999332
83826: 0.999332
83827: 0.999332
83828: 0.999332
83829: 0.999332
83830: 0.999332
83831: 0.999332
83832: 0.999332
83833: 0.999332
83834: 0.999332
83835: 0.999332
83836: 0.999332
83837: 0.999332
83838: 0.999332
83839: 0.999332
83840: 0.999332
83841: 0.999332
83842: 0.999332
83843: 0.999332
83844: 0.999332
83845: 0.999332
83846: 0.999332
83847: 0.999332
83848: 0.999332
83849: 0.999332
83850: 0.999332
83851: 0.999332
83852: 0.999332
83853: 0.999332
83854: 0.999332
83855: 0.999332
83856: 0.999332
83857: 0.999332
83858: 0.999332
83859: 0.999332
83860: 0.999332
83861: 0.999332
83862: 0.999332
83863: 0.999332
83864: 0.999332
83865: 0.999332
83866: 0.999332
83867: 0.999332
83868: 0.999332
83869: 0.999332
83870: 0.999332
83871: 0.999332
83872: 0.999332
83873: 0.999332
83874: 0.999332
83875: 0.999332
83876: 0.999332
83877: 0.999332
83878: 0.999332
83879: 0.999332
83880: 0.999332
83881: 0.999332
83882: 0.999332
83883: 0.999332
83884: 0.999332
83885: 0.999332
83886: 0.999332
83887: 0.999332
83888: 0.999332
83889: 0.999332
83890: 0.999332
83891: 0.999332
83892: 0.999332
83893: 0.999332
83894: 0.999332
83895: 0.999333
83896: 0.999333
83897: 0.999333
83898: 0.999333
83899: 0.999333
83900: 0.999333
83901: 0.999333
83902: 0.999333
83903: 0.999333
83904: 0.999333
83905: 0.999333
83906: 0.999333
83907: 0.999333
83908: 0.999333
83909: 0.999333
83910: 0.999333
83911: 0.999333
83912: 0.999333
83913: 0.999333
83914: 0.999333
83915: 0.999333
83916: 0.999333
83917: 0.999333
83918: 0.999333
83919: 0.999333
83920: 0.999333
83921: 0.999333
83922: 0.999333
83923: 0.999333
83924: 0.999333
83925: 0.999333
83926: 0.999333
83927: 0.999333
83928: 0.999333
83929: 0.999333
83930: 0.999333
83931: 0.999333
83932: 0.999333
83933: 0.999333
83934: 0.999333
83935: 0.999333
83936: 0.999333
83937: 0.999333
83938: 0.999333
83939: 0.999333
83940: 0.999333
83941: 0.999333
83942: 0.999333
83943: 0.999333
83944: 0.999333
83945: 0.999333
83946: 0.999333
83947: 0.999333
83948: 0.999333
83949: 0.999333
83950: 0.999333
83951: 0.999333
83952: 0.999333
83953: 0.999333
83954: 0.999333
83955: 0.999333
83956: 0.999333
83957: 0.999333
83958: 0.999333
83959: 0.999333
83960: 0.999333
83961: 0.999333
83962: 0.999333
83963: 0.999333
83964: 0.999333
83965: 0.999333
83966: 0.999333
83967: 0.999333
83968: 0.999333
83969: 0.999333
83970: 0.999333
83971: 0.999333
83972: 0.999333
83973: 0.999333
83974: 0.999333
83975: 0.999333
83976: 0.999333
83977: 0.999333
83978: 0.999333
83979: 0.999333
83980: 0.999333
83981: 0.999333
83982: 0.999333
83983: 0.999333
83984: 0.999333
83985: 0.999333
83986: 0.999333
83987: 0.999333
83988: 0.999333
83989: 0.999333
83990: 0.999333
83991: 0.999333
83992: 0.999333
83993: 0.999333
83994: 0.999333
83995: 0.999333
83996: 0.999333
83997: 0.999333
83998: 0.999333
83999: 0.999333
84000: 0.999333
84001: 0.999333
84002: 0.999333
84003: 0.999333
84004: 0.999333
84005: 0.999333
84006: 0.999333
84007: 0.999333
84008: 0.999333
84009: 0.999333
84010: 0.999333
84011: 0.999333
84012: 0.999333
84013: 0.999333
84014: 0.999333
84015: 0.999333
84016: 0.999333
84017: 0.999333
84018: 0.999333
84019: 0.999333
84020: 0.999333
84021: 0.999334
84022: 0.999334
84023: 0.999334
84024: 0.999334
84025: 0.999334
84026: 0.999334
84027: 0.999334
84028: 0.999334
84029: 0.999334
84030: 0.999334
84031: 0.999334
84032: 0.999334
84033: 0.999334
84034: 0.999334
84035: 0.999334
84036: 0.999334
84037: 0.999334
84038: 0.999334
84039: 0.999334
84040: 0.999334
84041: 0.999334
84042: 0.999334
84043: 0.999334
84044: 0.999334
84045: 0.999334
84046: 0.999334
84047: 0.999334
84048: 0.999334
84049: 0.999334
84050: 0.999334
84051: 0.999334
84052: 0.999334
84053: 0.999334
84054: 0.999334
84055: 0.999334
84056: 0.999334
84057: 0.999334
84058: 0.999334
84059: 0.999334
84060: 0.999334
84061: 0.999334
84062: 0.999334
84063: 0.999334
84064: 0.999334
84065: 0.999334
84066: 0.999334
84067: 0.999334
84068: 0.999334
84069: 0.999334
84070: 0.999334
84071: 0.999334
84072: 0.999334
84073: 0.999334
84074: 0.999334
84075: 0.999334
84076: 0.999334
84077: 0.999334
84078: 0.999334
84079: 0.999334
84080: 0.999334
84081: 0.999334
84082: 0.999334
84083: 0.999334
84084: 0.999334
84085: 0.999334
84086: 0.999334
84087: 0.999334
84088: 0.999334
84089: 0.999334
84090: 0.999334
84091: 0.999334
84092: 0.999334
84093: 0.999334
84094: 0.999334
84095: 0.999334
84096: 0.999334
84097: 0.999334
84098: 0.999334
84099: 0.999334
84100: 0.999334
84101: 0.999334
84102: 0.999334
84103: 0.999334
84104: 0.999334
84105: 0.999334
84106: 0.999334
84107: 0.999334
84108: 0.999334
84109: 0.999334
84110: 0.999334
84111: 0.999334
84112: 0.999334
84113: 0.999334
84114: 0.999334
84115: 0.999334
84116: 0.999334
84117: 0.999334
84118: 0.999334
84119: 0.999334
84120: 0.999334
84121: 0.999334
84122: 0.999334
84123: 0.999334
84124: 0.999334
84125: 0.999334
84126: 0.999334
84127: 0.999334
84128: 0.999334
84129: 0.999334
84130: 0.999334
84131: 0.999334
84132: 0.999334
84133: 0.999334
84134: 0.999334
84135: 0.999334
84136: 0.999323
84137: 0.999311
84138: 0.999299
84139: 0.999287
84140: 0.999275
84141: 0.999263
84142: 0.999263
84143: 0.999263
84144: 0.999263
84145: 0.999263
84146: 0.999263
84147: 0.999263
84148: 0.999263
84149: 0.999263
84150: 0.999263
84151: 0.999263
84152: 0.999263
84153: 0.999263
84154: 0.999263
84155: 0.999263
84156: 0.999263
84157: 0.999263
84158: 0.999263
84159: 0.999263
84160: 0.999263
84161: 0.999263
84162: 0.999263
84163: 0.999263
84164: 0.999263
84165: 0.999263
84166: 0.999263
84167: 0.999263
84168: 0.999263
84169: 0.999263
84170: 0.999263
84171: 0.999263
84172: 0.999263
84173: 0.999263
84174: 0.999263
84175: 0.999263
84176: 0.999263
84177: 0.999263
84178: 0.999263
84179: 0.999263
84180: 0.999263
84181: 0.999264
84182: 0.999264
84183: 0.999264
84184: 0.999264
84185: 0.999264
84186: 0.999264
84187: 0.999264
84188: 0.999264
84189: 0.999264
84190: 0.999264
84191: 0.999264
84192: 0.999264
84193: 0.999264
84194: 0.999264
84195: 0.999264
84196: 0.999264
84197: 0.999264
84198: 0.999264
84199: 0.999264
84200: 0.999264
84201: 0.999264
84202: 0.999264
84203: 0.999264
84204: 0.999264
84205: 0.999264
84206: 0.999264
84207: 0.999264
84208: 0.999264
84209: 0.999264
84210: 0.999264
84211: 0.999264
84212: 0.999264
84213: 0.999264
84214: 0.999264
84215: 0.999264
84216: 0.999264
84217: 0.999264
84218: 0.999264
84219: 0.999264
84220: 0.999264
84221: 0.999264
84222: 0.999264
84223: 0.999264
84224: 0.999264
84225: 0.999264
84226: 0.999264
84227: 0.999264
84228: 0.999264
84229: 0.999264
84230: 0.999264
84231: 0.999264
84232: 0.999264
84233: 0.999264
84234: 0.999264
84235: 0.999264
84236: 0.999264
84237: 0.999264
84238: 0.999264
84239: 0.999264
84240: 0.999264
84241: 0.999264
84242: 0.999264
84243: 0.999264
84244: 0.999264
84245: 0.999264
84246: 0.999264
84247: 0.999264
84248: 0.999264
84249: 0.999264
84250: 0.999264
84251: 0.999264
84252: 0.999264
84253: 0.999264
84254: 0.999264
84255: 0.999264
84256: 0.999264
84257: 0.999264
84258: 0.999264
84259: 0.999264
84260: 0.999264
84261: 0.999264
84262: 0.999264
84263: 0.999264
84264: 0.999264
84265: 0.999264
84266: 0.999264
84267: 0.999264
84268: 0.999264
84269: 0.999264
84270: 0.999264
84271: 0.999264
84272: 0.999264
84273: 0.999264
84274: 0.999264
84275: 0.999264
84276: 0.999264
84277: 0.999264
84278: 0.999264
84279: 0.999264
84280: 0.999264
84281: 0.999264
84282: 0.999264
84283: 0.999264
84284: 0.999264
84285: 0.999264
84286: 0.999264
84287: 0.999264
84288: 0.999264
84289: 0.999264
84290: 0.999264
84291: 0.999264
84292: 0.999264
84293: 0.999264
84294: 0.999264
84295: 0.999264
84296: 0.999265
84297: 0.999265
84298: 0.999265
84299: 0.999265
84300: 0.999265
84301: 0.999265
84302: 0.999265
84303: 0.999265
84304: 0.999265
84305: 0.999265
84306: 0.999265
84307: 0.999265
84308: 0.999265
84309: 0.999265
84310: 0.999265
84311: 0.999265
84312: 0.999265
84313: 0.999265
84314: 0.999265
84315: 0.999265
84316: 0.999265
84317: 0.999265
84318: 0.999265
84319: 0.999265
84320: 0.999265
84321: 0.999265
84322: 0.999265
84323: 0.999265
84324: 0.999265
84325: 0.999265
84326: 0.999265
84327: 0.999265
84328: 0.999265
84329: 0.999265
84330: 0.999265
84331: 0.999265
84332: 0.999265
84333: 0.999265
84334: 0.999265
84335: 0.999265
84336: 0.999265
84337: 0.999265
84338: 0.999265
84339: 0.999265
84340: 0.999265
84341: 0.999265
84342: 0.999265
84343: 0.999265
84344: 0.999265
84345: 0.999265
84346: 0.999265
84347: 0.999265
84348: 0.999265
84349: 0.999265
84350: 0.999265
84351: 0.999265
84352: 0.999265
84353: 0.999265
84354: 0.999265
84355: 0.999265
84356: 0.999265
84357: 0.999265
84358: 0.999265
84359: 0.999265
84360: 0.999265
84361: 0.999265
84362: 0.999265
84363: 0.999265
84364: 0.999265
84365: 0.999265
84366: 0.999265
84367: 0.999265
84368: 0.999265
84369: 0.999265
84370: 0.999265
84371: 0.999265
84372: 0.999265
84373: 0.999265
84374: 0.999265
84375: 0.999265
84376: 0.999265
84377: 0.999265
84378: 0.999265
84379: 0.999265
84380: 0.999265
84381: 0.999265
84382: 0.999265
84383: 0.999265
84384: 0.999265
84385: 0.999265
84386: 0.999265
84387: 0.999265
84388: 0.999265
84389: 0.999265
84390: 0.999265
84391: 0.999265
84392: 0.999265
84393: 0.999265
84394: 0.999265
84395: 0.999265
84396: 0.999265
84397: 0.999265
84398: 0.999265
84399: 0.999265
84400: 0.999265
84401: 0.999265
84402: 0.999265
84403: 0.999265
84404: 0.999265
84405: 0.999265
84406: 0.999265
84407: 0.999265
84408: 0.999265
84409: 0.999265
84410: 0.999265
84411: 0.999266
84412: 0.999266
84413: 0.999266
84414: 0.999266
84415: 0.999266
84416: 0.999266
84417: 0.999266
84418: 0.999266
84419: 0.999266
84420: 0.999266
84421: 0.999266
84422: 0.999266
84423: 0.999266
84424: 0.999266
84425: 0.999266
84426: 0.999266
84427: 0.999266
84428: 0.999266
84429: 0.999266
84430: 0.999266
84431: 0.999266
84432: 0.999266
84433: 0.999266
84434: 0.999266
84435: 0.999266
84436: 0.999266
84437: 0.999266
84438: 0.999266
84439: 0.999266
84440: 0.999266
84441: 0.999266
84442: 0.999266
84443: 0.999266
84444: 0.999266
84445: 0.999266
84446: 0.999266
84447: 0.999266
84448: 0.999266
84449: 0.999266
84450: 0.999266
84451: 0.999266
84452: 0.999266
84453: 0.999266
84454: 0.999266
84455: 0.999266
84456: 0.999266
84457: 0.999266
84458: 0.999266
84459: 0.999266
84460: 0.999266
84461: 0.999266
84462: 0.999266
84463: 0.999266
84464: 0.999266
84465: 0.999266
84466: 0.999266
84467: 0.999266
84468: 0.999266
84469: 0.999266
84470: 0.999266
84471: 0.999266
84472: 0.999266
84473: 0.999266
84474: 0.999266
84475: 0.999266
84476: 0.999266
84477: 0.999266
84478: 0.999266
84479: 0.999266
84480: 0.999266
84481: 0.999266
84482: 0.999266
84483: 0.999266
84484: 0.999266
84485: 0.999266
84486: 0.999266
84487: 0.999266
84488: 0.999266
84489: 0.999266
84490: 0.999266
84491: 0.999266
84492: 0.999266
84493: 0.999266
84494: 0.999266
84495: 0.999266
84496: 0.999266
84497: 0.999266
84498: 0.999266
84499: 0.999266
84500: 0.999266
84501: 0.999266
84502: 0.999266
84503: 0.999266
84504: 0.999266
84505: 0.999266
84506: 0.999266
84507: 0.999266
84508: 0.999266
84509: 0.999266
84510: 0.999266
84511: 0.999266
84512: 0.999266
84513: 0.999266
84514: 0.999266
84515: 0.999266
84516: 0.999266
84517: 0.999266
84518: 0.999266
84519: 0.999266
84520: 0.999266
84521: 0.999266
84522: 0.999266
84523: 0.999266
84524: 0.999266
84525: 0.999266
84526: 0.999267
84527: 0.999267
84528: 0.999267
84529: 0.999267
84530: 0.999267
84531: 0.999267
84532: 0.999267
84533: 0.999267
84534: 0.999267
84535: 0.999267
84536: 0.999267
84537: 0.999267
84538: 0.999267
84539: 0.999267
84540: 0.999267
84541: 0.999267
84542: 0.999267
84543: 0.999267
84544: 0.999267
84545: 0.999267
84546: 0.999267
84547: 0.999267
84548: 0.999267
84549: 0.999267
84550: 0.999267
84551: 0.999267
84552: 0.999267
84553: 0.999267
84554: 0.999267
84555: 0.999267
84556: 0.999267
84557: 0.999267
84558: 0.999267
84559: 0.999267
84560: 0.999267
84561: 0.999267
84562: 0.999267
84563: 0.999267
84564: 0.999267
84565: 0.999267
84566: 0.999267
84567: 0.999267
84568: 0.999267
84569: 0.999267
84570: 0.999267
84571: 0.999267
84572: 0.999267
84573: 0.999267
84574: 0.999267
84575: 0.999267
84576: 0.999267
84577: 0.999267
84578: 0.999267
84579: 0.999267
84580: 0.999267
84581: 0.999267
84582: 0.999267
84583: 0.999267
84584: 0.999267
84585: 0.999267
84586: 0.999267
84587: 0.999267
84588: 0.999267
84589: 0.999267
84590: 0.999267
84591: 0.999267
84592: 0.999267
84593: 0.999267
84594: 0.999267
84595: 0.999267
84596: 0.999267
84597: 0.999267
84598: 0.999267
84599: 0.999267
84600: 0.999267
84601: 0.999267
84602: 0.999267
84603: 0.999267
84604: 0.999267
84605: 0.999267
84606: 0.999267
84607: 0.999267
84608: 0.999267
84609: 0.999267
84610: 0.999267
84611: 0.999267
84612: 0.999267
84613: 0.999267
84614: 0.999267
84615: 0.999267
84616: 0.999267
84617: 0.999267
84618: 0.999267
84619: 0.999267
84620: 0.999267
84621: 0.999267
84622: 0.999267
84623: 0.999267
84624: 0.999267
84625: 0.999267
84626: 0.999267
84627: 0.999267
84628: 0.999267
84629: 0.999267
84630: 0.999267
84631: 0.999267
84632: 0.999267
84633: 0.999267
84634: 0.999267
84635: 0.999267
84636: 0.999267
84637: 0.999267
84638: 0.999267
84639: 0.999267
84640: 0.999267
84641: 0.999268
84642: 0.999268
84643: 0.999268
84644: 0.999268
84645: 0.999268
84646: 0.999268
84647: 0.999268
84648: 0.999268
84649: 0.999268
84650: 0.999268
84651: 0.999268
84652: 0.999268
84653: 0.999268
84654: 0.999268
84655: 0.999268
84656: 0.999268
84657: 0.999268
84658: 0.999268
84659: 0.999268
84660: 0.999268
84661: 0.999268
84662: 0.999268
84663: 0.999268
84664: 0.999268
84665: 0.999268
84666: 0.999268
84667: 0.999268
84668: 0.999268
84669: 0.999268
84670: 0.999268
84671: 0.999268
84672: 0.999268
84673: 0.999268
84674: 0.999268
84675: 0.999268
84676: 0.999268
84677: 0.999268
84678: 0.999268
84679: 0.999268
84680: 0.999268
84681: 0.999268
84682: 0.999268
84683: 0.999268
84684: 0.999268
84685: 0.999268
84686: 0.999268
84687: 0.999268
84688: 0.999268
84689: 0.999268
84690: 0.999268
84691: 0.999268
84692: 0.999268
84693: 0.999268
84694: 0.999268
84695: 0.999268
84696: 0.999268
84697: 0.999268
84698: 0.999268
84699: 0.999268
84700: 0.999268
84701: 0.999268
84702: 0.999268
84703: 0.999268
84704: 0.999268
84705: 0.999268
84706: 0.999268
84707: 0.999268
84708: 0.999268
84709: 0.999268
84710: 0.999268
84711: 0.999268
84712: 0.999268
84713: 0.999268
84714: 0.999268
84715: 0.999268
84716: 0.999268
84717: 0.999268
84718: 0.999268
84719: 0.999268
84720: 0.999268
84721: 0.999268
84722: 0.999268
84723: 0.999268
84724: 0.999268
84725: 0.999268
84726: 0.999268
84727: 0.999268
84728: 0.999268
84729: 0.999268
84730: 0.999268
84731: 0.999268
84732: 0.999268
84733: 0.999268
84734: 0.999268
84735: 0.999268
84736: 0.999268
84737: 0.999268
84738: 0.999268
84739: 0.999268
84740: 0.999268
84741: 0.999268
84742: 0.999268
84743: 0.999268
84744: 0.999268
84745: 0.999268
84746: 0.999268
84747: 0.999268
84748: 0.999268
84749: 0.999268
84750: 0.999268
84751: 0.999268
84752: 0.999268
84753: 0.999268
84754: 0.999268
84755: 0.999268
84756: 0.999268
84757: 0.999269
84758: 0.999269
84759: 0.999269
84760: 0.999269
84761: 0.999269
84762: 0.999269
84763: 0.999269
84764: 0.999269
84765: 0.999269
84766: 0.999269
84767: 0.999269
84768: 0.999269
84769: 0.999269
84770: 0.999269
84771: 0.999269
84772: 0.999269
84773: 0.999269
84774: 0.999269
84775: 0.999269
84776: 0.999269
84777: 0.999269
84778: 0.999269
84779: 0.999269
84780: 0.999269
84781: 0.999269
84782: 0.999269
84783: 0.999269
84784: 0.999269
84785: 0.999269
84786: 0.999269
84787: 0.999269
84788: 0.999269
84789: 0.999269
84790: 0.999269
84791: 0.999269
84792: 0.999269
84793: 0.999269
84794: 0.999269
84795: 0.999269
84796: 0.999269
84797: 0.999269
84798: 0.999269
84799: 0.999269
84800: 0.999269
84801: 0.999269
84802: 0.999269
84803: 0.999269
84804: 0.999269
84805: 0.999269
84806: 0.999269
84807: 0.999269
84808: 0.999269
84809: 0.999269
84810: 0.999269
84811: 0.999269
84812: 0.999269
84813: 0.999269
84814: 0.999269
84815: 0.999269
84816: 0.999269
84817: 0.999269
84818: 0.999269
84819: 0.999269
84820: 0.999269
84821: 0.999269
84822: 0.999269
84823: 0.999269
84824: 0.999269
84825: 0.999269
84826: 0.999269
84827: 0.999269
84828: 0.999269
84829: 0.999269
84830: 0.999269
84831: 0.999269
84832: 0.999269
84833: 0.999269
84834: 0.999269
84835: 0.999269
84836: 0.999269
84837: 0.999269
84838: 0.999269
84839: 0.999269
84840: 0.999269
84841: 0.999269
84842: 0.999269
84843: 0.999269
84844: 0.999269
84845: 0.999269
84846: 0.999269
84847: 0.999269
84848: 0.999269
84849: 0.999269
84850: 0.999269
84851: 0.999269
84852: 0.999269
84853: 0.999269
84854: 0.999269
84855: 0.999269
84856: 0.999269
84857: 0.999269
84858: 0.999269
84859: 0.999269
84860: 0.999269
84861: 0.999269
84862: 0.999269
84863: 0.999269
84864: 0.999269
84865: 0.999269
84866: 0.999269
84867: 0.999269
84868: 0.999269
84869: 0.999269
84870: 0.999269
84871: 0.999269
84872: 0.999269
84873: 0.99927
84874: 0.99927
84875: 0.99927
84876: 0.99927
84877: 0.99927
84878: 0.99927
84879: 0.99927
84880: 0.99927
84881: 0.99927
84882: 0.99927
84883: 0.99927
84884: 0.99927
84885: 0.99927
84886: 0.99927
84887: 0.99927
84888: 0.99927
84889: 0.99927
84890: 0.99927
84891: 0.99927
84892: 0.99927
84893: 0.99927
84894: 0.99927
84895: 0.99927
84896: 0.99927
84897: 0.99927
84898: 0.99927
84899: 0.99927
84900: 0.99927
84901: 0.99927
84902: 0.99927
84903: 0.99927
84904: 0.99927
84905: 0.99927
84906: 0.99927
84907: 0.99927
84908: 0.99927
84909: 0.99927
84910: 0.99927
84911: 0.99927
84912: 0.99927
84913: 0.99927
84914: 0.99927
84915: 0.99927
84916: 0.99927
84917: 0.99927
84918: 0.99927
84919: 0.99927
84920: 0.99927
84921: 0.99927
84922: 0.99927
84923: 0.99927
84924: 0.99927
84925: 0.99927
84926: 0.99927
84927: 0.99927
84928: 0.99927
84929: 0.99927
84930: 0.99927
84931: 0.99927
84932: 0.99927
84933: 0.99927
84934: 0.99927
84935: 0.99927
84936: 0.99927
84937: 0.99927
84938: 0.99927
84939: 0.99927
84940: 0.99927
84941: 0.99927
84942: 0.99927
84943: 0.99927
84944: 0.99927
84945: 0.99927
84946: 0.99927
84947: 0.99927
84948: 0.99927
84949: 0.99927
84950: 0.99927
84951: 0.99927
84952: 0.99927
84953: 0.99927
84954: 0.99927
84955: 0.99927
84956: 0.99927
84957: 0.99927
84958: 0.99927
84959: 0.99927
84960: 0.99927
84961: 0.99927
84962: 0.99927
84963: 0.99927
84964: 0.99927
84965: 0.99927
84966: 0.99927
84967: 0.99927
84968: 0.99927
84969: 0.99927
84970: 0.99927
84971: 0.99927
84972: 0.99927
84973: 0.99927
84974: 0.99927
84975: 0.99927
84976: 0.99927
84977: 0.99927
84978: 0.99927
84979: 0.99927
84980: 0.99927
84981: 0.99927
84982: 0.99927
84983: 0.99927
84984: 0.99927
84985: 0.99927
84986: 0.99927
84987: 0.99927
84988: 0.99927
84989: 0.999271
84990: 0.999271
84991: 0.999271
84992: 0.999271
84993: 0.999271
84994: 0.999271
84995: 0.999271
84996: 0.999271
84997: 0.999271
84998: 0.999271
84999: 0.999271
85000: 0.999271
85001: 0.999271
85002: 0.999271
85003: 0.999271
85004: 0.999271
85005: 0.999271
85006: 0.999271
85007: 0.999271
85008: 0.999271
85009: 0.999271
85010: 0.999271
85011: 0.999271
85012: 0.999271
85013: 0.999271
85014: 0.999271
85015: 0.999271
85016: 0.999271
85017: 0.999271
85018: 0.999271
85019: 0.999271
85020: 0.999271
85021: 0.999271
85022: 0.999271
85023: 0.999271
85024: 0.999271
85025: 0.999271
85026: 0.999271
85027: 0.999271
85028: 0.999271
85029: 0.999271
85030: 0.999271
85031: 0.999271
85032: 0.999271
85033: 0.999271
85034: 0.999271
85035: 0.999271
85036: 0.999271
85037: 0.999271
85038: 0.999271
85039: 0.999271
85040: 0.999271
85041: 0.999271
85042: 0.999271
85043: 0.999271
85044: 0.999271
85045: 0.999271
85046: 0.999271
85047: 0.999271
85048: 0.999271
85049: 0.999271
85050: 0.999271
85051: 0.999271
85052: 0.999271
85053: 0.999271
85054: 0.999271
85055: 0.999271
85056: 0.999271
85057: 0.999271
85058: 0.999271
85059: 0.999271
85060: 0.999271
85061: 0.999271
85062: 0.999271
85063: 0.999271
85064: 0.999271
85065: 0.999271
85066: 0.999271
85067: 0.999271
85068: 0.999271
85069: 0.999271
85070: 0.999271
85071: 0.999271
85072: 0.999271
85073: 0.999271
85074: 0.999271
85075: 0.999271
85076: 0.999271
85077: 0.999271
85078: 0.999271
85079: 0.999271
85080: 0.999271
85081: 0.999271
85082: 0.999271
85083: 0.999271
85084: 0.999271
85085: 0.999271
85086: 0.999271
85087: 0.999271
85088: 0.999271
85089: 0.999271
85090: 0.999271
85091: 0.999271
85092: 0.999271
85093: 0.999271
85094: 0.999271
85095: 0.999271
85096: 0.999271
85097: 0.999271
85098: 0.999271
85099: 0.999271
85100: 0.999271
85101: 0.999271
85102: 0.999271
85103: 0.999271
85104: 0.999271
85105: 0.999271
85106: 0.999272
85107: 0.999272
85108: 0.999272
85109: 0.999272
85110: 0.999272
85111: 0.999272
85112: 0.999272
85113: 0.999272
85114: 0.999272
85115: 0.999272
85116: 0.999272
85117: 0.999272
85118: 0.999272
85119: 0.999272
85120: 0.999272
85121: 0.999272
85122: 0.999272
85123: 0.999272
85124: 0.999272
85125: 0.999272
85126: 0.999272
85127: 0.999272
85128: 0.999272
85129: 0.999272
85130: 0.999272
85131: 0.999272
85132: 0.999272
85133: 0.999272
85134: 0.999272
85135: 0.999272
85136: 0.999272
85137: 0.999272
85138: 0.999272
85139: 0.999272
85140: 0.999272
85141: 0.999272
85142: 0.999272
85143: 0.999272
85144: 0.999272
85145: 0.999272
85146: 0.999272
85147: 0.999272
85148: 0.999272
85149: 0.999272
85150: 0.999272
85151: 0.999272
85152: 0.999272
85153: 0.999272
85154: 0.999272
85155: 0.999272
85156: 0.999272
85157: 0.999272
85158: 0.999272
85159: 0.999272
85160: 0.999272
85161: 0.999272
85162: 0.999272
85163: 0.999272
85164: 0.999272
85165: 0.999272
85166: 0.999272
85167: 0.999272
85168: 0.999272
85169: 0.999272
85170: 0.999272
85171: 0.999272
85172: 0.999272
85173: 0.999272
85174: 0.999272
85175: 0.999272
85176: 0.999272
85177: 0.999272
85178: 0.999272
85179: 0.999272
85180: 0.999272
85181: 0.999272
85182: 0.999272
85183: 0.999272
85184: 0.999272
85185: 0.999272
85186: 0.999272
85187: 0.999272
85188: 0.999272
85189: 0.999272
85190: 0.999272
85191: 0.999272
85192: 0.999272
85193: 0.999272
85194: 0.999272
85195: 0.999272
85196: 0.999272
85197: 0.999272
85198: 0.999272
85199: 0.999272
85200: 0.999272
85201: 0.999272
85202: 0.999272
85203: 0.999272
85204: 0.999272
85205: 0.999272
85206: 0.999272
85207: 0.999272
85208: 0.999272
85209: 0.999272
85210: 0.999272
85211: 0.999272
85212: 0.999272
85213: 0.999272
85214: 0.999272
85215: 0.999272
85216: 0.999272
85217: 0.999272
85218: 0.999272
85219: 0.999272
85220: 0.999272
85221: 0.999272
85222: 0.999272
85223: 0.999273
85224: 0.999273
85225: 0.999273
85226: 0.999273
85227: 0.999273
85228: 0.999273
85229: 0.999273
85230: 0.999273
85231: 0.999273
85232: 0.999273
85233: 0.999273
85234: 0.999273
85235: 0.999273
85236: 0.999273
85237: 0.999273
85238: 0.999273
85239: 0.999273
85240: 0.999273
85241: 0.999273
85242: 0.999273
85243: 0.999273
85244: 0.999273
85245: 0.999273
85246: 0.999273
85247: 0.999273
85248: 0.999273
85249: 0.999273
85250: 0.999273
85251: 0.999273
85252: 0.999273
85253: 0.999273
85254: 0.999273
85255: 0.999273
85256: 0.999273
85257: 0.999273
85258: 0.999273
85259: 0.999273
85260: 0.999273
85261: 0.999273
85262: 0.999273
85263: 0.999273
85264: 0.999273
85265: 0.999273
85266: 0.999273
85267: 0.999273
85268: 0.999273
85269: 0.999273
85270: 0.999273
85271: 0.999273
85272: 0.999273
85273: 0.999273
85274: 0.999273
85275: 0.999273
85276: 0.999273
85277: 0.999273
85278: 0.999273
85279: 0.999273
85280: 0.999273
85281: 0.999273
85282: 0.999273
85283: 0.999273
85284: 0.999273
85285: 0.999273
85286: 0.999273
85287: 0.999273
85288: 0.999273
85289: 0.999273
85290: 0.999273
85291: 0.999273
85292: 0.999273
85293: 0.999273
85294: 0.999273
85295: 0.999273
85296: 0.999273
85297: 0.999273
85298: 0.999273
85299: 0.999273
85300: 0.999273
85301: 0.999273
85302: 0.999273
85303: 0.999273
85304: 0.999273
85305: 0.999273
85306: 0.999273
85307: 0.999273
85308: 0.999273
85309: 0.999273
85310: 0.999273
85311: 0.999273
85312: 0.999273
85313: 0.999273
85314: 0.999273
85315: 0.999273
85316: 0.999273
85317: 0.999273
85318: 0.999273
85319: 0.999273
85320: 0.999273
85321: 0.999273
85322: 0.999273
85323: 0.999273
85324: 0.999273
85325: 0.999273
85326: 0.999273
85327: 0.999273
85328: 0.999273
85329: 0.999273
85330: 0.999273
85331: 0.999273
85332: 0.999273
85333: 0.999273
85334: 0.999273
85335: 0.999273
85336: 0.999273
85337: 0.999273
85338: 0.999273
85339: 0.999273
85340: 0.999274
85341: 0.999274
85342: 0.999274
85343: 0.999274
85344: 0.999274
85345: 0.999274
85346: 0.999274
85347: 0.999274
85348: 0.999274
85349: 0.999274
85350: 0.999274
85351: 0.999274
85352: 0.999274
85353: 0.999274
85354: 0.999274
85355: 0.999274
85356: 0.999274
85357: 0.999274
85358: 0.999274
85359: 0.999274
85360: 0.999274
85361: 0.999274
85362: 0.999274
85363: 0.999274
85364: 0.999274
85365: 0.999274
85366: 0.999274
85367: 0.999274
85368: 0.999274
85369: 0.999274
85370: 0.999274
85371: 0.999274
85372: 0.999274
85373: 0.999274
85374: 0.999274
85375: 0.999274
85376: 0.999274
85377: 0.999274
85378: 0.999274
85379: 0.999274
85380: 0.999274
85381: 0.999274
85382: 0.999274
85383: 0.999274
85384: 0.999274
85385: 0.999274
85386: 0.999274
85387: 0.999274
85388: 0.999274
85389: 0.999274
85390: 0.999274
85391: 0.999274
85392: 0.999274
85393: 0.999274
85394: 0.999274
85395: 0.999274
85396: 0.999274
85397: 0.999274
85398: 0.999274
85399: 0.999274
85400: 0.999274
85401: 0.999274
85402: 0.999274
85403: 0.999274
85404: 0.999274
85405: 0.999274
85406: 0.999274
85407: 0.999274
85408: 0.999274
85409: 0.999274
85410: 0.999274
85411: 0.999274
85412: 0.999274
85413: 0.999274
85414: 0.999274
85415: 0.999274
85416: 0.999274
85417: 0.999274
85418: 0.999274
85419: 0.999274
85420: 0.999274
85421: 0.999274
85422: 0.999274
85423: 0.999274
85424: 0.999274
85425: 0.999274
85426: 0.999274
85427: 0.999274
85428: 0.999274
85429: 0.999274
85430: 0.999274
85431: 0.999274
85432: 0.999274
85433: 0.999274
85434: 0.999274
85435: 0.999274
85436: 0.999274
85437: 0.999274
85438: 0.999274
85439: 0.999274
85440: 0.999274
85441: 0.999274
85442: 0.999274
85443: 0.999274
85444: 0.999274
85445: 0.999274
85446: 0.999274
85447: 0.999274
85448: 0.999274
85449: 0.999274
85450: 0.999274
85451: 0.999274
85452: 0.999274
85453: 0.999274
85454: 0.999274
85455: 0.999274
85456: 0.999274
85457: 0.999274
85458: 0.999275
85459: 0.999275
85460: 0.999275
85461: 0.999275
85462: 0.999275
85463: 0.999275
85464: 0.999275
85465: 0.999275
85466: 0.999275
85467: 0.999275
85468: 0.999275
85469: 0.999275
85470: 0.999275
85471: 0.999275
85472: 0.999275
85473: 0.999275
85474: 0.999275
85475: 0.999275
85476: 0.999275
85477: 0.999275
85478: 0.999275
85479: 0.999275
85480: 0.999275
85481: 0.999275
85482: 0.999275
85483: 0.999275
85484: 0.999275
85485: 0.999275
85486: 0.999275
85487: 0.999275
85488: 0.999275
85489: 0.999275
85490: 0.999275
85491: 0.999275
85492: 0.999275
85493: 0.999275
85494: 0.999275
85495: 0.999275
85496: 0.999275
85497: 0.999275
85498: 0.999275
85499: 0.999275
85500: 0.999275
85501: 0.999275
85502: 0.999275
85503: 0.999275
85504: 0.999275
85505: 0.999275
85506: 0.999275
85507: 0.999275
85508: 0.999275
85509: 0.999275
85510: 0.999275
85511: 0.999275
85512: 0.999275
85513: 0.999275
85514: 0.999275
85515: 0.999275
85516: 0.999275
85517: 0.999275
85518: 0.999275
85519: 0.999275
85520: 0.999275
85521: 0.999275
85522: 0.999275
85523: 0.999275
85524: 0.999275
85525: 0.999275
85526: 0.999275
85527: 0.999275
85528: 0.999275
85529: 0.999275
85530: 0.999275
85531: 0.999275
85532: 0.999275
85533: 0.999275
85534: 0.999275
85535: 0.999275
85536: 0.999275
85537: 0.999275
85538: 0.999275
85539: 0.999275
85540: 0.999275
85541: 0.999275
85542: 0.999275
85543: 0.999275
85544: 0.999275
85545: 0.999275
85546: 0.999275
85547: 0.999275
85548: 0.999275
85549: 0.999275
85550: 0.999275
85551: 0.999275
85552: 0.999275
85553: 0.999275
85554: 0.999275
85555: 0.999275
85556: 0.999275
85557: 0.999275
85558: 0.999275
85559: 0.999275
85560: 0.999275
85561: 0.999275
85562: 0.999275
85563: 0.999275
85564: 0.999275
85565: 0.999275
85566: 0.999275
85567: 0.999275
85568: 0.999275
85569: 0.999275
85570: 0.999275
85571: 0.999275
85572: 0.999275
85573: 0.999275
85574: 0.999275
85575: 0.999275
85576: 0.999276
85577: 0.999276
85578: 0.999276
85579: 0.999276
85580: 0.999276
85581: 0.999276
85582: 0.999276
85583: 0.999276
85584: 0.999276
85585: 0.999276
85586: 0.999276
85587: 0.999276
85588: 0.999276
85589: 0.999276
85590: 0.999276
85591: 0.999276
85592: 0.999276
85593: 0.999276
85594: 0.999276
85595: 0.999276
85596: 0.999276
85597: 0.999276
85598: 0.999276
85599: 0.999276
85600: 0.999276
85601: 0.999276
85602: 0.999276
85603: 0.999276
85604: 0.999276
85605: 0.999276
85606: 0.999276
85607: 0.999276
85608: 0.999276
85609: 0.999276
85610: 0.999276
85611: 0.999276
85612: 0.999276
85613: 0.999276
85614: 0.999276
85615: 0.999276
85616: 0.999276
85617: 0.999276
85618: 0.999276
85619: 0.999276
85620: 0.999276
85621: 0.999276
85622: 0.999276
85623: 0.999276
85624: 0.999276
85625: 0.999276
85626: 0.999276
85627: 0.999276
85628: 0.999276
85629: 0.999276
85630: 0.999276
85631: 0.999276
85632: 0.999276
85633: 0.999276
85634: 0.999276
85635: 0.999276
85636: 0.999276
85637: 0.999276
85638: 0.999276
85639: 0.999276
85640: 0.999276
85641: 0.999276
85642: 0.999276
85643: 0.999276
85644: 0.999276
85645: 0.999276
85646: 0.999276
85647: 0.999276
85648: 0.999276
85649: 0.999276
85650: 0.999276
85651: 0.999276
85652: 0.999276
85653: 0.999276
85654: 0.999276
85655: 0.999276
85656: 0.999276
85657: 0.999276
85658: 0.999276
85659: 0.999276
85660: 0.999276
85661: 0.999276
85662: 0.999276
85663: 0.999276
85664: 0.999276
85665: 0.999276
85666: 0.999276
85667: 0.999276
85668: 0.999276
85669: 0.999276
85670: 0.999276
85671: 0.999276
85672: 0.999276
85673: 0.999276
85674: 0.999276
85675: 0.999276
85676: 0.999276
85677: 0.999276
85678: 0.999276
85679: 0.999276
85680: 0.999276
85681: 0.999276
85682: 0.999276
85683: 0.999276
85684: 0.999276
85685: 0.999276
85686: 0.999276
85687: 0.999276
85688: 0.999276
85689: 0.999276
85690: 0.999276
85691: 0.999276
85692: 0.999276
85693: 0.999276
85694: 0.999277
85695: 0.999277
85696: 0.999277
85697: 0.999277
85698: 0.999277
85699: 0.999277
85700: 0.999277
85701: 0.999277
85702: 0.999277
85703: 0.999277
85704: 0.999277
85705: 0.999277
85706: 0.999277
85707: 0.999277
85708: 0.999277
85709: 0.999277
85710: 0.999277
85711: 0.999277
85712: 0.999277
85713: 0.999277
85714: 0.999277
85715: 0.999277
85716: 0.999277
85717: 0.999277
85718: 0.999277
85719: 0.999277
85720: 0.999277
85721: 0.999277
85722: 0.999277
85723: 0.999277
85724: 0.999277
85725: 0.999277
85726: 0.999277
85727: 0.999277
85728: 0.999277
85729: 0.999277
85730: 0.999277
85731: 0.999277
85732: 0.999277
85733: 0.999277
85734: 0.999277
85735: 0.999277
85736: 0.999277
85737: 0.999277
85738: 0.999277
85739: 0.999277
85740: 0.999277
85741: 0.999277
85742: 0.999277
85743: 0.999277
85744: 0.999277
85745: 0.999277
85746: 0.999277
85747: 0.999277
85748: 0.999277
85749: 0.999277
85750: 0.999277
85751: 0.999277
85752: 0.999277
85753: 0.999277
85754: 0.999277
85755: 0.999277
85756: 0.999277
85757: 0.999277
85758: 0.999277
85759: 0.999277
85760: 0.999277
85761: 0.999277
85762: 0.999277
85763: 0.999277
85764: 0.999277
85765: 0.999277
85766: 0.999277
85767: 0.999277
85768: 0.999277
85769: 0.999277
85770: 0.999277
85771: 0.999277
85772: 0.999277
85773: 0.999277
85774: 0.999277
85775: 0.999277
85776: 0.999277
85777: 0.999277
85778: 0.999277
85779: 0.999277
85780: 0.999277
85781: 0.999277
85782: 0.999277
85783: 0.999277
85784: 0.999277
85785: 0.999277
85786: 0.999277
85787: 0.999277
85788: 0.999277
85789: 0.999277
85790: 0.999277
85791: 0.999277
85792: 0.999277
85793: 0.999277
85794: 0.999277
85795: 0.999277
85796: 0.999277
85797: 0.999277
85798: 0.999277
85799: 0.999277
85800: 0.999277
85801: 0.999277
85802: 0.999277
85803: 0.999277
85804: 0.999277
85805: 0.999277
85806: 0.999277
85807: 0.999277
85808: 0.999277
85809: 0.999277
85810: 0.999277
85811: 0.999277
85812: 0.999277
85813: 0.999278
85814: 0.999278
85815: 0.999278
85816: 0.999278
85817: 0.999278
85818: 0.999278
85819: 0.999278
85820: 0.999278
85821: 0.999278
85822: 0.999278
85823: 0.999278
85824: 0.999278
85825: 0.999278
85826: 0.999278
85827: 0.999278
85828: 0.999278
85829: 0.999278
85830: 0.999278
85831: 0.999278
85832: 0.999278
85833: 0.999278
85834: 0.999278
85835: 0.999278
85836: 0.999278
85837: 0.999278
85838: 0.999278
85839: 0.999278
85840: 0.999278
85841: 0.999278
85842: 0.999278
85843: 0.999278
85844: 0.999278
85845: 0.999278
85846: 0.999278
85847: 0.999278
85848: 0.999278
85849: 0.999278
85850: 0.999278
85851: 0.999278
85852: 0.999278
85853: 0.999278
85854: 0.999278
85855: 0.999278
85856: 0.999278
85857: 0.999278
85858: 0.999278
85859: 0.999278
85860: 0.999278
85861: 0.999278
85862: 0.999278
85863: 0.999278
85864: 0.999278
85865: 0.999278
85866: 0.999278
85867: 0.999278
85868: 0.999278
85869: 0.999278
85870: 0.999278
85871: 0.999278
85872: 0.999278
85873: 0.999278
85874: 0.999278
85875: 0.999278
85876: 0.999278
85877: 0.999278
85878: 0.999278
85879: 0.999278
85880: 0.999278
85881: 0.999278
85882: 0.999278
85883: 0.999278
85884: 0.999278
85885: 0.999278
85886: 0.999278
85887: 0.999278
85888: 0.999278
85889: 0.999278
85890: 0.999278
85891: 0.999278
85892: 0.999278
85893: 0.999278
85894: 0.999278
85895: 0.999278
85896: 0.999278
85897: 0.999278
85898: 0.999278
85899: 0.999278
85900: 0.999278
85901: 0.999278
85902: 0.999278
85903: 0.999278
85904: 0.999278
85905: 0.999278
85906: 0.999278
85907: 0.999278
85908: 0.999278
85909: 0.999278
85910: 0.999278
85911: 0.999278
85912: 0.999278
85913: 0.999278
85914: 0.999278
85915: 0.999278
85916: 0.999278
85917: 0.999278
85918: 0.999278
85919: 0.999278
85920: 0.999278
85921: 0.999278
85922: 0.999278
85923: 0.999278
85924: 0.999278
85925: 0.999278
85926: 0.999278
85927: 0.999278
85928: 0.999278
85929: 0.999278
85930: 0.999278
85931: 0.999278
85932: 0.999279
85933: 0.999279
85934: 0.999279
85935: 0.999279
85936: 0.999279
85937: 0.999279
85938: 0.999279
85939: 0.999279
85940: 0.999279
85941: 0.999279
85942: 0.999279
85943: 0.999279
85944: 0.999279
85945: 0.999279
85946: 0.999279
85947: 0.999279
85948: 0.999279
85949: 0.999279
85950: 0.999279
85951: 0.999279
85952: 0.999279
85953: 0.999279
85954: 0.999279
85955: 0.999279
85956: 0.999279
85957: 0.999279
85958: 0.999279
85959: 0.999279
85960: 0.999279
85961: 0.999279
85962: 0.999279
85963: 0.999279
85964: 0.999279
85965: 0.999279
85966: 0.999279
85967: 0.999279
85968: 0.999279
85969: 0.999279
85970: 0.999279
85971: 0.999279
85972: 0.999279
85973: 0.999279
85974: 0.999279
85975: 0.999279
85976: 0.999279
85977: 0.999279
85978: 0.999279
85979: 0.999279
85980: 0.999279
85981: 0.999279
85982: 0.999279
85983: 0.999279
85984: 0.999279
85985: 0.999279
85986: 0.999279
85987: 0.999279
85988: 0.999279
85989: 0.999279
85990: 0.999279
85991: 0.999279
85992: 0.999279
85993: 0.999279
85994: 0.999279
85995: 0.999279
85996: 0.999279
85997: 0.999279
85998: 0.999279
85999: 0.999279
86000: 0.999279
86001: 0.999279
86002: 0.999279
86003: 0.999279
86004: 0.999279
86005: 0.999279
86006: 0.999279
86007: 0.999279
86008: 0.999279
86009: 0.999279
86010: 0.999279
86011: 0.999279
86012: 0.999279
86013: 0.999279
86014: 0.999279
86015: 0.999279
86016: 0.999279
86017: 0.999279
86018: 0.999279
86019: 0.999279
86020: 0.999279
86021: 0.999279
86022: 0.999279
86023: 0.999279
86024: 0.999279
86025: 0.999279
86026: 0.999279
86027: 0.999279
86028: 0.999279
86029: 0.999279
86030: 0.999279
86031: 0.999279
86032: 0.999279
86033: 0.999279
86034: 0.999279
86035: 0.999279
86036: 0.999279
86037: 0.999279
86038: 0.999279
86039: 0.999279
86040: 0.999279
86041: 0.999279
86042: 0.999279
86043: 0.999279
86044: 0.999279
86045: 0.999279
86046: 0.999279
86047: 0.999279
86048: 0.999279
86049: 0.999279
86050: 0.999279
86051: 0.99928
86052: 0.99928
86053: 0.99928
86054: 0.99928
86055: 0.99928
86056: 0.99928
86057: 0.99928
86058: 0.99928
86059: 0.99928
86060: 0.99928
86061: 0.99928
86062: 0.99928
86063: 0.99928
86064: 0.99928
86065: 0.99928
86066: 0.99928
86067: 0.99928
86068: 0.99928
86069: 0.99928
86070: 0.99928
86071: 0.99928
86072: 0.99928
86073: 0.99928
86074: 0.99928
86075: 0.99928
86076: 0.99928
86077: 0.99928
86078: 0.99928
86079: 0.99928
86080: 0.99928
86081: 0.99928
86082: 0.99928
86083: 0.99928
86084: 0.99928
86085: 0.99928
86086: 0.99928
86087: 0.99928
86088: 0.99928
86089: 0.99928
86090: 0.99928
86091: 0.99928
86092: 0.99928
86093: 0.99928
86094: 0.99928
86095: 0.99928
86096: 0.99928
86097: 0.99928
86098: 0.99928
86099: 0.99928
86100: 0.99928
86101: 0.99928
86102: 0.99928
86103: 0.99928
86104: 0.99928
86105: 0.99928
86106: 0.99928
86107: 0.99928
86108: 0.99928
86109: 0.99928
86110: 0.99928
86111: 0.99928
86112: 0.99928
86113: 0.99928
86114: 0.99928
86115: 0.99928
86116: 0.99928
86117: 0.99928
86118: 0.99928
86119: 0.99928
86120: 0.99928
86121: 0.99928
86122: 0.99928
86123: 0.99928
86124: 0.99928
86125: 0.99928
86126: 0.99928
86127: 0.99928
86128: 0.99928
86129: 0.99928
86130: 0.99928
86131: 0.99928
86132: 0.99928
86133: 0.99928
86134: 0.99928
86135: 0.99928
86136: 0.99928
86137: 0.99928
86138: 0.99928
86139: 0.99928
86140: 0.99928
86141: 0.99928
86142: 0.99928
86143: 0.99928
86144: 0.99928
86145: 0.99928
86146: 0.99928
86147: 0.99928
86148: 0.99928
86149: 0.99928
86150: 0.99928
86151: 0.99928
86152: 0.99928
86153: 0.99928
86154: 0.99928
86155: 0.99928
86156: 0.99928
86157: 0.99928
86158: 0.99928
86159: 0.99928
86160: 0.99928
86161: 0.99928
86162: 0.99928
86163: 0.99928
86164: 0.99928
86165: 0.99928
86166: 0.99928
86167: 0.99928
86168: 0.99928
86169: 0.99928
86170: 0.999281
86171: 0.999281
86172: 0.999281
86173: 0.999281
86174: 0.999281
86175: 0.999281
86176: 0.999281
86177: 0.999281
86178: 0.999281
86179: 0.999281
86180: 0.999281
86181: 0.999281
86182: 0.999281
86183: 0.999281
86184: 0.999281
86185: 0.999281
86186: 0.999281
86187: 0.999281
86188: 0.999281
86189: 0.999281
86190: 0.999281
86191: 0.999281
86192: 0.999281
86193: 0.999281
86194: 0.999281
86195: 0.999281
86196: 0.999281
86197: 0.999281
86198: 0.999281
86199: 0.999281
86200: 0.999281
86201: 0.999281
86202: 0.999281
86203: 0.999281
86204: 0.999281
86205: 0.999281
86206: 0.999281
86207: 0.999281
86208: 0.999281
86209: 0.999281
86210: 0.999281
86211: 0.999281
86212: 0.999281
86213: 0.999281
86214: 0.999281
86215: 0.999281
86216: 0.999281
86217: 0.999281
86218: 0.999281
86219: 0.999281
86220: 0.999281
86221: 0.999281
86222: 0.999281
86223: 0.999281
86224: 0.999281
86225: 0.999281
86226: 0.999281
86227: 0.999281
86228: 0.999281
86229: 0.999281
86230: 0.999281
86231: 0.999281
86232: 0.999281
86233: 0.999281
86234: 0.999281
86235: 0.999281
86236: 0.999281
86237: 0.999281
86238: 0.999281
86239: 0.999281
86240: 0.999281
86241: 0.999281
86242: 0.999281
86243: 0.999281
86244: 0.999281
86245: 0.999281
86246: 0.999281
86247: 0.999281
86248: 0.999281
86249: 0.999281
86250: 0.999281
86251: 0.999281
86252: 0.999281
86253: 0.999281
86254: 0.999281
86255: 0.999281
86256: 0.999281
86257: 0.999281
86258: 0.999281
86259: 0.999281
86260: 0.999281
86261: 0.999281
86262: 0.999281
86263: 0.999281
86264: 0.999281
86265: 0.999281
86266: 0.999281
86267: 0.999281
86268: 0.999281
86269: 0.999281
86270: 0.999281
86271: 0.999281
86272: 0.999281
86273: 0.999281
86274: 0.999281
86275: 0.999281
86276: 0.999281
86277: 0.999281
86278: 0.999281
86279: 0.999281
86280: 0.999281
86281: 0.999281
86282: 0.999281
86283: 0.999281
86284: 0.999281
86285: 0.999281
86286: 0.999281
86287: 0.999281
86288: 0.999281
86289: 0.999281
86290: 0.999282
86291: 0.999282
86292: 0.999282
86293: 0.999282
86294: 0.999282
86295: 0.999282
86296: 0.999282
86297: 0.999282
86298: 0.999282
86299: 0.999282
86300: 0.999282
86301: 0.999282
86302: 0.999282
86303: 0.999282
86304: 0.999282
86305: 0.999282
86306: 0.999282
86307: 0.999282
86308: 0.999282
86309: 0.999282
86310: 0.999282
86311: 0.999282
86312: 0.999282
86313: 0.999282
86314: 0.999282
86315: 0.999282
86316: 0.999282
86317: 0.999282
86318: 0.999282
86319: 0.999282
86320: 0.999282
86321: 0.999282
86322: 0.999282
86323: 0.999282
86324: 0.999282
86325: 0.999282
86326: 0.999282
86327: 0.999282
86328: 0.999282
86329: 0.999282
86330: 0.999282
86331: 0.999282
86332: 0.999282
86333: 0.999282
86334: 0.999282
86335: 0.999282
86336: 0.999282
86337: 0.999282
86338: 0.999282
86339: 0.999282
86340: 0.999282
86341: 0.999282
86342: 0.999282
86343: 0.999282
86344: 0.999282
86345: 0.999282
86346: 0.999282
86347: 0.999282
86348: 0.999282
86349: 0.999282
86350: 0.999282
86351: 0.999282
86352: 0.999282
86353: 0.999282
86354: 0.999282
86355: 0.999282
86356: 0.999282
86357: 0.999282
86358: 0.999282
86359: 0.999282
86360: 0.999282
86361: 0.999282
86362: 0.999282
86363: 0.999282
86364: 0.999282
86365: 0.999282
86366: 0.999282
86367: 0.999282
86368: 0.999282
86369: 0.999282
86370: 0.999282
86371: 0.999282
86372: 0.999282
86373: 0.999282
86374: 0.999282
86375: 0.999282
86376: 0.999282
86377: 0.999282
86378: 0.999282
86379: 0.999282
86380: 0.999282
86381: 0.999282
86382: 0.999282
86383: 0.999282
86384: 0.999282
86385: 0.999282
86386: 0.999282
86387: 0.999282
86388: 0.999282
86389: 0.999282
86390: 0.999282
86391: 0.999282
86392: 0.999282
86393: 0.999282
86394: 0.999282
86395: 0.999282
86396: 0.999282
86397: 0.999282
86398: 0.999282
86399: 0.999282
86400: 0.999282
86401: 0.999282
86402: 0.999282
86403: 0.999282
86404: 0.999282
86405: 0.999282
86406: 0.999282
86407: 0.999282
86408: 0.999282
86409: 0.999282
86410: 0.999282
86411: 0.999283
86412: 0.999283
86413: 0.999283
86414: 0.999283
86415: 0.999283
86416: 0.999283
86417: 0.999283
86418: 0.999283
86419: 0.999283
86420: 0.999283
86421: 0.999283
86422: 0.999283
86423: 0.999283
86424: 0.999283
86425: 0.999283
86426: 0.999283
86427: 0.999283
86428: 0.999283
86429: 0.999283
86430: 0.999283
86431: 0.999283
86432: 0.999283
86433: 0.999283
86434: 0.999283
86435: 0.999283
86436: 0.999283
86437: 0.999283
86438: 0.999283
86439: 0.999283
86440: 0.999283
86441: 0.999283
86442: 0.999283
86443: 0.999283
86444: 0.999283
86445: 0.999283
86446: 0.999283
86447: 0.999283
86448: 0.999283
86449: 0.999283
86450: 0.999283
86451: 0.999283
86452: 0.999283
86453: 0.999283
86454: 0.999283
86455: 0.999283
86456: 0.999283
86457: 0.999283
86458: 0.999283
86459: 0.999283
86460: 0.999283
86461: 0.999283
86462: 0.999283
86463: 0.999283
86464: 0.999283
86465: 0.999283
86466: 0.999283
86467: 0.999283
86468: 0.999283
86469: 0.999283
86470: 0.999283
86471: 0.999283
86472: 0.999283
86473: 0.999283
86474: 0.999283
86475: 0.999283
86476: 0.999283
86477: 0.999283
86478: 0.999283
86479: 0.999283
86480: 0.999283
86481: 0.999283
86482: 0.999283
86483: 0.999283
86484: 0.999283
86485: 0.999283
86486: 0.999283
86487: 0.999283
86488: 0.999283
86489: 0.999283
86490: 0.999283
86491: 0.999283
86492: 0.999283
86493: 0.999283
86494: 0.999283
86495: 0.999283
86496: 0.999283
86497: 0.999283
86498: 0.999283
86499: 0.999283
86500: 0.999283
86501: 0.999283
86502: 0.999283
86503: 0.999283
86504: 0.999283
86505: 0.999283
86506: 0.999283
86507: 0.999283
86508: 0.999283
86509: 0.999283
86510: 0.999283
86511: 0.999283
86512: 0.999283
86513: 0.999283
86514: 0.999283
86515: 0.999283
86516: 0.999283
86517: 0.999283
86518: 0.999283
86519: 0.999283
86520: 0.999283
86521: 0.999283
86522: 0.999283
86523: 0.999283
86524: 0.999283
86525: 0.999283
86526: 0.999283
86527: 0.999283
86528: 0.999283
86529: 0.999283
86530: 0.999283
86531: 0.999284
86532: 0.999284
86533: 0.999284
86534: 0.999284
86535: 0.999284
86536: 0.999284
86537: 0.999284
86538: 0.999284
86539: 0.999284
86540: 0.999284
86541: 0.999284
86542: 0.999284
86543: 0.999284
86544: 0.999284
86545: 0.999284
86546: 0.999284
86547: 0.999284
86548: 0.999284
86549: 0.999284
86550: 0.999284
86551: 0.999284
86552: 0.999284
86553: 0.999284
86554: 0.999284
86555: 0.999284
86556: 0.999284
86557: 0.999284
86558: 0.999284
86559: 0.999284
86560: 0.999284
86561: 0.999284
86562: 0.999284
86563: 0.999284
86564: 0.999284
86565: 0.999284
86566: 0.999284
86567: 0.999284
86568: 0.999284
86569: 0.999284
86570: 0.999284
86571: 0.999284
86572: 0.999284
86573: 0.999284
86574: 0.999284
86575: 0.999284
86576: 0.999284
86577: 0.999284
86578: 0.999284
86579: 0.999284
86580: 0.999284
86581: 0.999284
86582: 0.999284
86583: 0.999284
86584: 0.999284
86585: 0.999284
86586: 0.999284
86587: 0.999284
86588: 0.999284
86589: 0.999284
86590: 0.999284
86591: 0.999284
86592: 0.999284
86593: 0.999284
86594: 0.999284
86595: 0.999284
86596: 0.999284
86597: 0.999284
86598: 0.999284
86599: 0.999284
86600: 0.999284
86601: 0.999284
86602: 0.999284
86603: 0.999284
86604: 0.999284
86605: 0.999284
86606: 0.999284
86607: 0.999284
86608: 0.999284
86609: 0.999284
86610: 0.999284
86611: 0.999284
86612: 0.999284
86613: 0.999284
86614: 0.999284
86615: 0.999284
86616: 0.999284
86617: 0.999284
86618: 0.999284
86619: 0.999284
86620: 0.999284
86621: 0.999284
86622: 0.999284
86623: 0.999284
86624: 0.999284
86625: 0.999284
86626: 0.999284
86627: 0.999284
86628: 0.999284
86629: 0.999284
86630: 0.999284
86631: 0.999284
86632: 0.999284
86633: 0.999284
86634: 0.999284
86635: 0.999284
86636: 0.999284
86637: 0.999284
86638: 0.999284
86639: 0.999284
86640: 0.999284
86641: 0.999284
86642: 0.999284
86643: 0.999284
86644: 0.999284
86645: 0.999284
86646: 0.999284
86647: 0.999284
86648: 0.999284
86649: 0.999284
86650: 0.999284
86651: 0.999284
86652: 0.999285
86653: 0.999285
86654: 0.999285
86655: 0.999285
86656: 0.999285
86657: 0.999285
86658: 0.999285
86659: 0.999285
86660: 0.999285
86661: 0.999285
86662: 0.999285
86663: 0.999285
86664: 0.999285
86665: 0.999285
86666: 0.999285
86667: 0.999285
86668: 0.999285
86669: 0.999285
86670: 0.999285
86671: 0.999285
86672: 0.999285
86673: 0.999285
86674: 0.999285
86675: 0.999285
86676: 0.999285
86677: 0.999285
86678: 0.999285
86679: 0.999285
86680: 0.999285
86681: 0.999285
86682: 0.999285
86683: 0.999285
86684: 0.999285
86685: 0.999285
86686: 0.999285
86687: 0.999285
86688: 0.999285
86689: 0.999285
86690: 0.999285
86691: 0.999285
86692: 0.999285
86693: 0.999285
86694: 0.999285
86695: 0.999285
86696: 0.999285
86697: 0.999285
86698: 0.999285
86699: 0.999285
86700: 0.999285
86701: 0.999285
86702: 0.999285
86703: 0.999285
86704: 0.999285
86705: 0.999285
86706: 0.999285
86707: 0.999285
86708: 0.999285
86709: 0.999285
86710: 0.999285
86711: 0.999285
86712: 0.999285
86713: 0.999285
86714: 0.999285
86715: 0.999285
86716: 0.999285
86717: 0.999285
86718: 0.999285
86719: 0.999285
86720: 0.999285
86721: 0.999285
86722: 0.999285
86723: 0.999285
86724: 0.999285
86725: 0.999285
86726: 0.999285
86727: 0.999285
86728: 0.999285
86729: 0.999285
86730: 0.999285
86731: 0.999285
86732: 0.999285
86733: 0.999285
86734: 0.999285
86735: 0.999285
86736: 0.999285
86737: 0.999285
86738: 0.999285
86739: 0.999285
86740: 0.999285
86741: 0.999285
86742: 0.999285
86743: 0.999285
86744: 0.999285
86745: 0.999285
86746: 0.999285
86747: 0.999285
86748: 0.999285
86749: 0.999285
86750: 0.999285
86751: 0.999285
86752: 0.999285
86753: 0.999285
86754: 0.999285
86755: 0.999285
86756: 0.999285
86757: 0.999285
86758: 0.999285
86759: 0.999285
86760: 0.999285
86761: 0.999285
86762: 0.999285
86763: 0.999285
86764: 0.999285
86765: 0.999285
86766: 0.999285
86767: 0.999285
86768: 0.999285
86769: 0.999285
86770: 0.999285
86771: 0.999285
86772: 0.999285
86773: 0.999286
86774: 0.999286
86775: 0.999286
86776: 0.999286
86777: 0.999286
86778: 0.999286
86779: 0.999286
86780: 0.999286
86781: 0.999286
86782: 0.999286
86783: 0.999286
86784: 0.999286
86785: 0.999286
86786: 0.999286
86787: 0.999286
86788: 0.999286
86789: 0.999286
86790: 0.999286
86791: 0.999286
86792: 0.999286
86793: 0.999286
86794: 0.999286
86795: 0.999286
86796: 0.999286
86797: 0.999286
86798: 0.999286
86799: 0.999286
86800: 0.999286
86801: 0.999286
86802: 0.999286
86803: 0.999286
86804: 0.999286
86805: 0.999286
86806: 0.999286
86807: 0.999286
86808: 0.999286
86809: 0.999286
86810: 0.999286
86811: 0.999286
86812: 0.999286
86813: 0.999286
86814: 0.999286
86815: 0.999286
86816: 0.999286
86817: 0.999286
86818: 0.999286
86819: 0.999286
86820: 0.999286
86821: 0.999286
86822: 0.999286
86823: 0.999286
86824: 0.999286
86825: 0.999286
86826: 0.999286
86827: 0.999286
86828: 0.999286
86829: 0.999286
86830: 0.999286
86831: 0.999286
86832: 0.999286
86833: 0.999286
86834: 0.999286
86835: 0.999286
86836: 0.999286
86837: 0.999286
86838: 0.999286
86839: 0.999286
86840: 0.999286
86841: 0.999286
86842: 0.999286
86843: 0.999286
86844: 0.999286
86845: 0.999286
86846: 0.999286
86847: 0.999286
86848: 0.999286
86849: 0.999286
86850: 0.999286
86851: 0.999286
86852: 0.999286
86853: 0.999286
86854: 0.999286
86855: 0.999286
86856: 0.999286
86857: 0.999286
86858: 0.999286
86859: 0.999286
86860: 0.999286
86861: 0.999286
86862: 0.999286
86863: 0.999286
86864: 0.999286
86865: 0.999286
86866: 0.999286
86867: 0.999286
86868: 0.999286
86869: 0.999286
86870: 0.999286
86871: 0.999286
86872: 0.999286
86873: 0.999286
86874: 0.999286
86875: 0.999286
86876: 0.999286
86877: 0.999286
86878: 0.999286
86879: 0.999286
86880: 0.999286
86881: 0.999286
86882: 0.999286
86883: 0.999286
86884: 0.999286
86885: 0.999286
86886: 0.999286
86887: 0.999286
86888: 0.999286
86889: 0.999286
86890: 0.999286
86891: 0.999286
86892: 0.999286
86893: 0.999286
86894: 0.999286
86895: 0.999287
86896: 0.999287
86897: 0.999287
86898: 0.999287
86899: 0.999287
86900: 0.999287
86901: 0.999287
86902: 0.999287
86903: 0.999287
86904: 0.999287
86905: 0.999287
86906: 0.999287
86907: 0.999287
86908: 0.999287
86909: 0.999287
86910: 0.999287
86911: 0.999287
86912: 0.999287
86913: 0.999287
86914: 0.999287
86915: 0.999287
86916: 0.999287
86917: 0.999287
86918: 0.999287
86919: 0.999287
86920: 0.999287
86921: 0.999287
86922: 0.999287
86923: 0.999287
86924: 0.999287
86925: 0.999287
86926: 0.999287
86927: 0.999287
86928: 0.999287
86929: 0.999287
86930: 0.999287
86931: 0.999287
86932: 0.999287
86933: 0.999287
86934: 0.999287
86935: 0.999287
86936: 0.999287
86937: 0.999287
86938: 0.999287
86939: 0.999287
86940: 0.999287
86941: 0.999287
86942: 0.999287
86943: 0.999287
86944: 0.999287
86945: 0.999287
86946: 0.999287
86947: 0.999287
86948: 0.999287
86949: 0.999287
86950: 0.999287
86951: 0.999287
86952: 0.999287
86953: 0.999287
86954: 0.999287
86955: 0.999287
86956: 0.999287
86957: 0.999287
86958: 0.999287
86959: 0.999287
86960: 0.999287
86961: 0.999287
86962: 0.999287
86963: 0.999287
86964: 0.999287
86965: 0.999287
86966: 0.999287
86967: 0.999287
86968: 0.999287
86969: 0.999287
86970: 0.999287
86971: 0.999287
86972: 0.999287
86973: 0.999287
86974: 0.999287
86975: 0.999287
86976: 0.999287
86977: 0.999287
86978: 0.999287
86979: 0.999287
86980: 0.999287
86981: 0.999287
86982: 0.999287
86983: 0.999287
86984: 0.999287
86985: 0.999287
86986: 0.999287
86987: 0.999287
86988: 0.999287
86989: 0.999287
86990: 0.999287
86991: 0.999287
86992: 0.999287
86993: 0.999287
86994: 0.999287
86995: 0.999287
86996: 0.999287
86997: 0.999287
86998: 0.999287
86999: 0.999287
87000: 0.999287
87001: 0.999287
87002: 0.999287
87003: 0.999287
87004: 0.999287
87005: 0.999287
87006: 0.999287
87007: 0.999287
87008: 0.999287
87009: 0.999287
87010: 0.999287
87011: 0.999287
87012: 0.999287
87013: 0.999287
87014: 0.999287
87015: 0.999287
87016: 0.999287
87017: 0.999288
87018: 0.999288
87019: 0.999288
87020: 0.999288
87021: 0.999288
87022: 0.999288
87023: 0.999288
87024: 0.999288
87025: 0.999288
87026: 0.999288
87027: 0.999288
87028: 0.999288
87029: 0.999288
87030: 0.999288
87031: 0.999288
87032: 0.999288
87033: 0.999288
87034: 0.999288
87035: 0.999288
87036: 0.999288
87037: 0.999288
87038: 0.999288
87039: 0.999288
87040: 0.999288
87041: 0.999288
87042: 0.999288
87043: 0.999288
87044: 0.999288
87045: 0.999288
87046: 0.999288
87047: 0.999288
87048: 0.999288
87049: 0.999288
87050: 0.999288
87051: 0.999288
87052: 0.999288
87053: 0.999288
87054: 0.999288
87055: 0.999288
87056: 0.999288
87057: 0.999288
87058: 0.999288
87059: 0.999288
87060: 0.999288
87061: 0.999288
87062: 0.999288
87063: 0.999288
87064: 0.999288
87065: 0.999288
87066: 0.999288
87067: 0.999288
87068: 0.999288
87069: 0.999288
87070: 0.999288
87071: 0.999288
87072: 0.999288
87073: 0.999288
87074: 0.999288
87075: 0.999288
87076: 0.999288
87077: 0.999288
87078: 0.999288
87079: 0.999288
87080: 0.999288
87081: 0.999288
87082: 0.999288
87083: 0.999288
87084: 0.999288
87085: 0.999288
87086: 0.999288
87087: 0.999288
87088: 0.999288
87089: 0.999288
87090: 0.999288
87091: 0.999288
87092: 0.999288
87093: 0.999288
87094: 0.999288
87095: 0.999288
87096: 0.999288
87097: 0.999288
87098: 0.999288
87099: 0.999288
87100: 0.999288
87101: 0.999288
87102: 0.999288
87103: 0.999288
87104: 0.999288
87105: 0.999288
87106: 0.999288
87107: 0.999288
87108: 0.999288
87109: 0.999288
87110: 0.999288
87111: 0.999288
87112: 0.999288
87113: 0.999288
87114: 0.999288
87115: 0.999288
87116: 0.999288
87117: 0.999288
87118: 0.999288
87119: 0.999288
87120: 0.999288
87121: 0.999288
87122: 0.999288
87123: 0.999288
87124: 0.999288
87125: 0.999288
87126: 0.999288
87127: 0.999288
87128: 0.999288
87129: 0.999288
87130: 0.999288
87131: 0.999288
87132: 0.999288
87133: 0.999288
87134: 0.999288
87135: 0.999288
87136: 0.999288
87137: 0.999288
87138: 0.999288
87139: 0.999289
87140: 0.999289
87141: 0.999289
87142: 0.999289
87143: 0.999289
87144: 0.999289
87145: 0.999289
87146: 0.999289
87147: 0.999289
87148: 0.999289
87149: 0.999289
87150: 0.999289
87151: 0.999289
87152: 0.999289
87153: 0.999289
87154: 0.999289
87155: 0.999289
87156: 0.999289
87157: 0.999289
87158: 0.999289
87159: 0.999289
87160: 0.999289
87161: 0.999289
87162: 0.999289
87163: 0.999289
87164: 0.999289
87165: 0.999289
87166: 0.999289
87167: 0.999289
87168: 0.999289
87169: 0.999289
87170: 0.999289
87171: 0.999289
87172: 0.999289
87173: 0.999289
87174: 0.999289
87175: 0.999289
87176: 0.999289
87177: 0.999289
87178: 0.999289
87179: 0.999289
87180: 0.999289
87181: 0.999289
87182: 0.999289
87183: 0.999289
87184: 0.999289
87185: 0.999289
87186: 0.999289
87187: 0.999289
87188: 0.999289
87189: 0.999289
87190: 0.999289
87191: 0.999289
87192: 0.999289
87193: 0.999289
87194: 0.999289
87195: 0.999289
87196: 0.999289
87197: 0.999289
87198: 0.999289
87199: 0.999289
87200: 0.999289
87201: 0.999289
87202: 0.999289
87203: 0.999289
87204: 0.999289
87205: 0.999289
87206: 0.999289
87207: 0.999289
87208: 0.999289
87209: 0.999289
87210: 0.999289
87211: 0.999289
87212: 0.999289
87213: 0.999289
87214: 0.999289
87215: 0.999289
87216: 0.999289
87217: 0.999289
87218: 0.999289
87219: 0.999289
87220: 0.999289
87221: 0.999289
87222: 0.999289
87223: 0.999289
87224: 0.999289
87225: 0.999289
87226: 0.999289
87227: 0.999289
87228: 0.999289
87229: 0.999289
87230: 0.999289
87231: 0.999289
87232: 0.999289
87233: 0.999289
87234: 0.999289
87235: 0.999289
87236: 0.999289
87237: 0.999289
87238: 0.999289
87239: 0.999289
87240: 0.999289
87241: 0.999289
87242: 0.999289
87243: 0.999289
87244: 0.999289
87245: 0.999289
87246: 0.999289
87247: 0.999289
87248: 0.999289
87249: 0.999289
87250: 0.999289
87251: 0.999289
87252: 0.999289
87253: 0.999289
87254: 0.999289
87255: 0.999289
87256: 0.999289
87257: 0.999289
87258: 0.999289
87259: 0.999289
87260: 0.999289
87261: 0.999289
87262: 0.99929
87263: 0.99929
87264: 0.99929
87265: 0.99929
87266: 0.99929
87267: 0.99929
87268: 0.99929
87269: 0.99929
87270: 0.99929
87271: 0.99929
87272: 0.99929
87273: 0.99929
87274: 0.99929
87275: 0.99929
87276: 0.99929
87277: 0.99929
87278: 0.99929
87279: 0.99929
87280: 0.99929
87281: 0.99929
87282: 0.99929
87283: 0.99929
87284: 0.99929
87285: 0.99929
87286: 0.99929
87287: 0.99929
87288: 0.99929
87289: 0.99929
87290: 0.99929
87291: 0.99929
87292: 0.99929
87293: 0.99929
87294: 0.99929
87295: 0.99929
87296: 0.99929
87297: 0.99929
87298: 0.99929
87299: 0.99929
87300: 0.99929
87301: 0.99929
87302: 0.99929
87303: 0.99929
87304: 0.99929
87305: 0.99929
87306: 0.99929
87307: 0.99929
87308: 0.99929
87309: 0.99929
87310: 0.99929
87311: 0.99929
87312: 0.99929
87313: 0.99929
87314: 0.99929
87315: 0.99929
87316: 0.99929
87317: 0.99929
87318: 0.99929
87319: 0.99929
87320: 0.99929
87321: 0.99929
87322: 0.99929
87323: 0.99929
87324: 0.99929
87325: 0.99929
87326: 0.99929
87327: 0.99929
87328: 0.99929
87329: 0.99929
87330: 0.99929
87331: 0.99929
87332: 0.99929
87333: 0.99929
87334: 0.99929
87335: 0.99929
87336: 0.99929
87337: 0.99929
87338: 0.99929
87339: 0.99929
87340: 0.99929
87341: 0.99929
87342: 0.99929
87343: 0.99929
87344: 0.99929
87345: 0.99929
87346: 0.99929
87347: 0.99929
87348: 0.99929
87349: 0.99929
87350: 0.99929
87351: 0.99929
87352: 0.99929
87353: 0.99929
87354: 0.99929
87355: 0.99929
87356: 0.99929
87357: 0.99929
87358: 0.99929
87359: 0.99929
87360: 0.99929
87361: 0.99929
87362: 0.99929
87363: 0.99929
87364: 0.99929
87365: 0.99929
87366: 0.99929
87367: 0.99929
87368: 0.99929
87369: 0.99929
87370: 0.99929
87371: 0.99929
87372: 0.99929
87373: 0.99929
87374: 0.99929
87375: 0.99929
87376: 0.99929
87377: 0.99929
87378: 0.99929
87379: 0.99929
87380: 0.99929
87381: 0.99929
87382: 0.99929
87383: 0.99929
87384: 0.99929
87385: 0.999291
87386: 0.999291
87387: 0.999291
87388: 0.999291
87389: 0.999291
87390: 0.999291
87391: 0.999291
87392: 0.999291
87393: 0.999291
87394: 0.999291
87395: 0.999291
87396: 0.999291
87397: 0.999291
87398: 0.999291
87399: 0.999291
87400: 0.999291
87401: 0.999291
87402: 0.999291
87403: 0.999291
87404: 0.999291
87405: 0.999291
87406: 0.999291
87407: 0.999291
87408: 0.999291
87409: 0.999291
87410: 0.999291
87411: 0.999291
87412: 0.999291
87413: 0.999291
87414: 0.999291
87415: 0.999291
87416: 0.999291
87417: 0.999291
87418: 0.999291
87419: 0.999291
87420: 0.999291
87421: 0.999291
87422: 0.999291
87423: 0.999291
87424: 0.999291
87425: 0.999291
87426: 0.999291
87427: 0.999291
87428: 0.999291
87429: 0.999291
87430: 0.999291
87431: 0.999291
87432: 0.999291
87433: 0.999291
87434: 0.999291
87435: 0.999291
87436: 0.999291
87437: 0.999291
87438: 0.999291
87439: 0.999291
87440: 0.999291
87441: 0.999291
87442: 0.999291
87443: 0.999291
87444: 0.999291
87445: 0.999291
87446: 0.999291
87447: 0.999291
87448: 0.999291
87449: 0.999291
87450: 0.999291
87451: 0.999291
87452: 0.999291
87453: 0.999291
87454: 0.999291
87455: 0.999291
87456: 0.999291
87457: 0.999291
87458: 0.999291
87459: 0.999291
87460: 0.999291
87461: 0.999291
87462: 0.999291
87463: 0.999291
87464: 0.999291
87465: 0.999291
87466: 0.999291
87467: 0.999291
87468: 0.999291
87469: 0.999291
87470: 0.999291
87471: 0.999291
87472: 0.999291
87473: 0.999291
87474: 0.999291
87475: 0.999291
87476: 0.999291
87477: 0.999291
87478: 0.999291
87479: 0.999291
87480: 0.999291
87481: 0.999291
87482: 0.999291
87483: 0.999291
87484: 0.999291
87485: 0.999291
87486: 0.999291
87487: 0.999291
87488: 0.999291
87489: 0.999291
87490: 0.999291
87491: 0.999291
87492: 0.999291
87493: 0.999291
87494: 0.999291
87495: 0.999291
87496: 0.999291
87497: 0.999291
87498: 0.999291
87499: 0.999291
87500: 0.999291
87501: 0.999291
87502: 0.999291
87503: 0.999291
87504: 0.999291
87505: 0.999291
87506: 0.999291
87507: 0.999291
87508: 0.999292
87509: 0.999292
87510: 0.999292
87511: 0.999292
87512: 0.999292
87513: 0.999292
87514: 0.999292
87515: 0.999292
87516: 0.999292
87517: 0.999292
87518: 0.999292
87519: 0.999292
87520: 0.999292
87521: 0.999292
87522: 0.999292
87523: 0.999292
87524: 0.999292
87525: 0.999292
87526: 0.999292
87527: 0.999292
87528: 0.999292
87529: 0.999292
87530: 0.999292
87531: 0.999292
87532: 0.999292
87533: 0.999292
87534: 0.999292
87535: 0.999292
87536: 0.999292
87537: 0.999292
87538: 0.999292
87539: 0.999292
87540: 0.999292
87541: 0.999292
87542: 0.999292
87543: 0.999292
87544: 0.999292
87545: 0.999292
87546: 0.999292
87547: 0.999292
87548: 0.999292
87549: 0.999292
87550: 0.999292
87551: 0.999292
87552: 0.999292
87553: 0.999292
87554: 0.999292
87555: 0.999292
87556: 0.999292
87557: 0.999292
87558: 0.999292
87559: 0.999292
87560: 0.999292
87561: 0.999292
87562: 0.999292
87563: 0.999292
87564: 0.999292
87565: 0.999292
87566: 0.999292
87567: 0.999292
87568: 0.999292
87569: 0.999292
87570: 0.999292
87571: 0.999292
87572: 0.999292
87573: 0.999292
87574: 0.999292
87575: 0.999292
87576: 0.999292
87577: 0.999292
87578: 0.999292
87579: 0.999292
87580: 0.999292
87581: 0.999292
87582: 0.999292
87583: 0.999292
87584: 0.999292
87585: 0.999292
87586: 0.999292
87587: 0.999292
87588: 0.999292
87589: 0.999292
87590: 0.999292
87591: 0.999292
87592: 0.999292
87593: 0.999292
87594: 0.999292
87595: 0.999292
87596: 0.999292
87597: 0.999292
87598: 0.999292
87599: 0.999292
87600: 0.999292
87601: 0.999292
87602: 0.999292
87603: 0.999292
87604: 0.999292
87605: 0.999292
87606: 0.999292
87607: 0.999292
87608: 0.999292
87609: 0.999292
87610: 0.999292
87611: 0.999292
87612: 0.999292
87613: 0.999292
87614: 0.999292
87615: 0.999292
87616: 0.999292
87617: 0.999292
87618: 0.999292
87619: 0.999292
87620: 0.999292
87621: 0.999292
87622: 0.999292
87623: 0.999292
87624: 0.999292
87625: 0.999292
87626: 0.999292
87627: 0.999292
87628: 0.999292
87629: 0.999292
87630: 0.999292
87631: 0.999292
87632: 0.999293
87633: 0.999293
87634: 0.999293
87635: 0.999293
87636: 0.999293
87637: 0.999293
87638: 0.999293
87639: 0.999293
87640: 0.999293
87641: 0.999293
87642: 0.999293
87643: 0.999293
87644: 0.999293
87645: 0.999293
87646: 0.999293
87647: 0.999293
87648: 0.999293
87649: 0.999293
87650: 0.999293
87651: 0.999293
87652: 0.999293
87653: 0.999293
87654: 0.999293
87655: 0.999293
87656: 0.999293
87657: 0.999293
87658: 0.999293
87659: 0.999293
87660: 0.999293
87661: 0.999293
87662: 0.999293
87663: 0.999293
87664: 0.999293
87665: 0.999293
87666: 0.999293
87667: 0.999293
87668: 0.999293
87669: 0.999293
87670: 0.999293
87671: 0.999293
87672: 0.999293
87673: 0.999293
87674: 0.999293
87675: 0.999293
87676: 0.999293
87677: 0.999293
87678: 0.999293
87679: 0.999293
87680: 0.999293
87681: 0.999293
87682: 0.999293
87683: 0.999293
87684: 0.999293
87685: 0.999293
87686: 0.999293
87687: 0.999293
87688: 0.999293
87689: 0.999293
87690: 0.999293
87691: 0.999293
87692: 0.999293
87693: 0.999293
87694: 0.999293
87695: 0.999293
87696: 0.999293
87697: 0.999293
87698: 0.999293
87699: 0.999293
87700: 0.999293
87701: 0.999293
87702: 0.999293
87703: 0.999293
87704: 0.999293
87705: 0.999293
87706: 0.999293
87707: 0.999293
87708: 0.999293
87709: 0.999293
87710: 0.999293
87711: 0.999293
87712: 0.999293
87713: 0.999293
87714: 0.999293
87715: 0.999293
87716: 0.999293
87717: 0.999293
87718: 0.999293
87719: 0.999293
87720: 0.999293
87721: 0.999293
87722: 0.999293
87723: 0.999293
87724: 0.999293
87725: 0.999293
87726: 0.999293
87727: 0.999293
87728: 0.999293
87729: 0.999293
87730: 0.999293
87731: 0.999293
87732: 0.999293
87733: 0.999293
87734: 0.999293
87735: 0.999293
87736: 0.999293
87737: 0.999293
87738: 0.999293
87739: 0.999293
87740: 0.999293
87741: 0.999293
87742: 0.999293
87743: 0.999293
87744: 0.999293
87745: 0.999293
87746: 0.999293
87747: 0.999293
87748: 0.999293
87749: 0.999293
87750: 0.999293
87751: 0.999293
87752: 0.999293
87753: 0.999293
87754: 0.999293
87755: 0.999293
87756: 0.999294
87757: 0.999294
87758: 0.999294
87759: 0.999294
87760: 0.999294
87761: 0.999294
87762: 0.999294
87763: 0.999294
87764: 0.999294
87765: 0.999294
87766: 0.999294
87767: 0.999294
87768: 0.999294
87769: 0.999294
87770: 0.999294
87771: 0.999294
87772: 0.999294
87773: 0.999294
87774: 0.999294
87775: 0.999294
87776: 0.999294
87777: 0.999294
87778: 0.999294
87779: 0.999294
87780: 0.999294
87781: 0.999294
87782: 0.999294
87783: 0.999294
87784: 0.999294
87785: 0.999294
87786: 0.999294
87787: 0.999294
87788: 0.999294
87789: 0.999294
87790: 0.999294
87791: 0.999294
87792: 0.999294
87793: 0.999294
87794: 0.999294
87795: 0.999294
87796: 0.999294
87797: 0.999294
87798: 0.999294
87799: 0.999294
87800: 0.999294
87801: 0.999294
87802: 0.999294
87803: 0.999294
87804: 0.999294
87805: 0.999294
87806: 0.999294
87807: 0.999294
87808: 0.999294
87809: 0.999294
87810: 0.999294
87811: 0.999294
87812: 0.999294
87813: 0.999294
87814: 0.999294
87815: 0.999294
87816: 0.999294
87817: 0.999294
87818: 0.999294
87819: 0.999294
87820: 0.999294
87821: 0.999294
87822: 0.999294
87823: 0.999294
87824: 0.999294
87825: 0.999294
87826: 0.999294
87827: 0.999294
87828: 0.999294
87829: 0.999294
87830: 0.999294
87831: 0.999294
87832: 0.999294
87833: 0.999294
87834: 0.999294
87835: 0.999294
87836: 0.999294
87837: 0.999294
87838: 0.999294
87839: 0.999294
87840: 0.999294
87841: 0.999294
87842: 0.999294
87843: 0.999294
87844: 0.999294
87845: 0.999294
87846: 0.999294
87847: 0.999294
87848: 0.999294
87849: 0.999294
87850: 0.999294
87851: 0.999294
87852: 0.999294
87853: 0.999294
87854: 0.999294
87855: 0.999294
87856: 0.999294
87857: 0.999294
87858: 0.999294
87859: 0.999294
87860: 0.999294
87861: 0.999294
87862: 0.999294
87863: 0.999294
87864: 0.999294
87865: 0.999294
87866: 0.999294
87867: 0.999294
87868: 0.999294
87869: 0.999294
87870: 0.999294
87871: 0.999294
87872: 0.999294
87873: 0.999294
87874: 0.999294
87875: 0.999294
87876: 0.999294
87877: 0.999294
87878: 0.999294
87879: 0.999294
87880: 0.999295
87881: 0.999295
87882: 0.999295
87883: 0.999295
87884: 0.999295
87885: 0.999295
87886: 0.999295
87887: 0.999295
87888: 0.999295
87889: 0.999295
87890: 0.999295
87891: 0.999295
87892: 0.999295
87893: 0.999295
87894: 0.999295
87895: 0.999295
87896: 0.999295
87897: 0.999295
87898: 0.999295
87899: 0.999295
87900: 0.999295
87901: 0.999295
87902: 0.999295
87903: 0.999295
87904: 0.999295
87905: 0.999295
87906: 0.999295
87907: 0.999295
87908: 0.999295
87909: 0.999295
87910: 0.999295
87911: 0.999295
87912: 0.999295
87913: 0.999295
87914: 0.999295
87915: 0.999295
87916: 0.999295
87917: 0.999295
87918: 0.999295
87919: 0.999295
87920: 0.999295
87921: 0.999295
87922: 0.999295
87923: 0.999295
87924: 0.999295
87925: 0.999295
87926: 0.999295
87927: 0.999295
87928: 0.999295
87929: 0.999295
87930: 0.999295
87931: 0.999295
87932: 0.999295
87933: 0.999295
87934: 0.999295
87935: 0.999295
87936: 0.999295
87937: 0.999295
87938: 0.999295
87939: 0.999295
87940: 0.999295
87941: 0.999295
87942: 0.999295
87943: 0.999295
87944: 0.999295
87945: 0.999295
87946: 0.999295
87947: 0.999295
87948: 0.999295
87949: 0.999295
87950: 0.999295
87951: 0.999295
87952: 0.999295
87953: 0.999295
87954: 0.999295
87955: 0.999295
87956: 0.999295
87957: 0.999295
87958: 0.999295
87959: 0.999295
87960: 0.999295
87961: 0.999295
87962: 0.999295
87963: 0.999295
87964: 0.999295
87965: 0.999295
87966: 0.999295
87967: 0.999295
87968: 0.999295
87969: 0.999295
87970: 0.999295
87971: 0.999295
87972: 0.999295
87973: 0.999295
87974: 0.999295
87975: 0.999295
87976: 0.999295
87977: 0.999295
87978: 0.999295
87979: 0.999295
87980: 0.999295
87981: 0.999295
87982: 0.999295
87983: 0.999295
87984: 0.999295
87985: 0.999295
87986: 0.999295
87987: 0.999295
87988: 0.999295
87989: 0.999295
87990: 0.999295
87991: 0.999295
87992: 0.999295
87993: 0.999295
87994: 0.999295
87995: 0.999295
87996: 0.999295
87997: 0.999295
87998: 0.999295
87999: 0.999295
88000: 0.999295
88001: 0.999295
88002: 0.999295
88003: 0.999295
88004: 0.999295
88005: 0.999296
88006: 0.999296
88007: 0.999296
88008: 0.999296
88009: 0.999296
88010: 0.999296
88011: 0.999296
88012: 0.999296
88013: 0.999296
88014: 0.999296
88015: 0.999296
88016: 0.999296
88017: 0.999296
88018: 0.999296
88019: 0.999296
88020: 0.999296
88021: 0.999296
88022: 0.999296
88023: 0.999296
88024: 0.999296
88025: 0.999296
88026: 0.999296
88027: 0.999296
88028: 0.999296
88029: 0.999296
88030: 0.999296
88031: 0.999296
88032: 0.999296
88033: 0.999296
88034: 0.999296
88035: 0.999296
88036: 0.999296
88037: 0.999296
88038: 0.999296
88039: 0.999296
88040: 0.999296
88041: 0.999296
88042: 0.999296
88043: 0.999296
88044: 0.999296
88045: 0.999296
88046: 0.999296
88047: 0.999296
88048: 0.999296
88049: 0.999296
88050: 0.999296
88051: 0.999296
88052: 0.999296
88053: 0.999296
88054: 0.999296
88055: 0.999296
88056: 0.999296
88057: 0.999296
88058: 0.999296
88059: 0.999296
88060: 0.999296
88061: 0.999296
88062: 0.999296
88063: 0.999296
88064: 0.999296
88065: 0.999296
88066: 0.999296
88067: 0.999296
88068: 0.999296
88069: 0.999296
88070: 0.999296
88071: 0.999296
88072: 0.999296
88073: 0.999296
88074: 0.999296
88075: 0.999296
88076: 0.999296
88077: 0.999296
88078: 0.999296
88079: 0.999296
88080: 0.999296
88081: 0.999296
88082: 0.999296
88083: 0.999296
88084: 0.999296
88085: 0.999296
88086: 0.999296
88087: 0.999296
88088: 0.999296
88089: 0.999296
88090: 0.999296
88091: 0.999296
88092: 0.999296
88093: 0.999296
88094: 0.999296
88095: 0.999296
88096: 0.999296
88097: 0.999296
88098: 0.999296
88099: 0.999296
88100: 0.999296
88101: 0.999296
88102: 0.999296
88103: 0.999296
88104: 0.999296
88105: 0.999296
88106: 0.999296
88107: 0.999296
88108: 0.999296
88109: 0.999296
88110: 0.999296
88111: 0.999296
88112: 0.999296
88113: 0.999296
88114: 0.999296
88115: 0.999296
88116: 0.999296
88117: 0.999296
88118: 0.999296
88119: 0.999296
88120: 0.999296
88121: 0.999296
88122: 0.999296
88123: 0.999296
88124: 0.999296
88125: 0.999296
88126: 0.999296
88127: 0.999296
88128: 0.999296
88129: 0.999296
88130: 0.999297
88131: 0.999297
88132: 0.999297
88133: 0.999297
88134: 0.999297
88135: 0.999297
88136: 0.999297
88137: 0.999297
88138: 0.999297
88139: 0.999297
88140: 0.999297
88141: 0.999297
88142: 0.999297
88143: 0.999297
88144: 0.999297
88145: 0.999297
88146: 0.999297
88147: 0.999297
88148: 0.999297
88149: 0.999297
88150: 0.999297
88151: 0.999297
88152: 0.999297
88153: 0.999297
88154: 0.999297
88155: 0.999297
88156: 0.999297
88157: 0.999297
88158: 0.999297
88159: 0.999297
88160: 0.999297
88161: 0.999297
88162: 0.999297
88163: 0.999297
88164: 0.999297
88165: 0.999297
88166: 0.999297
88167: 0.999297
88168: 0.999297
88169: 0.999297
88170: 0.999297
88171: 0.999297
88172: 0.999297
88173: 0.999297
88174: 0.999297
88175: 0.999297
88176: 0.999297
88177: 0.999297
88178: 0.999297
88179: 0.999297
88180: 0.999297
88181: 0.999297
88182: 0.999297
88183: 0.999297
88184: 0.999297
88185: 0.999297
88186: 0.999297
88187: 0.999297
88188: 0.999297
88189: 0.999297
88190: 0.999297
88191: 0.999297
88192: 0.999297
88193: 0.999297
88194: 0.999297
88195: 0.999297
88196: 0.999297
88197: 0.999297
88198: 0.999297
88199: 0.999297
88200: 0.999297
88201: 0.999297
88202: 0.999297
88203: 0.999297
88204: 0.999297
88205: 0.999297
88206: 0.999297
88207: 0.999297
88208: 0.999297
88209: 0.999297
88210: 0.999297
88211: 0.999297
88212: 0.999297
88213: 0.999297
88214: 0.999297
88215: 0.999297
88216: 0.999297
88217: 0.999297
88218: 0.999297
88219: 0.999297
88220: 0.999297
88221: 0.999297
88222: 0.999297
88223: 0.999297
88224: 0.999297
88225: 0.999297
88226: 0.999297
88227: 0.999297
88228: 0.999297
88229: 0.999297
88230: 0.999297
88231: 0.999297
88232: 0.999297
88233: 0.999297
88234: 0.999297
88235: 0.999297
88236: 0.999297
88237: 0.999297
88238: 0.999297
88239: 0.999297
88240: 0.999297
88241: 0.999297
88242: 0.999297
88243: 0.999297
88244: 0.999297
88245: 0.999297
88246: 0.999297
88247: 0.999297
88248: 0.999297
88249: 0.999297
88250: 0.999297
88251: 0.999297
88252: 0.999297
88253: 0.999297
88254: 0.999297
88255: 0.999297
88256: 0.999298
88257: 0.999298
88258: 0.999298
88259: 0.999298
88260: 0.999298
88261: 0.999298
88262: 0.999298
88263: 0.999298
88264: 0.999298
88265: 0.999298
88266: 0.999298
88267: 0.999298
88268: 0.999298
88269: 0.999298
88270: 0.999298
88271: 0.999298
88272: 0.999298
88273: 0.999298
88274: 0.999298
88275: 0.999298
88276: 0.999298
88277: 0.999298
88278: 0.999298
88279: 0.999298
88280: 0.999298
88281: 0.999298
88282: 0.999298
88283: 0.999298
88284: 0.999298
88285: 0.999298
88286: 0.999298
88287: 0.999298
88288: 0.999298
88289: 0.999298
88290: 0.999298
88291: 0.999298
88292: 0.999298
88293: 0.999298
88294: 0.999298
88295: 0.999298
88296: 0.999298
88297: 0.999298
88298: 0.999298
88299: 0.999298
88300: 0.999298
88301: 0.999298
88302: 0.999298
88303: 0.999298
88304: 0.999298
88305: 0.999298
88306: 0.999298
88307: 0.999298
88308: 0.999298
88309: 0.999298
88310: 0.999298
88311: 0.999298
88312: 0.999298
88313: 0.999298
88314: 0.999298
88315: 0.999298
88316: 0.999298
88317: 0.999298
88318: 0.999298
88319: 0.999298
88320: 0.999298
88321: 0.999298
88322: 0.999298
88323: 0.999298
88324: 0.999298
88325: 0.999298
88326: 0.999298
88327: 0.999298
88328: 0.999298
88329: 0.999298
88330: 0.999298
88331: 0.999298
88332: 0.999298
88333: 0.999298
88334: 0.999298
88335: 0.999298
88336: 0.999298
88337: 0.999298
88338: 0.999298
88339: 0.999298
88340: 0.999298
88341: 0.999298
88342: 0.999298
88343: 0.999298
88344: 0.999298
88345: 0.999298
88346: 0.999298
88347: 0.999298
88348: 0.999298
88349: 0.999298
88350: 0.999298
88351: 0.999298
88352: 0.999298
88353: 0.999298
88354: 0.999298
88355: 0.999298
88356: 0.999298
88357: 0.999298
88358: 0.999298
88359: 0.999298
88360: 0.999298
88361: 0.999298
88362: 0.999298
88363: 0.999298
88364: 0.999298
88365: 0.999298
88366: 0.999298
88367: 0.999298
88368: 0.999298
88369: 0.999298
88370: 0.999298
88371: 0.999298
88372: 0.999298
88373: 0.999298
88374: 0.999298
88375: 0.999298
88376: 0.999298
88377: 0.999298
88378: 0.999298
88379: 0.999298
88380: 0.999298
88381: 0.999298
88382: 0.999299
88383: 0.999299
88384: 0.999299
88385: 0.999299
88386: 0.999299
88387: 0.999299
88388: 0.999299
88389: 0.999299
88390: 0.999299
88391: 0.999299
88392: 0.999299
88393: 0.999299
88394: 0.999299
88395: 0.999299
88396: 0.999299
88397: 0.999299
88398: 0.999299
88399: 0.999299
88400: 0.999299
88401: 0.999299
88402: 0.999299
88403: 0.999299
88404: 0.999299
88405: 0.999299
88406: 0.999299
88407: 0.999299
88408: 0.999299
88409: 0.999299
88410: 0.999299
88411: 0.999299
88412: 0.999299
88413: 0.999299
88414: 0.999299
88415: 0.999299
88416: 0.999299
88417: 0.999299
88418: 0.999299
88419: 0.999299
88420: 0.999299
88421: 0.999299
88422: 0.999299
88423: 0.999299
88424: 0.999299
88425: 0.999299
88426: 0.999299
88427: 0.999299
88428: 0.999299
88429: 0.999299
88430: 0.999299
88431: 0.999299
88432: 0.999299
88433: 0.999299
88434: 0.999299
88435: 0.999299
88436: 0.999299
88437: 0.999299
88438: 0.999299
88439: 0.999299
88440: 0.999299
88441: 0.999299
88442: 0.999299
88443: 0.999299
88444: 0.999299
88445: 0.999299
88446: 0.999299
88447: 0.999299
88448: 0.999299
88449: 0.999299
88450: 0.999299
88451: 0.999299
88452: 0.999299
88453: 0.999299
88454: 0.999299
88455: 0.999299
88456: 0.999299
88457: 0.999299
88458: 0.999299
88459: 0.999299
88460: 0.999299
88461: 0.999299
88462: 0.999299
88463: 0.999299
88464: 0.999299
88465: 0.999299
88466: 0.999299
88467: 0.999299
88468: 0.999299
88469: 0.999299
88470: 0.999299
88471: 0.999299
88472: 0.999299
88473: 0.999299
88474: 0.999299
88475: 0.999299
88476: 0.999299
88477: 0.999299
88478: 0.999299
88479: 0.999299
88480: 0.999299
88481: 0.999299
88482: 0.999299
88483: 0.999299
88484: 0.999299
88485: 0.999299
88486: 0.999299
88487: 0.999299
88488: 0.999299
88489: 0.999299
88490: 0.999299
88491: 0.999299
88492: 0.999299
88493: 0.999299
88494: 0.999299
88495: 0.999299
88496: 0.999299
88497: 0.999299
88498: 0.999299
88499: 0.999299
88500: 0.999299
88501: 0.999299
88502: 0.999299
88503: 0.999299
88504: 0.999299
88505: 0.999299
88506: 0.999299
88507: 0.999299
88508: 0.9993
88509: 0.9993
88510: 0.9993
88511: 0.9993
88512: 0.9993
88513: 0.9993
88514: 0.9993
88515: 0.9993
88516: 0.9993
88517: 0.9993
88518: 0.9993
88519: 0.9993
88520: 0.9993
88521: 0.9993
88522: 0.9993
88523: 0.9993
88524: 0.9993
88525: 0.9993
88526: 0.9993
88527: 0.9993
88528: 0.9993
88529: 0.9993
88530: 0.9993
88531: 0.9993
88532: 0.9993
88533: 0.9993
88534: 0.9993
88535: 0.9993
88536: 0.9993
88537: 0.9993
88538: 0.9993
88539: 0.9993
88540: 0.9993
88541: 0.9993
88542: 0.9993
88543: 0.9993
88544: 0.9993
88545: 0.9993
88546: 0.9993
88547: 0.9993
88548: 0.9993
88549: 0.9993
88550: 0.9993
88551: 0.9993
88552: 0.9993
88553: 0.9993
88554: 0.9993
88555: 0.9993
88556: 0.9993
88557: 0.9993
88558: 0.9993
88559: 0.9993
88560: 0.9993
88561: 0.9993
88562: 0.9993
88563: 0.9993
88564: 0.9993
88565: 0.9993
88566: 0.9993
88567: 0.9993
88568: 0.9993
88569: 0.9993
88570: 0.9993
88571: 0.9993
88572: 0.9993
88573: 0.9993
88574: 0.9993
88575: 0.9993
88576: 0.9993
88577: 0.9993
88578: 0.9993
88579: 0.9993
88580: 0.9993
88581: 0.9993
88582: 0.9993
88583: 0.9993
88584: 0.9993
88585: 0.9993
88586: 0.9993
88587: 0.9993
88588: 0.9993
88589: 0.9993
88590: 0.9993
88591: 0.9993
88592: 0.9993
88593: 0.9993
88594: 0.9993
88595: 0.9993
88596: 0.9993
88597: 0.9993
88598: 0.9993
88599: 0.9993
88600: 0.9993
88601: 0.9993
88602: 0.9993
88603: 0.9993
88604: 0.9993
88605: 0.9993
88606: 0.9993
88607: 0.9993
88608: 0.9993
88609: 0.9993
88610: 0.9993
88611: 0.9993
88612: 0.9993
88613: 0.9993
88614: 0.9993
88615: 0.9993
88616: 0.9993
88617: 0.9993
88618: 0.9993
88619: 0.9993
88620: 0.9993
88621: 0.9993
88622: 0.9993
88623: 0.9993
88624: 0.9993
88625: 0.9993
88626: 0.9993
88627: 0.9993
88628: 0.9993
88629: 0.9993
88630: 0.9993
88631: 0.9993
88632: 0.9993
88633: 0.9993
88634: 0.999301
88635: 0.999301
88636: 0.999301
88637: 0.999301
88638: 0.999301
88639: 0.999301
88640: 0.999301
88641: 0.999301
88642: 0.999301
88643: 0.999301
88644: 0.999301
88645: 0.999301
88646: 0.999301
88647: 0.999301
88648: 0.999301
88649: 0.999301
88650: 0.999301
88651: 0.999301
88652: 0.999301
88653: 0.999301
88654: 0.999301
88655: 0.999301
88656: 0.999301
88657: 0.999301
88658: 0.999301
88659: 0.999301
88660: 0.999301
88661: 0.999301
88662: 0.999301
88663: 0.999301
88664: 0.999301
88665: 0.999301
88666: 0.999301
88667: 0.999301
88668: 0.999301
88669: 0.999301
88670: 0.999301
88671: 0.999301
88672: 0.999301
88673: 0.999301
88674: 0.999301
88675: 0.999301
88676: 0.999301
88677: 0.999301
88678: 0.999301
88679: 0.999301
88680: 0.999301
88681: 0.999301
88682: 0.999301
88683: 0.999301
88684: 0.999301
88685: 0.999301
88686: 0.999301
88687: 0.999301
88688: 0.999301
88689: 0.999301
88690: 0.999301
88691: 0.999301
88692: 0.999301
88693: 0.999301
88694: 0.999301
88695: 0.999301
88696: 0.999301
88697: 0.999301
88698: 0.999301
88699: 0.999301
88700: 0.999301
88701: 0.999301
88702: 0.999301
88703: 0.999301
88704: 0.999301
88705: 0.999301
88706: 0.999301
88707: 0.999301
88708: 0.999301
88709: 0.999301
88710: 0.999301
88711: 0.999301
88712: 0.999301
88713: 0.999301
88714: 0.999301
88715: 0.999301
88716: 0.999301
88717: 0.999301
88718: 0.999301
88719: 0.999301
88720: 0.999301
88721: 0.999301
88722: 0.999301
88723: 0.999301
88724: 0.999301
88725: 0.999301
88726: 0.999301
88727: 0.999301
88728: 0.999301
88729: 0.999301
88730: 0.999301
88731: 0.999301
88732: 0.999301
88733: 0.999301
88734: 0.999301
88735: 0.999301
88736: 0.999301
88737: 0.999301
88738: 0.999301
88739: 0.999301
88740: 0.999301
88741: 0.999301
88742: 0.999301
88743: 0.999301
88744: 0.999301
88745: 0.999301
88746: 0.999301
88747: 0.999301
88748: 0.999301
88749: 0.999301
88750: 0.999301
88751: 0.999301
88752: 0.999301
88753: 0.999301
88754: 0.999301
88755: 0.999301
88756: 0.999301
88757: 0.999301
88758: 0.999301
88759: 0.999301
88760: 0.999301
88761: 0.999302
88762: 0.999302
88763: 0.999302
88764: 0.999302
88765: 0.999302
88766: 0.999302
88767: 0.999302
88768: 0.999302
88769: 0.999302
88770: 0.999302
88771: 0.999302
88772: 0.999302
88773: 0.999302
88774: 0.999302
88775: 0.999302
88776: 0.999302
88777: 0.999302
88778: 0.999302
88779: 0.999302
88780: 0.999302
88781: 0.999302
88782: 0.999302
88783: 0.999302
88784: 0.999302
88785: 0.999302
88786: 0.999302
88787: 0.999302
88788: 0.999302
88789: 0.999302
88790: 0.999302
88791: 0.999302
88792: 0.999302
88793: 0.999302
88794: 0.999302
88795: 0.999302
88796: 0.999302
88797: 0.999302
88798: 0.999302
88799: 0.999302
88800: 0.999302
88801: 0.999302
88802: 0.999302
88803: 0.999302
88804: 0.999302
88805: 0.999302
88806: 0.999302
88807: 0.999302
88808: 0.999302
88809: 0.999302
88810: 0.999302
88811: 0.999302
88812: 0.999302
88813: 0.999302
88814: 0.999302
88815: 0.999302
88816: 0.999302
88817: 0.999302
88818: 0.999302
88819: 0.999302
88820: 0.999302
88821: 0.999302
88822: 0.999302
88823: 0.999302
88824: 0.999302
88825: 0.999302
88826: 0.999302
88827: 0.999302
88828: 0.999302
88829: 0.999302
88830: 0.999302
88831: 0.999302
88832: 0.999302
88833: 0.999302
88834: 0.999302
88835: 0.999302
88836: 0.999302
88837: 0.999302
88838: 0.999302
88839: 0.999302
88840: 0.999302
88841: 0.999302
88842: 0.999302
88843: 0.999302
88844: 0.999302
88845: 0.999302
88846: 0.999302
88847: 0.999302
88848: 0.999302
88849: 0.999302
88850: 0.999302
88851: 0.999302
88852: 0.999302
88853: 0.999302
88854: 0.999302
88855: 0.999302
88856: 0.999302
88857: 0.999302
88858: 0.999302
88859: 0.999302
88860: 0.999302
88861: 0.999302
88862: 0.999302
88863: 0.999302
88864: 0.999302
88865: 0.999302
88866: 0.999302
88867: 0.999302
88868: 0.999302
88869: 0.999302
88870: 0.999302
88871: 0.999302
88872: 0.999302
88873: 0.999302
88874: 0.999302
88875: 0.999302
88876: 0.999302
88877: 0.999302
88878: 0.999302
88879: 0.999302
88880: 0.999302
88881: 0.999302
88882: 0.999302
88883: 0.999302
88884: 0.999302
88885: 0.999302
88886: 0.999302
88887: 0.999302
88888: 0.999303
88889: 0.999303
88890: 0.999303
88891: 0.999303
88892: 0.999303
88893: 0.999303
88894: 0.999303
88895: 0.999303
88896: 0.999303
88897: 0.999303
88898: 0.999303
88899: 0.999303
88900: 0.999303
88901: 0.999303
88902: 0.999303
88903: 0.999303
88904: 0.999303
88905: 0.999303
88906: 0.999303
88907: 0.999303
88908: 0.999303
88909: 0.999303
88910: 0.999303
88911: 0.999303
88912: 0.999303
88913: 0.999303
88914: 0.999303
88915: 0.999303
88916: 0.999303
88917: 0.999303
88918: 0.999303
88919: 0.999303
88920: 0.999303
88921: 0.999303
88922: 0.999303
88923: 0.999303
88924: 0.999303
88925: 0.999303
88926: 0.999303
88927: 0.999303
88928: 0.999303
88929: 0.999303
88930: 0.999303
88931: 0.999303
88932: 0.999303
88933: 0.999303
88934: 0.999303
88935: 0.999303
88936: 0.999303
88937: 0.999303
88938: 0.999303
88939: 0.999303
88940: 0.999303
88941: 0.999303
88942: 0.999303
88943: 0.999303
88944: 0.999303
88945: 0.999303
88946: 0.999303
88947: 0.999303
88948: 0.999303
88949: 0.999303
88950: 0.999303
88951: 0.999303
88952: 0.999303
88953: 0.999303
88954: 0.999303
88955: 0.999303
88956: 0.999303
88957: 0.999303
88958: 0.999303
88959: 0.999303
88960: 0.999303
88961: 0.999303
88962: 0.999303
88963: 0.999303
88964: 0.999303
88965: 0.999303
88966: 0.999303
88967: 0.999303
88968: 0.999303
88969: 0.999303
88970: 0.999303
88971: 0.999303
88972: 0.999303
88973: 0.999303
88974: 0.999303
88975: 0.999303
88976: 0.999303
88977: 0.999303
88978: 0.999303
88979: 0.999303
88980: 0.999303
88981: 0.999303
88982: 0.999303
88983: 0.999303
88984: 0.999303
88985: 0.999303
88986: 0.999303
88987: 0.999303
88988: 0.999303
88989: 0.999303
88990: 0.999303
88991: 0.999303
88992: 0.999303
88993: 0.999303
88994: 0.999303
88995: 0.999303
88996: 0.999303
88997: 0.999303
88998: 0.999303
88999: 0.999303
89000: 0.999303
89001: 0.999303
89002: 0.999303
89003: 0.999303
89004: 0.999303
89005: 0.999303
89006: 0.999303
89007: 0.999303
89008: 0.999303
89009: 0.999303
89010: 0.999303
89011: 0.999303
89012: 0.999303
89013: 0.999303
89014: 0.999303
89015: 0.999303
89016: 0.999304
89017: 0.999304
89018: 0.999304
89019: 0.999304
89020: 0.999304
89021: 0.999304
89022: 0.999304
89023: 0.999304
89024: 0.999304
89025: 0.999304
89026: 0.999304
89027: 0.999304
89028: 0.999304
89029: 0.999304
89030: 0.999304
89031: 0.999304
89032: 0.999304
89033: 0.999304
89034: 0.999304
89035: 0.999304
89036: 0.999304
89037: 0.999304
89038: 0.999304
89039: 0.999304
89040: 0.999304
89041: 0.999304
89042: 0.999304
89043: 0.999304
89044: 0.999304
89045: 0.999304
89046: 0.999304
89047: 0.999304
89048: 0.999304
89049: 0.999304
89050: 0.999304
89051: 0.999304
89052: 0.999304
89053: 0.999304
89054: 0.999304
89055: 0.999304
89056: 0.999304
89057: 0.999304
89058: 0.999304
89059: 0.999304
89060: 0.999304
89061: 0.999304
89062: 0.999304
89063: 0.999304
89064: 0.999304
89065: 0.999304
89066: 0.999304
89067: 0.999304
89068: 0.999304
89069: 0.999304
89070: 0.999304
89071: 0.999304
89072: 0.999304
89073: 0.999304
89074: 0.999304
89075: 0.999304
89076: 0.999304
89077: 0.999304
89078: 0.999304
89079: 0.999304
89080: 0.999304
89081: 0.999304
89082: 0.999304
89083: 0.999304
89084: 0.999304
89085: 0.999304
89086: 0.999304
89087: 0.999304
89088: 0.999304
89089: 0.999304
89090: 0.999304
89091: 0.999304
89092: 0.999304
89093: 0.999304
89094: 0.999304
89095: 0.999304
89096: 0.999304
89097: 0.999304
89098: 0.999304
89099: 0.999304
89100: 0.999304
89101: 0.999304
89102: 0.999304
89103: 0.999304
89104: 0.999304
89105: 0.999304
89106: 0.999304
89107: 0.999304
89108: 0.999304
89109: 0.999304
89110: 0.999304
89111: 0.999304
89112: 0.999304
89113: 0.999304
89114: 0.999304
89115: 0.999304
89116: 0.999304
89117: 0.999304
89118: 0.999304
89119: 0.999304
89120: 0.999304
89121: 0.999304
89122: 0.999304
89123: 0.999304
89124: 0.999304
89125: 0.999304
89126: 0.999304
89127: 0.999304
89128: 0.999304
89129: 0.999304
89130: 0.999304
89131: 0.999304
89132: 0.999304
89133: 0.999304
89134: 0.999304
89135: 0.999304
89136: 0.999304
89137: 0.999304
89138: 0.999304
89139: 0.999304
89140: 0.999304
89141: 0.999304
89142: 0.999304
89143: 0.999304
89144: 0.999305
89145: 0.999305
89146: 0.999305
89147: 0.999305
89148: 0.999305
89149: 0.999305
89150: 0.999305
89151: 0.999305
89152: 0.999305
89153: 0.999305
89154: 0.999305
89155: 0.999305
89156: 0.999305
89157: 0.999305
89158: 0.999305
89159: 0.999305
89160: 0.999305
89161: 0.999305
89162: 0.999305
89163: 0.999305
89164: 0.999305
89165: 0.999305
89166: 0.999305
89167: 0.999305
89168: 0.999305
89169: 0.999305
89170: 0.999305
89171: 0.999305
89172: 0.999305
89173: 0.999305
89174: 0.999305
89175: 0.999305
89176: 0.999305
89177: 0.999305
89178: 0.999305
89179: 0.999305
89180: 0.999305
89181: 0.999305
89182: 0.999305
89183: 0.999305
89184: 0.999305
89185: 0.999305
89186: 0.999305
89187: 0.999305
89188: 0.999305
89189: 0.999305
89190: 0.999305
89191: 0.999305
89192: 0.999305
89193: 0.999305
89194: 0.999305
89195: 0.999305
89196: 0.999305
89197: 0.999305
89198: 0.999305
89199: 0.999305
89200: 0.999305
89201: 0.999305
89202: 0.999305
89203: 0.999305
89204: 0.999305
89205: 0.999305
89206: 0.999305
89207: 0.999305
89208: 0.999305
89209: 0.999305
89210: 0.999305
89211: 0.999305
89212: 0.999305
89213: 0.999305
89214: 0.999305
89215: 0.999305
89216: 0.999305
89217: 0.999305
89218: 0.999305
89219: 0.999305
89220: 0.999305
89221: 0.999305
89222: 0.999305
89223: 0.999305
89224: 0.999305
89225: 0.999305
89226: 0.999305
89227: 0.999305
89228: 0.999305
89229: 0.999305
89230: 0.999305
89231: 0.999305
89232: 0.999305
89233: 0.999305
89234: 0.999305
89235: 0.999305
89236: 0.999305
89237: 0.999305
89238: 0.999305
89239: 0.999305
89240: 0.999305
89241: 0.999305
89242: 0.999305
89243: 0.999305
89244: 0.999305
89245: 0.999305
89246: 0.999305
89247: 0.999305
89248: 0.999305
89249: 0.999305
89250: 0.999305
89251: 0.999305
89252: 0.999305
89253: 0.999305
89254: 0.999305
89255: 0.999305
89256: 0.999305
89257: 0.999305
89258: 0.999305
89259: 0.999305
89260: 0.999305
89261: 0.999305
89262: 0.999305
89263: 0.999305
89264: 0.999305
89265: 0.999305
89266: 0.999305
89267: 0.999305
89268: 0.999305
89269: 0.999305
89270: 0.999305
89271: 0.999305
89272: 0.999306
89273: 0.999306
89274: 0.999306
89275: 0.999306
89276: 0.999306
89277: 0.999306
89278: 0.999306
89279: 0.999306
89280: 0.999306
89281: 0.999306
89282: 0.999306
89283: 0.999306
89284: 0.999306
89285: 0.999306
89286: 0.999306
89287: 0.999306
89288: 0.999306
89289: 0.999306
89290: 0.999306
89291: 0.999306
89292: 0.999306
89293: 0.999306
89294: 0.999306
89295: 0.999306
89296: 0.999306
89297: 0.999306
89298: 0.999306
89299: 0.999306
89300: 0.999306
89301: 0.999306
89302: 0.999306
89303: 0.999306
89304: 0.999306
89305: 0.999306
89306: 0.999306
89307: 0.999306
89308: 0.999306
89309: 0.999306
89310: 0.999306
89311: 0.999306
89312: 0.999306
89313: 0.999306
89314: 0.999306
89315: 0.999306
89316: 0.999306
89317: 0.999306
89318: 0.999306
89319: 0.999306
89320: 0.999306
89321: 0.999306
89322: 0.999306
89323: 0.999306
89324: 0.999306
89325: 0.999306
89326: 0.999306
89327: 0.999306
89328: 0.999306
89329: 0.999306
89330: 0.999306
89331: 0.999306
89332: 0.999306
89333: 0.999306
89334: 0.999306
89335: 0.999306
89336: 0.999306
89337: 0.999306
89338: 0.999306
89339: 0.999306
89340: 0.999306
89341: 0.999306
89342: 0.999306
89343: 0.999306
89344: 0.999306
89345: 0.999306
89346: 0.999306
89347: 0.999306
89348: 0.999306
89349: 0.999306
89350: 0.999306
89351: 0.999306
89352: 0.999306
89353: 0.999306
89354: 0.999306
89355: 0.999306
89356: 0.999306
89357: 0.999306
89358: 0.999306
89359: 0.999306
89360: 0.999306
89361: 0.999306
89362: 0.999306
89363: 0.999306
89364: 0.999306
89365: 0.999306
89366: 0.999306
89367: 0.999306
89368: 0.999306
89369: 0.999306
89370: 0.999306
89371: 0.999306
89372: 0.999306
89373: 0.999306
89374: 0.999306
89375: 0.999306
89376: 0.999306
89377: 0.999306
89378: 0.999306
89379: 0.999306
89380: 0.999306
89381: 0.999306
89382: 0.999306
89383: 0.999306
89384: 0.999306
89385: 0.999306
89386: 0.999306
89387: 0.999306
89388: 0.999306
89389: 0.999306
89390: 0.999306
89391: 0.999306
89392: 0.999306
89393: 0.999306
89394: 0.999306
89395: 0.999306
89396: 0.999306
89397: 0.999306
89398: 0.999306
89399: 0.999306
89400: 0.999306
89401: 0.999307
89402: 0.999307
89403: 0.999307
89404: 0.999307
89405: 0.999307
89406: 0.999307
89407: 0.999307
89408: 0.999307
89409: 0.999307
89410: 0.999307
89411: 0.999307
89412: 0.999307
89413: 0.999307
89414: 0.999307
89415: 0.999307
89416: 0.999307
89417: 0.999307
89418: 0.999307
89419: 0.999307
89420: 0.999307
89421: 0.999307
89422: 0.999307
89423: 0.999307
89424: 0.999307
89425: 0.999307
89426: 0.999307
89427: 0.999307
89428: 0.999307
89429: 0.999307
89430: 0.999307
89431: 0.999307
89432: 0.999307
89433: 0.999307
89434: 0.999307
89435: 0.999307
89436: 0.999307
89437: 0.999307
89438: 0.999307
89439: 0.999307
89440: 0.999307
89441: 0.999307
89442: 0.999307
89443: 0.999307
89444: 0.999307
89445: 0.999307
89446: 0.999307
89447: 0.999307
89448: 0.999307
89449: 0.999307
89450: 0.999307
89451: 0.999307
89452: 0.999307
89453: 0.999307
89454: 0.999307
89455: 0.999307
89456: 0.999307
89457: 0.999307
89458: 0.999307
89459: 0.999307
89460: 0.999307
89461: 0.999307
89462: 0.999307
89463: 0.999307
89464: 0.999307
89465: 0.999307
89466: 0.999307
89467: 0.999307
89468: 0.999307
89469: 0.999307
89470: 0.999307
89471: 0.999307
89472: 0.999307
89473: 0.999307
89474: 0.999307
89475: 0.999307
89476: 0.999307
89477: 0.999307
89478: 0.999307
89479: 0.999307
89480: 0.999307
89481: 0.999307
89482: 0.999307
89483: 0.999307
89484: 0.999307
89485: 0.999307
89486: 0.999307
89487: 0.999307
89488: 0.999307
89489: 0.999307
89490: 0.999307
89491: 0.999307
89492: 0.999307
89493: 0.999307
89494: 0.999307
89495: 0.999307
89496: 0.999307
89497: 0.999307
89498: 0.999307
89499: 0.999307
89500: 0.999307
89501: 0.999307
89502: 0.999307
89503: 0.999307
89504: 0.999307
89505: 0.999307
89506: 0.999307
89507: 0.999307
89508: 0.999307
89509: 0.999307
89510: 0.999307
89511: 0.999307
89512: 0.999307
89513: 0.999307
89514: 0.999307
89515: 0.999307
89516: 0.999307
89517: 0.999307
89518: 0.999307
89519: 0.999307
89520: 0.999307
89521: 0.999307
89522: 0.999307
89523: 0.999307
89524: 0.999307
89525: 0.999307
89526: 0.999307
89527: 0.999307
89528: 0.999307
89529: 0.999307
89530: 0.999308
89531: 0.999308
89532: 0.999308
89533: 0.999308
89534: 0.999308
89535: 0.999308
89536: 0.999308
89537: 0.999308
89538: 0.999308
89539: 0.999308
89540: 0.999308
89541: 0.999308
89542: 0.999308
89543: 0.999308
89544: 0.999308
89545: 0.999308
89546: 0.999308
89547: 0.999308
89548: 0.999308
89549: 0.999308
89550: 0.999308
89551: 0.999308
89552: 0.999308
89553: 0.999308
89554: 0.999308
89555: 0.999308
89556: 0.999308
89557: 0.999308
89558: 0.999308
89559: 0.999308
89560: 0.999308
89561: 0.999308
89562: 0.999308
89563: 0.999308
89564: 0.999308
89565: 0.999308
89566: 0.999308
89567: 0.999308
89568: 0.999308
89569: 0.999308
89570: 0.999308
89571: 0.999308
89572: 0.999308
89573: 0.999308
89574: 0.999308
89575: 0.999308
89576: 0.999308
89577: 0.999308
89578: 0.999308
89579: 0.999308
89580: 0.999308
89581: 0.999308
89582: 0.999308
89583: 0.999308
89584: 0.999308
89585: 0.999308
89586: 0.999308
89587: 0.999308
89588: 0.999308
89589: 0.999308
89590: 0.999308
89591: 0.999308
89592: 0.999308
89593: 0.999308
89594: 0.999308
89595: 0.999308
89596: 0.999308
89597: 0.999308
89598: 0.999308
89599: 0.999308
89600: 0.999308
89601: 0.999308
89602: 0.999308
89603: 0.999308
89604: 0.999308
89605: 0.999308
89606: 0.999308
89607: 0.999308
89608: 0.999308
89609: 0.999308
89610: 0.999308
89611: 0.999308
89612: 0.999308
89613: 0.999308
89614: 0.999308
89615: 0.999308
89616: 0.999308
89617: 0.999308
89618: 0.999308
89619: 0.999308
89620: 0.999308
89621: 0.999308
89622: 0.999308
89623: 0.999308
89624: 0.999308
89625: 0.999308
89626: 0.999308
89627: 0.999308
89628: 0.999308
89629: 0.999308
89630: 0.999308
89631: 0.999308
89632: 0.999308
89633: 0.999308
89634: 0.999308
89635: 0.999308
89636: 0.999308
89637: 0.999308
89638: 0.999308
89639: 0.999308
89640: 0.999308
89641: 0.999308
89642: 0.999308
89643: 0.999308
89644: 0.999308
89645: 0.999308
89646: 0.999308
89647: 0.999308
89648: 0.999308
89649: 0.999308
89650: 0.999308
89651: 0.999308
89652: 0.999308
89653: 0.999308
89654: 0.999308
89655: 0.999308
89656: 0.999308
89657: 0.999308
89658: 0.999308
89659: 0.999308
89660: 0.999309
89661: 0.999309
89662: 0.999309
89663: 0.999309
89664: 0.999309
89665: 0.999309
89666: 0.999309
89667: 0.999309
89668: 0.999309
89669: 0.999309
89670: 0.999309
89671: 0.999309
89672: 0.999309
89673: 0.999309
89674: 0.999309
89675: 0.999309
89676: 0.999309
89677: 0.999309
89678: 0.999309
89679: 0.999309
89680: 0.999309
89681: 0.999309
89682: 0.999309
89683: 0.999309
89684: 0.999309
89685: 0.999309
89686: 0.999309
89687: 0.999309
89688: 0.999309
89689: 0.999309
89690: 0.999309
89691: 0.999309
89692: 0.999309
89693: 0.999309
89694: 0.999309
89695: 0.999309
89696: 0.999309
89697: 0.999309
89698: 0.999309
89699: 0.999309
89700: 0.999309
89701: 0.999309
89702: 0.999309
89703: 0.999309
89704: 0.999309
89705: 0.999309
89706: 0.999309
89707: 0.999309
89708: 0.999309
89709: 0.999309
89710: 0.999309
89711: 0.999309
89712: 0.999309
89713: 0.999309
89714: 0.999309
89715: 0.999309
89716: 0.999309
89717: 0.999309
89718: 0.999309
89719: 0.999309
89720: 0.999309
89721: 0.999309
89722: 0.999309
89723: 0.999309
89724: 0.999309
89725: 0.999309
89726: 0.999309
89727: 0.999309
89728: 0.999309
89729: 0.999309
89730: 0.999309
89731: 0.999309
89732: 0.999309
89733: 0.999309
89734: 0.999309
89735: 0.999309
89736: 0.999309
89737: 0.999309
89738: 0.999309
89739: 0.999309
89740: 0.999309
89741: 0.999309
89742: 0.999309
89743: 0.999309
89744: 0.999309
89745: 0.999309
89746: 0.999309
89747: 0.999309
89748: 0.999309
89749: 0.999309
89750: 0.999309
89751: 0.999309
89752: 0.999309
89753: 0.999309
89754: 0.999309
89755: 0.999309
89756: 0.999309
89757: 0.999309
89758: 0.999309
89759: 0.999309
89760: 0.999309
89761: 0.999309
89762: 0.999309
89763: 0.999309
89764: 0.999309
89765: 0.999309
89766: 0.999309
89767: 0.999309
89768: 0.999309
89769: 0.999309
89770: 0.999309
89771: 0.999309
89772: 0.999309
89773: 0.999309
89774: 0.999309
89775: 0.999309
89776: 0.999309
89777: 0.999309
89778: 0.999309
89779: 0.999309
89780: 0.999309
89781: 0.999309
89782: 0.999309
89783: 0.999309
89784: 0.999309
89785: 0.999309
89786: 0.999309
89787: 0.999309
89788: 0.999309
89789: 0.999309
89790: 0.99931
89791: 0.99931
89792: 0.99931
89793: 0.99931
89794: 0.99931
89795: 0.99931
89796: 0.99931
89797: 0.99931
89798: 0.99931
89799: 0.99931
89800: 0.99931
89801: 0.99931
89802: 0.99931
89803: 0.99931
89804: 0.99931
89805: 0.99931
89806: 0.99931
89807: 0.99931
89808: 0.99931
89809: 0.99931
89810: 0.99931
89811: 0.99931
89812: 0.99931
89813: 0.99931
89814: 0.99931
89815: 0.99931
89816: 0.99931
89817: 0.99931
89818: 0.99931
89819: 0.99931
89820: 0.99931
89821: 0.99931
89822: 0.99931
89823: 0.99931
89824: 0.99931
89825: 0.99931
89826: 0.99931
89827: 0.99931
89828: 0.99931
89829: 0.99931
89830: 0.99931
89831: 0.99931
89832: 0.99931
89833: 0.99931
89834: 0.99931
89835: 0.99931
89836: 0.99931
89837: 0.99931
89838: 0.99931
89839: 0.99931
89840: 0.99931
89841: 0.99931
89842: 0.99931
89843: 0.99931
89844: 0.99931
89845: 0.99931
89846: 0.99931
89847: 0.99931
89848: 0.99931
89849: 0.99931
89850: 0.99931
89851: 0.99931
89852: 0.99931
89853: 0.99931
89854: 0.99931
89855: 0.99931
89856: 0.99931
89857: 0.99931
89858: 0.99931
89859: 0.99931
89860: 0.99931
89861: 0.99931
89862: 0.99931
89863: 0.99931
89864: 0.99931
89865: 0.99931
89866: 0.99931
89867: 0.99931
89868: 0.99931
89869: 0.99931
89870: 0.99931
89871: 0.99931
89872: 0.99931
89873: 0.99931
89874: 0.99931
89875: 0.99931
89876: 0.99931
89877: 0.99931
89878: 0.99931
89879: 0.99931
89880: 0.99931
89881: 0.99931
89882: 0.99931
89883: 0.99931
89884: 0.99931
89885: 0.99931
89886: 0.99931
89887: 0.99931
89888: 0.99931
89889: 0.99931
89890: 0.99931
89891: 0.99931
89892: 0.99931
89893: 0.99931
89894: 0.99931
89895: 0.99931
89896: 0.99931
89897: 0.99931
89898: 0.99931
89899: 0.99931
89900: 0.99931
89901: 0.99931
89902: 0.99931
89903: 0.99931
89904: 0.99931
89905: 0.99931
89906: 0.99931
89907: 0.99931
89908: 0.99931
89909: 0.99931
89910: 0.99931
89911: 0.99931
89912: 0.99931
89913: 0.99931
89914: 0.99931
89915: 0.99931
89916: 0.99931
89917: 0.99931
89918: 0.99931
89919: 0.99931
89920: 0.999311
89921: 0.999311
89922: 0.999311
89923: 0.999311
89924: 0.999311
89925: 0.999311
89926: 0.999311
89927: 0.999311
89928: 0.999311
89929: 0.999311
89930: 0.999311
89931: 0.999311
89932: 0.999311
89933: 0.999311
89934: 0.999311
89935: 0.999311
89936: 0.999311
89937: 0.999311
89938: 0.999311
89939: 0.999311
89940: 0.999311
89941: 0.999311
89942: 0.999311
89943: 0.999311
89944: 0.999311
89945: 0.999311
89946: 0.999311
89947: 0.999311
89948: 0.999311
89949: 0.999311
89950: 0.999311
89951: 0.999311
89952: 0.999311
89953: 0.999311
89954: 0.999311
89955: 0.999311
89956: 0.999311
89957: 0.999311
89958: 0.999311
89959: 0.999311
89960: 0.999311
89961: 0.999311
89962: 0.999311
89963: 0.999311
89964: 0.999311
89965: 0.999311
89966: 0.999311
89967: 0.999311
89968: 0.999311
89969: 0.999311
89970: 0.999311
89971: 0.999311
89972: 0.999311
89973: 0.999311
89974: 0.999311
89975: 0.999311
89976: 0.999311
89977: 0.999311
89978: 0.999311
89979: 0.999311
89980: 0.999311
89981: 0.999311
89982: 0.999311
89983: 0.999311
89984: 0.999311
89985: 0.999311
89986: 0.999311
89987: 0.999311
89988: 0.999311
89989: 0.999311
89990: 0.999311
89991: 0.999311
89992: 0.999311
89993: 0.999311
89994: 0.999311
89995: 0.999311
89996: 0.999311
89997: 0.999311
89998: 0.999311
89999: 0.999311
90000: 0.999311
90001: 0.999311
90002: 0.999311
90003: 0.999311
90004: 0.999311
90005: 0.999311
90006: 0.999311
90007: 0.999311
90008: 0.999311
90009: 0.999311
90010: 0.999311
90011: 0.999311
90012: 0.999311
90013: 0.999311
90014: 0.999311
90015: 0.999311
90016: 0.999311
90017: 0.999311
90018: 0.999311
90019: 0.999311
90020: 0.999311
90021: 0.999311
90022: 0.999311
90023: 0.999311
90024: 0.999311
90025: 0.999311
90026: 0.999311
90027: 0.999311
90028: 0.999311
90029: 0.999311
90030: 0.999311
90031: 0.999311
90032: 0.999311
90033: 0.999311
90034: 0.999311
90035: 0.999311
90036: 0.999311
90037: 0.999311
90038: 0.999311
90039: 0.999311
90040: 0.999311
90041: 0.999311
90042: 0.999311
90043: 0.999311
90044: 0.999311
90045: 0.999311
90046: 0.999311
90047: 0.999311
90048: 0.999311
90049: 0.999311
90050: 0.999312
90051: 0.999312
90052: 0.999312
90053: 0.999312
90054: 0.999312
90055: 0.999312
90056: 0.999312
90057: 0.999312
90058: 0.999312
90059: 0.999312
90060: 0.999312
90061: 0.999312
90062: 0.999312
90063: 0.999312
90064: 0.999312
90065: 0.999312
90066: 0.999312
90067: 0.999312
90068: 0.999312
90069: 0.999312
90070: 0.999312
90071: 0.999312
90072: 0.999312
90073: 0.999312
90074: 0.999312
90075: 0.999312
90076: 0.999312
90077: 0.999312
90078: 0.999312
90079: 0.999312
90080: 0.999312
90081: 0.999312
90082: 0.999312
90083: 0.999312
90084: 0.999312
90085: 0.999312
90086: 0.999312
90087: 0.999312
90088: 0.999312
90089: 0.999312
90090: 0.999312
90091: 0.999312
90092: 0.999312
90093: 0.999312
90094: 0.999312
90095: 0.999312
90096: 0.999312
90097: 0.999312
90098: 0.999312
90099: 0.999312
90100: 0.999312
90101: 0.999312
90102: 0.999312
90103: 0.999312
90104: 0.999312
90105: 0.999312
90106: 0.999312
90107: 0.999312
90108: 0.999312
90109: 0.999312
90110: 0.999312
90111: 0.999312
90112: 0.999312
90113: 0.999312
90114: 0.999312
90115: 0.999312
90116: 0.999312
90117: 0.999312
90118: 0.999312
90119: 0.999312
90120: 0.999312
90121: 0.999312
90122: 0.999312
90123: 0.999312
90124: 0.999312
90125: 0.999312
90126: 0.999312
90127: 0.999312
90128: 0.999312
90129: 0.999312
90130: 0.999312
90131: 0.999312
90132: 0.999312
90133: 0.999312
90134: 0.999312
90135: 0.999312
90136: 0.999312
90137: 0.999312
90138: 0.999312
90139: 0.999312
90140: 0.999312
90141: 0.999312
90142: 0.999312
90143: 0.999312
90144: 0.999312
90145: 0.999312
90146: 0.999312
90147: 0.999312
90148: 0.999312
90149: 0.999312
90150: 0.999312
90151: 0.999312
90152: 0.999312
90153: 0.999312
90154: 0.999312
90155: 0.999312
90156: 0.999312
90157: 0.999312
90158: 0.999312
90159: 0.999312
90160: 0.999312
90161: 0.999312
90162: 0.999312
90163: 0.999312
90164: 0.999312
90165: 0.999312
90166: 0.999312
90167: 0.999312
90168: 0.999312
90169: 0.999312
90170: 0.999312
90171: 0.999312
90172: 0.999312
90173: 0.999312
90174: 0.999312
90175: 0.999312
90176: 0.999312
90177: 0.999312
90178: 0.999312
90179: 0.999312
90180: 0.999312
90181: 0.999313
90182: 0.999313
90183: 0.999313
90184: 0.999313
90185: 0.999313
90186: 0.999313
90187: 0.999313
90188: 0.999313
90189: 0.999313
90190: 0.999313
90191: 0.999313
90192: 0.999313
90193: 0.999313
90194: 0.999313
90195: 0.999313
90196: 0.999313
90197: 0.999313
90198: 0.999313
90199: 0.999313
90200: 0.999313
90201: 0.999313
90202: 0.999313
90203: 0.999313
90204: 0.999313
90205: 0.999313
90206: 0.999313
90207: 0.999313
90208: 0.999313
90209: 0.999313
90210: 0.999313
90211: 0.999313
90212: 0.999313
90213: 0.999313
90214: 0.999313
90215: 0.999313
90216: 0.999313
90217: 0.999313
90218: 0.999313
90219: 0.999313
90220: 0.999313
90221: 0.999313
90222: 0.999313
90223: 0.999313
90224: 0.999313
90225: 0.999313
90226: 0.999313
90227: 0.999313
90228: 0.999313
90229: 0.999313
90230: 0.999313
90231: 0.999313
90232: 0.999313
90233: 0.999313
90234: 0.999313
90235: 0.999313
90236: 0.999313
90237: 0.999313
90238: 0.999313
90239: 0.999313
90240: 0.999313
90241: 0.999313
90242: 0.999313
90243: 0.999313
90244: 0.999313
90245: 0.999313
90246: 0.999313
90247: 0.999313
90248: 0.999313
90249: 0.999313
90250: 0.999313
90251: 0.999313
90252: 0.999313
90253: 0.999313
90254: 0.999313
90255: 0.999313
90256: 0.999313
90257: 0.999313
90258: 0.999313
90259: 0.999313
90260: 0.999313
90261: 0.999313
90262: 0.999313
90263: 0.999313
90264: 0.999313
90265: 0.999313
90266: 0.999313
90267: 0.999313
90268: 0.999313
90269: 0.999313
90270: 0.999313
90271: 0.999313
90272: 0.999313
90273: 0.999313
90274: 0.999313
90275: 0.999313
90276: 0.999313
90277: 0.999313
90278: 0.999313
90279: 0.999313
90280: 0.999313
90281: 0.999313
90282: 0.999313
90283: 0.999313
90284: 0.999313
90285: 0.999313
90286: 0.999313
90287: 0.999313
90288: 0.999313
90289: 0.999313
90290: 0.999313
90291: 0.999313
90292: 0.999313
90293: 0.999313
90294: 0.999313
90295: 0.999313
90296: 0.999313
90297: 0.999313
90298: 0.999313
90299: 0.999313
90300: 0.999313
90301: 0.999313
90302: 0.999313
90303: 0.999313
90304: 0.999313
90305: 0.999313
90306: 0.999313
90307: 0.999313
90308: 0.999313
90309: 0.999313
90310: 0.999313
90311: 0.999313
90312: 0.999313
90313: 0.999314
90314: 0.999314
90315: 0.999314
90316: 0.999314
90317: 0.999314
90318: 0.999314
90319: 0.999314
90320: 0.999314
90321: 0.999314
90322: 0.999314
90323: 0.999314
90324: 0.999314
90325: 0.999314
90326: 0.999314
90327: 0.999314
90328: 0.999314
90329: 0.999314
90330: 0.999314
90331: 0.999314
90332: 0.999314
90333: 0.999314
90334: 0.999314
90335: 0.999314
90336: 0.999314
90337: 0.999314
90338: 0.999314
90339: 0.999314
90340: 0.999314
90341: 0.999314
90342: 0.999314
90343: 0.999314
90344: 0.999314
90345: 0.999314
90346: 0.999314
90347: 0.999314
90348: 0.999314
90349: 0.999314
90350: 0.999314
90351: 0.999314
90352: 0.999314
90353: 0.999314
90354: 0.999314
90355: 0.999314
90356: 0.999314
90357: 0.999314
90358: 0.999314
90359: 0.999314
90360: 0.999314
90361: 0.999314
90362: 0.999314
90363: 0.999314
90364: 0.999314
90365: 0.999314
90366: 0.999314
90367: 0.999314
90368: 0.999314
90369: 0.999314
90370: 0.999314
90371: 0.999314
90372: 0.999314
90373: 0.999314
90374: 0.999314
90375: 0.999314
90376: 0.999314
90377: 0.999314
90378: 0.999314
90379: 0.999314
90380: 0.999314
90381: 0.999314
90382: 0.999314
90383: 0.999314
90384: 0.999314
90385: 0.999314
90386: 0.999314
90387: 0.999314
90388: 0.999314
90389: 0.999314
90390: 0.999314
90391: 0.999314
90392: 0.999314
90393: 0.999314
90394: 0.999314
90395: 0.999314
90396: 0.999314
90397: 0.999314
90398: 0.999314
90399: 0.999314
90400: 0.999314
90401: 0.999314
90402: 0.999314
90403: 0.999314
90404: 0.999314
90405: 0.999314
90406: 0.999314
90407: 0.999314
90408: 0.999314
90409: 0.999314
90410: 0.999314
90411: 0.999314
90412: 0.999314
90413: 0.999314
90414: 0.999314
90415: 0.999314
90416: 0.999314
90417: 0.999314
90418: 0.999314
90419: 0.999314
90420: 0.999314
90421: 0.999314
90422: 0.999314
90423: 0.999314
90424: 0.999314
90425: 0.999314
90426: 0.999314
90427: 0.999314
90428: 0.999314
90429: 0.999314
90430: 0.999314
90431: 0.999314
90432: 0.999314
90433: 0.999314
90434: 0.999314
90435: 0.999314
90436: 0.999314
90437: 0.999314
90438: 0.999314
90439: 0.999314
90440: 0.999314
90441: 0.999314
90442: 0.999314
90443: 0.999314
90444: 0.999315
90445: 0.999315
90446: 0.999315
90447: 0.999315
90448: 0.999315
90449: 0.999315
90450: 0.999315
90451: 0.999315
90452: 0.999315
90453: 0.999315
90454: 0.999315
90455: 0.999315
90456: 0.999315
90457: 0.999315
90458: 0.999315
90459: 0.999315
90460: 0.999315
90461: 0.999315
90462: 0.999315
90463: 0.999315
90464: 0.999315
90465: 0.999315
90466: 0.999315
90467: 0.999315
90468: 0.999315
90469: 0.999315
90470: 0.999315
90471: 0.999315
90472: 0.999315
90473: 0.999315
90474: 0.999315
90475: 0.999315
90476: 0.999315
90477: 0.999315
90478: 0.999315
90479: 0.999315
90480: 0.999315
90481: 0.999315
90482: 0.999315
90483: 0.999315
90484: 0.999315
90485: 0.999315
90486: 0.999315
90487: 0.999315
90488: 0.999315
90489: 0.999315
90490: 0.999315
90491: 0.999315
90492: 0.999315
90493: 0.999315
90494: 0.999315
90495: 0.999315
90496: 0.999315
90497: 0.999315
90498: 0.999315
90499: 0.999315
90500: 0.999315
90501: 0.999315
90502: 0.999315
90503: 0.999315
90504: 0.999315
90505: 0.999315
90506: 0.999315
90507: 0.999315
90508: 0.999315
90509: 0.999315
90510: 0.999315
90511: 0.999315
90512: 0.999315
90513: 0.999315
90514: 0.999315
90515: 0.999315
90516: 0.999315
90517: 0.999315
90518: 0.999315
90519: 0.999315
90520: 0.999315
90521: 0.999315
90522: 0.999315
90523: 0.999315
90524: 0.999315
90525: 0.999315
90526: 0.999315
90527: 0.999315
90528: 0.999315
90529: 0.999315
90530: 0.999315
90531: 0.999315
90532: 0.999315
90533: 0.999315
90534: 0.999315
90535: 0.999315
90536: 0.999315
90537: 0.999315
90538: 0.999315
90539: 0.999315
90540: 0.999315
90541: 0.999315
90542: 0.999315
90543: 0.999315
90544: 0.999315
90545: 0.999315
90546: 0.999315
90547: 0.999315
90548: 0.999315
90549: 0.999315
90550: 0.999315
90551: 0.999315
90552: 0.999315
90553: 0.999315
90554: 0.999315
90555: 0.999315
90556: 0.999315
90557: 0.999315
90558: 0.999315
90559: 0.999315
90560: 0.999315
90561: 0.999315
90562: 0.999315
90563: 0.999315
90564: 0.999315
90565: 0.999315
90566: 0.999315
90567: 0.999315
90568: 0.999315
90569: 0.999315
90570: 0.999315
90571: 0.999315
90572: 0.999315
90573: 0.999315
90574: 0.999315
90575: 0.999315
90576: 0.999315
90577: 0.999316
90578: 0.999316
90579: 0.999316
90580: 0.999316
90581: 0.999316
90582: 0.999316
90583: 0.999316
90584: 0.999316
90585: 0.999316
90586: 0.999316
90587: 0.999316
90588: 0.999316
90589: 0.999316
90590: 0.999316
90591: 0.999316
90592: 0.999316
90593: 0.999316
90594: 0.999316
90595: 0.999316
90596: 0.999316
90597: 0.999316
90598: 0.999316
90599: 0.999316
90600: 0.999316
90601: 0.999316
90602: 0.999316
90603: 0.999316
90604: 0.999316
90605: 0.999316
90606: 0.999316
90607: 0.999316
90608: 0.999316
90609: 0.999316
90610: 0.999316
90611: 0.999316
90612: 0.999316
90613: 0.999316
90614: 0.999316
90615: 0.999316
90616: 0.999316
90617: 0.999316
90618: 0.999316
90619: 0.999316
90620: 0.999316
90621: 0.999316
90622: 0.999316
90623: 0.999316
90624: 0.999316
90625: 0.999316
90626: 0.999316
90627: 0.999316
90628: 0.999316
90629: 0.999316
90630: 0.999316
90631: 0.999316
90632: 0.999316
90633: 0.999316
90634: 0.999316
90635: 0.999316
90636: 0.999316
90637: 0.999316
90638: 0.999316
90639: 0.999316
90640: 0.999316
90641: 0.999316
90642: 0.999316
90643: 0.999316
90644: 0.999316
90645: 0.999316
90646: 0.999316
90647: 0.999316
90648: 0.999316
90649: 0.999316
90650: 0.999316
90651: 0.999316
90652: 0.999316
90653: 0.999316
90654: 0.999316
90655: 0.999316
90656: 0.999316
90657: 0.999316
90658: 0.999316
90659: 0.999316
90660: 0.999316
90661: 0.999316
90662: 0.999316
90663: 0.999316
90664: 0.999316
90665: 0.999316
90666: 0.999316
90667: 0.999316
90668: 0.999316
90669: 0.999316
90670: 0.999316
90671: 0.999316
90672: 0.999316
90673: 0.999316
90674: 0.999316
90675: 0.999316
90676: 0.999316
90677: 0.999316
90678: 0.999316
90679: 0.999316
90680: 0.999316
90681: 0.999316
90682: 0.999316
90683: 0.999316
90684: 0.999316
90685: 0.999316
90686: 0.999316
90687: 0.999316
90688: 0.999316
90689: 0.999316
90690: 0.999316
90691: 0.999316
90692: 0.999316
90693: 0.999316
90694: 0.999316
90695: 0.999316
90696: 0.999316
90697: 0.999316
90698: 0.999316
90699: 0.999316
90700: 0.999316
90701: 0.999316
90702: 0.999316
90703: 0.999316
90704: 0.999316
90705: 0.999316
90706: 0.999316
90707: 0.999316
90708: 0.999316
90709: 0.999317
90710: 0.999317
90711: 0.999317
90712: 0.999317
90713: 0.999317
90714: 0.999317
90715: 0.999317
90716: 0.999317
90717: 0.999317
90718: 0.999317
90719: 0.999317
90720: 0.999317
90721: 0.999317
90722: 0.999317
90723: 0.999317
90724: 0.999317
90725: 0.999317
90726: 0.999317
90727: 0.999317
90728: 0.999317
90729: 0.999317
90730: 0.999317
90731: 0.999317
90732: 0.999317
90733: 0.999317
90734: 0.999317
90735: 0.999317
90736: 0.999317
90737: 0.999317
90738: 0.999317
90739: 0.999317
90740: 0.999317
90741: 0.999317
90742: 0.999317
90743: 0.999317
90744: 0.999317
90745: 0.999317
90746: 0.999317
90747: 0.999317
90748: 0.999317
90749: 0.999317
90750: 0.999317
90751: 0.999317
90752: 0.999317
90753: 0.999317
90754: 0.999317
90755: 0.999317
90756: 0.999317
90757: 0.999317
90758: 0.999317
90759: 0.999317
90760: 0.999317
90761: 0.999317
90762: 0.999317
90763: 0.999317
90764: 0.999317
90765: 0.999317
90766: 0.999317
90767: 0.999317
90768: 0.999317
90769: 0.999317
90770: 0.999317
90771: 0.999317
90772: 0.999317
90773: 0.999317
90774: 0.999317
90775: 0.999317
90776: 0.999317
90777: 0.999317
90778: 0.999317
90779: 0.999317
90780: 0.999317
90781: 0.999317
90782: 0.999317
90783: 0.999317
90784: 0.999317
90785: 0.999317
90786: 0.999317
90787: 0.999317
90788: 0.999317
90789: 0.999317
90790: 0.999317
90791: 0.999317
90792: 0.999317
90793: 0.999317
90794: 0.999317
90795: 0.999317
90796: 0.999317
90797: 0.999317
90798: 0.999317
90799: 0.999317
90800: 0.999317
90801: 0.999317
90802: 0.999317
90803: 0.999317
90804: 0.999317
90805: 0.999317
90806: 0.999317
90807: 0.999317
90808: 0.999317
90809: 0.999317
90810: 0.999317
90811: 0.999317
90812: 0.999317
90813: 0.999317
90814: 0.999317
90815: 0.999317
90816: 0.999317
90817: 0.999317
90818: 0.999317
90819: 0.999317
90820: 0.999317
90821: 0.999317
90822: 0.999317
90823: 0.999317
90824: 0.999317
90825: 0.999317
90826: 0.999317
90827: 0.999317
90828: 0.999317
90829: 0.999317
90830: 0.999317
90831: 0.999317
90832: 0.999317
90833: 0.999317
90834: 0.999317
90835: 0.999317
90836: 0.999317
90837: 0.999317
90838: 0.999317
90839: 0.999317
90840: 0.999317
90841: 0.999317
90842: 0.999318
90843: 0.999318
90844: 0.999318
90845: 0.999318
90846: 0.999318
90847: 0.999318
90848: 0.999318
90849: 0.999318
90850: 0.999318
90851: 0.999318
90852: 0.999318
90853: 0.999318
90854: 0.999318
90855: 0.999318
90856: 0.999318
90857: 0.999318
90858: 0.999318
90859: 0.999318
90860: 0.999318
90861: 0.999318
90862: 0.999318
90863: 0.999318
90864: 0.999318
90865: 0.999318
90866: 0.999318
90867: 0.999318
90868: 0.999318
90869: 0.999318
90870: 0.999318
90871: 0.999318
90872: 0.999318
90873: 0.999318
90874: 0.999318
90875: 0.999318
90876: 0.999318
90877: 0.999318
90878: 0.999318
90879: 0.999318
90880: 0.999318
90881: 0.999318
90882: 0.999318
90883: 0.999318
90884: 0.999318
90885: 0.999318
90886: 0.999318
90887: 0.999318
90888: 0.999318
90889: 0.999318
90890: 0.999318
90891: 0.999318
90892: 0.999318
90893: 0.999318
90894: 0.999318
90895: 0.999318
90896: 0.999318
90897: 0.999318
90898: 0.999318
90899: 0.999318
90900: 0.999318
90901: 0.999318
90902: 0.999318
90903: 0.999318
90904: 0.999318
90905: 0.999318
90906: 0.999318
90907: 0.999318
90908: 0.999318
90909: 0.999318
90910: 0.999318
90911: 0.999318
90912: 0.999318
90913: 0.999318
90914: 0.999318
90915: 0.999318
90916: 0.999318
90917: 0.999318
90918: 0.999318
90919: 0.999318
90920: 0.999318
90921: 0.999318
90922: 0.999318
90923: 0.999318
90924: 0.999318
90925: 0.999318
90926: 0.999318
90927: 0.999318
90928: 0.999318
90929: 0.999318
90930: 0.999318
90931: 0.999318
90932: 0.999318
90933: 0.999318
90934: 0.999318
90935: 0.999318
90936: 0.999318
90937: 0.999318
90938: 0.999318
90939: 0.999318
90940: 0.999318
90941: 0.999318
90942: 0.999318
90943: 0.999318
90944: 0.999318
90945: 0.999318
90946: 0.999318
90947: 0.999318
90948: 0.999318
90949: 0.999318
90950: 0.999318
90951: 0.999318
90952: 0.999318
90953: 0.999318
90954: 0.999318
90955: 0.999318
90956: 0.999318
90957: 0.999318
90958: 0.999318
90959: 0.999318
90960: 0.999318
90961: 0.999318
90962: 0.999318
90963: 0.999318
90964: 0.999318
90965: 0.999318
90966: 0.999318
90967: 0.999318
90968: 0.999318
90969: 0.999318
90970: 0.999318
90971: 0.999318
90972: 0.999318
90973: 0.999318
90974: 0.999318
90975: 0.999319
90976: 0.999319
90977: 0.999319
90978: 0.999319
90979: 0.999319
90980: 0.999319
90981: 0.999319
90982: 0.999319
90983: 0.999319
90984: 0.999319
90985: 0.999319
90986: 0.999319
90987: 0.999319
90988: 0.999319
90989: 0.999319
90990: 0.999319
90991: 0.999319
90992: 0.999319
90993: 0.999319
90994: 0.999319
90995: 0.999319
90996: 0.999319
90997: 0.999319
90998: 0.999319
90999: 0.999319
91000: 0.999319
91001: 0.999319
91002: 0.999319
91003: 0.999319
91004: 0.999319
91005: 0.999319
91006: 0.999319
91007: 0.999319
91008: 0.999319
91009: 0.999319
91010: 0.999319
91011: 0.999319
91012: 0.999319
91013: 0.999319
91014: 0.999319
91015: 0.999319
91016: 0.999319
91017: 0.999319
91018: 0.999319
91019: 0.999319
91020: 0.999319
91021: 0.999319
91022: 0.999319
91023: 0.999319
91024: 0.999319
91025: 0.999319
91026: 0.999319
91027: 0.999319
91028: 0.999319
91029: 0.999319
91030: 0.999319
91031: 0.999319
91032: 0.999319
91033: 0.999319
91034: 0.999319
91035: 0.999319
91036: 0.999319
91037: 0.999319
91038: 0.999319
91039: 0.999319
91040: 0.999319
91041: 0.999319
91042: 0.999319
91043: 0.999319
91044: 0.999319
91045: 0.999319
91046: 0.999319
91047: 0.999319
91048: 0.999319
91049: 0.999319
91050: 0.999319
91051: 0.999319
91052: 0.999319
91053: 0.999319
91054: 0.999319
91055: 0.999319
91056: 0.999319
91057: 0.999319
91058: 0.999319
91059: 0.999319
91060: 0.999319
91061: 0.999319
91062: 0.999319
91063: 0.999319
91064: 0.999319
91065: 0.999319
91066: 0.999319
91067: 0.999319
91068: 0.999319
91069: 0.999319
91070: 0.999319
91071: 0.999319
91072: 0.999319
91073: 0.999319
91074: 0.999319
91075: 0.999319
91076: 0.999319
91077: 0.999319
91078: 0.999319
91079: 0.999319
91080: 0.999319
91081: 0.999319
91082: 0.999319
91083: 0.999319
91084: 0.999319
91085: 0.999319
91086: 0.999319
91087: 0.999319
91088: 0.999319
91089: 0.999319
91090: 0.999319
91091: 0.999319
91092: 0.999319
91093: 0.999319
91094: 0.999319
91095: 0.999319
91096: 0.999319
91097: 0.999319
91098: 0.999319
91099: 0.999319
91100: 0.999319
91101: 0.999319
91102: 0.999319
91103: 0.999319
91104: 0.999319
91105: 0.999319
91106: 0.999319
91107: 0.999319
91108: 0.999319
91109: 0.99932
91110: 0.99932
91111: 0.99932
91112: 0.99932
91113: 0.99932
91114: 0.99932
91115: 0.99932
91116: 0.99932
91117: 0.99932
91118: 0.99932
91119: 0.99932
91120: 0.99932
91121: 0.99932
91122: 0.99932
91123: 0.99932
91124: 0.99932
91125: 0.99932
91126: 0.99932
91127: 0.99932
91128: 0.99932
91129: 0.99932
91130: 0.99932
91131: 0.99932
91132: 0.99932
91133: 0.99932
91134: 0.99932
91135: 0.99932
91136: 0.99932
91137: 0.99932
91138: 0.99932
91139: 0.99932
91140: 0.99932
91141: 0.99932
91142: 0.99932
91143: 0.99932
91144: 0.99932
91145: 0.99932
91146: 0.99932
91147: 0.99932
91148: 0.99932
91149: 0.99932
91150: 0.99932
91151: 0.99932
91152: 0.99932
91153: 0.99932
91154: 0.99932
91155: 0.99932
91156: 0.99932
91157: 0.99932
91158: 0.99932
91159: 0.99932
91160: 0.99932
91161: 0.99932
91162: 0.99932
91163: 0.99932
91164: 0.99932
91165: 0.99932
91166: 0.99932
91167: 0.99932
91168: 0.99932
91169: 0.99932
91170: 0.99932
91171: 0.99932
91172: 0.99932
91173: 0.99932
91174: 0.99932
91175: 0.99932
91176: 0.99932
91177: 0.99932
91178: 0.99932
91179: 0.99932
91180: 0.99932
91181: 0.99932
91182: 0.99932
91183: 0.99932
91184: 0.99932
91185: 0.99932
91186: 0.99932
91187: 0.99932
91188: 0.99932
91189: 0.99932
91190: 0.99932
91191: 0.99932
91192: 0.99932
91193: 0.99932
91194: 0.99932
91195: 0.99932
91196: 0.99932
91197: 0.99932
91198: 0.99932
91199: 0.99932
91200: 0.99932
91201: 0.99932
91202: 0.99932
91203: 0.99932
91204: 0.99932
91205: 0.99932
91206: 0.99932
91207: 0.99932
91208: 0.99932
91209: 0.99932
91210: 0.99932
91211: 0.99932
91212: 0.99932
91213: 0.99932
91214: 0.99932
91215: 0.99932
91216: 0.99932
91217: 0.99932
91218: 0.99932
91219: 0.99932
91220: 0.99932
91221: 0.99932
91222: 0.99932
91223: 0.99932
91224: 0.99932
91225: 0.99932
91226: 0.99932
91227: 0.99932
91228: 0.99932
91229: 0.99932
91230: 0.99932
91231: 0.99932
91232: 0.99932
91233: 0.99932
91234: 0.99932
91235: 0.99932
91236: 0.99932
91237: 0.99932
91238: 0.99932
91239: 0.99932
91240: 0.99932
91241: 0.99932
91242: 0.99932
91243: 0.999321
91244: 0.999321
91245: 0.999321
91246: 0.999321
91247: 0.999321
91248: 0.999321
91249: 0.999321
91250: 0.999321
91251: 0.999321
91252: 0.999321
91253: 0.999321
91254: 0.999321
91255: 0.999321
91256: 0.999321
91257: 0.999321
91258: 0.999321
91259: 0.999321
91260: 0.999321
91261: 0.999321
91262: 0.999321
91263: 0.999321
91264: 0.999321
91265: 0.999321
91266: 0.999321
91267: 0.999321
91268: 0.999321
91269: 0.999321
91270: 0.999321
91271: 0.999321
91272: 0.999321
91273: 0.999321
91274: 0.999321
91275: 0.999321
91276: 0.999321
91277: 0.999321
91278: 0.999321
91279: 0.999321
91280: 0.999321
91281: 0.999321
91282: 0.999321
91283: 0.999321
91284: 0.999321
91285: 0.999321
91286: 0.999321
91287: 0.999321
91288: 0.999321
91289: 0.999321
91290: 0.999321
91291: 0.999321
91292: 0.999321
91293: 0.999321
91294: 0.999321
91295: 0.999321
91296: 0.999321
91297: 0.999321
91298: 0.999321
91299: 0.999321
91300: 0.999321
91301: 0.999321
91302: 0.999321
91303: 0.999321
91304: 0.999321
91305: 0.999321
91306: 0.999321
91307: 0.999321
91308: 0.999321
91309: 0.999321
91310: 0.999321
91311: 0.999321
91312: 0.999321
91313: 0.999321
91314: 0.999321
91315: 0.999321
91316: 0.999321
91317: 0.999321
91318: 0.999321
91319: 0.999321
91320: 0.999321
91321: 0.999321
91322: 0.999321
91323: 0.999321
91324: 0.999321
91325: 0.999321
91326: 0.999321
91327: 0.999321
91328: 0.999321
91329: 0.999321
91330: 0.999321
91331: 0.999321
91332: 0.999321
91333: 0.999321
91334: 0.999321
91335: 0.999321
91336: 0.999321
91337: 0.999321
91338: 0.999321
91339: 0.999321
91340: 0.999321
91341: 0.999321
91342: 0.999321
91343: 0.999321
91344: 0.999321
91345: 0.999321
91346: 0.999321
91347: 0.999321
91348: 0.999321
91349: 0.999321
91350: 0.999321
91351: 0.999321
91352: 0.999321
91353: 0.999321
91354: 0.999321
91355: 0.999321
91356: 0.999321
91357: 0.999321
91358: 0.999321
91359: 0.999321
91360: 0.999321
91361: 0.999321
91362: 0.999321
91363: 0.999321
91364: 0.999321
91365: 0.999321
91366: 0.999321
91367: 0.999321
91368: 0.999321
91369: 0.999321
91370: 0.999321
91371: 0.999321
91372: 0.999321
91373: 0.999321
91374: 0.999321
91375: 0.999321
91376: 0.999321
91377: 0.999321
91378: 0.999322
91379: 0.999322
91380: 0.999322
91381: 0.999322
91382: 0.999322
91383: 0.999322
91384: 0.999322
91385: 0.999322
91386: 0.999322
91387: 0.999322
91388: 0.999322
91389: 0.999322
91390: 0.999322
91391: 0.999322
91392: 0.999322
91393: 0.999322
91394: 0.999322
91395: 0.999322
91396: 0.999322
91397: 0.999322
91398: 0.999322
91399: 0.999322
91400: 0.999322
91401: 0.999322
91402: 0.999322
91403: 0.999322
91404: 0.999322
91405: 0.999322
91406: 0.999322
91407: 0.999322
91408: 0.999322
91409: 0.999322
91410: 0.999322
91411: 0.999322
91412: 0.999322
91413: 0.999322
91414: 0.999322
91415: 0.999322
91416: 0.999322
91417: 0.999322
91418: 0.999322
91419: 0.999322
91420: 0.999322
91421: 0.999322
91422: 0.999322
91423: 0.999322
91424: 0.999322
91425: 0.999322
91426: 0.999322
91427: 0.999322
91428: 0.999322
91429: 0.999322
91430: 0.999322
91431: 0.999322
91432: 0.999322
91433: 0.999322
91434: 0.999322
91435: 0.999322
91436: 0.999322
91437: 0.999322
91438: 0.999322
91439: 0.999322
91440: 0.999322
91441: 0.999322
91442: 0.999322
91443: 0.999322
91444: 0.999322
91445: 0.999322
91446: 0.999322
91447: 0.999322
91448: 0.999322
91449: 0.999322
91450: 0.999322
91451: 0.999322
91452: 0.999322
91453: 0.999322
91454: 0.999322
91455: 0.999322
91456: 0.999322
91457: 0.999322
91458: 0.999322
91459: 0.999322
91460: 0.999322
91461: 0.999322
91462: 0.999322
91463: 0.999322
91464: 0.999322
91465: 0.999322
91466: 0.999322
91467: 0.999322
91468: 0.999322
91469: 0.999322
91470: 0.999322
91471: 0.999322
91472: 0.999322
91473: 0.999322
91474: 0.999322
91475: 0.999322
91476: 0.999322
91477: 0.999322
91478: 0.999322
91479: 0.999322
91480: 0.999322
91481: 0.999322
91482: 0.999322
91483: 0.999322
91484: 0.999322
91485: 0.999322
91486: 0.999322
91487: 0.999322
91488: 0.999322
91489: 0.999322
91490: 0.999322
91491: 0.999322
91492: 0.999322
91493: 0.999322
91494: 0.999322
91495: 0.999322
91496: 0.999322
91497: 0.999322
91498: 0.999322
91499: 0.999322
91500: 0.999322
91501: 0.999322
91502: 0.999322
91503: 0.999322
91504: 0.999322
91505: 0.999322
91506: 0.999322
91507: 0.999322
91508: 0.999322
91509: 0.999322
91510: 0.999322
91511: 0.999322
91512: 0.999323
91513: 0.999323
91514: 0.999323
91515: 0.999323
91516: 0.999323
91517: 0.999323
91518: 0.999323
91519: 0.999323
91520: 0.999323
91521: 0.999323
91522: 0.999323
91523: 0.999323
91524: 0.999323
91525: 0.999323
91526: 0.999323
91527: 0.999323
91528: 0.999323
91529: 0.999323
91530: 0.999323
91531: 0.999323
91532: 0.999323
91533: 0.999323
91534: 0.999323
91535: 0.999323
91536: 0.999323
91537: 0.999323
91538: 0.999323
91539: 0.999323
91540: 0.999323
91541: 0.999323
91542: 0.999323
91543: 0.999323
91544: 0.999323
91545: 0.999323
91546: 0.999323
91547: 0.999323
91548: 0.999323
91549: 0.999323
91550: 0.999323
91551: 0.999323
91552: 0.999323
91553: 0.999323
91554: 0.999323
91555: 0.999323
91556: 0.999323
91557: 0.999323
91558: 0.999323
91559: 0.999323
91560: 0.999323
91561: 0.999323
91562: 0.999323
91563: 0.999323
91564: 0.999323
91565: 0.999323
91566: 0.999323
91567: 0.999323
91568: 0.999323
91569: 0.999323
91570: 0.999323
91571: 0.999323
91572: 0.999323
91573: 0.999323
91574: 0.999323
91575: 0.999323
91576: 0.999323
91577: 0.999323
91578: 0.999323
91579: 0.999323
91580: 0.999323
91581: 0.999323
91582: 0.999323
91583: 0.999323
91584: 0.999323
91585: 0.999323
91586: 0.999323
91587: 0.999323
91588: 0.999323
91589: 0.999323
91590: 0.999323
91591: 0.999323
91592: 0.999323
91593: 0.999323
91594: 0.999323
91595: 0.999323
91596: 0.999323
91597: 0.999323
91598: 0.999323
91599: 0.999323
91600: 0.999323
91601: 0.999323
91602: 0.999323
91603: 0.999323
91604: 0.999323
91605: 0.999323
91606: 0.999323
91607: 0.999323
91608: 0.999323
91609: 0.999323
91610: 0.999323
91611: 0.999323
91612: 0.999323
91613: 0.999323
91614: 0.999323
91615: 0.999323
91616: 0.999323
91617: 0.999323
91618: 0.999323
91619: 0.999323
91620: 0.999323
91621: 0.999323
91622: 0.999323
91623: 0.999323
91624: 0.999323
91625: 0.999323
91626: 0.999323
91627: 0.999323
91628: 0.999323
91629: 0.999323
91630: 0.999323
91631: 0.999323
91632: 0.999323
91633: 0.999323
91634: 0.999323
91635: 0.999323
91636: 0.999323
91637: 0.999323
91638: 0.999323
91639: 0.999323
91640: 0.999323
91641: 0.999323
91642: 0.999323
91643: 0.999323
91644: 0.999323
91645: 0.999323
91646: 0.999323
91647: 0.999323
91648: 0.999324
91649: 0.999324
91650: 0.999324
91651: 0.999324
91652: 0.999324
91653: 0.999324
91654: 0.999324
91655: 0.999324
91656: 0.999324
91657: 0.999324
91658: 0.999324
91659: 0.999324
91660: 0.999324
91661: 0.999324
91662: 0.999324
91663: 0.999324
91664: 0.999324
91665: 0.999324
91666: 0.999324
91667: 0.999324
91668: 0.999324
91669: 0.999324
91670: 0.999324
91671: 0.999324
91672: 0.999324
91673: 0.999324
91674: 0.999324
91675: 0.999324
91676: 0.999324
91677: 0.999324
91678: 0.999324
91679: 0.999324
91680: 0.999324
91681: 0.999324
91682: 0.999324
91683: 0.999324
91684: 0.999324
91685: 0.999324
91686: 0.999324
91687: 0.999324
91688: 0.999324
91689: 0.999324
91690: 0.999324
91691: 0.999324
91692: 0.999324
91693: 0.999324
91694: 0.999324
91695: 0.999324
91696: 0.999324
91697: 0.999324
91698: 0.999324
91699: 0.999324
91700: 0.999324
91701: 0.999324
91702: 0.999324
91703: 0.999324
91704: 0.999324
91705: 0.999324
91706: 0.999324
91707: 0.999324
91708: 0.999324
91709: 0.999324
91710: 0.999324
91711: 0.999324
91712: 0.999324
91713: 0.999324
91714: 0.999324
91715: 0.999324
91716: 0.999324
91717: 0.999324
91718: 0.999324
91719: 0.999324
91720: 0.999324
91721: 0.999324
91722: 0.999324
91723: 0.999324
91724: 0.999324
91725: 0.999324
91726: 0.999324
91727: 0.999324
91728: 0.999324
91729: 0.999324
91730: 0.999324
91731: 0.999324
91732: 0.999324
91733: 0.999324
91734: 0.999324
91735: 0.999324
91736: 0.999324
91737: 0.999324
91738: 0.999324
91739: 0.999324
91740: 0.999324
91741: 0.999324
91742: 0.999324
91743: 0.999324
91744: 0.999324
91745: 0.999324
91746: 0.999324
91747: 0.999324
91748: 0.999324
91749: 0.999324
91750: 0.999324
91751: 0.999324
91752: 0.999324
91753: 0.999324
91754: 0.999324
91755: 0.999324
91756: 0.999324
91757: 0.999324
91758: 0.999324
91759: 0.999324
91760: 0.999324
91761: 0.999324
91762: 0.999324
91763: 0.999324
91764: 0.999324
91765: 0.999324
91766: 0.999324
91767: 0.999324
91768: 0.999324
91769: 0.999324
91770: 0.999324
91771: 0.999324
91772: 0.999324
91773: 0.999324
91774: 0.999324
91775: 0.999324
91776: 0.999324
91777: 0.999324
91778: 0.999324
91779: 0.999324
91780: 0.999324
91781: 0.999324
91782: 0.999324
91783: 0.999325
91784: 0.999325
91785: 0.999325
91786: 0.999325
91787: 0.999325
91788: 0.999325
91789: 0.999325
91790: 0.999325
91791: 0.999325
91792: 0.999325
91793: 0.999325
91794: 0.999325
91795: 0.999325
91796: 0.999325
91797: 0.999325
91798: 0.999325
91799: 0.999325
91800: 0.999325
91801: 0.999325
91802: 0.999325
91803: 0.999325
91804: 0.999325
91805: 0.999325
91806: 0.999325
91807: 0.999325
91808: 0.999325
91809: 0.999325
91810: 0.999325
91811: 0.999325
91812: 0.999325
91813: 0.999325
91814: 0.999325
91815: 0.999325
91816: 0.999325
91817: 0.999325
91818: 0.999325
91819: 0.999325
91820: 0.999325
91821: 0.999325
91822: 0.999325
91823: 0.999325
91824: 0.999325
91825: 0.999325
91826: 0.999325
91827: 0.999325
91828: 0.999325
91829: 0.999325
91830: 0.999325
91831: 0.999325
91832: 0.999325
91833: 0.999325
91834: 0.999325
91835: 0.999325
91836: 0.999325
91837: 0.999325
91838: 0.999325
91839: 0.999325
91840: 0.999325
91841: 0.999325
91842: 0.999325
91843: 0.999325
91844: 0.999325
91845: 0.999325
91846: 0.999325
91847: 0.999325
91848: 0.999325
91849: 0.999325
91850: 0.999325
91851: 0.999325
91852: 0.999325
91853: 0.999325
91854: 0.999325
91855: 0.999325
91856: 0.999325
91857: 0.999325
91858: 0.999325
91859: 0.999325
91860: 0.999325
91861: 0.999325
91862: 0.999325
91863: 0.999325
91864: 0.999325
91865: 0.999325
91866: 0.999325
91867: 0.999325
91868: 0.999325
91869: 0.999325
91870: 0.999325
91871: 0.999325
91872: 0.999325
91873: 0.999325
91874: 0.999325
91875: 0.999325
91876: 0.999325
91877: 0.999325
91878: 0.999325
91879: 0.999325
91880: 0.999325
91881: 0.999325
91882: 0.999325
91883: 0.999325
91884: 0.999325
91885: 0.999325
91886: 0.999325
91887: 0.999325
91888: 0.999325
91889: 0.999325
91890: 0.999325
91891: 0.999325
91892: 0.999325
91893: 0.999325
91894: 0.999325
91895: 0.999325
91896: 0.999325
91897: 0.999325
91898: 0.999325
91899: 0.999325
91900: 0.999325
91901: 0.999325
91902: 0.999325
91903: 0.999325
91904: 0.999325
91905: 0.999325
91906: 0.999325
91907: 0.999325
91908: 0.999325
91909: 0.999325
91910: 0.999325
91911: 0.999325
91912: 0.999325
91913: 0.999325
91914: 0.999325
91915: 0.999325
91916: 0.999325
91917: 0.999325
91918: 0.999325
91919: 0.999326
91920: 0.999326
91921: 0.999326
91922: 0.999326
91923: 0.999326
91924: 0.999326
91925: 0.999326
91926: 0.999326
91927: 0.999326
91928: 0.999326
91929: 0.999326
91930: 0.999326
91931: 0.999326
91932: 0.999326
91933: 0.999326
91934: 0.999326
91935: 0.999326
91936: 0.999326
91937: 0.999326
91938: 0.999326
91939: 0.999326
91940: 0.999326
91941: 0.999326
91942: 0.999326
91943: 0.999326
91944: 0.999326
91945: 0.999326
91946: 0.999326
91947: 0.999326
91948: 0.999326
91949: 0.999326
91950: 0.999326
91951: 0.999326
91952: 0.999326
91953: 0.999326
91954: 0.999326
91955: 0.999326
91956: 0.999326
91957: 0.999326
91958: 0.999326
91959: 0.999326
91960: 0.999326
91961: 0.999326
91962: 0.999326
91963: 0.999326
91964: 0.999326
91965: 0.999326
91966: 0.999326
91967: 0.999326
91968: 0.999326
91969: 0.999326
91970: 0.999326
91971: 0.999326
91972: 0.999326
91973: 0.999326
91974: 0.999326
91975: 0.999326
91976: 0.999326
91977: 0.999326
91978: 0.999326
91979: 0.999326
91980: 0.999326
91981: 0.999326
91982: 0.999326
91983: 0.999326
91984: 0.999326
91985: 0.999326
91986: 0.999326
91987: 0.999326
91988: 0.999326
91989: 0.999326
91990: 0.999326
91991: 0.999326
91992: 0.999326
91993: 0.999326
91994: 0.999326
91995: 0.999326
91996: 0.999326
91997: 0.999326
91998: 0.999326
91999: 0.999326
92000: 0.999326
92001: 0.999326
92002: 0.999326
92003: 0.999326
92004: 0.999326
92005: 0.999326
92006: 0.999326
92007: 0.999326
92008: 0.999326
92009: 0.999326
92010: 0.999326
92011: 0.999326
92012: 0.999326
92013: 0.999326
92014: 0.999326
92015: 0.999326
92016: 0.999326
92017: 0.999326
92018: 0.999326
92019: 0.999326
92020: 0.999326
92021: 0.999326
92022: 0.999326
92023: 0.999326
92024: 0.999326
92025: 0.999326
92026: 0.999326
92027: 0.999326
92028: 0.999326
92029: 0.999326
92030: 0.999326
92031: 0.999326
92032: 0.999326
92033: 0.999326
92034: 0.999326
92035: 0.999326
92036: 0.999326
92037: 0.999326
92038: 0.999326
92039: 0.999326
92040: 0.999326
92041: 0.999326
92042: 0.999326
92043: 0.999326
92044: 0.999326
92045: 0.999326
92046: 0.999326
92047: 0.999326
92048: 0.999326
92049: 0.999326
92050: 0.999326
92051: 0.999326
92052: 0.999326
92053: 0.999326
92054: 0.999326
92055: 0.999326
92056: 0.999327
92057: 0.999327
92058: 0.999327
92059: 0.999327
92060: 0.999327
92061: 0.999327
92062: 0.999327
92063: 0.999327
92064: 0.999327
92065: 0.999327
92066: 0.999327
92067: 0.999327
92068: 0.999327
92069: 0.999327
92070: 0.999327
92071: 0.999327
92072: 0.999327
92073: 0.999327
92074: 0.999327
92075: 0.999327
92076: 0.999327
92077: 0.999327
92078: 0.999327
92079: 0.999327
92080: 0.999327
92081: 0.999327
92082: 0.999327
92083: 0.999327
92084: 0.999327
92085: 0.999327
92086: 0.999327
92087: 0.999327
92088: 0.999327
92089: 0.999327
92090: 0.999327
92091: 0.999327
92092: 0.999327
92093: 0.999327
92094: 0.999327
92095: 0.999327
92096: 0.999327
92097: 0.999327
92098: 0.999327
92099: 0.999327
92100: 0.999327
92101: 0.999327
92102: 0.999327
92103: 0.999327
92104: 0.999327
92105: 0.999327
92106: 0.999327
92107: 0.999327
92108: 0.999327
92109: 0.999327
92110: 0.999327
92111: 0.999327
92112: 0.999327
92113: 0.999327
92114: 0.999327
92115: 0.999327
92116: 0.999327
92117: 0.999327
92118: 0.999327
92119: 0.999327
92120: 0.999327
92121: 0.999327
92122: 0.999327
92123: 0.999327
92124: 0.999327
92125: 0.999327
92126: 0.999327
92127: 0.999327
92128: 0.999327
92129: 0.999327
92130: 0.999327
92131: 0.999327
92132: 0.999327
92133: 0.999327
92134: 0.999327
92135: 0.999327
92136: 0.999327
92137: 0.999327
92138: 0.999327
92139: 0.999327
92140: 0.999327
92141: 0.999327
92142: 0.999327
92143: 0.999327
92144: 0.999327
92145: 0.999327
92146: 0.999327
92147: 0.999327
92148: 0.999327
92149: 0.999327
92150: 0.999327
92151: 0.999327
92152: 0.999327
92153: 0.999327
92154: 0.999327
92155: 0.999327
92156: 0.999327
92157: 0.999327
92158: 0.999327
92159: 0.999327
92160: 0.999327
92161: 0.999327
92162: 0.999327
92163: 0.999327
92164: 0.999327
92165: 0.999327
92166: 0.999327
92167: 0.999327
92168: 0.999327
92169: 0.999327
92170: 0.999327
92171: 0.999327
92172: 0.999327
92173: 0.999327
92174: 0.999327
92175: 0.999327
92176: 0.999327
92177: 0.999327
92178: 0.999327
92179: 0.999327
92180: 0.999327
92181: 0.999327
92182: 0.999327
92183: 0.999327
92184: 0.999327
92185: 0.999327
92186: 0.999327
92187: 0.999327
92188: 0.999327
92189: 0.999327
92190: 0.999327
92191: 0.999327
92192: 0.999327
92193: 0.999328
92194: 0.999328
92195: 0.999328
92196: 0.999328
92197: 0.999328
92198: 0.999328
92199: 0.999328
92200: 0.999328
92201: 0.999328
92202: 0.999328
92203: 0.999328
92204: 0.999328
92205: 0.999328
92206: 0.999328
92207: 0.999328
92208: 0.999328
92209: 0.999328
92210: 0.999328
92211: 0.999328
92212: 0.999328
92213: 0.999328
92214: 0.999328
92215: 0.999328
92216: 0.999328
92217: 0.999328
92218: 0.999328
92219: 0.999328
92220: 0.999328
92221: 0.999328
92222: 0.999328
92223: 0.999328
92224: 0.999328
92225: 0.999328
92226: 0.999328
92227: 0.999328
92228: 0.999328
92229: 0.999328
92230: 0.999328
92231: 0.999328
92232: 0.999328
92233: 0.999328
92234: 0.999328
92235: 0.999328
92236: 0.999328
92237: 0.999328
92238: 0.999328
92239: 0.999328
92240: 0.999328
92241: 0.999328
92242: 0.999328
92243: 0.999328
92244: 0.999328
92245: 0.999328
92246: 0.999328
92247: 0.999328
92248: 0.999328
92249: 0.999328
92250: 0.999328
92251: 0.999328
92252: 0.999328
92253: 0.999328
92254: 0.999328
92255: 0.999328
92256: 0.999328
92257: 0.999328
92258: 0.999328
92259: 0.999328
92260: 0.999328
92261: 0.999328
92262: 0.999328
92263: 0.999328
92264: 0.999328
92265: 0.999328
92266: 0.999328
92267: 0.999328
92268: 0.999328
92269: 0.999328
92270: 0.999328
92271: 0.999328
92272: 0.999328
92273: 0.999328
92274: 0.999328
92275: 0.999328
92276: 0.999328
92277: 0.999328
92278: 0.999328
92279: 0.999328
92280: 0.999328
92281: 0.999328
92282: 0.999328
92283: 0.999328
92284: 0.999328
92285: 0.999328
92286: 0.999328
92287: 0.999328
92288: 0.999328
92289: 0.999328
92290: 0.999328
92291: 0.999328
92292: 0.999328
92293: 0.999328
92294: 0.999328
92295: 0.999328
92296: 0.999328
92297: 0.999328
92298: 0.999328
92299: 0.999328
92300: 0.999328
92301: 0.999328
92302: 0.999328
92303: 0.999328
92304: 0.999328
92305: 0.999328
92306: 0.999328
92307: 0.999328
92308: 0.999328
92309: 0.999328
92310: 0.999328
92311: 0.999328
92312: 0.999328
92313: 0.999328
92314: 0.999328
92315: 0.999328
92316: 0.999328
92317: 0.999328
92318: 0.999328
92319: 0.999328
92320: 0.999328
92321: 0.999328
92322: 0.999328
92323: 0.999328
92324: 0.999328
92325: 0.999328
92326: 0.999328
92327: 0.999328
92328: 0.999328
92329: 0.999328
92330: 0.999329
92331: 0.999329
92332: 0.999329
92333: 0.999329
92334: 0.999329
92335: 0.999329
92336: 0.999329
92337: 0.999329
92338: 0.999329
92339: 0.999329
92340: 0.999329
92341: 0.999329
92342: 0.999329
92343: 0.999329
92344: 0.999329
92345: 0.999329
92346: 0.999329
92347: 0.999329
92348: 0.999329
92349: 0.999329
92350: 0.999329
92351: 0.999329
92352: 0.999329
92353: 0.999329
92354: 0.999329
92355: 0.999329
92356: 0.999329
92357: 0.999329
92358: 0.999329
92359: 0.999329
92360: 0.999329
92361: 0.999329
92362: 0.999329
92363: 0.999329
92364: 0.999329
92365: 0.999329
92366: 0.999329
92367: 0.999329
92368: 0.999329
92369: 0.999329
92370: 0.999329
92371: 0.999329
92372: 0.999329
92373: 0.999329
92374: 0.999329
92375: 0.999329
92376: 0.999329
92377: 0.999329
92378: 0.999329
92379: 0.999329
92380: 0.999329
92381: 0.999329
92382: 0.999329
92383: 0.999329
92384: 0.999329
92385: 0.999329
92386: 0.999329
92387: 0.999329
92388: 0.999329
92389: 0.999329
92390: 0.999329
92391: 0.999329
92392: 0.999329
92393: 0.999329
92394: 0.999329
92395: 0.999329
92396: 0.999329
92397: 0.999329
92398: 0.999329
92399: 0.999329
92400: 0.999329
92401: 0.999329
92402: 0.999329
92403: 0.999329
92404: 0.999329
92405: 0.999329
92406: 0.999329
92407: 0.999329
92408: 0.999329
92409: 0.999329
92410: 0.999329
92411: 0.999329
92412: 0.999329
92413: 0.999329
92414: 0.999329
92415: 0.999329
92416: 0.999329
92417: 0.999329
92418: 0.999329
92419: 0.999329
92420: 0.999329
92421: 0.999329
92422: 0.999329
92423: 0.999329
92424: 0.999329
92425: 0.999329
92426: 0.999329
92427: 0.999329
92428: 0.999329
92429: 0.999329
92430: 0.999329
92431: 0.999329
92432: 0.999329
92433: 0.999329
92434: 0.999329
92435: 0.999329
92436: 0.999329
92437: 0.999329
92438: 0.999329
92439: 0.999329
92440: 0.999329
92441: 0.999329
92442: 0.999329
92443: 0.999329
92444: 0.999329
92445: 0.999329
92446: 0.999329
92447: 0.999329
92448: 0.999329
92449: 0.999329
92450: 0.999329
92451: 0.999329
92452: 0.999329
92453: 0.999329
92454: 0.999329
92455: 0.999329
92456: 0.999329
92457: 0.999329
92458: 0.999329
92459: 0.999329
92460: 0.999329
92461: 0.999329
92462: 0.999329
92463: 0.999329
92464: 0.999329
92465: 0.999329
92466: 0.999329
92467: 0.999329
92468: 0.99933
92469: 0.99933
92470: 0.99933
92471: 0.99933
92472: 0.99933
92473: 0.99933
92474: 0.99933
92475: 0.99933
92476: 0.99933
92477: 0.99933
92478: 0.99933
92479: 0.99933
92480: 0.99933
92481: 0.99933
92482: 0.99933
92483: 0.99933
92484: 0.99933
92485: 0.99933
92486: 0.99933
92487: 0.99933
92488: 0.99933
92489: 0.99933
92490: 0.99933
92491: 0.99933
92492: 0.99933
92493: 0.99933
92494: 0.99933
92495: 0.99933
92496: 0.99933
92497: 0.99933
92498: 0.99933
92499: 0.99933
92500: 0.99933
92501: 0.99933
92502: 0.99933
92503: 0.99933
92504: 0.99933
92505: 0.99933
92506: 0.99933
92507: 0.99933
92508: 0.99933
92509: 0.99933
92510: 0.99933
92511: 0.99933
92512: 0.99933
92513: 0.99933
92514: 0.99933
92515: 0.99933
92516: 0.99933
92517: 0.99933
92518: 0.99933
92519: 0.99933
92520: 0.99933
92521: 0.99933
92522: 0.99933
92523: 0.99933
92524: 0.99933
92525: 0.99933
92526: 0.99933
92527: 0.99933
92528: 0.99933
92529: 0.99933
92530: 0.99933
92531: 0.99933
92532: 0.99933
92533: 0.99933
92534: 0.99933
92535: 0.99933
92536: 0.99933
92537: 0.99933
92538: 0.99933
92539: 0.99933
92540: 0.99933
92541: 0.99933
92542: 0.99933
92543: 0.99933
92544: 0.99933
92545: 0.99933
92546: 0.99933
92547: 0.99933
92548: 0.99933
92549: 0.99933
92550: 0.99933
92551: 0.99933
92552: 0.99933
92553: 0.99933
92554: 0.99933
92555: 0.99933
92556: 0.99933
92557: 0.99933
92558: 0.99933
92559: 0.99933
92560: 0.99933
92561: 0.99933
92562: 0.99933
92563: 0.99933
92564: 0.99933
92565: 0.99933
92566: 0.99933
92567: 0.99933
92568: 0.99933
92569: 0.99933
92570: 0.99933
92571: 0.99933
92572: 0.99933
92573: 0.99933
92574: 0.99933
92575: 0.99933
92576: 0.99933
92577: 0.99933
92578: 0.99933
92579: 0.99933
92580: 0.99933
92581: 0.99933
92582: 0.99933
92583: 0.99933
92584: 0.99933
92585: 0.99933
92586: 0.99933
92587: 0.99933
92588: 0.99933
92589: 0.99933
92590: 0.99933
92591: 0.99933
92592: 0.99933
92593: 0.99933
92594: 0.99933
92595: 0.99933
92596: 0.99933
92597: 0.99933
92598: 0.99933
92599: 0.99933
92600: 0.99933
92601: 0.99933
92602: 0.99933
92603: 0.99933
92604: 0.99933
92605: 0.99933
92606: 0.999331
92607: 0.999331
92608: 0.999331
92609: 0.999331
92610: 0.999331
92611: 0.999331
92612: 0.999331
92613: 0.999331
92614: 0.999331
92615: 0.999331
92616: 0.999331
92617: 0.999331
92618: 0.999331
92619: 0.999331
92620: 0.999331
92621: 0.999331
92622: 0.999331
92623: 0.999331
92624: 0.999331
92625: 0.999331
92626: 0.999331
92627: 0.999331
92628: 0.999331
92629: 0.999331
92630: 0.999331
92631: 0.999331
92632: 0.999331
92633: 0.999331
92634: 0.999331
92635: 0.999331
92636: 0.999331
92637: 0.999331
92638: 0.999331
92639: 0.999331
92640: 0.999331
92641: 0.999331
92642: 0.999331
92643: 0.999331
92644: 0.999331
92645: 0.999331
92646: 0.999331
92647: 0.999331
92648: 0.999331
92649: 0.999331
92650: 0.999331
92651: 0.999331
92652: 0.999331
92653: 0.999331
92654: 0.999331
92655: 0.999331
92656: 0.999331
92657: 0.999331
92658: 0.999331
92659: 0.999331
92660: 0.999331
92661: 0.999331
92662: 0.999331
92663: 0.999331
92664: 0.999331
92665: 0.999331
92666: 0.999331
92667: 0.999331
92668: 0.999331
92669: 0.999331
92670: 0.999331
92671: 0.999331
92672: 0.999331
92673: 0.999331
92674: 0.999331
92675: 0.999331
92676: 0.999331
92677: 0.999331
92678: 0.999331
92679: 0.999331
92680: 0.999331
92681: 0.999331
92682: 0.999331
92683: 0.999331
92684: 0.999331
92685: 0.999331
92686: 0.999331
92687: 0.999331
92688: 0.999331
92689: 0.999331
92690: 0.999331
92691: 0.999331
92692: 0.999331
92693: 0.999331
92694: 0.999331
92695: 0.999331
92696: 0.999331
92697: 0.999331
92698: 0.999331
92699: 0.999331
92700: 0.999331
92701: 0.999331
92702: 0.999331
92703: 0.999331
92704: 0.999331
92705: 0.999331
92706: 0.999331
92707: 0.999331
92708: 0.999331
92709: 0.999331
92710: 0.999331
92711: 0.999331
92712: 0.999331
92713: 0.999331
92714: 0.999331
92715: 0.999331
92716: 0.999331
92717: 0.999331
92718: 0.999331
92719: 0.999331
92720: 0.999331
92721: 0.999331
92722: 0.999331
92723: 0.999331
92724: 0.999331
92725: 0.999331
92726: 0.999331
92727: 0.999331
92728: 0.999331
92729: 0.999331
92730: 0.999331
92731: 0.999331
92732: 0.999331
92733: 0.999331
92734: 0.999331
92735: 0.999331
92736: 0.999331
92737: 0.999331
92738: 0.999331
92739: 0.999331
92740: 0.999331
92741: 0.999331
92742: 0.999331
92743: 0.999331
92744: 0.999332
92745: 0.999332
92746: 0.999332
92747: 0.999332
92748: 0.999332
92749: 0.999332
92750: 0.999332
92751: 0.999332
92752: 0.999332
92753: 0.999332
92754: 0.999332
92755: 0.999332
92756: 0.999332
92757: 0.999332
92758: 0.999332
92759: 0.999332
92760: 0.999332
92761: 0.999332
92762: 0.999332
92763: 0.999332
92764: 0.999332
92765: 0.999332
92766: 0.999332
92767: 0.999332
92768: 0.999332
92769: 0.999332
92770: 0.999332
92771: 0.999332
92772: 0.999332
92773: 0.999332
92774: 0.999332
92775: 0.999332
92776: 0.999332
92777: 0.999332
92778: 0.999332
92779: 0.999332
92780: 0.999332
92781: 0.999332
92782: 0.999332
92783: 0.999332
92784: 0.999332
92785: 0.999332
92786: 0.999332
92787: 0.999332
92788: 0.999332
92789: 0.999332
92790: 0.999332
92791: 0.999332
92792: 0.999332
92793: 0.999332
92794: 0.999332
92795: 0.999332
92796: 0.999332
92797: 0.999332
92798: 0.999332
92799: 0.999332
92800: 0.999332
92801: 0.999332
92802: 0.999332
92803: 0.999332
92804: 0.999332
92805: 0.999332
92806: 0.999332
92807: 0.999332
92808: 0.999332
92809: 0.999332
92810: 0.999332
92811: 0.999332
92812: 0.999332
92813: 0.999332
92814: 0.999332
92815: 0.999332
92816: 0.999332
92817: 0.999332
92818: 0.999332
92819: 0.999332
92820: 0.999332
92821: 0.999332
92822: 0.999332
92823: 0.999332
92824: 0.999332
92825: 0.999332
92826: 0.999332
92827: 0.999332
92828: 0.999332
92829: 0.999332
92830: 0.999332
92831: 0.999332
92832: 0.999332
92833: 0.999332
92834: 0.999332
92835: 0.999332
92836: 0.999332
92837: 0.999332
92838: 0.999332
92839: 0.999332
92840: 0.999332
92841: 0.999332
92842: 0.999332
92843: 0.999332
92844: 0.999332
92845: 0.999332
92846: 0.999332
92847: 0.999332
92848: 0.999332
92849: 0.999332
92850: 0.999332
92851: 0.999332
92852: 0.999332
92853: 0.999332
92854: 0.999332
92855: 0.999332
92856: 0.999332
92857: 0.999332
92858: 0.999332
92859: 0.999332
92860: 0.999332
92861: 0.999332
92862: 0.999332
92863: 0.999332
92864: 0.999332
92865: 0.999332
92866: 0.999332
92867: 0.999332
92868: 0.999332
92869: 0.999332
92870: 0.999332
92871: 0.999332
92872: 0.999332
92873: 0.999332
92874: 0.999332
92875: 0.999332
92876: 0.999332
92877: 0.999332
92878: 0.999332
92879: 0.999332
92880: 0.999332
92881: 0.999332
92882: 0.999332
92883: 0.999333
92884: 0.999333
92885: 0.999333
92886: 0.999333
92887: 0.999333
92888: 0.999333
92889: 0.999333
92890: 0.999333
92891: 0.999333
92892: 0.999333
92893: 0.999333
92894: 0.999333
92895: 0.999333
92896: 0.999333
92897: 0.999333
92898: 0.999333
92899: 0.999333
92900: 0.999333
92901: 0.999333
92902: 0.999333
92903: 0.999333
92904: 0.999333
92905: 0.999333
92906: 0.999333
92907: 0.999333
92908: 0.999333
92909: 0.999333
92910: 0.999333
92911: 0.999333
92912: 0.999333
92913: 0.999333
92914: 0.999333
92915: 0.999333
92916: 0.999333
92917: 0.999333
92918: 0.999333
92919: 0.999333
92920: 0.999333
92921: 0.999333
92922: 0.999333
92923: 0.999333
92924: 0.999333
92925: 0.999333
92926: 0.999333
92927: 0.999333
92928: 0.999333
92929: 0.999333
92930: 0.999333
92931: 0.999333
92932: 0.999333
92933: 0.999333
92934: 0.999333
92935: 0.999333
92936: 0.999333
92937: 0.999333
92938: 0.999333
92939: 0.999333
92940: 0.999333
92941: 0.999333
92942: 0.999333
92943: 0.999333
92944: 0.999333
92945: 0.999333
92946: 0.999333
92947: 0.999333
92948: 0.999333
92949: 0.999333
92950: 0.999333
92951: 0.999333
92952: 0.999333
92953: 0.999333
92954: 0.999333
92955: 0.999333
92956: 0.999333
92957: 0.999333
92958: 0.999333
92959: 0.999333
92960: 0.999333
92961: 0.999333
92962: 0.999333
92963: 0.999333
92964: 0.999333
92965: 0.999333
92966: 0.999333
92967: 0.999333
92968: 0.999333
92969: 0.999333
92970: 0.999333
92971: 0.999333
92972: 0.999333
92973: 0.999333
92974: 0.999333
92975: 0.999333
92976: 0.999333
92977: 0.999333
92978: 0.999333
92979: 0.999333
92980: 0.999333
92981: 0.999333
92982: 0.999333
92983: 0.999333
92984: 0.999333
92985: 0.999333
92986: 0.999333
92987: 0.999333
92988: 0.999333
92989: 0.999333
92990: 0.999333
92991: 0.999333
92992: 0.999333
92993: 0.999333
92994: 0.999333
92995: 0.999333
92996: 0.999333
92997: 0.999333
92998: 0.999333
92999: 0.999333
93000: 0.999333
93001: 0.999333
93002: 0.999333
93003: 0.999333
93004: 0.999333
93005: 0.999333
93006: 0.999333
93007: 0.999333
93008: 0.999333
93009: 0.999333
93010: 0.999333
93011: 0.999333
93012: 0.999333
93013: 0.999333
93014: 0.999333
93015: 0.999333
93016: 0.999333
93017: 0.999333
93018: 0.999333
93019: 0.999333
93020: 0.999333
93021: 0.999333
93022: 0.999333
93023: 0.999334
93024: 0.999334
93025: 0.999334
93026: 0.999334
93027: 0.999334
93028: 0.999334
93029: 0.999334
93030: 0.999334
93031: 0.999334
93032: 0.999334
93033: 0.999334
93034: 0.999334
93035: 0.999334
93036: 0.999334
93037: 0.999334
93038: 0.999334
93039: 0.999334
93040: 0.999334
93041: 0.999334
93042: 0.999334
93043: 0.999334
93044: 0.999334
93045: 0.999334
93046: 0.999334
93047: 0.999334
93048: 0.999334
93049: 0.999334
93050: 0.999334
93051: 0.999334
93052: 0.999334
93053: 0.999334
93054: 0.999334
93055: 0.999334
93056: 0.999334
93057: 0.999334
93058: 0.999334
93059: 0.999334
93060: 0.999334
93061: 0.999334
93062: 0.999334
93063: 0.999334
93064: 0.999334
93065: 0.999334
93066: 0.999334
93067: 0.999334
93068: 0.999334
93069: 0.999334
93070: 0.999334
93071: 0.999334
93072: 0.999334
93073: 0.999334
93074: 0.999334
93075: 0.999334
93076: 0.999334
93077: 0.999334
93078: 0.999334
93079: 0.999334
93080: 0.999334
93081: 0.999334
93082: 0.999334
93083: 0.999334
93084: 0.999334
93085: 0.999334
93086: 0.999334
93087: 0.999334
93088: 0.999334
93089: 0.999334
93090: 0.999334
93091: 0.999334
93092: 0.999334
93093: 0.999334
93094: 0.999334
93095: 0.999334
93096: 0.999334
93097: 0.999334
93098: 0.999334
93099: 0.999334
93100: 0.999334
93101: 0.999334
93102: 0.999334
93103: 0.999334
93104: 0.999334
93105: 0.999334
93106: 0.999334
93107: 0.999334
93108: 0.999334
93109: 0.999334
93110: 0.999334
93111: 0.999334
93112: 0.999334
93113: 0.999334
93114: 0.999334
93115: 0.999334
93116: 0.999334
93117: 0.999334
93118: 0.999334
93119: 0.999334
93120: 0.999334
93121: 0.999334
93122: 0.999334
93123: 0.999334
93124: 0.999334
93125: 0.999334
93126: 0.999334
93127: 0.999334
93128: 0.999334
93129: 0.999334
93130: 0.999334
93131: 0.999334
93132: 0.999334
93133: 0.999334
93134: 0.999334
93135: 0.999334
93136: 0.999334
93137: 0.999334
93138: 0.999334
93139: 0.999334
93140: 0.999334
93141: 0.999334
93142: 0.999334
93143: 0.999334
93144: 0.999334
93145: 0.999334
93146: 0.999334
93147: 0.999334
93148: 0.999334
93149: 0.999334
93150: 0.999334
93151: 0.999334
93152: 0.999334
93153: 0.999334
93154: 0.999334
93155: 0.999334
93156: 0.999334
93157: 0.999334
93158: 0.999334
93159: 0.999334
93160: 0.999334
93161: 0.999334
93162: 0.999334
93163: 0.999335
93164: 0.999335
93165: 0.999335
93166: 0.999335
93167: 0.999335
93168: 0.999335
93169: 0.999335
93170: 0.999335
93171: 0.999335
93172: 0.999335
93173: 0.999335
93174: 0.999335
93175: 0.999335
93176: 0.999335
93177: 0.999335
93178: 0.999335
93179: 0.999335
93180: 0.999335
93181: 0.999335
93182: 0.999335
93183: 0.999335
93184: 0.999335
93185: 0.999335
93186: 0.999335
93187: 0.999335
93188: 0.999335
93189: 0.999335
93190: 0.999335
93191: 0.999335
93192: 0.999335
93193: 0.999335
93194: 0.999335
93195: 0.999335
93196: 0.999335
93197: 0.999335
93198: 0.999335
93199: 0.999335
93200: 0.999335
93201: 0.999335
93202: 0.999335
93203: 0.999335
93204: 0.999335
93205: 0.999335
93206: 0.999335
93207: 0.999335
93208: 0.999335
93209: 0.999335
93210: 0.999335
93211: 0.999335
93212: 0.999335
93213: 0.999335
93214: 0.999335
93215: 0.999335
93216: 0.999335
93217: 0.999335
93218: 0.999335
93219: 0.999335
93220: 0.999335
93221: 0.999335
93222: 0.999335
93223: 0.999335
93224: 0.999335
93225: 0.999335
93226: 0.999335
93227: 0.999335
93228: 0.999335
93229: 0.999335
93230: 0.999335
93231: 0.999335
93232: 0.999335
93233: 0.999335
93234: 0.999335
93235: 0.999335
93236: 0.999335
93237: 0.999335
93238: 0.999335
93239: 0.999335
93240: 0.999335
93241: 0.999335
93242: 0.999335
93243: 0.999335
93244: 0.999335
93245: 0.999335
93246: 0.999335
93247: 0.999335
93248: 0.999335
93249: 0.999335
93250: 0.999335
93251: 0.999335
93252: 0.999335
93253: 0.999335
93254: 0.999335
93255: 0.999335
93256: 0.999335
93257: 0.999335
93258: 0.999335
93259: 0.999335
93260: 0.999335
93261: 0.999335
93262: 0.999335
93263: 0.999335
93264: 0.999335
93265: 0.999335
93266: 0.999335
93267: 0.999335
93268: 0.999335
93269: 0.999335
93270: 0.999335
93271: 0.999335
93272: 0.999335
93273: 0.999335
93274: 0.999335
93275: 0.999335
93276: 0.999335
93277: 0.999335
93278: 0.999335
93279: 0.999335
93280: 0.999335
93281: 0.999335
93282: 0.999335
93283: 0.999335
93284: 0.999335
93285: 0.999335
93286: 0.999335
93287: 0.999335
93288: 0.999335
93289: 0.999335
93290: 0.999335
93291: 0.999335
93292: 0.999335
93293: 0.999335
93294: 0.999335
93295: 0.999335
93296: 0.999335
93297: 0.999335
93298: 0.999335
93299: 0.999335
93300: 0.999335
93301: 0.999335
93302: 0.999335
93303: 0.999336
93304: 0.999336
93305: 0.999336
93306: 0.999336
93307: 0.999336
93308: 0.999336
93309: 0.999336
93310: 0.999336
93311: 0.999336
93312: 0.999336
93313: 0.999336
93314: 0.999336
93315: 0.999336
93316: 0.999336
93317: 0.999336
93318: 0.999336
93319: 0.999336
93320: 0.999336
93321: 0.999336
93322: 0.999336
93323: 0.999336
93324: 0.999336
93325: 0.999336
93326: 0.999336
93327: 0.999336
93328: 0.999336
93329: 0.999336
93330: 0.999336
93331: 0.999336
93332: 0.999336
93333: 0.999336
93334: 0.999336
93335: 0.999336
93336: 0.999336
93337: 0.999336
93338: 0.999336
93339: 0.999336
93340: 0.999336
93341: 0.999336
93342: 0.999336
93343: 0.999336
93344: 0.999336
93345: 0.999336
93346: 0.999336
93347: 0.999336
93348: 0.999336
93349: 0.999336
93350: 0.999336
93351: 0.999336
93352: 0.999336
93353: 0.999336
93354: 0.999336
93355: 0.999336
93356: 0.999336
93357: 0.999336
93358: 0.999336
93359: 0.999336
93360: 0.999336
93361: 0.999336
93362: 0.999336
93363: 0.999336
93364: 0.999336
93365: 0.999336
93366: 0.999336
93367: 0.999336
93368: 0.999336
93369: 0.999336
93370: 0.999336
93371: 0.999336
93372: 0.999336
93373: 0.999336
93374: 0.999336
93375: 0.999336
93376: 0.999336
93377: 0.999336
93378: 0.999336
93379: 0.999336
93380: 0.999336
93381: 0.999336
93382: 0.999336
93383: 0.999336
93384: 0.999336
93385: 0.999336
93386: 0.999336
93387: 0.999336
93388: 0.999336
93389: 0.999336
93390: 0.999336
93391: 0.999336
93392: 0.999336
93393: 0.999336
93394: 0.999336
93395: 0.999336
93396: 0.999336
93397: 0.999336
93398: 0.999336
93399: 0.999336
93400: 0.999336
93401: 0.999336
93402: 0.999336
93403: 0.999336
93404: 0.999336
93405: 0.999336
93406: 0.999336
93407: 0.999336
93408: 0.999336
93409: 0.999336
93410: 0.999336
93411: 0.999336
93412: 0.999336
93413: 0.999336
93414: 0.999336
93415: 0.999336
93416: 0.999336
93417: 0.999336
93418: 0.999336
93419: 0.999336
93420: 0.999336
93421: 0.999336
93422: 0.999336
93423: 0.999336
93424: 0.999336
93425: 0.999336
93426: 0.999336
93427: 0.999336
93428: 0.999336
93429: 0.999336
93430: 0.999336
93431: 0.999336
93432: 0.999336
93433: 0.999336
93434: 0.999336
93435: 0.999336
93436: 0.999336
93437: 0.999336
93438: 0.999336
93439: 0.999336
93440: 0.999336
93441: 0.999336
93442: 0.999336
93443: 0.999337
93444: 0.999337
93445: 0.999337
93446: 0.999337
93447: 0.999337
93448: 0.999337
93449: 0.999337
93450: 0.999337
93451: 0.999337
93452: 0.999337
93453: 0.999337
93454: 0.999337
93455: 0.999337
93456: 0.999337
93457: 0.999337
93458: 0.999337
93459: 0.999337
93460: 0.999337
93461: 0.999337
93462: 0.999337
93463: 0.999337
93464: 0.999337
93465: 0.999337
93466: 0.999337
93467: 0.999337
93468: 0.999337
93469: 0.999337
93470: 0.999337
93471: 0.999337
93472: 0.999337
93473: 0.999337
93474: 0.999337
93475: 0.999337
93476: 0.999337
93477: 0.999337
93478: 0.999337
93479: 0.999337
93480: 0.999337
93481: 0.999337
93482: 0.999337
93483: 0.999337
93484: 0.999337
93485: 0.999337
93486: 0.999337
93487: 0.999337
93488: 0.999337
93489: 0.999337
93490: 0.999337
93491: 0.999337
93492: 0.999337
93493: 0.999337
93494: 0.999337
93495: 0.999337
93496: 0.999337
93497: 0.999337
93498: 0.999337
93499: 0.999337
93500: 0.999337
93501: 0.999337
93502: 0.999337
93503: 0.999337
93504: 0.999337
93505: 0.999337
93506: 0.999337
93507: 0.999337
93508: 0.999337
93509: 0.999337
93510: 0.999337
93511: 0.999337
93512: 0.999337
93513: 0.999337
93514: 0.999337
93515: 0.999337
93516: 0.999337
93517: 0.999337
93518: 0.999337
93519: 0.999337
93520: 0.999337
93521: 0.999337
93522: 0.999337
93523: 0.999337
93524: 0.999337
93525: 0.999337
93526: 0.999337
93527: 0.999337
93528: 0.999337
93529: 0.999337
93530: 0.999337
93531: 0.999337
93532: 0.999337
93533: 0.999337
93534: 0.999337
93535: 0.999337
93536: 0.999337
93537: 0.999337
93538: 0.999337
93539: 0.999337
93540: 0.999337
93541: 0.999337
93542: 0.999337
93543: 0.999337
93544: 0.999337
93545: 0.999337
93546: 0.999337
93547: 0.999337
93548: 0.999337
93549: 0.999337
93550: 0.999337
93551: 0.999337
93552: 0.999337
93553: 0.999337
93554: 0.999337
93555: 0.999337
93556: 0.999337
93557: 0.999337
93558: 0.999337
93559: 0.999337
93560: 0.999337
93561: 0.999337
93562: 0.999337
93563: 0.999337
93564: 0.999337
93565: 0.999337
93566: 0.999337
93567: 0.999337
93568: 0.999337
93569: 0.999337
93570: 0.999337
93571: 0.999337
93572: 0.999337
93573: 0.999337
93574: 0.999337
93575: 0.999337
93576: 0.999337
93577: 0.999337
93578: 0.999337
93579: 0.999337
93580: 0.999337
93581: 0.999337
93582: 0.999337
93583: 0.999337
93584: 0.999338
93585: 0.999338
93586: 0.999338
93587: 0.999338
93588: 0.999338
93589: 0.999338
93590: 0.999338
93591: 0.999338
93592: 0.999338
93593: 0.999338
93594: 0.999338
93595: 0.999338
93596: 0.999338
93597: 0.999338
93598: 0.999338
93599: 0.999338
93600: 0.999338
93601: 0.999338
93602: 0.999338
93603: 0.999338
93604: 0.999338
93605: 0.999338
93606: 0.999338
93607: 0.999338
93608: 0.999338
93609: 0.999338
93610: 0.999338
93611: 0.999338
93612: 0.999338
93613: 0.999338
93614: 0.999338
93615: 0.999338
93616: 0.999338
93617: 0.999338
93618: 0.999338
93619: 0.999338
93620: 0.999338
93621: 0.999338
93622: 0.999338
93623: 0.999338
93624: 0.999338
93625: 0.999338
93626: 0.999338
93627: 0.999338
93628: 0.999338
93629: 0.999338
93630: 0.999338
93631: 0.999338
93632: 0.999338
93633: 0.999338
93634: 0.999338
93635: 0.999338
93636: 0.999338
93637: 0.999338
93638: 0.999338
93639: 0.999338
93640: 0.999338
93641: 0.999338
93642: 0.999338
93643: 0.999338
93644: 0.999338
93645: 0.999338
93646: 0.999338
93647: 0.999338
93648: 0.999338
93649: 0.999338
93650: 0.999338
93651: 0.999338
93652: 0.999338
93653: 0.999338
93654: 0.999338
93655: 0.999338
93656: 0.999338
93657: 0.999338
93658: 0.999338
93659: 0.999338
93660: 0.999338
93661: 0.999338
93662: 0.999338
93663: 0.999338
93664: 0.999338
93665: 0.999338
93666: 0.999338
93667: 0.999338
93668: 0.999338
93669: 0.999338
93670: 0.999338
93671: 0.999338
93672: 0.999338
93673: 0.999338
93674: 0.999338
93675: 0.999338
93676: 0.999338
93677: 0.999338
93678: 0.999338
93679: 0.999338
93680: 0.999338
93681: 0.999338
93682: 0.999338
93683: 0.999338
93684: 0.999338
93685: 0.999338
93686: 0.999338
93687: 0.999338
93688: 0.999338
93689: 0.999338
93690: 0.999338
93691: 0.999338
93692: 0.999338
93693: 0.999338
93694: 0.999338
93695: 0.999338
93696: 0.999338
93697: 0.999338
93698: 0.999338
93699: 0.999338
93700: 0.999338
93701: 0.999338
93702: 0.999338
93703: 0.999338
93704: 0.999338
93705: 0.999338
93706: 0.999338
93707: 0.999338
93708: 0.999338
93709: 0.999338
93710: 0.999338
93711: 0.999338
93712: 0.999338
93713: 0.999338
93714: 0.999338
93715: 0.999338
93716: 0.999338
93717: 0.999338
93718: 0.999338
93719: 0.999338
93720: 0.999338
93721: 0.999338
93722: 0.999338
93723: 0.999338
93724: 0.999338
93725: 0.999338
93726: 0.999339
93727: 0.999339
93728: 0.999339
93729: 0.999339
93730: 0.999339
93731: 0.999339
93732: 0.999339
93733: 0.999339
93734: 0.999339
93735: 0.999339
93736: 0.999339
93737: 0.999339
93738: 0.999339
93739: 0.999339
93740: 0.999339
93741: 0.999339
93742: 0.999339
93743: 0.999339
93744: 0.999339
93745: 0.999339
93746: 0.999339
93747: 0.999339
93748: 0.999339
93749: 0.999339
93750: 0.999339
93751: 0.999339
93752: 0.999339
93753: 0.999339
93754: 0.999339
93755: 0.999339
93756: 0.999339
93757: 0.999339
93758: 0.999339
93759: 0.999339
93760: 0.999339
93761: 0.999339
93762: 0.999339
93763: 0.999339
93764: 0.999339
93765: 0.999339
93766: 0.999339
93767: 0.999339
93768: 0.999339
93769: 0.999339
93770: 0.999339
93771: 0.999339
93772: 0.999339
93773: 0.999339
93774: 0.999339
93775: 0.999339
93776: 0.999339
93777: 0.999339
93778: 0.999339
93779: 0.999339
93780: 0.999339
93781: 0.999339
93782: 0.999339
93783: 0.999339
93784: 0.999339
93785: 0.999339
93786: 0.999339
93787: 0.999339
93788: 0.999339
93789: 0.999339
93790: 0.999339
93791: 0.999339
93792: 0.999339
93793: 0.999339
93794: 0.999339
93795: 0.999339
93796: 0.999339
93797: 0.999339
93798: 0.999339
93799: 0.999339
93800: 0.999339
93801: 0.999339
93802: 0.999339
93803: 0.999339
93804: 0.999339
93805: 0.999339
93806: 0.999339
93807: 0.999339
93808: 0.999339
93809: 0.999339
93810: 0.999339
93811: 0.999339
93812: 0.999339
93813: 0.999339
93814: 0.999339
93815: 0.999339
93816: 0.999339
93817: 0.999339
93818: 0.999339
93819: 0.999339
93820: 0.999339
93821: 0.999339
93822: 0.999339
93823: 0.999339
93824: 0.999339
93825: 0.999339
93826: 0.999339
93827: 0.999339
93828: 0.999339
93829: 0.999339
93830: 0.999339
93831: 0.999339
93832: 0.999339
93833: 0.999339
93834: 0.999339
93835: 0.999339
93836: 0.999339
93837: 0.999339
93838: 0.999339
93839: 0.999339
93840: 0.999339
93841: 0.999339
93842: 0.999339
93843: 0.999339
93844: 0.999339
93845: 0.999339
93846: 0.999339
93847: 0.999339
93848: 0.999339
93849: 0.999339
93850: 0.999339
93851: 0.999339
93852: 0.999339
93853: 0.999339
93854: 0.999339
93855: 0.999339
93856: 0.999339
93857: 0.999339
93858: 0.999339
93859: 0.999339
93860: 0.999339
93861: 0.999339
93862: 0.999339
93863: 0.999339
93864: 0.999339
93865: 0.999339
93866: 0.999339
93867: 0.999339
93868: 0.99934
93869: 0.99934
93870: 0.99934
93871: 0.99934
93872: 0.99934
93873: 0.99934
93874: 0.99934
93875: 0.99934
93876: 0.99934
93877: 0.99934
93878: 0.99934
93879: 0.99934
93880: 0.99934
93881: 0.99934
93882: 0.99934
93883: 0.99934
93884: 0.99934
93885: 0.99934
93886: 0.99934
93887: 0.99934
93888: 0.99934
93889: 0.99934
93890: 0.99934
93891: 0.99934
93892: 0.99934
93893: 0.99934
93894: 0.99934
93895: 0.99934
93896: 0.99934
93897: 0.99934
93898: 0.99934
93899: 0.99934
93900: 0.99934
93901: 0.99934
93902: 0.99934
93903: 0.99934
93904: 0.99934
93905: 0.99934
93906: 0.99934
93907: 0.99934
93908: 0.99934
93909: 0.99934
93910: 0.99934
93911: 0.99934
93912: 0.99934
93913: 0.99934
93914: 0.99934
93915: 0.99934
93916: 0.99934
93917: 0.99934
93918: 0.99934
93919: 0.99934
93920: 0.99934
93921: 0.99934
93922: 0.99934
93923: 0.99934
93924: 0.99934
93925: 0.99934
93926: 0.99934
93927: 0.99934
93928: 0.99934
93929: 0.99934
93930: 0.99934
93931: 0.99934
93932: 0.99934
93933: 0.99934
93934: 0.99934
93935: 0.99934
93936: 0.99934
93937: 0.99934
93938: 0.99934
93939: 0.99934
93940: 0.99934
93941: 0.99934
93942: 0.99934
93943: 0.99934
93944: 0.99934
93945: 0.99934
93946: 0.99934
93947: 0.99934
93948: 0.99934
93949: 0.99934
93950: 0.99934
93951: 0.99934
93952: 0.99934
93953: 0.99934
93954: 0.99934
93955: 0.99934
93956: 0.99934
93957: 0.99934
93958: 0.99934
93959: 0.99934
93960: 0.99934
93961: 0.99934
93962: 0.99934
93963: 0.99934
93964: 0.99934
93965: 0.99934
93966: 0.99934
93967: 0.99934
93968: 0.99934
93969: 0.99934
93970: 0.99934
93971: 0.99934
93972: 0.99934
93973: 0.99934
93974: 0.99934
93975: 0.99934
93976: 0.99934
93977: 0.99934
93978: 0.99934
93979: 0.99934
93980: 0.99934
93981: 0.99934
93982: 0.99934
93983: 0.99934
93984: 0.99934
93985: 0.99934
93986: 0.99934
93987: 0.99934
93988: 0.99934
93989: 0.99934
93990: 0.99934
93991: 0.99934
93992: 0.99934
93993: 0.99934
93994: 0.99934
93995: 0.99934
93996: 0.99934
93997: 0.99934
93998: 0.99934
93999: 0.99934
94000: 0.99934
94001: 0.99934
94002: 0.99934
94003: 0.99934
94004: 0.99934
94005: 0.99934
94006: 0.99934
94007: 0.99934
94008: 0.99934
94009: 0.99934
94010: 0.999341
94011: 0.999341
94012: 0.999341
94013: 0.999341
94014: 0.999341
94015: 0.999341
94016: 0.999341
94017: 0.999341
94018: 0.999341
94019: 0.999341
94020: 0.999341
94021: 0.999341
94022: 0.999341
94023: 0.999341
94024: 0.999341
94025: 0.999341
94026: 0.999341
94027: 0.999341
94028: 0.999341
94029: 0.999341
94030: 0.999341
94031: 0.999341
94032: 0.999341
94033: 0.999341
94034: 0.999341
94035: 0.999341
94036: 0.999341
94037: 0.999341
94038: 0.999341
94039: 0.999341
94040: 0.999341
94041: 0.999341
94042: 0.999341
94043: 0.999341
94044: 0.999341
94045: 0.999341
94046: 0.999341
94047: 0.999341
94048: 0.999341
94049: 0.999341
94050: 0.999341
94051: 0.999341
94052: 0.999341
94053: 0.999341
94054: 0.999341
94055: 0.999341
94056: 0.999341
94057: 0.999341
94058: 0.999341
94059: 0.999341
94060: 0.999341
94061: 0.999341
94062: 0.999341
94063: 0.999341
94064: 0.999341
94065: 0.999341
94066: 0.999341
94067: 0.999341
94068: 0.999341
94069: 0.999341
94070: 0.999341
94071: 0.999341
94072: 0.999341
94073: 0.999341
94074: 0.999341
94075: 0.999341
94076: 0.999341
94077: 0.999341
94078: 0.999341
94079: 0.999341
94080: 0.999341
94081: 0.999341
94082: 0.999341
94083: 0.999341
94084: 0.999341
94085: 0.999341
94086: 0.999341
94087: 0.999341
94088: 0.999341
94089: 0.999341
94090: 0.999341
94091: 0.999341
94092: 0.999341
94093: 0.999341
94094: 0.999341
94095: 0.999341
94096: 0.999341
94097: 0.999341
94098: 0.999341
94099: 0.999341
94100: 0.999341
94101: 0.999341
94102: 0.999341
94103: 0.999341
94104: 0.999341
94105: 0.999341
94106: 0.999341
94107: 0.999341
94108: 0.999341
94109: 0.999341
94110: 0.999341
94111: 0.999341
94112: 0.999341
94113: 0.999341
94114: 0.999341
94115: 0.999341
94116: 0.999341
94117: 0.999341
94118: 0.999341
94119: 0.999341
94120: 0.999341
94121: 0.999341
94122: 0.999341
94123: 0.999341
94124: 0.999341
94125: 0.999341
94126: 0.999341
94127: 0.999341
94128: 0.999341
94129: 0.999341
94130: 0.999341
94131: 0.999341
94132: 0.999341
94133: 0.999341
94134: 0.999341
94135: 0.999341
94136: 0.999341
94137: 0.999341
94138: 0.999341
94139: 0.999341
94140: 0.999341
94141: 0.999341
94142: 0.999341
94143: 0.999341
94144: 0.999341
94145: 0.999341
94146: 0.999341
94147: 0.999341
94148: 0.999341
94149: 0.999341
94150: 0.999341
94151: 0.999341
94152: 0.999341
94153: 0.999342
94154: 0.999342
94155: 0.999342
94156: 0.999342
94157: 0.999342
94158: 0.999342
94159: 0.999342
94160: 0.999342
94161: 0.999342
94162: 0.999342
94163: 0.999342
94164: 0.999342
94165: 0.999342
94166: 0.999342
94167: 0.999342
94168: 0.999342
94169: 0.999342
94170: 0.999342
94171: 0.999342
94172: 0.999342
94173: 0.999342
94174: 0.999342
94175: 0.999342
94176: 0.999342
94177: 0.999342
94178: 0.999342
94179: 0.999342
94180: 0.999342
94181: 0.999342
94182: 0.999342
94183: 0.999342
94184: 0.999342
94185: 0.999342
94186: 0.999342
94187: 0.999342
94188: 0.999342
94189: 0.999342
94190: 0.999342
94191: 0.999342
94192: 0.999342
94193: 0.999342
94194: 0.999342
94195: 0.999342
94196: 0.999342
94197: 0.999342
94198: 0.999342
94199: 0.999342
94200: 0.999342
94201: 0.999342
94202: 0.999342
94203: 0.999342
94204: 0.999342
94205: 0.999342
94206: 0.999342
94207: 0.999342
94208: 0.999342
94209: 0.999342
94210: 0.999342
94211: 0.999342
94212: 0.999342
94213: 0.999342
94214: 0.999342
94215: 0.999342
94216: 0.999342
94217: 0.999342
94218: 0.999342
94219: 0.999342
94220: 0.999342
94221: 0.999342
94222: 0.999342
94223: 0.999342
94224: 0.999342
94225: 0.999342
94226: 0.999342
94227: 0.999342
94228: 0.999342
94229: 0.999342
94230: 0.999342
94231: 0.999342
94232: 0.999342
94233: 0.999342
94234: 0.999342
94235: 0.999342
94236: 0.999342
94237: 0.999342
94238: 0.999342
94239: 0.999342
94240: 0.999342
94241: 0.999342
94242: 0.999342
94243: 0.999342
94244: 0.999342
94245: 0.999342
94246: 0.999342
94247: 0.999342
94248: 0.999342
94249: 0.999342
94250: 0.999342
94251: 0.999342
94252: 0.999342
94253: 0.999342
94254: 0.999342
94255: 0.999342
94256: 0.999342
94257: 0.999342
94258: 0.999342
94259: 0.999342
94260: 0.999342
94261: 0.999342
94262: 0.999342
94263: 0.999342
94264: 0.999342
94265: 0.999342
94266: 0.999342
94267: 0.999342
94268: 0.999342
94269: 0.999342
94270: 0.999342
94271: 0.999342
94272: 0.999342
94273: 0.999342
94274: 0.999342
94275: 0.999342
94276: 0.999342
94277: 0.999342
94278: 0.999342
94279: 0.999342
94280: 0.999342
94281: 0.999342
94282: 0.999342
94283: 0.999342
94284: 0.999342
94285: 0.999342
94286: 0.999342
94287: 0.999342
94288: 0.999342
94289: 0.999342
94290: 0.999342
94291: 0.999342
94292: 0.999342
94293: 0.999342
94294: 0.999342
94295: 0.999342
94296: 0.999343
94297: 0.999343
94298: 0.999343
94299: 0.999343
94300: 0.999343
94301: 0.999343
94302: 0.999343
94303: 0.999343
94304: 0.999343
94305: 0.999343
94306: 0.999343
94307: 0.999343
94308: 0.999343
94309: 0.999343
94310: 0.999343
94311: 0.999343
94312: 0.999343
94313: 0.999343
94314: 0.999343
94315: 0.999343
94316: 0.999343
94317: 0.999343
94318: 0.999343
94319: 0.999343
94320: 0.999343
94321: 0.999343
94322: 0.999343
94323: 0.999343
94324: 0.999343
94325: 0.999343
94326: 0.999343
94327: 0.999343
94328: 0.999343
94329: 0.999343
94330: 0.999343
94331: 0.999343
94332: 0.999343
94333: 0.999343
94334: 0.999343
94335: 0.999343
94336: 0.999343
94337: 0.999343
94338: 0.999343
94339: 0.999343
94340: 0.999343
94341: 0.999343
94342: 0.999343
94343: 0.999343
94344: 0.999343
94345: 0.999343
94346: 0.999343
94347: 0.999343
94348: 0.999343
94349: 0.999343
94350: 0.999343
94351: 0.999343
94352: 0.999343
94353: 0.999343
94354: 0.999343
94355: 0.999343
94356: 0.999343
94357: 0.999343
94358: 0.999343
94359: 0.999343
94360: 0.999343
94361: 0.999343
94362: 0.999343
94363: 0.999343
94364: 0.999343
94365: 0.999343
94366: 0.999343
94367: 0.999343
94368: 0.999343
94369: 0.999343
94370: 0.999343
94371: 0.999343
94372: 0.999343
94373: 0.999343
94374: 0.999343
94375: 0.999343
94376: 0.999343
94377: 0.999343
94378: 0.999343
94379: 0.999343
94380: 0.999343
94381: 0.999343
94382: 0.999343
94383: 0.999343
94384: 0.999343
94385: 0.999343
94386: 0.999343
94387: 0.999343
94388: 0.999343
94389: 0.999343
94390: 0.999343
94391: 0.999343
94392: 0.999343
94393: 0.999343
94394: 0.999343
94395: 0.999343
94396: 0.999343
94397: 0.999343
94398: 0.999343
94399: 0.999343
94400: 0.999343
94401: 0.999343
94402: 0.999343
94403: 0.999343
94404: 0.999343
94405: 0.999343
94406: 0.999343
94407: 0.999343
94408: 0.999343
94409: 0.999343
94410: 0.999343
94411: 0.999343
94412: 0.999343
94413: 0.999343
94414: 0.999343
94415: 0.999343
94416: 0.999343
94417: 0.999343
94418: 0.999343
94419: 0.999343
94420: 0.999343
94421: 0.999343
94422: 0.999343
94423: 0.999343
94424: 0.999343
94425: 0.999343
94426: 0.999343
94427: 0.999343
94428: 0.999343
94429: 0.999343
94430: 0.999343
94431: 0.999343
94432: 0.999343
94433: 0.999343
94434: 0.999343
94435: 0.999343
94436: 0.999343
94437: 0.999343
94438: 0.999343
94439: 0.999343
94440: 0.999344
94441: 0.999344
94442: 0.999344
94443: 0.999344
94444: 0.999344
94445: 0.999344
94446: 0.999344
94447: 0.999344
94448: 0.999344
94449: 0.999344
94450: 0.999344
94451: 0.999344
94452: 0.999344
94453: 0.999344
94454: 0.999344
94455: 0.999344
94456: 0.999344
94457: 0.999344
94458: 0.999344
94459: 0.999344
94460: 0.999344
94461: 0.999344
94462: 0.999344
94463: 0.999344
94464: 0.999344
94465: 0.999344
94466: 0.999344
94467: 0.999344
94468: 0.999344
94469: 0.999344
94470: 0.999344
94471: 0.999344
94472: 0.999344
94473: 0.999344
94474: 0.999344
94475: 0.999344
94476: 0.999344
94477: 0.999344
94478: 0.999344
94479: 0.999344
94480: 0.999344
94481: 0.999344
94482: 0.999344
94483: 0.999344
94484: 0.999344
94485: 0.999344
94486: 0.999344
94487: 0.999344
94488: 0.999344
94489: 0.999344
94490: 0.999344
94491: 0.999344
94492: 0.999344
94493: 0.999344
94494: 0.999344
94495: 0.999344
94496: 0.999344
94497: 0.999344
94498: 0.999344
94499: 0.999344
94500: 0.999344
94501: 0.999344
94502: 0.999344
94503: 0.999344
94504: 0.999344
94505: 0.999344
94506: 0.999344
94507: 0.999344
94508: 0.999344
94509: 0.999344
94510: 0.999344
94511: 0.999344
94512: 0.999344
94513: 0.999344
94514: 0.999344
94515: 0.999344
94516: 0.999344
94517: 0.999344
94518: 0.999344
94519: 0.999344
94520: 0.999344
94521: 0.999344
94522: 0.999344
94523: 0.999344
94524: 0.999344
94525: 0.999344
94526: 0.999344
94527: 0.999344
94528: 0.999344
94529: 0.999344
94530: 0.999344
94531: 0.999344
94532: 0.999344
94533: 0.999344
94534: 0.999344
94535: 0.999344
94536: 0.999344
94537: 0.999344
94538: 0.999344
94539: 0.999344
94540: 0.999344
94541: 0.999344
94542: 0.999344
94543: 0.999344
94544: 0.999344
94545: 0.999344
94546: 0.999344
94547: 0.999344
94548: 0.999344
94549: 0.999344
94550: 0.999344
94551: 0.999344
94552: 0.999344
94553: 0.999344
94554: 0.999344
94555: 0.999344
94556: 0.999344
94557: 0.999344
94558: 0.999344
94559: 0.999344
94560: 0.999344
94561: 0.999344
94562: 0.999344
94563: 0.999344
94564: 0.999344
94565: 0.999344
94566: 0.999344
94567: 0.999344
94568: 0.999344
94569: 0.999344
94570: 0.999344
94571: 0.999344
94572: 0.999344
94573: 0.999344
94574: 0.999344
94575: 0.999344
94576: 0.999344
94577: 0.999344
94578: 0.999344
94579: 0.999344
94580: 0.999344
94581: 0.999344
94582: 0.999344
94583: 0.999344
94584: 0.999345
94585: 0.999345
94586: 0.999345
94587: 0.999345
94588: 0.999345
94589: 0.999345
94590: 0.999345
94591: 0.999345
94592: 0.999345
94593: 0.999345
94594: 0.999345
94595: 0.999345
94596: 0.999345
94597: 0.999345
94598: 0.999345
94599: 0.999345
94600: 0.999345
94601: 0.999345
94602: 0.999345
94603: 0.999345
94604: 0.999345
94605: 0.999345
94606: 0.999345
94607: 0.999345
94608: 0.999345
94609: 0.999345
94610: 0.999345
94611: 0.999345
94612: 0.999345
94613: 0.999345
94614: 0.999345
94615: 0.999345
94616: 0.999345
94617: 0.999345
94618: 0.999345
94619: 0.999345
94620: 0.999345
94621: 0.999345
94622: 0.999345
94623: 0.999345
94624: 0.999345
94625: 0.999345
94626: 0.999345
94627: 0.999345
94628: 0.999345
94629: 0.999345
94630: 0.999345
94631: 0.999345
94632: 0.999345
94633: 0.999345
94634: 0.999345
94635: 0.999345
94636: 0.999345
94637: 0.999345
94638: 0.999345
94639: 0.999345
94640: 0.999345
94641: 0.999345
94642: 0.999345
94643: 0.999345
94644: 0.999345
94645: 0.999345
94646: 0.999345
94647: 0.999345
94648: 0.999345
94649: 0.999345
94650: 0.999345
94651: 0.999345
94652: 0.999345
94653: 0.999345
94654: 0.999345
94655: 0.999345
94656: 0.999345
94657: 0.999345
94658: 0.999345
94659: 0.999345
94660: 0.999345
94661: 0.999345
94662: 0.999345
94663: 0.999345
94664: 0.999345
94665: 0.999345
94666: 0.999345
94667: 0.999345
94668: 0.999345
94669: 0.999345
94670: 0.999345
94671: 0.999345
94672: 0.999345
94673: 0.999345
94674: 0.999345
94675: 0.999345
94676: 0.999345
94677: 0.999345
94678: 0.999345
94679: 0.999345
94680: 0.999345
94681: 0.999345
94682: 0.999345
94683: 0.999345
94684: 0.999345
94685: 0.999345
94686: 0.999345
94687: 0.999345
94688: 0.999345
94689: 0.999345
94690: 0.999345
94691: 0.999345
94692: 0.999345
94693: 0.999345
94694: 0.999345
94695: 0.999345
94696: 0.999345
94697: 0.999345
94698: 0.999345
94699: 0.999345
94700: 0.999345
94701: 0.999345
94702: 0.999345
94703: 0.999345
94704: 0.999345
94705: 0.999345
94706: 0.999345
94707: 0.999345
94708: 0.999345
94709: 0.999345
94710: 0.999345
94711: 0.999345
94712: 0.999345
94713: 0.999345
94714: 0.999345
94715: 0.999345
94716: 0.999345
94717: 0.999345
94718: 0.999345
94719: 0.999345
94720: 0.999345
94721: 0.999345
94722: 0.999345
94723: 0.999345
94724: 0.999345
94725: 0.999345
94726: 0.999345
94727: 0.999345
94728: 0.999346
94729: 0.999346
94730: 0.999346
94731: 0.999346
94732: 0.999346
94733: 0.999346
94734: 0.999346
94735: 0.999346
94736: 0.999346
94737: 0.999346
94738: 0.999346
94739: 0.999346
94740: 0.999346
94741: 0.999346
94742: 0.999346
94743: 0.999346
94744: 0.999346
94745: 0.999346
94746: 0.999346
94747: 0.999346
94748: 0.999346
94749: 0.999346
94750: 0.999346
94751: 0.999346
94752: 0.999346
94753: 0.999346
94754: 0.999346
94755: 0.999346
94756: 0.999346
94757: 0.999346
94758: 0.999346
94759: 0.999346
94760: 0.999346
94761: 0.999346
94762: 0.999346
94763: 0.999346
94764: 0.999346
94765: 0.999346
94766: 0.999346
94767: 0.999346
94768: 0.999346
94769: 0.999346
94770: 0.999346
94771: 0.999346
94772: 0.999346
94773: 0.999346
94774: 0.999346
94775: 0.999346
94776: 0.999346
94777: 0.999346
94778: 0.999346
94779: 0.999346
94780: 0.999346
94781: 0.999346
94782: 0.999346
94783: 0.999346
94784: 0.999346
94785: 0.999346
94786: 0.999346
94787: 0.999346
94788: 0.999335
94789: 0.999335
94790: 0.999335
94791: 0.999335
94792: 0.999335
94793: 0.999335
94794: 0.999335
94795: 0.999335
94796: 0.999335
94797: 0.999335
94798: 0.999335
94799: 0.999335
94800: 0.999335
94801: 0.999335
94802: 0.999335
94803: 0.999335
94804: 0.999335
94805: 0.999335
94806: 0.999335
94807: 0.999335
94808: 0.999336
94809: 0.999336
94810: 0.999336
94811: 0.999336
94812: 0.999336
94813: 0.999336
94814: 0.999336
94815: 0.999336
94816: 0.999336
94817: 0.999336
94818: 0.999336
94819: 0.999336
94820: 0.999336
94821: 0.999336
94822: 0.999336
94823: 0.999336
94824: 0.999336
94825: 0.999336
94826: 0.999336
94827: 0.999336
94828: 0.999336
94829: 0.999336
94830: 0.999336
94831: 0.999336
94832: 0.999336
94833: 0.999336
94834: 0.999336
94835: 0.999336
94836: 0.999336
94837: 0.999336
94838: 0.999336
94839: 0.999336
94840: 0.999336
94841: 0.999336
94842: 0.999336
94843: 0.999336
94844: 0.999336
94845: 0.999336
94846: 0.999336
94847: 0.999336
94848: 0.999336
94849: 0.999336
94850: 0.999336
94851: 0.999336
94852: 0.999336
94853: 0.999336
94854: 0.999336
94855: 0.999336
94856: 0.999336
94857: 0.999336
94858: 0.999336
94859: 0.999336
94860: 0.999336
94861: 0.999336
94862: 0.999336
94863: 0.999336
94864: 0.999336
94865: 0.999336
94866: 0.999336
94867: 0.999336
94868: 0.999336
94869: 0.999336
94870: 0.999336
94871: 0.999336
94872: 0.999336
94873: 0.999336
94874: 0.999336
94875: 0.999336
94876: 0.999336
94877: 0.999336
94878: 0.999336
94879: 0.999336
94880: 0.999336
94881: 0.999336
94882: 0.999336
94883: 0.999336
94884: 0.999336
94885: 0.999336
94886: 0.999336
94887: 0.999336
94888: 0.999336
94889: 0.999336
94890: 0.999336
94891: 0.999336
94892: 0.999336
94893: 0.999336
94894: 0.999336
94895: 0.999336
94896: 0.999336
94897: 0.999336
94898: 0.999336
94899: 0.999336
94900: 0.999336
94901: 0.999336
94902: 0.999336
94903: 0.999336
94904: 0.999336
94905: 0.999336
94906: 0.999336
94907: 0.999336
94908: 0.999336
94909: 0.999336
94910: 0.999336
94911: 0.999336
94912: 0.999336
94913: 0.999336
94914: 0.999336
94915: 0.999336
94916: 0.999336
94917: 0.999336
94918: 0.999336
94919: 0.999336
94920: 0.999336
94921: 0.999336
94922: 0.999336
94923: 0.999336
94924: 0.999336
94925: 0.999336
94926: 0.999336
94927: 0.999336
94928: 0.999336
94929: 0.999336
94930: 0.999336
94931: 0.999336
94932: 0.999336
94933: 0.999336
94934: 0.999336
94935: 0.999336
94936: 0.999336
94937: 0.999336
94938: 0.999336
94939: 0.999336
94940: 0.999336
94941: 0.999336
94942: 0.999336
94943: 0.999336
94944: 0.999336
94945: 0.999336
94946: 0.999336
94947: 0.999336
94948: 0.999336
94949: 0.999336
94950: 0.999336
94951: 0.999337
94952: 0.999337
94953: 0.999337
94954: 0.999337
94955: 0.999337
94956: 0.999337
94957: 0.999337
94958: 0.999337
94959: 0.999337
94960: 0.999337
94961: 0.999337
94962: 0.999337
94963: 0.999337
94964: 0.999337
94965: 0.999337
94966: 0.999337
94967: 0.999337
94968: 0.999337
94969: 0.999337
94970: 0.999337
94971: 0.999337
94972: 0.999337
94973: 0.999337
94974: 0.999337
94975: 0.999337
94976: 0.999337
94977: 0.999337
94978: 0.999337
94979: 0.999337
94980: 0.999337
94981: 0.999337
94982: 0.999337
94983: 0.999337
94984: 0.999337
94985: 0.999337
94986: 0.999337
94987: 0.999337
94988: 0.999337
94989: 0.999337
94990: 0.999337
94991: 0.999337
94992: 0.999337
94993: 0.999337
94994: 0.999337
94995: 0.999337
94996: 0.999337
94997: 0.999337
94998: 0.999337
94999: 0.999337
95000: 0.999337
95001: 0.999337
95002: 0.999337
95003: 0.999337
95004: 0.999337
95005: 0.999337
95006: 0.999337
95007: 0.999337
95008: 0.999337
95009: 0.999337
95010: 0.999337
95011: 0.999337
95012: 0.999337
95013: 0.999337
95014: 0.999337
95015: 0.999337
95016: 0.999337
95017: 0.999337
95018: 0.999337
95019: 0.999337
95020: 0.999337
95021: 0.999337
95022: 0.999337
95023: 0.999337
95024: 0.999337
95025: 0.999337
95026: 0.999337
95027: 0.999337
95028: 0.999337
95029: 0.999337
95030: 0.999337
95031: 0.999337
95032: 0.999337
95033: 0.999337
95034: 0.999337
95035: 0.999337
95036: 0.999337
95037: 0.999337
95038: 0.999337
95039: 0.999337
95040: 0.999337
95041: 0.999337
95042: 0.999337
95043: 0.999337
95044: 0.999337
95045: 0.999337
95046: 0.999337
95047: 0.999337
95048: 0.999337
95049: 0.999337
95050: 0.999337
95051: 0.999337
95052: 0.999337
95053: 0.999337
95054: 0.999337
95055: 0.999337
95056: 0.999337
95057: 0.999337
95058: 0.999337
95059: 0.999337
95060: 0.999337
95061: 0.999337
95062: 0.999337
95063: 0.999337
95064: 0.999337
95065: 0.999337
95066: 0.999337
95067: 0.999337
95068: 0.999337
95069: 0.999337
95070: 0.999337
95071: 0.999337
95072: 0.999337
95073: 0.999337
95074: 0.999337
95075: 0.999337
95076: 0.999337
95077: 0.999337
95078: 0.999337
95079: 0.999337
95080: 0.999337
95081: 0.999337
95082: 0.999337
95083: 0.999337
95084: 0.999337
95085: 0.999337
95086: 0.999337
95087: 0.999337
95088: 0.999337
95089: 0.999337
95090: 0.999337
95091: 0.999337
95092: 0.999337
95093: 0.999337
95094: 0.999338
95095: 0.999338
95096: 0.999338
95097: 0.999338
95098: 0.999338
95099: 0.999338
95100: 0.999338
95101: 0.999338
95102: 0.999338
95103: 0.999338
95104: 0.999338
95105: 0.999338
95106: 0.999338
95107: 0.999338
95108: 0.999338
95109: 0.999338
95110: 0.999338
95111: 0.999338
95112: 0.999338
95113: 0.999338
95114: 0.999338
95115: 0.999338
95116: 0.999338
95117: 0.999338
95118: 0.999338
95119: 0.999338
95120: 0.999338
95121: 0.999338
95122: 0.999338
95123: 0.999338
95124: 0.999338
95125: 0.999338
95126: 0.999338
95127: 0.999338
95128: 0.999338
95129: 0.999338
95130: 0.999338
95131: 0.999338
95132: 0.999338
95133: 0.999338
95134: 0.999338
95135: 0.999338
95136: 0.999338
95137: 0.999338
95138: 0.999338
95139: 0.999338
95140: 0.999338
95141: 0.999338
95142: 0.999338
95143: 0.999338
95144: 0.999338
95145: 0.999338
95146: 0.999338
95147: 0.999338
95148: 0.999338
95149: 0.999338
95150: 0.999338
95151: 0.999338
95152: 0.999338
95153: 0.999338
95154: 0.999338
95155: 0.999338
95156: 0.999338
95157: 0.999338
95158: 0.999338
95159: 0.999338
95160: 0.999338
95161: 0.999338
95162: 0.999338
95163: 0.999338
95164: 0.999338
95165: 0.999338
95166: 0.999338
95167: 0.999338
95168: 0.999338
95169: 0.999338
95170: 0.999338
95171: 0.999338
95172: 0.999338
95173: 0.999338
95174: 0.999338
95175: 0.999338
95176: 0.999338
95177: 0.999338
95178: 0.999338
95179: 0.999338
95180: 0.999338
95181: 0.999338
95182: 0.999338
95183: 0.999338
95184: 0.999338
95185: 0.999338
95186: 0.999338
95187: 0.999338
95188: 0.999338
95189: 0.999338
95190: 0.999338
95191: 0.999338
95192: 0.999338
95193: 0.999338
95194: 0.999338
95195: 0.999338
95196: 0.999338
95197: 0.999338
95198: 0.999338
95199: 0.999338
95200: 0.999338
95201: 0.999338
95202: 0.999338
95203: 0.999338
95204: 0.999338
95205: 0.999338
95206: 0.999338
95207: 0.999338
95208: 0.999338
95209: 0.999338
95210: 0.999338
95211: 0.999338
95212: 0.999338
95213: 0.999338
95214: 0.999338
95215: 0.999338
95216: 0.999338
95217: 0.999338
95218: 0.999338
95219: 0.999338
95220: 0.999338
95221: 0.999338
95222: 0.999338
95223: 0.999338
95224: 0.999338
95225: 0.999338
95226: 0.999338
95227: 0.999338
95228: 0.999338
95229: 0.999338
95230: 0.999338
95231: 0.999338
95232: 0.999338
95233: 0.999338
95234: 0.999338
95235: 0.999338
95236: 0.999338
95237: 0.999338
95238: 0.999339
95239: 0.999339
95240: 0.999339
95241: 0.999339
95242: 0.999339
95243: 0.999339
95244: 0.999339
95245: 0.999339
95246: 0.999339
95247: 0.999339
95248: 0.999339
95249: 0.999339
95250: 0.999339
95251: 0.999339
95252: 0.999339
95253: 0.999339
95254: 0.999339
95255: 0.999339
95256: 0.999339
95257: 0.999339
95258: 0.999339
95259: 0.999339
95260: 0.999339
95261: 0.999339
95262: 0.999339
95263: 0.999339
95264: 0.999339
95265: 0.999339
95266: 0.999339
95267: 0.999339
95268: 0.999339
95269: 0.999339
95270: 0.999339
95271: 0.999339
95272: 0.999339
95273: 0.999339
95274: 0.999339
95275: 0.999339
95276: 0.999339
95277: 0.999339
95278: 0.999339
95279: 0.999339
95280: 0.999339
95281: 0.999339
95282: 0.999339
95283: 0.999339
95284: 0.999339
95285: 0.999339
95286: 0.999339
95287: 0.999339
95288: 0.999339
95289: 0.999339
95290: 0.999339
95291: 0.999339
95292: 0.999339
95293: 0.999339
95294: 0.999339
95295: 0.999339
95296: 0.999339
95297: 0.999339
95298: 0.999339
95299: 0.999339
95300: 0.999339
95301: 0.999339
95302: 0.999339
95303: 0.999339
95304: 0.999339
95305: 0.999339
95306: 0.999339
95307: 0.999339
95308: 0.999339
95309: 0.999339
95310: 0.999339
95311: 0.999339
95312: 0.999339
95313: 0.999339
95314: 0.999339
95315: 0.999339
95316: 0.999339
95317: 0.999339
95318: 0.999339
95319: 0.999339
95320: 0.999339
95321: 0.999339
95322: 0.999339
95323: 0.999339
95324: 0.999339
95325: 0.999339
95326: 0.999339
95327: 0.999339
95328: 0.999339
95329: 0.999339
95330: 0.999339
95331: 0.999339
95332: 0.999339
95333: 0.999339
95334: 0.999339
95335: 0.999339
95336: 0.999339
95337: 0.999339
95338: 0.999339
95339: 0.999339
95340: 0.999339
95341: 0.999339
95342: 0.999339
95343: 0.999339
95344: 0.999339
95345: 0.999339
95346: 0.999339
95347: 0.999339
95348: 0.999339
95349: 0.999339
95350: 0.999339
95351: 0.999339
95352: 0.999339
95353: 0.999339
95354: 0.999339
95355: 0.999339
95356: 0.999339
95357: 0.999339
95358: 0.999339
95359: 0.999339
95360: 0.999339
95361: 0.999339
95362: 0.999339
95363: 0.999339
95364: 0.999339
95365: 0.999339
95366: 0.999339
95367: 0.999339
95368: 0.999339
95369: 0.999339
95370: 0.999339
95371: 0.999339
95372: 0.999339
95373: 0.999339
95374: 0.999339
95375: 0.999339
95376: 0.999339
95377: 0.999339
95378: 0.999339
95379: 0.999339
95380: 0.999339
95381: 0.999339
95382: 0.99934
95383: 0.99934
95384: 0.99934
95385: 0.99934
95386: 0.99934
95387: 0.99934
95388: 0.99934
95389: 0.99934
95390: 0.99934
95391: 0.99934
95392: 0.99934
95393: 0.99934
95394: 0.99934
95395: 0.99934
95396: 0.99934
95397: 0.99934
95398: 0.99934
95399: 0.99934
95400: 0.99934
95401: 0.99934
95402: 0.99934
95403: 0.99934
95404: 0.99934
95405: 0.99934
95406: 0.99934
95407: 0.99934
95408: 0.99934
95409: 0.99934
95410: 0.99934
95411: 0.99934
95412: 0.99934
95413: 0.99934
95414: 0.99934
95415: 0.99934
95416: 0.99934
95417: 0.99934
95418: 0.99934
95419: 0.99934
95420: 0.99934
95421: 0.99934
95422: 0.99934
95423: 0.99934
95424: 0.99934
95425: 0.99934
95426: 0.99934
95427: 0.99934
95428: 0.99934
95429: 0.99934
95430: 0.99934
95431: 0.99934
95432: 0.99934
95433: 0.99934
95434: 0.99934
95435: 0.99934
95436: 0.99934
95437: 0.99934
95438: 0.99934
95439: 0.99934
95440: 0.99934
95441: 0.99934
95442: 0.99934
95443: 0.99934
95444: 0.99934
95445: 0.99934
95446: 0.99934
95447: 0.99934
95448: 0.99934
95449: 0.99934
95450: 0.99934
95451: 0.99934
95452: 0.99934
95453: 0.99934
95454: 0.99934
95455: 0.99934
95456: 0.99934
95457: 0.99934
95458: 0.99934
95459: 0.99934
95460: 0.99934
95461: 0.99934
95462: 0.99934
95463: 0.99934
95464: 0.99934
95465: 0.99934
95466: 0.99934
95467: 0.99934
95468: 0.99934
95469: 0.99934
95470: 0.99934
95471: 0.99934
95472: 0.99934
95473: 0.99934
95474: 0.99934
95475: 0.99934
95476: 0.99934
95477: 0.99934
95478: 0.99934
95479: 0.99934
95480: 0.99934
95481: 0.99934
95482: 0.99934
95483: 0.99934
95484: 0.99934
95485: 0.99934
95486: 0.99934
95487: 0.99934
95488: 0.99934
95489: 0.99934
95490: 0.99934
95491: 0.99934
95492: 0.99934
95493: 0.99934
95494: 0.99934
95495: 0.99934
95496: 0.99934
95497: 0.99934
95498: 0.99934
95499: 0.99934
95500: 0.99934
95501: 0.99934
95502: 0.99934
95503: 0.99934
95504: 0.99934
95505: 0.99934
95506: 0.99934
95507: 0.99934
95508: 0.99934
95509: 0.99934
95510: 0.99934
95511: 0.99934
95512: 0.99934
95513: 0.99934
95514: 0.99934
95515: 0.99934
95516: 0.99934
95517: 0.99934
95518: 0.99934
95519: 0.99934
95520: 0.99934
95521: 0.99934
95522: 0.99934
95523: 0.99934
95524: 0.99934
95525: 0.99934
95526: 0.999341
95527: 0.999341
95528: 0.999341
95529: 0.999341
95530: 0.999341
95531: 0.999341
95532: 0.999341
95533: 0.999341
95534: 0.999341
95535: 0.999341
95536: 0.999341
95537: 0.999341
95538: 0.999341
95539: 0.999341
95540: 0.999341
95541: 0.999341
95542: 0.999341
95543: 0.999341
95544: 0.999341
95545: 0.999341
95546: 0.999341
95547: 0.999341
95548: 0.999341
95549: 0.999341
95550: 0.999341
95551: 0.999341
95552: 0.999341
95553: 0.999341
95554: 0.999341
95555: 0.999341
95556: 0.999341
95557: 0.999341
95558: 0.999341
95559: 0.999341
95560: 0.999341
95561: 0.999341
95562: 0.999341
95563: 0.999341
95564: 0.999341
95565: 0.999341
95566: 0.999341
95567: 0.999341
95568: 0.999341
95569: 0.999341
95570: 0.999341
95571: 0.999341
95572: 0.999341
95573: 0.999341
95574: 0.999341
95575: 0.999341
95576: 0.999341
95577: 0.999341
95578: 0.999341
95579: 0.999341
95580: 0.999341
95581: 0.999341
95582: 0.999341
95583: 0.999341
95584: 0.999341
95585: 0.999341
95586: 0.999341
95587: 0.999341
95588: 0.999341
95589: 0.999341
95590: 0.999341
95591: 0.999341
95592: 0.999341
95593: 0.999341
95594: 0.999341
95595: 0.999341
95596: 0.999341
95597: 0.999341
95598: 0.999341
95599: 0.999341
95600: 0.999341
95601: 0.999341
95602: 0.999341
95603: 0.999341
95604: 0.999341
95605: 0.999341
95606: 0.999341
95607: 0.999341
95608: 0.999341
95609: 0.999341
95610: 0.999341
95611: 0.999341
95612: 0.999341
95613: 0.999341
95614: 0.999341
95615: 0.999341
95616: 0.999341
95617: 0.999341
95618: 0.999341
95619: 0.999341
95620: 0.999341
95621: 0.999341
95622: 0.999341
95623: 0.999341
95624: 0.999341
95625: 0.999341
95626: 0.999341
95627: 0.999341
95628: 0.999341
95629: 0.999341
95630: 0.999341
95631: 0.999341
95632: 0.999341
95633: 0.999341
95634: 0.999341
95635: 0.999341
95636: 0.999341
95637: 0.999341
95638: 0.999341
95639: 0.999341
95640: 0.999341
95641: 0.999341
95642: 0.999341
95643: 0.999341
95644: 0.999341
95645: 0.999341
95646: 0.999341
95647: 0.999341
95648: 0.999341
95649: 0.999341
95650: 0.999341
95651: 0.999341
95652: 0.999341
95653: 0.999341
95654: 0.999341
95655: 0.999341
95656: 0.999341
95657: 0.999341
95658: 0.999341
95659: 0.999341
95660: 0.999341
95661: 0.999341
95662: 0.999341
95663: 0.999341
95664: 0.999341
95665: 0.999341
95666: 0.999341
95667: 0.999341
95668: 0.999341
95669: 0.999341
95670: 0.999341
95671: 0.999342
95672: 0.999342
95673: 0.999342
95674: 0.999342
95675: 0.999342
95676: 0.999342
95677: 0.999342
95678: 0.999342
95679: 0.999342
95680: 0.999342
95681: 0.999342
95682: 0.999342
95683: 0.999342
95684: 0.999342
95685: 0.999342
95686: 0.999342
95687: 0.999342
95688: 0.999342
95689: 0.999342
95690: 0.999342
95691: 0.999342
95692: 0.999342
95693: 0.999342
95694: 0.999342
95695: 0.999342
95696: 0.999342
95697: 0.999342
95698: 0.999342
95699: 0.999342
95700: 0.999342
95701: 0.999342
95702: 0.999342
95703: 0.999342
95704: 0.999342
95705: 0.999342
95706: 0.999342
95707: 0.999342
95708: 0.999342
95709: 0.999342
95710: 0.999342
95711: 0.999342
95712: 0.999342
95713: 0.999342
95714: 0.999342
95715: 0.999342
95716: 0.999342
95717: 0.999342
95718: 0.999342
95719: 0.999342
95720: 0.999342
95721: 0.999342
95722: 0.999342
95723: 0.999342
95724: 0.999342
95725: 0.999342
95726: 0.999342
95727: 0.999342
95728: 0.999342
95729: 0.999342
95730: 0.999342
95731: 0.999342
95732: 0.999342
95733: 0.999342
95734: 0.999342
95735: 0.999342
95736: 0.999342
95737: 0.999342
95738: 0.999342
95739: 0.999342
95740: 0.999342
95741: 0.999342
95742: 0.999342
95743: 0.999342
95744: 0.999342
95745: 0.999342
95746: 0.999342
95747: 0.999342
95748: 0.999342
95749: 0.999342
95750: 0.999342
95751: 0.999342
95752: 0.999342
95753: 0.999342
95754: 0.999342
95755: 0.999342
95756: 0.999342
95757: 0.999342
95758: 0.999342
95759: 0.999342
95760: 0.999342
95761: 0.999342
95762: 0.999342
95763: 0.999342
95764: 0.999342
95765: 0.999342
95766: 0.999342
95767: 0.999342
95768: 0.999342
95769: 0.999342
95770: 0.999342
95771: 0.999342
95772: 0.999342
95773: 0.999342
95774: 0.999342
95775: 0.999342
95776: 0.999342
95777: 0.999342
95778: 0.999342
95779: 0.999342
95780: 0.999342
95781: 0.999342
95782: 0.999342
95783: 0.999342
95784: 0.999342
95785: 0.999342
95786: 0.999342
95787: 0.999342
95788: 0.999342
95789: 0.999342
95790: 0.999342
95791: 0.999342
95792: 0.999342
95793: 0.999342
95794: 0.999342
95795: 0.999342
95796: 0.999342
95797: 0.999342
95798: 0.999342
95799: 0.999342
95800: 0.999342
95801: 0.999342
95802: 0.999342
95803: 0.999342
95804: 0.999342
95805: 0.999342
95806: 0.999342
95807: 0.999342
95808: 0.999342
95809: 0.999342
95810: 0.999342
95811: 0.999342
95812: 0.999342
95813: 0.999342
95814: 0.999342
95815: 0.999342
95816: 0.999342
95817: 0.999343
95818: 0.999343
95819: 0.999343
95820: 0.999343
95821: 0.999343
95822: 0.999343
95823: 0.999343
95824: 0.999343
95825: 0.999343
95826: 0.999343
95827: 0.999343
95828: 0.999343
95829: 0.999343
95830: 0.999343
95831: 0.999343
95832: 0.999343
95833: 0.999343
95834: 0.999343
95835: 0.999343
95836: 0.999343
95837: 0.999343
95838: 0.999343
95839: 0.999343
95840: 0.999343
95841: 0.999343
95842: 0.999343
95843: 0.999343
95844: 0.999343
95845: 0.999343
95846: 0.999343
95847: 0.999343
95848: 0.999343
95849: 0.999343
95850: 0.999343
95851: 0.999343
95852: 0.999343
95853: 0.999343
95854: 0.999343
95855: 0.999343
95856: 0.999343
95857: 0.999343
95858: 0.999343
95859: 0.999343
95860: 0.999343
95861: 0.999343
95862: 0.999343
95863: 0.999343
95864: 0.999343
95865: 0.999343
95866: 0.999343
95867: 0.999343
95868: 0.999343
95869: 0.999343
95870: 0.999343
95871: 0.999343
95872: 0.999343
95873: 0.999343
95874: 0.999343
95875: 0.999343
95876: 0.999343
95877: 0.999343
95878: 0.999343
95879: 0.999343
95880: 0.999343
95881: 0.999343
95882: 0.999343
95883: 0.999343
95884: 0.999343
95885: 0.999343
95886: 0.999343
95887: 0.999343
95888: 0.999343
95889: 0.999343
95890: 0.999343
95891: 0.999343
95892: 0.999343
95893: 0.999343
95894: 0.999343
95895: 0.999343
95896: 0.999343
95897: 0.999343
95898: 0.999343
95899: 0.999343
95900: 0.999343
95901: 0.999343
95902: 0.999343
95903: 0.999343
95904: 0.999343
95905: 0.999343
95906: 0.999343
95907: 0.999343
95908: 0.999343
95909: 0.999343
95910: 0.999343
95911: 0.999343
95912: 0.999343
95913: 0.999343
95914: 0.999343
95915: 0.999343
95916: 0.999343
95917: 0.999343
95918: 0.999343
95919: 0.999343
95920: 0.999343
95921: 0.999343
95922: 0.999343
95923: 0.999343
95924: 0.999343
95925: 0.999343
95926: 0.999343
95927: 0.999343
95928: 0.999343
95929: 0.999343
95930: 0.999343
95931: 0.999343
95932: 0.999343
95933: 0.999343
95934: 0.999343
95935: 0.999343
95936: 0.999343
95937: 0.999343
95938: 0.999343
95939: 0.999343
95940: 0.999343
95941: 0.999343
95942: 0.999343
95943: 0.999343
95944: 0.999343
95945: 0.999343
95946: 0.999343
95947: 0.999343
95948: 0.999343
95949: 0.999343
95950: 0.999343
95951: 0.999343
95952: 0.999343
95953: 0.999343
95954: 0.999343
95955: 0.999343
95956: 0.999343
95957: 0.999343
95958: 0.999343
95959: 0.999343
95960: 0.999343
95961: 0.999343
95962: 0.999343
95963: 0.999344
95964: 0.999344
95965: 0.999344
95966: 0.999344
95967: 0.999344
95968: 0.999344
95969: 0.999344
95970: 0.999344
95971: 0.999344
95972: 0.999344
95973: 0.999344
95974: 0.999344
95975: 0.999344
95976: 0.999344
95977: 0.999344
95978: 0.999344
95979: 0.999344
95980: 0.999344
95981: 0.999344
95982: 0.999344
95983: 0.999344
95984: 0.999344
95985: 0.999344
95986: 0.999344
95987: 0.999344
95988: 0.999344
95989: 0.999344
95990: 0.999344
95991: 0.999344
95992: 0.999344
95993: 0.999344
95994: 0.999344
95995: 0.999344
95996: 0.999344
95997: 0.999344
95998: 0.999344
95999: 0.999344
96000: 0.999344
96001: 0.999344
96002: 0.999344
96003: 0.999344
96004: 0.999344
96005: 0.999344
96006: 0.999344
96007: 0.999344
96008: 0.999344
96009: 0.999344
96010: 0.999344
96011: 0.999344
96012: 0.999344
96013: 0.999344
96014: 0.999344
96015: 0.999344
96016: 0.999344
96017: 0.999344
96018: 0.999344
96019: 0.999344
96020: 0.999344
96021: 0.999344
96022: 0.999344
96023: 0.999344
96024: 0.999344
96025: 0.999344
96026: 0.999344
96027: 0.999344
96028: 0.999344
96029: 0.999344
96030: 0.999344
96031: 0.999344
96032: 0.999344
96033: 0.999344
96034: 0.999344
96035: 0.999344
96036: 0.999344
96037: 0.999344
96038: 0.999344
96039: 0.999344
96040: 0.999344
96041: 0.999344
96042: 0.999344
96043: 0.999344
96044: 0.999344
96045: 0.999344
96046: 0.999344
96047: 0.999344
96048: 0.999344
96049: 0.999344
96050: 0.999344
96051: 0.999344
96052: 0.999344
96053: 0.999344
96054: 0.999344
96055: 0.999344
96056: 0.999344
96057: 0.999344
96058: 0.999344
96059: 0.999344
96060: 0.999344
96061: 0.999344
96062: 0.999344
96063: 0.999344
96064: 0.999344
96065: 0.999344
96066: 0.999344
96067: 0.999344
96068: 0.999344
96069: 0.999344
96070: 0.999344
96071: 0.999344
96072: 0.999344
96073: 0.999344
96074: 0.999344
96075: 0.999344
96076: 0.999344
96077: 0.999344
96078: 0.999344
96079: 0.999344
96080: 0.999344
96081: 0.999344
96082: 0.999344
96083: 0.999344
96084: 0.999344
96085: 0.999344
96086: 0.999344
96087: 0.999344
96088: 0.999344
96089: 0.999344
96090: 0.999344
96091: 0.999344
96092: 0.999344
96093: 0.999344
96094: 0.999344
96095: 0.999344
96096: 0.999344
96097: 0.999344
96098: 0.999344
96099: 0.999344
96100: 0.999344
96101: 0.999344
96102: 0.999344
96103: 0.999344
96104: 0.999344
96105: 0.999344
96106: 0.999344
96107: 0.999344
96108: 0.999344
96109: 0.999345
96110: 0.999345
96111: 0.999345
96112: 0.999345
96113: 0.999345
96114: 0.999345
96115: 0.999345
96116: 0.999345
96117: 0.999345
96118: 0.999345
96119: 0.999345
96120: 0.999345
96121: 0.999345
96122: 0.999345
96123: 0.999345
96124: 0.999345
96125: 0.999345
96126: 0.999345
96127: 0.999345
96128: 0.999345
96129: 0.999345
96130: 0.999345
96131: 0.999345
96132: 0.999345
96133: 0.999345
96134: 0.999345
96135: 0.999345
96136: 0.999345
96137: 0.999345
96138: 0.999345
96139: 0.999345
96140: 0.999345
96141: 0.999345
96142: 0.999345
96143: 0.999345
96144: 0.999345
96145: 0.999345
96146: 0.999345
96147: 0.999345
96148: 0.999345
96149: 0.999345
96150: 0.999345
96151: 0.999345
96152: 0.999345
96153: 0.999345
96154: 0.999345
96155: 0.999345
96156: 0.999345
96157: 0.999345
96158: 0.999345
96159: 0.999345
96160: 0.999345
96161: 0.999345
96162: 0.999345
96163: 0.999345
96164: 0.999345
96165: 0.999345
96166: 0.999345
96167: 0.999345
96168: 0.999345
96169: 0.999345
96170: 0.999345
96171: 0.999345
96172: 0.999345
96173: 0.999345
96174: 0.999345
96175: 0.999345
96176: 0.999345
96177: 0.999345
96178: 0.999345
96179: 0.999345
96180: 0.999345
96181: 0.999345
96182: 0.999345
96183: 0.999345
96184: 0.999345
96185: 0.999345
96186: 0.999345
96187: 0.999345
96188: 0.999345
96189: 0.999345
96190: 0.999345
96191: 0.999345
96192: 0.999345
96193: 0.999345
96194: 0.999345
96195: 0.999345
96196: 0.999345
96197: 0.999345
96198: 0.999345
96199: 0.999345
96200: 0.999345
96201: 0.999345
96202: 0.999345
96203: 0.999345
96204: 0.999345
96205: 0.999345
96206: 0.999345
96207: 0.999345
96208: 0.999345
96209: 0.999345
96210: 0.999345
96211: 0.999345
96212: 0.999345
96213: 0.999345
96214: 0.999345
96215: 0.999345
96216: 0.999345
96217: 0.999345
96218: 0.999345
96219: 0.999345
96220: 0.999345
96221: 0.999345
96222: 0.999345
96223: 0.999345
96224: 0.999345
96225: 0.999345
96226: 0.999345
96227: 0.999345
96228: 0.999345
96229: 0.999345
96230: 0.999345
96231: 0.999345
96232: 0.999345
96233: 0.999345
96234: 0.999345
96235: 0.999345
96236: 0.999345
96237: 0.999345
96238: 0.999345
96239: 0.999345
96240: 0.999345
96241: 0.999345
96242: 0.999345
96243: 0.999345
96244: 0.999345
96245: 0.999345
96246: 0.999345
96247: 0.999345
96248: 0.999345
96249: 0.999345
96250: 0.999345
96251: 0.999345
96252: 0.999345
96253: 0.999345
96254: 0.999345
96255: 0.999345
96256: 0.999346
96257: 0.999346
96258: 0.999346
96259: 0.999346
96260: 0.999346
96261: 0.999346
96262: 0.999346
96263: 0.999346
96264: 0.999346
96265: 0.999346
96266: 0.999346
96267: 0.999346
96268: 0.999346
96269: 0.999346
96270: 0.999346
96271: 0.999346
96272: 0.999346
96273: 0.999346
96274: 0.999346
96275: 0.999346
96276: 0.999346
96277: 0.999346
96278: 0.999346
96279: 0.999346
96280: 0.999346
96281: 0.999346
96282: 0.999346
96283: 0.999346
96284: 0.999346
96285: 0.999346
96286: 0.999346
96287: 0.999346
96288: 0.999346
96289: 0.999346
96290: 0.999346
96291: 0.999346
96292: 0.999346
96293: 0.999346
96294: 0.999346
96295: 0.999346
96296: 0.999346
96297: 0.999346
96298: 0.999346
96299: 0.999346
96300: 0.999346
96301: 0.999346
96302: 0.999346
96303: 0.999346
96304: 0.999346
96305: 0.999346
96306: 0.999346
96307: 0.999346
96308: 0.999346
96309: 0.999346
96310: 0.999346
96311: 0.999346
96312: 0.999346
96313: 0.999346
96314: 0.999346
96315: 0.999346
96316: 0.999346
96317: 0.999346
96318: 0.999346
96319: 0.999346
96320: 0.999346
96321: 0.999346
96322: 0.999346
96323: 0.999346
96324: 0.999346
96325: 0.999346
96326: 0.999346
96327: 0.999346
96328: 0.999346
96329: 0.999346
96330: 0.999346
96331: 0.999346
96332: 0.999346
96333: 0.999346
96334: 0.999346
96335: 0.999346
96336: 0.999346
96337: 0.999346
96338: 0.999346
96339: 0.999346
96340: 0.999346
96341: 0.999346
96342: 0.999346
96343: 0.999346
96344: 0.999346
96345: 0.999346
96346: 0.999346
96347: 0.999346
96348: 0.999346
96349: 0.999346
96350: 0.999346
96351: 0.999346
96352: 0.999346
96353: 0.999346
96354: 0.999346
96355: 0.999346
96356: 0.999346
96357: 0.999346
96358: 0.999346
96359: 0.999346
96360: 0.999346
96361: 0.999346
96362: 0.999346
96363: 0.999346
96364: 0.999346
96365: 0.999346
96366: 0.999346
96367: 0.999346
96368: 0.999346
96369: 0.999346
96370: 0.999346
96371: 0.999346
96372: 0.999346
96373: 0.999346
96374: 0.999346
96375: 0.999346
96376: 0.999346
96377: 0.999346
96378: 0.999346
96379: 0.999346
96380: 0.999346
96381: 0.999346
96382: 0.999346
96383: 0.999346
96384: 0.999346
96385: 0.999346
96386: 0.999346
96387: 0.999346
96388: 0.999346
96389: 0.999346
96390: 0.999346
96391: 0.999346
96392: 0.999346
96393: 0.999346
96394: 0.999346
96395: 0.999346
96396: 0.999346
96397: 0.999346
96398: 0.999346
96399: 0.999346
96400: 0.999346
96401: 0.999346
96402: 0.999346
96403: 0.999347
96404: 0.999347
96405: 0.999347
96406: 0.999347
96407: 0.999347
96408: 0.999347
96409: 0.999347
96410: 0.999347
96411: 0.999347
96412: 0.999347
96413: 0.999347
96414: 0.999347
96415: 0.999347
96416: 0.999347
96417: 0.999347
96418: 0.999347
96419: 0.999347
96420: 0.999347
96421: 0.999347
96422: 0.999347
96423: 0.999347
96424: 0.999347
96425: 0.999347
96426: 0.999347
96427: 0.999347
96428: 0.999347
96429: 0.999347
96430: 0.999347
96431: 0.999347
96432: 0.999347
96433: 0.999347
96434: 0.999347
96435: 0.999347
96436: 0.999347
96437: 0.999347
96438: 0.999347
96439: 0.999347
96440: 0.999347
96441: 0.999347
96442: 0.999347
96443: 0.999347
96444: 0.999347
96445: 0.999347
96446: 0.999347
96447: 0.999347
96448: 0.999347
96449: 0.999347
96450: 0.999347
96451: 0.999347
96452: 0.999347
96453: 0.999347
96454: 0.999347
96455: 0.999347
96456: 0.999347
96457: 0.999347
96458: 0.999347
96459: 0.999347
96460: 0.999347
96461: 0.999347
96462: 0.999347
96463: 0.999347
96464: 0.999347
96465: 0.999347
96466: 0.999347
96467: 0.999347
96468: 0.999347
96469: 0.999347
96470: 0.999347
96471: 0.999347
96472: 0.999347
96473: 0.999347
96474: 0.999347
96475: 0.999347
96476: 0.999347
96477: 0.999347
96478: 0.999347
96479: 0.999347
96480: 0.999347
96481: 0.999347
96482: 0.999347
96483: 0.999347
96484: 0.999347
96485: 0.999347
96486: 0.999347
96487: 0.999347
96488: 0.999347
96489: 0.999347
96490: 0.999347
96491: 0.999347
96492: 0.999347
96493: 0.999347
96494: 0.999347
96495: 0.999347
96496: 0.999347
96497: 0.999347
96498: 0.999347
96499: 0.999347
96500: 0.999347
96501: 0.999347
96502: 0.999347
96503: 0.999347
96504: 0.999347
96505: 0.999347
96506: 0.999347
96507: 0.999347
96508: 0.999347
96509: 0.999347
96510: 0.999347
96511: 0.999347
96512: 0.999347
96513: 0.999347
96514: 0.999347
96515: 0.999347
96516: 0.999347
96517: 0.999347
96518: 0.999347
96519: 0.999347
96520: 0.999347
96521: 0.999347
96522: 0.999347
96523: 0.999347
96524: 0.999347
96525: 0.999347
96526: 0.999347
96527: 0.999347
96528: 0.999347
96529: 0.999347
96530: 0.999347
96531: 0.999347
96532: 0.999347
96533: 0.999347
96534: 0.999347
96535: 0.999347
96536: 0.999347
96537: 0.999347
96538: 0.999347
96539: 0.999347
96540: 0.999347
96541: 0.999347
96542: 0.999347
96543: 0.999347
96544: 0.999347
96545: 0.999347
96546: 0.999347
96547: 0.999347
96548: 0.999347
96549: 0.999347
96550: 0.999347
96551: 0.999348
96552: 0.999348
96553: 0.999348
96554: 0.999348
96555: 0.999348
96556: 0.999348
96557: 0.999348
96558: 0.999348
96559: 0.999348
96560: 0.999348
96561: 0.999348
96562: 0.999348
96563: 0.999348
96564: 0.999348
96565: 0.999348
96566: 0.999348
96567: 0.999348
96568: 0.999348
96569: 0.999348
96570: 0.999348
96571: 0.999348
96572: 0.999348
96573: 0.999348
96574: 0.999348
96575: 0.999348
96576: 0.999348
96577: 0.999348
96578: 0.999348
96579: 0.999348
96580: 0.999348
96581: 0.999348
96582: 0.999348
96583: 0.999348
96584: 0.999348
96585: 0.999348
96586: 0.999348
96587: 0.999348
96588: 0.999348
96589: 0.999348
96590: 0.999348
96591: 0.999348
96592: 0.999348
96593: 0.999348
96594: 0.999348
96595: 0.999348
96596: 0.999348
96597: 0.999348
96598: 0.999348
96599: 0.999348
96600: 0.999348
96601: 0.999348
96602: 0.999348
96603: 0.999348
96604: 0.999348
96605: 0.999348
96606: 0.999348
96607: 0.999348
96608: 0.999348
96609: 0.999348
96610: 0.999348
96611: 0.999348
96612: 0.999348
96613: 0.999348
96614: 0.999348
96615: 0.999348
96616: 0.999348
96617: 0.999348
96618: 0.999348
96619: 0.999348
96620: 0.999348
96621: 0.999348
96622: 0.999348
96623: 0.999348
96624: 0.999348
96625: 0.999348
96626: 0.999348
96627: 0.999348
96628: 0.999348
96629: 0.999348
96630: 0.999348
96631: 0.999348
96632: 0.999348
96633: 0.999348
96634: 0.999348
96635: 0.999348
96636: 0.999348
96637: 0.999348
96638: 0.999348
96639: 0.999348
96640: 0.999348
96641: 0.999348
96642: 0.999348
96643: 0.999348
96644: 0.999348
96645: 0.999348
96646: 0.999348
96647: 0.999348
96648: 0.999348
96649: 0.999348
96650: 0.999348
96651: 0.999348
96652: 0.999348
96653: 0.999348
96654: 0.999348
96655: 0.999348
96656: 0.999348
96657: 0.999348
96658: 0.999348
96659: 0.999348
96660: 0.999348
96661: 0.999348
96662: 0.999348
96663: 0.999348
96664: 0.999348
96665: 0.999348
96666: 0.999348
96667: 0.999348
96668: 0.999348
96669: 0.999348
96670: 0.999348
96671: 0.999348
96672: 0.999348
96673: 0.999348
96674: 0.999348
96675: 0.999348
96676: 0.999348
96677: 0.999348
96678: 0.999348
96679: 0.999348
96680: 0.999348
96681: 0.999348
96682: 0.999348
96683: 0.999348
96684: 0.999348
96685: 0.999348
96686: 0.999348
96687: 0.999348
96688: 0.999348
96689: 0.999348
96690: 0.999348
96691: 0.999348
96692: 0.999348
96693: 0.999348
96694: 0.999348
96695: 0.999348
96696: 0.999348
96697: 0.999348
96698: 0.999348
96699: 0.999349
96700: 0.999349
96701: 0.999349
96702: 0.999349
96703: 0.999349
96704: 0.999349
96705: 0.999349
96706: 0.999349
96707: 0.999349
96708: 0.999349
96709: 0.999349
96710: 0.999349
96711: 0.999349
96712: 0.999349
96713: 0.999349
96714: 0.999349
96715: 0.999349
96716: 0.999349
96717: 0.999349
96718: 0.999349
96719: 0.999349
96720: 0.999349
96721: 0.999349
96722: 0.999349
96723: 0.999349
96724: 0.999349
96725: 0.999349
96726: 0.999349
96727: 0.999349
96728: 0.999349
96729: 0.999349
96730: 0.999349
96731: 0.999349
96732: 0.999349
96733: 0.999349
96734: 0.999349
96735: 0.999349
96736: 0.999349
96737: 0.999349
96738: 0.999349
96739: 0.999349
96740: 0.999349
96741: 0.999349
96742: 0.999349
96743: 0.999349
96744: 0.999349
96745: 0.999349
96746: 0.999349
96747: 0.999349
96748: 0.999349
96749: 0.999349
96750: 0.999349
96751: 0.999349
96752: 0.999349
96753: 0.999349
96754: 0.999349
96755: 0.999349
96756: 0.999349
96757: 0.999349
96758: 0.999349
96759: 0.999349
96760: 0.999349
96761: 0.999349
96762: 0.999349
96763: 0.999349
96764: 0.999349
96765: 0.999349
96766: 0.999349
96767: 0.999349
96768: 0.999349
96769: 0.999349
96770: 0.999349
96771: 0.999349
96772: 0.999349
96773: 0.999349
96774: 0.999349
96775: 0.999349
96776: 0.999349
96777: 0.999349
96778: 0.999349
96779: 0.999349
96780: 0.999349
96781: 0.999349
96782: 0.999349
96783: 0.999349
96784: 0.999349
96785: 0.999349
96786: 0.999349
96787: 0.999349
96788: 0.999349
96789: 0.999349
96790: 0.999349
96791: 0.999349
96792: 0.999349
96793: 0.999349
96794: 0.999349
96795: 0.999349
96796: 0.999349
96797: 0.999349
96798: 0.999349
96799: 0.999349
96800: 0.999349
96801: 0.999349
96802: 0.999349
96803: 0.999349
96804: 0.999349
96805: 0.999349
96806: 0.999349
96807: 0.999349
96808: 0.999349
96809: 0.999349
96810: 0.999349
96811: 0.999349
96812: 0.999349
96813: 0.999349
96814: 0.999349
96815: 0.999349
96816: 0.999349
96817: 0.999349
96818: 0.999349
96819: 0.999349
96820: 0.999349
96821: 0.999349
96822: 0.999349
96823: 0.999349
96824: 0.999349
96825: 0.999349
96826: 0.999349
96827: 0.999349
96828: 0.999349
96829: 0.999349
96830: 0.999349
96831: 0.999349
96832: 0.999349
96833: 0.999349
96834: 0.999349
96835: 0.999349
96836: 0.999349
96837: 0.999349
96838: 0.999349
96839: 0.999349
96840: 0.999349
96841: 0.999349
96842: 0.999349
96843: 0.999349
96844: 0.999349
96845: 0.999349
96846: 0.999349
96847: 0.999349
96848: 0.99935
96849: 0.99935
96850: 0.99935
96851: 0.99935
96852: 0.99935
96853: 0.99935
96854: 0.99935
96855: 0.99935
96856: 0.99935
96857: 0.99935
96858: 0.99935
96859: 0.99935
96860: 0.99935
96861: 0.99935
96862: 0.99935
96863: 0.99935
96864: 0.99935
96865: 0.99935
96866: 0.99935
96867: 0.99935
96868: 0.99935
96869: 0.99935
96870: 0.99935
96871: 0.99935
96872: 0.99935
96873: 0.99935
96874: 0.99935
96875: 0.99935
96876: 0.99935
96877: 0.99935
96878: 0.99935
96879: 0.99935
96880: 0.99935
96881: 0.99935
96882: 0.99935
96883: 0.99935
96884: 0.99935
96885: 0.99935
96886: 0.99935
96887: 0.99935
96888: 0.99935
96889: 0.99935
96890: 0.99935
96891: 0.99935
96892: 0.99935
96893: 0.99935
96894: 0.99935
96895: 0.99935
96896: 0.99935
96897: 0.99935
96898: 0.99935
96899: 0.99935
96900: 0.99935
96901: 0.99935
96902: 0.99935
96903: 0.99935
96904: 0.99935
96905: 0.99935
96906: 0.99935
96907: 0.99935
96908: 0.99935
96909: 0.99935
96910: 0.99935
96911: 0.99935
96912: 0.99935
96913: 0.99935
96914: 0.99935
96915: 0.99935
96916: 0.99935
96917: 0.99935
96918: 0.99935
96919: 0.99935
96920: 0.99935
96921: 0.99935
96922: 0.99935
96923: 0.99935
96924: 0.99935
96925: 0.99935
96926: 0.99935
96927: 0.99935
96928: 0.99935
96929: 0.99935
96930: 0.99935
96931: 0.99935
96932: 0.99935
96933: 0.99935
96934: 0.99935
96935: 0.99935
96936: 0.99935
96937: 0.99935
96938: 0.99935
96939: 0.99935
96940: 0.99935
96941: 0.99935
96942: 0.99935
96943: 0.99935
96944: 0.99935
96945: 0.99935
96946: 0.99935
96947: 0.99935
96948: 0.99935
96949: 0.99935
96950: 0.99935
96951: 0.99935
96952: 0.99935
96953: 0.99935
96954: 0.99935
96955: 0.99935
96956: 0.99935
96957: 0.99935
96958: 0.99935
96959: 0.99935
96960: 0.99935
96961: 0.99935
96962: 0.99935
96963: 0.99935
96964: 0.99935
96965: 0.99935
96966: 0.99935
96967: 0.99935
96968: 0.99935
96969: 0.99935
96970: 0.99935
96971: 0.99935
96972: 0.99935
96973: 0.99935
96974: 0.99935
96975: 0.99935
96976: 0.99935
96977: 0.99935
96978: 0.99935
96979: 0.99935
96980: 0.99935
96981: 0.99935
96982: 0.99935
96983: 0.99935
96984: 0.99935
96985: 0.99935
96986: 0.99935
96987: 0.99935
96988: 0.99935
96989: 0.99935
96990: 0.99935
96991: 0.99935
96992: 0.99935
96993: 0.99935
96994: 0.99935
96995: 0.99935
96996: 0.99935
96997: 0.999351
96998: 0.999351
96999: 0.999351
97000: 0.999351
97001: 0.999351
97002: 0.999351
97003: 0.999351
97004: 0.999351
97005: 0.999351
97006: 0.999351
97007: 0.999351
97008: 0.999351
97009: 0.999351
97010: 0.999351
97011: 0.999351
97012: 0.999351
97013: 0.999351
97014: 0.999351
97015: 0.999351
97016: 0.999351
97017: 0.999351
97018: 0.999351
97019: 0.999351
97020: 0.999351
97021: 0.999351
97022: 0.999351
97023: 0.999351
97024: 0.999351
97025: 0.999351
97026: 0.999351
97027: 0.999351
97028: 0.999351
97029: 0.999351
97030: 0.999351
97031: 0.999351
97032: 0.999351
97033: 0.999351
97034: 0.999351
97035: 0.999351
97036: 0.999351
97037: 0.999351
97038: 0.999351
97039: 0.999351
97040: 0.999351
97041: 0.999351
97042: 0.999351
97043: 0.999351
97044: 0.999351
97045: 0.999351
97046: 0.999351
97047: 0.999351
97048: 0.999351
97049: 0.999351
97050: 0.999351
97051: 0.999351
97052: 0.999351
97053: 0.999351
97054: 0.999351
97055: 0.999351
97056: 0.999351
97057: 0.999351
97058: 0.999351
97059: 0.999351
97060: 0.999351
97061: 0.999351
97062: 0.999351
97063: 0.999351
97064: 0.999351
97065: 0.999351
97066: 0.999351
97067: 0.999351
97068: 0.999351
97069: 0.999351
97070: 0.999351
97071: 0.999351
97072: 0.999351
97073: 0.999351
97074: 0.999351
97075: 0.999351
97076: 0.999351
97077: 0.999351
97078: 0.999351
97079: 0.999351
97080: 0.999351
97081: 0.999351
97082: 0.999351
97083: 0.999351
97084: 0.999351
97085: 0.999351
97086: 0.999351
97087: 0.999351
97088: 0.999351
97089: 0.999351
97090: 0.999351
97091: 0.999351
97092: 0.999351
97093: 0.999351
97094: 0.999351
97095: 0.999351
97096: 0.999351
97097: 0.999351
97098: 0.999351
97099: 0.999351
97100: 0.999351
97101: 0.999351
97102: 0.999351
97103: 0.999351
97104: 0.999351
97105: 0.999351
97106: 0.999351
97107: 0.999351
97108: 0.999351
97109: 0.999351
97110: 0.999351
97111: 0.999351
97112: 0.999351
97113: 0.999351
97114: 0.999351
97115: 0.999351
97116: 0.999351
97117: 0.999351
97118: 0.999351
97119: 0.999351
97120: 0.999351
97121: 0.999351
97122: 0.999351
97123: 0.999351
97124: 0.999351
97125: 0.999351
97126: 0.999351
97127: 0.999351
97128: 0.999351
97129: 0.999351
97130: 0.999351
97131: 0.999351
97132: 0.999351
97133: 0.999351
97134: 0.999351
97135: 0.999351
97136: 0.999351
97137: 0.999351
97138: 0.999351
97139: 0.999351
97140: 0.999351
97141: 0.999351
97142: 0.999351
97143: 0.999351
97144: 0.999351
97145: 0.999351
97146: 0.999351
97147: 0.999352
97148: 0.999352
97149: 0.999352
97150: 0.999352
97151: 0.999352
97152: 0.999352
97153: 0.999352
97154: 0.999352
97155: 0.999352
97156: 0.999352
97157: 0.999352
97158: 0.999352
97159: 0.999352
97160: 0.999352
97161: 0.999352
97162: 0.999352
97163: 0.999352
97164: 0.999352
97165: 0.999352
97166: 0.999352
97167: 0.999352
97168: 0.999352
97169: 0.999352
97170: 0.999352
97171: 0.999352
97172: 0.999352
97173: 0.999352
97174: 0.999352
97175: 0.999352
97176: 0.999352
97177: 0.999352
97178: 0.999352
97179: 0.999352
97180: 0.999352
97181: 0.999352
97182: 0.999352
97183: 0.999352
97184: 0.999352
97185: 0.999352
97186: 0.999352
97187: 0.999352
97188: 0.999352
97189: 0.999352
97190: 0.999352
97191: 0.999352
97192: 0.999352
97193: 0.999352
97194: 0.999352
97195: 0.999352
97196: 0.999352
97197: 0.999352
97198: 0.999352
97199: 0.999352
97200: 0.999352
97201: 0.999352
97202: 0.999352
97203: 0.999352
97204: 0.999352
97205: 0.999352
97206: 0.999352
97207: 0.999352
97208: 0.999352
97209: 0.999352
97210: 0.999352
97211: 0.999352
97212: 0.999352
97213: 0.999352
97214: 0.999352
97215: 0.999352
97216: 0.999352
97217: 0.999352
97218: 0.999352
97219: 0.999352
97220: 0.999352
97221: 0.999352
97222: 0.999352
97223: 0.999352
97224: 0.999352
97225: 0.999352
97226: 0.999352
97227: 0.999352
97228: 0.999352
97229: 0.999352
97230: 0.999352
97231: 0.999352
97232: 0.999352
97233: 0.999352
97234: 0.999352
97235: 0.999352
97236: 0.999352
97237: 0.999352
97238: 0.999352
97239: 0.999352
97240: 0.999352
97241: 0.999352
97242: 0.999352
97243: 0.999352
97244: 0.999352
97245: 0.999352
97246: 0.999352
97247: 0.999352
97248: 0.999352
97249: 0.999352
97250: 0.999352
97251: 0.999352
97252: 0.999352
97253: 0.999352
97254: 0.999352
97255: 0.999352
97256: 0.999352
97257: 0.999352
97258: 0.999352
97259: 0.999352
97260: 0.999352
97261: 0.999352
97262: 0.999352
97263: 0.999352
97264: 0.999352
97265: 0.999352
97266: 0.999352
97267: 0.999352
97268: 0.999352
97269: 0.999352
97270: 0.999352
97271: 0.999352
97272: 0.999352
97273: 0.999352
97274: 0.999352
97275: 0.999352
97276: 0.999352
97277: 0.999352
97278: 0.999352
97279: 0.999352
97280: 0.999352
97281: 0.999352
97282: 0.999352
97283: 0.999352
97284: 0.999352
97285: 0.999352
97286: 0.999352
97287: 0.999352
97288: 0.999352
97289: 0.999352
97290: 0.999352
97291: 0.999352
97292: 0.999352
97293: 0.999352
97294: 0.999352
97295: 0.999352
97296: 0.999352
97297: 0.999353
97298: 0.999353
97299: 0.999353
97300: 0.999353
97301: 0.999353
97302: 0.999353
97303: 0.999353
97304: 0.999353
97305: 0.999353
97306: 0.999353
97307: 0.999353
97308: 0.999353
97309: 0.999353
97310: 0.999353
97311: 0.999353
97312: 0.999353
97313: 0.999353
97314: 0.999353
97315: 0.999353
97316: 0.999353
97317: 0.999353
97318: 0.999353
97319: 0.999353
97320: 0.999353
97321: 0.999353
97322: 0.999353
97323: 0.999353
97324: 0.999353
97325: 0.999353
97326: 0.999353
97327: 0.999353
97328: 0.999353
97329: 0.999353
97330: 0.999353
97331: 0.999353
97332: 0.999353
97333: 0.999353
97334: 0.999353
97335: 0.999353
97336: 0.999353
97337: 0.999353
97338: 0.999353
97339: 0.999353
97340: 0.999353
97341: 0.999353
97342: 0.999353
97343: 0.999353
97344: 0.999353
97345: 0.999353
97346: 0.999353
97347: 0.999353
97348: 0.999353
97349: 0.999353
97350: 0.999353
97351: 0.999353
97352: 0.999353
97353: 0.999353
97354: 0.999353
97355: 0.999353
97356: 0.999353
97357: 0.999353
97358: 0.999353
97359: 0.999353
97360: 0.999353
97361: 0.999353
97362: 0.999353
97363: 0.999353
97364: 0.999353
97365: 0.999353
97366: 0.999353
97367: 0.999353
97368: 0.999353
97369: 0.999353
97370: 0.999353
97371: 0.999353
97372: 0.999353
97373: 0.999353
97374: 0.999353
97375: 0.999353
97376: 0.999353
97377: 0.999353
97378: 0.999353
97379: 0.999353
97380: 0.999353
97381: 0.999353
97382: 0.999353
97383: 0.999353
97384: 0.999353
97385: 0.999353
97386: 0.999353
97387: 0.999353
97388: 0.999353
97389: 0.999353
97390: 0.999353
97391: 0.999353
97392: 0.999353
97393: 0.999353
97394: 0.999353
97395: 0.999353
97396: 0.999353
97397: 0.999353
97398: 0.999353
97399: 0.999353
97400: 0.999353
97401: 0.999353
97402: 0.999353
97403: 0.999353
97404: 0.999353
97405: 0.999353
97406: 0.999353
97407: 0.999353
97408: 0.999353
97409: 0.999353
97410: 0.999353
97411: 0.999353
97412: 0.999353
97413: 0.999353
97414: 0.999353
97415: 0.999353
97416: 0.999353
97417: 0.999353
97418: 0.999353
97419: 0.999353
97420: 0.999353
97421: 0.999353
97422: 0.999353
97423: 0.999353
97424: 0.999353
97425: 0.999353
97426: 0.999353
97427: 0.999353
97428: 0.999353
97429: 0.999353
97430: 0.999353
97431: 0.999353
97432: 0.999353
97433: 0.999353
97434: 0.999353
97435: 0.999353
97436: 0.999353
97437: 0.999353
97438: 0.999353
97439: 0.999353
97440: 0.999353
97441: 0.999353
97442: 0.999353
97443: 0.999353
97444: 0.999353
97445: 0.999353
97446: 0.999353
97447: 0.999354
97448: 0.999354
97449: 0.999354
97450: 0.999354
97451: 0.999354
97452: 0.999354
97453: 0.999354
97454: 0.999354
97455: 0.999354
97456: 0.999354
97457: 0.999354
97458: 0.999354
97459: 0.999354
97460: 0.999354
97461: 0.999354
97462: 0.999354
97463: 0.999354
97464: 0.999354
97465: 0.999354
97466: 0.999354
97467: 0.999354
97468: 0.999354
97469: 0.999354
97470: 0.999354
97471: 0.999354
97472: 0.999354
97473: 0.999354
97474: 0.999354
97475: 0.999354
97476: 0.999354
97477: 0.999354
97478: 0.999354
97479: 0.999354
97480: 0.999354
97481: 0.999354
97482: 0.999354
97483: 0.999354
97484: 0.999354
97485: 0.999354
97486: 0.999354
97487: 0.999354
97488: 0.999354
97489: 0.999354
97490: 0.999354
97491: 0.999354
97492: 0.999354
97493: 0.999354
97494: 0.999354
97495: 0.999354
97496: 0.999354
97497: 0.999354
97498: 0.999354
97499: 0.999354
97500: 0.999354
97501: 0.999354
97502: 0.999354
97503: 0.999354
97504: 0.999354
97505: 0.999354
97506: 0.999354
97507: 0.999354
97508: 0.999354
97509: 0.999354
97510: 0.999354
97511: 0.999354
97512: 0.999354
97513: 0.999354
97514: 0.999354
97515: 0.999354
97516: 0.999354
97517: 0.999354
97518: 0.999354
97519: 0.999354
97520: 0.999354
97521: 0.999354
97522: 0.999354
97523: 0.999354
97524: 0.999354
97525: 0.999354
97526: 0.999354
97527: 0.999354
97528: 0.999354
97529: 0.999354
97530: 0.999354
97531: 0.999354
97532: 0.999354
97533: 0.999354
97534: 0.999354
97535: 0.999354
97536: 0.999354
97537: 0.999354
97538: 0.999354
97539: 0.999354
97540: 0.999354
97541: 0.999354
97542: 0.999354
97543: 0.999354
97544: 0.999354
97545: 0.999354
97546: 0.999354
97547: 0.999354
97548: 0.999354
97549: 0.999354
97550: 0.999354
97551: 0.999354
97552: 0.999354
97553: 0.999354
97554: 0.999354
97555: 0.999354
97556: 0.999354
97557: 0.999354
97558: 0.999354
97559: 0.999354
97560: 0.999354
97561: 0.999354
97562: 0.999354
97563: 0.999354
97564: 0.999354
97565: 0.999354
97566: 0.999354
97567: 0.999354
97568: 0.999354
97569: 0.999354
97570: 0.999354
97571: 0.999354
97572: 0.999354
97573: 0.999354
97574: 0.999354
97575: 0.999354
97576: 0.999354
97577: 0.999354
97578: 0.999354
97579: 0.999354
97580: 0.999354
97581: 0.999354
97582: 0.999354
97583: 0.999354
97584: 0.999354
97585: 0.999354
97586: 0.999354
97587: 0.999354
97588: 0.999354
97589: 0.999354
97590: 0.999354
97591: 0.999354
97592: 0.999354
97593: 0.999354
97594: 0.999354
97595: 0.999354
97596: 0.999354
97597: 0.999354
97598: 0.999355
97599: 0.999355
97600: 0.999355
97601: 0.999355
97602: 0.999355
97603: 0.999355
97604: 0.999355
97605: 0.999355
97606: 0.999355
97607: 0.999355
97608: 0.999355
97609: 0.999355
97610: 0.999355
97611: 0.999355
97612: 0.999355
97613: 0.999355
97614: 0.999355
97615: 0.999355
97616: 0.999355
97617: 0.999355
97618: 0.999355
97619: 0.999355
97620: 0.999355
97621: 0.999355
97622: 0.999355
97623: 0.999355
97624: 0.999355
97625: 0.999355
97626: 0.999355
97627: 0.999355
97628: 0.999355
97629: 0.999355
97630: 0.999355
97631: 0.999355
97632: 0.999355
97633: 0.999355
97634: 0.999355
97635: 0.999355
97636: 0.999355
97637: 0.999355
97638: 0.999355
97639: 0.999355
97640: 0.999355
97641: 0.999355
97642: 0.999355
97643: 0.999355
97644: 0.999355
97645: 0.999355
97646: 0.999355
97647: 0.999355
97648: 0.999355
97649: 0.999355
97650: 0.999355
97651: 0.999355
97652: 0.999355
97653: 0.999355
97654: 0.999355
97655: 0.999355
97656: 0.999355
97657: 0.999355
97658: 0.999355
97659: 0.999355
97660: 0.999355
97661: 0.999355
97662: 0.999355
97663: 0.999355
97664: 0.999355
97665: 0.999355
97666: 0.999355
97667: 0.999355
97668: 0.999355
97669: 0.999355
97670: 0.999355
97671: 0.999355
97672: 0.999355
97673: 0.999355
97674: 0.999355
97675: 0.999355
97676: 0.999355
97677: 0.999355
97678: 0.999355
97679: 0.999355
97680: 0.999355
97681: 0.999355
97682: 0.999355
97683: 0.999355
97684: 0.999355
97685: 0.999355
97686: 0.999355
97687: 0.999355
97688: 0.999355
97689: 0.999355
97690: 0.999355
97691: 0.999355
97692: 0.999355
97693: 0.999355
97694: 0.999355
97695: 0.999355
97696: 0.999355
97697: 0.999355
97698: 0.999355
97699: 0.999355
97700: 0.999355
97701: 0.999355
97702: 0.999355
97703: 0.999355
97704: 0.999355
97705: 0.999355
97706: 0.999355
97707: 0.999355
97708: 0.999355
97709: 0.999355
97710: 0.999355
97711: 0.999355
97712: 0.999355
97713: 0.999355
97714: 0.999355
97715: 0.999355
97716: 0.999355
97717: 0.999355
97718: 0.999355
97719: 0.999355
97720: 0.999355
97721: 0.999355
97722: 0.999355
97723: 0.999355
97724: 0.999355
97725: 0.999355
97726: 0.999355
97727: 0.999355
97728: 0.999355
97729: 0.999355
97730: 0.999355
97731: 0.999355
97732: 0.999355
97733: 0.999355
97734: 0.999355
97735: 0.999355
97736: 0.999355
97737: 0.999355
97738: 0.999355
97739: 0.999355
97740: 0.999355
97741: 0.999355
97742: 0.999355
97743: 0.999355
97744: 0.999355
97745: 0.999355
97746: 0.999355
97747: 0.999355
97748: 0.999355
97749: 0.999355
97750: 0.999356
97751: 0.999356
97752: 0.999356
97753: 0.999356
97754: 0.999356
97755: 0.999356
97756: 0.999356
97757: 0.999356
97758: 0.999356
97759: 0.999356
97760: 0.999356
97761: 0.999356
97762: 0.999356
97763: 0.999356
97764: 0.999356
97765: 0.999356
97766: 0.999356
97767: 0.999356
97768: 0.999356
97769: 0.999356
97770: 0.999356
97771: 0.999356
97772: 0.999356
97773: 0.999356
97774: 0.999356
97775: 0.999356
97776: 0.999356
97777: 0.999356
97778: 0.999356
97779: 0.999356
97780: 0.999356
97781: 0.999356
97782: 0.999356
97783: 0.999356
97784: 0.999356
97785: 0.999356
97786: 0.999356
97787: 0.999356
97788: 0.999356
97789: 0.999356
97790: 0.999356
97791: 0.999356
97792: 0.999356
97793: 0.999356
97794: 0.999356
97795: 0.999356
97796: 0.999356
97797: 0.999356
97798: 0.999356
97799: 0.999356
97800: 0.999356
97801: 0.999356
97802: 0.999356
97803: 0.999356
97804: 0.999356
97805: 0.999356
97806: 0.999356
97807: 0.999356
97808: 0.999356
97809: 0.999356
97810: 0.999356
97811: 0.999356
97812: 0.999356
97813: 0.999356
97814: 0.999356
97815: 0.999356
97816: 0.999356
97817: 0.999356
97818: 0.999356
97819: 0.999356
97820: 0.999356
97821: 0.999356
97822: 0.999356
97823: 0.999356
97824: 0.999356
97825: 0.999356
97826: 0.999356
97827: 0.999356
97828: 0.999356
97829: 0.999356
97830: 0.999356
97831: 0.999356
97832: 0.999356
97833: 0.999356
97834: 0.999356
97835: 0.999356
97836: 0.999356
97837: 0.999356
97838: 0.999356
97839: 0.999356
97840: 0.999356
97841: 0.999356
97842: 0.999356
97843: 0.999356
97844: 0.999356
97845: 0.999356
97846: 0.999356
97847: 0.999356
97848: 0.999356
97849: 0.999356
97850: 0.999356
97851: 0.999356
97852: 0.999356
97853: 0.999356
97854: 0.999356
97855: 0.999356
97856: 0.999356
97857: 0.999356
97858: 0.999356
97859: 0.999356
97860: 0.999356
97861: 0.999356
97862: 0.999356
97863: 0.999356
97864: 0.999356
97865: 0.999356
97866: 0.999356
97867: 0.999356
97868: 0.999356
97869: 0.999356
97870: 0.999356
97871: 0.999356
97872: 0.999356
97873: 0.999356
97874: 0.999356
97875: 0.999356
97876: 0.999356
97877: 0.999356
97878: 0.999356
97879: 0.999356
97880: 0.999356
97881: 0.999356
97882: 0.999356
97883: 0.999356
97884: 0.999356
97885: 0.999356
97886: 0.999356
97887: 0.999356
97888: 0.999356
97889: 0.999356
97890: 0.999356
97891: 0.999356
97892: 0.999356
97893: 0.999356
97894: 0.999356
97895: 0.999356
97896: 0.999356
97897: 0.999356
97898: 0.999356
97899: 0.999356
97900: 0.999356
97901: 0.999356
97902: 0.999357
97903: 0.999357
97904: 0.999357
97905: 0.999357
97906: 0.999357
97907: 0.999357
97908: 0.999357
97909: 0.999357
97910: 0.999357
97911: 0.999357
97912: 0.999357
97913: 0.999357
97914: 0.999357
97915: 0.999357
97916: 0.999357
97917: 0.999357
97918: 0.999357
97919: 0.999357
97920: 0.999357
97921: 0.999357
97922: 0.999357
97923: 0.999357
97924: 0.999357
97925: 0.999357
97926: 0.999357
97927: 0.999357
97928: 0.999357
97929: 0.999357
97930: 0.999357
97931: 0.999357
97932: 0.999357
97933: 0.999357
97934: 0.999357
97935: 0.999357
97936: 0.999357
97937: 0.999357
97938: 0.999357
97939: 0.999357
97940: 0.999357
97941: 0.999357
97942: 0.999357
97943: 0.999357
97944: 0.999357
97945: 0.999357
97946: 0.999357
97947: 0.999357
97948: 0.999357
97949: 0.999357
97950: 0.999357
97951: 0.999357
97952: 0.999357
97953: 0.999357
97954: 0.999357
97955: 0.999357
97956: 0.999357
97957: 0.999357
97958: 0.999357
97959: 0.999357
97960: 0.999357
97961: 0.999357
97962: 0.999357
97963: 0.999357
97964: 0.999357
97965: 0.999357
97966: 0.999357
97967: 0.999357
97968: 0.999357
97969: 0.999357
97970: 0.999357
97971: 0.999357
97972: 0.999357
97973: 0.999357
97974: 0.999357
97975: 0.999357
97976: 0.999357
97977: 0.999357
97978: 0.999357
97979: 0.999357
97980: 0.999357
97981: 0.999357
97982: 0.999357
97983: 0.999357
97984: 0.999357
97985: 0.999357
97986: 0.999357
97987: 0.999357
97988: 0.999357
97989: 0.999357
97990: 0.999357
97991: 0.999357
97992: 0.999357
97993: 0.999357
97994: 0.999357
97995: 0.999357
97996: 0.999357
97997: 0.999357
97998: 0.999357
97999: 0.999357
98000: 0.999357
98001: 0.999357
98002: 0.999357
98003: 0.999357
98004: 0.999357
98005: 0.999357
98006: 0.999357
98007: 0.999357
98008: 0.999357
98009: 0.999357
98010: 0.999357
98011: 0.999357
98012: 0.999357
98013: 0.999357
98014: 0.999357
98015: 0.999357
98016: 0.999357
98017: 0.999357
98018: 0.999357
98019: 0.999357
98020: 0.999357
98021: 0.999357
98022: 0.999357
98023: 0.999357
98024: 0.999357
98025: 0.999357
98026: 0.999357
98027: 0.999357
98028: 0.999357
98029: 0.999357
98030: 0.999357
98031: 0.999357
98032: 0.999357
98033: 0.999357
98034: 0.999357
98035: 0.999357
98036: 0.999357
98037: 0.999357
98038: 0.999357
98039: 0.999357
98040: 0.999357
98041: 0.999357
98042: 0.999357
98043: 0.999357
98044: 0.999357
98045: 0.999357
98046: 0.999357
98047: 0.999357
98048: 0.999357
98049: 0.999357
98050: 0.999357
98051: 0.999357
98052: 0.999357
98053: 0.999357
98054: 0.999358
98055: 0.999358
98056: 0.999358
98057: 0.999358
98058: 0.999358
98059: 0.999358
98060: 0.999358
98061: 0.999358
98062: 0.999358
98063: 0.999358
98064: 0.999358
98065: 0.999358
98066: 0.999358
98067: 0.999358
98068: 0.999358
98069: 0.999358
98070: 0.999358
98071: 0.999358
98072: 0.999358
98073: 0.999358
98074: 0.999358
98075: 0.999358
98076: 0.999358
98077: 0.999358
98078: 0.999358
98079: 0.999358
98080: 0.999358
98081: 0.999358
98082: 0.999358
98083: 0.999358
98084: 0.999358
98085: 0.999358
98086: 0.999358
98087: 0.999358
98088: 0.999358
98089: 0.999358
98090: 0.999358
98091: 0.999358
98092: 0.999358
98093: 0.999358
98094: 0.999358
98095: 0.999358
98096: 0.999358
98097: 0.999358
98098: 0.999358
98099: 0.999358
98100: 0.999358
98101: 0.999358
98102: 0.999358
98103: 0.999358
98104: 0.999358
98105: 0.999358
98106: 0.999358
98107: 0.999358
98108: 0.999358
98109: 0.999358
98110: 0.999358
98111: 0.999358
98112: 0.999358
98113: 0.999358
98114: 0.999358
98115: 0.999358
98116: 0.999358
98117: 0.999358
98118: 0.999358
98119: 0.999358
98120: 0.999358
98121: 0.999358
98122: 0.999358
98123: 0.999358
98124: 0.999358
98125: 0.999358
98126: 0.999358
98127: 0.999358
98128: 0.999358
98129: 0.999358
98130: 0.999358
98131: 0.999358
98132: 0.999358
98133: 0.999358
98134: 0.999358
98135: 0.999358
98136: 0.999358
98137: 0.999358
98138: 0.999358
98139: 0.999358
98140: 0.999358
98141: 0.999358
98142: 0.999358
98143: 0.999358
98144: 0.999358
98145: 0.999358
98146: 0.999358
98147: 0.999358
98148: 0.999358
98149: 0.999358
98150: 0.999358
98151: 0.999358
98152: 0.999358
98153: 0.999358
98154: 0.999358
98155: 0.999358
98156: 0.999358
98157: 0.999358
98158: 0.999358
98159: 0.999358
98160: 0.999358
98161: 0.999358
98162: 0.999358
98163: 0.999358
98164: 0.999358
98165: 0.999358
98166: 0.999358
98167: 0.999358
98168: 0.999358
98169: 0.999358
98170: 0.999358
98171: 0.999358
98172: 0.999358
98173: 0.999358
98174: 0.999358
98175: 0.999358
98176: 0.999358
98177: 0.999358
98178: 0.999358
98179: 0.999358
98180: 0.999358
98181: 0.999358
98182: 0.999358
98183: 0.999358
98184: 0.999358
98185: 0.999358
98186: 0.999358
98187: 0.999358
98188: 0.999358
98189: 0.999358
98190: 0.999358
98191: 0.999358
98192: 0.999358
98193: 0.999358
98194: 0.999358
98195: 0.999358
98196: 0.999358
98197: 0.999358
98198: 0.999358
98199: 0.999358
98200: 0.999358
98201: 0.999358
98202: 0.999358
98203: 0.999358
98204: 0.999358
98205: 0.999358
98206: 0.999358
98207: 0.999359
98208: 0.999359
98209: 0.999359
98210: 0.999359
98211: 0.999359
98212: 0.999359
98213: 0.999359
98214: 0.999359
98215: 0.999359
98216: 0.999359
98217: 0.999359
98218: 0.999359
98219: 0.999359
98220: 0.999359
98221: 0.999359
98222: 0.999359
98223: 0.999359
98224: 0.999359
98225: 0.999359
98226: 0.999359
98227: 0.999359
98228: 0.999359
98229: 0.999359
98230: 0.999359
98231: 0.999359
98232: 0.999359
98233: 0.999359
98234: 0.999359
98235: 0.999359
98236: 0.999359
98237: 0.999359
98238: 0.999359
98239: 0.999359
98240: 0.999359
98241: 0.999359
98242: 0.999359
98243: 0.999359
98244: 0.999359
98245: 0.999359
98246: 0.999359
98247: 0.999359
98248: 0.999359
98249: 0.999359
98250: 0.999359
98251: 0.999359
98252: 0.999359
98253: 0.999359
98254: 0.999359
98255: 0.999359
98256: 0.999359
98257: 0.999359
98258: 0.999359
98259: 0.999359
98260: 0.999359
98261: 0.999359
98262: 0.999359
98263: 0.999359
98264: 0.999359
98265: 0.999359
98266: 0.999359
98267: 0.999359
98268: 0.999359
98269: 0.999359
98270: 0.999359
98271: 0.999359
98272: 0.999359
98273: 0.999359
98274: 0.999359
98275: 0.999359
98276: 0.999359
98277: 0.999359
98278: 0.999359
98279: 0.999359
98280: 0.999359
98281: 0.999359
98282: 0.999359
98283: 0.999359
98284: 0.999359
98285: 0.999359
98286: 0.999359
98287: 0.999359
98288: 0.999359
98289: 0.999359
98290: 0.999359
98291: 0.999359
98292: 0.999359
98293: 0.999359
98294: 0.999359
98295: 0.999359
98296: 0.999359
98297: 0.999359
98298: 0.999359
98299: 0.999359
98300: 0.999359
98301: 0.999359
98302: 0.999359
98303: 0.999359
98304: 0.999359
98305: 0.999359
98306: 0.999359
98307: 0.999359
98308: 0.999359
98309: 0.999359
98310: 0.999359
98311: 0.999359
98312: 0.999359
98313: 0.999359
98314: 0.999359
98315: 0.999359
98316: 0.999359
98317: 0.999359
98318: 0.999359
98319: 0.999359
98320: 0.999359
98321: 0.999359
98322: 0.999359
98323: 0.999359
98324: 0.999359
98325: 0.999359
98326: 0.999359
98327: 0.999359
98328: 0.999359
98329: 0.999359
98330: 0.999359
98331: 0.999359
98332: 0.999359
98333: 0.999359
98334: 0.999359
98335: 0.999359
98336: 0.999359
98337: 0.999359
98338: 0.999359
98339: 0.999359
98340: 0.999359
98341: 0.999359
98342: 0.999359
98343: 0.999359
98344: 0.999359
98345: 0.999359
98346: 0.999359
98347: 0.999359
98348: 0.999359
98349: 0.999359
98350: 0.999359
98351: 0.999359
98352: 0.999359
98353: 0.999359
98354: 0.999359
98355: 0.999359
98356: 0.999359
98357: 0.999359
98358: 0.999359
98359: 0.999359
98360: 0.99936
98361: 0.99936
98362: 0.99936
98363: 0.99936
98364: 0.99936
98365: 0.99936
98366: 0.99936
98367: 0.99936
98368: 0.99936
98369: 0.99936
98370: 0.99936
98371: 0.99936
98372: 0.99936
98373: 0.99936
98374: 0.99936
98375: 0.99936
98376: 0.99936
98377: 0.99936
98378: 0.99936
98379: 0.99936
98380: 0.99936
98381: 0.99936
98382: 0.99936
98383: 0.99936
98384: 0.99936
98385: 0.99936
98386: 0.99936
98387: 0.99936
98388: 0.99936
98389: 0.99936
98390: 0.99936
98391: 0.99936
98392: 0.99936
98393: 0.99936
98394: 0.99936
98395: 0.99936
98396: 0.99936
98397: 0.99936
98398: 0.99936
98399: 0.99936
98400: 0.99936
98401: 0.99936
98402: 0.99936
98403: 0.99936
98404: 0.99936
98405: 0.99936
98406: 0.99936
98407: 0.99936
98408: 0.99936
98409: 0.99936
98410: 0.99936
98411: 0.99936
98412: 0.99936
98413: 0.99936
98414: 0.99936
98415: 0.99936
98416: 0.99936
98417: 0.99936
98418: 0.99936
98419: 0.99936
98420: 0.99936
98421: 0.99936
98422: 0.99936
98423: 0.99936
98424: 0.99936
98425: 0.99936
98426: 0.99936
98427: 0.99936
98428: 0.99936
98429: 0.99936
98430: 0.99936
98431: 0.99936
98432: 0.99936
98433: 0.99936
98434: 0.99936
98435: 0.99936
98436: 0.99936
98437: 0.99936
98438: 0.99936
98439: 0.99936
98440: 0.99936
98441: 0.99936
98442: 0.99936
98443: 0.99936
98444: 0.99936
98445: 0.99936
98446: 0.99936
98447: 0.99936
98448: 0.99936
98449: 0.99936
98450: 0.99936
98451: 0.99936
98452: 0.99936
98453: 0.99936
98454: 0.99936
98455: 0.99936
98456: 0.99936
98457: 0.99936
98458: 0.99936
98459: 0.99936
98460: 0.99936
98461: 0.99936
98462: 0.99936
98463: 0.99936
98464: 0.99936
98465: 0.99936
98466: 0.99936
98467: 0.99936
98468: 0.99936
98469: 0.99936
98470: 0.99936
98471: 0.99936
98472: 0.99936
98473: 0.99936
98474: 0.99936
98475: 0.99936
98476: 0.99936
98477: 0.99936
98478: 0.99936
98479: 0.99936
98480: 0.99936
98481: 0.99936
98482: 0.99936
98483: 0.99936
98484: 0.99936
98485: 0.99936
98486: 0.99936
98487: 0.99936
98488: 0.99936
98489: 0.99936
98490: 0.99936
98491: 0.99936
98492: 0.99936
98493: 0.99936
98494: 0.99936
98495: 0.99936
98496: 0.99936
98497: 0.99936
98498: 0.99936
98499: 0.99936
98500: 0.99936
98501: 0.99936
98502: 0.99936
98503: 0.99936
98504: 0.99936
98505: 0.99936
98506: 0.99936
98507: 0.99936
98508: 0.99936
98509: 0.99936
98510: 0.99936
98511: 0.99936
98512: 0.99936
98513: 0.99936
98514: 0.999361
98515: 0.999361
98516: 0.999361
98517: 0.999361
98518: 0.999361
98519: 0.999361
98520: 0.999361
98521: 0.999361
98522: 0.999361
98523: 0.999361
98524: 0.999361
98525: 0.999361
98526: 0.999361
98527: 0.999361
98528: 0.999361
98529: 0.999361
98530: 0.999361
98531: 0.999361
98532: 0.999361
98533: 0.999361
98534: 0.999361
98535: 0.999361
98536: 0.999361
98537: 0.999361
98538: 0.999361
98539: 0.999361
98540: 0.999361
98541: 0.999361
98542: 0.999361
98543: 0.999361
98544: 0.999361
98545: 0.999361
98546: 0.999361
98547: 0.999361
98548: 0.999361
98549: 0.999361
98550: 0.999361
98551: 0.999361
98552: 0.999361
98553: 0.999361
98554: 0.999361
98555: 0.999361
98556: 0.999361
98557: 0.999361
98558: 0.999361
98559: 0.999361
98560: 0.999361
98561: 0.999361
98562: 0.999361
98563: 0.999361
98564: 0.999361
98565: 0.999361
98566: 0.999361
98567: 0.999361
98568: 0.999361
98569: 0.999361
98570: 0.999361
98571: 0.999361
98572: 0.999361
98573: 0.999361
98574: 0.999361
98575: 0.999361
98576: 0.999361
98577: 0.999361
98578: 0.999361
98579: 0.999361
98580: 0.999361
98581: 0.999361
98582: 0.999361
98583: 0.999361
98584: 0.999361
98585: 0.999361
98586: 0.999361
98587: 0.999361
98588: 0.999361
98589: 0.999361
98590: 0.999361
98591: 0.999361
98592: 0.999361
98593: 0.999361
98594: 0.999361
98595: 0.999361
98596: 0.999361
98597: 0.999361
98598: 0.999361
98599: 0.999361
98600: 0.999361
98601: 0.999361
98602: 0.999361
98603: 0.999361
98604: 0.999361
98605: 0.999361
98606: 0.999361
98607: 0.999361
98608: 0.999361
98609: 0.999361
98610: 0.999361
98611: 0.999361
98612: 0.999361
98613: 0.999361
98614: 0.999361
98615: 0.999361
98616: 0.999361
98617: 0.999361
98618: 0.999361
98619: 0.999361
98620: 0.999361
98621: 0.999361
98622: 0.999361
98623: 0.999361
98624: 0.999361
98625: 0.999361
98626: 0.999361
98627: 0.999361
98628: 0.999361
98629: 0.999361
98630: 0.999361
98631: 0.999361
98632: 0.999361
98633: 0.999361
98634: 0.999361
98635: 0.999361
98636: 0.999361
98637: 0.999361
98638: 0.999361
98639: 0.999361
98640: 0.999361
98641: 0.999361
98642: 0.999361
98643: 0.999361
98644: 0.999361
98645: 0.999361
98646: 0.999361
98647: 0.999361
98648: 0.999361
98649: 0.999361
98650: 0.999361
98651: 0.999361
98652: 0.999361
98653: 0.999361
98654: 0.999361
98655: 0.999361
98656: 0.999361
98657: 0.999361
98658: 0.999361
98659: 0.999361
98660: 0.999361
98661: 0.999361
98662: 0.999361
98663: 0.999361
98664: 0.999361
98665: 0.999361
98666: 0.999361
98667: 0.999361
98668: 0.999362
98669: 0.999362
98670: 0.999362
98671: 0.999362
98672: 0.999362
98673: 0.999362
98674: 0.999362
98675: 0.999362
98676: 0.999362
98677: 0.999362
98678: 0.999362
98679: 0.999362
98680: 0.999362
98681: 0.999362
98682: 0.999362
98683: 0.999362
98684: 0.999362
98685: 0.999362
98686: 0.999362
98687: 0.999362
98688: 0.999362
98689: 0.999362
98690: 0.999362
98691: 0.999362
98692: 0.999362
98693: 0.999362
98694: 0.999362
98695: 0.999362
98696: 0.999362
98697: 0.999362
98698: 0.999362
98699: 0.999362
98700: 0.999362
98701: 0.999362
98702: 0.999362
98703: 0.999362
98704: 0.999362
98705: 0.999362
98706: 0.999362
98707: 0.999362
98708: 0.999362
98709: 0.999362
98710: 0.999362
98711: 0.999362
98712: 0.999362
98713: 0.999362
98714: 0.999362
98715: 0.999362
98716: 0.999362
98717: 0.999362
98718: 0.999362
98719: 0.999362
98720: 0.999362
98721: 0.999362
98722: 0.999362
98723: 0.999362
98724: 0.999362
98725: 0.999362
98726: 0.999362
98727: 0.999362
98728: 0.999362
98729: 0.999362
98730: 0.999362
98731: 0.999362
98732: 0.999362
98733: 0.999362
98734: 0.999362
98735: 0.999362
98736: 0.999362
98737: 0.999362
98738: 0.999362
98739: 0.999362
98740: 0.999362
98741: 0.999362
98742: 0.999362
98743: 0.999362
98744: 0.999362
98745: 0.999362
98746: 0.999362
98747: 0.999362
98748: 0.999362
98749: 0.999362
98750: 0.999362
98751: 0.999362
98752: 0.999362
98753: 0.999362
98754: 0.999362
98755: 0.999362
98756: 0.999362
98757: 0.999362
98758: 0.999362
98759: 0.999362
98760: 0.999362
98761: 0.999362
98762: 0.999362
98763: 0.999362
98764: 0.999362
98765: 0.999362
98766: 0.999362
98767: 0.999362
98768: 0.999362
98769: 0.999362
98770: 0.999362
98771: 0.999362
98772: 0.999362
98773: 0.999362
98774: 0.999362
98775: 0.999362
98776: 0.999362
98777: 0.999362
98778: 0.999362
98779: 0.999362
98780: 0.999362
98781: 0.999362
98782: 0.999362
98783: 0.999362
98784: 0.999362
98785: 0.999362
98786: 0.999362
98787: 0.999362
98788: 0.999362
98789: 0.999362
98790: 0.999362
98791: 0.999362
98792: 0.999362
98793: 0.999362
98794: 0.999362
98795: 0.999362
98796: 0.999362
98797: 0.999362
98798: 0.999362
98799: 0.999362
98800: 0.999362
98801: 0.999362
98802: 0.999362
98803: 0.999362
98804: 0.999362
98805: 0.999362
98806: 0.999362
98807: 0.999362
98808: 0.999362
98809: 0.999362
98810: 0.999362
98811: 0.999362
98812: 0.999362
98813: 0.999362
98814: 0.999362
98815: 0.999362
98816: 0.999362
98817: 0.999362
98818: 0.999362
98819: 0.999362
98820: 0.999362
98821: 0.999362
98822: 0.999362
98823: 0.999363
98824: 0.999363
98825: 0.999363
98826: 0.999363
98827: 0.999363
98828: 0.999363
98829: 0.999363
98830: 0.999363
98831: 0.999363
98832: 0.999363
98833: 0.999363
98834: 0.999363
98835: 0.999363
98836: 0.999363
98837: 0.999363
98838: 0.999363
98839: 0.999363
98840: 0.999363
98841: 0.999363
98842: 0.999363
98843: 0.999363
98844: 0.999363
98845: 0.999363
98846: 0.999363
98847: 0.999363
98848: 0.999363
98849: 0.999363
98850: 0.999363
98851: 0.999363
98852: 0.999363
98853: 0.999363
98854: 0.999363
98855: 0.999363
98856: 0.999363
98857: 0.999363
98858: 0.999363
98859: 0.999363
98860: 0.999363
98861: 0.999363
98862: 0.999363
98863: 0.999363
98864: 0.999363
98865: 0.999363
98866: 0.999363
98867: 0.999363
98868: 0.999363
98869: 0.999363
98870: 0.999363
98871: 0.999363
98872: 0.999363
98873: 0.999363
98874: 0.999363
98875: 0.999363
98876: 0.999363
98877: 0.999363
98878: 0.999363
98879: 0.999363
98880: 0.999363
98881: 0.999363
98882: 0.999363
98883: 0.999363
98884: 0.999363
98885: 0.999363
98886: 0.999363
98887: 0.999363
98888: 0.999363
98889: 0.999363
98890: 0.999363
98891: 0.999363
98892: 0.999363
98893: 0.999363
98894: 0.999363
98895: 0.999363
98896: 0.999363
98897: 0.999363
98898: 0.999363
98899: 0.999363
98900: 0.999363
98901: 0.999363
98902: 0.999363
98903: 0.999363
98904: 0.999363
98905: 0.999363
98906: 0.999363
98907: 0.999363
98908: 0.999363
98909: 0.999363
98910: 0.999363
98911: 0.999363
98912: 0.999363
98913: 0.999363
98914: 0.999363
98915: 0.999363
98916: 0.999363
98917: 0.999363
98918: 0.999363
98919: 0.999363
98920: 0.999363
98921: 0.999363
98922: 0.999363
98923: 0.999363
98924: 0.999363
98925: 0.999363
98926: 0.999363
98927: 0.999363
98928: 0.999363
98929: 0.999363
98930: 0.999363
98931: 0.999363
98932: 0.999363
98933: 0.999363
98934: 0.999363
98935: 0.999363
98936: 0.999363
98937: 0.999363
98938: 0.999363
98939: 0.999363
98940: 0.999363
98941: 0.999363
98942: 0.999363
98943: 0.999363
98944: 0.999363
98945: 0.999363
98946: 0.999363
98947: 0.999363
98948: 0.999363
98949: 0.999363
98950: 0.999363
98951: 0.999363
98952: 0.999363
98953: 0.999363
98954: 0.999363
98955: 0.999363
98956: 0.999363
98957: 0.999363
98958: 0.999363
98959: 0.999363
98960: 0.999363
98961: 0.999363
98962: 0.999363
98963: 0.999363
98964: 0.999363
98965: 0.999363
98966: 0.999363
98967: 0.999363
98968: 0.999363
98969: 0.999363
98970: 0.999363
98971: 0.999363
98972: 0.999363
98973: 0.999363
98974: 0.999363
98975: 0.999363
98976: 0.999363
98977: 0.999363
98978: 0.999364
98979: 0.999364
98980: 0.999364
98981: 0.999364
98982: 0.999364
98983: 0.999364
98984: 0.999364
98985: 0.999364
98986: 0.999364
98987: 0.999364
98988: 0.999364
98989: 0.999364
98990: 0.999364
98991: 0.999364
98992: 0.999364
98993: 0.999364
98994: 0.999364
98995: 0.999364
98996: 0.999364
98997: 0.999364
98998: 0.999364
98999: 0.999364
99000: 0.999364
99001: 0.999364
99002: 0.999364
99003: 0.999364
99004: 0.999364
99005: 0.999364
99006: 0.999364
99007: 0.999364
99008: 0.999364
99009: 0.999364
99010: 0.999364
99011: 0.999364
99012: 0.999364
99013: 0.999364
99014: 0.999364
99015: 0.999364
99016: 0.999364
99017: 0.999364
99018: 0.999364
99019: 0.999364
99020: 0.999364
99021: 0.999364
99022: 0.999364
99023: 0.999364
99024: 0.999364
99025: 0.999364
99026: 0.999364
99027: 0.999364
99028: 0.999364
99029: 0.999364
99030: 0.999364
99031: 0.999364
99032: 0.999364
99033: 0.999364
99034: 0.999364
99035: 0.999364
99036: 0.999364
99037: 0.999364
99038: 0.999364
99039: 0.999364
99040: 0.999364
99041: 0.999364
99042: 0.999364
99043: 0.999364
99044: 0.999364
99045: 0.999364
99046: 0.999364
99047: 0.999364
99048: 0.999364
99049: 0.999364
99050: 0.999364
99051: 0.999364
99052: 0.999364
99053: 0.999364
99054: 0.999364
99055: 0.999364
99056: 0.999364
99057: 0.999364
99058: 0.999364
99059: 0.999364
99060: 0.999364
99061: 0.999364
99062: 0.999364
99063: 0.999364
99064: 0.999364
99065: 0.999364
99066: 0.999364
99067: 0.999364
99068: 0.999364
99069: 0.999364
99070: 0.999364
99071: 0.999364
99072: 0.999364
99073: 0.999364
99074: 0.999364
99075: 0.999364
99076: 0.999364
99077: 0.999364
99078: 0.999364
99079: 0.999364
99080: 0.999364
99081: 0.999364
99082: 0.999364
99083: 0.999364
99084: 0.999364
99085: 0.999364
99086: 0.999364
99087: 0.999364
99088: 0.999364
99089: 0.999364
99090: 0.999364
99091: 0.999364
99092: 0.999364
99093: 0.999364
99094: 0.999364
99095: 0.999364
99096: 0.999364
99097: 0.999364
99098: 0.999364
99099: 0.999364
99100: 0.999364
99101: 0.999364
99102: 0.999364
99103: 0.999364
99104: 0.999364
99105: 0.999364
99106: 0.999364
99107: 0.999364
99108: 0.999364
99109: 0.999364
99110: 0.999364
99111: 0.999364
99112: 0.999364
99113: 0.999364
99114: 0.999364
99115: 0.999364
99116: 0.999364
99117: 0.999364
99118: 0.999364
99119: 0.999364
99120: 0.999364
99121: 0.999364
99122: 0.999364
99123: 0.999364
99124: 0.999364
99125: 0.999364
99126: 0.999364
99127: 0.999364
99128: 0.999364
99129: 0.999364
99130: 0.999364
99131: 0.999364
99132: 0.999364
99133: 0.999364
99134: 0.999365
99135: 0.999365
99136: 0.999365
99137: 0.999365
99138: 0.999365
99139: 0.999365
99140: 0.999365
99141: 0.999365
99142: 0.999365
99143: 0.999365
99144: 0.999365
99145: 0.999365
99146: 0.999365
99147: 0.999365
99148: 0.999365
99149: 0.999365
99150: 0.999365
99151: 0.999365
99152: 0.999365
99153: 0.999365
99154: 0.999365
99155: 0.999365
99156: 0.999365
99157: 0.999365
99158: 0.999365
99159: 0.999365
99160: 0.999365
99161: 0.999365
99162: 0.999365
99163: 0.999365
99164: 0.999365
99165: 0.999365
99166: 0.999365
99167: 0.999365
99168: 0.999365
99169: 0.999365
99170: 0.999365
99171: 0.999365
99172: 0.999365
99173: 0.999365
99174: 0.999365
99175: 0.999365
99176: 0.999365
99177: 0.999365
99178: 0.999365
99179: 0.999365
99180: 0.999365
99181: 0.999365
99182: 0.999365
99183: 0.999365
99184: 0.999365
99185: 0.999365
99186: 0.999365
99187: 0.999365
99188: 0.999365
99189: 0.999365
99190: 0.999365
99191: 0.999365
99192: 0.999365
99193: 0.999365
99194: 0.999365
99195: 0.999365
99196: 0.999365
99197: 0.999365
99198: 0.999365
99199: 0.999365
99200: 0.999365
99201: 0.999365
99202: 0.999365
99203: 0.999365
99204: 0.999365
99205: 0.999365
99206: 0.999365
99207: 0.999365
99208: 0.999365
99209: 0.999365
99210: 0.999365
99211: 0.999365
99212: 0.999365
99213: 0.999365
99214: 0.999365
99215: 0.999365
99216: 0.999365
99217: 0.999365
99218: 0.999365
99219: 0.999365
99220: 0.999365
99221: 0.999365
99222: 0.999365
99223: 0.999365
99224: 0.999365
99225: 0.999365
99226: 0.999365
99227: 0.999365
99228: 0.999365
99229: 0.999365
99230: 0.999365
99231: 0.999365
99232: 0.999365
99233: 0.999365
99234: 0.999365
99235: 0.999365
99236: 0.999365
99237: 0.999365
99238: 0.999365
99239: 0.999365
99240: 0.999365
99241: 0.999365
99242: 0.999365
99243: 0.999365
99244: 0.999365
99245: 0.999365
99246: 0.999365
99247: 0.999365
99248: 0.999365
99249: 0.999365
99250: 0.999365
99251: 0.999365
99252: 0.999365
99253: 0.999365
99254: 0.999365
99255: 0.999365
99256: 0.999365
99257: 0.999365
99258: 0.999365
99259: 0.999365
99260: 0.999365
99261: 0.999365
99262: 0.999365
99263: 0.999365
99264: 0.999365
99265: 0.999365
99266: 0.999365
99267: 0.999365
99268: 0.999365
99269: 0.999365
99270: 0.999365
99271: 0.999365
99272: 0.999365
99273: 0.999365
99274: 0.999365
99275: 0.999365
99276: 0.999365
99277: 0.999365
99278: 0.999365
99279: 0.999365
99280: 0.999365
99281: 0.999365
99282: 0.999365
99283: 0.999365
99284: 0.999365
99285: 0.999365
99286: 0.999365
99287: 0.999365
99288: 0.999365
99289: 0.999365
99290: 0.999366
99291: 0.999366
99292: 0.999366
99293: 0.999366
99294: 0.999366
99295: 0.999366
99296: 0.999366
99297: 0.999366
99298: 0.999366
99299: 0.999366
99300: 0.999366
99301: 0.999366
99302: 0.999366
99303: 0.999366
99304: 0.999366
99305: 0.999366
99306: 0.999366
99307: 0.999366
99308: 0.999366
99309: 0.999366
99310: 0.999366
99311: 0.999366
99312: 0.999366
99313: 0.999366
99314: 0.999366
99315: 0.999366
99316: 0.999366
99317: 0.999366
99318: 0.999366
99319: 0.999366
99320: 0.999366
99321: 0.999366
99322: 0.999366
99323: 0.999366
99324: 0.999366
99325: 0.999366
99326: 0.999366
99327: 0.999366
99328: 0.999366
99329: 0.999366
99330: 0.999366
99331: 0.999366
99332: 0.999366
99333: 0.999366
99334: 0.999366
99335: 0.999366
99336: 0.999366
99337: 0.999366
99338: 0.999366
99339: 0.999366
99340: 0.999366
99341: 0.999366
99342: 0.999366
99343: 0.999366
99344: 0.999366
99345: 0.999366
99346: 0.999366
99347: 0.999366
99348: 0.999366
99349: 0.999366
99350: 0.999366
99351: 0.999366
99352: 0.999366
99353: 0.999366
99354: 0.999366
99355: 0.999366
99356: 0.999366
99357: 0.999366
99358: 0.999366
99359: 0.999366
99360: 0.999366
99361: 0.999366
99362: 0.999366
99363: 0.999366
99364: 0.999366
99365: 0.999366
99366: 0.999366
99367: 0.999366
99368: 0.999366
99369: 0.999366
99370: 0.999366
99371: 0.999366
99372: 0.999366
99373: 0.999366
99374: 0.999366
99375: 0.999366
99376: 0.999366
99377: 0.999366
99378: 0.999366
99379: 0.999366
99380: 0.999366
99381: 0.999366
99382: 0.999366
99383: 0.999366
99384: 0.999366
99385: 0.999366
99386: 0.999366
99387: 0.999366
99388: 0.999366
99389: 0.999366
99390: 0.999366
99391: 0.999366
99392: 0.999366
99393: 0.999366
99394: 0.999366
99395: 0.999366
99396: 0.999366
99397: 0.999366
99398: 0.999366
99399: 0.999366
99400: 0.999366
99401: 0.999366
99402: 0.999366
99403: 0.999366
99404: 0.999366
99405: 0.999366
99406: 0.999366
99407: 0.999366
99408: 0.999366
99409: 0.999366
99410: 0.999366
99411: 0.999366
99412: 0.999366
99413: 0.999366
99414: 0.999366
99415: 0.999366
99416: 0.999366
99417: 0.999366
99418: 0.999366
99419: 0.999366
99420: 0.999366
99421: 0.999366
99422: 0.999366
99423: 0.999366
99424: 0.999366
99425: 0.999366
99426: 0.999366
99427: 0.999366
99428: 0.999366
99429: 0.999366
99430: 0.999366
99431: 0.999366
99432: 0.999366
99433: 0.999366
99434: 0.999366
99435: 0.999366
99436: 0.999366
99437: 0.999366
99438: 0.999366
99439: 0.999366
99440: 0.999366
99441: 0.999366
99442: 0.999366
99443: 0.999366
99444: 0.999366
99445: 0.999366
99446: 0.999366
99447: 0.999367
99448: 0.999367
99449: 0.999367
99450: 0.999367
99451: 0.999367
99452: 0.999367
99453: 0.999367
99454: 0.999367
99455: 0.999367
99456: 0.999367
99457: 0.999367
99458: 0.999367
99459: 0.999367
99460: 0.999367
99461: 0.999367
99462: 0.999367
99463: 0.999367
99464: 0.999367
99465: 0.999367
99466: 0.999367
99467: 0.999367
99468: 0.999367
99469: 0.999367
99470: 0.999367
99471: 0.999367
99472: 0.999367
99473: 0.999367
99474: 0.999367
99475: 0.999367
99476: 0.999367
99477: 0.999367
99478: 0.999367
99479: 0.999367
99480: 0.999367
99481: 0.999367
99482: 0.999367
99483: 0.999367
99484: 0.999367
99485: 0.999367
99486: 0.999367
99487: 0.999367
99488: 0.999367
99489: 0.999367
99490: 0.999367
99491: 0.999367
99492: 0.999367
99493: 0.999367
99494: 0.999367
99495: 0.999367
99496: 0.999367
99497: 0.999367
99498: 0.999367
99499: 0.999367
99500: 0.999367
99501: 0.999367
99502: 0.999367
99503: 0.999367
99504: 0.999367
99505: 0.999367
99506: 0.999367
99507: 0.999367
99508: 0.999367
99509: 0.999367
99510: 0.999367
99511: 0.999367
99512: 0.999367
99513: 0.999367
99514: 0.999367
99515: 0.999367
99516: 0.999367
99517: 0.999367
99518: 0.999367
99519: 0.999367
99520: 0.999367
99521: 0.999367
99522: 0.999367
99523: 0.999367
99524: 0.999367
99525: 0.999367
99526: 0.999367
99527: 0.999367
99528: 0.999367
99529: 0.999367
99530: 0.999367
99531: 0.999367
99532: 0.999367
99533: 0.999367
99534: 0.999367
99535: 0.999367
99536: 0.999367
99537: 0.999367
99538: 0.999367
99539: 0.999367
99540: 0.999367
99541: 0.999367
99542: 0.999367
99543: 0.999367
99544: 0.999367
99545: 0.999367
99546: 0.999367
99547: 0.999367
99548: 0.999367
99549: 0.999367
99550: 0.999367
99551: 0.999367
99552: 0.999367
99553: 0.999367
99554: 0.999367
99555: 0.999367
99556: 0.999367
99557: 0.999367
99558: 0.999367
99559: 0.999367
99560: 0.999367
99561: 0.999367
99562: 0.999367
99563: 0.999367
99564: 0.999367
99565: 0.999367
99566: 0.999367
99567: 0.999367
99568: 0.999367
99569: 0.999367
99570: 0.999367
99571: 0.999367
99572: 0.999367
99573: 0.999367
99574: 0.999367
99575: 0.999367
99576: 0.999367
99577: 0.999367
99578: 0.999367
99579: 0.999367
99580: 0.999367
99581: 0.999367
99582: 0.999367
99583: 0.999367
99584: 0.999367
99585: 0.999367
99586: 0.999367
99587: 0.999367
99588: 0.999367
99589: 0.999367
99590: 0.999367
99591: 0.999367
99592: 0.999367
99593: 0.999367
99594: 0.999367
99595: 0.999367
99596: 0.999367
99597: 0.999367
99598: 0.999367
99599: 0.999367
99600: 0.999367
99601: 0.999367
99602: 0.999367
99603: 0.999367
99604: 0.999368
99605: 0.999368
99606: 0.999368
99607: 0.999368
99608: 0.999368
99609: 0.999368
99610: 0.999368
99611: 0.999368
99612: 0.999368
99613: 0.999368
99614: 0.999368
99615: 0.999368
99616: 0.999368
99617: 0.999368
99618: 0.999368
99619: 0.999368
99620: 0.999368
99621: 0.999368
99622: 0.999368
99623: 0.999368
99624: 0.999368
99625: 0.999368
99626: 0.999368
99627: 0.999368
99628: 0.999368
99629: 0.999368
99630: 0.999368
99631: 0.999368
99632: 0.999368
99633: 0.999368
99634: 0.999368
99635: 0.999368
99636: 0.999368
99637: 0.999368
99638: 0.999368
99639: 0.999368
99640: 0.999368
99641: 0.999368
99642: 0.999368
99643: 0.999368
99644: 0.999368
99645: 0.999368
99646: 0.999368
99647: 0.999368
99648: 0.999368
99649: 0.999368
99650: 0.999368
99651: 0.999368
99652: 0.999368
99653: 0.999368
99654: 0.999368
99655: 0.999368
99656: 0.999368
99657: 0.999368
99658: 0.999368
99659: 0.999368
99660: 0.999368
99661: 0.999368
99662: 0.999368
99663: 0.999368
99664: 0.999368
99665: 0.999368
99666: 0.999368
99667: 0.999368
99668: 0.999368
99669: 0.999368
99670: 0.999368
99671: 0.999368
99672: 0.999368
99673: 0.999368
99674: 0.999368
99675: 0.999368
99676: 0.999368
99677: 0.999368
99678: 0.999368
99679: 0.999368
99680: 0.999368
99681: 0.999368
99682: 0.999368
99683: 0.999368
99684: 0.999368
99685: 0.999368
99686: 0.999368
99687: 0.999368
99688: 0.999368
99689: 0.999368
99690: 0.999368
99691: 0.999368
99692: 0.999368
99693: 0.999368
99694: 0.999368
99695: 0.999368
99696: 0.999368
99697: 0.999368
99698: 0.999368
99699: 0.999368
99700: 0.999368
99701: 0.999368
99702: 0.999368
99703: 0.999368
99704: 0.999368
99705: 0.999368
99706: 0.999368
99707: 0.999368
99708: 0.999368
99709: 0.999368
99710: 0.999368
99711: 0.999368
99712: 0.999368
99713: 0.999368
99714: 0.999368
99715: 0.999368
99716: 0.999368
99717: 0.999368
99718: 0.999368
99719: 0.999368
99720: 0.999368
99721: 0.999368
99722: 0.999368
99723: 0.999368
99724: 0.999368
99725: 0.999368
99726: 0.999368
99727: 0.999368
99728: 0.999368
99729: 0.999368
99730: 0.999368
99731: 0.999368
99732: 0.999368
99733: 0.999368
99734: 0.999368
99735: 0.999368
99736: 0.999368
99737: 0.999368
99738: 0.999368
99739: 0.999368
99740: 0.999368
99741: 0.999368
99742: 0.999368
99743: 0.999368
99744: 0.999368
99745: 0.999368
99746: 0.999368
99747: 0.999368
99748: 0.999368
99749: 0.999368
99750: 0.999368
99751: 0.999368
99752: 0.999368
99753: 0.999368
99754: 0.999368
99755: 0.999368
99756: 0.999368
99757: 0.999368
99758: 0.999368
99759: 0.999368
99760: 0.999368
99761: 0.999368
99762: 0.999369
99763: 0.999369
99764: 0.999369
99765: 0.999369
99766: 0.999369
99767: 0.999369
99768: 0.999369
99769: 0.999369
99770: 0.999369
99771: 0.999369
99772: 0.999369
99773: 0.999369
99774: 0.999369
99775: 0.999369
99776: 0.999369
99777: 0.999369
99778: 0.999369
99779: 0.999369
99780: 0.999369
99781: 0.999369
99782: 0.999369
99783: 0.999369
99784: 0.999369
99785: 0.999369
99786: 0.999369
99787: 0.999369
99788: 0.999369
99789: 0.999369
99790: 0.999369
99791: 0.999369
99792: 0.999369
99793: 0.999369
99794: 0.999369
99795: 0.999369
99796: 0.999369
99797: 0.999369
99798: 0.999369
99799: 0.999369
99800: 0.999369
99801: 0.999369
99802: 0.999369
99803: 0.999369
99804: 0.999369
99805: 0.999369
99806: 0.999369
99807: 0.999369
99808: 0.999369
99809: 0.999369
99810: 0.999369
99811: 0.999369
99812: 0.999369
99813: 0.999369
99814: 0.999369
99815: 0.999369
99816: 0.999369
99817: 0.999369
99818: 0.999369
99819: 0.999369
99820: 0.999369
99821: 0.999369
99822: 0.999369
99823: 0.999369
99824: 0.999369
99825: 0.999369
99826: 0.999369
99827: 0.999369
99828: 0.999369
99829: 0.999369
99830: 0.999369
99831: 0.999369
99832: 0.999369
99833: 0.999369
99834: 0.999369
99835: 0.999369
99836: 0.999369
99837: 0.999369
99838: 0.999369
99839: 0.999369
99840: 0.999369
99841: 0.999369
99842: 0.999369
99843: 0.999369
99844: 0.999369
99845: 0.999369
99846: 0.999369
99847: 0.999369
99848: 0.999369
99849: 0.999369
99850: 0.999369
99851: 0.999369
99852: 0.999369
99853: 0.999369
99854: 0.999369
99855: 0.999369
99856: 0.999369
99857: 0.999369
99858: 0.999369
99859: 0.999369
99860: 0.999369
99861: 0.999369
99862: 0.999369
99863: 0.999369
99864: 0.999369
99865: 0.999369
99866: 0.999369
99867: 0.999369
99868: 0.999369
99869: 0.999369
99870: 0.999369
99871: 0.999369
99872: 0.999369
99873: 0.999369
99874: 0.999369
99875: 0.999369
99876: 0.999369
99877: 0.999369
99878: 0.999369
99879: 0.999369
99880: 0.999369
99881: 0.999369
99882: 0.999369
99883: 0.999369
99884: 0.999369
99885: 0.999369
99886: 0.999369
99887: 0.999369
99888: 0.999369
99889: 0.999369
99890: 0.999369
99891: 0.999369
99892: 0.999369
99893: 0.999369
99894: 0.999369
99895: 0.999369
99896: 0.999369
99897: 0.999369
99898: 0.999369
99899: 0.999369
99900: 0.999369
99901: 0.999369
99902: 0.999369
99903: 0.999369
99904: 0.999369
99905: 0.999369
99906: 0.999369
99907: 0.999369
99908: 0.999369
99909: 0.999369
99910: 0.999369
99911: 0.999369
99912: 0.999369
99913: 0.999369
99914: 0.999369
99915: 0.999369
99916: 0.999369
99917: 0.999369
99918: 0.999369
99919: 0.999369
99920: 0.99937
99921: 0.99937
99922: 0.99937
99923: 0.99937
99924: 0.99937
99925: 0.99937
99926: 0.99937
99927: 0.99937
99928: 0.99937
99929: 0.99937
99930: 0.99937
99931: 0.99937
99932: 0.99937
99933: 0.99937
99934: 0.99937
99935: 0.99937
99936: 0.99937
99937: 0.99937
99938: 0.99937
99939: 0.99937
99940: 0.99937
99941: 0.99937
99942: 0.99937
99943: 0.99937
99944: 0.99937
99945: 0.99937
99946: 0.99937
99947: 0.99937
99948: 0.99937
99949: 0.99937
99950: 0.99937
99951: 0.99937
99952: 0.99937
99953: 0.99937
99954: 0.99937
99955: 0.99937
99956: 0.99937
99957: 0.99937
99958: 0.99937
99959: 0.99937
99960: 0.99937
99961: 0.99937
99962: 0.99937
99963: 0.99937
99964: 0.99937
99965: 0.99937
99966: 0.99937
99967: 0.99937
99968: 0.99937
99969: 0.99937
99970: 0.99937
99971: 0.99937
99972: 0.99937
99973: 0.99937
99974: 0.99937
99975: 0.99937
99976: 0.99937
99977: 0.99937
99978: 0.99937
99979: 0.99937
99980: 0.99937
99981: 0.99937
99982: 0.99937
99983: 0.99937
99984: 0.99937
99985: 0.99937
99986: 0.99937
99987: 0.99937
99988: 0.99937
99989: 0.99937
99990: 0.99937
99991: 0.99937
99992: 0.99937
99993: 0.99937
99994: 0.99937
99995: 0.99937
99996: 0.99937
99997: 0.99937
99998: 0.99937
99999: 0.99937
