0: 0
1: 0.5
2: 0.666667
3: 0.75
4: 0.6
5: 0.5
6: 0.428571
7: 0.5
8: 0.444444
9: 0.4
10: 0.363636
11: 0.416667
12: 0.461538
13: 0.5
14: 0.533333
15: 0.5625
16: 0.588235
17: 0.611111
18: 0.631579
19: 0.65
20: 0.619048
21: 0.590909
22: 0.608696
23: 0.625
24: 0.64
25: 0.653846
26: 0.62963
27: 0.642857
28: 0.655172
29: 0.666667
30: 0.677419
31: 0.6875
32: 0.69697
33: 0.705882
34: 0.714286
35: 0.694444
36: 0.702703
37: 0.710526
38: 0.692308
39: 0.7
40: 0.707317
41: 0.690476
42: 0.697674
43: 0.681818
44: 0.688889
45: 0.695652
46: 0.702128
47: 0.6875
48: 0.673469
49: 0.68
50: 0.686275
51: 0.673077
52: 0.660377
53: 0.666667
54: 0.654545
55: 0.642857
56: 0.631579
57: 0.637931
58: 0.644068
59: 0.633333
60: 0.639344
61: 0.629032
62: 0.619048
63: 0.609375
64: 0.615385
65: 0.621212
66: 0.626866
67: 0.617647
68: 0.623188
69: 0.614286
70: 0.605634
71: 0.611111
72: 0.616438
73: 0.608108
74: 0.6
75: 0.592105
76: 0.597403
77: 0.602564
78: 0.607595
79: 0.6
80: 0.604938
81: 0.609756
82: 0.614458
83: 0.607143
84: 0.6
85: 0.593023
86: 0.586207
87: 0.579545
88: 0.573034
89: 0.577778
90: 0.582418
91: 0.586957
92: 0.591398
93: 0.585106
94: 0.578947
95: 0.583333
96: 0.587629
97: 0.591837
98: 0.59596
99: 0.6
100: 0.594059
101: 0.598039
102: 0.601942
103: 0.596154
104: 0.6
105: 0.59434
106: 0.598131
107: 0.601852
108: 0.59633
109: 0.590909
110: 0.585586
111: 0.580357
112: 0.575221
113: 0.570175
114: 0.565217
115: 0.560345
116: 0.555556
117: 0.559322
118: 0.563025
119: 0.566667
120: 0.561983
121: 0.565574
122: 0.560976
123: 0.564516
124: 0.568
125: 0.563492
126: 0.566929
127: 0.5625
128: 0.55814
129: 0.553846
130: 0.557252
131: 0.55303
132: 0.548872
133: 0.544776
134: 0.548148
135: 0.551471
136: 0.547445
137: 0.543478
138: 0.546763
139: 0.542857
140: 0.546099
141: 0.549296
142: 0.545455
143: 0.548611
144: 0.551724
145: 0.554795
146: 0.55102
147: 0.547297
148: 0.550336
149: 0.546667
150: 0.549669
151: 0.552632
152: 0.54902
153: 0.551948
154: 0.554839
155: 0.551282
156: 0.547771
157: 0.544304
158: 0.540881
159: 0.54375
160: 0.540373
161: 0.54321
162: 0.546012
163: 0.54878
164: 0.545455
165: 0.548193
166: 0.54491
167: 0.541667
168: 0.538462
169: 0.541176
170: 0.538012
171: 0.534884
172: 0.531792
173: 0.534483
174: 0.531429
175: 0.534091
176: 0.531073
177: 0.52809
178: 0.52514
179: 0.527778
180: 0.524862
181: 0.527473
182: 0.530055
183: 0.532609
184: 0.535135
185: 0.537634
186: 0.534759
187: 0.537234
188: 0.534392
189: 0.531579
190: 0.534031
191: 0.53125
192: 0.533679
193: 0.530928
194: 0.528205
195: 0.530612
196: 0.527919
197: 0.525253
198: 0.527638
199: 0.53
200: 0.527363
201: 0.524752
202: 0.527094
203: 0.52451
204: 0.526829
205: 0.529126
206: 0.52657
207: 0.524038
208: 0.521531
209: 0.519048
210: 0.516588
211: 0.518868
212: 0.521127
213: 0.523364
214: 0.525581
215: 0.523148
216: 0.525346
217: 0.527523
218: 0.525114
219: 0.527273
220: 0.524887
221: 0.522523
222: 0.524664
223: 0.522321
224: 0.524444
225: 0.526549
226: 0.528634
227: 0.526316
228: 0.524017
229: 0.521739
230: 0.519481
231: 0.521552
232: 0.523605
233: 0.525641
234: 0.52766
235: 0.529661
236: 0.531646
237: 0.533613
238: 0.531381
239: 0.529167
240: 0.53112
241: 0.533058
242: 0.534979
243: 0.536885
244: 0.538776
245: 0.536585
246: 0.538462
247: 0.540323
248: 0.538153
249: 0.536
250: 0.537849
251: 0.535714
252: 0.537549
253: 0.53937
254: 0.541176
255: 0.539062
256: 0.536965
257: 0.534884
258: 0.532819
259: 0.530769
260: 0.528736
261: 0.526718
262: 0.528517
263: 0.530303
264: 0.532075
265: 0.530075
266: 0.531835
267: 0.533582
268: 0.535316
269: 0.533333
270: 0.531365
271: 0.529412
272: 0.527473
273: 0.525547
274: 0.523636
275: 0.525362
276: 0.527076
277: 0.52518
278: 0.523297
279: 0.521429
280: 0.523132
281: 0.524823
282: 0.526502
283: 0.528169
284: 0.526316
285: 0.527972
286: 0.529617
287: 0.53125
288: 0.532872
289: 0.534483
290: 0.536082
291: 0.534247
292: 0.535836
293: 0.537415
294: 0.535593
295: 0.533784
296: 0.535354
297: 0.536913
298: 0.535117
299: 0.533333
300: 0.531561
301: 0.529801
302: 0.531353
303: 0.532895
304: 0.534426
305: 0.535948
306: 0.534202
307: 0.532468
308: 0.530744
309: 0.532258
310: 0.533762
311: 0.535256
312: 0.533546
313: 0.535032
314: 0.533333
315: 0.53481
316: 0.536278
317: 0.537736
318: 0.53605
319: 0.534375
320: 0.53271
321: 0.534161
322: 0.535604
323: 0.537037
324: 0.538462
325: 0.539877
326: 0.538226
327: 0.539634
328: 0.537994
329: 0.539394
330: 0.540785
331: 0.542169
332: 0.543544
333: 0.54491
334: 0.543284
335: 0.544643
336: 0.545994
337: 0.544379
338: 0.542773
339: 0.544118
340: 0.542522
341: 0.540936
342: 0.542274
343: 0.543605
344: 0.544928
345: 0.546243
346: 0.54755
347: 0.545977
348: 0.547278
349: 0.548571
350: 0.549858
351: 0.548295
352: 0.549575
353: 0.550847
354: 0.549296
355: 0.550562
356: 0.54902
357: 0.550279
358: 0.551532
359: 0.552778
360: 0.551247
361: 0.549724
362: 0.548209
363: 0.546703
364: 0.547945
365: 0.54918
366: 0.550409
367: 0.548913
368: 0.547425
369: 0.548649
370: 0.549865
371: 0.551075
372: 0.552279
373: 0.550802
374: 0.552
375: 0.550532
376: 0.551724
377: 0.550265
378: 0.548813
379: 0.547368
380: 0.548556
381: 0.549738
382: 0.550914
383: 0.549479
384: 0.550649
385: 0.549223
386: 0.547804
387: 0.548969
388: 0.547558
389: 0.548718
390: 0.549872
391: 0.55102
392: 0.549618
393: 0.550761
394: 0.549367
395: 0.550505
396: 0.551637
397: 0.550251
398: 0.548872
399: 0.5475
400: 0.548628
401: 0.549751
402: 0.550868
403: 0.549505
404: 0.550617
405: 0.549261
406: 0.550369
407: 0.54902
408: 0.547677
409: 0.546341
410: 0.547445
411: 0.548544
412: 0.549637
413: 0.548309
414: 0.546988
415: 0.548077
416: 0.546763
417: 0.547847
418: 0.548926
419: 0.547619
420: 0.548694
421: 0.547393
422: 0.546099
423: 0.544811
424: 0.545882
425: 0.544601
426: 0.543326
427: 0.544393
428: 0.543124
429: 0.544186
430: 0.545244
431: 0.546296
432: 0.545035
433: 0.543779
434: 0.544828
435: 0.545872
436: 0.546911
437: 0.547945
438: 0.548975
439: 0.547727
440: 0.548753
441: 0.549774
442: 0.55079
443: 0.551802
444: 0.550562
445: 0.55157
446: 0.552573
447: 0.553571
448: 0.552339
449: 0.551111
450: 0.552106
451: 0.553097
452: 0.554084
453: 0.552863
454: 0.551648
455: 0.550439
456: 0.551422
457: 0.552402
458: 0.553377
459: 0.552174
460: 0.553145
461: 0.551948
462: 0.552916
463: 0.551724
464: 0.550538
465: 0.551502
466: 0.550321
467: 0.551282
468: 0.550107
469: 0.548936
470: 0.547771
471: 0.548729
472: 0.549683
473: 0.550633
474: 0.551579
475: 0.552521
476: 0.553459
477: 0.554393
478: 0.555324
479: 0.55625
480: 0.557173
481: 0.558091
482: 0.556936
483: 0.557851
484: 0.558763
485: 0.557613
486: 0.558522
487: 0.557377
488: 0.558282
489: 0.557143
490: 0.558045
491: 0.556911
492: 0.555781
493: 0.55668
494: 0.557576
495: 0.556452
496: 0.555332
497: 0.556225
498: 0.55511
499: 0.556
500: 0.55489
501: 0.555777
502: 0.554672
503: 0.555556
504: 0.556436
505: 0.557312
506: 0.556213
507: 0.557087
508: 0.555992
509: 0.554902
510: 0.553816
511: 0.554688
512: 0.553606
513: 0.552529
514: 0.553398
515: 0.554264
516: 0.555126
517: 0.555985
518: 0.554913
519: 0.555769
520: 0.556622
521: 0.557471
522: 0.556405
523: 0.557252
524: 0.55619
525: 0.557034
526: 0.557875
527: 0.558712
528: 0.557656
529: 0.558491
530: 0.559322
531: 0.558271
532: 0.557223
533: 0.55618
534: 0.55514
535: 0.55597
536: 0.554935
537: 0.555762
538: 0.556586
539: 0.557407
540: 0.558226
541: 0.559041
542: 0.558011
543: 0.558824
544: 0.557798
545: 0.558608
546: 0.557587
547: 0.558394
548: 0.559199
549: 0.56
550: 0.558984
551: 0.559783
552: 0.560579
553: 0.559567
554: 0.56036
555: 0.561151
556: 0.560144
557: 0.560932
558: 0.561717
559: 0.5625
560: 0.561497
561: 0.562278
562: 0.561279
563: 0.562057
564: 0.562832
565: 0.561837
566: 0.56261
567: 0.56338
568: 0.56239
569: 0.561404
570: 0.56042
571: 0.559441
572: 0.560209
573: 0.560976
574: 0.561739
575: 0.5625
576: 0.561525
577: 0.562284
578: 0.56304
579: 0.563793
580: 0.564544
581: 0.565292
582: 0.564322
583: 0.563356
584: 0.562393
585: 0.561433
586: 0.562181
587: 0.561224
588: 0.561969
589: 0.561017
590: 0.56176
591: 0.560811
592: 0.559865
593: 0.560606
594: 0.559664
595: 0.560403
596: 0.561139
597: 0.560201
598: 0.559265
599: 0.558333
600: 0.559068
601: 0.559801
602: 0.560531
603: 0.561258
604: 0.561983
605: 0.562706
606: 0.563427
607: 0.564145
608: 0.56486
609: 0.563934
610: 0.563011
611: 0.562092
612: 0.561175
613: 0.560261
614: 0.560976
615: 0.560065
616: 0.559157
617: 0.558252
618: 0.558966
619: 0.559677
620: 0.560386
621: 0.559486
622: 0.560193
623: 0.560897
624: 0.56
625: 0.560703
626: 0.559809
627: 0.558917
628: 0.558029
629: 0.55873
630: 0.559429
631: 0.560127
632: 0.560821
633: 0.559937
634: 0.56063
635: 0.561321
636: 0.56044
637: 0.561129
638: 0.561815
639: 0.5625
640: 0.561622
641: 0.560748
642: 0.559876
643: 0.559006
644: 0.55969
645: 0.560372
646: 0.561051
647: 0.561728
648: 0.562404
649: 0.561538
650: 0.562212
651: 0.562883
652: 0.562021
653: 0.561162
654: 0.560305
655: 0.560976
656: 0.560122
657: 0.56079
658: 0.561457
659: 0.562121
660: 0.562784
661: 0.563444
662: 0.562594
663: 0.563253
664: 0.56391
665: 0.564565
666: 0.563718
667: 0.562874
668: 0.562033
669: 0.562687
670: 0.561848
671: 0.5625
672: 0.561664
673: 0.560831
674: 0.56
675: 0.559172
676: 0.558346
677: 0.557522
678: 0.556701
679: 0.557353
680: 0.558003
681: 0.557185
682: 0.557833
683: 0.55848
684: 0.559124
685: 0.559767
686: 0.558952
687: 0.559593
688: 0.560232
689: 0.56087
690: 0.561505
691: 0.562139
692: 0.562771
693: 0.56196
694: 0.56259
695: 0.563218
696: 0.563845
697: 0.56447
698: 0.563662
699: 0.564286
700: 0.564907
701: 0.564103
702: 0.5633
703: 0.56392
704: 0.563121
705: 0.563739
706: 0.562942
707: 0.562147
708: 0.562764
709: 0.561972
710: 0.562588
711: 0.563202
712: 0.562412
713: 0.563025
714: 0.563636
715: 0.564246
716: 0.564854
717: 0.56546
718: 0.564673
719: 0.563889
720: 0.563107
721: 0.563712
722: 0.564315
723: 0.563536
724: 0.564138
725: 0.563361
726: 0.563961
727: 0.563187
728: 0.562414
729: 0.563014
730: 0.563611
731: 0.564208
732: 0.564802
733: 0.565395
734: 0.565986
735: 0.565217
736: 0.56445
737: 0.565041
738: 0.565629
739: 0.564865
740: 0.565452
741: 0.56469
742: 0.565276
743: 0.56586
744: 0.566443
745: 0.567024
746: 0.567604
747: 0.566845
748: 0.567423
749: 0.566667
750: 0.565912
751: 0.56516
752: 0.564409
753: 0.564987
754: 0.565563
755: 0.566138
756: 0.566711
757: 0.565963
758: 0.565217
759: 0.565789
760: 0.56636
761: 0.566929
762: 0.567497
763: 0.568063
764: 0.568627
765: 0.567885
766: 0.568449
767: 0.56901
768: 0.56827
769: 0.567532
770: 0.568093
771: 0.568653
772: 0.567917
773: 0.568475
774: 0.569032
775: 0.568299
776: 0.568855
777: 0.568123
778: 0.568678
779: 0.569231
780: 0.568502
781: 0.567775
782: 0.568327
783: 0.567602
784: 0.568153
785: 0.56743
786: 0.56798
787: 0.567259
788: 0.56654
789: 0.565823
790: 0.566372
791: 0.566919
792: 0.567465
793: 0.56801
794: 0.568553
795: 0.567839
796: 0.567127
797: 0.566416
798: 0.566959
799: 0.56625
800: 0.565543
801: 0.566085
802: 0.566625
803: 0.56592
804: 0.565217
805: 0.565757
806: 0.565056
807: 0.565594
808: 0.564895
809: 0.564198
810: 0.564735
811: 0.564039
812: 0.564576
813: 0.565111
814: 0.564417
815: 0.563725
816: 0.564259
817: 0.56357
818: 0.562882
819: 0.562195
820: 0.562728
821: 0.562044
822: 0.561361
823: 0.56068
824: 0.56
825: 0.559322
826: 0.559855
827: 0.559179
828: 0.55971
829: 0.560241
830: 0.56077
831: 0.561298
832: 0.561825
833: 0.561151
834: 0.561677
835: 0.561005
836: 0.561529
837: 0.562053
838: 0.561383
839: 0.561905
840: 0.562426
841: 0.561758
842: 0.562278
843: 0.561611
844: 0.560947
845: 0.561466
846: 0.561983
847: 0.5625
848: 0.563015
849: 0.562353
850: 0.561692
851: 0.561033
852: 0.561547
853: 0.562061
854: 0.561404
855: 0.561916
856: 0.56126
857: 0.561772
858: 0.561118
859: 0.561628
860: 0.562137
861: 0.562645
862: 0.563152
863: 0.563657
864: 0.564162
865: 0.564665
866: 0.564014
867: 0.564516
868: 0.565017
869: 0.565517
870: 0.566016
871: 0.566514
872: 0.56701
873: 0.567506
874: 0.568
875: 0.568493
876: 0.567845
877: 0.568337
878: 0.568828
879: 0.568182
880: 0.567537
881: 0.568027
882: 0.567384
883: 0.566742
884: 0.567232
885: 0.56772
886: 0.56708
887: 0.566441
888: 0.565804
889: 0.566292
890: 0.565657
891: 0.565022
892: 0.56439
893: 0.564877
894: 0.564246
895: 0.564732
896: 0.565217
897: 0.564588
898: 0.56396
899: 0.564444
900: 0.563818
901: 0.564302
902: 0.563677
903: 0.563053
904: 0.563536
905: 0.564018
906: 0.564498
907: 0.563877
908: 0.564356
909: 0.563736
910: 0.563117
911: 0.5625
912: 0.562979
913: 0.563457
914: 0.563934
915: 0.56441
916: 0.564885
917: 0.56427
918: 0.563656
919: 0.56413
920: 0.564604
921: 0.563991
922: 0.564464
923: 0.564935
924: 0.564324
925: 0.564795
926: 0.564186
927: 0.564655
928: 0.565124
929: 0.564516
930: 0.56391
931: 0.563305
932: 0.562701
933: 0.562099
934: 0.561497
935: 0.561966
936: 0.562433
937: 0.561834
938: 0.5623
939: 0.561702
940: 0.562168
941: 0.562633
942: 0.562036
943: 0.5625
944: 0.561905
945: 0.562368
946: 0.56283
947: 0.562236
948: 0.562698
949: 0.563158
950: 0.562566
951: 0.563025
952: 0.562434
953: 0.562893
954: 0.562304
955: 0.561715
956: 0.561129
957: 0.561587
958: 0.561001
959: 0.561458
960: 0.561915
961: 0.561331
962: 0.560748
963: 0.560166
964: 0.559585
965: 0.559006
966: 0.558428
967: 0.558884
968: 0.558308
969: 0.557732
970: 0.557158
971: 0.557613
972: 0.558068
973: 0.558522
974: 0.557949
975: 0.557377
976: 0.55783
977: 0.558282
978: 0.558733
979: 0.558163
980: 0.558614
981: 0.559063
982: 0.558494
983: 0.558943
984: 0.559391
985: 0.559838
986: 0.559271
987: 0.559717
988: 0.559151
989: 0.558586
990: 0.558022
991: 0.558468
992: 0.557905
993: 0.557344
994: 0.556784
995: 0.556225
996: 0.555667
997: 0.55511
998: 0.555556
999: 0.555
1000: 0.554446
1001: 0.55489
1002: 0.555334
1003: 0.555777
1004: 0.556219
1005: 0.555666
1006: 0.555114
1007: 0.555556
1008: 0.555005
1009: 0.554455
1010: 0.553907
1011: 0.55336
1012: 0.553801
1013: 0.554241
1014: 0.553695
1015: 0.55315
1016: 0.552606
1017: 0.552063
1018: 0.552502
1019: 0.552941
1020: 0.553379
1021: 0.553816
1022: 0.554252
1023: 0.554688
1024: 0.555122
1025: 0.555556
1026: 0.555988
1027: 0.55642
1028: 0.555879
1029: 0.55534
1030: 0.555771
1031: 0.555233
1032: 0.554695
1033: 0.554159
1034: 0.553623
1035: 0.553089
1036: 0.552555
1037: 0.552023
1038: 0.552454
1039: 0.551923
1040: 0.551393
1041: 0.550864
1042: 0.550336
1043: 0.550766
1044: 0.551196
1045: 0.551625
1046: 0.551098
1047: 0.550573
1048: 0.551001
1049: 0.551429
1050: 0.551855
1051: 0.551331
1052: 0.551757
1053: 0.552182
1054: 0.552607
1055: 0.552083
1056: 0.552507
1057: 0.55293
1058: 0.553352
1059: 0.55283
1060: 0.553252
1061: 0.552731
1062: 0.553151
1063: 0.552632
1064: 0.553052
1065: 0.553471
1066: 0.552952
1067: 0.552434
1068: 0.551918
1069: 0.551402
1070: 0.551821
1071: 0.551306
1072: 0.551724
1073: 0.552142
1074: 0.551628
1075: 0.552045
1076: 0.552461
1077: 0.552876
1078: 0.55329
1079: 0.552778
1080: 0.552266
1081: 0.551756
1082: 0.55217
1083: 0.552583
1084: 0.552995
1085: 0.552486
1086: 0.551978
1087: 0.551471
1088: 0.550964
1089: 0.551376
1090: 0.550871
1091: 0.551282
1092: 0.551693
1093: 0.552102
1094: 0.551598
1095: 0.552007
1096: 0.552416
1097: 0.552823
1098: 0.55232
1099: 0.551818
1100: 0.551317
1101: 0.550817
1102: 0.550317
1103: 0.550725
1104: 0.550226
1105: 0.550633
1106: 0.551039
1107: 0.550542
1108: 0.550947
1109: 0.55045
1110: 0.549955
1111: 0.54946
1112: 0.548967
1113: 0.548474
1114: 0.547982
1115: 0.548387
1116: 0.547896
1117: 0.548301
1118: 0.547811
1119: 0.547321
1120: 0.546833
1121: 0.547237
1122: 0.54764
1123: 0.547153
1124: 0.547556
1125: 0.547957
1126: 0.547471
1127: 0.546986
1128: 0.546501
1129: 0.546903
1130: 0.546419
1131: 0.54682
1132: 0.54722
1133: 0.546737
1134: 0.546256
1135: 0.545775
1136: 0.546174
1137: 0.546573
1138: 0.546971
1139: 0.546491
1140: 0.546012
1141: 0.545534
1142: 0.545932
1143: 0.546329
1144: 0.546725
1145: 0.546248
1146: 0.546643
1147: 0.546167
1148: 0.546562
1149: 0.546957
1150: 0.54735
1151: 0.547743
1152: 0.548135
1153: 0.548527
1154: 0.548052
1155: 0.547578
1156: 0.547105
1157: 0.546632
1158: 0.547023
1159: 0.546552
1160: 0.546081
1161: 0.545611
1162: 0.546002
1163: 0.546392
1164: 0.546781
1165: 0.54717
1166: 0.546701
1167: 0.546233
1168: 0.546621
1169: 0.547009
1170: 0.547395
1171: 0.547782
1172: 0.548167
1173: 0.5477
1174: 0.548085
1175: 0.547619
1176: 0.547154
1177: 0.546689
1178: 0.546226
1179: 0.545763
1180: 0.545301
1181: 0.544839
1182: 0.545224
1183: 0.545608
1184: 0.545148
1185: 0.544688
1186: 0.545072
1187: 0.545455
1188: 0.545837
1189: 0.546218
1190: 0.54576
1191: 0.545302
1192: 0.545683
1193: 0.545226
1194: 0.54477
1195: 0.545151
1196: 0.54553
1197: 0.54591
1198: 0.546289
1199: 0.545833
1200: 0.545379
1201: 0.545757
1202: 0.545303
1203: 0.54485
1204: 0.545228
1205: 0.545605
1206: 0.545982
1207: 0.546358
1208: 0.545906
1209: 0.545455
1210: 0.545004
1211: 0.544554
1212: 0.544106
1213: 0.544481
1214: 0.544856
1215: 0.54523
1216: 0.544782
1217: 0.544335
1218: 0.543888
1219: 0.544262
1220: 0.544636
1221: 0.545008
1222: 0.544563
1223: 0.544118
1224: 0.54449
1225: 0.544861
1226: 0.545232
1227: 0.545603
1228: 0.545972
1229: 0.546341
1230: 0.54671
1231: 0.546266
1232: 0.545823
1233: 0.546191
1234: 0.545749
1235: 0.546117
1236: 0.546483
1237: 0.54685
1238: 0.546408
1239: 0.546774
1240: 0.547139
1241: 0.546699
1242: 0.546259
1243: 0.546624
1244: 0.546988
1245: 0.546549
1246: 0.546111
1247: 0.546474
1248: 0.546037
1249: 0.5456
1250: 0.545164
1251: 0.544728
1252: 0.545092
1253: 0.545455
1254: 0.545817
1255: 0.545382
1256: 0.544948
1257: 0.544515
1258: 0.544083
1259: 0.543651
1260: 0.54322
1261: 0.542789
1262: 0.542359
1263: 0.542722
1264: 0.542292
1265: 0.541864
1266: 0.542226
1267: 0.542587
1268: 0.542947
1269: 0.54252
1270: 0.542093
1271: 0.541667
1272: 0.542027
1273: 0.541601
1274: 0.541176
1275: 0.540752
1276: 0.540329
1277: 0.540689
1278: 0.540266
1279: 0.539844
1280: 0.540203
1281: 0.539782
1282: 0.54014
1283: 0.540498
1284: 0.540856
1285: 0.541213
1286: 0.54157
1287: 0.541925
1288: 0.542281
1289: 0.54186
1290: 0.541441
1291: 0.541796
1292: 0.54215
1293: 0.541731
1294: 0.542085
1295: 0.542438
1296: 0.54202
1297: 0.542373
1298: 0.542725
1299: 0.542308
1300: 0.541891
1301: 0.542243
1302: 0.541827
1303: 0.541411
1304: 0.540996
1305: 0.540582
1306: 0.540933
1307: 0.541284
1308: 0.541635
1309: 0.541221
1310: 0.540809
1311: 0.540396
1312: 0.540746
1313: 0.540335
1314: 0.540684
1315: 0.540274
1316: 0.540623
1317: 0.540212
1318: 0.539803
1319: 0.539394
1320: 0.539743
1321: 0.539334
1322: 0.539683
1323: 0.539275
1324: 0.539623
1325: 0.53997
1326: 0.539563
1327: 0.53991
1328: 0.540256
1329: 0.53985
1330: 0.540195
1331: 0.540541
1332: 0.540885
1333: 0.54048
1334: 0.540075
1335: 0.539671
1336: 0.539267
1337: 0.539611
1338: 0.539955
1339: 0.539552
1340: 0.53915
1341: 0.538748
1342: 0.539092
1343: 0.539435
1344: 0.539777
1345: 0.540119
1346: 0.539718
1347: 0.540059
1348: 0.5404
1349: 0.54
1350: 0.54034
1351: 0.539941
1352: 0.540281
1353: 0.54062
1354: 0.540959
1355: 0.541298
1356: 0.541636
1357: 0.541973
1358: 0.541575
1359: 0.541176
1360: 0.540779
1361: 0.541116
1362: 0.541453
1363: 0.541789
1364: 0.542125
1365: 0.541728
1366: 0.541331
1367: 0.541667
1368: 0.542001
1369: 0.542336
1370: 0.54267
1371: 0.543003
1372: 0.543336
1373: 0.54294
1374: 0.542545
1375: 0.542151
1376: 0.542484
1377: 0.542816
1378: 0.542422
1379: 0.542029
1380: 0.541636
1381: 0.541968
1382: 0.541576
1383: 0.541185
1384: 0.540794
1385: 0.540404
1386: 0.540014
1387: 0.540346
1388: 0.540677
1389: 0.541007
1390: 0.541337
1391: 0.540948
1392: 0.54056
1393: 0.540172
1394: 0.540502
1395: 0.540831
1396: 0.540444
1397: 0.540773
1398: 0.540386
1399: 0.54
1400: 0.539615
1401: 0.53923
1402: 0.539558
1403: 0.539886
1404: 0.539502
1405: 0.539829
1406: 0.540156
1407: 0.540483
1408: 0.540099
1409: 0.539716
1410: 0.540043
1411: 0.540368
1412: 0.539986
1413: 0.540311
1414: 0.539929
1415: 0.540254
1416: 0.540579
1417: 0.540903
1418: 0.541226
1419: 0.540845
1420: 0.540464
1421: 0.540788
1422: 0.540408
1423: 0.54073
1424: 0.541053
1425: 0.541374
1426: 0.540995
1427: 0.541317
1428: 0.540938
1429: 0.541259
1430: 0.541579
1431: 0.541899
1432: 0.542219
1433: 0.541841
1434: 0.54216
1435: 0.542479
1436: 0.542102
1437: 0.541725
1438: 0.541348
1439: 0.541667
1440: 0.541985
1441: 0.542302
1442: 0.54262
1443: 0.542936
1444: 0.542561
1445: 0.542185
1446: 0.542502
1447: 0.542818
1448: 0.542443
1449: 0.542069
1450: 0.542385
1451: 0.5427
1452: 0.543014
1453: 0.543329
1454: 0.543643
1455: 0.543269
1456: 0.542896
1457: 0.542524
1458: 0.542152
1459: 0.541781
1460: 0.54141
1461: 0.541724
1462: 0.541353
1463: 0.540984
1464: 0.541297
1465: 0.54161
1466: 0.541922
1467: 0.542234
1468: 0.541865
1469: 0.541497
1470: 0.541128
1471: 0.540761
1472: 0.541073
1473: 0.541384
1474: 0.541017
1475: 0.54065
1476: 0.540284
1477: 0.540595
1478: 0.540906
1479: 0.540541
1480: 0.540851
1481: 0.540486
1482: 0.540796
1483: 0.541105
1484: 0.541414
1485: 0.541723
1486: 0.542031
1487: 0.542339
1488: 0.541974
1489: 0.541611
1490: 0.541247
1491: 0.540885
1492: 0.540522
1493: 0.540161
1494: 0.540468
1495: 0.540775
1496: 0.541082
1497: 0.540721
1498: 0.541027
1499: 0.540667
1500: 0.540973
1501: 0.540613
1502: 0.540253
1503: 0.539894
1504: 0.540199
1505: 0.539841
1506: 0.540146
1507: 0.540451
1508: 0.540755
1509: 0.540397
1510: 0.540702
1511: 0.541005
1512: 0.541309
1513: 0.541612
1514: 0.541254
1515: 0.540897
1516: 0.540541
1517: 0.540843
1518: 0.541145
1519: 0.540789
1520: 0.541091
1521: 0.540736
1522: 0.541037
1523: 0.541339
1524: 0.540984
1525: 0.541284
1526: 0.54093
1527: 0.54123
1528: 0.54153
1529: 0.541176
1530: 0.541476
1531: 0.541123
1532: 0.54077
1533: 0.540417
1534: 0.540717
1535: 0.541016
1536: 0.540664
1537: 0.540962
1538: 0.540611
1539: 0.540909
1540: 0.540558
1541: 0.540208
1542: 0.540506
1543: 0.540803
1544: 0.540453
1545: 0.540103
1546: 0.539754
1547: 0.540052
1548: 0.540349
1549: 0.54
1550: 0.539652
1551: 0.539304
1552: 0.538957
1553: 0.539254
1554: 0.53955
1555: 0.539846
1556: 0.539499
1557: 0.539153
1558: 0.538807
1559: 0.539103
1560: 0.538757
1561: 0.538412
1562: 0.538708
1563: 0.539003
1564: 0.538658
1565: 0.538314
1566: 0.538609
1567: 0.538265
1568: 0.53856
1569: 0.538217
1570: 0.538511
1571: 0.538804
1572: 0.539097
1573: 0.538755
1574: 0.539048
1575: 0.538706
1576: 0.538998
1577: 0.538657
1578: 0.538949
1579: 0.539241
1580: 0.538899
1581: 0.539191
1582: 0.539482
1583: 0.539141
1584: 0.539432
1585: 0.539092
1586: 0.538752
1587: 0.539043
1588: 0.538704
1589: 0.538365
1590: 0.538026
1591: 0.538317
1592: 0.538606
1593: 0.538269
1594: 0.537931
1595: 0.537594
1596: 0.537257
1597: 0.537547
1598: 0.537211
1599: 0.536875
1600: 0.537164
1601: 0.537453
1602: 0.537742
1603: 0.537406
1604: 0.537695
1605: 0.537983
1606: 0.53827
1607: 0.538557
1608: 0.538222
1609: 0.538509
1610: 0.538175
1611: 0.538462
1612: 0.538128
1613: 0.538414
1614: 0.53808
1615: 0.537748
1616: 0.537415
1617: 0.537701
1618: 0.537986
1619: 0.538272
1620: 0.538556
1621: 0.538841
1622: 0.539125
1623: 0.539409
1624: 0.539692
1625: 0.539975
1626: 0.539644
1627: 0.539312
1628: 0.538981
1629: 0.53865
1630: 0.53832
1631: 0.53799
1632: 0.538273
1633: 0.538556
1634: 0.538838
1635: 0.538509
1636: 0.53879
1637: 0.538462
1638: 0.538743
1639: 0.539024
1640: 0.539305
1641: 0.539586
1642: 0.539866
1643: 0.540146
1644: 0.540426
1645: 0.540705
1646: 0.540984
1647: 0.540655
1648: 0.540934
1649: 0.540606
1650: 0.540279
1651: 0.540557
1652: 0.54023
1653: 0.540508
1654: 0.540181
1655: 0.540459
1656: 0.540736
1657: 0.541013
1658: 0.540687
1659: 0.540361
1660: 0.540638
1661: 0.540915
1662: 0.541191
1663: 0.540865
1664: 0.541141
1665: 0.541417
1666: 0.541092
1667: 0.540767
1668: 0.541043
1669: 0.540719
1670: 0.540395
1671: 0.54067
1672: 0.540944
1673: 0.540621
1674: 0.540299
1675: 0.539976
1676: 0.539654
1677: 0.539333
1678: 0.539011
1679: 0.539286
1680: 0.53956
1681: 0.539239
1682: 0.539513
1683: 0.539192
1684: 0.538872
1685: 0.539146
1686: 0.539419
1687: 0.539692
1688: 0.539372
1689: 0.539053
1690: 0.538734
1691: 0.538416
1692: 0.538098
1693: 0.53778
1694: 0.537463
1695: 0.537146
1696: 0.537419
1697: 0.537102
1698: 0.536786
1699: 0.536471
1700: 0.536155
1701: 0.536428
1702: 0.536113
1703: 0.536385
1704: 0.53607
1705: 0.536342
1706: 0.536028
1707: 0.5363
1708: 0.536571
1709: 0.536842
1710: 0.537113
1711: 0.536799
1712: 0.536486
1713: 0.536173
1714: 0.53586
1715: 0.535548
1716: 0.535818
1717: 0.536088
1718: 0.535777
1719: 0.536047
1720: 0.536316
1721: 0.536005
1722: 0.536274
1723: 0.536543
1724: 0.536812
1725: 0.536501
1726: 0.53619
1727: 0.536458
1728: 0.536726
1729: 0.536416
1730: 0.536106
1731: 0.535797
1732: 0.535488
1733: 0.535179
1734: 0.535447
1735: 0.535138
1736: 0.53483
1737: 0.535098
1738: 0.535365
1739: 0.535632
1740: 0.535325
1741: 0.535017
1742: 0.53471
1743: 0.534977
1744: 0.535244
1745: 0.53551
1746: 0.535776
1747: 0.536041
1748: 0.535735
1749: 0.535429
1750: 0.535694
1751: 0.535959
1752: 0.536224
1753: 0.535918
1754: 0.536182
1755: 0.536446
1756: 0.536141
1757: 0.535836
1758: 0.5361
1759: 0.536364
1760: 0.536627
1761: 0.53689
1762: 0.536585
1763: 0.536848
1764: 0.53711
1765: 0.537373
1766: 0.537068
1767: 0.53733
1768: 0.537027
1769: 0.537288
1770: 0.537549
1771: 0.537246
1772: 0.537507
1773: 0.537768
1774: 0.538028
1775: 0.538288
1776: 0.538548
1777: 0.538245
1778: 0.538505
1779: 0.538764
1780: 0.539023
1781: 0.539282
1782: 0.538979
1783: 0.538677
1784: 0.538936
1785: 0.539194
1786: 0.538892
1787: 0.53915
1788: 0.538849
1789: 0.539106
1790: 0.539363
1791: 0.539621
1792: 0.539877
1793: 0.539576
1794: 0.539276
1795: 0.539532
1796: 0.539789
1797: 0.540044
1798: 0.539744
1799: 0.54
1800: 0.5397
1801: 0.539956
1802: 0.540211
1803: 0.540466
1804: 0.54072
1805: 0.540975
1806: 0.541229
1807: 0.541482
1808: 0.541183
1809: 0.541436
1810: 0.541137
1811: 0.540839
1812: 0.541092
1813: 0.540794
1814: 0.541047
1815: 0.5413
1816: 0.541552
1817: 0.541804
1818: 0.542056
1819: 0.541758
1820: 0.54201
1821: 0.541712
1822: 0.541415
1823: 0.541118
1824: 0.54137
1825: 0.541073
1826: 0.540777
1827: 0.540481
1828: 0.540186
1829: 0.539891
1830: 0.540142
1831: 0.540393
1832: 0.540644
1833: 0.540349
1834: 0.540054
1835: 0.540305
1836: 0.540555
1837: 0.540805
1838: 0.541055
1839: 0.541304
1840: 0.541554
1841: 0.54126
1842: 0.541508
1843: 0.541757
1844: 0.542005
1845: 0.542254
1846: 0.542501
1847: 0.542208
1848: 0.542455
1849: 0.542703
1850: 0.54295
1851: 0.542657
1852: 0.542364
1853: 0.542071
1854: 0.542318
1855: 0.542565
1856: 0.542811
1857: 0.543057
1858: 0.543303
1859: 0.543011
1860: 0.542719
1861: 0.542427
1862: 0.542673
1863: 0.542382
1864: 0.542091
1865: 0.542337
1866: 0.542582
1867: 0.542827
1868: 0.543071
1869: 0.542781
1870: 0.542491
1871: 0.542201
1872: 0.542445
1873: 0.542156
1874: 0.541867
1875: 0.542111
1876: 0.542355
1877: 0.542599
1878: 0.542842
1879: 0.543085
1880: 0.543328
1881: 0.543571
1882: 0.543813
1883: 0.544055
1884: 0.543767
1885: 0.543478
1886: 0.54319
1887: 0.543432
1888: 0.543145
1889: 0.542857
1890: 0.543099
1891: 0.54334
1892: 0.543053
1893: 0.542767
1894: 0.54248
1895: 0.542722
1896: 0.542963
1897: 0.543203
1898: 0.542917
1899: 0.543158
1900: 0.543398
1901: 0.543638
1902: 0.543878
1903: 0.544118
1904: 0.543832
1905: 0.543547
1906: 0.543786
1907: 0.543501
1908: 0.54374
1909: 0.543455
1910: 0.543694
1911: 0.54341
1912: 0.543126
1913: 0.542842
1914: 0.543081
1915: 0.542797
1916: 0.542514
1917: 0.542231
1918: 0.541949
1919: 0.541667
1920: 0.541905
1921: 0.541623
1922: 0.541862
1923: 0.5421
1924: 0.541818
1925: 0.542056
1926: 0.541775
1927: 0.541494
1928: 0.541213
1929: 0.540933
1930: 0.540653
1931: 0.540373
1932: 0.54061
1933: 0.540848
1934: 0.540568
1935: 0.540289
1936: 0.540527
1937: 0.540248
1938: 0.539969
1939: 0.540206
1940: 0.540443
1941: 0.540165
1942: 0.539887
1943: 0.539609
1944: 0.539332
1945: 0.539054
1946: 0.538778
1947: 0.538501
1948: 0.538225
1949: 0.537949
1950: 0.538186
1951: 0.538422
1952: 0.538146
1953: 0.537871
1954: 0.537596
1955: 0.537321
1956: 0.537557
1957: 0.537794
1958: 0.53803
1959: 0.538265
1960: 0.537991
1961: 0.538226
1962: 0.538462
1963: 0.538697
1964: 0.538422
1965: 0.538657
1966: 0.538892
1967: 0.538618
1968: 0.538852
1969: 0.538579
1970: 0.538305
1971: 0.53854
1972: 0.538267
1973: 0.538501
1974: 0.538734
1975: 0.538462
1976: 0.538189
1977: 0.538423
1978: 0.538656
1979: 0.538889
1980: 0.538617
1981: 0.538345
1982: 0.538074
1983: 0.538306
1984: 0.538035
1985: 0.538268
1986: 0.5385
1987: 0.538229
1988: 0.537959
1989: 0.538191
1990: 0.538423
1991: 0.538153
1992: 0.538384
1993: 0.538616
1994: 0.538346
1995: 0.538076
1996: 0.537807
1997: 0.538038
1998: 0.538269
1999: 0.5385
2000: 0.538731
2001: 0.538462
2002: 0.538692
2003: 0.538922
2004: 0.538653
2005: 0.538883
2006: 0.538615
2007: 0.538347
2008: 0.538079
2009: 0.538308
2010: 0.538041
2011: 0.537773
2012: 0.538003
2013: 0.538232
2014: 0.538462
2015: 0.538194
2016: 0.538423
2017: 0.538652
2018: 0.538881
2019: 0.538614
2020: 0.538347
2021: 0.538081
2022: 0.538309
2023: 0.538043
2024: 0.538272
2025: 0.5385
2026: 0.538727
2027: 0.538462
2028: 0.538689
2029: 0.538916
2030: 0.538651
2031: 0.538878
2032: 0.538613
2033: 0.538348
2034: 0.538084
2035: 0.53831
2036: 0.538046
2037: 0.538273
2038: 0.538009
2039: 0.538235
2040: 0.537972
2041: 0.537708
2042: 0.537934
2043: 0.53816
2044: 0.538386
2045: 0.538123
2046: 0.538349
2047: 0.538574
2048: 0.538799
2049: 0.539024
2050: 0.539249
2051: 0.539474
2052: 0.539698
2053: 0.539922
2054: 0.540146
2055: 0.54037
2056: 0.540593
2057: 0.54033
2058: 0.540554
2059: 0.540777
2060: 0.541
2061: 0.541222
2062: 0.541444
2063: 0.541182
2064: 0.541404
2065: 0.541142
2066: 0.541364
2067: 0.541586
2068: 0.541324
2069: 0.541546
2070: 0.541767
2071: 0.541988
2072: 0.542209
2073: 0.54243
2074: 0.542169
2075: 0.541908
2076: 0.541647
2077: 0.541386
2078: 0.541126
2079: 0.541346
2080: 0.541086
2081: 0.540826
2082: 0.541047
2083: 0.540787
2084: 0.540528
2085: 0.540268
2086: 0.540489
2087: 0.540709
2088: 0.54045
2089: 0.54067
2090: 0.540411
2091: 0.540631
2092: 0.54085
2093: 0.540592
2094: 0.540334
2095: 0.540553
2096: 0.540773
2097: 0.540991
2098: 0.54121
2099: 0.540952
2100: 0.540695
2101: 0.540438
2102: 0.540656
2103: 0.540875
2104: 0.541093
2105: 0.541311
2106: 0.541054
2107: 0.540797
2108: 0.541015
2109: 0.540758
2110: 0.540976
2111: 0.541193
2112: 0.540937
2113: 0.541154
2114: 0.540898
2115: 0.540643
2116: 0.54086
2117: 0.541076
2118: 0.540821
2119: 0.541038
2120: 0.541254
2121: 0.54147
2122: 0.541686
2123: 0.541431
2124: 0.541647
2125: 0.541863
2126: 0.541608
2127: 0.541823
2128: 0.541569
2129: 0.541315
2130: 0.54153
2131: 0.541745
2132: 0.541491
2133: 0.541706
2134: 0.54192
2135: 0.541667
2136: 0.541881
2137: 0.541628
2138: 0.541374
2139: 0.541121
2140: 0.540869
2141: 0.540616
2142: 0.540364
2143: 0.540578
2144: 0.540793
2145: 0.541007
2146: 0.54122
2147: 0.541434
2148: 0.541647
2149: 0.541395
2150: 0.541609
2151: 0.541822
2152: 0.542034
2153: 0.542247
2154: 0.542459
2155: 0.542672
2156: 0.542884
2157: 0.543095
2158: 0.543307
2159: 0.543056
2160: 0.543267
2161: 0.543016
2162: 0.542765
2163: 0.542514
2164: 0.542725
2165: 0.542936
2166: 0.543147
2167: 0.543358
2168: 0.543107
2169: 0.542857
2170: 0.542607
2171: 0.542818
2172: 0.542568
2173: 0.542778
2174: 0.542529
2175: 0.542739
2176: 0.54249
2177: 0.5427
2178: 0.54291
2179: 0.543119
2180: 0.543329
2181: 0.54308
2182: 0.543289
2183: 0.543498
2184: 0.543707
2185: 0.543458
2186: 0.54321
2187: 0.543419
2188: 0.54317
2189: 0.542922
2190: 0.543131
2191: 0.542883
2192: 0.542636
2193: 0.542388
2194: 0.542597
2195: 0.54235
2196: 0.542103
2197: 0.541856
2198: 0.54161
2199: 0.541364
2200: 0.541118
2201: 0.540872
2202: 0.54108
2203: 0.541289
2204: 0.541497
2205: 0.541251
2206: 0.541459
2207: 0.541667
2208: 0.541874
2209: 0.542081
2210: 0.541836
2211: 0.541591
2212: 0.541798
2213: 0.541554
2214: 0.541309
2215: 0.541065
2216: 0.540821
2217: 0.541028
2218: 0.541235
2219: 0.541441
2220: 0.541648
2221: 0.541854
2222: 0.54161
2223: 0.541817
2224: 0.542022
2225: 0.541779
2226: 0.541985
2227: 0.54219
2228: 0.541947
2229: 0.542152
2230: 0.542358
2231: 0.542563
2232: 0.542768
2233: 0.542525
2234: 0.542729
2235: 0.542487
2236: 0.542691
2237: 0.542895
2238: 0.542653
2239: 0.542857
2240: 0.542615
2241: 0.542819
2242: 0.543023
2243: 0.543226
2244: 0.542984
2245: 0.543188
2246: 0.543391
2247: 0.543594
2248: 0.543797
2249: 0.543556
2250: 0.543758
2251: 0.543961
2252: 0.543719
2253: 0.543478
2254: 0.543237
2255: 0.542996
2256: 0.543199
2257: 0.542958
2258: 0.543161
2259: 0.543363
2260: 0.543565
2261: 0.543324
2262: 0.543526
2263: 0.543728
2264: 0.543488
2265: 0.543248
2266: 0.543008
2267: 0.54321
2268: 0.54297
2269: 0.543172
2270: 0.543373
2271: 0.543134
2272: 0.543335
2273: 0.543536
2274: 0.543297
2275: 0.543058
2276: 0.543259
2277: 0.543459
2278: 0.543659
2279: 0.54386
2280: 0.543621
2281: 0.543383
2282: 0.543145
2283: 0.543345
2284: 0.543545
2285: 0.543745
2286: 0.543944
2287: 0.543706
2288: 0.543906
2289: 0.544105
2290: 0.543867
2291: 0.544066
2292: 0.543829
2293: 0.544028
2294: 0.544227
2295: 0.54399
2296: 0.543753
2297: 0.543516
2298: 0.54328
2299: 0.543478
2300: 0.543677
2301: 0.54344
2302: 0.543639
2303: 0.543837
2304: 0.544035
2305: 0.544232
2306: 0.54443
2307: 0.544194
2308: 0.544392
2309: 0.544156
2310: 0.544353
2311: 0.54455
2312: 0.544747
2313: 0.544944
2314: 0.544708
2315: 0.544905
2316: 0.54467
2317: 0.544435
2318: 0.544631
2319: 0.544828
2320: 0.544593
2321: 0.544789
2322: 0.544554
2323: 0.54432
2324: 0.544516
2325: 0.544712
2326: 0.544478
2327: 0.544244
2328: 0.54401
2329: 0.544206
2330: 0.544402
2331: 0.544168
2332: 0.544363
2333: 0.544559
2334: 0.544325
2335: 0.544092
2336: 0.544288
2337: 0.544482
2338: 0.544677
2339: 0.544872
2340: 0.544639
2341: 0.544833
2342: 0.544601
2343: 0.544369
2344: 0.544563
2345: 0.544331
2346: 0.544099
2347: 0.543867
2348: 0.544061
2349: 0.54383
2350: 0.544024
2351: 0.543793
2352: 0.543986
2353: 0.54418
2354: 0.544374
2355: 0.544567
2356: 0.54476
2357: 0.544529
2358: 0.544722
2359: 0.544492
2360: 0.544261
2361: 0.544454
2362: 0.544647
2363: 0.544416
2364: 0.544186
2365: 0.544379
2366: 0.544571
2367: 0.544764
2368: 0.544534
2369: 0.544726
2370: 0.544918
2371: 0.54511
2372: 0.54488
2373: 0.54465
2374: 0.544421
2375: 0.544613
2376: 0.544804
2377: 0.544575
2378: 0.544346
2379: 0.544538
2380: 0.544309
2381: 0.5445
2382: 0.544692
2383: 0.544883
2384: 0.544654
2385: 0.544426
2386: 0.544198
2387: 0.544389
2388: 0.544579
2389: 0.544351
2390: 0.544124
2391: 0.543896
2392: 0.544087
2393: 0.544277
2394: 0.544468
2395: 0.54424
2396: 0.544431
2397: 0.544204
2398: 0.544393
2399: 0.544583
2400: 0.544773
2401: 0.544963
2402: 0.544736
2403: 0.544925
2404: 0.545114
2405: 0.545303
2406: 0.545077
2407: 0.545266
2408: 0.545039
2409: 0.544813
2410: 0.545002
2411: 0.545191
2412: 0.544965
2413: 0.545153
2414: 0.544928
2415: 0.545116
2416: 0.54489
2417: 0.545079
2418: 0.545267
2419: 0.545455
2420: 0.545229
2421: 0.545004
2422: 0.545192
2423: 0.544967
2424: 0.544742
2425: 0.54493
2426: 0.544705
2427: 0.544481
2428: 0.544257
2429: 0.544444
2430: 0.54422
2431: 0.544408
2432: 0.544184
2433: 0.544371
2434: 0.544559
2435: 0.544335
2436: 0.544522
2437: 0.544299
2438: 0.544075
2439: 0.544262
2440: 0.544449
2441: 0.544226
2442: 0.544413
2443: 0.544599
2444: 0.544376
2445: 0.544563
2446: 0.54434
2447: 0.544526
2448: 0.544304
2449: 0.544082
2450: 0.544268
2451: 0.544454
2452: 0.544639
2453: 0.544417
2454: 0.544196
2455: 0.544381
2456: 0.54416
2457: 0.544345
2458: 0.544124
2459: 0.543902
2460: 0.544088
2461: 0.544273
2462: 0.544458
2463: 0.544643
2464: 0.544422
2465: 0.544607
2466: 0.544791
2467: 0.544571
2468: 0.54435
2469: 0.54413
2470: 0.544314
2471: 0.544094
2472: 0.543874
2473: 0.543654
2474: 0.543434
2475: 0.543215
2476: 0.542996
2477: 0.542776
2478: 0.542557
2479: 0.542339
2480: 0.54212
2481: 0.542305
2482: 0.542489
2483: 0.542673
2484: 0.542455
2485: 0.542639
2486: 0.542823
2487: 0.543006
2488: 0.542788
2489: 0.54257
2490: 0.542352
2491: 0.542135
2492: 0.542318
2493: 0.542502
2494: 0.542285
2495: 0.542468
2496: 0.542251
2497: 0.542434
2498: 0.542217
2499: 0.542
2500: 0.542183
2501: 0.542366
2502: 0.542149
2503: 0.541933
2504: 0.542116
2505: 0.542298
2506: 0.542481
2507: 0.542663
2508: 0.542846
2509: 0.542629
2510: 0.542413
2511: 0.542596
2512: 0.542778
2513: 0.542562
2514: 0.542346
2515: 0.542528
2516: 0.54271
2517: 0.542891
2518: 0.543073
2519: 0.542857
2520: 0.542642
2521: 0.542427
2522: 0.542212
2523: 0.541997
2524: 0.542178
2525: 0.542359
2526: 0.542541
2527: 0.542722
2528: 0.542507
2529: 0.542292
2530: 0.542473
2531: 0.542259
2532: 0.542045
2533: 0.542226
2534: 0.542406
2535: 0.542192
2536: 0.542373
2537: 0.542159
2538: 0.54234
2539: 0.54252
2540: 0.5427
2541: 0.54288
2542: 0.543059
2543: 0.542846
2544: 0.543026
2545: 0.543205
2546: 0.542992
2547: 0.543171
2548: 0.54335
2549: 0.543529
2550: 0.543316
2551: 0.543103
2552: 0.542891
2553: 0.542678
2554: 0.542466
2555: 0.542645
2556: 0.542824
2557: 0.542611
2558: 0.54279
2559: 0.542578
2560: 0.542366
2561: 0.542545
2562: 0.542723
2563: 0.542512
2564: 0.54269
2565: 0.542479
2566: 0.542267
2567: 0.542445
2568: 0.542234
2569: 0.542023
2570: 0.542201
2571: 0.541991
2572: 0.542169
2573: 0.542347
2574: 0.542136
2575: 0.541925
2576: 0.541715
2577: 0.541505
2578: 0.541295
2579: 0.541085
2580: 0.540876
2581: 0.540666
2582: 0.540844
2583: 0.540635
2584: 0.540426
2585: 0.540603
2586: 0.540394
2587: 0.540185
2588: 0.540363
2589: 0.540154
2590: 0.539946
2591: 0.539738
2592: 0.539915
2593: 0.540093
2594: 0.54027
2595: 0.540062
2596: 0.539854
2597: 0.539646
2598: 0.539823
2599: 0.539615
2600: 0.539408
2601: 0.539585
2602: 0.539762
2603: 0.539939
2604: 0.539731
2605: 0.539524
2606: 0.539701
2607: 0.539494
2608: 0.539287
2609: 0.539464
2610: 0.539257
2611: 0.539433
2612: 0.53961
2613: 0.539403
2614: 0.539197
2615: 0.538991
2616: 0.538785
2617: 0.538579
2618: 0.538373
2619: 0.538168
2620: 0.538344
2621: 0.53852
2622: 0.538696
2623: 0.538491
2624: 0.538286
2625: 0.538462
2626: 0.538257
2627: 0.538432
2628: 0.538227
2629: 0.538023
2630: 0.537818
2631: 0.537994
2632: 0.538169
2633: 0.537965
2634: 0.537761
2635: 0.537936
2636: 0.538111
2637: 0.538287
2638: 0.538083
2639: 0.538258
2640: 0.538432
2641: 0.538607
2642: 0.538782
2643: 0.538578
2644: 0.538752
2645: 0.538927
2646: 0.539101
2647: 0.538897
2648: 0.539071
2649: 0.539245
2650: 0.539419
2651: 0.539216
2652: 0.539389
2653: 0.539563
2654: 0.539736
2655: 0.53991
2656: 0.539706
2657: 0.539503
2658: 0.5393
2659: 0.539098
2660: 0.538895
2661: 0.539068
2662: 0.538866
2663: 0.539039
2664: 0.538837
2665: 0.53901
2666: 0.539183
2667: 0.539355
2668: 0.539528
2669: 0.539326
2670: 0.539124
2671: 0.538922
2672: 0.539095
2673: 0.538893
2674: 0.538692
2675: 0.53849
2676: 0.538663
2677: 0.538835
2678: 0.539007
2679: 0.538806
2680: 0.538605
2681: 0.538777
2682: 0.538949
2683: 0.539121
2684: 0.53892
2685: 0.539092
2686: 0.539263
2687: 0.539435
2688: 0.539606
2689: 0.539405
2690: 0.539205
2691: 0.539376
2692: 0.539176
2693: 0.539347
2694: 0.539147
2695: 0.538947
2696: 0.538747
2697: 0.538547
2698: 0.538348
2699: 0.538519
2700: 0.538319
2701: 0.53849
2702: 0.538661
2703: 0.538462
2704: 0.538262
2705: 0.538064
2706: 0.538234
2707: 0.538405
2708: 0.538575
2709: 0.538745
2710: 0.538916
2711: 0.539086
2712: 0.538887
2713: 0.538688
2714: 0.53849
2715: 0.538292
2716: 0.538462
2717: 0.538631
2718: 0.538433
2719: 0.538235
2720: 0.538037
2721: 0.53784
2722: 0.537642
2723: 0.537445
2724: 0.537248
2725: 0.537417
2726: 0.53722
2727: 0.537023
2728: 0.536827
2729: 0.536996
2730: 0.537166
2731: 0.537335
2732: 0.537505
2733: 0.537308
2734: 0.537112
2735: 0.537281
2736: 0.537084
2737: 0.536888
2738: 0.537057
2739: 0.536861
2740: 0.536665
2741: 0.53647
2742: 0.536639
2743: 0.536443
2744: 0.536248
2745: 0.536417
2746: 0.536585
2747: 0.536754
2748: 0.536923
2749: 0.537091
2750: 0.536896
2751: 0.537064
2752: 0.536869
2753: 0.536674
2754: 0.536479
2755: 0.536647
2756: 0.536815
2757: 0.536983
2758: 0.536789
2759: 0.536957
2760: 0.537124
2761: 0.53693
2762: 0.537097
2763: 0.537265
2764: 0.537432
2765: 0.537238
2766: 0.537405
2767: 0.537572
2768: 0.537378
2769: 0.537545
2770: 0.537351
2771: 0.537157
2772: 0.537324
2773: 0.53713
2774: 0.537297
2775: 0.537464
2776: 0.53727
2777: 0.537077
2778: 0.536884
2779: 0.536691
2780: 0.536857
2781: 0.537024
2782: 0.536831
2783: 0.536638
2784: 0.536804
2785: 0.536971
2786: 0.537137
2787: 0.536944
2788: 0.536752
2789: 0.536559
2790: 0.536725
2791: 0.536533
2792: 0.536699
2793: 0.536507
2794: 0.536315
2795: 0.536481
2796: 0.536646
2797: 0.536812
2798: 0.536977
2799: 0.536786
2800: 0.536951
2801: 0.536759
2802: 0.536925
2803: 0.536733
2804: 0.536542
2805: 0.536351
2806: 0.536516
2807: 0.536325
2808: 0.53649
2809: 0.536299
2810: 0.536464
2811: 0.536629
2812: 0.536438
2813: 0.536603
2814: 0.536412
2815: 0.536222
2816: 0.536386
2817: 0.536196
2818: 0.536006
2819: 0.535816
2820: 0.535626
2821: 0.535436
2822: 0.535246
2823: 0.535411
2824: 0.535575
2825: 0.535386
2826: 0.53555
2827: 0.535714
2828: 0.535525
2829: 0.535336
2830: 0.535147
2831: 0.535311
2832: 0.535122
2833: 0.534933
2834: 0.534744
2835: 0.534908
2836: 0.535072
2837: 0.534884
2838: 0.534695
2839: 0.534859
2840: 0.535023
2841: 0.535186
2842: 0.534998
2843: 0.535162
2844: 0.534974
2845: 0.535137
2846: 0.5353
2847: 0.535463
2848: 0.535627
2849: 0.535789
2850: 0.535602
2851: 0.535414
2852: 0.535577
2853: 0.535739
2854: 0.535902
2855: 0.535714
2856: 0.535527
2857: 0.535339
2858: 0.535152
2859: 0.534965
2860: 0.534778
2861: 0.534941
2862: 0.534754
2863: 0.534567
2864: 0.53438
2865: 0.534194
2866: 0.534356
2867: 0.534519
2868: 0.534681
2869: 0.534495
2870: 0.534657
2871: 0.534819
2872: 0.534633
2873: 0.534795
2874: 0.534957
2875: 0.535118
2876: 0.534932
2877: 0.534746
2878: 0.534908
2879: 0.535069
2880: 0.534884
2881: 0.534698
2882: 0.534513
2883: 0.534674
2884: 0.534835
2885: 0.534997
2886: 0.535158
2887: 0.535319
2888: 0.535479
2889: 0.535294
2890: 0.535109
2891: 0.534924
2892: 0.534739
2893: 0.534554
2894: 0.53437
2895: 0.534185
2896: 0.534001
2897: 0.533816
2898: 0.533632
2899: 0.533448
2900: 0.533609
2901: 0.53377
2902: 0.53393
2903: 0.534091
2904: 0.533907
2905: 0.534067
2906: 0.533884
2907: 0.534044
2908: 0.534204
2909: 0.534021
2910: 0.533837
2911: 0.533997
2912: 0.533814
2913: 0.533974
2914: 0.533791
2915: 0.533608
2916: 0.533425
2917: 0.533242
2918: 0.533059
2919: 0.533219
2920: 0.533037
2921: 0.533196
2922: 0.533356
2923: 0.533516
2924: 0.533675
2925: 0.533835
2926: 0.533652
2927: 0.53347
2928: 0.533629
2929: 0.533788
2930: 0.533606
2931: 0.533424
2932: 0.533242
2933: 0.533061
2934: 0.53322
2935: 0.533038
2936: 0.533197
2937: 0.533356
2938: 0.533515
2939: 0.533673
2940: 0.533832
2941: 0.533651
2942: 0.533469
2943: 0.533288
2944: 0.533107
2945: 0.533265
2946: 0.533424
2947: 0.533582
2948: 0.53374
2949: 0.533898
2950: 0.534056
2951: 0.533875
2952: 0.534033
2953: 0.534191
2954: 0.534349
2955: 0.534506
2956: 0.534664
2957: 0.534483
2958: 0.534302
2959: 0.534459
2960: 0.534617
2961: 0.534774
2962: 0.534931
2963: 0.535088
2964: 0.535245
2965: 0.535064
2966: 0.535221
2967: 0.535377
2968: 0.535534
2969: 0.53569
2970: 0.535847
2971: 0.536003
2972: 0.536159
2973: 0.535978
2974: 0.536134
2975: 0.53629
2976: 0.536446
2977: 0.536266
2978: 0.536422
2979: 0.536242
2980: 0.536062
2981: 0.536217
2982: 0.536373
2983: 0.536193
2984: 0.536348
2985: 0.536504
2986: 0.536324
2987: 0.536479
2988: 0.5363
2989: 0.53612
2990: 0.536275
2991: 0.536096
2992: 0.535917
2993: 0.536072
2994: 0.536227
2995: 0.536048
2996: 0.536203
2997: 0.536024
2998: 0.536179
2999: 0.536333
3000: 0.536488
3001: 0.536309
3002: 0.536464
3003: 0.536285
3004: 0.536439
3005: 0.536261
3006: 0.536082
3007: 0.536237
3008: 0.536391
3009: 0.536213
3010: 0.536367
3011: 0.536189
3012: 0.536011
3013: 0.536165
3014: 0.536318
3015: 0.536141
3016: 0.535963
3017: 0.535785
3018: 0.535939
3019: 0.536093
3020: 0.535915
3021: 0.535738
3022: 0.535561
3023: 0.535384
3024: 0.535537
3025: 0.53536
3026: 0.535514
3027: 0.535337
3028: 0.53516
3029: 0.534983
3030: 0.535137
3031: 0.53496
3032: 0.535114
3033: 0.534937
3034: 0.535091
3035: 0.535244
3036: 0.535397
3037: 0.53555
3038: 0.535703
3039: 0.535855
3040: 0.536008
3041: 0.53616
3042: 0.536313
3043: 0.536137
3044: 0.535961
3045: 0.536113
3046: 0.536265
3047: 0.536089
3048: 0.535913
3049: 0.535738
3050: 0.535562
3051: 0.535387
3052: 0.535539
3053: 0.535363
3054: 0.535188
3055: 0.535013
3056: 0.535165
3057: 0.53499
3058: 0.534815
3059: 0.534967
3060: 0.534793
3061: 0.534944
3062: 0.535096
3063: 0.534922
3064: 0.534747
3065: 0.534573
3066: 0.534398
3067: 0.534224
3068: 0.53405
3069: 0.534202
3070: 0.534028
3071: 0.533854
3072: 0.53368
3073: 0.533832
3074: 0.533659
3075: 0.53381
3076: 0.533637
3077: 0.533463
3078: 0.533615
3079: 0.533766
3080: 0.533918
3081: 0.534069
3082: 0.53422
3083: 0.534047
3084: 0.533874
3085: 0.533701
3086: 0.533852
3087: 0.533679
3088: 0.533506
3089: 0.533333
3090: 0.533484
3091: 0.533635
3092: 0.533463
3093: 0.533613
3094: 0.533441
3095: 0.533269
3096: 0.533419
3097: 0.533247
3098: 0.533075
3099: 0.532903
3100: 0.533054
3101: 0.533204
3102: 0.533033
3103: 0.533183
3104: 0.533333
3105: 0.533162
3106: 0.533312
3107: 0.533462
3108: 0.53329
3109: 0.533119
3110: 0.532948
3111: 0.533098
3112: 0.533248
3113: 0.533076
3114: 0.532905
3115: 0.533055
3116: 0.532884
3117: 0.533034
3118: 0.533184
3119: 0.533333
3120: 0.533483
3121: 0.533312
3122: 0.533141
3123: 0.533291
3124: 0.53312
3125: 0.532949
3126: 0.533099
3127: 0.533248
3128: 0.533078
3129: 0.532907
3130: 0.532737
3131: 0.532567
3132: 0.532716
3133: 0.532546
3134: 0.532376
3135: 0.532207
3136: 0.532356
3137: 0.532505
3138: 0.532335
3139: 0.532166
3140: 0.531996
3141: 0.532145
3142: 0.532294
3143: 0.532125
3144: 0.531955
3145: 0.531786
3146: 0.531617
3147: 0.531766
3148: 0.531597
3149: 0.531746
3150: 0.531577
3151: 0.531726
3152: 0.531874
3153: 0.532023
3154: 0.532171
3155: 0.532319
3156: 0.532468
3157: 0.532299
3158: 0.532447
3159: 0.532278
3160: 0.532426
3161: 0.532574
3162: 0.532722
3163: 0.53287
3164: 0.532701
3165: 0.532849
3166: 0.532681
3167: 0.532513
3168: 0.532345
3169: 0.532177
3170: 0.532324
3171: 0.532156
3172: 0.531989
3173: 0.532136
3174: 0.532283
3175: 0.532431
3176: 0.532263
3177: 0.532096
3178: 0.531928
3179: 0.532075
3180: 0.531908
3181: 0.532055
3182: 0.532202
3183: 0.532349
3184: 0.532182
3185: 0.532329
3186: 0.532476
3187: 0.532309
3188: 0.532142
3189: 0.532288
3190: 0.532435
3191: 0.532268
3192: 0.532101
3193: 0.531935
3194: 0.532081
3195: 0.531915
3196: 0.531749
3197: 0.531895
3198: 0.532041
3199: 0.531875
3200: 0.532021
3201: 0.532167
3202: 0.532001
3203: 0.532147
3204: 0.531981
3205: 0.531815
3206: 0.53165
3207: 0.531484
3208: 0.53163
3209: 0.531464
3210: 0.53161
3211: 0.531756
3212: 0.531902
3213: 0.531736
3214: 0.531571
3215: 0.531405
3216: 0.531551
3217: 0.531386
3218: 0.531221
3219: 0.531366
3220: 0.531201
3221: 0.531037
3222: 0.531182
3223: 0.531017
3224: 0.530853
3225: 0.530998
3226: 0.531143
3227: 0.530979
3228: 0.530814
3229: 0.53065
3230: 0.530486
3231: 0.530322
3232: 0.530158
3233: 0.530303
3234: 0.530448
3235: 0.530284
3236: 0.530429
3237: 0.530574
3238: 0.530719
3239: 0.530864
3240: 0.531009
3241: 0.530845
3242: 0.530681
3243: 0.530518
3244: 0.530354
3245: 0.530191
3246: 0.530028
3247: 0.529865
3248: 0.530009
3249: 0.530154
3250: 0.530298
3251: 0.530135
3252: 0.529972
3253: 0.529809
3254: 0.529647
3255: 0.529791
3256: 0.529936
3257: 0.53008
3258: 0.529917
3259: 0.529755
3260: 0.529592
3261: 0.52943
3262: 0.529574
3263: 0.529718
3264: 0.529862
3265: 0.530006
3266: 0.53015
3267: 0.530294
3268: 0.530437
3269: 0.530275
3270: 0.530419
3271: 0.530257
3272: 0.530095
3273: 0.529933
3274: 0.530076
3275: 0.529915
3276: 0.530058
3277: 0.530201
3278: 0.530345
3279: 0.530488
3280: 0.530631
3281: 0.530469
3282: 0.530308
3283: 0.530146
3284: 0.529985
3285: 0.530128
3286: 0.529967
3287: 0.530109
3288: 0.530252
3289: 0.530395
3290: 0.530234
3291: 0.530377
3292: 0.530519
3293: 0.530662
3294: 0.530501
3295: 0.53034
3296: 0.530482
3297: 0.530321
3298: 0.530464
3299: 0.530303
3300: 0.530142
3301: 0.530285
3302: 0.530427
3303: 0.530266
3304: 0.530408
3305: 0.530551
3306: 0.530692
3307: 0.530834
3308: 0.530674
3309: 0.530514
3310: 0.530655
3311: 0.530495
3312: 0.530335
3313: 0.530175
3314: 0.530015
3315: 0.530157
3316: 0.530298
3317: 0.53044
3318: 0.530582
3319: 0.530422
3320: 0.530563
3321: 0.530704
3322: 0.530545
3323: 0.530686
3324: 0.530827
3325: 0.530667
3326: 0.530508
3327: 0.530349
3328: 0.53049
3329: 0.53033
3330: 0.530471
3331: 0.530312
3332: 0.530153
3333: 0.530294
3334: 0.530135
3335: 0.529976
3336: 0.529817
3337: 0.529658
3338: 0.529799
3339: 0.529641
3340: 0.529482
3341: 0.529623
3342: 0.529764
3343: 0.529605
3344: 0.529746
3345: 0.529588
3346: 0.529728
3347: 0.52957
3348: 0.529412
3349: 0.529254
3350: 0.529394
3351: 0.529236
3352: 0.529377
3353: 0.529517
3354: 0.529657
3355: 0.529797
3356: 0.529937
3357: 0.530077
3358: 0.530217
3359: 0.53006
3360: 0.530199
3361: 0.530339
3362: 0.530181
3363: 0.530024
3364: 0.529866
3365: 0.529709
3366: 0.529849
3367: 0.529988
3368: 0.529831
3369: 0.529674
3370: 0.529516
3371: 0.529656
3372: 0.529795
3373: 0.529935
3374: 0.530074
3375: 0.530213
3376: 0.530352
3377: 0.530491
3378: 0.53063
3379: 0.530473
3380: 0.530612
3381: 0.530455
3382: 0.530299
3383: 0.530437
3384: 0.530576
3385: 0.530419
3386: 0.530263
3387: 0.530106
3388: 0.530245
3389: 0.530383
3390: 0.530227
3391: 0.530071
3392: 0.529915
3393: 0.530053
3394: 0.530191
3395: 0.53033
3396: 0.530174
3397: 0.530312
3398: 0.53045
3399: 0.530588
3400: 0.530726
3401: 0.53057
3402: 0.530414
3403: 0.530259
3404: 0.530103
3405: 0.530241
3406: 0.530085
3407: 0.52993
3408: 0.530067
3409: 0.529912
3410: 0.529757
3411: 0.529601
3412: 0.529739
3413: 0.529584
3414: 0.529429
3415: 0.529567
3416: 0.529704
3417: 0.529842
3418: 0.529687
3419: 0.529532
3420: 0.529377
3421: 0.529223
3422: 0.529068
3423: 0.529206
3424: 0.529051
3425: 0.528897
3426: 0.528742
3427: 0.528588
3428: 0.528434
3429: 0.528571
3430: 0.528709
3431: 0.528846
3432: 0.528983
3433: 0.529121
3434: 0.528967
3435: 0.528813
3436: 0.528659
3437: 0.528796
3438: 0.528642
3439: 0.528488
3440: 0.528625
3441: 0.528472
3442: 0.528318
3443: 0.528165
3444: 0.528012
3445: 0.527858
3446: 0.527995
3447: 0.528132
3448: 0.527979
3449: 0.528116
3450: 0.528253
3451: 0.528389
3452: 0.528526
3453: 0.528662
3454: 0.528509
3455: 0.528646
3456: 0.528782
3457: 0.528629
3458: 0.528766
3459: 0.528613
3460: 0.52846
3461: 0.528596
3462: 0.528732
3463: 0.52858
3464: 0.528427
3465: 0.528275
3466: 0.528122
3467: 0.528258
3468: 0.528394
3469: 0.52853
3470: 0.528666
3471: 0.528514
3472: 0.52865
3473: 0.528785
3474: 0.528921
3475: 0.528769
3476: 0.528617
3477: 0.528465
3478: 0.5286
3479: 0.528448
3480: 0.528584
3481: 0.528432
3482: 0.528567
3483: 0.528703
3484: 0.528838
3485: 0.528686
3486: 0.528535
3487: 0.52867
3488: 0.528805
3489: 0.52894
3490: 0.529075
3491: 0.528923
3492: 0.528772
3493: 0.528907
3494: 0.529041
3495: 0.529176
3496: 0.529311
3497: 0.52916
3498: 0.529294
3499: 0.529143
3500: 0.529277
3501: 0.529412
3502: 0.529261
3503: 0.529395
3504: 0.529244
3505: 0.529093
3506: 0.528942
3507: 0.529076
3508: 0.529211
3509: 0.529345
3510: 0.529194
3511: 0.529043
3512: 0.528893
3513: 0.528742
3514: 0.528876
3515: 0.528726
3516: 0.52886
3517: 0.528709
3518: 0.528843
3519: 0.528693
3520: 0.528827
3521: 0.528677
3522: 0.528811
3523: 0.528661
3524: 0.528511
3525: 0.528644
3526: 0.528494
3527: 0.528628
3528: 0.528762
3529: 0.528612
3530: 0.528745
3531: 0.528596
3532: 0.528729
3533: 0.52858
3534: 0.52843
3535: 0.528281
3536: 0.528414
3537: 0.528547
3538: 0.52868
3539: 0.528814
3540: 0.528664
3541: 0.528797
3542: 0.52893
3543: 0.529063
3544: 0.529196
3545: 0.529047
3546: 0.52918
3547: 0.529312
3548: 0.529163
3549: 0.529014
3550: 0.528865
3551: 0.528998
3552: 0.528849
3553: 0.528981
3554: 0.529114
3555: 0.528965
3556: 0.528816
3557: 0.528949
3558: 0.529081
3559: 0.529213
3560: 0.529065
3561: 0.529197
3562: 0.529329
3563: 0.529461
3564: 0.529593
3565: 0.529725
3566: 0.529577
3567: 0.529709
3568: 0.52956
3569: 0.529692
3570: 0.529824
3571: 0.529955
3572: 0.530087
3573: 0.530218
3574: 0.53035
3575: 0.530481
3576: 0.530333
3577: 0.530184
3578: 0.530036
3579: 0.529888
3580: 0.53002
3581: 0.530151
3582: 0.530282
3583: 0.530134
3584: 0.530265
3585: 0.530396
3586: 0.530527
3587: 0.530658
3588: 0.530789
3589: 0.530919
3590: 0.530771
3591: 0.530902
3592: 0.530754
3593: 0.530607
3594: 0.530459
3595: 0.53059
3596: 0.53072
3597: 0.53085
3598: 0.530703
3599: 0.530833
3600: 0.530686
3601: 0.530816
3602: 0.530946
3603: 0.531077
3604: 0.531207
3605: 0.531337
3606: 0.531189
3607: 0.531042
3608: 0.530895
3609: 0.531025
3610: 0.530878
3611: 0.531008
3612: 0.530861
3613: 0.530991
3614: 0.530844
3615: 0.530973
3616: 0.530827
3617: 0.530956
3618: 0.531086
3619: 0.531215
3620: 0.531069
3621: 0.530922
3622: 0.530776
3623: 0.530905
3624: 0.531034
3625: 0.530888
3626: 0.531017
3627: 0.530871
3628: 0.530725
3629: 0.530854
3630: 0.530708
3631: 0.530837
3632: 0.530691
3633: 0.530545
3634: 0.530399
3635: 0.530253
3636: 0.530382
3637: 0.530511
3638: 0.530365
3639: 0.53022
3640: 0.530074
3641: 0.530203
3642: 0.530332
3643: 0.530187
3644: 0.530316
3645: 0.530444
3646: 0.530573
3647: 0.530428
3648: 0.530556
3649: 0.530411
3650: 0.530266
3651: 0.53012
3652: 0.530249
3653: 0.530378
3654: 0.530233
3655: 0.530361
3656: 0.530489
3657: 0.530618
3658: 0.530473
3659: 0.530601
3660: 0.530729
3661: 0.530857
3662: 0.530986
3663: 0.531114
3664: 0.530969
3665: 0.531097
3666: 0.531224
3667: 0.53108
3668: 0.530935
3669: 0.53079
3670: 0.530918
3671: 0.531046
3672: 0.530901
3673: 0.530757
3674: 0.530612
3675: 0.53074
3676: 0.530868
3677: 0.530995
3678: 0.531123
3679: 0.530978
3680: 0.531106
3681: 0.531233
3682: 0.53136
3683: 0.531488
3684: 0.531615
3685: 0.53147
3686: 0.531598
3687: 0.531453
3688: 0.53158
3689: 0.531436
3690: 0.531563
3691: 0.53169
3692: 0.531817
3693: 0.531944
3694: 0.53207
3695: 0.532197
3696: 0.532053
3697: 0.531909
3698: 0.532036
3699: 0.531892
3700: 0.532018
3701: 0.531875
3702: 0.531731
3703: 0.531587
3704: 0.531714
3705: 0.53184
3706: 0.531967
3707: 0.531823
3708: 0.531949
3709: 0.532075
3710: 0.532202
3711: 0.532058
3712: 0.531915
3713: 0.532041
3714: 0.531898
3715: 0.531755
3716: 0.531612
3717: 0.531469
3718: 0.531595
3719: 0.53172
3720: 0.531846
3721: 0.531703
3722: 0.531561
3723: 0.531418
3724: 0.531275
3725: 0.531133
3726: 0.53099
3727: 0.530848
3728: 0.530705
3729: 0.530563
3730: 0.530421
3731: 0.530547
3732: 0.530672
3733: 0.530798
3734: 0.530656
3735: 0.530782
3736: 0.53064
3737: 0.530498
3738: 0.530356
3739: 0.530481
3740: 0.530607
3741: 0.530465
3742: 0.53059
3743: 0.530716
3744: 0.530841
3745: 0.530966
3746: 0.531092
3747: 0.53095
3748: 0.530808
3749: 0.530667
3750: 0.530792
3751: 0.530917
3752: 0.531042
3753: 0.531167
3754: 0.531292
3755: 0.53115
3756: 0.531275
3757: 0.531134
3758: 0.530992
3759: 0.531117
3760: 0.531242
3761: 0.5311
3762: 0.530959
3763: 0.530818
3764: 0.530943
3765: 0.530802
3766: 0.530926
3767: 0.530786
3768: 0.53091
3769: 0.531034
3770: 0.530894
3771: 0.530753
3772: 0.530612
3773: 0.530472
3774: 0.530596
3775: 0.53072
3776: 0.53058
3777: 0.530439
3778: 0.530299
3779: 0.530423
3780: 0.530283
3781: 0.530143
3782: 0.530267
3783: 0.530391
3784: 0.530251
3785: 0.530375
3786: 0.530499
3787: 0.530623
3788: 0.530747
3789: 0.530871
3790: 0.530994
3791: 0.530854
3792: 0.530714
3793: 0.530838
3794: 0.530698
3795: 0.530558
3796: 0.530682
3797: 0.530806
3798: 0.530666
3799: 0.530789
3800: 0.53065
3801: 0.53051
3802: 0.530634
3803: 0.530494
3804: 0.530355
3805: 0.530215
3806: 0.530339
3807: 0.5302
3808: 0.53006
3809: 0.530184
3810: 0.530307
3811: 0.530168
3812: 0.530291
3813: 0.530152
3814: 0.530275
3815: 0.530398
3816: 0.530521
3817: 0.530644
3818: 0.530767
3819: 0.530628
3820: 0.530751
3821: 0.530874
3822: 0.530997
3823: 0.530858
3824: 0.530719
3825: 0.530842
3826: 0.530703
3827: 0.530564
3828: 0.530426
3829: 0.530548
3830: 0.530671
3831: 0.530793
3832: 0.530655
3833: 0.530777
3834: 0.530639
3835: 0.530501
3836: 0.530623
3837: 0.530745
3838: 0.530607
3839: 0.530469
3840: 0.530331
3841: 0.530193
3842: 0.530315
3843: 0.530437
3844: 0.530559
3845: 0.530421
3846: 0.530283
3847: 0.530405
3848: 0.530268
3849: 0.53039
3850: 0.530252
3851: 0.530374
3852: 0.530236
3853: 0.530099
3854: 0.53022
3855: 0.530083
3856: 0.530205
3857: 0.530067
3858: 0.52993
3859: 0.530052
3860: 0.530174
3861: 0.530036
3862: 0.529899
3863: 0.529762
3864: 0.529625
3865: 0.529488
3866: 0.52961
3867: 0.529473
3868: 0.529336
3869: 0.529199
3870: 0.529062
3871: 0.529184
3872: 0.529305
3873: 0.529427
3874: 0.52929
3875: 0.529154
3876: 0.529017
3877: 0.528881
3878: 0.529002
3879: 0.528866
3880: 0.52873
3881: 0.528594
3882: 0.528457
3883: 0.528579
3884: 0.528443
3885: 0.528307
3886: 0.528171
3887: 0.528292
3888: 0.528156
3889: 0.528021
3890: 0.528142
3891: 0.528263
3892: 0.528127
3893: 0.528249
3894: 0.52837
3895: 0.528234
3896: 0.528099
3897: 0.52822
3898: 0.528084
3899: 0.528205
3900: 0.528326
3901: 0.528191
3902: 0.528055
3903: 0.52792
3904: 0.528041
3905: 0.528162
3906: 0.528283
3907: 0.528403
3908: 0.528524
3909: 0.528389
3910: 0.528254
3911: 0.528119
3912: 0.528239
3913: 0.52836
3914: 0.52848
3915: 0.528601
3916: 0.528721
3917: 0.528841
3918: 0.528706
3919: 0.528571
3920: 0.528692
3921: 0.528812
3922: 0.528677
3923: 0.528542
3924: 0.528662
3925: 0.528782
3926: 0.528902
3927: 0.528768
3928: 0.528888
3929: 0.528753
3930: 0.528873
3931: 0.528993
3932: 0.529113
3933: 0.529232
3934: 0.529352
3935: 0.529217
3936: 0.529083
3937: 0.529203
3938: 0.529068
3939: 0.528934
3940: 0.529054
3941: 0.528919
3942: 0.528785
3943: 0.528905
3944: 0.529024
3945: 0.52889
3946: 0.529009
3947: 0.528875
3948: 0.528995
3949: 0.529114
3950: 0.529233
3951: 0.529352
3952: 0.529218
3953: 0.529084
3954: 0.529204
3955: 0.529323
3956: 0.529441
3957: 0.529308
3958: 0.529427
3959: 0.529545
3960: 0.529412
3961: 0.529278
3962: 0.529397
3963: 0.529263
3964: 0.529382
3965: 0.529249
3966: 0.529367
3967: 0.529234
3968: 0.529352
3969: 0.529471
3970: 0.52959
3971: 0.529456
3972: 0.529575
3973: 0.529441
3974: 0.529308
3975: 0.529175
3976: 0.529293
3977: 0.529412
3978: 0.529279
3979: 0.529397
3980: 0.529515
3981: 0.529382
3982: 0.529249
3983: 0.529116
3984: 0.529235
3985: 0.529353
3986: 0.52922
3987: 0.529338
3988: 0.529205
3989: 0.529323
3990: 0.529441
3991: 0.529309
3992: 0.529176
3993: 0.529294
3994: 0.529412
3995: 0.529279
3996: 0.529397
3997: 0.529265
3998: 0.529132
3999: 0.529
4000: 0.529118
4001: 0.528986
4002: 0.529103
4003: 0.528971
4004: 0.528839
4005: 0.528707
4006: 0.528825
4007: 0.528693
4008: 0.528561
4009: 0.528429
4010: 0.528297
4011: 0.528415
4012: 0.528532
4013: 0.52865
4014: 0.528767
4015: 0.528635
4016: 0.528753
4017: 0.52887
4018: 0.528738
4019: 0.528607
4020: 0.528724
4021: 0.528841
4022: 0.52871
4023: 0.528579
4024: 0.528447
4025: 0.528564
4026: 0.528681
4027: 0.528798
4028: 0.528667
4029: 0.528536
4030: 0.528653
4031: 0.52877
4032: 0.528639
4033: 0.528756
4034: 0.528625
4035: 0.528494
4036: 0.528363
4037: 0.528232
4038: 0.528101
4039: 0.528218
4040: 0.528087
4041: 0.528204
4042: 0.528321
4043: 0.528437
4044: 0.528554
4045: 0.52867
4046: 0.528787
4047: 0.528656
4048: 0.528773
4049: 0.528889
4050: 0.529005
4051: 0.528875
4052: 0.528744
4053: 0.52886
4054: 0.52873
4055: 0.528846
4056: 0.528716
4057: 0.528586
4058: 0.528455
4059: 0.528571
4060: 0.528688
4061: 0.528804
4062: 0.528673
4063: 0.528789
4064: 0.528905
4065: 0.529021
4066: 0.529137
4067: 0.529007
4068: 0.528877
4069: 0.528747
4070: 0.528617
4071: 0.528733
4072: 0.528849
4073: 0.528719
4074: 0.528834
4075: 0.52895
4076: 0.529065
4077: 0.529181
4078: 0.529051
4079: 0.529167
4080: 0.529282
4081: 0.529152
4082: 0.529268
4083: 0.529138
4084: 0.529009
4085: 0.528879
4086: 0.52875
4087: 0.52862
4088: 0.528736
4089: 0.528606
4090: 0.528722
4091: 0.528837
4092: 0.528708
4093: 0.528823
4094: 0.528938
4095: 0.529053
4096: 0.529168
4097: 0.529039
4098: 0.528909
4099: 0.529024
4100: 0.529139
4101: 0.529254
4102: 0.529125
4103: 0.528996
4104: 0.529111
4105: 0.528982
4106: 0.528853
4107: 0.528968
4108: 0.528839
4109: 0.52871
4110: 0.528825
4111: 0.52894
4112: 0.529054
4113: 0.528926
4114: 0.52904
4115: 0.528912
4116: 0.528783
4117: 0.528898
4118: 0.529012
4119: 0.528883
4120: 0.528998
4121: 0.528869
4122: 0.528741
4123: 0.528613
4124: 0.528485
4125: 0.528357
4126: 0.528229
4127: 0.528343
4128: 0.528215
4129: 0.528087
4130: 0.528201
4131: 0.528074
4132: 0.527946
4133: 0.52806
4134: 0.528174
4135: 0.528046
4136: 0.527919
4137: 0.528033
4138: 0.528147
4139: 0.528019
4140: 0.528133
4141: 0.528247
4142: 0.528361
4143: 0.528475
4144: 0.528347
4145: 0.528461
4146: 0.528575
4147: 0.528447
4148: 0.528561
4149: 0.528675
4150: 0.528547
4151: 0.528661
4152: 0.528534
4153: 0.528647
4154: 0.52852
4155: 0.528633
4156: 0.528506
4157: 0.52862
4158: 0.528492
4159: 0.528606
4160: 0.528719
4161: 0.528832
4162: 0.528705
4163: 0.528818
4164: 0.528691
4165: 0.528565
4166: 0.528438
4167: 0.528311
4168: 0.528184
4169: 0.528297
4170: 0.52841
4171: 0.528523
4172: 0.528397
4173: 0.52851
4174: 0.528383
4175: 0.528257
4176: 0.52837
4177: 0.528483
4178: 0.528595
4179: 0.528708
4180: 0.528821
4181: 0.528934
4182: 0.528807
4183: 0.52892
4184: 0.529032
4185: 0.528906
4186: 0.529018
4187: 0.528892
4188: 0.529005
4189: 0.529117
4190: 0.528991
4191: 0.529103
4192: 0.529215
4193: 0.529328
4194: 0.52944
4195: 0.529552
4196: 0.529426
4197: 0.5293
4198: 0.529412
4199: 0.529286
4200: 0.529398
4201: 0.52951
4202: 0.529384
4203: 0.529258
4204: 0.529132
4205: 0.529006
4206: 0.529118
4207: 0.52923
4208: 0.529342
4209: 0.529454
4210: 0.529328
4211: 0.52944
4212: 0.529551
4213: 0.529426
4214: 0.529537
4215: 0.529649
4216: 0.52976
4217: 0.529872
4218: 0.529983
4219: 0.530095
4220: 0.530206
4221: 0.530317
4222: 0.530192
4223: 0.530066
4224: 0.529941
4225: 0.530052
4226: 0.530163
4227: 0.530038
4228: 0.530149
4229: 0.53026
4230: 0.530371
4231: 0.530482
4232: 0.530357
4233: 0.530468
4234: 0.530579
4235: 0.530689
4236: 0.530564
4237: 0.530675
4238: 0.53055
4239: 0.53066
4240: 0.530535
4241: 0.530646
4242: 0.530757
4243: 0.530867
4244: 0.530978
4245: 0.531088
4246: 0.530963
4247: 0.530838
4248: 0.530713
4249: 0.530588
4250: 0.530463
4251: 0.530574
4252: 0.530449
4253: 0.530559
4254: 0.53067
4255: 0.53078
4256: 0.53089
4257: 0.531
4258: 0.531111
4259: 0.531221
4260: 0.531331
4261: 0.531206
4262: 0.531316
4263: 0.531191
4264: 0.531301
4265: 0.531411
4266: 0.531521
4267: 0.531396
4268: 0.531272
4269: 0.531148
4270: 0.531023
4271: 0.531133
4272: 0.531009
4273: 0.530884
4274: 0.53076
4275: 0.530636
4276: 0.530512
4277: 0.530388
4278: 0.530264
4279: 0.530374
4280: 0.530484
4281: 0.530593
4282: 0.530703
4283: 0.530812
4284: 0.530688
4285: 0.530565
4286: 0.530441
4287: 0.530317
4288: 0.530427
4289: 0.530536
4290: 0.530646
4291: 0.530755
4292: 0.530864
4293: 0.530741
4294: 0.530617
4295: 0.530493
4296: 0.53037
4297: 0.530479
4298: 0.530589
4299: 0.530698
4300: 0.530574
4301: 0.530683
4302: 0.530792
4303: 0.530669
4304: 0.530778
4305: 0.530887
4306: 0.530764
4307: 0.530873
4308: 0.53075
4309: 0.530858
4310: 0.530735
4311: 0.530612
4312: 0.530721
4313: 0.53083
4314: 0.530939
4315: 0.530816
4316: 0.530924
4317: 0.531033
4318: 0.531141
4319: 0.53125
4320: 0.531127
4321: 0.531236
4322: 0.531344
4323: 0.531221
4324: 0.531098
4325: 0.530975
4326: 0.530853
4327: 0.53073
4328: 0.530608
4329: 0.530485
4330: 0.530593
4331: 0.530702
4332: 0.530579
4333: 0.530688
4334: 0.530565
4335: 0.530443
4336: 0.530551
4337: 0.530659
4338: 0.530537
4339: 0.530415
4340: 0.530293
4341: 0.53017
4342: 0.530279
4343: 0.530157
4344: 0.530035
4345: 0.530143
4346: 0.530021
4347: 0.529899
4348: 0.530007
4349: 0.529885
4350: 0.529993
4351: 0.530101
4352: 0.530209
4353: 0.530317
4354: 0.530425
4355: 0.530303
4356: 0.530411
4357: 0.530519
4358: 0.530626
4359: 0.530734
4360: 0.530612
4361: 0.530491
4362: 0.530369
4363: 0.530247
4364: 0.530126
4365: 0.530234
4366: 0.530112
4367: 0.53022
4368: 0.530327
4369: 0.530435
4370: 0.530542
4371: 0.530421
4372: 0.530528
4373: 0.530636
4374: 0.530514
4375: 0.530393
4376: 0.5305
4377: 0.530608
4378: 0.530486
4379: 0.530594
4380: 0.530472
4381: 0.530351
4382: 0.53023
4383: 0.530338
4384: 0.530217
4385: 0.530096
4386: 0.530203
4387: 0.53031
4388: 0.530417
4389: 0.530296
4390: 0.530403
4391: 0.53051
4392: 0.530389
4393: 0.530496
4394: 0.530603
4395: 0.53071
4396: 0.530816
4397: 0.530923
4398: 0.53103
4399: 0.531136
4400: 0.531243
4401: 0.531349
4402: 0.531229
4403: 0.531335
4404: 0.531442
4405: 0.531321
4406: 0.5312
4407: 0.531307
4408: 0.531413
4409: 0.531519
4410: 0.531399
4411: 0.531278
4412: 0.531385
4413: 0.531491
4414: 0.531597
4415: 0.531703
4416: 0.531809
4417: 0.531915
4418: 0.531795
4419: 0.531674
4420: 0.531554
4421: 0.53166
4422: 0.53154
4423: 0.53142
4424: 0.531525
4425: 0.531405
4426: 0.531511
4427: 0.531617
4428: 0.531723
4429: 0.531828
4430: 0.531934
4431: 0.53204
4432: 0.532145
4433: 0.532251
4434: 0.532356
4435: 0.532462
4436: 0.532342
4437: 0.532222
4438: 0.532102
4439: 0.532207
4440: 0.532313
4441: 0.532418
4442: 0.532298
4443: 0.532403
4444: 0.532508
4445: 0.532614
4446: 0.532719
4447: 0.532599
4448: 0.532704
4449: 0.532584
4450: 0.532689
4451: 0.53257
4452: 0.53245
4453: 0.53233
4454: 0.532211
4455: 0.532316
4456: 0.532421
4457: 0.532301
4458: 0.532182
4459: 0.532063
4460: 0.532168
4461: 0.532048
4462: 0.532153
4463: 0.532034
4464: 0.531915
4465: 0.53202
4466: 0.532124
4467: 0.532229
4468: 0.532334
4469: 0.532438
4470: 0.532543
4471: 0.532424
4472: 0.532305
4473: 0.532409
4474: 0.532514
4475: 0.532395
4476: 0.532276
4477: 0.532157
4478: 0.532262
4479: 0.532143
4480: 0.532247
4481: 0.532129
4482: 0.53201
4483: 0.532114
4484: 0.532219
4485: 0.532323
4486: 0.532204
4487: 0.532308
4488: 0.53219
4489: 0.532071
4490: 0.532175
4491: 0.53228
4492: 0.532384
4493: 0.532265
4494: 0.532369
4495: 0.532473
4496: 0.532577
4497: 0.532459
4498: 0.532341
4499: 0.532444
4500: 0.532548
4501: 0.53243
4502: 0.532534
4503: 0.532416
4504: 0.532519
4505: 0.532401
4506: 0.532505
4507: 0.532387
4508: 0.532269
4509: 0.532373
4510: 0.532476
4511: 0.53258
4512: 0.532683
4513: 0.532565
4514: 0.532447
4515: 0.532551
4516: 0.532654
4517: 0.532758
4518: 0.532861
4519: 0.532743
4520: 0.532847
4521: 0.53295
4522: 0.533053
4523: 0.533156
4524: 0.53326
4525: 0.533363
4526: 0.533245
4527: 0.533127
4528: 0.53323
4529: 0.533113
4530: 0.533216
4531: 0.533098
4532: 0.53298
4533: 0.532863
4534: 0.532966
4535: 0.532848
4536: 0.532731
4537: 0.532834
4538: 0.532937
4539: 0.532819
4540: 0.532922
4541: 0.533025
4542: 0.533128
4543: 0.533231
4544: 0.533113
4545: 0.533216
4546: 0.533099
4547: 0.532982
4548: 0.532864
4549: 0.532967
4550: 0.53285
4551: 0.532733
4552: 0.532616
4553: 0.532499
4554: 0.532602
4555: 0.532704
4556: 0.532807
4557: 0.532909
4558: 0.532792
4559: 0.532895
4560: 0.532778
4561: 0.532661
4562: 0.532764
4563: 0.532866
4564: 0.532749
4565: 0.532852
4566: 0.532954
4567: 0.533056
4568: 0.532939
4569: 0.533042
4570: 0.532925
4571: 0.533027
4572: 0.532911
4573: 0.533013
4574: 0.533115
4575: 0.532998
4576: 0.532882
4577: 0.532984
4578: 0.532867
4579: 0.532751
4580: 0.532853
4581: 0.532737
4582: 0.532621
4583: 0.532723
4584: 0.532824
4585: 0.532708
4586: 0.53281
4587: 0.532912
4588: 0.533014
4589: 0.532898
4590: 0.532782
4591: 0.532666
4592: 0.53255
4593: 0.532434
4594: 0.532535
4595: 0.532637
4596: 0.532739
4597: 0.532623
4598: 0.532507
4599: 0.532391
4600: 0.532276
4601: 0.53216
4602: 0.532262
4603: 0.532146
4604: 0.53203
4605: 0.531915
4606: 0.531799
4607: 0.531684
4608: 0.531569
4609: 0.53167
4610: 0.531555
4611: 0.531657
4612: 0.531541
4613: 0.531426
4614: 0.531311
4615: 0.531412
4616: 0.531514
4617: 0.531615
4618: 0.5315
4619: 0.531385
4620: 0.531487
4621: 0.531372
4622: 0.531473
4623: 0.531574
4624: 0.531676
4625: 0.531561
4626: 0.531662
4627: 0.531547
4628: 0.531432
4629: 0.531533
4630: 0.531419
4631: 0.53152
4632: 0.531621
4633: 0.531506
4634: 0.531607
4635: 0.531708
4636: 0.531809
4637: 0.531695
4638: 0.53158
4639: 0.531466
4640: 0.531351
4641: 0.531452
4642: 0.531337
4643: 0.531438
4644: 0.531539
4645: 0.531425
4646: 0.531311
4647: 0.531196
4648: 0.531082
4649: 0.531183
4650: 0.531069
4651: 0.530954
4652: 0.531055
4653: 0.531156
4654: 0.531042
4655: 0.530928
4656: 0.531029
4657: 0.531129
4658: 0.531015
4659: 0.530901
4660: 0.530787
4661: 0.530888
4662: 0.530989
4663: 0.531089
4664: 0.53119
4665: 0.531076
4666: 0.530962
4667: 0.531063
4668: 0.531163
4669: 0.531049
4670: 0.530936
4671: 0.531036
4672: 0.531136
4673: 0.531237
4674: 0.531123
4675: 0.531009
4676: 0.530896
4677: 0.530782
4678: 0.530669
4679: 0.530769
4680: 0.530869
4681: 0.53097
4682: 0.53107
4683: 0.530956
4684: 0.531057
4685: 0.530943
4686: 0.53083
4687: 0.53093
4688: 0.53103
4689: 0.530917
4690: 0.530804
4691: 0.530691
4692: 0.530577
4693: 0.530464
4694: 0.530564
4695: 0.530451
4696: 0.530551
4697: 0.530438
4698: 0.530538
4699: 0.530638
4700: 0.530525
4701: 0.530413
4702: 0.5303
4703: 0.530187
4704: 0.530287
4705: 0.530174
4706: 0.530062
4707: 0.530161
4708: 0.530261
4709: 0.530149
4710: 0.530248
4711: 0.530136
4712: 0.530236
4713: 0.530335
4714: 0.530223
4715: 0.53011
4716: 0.529998
4717: 0.530097
4718: 0.529985
4719: 0.529873
4720: 0.529972
4721: 0.52986
4722: 0.529748
4723: 0.529848
4724: 0.529735
4725: 0.529835
4726: 0.529934
4727: 0.529822
4728: 0.529922
4729: 0.530021
4730: 0.529909
4731: 0.529797
4732: 0.529685
4733: 0.529785
4734: 0.529884
4735: 0.529983
4736: 0.530082
4737: 0.52997
4738: 0.53007
4739: 0.529958
4740: 0.530057
4741: 0.529945
4742: 0.529833
4743: 0.529933
4744: 0.530032
4745: 0.52992
4746: 0.530019
4747: 0.529907
4748: 0.529796
4749: 0.529684
4750: 0.529573
4751: 0.529461
4752: 0.52956
4753: 0.529449
4754: 0.529548
4755: 0.529647
4756: 0.529535
4757: 0.529424
4758: 0.529523
4759: 0.529622
4760: 0.529721
4761: 0.529609
4762: 0.529708
4763: 0.529807
4764: 0.529696
4765: 0.529794
4766: 0.529683
4767: 0.529572
4768: 0.529461
4769: 0.52956
4770: 0.529658
4771: 0.529757
4772: 0.529855
4773: 0.529744
4774: 0.529843
4775: 0.529732
4776: 0.52983
4777: 0.529929
4778: 0.530027
4779: 0.529916
4780: 0.529805
4781: 0.529904
4782: 0.529793
4783: 0.529682
4784: 0.529781
4785: 0.529879
4786: 0.529977
4787: 0.530075
4788: 0.530173
4789: 0.530063
4790: 0.530161
4791: 0.53005
4792: 0.529939
4793: 0.529829
4794: 0.529718
4795: 0.529608
4796: 0.529706
4797: 0.529804
4798: 0.529694
4799: 0.529583
4800: 0.529681
4801: 0.529571
4802: 0.529669
4803: 0.529767
4804: 0.529657
4805: 0.529546
4806: 0.529644
4807: 0.529534
4808: 0.529424
4809: 0.529522
4810: 0.52962
4811: 0.529717
4812: 0.529607
4813: 0.529705
4814: 0.529803
4815: 0.5299
4816: 0.52979
4817: 0.52968
4818: 0.52957
4819: 0.529461
4820: 0.529351
4821: 0.529448
4822: 0.529546
4823: 0.529436
4824: 0.529326
4825: 0.529217
4826: 0.529314
4827: 0.529205
4828: 0.529095
4829: 0.529193
4830: 0.529083
4831: 0.528974
4832: 0.529071
4833: 0.528962
4834: 0.529059
4835: 0.529156
4836: 0.529047
4837: 0.529144
4838: 0.529035
4839: 0.529132
4840: 0.529023
4841: 0.52912
4842: 0.529011
4843: 0.528902
4844: 0.528999
4845: 0.529096
4846: 0.529193
4847: 0.52929
4848: 0.529181
4849: 0.529278
4850: 0.529375
4851: 0.529266
4852: 0.529363
4853: 0.52946
4854: 0.529557
4855: 0.529654
4856: 0.529751
4857: 0.529642
4858: 0.529533
4859: 0.52963
4860: 0.529521
4861: 0.529412
4862: 0.529509
4863: 0.5294
4864: 0.529496
4865: 0.529388
4866: 0.529279
4867: 0.529376
4868: 0.529472
4869: 0.529363
4870: 0.529255
4871: 0.529351
4872: 0.529448
4873: 0.529545
4874: 0.529641
4875: 0.529737
4876: 0.529834
4877: 0.529725
4878: 0.529822
4879: 0.529918
4880: 0.529809
4881: 0.529906
4882: 0.530002
4883: 0.530098
4884: 0.52999
4885: 0.529881
4886: 0.529773
4887: 0.529869
4888: 0.529965
4889: 0.529857
4890: 0.529953
4891: 0.530049
4892: 0.530145
4893: 0.530241
4894: 0.530337
4895: 0.530433
4896: 0.530325
4897: 0.530421
4898: 0.530312
4899: 0.530204
4900: 0.5303
4901: 0.530396
4902: 0.530288
4903: 0.530179
4904: 0.530275
4905: 0.530167
4906: 0.530263
4907: 0.530359
4908: 0.530454
4909: 0.53055
4910: 0.530645
4911: 0.530741
4912: 0.530837
4913: 0.530932
4914: 0.531027
4915: 0.531123
4916: 0.531015
4917: 0.53111
4918: 0.531002
4919: 0.530894
4920: 0.530786
4921: 0.530679
4922: 0.530571
4923: 0.530666
4924: 0.530761
4925: 0.530654
4926: 0.530546
4927: 0.530438
4928: 0.530534
4929: 0.530426
4930: 0.530318
4931: 0.530211
4932: 0.530103
4933: 0.529996
4934: 0.530091
4935: 0.529984
4936: 0.529876
4937: 0.529972
4938: 0.530067
4939: 0.530162
4940: 0.530257
4941: 0.530352
4942: 0.530447
4943: 0.530542
4944: 0.530435
4945: 0.53053
4946: 0.530422
4947: 0.530315
4948: 0.530208
4949: 0.530303
4950: 0.530196
4951: 0.530089
4952: 0.529982
4953: 0.529875
4954: 0.529768
4955: 0.529863
4956: 0.529958
4957: 0.530052
4958: 0.530147
4959: 0.530242
4960: 0.530337
4961: 0.530431
4962: 0.530526
4963: 0.530419
4964: 0.530312
4965: 0.530407
4966: 0.5303
4967: 0.530193
4968: 0.530288
4969: 0.530181
4970: 0.530276
4971: 0.53037
4972: 0.530465
4973: 0.530559
4974: 0.530452
4975: 0.530547
4976: 0.53044
4977: 0.530534
4978: 0.530629
4979: 0.530723
4980: 0.530817
4981: 0.530711
4982: 0.530604
4983: 0.530498
4984: 0.530391
4985: 0.530285
4986: 0.530178
4987: 0.530072
4988: 0.529966
4989: 0.53006
4990: 0.530154
4991: 0.530048
4992: 0.529942
4993: 0.529836
4994: 0.52993
4995: 0.529824
4996: 0.529918
4997: 0.529812
4998: 0.529706
4999: 0.5296
5000: 0.529494
5001: 0.529588
5002: 0.529682
5003: 0.529776
5004: 0.52987
5005: 0.529964
5006: 0.530058
5007: 0.530152
5008: 0.530246
5009: 0.53014
5010: 0.530034
5011: 0.530128
5012: 0.530022
5013: 0.530116
5014: 0.530209
5015: 0.530104
5016: 0.530197
5017: 0.530291
5018: 0.530185
5019: 0.53008
5020: 0.530173
5021: 0.530068
5022: 0.530161
5023: 0.530056
5024: 0.52995
5025: 0.529845
5026: 0.529739
5027: 0.529833
5028: 0.529728
5029: 0.529622
5030: 0.529716
5031: 0.52961
5032: 0.529704
5033: 0.529797
5034: 0.529692
5035: 0.529786
5036: 0.529879
5037: 0.529972
5038: 0.529867
5039: 0.52996
5040: 0.529855
5041: 0.529948
5042: 0.529843
5043: 0.529738
5044: 0.529633
5045: 0.529528
5046: 0.529622
5047: 0.529517
5048: 0.52961
5049: 0.529505
5050: 0.5294
5051: 0.529295
5052: 0.529191
5053: 0.529086
5054: 0.529179
5055: 0.529272
5056: 0.529365
5057: 0.529458
5058: 0.529354
5059: 0.529447
5060: 0.529342
5061: 0.529237
5062: 0.529133
5063: 0.529028
5064: 0.528924
5065: 0.52882
5066: 0.528715
5067: 0.528611
5068: 0.528507
5069: 0.528402
5070: 0.528495
5071: 0.528588
5072: 0.528681
5073: 0.528577
5074: 0.528473
5075: 0.528369
5076: 0.528265
5077: 0.528161
5078: 0.528254
5079: 0.52815
5080: 0.528242
5081: 0.528139
5082: 0.528035
5083: 0.528127
5084: 0.52822
5085: 0.528116
5086: 0.528209
5087: 0.528105
5088: 0.528198
5089: 0.528291
5090: 0.528187
5091: 0.528083
5092: 0.528176
5093: 0.528269
5094: 0.528165
5095: 0.528061
5096: 0.527958
5097: 0.52805
5098: 0.528143
5099: 0.528039
5100: 0.527936
5101: 0.527832
5102: 0.527925
5103: 0.527821
5104: 0.527718
5105: 0.52781
5106: 0.527903
5107: 0.527995
5108: 0.528088
5109: 0.527984
5110: 0.527881
5111: 0.527973
5112: 0.52787
5113: 0.527767
5114: 0.527664
5115: 0.527561
5116: 0.527457
5117: 0.52755
5118: 0.527642
5119: 0.527539
5120: 0.527631
5121: 0.527528
5122: 0.527621
5123: 0.527518
5124: 0.52761
5125: 0.527507
5126: 0.527599
5127: 0.527691
5128: 0.527588
5129: 0.52768
5130: 0.527577
5131: 0.527475
5132: 0.527567
5133: 0.527464
5134: 0.527361
5135: 0.527259
5136: 0.527351
5137: 0.527248
5138: 0.527145
5139: 0.527043
5140: 0.527135
5141: 0.527032
5142: 0.52693
5143: 0.526827
5144: 0.526725
5145: 0.526817
5146: 0.526909
5147: 0.527001
5148: 0.527093
5149: 0.527184
5150: 0.527082
5151: 0.52698
5152: 0.526878
5153: 0.526775
5154: 0.526867
5155: 0.526959
5156: 0.526857
5157: 0.526755
5158: 0.526846
5159: 0.526938
5160: 0.526836
5161: 0.526928
5162: 0.526825
5163: 0.526723
5164: 0.526815
5165: 0.526907
5166: 0.526805
5167: 0.526703
5168: 0.526601
5169: 0.526692
5170: 0.526784
5171: 0.526682
5172: 0.52658
5173: 0.526479
5174: 0.526377
5175: 0.526275
5176: 0.526367
5177: 0.526458
5178: 0.526356
5179: 0.526255
5180: 0.526153
5181: 0.526245
5182: 0.526336
5183: 0.526427
5184: 0.526326
5185: 0.526417
5186: 0.526316
5187: 0.526214
5188: 0.526113
5189: 0.526204
5190: 0.526103
5191: 0.526002
5192: 0.5259
5193: 0.525992
5194: 0.52589
5195: 0.525789
5196: 0.525688
5197: 0.525587
5198: 0.525678
5199: 0.525769
5200: 0.525668
5201: 0.525759
5202: 0.52585
5203: 0.525749
5204: 0.525841
5205: 0.52574
5206: 0.525831
5207: 0.525922
5208: 0.525821
5209: 0.525912
5210: 0.526003
5211: 0.525902
5212: 0.525993
5213: 0.526084
5214: 0.525983
5215: 0.525882
5216: 0.525973
5217: 0.525872
5218: 0.525771
5219: 0.52567
5220: 0.525761
5221: 0.525661
5222: 0.52556
5223: 0.525651
5224: 0.52555
5225: 0.525641
5226: 0.525732
5227: 0.525631
5228: 0.525722
5229: 0.525813
5230: 0.525712
5231: 0.525803
5232: 0.525893
5233: 0.525984
5234: 0.526074
5235: 0.526165
5236: 0.526255
5237: 0.526155
5238: 0.526245
5239: 0.526336
5240: 0.526426
5241: 0.526517
5242: 0.526416
5243: 0.526316
5244: 0.526215
5245: 0.526115
5246: 0.526205
5247: 0.526105
5248: 0.526195
5249: 0.526286
5250: 0.526376
5251: 0.526276
5252: 0.526176
5253: 0.526075
5254: 0.525975
5255: 0.526065
5256: 0.525965
5257: 0.526056
5258: 0.525956
5259: 0.526046
5260: 0.525946
5261: 0.526036
5262: 0.526126
5263: 0.526216
5264: 0.526116
5265: 0.526016
5266: 0.525916
5267: 0.525816
5268: 0.525906
5269: 0.525996
5270: 0.526086
5271: 0.525986
5272: 0.526076
5273: 0.525976
5274: 0.525877
5275: 0.525777
5276: 0.525677
5277: 0.525578
5278: 0.525668
5279: 0.525758
5280: 0.525847
5281: 0.525937
5282: 0.526027
5283: 0.526117
5284: 0.526206
5285: 0.526107
5286: 0.526007
5287: 0.526097
5288: 0.526186
5289: 0.526276
5290: 0.526366
5291: 0.526266
5292: 0.526167
5293: 0.526256
5294: 0.526157
5295: 0.526246
5296: 0.526147
5297: 0.526048
5298: 0.525948
5299: 0.526038
5300: 0.525939
5301: 0.526028
5302: 0.526117
5303: 0.526018
5304: 0.525919
5305: 0.52582
5306: 0.525721
5307: 0.525622
5308: 0.525711
5309: 0.5258
5310: 0.525701
5311: 0.525791
5312: 0.52588
5313: 0.525781
5314: 0.52587
5315: 0.525959
5316: 0.52586
5317: 0.52595
5318: 0.525851
5319: 0.525752
5320: 0.525653
5321: 0.525554
5322: 0.525456
5323: 0.525545
5324: 0.525634
5325: 0.525723
5326: 0.525812
5327: 0.525901
5328: 0.52599
5329: 0.525891
5330: 0.52598
5331: 0.526069
5332: 0.52597
5333: 0.525872
5334: 0.525961
5335: 0.526049
5336: 0.526138
5337: 0.526227
5338: 0.526316
5339: 0.526404
5340: 0.526493
5341: 0.526582
5342: 0.526483
5343: 0.526572
5344: 0.52666
5345: 0.526562
5346: 0.526463
5347: 0.526552
5348: 0.526454
5349: 0.526355
5350: 0.526444
5351: 0.526532
5352: 0.526434
5353: 0.526522
5354: 0.526611
5355: 0.526699
5356: 0.526787
5357: 0.526689
5358: 0.526591
5359: 0.526679
5360: 0.526767
5361: 0.526856
5362: 0.526944
5363: 0.526846
5364: 0.526747
5365: 0.526836
5366: 0.526737
5367: 0.526639
5368: 0.526728
5369: 0.526816
5370: 0.526718
5371: 0.526806
5372: 0.526894
5373: 0.526982
5374: 0.52707
5375: 0.527158
5376: 0.527246
5377: 0.527148
5378: 0.52705
5379: 0.527138
5380: 0.52704
5381: 0.527127
5382: 0.527215
5383: 0.527303
5384: 0.527205
5385: 0.527293
5386: 0.527381
5387: 0.527468
5388: 0.527556
5389: 0.527644
5390: 0.527546
5391: 0.527634
5392: 0.527536
5393: 0.527623
5394: 0.527711
5395: 0.527798
5396: 0.527886
5397: 0.527973
5398: 0.528061
5399: 0.528148
5400: 0.528236
5401: 0.528323
5402: 0.52841
5403: 0.528497
5404: 0.528585
5405: 0.528672
5406: 0.528759
5407: 0.528846
5408: 0.528933
5409: 0.52902
5410: 0.529107
5411: 0.529194
5412: 0.529281
5413: 0.529184
5414: 0.529271
5415: 0.529357
5416: 0.52926
5417: 0.529162
5418: 0.529064
5419: 0.529151
5420: 0.529238
5421: 0.529141
5422: 0.529227
5423: 0.529314
5424: 0.529217
5425: 0.529119
5426: 0.529206
5427: 0.529293
5428: 0.529195
5429: 0.529098
5430: 0.529
5431: 0.528903
5432: 0.52899
5433: 0.529076
5434: 0.528979
5435: 0.528882
5436: 0.528784
5437: 0.528871
5438: 0.528958
5439: 0.52886
5440: 0.528763
5441: 0.52885
5442: 0.528936
5443: 0.529023
5444: 0.529109
5445: 0.529012
5446: 0.529099
5447: 0.529185
5448: 0.529088
5449: 0.528991
5450: 0.528894
5451: 0.52898
5452: 0.529067
5453: 0.529153
5454: 0.529239
5455: 0.529142
5456: 0.529229
5457: 0.529132
5458: 0.529218
5459: 0.529121
5460: 0.529207
5461: 0.529293
5462: 0.529379
5463: 0.529466
5464: 0.529552
5465: 0.529638
5466: 0.529541
5467: 0.529627
5468: 0.52953
5469: 0.529433
5470: 0.529337
5471: 0.529423
5472: 0.529508
5473: 0.529594
5474: 0.52968
5475: 0.529584
5476: 0.529487
5477: 0.529573
5478: 0.529659
5479: 0.529745
5480: 0.52983
5481: 0.529734
5482: 0.529637
5483: 0.529723
5484: 0.529809
5485: 0.529712
5486: 0.529798
5487: 0.529883
5488: 0.529787
5489: 0.529872
5490: 0.529958
5491: 0.529862
5492: 0.529765
5493: 0.529669
5494: 0.529754
5495: 0.52984
5496: 0.529743
5497: 0.529829
5498: 0.529733
5499: 0.529818
5500: 0.529722
5501: 0.529626
5502: 0.529711
5503: 0.529797
5504: 0.5297
5505: 0.529604
5506: 0.529689
5507: 0.529593
5508: 0.529679
5509: 0.529764
5510: 0.529849
5511: 0.529753
5512: 0.529839
5513: 0.529742
5514: 0.529828
5515: 0.529913
5516: 0.529817
5517: 0.529721
5518: 0.529806
5519: 0.52971
5520: 0.529614
5521: 0.529699
5522: 0.529785
5523: 0.52987
5524: 0.529774
5525: 0.529859
5526: 0.529763
5527: 0.529848
5528: 0.529933
5529: 0.530018
5530: 0.530103
5531: 0.530188
5532: 0.530273
5533: 0.530358
5534: 0.530262
5535: 0.530347
5536: 0.530251
5537: 0.530155
5538: 0.53024
5539: 0.530325
5540: 0.530229
5541: 0.530134
5542: 0.530038
5543: 0.530123
5544: 0.530207
5545: 0.530292
5546: 0.530197
5547: 0.530101
5548: 0.530005
5549: 0.52991
5550: 0.529995
5551: 0.530079
5552: 0.529984
5553: 0.529888
5554: 0.529973
5555: 0.529878
5556: 0.529962
5557: 0.530047
5558: 0.530131
5559: 0.530216
5560: 0.5303
5561: 0.530385
5562: 0.530289
5563: 0.530194
5564: 0.530279
5565: 0.530183
5566: 0.530088
5567: 0.529993
5568: 0.529898
5569: 0.529803
5570: 0.529707
5571: 0.529792
5572: 0.529876
5573: 0.529961
5574: 0.530045
5575: 0.530129
5576: 0.530213
5577: 0.530298
5578: 0.530382
5579: 0.530466
5580: 0.530371
5581: 0.530455
5582: 0.530539
5583: 0.530623
5584: 0.530707
5585: 0.530612
5586: 0.530696
5587: 0.53078
5588: 0.530864
5589: 0.530948
5590: 0.530853
5591: 0.530937
5592: 0.531021
5593: 0.530926
5594: 0.53101
5595: 0.530915
5596: 0.530999
5597: 0.531083
5598: 0.530988
5599: 0.530893
5600: 0.530798
5601: 0.530703
5602: 0.530787
5603: 0.530692
5604: 0.530598
5605: 0.530681
5606: 0.530587
5607: 0.53067
5608: 0.530754
5609: 0.53066
5610: 0.530743
5611: 0.530649
5612: 0.530554
5613: 0.530638
5614: 0.530721
5615: 0.530805
5616: 0.530888
5617: 0.530794
5618: 0.530699
5619: 0.530605
5620: 0.530688
5621: 0.530772
5622: 0.530855
5623: 0.530939
5624: 0.530844
5625: 0.530928
5626: 0.531011
5627: 0.530917
5628: 0.530823
5629: 0.530728
5630: 0.530812
5631: 0.530717
5632: 0.530801
5633: 0.530884
5634: 0.530967
5635: 0.530873
5636: 0.530779
5637: 0.530862
5638: 0.530945
5639: 0.530851
5640: 0.530934
5641: 0.531017
5642: 0.5311
5643: 0.531006
5644: 0.530912
5645: 0.530995
5646: 0.530901
5647: 0.530984
5648: 0.53089
5649: 0.530973
5650: 0.530879
5651: 0.530786
5652: 0.530692
5653: 0.530775
5654: 0.530858
5655: 0.530941
5656: 0.531024
5657: 0.531106
5658: 0.531189
5659: 0.531095
5660: 0.531178
5661: 0.531084
5662: 0.531167
5663: 0.53125
5664: 0.531333
5665: 0.531239
5666: 0.531145
5667: 0.531228
5668: 0.531311
5669: 0.531393
5670: 0.531476
5671: 0.531559
5672: 0.531465
5673: 0.531547
5674: 0.53163
5675: 0.531536
5676: 0.531443
5677: 0.531349
5678: 0.531256
5679: 0.531338
5680: 0.531244
5681: 0.531151
5682: 0.531234
5683: 0.531316
5684: 0.531398
5685: 0.531481
5686: 0.531387
5687: 0.53147
5688: 0.531376
5689: 0.531459
5690: 0.531365
5691: 0.531272
5692: 0.531354
5693: 0.531437
5694: 0.531343
5695: 0.53125
5696: 0.531157
5697: 0.531064
5698: 0.53097
5699: 0.530877
5700: 0.530784
5701: 0.530866
5702: 0.530949
5703: 0.531031
5704: 0.530938
5705: 0.53102
5706: 0.531102
5707: 0.531009
5708: 0.531091
5709: 0.531173
5710: 0.53108
5711: 0.530987
5712: 0.530894
5713: 0.530977
5714: 0.531059
5715: 0.531141
5716: 0.531048
5717: 0.530955
5718: 0.530862
5719: 0.530944
5720: 0.531026
5721: 0.530933
5722: 0.53084
5723: 0.530922
5724: 0.53083
5725: 0.530912
5726: 0.530994
5727: 0.530901
5728: 0.530983
5729: 0.531065
5730: 0.530972
5731: 0.531054
5732: 0.530961
5733: 0.530869
5734: 0.530776
5735: 0.530683
5736: 0.530765
5737: 0.530673
5738: 0.530754
5739: 0.530662
5740: 0.53057
5741: 0.530651
5742: 0.530733
5743: 0.530815
5744: 0.530722
5745: 0.53063
5746: 0.530538
5747: 0.530445
5748: 0.530353
5749: 0.530261
5750: 0.530169
5751: 0.530076
5752: 0.529984
5753: 0.530066
5754: 0.530148
5755: 0.530056
5756: 0.530137
5757: 0.530045
5758: 0.530127
5759: 0.530035
5760: 0.529943
5761: 0.530024
5762: 0.529932
5763: 0.52984
5764: 0.529748
5765: 0.529657
5766: 0.529565
5767: 0.529473
5768: 0.529381
5769: 0.529463
5770: 0.529371
5771: 0.529453
5772: 0.529534
5773: 0.529616
5774: 0.529697
5775: 0.529778
5776: 0.52986
5777: 0.529768
5778: 0.529849
5779: 0.529931
5780: 0.529839
5781: 0.529747
5782: 0.529656
5783: 0.529737
5784: 0.529818
5785: 0.5299
5786: 0.529981
5787: 0.530062
5788: 0.529971
5789: 0.530052
5790: 0.52996
5791: 0.529869
5792: 0.52995
5793: 0.529858
5794: 0.52994
5795: 0.530021
5796: 0.529929
5797: 0.529838
5798: 0.529919
5799: 0.529828
5800: 0.529909
5801: 0.529817
5802: 0.529898
5803: 0.529979
5804: 0.53006
5805: 0.530141
5806: 0.53005
5807: 0.530131
5808: 0.530212
5809: 0.53012
5810: 0.530029
5811: 0.529938
5812: 0.529847
5813: 0.529928
5814: 0.529837
5815: 0.529917
5816: 0.529826
5817: 0.529907
5818: 0.529988
5819: 0.530069
5820: 0.529978
5821: 0.530058
5822: 0.529967
5823: 0.530048
5824: 0.530129
5825: 0.530038
5826: 0.529947
5827: 0.530027
5828: 0.529937
5829: 0.530017
5830: 0.530098
5831: 0.530178
5832: 0.530087
5833: 0.530168
5834: 0.530249
5835: 0.530158
5836: 0.530238
5837: 0.530319
5838: 0.530399
5839: 0.530479
5840: 0.53056
5841: 0.530469
5842: 0.530549
5843: 0.53063
5844: 0.53071
5845: 0.53079
5846: 0.5307
5847: 0.530609
5848: 0.530689
5849: 0.530598
5850: 0.530679
5851: 0.530588
5852: 0.530497
5853: 0.530407
5854: 0.530487
5855: 0.530567
5856: 0.530647
5857: 0.530557
5858: 0.530637
5859: 0.530717
5860: 0.530626
5861: 0.530706
5862: 0.530786
5863: 0.530866
5864: 0.530946
5865: 0.531026
5866: 0.531106
5867: 0.531186
5868: 0.531266
5869: 0.531175
5870: 0.531085
5871: 0.531165
5872: 0.531074
5873: 0.531154
5874: 0.531064
5875: 0.530973
5876: 0.531053
5877: 0.530963
5878: 0.530873
5879: 0.530952
5880: 0.530862
5881: 0.530942
5882: 0.531022
5883: 0.531101
5884: 0.531011
5885: 0.531091
5886: 0.53117
5887: 0.53108
5888: 0.53099
5889: 0.53107
5890: 0.531149
5891: 0.531059
5892: 0.530969
5893: 0.530879
5894: 0.530789
5895: 0.530868
5896: 0.530778
5897: 0.530858
5898: 0.530937
5899: 0.530847
5900: 0.530927
5901: 0.530837
5902: 0.530916
5903: 0.530996
5904: 0.530906
5905: 0.530985
5906: 0.530896
5907: 0.530806
5908: 0.530885
5909: 0.530964
5910: 0.530875
5911: 0.530785
5912: 0.530695
5913: 0.530774
5914: 0.530685
5915: 0.530595
5916: 0.530505
5917: 0.530416
5918: 0.530495
5919: 0.530574
5920: 0.530654
5921: 0.530733
5922: 0.530812
5923: 0.530722
5924: 0.530633
5925: 0.530712
5926: 0.530791
5927: 0.53087
5928: 0.530781
5929: 0.530691
5930: 0.530771
5931: 0.530681
5932: 0.53076
5933: 0.530671
5934: 0.530581
5935: 0.53066
5936: 0.530571
5937: 0.53065
5938: 0.530729
5939: 0.530808
5940: 0.530887
5941: 0.530966
5942: 0.530877
5943: 0.530956
5944: 0.530866
5945: 0.530945
5946: 0.530856
5947: 0.530767
5948: 0.530846
5949: 0.530756
5950: 0.530835
5951: 0.530746
5952: 0.530657
5953: 0.530568
5954: 0.530647
5955: 0.530557
5956: 0.530636
5957: 0.530547
5958: 0.530626
5959: 0.530705
5960: 0.530783
5961: 0.530694
5962: 0.530773
5963: 0.530684
5964: 0.530763
5965: 0.530674
5966: 0.530752
5967: 0.530831
5968: 0.530742
5969: 0.530653
5970: 0.530732
5971: 0.530643
5972: 0.530722
5973: 0.530633
5974: 0.530711
5975: 0.53079
5976: 0.530701
5977: 0.53078
5978: 0.530858
5979: 0.530769
5980: 0.53068
5981: 0.530592
5982: 0.53067
5983: 0.530749
5984: 0.53066
5985: 0.530571
5986: 0.530483
5987: 0.530561
5988: 0.530473
5989: 0.530384
5990: 0.530295
5991: 0.530374
5992: 0.530452
5993: 0.530531
5994: 0.530442
5995: 0.53052
5996: 0.530599
5997: 0.530677
5998: 0.530588
5999: 0.5305
6000: 0.530412
6001: 0.530323
6002: 0.530235
6003: 0.530313
6004: 0.530225
6005: 0.530137
6006: 0.530215
6007: 0.530293
6008: 0.530205
6009: 0.530283
6010: 0.530195
6011: 0.530106
6012: 0.530185
6013: 0.530096
6014: 0.530008
6015: 0.530086
6016: 0.530165
6017: 0.530076
6018: 0.529988
6019: 0.5299
6020: 0.529812
6021: 0.52989
6022: 0.529802
6023: 0.529714
6024: 0.529793
6025: 0.529705
6026: 0.529783
6027: 0.529695
6028: 0.529607
6029: 0.529519
6030: 0.529597
6031: 0.529509
6032: 0.529422
6033: 0.5295
6034: 0.529577
6035: 0.52949
6036: 0.529402
6037: 0.52948
6038: 0.529558
6039: 0.52947
6040: 0.529383
6041: 0.52946
6042: 0.529373
6043: 0.529451
6044: 0.529363
6045: 0.529441
6046: 0.529353
6047: 0.529266
6048: 0.529178
6049: 0.529256
6050: 0.529334
6051: 0.529412
6052: 0.52949
6053: 0.529402
6054: 0.52948
6055: 0.529557
6056: 0.529635
6057: 0.529548
6058: 0.529625
6059: 0.529703
6060: 0.529781
6061: 0.529858
6062: 0.529936
6063: 0.530013
6064: 0.529926
6065: 0.529838
6066: 0.529751
6067: 0.529664
6068: 0.529577
6069: 0.529489
6070: 0.529567
6071: 0.529644
6072: 0.529557
6073: 0.529635
6074: 0.529712
6075: 0.529625
6076: 0.529538
6077: 0.52945
6078: 0.529528
6079: 0.529605
6080: 0.529683
6081: 0.529596
6082: 0.529673
6083: 0.52975
6084: 0.529663
6085: 0.52974
6086: 0.529818
6087: 0.529895
6088: 0.529972
6089: 0.530049
6090: 0.530126
6091: 0.530204
6092: 0.530117
6093: 0.53003
6094: 0.530107
6095: 0.530184
6096: 0.530097
6097: 0.530174
6098: 0.530251
6099: 0.530328
6100: 0.530241
6101: 0.530318
6102: 0.530231
6103: 0.530144
6104: 0.530057
6105: 0.529971
6106: 0.530047
6107: 0.529961
6108: 0.529874
6109: 0.529951
6110: 0.530028
6111: 0.530105
6112: 0.530182
6113: 0.530258
6114: 0.530172
6115: 0.530249
6116: 0.530325
6117: 0.530402
6118: 0.530315
6119: 0.530392
6120: 0.530306
6121: 0.530382
6122: 0.530296
6123: 0.530209
6124: 0.530286
6125: 0.530362
6126: 0.530439
6127: 0.530516
6128: 0.530429
6129: 0.530343
6130: 0.530419
6131: 0.530496
6132: 0.530409
6133: 0.530486
6134: 0.530562
6135: 0.530476
6136: 0.530552
6137: 0.530466
6138: 0.530542
6139: 0.530619
6140: 0.530532
6141: 0.530609
6142: 0.530685
6143: 0.530762
6144: 0.530838
6145: 0.530752
6146: 0.530828
6147: 0.530742
6148: 0.530818
6149: 0.530894
6150: 0.530808
6151: 0.530884
6152: 0.530961
6153: 0.531037
6154: 0.53095
6155: 0.531027
6156: 0.531103
6157: 0.531179
6158: 0.531255
6159: 0.531331
6160: 0.531407
6161: 0.531321
6162: 0.531235
6163: 0.531311
6164: 0.531387
6165: 0.531463
6166: 0.531539
6167: 0.531453
6168: 0.531529
6169: 0.531442
6170: 0.531356
6171: 0.53127
6172: 0.531346
6173: 0.531422
6174: 0.531498
6175: 0.531412
6176: 0.531488
6177: 0.531564
6178: 0.531639
6179: 0.531715
6180: 0.531791
6181: 0.531705
6182: 0.531781
6183: 0.531695
6184: 0.531609
6185: 0.531523
6186: 0.531599
6187: 0.531674
6188: 0.531588
6189: 0.531664
6190: 0.531578
6191: 0.531654
6192: 0.531568
6193: 0.531482
6194: 0.531558
6195: 0.531633
6196: 0.531709
6197: 0.531784
6198: 0.531699
6199: 0.531613
6200: 0.531688
6201: 0.531603
6202: 0.531678
6203: 0.531754
6204: 0.531668
6205: 0.531582
6206: 0.531497
6207: 0.531572
6208: 0.531487
6209: 0.531562
6210: 0.531476
6211: 0.531552
6212: 0.531627
6213: 0.531542
6214: 0.531617
6215: 0.531692
6216: 0.531768
6217: 0.531682
6218: 0.531597
6219: 0.531672
6220: 0.531747
6221: 0.531662
6222: 0.531576
6223: 0.531652
6224: 0.531566
6225: 0.531481
6226: 0.531396
6227: 0.53131
6228: 0.531225
6229: 0.5313
6230: 0.531375
6231: 0.531451
6232: 0.531526
6233: 0.531601
6234: 0.531516
6235: 0.53143
6236: 0.531345
6237: 0.53126
6238: 0.531175
6239: 0.53125
6240: 0.531325
6241: 0.53124
6242: 0.531315
6243: 0.53123
6244: 0.531305
6245: 0.53138
6246: 0.531295
6247: 0.53137
6248: 0.531445
6249: 0.53136
6250: 0.531435
6251: 0.53135
6252: 0.531425
6253: 0.53134
6254: 0.531415
6255: 0.53149
6256: 0.531565
6257: 0.53164
6258: 0.531714
6259: 0.531789
6260: 0.531864
6261: 0.531779
6262: 0.531694
6263: 0.531609
6264: 0.531684
6265: 0.531599
6266: 0.531674
6267: 0.531589
6268: 0.531504
6269: 0.531579
6270: 0.531654
6271: 0.531728
6272: 0.531644
6273: 0.531718
6274: 0.531633
6275: 0.531549
6276: 0.531464
6277: 0.531539
6278: 0.531454
6279: 0.531369
6280: 0.531285
6281: 0.531359
6282: 0.531434
6283: 0.531349
6284: 0.531424
6285: 0.531339
6286: 0.531414
6287: 0.53133
6288: 0.531245
6289: 0.53132
6290: 0.531235
6291: 0.531151
6292: 0.531225
6293: 0.5313
6294: 0.531374
6295: 0.531449
6296: 0.531364
6297: 0.53128
6298: 0.531354
6299: 0.531429
6300: 0.531344
6301: 0.531419
6302: 0.531334
6303: 0.531409
6304: 0.531483
6305: 0.531557
6306: 0.531632
6307: 0.531547
6308: 0.531463
6309: 0.531379
6310: 0.531295
6311: 0.53121
6312: 0.531285
6313: 0.531201
6314: 0.531275
6315: 0.531191
6316: 0.531265
6317: 0.531181
6318: 0.531255
6319: 0.531329
6320: 0.531245
6321: 0.531161
6322: 0.531077
6323: 0.531151
6324: 0.531225
6325: 0.531299
6326: 0.531215
6327: 0.53129
6328: 0.531364
6329: 0.53128
6330: 0.531354
6331: 0.53127
6332: 0.531186
6333: 0.53126
6334: 0.531176
6335: 0.531092
6336: 0.531008
6337: 0.531082
6338: 0.530999
6339: 0.531073
6340: 0.530989
6341: 0.530905
6342: 0.530979
6343: 0.530895
6344: 0.530969
6345: 0.530886
6346: 0.530802
6347: 0.530718
6348: 0.530792
6349: 0.530866
6350: 0.53094
6351: 0.531014
6352: 0.531088
6353: 0.531161
6354: 0.531235
6355: 0.531152
6356: 0.531068
6357: 0.530985
6358: 0.530901
6359: 0.530818
6360: 0.530891
6361: 0.530965
6362: 0.531039
6363: 0.531113
6364: 0.531186
6365: 0.53126
6366: 0.531333
6367: 0.531407
6368: 0.531481
6369: 0.531397
6370: 0.531471
6371: 0.531387
6372: 0.531304
6373: 0.531221
6374: 0.531294
6375: 0.531211
6376: 0.531284
6377: 0.531358
6378: 0.531431
6379: 0.531505
6380: 0.531578
6381: 0.531495
6382: 0.531568
6383: 0.531642
6384: 0.531715
6385: 0.531632
6386: 0.531548
6387: 0.531622
6388: 0.531695
6389: 0.531612
6390: 0.531685
6391: 0.531758
6392: 0.531832
6393: 0.531905
6394: 0.531978
6395: 0.532051
6396: 0.532124
6397: 0.532041
6398: 0.532114
6399: 0.532188
6400: 0.532261
6401: 0.532334
6402: 0.532407
6403: 0.53248
6404: 0.532397
6405: 0.532313
6406: 0.532386
6407: 0.532303
6408: 0.53222
6409: 0.532137
6410: 0.53221
6411: 0.532283
6412: 0.532356
6413: 0.532429
6414: 0.532502
6415: 0.532419
6416: 0.532492
6417: 0.532409
6418: 0.532482
6419: 0.532555
6420: 0.532627
6421: 0.532544
6422: 0.532617
6423: 0.53269
6424: 0.532607
6425: 0.53268
6426: 0.532752
6427: 0.532825
6428: 0.532898
6429: 0.53297
6430: 0.532888
6431: 0.532805
6432: 0.532722
6433: 0.532795
6434: 0.532867
6435: 0.532784
6436: 0.532857
6437: 0.532929
6438: 0.532847
6439: 0.532919
6440: 0.532837
6441: 0.532754
6442: 0.532671
6443: 0.532588
6444: 0.532506
6445: 0.532578
6446: 0.532651
6447: 0.532568
6448: 0.532641
6449: 0.532713
6450: 0.532631
6451: 0.532548
6452: 0.53262
6453: 0.532693
6454: 0.53261
6455: 0.532528
6456: 0.532445
6457: 0.532518
6458: 0.53259
6459: 0.532663
6460: 0.53258
6461: 0.532652
6462: 0.53257
6463: 0.532642
6464: 0.532715
6465: 0.532787
6466: 0.532859
6467: 0.532931
6468: 0.532849
6469: 0.532767
6470: 0.532684
6471: 0.532602
6472: 0.532674
6473: 0.532746
6474: 0.532664
6475: 0.532582
6476: 0.532654
6477: 0.532572
6478: 0.53249
6479: 0.532562
6480: 0.53248
6481: 0.532552
6482: 0.532624
6483: 0.532696
6484: 0.532768
6485: 0.53284
6486: 0.532912
6487: 0.532984
6488: 0.533056
6489: 0.532974
6490: 0.532892
6491: 0.532964
6492: 0.532882
6493: 0.5328
6494: 0.532717
6495: 0.532789
6496: 0.532707
6497: 0.532779
6498: 0.532851
6499: 0.532769
6500: 0.532841
6501: 0.532913
6502: 0.532985
6503: 0.532903
6504: 0.532975
6505: 0.532893
6506: 0.532964
6507: 0.532883
6508: 0.532801
6509: 0.532719
6510: 0.532791
6511: 0.532862
6512: 0.532934
6513: 0.532852
6514: 0.532924
6515: 0.532842
6516: 0.53276
6517: 0.532832
6518: 0.53275
6519: 0.532669
6520: 0.532587
6521: 0.532659
6522: 0.53273
6523: 0.532649
6524: 0.53272
6525: 0.532792
6526: 0.532863
6527: 0.532782
6528: 0.5327
6529: 0.532619
6530: 0.532537
6531: 0.532456
6532: 0.532374
6533: 0.532293
6534: 0.532364
6535: 0.532436
6536: 0.532507
6537: 0.532426
6538: 0.532497
6539: 0.532416
6540: 0.532335
6541: 0.532406
6542: 0.532325
6543: 0.532396
6544: 0.532468
6545: 0.532386
6546: 0.532458
6547: 0.532529
6548: 0.5326
6549: 0.532672
6550: 0.53259
6551: 0.532509
6552: 0.532428
6553: 0.532347
6554: 0.532418
6555: 0.532489
6556: 0.532408
6557: 0.532327
6558: 0.532398
6559: 0.53247
6560: 0.532541
6561: 0.532612
6562: 0.532531
6563: 0.53245
6564: 0.532369
6565: 0.53244
6566: 0.532359
6567: 0.53243
6568: 0.532349
6569: 0.53242
6570: 0.532339
6571: 0.53241
6572: 0.532329
6573: 0.532248
6574: 0.532319
6575: 0.532391
6576: 0.532462
6577: 0.532381
6578: 0.5323
6579: 0.532219
6580: 0.532138
6581: 0.532209
6582: 0.53228
6583: 0.532351
6584: 0.532422
6585: 0.532341
6586: 0.532412
6587: 0.532332
6588: 0.532402
6589: 0.532322
6590: 0.532393
6591: 0.532464
6592: 0.532535
6593: 0.532605
6594: 0.532676
6595: 0.532747
6596: 0.532666
6597: 0.532737
6598: 0.532808
6599: 0.532727
6600: 0.532798
6601: 0.532869
6602: 0.53294
6603: 0.53301
6604: 0.533081
6605: 0.533
6606: 0.53292
6607: 0.532839
6608: 0.53291
6609: 0.532829
6610: 0.532748
6611: 0.532819
6612: 0.532739
6613: 0.532658
6614: 0.532577
6615: 0.532648
6616: 0.532719
6617: 0.532789
6618: 0.53286
6619: 0.532931
6620: 0.53285
6621: 0.532921
6622: 0.532991
6623: 0.533062
6624: 0.533132
6625: 0.533203
6626: 0.533273
6627: 0.533343
6628: 0.533414
6629: 0.533333
6630: 0.533253
6631: 0.533172
6632: 0.533092
6633: 0.533012
6634: 0.532931
6635: 0.532851
6636: 0.532922
6637: 0.532992
6638: 0.533062
6639: 0.532982
6640: 0.532902
6641: 0.532821
6642: 0.532892
6643: 0.532962
6644: 0.533032
6645: 0.533103
6646: 0.533022
6647: 0.532942
6648: 0.532862
6649: 0.532932
6650: 0.533003
6651: 0.532922
6652: 0.532842
6653: 0.532913
6654: 0.532983
6655: 0.533053
6656: 0.533123
6657: 0.533193
6658: 0.533263
6659: 0.533333
6660: 0.533253
6661: 0.533323
6662: 0.533393
6663: 0.533463
6664: 0.533383
6665: 0.533303
6666: 0.533223
6667: 0.533143
6668: 0.533063
6669: 0.533133
6670: 0.533054
6671: 0.533124
6672: 0.533044
6673: 0.532964
6674: 0.532884
6675: 0.532954
6676: 0.532874
6677: 0.532944
6678: 0.532864
6679: 0.532784
6680: 0.532854
6681: 0.532924
6682: 0.532994
6683: 0.533064
6684: 0.532984
6685: 0.532905
6686: 0.532825
6687: 0.532745
6688: 0.532666
6689: 0.532735
6690: 0.532656
6691: 0.532726
6692: 0.532646
6693: 0.532566
6694: 0.532487
6695: 0.532557
6696: 0.532627
6697: 0.532547
6698: 0.532468
6699: 0.532388
6700: 0.532458
6701: 0.532528
6702: 0.532448
6703: 0.532369
6704: 0.532438
6705: 0.532359
6706: 0.53228
6707: 0.5322
6708: 0.53227
6709: 0.53234
6710: 0.532409
6711: 0.53233
6712: 0.532251
6713: 0.532172
6714: 0.532092
6715: 0.532013
6716: 0.531934
6717: 0.531855
6718: 0.531924
6719: 0.531845
6720: 0.531766
6721: 0.531836
6722: 0.531905
6723: 0.531826
6724: 0.531747
6725: 0.531817
6726: 0.531738
6727: 0.531807
6728: 0.531728
6729: 0.531798
6730: 0.531867
6731: 0.531937
6732: 0.532007
6733: 0.532076
6734: 0.532146
6735: 0.532067
6736: 0.532136
6737: 0.532205
6738: 0.532275
6739: 0.532196
6740: 0.532265
6741: 0.532335
6742: 0.532404
6743: 0.532325
6744: 0.532394
6745: 0.532464
6746: 0.532533
6747: 0.532454
6748: 0.532375
6749: 0.532444
6750: 0.532366
6751: 0.532435
6752: 0.532356
6753: 0.532425
6754: 0.532494
6755: 0.532564
6756: 0.532485
6757: 0.532554
6758: 0.532623
6759: 0.532692
6760: 0.532761
6761: 0.532683
6762: 0.532752
6763: 0.532821
6764: 0.53289
6765: 0.532959
6766: 0.53288
6767: 0.532949
6768: 0.533018
6769: 0.532939
6770: 0.533008
6771: 0.533077
6772: 0.532999
6773: 0.53292
6774: 0.532989
6775: 0.533058
6776: 0.533127
6777: 0.533048
6778: 0.533117
6779: 0.533186
6780: 0.533107
6781: 0.533176
6782: 0.533245
6783: 0.533314
6784: 0.533235
6785: 0.533156
6786: 0.533078
6787: 0.533147
6788: 0.533215
6789: 0.533284
6790: 0.533353
6791: 0.533422
6792: 0.533343
6793: 0.533412
6794: 0.533481
6795: 0.533549
6796: 0.533618
6797: 0.533686
6798: 0.533755
6799: 0.533824
6800: 0.533892
6801: 0.533814
6802: 0.533882
6803: 0.533951
6804: 0.533872
6805: 0.533794
6806: 0.533715
6807: 0.533784
6808: 0.533852
6809: 0.533774
6810: 0.533695
6811: 0.533617
6812: 0.533539
6813: 0.533461
6814: 0.533529
6815: 0.533597
6816: 0.533666
6817: 0.533734
6818: 0.533656
6819: 0.533578
6820: 0.533646
6821: 0.533714
6822: 0.533783
6823: 0.533851
6824: 0.533773
6825: 0.533695
6826: 0.533763
6827: 0.533685
6828: 0.533607
6829: 0.533675
6830: 0.533743
6831: 0.533665
6832: 0.533733
6833: 0.533655
6834: 0.533723
6835: 0.533645
6836: 0.533714
6837: 0.533782
6838: 0.53385
6839: 0.533918
6840: 0.533986
6841: 0.534054
6842: 0.534122
6843: 0.534191
6844: 0.534259
6845: 0.534327
6846: 0.534249
6847: 0.534317
6848: 0.534239
6849: 0.534307
6850: 0.534375
6851: 0.534297
6852: 0.534219
6853: 0.534287
6854: 0.534354
6855: 0.534277
6856: 0.534199
6857: 0.534267
6858: 0.534334
6859: 0.534402
6860: 0.534324
6861: 0.534392
6862: 0.53446
6863: 0.534382
6864: 0.53445
6865: 0.534372
6866: 0.53444
6867: 0.534362
6868: 0.53443
6869: 0.534352
6870: 0.53442
6871: 0.534342
6872: 0.534265
6873: 0.534332
6874: 0.5344
6875: 0.534468
6876: 0.534535
6877: 0.534458
6878: 0.534525
6879: 0.534448
6880: 0.534515
6881: 0.534438
6882: 0.534505
6883: 0.534573
6884: 0.534641
6885: 0.534708
6886: 0.53463
6887: 0.534698
6888: 0.534766
6889: 0.534833
6890: 0.534901
6891: 0.534823
6892: 0.53489
6893: 0.534958
6894: 0.535025
6895: 0.535093
6896: 0.535015
6897: 0.534938
6898: 0.53486
6899: 0.534783
6900: 0.534705
6901: 0.534773
6902: 0.53484
6903: 0.534762
6904: 0.534685
6905: 0.534608
6906: 0.534675
6907: 0.534742
6908: 0.53481
6909: 0.534877
6910: 0.5348
6911: 0.534867
6912: 0.53479
6913: 0.534712
6914: 0.534635
6915: 0.534558
6916: 0.53448
6917: 0.534403
6918: 0.53447
6919: 0.534538
6920: 0.534605
6921: 0.534528
6922: 0.534595
6923: 0.534518
6924: 0.53444
6925: 0.534363
6926: 0.534286
6927: 0.534353
6928: 0.534421
6929: 0.534343
6930: 0.534411
6931: 0.534478
6932: 0.534545
6933: 0.534612
6934: 0.534535
6935: 0.534458
6936: 0.534381
6937: 0.534304
6938: 0.534371
6939: 0.534438
6940: 0.534505
6941: 0.534572
6942: 0.534639
6943: 0.534706
6944: 0.534773
6945: 0.53484
6946: 0.534907
6947: 0.534974
6948: 0.534897
6949: 0.53482
6950: 0.534887
6951: 0.534954
6952: 0.534877
6953: 0.5348
6954: 0.534867
6955: 0.534934
6956: 0.535001
6957: 0.534924
6958: 0.534847
6959: 0.534914
6960: 0.534981
6961: 0.534904
6962: 0.534827
6963: 0.53475
6964: 0.534673
6965: 0.534597
6966: 0.53452
6967: 0.534587
6968: 0.534653
6969: 0.534577
6970: 0.5345
6971: 0.534567
6972: 0.534634
6973: 0.534557
6974: 0.53448
6975: 0.534547
6976: 0.53447
6977: 0.534537
6978: 0.534604
6979: 0.53467
6980: 0.534594
6981: 0.534517
6982: 0.534584
6983: 0.534507
6984: 0.534431
6985: 0.534498
6986: 0.534564
6987: 0.534488
6988: 0.534554
6989: 0.534478
6990: 0.534401
6991: 0.534468
6992: 0.534392
6993: 0.534458
6994: 0.534525
6995: 0.534591
6996: 0.534658
6997: 0.534581
6998: 0.534648
6999: 0.534571
7000: 0.534638
7001: 0.534704
7002: 0.534628
7003: 0.534552
7004: 0.534475
7005: 0.534399
7006: 0.534466
7007: 0.534532
7008: 0.534456
7009: 0.534522
7010: 0.534589
7011: 0.534655
7012: 0.534721
7013: 0.534645
7014: 0.534711
7015: 0.534778
7016: 0.534844
7017: 0.53491
7018: 0.534834
7019: 0.534758
7020: 0.534682
7021: 0.534748
7022: 0.534672
7023: 0.534596
7024: 0.534662
7025: 0.534728
7026: 0.534652
7027: 0.534718
7028: 0.534784
7029: 0.534708
7030: 0.534775
7031: 0.534699
7032: 0.534622
7033: 0.534689
7034: 0.534755
7035: 0.534821
7036: 0.534887
7037: 0.534811
7038: 0.534877
7039: 0.534943
7040: 0.534867
7041: 0.534791
7042: 0.534857
7043: 0.534923
7044: 0.534989
7045: 0.535055
7046: 0.535121
7047: 0.535045
7048: 0.535111
7049: 0.535177
7050: 0.535243
7051: 0.535167
7052: 0.535233
7053: 0.535299
7054: 0.535365
7055: 0.535431
7056: 0.535497
7057: 0.535562
7058: 0.535628
7059: 0.535694
7060: 0.53576
7061: 0.535826
7062: 0.535891
7063: 0.535815
7064: 0.535881
7065: 0.535805
7066: 0.535871
7067: 0.535937
7068: 0.536002
7069: 0.536068
7070: 0.536134
7071: 0.536199
7072: 0.536265
7073: 0.53633
7074: 0.536254
7075: 0.536179
7076: 0.536244
7077: 0.536168
7078: 0.536234
7079: 0.536299
7080: 0.536365
7081: 0.536289
7082: 0.536213
7083: 0.536138
7084: 0.536203
7085: 0.536128
7086: 0.536193
7087: 0.536258
7088: 0.536324
7089: 0.536389
7090: 0.536314
7091: 0.536379
7092: 0.536444
7093: 0.53651
7094: 0.536575
7095: 0.53664
7096: 0.536706
7097: 0.536771
7098: 0.536695
7099: 0.536761
7100: 0.536685
7101: 0.53675
7102: 0.536675
7103: 0.536599
7104: 0.536524
7105: 0.536448
7106: 0.536373
7107: 0.536438
7108: 0.536503
7109: 0.536428
7110: 0.536493
7111: 0.536558
7112: 0.536623
7113: 0.536688
7114: 0.536753
7115: 0.536678
7116: 0.536603
7117: 0.536668
7118: 0.536592
7119: 0.536517
7120: 0.536582
7121: 0.536647
7122: 0.536572
7123: 0.536637
7124: 0.536702
7125: 0.536767
7126: 0.536832
7127: 0.536897
7128: 0.536962
7129: 0.537027
7130: 0.537092
7131: 0.537156
7132: 0.537221
7133: 0.537146
7134: 0.537071
7135: 0.537136
7136: 0.537201
7137: 0.537265
7138: 0.53719
7139: 0.537255
7140: 0.53718
7141: 0.537244
7142: 0.537309
7143: 0.537374
7144: 0.537439
7145: 0.537503
7146: 0.537568
7147: 0.537633
7148: 0.537698
7149: 0.537762
7150: 0.537827
7151: 0.537752
7152: 0.537816
7153: 0.537741
7154: 0.537806
7155: 0.53787
7156: 0.537935
7157: 0.53786
7158: 0.537785
7159: 0.537709
7160: 0.537774
7161: 0.537839
7162: 0.537764
7163: 0.537688
7164: 0.537753
7165: 0.537817
7166: 0.537882
7167: 0.537946
7168: 0.538011
7169: 0.538075
7170: 0.53814
7171: 0.538204
7172: 0.538129
7173: 0.538193
7174: 0.538258
7175: 0.538322
7176: 0.538387
7177: 0.538451
7178: 0.538515
7179: 0.538579
7180: 0.538644
7181: 0.538569
7182: 0.538633
7183: 0.538697
7184: 0.538761
7185: 0.538686
7186: 0.538751
7187: 0.538676
7188: 0.53874
7189: 0.538665
7190: 0.538729
7191: 0.538793
7192: 0.538857
7193: 0.538921
7194: 0.538846
7195: 0.538911
7196: 0.538975
7197: 0.5389
7198: 0.538825
7199: 0.53875
7200: 0.538814
7201: 0.538739
7202: 0.538803
7203: 0.538728
7204: 0.538793
7205: 0.538857
7206: 0.538782
7207: 0.538707
7208: 0.538771
7209: 0.538696
7210: 0.538622
7211: 0.538547
7212: 0.538472
7213: 0.538536
7214: 0.538462
7215: 0.538387
7216: 0.538451
7217: 0.538376
7218: 0.538302
7219: 0.538227
7220: 0.538291
7221: 0.538355
7222: 0.53828
7223: 0.538344
7224: 0.538408
7225: 0.538334
7226: 0.538398
7227: 0.538462
7228: 0.538525
7229: 0.538589
7230: 0.538515
7231: 0.538579
7232: 0.538642
7233: 0.538706
7234: 0.53877
7235: 0.538834
7236: 0.538897
7237: 0.538961
7238: 0.538887
7239: 0.538812
7240: 0.538738
7241: 0.538801
7242: 0.538727
7243: 0.538791
7244: 0.538854
7245: 0.53878
7246: 0.538706
7247: 0.538769
7248: 0.538833
7249: 0.538897
7250: 0.538822
7251: 0.538886
7252: 0.538949
7253: 0.539013
7254: 0.539076
7255: 0.539002
7256: 0.539066
7257: 0.538991
7258: 0.538917
7259: 0.538981
7260: 0.539044
7261: 0.53897
7262: 0.538896
7263: 0.538959
7264: 0.538885
7265: 0.538949
7266: 0.539012
7267: 0.539075
7268: 0.539001
7269: 0.539065
7270: 0.539128
7271: 0.539191
7272: 0.539255
7273: 0.539318
7274: 0.539244
7275: 0.53917
7276: 0.539096
7277: 0.539022
7278: 0.538948
7279: 0.539011
7280: 0.538937
7281: 0.539
7282: 0.538926
7283: 0.538852
7284: 0.538916
7285: 0.538842
7286: 0.538905
7287: 0.538831
7288: 0.538894
7289: 0.538957
7290: 0.538884
7291: 0.53881
7292: 0.538873
7293: 0.538799
7294: 0.538862
7295: 0.538925
7296: 0.538852
7297: 0.538915
7298: 0.538978
7299: 0.538904
7300: 0.538967
7301: 0.538893
7302: 0.53882
7303: 0.538883
7304: 0.538809
7305: 0.538872
7306: 0.538935
7307: 0.538862
7308: 0.538788
7309: 0.538851
7310: 0.538777
7311: 0.538704
7312: 0.53863
7313: 0.538693
7314: 0.538756
7315: 0.538682
7316: 0.538609
7317: 0.538535
7318: 0.538598
7319: 0.538661
7320: 0.538724
7321: 0.538787
7322: 0.538714
7323: 0.538777
7324: 0.538703
7325: 0.538766
7326: 0.538829
7327: 0.538892
7328: 0.538818
7329: 0.538881
7330: 0.538808
7331: 0.538871
7332: 0.538934
7333: 0.538996
7334: 0.538923
7335: 0.53885
7336: 0.538776
7337: 0.538703
7338: 0.538629
7339: 0.538556
7340: 0.538619
7341: 0.538682
7342: 0.538744
7343: 0.538807
7344: 0.538734
7345: 0.53866
7346: 0.538723
7347: 0.538786
7348: 0.538713
7349: 0.538776
7350: 0.538838
7351: 0.538901
7352: 0.538828
7353: 0.538754
7354: 0.538817
7355: 0.538744
7356: 0.538807
7357: 0.538869
7358: 0.538932
7359: 0.538859
7360: 0.538785
7361: 0.538712
7362: 0.538775
7363: 0.538838
7364: 0.538764
7365: 0.538691
7366: 0.538754
7367: 0.538681
7368: 0.538608
7369: 0.538535
7370: 0.538597
7371: 0.538524
7372: 0.538451
7373: 0.538378
7374: 0.538441
7375: 0.538503
7376: 0.538566
7377: 0.538628
7378: 0.538691
7379: 0.538618
7380: 0.538545
7381: 0.538472
7382: 0.538399
7383: 0.538462
7384: 0.538389
7385: 0.538451
7386: 0.538514
7387: 0.538576
7388: 0.538639
7389: 0.538701
7390: 0.538763
7391: 0.53869
7392: 0.538753
7393: 0.53868
7394: 0.538607
7395: 0.538534
7396: 0.538597
7397: 0.538524
7398: 0.538451
7399: 0.538514
7400: 0.538441
7401: 0.538503
7402: 0.538565
7403: 0.538493
7404: 0.538555
7405: 0.538482
7406: 0.538545
7407: 0.538472
7408: 0.538534
7409: 0.538462
7410: 0.538389
7411: 0.538316
7412: 0.538244
7413: 0.538306
7414: 0.538233
7415: 0.538161
7416: 0.538088
7417: 0.53815
7418: 0.538213
7419: 0.538275
7420: 0.538202
7421: 0.538265
7422: 0.538192
7423: 0.538254
7424: 0.538316
7425: 0.538244
7426: 0.538306
7427: 0.538368
7428: 0.53843
7429: 0.538493
7430: 0.538555
7431: 0.538617
7432: 0.538679
7433: 0.538741
7434: 0.538668
7435: 0.538596
7436: 0.538524
7437: 0.538586
7438: 0.538513
7439: 0.538441
7440: 0.538503
7441: 0.538565
7442: 0.538627
7443: 0.538555
7444: 0.538617
7445: 0.538544
7446: 0.538606
7447: 0.538668
7448: 0.53873
7449: 0.538658
7450: 0.53872
7451: 0.538782
7452: 0.538709
7453: 0.538637
7454: 0.538565
7455: 0.538627
7456: 0.538554
7457: 0.538616
7458: 0.538544
7459: 0.538606
7460: 0.538534
7461: 0.538462
7462: 0.538523
7463: 0.538585
7464: 0.538513
7465: 0.538575
7466: 0.538503
7467: 0.538431
7468: 0.538492
7469: 0.53842
7470: 0.538482
7471: 0.538544
7472: 0.538606
7473: 0.538534
7474: 0.538462
7475: 0.53839
7476: 0.538451
7477: 0.538513
7478: 0.538575
7479: 0.538503
7480: 0.538431
7481: 0.538492
7482: 0.53842
7483: 0.538348
7484: 0.538277
7485: 0.538338
7486: 0.5384
7487: 0.538328
7488: 0.53839
7489: 0.538318
7490: 0.538246
7491: 0.538174
7492: 0.538102
7493: 0.538164
7494: 0.538092
7495: 0.53802
7496: 0.537949
7497: 0.53801
7498: 0.537938
7499: 0.537867
7500: 0.537928
7501: 0.53799
7502: 0.538051
7503: 0.53798
7504: 0.537908
7505: 0.53797
7506: 0.537898
7507: 0.537826
7508: 0.537888
7509: 0.537949
7510: 0.537878
7511: 0.537939
7512: 0.538001
7513: 0.538062
7514: 0.538124
7515: 0.538052
7516: 0.538114
7517: 0.538042
7518: 0.53797
7519: 0.538032
7520: 0.53796
7521: 0.537889
7522: 0.537817
7523: 0.537879
7524: 0.53794
7525: 0.538002
7526: 0.538063
7527: 0.537991
7528: 0.53792
7529: 0.537981
7530: 0.538043
7531: 0.538104
7532: 0.538033
7533: 0.538094
7534: 0.538155
7535: 0.538217
7536: 0.538278
7537: 0.538206
7538: 0.538135
7539: 0.538196
7540: 0.538258
7541: 0.538319
7542: 0.538247
7543: 0.538176
7544: 0.538105
7545: 0.538033
7546: 0.537962
7547: 0.537891
7548: 0.537952
7549: 0.538013
7550: 0.537942
7551: 0.537871
7552: 0.5378
7553: 0.537728
7554: 0.53779
7555: 0.537718
7556: 0.53778
7557: 0.537708
7558: 0.537637
7559: 0.537698
7560: 0.53776
7561: 0.537688
7562: 0.537617
7563: 0.537678
7564: 0.53774
7565: 0.537801
7566: 0.537862
7567: 0.537923
7568: 0.537852
7569: 0.537913
7570: 0.537974
7571: 0.537903
7572: 0.537964
7573: 0.538025
7574: 0.538086
7575: 0.538147
7576: 0.538076
7577: 0.538005
7578: 0.538066
7579: 0.538127
7580: 0.538188
7581: 0.538248
7582: 0.538309
7583: 0.538238
7584: 0.538299
7585: 0.53836
7586: 0.538421
7587: 0.538482
7588: 0.538411
7589: 0.538472
7590: 0.538532
7591: 0.538462
7592: 0.538522
7593: 0.538583
7594: 0.538512
7595: 0.538441
7596: 0.538502
7597: 0.538563
7598: 0.538624
7599: 0.538553
7600: 0.538613
7601: 0.538674
7602: 0.538603
7603: 0.538532
7604: 0.538593
7605: 0.538522
7606: 0.538451
7607: 0.538381
7608: 0.538441
7609: 0.538371
7610: 0.5383
7611: 0.53836
7612: 0.538421
7613: 0.538482
7614: 0.538542
7615: 0.538603
7616: 0.538532
7617: 0.538462
7618: 0.538522
7619: 0.538583
7620: 0.538512
7621: 0.538573
7622: 0.538633
7623: 0.538562
7624: 0.538492
7625: 0.538421
7626: 0.538351
7627: 0.53828
7628: 0.538341
7629: 0.538401
7630: 0.538462
7631: 0.538522
7632: 0.538451
7633: 0.538512
7634: 0.538572
7635: 0.538502
7636: 0.538431
7637: 0.538361
7638: 0.538421
7639: 0.538351
7640: 0.538411
7641: 0.538472
7642: 0.538401
7643: 0.538331
7644: 0.53826
7645: 0.53819
7646: 0.53812
7647: 0.538049
7648: 0.537979
7649: 0.537908
7650: 0.537838
7651: 0.537768
7652: 0.537828
7653: 0.537758
7654: 0.537818
7655: 0.537879
7656: 0.537809
7657: 0.537738
7658: 0.537799
7659: 0.537859
7660: 0.537789
7661: 0.537719
7662: 0.537648
7663: 0.537709
7664: 0.537769
7665: 0.537829
7666: 0.537759
7667: 0.53782
7668: 0.53788
7669: 0.53781
7670: 0.53787
7671: 0.53793
7672: 0.53799
7673: 0.53792
7674: 0.53798
7675: 0.538041
7676: 0.538101
7677: 0.538161
7678: 0.538091
7679: 0.538021
7680: 0.538081
7681: 0.538141
7682: 0.538201
7683: 0.538261
7684: 0.538191
7685: 0.538121
7686: 0.538181
7687: 0.538241
7688: 0.538171
7689: 0.538101
7690: 0.538161
7691: 0.538222
7692: 0.538282
7693: 0.538212
7694: 0.538272
7695: 0.538202
7696: 0.538132
7697: 0.538192
7698: 0.538252
7699: 0.538182
7700: 0.538242
7701: 0.538302
7702: 0.538362
7703: 0.538422
7704: 0.538482
7705: 0.538412
7706: 0.538472
7707: 0.538402
7708: 0.538462
7709: 0.538521
7710: 0.538452
7711: 0.538511
7712: 0.538442
7713: 0.538372
7714: 0.538302
7715: 0.538362
7716: 0.538292
7717: 0.538352
7718: 0.538282
7719: 0.538342
7720: 0.538272
7721: 0.538332
7722: 0.538262
7723: 0.538322
7724: 0.538252
7725: 0.538183
7726: 0.538113
7727: 0.538173
7728: 0.538103
7729: 0.538034
7730: 0.537964
7731: 0.538024
7732: 0.537954
7733: 0.537885
7734: 0.537944
7735: 0.538004
7736: 0.537935
7737: 0.537865
7738: 0.537925
7739: 0.537984
7740: 0.538044
7741: 0.537975
7742: 0.538034
7743: 0.538094
7744: 0.538154
7745: 0.538084
7746: 0.538144
7747: 0.538203
7748: 0.538134
7749: 0.538194
7750: 0.538253
7751: 0.538184
7752: 0.538114
7753: 0.538045
7754: 0.537975
7755: 0.537906
7756: 0.537837
7757: 0.537896
7758: 0.537827
7759: 0.537758
7760: 0.537817
7761: 0.537877
7762: 0.537936
7763: 0.537996
7764: 0.538055
7765: 0.538115
7766: 0.538046
7767: 0.537976
7768: 0.537907
7769: 0.537838
7770: 0.537769
7771: 0.537828
7772: 0.537888
7773: 0.537947
7774: 0.537878
7775: 0.537937
7776: 0.537868
7777: 0.537799
7778: 0.53773
7779: 0.537661
7780: 0.537592
7781: 0.537651
7782: 0.53771
7783: 0.537641
7784: 0.537572
7785: 0.537503
7786: 0.537563
7787: 0.537622
7788: 0.537553
7789: 0.537484
7790: 0.537543
7791: 0.537474
7792: 0.537534
7793: 0.537593
7794: 0.537652
7795: 0.537712
7796: 0.537771
7797: 0.53783
7798: 0.537761
7799: 0.537821
7800: 0.53788
7801: 0.537939
7802: 0.537998
7803: 0.538057
7804: 0.537988
7805: 0.538048
7806: 0.537979
7807: 0.538038
7808: 0.537969
7809: 0.5379
7810: 0.537959
7811: 0.538018
7812: 0.538078
7813: 0.538137
7814: 0.538068
7815: 0.538127
7816: 0.538186
7817: 0.538245
7818: 0.538304
7819: 0.538235
7820: 0.538166
7821: 0.538226
7822: 0.538285
7823: 0.538344
7824: 0.538403
7825: 0.538334
7826: 0.538393
7827: 0.538324
7828: 0.538255
7829: 0.538186
7830: 0.538245
7831: 0.538177
7832: 0.538108
7833: 0.538039
7834: 0.538098
7835: 0.538157
7836: 0.538089
7837: 0.53802
7838: 0.537951
7839: 0.53801
7840: 0.538069
7841: 0.538128
7842: 0.538059
7843: 0.537991
7844: 0.537922
7845: 0.537854
7846: 0.537785
7847: 0.537844
7848: 0.537776
7849: 0.537834
7850: 0.537893
7851: 0.537825
7852: 0.537884
7853: 0.537942
7854: 0.538001
7855: 0.537933
7856: 0.537992
7857: 0.53805
7858: 0.538109
7859: 0.538041
7860: 0.538099
7861: 0.538031
7862: 0.537963
7863: 0.538021
7864: 0.53808
7865: 0.538139
7866: 0.53807
7867: 0.538129
7868: 0.538061
7869: 0.538119
7870: 0.538051
7871: 0.53811
7872: 0.538168
7873: 0.5381
7874: 0.538032
7875: 0.53809
7876: 0.538149
7877: 0.538208
7878: 0.538139
7879: 0.538071
7880: 0.53813
7881: 0.538061
7882: 0.537993
7883: 0.538052
7884: 0.53811
7885: 0.538169
7886: 0.538227
7887: 0.538286
7888: 0.538345
7889: 0.538403
7890: 0.538335
7891: 0.538393
7892: 0.538325
7893: 0.538384
7894: 0.538315
7895: 0.538374
7896: 0.538306
7897: 0.538238
7898: 0.538169
7899: 0.538228
7900: 0.53816
7901: 0.538218
7902: 0.538277
7903: 0.538209
7904: 0.538267
7905: 0.538325
7906: 0.538257
7907: 0.538189
7908: 0.538121
7909: 0.538053
7910: 0.537985
7911: 0.538043
7912: 0.538102
7913: 0.53816
7914: 0.538092
7915: 0.538024
7916: 0.538083
7917: 0.538141
7918: 0.538073
7919: 0.538131
7920: 0.538063
7921: 0.537995
7922: 0.538054
7923: 0.537986
7924: 0.538044
7925: 0.538102
7926: 0.538161
7927: 0.538093
7928: 0.538025
7929: 0.537957
7930: 0.537889
7931: 0.537821
7932: 0.53788
7933: 0.537812
7934: 0.537744
7935: 0.537676
7936: 0.537609
7937: 0.537541
7938: 0.537599
7939: 0.537657
7940: 0.537716
7941: 0.537648
7942: 0.53758
7943: 0.537638
7944: 0.537697
7945: 0.537755
7946: 0.537687
7947: 0.53762
7948: 0.537552
7949: 0.53761
7950: 0.537542
7951: 0.537475
7952: 0.537407
7953: 0.537465
7954: 0.537524
7955: 0.537582
7956: 0.537514
7957: 0.537572
7958: 0.53763
7959: 0.537688
7960: 0.537747
7961: 0.537805
7962: 0.537737
7963: 0.53767
7964: 0.537728
7965: 0.537786
7966: 0.537844
7967: 0.537902
7968: 0.53796
7969: 0.538018
7970: 0.538076
7971: 0.538133
7972: 0.538191
7973: 0.538124
7974: 0.538182
7975: 0.53824
7976: 0.538298
7977: 0.538355
7978: 0.538413
7979: 0.538346
7980: 0.538278
7981: 0.538211
7982: 0.538144
7983: 0.538201
7984: 0.538259
7985: 0.538192
7986: 0.538124
7987: 0.538182
7988: 0.53824
7989: 0.538298
7990: 0.538356
7991: 0.538288
7992: 0.538221
7993: 0.538154
7994: 0.538211
7995: 0.538144
7996: 0.538077
7997: 0.53801
7998: 0.538067
7999: 0.538
8000: 0.537933
8001: 0.537866
8002: 0.537923
8003: 0.537856
8004: 0.537789
8005: 0.537847
8006: 0.537779
8007: 0.537837
8008: 0.53777
8009: 0.537703
8010: 0.537761
8011: 0.537693
8012: 0.537751
8013: 0.537809
8014: 0.537867
8015: 0.537799
8016: 0.537732
8017: 0.53779
8018: 0.537848
8019: 0.537905
8020: 0.537963
8021: 0.53802
8022: 0.538078
8023: 0.538011
8024: 0.538069
8025: 0.538126
8026: 0.538184
8027: 0.538117
8028: 0.53805
8029: 0.538107
8030: 0.538165
8031: 0.538222
8032: 0.538155
8033: 0.538088
8034: 0.538146
8035: 0.538203
8036: 0.538261
8037: 0.538194
8038: 0.538127
8039: 0.53806
8040: 0.537993
8041: 0.53805
8042: 0.538108
8043: 0.538165
8044: 0.538222
8045: 0.53828
8046: 0.538337
8047: 0.538395
8048: 0.538452
8049: 0.538385
8050: 0.538442
8051: 0.538376
8052: 0.538309
8053: 0.538366
8054: 0.538299
8055: 0.538232
8056: 0.538166
8057: 0.538223
8058: 0.53828
8059: 0.538337
8060: 0.538271
8061: 0.538204
8062: 0.538137
8063: 0.53807
8064: 0.538004
8065: 0.538061
8066: 0.537994
8067: 0.538052
8068: 0.538109
8069: 0.538166
8070: 0.538099
8071: 0.538157
8072: 0.53809
8073: 0.538147
8074: 0.538204
8075: 0.538262
8076: 0.538195
8077: 0.538128
8078: 0.538062
8079: 0.537995
8080: 0.537928
8081: 0.537986
8082: 0.538043
8083: 0.537976
8084: 0.538033
8085: 0.538091
8086: 0.538148
8087: 0.538205
8088: 0.538138
8089: 0.538072
8090: 0.538129
8091: 0.538186
8092: 0.538119
8093: 0.538176
8094: 0.538233
8095: 0.538167
8096: 0.538101
8097: 0.538158
8098: 0.538215
8099: 0.538148
8100: 0.538082
8101: 0.538139
8102: 0.538196
8103: 0.538253
8104: 0.53831
8105: 0.538243
8106: 0.538177
8107: 0.538111
8108: 0.538167
8109: 0.538224
8110: 0.538158
8111: 0.538092
8112: 0.538149
8113: 0.538082
8114: 0.538016
8115: 0.53795
8116: 0.537883
8117: 0.537817
8118: 0.537751
8119: 0.537808
8120: 0.537865
8121: 0.537799
8122: 0.537855
8123: 0.537789
8124: 0.537723
8125: 0.537657
8126: 0.537714
8127: 0.537771
8128: 0.537828
8129: 0.537884
8130: 0.537941
8131: 0.537875
8132: 0.537932
8133: 0.537989
8134: 0.537923
8135: 0.537856
8136: 0.53779
8137: 0.537724
8138: 0.537781
8139: 0.537715
8140: 0.537772
8141: 0.537706
8142: 0.537762
8143: 0.537819
8144: 0.537876
8145: 0.537933
8146: 0.537989
8147: 0.538046
8148: 0.53798
8149: 0.538037
8150: 0.537971
8151: 0.538027
8152: 0.538084
8153: 0.538141
8154: 0.538197
8155: 0.538131
8156: 0.538188
8157: 0.538122
8158: 0.538056
8159: 0.538113
8160: 0.538169
8161: 0.538226
8162: 0.53816
8163: 0.538217
8164: 0.538273
8165: 0.53833
8166: 0.538264
8167: 0.538198
8168: 0.538254
8169: 0.538188
8170: 0.538245
8171: 0.538179
8172: 0.538236
8173: 0.538292
8174: 0.538226
8175: 0.538283
8176: 0.538217
8177: 0.538273
8178: 0.53833
8179: 0.538264
8180: 0.538198
8181: 0.538132
8182: 0.538067
8183: 0.538123
8184: 0.53818
8185: 0.538236
8186: 0.538292
8187: 0.538349
8188: 0.538283
8189: 0.538217
8190: 0.538274
8191: 0.538208
8192: 0.538142
8193: 0.538077
8194: 0.538011
8195: 0.538067
8196: 0.538002
8197: 0.538058
8198: 0.538114
8199: 0.538049
8200: 0.537983
8201: 0.537918
8202: 0.537852
8203: 0.537786
8204: 0.537843
8205: 0.537899
8206: 0.537834
8207: 0.53789
8208: 0.537946
8209: 0.538002
8210: 0.538059
8211: 0.537993
8212: 0.538049
8213: 0.538106
8214: 0.53804
8215: 0.537975
8216: 0.538031
8217: 0.537965
8218: 0.5379
8219: 0.537956
8220: 0.537891
8221: 0.537825
8222: 0.53776
8223: 0.537816
8224: 0.537872
8225: 0.537807
8226: 0.537863
8227: 0.537919
8228: 0.537854
8229: 0.537789
8230: 0.537845
8231: 0.537779
8232: 0.537836
8233: 0.53777
8234: 0.537705
8235: 0.537761
8236: 0.537817
8237: 0.537873
8238: 0.537808
8239: 0.537864
8240: 0.537799
8241: 0.537855
8242: 0.53779
8243: 0.537846
8244: 0.537902
8245: 0.537958
8246: 0.538014
8247: 0.537949
8248: 0.537883
8249: 0.537939
8250: 0.537874
8251: 0.537809
8252: 0.537865
8253: 0.537921
8254: 0.537977
8255: 0.538033
8256: 0.537968
8257: 0.538024
8258: 0.53808
8259: 0.538015
8260: 0.537949
8261: 0.537884
8262: 0.53794
8263: 0.537996
8264: 0.538052
8265: 0.538108
8266: 0.538164
8267: 0.538099
8268: 0.538034
8269: 0.538089
8270: 0.538145
8271: 0.53808
8272: 0.538015
8273: 0.538071
8274: 0.538006
8275: 0.538062
8276: 0.537997
8277: 0.538053
8278: 0.538108
8279: 0.538164
8280: 0.53822
8281: 0.538155
8282: 0.53809
8283: 0.538146
8284: 0.538081
8285: 0.538016
8286: 0.537951
8287: 0.538007
8288: 0.537942
8289: 0.537998
8290: 0.537933
8291: 0.537988
8292: 0.537924
8293: 0.537859
8294: 0.537914
8295: 0.53785
8296: 0.537905
8297: 0.537961
8298: 0.537896
8299: 0.537952
8300: 0.537887
8301: 0.537943
8302: 0.537998
8303: 0.538054
8304: 0.537989
8305: 0.537924
8306: 0.53798
8307: 0.538036
8308: 0.537971
8309: 0.538026
8310: 0.537962
8311: 0.537897
8312: 0.537953
8313: 0.538008
8314: 0.537943
8315: 0.537999
8316: 0.538055
8317: 0.53799
8318: 0.538045
8319: 0.538101
8320: 0.538036
8321: 0.538092
8322: 0.538147
8323: 0.538203
8324: 0.538138
8325: 0.538194
8326: 0.538249
8327: 0.538305
8328: 0.53824
8329: 0.538295
8330: 0.538231
8331: 0.538286
8332: 0.538222
8333: 0.538277
8334: 0.538332
8335: 0.538388
8336: 0.538323
8337: 0.538379
8338: 0.538314
8339: 0.538249
8340: 0.538305
8341: 0.53824
8342: 0.538176
8343: 0.538231
8344: 0.538167
8345: 0.538102
8346: 0.538038
8347: 0.538093
8348: 0.538029
8349: 0.537964
8350: 0.5379
8351: 0.537955
8352: 0.53801
8353: 0.538066
8354: 0.538001
8355: 0.537937
8356: 0.537992
8357: 0.538047
8358: 0.538103
8359: 0.538158
8360: 0.538213
8361: 0.538268
8362: 0.538204
8363: 0.538259
8364: 0.538195
8365: 0.53825
8366: 0.538186
8367: 0.538241
8368: 0.538296
8369: 0.538351
8370: 0.538287
8371: 0.538223
8372: 0.538278
8373: 0.538333
8374: 0.538269
8375: 0.538324
8376: 0.53826
8377: 0.538195
8378: 0.53825
8379: 0.538186
8380: 0.538241
8381: 0.538296
8382: 0.538351
8383: 0.538406
8384: 0.538462
8385: 0.538397
8386: 0.538452
8387: 0.538388
8388: 0.538324
8389: 0.538379
8390: 0.538315
8391: 0.53837
8392: 0.538425
8393: 0.53848
8394: 0.538535
8395: 0.538471
8396: 0.538526
8397: 0.538462
8398: 0.538397
8399: 0.538333
8400: 0.538388
8401: 0.538324
8402: 0.538379
8403: 0.538434
8404: 0.538489
8405: 0.538544
8406: 0.538599
8407: 0.538535
8408: 0.538471
8409: 0.538407
8410: 0.538343
8411: 0.538279
8412: 0.538334
8413: 0.538388
8414: 0.538443
8415: 0.538498
8416: 0.538553
8417: 0.538489
8418: 0.538425
8419: 0.538361
8420: 0.538416
8421: 0.538471
8422: 0.538407
8423: 0.538343
8424: 0.538279
8425: 0.538215
8426: 0.538151
8427: 0.538087
8428: 0.538023
8429: 0.538078
8430: 0.538133
8431: 0.538069
8432: 0.538005
8433: 0.537942
8434: 0.537878
8435: 0.537933
8436: 0.537869
8437: 0.537805
8438: 0.537741
8439: 0.537678
8440: 0.537614
8441: 0.53755
8442: 0.537605
8443: 0.537541
8444: 0.537478
8445: 0.537533
8446: 0.537587
8447: 0.537524
8448: 0.53746
8449: 0.537396
8450: 0.537451
8451: 0.537388
8452: 0.537324
8453: 0.53726
8454: 0.537197
8455: 0.537252
8456: 0.537306
8457: 0.537243
8458: 0.537179
8459: 0.537234
8460: 0.537171
8461: 0.537225
8462: 0.537162
8463: 0.537216
8464: 0.537271
8465: 0.537326
8466: 0.537262
8467: 0.537317
8468: 0.537372
8469: 0.537426
8470: 0.537481
8471: 0.537535
8472: 0.537472
8473: 0.537409
8474: 0.537345
8475: 0.5374
8476: 0.537336
8477: 0.537273
8478: 0.53721
8479: 0.537146
8480: 0.537201
8481: 0.537137
8482: 0.537074
8483: 0.537129
8484: 0.537065
8485: 0.537002
8486: 0.536939
8487: 0.536993
8488: 0.53693
8489: 0.536985
8490: 0.536921
8491: 0.536858
8492: 0.536795
8493: 0.53685
8494: 0.536904
8495: 0.536959
8496: 0.536895
8497: 0.53695
8498: 0.536887
8499: 0.536824
8500: 0.53676
8501: 0.536815
8502: 0.536869
8503: 0.536924
8504: 0.536978
8505: 0.537033
8506: 0.537087
8507: 0.537024
8508: 0.536961
8509: 0.536898
8510: 0.536835
8511: 0.536889
8512: 0.536826
8513: 0.53688
8514: 0.536817
8515: 0.536754
8516: 0.536691
8517: 0.536628
8518: 0.536683
8519: 0.536737
8520: 0.536791
8521: 0.536846
8522: 0.536783
8523: 0.53672
8524: 0.536657
8525: 0.536594
8526: 0.536648
8527: 0.536703
8528: 0.536757
8529: 0.536811
8530: 0.536866
8531: 0.53692
8532: 0.536974
8533: 0.537028
8534: 0.536965
8535: 0.53702
8536: 0.537074
8537: 0.537011
8538: 0.537065
8539: 0.537119
8540: 0.537057
8541: 0.537111
8542: 0.537165
8543: 0.537219
8544: 0.537273
8545: 0.537327
8546: 0.537265
8547: 0.537319
8548: 0.537256
8549: 0.537193
8550: 0.537247
8551: 0.537301
8552: 0.537355
8553: 0.537409
8554: 0.537347
8555: 0.537401
8556: 0.537455
8557: 0.537509
8558: 0.537446
8559: 0.537383
8560: 0.53732
8561: 0.537374
8562: 0.537428
8563: 0.537482
8564: 0.537536
8565: 0.537474
8566: 0.537528
8567: 0.537465
8568: 0.537519
8569: 0.537573
8570: 0.537627
8571: 0.537564
8572: 0.537501
8573: 0.537555
8574: 0.537609
8575: 0.537547
8576: 0.537484
8577: 0.537538
8578: 0.537592
8579: 0.537529
8580: 0.537583
8581: 0.537637
8582: 0.537691
8583: 0.537628
8584: 0.537682
8585: 0.537619
8586: 0.537557
8587: 0.537611
8588: 0.537664
8589: 0.537718
8590: 0.537772
8591: 0.537709
8592: 0.537647
8593: 0.537584
8594: 0.537522
8595: 0.537459
8596: 0.537513
8597: 0.537567
8598: 0.537504
8599: 0.537558
8600: 0.537612
8601: 0.537666
8602: 0.537719
8603: 0.537773
8604: 0.537711
8605: 0.537648
8606: 0.537702
8607: 0.537756
8608: 0.537693
8609: 0.537631
8610: 0.537684
8611: 0.537622
8612: 0.537676
8613: 0.537729
8614: 0.537783
8615: 0.537837
8616: 0.53789
8617: 0.537828
8618: 0.537765
8619: 0.537703
8620: 0.537641
8621: 0.537694
8622: 0.537632
8623: 0.53757
8624: 0.537623
8625: 0.537561
8626: 0.537614
8627: 0.537668
8628: 0.537722
8629: 0.537775
8630: 0.537829
8631: 0.537766
8632: 0.53782
8633: 0.537874
8634: 0.537811
8635: 0.537749
8636: 0.537687
8637: 0.537624
8638: 0.537562
8639: 0.537616
8640: 0.537669
8641: 0.537723
8642: 0.537661
8643: 0.537598
8644: 0.537536
8645: 0.53759
8646: 0.537527
8647: 0.537581
8648: 0.537634
8649: 0.537688
8650: 0.537741
8651: 0.537679
8652: 0.537733
8653: 0.537786
8654: 0.537839
8655: 0.537777
8656: 0.537715
8657: 0.537769
8658: 0.537822
8659: 0.537875
8660: 0.537813
8661: 0.537751
8662: 0.537689
8663: 0.537742
8664: 0.53768
8665: 0.537734
8666: 0.537787
8667: 0.53784
8668: 0.537894
8669: 0.537832
8670: 0.537885
8671: 0.537938
8672: 0.537991
8673: 0.537929
8674: 0.537983
8675: 0.538036
8676: 0.537974
8677: 0.538027
8678: 0.537965
8679: 0.537903
8680: 0.537841
8681: 0.537779
8682: 0.537717
8683: 0.537771
8684: 0.537709
8685: 0.537647
8686: 0.5377
8687: 0.537638
8688: 0.537691
8689: 0.537629
8690: 0.537568
8691: 0.537621
8692: 0.537559
8693: 0.537497
8694: 0.537435
8695: 0.537374
8696: 0.537312
8697: 0.537365
8698: 0.537303
8699: 0.537356
8700: 0.537409
8701: 0.537463
8702: 0.537516
8703: 0.537454
8704: 0.537507
8705: 0.53756
8706: 0.537499
8707: 0.537437
8708: 0.537375
8709: 0.537313
8710: 0.537367
8711: 0.53742
8712: 0.537358
8713: 0.537411
8714: 0.537464
8715: 0.537402
8716: 0.537456
8717: 0.537509
8718: 0.537562
8719: 0.5375
8720: 0.537553
8721: 0.537491
8722: 0.53743
8723: 0.537368
8724: 0.537307
8725: 0.537245
8726: 0.537183
8727: 0.537122
8728: 0.537175
8729: 0.537113
8730: 0.537052
8731: 0.53699
8732: 0.536929
8733: 0.536982
8734: 0.53692
8735: 0.536859
8736: 0.536912
8737: 0.536851
8738: 0.536904
8739: 0.536957
8740: 0.537009
8741: 0.537062
8742: 0.537001
8743: 0.537054
8744: 0.537107
8745: 0.537046
8746: 0.537098
8747: 0.537037
8748: 0.53709
8749: 0.537143
8750: 0.537081
8751: 0.537134
8752: 0.537187
8753: 0.53724
8754: 0.537179
8755: 0.537117
8756: 0.537056
8757: 0.537109
8758: 0.537162
8759: 0.5371
8760: 0.537153
8761: 0.537206
8762: 0.537259
8763: 0.537312
8764: 0.537365
8765: 0.537303
8766: 0.537242
8767: 0.537181
8768: 0.537119
8769: 0.537058
8770: 0.536997
8771: 0.536936
8772: 0.536988
8773: 0.537041
8774: 0.537094
8775: 0.537147
8776: 0.537199
8777: 0.537138
8778: 0.537077
8779: 0.537016
8780: 0.537069
8781: 0.537008
8782: 0.536946
8783: 0.536885
8784: 0.536824
8785: 0.536877
8786: 0.53693
8787: 0.536868
8788: 0.536807
8789: 0.53686
8790: 0.536913
8791: 0.536965
8792: 0.537018
8793: 0.536957
8794: 0.53701
8795: 0.536949
8796: 0.536888
8797: 0.536827
8798: 0.536766
8799: 0.536818
8800: 0.536871
8801: 0.536923
8802: 0.536862
8803: 0.536915
8804: 0.536968
8805: 0.536907
8806: 0.536959
8807: 0.537012
8808: 0.536951
8809: 0.53689
8810: 0.536942
8811: 0.536882
8812: 0.536821
8813: 0.53676
8814: 0.536812
8815: 0.536751
8816: 0.536804
8817: 0.536743
8818: 0.536682
8819: 0.536621
8820: 0.53656
8821: 0.5365
8822: 0.536439
8823: 0.536491
8824: 0.536544
8825: 0.536483
8826: 0.536536
8827: 0.536588
8828: 0.536641
8829: 0.536693
8830: 0.536632
8831: 0.536685
8832: 0.536737
8833: 0.536676
8834: 0.536616
8835: 0.536668
8836: 0.536607
8837: 0.536547
8838: 0.536486
8839: 0.536538
8840: 0.536591
8841: 0.536643
8842: 0.536696
8843: 0.536748
8844: 0.536687
8845: 0.53674
8846: 0.536792
8847: 0.536844
8848: 0.536784
8849: 0.536723
8850: 0.536663
8851: 0.536602
8852: 0.536654
8853: 0.536707
8854: 0.536759
8855: 0.536811
8856: 0.536863
8857: 0.536916
8858: 0.536855
8859: 0.536907
8860: 0.53696
8861: 0.536899
8862: 0.536951
8863: 0.536891
8864: 0.536943
8865: 0.536882
8866: 0.536822
8867: 0.536761
8868: 0.536814
8869: 0.536753
8870: 0.536805
8871: 0.536858
8872: 0.536797
8873: 0.536737
8874: 0.536676
8875: 0.536616
8876: 0.536555
8877: 0.536607
8878: 0.536547
8879: 0.536599
8880: 0.536651
8881: 0.536703
8882: 0.536756
8883: 0.536695
8884: 0.536747
8885: 0.536799
8886: 0.536852
8887: 0.536904
8888: 0.536843
8889: 0.536783
8890: 0.536835
8891: 0.536775
8892: 0.536827
8893: 0.536879
8894: 0.536818
8895: 0.536758
8896: 0.536698
8897: 0.53675
8898: 0.536802
8899: 0.536854
8900: 0.536906
8901: 0.536846
8902: 0.536785
8903: 0.536837
8904: 0.536777
8905: 0.536829
8906: 0.536769
8907: 0.536821
8908: 0.536873
8909: 0.536813
8910: 0.536752
8911: 0.536804
8912: 0.536744
8913: 0.536684
8914: 0.536736
8915: 0.536788
8916: 0.536728
8917: 0.536667
8918: 0.536719
8919: 0.536659
8920: 0.536599
8921: 0.536539
8922: 0.536479
8923: 0.536531
8924: 0.536583
8925: 0.536635
8926: 0.536574
8927: 0.536514
8928: 0.536454
8929: 0.536506
8930: 0.536446
8931: 0.536386
8932: 0.536438
8933: 0.53649
8934: 0.53643
8935: 0.53637
8936: 0.536422
8937: 0.536362
8938: 0.536413
8939: 0.536353
8940: 0.536405
8941: 0.536457
8942: 0.536397
8943: 0.536449
8944: 0.536389
8945: 0.536441
8946: 0.536493
8947: 0.536433
8948: 0.536373
8949: 0.536313
8950: 0.536365
8951: 0.536416
8952: 0.536357
8953: 0.536408
8954: 0.53646
8955: 0.536512
8956: 0.536452
8957: 0.536504
8958: 0.536555
8959: 0.536607
8960: 0.536659
8961: 0.536711
8962: 0.536762
8963: 0.536702
8964: 0.536754
8965: 0.536806
8966: 0.536857
8967: 0.536798
8968: 0.536849
8969: 0.536789
8970: 0.536729
8971: 0.53667
8972: 0.53661
8973: 0.536661
8974: 0.536713
8975: 0.536765
8976: 0.536816
8977: 0.536757
8978: 0.536808
8979: 0.536748
8980: 0.5368
8981: 0.536851
8982: 0.536792
8983: 0.536843
8984: 0.536784
8985: 0.536835
8986: 0.536775
8987: 0.536827
8988: 0.536767
8989: 0.536707
8990: 0.536759
8991: 0.536699
8992: 0.53664
8993: 0.536691
8994: 0.536743
8995: 0.536683
8996: 0.536623
8997: 0.536564
8998: 0.536504
8999: 0.536444
9000: 0.536385
9001: 0.536436
9002: 0.536488
9003: 0.536539
9004: 0.536591
9005: 0.536531
9006: 0.536583
9007: 0.536523
9008: 0.536464
9009: 0.536404
9010: 0.536455
9011: 0.536507
9012: 0.536558
9013: 0.53661
9014: 0.536661
9015: 0.536713
9016: 0.536764
9017: 0.536704
9018: 0.536756
9019: 0.536807
9020: 0.536858
9021: 0.536799
9022: 0.53685
9023: 0.536902
9024: 0.536953
9025: 0.537004
9026: 0.536945
9027: 0.536996
9028: 0.536937
9029: 0.536988
9030: 0.537039
9031: 0.53709
9032: 0.537142
9033: 0.537193
9034: 0.537244
9035: 0.537295
9036: 0.537236
9037: 0.537176
9038: 0.537117
9039: 0.537058
9040: 0.536998
9041: 0.536939
9042: 0.53699
9043: 0.537041
9044: 0.536982
9045: 0.537033
9046: 0.537084
9047: 0.537025
9048: 0.536965
9049: 0.537017
9050: 0.537068
9051: 0.537119
9052: 0.53706
9053: 0.537
9054: 0.536941
9055: 0.536992
9056: 0.536933
9057: 0.536873
9058: 0.536925
9059: 0.536865
9060: 0.536806
9061: 0.536747
9062: 0.536798
9063: 0.536739
9064: 0.53679
9065: 0.536841
9066: 0.536892
9067: 0.536833
9068: 0.536884
9069: 0.536935
9070: 0.536876
9071: 0.536927
9072: 0.536978
9073: 0.536919
9074: 0.53686
9075: 0.536911
9076: 0.536962
9077: 0.537013
9078: 0.537064
9079: 0.537004
9080: 0.536945
9081: 0.536996
9082: 0.536937
9083: 0.536988
9084: 0.536929
9085: 0.53698
9086: 0.537031
9087: 0.536972
9088: 0.537023
9089: 0.536964
9090: 0.537015
9091: 0.537066
9092: 0.537006
9093: 0.536947
9094: 0.536998
9095: 0.537049
9096: 0.53699
9097: 0.537041
9098: 0.536982
9099: 0.537033
9100: 0.536974
9101: 0.537025
9102: 0.537076
9103: 0.537017
9104: 0.537068
9105: 0.537009
9106: 0.53695
9107: 0.537
9108: 0.537051
9109: 0.536992
9110: 0.537043
9111: 0.536984
9112: 0.537035
9113: 0.537086
9114: 0.537137
9115: 0.537187
9116: 0.537128
9117: 0.537179
9118: 0.53712
9119: 0.537171
9120: 0.537222
9121: 0.537163
9122: 0.537214
9123: 0.537264
9124: 0.537315
9125: 0.537256
9126: 0.537307
9127: 0.537248
9128: 0.537299
9129: 0.53724
9130: 0.537181
9131: 0.537122
9132: 0.537173
9133: 0.537224
9134: 0.537274
9135: 0.537325
9136: 0.537266
9137: 0.537207
9138: 0.537148
9139: 0.53709
9140: 0.53714
9141: 0.537191
9142: 0.537242
9143: 0.537183
9144: 0.537233
9145: 0.537284
9146: 0.537335
9147: 0.537276
9148: 0.537217
9149: 0.537158
9150: 0.537209
9151: 0.53726
9152: 0.537201
9153: 0.537142
9154: 0.537084
9155: 0.537025
9156: 0.537075
9157: 0.537017
9158: 0.536958
9159: 0.537009
9160: 0.53695
9161: 0.536892
9162: 0.536942
9163: 0.536883
9164: 0.536934
9165: 0.536985
9166: 0.536926
9167: 0.536976
9168: 0.536918
9169: 0.536968
9170: 0.537019
9171: 0.53696
9172: 0.536902
9173: 0.536952
9174: 0.537003
9175: 0.536944
9176: 0.536886
9177: 0.536936
9178: 0.536878
9179: 0.536819
9180: 0.536761
9181: 0.536702
9182: 0.536753
9183: 0.536803
9184: 0.536854
9185: 0.536795
9186: 0.536737
9187: 0.536678
9188: 0.536729
9189: 0.53667
9190: 0.536612
9191: 0.536554
9192: 0.536495
9193: 0.536546
9194: 0.536487
9195: 0.536429
9196: 0.536479
9197: 0.53653
9198: 0.53658
9199: 0.536522
9200: 0.536463
9201: 0.536514
9202: 0.536564
9203: 0.536615
9204: 0.536665
9205: 0.536607
9206: 0.536548
9207: 0.536599
9208: 0.53654
9209: 0.536482
9210: 0.536532
9211: 0.536474
9212: 0.536524
9213: 0.536466
9214: 0.536517
9215: 0.536458
9216: 0.5364
9217: 0.53645
9218: 0.536501
9219: 0.536551
9220: 0.536601
9221: 0.536651
9222: 0.536702
9223: 0.536644
9224: 0.536694
9225: 0.536636
9226: 0.536577
9227: 0.536519
9228: 0.53657
9229: 0.53662
9230: 0.536562
9231: 0.536503
9232: 0.536445
9233: 0.536387
9234: 0.536329
9235: 0.536271
9236: 0.536213
9237: 0.536263
9238: 0.536313
9239: 0.536255
9240: 0.536197
9241: 0.536139
9242: 0.536081
9243: 0.536132
9244: 0.536182
9245: 0.536232
9246: 0.536174
9247: 0.536116
9248: 0.536058
9249: 0.536
9250: 0.53605
9251: 0.535992
9252: 0.536042
9253: 0.536093
9254: 0.536035
9255: 0.536085
9256: 0.536027
9257: 0.536077
9258: 0.536019
9259: 0.535961
9260: 0.535903
9261: 0.535953
9262: 0.536003
9263: 0.535946
9264: 0.535888
9265: 0.53583
9266: 0.535772
9267: 0.535822
9268: 0.535764
9269: 0.535707
9270: 0.535757
9271: 0.535807
9272: 0.535749
9273: 0.535799
9274: 0.535741
9275: 0.535683
9276: 0.535734
9277: 0.535784
9278: 0.535834
9279: 0.535884
9280: 0.535826
9281: 0.535768
9282: 0.535818
9283: 0.53576
9284: 0.535703
9285: 0.535645
9286: 0.535695
9287: 0.535745
9288: 0.535687
9289: 0.535737
9290: 0.53568
9291: 0.535622
9292: 0.535672
9293: 0.535722
9294: 0.535664
9295: 0.535714
9296: 0.535764
9297: 0.535814
9298: 0.535757
9299: 0.535806
9300: 0.535749
9301: 0.535691
9302: 0.535741
9303: 0.535684
9304: 0.535733
9305: 0.535783
9306: 0.535726
9307: 0.535668
9308: 0.535718
9309: 0.535768
9310: 0.53571
9311: 0.53576
9312: 0.535703
9313: 0.535753
9314: 0.535695
9315: 0.535638
9316: 0.535687
9317: 0.53563
9318: 0.535572
9319: 0.535622
9320: 0.535672
9321: 0.535615
9322: 0.535664
9323: 0.535607
9324: 0.53555
9325: 0.535599
9326: 0.535649
9327: 0.535699
9328: 0.535642
9329: 0.535691
9330: 0.535741
9331: 0.535791
9332: 0.535733
9333: 0.535676
9334: 0.535619
9335: 0.535561
9336: 0.535611
9337: 0.535554
9338: 0.535496
9339: 0.535439
9340: 0.535489
9341: 0.535538
9342: 0.535481
9343: 0.535424
9344: 0.535474
9345: 0.535523
9346: 0.535466
9347: 0.535516
9348: 0.535565
9349: 0.535508
9350: 0.535451
9351: 0.535393
9352: 0.535443
9353: 0.535493
9354: 0.535542
9355: 0.535485
9356: 0.535535
9357: 0.535478
9358: 0.535527
9359: 0.535577
9360: 0.53552
9361: 0.535569
9362: 0.535619
9363: 0.535669
9364: 0.535611
9365: 0.535554
9366: 0.535497
9367: 0.535547
9368: 0.535489
9369: 0.535539
9370: 0.535589
9371: 0.535531
9372: 0.535581
9373: 0.53563
9374: 0.53568
9375: 0.53573
9376: 0.535779
9377: 0.535829
9378: 0.535771
9379: 0.535714
9380: 0.535657
9381: 0.535707
9382: 0.53565
9383: 0.535699
9384: 0.535749
9385: 0.535798
9386: 0.535847
9387: 0.535897
9388: 0.53584
9389: 0.535889
9390: 0.535832
9391: 0.535882
9392: 0.535931
9393: 0.535874
9394: 0.535923
9395: 0.535973
9396: 0.536022
9397: 0.535965
9398: 0.536014
9399: 0.535957
9400: 0.5359
9401: 0.53595
9402: 0.535999
9403: 0.536048
9404: 0.535991
9405: 0.536041
9406: 0.535984
9407: 0.536033
9408: 0.536082
9409: 0.536026
9410: 0.535969
9411: 0.535912
9412: 0.535855
9413: 0.535904
9414: 0.535953
9415: 0.536003
9416: 0.535946
9417: 0.535995
9418: 0.536044
9419: 0.535987
9420: 0.53593
9421: 0.535873
9422: 0.535817
9423: 0.535866
9424: 0.535809
9425: 0.535752
9426: 0.535801
9427: 0.535851
9428: 0.5359
9429: 0.535843
9430: 0.535786
9431: 0.535835
9432: 0.535779
9433: 0.535828
9434: 0.535877
9435: 0.53582
9436: 0.535763
9437: 0.535707
9438: 0.53565
9439: 0.535593
9440: 0.535642
9441: 0.535692
9442: 0.535635
9443: 0.535684
9444: 0.535627
9445: 0.535676
9446: 0.535726
9447: 0.535775
9448: 0.535718
9449: 0.535661
9450: 0.535711
9451: 0.53576
9452: 0.535809
9453: 0.535752
9454: 0.535695
9455: 0.535745
9456: 0.535794
9457: 0.535843
9458: 0.535892
9459: 0.535941
9460: 0.535884
9461: 0.535933
9462: 0.535877
9463: 0.53582
9464: 0.535869
9465: 0.535812
9466: 0.535756
9467: 0.535699
9468: 0.535748
9469: 0.535797
9470: 0.535741
9471: 0.535684
9472: 0.535733
9473: 0.535677
9474: 0.535726
9475: 0.535669
9476: 0.535718
9477: 0.535767
9478: 0.535816
9479: 0.535865
9480: 0.535808
9481: 0.535857
9482: 0.535801
9483: 0.535744
9484: 0.535793
9485: 0.535737
9486: 0.535786
9487: 0.535835
9488: 0.535884
9489: 0.535827
9490: 0.535771
9491: 0.53582
9492: 0.535763
9493: 0.535707
9494: 0.535756
9495: 0.535805
9496: 0.535853
9497: 0.535902
9498: 0.535846
9499: 0.535895
9500: 0.535944
9501: 0.535887
9502: 0.535831
9503: 0.53588
9504: 0.535928
9505: 0.535872
9506: 0.535921
9507: 0.53597
9508: 0.535913
9509: 0.535962
9510: 0.535906
9511: 0.535849
9512: 0.535793
9513: 0.535842
9514: 0.535786
9515: 0.535729
9516: 0.535673
9517: 0.535722
9518: 0.535771
9519: 0.535819
9520: 0.535868
9521: 0.535812
9522: 0.535756
9523: 0.535804
9524: 0.535853
9525: 0.535902
9526: 0.535845
9527: 0.535789
9528: 0.535733
9529: 0.535782
9530: 0.53583
9531: 0.535774
9532: 0.535718
9533: 0.535767
9534: 0.535711
9535: 0.535759
9536: 0.535703
9537: 0.535752
9538: 0.5358
9539: 0.535744
9540: 0.535688
9541: 0.535737
9542: 0.535681
9543: 0.535729
9544: 0.535673
9545: 0.535722
9546: 0.535666
9547: 0.535714
9548: 0.535763
9549: 0.535812
9550: 0.53586
9551: 0.535909
9552: 0.535853
9553: 0.535901
9554: 0.53595
9555: 0.535894
9556: 0.535838
9557: 0.535782
9558: 0.53583
9559: 0.535774
9560: 0.535718
9561: 0.535767
9562: 0.535815
9563: 0.535759
9564: 0.535703
9565: 0.535647
9566: 0.535696
9567: 0.53564
9568: 0.535688
9569: 0.535737
9570: 0.535785
9571: 0.535834
9572: 0.535778
9573: 0.535826
9574: 0.535875
9575: 0.535819
9576: 0.535763
9577: 0.535707
9578: 0.535651
9579: 0.535699
9580: 0.535643
9581: 0.535692
9582: 0.53574
9583: 0.535684
9584: 0.535629
9585: 0.535573
9586: 0.535517
9587: 0.535461
9588: 0.535405
9589: 0.535454
9590: 0.535398
9591: 0.535446
9592: 0.53539
9593: 0.535335
9594: 0.535279
9595: 0.535223
9596: 0.535271
9597: 0.535216
9598: 0.535264
9599: 0.535312
9600: 0.535361
9601: 0.535409
9602: 0.535458
9603: 0.535402
9604: 0.53545
9605: 0.535499
9606: 0.535443
9607: 0.535491
9608: 0.53554
9609: 0.535588
9610: 0.535636
9611: 0.535685
9612: 0.535733
9613: 0.535677
9614: 0.535725
9615: 0.53567
9616: 0.535614
9617: 0.535558
9618: 0.535607
9619: 0.535655
9620: 0.535599
9621: 0.535647
9622: 0.535592
9623: 0.53564
9624: 0.535584
9625: 0.535633
9626: 0.535577
9627: 0.535521
9628: 0.535466
9629: 0.53541
9630: 0.535458
9631: 0.535403
9632: 0.535451
9633: 0.535395
9634: 0.53534
9635: 0.535388
9636: 0.535436
9637: 0.535485
9638: 0.535533
9639: 0.535581
9640: 0.535525
9641: 0.535574
9642: 0.535622
9643: 0.535566
9644: 0.535614
9645: 0.535559
9646: 0.535503
9647: 0.535448
9648: 0.535496
9649: 0.535544
9650: 0.535489
9651: 0.535537
9652: 0.535585
9653: 0.535529
9654: 0.535577
9655: 0.535522
9656: 0.535467
9657: 0.535515
9658: 0.535459
9659: 0.535404
9660: 0.535452
9661: 0.5355
9662: 0.535548
9663: 0.535596
9664: 0.535644
9665: 0.535589
9666: 0.535637
9667: 0.535581
9668: 0.535526
9669: 0.535471
9670: 0.535415
9671: 0.535463
9672: 0.535511
9673: 0.535559
9674: 0.535607
9675: 0.535655
9676: 0.5356
9677: 0.535648
9678: 0.535593
9679: 0.535537
9680: 0.535585
9681: 0.535633
9682: 0.535578
9683: 0.535626
9684: 0.535674
9685: 0.535722
9686: 0.535666
9687: 0.535611
9688: 0.535556
9689: 0.535501
9690: 0.535445
9691: 0.535493
9692: 0.535541
9693: 0.535486
9694: 0.535431
9695: 0.535479
9696: 0.535526
9697: 0.535574
9698: 0.535622
9699: 0.53567
9700: 0.535718
9701: 0.535766
9702: 0.535814
9703: 0.535758
9704: 0.535703
9705: 0.535648
9706: 0.535593
9707: 0.535641
9708: 0.535586
9709: 0.53553
9710: 0.535475
9711: 0.53542
9712: 0.535468
9713: 0.535413
9714: 0.535358
9715: 0.535406
9716: 0.535453
9717: 0.535398
9718: 0.535343
9719: 0.535391
9720: 0.535439
9721: 0.535487
9722: 0.535431
9723: 0.535479
9724: 0.535527
9725: 0.535575
9726: 0.535622
9727: 0.535567
9728: 0.535615
9729: 0.53556
9730: 0.535505
9731: 0.535553
9732: 0.535601
9733: 0.535648
9734: 0.535696
9735: 0.535744
9736: 0.535689
9737: 0.535634
9738: 0.535681
9739: 0.535729
9740: 0.535674
9741: 0.535619
9742: 0.535564
9743: 0.535612
9744: 0.535557
9745: 0.535502
9746: 0.535447
9747: 0.535392
9748: 0.53544
9749: 0.535385
9750: 0.53533
9751: 0.535377
9752: 0.535425
9753: 0.535473
9754: 0.53552
9755: 0.535465
9756: 0.53541
9757: 0.535356
9758: 0.535403
9759: 0.535348
9760: 0.535294
9761: 0.535239
9762: 0.535286
9763: 0.535334
9764: 0.535279
9765: 0.535224
9766: 0.535169
9767: 0.535217
9768: 0.535162
9769: 0.53521
9770: 0.535155
9771: 0.535203
9772: 0.53525
9773: 0.535298
9774: 0.535345
9775: 0.535393
9776: 0.53544
9777: 0.535386
9778: 0.535331
9779: 0.535276
9780: 0.535324
9781: 0.535371
9782: 0.535316
9783: 0.535364
9784: 0.535411
9785: 0.535357
9786: 0.535302
9787: 0.535247
9788: 0.535295
9789: 0.535342
9790: 0.535288
9791: 0.535233
9792: 0.53528
9793: 0.535328
9794: 0.535375
9795: 0.535321
9796: 0.535368
9797: 0.535415
9798: 0.535361
9799: 0.535306
9800: 0.535252
9801: 0.535197
9802: 0.535244
9803: 0.53519
9804: 0.535135
9805: 0.535183
9806: 0.535128
9807: 0.535073
9808: 0.535019
9809: 0.534964
9810: 0.53491
9811: 0.534957
9812: 0.534903
9813: 0.534848
9814: 0.534896
9815: 0.534943
9816: 0.534888
9817: 0.534834
9818: 0.534881
9819: 0.534929
9820: 0.534874
9821: 0.534922
9822: 0.534867
9823: 0.534914
9824: 0.534962
9825: 0.535009
9826: 0.534955
9827: 0.535002
9828: 0.534948
9829: 0.534995
9830: 0.535042
9831: 0.53509
9832: 0.535035
9833: 0.535082
9834: 0.53513
9835: 0.535177
9836: 0.535224
9837: 0.535271
9838: 0.535217
9839: 0.535163
9840: 0.535108
9841: 0.535155
9842: 0.535203
9843: 0.535148
9844: 0.535094
9845: 0.53504
9846: 0.534985
9847: 0.534931
9848: 0.534978
9849: 0.534924
9850: 0.53487
9851: 0.534815
9852: 0.534761
9853: 0.534808
9854: 0.534754
9855: 0.534801
9856: 0.534747
9857: 0.534693
9858: 0.534638
9859: 0.534584
9860: 0.53453
9861: 0.534577
9862: 0.534523
9863: 0.53457
9864: 0.534516
9865: 0.534462
9866: 0.534408
9867: 0.534353
9868: 0.534299
9869: 0.534347
9870: 0.534394
9871: 0.53434
9872: 0.534387
9873: 0.534333
9874: 0.534278
9875: 0.534224
9876: 0.53417
9877: 0.534217
9878: 0.534163
9879: 0.534211
9880: 0.534258
9881: 0.534305
9882: 0.534352
9883: 0.534399
9884: 0.534345
9885: 0.534291
9886: 0.534237
9887: 0.534284
9888: 0.53423
9889: 0.534277
9890: 0.534324
9891: 0.53427
9892: 0.534317
9893: 0.534364
9894: 0.53431
9895: 0.534357
9896: 0.534404
9897: 0.53435
9898: 0.534397
9899: 0.534444
9900: 0.534491
9901: 0.534437
9902: 0.534384
9903: 0.53433
9904: 0.534276
9905: 0.534323
9906: 0.534269
9907: 0.534215
9908: 0.534161
9909: 0.534107
9910: 0.534154
9911: 0.534201
9912: 0.534147
9913: 0.534093
9914: 0.53414
9915: 0.534187
9916: 0.534234
9917: 0.53418
9918: 0.534126
9919: 0.534173
9920: 0.53412
9921: 0.534066
9922: 0.534113
9923: 0.53416
9924: 0.534207
9925: 0.534253
9926: 0.5342
9927: 0.534247
9928: 0.534293
9929: 0.53424
9930: 0.534186
9931: 0.534132
9932: 0.534179
9933: 0.534125
9934: 0.534071
9935: 0.534018
9936: 0.533964
9937: 0.53391
9938: 0.533957
9939: 0.534004
9940: 0.534051
9941: 0.533997
9942: 0.533943
9943: 0.53399
9944: 0.534037
9945: 0.533984
9946: 0.53393
9947: 0.533876
9948: 0.533923
9949: 0.53397
9950: 0.533916
9951: 0.533963
9952: 0.533909
9953: 0.533856
9954: 0.533802
9955: 0.533849
9956: 0.533795
9957: 0.533742
9958: 0.533688
9959: 0.533735
9960: 0.533681
9961: 0.533728
9962: 0.533675
9963: 0.533621
9964: 0.533668
9965: 0.533614
9966: 0.533661
9967: 0.533608
9968: 0.533554
9969: 0.533501
9970: 0.533547
9971: 0.533494
9972: 0.53344
9973: 0.533487
9974: 0.533534
9975: 0.533581
9976: 0.533627
9977: 0.533574
9978: 0.53352
9979: 0.533567
9980: 0.533614
9981: 0.53356
9982: 0.533507
9983: 0.533554
9984: 0.5336
9985: 0.533647
9986: 0.533694
9987: 0.53374
9988: 0.533787
9989: 0.533734
9990: 0.53378
9991: 0.533827
9992: 0.533774
9993: 0.53372
9994: 0.533767
9995: 0.533814
9996: 0.53376
9997: 0.533807
9998: 0.533753
9999: 0.5338
10000: 0.533847
10001: 0.533793
10002: 0.53374
10003: 0.533786
10004: 0.533833
10005: 0.53388
10006: 0.533826
10007: 0.533873
10008: 0.533919
10009: 0.533966
10010: 0.533913
10011: 0.533859
10012: 0.533906
10013: 0.533853
10014: 0.533899
10015: 0.533846
10016: 0.533892
10017: 0.533839
10018: 0.533786
10019: 0.533733
10020: 0.533679
10021: 0.533726
10022: 0.533673
10023: 0.533719
10024: 0.533666
10025: 0.533613
10026: 0.533559
10027: 0.533606
10028: 0.533652
10029: 0.533599
10030: 0.533546
10031: 0.533593
10032: 0.533639
10033: 0.533586
10034: 0.533632
10035: 0.533579
10036: 0.533626
10037: 0.533572
10038: 0.533519
10039: 0.533566
10040: 0.533513
10041: 0.533459
10042: 0.533406
10043: 0.533453
10044: 0.533499
10045: 0.533546
10046: 0.533592
10047: 0.533639
10048: 0.533585
10049: 0.533532
10050: 0.533479
10051: 0.533426
10052: 0.533473
10053: 0.533519
10054: 0.533565
10055: 0.533612
10056: 0.533559
10057: 0.533605
10058: 0.533651
10059: 0.533598
10060: 0.533645
10061: 0.533691
10062: 0.533737
10063: 0.533784
10064: 0.53383
10065: 0.533876
10066: 0.533923
10067: 0.53387
10068: 0.533916
10069: 0.533962
10070: 0.533909
10071: 0.533856
10072: 0.533903
10073: 0.53385
10074: 0.533797
10075: 0.533843
10076: 0.53379
10077: 0.533836
10078: 0.533882
10079: 0.533829
10080: 0.533876
10081: 0.533922
10082: 0.533968
10083: 0.534014
10084: 0.533961
10085: 0.534008
10086: 0.533955
10087: 0.534001
10088: 0.534047
10089: 0.534093
10090: 0.534139
10091: 0.534086
10092: 0.534033
10093: 0.53408
10094: 0.534027
10095: 0.533974
10096: 0.53402
10097: 0.534066
10098: 0.534013
10099: 0.534059
10100: 0.534106
10101: 0.534152
10102: 0.534198
10103: 0.534244
10104: 0.53429
10105: 0.534336
10106: 0.534283
10107: 0.53423
10108: 0.534177
10109: 0.534224
10110: 0.534171
10111: 0.534217
10112: 0.534263
10113: 0.53421
10114: 0.534256
10115: 0.534302
10116: 0.534249
10117: 0.534196
10118: 0.534144
10119: 0.534091
10120: 0.534038
10121: 0.534084
10122: 0.534031
10123: 0.534077
10124: 0.534123
10125: 0.534071
10126: 0.534018
10127: 0.533965
10128: 0.533913
10129: 0.53386
10130: 0.533906
10131: 0.533952
10132: 0.533899
10133: 0.533846
10134: 0.533794
10135: 0.533741
10136: 0.533688
10137: 0.533636
10138: 0.533583
10139: 0.533629
10140: 0.533577
10141: 0.533623
10142: 0.533669
10143: 0.533715
10144: 0.53376
10145: 0.533708
10146: 0.533655
10147: 0.533701
10148: 0.533747
10149: 0.533793
10150: 0.533839
10151: 0.533885
10152: 0.533832
10153: 0.533878
10154: 0.533826
10155: 0.533773
10156: 0.533819
10157: 0.533865
10158: 0.533911
10159: 0.533957
10160: 0.534003
10161: 0.534048
10162: 0.534094
10163: 0.534042
10164: 0.534088
10165: 0.534035
10166: 0.533982
10167: 0.53393
10168: 0.533877
10169: 0.533923
10170: 0.533871
10171: 0.533917
10172: 0.533962
10173: 0.53391
10174: 0.533857
10175: 0.533903
10176: 0.533851
10177: 0.533798
10178: 0.533746
10179: 0.533792
10180: 0.533838
10181: 0.533785
10182: 0.533831
10183: 0.533877
10184: 0.533824
10185: 0.53387
10186: 0.533916
10187: 0.533863
10188: 0.533811
10189: 0.533759
10190: 0.533804
10191: 0.533752
10192: 0.533798
10193: 0.533843
10194: 0.533889
10195: 0.533837
10196: 0.533883
10197: 0.53383
10198: 0.533876
10199: 0.533922
10200: 0.533869
10201: 0.533817
10202: 0.533863
10203: 0.53381
10204: 0.533856
10205: 0.533902
10206: 0.533849
10207: 0.533895
10208: 0.533843
10209: 0.533888
10210: 0.533836
10211: 0.533784
10212: 0.533829
10213: 0.533875
10214: 0.533823
10215: 0.533868
10216: 0.533914
10217: 0.53396
10218: 0.533907
10219: 0.533953
10220: 0.533999
10221: 0.534044
10222: 0.533992
10223: 0.53394
10224: 0.533985
10225: 0.534031
10226: 0.534076
10227: 0.534024
10228: 0.53407
10229: 0.534115
10230: 0.534063
10231: 0.534109
10232: 0.534154
10233: 0.5342
10234: 0.534245
10235: 0.534291
10236: 0.534336
10237: 0.534382
10238: 0.534427
10239: 0.534375
10240: 0.53442
10241: 0.534466
10242: 0.534511
10243: 0.534557
10244: 0.534505
10245: 0.53455
10246: 0.534595
10247: 0.534543
10248: 0.534491
10249: 0.534439
10250: 0.534387
10251: 0.534432
10252: 0.534478
10253: 0.534426
10254: 0.534373
10255: 0.534419
10256: 0.534367
10257: 0.534315
10258: 0.534263
10259: 0.534308
10260: 0.534353
10261: 0.534301
10262: 0.534249
10263: 0.534197
10264: 0.534145
10265: 0.534093
10266: 0.534041
10267: 0.533989
10268: 0.533937
10269: 0.533885
10270: 0.533833
10271: 0.533879
10272: 0.533924
10273: 0.533969
10274: 0.534015
10275: 0.533963
10276: 0.533911
10277: 0.533956
10278: 0.534001
10279: 0.534047
10280: 0.534092
10281: 0.534137
10282: 0.534183
10283: 0.534131
10284: 0.534176
10285: 0.534221
10286: 0.534267
10287: 0.534312
10288: 0.534357
10289: 0.534305
10290: 0.534253
10291: 0.534201
10292: 0.534149
10293: 0.534195
10294: 0.534143
10295: 0.534188
10296: 0.534233
10297: 0.534279
10298: 0.534227
10299: 0.534272
10300: 0.534317
10301: 0.534265
10302: 0.534213
10303: 0.534259
10304: 0.534207
10305: 0.534252
10306: 0.534297
10307: 0.534245
10308: 0.53429
10309: 0.534239
10310: 0.534187
10311: 0.534232
10312: 0.53418
10313: 0.534128
10314: 0.534174
10315: 0.534219
10316: 0.534167
10317: 0.534115
10318: 0.534063
10319: 0.534109
10320: 0.534057
10321: 0.534005
10322: 0.533953
10323: 0.533998
10324: 0.534044
10325: 0.534089
10326: 0.534134
10327: 0.534179
10328: 0.534127
10329: 0.534172
10330: 0.534217
10331: 0.534262
10332: 0.534211
10333: 0.534159
10334: 0.534204
10335: 0.534152
10336: 0.534198
10337: 0.534146
10338: 0.534191
10339: 0.534139
10340: 0.534184
10341: 0.534133
10342: 0.534178
10343: 0.534223
10344: 0.534171
10345: 0.534119
10346: 0.534068
10347: 0.534113
10348: 0.534061
10349: 0.53401
10350: 0.534055
10351: 0.534003
10352: 0.533952
10353: 0.533997
10354: 0.533945
10355: 0.53399
10356: 0.534035
10357: 0.53408
10358: 0.534125
10359: 0.53417
10360: 0.534215
10361: 0.534163
10362: 0.534208
10363: 0.534157
10364: 0.534202
10365: 0.534247
10366: 0.534292
10367: 0.534336
10368: 0.534285
10369: 0.534233
10370: 0.534278
10371: 0.534323
10372: 0.534368
10373: 0.534413
10374: 0.534458
10375: 0.534503
10376: 0.534548
10377: 0.534592
10378: 0.534637
10379: 0.534682
10380: 0.534727
10381: 0.534772
10382: 0.534817
10383: 0.534861
10384: 0.534906
10385: 0.534855
10386: 0.534899
10387: 0.534848
10388: 0.534893
10389: 0.534841
10390: 0.53479
10391: 0.534834
10392: 0.534783
10393: 0.534732
10394: 0.534776
10395: 0.534821
10396: 0.534866
10397: 0.534814
10398: 0.534859
10399: 0.534808
10400: 0.534852
10401: 0.534801
10402: 0.534846
10403: 0.53489
10404: 0.534935
10405: 0.534884
10406: 0.534832
10407: 0.534877
10408: 0.534922
10409: 0.53487
10410: 0.534819
10411: 0.534768
10412: 0.534812
10413: 0.534857
10414: 0.534902
10415: 0.534946
10416: 0.534991
10417: 0.535036
10418: 0.534984
10419: 0.535029
10420: 0.535073
10421: 0.535118
10422: 0.535067
10423: 0.535015
10424: 0.53506
10425: 0.535105
10426: 0.535149
10427: 0.535098
10428: 0.535142
10429: 0.535091
10430: 0.535136
10431: 0.53518
10432: 0.535225
10433: 0.535173
10434: 0.535122
10435: 0.535167
10436: 0.535115
10437: 0.535064
10438: 0.535109
10439: 0.535057
10440: 0.535006
10441: 0.535051
10442: 0.535
10443: 0.535044
10444: 0.534993
10445: 0.535037
10446: 0.535082
10447: 0.535031
10448: 0.534979
10449: 0.534928
10450: 0.534877
10451: 0.534922
10452: 0.534966
10453: 0.535011
10454: 0.535055
10455: 0.535099
10456: 0.535144
10457: 0.535093
10458: 0.535042
10459: 0.53499
10460: 0.534939
10461: 0.534984
10462: 0.534933
10463: 0.534977
10464: 0.534926
10465: 0.534875
10466: 0.534919
10467: 0.534868
10468: 0.534817
10469: 0.534766
10470: 0.534715
10471: 0.534664
10472: 0.534613
10473: 0.534657
10474: 0.534702
10475: 0.534746
10476: 0.53479
10477: 0.534835
10478: 0.534784
10479: 0.534733
10480: 0.534777
10481: 0.534822
10482: 0.534866
10483: 0.53491
10484: 0.534859
10485: 0.534904
10486: 0.534948
10487: 0.534897
10488: 0.534846
10489: 0.534795
10490: 0.534839
10491: 0.534884
10492: 0.534833
10493: 0.534782
10494: 0.534826
10495: 0.534775
10496: 0.534724
10497: 0.534673
10498: 0.534718
10499: 0.534667
10500: 0.534711
10501: 0.534755
10502: 0.534704
10503: 0.534653
10504: 0.534603
10505: 0.534647
10506: 0.534691
10507: 0.534735
10508: 0.53478
10509: 0.534824
10510: 0.534773
10511: 0.534817
10512: 0.534766
10513: 0.534811
10514: 0.534855
10515: 0.534899
10516: 0.534943
10517: 0.534988
10518: 0.535032
10519: 0.535076
10520: 0.53512
10521: 0.535164
10522: 0.535114
10523: 0.535158
10524: 0.535107
10525: 0.535056
10526: 0.5351
10527: 0.535144
10528: 0.535094
10529: 0.535043
10530: 0.534992
10531: 0.535036
10532: 0.53508
10533: 0.535029
10534: 0.534979
10535: 0.534928
10536: 0.534972
10537: 0.534921
10538: 0.534965
10539: 0.535009
10540: 0.534959
10541: 0.534908
10542: 0.534952
10543: 0.534996
10544: 0.534945
10545: 0.534895
10546: 0.534939
10547: 0.534983
10548: 0.535027
10549: 0.535071
10550: 0.53502
10551: 0.535064
10552: 0.535108
10553: 0.535058
10554: 0.535102
10555: 0.535146
10556: 0.535095
10557: 0.535139
10558: 0.535089
10559: 0.535133
10560: 0.535177
10561: 0.535126
10562: 0.53517
10563: 0.535119
10564: 0.535069
10565: 0.535018
10566: 0.535062
10567: 0.535011
10568: 0.535055
10569: 0.535099
10570: 0.535049
10571: 0.535093
10572: 0.535137
10573: 0.535181
10574: 0.53513
10575: 0.535079
10576: 0.535123
10577: 0.535167
10578: 0.535211
10579: 0.535255
10580: 0.535205
10581: 0.535249
10582: 0.535198
10583: 0.535242
10584: 0.535286
10585: 0.535235
10586: 0.535279
10587: 0.535229
10588: 0.535272
10589: 0.535316
10590: 0.53536
10591: 0.535404
10592: 0.535448
10593: 0.535492
10594: 0.535441
10595: 0.535391
10596: 0.53534
10597: 0.53529
10598: 0.535239
10599: 0.535283
10600: 0.535327
10601: 0.535276
10602: 0.535226
10603: 0.53527
10604: 0.535219
10605: 0.535169
10606: 0.535118
10607: 0.535162
10608: 0.535112
10609: 0.535156
10610: 0.535199
10611: 0.535243
10612: 0.535287
10613: 0.535331
10614: 0.535374
10615: 0.535418
10616: 0.535368
10617: 0.535317
10618: 0.535267
10619: 0.535217
10620: 0.53526
10621: 0.53521
10622: 0.53516
10623: 0.535203
10624: 0.535153
10625: 0.535103
10626: 0.535052
10627: 0.535096
10628: 0.535046
10629: 0.534995
10630: 0.534945
10631: 0.534895
10632: 0.534938
10633: 0.534982
10634: 0.534932
10635: 0.534882
10636: 0.534925
10637: 0.534969
10638: 0.534919
10639: 0.534868
10640: 0.534818
10641: 0.534862
10642: 0.534906
10643: 0.534949
10644: 0.534993
10645: 0.535037
10646: 0.534986
10647: 0.534936
10648: 0.534886
10649: 0.53493
10650: 0.534973
10651: 0.534923
10652: 0.534873
10653: 0.534916
10654: 0.53496
10655: 0.535004
10656: 0.535047
10657: 0.534997
10658: 0.535041
10659: 0.535084
10660: 0.535034
10661: 0.534984
10662: 0.534934
10663: 0.534884
10664: 0.534927
10665: 0.534971
10666: 0.535015
10667: 0.534964
10668: 0.534914
10669: 0.534958
10670: 0.534908
10671: 0.534858
10672: 0.534807
10673: 0.534851
10674: 0.534801
10675: 0.534751
10676: 0.534794
10677: 0.534838
10678: 0.534882
10679: 0.534831
10680: 0.534875
10681: 0.534825
10682: 0.534775
10683: 0.534725
10684: 0.534675
10685: 0.534718
10686: 0.534762
10687: 0.534712
10688: 0.534755
10689: 0.534705
10690: 0.534749
10691: 0.534699
10692: 0.534742
10693: 0.534692
10694: 0.534736
10695: 0.534686
10696: 0.534636
10697: 0.534586
10698: 0.534536
10699: 0.534579
10700: 0.534623
10701: 0.534666
10702: 0.53471
10703: 0.534753
10704: 0.534703
10705: 0.534653
10706: 0.534697
10707: 0.534647
10708: 0.534597
10709: 0.534641
10710: 0.534591
10711: 0.534541
10712: 0.534584
10713: 0.534628
10714: 0.534671
10715: 0.534621
10716: 0.534665
10717: 0.534708
10718: 0.534751
10719: 0.534701
10720: 0.534652
10721: 0.534695
10722: 0.534738
10723: 0.534689
10724: 0.534732
10725: 0.534682
10726: 0.534725
10727: 0.534676
10728: 0.534719
10729: 0.534762
10730: 0.534713
10731: 0.534663
10732: 0.534613
10733: 0.534656
10734: 0.5347
10735: 0.53465
10736: 0.5346
10737: 0.534643
10738: 0.534594
10739: 0.534544
10740: 0.534587
10741: 0.53463
10742: 0.534674
10743: 0.534624
10744: 0.534667
10745: 0.534618
10746: 0.534661
10747: 0.534704
10748: 0.534747
10749: 0.534791
10750: 0.534741
10751: 0.534691
10752: 0.534641
10753: 0.534685
10754: 0.534635
10755: 0.534678
10756: 0.534722
10757: 0.534672
10758: 0.534715
10759: 0.534758
10760: 0.534802
10761: 0.534752
10762: 0.534702
10763: 0.534745
10764: 0.534789
10765: 0.534832
10766: 0.534782
10767: 0.534733
10768: 0.534683
10769: 0.534726
10770: 0.534769
10771: 0.534812
10772: 0.534763
10773: 0.534806
10774: 0.534756
10775: 0.534707
10776: 0.534657
10777: 0.534608
10778: 0.534558
10779: 0.534508
10780: 0.534459
10781: 0.534409
10782: 0.534452
10783: 0.534403
10784: 0.534446
10785: 0.534489
10786: 0.534532
10787: 0.534575
10788: 0.534526
10789: 0.534476
10790: 0.53452
10791: 0.53447
10792: 0.53442
10793: 0.534464
10794: 0.534414
10795: 0.534365
10796: 0.534315
10797: 0.534266
10798: 0.534309
10799: 0.534352
10800: 0.534395
10801: 0.534438
10802: 0.534389
10803: 0.534339
10804: 0.534382
10805: 0.534333
10806: 0.534283
10807: 0.534326
10808: 0.534277
10809: 0.534228
10810: 0.534271
10811: 0.534314
10812: 0.534357
10813: 0.5344
10814: 0.534443
10815: 0.534393
10816: 0.534344
10817: 0.534387
10818: 0.534338
10819: 0.534288
10820: 0.534331
10821: 0.534282
10822: 0.534325
10823: 0.534368
10824: 0.534319
10825: 0.534269
10826: 0.534312
10827: 0.534355
10828: 0.534306
10829: 0.534257
10830: 0.534207
10831: 0.53425
10832: 0.534293
10833: 0.534336
10834: 0.534287
10835: 0.534238
10836: 0.534281
10837: 0.534231
10838: 0.534182
10839: 0.534133
10840: 0.534176
10841: 0.534219
10842: 0.534262
10843: 0.534305
10844: 0.534348
10845: 0.534391
10846: 0.534341
10847: 0.534384
10848: 0.534427
10849: 0.53447
10850: 0.534513
10851: 0.534556
10852: 0.534507
10853: 0.534457
10854: 0.534408
10855: 0.534451
10856: 0.534494
10857: 0.534445
10858: 0.534488
10859: 0.53453
10860: 0.534481
10861: 0.534524
10862: 0.534567
10863: 0.534518
10864: 0.534468
10865: 0.534419
10866: 0.534462
10867: 0.534505
10868: 0.534548
10869: 0.534591
10870: 0.534633
10871: 0.534584
10872: 0.534627
10873: 0.53467
10874: 0.534713
10875: 0.534755
10876: 0.534798
10877: 0.534841
10878: 0.534884
10879: 0.534926
10880: 0.534877
10881: 0.53492
10882: 0.534963
10883: 0.535006
10884: 0.535048
10885: 0.534999
10886: 0.535042
10887: 0.535084
10888: 0.535035
10889: 0.534986
10890: 0.535029
10891: 0.535072
10892: 0.535114
10893: 0.535157
10894: 0.5352
10895: 0.535151
10896: 0.535193
10897: 0.535144
10898: 0.535095
10899: 0.535046
10900: 0.535089
10901: 0.535131
10902: 0.535174
10903: 0.535125
10904: 0.535076
10905: 0.535027
10906: 0.535069
10907: 0.53502
10908: 0.534971
10909: 0.534922
10910: 0.534965
10911: 0.534916
10912: 0.534958
10913: 0.535001
10914: 0.534952
10915: 0.534903
10916: 0.534945
10917: 0.534988
10918: 0.535031
10919: 0.535073
10920: 0.535116
10921: 0.535158
10922: 0.535201
10923: 0.535244
10924: 0.535195
10925: 0.535146
10926: 0.535188
10927: 0.535231
10928: 0.535182
10929: 0.535224
10930: 0.535267
10931: 0.535309
10932: 0.53526
10933: 0.535303
10934: 0.535345
10935: 0.535388
10936: 0.535339
10937: 0.535381
10938: 0.535424
10939: 0.535375
10940: 0.535417
10941: 0.53546
10942: 0.535411
10943: 0.535453
10944: 0.535496
10945: 0.535538
10946: 0.535581
10947: 0.535623
10948: 0.535665
10949: 0.535708
10950: 0.535659
10951: 0.535701
10952: 0.535652
10953: 0.535695
10954: 0.535646
10955: 0.535597
10956: 0.535639
10957: 0.53559
10958: 0.535633
10959: 0.535675
10960: 0.535626
10961: 0.535577
10962: 0.53562
10963: 0.535571
10964: 0.535522
10965: 0.535564
10966: 0.535516
10967: 0.535558
10968: 0.535509
10969: 0.53546
10970: 0.535412
10971: 0.535454
10972: 0.535496
10973: 0.535447
10974: 0.53549
10975: 0.535441
10976: 0.535392
10977: 0.535435
10978: 0.535477
10979: 0.535519
10980: 0.535561
10981: 0.535604
10982: 0.535646
10983: 0.535597
10984: 0.53564
10985: 0.535682
10986: 0.535633
10987: 0.535675
10988: 0.535718
10989: 0.53576
10990: 0.535711
10991: 0.535753
10992: 0.535796
10993: 0.535747
10994: 0.535698
10995: 0.535649
10996: 0.535692
10997: 0.535643
10998: 0.535685
10999: 0.535727
11000: 0.535679
11001: 0.53563
11002: 0.535581
11003: 0.535623
11004: 0.535666
11005: 0.535708
11006: 0.535659
11007: 0.535701
11008: 0.535743
11009: 0.535786
11010: 0.535828
11011: 0.53587
11012: 0.535821
11013: 0.535863
11014: 0.535906
11015: 0.535857
11016: 0.535808
11017: 0.53585
11018: 0.535802
11019: 0.535844
11020: 0.535886
11021: 0.535837
11022: 0.53588
11023: 0.535831
11024: 0.535782
11025: 0.535824
11026: 0.535867
11027: 0.535909
11028: 0.535951
11029: 0.535902
11030: 0.535944
11031: 0.535896
11032: 0.535938
11033: 0.53598
11034: 0.535931
11035: 0.535973
11036: 0.536015
11037: 0.535967
11038: 0.536009
11039: 0.536051
11040: 0.536002
11041: 0.536044
11042: 0.535996
11043: 0.535947
11044: 0.535899
11045: 0.53585
11046: 0.535802
11047: 0.535753
11048: 0.535705
11049: 0.535747
11050: 0.535789
11051: 0.535831
11052: 0.535782
11053: 0.535824
11054: 0.535866
11055: 0.535818
11056: 0.535769
11057: 0.535721
11058: 0.535763
11059: 0.535805
11060: 0.535756
11061: 0.535708
11062: 0.535659
11063: 0.535611
11064: 0.535653
11065: 0.535695
11066: 0.535737
11067: 0.535779
11068: 0.535821
11069: 0.535772
11070: 0.535814
11071: 0.535766
11072: 0.535718
11073: 0.535669
11074: 0.535621
11075: 0.535663
11076: 0.535614
11077: 0.535656
11078: 0.535698
11079: 0.53574
11080: 0.535782
11081: 0.535734
11082: 0.535776
11083: 0.535817
11084: 0.535859
11085: 0.535901
11086: 0.535853
11087: 0.535895
11088: 0.535846
11089: 0.535888
11090: 0.53593
11091: 0.535882
11092: 0.535833
11093: 0.535785
11094: 0.535827
11095: 0.535779
11096: 0.53582
11097: 0.535772
11098: 0.535724
11099: 0.535676
11100: 0.535718
11101: 0.535669
11102: 0.535711
11103: 0.535663
11104: 0.535615
11105: 0.535566
11106: 0.535518
11107: 0.53547
11108: 0.535422
11109: 0.535374
11110: 0.535415
11111: 0.535457
11112: 0.535499
11113: 0.535541
11114: 0.535583
11115: 0.535624
11116: 0.535576
11117: 0.535618
11118: 0.53557
11119: 0.535522
11120: 0.535473
11121: 0.535425
11122: 0.535377
11123: 0.535419
11124: 0.535461
11125: 0.535502
11126: 0.535544
11127: 0.535586
11128: 0.535628
11129: 0.535669
11130: 0.535621
11131: 0.535573
11132: 0.535615
11133: 0.535567
11134: 0.535608
11135: 0.53565
11136: 0.535692
11137: 0.535644
11138: 0.535596
11139: 0.535548
11140: 0.5355
11141: 0.535451
11142: 0.535493
11143: 0.535535
11144: 0.535576
11145: 0.535618
11146: 0.53566
11147: 0.535701
11148: 0.535653
11149: 0.535695
11150: 0.535737
11151: 0.535778
11152: 0.53582
11153: 0.535862
11154: 0.535814
11155: 0.535766
11156: 0.535717
11157: 0.535669
11158: 0.535621
11159: 0.535573
11160: 0.535615
11161: 0.535567
11162: 0.535519
11163: 0.535561
11164: 0.535513
11165: 0.535554
11166: 0.535596
11167: 0.535548
11168: 0.53559
11169: 0.535631
11170: 0.535673
11171: 0.535714
11172: 0.535666
11173: 0.535708
11174: 0.535749
11175: 0.535791
11176: 0.535833
11177: 0.535874
11178: 0.535916
11179: 0.535957
11180: 0.535909
11181: 0.535951
11182: 0.535903
11183: 0.535944
11184: 0.535896
11185: 0.535848
11186: 0.53589
11187: 0.535842
11188: 0.535794
11189: 0.535836
11190: 0.535788
11191: 0.535829
11192: 0.535781
11193: 0.535733
11194: 0.535686
11195: 0.535638
11196: 0.535679
11197: 0.535721
11198: 0.535673
11199: 0.535714
11200: 0.535756
11201: 0.535797
11202: 0.535839
11203: 0.53588
11204: 0.535921
11205: 0.535874
11206: 0.535915
11207: 0.535956
11208: 0.535909
11209: 0.53595
11210: 0.535991
11211: 0.536033
11212: 0.536074
11213: 0.536116
11214: 0.536068
11215: 0.53602
11216: 0.535972
11217: 0.536014
11218: 0.535966
11219: 0.535918
11220: 0.53587
11221: 0.535912
11222: 0.535953
11223: 0.535905
11224: 0.535857
11225: 0.535899
11226: 0.535851
11227: 0.535803
11228: 0.535756
11229: 0.535708
11230: 0.53566
11231: 0.535702
11232: 0.535743
11233: 0.535784
11234: 0.535826
11235: 0.535867
11236: 0.535819
11237: 0.53586
11238: 0.535813
11239: 0.535765
11240: 0.535717
11241: 0.53567
11242: 0.535711
11243: 0.535663
11244: 0.535616
11245: 0.535657
11246: 0.535698
11247: 0.535651
11248: 0.535692
11249: 0.535644
11250: 0.535686
11251: 0.535727
11252: 0.535679
11253: 0.535632
11254: 0.535584
11255: 0.535625
11256: 0.535578
11257: 0.535619
11258: 0.53566
11259: 0.535702
11260: 0.535743
11261: 0.535784
11262: 0.535736
11263: 0.535778
11264: 0.535819
11265: 0.53586
11266: 0.535901
11267: 0.535854
11268: 0.535895
11269: 0.535936
11270: 0.535977
11271: 0.53593
11272: 0.535971
11273: 0.536012
11274: 0.535965
11275: 0.536006
11276: 0.536047
11277: 0.536088
11278: 0.536129
11279: 0.536082
11280: 0.536034
11281: 0.535987
11282: 0.536028
11283: 0.53598
11284: 0.535933
11285: 0.535885
11286: 0.535926
11287: 0.535967
11288: 0.536009
11289: 0.535961
11290: 0.536002
11291: 0.535955
11292: 0.535907
11293: 0.535948
11294: 0.535989
11295: 0.535942
11296: 0.535894
11297: 0.535936
11298: 0.535977
11299: 0.536018
11300: 0.536059
11301: 0.536011
11302: 0.535964
11303: 0.536005
11304: 0.535958
11305: 0.535999
11306: 0.53604
11307: 0.535992
11308: 0.535945
11309: 0.535986
11310: 0.535938
11311: 0.535891
11312: 0.535932
11313: 0.535973
11314: 0.535926
11315: 0.535967
11316: 0.536008
11317: 0.536049
11318: 0.536001
11319: 0.535954
11320: 0.535995
11321: 0.535948
11322: 0.5359
11323: 0.535941
11324: 0.535894
11325: 0.535847
11326: 0.535799
11327: 0.53584
11328: 0.535793
11329: 0.535746
11330: 0.535699
11331: 0.535739
11332: 0.53578
11333: 0.535821
11334: 0.535862
11335: 0.535903
11336: 0.535944
11337: 0.535985
11338: 0.535938
11339: 0.535891
11340: 0.535843
11341: 0.535884
11342: 0.535837
11343: 0.53579
11344: 0.535743
11345: 0.535695
11346: 0.535648
11347: 0.535601
11348: 0.535554
11349: 0.535507
11350: 0.535548
11351: 0.535588
11352: 0.535629
11353: 0.53567
11354: 0.535711
11355: 0.535752
11356: 0.535793
11357: 0.535746
11358: 0.535699
11359: 0.535651
11360: 0.535604
11361: 0.535557
11362: 0.535598
11363: 0.535639
11364: 0.53568
11365: 0.535633
11366: 0.535673
11367: 0.535714
11368: 0.535755
11369: 0.535708
11370: 0.535749
11371: 0.535702
11372: 0.535743
11373: 0.535695
11374: 0.535648
11375: 0.535689
11376: 0.53573
11377: 0.535771
11378: 0.535812
11379: 0.535852
11380: 0.535893
11381: 0.535934
11382: 0.535975
11383: 0.535928
11384: 0.535968
11385: 0.536009
11386: 0.53605
11387: 0.536091
11388: 0.536131
11389: 0.536084
11390: 0.536037
11391: 0.53599
11392: 0.535943
11393: 0.535896
11394: 0.535849
11395: 0.53589
11396: 0.535931
11397: 0.535971
11398: 0.535924
11399: 0.535965
11400: 0.535918
11401: 0.535871
11402: 0.535912
11403: 0.535952
11404: 0.535993
11405: 0.536034
11406: 0.536074
11407: 0.536027
11408: 0.53598
11409: 0.535933
11410: 0.535886
11411: 0.535927
11412: 0.535968
11413: 0.536008
11414: 0.536049
11415: 0.536002
11416: 0.535955
11417: 0.535996
11418: 0.535949
11419: 0.535989
11420: 0.535943
11421: 0.535983
11422: 0.535936
11423: 0.535977
11424: 0.536018
11425: 0.536058
11426: 0.536099
11427: 0.536052
11428: 0.536092
11429: 0.536045
11430: 0.535999
11431: 0.535952
11432: 0.535905
11433: 0.535858
11434: 0.535899
11435: 0.535939
11436: 0.535892
11437: 0.535933
11438: 0.535973
11439: 0.535927
11440: 0.535967
11441: 0.53592
11442: 0.535961
11443: 0.535914
11444: 0.535867
11445: 0.535908
11446: 0.535948
11447: 0.535989
11448: 0.536029
11449: 0.535983
11450: 0.535936
11451: 0.535976
11452: 0.536017
11453: 0.53597
11454: 0.535923
11455: 0.535964
11456: 0.535917
11457: 0.535957
11458: 0.535911
11459: 0.535951
11460: 0.535992
11461: 0.535945
11462: 0.535898
11463: 0.535939
11464: 0.535892
11465: 0.535932
11466: 0.535973
11467: 0.536013
11468: 0.535967
11469: 0.53592
11470: 0.53596
11471: 0.536001
11472: 0.535954
11473: 0.535994
11474: 0.535948
11475: 0.535901
11476: 0.535941
11477: 0.535895
11478: 0.535848
11479: 0.535889
11480: 0.535842
11481: 0.535795
11482: 0.535748
11483: 0.535789
11484: 0.535742
11485: 0.535696
11486: 0.535736
11487: 0.535689
11488: 0.53573
11489: 0.53577
11490: 0.535811
11491: 0.535851
11492: 0.535891
11493: 0.535845
11494: 0.535798
11495: 0.535752
11496: 0.535792
11497: 0.535832
11498: 0.535786
11499: 0.535739
11500: 0.535693
11501: 0.535646
11502: 0.535599
11503: 0.535553
11504: 0.535506
11505: 0.53546
11506: 0.535413
11507: 0.535367
11508: 0.53532
11509: 0.535361
11510: 0.535401
11511: 0.535354
11512: 0.535308
11513: 0.535261
11514: 0.535215
11515: 0.535255
11516: 0.535209
11517: 0.535249
11518: 0.53529
11519: 0.53533
11520: 0.53537
11521: 0.535324
11522: 0.535277
11523: 0.535231
11524: 0.535271
11525: 0.535311
11526: 0.535352
11527: 0.535392
11528: 0.535432
11529: 0.535386
11530: 0.53534
11531: 0.53538
11532: 0.535333
11533: 0.535374
11534: 0.535414
11535: 0.535454
11536: 0.535408
11537: 0.535361
11538: 0.535315
11539: 0.535355
11540: 0.535309
11541: 0.535263
11542: 0.535216
11543: 0.53517
11544: 0.535123
11545: 0.535164
11546: 0.535204
11547: 0.535244
11548: 0.535284
11549: 0.535325
11550: 0.535278
11551: 0.535319
11552: 0.535359
11553: 0.535399
11554: 0.535353
11555: 0.535306
11556: 0.53526
11557: 0.535214
11558: 0.535254
11559: 0.535294
11560: 0.535248
11561: 0.535288
11562: 0.535242
11563: 0.535282
11564: 0.535236
11565: 0.535276
11566: 0.53523
11567: 0.535183
11568: 0.535223
11569: 0.535177
11570: 0.535131
11571: 0.535085
11572: 0.535125
11573: 0.535165
11574: 0.535205
11575: 0.535159
11576: 0.535199
11577: 0.535153
11578: 0.535107
11579: 0.53506
11580: 0.535101
11581: 0.535054
11582: 0.535095
11583: 0.535135
11584: 0.535175
11585: 0.535215
11586: 0.535169
11587: 0.535123
11588: 0.535076
11589: 0.535116
11590: 0.535157
11591: 0.535197
11592: 0.535151
11593: 0.535104
11594: 0.535144
11595: 0.535098
11596: 0.535052
11597: 0.535006
11598: 0.535046
11599: 0.535
11600: 0.53504
11601: 0.53508
11602: 0.535034
11603: 0.535074
11604: 0.535114
11605: 0.535068
11606: 0.535022
11607: 0.535062
11608: 0.535016
11609: 0.535056
11610: 0.535096
11611: 0.53505
11612: 0.53509
11613: 0.53513
11614: 0.535084
11615: 0.535124
11616: 0.535164
11617: 0.535204
11618: 0.535158
11619: 0.535198
11620: 0.535152
11621: 0.535106
11622: 0.53506
11623: 0.5351
11624: 0.535054
11625: 0.535008
11626: 0.535048
11627: 0.535002
11628: 0.534956
11629: 0.534996
11630: 0.53495
11631: 0.534904
11632: 0.534944
11633: 0.534898
11634: 0.534938
11635: 0.534978
11636: 0.535018
11637: 0.534972
11638: 0.535012
11639: 0.535052
11640: 0.535006
11641: 0.53496
11642: 0.535
11643: 0.53504
11644: 0.534994
11645: 0.535033
11646: 0.534988
11647: 0.534942
11648: 0.534982
11649: 0.535021
11650: 0.535061
11651: 0.535015
11652: 0.535055
11653: 0.535009
11654: 0.535049
11655: 0.535003
11656: 0.535043
11657: 0.534997
11658: 0.535037
11659: 0.535077
11660: 0.535031
11661: 0.535071
11662: 0.535111
11663: 0.535151
11664: 0.535191
11665: 0.535231
11666: 0.53527
11667: 0.535225
11668: 0.535179
11669: 0.535133
11670: 0.535087
11671: 0.535127
11672: 0.535167
11673: 0.535121
11674: 0.535075
11675: 0.535115
11676: 0.535155
11677: 0.535109
11678: 0.535063
11679: 0.535017
11680: 0.534971
11681: 0.535011
11682: 0.535051
11683: 0.535005
11684: 0.535045
11685: 0.534999
11686: 0.534953
11687: 0.534908
11688: 0.534947
11689: 0.534902
11690: 0.534856
11691: 0.53481
11692: 0.534764
11693: 0.534719
11694: 0.534673
11695: 0.534627
11696: 0.534582
11697: 0.534536
11698: 0.534576
11699: 0.53453
11700: 0.534484
11701: 0.534524
11702: 0.534478
11703: 0.534518
11704: 0.534472
11705: 0.534427
11706: 0.534467
11707: 0.534421
11708: 0.534375
11709: 0.53433
11710: 0.534284
11711: 0.534238
11712: 0.534278
11713: 0.534318
11714: 0.534358
11715: 0.534312
11716: 0.534352
11717: 0.534306
11718: 0.534261
11719: 0.5343
11720: 0.534255
11721: 0.534294
11722: 0.534334
11723: 0.534374
11724: 0.534328
11725: 0.534283
11726: 0.534237
11727: 0.534277
11728: 0.534231
11729: 0.534271
11730: 0.534311
11731: 0.534265
11732: 0.534305
11733: 0.534345
11734: 0.534384
11735: 0.534339
11736: 0.534293
11737: 0.534333
11738: 0.534287
11739: 0.534327
11740: 0.534367
11741: 0.534321
11742: 0.534361
11743: 0.534315
11744: 0.53427
11745: 0.534224
11746: 0.534264
11747: 0.534304
11748: 0.534343
11749: 0.534298
11750: 0.534252
11751: 0.534207
11752: 0.534161
11753: 0.534116
11754: 0.534156
11755: 0.534195
11756: 0.53415
11757: 0.534189
11758: 0.534229
11759: 0.534269
11760: 0.534308
11761: 0.534348
11762: 0.534387
11763: 0.534427
11764: 0.534467
11765: 0.534506
11766: 0.534461
11767: 0.534415
11768: 0.534455
11769: 0.534494
11770: 0.534534
11771: 0.534489
11772: 0.534443
11773: 0.534483
11774: 0.534522
11775: 0.534477
11776: 0.534432
11777: 0.534386
11778: 0.534341
11779: 0.53438
11780: 0.53442
11781: 0.534374
11782: 0.534414
11783: 0.534369
11784: 0.534323
11785: 0.534363
11786: 0.534402
11787: 0.534357
11788: 0.534312
11789: 0.534266
11790: 0.534306
11791: 0.534345
11792: 0.534385
11793: 0.534424
11794: 0.534464
11795: 0.534503
11796: 0.534458
11797: 0.534413
11798: 0.534452
11799: 0.534492
11800: 0.534446
11801: 0.534486
11802: 0.534525
11803: 0.53448
11804: 0.534435
11805: 0.534389
11806: 0.534429
11807: 0.534468
11808: 0.534508
11809: 0.534547
11810: 0.534502
11811: 0.534456
11812: 0.534411
11813: 0.534451
11814: 0.534405
11815: 0.534445
11816: 0.5344
11817: 0.534354
11818: 0.534394
11819: 0.534349
11820: 0.534303
11821: 0.534343
11822: 0.534298
11823: 0.534252
11824: 0.534292
11825: 0.534247
11826: 0.534201
11827: 0.534241
11828: 0.53428
11829: 0.53432
11830: 0.534359
11831: 0.534398
11832: 0.534353
11833: 0.534392
11834: 0.534432
11835: 0.534387
11836: 0.534426
11837: 0.534465
11838: 0.534505
11839: 0.534459
11840: 0.534499
11841: 0.534454
11842: 0.534493
11843: 0.534448
11844: 0.534403
11845: 0.534358
11846: 0.534312
11847: 0.534352
11848: 0.534391
11849: 0.53443
11850: 0.534385
11851: 0.53434
11852: 0.534295
11853: 0.534334
11854: 0.534289
11855: 0.534329
11856: 0.534284
11857: 0.534323
11858: 0.534362
11859: 0.534401
11860: 0.534356
11861: 0.534396
11862: 0.534435
11863: 0.534474
11864: 0.534513
11865: 0.534553
11866: 0.534592
11867: 0.534547
11868: 0.534502
11869: 0.534541
11870: 0.53458
11871: 0.534535
11872: 0.53449
11873: 0.534529
11874: 0.534568
11875: 0.534523
11876: 0.534563
11877: 0.534602
11878: 0.534557
11879: 0.534596
11880: 0.534551
11881: 0.534506
11882: 0.534545
11883: 0.534584
11884: 0.534623
11885: 0.534578
11886: 0.534534
11887: 0.534489
11888: 0.534528
11889: 0.534483
11890: 0.534438
11891: 0.534477
11892: 0.534432
11893: 0.534471
11894: 0.53451
11895: 0.534549
11896: 0.534589
11897: 0.534544
11898: 0.534583
11899: 0.534622
11900: 0.534661
11901: 0.5347
11902: 0.534655
11903: 0.53461
11904: 0.534649
11905: 0.534688
11906: 0.534727
11907: 0.534767
11908: 0.534806
11909: 0.534845
11910: 0.534884
11911: 0.534839
11912: 0.534794
11913: 0.534749
11914: 0.534788
11915: 0.534827
11916: 0.534866
11917: 0.534821
11918: 0.534776
11919: 0.534732
11920: 0.534687
11921: 0.534642
11922: 0.534681
11923: 0.534636
11924: 0.534591
11925: 0.534546
11926: 0.534585
11927: 0.534624
11928: 0.534663
11929: 0.534702
11930: 0.534741
11931: 0.53478
11932: 0.534819
11933: 0.534858
11934: 0.534897
11935: 0.534936
11936: 0.534975
11937: 0.535014
11938: 0.534969
11939: 0.534925
11940: 0.534964
11941: 0.535003
11942: 0.535041
11943: 0.53508
11944: 0.535036
11945: 0.534991
11946: 0.53503
11947: 0.534985
11948: 0.535024
11949: 0.535063
11950: 0.535102
11951: 0.535141
11952: 0.535096
11953: 0.535051
11954: 0.53509
11955: 0.535045
11956: 0.535
11957: 0.535039
11958: 0.535078
11959: 0.535033
11960: 0.535072
11961: 0.535028
11962: 0.535066
11963: 0.535022
11964: 0.535061
11965: 0.535099
11966: 0.535055
11967: 0.53501
11968: 0.534965
11969: 0.534921
11970: 0.534876
11971: 0.534831
11972: 0.534787
11973: 0.534825
11974: 0.534781
11975: 0.53482
11976: 0.534858
11977: 0.534897
11978: 0.534936
11979: 0.534975
11980: 0.535014
11981: 0.534969
11982: 0.534924
11983: 0.53488
11984: 0.534835
11985: 0.534791
11986: 0.534829
11987: 0.534785
11988: 0.53474
11989: 0.534696
11990: 0.534734
11991: 0.534773
11992: 0.534812
11993: 0.534767
11994: 0.534723
11995: 0.534762
11996: 0.5348
11997: 0.534839
11998: 0.534878
11999: 0.534917
12000: 0.534955
12001: 0.534994
12002: 0.53495
12003: 0.534905
12004: 0.53486
12005: 0.534899
12006: 0.534938
12007: 0.534977
12008: 0.534932
12009: 0.534971
12010: 0.534926
12011: 0.534882
12012: 0.534921
12013: 0.534959
12014: 0.534998
12015: 0.535037
12016: 0.535075
12017: 0.535114
12018: 0.535153
12019: 0.535108
12020: 0.535064
12021: 0.535102
12022: 0.535058
12023: 0.535096
12024: 0.535135
12025: 0.535091
12026: 0.535046
12027: 0.535085
12028: 0.53504
12029: 0.534996
12030: 0.534951
12031: 0.534907
12032: 0.534862
12033: 0.534901
12034: 0.53494
12035: 0.534895
12036: 0.534934
12037: 0.534973
12038: 0.534928
12039: 0.534884
12040: 0.534839
12041: 0.534795
12042: 0.534834
12043: 0.534872
12044: 0.534911
12045: 0.534949
12046: 0.534988
12047: 0.534944
12048: 0.534982
12049: 0.534938
12050: 0.534976
12051: 0.535015
12052: 0.534971
12053: 0.534926
12054: 0.534882
12055: 0.53492
12056: 0.534959
12057: 0.534998
12058: 0.535036
12059: 0.534992
12060: 0.53503
12061: 0.535069
12062: 0.535024
12063: 0.53498
12064: 0.535019
12065: 0.535057
12066: 0.535013
12067: 0.535051
12068: 0.535007
12069: 0.534963
12070: 0.535001
12071: 0.534957
12072: 0.534995
12073: 0.534951
12074: 0.53499
12075: 0.534945
12076: 0.534984
12077: 0.53494
12078: 0.534895
12079: 0.534851
12080: 0.534889
12081: 0.534928
12082: 0.534884
12083: 0.534839
12084: 0.534878
12085: 0.534916
12086: 0.534955
12087: 0.534911
12088: 0.534866
12089: 0.534905
12090: 0.534943
12091: 0.534982
12092: 0.53502
12093: 0.534976
12094: 0.535014
12095: 0.535053
12096: 0.535091
12097: 0.53513
12098: 0.535168
12099: 0.535124
12100: 0.53508
12101: 0.535036
12102: 0.535074
12103: 0.53503
12104: 0.534986
12105: 0.535024
12106: 0.53498
12107: 0.534936
12108: 0.534891
12109: 0.53493
12110: 0.534968
12111: 0.535007
12112: 0.535045
12113: 0.535083
12114: 0.535122
12115: 0.53516
12116: 0.535116
12117: 0.535154
12118: 0.535193
12119: 0.535231
12120: 0.535187
12121: 0.535225
12122: 0.535181
12123: 0.535219
12124: 0.535175
12125: 0.535131
12126: 0.535087
12127: 0.535125
12128: 0.535081
12129: 0.535037
12130: 0.534993
12131: 0.534949
12132: 0.534987
12133: 0.534943
12134: 0.534899
12135: 0.534855
12136: 0.534811
12137: 0.534767
12138: 0.534805
12139: 0.534843
12140: 0.534882
12141: 0.534838
12142: 0.534876
12143: 0.534914
12144: 0.534953
12145: 0.534991
12146: 0.534947
12147: 0.534903
12148: 0.534941
12149: 0.534897
12150: 0.534853
12151: 0.534891
12152: 0.53493
12153: 0.534968
12154: 0.535006
12155: 0.535044
12156: 0.535
12157: 0.534956
12158: 0.534912
12159: 0.534951
12160: 0.534907
12161: 0.534863
12162: 0.534819
12163: 0.534775
12164: 0.534813
12165: 0.534851
12166: 0.534807
12167: 0.534845
12168: 0.534802
12169: 0.53484
12170: 0.534796
12171: 0.534834
12172: 0.534872
12173: 0.53491
12174: 0.534949
12175: 0.534905
12176: 0.534943
12177: 0.534899
12178: 0.534855
12179: 0.534893
12180: 0.534931
12181: 0.534888
12182: 0.534926
12183: 0.534882
12184: 0.53492
12185: 0.534958
12186: 0.534996
12187: 0.535034
12188: 0.534991
12189: 0.535029
12190: 0.534985
12191: 0.534941
12192: 0.534979
12193: 0.535017
12194: 0.534973
12195: 0.534929
12196: 0.534886
12197: 0.534924
12198: 0.534962
12199: 0.535
12200: 0.535038
12201: 0.535076
12202: 0.535114
12203: 0.53507
12204: 0.535027
12205: 0.535065
12206: 0.535103
12207: 0.535141
12208: 0.535179
12209: 0.535135
12210: 0.535091
12211: 0.535047
12212: 0.535004
12213: 0.535042
12214: 0.53508
12215: 0.535118
12216: 0.535156
12217: 0.535194
12218: 0.53515
12219: 0.535188
12220: 0.535144
12221: 0.535182
12222: 0.535139
12223: 0.535095
12224: 0.535133
12225: 0.535171
12226: 0.535209
12227: 0.535165
12228: 0.535203
12229: 0.535159
12230: 0.535116
12231: 0.535154
12232: 0.53511
12233: 0.535066
12234: 0.535104
12235: 0.535142
12236: 0.535098
12237: 0.535055
12238: 0.535093
12239: 0.535131
12240: 0.535169
12241: 0.535207
12242: 0.535245
12243: 0.535201
12244: 0.535239
12245: 0.535195
12246: 0.535233
12247: 0.535271
12248: 0.535309
12249: 0.535265
12250: 0.535222
12251: 0.535178
12252: 0.535216
12253: 0.535254
12254: 0.53521
12255: 0.535166
12256: 0.535204
12257: 0.535161
12258: 0.535117
12259: 0.535155
12260: 0.535193
12261: 0.535231
12262: 0.535269
12263: 0.535225
12264: 0.535181
12265: 0.535219
12266: 0.535176
12267: 0.535132
12268: 0.535088
12269: 0.535126
12270: 0.535083
12271: 0.535121
12272: 0.535158
12273: 0.535196
12274: 0.535234
12275: 0.535191
12276: 0.535228
12277: 0.535266
12278: 0.535304
12279: 0.535261
12280: 0.535298
12281: 0.535255
12282: 0.535293
12283: 0.535249
12284: 0.535206
12285: 0.535162
12286: 0.5352
12287: 0.535238
12288: 0.535275
12289: 0.535232
12290: 0.535188
12291: 0.535226
12292: 0.535183
12293: 0.535139
12294: 0.535177
12295: 0.535215
12296: 0.535253
12297: 0.53529
12298: 0.535328
12299: 0.535285
12300: 0.535241
12301: 0.535279
12302: 0.535235
12303: 0.535273
12304: 0.53523
12305: 0.535186
12306: 0.535143
12307: 0.535099
12308: 0.535137
12309: 0.535093
12310: 0.53505
12311: 0.535006
12312: 0.535044
12313: 0.535001
12314: 0.535039
12315: 0.534995
12316: 0.534952
12317: 0.534989
12318: 0.535027
12319: 0.534984
12320: 0.53494
12321: 0.534978
12322: 0.535016
12323: 0.535054
12324: 0.535091
12325: 0.535129
12326: 0.535086
12327: 0.535042
12328: 0.534999
12329: 0.534955
12330: 0.534912
12331: 0.534869
12332: 0.534906
12333: 0.534944
12334: 0.534982
12335: 0.534938
12336: 0.534895
12337: 0.534852
12338: 0.534808
12339: 0.534765
12340: 0.534803
12341: 0.53484
12342: 0.534878
12343: 0.534835
12344: 0.534872
12345: 0.53491
12346: 0.534948
12347: 0.534985
12348: 0.535023
12349: 0.53498
12350: 0.535017
12351: 0.535055
12352: 0.535012
12353: 0.534968
12354: 0.534925
12355: 0.534963
12356: 0.535
12357: 0.535038
12358: 0.534995
12359: 0.534951
12360: 0.534989
12361: 0.534946
12362: 0.534983
12363: 0.53494
12364: 0.534897
12365: 0.534934
12366: 0.534891
12367: 0.534929
12368: 0.534886
12369: 0.534842
12370: 0.53488
12371: 0.534837
12372: 0.534874
12373: 0.534831
12374: 0.534869
12375: 0.534825
12376: 0.534782
12377: 0.534739
12378: 0.534696
12379: 0.534653
12380: 0.53469
12381: 0.534647
12382: 0.534685
12383: 0.534641
12384: 0.534598
12385: 0.534555
12386: 0.534512
12387: 0.534469
12388: 0.534426
12389: 0.534383
12390: 0.53442
12391: 0.534458
12392: 0.534415
12393: 0.534452
12394: 0.53449
12395: 0.534527
12396: 0.534484
12397: 0.534441
12398: 0.534398
12399: 0.534355
12400: 0.534312
12401: 0.534269
12402: 0.534306
12403: 0.534344
12404: 0.534381
12405: 0.534419
12406: 0.534456
12407: 0.534413
12408: 0.534451
12409: 0.534488
12410: 0.534526
12411: 0.534563
12412: 0.534601
12413: 0.534638
12414: 0.534595
12415: 0.534633
12416: 0.53467
12417: 0.534708
12418: 0.534745
12419: 0.534783
12420: 0.53482
12421: 0.534858
12422: 0.534814
12423: 0.534771
12424: 0.534809
12425: 0.534846
12426: 0.534884
12427: 0.534841
12428: 0.534798
12429: 0.534755
12430: 0.534792
12431: 0.534749
12432: 0.534786
12433: 0.534824
12434: 0.534861
12435: 0.534899
12436: 0.534856
12437: 0.534893
12438: 0.53493
12439: 0.534887
12440: 0.534925
12441: 0.534882
12442: 0.534839
12443: 0.534796
12444: 0.534753
12445: 0.53479
12446: 0.534828
12447: 0.534785
12448: 0.534822
12449: 0.534779
12450: 0.534816
12451: 0.534854
12452: 0.534811
12453: 0.534848
12454: 0.534805
12455: 0.534843
12456: 0.53488
12457: 0.534917
12458: 0.534874
12459: 0.534831
12460: 0.534789
12461: 0.534826
12462: 0.534863
12463: 0.53482
12464: 0.534777
12465: 0.534734
12466: 0.534772
12467: 0.534809
12468: 0.534846
12469: 0.534804
12470: 0.534841
12471: 0.534878
12472: 0.534835
12473: 0.534873
12474: 0.53491
12475: 0.534947
12476: 0.534984
12477: 0.534941
12478: 0.534979
12479: 0.535016
12480: 0.535053
12481: 0.535091
12482: 0.535048
12483: 0.535005
12484: 0.535042
12485: 0.534999
12486: 0.534956
12487: 0.534914
12488: 0.534871
12489: 0.534908
12490: 0.534865
12491: 0.534902
12492: 0.53494
12493: 0.534977
12494: 0.534934
12495: 0.534971
12496: 0.534928
12497: 0.534966
12498: 0.534923
12499: 0.53488
12500: 0.534917
12501: 0.534954
12502: 0.534992
12503: 0.535029
12504: 0.534986
12505: 0.534943
12506: 0.5349
12507: 0.534938
12508: 0.534975
12509: 0.535012
12510: 0.535049
12511: 0.535086
12512: 0.535044
12513: 0.535001
12514: 0.534958
12515: 0.534915
12516: 0.534952
12517: 0.53491
12518: 0.534947
12519: 0.534984
12520: 0.534941
12521: 0.534899
12522: 0.534856
12523: 0.534813
12524: 0.53477
12525: 0.534728
12526: 0.534765
12527: 0.534722
12528: 0.53468
12529: 0.534717
12530: 0.534754
12531: 0.534791
12532: 0.534828
12533: 0.534785
12534: 0.534743
12535: 0.53478
12536: 0.534737
12537: 0.534774
12538: 0.534811
12539: 0.534848
12540: 0.534886
12541: 0.534843
12542: 0.53488
12543: 0.534917
12544: 0.534954
12545: 0.534991
12546: 0.534949
12547: 0.534986
12548: 0.534943
12549: 0.5349
12550: 0.534937
12551: 0.534975
12552: 0.535012
12553: 0.535049
12554: 0.535006
12555: 0.534963
12556: 0.534921
12557: 0.534878
12558: 0.534915
12559: 0.534952
12560: 0.534989
12561: 0.534947
12562: 0.534904
12563: 0.534941
12564: 0.534899
12565: 0.534856
12566: 0.534893
12567: 0.53485
12568: 0.534887
12569: 0.534924
12570: 0.534961
12571: 0.534919
12572: 0.534956
12573: 0.534993
12574: 0.53503
12575: 0.534987
12576: 0.534945
12577: 0.534902
12578: 0.534939
12579: 0.534976
12580: 0.535013
12581: 0.53505
12582: 0.535008
12583: 0.535045
12584: 0.535002
12585: 0.534959
12586: 0.534917
12587: 0.534874
12588: 0.534832
12589: 0.53479
12590: 0.534747
12591: 0.534784
12592: 0.534742
12593: 0.534778
12594: 0.534736
12595: 0.534694
12596: 0.53473
12597: 0.534688
12598: 0.534646
12599: 0.534603
12600: 0.534561
12601: 0.534598
12602: 0.534635
12603: 0.534672
12604: 0.534708
12605: 0.534745
12606: 0.534703
12607: 0.53474
12608: 0.534697
12609: 0.534655
12610: 0.534613
12611: 0.53457
12612: 0.534607
12613: 0.534644
12614: 0.534602
12615: 0.534639
12616: 0.534596
12617: 0.534633
12618: 0.534591
12619: 0.534548
12620: 0.534585
12621: 0.534622
12622: 0.53458
12623: 0.534617
12624: 0.534653
12625: 0.534611
12626: 0.534648
12627: 0.534685
12628: 0.534642
12629: 0.5346
12630: 0.534558
12631: 0.534595
12632: 0.534632
12633: 0.534589
12634: 0.534626
12635: 0.534663
12636: 0.5347
12637: 0.534737
12638: 0.534773
12639: 0.53481
12640: 0.534847
12641: 0.534805
12642: 0.534841
12643: 0.534799
12644: 0.534836
12645: 0.534794
12646: 0.53483
12647: 0.534867
12648: 0.534825
12649: 0.534783
12650: 0.534819
12651: 0.534856
12652: 0.534893
12653: 0.53493
12654: 0.534887
12655: 0.534845
12656: 0.534882
12657: 0.534919
12658: 0.534955
12659: 0.534992
12660: 0.53495
12661: 0.534908
12662: 0.534944
12663: 0.534981
12664: 0.535018
12665: 0.535054
12666: 0.535091
12667: 0.535049
12668: 0.535086
12669: 0.535043
12670: 0.53508
12671: 0.535117
12672: 0.535075
12673: 0.535111
12674: 0.535148
12675: 0.535185
12676: 0.535142
12677: 0.5351
12678: 0.535058
12679: 0.535016
12680: 0.534974
12681: 0.534931
12682: 0.534968
12683: 0.535005
12684: 0.535041
12685: 0.535078
12686: 0.535115
12687: 0.535151
12688: 0.535188
12689: 0.535225
12690: 0.535182
12691: 0.53514
12692: 0.535098
12693: 0.535056
12694: 0.535093
12695: 0.535129
12696: 0.535087
12697: 0.535045
12698: 0.535003
12699: 0.535039
12700: 0.535076
12701: 0.535034
12702: 0.53507
12703: 0.535107
12704: 0.535065
12705: 0.535102
12706: 0.535059
12707: 0.535017
12708: 0.535054
12709: 0.535012
12710: 0.53497
12711: 0.535006
12712: 0.534964
12713: 0.534922
12714: 0.534959
12715: 0.534917
12716: 0.534875
12717: 0.534911
12718: 0.534948
12719: 0.534906
12720: 0.534942
12721: 0.534979
12722: 0.535015
12723: 0.535052
12724: 0.535088
12725: 0.535125
12726: 0.535083
12727: 0.535119
12728: 0.535156
12729: 0.535192
12730: 0.53515
12731: 0.535108
12732: 0.535066
12733: 0.535103
12734: 0.535061
12735: 0.535097
12736: 0.535134
12737: 0.535092
12738: 0.53505
12739: 0.535086
12740: 0.535123
12741: 0.535159
12742: 0.535117
12743: 0.535154
12744: 0.53519
12745: 0.535227
12746: 0.535263
12747: 0.5353
12748: 0.535258
12749: 0.535294
12750: 0.535331
12751: 0.535289
12752: 0.535325
12753: 0.535361
12754: 0.535319
12755: 0.535356
12756: 0.535314
12757: 0.535272
12758: 0.53523
12759: 0.535188
12760: 0.535225
12761: 0.535183
12762: 0.535219
12763: 0.535255
12764: 0.535213
12765: 0.535172
12766: 0.535208
12767: 0.535244
12768: 0.535202
12769: 0.535239
12770: 0.535275
12771: 0.535233
12772: 0.535191
12773: 0.53515
12774: 0.535108
12775: 0.535144
12776: 0.53518
12777: 0.535217
12778: 0.535253
12779: 0.535211
12780: 0.535248
12781: 0.535206
12782: 0.535242
12783: 0.535278
12784: 0.535315
12785: 0.535351
12786: 0.535309
12787: 0.535346
12788: 0.535304
12789: 0.53534
12790: 0.535376
12791: 0.535413
12792: 0.535371
12793: 0.535329
12794: 0.535287
12795: 0.535324
12796: 0.535282
12797: 0.53524
12798: 0.535276
12799: 0.535312
12800: 0.535271
12801: 0.535229
12802: 0.535187
12803: 0.535145
12804: 0.535103
12805: 0.535062
12806: 0.53502
12807: 0.534978
12808: 0.534936
12809: 0.534895
12810: 0.534853
12811: 0.534811
12812: 0.534847
12813: 0.534806
12814: 0.534764
12815: 0.5348
12816: 0.534759
12817: 0.534795
12818: 0.534753
12819: 0.534711
12820: 0.534748
12821: 0.534706
12822: 0.534664
12823: 0.534623
12824: 0.534659
12825: 0.534617
12826: 0.534576
12827: 0.534534
12828: 0.534492
12829: 0.534528
12830: 0.534565
12831: 0.534523
12832: 0.534559
12833: 0.534596
12834: 0.534554
12835: 0.534512
12836: 0.534471
12837: 0.534507
12838: 0.534543
12839: 0.534579
12840: 0.534616
12841: 0.534652
12842: 0.53461
12843: 0.534647
12844: 0.534605
12845: 0.534641
12846: 0.534677
12847: 0.534636
12848: 0.534672
12849: 0.534708
12850: 0.534744
12851: 0.534781
12852: 0.534739
12853: 0.534775
12854: 0.534734
12855: 0.53477
12856: 0.534806
12857: 0.534842
12858: 0.534878
12859: 0.534837
12860: 0.534795
12861: 0.534754
12862: 0.534712
12863: 0.53467
12864: 0.534629
12865: 0.534587
12866: 0.534623
12867: 0.534582
12868: 0.534618
12869: 0.534577
12870: 0.534613
12871: 0.534571
12872: 0.53453
12873: 0.534488
12874: 0.534524
12875: 0.53456
12876: 0.534597
12877: 0.534633
12878: 0.534591
12879: 0.53455
12880: 0.534508
12881: 0.534544
12882: 0.53458
12883: 0.534617
12884: 0.534575
12885: 0.534534
12886: 0.53457
12887: 0.534528
12888: 0.534487
12889: 0.534445
12890: 0.534481
12891: 0.534518
12892: 0.534554
12893: 0.534512
12894: 0.534471
12895: 0.534507
12896: 0.534465
12897: 0.534424
12898: 0.534383
12899: 0.534419
12900: 0.534455
12901: 0.534491
12902: 0.534449
12903: 0.534408
12904: 0.534367
12905: 0.534403
12906: 0.534439
12907: 0.534397
12908: 0.534433
12909: 0.534469
12910: 0.534428
12911: 0.534464
12912: 0.534423
12913: 0.534459
12914: 0.534495
12915: 0.534453
12916: 0.534489
12917: 0.534525
12918: 0.534484
12919: 0.53452
12920: 0.534479
12921: 0.534437
12922: 0.534473
12923: 0.534509
12924: 0.534545
12925: 0.534581
12926: 0.53454
12927: 0.534499
12928: 0.534457
12929: 0.534416
12930: 0.534452
12931: 0.534411
12932: 0.534369
12933: 0.534405
12934: 0.534441
12935: 0.534477
12936: 0.534436
12937: 0.534395
12938: 0.534354
12939: 0.534312
12940: 0.534348
12941: 0.534384
12942: 0.53442
12943: 0.534379
12944: 0.534415
12945: 0.534451
12946: 0.53441
12947: 0.534368
12948: 0.534404
12949: 0.53444
12950: 0.534476
12951: 0.534512
12952: 0.534548
12953: 0.534507
12954: 0.534465
12955: 0.534501
12956: 0.534537
12957: 0.534496
12958: 0.534455
12959: 0.534491
12960: 0.534527
12961: 0.534485
12962: 0.534444
12963: 0.534403
12964: 0.534362
12965: 0.534321
12966: 0.534279
12967: 0.534238
12968: 0.534274
12969: 0.53431
12970: 0.534269
12971: 0.534305
12972: 0.534341
12973: 0.534376
12974: 0.534412
12975: 0.534371
12976: 0.534407
12977: 0.534443
12978: 0.534479
12979: 0.534438
12980: 0.534473
12981: 0.534509
12982: 0.534545
12983: 0.534581
12984: 0.534617
12985: 0.534653
12986: 0.534612
12987: 0.534647
12988: 0.534683
12989: 0.534642
12990: 0.534601
12991: 0.53456
12992: 0.534519
12993: 0.534554
12994: 0.534513
12995: 0.534549
12996: 0.534585
12997: 0.534621
12998: 0.53458
12999: 0.534615
13000: 0.534574
13001: 0.53461
13002: 0.534646
13003: 0.534605
13004: 0.534641
13005: 0.534599
13006: 0.534635
13007: 0.534671
13008: 0.534707
13009: 0.534666
13010: 0.534701
13011: 0.534737
13012: 0.534696
13013: 0.534655
13014: 0.534691
13015: 0.53465
13016: 0.534609
13017: 0.534644
13018: 0.534603
13019: 0.534639
13020: 0.534675
13021: 0.53471
13022: 0.534669
13023: 0.534705
13024: 0.534741
13025: 0.534777
13026: 0.534812
13027: 0.534848
13028: 0.534884
13029: 0.534843
13030: 0.534878
13031: 0.534837
13032: 0.534796
13033: 0.534755
13034: 0.534791
13035: 0.534827
13036: 0.534786
13037: 0.534821
13038: 0.53478
13039: 0.534739
13040: 0.534775
13041: 0.534811
13042: 0.53477
13043: 0.534805
13044: 0.534841
13045: 0.5348
13046: 0.534836
13047: 0.534871
13048: 0.53483
13049: 0.534789
13050: 0.534825
13051: 0.534784
13052: 0.534743
13053: 0.534779
13054: 0.534738
13055: 0.534773
13056: 0.534732
13057: 0.534691
13058: 0.53465
13059: 0.534609
13060: 0.534645
13061: 0.534681
13062: 0.534716
13063: 0.534675
13064: 0.534711
13065: 0.534747
13066: 0.534706
13067: 0.534665
13068: 0.534624
13069: 0.534583
13070: 0.534619
13071: 0.534654
13072: 0.534613
13073: 0.534649
13074: 0.534608
13075: 0.534644
13076: 0.534679
13077: 0.534638
13078: 0.534597
13079: 0.534557
13080: 0.534516
13081: 0.534475
13082: 0.53451
13083: 0.534546
13084: 0.534505
13085: 0.534541
13086: 0.534576
13087: 0.534612
13088: 0.534647
13089: 0.534683
13090: 0.534719
13091: 0.534754
13092: 0.534713
13093: 0.534749
13094: 0.534708
13095: 0.534743
13096: 0.534703
13097: 0.534662
13098: 0.534697
13099: 0.534656
13100: 0.534616
13101: 0.534575
13102: 0.534534
13103: 0.53457
13104: 0.534605
13105: 0.534641
13106: 0.5346
13107: 0.534635
13108: 0.534671
13109: 0.53463
13110: 0.534589
13111: 0.534625
13112: 0.534584
13113: 0.534619
13114: 0.534655
13115: 0.53469
13116: 0.53465
13117: 0.534609
13118: 0.534568
13119: 0.534604
13120: 0.534639
13121: 0.534675
13122: 0.53471
13123: 0.534669
13124: 0.534629
13125: 0.534588
13126: 0.534623
13127: 0.534583
13128: 0.534618
13129: 0.534653
13130: 0.534689
13131: 0.534648
13132: 0.534684
13133: 0.534643
13134: 0.534602
13135: 0.534562
13136: 0.534521
13137: 0.53448
13138: 0.534516
13139: 0.534551
13140: 0.534586
13141: 0.534622
13142: 0.534657
13143: 0.534693
13144: 0.534728
13145: 0.534763
13146: 0.534723
13147: 0.534758
13148: 0.534794
13149: 0.534753
13150: 0.534712
13151: 0.534748
13152: 0.534783
13153: 0.534818
13154: 0.534854
13155: 0.534889
13156: 0.534848
13157: 0.534884
13158: 0.534919
13159: 0.534954
13160: 0.534914
13161: 0.534873
13162: 0.534832
13163: 0.534868
13164: 0.534827
13165: 0.534863
13166: 0.534898
13167: 0.534857
13168: 0.534817
13169: 0.534852
13170: 0.534811
13171: 0.534847
13172: 0.534882
13173: 0.534841
13174: 0.534877
13175: 0.534836
13176: 0.534871
13177: 0.534907
13178: 0.534942
13179: 0.534977
13180: 0.535013
13181: 0.535048
13182: 0.535007
13183: 0.535042
13184: 0.535078
13185: 0.535113
13186: 0.535148
13187: 0.535108
13188: 0.535143
13189: 0.535178
13190: 0.535213
13191: 0.535173
13192: 0.535132
13193: 0.535092
13194: 0.535127
13195: 0.535162
13196: 0.535197
13197: 0.535233
13198: 0.535192
13199: 0.535227
13200: 0.535187
13201: 0.535146
13202: 0.535181
13203: 0.535141
13204: 0.535176
13205: 0.535211
13206: 0.535246
13207: 0.535282
13208: 0.535317
13209: 0.535276
13210: 0.535311
13211: 0.535347
13212: 0.535382
13213: 0.535417
13214: 0.535376
13215: 0.535412
13216: 0.535447
13217: 0.535482
13218: 0.535517
13219: 0.535552
13220: 0.535587
13221: 0.535547
13222: 0.535582
13223: 0.535617
13224: 0.535577
13225: 0.535536
13226: 0.535496
13227: 0.535455
13228: 0.535415
13229: 0.53545
13230: 0.535409
13231: 0.535444
13232: 0.535479
13233: 0.535515
13234: 0.53555
13235: 0.535585
13236: 0.535544
13237: 0.535579
13238: 0.535614
13239: 0.53565
13240: 0.535609
13241: 0.535569
13242: 0.535528
13243: 0.535563
13244: 0.535598
13245: 0.535633
13246: 0.535593
13247: 0.535628
13248: 0.535663
13249: 0.535698
13250: 0.535733
13251: 0.535693
13252: 0.535652
13253: 0.535612
13254: 0.535571
13255: 0.535531
13256: 0.535566
13257: 0.535601
13258: 0.535561
13259: 0.535596
13260: 0.535631
13261: 0.535666
13262: 0.535625
13263: 0.535585
13264: 0.53562
13265: 0.535655
13266: 0.535615
13267: 0.53565
13268: 0.535685
13269: 0.535644
13270: 0.535679
13271: 0.535714
13272: 0.535674
13273: 0.535634
13274: 0.535669
13275: 0.535704
13276: 0.535738
13277: 0.535773
13278: 0.535808
13279: 0.535843
13280: 0.535803
13281: 0.535763
13282: 0.535798
13283: 0.535833
13284: 0.535792
13285: 0.535827
13286: 0.535862
13287: 0.535822
13288: 0.535781
13289: 0.535816
13290: 0.535851
13291: 0.535811
13292: 0.535771
13293: 0.53573
13294: 0.53569
13295: 0.535725
13296: 0.53576
13297: 0.53572
13298: 0.535755
13299: 0.535789
13300: 0.535749
13301: 0.535709
13302: 0.535669
13303: 0.535628
13304: 0.535663
13305: 0.535623
13306: 0.535658
13307: 0.535618
13308: 0.535577
13309: 0.535537
13310: 0.535497
13311: 0.535532
13312: 0.535567
13313: 0.535602
13314: 0.535637
13315: 0.535596
13316: 0.535556
13317: 0.535516
13318: 0.535476
13319: 0.535435
13320: 0.53547
13321: 0.53543
13322: 0.53539
13323: 0.535425
13324: 0.53546
13325: 0.535495
13326: 0.535529
13327: 0.535564
13328: 0.535524
13329: 0.535559
13330: 0.535594
13331: 0.535629
13332: 0.535588
13333: 0.535548
13334: 0.535583
13335: 0.535543
13336: 0.535578
13337: 0.535538
13338: 0.535572
13339: 0.535607
13340: 0.535567
13341: 0.535602
13342: 0.535562
13343: 0.535522
13344: 0.535481
13345: 0.535441
13346: 0.535401
13347: 0.535361
13348: 0.535321
13349: 0.535356
13350: 0.535316
13351: 0.535276
13352: 0.53531
13353: 0.535345
13354: 0.535305
13355: 0.535265
13356: 0.5353
13357: 0.535335
13358: 0.535369
13359: 0.535404
13360: 0.535364
13361: 0.535399
13362: 0.535434
13363: 0.535394
13364: 0.535428
13365: 0.535388
13366: 0.535348
13367: 0.535383
13368: 0.535418
13369: 0.535378
13370: 0.535338
13371: 0.535372
13372: 0.535332
13373: 0.535292
13374: 0.535327
13375: 0.535362
13376: 0.535397
13377: 0.535431
13378: 0.535391
13379: 0.535351
13380: 0.535311
13381: 0.535346
13382: 0.535306
13383: 0.535341
13384: 0.535375
13385: 0.53541
13386: 0.53537
13387: 0.535405
13388: 0.53544
13389: 0.5354
13390: 0.53536
13391: 0.535394
13392: 0.535429
13393: 0.535464
13394: 0.535498
13395: 0.535533
13396: 0.535568
13397: 0.535602
13398: 0.535637
13399: 0.535672
13400: 0.535706
13401: 0.535741
13402: 0.535776
13403: 0.535736
13404: 0.53577
13405: 0.535805
13406: 0.535839
13407: 0.5358
13408: 0.535834
13409: 0.535794
13410: 0.535754
13411: 0.535789
13412: 0.535823
13413: 0.535858
13414: 0.535893
13415: 0.535927
13416: 0.535887
13417: 0.535847
13418: 0.535882
13419: 0.535917
13420: 0.535951
13421: 0.535911
13422: 0.535946
13423: 0.53598
13424: 0.53594
13425: 0.535975
13426: 0.535935
13427: 0.53597
13428: 0.53593
13429: 0.535964
13430: 0.535924
13431: 0.535884
13432: 0.535919
13433: 0.535879
13434: 0.535839
13435: 0.535799
13436: 0.535759
13437: 0.535794
13438: 0.535829
13439: 0.535789
13440: 0.535823
13441: 0.535858
13442: 0.535818
13443: 0.535778
13444: 0.535813
13445: 0.535847
13446: 0.535882
13447: 0.535916
13448: 0.535951
13449: 0.535911
13450: 0.535871
13451: 0.535905
13452: 0.53594
13453: 0.535974
13454: 0.536009
13455: 0.536043
13456: 0.536004
13457: 0.535964
13458: 0.535924
13459: 0.535958
13460: 0.535919
13461: 0.535953
13462: 0.535913
13463: 0.535873
13464: 0.535908
13465: 0.535868
13466: 0.535828
13467: 0.535863
13468: 0.535897
13469: 0.535857
13470: 0.535892
13471: 0.535852
13472: 0.535887
13473: 0.535847
13474: 0.535807
13475: 0.535767
13476: 0.535802
13477: 0.535836
13478: 0.535871
13479: 0.535831
13480: 0.535791
13481: 0.535826
13482: 0.535786
13483: 0.53582
13484: 0.535855
13485: 0.535889
13486: 0.535923
13487: 0.535958
13488: 0.535992
13489: 0.536027
13490: 0.536061
13491: 0.536095
13492: 0.536056
13493: 0.536016
13494: 0.53605
13495: 0.536085
13496: 0.536045
13497: 0.536079
13498: 0.53604
13499: 0.536
13500: 0.53596
13501: 0.535995
13502: 0.536029
13503: 0.535989
13504: 0.53595
13505: 0.53591
13506: 0.53587
13507: 0.535831
13508: 0.535865
13509: 0.535899
13510: 0.535934
13511: 0.535968
13512: 0.535928
13513: 0.535963
13514: 0.535997
13515: 0.535957
13516: 0.535918
13517: 0.535952
13518: 0.535912
13519: 0.535873
13520: 0.535907
13521: 0.535867
13522: 0.535828
13523: 0.535788
13524: 0.535749
13525: 0.535783
13526: 0.535817
13527: 0.535778
13528: 0.535812
13529: 0.535846
13530: 0.535881
13531: 0.535915
13532: 0.535949
13533: 0.53591
13534: 0.53587
13535: 0.53583
13536: 0.535865
13537: 0.535899
13538: 0.535859
13539: 0.53582
13540: 0.53578
13541: 0.535815
13542: 0.535849
13543: 0.535883
13544: 0.535843
13545: 0.535804
13546: 0.535838
13547: 0.535872
13548: 0.535907
13549: 0.535941
13550: 0.535975
13551: 0.536009
13552: 0.536044
13553: 0.536078
13554: 0.536112
13555: 0.536073
13556: 0.536107
13557: 0.536141
13558: 0.536101
13559: 0.536062
13560: 0.536096
13561: 0.536057
13562: 0.536017
13563: 0.536051
13564: 0.536086
13565: 0.53612
13566: 0.53608
13567: 0.536114
13568: 0.536149
13569: 0.536183
13570: 0.536217
13571: 0.536251
13572: 0.536285
13573: 0.536319
13574: 0.53628
13575: 0.536314
13576: 0.536348
13577: 0.536309
13578: 0.536343
13579: 0.536303
13580: 0.536338
13581: 0.536298
13582: 0.536332
13583: 0.536293
13584: 0.536253
13585: 0.536287
13586: 0.536321
13587: 0.536282
13588: 0.536316
13589: 0.536277
13590: 0.536311
13591: 0.536271
13592: 0.536232
13593: 0.536266
13594: 0.5363
13595: 0.536261
13596: 0.536295
13597: 0.536255
13598: 0.536216
13599: 0.536176
13600: 0.536137
13601: 0.536098
13602: 0.536132
13603: 0.536166
13604: 0.536126
13605: 0.536087
13606: 0.536048
13607: 0.536082
13608: 0.536116
13609: 0.536076
13610: 0.53611
13611: 0.536145
13612: 0.536105
13613: 0.536066
13614: 0.536026
13615: 0.535987
13616: 0.535948
13617: 0.535908
13618: 0.535942
13619: 0.535903
13620: 0.535937
13621: 0.535971
13622: 0.536005
13623: 0.536039
13624: 0.536
13625: 0.535961
13626: 0.535995
13627: 0.536029
13628: 0.536063
13629: 0.536097
13630: 0.536131
13631: 0.536092
13632: 0.536052
13633: 0.536086
13634: 0.536047
13635: 0.536008
13636: 0.535968
13637: 0.536002
13638: 0.536036
13639: 0.53607
13640: 0.536104
13641: 0.536138
13642: 0.536099
13643: 0.53606
13644: 0.536094
13645: 0.536128
13646: 0.536089
13647: 0.536123
13648: 0.536156
13649: 0.53619
13650: 0.536224
13651: 0.536258
13652: 0.536219
13653: 0.53618
13654: 0.536141
13655: 0.536175
13656: 0.536209
13657: 0.536169
13658: 0.53613
13659: 0.536164
13660: 0.536125
13661: 0.536085
13662: 0.536119
13663: 0.53608
13664: 0.536114
13665: 0.536148
13666: 0.536109
13667: 0.536143
13668: 0.536104
13669: 0.536064
13670: 0.536098
13671: 0.536132
13672: 0.536166
13673: 0.536127
13674: 0.536088
13675: 0.536049
13676: 0.536009
13677: 0.53597
13678: 0.535931
13679: 0.535965
13680: 0.535999
13681: 0.536033
13682: 0.536067
13683: 0.536027
13684: 0.536061
13685: 0.536095
13686: 0.536056
13687: 0.536017
13688: 0.536051
13689: 0.536012
13690: 0.536046
13691: 0.536079
13692: 0.536113
13693: 0.536074
13694: 0.536108
13695: 0.536069
13696: 0.53603
13697: 0.535991
13698: 0.535952
13699: 0.535912
13700: 0.535946
13701: 0.53598
13702: 0.535941
13703: 0.535902
13704: 0.535863
13705: 0.535897
13706: 0.535931
13707: 0.535964
13708: 0.535925
13709: 0.535886
13710: 0.535847
13711: 0.535881
13712: 0.535842
13713: 0.535803
13714: 0.535837
13715: 0.535871
13716: 0.535904
13717: 0.535865
13718: 0.535826
13719: 0.535787
13720: 0.535748
13721: 0.535709
13722: 0.53567
13723: 0.535631
13724: 0.535665
13725: 0.535626
13726: 0.535587
13727: 0.535621
13728: 0.535654
13729: 0.535615
13730: 0.535649
13731: 0.535683
13732: 0.535644
13733: 0.535678
13734: 0.535712
13735: 0.535745
13736: 0.535706
13737: 0.535667
13738: 0.535701
13739: 0.535662
13740: 0.535623
13741: 0.535657
13742: 0.535618
13743: 0.535579
13744: 0.535613
13745: 0.535647
13746: 0.535681
13747: 0.535714
13748: 0.535675
13749: 0.535709
13750: 0.535743
13751: 0.535777
13752: 0.535738
13753: 0.535699
13754: 0.53566
13755: 0.535694
13756: 0.535727
13757: 0.535761
13758: 0.535795
13759: 0.535756
13760: 0.53579
13761: 0.535751
13762: 0.535784
13763: 0.535745
13764: 0.535779
13765: 0.535813
13766: 0.535847
13767: 0.53588
13768: 0.535841
13769: 0.535802
13770: 0.535764
13771: 0.535797
13772: 0.535831
13773: 0.535792
13774: 0.535753
13775: 0.535714
13776: 0.535675
13777: 0.535709
13778: 0.535743
13779: 0.535704
13780: 0.535665
13781: 0.535699
13782: 0.535732
13783: 0.535694
13784: 0.535727
13785: 0.535688
13786: 0.53565
13787: 0.535611
13788: 0.535644
13789: 0.535606
13790: 0.535639
13791: 0.535673
13792: 0.535634
13793: 0.535668
13794: 0.535629
13795: 0.53559
13796: 0.535551
13797: 0.535585
13798: 0.535546
13799: 0.535507
13800: 0.535541
13801: 0.535575
13802: 0.535536
13803: 0.535497
13804: 0.535531
13805: 0.535492
13806: 0.535525
13807: 0.535559
13808: 0.535593
13809: 0.535554
13810: 0.535588
13811: 0.535549
13812: 0.53551
13813: 0.535544
13814: 0.535505
13815: 0.535539
13816: 0.535572
13817: 0.535606
13818: 0.535567
13819: 0.535528
13820: 0.535562
13821: 0.535595
13822: 0.535557
13823: 0.535518
13824: 0.535552
13825: 0.535585
13826: 0.535619
13827: 0.53558
13828: 0.535614
13829: 0.535575
13830: 0.535608
13831: 0.535642
13832: 0.535676
13833: 0.535709
13834: 0.535743
13835: 0.535776
13836: 0.535738
13837: 0.535699
13838: 0.535732
13839: 0.535694
13840: 0.535727
13841: 0.535761
13842: 0.535722
13843: 0.535683
13844: 0.535717
13845: 0.535678
13846: 0.535639
13847: 0.535601
13848: 0.535634
13849: 0.535596
13850: 0.535629
13851: 0.535663
13852: 0.535624
13853: 0.535585
13854: 0.535619
13855: 0.53558
13856: 0.535614
13857: 0.535575
13858: 0.535536
13859: 0.535498
13860: 0.535531
13861: 0.535565
13862: 0.535526
13863: 0.535488
13864: 0.535449
13865: 0.53541
13866: 0.535444
13867: 0.535477
13868: 0.535511
13869: 0.535544
13870: 0.535578
13871: 0.535611
13872: 0.535573
13873: 0.535534
13874: 0.535495
13875: 0.535457
13876: 0.535418
13877: 0.535452
13878: 0.535413
13879: 0.535447
13880: 0.53548
13881: 0.535514
13882: 0.535475
13883: 0.535436
13884: 0.53547
13885: 0.535503
13886: 0.535537
13887: 0.535498
13888: 0.53546
13889: 0.535493
13890: 0.535455
13891: 0.535416
13892: 0.53545
13893: 0.535411
13894: 0.535372
13895: 0.535334
13896: 0.535295
13897: 0.535257
13898: 0.535218
13899: 0.535252
13900: 0.535285
13901: 0.535247
13902: 0.53528
13903: 0.535242
13904: 0.535203
13905: 0.535237
13906: 0.53527
13907: 0.535303
13908: 0.535265
13909: 0.535298
13910: 0.53526
13911: 0.535293
13912: 0.535255
13913: 0.535288
13914: 0.535322
13915: 0.535283
13916: 0.535317
13917: 0.535278
13918: 0.535311
13919: 0.535345
13920: 0.535306
13921: 0.53534
13922: 0.535301
13923: 0.535263
13924: 0.535296
13925: 0.53533
13926: 0.535363
13927: 0.535325
13928: 0.535358
13929: 0.535391
13930: 0.535353
13931: 0.535386
13932: 0.535348
13933: 0.535309
13934: 0.535343
13935: 0.535304
13936: 0.535266
13937: 0.535299
13938: 0.535261
13939: 0.535222
13940: 0.535184
13941: 0.535146
13942: 0.535107
13943: 0.535141
13944: 0.535174
13945: 0.535207
13946: 0.535241
13947: 0.535202
13948: 0.535164
13949: 0.535197
13950: 0.535159
13951: 0.53512
13952: 0.535154
13953: 0.535187
13954: 0.535149
13955: 0.535182
13956: 0.535215
13957: 0.535177
13958: 0.53521
13959: 0.535244
13960: 0.535205
13961: 0.535239
13962: 0.5352
13963: 0.535233
13964: 0.535195
13965: 0.535228
13966: 0.53519
13967: 0.535152
13968: 0.535185
13969: 0.535218
13970: 0.53518
13971: 0.535142
13972: 0.535103
13973: 0.535065
13974: 0.535098
13975: 0.535132
13976: 0.535165
13977: 0.535127
13978: 0.535088
13979: 0.535122
13980: 0.535083
13981: 0.535045
13982: 0.535078
13983: 0.53504
13984: 0.535073
13985: 0.535107
13986: 0.53514
13987: 0.535102
13988: 0.535063
13989: 0.535025
13990: 0.534987
13991: 0.534949
13992: 0.53491
13993: 0.534872
13994: 0.534905
13995: 0.534939
13996: 0.5349
13997: 0.534862
13998: 0.534824
13999: 0.534786
14000: 0.534748
14001: 0.534781
14002: 0.534814
14003: 0.534847
14004: 0.53488
14005: 0.534914
14006: 0.534947
14007: 0.53498
14008: 0.535013
14009: 0.535046
14010: 0.535008
14011: 0.535041
14012: 0.535075
14013: 0.535108
14014: 0.535141
14015: 0.535103
14016: 0.535136
14017: 0.535169
14018: 0.535202
14019: 0.535164
14020: 0.535197
14021: 0.535159
14022: 0.535121
14023: 0.535154
14024: 0.535116
14025: 0.535149
14026: 0.535111
14027: 0.535073
14028: 0.535035
14029: 0.535068
14030: 0.535101
14031: 0.535134
14032: 0.535096
14033: 0.535058
14034: 0.535091
14035: 0.535124
14036: 0.535157
14037: 0.535119
14038: 0.535152
14039: 0.535185
14040: 0.535147
14041: 0.535109
14042: 0.535142
14043: 0.535175
14044: 0.535208
14045: 0.535241
14046: 0.535274
14047: 0.535308
14048: 0.535341
14049: 0.535374
14050: 0.535407
14051: 0.53544
14052: 0.535402
14053: 0.535435
14054: 0.535397
14055: 0.535359
14056: 0.535392
14057: 0.535425
14058: 0.535387
14059: 0.535349
14060: 0.53531
14061: 0.535343
14062: 0.535377
14063: 0.53541
14064: 0.535443
14065: 0.535476
14066: 0.535438
14067: 0.535471
14068: 0.535504
14069: 0.535466
14070: 0.535427
14071: 0.53546
14072: 0.535493
14073: 0.535455
14074: 0.535488
14075: 0.535521
14076: 0.535554
14077: 0.535516
14078: 0.535549
14079: 0.535511
14080: 0.535473
14081: 0.535506
14082: 0.535468
14083: 0.53543
14084: 0.535392
14085: 0.535425
14086: 0.535458
14087: 0.535491
14088: 0.535453
14089: 0.535415
14090: 0.535377
14091: 0.53541
14092: 0.535372
14093: 0.535405
14094: 0.535438
14095: 0.535471
14096: 0.535504
14097: 0.535537
14098: 0.535499
14099: 0.535461
14100: 0.535494
14101: 0.535527
14102: 0.535489
14103: 0.535522
14104: 0.535555
14105: 0.535588
14106: 0.53555
14107: 0.535512
14108: 0.535545
14109: 0.535578
14110: 0.53554
14111: 0.535502
14112: 0.535535
14113: 0.535568
14114: 0.53553
14115: 0.535492
14116: 0.535454
14117: 0.535487
14118: 0.535449
14119: 0.535411
14120: 0.535444
14121: 0.535406
14122: 0.535439
14123: 0.535401
14124: 0.535363
14125: 0.535325
14126: 0.535287
14127: 0.535249
14128: 0.535282
14129: 0.535315
14130: 0.535277
14131: 0.53531
14132: 0.535343
14133: 0.535376
14134: 0.535338
14135: 0.5353
14136: 0.535262
14137: 0.535295
14138: 0.535328
14139: 0.535361
14140: 0.535394
14141: 0.535426
14142: 0.535389
14143: 0.535421
14144: 0.535384
14145: 0.535416
14146: 0.535379
14147: 0.535341
14148: 0.535374
14149: 0.535406
14150: 0.535439
14151: 0.535472
14152: 0.535505
14153: 0.535538
14154: 0.53557
14155: 0.535533
14156: 0.535565
14157: 0.535528
14158: 0.53556
14159: 0.535593
14160: 0.535626
14161: 0.535659
14162: 0.535692
14163: 0.535724
14164: 0.535687
14165: 0.535719
14166: 0.535682
14167: 0.535714
14168: 0.535747
14169: 0.535709
14170: 0.535671
14171: 0.535704
14172: 0.535666
14173: 0.535629
14174: 0.535591
14175: 0.535553
14176: 0.535515
14177: 0.535478
14178: 0.53551
14179: 0.535543
14180: 0.535505
14181: 0.535467
14182: 0.5355
14183: 0.535533
14184: 0.535566
14185: 0.535528
14186: 0.53549
14187: 0.535452
14188: 0.535485
14189: 0.535518
14190: 0.53548
14191: 0.535513
14192: 0.535475
14193: 0.535438
14194: 0.53547
14195: 0.535503
14196: 0.535536
14197: 0.535498
14198: 0.535531
14199: 0.535563
14200: 0.535596
14201: 0.535558
14202: 0.535521
14203: 0.535553
14204: 0.535586
14205: 0.535619
14206: 0.535581
14207: 0.535614
14208: 0.535576
14209: 0.535609
14210: 0.535571
14211: 0.535604
14212: 0.535566
14213: 0.535599
14214: 0.535561
14215: 0.535523
14216: 0.535486
14217: 0.535448
14218: 0.535481
14219: 0.535513
14220: 0.535476
14221: 0.535508
14222: 0.535541
14223: 0.535574
14224: 0.535536
14225: 0.535569
14226: 0.535531
14227: 0.535564
14228: 0.535526
14229: 0.535488
14230: 0.535521
14231: 0.535554
14232: 0.535586
14233: 0.535619
14234: 0.535581
14235: 0.535544
14236: 0.535506
14237: 0.535539
14238: 0.535571
14239: 0.535534
14240: 0.535496
14241: 0.535529
14242: 0.535561
14243: 0.535524
14244: 0.535486
14245: 0.535449
14246: 0.535481
14247: 0.535444
14248: 0.535476
14249: 0.535509
14250: 0.535471
14251: 0.535504
14252: 0.535536
14253: 0.535569
14254: 0.535602
14255: 0.535634
14256: 0.535667
14257: 0.535699
14258: 0.535662
14259: 0.535694
14260: 0.535727
14261: 0.535689
14262: 0.535722
14263: 0.535754
14264: 0.535787
14265: 0.535819
14266: 0.535852
14267: 0.535884
14268: 0.535917
14269: 0.53595
14270: 0.535912
14271: 0.535874
14272: 0.535837
14273: 0.535869
14274: 0.535832
14275: 0.535864
14276: 0.535897
14277: 0.535929
14278: 0.535892
14279: 0.535854
14280: 0.535817
14281: 0.535779
14282: 0.535812
14283: 0.535774
14284: 0.535737
14285: 0.535699
14286: 0.535732
14287: 0.535764
14288: 0.535727
14289: 0.535759
14290: 0.535792
14291: 0.535754
14292: 0.535787
14293: 0.535749
14294: 0.535782
14295: 0.535814
14296: 0.535847
14297: 0.535809
14298: 0.535842
14299: 0.535874
14300: 0.535837
14301: 0.535799
14302: 0.535762
14303: 0.535724
14304: 0.535757
14305: 0.535789
14306: 0.535752
14307: 0.535784
14308: 0.535817
14309: 0.535849
14310: 0.535812
14311: 0.535844
14312: 0.535876
14313: 0.535909
14314: 0.535871
14315: 0.535834
14316: 0.535797
14317: 0.535829
14318: 0.535861
14319: 0.535824
14320: 0.535787
14321: 0.535819
14322: 0.535782
14323: 0.535814
14324: 0.535846
14325: 0.535809
14326: 0.535772
14327: 0.535734
14328: 0.535767
14329: 0.535729
14330: 0.535692
14331: 0.535654
14332: 0.535617
14333: 0.53565
14334: 0.535612
14335: 0.535645
14336: 0.535607
14337: 0.53564
14338: 0.535602
14339: 0.535565
14340: 0.535597
14341: 0.53556
14342: 0.535592
14343: 0.535625
14344: 0.535657
14345: 0.53562
14346: 0.535652
14347: 0.535615
14348: 0.535647
14349: 0.53561
14350: 0.535572
14351: 0.535535
14352: 0.535498
14353: 0.53553
14354: 0.535493
14355: 0.535456
14356: 0.535418
14357: 0.535451
14358: 0.535483
14359: 0.535515
14360: 0.535548
14361: 0.53558
14362: 0.535543
14363: 0.535505
14364: 0.535468
14365: 0.5355
14366: 0.535533
14367: 0.535496
14368: 0.535458
14369: 0.535491
14370: 0.535453
14371: 0.535486
14372: 0.535518
14373: 0.53555
14374: 0.535513
14375: 0.535545
14376: 0.535578
14377: 0.53561
14378: 0.535573
14379: 0.535535
14380: 0.535498
14381: 0.535461
14382: 0.535424
14383: 0.535387
14384: 0.535419
14385: 0.535382
14386: 0.535344
14387: 0.535307
14388: 0.53527
14389: 0.535233
14390: 0.535265
14391: 0.535228
14392: 0.53526
14393: 0.535292
14394: 0.535255
14395: 0.535288
14396: 0.53532
14397: 0.535283
14398: 0.535315
14399: 0.535347
14400: 0.535379
14401: 0.535412
14402: 0.535444
14403: 0.535407
14404: 0.535439
14405: 0.535402
14406: 0.535365
14407: 0.535328
14408: 0.53529
14409: 0.535323
14410: 0.535286
14411: 0.535318
14412: 0.535281
14413: 0.535313
14414: 0.535345
14415: 0.535308
14416: 0.53534
14417: 0.535303
14418: 0.535335
14419: 0.535368
14420: 0.5354
14421: 0.535363
14422: 0.535395
14423: 0.535427
14424: 0.53539
14425: 0.535353
14426: 0.535316
14427: 0.535348
14428: 0.535311
14429: 0.535274
14430: 0.535306
14431: 0.535269
14432: 0.535301
14433: 0.535333
14434: 0.535296
14435: 0.535259
14436: 0.535222
14437: 0.535254
14438: 0.535286
14439: 0.535249
14440: 0.535212
14441: 0.535244
14442: 0.535207
14443: 0.53517
14444: 0.535202
14445: 0.535235
14446: 0.535198
14447: 0.53523
14448: 0.535262
14449: 0.535294
14450: 0.535257
14451: 0.53522
14452: 0.535252
14453: 0.535284
14454: 0.535316
14455: 0.535279
14456: 0.535242
14457: 0.535205
14458: 0.535238
14459: 0.53527
14460: 0.535233
14461: 0.535265
14462: 0.535297
14463: 0.535329
14464: 0.535361
14465: 0.535393
14466: 0.535356
14467: 0.535388
14468: 0.535351
14469: 0.535314
14470: 0.535347
14471: 0.535379
14472: 0.535342
14473: 0.535374
14474: 0.535337
14475: 0.535369
14476: 0.535332
14477: 0.535295
14478: 0.535258
14479: 0.535221
14480: 0.535184
14481: 0.535147
14482: 0.53511
14483: 0.535142
14484: 0.535105
14485: 0.535137
14486: 0.5351
14487: 0.535133
14488: 0.535096
14489: 0.535059
14490: 0.535091
14491: 0.535123
14492: 0.535086
14493: 0.535118
14494: 0.535081
14495: 0.535113
14496: 0.535076
14497: 0.535039
14498: 0.535071
14499: 0.535103
14500: 0.535067
14501: 0.53503
14502: 0.535062
14503: 0.535025
14504: 0.535057
14505: 0.535089
14506: 0.535052
14507: 0.535015
14508: 0.534978
14509: 0.534941
14510: 0.534905
14511: 0.534868
14512: 0.5349
14513: 0.534932
14514: 0.534895
14515: 0.534858
14516: 0.53489
14517: 0.534922
14518: 0.534954
14519: 0.534986
14520: 0.535018
14521: 0.534981
14522: 0.535013
14523: 0.535045
14524: 0.535077
14525: 0.535109
14526: 0.535073
14527: 0.535036
14528: 0.534999
14529: 0.535031
14530: 0.535063
14531: 0.535095
14532: 0.535127
14533: 0.535159
14534: 0.535122
14535: 0.535085
14536: 0.535117
14537: 0.535149
14538: 0.535112
14539: 0.535076
14540: 0.535039
14541: 0.535002
14542: 0.535034
14543: 0.534997
14544: 0.53496
14545: 0.534924
14546: 0.534956
14547: 0.534919
14548: 0.534951
14549: 0.534914
14550: 0.534877
14551: 0.534841
14552: 0.534873
14553: 0.534904
14554: 0.534868
14555: 0.5349
14556: 0.534863
14557: 0.534895
14558: 0.534858
14559: 0.534821
14560: 0.534853
14561: 0.534885
14562: 0.534849
14563: 0.534812
14564: 0.534775
14565: 0.534738
14566: 0.534702
14567: 0.534734
14568: 0.534766
14569: 0.534729
14570: 0.534692
14571: 0.534724
14572: 0.534687
14573: 0.534719
14574: 0.534751
14575: 0.534783
14576: 0.534815
14577: 0.534778
14578: 0.53481
14579: 0.534842
14580: 0.534806
14581: 0.534769
14582: 0.534801
14583: 0.534764
14584: 0.534796
14585: 0.534759
14586: 0.534723
14587: 0.534686
14588: 0.534649
14589: 0.534613
14590: 0.534645
14591: 0.534608
14592: 0.53464
14593: 0.534672
14594: 0.534704
14595: 0.534667
14596: 0.534699
14597: 0.534662
14598: 0.534694
14599: 0.534726
14600: 0.534758
14601: 0.53479
14602: 0.534822
14603: 0.534853
14604: 0.534885
14605: 0.534917
14606: 0.534949
14607: 0.534981
14608: 0.535013
14609: 0.534976
14610: 0.534939
14611: 0.534971
14612: 0.534935
14613: 0.534966
14614: 0.534998
14615: 0.534962
14616: 0.534925
14617: 0.534888
14618: 0.53492
14619: 0.534952
14620: 0.534984
14621: 0.534947
14622: 0.534979
14623: 0.535011
14624: 0.535043
14625: 0.535006
14626: 0.535038
14627: 0.53507
14628: 0.535102
14629: 0.535133
14630: 0.535165
14631: 0.535197
14632: 0.535229
14633: 0.535192
14634: 0.535224
14635: 0.535187
14636: 0.535151
14637: 0.535182
14638: 0.535146
14639: 0.535109
14640: 0.535073
14641: 0.535036
14642: 0.535
14643: 0.535031
14644: 0.534995
14645: 0.535027
14646: 0.53499
14647: 0.535022
14648: 0.534985
14649: 0.534949
14650: 0.534981
14651: 0.535012
14652: 0.535044
14653: 0.535076
14654: 0.535107
14655: 0.535071
14656: 0.535103
14657: 0.535134
14658: 0.535166
14659: 0.535198
14660: 0.53523
14661: 0.535193
14662: 0.535157
14663: 0.535188
14664: 0.53522
14665: 0.535183
14666: 0.535147
14667: 0.53511
14668: 0.535142
14669: 0.535174
14670: 0.535206
14671: 0.535169
14672: 0.535201
14673: 0.535164
14674: 0.535128
14675: 0.535159
14676: 0.535123
14677: 0.535087
14678: 0.53505
14679: 0.535014
14680: 0.534977
14681: 0.534941
14682: 0.534972
14683: 0.535004
14684: 0.535036
14685: 0.534999
14686: 0.535031
14687: 0.535063
14688: 0.535026
14689: 0.535058
14690: 0.53509
14691: 0.535053
14692: 0.535017
14693: 0.53498
14694: 0.534944
14695: 0.534976
14696: 0.534939
14697: 0.534903
14698: 0.534934
14699: 0.534966
14700: 0.534998
14701: 0.535029
14702: 0.534993
14703: 0.535024
14704: 0.534988
14705: 0.534952
14706: 0.534983
14707: 0.535015
14708: 0.534979
14709: 0.53501
14710: 0.535042
14711: 0.535005
14712: 0.534969
14713: 0.534933
14714: 0.534964
14715: 0.534996
14716: 0.535028
14717: 0.534991
14718: 0.534955
14719: 0.534986
14720: 0.53495
14721: 0.534982
14722: 0.534945
14723: 0.534909
14724: 0.534873
14725: 0.534904
14726: 0.534936
14727: 0.534967
14728: 0.534931
14729: 0.534963
14730: 0.534994
14731: 0.535026
14732: 0.534989
14733: 0.534953
14734: 0.534985
14735: 0.534948
14736: 0.534912
14737: 0.534944
14738: 0.534975
14739: 0.535007
14740: 0.53497
14741: 0.534934
14742: 0.534966
14743: 0.534997
14744: 0.534961
14745: 0.534925
14746: 0.534956
14747: 0.534988
14748: 0.534952
14749: 0.534983
14750: 0.535015
14751: 0.534978
14752: 0.534942
14753: 0.534906
14754: 0.53487
14755: 0.534901
14756: 0.534865
14757: 0.534896
14758: 0.53486
14759: 0.534892
14760: 0.534923
14761: 0.534887
14762: 0.534918
14763: 0.53495
14764: 0.534981
14765: 0.534945
14766: 0.534977
14767: 0.535008
14768: 0.53504
14769: 0.535003
14770: 0.535035
14771: 0.535066
14772: 0.53503
14773: 0.534994
14774: 0.535025
14775: 0.535057
14776: 0.535088
14777: 0.53512
14778: 0.535084
14779: 0.535047
14780: 0.535011
14781: 0.534975
14782: 0.534939
14783: 0.53497
14784: 0.535002
14785: 0.535033
14786: 0.535065
14787: 0.535096
14788: 0.535127
14789: 0.535091
14790: 0.535123
14791: 0.535087
14792: 0.535118
14793: 0.535082
14794: 0.535046
14795: 0.535077
14796: 0.535041
14797: 0.535072
14798: 0.535104
14799: 0.535135
14800: 0.535099
14801: 0.535063
14802: 0.535027
14803: 0.534991
14804: 0.535022
14805: 0.535053
14806: 0.535085
14807: 0.535116
14808: 0.535148
14809: 0.535179
14810: 0.53521
14811: 0.535242
14812: 0.535273
14813: 0.535304
14814: 0.535268
14815: 0.5353
14816: 0.535331
14817: 0.535295
14818: 0.535326
14819: 0.535358
14820: 0.535389
14821: 0.535353
14822: 0.535384
14823: 0.535348
14824: 0.535379
14825: 0.535411
14826: 0.535375
14827: 0.535339
14828: 0.535302
14829: 0.535334
14830: 0.535298
14831: 0.535262
14832: 0.535226
14833: 0.535257
14834: 0.535288
14835: 0.535319
14836: 0.535351
14837: 0.535315
14838: 0.535346
14839: 0.535377
14840: 0.535409
14841: 0.53544
14842: 0.535471
14843: 0.535435
14844: 0.535399
14845: 0.535363
14846: 0.535327
14847: 0.535291
14848: 0.535255
14849: 0.535219
14850: 0.535183
14851: 0.535214
14852: 0.535245
14853: 0.535209
14854: 0.535241
14855: 0.535272
14856: 0.535236
14857: 0.5352
14858: 0.535231
14859: 0.535262
14860: 0.535294
14861: 0.535325
14862: 0.535289
14863: 0.535253
14864: 0.535217
14865: 0.535248
14866: 0.535279
14867: 0.535311
14868: 0.535342
14869: 0.535306
14870: 0.53527
14871: 0.535301
14872: 0.535265
14873: 0.535229
14874: 0.535193
14875: 0.535157
14876: 0.535189
14877: 0.53522
14878: 0.535251
14879: 0.535215
14880: 0.535246
14881: 0.53521
14882: 0.535174
14883: 0.535206
14884: 0.53517
14885: 0.535134
14886: 0.535098
14887: 0.535129
14888: 0.535093
14889: 0.535057
14890: 0.535021
14891: 0.534985
14892: 0.535016
14893: 0.534981
14894: 0.535012
14895: 0.535043
14896: 0.535074
14897: 0.535038
14898: 0.535069
14899: 0.535034
14900: 0.534998
14901: 0.534962
14902: 0.534993
14903: 0.535024
14904: 0.535055
14905: 0.535087
14906: 0.535051
14907: 0.535015
14908: 0.535046
14909: 0.53501
14910: 0.534974
14911: 0.535005
14912: 0.535037
14913: 0.535068
14914: 0.535032
14915: 0.534996
14916: 0.53496
14917: 0.534924
14918: 0.534888
14919: 0.53492
14920: 0.534884
14921: 0.534915
14922: 0.534946
14923: 0.534977
14924: 0.534941
14925: 0.534973
14926: 0.535004
14927: 0.535035
14928: 0.535066
14929: 0.535097
14930: 0.535061
14931: 0.535092
14932: 0.535057
14933: 0.535021
14934: 0.534985
14935: 0.534949
14936: 0.534913
14937: 0.534944
14938: 0.534976
14939: 0.535007
14940: 0.535038
14941: 0.535002
14942: 0.535033
14943: 0.535064
14944: 0.535028
14945: 0.53506
14946: 0.535091
14947: 0.535055
14948: 0.535086
14949: 0.53505
14950: 0.535014
14951: 0.535045
14952: 0.53501
14953: 0.534974
14954: 0.534938
14955: 0.534969
14956: 0.534933
14957: 0.534965
14958: 0.534996
14959: 0.535027
14960: 0.535058
14961: 0.535022
14962: 0.535053
14963: 0.535084
14964: 0.535115
14965: 0.535146
14966: 0.535111
14967: 0.535142
14968: 0.535173
14969: 0.535204
14970: 0.535168
14971: 0.535132
14972: 0.535163
14973: 0.535194
14974: 0.535225
14975: 0.535256
14976: 0.535287
14977: 0.535252
14978: 0.535283
14979: 0.535314
14980: 0.535278
14981: 0.535242
14982: 0.535207
14983: 0.535238
14984: 0.535202
14985: 0.535233
14986: 0.535197
14987: 0.535228
14988: 0.535192
14989: 0.535223
14990: 0.535254
14991: 0.535285
14992: 0.53525
14993: 0.535214
14994: 0.535245
14995: 0.535209
14996: 0.535174
14997: 0.535205
14998: 0.535236
14999: 0.5352
15000: 0.535231
15001: 0.535262
15002: 0.535293
15003: 0.535324
15004: 0.535355
15005: 0.535319
15006: 0.535284
15007: 0.535248
15008: 0.535279
15009: 0.53531
15010: 0.535274
15011: 0.535238
15012: 0.535269
15013: 0.535234
15014: 0.535198
15015: 0.535162
15016: 0.535127
15017: 0.535158
15018: 0.535189
15019: 0.53522
15020: 0.535251
15021: 0.535282
15022: 0.535246
15023: 0.53521
15024: 0.535175
15025: 0.535206
15026: 0.53517
15027: 0.535201
15028: 0.535232
15029: 0.535196
15030: 0.535161
15031: 0.535125
15032: 0.535156
15033: 0.53512
15034: 0.535151
15035: 0.535182
15036: 0.535213
15037: 0.535244
15038: 0.535208
15039: 0.535239
15040: 0.53527
15041: 0.535301
15042: 0.535332
15043: 0.535363
15044: 0.535394
15045: 0.535425
15046: 0.535456
15047: 0.535486
15048: 0.535451
15049: 0.535415
15050: 0.535446
15051: 0.535477
15052: 0.535441
15053: 0.535406
15054: 0.53537
15055: 0.535335
15056: 0.535366
15057: 0.53533
15058: 0.535361
15059: 0.535392
15060: 0.535423
15061: 0.535453
15062: 0.535484
15063: 0.535449
15064: 0.53548
15065: 0.535444
15066: 0.535475
15067: 0.535506
15068: 0.53547
15069: 0.535435
15070: 0.535399
15071: 0.535364
15072: 0.535394
15073: 0.535359
15074: 0.535323
15075: 0.535354
15076: 0.535385
15077: 0.535416
15078: 0.535447
15079: 0.535411
15080: 0.535442
15081: 0.535473
15082: 0.535437
15083: 0.535468
15084: 0.535499
15085: 0.53553
15086: 0.53556
15087: 0.535525
15088: 0.535556
15089: 0.535586
15090: 0.535551
15091: 0.535582
15092: 0.535613
15093: 0.535643
15094: 0.535608
15095: 0.535572
15096: 0.535603
15097: 0.535634
15098: 0.535598
15099: 0.535629
15100: 0.53566
15101: 0.535624
15102: 0.535589
15103: 0.535553
15104: 0.535584
15105: 0.535615
15106: 0.535646
15107: 0.53561
15108: 0.535575
15109: 0.535606
15110: 0.535636
15111: 0.535667
15112: 0.535698
15113: 0.535728
15114: 0.535693
15115: 0.535724
15116: 0.535754
15117: 0.535785
15118: 0.53575
15119: 0.535714
15120: 0.535679
15121: 0.535643
15122: 0.535608
15123: 0.535573
15124: 0.535603
15125: 0.535634
15126: 0.535665
15127: 0.535695
15128: 0.53566
15129: 0.535625
15130: 0.535589
15131: 0.535554
15132: 0.535584
15133: 0.535549
15134: 0.53558
15135: 0.53561
15136: 0.535641
15137: 0.535606
15138: 0.53557
15139: 0.535535
15140: 0.535566
15141: 0.535596
15142: 0.535561
15143: 0.535526
15144: 0.53549
15145: 0.535455
15146: 0.53542
15147: 0.535384
15148: 0.535349
15149: 0.535314
15150: 0.535278
15151: 0.535243
15152: 0.535274
15153: 0.535238
15154: 0.535269
15155: 0.5353
15156: 0.53533
15157: 0.535361
15158: 0.535326
15159: 0.53529
15160: 0.535255
15161: 0.535286
15162: 0.53525
15163: 0.535281
15164: 0.535246
15165: 0.535276
15166: 0.535307
15167: 0.535338
15168: 0.535368
15169: 0.535333
15170: 0.535298
15171: 0.535262
15172: 0.535227
15173: 0.535258
15174: 0.535288
15175: 0.535319
15176: 0.53535
15177: 0.53538
15178: 0.535345
15179: 0.535375
15180: 0.535406
15181: 0.535371
15182: 0.535401
15183: 0.535432
15184: 0.535463
15185: 0.535493
15186: 0.535524
15187: 0.535489
15188: 0.535519
15189: 0.535484
15190: 0.535449
15191: 0.535479
15192: 0.535444
15193: 0.535475
15194: 0.535439
15195: 0.535404
15196: 0.535435
15197: 0.535465
15198: 0.53543
15199: 0.535461
15200: 0.535425
15201: 0.535456
15202: 0.535421
15203: 0.535385
15204: 0.53535
15205: 0.535381
15206: 0.535411
15207: 0.535376
15208: 0.535341
15209: 0.535371
15210: 0.535402
15211: 0.535433
15212: 0.535463
15213: 0.535428
15214: 0.535458
15215: 0.535423
15216: 0.535388
15217: 0.535353
15218: 0.535318
15219: 0.535283
15220: 0.535313
15221: 0.535344
15222: 0.535308
15223: 0.535339
15224: 0.535369
15225: 0.5354
15226: 0.535365
15227: 0.53533
15228: 0.535295
15229: 0.535325
15230: 0.535356
15231: 0.53532
15232: 0.535285
15233: 0.535316
15234: 0.535346
15235: 0.535311
15236: 0.535276
15237: 0.535306
15238: 0.535337
15239: 0.535367
15240: 0.535398
15241: 0.535363
15242: 0.535393
15243: 0.535358
15244: 0.535389
15245: 0.535354
15246: 0.535318
15247: 0.535283
15248: 0.535314
15249: 0.535344
15250: 0.535375
15251: 0.535405
15252: 0.535436
15253: 0.535466
15254: 0.535497
15255: 0.535527
15256: 0.535492
15257: 0.535522
15258: 0.535553
15259: 0.535583
15260: 0.535614
15261: 0.535644
15262: 0.535609
15263: 0.535639
15264: 0.53567
15265: 0.5357
15266: 0.535731
15267: 0.535696
15268: 0.53566
15269: 0.535625
15270: 0.535656
15271: 0.535686
15272: 0.535717
15273: 0.535747
15274: 0.535712
15275: 0.535677
15276: 0.535642
15277: 0.535607
15278: 0.535572
15279: 0.535537
15280: 0.535502
15281: 0.535532
15282: 0.535497
15283: 0.535527
15284: 0.535558
15285: 0.535523
15286: 0.535488
15287: 0.535518
15288: 0.535483
15289: 0.535513
15290: 0.535544
15291: 0.535574
15292: 0.535605
15293: 0.53557
15294: 0.535534
15295: 0.535499
15296: 0.535464
15297: 0.535495
15298: 0.53546
15299: 0.535425
15300: 0.53539
15301: 0.53542
15302: 0.535385
15303: 0.53535
15304: 0.535381
15305: 0.535411
15306: 0.535376
15307: 0.535406
15308: 0.535437
15309: 0.535467
15310: 0.535497
15311: 0.535462
15312: 0.535493
15313: 0.535458
15314: 0.535423
15315: 0.535453
15316: 0.535483
15317: 0.535514
15318: 0.535544
15319: 0.535574
15320: 0.535539
15321: 0.53557
15322: 0.5356
15323: 0.53563
15324: 0.535595
15325: 0.53556
15326: 0.535526
15327: 0.535556
15328: 0.535586
15329: 0.535616
15330: 0.535582
15331: 0.535547
15332: 0.535512
15333: 0.535477
15334: 0.535442
15335: 0.535407
15336: 0.535437
15337: 0.535467
15338: 0.535433
15339: 0.535398
15340: 0.535363
15341: 0.535393
15342: 0.535358
15343: 0.535323
15344: 0.535354
15345: 0.535384
15346: 0.535349
15347: 0.535379
15348: 0.535409
15349: 0.535375
15350: 0.535405
15351: 0.53537
15352: 0.5354
15353: 0.535431
15354: 0.535396
15355: 0.535361
15356: 0.535391
15357: 0.535421
15358: 0.535386
15359: 0.535417
15360: 0.535447
15361: 0.535412
15362: 0.535442
15363: 0.535473
15364: 0.535438
15365: 0.535468
15366: 0.535433
15367: 0.535398
15368: 0.535428
15369: 0.535394
15370: 0.535359
15371: 0.535324
15372: 0.535354
15373: 0.535384
15374: 0.53535
15375: 0.53538
15376: 0.535345
15377: 0.535375
15378: 0.535405
15379: 0.535436
15380: 0.535401
15381: 0.535366
15382: 0.535331
15383: 0.535361
15384: 0.535392
15385: 0.535422
15386: 0.535452
15387: 0.535482
15388: 0.535447
15389: 0.535413
15390: 0.535378
15391: 0.535408
15392: 0.535438
15393: 0.535468
15394: 0.535434
15395: 0.535399
15396: 0.535364
15397: 0.535329
15398: 0.535294
15399: 0.535325
15400: 0.535355
15401: 0.53532
15402: 0.53535
15403: 0.53538
15404: 0.535411
15405: 0.535441
15406: 0.535406
15407: 0.535436
15408: 0.535466
15409: 0.535496
15410: 0.535527
15411: 0.535557
15412: 0.535522
15413: 0.535552
15414: 0.535517
15415: 0.535483
15416: 0.535448
15417: 0.535413
15418: 0.535443
15419: 0.535409
15420: 0.535439
15421: 0.535404
15422: 0.535369
15423: 0.535335
15424: 0.535365
15425: 0.53533
15426: 0.535295
15427: 0.535261
15428: 0.535226
15429: 0.535191
15430: 0.535221
15431: 0.535251
15432: 0.535282
15433: 0.535312
15434: 0.535277
15435: 0.535242
15436: 0.535208
15437: 0.535173
15438: 0.535203
15439: 0.535168
15440: 0.535198
15441: 0.535164
15442: 0.535194
15443: 0.535159
15444: 0.535189
15445: 0.535219
15446: 0.53525
15447: 0.53528
15448: 0.53531
15449: 0.53534
15450: 0.535305
15451: 0.535271
15452: 0.535236
15453: 0.535201
15454: 0.535231
15455: 0.535261
15456: 0.535291
15457: 0.535257
15458: 0.535222
15459: 0.535188
15460: 0.535218
15461: 0.535183
15462: 0.535213
15463: 0.535178
15464: 0.535144
15465: 0.535174
15466: 0.535139
15467: 0.535105
15468: 0.535135
15469: 0.5351
15470: 0.535066
15471: 0.535096
15472: 0.535126
15473: 0.535156
15474: 0.535186
15475: 0.535151
15476: 0.535181
15477: 0.535211
15478: 0.535177
15479: 0.535207
15480: 0.535172
15481: 0.535138
15482: 0.535103
15483: 0.535133
15484: 0.535163
15485: 0.535129
15486: 0.535159
15487: 0.535189
15488: 0.535219
15489: 0.535184
15490: 0.535214
15491: 0.535244
15492: 0.535209
15493: 0.535175
15494: 0.53514
15495: 0.535106
15496: 0.535136
15497: 0.535101
15498: 0.535131
15499: 0.535097
15500: 0.535062
15501: 0.535028
15502: 0.534993
15503: 0.535023
15504: 0.534989
15505: 0.535019
15506: 0.535049
15507: 0.535079
15508: 0.535109
15509: 0.535139
15510: 0.535169
15511: 0.535199
15512: 0.535164
15513: 0.535194
15514: 0.53516
15515: 0.535125
15516: 0.535155
15517: 0.535185
15518: 0.53515
15519: 0.53518
15520: 0.53521
15521: 0.535176
15522: 0.535206
15523: 0.535171
15524: 0.535137
15525: 0.535102
15526: 0.535132
15527: 0.535098
15528: 0.535063
15529: 0.535029
15530: 0.534995
15531: 0.53496
15532: 0.53499
15533: 0.534956
15534: 0.534986
15535: 0.534951
15536: 0.534917
15537: 0.534947
15538: 0.534977
15539: 0.535006
15540: 0.535036
15541: 0.535002
15542: 0.534968
15543: 0.534933
15544: 0.534963
15545: 0.534929
15546: 0.534959
15547: 0.534924
15548: 0.53489
15549: 0.53492
15550: 0.534885
15551: 0.534915
15552: 0.534945
15553: 0.534975
15554: 0.534941
15555: 0.53497
15556: 0.534936
15557: 0.534966
15558: 0.534932
15559: 0.534897
15560: 0.534863
15561: 0.534893
15562: 0.534923
15563: 0.534952
15564: 0.534982
15565: 0.535012
15566: 0.534978
15567: 0.534943
15568: 0.534973
15569: 0.535003
15570: 0.535033
15571: 0.535063
15572: 0.535093
15573: 0.535058
15574: 0.535088
15575: 0.535054
15576: 0.535084
15577: 0.535114
15578: 0.535143
15579: 0.535173
15580: 0.535139
15581: 0.535169
15582: 0.535199
15583: 0.535164
15584: 0.53513
15585: 0.535096
15586: 0.535061
15587: 0.535091
15588: 0.535121
15589: 0.535087
15590: 0.535052
15591: 0.535082
15592: 0.535048
15593: 0.535013
15594: 0.534979
15595: 0.535009
15596: 0.535039
15597: 0.535004
15598: 0.53497
15599: 0.534936
15600: 0.534902
15601: 0.534867
15602: 0.534897
15603: 0.534927
15604: 0.534893
15605: 0.534858
15606: 0.534824
15607: 0.53479
15608: 0.534756
15609: 0.534721
15610: 0.534751
15611: 0.534781
15612: 0.534811
15613: 0.534841
15614: 0.53487
15615: 0.5349
15616: 0.534866
15617: 0.534832
15618: 0.534797
15619: 0.534763
15620: 0.534729
15621: 0.534695
15622: 0.534724
15623: 0.534754
15624: 0.534784
15625: 0.53475
15626: 0.534716
15627: 0.534745
15628: 0.534775
15629: 0.534805
15630: 0.534771
15631: 0.5348
15632: 0.534766
15633: 0.534732
15634: 0.534698
15635: 0.534664
15636: 0.534693
15637: 0.534659
15638: 0.534625
15639: 0.534655
15640: 0.534684
15641: 0.534714
15642: 0.534744
15643: 0.534774
15644: 0.534803
15645: 0.534769
15646: 0.534799
15647: 0.534765
15648: 0.534731
15649: 0.534696
15650: 0.534662
15651: 0.534628
15652: 0.534594
15653: 0.53456
15654: 0.53459
15655: 0.534555
15656: 0.534521
15657: 0.534551
15658: 0.534581
15659: 0.534547
15660: 0.534576
15661: 0.534542
15662: 0.534508
15663: 0.534474
15664: 0.534504
15665: 0.53447
15666: 0.534435
15667: 0.534465
15668: 0.534495
15669: 0.534525
15670: 0.534554
15671: 0.534584
15672: 0.53455
15673: 0.53458
15674: 0.534609
15675: 0.534639
15676: 0.534669
15677: 0.534635
15678: 0.534664
15679: 0.53463
15680: 0.53466
15681: 0.534689
15682: 0.534655
15683: 0.534621
15684: 0.534651
15685: 0.534617
15686: 0.534583
15687: 0.534549
15688: 0.534515
15689: 0.534481
15690: 0.53451
15691: 0.53454
15692: 0.53457
15693: 0.534599
15694: 0.534629
15695: 0.534659
15696: 0.534688
15697: 0.534654
15698: 0.534684
15699: 0.53465
15700: 0.534679
15701: 0.534645
15702: 0.534675
15703: 0.534705
15704: 0.53467
15705: 0.534636
15706: 0.534602
15707: 0.534632
15708: 0.534598
15709: 0.534628
15710: 0.534594
15711: 0.53456
15712: 0.534589
15713: 0.534619
15714: 0.534648
15715: 0.534678
15716: 0.534708
15717: 0.534674
15718: 0.534703
15719: 0.534669
15720: 0.534699
15721: 0.534728
15722: 0.534758
15723: 0.534788
15724: 0.534754
15725: 0.53472
15726: 0.534686
15727: 0.534652
15728: 0.534618
15729: 0.534647
15730: 0.534677
15731: 0.534706
15732: 0.534736
15733: 0.534702
15734: 0.534668
15735: 0.534698
15736: 0.534727
15737: 0.534693
15738: 0.534723
15739: 0.534752
15740: 0.534782
15741: 0.534811
15742: 0.534777
15743: 0.534807
15744: 0.534773
15745: 0.534739
15746: 0.534769
15747: 0.534798
15748: 0.534828
15749: 0.534794
15750: 0.534823
15751: 0.534853
15752: 0.534819
15753: 0.534848
15754: 0.534814
15755: 0.534844
15756: 0.534873
15757: 0.534903
15758: 0.534932
15759: 0.534962
15760: 0.534991
15761: 0.534957
15762: 0.534924
15763: 0.534953
15764: 0.534983
15765: 0.534949
15766: 0.534915
15767: 0.534944
15768: 0.53491
15769: 0.534876
15770: 0.534906
15771: 0.534872
15772: 0.534838
15773: 0.534804
15774: 0.53477
15775: 0.534736
15776: 0.534766
15777: 0.534732
15778: 0.534761
15779: 0.534728
15780: 0.534694
15781: 0.53466
15782: 0.534689
15783: 0.534719
15784: 0.534685
15785: 0.534714
15786: 0.534744
15787: 0.534773
15788: 0.534803
15789: 0.534832
15790: 0.534798
15791: 0.534828
15792: 0.534794
15793: 0.534823
15794: 0.534853
15795: 0.534882
15796: 0.534912
15797: 0.534878
15798: 0.534844
15799: 0.534873
15800: 0.534903
15801: 0.534932
15802: 0.534898
15803: 0.534928
15804: 0.534957
15805: 0.534923
15806: 0.53489
15807: 0.534856
15808: 0.534885
15809: 0.534851
15810: 0.534818
15811: 0.534847
15812: 0.534876
15813: 0.534843
15814: 0.534872
15815: 0.534901
15816: 0.534931
15817: 0.534897
15818: 0.534926
15819: 0.534956
15820: 0.534922
15821: 0.534888
15822: 0.534854
15823: 0.534884
15824: 0.53485
15825: 0.534816
15826: 0.534782
15827: 0.534749
15828: 0.534778
15829: 0.534807
15830: 0.534774
15831: 0.534803
15832: 0.534832
15833: 0.534799
15834: 0.534765
15835: 0.534794
15836: 0.53476
15837: 0.53479
15838: 0.534819
15839: 0.534848
15840: 0.534815
15841: 0.534781
15842: 0.534747
15843: 0.534713
15844: 0.534743
15845: 0.534772
15846: 0.534738
15847: 0.534705
15848: 0.534734
15849: 0.5347
15850: 0.53473
15851: 0.534696
15852: 0.534662
15853: 0.534692
15854: 0.534721
15855: 0.53475
15856: 0.53478
15857: 0.534746
15858: 0.534775
15859: 0.534805
15860: 0.534834
15861: 0.534863
15862: 0.534829
15863: 0.534859
15864: 0.534888
15865: 0.534917
15866: 0.534947
15867: 0.534976
15868: 0.534942
15869: 0.534972
15870: 0.535001
15871: 0.53503
15872: 0.53506
15873: 0.535089
15874: 0.535118
15875: 0.535084
15876: 0.535114
15877: 0.535143
15878: 0.535172
15879: 0.535139
15880: 0.535168
15881: 0.535134
15882: 0.535163
15883: 0.535193
15884: 0.535159
15885: 0.535125
15886: 0.535155
15887: 0.535121
15888: 0.535087
15889: 0.535116
15890: 0.535146
15891: 0.535112
15892: 0.535078
15893: 0.535108
15894: 0.535137
15895: 0.535166
15896: 0.535195
15897: 0.535225
15898: 0.535254
15899: 0.535283
15900: 0.535312
15901: 0.535279
15902: 0.535245
15903: 0.535274
15904: 0.535303
15905: 0.53527
15906: 0.535299
15907: 0.535265
15908: 0.535294
15909: 0.535261
15910: 0.535227
15911: 0.535256
15912: 0.535286
15913: 0.535315
15914: 0.535344
15915: 0.535373
15916: 0.535402
15917: 0.535369
15918: 0.535335
15919: 0.535302
15920: 0.535268
15921: 0.535234
15922: 0.535263
15923: 0.535293
15924: 0.535322
15925: 0.535351
15926: 0.53538
15927: 0.535409
15928: 0.535376
15929: 0.535342
15930: 0.535309
15931: 0.535338
15932: 0.535304
15933: 0.53527
15934: 0.5353
15935: 0.535329
15936: 0.535295
15937: 0.535324
15938: 0.535354
15939: 0.535383
15940: 0.535412
15941: 0.535441
15942: 0.53547
15943: 0.535499
15944: 0.535466
15945: 0.535495
15946: 0.535524
15947: 0.535553
15948: 0.535582
15949: 0.535549
15950: 0.535578
15951: 0.535544
15952: 0.535573
15953: 0.535602
15954: 0.535631
15955: 0.535661
15956: 0.535627
15957: 0.535656
15958: 0.535685
15959: 0.535652
15960: 0.535681
15961: 0.53571
15962: 0.535739
15963: 0.535768
15964: 0.535734
15965: 0.535701
15966: 0.53573
15967: 0.535759
15968: 0.535788
15969: 0.535755
15970: 0.535721
15971: 0.53575
15972: 0.535717
15973: 0.535683
15974: 0.535649
15975: 0.535616
15976: 0.535645
15977: 0.535674
15978: 0.535703
15979: 0.53567
15980: 0.535699
15981: 0.535665
15982: 0.535632
15983: 0.535661
15984: 0.53569
15985: 0.535719
15986: 0.535685
15987: 0.535714
15988: 0.535681
15989: 0.53571
15990: 0.535676
15991: 0.535643
15992: 0.535672
15993: 0.535638
15994: 0.535667
15995: 0.535696
15996: 0.535725
15997: 0.535754
15998: 0.535783
15999: 0.535813
16000: 0.535779
16001: 0.535808
16002: 0.535837
16003: 0.535804
16004: 0.535833
16005: 0.535862
16006: 0.535891
16007: 0.53592
16008: 0.535949
16009: 0.535915
16010: 0.535944
16011: 0.535973
16012: 0.536002
16013: 0.535969
16014: 0.535935
16015: 0.535902
16016: 0.535931
16017: 0.535897
16018: 0.535926
16019: 0.535955
16020: 0.535984
16021: 0.536013
16022: 0.53598
16023: 0.535946
16024: 0.535975
16025: 0.536004
16026: 0.536033
16027: 0.536
16028: 0.536028
16029: 0.535995
16030: 0.536024
16031: 0.536053
16032: 0.536019
16033: 0.536048
16034: 0.536077
16035: 0.536044
16036: 0.53601
16037: 0.536039
16038: 0.536068
16039: 0.536035
16040: 0.536064
16041: 0.536093
16042: 0.536122
16043: 0.536088
16044: 0.536117
16045: 0.536084
16046: 0.536113
16047: 0.536079
16048: 0.536108
16049: 0.536137
16050: 0.536104
16051: 0.536133
16052: 0.536161
16053: 0.53619
16054: 0.536219
16055: 0.536248
16056: 0.536215
16057: 0.536244
16058: 0.536272
16059: 0.536239
16060: 0.536268
16061: 0.536297
16062: 0.536326
16063: 0.536292
16064: 0.536321
16065: 0.536288
16066: 0.536317
16067: 0.536346
16068: 0.536312
16069: 0.536279
16070: 0.536308
16071: 0.536274
16072: 0.536241
16073: 0.53627
16074: 0.536236
16075: 0.536265
16076: 0.536294
16077: 0.536261
16078: 0.53629
16079: 0.536318
16080: 0.536347
16081: 0.536376
16082: 0.536405
16083: 0.536434
16084: 0.536463
16085: 0.536429
16086: 0.536458
16087: 0.536487
16088: 0.536453
16089: 0.536482
16090: 0.536511
16091: 0.536478
16092: 0.536444
16093: 0.536473
16094: 0.536502
16095: 0.536531
16096: 0.536497
16097: 0.536464
16098: 0.536431
16099: 0.53646
16100: 0.536488
16101: 0.536517
16102: 0.536484
16103: 0.536451
16104: 0.536417
16105: 0.536384
16106: 0.536351
16107: 0.536379
16108: 0.536346
16109: 0.536375
16110: 0.536404
16111: 0.536432
16112: 0.536461
16113: 0.536428
16114: 0.536395
16115: 0.536423
16116: 0.53639
16117: 0.536419
16118: 0.536448
16119: 0.536476
16120: 0.536505
16121: 0.536534
16122: 0.536501
16123: 0.536529
16124: 0.536558
16125: 0.536525
16126: 0.536554
16127: 0.53652
16128: 0.536549
16129: 0.536516
16130: 0.536545
16131: 0.536573
16132: 0.536602
16133: 0.536631
16134: 0.536597
16135: 0.536626
16136: 0.536593
16137: 0.536622
16138: 0.536588
16139: 0.536617
16140: 0.536646
16141: 0.536613
16142: 0.536641
16143: 0.536608
16144: 0.536575
16145: 0.536542
16146: 0.53657
16147: 0.536537
16148: 0.536504
16149: 0.536533
16150: 0.536561
16151: 0.53659
16152: 0.536619
16153: 0.536585
16154: 0.536614
16155: 0.536581
16156: 0.53661
16157: 0.536576
16158: 0.536605
16159: 0.536634
16160: 0.5366
16161: 0.536629
16162: 0.536658
16163: 0.536686
16164: 0.536715
16165: 0.536744
16166: 0.536772
16167: 0.536801
16168: 0.53683
16169: 0.536858
16170: 0.536825
16171: 0.536792
16172: 0.536759
16173: 0.536726
16174: 0.536692
16175: 0.536721
16176: 0.536688
16177: 0.536717
16178: 0.536683
16179: 0.536712
16180: 0.536679
16181: 0.536707
16182: 0.536736
16183: 0.536765
16184: 0.536732
16185: 0.536698
16186: 0.536727
16187: 0.536756
16188: 0.536784
16189: 0.536813
16190: 0.536841
16191: 0.536808
16192: 0.536775
16193: 0.536742
16194: 0.536771
16195: 0.536799
16196: 0.536828
16197: 0.536795
16198: 0.536762
16199: 0.53679
16200: 0.536819
16201: 0.536847
16202: 0.536814
16203: 0.536781
16204: 0.536748
16205: 0.536777
16206: 0.536805
16207: 0.536772
16208: 0.536801
16209: 0.536767
16210: 0.536734
16211: 0.536701
16212: 0.536668
16213: 0.536697
16214: 0.536725
16215: 0.536754
16216: 0.536721
16217: 0.536688
16218: 0.536655
16219: 0.536683
16220: 0.536712
16221: 0.536679
16222: 0.536707
16223: 0.536736
16224: 0.536764
16225: 0.536731
16226: 0.53676
16227: 0.536788
16228: 0.536755
16229: 0.536784
16230: 0.536751
16231: 0.536779
16232: 0.536808
16233: 0.536775
16234: 0.536803
16235: 0.53677
16236: 0.536799
16237: 0.536827
16238: 0.536794
16239: 0.536761
16240: 0.536728
16241: 0.536695
16242: 0.536724
16243: 0.536752
16244: 0.536781
16245: 0.536809
16246: 0.536838
16247: 0.536866
16248: 0.536895
16249: 0.536923
16250: 0.536952
16251: 0.536919
16252: 0.536947
16253: 0.536976
16254: 0.537004
16255: 0.537032
16256: 0.537061
16257: 0.537089
16258: 0.537118
16259: 0.537146
16260: 0.537175
16261: 0.537203
16262: 0.53717
16263: 0.537137
16264: 0.537166
16265: 0.537133
16266: 0.5371
16267: 0.537067
16268: 0.537095
16269: 0.537124
16270: 0.537152
16271: 0.537119
16272: 0.537086
16273: 0.537114
16274: 0.537081
16275: 0.53711
16276: 0.537138
16277: 0.537167
16278: 0.537195
16279: 0.537224
16280: 0.537252
16281: 0.53728
16282: 0.537247
16283: 0.537214
16284: 0.537181
16285: 0.537148
16286: 0.537177
16287: 0.537144
16288: 0.537111
16289: 0.537139
16290: 0.537106
16291: 0.537135
16292: 0.537102
16293: 0.537069
16294: 0.537036
16295: 0.537064
16296: 0.537093
16297: 0.537121
16298: 0.53715
16299: 0.537178
16300: 0.537206
16301: 0.537235
16302: 0.537202
16303: 0.537169
16304: 0.537136
16305: 0.537164
16306: 0.537193
16307: 0.537221
16308: 0.537249
16309: 0.537278
16310: 0.537306
16311: 0.537273
16312: 0.537302
16313: 0.53733
16314: 0.537358
16315: 0.537387
16316: 0.537415
16317: 0.537382
16318: 0.537349
16319: 0.537316
16320: 0.537283
16321: 0.53725
16322: 0.537279
16323: 0.537246
16324: 0.537213
16325: 0.537241
16326: 0.53727
16327: 0.537237
16328: 0.537204
16329: 0.537171
16330: 0.537199
16331: 0.537166
16332: 0.537133
16333: 0.537101
16334: 0.537068
16335: 0.537035
16336: 0.537002
16337: 0.53703
16338: 0.537059
16339: 0.537087
16340: 0.537115
16341: 0.537082
16342: 0.537111
16343: 0.537078
16344: 0.537106
16345: 0.537073
16346: 0.537102
16347: 0.53713
16348: 0.537097
16349: 0.537125
16350: 0.537154
16351: 0.537121
16352: 0.537149
16353: 0.537116
16354: 0.537083
16355: 0.537112
16356: 0.537079
16357: 0.537046
16358: 0.537013
16359: 0.537042
16360: 0.537009
16361: 0.536976
16362: 0.537004
16363: 0.536971
16364: 0.536939
16365: 0.536906
16366: 0.536934
16367: 0.536901
16368: 0.53693
16369: 0.536897
16370: 0.536925
16371: 0.536953
16372: 0.536982
16373: 0.536949
16374: 0.536977
16375: 0.536944
16376: 0.536912
16377: 0.53694
16378: 0.536968
16379: 0.536996
16380: 0.537025
16381: 0.536992
16382: 0.53702
16383: 0.536987
16384: 0.536955
16385: 0.536922
16386: 0.53695
16387: 0.536917
16388: 0.536884
16389: 0.536852
16390: 0.53688
16391: 0.536847
16392: 0.536875
16393: 0.536843
16394: 0.53681
16395: 0.536838
16396: 0.536866
16397: 0.536834
16398: 0.536862
16399: 0.536829
16400: 0.536858
16401: 0.536886
16402: 0.536914
16403: 0.536942
16404: 0.53697
16405: 0.536999
16406: 0.537027
16407: 0.537055
16408: 0.537022
16409: 0.53699
16410: 0.536957
16411: 0.536924
16412: 0.536952
16413: 0.536981
16414: 0.537009
16415: 0.536976
16416: 0.536943
16417: 0.536911
16418: 0.536939
16419: 0.536906
16420: 0.536874
16421: 0.536841
16422: 0.536808
16423: 0.536836
16424: 0.536865
16425: 0.536893
16426: 0.53686
16427: 0.536827
16428: 0.536795
16429: 0.536823
16430: 0.536851
16431: 0.536879
16432: 0.536907
16433: 0.536936
16434: 0.536903
16435: 0.536931
16436: 0.536959
16437: 0.536987
16438: 0.537016
16439: 0.536983
16440: 0.537011
16441: 0.537039
16442: 0.537067
16443: 0.537096
16444: 0.537124
16445: 0.537152
16446: 0.53718
16447: 0.537208
16448: 0.537236
16449: 0.537264
16450: 0.537293
16451: 0.53726
16452: 0.537288
16453: 0.537316
16454: 0.537344
16455: 0.537372
16456: 0.5374
16457: 0.537429
16458: 0.537396
16459: 0.537363
16460: 0.537331
16461: 0.537298
16462: 0.537326
16463: 0.537293
16464: 0.537261
16465: 0.537228
16466: 0.537196
16467: 0.537163
16468: 0.537191
16469: 0.537219
16470: 0.537247
16471: 0.537215
16472: 0.537182
16473: 0.53721
16474: 0.537178
16475: 0.537206
16476: 0.537173
16477: 0.53714
16478: 0.537108
16479: 0.537136
16480: 0.537164
16481: 0.537192
16482: 0.537159
16483: 0.537188
16484: 0.537155
16485: 0.537183
16486: 0.53715
16487: 0.537179
16488: 0.537207
16489: 0.537174
16490: 0.537141
16491: 0.537109
16492: 0.537076
16493: 0.537044
16494: 0.537072
16495: 0.5371
16496: 0.537128
16497: 0.537156
16498: 0.537184
16499: 0.537152
16500: 0.537119
16501: 0.537086
16502: 0.537114
16503: 0.537082
16504: 0.537049
16505: 0.537077
16506: 0.537045
16507: 0.537073
16508: 0.53704
16509: 0.537068
16510: 0.537096
16511: 0.537064
16512: 0.537031
16513: 0.537059
16514: 0.537027
16515: 0.537055
16516: 0.537083
16517: 0.537111
16518: 0.537079
16519: 0.537107
16520: 0.537135
16521: 0.537102
16522: 0.53713
16523: 0.537098
16524: 0.537065
16525: 0.537093
16526: 0.537121
16527: 0.537089
16528: 0.537117
16529: 0.537145
16530: 0.537173
16531: 0.537201
16532: 0.537168
16533: 0.537136
16534: 0.537164
16535: 0.537131
16536: 0.537159
16537: 0.537187
16538: 0.537215
16539: 0.537243
16540: 0.537271
16541: 0.537239
16542: 0.537206
16543: 0.537174
16544: 0.537202
16545: 0.53723
16546: 0.537197
16547: 0.537165
16548: 0.537193
16549: 0.537221
16550: 0.537249
16551: 0.537276
16552: 0.537304
16553: 0.537332
16554: 0.5373
16555: 0.537267
16556: 0.537295
16557: 0.537323
16558: 0.537351
16559: 0.537319
16560: 0.537286
16561: 0.537254
16562: 0.537222
16563: 0.537249
16564: 0.537217
16565: 0.537245
16566: 0.537273
16567: 0.53724
16568: 0.537268
16569: 0.537296
16570: 0.537264
16571: 0.537292
16572: 0.537259
16573: 0.537287
16574: 0.537255
16575: 0.537283
16576: 0.537311
16577: 0.537278
16578: 0.537246
16579: 0.537214
16580: 0.537241
16581: 0.537269
16582: 0.537297
16583: 0.537325
16584: 0.537353
16585: 0.537321
16586: 0.537349
16587: 0.537376
16588: 0.537404
16589: 0.537372
16590: 0.5374
16591: 0.537367
16592: 0.537335
16593: 0.537303
16594: 0.537331
16595: 0.537298
16596: 0.537326
16597: 0.537354
16598: 0.537322
16599: 0.537289
16600: 0.537257
16601: 0.537285
16602: 0.537252
16603: 0.53728
16604: 0.537248
16605: 0.537215
16606: 0.537243
16607: 0.537271
16608: 0.537239
16609: 0.537207
16610: 0.537234
16611: 0.537262
16612: 0.53729
16613: 0.537258
16614: 0.537286
16615: 0.537313
16616: 0.537281
16617: 0.537309
16618: 0.537337
16619: 0.537304
16620: 0.537272
16621: 0.53724
16622: 0.537268
16623: 0.537295
16624: 0.537263
16625: 0.537231
16626: 0.537259
16627: 0.537226
16628: 0.537254
16629: 0.537282
16630: 0.53731
16631: 0.537338
16632: 0.537365
16633: 0.537393
16634: 0.537421
16635: 0.537389
16636: 0.537356
16637: 0.537324
16638: 0.537292
16639: 0.53732
16640: 0.537348
16641: 0.537375
16642: 0.537403
16643: 0.537371
16644: 0.537339
16645: 0.537366
16646: 0.537334
16647: 0.537302
16648: 0.53727
16649: 0.537297
16650: 0.537325
16651: 0.537353
16652: 0.537321
16653: 0.537348
16654: 0.537316
16655: 0.537284
16656: 0.537312
16657: 0.537339
16658: 0.537367
16659: 0.537395
16660: 0.537363
16661: 0.53733
16662: 0.537298
16663: 0.537266
16664: 0.537294
16665: 0.537261
16666: 0.537289
16667: 0.537317
16668: 0.537285
16669: 0.537253
16670: 0.53728
16671: 0.537248
16672: 0.537276
16673: 0.537304
16674: 0.537331
16675: 0.537359
16676: 0.537387
16677: 0.537355
16678: 0.537382
16679: 0.53741
16680: 0.537438
16681: 0.537406
16682: 0.537433
16683: 0.537461
16684: 0.537429
16685: 0.537397
16686: 0.537424
16687: 0.537452
16688: 0.53748
16689: 0.537507
16690: 0.537475
16691: 0.537443
16692: 0.537471
16693: 0.537499
16694: 0.537466
16695: 0.537494
16696: 0.537462
16697: 0.53743
16698: 0.537457
16699: 0.537485
16700: 0.537513
16701: 0.537481
16702: 0.537508
16703: 0.537536
16704: 0.537564
16705: 0.537591
16706: 0.537559
16707: 0.537527
16708: 0.537495
16709: 0.537463
16710: 0.53749
16711: 0.537458
16712: 0.537486
16713: 0.537513
16714: 0.537481
16715: 0.537449
16716: 0.537417
16717: 0.537385
16718: 0.537353
16719: 0.53738
16720: 0.537348
16721: 0.537376
16722: 0.537344
16723: 0.537312
16724: 0.53728
16725: 0.537247
16726: 0.537275
16727: 0.537303
16728: 0.53733
16729: 0.537358
16730: 0.537326
16731: 0.537294
16732: 0.537321
16733: 0.537349
16734: 0.537377
16735: 0.537345
16736: 0.537313
16737: 0.53728
16738: 0.537308
16739: 0.537336
16740: 0.537304
16741: 0.537272
16742: 0.537239
16743: 0.537207
16744: 0.537235
16745: 0.537263
16746: 0.537231
16747: 0.537258
16748: 0.537226
16749: 0.537194
16750: 0.537222
16751: 0.537249
16752: 0.537277
16753: 0.537245
16754: 0.537272
16755: 0.5373
16756: 0.537268
16757: 0.537296
16758: 0.537323
16759: 0.537291
16760: 0.537259
16761: 0.537287
16762: 0.537314
16763: 0.537342
16764: 0.53737
16765: 0.537337
16766: 0.537305
16767: 0.537273
16768: 0.537241
16769: 0.537269
16770: 0.537237
16771: 0.537205
16772: 0.537173
16773: 0.5372
16774: 0.537228
16775: 0.537256
16776: 0.537224
16777: 0.537251
16778: 0.537219
16779: 0.537187
16780: 0.537155
16781: 0.537123
16782: 0.537151
16783: 0.537119
16784: 0.537146
16785: 0.537114
16786: 0.537142
16787: 0.53711
16788: 0.537078
16789: 0.537046
16790: 0.537014
16791: 0.536982
16792: 0.53695
16793: 0.536918
16794: 0.536946
16795: 0.536973
16796: 0.537001
16797: 0.536969
16798: 0.536937
16799: 0.536964
16800: 0.536992
16801: 0.537019
16802: 0.537047
16803: 0.537015
16804: 0.537043
16805: 0.537011
16806: 0.537038
16807: 0.537066
16808: 0.537093
16809: 0.537061
16810: 0.537029
16811: 0.537057
16812: 0.537084
16813: 0.537112
16814: 0.53708
16815: 0.537108
16816: 0.537135
16817: 0.537103
16818: 0.537071
16819: 0.537039
16820: 0.537007
16821: 0.537035
16822: 0.537003
16823: 0.53703
16824: 0.536999
16825: 0.537026
16826: 0.536994
16827: 0.536962
16828: 0.53699
16829: 0.536958
16830: 0.536926
16831: 0.536894
16832: 0.536862
16833: 0.53683
16834: 0.536858
16835: 0.536885
16836: 0.536913
16837: 0.53694
16838: 0.536968
16839: 0.536936
16840: 0.536904
16841: 0.536931
16842: 0.5369
16843: 0.536868
16844: 0.536895
16845: 0.536923
16846: 0.53695
16847: 0.536978
16848: 0.537005
16849: 0.536973
16850: 0.537001
16851: 0.536969
16852: 0.536996
16853: 0.536965
16854: 0.536992
16855: 0.53696
16856: 0.536928
16857: 0.536956
16858: 0.536924
16859: 0.536951
16860: 0.53692
16861: 0.536947
16862: 0.536915
16863: 0.536943
16864: 0.53697
16865: 0.536938
16866: 0.536966
16867: 0.536934
16868: 0.536902
16869: 0.536929
16870: 0.536898
16871: 0.536866
16872: 0.536834
16873: 0.536861
16874: 0.53683
16875: 0.536798
16876: 0.536766
16877: 0.536734
16878: 0.536702
16879: 0.536671
16880: 0.536698
16881: 0.536726
16882: 0.536753
16883: 0.53678
16884: 0.536749
16885: 0.536717
16886: 0.536744
16887: 0.536772
16888: 0.536799
16889: 0.536827
16890: 0.536854
16891: 0.536822
16892: 0.53679
16893: 0.536759
16894: 0.536786
16895: 0.536754
16896: 0.536722
16897: 0.536691
16898: 0.536718
16899: 0.536746
16900: 0.536773
16901: 0.536741
16902: 0.536709
16903: 0.536678
16904: 0.536646
16905: 0.536673
16906: 0.536642
16907: 0.536669
16908: 0.536637
16909: 0.536665
16910: 0.536692
16911: 0.536719
16912: 0.536747
16913: 0.536774
16914: 0.536743
16915: 0.536711
16916: 0.536738
16917: 0.536706
16918: 0.536675
16919: 0.536643
16920: 0.536611
16921: 0.53658
16922: 0.536607
16923: 0.536575
16924: 0.536603
16925: 0.536571
16926: 0.536539
16927: 0.536567
16928: 0.536594
16929: 0.536621
16930: 0.53659
16931: 0.536617
16932: 0.536644
16933: 0.536672
16934: 0.53664
16935: 0.536667
16936: 0.536695
16937: 0.536722
16938: 0.53675
16939: 0.536777
16940: 0.536804
16941: 0.536773
16942: 0.5368
16943: 0.536768
16944: 0.536737
16945: 0.536705
16946: 0.536732
16947: 0.5367
16948: 0.536728
16949: 0.536755
16950: 0.536723
16951: 0.536692
16952: 0.536719
16953: 0.536746
16954: 0.536715
16955: 0.536742
16956: 0.536711
16957: 0.536738
16958: 0.536765
16959: 0.536792
16960: 0.536761
16961: 0.536788
16962: 0.536815
16963: 0.536843
16964: 0.53687
16965: 0.536897
16966: 0.536925
16967: 0.536952
16968: 0.536979
16969: 0.537006
16970: 0.537034
16971: 0.537061
16972: 0.537029
16973: 0.536998
16974: 0.537025
16975: 0.537052
16976: 0.53708
16977: 0.537107
16978: 0.537075
16979: 0.537102
16980: 0.537071
16981: 0.537039
16982: 0.537008
16983: 0.536976
16984: 0.537003
16985: 0.536972
16986: 0.53694
16987: 0.536967
16988: 0.536936
16989: 0.536963
16990: 0.53699
16991: 0.536959
16992: 0.536986
16993: 0.537013
16994: 0.53704
16995: 0.537068
16996: 0.537036
16997: 0.537004
16998: 0.536973
16999: 0.537
17000: 0.536968
17001: 0.536996
17002: 0.537023
17003: 0.536991
17004: 0.537019
17005: 0.536987
17006: 0.537014
17007: 0.537041
17008: 0.53701
17009: 0.536978
17010: 0.536947
17011: 0.536915
17012: 0.536884
17013: 0.536911
17014: 0.536938
17015: 0.536906
17016: 0.536934
17017: 0.536961
17018: 0.536929
17019: 0.536898
17020: 0.536925
17021: 0.536952
17022: 0.536921
17023: 0.536948
17024: 0.536975
17025: 0.536943
17026: 0.536912
17027: 0.536939
17028: 0.536908
17029: 0.536935
17030: 0.536903
17031: 0.536872
17032: 0.53684
17033: 0.536809
17034: 0.536777
17035: 0.536746
17036: 0.536714
17037: 0.536683
17038: 0.53671
17039: 0.536737
17040: 0.536706
17041: 0.536674
17042: 0.536643
17043: 0.536611
17044: 0.53658
17045: 0.536548
17046: 0.536575
17047: 0.536544
17048: 0.536571
17049: 0.536598
17050: 0.536625
17051: 0.536653
17052: 0.53668
17053: 0.536707
17054: 0.536734
17055: 0.536761
17056: 0.53673
17057: 0.536757
17058: 0.536784
17059: 0.536753
17060: 0.536721
17061: 0.53669
17062: 0.536717
17063: 0.536744
17064: 0.536713
17065: 0.536681
17066: 0.536708
17067: 0.536735
17068: 0.536763
17069: 0.53679
17070: 0.536758
17071: 0.536727
17072: 0.536754
17073: 0.536781
17074: 0.53675
17075: 0.536718
17076: 0.536745
17077: 0.536772
17078: 0.536741
17079: 0.53671
17080: 0.536737
17081: 0.536764
17082: 0.536791
17083: 0.53676
17084: 0.536787
17085: 0.536755
17086: 0.536782
17087: 0.536751
17088: 0.536778
17089: 0.536805
17090: 0.536774
17091: 0.536742
17092: 0.536769
17093: 0.536738
17094: 0.536765
17095: 0.536792
17096: 0.536819
17097: 0.536846
17098: 0.536874
17099: 0.536901
17100: 0.536928
17101: 0.536896
17102: 0.536923
17103: 0.53695
17104: 0.536977
17105: 0.536946
17106: 0.536973
17107: 0.536942
17108: 0.536969
17109: 0.536937
17110: 0.536906
17111: 0.536875
17112: 0.536902
17113: 0.536929
17114: 0.536956
17115: 0.536925
17116: 0.536893
17117: 0.536862
17118: 0.53683
17119: 0.536799
17120: 0.536768
17121: 0.536795
17122: 0.536822
17123: 0.536849
17124: 0.536876
17125: 0.536845
17126: 0.536813
17127: 0.536782
17128: 0.536809
17129: 0.536778
17130: 0.536746
17131: 0.536773
17132: 0.5368
17133: 0.536827
17134: 0.536854
17135: 0.536881
17136: 0.536908
17137: 0.536877
17138: 0.536904
17139: 0.536873
17140: 0.5369
17141: 0.536927
17142: 0.536896
17143: 0.536864
17144: 0.536833
17145: 0.536802
17146: 0.536829
17147: 0.536856
17148: 0.536883
17149: 0.53691
17150: 0.536937
17151: 0.536905
17152: 0.536932
17153: 0.536959
17154: 0.536986
17155: 0.536955
17156: 0.536924
17157: 0.536892
17158: 0.536861
17159: 0.536888
17160: 0.536915
17161: 0.536942
17162: 0.536911
17163: 0.536938
17164: 0.536906
17165: 0.536933
17166: 0.53696
17167: 0.536987
17168: 0.537014
17169: 0.536983
17170: 0.53701
17171: 0.536979
17172: 0.537006
17173: 0.536974
17174: 0.536943
17175: 0.53697
17176: 0.536997
17177: 0.537024
17178: 0.537051
17179: 0.537078
17180: 0.537047
17181: 0.537074
17182: 0.537042
17183: 0.537011
17184: 0.537038
17185: 0.537065
17186: 0.537092
17187: 0.537061
17188: 0.537029
17189: 0.537056
17190: 0.537025
17191: 0.536994
17192: 0.536963
17193: 0.53699
17194: 0.537017
17195: 0.537043
17196: 0.537012
17197: 0.537039
17198: 0.537066
17199: 0.537093
17200: 0.53712
17201: 0.537089
17202: 0.537116
17203: 0.537084
17204: 0.537053
17205: 0.537022
17206: 0.536991
17207: 0.53696
17208: 0.536928
17209: 0.536897
17210: 0.536924
17211: 0.536893
17212: 0.53692
17213: 0.536889
17214: 0.536857
17215: 0.536884
17216: 0.536911
17217: 0.536938
17218: 0.536965
17219: 0.536992
17220: 0.537019
17221: 0.536988
17222: 0.537014
17223: 0.537041
17224: 0.537068
17225: 0.537037
17226: 0.537006
17227: 0.536975
17228: 0.537002
17229: 0.537028
17230: 0.536997
17231: 0.536966
17232: 0.536993
17233: 0.53702
17234: 0.537047
17235: 0.537016
17236: 0.536984
17237: 0.536953
17238: 0.536922
17239: 0.536949
17240: 0.536918
17241: 0.536887
17242: 0.536856
17243: 0.536882
17244: 0.536851
17245: 0.53682
17246: 0.536847
17247: 0.536874
17248: 0.536901
17249: 0.536928
17250: 0.536896
17251: 0.536923
17252: 0.536892
17253: 0.536919
17254: 0.536946
17255: 0.536973
17256: 0.536999
17257: 0.536968
17258: 0.536937
17259: 0.536964
17260: 0.536991
17261: 0.537018
17262: 0.537045
17263: 0.537013
17264: 0.536982
17265: 0.537009
17266: 0.537036
17267: 0.537063
17268: 0.537032
17269: 0.537001
17270: 0.536969
17271: 0.536996
17272: 0.536965
17273: 0.536992
17274: 0.537019
17275: 0.537046
17276: 0.537072
17277: 0.537041
17278: 0.537068
17279: 0.537037
17280: 0.537064
17281: 0.537033
17282: 0.537002
17283: 0.536971
17284: 0.53694
17285: 0.536908
17286: 0.536935
17287: 0.536904
17288: 0.536931
17289: 0.5369
17290: 0.536927
17291: 0.536896
17292: 0.536865
17293: 0.536891
17294: 0.536918
17295: 0.536887
17296: 0.536856
17297: 0.536883
17298: 0.53691
17299: 0.536879
17300: 0.536905
17301: 0.536932
17302: 0.536901
17303: 0.536928
17304: 0.536897
17305: 0.536866
17306: 0.536893
17307: 0.536862
17308: 0.536888
17309: 0.536857
17310: 0.536884
17311: 0.536911
17312: 0.536938
17313: 0.536907
17314: 0.536876
17315: 0.536845
17316: 0.536814
17317: 0.53684
17318: 0.536809
17319: 0.536778
17320: 0.536805
17321: 0.536774
17322: 0.536743
17323: 0.536712
17324: 0.536739
17325: 0.536708
17326: 0.536677
17327: 0.536704
17328: 0.53673
17329: 0.536757
17330: 0.536784
17331: 0.536753
17332: 0.53678
17333: 0.536749
17334: 0.536775
17335: 0.536744
17336: 0.536771
17337: 0.536798
17338: 0.536824
17339: 0.536851
17340: 0.53682
17341: 0.536847
17342: 0.536816
17343: 0.536785
17344: 0.536754
17345: 0.536723
17346: 0.53675
17347: 0.536719
17348: 0.536746
17349: 0.536772
17350: 0.536741
17351: 0.536768
17352: 0.536737
17353: 0.536764
17354: 0.536791
17355: 0.53676
17356: 0.536729
17357: 0.536755
17358: 0.536724
17359: 0.536751
17360: 0.536778
17361: 0.536805
17362: 0.536831
17363: 0.536858
17364: 0.536827
17365: 0.536854
17366: 0.53688
17367: 0.536907
17368: 0.536876
17369: 0.536845
17370: 0.536814
17371: 0.536841
17372: 0.53681
17373: 0.536837
17374: 0.536806
17375: 0.536775
17376: 0.536744
17377: 0.536713
17378: 0.536682
17379: 0.536709
17380: 0.536736
17381: 0.536705
17382: 0.536674
17383: 0.536643
17384: 0.536612
17385: 0.536581
17386: 0.536608
17387: 0.536634
17388: 0.536661
17389: 0.536688
17390: 0.536714
17391: 0.536741
17392: 0.53671
17393: 0.536679
17394: 0.536706
17395: 0.536675
17396: 0.536644
17397: 0.536613
17398: 0.53664
17399: 0.536667
17400: 0.536636
17401: 0.536605
17402: 0.536574
17403: 0.536543
17404: 0.53657
17405: 0.536539
17406: 0.536508
17407: 0.536477
17408: 0.536504
17409: 0.536531
17410: 0.5365
17411: 0.536527
17412: 0.536496
17413: 0.536522
17414: 0.536549
17415: 0.536576
17416: 0.536545
17417: 0.536571
17418: 0.536598
17419: 0.536625
17420: 0.536594
17421: 0.53662
17422: 0.53659
17423: 0.536616
17424: 0.536643
17425: 0.536612
17426: 0.536639
17427: 0.536608
17428: 0.536634
17429: 0.536604
17430: 0.53663
17431: 0.536657
17432: 0.536626
17433: 0.536653
17434: 0.536622
17435: 0.536591
17436: 0.536618
17437: 0.536644
17438: 0.536671
17439: 0.53664
17440: 0.536609
17441: 0.536636
17442: 0.536662
17443: 0.536632
17444: 0.536658
17445: 0.536627
17446: 0.536597
17447: 0.536623
17448: 0.536592
17449: 0.536619
17450: 0.536645
17451: 0.536615
17452: 0.536641
17453: 0.536611
17454: 0.536637
17455: 0.536606
17456: 0.536633
17457: 0.536602
17458: 0.536629
17459: 0.536598
17460: 0.536567
17461: 0.536594
17462: 0.536563
17463: 0.53659
17464: 0.536616
17465: 0.536643
17466: 0.536669
17467: 0.536638
17468: 0.536665
17469: 0.536691
17470: 0.536718
17471: 0.536687
17472: 0.536657
17473: 0.536683
17474: 0.53671
17475: 0.536679
17476: 0.536705
17477: 0.536732
17478: 0.536758
17479: 0.536728
17480: 0.536697
17481: 0.536666
17482: 0.536693
17483: 0.536719
17484: 0.536746
17485: 0.536772
17486: 0.536799
17487: 0.536825
17488: 0.536795
17489: 0.536764
17490: 0.53679
17491: 0.53676
17492: 0.536786
17493: 0.536755
17494: 0.536782
17495: 0.536808
17496: 0.536835
17497: 0.536861
17498: 0.536831
17499: 0.5368
17500: 0.536769
17501: 0.536796
17502: 0.536822
17503: 0.536849
17504: 0.536818
17505: 0.536787
17506: 0.536814
17507: 0.53684
17508: 0.536867
17509: 0.536836
17510: 0.536805
17511: 0.536775
17512: 0.536801
17513: 0.536828
17514: 0.536854
17515: 0.536823
17516: 0.53685
17517: 0.536819
17518: 0.536846
17519: 0.536872
17520: 0.536899
17521: 0.536925
17522: 0.536894
17523: 0.536864
17524: 0.53689
17525: 0.536917
17526: 0.536886
17527: 0.536855
17528: 0.536882
17529: 0.536851
17530: 0.536878
17531: 0.536904
17532: 0.53693
17533: 0.5369
17534: 0.536869
17535: 0.536839
17536: 0.536865
17537: 0.536834
17538: 0.536861
17539: 0.536887
17540: 0.536857
17541: 0.536826
17542: 0.536852
17543: 0.536822
17544: 0.536791
17545: 0.536818
17546: 0.536844
17547: 0.53687
17548: 0.536897
17549: 0.536923
17550: 0.536949
17551: 0.536919
17552: 0.536888
17553: 0.536858
17554: 0.536884
17555: 0.53691
17556: 0.53688
17557: 0.536849
17558: 0.536819
17559: 0.536845
17560: 0.536815
17561: 0.536841
17562: 0.536867
17563: 0.536894
17564: 0.53692
17565: 0.536946
17566: 0.536916
17567: 0.536885
17568: 0.536912
17569: 0.536881
17570: 0.536907
17571: 0.536934
17572: 0.536903
17573: 0.53693
17574: 0.536956
17575: 0.536982
17576: 0.536952
17577: 0.536978
17578: 0.536947
17579: 0.536974
17580: 0.536943
17581: 0.536913
17582: 0.536939
17583: 0.536909
17584: 0.536878
17585: 0.536904
17586: 0.536874
17587: 0.536843
17588: 0.53687
17589: 0.536839
17590: 0.536809
17591: 0.536778
17592: 0.536804
17593: 0.536831
17594: 0.5368
17595: 0.53677
17596: 0.536739
17597: 0.536709
17598: 0.536678
17599: 0.536648
17600: 0.536674
17601: 0.5367
17602: 0.536727
17603: 0.536696
17604: 0.536666
17605: 0.536635
17606: 0.536605
17607: 0.536574
17608: 0.536601
17609: 0.53657
17610: 0.53654
17611: 0.536566
17612: 0.536536
17613: 0.536505
17614: 0.536531
17615: 0.536558
17616: 0.536527
17617: 0.536497
17618: 0.536523
17619: 0.536549
17620: 0.536576
17621: 0.536545
17622: 0.536572
17623: 0.536598
17624: 0.536624
17625: 0.536594
17626: 0.536563
17627: 0.536533
17628: 0.536502
17629: 0.536472
17630: 0.536498
17631: 0.536525
17632: 0.536551
17633: 0.53652
17634: 0.53649
17635: 0.536516
17636: 0.536486
17637: 0.536512
17638: 0.536538
17639: 0.536508
17640: 0.536478
17641: 0.536447
17642: 0.536417
17643: 0.536443
17644: 0.536413
17645: 0.536439
17646: 0.536408
17647: 0.536378
17648: 0.536348
17649: 0.536317
17650: 0.536287
17651: 0.536257
17652: 0.536283
17653: 0.536252
17654: 0.536222
17655: 0.536192
17656: 0.536218
17657: 0.536244
17658: 0.53627
17659: 0.536297
17660: 0.536323
17661: 0.536349
17662: 0.536375
17663: 0.536345
17664: 0.536371
17665: 0.536341
17666: 0.536311
17667: 0.536337
17668: 0.536363
17669: 0.536333
17670: 0.536302
17671: 0.536272
17672: 0.536298
17673: 0.536268
17674: 0.536294
17675: 0.536264
17676: 0.53629
17677: 0.53626
17678: 0.536229
17679: 0.536199
17680: 0.536225
17681: 0.536195
17682: 0.536165
17683: 0.536191
17684: 0.536217
17685: 0.536243
17686: 0.53627
17687: 0.536296
17688: 0.536265
17689: 0.536235
17690: 0.536261
17691: 0.536288
17692: 0.536257
17693: 0.536283
17694: 0.53631
17695: 0.536336
17696: 0.536362
17697: 0.536332
17698: 0.536358
17699: 0.536328
17700: 0.536354
17701: 0.536324
17702: 0.53635
17703: 0.536319
17704: 0.536289
17705: 0.536315
17706: 0.536285
17707: 0.536255
17708: 0.536281
17709: 0.536307
17710: 0.536333
17711: 0.53636
17712: 0.536386
17713: 0.536412
17714: 0.536382
17715: 0.536351
17716: 0.536321
17717: 0.536347
17718: 0.536317
17719: 0.536287
17720: 0.536256
17721: 0.536283
17722: 0.536309
17723: 0.536335
17724: 0.536361
17725: 0.536331
17726: 0.536301
17727: 0.536327
17728: 0.536296
17729: 0.536266
17730: 0.536236
17731: 0.536262
17732: 0.536232
17733: 0.536258
17734: 0.536284
17735: 0.53631
17736: 0.536336
17737: 0.536363
17738: 0.536389
17739: 0.536415
17740: 0.536441
17741: 0.536411
17742: 0.536381
17743: 0.53635
17744: 0.536376
17745: 0.536403
17746: 0.536429
17747: 0.536455
17748: 0.536425
17749: 0.536394
17750: 0.536364
17751: 0.53639
17752: 0.536416
17753: 0.536386
17754: 0.536356
17755: 0.536326
17756: 0.536296
17757: 0.536265
17758: 0.536235
17759: 0.536261
17760: 0.536287
17761: 0.536257
17762: 0.536283
17763: 0.536253
17764: 0.536279
17765: 0.536305
17766: 0.536331
17767: 0.536301
17768: 0.536327
17769: 0.536297
17770: 0.536323
17771: 0.536349
17772: 0.536319
17773: 0.536289
17774: 0.536315
17775: 0.536341
17776: 0.536367
17777: 0.536337
17778: 0.536307
17779: 0.536277
17780: 0.536247
17781: 0.536273
17782: 0.536299
17783: 0.536269
17784: 0.536295
17785: 0.536321
17786: 0.536291
17787: 0.536317
17788: 0.536286
17789: 0.536313
17790: 0.536339
17791: 0.536308
17792: 0.536335
17793: 0.536304
17794: 0.53633
17795: 0.5363
17796: 0.53627
17797: 0.53624
17798: 0.53621
17799: 0.53618
17800: 0.536206
17801: 0.536232
17802: 0.536258
17803: 0.536284
17804: 0.53631
17805: 0.53628
17806: 0.53625
17807: 0.536276
17808: 0.536302
17809: 0.536328
17810: 0.536298
17811: 0.536268
17812: 0.536238
17813: 0.536264
17814: 0.536234
17815: 0.53626
17816: 0.536286
17817: 0.536312
17818: 0.536281
17819: 0.536251
17820: 0.536277
17821: 0.536247
17822: 0.536273
17823: 0.536299
17824: 0.536325
17825: 0.536351
17826: 0.536321
17827: 0.536291
17828: 0.536261
17829: 0.536287
17830: 0.536257
17831: 0.536283
17832: 0.536253
17833: 0.536279
17834: 0.536305
17835: 0.536331
17836: 0.536301
17837: 0.536271
17838: 0.536297
17839: 0.536267
17840: 0.536293
17841: 0.536319
17842: 0.536289
17843: 0.536315
17844: 0.536285
17845: 0.536311
17846: 0.536337
17847: 0.536363
17848: 0.536389
17849: 0.536359
17850: 0.536385
17851: 0.536354
17852: 0.536324
17853: 0.536294
17854: 0.53632
17855: 0.536346
17856: 0.536372
17857: 0.536342
17858: 0.536312
17859: 0.536338
17860: 0.536364
17861: 0.536334
17862: 0.536304
17863: 0.53633
17864: 0.536356
17865: 0.536382
17866: 0.536352
17867: 0.536322
17868: 0.536292
17869: 0.536262
17870: 0.536232
17871: 0.536258
17872: 0.536284
17873: 0.53631
17874: 0.536336
17875: 0.536306
17876: 0.536332
17877: 0.536302
17878: 0.536328
17879: 0.536353
17880: 0.536323
17881: 0.536293
17882: 0.536319
17883: 0.536289
17884: 0.536259
17885: 0.536285
17886: 0.536255
17887: 0.536225
17888: 0.536195
17889: 0.536221
17890: 0.536247
17891: 0.536217
17892: 0.536243
17893: 0.536213
17894: 0.536183
17895: 0.536209
17896: 0.536179
17897: 0.536205
17898: 0.536231
17899: 0.536257
17900: 0.536227
17901: 0.536197
17902: 0.536223
17903: 0.536193
17904: 0.536219
17905: 0.536189
17906: 0.536159
17907: 0.536185
17908: 0.536155
17909: 0.536181
17910: 0.536207
17911: 0.536233
17912: 0.536259
17913: 0.536284
17914: 0.536255
17915: 0.536225
17916: 0.53625
17917: 0.536276
17918: 0.536302
17919: 0.536272
17920: 0.536298
17921: 0.536268
17922: 0.536294
17923: 0.536264
17924: 0.536234
17925: 0.536204
17926: 0.53623
17927: 0.5362
17928: 0.536226
17929: 0.536252
17930: 0.536278
17931: 0.536304
17932: 0.53633
17933: 0.536356
17934: 0.536381
17935: 0.536407
17936: 0.536433
17937: 0.536459
17938: 0.536485
17939: 0.536511
17940: 0.536536
17941: 0.536507
17942: 0.536532
17943: 0.536558
17944: 0.536528
17945: 0.536554
17946: 0.53658
17947: 0.536606
17948: 0.536576
17949: 0.536546
17950: 0.536572
17951: 0.536598
17952: 0.536623
17953: 0.536649
17954: 0.536619
17955: 0.536589
17956: 0.536615
17957: 0.536585
17958: 0.536555
17959: 0.536581
17960: 0.536607
17961: 0.536633
17962: 0.536603
17963: 0.536629
17964: 0.536655
17965: 0.53668
17966: 0.536651
17967: 0.536676
17968: 0.536646
17969: 0.536672
17970: 0.536642
17971: 0.536668
17972: 0.536638
17973: 0.536664
17974: 0.53669
17975: 0.536716
17976: 0.536686
17977: 0.536712
17978: 0.536682
17979: 0.536707
17980: 0.536733
17981: 0.536703
17982: 0.536674
17983: 0.536644
17984: 0.536669
17985: 0.536695
17986: 0.536721
17987: 0.536691
17988: 0.536661
17989: 0.536631
17990: 0.536657
17991: 0.536627
17992: 0.536598
17993: 0.536623
17994: 0.536649
17995: 0.536675
17996: 0.536701
17997: 0.536726
17998: 0.536752
17999: 0.536778
18000: 0.536804
18001: 0.536774
18002: 0.536744
18003: 0.53677
18004: 0.53674
18005: 0.53671
18006: 0.536736
18007: 0.536761
18008: 0.536787
18009: 0.536813
18010: 0.536783
18011: 0.536809
18012: 0.536835
18013: 0.53686
18014: 0.536886
18015: 0.536856
18016: 0.536826
18017: 0.536797
18018: 0.536822
18019: 0.536848
18020: 0.536874
18021: 0.536899
18022: 0.536925
18023: 0.536895
18024: 0.536865
18025: 0.536836
18026: 0.536806
18027: 0.536832
18028: 0.536802
18029: 0.536828
18030: 0.536798
18031: 0.536768
18032: 0.536794
18033: 0.536764
18034: 0.536734
18035: 0.53676
18036: 0.536785
18037: 0.536756
18038: 0.536781
18039: 0.536807
18040: 0.536833
18041: 0.536803
18042: 0.536829
18043: 0.536799
18044: 0.536825
18045: 0.536795
18046: 0.536765
18047: 0.536735
18048: 0.536706
18049: 0.536676
18050: 0.536646
18051: 0.536672
18052: 0.536698
18053: 0.536668
18054: 0.536693
18055: 0.536719
18056: 0.536689
18057: 0.53666
18058: 0.53663
18059: 0.536656
18060: 0.536626
18061: 0.536596
18062: 0.536566
18063: 0.536592
18064: 0.536618
18065: 0.536588
18066: 0.536614
18067: 0.536639
18068: 0.536665
18069: 0.536635
18070: 0.536661
18071: 0.536631
18072: 0.536602
18073: 0.536627
18074: 0.536598
18075: 0.536623
18076: 0.536649
18077: 0.536674
18078: 0.5367
18079: 0.53667
18080: 0.536641
18081: 0.536666
18082: 0.536637
18083: 0.536662
18084: 0.536688
18085: 0.536713
18086: 0.536684
18087: 0.536709
18088: 0.536735
18089: 0.536705
18090: 0.536731
18091: 0.536701
18092: 0.536672
18093: 0.536642
18094: 0.536668
18095: 0.536638
18096: 0.536608
18097: 0.536579
18098: 0.536549
18099: 0.536575
18100: 0.536545
18101: 0.536571
18102: 0.536596
18103: 0.536622
18104: 0.536647
18105: 0.536673
18106: 0.536643
18107: 0.536614
18108: 0.536584
18109: 0.53661
18110: 0.53658
18111: 0.53655
18112: 0.536576
18113: 0.536602
18114: 0.536627
18115: 0.536653
18116: 0.536678
18117: 0.536704
18118: 0.536729
18119: 0.5367
18120: 0.53667
18121: 0.536641
18122: 0.536666
18123: 0.536637
18124: 0.536607
18125: 0.536632
18126: 0.536658
18127: 0.536684
18128: 0.536709
18129: 0.536735
18130: 0.536705
18131: 0.536675
18132: 0.536701
18133: 0.536671
18134: 0.536642
18135: 0.536612
18136: 0.536638
18137: 0.536608
18138: 0.536634
18139: 0.536604
18140: 0.53663
18141: 0.536655
18142: 0.536626
18143: 0.536596
18144: 0.536567
18145: 0.536537
18146: 0.536563
18147: 0.536588
18148: 0.536614
18149: 0.536639
18150: 0.536665
18151: 0.536635
18152: 0.536606
18153: 0.536631
18154: 0.536657
18155: 0.536627
18156: 0.536653
18157: 0.536623
18158: 0.536593
18159: 0.536619
18160: 0.536589
18161: 0.53656
18162: 0.53653
18163: 0.536556
18164: 0.536526
18165: 0.536552
18166: 0.536577
18167: 0.536603
18168: 0.536573
18169: 0.536599
18170: 0.536569
18171: 0.53654
18172: 0.536565
18173: 0.536591
18174: 0.536616
18175: 0.536642
18176: 0.536667
18177: 0.536693
18178: 0.536718
18179: 0.536744
18180: 0.536714
18181: 0.536685
18182: 0.53671
18183: 0.536736
18184: 0.536706
18185: 0.536677
18186: 0.536647
18187: 0.536673
18188: 0.536643
18189: 0.536614
18190: 0.536639
18191: 0.536664
18192: 0.53669
18193: 0.536715
18194: 0.536741
18195: 0.536711
18196: 0.536682
18197: 0.536652
18198: 0.536678
18199: 0.536703
18200: 0.536729
18201: 0.536754
18202: 0.53678
18203: 0.53675
18204: 0.536776
18205: 0.536746
18206: 0.536772
18207: 0.536797
18208: 0.536822
18209: 0.536848
18210: 0.536818
18211: 0.536844
18212: 0.536869
18213: 0.536895
18214: 0.53692
18215: 0.536946
18216: 0.536971
18217: 0.536996
18218: 0.537022
18219: 0.537047
18220: 0.537073
18221: 0.537098
18222: 0.537069
18223: 0.537094
18224: 0.537064
18225: 0.53709
18226: 0.53706
18227: 0.537086
18228: 0.537111
18229: 0.537082
18230: 0.537052
18231: 0.537023
18232: 0.536993
18233: 0.537019
18234: 0.537044
18235: 0.537015
18236: 0.536985
18237: 0.537011
18238: 0.537036
18239: 0.537061
18240: 0.537032
18241: 0.537003
18242: 0.537028
18243: 0.536998
18244: 0.537024
18245: 0.537049
18246: 0.537075
18247: 0.5371
18248: 0.537071
18249: 0.537096
18250: 0.537066
18251: 0.537037
18252: 0.537062
18253: 0.537088
18254: 0.537058
18255: 0.537084
18256: 0.537054
18257: 0.537025
18258: 0.53705
18259: 0.537021
18260: 0.537046
18261: 0.537017
18262: 0.536987
18263: 0.537013
18264: 0.536983
18265: 0.537009
18266: 0.537034
18267: 0.537005
18268: 0.536975
18269: 0.536946
18270: 0.536916
18271: 0.536887
18272: 0.536912
18273: 0.536883
18274: 0.536908
18275: 0.536879
18276: 0.53685
18277: 0.53682
18278: 0.536791
18279: 0.536816
18280: 0.536842
18281: 0.536812
18282: 0.536837
18283: 0.536808
18284: 0.536833
18285: 0.536859
18286: 0.536829
18287: 0.536855
18288: 0.536825
18289: 0.536796
18290: 0.536767
18291: 0.536737
18292: 0.536763
18293: 0.536788
18294: 0.536759
18295: 0.536784
18296: 0.536755
18297: 0.536725
18298: 0.536751
18299: 0.536776
18300: 0.536747
18301: 0.536772
18302: 0.536743
18303: 0.536768
18304: 0.536793
18305: 0.536764
18306: 0.536789
18307: 0.53676
18308: 0.536785
18309: 0.536756
18310: 0.536781
18311: 0.536806
18312: 0.536777
18313: 0.536748
18314: 0.536719
18315: 0.536689
18316: 0.53666
18317: 0.536631
18318: 0.536601
18319: 0.536572
18320: 0.536543
18321: 0.536513
18322: 0.536484
18323: 0.536455
18324: 0.53648
18325: 0.536451
18326: 0.536476
18327: 0.536502
18328: 0.536472
18329: 0.536498
18330: 0.536523
18331: 0.536494
18332: 0.536519
18333: 0.536544
18334: 0.536569
18335: 0.536595
18336: 0.53662
18337: 0.536645
18338: 0.536616
18339: 0.536641
18340: 0.536612
18341: 0.536637
18342: 0.536662
18343: 0.536688
18344: 0.536658
18345: 0.536629
18346: 0.5366
18347: 0.536571
18348: 0.536542
18349: 0.536567
18350: 0.536592
18351: 0.536617
18352: 0.536643
18353: 0.536613
18354: 0.536584
18355: 0.536609
18356: 0.536635
18357: 0.53666
18358: 0.536685
18359: 0.53671
18360: 0.536735
18361: 0.536761
18362: 0.536731
18363: 0.536702
18364: 0.536673
18365: 0.536644
18366: 0.536669
18367: 0.536694
18368: 0.536719
18369: 0.536745
18370: 0.53677
18371: 0.536741
18372: 0.536711
18373: 0.536737
18374: 0.536707
18375: 0.536678
18376: 0.536703
18377: 0.536729
18378: 0.536699
18379: 0.53667
18380: 0.536696
18381: 0.536721
18382: 0.536692
18383: 0.536662
18384: 0.536633
18385: 0.536604
18386: 0.536575
18387: 0.536546
18388: 0.536571
18389: 0.536596
18390: 0.536567
18391: 0.536592
18392: 0.536617
18393: 0.536642
18394: 0.536668
18395: 0.536693
18396: 0.536718
18397: 0.536689
18398: 0.536714
18399: 0.536739
18400: 0.53671
18401: 0.536735
18402: 0.536706
18403: 0.536731
18404: 0.536756
18405: 0.536781
18406: 0.536752
18407: 0.536777
18408: 0.536748
18409: 0.536719
18410: 0.53669
18411: 0.536715
18412: 0.53674
18413: 0.536766
18414: 0.536791
18415: 0.536762
18416: 0.536732
18417: 0.536758
18418: 0.536728
18419: 0.536699
18420: 0.53667
18421: 0.536695
18422: 0.536666
18423: 0.536637
18424: 0.536662
18425: 0.536687
18426: 0.536712
18427: 0.536738
18428: 0.536708
18429: 0.536734
18430: 0.536704
18431: 0.536675
18432: 0.5367
18433: 0.536726
18434: 0.536697
18435: 0.536667
18436: 0.536693
18437: 0.536718
18438: 0.536743
18439: 0.536768
18440: 0.536739
18441: 0.536764
18442: 0.536735
18443: 0.536706
18444: 0.536731
18445: 0.536702
18446: 0.536673
18447: 0.536644
18448: 0.536614
18449: 0.53664
18450: 0.536665
18451: 0.53669
18452: 0.536715
18453: 0.53674
18454: 0.536765
18455: 0.536736
18456: 0.536707
18457: 0.536732
18458: 0.536757
18459: 0.536728
18460: 0.536753
18461: 0.536724
18462: 0.536749
18463: 0.53672
18464: 0.536691
18465: 0.536716
18466: 0.536741
18467: 0.536712
18468: 0.536683
18469: 0.536654
18470: 0.536679
18471: 0.536704
18472: 0.536729
18473: 0.536754
18474: 0.536725
18475: 0.53675
18476: 0.536721
18477: 0.536746
18478: 0.536771
18479: 0.536742
18480: 0.536713
18481: 0.536684
18482: 0.536709
18483: 0.536734
18484: 0.536705
18485: 0.536676
18486: 0.536647
18487: 0.536672
18488: 0.536697
18489: 0.536723
18490: 0.536748
18491: 0.536719
18492: 0.53669
18493: 0.536661
18494: 0.536632
18495: 0.536603
18496: 0.536573
18497: 0.536599
18498: 0.536624
18499: 0.536649
18500: 0.536674
18501: 0.536699
18502: 0.536724
18503: 0.536749
18504: 0.536774
18505: 0.536799
18506: 0.53677
18507: 0.536741
18508: 0.536766
18509: 0.536737
18510: 0.536762
18511: 0.536733
18512: 0.536758
18513: 0.536783
18514: 0.536808
18515: 0.536779
18516: 0.536804
18517: 0.536829
18518: 0.5368
18519: 0.536771
18520: 0.536796
18521: 0.536767
18522: 0.536738
18523: 0.536709
18524: 0.53668
18525: 0.536705
18526: 0.53673
18527: 0.536755
18528: 0.53678
18529: 0.536805
18530: 0.53683
18531: 0.536855
18532: 0.536826
18533: 0.536851
18534: 0.536876
18535: 0.536901
18536: 0.536926
18537: 0.536897
18538: 0.536868
18539: 0.536839
18540: 0.536864
18541: 0.536889
18542: 0.536914
18543: 0.536939
18544: 0.536964
18545: 0.536935
18546: 0.53696
18547: 0.536931
18548: 0.536956
18549: 0.536981
18550: 0.537006
18551: 0.537031
18552: 0.537002
18553: 0.536973
18554: 0.536998
18555: 0.537023
18556: 0.537048
18557: 0.537019
18558: 0.53699
18559: 0.536961
18560: 0.536932
18561: 0.536957
18562: 0.536928
18563: 0.536953
18564: 0.536978
18565: 0.537003
18566: 0.537028
18567: 0.536999
18568: 0.53697
18569: 0.536941
18570: 0.536966
18571: 0.536937
18572: 0.536962
18573: 0.536933
18574: 0.536904
18575: 0.536929
18576: 0.536954
18577: 0.536925
18578: 0.536896
18579: 0.536921
18580: 0.536946
18581: 0.536917
18582: 0.536942
18583: 0.536967
18584: 0.536992
18585: 0.537017
18586: 0.537042
18587: 0.537067
18588: 0.537038
18589: 0.537063
18590: 0.537088
18591: 0.537059
18592: 0.537084
18593: 0.537109
18594: 0.537134
18595: 0.537105
18596: 0.537076
18597: 0.537047
18598: 0.537072
18599: 0.537097
18600: 0.537122
18601: 0.537147
18602: 0.537118
18603: 0.537089
18604: 0.53706
18605: 0.537031
18606: 0.537002
18607: 0.536973
18608: 0.536944
18609: 0.536916
18610: 0.536941
18611: 0.536912
18612: 0.536883
18613: 0.536908
18614: 0.536933
18615: 0.536957
18616: 0.536982
18617: 0.536953
18618: 0.536978
18619: 0.537003
18620: 0.537028
18621: 0.536999
18622: 0.537024
18623: 0.536995
18624: 0.53702
18625: 0.536991
18626: 0.536962
18627: 0.536987
18628: 0.537012
18629: 0.536983
18630: 0.536955
18631: 0.536926
18632: 0.536897
18633: 0.536868
18634: 0.536839
18635: 0.536864
18636: 0.536835
18637: 0.53686
18638: 0.536885
18639: 0.53691
18640: 0.536935
18641: 0.536906
18642: 0.536877
18643: 0.536902
18644: 0.536927
18645: 0.536898
18646: 0.536923
18647: 0.536948
18648: 0.536972
18649: 0.536944
18650: 0.536915
18651: 0.536886
18652: 0.536857
18653: 0.536829
18654: 0.536853
18655: 0.536878
18656: 0.536849
18657: 0.536874
18658: 0.536845
18659: 0.53687
18660: 0.536842
18661: 0.536866
18662: 0.536891
18663: 0.536862
18664: 0.536834
18665: 0.536805
18666: 0.536776
18667: 0.536747
18668: 0.536772
18669: 0.536797
18670: 0.536822
18671: 0.536793
18672: 0.536764
18673: 0.536736
18674: 0.53676
18675: 0.536732
18676: 0.536756
18677: 0.536728
18678: 0.536753
18679: 0.536777
18680: 0.536749
18681: 0.53672
18682: 0.536745
18683: 0.536769
18684: 0.536741
18685: 0.536765
18686: 0.536737
18687: 0.536708
18688: 0.536679
18689: 0.536704
18690: 0.536729
18691: 0.5367
18692: 0.536671
18693: 0.536643
18694: 0.536668
18695: 0.536639
18696: 0.53661
18697: 0.536635
18698: 0.53666
18699: 0.536684
18700: 0.536709
18701: 0.536734
18702: 0.536759
18703: 0.536784
18704: 0.536755
18705: 0.536726
18706: 0.536697
18707: 0.536722
18708: 0.536694
18709: 0.536718
18710: 0.536743
18711: 0.536768
18712: 0.536739
18713: 0.53671
18714: 0.536682
18715: 0.536653
18716: 0.536678
18717: 0.536703
18718: 0.536674
18719: 0.536645
18720: 0.536617
18721: 0.536588
18722: 0.536613
18723: 0.536637
18724: 0.536662
18725: 0.536687
18726: 0.536658
18727: 0.536683
18728: 0.536708
18729: 0.536679
18730: 0.536704
18731: 0.536675
18732: 0.536647
18733: 0.536671
18734: 0.536696
18735: 0.536721
18736: 0.536692
18737: 0.536717
18738: 0.536742
18739: 0.536713
18740: 0.536738
18741: 0.536709
18742: 0.536734
18743: 0.536758
18744: 0.53673
18745: 0.536701
18746: 0.536673
18747: 0.536644
18748: 0.536669
18749: 0.536693
18750: 0.536665
18751: 0.536689
18752: 0.536661
18753: 0.536632
18754: 0.536604
18755: 0.536575
18756: 0.5366
18757: 0.536624
18758: 0.536596
18759: 0.53662
18760: 0.536645
18761: 0.53667
18762: 0.536641
18763: 0.536666
18764: 0.536691
18765: 0.536715
18766: 0.53674
18767: 0.536765
18768: 0.536736
18769: 0.536708
18770: 0.536679
18771: 0.536704
18772: 0.536675
18773: 0.5367
18774: 0.536671
18775: 0.536643
18776: 0.536614
18777: 0.536639
18778: 0.53661
18779: 0.536635
18780: 0.536659
18781: 0.536631
18782: 0.536655
18783: 0.53668
18784: 0.536705
18785: 0.536676
18786: 0.536701
18787: 0.536672
18788: 0.536697
18789: 0.536722
18790: 0.536746
18791: 0.536771
18792: 0.536742
18793: 0.536767
18794: 0.536738
18795: 0.536763
18796: 0.536735
18797: 0.536759
18798: 0.536731
18799: 0.536755
18800: 0.53678
18801: 0.536751
18802: 0.536723
18803: 0.536748
18804: 0.536772
18805: 0.536797
18806: 0.536768
18807: 0.53674
18808: 0.536764
18809: 0.536789
18810: 0.536814
18811: 0.536838
18812: 0.53681
18813: 0.536781
18814: 0.536753
18815: 0.536777
18816: 0.536802
18817: 0.536826
18818: 0.536798
18819: 0.536823
18820: 0.536794
18821: 0.536765
18822: 0.536737
18823: 0.536762
18824: 0.536733
18825: 0.536758
18826: 0.536729
18827: 0.536701
18828: 0.536725
18829: 0.536697
18830: 0.536668
18831: 0.53664
18832: 0.536611
18833: 0.536583
18834: 0.536554
18835: 0.536579
18836: 0.536603
18837: 0.536628
18838: 0.5366
18839: 0.536571
18840: 0.536596
18841: 0.536567
18842: 0.536539
18843: 0.536563
18844: 0.536535
18845: 0.536559
18846: 0.536584
18847: 0.536609
18848: 0.53658
18849: 0.536552
18850: 0.536523
18851: 0.536495
18852: 0.536519
18853: 0.536544
18854: 0.536569
18855: 0.536593
18856: 0.536618
18857: 0.536642
18858: 0.536667
18859: 0.536691
18860: 0.536663
18861: 0.536635
18862: 0.536659
18863: 0.536684
18864: 0.536655
18865: 0.53668
18866: 0.536704
18867: 0.536729
18868: 0.536753
18869: 0.536778
18870: 0.536803
18871: 0.536774
18872: 0.536746
18873: 0.53677
18874: 0.536795
18875: 0.536819
18876: 0.536791
18877: 0.536762
18878: 0.536734
18879: 0.536758
18880: 0.536783
18881: 0.536808
18882: 0.536832
18883: 0.536804
18884: 0.536828
18885: 0.536853
18886: 0.536824
18887: 0.536796
18888: 0.53682
18889: 0.536792
18890: 0.536764
18891: 0.536788
18892: 0.53676
18893: 0.536784
18894: 0.536756
18895: 0.53678
18896: 0.536752
18897: 0.536723
18898: 0.536695
18899: 0.536667
18900: 0.536638
18901: 0.53661
18902: 0.536581
18903: 0.536606
18904: 0.536578
18905: 0.536549
18906: 0.536521
18907: 0.536545
18908: 0.536517
18909: 0.536542
18910: 0.536566
18911: 0.536538
18912: 0.536562
18913: 0.536587
18914: 0.536611
18915: 0.536636
18916: 0.536607
18917: 0.536632
18918: 0.536656
18919: 0.536681
18920: 0.536705
18921: 0.536677
18922: 0.536649
18923: 0.53662
18924: 0.536645
18925: 0.536669
18926: 0.536694
18927: 0.536718
18928: 0.536743
18929: 0.536714
18930: 0.536739
18931: 0.53671
18932: 0.536735
18933: 0.536759
18934: 0.536784
18935: 0.536808
18936: 0.53678
18937: 0.536804
18938: 0.536829
18939: 0.5368
18940: 0.536825
18941: 0.536849
18942: 0.536821
18943: 0.536845
18944: 0.53687
18945: 0.536894
18946: 0.536866
18947: 0.536838
18948: 0.536809
18949: 0.536834
18950: 0.536858
18951: 0.536883
18952: 0.536907
18953: 0.536932
18954: 0.536956
18955: 0.53698
18956: 0.537005
18957: 0.537029
18958: 0.537054
18959: 0.537025
18960: 0.536997
18961: 0.536969
18962: 0.536993
18963: 0.537018
18964: 0.537042
18965: 0.537066
18966: 0.537038
18967: 0.537062
18968: 0.537087
18969: 0.537059
18970: 0.537083
18971: 0.537055
18972: 0.537079
18973: 0.537051
18974: 0.537022
18975: 0.537047
18976: 0.537018
18977: 0.537043
18978: 0.537067
18979: 0.537039
18980: 0.537011
18981: 0.536982
18982: 0.537007
18983: 0.537031
18984: 0.537003
18985: 0.536975
18986: 0.536946
18987: 0.536971
18988: 0.536995
18989: 0.537019
18990: 0.537044
18991: 0.537068
18992: 0.53704
18993: 0.537012
18994: 0.536983
18995: 0.536955
18996: 0.53698
18997: 0.537004
18998: 0.536976
18999: 0.537
19000: 0.537024
19001: 0.537049
19002: 0.53702
19003: 0.536992
19004: 0.537017
19005: 0.536988
19006: 0.537013
19007: 0.537037
19008: 0.537061
19009: 0.537086
19010: 0.537057
19011: 0.537082
19012: 0.537106
19013: 0.537131
19014: 0.537155
19015: 0.537127
19016: 0.537151
19017: 0.537123
19018: 0.537147
19019: 0.537119
19020: 0.537143
19021: 0.537115
19022: 0.537139
19023: 0.537164
19024: 0.537188
19025: 0.53716
19026: 0.537131
19027: 0.537103
19028: 0.537075
19029: 0.537099
19030: 0.537071
19031: 0.537043
19032: 0.537067
19033: 0.537092
19034: 0.537116
19035: 0.537088
19036: 0.537112
19037: 0.537136
19038: 0.537161
19039: 0.537132
19040: 0.537104
19041: 0.537128
19042: 0.537153
19043: 0.537177
19044: 0.537149
19045: 0.537121
19046: 0.537092
19047: 0.537117
19048: 0.537141
19049: 0.537165
19050: 0.537137
19051: 0.537161
19052: 0.537133
19053: 0.537158
19054: 0.537182
19055: 0.537154
19056: 0.537178
19057: 0.537202
19058: 0.537174
19059: 0.537146
19060: 0.53717
19061: 0.537194
19062: 0.537166
19063: 0.537138
19064: 0.53711
19065: 0.537134
19066: 0.537158
19067: 0.53713
19068: 0.537102
19069: 0.537074
19070: 0.537046
19071: 0.537018
19072: 0.537042
19073: 0.537014
19074: 0.537038
19075: 0.537062
19076: 0.537034
19077: 0.537058
19078: 0.537083
19079: 0.537107
19080: 0.537131
19081: 0.537155
19082: 0.537127
19083: 0.537152
19084: 0.537176
19085: 0.5372
19086: 0.537224
19087: 0.537196
19088: 0.53722
19089: 0.537245
19090: 0.537269
19091: 0.537293
19092: 0.537265
19093: 0.537289
19094: 0.537313
19095: 0.537285
19096: 0.53731
19097: 0.537281
19098: 0.537306
19099: 0.537277
19100: 0.537302
19101: 0.537274
19102: 0.537298
19103: 0.537322
19104: 0.537294
19105: 0.537318
19106: 0.537342
19107: 0.537367
19108: 0.537391
19109: 0.537415
19110: 0.537439
19111: 0.537411
19112: 0.537435
19113: 0.537407
19114: 0.537431
19115: 0.537456
19116: 0.53748
19117: 0.537452
19118: 0.537424
19119: 0.537448
19120: 0.53742
19121: 0.537444
19122: 0.537468
19123: 0.53744
19124: 0.537464
19125: 0.537436
19126: 0.537408
19127: 0.537432
19128: 0.537404
19129: 0.537376
19130: 0.5374
19131: 0.537424
19132: 0.537396
19133: 0.53742
19134: 0.537444
19135: 0.537469
19136: 0.537493
19137: 0.537517
19138: 0.537489
19139: 0.537461
19140: 0.537433
19141: 0.537405
19142: 0.537377
19143: 0.537401
19144: 0.537373
19145: 0.537397
19146: 0.537369
19147: 0.537393
19148: 0.537417
19149: 0.537441
19150: 0.537413
19151: 0.537437
19152: 0.537461
19153: 0.537433
19154: 0.537405
19155: 0.537377
19156: 0.537401
19157: 0.537426
19158: 0.537398
19159: 0.53737
19160: 0.537341
19161: 0.537366
19162: 0.53739
19163: 0.537414
19164: 0.537386
19165: 0.53741
19166: 0.537382
19167: 0.537354
19168: 0.537326
19169: 0.537298
19170: 0.53727
19171: 0.537242
19172: 0.537266
19173: 0.537238
19174: 0.53721
19175: 0.537182
19176: 0.537154
19177: 0.537178
19178: 0.537202
19179: 0.537226
19180: 0.537198
19181: 0.53717
19182: 0.537194
19183: 0.537219
19184: 0.537243
19185: 0.537215
19186: 0.537239
19187: 0.537211
19188: 0.537235
19189: 0.537207
19190: 0.537231
19191: 0.537255
19192: 0.537227
19193: 0.537251
19194: 0.537223
19195: 0.537195
19196: 0.537219
19197: 0.537243
19198: 0.537215
19199: 0.53724
19200: 0.537212
19201: 0.537236
19202: 0.53726
19203: 0.537284
19204: 0.537308
19205: 0.537332
19206: 0.537304
19207: 0.537276
19208: 0.5373
19209: 0.537272
19210: 0.537244
19211: 0.537268
19212: 0.537292
19213: 0.537317
19214: 0.537289
19215: 0.537313
19216: 0.537285
19217: 0.537309
19218: 0.537281
19219: 0.537253
19220: 0.537277
19221: 0.537301
19222: 0.537325
19223: 0.537349
19224: 0.537373
19225: 0.537345
19226: 0.537369
19227: 0.537393
19228: 0.537417
19229: 0.537441
19230: 0.537466
19231: 0.537438
19232: 0.53741
19233: 0.537382
19234: 0.537406
19235: 0.53743
19236: 0.537454
19237: 0.537426
19238: 0.537398
19239: 0.537422
19240: 0.537446
19241: 0.537418
19242: 0.53739
19243: 0.537362
19244: 0.537386
19245: 0.537358
19246: 0.53733
19247: 0.537303
19248: 0.537275
19249: 0.537299
19250: 0.537271
19251: 0.537295
19252: 0.537319
19253: 0.537343
19254: 0.537367
19255: 0.537339
19256: 0.537363
19257: 0.537387
19258: 0.537359
19259: 0.537331
19260: 0.537355
19261: 0.537379
19262: 0.537403
19263: 0.537375
19264: 0.537348
19265: 0.53732
19266: 0.537292
19267: 0.537316
19268: 0.53734
19269: 0.537364
19270: 0.537336
19271: 0.537308
19272: 0.537332
19273: 0.537356
19274: 0.53738
19275: 0.537404
19276: 0.537376
19277: 0.5374
19278: 0.537424
19279: 0.537448
19280: 0.53742
19281: 0.537392
19282: 0.537365
19283: 0.537337
19284: 0.537309
19285: 0.537281
19286: 0.537253
19287: 0.537225
19288: 0.537197
19289: 0.537221
19290: 0.537245
19291: 0.537269
19292: 0.537293
19293: 0.537265
19294: 0.537289
19295: 0.537313
19296: 0.537286
19297: 0.537258
19298: 0.537282
19299: 0.537254
19300: 0.537226
19301: 0.537198
19302: 0.53717
19303: 0.537143
19304: 0.537115
19305: 0.537139
19306: 0.537163
19307: 0.537187
19308: 0.537159
19309: 0.537183
19310: 0.537155
19311: 0.537179
19312: 0.537151
19313: 0.537123
19314: 0.537147
19315: 0.537119
19316: 0.537143
19317: 0.537116
19318: 0.537088
19319: 0.53706
19320: 0.537084
19321: 0.537108
19322: 0.537132
19323: 0.537104
19324: 0.537128
19325: 0.537152
19326: 0.537176
19327: 0.537148
19328: 0.53712
19329: 0.537144
19330: 0.537117
19331: 0.53714
19332: 0.537113
19333: 0.537085
19334: 0.537109
19335: 0.537133
19336: 0.537157
19337: 0.537129
19338: 0.537101
19339: 0.537073
19340: 0.537046
19341: 0.53707
19342: 0.537094
19343: 0.537117
19344: 0.53709
19345: 0.537062
19346: 0.537086
19347: 0.537058
19348: 0.53703
19349: 0.537003
19350: 0.536975
19351: 0.536947
19352: 0.536971
19353: 0.536995
19354: 0.536967
19355: 0.536939
19356: 0.536963
19357: 0.536987
19358: 0.53696
19359: 0.536983
19360: 0.537007
19361: 0.537031
19362: 0.537055
19363: 0.537079
19364: 0.537051
19365: 0.537024
19366: 0.536996
19367: 0.53702
19368: 0.537044
19369: 0.537068
19370: 0.53704
19371: 0.537064
19372: 0.537036
19373: 0.53706
19374: 0.537032
19375: 0.537005
19376: 0.536977
19377: 0.537001
19378: 0.537025
19379: 0.536997
19380: 0.536969
19381: 0.536993
19382: 0.536965
19383: 0.536938
19384: 0.536962
19385: 0.536934
19386: 0.536906
19387: 0.53693
19388: 0.536954
19389: 0.536926
19390: 0.536899
19391: 0.536871
19392: 0.536895
19393: 0.536919
19394: 0.536891
19395: 0.536863
19396: 0.536887
19397: 0.536911
19398: 0.536935
19399: 0.536959
19400: 0.536983
19401: 0.537006
19402: 0.536979
19403: 0.536951
19404: 0.536975
19405: 0.536999
19406: 0.537023
19407: 0.537047
19408: 0.53707
19409: 0.537094
19410: 0.537067
19411: 0.537039
19412: 0.537063
19413: 0.537087
19414: 0.537059
19415: 0.537031
19416: 0.537004
19417: 0.536976
19418: 0.537
19419: 0.537024
19420: 0.536996
19421: 0.536968
19422: 0.536941
19423: 0.536965
19424: 0.536937
19425: 0.536961
19426: 0.536933
19427: 0.536905
19428: 0.536878
19429: 0.536902
19430: 0.536926
19431: 0.536898
19432: 0.53687
19433: 0.536843
19434: 0.536866
19435: 0.53689
19436: 0.536914
19437: 0.536938
19438: 0.53691
19439: 0.536883
19440: 0.536907
19441: 0.53693
19442: 0.536903
19443: 0.536927
19444: 0.536899
19445: 0.536871
19446: 0.536844
19447: 0.536816
19448: 0.536789
19449: 0.536761
19450: 0.536733
19451: 0.536706
19452: 0.53673
19453: 0.536702
19454: 0.536726
19455: 0.53675
19456: 0.536722
19457: 0.536746
19458: 0.53677
19459: 0.536793
19460: 0.536766
19461: 0.53679
19462: 0.536813
19463: 0.536837
19464: 0.53681
19465: 0.536782
19466: 0.536806
19467: 0.536778
19468: 0.536802
19469: 0.536775
19470: 0.536747
19471: 0.536771
19472: 0.536795
19473: 0.536767
19474: 0.536739
19475: 0.536712
19476: 0.536736
19477: 0.536759
19478: 0.536783
19479: 0.536756
19480: 0.536779
19481: 0.536803
19482: 0.536776
19483: 0.536799
19484: 0.536823
19485: 0.536847
19486: 0.536819
19487: 0.536843
19488: 0.536816
19489: 0.536788
19490: 0.536761
19491: 0.536733
19492: 0.536757
19493: 0.536781
19494: 0.536804
19495: 0.536828
19496: 0.536801
19497: 0.536824
19498: 0.536848
19499: 0.536872
19500: 0.536844
19501: 0.536868
19502: 0.536892
19503: 0.536916
19504: 0.536939
19505: 0.536912
19506: 0.536935
19507: 0.536959
19508: 0.536983
19509: 0.536955
19510: 0.536979
19511: 0.536952
19512: 0.536924
19513: 0.536948
19514: 0.536972
19515: 0.536944
19516: 0.536917
19517: 0.53694
19518: 0.536913
19519: 0.536885
19520: 0.536858
19521: 0.53683
19522: 0.536803
19523: 0.536775
19524: 0.536799
19525: 0.536771
19526: 0.536795
19527: 0.536819
19528: 0.536791
19529: 0.536815
19530: 0.536839
19531: 0.536863
19532: 0.536835
19533: 0.536808
19534: 0.536831
19535: 0.536855
19536: 0.536828
19537: 0.536851
19538: 0.536875
19539: 0.536899
19540: 0.536922
19541: 0.536895
19542: 0.536867
19543: 0.53684
19544: 0.536812
19545: 0.536836
19546: 0.536809
19547: 0.536781
19548: 0.536805
19549: 0.536777
19550: 0.536801
19551: 0.536774
19552: 0.536746
19553: 0.536719
19554: 0.536743
19555: 0.536715
19556: 0.536688
19557: 0.536711
19558: 0.536735
19559: 0.536759
19560: 0.536782
19561: 0.536755
19562: 0.536727
19563: 0.536751
19564: 0.536724
19565: 0.536696
19566: 0.53672
19567: 0.536693
19568: 0.536716
19569: 0.53674
19570: 0.536764
19571: 0.536787
19572: 0.536811
19573: 0.536783
19574: 0.536807
19575: 0.536831
19576: 0.536803
19577: 0.536827
19578: 0.536851
19579: 0.536823
19580: 0.536796
19581: 0.536768
19582: 0.536792
19583: 0.536765
19584: 0.536788
19585: 0.536812
19586: 0.536836
19587: 0.536808
19588: 0.536832
19589: 0.536856
19590: 0.536828
19591: 0.536801
19592: 0.536824
19593: 0.536797
19594: 0.536821
19595: 0.536844
19596: 0.536868
19597: 0.53684
19598: 0.536864
19599: 0.536837
19600: 0.536809
19601: 0.536833
19602: 0.536806
19603: 0.536829
19604: 0.536853
19605: 0.536825
19606: 0.536798
19607: 0.536771
19608: 0.536794
19609: 0.536818
19610: 0.536842
19611: 0.536865
19612: 0.536889
19613: 0.536861
19614: 0.536885
19615: 0.536858
19616: 0.536881
19617: 0.536854
19618: 0.536827
19619: 0.536799
19620: 0.536823
19621: 0.536795
19622: 0.536768
19623: 0.536792
19624: 0.536764
19625: 0.536788
19626: 0.536761
19627: 0.536784
19628: 0.536757
19629: 0.53678
19630: 0.536753
19631: 0.536777
19632: 0.536749
19633: 0.536773
19634: 0.536746
19635: 0.536769
19636: 0.536793
19637: 0.536765
19638: 0.536789
19639: 0.536762
19640: 0.536734
19641: 0.536707
19642: 0.53668
19643: 0.536703
19644: 0.536676
19645: 0.5367
19646: 0.536723
19647: 0.536696
19648: 0.536669
19649: 0.536692
19650: 0.536716
19651: 0.536739
19652: 0.536712
19653: 0.536685
19654: 0.536657
19655: 0.536681
19656: 0.536654
19657: 0.536626
19658: 0.53665
19659: 0.536673
19660: 0.536646
19661: 0.536619
19662: 0.536642
19663: 0.536615
19664: 0.536588
19665: 0.536561
19666: 0.536584
19667: 0.536608
19668: 0.53658
19669: 0.536553
19670: 0.536577
19671: 0.5366
19672: 0.536573
19673: 0.536597
19674: 0.53662
19675: 0.536644
19676: 0.536616
19677: 0.53664
19678: 0.536663
19679: 0.536687
19680: 0.53666
19681: 0.536683
19682: 0.536707
19683: 0.53668
19684: 0.536652
19685: 0.536676
19686: 0.536699
19687: 0.536672
19688: 0.536696
19689: 0.536719
19690: 0.536692
19691: 0.536665
19692: 0.536637
19693: 0.53661
19694: 0.536634
19695: 0.536606
19696: 0.53663
19697: 0.536603
19698: 0.536575
19699: 0.536599
19700: 0.536623
19701: 0.536595
19702: 0.536619
19703: 0.536642
19704: 0.536666
19705: 0.536639
19706: 0.536611
19707: 0.536584
19708: 0.536608
19709: 0.53658
19710: 0.536553
19711: 0.536577
19712: 0.536549
19713: 0.536573
19714: 0.536546
19715: 0.536569
19716: 0.536542
19717: 0.536566
19718: 0.536538
19719: 0.536562
19720: 0.536535
19721: 0.536507
19722: 0.536531
19723: 0.536554
19724: 0.536578
19725: 0.536551
19726: 0.536524
19727: 0.536547
19728: 0.536571
19729: 0.536594
19730: 0.536567
19731: 0.53659
19732: 0.536563
19733: 0.536587
19734: 0.536559
19735: 0.536583
19736: 0.536556
19737: 0.536529
19738: 0.536552
19739: 0.536575
19740: 0.536599
19741: 0.536622
19742: 0.536595
19743: 0.536619
19744: 0.536592
19745: 0.536615
19746: 0.536638
19747: 0.536611
19748: 0.536635
19749: 0.536608
19750: 0.536631
19751: 0.536604
19752: 0.536627
19753: 0.5366
19754: 0.536624
19755: 0.536596
19756: 0.536569
19757: 0.536593
19758: 0.536566
19759: 0.536538
19760: 0.536511
19761: 0.536484
19762: 0.536457
19763: 0.53643
19764: 0.536403
19765: 0.536426
19766: 0.536399
19767: 0.536372
19768: 0.536345
19769: 0.536368
19770: 0.536341
19771: 0.536365
19772: 0.536337
19773: 0.53631
19774: 0.536334
19775: 0.536357
19776: 0.536381
19777: 0.536354
19778: 0.536377
19779: 0.53635
19780: 0.536373
19781: 0.536397
19782: 0.53637
19783: 0.536342
19784: 0.536315
19785: 0.536288
19786: 0.536312
19787: 0.536335
19788: 0.536359
19789: 0.536331
19790: 0.536304
19791: 0.536328
19792: 0.536351
19793: 0.536324
19794: 0.536348
19795: 0.53632
19796: 0.536344
19797: 0.536317
19798: 0.53634
19799: 0.536313
19800: 0.536337
19801: 0.536309
19802: 0.536282
19803: 0.536255
19804: 0.536228
19805: 0.536252
19806: 0.536275
19807: 0.536298
19808: 0.536322
19809: 0.536295
19810: 0.536268
19811: 0.536291
19812: 0.536264
19813: 0.536287
19814: 0.536311
19815: 0.536284
19816: 0.536257
19817: 0.53623
19818: 0.536253
19819: 0.536276
19820: 0.5363
19821: 0.536323
19822: 0.536296
19823: 0.536269
19824: 0.536293
19825: 0.536316
19826: 0.536339
19827: 0.536312
19828: 0.536285
19829: 0.536309
19830: 0.536282
19831: 0.536305
19832: 0.536278
19833: 0.536251
19834: 0.536224
19835: 0.536247
19836: 0.53622
19837: 0.536193
19838: 0.536217
19839: 0.53624
19840: 0.536263
19841: 0.536287
19842: 0.53631
19843: 0.536333
19844: 0.536306
19845: 0.536279
19846: 0.536252
19847: 0.536225
19848: 0.536249
19849: 0.536222
19850: 0.536245
19851: 0.536218
19852: 0.536191
19853: 0.536164
19854: 0.536137
19855: 0.53611
19856: 0.536083
19857: 0.536106
19858: 0.536079
19859: 0.536103
19860: 0.536126
19861: 0.536099
19862: 0.536122
19863: 0.536146
19864: 0.536119
19865: 0.536092
19866: 0.536065
19867: 0.536038
19868: 0.536011
19869: 0.536034
19870: 0.536007
19871: 0.536031
19872: 0.536054
19873: 0.536027
19874: 0.53605
19875: 0.536023
19876: 0.536047
19877: 0.53602
19878: 0.536043
19879: 0.536066
19880: 0.53609
19881: 0.536113
19882: 0.536086
19883: 0.536059
19884: 0.536032
19885: 0.536056
19886: 0.536079
19887: 0.536102
19888: 0.536125
19889: 0.536099
19890: 0.536122
19891: 0.536095
19892: 0.536118
19893: 0.536091
19894: 0.536064
19895: 0.536037
19896: 0.536061
19897: 0.536034
19898: 0.536057
19899: 0.53608
19900: 0.536104
19901: 0.536077
19902: 0.53605
19903: 0.536073
19904: 0.536046
19905: 0.536019
19906: 0.535992
19907: 0.536016
19908: 0.536039
19909: 0.536012
19910: 0.535985
19911: 0.536008
19912: 0.536032
19913: 0.536005
19914: 0.536028
19915: 0.536051
19916: 0.536025
19917: 0.536048
19918: 0.536021
19919: 0.536044
19920: 0.536067
19921: 0.536041
19922: 0.536014
19923: 0.536037
19924: 0.53601
19925: 0.535983
19926: 0.536006
19927: 0.53603
19928: 0.536003
19929: 0.535976
19930: 0.535949
19931: 0.535972
19932: 0.535945
19933: 0.535919
19934: 0.535892
19935: 0.535915
19936: 0.535938
19937: 0.535961
19938: 0.535985
19939: 0.536008
19940: 0.536031
19941: 0.536055
19942: 0.536028
19943: 0.536051
19944: 0.536024
19945: 0.536047
19946: 0.536071
19947: 0.536044
19948: 0.536017
19949: 0.53604
19950: 0.536063
19951: 0.536087
19952: 0.53606
19953: 0.536033
19954: 0.536056
19955: 0.536079
19956: 0.536103
19957: 0.536076
19958: 0.536099
19959: 0.536122
19960: 0.536145
19961: 0.536119
19962: 0.536092
19963: 0.536115
19964: 0.536138
19965: 0.536111
19966: 0.536085
19967: 0.536058
19968: 0.536031
19969: 0.536054
19970: 0.536077
19971: 0.53605
19972: 0.536074
19973: 0.536097
19974: 0.53607
19975: 0.536043
19976: 0.536016
19977: 0.53599
19978: 0.536013
19979: 0.536036
19980: 0.536059
19981: 0.536082
19982: 0.536106
19983: 0.536129
19984: 0.536102
19985: 0.536075
19986: 0.536048
19987: 0.536022
19988: 0.536045
19989: 0.536068
19990: 0.536041
19991: 0.536064
19992: 0.536088
19993: 0.536111
19994: 0.536134
19995: 0.536107
19996: 0.53608
19997: 0.536054
19998: 0.536027
19999: 0.536
20000: 0.535973
20001: 0.535996
20002: 0.53602
20003: 0.536043
20004: 0.536016
20005: 0.535989
20006: 0.536012
20007: 0.536036
20008: 0.536059
20009: 0.536082
20010: 0.536105
20011: 0.536078
20012: 0.536102
20013: 0.536125
20014: 0.536098
20015: 0.536071
20016: 0.536044
20017: 0.536018
20018: 0.536041
20019: 0.536014
20020: 0.535987
20021: 0.53596
20022: 0.535984
20023: 0.535957
20024: 0.53593
20025: 0.535953
20026: 0.535926
20027: 0.5359
20028: 0.535923
20029: 0.535896
20030: 0.535869
20031: 0.535843
20032: 0.535866
20033: 0.535889
20034: 0.535912
20035: 0.535935
20036: 0.535909
20037: 0.535932
20038: 0.535905
20039: 0.535878
20040: 0.535852
20041: 0.535875
20042: 0.535898
20043: 0.535921
20044: 0.535894
20045: 0.535868
20046: 0.535891
20047: 0.535864
20048: 0.535887
20049: 0.53591
20050: 0.535933
20051: 0.535957
20052: 0.53598
20053: 0.536003
20054: 0.536026
20055: 0.535999
20056: 0.535972
20057: 0.535996
20058: 0.536019
20059: 0.536042
20060: 0.536015
20061: 0.536038
20062: 0.536012
20063: 0.535985
20064: 0.536008
20065: 0.535981
20066: 0.535955
20067: 0.535928
20068: 0.535951
20069: 0.535974
20070: 0.535947
20071: 0.535971
20072: 0.535994
20073: 0.535967
20074: 0.53594
20075: 0.535914
20076: 0.535937
20077: 0.53591
20078: 0.535883
20079: 0.535906
20080: 0.53588
20081: 0.535903
20082: 0.535926
20083: 0.535899
20084: 0.535922
20085: 0.535945
20086: 0.535969
20087: 0.535942
20088: 0.535965
20089: 0.535988
20090: 0.536011
20091: 0.536034
20092: 0.536057
20093: 0.53608
20094: 0.536054
20095: 0.536077
20096: 0.5361
20097: 0.536073
20098: 0.536096
20099: 0.536119
20100: 0.536142
20101: 0.536116
20102: 0.536089
20103: 0.536062
20104: 0.536036
20105: 0.536009
20106: 0.535982
20107: 0.536006
20108: 0.536029
20109: 0.536052
20110: 0.536075
20111: 0.536048
20112: 0.536071
20113: 0.536094
20114: 0.536068
20115: 0.536041
20116: 0.536014
20117: 0.535988
20118: 0.535961
20119: 0.535984
20120: 0.536007
20121: 0.535981
20122: 0.535954
20123: 0.535977
20124: 0.53595
20125: 0.535973
20126: 0.535947
20127: 0.53597
20128: 0.535993
20129: 0.535966
20130: 0.535989
20131: 0.535963
20132: 0.535986
20133: 0.535959
20134: 0.535982
20135: 0.535956
20136: 0.535979
20137: 0.535952
20138: 0.535925
20139: 0.535899
20140: 0.535922
20141: 0.535945
20142: 0.535968
20143: 0.535941
20144: 0.535915
20145: 0.535938
20146: 0.535911
20147: 0.535934
20148: 0.535907
20149: 0.535881
20150: 0.535904
20151: 0.535877
20152: 0.535851
20153: 0.535874
20154: 0.535847
20155: 0.535821
20156: 0.535844
20157: 0.535867
20158: 0.53584
20159: 0.535863
20160: 0.535837
20161: 0.53586
20162: 0.535883
20163: 0.535856
20164: 0.535879
20165: 0.535852
20166: 0.535875
20167: 0.535849
20168: 0.535872
20169: 0.535895
20170: 0.535918
20171: 0.535941
20172: 0.535964
20173: 0.535937
20174: 0.535911
20175: 0.535934
20176: 0.535957
20177: 0.53593
20178: 0.535904
20179: 0.535877
20180: 0.535851
20181: 0.535874
20182: 0.535897
20183: 0.53587
20184: 0.535843
20185: 0.535817
20186: 0.53579
20187: 0.535813
20188: 0.535836
20189: 0.53581
20190: 0.535833
20191: 0.535806
20192: 0.53578
20193: 0.535803
20194: 0.535826
20195: 0.535849
20196: 0.535872
20197: 0.535845
20198: 0.535819
20199: 0.535792
20200: 0.535815
20201: 0.535789
20202: 0.535762
20203: 0.535735
20204: 0.535709
20205: 0.535682
20206: 0.535705
20207: 0.535679
20208: 0.535702
20209: 0.535675
20210: 0.535649
20211: 0.535622
20212: 0.535645
20213: 0.535668
20214: 0.535691
20215: 0.535665
20216: 0.535688
20217: 0.535661
20218: 0.535635
20219: 0.535608
20220: 0.535582
20221: 0.535555
20222: 0.535529
20223: 0.535552
20224: 0.535575
20225: 0.535598
20226: 0.535621
20227: 0.535644
20228: 0.535617
20229: 0.535591
20230: 0.535564
20231: 0.535538
20232: 0.535511
20233: 0.535485
20234: 0.535508
20235: 0.535481
20236: 0.535504
20237: 0.535527
20238: 0.535501
20239: 0.535474
20240: 0.535448
20241: 0.535471
20242: 0.535494
20243: 0.535467
20244: 0.53549
20245: 0.535513
20246: 0.535487
20247: 0.53551
20248: 0.535533
20249: 0.535556
20250: 0.535578
20251: 0.535552
20252: 0.535575
20253: 0.535598
20254: 0.535571
20255: 0.535594
20256: 0.535617
20257: 0.535591
20258: 0.535564
20259: 0.535538
20260: 0.535561
20261: 0.535584
20262: 0.535557
20263: 0.53558
20264: 0.535554
20265: 0.535527
20266: 0.53555
20267: 0.535573
20268: 0.535596
20269: 0.53557
20270: 0.535593
20271: 0.535566
20272: 0.535589
20273: 0.535612
20274: 0.535635
20275: 0.535609
20276: 0.535582
20277: 0.535556
20278: 0.535529
20279: 0.535503
20280: 0.535526
20281: 0.535499
20282: 0.535473
20283: 0.535447
20284: 0.53547
20285: 0.535492
20286: 0.535515
20287: 0.535538
20288: 0.535512
20289: 0.535485
20290: 0.535508
20291: 0.535531
20292: 0.535554
20293: 0.535577
20294: 0.535551
20295: 0.535574
20296: 0.535547
20297: 0.535521
20298: 0.535544
20299: 0.535517
20300: 0.535491
20301: 0.535514
20302: 0.535537
20303: 0.535559
20304: 0.535582
20305: 0.535605
20306: 0.535579
20307: 0.535552
20308: 0.535575
20309: 0.535598
20310: 0.535572
20311: 0.535595
20312: 0.535568
20313: 0.535591
20314: 0.535565
20315: 0.535538
20316: 0.535561
20317: 0.535584
20318: 0.535558
20319: 0.535581
20320: 0.535554
20321: 0.535528
20322: 0.535502
20323: 0.535525
20324: 0.535547
20325: 0.535521
20326: 0.535495
20327: 0.535468
20328: 0.535442
20329: 0.535416
20330: 0.535438
20331: 0.535412
20332: 0.535386
20333: 0.535409
20334: 0.535432
20335: 0.535454
20336: 0.535477
20337: 0.5355
20338: 0.535474
20339: 0.535447
20340: 0.535421
20341: 0.535395
20342: 0.535368
20343: 0.535342
20344: 0.535316
20345: 0.535339
20346: 0.535361
20347: 0.535384
20348: 0.535407
20349: 0.535381
20350: 0.535404
20351: 0.535426
20352: 0.535449
20353: 0.535472
20354: 0.535446
20355: 0.535469
20356: 0.535442
20357: 0.535465
20358: 0.535439
20359: 0.535413
20360: 0.535435
20361: 0.535458
20362: 0.535432
20363: 0.535406
20364: 0.535428
20365: 0.535402
20366: 0.535376
20367: 0.535399
20368: 0.535421
20369: 0.535395
20370: 0.535418
20371: 0.535441
20372: 0.535464
20373: 0.535437
20374: 0.535411
20375: 0.535434
20376: 0.535457
20377: 0.535479
20378: 0.535502
20379: 0.535476
20380: 0.53545
20381: 0.535423
20382: 0.535397
20383: 0.535371
20384: 0.535394
20385: 0.535367
20386: 0.53539
20387: 0.535413
20388: 0.535387
20389: 0.53541
20390: 0.535383
20391: 0.535357
20392: 0.53538
20393: 0.535403
20394: 0.535425
20395: 0.535448
20396: 0.535471
20397: 0.535445
20398: 0.535418
20399: 0.535392
20400: 0.535366
20401: 0.535389
20402: 0.535411
20403: 0.535434
20404: 0.535408
20405: 0.535431
20406: 0.535454
20407: 0.535427
20408: 0.535401
20409: 0.535424
20410: 0.535398
20411: 0.53542
20412: 0.535443
20413: 0.535417
20414: 0.53544
20415: 0.535462
20416: 0.535436
20417: 0.535459
20418: 0.535482
20419: 0.535455
20420: 0.535429
20421: 0.535452
20422: 0.535426
20423: 0.5354
20424: 0.535373
20425: 0.535347
20426: 0.535321
20427: 0.535344
20428: 0.535366
20429: 0.53534
20430: 0.535314
20431: 0.535288
20432: 0.535262
20433: 0.535235
20434: 0.535209
20435: 0.535232
20436: 0.535206
20437: 0.535228
20438: 0.535202
20439: 0.535225
20440: 0.535199
20441: 0.535222
20442: 0.535244
20443: 0.535267
20444: 0.53529
20445: 0.535313
20446: 0.535335
20447: 0.535309
20448: 0.535332
20449: 0.535355
20450: 0.535328
20451: 0.535351
20452: 0.535325
20453: 0.535299
20454: 0.535273
20455: 0.535295
20456: 0.535318
20457: 0.535292
20458: 0.535266
20459: 0.535239
20460: 0.535262
20461: 0.535236
20462: 0.53521
20463: 0.535184
20464: 0.535158
20465: 0.535131
20466: 0.535154
20467: 0.535128
20468: 0.535151
20469: 0.535173
20470: 0.535196
20471: 0.535219
20472: 0.535242
20473: 0.535215
20474: 0.535238
20475: 0.535212
20476: 0.535186
20477: 0.53516
20478: 0.535182
20479: 0.535205
20480: 0.535179
20481: 0.535153
20482: 0.535127
20483: 0.535149
20484: 0.535172
20485: 0.535195
20486: 0.535169
20487: 0.535143
20488: 0.535165
20489: 0.535188
20490: 0.535162
20491: 0.535136
20492: 0.535158
20493: 0.535181
20494: 0.535155
20495: 0.535129
20496: 0.535103
20497: 0.535077
20498: 0.53505
20499: 0.535073
20500: 0.535047
20501: 0.53507
20502: 0.535044
20503: 0.535066
20504: 0.535089
20505: 0.535063
20506: 0.535037
20507: 0.535011
20508: 0.535033
20509: 0.535056
20510: 0.535079
20511: 0.535101
20512: 0.535075
20513: 0.535049
20514: 0.535023
20515: 0.534997
20516: 0.534971
20517: 0.534945
20518: 0.534919
20519: 0.534942
20520: 0.534915
20521: 0.534889
20522: 0.534863
20523: 0.534886
20524: 0.534909
20525: 0.534931
20526: 0.534954
20527: 0.534928
20528: 0.534902
20529: 0.534925
20530: 0.534947
20531: 0.534921
20532: 0.534944
20533: 0.534966
20534: 0.534989
20535: 0.534963
20536: 0.534937
20537: 0.53496
20538: 0.534934
20539: 0.534956
20540: 0.53493
20541: 0.534953
20542: 0.534927
20543: 0.534901
20544: 0.534923
20545: 0.534897
20546: 0.534871
20547: 0.534845
20548: 0.534819
20549: 0.534842
20550: 0.534864
20551: 0.534838
20552: 0.534812
20553: 0.534835
20554: 0.534858
20555: 0.53488
20556: 0.534903
20557: 0.534926
20558: 0.534948
20559: 0.534971
20560: 0.534993
20561: 0.534967
20562: 0.53499
20563: 0.535013
20564: 0.534987
20565: 0.534961
20566: 0.534935
20567: 0.534909
20568: 0.534883
20569: 0.534905
20570: 0.534928
20571: 0.534902
20572: 0.534876
20573: 0.534898
20574: 0.534921
20575: 0.534944
20576: 0.534966
20577: 0.53494
20578: 0.534914
20579: 0.534888
20580: 0.534911
20581: 0.534933
20582: 0.534907
20583: 0.53493
20584: 0.534904
20585: 0.534927
20586: 0.534949
20587: 0.534923
20588: 0.534946
20589: 0.53492
20590: 0.534894
20591: 0.534916
20592: 0.534939
20593: 0.534962
20594: 0.534984
20595: 0.534958
20596: 0.534981
20597: 0.534955
20598: 0.534929
20599: 0.534903
20600: 0.534877
20601: 0.5349
20602: 0.534874
20603: 0.534848
20604: 0.53487
20605: 0.534893
20606: 0.534915
20607: 0.534938
20608: 0.53496
20609: 0.534934
20610: 0.534909
20611: 0.534883
20612: 0.534857
20613: 0.534831
20614: 0.534805
20615: 0.534827
20616: 0.53485
20617: 0.534872
20618: 0.534895
20619: 0.534918
20620: 0.53494
20621: 0.534914
20622: 0.534888
20623: 0.534862
20624: 0.534836
20625: 0.53481
20626: 0.534833
20627: 0.534856
20628: 0.53483
20629: 0.534804
20630: 0.534826
20631: 0.5348
20632: 0.534774
20633: 0.534748
20634: 0.534723
20635: 0.534697
20636: 0.534671
20637: 0.534693
20638: 0.534716
20639: 0.534738
20640: 0.534712
20641: 0.534735
20642: 0.534709
20643: 0.534683
20644: 0.534657
20645: 0.53468
20646: 0.534702
20647: 0.534725
20648: 0.534699
20649: 0.534722
20650: 0.534744
20651: 0.534767
20652: 0.534789
20653: 0.534812
20654: 0.534834
20655: 0.534808
20656: 0.534831
20657: 0.534853
20658: 0.534827
20659: 0.53485
20660: 0.534872
20661: 0.534847
20662: 0.534869
20663: 0.534843
20664: 0.534817
20665: 0.534791
20666: 0.534766
20667: 0.53474
20668: 0.534762
20669: 0.534736
20670: 0.53471
20671: 0.534685
20672: 0.534659
20673: 0.534633
20674: 0.534655
20675: 0.534678
20676: 0.534652
20677: 0.534675
20678: 0.534697
20679: 0.534671
20680: 0.534694
20681: 0.534668
20682: 0.53469
20683: 0.534713
20684: 0.534735
20685: 0.534709
20686: 0.534732
20687: 0.534754
20688: 0.534777
20689: 0.534751
20690: 0.534725
20691: 0.534748
20692: 0.534722
20693: 0.534696
20694: 0.534719
20695: 0.534693
20696: 0.534667
20697: 0.534641
20698: 0.534615
20699: 0.534589
20700: 0.534564
20701: 0.534538
20702: 0.53456
20703: 0.534534
20704: 0.534557
20705: 0.534579
20706: 0.534602
20707: 0.534624
20708: 0.534647
20709: 0.534669
20710: 0.534692
20711: 0.534666
20712: 0.534688
20713: 0.534711
20714: 0.534733
20715: 0.534756
20716: 0.534778
20717: 0.534801
20718: 0.534823
20719: 0.534797
20720: 0.534771
20721: 0.534746
20722: 0.53472
20723: 0.534694
20724: 0.534717
20725: 0.534739
20726: 0.534713
20727: 0.534687
20728: 0.53471
20729: 0.534684
20730: 0.534658
20731: 0.534681
20732: 0.534703
20733: 0.534677
20734: 0.534652
20735: 0.534674
20736: 0.534696
20737: 0.534719
20738: 0.534741
20739: 0.534716
20740: 0.534738
20741: 0.534712
20742: 0.534735
20743: 0.534757
20744: 0.534779
20745: 0.534754
20746: 0.534776
20747: 0.534799
20748: 0.534821
20749: 0.534843
20750: 0.534866
20751: 0.534888
20752: 0.534911
20753: 0.534885
20754: 0.534859
20755: 0.534881
20756: 0.534904
20757: 0.534926
20758: 0.534901
20759: 0.534875
20760: 0.534897
20761: 0.53492
20762: 0.534894
20763: 0.534916
20764: 0.534939
20765: 0.534961
20766: 0.534983
20767: 0.535006
20768: 0.535028
20769: 0.535002
20770: 0.535025
20771: 0.534999
20772: 0.535021
20773: 0.535044
20774: 0.535066
20775: 0.535089
20776: 0.535063
20777: 0.535085
20778: 0.535108
20779: 0.53513
20780: 0.535152
20781: 0.535175
20782: 0.535149
20783: 0.535123
20784: 0.535146
20785: 0.53512
20786: 0.535094
20787: 0.535116
20788: 0.535091
20789: 0.535065
20790: 0.535087
20791: 0.535062
20792: 0.535084
20793: 0.535106
20794: 0.535129
20795: 0.535103
20796: 0.535125
20797: 0.5351
20798: 0.535122
20799: 0.535144
20800: 0.535167
20801: 0.535141
20802: 0.535115
20803: 0.535089
20804: 0.535064
20805: 0.535038
20806: 0.535012
20807: 0.535035
20808: 0.535009
20809: 0.534983
20810: 0.534957
20811: 0.53498
20812: 0.534954
20813: 0.534928
20814: 0.534903
20815: 0.534925
20816: 0.534947
20817: 0.53497
20818: 0.534944
20819: 0.534918
20820: 0.534941
20821: 0.534963
20822: 0.534985
20823: 0.535008
20824: 0.534982
20825: 0.535004
20826: 0.534979
20827: 0.535001
20828: 0.534975
20829: 0.53495
20830: 0.534924
20831: 0.534946
20832: 0.534969
20833: 0.534991
20834: 0.534965
20835: 0.53494
20836: 0.534914
20837: 0.534936
20838: 0.534958
20839: 0.534981
20840: 0.535003
20841: 0.534977
20842: 0.534952
20843: 0.534974
20844: 0.534948
20845: 0.534971
20846: 0.534993
20847: 0.534967
20848: 0.53499
20849: 0.534964
20850: 0.534938
20851: 0.534961
20852: 0.534983
20853: 0.534957
20854: 0.534932
20855: 0.534906
20856: 0.53488
20857: 0.534903
20858: 0.534877
20859: 0.534899
20860: 0.534922
20861: 0.534944
20862: 0.534918
20863: 0.534941
20864: 0.534915
20865: 0.534937
20866: 0.534912
20867: 0.534934
20868: 0.534956
20869: 0.534978
20870: 0.535001
20871: 0.535023
20872: 0.535045
20873: 0.53502
20874: 0.534994
20875: 0.534968
20876: 0.534991
20877: 0.535013
20878: 0.535035
20879: 0.535057
20880: 0.53508
20881: 0.535102
20882: 0.535076
20883: 0.535099
20884: 0.535121
20885: 0.535143
20886: 0.535118
20887: 0.535092
20888: 0.535066
20889: 0.535089
20890: 0.535111
20891: 0.535085
20892: 0.535107
20893: 0.535082
20894: 0.535104
20895: 0.535078
20896: 0.535101
20897: 0.535075
20898: 0.53505
20899: 0.535024
20900: 0.535046
20901: 0.535068
20902: 0.535043
20903: 0.535017
20904: 0.535039
20905: 0.535062
20906: 0.535084
20907: 0.535058
20908: 0.535081
20909: 0.535055
20910: 0.535077
20911: 0.535052
20912: 0.535026
20913: 0.535048
20914: 0.535071
20915: 0.535093
20916: 0.535067
20917: 0.535042
20918: 0.535064
20919: 0.535086
20920: 0.535108
20921: 0.53513
20922: 0.535105
20923: 0.535079
20924: 0.535102
20925: 0.535124
20926: 0.535098
20927: 0.53512
20928: 0.535095
20929: 0.535069
20930: 0.535044
20931: 0.535018
20932: 0.534993
20933: 0.534967
20934: 0.534989
20935: 0.535011
20936: 0.534986
20937: 0.53496
20938: 0.534935
20939: 0.534957
20940: 0.534931
20941: 0.534906
20942: 0.534928
20943: 0.53495
20944: 0.534973
20945: 0.534947
20946: 0.534921
20947: 0.534896
20948: 0.534918
20949: 0.534893
20950: 0.534915
20951: 0.534937
20952: 0.534959
20953: 0.534981
20954: 0.535004
20955: 0.535026
20956: 0.535048
20957: 0.53507
20958: 0.535045
20959: 0.535019
20960: 0.534994
20961: 0.534968
20962: 0.53499
20963: 0.534965
20964: 0.534987
20965: 0.535009
20966: 0.534984
20967: 0.534958
20968: 0.53498
20969: 0.534955
20970: 0.534977
20971: 0.534999
20972: 0.534974
20973: 0.534996
20974: 0.53497
20975: 0.534945
20976: 0.534919
20977: 0.534941
20978: 0.534964
20979: 0.534986
20980: 0.53496
20981: 0.534982
20982: 0.535005
20983: 0.534979
20984: 0.535001
20985: 0.534976
20986: 0.53495
20987: 0.534972
20988: 0.534947
20989: 0.534969
20990: 0.534944
20991: 0.534966
20992: 0.534988
20993: 0.534962
20994: 0.534985
20995: 0.535007
20996: 0.535029
20997: 0.535003
20998: 0.535025
20999: 0.535048
21000: 0.535022
21001: 0.535044
21002: 0.535066
21003: 0.535089
21004: 0.535111
21005: 0.535133
21006: 0.535155
21007: 0.535177
21008: 0.535152
21009: 0.535126
21010: 0.535101
21011: 0.535075
21012: 0.53505
21013: 0.535024
21014: 0.534999
21015: 0.534973
21016: 0.534995
21017: 0.535018
21018: 0.53504
21019: 0.535062
21020: 0.535036
21021: 0.535011
21022: 0.534985
21023: 0.535008
21024: 0.53503
21025: 0.535004
21026: 0.534979
21027: 0.535001
21028: 0.535023
21029: 0.534998
21030: 0.53502
21031: 0.535042
21032: 0.535016
21033: 0.534991
21034: 0.534966
21035: 0.53494
21036: 0.534962
21037: 0.534937
21038: 0.534911
21039: 0.534933
21040: 0.534956
21041: 0.53493
21042: 0.534905
21043: 0.534927
21044: 0.534949
21045: 0.534971
21046: 0.534946
21047: 0.53492
21048: 0.534942
21049: 0.534964
21050: 0.534986
21051: 0.534961
21052: 0.534936
21053: 0.534958
21054: 0.53498
21055: 0.534954
21056: 0.534976
21057: 0.534999
21058: 0.534973
21059: 0.534948
21060: 0.53497
21061: 0.534992
21062: 0.534967
21063: 0.534941
21064: 0.534916
21065: 0.534938
21066: 0.53496
21067: 0.534982
21068: 0.535004
21069: 0.535026
21070: 0.535001
21071: 0.535023
21072: 0.534997
21073: 0.535019
21074: 0.535042
21075: 0.535064
21076: 0.535086
21077: 0.535108
21078: 0.535082
21079: 0.535057
21080: 0.535032
21081: 0.535054
21082: 0.535076
21083: 0.535098
21084: 0.53512
21085: 0.535094
21086: 0.535069
21087: 0.535044
21088: 0.535018
21089: 0.53504
21090: 0.535062
21091: 0.535084
21092: 0.535059
21093: 0.535034
21094: 0.535056
21095: 0.535078
21096: 0.535052
21097: 0.535074
21098: 0.535049
21099: 0.535071
21100: 0.535046
21101: 0.53502
21102: 0.535042
21103: 0.535017
21104: 0.535039
21105: 0.535061
21106: 0.535083
21107: 0.535058
21108: 0.535032
21109: 0.535007
21110: 0.535029
21111: 0.535051
21112: 0.535073
21113: 0.535048
21114: 0.535022
21115: 0.535045
21116: 0.535067
21117: 0.535089
21118: 0.535111
21119: 0.535133
21120: 0.535155
21121: 0.535129
21122: 0.535151
21123: 0.535126
21124: 0.535148
21125: 0.535123
21126: 0.535145
21127: 0.535119
21128: 0.535094
21129: 0.535069
21130: 0.535091
21131: 0.535065
21132: 0.53504
21133: 0.535015
21134: 0.534989
21135: 0.534964
21136: 0.534939
21137: 0.534913
21138: 0.534888
21139: 0.534863
21140: 0.534838
21141: 0.534812
21142: 0.534834
21143: 0.534856
21144: 0.534878
21145: 0.534853
21146: 0.534828
21147: 0.534802
21148: 0.534824
21149: 0.534846
21150: 0.534868
21151: 0.534843
21152: 0.534818
21153: 0.534792
21154: 0.534767
21155: 0.534789
21156: 0.534764
21157: 0.534786
21158: 0.534761
21159: 0.534783
21160: 0.534757
21161: 0.534732
21162: 0.534707
21163: 0.534682
21164: 0.534704
21165: 0.534726
21166: 0.534747
21167: 0.534769
21168: 0.534791
21169: 0.534813
21170: 0.534788
21171: 0.53481
21172: 0.534785
21173: 0.53476
21174: 0.534782
21175: 0.534804
21176: 0.534778
21177: 0.534753
21178: 0.534728
21179: 0.53475
21180: 0.534772
21181: 0.534794
21182: 0.534816
21183: 0.534838
21184: 0.534812
21185: 0.534834
21186: 0.534856
21187: 0.534878
21188: 0.5349
21189: 0.534875
21190: 0.53485
21191: 0.534824
21192: 0.534799
21193: 0.534774
21194: 0.534749
21195: 0.534724
21196: 0.534698
21197: 0.53472
21198: 0.534742
21199: 0.534717
21200: 0.534739
21201: 0.534761
21202: 0.534736
21203: 0.53471
21204: 0.534732
21205: 0.534707
21206: 0.534682
21207: 0.534704
21208: 0.534679
21209: 0.534701
21210: 0.534723
21211: 0.534697
21212: 0.534719
21213: 0.534694
21214: 0.534669
21215: 0.534644
21216: 0.534618
21217: 0.53464
21218: 0.534662
21219: 0.534684
21220: 0.534659
21221: 0.534634
21222: 0.534656
21223: 0.534631
21224: 0.534653
21225: 0.534674
21226: 0.534696
21227: 0.534718
21228: 0.53474
21229: 0.534715
21230: 0.53469
21231: 0.534665
21232: 0.534639
21233: 0.534661
21234: 0.534683
21235: 0.534658
21236: 0.53468
21237: 0.534655
21238: 0.534677
21239: 0.534699
21240: 0.534674
21241: 0.534695
21242: 0.53467
21243: 0.534645
21244: 0.534667
21245: 0.534689
21246: 0.534664
21247: 0.534639
21248: 0.534613
21249: 0.534635
21250: 0.53461
21251: 0.534585
21252: 0.53456
21253: 0.534582
21254: 0.534604
21255: 0.534578
21256: 0.5346
21257: 0.534622
21258: 0.534597
21259: 0.534572
21260: 0.534594
21261: 0.534569
21262: 0.534591
21263: 0.534612
21264: 0.534587
21265: 0.534562
21266: 0.534537
21267: 0.534559
21268: 0.534581
21269: 0.534603
21270: 0.534578
21271: 0.534552
21272: 0.534574
21273: 0.534596
21274: 0.534618
21275: 0.534593
21276: 0.534568
21277: 0.53459
21278: 0.534565
21279: 0.534586
21280: 0.534608
21281: 0.534583
21282: 0.534558
21283: 0.53458
21284: 0.534555
21285: 0.53453
21286: 0.534505
21287: 0.53448
21288: 0.534454
21289: 0.534476
21290: 0.534451
21291: 0.534426
21292: 0.534448
21293: 0.53447
21294: 0.534492
21295: 0.534467
21296: 0.534441
21297: 0.534463
21298: 0.534485
21299: 0.534507
21300: 0.534529
21301: 0.534551
21302: 0.534526
21303: 0.534501
21304: 0.534475
21305: 0.53445
21306: 0.534472
21307: 0.534494
21308: 0.534516
21309: 0.534491
21310: 0.534466
21311: 0.534441
21312: 0.534416
21313: 0.534437
21314: 0.534459
21315: 0.534481
21316: 0.534456
21317: 0.534478
21318: 0.5345
21319: 0.534475
21320: 0.53445
21321: 0.534471
21322: 0.534493
21323: 0.534468
21324: 0.534443
21325: 0.534465
21326: 0.534487
21327: 0.534509
21328: 0.53453
21329: 0.534552
21330: 0.534527
21331: 0.534502
21332: 0.534477
21333: 0.534499
21334: 0.534521
21335: 0.534496
21336: 0.534471
21337: 0.534492
21338: 0.534467
21339: 0.534489
21340: 0.534511
21341: 0.534533
21342: 0.534508
21343: 0.534483
21344: 0.534458
21345: 0.53448
21346: 0.534501
21347: 0.534523
21348: 0.534498
21349: 0.534473
21350: 0.534448
21351: 0.534423
21352: 0.534445
21353: 0.53442
21354: 0.534442
21355: 0.534463
21356: 0.534438
21357: 0.534413
21358: 0.534388
21359: 0.53441
21360: 0.534385
21361: 0.53436
21362: 0.534335
21363: 0.53431
21364: 0.534332
21365: 0.534307
21366: 0.534329
21367: 0.534304
21368: 0.534279
21369: 0.534254
21370: 0.534275
21371: 0.53425
21372: 0.534225
21373: 0.534247
21374: 0.534222
21375: 0.534244
21376: 0.534219
21377: 0.534241
21378: 0.534216
21379: 0.534191
21380: 0.534166
21381: 0.534141
21382: 0.534116
21383: 0.534091
21384: 0.534066
21385: 0.534041
21386: 0.534016
21387: 0.533991
21388: 0.533966
21389: 0.533988
21390: 0.53401
21391: 0.533985
21392: 0.534006
21393: 0.533981
21394: 0.533957
21395: 0.533932
21396: 0.533953
21397: 0.533928
21398: 0.533903
21399: 0.533879
21400: 0.5339
21401: 0.533875
21402: 0.53385
21403: 0.533825
21404: 0.533847
21405: 0.533869
21406: 0.533891
21407: 0.533913
21408: 0.533934
21409: 0.533909
21410: 0.533931
21411: 0.533953
21412: 0.533975
21413: 0.53395
21414: 0.533925
21415: 0.533947
21416: 0.533922
21417: 0.533943
21418: 0.533965
21419: 0.533987
21420: 0.534009
21421: 0.533984
21422: 0.533959
21423: 0.533934
21424: 0.533956
21425: 0.533977
21426: 0.533999
21427: 0.534021
21428: 0.534043
21429: 0.534018
21430: 0.533993
21431: 0.533968
21432: 0.53399
21433: 0.533965
21434: 0.533986
21435: 0.534008
21436: 0.533983
21437: 0.534005
21438: 0.534027
21439: 0.534049
21440: 0.53407
21441: 0.534092
21442: 0.534114
21443: 0.534089
21444: 0.534064
21445: 0.534086
21446: 0.534107
21447: 0.534082
21448: 0.534104
21449: 0.534079
21450: 0.534101
21451: 0.534076
21452: 0.534051
21453: 0.534073
21454: 0.534048
21455: 0.53407
21456: 0.534091
21457: 0.534113
21458: 0.534135
21459: 0.534157
21460: 0.534132
21461: 0.534107
21462: 0.534082
21463: 0.534057
21464: 0.534032
21465: 0.534054
21466: 0.534076
21467: 0.534051
21468: 0.534072
21469: 0.534094
21470: 0.534116
21471: 0.534091
21472: 0.534066
21473: 0.534041
21474: 0.534063
21475: 0.534085
21476: 0.53406
21477: 0.534035
21478: 0.53401
21479: 0.534032
21480: 0.534007
21481: 0.533982
21482: 0.534004
21483: 0.534025
21484: 0.534
21485: 0.534022
21486: 0.534044
21487: 0.534066
21488: 0.534087
21489: 0.534062
21490: 0.534084
21491: 0.534106
21492: 0.534081
21493: 0.534056
21494: 0.534031
21495: 0.534006
21496: 0.533981
21497: 0.534003
21498: 0.534025
21499: 0.534047
21500: 0.534068
21501: 0.53409
21502: 0.534065
21503: 0.534087
21504: 0.534062
21505: 0.534037
21506: 0.534059
21507: 0.53408
21508: 0.534102
21509: 0.534124
21510: 0.534145
21511: 0.534167
21512: 0.534189
21513: 0.53421
21514: 0.534232
21515: 0.534207
21516: 0.534229
21517: 0.53425
21518: 0.534226
21519: 0.534247
21520: 0.534269
21521: 0.534244
21522: 0.534219
21523: 0.534241
21524: 0.534262
21525: 0.534238
21526: 0.534259
21527: 0.534281
21528: 0.534256
21529: 0.534231
21530: 0.534253
21531: 0.534275
21532: 0.53425
21533: 0.534271
21534: 0.534247
21535: 0.534222
21536: 0.534243
21537: 0.534265
21538: 0.534287
21539: 0.534262
21540: 0.534237
21541: 0.534212
21542: 0.534234
21543: 0.534255
21544: 0.534277
21545: 0.534252
21546: 0.534274
21547: 0.534296
21548: 0.534317
21549: 0.534292
21550: 0.534268
21551: 0.534289
21552: 0.534311
21553: 0.534332
21554: 0.534354
21555: 0.534376
21556: 0.534397
21557: 0.534419
21558: 0.53444
21559: 0.534416
21560: 0.534391
21561: 0.534366
21562: 0.534388
21563: 0.534363
21564: 0.534384
21565: 0.53436
21566: 0.534335
21567: 0.53431
21568: 0.534332
21569: 0.534307
21570: 0.534282
21571: 0.534257
21572: 0.534279
21573: 0.534254
21574: 0.534229
21575: 0.534251
21576: 0.534273
21577: 0.534248
21578: 0.534269
21579: 0.534291
21580: 0.534313
21581: 0.534334
21582: 0.534356
21583: 0.534331
21584: 0.534306
21585: 0.534328
21586: 0.534303
21587: 0.534325
21588: 0.534346
21589: 0.534368
21590: 0.534389
21591: 0.534365
21592: 0.534386
21593: 0.534408
21594: 0.534383
21595: 0.534358
21596: 0.53438
21597: 0.534401
21598: 0.534423
21599: 0.534444
21600: 0.53442
21601: 0.534441
21602: 0.534417
21603: 0.534438
21604: 0.53446
21605: 0.534435
21606: 0.534456
21607: 0.534432
21608: 0.534407
21609: 0.534382
21610: 0.534358
21611: 0.534333
21612: 0.534354
21613: 0.534376
21614: 0.534397
21615: 0.534373
21616: 0.534348
21617: 0.53437
21618: 0.534391
21619: 0.534366
21620: 0.534388
21621: 0.534409
21622: 0.534385
21623: 0.53436
21624: 0.534335
21625: 0.534357
21626: 0.534378
21627: 0.5344
21628: 0.534421
21629: 0.534443
21630: 0.534418
21631: 0.534393
21632: 0.534369
21633: 0.534344
21634: 0.534366
21635: 0.534341
21636: 0.534362
21637: 0.534384
21638: 0.534359
21639: 0.534335
21640: 0.53431
21641: 0.534331
21642: 0.534307
21643: 0.534282
21644: 0.534257
21645: 0.534279
21646: 0.5343
21647: 0.534322
21648: 0.534297
21649: 0.534319
21650: 0.53434
21651: 0.534362
21652: 0.534383
21653: 0.534405
21654: 0.53438
21655: 0.534355
21656: 0.534377
21657: 0.534352
21658: 0.534374
21659: 0.534349
21660: 0.534371
21661: 0.534392
21662: 0.534367
21663: 0.534343
21664: 0.534318
21665: 0.534293
21666: 0.534269
21667: 0.53429
21668: 0.534266
21669: 0.534287
21670: 0.534262
21671: 0.534284
21672: 0.534305
21673: 0.534327
21674: 0.534348
21675: 0.53437
21676: 0.534345
21677: 0.534321
21678: 0.534342
21679: 0.534363
21680: 0.534385
21681: 0.534406
21682: 0.534428
21683: 0.534449
21684: 0.534471
21685: 0.534492
21686: 0.534514
21687: 0.534489
21688: 0.534464
21689: 0.53444
21690: 0.534461
21691: 0.534437
21692: 0.534412
21693: 0.534433
21694: 0.534409
21695: 0.534384
21696: 0.534406
21697: 0.534381
21698: 0.534403
21699: 0.534378
21700: 0.534353
21701: 0.534375
21702: 0.534396
21703: 0.534372
21704: 0.534347
21705: 0.534322
21706: 0.534298
21707: 0.534273
21708: 0.534248
21709: 0.534224
21710: 0.534245
21711: 0.534221
21712: 0.534196
21713: 0.534218
21714: 0.534193
21715: 0.534168
21716: 0.53419
21717: 0.534211
21718: 0.534233
21719: 0.534254
21720: 0.534276
21721: 0.534297
21722: 0.534318
21723: 0.53434
21724: 0.534315
21725: 0.534291
21726: 0.534312
21727: 0.534288
21728: 0.534309
21729: 0.53433
21730: 0.534306
21731: 0.534327
21732: 0.534303
21733: 0.534278
21734: 0.534254
21735: 0.534275
21736: 0.53425
21737: 0.534272
21738: 0.534247
21739: 0.534223
21740: 0.534198
21741: 0.534173
21742: 0.534149
21743: 0.53417
21744: 0.534192
21745: 0.534167
21746: 0.534189
21747: 0.53421
21748: 0.534231
21749: 0.534253
21750: 0.534228
21751: 0.53425
21752: 0.534271
21753: 0.534247
21754: 0.534268
21755: 0.534289
21756: 0.534311
21757: 0.534332
21758: 0.534308
21759: 0.534329
21760: 0.534304
21761: 0.534326
21762: 0.534347
21763: 0.534369
21764: 0.534344
21765: 0.53432
21766: 0.534341
21767: 0.534362
21768: 0.534338
21769: 0.534313
21770: 0.534289
21771: 0.534264
21772: 0.53424
21773: 0.534261
21774: 0.534282
21775: 0.534304
21776: 0.534325
21777: 0.534347
21778: 0.534368
21779: 0.534343
21780: 0.534319
21781: 0.534294
21782: 0.534316
21783: 0.534291
21784: 0.534267
21785: 0.534242
21786: 0.534264
21787: 0.534285
21788: 0.534306
21789: 0.534282
21790: 0.534303
21791: 0.534279
21792: 0.5343
21793: 0.534321
21794: 0.534343
21795: 0.534364
21796: 0.53434
21797: 0.534361
21798: 0.534382
21799: 0.534358
21800: 0.534333
21801: 0.534355
21802: 0.53433
21803: 0.534306
21804: 0.534281
21805: 0.534257
21806: 0.534232
21807: 0.534253
21808: 0.534275
21809: 0.534296
21810: 0.534318
21811: 0.534339
21812: 0.534314
21813: 0.53429
21814: 0.534311
21815: 0.534287
21816: 0.534262
21817: 0.534238
21818: 0.534259
21819: 0.53428
21820: 0.534302
21821: 0.534323
21822: 0.534299
21823: 0.53432
21824: 0.534341
21825: 0.534363
21826: 0.534384
21827: 0.53436
21828: 0.534381
21829: 0.534356
21830: 0.534378
21831: 0.534399
21832: 0.53442
21833: 0.534396
21834: 0.534417
21835: 0.534439
21836: 0.53446
21837: 0.534435
21838: 0.534457
21839: 0.534478
21840: 0.534499
21841: 0.534521
21842: 0.534542
21843: 0.534563
21844: 0.534585
21845: 0.534606
21846: 0.534627
21847: 0.534648
21848: 0.534624
21849: 0.534645
21850: 0.534667
21851: 0.534642
21852: 0.534618
21853: 0.534639
21854: 0.534615
21855: 0.53459
21856: 0.534611
21857: 0.534587
21858: 0.534608
21859: 0.534629
21860: 0.534605
21861: 0.534626
21862: 0.534648
21863: 0.534623
21864: 0.534599
21865: 0.53462
21866: 0.534641
21867: 0.534617
21868: 0.534638
21869: 0.534659
21870: 0.534635
21871: 0.53461
21872: 0.534586
21873: 0.534562
21874: 0.534583
21875: 0.534604
21876: 0.534625
21877: 0.534647
21878: 0.534622
21879: 0.534644
21880: 0.534665
21881: 0.53464
21882: 0.534662
21883: 0.534683
21884: 0.534704
21885: 0.534725
21886: 0.534747
21887: 0.534722
21888: 0.534743
21889: 0.534719
21890: 0.53474
21891: 0.534762
21892: 0.534783
21893: 0.534804
21894: 0.534825
21895: 0.534847
21896: 0.534868
21897: 0.534889
21898: 0.53491
21899: 0.534932
21900: 0.534953
21901: 0.534928
21902: 0.534904
21903: 0.534879
21904: 0.534901
21905: 0.534922
21906: 0.534898
21907: 0.534873
21908: 0.534894
21909: 0.534916
21910: 0.534891
21911: 0.534867
21912: 0.534888
21913: 0.534864
21914: 0.534885
21915: 0.53486
21916: 0.534882
21917: 0.534857
21918: 0.534878
21919: 0.5349
21920: 0.534921
21921: 0.534896
21922: 0.534918
21923: 0.534939
21924: 0.534914
21925: 0.53489
21926: 0.534911
21927: 0.534887
21928: 0.534908
21929: 0.534929
21930: 0.534905
21931: 0.534881
21932: 0.534902
21933: 0.534877
21934: 0.534853
21935: 0.534829
21936: 0.53485
21937: 0.534871
21938: 0.534892
21939: 0.534913
21940: 0.534935
21941: 0.534956
21942: 0.534931
21943: 0.534907
21944: 0.534883
21945: 0.534858
21946: 0.534879
21947: 0.534901
21948: 0.534876
21949: 0.534852
21950: 0.534828
21951: 0.534803
21952: 0.534824
21953: 0.534846
21954: 0.534821
21955: 0.534797
21956: 0.534818
21957: 0.534839
21958: 0.534815
21959: 0.534791
21960: 0.534766
21961: 0.534787
21962: 0.534809
21963: 0.53483
21964: 0.534805
21965: 0.534781
21966: 0.534802
21967: 0.534823
21968: 0.534799
21969: 0.534775
21970: 0.534796
21971: 0.534817
21972: 0.534838
21973: 0.534814
21974: 0.53479
21975: 0.534811
21976: 0.534832
21977: 0.534808
21978: 0.534829
21979: 0.534804
21980: 0.534826
21981: 0.534847
21982: 0.534868
21983: 0.534844
21984: 0.534865
21985: 0.534886
21986: 0.534862
21987: 0.534883
21988: 0.534904
21989: 0.534925
21990: 0.534901
21991: 0.534876
21992: 0.534852
21993: 0.534873
21994: 0.534894
21995: 0.534915
21996: 0.534937
21997: 0.534912
21998: 0.534888
21999: 0.534909
22000: 0.534885
22001: 0.53486
22002: 0.534836
22003: 0.534857
22004: 0.534878
22005: 0.534854
22006: 0.53483
22007: 0.534806
22008: 0.534781
22009: 0.534802
22010: 0.534778
22011: 0.534754
22012: 0.534775
22013: 0.534751
22014: 0.534726
22015: 0.534747
22016: 0.534769
22017: 0.534744
22018: 0.534765
22019: 0.534787
22020: 0.534762
22021: 0.534783
22022: 0.534759
22023: 0.53478
22024: 0.534801
22025: 0.534822
22026: 0.534844
22027: 0.534865
22028: 0.53484
22029: 0.534862
22030: 0.534883
22031: 0.534904
22032: 0.534925
22033: 0.534901
22034: 0.534922
22035: 0.534897
22036: 0.534919
22037: 0.53494
22038: 0.534915
22039: 0.534936
22040: 0.534958
22041: 0.534933
22042: 0.534909
22043: 0.534885
22044: 0.534861
22045: 0.534882
22046: 0.534903
22047: 0.534924
22048: 0.534945
22049: 0.534966
22050: 0.534987
22051: 0.534963
22052: 0.534984
22053: 0.53496
22054: 0.534935
22055: 0.534911
22056: 0.534887
22057: 0.534863
22058: 0.534838
22059: 0.534814
22060: 0.534835
22061: 0.534811
22062: 0.534832
22063: 0.534853
22064: 0.534874
22065: 0.534895
22066: 0.534871
22067: 0.534892
22068: 0.534913
22069: 0.534934
22070: 0.53491
22071: 0.534886
22072: 0.534862
22073: 0.534883
22074: 0.534858
22075: 0.53488
22076: 0.534901
22077: 0.534922
22078: 0.534897
22079: 0.534918
22080: 0.53494
22081: 0.534961
22082: 0.534936
22083: 0.534957
22084: 0.534978
22085: 0.535
22086: 0.535021
22087: 0.535042
22088: 0.535017
22089: 0.534993
22090: 0.535014
22091: 0.53499
22092: 0.534966
22093: 0.534942
22094: 0.534917
22095: 0.534893
22096: 0.534914
22097: 0.534935
22098: 0.534956
22099: 0.534932
22100: 0.534953
22101: 0.534974
22102: 0.534995
22103: 0.535016
22104: 0.535037
22105: 0.535058
22106: 0.535034
22107: 0.53501
22108: 0.535031
22109: 0.535007
22110: 0.535028
22111: 0.535049
22112: 0.535025
22113: 0.535
22114: 0.535021
22115: 0.535043
22116: 0.535018
22117: 0.534994
22118: 0.53497
22119: 0.534991
22120: 0.534967
22121: 0.534943
22122: 0.534964
22123: 0.534985
22124: 0.535006
22125: 0.535027
22126: 0.535048
22127: 0.535069
22128: 0.53509
22129: 0.535111
22130: 0.535132
22131: 0.535153
22132: 0.535174
22133: 0.53515
22134: 0.535171
22135: 0.535146
22136: 0.535167
22137: 0.535188
22138: 0.535164
22139: 0.53514
22140: 0.535116
22141: 0.535137
22142: 0.535113
22143: 0.535134
22144: 0.535155
22145: 0.53513
22146: 0.535106
22147: 0.535082
22148: 0.535103
22149: 0.535124
22150: 0.5351
22151: 0.535121
22152: 0.535097
22153: 0.535118
22154: 0.535139
22155: 0.53516
22156: 0.535181
22157: 0.535157
22158: 0.535178
22159: 0.535199
22160: 0.53522
22161: 0.535241
22162: 0.535261
22163: 0.535282
22164: 0.535303
22165: 0.535324
22166: 0.535345
22167: 0.535321
22168: 0.535342
22169: 0.535363
22170: 0.535384
22171: 0.53536
22172: 0.535381
22173: 0.535357
22174: 0.535378
22175: 0.535399
22176: 0.53542
22177: 0.535395
22178: 0.535416
22179: 0.535437
22180: 0.535413
22181: 0.535434
22182: 0.535455
22183: 0.535476
22184: 0.535452
22185: 0.535428
22186: 0.535404
22187: 0.535425
22188: 0.535445
22189: 0.535466
22190: 0.535487
22191: 0.535463
22192: 0.535439
22193: 0.53546
22194: 0.535481
22195: 0.535502
22196: 0.535478
22197: 0.535499
22198: 0.53552
22199: 0.535541
22200: 0.535561
22201: 0.535537
22202: 0.535513
22203: 0.535489
22204: 0.53551
22205: 0.535531
22206: 0.535507
22207: 0.535528
22208: 0.535549
22209: 0.535525
22210: 0.5355
22211: 0.535476
22212: 0.535452
22213: 0.535473
22214: 0.535494
22215: 0.535515
22216: 0.535536
22217: 0.535557
22218: 0.535533
22219: 0.535509
22220: 0.535529
22221: 0.535505
22222: 0.535481
22223: 0.535457
22224: 0.535478
22225: 0.535454
22226: 0.53543
22227: 0.535451
22228: 0.535472
22229: 0.535448
22230: 0.535424
22231: 0.535399
22232: 0.535375
22233: 0.535351
22234: 0.535327
22235: 0.535303
22236: 0.535279
22237: 0.535255
22238: 0.535276
22239: 0.535297
22240: 0.535318
22241: 0.535339
22242: 0.535359
22243: 0.535335
22244: 0.535356
22245: 0.535332
22246: 0.535308
22247: 0.535284
22248: 0.535305
22249: 0.535326
22250: 0.535302
22251: 0.535278
22252: 0.535299
22253: 0.535275
22254: 0.535295
22255: 0.535271
22256: 0.535247
22257: 0.535223
22258: 0.535199
22259: 0.535175
22260: 0.535196
22261: 0.535217
22262: 0.535238
22263: 0.535214
22264: 0.53519
22265: 0.535166
22266: 0.535142
22267: 0.535163
22268: 0.535139
22269: 0.535115
22270: 0.535135
22271: 0.535156
22272: 0.535132
22273: 0.535108
22274: 0.535129
22275: 0.53515
22276: 0.535171
22277: 0.535192
22278: 0.535213
22279: 0.535189
22280: 0.535209
22281: 0.53523
22282: 0.535206
22283: 0.535182
22284: 0.535158
22285: 0.535134
22286: 0.535155
22287: 0.535176
22288: 0.535197
22289: 0.535218
22290: 0.535238
22291: 0.535214
22292: 0.53519
22293: 0.535211
22294: 0.535187
22295: 0.535163
22296: 0.535139
22297: 0.535115
22298: 0.535091
22299: 0.535067
22300: 0.535088
22301: 0.535109
22302: 0.535085
22303: 0.535106
22304: 0.535082
22305: 0.535058
22306: 0.535034
22307: 0.535055
22308: 0.535031
22309: 0.535007
22310: 0.535028
22311: 0.535004
22312: 0.535024
22313: 0.535045
22314: 0.535066
22315: 0.535087
22316: 0.535108
22317: 0.535084
22318: 0.53506
22319: 0.535081
22320: 0.535101
22321: 0.535122
22322: 0.535098
22323: 0.535119
22324: 0.53514
22325: 0.535161
22326: 0.535182
22327: 0.535202
22328: 0.535223
22329: 0.535199
22330: 0.53522
22331: 0.535241
22332: 0.535262
22333: 0.535238
22334: 0.535259
22335: 0.535235
22336: 0.535255
22337: 0.535276
22338: 0.535297
22339: 0.535273
22340: 0.535249
22341: 0.53527
22342: 0.535246
22343: 0.535222
22344: 0.535198
22345: 0.535219
22346: 0.53524
22347: 0.53526
22348: 0.535236
22349: 0.535257
22350: 0.535233
22351: 0.535254
22352: 0.535275
22353: 0.535251
22354: 0.535227
22355: 0.535203
22356: 0.535179
22357: 0.535155
22358: 0.535176
22359: 0.535197
22360: 0.535173
22361: 0.535194
22362: 0.535214
22363: 0.535235
22364: 0.535256
22365: 0.535277
22366: 0.535253
22367: 0.535229
22368: 0.53525
22369: 0.535226
22370: 0.535247
22371: 0.535267
22372: 0.535243
22373: 0.535264
22374: 0.535285
22375: 0.535261
22376: 0.535282
22377: 0.535258
22378: 0.535234
22379: 0.53521
22380: 0.535231
22381: 0.535252
22382: 0.535272
22383: 0.535293
22384: 0.535269
22385: 0.53529
22386: 0.535266
22387: 0.535287
22388: 0.535308
22389: 0.535328
22390: 0.535349
22391: 0.53537
22392: 0.535391
22393: 0.535411
22394: 0.535387
22395: 0.535363
22396: 0.535384
22397: 0.53536
22398: 0.535336
22399: 0.535312
22400: 0.535289
22401: 0.535265
22402: 0.535241
22403: 0.535262
22404: 0.535282
22405: 0.535258
22406: 0.535279
22407: 0.535255
22408: 0.535276
22409: 0.535297
22410: 0.535317
22411: 0.535338
22412: 0.535314
22413: 0.53529
22414: 0.535267
22415: 0.535287
22416: 0.535263
22417: 0.53524
22418: 0.535216
22419: 0.535236
22420: 0.535257
22421: 0.535278
22422: 0.535299
22423: 0.535319
22424: 0.53534
22425: 0.535361
22426: 0.535381
22427: 0.535358
22428: 0.535378
22429: 0.535399
22430: 0.53542
22431: 0.53544
22432: 0.535417
22433: 0.535393
22434: 0.535413
22435: 0.53539
22436: 0.53541
22437: 0.535431
22438: 0.535452
22439: 0.535472
22440: 0.535449
22441: 0.535425
22442: 0.535445
22443: 0.535466
22444: 0.535487
22445: 0.535507
22446: 0.535484
22447: 0.53546
22448: 0.535436
22449: 0.535412
22450: 0.535433
22451: 0.535453
22452: 0.53543
22453: 0.53545
22454: 0.535471
22455: 0.535492
22456: 0.535512
22457: 0.535533
22458: 0.535509
22459: 0.53553
22460: 0.535506
22461: 0.535527
22462: 0.535547
22463: 0.535568
22464: 0.535589
22465: 0.535565
22466: 0.535541
22467: 0.535562
22468: 0.535582
22469: 0.535559
22470: 0.535535
22471: 0.535511
22472: 0.535532
22473: 0.535552
22474: 0.535528
22475: 0.535549
22476: 0.535525
22477: 0.535546
22478: 0.535567
22479: 0.535587
22480: 0.535608
22481: 0.535629
22482: 0.535605
22483: 0.535581
22484: 0.535602
22485: 0.535578
22486: 0.535598
22487: 0.535619
22488: 0.535595
22489: 0.535571
22490: 0.535548
22491: 0.535568
22492: 0.535544
22493: 0.535521
22494: 0.535541
22495: 0.535517
22496: 0.535494
22497: 0.53547
22498: 0.535446
22499: 0.535467
22500: 0.535487
22501: 0.535464
22502: 0.535484
22503: 0.535505
22504: 0.535481
22505: 0.535457
22506: 0.535433
22507: 0.53541
22508: 0.53543
22509: 0.535451
22510: 0.535472
22511: 0.535492
22512: 0.535513
22513: 0.535489
22514: 0.53551
22515: 0.535486
22516: 0.535507
22517: 0.535527
22518: 0.535503
22519: 0.53548
22520: 0.5355
22521: 0.535476
22522: 0.535453
22523: 0.535429
22524: 0.535405
22525: 0.535381
22526: 0.535402
22527: 0.535378
22528: 0.535399
22529: 0.535419
22530: 0.53544
22531: 0.535416
22532: 0.535393
22533: 0.535413
22534: 0.535434
22535: 0.535454
22536: 0.535431
22537: 0.535451
22538: 0.535427
22539: 0.535404
22540: 0.535424
22541: 0.535445
22542: 0.535466
22543: 0.535442
22544: 0.535462
22545: 0.535483
22546: 0.535459
22547: 0.535436
22548: 0.535456
22549: 0.535477
22550: 0.535497
22551: 0.535474
22552: 0.53545
22553: 0.53547
22554: 0.535491
22555: 0.535512
22556: 0.535488
22557: 0.535464
22558: 0.535485
22559: 0.535505
22560: 0.535526
22561: 0.535546
22562: 0.535567
22563: 0.535543
22564: 0.535564
22565: 0.535585
22566: 0.535605
22567: 0.535626
22568: 0.535646
22569: 0.535623
22570: 0.535599
22571: 0.535619
22572: 0.53564
22573: 0.535616
22574: 0.535637
22575: 0.535613
22576: 0.535634
22577: 0.535654
22578: 0.535675
22579: 0.535695
22580: 0.535672
22581: 0.535692
22582: 0.535668
22583: 0.535645
22584: 0.535665
22585: 0.535686
22586: 0.535706
22587: 0.535727
22588: 0.535703
22589: 0.53568
22590: 0.535656
22591: 0.535632
22592: 0.535653
22593: 0.535673
22594: 0.535649
22595: 0.535626
22596: 0.535602
22597: 0.535623
22598: 0.535599
22599: 0.535575
22600: 0.535552
22601: 0.535572
22602: 0.535593
22603: 0.535613
22604: 0.535589
22605: 0.53561
22606: 0.535631
22607: 0.535651
22608: 0.535672
22609: 0.535692
22610: 0.535668
22611: 0.535689
22612: 0.53571
22613: 0.53573
22614: 0.535751
22615: 0.535771
22616: 0.535792
22617: 0.535812
22618: 0.535833
22619: 0.535853
22620: 0.53583
22621: 0.535806
22622: 0.535782
22623: 0.535758
22624: 0.535735
22625: 0.535711
22626: 0.535687
22627: 0.535664
22628: 0.53564
22629: 0.535661
22630: 0.535681
22631: 0.535657
22632: 0.535634
22633: 0.535654
22634: 0.535631
22635: 0.535607
22636: 0.535628
22637: 0.535648
22638: 0.535669
22639: 0.535689
22640: 0.53571
22641: 0.535686
22642: 0.535706
22643: 0.535727
22644: 0.535703
22645: 0.53568
22646: 0.535656
22647: 0.535676
22648: 0.535697
22649: 0.535673
22650: 0.535694
22651: 0.53567
22652: 0.535691
22653: 0.535711
22654: 0.535732
22655: 0.535752
22656: 0.535773
22657: 0.535749
22658: 0.535769
22659: 0.53579
22660: 0.535766
22661: 0.535787
22662: 0.535763
22663: 0.535739
22664: 0.535716
22665: 0.535736
22666: 0.535757
22667: 0.535777
22668: 0.535798
22669: 0.535774
22670: 0.535795
22671: 0.535771
22672: 0.535791
22673: 0.535812
22674: 0.535832
22675: 0.535809
22676: 0.535829
22677: 0.535806
22678: 0.535782
22679: 0.535758
22680: 0.535779
22681: 0.535755
22682: 0.535776
22683: 0.535752
22684: 0.535773
22685: 0.535749
22686: 0.535725
22687: 0.535702
22688: 0.535722
22689: 0.535699
22690: 0.535675
22691: 0.535695
22692: 0.535672
22693: 0.535692
22694: 0.535713
22695: 0.535689
22696: 0.53571
22697: 0.535686
22698: 0.535662
22699: 0.535683
22700: 0.535703
22701: 0.53568
22702: 0.535656
22703: 0.535677
22704: 0.535697
22705: 0.535717
22706: 0.535738
22707: 0.535758
22708: 0.535779
22709: 0.535755
22710: 0.535732
22711: 0.535708
22712: 0.535728
22713: 0.535749
22714: 0.535769
22715: 0.53579
22716: 0.535766
22717: 0.535743
22718: 0.535763
22719: 0.535739
22720: 0.535716
22721: 0.535736
22722: 0.535713
22723: 0.535689
22724: 0.535666
22725: 0.535642
22726: 0.535618
22727: 0.535595
22728: 0.535615
22729: 0.535636
22730: 0.535612
22731: 0.535589
22732: 0.535609
22733: 0.535629
22734: 0.53565
22735: 0.53567
22736: 0.535647
22737: 0.535667
22738: 0.535688
22739: 0.535708
22740: 0.535728
22741: 0.535749
22742: 0.535769
22743: 0.53579
22744: 0.53581
22745: 0.53583
22746: 0.535807
22747: 0.535783
22748: 0.535804
22749: 0.535824
22750: 0.535845
22751: 0.535821
22752: 0.535841
22753: 0.535818
22754: 0.535838
22755: 0.535859
22756: 0.535835
22757: 0.535856
22758: 0.535876
22759: 0.535896
22760: 0.535873
22761: 0.535849
22762: 0.53587
22763: 0.535846
22764: 0.535823
22765: 0.535843
22766: 0.535819
22767: 0.535796
22768: 0.535772
22769: 0.535793
22770: 0.535813
22771: 0.53579
22772: 0.535766
22773: 0.535786
22774: 0.535763
22775: 0.535783
22776: 0.535804
22777: 0.535824
22778: 0.535801
22779: 0.535777
22780: 0.535753
22781: 0.535774
22782: 0.535794
22783: 0.535815
22784: 0.535791
22785: 0.535811
22786: 0.535788
22787: 0.535764
22788: 0.535741
22789: 0.535761
22790: 0.535738
22791: 0.535714
22792: 0.535735
22793: 0.535711
22794: 0.535732
22795: 0.535752
22796: 0.535728
22797: 0.535749
22798: 0.535769
22799: 0.535789
22800: 0.53581
22801: 0.535786
22802: 0.535763
22803: 0.535783
22804: 0.535804
22805: 0.53578
22806: 0.535757
22807: 0.535733
22808: 0.53571
22809: 0.535686
22810: 0.535706
22811: 0.535683
22812: 0.535659
22813: 0.535636
22814: 0.535613
22815: 0.535589
22816: 0.535609
22817: 0.535586
22818: 0.535606
22819: 0.535583
22820: 0.535603
22821: 0.535624
22822: 0.535644
22823: 0.53562
22824: 0.535597
22825: 0.535617
22826: 0.535594
22827: 0.53557
22828: 0.535591
22829: 0.535567
22830: 0.535588
22831: 0.535564
22832: 0.535541
22833: 0.535517
22834: 0.535538
22835: 0.535514
22836: 0.535534
22837: 0.535555
22838: 0.535575
22839: 0.535595
22840: 0.535616
22841: 0.535592
22842: 0.535613
22843: 0.535633
22844: 0.535653
22845: 0.53563
22846: 0.53565
22847: 0.535627
22848: 0.535603
22849: 0.535624
22850: 0.535644
22851: 0.535621
22852: 0.535641
22853: 0.535617
22854: 0.535638
22855: 0.535614
22856: 0.535635
22857: 0.535611
22858: 0.535631
22859: 0.535652
22860: 0.535672
22861: 0.535692
22862: 0.535713
22863: 0.535733
22864: 0.535753
22865: 0.53573
22866: 0.535706
22867: 0.535683
22868: 0.53566
22869: 0.535636
22870: 0.535613
22871: 0.535589
22872: 0.53561
22873: 0.53563
22874: 0.53565
22875: 0.535671
22876: 0.535647
22877: 0.535667
22878: 0.535644
22879: 0.535664
22880: 0.535685
22881: 0.535705
22882: 0.535682
22883: 0.535702
22884: 0.535678
22885: 0.535699
22886: 0.535719
22887: 0.535696
22888: 0.535716
22889: 0.535692
22890: 0.535669
22891: 0.535689
22892: 0.53571
22893: 0.535686
22894: 0.535663
22895: 0.535639
22896: 0.535616
22897: 0.535593
22898: 0.535569
22899: 0.535546
22900: 0.535522
22901: 0.535543
22902: 0.535563
22903: 0.535583
22904: 0.535604
22905: 0.535624
22906: 0.535644
22907: 0.535621
22908: 0.535641
22909: 0.535618
22910: 0.535594
22911: 0.535571
22912: 0.535548
22913: 0.535524
22914: 0.535501
22915: 0.535521
22916: 0.535541
22917: 0.535562
22918: 0.535538
22919: 0.535558
22920: 0.535579
22921: 0.535555
22922: 0.535532
22923: 0.535552
22924: 0.535573
22925: 0.535593
22926: 0.535613
22927: 0.535633
22928: 0.535654
22929: 0.53563
22930: 0.53565
22931: 0.535671
22932: 0.535691
22933: 0.535668
22934: 0.535688
22935: 0.535708
22936: 0.535728
22937: 0.535705
22938: 0.535725
22939: 0.535745
22940: 0.535766
22941: 0.535786
22942: 0.535806
22943: 0.535826
22944: 0.535847
22945: 0.535867
22946: 0.535843
22947: 0.535864
22948: 0.535884
22949: 0.535904
22950: 0.535881
22951: 0.535901
22952: 0.535921
22953: 0.535898
22954: 0.535875
22955: 0.535851
22956: 0.535828
22957: 0.535848
22958: 0.535825
22959: 0.535801
22960: 0.535822
22961: 0.535842
22962: 0.535862
22963: 0.535839
22964: 0.535859
22965: 0.535836
22966: 0.535856
22967: 0.535876
22968: 0.535896
22969: 0.535916
22970: 0.535893
22971: 0.535913
22972: 0.535933
22973: 0.535954
22974: 0.535974
22975: 0.535994
22976: 0.536014
22977: 0.535991
22978: 0.536011
22979: 0.535988
22980: 0.535964
22981: 0.535941
22982: 0.535961
22983: 0.535938
22984: 0.535958
22985: 0.535978
22986: 0.535999
22987: 0.535975
22988: 0.535952
22989: 0.535929
22990: 0.535949
22991: 0.535926
22992: 0.535946
22993: 0.535966
22994: 0.535986
22995: 0.535963
22996: 0.535983
22997: 0.536003
22998: 0.536023
22999: 0.536
23000: 0.535977
23001: 0.535997
23002: 0.535974
23003: 0.535994
23004: 0.536014
23005: 0.535991
23006: 0.535967
23007: 0.535987
23008: 0.535964
23009: 0.535984
23010: 0.535961
23011: 0.535938
23012: 0.535958
23013: 0.535935
23014: 0.535955
23015: 0.535975
23016: 0.535995
23017: 0.536015
23018: 0.536035
23019: 0.536056
23020: 0.536076
23021: 0.536096
23022: 0.536116
23023: 0.536136
23024: 0.536113
23025: 0.536133
23026: 0.536153
23027: 0.536173
23028: 0.53615
23029: 0.536127
23030: 0.536147
23031: 0.536167
23032: 0.536144
23033: 0.536164
23034: 0.536141
23035: 0.536117
23036: 0.536138
23037: 0.536114
23038: 0.536134
23039: 0.536111
23040: 0.536088
23041: 0.536065
23042: 0.536041
23043: 0.536018
23044: 0.536038
23045: 0.536058
23046: 0.536078
23047: 0.536055
23048: 0.536075
23049: 0.536095
23050: 0.536072
23051: 0.536049
23052: 0.536069
23053: 0.536046
23054: 0.536023
23055: 0.535999
23056: 0.535976
23057: 0.535996
23058: 0.535973
23059: 0.535993
23060: 0.536013
23061: 0.536033
23062: 0.536053
23063: 0.53603
23064: 0.536007
23065: 0.535984
23066: 0.53596
23067: 0.535937
23068: 0.535914
23069: 0.535934
23070: 0.535954
23071: 0.535974
23072: 0.535994
23073: 0.535971
23074: 0.535948
23075: 0.535968
23076: 0.535988
23077: 0.536008
23078: 0.536028
23079: 0.536005
23080: 0.536025
23081: 0.536045
23082: 0.536066
23083: 0.536086
23084: 0.536106
23085: 0.536126
23086: 0.536103
23087: 0.536123
23088: 0.536099
23089: 0.536076
23090: 0.536053
23091: 0.536073
23092: 0.53605
23093: 0.53607
23094: 0.53609
23095: 0.536067
23096: 0.536087
23097: 0.536064
23098: 0.536084
23099: 0.536061
23100: 0.536037
23101: 0.536057
23102: 0.536078
23103: 0.536054
23104: 0.536074
23105: 0.536095
23106: 0.536115
23107: 0.536091
23108: 0.536068
23109: 0.536088
23110: 0.536108
23111: 0.536085
23112: 0.536062
23113: 0.536039
23114: 0.536016
23115: 0.535992
23116: 0.536012
23117: 0.536033
23118: 0.536009
23119: 0.535986
23120: 0.536006
23121: 0.535983
23122: 0.536003
23123: 0.53598
23124: 0.536
23125: 0.535977
23126: 0.535997
23127: 0.536017
23128: 0.536037
23129: 0.536057
23130: 0.536077
23131: 0.536054
23132: 0.536031
23133: 0.536008
23134: 0.536028
23135: 0.536048
23136: 0.536068
23137: 0.536045
23138: 0.536065
23139: 0.536041
23140: 0.536062
23141: 0.536082
23142: 0.536058
23143: 0.536078
23144: 0.536055
23145: 0.536032
23146: 0.536052
23147: 0.536072
23148: 0.536092
23149: 0.536069
23150: 0.536089
23151: 0.536109
23152: 0.536129
23153: 0.536106
23154: 0.536126
23155: 0.536146
23156: 0.536166
23157: 0.536186
23158: 0.536206
23159: 0.536226
23160: 0.536246
23161: 0.536266
23162: 0.536243
23163: 0.536263
23164: 0.53624
23165: 0.536217
23166: 0.536194
23167: 0.536171
23168: 0.536147
23169: 0.536124
23170: 0.536101
23171: 0.536078
23172: 0.536055
23173: 0.536075
23174: 0.536095
23175: 0.536072
23176: 0.536049
23177: 0.536026
23178: 0.536002
23179: 0.536022
23180: 0.536042
23181: 0.536019
23182: 0.536039
23183: 0.536059
23184: 0.536079
23185: 0.536099
23186: 0.536119
23187: 0.536096
23188: 0.536116
23189: 0.536093
23190: 0.536113
23191: 0.536133
23192: 0.53611
23193: 0.536087
23194: 0.536107
23195: 0.536084
23196: 0.536061
23197: 0.536038
23198: 0.536014
23199: 0.536034
23200: 0.536054
23201: 0.536074
23202: 0.536094
23203: 0.536071
23204: 0.536091
23205: 0.536068
23206: 0.536088
23207: 0.536065
23208: 0.536042
23209: 0.536019
23210: 0.536039
23211: 0.536059
23212: 0.536036
23213: 0.536056
23214: 0.536076
23215: 0.536053
23216: 0.53603
23217: 0.536007
23218: 0.535983
23219: 0.536003
23220: 0.53598
23221: 0.535957
23222: 0.535934
23223: 0.535911
23224: 0.535888
23225: 0.535865
23226: 0.535842
23227: 0.535862
23228: 0.535882
23229: 0.535902
23230: 0.535922
23231: 0.535899
23232: 0.535919
23233: 0.535939
23234: 0.535959
23235: 0.535936
23236: 0.535956
23237: 0.535976
23238: 0.535996
23239: 0.536015
23240: 0.536035
23241: 0.536012
23242: 0.536032
23243: 0.536009
23244: 0.535986
23245: 0.536006
23246: 0.536026
23247: 0.536046
23248: 0.536066
23249: 0.536086
23250: 0.536106
23251: 0.536083
23252: 0.53606
23253: 0.536037
23254: 0.536057
23255: 0.536034
23256: 0.536011
23257: 0.535988
23258: 0.535965
23259: 0.535985
23260: 0.536004
23261: 0.536024
23262: 0.536044
23263: 0.536064
23264: 0.536041
23265: 0.536061
23266: 0.536081
23267: 0.536101
23268: 0.536078
23269: 0.536055
23270: 0.536032
23271: 0.536052
23272: 0.536072
23273: 0.536049
23274: 0.536069
23275: 0.536046
23276: 0.536023
23277: 0.536043
23278: 0.536063
23279: 0.53604
23280: 0.536059
23281: 0.536079
23282: 0.536056
23283: 0.536033
23284: 0.53601
23285: 0.53603
23286: 0.536007
23287: 0.536027
23288: 0.536047
23289: 0.536067
23290: 0.536044
23291: 0.536064
23292: 0.536084
23293: 0.536104
23294: 0.536081
23295: 0.536058
23296: 0.536035
23297: 0.536012
23298: 0.536032
23299: 0.536052
23300: 0.536071
23301: 0.536091
23302: 0.536111
23303: 0.536131
23304: 0.536151
23305: 0.536171
23306: 0.536148
23307: 0.536125
23308: 0.536145
23309: 0.536122
23310: 0.536099
23311: 0.536119
23312: 0.536139
23313: 0.536159
23314: 0.536136
23315: 0.536155
23316: 0.536132
23317: 0.536109
23318: 0.536086
23319: 0.536063
23320: 0.53604
23321: 0.536017
23322: 0.536037
23323: 0.536014
23324: 0.536034
23325: 0.536011
23326: 0.536031
23327: 0.536008
23328: 0.535985
23329: 0.535962
23330: 0.535982
23331: 0.536002
23332: 0.536022
23333: 0.536042
23334: 0.536019
23335: 0.536039
23336: 0.536059
23337: 0.536078
23338: 0.536056
23339: 0.536033
23340: 0.536052
23341: 0.536029
23342: 0.536007
23343: 0.535984
23344: 0.536003
23345: 0.536023
23346: 0.536043
23347: 0.53602
23348: 0.535997
23349: 0.535974
23350: 0.535994
23351: 0.536014
23352: 0.536034
23353: 0.536054
23354: 0.536031
23355: 0.536051
23356: 0.536071
23357: 0.536048
23358: 0.536067
23359: 0.536045
23360: 0.536064
23361: 0.536084
23362: 0.536061
23363: 0.536038
23364: 0.536015
23365: 0.536035
23366: 0.536012
23367: 0.535989
23368: 0.536009
23369: 0.536029
23370: 0.536006
23371: 0.536026
23372: 0.536046
23373: 0.536066
23374: 0.536086
23375: 0.536063
23376: 0.536082
23377: 0.536102
23378: 0.536079
23379: 0.536056
23380: 0.536034
23381: 0.536011
23382: 0.53603
23383: 0.536008
23384: 0.535985
23385: 0.536004
23386: 0.536024
23387: 0.536044
23388: 0.536064
23389: 0.536084
23390: 0.536061
23391: 0.536038
23392: 0.536058
23393: 0.536078
23394: 0.536097
23395: 0.536117
23396: 0.536094
23397: 0.536071
23398: 0.536049
23399: 0.536068
23400: 0.536045
23401: 0.536065
23402: 0.536042
23403: 0.536062
23404: 0.536082
23405: 0.536102
23406: 0.536122
23407: 0.536141
23408: 0.536161
23409: 0.536181
23410: 0.536201
23411: 0.536221
23412: 0.536241
23413: 0.536218
23414: 0.536237
23415: 0.536257
23416: 0.536277
23417: 0.536254
23418: 0.536231
23419: 0.536208
23420: 0.536185
23421: 0.536205
23422: 0.536182
23423: 0.536159
23424: 0.536137
23425: 0.536156
23426: 0.536176
23427: 0.536196
23428: 0.536216
23429: 0.536193
23430: 0.53617
23431: 0.536147
23432: 0.536167
23433: 0.536187
23434: 0.536207
23435: 0.536184
23436: 0.536203
23437: 0.536223
23438: 0.5362
23439: 0.53622
23440: 0.536197
23441: 0.536174
23442: 0.536152
23443: 0.536171
23444: 0.536148
23445: 0.536126
23446: 0.536145
23447: 0.536165
23448: 0.536185
23449: 0.536162
23450: 0.536182
23451: 0.536159
23452: 0.536136
23453: 0.536113
23454: 0.536133
23455: 0.536153
23456: 0.53613
23457: 0.53615
23458: 0.536169
23459: 0.536189
23460: 0.536209
23461: 0.536186
23462: 0.536206
23463: 0.536183
23464: 0.53616
23465: 0.53618
23466: 0.5362
23467: 0.53622
23468: 0.536239
23469: 0.536216
23470: 0.536236
23471: 0.536213
23472: 0.536191
23473: 0.53621
23474: 0.53623
23475: 0.536207
23476: 0.536184
23477: 0.536162
23478: 0.536181
23479: 0.536158
23480: 0.536178
23481: 0.536155
23482: 0.536133
23483: 0.53611
23484: 0.536129
23485: 0.536107
23486: 0.536084
23487: 0.536104
23488: 0.536123
23489: 0.5361
23490: 0.53612
23491: 0.536097
23492: 0.536075
23493: 0.536052
23494: 0.536072
23495: 0.536049
23496: 0.536026
23497: 0.536003
23498: 0.536023
23499: 0.536043
23500: 0.53602
23501: 0.536039
23502: 0.536017
23503: 0.536036
23504: 0.536056
23505: 0.536033
23506: 0.536011
23507: 0.53603
23508: 0.53605
23509: 0.53607
23510: 0.536089
23511: 0.536109
23512: 0.536129
23513: 0.536149
23514: 0.536126
23515: 0.536103
23516: 0.536123
23517: 0.536143
23518: 0.53612
23519: 0.536097
23520: 0.536074
23521: 0.536051
23522: 0.536029
23523: 0.536048
23524: 0.536068
23525: 0.536088
23526: 0.536107
23527: 0.536085
23528: 0.536062
23529: 0.536039
23530: 0.536016
23531: 0.535994
23532: 0.535971
23533: 0.535948
23534: 0.535968
23535: 0.535945
23536: 0.535922
23537: 0.535942
23538: 0.535919
23539: 0.535896
23540: 0.535874
23541: 0.535893
23542: 0.535871
23543: 0.535848
23544: 0.535867
23545: 0.535887
23546: 0.535864
23547: 0.535842
23548: 0.535861
23549: 0.535881
23550: 0.535901
23551: 0.535921
23552: 0.535898
23553: 0.535875
23554: 0.535852
23555: 0.535872
23556: 0.535892
23557: 0.535911
23558: 0.535931
23559: 0.535951
23560: 0.53597
23561: 0.53599
23562: 0.53601
23563: 0.53603
23564: 0.536007
23565: 0.535984
23566: 0.536004
23567: 0.536023
23568: 0.536043
23569: 0.536063
23570: 0.536082
23571: 0.53606
23572: 0.536037
23573: 0.536057
23574: 0.536076
23575: 0.536096
23576: 0.536073
23577: 0.536093
23578: 0.536113
23579: 0.53609
23580: 0.536067
23581: 0.536087
23582: 0.536107
23583: 0.536084
23584: 0.536103
23585: 0.536081
23586: 0.5361
23587: 0.53612
23588: 0.53614
23589: 0.536117
23590: 0.536094
23591: 0.536114
23592: 0.536134
23593: 0.536153
23594: 0.536131
23595: 0.53615
23596: 0.53617
23597: 0.536147
23598: 0.536167
23599: 0.536186
23600: 0.536164
23601: 0.536183
23602: 0.536203
23603: 0.53618
23604: 0.5362
23605: 0.53622
23606: 0.536197
23607: 0.536174
23608: 0.536194
23609: 0.536171
23610: 0.536148
23611: 0.536168
23612: 0.536188
23613: 0.536207
23614: 0.536185
23615: 0.536204
23616: 0.536224
23617: 0.536244
23618: 0.536263
23619: 0.536283
23620: 0.536302
23621: 0.536322
23622: 0.536342
23623: 0.536361
23624: 0.536381
23625: 0.536401
23626: 0.53642
23627: 0.53644
23628: 0.536417
23629: 0.536437
23630: 0.536414
23631: 0.536391
23632: 0.536411
23633: 0.536388
23634: 0.536408
23635: 0.536385
23636: 0.536405
23637: 0.536424
23638: 0.536444
23639: 0.536464
23640: 0.536483
23641: 0.536503
23642: 0.53648
23643: 0.536457
23644: 0.536435
23645: 0.536454
23646: 0.536474
23647: 0.536494
23648: 0.536513
23649: 0.536533
23650: 0.536552
23651: 0.536572
23652: 0.536549
23653: 0.536569
23654: 0.536588
23655: 0.536608
23656: 0.536585
23657: 0.536605
23658: 0.536625
23659: 0.536644
23660: 0.536621
23661: 0.536599
23662: 0.536576
23663: 0.536553
23664: 0.536573
23665: 0.53655
23666: 0.536528
23667: 0.536547
23668: 0.536567
23669: 0.536586
23670: 0.536564
23671: 0.536541
23672: 0.536518
23673: 0.536496
23674: 0.536515
23675: 0.536535
23676: 0.536554
23677: 0.536532
23678: 0.536551
23679: 0.536529
23680: 0.536548
23681: 0.536526
23682: 0.536545
23683: 0.536565
23684: 0.536584
23685: 0.536562
23686: 0.536581
23687: 0.536559
23688: 0.536578
23689: 0.536598
23690: 0.536617
23691: 0.536637
23692: 0.536656
23693: 0.536676
23694: 0.536653
23695: 0.536673
23696: 0.536692
23697: 0.536712
23698: 0.536732
23699: 0.536751
23700: 0.536728
23701: 0.536748
23702: 0.536725
23703: 0.536703
23704: 0.53668
23705: 0.5367
23706: 0.536719
23707: 0.536739
23708: 0.536716
23709: 0.536693
23710: 0.536671
23711: 0.53669
23712: 0.53671
23713: 0.536687
23714: 0.536707
23715: 0.536684
23716: 0.536661
23717: 0.536681
23718: 0.536658
23719: 0.536678
23720: 0.536697
23721: 0.536717
23722: 0.536694
23723: 0.536672
23724: 0.536649
23725: 0.536669
23726: 0.536688
23727: 0.536708
23728: 0.536685
23729: 0.536662
23730: 0.53664
23731: 0.536617
23732: 0.536595
23733: 0.536614
23734: 0.536634
23735: 0.536611
23736: 0.536588
23737: 0.536566
23738: 0.536543
23739: 0.536563
23740: 0.53654
23741: 0.53656
23742: 0.536537
23743: 0.536514
23744: 0.536534
23745: 0.536554
23746: 0.536573
23747: 0.536593
23748: 0.536612
23749: 0.536632
23750: 0.536609
23751: 0.536628
23752: 0.536606
23753: 0.536625
23754: 0.536645
23755: 0.536622
23756: 0.536642
23757: 0.536619
23758: 0.536639
23759: 0.536658
23760: 0.536636
23761: 0.536655
23762: 0.536633
23763: 0.53661
23764: 0.536629
23765: 0.536649
23766: 0.536668
23767: 0.536646
23768: 0.536665
23769: 0.536685
23770: 0.536662
23771: 0.53664
23772: 0.536617
23773: 0.536595
23774: 0.536614
23775: 0.536592
23776: 0.536611
23777: 0.53663
23778: 0.53665
23779: 0.536627
23780: 0.536647
23781: 0.536666
23782: 0.536644
23783: 0.536663
23784: 0.536683
23785: 0.536702
23786: 0.536722
23787: 0.536699
23788: 0.536677
23789: 0.536654
23790: 0.536674
23791: 0.536693
23792: 0.536712
23793: 0.536732
23794: 0.536751
23795: 0.536771
23796: 0.536748
23797: 0.536768
23798: 0.536787
23799: 0.536807
23800: 0.536784
23801: 0.536762
23802: 0.536739
23803: 0.536759
23804: 0.536736
23805: 0.536713
23806: 0.536733
23807: 0.536752
23808: 0.536772
23809: 0.536749
23810: 0.536727
23811: 0.536704
23812: 0.536724
23813: 0.536701
23814: 0.536721
23815: 0.53674
23816: 0.536717
23817: 0.536695
23818: 0.536714
23819: 0.536734
23820: 0.536753
23821: 0.536731
23822: 0.53675
23823: 0.536728
23824: 0.536747
23825: 0.536725
23826: 0.536744
23827: 0.536722
23828: 0.536741
23829: 0.53676
23830: 0.536738
23831: 0.536757
23832: 0.536735
23833: 0.536712
23834: 0.536732
23835: 0.536709
23836: 0.536729
23837: 0.536748
23838: 0.536726
23839: 0.536745
23840: 0.536722
23841: 0.536742
23842: 0.536719
23843: 0.536697
23844: 0.536674
23845: 0.536694
23846: 0.536671
23847: 0.536691
23848: 0.53671
23849: 0.536688
23850: 0.536707
23851: 0.536726
23852: 0.536746
23853: 0.536765
23854: 0.536743
23855: 0.53672
23856: 0.53674
23857: 0.536759
23858: 0.536779
23859: 0.536798
23860: 0.536775
23861: 0.536795
23862: 0.536772
23863: 0.53675
23864: 0.536769
23865: 0.536789
23866: 0.536808
23867: 0.536828
23868: 0.536847
23869: 0.536866
23870: 0.536886
23871: 0.536905
23872: 0.536925
23873: 0.536902
23874: 0.53688
23875: 0.536899
23876: 0.536918
23877: 0.536938
23878: 0.536915
23879: 0.536893
23880: 0.536912
23881: 0.536932
23882: 0.536951
23883: 0.53697
23884: 0.53699
23885: 0.537009
23886: 0.537029
23887: 0.537048
23888: 0.537025
23889: 0.537045
23890: 0.537022
23891: 0.537042
23892: 0.537061
23893: 0.53708
23894: 0.5371
23895: 0.537119
23896: 0.537139
23897: 0.537116
23898: 0.537094
23899: 0.537071
23900: 0.53709
23901: 0.53711
23902: 0.537087
23903: 0.537065
23904: 0.537084
23905: 0.537104
23906: 0.537081
23907: 0.537059
23908: 0.537078
23909: 0.537056
23910: 0.537033
23911: 0.537053
23912: 0.537072
23913: 0.537091
23914: 0.537111
23915: 0.53713
23916: 0.537149
23917: 0.537127
23918: 0.537146
23919: 0.537166
23920: 0.537143
23921: 0.537162
23922: 0.537182
23923: 0.537201
23924: 0.537179
23925: 0.537198
23926: 0.537176
23927: 0.537195
23928: 0.537214
23929: 0.537234
23930: 0.537211
23931: 0.53723
23932: 0.537208
23933: 0.537186
23934: 0.537163
23935: 0.537141
23936: 0.537118
23937: 0.537096
23938: 0.537073
23939: 0.537093
23940: 0.537112
23941: 0.537131
23942: 0.537151
23943: 0.537128
23944: 0.537148
23945: 0.537167
23946: 0.537145
23947: 0.537122
23948: 0.5371
23949: 0.537119
23950: 0.537138
23951: 0.537116
23952: 0.537093
23953: 0.537113
23954: 0.53709
23955: 0.537068
23956: 0.537046
23957: 0.537065
23958: 0.537042
23959: 0.53702
23960: 0.537039
23961: 0.537017
23962: 0.536995
23963: 0.536972
23964: 0.53695
23965: 0.536927
23966: 0.536905
23967: 0.536924
23968: 0.536902
23969: 0.536879
23970: 0.536899
23971: 0.536918
23972: 0.536937
23973: 0.536915
23974: 0.536934
23975: 0.536954
23976: 0.536931
23977: 0.536909
23978: 0.536928
23979: 0.536947
23980: 0.536925
23981: 0.536903
23982: 0.53688
23983: 0.5369
23984: 0.536877
23985: 0.536897
23986: 0.536874
23987: 0.536852
23988: 0.536871
23989: 0.53689
23990: 0.53691
23991: 0.536887
23992: 0.536907
23993: 0.536926
23994: 0.536904
23995: 0.536881
23996: 0.5369
23997: 0.53692
23998: 0.536897
23999: 0.536917
24000: 0.536936
24001: 0.536955
24002: 0.536975
24003: 0.536952
24004: 0.536971
24005: 0.536991
24006: 0.53701
24007: 0.536988
24008: 0.536965
24009: 0.536985
24010: 0.536962
24011: 0.53694
24012: 0.536959
24013: 0.536978
24014: 0.536956
24015: 0.536934
24016: 0.536911
24017: 0.536931
24018: 0.53695
24019: 0.536969
24020: 0.536988
24021: 0.536966
24022: 0.536985
24023: 0.537005
24024: 0.536982
24025: 0.53696
24026: 0.536979
24027: 0.536999
24028: 0.537018
24029: 0.537037
24030: 0.537015
24031: 0.536992
24032: 0.53697
24033: 0.536948
24034: 0.536925
24035: 0.536903
24036: 0.536881
24037: 0.536858
24038: 0.536878
24039: 0.536855
24040: 0.536875
24041: 0.536894
24042: 0.536871
24043: 0.536891
24044: 0.536868
24045: 0.536888
24046: 0.536865
24047: 0.536843
24048: 0.536821
24049: 0.53684
24050: 0.536859
24051: 0.536837
24052: 0.536856
24053: 0.536875
24054: 0.536895
24055: 0.536872
24056: 0.536892
24057: 0.536869
24058: 0.536888
24059: 0.536866
24060: 0.536885
24061: 0.536863
24062: 0.536841
24063: 0.536818
24064: 0.536796
24065: 0.536774
24066: 0.536793
24067: 0.536812
24068: 0.53679
24069: 0.536768
24070: 0.536787
24071: 0.536806
24072: 0.536825
24073: 0.536803
24074: 0.536822
24075: 0.5368
24076: 0.536778
24077: 0.536797
24078: 0.536816
24079: 0.536794
24080: 0.536772
24081: 0.536749
24082: 0.536769
24083: 0.536746
24084: 0.536724
24085: 0.536702
24086: 0.536721
24087: 0.53674
24088: 0.53676
24089: 0.536737
24090: 0.536715
24091: 0.536734
24092: 0.536753
24093: 0.536773
24094: 0.53675
24095: 0.53677
24096: 0.536747
24097: 0.536725
24098: 0.536703
24099: 0.536722
24100: 0.536741
24101: 0.536719
24102: 0.536697
24103: 0.536674
24104: 0.536652
24105: 0.536671
24106: 0.536649
24107: 0.536627
24108: 0.536605
24109: 0.536624
24110: 0.536602
24111: 0.536579
24112: 0.536557
24113: 0.536576
24114: 0.536595
24115: 0.536615
24116: 0.536592
24117: 0.53657
24118: 0.536548
24119: 0.536567
24120: 0.536586
24121: 0.536606
24122: 0.536583
24123: 0.536561
24124: 0.536539
24125: 0.536517
24126: 0.536536
24127: 0.536514
24128: 0.536533
24129: 0.536511
24130: 0.53653
24131: 0.536508
24132: 0.536485
24133: 0.536463
24134: 0.536441
24135: 0.53646
24136: 0.536479
24137: 0.536457
24138: 0.536476
24139: 0.536454
24140: 0.536473
24141: 0.536492
24142: 0.536512
24143: 0.536489
24144: 0.536509
24145: 0.536528
24146: 0.536547
24147: 0.536525
24148: 0.536503
24149: 0.536522
24150: 0.5365
24151: 0.536477
24152: 0.536455
24153: 0.536433
24154: 0.536452
24155: 0.536471
24156: 0.536449
24157: 0.536427
24158: 0.536446
24159: 0.536424
24160: 0.536402
24161: 0.536379
24162: 0.536399
24163: 0.536376
24164: 0.536396
24165: 0.536373
24166: 0.536351
24167: 0.536329
24168: 0.536307
24169: 0.536285
24170: 0.536262
24171: 0.53624
24172: 0.536218
24173: 0.536196
24174: 0.536215
24175: 0.536234
24176: 0.536212
24177: 0.53619
24178: 0.536168
24179: 0.536187
24180: 0.536206
24181: 0.536184
24182: 0.536162
24183: 0.536181
24184: 0.536159
24185: 0.536178
24186: 0.536156
24187: 0.536134
24188: 0.536111
24189: 0.536089
24190: 0.536108
24191: 0.536086
24192: 0.536105
24193: 0.536125
24194: 0.536144
24195: 0.536163
24196: 0.536182
24197: 0.53616
24198: 0.536138
24199: 0.536157
24200: 0.536135
24201: 0.536154
24202: 0.536132
24203: 0.53611
24204: 0.536129
24205: 0.536148
24206: 0.536167
24207: 0.536145
24208: 0.536164
24209: 0.536142
24210: 0.53612
24211: 0.536098
24212: 0.536117
24213: 0.536136
24214: 0.536155
24215: 0.536133
24216: 0.536111
24217: 0.536089
24218: 0.536067
24219: 0.536086
24220: 0.536064
24221: 0.536042
24222: 0.536061
24223: 0.536039
24224: 0.536058
24225: 0.536077
24226: 0.536096
24227: 0.536115
24228: 0.536093
24229: 0.536112
24230: 0.53609
24231: 0.536109
24232: 0.536087
24233: 0.536106
24234: 0.536125
24235: 0.536103
24236: 0.536122
24237: 0.536142
24238: 0.536161
24239: 0.53618
24240: 0.536158
24241: 0.536136
24242: 0.536155
24243: 0.536174
24244: 0.536193
24245: 0.536212
24246: 0.536231
24247: 0.53625
24248: 0.536228
24249: 0.536206
24250: 0.536225
24251: 0.536203
24252: 0.536222
24253: 0.536241
24254: 0.536261
24255: 0.53628
24256: 0.536299
24257: 0.536318
24258: 0.536337
24259: 0.536356
24260: 0.536375
24261: 0.536394
24262: 0.536413
24263: 0.536433
24264: 0.536452
24265: 0.53643
24266: 0.536407
24267: 0.536427
24268: 0.536404
24269: 0.536424
24270: 0.536443
24271: 0.536462
24272: 0.536481
24273: 0.536459
24274: 0.536437
24275: 0.536415
24276: 0.536392
24277: 0.53637
24278: 0.536389
24279: 0.536409
24280: 0.536428
24281: 0.536447
24282: 0.536466
24283: 0.536485
24284: 0.536463
24285: 0.536482
24286: 0.53646
24287: 0.536479
24288: 0.536498
24289: 0.536476
24290: 0.536454
24291: 0.536473
24292: 0.536492
24293: 0.53647
24294: 0.536448
24295: 0.536467
24296: 0.536445
24297: 0.536464
24298: 0.536442
24299: 0.536461
24300: 0.53648
24301: 0.536499
24302: 0.536477
24303: 0.536496
24304: 0.536474
24305: 0.536452
24306: 0.53643
24307: 0.536449
24308: 0.536427
24309: 0.536446
24310: 0.536465
24311: 0.536484
24312: 0.536503
24313: 0.536522
24314: 0.536541
24315: 0.536519
24316: 0.536497
24317: 0.536475
24318: 0.536494
24319: 0.536472
24320: 0.53645
24321: 0.536428
24322: 0.536406
24323: 0.536425
24324: 0.536444
24325: 0.536422
24326: 0.5364
24327: 0.536378
24328: 0.536397
24329: 0.536416
24330: 0.536394
24331: 0.536372
24332: 0.536391
24333: 0.53641
24334: 0.536388
24335: 0.536366
24336: 0.536385
24337: 0.536363
24338: 0.536341
24339: 0.53636
24340: 0.536379
24341: 0.536357
24342: 0.536335
24343: 0.536354
24344: 0.536373
24345: 0.536392
24346: 0.53637
24347: 0.536348
24348: 0.536367
24349: 0.536386
24350: 0.536405
24351: 0.536424
24352: 0.536443
24353: 0.536421
24354: 0.53644
24355: 0.536459
24356: 0.536478
24357: 0.536456
24358: 0.536475
24359: 0.536494
24360: 0.536472
24361: 0.536491
24362: 0.536469
24363: 0.536488
24364: 0.536466
24365: 0.536444
24366: 0.536422
24367: 0.536441
24368: 0.53646
24369: 0.536438
24370: 0.536416
24371: 0.536394
24372: 0.536372
24373: 0.536391
24374: 0.53641
24375: 0.536388
24376: 0.536407
24377: 0.536426
24378: 0.536404
24379: 0.536382
24380: 0.53636
24381: 0.536379
24382: 0.536398
24383: 0.536376
24384: 0.536395
24385: 0.536414
24386: 0.536433
24387: 0.536452
24388: 0.536471
24389: 0.536449
24390: 0.536468
24391: 0.536487
24392: 0.536506
24393: 0.536525
24394: 0.536544
24395: 0.536522
24396: 0.5365
24397: 0.536478
24398: 0.536456
24399: 0.536434
24400: 0.536453
24401: 0.536431
24402: 0.536409
24403: 0.536428
24404: 0.536447
24405: 0.536466
24406: 0.536485
24407: 0.536504
24408: 0.536482
24409: 0.536501
24410: 0.53652
24411: 0.536539
24412: 0.536558
24413: 0.536577
24414: 0.536596
24415: 0.536615
24416: 0.536634
24417: 0.536612
24418: 0.53659
24419: 0.536609
24420: 0.536628
24421: 0.536606
24422: 0.536584
24423: 0.536603
24424: 0.536581
24425: 0.536559
24426: 0.536537
24427: 0.536515
24428: 0.536534
24429: 0.536512
24430: 0.536491
24431: 0.536509
24432: 0.536528
24433: 0.536547
24434: 0.536566
24435: 0.536585
24436: 0.536604
24437: 0.536623
24438: 0.536642
24439: 0.536661
24440: 0.536639
24441: 0.536658
24442: 0.536677
24443: 0.536696
24444: 0.536715
24445: 0.536734
24446: 0.536712
24447: 0.53669
24448: 0.536668
24449: 0.536646
24450: 0.536624
24451: 0.536602
24452: 0.53658
24453: 0.536558
24454: 0.536577
24455: 0.536596
24456: 0.536574
24457: 0.536593
24458: 0.536571
24459: 0.536549
24460: 0.536528
24461: 0.536506
24462: 0.536484
24463: 0.536503
24464: 0.536522
24465: 0.536541
24466: 0.536519
24467: 0.536538
24468: 0.536556
24469: 0.536535
24470: 0.536553
24471: 0.536532
24472: 0.53651
24473: 0.536529
24474: 0.536507
24475: 0.536485
24476: 0.536504
24477: 0.536482
24478: 0.53646
24479: 0.536438
24480: 0.536416
24481: 0.536394
24482: 0.536372
24483: 0.536391
24484: 0.53641
24485: 0.536429
24486: 0.536448
24487: 0.536467
24488: 0.536486
24489: 0.536464
24490: 0.536442
24491: 0.53642
24492: 0.536398
24493: 0.536376
24494: 0.536395
24495: 0.536414
24496: 0.536433
24497: 0.536411
24498: 0.53643
24499: 0.536449
24500: 0.536468
24501: 0.536487
24502: 0.536506
24503: 0.536525
24504: 0.536544
24505: 0.536562
24506: 0.536541
24507: 0.536519
24508: 0.536538
24509: 0.536557
24510: 0.536575
24511: 0.536594
24512: 0.536572
24513: 0.536551
24514: 0.536569
24515: 0.536548
24516: 0.536566
24517: 0.536585
24518: 0.536604
24519: 0.536623
24520: 0.536642
24521: 0.53662
24522: 0.536598
24523: 0.536576
24524: 0.536595
24525: 0.536614
24526: 0.536633
24527: 0.536652
24528: 0.53663
24529: 0.536649
24530: 0.536668
24531: 0.536646
24532: 0.536665
24533: 0.536684
24534: 0.536703
24535: 0.536722
24536: 0.53674
24537: 0.536719
24538: 0.536697
24539: 0.536716
24540: 0.536734
24541: 0.536713
24542: 0.536731
24543: 0.53675
24544: 0.536769
24545: 0.536747
24546: 0.536766
24547: 0.536785
24548: 0.536763
24549: 0.536741
24550: 0.536719
24551: 0.536698
24552: 0.536716
24553: 0.536735
24554: 0.536714
24555: 0.536732
24556: 0.536751
24557: 0.53677
24558: 0.536748
24559: 0.536726
24560: 0.536705
24561: 0.536723
24562: 0.536742
24563: 0.536761
24564: 0.536739
24565: 0.536717
24566: 0.536696
24567: 0.536674
24568: 0.536693
24569: 0.536671
24570: 0.536649
24571: 0.536627
24572: 0.536605
24573: 0.536583
24574: 0.536562
24575: 0.53654
24576: 0.536559
24577: 0.536537
24578: 0.536556
24579: 0.536574
24580: 0.536593
24581: 0.536612
24582: 0.53659
24583: 0.536568
24584: 0.536547
24585: 0.536566
24586: 0.536544
24587: 0.536522
24588: 0.536541
24589: 0.53656
24590: 0.536578
24591: 0.536557
24592: 0.536535
24593: 0.536554
24594: 0.536572
24595: 0.536591
24596: 0.53657
24597: 0.536588
24598: 0.536607
24599: 0.536626
24600: 0.536604
24601: 0.536582
24602: 0.536601
24603: 0.536579
24604: 0.536558
24605: 0.536536
24606: 0.536514
24607: 0.536533
24608: 0.536552
24609: 0.53653
24610: 0.536508
24611: 0.536486
24612: 0.536464
24613: 0.536483
24614: 0.536502
24615: 0.536521
24616: 0.536499
24617: 0.536477
24618: 0.536496
24619: 0.536474
24620: 0.536453
24621: 0.536431
24622: 0.53645
24623: 0.536428
24624: 0.536447
24625: 0.536425
24626: 0.536444
24627: 0.536422
24628: 0.5364
24629: 0.536419
24630: 0.536438
24631: 0.536457
24632: 0.536475
24633: 0.536494
24634: 0.536472
24635: 0.536491
24636: 0.53647
24637: 0.536448
24638: 0.536467
24639: 0.536485
24640: 0.536464
24641: 0.536482
24642: 0.536461
24643: 0.536479
24644: 0.536498
24645: 0.536517
24646: 0.536495
24647: 0.536514
24648: 0.536492
24649: 0.536511
24650: 0.53653
24651: 0.536508
24652: 0.536527
24653: 0.536505
24654: 0.536524
24655: 0.536543
24656: 0.536562
24657: 0.53658
24658: 0.536599
24659: 0.536618
24660: 0.536637
24661: 0.536656
24662: 0.536674
24663: 0.536693
24664: 0.536712
24665: 0.53669
24666: 0.536668
24667: 0.536687
24668: 0.536706
24669: 0.536684
24670: 0.536703
24671: 0.536722
24672: 0.536741
24673: 0.536759
24674: 0.536778
24675: 0.536797
24676: 0.536816
24677: 0.536794
24678: 0.536772
24679: 0.536791
24680: 0.53681
24681: 0.536788
24682: 0.536807
24683: 0.536785
24684: 0.536804
24685: 0.536822
24686: 0.536841
24687: 0.53686
24688: 0.536879
24689: 0.536857
24690: 0.536835
24691: 0.536814
24692: 0.536792
24693: 0.536811
24694: 0.536789
24695: 0.536767
24696: 0.536745
24697: 0.536764
24698: 0.536742
24699: 0.536721
24700: 0.536739
24701: 0.536718
24702: 0.536736
24703: 0.536755
24704: 0.536774
24705: 0.536793
24706: 0.536811
24707: 0.53679
24708: 0.536808
24709: 0.536787
24710: 0.536805
24711: 0.536784
24712: 0.536802
24713: 0.536821
24714: 0.53684
24715: 0.536818
24716: 0.536797
24717: 0.536815
24718: 0.536834
24719: 0.536853
24720: 0.536871
24721: 0.53685
24722: 0.536869
24723: 0.536887
24724: 0.536866
24725: 0.536884
24726: 0.536903
24727: 0.536881
24728: 0.53686
24729: 0.536878
24730: 0.536897
24731: 0.536875
24732: 0.536894
24733: 0.536872
24734: 0.536891
24735: 0.53691
24736: 0.536928
24737: 0.536907
24738: 0.536885
24739: 0.536863
24740: 0.536842
24741: 0.53686
24742: 0.536879
24743: 0.536857
24744: 0.536836
24745: 0.536814
24746: 0.536833
24747: 0.536851
24748: 0.53687
24749: 0.536889
24750: 0.536908
24751: 0.536886
24752: 0.536905
24753: 0.536923
24754: 0.536902
24755: 0.53692
24756: 0.536899
24757: 0.536877
24758: 0.536855
24759: 0.536834
24760: 0.536852
24761: 0.536831
24762: 0.536849
24763: 0.536868
24764: 0.536887
24765: 0.536865
24766: 0.536884
24767: 0.536902
24768: 0.536881
24769: 0.536899
24770: 0.536878
24771: 0.536856
24772: 0.536834
24773: 0.536813
24774: 0.536831
24775: 0.53685
24776: 0.536869
24777: 0.536888
24778: 0.536906
24779: 0.536885
24780: 0.536903
24781: 0.536882
24782: 0.5369
24783: 0.536919
24784: 0.536897
24785: 0.536916
24786: 0.536935
24787: 0.536953
24788: 0.536972
24789: 0.536991
24790: 0.537009
24791: 0.536988
24792: 0.537006
24793: 0.537025
24794: 0.537003
24795: 0.537022
24796: 0.537
24797: 0.536979
24798: 0.536957
24799: 0.536976
24800: 0.536994
24801: 0.536973
24802: 0.536991
24803: 0.53701
24804: 0.537029
24805: 0.537007
24806: 0.537026
24807: 0.537045
24808: 0.537023
24809: 0.537042
24810: 0.53706
24811: 0.537079
24812: 0.537097
24813: 0.537116
24814: 0.537094
24815: 0.537073
24816: 0.537092
24817: 0.53707
24818: 0.537089
24819: 0.537067
24820: 0.537086
24821: 0.537104
24822: 0.537083
24823: 0.537101
24824: 0.53708
24825: 0.537098
24826: 0.537077
24827: 0.537055
24828: 0.537074
24829: 0.537052
24830: 0.53703
24831: 0.537009
24832: 0.536987
24833: 0.537006
24834: 0.537024
24835: 0.537003
24836: 0.537021
24837: 0.537
24838: 0.537018
24839: 0.536997
24840: 0.536975
24841: 0.536994
24842: 0.537012
24843: 0.536991
24844: 0.536969
24845: 0.536988
24846: 0.537006
24847: 0.537025
24848: 0.537004
24849: 0.536982
24850: 0.53696
24851: 0.536939
24852: 0.536917
24853: 0.536895
24854: 0.536874
24855: 0.536893
24856: 0.536871
24857: 0.536849
24858: 0.536828
24859: 0.536846
24860: 0.536865
24861: 0.536884
24862: 0.536902
24863: 0.536881
24864: 0.536859
24865: 0.536878
24866: 0.536896
24867: 0.536915
24868: 0.536934
24869: 0.536952
24870: 0.536971
24871: 0.536989
24872: 0.537008
24873: 0.537027
24874: 0.537005
24875: 0.536983
24876: 0.537002
24877: 0.537021
24878: 0.537039
24879: 0.537058
24880: 0.537076
24881: 0.537095
24882: 0.537114
24883: 0.537132
24884: 0.537111
24885: 0.537089
24886: 0.537108
24887: 0.537126
24888: 0.537145
24889: 0.537123
24890: 0.537142
24891: 0.537161
24892: 0.537179
24893: 0.537158
24894: 0.537176
24895: 0.537195
24896: 0.537213
24897: 0.537192
24898: 0.53721
24899: 0.537189
24900: 0.537207
24901: 0.537226
24902: 0.537204
24903: 0.537183
24904: 0.537201
24905: 0.53722
24906: 0.537198
24907: 0.537217
24908: 0.537236
24909: 0.537214
24910: 0.537233
24911: 0.537211
24912: 0.537189
24913: 0.537208
24914: 0.537186
24915: 0.537205
24916: 0.537224
24917: 0.537242
24918: 0.537221
24919: 0.537199
24920: 0.537177
24921: 0.537156
24922: 0.537174
24923: 0.537153
24924: 0.537131
24925: 0.53711
24926: 0.537088
24927: 0.537067
24928: 0.537085
24929: 0.537104
24930: 0.537082
24931: 0.537061
24932: 0.537039
24933: 0.537058
24934: 0.537036
24935: 0.537055
24936: 0.537073
24937: 0.537092
24938: 0.53707
24939: 0.537089
24940: 0.537067
24941: 0.537046
24942: 0.537024
24943: 0.537043
24944: 0.537021
24945: 0.537
24946: 0.537018
24947: 0.537037
24948: 0.537056
24949: 0.537034
24950: 0.537053
24951: 0.537071
24952: 0.53705
24953: 0.537068
24954: 0.537087
24955: 0.537105
24956: 0.537124
24957: 0.537142
24958: 0.537121
24959: 0.537099
24960: 0.537118
24961: 0.537136
24962: 0.537155
24963: 0.537174
24964: 0.537192
24965: 0.537211
24966: 0.537189
24967: 0.537168
24968: 0.537146
24969: 0.537125
24970: 0.537143
24971: 0.537122
24972: 0.5371
24973: 0.537079
24974: 0.537097
24975: 0.537076
24976: 0.537054
24977: 0.537073
24978: 0.537091
24979: 0.53711
24980: 0.537128
24981: 0.537147
24982: 0.537165
24983: 0.537184
24984: 0.537162
24985: 0.537181
24986: 0.537159
24987: 0.537138
24988: 0.537116
24989: 0.537135
24990: 0.537153
24991: 0.537172
24992: 0.53715
24993: 0.537169
24994: 0.537187
24995: 0.537166
24996: 0.537184
24997: 0.537203
24998: 0.537221
24999: 0.53724
25000: 0.537219
25001: 0.537237
25002: 0.537216
25003: 0.537194
25004: 0.537173
25005: 0.537191
25006: 0.53721
25007: 0.537188
25008: 0.537207
25009: 0.537185
25010: 0.537204
25011: 0.537222
25012: 0.537201
25013: 0.537219
25014: 0.537238
25015: 0.537256
25016: 0.537275
25017: 0.537293
25018: 0.537312
25019: 0.53733
25020: 0.537349
25021: 0.537367
25022: 0.537346
25023: 0.537324
25024: 0.537343
25025: 0.537321
25026: 0.5373
25027: 0.537318
25028: 0.537297
25029: 0.537275
25030: 0.537254
25031: 0.537272
25032: 0.537251
25033: 0.537229
25034: 0.537208
25035: 0.537186
25036: 0.537205
25037: 0.537223
25038: 0.537202
25039: 0.53722
25040: 0.537239
25041: 0.537257
25042: 0.537276
25043: 0.537294
25044: 0.537313
25045: 0.537291
25046: 0.53731
25047: 0.537328
25048: 0.537347
25049: 0.537325
25050: 0.537344
25051: 0.537362
25052: 0.537381
25053: 0.537399
25054: 0.537378
25055: 0.537356
25056: 0.537375
25057: 0.537353
25058: 0.537372
25059: 0.53735
25060: 0.537369
25061: 0.537387
25062: 0.537366
25063: 0.537384
25064: 0.537403
25065: 0.537421
25066: 0.5374
25067: 0.537418
25068: 0.537437
25069: 0.537455
25070: 0.537474
25071: 0.537452
25072: 0.537471
25073: 0.537449
25074: 0.537428
25075: 0.537406
25076: 0.537425
25077: 0.537403
25078: 0.537382
25079: 0.53736
25080: 0.537339
25081: 0.537357
25082: 0.537376
25083: 0.537354
25084: 0.537373
25085: 0.537391
25086: 0.53741
25087: 0.537388
25088: 0.537407
25089: 0.537425
25090: 0.537404
25091: 0.537422
25092: 0.537441
25093: 0.537419
25094: 0.537438
25095: 0.537416
25096: 0.537395
25097: 0.537413
25098: 0.537392
25099: 0.537371
25100: 0.537349
25101: 0.537368
25102: 0.537346
25103: 0.537365
25104: 0.537343
25105: 0.537362
25106: 0.53738
25107: 0.537398
25108: 0.537377
25109: 0.537356
25110: 0.537374
25111: 0.537392
25112: 0.537411
25113: 0.537429
25114: 0.537408
25115: 0.537426
25116: 0.537445
25117: 0.537423
25118: 0.537402
25119: 0.537381
25120: 0.537359
25121: 0.537378
25122: 0.537396
25123: 0.537414
25124: 0.537433
25125: 0.537451
25126: 0.53747
25127: 0.537448
25128: 0.537467
25129: 0.537485
25130: 0.537503
25131: 0.537482
25132: 0.5375
25133: 0.537519
25134: 0.537537
25135: 0.537556
25136: 0.537574
25137: 0.537592
25138: 0.537571
25139: 0.537589
25140: 0.537568
25141: 0.537587
25142: 0.537605
25143: 0.537623
25144: 0.537602
25145: 0.53762
25146: 0.537639
25147: 0.537617
25148: 0.537596
25149: 0.537575
25150: 0.537593
25151: 0.537611
25152: 0.53759
25153: 0.537569
25154: 0.537587
25155: 0.537605
25156: 0.537584
25157: 0.537563
25158: 0.537541
25159: 0.53756
25160: 0.537578
25161: 0.537596
25162: 0.537615
25163: 0.537633
25164: 0.537612
25165: 0.53759
25166: 0.537569
25167: 0.537587
25168: 0.537566
25169: 0.537584
25170: 0.537603
25171: 0.537621
25172: 0.5376
25173: 0.537578
25174: 0.537557
25175: 0.537536
25176: 0.537514
25177: 0.537493
25178: 0.537472
25179: 0.53749
25180: 0.537469
25181: 0.537447
25182: 0.537466
25183: 0.537444
25184: 0.537463
25185: 0.537441
25186: 0.53746
25187: 0.537438
25188: 0.537457
25189: 0.537435
25190: 0.537414
25191: 0.537393
25192: 0.537411
25193: 0.53743
25194: 0.537408
25195: 0.537387
25196: 0.537366
25197: 0.537384
25198: 0.537402
25199: 0.537381
25200: 0.537399
25201: 0.537418
25202: 0.537436
25203: 0.537454
25204: 0.537433
25205: 0.537451
25206: 0.53747
25207: 0.537448
25208: 0.537467
25209: 0.537485
25210: 0.537503
25211: 0.537482
25212: 0.537461
25213: 0.537479
25214: 0.537458
25215: 0.537437
25216: 0.537455
25217: 0.537473
25218: 0.537452
25219: 0.53747
25220: 0.537449
25221: 0.537467
25222: 0.537486
25223: 0.537504
25224: 0.537522
25225: 0.537541
25226: 0.537519
25227: 0.537538
25228: 0.537516
25229: 0.537535
25230: 0.537513
25231: 0.537492
25232: 0.53751
25233: 0.537489
25234: 0.537507
25235: 0.537526
25236: 0.537544
25237: 0.537562
25238: 0.537541
25239: 0.53752
25240: 0.537538
25241: 0.537556
25242: 0.537535
25243: 0.537553
25244: 0.537572
25245: 0.537551
25246: 0.537569
25247: 0.537548
25248: 0.537566
25249: 0.537545
25250: 0.537563
25251: 0.537542
25252: 0.53752
25253: 0.537539
25254: 0.537517
25255: 0.537536
25256: 0.537514
25257: 0.537493
25258: 0.537511
25259: 0.53753
25260: 0.537548
25261: 0.537527
25262: 0.537545
25263: 0.537563
25264: 0.537542
25265: 0.537521
25266: 0.537539
25267: 0.537557
25268: 0.537576
25269: 0.537554
25270: 0.537533
25271: 0.537512
25272: 0.53753
25273: 0.537509
25274: 0.537488
25275: 0.537466
25276: 0.537445
25277: 0.537463
25278: 0.537482
25279: 0.53746
25280: 0.537439
25281: 0.537418
25282: 0.537436
25283: 0.537455
25284: 0.537473
25285: 0.537452
25286: 0.53743
25287: 0.537449
25288: 0.537427
25289: 0.537446
25290: 0.537464
25291: 0.537482
25292: 0.5375
25293: 0.537479
25294: 0.537498
25295: 0.537516
25296: 0.537495
25297: 0.537513
25298: 0.537531
25299: 0.537549
25300: 0.537568
25301: 0.537586
25302: 0.537604
25303: 0.537583
25304: 0.537562
25305: 0.53758
25306: 0.537559
25307: 0.537538
25308: 0.537516
25309: 0.537535
25310: 0.537513
25311: 0.537532
25312: 0.53751
25313: 0.537489
25314: 0.537468
25315: 0.537486
25316: 0.537504
25317: 0.537523
25318: 0.537501
25319: 0.53748
25320: 0.537459
25321: 0.537477
25322: 0.537496
25323: 0.537474
25324: 0.537493
25325: 0.537471
25326: 0.53745
25327: 0.537429
25328: 0.537408
25329: 0.537426
25330: 0.537444
25331: 0.537462
25332: 0.537441
25333: 0.53746
25334: 0.537478
25335: 0.537496
25336: 0.537475
25337: 0.537493
25338: 0.537472
25339: 0.537451
25340: 0.537429
25341: 0.537408
25342: 0.537427
25343: 0.537405
25344: 0.537384
25345: 0.537402
25346: 0.537381
25347: 0.53736
25348: 0.537378
25349: 0.537396
25350: 0.537415
25351: 0.537433
25352: 0.537412
25353: 0.53743
25354: 0.537448
25355: 0.537427
25356: 0.537406
25357: 0.537424
25358: 0.537442
25359: 0.537461
25360: 0.537479
25361: 0.537458
25362: 0.537436
25363: 0.537455
25364: 0.537433
25365: 0.537412
25366: 0.537391
25367: 0.537409
25368: 0.537428
25369: 0.537446
25370: 0.537464
25371: 0.537482
25372: 0.5375
25373: 0.537519
25374: 0.537498
25375: 0.537476
25376: 0.537455
25377: 0.537473
25378: 0.537452
25379: 0.53747
25380: 0.537489
25381: 0.537467
25382: 0.537446
25383: 0.537425
25384: 0.537443
25385: 0.537462
25386: 0.53748
25387: 0.537498
25388: 0.537516
25389: 0.537534
25390: 0.537513
25391: 0.537532
25392: 0.53751
25393: 0.537529
25394: 0.537547
25395: 0.537526
25396: 0.537504
25397: 0.537483
25398: 0.537462
25399: 0.53748
25400: 0.537499
25401: 0.537517
25402: 0.537496
25403: 0.537474
25404: 0.537493
25405: 0.537511
25406: 0.537529
25407: 0.537547
25408: 0.537565
25409: 0.537584
25410: 0.537562
25411: 0.537541
25412: 0.53752
25413: 0.537499
25414: 0.537478
25415: 0.537496
25416: 0.537514
25417: 0.537493
25418: 0.537511
25419: 0.53753
25420: 0.537548
25421: 0.537527
25422: 0.537505
25423: 0.537524
25424: 0.537542
25425: 0.537521
25426: 0.5375
25427: 0.537478
25428: 0.537497
25429: 0.537515
25430: 0.537533
25431: 0.537551
25432: 0.537569
25433: 0.537548
25434: 0.537566
25435: 0.537545
25436: 0.537563
25437: 0.537582
25438: 0.53756
25439: 0.537579
25440: 0.537597
25441: 0.537615
25442: 0.537594
25443: 0.537573
25444: 0.537552
25445: 0.53753
25446: 0.537549
25447: 0.537567
25448: 0.537546
25449: 0.537564
25450: 0.537582
25451: 0.5376
25452: 0.537579
25453: 0.537597
25454: 0.537615
25455: 0.537634
25456: 0.537612
25457: 0.537591
25458: 0.537609
25459: 0.537588
25460: 0.537567
25461: 0.537546
25462: 0.537564
25463: 0.537582
25464: 0.537561
25465: 0.53758
25466: 0.537598
25467: 0.537577
25468: 0.537555
25469: 0.537574
25470: 0.537553
25471: 0.537571
25472: 0.537589
25473: 0.537568
25474: 0.537547
25475: 0.537526
25476: 0.537544
25477: 0.537562
25478: 0.53758
25479: 0.537559
25480: 0.537538
25481: 0.537517
25482: 0.537496
25483: 0.537474
25484: 0.537453
25485: 0.537432
25486: 0.53745
25487: 0.537429
25488: 0.537408
25489: 0.537426
25490: 0.537445
25491: 0.537424
25492: 0.537442
25493: 0.537421
25494: 0.537399
25495: 0.537378
25496: 0.537397
25497: 0.537415
25498: 0.537433
25499: 0.537412
25500: 0.53743
25501: 0.537448
25502: 0.537466
25503: 0.537484
25504: 0.537463
25505: 0.537442
25506: 0.53746
25507: 0.537439
25508: 0.537457
25509: 0.537475
25510: 0.537454
25511: 0.537473
25512: 0.537491
25513: 0.537509
25514: 0.537488
25515: 0.537506
25516: 0.537524
25517: 0.537542
25518: 0.53756
25519: 0.537578
25520: 0.537596
25521: 0.537615
25522: 0.537633
25523: 0.537651
25524: 0.53763
25525: 0.537609
25526: 0.537588
25527: 0.537567
25528: 0.537546
25529: 0.537524
25530: 0.537503
25531: 0.537522
25532: 0.5375
25533: 0.537479
25534: 0.537458
25535: 0.537437
25536: 0.537455
25537: 0.537474
25538: 0.537492
25539: 0.53751
25540: 0.537489
25541: 0.537507
25542: 0.537525
25543: 0.537543
25544: 0.537522
25545: 0.537501
25546: 0.537519
25547: 0.537498
25548: 0.537516
25549: 0.537495
25550: 0.537513
25551: 0.537531
25552: 0.53751
25553: 0.537489
25554: 0.537507
25555: 0.537525
25556: 0.537504
25557: 0.537483
25558: 0.537501
25559: 0.53748
25560: 0.537459
25561: 0.537438
25562: 0.537417
25563: 0.537435
25564: 0.537454
25565: 0.537433
25566: 0.537451
25567: 0.53743
25568: 0.537448
25569: 0.537466
25570: 0.537484
25571: 0.537502
25572: 0.53752
25573: 0.537538
25574: 0.537517
25575: 0.537496
25576: 0.537475
25577: 0.537454
25578: 0.537472
25579: 0.53749
25580: 0.537469
25581: 0.537448
25582: 0.537427
25583: 0.537445
25584: 0.537463
25585: 0.537481
25586: 0.53746
25587: 0.537439
25588: 0.537458
25589: 0.537436
25590: 0.537455
25591: 0.537434
25592: 0.537452
25593: 0.537431
25594: 0.53741
25595: 0.537389
25596: 0.537368
25597: 0.537347
25598: 0.537365
25599: 0.537383
25600: 0.537362
25601: 0.537341
25602: 0.53732
25603: 0.537338
25604: 0.537317
25605: 0.537296
25606: 0.537275
25607: 0.537293
25608: 0.537311
25609: 0.537329
25610: 0.537347
25611: 0.537365
25612: 0.537383
25613: 0.537401
25614: 0.53738
25615: 0.537399
25616: 0.537417
25617: 0.537396
25618: 0.537414
25619: 0.537393
25620: 0.537372
25621: 0.53739
25622: 0.537408
25623: 0.537387
25624: 0.537405
25625: 0.537423
25626: 0.537402
25627: 0.537381
25628: 0.53736
25629: 0.537339
25630: 0.537357
25631: 0.537375
25632: 0.537393
25633: 0.537372
25634: 0.53739
25635: 0.537369
25636: 0.537348
25637: 0.537366
25638: 0.537384
25639: 0.537402
25640: 0.537382
25641: 0.537361
25642: 0.537379
25643: 0.537397
25644: 0.537376
25645: 0.537355
25646: 0.537373
25647: 0.537391
25648: 0.53737
25649: 0.537349
25650: 0.537367
25651: 0.537346
25652: 0.537364
25653: 0.537382
25654: 0.5374
25655: 0.537418
25656: 0.537397
25657: 0.537415
25658: 0.537394
25659: 0.537412
25660: 0.53743
25661: 0.537409
25662: 0.537427
25663: 0.537445
25664: 0.537425
25665: 0.537404
25666: 0.537383
25667: 0.537401
25668: 0.537419
25669: 0.537398
25670: 0.537377
25671: 0.537395
25672: 0.537374
25673: 0.537392
25674: 0.53741
25675: 0.537389
25676: 0.537368
25677: 0.537347
25678: 0.537365
25679: 0.537344
25680: 0.537362
25681: 0.53738
25682: 0.537398
25683: 0.537377
25684: 0.537356
25685: 0.537374
25686: 0.537392
25687: 0.537372
25688: 0.537351
25689: 0.537369
25690: 0.537387
25691: 0.537366
25692: 0.537384
25693: 0.537363
25694: 0.537342
25695: 0.53736
25696: 0.537378
25697: 0.537396
25698: 0.537414
25699: 0.537393
25700: 0.537372
25701: 0.537351
25702: 0.537369
25703: 0.537387
25704: 0.537405
25705: 0.537423
25706: 0.537402
25707: 0.53742
25708: 0.537399
25709: 0.537417
25710: 0.537435
25711: 0.537453
25712: 0.537432
25713: 0.53745
25714: 0.537468
25715: 0.537448
25716: 0.537465
25717: 0.537445
25718: 0.537424
25719: 0.537403
25720: 0.537421
25721: 0.537439
25722: 0.537418
25723: 0.537397
25724: 0.537415
25725: 0.537433
25726: 0.537451
25727: 0.537469
25728: 0.537487
25729: 0.537505
25730: 0.537523
25731: 0.537502
25732: 0.537481
25733: 0.53746
25734: 0.537478
25735: 0.537457
25736: 0.537475
25737: 0.537493
25738: 0.537511
25739: 0.53749
25740: 0.537469
25741: 0.537449
25742: 0.537428
25743: 0.537446
25744: 0.537464
25745: 0.537443
25746: 0.537461
25747: 0.537479
25748: 0.537497
25749: 0.537476
25750: 0.537494
25751: 0.537473
25752: 0.537491
25753: 0.53747
25754: 0.537488
25755: 0.537506
25756: 0.537485
25757: 0.537464
25758: 0.537443
25759: 0.537461
25760: 0.53744
25761: 0.537419
25762: 0.537437
25763: 0.537455
25764: 0.537473
25765: 0.537452
25766: 0.53747
25767: 0.537488
25768: 0.537506
25769: 0.537524
25770: 0.537542
25771: 0.53756
25772: 0.537578
25773: 0.537596
25774: 0.537614
25775: 0.537593
25776: 0.537572
25777: 0.537551
25778: 0.537569
25779: 0.537587
25780: 0.537566
25781: 0.537584
25782: 0.537602
25783: 0.537581
25784: 0.537599
25785: 0.537579
25786: 0.537558
25787: 0.537537
25788: 0.537555
25789: 0.537573
25790: 0.537591
25791: 0.537609
25792: 0.537626
25793: 0.537644
25794: 0.537624
25795: 0.537641
25796: 0.537659
25797: 0.537677
25798: 0.537695
25799: 0.537713
25800: 0.537731
25801: 0.537749
25802: 0.537767
25803: 0.537785
25804: 0.537764
25805: 0.537782
25806: 0.5378
25807: 0.537818
25808: 0.537836
25809: 0.537854
25810: 0.537871
25811: 0.537889
25812: 0.537907
25813: 0.537886
25814: 0.537866
25815: 0.537883
25816: 0.537901
25817: 0.537881
25818: 0.53786
25819: 0.537878
25820: 0.537896
25821: 0.537913
25822: 0.537931
25823: 0.53791
25824: 0.53789
25825: 0.537908
25826: 0.537925
25827: 0.537943
25828: 0.537922
25829: 0.537902
25830: 0.53792
25831: 0.537899
25832: 0.537878
25833: 0.537896
25834: 0.537914
25835: 0.537932
25836: 0.537911
25837: 0.53789
25838: 0.537869
25839: 0.537848
25840: 0.537866
25841: 0.537884
25842: 0.537902
25843: 0.537881
25844: 0.537899
25845: 0.537878
25846: 0.537896
25847: 0.537914
25848: 0.537893
25849: 0.537911
25850: 0.53789
25851: 0.537908
25852: 0.537887
25853: 0.537905
25854: 0.537923
25855: 0.537941
25856: 0.537959
25857: 0.537938
25858: 0.537956
25859: 0.537974
25860: 0.537992
25861: 0.537971
25862: 0.53795
25863: 0.537968
25864: 0.537947
25865: 0.537926
25866: 0.537944
25867: 0.537923
25868: 0.537903
25869: 0.537882
25870: 0.537861
25871: 0.537879
25872: 0.537897
25873: 0.537876
25874: 0.537855
25875: 0.537873
25876: 0.537891
25877: 0.53787
25878: 0.537849
25879: 0.537828
25880: 0.537846
25881: 0.537826
25882: 0.537805
25883: 0.537823
25884: 0.537802
25885: 0.53782
25886: 0.537838
25887: 0.537855
25888: 0.537873
25889: 0.537852
25890: 0.537832
25891: 0.537811
25892: 0.53779
25893: 0.537808
25894: 0.537787
25895: 0.537766
25896: 0.537746
25897: 0.537725
25898: 0.537743
25899: 0.537761
25900: 0.537778
25901: 0.537796
25902: 0.537814
25903: 0.537793
25904: 0.537773
25905: 0.537752
25906: 0.537731
25907: 0.537749
25908: 0.537767
25909: 0.537785
25910: 0.537802
25911: 0.53782
25912: 0.5378
25913: 0.537779
25914: 0.537758
25915: 0.537737
25916: 0.537755
25917: 0.537773
25918: 0.537791
25919: 0.537809
25920: 0.537826
25921: 0.537844
25922: 0.537862
25923: 0.53788
25924: 0.537859
25925: 0.537877
25926: 0.537856
25927: 0.537836
25928: 0.537853
25929: 0.537833
25930: 0.537812
25931: 0.537791
25932: 0.53777
25933: 0.53775
25934: 0.537767
25935: 0.537785
25936: 0.537765
25937: 0.537782
25938: 0.537762
25939: 0.537779
25940: 0.537797
25941: 0.537777
25942: 0.537794
25943: 0.537812
25944: 0.537791
25945: 0.537771
25946: 0.537789
25947: 0.537806
25948: 0.537824
25949: 0.537842
25950: 0.53786
25951: 0.537878
25952: 0.537895
25953: 0.537913
25954: 0.537893
25955: 0.53791
25956: 0.53789
25957: 0.537907
25958: 0.537925
25959: 0.537904
25960: 0.537884
25961: 0.537863
25962: 0.537881
25963: 0.537899
25964: 0.537878
25965: 0.537857
25966: 0.537875
25967: 0.537854
25968: 0.537872
25969: 0.537851
25970: 0.537869
25971: 0.537887
25972: 0.537905
25973: 0.537884
25974: 0.537863
25975: 0.537881
25976: 0.53786
25977: 0.53784
25978: 0.537858
25979: 0.537875
25980: 0.537893
25981: 0.537911
25982: 0.537929
25983: 0.537946
25984: 0.537926
25985: 0.537905
25986: 0.537923
25987: 0.537902
25988: 0.537881
25989: 0.537899
25990: 0.537917
25991: 0.537935
25992: 0.537914
25993: 0.537893
25994: 0.537873
25995: 0.53789
25996: 0.537908
25997: 0.537888
25998: 0.537905
25999: 0.537885
26000: 0.537864
26001: 0.537882
26002: 0.537899
26003: 0.537917
26004: 0.537935
26005: 0.537914
26006: 0.537932
26007: 0.537911
26008: 0.537929
26009: 0.537908
26010: 0.537926
26011: 0.537944
26012: 0.537923
26013: 0.537903
26014: 0.53792
26015: 0.537938
26016: 0.537918
26017: 0.537897
26018: 0.537876
26019: 0.537855
26020: 0.537873
26021: 0.537891
26022: 0.537909
26023: 0.537888
26024: 0.537867
26025: 0.537885
26026: 0.537865
26027: 0.537844
26028: 0.537823
26029: 0.537841
26030: 0.537859
26031: 0.537838
26032: 0.537856
26033: 0.537874
26034: 0.537891
26035: 0.537871
26036: 0.53785
26037: 0.537868
26038: 0.537847
26039: 0.537865
26040: 0.537844
26041: 0.537824
26042: 0.537803
26043: 0.537821
26044: 0.537838
26045: 0.537856
26046: 0.537874
26047: 0.537853
26048: 0.537833
26049: 0.537812
26050: 0.53783
26051: 0.537809
26052: 0.537827
26053: 0.537806
26054: 0.537824
26055: 0.537842
26056: 0.537821
26057: 0.537839
26058: 0.537856
26059: 0.537836
26060: 0.537853
26061: 0.537833
26062: 0.537812
26063: 0.53783
26064: 0.537848
26065: 0.537827
26066: 0.537806
26067: 0.537824
26068: 0.537804
26069: 0.537821
26070: 0.537801
26071: 0.53778
26072: 0.537759
26073: 0.537739
26074: 0.537718
26075: 0.537736
26076: 0.537715
26077: 0.537695
26078: 0.537674
26079: 0.537692
26080: 0.537671
26081: 0.53765
26082: 0.53763
26083: 0.537609
26084: 0.537589
26085: 0.537606
26086: 0.537586
26087: 0.537603
26088: 0.537583
26089: 0.537601
26090: 0.537618
26091: 0.537636
26092: 0.537615
26093: 0.537633
26094: 0.537651
26095: 0.537669
26096: 0.537686
26097: 0.537704
26098: 0.537722
26099: 0.537739
26100: 0.537757
26101: 0.537737
26102: 0.537716
26103: 0.537695
26104: 0.537675
26105: 0.537692
26106: 0.537672
26107: 0.53769
26108: 0.537707
26109: 0.537687
26110: 0.537704
26111: 0.537684
26112: 0.537663
26113: 0.537681
26114: 0.53766
26115: 0.53764
26116: 0.537657
26117: 0.537675
26118: 0.537693
26119: 0.537711
26120: 0.53769
26121: 0.537708
26122: 0.537687
26123: 0.537705
26124: 0.537684
26125: 0.537702
26126: 0.53772
26127: 0.537699
26128: 0.537678
26129: 0.537658
26130: 0.537637
26131: 0.537617
26132: 0.537596
26133: 0.537576
26134: 0.537555
26135: 0.537573
26136: 0.537552
26137: 0.537532
26138: 0.537511
26139: 0.53749
26140: 0.537508
26141: 0.537526
26142: 0.537544
26143: 0.537561
26144: 0.537579
26145: 0.537558
26146: 0.537538
26147: 0.537517
26148: 0.537497
26149: 0.537514
26150: 0.537532
26151: 0.537511
26152: 0.537491
26153: 0.537509
26154: 0.537488
26155: 0.537506
26156: 0.537523
26157: 0.537503
26158: 0.537482
26159: 0.5375
26160: 0.537518
26161: 0.537497
26162: 0.537477
26163: 0.537456
26164: 0.537474
26165: 0.537453
26166: 0.537471
26167: 0.53745
26168: 0.537468
26169: 0.537447
26170: 0.537465
26171: 0.537483
26172: 0.5375
26173: 0.53748
26174: 0.537459
26175: 0.537439
26176: 0.537418
26177: 0.537436
26178: 0.537415
26179: 0.537433
26180: 0.537451
26181: 0.53743
26182: 0.537448
26183: 0.537466
26184: 0.537445
26185: 0.537425
26186: 0.537442
26187: 0.53746
26188: 0.537478
26189: 0.537495
26190: 0.537475
26191: 0.537492
26192: 0.53751
26193: 0.537528
26194: 0.537507
26195: 0.537525
26196: 0.537542
26197: 0.537522
26198: 0.537501
26199: 0.537481
26200: 0.53746
26201: 0.537478
26202: 0.537496
26203: 0.537513
26204: 0.537531
26205: 0.537549
26206: 0.537566
26207: 0.537584
26208: 0.537563
26209: 0.537581
26210: 0.537561
26211: 0.53754
26212: 0.537558
26213: 0.537537
26214: 0.537555
26215: 0.537572
26216: 0.53759
26217: 0.53757
26218: 0.537587
26219: 0.537605
26220: 0.537584
26221: 0.537564
26222: 0.537582
26223: 0.537599
26224: 0.537579
26225: 0.537596
26226: 0.537614
26227: 0.537593
26228: 0.537573
26229: 0.537591
26230: 0.537608
26231: 0.537626
26232: 0.537643
26233: 0.537661
26234: 0.537679
26235: 0.537696
26236: 0.537714
26237: 0.537693
26238: 0.537673
26239: 0.537691
26240: 0.537708
26241: 0.537688
26242: 0.537705
26243: 0.537685
26244: 0.537702
26245: 0.537682
26246: 0.5377
26247: 0.537717
26248: 0.537697
26249: 0.537714
26250: 0.537732
26251: 0.537711
26252: 0.537729
26253: 0.537709
26254: 0.537726
26255: 0.537744
26256: 0.537723
26257: 0.537703
26258: 0.537682
26259: 0.5377
26260: 0.537679
26261: 0.537697
26262: 0.537715
26263: 0.537732
26264: 0.537712
26265: 0.537729
26266: 0.537747
26267: 0.537727
26268: 0.537744
26269: 0.537762
26270: 0.537779
26271: 0.537797
26272: 0.537814
26273: 0.537794
26274: 0.537812
26275: 0.537791
26276: 0.537809
26277: 0.537826
26278: 0.537806
26279: 0.537823
26280: 0.537803
26281: 0.537783
26282: 0.537762
26283: 0.537742
26284: 0.537721
26285: 0.537739
26286: 0.537756
26287: 0.537736
26288: 0.537715
26289: 0.537733
26290: 0.537751
26291: 0.537768
26292: 0.537786
26293: 0.537765
26294: 0.537783
26295: 0.537762
26296: 0.537742
26297: 0.53776
26298: 0.537739
26299: 0.537719
26300: 0.537736
26301: 0.537754
26302: 0.537771
26303: 0.537751
26304: 0.537768
26305: 0.537786
26306: 0.537766
26307: 0.537745
26308: 0.537763
26309: 0.53778
26310: 0.53776
26311: 0.537777
26312: 0.537757
26313: 0.537737
26314: 0.537754
26315: 0.537772
26316: 0.537789
26317: 0.537807
26318: 0.537824
26319: 0.537804
26320: 0.537822
26321: 0.537801
26322: 0.537819
26323: 0.537836
26324: 0.537854
26325: 0.537871
26326: 0.537889
26327: 0.537906
26328: 0.537886
26329: 0.537866
26330: 0.537883
26331: 0.537863
26332: 0.53788
26333: 0.537898
26334: 0.537915
26335: 0.537895
26336: 0.537874
26337: 0.537892
26338: 0.537872
26339: 0.537889
26340: 0.537869
26341: 0.537886
26342: 0.537904
26343: 0.537883
26344: 0.537863
26345: 0.537881
26346: 0.537898
26347: 0.537916
26348: 0.537933
26349: 0.537913
26350: 0.53793
26351: 0.53791
26352: 0.537889
26353: 0.537907
26354: 0.537924
26355: 0.537942
26356: 0.537922
26357: 0.537939
26358: 0.537957
26359: 0.537936
26360: 0.537954
26361: 0.537933
26362: 0.537951
26363: 0.537968
26364: 0.537986
26365: 0.538003
26366: 0.537983
26367: 0.538001
26368: 0.53798
26369: 0.537998
26370: 0.537977
26371: 0.537995
26372: 0.538012
26373: 0.53803
26374: 0.538009
26375: 0.537989
26376: 0.537969
26377: 0.537948
26378: 0.537928
26379: 0.537945
26380: 0.537925
26381: 0.537943
26382: 0.537922
26383: 0.53794
26384: 0.537919
26385: 0.537937
26386: 0.537916
26387: 0.537896
26388: 0.537876
26389: 0.537893
26390: 0.537911
26391: 0.53789
26392: 0.537908
26393: 0.537925
26394: 0.537943
26395: 0.537922
26396: 0.53794
26397: 0.537957
26398: 0.537975
26399: 0.537992
26400: 0.53801
26401: 0.53799
26402: 0.537969
26403: 0.537949
26404: 0.537966
26405: 0.537984
26406: 0.538001
26407: 0.537981
26408: 0.537961
26409: 0.53794
26410: 0.537958
26411: 0.537975
26412: 0.537955
26413: 0.537934
26414: 0.537914
26415: 0.537932
26416: 0.537911
26417: 0.537929
26418: 0.537908
26419: 0.537926
26420: 0.537943
26421: 0.537923
26422: 0.537903
26423: 0.537882
26424: 0.537862
26425: 0.537879
26426: 0.537897
26427: 0.537876
26428: 0.537856
26429: 0.537874
26430: 0.537891
26431: 0.537909
26432: 0.537926
26433: 0.537906
26434: 0.537923
26435: 0.537903
26436: 0.53792
26437: 0.537938
26438: 0.537917
26439: 0.537935
26440: 0.537952
26441: 0.53797
26442: 0.53795
26443: 0.537929
26444: 0.537909
26445: 0.537889
26446: 0.537868
26447: 0.537886
26448: 0.537865
26449: 0.537845
26450: 0.537862
26451: 0.537842
26452: 0.537822
26453: 0.537801
26454: 0.537819
26455: 0.537836
26456: 0.537854
26457: 0.537871
26458: 0.537889
26459: 0.537906
26460: 0.537924
26461: 0.537941
26462: 0.537959
26463: 0.537976
26464: 0.537994
26465: 0.538011
26466: 0.538028
26467: 0.538046
26468: 0.538026
26469: 0.538043
26470: 0.538061
26471: 0.53804
26472: 0.538058
26473: 0.538075
26474: 0.538055
26475: 0.538072
26476: 0.53809
26477: 0.538107
26478: 0.538087
26479: 0.538104
26480: 0.538084
26481: 0.538064
26482: 0.538081
26483: 0.538098
26484: 0.538078
26485: 0.538096
26486: 0.538113
26487: 0.53813
26488: 0.538148
26489: 0.538128
26490: 0.538145
26491: 0.538162
26492: 0.538142
26493: 0.53816
26494: 0.538177
26495: 0.538194
26496: 0.538212
26497: 0.538229
26498: 0.538209
26499: 0.538189
26500: 0.538206
26501: 0.538224
26502: 0.538203
26503: 0.538183
26504: 0.5382
26505: 0.53818
26506: 0.538197
26507: 0.538215
26508: 0.538195
26509: 0.538212
26510: 0.538192
26511: 0.538171
26512: 0.538151
26513: 0.538131
26514: 0.538111
26515: 0.538128
26516: 0.538108
26517: 0.538125
26518: 0.538142
26519: 0.53816
26520: 0.53814
26521: 0.538119
26522: 0.538099
26523: 0.538116
26524: 0.538134
26525: 0.538151
26526: 0.538131
26527: 0.538148
26528: 0.538166
26529: 0.538183
26530: 0.538163
26531: 0.53818
26532: 0.53816
26533: 0.538177
26534: 0.538157
26535: 0.538175
26536: 0.538154
26537: 0.538172
26538: 0.538151
26539: 0.538169
26540: 0.538186
26541: 0.538166
26542: 0.538146
26543: 0.538125
26544: 0.538143
26545: 0.538123
26546: 0.53814
26547: 0.538157
26548: 0.538175
26549: 0.538154
26550: 0.538172
26551: 0.538152
26552: 0.538169
26553: 0.538149
26554: 0.538128
26555: 0.538146
26556: 0.538126
26557: 0.538105
26558: 0.538123
26559: 0.538102
26560: 0.53812
26561: 0.538137
26562: 0.538117
26563: 0.538097
26564: 0.538114
26565: 0.538094
26566: 0.538111
26567: 0.538091
26568: 0.538108
26569: 0.538126
26570: 0.538143
26571: 0.538123
26572: 0.538103
26573: 0.538082
26574: 0.538062
26575: 0.538042
26576: 0.538022
26577: 0.538039
26578: 0.538019
26579: 0.538036
26580: 0.538016
26581: 0.538033
26582: 0.538051
26583: 0.53803
26584: 0.538048
26585: 0.538065
26586: 0.538083
26587: 0.5381
26588: 0.538117
26589: 0.538097
26590: 0.538077
26591: 0.538094
26592: 0.538074
26593: 0.538054
26594: 0.538033
26595: 0.538051
26596: 0.538068
26597: 0.538048
26598: 0.538028
26599: 0.538045
26600: 0.538062
26601: 0.53808
26602: 0.53806
26603: 0.538039
26604: 0.538057
26605: 0.538074
26606: 0.538091
26607: 0.538109
26608: 0.538126
26609: 0.538144
26610: 0.538161
26611: 0.538141
26612: 0.53812
26613: 0.5381
26614: 0.538118
26615: 0.538097
26616: 0.538077
26617: 0.538057
26618: 0.538037
26619: 0.538017
26620: 0.538034
26621: 0.538014
26622: 0.538031
26623: 0.538011
26624: 0.537991
26625: 0.538008
26626: 0.538025
26627: 0.538043
26628: 0.53806
26629: 0.53804
26630: 0.538057
26631: 0.538074
26632: 0.538054
26633: 0.538072
26634: 0.538089
26635: 0.538106
26636: 0.538124
26637: 0.538141
26638: 0.538121
26639: 0.538101
26640: 0.53808
26641: 0.538098
26642: 0.538115
26643: 0.538132
26644: 0.538112
26645: 0.538092
26646: 0.538072
26647: 0.538052
26648: 0.538031
26649: 0.538049
26650: 0.538029
26651: 0.538046
26652: 0.538026
26653: 0.538043
26654: 0.53806
26655: 0.53804
26656: 0.53802
26657: 0.538037
26658: 0.538055
26659: 0.538035
26660: 0.538014
26661: 0.538032
26662: 0.538049
26663: 0.538029
26664: 0.538046
26665: 0.538063
26666: 0.538081
26667: 0.538098
26668: 0.538115
26669: 0.538095
26670: 0.538113
26671: 0.53813
26672: 0.53811
26673: 0.538127
26674: 0.538107
26675: 0.538124
26676: 0.538104
26677: 0.538084
26678: 0.538101
26679: 0.538118
26680: 0.538136
26681: 0.538116
26682: 0.538095
26683: 0.538113
26684: 0.53813
26685: 0.538147
26686: 0.538165
26687: 0.538182
26688: 0.538199
26689: 0.538217
26690: 0.538234
26691: 0.538251
26692: 0.538268
26693: 0.538286
26694: 0.538266
26695: 0.538283
26696: 0.538263
26697: 0.53828
26698: 0.538297
26699: 0.538315
26700: 0.538294
26701: 0.538312
26702: 0.538329
26703: 0.538346
26704: 0.538364
26705: 0.538343
26706: 0.538361
26707: 0.538378
26708: 0.538358
26709: 0.538338
26710: 0.538318
26711: 0.538297
26712: 0.538315
26713: 0.538295
26714: 0.538274
26715: 0.538292
26716: 0.538272
26717: 0.538289
26718: 0.538269
26719: 0.538249
26720: 0.538228
26721: 0.538208
26722: 0.538188
26723: 0.538205
26724: 0.538185
26725: 0.538165
26726: 0.538182
26727: 0.538162
26728: 0.538142
26729: 0.538159
26730: 0.538139
26731: 0.538119
26732: 0.538099
26733: 0.538079
26734: 0.538096
26735: 0.538113
26736: 0.538131
26737: 0.538111
26738: 0.53809
26739: 0.53807
26740: 0.538088
26741: 0.538105
26742: 0.538085
26743: 0.538065
26744: 0.538044
26745: 0.538024
26746: 0.538042
26747: 0.538059
26748: 0.538076
26749: 0.538093
26750: 0.538073
26751: 0.538091
26752: 0.538108
26753: 0.538088
26754: 0.538068
26755: 0.538085
26756: 0.538102
26757: 0.538082
26758: 0.538099
26759: 0.538079
26760: 0.538096
26761: 0.538114
26762: 0.538131
26763: 0.538148
26764: 0.538128
26765: 0.538108
26766: 0.538088
26767: 0.538105
26768: 0.538122
26769: 0.53814
26770: 0.538157
26771: 0.538174
26772: 0.538191
26773: 0.538209
26774: 0.538226
26775: 0.538206
26776: 0.538223
26777: 0.538203
26778: 0.538183
26779: 0.538163
26780: 0.538143
26781: 0.538123
26782: 0.53814
26783: 0.538157
26784: 0.538137
26785: 0.538154
26786: 0.538134
26787: 0.538151
26788: 0.538131
26789: 0.538111
26790: 0.538128
26791: 0.538108
26792: 0.538088
26793: 0.538068
26794: 0.538085
26795: 0.538065
26796: 0.538045
26797: 0.538063
26798: 0.53808
26799: 0.538097
26800: 0.538114
26801: 0.538131
26802: 0.538149
26803: 0.538129
26804: 0.538109
26805: 0.538088
26806: 0.538106
26807: 0.538123
26808: 0.538103
26809: 0.538083
26810: 0.538063
26811: 0.53808
26812: 0.538097
26813: 0.538077
26814: 0.538057
26815: 0.538074
26816: 0.538054
26817: 0.538034
26818: 0.538051
26819: 0.538031
26820: 0.538049
26821: 0.538066
26822: 0.538083
26823: 0.5381
26824: 0.538117
26825: 0.538097
26826: 0.538077
26827: 0.538057
26828: 0.538037
26829: 0.538054
26830: 0.538072
26831: 0.538089
26832: 0.538069
26833: 0.538049
26834: 0.538066
26835: 0.538083
26836: 0.5381
26837: 0.538118
26838: 0.538135
26839: 0.538115
26840: 0.538095
26841: 0.538112
26842: 0.538092
26843: 0.538072
26844: 0.538089
26845: 0.538106
26846: 0.538123
26847: 0.538141
26848: 0.538158
26849: 0.538175
26850: 0.538155
26851: 0.538135
26852: 0.538152
26853: 0.538169
26854: 0.538149
26855: 0.538129
26856: 0.538146
26857: 0.538126
26858: 0.538144
26859: 0.538161
26860: 0.538178
26861: 0.538195
26862: 0.538212
26863: 0.53823
26864: 0.53821
26865: 0.538227
26866: 0.538244
26867: 0.538261
26868: 0.538241
26869: 0.538221
26870: 0.538201
26871: 0.538218
26872: 0.538235
26873: 0.538215
26874: 0.538195
26875: 0.538213
26876: 0.538193
26877: 0.538172
26878: 0.53819
26879: 0.538207
26880: 0.538224
26881: 0.538241
26882: 0.538258
26883: 0.538238
26884: 0.538218
26885: 0.538198
26886: 0.538215
26887: 0.538233
26888: 0.53825
26889: 0.538267
26890: 0.538284
26891: 0.538264
26892: 0.538244
26893: 0.538224
26894: 0.538241
26895: 0.538221
26896: 0.538238
26897: 0.538256
26898: 0.538236
26899: 0.538216
26900: 0.538196
26901: 0.538176
26902: 0.538156
26903: 0.538136
26904: 0.538153
26905: 0.538133
26906: 0.538113
26907: 0.53813
26908: 0.538147
26909: 0.538164
26910: 0.538181
26911: 0.538199
26912: 0.538216
26913: 0.538196
26914: 0.538176
26915: 0.538156
26916: 0.538173
26917: 0.53819
26918: 0.53817
26919: 0.538187
26920: 0.538204
26921: 0.538184
26922: 0.538202
26923: 0.538219
26924: 0.538199
26925: 0.538179
26926: 0.538196
26927: 0.538213
26928: 0.53823
26929: 0.538247
26930: 0.538264
26931: 0.538282
26932: 0.538262
26933: 0.538242
26934: 0.538259
26935: 0.538276
26936: 0.538256
26937: 0.538273
26938: 0.53829
26939: 0.53827
26940: 0.53825
26941: 0.538267
26942: 0.538247
26943: 0.538265
26944: 0.538245
26945: 0.538262
26946: 0.538279
26947: 0.538259
26948: 0.538276
26949: 0.538256
26950: 0.538273
26951: 0.538253
26952: 0.538233
26953: 0.538213
26954: 0.53823
26955: 0.53821
26956: 0.538228
26957: 0.538208
26958: 0.538225
26959: 0.538242
26960: 0.538259
26961: 0.538276
26962: 0.538293
26963: 0.53831
26964: 0.538327
26965: 0.538345
26966: 0.538325
26967: 0.538342
26968: 0.538322
26969: 0.538339
26970: 0.538356
26971: 0.538373
26972: 0.53839
26973: 0.538407
26974: 0.538387
26975: 0.538367
26976: 0.538347
26977: 0.538365
26978: 0.538345
26979: 0.538362
26980: 0.538379
26981: 0.538396
26982: 0.538413
26983: 0.538393
26984: 0.538373
26985: 0.53839
26986: 0.538407
26987: 0.538424
26988: 0.538405
26989: 0.538385
26990: 0.538402
26991: 0.538382
26992: 0.538362
26993: 0.538379
26994: 0.538396
26995: 0.538413
26996: 0.53843
26997: 0.538447
26998: 0.538464
26999: 0.538444
27000: 0.538462
27001: 0.538479
27002: 0.538496
27003: 0.538476
27004: 0.538493
27005: 0.53851
27006: 0.53849
27007: 0.53847
27008: 0.538487
27009: 0.538467
27010: 0.538447
27011: 0.538427
27012: 0.538407
27013: 0.538425
27014: 0.538405
27015: 0.538385
27016: 0.538365
27017: 0.538382
27018: 0.538399
27019: 0.538379
27020: 0.538396
27021: 0.538376
27022: 0.538356
27023: 0.538336
27024: 0.538353
27025: 0.538333
27026: 0.538351
27027: 0.538331
27028: 0.538348
27029: 0.538328
27030: 0.538345
27031: 0.538362
27032: 0.538379
27033: 0.538396
27034: 0.538413
27035: 0.53843
27036: 0.53841
27037: 0.538427
27038: 0.538444
27039: 0.538462
27040: 0.538479
27041: 0.538459
27042: 0.538476
27043: 0.538493
27044: 0.53851
27045: 0.538527
27046: 0.538507
27047: 0.538524
27048: 0.538541
27049: 0.538558
27050: 0.538575
27051: 0.538592
27052: 0.538572
27053: 0.538589
27054: 0.53857
27055: 0.53855
27056: 0.53853
27057: 0.538547
27058: 0.538564
27059: 0.538581
27060: 0.538561
27061: 0.538578
27062: 0.538558
27063: 0.538538
27064: 0.538518
27065: 0.538535
27066: 0.538552
27067: 0.53857
27068: 0.538587
27069: 0.538604
27070: 0.538584
27071: 0.538601
27072: 0.538618
27073: 0.538635
27074: 0.538615
27075: 0.538595
27076: 0.538612
27077: 0.538629
27078: 0.538646
27079: 0.538663
27080: 0.538643
27081: 0.538623
27082: 0.538604
27083: 0.538584
27084: 0.538564
27085: 0.538581
27086: 0.538561
27087: 0.538541
27088: 0.538558
27089: 0.538575
27090: 0.538592
27091: 0.538609
27092: 0.538589
27093: 0.538569
27094: 0.538586
27095: 0.538603
27096: 0.538621
27097: 0.538638
27098: 0.538618
27099: 0.538598
27100: 0.538578
27101: 0.538595
27102: 0.538612
27103: 0.538629
27104: 0.538609
27105: 0.538626
27106: 0.538643
27107: 0.538623
27108: 0.538603
27109: 0.53862
27110: 0.538637
27111: 0.538654
27112: 0.538671
27113: 0.538689
27114: 0.538669
27115: 0.538649
27116: 0.538629
27117: 0.538609
27118: 0.538589
27119: 0.538569
27120: 0.538549
27121: 0.53853
27122: 0.538547
27123: 0.538527
27124: 0.538507
27125: 0.538487
27126: 0.538467
27127: 0.538447
27128: 0.538428
27129: 0.538445
27130: 0.538425
27131: 0.538442
27132: 0.538422
27133: 0.538402
27134: 0.538419
27135: 0.538399
27136: 0.538416
27137: 0.538433
27138: 0.53845
27139: 0.538467
27140: 0.538484
27141: 0.538501
27142: 0.538481
27143: 0.538498
27144: 0.538515
27145: 0.538532
27146: 0.538549
27147: 0.53853
27148: 0.538547
27149: 0.538527
27150: 0.538507
27151: 0.538524
27152: 0.538504
27153: 0.538521
27154: 0.538501
27155: 0.538481
27156: 0.538498
27157: 0.538479
27158: 0.538496
27159: 0.538513
27160: 0.53853
27161: 0.538546
27162: 0.538527
27163: 0.538507
27164: 0.538524
27165: 0.538504
27166: 0.538521
27167: 0.538501
27168: 0.538518
27169: 0.538498
27170: 0.538515
27171: 0.538532
27172: 0.538512
27173: 0.538493
27174: 0.53851
27175: 0.53849
27176: 0.538507
27177: 0.538524
27178: 0.538541
27179: 0.538521
27180: 0.538501
27181: 0.538518
27182: 0.538535
27183: 0.538515
27184: 0.538495
27185: 0.538476
27186: 0.538493
27187: 0.538473
27188: 0.53849
27189: 0.538507
27190: 0.538524
27191: 0.538541
27192: 0.538558
27193: 0.538575
27194: 0.538592
27195: 0.538609
27196: 0.538589
27197: 0.538606
27198: 0.538623
27199: 0.538603
27200: 0.538583
27201: 0.5386
27202: 0.538617
27203: 0.538634
27204: 0.538614
27205: 0.538594
27206: 0.538575
27207: 0.538592
27208: 0.538609
27209: 0.538589
27210: 0.538606
27211: 0.538623
27212: 0.538603
27213: 0.538583
27214: 0.538563
27215: 0.538544
27216: 0.53856
27217: 0.538577
27218: 0.538594
27219: 0.538611
27220: 0.538628
27221: 0.538608
27222: 0.538625
27223: 0.538642
27224: 0.538623
27225: 0.538603
27226: 0.53862
27227: 0.538637
27228: 0.538617
27229: 0.538597
27230: 0.538577
27231: 0.538594
27232: 0.538611
27233: 0.538628
27234: 0.538608
27235: 0.538589
27236: 0.538569
27237: 0.538549
27238: 0.538529
27239: 0.538546
27240: 0.538563
27241: 0.538543
27242: 0.53856
27243: 0.538577
27244: 0.538558
27245: 0.538574
27246: 0.538591
27247: 0.538572
27248: 0.538589
27249: 0.538606
27250: 0.538622
27251: 0.538603
27252: 0.53862
27253: 0.538637
27254: 0.538653
27255: 0.538634
27256: 0.538614
27257: 0.538631
27258: 0.538648
27259: 0.538665
27260: 0.538682
27261: 0.538662
27262: 0.538679
27263: 0.538696
27264: 0.538676
27265: 0.538693
27266: 0.53871
27267: 0.53869
27268: 0.53867
27269: 0.538651
27270: 0.538631
27271: 0.538611
27272: 0.538591
27273: 0.538572
27274: 0.538552
27275: 0.538532
27276: 0.538512
27277: 0.538529
27278: 0.538546
27279: 0.538563
27280: 0.538543
27281: 0.538524
27282: 0.538504
27283: 0.538521
27284: 0.538501
27285: 0.538518
27286: 0.538498
27287: 0.538478
27288: 0.538459
27289: 0.538439
27290: 0.538419
27291: 0.5384
27292: 0.538416
27293: 0.538433
27294: 0.53845
27295: 0.538467
27296: 0.538484
27297: 0.538501
27298: 0.538481
27299: 0.538462
27300: 0.538478
27301: 0.538459
27302: 0.538476
27303: 0.538493
27304: 0.538473
27305: 0.53849
27306: 0.538507
27307: 0.538487
27308: 0.538467
27309: 0.538484
27310: 0.538464
27311: 0.538481
27312: 0.538462
27313: 0.538478
27314: 0.538459
27315: 0.538439
27316: 0.538419
27317: 0.538436
27318: 0.538453
27319: 0.53847
27320: 0.538487
27321: 0.538504
27322: 0.538484
27323: 0.538464
27324: 0.538481
27325: 0.538462
27326: 0.538478
27327: 0.538459
27328: 0.538476
27329: 0.538492
27330: 0.538509
27331: 0.53849
27332: 0.538507
27333: 0.538523
27334: 0.538504
27335: 0.538521
27336: 0.538538
27337: 0.538554
27338: 0.538535
27339: 0.538515
27340: 0.538495
27341: 0.538476
27342: 0.538492
27343: 0.538509
27344: 0.538526
27345: 0.538543
27346: 0.538523
27347: 0.538504
27348: 0.538484
27349: 0.538464
27350: 0.538481
27351: 0.538462
27352: 0.538442
27353: 0.538422
27354: 0.538402
27355: 0.538419
27356: 0.5384
27357: 0.538417
27358: 0.538433
27359: 0.538414
27360: 0.538394
27361: 0.538411
27362: 0.538428
27363: 0.538445
27364: 0.538462
27365: 0.538442
27366: 0.538422
27367: 0.538439
27368: 0.538419
27369: 0.5384
27370: 0.538417
27371: 0.538397
27372: 0.538414
27373: 0.538431
27374: 0.538411
27375: 0.538428
27376: 0.538445
27377: 0.538462
27378: 0.538442
27379: 0.538422
27380: 0.538403
27381: 0.538419
27382: 0.5384
27383: 0.538417
27384: 0.538397
27385: 0.538414
27386: 0.538394
27387: 0.538374
27388: 0.538391
27389: 0.538408
27390: 0.538425
27391: 0.538405
27392: 0.538386
27393: 0.538366
27394: 0.538346
27395: 0.538363
27396: 0.538344
27397: 0.53836
27398: 0.538377
27399: 0.538358
27400: 0.538375
27401: 0.538355
27402: 0.538372
27403: 0.538352
27404: 0.538332
27405: 0.538349
27406: 0.538366
27407: 0.538346
27408: 0.538363
27409: 0.53838
27410: 0.538397
27411: 0.538414
27412: 0.538394
27413: 0.538375
27414: 0.538391
27415: 0.538372
27416: 0.538389
27417: 0.538405
27418: 0.538422
27419: 0.538403
27420: 0.538419
27421: 0.5384
27422: 0.53838
27423: 0.538361
27424: 0.538341
27425: 0.538321
27426: 0.538302
27427: 0.538282
27428: 0.538262
27429: 0.538243
27430: 0.53826
27431: 0.53824
27432: 0.538257
27433: 0.538237
27434: 0.538218
27435: 0.538198
27436: 0.538178
27437: 0.538195
27438: 0.538176
27439: 0.538156
27440: 0.538136
27441: 0.538153
27442: 0.53817
27443: 0.53815
27444: 0.538167
27445: 0.538184
27446: 0.538164
27447: 0.538145
27448: 0.538162
27449: 0.538142
27450: 0.538159
27451: 0.538176
27452: 0.538156
27453: 0.538137
27454: 0.538117
27455: 0.538097
27456: 0.538078
27457: 0.538095
27458: 0.538111
27459: 0.538128
27460: 0.538145
27461: 0.538162
27462: 0.538179
27463: 0.538159
27464: 0.538139
27465: 0.53812
27466: 0.538137
27467: 0.538153
27468: 0.53817
27469: 0.538187
27470: 0.538168
27471: 0.538148
27472: 0.538165
27473: 0.538145
27474: 0.538162
27475: 0.538142
27476: 0.538159
27477: 0.538176
27478: 0.538193
27479: 0.538173
27480: 0.53819
27481: 0.538207
27482: 0.538187
27483: 0.538168
27484: 0.538148
27485: 0.538129
27486: 0.538109
27487: 0.538126
27488: 0.538143
27489: 0.538159
27490: 0.538176
27491: 0.538157
27492: 0.538173
27493: 0.53819
27494: 0.538207
27495: 0.538187
27496: 0.538204
27497: 0.538185
27498: 0.538165
27499: 0.538182
27500: 0.538199
27501: 0.538179
27502: 0.538196
27503: 0.538176
27504: 0.538157
27505: 0.538137
27506: 0.538118
27507: 0.538098
27508: 0.538078
27509: 0.538095
27510: 0.538076
27511: 0.538056
27512: 0.538037
27513: 0.538017
27514: 0.537997
27515: 0.537978
27516: 0.537958
27517: 0.537975
27518: 0.537992
27519: 0.537972
27520: 0.537953
27521: 0.537933
27522: 0.537914
27523: 0.537894
27524: 0.537911
27525: 0.537928
27526: 0.537945
27527: 0.537961
27528: 0.537978
27529: 0.537959
27530: 0.537939
27531: 0.53792
27532: 0.5379
27533: 0.537917
27534: 0.537934
27535: 0.53795
27536: 0.537931
27537: 0.537911
27538: 0.537928
27539: 0.537945
27540: 0.537962
27541: 0.537978
27542: 0.537959
27543: 0.537976
27544: 0.537992
27545: 0.538009
27546: 0.538026
27547: 0.538006
27548: 0.538023
27549: 0.53804
27550: 0.538057
27551: 0.538073
27552: 0.53809
27553: 0.538071
27554: 0.538087
27555: 0.538068
27556: 0.538085
27557: 0.538101
27558: 0.538118
27559: 0.538099
27560: 0.538115
27561: 0.538096
27562: 0.538076
27563: 0.538057
27564: 0.538037
27565: 0.538018
27566: 0.538035
27567: 0.538051
27568: 0.538068
27569: 0.538049
27570: 0.538065
27571: 0.538082
27572: 0.538063
27573: 0.538043
27574: 0.538024
27575: 0.53804
27576: 0.538021
27577: 0.538001
27578: 0.538018
27579: 0.537999
27580: 0.537979
27581: 0.537996
27582: 0.537976
27583: 0.537993
27584: 0.537974
27585: 0.537954
27586: 0.537971
27587: 0.537951
27588: 0.537932
27589: 0.537912
27590: 0.537929
27591: 0.537946
27592: 0.537926
27593: 0.537907
27594: 0.537887
27595: 0.537904
27596: 0.537885
27597: 0.537865
27598: 0.537882
27599: 0.537899
27600: 0.537879
27601: 0.537896
27602: 0.537913
27603: 0.537929
27604: 0.537946
27605: 0.537963
27606: 0.537979
27607: 0.53796
27608: 0.537977
27609: 0.537957
27610: 0.537974
27611: 0.537955
27612: 0.537971
27613: 0.537988
27614: 0.538005
27615: 0.538021
27616: 0.538038
27617: 0.538055
27618: 0.538072
27619: 0.538052
27620: 0.538033
27621: 0.538049
27622: 0.53803
27623: 0.53801
27624: 0.538027
27625: 0.538044
27626: 0.538061
27627: 0.538077
27628: 0.538094
27629: 0.538075
27630: 0.538091
27631: 0.538108
27632: 0.538089
27633: 0.538105
27634: 0.538122
27635: 0.538139
27636: 0.538119
27637: 0.538136
27638: 0.538153
27639: 0.538169
27640: 0.53815
27641: 0.538167
27642: 0.538183
27643: 0.5382
27644: 0.538181
27645: 0.538197
27646: 0.538178
27647: 0.538194
27648: 0.538175
27649: 0.538156
27650: 0.538136
27651: 0.538117
27652: 0.538133
27653: 0.538114
27654: 0.538131
27655: 0.538147
27656: 0.538164
27657: 0.538181
27658: 0.538197
27659: 0.538214
27660: 0.538195
27661: 0.538175
27662: 0.538156
27663: 0.538172
27664: 0.538189
27665: 0.538206
27666: 0.538186
27667: 0.538167
27668: 0.538184
27669: 0.538164
27670: 0.538145
27671: 0.538125
27672: 0.538106
27673: 0.538086
27674: 0.538103
27675: 0.538084
27676: 0.5381
27677: 0.538117
27678: 0.538097
27679: 0.538114
27680: 0.538095
27681: 0.538075
27682: 0.538092
27683: 0.538073
27684: 0.538053
27685: 0.538034
27686: 0.538014
27687: 0.537995
27688: 0.538011
27689: 0.537992
27690: 0.537973
27691: 0.537989
27692: 0.538006
27693: 0.537987
27694: 0.538003
27695: 0.53802
27696: 0.538037
27697: 0.538017
27698: 0.537998
27699: 0.537978
27700: 0.537959
27701: 0.537976
27702: 0.537956
27703: 0.537973
27704: 0.53799
27705: 0.538006
27706: 0.538023
27707: 0.53804
27708: 0.53802
27709: 0.538001
27710: 0.538017
27711: 0.537998
27712: 0.538015
27713: 0.537995
27714: 0.538012
27715: 0.538029
27716: 0.538045
27717: 0.538026
27718: 0.538042
27719: 0.538059
27720: 0.53804
27721: 0.538056
27722: 0.538073
27723: 0.53809
27724: 0.538106
27725: 0.538123
27726: 0.538104
27727: 0.53812
27728: 0.538101
27729: 0.538082
27730: 0.538062
27731: 0.538043
27732: 0.538023
27733: 0.538004
27734: 0.537984
27735: 0.538001
27736: 0.538018
27737: 0.538034
27738: 0.538051
27739: 0.538068
27740: 0.538084
27741: 0.538101
27742: 0.538118
27743: 0.538098
27744: 0.538115
27745: 0.538132
27746: 0.538112
27747: 0.538129
27748: 0.538146
27749: 0.538162
27750: 0.538179
27751: 0.538159
27752: 0.538176
27753: 0.538157
27754: 0.538137
27755: 0.538118
27756: 0.538135
27757: 0.538151
27758: 0.538132
27759: 0.538112
27760: 0.538129
27761: 0.53811
27762: 0.538126
27763: 0.538107
27764: 0.538124
27765: 0.53814
27766: 0.538157
27767: 0.538173
27768: 0.53819
27769: 0.538171
27770: 0.538187
27771: 0.538204
27772: 0.538185
27773: 0.538165
27774: 0.538182
27775: 0.538162
27776: 0.538143
27777: 0.538124
27778: 0.53814
27779: 0.538121
27780: 0.538102
27781: 0.538082
27782: 0.538099
27783: 0.538079
27784: 0.538096
27785: 0.538077
27786: 0.538093
27787: 0.538074
27788: 0.538055
27789: 0.538071
27790: 0.538088
27791: 0.538069
27792: 0.538049
27793: 0.538066
27794: 0.538082
27795: 0.538099
27796: 0.538116
27797: 0.538096
27798: 0.538113
27799: 0.538094
27800: 0.53811
27801: 0.538127
27802: 0.538107
27803: 0.538088
27804: 0.538105
27805: 0.538121
27806: 0.538138
27807: 0.538154
27808: 0.538171
27809: 0.538188
27810: 0.538168
27811: 0.538185
27812: 0.538166
27813: 0.538182
27814: 0.538199
27815: 0.538179
27816: 0.538196
27817: 0.538213
27818: 0.538229
27819: 0.53821
27820: 0.538227
27821: 0.538207
27822: 0.538224
27823: 0.538204
27824: 0.538185
27825: 0.538202
27826: 0.538182
27827: 0.538163
27828: 0.53818
27829: 0.538196
27830: 0.538177
27831: 0.538193
27832: 0.538174
27833: 0.538155
27834: 0.538171
27835: 0.538152
27836: 0.538169
27837: 0.538185
27838: 0.538202
27839: 0.538218
27840: 0.538235
27841: 0.538252
27842: 0.538232
27843: 0.538213
27844: 0.538229
27845: 0.538246
27846: 0.538227
27847: 0.538243
27848: 0.538224
27849: 0.538241
27850: 0.538257
27851: 0.538238
27852: 0.538254
27853: 0.538235
27854: 0.538216
27855: 0.538196
27856: 0.538213
27857: 0.53823
27858: 0.538246
27859: 0.538263
27860: 0.538279
27861: 0.538296
27862: 0.538277
27863: 0.538257
27864: 0.538238
27865: 0.538219
27866: 0.538235
27867: 0.538252
27868: 0.538268
27869: 0.538285
27870: 0.538301
27871: 0.538318
27872: 0.538335
27873: 0.538315
27874: 0.538332
27875: 0.538348
27876: 0.538329
27877: 0.538346
27878: 0.538326
27879: 0.538307
27880: 0.538288
27881: 0.538304
27882: 0.538321
27883: 0.538302
27884: 0.538282
27885: 0.538299
27886: 0.538315
27887: 0.538332
27888: 0.538313
27889: 0.538293
27890: 0.53831
27891: 0.538326
27892: 0.538307
27893: 0.538324
27894: 0.538304
27895: 0.538285
27896: 0.538266
27897: 0.538246
27898: 0.538227
27899: 0.538208
27900: 0.538189
27901: 0.538205
27902: 0.538186
27903: 0.538202
27904: 0.538219
27905: 0.538236
27906: 0.538216
27907: 0.538233
27908: 0.538249
27909: 0.53823
27910: 0.538211
27911: 0.538227
27912: 0.538244
27913: 0.53826
27914: 0.538277
27915: 0.538258
27916: 0.538274
27917: 0.538291
27918: 0.538307
27919: 0.538288
27920: 0.538269
27921: 0.538285
27922: 0.538302
27923: 0.538318
27924: 0.538299
27925: 0.538316
27926: 0.538332
27927: 0.538313
27928: 0.538294
27929: 0.53831
27930: 0.538291
27931: 0.538307
27932: 0.538288
27933: 0.538305
27934: 0.538285
27935: 0.538302
27936: 0.538318
27937: 0.538299
27938: 0.53828
27939: 0.538261
27940: 0.538277
27941: 0.538258
27942: 0.538239
27943: 0.538219
27944: 0.538236
27945: 0.538217
27946: 0.538233
27947: 0.538214
27948: 0.538195
27949: 0.538211
27950: 0.538228
27951: 0.538244
27952: 0.538261
27953: 0.538277
27954: 0.538258
27955: 0.538274
27956: 0.538255
27957: 0.538272
27958: 0.538288
27959: 0.538305
27960: 0.538321
27961: 0.538338
27962: 0.538318
27963: 0.538299
27964: 0.538316
27965: 0.538332
27966: 0.538349
27967: 0.53833
27968: 0.538346
27969: 0.538327
27970: 0.538343
27971: 0.53836
27972: 0.538376
27973: 0.538357
27974: 0.538374
27975: 0.53839
27976: 0.538407
27977: 0.538423
27978: 0.538404
27979: 0.538385
27980: 0.538401
27981: 0.538382
27982: 0.538398
27983: 0.538415
27984: 0.538396
27985: 0.538412
27986: 0.538393
27987: 0.538374
27988: 0.53839
27989: 0.538407
27990: 0.538387
27991: 0.538404
27992: 0.53842
27993: 0.538401
27994: 0.538382
27995: 0.538398
27996: 0.538415
27997: 0.538431
27998: 0.538412
27999: 0.538393
28000: 0.538409
28001: 0.538426
28002: 0.538407
28003: 0.538387
28004: 0.538368
28005: 0.538385
28006: 0.538401
28007: 0.538418
28008: 0.538398
28009: 0.538415
28010: 0.538431
28011: 0.538412
28012: 0.538429
28013: 0.538445
28014: 0.538462
28015: 0.538442
28016: 0.538459
28017: 0.53844
28018: 0.53842
28019: 0.538437
28020: 0.538453
28021: 0.53847
28022: 0.538451
28023: 0.538431
28024: 0.538448
28025: 0.538429
28026: 0.538409
28027: 0.53839
28028: 0.538407
28029: 0.538387
28030: 0.538404
28031: 0.53842
28032: 0.538401
28033: 0.538382
28034: 0.538363
28035: 0.538379
28036: 0.53836
28037: 0.538341
28038: 0.538357
28039: 0.538338
28040: 0.538355
28041: 0.538371
28042: 0.538387
28043: 0.538404
28044: 0.53842
28045: 0.538401
28046: 0.538382
28047: 0.538398
28048: 0.538415
28049: 0.538431
28050: 0.538448
28051: 0.538464
28052: 0.538481
28053: 0.538497
28054: 0.538514
28055: 0.53853
28056: 0.538511
28057: 0.538527
28058: 0.538544
28059: 0.53856
28060: 0.538577
28061: 0.538593
28062: 0.53861
28063: 0.538626
28064: 0.538642
28065: 0.538659
28066: 0.538675
28067: 0.538656
28068: 0.538673
28069: 0.538689
28070: 0.538705
28071: 0.538686
28072: 0.538703
28073: 0.538683
28074: 0.538664
28075: 0.538645
28076: 0.538662
28077: 0.538642
28078: 0.538659
28079: 0.538675
28080: 0.538656
28081: 0.538637
28082: 0.538653
28083: 0.53867
28084: 0.538686
28085: 0.538703
28086: 0.538683
28087: 0.538664
28088: 0.538645
28089: 0.538626
28090: 0.538642
28091: 0.538623
28092: 0.53864
28093: 0.538656
28094: 0.538637
28095: 0.538618
28096: 0.538634
28097: 0.538615
28098: 0.538596
28099: 0.538577
28100: 0.538593
28101: 0.538574
28102: 0.53859
28103: 0.538607
28104: 0.538623
28105: 0.538639
28106: 0.538656
28107: 0.538637
28108: 0.538653
28109: 0.538634
28110: 0.538615
28111: 0.538631
28112: 0.538648
28113: 0.538628
28114: 0.538645
28115: 0.538626
28116: 0.538642
28117: 0.538623
28118: 0.538639
28119: 0.53862
28120: 0.538601
28121: 0.538617
28122: 0.538634
28123: 0.53865
28124: 0.538667
28125: 0.538683
28126: 0.538699
28127: 0.53868
28128: 0.538661
28129: 0.538642
28130: 0.538623
28131: 0.538639
28132: 0.53862
28133: 0.538601
28134: 0.538617
28135: 0.538634
28136: 0.538615
28137: 0.538631
28138: 0.538647
28139: 0.538664
28140: 0.53868
28141: 0.538697
28142: 0.538713
28143: 0.538729
28144: 0.538746
28145: 0.538727
28146: 0.538707
28147: 0.538688
28148: 0.538669
28149: 0.53865
28150: 0.538631
28151: 0.538612
28152: 0.538628
28153: 0.538645
28154: 0.538661
28155: 0.538642
28156: 0.538623
28157: 0.538604
28158: 0.538584
28159: 0.538565
28160: 0.538582
28161: 0.538598
28162: 0.538579
28163: 0.538595
28164: 0.538576
28165: 0.538593
28166: 0.538574
28167: 0.538554
28168: 0.538535
28169: 0.538552
28170: 0.538568
28171: 0.538584
28172: 0.538601
28173: 0.538617
28174: 0.538598
28175: 0.538614
28176: 0.538631
28177: 0.538612
28178: 0.538628
28179: 0.538644
28180: 0.538625
28181: 0.538642
28182: 0.538658
28183: 0.538639
28184: 0.53862
28185: 0.538636
28186: 0.538617
28187: 0.538633
28188: 0.53865
28189: 0.538631
28190: 0.538647
28191: 0.538663
28192: 0.53868
28193: 0.538661
28194: 0.538642
28195: 0.538622
28196: 0.538639
28197: 0.538655
28198: 0.538672
28199: 0.538688
28200: 0.538704
28201: 0.538721
28202: 0.538702
28203: 0.538682
28204: 0.538663
28205: 0.53868
28206: 0.538661
28207: 0.538677
28208: 0.538658
28209: 0.538639
28210: 0.53862
28211: 0.538636
28212: 0.538652
28213: 0.538633
28214: 0.53865
28215: 0.538631
28216: 0.538647
28217: 0.538628
28218: 0.538644
28219: 0.538661
28220: 0.538641
28221: 0.538658
28222: 0.538639
28223: 0.538655
28224: 0.538636
28225: 0.538617
28226: 0.538598
28227: 0.538579
28228: 0.538595
28229: 0.538576
28230: 0.538557
28231: 0.538573
28232: 0.53859
28233: 0.538606
28234: 0.538622
28235: 0.538603
28236: 0.53862
28237: 0.538636
28238: 0.538652
28239: 0.538633
28240: 0.538649
28241: 0.538666
28242: 0.538647
28243: 0.538663
28244: 0.538644
28245: 0.53866
28246: 0.538677
28247: 0.538693
28248: 0.538674
28249: 0.53869
28250: 0.538671
28251: 0.538688
28252: 0.538704
28253: 0.53872
28254: 0.538737
28255: 0.538753
28256: 0.538769
28257: 0.538785
28258: 0.538766
28259: 0.538783
28260: 0.538764
28261: 0.53878
28262: 0.538761
28263: 0.538742
28264: 0.538723
28265: 0.538739
28266: 0.538755
28267: 0.538772
28268: 0.538753
28269: 0.538769
28270: 0.53875
28271: 0.538766
28272: 0.538783
28273: 0.538799
28274: 0.538815
28275: 0.538832
28276: 0.538848
28277: 0.538864
28278: 0.53888
28279: 0.538861
28280: 0.538842
28281: 0.538823
28282: 0.53884
28283: 0.538821
28284: 0.538801
28285: 0.538782
28286: 0.538799
28287: 0.538815
28288: 0.538831
28289: 0.538848
28290: 0.538864
28291: 0.538845
28292: 0.538826
28293: 0.538842
28294: 0.538823
28295: 0.538839
28296: 0.538856
28297: 0.538837
28298: 0.538818
28299: 0.538799
28300: 0.53878
28301: 0.538761
28302: 0.538741
28303: 0.538758
28304: 0.538739
28305: 0.53872
28306: 0.538701
28307: 0.538682
28308: 0.538663
28309: 0.538644
28310: 0.53866
28311: 0.538676
28312: 0.538692
28313: 0.538709
28314: 0.53869
28315: 0.538706
28316: 0.538722
28317: 0.538703
28318: 0.538684
28319: 0.538701
28320: 0.538682
28321: 0.538698
28322: 0.538714
28323: 0.538695
28324: 0.538711
28325: 0.538728
28326: 0.538744
28327: 0.538725
28328: 0.538741
28329: 0.538758
28330: 0.538774
28331: 0.53879
28332: 0.538806
28333: 0.538823
28334: 0.538839
28335: 0.538855
28336: 0.538871
28337: 0.538888
28338: 0.538869
28339: 0.538885
28340: 0.538901
28341: 0.538918
28342: 0.538934
28343: 0.538915
28344: 0.538896
28345: 0.538912
28346: 0.538893
28347: 0.538874
28348: 0.538855
28349: 0.538836
28350: 0.538852
28351: 0.538869
28352: 0.53885
28353: 0.538866
28354: 0.538847
28355: 0.538863
28356: 0.538879
28357: 0.53886
28358: 0.538877
28359: 0.538893
28360: 0.538874
28361: 0.538855
28362: 0.538836
28363: 0.538817
28364: 0.538798
28365: 0.538814
28366: 0.538795
28367: 0.538811
28368: 0.538792
28369: 0.538773
28370: 0.53879
28371: 0.538771
28372: 0.538752
28373: 0.538733
28374: 0.538749
28375: 0.538765
28376: 0.538781
28377: 0.538798
28378: 0.538814
28379: 0.538795
28380: 0.538811
28381: 0.538827
28382: 0.538844
28383: 0.538825
28384: 0.538806
28385: 0.538822
28386: 0.538803
28387: 0.538819
28388: 0.5388
28389: 0.538781
28390: 0.538798
28391: 0.538779
28392: 0.538795
28393: 0.538776
28394: 0.538792
28395: 0.538808
28396: 0.538825
28397: 0.538806
28398: 0.538822
28399: 0.538803
28400: 0.538819
28401: 0.538835
28402: 0.538816
28403: 0.538833
28404: 0.538849
28405: 0.538865
28406: 0.538846
28407: 0.538827
28408: 0.538843
28409: 0.538824
28410: 0.538805
28411: 0.538822
28412: 0.538803
28413: 0.538784
28414: 0.538765
28415: 0.538746
28416: 0.538762
28417: 0.538743
28418: 0.538759
28419: 0.53874
28420: 0.538721
28421: 0.538702
28422: 0.538683
28423: 0.5387
28424: 0.538716
28425: 0.538697
28426: 0.538678
28427: 0.538694
28428: 0.53871
28429: 0.538692
28430: 0.538673
28431: 0.538654
28432: 0.53867
28433: 0.538651
28434: 0.538632
28435: 0.538648
28436: 0.538664
28437: 0.538645
28438: 0.538627
28439: 0.538643
28440: 0.538659
28441: 0.538675
28442: 0.538691
28443: 0.538708
28444: 0.538724
28445: 0.538705
28446: 0.538686
28447: 0.538667
28448: 0.538683
28449: 0.538664
28450: 0.538681
28451: 0.538697
28452: 0.538678
28453: 0.538694
28454: 0.53871
28455: 0.538726
28456: 0.538708
28457: 0.538724
28458: 0.53874
28459: 0.538756
28460: 0.538737
28461: 0.538718
28462: 0.538699
28463: 0.53868
28464: 0.538697
28465: 0.538713
28466: 0.538729
28467: 0.538745
28468: 0.538761
28469: 0.538743
28470: 0.538759
28471: 0.538775
28472: 0.538791
28473: 0.538772
28474: 0.538753
28475: 0.538734
28476: 0.538751
28477: 0.538732
28478: 0.538713
28479: 0.538729
28480: 0.538745
28481: 0.538726
28482: 0.538707
28483: 0.538688
28484: 0.538705
28485: 0.538721
28486: 0.538737
28487: 0.538718
28488: 0.538699
28489: 0.53868
28490: 0.538661
28491: 0.538642
28492: 0.538659
28493: 0.53864
28494: 0.538656
28495: 0.538637
28496: 0.538653
28497: 0.538634
28498: 0.53865
28499: 0.538667
28500: 0.538648
28501: 0.538629
28502: 0.53861
28503: 0.538626
28504: 0.538642
28505: 0.538623
28506: 0.538605
28507: 0.538586
28508: 0.538567
28509: 0.538583
28510: 0.538564
28511: 0.53858
28512: 0.538596
28513: 0.538613
28514: 0.538629
28515: 0.538645
28516: 0.538661
28517: 0.538677
28518: 0.538658
28519: 0.538675
28520: 0.538656
28521: 0.538637
28522: 0.538653
28523: 0.538669
28524: 0.53865
28525: 0.538631
28526: 0.538648
28527: 0.538664
28528: 0.53868
28529: 0.538696
28530: 0.538677
28531: 0.538658
28532: 0.538675
28533: 0.538691
28534: 0.538672
28535: 0.538688
28536: 0.538669
28537: 0.53865
28538: 0.538631
28539: 0.538612
28540: 0.538629
28541: 0.53861
28542: 0.538626
28543: 0.538642
28544: 0.538623
28545: 0.538604
28546: 0.538621
28547: 0.538637
28548: 0.538618
28549: 0.538599
28550: 0.53858
28551: 0.538596
28552: 0.538577
28553: 0.538594
28554: 0.53861
28555: 0.538626
28556: 0.538642
28557: 0.538623
28558: 0.538604
28559: 0.538585
28560: 0.538602
28561: 0.538583
28562: 0.538599
28563: 0.53858
28564: 0.538596
28565: 0.538612
28566: 0.538628
28567: 0.53861
28568: 0.538626
28569: 0.538642
28570: 0.538623
28571: 0.538604
28572: 0.538585
28573: 0.538567
28574: 0.538583
28575: 0.538599
28576: 0.538615
28577: 0.538631
28578: 0.538647
28579: 0.538663
28580: 0.538645
28581: 0.538661
28582: 0.538677
28583: 0.538693
28584: 0.538709
28585: 0.53869
28586: 0.538671
28587: 0.538688
28588: 0.538704
28589: 0.53872
28590: 0.538701
28591: 0.538717
28592: 0.538698
28593: 0.538714
28594: 0.538731
28595: 0.538712
28596: 0.538728
28597: 0.538709
28598: 0.538725
28599: 0.538706
28600: 0.538722
28601: 0.538704
28602: 0.53872
28603: 0.538701
28604: 0.538717
28605: 0.538733
28606: 0.538749
28607: 0.53873
28608: 0.538712
28609: 0.538693
28610: 0.538709
28611: 0.53869
28612: 0.538671
28613: 0.538687
28614: 0.538703
28615: 0.53872
28616: 0.538736
28617: 0.538752
28618: 0.538733
28619: 0.538714
28620: 0.538695
28621: 0.538711
28622: 0.538693
28623: 0.538674
28624: 0.538655
28625: 0.538671
28626: 0.538687
28627: 0.538703
28628: 0.538685
28629: 0.538701
28630: 0.538682
28631: 0.538663
28632: 0.538644
28633: 0.538625
28634: 0.538642
28635: 0.538623
28636: 0.538604
28637: 0.53862
28638: 0.538636
28639: 0.538617
28640: 0.538633
28641: 0.53865
28642: 0.538666
28643: 0.538647
28644: 0.538628
28645: 0.538644
28646: 0.53866
28647: 0.538641
28648: 0.538658
28649: 0.538639
28650: 0.538655
28651: 0.538671
28652: 0.538652
28653: 0.538633
28654: 0.538615
28655: 0.538596
28656: 0.538612
28657: 0.538593
28658: 0.538609
28659: 0.538625
28660: 0.538641
28661: 0.538623
28662: 0.538639
28663: 0.538655
28664: 0.538671
28665: 0.538652
28666: 0.538633
28667: 0.538649
28668: 0.538631
28669: 0.538612
28670: 0.538628
28671: 0.538644
28672: 0.53866
28673: 0.538676
28674: 0.538657
28675: 0.538639
28676: 0.538655
28677: 0.538671
28678: 0.538687
28679: 0.538703
28680: 0.538719
28681: 0.538735
28682: 0.538716
28683: 0.538732
28684: 0.538714
28685: 0.53873
28686: 0.538711
28687: 0.538727
28688: 0.538708
28689: 0.538689
28690: 0.538706
28691: 0.538687
28692: 0.538703
28693: 0.538719
28694: 0.538735
28695: 0.538751
28696: 0.538767
28697: 0.538783
28698: 0.538799
28699: 0.53878
28700: 0.538762
28701: 0.538743
28702: 0.538724
28703: 0.538705
28704: 0.538721
28705: 0.538703
28706: 0.538719
28707: 0.538735
28708: 0.538751
28709: 0.538767
28710: 0.538748
28711: 0.538764
28712: 0.538746
28713: 0.538762
28714: 0.538778
28715: 0.538794
28716: 0.538775
28717: 0.538756
28718: 0.538737
28719: 0.538719
28720: 0.538735
28721: 0.538716
28722: 0.538697
28723: 0.538678
28724: 0.538695
28725: 0.538711
28726: 0.538692
28727: 0.538708
28728: 0.538724
28729: 0.538705
28730: 0.538721
28731: 0.538702
28732: 0.538719
28733: 0.538735
28734: 0.538716
28735: 0.538732
28736: 0.538748
28737: 0.538764
28738: 0.538745
28739: 0.538761
28740: 0.538743
28741: 0.538724
28742: 0.538705
28743: 0.538721
28744: 0.538702
28745: 0.538684
28746: 0.538665
28747: 0.538681
28748: 0.538662
28749: 0.538678
28750: 0.53866
28751: 0.538641
28752: 0.538657
28753: 0.538673
28754: 0.538654
28755: 0.538635
28756: 0.538617
28757: 0.538598
28758: 0.538614
28759: 0.53863
28760: 0.538646
28761: 0.538662
28762: 0.538643
28763: 0.538625
28764: 0.538606
28765: 0.538587
28766: 0.538568
28767: 0.53855
28768: 0.538531
28769: 0.538512
28770: 0.538494
28771: 0.53851
28772: 0.538526
28773: 0.538542
28774: 0.538523
28775: 0.538504
28776: 0.53852
28777: 0.538536
28778: 0.538552
28779: 0.538534
28780: 0.538515
28781: 0.538496
28782: 0.538478
28783: 0.538494
28784: 0.538475
28785: 0.538456
28786: 0.538472
28787: 0.538454
28788: 0.53847
28789: 0.538486
28790: 0.538467
28791: 0.538483
28792: 0.538499
28793: 0.538515
28794: 0.538496
28795: 0.538478
28796: 0.538459
28797: 0.538475
28798: 0.538491
28799: 0.538472
28800: 0.538488
28801: 0.538504
28802: 0.538486
28803: 0.538467
28804: 0.538448
28805: 0.538429
28806: 0.538446
28807: 0.538462
28808: 0.538478
28809: 0.538459
28810: 0.538475
28811: 0.538456
28812: 0.538472
28813: 0.538488
28814: 0.538504
28815: 0.53852
28816: 0.538536
28817: 0.538518
28818: 0.538534
28819: 0.53855
28820: 0.538566
28821: 0.538582
28822: 0.538563
28823: 0.538544
28824: 0.53856
28825: 0.538542
28826: 0.538558
28827: 0.538574
28828: 0.538555
28829: 0.538536
28830: 0.538552
28831: 0.538534
28832: 0.53855
28833: 0.538531
28834: 0.538512
28835: 0.538494
28836: 0.538475
28837: 0.538491
28838: 0.538507
28839: 0.538523
28840: 0.538504
28841: 0.538486
28842: 0.538502
28843: 0.538483
28844: 0.538499
28845: 0.538515
28846: 0.538531
28847: 0.538547
28848: 0.538528
28849: 0.53851
28850: 0.538491
28851: 0.538507
28852: 0.538523
28853: 0.538504
28854: 0.53852
28855: 0.538536
28856: 0.538552
28857: 0.538568
28858: 0.538584
28859: 0.538565
28860: 0.538547
28861: 0.538528
28862: 0.538544
28863: 0.538525
28864: 0.538507
28865: 0.538523
28866: 0.538504
28867: 0.53852
28868: 0.538536
28869: 0.538517
28870: 0.538533
28871: 0.538515
28872: 0.538531
28873: 0.538547
28874: 0.538528
28875: 0.538509
28876: 0.538525
28877: 0.538507
28878: 0.538488
28879: 0.538504
28880: 0.53852
28881: 0.538501
28882: 0.538483
28883: 0.538499
28884: 0.53848
28885: 0.538462
28886: 0.538443
28887: 0.538459
28888: 0.538475
28889: 0.538456
28890: 0.538472
28891: 0.538488
28892: 0.538504
28893: 0.53852
28894: 0.538536
28895: 0.538552
28896: 0.538533
28897: 0.538549
28898: 0.538531
28899: 0.538512
28900: 0.538493
28901: 0.538475
28902: 0.538491
28903: 0.538472
28904: 0.538488
28905: 0.53847
28906: 0.538451
28907: 0.538432
28908: 0.538448
28909: 0.53843
28910: 0.538411
28911: 0.538392
28912: 0.538374
28913: 0.53839
28914: 0.538406
28915: 0.538387
28916: 0.538368
28917: 0.538384
28918: 0.5384
28919: 0.538416
28920: 0.538398
28921: 0.538379
28922: 0.53836
28923: 0.538342
28924: 0.538358
28925: 0.538339
28926: 0.538321
28927: 0.538302
28928: 0.538283
28929: 0.538265
28930: 0.538246
28931: 0.538228
28932: 0.538244
28933: 0.538259
28934: 0.538275
28935: 0.538291
28936: 0.538307
28937: 0.538323
28938: 0.538339
28939: 0.538355
28940: 0.538371
28941: 0.538387
28942: 0.538369
28943: 0.53835
28944: 0.538366
28945: 0.538382
28946: 0.538363
28947: 0.538379
28948: 0.538361
28949: 0.538342
28950: 0.538358
28951: 0.538339
28952: 0.538321
28953: 0.538337
28954: 0.538353
28955: 0.538334
28956: 0.53835
28957: 0.538331
28958: 0.538313
28959: 0.538329
28960: 0.53831
28961: 0.538326
28962: 0.538307
28963: 0.538289
28964: 0.53827
28965: 0.538286
28966: 0.538302
28967: 0.538318
28968: 0.538334
28969: 0.53835
28970: 0.538366
28971: 0.538347
28972: 0.538329
28973: 0.53831
28974: 0.538326
28975: 0.538308
28976: 0.538323
28977: 0.538339
28978: 0.538355
28979: 0.538337
28980: 0.538318
28981: 0.5383
28982: 0.538316
28983: 0.538331
28984: 0.538347
28985: 0.538363
28986: 0.538379
28987: 0.538361
28988: 0.538342
28989: 0.538358
28990: 0.538339
28991: 0.538321
28992: 0.538337
28993: 0.538353
28994: 0.538369
28995: 0.53835
28996: 0.538332
28997: 0.538347
28998: 0.538363
28999: 0.538345
29000: 0.538361
29001: 0.538377
29002: 0.538393
29003: 0.538408
29004: 0.53839
29005: 0.538371
29006: 0.538353
29007: 0.538334
29008: 0.538316
29009: 0.538297
29010: 0.538279
29011: 0.538294
29012: 0.53831
29013: 0.538292
29014: 0.538308
29015: 0.538324
29016: 0.538305
29017: 0.538321
29018: 0.538302
29019: 0.538318
29020: 0.538334
29021: 0.53835
29022: 0.538366
29023: 0.538348
29024: 0.538363
29025: 0.538379
29026: 0.538395
29027: 0.538377
29028: 0.538393
29029: 0.538374
29030: 0.538356
29031: 0.538371
29032: 0.538353
29033: 0.538334
29034: 0.538316
29035: 0.538332
29036: 0.538313
29037: 0.538295
29038: 0.538311
29039: 0.538326
29040: 0.538342
29041: 0.538358
29042: 0.538374
29043: 0.538356
29044: 0.538371
29045: 0.538353
29046: 0.538334
29047: 0.53835
29048: 0.538366
29049: 0.538348
29050: 0.538364
29051: 0.538345
29052: 0.538361
29053: 0.538377
29054: 0.538358
29055: 0.53834
29056: 0.538321
29057: 0.538303
29058: 0.538284
29059: 0.538266
29060: 0.538282
29061: 0.538297
29062: 0.538279
29063: 0.538295
29064: 0.538276
29065: 0.538292
29066: 0.538274
29067: 0.538255
29068: 0.538271
29069: 0.538287
29070: 0.538303
29071: 0.538284
29072: 0.5383
29073: 0.538316
29074: 0.538332
29075: 0.538348
29076: 0.538364
29077: 0.53838
29078: 0.538395
29079: 0.538411
29080: 0.538393
29081: 0.538374
29082: 0.538356
29083: 0.538372
29084: 0.538387
29085: 0.538403
29086: 0.538385
29087: 0.538401
29088: 0.538382
29089: 0.538398
29090: 0.53838
29091: 0.538395
29092: 0.538377
29093: 0.538393
29094: 0.538409
29095: 0.53839
29096: 0.538406
29097: 0.538388
29098: 0.538369
29099: 0.538385
29100: 0.538401
29101: 0.538417
29102: 0.538432
29103: 0.538448
29104: 0.53843
29105: 0.538446
29106: 0.538462
29107: 0.538443
29108: 0.538459
29109: 0.53844
29110: 0.538422
29111: 0.538438
29112: 0.538454
29113: 0.538469
29114: 0.538451
29115: 0.538432
29116: 0.538414
29117: 0.53843
29118: 0.538411
29119: 0.538393
29120: 0.538374
29121: 0.53839
29122: 0.538406
29123: 0.538388
29124: 0.538403
29125: 0.538419
29126: 0.538435
29127: 0.538451
29128: 0.538432
29129: 0.538414
29130: 0.538396
29131: 0.538411
29132: 0.538427
29133: 0.538409
29134: 0.53839
29135: 0.538372
29136: 0.538353
29137: 0.538369
29138: 0.538385
29139: 0.538401
29140: 0.538382
29141: 0.538398
29142: 0.53838
29143: 0.538361
29144: 0.538377
29145: 0.538393
29146: 0.538409
29147: 0.53839
29148: 0.538372
29149: 0.538353
29150: 0.538369
29151: 0.538351
29152: 0.538332
29153: 0.538348
29154: 0.538364
29155: 0.538345
29156: 0.538361
29157: 0.538343
29158: 0.538359
29159: 0.538374
29160: 0.53839
29161: 0.538406
29162: 0.538388
29163: 0.538404
29164: 0.538419
29165: 0.538435
29166: 0.538451
29167: 0.538467
29168: 0.538448
29169: 0.538464
29170: 0.538446
29171: 0.538462
29172: 0.538477
29173: 0.538493
29174: 0.538509
29175: 0.538525
29176: 0.538541
29177: 0.538556
29178: 0.538572
29179: 0.538554
29180: 0.53857
29181: 0.538585
29182: 0.538601
29183: 0.538617
29184: 0.538599
29185: 0.53858
29186: 0.538596
29187: 0.538612
29188: 0.538628
29189: 0.538609
29190: 0.538591
29191: 0.538572
29192: 0.538554
29193: 0.538535
29194: 0.538551
29195: 0.538533
29196: 0.538548
29197: 0.53853
29198: 0.538512
29199: 0.538493
29200: 0.538509
29201: 0.538491
29202: 0.538472
29203: 0.538488
29204: 0.538504
29205: 0.538519
29206: 0.538501
29207: 0.538483
29208: 0.538464
29209: 0.538446
29210: 0.538427
29211: 0.538443
29212: 0.538425
29213: 0.53844
29214: 0.538456
29215: 0.538472
29216: 0.538454
29217: 0.538435
29218: 0.538417
29219: 0.538433
29220: 0.538448
29221: 0.538464
29222: 0.53848
29223: 0.538496
29224: 0.538512
29225: 0.538527
29226: 0.538509
29227: 0.538525
29228: 0.53854
29229: 0.538556
29230: 0.538572
29231: 0.538554
29232: 0.538535
29233: 0.538517
29234: 0.538498
29235: 0.53848
29236: 0.538462
29237: 0.538443
29238: 0.538459
29239: 0.53844
29240: 0.538456
29241: 0.538472
29242: 0.538454
29243: 0.538435
29244: 0.538451
29245: 0.538467
29246: 0.538448
29247: 0.53843
29248: 0.538446
29249: 0.538462
29250: 0.538477
29251: 0.538493
29252: 0.538475
29253: 0.53849
29254: 0.538472
29255: 0.538454
29256: 0.538435
29257: 0.538417
29258: 0.538433
29259: 0.538448
29260: 0.538464
29261: 0.53848
29262: 0.538462
29263: 0.538477
29264: 0.538493
29265: 0.538509
29266: 0.538525
29267: 0.538506
29268: 0.538488
29269: 0.538504
29270: 0.538485
29271: 0.538501
29272: 0.538483
29273: 0.538498
29274: 0.538514
29275: 0.53853
29276: 0.538546
29277: 0.538561
29278: 0.538543
29279: 0.538525
29280: 0.53854
29281: 0.538522
29282: 0.538504
29283: 0.538519
29284: 0.538501
29285: 0.538517
29286: 0.538498
29287: 0.53848
29288: 0.538462
29289: 0.538477
29290: 0.538493
29291: 0.538509
29292: 0.53849
29293: 0.538472
29294: 0.538454
29295: 0.538435
29296: 0.538417
29297: 0.538399
29298: 0.53838
29299: 0.538396
29300: 0.538412
29301: 0.538427
29302: 0.538443
29303: 0.538425
29304: 0.538441
29305: 0.538456
29306: 0.538472
29307: 0.538454
29308: 0.538435
29309: 0.538417
29310: 0.538399
29311: 0.53838
29312: 0.538396
29313: 0.538378
29314: 0.538393
29315: 0.538375
29316: 0.538391
29317: 0.538372
29318: 0.538354
29319: 0.53837
29320: 0.538385
29321: 0.538367
29322: 0.538383
29323: 0.538399
29324: 0.53838
29325: 0.538396
29326: 0.538412
29327: 0.538393
29328: 0.538409
29329: 0.538425
29330: 0.538441
29331: 0.538456
29332: 0.538472
29333: 0.538454
29334: 0.538435
29335: 0.538451
29336: 0.538467
29337: 0.538483
29338: 0.538498
29339: 0.538514
29340: 0.538496
29341: 0.538511
29342: 0.538527
29343: 0.538543
29344: 0.538559
29345: 0.53854
29346: 0.538522
29347: 0.538538
29348: 0.538553
29349: 0.538569
29350: 0.538551
29351: 0.538532
29352: 0.538548
29353: 0.538564
29354: 0.538545
29355: 0.538561
29356: 0.538577
29357: 0.538558
29358: 0.53854
29359: 0.538556
29360: 0.538572
29361: 0.538587
29362: 0.538603
29363: 0.538619
29364: 0.538634
29365: 0.53865
29366: 0.538632
29367: 0.538648
29368: 0.538663
29369: 0.538679
29370: 0.538695
29371: 0.538676
29372: 0.538692
29373: 0.538674
29374: 0.538655
29375: 0.538671
29376: 0.538653
29377: 0.538634
29378: 0.538616
29379: 0.538632
29380: 0.538647
29381: 0.538663
29382: 0.538679
29383: 0.538695
29384: 0.538676
29385: 0.538658
29386: 0.538674
29387: 0.538689
29388: 0.538671
29389: 0.538653
29390: 0.538634
29391: 0.538616
29392: 0.538632
29393: 0.538647
29394: 0.538663
29395: 0.538679
29396: 0.53866
29397: 0.538676
29398: 0.538692
29399: 0.538707
29400: 0.538723
29401: 0.538705
29402: 0.538721
29403: 0.538736
29404: 0.538718
29405: 0.538734
29406: 0.538749
29407: 0.538731
29408: 0.538747
29409: 0.538762
29410: 0.538778
29411: 0.538794
29412: 0.538809
29413: 0.538825
29414: 0.538807
29415: 0.538788
29416: 0.53877
29417: 0.538786
29418: 0.538767
29419: 0.538783
29420: 0.538765
29421: 0.538747
29422: 0.538728
29423: 0.53871
29424: 0.538726
29425: 0.538707
29426: 0.538689
29427: 0.538705
29428: 0.538686
29429: 0.538668
29430: 0.538684
29431: 0.538665
29432: 0.538647
29433: 0.538629
29434: 0.53861
29435: 0.538592
29436: 0.538608
29437: 0.53859
29438: 0.538605
29439: 0.538587
29440: 0.538569
29441: 0.53855
29442: 0.538532
29443: 0.538514
29444: 0.538529
29445: 0.538545
29446: 0.538527
29447: 0.538509
29448: 0.53849
29449: 0.538506
29450: 0.538522
29451: 0.538537
29452: 0.538553
29453: 0.538535
29454: 0.538516
29455: 0.538498
29456: 0.538514
29457: 0.538495
29458: 0.538511
29459: 0.538527
29460: 0.538542
29461: 0.538558
29462: 0.538574
29463: 0.538589
29464: 0.538571
29465: 0.538587
29466: 0.538603
29467: 0.538584
29468: 0.538566
29469: 0.538582
29470: 0.538563
29471: 0.538579
29472: 0.538595
29473: 0.53861
29474: 0.538592
29475: 0.538574
29476: 0.538555
29477: 0.538571
29478: 0.538553
29479: 0.538569
29480: 0.538584
29481: 0.5386
29482: 0.538582
29483: 0.538597
29484: 0.538579
29485: 0.538561
29486: 0.538576
29487: 0.538592
29488: 0.538608
29489: 0.538623
29490: 0.538605
29491: 0.538621
29492: 0.538636
29493: 0.538652
29494: 0.538634
29495: 0.538615
29496: 0.538597
29497: 0.538579
29498: 0.538561
29499: 0.538576
29500: 0.538558
29501: 0.538574
29502: 0.538589
29503: 0.538571
29504: 0.538553
29505: 0.538568
29506: 0.53855
29507: 0.538566
29508: 0.538581
29509: 0.538597
29510: 0.538613
29511: 0.538628
29512: 0.53861
29513: 0.538626
29514: 0.538641
29515: 0.538657
29516: 0.538639
29517: 0.538621
29518: 0.538602
29519: 0.538584
29520: 0.5386
29521: 0.538581
29522: 0.538597
29523: 0.538579
29524: 0.538561
29525: 0.538542
29526: 0.538558
29527: 0.538574
29528: 0.538555
29529: 0.538537
29530: 0.538519
29531: 0.538534
29532: 0.53855
29533: 0.538566
29534: 0.538581
29535: 0.538597
29536: 0.538613
29537: 0.538628
29538: 0.53861
29539: 0.538592
29540: 0.538574
29541: 0.538589
29542: 0.538605
29543: 0.538587
29544: 0.538602
29545: 0.538618
29546: 0.538633
29547: 0.538615
29548: 0.538597
29549: 0.538613
29550: 0.538594
29551: 0.538576
29552: 0.538558
29553: 0.538573
29554: 0.538589
29555: 0.538571
29556: 0.538586
29557: 0.538602
29558: 0.538584
29559: 0.538566
29560: 0.538581
29561: 0.538563
29562: 0.538579
29563: 0.538594
29564: 0.53861
29565: 0.538625
29566: 0.538641
29567: 0.538623
29568: 0.538638
29569: 0.538654
29570: 0.53867
29571: 0.538685
29572: 0.538667
29573: 0.538683
29574: 0.538698
29575: 0.538714
29576: 0.538696
29577: 0.538677
29578: 0.538659
29579: 0.538641
29580: 0.538623
29581: 0.538605
29582: 0.538586
29583: 0.538602
29584: 0.538584
29585: 0.538599
29586: 0.538615
29587: 0.538631
29588: 0.538646
29589: 0.538628
29590: 0.538644
29591: 0.538659
29592: 0.538641
29593: 0.538656
29594: 0.538638
29595: 0.538654
29596: 0.538669
29597: 0.538685
29598: 0.538701
29599: 0.538716
29600: 0.538698
29601: 0.538714
29602: 0.538695
29603: 0.538677
29604: 0.538659
29605: 0.538675
29606: 0.538656
29607: 0.538638
29608: 0.538654
29609: 0.538669
29610: 0.538685
29611: 0.538667
29612: 0.538649
29613: 0.53863
29614: 0.538612
29615: 0.538594
29616: 0.53861
29617: 0.538591
29618: 0.538607
29619: 0.538623
29620: 0.538638
29621: 0.53862
29622: 0.538602
29623: 0.538584
29624: 0.538565
29625: 0.538581
29626: 0.538597
29627: 0.538612
29628: 0.538594
29629: 0.53861
29630: 0.538591
29631: 0.538573
29632: 0.538555
29633: 0.538537
29634: 0.538552
29635: 0.538534
29636: 0.53855
29637: 0.538532
29638: 0.538513
29639: 0.538529
29640: 0.538511
29641: 0.538493
29642: 0.538508
29643: 0.53849
29644: 0.538506
29645: 0.538487
29646: 0.538503
29647: 0.538485
29648: 0.538467
29649: 0.538449
29650: 0.53843
29651: 0.538446
29652: 0.538462
29653: 0.538443
29654: 0.538459
29655: 0.538475
29656: 0.53849
29657: 0.538506
29658: 0.538487
29659: 0.538469
29660: 0.538485
29661: 0.5385
29662: 0.538482
29663: 0.538498
29664: 0.538513
29665: 0.538529
29666: 0.538545
29667: 0.53856
29668: 0.538576
29669: 0.538591
29670: 0.538607
29671: 0.538622
29672: 0.538604
29673: 0.53862
29674: 0.538635
29675: 0.538651
29676: 0.538666
29677: 0.538682
29678: 0.538697
29679: 0.538679
29680: 0.538661
29681: 0.538677
29682: 0.538658
29683: 0.538674
29684: 0.53869
29685: 0.538705
29686: 0.538721
29687: 0.538736
29688: 0.538718
29689: 0.5387
29690: 0.538682
29691: 0.538664
29692: 0.538679
29693: 0.538695
29694: 0.53871
29695: 0.538726
29696: 0.538741
29697: 0.538723
29698: 0.538739
29699: 0.538754
29700: 0.53877
29701: 0.538752
29702: 0.538767
29703: 0.538783
29704: 0.538798
29705: 0.53878
29706: 0.538762
29707: 0.538777
29708: 0.538759
29709: 0.538775
29710: 0.538757
29711: 0.538772
29712: 0.538788
29713: 0.538803
29714: 0.538819
29715: 0.538834
29716: 0.538816
29717: 0.538798
29718: 0.538814
29719: 0.538829
29720: 0.538811
29721: 0.538793
29722: 0.538775
29723: 0.53879
29724: 0.538806
29725: 0.538788
29726: 0.538769
29727: 0.538751
29728: 0.538767
29729: 0.538782
29730: 0.538764
29731: 0.53878
29732: 0.538795
29733: 0.538777
29734: 0.538759
29735: 0.538775
29736: 0.53879
29737: 0.538772
29738: 0.538787
29739: 0.538769
29740: 0.538751
29741: 0.538733
29742: 0.538749
29743: 0.538764
29744: 0.53878
29745: 0.538795
29746: 0.538777
29747: 0.538793
29748: 0.538808
29749: 0.538824
29750: 0.538839
29751: 0.538855
29752: 0.53887
29753: 0.538886
29754: 0.538901
29755: 0.538883
29756: 0.538898
29757: 0.53888
29758: 0.538862
29759: 0.538844
29760: 0.538826
29761: 0.538808
29762: 0.53879
29763: 0.538772
29764: 0.538787
29765: 0.538803
29766: 0.538785
29767: 0.5388
29768: 0.538816
29769: 0.538831
29770: 0.538813
29771: 0.538795
29772: 0.53881
29773: 0.538792
29774: 0.538808
29775: 0.538823
29776: 0.538839
29777: 0.538821
29778: 0.538803
29779: 0.538818
29780: 0.538833
29781: 0.538849
29782: 0.538864
29783: 0.538846
29784: 0.538862
29785: 0.538877
29786: 0.538859
29787: 0.538875
29788: 0.538857
29789: 0.538872
29790: 0.538854
29791: 0.538869
29792: 0.538885
29793: 0.5389
29794: 0.538916
29795: 0.538931
29796: 0.538947
29797: 0.538962
29798: 0.538978
29799: 0.53896
29800: 0.538942
29801: 0.538924
29802: 0.538939
29803: 0.538921
29804: 0.538903
29805: 0.538918
29806: 0.538934
29807: 0.538949
29808: 0.538965
29809: 0.538947
29810: 0.538962
29811: 0.538978
29812: 0.538993
29813: 0.538975
29814: 0.538957
29815: 0.538939
29816: 0.538954
29817: 0.53897
29818: 0.538985
29819: 0.539001
29820: 0.538983
29821: 0.538998
29822: 0.53898
29823: 0.538962
29824: 0.538977
29825: 0.538993
29826: 0.539008
29827: 0.539024
29828: 0.539006
29829: 0.538988
29830: 0.539003
29831: 0.538985
29832: 0.539
29833: 0.539016
29834: 0.539031
29835: 0.539047
29836: 0.539062
29837: 0.539078
29838: 0.539093
29839: 0.539075
29840: 0.539091
29841: 0.539106
29842: 0.539088
29843: 0.539103
29844: 0.539119
29845: 0.539134
29846: 0.539116
29847: 0.539098
29848: 0.53908
29849: 0.539062
29850: 0.539077
29851: 0.539059
29852: 0.539041
29853: 0.539057
29854: 0.539072
29855: 0.539088
29856: 0.53907
29857: 0.539052
29858: 0.539033
29859: 0.539049
29860: 0.539064
29861: 0.539046
29862: 0.539028
29863: 0.539044
29864: 0.539026
29865: 0.539008
29866: 0.53899
29867: 0.539005
29868: 0.53902
29869: 0.539036
29870: 0.539018
29871: 0.539033
29872: 0.539015
29873: 0.539031
29874: 0.539046
29875: 0.539061
29876: 0.539077
29877: 0.539092
29878: 0.539108
29879: 0.539123
29880: 0.539139
29881: 0.539154
29882: 0.539169
29883: 0.539185
29884: 0.539167
29885: 0.539182
29886: 0.539164
29887: 0.539146
29888: 0.539162
29889: 0.539177
29890: 0.539159
29891: 0.539174
29892: 0.539156
29893: 0.539172
29894: 0.539187
29895: 0.539203
29896: 0.539185
29897: 0.539166
29898: 0.539182
29899: 0.539197
29900: 0.539179
29901: 0.539161
29902: 0.539177
29903: 0.539192
29904: 0.539207
29905: 0.539189
29906: 0.539171
29907: 0.539187
29908: 0.539202
29909: 0.539218
29910: 0.5392
29911: 0.539215
29912: 0.539197
29913: 0.539212
29914: 0.539228
29915: 0.539243
29916: 0.539225
29917: 0.539241
29918: 0.539256
29919: 0.539271
29920: 0.539287
29921: 0.539269
29922: 0.539251
29923: 0.539266
29924: 0.539248
29925: 0.53923
29926: 0.539245
29927: 0.539261
29928: 0.539243
29929: 0.539225
29930: 0.53924
29931: 0.539256
29932: 0.539238
29933: 0.53922
29934: 0.539235
29935: 0.539217
29936: 0.539232
29937: 0.539248
29938: 0.53923
29939: 0.539212
29940: 0.539227
29941: 0.539243
29942: 0.539225
29943: 0.53924
29944: 0.539255
29945: 0.539271
29946: 0.539286
29947: 0.539301
29948: 0.539317
29949: 0.539332
29950: 0.539348
29951: 0.539363
29952: 0.539378
29953: 0.53936
29954: 0.539376
29955: 0.539391
29956: 0.539406
29957: 0.539422
29958: 0.539404
29959: 0.539386
29960: 0.539368
29961: 0.539383
29962: 0.539365
29963: 0.539381
29964: 0.539396
29965: 0.539378
29966: 0.53936
29967: 0.539375
29968: 0.539357
29969: 0.539339
29970: 0.539321
29971: 0.539337
29972: 0.539319
29973: 0.539301
29974: 0.539283
29975: 0.539265
29976: 0.53928
29977: 0.539295
29978: 0.539277
29979: 0.539293
29980: 0.539275
29981: 0.539257
29982: 0.539272
29983: 0.539288
29984: 0.539303
29985: 0.539285
29986: 0.539267
29987: 0.539249
29988: 0.539264
29989: 0.539246
29990: 0.539228
29991: 0.539244
29992: 0.539259
29993: 0.539241
29994: 0.539223
29995: 0.539205
29996: 0.539187
29997: 0.539203
29998: 0.539218
29999: 0.539233
30000: 0.539249
30001: 0.539264
30002: 0.539246
30003: 0.539261
30004: 0.539243
30005: 0.539225
30006: 0.539241
30007: 0.539256
30008: 0.539272
30009: 0.539287
30010: 0.539302
30011: 0.539318
30012: 0.5393
30013: 0.539315
30014: 0.539297
30015: 0.539279
30016: 0.539294
30017: 0.539276
30018: 0.539258
30019: 0.539274
30020: 0.539289
30021: 0.539271
30022: 0.539253
30023: 0.539269
30024: 0.539284
30025: 0.539299
30026: 0.539315
30027: 0.53933
30028: 0.539345
30029: 0.539361
30030: 0.539376
30031: 0.539391
30032: 0.539373
30033: 0.539389
30034: 0.539404
30035: 0.539419
30036: 0.539435
30037: 0.539417
30038: 0.539399
30039: 0.539381
30040: 0.539363
30041: 0.539345
30042: 0.539327
30043: 0.539309
30044: 0.539291
30045: 0.539273
30046: 0.539255
30047: 0.539271
30048: 0.539253
30049: 0.539235
30050: 0.539217
30051: 0.539199
30052: 0.539214
30053: 0.539229
30054: 0.539245
30055: 0.539227
30056: 0.539242
30057: 0.539257
30058: 0.539273
30059: 0.539255
30060: 0.539237
30061: 0.539252
30062: 0.539234
30063: 0.539216
30064: 0.539232
30065: 0.539247
30066: 0.539262
30067: 0.539244
30068: 0.539226
30069: 0.539209
30070: 0.539224
30071: 0.539206
30072: 0.539188
30073: 0.539203
30074: 0.539219
30075: 0.539234
30076: 0.539249
30077: 0.539231
30078: 0.539247
30079: 0.539229
30080: 0.539244
30081: 0.539259
30082: 0.539275
30083: 0.53929
30084: 0.539305
30085: 0.539321
30086: 0.539336
30087: 0.539351
30088: 0.539333
30089: 0.539349
30090: 0.539331
30091: 0.539346
30092: 0.539328
30093: 0.53931
30094: 0.539325
30095: 0.539341
30096: 0.539323
30097: 0.539338
30098: 0.53932
30099: 0.539302
30100: 0.539284
30101: 0.5393
30102: 0.539315
30103: 0.53933
30104: 0.539312
30105: 0.539294
30106: 0.53931
30107: 0.539325
30108: 0.539307
30109: 0.539322
30110: 0.539305
30111: 0.53932
30112: 0.539335
30113: 0.53935
30114: 0.539366
30115: 0.539348
30116: 0.539363
30117: 0.539345
30118: 0.539327
30119: 0.539309
30120: 0.539292
30121: 0.539274
30122: 0.539256
30123: 0.539271
30124: 0.539253
30125: 0.539235
30126: 0.539251
30127: 0.539266
30128: 0.539281
30129: 0.539263
30130: 0.539278
30131: 0.539294
30132: 0.539309
30133: 0.539291
30134: 0.539306
30135: 0.539322
30136: 0.539337
30137: 0.539319
30138: 0.539301
30139: 0.539283
30140: 0.539299
30141: 0.539281
30142: 0.539263
30143: 0.539245
30144: 0.53926
30145: 0.539242
30146: 0.539258
30147: 0.53924
30148: 0.539255
30149: 0.539237
30150: 0.539252
30151: 0.539268
30152: 0.53925
30153: 0.539232
30154: 0.539247
30155: 0.539263
30156: 0.539278
30157: 0.53926
30158: 0.539242
30159: 0.539257
30160: 0.539239
30161: 0.539255
30162: 0.53927
30163: 0.539285
30164: 0.539301
30165: 0.539283
30166: 0.539298
30167: 0.53928
30168: 0.539262
30169: 0.539244
30170: 0.53926
30171: 0.539275
30172: 0.539257
30173: 0.539272
30174: 0.539287
30175: 0.539303
30176: 0.539318
30177: 0.5393
30178: 0.539315
30179: 0.539331
30180: 0.539346
30181: 0.539328
30182: 0.539343
30183: 0.539325
30184: 0.539308
30185: 0.539323
30186: 0.539338
30187: 0.539353
30188: 0.539336
30189: 0.539351
30190: 0.539366
30191: 0.539348
30192: 0.53933
30193: 0.539312
30194: 0.539328
30195: 0.539343
30196: 0.539358
30197: 0.53934
30198: 0.539322
30199: 0.539305
30200: 0.539287
30201: 0.539269
30202: 0.539284
30203: 0.539299
30204: 0.539282
30205: 0.539297
30206: 0.539279
30207: 0.539294
30208: 0.539276
30209: 0.539259
30210: 0.539274
30211: 0.539289
30212: 0.539271
30213: 0.539253
30214: 0.539235
30215: 0.539251
30216: 0.539233
30217: 0.539248
30218: 0.539263
30219: 0.539246
30220: 0.539228
30221: 0.539243
30222: 0.539258
30223: 0.539273
30224: 0.539256
30225: 0.539271
30226: 0.539286
30227: 0.539268
30228: 0.539283
30229: 0.539299
30230: 0.539281
30231: 0.539263
30232: 0.539245
30233: 0.539227
30234: 0.53921
30235: 0.539225
30236: 0.53924
30237: 0.539222
30238: 0.539204
30239: 0.53922
30240: 0.539202
30241: 0.539217
30242: 0.539199
30243: 0.539181
30244: 0.539163
30245: 0.539179
30246: 0.539194
30247: 0.539209
30248: 0.539224
30249: 0.539207
30250: 0.539222
30251: 0.539237
30252: 0.539219
30253: 0.539234
30254: 0.53925
30255: 0.539232
30256: 0.539214
30257: 0.539196
30258: 0.539211
30259: 0.539227
30260: 0.539209
30261: 0.539224
30262: 0.539206
30263: 0.539188
30264: 0.539171
30265: 0.539153
30266: 0.539135
30267: 0.539117
30268: 0.539099
30269: 0.539082
30270: 0.539097
30271: 0.539079
30272: 0.539061
30273: 0.539043
30274: 0.539026
30275: 0.539041
30276: 0.539056
30277: 0.539038
30278: 0.539053
30279: 0.539069
30280: 0.539084
30281: 0.539066
30282: 0.539081
30283: 0.539097
30284: 0.539112
30285: 0.539094
30286: 0.539076
30287: 0.539058
30288: 0.539041
30289: 0.539056
30290: 0.539071
30291: 0.539086
30292: 0.539101
30293: 0.539084
30294: 0.539099
30295: 0.539081
30296: 0.539096
30297: 0.539078
30298: 0.539061
30299: 0.539043
30300: 0.539058
30301: 0.53904
30302: 0.539023
30303: 0.539005
30304: 0.538987
30305: 0.538969
30306: 0.538984
30307: 0.538967
30308: 0.538949
30309: 0.538964
30310: 0.538979
30311: 0.538961
30312: 0.538944
30313: 0.538926
30314: 0.538908
30315: 0.53889
30316: 0.538873
30317: 0.538855
30318: 0.538837
30319: 0.538819
30320: 0.538801
30321: 0.538784
30322: 0.538799
30323: 0.538781
30324: 0.538763
30325: 0.538746
30326: 0.538728
30327: 0.538743
30328: 0.538725
30329: 0.538741
30330: 0.538723
30331: 0.538738
30332: 0.538753
30333: 0.538768
30334: 0.538751
30335: 0.538733
30336: 0.538715
30337: 0.538697
30338: 0.538713
30339: 0.538695
30340: 0.53871
30341: 0.538692
30342: 0.538674
30343: 0.53869
30344: 0.538672
30345: 0.538687
30346: 0.538702
30347: 0.538718
30348: 0.538733
30349: 0.538748
30350: 0.53873
30351: 0.538712
30352: 0.538695
30353: 0.53871
30354: 0.538692
30355: 0.538674
30356: 0.53869
30357: 0.538705
30358: 0.53872
30359: 0.538735
30360: 0.53875
30361: 0.538766
30362: 0.538748
30363: 0.538763
30364: 0.538745
30365: 0.53876
30366: 0.538743
30367: 0.538725
30368: 0.538707
30369: 0.538689
30370: 0.538672
30371: 0.538687
30372: 0.538702
30373: 0.538717
30374: 0.5387
30375: 0.538682
30376: 0.538697
30377: 0.538712
30378: 0.538694
30379: 0.53871
30380: 0.538692
30381: 0.538674
30382: 0.538689
30383: 0.538672
30384: 0.538687
30385: 0.538702
30386: 0.538684
30387: 0.538667
30388: 0.538649
30389: 0.538631
30390: 0.538646
30391: 0.538661
30392: 0.538644
30393: 0.538659
30394: 0.538641
30395: 0.538656
30396: 0.538639
30397: 0.538621
30398: 0.538603
30399: 0.538586
30400: 0.538568
30401: 0.538583
30402: 0.538565
30403: 0.53858
30404: 0.538596
30405: 0.538578
30406: 0.53856
30407: 0.538575
30408: 0.538591
30409: 0.538606
30410: 0.538621
30411: 0.538636
30412: 0.538651
30413: 0.538666
30414: 0.538682
30415: 0.538664
30416: 0.538679
30417: 0.538694
30418: 0.538709
30419: 0.538692
30420: 0.538707
30421: 0.538722
30422: 0.538737
30423: 0.538752
30424: 0.538767
30425: 0.538783
30426: 0.538798
30427: 0.53878
30428: 0.538795
30429: 0.53881
30430: 0.538826
30431: 0.538808
30432: 0.53879
30433: 0.538772
30434: 0.538755
30435: 0.538737
30436: 0.538752
30437: 0.538767
30438: 0.53875
30439: 0.538732
30440: 0.538714
30441: 0.538697
30442: 0.538712
30443: 0.538727
30444: 0.538742
30445: 0.538757
30446: 0.538739
30447: 0.538755
30448: 0.53877
30449: 0.538785
30450: 0.538767
30451: 0.53875
30452: 0.538732
30453: 0.538714
30454: 0.538696
30455: 0.538679
30456: 0.538661
30457: 0.538676
30458: 0.538691
30459: 0.538707
30460: 0.538689
30461: 0.538704
30462: 0.538719
30463: 0.538734
30464: 0.538749
30465: 0.538732
30466: 0.538747
30467: 0.538762
30468: 0.538744
30469: 0.538727
30470: 0.538709
30471: 0.538691
30472: 0.538674
30473: 0.538689
30474: 0.538671
30475: 0.538653
30476: 0.538636
30477: 0.538651
30478: 0.538666
30479: 0.538681
30480: 0.538696
30481: 0.538679
30482: 0.538694
30483: 0.538676
30484: 0.538691
30485: 0.538706
30486: 0.538721
30487: 0.538737
30488: 0.538752
30489: 0.538767
30490: 0.538749
30491: 0.538731
30492: 0.538747
30493: 0.538762
30494: 0.538744
30495: 0.538759
30496: 0.538774
30497: 0.538789
30498: 0.538805
30499: 0.53882
30500: 0.538802
30501: 0.538817
30502: 0.538832
30503: 0.538815
30504: 0.538797
30505: 0.538812
30506: 0.538827
30507: 0.538842
30508: 0.538857
30509: 0.53884
30510: 0.538855
30511: 0.538837
30512: 0.53882
30513: 0.538802
30514: 0.538784
30515: 0.538767
30516: 0.538749
30517: 0.538764
30518: 0.538746
30519: 0.538761
30520: 0.538744
30521: 0.538726
30522: 0.538741
30523: 0.538756
30524: 0.538771
30525: 0.538754
30526: 0.538736
30527: 0.538719
30528: 0.538734
30529: 0.538749
30530: 0.538731
30531: 0.538746
30532: 0.538729
30533: 0.538711
30534: 0.538726
30535: 0.538741
30536: 0.538756
30537: 0.538739
30538: 0.538754
30539: 0.538769
30540: 0.538751
30541: 0.538734
30542: 0.538716
30543: 0.538698
30544: 0.538681
30545: 0.538663
30546: 0.538678
30547: 0.538693
30548: 0.538676
30549: 0.538691
30550: 0.538673
30551: 0.538655
30552: 0.538671
30553: 0.538653
30554: 0.538668
30555: 0.538683
30556: 0.538698
30557: 0.538681
30558: 0.538696
30559: 0.538711
30560: 0.538693
30561: 0.538675
30562: 0.538691
30563: 0.538706
30564: 0.538688
30565: 0.53867
30566: 0.538686
30567: 0.538668
30568: 0.538683
30569: 0.538698
30570: 0.53868
30571: 0.538696
30572: 0.538678
30573: 0.538693
30574: 0.538675
30575: 0.538658
30576: 0.538673
30577: 0.538688
30578: 0.538703
30579: 0.538718
30580: 0.538701
30581: 0.538683
30582: 0.538698
30583: 0.53868
30584: 0.538663
30585: 0.538645
30586: 0.53866
30587: 0.538675
30588: 0.538658
30589: 0.53864
30590: 0.538655
30591: 0.53867
30592: 0.538653
30593: 0.538635
30594: 0.538617
30595: 0.538633
30596: 0.538615
30597: 0.53863
30598: 0.538612
30599: 0.538627
30600: 0.538643
30601: 0.538658
30602: 0.538673
30603: 0.538655
30604: 0.538637
30605: 0.53862
30606: 0.538635
30607: 0.538617
30608: 0.5386
30609: 0.538615
30610: 0.538597
30611: 0.53858
30612: 0.538562
30613: 0.538577
30614: 0.538592
30615: 0.538575
30616: 0.538557
30617: 0.538539
30618: 0.538522
30619: 0.538537
30620: 0.538519
30621: 0.538534
30622: 0.538517
30623: 0.538532
30624: 0.538514
30625: 0.538497
30626: 0.538512
30627: 0.538494
30628: 0.538509
30629: 0.538524
30630: 0.538539
30631: 0.538522
30632: 0.538537
30633: 0.538552
30634: 0.538567
30635: 0.538582
30636: 0.538564
30637: 0.538547
30638: 0.538529
30639: 0.538512
30640: 0.538527
30641: 0.538542
30642: 0.538524
30643: 0.538539
30644: 0.538554
30645: 0.538537
30646: 0.538552
30647: 0.538567
30648: 0.538582
30649: 0.538597
30650: 0.538612
30651: 0.538595
30652: 0.538577
30653: 0.538559
30654: 0.538574
30655: 0.53859
30656: 0.538605
30657: 0.53862
30658: 0.538635
30659: 0.53865
30660: 0.538632
30661: 0.538615
30662: 0.538597
30663: 0.538579
30664: 0.538594
30665: 0.538577
30666: 0.538559
30667: 0.538574
30668: 0.538589
30669: 0.538572
30670: 0.538554
30671: 0.538569
30672: 0.538584
30673: 0.538599
30674: 0.538582
30675: 0.538597
30676: 0.538579
30677: 0.538594
30678: 0.538609
30679: 0.538625
30680: 0.53864
30681: 0.538622
30682: 0.538604
30683: 0.538587
30684: 0.538602
30685: 0.538617
30686: 0.538632
30687: 0.538647
30688: 0.538629
30689: 0.538612
30690: 0.538594
30691: 0.538577
30692: 0.538592
30693: 0.538574
30694: 0.538589
30695: 0.538604
30696: 0.538587
30697: 0.538569
30698: 0.538552
30699: 0.538567
30700: 0.538582
30701: 0.538564
30702: 0.538547
30703: 0.538529
30704: 0.538512
30705: 0.538527
30706: 0.538542
30707: 0.538557
30708: 0.538572
30709: 0.538587
30710: 0.538602
30711: 0.538617
30712: 0.538599
30713: 0.538582
30714: 0.538597
30715: 0.538612
30716: 0.538627
30717: 0.538642
30718: 0.538624
30719: 0.538607
30720: 0.538589
30721: 0.538572
30722: 0.538554
30723: 0.538569
30724: 0.538584
30725: 0.538567
30726: 0.538582
30727: 0.538597
30728: 0.538579
30729: 0.538562
30730: 0.538577
30731: 0.538592
30732: 0.538607
30733: 0.538622
30734: 0.538637
30735: 0.538652
30736: 0.538667
30737: 0.538682
30738: 0.538697
30739: 0.538712
30740: 0.538727
30741: 0.538742
30742: 0.538757
30743: 0.538739
30744: 0.538754
30745: 0.538737
30746: 0.538719
30747: 0.538734
30748: 0.538717
30749: 0.538732
30750: 0.538747
30751: 0.538729
30752: 0.538712
30753: 0.538727
30754: 0.538709
30755: 0.538692
30756: 0.538674
30757: 0.538689
30758: 0.538704
30759: 0.538719
30760: 0.538702
30761: 0.538684
30762: 0.538699
30763: 0.538682
30764: 0.538697
30765: 0.538712
30766: 0.538727
30767: 0.538742
30768: 0.538757
30769: 0.538772
30770: 0.538754
30771: 0.538769
30772: 0.538752
30773: 0.538734
30774: 0.538716
30775: 0.538731
30776: 0.538714
30777: 0.538729
30778: 0.538744
30779: 0.538759
30780: 0.538774
30781: 0.538756
30782: 0.538771
30783: 0.538786
30784: 0.538801
30785: 0.538816
30786: 0.538799
30787: 0.538814
30788: 0.538829
30789: 0.538811
30790: 0.538826
30791: 0.538809
30792: 0.538824
30793: 0.538839
30794: 0.538821
30795: 0.538804
30796: 0.538819
30797: 0.538834
30798: 0.538849
30799: 0.538831
30800: 0.538846
30801: 0.538861
30802: 0.538876
30803: 0.538859
30804: 0.538874
30805: 0.538856
30806: 0.538871
30807: 0.538886
30808: 0.538869
30809: 0.538883
30810: 0.538866
30811: 0.538849
30812: 0.538863
30813: 0.538878
30814: 0.538893
30815: 0.538876
30816: 0.538858
30817: 0.538873
30818: 0.538888
30819: 0.538903
30820: 0.538886
30821: 0.538868
30822: 0.538883
30823: 0.538866
30824: 0.538881
30825: 0.538896
30826: 0.538911
30827: 0.538926
30828: 0.538941
30829: 0.538956
30830: 0.538971
30831: 0.538985
30832: 0.539
30833: 0.539015
30834: 0.538998
30835: 0.53898
30836: 0.538995
30837: 0.538978
30838: 0.538993
30839: 0.539008
30840: 0.539023
30841: 0.539038
30842: 0.53902
30843: 0.539035
30844: 0.53905
30845: 0.539065
30846: 0.53908
30847: 0.539095
30848: 0.53911
30849: 0.539092
30850: 0.539075
30851: 0.539057
30852: 0.539072
30853: 0.539087
30854: 0.539102
30855: 0.539085
30856: 0.5391
30857: 0.539082
30858: 0.539065
30859: 0.539047
30860: 0.539062
30861: 0.539045
30862: 0.53906
30863: 0.539075
30864: 0.53909
30865: 0.539105
30866: 0.539087
30867: 0.539102
30868: 0.539117
30869: 0.539099
30870: 0.539082
30871: 0.539065
30872: 0.539047
30873: 0.539062
30874: 0.539077
30875: 0.539092
30876: 0.539107
30877: 0.539122
30878: 0.539104
30879: 0.539119
30880: 0.539102
30881: 0.539117
30882: 0.539099
30883: 0.539082
30884: 0.539097
30885: 0.539112
30886: 0.539126
30887: 0.539141
30888: 0.539156
30889: 0.539171
30890: 0.539154
30891: 0.539169
30892: 0.539184
30893: 0.539166
30894: 0.539181
30895: 0.539164
30896: 0.539179
30897: 0.539161
30898: 0.539144
30899: 0.539126
30900: 0.539109
30901: 0.539124
30902: 0.539139
30903: 0.539121
30904: 0.539136
30905: 0.539151
30906: 0.539134
30907: 0.539148
30908: 0.539131
30909: 0.539146
30910: 0.539161
30911: 0.539143
30912: 0.539158
30913: 0.539141
30914: 0.539123
30915: 0.539106
30916: 0.539089
30917: 0.539071
30918: 0.539086
30919: 0.539101
30920: 0.539083
30921: 0.539066
30922: 0.539081
30923: 0.539096
30924: 0.539078
30925: 0.539061
30926: 0.539076
30927: 0.539091
30928: 0.539073
30929: 0.539088
30930: 0.539071
30931: 0.539053
30932: 0.539068
30933: 0.539083
30934: 0.539098
30935: 0.539113
30936: 0.539128
30937: 0.539143
30938: 0.539125
30939: 0.539108
30940: 0.539123
30941: 0.539138
30942: 0.539153
30943: 0.539135
30944: 0.53915
30945: 0.539165
30946: 0.53918
30947: 0.539162
30948: 0.539177
30949: 0.539192
30950: 0.539175
30951: 0.539157
30952: 0.539172
30953: 0.539187
30954: 0.53917
30955: 0.539185
30956: 0.5392
30957: 0.539182
30958: 0.539197
30959: 0.539212
30960: 0.539194
30961: 0.539177
30962: 0.53916
30963: 0.539142
30964: 0.539125
30965: 0.53914
30966: 0.539122
30967: 0.539105
30968: 0.53912
30969: 0.539102
30970: 0.539085
30971: 0.539068
30972: 0.53905
30973: 0.539065
30974: 0.539048
30975: 0.539062
30976: 0.539077
30977: 0.539092
30978: 0.539075
30979: 0.53909
30980: 0.539105
30981: 0.539119
30982: 0.539102
30983: 0.539085
30984: 0.5391
30985: 0.539114
30986: 0.539129
30987: 0.539112
30988: 0.539095
30989: 0.539077
30990: 0.53906
30991: 0.539042
30992: 0.539025
30993: 0.539008
30994: 0.53899
30995: 0.539005
30996: 0.538988
30997: 0.539003
30998: 0.538985
30999: 0.538968
31000: 0.53895
31001: 0.538933
31002: 0.538916
31003: 0.538898
31004: 0.538913
31005: 0.538896
31006: 0.538878
31007: 0.538861
31008: 0.538876
31009: 0.538891
31010: 0.538873
31011: 0.538888
31012: 0.538871
31013: 0.538886
31014: 0.538868
31015: 0.538883
31016: 0.538866
31017: 0.538881
31018: 0.538896
31019: 0.538878
31020: 0.538893
31021: 0.538908
31022: 0.538923
31023: 0.538905
31024: 0.53892
31025: 0.538903
31026: 0.538885
31027: 0.5389
31028: 0.538915
31029: 0.53893
31030: 0.538913
31031: 0.538895
31032: 0.538878
31033: 0.538861
31034: 0.538875
31035: 0.53889
31036: 0.538873
31037: 0.538888
31038: 0.53887
31039: 0.538853
31040: 0.538868
31041: 0.538851
31042: 0.538865
31043: 0.538848
31044: 0.538831
31045: 0.538846
31046: 0.53886
31047: 0.538843
31048: 0.538858
31049: 0.538841
31050: 0.538823
31051: 0.538806
31052: 0.538789
31053: 0.538803
31054: 0.538818
31055: 0.538801
31056: 0.538816
31057: 0.538831
31058: 0.538845
31059: 0.53886
31060: 0.538875
31061: 0.538858
31062: 0.53884
31063: 0.538855
31064: 0.538838
31065: 0.538821
31066: 0.538835
31067: 0.538818
31068: 0.538833
31069: 0.538816
31070: 0.538798
31071: 0.538781
31072: 0.538764
31073: 0.538746
31074: 0.538761
31075: 0.538776
31076: 0.538791
31077: 0.538773
31078: 0.538756
31079: 0.538771
31080: 0.538786
31081: 0.538768
31082: 0.538751
31083: 0.538766
31084: 0.538749
31085: 0.538763
31086: 0.538746
31087: 0.538761
31088: 0.538776
31089: 0.538791
31090: 0.538773
31091: 0.538788
31092: 0.538803
31093: 0.538818
31094: 0.5388
31095: 0.538783
31096: 0.538766
31097: 0.538781
31098: 0.538795
31099: 0.53881
31100: 0.538793
31101: 0.538808
31102: 0.538823
31103: 0.538837
31104: 0.538852
31105: 0.538835
31106: 0.538818
31107: 0.5388
31108: 0.538783
31109: 0.538766
31110: 0.53878
31111: 0.538763
31112: 0.538746
31113: 0.538729
31114: 0.538711
31115: 0.538726
31116: 0.538741
31117: 0.538756
31118: 0.538771
31119: 0.538785
31120: 0.5388
31121: 0.538815
31122: 0.538798
31123: 0.538812
31124: 0.538827
31125: 0.538842
31126: 0.538857
31127: 0.53884
31128: 0.538854
31129: 0.538869
31130: 0.538884
31131: 0.538867
31132: 0.538882
31133: 0.538864
31134: 0.538847
31135: 0.538862
31136: 0.538877
31137: 0.538859
31138: 0.538842
31139: 0.538825
31140: 0.538839
31141: 0.538854
31142: 0.538869
31143: 0.538884
31144: 0.538899
31145: 0.538881
31146: 0.538864
31147: 0.538847
31148: 0.538829
31149: 0.538844
31150: 0.538827
31151: 0.53881
31152: 0.538825
31153: 0.538839
31154: 0.538822
31155: 0.538837
31156: 0.538852
31157: 0.538834
31158: 0.538849
31159: 0.538832
31160: 0.538847
31161: 0.538861
31162: 0.538876
31163: 0.538891
31164: 0.538874
31165: 0.538889
31166: 0.538903
31167: 0.538886
31168: 0.538901
31169: 0.538884
31170: 0.538898
31171: 0.538881
31172: 0.538864
31173: 0.538879
31174: 0.538893
31175: 0.538908
31176: 0.538891
31177: 0.538874
31178: 0.538856
31179: 0.538871
31180: 0.538854
31181: 0.538837
31182: 0.538819
31183: 0.538802
31184: 0.538817
31185: 0.538799
31186: 0.538814
31187: 0.538829
31188: 0.538844
31189: 0.538859
31190: 0.538873
31191: 0.538888
31192: 0.538871
31193: 0.538886
31194: 0.538868
31195: 0.538851
31196: 0.538834
31197: 0.538849
31198: 0.538863
31199: 0.538878
31200: 0.538861
31201: 0.538876
31202: 0.538858
31203: 0.538841
31204: 0.538856
31205: 0.538839
31206: 0.538853
31207: 0.538868
31208: 0.538851
31209: 0.538866
31210: 0.538881
31211: 0.538863
31212: 0.538846
31213: 0.538829
31214: 0.538844
31215: 0.538858
31216: 0.538873
31217: 0.538888
31218: 0.538871
31219: 0.538853
31220: 0.538868
31221: 0.538883
31222: 0.538898
31223: 0.538912
31224: 0.538927
31225: 0.538942
31226: 0.538925
31227: 0.538939
31228: 0.538954
31229: 0.538969
31230: 0.538952
31231: 0.538966
31232: 0.538981
31233: 0.538996
31234: 0.539011
31235: 0.539025
31236: 0.53904
31237: 0.539055
31238: 0.539038
31239: 0.539052
31240: 0.539067
31241: 0.539082
31242: 0.539097
31243: 0.53908
31244: 0.539062
31245: 0.539045
31246: 0.539028
31247: 0.53901
31248: 0.538993
31249: 0.538976
31250: 0.538991
31251: 0.539006
31252: 0.538988
31253: 0.538971
31254: 0.538954
31255: 0.538969
31256: 0.538951
31257: 0.538934
31258: 0.538917
31259: 0.538932
31260: 0.538946
31261: 0.538961
31262: 0.538976
31263: 0.538959
31264: 0.538941
31265: 0.538956
31266: 0.538939
31267: 0.538954
31268: 0.538968
31269: 0.538951
31270: 0.538966
31271: 0.538949
31272: 0.538931
31273: 0.538946
31274: 0.538961
31275: 0.538976
31276: 0.53899
31277: 0.539005
31278: 0.538988
31279: 0.538971
31280: 0.538953
31281: 0.538936
31282: 0.538951
31283: 0.538934
31284: 0.538916
31285: 0.538899
31286: 0.538914
31287: 0.538929
31288: 0.538911
31289: 0.538926
31290: 0.538941
31291: 0.538924
31292: 0.538938
31293: 0.538953
31294: 0.538936
31295: 0.538951
31296: 0.538965
31297: 0.53898
31298: 0.538963
31299: 0.538978
31300: 0.53896
31301: 0.538975
31302: 0.53899
31303: 0.538973
31304: 0.538987
31305: 0.53897
31306: 0.538953
31307: 0.538968
31308: 0.538982
31309: 0.538965
31310: 0.538948
31311: 0.538931
31312: 0.538945
31313: 0.53896
31314: 0.538943
31315: 0.538926
31316: 0.538909
31317: 0.538891
31318: 0.538906
31319: 0.538921
31320: 0.538904
31321: 0.538886
31322: 0.538901
31323: 0.538884
31324: 0.538867
31325: 0.53885
31326: 0.538832
31327: 0.538847
31328: 0.538862
31329: 0.538876
31330: 0.538891
31331: 0.538906
31332: 0.538921
31333: 0.538903
31334: 0.538918
31335: 0.538933
31336: 0.538916
31337: 0.538898
31338: 0.538913
31339: 0.538928
31340: 0.538911
31341: 0.538893
31342: 0.538876
31343: 0.538859
31344: 0.538874
31345: 0.538857
31346: 0.538871
31347: 0.538886
31348: 0.538901
31349: 0.538915
31350: 0.538898
31351: 0.538881
31352: 0.538864
31353: 0.538847
31354: 0.538861
31355: 0.538876
31356: 0.538891
31357: 0.538874
31358: 0.538856
31359: 0.538871
31360: 0.538854
31361: 0.538837
31362: 0.53882
31363: 0.538802
31364: 0.538817
31365: 0.538832
31366: 0.538847
31367: 0.538829
31368: 0.538844
31369: 0.538859
31370: 0.538873
31371: 0.538888
31372: 0.538903
31373: 0.538886
31374: 0.538869
31375: 0.538851
31376: 0.538834
31377: 0.538817
31378: 0.538832
31379: 0.538815
31380: 0.538797
31381: 0.53878
31382: 0.538763
31383: 0.538746
31384: 0.538761
31385: 0.538775
31386: 0.53879
31387: 0.538805
31388: 0.538787
31389: 0.538802
31390: 0.538785
31391: 0.538768
31392: 0.538783
31393: 0.538765
31394: 0.53878
31395: 0.538795
31396: 0.538809
31397: 0.538824
31398: 0.538839
31399: 0.538854
31400: 0.538836
31401: 0.538819
31402: 0.538834
31403: 0.538849
31404: 0.538831
31405: 0.538814
31406: 0.538797
31407: 0.53878
31408: 0.538795
31409: 0.538809
31410: 0.538824
31411: 0.538807
31412: 0.538822
31413: 0.538836
31414: 0.538851
31415: 0.538834
31416: 0.538848
31417: 0.538831
31418: 0.538846
31419: 0.538861
31420: 0.538843
31421: 0.538858
31422: 0.538873
31423: 0.538887
31424: 0.538902
31425: 0.538917
31426: 0.5389
31427: 0.538914
31428: 0.538897
31429: 0.53888
31430: 0.538895
31431: 0.538909
31432: 0.538892
31433: 0.538875
31434: 0.53889
31435: 0.538873
31436: 0.538887
31437: 0.538902
31438: 0.538917
31439: 0.538931
31440: 0.538946
31441: 0.538961
31442: 0.538975
31443: 0.53899
31444: 0.539005
31445: 0.538987
31446: 0.539002
31447: 0.538985
31448: 0.538968
31449: 0.538983
31450: 0.538997
31451: 0.539012
31452: 0.539026
31453: 0.539041
31454: 0.539024
31455: 0.539007
31456: 0.53899
31457: 0.539004
31458: 0.539019
31459: 0.539002
31460: 0.539017
31461: 0.539031
31462: 0.539014
31463: 0.539029
31464: 0.539012
31465: 0.539026
31466: 0.539009
31467: 0.539024
31468: 0.539007
31469: 0.539021
31470: 0.539004
31471: 0.539019
31472: 0.539002
31473: 0.539016
31474: 0.538999
31475: 0.538982
31476: 0.538965
31477: 0.538948
31478: 0.538962
31479: 0.538977
31480: 0.53896
31481: 0.538943
31482: 0.538958
31483: 0.538972
31484: 0.538987
31485: 0.539001
31486: 0.538984
31487: 0.538967
31488: 0.53895
31489: 0.538933
31490: 0.538916
31491: 0.538899
31492: 0.538882
31493: 0.538896
31494: 0.538911
31495: 0.538894
31496: 0.538877
31497: 0.53886
31498: 0.538843
31499: 0.538857
31500: 0.538872
31501: 0.538886
31502: 0.538869
31503: 0.538884
31504: 0.538899
31505: 0.538913
31506: 0.538896
31507: 0.538879
31508: 0.538894
31509: 0.538908
31510: 0.538923
31511: 0.538906
31512: 0.53892
31513: 0.538935
31514: 0.538918
31515: 0.538933
31516: 0.538947
31517: 0.53893
31518: 0.538913
31519: 0.538896
31520: 0.538911
31521: 0.538925
31522: 0.53894
31523: 0.538923
31524: 0.538937
31525: 0.538952
31526: 0.538935
31527: 0.538918
31528: 0.538932
31529: 0.538915
31530: 0.53893
31531: 0.538945
31532: 0.538927
31533: 0.53891
31534: 0.538893
31535: 0.538908
31536: 0.538891
31537: 0.538905
31538: 0.53892
31539: 0.538935
31540: 0.538918
31541: 0.538932
31542: 0.538915
31543: 0.538898
31544: 0.538881
31545: 0.538864
31546: 0.538878
31547: 0.538861
31548: 0.538876
31549: 0.538891
31550: 0.538905
31551: 0.538888
31552: 0.538903
31553: 0.538886
31554: 0.538869
31555: 0.538883
31556: 0.538866
31557: 0.538849
31558: 0.538864
31559: 0.538878
31560: 0.538861
31561: 0.538876
31562: 0.53889
31563: 0.538873
31564: 0.538856
31565: 0.538839
31566: 0.538822
31567: 0.538805
31568: 0.538788
31569: 0.538771
31570: 0.538786
31571: 0.538769
31572: 0.538783
31573: 0.538798
31574: 0.538812
31575: 0.538827
31576: 0.538842
31577: 0.538856
31578: 0.538839
31579: 0.538822
31580: 0.538805
31581: 0.53882
31582: 0.538834
31583: 0.538849
31584: 0.538863
31585: 0.538846
31586: 0.538829
31587: 0.538812
31588: 0.538795
31589: 0.538778
31590: 0.538761
31591: 0.538744
31592: 0.538727
31593: 0.538742
31594: 0.538724
31595: 0.538739
31596: 0.538754
31597: 0.538737
31598: 0.538751
31599: 0.538766
31600: 0.538749
31601: 0.538732
31602: 0.538746
31603: 0.538761
31604: 0.538744
31605: 0.538727
31606: 0.538741
31607: 0.538724
31608: 0.538739
31609: 0.538722
31610: 0.538737
31611: 0.538751
31612: 0.538734
31613: 0.538717
31614: 0.5387
31615: 0.538715
31616: 0.538729
31617: 0.538744
31618: 0.538758
31619: 0.538773
31620: 0.538788
31621: 0.53877
31622: 0.538785
31623: 0.5388
31624: 0.538814
31625: 0.538797
31626: 0.538812
31627: 0.538826
31628: 0.538809
31629: 0.538824
31630: 0.538838
31631: 0.538821
31632: 0.538836
31633: 0.538819
31634: 0.538834
31635: 0.538817
31636: 0.538831
31637: 0.538814
31638: 0.538797
31639: 0.538812
31640: 0.538795
31641: 0.538778
31642: 0.538792
31643: 0.538807
31644: 0.53879
31645: 0.538804
31646: 0.538787
31647: 0.53877
31648: 0.538785
31649: 0.538768
31650: 0.538782
31651: 0.538797
31652: 0.538811
31653: 0.538826
31654: 0.538841
31655: 0.538855
31656: 0.538838
31657: 0.538821
31658: 0.538836
31659: 0.53885
31660: 0.538865
31661: 0.538879
31662: 0.538894
31663: 0.538909
31664: 0.538892
31665: 0.538906
31666: 0.538889
31667: 0.538872
31668: 0.538855
31669: 0.538838
31670: 0.538853
31671: 0.538836
31672: 0.53885
31673: 0.538865
31674: 0.538879
31675: 0.538894
31676: 0.538877
31677: 0.53886
31678: 0.538874
31679: 0.538857
31680: 0.538872
31681: 0.538886
31682: 0.538869
31683: 0.538884
31684: 0.538899
31685: 0.538913
31686: 0.538928
31687: 0.538942
31688: 0.538957
31689: 0.538971
31690: 0.538954
31691: 0.538969
31692: 0.538983
31693: 0.538998
31694: 0.539012
31695: 0.538995
31696: 0.538978
31697: 0.538961
31698: 0.538944
31699: 0.538927
31700: 0.53891
31701: 0.538925
31702: 0.53894
31703: 0.538954
31704: 0.538969
31705: 0.538952
31706: 0.538935
31707: 0.538949
31708: 0.538932
31709: 0.538915
31710: 0.53893
31711: 0.538944
31712: 0.538959
31713: 0.538973
31714: 0.538988
31715: 0.539002
31716: 0.538985
31717: 0.538968
31718: 0.538983
31719: 0.538966
31720: 0.538949
31721: 0.538932
31722: 0.538947
31723: 0.53893
31724: 0.538913
31725: 0.538896
31726: 0.538879
31727: 0.538862
31728: 0.538876
31729: 0.538859
31730: 0.538874
31731: 0.538857
31732: 0.53884
31733: 0.538854
31734: 0.538869
31735: 0.538852
31736: 0.538835
31737: 0.538849
31738: 0.538832
31739: 0.538847
31740: 0.538861
31741: 0.538876
31742: 0.53889
31743: 0.538873
31744: 0.538888
31745: 0.538871
31746: 0.538854
31747: 0.538869
31748: 0.538852
31749: 0.538835
31750: 0.538818
31751: 0.538832
31752: 0.538847
31753: 0.53883
31754: 0.538813
31755: 0.538827
31756: 0.538842
31757: 0.538856
31758: 0.538839
31759: 0.538822
31760: 0.538805
31761: 0.53882
31762: 0.538803
31763: 0.538786
31764: 0.538769
31765: 0.538784
31766: 0.538767
31767: 0.538781
31768: 0.538796
31769: 0.53881
31770: 0.538825
31771: 0.538839
31772: 0.538822
31773: 0.538805
31774: 0.53882
31775: 0.538834
31776: 0.538849
31777: 0.538863
31778: 0.538878
31779: 0.538861
31780: 0.538844
31781: 0.538858
31782: 0.538873
31783: 0.538887
31784: 0.538902
31785: 0.538917
31786: 0.5389
31787: 0.538914
31788: 0.538897
31789: 0.53888
31790: 0.538863
31791: 0.538846
31792: 0.538829
31793: 0.538844
31794: 0.538858
31795: 0.538873
31796: 0.538887
31797: 0.53887
31798: 0.538853
31799: 0.538836
31800: 0.53882
31801: 0.538834
31802: 0.538849
31803: 0.538832
31804: 0.538846
31805: 0.538861
31806: 0.538844
31807: 0.538858
31808: 0.538873
31809: 0.538856
31810: 0.53887
31811: 0.538885
31812: 0.538899
31813: 0.538914
31814: 0.538897
31815: 0.53888
31816: 0.538894
31817: 0.538877
31818: 0.53886
31819: 0.538875
31820: 0.538858
31821: 0.538872
31822: 0.538856
31823: 0.538839
31824: 0.538822
31825: 0.538805
31826: 0.538788
31827: 0.538771
31828: 0.538754
31829: 0.538737
31830: 0.538752
31831: 0.538735
31832: 0.538718
31833: 0.538732
31834: 0.538747
31835: 0.53873
31836: 0.538744
31837: 0.538727
31838: 0.53871
31839: 0.538693
31840: 0.538677
31841: 0.538691
31842: 0.538674
31843: 0.538657
31844: 0.53864
31845: 0.538655
31846: 0.538638
31847: 0.538621
31848: 0.538635
31849: 0.53865
31850: 0.538633
31851: 0.538616
31852: 0.538631
31853: 0.538645
31854: 0.53866
31855: 0.538674
31856: 0.538689
31857: 0.538672
31858: 0.538655
31859: 0.538638
31860: 0.538621
31861: 0.538635
31862: 0.53865
31863: 0.538664
31864: 0.538679
31865: 0.538693
31866: 0.538676
31867: 0.538659
31868: 0.538643
31869: 0.538626
31870: 0.53864
31871: 0.538655
31872: 0.538669
31873: 0.538652
31874: 0.538635
31875: 0.53865
31876: 0.538664
31877: 0.538647
31878: 0.53863
31879: 0.538614
31880: 0.538628
31881: 0.538642
31882: 0.538657
31883: 0.53864
31884: 0.538655
31885: 0.538669
31886: 0.538683
31887: 0.538698
31888: 0.538681
31889: 0.538696
31890: 0.53871
31891: 0.538724
31892: 0.538739
31893: 0.538753
31894: 0.538768
31895: 0.538782
31896: 0.538765
31897: 0.53878
31898: 0.538794
31899: 0.538809
31900: 0.538792
31901: 0.538806
31902: 0.538821
31903: 0.538804
31904: 0.538787
31905: 0.538801
31906: 0.538816
31907: 0.538799
31908: 0.538814
31909: 0.538828
31910: 0.538842
31911: 0.538857
31912: 0.538871
31913: 0.538854
31914: 0.538838
31915: 0.538821
31916: 0.538835
31917: 0.53885
31918: 0.538864
31919: 0.538847
31920: 0.538862
31921: 0.538845
31922: 0.538859
31923: 0.538874
31924: 0.538857
31925: 0.538871
31926: 0.538854
31927: 0.538837
31928: 0.538821
31929: 0.538804
31930: 0.538818
31931: 0.538801
31932: 0.538784
31933: 0.538767
31934: 0.538751
31935: 0.538734
31936: 0.538717
31937: 0.538731
31938: 0.538746
31939: 0.53876
31940: 0.538775
31941: 0.538758
31942: 0.538741
31943: 0.538724
31944: 0.538738
31945: 0.538722
31946: 0.538736
31947: 0.53875
31948: 0.538765
31949: 0.538779
31950: 0.538762
31951: 0.538777
31952: 0.538791
31953: 0.538806
31954: 0.538789
31955: 0.538803
31956: 0.538818
31957: 0.538832
31958: 0.538847
31959: 0.538861
31960: 0.538876
31961: 0.53889
31962: 0.538904
31963: 0.538887
31964: 0.538902
31965: 0.538916
31966: 0.538931
31967: 0.538945
31968: 0.538928
31969: 0.538943
31970: 0.538926
31971: 0.53894
31972: 0.538923
31973: 0.538938
31974: 0.538921
31975: 0.538935
31976: 0.538919
31977: 0.538933
31978: 0.538916
31979: 0.538899
31980: 0.538914
31981: 0.538928
31982: 0.538943
31983: 0.538957
31984: 0.538971
31985: 0.538955
31986: 0.538969
31987: 0.538952
31988: 0.538935
31989: 0.53895
31990: 0.538964
31991: 0.538947
31992: 0.538962
31993: 0.538976
31994: 0.53899
31995: 0.539005
31996: 0.539019
31997: 0.539034
31998: 0.539048
31999: 0.539031
32000: 0.539046
32001: 0.53906
32002: 0.539043
32003: 0.539026
32004: 0.53901
32005: 0.538993
32006: 0.539007
32007: 0.539021
32008: 0.539005
32009: 0.538988
32010: 0.539002
32011: 0.539017
32012: 0.539
32013: 0.538983
32014: 0.538966
32015: 0.538949
32016: 0.538964
32017: 0.538947
32018: 0.53893
32019: 0.538944
32020: 0.538928
32021: 0.538911
32022: 0.538925
32023: 0.53894
32024: 0.538954
32025: 0.538968
32026: 0.538983
32027: 0.538966
32028: 0.53898
32029: 0.538995
32030: 0.539009
32031: 0.538992
32032: 0.539007
32033: 0.539021
32034: 0.539004
32035: 0.538987
32036: 0.539002
32037: 0.538985
32038: 0.538999
32039: 0.539014
32040: 0.538997
32041: 0.539011
32042: 0.539026
32043: 0.53904
32044: 0.539023
32045: 0.539038
32046: 0.539052
32047: 0.539066
32048: 0.53905
32049: 0.539064
32050: 0.539047
32051: 0.539062
32052: 0.539045
32053: 0.539028
32054: 0.539011
32055: 0.538994
32056: 0.539009
32057: 0.539023
32058: 0.539006
32059: 0.538989
32060: 0.539004
32061: 0.538987
32062: 0.53897
32063: 0.538985
32064: 0.538968
32065: 0.538982
32066: 0.538965
32067: 0.538948
32068: 0.538932
32069: 0.538915
32070: 0.538898
32071: 0.538912
32072: 0.538896
32073: 0.538879
32074: 0.538893
32075: 0.538908
32076: 0.538922
32077: 0.538905
32078: 0.538888
32079: 0.538903
32080: 0.538886
32081: 0.5389
32082: 0.538915
32083: 0.538898
32084: 0.538881
32085: 0.538895
32086: 0.53891
32087: 0.538893
32088: 0.538907
32089: 0.538922
32090: 0.538936
32091: 0.538919
32092: 0.538903
32093: 0.538917
32094: 0.538931
32095: 0.538946
32096: 0.53896
32097: 0.538943
32098: 0.538926
32099: 0.53891
32100: 0.538893
32101: 0.538876
32102: 0.538859
32103: 0.538843
32104: 0.538857
32105: 0.53884
32106: 0.538823
32107: 0.538838
32108: 0.538821
32109: 0.538835
32110: 0.53885
32111: 0.538833
32112: 0.538816
32113: 0.53883
32114: 0.538814
32115: 0.538797
32116: 0.538811
32117: 0.538826
32118: 0.538809
32119: 0.538823
32120: 0.538806
32121: 0.538821
32122: 0.538835
32123: 0.538818
32124: 0.538802
32125: 0.538785
32126: 0.538799
32127: 0.538782
32128: 0.538797
32129: 0.538811
32130: 0.538825
32131: 0.538809
32132: 0.538792
32133: 0.538775
32134: 0.538758
32135: 0.538742
32136: 0.538756
32137: 0.53877
32138: 0.538754
32139: 0.538737
32140: 0.538751
32141: 0.538734
32142: 0.538718
32143: 0.538701
32144: 0.538715
32145: 0.538698
32146: 0.538682
32147: 0.538665
32148: 0.538679
32149: 0.538663
32150: 0.538677
32151: 0.53866
32152: 0.538674
32153: 0.538658
32154: 0.538672
32155: 0.538686
32156: 0.53867
32157: 0.538684
32158: 0.538667
32159: 0.53865
32160: 0.538665
32161: 0.538679
32162: 0.538694
32163: 0.538708
32164: 0.538722
32165: 0.538737
32166: 0.538751
32167: 0.538765
32168: 0.538748
32169: 0.538732
32170: 0.538746
32171: 0.538729
32172: 0.538744
32173: 0.538727
32174: 0.53871
32175: 0.538725
32176: 0.538739
32177: 0.538753
32178: 0.538768
32179: 0.538751
32180: 0.538765
32181: 0.538779
32182: 0.538794
32183: 0.538808
32184: 0.538822
32185: 0.538837
32186: 0.538851
32187: 0.538834
32188: 0.538849
32189: 0.538832
32190: 0.538815
32191: 0.538798
32192: 0.538782
32193: 0.538765
32194: 0.538748
32195: 0.538732
32196: 0.538715
32197: 0.538698
32198: 0.538681
32199: 0.538665
32200: 0.538648
32201: 0.538662
32202: 0.538677
32203: 0.53866
32204: 0.538643
32205: 0.538626
32206: 0.53861
32207: 0.538593
32208: 0.538607
32209: 0.538622
32210: 0.538636
32211: 0.53865
32212: 0.538665
32213: 0.538679
32214: 0.538693
32215: 0.538707
32216: 0.538722
32217: 0.538705
32218: 0.538688
32219: 0.538672
32220: 0.538655
32221: 0.538669
32222: 0.538684
32223: 0.538698
32224: 0.538712
32225: 0.538726
32226: 0.53871
32227: 0.538693
32228: 0.538676
32229: 0.538691
32230: 0.538705
32231: 0.538719
32232: 0.538703
32233: 0.538686
32234: 0.5387
32235: 0.538683
32236: 0.538667
32237: 0.53865
32238: 0.538664
32239: 0.538679
32240: 0.538662
32241: 0.538645
32242: 0.53866
32243: 0.538674
32244: 0.538688
32245: 0.538702
32246: 0.538686
32247: 0.5387
32248: 0.538714
32249: 0.538729
32250: 0.538712
32251: 0.538726
32252: 0.538741
32253: 0.538724
32254: 0.538738
32255: 0.538721
32256: 0.538736
32257: 0.538719
32258: 0.538733
32259: 0.538717
32260: 0.538731
32261: 0.538714
32262: 0.538729
32263: 0.538712
32264: 0.538726
32265: 0.53874
32266: 0.538755
32267: 0.538769
32268: 0.538783
32269: 0.538767
32270: 0.53875
32271: 0.538733
32272: 0.538748
32273: 0.538762
32274: 0.538776
32275: 0.53879
32276: 0.538774
32277: 0.538788
32278: 0.538771
32279: 0.538786
32280: 0.5388
32281: 0.538783
32282: 0.538798
32283: 0.538812
32284: 0.538826
32285: 0.53884
32286: 0.538855
32287: 0.538869
32288: 0.538883
32289: 0.538897
32290: 0.538881
32291: 0.538895
32292: 0.538878
32293: 0.538893
32294: 0.538907
32295: 0.53889
32296: 0.538874
32297: 0.538857
32298: 0.538871
32299: 0.538885
32300: 0.5389
32301: 0.538914
32302: 0.538928
32303: 0.538912
32304: 0.538926
32305: 0.538909
32306: 0.538923
32307: 0.538938
32308: 0.538952
32309: 0.538935
32310: 0.538919
32311: 0.538902
32312: 0.538916
32313: 0.5389
32314: 0.538914
32315: 0.538928
32316: 0.538942
32317: 0.538926
32318: 0.53894
32319: 0.538923
32320: 0.538938
32321: 0.538921
32322: 0.538904
32323: 0.538888
32324: 0.538902
32325: 0.538885
32326: 0.538868
32327: 0.538883
32328: 0.538866
32329: 0.53888
32330: 0.538864
32331: 0.538878
32332: 0.538861
32333: 0.538845
32334: 0.538828
32335: 0.538842
32336: 0.538856
32337: 0.53884
32338: 0.538823
32339: 0.538806
32340: 0.538821
32341: 0.538804
32342: 0.538787
32343: 0.538802
32344: 0.538785
32345: 0.538768
32346: 0.538783
32347: 0.538797
32348: 0.53878
32349: 0.538764
32350: 0.538747
32351: 0.53873
32352: 0.538744
32353: 0.538728
32354: 0.538711
32355: 0.538695
32356: 0.538709
32357: 0.538692
32358: 0.538675
32359: 0.538659
32360: 0.538673
32361: 0.538687
32362: 0.538702
32363: 0.538716
32364: 0.53873
32365: 0.538713
32366: 0.538697
32367: 0.538711
32368: 0.538694
32369: 0.538678
32370: 0.538661
32371: 0.538645
32372: 0.538659
32373: 0.538642
32374: 0.538656
32375: 0.53864
32376: 0.538623
32377: 0.538637
32378: 0.538652
32379: 0.538635
32380: 0.538618
32381: 0.538633
32382: 0.538647
32383: 0.538661
32384: 0.538644
32385: 0.538628
32386: 0.538642
32387: 0.538656
32388: 0.538671
32389: 0.538685
32390: 0.538668
32391: 0.538652
32392: 0.538635
32393: 0.538618
32394: 0.538602
32395: 0.538616
32396: 0.538599
32397: 0.538583
32398: 0.538597
32399: 0.53858
32400: 0.538594
32401: 0.538609
32402: 0.538623
32403: 0.538637
32404: 0.538621
32405: 0.538635
32406: 0.538649
32407: 0.538632
32408: 0.538616
32409: 0.538599
32410: 0.538583
32411: 0.538566
32412: 0.53858
32413: 0.538594
32414: 0.538578
32415: 0.538561
32416: 0.538575
32417: 0.538559
32418: 0.538542
32419: 0.538526
32420: 0.53854
32421: 0.538523
32422: 0.538507
32423: 0.53849
32424: 0.538504
32425: 0.538488
32426: 0.538502
32427: 0.538516
32428: 0.53853
32429: 0.538514
32430: 0.538497
32431: 0.538481
32432: 0.538495
32433: 0.538478
32434: 0.538462
32435: 0.538476
32436: 0.538459
32437: 0.538443
32438: 0.538426
32439: 0.53844
32440: 0.538424
32441: 0.538407
32442: 0.53839
32443: 0.538405
32444: 0.538388
32445: 0.538402
32446: 0.538386
32447: 0.5384
32448: 0.538383
32449: 0.538367
32450: 0.53835
32451: 0.538334
32452: 0.538348
32453: 0.538331
32454: 0.538345
32455: 0.538329
32456: 0.538312
32457: 0.538326
32458: 0.538341
32459: 0.538355
32460: 0.538338
32461: 0.538353
32462: 0.538367
32463: 0.538381
32464: 0.538395
32465: 0.538409
32466: 0.538393
32467: 0.538407
32468: 0.53839
32469: 0.538374
32470: 0.538388
32471: 0.538402
32472: 0.538417
32473: 0.5384
32474: 0.538414
32475: 0.538428
32476: 0.538412
32477: 0.538395
32478: 0.538379
32479: 0.538362
32480: 0.538376
32481: 0.53839
32482: 0.538405
32483: 0.538388
32484: 0.538372
32485: 0.538355
32486: 0.538369
32487: 0.538383
32488: 0.538367
32489: 0.538381
32490: 0.538395
32491: 0.538409
32492: 0.538393
32493: 0.538407
32494: 0.538421
32495: 0.538405
32496: 0.538419
32497: 0.538402
32498: 0.538386
32499: 0.5384
32500: 0.538414
32501: 0.538428
32502: 0.538412
32503: 0.538395
32504: 0.538409
32505: 0.538424
32506: 0.538407
32507: 0.538391
32508: 0.538374
32509: 0.538388
32510: 0.538402
32511: 0.538386
32512: 0.5384
32513: 0.538383
32514: 0.538367
32515: 0.53835
32516: 0.538365
32517: 0.538379
32518: 0.538393
32519: 0.538407
32520: 0.538421
32521: 0.538405
32522: 0.538388
32523: 0.538402
32524: 0.538417
32525: 0.5384
32526: 0.538414
32527: 0.538428
32528: 0.538443
32529: 0.538457
32530: 0.53844
32531: 0.538424
32532: 0.538438
32533: 0.538421
32534: 0.538436
32535: 0.53845
32536: 0.538464
32537: 0.538478
32538: 0.538492
32539: 0.538506
32540: 0.538521
32541: 0.538535
32542: 0.538518
32543: 0.538532
32544: 0.538547
32545: 0.53853
32546: 0.538544
32547: 0.538528
32548: 0.538511
32549: 0.538495
32550: 0.538478
32551: 0.538492
32552: 0.538506
32553: 0.53849
32554: 0.538473
32555: 0.538488
32556: 0.538502
32557: 0.538485
32558: 0.538499
32559: 0.538483
32560: 0.538466
32561: 0.53848
32562: 0.538495
32563: 0.538478
32564: 0.538462
32565: 0.538476
32566: 0.53849
32567: 0.538504
32568: 0.538518
32569: 0.538502
32570: 0.538516
32571: 0.538499
32572: 0.538483
32573: 0.538466
32574: 0.53848
32575: 0.538464
32576: 0.538447
32577: 0.538462
32578: 0.538476
32579: 0.538459
32580: 0.538473
32581: 0.538488
32582: 0.538471
32583: 0.538485
32584: 0.538469
32585: 0.538452
32586: 0.538466
32587: 0.53845
32588: 0.538433
32589: 0.538447
32590: 0.538431
32591: 0.538414
32592: 0.538428
32593: 0.538443
32594: 0.538457
32595: 0.53844
32596: 0.538454
32597: 0.538469
32598: 0.538483
32599: 0.538497
32600: 0.53848
32601: 0.538495
32602: 0.538509
32603: 0.538523
32604: 0.538506
32605: 0.538521
32606: 0.538504
32607: 0.538518
32608: 0.538502
32609: 0.538485
32610: 0.538469
32611: 0.538483
32612: 0.538497
32613: 0.53848
32614: 0.538495
32615: 0.538509
32616: 0.538523
32617: 0.538537
32618: 0.53852
32619: 0.538535
32620: 0.538549
32621: 0.538563
32622: 0.538546
32623: 0.538561
32624: 0.538544
32625: 0.538558
32626: 0.538572
32627: 0.538586
32628: 0.538601
32629: 0.538584
32630: 0.538598
32631: 0.538582
32632: 0.538596
32633: 0.538579
32634: 0.538594
32635: 0.538608
32636: 0.538622
32637: 0.538605
32638: 0.538619
32639: 0.538634
32640: 0.538648
32641: 0.538662
32642: 0.538676
32643: 0.53869
32644: 0.538674
32645: 0.538657
32646: 0.538671
32647: 0.538655
32648: 0.538669
32649: 0.538652
32650: 0.538636
32651: 0.53865
32652: 0.538634
32653: 0.538648
32654: 0.538631
32655: 0.538645
32656: 0.538629
32657: 0.538612
32658: 0.538596
32659: 0.538579
32660: 0.538563
32661: 0.538577
32662: 0.538591
32663: 0.538605
32664: 0.538619
32665: 0.538633
32666: 0.538617
32667: 0.538631
32668: 0.538615
32669: 0.538629
32670: 0.538612
32671: 0.538626
32672: 0.53864
32673: 0.538624
32674: 0.538638
32675: 0.538652
32676: 0.538636
32677: 0.53865
32678: 0.538664
32679: 0.538647
32680: 0.538662
32681: 0.538676
32682: 0.53869
32683: 0.538673
32684: 0.538657
32685: 0.538671
32686: 0.538685
32687: 0.538669
32688: 0.538683
32689: 0.538666
32690: 0.53865
32691: 0.538633
32692: 0.538617
32693: 0.538631
32694: 0.538614
32695: 0.538629
32696: 0.538643
32697: 0.538626
32698: 0.53861
32699: 0.538624
32700: 0.538607
32701: 0.538591
32702: 0.538574
32703: 0.538558
32704: 0.538542
32705: 0.538525
32706: 0.538509
32707: 0.538523
32708: 0.538537
32709: 0.53852
32710: 0.538534
32711: 0.538518
32712: 0.538502
32713: 0.538516
32714: 0.53853
32715: 0.538544
32716: 0.538558
32717: 0.538572
32718: 0.538556
32719: 0.538539
32720: 0.538553
32721: 0.538537
32722: 0.53852
32723: 0.538504
32724: 0.538487
32725: 0.538501
32726: 0.538516
32727: 0.53853
32728: 0.538513
32729: 0.538497
32730: 0.538511
32731: 0.538494
32732: 0.538478
32733: 0.538462
32734: 0.538445
32735: 0.538459
32736: 0.538443
32737: 0.538426
32738: 0.53844
32739: 0.538454
32740: 0.538469
32741: 0.538483
32742: 0.538497
32743: 0.53848
32744: 0.538464
32745: 0.538447
32746: 0.538462
32747: 0.538476
32748: 0.538459
32749: 0.538443
32750: 0.538457
32751: 0.53844
32752: 0.538424
32753: 0.538408
32754: 0.538422
32755: 0.538405
32756: 0.538389
32757: 0.538372
32758: 0.538356
32759: 0.538339
32760: 0.538354
32761: 0.538337
32762: 0.538321
32763: 0.538335
32764: 0.538318
32765: 0.538302
32766: 0.538316
32767: 0.5383
32768: 0.538283
32769: 0.538297
32770: 0.538311
32771: 0.538295
32772: 0.538309
32773: 0.538323
32774: 0.538307
32775: 0.53829
32776: 0.538304
32777: 0.538318
32778: 0.538302
32779: 0.538286
32780: 0.538269
32781: 0.538253
32782: 0.538236
32783: 0.53822
32784: 0.538203
32785: 0.538187
32786: 0.538201
32787: 0.538215
32788: 0.538229
32789: 0.538243
32790: 0.538227
32791: 0.538211
32792: 0.538194
32793: 0.538178
32794: 0.538161
32795: 0.538145
32796: 0.538159
32797: 0.538143
32798: 0.538126
32799: 0.53814
32800: 0.538154
32801: 0.538138
32802: 0.538122
32803: 0.538105
32804: 0.538119
32805: 0.538133
32806: 0.538117
32807: 0.5381
32808: 0.538084
32809: 0.538068
32810: 0.538051
32811: 0.538035
32812: 0.538018
32813: 0.538033
32814: 0.538047
32815: 0.53803
32816: 0.538044
32817: 0.538058
32818: 0.538072
32819: 0.538056
32820: 0.53804
32821: 0.538023
32822: 0.538007
32823: 0.538021
32824: 0.538005
32825: 0.538019
32826: 0.538033
32827: 0.538016
32828: 0.53803
32829: 0.538044
32830: 0.538059
32831: 0.538042
32832: 0.538056
32833: 0.53804
32834: 0.538023
32835: 0.538007
32836: 0.537991
32837: 0.538005
32838: 0.537988
32839: 0.537972
32840: 0.537986
32841: 0.538
32842: 0.537984
32843: 0.537998
32844: 0.538012
32845: 0.538026
32846: 0.53804
32847: 0.538024
32848: 0.538038
32849: 0.538052
32850: 0.538066
32851: 0.538049
32852: 0.538063
32853: 0.538078
32854: 0.538092
32855: 0.538106
32856: 0.53812
32857: 0.538134
32858: 0.538148
32859: 0.538131
32860: 0.538146
32861: 0.538129
32862: 0.538113
32863: 0.538096
32864: 0.53808
32865: 0.538094
32866: 0.538108
32867: 0.538122
32868: 0.538136
32869: 0.53815
32870: 0.538134
32871: 0.538148
32872: 0.538162
32873: 0.538176
32874: 0.53819
32875: 0.538204
32876: 0.538218
32877: 0.538232
32878: 0.538216
32879: 0.53823
32880: 0.538214
32881: 0.538197
32882: 0.538181
32883: 0.538164
32884: 0.538179
32885: 0.538162
32886: 0.538146
32887: 0.53816
32888: 0.538143
32889: 0.538157
32890: 0.538141
32891: 0.538125
32892: 0.538139
32893: 0.538122
32894: 0.538136
32895: 0.538151
32896: 0.538165
32897: 0.538179
32898: 0.538193
32899: 0.538176
32900: 0.53819
32901: 0.538204
32902: 0.538218
32903: 0.538232
32904: 0.538216
32905: 0.53823
32906: 0.538244
32907: 0.538258
32908: 0.538242
32909: 0.538256
32910: 0.538239
32911: 0.538223
32912: 0.538207
32913: 0.53819
32914: 0.538204
32915: 0.538188
32916: 0.538172
32917: 0.538155
32918: 0.538139
32919: 0.538153
32920: 0.538137
32921: 0.538151
32922: 0.538165
32923: 0.538148
32924: 0.538162
32925: 0.538146
32926: 0.53813
32927: 0.538144
32928: 0.538127
32929: 0.538111
32930: 0.538125
32931: 0.538139
32932: 0.538153
32933: 0.538137
32934: 0.538151
32935: 0.538165
32936: 0.538179
32937: 0.538193
32938: 0.538177
32939: 0.53816
32940: 0.538174
32941: 0.538158
32942: 0.538172
32943: 0.538156
32944: 0.538139
32945: 0.538153
32946: 0.538137
32947: 0.538151
32948: 0.538165
32949: 0.538149
32950: 0.538132
32951: 0.538116
32952: 0.5381
32953: 0.538083
32954: 0.538067
32955: 0.538081
32956: 0.538095
32957: 0.538079
32958: 0.538062
32959: 0.538076
32960: 0.53809
32961: 0.538074
32962: 0.538058
32963: 0.538041
32964: 0.538025
32965: 0.538039
32966: 0.538053
32967: 0.538037
32968: 0.538021
32969: 0.538004
32970: 0.537988
32971: 0.538002
32972: 0.537986
32973: 0.538
32974: 0.538014
32975: 0.537997
32976: 0.537981
32977: 0.537995
32978: 0.537979
32979: 0.537962
32980: 0.537946
32981: 0.53793
32982: 0.537913
32983: 0.537897
32984: 0.537911
32985: 0.537895
32986: 0.537909
32987: 0.537893
32988: 0.537876
32989: 0.53786
32990: 0.537844
32991: 0.537858
32992: 0.537872
32993: 0.537886
32994: 0.537869
32995: 0.537883
32996: 0.537897
32997: 0.537881
32998: 0.537895
32999: 0.537909
33000: 0.537893
33001: 0.537907
33002: 0.53789
33003: 0.537904
33004: 0.537918
33005: 0.537932
33006: 0.537946
33007: 0.53796
33008: 0.537944
33009: 0.537958
33010: 0.537972
33011: 0.537956
33012: 0.53797
33013: 0.537984
33014: 0.537998
33015: 0.537982
33016: 0.537965
33017: 0.537979
33018: 0.537963
33019: 0.537947
33020: 0.537961
33021: 0.537944
33022: 0.537928
33023: 0.537912
33024: 0.537926
33025: 0.53791
33026: 0.537924
33027: 0.537938
33028: 0.537921
33029: 0.537935
33030: 0.537949
33031: 0.537963
33032: 0.537977
33033: 0.537961
33034: 0.537975
33035: 0.537989
33036: 0.538003
33037: 0.538017
33038: 0.538031
33039: 0.538045
33040: 0.538029
33041: 0.538012
33042: 0.537996
33043: 0.53798
33044: 0.537994
33045: 0.538008
33046: 0.537991
33047: 0.538005
33048: 0.537989
33049: 0.537973
33050: 0.537956
33051: 0.53794
33052: 0.537954
33053: 0.537968
33054: 0.537952
33055: 0.537966
33056: 0.53795
33057: 0.537933
33058: 0.537947
33059: 0.537961
33060: 0.537975
33061: 0.537989
33062: 0.538003
33063: 0.537987
33064: 0.537971
33065: 0.537954
33066: 0.537968
33067: 0.537952
33068: 0.537966
33069: 0.53795
33070: 0.537964
33071: 0.537948
33072: 0.537961
33073: 0.537975
33074: 0.537959
33075: 0.537973
33076: 0.537987
33077: 0.538001
33078: 0.537985
33079: 0.537969
33080: 0.537952
33081: 0.537936
33082: 0.53795
33083: 0.537964
33084: 0.537978
33085: 0.537992
33086: 0.538006
33087: 0.53802
33088: 0.538004
33089: 0.537987
33090: 0.537971
33091: 0.537955
33092: 0.537969
33093: 0.537983
33094: 0.537966
33095: 0.53795
33096: 0.537934
33097: 0.537918
33098: 0.537901
33099: 0.537885
33100: 0.537869
33101: 0.537883
33102: 0.537867
33103: 0.53785
33104: 0.537834
33105: 0.537848
33106: 0.537862
33107: 0.537876
33108: 0.53789
33109: 0.537874
33110: 0.537888
33111: 0.537902
33112: 0.537885
33113: 0.537899
33114: 0.537883
33115: 0.537897
33116: 0.537911
33117: 0.537895
33118: 0.537909
33119: 0.537893
33120: 0.537906
33121: 0.53792
33122: 0.537904
33123: 0.537918
33124: 0.537902
33125: 0.537916
33126: 0.53793
33127: 0.537944
33128: 0.537958
33129: 0.537972
33130: 0.537955
33131: 0.537969
33132: 0.537953
33133: 0.537937
33134: 0.537921
33135: 0.537935
33136: 0.537918
33137: 0.537902
33138: 0.537886
33139: 0.5379
33140: 0.537914
33141: 0.537898
33142: 0.537881
33143: 0.537895
33144: 0.537909
33145: 0.537923
33146: 0.537937
33147: 0.537951
33148: 0.537935
33149: 0.537949
33150: 0.537963
33151: 0.537946
33152: 0.53796
33153: 0.537944
33154: 0.537928
33155: 0.537942
33156: 0.537956
33157: 0.53794
33158: 0.537923
33159: 0.537937
33160: 0.537951
33161: 0.537965
33162: 0.537979
33163: 0.537963
33164: 0.537947
33165: 0.53793
33166: 0.537944
33167: 0.537958
33168: 0.537942
33169: 0.537926
33170: 0.53794
33171: 0.537954
33172: 0.537968
33173: 0.537982
33174: 0.537965
33175: 0.537979
33176: 0.537993
33177: 0.537977
33178: 0.537961
33179: 0.537975
33180: 0.537989
33181: 0.537972
33182: 0.537956
33183: 0.53794
33184: 0.537954
33185: 0.537968
33186: 0.537952
33187: 0.537935
33188: 0.537919
33189: 0.537903
33190: 0.537917
33191: 0.537931
33192: 0.537945
33193: 0.537959
33194: 0.537973
33195: 0.537956
33196: 0.53797
33197: 0.537954
33198: 0.537968
33199: 0.537982
33200: 0.537966
33201: 0.53795
33202: 0.537933
33203: 0.537947
33204: 0.537961
33205: 0.537945
33206: 0.537959
33207: 0.537973
33208: 0.537957
33209: 0.53794
33210: 0.537954
33211: 0.537938
33212: 0.537952
33213: 0.537936
33214: 0.53792
33215: 0.537934
33216: 0.537917
33217: 0.537931
33218: 0.537915
33219: 0.537929
33220: 0.537913
33221: 0.537897
33222: 0.53791
33223: 0.537894
33224: 0.537878
33225: 0.537862
33226: 0.537876
33227: 0.53786
33228: 0.537874
33229: 0.537887
33230: 0.537871
33231: 0.537855
33232: 0.537869
33233: 0.537883
33234: 0.537867
33235: 0.537881
33236: 0.537864
33237: 0.537848
33238: 0.537832
33239: 0.537816
33240: 0.5378
33241: 0.537814
33242: 0.537828
33243: 0.537841
33244: 0.537855
33245: 0.537869
33246: 0.537853
33247: 0.537837
33248: 0.537851
33249: 0.537835
33250: 0.537818
33251: 0.537832
33252: 0.537846
33253: 0.53786
33254: 0.537874
33255: 0.537888
33256: 0.537872
33257: 0.537886
33258: 0.5379
33259: 0.537913
33260: 0.537897
33261: 0.537911
33262: 0.537895
33263: 0.537909
33264: 0.537923
33265: 0.537907
33266: 0.53789
33267: 0.537874
33268: 0.537888
33269: 0.537902
33270: 0.537886
33271: 0.5379
33272: 0.537914
33273: 0.537897
33274: 0.537911
33275: 0.537925
33276: 0.537909
33277: 0.537893
33278: 0.537877
33279: 0.537861
33280: 0.537874
33281: 0.537888
33282: 0.537902
33283: 0.537916
33284: 0.53793
33285: 0.537944
33286: 0.537928
33287: 0.537942
33288: 0.537955
33289: 0.537939
33290: 0.537923
33291: 0.537907
33292: 0.537891
33293: 0.537905
33294: 0.537889
33295: 0.537872
33296: 0.537856
33297: 0.53787
33298: 0.537884
33299: 0.537898
33300: 0.537882
33301: 0.537866
33302: 0.537879
33303: 0.537863
33304: 0.537877
33305: 0.537891
33306: 0.537905
33307: 0.537889
33308: 0.537903
33309: 0.537887
33310: 0.5379
33311: 0.537884
33312: 0.537898
33313: 0.537882
33314: 0.537866
33315: 0.53785
33316: 0.537834
33317: 0.537817
33318: 0.537831
33319: 0.537815
33320: 0.537829
33321: 0.537843
33322: 0.537827
33323: 0.537841
33324: 0.537824
33325: 0.537808
33326: 0.537822
33327: 0.537806
33328: 0.53782
33329: 0.537804
33330: 0.537788
33331: 0.537772
33332: 0.537785
33333: 0.537799
33334: 0.537783
33335: 0.537797
33336: 0.537781
33337: 0.537795
33338: 0.537809
33339: 0.537792
33340: 0.537776
33341: 0.53776
33342: 0.537774
33343: 0.537788
33344: 0.537802
33345: 0.537786
33346: 0.53777
33347: 0.537783
33348: 0.537767
33349: 0.537781
33350: 0.537795
33351: 0.537809
33352: 0.537823
33353: 0.537837
33354: 0.53782
33355: 0.537804
33356: 0.537818
33357: 0.537802
33358: 0.537786
33359: 0.53777
33360: 0.537754
33361: 0.537738
33362: 0.537721
33363: 0.537705
33364: 0.537689
33365: 0.537703
33366: 0.537717
33367: 0.537731
33368: 0.537745
33369: 0.537728
33370: 0.537742
33371: 0.537756
33372: 0.53774
33373: 0.537754
33374: 0.537768
33375: 0.537782
33376: 0.537795
33377: 0.537779
33378: 0.537793
33379: 0.537777
33380: 0.537791
33381: 0.537805
33382: 0.537819
33383: 0.537832
33384: 0.537816
33385: 0.53783
33386: 0.537844
33387: 0.537858
33388: 0.537842
33389: 0.537856
33390: 0.53784
33391: 0.537823
33392: 0.537807
33393: 0.537821
33394: 0.537835
33395: 0.537849
33396: 0.537863
33397: 0.537877
33398: 0.53789
33399: 0.537904
33400: 0.537918
33401: 0.537932
33402: 0.537946
33403: 0.53796
33404: 0.537943
33405: 0.537927
33406: 0.537911
33407: 0.537925
33408: 0.537939
33409: 0.537953
33410: 0.537967
33411: 0.53798
33412: 0.537994
33413: 0.537978
33414: 0.537962
33415: 0.537946
33416: 0.53793
33417: 0.537944
33418: 0.537957
33419: 0.537941
33420: 0.537925
33421: 0.537909
33422: 0.537893
33423: 0.537907
33424: 0.537921
33425: 0.537935
33426: 0.537918
33427: 0.537902
33428: 0.537916
33429: 0.53793
33430: 0.537914
33431: 0.537898
33432: 0.537882
33433: 0.537896
33434: 0.537879
33435: 0.537863
33436: 0.537877
33437: 0.537861
33438: 0.537875
33439: 0.537889
33440: 0.537873
33441: 0.537886
33442: 0.53787
33443: 0.537854
33444: 0.537838
33445: 0.537822
33446: 0.537836
33447: 0.53782
33448: 0.537804
33449: 0.537818
33450: 0.537802
33451: 0.537785
33452: 0.537799
33453: 0.537783
33454: 0.537797
33455: 0.537811
33456: 0.537795
33457: 0.537779
33458: 0.537793
33459: 0.537806
33460: 0.53782
33461: 0.537804
33462: 0.537818
33463: 0.537802
33464: 0.537786
33465: 0.5378
33466: 0.537813
33467: 0.537797
33468: 0.537811
33469: 0.537795
33470: 0.537809
33471: 0.537793
33472: 0.537777
33473: 0.537791
33474: 0.537774
33475: 0.537788
33476: 0.537772
33477: 0.537786
33478: 0.53777
33479: 0.537754
33480: 0.537738
33481: 0.537752
33482: 0.537736
33483: 0.53772
33484: 0.537703
33485: 0.537717
33486: 0.537701
33487: 0.537685
33488: 0.537669
33489: 0.537683
33490: 0.537697
33491: 0.53771
33492: 0.537694
33493: 0.537708
33494: 0.537722
33495: 0.537736
33496: 0.53772
33497: 0.537734
33498: 0.537747
33499: 0.537731
33500: 0.537745
33501: 0.537729
33502: 0.537743
33503: 0.537727
33504: 0.537711
33505: 0.537695
33506: 0.537679
33507: 0.537663
33508: 0.537676
33509: 0.53766
33510: 0.537674
33511: 0.537688
33512: 0.537702
33513: 0.537716
33514: 0.5377
33515: 0.537683
33516: 0.537697
33517: 0.537711
33518: 0.537725
33519: 0.537709
33520: 0.537723
33521: 0.537707
33522: 0.53772
33523: 0.537734
33524: 0.537748
33525: 0.537762
33526: 0.537746
33527: 0.537759
33528: 0.537773
33529: 0.537757
33530: 0.537771
33531: 0.537785
33532: 0.537769
33533: 0.537753
33534: 0.537737
33535: 0.53775
33536: 0.537734
33537: 0.537748
33538: 0.537762
33539: 0.537776
33540: 0.53776
33541: 0.537744
33542: 0.537728
33543: 0.537741
33544: 0.537725
33545: 0.537709
33546: 0.537723
33547: 0.537737
33548: 0.537721
33549: 0.537735
33550: 0.537719
33551: 0.537703
33552: 0.537716
33553: 0.53773
33554: 0.537714
33555: 0.537698
33556: 0.537682
33557: 0.537666
33558: 0.53765
33559: 0.537634
33560: 0.537618
33561: 0.537632
33562: 0.537646
33563: 0.537659
33564: 0.537643
33565: 0.537657
33566: 0.537671
33567: 0.537685
33568: 0.537669
33569: 0.537653
33570: 0.537637
33571: 0.53765
33572: 0.537664
33573: 0.537678
33574: 0.537692
33575: 0.537706
33576: 0.537689
33577: 0.537673
33578: 0.537657
33579: 0.537641
33580: 0.537655
33581: 0.537669
33582: 0.537683
33583: 0.537667
33584: 0.537651
33585: 0.537665
33586: 0.537678
33587: 0.537692
33588: 0.537706
33589: 0.53772
33590: 0.537704
33591: 0.537688
33592: 0.537701
33593: 0.537685
33594: 0.537699
33595: 0.537683
33596: 0.537697
33597: 0.537681
33598: 0.537665
33599: 0.537679
33600: 0.537692
33601: 0.537706
33602: 0.53769
33603: 0.537674
33604: 0.537688
33605: 0.537702
33606: 0.537686
33607: 0.537699
33608: 0.537713
33609: 0.537727
33610: 0.537741
33611: 0.537754
33612: 0.537768
33613: 0.537752
33614: 0.537736
33615: 0.53775
33616: 0.537734
33617: 0.537748
33618: 0.537761
33619: 0.537745
33620: 0.537759
33621: 0.537773
33622: 0.537787
33623: 0.5378
33624: 0.537814
33625: 0.537798
33626: 0.537782
33627: 0.537796
33628: 0.53778
33629: 0.537764
33630: 0.537748
33631: 0.537732
33632: 0.537746
33633: 0.53773
33634: 0.537714
33635: 0.537698
33636: 0.537711
33637: 0.537695
33638: 0.537709
33639: 0.537693
33640: 0.537677
33641: 0.537691
33642: 0.537705
33643: 0.537718
33644: 0.537732
33645: 0.537716
33646: 0.5377
33647: 0.537684
33648: 0.537698
33649: 0.537712
33650: 0.537725
33651: 0.537709
33652: 0.537694
33653: 0.537678
33654: 0.537691
33655: 0.537705
33656: 0.537689
33657: 0.537703
33658: 0.537717
33659: 0.53773
33660: 0.537714
33661: 0.537728
33662: 0.537742
33663: 0.537755
33664: 0.537769
33665: 0.537753
33666: 0.537767
33667: 0.537781
33668: 0.537794
33669: 0.537808
33670: 0.537822
33671: 0.537836
33672: 0.537849
33673: 0.537863
33674: 0.537847
33675: 0.537861
33676: 0.537845
33677: 0.537829
33678: 0.537813
33679: 0.537827
33680: 0.537811
33681: 0.537824
33682: 0.537838
33683: 0.537852
33684: 0.537836
33685: 0.53782
33686: 0.537804
33687: 0.537818
33688: 0.537831
33689: 0.537815
33690: 0.537829
33691: 0.537843
33692: 0.537857
33693: 0.537841
33694: 0.537825
33695: 0.537838
33696: 0.537822
33697: 0.537836
33698: 0.53782
33699: 0.537834
33700: 0.537848
33701: 0.537832
33702: 0.537845
33703: 0.537859
33704: 0.537843
33705: 0.537827
33706: 0.537841
33707: 0.537825
33708: 0.537809
33709: 0.537793
33710: 0.537807
33711: 0.53782
33712: 0.537804
33713: 0.537818
33714: 0.537832
33715: 0.537846
33716: 0.53783
33717: 0.537843
33718: 0.537857
33719: 0.537871
33720: 0.537884
33721: 0.537868
33722: 0.537853
33723: 0.537837
33724: 0.537821
33725: 0.537805
33726: 0.537789
33727: 0.537773
33728: 0.537757
33729: 0.537741
33730: 0.537725
33731: 0.537739
33732: 0.537752
33733: 0.537766
33734: 0.53775
33735: 0.537734
33736: 0.537748
33737: 0.537732
33738: 0.537746
33739: 0.537759
33740: 0.537773
33741: 0.537757
33742: 0.537741
33743: 0.537725
33744: 0.537709
33745: 0.537693
33746: 0.537677
33747: 0.537691
33748: 0.537675
33749: 0.537659
33750: 0.537643
33751: 0.537657
33752: 0.537671
33753: 0.537655
33754: 0.537668
33755: 0.537682
33756: 0.537696
33757: 0.53768
33758: 0.537664
33759: 0.537678
33760: 0.537691
33761: 0.537705
33762: 0.537719
33763: 0.537703
33764: 0.537717
33765: 0.53773
33766: 0.537714
33767: 0.537728
33768: 0.537712
33769: 0.537726
33770: 0.537739
33771: 0.537753
33772: 0.537737
33773: 0.537751
33774: 0.537765
33775: 0.537778
33776: 0.537792
33777: 0.537806
33778: 0.53779
33779: 0.537774
33780: 0.537758
33781: 0.537772
33782: 0.537785
33783: 0.537769
33784: 0.537753
33785: 0.537767
33786: 0.537781
33787: 0.537765
33788: 0.537749
33789: 0.537733
33790: 0.537717
33791: 0.537701
33792: 0.537715
33793: 0.537699
33794: 0.537683
33795: 0.537697
33796: 0.53771
33797: 0.537724
33798: 0.537738
33799: 0.537751
33800: 0.537765
33801: 0.537779
33802: 0.537793
33803: 0.537777
33804: 0.537761
33805: 0.537745
33806: 0.537729
33807: 0.537743
33808: 0.537756
33809: 0.53774
33810: 0.537754
33811: 0.537738
33812: 0.537752
33813: 0.537765
33814: 0.53775
33815: 0.537734
33816: 0.537718
33817: 0.537731
33818: 0.537745
33819: 0.537759
33820: 0.537772
33821: 0.537756
33822: 0.537741
33823: 0.537754
33824: 0.537738
33825: 0.537752
33826: 0.537766
33827: 0.53775
33828: 0.537763
33829: 0.537777
33830: 0.537791
33831: 0.537804
33832: 0.537818
33833: 0.537832
33834: 0.537845
33835: 0.53783
33836: 0.537814
33837: 0.537798
33838: 0.537782
33839: 0.537766
33840: 0.53778
33841: 0.537793
33842: 0.537807
33843: 0.537791
33844: 0.537775
33845: 0.537789
33846: 0.537773
33847: 0.537757
33848: 0.537771
33849: 0.537755
33850: 0.537768
33851: 0.537782
33852: 0.537796
33853: 0.537809
33854: 0.537823
33855: 0.537807
33856: 0.537821
33857: 0.537805
33858: 0.537789
33859: 0.537803
33860: 0.537787
33861: 0.5378
33862: 0.537814
33863: 0.537798
33864: 0.537812
33865: 0.537826
33866: 0.537839
33867: 0.537823
33868: 0.537837
33869: 0.537821
33870: 0.537835
33871: 0.537819
33872: 0.537832
33873: 0.537817
33874: 0.537801
33875: 0.537785
33876: 0.537799
33877: 0.537812
33878: 0.537826
33879: 0.53781
33880: 0.537824
33881: 0.537808
33882: 0.537792
33883: 0.537805
33884: 0.537819
33885: 0.537803
33886: 0.537787
33887: 0.537771
33888: 0.537785
33889: 0.537799
33890: 0.537783
33891: 0.537797
33892: 0.53781
33893: 0.537824
33894: 0.537837
33895: 0.537822
33896: 0.537806
33897: 0.537819
33898: 0.537803
33899: 0.537817
33900: 0.537831
33901: 0.537844
33902: 0.537858
33903: 0.537872
33904: 0.537856
33905: 0.537869
33906: 0.537854
33907: 0.537838
33908: 0.537851
33909: 0.537865
33910: 0.537879
33911: 0.537863
33912: 0.537876
33913: 0.53789
33914: 0.537904
33915: 0.537917
33916: 0.537901
33917: 0.537885
33918: 0.53787
33919: 0.537854
33920: 0.537867
33921: 0.537852
33922: 0.537836
33923: 0.53782
33924: 0.537804
33925: 0.537818
33926: 0.537831
33927: 0.537815
33928: 0.537829
33929: 0.537843
33930: 0.537856
33931: 0.53784
33932: 0.537825
33933: 0.537838
33934: 0.537852
33935: 0.537865
33936: 0.53785
33937: 0.537834
33938: 0.537847
33939: 0.537831
33940: 0.537845
33941: 0.537859
33942: 0.537843
33943: 0.537856
33944: 0.53787
33945: 0.537854
33946: 0.537868
33947: 0.537881
33948: 0.537866
33949: 0.537879
33950: 0.537863
33951: 0.537848
33952: 0.537861
33953: 0.537845
33954: 0.537829
33955: 0.537814
33956: 0.537827
33957: 0.537811
33958: 0.537825
33959: 0.537809
33960: 0.537793
33961: 0.537807
33962: 0.537791
33963: 0.537775
33964: 0.537759
33965: 0.537773
33966: 0.537787
33967: 0.537771
33968: 0.537784
33969: 0.537769
33970: 0.537782
33971: 0.537766
33972: 0.53778
33973: 0.537794
33974: 0.537778
33975: 0.537791
33976: 0.537805
33977: 0.537819
33978: 0.537832
33979: 0.537816
33980: 0.53783
33981: 0.537814
33982: 0.537798
33983: 0.537782
33984: 0.537767
33985: 0.53778
33986: 0.537764
33987: 0.537749
33988: 0.537733
33989: 0.537746
33990: 0.537731
33991: 0.537744
33992: 0.537728
33993: 0.537742
33994: 0.537756
33995: 0.53774
33996: 0.537753
33997: 0.537767
33998: 0.537781
33999: 0.537794
34000: 0.537778
34001: 0.537792
34002: 0.537776
34003: 0.53776
34004: 0.537744
34005: 0.537729
34006: 0.537713
34007: 0.537726
34008: 0.53774
34009: 0.537754
34010: 0.537767
34011: 0.537751
34012: 0.537765
34013: 0.537779
34014: 0.537763
34015: 0.537747
34016: 0.537761
34017: 0.537774
34018: 0.537788
34019: 0.537801
34020: 0.537785
34021: 0.53777
34022: 0.537783
34023: 0.537767
34024: 0.537781
34025: 0.537795
34026: 0.537808
34027: 0.537822
34028: 0.537835
34029: 0.53782
34030: 0.537804
34031: 0.537817
34032: 0.537831
34033: 0.537815
34034: 0.537799
34035: 0.537813
34036: 0.537826
34037: 0.537811
34038: 0.537824
34039: 0.537838
34040: 0.537851
34041: 0.537836
34042: 0.53782
34043: 0.537804
34044: 0.537818
34045: 0.537831
34046: 0.537845
34047: 0.537829
34048: 0.537843
34049: 0.537856
34050: 0.53784
34051: 0.537825
34052: 0.537838
34053: 0.537852
34054: 0.537836
34055: 0.53782
34056: 0.537834
34057: 0.537847
34058: 0.537831
34059: 0.537845
34060: 0.537859
34061: 0.537872
34062: 0.537856
34063: 0.53787
34064: 0.537883
34065: 0.537897
34066: 0.537881
34067: 0.537865
34068: 0.537879
34069: 0.537863
34070: 0.537877
34071: 0.537861
34072: 0.537845
34073: 0.537829
34074: 0.537843
34075: 0.537857
34076: 0.53787
34077: 0.537884
34078: 0.537897
34079: 0.537911
34080: 0.537924
34081: 0.537909
34082: 0.537922
34083: 0.537936
34084: 0.537949
34085: 0.537933
34086: 0.537918
34087: 0.537902
34088: 0.537886
34089: 0.5379
34090: 0.537884
34091: 0.537868
34092: 0.537852
34093: 0.537837
34094: 0.53785
34095: 0.537834
34096: 0.537819
34097: 0.537832
34098: 0.537846
34099: 0.537859
34100: 0.537843
34101: 0.537828
34102: 0.537812
34103: 0.537825
34104: 0.53781
34105: 0.537794
34106: 0.537807
34107: 0.537821
34108: 0.537805
34109: 0.53779
34110: 0.537803
34111: 0.537817
34112: 0.53783
34113: 0.537814
34114: 0.537799
34115: 0.537783
34116: 0.537767
34117: 0.537781
34118: 0.537794
34119: 0.537808
34120: 0.537821
34121: 0.537835
34122: 0.537848
34123: 0.537862
34124: 0.537846
34125: 0.53786
34126: 0.537873
34127: 0.537857
34128: 0.537842
34129: 0.537855
34130: 0.537869
34131: 0.537853
34132: 0.537837
34133: 0.537822
34134: 0.537835
34135: 0.537819
34136: 0.537833
34137: 0.537846
34138: 0.53786
34139: 0.537844
34140: 0.537828
34141: 0.537813
34142: 0.537797
34143: 0.53781
34144: 0.537824
34145: 0.537838
34146: 0.537822
34147: 0.537806
34148: 0.53779
34149: 0.537775
34150: 0.537759
34151: 0.537772
34152: 0.537786
34153: 0.53777
34154: 0.537754
34155: 0.537768
34156: 0.537752
34157: 0.537736
34158: 0.537721
34159: 0.537705
34160: 0.537689
34161: 0.537703
34162: 0.537687
34163: 0.537671
34164: 0.537685
34165: 0.537669
34166: 0.537683
34167: 0.537696
34168: 0.53771
34169: 0.537694
34170: 0.537678
34171: 0.537692
34172: 0.537676
34173: 0.537689
34174: 0.537674
34175: 0.537687
34176: 0.537701
34177: 0.537714
34178: 0.537728
34179: 0.537741
34180: 0.537726
34181: 0.537739
34182: 0.537723
34183: 0.537708
34184: 0.537692
34185: 0.537676
34186: 0.537661
34187: 0.537674
34188: 0.537688
34189: 0.537672
34190: 0.537685
34191: 0.53767
34192: 0.537654
34193: 0.537667
34194: 0.537652
34195: 0.537636
34196: 0.53765
34197: 0.537663
34198: 0.537677
34199: 0.53769
34200: 0.537704
34201: 0.537688
34202: 0.537701
34203: 0.537686
34204: 0.537699
34205: 0.537713
34206: 0.537726
34207: 0.53774
34208: 0.537724
34209: 0.537738
34210: 0.537751
34211: 0.537765
34212: 0.537749
34213: 0.537733
34214: 0.537717
34215: 0.537702
34216: 0.537686
34217: 0.53767
34218: 0.537684
34219: 0.537697
34220: 0.537711
34221: 0.537695
34222: 0.537709
34223: 0.537722
34224: 0.537706
34225: 0.53772
34226: 0.537733
34227: 0.537747
34228: 0.53776
34229: 0.537745
34230: 0.537758
34231: 0.537742
34232: 0.537727
34233: 0.53774
34234: 0.537754
34235: 0.537767
34236: 0.537752
34237: 0.537736
34238: 0.53772
34239: 0.537734
34240: 0.537747
34241: 0.537761
34242: 0.537745
34243: 0.537758
34244: 0.537743
34245: 0.537727
34246: 0.537711
34247: 0.537725
34248: 0.537709
34249: 0.537693
34250: 0.537707
34251: 0.53772
34252: 0.537734
34253: 0.537747
34254: 0.537761
34255: 0.537774
34256: 0.537788
34257: 0.537801
34258: 0.537815
34259: 0.537828
34260: 0.537842
34261: 0.537826
34262: 0.53784
34263: 0.537824
34264: 0.537837
34265: 0.537822
34266: 0.537835
34267: 0.537849
34268: 0.537862
34269: 0.537876
34270: 0.53786
34271: 0.537844
34272: 0.537858
34273: 0.537842
34274: 0.537826
34275: 0.53784
34276: 0.537824
34277: 0.537838
34278: 0.537851
34279: 0.537865
34280: 0.537878
34281: 0.537892
34282: 0.537905
34283: 0.537919
34284: 0.537903
34285: 0.537887
34286: 0.537901
34287: 0.537885
34288: 0.537869
34289: 0.537854
34290: 0.537867
34291: 0.537851
34292: 0.537865
34293: 0.537878
34294: 0.537863
34295: 0.537876
34296: 0.53789
34297: 0.537874
34298: 0.537887
34299: 0.537872
34300: 0.537885
34301: 0.537899
34302: 0.537912
34303: 0.537926
34304: 0.537939
34305: 0.537923
34306: 0.537908
34307: 0.537892
34308: 0.537906
34309: 0.53789
34310: 0.537903
34311: 0.537917
34312: 0.53793
34313: 0.537944
34314: 0.537957
34315: 0.537941
34316: 0.537926
34317: 0.53791
34318: 0.537894
34319: 0.537908
34320: 0.537921
34321: 0.537935
34322: 0.537919
34323: 0.537904
34324: 0.537888
34325: 0.537901
34326: 0.537886
34327: 0.537899
34328: 0.537913
34329: 0.537897
34330: 0.537881
34331: 0.537895
34332: 0.537908
34333: 0.537922
34334: 0.537935
34335: 0.537919
34336: 0.537933
34337: 0.537946
34338: 0.53796
34339: 0.537944
34340: 0.537958
34341: 0.537942
34342: 0.537926
34343: 0.53794
34344: 0.537924
34345: 0.537937
34346: 0.537951
34347: 0.537964
34348: 0.537978
34349: 0.537991
34350: 0.537976
34351: 0.537989
34352: 0.538003
34353: 0.538016
34354: 0.538
34355: 0.538014
34356: 0.538027
34357: 0.538041
34358: 0.538054
34359: 0.538068
34360: 0.538081
34361: 0.538094
34362: 0.538108
34363: 0.538092
34364: 0.538106
34365: 0.538119
34366: 0.538103
34367: 0.538117
34368: 0.538101
34369: 0.538115
34370: 0.538128
34371: 0.538142
34372: 0.538126
34373: 0.538139
34374: 0.538153
34375: 0.538166
34376: 0.53818
34377: 0.538164
34378: 0.538148
34379: 0.538162
34380: 0.538146
34381: 0.53813
34382: 0.538115
34383: 0.538099
34384: 0.538083
34385: 0.538068
34386: 0.538081
34387: 0.538066
34388: 0.538079
34389: 0.538092
34390: 0.538106
34391: 0.53809
34392: 0.538104
34393: 0.538088
34394: 0.538101
34395: 0.538115
34396: 0.538099
34397: 0.538084
34398: 0.538068
34399: 0.538081
34400: 0.538095
34401: 0.538108
34402: 0.538122
34403: 0.538135
34404: 0.538119
34405: 0.538104
34406: 0.538088
34407: 0.538073
34408: 0.538086
34409: 0.538099
34410: 0.538113
34411: 0.538126
34412: 0.538111
34413: 0.538124
34414: 0.538108
34415: 0.538093
34416: 0.538077
34417: 0.538061
34418: 0.538046
34419: 0.538059
34420: 0.538044
34421: 0.538028
34422: 0.538012
34423: 0.537997
34424: 0.53801
34425: 0.537995
34426: 0.538008
34427: 0.538021
34428: 0.538006
34429: 0.538019
34430: 0.538033
34431: 0.538017
34432: 0.53803
34433: 0.538044
34434: 0.538057
34435: 0.538042
34436: 0.538026
34437: 0.538039
34438: 0.538053
34439: 0.538066
34440: 0.538051
34441: 0.538064
34442: 0.538077
34443: 0.538091
34444: 0.538075
34445: 0.538089
34446: 0.538102
34447: 0.538086
34448: 0.5381
34449: 0.538084
34450: 0.538069
34451: 0.538053
34452: 0.538037
34453: 0.538051
34454: 0.538064
34455: 0.538078
34456: 0.538091
34457: 0.538104
34458: 0.538089
34459: 0.538073
34460: 0.538087
34461: 0.538071
34462: 0.538055
34463: 0.538069
34464: 0.538082
34465: 0.538096
34466: 0.53808
34467: 0.538064
34468: 0.538078
34469: 0.538091
34470: 0.538104
34471: 0.538089
34472: 0.538102
34473: 0.538116
34474: 0.538129
34475: 0.538142
34476: 0.538156
34477: 0.538169
34478: 0.538183
34479: 0.538167
34480: 0.538151
34481: 0.538136
34482: 0.538149
34483: 0.538134
34484: 0.538118
34485: 0.538102
34486: 0.538087
34487: 0.538071
34488: 0.538085
34489: 0.538098
34490: 0.538082
34491: 0.538096
34492: 0.53808
34493: 0.538065
34494: 0.538078
34495: 0.538091
34496: 0.538076
34497: 0.53806
34498: 0.538074
34499: 0.538087
34500: 0.538071
34501: 0.538085
34502: 0.538069
34503: 0.538083
34504: 0.538096
34505: 0.538109
34506: 0.538094
34507: 0.538107
34508: 0.53812
34509: 0.538105
34510: 0.538089
34511: 0.538074
34512: 0.538087
34513: 0.5381
34514: 0.538114
34515: 0.538098
34516: 0.538112
34517: 0.538096
34518: 0.53808
34519: 0.538065
34520: 0.538049
34521: 0.538063
34522: 0.538047
34523: 0.53806
34524: 0.538074
34525: 0.538058
34526: 0.538043
34527: 0.538056
34528: 0.53804
34529: 0.538054
34530: 0.538067
34531: 0.538052
34532: 0.538065
34533: 0.538078
34534: 0.538092
34535: 0.538076
34536: 0.538061
34537: 0.538045
34538: 0.538029
34539: 0.538014
34540: 0.537998
34541: 0.537983
34542: 0.537996
34543: 0.538009
34544: 0.538023
34545: 0.538036
34546: 0.53805
34547: 0.538063
34548: 0.538047
34549: 0.538032
34550: 0.538045
34551: 0.538059
34552: 0.538043
34553: 0.538027
34554: 0.538041
34555: 0.538054
34556: 0.538068
34557: 0.538052
34558: 0.538036
34559: 0.53805
34560: 0.538063
34561: 0.538048
34562: 0.538061
34563: 0.538074
34564: 0.538059
34565: 0.538072
34566: 0.538057
34567: 0.53807
34568: 0.538054
34569: 0.538039
34570: 0.538052
34571: 0.538065
34572: 0.538079
34573: 0.538063
34574: 0.538077
34575: 0.53809
34576: 0.538074
34577: 0.538088
34578: 0.538072
34579: 0.538057
34580: 0.538041
34581: 0.538026
34582: 0.53801
34583: 0.538023
34584: 0.538008
34585: 0.537992
34586: 0.537977
34587: 0.537961
34588: 0.537946
34589: 0.53793
34590: 0.537943
34591: 0.537928
34592: 0.537912
34593: 0.537897
34594: 0.53791
34595: 0.537895
34596: 0.537908
34597: 0.537892
34598: 0.537906
34599: 0.53789
34600: 0.537875
34601: 0.537859
34602: 0.537872
34603: 0.537886
34604: 0.53787
34605: 0.537884
34606: 0.537868
34607: 0.537881
34608: 0.537895
34609: 0.537908
34610: 0.537893
34611: 0.537906
34612: 0.537919
34613: 0.537904
34614: 0.537917
34615: 0.53793
34616: 0.537915
34617: 0.537899
34618: 0.537913
34619: 0.537897
34620: 0.537911
34621: 0.537895
34622: 0.537879
34623: 0.537864
34624: 0.537877
34625: 0.537862
34626: 0.537875
34627: 0.53786
34628: 0.537873
34629: 0.537886
34630: 0.5379
34631: 0.537913
34632: 0.537897
34633: 0.537911
34634: 0.537924
34635: 0.537937
34636: 0.537922
34637: 0.537906
34638: 0.537891
34639: 0.537904
34640: 0.537917
34641: 0.537902
34642: 0.537886
34643: 0.537871
34644: 0.537855
34645: 0.53784
34646: 0.537853
34647: 0.537867
34648: 0.53788
34649: 0.537864
34650: 0.537849
34651: 0.537862
34652: 0.537847
34653: 0.53786
34654: 0.537844
34655: 0.537829
34656: 0.537842
34657: 0.537827
34658: 0.53784
34659: 0.537825
34660: 0.537838
34661: 0.537851
34662: 0.537865
34663: 0.537878
34664: 0.537891
34665: 0.537905
34666: 0.537889
34667: 0.537874
34668: 0.537858
34669: 0.537871
34670: 0.537856
34671: 0.537869
34672: 0.537854
34673: 0.537838
34674: 0.537851
34675: 0.537836
34676: 0.537849
34677: 0.537863
34678: 0.537847
34679: 0.537832
34680: 0.537845
34681: 0.537829
34682: 0.537814
34683: 0.537827
34684: 0.537841
34685: 0.537825
34686: 0.53781
34687: 0.537823
34688: 0.537807
34689: 0.537821
34690: 0.537805
34691: 0.53779
34692: 0.537803
34693: 0.537816
34694: 0.537801
34695: 0.537814
34696: 0.537799
34697: 0.537783
34698: 0.537796
34699: 0.537781
34700: 0.537765
34701: 0.53775
34702: 0.537734
34703: 0.537719
34704: 0.537704
34705: 0.537717
34706: 0.537701
34707: 0.537686
34708: 0.53767
34709: 0.537655
34710: 0.537668
34711: 0.537653
34712: 0.537637
34713: 0.537622
34714: 0.537635
34715: 0.537648
34716: 0.537633
34717: 0.537646
34718: 0.537631
34719: 0.537615
34720: 0.537629
34721: 0.537613
34722: 0.537598
34723: 0.537611
34724: 0.537595
34725: 0.537609
34726: 0.537622
34727: 0.537607
34728: 0.53762
34729: 0.537604
34730: 0.537589
34731: 0.537602
34732: 0.537587
34733: 0.537571
34734: 0.537585
34735: 0.537569
34736: 0.537554
34737: 0.537567
34738: 0.53758
34739: 0.537565
34740: 0.537578
34741: 0.537563
34742: 0.537576
34743: 0.537589
34744: 0.537603
34745: 0.537616
34746: 0.5376
34747: 0.537585
34748: 0.537598
34749: 0.537612
34750: 0.537625
34751: 0.537638
34752: 0.537623
34753: 0.537607
34754: 0.537592
34755: 0.537605
34756: 0.537618
34757: 0.537603
34758: 0.537587
34759: 0.537601
34760: 0.537614
34761: 0.537627
34762: 0.537612
34763: 0.537625
34764: 0.537638
34765: 0.537652
34766: 0.537665
34767: 0.53765
34768: 0.537634
34769: 0.537647
34770: 0.537661
34771: 0.537645
34772: 0.53763
34773: 0.537614
34774: 0.537628
34775: 0.537641
34776: 0.537625
34777: 0.537639
34778: 0.537652
34779: 0.537665
34780: 0.537679
34781: 0.537663
34782: 0.537676
34783: 0.53769
34784: 0.537674
34785: 0.537688
34786: 0.537672
34787: 0.537657
34788: 0.537641
34789: 0.537626
34790: 0.53761
34791: 0.537624
34792: 0.537637
34793: 0.53765
34794: 0.537635
34795: 0.537619
34796: 0.537604
34797: 0.537617
34798: 0.537602
34799: 0.537615
34800: 0.537628
34801: 0.537642
34802: 0.537655
34803: 0.537668
34804: 0.537681
34805: 0.537666
34806: 0.537679
34807: 0.537692
34808: 0.537706
34809: 0.537719
34810: 0.537732
34811: 0.537746
34812: 0.53773
34813: 0.537743
34814: 0.537757
34815: 0.537741
34816: 0.537726
34817: 0.537739
34818: 0.537752
34819: 0.537766
34820: 0.537779
34821: 0.537763
34822: 0.537748
34823: 0.537761
34824: 0.537775
34825: 0.537788
34826: 0.537801
34827: 0.537786
34828: 0.537799
34829: 0.537784
34830: 0.537768
34831: 0.537781
34832: 0.537795
34833: 0.537779
34834: 0.537792
34835: 0.537806
34836: 0.53779
34837: 0.537804
34838: 0.537817
34839: 0.53783
34840: 0.537843
34841: 0.537828
34842: 0.537812
34843: 0.537826
34844: 0.53781
34845: 0.537824
34846: 0.537808
34847: 0.537793
34848: 0.537806
34849: 0.537819
34850: 0.537832
34851: 0.537817
34852: 0.53783
34853: 0.537815
34854: 0.537828
34855: 0.537813
34856: 0.537826
34857: 0.537811
34858: 0.537824
34859: 0.537837
34860: 0.537822
34861: 0.537835
34862: 0.537848
34863: 0.537861
34864: 0.537875
34865: 0.537888
34866: 0.537872
34867: 0.537886
34868: 0.53787
34869: 0.537855
34870: 0.537839
34871: 0.537824
34872: 0.537837
34873: 0.537851
34874: 0.537835
34875: 0.537848
34876: 0.537862
34877: 0.537846
34878: 0.537831
34879: 0.537844
34880: 0.537857
34881: 0.537871
34882: 0.537884
34883: 0.537868
34884: 0.537853
34885: 0.537838
34886: 0.537822
34887: 0.537835
34888: 0.53782
34889: 0.537805
34890: 0.537789
34891: 0.537774
34892: 0.537787
34893: 0.5378
34894: 0.537813
34895: 0.537827
34896: 0.537811
34897: 0.537796
34898: 0.53778
34899: 0.537794
34900: 0.537778
34901: 0.537763
34902: 0.537776
34903: 0.537789
34904: 0.537803
34905: 0.537816
34906: 0.5378
34907: 0.537814
34908: 0.537827
34909: 0.537812
34910: 0.537796
34911: 0.537809
34912: 0.537823
34913: 0.537807
34914: 0.53782
34915: 0.537805
34916: 0.53779
34917: 0.537803
34918: 0.537787
34919: 0.537772
34920: 0.537785
34921: 0.53777
34922: 0.537783
34923: 0.537768
34924: 0.537752
34925: 0.537737
34926: 0.53775
34927: 0.537763
34928: 0.537748
34929: 0.537761
34930: 0.537746
34931: 0.53773
34932: 0.537715
34933: 0.5377
34934: 0.537684
34935: 0.537669
34936: 0.537682
34937: 0.537667
34938: 0.537651
34939: 0.537636
34940: 0.537649
34941: 0.537634
34942: 0.537647
34943: 0.53766
34944: 0.537645
34945: 0.537629
34946: 0.537614
34947: 0.537599
34948: 0.537612
34949: 0.537625
34950: 0.537638
34951: 0.537623
34952: 0.537608
34953: 0.537592
34954: 0.537577
34955: 0.537562
34956: 0.537546
34957: 0.537531
34958: 0.537544
34959: 0.537557
34960: 0.53757
34961: 0.537555
34962: 0.53754
34963: 0.537553
34964: 0.537538
34965: 0.537551
34966: 0.537564
34967: 0.537577
34968: 0.537562
34969: 0.537546
34970: 0.53756
34971: 0.537573
34972: 0.537558
34973: 0.537571
34974: 0.537584
34975: 0.537597
34976: 0.537582
34977: 0.537566
34978: 0.53758
34979: 0.537564
34980: 0.537549
34981: 0.537562
34982: 0.537547
34983: 0.537531
34984: 0.537516
34985: 0.537501
34986: 0.537514
34987: 0.537527
34988: 0.537512
34989: 0.537496
34990: 0.53751
34991: 0.537494
34992: 0.537479
34993: 0.537492
34994: 0.537505
34995: 0.537519
34996: 0.537532
34997: 0.537545
34998: 0.537558
34999: 0.537543
35000: 0.537527
35001: 0.537512
35002: 0.537497
35003: 0.537481
35004: 0.537466
35005: 0.537479
35006: 0.537493
35007: 0.537477
35008: 0.53749
35009: 0.537475
35010: 0.537488
35011: 0.537501
35012: 0.537515
35013: 0.537528
35014: 0.537541
35015: 0.537554
35016: 0.537539
35017: 0.537552
35018: 0.537565
35019: 0.537579
35020: 0.537592
35021: 0.537605
35022: 0.537618
35023: 0.537631
35024: 0.537616
35025: 0.537629
35026: 0.537614
35027: 0.537627
35028: 0.53764
35029: 0.537625
35030: 0.53761
35031: 0.537594
35032: 0.537607
35033: 0.537592
35034: 0.537605
35035: 0.537618
35036: 0.537603
35037: 0.537588
35038: 0.537601
35039: 0.537586
35040: 0.537599
35041: 0.537612
35042: 0.537625
35043: 0.53761
35044: 0.537623
35045: 0.537608
35046: 0.537621
35047: 0.537606
35048: 0.53759
35049: 0.537575
35050: 0.537588
35051: 0.537573
35052: 0.537557
35053: 0.537571
35054: 0.537584
35055: 0.537597
35056: 0.53761
35057: 0.537595
35058: 0.537608
35059: 0.537621
35060: 0.537634
35061: 0.537648
35062: 0.537661
35063: 0.537645
35064: 0.53763
35065: 0.537615
35066: 0.537599
35067: 0.537584
35068: 0.537569
35069: 0.537553
35070: 0.537538
35071: 0.537523
35072: 0.537536
35073: 0.537549
35074: 0.537562
35075: 0.537576
35076: 0.537589
35077: 0.537602
35078: 0.537587
35079: 0.5376
35080: 0.537613
35081: 0.537598
35082: 0.537582
35083: 0.537595
35084: 0.53758
35085: 0.537565
35086: 0.53755
35087: 0.537534
35088: 0.537519
35089: 0.537532
35090: 0.537545
35091: 0.53753
35092: 0.537543
35093: 0.537528
35094: 0.537512
35095: 0.537497
35096: 0.537482
35097: 0.537467
35098: 0.537451
35099: 0.537436
35100: 0.537421
35101: 0.537434
35102: 0.537418
35103: 0.537403
35104: 0.537388
35105: 0.537401
35106: 0.537414
35107: 0.537427
35108: 0.537441
35109: 0.537454
35110: 0.537438
35111: 0.537452
35112: 0.537465
35113: 0.537478
35114: 0.537491
35115: 0.537476
35116: 0.53746
35117: 0.537445
35118: 0.53743
35119: 0.537415
35120: 0.537428
35121: 0.537412
35122: 0.537426
35123: 0.537439
35124: 0.537423
35125: 0.537408
35126: 0.537393
35127: 0.537378
35128: 0.537362
35129: 0.537375
35130: 0.53736
35131: 0.537345
35132: 0.537358
35133: 0.537343
35134: 0.537356
35135: 0.537341
35136: 0.537325
35137: 0.53731
35138: 0.537323
35139: 0.537336
35140: 0.53735
35141: 0.537363
35142: 0.537347
35143: 0.537361
35144: 0.537345
35145: 0.53733
35146: 0.537315
35147: 0.537328
35148: 0.537313
35149: 0.537326
35150: 0.53731
35151: 0.537324
35152: 0.537337
35153: 0.537321
35154: 0.537335
35155: 0.537319
35156: 0.537333
35157: 0.537346
35158: 0.537359
35159: 0.537372
35160: 0.537357
35161: 0.53737
35162: 0.537355
35163: 0.537339
35164: 0.537324
35165: 0.537337
35166: 0.537322
35167: 0.537307
35168: 0.53732
35169: 0.537305
35170: 0.537289
35171: 0.537274
35172: 0.537259
35173: 0.537243
35174: 0.537257
35175: 0.53727
35176: 0.537283
35177: 0.537296
35178: 0.537309
35179: 0.537294
35180: 0.537279
35181: 0.537292
35182: 0.537277
35183: 0.537261
35184: 0.537274
35185: 0.537288
35186: 0.537301
35187: 0.537314
35188: 0.537327
35189: 0.537312
35190: 0.537325
35191: 0.537338
35192: 0.537351
35193: 0.537364
35194: 0.537377
35195: 0.537391
35196: 0.537375
35197: 0.537388
35198: 0.537402
35199: 0.537386
35200: 0.537371
35201: 0.537384
35202: 0.537397
35203: 0.537411
35204: 0.537424
35205: 0.537437
35206: 0.53745
35207: 0.537463
35208: 0.537476
35209: 0.537461
35210: 0.537474
35211: 0.537487
35212: 0.537472
35213: 0.537485
35214: 0.537498
35215: 0.537511
35216: 0.537524
35217: 0.537509
35218: 0.537494
35219: 0.537479
35220: 0.537463
35221: 0.537477
35222: 0.537461
35223: 0.537446
35224: 0.537431
35225: 0.537416
35226: 0.5374
35227: 0.537413
35228: 0.537427
35229: 0.537411
35230: 0.537424
35231: 0.537438
35232: 0.537422
35233: 0.537407
35234: 0.537392
35235: 0.537377
35236: 0.537361
35237: 0.537374
35238: 0.537388
35239: 0.537401
35240: 0.537414
35241: 0.537427
35242: 0.537412
35243: 0.537425
35244: 0.537438
35245: 0.537451
35246: 0.537464
35247: 0.537449
35248: 0.537462
35249: 0.537475
35250: 0.53746
35251: 0.537473
35252: 0.537458
35253: 0.537471
35254: 0.537456
35255: 0.537469
35256: 0.537454
35257: 0.537467
35258: 0.53748
35259: 0.537493
35260: 0.537506
35261: 0.537491
35262: 0.537504
35263: 0.537517
35264: 0.537502
35265: 0.537515
35266: 0.537528
35267: 0.537541
35268: 0.537526
35269: 0.537539
35270: 0.537552
35271: 0.537565
35272: 0.537578
35273: 0.537591
35274: 0.537605
35275: 0.537589
35276: 0.537574
35277: 0.537587
35278: 0.537572
35279: 0.537585
35280: 0.537598
35281: 0.537611
35282: 0.537624
35283: 0.537609
35284: 0.537594
35285: 0.537579
35286: 0.537592
35287: 0.537605
35288: 0.537618
35289: 0.537603
35290: 0.537616
35291: 0.537629
35292: 0.537642
35293: 0.537655
35294: 0.53764
35295: 0.537653
35296: 0.537666
35297: 0.537679
35298: 0.537692
35299: 0.537705
35300: 0.53769
35301: 0.537675
35302: 0.53766
35303: 0.537673
35304: 0.537658
35305: 0.537642
35306: 0.537655
35307: 0.537669
35308: 0.537653
35309: 0.537666
35310: 0.537679
35311: 0.537664
35312: 0.537677
35313: 0.53769
35314: 0.537704
35315: 0.537717
35316: 0.537701
35317: 0.537686
35318: 0.537671
35319: 0.537656
35320: 0.537669
35321: 0.537654
35322: 0.537667
35323: 0.53768
35324: 0.537665
35325: 0.537649
35326: 0.537662
35327: 0.537675
35328: 0.53766
35329: 0.537673
35330: 0.537686
35331: 0.5377
35332: 0.537684
35333: 0.537669
35334: 0.537654
35335: 0.537639
35336: 0.537652
35337: 0.537665
35338: 0.53765
35339: 0.537663
35340: 0.537647
35341: 0.537661
35342: 0.537645
35343: 0.53763
35344: 0.537643
35345: 0.537656
35346: 0.537641
35347: 0.537626
35348: 0.537639
35349: 0.537624
35350: 0.537609
35351: 0.537622
35352: 0.537606
35353: 0.53762
35354: 0.537604
35355: 0.537589
35356: 0.537574
35357: 0.537559
35358: 0.537572
35359: 0.537585
35360: 0.53757
35361: 0.537583
35362: 0.537596
35363: 0.537581
35364: 0.537594
35365: 0.537578
35366: 0.537592
35367: 0.537605
35368: 0.537618
35369: 0.537602
35370: 0.537616
35371: 0.537629
35372: 0.537642
35373: 0.537655
35374: 0.537668
35375: 0.537653
35376: 0.537637
35377: 0.537622
35378: 0.537607
35379: 0.53762
35380: 0.537633
35381: 0.537646
35382: 0.537659
35383: 0.537644
35384: 0.537657
35385: 0.53767
35386: 0.537655
35387: 0.537668
35388: 0.537653
35389: 0.537638
35390: 0.537651
35391: 0.537636
35392: 0.537649
35393: 0.537633
35394: 0.537618
35395: 0.537603
35396: 0.537588
35397: 0.537573
35398: 0.537558
35399: 0.537542
35400: 0.537527
35401: 0.53754
35402: 0.537525
35403: 0.53751
35404: 0.537495
35405: 0.53748
35406: 0.537464
35407: 0.537477
35408: 0.53749
35409: 0.537475
35410: 0.537488
35411: 0.537473
35412: 0.537458
35413: 0.537443
35414: 0.537456
35415: 0.537469
35416: 0.537482
35417: 0.537467
35418: 0.53748
35419: 0.537493
35420: 0.537506
35421: 0.537519
35422: 0.537532
35423: 0.537545
35424: 0.537558
35425: 0.537571
35426: 0.537584
35427: 0.537569
35428: 0.537554
35429: 0.537567
35430: 0.53758
35431: 0.537565
35432: 0.537578
35433: 0.537591
35434: 0.537604
35435: 0.537617
35436: 0.53763
35437: 0.537615
35438: 0.537628
35439: 0.537613
35440: 0.537598
35441: 0.537583
35442: 0.537596
35443: 0.53758
35444: 0.537593
35445: 0.537607
35446: 0.537591
35447: 0.537604
35448: 0.537589
35449: 0.537602
35450: 0.537587
35451: 0.5376
35452: 0.537613
35453: 0.537626
35454: 0.537639
35455: 0.537652
35456: 0.537637
35457: 0.53765
35458: 0.537663
35459: 0.537648
35460: 0.537633
35461: 0.537646
35462: 0.537659
35463: 0.537672
35464: 0.537685
35465: 0.53767
35466: 0.537683
35467: 0.537696
35468: 0.537681
35469: 0.537666
35470: 0.53765
35471: 0.537664
35472: 0.537677
35473: 0.53769
35474: 0.537703
35475: 0.537687
35476: 0.5377
35477: 0.537685
35478: 0.537698
35479: 0.537683
35480: 0.537668
35481: 0.537653
35482: 0.537666
35483: 0.537651
35484: 0.537636
35485: 0.537649
35486: 0.537662
35487: 0.537647
35488: 0.537631
35489: 0.537644
35490: 0.537629
35491: 0.537614
35492: 0.537627
35493: 0.537612
35494: 0.537625
35495: 0.53761
35496: 0.537595
35497: 0.53758
35498: 0.537564
35499: 0.537577
35500: 0.53759
35501: 0.537604
35502: 0.537617
35503: 0.53763
35504: 0.537643
35505: 0.537627
35506: 0.53764
35507: 0.537653
35508: 0.537638
35509: 0.537651
35510: 0.537636
35511: 0.537621
35512: 0.537606
35513: 0.537591
35514: 0.537604
35515: 0.537589
35516: 0.537602
35517: 0.537615
35518: 0.537628
35519: 0.537641
35520: 0.537654
35521: 0.537667
35522: 0.537652
35523: 0.537665
35524: 0.53765
35525: 0.537634
35526: 0.537647
35527: 0.53766
35528: 0.537673
35529: 0.537658
35530: 0.537643
35531: 0.537656
35532: 0.537641
35533: 0.537626
35534: 0.537639
35535: 0.537652
35536: 0.537665
35537: 0.537678
35538: 0.537663
35539: 0.537648
35540: 0.537661
35541: 0.537674
35542: 0.537687
35543: 0.537672
35544: 0.537685
35545: 0.537669
35546: 0.537683
35547: 0.537696
35548: 0.537709
35549: 0.537722
35550: 0.537706
35551: 0.537719
35552: 0.537732
35553: 0.537745
35554: 0.537758
35555: 0.537743
35556: 0.537728
35557: 0.537713
35558: 0.537726
35559: 0.537739
35560: 0.537724
35561: 0.537709
35562: 0.537722
35563: 0.537707
35564: 0.537692
35565: 0.537705
35566: 0.537689
35567: 0.537702
35568: 0.537687
35569: 0.5377
35570: 0.537685
35571: 0.53767
35572: 0.537655
35573: 0.53764
35574: 0.537653
35575: 0.537638
35576: 0.537651
35577: 0.537636
35578: 0.537649
35579: 0.537634
35580: 0.537618
35581: 0.537603
35582: 0.537616
35583: 0.537629
35584: 0.537614
35585: 0.537599
35586: 0.537584
35587: 0.537597
35588: 0.53761
35589: 0.537623
35590: 0.537636
35591: 0.537649
35592: 0.537662
35593: 0.537647
35594: 0.53766
35595: 0.537645
35596: 0.53763
35597: 0.537614
35598: 0.537627
35599: 0.537612
35600: 0.537625
35601: 0.537638
35602: 0.537651
35603: 0.537664
35604: 0.537649
35605: 0.537634
35606: 0.537647
35607: 0.53766
35608: 0.537673
35609: 0.537686
35610: 0.537699
35611: 0.537712
35612: 0.537697
35613: 0.53771
35614: 0.537695
35615: 0.53768
35616: 0.537693
35617: 0.537706
35618: 0.537719
35619: 0.537732
35620: 0.537745
35621: 0.537758
35622: 0.537742
35623: 0.537755
35624: 0.53774
35625: 0.537753
35626: 0.537738
35627: 0.537751
35628: 0.537764
35629: 0.537777
35630: 0.53779
35631: 0.537803
35632: 0.537788
35633: 0.537773
35634: 0.537758
35635: 0.537743
35636: 0.537728
35637: 0.537713
35638: 0.537697
35639: 0.537682
35640: 0.537695
35641: 0.53768
35642: 0.537693
35643: 0.537706
35644: 0.537719
35645: 0.537732
35646: 0.537717
35647: 0.53773
35648: 0.537743
35649: 0.537756
35650: 0.537741
35651: 0.537754
35652: 0.537767
35653: 0.53778
35654: 0.537765
35655: 0.537778
35656: 0.537791
35657: 0.537776
35658: 0.53776
35659: 0.537773
35660: 0.537786
35661: 0.537771
35662: 0.537784
35663: 0.537769
35664: 0.537754
35665: 0.537767
35666: 0.53778
35667: 0.537765
35668: 0.53775
35669: 0.537763
35670: 0.537776
35671: 0.537789
35672: 0.537802
35673: 0.537815
35674: 0.537828
35675: 0.537841
35676: 0.537825
35677: 0.537838
35678: 0.537851
35679: 0.537836
35680: 0.537849
35681: 0.537834
35682: 0.537819
35683: 0.537804
35684: 0.537789
35685: 0.537802
35686: 0.537815
35687: 0.5378
35688: 0.537813
35689: 0.537826
35690: 0.537811
35691: 0.537796
35692: 0.537809
35693: 0.537793
35694: 0.537806
35695: 0.537819
35696: 0.537832
35697: 0.537845
35698: 0.537858
35699: 0.537843
35700: 0.537856
35701: 0.537869
35702: 0.537854
35703: 0.537867
35704: 0.537852
35705: 0.537837
35706: 0.537822
35707: 0.537807
35708: 0.537792
35709: 0.537777
35710: 0.537761
35711: 0.537746
35712: 0.537759
35713: 0.537744
35714: 0.537729
35715: 0.537714
35716: 0.537699
35717: 0.537684
35718: 0.537697
35719: 0.53771
35720: 0.537723
35721: 0.537736
35722: 0.537749
35723: 0.537762
35724: 0.537775
35725: 0.537788
35726: 0.537773
35727: 0.537758
35728: 0.537742
35729: 0.537727
35730: 0.537712
35731: 0.537725
35732: 0.537738
35733: 0.537751
35734: 0.537764
35735: 0.537749
35736: 0.537762
35737: 0.537747
35738: 0.537732
35739: 0.537745
35740: 0.53773
35741: 0.537743
35742: 0.537728
35743: 0.537741
35744: 0.537754
35745: 0.537766
35746: 0.537779
35747: 0.537764
35748: 0.537749
35749: 0.537762
35750: 0.537747
35751: 0.53776
35752: 0.537773
35753: 0.537758
35754: 0.537771
35755: 0.537784
35756: 0.537769
35757: 0.537782
35758: 0.537795
35759: 0.53778
35760: 0.537793
35761: 0.537805
35762: 0.537818
35763: 0.537803
35764: 0.537788
35765: 0.537773
35766: 0.537758
35767: 0.537743
35768: 0.537756
35769: 0.537769
35770: 0.537782
35771: 0.537767
35772: 0.537752
35773: 0.537737
35774: 0.537722
35775: 0.537735
35776: 0.53772
35777: 0.537705
35778: 0.53769
35779: 0.537675
35780: 0.53766
35781: 0.537673
35782: 0.537685
35783: 0.537698
35784: 0.537711
35785: 0.537696
35786: 0.537681
35787: 0.537694
35788: 0.537707
35789: 0.53772
35790: 0.537733
35791: 0.537718
35792: 0.537703
35793: 0.537688
35794: 0.537701
35795: 0.537714
35796: 0.537727
35797: 0.53774
35798: 0.537752
35799: 0.537737
35800: 0.537722
35801: 0.537735
35802: 0.53772
35803: 0.537705
35804: 0.537718
35805: 0.537703
35806: 0.537688
35807: 0.537701
35808: 0.537714
35809: 0.537727
35810: 0.53774
35811: 0.537753
35812: 0.537738
35813: 0.537751
35814: 0.537764
35815: 0.537748
35816: 0.537733
35817: 0.537718
35818: 0.537703
35819: 0.537688
35820: 0.537701
35821: 0.537686
35822: 0.537699
35823: 0.537712
35824: 0.537725
35825: 0.53771
35826: 0.537695
35827: 0.537708
35828: 0.537693
35829: 0.537678
35830: 0.537663
35831: 0.537648
35832: 0.537633
35833: 0.537646
35834: 0.537659
35835: 0.537672
35836: 0.537685
35837: 0.53767
35838: 0.537682
35839: 0.537695
35840: 0.53768
35841: 0.537665
35842: 0.537678
35843: 0.537691
35844: 0.537676
35845: 0.537661
35846: 0.537646
35847: 0.537659
35848: 0.537644
35849: 0.537629
35850: 0.537642
35851: 0.537627
35852: 0.537612
35853: 0.537625
35854: 0.53761
35855: 0.537623
35856: 0.537608
35857: 0.537593
35858: 0.537606
35859: 0.537619
35860: 0.537631
35861: 0.537616
35862: 0.537601
35863: 0.537614
35864: 0.537627
35865: 0.537612
35866: 0.537597
35867: 0.537582
35868: 0.537567
35869: 0.537552
35870: 0.537565
35871: 0.53755
35872: 0.537535
35873: 0.537548
35874: 0.537561
35875: 0.537574
35876: 0.537587
35877: 0.5376
35878: 0.537585
35879: 0.53757
35880: 0.537583
35881: 0.537595
35882: 0.53758
35883: 0.537565
35884: 0.537551
35885: 0.537536
35886: 0.537521
35887: 0.537506
35888: 0.537518
35889: 0.537531
35890: 0.537544
35891: 0.537557
35892: 0.537542
35893: 0.537527
35894: 0.53754
35895: 0.537525
35896: 0.53751
35897: 0.537495
35898: 0.537508
35899: 0.537521
35900: 0.537506
35901: 0.537519
35902: 0.537532
35903: 0.537517
35904: 0.53753
35905: 0.537515
35906: 0.537528
35907: 0.537513
35908: 0.537498
35909: 0.537483
35910: 0.537495
35911: 0.537481
35912: 0.537466
35913: 0.537451
35914: 0.537463
35915: 0.537476
35916: 0.537489
35917: 0.537502
35918: 0.537515
35919: 0.5375
35920: 0.537485
35921: 0.53747
35922: 0.537483
35923: 0.537468
35924: 0.537453
35925: 0.537438
35926: 0.537423
35927: 0.537436
35928: 0.537421
35929: 0.537434
35930: 0.537447
35931: 0.537432
35932: 0.537445
35933: 0.537458
35934: 0.537443
35935: 0.537455
35936: 0.537441
35937: 0.537453
35938: 0.537438
35939: 0.537451
35940: 0.537464
35941: 0.537477
35942: 0.53749
35943: 0.537475
35944: 0.53746
35945: 0.537473
35946: 0.537458
35947: 0.537443
35948: 0.537456
35949: 0.537441
35950: 0.537426
35951: 0.537411
35952: 0.537396
35953: 0.537381
35954: 0.537394
35955: 0.537407
35956: 0.537392
35957: 0.537405
35958: 0.537418
35959: 0.53743
35960: 0.537443
35961: 0.537456
35962: 0.537441
35963: 0.537426
35964: 0.537411
35965: 0.537396
35966: 0.537409
35967: 0.537394
35968: 0.537379
35969: 0.537364
35970: 0.53735
35971: 0.537362
35972: 0.537347
35973: 0.537333
35974: 0.537318
35975: 0.53733
35976: 0.537343
35977: 0.537356
35978: 0.537341
35979: 0.537326
35980: 0.537311
35981: 0.537296
35982: 0.537309
35983: 0.537322
35984: 0.537335
35985: 0.537348
35986: 0.537361
35987: 0.537346
35988: 0.537359
35989: 0.537371
35990: 0.537357
35991: 0.537369
35992: 0.537354
35993: 0.53734
35994: 0.537325
35995: 0.537337
35996: 0.53735
35997: 0.537363
35998: 0.537348
35999: 0.537333
36000: 0.537346
36001: 0.537359
36002: 0.537372
36003: 0.537357
36004: 0.53737
36005: 0.537355
36006: 0.537368
36007: 0.537381
36008: 0.537393
36009: 0.537379
36010: 0.537391
36011: 0.537404
36012: 0.537417
36013: 0.53743
36014: 0.537443
36015: 0.537428
36016: 0.537441
36017: 0.537426
36018: 0.537439
36019: 0.537424
36020: 0.537409
36021: 0.537422
36022: 0.537434
36023: 0.537447
36024: 0.537432
36025: 0.537445
36026: 0.537458
36027: 0.537471
36028: 0.537484
36029: 0.537469
36030: 0.537482
36031: 0.537494
36032: 0.53748
36033: 0.537492
36034: 0.537505
36035: 0.537518
36036: 0.537531
36037: 0.537516
36038: 0.537529
36039: 0.537514
36040: 0.537527
36041: 0.53754
36042: 0.537525
36043: 0.53751
36044: 0.537523
36045: 0.537508
36046: 0.537493
36047: 0.537478
36048: 0.537463
36049: 0.537476
36050: 0.537461
36051: 0.537474
36052: 0.537486
36053: 0.537499
36054: 0.537512
36055: 0.537525
36056: 0.53751
36057: 0.537495
36058: 0.53748
36059: 0.537465
36060: 0.537478
36061: 0.537491
36062: 0.537504
36063: 0.537489
36064: 0.537502
36065: 0.537487
36066: 0.5375
36067: 0.537512
36068: 0.537525
36069: 0.537538
36070: 0.537523
36071: 0.537536
36072: 0.537549
36073: 0.537534
36074: 0.537519
36075: 0.537532
36076: 0.537545
36077: 0.537558
36078: 0.53757
36079: 0.537583
36080: 0.537596
36081: 0.537609
36082: 0.537622
36083: 0.537607
36084: 0.53762
36085: 0.537605
36086: 0.537617
36087: 0.53763
36088: 0.537615
36089: 0.537628
36090: 0.537641
36091: 0.537654
36092: 0.537639
36093: 0.537652
36094: 0.537664
36095: 0.53765
36096: 0.537662
36097: 0.537648
36098: 0.53766
36099: 0.537645
36100: 0.537631
36101: 0.537616
36102: 0.537628
36103: 0.537641
36104: 0.537626
36105: 0.537611
36106: 0.537624
36107: 0.537637
36108: 0.53765
36109: 0.537635
36110: 0.537648
36111: 0.537633
36112: 0.537646
36113: 0.537631
36114: 0.537616
36115: 0.537601
36116: 0.537586
36117: 0.537571
36118: 0.537584
36119: 0.537569
36120: 0.537582
36121: 0.537567
36122: 0.53758
36123: 0.537593
36124: 0.537606
36125: 0.537618
36126: 0.537631
36127: 0.537644
36128: 0.537657
36129: 0.537642
36130: 0.537655
36131: 0.537667
36132: 0.537653
36133: 0.537638
36134: 0.537623
36135: 0.537636
36136: 0.537648
36137: 0.537634
36138: 0.537619
36139: 0.537631
36140: 0.537644
36141: 0.537657
36142: 0.53767
36143: 0.537683
36144: 0.537695
36145: 0.537708
36146: 0.537721
36147: 0.537706
36148: 0.537719
36149: 0.537732
36150: 0.537744
36151: 0.537757
36152: 0.53777
36153: 0.537783
36154: 0.537768
36155: 0.537753
36156: 0.537738
36157: 0.537723
36158: 0.537736
36159: 0.537749
36160: 0.537762
36161: 0.537747
36162: 0.537732
36163: 0.537745
36164: 0.537758
36165: 0.53777
36166: 0.537783
36167: 0.537768
36168: 0.537781
36169: 0.537766
36170: 0.537779
36171: 0.537764
36172: 0.537777
36173: 0.537762
36174: 0.537775
36175: 0.53776
36176: 0.537745
36177: 0.53773
36178: 0.537715
36179: 0.5377
36180: 0.537686
36181: 0.537698
36182: 0.537711
36183: 0.537724
36184: 0.537737
36185: 0.537749
36186: 0.537762
36187: 0.537747
36188: 0.537732
36189: 0.537745
36190: 0.537758
36191: 0.537743
36192: 0.537756
36193: 0.537741
36194: 0.537726
36195: 0.537739
36196: 0.537752
36197: 0.537737
36198: 0.53775
36199: 0.537762
36200: 0.537775
36201: 0.537788
36202: 0.537773
36203: 0.537758
36204: 0.537771
36205: 0.537784
36206: 0.537797
36207: 0.537782
36208: 0.537767
36209: 0.53778
36210: 0.537792
36211: 0.537778
36212: 0.53779
36213: 0.537803
36214: 0.537816
36215: 0.537829
36216: 0.537841
36217: 0.537826
36218: 0.537812
36219: 0.537797
36220: 0.53781
36221: 0.537822
36222: 0.537835
36223: 0.537848
36224: 0.537833
36225: 0.537818
36226: 0.537803
36227: 0.537788
36228: 0.537774
36229: 0.537786
36230: 0.537799
36231: 0.537784
36232: 0.537797
36233: 0.537782
36234: 0.537767
36235: 0.537753
36236: 0.537738
36237: 0.537723
36238: 0.537736
36239: 0.537748
36240: 0.537761
36241: 0.537746
36242: 0.537731
36243: 0.537717
36244: 0.537702
36245: 0.537715
36246: 0.537727
36247: 0.537712
36248: 0.537698
36249: 0.53771
36250: 0.537696
36251: 0.537708
36252: 0.537693
36253: 0.537706
36254: 0.537719
36255: 0.537732
36256: 0.537717
36257: 0.53773
36258: 0.537742
36259: 0.537728
36260: 0.53774
36261: 0.537753
36262: 0.537766
36263: 0.537779
36264: 0.537791
36265: 0.537804
36266: 0.537789
36267: 0.537774
36268: 0.537787
36269: 0.5378
36270: 0.537785
36271: 0.537798
36272: 0.53781
36273: 0.537796
36274: 0.537781
36275: 0.537794
36276: 0.537779
36277: 0.537791
36278: 0.537777
36279: 0.537762
36280: 0.537747
36281: 0.537732
36282: 0.537745
36283: 0.537758
36284: 0.53777
36285: 0.537783
36286: 0.537768
36287: 0.537754
36288: 0.537739
36289: 0.537751
36290: 0.537737
36291: 0.537749
36292: 0.537735
36293: 0.53772
36294: 0.537705
36295: 0.537718
36296: 0.53773
36297: 0.537716
36298: 0.537728
36299: 0.537741
36300: 0.537754
36301: 0.537739
36302: 0.537724
36303: 0.537709
36304: 0.537722
36305: 0.537707
36306: 0.537692
36307: 0.537705
36308: 0.53769
36309: 0.537703
36310: 0.537716
36311: 0.537729
36312: 0.537741
36313: 0.537754
36314: 0.537767
36315: 0.537752
36316: 0.537737
36317: 0.537722
36318: 0.537708
36319: 0.537693
36320: 0.537705
36321: 0.537691
36322: 0.537676
36323: 0.537661
36324: 0.537674
36325: 0.537687
36326: 0.537699
36327: 0.537712
36328: 0.537725
36329: 0.537737
36330: 0.53775
36331: 0.537763
36332: 0.537776
36333: 0.537788
36334: 0.537773
36335: 0.537759
36336: 0.537771
36337: 0.537784
36338: 0.537797
36339: 0.537782
36340: 0.537767
36341: 0.53778
36342: 0.537765
36343: 0.537778
36344: 0.537763
36345: 0.537748
36346: 0.537734
36347: 0.537746
36348: 0.537731
36349: 0.537744
36350: 0.537729
36351: 0.537742
36352: 0.537727
36353: 0.53774
36354: 0.537725
36355: 0.53771
36356: 0.537696
36357: 0.537708
36358: 0.537721
36359: 0.537734
36360: 0.537719
36361: 0.537704
36362: 0.537717
36363: 0.53773
36364: 0.537715
36365: 0.537728
36366: 0.537713
36367: 0.537725
36368: 0.537738
36369: 0.537723
36370: 0.537736
36371: 0.537749
36372: 0.537762
36373: 0.537774
36374: 0.537759
36375: 0.537745
36376: 0.53773
36377: 0.537743
36378: 0.537755
36379: 0.537768
36380: 0.537781
36381: 0.537766
36382: 0.537779
36383: 0.537791
36384: 0.537777
36385: 0.537789
36386: 0.537802
36387: 0.537787
36388: 0.5378
36389: 0.537813
36390: 0.537825
36391: 0.537811
36392: 0.537796
36393: 0.537808
36394: 0.537821
36395: 0.537806
36396: 0.537792
36397: 0.537804
36398: 0.537817
36399: 0.537802
36400: 0.537815
36401: 0.537828
36402: 0.537813
36403: 0.537798
36404: 0.537811
36405: 0.537796
36406: 0.537781
36407: 0.537794
36408: 0.537779
36409: 0.537764
36410: 0.537777
36411: 0.537762
36412: 0.537775
36413: 0.53776
36414: 0.537745
36415: 0.537731
36416: 0.537716
36417: 0.537729
36418: 0.537714
36419: 0.537727
36420: 0.537739
36421: 0.537752
36422: 0.537737
36423: 0.53775
36424: 0.537763
36425: 0.537775
36426: 0.537788
36427: 0.537773
36428: 0.537786
36429: 0.537799
36430: 0.537784
36431: 0.537769
36432: 0.537782
36433: 0.537794
36434: 0.537807
36435: 0.53782
36436: 0.537805
36437: 0.53779
36438: 0.537803
36439: 0.537788
36440: 0.537801
36441: 0.537786
36442: 0.537771
36443: 0.537757
36444: 0.537769
36445: 0.537782
36446: 0.537795
36447: 0.537807
36448: 0.537793
36449: 0.537778
36450: 0.53779
36451: 0.537776
36452: 0.537761
36453: 0.537746
36454: 0.537759
36455: 0.537744
36456: 0.537729
36457: 0.537715
36458: 0.5377
36459: 0.537713
36460: 0.537725
36461: 0.53771
36462: 0.537696
36463: 0.537708
36464: 0.537721
36465: 0.537734
36466: 0.537746
36467: 0.537732
36468: 0.537744
36469: 0.537757
36470: 0.537742
36471: 0.537728
36472: 0.53774
36473: 0.537753
36474: 0.537766
36475: 0.537751
36476: 0.537736
36477: 0.537749
36478: 0.537761
36479: 0.537747
36480: 0.537759
36481: 0.537745
36482: 0.537757
36483: 0.537743
36484: 0.537755
36485: 0.537741
36486: 0.537753
36487: 0.537738
36488: 0.537724
36489: 0.537736
36490: 0.537722
36491: 0.537734
36492: 0.537747
36493: 0.53776
36494: 0.537772
36495: 0.537785
36496: 0.53777
36497: 0.537783
36498: 0.537796
36499: 0.537808
36500: 0.537793
36501: 0.537779
36502: 0.537764
36503: 0.537749
36504: 0.537735
36505: 0.53772
36506: 0.537732
36507: 0.537745
36508: 0.537758
36509: 0.537743
36510: 0.537756
36511: 0.537768
36512: 0.537781
36513: 0.537766
36514: 0.537752
36515: 0.537737
36516: 0.53775
36517: 0.537762
36518: 0.537775
36519: 0.537788
36520: 0.537773
36521: 0.537785
36522: 0.537798
36523: 0.537783
36524: 0.537769
36525: 0.537781
36526: 0.537794
36527: 0.537779
36528: 0.537792
36529: 0.537805
36530: 0.53779
36531: 0.537802
36532: 0.537788
36533: 0.537773
36534: 0.537758
36535: 0.537744
36536: 0.537729
36537: 0.537742
36538: 0.537754
36539: 0.537767
36540: 0.537752
36541: 0.537737
36542: 0.53775
36543: 0.537735
36544: 0.537721
36545: 0.537706
36546: 0.537719
36547: 0.537731
36548: 0.537744
36549: 0.537729
36550: 0.537714
36551: 0.5377
36552: 0.537685
36553: 0.53767
36554: 0.537683
36555: 0.537696
36556: 0.537708
36557: 0.537721
36558: 0.537734
36559: 0.537719
36560: 0.537704
36561: 0.537717
36562: 0.537729
36563: 0.537715
36564: 0.5377
36565: 0.537685
36566: 0.537698
36567: 0.537711
36568: 0.537723
36569: 0.537709
36570: 0.537721
36571: 0.537734
36572: 0.537719
36573: 0.537704
36574: 0.537717
36575: 0.537702
36576: 0.537688
36577: 0.5377
36578: 0.537713
36579: 0.537698
36580: 0.537711
36581: 0.537723
36582: 0.537736
36583: 0.537721
36584: 0.537707
36585: 0.537719
36586: 0.537705
36587: 0.537717
36588: 0.537703
36589: 0.537688
36590: 0.537673
36591: 0.537686
36592: 0.537698
36593: 0.537684
36594: 0.537696
36595: 0.537709
36596: 0.537722
36597: 0.537707
36598: 0.537692
36599: 0.537678
36600: 0.53769
36601: 0.537703
36602: 0.537715
36603: 0.537728
36604: 0.537741
36605: 0.537726
36606: 0.537711
36607: 0.537697
36608: 0.537682
36609: 0.537695
36610: 0.537707
36611: 0.53772
36612: 0.537705
36613: 0.537718
36614: 0.537703
36615: 0.537688
36616: 0.537674
36617: 0.537686
36618: 0.537672
36619: 0.537684
36620: 0.537697
36621: 0.53771
36622: 0.537695
36623: 0.537708
36624: 0.53772
36625: 0.537733
36626: 0.537745
36627: 0.537758
36628: 0.537771
36629: 0.537783
36630: 0.537769
36631: 0.537781
36632: 0.537794
36633: 0.537779
36634: 0.537764
36635: 0.537777
36636: 0.537762
36637: 0.537748
36638: 0.53776
36639: 0.537746
36640: 0.537731
36641: 0.537716
36642: 0.537702
36643: 0.537687
36644: 0.5377
36645: 0.537685
36646: 0.537697
36647: 0.53771
36648: 0.537723
36649: 0.537708
36650: 0.537693
36651: 0.537706
36652: 0.537719
36653: 0.537731
36654: 0.537717
36655: 0.537702
36656: 0.537714
36657: 0.5377
36658: 0.537685
36659: 0.53767
36660: 0.537683
36661: 0.537696
36662: 0.537681
36663: 0.537666
36664: 0.537652
36665: 0.537637
36666: 0.53765
36667: 0.537635
36668: 0.537648
36669: 0.53766
36670: 0.537646
36671: 0.537658
36672: 0.537643
36673: 0.537629
36674: 0.537641
36675: 0.537627
36676: 0.537639
36677: 0.537652
36678: 0.537665
36679: 0.537677
36680: 0.537663
36681: 0.537648
36682: 0.537633
36683: 0.537646
36684: 0.537631
36685: 0.537644
36686: 0.537629
36687: 0.537614
36688: 0.537627
36689: 0.537612
36690: 0.537625
36691: 0.537638
36692: 0.53765
36693: 0.537663
36694: 0.537648
36695: 0.537634
36696: 0.537619
36697: 0.537631
36698: 0.537617
36699: 0.537602
36700: 0.537615
36701: 0.5376
36702: 0.537585
36703: 0.537598
36704: 0.537611
36705: 0.537596
36706: 0.537581
36707: 0.537567
36708: 0.537579
36709: 0.537565
36710: 0.537577
36711: 0.537563
36712: 0.537575
36713: 0.537588
36714: 0.5376
36715: 0.537586
36716: 0.537571
36717: 0.537584
36718: 0.537569
36719: 0.537582
36720: 0.537594
36721: 0.53758
36722: 0.537592
36723: 0.537605
36724: 0.53759
36725: 0.537576
36726: 0.537588
36727: 0.537601
36728: 0.537586
36729: 0.537599
36730: 0.537584
36731: 0.537597
36732: 0.537582
36733: 0.537595
36734: 0.53758
36735: 0.537593
36736: 0.537578
36737: 0.537563
36738: 0.537549
36739: 0.537561
36740: 0.537547
36741: 0.537532
36742: 0.537545
36743: 0.53753
36744: 0.537543
36745: 0.537555
36746: 0.53754
36747: 0.537553
36748: 0.537566
36749: 0.537578
36750: 0.537591
36751: 0.537603
36752: 0.537589
36753: 0.537574
36754: 0.53756
36755: 0.537572
36756: 0.537557
36757: 0.53757
36758: 0.537583
36759: 0.537595
36760: 0.537608
36761: 0.537593
36762: 0.537606
36763: 0.537591
36764: 0.537576
36765: 0.537589
36766: 0.537602
36767: 0.537614
36768: 0.537627
36769: 0.537639
36770: 0.537625
36771: 0.53761
36772: 0.537623
36773: 0.537635
36774: 0.537621
36775: 0.537606
36776: 0.537619
36777: 0.537631
36778: 0.537644
36779: 0.537629
36780: 0.537615
36781: 0.5376
36782: 0.537585
36783: 0.537571
36784: 0.537556
36785: 0.537569
36786: 0.537581
36787: 0.537594
36788: 0.537579
36789: 0.537592
36790: 0.537577
36791: 0.53759
36792: 0.537575
36793: 0.537588
36794: 0.537573
36795: 0.537558
36796: 0.537571
36797: 0.537556
36798: 0.537542
36799: 0.537554
36800: 0.53754
36801: 0.537525
36802: 0.537511
36803: 0.537523
36804: 0.537536
36805: 0.537548
36806: 0.537534
36807: 0.537519
36808: 0.537504
36809: 0.537517
36810: 0.53753
36811: 0.537515
36812: 0.537528
36813: 0.537513
36814: 0.537498
36815: 0.537484
36816: 0.537496
36817: 0.537482
36818: 0.537494
36819: 0.53748
36820: 0.537465
36821: 0.537478
36822: 0.53749
36823: 0.537503
36824: 0.537515
36825: 0.537528
36826: 0.537513
36827: 0.537499
36828: 0.537484
36829: 0.537469
36830: 0.537482
36831: 0.537467
36832: 0.53748
36833: 0.537465
36834: 0.537451
36835: 0.537436
36836: 0.537449
36837: 0.537434
36838: 0.53742
36839: 0.537405
36840: 0.537418
36841: 0.53743
36842: 0.537443
36843: 0.537455
36844: 0.537468
36845: 0.53748
36846: 0.537493
36847: 0.537505
36848: 0.537491
36849: 0.537476
36850: 0.537489
36851: 0.537474
36852: 0.53746
36853: 0.537472
36854: 0.537485
36855: 0.53747
36856: 0.537483
36857: 0.537495
36858: 0.537481
36859: 0.537466
36860: 0.537479
36861: 0.537491
36862: 0.537477
36863: 0.537489
36864: 0.537475
36865: 0.537487
36866: 0.5375
36867: 0.537485
36868: 0.537471
36869: 0.537483
36870: 0.537496
36871: 0.537481
36872: 0.537494
36873: 0.537479
36874: 0.537492
36875: 0.537504
36876: 0.537517
36877: 0.537529
36878: 0.537542
36879: 0.537527
36880: 0.537513
36881: 0.537525
36882: 0.537538
36883: 0.537523
36884: 0.537536
36885: 0.537521
36886: 0.537534
36887: 0.537546
36888: 0.537559
36889: 0.537571
36890: 0.537584
36891: 0.537569
36892: 0.537582
36893: 0.537567
36894: 0.53758
36895: 0.537565
36896: 0.53755
36897: 0.537563
36898: 0.537548
36899: 0.537561
36900: 0.537574
36901: 0.537559
36902: 0.537544
36903: 0.537557
36904: 0.537569
36905: 0.537582
36906: 0.537594
36907: 0.537607
36908: 0.537592
36909: 0.537605
36910: 0.53759
36911: 0.537603
36912: 0.537588
36913: 0.537601
36914: 0.537586
36915: 0.537599
36916: 0.537611
36917: 0.537597
36918: 0.537582
36919: 0.537595
36920: 0.537607
36921: 0.53762
36922: 0.537632
36923: 0.537645
36924: 0.53763
36925: 0.537616
36926: 0.537628
36927: 0.537614
36928: 0.537626
36929: 0.537612
36930: 0.537624
36931: 0.53761
36932: 0.537622
36933: 0.537635
36934: 0.53762
36935: 0.537606
36936: 0.537618
36937: 0.537604
36938: 0.537616
36939: 0.537629
36940: 0.537614
36941: 0.537599
36942: 0.537612
36943: 0.537625
36944: 0.537637
36945: 0.537622
36946: 0.537608
36947: 0.53762
36948: 0.537606
36949: 0.537618
36950: 0.537604
36951: 0.537616
36952: 0.537602
36953: 0.537587
36954: 0.5376
36955: 0.537612
36956: 0.537625
36957: 0.537637
36958: 0.53765
36959: 0.537662
36960: 0.537675
36961: 0.53766
36962: 0.537646
36963: 0.537631
36964: 0.537617
36965: 0.537629
36966: 0.537642
36967: 0.537654
36968: 0.53764
36969: 0.537625
36970: 0.537638
36971: 0.537623
36972: 0.537609
36973: 0.537594
36974: 0.537606
36975: 0.537592
36976: 0.537577
36977: 0.537563
36978: 0.537548
36979: 0.537534
36980: 0.537546
36981: 0.537559
36982: 0.537571
36983: 0.537584
36984: 0.537569
36985: 0.537582
36986: 0.537594
36987: 0.537607
36988: 0.537592
36989: 0.537605
36990: 0.537617
36991: 0.537603
36992: 0.537588
36993: 0.537601
36994: 0.537613
36995: 0.537626
36996: 0.537638
36997: 0.537624
36998: 0.537609
36999: 0.537622
37000: 0.537607
37001: 0.53762
37002: 0.537632
37003: 0.537618
37004: 0.53763
37005: 0.537643
37006: 0.537655
37007: 0.537668
37008: 0.53768
37009: 0.537693
37010: 0.537678
37011: 0.53769
37012: 0.537676
37013: 0.537661
37014: 0.537647
37015: 0.537659
37016: 0.537672
37017: 0.537657
37018: 0.53767
37019: 0.537655
37020: 0.537641
37021: 0.537626
37022: 0.537639
37023: 0.537651
37024: 0.537637
37025: 0.537622
37026: 0.537635
37027: 0.53762
37028: 0.537633
37029: 0.537618
37030: 0.537631
37031: 0.537616
37032: 0.537629
37033: 0.537641
37034: 0.537654
37035: 0.537666
37036: 0.537679
37037: 0.537664
37038: 0.53765
37039: 0.537635
37040: 0.537647
37041: 0.53766
37042: 0.537672
37043: 0.537658
37044: 0.53767
37045: 0.537656
37046: 0.537641
37047: 0.537627
37048: 0.537612
37049: 0.537598
37050: 0.53761
37051: 0.537596
37052: 0.537608
37053: 0.537621
37054: 0.537606
37055: 0.537619
37056: 0.537604
37057: 0.537617
37058: 0.537602
37059: 0.537588
37060: 0.5376
37061: 0.537613
37062: 0.537625
37063: 0.537611
37064: 0.537596
37065: 0.537582
37066: 0.537594
37067: 0.53758
37068: 0.537565
37069: 0.537551
37070: 0.537563
37071: 0.537576
37072: 0.537588
37073: 0.5376
37074: 0.537586
37075: 0.537571
37076: 0.537584
37077: 0.537596
37078: 0.537582
37079: 0.537567
37080: 0.53758
37081: 0.537592
37082: 0.537578
37083: 0.53759
37084: 0.537576
37085: 0.537561
37086: 0.537574
37087: 0.537559
37088: 0.537545
37089: 0.537557
37090: 0.53757
37091: 0.537555
37092: 0.537568
37093: 0.53758
37094: 0.537566
37095: 0.537551
37096: 0.537564
37097: 0.537576
37098: 0.537589
37099: 0.537601
37100: 0.537614
37101: 0.537599
37102: 0.537585
37103: 0.53757
37104: 0.537556
37105: 0.537568
37106: 0.537581
37107: 0.537593
37108: 0.537605
37109: 0.537591
37110: 0.537576
37111: 0.537562
37112: 0.537547
37113: 0.537533
37114: 0.537519
37115: 0.537531
37116: 0.537543
37117: 0.537529
37118: 0.537541
37119: 0.537554
37120: 0.537539
37121: 0.537525
37122: 0.537537
37123: 0.537523
37124: 0.537508
37125: 0.537521
37126: 0.537533
37127: 0.537519
37128: 0.537531
37129: 0.537517
37130: 0.537502
37131: 0.537515
37132: 0.5375
37133: 0.537486
37134: 0.537498
37135: 0.537511
37136: 0.537523
37137: 0.537536
37138: 0.537548
37139: 0.537561
37140: 0.537573
37141: 0.537585
37142: 0.537571
37143: 0.537557
37144: 0.537542
37145: 0.537528
37146: 0.537513
37147: 0.537526
37148: 0.537538
37149: 0.53755
37150: 0.537563
37151: 0.537548
37152: 0.537561
37153: 0.537573
37154: 0.537586
37155: 0.537598
37156: 0.537611
37157: 0.537623
37158: 0.537636
37159: 0.537621
37160: 0.537634
37161: 0.537619
37162: 0.537632
37163: 0.537617
37164: 0.537629
37165: 0.537615
37166: 0.537627
37167: 0.53764
37168: 0.537625
37169: 0.537611
37170: 0.537623
37171: 0.537636
37172: 0.537621
37173: 0.537634
37174: 0.537646
37175: 0.537659
37176: 0.537671
37177: 0.537684
37178: 0.537696
37179: 0.537682
37180: 0.537694
37181: 0.53768
37182: 0.537692
37183: 0.537677
37184: 0.537663
37185: 0.537649
37186: 0.537661
37187: 0.537673
37188: 0.537686
37189: 0.537698
37190: 0.537711
37191: 0.537723
37192: 0.537709
37193: 0.537694
37194: 0.537707
37195: 0.537719
37196: 0.537705
37197: 0.53769
37198: 0.537676
37199: 0.537661
37200: 0.537647
37201: 0.537659
37202: 0.537645
37203: 0.53763
37204: 0.537643
37205: 0.537628
37206: 0.537641
37207: 0.537653
37208: 0.537639
37209: 0.537651
37210: 0.537637
37211: 0.537622
37212: 0.537608
37213: 0.537593
37214: 0.537606
37215: 0.537618
37216: 0.537604
37217: 0.537589
37218: 0.537602
37219: 0.537614
37220: 0.5376
37221: 0.537612
37222: 0.537598
37223: 0.537583
37224: 0.537569
37225: 0.537581
37226: 0.537567
37227: 0.537579
37228: 0.537565
37229: 0.53755
37230: 0.537536
37231: 0.537548
37232: 0.537561
37233: 0.537573
37234: 0.537559
37235: 0.537571
37236: 0.537557
37237: 0.537542
37238: 0.537528
37239: 0.53754
37240: 0.537526
37241: 0.537538
37242: 0.537551
37243: 0.537563
37244: 0.537576
37245: 0.537561
37246: 0.537573
37247: 0.537559
37248: 0.537545
37249: 0.537557
37250: 0.537569
37251: 0.537582
37252: 0.537567
37253: 0.537553
37254: 0.537565
37255: 0.537578
37256: 0.53759
37257: 0.537576
37258: 0.537561
37259: 0.537574
37260: 0.537559
37261: 0.537545
37262: 0.537557
37263: 0.53757
37264: 0.537555
37265: 0.537541
37266: 0.537553
37267: 0.537566
37268: 0.537578
37269: 0.537564
37270: 0.537576
37271: 0.537589
37272: 0.537574
37273: 0.53756
37274: 0.537545
37275: 0.537558
37276: 0.53757
37277: 0.537582
37278: 0.537568
37279: 0.537554
37280: 0.537566
37281: 0.537552
37282: 0.537564
37283: 0.537576
37284: 0.537589
37285: 0.537601
37286: 0.537587
37287: 0.537599
37288: 0.537612
37289: 0.537624
37290: 0.537636
37291: 0.537622
37292: 0.537608
37293: 0.537593
37294: 0.537579
37295: 0.537564
37296: 0.537577
37297: 0.537589
37298: 0.537575
37299: 0.537587
37300: 0.537573
37301: 0.537585
37302: 0.537571
37303: 0.537583
37304: 0.537595
37305: 0.537608
37306: 0.53762
37307: 0.537633
37308: 0.537645
37309: 0.537631
37310: 0.537643
37311: 0.537655
37312: 0.537668
37313: 0.537653
37314: 0.537639
37315: 0.537625
37316: 0.53761
37317: 0.537623
37318: 0.537608
37319: 0.537594
37320: 0.537579
37321: 0.537565
37322: 0.537577
37323: 0.53759
37324: 0.537602
37325: 0.537588
37326: 0.5376
37327: 0.537586
37328: 0.537598
37329: 0.537584
37330: 0.537596
37331: 0.537608
37332: 0.537621
37333: 0.537633
37334: 0.537646
37335: 0.537658
37336: 0.53767
37337: 0.537683
37338: 0.537668
37339: 0.537681
37340: 0.537693
37341: 0.537706
37342: 0.537691
37343: 0.537704
37344: 0.537689
37345: 0.537701
37346: 0.537714
37347: 0.537699
37348: 0.537685
37349: 0.537671
37350: 0.537683
37351: 0.537669
37352: 0.537681
37353: 0.537667
37354: 0.537679
37355: 0.537691
37356: 0.537677
37357: 0.537689
37358: 0.537702
37359: 0.537714
37360: 0.5377
37361: 0.537685
37362: 0.537671
37363: 0.537683
37364: 0.537696
37365: 0.537708
37366: 0.53772
37367: 0.537706
37368: 0.537692
37369: 0.537677
37370: 0.537663
37371: 0.537649
37372: 0.537634
37373: 0.53762
37374: 0.537605
37375: 0.537618
37376: 0.537603
37377: 0.537589
37378: 0.537575
37379: 0.53756
37380: 0.537573
37381: 0.537558
37382: 0.537544
37383: 0.537556
37384: 0.537569
37385: 0.537581
37386: 0.537593
37387: 0.537606
37388: 0.537618
37389: 0.53763
37390: 0.537643
37391: 0.537655
37392: 0.537641
37393: 0.537626
37394: 0.537639
37395: 0.537651
37396: 0.537663
37397: 0.537649
37398: 0.537635
37399: 0.53762
37400: 0.537633
37401: 0.537645
37402: 0.537631
37403: 0.537643
37404: 0.537655
37405: 0.537668
37406: 0.53768
37407: 0.537692
37408: 0.537705
37409: 0.537717
37410: 0.537703
37411: 0.537688
37412: 0.537701
37413: 0.537713
37414: 0.537726
37415: 0.537711
37416: 0.537697
37417: 0.537682
37418: 0.537695
37419: 0.53768
37420: 0.537693
37421: 0.537705
37422: 0.537691
37423: 0.537676
37424: 0.537689
37425: 0.537674
37426: 0.53766
37427: 0.537646
37428: 0.537631
37429: 0.537644
37430: 0.537629
37431: 0.537615
37432: 0.537601
37433: 0.537586
37434: 0.537572
37435: 0.537584
37436: 0.537596
37437: 0.537582
37438: 0.537568
37439: 0.53758
37440: 0.537592
37441: 0.537605
37442: 0.537617
37443: 0.53763
37444: 0.537642
37445: 0.537628
37446: 0.53764
37447: 0.537652
37448: 0.537665
37449: 0.53765
37450: 0.537663
37451: 0.537675
37452: 0.537661
37453: 0.537646
37454: 0.537632
37455: 0.537644
37456: 0.53763
37457: 0.537642
37458: 0.537655
37459: 0.537667
37460: 0.537652
37461: 0.537665
37462: 0.53765
37463: 0.537636
37464: 0.537622
37465: 0.537634
37466: 0.537646
37467: 0.537659
37468: 0.537644
37469: 0.53763
37470: 0.537642
37471: 0.537655
37472: 0.537667
37473: 0.537653
37474: 0.537665
37475: 0.537651
37476: 0.537663
37477: 0.537675
37478: 0.537661
37479: 0.537647
37480: 0.537659
37481: 0.537671
37482: 0.537657
37483: 0.537669
37484: 0.537655
37485: 0.537667
37486: 0.53768
37487: 0.537692
37488: 0.537704
37489: 0.53769
37490: 0.537676
37491: 0.537661
37492: 0.537674
37493: 0.537659
37494: 0.537672
37495: 0.537684
37496: 0.537696
37497: 0.537709
37498: 0.537721
37499: 0.537733
37500: 0.537746
37501: 0.537731
37502: 0.537717
37503: 0.537703
37504: 0.537688
37505: 0.537674
37506: 0.53766
37507: 0.537672
37508: 0.537658
37509: 0.537643
37510: 0.537656
37511: 0.537668
37512: 0.537654
37513: 0.537666
37514: 0.537678
37515: 0.537664
37516: 0.537676
37517: 0.537689
37518: 0.537701
37519: 0.537713
37520: 0.537726
37521: 0.537711
37522: 0.537724
37523: 0.537736
37524: 0.537748
37525: 0.53776
37526: 0.537746
37527: 0.537758
37528: 0.537771
37529: 0.537783
37530: 0.537769
37531: 0.537754
37532: 0.537767
37533: 0.537752
37534: 0.537765
37535: 0.53775
37536: 0.537763
37537: 0.537775
37538: 0.537761
37539: 0.537746
37540: 0.537759
37541: 0.537771
37542: 0.537783
37543: 0.537769
37544: 0.537781
37545: 0.537767
37546: 0.537753
37547: 0.537765
37548: 0.537751
37549: 0.537763
37550: 0.537775
37551: 0.537788
37552: 0.5378
37553: 0.537812
37554: 0.537825
37555: 0.537837
37556: 0.537849
37557: 0.537861
37558: 0.537874
37559: 0.537886
37560: 0.537898
37561: 0.537911
37562: 0.537923
37563: 0.537935
37564: 0.537921
37565: 0.537907
37566: 0.537919
37567: 0.537905
37568: 0.537917
37569: 0.537929
37570: 0.537915
37571: 0.537901
37572: 0.537886
37573: 0.537899
37574: 0.537911
37575: 0.537897
37576: 0.537882
37577: 0.537895
37578: 0.53788
37579: 0.537892
37580: 0.537905
37581: 0.537917
37582: 0.537929
37583: 0.537915
37584: 0.537927
37585: 0.53794
37586: 0.537925
37587: 0.537911
37588: 0.537923
37589: 0.537936
37590: 0.537948
37591: 0.537934
37592: 0.537919
37593: 0.537932
37594: 0.537917
37595: 0.537903
37596: 0.537915
37597: 0.537901
37598: 0.537913
37599: 0.537926
37600: 0.537911
37601: 0.537924
37602: 0.537909
37603: 0.537921
37604: 0.537907
37605: 0.537893
37606: 0.537879
37607: 0.537891
37608: 0.537903
37609: 0.537889
37610: 0.537901
37611: 0.537887
37612: 0.537873
37613: 0.537858
37614: 0.537871
37615: 0.537856
37616: 0.537842
37617: 0.537828
37618: 0.537813
37619: 0.537826
37620: 0.537811
37621: 0.537797
37622: 0.537809
37623: 0.537822
37624: 0.537834
37625: 0.537846
37626: 0.537832
37627: 0.537844
37628: 0.537856
37629: 0.537869
37630: 0.537854
37631: 0.537867
37632: 0.537879
37633: 0.537891
37634: 0.537904
37635: 0.537916
37636: 0.537928
37637: 0.53794
37638: 0.537953
37639: 0.537938
37640: 0.537951
37641: 0.537936
37642: 0.537949
37643: 0.537961
37644: 0.537973
37645: 0.537959
37646: 0.537945
37647: 0.53793
37648: 0.537943
37649: 0.537928
37650: 0.537941
37651: 0.537953
37652: 0.537939
37653: 0.537951
37654: 0.537963
37655: 0.537975
37656: 0.537961
37657: 0.537947
37658: 0.537932
37659: 0.537945
37660: 0.53793
37661: 0.537943
37662: 0.537928
37663: 0.537914
37664: 0.5379
37665: 0.537912
37666: 0.537924
37667: 0.537937
37668: 0.537949
37669: 0.537961
37670: 0.537947
37671: 0.537959
37672: 0.537971
37673: 0.537984
37674: 0.537996
37675: 0.538008
37676: 0.538021
37677: 0.538006
37678: 0.537992
37679: 0.538004
37680: 0.53799
37681: 0.538002
37682: 0.538014
37683: 0.538027
37684: 0.538012
37685: 0.538025
37686: 0.538037
37687: 0.538049
37688: 0.538062
37689: 0.538047
37690: 0.538059
37691: 0.538072
37692: 0.538057
37693: 0.538043
37694: 0.538029
37695: 0.538015
37696: 0.538
37697: 0.538013
37698: 0.538025
37699: 0.538037
37700: 0.538049
37701: 0.538035
37702: 0.538021
37703: 0.538007
37704: 0.538019
37705: 0.538005
37706: 0.53799
37707: 0.538003
37708: 0.538015
37709: 0.538001
37710: 0.538013
37711: 0.538025
37712: 0.538037
37713: 0.53805
37714: 0.538035
37715: 0.538021
37716: 0.538007
37717: 0.538019
37718: 0.538031
37719: 0.538043
37720: 0.538056
37721: 0.538041
37722: 0.538054
37723: 0.538066
37724: 0.538078
37725: 0.53809
37726: 0.538076
37727: 0.538088
37728: 0.538101
37729: 0.538113
37730: 0.538125
37731: 0.538111
37732: 0.538097
37733: 0.538109
37734: 0.538121
37735: 0.538133
37736: 0.538119
37737: 0.538105
37738: 0.538091
37739: 0.538076
37740: 0.538089
37741: 0.538101
37742: 0.538087
37743: 0.538099
37744: 0.538085
37745: 0.53807
37746: 0.538082
37747: 0.538095
37748: 0.53808
37749: 0.538093
37750: 0.538078
37751: 0.538091
37752: 0.538103
37753: 0.538089
37754: 0.538074
37755: 0.538087
37756: 0.538099
37757: 0.538111
37758: 0.538123
37759: 0.538109
37760: 0.538095
37761: 0.538107
37762: 0.538119
37763: 0.538105
37764: 0.538117
37765: 0.53813
37766: 0.538115
37767: 0.538128
37768: 0.53814
37769: 0.538152
37770: 0.538138
37771: 0.53815
37772: 0.538162
37773: 0.538174
37774: 0.538187
37775: 0.538199
37776: 0.538185
37777: 0.53817
37778: 0.538156
37779: 0.538142
37780: 0.538154
37781: 0.538166
37782: 0.538152
37783: 0.538138
37784: 0.538124
37785: 0.538136
37786: 0.538148
37787: 0.53816
37788: 0.538146
37789: 0.538158
37790: 0.53817
37791: 0.538183
37792: 0.538195
37793: 0.538207
37794: 0.538219
37795: 0.538232
37796: 0.538244
37797: 0.53823
37798: 0.538242
37799: 0.538254
37800: 0.53824
37801: 0.538252
37802: 0.538238
37803: 0.538223
37804: 0.538209
37805: 0.538195
37806: 0.538207
37807: 0.538219
37808: 0.538232
37809: 0.538217
37810: 0.538203
37811: 0.538189
37812: 0.538201
37813: 0.538187
37814: 0.538173
37815: 0.538185
37816: 0.538197
37817: 0.538209
37818: 0.538222
37819: 0.538207
37820: 0.538193
37821: 0.538179
37822: 0.538165
37823: 0.53815
37824: 0.538163
37825: 0.538175
37826: 0.538161
37827: 0.538146
37828: 0.538132
37829: 0.538144
37830: 0.53813
37831: 0.538142
37832: 0.538128
37833: 0.538114
37834: 0.5381
37835: 0.538112
37836: 0.538124
37837: 0.53811
37838: 0.538096
37839: 0.538081
37840: 0.538094
37841: 0.538079
37842: 0.538065
37843: 0.538051
37844: 0.538063
37845: 0.538049
37846: 0.538035
37847: 0.538047
37848: 0.538033
37849: 0.538018
37850: 0.538031
37851: 0.538043
37852: 0.538055
37853: 0.538041
37854: 0.538027
37855: 0.538012
37856: 0.537998
37857: 0.53801
37858: 0.537996
37859: 0.538008
37860: 0.538021
37861: 0.538033
37862: 0.538019
37863: 0.538031
37864: 0.538043
37865: 0.538055
37866: 0.538067
37867: 0.538053
37868: 0.538039
37869: 0.538051
37870: 0.538037
37871: 0.538023
37872: 0.538035
37873: 0.538047
37874: 0.538059
37875: 0.538045
37876: 0.538057
37877: 0.53807
37878: 0.538055
37879: 0.538041
37880: 0.538053
37881: 0.538066
37882: 0.538051
37883: 0.538037
37884: 0.538049
37885: 0.538062
37886: 0.538047
37887: 0.538033
37888: 0.538045
37889: 0.538058
37890: 0.538043
37891: 0.538029
37892: 0.538041
37893: 0.538027
37894: 0.538039
37895: 0.538052
37896: 0.538037
37897: 0.53805
37898: 0.538062
37899: 0.538074
37900: 0.538086
37901: 0.538072
37902: 0.538058
37903: 0.53807
37904: 0.538082
37905: 0.538094
37906: 0.538106
37907: 0.538119
37908: 0.538104
37909: 0.53809
37910: 0.538076
37911: 0.538088
37912: 0.538074
37913: 0.53806
37914: 0.538046
37915: 0.538058
37916: 0.53807
37917: 0.538082
37918: 0.538094
37919: 0.538107
37920: 0.538092
37921: 0.538105
37922: 0.53809
37923: 0.538103
37924: 0.538115
37925: 0.538127
37926: 0.538113
37927: 0.538099
37928: 0.538084
37929: 0.53807
37930: 0.538056
37931: 0.538068
37932: 0.53808
37933: 0.538092
37934: 0.538105
37935: 0.53809
37936: 0.538076
37937: 0.538088
37938: 0.538101
37939: 0.538086
37940: 0.538099
37941: 0.538084
37942: 0.538097
37943: 0.538109
37944: 0.538121
37945: 0.538133
37946: 0.538119
37947: 0.538105
37948: 0.538091
37949: 0.538076
37950: 0.538062
37951: 0.538048
37952: 0.538034
37953: 0.538046
37954: 0.538058
37955: 0.538044
37956: 0.53803
37957: 0.538016
37958: 0.538002
37959: 0.537987
37960: 0.538
37961: 0.538012
37962: 0.538024
37963: 0.538036
37964: 0.538048
37965: 0.538034
37966: 0.53802
37967: 0.538006
37968: 0.537992
37969: 0.537977
37970: 0.537963
37971: 0.537949
37972: 0.537935
37973: 0.537947
37974: 0.537959
37975: 0.537971
37976: 0.537984
37977: 0.537996
37978: 0.537982
37979: 0.537967
37980: 0.53798
37981: 0.537965
37982: 0.537951
37983: 0.537937
37984: 0.537949
37985: 0.537961
37986: 0.537974
37987: 0.537986
37988: 0.537998
37989: 0.537984
37990: 0.537996
37991: 0.538008
37992: 0.53802
37993: 0.538032
37994: 0.538044
37995: 0.53803
37996: 0.538016
37997: 0.538002
37998: 0.538014
37999: 0.538026
38000: 0.538038
38001: 0.538024
38002: 0.53801
38003: 0.538022
38004: 0.538034
38005: 0.538047
38006: 0.538032
38007: 0.538018
38008: 0.538004
38009: 0.53799
38010: 0.537976
38011: 0.537988
38012: 0.537974
38013: 0.53796
38014: 0.537946
38015: 0.537931
38016: 0.537944
38017: 0.537956
38018: 0.537968
38019: 0.53798
38020: 0.537992
38021: 0.538004
38022: 0.53799
38023: 0.537976
38024: 0.537962
38025: 0.537974
38026: 0.53796
38027: 0.537972
38028: 0.537984
38029: 0.53797
38030: 0.537956
38031: 0.537942
38032: 0.537954
38033: 0.53794
38034: 0.537926
38035: 0.537938
38036: 0.53795
38037: 0.537962
38038: 0.537974
38039: 0.53796
38040: 0.537972
38041: 0.537984
38042: 0.53797
38043: 0.537956
38044: 0.537968
38045: 0.537954
38046: 0.53794
38047: 0.537926
38048: 0.537912
38049: 0.537898
38050: 0.537883
38051: 0.537869
38052: 0.537881
38053: 0.537867
38054: 0.537853
38055: 0.537865
38056: 0.537851
38057: 0.537837
38058: 0.537823
38059: 0.537835
38060: 0.537847
38061: 0.537833
38062: 0.537819
38063: 0.537805
38064: 0.537817
38065: 0.537829
38066: 0.537841
38067: 0.537853
38068: 0.537865
38069: 0.537851
38070: 0.537863
38071: 0.537849
38072: 0.537835
38073: 0.537821
38074: 0.537833
38075: 0.537845
38076: 0.537831
38077: 0.537843
38078: 0.537856
38079: 0.537868
38080: 0.537854
38081: 0.537839
38082: 0.537825
38083: 0.537837
38084: 0.53785
38085: 0.537862
38086: 0.537874
38087: 0.537886
38088: 0.537872
38089: 0.537884
38090: 0.53787
38091: 0.537882
38092: 0.537868
38093: 0.537854
38094: 0.53784
38095: 0.537825
38096: 0.537811
38097: 0.537797
38098: 0.537783
38099: 0.537769
38100: 0.537755
38101: 0.537741
38102: 0.537753
38103: 0.537765
38104: 0.537751
38105: 0.537737
38106: 0.537723
38107: 0.537709
38108: 0.537721
38109: 0.537733
38110: 0.537719
38111: 0.537705
38112: 0.537691
38113: 0.537703
38114: 0.537715
38115: 0.537727
38116: 0.537713
38117: 0.537699
38118: 0.537685
38119: 0.537697
38120: 0.537709
38121: 0.537721
38122: 0.537707
38123: 0.537693
38124: 0.537705
38125: 0.537691
38126: 0.537703
38127: 0.537715
38128: 0.537701
38129: 0.537713
38130: 0.537699
38131: 0.537711
38132: 0.537723
38133: 0.537735
38134: 0.537747
38135: 0.537733
38136: 0.537745
38137: 0.537731
38138: 0.537717
38139: 0.537729
38140: 0.537742
38141: 0.537727
38142: 0.537713
38143: 0.537699
38144: 0.537685
38145: 0.537671
38146: 0.537683
38147: 0.537695
38148: 0.537707
38149: 0.53772
38150: 0.537732
38151: 0.537718
38152: 0.53773
38153: 0.537716
38154: 0.537701
38155: 0.537714
38156: 0.537726
38157: 0.537712
38158: 0.537698
38159: 0.537683
38160: 0.537696
38161: 0.537681
38162: 0.537667
38163: 0.537653
38164: 0.537639
38165: 0.537625
38166: 0.537611
38167: 0.537597
38168: 0.537609
38169: 0.537621
38170: 0.537607
38171: 0.537619
38172: 0.537605
38173: 0.537617
38174: 0.537629
38175: 0.537641
38176: 0.537654
38177: 0.537639
38178: 0.537625
38179: 0.537611
38180: 0.537597
38181: 0.537583
38182: 0.537595
38183: 0.537607
38184: 0.537619
38185: 0.537605
38186: 0.537618
38187: 0.537603
38188: 0.537616
38189: 0.537601
38190: 0.537614
38191: 0.537599
38192: 0.537585
38193: 0.537571
38194: 0.537583
38195: 0.537569
38196: 0.537581
38197: 0.537567
38198: 0.53758
38199: 0.537592
38200: 0.537578
38201: 0.53759
38202: 0.537576
38203: 0.537588
38204: 0.537574
38205: 0.53756
38206: 0.537572
38207: 0.537558
38208: 0.537544
38209: 0.537529
38210: 0.537515
38211: 0.537501
38212: 0.537487
38213: 0.537499
38214: 0.537485
38215: 0.537497
38216: 0.537483
38217: 0.537469
38218: 0.537481
38219: 0.537493
38220: 0.537506
38221: 0.537491
38222: 0.537504
38223: 0.53749
38224: 0.537502
38225: 0.537514
38226: 0.537526
38227: 0.537538
38228: 0.537524
38229: 0.53751
38230: 0.537522
38231: 0.537534
38232: 0.53752
38233: 0.537506
38234: 0.537492
38235: 0.537504
38236: 0.53749
38237: 0.537502
38238: 0.537488
38239: 0.537474
38240: 0.53746
38241: 0.537472
38242: 0.537458
38243: 0.537444
38244: 0.537456
38245: 0.537442
38246: 0.537428
38247: 0.537414
38248: 0.5374
38249: 0.537386
38250: 0.537398
38251: 0.53741
38252: 0.537396
38253: 0.537382
38254: 0.537394
38255: 0.53738
38256: 0.537366
38257: 0.537378
38258: 0.53739
38259: 0.537402
38260: 0.537414
38261: 0.537426
38262: 0.537438
38263: 0.53745
38264: 0.537462
38265: 0.537475
38266: 0.53746
38267: 0.537446
38268: 0.537459
38269: 0.537471
38270: 0.537483
38271: 0.537495
38272: 0.537481
38273: 0.537493
38274: 0.537479
38275: 0.537465
38276: 0.537477
38277: 0.537463
38278: 0.537475
38279: 0.537487
38280: 0.537499
38281: 0.537511
38282: 0.537523
38283: 0.537535
38284: 0.537547
38285: 0.537559
38286: 0.537571
38287: 0.537584
38288: 0.53757
38289: 0.537555
38290: 0.537568
38291: 0.53758
38292: 0.537566
38293: 0.537578
38294: 0.53759
38295: 0.537576
38296: 0.537588
38297: 0.5376
38298: 0.537612
38299: 0.537624
38300: 0.537636
38301: 0.537648
38302: 0.537634
38303: 0.53762
38304: 0.537632
38305: 0.537618
38306: 0.53763
38307: 0.537642
38308: 0.537654
38309: 0.53764
38310: 0.537626
38311: 0.537612
38312: 0.537598
38313: 0.537584
38314: 0.537596
38315: 0.537582
38316: 0.537594
38317: 0.53758
38318: 0.537592
38319: 0.537578
38320: 0.537564
38321: 0.53755
38322: 0.537536
38323: 0.537522
38324: 0.537534
38325: 0.537546
38326: 0.537558
38327: 0.537544
38328: 0.537556
38329: 0.537568
38330: 0.537581
38331: 0.537593
38332: 0.537605
38333: 0.537617
38334: 0.537629
38335: 0.537641
38336: 0.537653
38337: 0.537665
38338: 0.537651
38339: 0.537663
38340: 0.537675
38341: 0.537687
38342: 0.537673
38343: 0.537659
38344: 0.537645
38345: 0.537657
38346: 0.537643
38347: 0.537629
38348: 0.537615
38349: 0.537601
38350: 0.537587
38351: 0.537599
38352: 0.537611
38353: 0.537597
38354: 0.537609
38355: 0.537621
38356: 0.537607
38357: 0.537619
38358: 0.537631
38359: 0.537617
38360: 0.537629
38361: 0.537641
38362: 0.537653
38363: 0.537639
38364: 0.537652
38365: 0.537664
38366: 0.53765
38367: 0.537636
38368: 0.537648
38369: 0.537634
38370: 0.53762
38371: 0.537632
38372: 0.537618
38373: 0.53763
38374: 0.537642
38375: 0.537628
38376: 0.53764
38377: 0.537626
38378: 0.537612
38379: 0.537598
38380: 0.537584
38381: 0.537596
38382: 0.537582
38383: 0.537594
38384: 0.53758
38385: 0.537592
38386: 0.537604
38387: 0.537616
38388: 0.537602
38389: 0.537614
38390: 0.537626
38391: 0.537638
38392: 0.537624
38393: 0.537636
38394: 0.537648
38395: 0.537634
38396: 0.53762
38397: 0.537606
38398: 0.537592
38399: 0.537604
38400: 0.53759
38401: 0.537602
38402: 0.537588
38403: 0.5376
38404: 0.537586
38405: 0.537572
38406: 0.537584
38407: 0.53757
38408: 0.537582
38409: 0.537594
38410: 0.537606
38411: 0.537618
38412: 0.53763
38413: 0.537643
38414: 0.537655
38415: 0.537667
38416: 0.537679
38417: 0.537665
38418: 0.537651
38419: 0.537637
38420: 0.537649
38421: 0.537635
38422: 0.537621
38423: 0.537633
38424: 0.537619
38425: 0.537605
38426: 0.537591
38427: 0.537603
38428: 0.537589
38429: 0.537575
38430: 0.537561
38431: 0.537573
38432: 0.537559
38433: 0.537571
38434: 0.537557
38435: 0.537569
38436: 0.537555
38437: 0.537541
38438: 0.537553
38439: 0.537565
38440: 0.537577
38441: 0.537589
38442: 0.537601
38443: 0.537613
38444: 0.537599
38445: 0.537611
38446: 0.537597
38447: 0.537609
38448: 0.537621
38449: 0.537607
38450: 0.537593
38451: 0.537579
38452: 0.537565
38453: 0.537577
38454: 0.537563
38455: 0.537549
38456: 0.537535
38457: 0.537521
38458: 0.537507
38459: 0.53752
38460: 0.537532
38461: 0.537518
38462: 0.537504
38463: 0.53749
38464: 0.537502
38465: 0.537514
38466: 0.5375
38467: 0.537486
38468: 0.537498
38469: 0.537484
38470: 0.537496
38471: 0.537508
38472: 0.537494
38473: 0.53748
38474: 0.537492
38475: 0.537478
38476: 0.537464
38477: 0.53745
38478: 0.537462
38479: 0.537474
38480: 0.537486
38481: 0.537498
38482: 0.53751
38483: 0.537496
38484: 0.537482
38485: 0.537494
38486: 0.537506
38487: 0.537492
38488: 0.537504
38489: 0.537516
38490: 0.537528
38491: 0.53754
38492: 0.537526
38493: 0.537512
38494: 0.537524
38495: 0.537536
38496: 0.537548
38497: 0.53756
38498: 0.537572
38499: 0.537584
38500: 0.53757
38501: 0.537556
38502: 0.537543
38503: 0.537529
38504: 0.537515
38505: 0.537501
38506: 0.537487
38507: 0.537499
38508: 0.537485
38509: 0.537471
38510: 0.537483
38511: 0.537495
38512: 0.537507
38513: 0.537519
38514: 0.537505
38515: 0.537517
38516: 0.537529
38517: 0.537515
38518: 0.537501
38519: 0.537487
38520: 0.537499
38521: 0.537485
38522: 0.537497
38523: 0.537509
38524: 0.537521
38525: 0.537507
38526: 0.537493
38527: 0.537505
38528: 0.537491
38529: 0.537503
38530: 0.537489
38531: 0.537475
38532: 0.537487
38533: 0.537473
38534: 0.537485
38535: 0.537497
38536: 0.537509
38537: 0.537521
38538: 0.537533
38539: 0.537545
38540: 0.537557
38541: 0.537543
38542: 0.537555
38543: 0.537542
38544: 0.537528
38545: 0.537514
38546: 0.537526
38547: 0.537538
38548: 0.53755
38549: 0.537562
38550: 0.537574
38551: 0.53756
38552: 0.537546
38553: 0.537558
38554: 0.53757
38555: 0.537582
38556: 0.537594
38557: 0.537606
38558: 0.537592
38559: 0.537578
38560: 0.537564
38561: 0.537576
38562: 0.537562
38563: 0.537574
38564: 0.537586
38565: 0.537572
38566: 0.537584
38567: 0.537596
38568: 0.537582
38569: 0.537568
38570: 0.537554
38571: 0.537566
38572: 0.537578
38573: 0.53759
38574: 0.537602
38575: 0.537588
38576: 0.537574
38577: 0.53756
38578: 0.537572
38579: 0.537558
38580: 0.537544
38581: 0.537556
38582: 0.537568
38583: 0.53758
38584: 0.537592
38585: 0.537604
38586: 0.537616
38587: 0.537602
38588: 0.537614
38589: 0.5376
38590: 0.537586
38591: 0.537598
38592: 0.537585
38593: 0.537597
38594: 0.537583
38595: 0.537569
38596: 0.537581
38597: 0.537567
38598: 0.537579
38599: 0.537565
38600: 0.537577
38601: 0.537563
38602: 0.537575
38603: 0.537587
38604: 0.537573
38605: 0.537585
38606: 0.537571
38607: 0.537557
38608: 0.537543
38609: 0.537555
38610: 0.537567
38611: 0.537579
38612: 0.537565
38613: 0.537577
38614: 0.537563
38615: 0.537575
38616: 0.537561
38617: 0.537547
38618: 0.537533
38619: 0.537519
38620: 0.537531
38621: 0.537543
38622: 0.537555
38623: 0.537541
38624: 0.537553
38625: 0.537565
38626: 0.537577
38627: 0.537589
38628: 0.537601
38629: 0.537613
38630: 0.537599
38631: 0.537585
38632: 0.537572
38633: 0.537558
38634: 0.53757
38635: 0.537582
38636: 0.537568
38637: 0.53758
38638: 0.537566
38639: 0.537578
38640: 0.537564
38641: 0.537576
38642: 0.537588
38643: 0.537574
38644: 0.537586
38645: 0.537572
38646: 0.537584
38647: 0.53757
38648: 0.537556
38649: 0.537542
38650: 0.537528
38651: 0.53754
38652: 0.537552
38653: 0.537538
38654: 0.537524
38655: 0.53751
38656: 0.537496
38657: 0.537508
38658: 0.537495
38659: 0.537481
38660: 0.537493
38661: 0.537505
38662: 0.537491
38663: 0.537503
38664: 0.537515
38665: 0.537527
38666: 0.537538
38667: 0.53755
38668: 0.537562
38669: 0.537574
38670: 0.53756
38671: 0.537572
38672: 0.537559
38673: 0.537545
38674: 0.537531
38675: 0.537517
38676: 0.537503
38677: 0.537489
38678: 0.537501
38679: 0.537513
38680: 0.537525
38681: 0.537511
38682: 0.537523
38683: 0.537509
38684: 0.537495
38685: 0.537507
38686: 0.537493
38687: 0.537505
38688: 0.537491
38689: 0.537477
38690: 0.537489
38691: 0.537501
38692: 0.537513
38693: 0.537525
38694: 0.537537
38695: 0.537549
38696: 0.537561
38697: 0.537547
38698: 0.537559
38699: 0.537571
38700: 0.537583
38701: 0.537595
38702: 0.537581
38703: 0.537593
38704: 0.537579
38705: 0.537591
38706: 0.537577
38707: 0.537563
38708: 0.537549
38709: 0.537536
38710: 0.537522
38711: 0.537508
38712: 0.53752
38713: 0.537532
38714: 0.537544
38715: 0.53753
38716: 0.537516
38717: 0.537528
38718: 0.53754
38719: 0.537552
38720: 0.537564
38721: 0.537576
38722: 0.537587
38723: 0.537599
38724: 0.537586
38725: 0.537572
38726: 0.537558
38727: 0.53757
38728: 0.537582
38729: 0.537568
38730: 0.537554
38731: 0.537566
38732: 0.537552
38733: 0.537564
38734: 0.537576
38735: 0.537588
38736: 0.5376
38737: 0.537586
38738: 0.537572
38739: 0.537558
38740: 0.53757
38741: 0.537556
38742: 0.537568
38743: 0.537554
38744: 0.537566
38745: 0.537578
38746: 0.537564
38747: 0.53755
38748: 0.537562
38749: 0.537574
38750: 0.53756
38751: 0.537572
38752: 0.537584
38753: 0.53757
38754: 0.537556
38755: 0.537543
38756: 0.537555
38757: 0.537566
38758: 0.537578
38759: 0.53759
38760: 0.537602
38761: 0.537588
38762: 0.5376
38763: 0.537586
38764: 0.537573
38765: 0.537559
38766: 0.537545
38767: 0.537557
38768: 0.537543
38769: 0.537529
38770: 0.537541
38771: 0.537553
38772: 0.537565
38773: 0.537577
38774: 0.537589
38775: 0.537575
38776: 0.537561
38777: 0.537573
38778: 0.537585
38779: 0.537597
38780: 0.537609
38781: 0.537621
38782: 0.537632
38783: 0.537619
38784: 0.537605
38785: 0.537591
38786: 0.537603
38787: 0.537615
38788: 0.537601
38789: 0.537613
38790: 0.537625
38791: 0.537637
38792: 0.537649
38793: 0.53766
38794: 0.537672
38795: 0.537684
38796: 0.53767
38797: 0.537657
38798: 0.537668
38799: 0.537655
38800: 0.537667
38801: 0.537678
38802: 0.537665
38803: 0.537677
38804: 0.537688
38805: 0.5377
38806: 0.537712
38807: 0.537698
38808: 0.53771
38809: 0.537696
38810: 0.537708
38811: 0.537695
38812: 0.537681
38813: 0.537693
38814: 0.537704
38815: 0.537691
38816: 0.537703
38817: 0.537714
38818: 0.537726
38819: 0.537738
38820: 0.537724
38821: 0.537711
38822: 0.537697
38823: 0.537683
38824: 0.537669
38825: 0.537681
38826: 0.537693
38827: 0.537705
38828: 0.537717
38829: 0.537703
38830: 0.537715
38831: 0.537727
38832: 0.537713
38833: 0.537725
38834: 0.537711
38835: 0.537723
38836: 0.537735
38837: 0.537747
38838: 0.537733
38839: 0.537719
38840: 0.537705
38841: 0.537717
38842: 0.537729
38843: 0.537741
38844: 0.537753
38845: 0.537739
38846: 0.537751
38847: 0.537763
38848: 0.537774
38849: 0.537786
38850: 0.537798
38851: 0.537784
38852: 0.537771
38853: 0.537782
38854: 0.537769
38855: 0.537781
38856: 0.537792
38857: 0.537804
38858: 0.537816
38859: 0.537802
38860: 0.537789
38861: 0.537775
38862: 0.537761
38863: 0.537747
38864: 0.537759
38865: 0.537771
38866: 0.537783
38867: 0.537795
38868: 0.537806
38869: 0.537793
38870: 0.537779
38871: 0.537765
38872: 0.537751
38873: 0.537763
38874: 0.537775
38875: 0.537761
38876: 0.537747
38877: 0.537759
38878: 0.537745
38879: 0.537757
38880: 0.537743
38881: 0.53773
38882: 0.537741
38883: 0.537728
38884: 0.537714
38885: 0.5377
38886: 0.537712
38887: 0.537724
38888: 0.53771
38889: 0.537696
38890: 0.537708
38891: 0.53772
38892: 0.537706
38893: 0.537692
38894: 0.537678
38895: 0.537665
38896: 0.537651
38897: 0.537663
38898: 0.537674
38899: 0.537661
38900: 0.537673
38901: 0.537659
38902: 0.537671
38903: 0.537683
38904: 0.537694
38905: 0.537706
38906: 0.537718
38907: 0.53773
38908: 0.537716
38909: 0.537728
38910: 0.53774
38911: 0.537752
38912: 0.537738
38913: 0.537724
38914: 0.53771
38915: 0.537697
38916: 0.537683
38917: 0.537669
38918: 0.537681
38919: 0.537667
38920: 0.537679
38921: 0.537691
38922: 0.537677
38923: 0.537663
38924: 0.537649
38925: 0.537661
38926: 0.537673
38927: 0.537659
38928: 0.537671
38929: 0.537683
38930: 0.537695
38931: 0.537707
38932: 0.537693
38933: 0.537705
38934: 0.537691
38935: 0.537677
38936: 0.537663
38937: 0.53765
38938: 0.537636
38939: 0.537622
38940: 0.537634
38941: 0.537646
38942: 0.537658
38943: 0.537644
38944: 0.537656
38945: 0.537668
38946: 0.537654
38947: 0.537666
38948: 0.537677
38949: 0.537664
38950: 0.537676
38951: 0.537687
38952: 0.537699
38953: 0.537711
38954: 0.537697
38955: 0.537684
38956: 0.53767
38957: 0.537656
38958: 0.537642
38959: 0.537654
38960: 0.53764
38961: 0.537652
38962: 0.537638
38963: 0.537624
38964: 0.537636
38965: 0.537648
38966: 0.53766
38967: 0.537672
38968: 0.537658
38969: 0.537644
38970: 0.537656
38971: 0.537642
38972: 0.537654
38973: 0.537666
38974: 0.537678
38975: 0.53769
38976: 0.537676
38977: 0.537662
38978: 0.537648
38979: 0.537635
38980: 0.537647
38981: 0.537633
38982: 0.537619
38983: 0.537631
38984: 0.537617
38985: 0.537629
38986: 0.537641
38987: 0.537653
38988: 0.537664
38989: 0.537651
38990: 0.537637
38991: 0.537623
38992: 0.537635
38993: 0.537621
38994: 0.537633
38995: 0.537619
38996: 0.537631
38997: 0.537617
38998: 0.537604
38999: 0.537615
39000: 0.537627
39001: 0.537613
39002: 0.5376
39003: 0.537612
39004: 0.537623
39005: 0.537635
39006: 0.537621
39007: 0.537608
39008: 0.537594
39009: 0.537606
39010: 0.537618
39011: 0.537629
39012: 0.537641
39013: 0.537653
39014: 0.537665
39015: 0.537651
39016: 0.537637
39017: 0.537624
39018: 0.537636
39019: 0.537622
39020: 0.537634
39021: 0.53762
39022: 0.537632
39023: 0.537644
39024: 0.53763
39025: 0.537642
39026: 0.537628
39027: 0.537614
39028: 0.5376
39029: 0.537586
39030: 0.537573
39031: 0.537585
39032: 0.537596
39033: 0.537608
39034: 0.53762
39035: 0.537606
39036: 0.537618
39037: 0.537604
39038: 0.537591
39039: 0.537577
39040: 0.537563
39041: 0.537549
39042: 0.537561
39043: 0.537573
39044: 0.537559
39045: 0.537571
39046: 0.537583
39047: 0.537569
39048: 0.537555
39049: 0.537567
39050: 0.537579
39051: 0.537591
39052: 0.537603
39053: 0.537615
39054: 0.537601
39055: 0.537613
39056: 0.537624
39057: 0.537636
39058: 0.537648
39059: 0.537634
39060: 0.537621
39061: 0.537632
39062: 0.537644
39063: 0.537656
39064: 0.537668
39065: 0.53768
39066: 0.537666
39067: 0.537652
39068: 0.537664
39069: 0.537676
39070: 0.537662
39071: 0.537674
39072: 0.537686
39073: 0.537672
39074: 0.537684
39075: 0.53767
39076: 0.537656
39077: 0.537643
39078: 0.537654
39079: 0.537666
39080: 0.537678
39081: 0.53769
39082: 0.537702
39083: 0.537714
39084: 0.537725
39085: 0.537712
39086: 0.537724
39087: 0.537735
39088: 0.537722
39089: 0.537708
39090: 0.53772
39091: 0.537706
39092: 0.537692
39093: 0.537704
39094: 0.53769
39095: 0.537702
39096: 0.537714
39097: 0.5377
39098: 0.537686
39099: 0.537698
39100: 0.53771
39101: 0.537722
39102: 0.537708
39103: 0.537694
39104: 0.537681
39105: 0.537692
39106: 0.537704
39107: 0.53769
39108: 0.537702
39109: 0.537689
39110: 0.5377
39111: 0.537687
39112: 0.537673
39113: 0.537659
39114: 0.537645
39115: 0.537632
39116: 0.537643
39117: 0.53763
39118: 0.537616
39119: 0.537628
39120: 0.53764
39121: 0.537651
39122: 0.537663
39123: 0.53765
39124: 0.537661
39125: 0.537673
39126: 0.537685
39127: 0.537671
39128: 0.537657
39129: 0.537644
39130: 0.53763
39131: 0.537642
39132: 0.537628
39133: 0.537614
39134: 0.537626
39135: 0.537638
39136: 0.53765
39137: 0.537636
39138: 0.537622
39139: 0.537634
39140: 0.537646
39141: 0.537632
39142: 0.537644
39143: 0.537656
39144: 0.537668
39145: 0.537679
39146: 0.537666
39147: 0.537678
39148: 0.537689
39149: 0.537701
39150: 0.537713
39151: 0.537725
39152: 0.537737
39153: 0.537723
39154: 0.537709
39155: 0.537721
39156: 0.537733
39157: 0.537745
39158: 0.537756
39159: 0.537768
39160: 0.537754
39161: 0.537766
39162: 0.537778
39163: 0.53779
39164: 0.537776
39165: 0.537788
39166: 0.537774
39167: 0.537786
39168: 0.537798
39169: 0.53781
39170: 0.537821
39171: 0.537808
39172: 0.537819
39173: 0.537806
39174: 0.537792
39175: 0.537804
39176: 0.537816
39177: 0.537802
39178: 0.537788
39179: 0.5378
39180: 0.537786
39181: 0.537772
39182: 0.537784
39183: 0.537796
39184: 0.537782
39185: 0.537769
39186: 0.537755
39187: 0.537741
39188: 0.537727
39189: 0.537739
39190: 0.537751
39191: 0.537763
39192: 0.537749
39193: 0.537761
39194: 0.537773
39195: 0.537784
39196: 0.537796
39197: 0.537808
39198: 0.537794
39199: 0.537806
39200: 0.537792
39201: 0.537779
39202: 0.537765
39203: 0.537751
39204: 0.537738
39205: 0.537724
39206: 0.537736
39207: 0.537722
39208: 0.537734
39209: 0.537745
39210: 0.537757
39211: 0.537744
39212: 0.537755
39213: 0.537742
39214: 0.537728
39215: 0.537714
39216: 0.537726
39217: 0.537712
39218: 0.537724
39219: 0.53771
39220: 0.537697
39221: 0.537708
39222: 0.53772
39223: 0.537707
39224: 0.537718
39225: 0.53773
39226: 0.537716
39227: 0.537703
39228: 0.537689
39229: 0.537675
39230: 0.537662
39231: 0.537648
39232: 0.53766
39233: 0.537671
39234: 0.537658
39235: 0.537669
39236: 0.537656
39237: 0.537668
39238: 0.537679
39239: 0.537666
39240: 0.537677
39241: 0.537664
39242: 0.537676
39243: 0.537687
39244: 0.537699
39245: 0.537711
39246: 0.537723
39247: 0.537709
39248: 0.537695
39249: 0.537707
39250: 0.537719
39251: 0.537705
39252: 0.537691
39253: 0.537678
39254: 0.537689
39255: 0.537676
39256: 0.537662
39257: 0.537648
39258: 0.537635
39259: 0.537621
39260: 0.537633
39261: 0.537645
39262: 0.537656
39263: 0.537643
39264: 0.537654
39265: 0.537641
39266: 0.537627
39267: 0.537613
39268: 0.5376
39269: 0.537611
39270: 0.537623
39271: 0.537609
39272: 0.537621
39273: 0.537608
39274: 0.537594
39275: 0.53758
39276: 0.537592
39277: 0.537604
39278: 0.537616
39279: 0.537627
39280: 0.537614
39281: 0.5376
39282: 0.537612
39283: 0.537623
39284: 0.53761
39285: 0.537596
39286: 0.537582
39287: 0.537569
39288: 0.537555
39289: 0.537541
39290: 0.537528
39291: 0.537539
39292: 0.537526
39293: 0.537538
39294: 0.537549
39295: 0.537561
39296: 0.537573
39297: 0.537585
39298: 0.537596
39299: 0.537608
39300: 0.537594
39301: 0.537606
39302: 0.537618
39303: 0.537604
39304: 0.537591
39305: 0.537602
39306: 0.537614
39307: 0.537626
39308: 0.537638
39309: 0.537624
39310: 0.53761
39311: 0.537597
39312: 0.537583
39313: 0.537569
39314: 0.537581
39315: 0.537593
39316: 0.537605
39317: 0.537616
39318: 0.537603
39319: 0.537589
39320: 0.537575
39321: 0.537587
39322: 0.537573
39323: 0.537585
39324: 0.537572
39325: 0.537583
39326: 0.53757
39327: 0.537556
39328: 0.537568
39329: 0.537579
39330: 0.537591
39331: 0.537578
39332: 0.537564
39333: 0.537576
39334: 0.537562
39335: 0.537548
39336: 0.53756
39337: 0.537572
39338: 0.537584
39339: 0.537595
39340: 0.537607
39341: 0.537619
39342: 0.537631
39343: 0.537617
39344: 0.537603
39345: 0.537615
39346: 0.537627
39347: 0.537639
39348: 0.537625
39349: 0.537611
39350: 0.537598
39351: 0.537609
39352: 0.537621
39353: 0.537633
39354: 0.537619
39355: 0.537631
39356: 0.537617
39357: 0.537604
39358: 0.537615
39359: 0.537627
39360: 0.537613
39361: 0.5376
39362: 0.537611
39363: 0.537623
39364: 0.537635
39365: 0.537647
39366: 0.537633
39367: 0.537645
39368: 0.537657
39369: 0.537643
39370: 0.537629
39371: 0.537616
39372: 0.537602
39373: 0.537588
39374: 0.537575
39375: 0.537586
39376: 0.537598
39377: 0.53761
39378: 0.537622
39379: 0.537633
39380: 0.53762
39381: 0.537606
39382: 0.537618
39383: 0.537604
39384: 0.537616
39385: 0.537628
39386: 0.537639
39387: 0.537651
39388: 0.537637
39389: 0.537624
39390: 0.537636
39391: 0.537647
39392: 0.537659
39393: 0.537645
39394: 0.537632
39395: 0.537618
39396: 0.53763
39397: 0.537642
39398: 0.537653
39399: 0.537665
39400: 0.537651
39401: 0.537663
39402: 0.537675
39403: 0.537687
39404: 0.537698
39405: 0.53771
39406: 0.537722
39407: 0.537733
39408: 0.53772
39409: 0.537732
39410: 0.537743
39411: 0.53773
39412: 0.537716
39413: 0.537728
39414: 0.537739
39415: 0.537726
39416: 0.537738
39417: 0.537749
39418: 0.537736
39419: 0.537747
39420: 0.537734
39421: 0.53772
39422: 0.537706
39423: 0.537718
39424: 0.53773
39425: 0.537742
39426: 0.537753
39427: 0.537765
39428: 0.537751
39429: 0.537738
39430: 0.537749
39431: 0.537761
39432: 0.537773
39433: 0.537785
39434: 0.537796
39435: 0.537808
39436: 0.53782
39437: 0.537806
39438: 0.537818
39439: 0.537804
39440: 0.537816
39441: 0.537828
39442: 0.537814
39443: 0.537826
39444: 0.537812
39445: 0.537799
39446: 0.537785
39447: 0.537771
39448: 0.537783
39449: 0.537795
39450: 0.537806
39451: 0.537793
39452: 0.537804
39453: 0.537816
39454: 0.537828
39455: 0.53784
39456: 0.537826
39457: 0.537838
39458: 0.537824
39459: 0.537836
39460: 0.537822
39461: 0.537809
39462: 0.53782
39463: 0.537832
39464: 0.537844
39465: 0.537855
39466: 0.537842
39467: 0.537853
39468: 0.537865
39469: 0.537877
39470: 0.537863
39471: 0.53785
39472: 0.537836
39473: 0.537822
39474: 0.537809
39475: 0.53782
39476: 0.537832
39477: 0.537819
39478: 0.53783
39479: 0.537817
39480: 0.537828
39481: 0.53784
39482: 0.537826
39483: 0.537813
39484: 0.537824
39485: 0.537811
39486: 0.537823
39487: 0.537809
39488: 0.537821
39489: 0.537807
39490: 0.537793
39491: 0.537805
39492: 0.537817
39493: 0.537829
39494: 0.53784
39495: 0.537852
39496: 0.537864
39497: 0.537875
39498: 0.537887
39499: 0.537899
39500: 0.537885
39501: 0.537872
39502: 0.537883
39503: 0.537895
39504: 0.537907
39505: 0.537893
39506: 0.537879
39507: 0.537891
39508: 0.537877
39509: 0.537864
39510: 0.537876
39511: 0.537887
39512: 0.537874
39513: 0.537885
39514: 0.537897
39515: 0.537909
39516: 0.53792
39517: 0.537907
39518: 0.537918
39519: 0.53793
39520: 0.537917
39521: 0.537928
39522: 0.53794
39523: 0.537926
39524: 0.537938
39525: 0.537924
39526: 0.537911
39527: 0.537897
39528: 0.537884
39529: 0.53787
39530: 0.537856
39531: 0.537843
39532: 0.537854
39533: 0.537841
39534: 0.537827
39535: 0.537814
39536: 0.537825
39537: 0.537812
39538: 0.537798
39539: 0.53781
39540: 0.537796
39541: 0.537808
39542: 0.537794
39543: 0.537806
39544: 0.537818
39545: 0.537804
39546: 0.53779
39547: 0.537802
39548: 0.537789
39549: 0.537775
39550: 0.537761
39551: 0.537748
39552: 0.537734
39553: 0.537721
39554: 0.537732
39555: 0.537719
39556: 0.537705
39557: 0.537691
39558: 0.537678
39559: 0.537664
39560: 0.537651
39561: 0.537637
39562: 0.537649
39563: 0.537635
39564: 0.537647
39565: 0.537659
39566: 0.537645
39567: 0.537631
39568: 0.537643
39569: 0.537655
39570: 0.537641
39571: 0.537653
39572: 0.537665
39573: 0.537651
39574: 0.537637
39575: 0.537624
39576: 0.537635
39577: 0.537622
39578: 0.537608
39579: 0.53762
39580: 0.537606
39581: 0.537618
39582: 0.537605
39583: 0.537616
39584: 0.537628
39585: 0.537614
39586: 0.537626
39587: 0.537638
39588: 0.537649
39589: 0.537661
39590: 0.537673
39591: 0.537684
39592: 0.537671
39593: 0.537657
39594: 0.537644
39595: 0.53763
39596: 0.537642
39597: 0.537628
39598: 0.537615
39599: 0.537601
39600: 0.537613
39601: 0.537599
39602: 0.537586
39603: 0.537572
39604: 0.537558
39605: 0.537545
39606: 0.537556
39607: 0.537543
39608: 0.537529
39609: 0.537516
39610: 0.537527
39611: 0.537514
39612: 0.5375
39613: 0.537487
39614: 0.537498
39615: 0.53751
39616: 0.537522
39617: 0.537533
39618: 0.537545
39619: 0.537532
39620: 0.537518
39621: 0.537504
39622: 0.537516
39623: 0.537528
39624: 0.537539
39625: 0.537551
39626: 0.537563
39627: 0.537574
39628: 0.537586
39629: 0.537598
39630: 0.537609
39631: 0.537596
39632: 0.537582
39633: 0.537594
39634: 0.53758
39635: 0.537592
39636: 0.537579
39637: 0.537565
39638: 0.537577
39639: 0.537588
39640: 0.537575
39641: 0.537561
39642: 0.537548
39643: 0.537534
39644: 0.537546
39645: 0.537557
39646: 0.537569
39647: 0.537581
39648: 0.537592
39649: 0.537579
39650: 0.537565
39651: 0.537552
39652: 0.537538
39653: 0.537525
39654: 0.537511
39655: 0.537523
39656: 0.537534
39657: 0.537546
39658: 0.537558
39659: 0.537569
39660: 0.537556
39661: 0.537567
39662: 0.537579
39663: 0.537566
39664: 0.537577
39665: 0.537564
39666: 0.537575
39667: 0.537562
39668: 0.537573
39669: 0.53756
39670: 0.537572
39671: 0.537558
39672: 0.53757
39673: 0.537556
39674: 0.537568
39675: 0.537579
39676: 0.537591
39677: 0.537603
39678: 0.537589
39679: 0.537601
39680: 0.537612
39681: 0.537599
39682: 0.537611
39683: 0.537622
39684: 0.537609
39685: 0.53762
39686: 0.537632
39687: 0.537618
39688: 0.537605
39689: 0.537591
39690: 0.537603
39691: 0.537589
39692: 0.537601
39693: 0.537613
39694: 0.537624
39695: 0.537611
39696: 0.537597
39697: 0.537609
39698: 0.537595
39699: 0.537582
39700: 0.537568
39701: 0.537555
39702: 0.537566
39703: 0.537578
39704: 0.537565
39705: 0.537551
39706: 0.537537
39707: 0.537524
39708: 0.537536
39709: 0.537522
39710: 0.537508
39711: 0.537495
39712: 0.537481
39713: 0.537468
39714: 0.53748
39715: 0.537466
39716: 0.537478
39717: 0.537464
39718: 0.537451
39719: 0.537462
39720: 0.537449
39721: 0.53746
39722: 0.537447
39723: 0.537458
39724: 0.537445
39725: 0.537431
39726: 0.537418
39727: 0.537404
39728: 0.537391
39729: 0.537402
39730: 0.537414
39731: 0.537401
39732: 0.537387
39733: 0.537399
39734: 0.537385
39735: 0.537397
39736: 0.537383
39737: 0.53737
39738: 0.537381
39739: 0.537393
39740: 0.537405
39741: 0.537391
39742: 0.537403
39743: 0.537414
39744: 0.537401
39745: 0.537413
39746: 0.537424
39747: 0.537436
39748: 0.537422
39749: 0.537434
39750: 0.53742
39751: 0.537407
39752: 0.537393
39753: 0.537405
39754: 0.537417
39755: 0.537403
39756: 0.53739
39757: 0.537376
39758: 0.537363
39759: 0.537374
39760: 0.537361
39761: 0.537347
39762: 0.537334
39763: 0.53732
39764: 0.537307
39765: 0.537293
39766: 0.537305
39767: 0.537316
39768: 0.537328
39769: 0.53734
39770: 0.537326
39771: 0.537313
39772: 0.537324
39773: 0.537311
39774: 0.537322
39775: 0.537334
39776: 0.537346
39777: 0.537357
39778: 0.537369
39779: 0.537355
39780: 0.537342
39781: 0.537354
39782: 0.53734
39783: 0.537352
39784: 0.537363
39785: 0.53735
39786: 0.537336
39787: 0.537323
39788: 0.537309
39789: 0.537296
39790: 0.537282
39791: 0.537294
39792: 0.537306
39793: 0.537317
39794: 0.537329
39795: 0.537315
39796: 0.537327
39797: 0.537313
39798: 0.537325
39799: 0.537312
39800: 0.537323
39801: 0.537335
39802: 0.537321
39803: 0.537333
39804: 0.537319
39805: 0.537306
39806: 0.537318
39807: 0.537304
39808: 0.537316
39809: 0.537327
39810: 0.537314
39811: 0.5373
39812: 0.537312
39813: 0.537298
39814: 0.537285
39815: 0.537271
39816: 0.537283
39817: 0.537295
39818: 0.537306
39819: 0.537293
39820: 0.537304
39821: 0.537316
39822: 0.537328
39823: 0.537339
39824: 0.537326
39825: 0.537312
39826: 0.537299
39827: 0.53731
39828: 0.537322
39829: 0.537309
39830: 0.53732
39831: 0.537307
39832: 0.537318
39833: 0.537305
39834: 0.537316
39835: 0.537328
39836: 0.53734
39837: 0.537326
39838: 0.537313
39839: 0.537299
39840: 0.537311
39841: 0.537322
39842: 0.537309
39843: 0.537295
39844: 0.537307
39845: 0.537319
39846: 0.53733
39847: 0.537342
39848: 0.537354
39849: 0.53734
39850: 0.537327
39851: 0.537338
39852: 0.53735
39853: 0.537361
39854: 0.537373
39855: 0.537359
39856: 0.537371
39857: 0.537383
39858: 0.537394
39859: 0.537406
39860: 0.537418
39861: 0.537429
39862: 0.537416
39863: 0.537427
39864: 0.537439
39865: 0.537425
39866: 0.537437
39867: 0.537423
39868: 0.53741
39869: 0.537422
39870: 0.537433
39871: 0.537445
39872: 0.537456
39873: 0.537468
39874: 0.537455
39875: 0.537466
39876: 0.537453
39877: 0.537439
39878: 0.537426
39879: 0.537412
39880: 0.537399
39881: 0.537385
39882: 0.537372
39883: 0.537383
39884: 0.537395
39885: 0.537407
39886: 0.537418
39887: 0.53743
39888: 0.537441
39889: 0.537428
39890: 0.53744
39891: 0.537451
39892: 0.537463
39893: 0.537474
39894: 0.537486
39895: 0.537472
39896: 0.537484
39897: 0.537496
39898: 0.537507
39899: 0.537519
39900: 0.537505
39901: 0.537517
39902: 0.537529
39903: 0.53754
39904: 0.537527
39905: 0.537538
39906: 0.537525
39907: 0.537511
39908: 0.537523
39909: 0.537534
39910: 0.537546
39911: 0.537533
39912: 0.537519
39913: 0.537506
39914: 0.537517
39915: 0.537504
39916: 0.53749
39917: 0.537477
39918: 0.537463
39919: 0.537475
39920: 0.537487
39921: 0.537473
39922: 0.537485
39923: 0.537496
39924: 0.537483
39925: 0.537494
39926: 0.537506
39927: 0.537518
39928: 0.537504
39929: 0.537516
39930: 0.537527
39931: 0.537514
39932: 0.5375
39933: 0.537487
39934: 0.537473
39935: 0.537485
39936: 0.537497
39937: 0.537508
39938: 0.537495
39939: 0.537481
39940: 0.537468
39941: 0.537454
39942: 0.537441
39943: 0.537452
39944: 0.537464
39945: 0.537451
39946: 0.537462
39947: 0.537474
39948: 0.53746
39949: 0.537472
39950: 0.537458
39951: 0.53747
39952: 0.537457
39953: 0.537468
39954: 0.53748
39955: 0.537491
39956: 0.537478
39957: 0.537489
39958: 0.537476
39959: 0.537462
39960: 0.537449
39961: 0.537461
39962: 0.537472
39963: 0.537484
39964: 0.53747
39965: 0.537457
39966: 0.537443
39967: 0.537455
39968: 0.537467
39969: 0.537453
39970: 0.537465
39971: 0.537451
39972: 0.537463
39973: 0.537449
39974: 0.537461
39975: 0.537447
39976: 0.537434
39977: 0.537446
39978: 0.537432
39979: 0.537419
39980: 0.537405
39981: 0.537392
39982: 0.537403
39983: 0.53739
39984: 0.537402
39985: 0.537413
39986: 0.5374
39987: 0.537411
39988: 0.537423
39989: 0.537409
39990: 0.537396
39991: 0.537382
39992: 0.537369
39993: 0.537381
39994: 0.537392
39995: 0.537404
39996: 0.53739
39997: 0.537402
39998: 0.537413
39999: 0.5374
40000: 0.537412
40001: 0.537398
40002: 0.53741
40003: 0.537421
40004: 0.537408
40005: 0.537419
40006: 0.537406
40007: 0.537393
40008: 0.537379
40009: 0.537366
40010: 0.537377
40011: 0.537389
40012: 0.5374
40013: 0.537412
40014: 0.537398
40015: 0.53741
40016: 0.537397
40017: 0.537383
40018: 0.53737
40019: 0.537356
40020: 0.537343
40021: 0.537329
40022: 0.537316
40023: 0.537328
40024: 0.537339
40025: 0.537351
40026: 0.537337
40027: 0.537324
40028: 0.53731
40029: 0.537297
40030: 0.537309
40031: 0.537295
40032: 0.537282
40033: 0.537293
40034: 0.53728
40035: 0.537266
40036: 0.537253
40037: 0.53724
40038: 0.537226
40039: 0.537238
40040: 0.537249
40041: 0.537261
40042: 0.537272
40043: 0.537284
40044: 0.537271
40045: 0.537257
40046: 0.537269
40047: 0.537255
40048: 0.537242
40049: 0.537228
40050: 0.537215
40051: 0.537227
40052: 0.537213
40053: 0.5372
40054: 0.537211
40055: 0.537198
40056: 0.537209
40057: 0.537221
40058: 0.537208
40059: 0.537194
40060: 0.537206
40061: 0.537217
40062: 0.537229
40063: 0.53724
40064: 0.537227
40065: 0.537214
40066: 0.537225
40067: 0.537212
40068: 0.537198
40069: 0.53721
40070: 0.537221
40071: 0.537233
40072: 0.537245
40073: 0.537231
40074: 0.537243
40075: 0.537254
40076: 0.537241
40077: 0.537227
40078: 0.537239
40079: 0.537226
40080: 0.537237
40081: 0.537249
40082: 0.537235
40083: 0.537222
40084: 0.537208
40085: 0.537195
40086: 0.537182
40087: 0.537168
40088: 0.537155
40089: 0.537141
40090: 0.537153
40091: 0.537165
40092: 0.537151
40093: 0.537138
40094: 0.537124
40095: 0.537111
40096: 0.537122
40097: 0.537134
40098: 0.537121
40099: 0.537132
40100: 0.537119
40101: 0.53713
40102: 0.537117
40103: 0.537128
40104: 0.53714
40105: 0.537152
40106: 0.537138
40107: 0.537125
40108: 0.537111
40109: 0.537098
40110: 0.537085
40111: 0.537096
40112: 0.537108
40113: 0.537119
40114: 0.537106
40115: 0.537117
40116: 0.537104
40117: 0.537091
40118: 0.537077
40119: 0.537064
40120: 0.537075
40121: 0.537087
40122: 0.537098
40123: 0.537085
40124: 0.537072
40125: 0.537083
40126: 0.53707
40127: 0.537081
40128: 0.537068
40129: 0.537079
40130: 0.537066
40131: 0.537053
40132: 0.537039
40133: 0.537051
40134: 0.537062
40135: 0.537074
40136: 0.537061
40137: 0.537047
40138: 0.537034
40139: 0.53702
40140: 0.537032
40141: 0.537019
40142: 0.537005
40143: 0.536992
40144: 0.536978
40145: 0.536965
40146: 0.536977
40147: 0.536988
40148: 0.536975
40149: 0.536986
40150: 0.536973
40151: 0.536984
40152: 0.536996
40153: 0.536983
40154: 0.536994
40155: 0.537006
40156: 0.537017
40157: 0.537029
40158: 0.537015
40159: 0.537027
40160: 0.537038
40161: 0.537025
40162: 0.537012
40163: 0.536998
40164: 0.53701
40165: 0.536996
40166: 0.536983
40167: 0.536995
40168: 0.536981
40169: 0.536993
40170: 0.536979
40171: 0.536966
40172: 0.536953
40173: 0.536964
40174: 0.536976
40175: 0.536987
40176: 0.536974
40177: 0.536961
40178: 0.536972
40179: 0.536959
40180: 0.536945
40181: 0.536932
40182: 0.536943
40183: 0.53693
40184: 0.536917
40185: 0.536903
40186: 0.536915
40187: 0.536902
40188: 0.536888
40189: 0.536875
40190: 0.536861
40191: 0.536873
40192: 0.536885
40193: 0.536871
40194: 0.536883
40195: 0.536894
40196: 0.536906
40197: 0.536917
40198: 0.536904
40199: 0.536891
40200: 0.536877
40201: 0.536889
40202: 0.5369
40203: 0.536887
40204: 0.536874
40205: 0.536885
40206: 0.536897
40207: 0.536908
40208: 0.536895
40209: 0.536881
40210: 0.536893
40211: 0.536904
40212: 0.536916
40213: 0.536903
40214: 0.536914
40215: 0.536901
40216: 0.536912
40217: 0.536924
40218: 0.536935
40219: 0.536947
40220: 0.536958
40221: 0.53697
40222: 0.536956
40223: 0.536943
40224: 0.536955
40225: 0.536966
40226: 0.536978
40227: 0.536964
40228: 0.536951
40229: 0.536962
40230: 0.536949
40231: 0.536961
40232: 0.536972
40233: 0.536959
40234: 0.53697
40235: 0.536982
40236: 0.536993
40237: 0.537005
40238: 0.536991
40239: 0.537003
40240: 0.53699
40241: 0.536976
40242: 0.536988
40243: 0.536999
40244: 0.536986
40245: 0.536973
40246: 0.536959
40247: 0.536971
40248: 0.536982
40249: 0.536994
40250: 0.537005
40251: 0.537017
40252: 0.537003
40253: 0.537015
40254: 0.537002
40255: 0.537013
40256: 0.537025
40257: 0.537036
40258: 0.537023
40259: 0.537009
40260: 0.536996
40261: 0.537008
40262: 0.537019
40263: 0.537006
40264: 0.536992
40265: 0.536979
40266: 0.536991
40267: 0.537002
40268: 0.536989
40269: 0.536975
40270: 0.536962
40271: 0.536974
40272: 0.536985
40273: 0.536997
40274: 0.537008
40275: 0.53702
40276: 0.537031
40277: 0.537018
40278: 0.537004
40279: 0.537016
40280: 0.537003
40281: 0.537014
40282: 0.537001
40283: 0.536987
40284: 0.536999
40285: 0.536986
40286: 0.536972
40287: 0.536959
40288: 0.536946
40289: 0.536932
40290: 0.536944
40291: 0.53693
40292: 0.536917
40293: 0.536904
40294: 0.536915
40295: 0.536902
40296: 0.536913
40297: 0.536925
40298: 0.536936
40299: 0.536948
40300: 0.536959
40301: 0.536971
40302: 0.536982
40303: 0.536994
40304: 0.537005
40305: 0.536992
40306: 0.537003
40307: 0.537015
40308: 0.537002
40309: 0.536988
40310: 0.537
40311: 0.537011
40312: 0.536998
40313: 0.536985
40314: 0.536971
40315: 0.536958
40316: 0.53697
40317: 0.536981
40318: 0.536992
40319: 0.537004
40320: 0.537015
40321: 0.537002
40322: 0.537014
40323: 0.537025
40324: 0.537037
40325: 0.537023
40326: 0.537035
40327: 0.537021
40328: 0.537033
40329: 0.53702
40330: 0.537031
40331: 0.537043
40332: 0.537029
40333: 0.537016
40334: 0.537003
40335: 0.536989
40336: 0.536976
40337: 0.536987
40338: 0.536999
40339: 0.53701
40340: 0.536997
40341: 0.536984
40342: 0.536995
40343: 0.536982
40344: 0.536969
40345: 0.53698
40346: 0.536992
40347: 0.536978
40348: 0.53699
40349: 0.536976
40350: 0.536988
40351: 0.536999
40352: 0.536986
40353: 0.536973
40354: 0.536959
40355: 0.536946
40356: 0.536933
40357: 0.53692
40358: 0.536906
40359: 0.536918
40360: 0.536929
40361: 0.536916
40362: 0.536903
40363: 0.536914
40364: 0.536926
40365: 0.536937
40366: 0.536924
40367: 0.53691
40368: 0.536897
40369: 0.536909
40370: 0.53692
40371: 0.536932
40372: 0.536943
40373: 0.536954
40374: 0.536966
40375: 0.536953
40376: 0.536939
40377: 0.536926
40378: 0.536913
40379: 0.536899
40380: 0.536911
40381: 0.536922
40382: 0.536909
40383: 0.536921
40384: 0.536932
40385: 0.536919
40386: 0.53693
40387: 0.536942
40388: 0.536953
40389: 0.53694
40390: 0.536951
40391: 0.536938
40392: 0.536925
40393: 0.536936
40394: 0.536948
40395: 0.536959
40396: 0.536971
40397: 0.536982
40398: 0.536969
40399: 0.53698
40400: 0.536992
40401: 0.537003
40402: 0.53699
40403: 0.536977
40404: 0.536988
40405: 0.536999
40406: 0.537011
40407: 0.536998
40408: 0.536984
40409: 0.536971
40410: 0.536983
40411: 0.536969
40412: 0.536956
40413: 0.536967
40414: 0.536979
40415: 0.53699
40416: 0.536977
40417: 0.536988
40418: 0.537
40419: 0.537011
40420: 0.537023
40421: 0.537034
40422: 0.537046
40423: 0.537032
40424: 0.537019
40425: 0.537006
40426: 0.536993
40427: 0.537004
40428: 0.537016
40429: 0.537027
40430: 0.537014
40431: 0.537
40432: 0.537012
40433: 0.537023
40434: 0.537035
40435: 0.537021
40436: 0.537008
40437: 0.536995
40438: 0.536982
40439: 0.536968
40440: 0.53698
40441: 0.536967
40442: 0.536978
40443: 0.536989
40444: 0.537001
40445: 0.536988
40446: 0.536974
40447: 0.536986
40448: 0.536997
40449: 0.536984
40450: 0.536995
40451: 0.537007
40452: 0.536994
40453: 0.537005
40454: 0.536992
40455: 0.536978
40456: 0.536965
40457: 0.536977
40458: 0.536988
40459: 0.536975
40460: 0.536962
40461: 0.536948
40462: 0.536935
40463: 0.536922
40464: 0.536908
40465: 0.53692
40466: 0.536907
40467: 0.536893
40468: 0.536905
40469: 0.536916
40470: 0.536928
40471: 0.536939
40472: 0.536926
40473: 0.536913
40474: 0.536899
40475: 0.536911
40476: 0.536897
40477: 0.536884
40478: 0.536896
40479: 0.536907
40480: 0.536919
40481: 0.536905
40482: 0.536892
40483: 0.536879
40484: 0.536866
40485: 0.536877
40486: 0.536864
40487: 0.536875
40488: 0.536887
40489: 0.536873
40490: 0.536885
40491: 0.536871
40492: 0.536883
40493: 0.53687
40494: 0.536881
40495: 0.536893
40496: 0.536904
40497: 0.536915
40498: 0.536927
40499: 0.536938
40500: 0.53695
40501: 0.536961
40502: 0.536973
40503: 0.536959
40504: 0.536946
40505: 0.536957
40506: 0.536944
40507: 0.536956
40508: 0.536942
40509: 0.536954
40510: 0.536965
40511: 0.536952
40512: 0.536939
40513: 0.536926
40514: 0.536912
40515: 0.536899
40516: 0.536886
40517: 0.536897
40518: 0.536909
40519: 0.53692
40520: 0.536907
40521: 0.536894
40522: 0.536905
40523: 0.536892
40524: 0.536903
40525: 0.536915
40526: 0.536926
40527: 0.536913
40528: 0.536924
40529: 0.536911
40530: 0.536898
40531: 0.536909
40532: 0.536921
40533: 0.536907
40534: 0.536919
40535: 0.536905
40536: 0.536892
40537: 0.536879
40538: 0.53689
40539: 0.536877
40540: 0.536864
40541: 0.536851
40542: 0.536837
40543: 0.536849
40544: 0.536836
40545: 0.536822
40546: 0.536809
40547: 0.536821
40548: 0.536832
40549: 0.536819
40550: 0.53683
40551: 0.536842
40552: 0.536828
40553: 0.536815
40554: 0.536802
40555: 0.536789
40556: 0.536775
40557: 0.536787
40558: 0.536798
40559: 0.53681
40560: 0.536796
40561: 0.536783
40562: 0.53677
40563: 0.536757
40564: 0.536743
40565: 0.53673
40566: 0.536717
40567: 0.536728
40568: 0.536715
40569: 0.536727
40570: 0.536713
40571: 0.536725
40572: 0.536736
40573: 0.536748
40574: 0.536734
40575: 0.536721
40576: 0.536708
40577: 0.536695
40578: 0.536706
40579: 0.536693
40580: 0.53668
40581: 0.536691
40582: 0.536678
40583: 0.536665
40584: 0.536676
40585: 0.536663
40586: 0.53665
40587: 0.536636
40588: 0.536648
40589: 0.536659
40590: 0.536671
40591: 0.536657
40592: 0.536644
40593: 0.536656
40594: 0.536667
40595: 0.536678
40596: 0.53669
40597: 0.536701
40598: 0.536713
40599: 0.5367
40600: 0.536686
40601: 0.536698
40602: 0.536684
40603: 0.536671
40604: 0.536658
40605: 0.536645
40606: 0.536632
40607: 0.536643
40608: 0.536654
40609: 0.536641
40610: 0.536653
40611: 0.536639
40612: 0.536626
40613: 0.536613
40614: 0.536624
40615: 0.536636
40616: 0.536647
40617: 0.536634
40618: 0.536645
40619: 0.536632
40620: 0.536644
40621: 0.53663
40622: 0.536642
40623: 0.536653
40624: 0.536665
40625: 0.536676
40626: 0.536687
40627: 0.536674
40628: 0.536661
40629: 0.536648
40630: 0.536659
40631: 0.536671
40632: 0.536682
40633: 0.536693
40634: 0.53668
40635: 0.536667
40636: 0.536654
40637: 0.536641
40638: 0.536627
40639: 0.536614
40640: 0.536601
40641: 0.536612
40642: 0.536624
40643: 0.536635
40644: 0.536647
40645: 0.536658
40646: 0.536645
40647: 0.536656
40648: 0.536668
40649: 0.536654
40650: 0.536641
40651: 0.536653
40652: 0.536664
40653: 0.536675
40654: 0.536687
40655: 0.536698
40656: 0.536685
40657: 0.536696
40658: 0.536683
40659: 0.53667
40660: 0.536681
40661: 0.536668
40662: 0.536655
40663: 0.536642
40664: 0.536629
40665: 0.536615
40666: 0.536602
40667: 0.536589
40668: 0.536576
40669: 0.536587
40670: 0.536574
40671: 0.536561
40672: 0.536572
40673: 0.536559
40674: 0.53657
40675: 0.536582
40676: 0.536569
40677: 0.53658
40678: 0.536591
40679: 0.536603
40680: 0.536614
40681: 0.536626
40682: 0.536612
40683: 0.536599
40684: 0.536611
40685: 0.536622
40686: 0.536633
40687: 0.53662
40688: 0.536607
40689: 0.536618
40690: 0.53663
40691: 0.536641
40692: 0.536652
40693: 0.536664
40694: 0.536675
40695: 0.536662
40696: 0.536649
40697: 0.53666
40698: 0.536672
40699: 0.536683
40700: 0.536694
40701: 0.536681
40702: 0.536668
40703: 0.536679
40704: 0.536691
40705: 0.536678
40706: 0.536664
40707: 0.536676
40708: 0.536663
40709: 0.536674
40710: 0.536661
40711: 0.536672
40712: 0.536659
40713: 0.536646
40714: 0.536633
40715: 0.53662
40716: 0.536606
40717: 0.536593
40718: 0.53658
40719: 0.536591
40720: 0.536578
40721: 0.536565
40722: 0.536576
40723: 0.536563
40724: 0.53655
40725: 0.536537
40726: 0.536524
40727: 0.536535
40728: 0.536546
40729: 0.536558
40730: 0.536569
40731: 0.536581
40732: 0.536592
40733: 0.536579
40734: 0.53659
40735: 0.536602
40736: 0.536613
40737: 0.5366
40738: 0.536587
40739: 0.536598
40740: 0.536609
40741: 0.536596
40742: 0.536583
40743: 0.53657
40744: 0.536581
40745: 0.536593
40746: 0.536604
40747: 0.536615
40748: 0.536627
40749: 0.536638
40750: 0.536625
40751: 0.536612
40752: 0.536599
40753: 0.536585
40754: 0.536597
40755: 0.536584
40756: 0.536595
40757: 0.536582
40758: 0.536593
40759: 0.53658
40760: 0.536591
40761: 0.536603
40762: 0.53659
40763: 0.536601
40764: 0.536612
40765: 0.536599
40766: 0.536586
40767: 0.536573
40768: 0.53656
40769: 0.536546
40770: 0.536558
40771: 0.536569
40772: 0.536581
40773: 0.536592
40774: 0.536579
40775: 0.53659
40776: 0.536602
40777: 0.536613
40778: 0.536624
40779: 0.536611
40780: 0.536598
40781: 0.536609
40782: 0.536621
40783: 0.536632
40784: 0.536619
40785: 0.536606
40786: 0.536593
40787: 0.536579
40788: 0.536591
40789: 0.536602
40790: 0.536613
40791: 0.536625
40792: 0.536612
40793: 0.536599
40794: 0.536585
40795: 0.536597
40796: 0.536608
40797: 0.536619
40798: 0.536631
40799: 0.536642
40800: 0.536654
40801: 0.536665
40802: 0.536676
40803: 0.536663
40804: 0.53665
40805: 0.536637
40806: 0.536624
40807: 0.536635
40808: 0.536622
40809: 0.536633
40810: 0.53662
40811: 0.536631
40812: 0.536643
40813: 0.536654
40814: 0.536641
40815: 0.536628
40816: 0.536639
40817: 0.53665
40818: 0.536637
40819: 0.536624
40820: 0.536611
40821: 0.536622
40822: 0.536634
40823: 0.536621
40824: 0.536632
40825: 0.536643
40826: 0.536655
40827: 0.536666
40828: 0.536653
40829: 0.536664
40830: 0.536651
40831: 0.536638
40832: 0.536625
40833: 0.536636
40834: 0.536647
40835: 0.536634
40836: 0.536646
40837: 0.536657
40838: 0.536668
40839: 0.53668
40840: 0.536691
40841: 0.536702
40842: 0.536714
40843: 0.536701
40844: 0.536712
40845: 0.536699
40846: 0.536686
40847: 0.536673
40848: 0.536659
40849: 0.536671
40850: 0.536658
40851: 0.536669
40852: 0.536656
40853: 0.536643
40854: 0.536654
40855: 0.536641
40856: 0.536652
40857: 0.536664
40858: 0.53665
40859: 0.536662
40860: 0.536673
40861: 0.536684
40862: 0.536671
40863: 0.536658
40864: 0.53667
40865: 0.536681
40866: 0.536668
40867: 0.536679
40868: 0.53669
40869: 0.536677
40870: 0.536689
40871: 0.5367
40872: 0.536687
40873: 0.536674
40874: 0.536661
40875: 0.536672
40876: 0.536659
40877: 0.536646
40878: 0.536657
40879: 0.536668
40880: 0.53668
40881: 0.536691
40882: 0.536702
40883: 0.536689
40884: 0.536676
40885: 0.536687
40886: 0.536699
40887: 0.53671
40888: 0.536721
40889: 0.536733
40890: 0.53672
40891: 0.536706
40892: 0.536693
40893: 0.536705
40894: 0.536692
40895: 0.536703
40896: 0.53669
40897: 0.536701
40898: 0.536688
40899: 0.536675
40900: 0.536662
40901: 0.536673
40902: 0.536684
40903: 0.536671
40904: 0.536658
40905: 0.536669
40906: 0.536681
40907: 0.536692
40908: 0.536679
40909: 0.536666
40910: 0.536653
40911: 0.53664
40912: 0.536627
40913: 0.536638
40914: 0.536625
40915: 0.536612
40916: 0.536623
40917: 0.53661
40918: 0.536621
40919: 0.536632
40920: 0.536619
40921: 0.536631
40922: 0.536642
40923: 0.536653
40924: 0.53664
40925: 0.536652
40926: 0.536638
40927: 0.536625
40928: 0.536637
40929: 0.536648
40930: 0.536659
40931: 0.536671
40932: 0.536657
40933: 0.536669
40934: 0.53668
40935: 0.536691
40936: 0.536678
40937: 0.536665
40938: 0.536652
40939: 0.536639
40940: 0.536626
40941: 0.536613
40942: 0.536624
40943: 0.536635
40944: 0.536622
40945: 0.536609
40946: 0.536621
40947: 0.536632
40948: 0.536619
40949: 0.536606
40950: 0.536617
40951: 0.536628
40952: 0.53664
40953: 0.536651
40954: 0.536662
40955: 0.536674
40956: 0.536685
40957: 0.536696
40958: 0.536683
40959: 0.536694
40960: 0.536706
40961: 0.536717
40962: 0.536704
40963: 0.536691
40964: 0.536678
40965: 0.536689
40966: 0.5367
40967: 0.536712
40968: 0.536698
40969: 0.53671
40970: 0.536697
40971: 0.536684
40972: 0.53667
40973: 0.536682
40974: 0.536693
40975: 0.536704
40976: 0.536716
40977: 0.536727
40978: 0.536738
40979: 0.53675
40980: 0.536761
40981: 0.536772
40982: 0.536784
40983: 0.53677
40984: 0.536757
40985: 0.536769
40986: 0.536756
40987: 0.536767
40988: 0.536778
40989: 0.536765
40990: 0.536752
40991: 0.536739
40992: 0.536726
40993: 0.536713
40994: 0.5367
40995: 0.536687
40996: 0.536698
40997: 0.536709
40998: 0.53672
40999: 0.536732
41000: 0.536743
41001: 0.536754
41002: 0.536741
41003: 0.536728
41004: 0.536715
41005: 0.536702
41006: 0.536689
41007: 0.536676
41008: 0.536687
41009: 0.536674
41010: 0.536685
41011: 0.536672
41012: 0.536659
41013: 0.536646
41014: 0.536657
41015: 0.536644
41016: 0.536656
41017: 0.536642
41018: 0.536629
41019: 0.536616
41020: 0.536628
41021: 0.536639
41022: 0.536626
41023: 0.536613
41024: 0.536624
41025: 0.536611
41026: 0.536622
41027: 0.536634
41028: 0.536645
41029: 0.536656
41030: 0.536643
41031: 0.53663
41032: 0.536617
41033: 0.536604
41034: 0.536591
41035: 0.536602
41036: 0.536589
41037: 0.5366
41038: 0.536587
41039: 0.536598
41040: 0.53661
41041: 0.536597
41042: 0.536608
41043: 0.536595
41044: 0.536582
41045: 0.536593
41046: 0.536604
41047: 0.536591
41048: 0.536578
41049: 0.53659
41050: 0.536576
41051: 0.536563
41052: 0.53655
41053: 0.536537
41054: 0.536524
41055: 0.536535
41056: 0.536547
41057: 0.536558
41058: 0.536545
41059: 0.536532
41060: 0.536543
41061: 0.536554
41062: 0.536566
41063: 0.536553
41064: 0.536564
41065: 0.536575
41066: 0.536587
41067: 0.536573
41068: 0.53656
41069: 0.536547
41070: 0.536534
41071: 0.536521
41072: 0.536533
41073: 0.536544
41074: 0.536555
41075: 0.536566
41076: 0.536578
41077: 0.536589
41078: 0.536576
41079: 0.536587
41080: 0.536598
41081: 0.53661
41082: 0.536597
41083: 0.536584
41084: 0.536595
41085: 0.536582
41086: 0.536569
41087: 0.53658
41088: 0.536591
41089: 0.536603
41090: 0.53659
41091: 0.536601
41092: 0.536612
41093: 0.536599
41094: 0.53661
41095: 0.536622
41096: 0.536633
41097: 0.536644
41098: 0.536655
41099: 0.536642
41100: 0.536654
41101: 0.536641
41102: 0.536627
41103: 0.536639
41104: 0.53665
41105: 0.536661
41106: 0.536673
41107: 0.536684
41108: 0.536695
41109: 0.536706
41110: 0.536718
41111: 0.536729
41112: 0.536716
41113: 0.536703
41114: 0.53669
41115: 0.536701
41116: 0.536712
41117: 0.536724
41118: 0.536735
41119: 0.536722
41120: 0.536709
41121: 0.536696
41122: 0.536683
41123: 0.53667
41124: 0.536657
41125: 0.536643
41126: 0.536655
41127: 0.536666
41128: 0.536653
41129: 0.53664
41130: 0.536651
41131: 0.536662
41132: 0.536649
41133: 0.536661
41134: 0.536648
41135: 0.536635
41136: 0.536622
41137: 0.536633
41138: 0.53662
41139: 0.536607
41140: 0.536618
41141: 0.536629
41142: 0.536616
41143: 0.536627
41144: 0.536639
41145: 0.53665
41146: 0.536637
41147: 0.536648
41148: 0.536659
41149: 0.536671
41150: 0.536658
41151: 0.536669
41152: 0.53668
41153: 0.536691
41154: 0.536678
41155: 0.53669
41156: 0.536701
41157: 0.536712
41158: 0.536723
41159: 0.53671
41160: 0.536722
41161: 0.536709
41162: 0.53672
41163: 0.536731
41164: 0.536718
41165: 0.536705
41166: 0.536692
41167: 0.536679
41168: 0.536666
41169: 0.536677
41170: 0.536688
41171: 0.5367
41172: 0.536711
41173: 0.536698
41174: 0.536709
41175: 0.53672
41176: 0.536707
41177: 0.536694
41178: 0.536681
41179: 0.536668
41180: 0.53668
41181: 0.536691
41182: 0.536678
41183: 0.536665
41184: 0.536676
41185: 0.536687
41186: 0.536698
41187: 0.536685
41188: 0.536672
41189: 0.536684
41190: 0.536671
41191: 0.536658
41192: 0.536669
41193: 0.536656
41194: 0.536667
41195: 0.536654
41196: 0.536641
41197: 0.536652
41198: 0.536664
41199: 0.53665
41200: 0.536637
41201: 0.536649
41202: 0.536636
41203: 0.536647
41204: 0.536658
41205: 0.536669
41206: 0.536681
41207: 0.536668
41208: 0.536679
41209: 0.536666
41210: 0.536677
41211: 0.536688
41212: 0.536675
41213: 0.536687
41214: 0.536698
41215: 0.536685
41216: 0.536672
41217: 0.536683
41218: 0.53667
41219: 0.536657
41220: 0.536668
41221: 0.536655
41222: 0.536666
41223: 0.536678
41224: 0.536689
41225: 0.536676
41226: 0.536687
41227: 0.536698
41228: 0.536685
41229: 0.536697
41230: 0.536684
41231: 0.536695
41232: 0.536682
41233: 0.536669
41234: 0.53668
41235: 0.536667
41236: 0.536654
41237: 0.536641
41238: 0.536628
41239: 0.536639
41240: 0.536626
41241: 0.536637
41242: 0.536624
41243: 0.536611
41244: 0.536598
41245: 0.53661
41246: 0.536621
41247: 0.536608
41248: 0.536595
41249: 0.536606
41250: 0.536617
41251: 0.536629
41252: 0.536616
41253: 0.536627
41254: 0.536614
41255: 0.536601
41256: 0.536588
41257: 0.536599
41258: 0.53661
41259: 0.536597
41260: 0.536608
41261: 0.536595
41262: 0.536582
41263: 0.536594
41264: 0.536605
41265: 0.536592
41266: 0.536603
41267: 0.53659
41268: 0.536577
41269: 0.536564
41270: 0.536575
41271: 0.536587
41272: 0.536574
41273: 0.536561
41274: 0.536572
41275: 0.536559
41276: 0.53657
41277: 0.536557
41278: 0.536544
41279: 0.536555
41280: 0.536566
41281: 0.536578
41282: 0.536589
41283: 0.5366
41284: 0.536587
41285: 0.536574
41286: 0.536585
41287: 0.536572
41288: 0.536584
41289: 0.536571
41290: 0.536582
41291: 0.536569
41292: 0.536556
41293: 0.536567
41294: 0.536578
41295: 0.536565
41296: 0.536577
41297: 0.536588
41298: 0.536599
41299: 0.53661
41300: 0.536621
41301: 0.536633
41302: 0.536644
41303: 0.536631
41304: 0.536618
41305: 0.536605
41306: 0.536592
41307: 0.536603
41308: 0.536614
41309: 0.536626
41310: 0.536613
41311: 0.536624
41312: 0.536611
41313: 0.536598
41314: 0.536609
41315: 0.536596
41316: 0.536583
41317: 0.53657
41318: 0.536557
41319: 0.536568
41320: 0.536579
41321: 0.536591
41322: 0.536578
41323: 0.536589
41324: 0.536576
41325: 0.536563
41326: 0.536574
41327: 0.536561
41328: 0.536548
41329: 0.536559
41330: 0.536546
41331: 0.536533
41332: 0.536545
41333: 0.536556
41334: 0.536567
41335: 0.536554
41336: 0.536565
41337: 0.536577
41338: 0.536564
41339: 0.536551
41340: 0.536562
41341: 0.536549
41342: 0.536536
41343: 0.536523
41344: 0.53651
41345: 0.536521
41346: 0.536532
41347: 0.536543
41348: 0.536531
41349: 0.536542
41350: 0.536529
41351: 0.53654
41352: 0.536551
41353: 0.536538
41354: 0.536525
41355: 0.536536
41356: 0.536548
41357: 0.536535
41358: 0.536546
41359: 0.536557
41360: 0.536568
41361: 0.536555
41362: 0.536542
41363: 0.536529
41364: 0.536516
41365: 0.536528
41366: 0.536539
41367: 0.53655
41368: 0.536537
41369: 0.536524
41370: 0.536535
41371: 0.536546
41372: 0.536558
41373: 0.536545
41374: 0.536532
41375: 0.536519
41376: 0.53653
41377: 0.536541
41378: 0.536552
41379: 0.536539
41380: 0.536526
41381: 0.536538
41382: 0.536549
41383: 0.53656
41384: 0.536571
41385: 0.536582
41386: 0.536594
41387: 0.536581
41388: 0.536592
41389: 0.536603
41390: 0.536614
41391: 0.536625
41392: 0.536637
41393: 0.536624
41394: 0.536611
41395: 0.536598
41396: 0.536609
41397: 0.536596
41398: 0.536607
41399: 0.536618
41400: 0.53663
41401: 0.536617
41402: 0.536604
41403: 0.536591
41404: 0.536578
41405: 0.536565
41406: 0.536576
41407: 0.536587
41408: 0.536598
41409: 0.536585
41410: 0.536597
41411: 0.536584
41412: 0.536595
41413: 0.536606
41414: 0.536617
41415: 0.536628
41416: 0.53664
41417: 0.536651
41418: 0.536638
41419: 0.536625
41420: 0.536612
41421: 0.536599
41422: 0.53661
41423: 0.536597
41424: 0.536608
41425: 0.53662
41426: 0.536631
41427: 0.536642
41428: 0.536629
41429: 0.536616
41430: 0.536627
41431: 0.536614
41432: 0.536601
41433: 0.536612
41434: 0.536624
41435: 0.536611
41436: 0.536598
41437: 0.536585
41438: 0.536572
41439: 0.536583
41440: 0.53657
41441: 0.536557
41442: 0.536568
41443: 0.536579
41444: 0.536567
41445: 0.536554
41446: 0.536565
41447: 0.536552
41448: 0.536539
41449: 0.53655
41450: 0.536561
41451: 0.536572
41452: 0.536584
41453: 0.536595
41454: 0.536582
41455: 0.536593
41456: 0.536604
41457: 0.536615
41458: 0.536602
41459: 0.536614
41460: 0.536601
41461: 0.536588
41462: 0.536575
41463: 0.536586
41464: 0.536573
41465: 0.53656
41466: 0.536571
41467: 0.536558
41468: 0.536545
41469: 0.536557
41470: 0.536568
41471: 0.536579
41472: 0.53659
41473: 0.536601
41474: 0.536612
41475: 0.536624
41476: 0.536611
41477: 0.536598
41478: 0.536609
41479: 0.536596
41480: 0.536607
41481: 0.536618
41482: 0.536605
41483: 0.536617
41484: 0.536628
41485: 0.536615
41486: 0.536626
41487: 0.536613
41488: 0.536624
41489: 0.536611
41490: 0.536622
41491: 0.536634
41492: 0.536645
41493: 0.536656
41494: 0.536667
41495: 0.536654
41496: 0.536641
41497: 0.536628
41498: 0.536615
41499: 0.536602
41500: 0.536614
41501: 0.536601
41502: 0.536612
41503: 0.536599
41504: 0.53661
41505: 0.536621
41506: 0.536632
41507: 0.536619
41508: 0.536631
41509: 0.536642
41510: 0.536653
41511: 0.536664
41512: 0.536675
41513: 0.536686
41514: 0.536673
41515: 0.536685
41516: 0.536672
41517: 0.536683
41518: 0.536694
41519: 0.536705
41520: 0.536692
41521: 0.536679
41522: 0.536691
41523: 0.536702
41524: 0.536713
41525: 0.5367
41526: 0.536711
41527: 0.536722
41528: 0.536709
41529: 0.536696
41530: 0.536708
41531: 0.536695
41532: 0.536682
41533: 0.536693
41534: 0.536704
41535: 0.536691
41536: 0.536678
41537: 0.536689
41538: 0.5367
41539: 0.536712
41540: 0.536699
41541: 0.53671
41542: 0.536697
41543: 0.536708
41544: 0.536719
41545: 0.536706
41546: 0.536717
41547: 0.536705
41548: 0.536692
41549: 0.536703
41550: 0.536714
41551: 0.536725
41552: 0.536736
41553: 0.536747
41554: 0.536759
41555: 0.53677
41556: 0.536757
41557: 0.536744
41558: 0.536755
41559: 0.536766
41560: 0.536777
41561: 0.536788
41562: 0.5368
41563: 0.536811
41564: 0.536822
41565: 0.536809
41566: 0.536796
41567: 0.536783
41568: 0.536794
41569: 0.536805
41570: 0.536792
41571: 0.53678
41572: 0.536791
41573: 0.536778
41574: 0.536765
41575: 0.536776
41576: 0.536787
41577: 0.536774
41578: 0.536761
41579: 0.536772
41580: 0.53676
41581: 0.536771
41582: 0.536782
41583: 0.536769
41584: 0.536756
41585: 0.536767
41586: 0.536778
41587: 0.536789
41588: 0.536777
41589: 0.536788
41590: 0.536775
41591: 0.536762
41592: 0.536773
41593: 0.53676
41594: 0.536771
41595: 0.536782
41596: 0.536794
41597: 0.536805
41598: 0.536816
41599: 0.536803
41600: 0.53679
41601: 0.536777
41602: 0.536764
41603: 0.536751
41604: 0.536762
41605: 0.536774
41606: 0.536761
41607: 0.536772
41608: 0.536759
41609: 0.53677
41610: 0.536757
41611: 0.536744
41612: 0.536731
41613: 0.536718
41614: 0.53673
41615: 0.536717
41616: 0.536728
41617: 0.536715
41618: 0.536726
41619: 0.536737
41620: 0.536748
41621: 0.536759
41622: 0.536771
41623: 0.536782
41624: 0.536793
41625: 0.53678
41626: 0.536791
41627: 0.536778
41628: 0.536789
41629: 0.536776
41630: 0.536763
41631: 0.536751
41632: 0.536738
41633: 0.536725
41634: 0.536712
41635: 0.536723
41636: 0.53671
41637: 0.536697
41638: 0.536684
41639: 0.536671
41640: 0.536659
41641: 0.536646
41642: 0.536657
41643: 0.536668
41644: 0.536655
41645: 0.536642
41646: 0.536629
41647: 0.53664
41648: 0.536628
41649: 0.536639
41650: 0.536626
41651: 0.536637
41652: 0.536648
41653: 0.536635
41654: 0.536622
41655: 0.536609
41656: 0.536596
41657: 0.536608
41658: 0.536619
41659: 0.536606
41660: 0.536617
41661: 0.536604
41662: 0.536615
41663: 0.536602
41664: 0.536589
41665: 0.536577
41666: 0.536588
41667: 0.536575
41668: 0.536586
41669: 0.536573
41670: 0.536584
41671: 0.536571
41672: 0.536582
41673: 0.536594
41674: 0.536605
41675: 0.536592
41676: 0.536603
41677: 0.53659
41678: 0.536577
41679: 0.536564
41680: 0.536551
41681: 0.536539
41682: 0.536526
41683: 0.536513
41684: 0.5365
41685: 0.536511
41686: 0.536498
41687: 0.536485
41688: 0.536472
41689: 0.53646
41690: 0.536447
41691: 0.536434
41692: 0.536445
41693: 0.536432
41694: 0.536443
41695: 0.536454
41696: 0.536465
41697: 0.536453
41698: 0.536464
41699: 0.536475
41700: 0.536462
41701: 0.536449
41702: 0.536436
41703: 0.536423
41704: 0.536411
41705: 0.536398
41706: 0.536385
41707: 0.536396
41708: 0.536383
41709: 0.536394
41710: 0.536381
41711: 0.536368
41712: 0.536356
41713: 0.536367
41714: 0.536378
41715: 0.536365
41716: 0.536352
41717: 0.536339
41718: 0.536326
41719: 0.536337
41720: 0.536349
41721: 0.536336
41722: 0.536323
41723: 0.536334
41724: 0.536345
41725: 0.536332
41726: 0.536319
41727: 0.536307
41728: 0.536294
41729: 0.536281
41730: 0.536292
41731: 0.536303
41732: 0.53629
41733: 0.536277
41734: 0.536265
41735: 0.536252
41736: 0.536263
41737: 0.536274
41738: 0.536285
41739: 0.536272
41740: 0.536283
41741: 0.536294
41742: 0.536282
41743: 0.536293
41744: 0.536304
41745: 0.536315
41746: 0.536326
41747: 0.536313
41748: 0.536324
41749: 0.536311
41750: 0.536322
41751: 0.536334
41752: 0.536345
41753: 0.536332
41754: 0.536343
41755: 0.536354
41756: 0.536341
41757: 0.536352
41758: 0.536363
41759: 0.536375
41760: 0.536362
41761: 0.536349
41762: 0.536336
41763: 0.536347
41764: 0.536334
41765: 0.536321
41766: 0.536309
41767: 0.53632
41768: 0.536307
41769: 0.536318
41770: 0.536305
41771: 0.536292
41772: 0.536279
41773: 0.536291
41774: 0.536302
41775: 0.536313
41776: 0.5363
41777: 0.536287
41778: 0.536298
41779: 0.536285
41780: 0.536296
41781: 0.536284
41782: 0.536295
41783: 0.536306
41784: 0.536317
41785: 0.536328
41786: 0.536339
41787: 0.53635
41788: 0.536361
41789: 0.536372
41790: 0.53636
41791: 0.536347
41792: 0.536358
41793: 0.536345
41794: 0.536356
41795: 0.536343
41796: 0.53633
41797: 0.536318
41798: 0.536329
41799: 0.536316
41800: 0.536327
41801: 0.536338
41802: 0.536325
41803: 0.536336
41804: 0.536323
41805: 0.536334
41806: 0.536322
41807: 0.536333
41808: 0.53632
41809: 0.536307
41810: 0.536318
41811: 0.536305
41812: 0.536293
41813: 0.536304
41814: 0.536315
41815: 0.536302
41816: 0.536289
41817: 0.536276
41818: 0.536287
41819: 0.536275
41820: 0.536286
41821: 0.536297
41822: 0.536308
41823: 0.536319
41824: 0.536306
41825: 0.536317
41826: 0.536328
41827: 0.536339
41828: 0.536326
41829: 0.536314
41830: 0.536301
41831: 0.536288
41832: 0.536275
41833: 0.536286
41834: 0.536273
41835: 0.536261
41836: 0.536272
41837: 0.536283
41838: 0.53627
41839: 0.536281
41840: 0.536268
41841: 0.536279
41842: 0.53629
41843: 0.536302
41844: 0.536313
41845: 0.5363
41846: 0.536287
41847: 0.536298
41848: 0.536285
41849: 0.536296
41850: 0.536283
41851: 0.536295
41852: 0.536282
41853: 0.536269
41854: 0.53628
41855: 0.536291
41856: 0.536302
41857: 0.536313
41858: 0.5363
41859: 0.536288
41860: 0.536275
41861: 0.536262
41862: 0.536273
41863: 0.53626
41864: 0.536247
41865: 0.536235
41866: 0.536246
41867: 0.536257
41868: 0.536244
41869: 0.536231
41870: 0.536242
41871: 0.536253
41872: 0.536241
41873: 0.536228
41874: 0.536239
41875: 0.53625
41876: 0.536261
41877: 0.536248
41878: 0.536235
41879: 0.536246
41880: 0.536234
41881: 0.536245
41882: 0.536256
41883: 0.536267
41884: 0.536254
41885: 0.536265
41886: 0.536252
41887: 0.536263
41888: 0.536274
41889: 0.536262
41890: 0.536249
41891: 0.53626
41892: 0.536271
41893: 0.536282
41894: 0.536293
41895: 0.536304
41896: 0.536315
41897: 0.536302
41898: 0.53629
41899: 0.536301
41900: 0.536312
41901: 0.536299
41902: 0.536286
41903: 0.536273
41904: 0.536261
41905: 0.536248
41906: 0.536259
41907: 0.53627
41908: 0.536281
41909: 0.536268
41910: 0.536255
41911: 0.536266
41912: 0.536254
41913: 0.536241
41914: 0.536252
41915: 0.536263
41916: 0.536274
41917: 0.536261
41918: 0.536248
41919: 0.536236
41920: 0.536247
41921: 0.536258
41922: 0.536245
41923: 0.536256
41924: 0.536267
41925: 0.536254
41926: 0.536265
41927: 0.536276
41928: 0.536288
41929: 0.536299
41930: 0.53631
41931: 0.536297
41932: 0.536284
41933: 0.536295
41934: 0.536306
41935: 0.536317
41936: 0.536328
41937: 0.536316
41938: 0.536303
41939: 0.53629
41940: 0.536301
41941: 0.536312
41942: 0.536323
41943: 0.536334
41944: 0.536345
41945: 0.536356
41946: 0.536367
41947: 0.536378
41948: 0.536389
41949: 0.5364
41950: 0.536412
41951: 0.536423
41952: 0.53641
41953: 0.536421
41954: 0.536432
41955: 0.536443
41956: 0.53643
41957: 0.536441
41958: 0.536428
41959: 0.536416
41960: 0.536403
41961: 0.536414
41962: 0.536425
41963: 0.536412
41964: 0.536423
41965: 0.53641
41966: 0.536398
41967: 0.536385
41968: 0.536372
41969: 0.536383
41970: 0.536394
41971: 0.536405
41972: 0.536392
41973: 0.536403
41974: 0.536391
41975: 0.536378
41976: 0.536389
41977: 0.5364
41978: 0.536387
41979: 0.536374
41980: 0.536386
41981: 0.536373
41982: 0.536384
41983: 0.536395
41984: 0.536406
41985: 0.536417
41986: 0.536428
41987: 0.536439
41988: 0.53645
41989: 0.536461
41990: 0.536448
41991: 0.536459
41992: 0.536447
41993: 0.536458
41994: 0.536469
41995: 0.536456
41996: 0.536467
41997: 0.536478
41998: 0.536489
41999: 0.5365
42000: 0.536511
42001: 0.536522
42002: 0.536533
42003: 0.53652
42004: 0.536531
42005: 0.536542
42006: 0.53653
42007: 0.536541
42008: 0.536528
42009: 0.536515
42010: 0.536502
42011: 0.536513
42012: 0.536524
42013: 0.536535
42014: 0.536546
42015: 0.536558
42016: 0.536545
42017: 0.536556
42018: 0.536567
42019: 0.536578
42020: 0.536589
42021: 0.536576
42022: 0.536563
42023: 0.536574
42024: 0.536585
42025: 0.536573
42026: 0.536584
42027: 0.536595
42028: 0.536606
42029: 0.536593
42030: 0.536604
42031: 0.536591
42032: 0.536602
42033: 0.536613
42034: 0.536624
42035: 0.536635
42036: 0.536622
42037: 0.53661
42038: 0.536621
42039: 0.536608
42040: 0.536595
42041: 0.536582
42042: 0.53657
42043: 0.536557
42044: 0.536568
42045: 0.536555
42046: 0.536566
42047: 0.536577
42048: 0.536588
42049: 0.536599
42050: 0.536587
42051: 0.536598
42052: 0.536609
42053: 0.53662
42054: 0.536631
42055: 0.536642
42056: 0.536629
42057: 0.53664
42058: 0.536651
42059: 0.536638
42060: 0.536649
42061: 0.536636
42062: 0.536624
42063: 0.536635
42064: 0.536646
42065: 0.536633
42066: 0.53662
42067: 0.536607
42068: 0.536618
42069: 0.536629
42070: 0.53664
42071: 0.536628
42072: 0.536639
42073: 0.53665
42074: 0.536661
42075: 0.536672
42076: 0.536683
42077: 0.536694
42078: 0.536681
42079: 0.536692
42080: 0.536703
42081: 0.536714
42082: 0.536725
42083: 0.536736
42084: 0.536723
42085: 0.536734
42086: 0.536722
42087: 0.536733
42088: 0.536744
42089: 0.536755
42090: 0.536742
42091: 0.536753
42092: 0.53674
42093: 0.536727
42094: 0.536738
42095: 0.536749
42096: 0.53676
42097: 0.536771
42098: 0.536759
42099: 0.53677
42100: 0.536781
42101: 0.536768
42102: 0.536755
42103: 0.536766
42104: 0.536777
42105: 0.536788
42106: 0.536775
42107: 0.536763
42108: 0.536774
42109: 0.536785
42110: 0.536796
42111: 0.536807
42112: 0.536818
42113: 0.536805
42114: 0.536816
42115: 0.536803
42116: 0.53679
42117: 0.536778
42118: 0.536765
42119: 0.536752
42120: 0.536763
42121: 0.53675
42122: 0.536738
42123: 0.536749
42124: 0.53676
42125: 0.536771
42126: 0.536782
42127: 0.536793
42128: 0.53678
42129: 0.536767
42130: 0.536754
42131: 0.536742
42132: 0.536729
42133: 0.536716
42134: 0.536703
42135: 0.536714
42136: 0.536702
42137: 0.536689
42138: 0.5367
42139: 0.536687
42140: 0.536674
42141: 0.536685
42142: 0.536673
42143: 0.536684
42144: 0.536671
42145: 0.536658
42146: 0.536669
42147: 0.53668
42148: 0.536691
42149: 0.536679
42150: 0.536666
42151: 0.536653
42152: 0.53664
42153: 0.536651
42154: 0.536662
42155: 0.53665
42156: 0.536661
42157: 0.536648
42158: 0.536635
42159: 0.536646
42160: 0.536633
42161: 0.536644
42162: 0.536632
42163: 0.536619
42164: 0.536606
42165: 0.536617
42166: 0.536604
42167: 0.536615
42168: 0.536626
42169: 0.536614
42170: 0.536625
42171: 0.536612
42172: 0.536599
42173: 0.536587
42174: 0.536598
42175: 0.536608
42176: 0.536619
42177: 0.536607
42178: 0.536618
42179: 0.536629
42180: 0.53664
42181: 0.536627
42182: 0.536614
42183: 0.536625
42184: 0.536636
42185: 0.536647
42186: 0.536635
42187: 0.536622
42188: 0.536633
42189: 0.53662
42190: 0.536631
42191: 0.536618
42192: 0.536629
42193: 0.536617
42194: 0.536604
42195: 0.536615
42196: 0.536626
42197: 0.536613
42198: 0.5366
42199: 0.536611
42200: 0.536622
42201: 0.536633
42202: 0.536621
42203: 0.536608
42204: 0.536619
42205: 0.53663
42206: 0.536617
42207: 0.536604
42208: 0.536615
42209: 0.536626
42210: 0.536637
42211: 0.536625
42212: 0.536636
42213: 0.536623
42214: 0.536634
42215: 0.536621
42216: 0.536608
42217: 0.536596
42218: 0.536607
42219: 0.536618
42220: 0.536605
42221: 0.536592
42222: 0.53658
42223: 0.536591
42224: 0.536578
42225: 0.536565
42226: 0.536576
42227: 0.536587
42228: 0.536598
42229: 0.536585
42230: 0.536596
42231: 0.536584
42232: 0.536571
42233: 0.536558
42234: 0.536569
42235: 0.53658
42236: 0.536591
42237: 0.536602
42238: 0.536589
42239: 0.5366
42240: 0.536588
42241: 0.536575
42242: 0.536586
42243: 0.536597
42244: 0.536608
42245: 0.536595
42246: 0.536582
42247: 0.53657
42248: 0.536581
42249: 0.536592
42250: 0.536579
42251: 0.53659
42252: 0.536577
42253: 0.536588
42254: 0.536599
42255: 0.536587
42256: 0.536574
42257: 0.536561
42258: 0.536548
42259: 0.536536
42260: 0.536547
42261: 0.536558
42262: 0.536569
42263: 0.536556
42264: 0.536543
42265: 0.536554
42266: 0.536565
42267: 0.536552
42268: 0.536563
42269: 0.536574
42270: 0.536585
42271: 0.536573
42272: 0.536584
42273: 0.536595
42274: 0.536582
42275: 0.536569
42276: 0.536557
42277: 0.536567
42278: 0.536555
42279: 0.536566
42280: 0.536553
42281: 0.536564
42282: 0.536575
42283: 0.536586
42284: 0.536597
42285: 0.536608
42286: 0.536595
42287: 0.536606
42288: 0.536617
42289: 0.536628
42290: 0.536615
42291: 0.536626
42292: 0.536614
42293: 0.536601
42294: 0.536612
42295: 0.536623
42296: 0.536634
42297: 0.536645
42298: 0.536656
42299: 0.536667
42300: 0.536678
42301: 0.536665
42302: 0.536652
42303: 0.53664
42304: 0.536627
42305: 0.536638
42306: 0.536649
42307: 0.53666
42308: 0.536671
42309: 0.536658
42310: 0.536645
42311: 0.536656
42312: 0.536644
42313: 0.536655
42314: 0.536642
42315: 0.536653
42316: 0.536664
42317: 0.536651
42318: 0.536662
42319: 0.536649
42320: 0.536637
42321: 0.536624
42322: 0.536611
42323: 0.536599
42324: 0.53661
42325: 0.536621
42326: 0.536631
42327: 0.536619
42328: 0.53663
42329: 0.536617
42330: 0.536628
42331: 0.536615
42332: 0.536626
42333: 0.536637
42334: 0.536648
42335: 0.536659
42336: 0.53667
42337: 0.536657
42338: 0.536668
42339: 0.536679
42340: 0.53669
42341: 0.536701
42342: 0.536712
42343: 0.536699
42344: 0.536687
42345: 0.536674
42346: 0.536685
42347: 0.536696
42348: 0.536683
42349: 0.536671
42350: 0.536658
42351: 0.536669
42352: 0.53668
42353: 0.536691
42354: 0.536702
42355: 0.536689
42356: 0.536676
42357: 0.536687
42358: 0.536675
42359: 0.536686
42360: 0.536673
42361: 0.536684
42362: 0.536695
42363: 0.536682
42364: 0.536693
42365: 0.536704
42366: 0.536715
42367: 0.536702
42368: 0.536713
42369: 0.536724
42370: 0.536735
42371: 0.536746
42372: 0.536733
42373: 0.536744
42374: 0.536732
42375: 0.536719
42376: 0.53673
42377: 0.536741
42378: 0.536752
42379: 0.536763
42380: 0.536774
42381: 0.536784
42382: 0.536795
42383: 0.536783
42384: 0.53677
42385: 0.536757
42386: 0.536768
42387: 0.536779
42388: 0.53679
42389: 0.536778
42390: 0.536765
42391: 0.536776
42392: 0.536763
42393: 0.53675
42394: 0.536738
42395: 0.536725
42396: 0.536736
42397: 0.536747
42398: 0.536758
42399: 0.536769
42400: 0.53678
42401: 0.536791
42402: 0.536802
42403: 0.536813
42404: 0.5368
42405: 0.536787
42406: 0.536798
42407: 0.536809
42408: 0.536796
42409: 0.536784
42410: 0.536771
42411: 0.536782
42412: 0.536769
42413: 0.536757
42414: 0.536744
42415: 0.536755
42416: 0.536766
42417: 0.536777
42418: 0.536764
42419: 0.536775
42420: 0.536762
42421: 0.536773
42422: 0.536761
42423: 0.536748
42424: 0.536759
42425: 0.53677
42426: 0.536781
42427: 0.536792
42428: 0.536803
42429: 0.536814
42430: 0.536824
42431: 0.536812
42432: 0.536799
42433: 0.536787
42434: 0.536797
42435: 0.536808
42436: 0.536796
42437: 0.536807
42438: 0.536818
42439: 0.536828
42440: 0.536816
42441: 0.536803
42442: 0.536791
42443: 0.536801
42444: 0.536812
42445: 0.536823
42446: 0.536834
42447: 0.536822
42448: 0.536809
42449: 0.53682
42450: 0.536831
42451: 0.536818
42452: 0.536805
42453: 0.536816
42454: 0.536827
42455: 0.536838
42456: 0.536849
42457: 0.53686
42458: 0.536847
42459: 0.536835
42460: 0.536822
42461: 0.536833
42462: 0.53682
42463: 0.536831
42464: 0.536819
42465: 0.536829
42466: 0.536817
42467: 0.536828
42468: 0.536839
42469: 0.53685
42470: 0.53686
42471: 0.536848
42472: 0.536835
42473: 0.536823
42474: 0.53681
42475: 0.536821
42476: 0.536808
42477: 0.536796
42478: 0.536783
42479: 0.53677
42480: 0.536758
42481: 0.536769
42482: 0.536779
42483: 0.53679
42484: 0.536801
42485: 0.536789
42486: 0.536799
42487: 0.536787
42488: 0.536798
42489: 0.536785
42490: 0.536796
42491: 0.536783
42492: 0.536794
42493: 0.536805
42494: 0.536816
42495: 0.536827
42496: 0.536838
42497: 0.536849
42498: 0.53686
42499: 0.536847
42500: 0.536834
42501: 0.536822
42502: 0.536809
42503: 0.53682
42504: 0.536831
42505: 0.536842
42506: 0.536853
42507: 0.53684
42508: 0.536851
42509: 0.536838
42510: 0.536826
42511: 0.536837
42512: 0.536824
42513: 0.536835
42514: 0.536846
42515: 0.536857
42516: 0.536868
42517: 0.536878
42518: 0.536866
42519: 0.536877
42520: 0.536888
42521: 0.536875
42522: 0.536862
42523: 0.53685
42524: 0.536837
42525: 0.536848
42526: 0.536859
42527: 0.536846
42528: 0.536834
42529: 0.536845
42530: 0.536855
42531: 0.536843
42532: 0.536854
42533: 0.536865
42534: 0.536852
42535: 0.536863
42536: 0.536874
42537: 0.536885
42538: 0.536872
42539: 0.536883
42540: 0.536894
42541: 0.536905
42542: 0.536892
42543: 0.536879
42544: 0.536867
42545: 0.536878
42546: 0.536889
42547: 0.5369
42548: 0.53691
42549: 0.536898
42550: 0.536909
42551: 0.536896
42552: 0.536907
42553: 0.536918
42554: 0.536929
42555: 0.536916
42556: 0.536903
42557: 0.536914
42558: 0.536925
42559: 0.536936
42560: 0.536923
42561: 0.536911
42562: 0.536898
42563: 0.536886
42564: 0.536897
42565: 0.536907
42566: 0.536895
42567: 0.536882
42568: 0.53687
42569: 0.53688
42570: 0.536891
42571: 0.536902
42572: 0.53689
42573: 0.536877
42574: 0.536864
42575: 0.536852
42576: 0.536863
42577: 0.53685
42578: 0.536861
42579: 0.536872
42580: 0.536859
42581: 0.53687
42582: 0.536857
42583: 0.536845
42584: 0.536832
42585: 0.53682
42586: 0.53683
42587: 0.536841
42588: 0.536829
42589: 0.53684
42590: 0.536827
42591: 0.536838
42592: 0.536825
42593: 0.536813
42594: 0.536824
42595: 0.536811
42596: 0.536822
42597: 0.536833
42598: 0.536844
42599: 0.536831
42600: 0.536842
42601: 0.536853
42602: 0.53684
42603: 0.536851
42604: 0.536862
42605: 0.536873
42606: 0.53686
42607: 0.536871
42608: 0.536882
42609: 0.536893
42610: 0.53688
42611: 0.536891
42612: 0.536878
42613: 0.536889
42614: 0.5369
42615: 0.536911
42616: 0.536922
42617: 0.536933
42618: 0.536944
42619: 0.536954
42620: 0.536965
42621: 0.536976
42622: 0.536964
42623: 0.536974
42624: 0.536962
42625: 0.536949
42626: 0.536937
42627: 0.536924
42628: 0.536935
42629: 0.536946
42630: 0.536957
42631: 0.536944
42632: 0.536931
42633: 0.536919
42634: 0.53693
42635: 0.536917
42636: 0.536928
42637: 0.536939
42638: 0.53695
42639: 0.536937
42640: 0.536948
42641: 0.536959
42642: 0.53697
42643: 0.536981
42644: 0.536968
42645: 0.536979
42646: 0.53699
42647: 0.536977
42648: 0.536988
42649: 0.536975
42650: 0.536986
42651: 0.536997
42652: 0.537008
42653: 0.537019
42654: 0.53703
42655: 0.537017
42656: 0.537004
42657: 0.537015
42658: 0.537003
42659: 0.537014
42660: 0.537001
42661: 0.537012
42662: 0.537023
42663: 0.53701
42664: 0.537021
42665: 0.537032
42666: 0.537019
42667: 0.537007
42668: 0.537018
42669: 0.537028
42670: 0.537039
42671: 0.53705
42672: 0.537061
42673: 0.537072
42674: 0.537059
42675: 0.53707
42676: 0.537081
42677: 0.537092
42678: 0.537103
42679: 0.53709
42680: 0.537077
42681: 0.537065
42682: 0.537052
42683: 0.537063
42684: 0.537074
42685: 0.537061
42686: 0.537049
42687: 0.537036
42688: 0.537024
42689: 0.537034
42690: 0.537022
42691: 0.537033
42692: 0.537044
42693: 0.537054
42694: 0.537065
42695: 0.537053
42696: 0.537063
42697: 0.537051
42698: 0.537062
42699: 0.537049
42700: 0.537037
42701: 0.537047
42702: 0.537035
42703: 0.537022
42704: 0.53701
42705: 0.537021
42706: 0.537008
42707: 0.537019
42708: 0.53703
42709: 0.537041
42710: 0.537028
42711: 0.537015
42712: 0.537003
42713: 0.53699
42714: 0.536978
42715: 0.536988
42716: 0.536999
42717: 0.536987
42718: 0.536998
42719: 0.536985
42720: 0.536972
42721: 0.536983
42722: 0.536994
42723: 0.536982
42724: 0.536969
42725: 0.536956
42726: 0.536967
42727: 0.536955
42728: 0.536966
42729: 0.536976
42730: 0.536987
42731: 0.536998
42732: 0.537009
42733: 0.53702
42734: 0.537007
42735: 0.536995
42736: 0.537005
42737: 0.537016
42738: 0.537027
42739: 0.537015
42740: 0.537002
42741: 0.536989
42742: 0.536977
42743: 0.536988
42744: 0.536998
42745: 0.536986
42746: 0.536973
42747: 0.536984
42748: 0.536972
42749: 0.536959
42750: 0.53697
42751: 0.536981
42752: 0.536992
42753: 0.536979
42754: 0.53699
42755: 0.537001
42756: 0.537011
42757: 0.537022
42758: 0.53701
42759: 0.536997
42760: 0.537008
42761: 0.537019
42762: 0.53703
42763: 0.537017
42764: 0.537005
42765: 0.536992
42766: 0.537003
42767: 0.537014
42768: 0.537024
42769: 0.537035
42770: 0.537023
42771: 0.53701
42772: 0.536998
42773: 0.536985
42774: 0.536996
42775: 0.536983
42776: 0.536994
42777: 0.537005
42778: 0.537016
42779: 0.537003
42780: 0.537014
42781: 0.537002
42782: 0.537012
42783: 0.537023
42784: 0.537011
42785: 0.536998
42786: 0.536986
42787: 0.536973
42788: 0.53696
42789: 0.536971
42790: 0.536982
42791: 0.53697
42792: 0.536957
42793: 0.536944
42794: 0.536932
42795: 0.536919
42796: 0.53693
42797: 0.536941
42798: 0.536952
42799: 0.536939
42800: 0.536927
42801: 0.536914
42802: 0.536902
42803: 0.536889
42804: 0.5369
42805: 0.536887
42806: 0.536875
42807: 0.536886
42808: 0.536896
42809: 0.536907
42810: 0.536895
42811: 0.536882
42812: 0.536893
42813: 0.53688
42814: 0.536868
42815: 0.536855
42816: 0.536866
42817: 0.536877
42818: 0.536888
42819: 0.536875
42820: 0.536863
42821: 0.536874
42822: 0.536861
42823: 0.536872
42824: 0.536883
42825: 0.536893
42826: 0.536881
42827: 0.536892
42828: 0.536903
42829: 0.536913
42830: 0.536901
42831: 0.536912
42832: 0.536899
42833: 0.536887
42834: 0.536874
42835: 0.536862
42836: 0.536849
42837: 0.536836
42838: 0.536847
42839: 0.536858
42840: 0.536846
42841: 0.536856
42842: 0.536844
42843: 0.536855
42844: 0.536842
42845: 0.536853
42846: 0.53684
42847: 0.536851
42848: 0.536839
42849: 0.536849
42850: 0.53686
42851: 0.536871
42852: 0.536859
42853: 0.536846
42854: 0.536834
42855: 0.536844
42856: 0.536832
42857: 0.536819
42858: 0.536807
42859: 0.536794
42860: 0.536805
42861: 0.536792
42862: 0.536803
42863: 0.536814
42864: 0.536825
42865: 0.536812
42866: 0.5368
42867: 0.536811
42868: 0.536821
42869: 0.536832
42870: 0.53682
42871: 0.536807
42872: 0.536795
42873: 0.536782
42874: 0.536793
42875: 0.53678
42876: 0.536791
42877: 0.536802
42878: 0.536813
42879: 0.536824
42880: 0.536811
42881: 0.536799
42882: 0.536786
42883: 0.536774
42884: 0.536784
42885: 0.536795
42886: 0.536806
42887: 0.536817
42888: 0.536828
42889: 0.536815
42890: 0.536803
42891: 0.53679
42892: 0.536801
42893: 0.536812
42894: 0.536822
42895: 0.536833
42896: 0.536844
42897: 0.536855
42898: 0.536842
42899: 0.536853
42900: 0.536864
42901: 0.536851
42902: 0.536862
42903: 0.536873
42904: 0.536861
42905: 0.536871
42906: 0.536859
42907: 0.53687
42908: 0.53688
42909: 0.536868
42910: 0.536855
42911: 0.536866
42912: 0.536877
42913: 0.536888
42914: 0.536875
42915: 0.536886
42916: 0.536874
42917: 0.536884
42918: 0.536895
42919: 0.536906
42920: 0.536893
42921: 0.536881
42922: 0.536868
42923: 0.536879
42924: 0.53689
42925: 0.536901
42926: 0.536912
42927: 0.536922
42928: 0.53691
42929: 0.536897
42930: 0.536908
42931: 0.536919
42932: 0.53693
42933: 0.53694
42934: 0.536928
42935: 0.536939
42936: 0.536949
42937: 0.53696
42938: 0.536971
42939: 0.536959
42940: 0.536946
42941: 0.536934
42942: 0.536944
42943: 0.536955
42944: 0.536966
42945: 0.536953
42946: 0.536964
42947: 0.536975
42948: 0.536986
42949: 0.536997
42950: 0.537007
42951: 0.536995
42952: 0.537006
42953: 0.536993
42954: 0.536981
42955: 0.536968
42956: 0.536956
42957: 0.536966
42958: 0.536977
42959: 0.536988
42960: 0.536975
42961: 0.536986
42962: 0.536997
42963: 0.536984
42964: 0.536995
42965: 0.536983
42966: 0.53697
42967: 0.536981
42968: 0.536992
42969: 0.536979
42970: 0.53699
42971: 0.536978
42972: 0.536965
42973: 0.536976
42974: 0.536963
42975: 0.536974
42976: 0.536985
42977: 0.536972
42978: 0.53696
42979: 0.536971
42980: 0.536981
42981: 0.536992
42982: 0.53698
42983: 0.536967
42984: 0.536955
42985: 0.536942
42986: 0.536953
42987: 0.536964
42988: 0.536975
42989: 0.536985
42990: 0.536996
42991: 0.536984
42992: 0.536971
42993: 0.536982
42994: 0.536993
42995: 0.537003
42996: 0.536991
42997: 0.536978
42998: 0.536966
42999: 0.536953
43000: 0.536964
43001: 0.536952
43002: 0.536939
43003: 0.53695
43004: 0.536938
43005: 0.536925
43006: 0.536936
43007: 0.536923
43008: 0.536934
43009: 0.536945
43010: 0.536932
43011: 0.536943
43012: 0.536931
43013: 0.536918
43014: 0.536929
43015: 0.536916
43016: 0.536904
43017: 0.536915
43018: 0.536902
43019: 0.536913
43020: 0.536924
43021: 0.536935
43022: 0.536945
43023: 0.536956
43024: 0.536967
43025: 0.536978
43026: 0.536988
43027: 0.536999
43028: 0.536987
43029: 0.536974
43030: 0.536985
43031: 0.536972
43032: 0.53696
43033: 0.536971
43034: 0.536982
43035: 0.536992
43036: 0.537003
43037: 0.536991
43038: 0.536978
43039: 0.536989
43040: 0.536976
43041: 0.536964
43042: 0.536951
43043: 0.536939
43044: 0.536926
43045: 0.536914
43046: 0.536902
43047: 0.536912
43048: 0.5369
43049: 0.536887
43050: 0.536898
43051: 0.536909
43052: 0.536896
43053: 0.536907
43054: 0.536918
43055: 0.536929
43056: 0.536916
43057: 0.536904
43058: 0.536891
43059: 0.536879
43060: 0.536866
43061: 0.536854
43062: 0.536865
43063: 0.536875
43064: 0.536886
43065: 0.536874
43066: 0.536861
43067: 0.536872
43068: 0.536859
43069: 0.536847
43070: 0.536835
43071: 0.536845
43072: 0.536856
43073: 0.536844
43074: 0.536831
43075: 0.536819
43076: 0.536829
43077: 0.536817
43078: 0.536828
43079: 0.536838
43080: 0.536849
43081: 0.53686
43082: 0.536847
43083: 0.536835
43084: 0.536823
43085: 0.53681
43086: 0.536798
43087: 0.536808
43088: 0.536819
43089: 0.53683
43090: 0.536817
43091: 0.536805
43092: 0.536793
43093: 0.53678
43094: 0.536768
43095: 0.536778
43096: 0.536766
43097: 0.536753
43098: 0.536741
43099: 0.536752
43100: 0.536762
43101: 0.536773
43102: 0.536784
43103: 0.536795
43104: 0.536805
43105: 0.536816
43106: 0.536804
43107: 0.536815
43108: 0.536825
43109: 0.536813
43110: 0.5368
43111: 0.536788
43112: 0.536799
43113: 0.536786
43114: 0.536797
43115: 0.536784
43116: 0.536772
43117: 0.53676
43118: 0.53677
43119: 0.536781
43120: 0.536769
43121: 0.536779
43122: 0.536767
43123: 0.536778
43124: 0.536788
43125: 0.536799
43126: 0.536787
43127: 0.536774
43128: 0.536762
43129: 0.536749
43130: 0.536737
43131: 0.536724
43132: 0.536735
43133: 0.536746
43134: 0.536734
43135: 0.536744
43136: 0.536732
43137: 0.536743
43138: 0.536753
43139: 0.536741
43140: 0.536752
43141: 0.536762
43142: 0.536773
43143: 0.536784
43144: 0.536795
43145: 0.536805
43146: 0.536816
43147: 0.536827
43148: 0.536837
43149: 0.536825
43150: 0.536836
43151: 0.536823
43152: 0.536834
43153: 0.536845
43154: 0.536856
43155: 0.536866
43156: 0.536854
43157: 0.536841
43158: 0.536829
43159: 0.536816
43160: 0.536827
43161: 0.536838
43162: 0.536849
43163: 0.536859
43164: 0.53687
43165: 0.536858
43166: 0.536868
43167: 0.536856
43168: 0.536867
43169: 0.536854
43170: 0.536842
43171: 0.536853
43172: 0.536863
43173: 0.536874
43174: 0.536885
43175: 0.536872
43176: 0.53686
43177: 0.536871
43178: 0.536881
43179: 0.536869
43180: 0.53688
43181: 0.536867
43182: 0.536855
43183: 0.536842
43184: 0.53683
43185: 0.536817
43186: 0.536828
43187: 0.536816
43188: 0.536803
43189: 0.536814
43190: 0.536802
43191: 0.536812
43192: 0.5368
43193: 0.536811
43194: 0.536821
43195: 0.536832
43196: 0.53682
43197: 0.536807
43198: 0.536818
43199: 0.536829
43200: 0.536839
43201: 0.53685
43202: 0.536861
43203: 0.536848
43204: 0.536836
43205: 0.536847
43206: 0.536834
43207: 0.536822
43208: 0.536833
43209: 0.536843
43210: 0.536831
43211: 0.536842
43212: 0.536829
43213: 0.53684
43214: 0.536851
43215: 0.536838
43216: 0.536849
43217: 0.53686
43218: 0.53687
43219: 0.536858
43220: 0.536869
43221: 0.536856
43222: 0.536867
43223: 0.536878
43224: 0.536865
43225: 0.536876
43226: 0.536864
43227: 0.536874
43228: 0.536885
43229: 0.536896
43230: 0.536883
43231: 0.536894
43232: 0.536882
43233: 0.536892
43234: 0.536903
43235: 0.536891
43236: 0.536901
43237: 0.536912
43238: 0.536923
43239: 0.53691
43240: 0.536921
43241: 0.536932
43242: 0.536942
43243: 0.536953
43244: 0.536964
43245: 0.536975
43246: 0.536962
43247: 0.53695
43248: 0.53696
43249: 0.536971
43250: 0.536982
43251: 0.536969
43252: 0.53698
43253: 0.536968
43254: 0.536955
43255: 0.536943
43256: 0.53693
43257: 0.536941
43258: 0.536952
43259: 0.536963
43260: 0.53695
43261: 0.536938
43262: 0.536925
43263: 0.536913
43264: 0.5369
43265: 0.536888
43266: 0.536899
43267: 0.536909
43268: 0.53692
43269: 0.536931
43270: 0.536918
43271: 0.536906
43272: 0.536917
43273: 0.536904
43274: 0.536892
43275: 0.536903
43276: 0.536913
43277: 0.536924
43278: 0.536935
43279: 0.536922
43280: 0.536933
43281: 0.536944
43282: 0.536954
43283: 0.536942
43284: 0.53693
43285: 0.536917
43286: 0.536905
43287: 0.536916
43288: 0.536903
43289: 0.536891
43290: 0.536878
43291: 0.536889
43292: 0.5369
43293: 0.53691
43294: 0.536921
43295: 0.536932
43296: 0.536943
43297: 0.536953
43298: 0.536964
43299: 0.536975
43300: 0.536962
43301: 0.536973
43302: 0.53696
43303: 0.536971
43304: 0.536959
43305: 0.536946
43306: 0.536934
43307: 0.536945
43308: 0.536932
43309: 0.536943
43310: 0.536931
43311: 0.536918
43312: 0.536906
43313: 0.536893
43314: 0.536881
43315: 0.536869
43316: 0.536856
43317: 0.536867
43318: 0.536854
43319: 0.536842
43320: 0.53683
43321: 0.53684
43322: 0.536828
43323: 0.536816
43324: 0.536803
43325: 0.536814
43326: 0.536825
43327: 0.536835
43328: 0.536846
43329: 0.536834
43330: 0.536821
43331: 0.536809
43332: 0.536796
43333: 0.536784
43334: 0.536772
43335: 0.536759
43336: 0.53677
43337: 0.536758
43338: 0.536745
43339: 0.536733
43340: 0.536743
43341: 0.536754
43342: 0.536765
43343: 0.536776
43344: 0.536763
43345: 0.536774
43346: 0.536761
43347: 0.536749
43348: 0.53676
43349: 0.53677
43350: 0.536781
43351: 0.536792
43352: 0.536803
43353: 0.53679
43354: 0.536801
43355: 0.536788
43356: 0.536776
43357: 0.536787
43358: 0.536774
43359: 0.536785
43360: 0.536773
43361: 0.536783
43362: 0.536794
43363: 0.536782
43364: 0.536769
43365: 0.53678
43366: 0.536768
43367: 0.536755
43368: 0.536743
43369: 0.53673
43370: 0.536718
43371: 0.536706
43372: 0.536716
43373: 0.536727
43374: 0.536738
43375: 0.536748
43376: 0.536759
43377: 0.53677
43378: 0.53678
43379: 0.536791
43380: 0.536802
43381: 0.536789
43382: 0.536777
43383: 0.536765
43384: 0.536775
43385: 0.536763
43386: 0.536751
43387: 0.536761
43388: 0.536749
43389: 0.53676
43390: 0.536747
43391: 0.536735
43392: 0.536723
43393: 0.536733
43394: 0.536744
43395: 0.536755
43396: 0.536742
43397: 0.53673
43398: 0.53674
43399: 0.536728
43400: 0.536716
43401: 0.536726
43402: 0.536737
43403: 0.536748
43404: 0.536735
43405: 0.536746
43406: 0.536757
43407: 0.536767
43408: 0.536755
43409: 0.536743
43410: 0.53673
43411: 0.536718
43412: 0.536706
43413: 0.536716
43414: 0.536704
43415: 0.536715
43416: 0.536725
43417: 0.536713
43418: 0.536701
43419: 0.536711
43420: 0.536722
43421: 0.536733
43422: 0.536743
43423: 0.536731
43424: 0.536718
43425: 0.536706
43426: 0.536717
43427: 0.536727
43428: 0.536715
43429: 0.536726
43430: 0.536736
43431: 0.536724
43432: 0.536735
43433: 0.536722
43434: 0.536733
43435: 0.536744
43436: 0.536754
43437: 0.536742
43438: 0.536753
43439: 0.53674
43440: 0.536751
43441: 0.536739
43442: 0.536726
43443: 0.536737
43444: 0.536748
43445: 0.536758
43446: 0.536746
43447: 0.536734
43448: 0.536721
43449: 0.536709
43450: 0.536697
43451: 0.536684
43452: 0.536695
43453: 0.536705
43454: 0.536693
43455: 0.536681
43456: 0.536691
43457: 0.536679
43458: 0.53669
43459: 0.5367
43460: 0.536688
43461: 0.536676
43462: 0.536686
43463: 0.536697
43464: 0.536685
43465: 0.536672
43466: 0.53666
43467: 0.536648
43468: 0.536658
43469: 0.536669
43470: 0.53668
43471: 0.536667
43472: 0.536655
43473: 0.536643
43474: 0.536653
43475: 0.536664
43476: 0.536652
43477: 0.536639
43478: 0.53665
43479: 0.536661
43480: 0.536671
43481: 0.536659
43482: 0.536647
43483: 0.536657
43484: 0.536645
43485: 0.536655
43486: 0.536643
43487: 0.536654
43488: 0.536664
43489: 0.536675
43490: 0.536663
43491: 0.536673
43492: 0.536661
43493: 0.536649
43494: 0.536636
43495: 0.536624
43496: 0.536612
43497: 0.536622
43498: 0.536633
43499: 0.536621
43500: 0.536608
43501: 0.536596
43502: 0.536584
43503: 0.536594
43504: 0.536605
43505: 0.536616
43506: 0.536626
43507: 0.536637
43508: 0.536625
43509: 0.536612
43510: 0.5366
43511: 0.536611
43512: 0.536621
43513: 0.536632
43514: 0.53662
43515: 0.536607
43516: 0.536618
43517: 0.536629
43518: 0.536616
43519: 0.536604
43520: 0.536592
43521: 0.536602
43522: 0.53659
43523: 0.5366
43524: 0.536611
43525: 0.536599
43526: 0.536586
43527: 0.536574
43528: 0.536562
43529: 0.536572
43530: 0.53656
43531: 0.536548
43532: 0.536536
43533: 0.536523
43534: 0.536511
43535: 0.536499
43536: 0.536509
43537: 0.53652
43538: 0.53653
43539: 0.536518
43540: 0.536506
43541: 0.536516
43542: 0.536527
43543: 0.536538
43544: 0.536548
43545: 0.536536
43546: 0.536547
43547: 0.536557
43548: 0.536568
43549: 0.536579
43550: 0.536566
43551: 0.536554
43552: 0.536565
43553: 0.536575
43554: 0.536563
43555: 0.536551
43556: 0.536561
43557: 0.536572
43558: 0.53656
43559: 0.53657
43560: 0.536558
43561: 0.536546
43562: 0.536556
43563: 0.536544
43564: 0.536555
43565: 0.536565
43566: 0.536576
43567: 0.536586
43568: 0.536574
43569: 0.536585
43570: 0.536572
43571: 0.53656
43572: 0.536571
43573: 0.536558
43574: 0.536546
43575: 0.536557
43576: 0.536567
43577: 0.536555
43578: 0.536543
43579: 0.536531
43580: 0.536541
43581: 0.536529
43582: 0.536539
43583: 0.536527
43584: 0.536515
43585: 0.536525
43586: 0.536536
43587: 0.536524
43588: 0.536512
43589: 0.536522
43590: 0.536533
43591: 0.536543
43592: 0.536554
43593: 0.536542
43594: 0.536552
43595: 0.536563
43596: 0.536551
43597: 0.536538
43598: 0.536549
43599: 0.53656
43600: 0.53657
43601: 0.536558
43602: 0.536546
43603: 0.536533
43604: 0.536521
43605: 0.536509
43606: 0.536519
43607: 0.536507
43608: 0.536495
43609: 0.536482
43610: 0.53647
43611: 0.536481
43612: 0.536491
43613: 0.536502
43614: 0.536513
43615: 0.5365
43616: 0.536511
43617: 0.536499
43618: 0.536486
43619: 0.536497
43620: 0.536508
43621: 0.536518
43622: 0.536529
43623: 0.53654
43624: 0.53655
43625: 0.536561
43626: 0.536548
43627: 0.536559
43628: 0.536547
43629: 0.536557
43630: 0.536568
43631: 0.536579
43632: 0.536589
43633: 0.5366
43634: 0.536588
43635: 0.536598
43636: 0.536609
43637: 0.536619
43638: 0.536607
43639: 0.536618
43640: 0.536605
43641: 0.536593
43642: 0.536604
43643: 0.536614
43644: 0.536625
43645: 0.536636
43646: 0.536646
43647: 0.536634
43648: 0.536645
43649: 0.536655
43650: 0.536643
43651: 0.536631
43652: 0.536618
43653: 0.536629
43654: 0.53664
43655: 0.536627
43656: 0.536615
43657: 0.536603
43658: 0.536613
43659: 0.536624
43660: 0.536635
43661: 0.536622
43662: 0.536633
43663: 0.536643
43664: 0.536654
43665: 0.536665
43666: 0.536675
43667: 0.536663
43668: 0.536651
43669: 0.536638
43670: 0.536649
43671: 0.536637
43672: 0.536624
43673: 0.536612
43674: 0.536623
43675: 0.536633
43676: 0.536621
43677: 0.536609
43678: 0.536619
43679: 0.536607
43680: 0.536618
43681: 0.536628
43682: 0.536616
43683: 0.536604
43684: 0.536592
43685: 0.536602
43686: 0.536613
43687: 0.5366
43688: 0.536611
43689: 0.536622
43690: 0.536609
43691: 0.536597
43692: 0.536585
43693: 0.536595
43694: 0.536583
43695: 0.536571
43696: 0.536581
43697: 0.536592
43698: 0.53658
43699: 0.53659
43700: 0.536578
43701: 0.536566
43702: 0.536576
43703: 0.536587
43704: 0.536598
43705: 0.536608
43706: 0.536596
43707: 0.536607
43708: 0.536594
43709: 0.536582
43710: 0.53657
43711: 0.53658
43712: 0.536591
43713: 0.536602
43714: 0.536589
43715: 0.536577
43716: 0.536565
43717: 0.536552
43718: 0.536563
43719: 0.536574
43720: 0.536584
43721: 0.536595
43722: 0.536583
43723: 0.536593
43724: 0.536581
43725: 0.536592
43726: 0.536579
43727: 0.536567
43728: 0.536578
43729: 0.536588
43730: 0.536599
43731: 0.536586
43732: 0.536597
43733: 0.536585
43734: 0.536573
43735: 0.53656
43736: 0.536548
43737: 0.536536
43738: 0.536546
43739: 0.536557
43740: 0.536568
43741: 0.536555
43742: 0.536566
43743: 0.536576
43744: 0.536587
43745: 0.536575
43746: 0.536585
43747: 0.536573
43748: 0.536561
43749: 0.536549
43750: 0.536536
43751: 0.536547
43752: 0.536557
43753: 0.536568
43754: 0.536579
43755: 0.536566
43756: 0.536577
43757: 0.536565
43758: 0.536575
43759: 0.536586
43760: 0.536597
43761: 0.536584
43762: 0.536572
43763: 0.53656
43764: 0.536547
43765: 0.536558
43766: 0.536569
43767: 0.536556
43768: 0.536567
43769: 0.536578
43770: 0.536565
43771: 0.536576
43772: 0.536564
43773: 0.536551
43774: 0.536539
43775: 0.53655
43776: 0.53656
43777: 0.536548
43778: 0.536536
43779: 0.536546
43780: 0.536557
43781: 0.536568
43782: 0.536555
43783: 0.536566
43784: 0.536576
43785: 0.536587
43786: 0.536598
43787: 0.536608
43788: 0.536596
43789: 0.536607
43790: 0.536594
43791: 0.536605
43792: 0.536615
43793: 0.536626
43794: 0.536614
43795: 0.536602
43796: 0.536589
43797: 0.536577
43798: 0.536588
43799: 0.536598
43800: 0.536586
43801: 0.536574
43802: 0.536561
43803: 0.536572
43804: 0.536583
43805: 0.53657
43806: 0.536558
43807: 0.536546
43808: 0.536556
43809: 0.536567
43810: 0.536578
43811: 0.536565
43812: 0.536553
43813: 0.536541
43814: 0.536551
43815: 0.536539
43816: 0.536527
43817: 0.536537
43818: 0.536548
43819: 0.536559
43820: 0.536569
43821: 0.536557
43822: 0.536568
43823: 0.536555
43824: 0.536543
43825: 0.536554
43826: 0.536541
43827: 0.536529
43828: 0.53654
43829: 0.53655
43830: 0.536561
43831: 0.536549
43832: 0.536559
43833: 0.53657
43834: 0.53658
43835: 0.536591
43836: 0.536579
43837: 0.536589
43838: 0.5366
43839: 0.536588
43840: 0.536575
43841: 0.536586
43842: 0.536596
43843: 0.536584
43844: 0.536572
43845: 0.53656
43846: 0.53657
43847: 0.536581
43848: 0.536569
43849: 0.536579
43850: 0.536567
43851: 0.536578
43852: 0.536565
43853: 0.536553
43854: 0.536541
43855: 0.536551
43856: 0.536562
43857: 0.53655
43858: 0.536538
43859: 0.536548
43860: 0.536536
43861: 0.536546
43862: 0.536557
43863: 0.536545
43864: 0.536533
43865: 0.53652
43866: 0.536531
43867: 0.536541
43868: 0.536552
43869: 0.536563
43870: 0.536573
43871: 0.536561
43872: 0.536571
43873: 0.536559
43874: 0.53657
43875: 0.53658
43876: 0.536568
43877: 0.536579
43878: 0.536589
43879: 0.5366
43880: 0.53661
43881: 0.536598
43882: 0.536586
43883: 0.536574
43884: 0.536561
43885: 0.536549
43886: 0.536537
43887: 0.536548
43888: 0.536558
43889: 0.536546
43890: 0.536534
43891: 0.536544
43892: 0.536555
43893: 0.536565
43894: 0.536576
43895: 0.536564
43896: 0.536574
43897: 0.536562
43898: 0.536573
43899: 0.536583
43900: 0.536571
43901: 0.536581
43902: 0.536592
43903: 0.536603
43904: 0.53659
43905: 0.536601
43906: 0.536611
43907: 0.536599
43908: 0.536587
43909: 0.536598
43910: 0.536608
43911: 0.536619
43912: 0.536606
43913: 0.536617
43914: 0.536628
43915: 0.536615
43916: 0.536603
43917: 0.536614
43918: 0.536624
43919: 0.536612
43920: 0.5366
43921: 0.53661
43922: 0.536621
43923: 0.536609
43924: 0.536596
43925: 0.536584
43926: 0.536572
43927: 0.536583
43928: 0.536593
43929: 0.536581
43930: 0.536569
43931: 0.536556
43932: 0.536567
43933: 0.536578
43934: 0.536588
43935: 0.536576
43936: 0.536586
43937: 0.536597
43938: 0.536608
43939: 0.536618
43940: 0.536606
43941: 0.536594
43942: 0.536604
43943: 0.536592
43944: 0.53658
43945: 0.536568
43946: 0.536578
43947: 0.536589
43948: 0.536599
43949: 0.536587
43950: 0.536575
43951: 0.536563
43952: 0.53655
43953: 0.536538
43954: 0.536526
43955: 0.536537
43956: 0.536547
43957: 0.536558
43958: 0.536545
43959: 0.536556
43960: 0.536567
43961: 0.536554
43962: 0.536565
43963: 0.536553
43964: 0.536563
43965: 0.536551
43966: 0.536562
43967: 0.536572
43968: 0.536583
43969: 0.536593
43970: 0.536581
43971: 0.536569
43972: 0.536579
43973: 0.53659
43974: 0.536578
43975: 0.536565
43976: 0.536553
43977: 0.536541
43978: 0.536552
43979: 0.536539
43980: 0.536527
43981: 0.536538
43982: 0.536525
43983: 0.536513
43984: 0.536501
43985: 0.536489
43986: 0.536499
43987: 0.53651
43988: 0.53652
43989: 0.536531
43990: 0.536519
43991: 0.536507
43992: 0.536517
43993: 0.536505
43994: 0.536493
43995: 0.536503
43996: 0.536514
43997: 0.536502
43998: 0.536489
43999: 0.536477
44000: 0.536465
44001: 0.536453
44002: 0.536463
44003: 0.536451
44004: 0.536439
44005: 0.53645
44006: 0.53646
44007: 0.536471
44008: 0.536481
44009: 0.536492
44010: 0.53648
44011: 0.53649
44012: 0.536478
44013: 0.536466
44014: 0.536476
44015: 0.536487
44016: 0.536475
44017: 0.536462
44018: 0.53645
44019: 0.536438
44020: 0.536449
44021: 0.536459
44022: 0.536447
44023: 0.536457
44024: 0.536445
44025: 0.536433
44026: 0.536444
44027: 0.536431
44028: 0.536419
44029: 0.536407
44030: 0.536418
44031: 0.536405
44032: 0.536416
44033: 0.536426
44034: 0.536414
44035: 0.536402
44036: 0.536413
44037: 0.536423
44038: 0.536434
44039: 0.536444
44040: 0.536455
44041: 0.536465
44042: 0.536453
44043: 0.536441
44044: 0.536451
44045: 0.536439
44046: 0.536427
44047: 0.536438
44048: 0.536425
44049: 0.536436
44050: 0.536446
44051: 0.536457
44052: 0.536445
44053: 0.536455
44054: 0.536466
44055: 0.536476
44056: 0.536464
44057: 0.536452
44058: 0.53644
44059: 0.536428
44060: 0.536415
44061: 0.536403
44062: 0.536414
44063: 0.536424
44064: 0.536435
44065: 0.536423
44066: 0.536433
44067: 0.536444
44068: 0.536432
44069: 0.536442
44070: 0.536453
44071: 0.536463
44072: 0.536474
44073: 0.536484
44074: 0.536495
44075: 0.536505
44076: 0.536516
44077: 0.536503
44078: 0.536514
44079: 0.536502
44080: 0.536512
44081: 0.5365
44082: 0.536488
44083: 0.536476
44084: 0.536464
44085: 0.536451
44086: 0.536439
44087: 0.536427
44088: 0.536438
44089: 0.536425
44090: 0.536413
44091: 0.536401
44092: 0.536412
44093: 0.5364
44094: 0.536387
44095: 0.536398
44096: 0.536386
44097: 0.536374
44098: 0.536384
44099: 0.536372
44100: 0.53636
44101: 0.536348
44102: 0.536358
44103: 0.536346
44104: 0.536356
44105: 0.536344
44106: 0.536332
44107: 0.53632
44108: 0.53633
44109: 0.536341
44110: 0.536351
44111: 0.536339
44112: 0.53635
44113: 0.53636
44114: 0.536348
44115: 0.536359
44116: 0.536347
44117: 0.536357
44118: 0.536345
44119: 0.536355
44120: 0.536366
44121: 0.536376
44122: 0.536364
44123: 0.536375
44124: 0.536385
44125: 0.536373
44126: 0.536361
44127: 0.536349
44128: 0.536359
44129: 0.53637
44130: 0.536358
44131: 0.536346
44132: 0.536333
44133: 0.536321
44134: 0.536309
44135: 0.53632
44136: 0.53633
44137: 0.536318
44138: 0.536306
44139: 0.536294
44140: 0.536281
44141: 0.536269
44142: 0.536257
44143: 0.536245
44144: 0.536233
44145: 0.536243
44146: 0.536254
44147: 0.536264
44148: 0.536275
44149: 0.536285
44150: 0.536296
44151: 0.536284
44152: 0.536294
44153: 0.536282
44154: 0.536293
44155: 0.536303
44156: 0.536314
44157: 0.536301
44158: 0.536289
44159: 0.536277
44160: 0.536265
44161: 0.536253
44162: 0.536241
44163: 0.536229
44164: 0.536216
44165: 0.536204
44166: 0.536192
44167: 0.53618
44168: 0.536191
44169: 0.536178
44170: 0.536189
44171: 0.536177
44172: 0.536165
44173: 0.536152
44174: 0.53614
44175: 0.536128
44176: 0.536116
44177: 0.536104
44178: 0.536092
44179: 0.536102
44180: 0.53609
44181: 0.536101
44182: 0.536111
44183: 0.536099
44184: 0.536087
44185: 0.536075
44186: 0.536085
44187: 0.536096
44188: 0.536084
44189: 0.536094
44190: 0.536105
44191: 0.536115
44192: 0.536103
44193: 0.536091
44194: 0.536079
44195: 0.536067
44196: 0.536054
44197: 0.536042
44198: 0.53603
44199: 0.536041
44200: 0.536029
44201: 0.536039
44202: 0.53605
44203: 0.536037
44204: 0.536025
44205: 0.536036
44206: 0.536046
44207: 0.536057
44208: 0.536067
44209: 0.536078
44210: 0.536088
44211: 0.536099
44212: 0.536109
44213: 0.536097
44214: 0.536085
44215: 0.536073
44216: 0.536061
44217: 0.536071
44218: 0.536059
44219: 0.53607
44220: 0.536058
44221: 0.536045
44222: 0.536033
44223: 0.536044
44224: 0.536054
44225: 0.536065
44226: 0.536075
44227: 0.536086
44228: 0.536074
44229: 0.536061
44230: 0.536049
44231: 0.53606
44232: 0.536048
44233: 0.536058
44234: 0.536069
44235: 0.536057
44236: 0.536044
44237: 0.536032
44238: 0.536043
44239: 0.536053
44240: 0.536041
44241: 0.536052
44242: 0.536062
44243: 0.536073
44244: 0.536061
44245: 0.536048
44246: 0.536059
44247: 0.536069
44248: 0.53608
44249: 0.53609
44250: 0.536078
44251: 0.536089
44252: 0.536099
44253: 0.536087
44254: 0.536098
44255: 0.536108
44256: 0.536096
44257: 0.536106
44258: 0.536094
44259: 0.536082
44260: 0.53607
44261: 0.536081
44262: 0.536091
44263: 0.536102
44264: 0.536089
44265: 0.536077
44266: 0.536065
44267: 0.536076
44268: 0.536064
44269: 0.536074
44270: 0.536062
44271: 0.536072
44272: 0.536083
44273: 0.536071
44274: 0.536059
44275: 0.536047
44276: 0.536057
44277: 0.536068
44278: 0.536078
44279: 0.536066
44280: 0.536076
44281: 0.536087
44282: 0.536097
44283: 0.536108
44284: 0.536096
44285: 0.536106
44286: 0.536094
44287: 0.536105
44288: 0.536092
44289: 0.53608
44290: 0.536091
44291: 0.536101
44292: 0.536112
44293: 0.536122
44294: 0.536133
44295: 0.536143
44296: 0.536131
44297: 0.536119
44298: 0.536107
44299: 0.536095
44300: 0.536083
44301: 0.536093
44302: 0.536104
44303: 0.536092
44304: 0.536079
44305: 0.53609
44306: 0.536078
44307: 0.536088
44308: 0.536099
44309: 0.536109
44310: 0.536097
44311: 0.536085
44312: 0.536096
44313: 0.536106
44314: 0.536094
44315: 0.536104
44316: 0.536092
44317: 0.536103
44318: 0.536091
44319: 0.536079
44320: 0.536089
44321: 0.536077
44322: 0.536087
44323: 0.536075
44324: 0.536063
44325: 0.536074
44326: 0.536062
44327: 0.536072
44328: 0.53606
44329: 0.53607
44330: 0.536081
44331: 0.536091
44332: 0.536079
44333: 0.53609
44334: 0.5361
44335: 0.536111
44336: 0.536099
44337: 0.536086
44338: 0.536097
44339: 0.536107
44340: 0.536118
44341: 0.536106
44342: 0.536094
44343: 0.536082
44344: 0.536069
44345: 0.53608
44346: 0.536068
44347: 0.536078
44348: 0.536066
44349: 0.536077
44350: 0.536065
44351: 0.536075
44352: 0.536063
44353: 0.536073
44354: 0.536061
44355: 0.536049
44356: 0.536037
44357: 0.536048
44358: 0.536058
44359: 0.536069
44360: 0.536079
44361: 0.536067
44362: 0.536077
44363: 0.536065
44364: 0.536053
44365: 0.536064
44366: 0.536074
44367: 0.536085
44368: 0.536095
44369: 0.536083
44370: 0.536071
44371: 0.536059
44372: 0.536047
44373: 0.536057
44374: 0.536045
44375: 0.536056
44376: 0.536043
44377: 0.536031
44378: 0.536019
44379: 0.536007
44380: 0.535995
44381: 0.536006
44382: 0.536016
44383: 0.536026
44384: 0.536037
44385: 0.536047
44386: 0.536035
44387: 0.536023
44388: 0.536034
44389: 0.536022
44390: 0.536032
44391: 0.536043
44392: 0.536053
44393: 0.536041
44394: 0.536051
44395: 0.536062
44396: 0.536072
44397: 0.536083
44398: 0.536093
44399: 0.536104
44400: 0.536114
44401: 0.536124
44402: 0.536135
44403: 0.536145
44404: 0.536156
44405: 0.536166
44406: 0.536154
44407: 0.536142
44408: 0.53613
44409: 0.536141
44410: 0.536128
44411: 0.536116
44412: 0.536127
44413: 0.536115
44414: 0.536103
44415: 0.536091
44416: 0.536079
44417: 0.536089
44418: 0.536077
44419: 0.536065
44420: 0.536075
44421: 0.536086
44422: 0.536074
44423: 0.536084
44424: 0.536095
44425: 0.536105
44426: 0.536115
44427: 0.536126
44428: 0.536136
44429: 0.536124
44430: 0.536135
44431: 0.536145
44432: 0.536156
44433: 0.536143
44434: 0.536131
44435: 0.536142
44436: 0.536152
44437: 0.536163
44438: 0.536173
44439: 0.536184
44440: 0.536172
44441: 0.536182
44442: 0.536192
44443: 0.536203
44444: 0.536213
44445: 0.536224
44446: 0.536212
44447: 0.5362
44448: 0.536188
44449: 0.536198
44450: 0.536208
44451: 0.536219
44452: 0.536229
44453: 0.53624
44454: 0.53625
44455: 0.536238
44456: 0.536226
44457: 0.536214
44458: 0.536202
44459: 0.536212
44460: 0.536223
44461: 0.536233
44462: 0.536244
44463: 0.536232
44464: 0.536242
44465: 0.536252
44466: 0.536263
44467: 0.536251
44468: 0.536261
44469: 0.536272
44470: 0.536282
44471: 0.536292
44472: 0.53628
44473: 0.536291
44474: 0.536279
44475: 0.536267
44476: 0.536277
44477: 0.536288
44478: 0.536276
44479: 0.536286
44480: 0.536296
44481: 0.536307
44482: 0.536295
44483: 0.536283
44484: 0.536271
44485: 0.536281
44486: 0.536292
44487: 0.536302
44488: 0.53629
44489: 0.5363
44490: 0.536288
44491: 0.536276
44492: 0.536287
44493: 0.536297
44494: 0.536307
44495: 0.536318
44496: 0.536328
44497: 0.536339
44498: 0.536349
44499: 0.53636
44500: 0.53637
44501: 0.536358
44502: 0.536346
44503: 0.536356
44504: 0.536344
44505: 0.536332
44506: 0.536343
44507: 0.536331
44508: 0.536318
44509: 0.536306
44510: 0.536317
44511: 0.536327
44512: 0.536315
44513: 0.536303
44514: 0.536291
44515: 0.536302
44516: 0.536312
44517: 0.536322
44518: 0.536333
44519: 0.536343
44520: 0.536331
44521: 0.536319
44522: 0.53633
44523: 0.536317
44524: 0.536305
44525: 0.536316
44526: 0.536326
44527: 0.536337
44528: 0.536347
44529: 0.536335
44530: 0.536323
44531: 0.536333
44532: 0.536344
44533: 0.536332
44534: 0.53632
44535: 0.53633
44536: 0.536318
44537: 0.536306
44538: 0.536294
44539: 0.536304
44540: 0.536292
44541: 0.536303
44542: 0.536313
44543: 0.536301
44544: 0.536289
44545: 0.536277
44546: 0.536265
44547: 0.536253
44548: 0.536241
44549: 0.536251
44550: 0.536262
44551: 0.536272
44552: 0.53626
44553: 0.536271
44554: 0.536259
44555: 0.536247
44556: 0.536234
44557: 0.536245
44558: 0.536255
44559: 0.536266
44560: 0.536276
44561: 0.536287
44562: 0.536297
44563: 0.536307
44564: 0.536295
44565: 0.536283
44566: 0.536271
44567: 0.536282
44568: 0.536292
44569: 0.536302
44570: 0.536313
44571: 0.536323
44572: 0.536334
44573: 0.536344
44574: 0.536354
44575: 0.536342
44576: 0.536353
44577: 0.536341
44578: 0.536329
44579: 0.536317
44580: 0.536327
44581: 0.536338
44582: 0.536326
44583: 0.536313
44584: 0.536301
44585: 0.536289
44586: 0.536277
44587: 0.536265
44588: 0.536253
44589: 0.536241
44590: 0.536252
44591: 0.536262
44592: 0.536273
44593: 0.53626
44594: 0.536248
44595: 0.536236
44596: 0.536247
44597: 0.536235
44598: 0.536245
44599: 0.536256
44600: 0.536266
44601: 0.536254
44602: 0.536242
44603: 0.536252
44604: 0.53624
44605: 0.536228
44606: 0.536216
44607: 0.536204
44608: 0.536192
44609: 0.536203
44610: 0.536213
44611: 0.536223
44612: 0.536211
44613: 0.536222
44614: 0.53621
44615: 0.53622
44616: 0.536208
44617: 0.536219
44618: 0.536229
44619: 0.536239
44620: 0.53625
44621: 0.536238
44622: 0.536226
44623: 0.536236
44624: 0.536224
44625: 0.536234
44626: 0.536245
44627: 0.536255
44628: 0.536243
44629: 0.536231
44630: 0.536219
44631: 0.536207
44632: 0.536218
44633: 0.536206
44634: 0.536216
44635: 0.536204
44636: 0.536192
44637: 0.53618
44638: 0.53619
44639: 0.536201
44640: 0.536211
44641: 0.536221
44642: 0.536232
44643: 0.536242
44644: 0.53623
44645: 0.536241
44646: 0.536251
44647: 0.536239
44648: 0.536227
44649: 0.536215
44650: 0.536203
44651: 0.536213
44652: 0.536201
44653: 0.536212
44654: 0.536222
44655: 0.53621
44656: 0.536221
44657: 0.536231
44658: 0.536219
44659: 0.536229
44660: 0.536217
44661: 0.536228
44662: 0.536216
44663: 0.536204
44664: 0.536214
44665: 0.536224
44666: 0.536235
44667: 0.536245
44668: 0.536256
44669: 0.536266
44670: 0.536254
44671: 0.536242
44672: 0.53623
44673: 0.536218
44674: 0.536228
44675: 0.536216
44676: 0.536227
44677: 0.536237
44678: 0.536247
44679: 0.536258
44680: 0.536246
44681: 0.536256
44682: 0.536244
44683: 0.536232
44684: 0.53622
44685: 0.536231
44686: 0.536219
44687: 0.536207
44688: 0.536195
44689: 0.536205
44690: 0.536193
44691: 0.536203
44692: 0.536214
44693: 0.536202
44694: 0.536212
44695: 0.536222
44696: 0.536233
44697: 0.536243
44698: 0.536254
44699: 0.536264
44700: 0.536274
44701: 0.536262
44702: 0.53625
44703: 0.536261
44704: 0.536271
44705: 0.536281
44706: 0.536292
44707: 0.53628
44708: 0.53629
44709: 0.536301
44710: 0.536289
44711: 0.536299
44712: 0.536309
44713: 0.536297
44714: 0.536308
44715: 0.536296
44716: 0.536284
44717: 0.536272
44718: 0.536282
44719: 0.536292
44720: 0.53628
44721: 0.536269
44722: 0.536257
44723: 0.536267
44724: 0.536255
44725: 0.536243
44726: 0.536231
44727: 0.536241
44728: 0.536252
44729: 0.53624
44730: 0.536228
44731: 0.536238
44732: 0.536226
44733: 0.536236
44734: 0.536247
44735: 0.536257
44736: 0.536245
44737: 0.536256
44738: 0.536244
44739: 0.536254
44740: 0.536264
44741: 0.536275
44742: 0.536285
44743: 0.536295
44744: 0.536306
44745: 0.536316
44746: 0.536326
44747: 0.536314
44748: 0.536302
44749: 0.536313
44750: 0.536323
44751: 0.536334
44752: 0.536322
44753: 0.53631
44754: 0.53632
44755: 0.536308
44756: 0.536318
44757: 0.536329
44758: 0.536317
44759: 0.536305
44760: 0.536293
44761: 0.536281
44762: 0.536291
44763: 0.536301
44764: 0.536312
44765: 0.536322
44766: 0.536333
44767: 0.536343
44768: 0.536353
44769: 0.536341
44770: 0.536329
44771: 0.53634
44772: 0.536328
44773: 0.536316
44774: 0.536304
44775: 0.536292
44776: 0.53628
44777: 0.536268
44778: 0.536256
44779: 0.536266
44780: 0.536254
44781: 0.536265
44782: 0.536275
44783: 0.536285
44784: 0.536296
44785: 0.536284
44786: 0.536272
44787: 0.536282
44788: 0.53627
44789: 0.536258
44790: 0.536246
44791: 0.536234
44792: 0.536222
44793: 0.536233
44794: 0.536221
44795: 0.536209
44796: 0.536197
44797: 0.536185
44798: 0.536173
44799: 0.536161
44800: 0.536171
44801: 0.536181
44802: 0.536192
44803: 0.536202
44804: 0.536212
44805: 0.536223
44806: 0.536233
44807: 0.536221
44808: 0.536232
44809: 0.536242
44810: 0.536252
44811: 0.536263
44812: 0.536273
44813: 0.536261
44814: 0.536271
44815: 0.536259
44816: 0.53627
44817: 0.53628
44818: 0.536268
44819: 0.536256
44820: 0.536266
44821: 0.536277
44822: 0.536265
44823: 0.536253
44824: 0.536241
44825: 0.536251
44826: 0.536239
44827: 0.53625
44828: 0.53626
44829: 0.536248
44830: 0.536258
44831: 0.536269
44832: 0.536279
44833: 0.536289
44834: 0.5363
44835: 0.53631
44836: 0.53632
44837: 0.536308
44838: 0.536297
44839: 0.536307
44840: 0.536295
44841: 0.536305
44842: 0.536293
44843: 0.536304
44844: 0.536314
44845: 0.536324
44846: 0.536312
44847: 0.5363
44848: 0.536311
44849: 0.536321
44850: 0.536331
44851: 0.536342
44852: 0.53633
44853: 0.53634
44854: 0.53635
44855: 0.536361
44856: 0.536349
44857: 0.536359
44858: 0.536347
44859: 0.536358
44860: 0.536346
44861: 0.536334
44862: 0.536322
44863: 0.53631
44864: 0.53632
44865: 0.53633
44866: 0.536318
44867: 0.536306
44868: 0.536317
44869: 0.536305
44870: 0.536315
44871: 0.536303
44872: 0.536291
44873: 0.536279
44874: 0.536267
44875: 0.536255
44876: 0.536266
44877: 0.536254
44878: 0.536242
44879: 0.536252
44880: 0.536263
44881: 0.536251
44882: 0.536261
44883: 0.536249
44884: 0.536237
44885: 0.536247
44886: 0.536258
44887: 0.536268
44888: 0.536256
44889: 0.536266
44890: 0.536254
44891: 0.536243
44892: 0.536231
44893: 0.536219
44894: 0.536207
44895: 0.536217
44896: 0.536227
44897: 0.536215
44898: 0.536226
44899: 0.536214
44900: 0.536202
44901: 0.536212
44902: 0.5362
44903: 0.536211
44904: 0.536199
44905: 0.536187
44906: 0.536197
44907: 0.536207
44908: 0.536218
44909: 0.536206
44910: 0.536194
44911: 0.536182
44912: 0.53617
44913: 0.536158
44914: 0.536168
44915: 0.536156
44916: 0.536167
44917: 0.536155
44918: 0.536165
44919: 0.536153
44920: 0.536141
44921: 0.536152
44922: 0.536162
44923: 0.53615
44924: 0.536138
44925: 0.536126
44926: 0.536136
44927: 0.536124
44928: 0.536135
44929: 0.536145
44930: 0.536133
44931: 0.536144
44932: 0.536154
44933: 0.536164
44934: 0.536152
44935: 0.536163
44936: 0.536151
44937: 0.536161
44938: 0.536149
44939: 0.536137
44940: 0.536147
44941: 0.536135
44942: 0.536146
44943: 0.536156
44944: 0.536144
44945: 0.536132
44946: 0.536143
44947: 0.536153
44948: 0.536141
44949: 0.536129
44950: 0.536117
44951: 0.536105
44952: 0.536115
44953: 0.536126
44954: 0.536136
44955: 0.536146
44956: 0.536157
44957: 0.536145
44958: 0.536133
44959: 0.536121
44960: 0.536131
44961: 0.536119
44962: 0.536107
44963: 0.536096
44964: 0.536084
44965: 0.536094
44966: 0.536104
44967: 0.536115
44968: 0.536125
44969: 0.536135
44970: 0.536146
44971: 0.536156
44972: 0.536144
44973: 0.536132
44974: 0.53612
44975: 0.53613
44976: 0.536141
44977: 0.536129
44978: 0.536117
44979: 0.536105
44980: 0.536093
44981: 0.536103
44982: 0.536114
44983: 0.536102
44984: 0.53609
44985: 0.536078
44986: 0.536088
44987: 0.536099
44988: 0.536109
44989: 0.536097
44990: 0.536085
44991: 0.536095
44992: 0.536083
44993: 0.536094
44994: 0.536082
44995: 0.536092
44996: 0.536102
44997: 0.536113
44998: 0.536123
44999: 0.536111
45000: 0.536121
45001: 0.53611
45002: 0.536098
45003: 0.536108
45004: 0.536096
45005: 0.536084
45006: 0.536072
45007: 0.53606
45008: 0.536071
45009: 0.536059
45010: 0.536047
45011: 0.536035
45012: 0.536023
45013: 0.536033
45014: 0.536021
45015: 0.536032
45016: 0.536042
45017: 0.53603
45018: 0.536018
45019: 0.536006
45020: 0.536017
45021: 0.536027
45022: 0.536015
45023: 0.536003
45024: 0.535991
45025: 0.536001
45026: 0.53599
45027: 0.536
45028: 0.53601
45029: 0.535998
45030: 0.536009
45031: 0.536019
45032: 0.536029
45033: 0.536039
45034: 0.53605
45035: 0.53606
45036: 0.536048
45037: 0.536036
45038: 0.536024
45039: 0.536035
45040: 0.536045
45041: 0.536055
45042: 0.536043
45043: 0.536031
45044: 0.53602
45045: 0.53603
45046: 0.53604
45047: 0.53605
45048: 0.536061
45049: 0.536071
45050: 0.536059
45051: 0.536047
45052: 0.536035
45053: 0.536046
45054: 0.536056
45055: 0.536066
45056: 0.536077
45057: 0.536087
45058: 0.536097
45059: 0.536107
45060: 0.536096
45061: 0.536106
45062: 0.536116
45063: 0.536104
45064: 0.536115
45065: 0.536125
45066: 0.536113
45067: 0.536101
45068: 0.536111
45069: 0.536099
45070: 0.536088
45071: 0.536076
45072: 0.536064
45073: 0.536074
45074: 0.536062
45075: 0.53605
45076: 0.536038
45077: 0.536049
45078: 0.536059
45079: 0.536069
45080: 0.53608
45081: 0.53609
45082: 0.5361
45083: 0.53611
45084: 0.536121
45085: 0.536109
45086: 0.536097
45087: 0.536107
45088: 0.536095
45089: 0.536083
45090: 0.536071
45091: 0.53606
45092: 0.53607
45093: 0.53608
45094: 0.53609
45095: 0.536101
45096: 0.536111
45097: 0.536121
45098: 0.536109
45099: 0.536098
45100: 0.536108
45101: 0.536118
45102: 0.536106
45103: 0.536094
45104: 0.536082
45105: 0.536093
45106: 0.536081
45107: 0.536069
45108: 0.536057
45109: 0.536067
45110: 0.536078
45111: 0.536088
45112: 0.536098
45113: 0.536109
45114: 0.536119
45115: 0.536129
45116: 0.536117
45117: 0.536105
45118: 0.536116
45119: 0.536104
45120: 0.536114
45121: 0.536102
45122: 0.536112
45123: 0.536123
45124: 0.536111
45125: 0.536121
45126: 0.536109
45127: 0.536119
45128: 0.53613
45129: 0.536118
45130: 0.536128
45131: 0.536116
45132: 0.536104
45133: 0.536115
45134: 0.536125
45135: 0.536135
45136: 0.536146
45137: 0.536134
45138: 0.536122
45139: 0.53611
45140: 0.53612
45141: 0.53613
45142: 0.536119
45143: 0.536107
45144: 0.536095
45145: 0.536083
45146: 0.536071
45147: 0.536059
45148: 0.536069
45149: 0.536058
45150: 0.536046
45151: 0.536034
45152: 0.536044
45153: 0.536054
45154: 0.536065
45155: 0.536053
45156: 0.536063
45157: 0.536051
45158: 0.536061
45159: 0.53605
45160: 0.53606
45161: 0.536048
45162: 0.536036
45163: 0.536024
45164: 0.536012
45165: 0.536023
45166: 0.536033
45167: 0.536043
45168: 0.536031
45169: 0.536042
45170: 0.536052
45171: 0.53604
45172: 0.53605
45173: 0.536061
45174: 0.536071
45175: 0.536059
45176: 0.536047
45177: 0.536035
45178: 0.536046
45179: 0.536056
45180: 0.536066
45181: 0.536076
45182: 0.536087
45183: 0.536097
45184: 0.536085
45185: 0.536073
45186: 0.536083
45187: 0.536072
45188: 0.53606
45189: 0.53607
45190: 0.53608
45191: 0.53609
45192: 0.536079
45193: 0.536067
45194: 0.536055
45195: 0.536043
45196: 0.536031
45197: 0.536041
45198: 0.536052
45199: 0.536062
45200: 0.53605
45201: 0.536038
45202: 0.536048
45203: 0.536059
45204: 0.536069
45205: 0.536079
45206: 0.53609
45207: 0.5361
45208: 0.536088
45209: 0.536076
45210: 0.536064
45211: 0.536052
45212: 0.536063
45213: 0.536051
45214: 0.536039
45215: 0.536049
45216: 0.536037
45217: 0.536048
45218: 0.536036
45219: 0.536046
45220: 0.536056
45221: 0.536067
45222: 0.536077
45223: 0.536065
45224: 0.536053
45225: 0.536063
45226: 0.536051
45227: 0.53604
45228: 0.536028
45229: 0.536016
45230: 0.536026
45231: 0.536014
45232: 0.536025
45233: 0.536035
45234: 0.536023
45235: 0.536033
45236: 0.536021
45237: 0.53601
45238: 0.535998
45239: 0.535986
45240: 0.535996
45241: 0.536006
45242: 0.535995
45243: 0.536005
45244: 0.535993
45245: 0.535981
45246: 0.535969
45247: 0.535979
45248: 0.53599
45249: 0.535978
45250: 0.535966
45251: 0.535976
45252: 0.535987
45253: 0.535975
45254: 0.535985
45255: 0.535973
45256: 0.535983
45257: 0.535994
45258: 0.535982
45259: 0.53597
45260: 0.53598
45261: 0.535968
45262: 0.535957
45263: 0.535945
45264: 0.535955
45265: 0.535965
45266: 0.535975
45267: 0.535964
45268: 0.535974
45269: 0.535962
45270: 0.535972
45271: 0.535983
45272: 0.535993
45273: 0.536003
45274: 0.535991
45275: 0.536001
45276: 0.536012
45277: 0.536022
45278: 0.53601
45279: 0.53602
45280: 0.536008
45281: 0.536019
45282: 0.536029
45283: 0.536017
45284: 0.536005
45285: 0.536016
45286: 0.536004
45287: 0.535992
45288: 0.53598
45289: 0.53599
45290: 0.536001
45291: 0.536011
45292: 0.536021
45293: 0.536031
45294: 0.536019
45295: 0.536008
45296: 0.536018
45297: 0.536028
45298: 0.536038
45299: 0.536049
45300: 0.536059
45301: 0.536069
45302: 0.536079
45303: 0.53609
45304: 0.5361
45305: 0.53611
45306: 0.536098
45307: 0.536086
45308: 0.536097
45309: 0.536085
45310: 0.536073
45311: 0.536083
45312: 0.536093
45313: 0.536104
45314: 0.536114
45315: 0.536124
45316: 0.536112
45317: 0.536123
45318: 0.536111
45319: 0.536099
45320: 0.536109
45321: 0.536097
45322: 0.536085
45323: 0.536074
45324: 0.536062
45325: 0.536072
45326: 0.53606
45327: 0.53607
45328: 0.536081
45329: 0.536069
45330: 0.536079
45331: 0.536067
45332: 0.536055
45333: 0.536044
45334: 0.536032
45335: 0.53602
45336: 0.53603
45337: 0.53604
45338: 0.536051
45339: 0.536061
45340: 0.536071
45341: 0.536081
45342: 0.536092
45343: 0.536102
45344: 0.53609
45345: 0.5361
45346: 0.536088
45347: 0.536099
45348: 0.536109
45349: 0.536097
45350: 0.536107
45351: 0.536095
45352: 0.536084
45353: 0.536072
45354: 0.536082
45355: 0.536092
45356: 0.53608
45357: 0.536091
45358: 0.536101
45359: 0.536111
45360: 0.536121
45361: 0.53611
45362: 0.536098
45363: 0.536108
45364: 0.536118
45365: 0.536106
45366: 0.536095
45367: 0.536083
45368: 0.536071
45369: 0.536059
45370: 0.536047
45371: 0.536057
45372: 0.536046
45373: 0.536034
45374: 0.536044
45375: 0.536032
45376: 0.53602
45377: 0.536009
45378: 0.535997
45379: 0.535985
45380: 0.535995
45381: 0.535983
45382: 0.535972
45383: 0.53596
45384: 0.53597
45385: 0.535958
45386: 0.535968
45387: 0.535957
45388: 0.535945
45389: 0.535933
45390: 0.535943
45391: 0.535953
45392: 0.535964
45393: 0.535952
45394: 0.53594
45395: 0.53595
45396: 0.535938
45397: 0.535949
45398: 0.535959
45399: 0.535947
45400: 0.535935
45401: 0.535924
45402: 0.535912
45403: 0.5359
45404: 0.535888
45405: 0.535898
45406: 0.535909
45407: 0.535919
45408: 0.535929
45409: 0.535917
45410: 0.535905
45411: 0.535916
45412: 0.535926
45413: 0.535936
45414: 0.535946
45415: 0.535934
45416: 0.535923
45417: 0.535911
45418: 0.535921
45419: 0.535909
45420: 0.535897
45421: 0.535908
45422: 0.535896
45423: 0.535906
45424: 0.535916
45425: 0.535905
45426: 0.535915
45427: 0.535925
45428: 0.535913
45429: 0.535923
45430: 0.535912
45431: 0.5359
45432: 0.535888
45433: 0.535876
45434: 0.535864
45435: 0.535853
45436: 0.535863
45437: 0.535851
45438: 0.535839
45439: 0.535827
45440: 0.535838
45441: 0.535826
45442: 0.535836
45443: 0.535824
45444: 0.535835
45445: 0.535845
45446: 0.535855
45447: 0.535865
45448: 0.535853
45449: 0.535842
45450: 0.535852
45451: 0.53584
45452: 0.535828
45453: 0.535838
45454: 0.535827
45455: 0.535815
45456: 0.535825
45457: 0.535813
45458: 0.535801
45459: 0.53579
45460: 0.5358
45461: 0.535788
45462: 0.535776
45463: 0.535787
45464: 0.535797
45465: 0.535807
45466: 0.535817
45467: 0.535827
45468: 0.535816
45469: 0.535804
45470: 0.535792
45471: 0.535802
45472: 0.53579
45473: 0.535779
45474: 0.535789
45475: 0.535799
45476: 0.535787
45477: 0.535776
45478: 0.535786
45479: 0.535796
45480: 0.535806
45481: 0.535794
45482: 0.535805
45483: 0.535815
45484: 0.535803
45485: 0.535813
45486: 0.535823
45487: 0.535812
45488: 0.5358
45489: 0.53581
45490: 0.53582
45491: 0.53583
45492: 0.535819
45493: 0.535829
45494: 0.535817
45495: 0.535805
45496: 0.535816
45497: 0.535804
45498: 0.535792
45499: 0.53578
45500: 0.535768
45501: 0.535757
45502: 0.535745
45503: 0.535755
45504: 0.535743
45505: 0.535754
45506: 0.535764
45507: 0.535752
45508: 0.53574
45509: 0.53575
45510: 0.535761
45511: 0.535771
45512: 0.535759
45513: 0.535769
45514: 0.535779
45515: 0.535768
45516: 0.535778
45517: 0.535788
45518: 0.535798
45519: 0.535808
45520: 0.535819
45521: 0.535829
45522: 0.535839
45523: 0.535849
45524: 0.535859
45525: 0.53587
45526: 0.535858
45527: 0.535846
45528: 0.535856
45529: 0.535866
45530: 0.535855
45531: 0.535865
45532: 0.535875
45533: 0.535863
45534: 0.535852
45535: 0.535862
45536: 0.535872
45537: 0.535882
45538: 0.535892
45539: 0.535903
45540: 0.535891
45541: 0.535879
45542: 0.535889
45543: 0.535899
45544: 0.535888
45545: 0.535876
45546: 0.535864
45547: 0.535852
45548: 0.535841
45549: 0.535851
45550: 0.535861
45551: 0.535849
45552: 0.535837
45553: 0.535848
45554: 0.535836
45555: 0.535846
45556: 0.535856
45557: 0.535866
45558: 0.535855
45559: 0.535865
45560: 0.535853
45561: 0.535863
45562: 0.535851
45563: 0.535862
45564: 0.535872
45565: 0.535882
45566: 0.535892
45567: 0.53588
45568: 0.535891
45569: 0.535879
45570: 0.535889
45571: 0.535899
45572: 0.535909
45573: 0.53592
45574: 0.53593
45575: 0.535918
45576: 0.535928
45577: 0.535938
45578: 0.535927
45579: 0.535915
45580: 0.535925
45581: 0.535913
45582: 0.535923
45583: 0.535934
45584: 0.535944
45585: 0.535954
45586: 0.535942
45587: 0.535952
45588: 0.535963
45589: 0.535951
45590: 0.535961
45591: 0.535971
45592: 0.535959
45593: 0.535948
45594: 0.535958
45595: 0.535968
45596: 0.535978
45597: 0.535988
45598: 0.535977
45599: 0.535965
45600: 0.535975
45601: 0.535963
45602: 0.535952
45603: 0.535962
45604: 0.53595
45605: 0.53596
45606: 0.53597
45607: 0.535981
45608: 0.535991
45609: 0.535979
45610: 0.535989
45611: 0.535999
45612: 0.535988
45613: 0.535998
45614: 0.535986
45615: 0.535996
45616: 0.536006
45617: 0.535995
45618: 0.535983
45619: 0.535993
45620: 0.536003
45621: 0.536013
45622: 0.536002
45623: 0.53599
45624: 0.535978
45625: 0.535988
45626: 0.535977
45627: 0.535965
45628: 0.535975
45629: 0.535985
45630: 0.535995
45631: 0.535984
45632: 0.535972
45633: 0.53596
45634: 0.535948
45635: 0.535937
45636: 0.535925
45637: 0.535935
45638: 0.535923
45639: 0.535933
45640: 0.535922
45641: 0.53591
45642: 0.53592
45643: 0.53593
45644: 0.53594
45645: 0.535951
45646: 0.535939
45647: 0.535949
45648: 0.535937
45649: 0.535947
45650: 0.535936
45651: 0.535924
45652: 0.535934
45653: 0.535922
45654: 0.535911
45655: 0.535921
45656: 0.535931
45657: 0.535919
45658: 0.535929
45659: 0.53594
45660: 0.53595
45661: 0.53596
45662: 0.53597
45663: 0.53598
45664: 0.53599
45665: 0.535979
45666: 0.535989
45667: 0.535977
45668: 0.535987
45669: 0.535997
45670: 0.536008
45671: 0.536018
45672: 0.536028
45673: 0.536038
45674: 0.536026
45675: 0.536015
45676: 0.536003
45677: 0.536013
45678: 0.536023
45679: 0.536033
45680: 0.536043
45681: 0.536032
45682: 0.536042
45683: 0.536052
45684: 0.536062
45685: 0.536072
45686: 0.536082
45687: 0.536071
45688: 0.536059
45689: 0.536047
45690: 0.536057
45691: 0.536068
45692: 0.536078
45693: 0.536088
45694: 0.536076
45695: 0.536064
45696: 0.536053
45697: 0.536041
45698: 0.536029
45699: 0.536018
45700: 0.536006
45701: 0.536016
45702: 0.536026
45703: 0.536014
45704: 0.536025
45705: 0.536013
45706: 0.536001
45707: 0.535989
45708: 0.535999
45709: 0.53601
45710: 0.535998
45711: 0.535986
45712: 0.535974
45713: 0.535963
45714: 0.535973
45715: 0.535961
45716: 0.535971
45717: 0.535981
45718: 0.535992
45719: 0.536002
45720: 0.53599
45721: 0.536
45722: 0.53601
45723: 0.53602
45724: 0.536031
45725: 0.536041
45726: 0.536051
45727: 0.536061
45728: 0.536071
45729: 0.536081
45730: 0.53607
45731: 0.536058
45732: 0.536046
45733: 0.536034
45734: 0.536023
45735: 0.536033
45736: 0.536021
45737: 0.536031
45738: 0.536041
45739: 0.53603
45740: 0.53604
45741: 0.53605
45742: 0.53606
45743: 0.53607
45744: 0.536059
45745: 0.536069
45746: 0.536057
45747: 0.536067
45748: 0.536055
45749: 0.536044
45750: 0.536054
45751: 0.536042
45752: 0.53603
45753: 0.536041
45754: 0.536051
45755: 0.536061
45756: 0.536049
45757: 0.536059
45758: 0.536048
45759: 0.536058
45760: 0.536068
45761: 0.536056
45762: 0.536066
45763: 0.536055
45764: 0.536065
45765: 0.536075
45766: 0.536085
45767: 0.536095
45768: 0.536105
45769: 0.536115
45770: 0.536125
45771: 0.536136
45772: 0.536124
45773: 0.536112
45774: 0.536122
45775: 0.536132
45776: 0.536143
45777: 0.536153
45778: 0.536141
45779: 0.536151
45780: 0.536161
45781: 0.536171
45782: 0.53616
45783: 0.53617
45784: 0.536158
45785: 0.536168
45786: 0.536178
45787: 0.536167
45788: 0.536177
45789: 0.536187
45790: 0.536197
45791: 0.536207
45792: 0.536195
45793: 0.536206
45794: 0.536216
45795: 0.536204
45796: 0.536214
45797: 0.536224
45798: 0.536234
45799: 0.536245
45800: 0.536255
45801: 0.536243
45802: 0.536253
45803: 0.536241
45804: 0.536252
45805: 0.536262
45806: 0.53625
45807: 0.53626
45808: 0.536248
45809: 0.536237
45810: 0.536247
45811: 0.536235
45812: 0.536245
45813: 0.536233
45814: 0.536244
45815: 0.536254
45816: 0.536242
45817: 0.536252
45818: 0.536262
45819: 0.536272
45820: 0.536261
45821: 0.536271
45822: 0.536259
45823: 0.536269
45824: 0.536258
45825: 0.536268
45826: 0.536278
45827: 0.536288
45828: 0.536298
45829: 0.536308
45830: 0.536318
45831: 0.536328
45832: 0.536317
45833: 0.536305
45834: 0.536315
45835: 0.536303
45836: 0.536292
45837: 0.53628
45838: 0.536268
45839: 0.536278
45840: 0.536288
45841: 0.536277
45842: 0.536287
45843: 0.536297
45844: 0.536285
45845: 0.536295
45846: 0.536284
45847: 0.536294
45848: 0.536304
45849: 0.536314
45850: 0.536302
45851: 0.536312
45852: 0.536323
45853: 0.536311
45854: 0.536321
45855: 0.536331
45856: 0.536341
45857: 0.53633
45858: 0.536318
45859: 0.536306
45860: 0.536294
45861: 0.536305
45862: 0.536293
45863: 0.536303
45864: 0.536313
45865: 0.536301
45866: 0.53629
45867: 0.5363
45868: 0.536288
45869: 0.536276
45870: 0.536287
45871: 0.536275
45872: 0.536285
45873: 0.536273
45874: 0.536262
45875: 0.53625
45876: 0.53626
45877: 0.53627
45878: 0.53628
45879: 0.53629
45880: 0.5363
45881: 0.536289
45882: 0.536299
45883: 0.536287
45884: 0.536297
45885: 0.536307
45886: 0.536317
45887: 0.536328
45888: 0.536316
45889: 0.536304
45890: 0.536314
45891: 0.536324
45892: 0.536313
45893: 0.536323
45894: 0.536311
45895: 0.536299
45896: 0.53631
45897: 0.53632
45898: 0.53633
45899: 0.53634
45900: 0.536328
45901: 0.536338
45902: 0.536327
45903: 0.536315
45904: 0.536325
45905: 0.536313
45906: 0.536302
45907: 0.53629
45908: 0.5363
45909: 0.53631
45910: 0.536298
45911: 0.536309
45912: 0.536319
45913: 0.536307
45914: 0.536317
45915: 0.536327
45916: 0.536337
45917: 0.536326
45918: 0.536336
45919: 0.536346
45920: 0.536356
45921: 0.536344
45922: 0.536354
45923: 0.536364
45924: 0.536375
45925: 0.536363
45926: 0.536373
45927: 0.536383
45928: 0.536393
45929: 0.536403
45930: 0.536413
45931: 0.536423
45932: 0.536434
45933: 0.536422
45934: 0.53641
45935: 0.53642
45936: 0.536409
45937: 0.536397
45938: 0.536385
45939: 0.536395
45940: 0.536405
45941: 0.536415
45942: 0.536426
45943: 0.536436
45944: 0.536446
45945: 0.536434
45946: 0.536422
45947: 0.536432
45948: 0.536443
45949: 0.536431
45950: 0.536441
45951: 0.536429
45952: 0.536418
45953: 0.536406
45954: 0.536394
45955: 0.536383
45956: 0.536371
45957: 0.536381
45958: 0.536391
45959: 0.536401
45960: 0.536411
45961: 0.5364
45962: 0.536388
45963: 0.536376
45964: 0.536365
45965: 0.536375
45966: 0.536363
45967: 0.536351
45968: 0.536361
45969: 0.536372
45970: 0.53636
45971: 0.536348
45972: 0.536358
45973: 0.536368
45974: 0.536378
45975: 0.536389
45976: 0.536399
45977: 0.536387
45978: 0.536375
45979: 0.536385
45980: 0.536395
45981: 0.536384
45982: 0.536394
45983: 0.536404
45984: 0.536414
45985: 0.536402
45986: 0.536391
45987: 0.536379
45988: 0.536389
45989: 0.536399
45990: 0.536388
45991: 0.536376
45992: 0.536364
45993: 0.536374
45994: 0.536363
45995: 0.536351
45996: 0.536361
45997: 0.536371
45998: 0.536359
45999: 0.536348
46000: 0.536358
46001: 0.536346
46002: 0.536335
46003: 0.536323
46004: 0.536311
46005: 0.536321
46006: 0.536331
46007: 0.53632
46008: 0.53633
46009: 0.53634
46010: 0.536328
46011: 0.536338
46012: 0.536327
46013: 0.536337
46014: 0.536347
46015: 0.536357
46016: 0.536367
46017: 0.536355
46018: 0.536365
46019: 0.536375
46020: 0.536386
46021: 0.536396
46022: 0.536384
46023: 0.536372
46024: 0.536361
46025: 0.536371
46026: 0.536359
46027: 0.536369
46028: 0.536358
46029: 0.536368
46030: 0.536356
46031: 0.536366
46032: 0.536376
46033: 0.536386
46034: 0.536374
46035: 0.536385
46036: 0.536395
46037: 0.536405
46038: 0.536415
46039: 0.536403
46040: 0.536391
46041: 0.53638
46042: 0.536368
46043: 0.536378
46044: 0.536367
46045: 0.536377
46046: 0.536387
46047: 0.536397
46048: 0.536407
46049: 0.536395
46050: 0.536405
46051: 0.536415
46052: 0.536404
46053: 0.536414
46054: 0.536424
46055: 0.536434
46056: 0.536444
46057: 0.536432
46058: 0.536442
46059: 0.536431
46060: 0.536419
46061: 0.536429
46062: 0.536418
46063: 0.536428
46064: 0.536438
46065: 0.536426
46066: 0.536436
46067: 0.536446
46068: 0.536456
46069: 0.536466
46070: 0.536455
46071: 0.536465
46072: 0.536475
46073: 0.536463
46074: 0.536451
46075: 0.53644
46076: 0.53645
46077: 0.536438
46078: 0.536427
46079: 0.536415
46080: 0.536425
46081: 0.536413
46082: 0.536423
46083: 0.536412
46084: 0.536422
46085: 0.536432
46086: 0.53642
46087: 0.53643
46088: 0.536419
46089: 0.536407
46090: 0.536395
46091: 0.536405
46092: 0.536394
46093: 0.536404
46094: 0.536392
46095: 0.536381
46096: 0.536391
46097: 0.536379
46098: 0.536389
46099: 0.536377
46100: 0.536387
46101: 0.536398
46102: 0.536408
46103: 0.536418
46104: 0.536428
46105: 0.536438
46106: 0.536426
46107: 0.536436
46108: 0.536446
46109: 0.536456
46110: 0.536466
46111: 0.536455
46112: 0.536443
46113: 0.536431
46114: 0.53642
46115: 0.536408
46116: 0.536397
46117: 0.536385
46118: 0.536395
46119: 0.536383
46120: 0.536393
46121: 0.536382
46122: 0.536392
46123: 0.536402
46124: 0.53639
46125: 0.536379
46126: 0.536367
46127: 0.536377
46128: 0.536387
46129: 0.536397
46130: 0.536407
46131: 0.536417
46132: 0.536406
46133: 0.536394
46134: 0.536382
46135: 0.536371
46136: 0.536381
46137: 0.536391
46138: 0.536379
46139: 0.536389
46140: 0.536399
46141: 0.536388
46142: 0.536376
46143: 0.536386
46144: 0.536396
46145: 0.536406
46146: 0.536416
46147: 0.536405
46148: 0.536415
46149: 0.536403
46150: 0.536413
46151: 0.536401
46152: 0.53639
46153: 0.5364
46154: 0.536388
46155: 0.536377
46156: 0.536365
46157: 0.536353
46158: 0.536342
46159: 0.53633
46160: 0.53634
46161: 0.536329
46162: 0.536339
46163: 0.536349
46164: 0.536359
46165: 0.536369
46166: 0.536357
46167: 0.536346
46168: 0.536334
46169: 0.536344
46170: 0.536354
46171: 0.536342
46172: 0.536331
46173: 0.536341
46174: 0.536329
46175: 0.536318
46176: 0.536306
46177: 0.536316
46178: 0.536304
46179: 0.536314
46180: 0.536324
46181: 0.536335
46182: 0.536345
46183: 0.536355
46184: 0.536343
46185: 0.536353
46186: 0.536363
46187: 0.536351
46188: 0.53634
46189: 0.536328
46190: 0.536317
46191: 0.536305
46192: 0.536293
46193: 0.536303
46194: 0.536313
46195: 0.536323
46196: 0.536334
46197: 0.536344
46198: 0.536332
46199: 0.536342
46200: 0.536352
46201: 0.536362
46202: 0.53635
46203: 0.53636
46204: 0.536371
46205: 0.536381
46206: 0.536391
46207: 0.536379
46208: 0.536389
46209: 0.536399
46210: 0.536387
46211: 0.536397
46212: 0.536386
46213: 0.536374
46214: 0.536363
46215: 0.536351
46216: 0.536339
46217: 0.536328
46218: 0.536338
46219: 0.536348
46220: 0.536336
46221: 0.536325
46222: 0.536313
46223: 0.536301
46224: 0.53629
46225: 0.5363
46226: 0.53631
46227: 0.53632
46228: 0.53633
46229: 0.53634
46230: 0.53635
46231: 0.53636
46232: 0.53637
46233: 0.53638
46234: 0.53639
46235: 0.5364
46236: 0.53641
46237: 0.53642
46238: 0.53643
46239: 0.53644
46240: 0.53645
46241: 0.536439
46242: 0.536449
46243: 0.536459
46244: 0.536469
46245: 0.536457
46246: 0.536446
46247: 0.536456
46248: 0.536444
46249: 0.536454
46250: 0.536464
46251: 0.536474
46252: 0.536462
46253: 0.536473
46254: 0.536483
46255: 0.536493
46256: 0.536503
46257: 0.536491
46258: 0.536501
46259: 0.536511
46260: 0.536499
46261: 0.536488
46262: 0.536498
46263: 0.536486
46264: 0.536475
46265: 0.536463
46266: 0.536473
46267: 0.536483
46268: 0.536493
46269: 0.536503
46270: 0.536492
46271: 0.53648
46272: 0.536468
46273: 0.536478
46274: 0.536488
46275: 0.536498
46276: 0.536508
46277: 0.536497
46278: 0.536485
46279: 0.536474
46280: 0.536484
46281: 0.536494
46282: 0.536504
46283: 0.536514
46284: 0.536524
46285: 0.536512
46286: 0.536501
46287: 0.536489
46288: 0.536499
46289: 0.536509
46290: 0.536519
46291: 0.536507
46292: 0.536517
46293: 0.536506
46294: 0.536516
46295: 0.536526
46296: 0.536514
46297: 0.536524
46298: 0.536513
46299: 0.536523
46300: 0.536511
46301: 0.5365
46302: 0.536488
46303: 0.536498
46304: 0.536508
46305: 0.536518
46306: 0.536506
46307: 0.536516
46308: 0.536526
46309: 0.536536
46310: 0.536546
46311: 0.536556
46312: 0.536545
46313: 0.536555
46314: 0.536565
46315: 0.536575
46316: 0.536563
46317: 0.536552
46318: 0.536562
46319: 0.53655
46320: 0.536539
46321: 0.536549
46322: 0.536559
46323: 0.536569
46324: 0.536579
46325: 0.536589
46326: 0.536577
46327: 0.536565
46328: 0.536575
46329: 0.536564
46330: 0.536552
46331: 0.536541
46332: 0.536551
46333: 0.536561
46334: 0.536571
46335: 0.536581
46336: 0.536569
46337: 0.536579
46338: 0.536589
46339: 0.536599
46340: 0.536609
46341: 0.536619
46342: 0.536607
46343: 0.536617
46344: 0.536627
46345: 0.536637
46346: 0.536626
46347: 0.536636
46348: 0.536624
46349: 0.536634
46350: 0.536644
46351: 0.536654
46352: 0.536664
46353: 0.536653
46354: 0.536641
46355: 0.536651
46356: 0.53664
46357: 0.53665
46358: 0.53666
46359: 0.53667
46360: 0.53668
46361: 0.536668
46362: 0.536656
46363: 0.536645
46364: 0.536655
46365: 0.536665
46366: 0.536675
46367: 0.536685
46368: 0.536673
46369: 0.536662
46370: 0.536672
46371: 0.536682
46372: 0.536692
46373: 0.536702
46374: 0.53669
46375: 0.536678
46376: 0.536667
46377: 0.536655
46378: 0.536644
46379: 0.536632
46380: 0.536642
46381: 0.536652
46382: 0.536641
46383: 0.536629
46384: 0.536639
46385: 0.536627
46386: 0.536637
46387: 0.536626
46388: 0.536614
46389: 0.536603
46390: 0.536591
46391: 0.53658
46392: 0.536568
46393: 0.536556
46394: 0.536545
46395: 0.536555
46396: 0.536565
46397: 0.536553
46398: 0.536563
46399: 0.536552
46400: 0.536562
46401: 0.536572
46402: 0.53656
46403: 0.536549
46404: 0.536559
46405: 0.536547
46406: 0.536535
46407: 0.536524
46408: 0.536534
46409: 0.536544
46410: 0.536532
46411: 0.536542
46412: 0.536552
46413: 0.536562
46414: 0.536572
46415: 0.536582
46416: 0.536571
46417: 0.536581
46418: 0.536569
46419: 0.536579
46420: 0.536568
46421: 0.536577
46422: 0.536587
46423: 0.536597
46424: 0.536586
46425: 0.536574
46426: 0.536563
46427: 0.536573
46428: 0.536583
46429: 0.536593
46430: 0.536581
46431: 0.53657
46432: 0.536558
46433: 0.536568
46434: 0.536556
46435: 0.536566
46436: 0.536576
46437: 0.536586
46438: 0.536575
46439: 0.536563
46440: 0.536573
46441: 0.536562
46442: 0.53655
46443: 0.53656
46444: 0.53657
46445: 0.53658
46446: 0.536569
46447: 0.536557
46448: 0.536567
46449: 0.536577
46450: 0.536587
46451: 0.536597
46452: 0.536585
46453: 0.536595
46454: 0.536584
46455: 0.536572
46456: 0.536582
46457: 0.536592
46458: 0.536581
46459: 0.536591
46460: 0.536601
46461: 0.536611
46462: 0.536599
46463: 0.536609
46464: 0.536619
46465: 0.536629
46466: 0.536639
46467: 0.536649
46468: 0.536659
46469: 0.536669
46470: 0.536657
46471: 0.536667
46472: 0.536677
46473: 0.536687
46474: 0.536676
46475: 0.536686
46476: 0.536696
46477: 0.536706
46478: 0.536716
46479: 0.536704
46480: 0.536714
46481: 0.536702
46482: 0.536691
46483: 0.536701
46484: 0.536689
46485: 0.536678
46486: 0.536688
46487: 0.536676
46488: 0.536665
46489: 0.536675
46490: 0.536685
46491: 0.536694
46492: 0.536704
46493: 0.536714
46494: 0.536724
46495: 0.536734
46496: 0.536744
46497: 0.536754
46498: 0.536764
46499: 0.536774
46500: 0.536784
46501: 0.536794
46502: 0.536783
46503: 0.536793
46504: 0.536802
46505: 0.536812
46506: 0.536822
46507: 0.536811
46508: 0.536821
46509: 0.536831
46510: 0.536819
46511: 0.536808
46512: 0.536796
46513: 0.536806
46514: 0.536795
46515: 0.536805
46516: 0.536793
46517: 0.536781
46518: 0.536791
46519: 0.53678
46520: 0.53679
46521: 0.5368
46522: 0.53681
46523: 0.536798
46524: 0.536808
46525: 0.536818
46526: 0.536807
46527: 0.536817
46528: 0.536826
46529: 0.536836
46530: 0.536825
46531: 0.536835
46532: 0.536845
46533: 0.536855
46534: 0.536843
46535: 0.536853
46536: 0.536863
46537: 0.536852
46538: 0.536862
46539: 0.53685
46540: 0.53686
46541: 0.53687
46542: 0.53688
46543: 0.536868
46544: 0.536857
46545: 0.536867
46546: 0.536855
46547: 0.536844
46548: 0.536854
46549: 0.536864
46550: 0.536852
46551: 0.536862
46552: 0.53685
46553: 0.53686
46554: 0.536849
46555: 0.536859
46556: 0.536847
46557: 0.536836
46558: 0.536846
46559: 0.536834
46560: 0.536823
46561: 0.536833
46562: 0.536821
46563: 0.536831
46564: 0.536841
46565: 0.536829
46566: 0.536818
46567: 0.536828
46568: 0.536816
46569: 0.536826
46570: 0.536836
46571: 0.536846
46572: 0.536835
46573: 0.536845
46574: 0.536855
46575: 0.536843
46576: 0.536831
46577: 0.53682
46578: 0.536808
46579: 0.536797
46580: 0.536785
46581: 0.536774
46582: 0.536784
46583: 0.536794
46584: 0.536804
46585: 0.536814
46586: 0.536802
46587: 0.536791
46588: 0.536801
46589: 0.536789
46590: 0.536799
46591: 0.536787
46592: 0.536776
46593: 0.536764
46594: 0.536774
46595: 0.536784
46596: 0.536794
46597: 0.536783
46598: 0.536793
46599: 0.536803
46600: 0.536791
46601: 0.53678
46602: 0.536789
46603: 0.536778
46604: 0.536766
46605: 0.536776
46606: 0.536786
46607: 0.536775
46608: 0.536763
46609: 0.536773
46610: 0.536783
46611: 0.536793
46612: 0.536782
46613: 0.53677
46614: 0.53678
46615: 0.53679
46616: 0.5368
46617: 0.536788
46618: 0.536777
46619: 0.536765
46620: 0.536754
46621: 0.536742
46622: 0.536731
46623: 0.536719
46624: 0.536729
46625: 0.536739
46626: 0.536728
46627: 0.536738
46628: 0.536748
46629: 0.536757
46630: 0.536746
46631: 0.536756
46632: 0.536744
46633: 0.536754
46634: 0.536764
46635: 0.536774
46636: 0.536763
46637: 0.536751
46638: 0.536761
46639: 0.536771
46640: 0.536781
46641: 0.536791
46642: 0.536779
46643: 0.536768
46644: 0.536756
46645: 0.536766
46646: 0.536776
46647: 0.536786
46648: 0.536796
46649: 0.536806
46650: 0.536816
46651: 0.536826
46652: 0.536836
46653: 0.536824
46654: 0.536813
46655: 0.536801
46656: 0.536811
46657: 0.536821
46658: 0.536831
46659: 0.536841
46660: 0.536829
46661: 0.536818
46662: 0.536806
46663: 0.536816
46664: 0.536826
46665: 0.536836
46666: 0.536846
46667: 0.536856
46668: 0.536866
46669: 0.536855
46670: 0.536843
46671: 0.536853
46672: 0.536863
46673: 0.536873
46674: 0.536861
46675: 0.536871
46676: 0.536881
46677: 0.536891
46678: 0.536901
46679: 0.536911
46680: 0.536899
46681: 0.536909
46682: 0.536898
46683: 0.536908
46684: 0.536918
46685: 0.536928
46686: 0.536937
46687: 0.536947
46688: 0.536936
46689: 0.536946
46690: 0.536956
46691: 0.536944
46692: 0.536954
46693: 0.536964
46694: 0.536953
46695: 0.536962
46696: 0.536972
46697: 0.536961
46698: 0.536971
46699: 0.536981
46700: 0.536969
46701: 0.536958
46702: 0.536968
46703: 0.536978
46704: 0.536987
46705: 0.536997
46706: 0.536986
46707: 0.536974
46708: 0.536984
46709: 0.536973
46710: 0.536961
46711: 0.53695
46712: 0.53696
46713: 0.536948
46714: 0.536937
46715: 0.536947
46716: 0.536935
46717: 0.536945
46718: 0.536934
46719: 0.536943
46720: 0.536932
46721: 0.536942
46722: 0.536952
46723: 0.536962
46724: 0.536972
46725: 0.536982
46726: 0.53697
46727: 0.53698
46728: 0.536968
46729: 0.536978
46730: 0.536967
46731: 0.536977
46732: 0.536965
46733: 0.536975
46734: 0.536985
46735: 0.536974
46736: 0.536984
46737: 0.536993
46738: 0.537003
46739: 0.537013
46740: 0.537002
46741: 0.53699
46742: 0.537
46743: 0.53701
46744: 0.53702
46745: 0.537009
46746: 0.537018
46747: 0.537028
46748: 0.537038
46749: 0.537048
46750: 0.537058
46751: 0.537068
46752: 0.537078
46753: 0.537088
46754: 0.537076
46755: 0.537065
46756: 0.537075
46757: 0.537063
46758: 0.537073
46759: 0.537083
46760: 0.537093
46761: 0.537103
46762: 0.537091
46763: 0.53708
46764: 0.537068
46765: 0.537057
46766: 0.537067
46767: 0.537077
46768: 0.537065
46769: 0.537075
46770: 0.537064
46771: 0.537052
46772: 0.537041
46773: 0.53705
46774: 0.53706
46775: 0.537049
46776: 0.537037
46777: 0.537026
46778: 0.537036
46779: 0.537024
46780: 0.537034
46781: 0.537044
46782: 0.537033
46783: 0.537021
46784: 0.53701
46785: 0.536998
46786: 0.536987
46787: 0.536975
46788: 0.536985
46789: 0.536995
46790: 0.536984
46791: 0.536994
46792: 0.537003
46793: 0.537013
46794: 0.537002
46795: 0.53699
46796: 0.536979
46797: 0.536967
46798: 0.536977
46799: 0.536987
46800: 0.536976
46801: 0.536986
46802: 0.536974
46803: 0.536984
46804: 0.536994
46805: 0.537004
46806: 0.537014
46807: 0.537002
46808: 0.537012
46809: 0.537022
46810: 0.537011
46811: 0.53702
46812: 0.53703
46813: 0.537019
46814: 0.537007
46815: 0.536996
46816: 0.537006
46817: 0.537016
46818: 0.537026
46819: 0.537014
46820: 0.537003
46821: 0.537013
46822: 0.537001
46823: 0.537011
46824: 0.537021
46825: 0.537031
46826: 0.537041
46827: 0.537029
46828: 0.537018
46829: 0.537028
46830: 0.537037
46831: 0.537047
46832: 0.537036
46833: 0.537024
46834: 0.537013
46835: 0.537001
46836: 0.53699
46837: 0.537
46838: 0.53701
46839: 0.53702
46840: 0.53703
46841: 0.537039
46842: 0.537028
46843: 0.537038
46844: 0.537026
46845: 0.537015
46846: 0.537003
46847: 0.537013
46848: 0.537023
46849: 0.537033
46850: 0.537022
46851: 0.53701
46852: 0.53702
46853: 0.53703
46854: 0.53704
46855: 0.537028
46856: 0.537017
46857: 0.537005
46858: 0.536994
46859: 0.536983
46860: 0.536992
46861: 0.536981
46862: 0.536969
46863: 0.536979
46864: 0.536968
46865: 0.536956
46866: 0.536945
46867: 0.536955
46868: 0.536943
46869: 0.536932
46870: 0.53692
46871: 0.53693
46872: 0.536919
46873: 0.536907
46874: 0.536896
46875: 0.536906
46876: 0.536894
46877: 0.536883
46878: 0.536872
46879: 0.536881
46880: 0.536891
46881: 0.53688
46882: 0.53689
46883: 0.5369
46884: 0.536909
46885: 0.536898
46886: 0.536887
46887: 0.536875
46888: 0.536885
46889: 0.536874
46890: 0.536862
46891: 0.536851
46892: 0.536861
46893: 0.536849
46894: 0.536859
46895: 0.536869
46896: 0.536879
46897: 0.536889
46898: 0.536877
46899: 0.536887
46900: 0.536897
46901: 0.536907
46902: 0.536917
46903: 0.536926
46904: 0.536936
46905: 0.536925
46906: 0.536913
46907: 0.536902
46908: 0.536891
46909: 0.5369
46910: 0.53691
46911: 0.536899
46912: 0.536909
46913: 0.536919
46914: 0.536907
46915: 0.536896
46916: 0.536884
46917: 0.536873
46918: 0.536861
46919: 0.536871
46920: 0.536881
46921: 0.53687
46922: 0.536858
46923: 0.536868
46924: 0.536878
46925: 0.536867
46926: 0.536855
46927: 0.536865
46928: 0.536854
46929: 0.536842
46930: 0.536852
46931: 0.536841
46932: 0.53685
46933: 0.53686
46934: 0.536849
46935: 0.536859
46936: 0.536869
46937: 0.536857
46938: 0.536846
46939: 0.536834
46940: 0.536844
46941: 0.536854
46942: 0.536864
46943: 0.536874
46944: 0.536862
46945: 0.536872
46946: 0.536882
46947: 0.536892
46948: 0.53688
46949: 0.536869
46950: 0.536879
46951: 0.536889
46952: 0.536877
46953: 0.536866
46954: 0.536876
46955: 0.536886
46956: 0.536895
46957: 0.536884
46958: 0.536873
46959: 0.536882
46960: 0.536871
46961: 0.536881
46962: 0.536869
46963: 0.536858
46964: 0.536847
46965: 0.536856
46966: 0.536866
46967: 0.536855
46968: 0.536843
46969: 0.536832
46970: 0.536842
46971: 0.536852
46972: 0.536862
46973: 0.53685
46974: 0.536839
46975: 0.536849
46976: 0.536858
46977: 0.536868
46978: 0.536878
46979: 0.536888
46980: 0.536877
46981: 0.536886
46982: 0.536875
46983: 0.536885
46984: 0.536895
46985: 0.536883
46986: 0.536893
46987: 0.536882
46988: 0.536892
46989: 0.53688
46990: 0.536869
46991: 0.536857
46992: 0.536867
46993: 0.536877
46994: 0.536866
46995: 0.536854
46996: 0.536864
46997: 0.536853
46998: 0.536862
46999: 0.536851
47000: 0.536861
47001: 0.536871
47002: 0.536859
47003: 0.536869
47004: 0.536858
47005: 0.536846
47006: 0.536856
47007: 0.536845
47008: 0.536833
47009: 0.536822
47010: 0.536811
47011: 0.536799
47012: 0.536809
47013: 0.536819
47014: 0.536807
47015: 0.536796
47016: 0.536785
47017: 0.536773
47018: 0.536783
47019: 0.536772
47020: 0.53676
47021: 0.536749
47022: 0.536737
47023: 0.536726
47024: 0.536715
47025: 0.536703
47026: 0.536713
47027: 0.536723
47028: 0.536711
47029: 0.5367
47030: 0.53671
47031: 0.536698
47032: 0.536708
47033: 0.536697
47034: 0.536685
47035: 0.536674
47036: 0.536684
47037: 0.536694
47038: 0.536682
47039: 0.536692
47040: 0.536702
47041: 0.536712
47042: 0.536722
47043: 0.53671
47044: 0.536699
47045: 0.536687
47046: 0.536697
47047: 0.536686
47048: 0.536696
47049: 0.536684
47050: 0.536694
47051: 0.536683
47052: 0.536671
47053: 0.536681
47054: 0.536691
47055: 0.53668
47056: 0.536668
47057: 0.536678
47058: 0.536688
47059: 0.536677
47060: 0.536665
47061: 0.536654
47062: 0.536642
47063: 0.536631
47064: 0.53662
47065: 0.536629
47066: 0.536639
47067: 0.536649
47068: 0.536659
47069: 0.536669
47070: 0.536657
47071: 0.536667
47072: 0.536677
47073: 0.536666
47074: 0.536676
47075: 0.536685
47076: 0.536695
47077: 0.536705
47078: 0.536715
47079: 0.536703
47080: 0.536713
47081: 0.536702
47082: 0.536691
47083: 0.536679
47084: 0.536668
47085: 0.536656
47086: 0.536666
47087: 0.536676
47088: 0.536665
47089: 0.536674
47090: 0.536684
47091: 0.536673
47092: 0.536683
47093: 0.536671
47094: 0.536681
47095: 0.536691
47096: 0.536701
47097: 0.536711
47098: 0.536699
47099: 0.536709
47100: 0.536719
47101: 0.536708
47102: 0.536717
47103: 0.536706
47104: 0.536695
47105: 0.536683
47106: 0.536693
47107: 0.536703
47108: 0.536713
47109: 0.536701
47110: 0.53669
47111: 0.536679
47112: 0.536667
47113: 0.536677
47114: 0.536687
47115: 0.536697
47116: 0.536685
47117: 0.536674
47118: 0.536662
47119: 0.536672
47120: 0.536682
47121: 0.536692
47122: 0.536702
47123: 0.53669
47124: 0.5367
47125: 0.53671
47126: 0.53672
47127: 0.53673
47128: 0.53674
47129: 0.536749
47130: 0.536738
47131: 0.536727
47132: 0.536736
47133: 0.536746
47134: 0.536756
47135: 0.536745
47136: 0.536755
47137: 0.536764
47138: 0.536774
47139: 0.536784
47140: 0.536794
47141: 0.536804
47142: 0.536814
47143: 0.536802
47144: 0.536791
47145: 0.536801
47146: 0.53681
47147: 0.53682
47148: 0.53683
47149: 0.536819
47150: 0.536828
47151: 0.536838
47152: 0.536848
47153: 0.536837
47154: 0.536825
47155: 0.536835
47156: 0.536845
47157: 0.536834
47158: 0.536822
47159: 0.536811
47160: 0.536799
47161: 0.536809
47162: 0.536798
47163: 0.536787
47164: 0.536775
47165: 0.536764
47166: 0.536774
47167: 0.536783
47168: 0.536772
47169: 0.536761
47170: 0.536749
47171: 0.536738
47172: 0.536748
47173: 0.536736
47174: 0.536746
47175: 0.536756
47176: 0.536766
47177: 0.536754
47178: 0.536764
47179: 0.536774
47180: 0.536784
47181: 0.536772
47182: 0.536782
47183: 0.536771
47184: 0.536781
47185: 0.536769
47186: 0.536779
47187: 0.536789
47188: 0.536799
47189: 0.536809
47190: 0.536797
47191: 0.536807
47192: 0.536796
47193: 0.536784
47194: 0.536773
47195: 0.536783
47196: 0.536793
47197: 0.536802
47198: 0.536791
47199: 0.536801
47200: 0.536789
47201: 0.536778
47202: 0.536788
47203: 0.536798
47204: 0.536808
47205: 0.536817
47206: 0.536827
47207: 0.536837
47208: 0.536847
47209: 0.536857
47210: 0.536866
47211: 0.536855
47212: 0.536844
47213: 0.536832
47214: 0.536842
47215: 0.536831
47216: 0.536819
47217: 0.536808
47218: 0.536818
47219: 0.536828
47220: 0.536837
47221: 0.536847
47222: 0.536857
47223: 0.536846
47224: 0.536834
47225: 0.536844
47226: 0.536854
47227: 0.536864
47228: 0.536852
47229: 0.536862
47230: 0.536872
47231: 0.536882
47232: 0.53687
47233: 0.536859
47234: 0.536848
47235: 0.536857
47236: 0.536846
47237: 0.536835
47238: 0.536823
47239: 0.536833
47240: 0.536822
47241: 0.53681
47242: 0.536799
47243: 0.536788
47244: 0.536776
47245: 0.536786
47246: 0.536796
47247: 0.536785
47248: 0.536794
47249: 0.536783
47250: 0.536793
47251: 0.536782
47252: 0.536791
47253: 0.53678
47254: 0.53679
47255: 0.536778
47256: 0.536788
47257: 0.536777
47258: 0.536787
47259: 0.536775
47260: 0.536764
47261: 0.536753
47262: 0.536762
47263: 0.536772
47264: 0.536782
47265: 0.536771
47266: 0.53678
47267: 0.536769
47268: 0.536779
47269: 0.536768
47270: 0.536756
47271: 0.536745
47272: 0.536755
47273: 0.536743
47274: 0.536753
47275: 0.536763
47276: 0.536751
47277: 0.53674
47278: 0.53675
47279: 0.536739
47280: 0.536748
47281: 0.536758
47282: 0.536747
47283: 0.536757
47284: 0.536745
47285: 0.536734
47286: 0.536723
47287: 0.536732
47288: 0.536742
47289: 0.536731
47290: 0.536741
47291: 0.53675
47292: 0.53676
47293: 0.53677
47294: 0.53678
47295: 0.536768
47296: 0.536757
47297: 0.536746
47298: 0.536756
47299: 0.536744
47300: 0.536733
47301: 0.536743
47302: 0.536752
47303: 0.536741
47304: 0.53673
47305: 0.53674
47306: 0.536728
47307: 0.536738
47308: 0.536727
47309: 0.536736
47310: 0.536725
47311: 0.536735
47312: 0.536745
47313: 0.536733
47314: 0.536743
47315: 0.536753
47316: 0.536742
47317: 0.536751
47318: 0.53674
47319: 0.536729
47320: 0.536738
47321: 0.536748
47322: 0.536758
47323: 0.536768
47324: 0.536778
47325: 0.536766
47326: 0.536776
47327: 0.536786
47328: 0.536774
47329: 0.536763
47330: 0.536752
47331: 0.53674
47332: 0.53675
47333: 0.536739
47334: 0.536728
47335: 0.536737
47336: 0.536747
47337: 0.536757
47338: 0.536767
47339: 0.536755
47340: 0.536744
47341: 0.536733
47342: 0.536742
47343: 0.536731
47344: 0.53672
47345: 0.53673
47346: 0.536739
47347: 0.536728
47348: 0.536738
47349: 0.536727
47350: 0.536736
47351: 0.536725
47352: 0.536735
47353: 0.536723
47354: 0.536712
47355: 0.536722
47356: 0.536711
47357: 0.53672
47358: 0.536709
47359: 0.536719
47360: 0.536707
47361: 0.536696
47362: 0.536706
47363: 0.536695
47364: 0.536704
47365: 0.536693
47366: 0.536682
47367: 0.536691
47368: 0.536701
47369: 0.536711
47370: 0.5367
47371: 0.536688
47372: 0.536698
47373: 0.536687
47374: 0.536675
47375: 0.536664
47376: 0.536653
47377: 0.536641
47378: 0.536651
47379: 0.536661
47380: 0.536671
47381: 0.536659
47382: 0.536648
47383: 0.536637
47384: 0.536647
47385: 0.536656
47386: 0.536645
47387: 0.536634
47388: 0.536644
47389: 0.536653
47390: 0.536642
47391: 0.536652
47392: 0.53664
47393: 0.53665
47394: 0.53666
47395: 0.53667
47396: 0.53668
47397: 0.536668
47398: 0.536657
47399: 0.536646
47400: 0.536655
47401: 0.536665
47402: 0.536675
47403: 0.536685
47404: 0.536694
47405: 0.536704
47406: 0.536693
47407: 0.536703
47408: 0.536712
47409: 0.536722
47410: 0.536732
47411: 0.536742
47412: 0.53673
47413: 0.536719
47414: 0.536729
47415: 0.536718
47416: 0.536727
47417: 0.536716
47418: 0.536705
47419: 0.536693
47420: 0.536682
47421: 0.536671
47422: 0.536681
47423: 0.53669
47424: 0.5367
47425: 0.53671
47426: 0.53672
47427: 0.536708
47428: 0.536718
47429: 0.536728
47430: 0.536716
47431: 0.536726
47432: 0.536736
47433: 0.536746
47434: 0.536756
47435: 0.536765
47436: 0.536775
47437: 0.536785
47438: 0.536795
47439: 0.536783
47440: 0.536772
47441: 0.536761
47442: 0.53677
47443: 0.536759
47444: 0.536748
47445: 0.536737
47446: 0.536725
47447: 0.536735
47448: 0.536745
47449: 0.536754
47450: 0.536764
47451: 0.536753
47452: 0.536763
47453: 0.536772
47454: 0.536761
47455: 0.53675
47456: 0.536739
47457: 0.536748
47458: 0.536737
47459: 0.536747
47460: 0.536756
47461: 0.536766
47462: 0.536755
47463: 0.536765
47464: 0.536774
47465: 0.536763
47466: 0.536773
47467: 0.536762
47468: 0.536771
47469: 0.53676
47470: 0.536749
47471: 0.536737
47472: 0.536726
47473: 0.536715
47474: 0.536725
47475: 0.536713
47476: 0.536702
47477: 0.536691
47478: 0.5367
47479: 0.53671
47480: 0.536699
47481: 0.536688
47482: 0.536676
47483: 0.536665
47484: 0.536654
47485: 0.536642
47486: 0.536631
47487: 0.53662
47488: 0.53663
47489: 0.536639
47490: 0.536649
47491: 0.536638
47492: 0.536648
47493: 0.536657
47494: 0.536646
47495: 0.536635
47496: 0.536623
47497: 0.536612
47498: 0.536622
47499: 0.536611
47500: 0.53662
47501: 0.53663
47502: 0.53664
47503: 0.536628
47504: 0.536617
47505: 0.536627
47506: 0.536637
47507: 0.536646
47508: 0.536635
47509: 0.536624
47510: 0.536634
47511: 0.536622
47512: 0.536632
47513: 0.536642
47514: 0.536631
47515: 0.53664
47516: 0.536629
47517: 0.536639
47518: 0.536648
47519: 0.536658
47520: 0.536647
47521: 0.536657
47522: 0.536666
47523: 0.536655
47524: 0.536665
47525: 0.536675
47526: 0.536684
47527: 0.536694
47528: 0.536704
47529: 0.536693
47530: 0.536681
47531: 0.536691
47532: 0.53668
47533: 0.536668
47534: 0.536678
47535: 0.536688
47536: 0.536677
47537: 0.536686
47538: 0.536696
47539: 0.536685
47540: 0.536674
47541: 0.536683
47542: 0.536672
47543: 0.536682
47544: 0.536692
47545: 0.53668
47546: 0.536669
47547: 0.536658
47548: 0.536646
47549: 0.536635
47550: 0.536624
47551: 0.536634
47552: 0.536622
47553: 0.536611
47554: 0.536621
47555: 0.53663
47556: 0.536619
47557: 0.536629
47558: 0.536639
47559: 0.536627
47560: 0.536637
47561: 0.536626
47562: 0.536636
47563: 0.536645
47564: 0.536655
47565: 0.536644
47566: 0.536654
47567: 0.536663
47568: 0.536673
47569: 0.536683
47570: 0.536672
47571: 0.536681
47572: 0.536691
47573: 0.536701
47574: 0.536689
47575: 0.536699
47576: 0.536688
47577: 0.536677
47578: 0.536665
47579: 0.536675
47580: 0.536685
47581: 0.536695
47582: 0.536704
47583: 0.536693
47584: 0.536682
47585: 0.536691
47586: 0.536701
47587: 0.53669
47588: 0.5367
47589: 0.536688
47590: 0.536677
47591: 0.536666
47592: 0.536676
47593: 0.536685
47594: 0.536674
47595: 0.536684
47596: 0.536672
47597: 0.536661
47598: 0.536671
47599: 0.536681
47600: 0.53669
47601: 0.5367
47602: 0.536689
47603: 0.536678
47604: 0.536666
47605: 0.536655
47606: 0.536665
47607: 0.536675
47608: 0.536684
47609: 0.536694
47610: 0.536704
47611: 0.536713
47612: 0.536723
47613: 0.536712
47614: 0.536701
47615: 0.536689
47616: 0.536699
47617: 0.536688
47618: 0.536698
47619: 0.536707
47620: 0.536696
47621: 0.536685
47622: 0.536694
47623: 0.536704
47624: 0.536714
47625: 0.536703
47626: 0.536712
47627: 0.536701
47628: 0.536711
47629: 0.536721
47630: 0.53673
47631: 0.536719
47632: 0.536729
47633: 0.536717
47634: 0.536727
47635: 0.536716
47636: 0.536726
47637: 0.536735
47638: 0.536724
47639: 0.536713
47640: 0.536702
47641: 0.536711
47642: 0.5367
47643: 0.53671
47644: 0.536719
47645: 0.536708
47646: 0.536718
47647: 0.536728
47648: 0.536716
47649: 0.536705
47650: 0.536694
47651: 0.536704
47652: 0.536713
47653: 0.536723
47654: 0.536712
47655: 0.536722
47656: 0.53671
47657: 0.53672
47658: 0.536709
47659: 0.536697
47660: 0.536686
47661: 0.536696
47662: 0.536706
47663: 0.536715
47664: 0.536725
47665: 0.536735
47666: 0.536744
47667: 0.536754
47668: 0.536764
47669: 0.536753
47670: 0.536741
47671: 0.536751
47672: 0.536761
47673: 0.536771
47674: 0.536759
47675: 0.536769
47676: 0.536758
47677: 0.536767
47678: 0.536756
47679: 0.536745
47680: 0.536734
47681: 0.536743
47682: 0.536753
47683: 0.536763
47684: 0.536752
47685: 0.53674
47686: 0.536729
47687: 0.536718
47688: 0.536707
47689: 0.536716
47690: 0.536726
47691: 0.536715
47692: 0.536703
47693: 0.536692
47694: 0.536702
47695: 0.536712
47696: 0.536721
47697: 0.536731
47698: 0.536741
47699: 0.53673
47700: 0.536718
47701: 0.536707
47702: 0.536717
47703: 0.536706
47704: 0.536715
47705: 0.536704
47706: 0.536714
47707: 0.536723
47708: 0.536712
47709: 0.536722
47710: 0.536732
47711: 0.53672
47712: 0.536709
47713: 0.536698
47714: 0.536708
47715: 0.536717
47716: 0.536727
47717: 0.536737
47718: 0.536725
47719: 0.536714
47720: 0.536724
47721: 0.536734
47722: 0.536743
47723: 0.536753
47724: 0.536763
47725: 0.536751
47726: 0.536761
47727: 0.536771
47728: 0.53676
47729: 0.536748
47730: 0.536737
47731: 0.536747
47732: 0.536757
47733: 0.536766
47734: 0.536776
47735: 0.536786
47736: 0.536774
47737: 0.536763
47738: 0.536752
47739: 0.536741
47740: 0.53675
47741: 0.53676
47742: 0.536749
47743: 0.536759
47744: 0.536747
47745: 0.536757
47746: 0.536767
47747: 0.536755
47748: 0.536765
47749: 0.536775
47750: 0.536785
47751: 0.536773
47752: 0.536762
47753: 0.536751
47754: 0.536761
47755: 0.536749
47756: 0.536738
47757: 0.536727
47758: 0.536716
47759: 0.536704
47760: 0.536714
47761: 0.536724
47762: 0.536733
47763: 0.536743
47764: 0.536753
47765: 0.536763
47766: 0.536772
47767: 0.536782
47768: 0.536771
47769: 0.53678
47770: 0.536769
47771: 0.536758
47772: 0.536747
47773: 0.536756
47774: 0.536766
47775: 0.536776
47776: 0.536765
47777: 0.536753
47778: 0.536763
47779: 0.536752
47780: 0.536761
47781: 0.536771
47782: 0.53676
47783: 0.536749
47784: 0.536737
47785: 0.536747
47786: 0.536757
47787: 0.536746
47788: 0.536755
47789: 0.536765
47790: 0.536775
47791: 0.536763
47792: 0.536752
47793: 0.536762
47794: 0.536751
47795: 0.53676
47796: 0.536749
47797: 0.536738
47798: 0.536748
47799: 0.536757
47800: 0.536746
47801: 0.536735
47802: 0.536745
47803: 0.536754
47804: 0.536764
47805: 0.536753
47806: 0.536741
47807: 0.536751
47808: 0.53674
47809: 0.53675
47810: 0.536738
47811: 0.536727
47812: 0.536716
47813: 0.536726
47814: 0.536714
47815: 0.536703
47816: 0.536692
47817: 0.536702
47818: 0.53669
47819: 0.5367
47820: 0.536689
47821: 0.536699
47822: 0.536708
47823: 0.536697
47824: 0.536707
47825: 0.536716
47826: 0.536705
47827: 0.536715
47828: 0.536704
47829: 0.536692
47830: 0.536681
47831: 0.53667
47832: 0.53668
47833: 0.536668
47834: 0.536678
47835: 0.536688
47836: 0.536698
47837: 0.536707
47838: 0.536717
47839: 0.536706
47840: 0.536694
47841: 0.536683
47842: 0.536693
47843: 0.536703
47844: 0.536691
47845: 0.53668
47846: 0.53669
47847: 0.536679
47848: 0.536688
47849: 0.536677
47850: 0.536687
47851: 0.536676
47852: 0.536664
47853: 0.536674
47854: 0.536684
47855: 0.536693
47856: 0.536703
47857: 0.536713
47858: 0.536702
47859: 0.536711
47860: 0.5367
47861: 0.53671
47862: 0.536698
47863: 0.536708
47864: 0.536718
47865: 0.536728
47866: 0.536716
47867: 0.536705
47868: 0.536715
47869: 0.536724
47870: 0.536734
47871: 0.536744
47872: 0.536753
47873: 0.536763
47874: 0.536752
47875: 0.536741
47876: 0.53675
47877: 0.53676
47878: 0.53677
47879: 0.536759
47880: 0.536768
47881: 0.536757
47882: 0.536746
47883: 0.536735
47884: 0.536744
47885: 0.536733
47886: 0.536743
47887: 0.536732
47888: 0.53672
47889: 0.53673
47890: 0.53674
47891: 0.536749
47892: 0.536759
47893: 0.536748
47894: 0.536757
47895: 0.536746
47896: 0.536756
47897: 0.536766
47898: 0.536754
47899: 0.536743
47900: 0.536732
47901: 0.536742
47902: 0.53673
47903: 0.53674
47904: 0.53675
47905: 0.536759
47906: 0.536769
47907: 0.536779
47908: 0.536788
47909: 0.536798
47910: 0.536808
47911: 0.536817
47912: 0.536827
47913: 0.536816
47914: 0.536826
47915: 0.536835
47916: 0.536845
47917: 0.536855
47918: 0.536864
47919: 0.536853
47920: 0.536863
47921: 0.536872
47922: 0.536861
47923: 0.536871
47924: 0.536881
47925: 0.536869
47926: 0.536858
47927: 0.536868
47928: 0.536877
47929: 0.536887
47930: 0.536876
47931: 0.536865
47932: 0.536854
47933: 0.536863
47934: 0.536852
47935: 0.536841
47936: 0.53683
47937: 0.536839
47938: 0.536849
47939: 0.536859
47940: 0.536847
47941: 0.536857
47942: 0.536867
47943: 0.536876
47944: 0.536865
47945: 0.536854
47946: 0.536843
47947: 0.536832
47948: 0.536841
47949: 0.53683
47950: 0.536819
47951: 0.536808
47952: 0.536796
47953: 0.536785
47954: 0.536795
47955: 0.536805
47956: 0.536814
47957: 0.536824
47958: 0.536834
47959: 0.536822
47960: 0.536811
47961: 0.5368
47962: 0.536789
47963: 0.536798
47964: 0.536808
47965: 0.536797
47966: 0.536807
47967: 0.536795
47968: 0.536805
47969: 0.536815
47970: 0.536824
47971: 0.536834
47972: 0.536823
47973: 0.536832
47974: 0.536842
47975: 0.536831
47976: 0.53682
47977: 0.536829
47978: 0.536839
47979: 0.536849
47980: 0.536858
47981: 0.536847
47982: 0.536836
47983: 0.536846
47984: 0.536855
47985: 0.536865
47986: 0.536854
47987: 0.536843
47988: 0.536831
47989: 0.53682
47990: 0.536809
47991: 0.536798
47992: 0.536787
47993: 0.536775
47994: 0.536785
47995: 0.536774
47996: 0.536784
47997: 0.536793
47998: 0.536782
47999: 0.536771
48000: 0.53678
48001: 0.536769
48002: 0.536758
48003: 0.536747
48004: 0.536736
48005: 0.536745
48006: 0.536755
48007: 0.536744
48008: 0.536754
48009: 0.536742
48010: 0.536731
48011: 0.536741
48012: 0.53673
48013: 0.536718
48014: 0.536707
48015: 0.536717
48016: 0.536727
48017: 0.536736
48018: 0.536746
48019: 0.536756
48020: 0.536744
48021: 0.536754
48022: 0.536743
48023: 0.536732
48024: 0.536741
48025: 0.536751
48026: 0.536761
48027: 0.536749
48028: 0.536759
48029: 0.536769
48030: 0.536778
48031: 0.536788
48032: 0.536798
48033: 0.536807
48034: 0.536817
48035: 0.536827
48036: 0.536815
48037: 0.536804
48038: 0.536793
48039: 0.536803
48040: 0.536791
48041: 0.536801
48042: 0.53679
48043: 0.5368
48044: 0.536809
48045: 0.536798
48046: 0.536787
48047: 0.536776
48048: 0.536765
48049: 0.536774
48050: 0.536784
48051: 0.536773
48052: 0.536782
48053: 0.536792
48054: 0.536802
48055: 0.536811
48056: 0.536821
48057: 0.53681
48058: 0.536799
48059: 0.536808
48060: 0.536818
48061: 0.536827
48062: 0.536837
48063: 0.536826
48064: 0.536836
48065: 0.536824
48066: 0.536834
48067: 0.536844
48068: 0.536853
48069: 0.536842
48070: 0.536852
48071: 0.536861
48072: 0.536871
48073: 0.536881
48074: 0.53689
48075: 0.536879
48076: 0.536889
48077: 0.536898
48078: 0.536887
48079: 0.536897
48080: 0.536906
48081: 0.536916
48082: 0.536905
48083: 0.536894
48084: 0.536883
48085: 0.536871
48086: 0.53686
48087: 0.536849
48088: 0.536838
48089: 0.536827
48090: 0.536816
48091: 0.536804
48092: 0.536814
48093: 0.536824
48094: 0.536813
48095: 0.536801
48096: 0.536811
48097: 0.536821
48098: 0.53683
48099: 0.536819
48100: 0.536808
48101: 0.536797
48102: 0.536786
48103: 0.536795
48104: 0.536805
48105: 0.536815
48106: 0.536803
48107: 0.536792
48108: 0.536802
48109: 0.536811
48110: 0.536821
48111: 0.536831
48112: 0.53684
48113: 0.53685
48114: 0.536839
48115: 0.536848
48116: 0.536858
48117: 0.536868
48118: 0.536857
48119: 0.536845
48120: 0.536855
48121: 0.536865
48122: 0.536874
48123: 0.536884
48124: 0.536873
48125: 0.536862
48126: 0.536871
48127: 0.536881
48128: 0.53689
48129: 0.536879
48130: 0.536889
48131: 0.536878
48132: 0.536887
48133: 0.536897
48134: 0.536886
48135: 0.536875
48136: 0.536884
48137: 0.536894
48138: 0.536904
48139: 0.536913
48140: 0.536902
48141: 0.536891
48142: 0.5369
48143: 0.53691
48144: 0.536899
48145: 0.536888
48146: 0.536877
48147: 0.536865
48148: 0.536854
48149: 0.536864
48150: 0.536874
48151: 0.536862
48152: 0.536872
48153: 0.536882
48154: 0.536871
48155: 0.53688
48156: 0.536869
48157: 0.536858
48158: 0.536847
48159: 0.536856
48160: 0.536866
48161: 0.536876
48162: 0.536864
48163: 0.536874
48164: 0.536863
48165: 0.536872
48166: 0.536861
48167: 0.536871
48168: 0.536881
48169: 0.536869
48170: 0.536858
48171: 0.536847
48172: 0.536857
48173: 0.536866
48174: 0.536855
48175: 0.536844
48176: 0.536833
48177: 0.536822
48178: 0.536811
48179: 0.53682
48180: 0.536809
48181: 0.536819
48182: 0.536808
48183: 0.536817
48184: 0.536806
48185: 0.536795
48186: 0.536805
48187: 0.536814
48188: 0.536803
48189: 0.536792
48190: 0.536781
48191: 0.53677
48192: 0.536779
48193: 0.536789
48194: 0.536778
48195: 0.536787
48196: 0.536797
48197: 0.536807
48198: 0.536816
48199: 0.536826
48200: 0.536835
48201: 0.536824
48202: 0.536813
48203: 0.536823
48204: 0.536812
48205: 0.536821
48206: 0.536831
48207: 0.53682
48208: 0.536829
48209: 0.536839
48210: 0.536828
48211: 0.536837
48212: 0.536847
48213: 0.536857
48214: 0.536845
48215: 0.536834
48216: 0.536823
48217: 0.536833
48218: 0.536842
48219: 0.536852
48220: 0.536862
48221: 0.536871
48222: 0.53686
48223: 0.536849
48224: 0.536838
48225: 0.536847
48226: 0.536857
48227: 0.536867
48228: 0.536876
48229: 0.536886
48230: 0.536895
48231: 0.536905
48232: 0.536894
48233: 0.536883
48234: 0.536872
48235: 0.53686
48236: 0.536849
48237: 0.536838
48238: 0.536827
48239: 0.536816
48240: 0.536826
48241: 0.536835
48242: 0.536824
48243: 0.536834
48244: 0.536822
48245: 0.536832
48246: 0.536821
48247: 0.53681
48248: 0.536799
48249: 0.536808
48250: 0.536797
48251: 0.536807
48252: 0.536816
48253: 0.536805
48254: 0.536794
48255: 0.536804
48256: 0.536813
48257: 0.536823
48258: 0.536833
48259: 0.536842
48260: 0.536831
48261: 0.536841
48262: 0.536829
48263: 0.536818
48264: 0.536807
48265: 0.536817
48266: 0.536826
48267: 0.536815
48268: 0.536804
48269: 0.536793
48270: 0.536782
48271: 0.536771
48272: 0.53678
48273: 0.53679
48274: 0.5368
48275: 0.536809
48276: 0.536819
48277: 0.536828
48278: 0.536838
48279: 0.536827
48280: 0.536816
48281: 0.536805
48282: 0.536814
48283: 0.536824
48284: 0.536833
48285: 0.536843
48286: 0.536853
48287: 0.536862
48288: 0.536851
48289: 0.536861
48290: 0.53687
48291: 0.536859
48292: 0.536869
48293: 0.536858
48294: 0.536846
48295: 0.536856
48296: 0.536866
48297: 0.536875
48298: 0.536864
48299: 0.536853
48300: 0.536863
48301: 0.536872
48302: 0.536861
48303: 0.53685
48304: 0.536839
48305: 0.536828
48306: 0.536837
48307: 0.536826
48308: 0.536836
48309: 0.536845
48310: 0.536855
48311: 0.536865
48312: 0.536874
48313: 0.536884
48314: 0.536873
48315: 0.536882
48316: 0.536871
48317: 0.536881
48318: 0.53689
48319: 0.536879
48320: 0.536868
48321: 0.536878
48322: 0.536867
48323: 0.536855
48324: 0.536865
48325: 0.536875
48326: 0.536884
48327: 0.536894
48328: 0.536883
48329: 0.536892
48330: 0.536881
48331: 0.53687
48332: 0.53688
48333: 0.536868
48334: 0.536857
48335: 0.536846
48336: 0.536856
48337: 0.536845
48338: 0.536834
48339: 0.536823
48340: 0.536811
48341: 0.536821
48342: 0.536831
48343: 0.536819
48344: 0.536829
48345: 0.536839
48346: 0.536848
48347: 0.536858
48348: 0.536847
48349: 0.536836
48350: 0.536845
48351: 0.536834
48352: 0.536823
48353: 0.536833
48354: 0.536821
48355: 0.53681
48356: 0.53682
48357: 0.536809
48358: 0.536818
48359: 0.536828
48360: 0.536838
48361: 0.536826
48362: 0.536836
48363: 0.536846
48364: 0.536855
48365: 0.536844
48366: 0.536854
48367: 0.536863
48368: 0.536852
48369: 0.536841
48370: 0.536851
48371: 0.536839
48372: 0.536849
48373: 0.536838
48374: 0.536827
48375: 0.536816
48376: 0.536805
48377: 0.536814
48378: 0.536803
48379: 0.536813
48380: 0.536822
48381: 0.536811
48382: 0.5368
48383: 0.53681
48384: 0.536819
48385: 0.536829
48386: 0.536818
48387: 0.536807
48388: 0.536816
48389: 0.536826
48390: 0.536815
48391: 0.536804
48392: 0.536793
48393: 0.536802
48394: 0.536791
48395: 0.536801
48396: 0.53681
48397: 0.53682
48398: 0.536829
48399: 0.536839
48400: 0.536848
48401: 0.536858
48402: 0.536868
48403: 0.536877
48404: 0.536866
48405: 0.536876
48406: 0.536885
48407: 0.536895
48408: 0.536904
48409: 0.536893
48410: 0.536903
48411: 0.536912
48412: 0.536922
48413: 0.536931
48414: 0.536941
48415: 0.53693
48416: 0.53694
48417: 0.536949
48418: 0.536959
48419: 0.536968
48420: 0.536957
48421: 0.536967
48422: 0.536956
48423: 0.536965
48424: 0.536954
48425: 0.536943
48426: 0.536953
48427: 0.536962
48428: 0.536972
48429: 0.536981
48430: 0.53697
48431: 0.53698
48432: 0.536969
48433: 0.536978
48434: 0.536967
48435: 0.536977
48436: 0.536986
48437: 0.536996
48438: 0.536985
48439: 0.536974
48440: 0.536983
48441: 0.536993
48442: 0.536982
48443: 0.536971
48444: 0.53698
48445: 0.536969
48446: 0.536958
48447: 0.536947
48448: 0.536936
48449: 0.536925
48450: 0.536914
48451: 0.536903
48452: 0.536912
48453: 0.536901
48454: 0.53689
48455: 0.536899
48456: 0.536888
48457: 0.536898
48458: 0.536907
48459: 0.536896
48460: 0.536906
48461: 0.536895
48462: 0.536884
48463: 0.536893
48464: 0.536882
48465: 0.536892
48466: 0.536901
48467: 0.536911
48468: 0.536921
48469: 0.53693
48470: 0.53694
48471: 0.536949
48472: 0.536959
48473: 0.536968
48474: 0.536957
48475: 0.536946
48476: 0.536935
48477: 0.536924
48478: 0.536934
48479: 0.536943
48480: 0.536932
48481: 0.536942
48482: 0.536951
48483: 0.53694
48484: 0.53695
48485: 0.536959
48486: 0.536948
48487: 0.536958
48488: 0.536967
48489: 0.536956
48490: 0.536966
48491: 0.536975
48492: 0.536985
48493: 0.536994
48494: 0.536983
48495: 0.536972
48496: 0.536961
48497: 0.536971
48498: 0.53696
48499: 0.536948
48500: 0.536937
48501: 0.536947
48502: 0.536956
48503: 0.536966
48504: 0.536976
48505: 0.536985
48506: 0.536974
48507: 0.536963
48508: 0.536973
48509: 0.536961
48510: 0.536971
48511: 0.536981
48512: 0.536969
48513: 0.536958
48514: 0.536968
48515: 0.536957
48516: 0.536946
48517: 0.536955
48518: 0.536944
48519: 0.536954
48520: 0.536943
48521: 0.536932
48522: 0.536921
48523: 0.53693
48524: 0.536919
48525: 0.536908
48526: 0.536918
48527: 0.536907
48528: 0.536916
48529: 0.536926
48530: 0.536935
48531: 0.536945
48532: 0.536934
48533: 0.536943
48534: 0.536953
48535: 0.536942
48536: 0.536931
48537: 0.53692
48538: 0.536929
48539: 0.536939
48540: 0.536928
48541: 0.536937
48542: 0.536947
48543: 0.536956
48544: 0.536966
48545: 0.536975
48546: 0.536964
48547: 0.536974
48548: 0.536983
48549: 0.536972
48550: 0.536961
48551: 0.536971
48552: 0.53698
48553: 0.53699
48554: 0.536999
48555: 0.536988
48556: 0.536998
48557: 0.536987
48558: 0.536976
48559: 0.536985
48560: 0.536995
48561: 0.536984
48562: 0.536993
48563: 0.537003
48564: 0.537012
48565: 0.537001
48566: 0.537011
48567: 0.53702
48568: 0.53703
48569: 0.537039
48570: 0.537049
48571: 0.537038
48572: 0.537027
48573: 0.537016
48574: 0.537025
48575: 0.537035
48576: 0.537044
48577: 0.537054
48578: 0.537063
48579: 0.537052
48580: 0.537062
48581: 0.537051
48582: 0.53706
48583: 0.537049
48584: 0.537059
48585: 0.537068
48586: 0.537078
48587: 0.537087
48588: 0.537097
48589: 0.537086
48590: 0.537095
48591: 0.537105
48592: 0.537094
48593: 0.537103
48594: 0.537113
48595: 0.537122
48596: 0.537132
48597: 0.537121
48598: 0.53711
48599: 0.537099
48600: 0.537108
48601: 0.537118
48602: 0.537107
48603: 0.537096
48604: 0.537085
48605: 0.537094
48606: 0.537083
48607: 0.537072
48608: 0.537061
48609: 0.537071
48610: 0.53708
48611: 0.537069
48612: 0.537058
48613: 0.537068
48614: 0.537056
48615: 0.537066
48616: 0.537055
48617: 0.537044
48618: 0.537053
48619: 0.537042
48620: 0.537031
48621: 0.537041
48622: 0.53705
48623: 0.53706
48624: 0.537049
48625: 0.537058
48626: 0.537047
48627: 0.537057
48628: 0.537066
48629: 0.537055
48630: 0.537044
48631: 0.537054
48632: 0.537063
48633: 0.537073
48634: 0.537062
48635: 0.537071
48636: 0.53706
48637: 0.53707
48638: 0.537079
48639: 0.537068
48640: 0.537078
48641: 0.537087
48642: 0.537097
48643: 0.537086
48644: 0.537075
48645: 0.537064
48646: 0.537053
48647: 0.537042
48648: 0.537031
48649: 0.53704
48650: 0.537029
48651: 0.537018
48652: 0.537028
48653: 0.537037
48654: 0.537047
48655: 0.537056
48656: 0.537045
48657: 0.537055
48658: 0.537064
48659: 0.537053
48660: 0.537042
48661: 0.537031
48662: 0.53704
48663: 0.53705
48664: 0.537059
48665: 0.537048
48666: 0.537058
48667: 0.537047
48668: 0.537036
48669: 0.537045
48670: 0.537055
48671: 0.537044
48672: 0.537033
48673: 0.537022
48674: 0.537011
48675: 0.537
48676: 0.537009
48677: 0.537019
48678: 0.537028
48679: 0.537038
48680: 0.537027
48681: 0.537036
48682: 0.537025
48683: 0.537035
48684: 0.537024
48685: 0.537033
48686: 0.537022
48687: 0.537032
48688: 0.537021
48689: 0.53703
48690: 0.537019
48691: 0.537029
48692: 0.537018
48693: 0.537027
48694: 0.537016
48695: 0.537026
48696: 0.537035
48697: 0.537024
48698: 0.537034
48699: 0.537023
48700: 0.537012
48701: 0.537001
48702: 0.53701
48703: 0.536999
48704: 0.536988
48705: 0.536997
48706: 0.537007
48707: 0.537017
48708: 0.537005
48709: 0.536994
48710: 0.536983
48711: 0.536993
48712: 0.536982
48713: 0.536971
48714: 0.53698
48715: 0.53699
48716: 0.536999
48717: 0.536988
48718: 0.536977
48719: 0.536987
48720: 0.536976
48721: 0.536965
48722: 0.536954
48723: 0.536963
48724: 0.536952
48725: 0.536962
48726: 0.536971
48727: 0.536981
48728: 0.53699
48729: 0.536979
48730: 0.536968
48731: 0.536978
48732: 0.536987
48733: 0.536997
48734: 0.537006
48735: 0.537016
48736: 0.537005
48737: 0.536994
48738: 0.537003
48739: 0.536992
48740: 0.536981
48741: 0.536991
48742: 0.53698
48743: 0.536989
48744: 0.536978
48745: 0.536988
48746: 0.536977
48747: 0.536986
48748: 0.536996
48749: 0.537005
48750: 0.536994
48751: 0.536983
48752: 0.536972
48753: 0.536961
48754: 0.53695
48755: 0.536939
48756: 0.536949
48757: 0.536938
48758: 0.536947
48759: 0.536936
48760: 0.536946
48761: 0.536955
48762: 0.536944
48763: 0.536953
48764: 0.536942
48765: 0.536952
48766: 0.536961
48767: 0.53695
48768: 0.53696
48769: 0.536969
48770: 0.536958
48771: 0.536968
48772: 0.536977
48773: 0.536966
48774: 0.536955
48775: 0.536944
48776: 0.536933
48777: 0.536922
48778: 0.536932
48779: 0.536941
48780: 0.536951
48781: 0.53694
48782: 0.536929
48783: 0.536918
48784: 0.536927
48785: 0.536937
48786: 0.536926
48787: 0.536935
48788: 0.536924
48789: 0.536913
48790: 0.536923
48791: 0.536932
48792: 0.536942
48793: 0.536931
48794: 0.53694
48795: 0.536929
48796: 0.536939
48797: 0.536948
48798: 0.536958
48799: 0.536947
48800: 0.536936
48801: 0.536945
48802: 0.536934
48803: 0.536923
48804: 0.536933
48805: 0.536922
48806: 0.536911
48807: 0.53692
48808: 0.53693
48809: 0.536919
48810: 0.536928
48811: 0.536938
48812: 0.536927
48813: 0.536936
48814: 0.536946
48815: 0.536935
48816: 0.536944
48817: 0.536933
48818: 0.536943
48819: 0.536952
48820: 0.536962
48821: 0.536971
48822: 0.536981
48823: 0.53697
48824: 0.536959
48825: 0.536968
48826: 0.536957
48827: 0.536966
48828: 0.536955
48829: 0.536945
48830: 0.536934
48831: 0.536923
48832: 0.536932
48833: 0.536921
48834: 0.53691
48835: 0.536919
48836: 0.536908
48837: 0.536918
48838: 0.536907
48839: 0.536896
48840: 0.536905
48841: 0.536915
48842: 0.536904
48843: 0.536913
48844: 0.536923
48845: 0.536932
48846: 0.536942
48847: 0.536951
48848: 0.53694
48849: 0.536929
48850: 0.536918
48851: 0.536928
48852: 0.536937
48853: 0.536926
48854: 0.536936
48855: 0.536925
48856: 0.536914
48857: 0.536903
48858: 0.536892
48859: 0.536881
48860: 0.53687
48861: 0.536859
48862: 0.536868
48863: 0.536878
48864: 0.536887
48865: 0.536876
48866: 0.536886
48867: 0.536875
48868: 0.536884
48869: 0.536873
48870: 0.536883
48871: 0.536892
48872: 0.536902
48873: 0.536911
48874: 0.536921
48875: 0.53693
48876: 0.53694
48877: 0.536929
48878: 0.536938
48879: 0.536948
48880: 0.536937
48881: 0.536946
48882: 0.536956
48883: 0.536945
48884: 0.536934
48885: 0.536923
48886: 0.536932
48887: 0.536942
48888: 0.536951
48889: 0.53694
48890: 0.536929
48891: 0.536918
48892: 0.536928
48893: 0.536937
48894: 0.536947
48895: 0.536956
48896: 0.536945
48897: 0.536934
48898: 0.536943
48899: 0.536953
48900: 0.536962
48901: 0.536972
48902: 0.536981
48903: 0.53697
48904: 0.53698
48905: 0.536969
48906: 0.536958
48907: 0.536967
48908: 0.536977
48909: 0.536966
48910: 0.536975
48911: 0.536985
48912: 0.536974
48913: 0.536983
48914: 0.536972
48915: 0.536961
48916: 0.536971
48917: 0.53698
48918: 0.53699
48919: 0.536999
48920: 0.537009
48921: 0.537018
48922: 0.537007
48923: 0.537017
48924: 0.537006
48925: 0.537015
48926: 0.537025
48927: 0.537014
48928: 0.537003
48929: 0.536992
48930: 0.537001
48931: 0.537011
48932: 0.53702
48933: 0.537009
48934: 0.537018
48935: 0.537008
48936: 0.536997
48937: 0.536986
48938: 0.536975
48939: 0.536964
48940: 0.536973
48941: 0.536983
48942: 0.536992
48943: 0.537001
48944: 0.537011
48945: 0.537
48946: 0.537009
48947: 0.537019
48948: 0.537008
48949: 0.536997
48950: 0.536986
48951: 0.536995
48952: 0.537005
48953: 0.537014
48954: 0.537024
48955: 0.537013
48956: 0.537002
48957: 0.536991
48958: 0.537
48959: 0.536989
48960: 0.536999
48961: 0.537008
48962: 0.537018
48963: 0.537007
48964: 0.536996
48965: 0.536985
48966: 0.536994
48967: 0.537004
48968: 0.536993
48969: 0.536982
48970: 0.536991
48971: 0.537001
48972: 0.53699
48973: 0.536999
48974: 0.536988
48975: 0.536977
48976: 0.536987
48977: 0.536976
48978: 0.536985
48979: 0.536995
48980: 0.537004
48981: 0.536993
48982: 0.536982
48983: 0.536971
48984: 0.53696
48985: 0.53697
48986: 0.536979
48987: 0.536989
48988: 0.536978
48989: 0.536967
48990: 0.536956
48991: 0.536965
48992: 0.536954
48993: 0.536964
48994: 0.536953
48995: 0.536942
48996: 0.536951
48997: 0.536961
48998: 0.53697
48999: 0.53698
49000: 0.536969
49001: 0.536978
49002: 0.536967
49003: 0.536956
49004: 0.536945
49005: 0.536934
49006: 0.536944
49007: 0.536933
49008: 0.536942
49009: 0.536931
49010: 0.536941
49011: 0.53695
49012: 0.53696
49013: 0.536969
49014: 0.536978
49015: 0.536988
49016: 0.536977
49017: 0.536966
49018: 0.536975
49019: 0.536965
49020: 0.536954
49021: 0.536963
49022: 0.536972
49023: 0.536982
49024: 0.536971
49025: 0.53696
49026: 0.536949
49027: 0.536958
49028: 0.536968
49029: 0.536957
49030: 0.536946
49031: 0.536935
49032: 0.536924
49033: 0.536934
49034: 0.536943
49035: 0.536952
49036: 0.536941
49037: 0.536931
49038: 0.53694
49039: 0.536929
49040: 0.536918
49041: 0.536928
49042: 0.536917
49043: 0.536906
49044: 0.536895
49045: 0.536904
49046: 0.536914
49047: 0.536923
49048: 0.536932
49049: 0.536922
49050: 0.536911
49051: 0.5369
49052: 0.536889
49053: 0.536898
49054: 0.536908
49055: 0.536897
49056: 0.536906
49057: 0.536915
49058: 0.536925
49059: 0.536934
49060: 0.536944
49061: 0.536953
49062: 0.536942
49063: 0.536931
49064: 0.536941
49065: 0.53693
49066: 0.536919
49067: 0.536908
49068: 0.536917
49069: 0.536927
49070: 0.536936
49071: 0.536925
49072: 0.536914
49073: 0.536924
49074: 0.536933
49075: 0.536922
49076: 0.536911
49077: 0.536921
49078: 0.53691
49079: 0.536919
49080: 0.536929
49081: 0.536938
49082: 0.536948
49083: 0.536937
49084: 0.536946
49085: 0.536935
49086: 0.536945
49087: 0.536934
49088: 0.536923
49089: 0.536932
49090: 0.536942
49091: 0.536931
49092: 0.53694
49093: 0.53695
49094: 0.536939
49095: 0.536928
49096: 0.536937
49097: 0.536926
49098: 0.536936
49099: 0.536925
49100: 0.536914
49101: 0.536923
49102: 0.536933
49103: 0.536922
49104: 0.536931
49105: 0.53694
49106: 0.53695
49107: 0.536939
49108: 0.536948
49109: 0.536937
49110: 0.536947
49111: 0.536956
49112: 0.536945
49113: 0.536934
49114: 0.536924
49115: 0.536933
49116: 0.536922
49117: 0.536911
49118: 0.536921
49119: 0.53691
49120: 0.536899
49121: 0.536908
49122: 0.536918
49123: 0.536927
49124: 0.536916
49125: 0.536905
49126: 0.536894
49127: 0.536883
49128: 0.536893
49129: 0.536902
49130: 0.536912
49131: 0.536921
49132: 0.53693
49133: 0.53694
49134: 0.536949
49135: 0.536938
49136: 0.536927
49137: 0.536937
49138: 0.536926
49139: 0.536915
49140: 0.536924
49141: 0.536934
49142: 0.536943
49143: 0.536932
49144: 0.536921
49145: 0.536931
49146: 0.53692
49147: 0.536909
49148: 0.536898
49149: 0.536887
49150: 0.536897
49151: 0.536886
49152: 0.536895
49153: 0.536904
49154: 0.536914
49155: 0.536903
49156: 0.536892
49157: 0.536901
49158: 0.536911
49159: 0.5369
49160: 0.536889
49161: 0.536898
49162: 0.536908
49163: 0.536897
49164: 0.536906
49165: 0.536916
49166: 0.536925
49167: 0.536914
49168: 0.536924
49169: 0.536933
49170: 0.536922
49171: 0.536932
49172: 0.536941
49173: 0.53693
49174: 0.536919
49175: 0.536929
49176: 0.536938
49177: 0.536947
49178: 0.536936
49179: 0.536946
49180: 0.536935
49181: 0.536944
49182: 0.536954
49183: 0.536943
49184: 0.536932
49185: 0.536941
49186: 0.53693
49187: 0.53692
49188: 0.536929
49189: 0.536918
49190: 0.536927
49191: 0.536917
49192: 0.536906
49193: 0.536915
49194: 0.536904
49195: 0.536914
49196: 0.536923
49197: 0.536932
49198: 0.536942
49199: 0.536951
49200: 0.53694
49201: 0.536929
49202: 0.536939
49203: 0.536928
49204: 0.536917
49205: 0.536906
49206: 0.536915
49207: 0.536905
49208: 0.536914
49209: 0.536903
49210: 0.536892
49211: 0.536881
49212: 0.53687
49213: 0.53688
49214: 0.536889
49215: 0.536878
49216: 0.536888
49217: 0.536877
49218: 0.536886
49219: 0.536896
49220: 0.536905
49221: 0.536894
49222: 0.536903
49223: 0.536893
49224: 0.536882
49225: 0.536871
49226: 0.53686
49227: 0.536869
49228: 0.536879
49229: 0.536868
49230: 0.536857
49231: 0.536846
49232: 0.536855
49233: 0.536865
49234: 0.536854
49235: 0.536863
49236: 0.536852
49237: 0.536841
49238: 0.536851
49239: 0.53686
49240: 0.536849
49241: 0.536838
49242: 0.536848
49243: 0.536837
49244: 0.536846
49245: 0.536856
49246: 0.536845
49247: 0.536834
49248: 0.536843
49249: 0.536832
49250: 0.536822
49251: 0.536831
49252: 0.53682
49253: 0.536809
49254: 0.536798
49255: 0.536787
49256: 0.536776
49257: 0.536766
49258: 0.536775
49259: 0.536764
49260: 0.536774
49261: 0.536783
49262: 0.536772
49263: 0.536761
49264: 0.53675
49265: 0.536739
49266: 0.536728
49267: 0.536718
49268: 0.536727
49269: 0.536736
49270: 0.536746
49271: 0.536755
49272: 0.536765
49273: 0.536774
49274: 0.536783
49275: 0.536793
49276: 0.536782
49277: 0.536791
49278: 0.53678
49279: 0.53679
49280: 0.536799
49281: 0.536788
49282: 0.536777
49283: 0.536766
49284: 0.536776
49285: 0.536765
49286: 0.536754
49287: 0.536743
49288: 0.536753
49289: 0.536762
49290: 0.536771
49291: 0.536761
49292: 0.53675
49293: 0.536759
49294: 0.536768
49295: 0.536758
49296: 0.536767
49297: 0.536776
49298: 0.536786
49299: 0.536775
49300: 0.536764
49301: 0.536753
49302: 0.536762
49303: 0.536752
49304: 0.536761
49305: 0.53675
49306: 0.536759
49307: 0.536769
49308: 0.536758
49309: 0.536767
49310: 0.536777
49311: 0.536786
49312: 0.536796
49313: 0.536785
49314: 0.536774
49315: 0.536763
49316: 0.536772
49317: 0.536761
49318: 0.536771
49319: 0.53676
49320: 0.536749
49321: 0.536758
49322: 0.536748
49323: 0.536737
49324: 0.536726
49325: 0.536735
49326: 0.536724
49327: 0.536734
49328: 0.536723
49329: 0.536732
49330: 0.536721
49331: 0.536731
49332: 0.53674
49333: 0.53675
49334: 0.536759
49335: 0.536768
49336: 0.536778
49337: 0.536767
49338: 0.536756
49339: 0.536765
49340: 0.536775
49341: 0.536764
49342: 0.536753
49343: 0.536762
49344: 0.536751
49345: 0.536761
49346: 0.53675
49347: 0.536759
49348: 0.536769
49349: 0.536758
49350: 0.536767
49351: 0.536777
49352: 0.536766
49353: 0.536775
49354: 0.536785
49355: 0.536794
49356: 0.536803
49357: 0.536813
49358: 0.536802
49359: 0.536811
49360: 0.536821
49361: 0.53683
49362: 0.536839
49363: 0.536828
49364: 0.536838
49365: 0.536847
49366: 0.536857
49367: 0.536846
49368: 0.536855
49369: 0.536864
49370: 0.536874
49371: 0.536883
49372: 0.536893
49373: 0.536902
49374: 0.536911
49375: 0.536901
49376: 0.53689
49377: 0.536879
49378: 0.536888
49379: 0.536898
49380: 0.536887
49381: 0.536896
49382: 0.536905
49383: 0.536895
49384: 0.536904
49385: 0.536893
49386: 0.536902
49387: 0.536912
49388: 0.536901
49389: 0.53689
49390: 0.536899
49391: 0.536889
49392: 0.536878
49393: 0.536867
49394: 0.536876
49395: 0.536886
49396: 0.536875
49397: 0.536864
49398: 0.536873
49399: 0.536862
49400: 0.536851
49401: 0.536841
49402: 0.53685
49403: 0.536839
49404: 0.536848
49405: 0.536858
49406: 0.536847
49407: 0.536856
49408: 0.536866
49409: 0.536855
49410: 0.536844
49411: 0.536833
49412: 0.536843
49413: 0.536852
49414: 0.536861
49415: 0.536871
49416: 0.53686
49417: 0.536849
49418: 0.536858
49419: 0.536868
49420: 0.536877
49421: 0.536866
49422: 0.536855
49423: 0.536844
49424: 0.536854
49425: 0.536863
49426: 0.536873
49427: 0.536882
49428: 0.536871
49429: 0.53688
49430: 0.53689
49431: 0.536879
49432: 0.536888
49433: 0.536877
49434: 0.536887
49435: 0.536896
49436: 0.536906
49437: 0.536895
49438: 0.536884
49439: 0.536893
49440: 0.536882
49441: 0.536892
49442: 0.536901
49443: 0.53689
49444: 0.5369
49445: 0.536909
49446: 0.536918
49447: 0.536928
49448: 0.536917
49449: 0.536906
49450: 0.536915
49451: 0.536925
49452: 0.536914
49453: 0.536923
49454: 0.536912
49455: 0.536901
49456: 0.536891
49457: 0.5369
49458: 0.536909
49459: 0.536899
49460: 0.536888
49461: 0.536877
49462: 0.536866
49463: 0.536875
49464: 0.536864
49465: 0.536854
49466: 0.536843
49467: 0.536852
49468: 0.536861
49469: 0.536871
49470: 0.53686
49471: 0.536849
49472: 0.536838
49473: 0.536827
49474: 0.536837
49475: 0.536826
49476: 0.536835
49477: 0.536845
49478: 0.536854
49479: 0.536863
49480: 0.536873
49481: 0.536862
49482: 0.536851
49483: 0.53686
49484: 0.53685
49485: 0.536859
49486: 0.536848
49487: 0.536837
49488: 0.536826
49489: 0.536836
49490: 0.536825
49491: 0.536814
49492: 0.536803
49493: 0.536813
49494: 0.536822
49495: 0.536811
49496: 0.5368
49497: 0.536789
49498: 0.536799
49499: 0.536808
49500: 0.536817
49501: 0.536827
49502: 0.536836
49503: 0.536825
49504: 0.536835
49505: 0.536844
49506: 0.536833
49507: 0.536843
49508: 0.536832
49509: 0.536821
49510: 0.53681
49511: 0.536819
49512: 0.536809
49513: 0.536818
49514: 0.536807
49515: 0.536796
49516: 0.536806
49517: 0.536815
49518: 0.536824
49519: 0.536834
49520: 0.536843
49521: 0.536832
49522: 0.536841
49523: 0.536831
49524: 0.53684
49525: 0.536849
49526: 0.536838
49527: 0.536848
49528: 0.536857
49529: 0.536867
49530: 0.536876
49531: 0.536885
49532: 0.536895
49533: 0.536904
49534: 0.536893
49535: 0.536902
49536: 0.536912
49537: 0.536921
49538: 0.53691
49539: 0.536899
49540: 0.536889
49541: 0.536898
49542: 0.536887
49543: 0.536876
49544: 0.536865
49545: 0.536875
49546: 0.536884
49547: 0.536873
49548: 0.536883
49549: 0.536872
49550: 0.536881
49551: 0.536891
49552: 0.5369
49553: 0.536909
49554: 0.536919
49555: 0.536928
49556: 0.536937
49557: 0.536947
49558: 0.536956
49559: 0.536945
49560: 0.536954
49561: 0.536944
49562: 0.536953
49563: 0.536942
49564: 0.536951
49565: 0.536961
49566: 0.53695
49567: 0.536939
49568: 0.536928
49569: 0.536938
49570: 0.536947
49571: 0.536956
49572: 0.536966
49573: 0.536975
49574: 0.536964
49575: 0.536953
49576: 0.536943
49577: 0.536932
49578: 0.536921
49579: 0.53691
49580: 0.536919
49581: 0.536909
49582: 0.536898
49583: 0.536907
49584: 0.536896
49585: 0.536885
49586: 0.536875
49587: 0.536864
49588: 0.536853
49589: 0.536862
49590: 0.536851
49591: 0.536841
49592: 0.53685
49593: 0.536859
49594: 0.536848
49595: 0.536858
49596: 0.536867
49597: 0.536876
49598: 0.536886
49599: 0.536895
49600: 0.536904
49601: 0.536894
49602: 0.536903
49603: 0.536892
49604: 0.536902
49605: 0.536911
49606: 0.53692
49607: 0.53693
49608: 0.536919
49609: 0.536928
49610: 0.536937
49611: 0.536947
49612: 0.536956
49613: 0.536965
49614: 0.536975
49615: 0.536984
49616: 0.536973
49617: 0.536983
49618: 0.536992
49619: 0.536981
49620: 0.53699
49621: 0.537
49622: 0.537009
49623: 0.536998
49624: 0.537008
49625: 0.537017
49626: 0.537026
49627: 0.537036
49628: 0.537025
49629: 0.537034
49630: 0.537043
49631: 0.537053
49632: 0.537062
49633: 0.537051
49634: 0.53704
49635: 0.53703
49636: 0.537019
49637: 0.537028
49638: 0.537037
49639: 0.537047
49640: 0.537036
49641: 0.537025
49642: 0.537014
49643: 0.537024
49644: 0.537033
49645: 0.537042
49646: 0.537052
49647: 0.537061
49648: 0.53705
49649: 0.537039
49650: 0.537028
49651: 0.537018
49652: 0.537007
49653: 0.537016
49654: 0.537005
49655: 0.537015
49656: 0.537004
49657: 0.537013
49658: 0.537002
49659: 0.537012
49660: 0.537001
49661: 0.53701
49662: 0.536999
49663: 0.536989
49664: 0.536978
49665: 0.536967
49666: 0.536976
49667: 0.536986
49668: 0.536995
49669: 0.537004
49670: 0.537014
49671: 0.537023
49672: 0.537012
49673: 0.537001
49674: 0.537011
49675: 0.53702
49676: 0.537009
49677: 0.537018
49678: 0.537028
49679: 0.537037
49680: 0.537046
49681: 0.537056
49682: 0.537045
49683: 0.537034
49684: 0.537043
49685: 0.537053
49686: 0.537042
49687: 0.537051
49688: 0.537061
49689: 0.53705
49690: 0.537059
49691: 0.537068
49692: 0.537058
49693: 0.537047
49694: 0.537036
49695: 0.537025
49696: 0.537034
49697: 0.537024
49698: 0.537033
49699: 0.537022
49700: 0.537011
49701: 0.537021
49702: 0.53701
49703: 0.536999
49704: 0.537008
49705: 0.536998
49706: 0.536987
49707: 0.536976
49708: 0.536965
49709: 0.536954
49710: 0.536944
49711: 0.536953
49712: 0.536942
49713: 0.536951
49714: 0.536941
49715: 0.53695
49716: 0.536939
49717: 0.536948
49718: 0.536958
49719: 0.536947
49720: 0.536936
49721: 0.536945
49722: 0.536935
49723: 0.536944
49724: 0.536953
49725: 0.536963
49726: 0.536952
49727: 0.536961
49728: 0.53695
49729: 0.536939
49730: 0.536949
49731: 0.536938
49732: 0.536947
49733: 0.536937
49734: 0.536946
49735: 0.536955
49736: 0.536964
49737: 0.536954
49738: 0.536963
49739: 0.536972
49740: 0.536982
49741: 0.536991
49742: 0.537
49743: 0.537009
49744: 0.537019
49745: 0.537028
49746: 0.537037
49747: 0.537047
49748: 0.537036
49749: 0.537025
49750: 0.537034
49751: 0.537044
49752: 0.537053
49753: 0.537042
49754: 0.537031
49755: 0.537021
49756: 0.53703
49757: 0.537039
49758: 0.537028
49759: 0.537038
49760: 0.537027
49761: 0.537016
49762: 0.537026
49763: 0.537035
49764: 0.537024
49765: 0.537033
49766: 0.537023
49767: 0.537012
49768: 0.537021
49769: 0.53703
49770: 0.53702
49771: 0.537029
49772: 0.537038
49773: 0.537047
49774: 0.537057
49775: 0.537046
49776: 0.537055
49777: 0.537065
49778: 0.537054
49779: 0.537063
49780: 0.537072
49781: 0.537082
49782: 0.537091
49783: 0.5371
49784: 0.537089
49785: 0.537099
49786: 0.537088
49787: 0.537077
49788: 0.537066
49789: 0.537076
49790: 0.537085
49791: 0.537094
49792: 0.537084
49793: 0.537093
49794: 0.537102
49795: 0.537111
49796: 0.537121
49797: 0.53713
49798: 0.537139
49799: 0.537149
49800: 0.537158
49801: 0.537167
49802: 0.537156
49803: 0.537146
49804: 0.537155
49805: 0.537164
49806: 0.537153
49807: 0.537163
49808: 0.537172
49809: 0.537181
49810: 0.537191
49811: 0.5372
49812: 0.537209
49813: 0.537198
49814: 0.537208
49815: 0.537197
49816: 0.537206
49817: 0.537215
49818: 0.537225
49819: 0.537214
49820: 0.537223
49821: 0.537233
49822: 0.537242
49823: 0.537231
49824: 0.53724
49825: 0.53723
49826: 0.537239
49827: 0.537228
49828: 0.537237
49829: 0.537227
49830: 0.537236
49831: 0.537225
49832: 0.537214
49833: 0.537204
49834: 0.537193
49835: 0.537202
49836: 0.537211
49837: 0.537201
49838: 0.53721
49839: 0.537199
49840: 0.537188
49841: 0.537198
49842: 0.537207
49843: 0.537196
49844: 0.537185
49845: 0.537195
49846: 0.537184
49847: 0.537173
49848: 0.537182
49849: 0.537192
49850: 0.537201
49851: 0.53721
49852: 0.537219
49853: 0.537209
49854: 0.537218
49855: 0.537227
49856: 0.537236
49857: 0.537226
49858: 0.537215
49859: 0.537224
49860: 0.537234
49861: 0.537243
49862: 0.537232
49863: 0.537221
49864: 0.53721
49865: 0.53722
49866: 0.537229
49867: 0.537218
49868: 0.537207
49869: 0.537197
49870: 0.537206
49871: 0.537215
49872: 0.537204
49873: 0.537194
49874: 0.537203
49875: 0.537212
49876: 0.537202
49877: 0.537211
49878: 0.5372
49879: 0.537209
49880: 0.537219
49881: 0.537228
49882: 0.537217
49883: 0.537226
49884: 0.537216
49885: 0.537205
49886: 0.537194
49887: 0.537203
49888: 0.537213
49889: 0.537202
49890: 0.537191
49891: 0.5372
49892: 0.53719
49893: 0.537179
49894: 0.537168
49895: 0.537177
49896: 0.537167
49897: 0.537176
49898: 0.537165
49899: 0.537174
49900: 0.537184
49901: 0.537193
49902: 0.537182
49903: 0.537191
49904: 0.537201
49905: 0.53719
49906: 0.537179
49907: 0.537188
49908: 0.537178
49909: 0.537187
49910: 0.537196
49911: 0.537185
49912: 0.537175
49913: 0.537184
49914: 0.537193
49915: 0.537182
49916: 0.537172
49917: 0.537181
49918: 0.53719
49919: 0.537179
49920: 0.537189
49921: 0.537198
49922: 0.537187
49923: 0.537177
49924: 0.537186
49925: 0.537195
49926: 0.537204
49927: 0.537214
49928: 0.537203
49929: 0.537212
49930: 0.537201
49931: 0.537191
49932: 0.5372
49933: 0.537209
49934: 0.537198
49935: 0.537208
49936: 0.537197
49937: 0.537206
49938: 0.537215
49939: 0.537205
49940: 0.537194
49941: 0.537183
49942: 0.537172
49943: 0.537162
49944: 0.537171
49945: 0.53718
49946: 0.537189
49947: 0.537179
49948: 0.537168
49949: 0.537177
49950: 0.537166
49951: 0.537156
49952: 0.537145
49953: 0.537154
49954: 0.537163
49955: 0.537173
49956: 0.537162
49957: 0.537171
49958: 0.53718
49959: 0.53717
49960: 0.537159
49961: 0.537148
49962: 0.537157
49963: 0.537167
49964: 0.537156
49965: 0.537165
49966: 0.537175
49967: 0.537164
49968: 0.537173
49969: 0.537182
49970: 0.537172
49971: 0.537181
49972: 0.53717
49973: 0.537179
49974: 0.537189
49975: 0.537178
49976: 0.537167
49977: 0.537176
49978: 0.537186
49979: 0.537175
49980: 0.537164
49981: 0.537153
49982: 0.537143
49983: 0.537132
49984: 0.537121
49985: 0.53713
49986: 0.53714
49987: 0.537149
49988: 0.537158
49989: 0.537147
49990: 0.537137
49991: 0.537126
49992: 0.537135
49993: 0.537124
49994: 0.537114
49995: 0.537103
49996: 0.537092
49997: 0.537101
49998: 0.537111
49999: 0.53712
50000: 0.537109
50001: 0.537099
50002: 0.537088
50003: 0.537097
50004: 0.537086
50005: 0.537076
50006: 0.537065
50007: 0.537074
50008: 0.537083
50009: 0.537093
50010: 0.537082
50011: 0.537091
50012: 0.5371
50013: 0.53711
50014: 0.537099
50015: 0.537108
50016: 0.537117
50017: 0.537107
50018: 0.537096
50019: 0.537085
50020: 0.537074
50021: 0.537064
50022: 0.537073
50023: 0.537062
50024: 0.537071
50025: 0.537081
50026: 0.53709
50027: 0.537079
50028: 0.537088
50029: 0.537098
50030: 0.537107
50031: 0.537116
50032: 0.537106
50033: 0.537115
50034: 0.537104
50035: 0.537093
50036: 0.537083
50037: 0.537072
50038: 0.537061
50039: 0.53705
50040: 0.53704
50041: 0.537049
50042: 0.537038
50043: 0.537047
50044: 0.537057
50045: 0.537066
50046: 0.537075
50047: 0.537064
50048: 0.537054
50049: 0.537063
50050: 0.537052
50051: 0.537041
50052: 0.537051
50053: 0.53704
50054: 0.537049
50055: 0.537039
50056: 0.537048
50057: 0.537037
50058: 0.537026
50059: 0.537036
50060: 0.537045
50061: 0.537054
50062: 0.537043
50063: 0.537033
50064: 0.537042
50065: 0.537051
50066: 0.53706
50067: 0.53707
50068: 0.537059
50069: 0.537048
50070: 0.537057
50071: 0.537067
50072: 0.537076
50073: 0.537085
50074: 0.537094
50075: 0.537084
50076: 0.537073
50077: 0.537062
50078: 0.537051
50079: 0.537041
50080: 0.53703
50081: 0.537019
50082: 0.537009
50083: 0.536998
50084: 0.537007
50085: 0.537016
50086: 0.537026
50087: 0.537015
50088: 0.537024
50089: 0.537033
50090: 0.537023
50091: 0.537012
50092: 0.537001
50093: 0.53699
50094: 0.537
50095: 0.537009
50096: 0.537018
50097: 0.537027
50098: 0.537037
50099: 0.537046
50100: 0.537035
50101: 0.537044
50102: 0.537034
50103: 0.537043
50104: 0.537052
50105: 0.537041
50106: 0.537051
50107: 0.53706
50108: 0.537049
50109: 0.537058
50110: 0.537068
50111: 0.537057
50112: 0.537066
50113: 0.537075
50114: 0.537065
50115: 0.537054
50116: 0.537063
50117: 0.537073
50118: 0.537062
50119: 0.537071
50120: 0.53706
50121: 0.53705
50122: 0.537039
50123: 0.537048
50124: 0.537037
50125: 0.537047
50126: 0.537056
50127: 0.537065
50128: 0.537074
50129: 0.537084
50130: 0.537093
50131: 0.537082
50132: 0.537091
50133: 0.537081
50134: 0.53709
50135: 0.537099
50136: 0.537108
50137: 0.537098
50138: 0.537107
50139: 0.537116
50140: 0.537105
50141: 0.537095
50142: 0.537084
50143: 0.537093
50144: 0.537102
50145: 0.537092
50146: 0.537081
50147: 0.53709
50148: 0.53708
50149: 0.537069
50150: 0.537058
50151: 0.537067
50152: 0.537077
50153: 0.537066
50154: 0.537075
50155: 0.537084
50156: 0.537094
50157: 0.537103
50158: 0.537092
50159: 0.537081
50160: 0.537071
50161: 0.53708
50162: 0.537089
50163: 0.537078
50164: 0.537068
50165: 0.537077
50166: 0.537086
50167: 0.537075
50168: 0.537065
50169: 0.537054
50170: 0.537063
50171: 0.537072
50172: 0.537082
50173: 0.537091
50174: 0.53708
50175: 0.53707
50176: 0.537059
50177: 0.537068
50178: 0.537057
50179: 0.537067
50180: 0.537056
50181: 0.537065
50182: 0.537074
50183: 0.537084
50184: 0.537073
50185: 0.537082
50186: 0.537071
50187: 0.537061
50188: 0.53705
50189: 0.537059
50190: 0.537048
50191: 0.537038
50192: 0.537027
50193: 0.537016
50194: 0.537026
50195: 0.537035
50196: 0.537044
50197: 0.537033
50198: 0.537023
50199: 0.537032
50200: 0.537041
50201: 0.53703
50202: 0.53704
50203: 0.537049
50204: 0.537038
50205: 0.537047
50206: 0.537057
50207: 0.537046
50208: 0.537055
50209: 0.537044
50210: 0.537054
50211: 0.537043
50212: 0.537052
50213: 0.537041
50214: 0.537051
50215: 0.53704
50216: 0.537049
50217: 0.537039
50218: 0.537028
50219: 0.537037
50220: 0.537026
50221: 0.537036
50222: 0.537045
50223: 0.537034
50224: 0.537023
50225: 0.537013
50226: 0.537002
50227: 0.537011
50228: 0.53702
50229: 0.53701
50230: 0.536999
50231: 0.536988
50232: 0.536978
50233: 0.536967
50234: 0.536956
50235: 0.536946
50236: 0.536935
50237: 0.536944
50238: 0.536953
50239: 0.536963
50240: 0.536972
50241: 0.536981
50242: 0.53699
50243: 0.53698
50244: 0.536969
50245: 0.536978
50246: 0.536967
50247: 0.536977
50248: 0.536986
50249: 0.536995
50250: 0.536984
50251: 0.536974
50252: 0.536983
50253: 0.536972
50254: 0.536961
50255: 0.536951
50256: 0.53696
50257: 0.536969
50258: 0.536959
50259: 0.536968
50260: 0.536977
50261: 0.536966
50262: 0.536976
50263: 0.536985
50264: 0.536974
50265: 0.536963
50266: 0.536953
50267: 0.536942
50268: 0.536951
50269: 0.53696
50270: 0.53695
50271: 0.536939
50272: 0.536948
50273: 0.536938
50274: 0.536947
50275: 0.536956
50276: 0.536965
50277: 0.536974
50278: 0.536984
50279: 0.536993
50280: 0.536982
50281: 0.536971
50282: 0.536981
50283: 0.53697
50284: 0.536979
50285: 0.536988
50286: 0.536998
50287: 0.536987
50288: 0.536996
50289: 0.537005
50290: 0.536995
50291: 0.536984
50292: 0.536993
50293: 0.537002
50294: 0.537012
50295: 0.537021
50296: 0.53703
50297: 0.537019
50298: 0.537009
50299: 0.536998
50300: 0.536987
50301: 0.536997
50302: 0.536986
50303: 0.536995
50304: 0.536984
50305: 0.536994
50306: 0.537003
50307: 0.536992
50308: 0.536981
50309: 0.536971
50310: 0.53696
50311: 0.536969
50312: 0.536959
50313: 0.536948
50314: 0.536937
50315: 0.536946
50316: 0.536956
50317: 0.536965
50318: 0.536974
50319: 0.536963
50320: 0.536953
50321: 0.536962
50322: 0.536951
50323: 0.53696
50324: 0.53695
50325: 0.536959
50326: 0.536968
50327: 0.536977
50328: 0.536967
50329: 0.536976
50330: 0.536985
50331: 0.536994
50332: 0.537004
50333: 0.536993
50334: 0.537002
50335: 0.536991
50336: 0.536981
50337: 0.53697
50338: 0.536979
50339: 0.536988
50340: 0.536998
50341: 0.537007
50342: 0.536996
50343: 0.537005
50344: 0.536995
50345: 0.537004
50346: 0.536993
50347: 0.537002
50348: 0.537012
50349: 0.537021
50350: 0.53701
50351: 0.537
50352: 0.537009
50353: 0.536998
50354: 0.536987
50355: 0.536977
50356: 0.536966
50357: 0.536955
50358: 0.536945
50359: 0.536954
50360: 0.536963
50361: 0.536952
50362: 0.536962
50363: 0.536971
50364: 0.53696
50365: 0.536969
50366: 0.536959
50367: 0.536968
50368: 0.536957
50369: 0.536947
50370: 0.536936
50371: 0.536945
50372: 0.536934
50373: 0.536924
50374: 0.536913
50375: 0.536922
50376: 0.536912
50377: 0.536921
50378: 0.53693
50379: 0.536939
50380: 0.536948
50381: 0.536958
50382: 0.536947
50383: 0.536956
50384: 0.536965
50385: 0.536955
50386: 0.536944
50387: 0.536933
50388: 0.536943
50389: 0.536952
50390: 0.536961
50391: 0.53695
50392: 0.53694
50393: 0.536929
50394: 0.536938
50395: 0.536947
50396: 0.536937
50397: 0.536946
50398: 0.536955
50399: 0.536964
50400: 0.536973
50401: 0.536983
50402: 0.536992
50403: 0.537001
50404: 0.53699
50405: 0.537
50406: 0.537009
50407: 0.537018
50408: 0.537027
50409: 0.537016
50410: 0.537026
50411: 0.537035
50412: 0.537024
50413: 0.537014
50414: 0.537003
50415: 0.537012
50416: 0.537001
50417: 0.537011
50418: 0.537
50419: 0.536989
50420: 0.536979
50421: 0.536968
50422: 0.536977
50423: 0.536967
50424: 0.536976
50425: 0.536985
50426: 0.536994
50427: 0.537003
50428: 0.536993
50429: 0.536982
50430: 0.536971
50431: 0.53698
50432: 0.53697
50433: 0.536959
50434: 0.536949
50435: 0.536938
50436: 0.536947
50437: 0.536936
50438: 0.536946
50439: 0.536935
50440: 0.536924
50441: 0.536914
50442: 0.536903
50443: 0.536912
50444: 0.536921
50445: 0.536911
50446: 0.5369
50447: 0.536889
50448: 0.536879
50449: 0.536888
50450: 0.536897
50451: 0.536906
50452: 0.536916
50453: 0.536925
50454: 0.536934
50455: 0.536943
50456: 0.536932
50457: 0.536942
50458: 0.536931
50459: 0.53692
50460: 0.53693
50461: 0.536939
50462: 0.536928
50463: 0.536917
50464: 0.536927
50465: 0.536936
50466: 0.536925
50467: 0.536934
50468: 0.536924
50469: 0.536913
50470: 0.536922
50471: 0.536931
50472: 0.536921
50473: 0.53693
50474: 0.536919
50475: 0.536928
50476: 0.536918
50477: 0.536907
50478: 0.536916
50479: 0.536906
50480: 0.536915
50481: 0.536904
50482: 0.536894
50483: 0.536903
50484: 0.536892
50485: 0.536901
50486: 0.536891
50487: 0.5369
50488: 0.536889
50489: 0.536879
50490: 0.536888
50491: 0.536897
50492: 0.536906
50493: 0.536895
50494: 0.536905
50495: 0.536914
50496: 0.536923
50497: 0.536932
50498: 0.536922
50499: 0.536931
50500: 0.53692
50501: 0.536929
50502: 0.536919
50503: 0.536928
50504: 0.536937
50505: 0.536946
50506: 0.536935
50507: 0.536925
50508: 0.536934
50509: 0.536923
50510: 0.536913
50511: 0.536902
50512: 0.536911
50513: 0.53692
50514: 0.53693
50515: 0.536939
50516: 0.536948
50517: 0.536957
50518: 0.536966
50519: 0.536956
50520: 0.536945
50521: 0.536954
50522: 0.536944
50523: 0.536953
50524: 0.536942
50525: 0.536931
50526: 0.536921
50527: 0.53691
50528: 0.5369
50529: 0.536909
50530: 0.536898
50531: 0.536888
50532: 0.536897
50533: 0.536906
50534: 0.536895
50535: 0.536904
50536: 0.536914
50537: 0.536923
50538: 0.536912
50539: 0.536921
50540: 0.53693
50541: 0.53694
50542: 0.536949
50543: 0.536938
50544: 0.536947
50545: 0.536937
50546: 0.536926
50547: 0.536915
50548: 0.536905
50549: 0.536894
50550: 0.536884
50551: 0.536893
50552: 0.536902
50553: 0.536911
50554: 0.53692
50555: 0.536929
50556: 0.536919
50557: 0.536908
50558: 0.536917
50559: 0.536926
50560: 0.536936
50561: 0.536945
50562: 0.536954
50563: 0.536963
50564: 0.536972
50565: 0.536981
50566: 0.536991
50567: 0.537
50568: 0.536989
50569: 0.536978
50570: 0.536968
50571: 0.536957
50572: 0.536966
50573: 0.536976
50574: 0.536985
50575: 0.536974
50576: 0.536963
50577: 0.536953
50578: 0.536942
50579: 0.536951
50580: 0.536941
50581: 0.53693
50582: 0.536939
50583: 0.536929
50584: 0.536938
50585: 0.536947
50586: 0.536956
50587: 0.536965
50588: 0.536955
50589: 0.536944
50590: 0.536953
50591: 0.536962
50592: 0.536952
50593: 0.536941
50594: 0.53695
50595: 0.536959
50596: 0.536969
50597: 0.536958
50598: 0.536947
50599: 0.536957
50600: 0.536946
50601: 0.536935
50602: 0.536925
50603: 0.536914
50604: 0.536923
50605: 0.536913
50606: 0.536922
50607: 0.536931
50608: 0.53694
50609: 0.536929
50610: 0.536919
50611: 0.536928
50612: 0.536937
50613: 0.536946
50614: 0.536936
50615: 0.536945
50616: 0.536934
50617: 0.536943
50618: 0.536953
50619: 0.536942
50620: 0.536951
50621: 0.53696
50622: 0.536969
50623: 0.536979
50624: 0.536988
50625: 0.536997
50626: 0.536986
50627: 0.536995
50628: 0.536985
50629: 0.536994
50630: 0.536983
50631: 0.536992
50632: 0.536982
50633: 0.536971
50634: 0.53698
50635: 0.536989
50636: 0.536999
50637: 0.537008
50638: 0.536997
50639: 0.537006
50640: 0.536996
50641: 0.536985
50642: 0.536994
50643: 0.537003
50644: 0.537013
50645: 0.537002
50646: 0.537011
50647: 0.53702
50648: 0.53701
50649: 0.536999
50650: 0.536988
50651: 0.536998
50652: 0.536987
50653: 0.536976
50654: 0.536985
50655: 0.536995
50656: 0.537004
50657: 0.537013
50658: 0.537022
50659: 0.537031
50660: 0.53704
50661: 0.537049
50662: 0.537039
50663: 0.537028
50664: 0.537018
50665: 0.537027
50666: 0.537036
50667: 0.537025
50668: 0.537015
50669: 0.537024
50670: 0.537033
50671: 0.537042
50672: 0.537032
50673: 0.537041
50674: 0.53705
50675: 0.537059
50676: 0.537048
50677: 0.537058
50678: 0.537067
50679: 0.537076
50680: 0.537085
50681: 0.537094
50682: 0.537103
50683: 0.537093
50684: 0.537102
50685: 0.537091
50686: 0.537081
50687: 0.53709
50688: 0.537079
50689: 0.537088
50690: 0.537078
50691: 0.537067
50692: 0.537076
50693: 0.537085
50694: 0.537094
50695: 0.537084
50696: 0.537073
50697: 0.537063
50698: 0.537052
50699: 0.537061
50700: 0.53707
50701: 0.53706
50702: 0.537049
50703: 0.537058
50704: 0.537067
50705: 0.537076
50706: 0.537066
50707: 0.537075
50708: 0.537084
50709: 0.537074
50710: 0.537083
50711: 0.537092
50712: 0.537101
50713: 0.53709
50714: 0.53708
50715: 0.537069
50716: 0.537059
50717: 0.537048
50718: 0.537057
50719: 0.537066
50720: 0.537075
50721: 0.537084
50722: 0.537094
50723: 0.537083
50724: 0.537092
50725: 0.537082
50726: 0.537091
50727: 0.53708
50728: 0.53707
50729: 0.537059
50730: 0.537048
50731: 0.537057
50732: 0.537047
50733: 0.537056
50734: 0.537045
50735: 0.537055
50736: 0.537044
50737: 0.537033
50738: 0.537023
50739: 0.537032
50740: 0.537041
50741: 0.53705
50742: 0.537059
50743: 0.537049
50744: 0.537038
50745: 0.537047
50746: 0.537056
50747: 0.537066
50748: 0.537075
50749: 0.537084
50750: 0.537073
50751: 0.537082
50752: 0.537091
50753: 0.537101
50754: 0.53711
50755: 0.537119
50756: 0.537108
50757: 0.537117
50758: 0.537107
50759: 0.537096
50760: 0.537086
50761: 0.537075
50762: 0.537084
50763: 0.537074
50764: 0.537063
50765: 0.537072
50766: 0.537061
50767: 0.537051
50768: 0.53704
50769: 0.53703
50770: 0.537039
50771: 0.537028
50772: 0.537018
50773: 0.537007
50774: 0.536997
50775: 0.536986
50776: 0.536975
50777: 0.536985
50778: 0.536994
50779: 0.536983
50780: 0.536972
50781: 0.536982
50782: 0.536991
50783: 0.537
50784: 0.537009
50785: 0.536998
50786: 0.536988
50787: 0.536997
50788: 0.537006
50789: 0.536995
50790: 0.536985
50791: 0.536974
50792: 0.536964
50793: 0.536973
50794: 0.536962
50795: 0.536971
50796: 0.536961
50797: 0.53697
50798: 0.536979
50799: 0.536969
50800: 0.536978
50801: 0.536987
50802: 0.536996
50803: 0.537005
50804: 0.536994
50805: 0.537004
50806: 0.536993
50807: 0.536982
50808: 0.536972
50809: 0.536981
50810: 0.53697
50811: 0.53696
50812: 0.536949
50813: 0.536958
50814: 0.536948
50815: 0.536937
50816: 0.536946
50817: 0.536936
50818: 0.536945
50819: 0.536934
50820: 0.536924
50821: 0.536933
50822: 0.536942
50823: 0.536931
50824: 0.536921
50825: 0.53691
50826: 0.5369
50827: 0.536909
50828: 0.536918
50829: 0.536907
50830: 0.536916
50831: 0.536906
50832: 0.536915
50833: 0.536924
50834: 0.536933
50835: 0.536942
50836: 0.536951
50837: 0.536961
50838: 0.53697
50839: 0.536959
50840: 0.536968
50841: 0.536977
50842: 0.536967
50843: 0.536976
50844: 0.536965
50845: 0.536955
50846: 0.536964
50847: 0.536973
50848: 0.536962
50849: 0.536952
50850: 0.536941
50851: 0.536931
50852: 0.53694
50853: 0.536949
50854: 0.536958
50855: 0.536967
50856: 0.536957
50857: 0.536946
50858: 0.536935
50859: 0.536925
50860: 0.536914
50861: 0.536904
50862: 0.536893
50863: 0.536883
50864: 0.536872
50865: 0.536862
50866: 0.536871
50867: 0.53686
50868: 0.53685
50869: 0.536839
50870: 0.536828
50871: 0.536818
50872: 0.536807
50873: 0.536816
50874: 0.536826
50875: 0.536815
50876: 0.536824
50877: 0.536833
50878: 0.536823
50879: 0.536832
50880: 0.536841
50881: 0.53685
50882: 0.536839
50883: 0.536849
50884: 0.536838
50885: 0.536847
50886: 0.536837
50887: 0.536826
50888: 0.536815
50889: 0.536805
50890: 0.536794
50891: 0.536784
50892: 0.536793
50893: 0.536782
50894: 0.536772
50895: 0.536781
50896: 0.53679
50897: 0.536799
50898: 0.536808
50899: 0.536798
50900: 0.536787
50901: 0.536777
50902: 0.536766
50903: 0.536755
50904: 0.536765
50905: 0.536754
50906: 0.536763
50907: 0.536772
50908: 0.536781
50909: 0.536771
50910: 0.53676
50911: 0.536769
50912: 0.536778
50913: 0.536768
50914: 0.536777
50915: 0.536766
50916: 0.536776
50917: 0.536785
50918: 0.536794
50919: 0.536783
50920: 0.536773
50921: 0.536762
50922: 0.536752
50923: 0.536741
50924: 0.53675
50925: 0.53674
50926: 0.536729
50927: 0.536738
50928: 0.536747
50929: 0.536756
50930: 0.536765
50931: 0.536755
50932: 0.536764
50933: 0.536753
50934: 0.536763
50935: 0.536772
50936: 0.536781
50937: 0.53679
50938: 0.536799
50939: 0.536788
50940: 0.536778
50941: 0.536787
50942: 0.536776
50943: 0.536785
50944: 0.536775
50945: 0.536764
50946: 0.536774
50947: 0.536763
50948: 0.536772
50949: 0.536762
50950: 0.536751
50951: 0.53674
50952: 0.53675
50953: 0.536739
50954: 0.536728
50955: 0.536718
50956: 0.536707
50957: 0.536717
50958: 0.536706
50959: 0.536695
50960: 0.536685
50961: 0.536694
50962: 0.536683
50963: 0.536673
50964: 0.536682
50965: 0.536672
50966: 0.536661
50967: 0.53665
50968: 0.53666
50969: 0.536669
50970: 0.536678
50971: 0.536687
50972: 0.536696
50973: 0.536705
50974: 0.536714
50975: 0.536723
50976: 0.536732
50977: 0.536741
50978: 0.536731
50979: 0.53672
50980: 0.536729
50981: 0.536738
50982: 0.536728
50983: 0.536737
50984: 0.536746
50985: 0.536755
50986: 0.536745
50987: 0.536734
50988: 0.536743
50989: 0.536752
50990: 0.536761
50991: 0.53677
50992: 0.53676
50993: 0.536769
50994: 0.536759
50995: 0.536748
50996: 0.536757
50997: 0.536766
50998: 0.536775
50999: 0.536784
51000: 0.536793
51001: 0.536802
51002: 0.536792
51003: 0.536781
51004: 0.536791
51005: 0.5368
51006: 0.536789
51007: 0.536779
51008: 0.536788
51009: 0.536777
51010: 0.536786
51011: 0.536795
51012: 0.536785
51013: 0.536794
51014: 0.536783
51015: 0.536792
51016: 0.536801
51017: 0.536811
51018: 0.5368
51019: 0.536809
51020: 0.536799
51021: 0.536788
51022: 0.536778
51023: 0.536787
51024: 0.536796
51025: 0.536805
51026: 0.536814
51027: 0.536823
51028: 0.536832
51029: 0.536821
51030: 0.536811
51031: 0.5368
51032: 0.53681
51033: 0.536799
51034: 0.536788
51035: 0.536798
51036: 0.536807
51037: 0.536816
51038: 0.536805
51039: 0.536795
51040: 0.536804
51041: 0.536793
51042: 0.536802
51043: 0.536792
51044: 0.536801
51045: 0.53681
51046: 0.536819
51047: 0.536808
51048: 0.536818
51049: 0.536807
51050: 0.536816
51051: 0.536806
51052: 0.536795
51053: 0.536785
51054: 0.536794
51055: 0.536783
51056: 0.536773
51057: 0.536762
51058: 0.536771
51059: 0.53678
51060: 0.53677
51061: 0.536779
51062: 0.536788
51063: 0.536797
51064: 0.536806
51065: 0.536815
51066: 0.536805
51067: 0.536794
51068: 0.536784
51069: 0.536773
51070: 0.536763
51071: 0.536772
51072: 0.536781
51073: 0.53677
51074: 0.536779
51075: 0.536769
51076: 0.536758
51077: 0.536767
51078: 0.536757
51079: 0.536746
51080: 0.536755
51081: 0.536745
51082: 0.536754
51083: 0.536743
51084: 0.536733
51085: 0.536722
51086: 0.536712
51087: 0.536701
51088: 0.53671
51089: 0.53672
51090: 0.536729
51091: 0.536718
51092: 0.536727
51093: 0.536736
51094: 0.536745
51095: 0.536754
51096: 0.536763
51097: 0.536753
51098: 0.536762
51099: 0.536751
51100: 0.536761
51101: 0.53675
51102: 0.536759
51103: 0.536768
51104: 0.536758
51105: 0.536747
51106: 0.536737
51107: 0.536726
51108: 0.536735
51109: 0.536744
51110: 0.536753
51111: 0.536762
51112: 0.536771
51113: 0.536781
51114: 0.53677
51115: 0.536779
51116: 0.536769
51117: 0.536758
51118: 0.536748
51119: 0.536737
51120: 0.536727
51121: 0.536716
51122: 0.536706
51123: 0.536715
51124: 0.536704
51125: 0.536694
51126: 0.536703
51127: 0.536712
51128: 0.536701
51129: 0.53671
51130: 0.536719
51131: 0.536709
51132: 0.536698
51133: 0.536688
51134: 0.536697
51135: 0.536706
51136: 0.536696
51137: 0.536685
51138: 0.536675
51139: 0.536684
51140: 0.536693
51141: 0.536682
51142: 0.536691
51143: 0.536681
51144: 0.53669
51145: 0.536679
51146: 0.536669
51147: 0.536658
51148: 0.536648
51149: 0.536637
51150: 0.536627
51151: 0.536616
51152: 0.536625
51153: 0.536634
51154: 0.536644
51155: 0.536633
51156: 0.536642
51157: 0.536632
51158: 0.536641
51159: 0.53663
51160: 0.536639
51161: 0.536648
51162: 0.536638
51163: 0.536647
51164: 0.536636
51165: 0.536626
51166: 0.536615
51167: 0.536624
51168: 0.536614
51169: 0.536603
51170: 0.536593
51171: 0.536602
51172: 0.536611
51173: 0.53662
51174: 0.536629
51175: 0.536619
51176: 0.536608
51177: 0.536617
51178: 0.536626
51179: 0.536635
51180: 0.536625
51181: 0.536614
51182: 0.536623
51183: 0.536633
51184: 0.536642
51185: 0.536631
51186: 0.53664
51187: 0.536649
51188: 0.536639
51189: 0.536648
51190: 0.536657
51191: 0.536646
51192: 0.536655
51193: 0.536664
51194: 0.536674
51195: 0.536683
51196: 0.536692
51197: 0.536681
51198: 0.536671
51199: 0.53668
51200: 0.536689
51201: 0.536678
51202: 0.536668
51203: 0.536657
51204: 0.536666
51205: 0.536656
51206: 0.536665
51207: 0.536654
51208: 0.536663
51209: 0.536653
51210: 0.536662
51211: 0.536652
51212: 0.536641
51213: 0.53665
51214: 0.53664
51215: 0.536649
51216: 0.536658
51217: 0.536667
51218: 0.536676
51219: 0.536665
51220: 0.536655
51221: 0.536664
51222: 0.536673
51223: 0.536663
51224: 0.536672
51225: 0.536681
51226: 0.53669
51227: 0.536679
51228: 0.536669
51229: 0.536658
51230: 0.536667
51231: 0.536657
51232: 0.536666
51233: 0.536675
51234: 0.536684
51235: 0.536693
51236: 0.536682
51237: 0.536672
51238: 0.536681
51239: 0.53669
51240: 0.536699
51241: 0.536708
51242: 0.536698
51243: 0.536687
51244: 0.536677
51245: 0.536686
51246: 0.536695
51247: 0.536704
51248: 0.536713
51249: 0.536722
51250: 0.536731
51251: 0.536721
51252: 0.53671
51253: 0.5367
51254: 0.536709
51255: 0.536698
51256: 0.536707
51257: 0.536697
51258: 0.536686
51259: 0.536676
51260: 0.536665
51261: 0.536655
51262: 0.536664
51263: 0.536673
51264: 0.536662
51265: 0.536652
51266: 0.536642
51267: 0.536651
51268: 0.53664
51269: 0.53663
51270: 0.536619
51271: 0.536609
51272: 0.536598
51273: 0.536607
51274: 0.536597
51275: 0.536606
51276: 0.536615
51277: 0.536604
51278: 0.536613
51279: 0.536622
51280: 0.536632
51281: 0.536641
51282: 0.53665
51283: 0.536639
51284: 0.536648
51285: 0.536657
51286: 0.536647
51287: 0.536636
51288: 0.536626
51289: 0.536635
51290: 0.536644
51291: 0.536633
51292: 0.536642
51293: 0.536632
51294: 0.536641
51295: 0.536631
51296: 0.53662
51297: 0.536629
51298: 0.536619
51299: 0.536608
51300: 0.536598
51301: 0.536607
51302: 0.536596
51303: 0.536605
51304: 0.536614
51305: 0.536623
51306: 0.536632
51307: 0.536641
51308: 0.536631
51309: 0.536621
51310: 0.53661
51311: 0.536619
51312: 0.536609
51313: 0.536598
51314: 0.536607
51315: 0.536616
51316: 0.536625
51317: 0.536634
51318: 0.536624
51319: 0.536613
51320: 0.536603
51321: 0.536592
51322: 0.536582
51323: 0.536591
51324: 0.536581
51325: 0.53659
51326: 0.536579
51327: 0.536569
51328: 0.536578
51329: 0.536587
51330: 0.536596
51331: 0.536605
51332: 0.536614
51333: 0.536623
51334: 0.536632
51335: 0.536641
51336: 0.536631
51337: 0.53664
51338: 0.536649
51339: 0.536658
51340: 0.536647
51341: 0.536656
51342: 0.536665
51343: 0.536655
51344: 0.536664
51345: 0.536673
51346: 0.536682
51347: 0.536691
51348: 0.53668
51349: 0.536689
51350: 0.536698
51351: 0.536707
51352: 0.536716
51353: 0.536725
51354: 0.536734
51355: 0.536744
51356: 0.536733
51357: 0.536723
51358: 0.536732
51359: 0.536741
51360: 0.53675
51361: 0.536759
51362: 0.536768
51363: 0.536757
51364: 0.536747
51365: 0.536756
51366: 0.536745
51367: 0.536754
51368: 0.536744
51369: 0.536753
51370: 0.536743
51371: 0.536732
51372: 0.536741
51373: 0.536731
51374: 0.53672
51375: 0.536729
51376: 0.536719
51377: 0.536728
51378: 0.536717
51379: 0.536707
51380: 0.536696
51381: 0.536705
51382: 0.536714
51383: 0.536723
51384: 0.536713
51385: 0.536703
51386: 0.536692
51387: 0.536682
51388: 0.536671
51389: 0.536661
51390: 0.53667
51391: 0.536659
51392: 0.536668
51393: 0.536658
51394: 0.536667
51395: 0.536657
51396: 0.536646
51397: 0.536655
51398: 0.536645
51399: 0.536634
51400: 0.536624
51401: 0.536613
51402: 0.536603
51403: 0.536612
51404: 0.536621
51405: 0.53663
51406: 0.53662
51407: 0.536609
51408: 0.536599
51409: 0.536588
51410: 0.536578
51411: 0.536567
51412: 0.536557
51413: 0.536566
51414: 0.536575
51415: 0.536564
51416: 0.536554
51417: 0.536563
51418: 0.536572
51419: 0.536581
51420: 0.536571
51421: 0.53658
51422: 0.536589
51423: 0.536598
51424: 0.536607
51425: 0.536596
51426: 0.536605
51427: 0.536614
51428: 0.536623
51429: 0.536613
51430: 0.536622
51431: 0.536631
51432: 0.53664
51433: 0.536629
51434: 0.536638
51435: 0.536647
51436: 0.536656
51437: 0.536646
51438: 0.536655
51439: 0.536645
51440: 0.536634
51441: 0.536643
51442: 0.536652
51443: 0.536642
51444: 0.536631
51445: 0.53664
51446: 0.536649
51447: 0.536639
51448: 0.536648
51449: 0.536638
51450: 0.536627
51451: 0.536636
51452: 0.536626
51453: 0.536615
51454: 0.536624
51455: 0.536633
51456: 0.536642
51457: 0.536651
51458: 0.53666
51459: 0.536669
51460: 0.536678
51461: 0.536687
51462: 0.536696
51463: 0.536686
51464: 0.536695
51465: 0.536704
51466: 0.536713
51467: 0.536702
51468: 0.536711
51469: 0.53672
51470: 0.53671
51471: 0.536719
51472: 0.536709
51473: 0.536698
51474: 0.536707
51475: 0.536697
51476: 0.536686
51477: 0.536695
51478: 0.536685
51479: 0.536694
51480: 0.536703
51481: 0.536692
51482: 0.536701
51483: 0.536691
51484: 0.5367
51485: 0.53669
51486: 0.536699
51487: 0.536688
51488: 0.536697
51489: 0.536706
51490: 0.536715
51491: 0.536724
51492: 0.536733
51493: 0.536742
51494: 0.536732
51495: 0.536721
51496: 0.536711
51497: 0.53672
51498: 0.536729
51499: 0.536718
51500: 0.536727
51501: 0.536717
51502: 0.536707
51503: 0.536696
51504: 0.536705
51505: 0.536714
51506: 0.536723
51507: 0.536713
51508: 0.536702
51509: 0.536692
51510: 0.536701
51511: 0.53669
51512: 0.53668
51513: 0.536689
51514: 0.536698
51515: 0.536707
51516: 0.536716
51517: 0.536706
51518: 0.536695
51519: 0.536704
51520: 0.536713
51521: 0.536722
51522: 0.536712
51523: 0.536721
51524: 0.53671
51525: 0.5367
51526: 0.53669
51527: 0.536679
51528: 0.536669
51529: 0.536678
51530: 0.536687
51531: 0.536676
51532: 0.536685
51533: 0.536694
51534: 0.536703
51535: 0.536712
51536: 0.536721
51537: 0.536711
51538: 0.5367
51539: 0.536709
51540: 0.536699
51541: 0.536689
51542: 0.536698
51543: 0.536707
51544: 0.536696
51545: 0.536705
51546: 0.536714
51547: 0.536723
51548: 0.536732
51549: 0.536741
51550: 0.53675
51551: 0.53674
51552: 0.536749
51553: 0.536758
51554: 0.536767
51555: 0.536776
51556: 0.536785
51557: 0.536774
51558: 0.536764
51559: 0.536773
51560: 0.536782
51561: 0.536771
51562: 0.536761
51563: 0.53677
51564: 0.536759
51565: 0.536749
51566: 0.536758
51567: 0.536748
51568: 0.536757
51569: 0.536766
51570: 0.536755
51571: 0.536764
51572: 0.536754
51573: 0.536763
51574: 0.536772
51575: 0.536781
51576: 0.53677
51577: 0.53676
51578: 0.536769
51579: 0.536778
51580: 0.536787
51581: 0.536796
51582: 0.536805
51583: 0.536814
51584: 0.536823
51585: 0.536832
51586: 0.536821
51587: 0.53683
51588: 0.536839
51589: 0.536848
51590: 0.536838
51591: 0.536827
51592: 0.536817
51593: 0.536826
51594: 0.536835
51595: 0.536844
51596: 0.536853
51597: 0.536862
51598: 0.536851
51599: 0.53686
51600: 0.536869
51601: 0.536878
51602: 0.536868
51603: 0.536858
51604: 0.536847
51605: 0.536837
51606: 0.536846
51607: 0.536835
51608: 0.536844
51609: 0.536853
51610: 0.536843
51611: 0.536852
51612: 0.536841
51613: 0.536831
51614: 0.53684
51615: 0.536849
51616: 0.536839
51617: 0.536848
51618: 0.536837
51619: 0.536827
51620: 0.536816
51621: 0.536806
51622: 0.536815
51623: 0.536805
51624: 0.536794
51625: 0.536803
51626: 0.536793
51627: 0.536802
51628: 0.536791
51629: 0.5368
51630: 0.53679
51631: 0.53678
51632: 0.536769
51633: 0.536759
51634: 0.536748
51635: 0.536738
51636: 0.536728
51637: 0.536717
51638: 0.536707
51639: 0.536696
51640: 0.536705
51641: 0.536695
51642: 0.536704
51643: 0.536713
51644: 0.536702
51645: 0.536692
51646: 0.536701
51647: 0.53671
51648: 0.5367
51649: 0.536709
51650: 0.536698
51651: 0.536707
51652: 0.536697
51653: 0.536706
51654: 0.536715
51655: 0.536724
51656: 0.536713
51657: 0.536703
51658: 0.536712
51659: 0.536721
51660: 0.53671
51661: 0.5367
51662: 0.53669
51663: 0.536699
51664: 0.536708
51665: 0.536717
51666: 0.536726
51667: 0.536715
51668: 0.536705
51669: 0.536694
51670: 0.536684
51671: 0.536674
51672: 0.536683
51673: 0.536692
51674: 0.536681
51675: 0.536671
51676: 0.53668
51677: 0.536689
51678: 0.536678
51679: 0.536668
51680: 0.536677
51681: 0.536686
51682: 0.536676
51683: 0.536684
51684: 0.536693
51685: 0.536702
51686: 0.536692
51687: 0.536701
51688: 0.53671
51689: 0.536719
51690: 0.536728
51691: 0.536737
51692: 0.536726
51693: 0.536716
51694: 0.536725
51695: 0.536734
51696: 0.536743
51697: 0.536733
51698: 0.536722
51699: 0.536731
51700: 0.53674
51701: 0.536749
51702: 0.536758
51703: 0.536767
51704: 0.536757
51705: 0.536766
51706: 0.536755
51707: 0.536764
51708: 0.536773
51709: 0.536782
51710: 0.536772
51711: 0.536761
51712: 0.536751
51713: 0.53676
51714: 0.536769
51715: 0.536778
51716: 0.536787
51717: 0.536796
51718: 0.536785
51719: 0.536775
51720: 0.536765
51721: 0.536754
51722: 0.536763
51723: 0.536772
51724: 0.536762
51725: 0.536771
51726: 0.53678
51727: 0.536769
51728: 0.536759
51729: 0.536768
51730: 0.536777
51731: 0.536786
51732: 0.536795
51733: 0.536784
51734: 0.536793
51735: 0.536802
51736: 0.536811
51737: 0.53682
51738: 0.53681
51739: 0.536819
51740: 0.536808
51741: 0.536817
51742: 0.536807
51743: 0.536797
51744: 0.536805
51745: 0.536814
51746: 0.536804
51747: 0.536813
51748: 0.536803
51749: 0.536812
51750: 0.536821
51751: 0.536829
51752: 0.536819
51753: 0.536809
51754: 0.536818
51755: 0.536807
51756: 0.536797
51757: 0.536787
51758: 0.536796
51759: 0.536785
51760: 0.536775
51761: 0.536764
51762: 0.536773
51763: 0.536782
51764: 0.536791
51765: 0.536781
51766: 0.536771
51767: 0.536779
51768: 0.536788
51769: 0.536797
51770: 0.536806
51771: 0.536796
51772: 0.536786
51773: 0.536795
51774: 0.536803
51775: 0.536793
51776: 0.536802
51777: 0.536811
51778: 0.536801
51779: 0.53681
51780: 0.536819
51781: 0.536827
51782: 0.536836
51783: 0.536826
51784: 0.536816
51785: 0.536805
51786: 0.536814
51787: 0.536823
51788: 0.536813
51789: 0.536802
51790: 0.536811
51791: 0.536801
51792: 0.536791
51793: 0.53678
51794: 0.536789
51795: 0.536798
51796: 0.536807
51797: 0.536797
51798: 0.536786
51799: 0.536776
51800: 0.536785
51801: 0.536794
51802: 0.536803
51803: 0.536793
51804: 0.536782
51805: 0.536791
51806: 0.5368
51807: 0.53679
51808: 0.536779
51809: 0.536769
51810: 0.536759
51811: 0.536748
51812: 0.536757
51813: 0.536766
51814: 0.536775
51815: 0.536765
51816: 0.536754
51817: 0.536744
51818: 0.536753
51819: 0.536762
51820: 0.536771
51821: 0.53676
51822: 0.53675
51823: 0.536759
51824: 0.536768
51825: 0.536777
51826: 0.536767
51827: 0.536756
51828: 0.536746
51829: 0.536755
51830: 0.536764
51831: 0.536753
51832: 0.536762
51833: 0.536752
51834: 0.536761
51835: 0.536751
51836: 0.536759
51837: 0.536749
51838: 0.536758
51839: 0.536767
51840: 0.536757
51841: 0.536766
51842: 0.536755
51843: 0.536745
51844: 0.536754
51845: 0.536763
51846: 0.536772
51847: 0.536781
51848: 0.53677
51849: 0.53676
51850: 0.53675
51851: 0.536758
51852: 0.536767
51853: 0.536776
51854: 0.536785
51855: 0.536794
51856: 0.536803
51857: 0.536793
51858: 0.536802
51859: 0.536811
51860: 0.53682
51861: 0.536809
51862: 0.536799
51863: 0.536789
51864: 0.536797
51865: 0.536787
51866: 0.536777
51867: 0.536766
51868: 0.536756
51869: 0.536746
51870: 0.536735
51871: 0.536725
51872: 0.536734
51873: 0.536724
51874: 0.536713
51875: 0.536703
51876: 0.536712
51877: 0.536701
51878: 0.536691
51879: 0.5367
51880: 0.536709
51881: 0.536718
51882: 0.536708
51883: 0.536717
51884: 0.536706
51885: 0.536715
51886: 0.536705
51887: 0.536694
51888: 0.536684
51889: 0.536674
51890: 0.536683
51891: 0.536672
51892: 0.536662
51893: 0.536652
51894: 0.536641
51895: 0.53665
51896: 0.536659
51897: 0.536649
51898: 0.536658
51899: 0.536647
51900: 0.536656
51901: 0.536646
51902: 0.536636
51903: 0.536645
51904: 0.536654
51905: 0.536643
51906: 0.536652
51907: 0.536661
51908: 0.53667
51909: 0.536679
51910: 0.536669
51911: 0.536658
51912: 0.536667
51913: 0.536676
51914: 0.536685
51915: 0.536694
51916: 0.536684
51917: 0.536692
51918: 0.536701
51919: 0.53671
51920: 0.536719
51921: 0.536728
51922: 0.536737
51923: 0.536727
51924: 0.536716
51925: 0.536725
51926: 0.536715
51927: 0.536724
51928: 0.536714
51929: 0.536703
51930: 0.536693
51931: 0.536683
51932: 0.536672
51933: 0.536662
51934: 0.536671
51935: 0.536661
51936: 0.53665
51937: 0.53664
51938: 0.536649
51939: 0.536658
51940: 0.536667
51941: 0.536676
51942: 0.536684
51943: 0.536674
51944: 0.536664
51945: 0.536673
51946: 0.536662
51947: 0.536671
51948: 0.53668
51949: 0.536689
51950: 0.536679
51951: 0.536688
51952: 0.536677
51953: 0.536686
51954: 0.536695
51955: 0.536704
51956: 0.536694
51957: 0.536683
51958: 0.536673
51959: 0.536663
51960: 0.536652
51961: 0.536642
51962: 0.536632
51963: 0.536622
51964: 0.53663
51965: 0.536639
51966: 0.536629
51967: 0.536619
51968: 0.536608
51969: 0.536598
51970: 0.536607
51971: 0.536616
51972: 0.536606
51973: 0.536595
51974: 0.536604
51975: 0.536594
51976: 0.536603
51977: 0.536612
51978: 0.536601
51979: 0.536591
51980: 0.5366
51981: 0.536609
51982: 0.536618
51983: 0.536607
51984: 0.536597
51985: 0.536606
51986: 0.536615
51987: 0.536605
51988: 0.536594
51989: 0.536603
51990: 0.536612
51991: 0.536602
51992: 0.536611
51993: 0.53662
51994: 0.536629
51995: 0.536637
51996: 0.536646
51997: 0.536636
51998: 0.536626
51999: 0.536635
52000: 0.536644
52001: 0.536633
52002: 0.536623
52003: 0.536613
52004: 0.536621
52005: 0.536611
52006: 0.536601
52007: 0.53661
52008: 0.536599
52009: 0.536589
52010: 0.536579
52011: 0.536588
52012: 0.536577
52013: 0.536586
52014: 0.536576
52015: 0.536585
52016: 0.536575
52017: 0.536564
52018: 0.536573
52019: 0.536582
52020: 0.536591
52021: 0.5366
52022: 0.536609
52023: 0.536618
52024: 0.536627
52025: 0.536636
52026: 0.536644
52027: 0.536653
52028: 0.536643
52029: 0.536652
52030: 0.536642
52031: 0.536651
52032: 0.536659
52033: 0.536649
52034: 0.536639
52035: 0.536628
52036: 0.536637
52037: 0.536646
52038: 0.536655
52039: 0.536645
52040: 0.536654
52041: 0.536643
52042: 0.536652
52043: 0.536661
52044: 0.53667
52045: 0.536679
52046: 0.536688
52047: 0.536697
52048: 0.536706
52049: 0.536695
52050: 0.536704
52051: 0.536713
52052: 0.536703
52053: 0.536693
52054: 0.536682
52055: 0.536672
52056: 0.536681
52057: 0.536671
52058: 0.53668
52059: 0.536688
52060: 0.536678
52061: 0.536668
52062: 0.536677
52063: 0.536686
52064: 0.536695
52065: 0.536684
52066: 0.536693
52067: 0.536683
52068: 0.536672
52069: 0.536681
52070: 0.53669
52071: 0.536699
52072: 0.536689
52073: 0.536679
52074: 0.536687
52075: 0.536696
52076: 0.536686
52077: 0.536676
52078: 0.536685
52079: 0.536694
52080: 0.536702
52081: 0.536711
52082: 0.53672
52083: 0.536729
52084: 0.536719
52085: 0.536709
52086: 0.536698
52087: 0.536707
52088: 0.536716
52089: 0.536725
52090: 0.536734
52091: 0.536743
52092: 0.536732
52093: 0.536722
52094: 0.536712
52095: 0.536721
52096: 0.53673
52097: 0.536719
52098: 0.536728
52099: 0.536718
52100: 0.536727
52101: 0.536736
52102: 0.536745
52103: 0.536734
52104: 0.536743
52105: 0.536733
52106: 0.536723
52107: 0.536731
52108: 0.536721
52109: 0.536711
52110: 0.53672
52111: 0.536729
52112: 0.536718
52113: 0.536708
52114: 0.536698
52115: 0.536707
52116: 0.536715
52117: 0.536705
52118: 0.536714
52119: 0.536704
52120: 0.536693
52121: 0.536702
52122: 0.536711
52123: 0.536701
52124: 0.53671
52125: 0.5367
52126: 0.536708
52127: 0.536717
52128: 0.536707
52129: 0.536716
52130: 0.536706
52131: 0.536714
52132: 0.536704
52133: 0.536713
52134: 0.536703
52135: 0.536712
52136: 0.536721
52137: 0.536729
52138: 0.536719
52139: 0.536709
52140: 0.536699
52141: 0.536688
52142: 0.536678
52143: 0.536687
52144: 0.536696
52145: 0.536685
52146: 0.536694
52147: 0.536703
52148: 0.536693
52149: 0.536683
52150: 0.536672
52151: 0.536681
52152: 0.536671
52153: 0.536661
52154: 0.53665
52155: 0.53664
52156: 0.53663
52157: 0.53662
52158: 0.536628
52159: 0.536637
52160: 0.536627
52161: 0.536636
52162: 0.536645
52163: 0.536654
52164: 0.536643
52165: 0.536652
52166: 0.536661
52167: 0.53667
52168: 0.536679
52169: 0.536688
52170: 0.536697
52171: 0.536706
52172: 0.536714
52173: 0.536723
52174: 0.536713
52175: 0.536703
52176: 0.536692
52177: 0.536682
52178: 0.536672
52179: 0.536662
52180: 0.536651
52181: 0.536641
52182: 0.53665
52183: 0.53664
52184: 0.536648
52185: 0.536657
52186: 0.536666
52187: 0.536656
52188: 0.536646
52189: 0.536655
52190: 0.536644
52191: 0.536653
52192: 0.536662
52193: 0.536671
52194: 0.536661
52195: 0.53665
52196: 0.53664
52197: 0.536649
52198: 0.536658
52199: 0.536667
52200: 0.536676
52201: 0.536665
52202: 0.536674
52203: 0.536664
52204: 0.536673
52205: 0.536662
52206: 0.536652
52207: 0.536661
52208: 0.536651
52209: 0.53664
52210: 0.53663
52211: 0.536639
52212: 0.536629
52213: 0.536638
52214: 0.536647
52215: 0.536636
52216: 0.536645
52217: 0.536654
52218: 0.536663
52219: 0.536672
52220: 0.536681
52221: 0.53669
52222: 0.536679
52223: 0.536688
52224: 0.536678
52225: 0.536668
52226: 0.536657
52227: 0.536666
52228: 0.536675
52229: 0.536665
52230: 0.536654
52231: 0.536644
52232: 0.536653
52233: 0.536662
52234: 0.536652
52235: 0.536641
52236: 0.536631
52237: 0.53664
52238: 0.53663
52239: 0.536639
52240: 0.536647
52241: 0.536637
52242: 0.536646
52243: 0.536655
52244: 0.536664
52245: 0.536673
52246: 0.536662
52247: 0.536671
52248: 0.53668
52249: 0.536689
52250: 0.536679
52251: 0.536688
52252: 0.536696
52253: 0.536686
52254: 0.536676
52255: 0.536685
52256: 0.536694
52257: 0.536683
52258: 0.536673
52259: 0.536682
52260: 0.536691
52261: 0.536681
52262: 0.53667
52263: 0.53666
52264: 0.536669
52265: 0.536678
52266: 0.536687
52267: 0.536676
52268: 0.536685
52269: 0.536694
52270: 0.536703
52271: 0.536693
52272: 0.536682
52273: 0.536672
52274: 0.536662
52275: 0.536671
52276: 0.53666
52277: 0.536669
52278: 0.536678
52279: 0.536668
52280: 0.536658
52281: 0.536647
52282: 0.536656
52283: 0.536665
52284: 0.536674
52285: 0.536683
52286: 0.536692
52287: 0.536681
52288: 0.536671
52289: 0.536661
52290: 0.536651
52291: 0.53664
52292: 0.53663
52293: 0.53662
52294: 0.53661
52295: 0.536618
52296: 0.536627
52297: 0.536617
52298: 0.536626
52299: 0.536616
52300: 0.536625
52301: 0.536633
52302: 0.536642
52303: 0.536632
52304: 0.536641
52305: 0.53665
52306: 0.536659
52307: 0.536667
52308: 0.536676
52309: 0.536666
52310: 0.536675
52311: 0.536684
52312: 0.536673
52313: 0.536682
52314: 0.536691
52315: 0.536681
52316: 0.536671
52317: 0.53668
52318: 0.536669
52319: 0.536678
52320: 0.536668
52321: 0.536677
52322: 0.536666
52323: 0.536675
52324: 0.536684
52325: 0.536693
52326: 0.536702
52327: 0.536711
52328: 0.5367
52329: 0.536709
52330: 0.536718
52331: 0.536727
52332: 0.536736
52333: 0.536726
52334: 0.536715
52335: 0.536724
52336: 0.536714
52337: 0.536723
52338: 0.536713
52339: 0.536721
52340: 0.53673
52341: 0.536739
52342: 0.536748
52343: 0.536757
52344: 0.536766
52345: 0.536775
52346: 0.536783
52347: 0.536792
52348: 0.536801
52349: 0.53681
52350: 0.5368
52351: 0.536809
52352: 0.536798
52353: 0.536807
52354: 0.536816
52355: 0.536825
52356: 0.536815
52357: 0.536804
52358: 0.536813
52359: 0.536822
52360: 0.536812
52361: 0.536801
52362: 0.536791
52363: 0.536781
52364: 0.53679
52365: 0.53678
52366: 0.536788
52367: 0.536797
52368: 0.536806
52369: 0.536815
52370: 0.536824
52371: 0.536833
52372: 0.536842
52373: 0.536831
52374: 0.536821
52375: 0.53683
52376: 0.536839
52377: 0.536848
52378: 0.536856
52379: 0.536865
52380: 0.536874
52381: 0.536864
52382: 0.536873
52383: 0.536881
52384: 0.536871
52385: 0.53688
52386: 0.536889
52387: 0.536898
52388: 0.536907
52389: 0.536896
52390: 0.536905
52391: 0.536914
52392: 0.536904
52393: 0.536913
52394: 0.536921
52395: 0.53693
52396: 0.536939
52397: 0.536929
52398: 0.536938
52399: 0.536927
52400: 0.536917
52401: 0.536926
52402: 0.536935
52403: 0.536925
52404: 0.536933
52405: 0.536942
52406: 0.536932
52407: 0.536941
52408: 0.53695
52409: 0.536959
52410: 0.536948
52411: 0.536938
52412: 0.536928
52413: 0.536937
52414: 0.536946
52415: 0.536954
52416: 0.536944
52417: 0.536934
52418: 0.536943
52419: 0.536932
52420: 0.536922
52421: 0.536912
52422: 0.536921
52423: 0.536911
52424: 0.5369
52425: 0.53689
52426: 0.536899
52427: 0.536889
52428: 0.536878
52429: 0.536887
52430: 0.536896
52431: 0.536905
52432: 0.536914
52433: 0.536923
52434: 0.536931
52435: 0.53694
52436: 0.536949
52437: 0.536958
52438: 0.536967
52439: 0.536976
52440: 0.536984
52441: 0.536993
52442: 0.536983
52443: 0.536992
52444: 0.536982
52445: 0.53699
52446: 0.536999
52447: 0.537008
52448: 0.536998
52449: 0.537007
52450: 0.537016
52451: 0.537024
52452: 0.537014
52453: 0.537023
52454: 0.537013
52455: 0.537002
52456: 0.536992
52457: 0.537001
52458: 0.536991
52459: 0.537
52460: 0.537008
52461: 0.536998
52462: 0.536988
52463: 0.536997
52464: 0.537006
52465: 0.536995
52466: 0.536985
52467: 0.536994
52468: 0.537003
52469: 0.536993
52470: 0.536982
52471: 0.536972
52472: 0.536962
52473: 0.536971
52474: 0.53698
52475: 0.536969
52476: 0.536959
52477: 0.536949
52478: 0.536958
52479: 0.536966
52480: 0.536956
52481: 0.536946
52482: 0.536936
52483: 0.536945
52484: 0.536934
52485: 0.536943
52486: 0.536933
52487: 0.536923
52488: 0.536932
52489: 0.536921
52490: 0.536911
52491: 0.53692
52492: 0.53691
52493: 0.536899
52494: 0.536908
52495: 0.536917
52496: 0.536926
52497: 0.536935
52498: 0.536944
52499: 0.536933
52500: 0.536923
52501: 0.536913
52502: 0.536903
52503: 0.536892
52504: 0.536882
52505: 0.536872
52506: 0.536881
52507: 0.53689
52508: 0.536898
52509: 0.536907
52510: 0.536897
52511: 0.536887
52512: 0.536877
52513: 0.536866
52514: 0.536875
52515: 0.536884
52516: 0.536893
52517: 0.536902
52518: 0.53691
52519: 0.5369
52520: 0.53689
52521: 0.536899
52522: 0.536908
52523: 0.536916
52524: 0.536906
52525: 0.536915
52526: 0.536924
52527: 0.536933
52528: 0.536941
52529: 0.53695
52530: 0.536959
52531: 0.536968
52532: 0.536958
52533: 0.536967
52534: 0.536956
52535: 0.536965
52536: 0.536974
52537: 0.536964
52538: 0.536973
52539: 0.536962
52540: 0.536952
52541: 0.536961
52542: 0.536951
52543: 0.53696
52544: 0.536968
52545: 0.536958
52546: 0.536948
52547: 0.536938
52548: 0.536927
52549: 0.536936
52550: 0.536945
52551: 0.536954
52552: 0.536963
52553: 0.536952
52554: 0.536961
52555: 0.53697
52556: 0.53696
52557: 0.53695
52558: 0.536958
52559: 0.536967
52560: 0.536957
52561: 0.536966
52562: 0.536956
52563: 0.536964
52564: 0.536954
52565: 0.536963
52566: 0.536972
52567: 0.536962
52568: 0.536951
52569: 0.536941
52570: 0.53695
52571: 0.53694
52572: 0.53693
52573: 0.536938
52574: 0.536928
52575: 0.536918
52576: 0.536908
52577: 0.536917
52578: 0.536925
52579: 0.536934
52580: 0.536924
52581: 0.536933
52582: 0.536942
52583: 0.536931
52584: 0.536921
52585: 0.53693
52586: 0.53692
52587: 0.53691
52588: 0.536918
52589: 0.536927
52590: 0.536917
52591: 0.536907
52592: 0.536897
52593: 0.536905
52594: 0.536914
52595: 0.536923
52596: 0.536932
52597: 0.536941
52598: 0.53693
52599: 0.53692
52600: 0.53691
52601: 0.5369
52602: 0.53689
52603: 0.536879
52604: 0.536888
52605: 0.536897
52606: 0.536887
52607: 0.536877
52608: 0.536866
52609: 0.536856
52610: 0.536865
52611: 0.536855
52612: 0.536845
52613: 0.536853
52614: 0.536862
52615: 0.536871
52616: 0.53688
52617: 0.53687
52618: 0.536878
52619: 0.536868
52620: 0.536858
52621: 0.536867
52622: 0.536876
52623: 0.536884
52624: 0.536893
52625: 0.536902
52626: 0.536892
52627: 0.536882
52628: 0.536871
52629: 0.536861
52630: 0.536851
52631: 0.536841
52632: 0.53685
52633: 0.536839
52634: 0.536829
52635: 0.536819
52636: 0.536828
52637: 0.536818
52638: 0.536826
52639: 0.536835
52640: 0.536825
52641: 0.536834
52642: 0.536824
52643: 0.536832
52644: 0.536841
52645: 0.536831
52646: 0.536821
52647: 0.53683
52648: 0.536819
52649: 0.536828
52650: 0.536818
52651: 0.536827
52652: 0.536836
52653: 0.536844
52654: 0.536853
52655: 0.536843
52656: 0.536833
52657: 0.536823
52658: 0.536831
52659: 0.53684
52660: 0.536849
52661: 0.536858
52662: 0.536866
52663: 0.536875
52664: 0.536884
52665: 0.536893
52666: 0.536902
52667: 0.53691
52668: 0.5369
52669: 0.53689
52670: 0.536899
52671: 0.536889
52672: 0.536897
52673: 0.536887
52674: 0.536896
52675: 0.536905
52676: 0.536895
52677: 0.536884
52678: 0.536893
52679: 0.536902
52680: 0.536911
52681: 0.536901
52682: 0.536909
52683: 0.536918
52684: 0.536927
52685: 0.536936
52686: 0.536926
52687: 0.536915
52688: 0.536924
52689: 0.536933
52690: 0.536942
52691: 0.536932
52692: 0.536921
52693: 0.536911
52694: 0.53692
52695: 0.53691
52696: 0.5369
52697: 0.536908
52698: 0.536898
52699: 0.536888
52700: 0.536878
52701: 0.536887
52702: 0.536895
52703: 0.536904
52704: 0.536894
52705: 0.536903
52706: 0.536912
52707: 0.53692
52708: 0.536929
52709: 0.536938
52710: 0.536947
52711: 0.536956
52712: 0.536964
52713: 0.536973
52714: 0.536982
52715: 0.536972
52716: 0.536962
52717: 0.53697
52718: 0.536979
52719: 0.536988
52720: 0.536997
52721: 0.537005
52722: 0.537014
52723: 0.537023
52724: 0.537013
52725: 0.537022
52726: 0.53703
52727: 0.53702
52728: 0.53701
52729: 0.537019
52730: 0.537009
52731: 0.537017
52732: 0.537026
52733: 0.537035
52734: 0.537044
52735: 0.537052
52736: 0.537061
52737: 0.537051
52738: 0.53706
52739: 0.537069
52740: 0.537077
52741: 0.537086
52742: 0.537076
52743: 0.537085
52744: 0.537075
52745: 0.537083
52746: 0.537092
52747: 0.537101
52748: 0.537091
52749: 0.5371
52750: 0.537108
52751: 0.537098
52752: 0.537088
52753: 0.537078
52754: 0.537068
52755: 0.537076
52756: 0.537085
52757: 0.537075
52758: 0.537084
52759: 0.537092
52760: 0.537101
52761: 0.53711
52762: 0.5371
52763: 0.53709
52764: 0.537098
52765: 0.537088
52766: 0.537097
52767: 0.537087
52768: 0.537096
52769: 0.537085
52770: 0.537094
52771: 0.537103
52772: 0.537093
52773: 0.537083
52774: 0.537072
52775: 0.537081
52776: 0.53709
52777: 0.53708
52778: 0.537089
52779: 0.537078
52780: 0.537068
52781: 0.537058
52782: 0.537067
52783: 0.537057
52784: 0.537065
52785: 0.537074
52786: 0.537083
52787: 0.537092
52788: 0.537101
52789: 0.537109
52790: 0.537118
52791: 0.537108
52792: 0.537098
52793: 0.537106
52794: 0.537115
52795: 0.537124
52796: 0.537133
52797: 0.537142
52798: 0.53715
52799: 0.53714
52800: 0.53713
52801: 0.53712
52802: 0.53711
52803: 0.537099
52804: 0.537089
52805: 0.537098
52806: 0.537088
52807: 0.537078
52808: 0.537086
52809: 0.537095
52810: 0.537085
52811: 0.537075
52812: 0.537065
52813: 0.537074
52814: 0.537063
52815: 0.537072
52816: 0.537062
52817: 0.537071
52818: 0.537061
52819: 0.53705
52820: 0.537059
52821: 0.537049
52822: 0.537058
52823: 0.537066
52824: 0.537075
52825: 0.537065
52826: 0.537074
52827: 0.537064
52828: 0.537054
52829: 0.537062
52830: 0.537052
52831: 0.537061
52832: 0.537051
52833: 0.537041
52834: 0.53703
52835: 0.537039
52836: 0.537029
52837: 0.537038
52838: 0.537028
52839: 0.537017
52840: 0.537007
52841: 0.536997
52842: 0.536987
52843: 0.536977
52844: 0.536986
52845: 0.536975
52846: 0.536965
52847: 0.536974
52848: 0.536983
52849: 0.536973
52850: 0.536962
52851: 0.536971
52852: 0.536961
52853: 0.536951
52854: 0.53696
52855: 0.536949
52856: 0.536958
52857: 0.536948
52858: 0.536957
52859: 0.536966
52860: 0.536955
52861: 0.536945
52862: 0.536954
52863: 0.536963
52864: 0.536972
52865: 0.536961
52866: 0.53697
52867: 0.53696
52868: 0.536969
52869: 0.536959
52870: 0.536948
52871: 0.536957
52872: 0.536966
52873: 0.536975
52874: 0.536983
52875: 0.536992
52876: 0.537001
52877: 0.53701
52878: 0.537
52879: 0.536989
52880: 0.536979
52881: 0.536969
52882: 0.536978
52883: 0.536987
52884: 0.536995
52885: 0.536985
52886: 0.536975
52887: 0.536984
52888: 0.536993
52889: 0.537001
52890: 0.53701
52891: 0.537
52892: 0.53699
52893: 0.536999
52894: 0.537007
52895: 0.537016
52896: 0.537025
52897: 0.537015
52898: 0.537004
52899: 0.537013
52900: 0.537022
52901: 0.537031
52902: 0.537021
52903: 0.53701
52904: 0.537
52905: 0.53699
52906: 0.536999
52907: 0.536989
52908: 0.536979
52909: 0.536968
52910: 0.536977
52911: 0.536967
52912: 0.536957
52913: 0.536966
52914: 0.536955
52915: 0.536964
52916: 0.536954
52917: 0.536944
52918: 0.536934
52919: 0.536924
52920: 0.536914
52921: 0.536922
52922: 0.536912
52923: 0.536921
52924: 0.536911
52925: 0.536901
52926: 0.536909
52927: 0.536918
52928: 0.536908
52929: 0.536898
52930: 0.536888
52931: 0.536878
52932: 0.536886
52933: 0.536876
52934: 0.536866
52935: 0.536875
52936: 0.536883
52937: 0.536892
52938: 0.536882
52939: 0.536891
52940: 0.536881
52941: 0.536871
52942: 0.53686
52943: 0.53685
52944: 0.536859
52945: 0.536868
52946: 0.536858
52947: 0.536866
52948: 0.536875
52949: 0.536884
52950: 0.536893
52951: 0.536882
52952: 0.536891
52953: 0.536881
52954: 0.536871
52955: 0.53688
52956: 0.536888
52957: 0.536897
52958: 0.536906
52959: 0.536915
52960: 0.536923
52961: 0.536932
52962: 0.536922
52963: 0.536912
52964: 0.536921
52965: 0.53691
52966: 0.5369
52967: 0.536909
52968: 0.536899
52969: 0.536889
52970: 0.536898
52971: 0.536887
52972: 0.536877
52973: 0.536886
52974: 0.536876
52975: 0.536866
52976: 0.536874
52977: 0.536883
52978: 0.536873
52979: 0.536882
52980: 0.536891
52981: 0.53688
52982: 0.536889
52983: 0.536898
52984: 0.536888
52985: 0.536878
52986: 0.536886
52987: 0.536876
52988: 0.536866
52989: 0.536875
52990: 0.536865
52991: 0.536855
52992: 0.536844
52993: 0.536853
52994: 0.536862
52995: 0.536871
52996: 0.536879
52997: 0.536869
52998: 0.536878
52999: 0.536868
53000: 0.536877
53001: 0.536885
53002: 0.536894
53003: 0.536903
53004: 0.536912
53005: 0.53692
53006: 0.536929
53007: 0.536938
53008: 0.536928
53009: 0.536936
53010: 0.536945
53011: 0.536954
53012: 0.536944
53013: 0.536934
53014: 0.536924
53015: 0.536913
53016: 0.536903
53017: 0.536912
53018: 0.536902
53019: 0.536892
53020: 0.5369
53021: 0.53689
53022: 0.53688
53023: 0.536889
53024: 0.536879
53025: 0.536869
53026: 0.536877
53027: 0.536867
53028: 0.536876
53029: 0.536885
53030: 0.536875
53031: 0.536865
53032: 0.536854
53033: 0.536844
53034: 0.536853
53035: 0.536843
53036: 0.536833
53037: 0.536842
53038: 0.53685
53039: 0.53684
53040: 0.536849
53041: 0.536839
53042: 0.536847
53043: 0.536837
53044: 0.536846
53045: 0.536836
53046: 0.536826
53047: 0.536835
53048: 0.536843
53049: 0.536852
53050: 0.536842
53051: 0.536832
53052: 0.536841
53053: 0.536849
53054: 0.536858
53055: 0.536848
53056: 0.536857
53057: 0.536865
53058: 0.536855
53059: 0.536864
53060: 0.536873
53061: 0.536881
53062: 0.53689
53063: 0.53688
53064: 0.53687
53065: 0.536879
53066: 0.536868
53067: 0.536858
53068: 0.536867
53069: 0.536876
53070: 0.536866
53071: 0.536874
53072: 0.536864
53073: 0.536873
53074: 0.536882
53075: 0.53689
53076: 0.536899
53077: 0.536908
53078: 0.536917
53079: 0.536925
53080: 0.536934
53081: 0.536943
53082: 0.536933
53083: 0.536941
53084: 0.53695
53085: 0.536959
53086: 0.536968
53087: 0.536976
53088: 0.536966
53089: 0.536975
53090: 0.536965
53091: 0.536974
53092: 0.536963
53093: 0.536953
53094: 0.536962
53095: 0.536952
53096: 0.536961
53097: 0.536969
53098: 0.536978
53099: 0.536968
53100: 0.536977
53101: 0.536985
53102: 0.536975
53103: 0.536965
53104: 0.536974
53105: 0.536964
53106: 0.536973
53107: 0.536981
53108: 0.536971
53109: 0.53698
53110: 0.536989
53111: 0.536997
53112: 0.536987
53113: 0.536996
53114: 0.537005
53115: 0.536995
53116: 0.537003
53117: 0.537012
53118: 0.537021
53119: 0.537029
53120: 0.537038
53121: 0.537047
53122: 0.537037
53123: 0.537045
53124: 0.537054
53125: 0.537044
53126: 0.537053
53127: 0.537061
53128: 0.53707
53129: 0.537079
53130: 0.537088
53131: 0.537096
53132: 0.537086
53133: 0.537095
53134: 0.537104
53135: 0.537093
53136: 0.537083
53137: 0.537073
53138: 0.537063
53139: 0.537072
53140: 0.537062
53141: 0.53707
53142: 0.53706
53143: 0.53705
53144: 0.53704
53145: 0.53703
53146: 0.537039
53147: 0.537029
53148: 0.537037
53149: 0.537046
53150: 0.537036
53151: 0.537045
53152: 0.537035
53153: 0.537043
53154: 0.537052
53155: 0.537061
53156: 0.537069
53157: 0.537059
53158: 0.537068
53159: 0.537058
53160: 0.537048
53161: 0.537057
53162: 0.537046
53163: 0.537036
53164: 0.537045
53165: 0.537054
53166: 0.537044
53167: 0.537052
53168: 0.537061
53169: 0.53707
53170: 0.537078
53171: 0.537068
53172: 0.537077
53173: 0.537067
53174: 0.537076
53175: 0.537066
53176: 0.537055
53177: 0.537064
53178: 0.537054
53179: 0.537044
53180: 0.537034
53181: 0.537043
53182: 0.537051
53183: 0.53706
53184: 0.53705
53185: 0.537059
53186: 0.537067
53187: 0.537076
53188: 0.537085
53189: 0.537093
53190: 0.537102
53191: 0.537111
53192: 0.537101
53193: 0.537109
53194: 0.537099
53195: 0.537089
53196: 0.537079
53197: 0.537088
53198: 0.537078
53199: 0.537086
53200: 0.537076
53201: 0.537066
53202: 0.537075
53203: 0.537084
53204: 0.537074
53205: 0.537082
53206: 0.537072
53207: 0.537062
53208: 0.537071
53209: 0.537061
53210: 0.537051
53211: 0.537041
53212: 0.53703
53213: 0.53702
53214: 0.53701
53215: 0.537
53216: 0.53699
53217: 0.536999
53218: 0.536989
53219: 0.536997
53220: 0.536987
53221: 0.536977
53222: 0.536967
53223: 0.536976
53224: 0.536966
53225: 0.536974
53226: 0.536964
53227: 0.536954
53228: 0.536944
53229: 0.536934
53230: 0.536924
53231: 0.536914
53232: 0.536923
53233: 0.536931
53234: 0.536921
53235: 0.536911
53236: 0.53692
53237: 0.536929
53238: 0.536937
53239: 0.536946
53240: 0.536936
53241: 0.536945
53242: 0.536953
53243: 0.536962
53244: 0.536971
53245: 0.536979
53246: 0.536988
53247: 0.536978
53248: 0.536968
53249: 0.536977
53250: 0.536985
53251: 0.536975
53252: 0.536965
53253: 0.536955
53254: 0.536945
53255: 0.536954
53256: 0.536962
53257: 0.536971
53258: 0.53698
53259: 0.536988
53260: 0.536997
53261: 0.536987
53262: 0.536977
53263: 0.536986
53264: 0.536975
53265: 0.536984
53266: 0.536974
53267: 0.536964
53268: 0.536954
53269: 0.536963
53270: 0.536971
53271: 0.53698
53272: 0.53697
53273: 0.536979
53274: 0.536987
53275: 0.536977
53276: 0.536967
53277: 0.536957
53278: 0.536947
53279: 0.536956
53280: 0.536946
53281: 0.536954
53282: 0.536944
53283: 0.536953
53284: 0.536943
53285: 0.536933
53286: 0.536923
53287: 0.536913
53288: 0.536903
53289: 0.536892
53290: 0.536901
53291: 0.536891
53292: 0.536881
53293: 0.536871
53294: 0.536861
53295: 0.536851
53296: 0.536859
53297: 0.536849
53298: 0.536839
53299: 0.536848
53300: 0.536857
53301: 0.536865
53302: 0.536874
53303: 0.536883
53304: 0.536891
53305: 0.536881
53306: 0.536871
53307: 0.536861
53308: 0.53687
53309: 0.53686
53310: 0.53685
53311: 0.53684
53312: 0.536848
53313: 0.536857
53314: 0.536847
53315: 0.536856
53316: 0.536864
53317: 0.536873
53318: 0.536882
53319: 0.536872
53320: 0.536862
53321: 0.536852
53322: 0.53686
53323: 0.53685
53324: 0.536859
53325: 0.536849
53326: 0.536858
53327: 0.536866
53328: 0.536875
53329: 0.536884
53330: 0.536892
53331: 0.536882
53332: 0.536891
53333: 0.5369
53334: 0.536889
53335: 0.536898
53336: 0.536907
53337: 0.536897
53338: 0.536905
53339: 0.536895
53340: 0.536885
53341: 0.536894
53342: 0.536884
53343: 0.536893
53344: 0.536901
53345: 0.536891
53346: 0.536881
53347: 0.53689
53348: 0.53688
53349: 0.53687
53350: 0.53686
53351: 0.536868
53352: 0.536877
53353: 0.536886
53354: 0.536894
53355: 0.536884
53356: 0.536893
53357: 0.536902
53358: 0.536892
53359: 0.5369
53360: 0.536909
53361: 0.536918
53362: 0.536908
53363: 0.536916
53364: 0.536906
53365: 0.536915
53366: 0.536924
53367: 0.536932
53368: 0.536941
53369: 0.53695
53370: 0.53694
53371: 0.536929
53372: 0.536938
53373: 0.536928
53374: 0.536937
53375: 0.536945
53376: 0.536954
53377: 0.536963
53378: 0.536971
53379: 0.53698
53380: 0.536989
53381: 0.536997
53382: 0.537006
53383: 0.537015
53384: 0.537005
53385: 0.536995
53386: 0.537003
53387: 0.537012
53388: 0.537002
53389: 0.537011
53390: 0.537001
53391: 0.537009
53392: 0.536999
53393: 0.537008
53394: 0.536998
53395: 0.536988
53396: 0.536978
53397: 0.536986
53398: 0.536976
53399: 0.536985
53400: 0.536975
53401: 0.536965
53402: 0.536974
53403: 0.536982
53404: 0.536991
53405: 0.537
53406: 0.537008
53407: 0.536998
53408: 0.537007
53409: 0.536997
53410: 0.537005
53411: 0.537014
53412: 0.537004
53413: 0.537013
53414: 0.537021
53415: 0.537011
53416: 0.537001
53417: 0.536991
53418: 0.537
53419: 0.537009
53420: 0.537017
53421: 0.537026
53422: 0.537035
53423: 0.537043
53424: 0.537052
53425: 0.537042
53426: 0.537051
53427: 0.537041
53428: 0.537049
53429: 0.537058
53430: 0.537048
53431: 0.537038
53432: 0.537046
53433: 0.537055
53434: 0.537064
53435: 0.537054
53436: 0.537062
53437: 0.537052
53438: 0.537042
53439: 0.537051
53440: 0.53706
53441: 0.53705
53442: 0.537039
53443: 0.537048
53444: 0.537057
53445: 0.537047
53446: 0.537037
53447: 0.537027
53448: 0.537017
53449: 0.537007
53450: 0.537015
53451: 0.537005
53452: 0.537014
53453: 0.537022
53454: 0.537031
53455: 0.53704
53456: 0.537048
53457: 0.537057
53458: 0.537066
53459: 0.537074
53460: 0.537083
53461: 0.537073
53462: 0.537063
53463: 0.537053
53464: 0.537043
53465: 0.537033
53466: 0.537023
53467: 0.537013
53468: 0.537021
53469: 0.537011
53470: 0.537001
53471: 0.53701
53472: 0.537
53473: 0.537009
53474: 0.537017
53475: 0.537026
53476: 0.537016
53477: 0.537006
53478: 0.536996
53479: 0.537004
53480: 0.536994
53481: 0.536984
53482: 0.536993
53483: 0.537002
53484: 0.53701
53485: 0.537019
53486: 0.537009
53487: 0.537018
53488: 0.537008
53489: 0.536998
53490: 0.537006
53491: 0.536996
53492: 0.536986
53493: 0.536995
53494: 0.537003
53495: 0.536993
53496: 0.537002
53497: 0.536992
53498: 0.536982
53499: 0.536991
53500: 0.536999
53501: 0.537008
53502: 0.537017
53503: 0.537007
53504: 0.536997
53505: 0.536987
53506: 0.536995
53507: 0.537004
53508: 0.536994
53509: 0.537002
53510: 0.537011
53511: 0.537001
53512: 0.536991
53513: 0.536981
53514: 0.536971
53515: 0.53698
53516: 0.536988
53517: 0.536997
53518: 0.536987
53519: 0.536977
53520: 0.536985
53521: 0.536994
53522: 0.537003
53523: 0.536993
53524: 0.537001
53525: 0.53701
53526: 0.537
53527: 0.53699
53528: 0.536999
53529: 0.536989
53530: 0.536979
53531: 0.536969
53532: 0.536959
53533: 0.536967
53534: 0.536957
53535: 0.536966
53536: 0.536974
53537: 0.536964
53538: 0.536973
53539: 0.536982
53540: 0.536972
53541: 0.53698
53542: 0.536989
53543: 0.536979
53544: 0.536969
53545: 0.536978
53546: 0.536986
53547: 0.536976
53548: 0.536966
53549: 0.536956
53550: 0.536965
53551: 0.536955
53552: 0.536945
53553: 0.536935
53554: 0.536925
53555: 0.536933
53556: 0.536942
53557: 0.536951
53558: 0.536941
53559: 0.536949
53560: 0.536958
53561: 0.536948
53562: 0.536938
53563: 0.536928
53564: 0.536918
53565: 0.536926
53566: 0.536935
53567: 0.536925
53568: 0.536934
53569: 0.536924
53570: 0.536914
53571: 0.536904
53572: 0.536912
53573: 0.536921
53574: 0.53693
53575: 0.53692
53576: 0.536928
53577: 0.536937
53578: 0.536927
53579: 0.536917
53580: 0.536907
53581: 0.536897
53582: 0.536905
53583: 0.536895
53584: 0.536904
53585: 0.536894
53586: 0.536903
53587: 0.536911
53588: 0.53692
53589: 0.536929
53590: 0.536937
53591: 0.536946
53592: 0.536954
53593: 0.536963
53594: 0.536953
53595: 0.536943
53596: 0.536952
53597: 0.536942
53598: 0.53695
53599: 0.536959
53600: 0.536968
53601: 0.536976
53602: 0.536985
53603: 0.536994
53604: 0.537002
53605: 0.537011
53606: 0.537019
53607: 0.537009
53608: 0.537018
53609: 0.537008
53610: 0.537017
53611: 0.537007
53612: 0.536997
53613: 0.537005
53614: 0.536995
53615: 0.537004
53616: 0.536994
53617: 0.536984
53618: 0.536974
53619: 0.536964
53620: 0.536972
53621: 0.536962
53622: 0.536952
53623: 0.536961
53624: 0.53697
53625: 0.536978
53626: 0.536987
53627: 0.536996
53628: 0.537004
53629: 0.536994
53630: 0.536984
53631: 0.536993
53632: 0.536983
53633: 0.536991
53634: 0.537
53635: 0.537009
53636: 0.536999
53637: 0.536989
53638: 0.536979
53639: 0.536987
53640: 0.536977
53641: 0.536986
53642: 0.536976
53643: 0.536966
53644: 0.536956
53645: 0.536946
53646: 0.536955
53647: 0.536963
53648: 0.536972
53649: 0.536962
53650: 0.536952
53651: 0.536942
53652: 0.536932
53653: 0.53694
53654: 0.536949
53655: 0.536958
53656: 0.536966
53657: 0.536975
53658: 0.536984
53659: 0.536992
53660: 0.537001
53661: 0.536991
53662: 0.536981
53663: 0.536989
53664: 0.536979
53665: 0.536969
53666: 0.536978
53667: 0.536968
53668: 0.536958
53669: 0.536967
53670: 0.536975
53671: 0.536984
53672: 0.536993
53673: 0.537001
53674: 0.53701
53675: 0.537018
53676: 0.537008
53677: 0.537017
53678: 0.537026
53679: 0.537016
53680: 0.537024
53681: 0.537033
53682: 0.537042
53683: 0.53705
53684: 0.537059
53685: 0.537067
53686: 0.537057
53687: 0.537066
53688: 0.537075
53689: 0.537083
53690: 0.537073
53691: 0.537082
53692: 0.537072
53693: 0.537062
53694: 0.537052
53695: 0.537042
53696: 0.537032
53697: 0.53704
53698: 0.537049
53699: 0.537039
53700: 0.537029
53701: 0.537038
53702: 0.537046
53703: 0.537036
53704: 0.537045
53705: 0.537054
53706: 0.537062
53707: 0.537071
53708: 0.537079
53709: 0.537088
53710: 0.537078
53711: 0.537087
53712: 0.537077
53713: 0.537067
53714: 0.537075
53715: 0.537065
53716: 0.537055
53717: 0.537064
53718: 0.537073
53719: 0.537081
53720: 0.537071
53721: 0.53708
53722: 0.537088
53723: 0.537097
53724: 0.537106
53725: 0.537096
53726: 0.537086
53727: 0.537076
53728: 0.537066
53729: 0.537074
53730: 0.537064
53731: 0.537073
53732: 0.537081
53733: 0.53709
53734: 0.537099
53735: 0.537089
53736: 0.537079
53737: 0.537087
53738: 0.537096
53739: 0.537105
53740: 0.537095
53741: 0.537085
53742: 0.537093
53743: 0.537102
53744: 0.53711
53745: 0.5371
53746: 0.537109
53747: 0.537118
53748: 0.537108
53749: 0.537098
53750: 0.537106
53751: 0.537115
53752: 0.537105
53753: 0.537095
53754: 0.537104
53755: 0.537094
53756: 0.537084
53757: 0.537092
53758: 0.537101
53759: 0.537091
53760: 0.537099
53761: 0.537108
53762: 0.537098
53763: 0.537107
53764: 0.537115
53765: 0.537124
53766: 0.537114
53767: 0.537122
53768: 0.537112
53769: 0.537102
53770: 0.537092
53771: 0.537101
53772: 0.537091
53773: 0.537081
53774: 0.53709
53775: 0.53708
53776: 0.537088
53777: 0.537078
53778: 0.537068
53779: 0.537077
53780: 0.537067
53781: 0.537057
53782: 0.537047
53783: 0.537037
53784: 0.537046
53785: 0.537054
53786: 0.537063
53787: 0.537053
53788: 0.537061
53789: 0.537051
53790: 0.53706
53791: 0.537069
53792: 0.537077
53793: 0.537086
53794: 0.537095
53795: 0.537103
53796: 0.537093
53797: 0.537102
53798: 0.53711
53799: 0.5371
53800: 0.53709
53801: 0.53708
53802: 0.53707
53803: 0.53706
53804: 0.53705
53805: 0.53704
53806: 0.537049
53807: 0.537039
53808: 0.537048
53809: 0.537038
53810: 0.537028
53811: 0.537036
53812: 0.537045
53813: 0.537035
53814: 0.537044
53815: 0.537034
53816: 0.537042
53817: 0.537051
53818: 0.537059
53819: 0.537049
53820: 0.537039
53821: 0.537048
53822: 0.537057
53823: 0.537047
53824: 0.537055
53825: 0.537045
53826: 0.537054
53827: 0.537062
53828: 0.537071
53829: 0.53708
53830: 0.537088
53831: 0.537097
53832: 0.537105
53833: 0.537114
53834: 0.537104
53835: 0.537094
53836: 0.537084
53837: 0.537074
53838: 0.537064
53839: 0.537073
53840: 0.537081
53841: 0.53709
53842: 0.537099
53843: 0.537089
53844: 0.537097
53845: 0.537087
53846: 0.537096
53847: 0.537104
53848: 0.537113
53849: 0.537103
53850: 0.537093
53851: 0.537102
53852: 0.53711
53853: 0.537119
53854: 0.537109
53855: 0.537099
53856: 0.537089
53857: 0.537098
53858: 0.537106
53859: 0.537096
53860: 0.537086
53861: 0.537076
53862: 0.537066
53863: 0.537075
53864: 0.537065
53865: 0.537073
53866: 0.537064
53867: 0.537072
53868: 0.537081
53869: 0.537089
53870: 0.537079
53871: 0.537088
53872: 0.537078
53873: 0.537087
53874: 0.537095
53875: 0.537104
53876: 0.537112
53877: 0.537102
53878: 0.537092
53879: 0.537101
53880: 0.537091
53881: 0.5371
53882: 0.537108
53883: 0.537098
53884: 0.537107
53885: 0.537115
53886: 0.537105
53887: 0.537114
53888: 0.537123
53889: 0.537113
53890: 0.537121
53891: 0.53713
53892: 0.53712
53893: 0.537128
53894: 0.537118
53895: 0.537127
53896: 0.537136
53897: 0.537126
53898: 0.537134
53899: 0.537143
53900: 0.537133
53901: 0.537123
53902: 0.537113
53903: 0.537122
53904: 0.53713
53905: 0.537139
53906: 0.537129
53907: 0.537119
53908: 0.537109
53909: 0.537099
53910: 0.537107
53911: 0.537116
53912: 0.537125
53913: 0.537133
53914: 0.537123
53915: 0.537113
53916: 0.537122
53917: 0.53713
53918: 0.537139
53919: 0.537129
53920: 0.537119
53921: 0.537128
53922: 0.537118
53923: 0.537108
53924: 0.537098
53925: 0.537106
53926: 0.537115
53927: 0.537124
53928: 0.537132
53929: 0.537122
53930: 0.537112
53931: 0.537121
53932: 0.537129
53933: 0.537119
53934: 0.537128
53935: 0.537137
53936: 0.537127
53937: 0.537117
53938: 0.537107
53939: 0.537097
53940: 0.537105
53941: 0.537114
53942: 0.537104
53943: 0.537094
53944: 0.537103
53945: 0.537111
53946: 0.537101
53947: 0.537091
53948: 0.5371
53949: 0.53709
53950: 0.53708
53951: 0.537089
53952: 0.537097
53953: 0.537106
53954: 0.537114
53955: 0.537123
53956: 0.537113
53957: 0.537103
53958: 0.537112
53959: 0.53712
53960: 0.537129
53961: 0.537137
53962: 0.537127
53963: 0.537117
53964: 0.537107
53965: 0.537097
53966: 0.537106
53967: 0.537115
53968: 0.537105
53969: 0.537095
53970: 0.537085
53971: 0.537075
53972: 0.537083
53973: 0.537073
53974: 0.537063
53975: 0.537054
53976: 0.537044
53977: 0.537052
53978: 0.537061
53979: 0.537069
53980: 0.537078
53981: 0.537068
53982: 0.537058
53983: 0.537048
53984: 0.537057
53985: 0.537065
53986: 0.537055
53987: 0.537045
53988: 0.537035
53989: 0.537025
53990: 0.537015
53991: 0.537024
53992: 0.537033
53993: 0.537023
53994: 0.537013
53995: 0.537021
53996: 0.53703
53997: 0.53702
53998: 0.53701
53999: 0.537
54000: 0.537009
54001: 0.537017
54002: 0.537026
54003: 0.537034
54004: 0.537043
54005: 0.537033
54006: 0.537041
54007: 0.537032
54008: 0.53704
54009: 0.537049
54010: 0.537057
54011: 0.537066
54012: 0.537074
54013: 0.537064
54014: 0.537055
54015: 0.537045
54016: 0.537053
54017: 0.537062
54018: 0.537052
54019: 0.53706
54020: 0.53705
54021: 0.537059
54022: 0.537049
54023: 0.537058
54024: 0.537066
54025: 0.537075
54026: 0.537065
54027: 0.537073
54028: 0.537082
54029: 0.537091
54030: 0.537099
54031: 0.537089
54032: 0.537079
54033: 0.537088
54034: 0.537096
54035: 0.537086
54036: 0.537076
54037: 0.537085
54038: 0.537094
54039: 0.537102
54040: 0.537111
54041: 0.537119
54042: 0.537109
54043: 0.537099
54044: 0.537108
54045: 0.537117
54046: 0.537107
54047: 0.537115
54048: 0.537105
54049: 0.537114
54050: 0.537104
54051: 0.537112
54052: 0.537102
54053: 0.537111
54054: 0.537101
54055: 0.537091
54056: 0.5371
54057: 0.53709
54058: 0.537098
54059: 0.537107
54060: 0.537097
54061: 0.537087
54062: 0.537077
54063: 0.537067
54064: 0.537057
54065: 0.537047
54066: 0.537056
54067: 0.537046
54068: 0.537036
54069: 0.537026
54070: 0.537035
54071: 0.537025
54072: 0.537015
54073: 0.537023
54074: 0.537032
54075: 0.53704
54076: 0.537049
54077: 0.537039
54078: 0.537048
54079: 0.537056
54080: 0.537065
54081: 0.537073
54082: 0.537063
54083: 0.537053
54084: 0.537044
54085: 0.537034
54086: 0.537024
54087: 0.537014
54088: 0.537004
54089: 0.536994
54090: 0.536984
54091: 0.536993
54092: 0.536983
54093: 0.536991
54094: 0.536981
54095: 0.53699
54096: 0.536998
54097: 0.536988
54098: 0.536997
54099: 0.536987
54100: 0.536996
54101: 0.536986
54102: 0.536994
54103: 0.537003
54104: 0.536993
54105: 0.536983
54106: 0.536973
54107: 0.536982
54108: 0.53699
54109: 0.53698
54110: 0.536989
54111: 0.536979
54112: 0.536987
54113: 0.536996
54114: 0.537005
54115: 0.537013
54116: 0.537022
54117: 0.53703
54118: 0.53702
54119: 0.537029
54120: 0.537019
54121: 0.537027
54122: 0.537018
54123: 0.537008
54124: 0.536998
54125: 0.536988
54126: 0.536996
54127: 0.536986
54128: 0.536995
54129: 0.536985
54130: 0.536975
54131: 0.536965
54132: 0.536974
54133: 0.536982
54134: 0.536991
54135: 0.536999
54136: 0.536989
54137: 0.53698
54138: 0.536988
54139: 0.536997
54140: 0.536987
54141: 0.536995
54142: 0.536985
54143: 0.536975
54144: 0.536966
54145: 0.536974
54146: 0.536964
54147: 0.536954
54148: 0.536963
54149: 0.536953
54150: 0.536943
54151: 0.536933
54152: 0.536942
54153: 0.53695
54154: 0.536959
54155: 0.536967
54156: 0.536957
54157: 0.536966
54158: 0.536956
54159: 0.536965
54160: 0.536955
54161: 0.536945
54162: 0.536935
54163: 0.536943
54164: 0.536952
54165: 0.536942
54166: 0.536951
54167: 0.536941
54168: 0.536949
54169: 0.536939
54170: 0.536929
54171: 0.536919
54172: 0.53691
54173: 0.536918
54174: 0.536908
54175: 0.536917
54176: 0.536925
54177: 0.536934
54178: 0.536924
54179: 0.536932
54180: 0.536923
54181: 0.536931
54182: 0.536921
54183: 0.53693
54184: 0.536938
54185: 0.536928
54186: 0.536918
54187: 0.536927
54188: 0.536936
54189: 0.536944
54190: 0.536934
54191: 0.536924
54192: 0.536933
54193: 0.536941
54194: 0.53695
54195: 0.536958
54196: 0.536967
54197: 0.536976
54198: 0.536966
54199: 0.536956
54200: 0.536946
54201: 0.536954
54202: 0.536963
54203: 0.536953
54204: 0.536962
54205: 0.53697
54206: 0.536979
54207: 0.536969
54208: 0.536959
54209: 0.536967
54210: 0.536957
54211: 0.536948
54212: 0.536956
54213: 0.536965
54214: 0.536955
54215: 0.536945
54216: 0.536935
54217: 0.536943
54218: 0.536952
54219: 0.536961
54220: 0.536951
54221: 0.536959
54222: 0.536949
54223: 0.536958
54224: 0.536966
54225: 0.536975
54226: 0.536983
54227: 0.536974
54228: 0.536982
54229: 0.536991
54230: 0.536999
54231: 0.537008
54232: 0.536998
54233: 0.536988
54234: 0.536978
54235: 0.536968
54236: 0.536977
54237: 0.536985
54238: 0.536994
54239: 0.537002
54240: 0.536992
54241: 0.536982
54242: 0.536973
54243: 0.536981
54244: 0.53699
54245: 0.53698
54246: 0.53697
54247: 0.53696
54248: 0.536968
54249: 0.536959
54250: 0.536967
54251: 0.536957
54252: 0.536966
54253: 0.536956
54254: 0.536964
54255: 0.536954
54256: 0.536963
54257: 0.536972
54258: 0.53698
54259: 0.536989
54260: 0.536979
54261: 0.536987
54262: 0.536996
54263: 0.536986
54264: 0.536994
54265: 0.536984
54266: 0.536975
54267: 0.536983
54268: 0.536973
54269: 0.536982
54270: 0.536972
54271: 0.536962
54272: 0.536952
54273: 0.536942
54274: 0.536932
54275: 0.536922
54276: 0.536913
54277: 0.536921
54278: 0.536911
54279: 0.536901
54280: 0.536891
54281: 0.5369
54282: 0.536908
54283: 0.536917
54284: 0.536925
54285: 0.536916
54286: 0.536906
54287: 0.536896
54288: 0.536886
54289: 0.536894
54290: 0.536903
54291: 0.536912
54292: 0.536902
54293: 0.53691
54294: 0.5369
54295: 0.53689
54296: 0.53688
54297: 0.536871
54298: 0.536861
54299: 0.536851
54300: 0.536859
54301: 0.536868
54302: 0.536858
54303: 0.536848
54304: 0.536838
54305: 0.536828
54306: 0.536818
54307: 0.536827
54308: 0.536817
54309: 0.536826
54310: 0.536834
54311: 0.536824
54312: 0.536833
54313: 0.536841
54314: 0.53685
54315: 0.53684
54316: 0.53683
54317: 0.53682
54318: 0.53681
54319: 0.5368
54320: 0.536809
54321: 0.536817
54322: 0.536826
54323: 0.536835
54324: 0.536825
54325: 0.536815
54326: 0.536823
54327: 0.536813
54328: 0.536804
54329: 0.536794
54330: 0.536784
54331: 0.536792
54332: 0.536801
54333: 0.536809
54334: 0.536818
54335: 0.536826
54336: 0.536835
54337: 0.536825
54338: 0.536834
54339: 0.536842
54340: 0.536851
54341: 0.536859
54342: 0.536849
54343: 0.536858
54344: 0.536866
54345: 0.536875
54346: 0.536883
54347: 0.536892
54348: 0.5369
54349: 0.536891
54350: 0.536881
54351: 0.536889
54352: 0.536879
54353: 0.536888
54354: 0.536896
54355: 0.536905
54356: 0.536895
54357: 0.536903
54358: 0.536894
54359: 0.536884
54360: 0.536874
54361: 0.536864
54362: 0.536854
54363: 0.536863
54364: 0.536853
54365: 0.536843
54366: 0.536851
54367: 0.536842
54368: 0.536832
54369: 0.536822
54370: 0.536812
54371: 0.536802
54372: 0.536792
54373: 0.536782
54374: 0.536772
54375: 0.536763
54376: 0.536753
54377: 0.536743
54378: 0.536751
54379: 0.53676
54380: 0.53675
54381: 0.536758
54382: 0.536749
54383: 0.536739
54384: 0.536729
54385: 0.536719
54386: 0.536728
54387: 0.536736
54388: 0.536726
54389: 0.536716
54390: 0.536725
54391: 0.536715
54392: 0.536705
54393: 0.536695
54394: 0.536685
54395: 0.536675
54396: 0.536684
54397: 0.536674
54398: 0.536683
54399: 0.536691
54400: 0.536681
54401: 0.536671
54402: 0.53668
54403: 0.53667
54404: 0.53666
54405: 0.53665
54406: 0.536659
54407: 0.536667
54408: 0.536658
54409: 0.536666
54410: 0.536675
54411: 0.536665
54412: 0.536673
54413: 0.536663
54414: 0.536672
54415: 0.53668
54416: 0.536689
54417: 0.536697
54418: 0.536706
54419: 0.536696
54420: 0.536705
54421: 0.536713
54422: 0.536722
54423: 0.536712
54424: 0.536702
54425: 0.536692
54426: 0.536682
54427: 0.536691
54428: 0.536699
54429: 0.536708
54430: 0.536698
54431: 0.536706
54432: 0.536715
54433: 0.536723
54434: 0.536714
54435: 0.536722
54436: 0.536731
54437: 0.536739
54438: 0.536729
54439: 0.536738
54440: 0.536746
54441: 0.536736
54442: 0.536726
54443: 0.536717
54444: 0.536725
54445: 0.536715
54446: 0.536724
54447: 0.536714
54448: 0.536704
54449: 0.536694
54450: 0.536684
54451: 0.536675
54452: 0.536683
54453: 0.536692
54454: 0.536682
54455: 0.53669
54456: 0.53668
54457: 0.536689
54458: 0.536679
54459: 0.536687
54460: 0.536696
54461: 0.536704
54462: 0.536695
54463: 0.536703
54464: 0.536712
54465: 0.53672
54466: 0.53671
54467: 0.5367
54468: 0.536691
54469: 0.536699
54470: 0.536708
54471: 0.536698
54472: 0.536706
54473: 0.536715
54474: 0.536723
54475: 0.536713
54476: 0.536704
54477: 0.536712
54478: 0.536702
54479: 0.536692
54480: 0.536701
54481: 0.536709
54482: 0.536718
54483: 0.536726
54484: 0.536735
54485: 0.536725
54486: 0.536734
54487: 0.536742
54488: 0.536732
54489: 0.536722
54490: 0.536712
54491: 0.536703
54492: 0.536711
54493: 0.53672
54494: 0.53671
54495: 0.536718
54496: 0.536708
54497: 0.536717
54498: 0.536725
54499: 0.536734
54500: 0.536742
54501: 0.536733
54502: 0.536741
54503: 0.53675
54504: 0.53674
54505: 0.53673
54506: 0.536738
54507: 0.536729
54508: 0.536737
54509: 0.536746
54510: 0.536754
54511: 0.536744
54512: 0.536734
54513: 0.536725
54514: 0.536733
54515: 0.536742
54516: 0.536732
54517: 0.536722
54518: 0.53673
54519: 0.53672
54520: 0.536729
54521: 0.536719
54522: 0.536709
54523: 0.536718
54524: 0.536708
54525: 0.536716
54526: 0.536725
54527: 0.536733
54528: 0.536724
54529: 0.536732
54530: 0.536741
54531: 0.536749
54532: 0.536739
54533: 0.536748
54534: 0.536756
54535: 0.536765
54536: 0.536755
54537: 0.536745
54538: 0.536754
54539: 0.536762
54540: 0.536771
54541: 0.536779
54542: 0.536769
54543: 0.536778
54544: 0.536768
54545: 0.536776
54546: 0.536766
54547: 0.536757
54548: 0.536765
54549: 0.536774
54550: 0.536764
54551: 0.536754
54552: 0.536762
54553: 0.536771
54554: 0.536779
54555: 0.536788
54556: 0.536778
54557: 0.536768
54558: 0.536758
54559: 0.536767
54560: 0.536757
54561: 0.536747
54562: 0.536737
54563: 0.536746
54564: 0.536736
54565: 0.536744
54566: 0.536753
54567: 0.536743
54568: 0.536752
54569: 0.536742
54570: 0.53675
54571: 0.536759
54572: 0.536749
54573: 0.536739
54574: 0.536748
54575: 0.536756
54576: 0.536765
54577: 0.536773
54578: 0.536782
54579: 0.53679
54580: 0.53678
54581: 0.53677
54582: 0.536779
54583: 0.536787
54584: 0.536796
54585: 0.536786
54586: 0.536776
54587: 0.536766
54588: 0.536775
54589: 0.536783
54590: 0.536792
54591: 0.5368
54592: 0.536809
54593: 0.536799
54594: 0.536807
54595: 0.536816
54596: 0.536824
54597: 0.536815
54598: 0.536805
54599: 0.536813
54600: 0.536803
54601: 0.536794
54602: 0.536784
54603: 0.536792
54604: 0.536801
54605: 0.536809
54606: 0.536818
54607: 0.536808
54608: 0.536816
54609: 0.536806
54610: 0.536815
54611: 0.536805
54612: 0.536814
54613: 0.536804
54614: 0.536794
54615: 0.536784
54616: 0.536774
54617: 0.536783
54618: 0.536791
54619: 0.536781
54620: 0.53679
54621: 0.536798
54622: 0.536789
54623: 0.536779
54624: 0.536769
54625: 0.536777
54626: 0.536768
54627: 0.536776
54628: 0.536784
54629: 0.536793
54630: 0.536783
54631: 0.536773
54632: 0.536782
54633: 0.53679
54634: 0.53678
54635: 0.536771
54636: 0.536779
54637: 0.536788
54638: 0.536778
54639: 0.536786
54640: 0.536795
54641: 0.536803
54642: 0.536812
54643: 0.536802
54644: 0.53681
54645: 0.5368
54646: 0.536791
54647: 0.536799
54648: 0.536808
54649: 0.536798
54650: 0.536806
54651: 0.536796
54652: 0.536805
54653: 0.536813
54654: 0.536822
54655: 0.53683
54656: 0.536821
54657: 0.536811
54658: 0.536801
54659: 0.536791
54660: 0.536781
54661: 0.536771
54662: 0.53678
54663: 0.536788
54664: 0.536797
54665: 0.536805
54666: 0.536814
54667: 0.536804
54668: 0.536812
54669: 0.536803
54670: 0.536793
54671: 0.536801
54672: 0.53681
54673: 0.536818
54674: 0.536808
54675: 0.536799
54676: 0.536789
54677: 0.536797
54678: 0.536806
54679: 0.536796
54680: 0.536786
54681: 0.536795
54682: 0.536803
54683: 0.536811
54684: 0.536802
54685: 0.536792
54686: 0.5368
54687: 0.536809
54688: 0.536799
54689: 0.536807
54690: 0.536816
54691: 0.536824
54692: 0.536815
54693: 0.536805
54694: 0.536795
54695: 0.536803
54696: 0.536812
54697: 0.53682
54698: 0.536829
54699: 0.536837
54700: 0.536846
54701: 0.536854
54702: 0.536863
54703: 0.536853
54704: 0.536861
54705: 0.53687
54706: 0.536878
54707: 0.536868
54708: 0.536859
54709: 0.536849
54710: 0.536857
54711: 0.536866
54712: 0.536874
54713: 0.536864
54714: 0.536873
54715: 0.536881
54716: 0.53689
54717: 0.536898
54718: 0.536907
54719: 0.536915
54720: 0.536924
54721: 0.536932
54722: 0.536941
54723: 0.536949
54724: 0.536939
54725: 0.536948
54726: 0.536938
54727: 0.536946
54728: 0.536955
54729: 0.536945
54730: 0.536953
54731: 0.536944
54732: 0.536952
54733: 0.536942
54734: 0.536951
54735: 0.536959
54736: 0.536968
54737: 0.536976
54738: 0.536985
54739: 0.536993
54740: 0.537002
54741: 0.53701
54742: 0.537
54743: 0.537009
54744: 0.537017
54745: 0.537007
54746: 0.536997
54747: 0.536988
54748: 0.536996
54749: 0.537005
54750: 0.537013
54751: 0.537021
54752: 0.53703
54753: 0.53702
54754: 0.53701
54755: 0.537001
54756: 0.537009
54757: 0.537017
54758: 0.537008
54759: 0.536998
54760: 0.536988
54761: 0.536978
54762: 0.536987
54763: 0.536977
54764: 0.536967
54765: 0.536957
54766: 0.536966
54767: 0.536956
54768: 0.536964
54769: 0.536955
54770: 0.536945
54771: 0.536953
54772: 0.536962
54773: 0.53697
54774: 0.536979
54775: 0.536969
54776: 0.536959
54777: 0.536967
54778: 0.536958
54779: 0.536948
54780: 0.536938
54781: 0.536946
54782: 0.536955
54783: 0.536963
54784: 0.536972
54785: 0.53698
54786: 0.53697
54787: 0.536979
54788: 0.536987
54789: 0.536978
54790: 0.536968
54791: 0.536976
54792: 0.536985
54793: 0.536975
54794: 0.536983
54795: 0.536992
54796: 0.536982
54797: 0.536972
54798: 0.536962
54799: 0.536971
54800: 0.536979
54801: 0.536988
54802: 0.536996
54803: 0.537005
54804: 0.537013
54805: 0.537003
54806: 0.536993
54807: 0.537002
54808: 0.536992
54809: 0.536982
54810: 0.536991
54811: 0.536981
54812: 0.536989
54813: 0.536998
54814: 0.537006
54815: 0.537015
54816: 0.537023
54817: 0.537032
54818: 0.53704
54819: 0.537049
54820: 0.537039
54821: 0.537047
54822: 0.537037
54823: 0.537046
54824: 0.537036
54825: 0.537044
54826: 0.537053
54827: 0.537043
54828: 0.537052
54829: 0.53706
54830: 0.537068
54831: 0.537077
54832: 0.537067
54833: 0.537057
54834: 0.537048
54835: 0.537056
54836: 0.537064
54837: 0.537073
54838: 0.537063
54839: 0.537053
54840: 0.537043
54841: 0.537052
54842: 0.53706
54843: 0.537069
54844: 0.537077
54845: 0.537086
54846: 0.537076
54847: 0.537084
54848: 0.537075
54849: 0.537083
54850: 0.537091
54851: 0.5371
54852: 0.537108
54853: 0.537117
54854: 0.537125
54855: 0.537134
54856: 0.537124
54857: 0.537114
54858: 0.537104
54859: 0.537094
54860: 0.537103
54861: 0.537111
54862: 0.537102
54863: 0.537092
54864: 0.5371
54865: 0.53709
54866: 0.537099
54867: 0.537107
54868: 0.537116
54869: 0.537106
54870: 0.537096
54871: 0.537086
54872: 0.537077
54873: 0.537085
54874: 0.537075
54875: 0.537065
54876: 0.537074
54877: 0.537082
54878: 0.537072
54879: 0.537063
54880: 0.537071
54881: 0.537061
54882: 0.53707
54883: 0.53706
54884: 0.537068
54885: 0.537077
54886: 0.537067
54887: 0.537075
54888: 0.537066
54889: 0.537074
54890: 0.537064
54891: 0.537073
54892: 0.537081
54893: 0.537071
54894: 0.537062
54895: 0.537052
54896: 0.53706
54897: 0.537051
54898: 0.537041
54899: 0.537031
54900: 0.537039
54901: 0.537048
54902: 0.537056
54903: 0.537065
54904: 0.537073
54905: 0.537082
54906: 0.537072
54907: 0.537062
54908: 0.537052
54909: 0.537061
54910: 0.537069
54911: 0.537059
54912: 0.537068
54913: 0.537076
54914: 0.537085
54915: 0.537093
54916: 0.537101
54917: 0.53711
54918: 0.537118
54919: 0.537127
54920: 0.537117
54921: 0.537125
54922: 0.537116
54923: 0.537106
54924: 0.537114
54925: 0.537123
54926: 0.537113
54927: 0.537103
54928: 0.537112
54929: 0.537102
54930: 0.537092
54931: 0.5371
54932: 0.537109
54933: 0.537117
54934: 0.537126
54935: 0.537134
54936: 0.537143
54937: 0.537151
54938: 0.537141
54939: 0.537131
54940: 0.53714
54941: 0.53713
54942: 0.53712
54943: 0.537129
54944: 0.537119
54945: 0.537109
54946: 0.537118
54947: 0.537126
54948: 0.537116
54949: 0.537125
54950: 0.537133
54951: 0.537142
54952: 0.53715
54953: 0.537158
54954: 0.537167
54955: 0.537157
54956: 0.537147
54957: 0.537156
54958: 0.537164
54959: 0.537172
54960: 0.537181
54961: 0.537189
54962: 0.53718
54963: 0.53717
54964: 0.53716
54965: 0.53715
54966: 0.537159
54967: 0.537149
54968: 0.537157
54969: 0.537166
54970: 0.537174
54971: 0.537183
54972: 0.537191
54973: 0.537181
54974: 0.537171
54975: 0.537162
54976: 0.53717
54977: 0.537179
54978: 0.537169
54979: 0.537159
54980: 0.537167
54981: 0.537158
54982: 0.537148
54983: 0.537138
54984: 0.537128
54985: 0.537119
54986: 0.537127
54987: 0.537135
54988: 0.537126
54989: 0.537116
54990: 0.537124
54991: 0.537114
54992: 0.537105
54993: 0.537095
54994: 0.537085
54995: 0.537075
54996: 0.537066
54997: 0.537074
54998: 0.537064
54999: 0.537073
55000: 0.537063
55001: 0.537053
55002: 0.537062
55003: 0.53707
55004: 0.53706
55005: 0.537051
55006: 0.537059
55007: 0.537067
55008: 0.537058
55009: 0.537066
55010: 0.537056
55011: 0.537065
55012: 0.537073
55013: 0.537081
55014: 0.53709
55015: 0.53708
55016: 0.537089
55017: 0.537079
55018: 0.537087
55019: 0.537096
55020: 0.537086
55021: 0.537076
55022: 0.537066
55023: 0.537075
55024: 0.537065
55025: 0.537055
55026: 0.537045
55027: 0.537036
55028: 0.537044
55029: 0.537053
55030: 0.537061
55031: 0.537051
55032: 0.53706
55033: 0.537068
55034: 0.537058
55035: 0.537067
55036: 0.537075
55037: 0.537065
55038: 0.537074
55039: 0.537064
55040: 0.537072
55041: 0.537081
55042: 0.537089
55043: 0.537098
55044: 0.537106
55045: 0.537114
55046: 0.537123
55047: 0.537113
55048: 0.537103
55049: 0.537112
55050: 0.53712
55051: 0.53711
55052: 0.537101
55053: 0.537091
55054: 0.537099
55055: 0.53709
55056: 0.537098
55057: 0.537106
55058: 0.537097
55059: 0.537087
55060: 0.537095
55061: 0.537104
55062: 0.537094
55063: 0.537102
55064: 0.537093
55065: 0.537101
55066: 0.537109
55067: 0.537118
55068: 0.537108
55069: 0.537116
55070: 0.537107
55071: 0.537115
55072: 0.537123
55073: 0.537114
55074: 0.537122
55075: 0.537131
55076: 0.537139
55077: 0.537129
55078: 0.537138
55079: 0.537128
55080: 0.537118
55081: 0.537108
55082: 0.537117
55083: 0.537125
55084: 0.537134
55085: 0.537124
55086: 0.537114
55087: 0.537122
55088: 0.537131
55089: 0.537139
55090: 0.537129
55091: 0.53712
55092: 0.53711
55093: 0.5371
55094: 0.53709
55095: 0.537081
55096: 0.537071
55097: 0.537061
55098: 0.537051
55099: 0.53706
55100: 0.53705
55101: 0.53704
55102: 0.537049
55103: 0.537057
55104: 0.537066
55105: 0.537074
55106: 0.537064
55107: 0.537055
55108: 0.537045
55109: 0.537035
55110: 0.537043
55111: 0.537034
55112: 0.537042
55113: 0.537032
55114: 0.537023
55115: 0.537031
55116: 0.537039
55117: 0.53703
55118: 0.537038
55119: 0.537028
55120: 0.537037
55121: 0.537045
55122: 0.537053
55123: 0.537044
55124: 0.537052
55125: 0.537061
55126: 0.537051
55127: 0.537041
55128: 0.537031
55129: 0.53704
55130: 0.53703
55131: 0.537038
55132: 0.537029
55133: 0.537037
55134: 0.537027
55135: 0.537018
55136: 0.537008
55137: 0.537016
55138: 0.537025
55139: 0.537033
55140: 0.537023
55141: 0.537014
55142: 0.537004
55143: 0.536994
55144: 0.536984
55145: 0.536993
55146: 0.537001
55147: 0.536991
55148: 0.536982
55149: 0.53699
55150: 0.536998
55151: 0.537007
55152: 0.536997
55153: 0.536987
55154: 0.536996
55155: 0.537004
55156: 0.537013
55157: 0.537021
55158: 0.537029
55159: 0.53702
55160: 0.537028
55161: 0.537036
55162: 0.537045
55163: 0.537053
55164: 0.537062
55165: 0.537052
55166: 0.53706
55167: 0.53705
55168: 0.537059
55169: 0.537049
55170: 0.537039
55171: 0.53703
55172: 0.53702
55173: 0.53701
55174: 0.537019
55175: 0.537027
55176: 0.537035
55177: 0.537044
55178: 0.537052
55179: 0.537042
55180: 0.537033
55181: 0.537041
55182: 0.537031
55183: 0.537022
55184: 0.537012
55185: 0.53702
55186: 0.537029
55187: 0.537037
55188: 0.537045
55189: 0.537054
55190: 0.537062
55191: 0.537071
55192: 0.537079
55193: 0.537069
55194: 0.537078
55195: 0.537086
55196: 0.537076
55197: 0.537085
55198: 0.537075
55199: 0.537083
55200: 0.537092
55201: 0.537082
55202: 0.537072
55203: 0.537081
55204: 0.537071
55205: 0.537079
55206: 0.53707
55207: 0.537078
55208: 0.537086
55209: 0.537095
55210: 0.537085
55211: 0.537093
55212: 0.537102
55213: 0.537092
55214: 0.5371
55215: 0.537109
55216: 0.537117
55217: 0.537107
55218: 0.537116
55219: 0.537124
55220: 0.537133
55221: 0.537141
55222: 0.537131
55223: 0.537122
55224: 0.537112
55225: 0.537102
55226: 0.53711
55227: 0.537119
55228: 0.537109
55229: 0.537118
55230: 0.537108
55231: 0.537098
55232: 0.537106
55233: 0.537115
55234: 0.537105
55235: 0.537095
55236: 0.537086
55237: 0.537094
55238: 0.537102
55239: 0.537093
55240: 0.537101
55241: 0.537109
55242: 0.5371
55243: 0.537108
55244: 0.537098
55245: 0.537089
55246: 0.537079
55247: 0.537069
55248: 0.537059
55249: 0.537068
55250: 0.537058
55251: 0.537048
55252: 0.537039
55253: 0.537047
55254: 0.537055
55255: 0.537046
55256: 0.537036
55257: 0.537026
55258: 0.537035
55259: 0.537043
55260: 0.537051
55261: 0.53706
55262: 0.537068
55263: 0.537077
55264: 0.537085
55265: 0.537075
55266: 0.537084
55267: 0.537092
55268: 0.5371
55269: 0.537091
55270: 0.537081
55271: 0.537089
55272: 0.53708
55273: 0.53707
55274: 0.53706
55275: 0.537069
55276: 0.537077
55277: 0.537085
55278: 0.537094
55279: 0.537084
55280: 0.537074
55281: 0.537083
55282: 0.537091
55283: 0.537099
55284: 0.53709
55285: 0.537098
55286: 0.537106
55287: 0.537097
55288: 0.537105
55289: 0.537113
55290: 0.537104
55291: 0.537094
55292: 0.537102
55293: 0.537111
55294: 0.537119
55295: 0.537109
55296: 0.5371
55297: 0.537108
55298: 0.537116
55299: 0.537107
55300: 0.537097
55301: 0.537105
55302: 0.537096
55303: 0.537104
55304: 0.537094
55305: 0.537085
55306: 0.537075
55307: 0.537083
55308: 0.537092
55309: 0.537082
55310: 0.53709
55311: 0.537099
55312: 0.537107
55313: 0.537097
55314: 0.537106
55315: 0.537114
55316: 0.537104
55317: 0.537113
55318: 0.537121
55319: 0.537111
55320: 0.53712
55321: 0.53711
55322: 0.5371
55323: 0.537109
55324: 0.537099
55325: 0.537107
55326: 0.537098
55327: 0.537088
55328: 0.537096
55329: 0.537087
55330: 0.537095
55331: 0.537103
55332: 0.537112
55333: 0.53712
55334: 0.537128
55335: 0.537137
55336: 0.537127
55337: 0.537135
55338: 0.537126
55339: 0.537134
55340: 0.537124
55341: 0.537133
55342: 0.537141
55343: 0.537149
55344: 0.53714
55345: 0.53713
55346: 0.53712
55347: 0.537111
55348: 0.537119
55349: 0.537127
55350: 0.537118
55351: 0.537108
55352: 0.537116
55353: 0.537125
55354: 0.537115
55355: 0.537105
55356: 0.537096
55357: 0.537104
55358: 0.537112
55359: 0.537121
55360: 0.537129
55361: 0.537119
55362: 0.53711
55363: 0.5371
55364: 0.537108
55365: 0.537117
55366: 0.537107
55367: 0.537115
55368: 0.537124
55369: 0.537132
55370: 0.537122
55371: 0.537131
55372: 0.537139
55373: 0.537129
55374: 0.537138
55375: 0.537128
55376: 0.537136
55377: 0.537145
55378: 0.537153
55379: 0.537161
55380: 0.537152
55381: 0.53716
55382: 0.53715
55383: 0.537141
55384: 0.537149
55385: 0.537139
55386: 0.537148
55387: 0.537156
55388: 0.537164
55389: 0.537173
55390: 0.537163
55391: 0.537153
55392: 0.537144
55393: 0.537134
55394: 0.537124
55395: 0.537115
55396: 0.537123
55397: 0.537131
55398: 0.53714
55399: 0.537148
55400: 0.537156
55401: 0.537147
55402: 0.537155
55403: 0.537163
55404: 0.537154
55405: 0.537162
55406: 0.53717
55407: 0.537179
55408: 0.537169
55409: 0.537177
55410: 0.537186
55411: 0.537194
55412: 0.537184
55413: 0.537193
55414: 0.537201
55415: 0.537209
55416: 0.537218
55417: 0.537226
55418: 0.537235
55419: 0.537243
55420: 0.537251
55421: 0.537242
55422: 0.537232
55423: 0.53724
55424: 0.53723
55425: 0.537239
55426: 0.537229
55427: 0.537219
55428: 0.53721
55429: 0.5372
55430: 0.537208
55431: 0.537199
55432: 0.537189
55433: 0.537179
55434: 0.537188
55435: 0.537196
55436: 0.537204
55437: 0.537195
55438: 0.537203
55439: 0.537193
55440: 0.537202
55441: 0.537192
55442: 0.537182
55443: 0.537191
55444: 0.537199
55445: 0.537207
55446: 0.537198
55447: 0.537188
55448: 0.537196
55449: 0.537205
55450: 0.537195
55451: 0.537203
55452: 0.537212
55453: 0.53722
55454: 0.537228
55455: 0.537237
55456: 0.537227
55457: 0.537217
55458: 0.537226
55459: 0.537216
55460: 0.537224
55461: 0.537233
55462: 0.537241
55463: 0.537249
55464: 0.53724
55465: 0.53723
55466: 0.537238
55467: 0.537247
55468: 0.537255
55469: 0.537263
55470: 0.537272
55471: 0.53728
55472: 0.53727
55473: 0.537261
55474: 0.537251
55475: 0.537259
55476: 0.537268
55477: 0.537276
55478: 0.537284
55479: 0.537275
55480: 0.537265
55481: 0.537255
55482: 0.537264
55483: 0.537254
55484: 0.537244
55485: 0.537235
55486: 0.537225
55487: 0.537215
55488: 0.537206
55489: 0.537214
55490: 0.537222
55491: 0.537213
55492: 0.537221
55493: 0.537211
55494: 0.53722
55495: 0.537228
55496: 0.537236
55497: 0.537245
55498: 0.537235
55499: 0.537225
55500: 0.537216
55501: 0.537224
55502: 0.537232
55503: 0.537223
55504: 0.537213
55505: 0.537203
55506: 0.537194
55507: 0.537184
55508: 0.537192
55509: 0.537201
55510: 0.537191
55511: 0.537199
55512: 0.537208
55513: 0.537198
55514: 0.537206
55515: 0.537214
55516: 0.537223
55517: 0.537213
55518: 0.537221
55519: 0.53723
55520: 0.53722
55521: 0.537228
55522: 0.537237
55523: 0.537245
55524: 0.537235
55525: 0.537226
55526: 0.537216
55527: 0.537224
55528: 0.537233
55529: 0.537223
55530: 0.537231
55531: 0.537222
55532: 0.53723
55533: 0.537238
55534: 0.537229
55535: 0.537237
55536: 0.537245
55537: 0.537236
55538: 0.537244
55539: 0.537252
55540: 0.537243
55541: 0.537233
55542: 0.537223
55543: 0.537232
55544: 0.53724
55545: 0.537248
55546: 0.537257
55547: 0.537247
55548: 0.537237
55549: 0.537228
55550: 0.537236
55551: 0.537244
55552: 0.537235
55553: 0.537243
55554: 0.537251
55555: 0.53726
55556: 0.53725
55557: 0.537258
55558: 0.537249
55559: 0.537257
55560: 0.537247
55561: 0.537238
55562: 0.537228
55563: 0.537218
55564: 0.537227
55565: 0.537235
55566: 0.537243
55567: 0.537252
55568: 0.53726
55569: 0.537268
55570: 0.537259
55571: 0.537267
55572: 0.537275
55573: 0.537266
55574: 0.537256
55575: 0.537264
55576: 0.537273
55577: 0.537281
55578: 0.537289
55579: 0.537298
55580: 0.537306
55581: 0.537296
55582: 0.537305
55583: 0.537295
55584: 0.537285
55585: 0.537294
55586: 0.537302
55587: 0.53731
55588: 0.537301
55589: 0.537291
55590: 0.537281
55591: 0.53729
55592: 0.53728
55593: 0.537288
55594: 0.537279
55595: 0.537287
55596: 0.537295
55597: 0.537304
55598: 0.537294
55599: 0.537284
55600: 0.537292
55601: 0.537283
55602: 0.537291
55603: 0.537281
55604: 0.537272
55605: 0.53728
55606: 0.537288
55607: 0.537297
55608: 0.537287
55609: 0.537295
55610: 0.537304
55611: 0.537312
55612: 0.53732
55613: 0.537311
55614: 0.537301
55615: 0.537291
55616: 0.5373
55617: 0.53729
55618: 0.537298
55619: 0.537307
55620: 0.537315
55621: 0.537305
55622: 0.537314
55623: 0.537304
55624: 0.537294
55625: 0.537285
55626: 0.537293
55627: 0.537301
55628: 0.53731
55629: 0.5373
55630: 0.53729
55631: 0.537299
55632: 0.537307
55633: 0.537297
55634: 0.537288
55635: 0.537278
55636: 0.537286
55637: 0.537295
55638: 0.537285
55639: 0.537275
55640: 0.537284
55641: 0.537274
55642: 0.537264
55643: 0.537255
55644: 0.537263
55645: 0.537253
55646: 0.537262
55647: 0.537252
55648: 0.537242
55649: 0.537251
55650: 0.537259
55651: 0.537249
55652: 0.53724
55653: 0.537248
55654: 0.537238
55655: 0.537247
55656: 0.537237
55657: 0.537245
55658: 0.537254
55659: 0.537262
55660: 0.53727
55661: 0.537279
55662: 0.537269
55663: 0.537259
55664: 0.53725
55665: 0.53724
55666: 0.537248
55667: 0.537239
55668: 0.537247
55669: 0.537255
55670: 0.537264
55671: 0.537272
55672: 0.537262
55673: 0.537253
55674: 0.537261
55675: 0.537251
55676: 0.537242
55677: 0.537232
55678: 0.537222
55679: 0.537231
55680: 0.537221
55681: 0.537229
55682: 0.53722
55683: 0.537228
55684: 0.537218
55685: 0.537209
55686: 0.537199
55687: 0.537189
55688: 0.53718
55689: 0.537188
55690: 0.537178
55691: 0.537187
55692: 0.537177
55693: 0.537167
55694: 0.537158
55695: 0.537148
55696: 0.537156
55697: 0.537165
55698: 0.537173
55699: 0.537163
55700: 0.537172
55701: 0.53718
55702: 0.53717
55703: 0.537179
55704: 0.537187
55705: 0.537177
55706: 0.537186
55707: 0.537194
55708: 0.537202
55709: 0.537193
55710: 0.537183
55711: 0.537173
55712: 0.537182
55713: 0.537172
55714: 0.537162
55715: 0.537171
55716: 0.537161
55717: 0.537151
55718: 0.537142
55719: 0.537132
55720: 0.537122
55721: 0.537131
55722: 0.537139
55723: 0.537147
55724: 0.537138
55725: 0.537146
55726: 0.537136
55727: 0.537127
55728: 0.537135
55729: 0.537125
55730: 0.537116
55731: 0.537124
55732: 0.537132
55733: 0.537141
55734: 0.537131
55735: 0.537139
55736: 0.537148
55737: 0.537156
55738: 0.537164
55739: 0.537173
55740: 0.537163
55741: 0.537171
55742: 0.53718
55743: 0.53717
55744: 0.537178
55745: 0.537169
55746: 0.537159
55747: 0.537149
55748: 0.53714
55749: 0.53713
55750: 0.537138
55751: 0.537129
55752: 0.537137
55753: 0.537127
55754: 0.537118
55755: 0.537108
55756: 0.537098
55757: 0.537089
55758: 0.537097
55759: 0.537088
55760: 0.537096
55761: 0.537086
55762: 0.537077
55763: 0.537085
55764: 0.537093
55765: 0.537101
55766: 0.537092
55767: 0.537082
55768: 0.53709
55769: 0.537099
55770: 0.537089
55771: 0.53708
55772: 0.53707
55773: 0.537078
55774: 0.537087
55775: 0.537095
55776: 0.537085
55777: 0.537076
55778: 0.537066
55779: 0.537056
55780: 0.537047
55781: 0.537055
55782: 0.537063
55783: 0.537054
55784: 0.537044
55785: 0.537052
55786: 0.537043
55787: 0.537033
55788: 0.537041
55789: 0.53705
55790: 0.537058
55791: 0.537048
55792: 0.537057
55793: 0.537065
55794: 0.537055
55795: 0.537046
55796: 0.537036
55797: 0.537026
55798: 0.537017
55799: 0.537007
55800: 0.537015
55801: 0.537024
55802: 0.537014
55803: 0.537022
55804: 0.537013
55805: 0.537021
55806: 0.537029
55807: 0.53702
55808: 0.53701
55809: 0.537001
55810: 0.536991
55811: 0.536999
55812: 0.53699
55813: 0.536998
55814: 0.537006
55815: 0.537014
55816: 0.537005
55817: 0.536995
55818: 0.536986
55819: 0.536994
55820: 0.537002
55821: 0.536993
55822: 0.536983
55823: 0.536973
55824: 0.536982
55825: 0.53699
55826: 0.536998
55827: 0.537007
55828: 0.536997
55829: 0.536987
55830: 0.536978
55831: 0.536968
55832: 0.536958
55833: 0.536967
55834: 0.536975
55835: 0.536983
55836: 0.536992
55837: 0.537
55838: 0.53699
55839: 0.536981
55840: 0.536971
55841: 0.536979
55842: 0.536988
55843: 0.536996
55844: 0.536986
55845: 0.536995
55846: 0.537003
55847: 0.536993
55848: 0.536984
55849: 0.536992
55850: 0.537
55851: 0.537009
55852: 0.537017
55853: 0.537025
55854: 0.537033
55855: 0.537024
55856: 0.537032
55857: 0.53704
55858: 0.537031
55859: 0.537021
55860: 0.537012
55861: 0.53702
55862: 0.53701
55863: 0.537018
55864: 0.537009
55865: 0.537017
55866: 0.537008
55867: 0.536998
55868: 0.537006
55869: 0.537014
55870: 0.537023
55871: 0.537013
55872: 0.537004
55873: 0.537012
55874: 0.53702
55875: 0.537011
55876: 0.537019
55877: 0.537027
55878: 0.537035
55879: 0.537026
55880: 0.537016
55881: 0.537024
55882: 0.537033
55883: 0.537041
55884: 0.537031
55885: 0.53704
55886: 0.53703
55887: 0.53702
55888: 0.537029
55889: 0.537019
55890: 0.537027
55891: 0.537018
55892: 0.537026
55893: 0.537034
55894: 0.537025
55895: 0.537015
55896: 0.537023
55897: 0.537032
55898: 0.53704
55899: 0.53703
55900: 0.537039
55901: 0.537029
55902: 0.537019
55903: 0.53701
55904: 0.537018
55905: 0.537026
55906: 0.537035
55907: 0.537043
55908: 0.537051
55909: 0.53706
55910: 0.53705
55911: 0.537058
55912: 0.537049
55913: 0.537039
55914: 0.537029
55915: 0.53702
55916: 0.537028
55917: 0.537036
55918: 0.537027
55919: 0.537035
55920: 0.537043
55921: 0.537034
55922: 0.537024
55923: 0.537015
55924: 0.537005
55925: 0.537013
55926: 0.537021
55927: 0.537012
55928: 0.537002
55929: 0.536993
55930: 0.536983
55931: 0.536991
55932: 0.536982
55933: 0.53699
55934: 0.536998
55935: 0.537007
55936: 0.537015
55937: 0.537005
55938: 0.536996
55939: 0.537004
55940: 0.536994
55941: 0.537003
55942: 0.536993
55943: 0.537001
55944: 0.536992
55945: 0.536982
55946: 0.536972
55947: 0.536963
55948: 0.536971
55949: 0.536962
55950: 0.53697
55951: 0.536978
55952: 0.536986
55953: 0.536977
55954: 0.536967
55955: 0.536975
55956: 0.536984
55957: 0.536974
55958: 0.536982
55959: 0.536991
55960: 0.536981
55961: 0.536989
55962: 0.53698
55963: 0.53697
55964: 0.536978
55965: 0.536987
55966: 0.536977
55967: 0.536968
55968: 0.536958
55969: 0.536948
55970: 0.536957
55971: 0.536947
55972: 0.536955
55973: 0.536946
55974: 0.536936
55975: 0.536927
55976: 0.536935
55977: 0.536943
55978: 0.536951
55979: 0.53696
55980: 0.536968
55981: 0.536976
55982: 0.536967
55983: 0.536975
55984: 0.536983
55985: 0.536991
55986: 0.536982
55987: 0.536972
55988: 0.536963
55989: 0.536971
55990: 0.536961
55991: 0.536952
55992: 0.536942
55993: 0.536933
55994: 0.536941
55995: 0.536949
55996: 0.536957
55997: 0.536966
55998: 0.536974
55999: 0.536982
56000: 0.53699
56001: 0.536999
56002: 0.536989
56003: 0.53698
56004: 0.536988
56005: 0.536996
56006: 0.537004
56007: 0.536995
56008: 0.536985
56009: 0.536976
56010: 0.536966
56011: 0.536956
56012: 0.536947
56013: 0.536937
56014: 0.536928
56015: 0.536936
56016: 0.536926
56017: 0.536917
56018: 0.536925
56019: 0.536915
56020: 0.536924
56021: 0.536932
56022: 0.536922
56023: 0.536931
56024: 0.536939
56025: 0.536929
56026: 0.53692
56027: 0.53691
56028: 0.536901
56029: 0.536909
56030: 0.536917
56031: 0.536925
56032: 0.536934
56033: 0.536924
56034: 0.536932
56035: 0.536923
56036: 0.536913
56037: 0.536921
56038: 0.536912
56039: 0.53692
56040: 0.536928
56041: 0.536919
56042: 0.536927
56043: 0.536935
56044: 0.536944
56045: 0.536952
56046: 0.53696
56047: 0.53695
56048: 0.536941
56049: 0.536949
56050: 0.536957
56051: 0.536948
56052: 0.536956
56053: 0.536947
56054: 0.536937
56055: 0.536927
56056: 0.536936
56057: 0.536944
56058: 0.536952
56059: 0.53696
56060: 0.536969
56061: 0.536959
56062: 0.536967
56063: 0.536976
56064: 0.536984
56065: 0.536992
56066: 0.536983
56067: 0.536991
56068: 0.536999
56069: 0.536989
56070: 0.536998
56071: 0.537006
56072: 0.537014
56073: 0.537023
56074: 0.537031
56075: 0.537021
56076: 0.537012
56077: 0.537002
56078: 0.53701
56079: 0.537019
56080: 0.537009
56081: 0.536999
56082: 0.53699
56083: 0.536998
56084: 0.537006
56085: 0.536997
56086: 0.536987
56087: 0.536978
56088: 0.536986
56089: 0.536976
56090: 0.536985
56091: 0.536993
56092: 0.537001
56093: 0.537009
56094: 0.537018
56095: 0.537026
56096: 0.537034
56097: 0.537042
56098: 0.537051
56099: 0.537059
56100: 0.537067
56101: 0.537075
56102: 0.537084
56103: 0.537074
56104: 0.537082
56105: 0.537073
56106: 0.537063
56107: 0.537071
56108: 0.53708
56109: 0.537088
56110: 0.537078
56111: 0.537069
56112: 0.537077
56113: 0.537085
56114: 0.537093
56115: 0.537102
56116: 0.537092
56117: 0.537083
56118: 0.537073
56119: 0.537063
56120: 0.537072
56121: 0.537062
56122: 0.53707
56123: 0.537079
56124: 0.537087
56125: 0.537095
56126: 0.537086
56127: 0.537076
56128: 0.537084
56129: 0.537092
56130: 0.537083
56131: 0.537091
56132: 0.537099
56133: 0.537108
56134: 0.537098
56135: 0.537088
56136: 0.537097
56137: 0.537087
56138: 0.537078
56139: 0.537086
56140: 0.537094
56141: 0.537085
56142: 0.537075
56143: 0.537065
56144: 0.537074
56145: 0.537082
56146: 0.53709
56147: 0.537098
56148: 0.537107
56149: 0.537097
56150: 0.537087
56151: 0.537078
56152: 0.537068
56153: 0.537077
56154: 0.537067
56155: 0.537075
56156: 0.537084
56157: 0.537074
56158: 0.537064
56159: 0.537073
56160: 0.537081
56161: 0.537071
56162: 0.537062
56163: 0.537052
56164: 0.53706
56165: 0.537069
56166: 0.537059
56167: 0.53705
56168: 0.53704
56169: 0.537048
56170: 0.537056
56171: 0.537065
56172: 0.537073
56173: 0.537063
56174: 0.537072
56175: 0.537062
56176: 0.53707
56177: 0.537079
56178: 0.537087
56179: 0.537095
56180: 0.537085
56181: 0.537076
56182: 0.537084
56183: 0.537075
56184: 0.537065
56185: 0.537055
56186: 0.537046
56187: 0.537036
56188: 0.537027
56189: 0.537035
56190: 0.537043
56191: 0.537052
56192: 0.53706
56193: 0.53705
56194: 0.537041
56195: 0.537031
56196: 0.537039
56197: 0.537048
56198: 0.537056
56199: 0.537064
56200: 0.537055
56201: 0.537045
56202: 0.537035
56203: 0.537026
56204: 0.537034
56205: 0.537025
56206: 0.537033
56207: 0.537023
56208: 0.537031
56209: 0.537022
56210: 0.537012
56211: 0.537021
56212: 0.537011
56213: 0.537019
56214: 0.537027
56215: 0.537036
56216: 0.537044
56217: 0.537052
56218: 0.537043
56219: 0.537051
56220: 0.537059
56221: 0.53705
56222: 0.537058
56223: 0.537048
56224: 0.537039
56225: 0.537029
56226: 0.537037
56227: 0.537046
56228: 0.537036
56229: 0.537026
56230: 0.537035
56231: 0.537043
56232: 0.537033
56233: 0.537024
56234: 0.537014
56235: 0.537005
56236: 0.536995
56237: 0.537003
56238: 0.536994
56239: 0.536984
56240: 0.536993
56241: 0.537001
56242: 0.536991
56243: 0.537
56244: 0.537008
56245: 0.537016
56246: 0.537024
56247: 0.537032
56248: 0.537023
56249: 0.537031
56250: 0.537022
56251: 0.537012
56252: 0.537002
56253: 0.536993
56254: 0.537001
56255: 0.536992
56256: 0.537
56257: 0.53699
56258: 0.536999
56259: 0.536989
56260: 0.536979
56261: 0.536988
56262: 0.536978
56263: 0.536969
56264: 0.536959
56265: 0.536967
56266: 0.536975
56267: 0.536984
56268: 0.536974
56269: 0.536965
56270: 0.536973
56271: 0.536963
56272: 0.536954
56273: 0.536962
56274: 0.536952
56275: 0.536943
56276: 0.536951
56277: 0.536942
56278: 0.53695
56279: 0.53694
56280: 0.536949
56281: 0.536957
56282: 0.536947
56283: 0.536938
56284: 0.536946
56285: 0.536954
56286: 0.536962
56287: 0.536971
56288: 0.536961
56289: 0.536969
56290: 0.53696
56291: 0.53695
56292: 0.536958
56293: 0.536967
56294: 0.536957
56295: 0.536948
56296: 0.536938
56297: 0.536946
56298: 0.536937
56299: 0.536927
56300: 0.536935
56301: 0.536926
56302: 0.536934
56303: 0.536942
56304: 0.536951
56305: 0.536959
56306: 0.536949
56307: 0.536957
56308: 0.536948
56309: 0.536956
56310: 0.536964
56311: 0.536973
56312: 0.536963
56313: 0.536971
56314: 0.536979
56315: 0.53697
56316: 0.53696
56317: 0.536969
56318: 0.536959
56319: 0.536967
56320: 0.536976
56321: 0.536966
56322: 0.536974
56323: 0.536965
56324: 0.536955
56325: 0.536963
56326: 0.536954
56327: 0.536944
56328: 0.536953
56329: 0.536943
56330: 0.536933
56331: 0.536924
56332: 0.536914
56333: 0.536905
56334: 0.536895
56335: 0.536886
56336: 0.536876
56337: 0.536885
56338: 0.536875
56339: 0.536865
56340: 0.536874
56341: 0.536882
56342: 0.53689
56343: 0.536898
56344: 0.536889
56345: 0.536879
56346: 0.53687
56347: 0.53686
56348: 0.536851
56349: 0.536841
56350: 0.536849
56351: 0.536858
56352: 0.536848
56353: 0.536839
56354: 0.536829
56355: 0.53682
56356: 0.53681
56357: 0.536818
56358: 0.536809
56359: 0.536799
56360: 0.536807
56361: 0.536816
56362: 0.536824
56363: 0.536832
56364: 0.53684
56365: 0.536848
56366: 0.536857
56367: 0.536847
56368: 0.536838
56369: 0.536828
56370: 0.536819
56371: 0.536809
56372: 0.5368
56373: 0.53679
56374: 0.53678
56375: 0.536789
56376: 0.536797
56377: 0.536805
56378: 0.536813
56379: 0.536822
56380: 0.53683
56381: 0.536838
56382: 0.536828
56383: 0.536819
56384: 0.536809
56385: 0.536818
56386: 0.536808
56387: 0.536799
56388: 0.536789
56389: 0.53678
56390: 0.53677
56391: 0.536778
56392: 0.536786
56393: 0.536777
56394: 0.536767
56395: 0.536776
56396: 0.536784
56397: 0.536792
56398: 0.536783
56399: 0.536773
56400: 0.536781
56401: 0.536772
56402: 0.53678
56403: 0.536788
56404: 0.536796
56405: 0.536787
56406: 0.536777
56407: 0.536786
56408: 0.536776
56409: 0.536784
56410: 0.536775
56411: 0.536765
56412: 0.536773
56413: 0.536782
56414: 0.536772
56415: 0.53678
56416: 0.536771
56417: 0.536761
56418: 0.53677
56419: 0.53676
56420: 0.536768
56421: 0.536776
56422: 0.536785
56423: 0.536793
56424: 0.536801
56425: 0.536809
56426: 0.5368
56427: 0.536808
56428: 0.536798
56429: 0.536807
56430: 0.536797
56431: 0.536788
56432: 0.536796
56433: 0.536804
56434: 0.536812
56435: 0.53682
56436: 0.536829
56437: 0.536819
56438: 0.53681
56439: 0.536818
56440: 0.536826
56441: 0.536817
56442: 0.536807
56443: 0.536815
56444: 0.536823
56445: 0.536832
56446: 0.53684
56447: 0.53683
56448: 0.536821
56449: 0.536811
56450: 0.536802
56451: 0.53681
56452: 0.536801
56453: 0.536791
56454: 0.536782
56455: 0.536772
56456: 0.53678
56457: 0.536771
56458: 0.536779
56459: 0.536787
56460: 0.536795
56461: 0.536786
56462: 0.536776
56463: 0.536784
56464: 0.536775
56465: 0.536783
56466: 0.536791
56467: 0.5368
56468: 0.536808
56469: 0.536816
56470: 0.536824
56471: 0.536832
56472: 0.536841
56473: 0.536849
56474: 0.536839
56475: 0.53683
56476: 0.53682
56477: 0.536811
56478: 0.536819
56479: 0.536827
56480: 0.536835
56481: 0.536826
56482: 0.536834
56483: 0.536825
56484: 0.536833
56485: 0.536841
56486: 0.536831
56487: 0.53684
56488: 0.536848
56489: 0.536856
56490: 0.536847
56491: 0.536837
56492: 0.536845
56493: 0.536853
56494: 0.536862
56495: 0.53687
56496: 0.53686
56497: 0.536869
56498: 0.536877
56499: 0.536885
56500: 0.536893
56501: 0.536901
56502: 0.536892
56503: 0.536882
56504: 0.536891
56505: 0.536881
56506: 0.536889
56507: 0.536897
56508: 0.536888
56509: 0.536896
56510: 0.536887
56511: 0.536877
56512: 0.536868
56513: 0.536858
56514: 0.536866
56515: 0.536875
56516: 0.536865
56517: 0.536873
56518: 0.536881
56519: 0.536872
56520: 0.536862
56521: 0.536853
56522: 0.536843
56523: 0.536852
56524: 0.536842
56525: 0.536833
56526: 0.536841
56527: 0.536849
56528: 0.536857
56529: 0.536848
56530: 0.536856
56531: 0.536864
56532: 0.536872
56533: 0.53688
56534: 0.536889
56535: 0.536879
56536: 0.536887
56537: 0.536878
56538: 0.536868
56539: 0.536877
56540: 0.536867
56541: 0.536858
56542: 0.536866
56543: 0.536874
56544: 0.536882
56545: 0.53689
56546: 0.536881
56547: 0.536871
56548: 0.53688
56549: 0.53687
56550: 0.536861
56551: 0.536869
56552: 0.536859
56553: 0.53685
56554: 0.536858
56555: 0.536866
56556: 0.536857
56557: 0.536865
56558: 0.536855
56559: 0.536846
56560: 0.536836
56561: 0.536845
56562: 0.536835
56563: 0.536826
56564: 0.536834
56565: 0.536842
56566: 0.53685
56567: 0.536841
56568: 0.536849
56569: 0.536857
56570: 0.536865
56571: 0.536856
56572: 0.536864
56573: 0.536872
56574: 0.53688
56575: 0.536871
56576: 0.536861
56577: 0.536852
56578: 0.536842
56579: 0.53685
56580: 0.536859
56581: 0.536849
56582: 0.536857
56583: 0.536848
56584: 0.536838
56585: 0.536847
56586: 0.536855
56587: 0.536845
56588: 0.536853
56589: 0.536844
56590: 0.536834
56591: 0.536843
56592: 0.536833
56593: 0.536824
56594: 0.536832
56595: 0.536822
56596: 0.536813
56597: 0.536821
56598: 0.536829
56599: 0.536837
56600: 0.536846
56601: 0.536854
56602: 0.536844
56603: 0.536835
56604: 0.536843
56605: 0.536851
56606: 0.536842
56607: 0.53685
56608: 0.536858
56609: 0.536866
56610: 0.536874
56611: 0.536883
56612: 0.536891
56613: 0.536899
56614: 0.536907
56615: 0.536915
56616: 0.536924
56617: 0.536914
56618: 0.536905
56619: 0.536913
56620: 0.536903
56621: 0.536894
56622: 0.536902
56623: 0.53691
56624: 0.536901
56625: 0.536891
56626: 0.536882
56627: 0.536872
56628: 0.536863
56629: 0.536853
56630: 0.536844
56631: 0.536834
56632: 0.536825
56633: 0.536833
56634: 0.536841
56635: 0.536832
56636: 0.536822
56637: 0.536813
56638: 0.536821
56639: 0.536829
56640: 0.536837
56641: 0.536828
56642: 0.536818
56643: 0.536826
56644: 0.536817
56645: 0.536808
56646: 0.536798
56647: 0.536789
56648: 0.536797
56649: 0.536805
56650: 0.536813
56651: 0.536821
56652: 0.536829
56653: 0.536838
56654: 0.536846
56655: 0.536854
56656: 0.536845
56657: 0.536835
56658: 0.536843
56659: 0.536834
56660: 0.536824
56661: 0.536815
56662: 0.536805
56663: 0.536796
56664: 0.536804
56665: 0.536812
56666: 0.53682
56667: 0.536829
56668: 0.536819
56669: 0.536827
56670: 0.536835
56671: 0.536844
56672: 0.536852
56673: 0.53686
56674: 0.536868
56675: 0.536859
56676: 0.536867
56677: 0.536875
56678: 0.536883
56679: 0.536874
56680: 0.536864
56681: 0.536872
56682: 0.536881
56683: 0.536871
56684: 0.536862
56685: 0.536852
56686: 0.536843
56687: 0.536833
56688: 0.536824
56689: 0.536832
56690: 0.53684
56691: 0.536848
56692: 0.536856
56693: 0.536847
56694: 0.536855
56695: 0.536863
56696: 0.536871
56697: 0.53688
56698: 0.536888
56699: 0.536878
56700: 0.536886
56701: 0.536895
56702: 0.536903
56703: 0.536893
56704: 0.536902
56705: 0.536892
56706: 0.5369
56707: 0.536908
56708: 0.536899
56709: 0.536889
56710: 0.536898
56711: 0.536888
56712: 0.536879
56713: 0.536869
56714: 0.536877
56715: 0.536886
56716: 0.536876
56717: 0.536867
56718: 0.536875
56719: 0.536883
56720: 0.536891
56721: 0.536882
56722: 0.53689
56723: 0.53688
56724: 0.536888
56725: 0.536879
56726: 0.536887
56727: 0.536895
56728: 0.536886
56729: 0.536894
56730: 0.536902
56731: 0.536893
56732: 0.536883
56733: 0.536874
56734: 0.536882
56735: 0.53689
56736: 0.536898
56737: 0.536889
56738: 0.536897
56739: 0.536888
56740: 0.536878
56741: 0.536869
56742: 0.536859
56743: 0.53685
56744: 0.53684
56745: 0.536831
56746: 0.536821
56747: 0.536829
56748: 0.53682
56749: 0.536828
56750: 0.536819
56751: 0.536827
56752: 0.536835
56753: 0.536843
56754: 0.536851
56755: 0.53686
56756: 0.53685
56757: 0.536841
56758: 0.536849
56759: 0.536857
56760: 0.536865
56761: 0.536856
56762: 0.536864
56763: 0.536854
56764: 0.536863
56765: 0.536853
56766: 0.536861
56767: 0.536869
56768: 0.53686
56769: 0.53685
56770: 0.536841
56771: 0.536832
56772: 0.536822
56773: 0.536813
56774: 0.536803
56775: 0.536794
56776: 0.536802
56777: 0.53681
56778: 0.536818
56779: 0.536826
56780: 0.536817
56781: 0.536807
56782: 0.536816
56783: 0.536806
56784: 0.536814
56785: 0.536805
56786: 0.536795
56787: 0.536786
56788: 0.536794
56789: 0.536785
56790: 0.536775
56791: 0.536783
56792: 0.536774
56793: 0.536764
56794: 0.536773
56795: 0.536781
56796: 0.536789
56797: 0.536779
56798: 0.536788
56799: 0.536778
56800: 0.536769
56801: 0.536777
56802: 0.536785
56803: 0.536776
56804: 0.536766
56805: 0.536774
56806: 0.536782
56807: 0.536773
56808: 0.536764
56809: 0.536772
56810: 0.536762
56811: 0.53677
56812: 0.536761
56813: 0.536752
56814: 0.536742
56815: 0.536733
56816: 0.536723
56817: 0.536731
56818: 0.536739
56819: 0.536748
56820: 0.536756
56821: 0.536746
56822: 0.536737
56823: 0.536727
56824: 0.536736
56825: 0.536726
56826: 0.536734
56827: 0.536725
56828: 0.536715
56829: 0.536724
56830: 0.536714
56831: 0.536722
56832: 0.53673
56833: 0.536721
56834: 0.536712
56835: 0.536702
56836: 0.53671
56837: 0.536701
56838: 0.536691
56839: 0.5367
56840: 0.536708
56841: 0.536716
56842: 0.536724
56843: 0.536732
56844: 0.53674
56845: 0.536731
56846: 0.536721
56847: 0.53673
56848: 0.536738
56849: 0.536746
56850: 0.536736
56851: 0.536727
56852: 0.536717
56853: 0.536708
56854: 0.536716
56855: 0.536724
56856: 0.536733
56857: 0.536741
56858: 0.536749
56859: 0.536757
56860: 0.536765
56861: 0.536756
56862: 0.536746
56863: 0.536737
56864: 0.536745
56865: 0.536735
56866: 0.536744
56867: 0.536752
56868: 0.53676
56869: 0.536768
56870: 0.536776
56871: 0.536767
56872: 0.536775
56873: 0.536765
56874: 0.536774
56875: 0.536782
56876: 0.53679
56877: 0.536798
56878: 0.536806
56879: 0.536797
56880: 0.536805
56881: 0.536813
56882: 0.536804
56883: 0.536794
56884: 0.536802
56885: 0.53681
56886: 0.536819
56887: 0.536809
56888: 0.536817
56889: 0.536825
56890: 0.536834
56891: 0.536824
56892: 0.536832
56893: 0.53684
56894: 0.536831
56895: 0.536822
56896: 0.536812
56897: 0.53682
56898: 0.536828
56899: 0.536837
56900: 0.536845
56901: 0.536853
56902: 0.536861
56903: 0.536869
56904: 0.536877
56905: 0.536885
56906: 0.536876
56907: 0.536884
56908: 0.536892
56909: 0.536883
56910: 0.536873
56911: 0.536882
56912: 0.53689
56913: 0.536898
56914: 0.536888
56915: 0.536896
56916: 0.536905
56917: 0.536895
56918: 0.536903
56919: 0.536911
56920: 0.536902
56921: 0.53691
56922: 0.536901
56923: 0.536909
56924: 0.536899
56925: 0.53689
56926: 0.536898
56927: 0.536889
56928: 0.536879
56929: 0.536887
56930: 0.536896
56931: 0.536886
56932: 0.536894
56933: 0.536902
56934: 0.536911
56935: 0.536919
56936: 0.536927
56937: 0.536935
56938: 0.536943
56939: 0.536934
56940: 0.536942
56941: 0.536932
56942: 0.536923
56943: 0.536931
56944: 0.536939
56945: 0.53693
56946: 0.53692
56947: 0.536911
56948: 0.536919
56949: 0.53691
56950: 0.5369
56951: 0.536908
56952: 0.536916
56953: 0.536925
56954: 0.536933
56955: 0.536923
56956: 0.536914
56957: 0.536904
56958: 0.536895
56959: 0.536903
56960: 0.536894
56961: 0.536902
56962: 0.53691
56963: 0.536918
56964: 0.536909
56965: 0.536917
56966: 0.536907
56967: 0.536898
56968: 0.536888
56969: 0.536879
56970: 0.536887
56971: 0.536878
56972: 0.536868
56973: 0.536876
56974: 0.536885
56975: 0.536893
56976: 0.536901
56977: 0.536909
56978: 0.536917
56979: 0.536925
56980: 0.536916
56981: 0.536906
56982: 0.536915
56983: 0.536905
56984: 0.536913
56985: 0.536904
56986: 0.536912
56987: 0.53692
56988: 0.536911
56989: 0.536919
56990: 0.536909
56991: 0.536917
56992: 0.536908
56993: 0.536899
56994: 0.536889
56995: 0.53688
56996: 0.536888
56997: 0.536878
56998: 0.536887
56999: 0.536895
57000: 0.536885
57001: 0.536893
57002: 0.536884
57003: 0.536892
57004: 0.5369
57005: 0.536891
57006: 0.536899
57007: 0.53689
57008: 0.536898
57009: 0.536906
57010: 0.536914
57011: 0.536922
57012: 0.536913
57013: 0.536921
57014: 0.536929
57015: 0.536919
57016: 0.53691
57017: 0.536918
57018: 0.536926
57019: 0.536934
57020: 0.536925
57021: 0.536933
57022: 0.536941
57023: 0.536949
57024: 0.53694
57025: 0.536931
57026: 0.536939
57027: 0.536929
57028: 0.536937
57029: 0.536928
57030: 0.536936
57031: 0.536927
57032: 0.536935
57033: 0.536943
57034: 0.536951
57035: 0.536942
57036: 0.53695
57037: 0.53694
57038: 0.536948
57039: 0.536957
57040: 0.536965
57041: 0.536955
57042: 0.536963
57043: 0.536971
57044: 0.536962
57045: 0.53697
57046: 0.536961
57047: 0.536969
57048: 0.536977
57049: 0.536968
57050: 0.536958
57051: 0.536949
57052: 0.536957
57053: 0.536965
57054: 0.536956
57055: 0.536946
57056: 0.536937
57057: 0.536945
57058: 0.536953
57059: 0.536944
57060: 0.536934
57061: 0.536925
57062: 0.536933
57063: 0.536941
57064: 0.536932
57065: 0.53694
57066: 0.536948
57067: 0.536938
57068: 0.536929
57069: 0.53692
57070: 0.536928
57071: 0.536918
57072: 0.536926
57073: 0.536917
57074: 0.536908
57075: 0.536898
57076: 0.536889
57077: 0.536879
57078: 0.53687
57079: 0.536861
57080: 0.536869
57081: 0.536877
57082: 0.536885
57083: 0.536893
57084: 0.536901
57085: 0.536909
57086: 0.536917
57087: 0.536925
57088: 0.536934
57089: 0.536942
57090: 0.536932
57091: 0.536923
57092: 0.536931
57093: 0.536922
57094: 0.536912
57095: 0.53692
57096: 0.536928
57097: 0.536919
57098: 0.53691
57099: 0.5369
57100: 0.536891
57101: 0.536899
57102: 0.536907
57103: 0.536898
57104: 0.536888
57105: 0.536879
57106: 0.536869
57107: 0.536877
57108: 0.536868
57109: 0.536876
57110: 0.536867
57111: 0.536875
57112: 0.536866
57113: 0.536856
57114: 0.536864
57115: 0.536872
57116: 0.53688
57117: 0.536889
57118: 0.536897
57119: 0.536905
57120: 0.536913
57121: 0.536921
57122: 0.536929
57123: 0.53692
57124: 0.536928
57125: 0.536918
57126: 0.536909
57127: 0.536917
57128: 0.536908
57129: 0.536898
57130: 0.536906
57131: 0.536915
57132: 0.536923
57133: 0.536931
57134: 0.536921
57135: 0.536929
57136: 0.536938
57137: 0.536946
57138: 0.536954
57139: 0.536962
57140: 0.53697
57141: 0.536961
57142: 0.536969
57143: 0.536959
57144: 0.53695
57145: 0.53694
57146: 0.536931
57147: 0.536922
57148: 0.53693
57149: 0.53692
57150: 0.536911
57151: 0.536902
57152: 0.53691
57153: 0.536918
57154: 0.536926
57155: 0.536934
57156: 0.536925
57157: 0.536933
57158: 0.536923
57159: 0.536931
57160: 0.53694
57161: 0.536948
57162: 0.536956
57163: 0.536964
57164: 0.536972
57165: 0.536963
57166: 0.536971
57167: 0.536961
57168: 0.536969
57169: 0.53696
57170: 0.536968
57171: 0.536976
57172: 0.536984
57173: 0.536992
57174: 0.536983
57175: 0.536991
57176: 0.536982
57177: 0.53699
57178: 0.53698
57179: 0.536988
57180: 0.536979
57181: 0.53697
57182: 0.53696
57183: 0.536951
57184: 0.536959
57185: 0.536967
57186: 0.536958
57187: 0.536966
57188: 0.536974
57189: 0.536982
57190: 0.53699
57191: 0.536981
57192: 0.536989
57193: 0.536997
57194: 0.537005
57195: 0.536996
57196: 0.537004
57197: 0.537012
57198: 0.53702
57199: 0.53701
57200: 0.537001
57201: 0.536992
57202: 0.536982
57203: 0.536973
57204: 0.536964
57205: 0.536972
57206: 0.53698
57207: 0.53697
57208: 0.536961
57209: 0.536969
57210: 0.536977
57211: 0.536985
57212: 0.536993
57213: 0.536984
57214: 0.536992
57215: 0.536983
57216: 0.536973
57217: 0.536981
57218: 0.536989
57219: 0.53698
57220: 0.536971
57221: 0.536979
57222: 0.536969
57223: 0.536977
57224: 0.536986
57225: 0.536976
57226: 0.536984
57227: 0.536992
57228: 0.537
57229: 0.537009
57230: 0.537017
57231: 0.537007
57232: 0.536998
57233: 0.536989
57234: 0.536979
57235: 0.536987
57236: 0.536995
57237: 0.536986
57238: 0.536994
57239: 0.537002
57240: 0.53701
57241: 0.537018
57242: 0.537026
57243: 0.537034
57244: 0.537025
57245: 0.537033
57246: 0.537024
57247: 0.537014
57248: 0.537022
57249: 0.537031
57250: 0.537039
57251: 0.537029
57252: 0.53702
57253: 0.537011
57254: 0.537019
57255: 0.537027
57256: 0.537035
57257: 0.537043
57258: 0.537051
57259: 0.537059
57260: 0.537067
57261: 0.537075
57262: 0.537083
57263: 0.537091
57264: 0.537099
57265: 0.53709
57266: 0.537081
57267: 0.537071
57268: 0.537079
57269: 0.53707
57270: 0.537061
57271: 0.537051
57272: 0.537042
57273: 0.537033
57274: 0.537041
57275: 0.537049
57276: 0.537039
57277: 0.537047
57278: 0.537038
57279: 0.537029
57280: 0.537019
57281: 0.537027
57282: 0.537035
57283: 0.537026
57284: 0.537017
57285: 0.537025
57286: 0.537033
57287: 0.537041
57288: 0.537032
57289: 0.53704
57290: 0.53703
57291: 0.537021
57292: 0.537029
57293: 0.537037
57294: 0.537045
57295: 0.537053
57296: 0.537044
57297: 0.537052
57298: 0.53706
57299: 0.537068
57300: 0.537059
57301: 0.537067
57302: 0.537057
57303: 0.537065
57304: 0.537074
57305: 0.537064
57306: 0.537055
57307: 0.537063
57308: 0.537054
57309: 0.537044
57310: 0.537035
57311: 0.537043
57312: 0.537033
57313: 0.537042
57314: 0.53705
57315: 0.537058
57316: 0.537066
57317: 0.537056
57318: 0.537064
57319: 0.537073
57320: 0.537081
57321: 0.537089
57322: 0.537097
57323: 0.537087
57324: 0.537078
57325: 0.537069
57326: 0.537077
57327: 0.537067
57328: 0.537075
57329: 0.537066
57330: 0.537057
57331: 0.537047
57332: 0.537055
57333: 0.537046
57334: 0.537054
57335: 0.537062
57336: 0.53707
57337: 0.537078
57338: 0.537086
57339: 0.537095
57340: 0.537085
57341: 0.537076
57342: 0.537066
57343: 0.537074
57344: 0.537065
57345: 0.537073
57346: 0.537081
57347: 0.537072
57348: 0.53708
57349: 0.537088
57350: 0.537096
57351: 0.537104
57352: 0.537095
57353: 0.537103
57354: 0.537094
57355: 0.537084
57356: 0.537092
57357: 0.5371
57358: 0.537091
57359: 0.537082
57360: 0.537072
57361: 0.537063
57362: 0.537071
57363: 0.537079
57364: 0.537087
57365: 0.537095
57366: 0.537086
57367: 0.537094
57368: 0.537102
57369: 0.53711
57370: 0.537118
57371: 0.537109
57372: 0.537099
57373: 0.53709
57374: 0.537081
57375: 0.537071
57376: 0.537079
57377: 0.53707
57378: 0.537061
57379: 0.537069
57380: 0.537059
57381: 0.53705
57382: 0.537058
57383: 0.537049
57384: 0.537039
57385: 0.537047
57386: 0.537055
57387: 0.537063
57388: 0.537054
57389: 0.537062
57390: 0.537053
57391: 0.537061
57392: 0.537069
57393: 0.537077
57394: 0.537085
57395: 0.537076
57396: 0.537084
57397: 0.537092
57398: 0.5371
57399: 0.537091
57400: 0.537081
57401: 0.537089
57402: 0.53708
57403: 0.537071
57404: 0.537061
57405: 0.537069
57406: 0.537077
57407: 0.537085
57408: 0.537076
57409: 0.537067
57410: 0.537075
57411: 0.537083
57412: 0.537073
57413: 0.537064
57414: 0.537055
57415: 0.537045
57416: 0.537036
57417: 0.537044
57418: 0.537035
57419: 0.537043
57420: 0.537051
57421: 0.537042
57422: 0.537032
57423: 0.537023
57424: 0.537013
57425: 0.537004
57426: 0.537012
57427: 0.53702
57428: 0.537011
57429: 0.537019
57430: 0.537027
57431: 0.537018
57432: 0.537026
57433: 0.537016
57434: 0.537024
57435: 0.537033
57436: 0.537041
57437: 0.537049
57438: 0.537039
57439: 0.53703
57440: 0.537021
57441: 0.537011
57442: 0.537019
57443: 0.53701
57444: 0.537018
57445: 0.537009
57446: 0.536999
57447: 0.537007
57448: 0.537015
57449: 0.537006
57450: 0.536997
57451: 0.536987
57452: 0.536995
57453: 0.537004
57454: 0.537012
57455: 0.53702
57456: 0.537028
57457: 0.537018
57458: 0.537026
57459: 0.537017
57460: 0.537025
57461: 0.537016
57462: 0.537006
57463: 0.536997
57464: 0.536988
57465: 0.536996
57466: 0.537004
57467: 0.536995
57468: 0.537003
57469: 0.537011
57470: 0.537019
57471: 0.537027
57472: 0.537035
57473: 0.537025
57474: 0.537033
57475: 0.537024
57476: 0.537032
57477: 0.53704
57478: 0.537031
57479: 0.537022
57480: 0.537012
57481: 0.53702
57482: 0.537028
57483: 0.537019
57484: 0.537027
57485: 0.537018
57486: 0.537026
57487: 0.537016
57488: 0.537024
57489: 0.537015
57490: 0.537023
57491: 0.537014
57492: 0.537005
57493: 0.537013
57494: 0.537003
57495: 0.537011
57496: 0.537019
57497: 0.537027
57498: 0.537035
57499: 0.537026
57500: 0.537017
57501: 0.537007
57502: 0.537015
57503: 0.537024
57504: 0.537032
57505: 0.53704
57506: 0.537048
57507: 0.537056
57508: 0.537064
57509: 0.537072
57510: 0.537062
57511: 0.537053
57512: 0.537061
57513: 0.537052
57514: 0.537043
57515: 0.537051
57516: 0.537059
57517: 0.537067
57518: 0.537075
57519: 0.537065
57520: 0.537073
57521: 0.537081
57522: 0.53709
57523: 0.53708
57524: 0.537088
57525: 0.537096
57526: 0.537087
57527: 0.537078
57528: 0.537068
57529: 0.537076
57530: 0.537067
57531: 0.537075
57532: 0.537066
57533: 0.537056
57534: 0.537064
57535: 0.537072
57536: 0.53708
57537: 0.537089
57538: 0.537097
57539: 0.537105
57540: 0.537113
57541: 0.537121
57542: 0.537111
57543: 0.537119
57544: 0.537127
57545: 0.537118
57546: 0.537126
57547: 0.537134
57548: 0.537142
57549: 0.537133
57550: 0.537141
57551: 0.537132
57552: 0.537122
57553: 0.537113
57554: 0.537121
57555: 0.537129
57556: 0.53712
57557: 0.53711
57558: 0.537118
57559: 0.537126
57560: 0.537135
57561: 0.537143
57562: 0.537133
57563: 0.537124
57564: 0.537132
57565: 0.53714
57566: 0.537131
57567: 0.537139
57568: 0.537147
57569: 0.537137
57570: 0.537128
57571: 0.537136
57572: 0.537144
57573: 0.537152
57574: 0.53716
57575: 0.537168
57576: 0.537176
57577: 0.537184
57578: 0.537175
57579: 0.537166
57580: 0.537156
57581: 0.537164
57582: 0.537172
57583: 0.537163
57584: 0.537154
57585: 0.537162
57586: 0.53717
57587: 0.537161
57588: 0.537151
57589: 0.537159
57590: 0.537167
57591: 0.537158
57592: 0.537166
57593: 0.537157
57594: 0.537165
57595: 0.537173
57596: 0.537181
57597: 0.537189
57598: 0.537197
57599: 0.537188
57600: 0.537178
57601: 0.537169
57602: 0.537177
57603: 0.537185
57604: 0.537193
57605: 0.537184
57606: 0.537192
57607: 0.5372
57608: 0.53719
57609: 0.537198
57610: 0.537206
57611: 0.537214
57612: 0.537223
57613: 0.537231
57614: 0.537221
57615: 0.537229
57616: 0.537237
57617: 0.537228
57618: 0.537236
57619: 0.537244
57620: 0.537252
57621: 0.53726
57622: 0.537251
57623: 0.537259
57624: 0.537249
57625: 0.537257
57626: 0.537248
57627: 0.537239
57628: 0.537247
57629: 0.537255
57630: 0.537246
57631: 0.537254
57632: 0.537262
57633: 0.53727
57634: 0.53726
57635: 0.537251
57636: 0.537242
57637: 0.537232
57638: 0.537223
57639: 0.537231
57640: 0.537239
57641: 0.53723
57642: 0.537238
57643: 0.537246
57644: 0.537237
57645: 0.537227
57646: 0.537235
57647: 0.537226
57648: 0.537217
57649: 0.537207
57650: 0.537198
57651: 0.537206
57652: 0.537214
57653: 0.537222
57654: 0.537213
57655: 0.537221
57656: 0.537211
57657: 0.537219
57658: 0.537227
57659: 0.537236
57660: 0.537244
57661: 0.537234
57662: 0.537242
57663: 0.53725
57664: 0.537241
57665: 0.537249
57666: 0.537257
57667: 0.537248
57668: 0.537238
57669: 0.537229
57670: 0.53722
57671: 0.537228
57672: 0.537236
57673: 0.537226
57674: 0.537217
57675: 0.537225
57676: 0.537233
57677: 0.537241
57678: 0.537249
57679: 0.537257
57680: 0.537265
57681: 0.537256
57682: 0.537247
57683: 0.537255
57684: 0.537245
57685: 0.537236
57686: 0.537227
57687: 0.537217
57688: 0.537208
57689: 0.537216
57690: 0.537207
57691: 0.537198
57692: 0.537188
57693: 0.537196
57694: 0.537204
57695: 0.537212
57696: 0.537203
57697: 0.537194
57698: 0.537184
57699: 0.537175
57700: 0.537166
57701: 0.537174
57702: 0.537164
57703: 0.537155
57704: 0.537146
57705: 0.537137
57706: 0.537145
57707: 0.537135
57708: 0.537126
57709: 0.537117
57710: 0.537107
57711: 0.537115
57712: 0.537106
57713: 0.537097
57714: 0.537105
57715: 0.537095
57716: 0.537086
57717: 0.537077
57718: 0.537068
57719: 0.537058
57720: 0.537049
57721: 0.537057
57722: 0.537065
57723: 0.537073
57724: 0.537064
57725: 0.537054
57726: 0.537062
57727: 0.53707
57728: 0.537061
57729: 0.537052
57730: 0.537042
57731: 0.537051
57732: 0.537059
57733: 0.537067
57734: 0.537075
57735: 0.537083
57736: 0.537091
57737: 0.537099
57738: 0.537089
57739: 0.53708
57740: 0.537071
57741: 0.537061
57742: 0.537069
57743: 0.53706
57744: 0.537051
57745: 0.537059
57746: 0.53705
57747: 0.53704
57748: 0.537031
57749: 0.537022
57750: 0.53703
57751: 0.53702
57752: 0.537028
57753: 0.537019
57754: 0.53701
57755: 0.537
57756: 0.537009
57757: 0.537017
57758: 0.537007
57759: 0.536998
57760: 0.536989
57761: 0.536979
57762: 0.536987
57763: 0.536978
57764: 0.536969
57765: 0.536977
57766: 0.536967
57767: 0.536958
57768: 0.536966
57769: 0.536974
57770: 0.536982
57771: 0.536973
57772: 0.536981
57773: 0.536972
57774: 0.53698
57775: 0.536988
57776: 0.536996
57777: 0.537004
57778: 0.536994
57779: 0.537002
57780: 0.536993
57781: 0.536984
57782: 0.536975
57783: 0.536965
57784: 0.536956
57785: 0.536947
57786: 0.536955
57787: 0.536963
57788: 0.536971
57789: 0.536979
57790: 0.536987
57791: 0.536977
57792: 0.536968
57793: 0.536959
57794: 0.53695
57795: 0.536958
57796: 0.536966
57797: 0.536974
57798: 0.536982
57799: 0.536972
57800: 0.536963
57801: 0.536971
57802: 0.536979
57803: 0.536987
57804: 0.536995
57805: 0.537003
57806: 0.536994
57807: 0.536985
57808: 0.536993
57809: 0.537001
57810: 0.536991
57811: 0.536999
57812: 0.537007
57813: 0.537015
57814: 0.537023
57815: 0.537031
57816: 0.537022
57817: 0.53703
57818: 0.537038
57819: 0.537046
57820: 0.537054
57821: 0.537045
57822: 0.537035
57823: 0.537026
57824: 0.537017
57825: 0.537025
57826: 0.537033
57827: 0.537041
57828: 0.537049
57829: 0.537057
57830: 0.537065
57831: 0.537056
57832: 0.537046
57833: 0.537054
57834: 0.537045
57835: 0.537053
57836: 0.537044
57837: 0.537034
57838: 0.537042
57839: 0.53705
57840: 0.537058
57841: 0.537049
57842: 0.537057
57843: 0.537048
57844: 0.537039
57845: 0.537047
57846: 0.537037
57847: 0.537028
57848: 0.537019
57849: 0.537027
57850: 0.537018
57851: 0.537008
57852: 0.536999
57853: 0.537007
57854: 0.537015
57855: 0.537023
57856: 0.537031
57857: 0.537039
57858: 0.537047
57859: 0.537038
57860: 0.537046
57861: 0.537054
57862: 0.537062
57863: 0.53707
57864: 0.537078
57865: 0.537068
57866: 0.537076
57867: 0.537084
57868: 0.537092
57869: 0.5371
57870: 0.537108
57871: 0.537116
57872: 0.537107
57873: 0.537115
57874: 0.537123
57875: 0.537131
57876: 0.537139
57877: 0.53713
57878: 0.537121
57879: 0.537129
57880: 0.537137
57881: 0.537127
57882: 0.537118
57883: 0.537126
57884: 0.537134
57885: 0.537125
57886: 0.537115
57887: 0.537106
57888: 0.537114
57889: 0.537105
57890: 0.537096
57891: 0.537086
57892: 0.537094
57893: 0.537085
57894: 0.537093
57895: 0.537084
57896: 0.537092
57897: 0.5371
57898: 0.53709
57899: 0.537098
57900: 0.537106
57901: 0.537097
57902: 0.537105
57903: 0.537113
57904: 0.537121
57905: 0.537129
57906: 0.537137
57907: 0.537145
57908: 0.537153
57909: 0.537161
57910: 0.537169
57911: 0.537177
57912: 0.537185
57913: 0.537176
57914: 0.537167
57915: 0.537157
57916: 0.537148
57917: 0.537139
57918: 0.537129
57919: 0.537137
57920: 0.537128
57921: 0.537136
57922: 0.537144
57923: 0.537135
57924: 0.537143
57925: 0.537134
57926: 0.537124
57927: 0.537115
57928: 0.537123
57929: 0.537114
57930: 0.537122
57931: 0.53713
57932: 0.537138
57933: 0.537128
57934: 0.537119
57935: 0.53711
57936: 0.537101
57937: 0.537091
57938: 0.537082
57939: 0.537073
57940: 0.537064
57941: 0.537072
57942: 0.53708
57943: 0.537088
57944: 0.537078
57945: 0.537069
57946: 0.53706
57947: 0.537068
57948: 0.537058
57949: 0.537049
57950: 0.53704
57951: 0.537031
57952: 0.537021
57953: 0.537012
57954: 0.537003
57955: 0.537011
57956: 0.537019
57957: 0.537027
57958: 0.537018
57959: 0.537026
57960: 0.537034
57961: 0.537024
57962: 0.537015
57963: 0.537023
57964: 0.537031
57965: 0.537039
57966: 0.537047
57967: 0.537055
57968: 0.537046
57969: 0.537054
57970: 0.537044
57971: 0.537052
57972: 0.537043
57973: 0.537034
57974: 0.537025
57975: 0.537033
57976: 0.537023
57977: 0.537014
57978: 0.537005
57979: 0.537013
57980: 0.537004
57981: 0.537011
57982: 0.537019
57983: 0.53701
57984: 0.537018
57985: 0.537009
57986: 0.537
57987: 0.537008
57988: 0.537016
57989: 0.537024
57990: 0.537014
57991: 0.537022
57992: 0.53703
57993: 0.537038
57994: 0.537046
57995: 0.537037
57996: 0.537045
57997: 0.537053
57998: 0.537061
57999: 0.537069
58000: 0.53706
58001: 0.53705
58002: 0.537058
58003: 0.537049
58004: 0.537057
58005: 0.537065
58006: 0.537073
58007: 0.537064
58008: 0.537072
58009: 0.537063
58010: 0.537053
58011: 0.537044
58012: 0.537052
58013: 0.53706
58014: 0.537068
58015: 0.537059
58016: 0.537049
58017: 0.53704
58018: 0.537031
58019: 0.537022
58020: 0.537012
58021: 0.537003
58022: 0.536994
58023: 0.537002
58024: 0.53701
58025: 0.537018
58026: 0.537009
58027: 0.536999
58028: 0.537007
58029: 0.536998
58030: 0.536989
58031: 0.536997
58032: 0.536988
58033: 0.536978
58034: 0.536969
58035: 0.536977
58036: 0.536985
58037: 0.536976
58038: 0.536984
58039: 0.536975
58040: 0.536982
58041: 0.536973
58042: 0.536964
58043: 0.536955
58044: 0.536945
58045: 0.536936
58046: 0.536944
58047: 0.536952
58048: 0.53696
58049: 0.536968
58050: 0.536976
58051: 0.536984
58052: 0.536975
58053: 0.536966
58054: 0.536956
58055: 0.536964
58056: 0.536955
58057: 0.536963
58058: 0.536954
58059: 0.536945
58060: 0.536935
58061: 0.536926
58062: 0.536934
58063: 0.536925
58064: 0.536916
58065: 0.536906
58066: 0.536914
58067: 0.536922
58068: 0.53693
58069: 0.536938
58070: 0.536946
58071: 0.536954
58072: 0.536945
58073: 0.536953
58074: 0.536944
58075: 0.536952
58076: 0.53696
58077: 0.536968
58078: 0.536958
58079: 0.536966
58080: 0.536974
58081: 0.536982
58082: 0.536973
58083: 0.536964
58084: 0.536972
58085: 0.536962
58086: 0.53697
58087: 0.536978
58088: 0.536969
58089: 0.53696
58090: 0.536968
58091: 0.536959
58092: 0.536949
58093: 0.536957
58094: 0.536948
58095: 0.536956
58096: 0.536964
58097: 0.536972
58098: 0.53698
58099: 0.536988
58100: 0.536996
58101: 0.536987
58102: 0.536977
58103: 0.536968
58104: 0.536976
58105: 0.536967
58106: 0.536975
58107: 0.536983
58108: 0.536991
58109: 0.536999
58110: 0.537007
58111: 0.536998
58112: 0.536988
58113: 0.536996
58114: 0.537004
58115: 0.536995
58116: 0.536986
58117: 0.536976
58118: 0.536967
58119: 0.536975
58120: 0.536983
58121: 0.536974
58122: 0.536965
58123: 0.536955
58124: 0.536946
58125: 0.536954
58126: 0.536962
58127: 0.53697
58128: 0.536978
58129: 0.536969
58130: 0.53696
58131: 0.536968
58132: 0.536976
58133: 0.536984
58134: 0.536991
58135: 0.536999
58136: 0.537007
58137: 0.536998
58138: 0.536989
58139: 0.536997
58140: 0.536988
58141: 0.536996
58142: 0.536986
58143: 0.536977
58144: 0.536968
58145: 0.536976
58146: 0.536984
58147: 0.536992
58148: 0.537
58149: 0.537008
58150: 0.536999
58151: 0.536989
58152: 0.536997
58153: 0.537005
58154: 0.536996
58155: 0.536987
58156: 0.536977
58157: 0.536968
58158: 0.536976
58159: 0.536967
58160: 0.536958
58161: 0.536949
58162: 0.536939
58163: 0.536947
58164: 0.536955
58165: 0.536963
58166: 0.536971
58167: 0.536962
58168: 0.53697
58169: 0.536978
58170: 0.536969
58171: 0.536959
58172: 0.53695
58173: 0.536958
58174: 0.536966
58175: 0.536974
58176: 0.536982
58177: 0.53699
58178: 0.536981
58179: 0.536989
58180: 0.536979
58181: 0.536987
58182: 0.536995
58183: 0.537003
58184: 0.537011
58185: 0.537019
58186: 0.537027
58187: 0.537018
58188: 0.537026
58189: 0.537017
58190: 0.537007
58191: 0.537015
58192: 0.537006
58193: 0.537014
58194: 0.537005
58195: 0.537013
58196: 0.537021
58197: 0.537012
58198: 0.53702
58199: 0.537027
58200: 0.537035
58201: 0.537026
58202: 0.537017
58203: 0.537008
58204: 0.537016
58205: 0.537024
58206: 0.537032
58207: 0.53704
58208: 0.537048
58209: 0.537055
58210: 0.537063
58211: 0.537054
58212: 0.537045
58213: 0.537036
58214: 0.537027
58215: 0.537017
58216: 0.537025
58217: 0.537016
58218: 0.537007
58219: 0.536998
58220: 0.536988
58221: 0.536979
58222: 0.536987
58223: 0.536995
58224: 0.536986
58225: 0.536977
58226: 0.536967
58227: 0.536975
58228: 0.536983
58229: 0.536974
58230: 0.536982
58231: 0.53699
58232: 0.536998
58233: 0.537006
58234: 0.536997
58235: 0.536987
58236: 0.536978
58237: 0.536986
58238: 0.536994
58239: 0.536985
58240: 0.536993
58241: 0.537001
58242: 0.537009
58243: 0.537
58244: 0.53699
58245: 0.536981
58246: 0.536989
58247: 0.536997
58248: 0.536988
58249: 0.536979
58250: 0.536986
58251: 0.536977
58252: 0.536985
58253: 0.536993
58254: 0.536984
58255: 0.536975
58256: 0.536983
58257: 0.536991
58258: 0.536981
58259: 0.536989
58260: 0.536997
58261: 0.536988
58262: 0.536996
58263: 0.536987
58264: 0.536995
58265: 0.536986
58266: 0.536976
58267: 0.536967
58268: 0.536975
58269: 0.536983
58270: 0.536991
58271: 0.536999
58272: 0.537007
58273: 0.537015
58274: 0.537006
58275: 0.537014
58276: 0.537021
58277: 0.537029
58278: 0.537037
58279: 0.537045
58280: 0.537053
58281: 0.537044
58282: 0.537035
58283: 0.537026
58284: 0.537016
58285: 0.537024
58286: 0.537032
58287: 0.53704
58288: 0.537048
58289: 0.537056
58290: 0.537064
58291: 0.537072
58292: 0.53708
58293: 0.537088
58294: 0.537079
58295: 0.537069
58296: 0.537077
58297: 0.537085
58298: 0.537093
58299: 0.537101
58300: 0.537109
58301: 0.537117
58302: 0.537125
58303: 0.537133
58304: 0.537141
58305: 0.537149
58306: 0.537157
58307: 0.537148
58308: 0.537138
58309: 0.537146
58310: 0.537137
58311: 0.537145
58312: 0.537136
58313: 0.537127
58314: 0.537117
58315: 0.537108
58316: 0.537099
58317: 0.53709
58318: 0.537098
58319: 0.537106
58320: 0.537114
58321: 0.537121
58322: 0.537112
58323: 0.53712
58324: 0.537111
58325: 0.537119
58326: 0.53711
58327: 0.537101
58328: 0.537108
58329: 0.537099
58330: 0.53709
58331: 0.537098
58332: 0.537089
58333: 0.537097
58334: 0.537105
58335: 0.537095
58336: 0.537086
58337: 0.537077
58338: 0.537068
58339: 0.537076
58340: 0.537084
58341: 0.537092
58342: 0.5371
58343: 0.537108
58344: 0.537098
58345: 0.537089
58346: 0.53708
58347: 0.537088
58348: 0.537079
58349: 0.537087
58350: 0.537077
58351: 0.537068
58352: 0.537059
58353: 0.53705
58354: 0.537058
58355: 0.537048
58356: 0.537056
58357: 0.537047
58358: 0.537055
58359: 0.537046
58360: 0.537037
58361: 0.537045
58362: 0.537035
58363: 0.537026
58364: 0.537017
58365: 0.537008
58366: 0.536999
58367: 0.537007
58368: 0.537015
58369: 0.537022
58370: 0.537013
58371: 0.537021
58372: 0.537029
58373: 0.53702
58374: 0.537028
58375: 0.537019
58376: 0.537027
58377: 0.537017
58378: 0.537025
58379: 0.537033
58380: 0.537041
58381: 0.537049
58382: 0.537057
58383: 0.537065
58384: 0.537056
58385: 0.537064
58386: 0.537054
58387: 0.537062
58388: 0.53707
58389: 0.537078
58390: 0.537069
58391: 0.537077
58392: 0.537068
58393: 0.537076
58394: 0.537067
58395: 0.537074
58396: 0.537065
58397: 0.537056
58398: 0.537047
58399: 0.537055
58400: 0.537063
58401: 0.537071
58402: 0.537061
58403: 0.537052
58404: 0.537043
58405: 0.537051
58406: 0.537042
58407: 0.537033
58408: 0.537041
58409: 0.537048
58410: 0.537039
58411: 0.537047
58412: 0.537055
58413: 0.537046
58414: 0.537054
58415: 0.537045
58416: 0.537035
58417: 0.537043
58418: 0.537051
58419: 0.537059
58420: 0.537067
58421: 0.537075
58422: 0.537066
58423: 0.537074
58424: 0.537065
58425: 0.537055
58426: 0.537063
58427: 0.537071
58428: 0.537079
58429: 0.53707
58430: 0.537061
58431: 0.537052
58432: 0.537042
58433: 0.537033
58434: 0.537024
58435: 0.537015
58436: 0.537006
58437: 0.537014
58438: 0.537022
58439: 0.537029
58440: 0.537037
58441: 0.537028
58442: 0.537036
58443: 0.537044
58444: 0.537035
58445: 0.537026
58446: 0.537016
58447: 0.537024
58448: 0.537032
58449: 0.537023
58450: 0.537031
58451: 0.537039
58452: 0.53703
58453: 0.537038
58454: 0.537046
58455: 0.537054
58456: 0.537061
58457: 0.537069
58458: 0.537077
58459: 0.537068
58460: 0.537076
58461: 0.537084
58462: 0.537092
58463: 0.537083
58464: 0.537073
58465: 0.537064
58466: 0.537072
58467: 0.537063
58468: 0.537071
58469: 0.537079
58470: 0.537087
58471: 0.537095
58472: 0.537085
58473: 0.537093
58474: 0.537084
58475: 0.537075
58476: 0.537083
58477: 0.537091
58478: 0.537082
58479: 0.53709
58480: 0.53708
58481: 0.537071
58482: 0.537062
58483: 0.537053
58484: 0.537044
58485: 0.537052
58486: 0.53706
58487: 0.53705
58488: 0.537058
58489: 0.537049
58490: 0.53704
58491: 0.537048
58492: 0.537056
58493: 0.537047
58494: 0.537054
58495: 0.537045
58496: 0.537036
58497: 0.537027
58498: 0.537018
58499: 0.537026
58500: 0.537016
58501: 0.537024
58502: 0.537015
58503: 0.537023
58504: 0.537031
58505: 0.537039
58506: 0.53703
58507: 0.537038
58508: 0.537046
58509: 0.537053
58510: 0.537044
58511: 0.537052
58512: 0.537043
58513: 0.537051
58514: 0.537059
58515: 0.53705
58516: 0.537058
58517: 0.537066
58518: 0.537073
58519: 0.537081
58520: 0.537072
58521: 0.53708
58522: 0.537088
58523: 0.537096
58524: 0.537104
58525: 0.537095
58526: 0.537103
58527: 0.537093
58528: 0.537101
58529: 0.537092
58530: 0.5371
58531: 0.537108
58532: 0.537116
58533: 0.537124
58534: 0.537132
58535: 0.53714
58536: 0.53713
58537: 0.537121
58538: 0.537129
58539: 0.537137
58540: 0.537128
58541: 0.537136
58542: 0.537127
58543: 0.537117
58544: 0.537108
58545: 0.537116
58546: 0.537107
58547: 0.537098
58548: 0.537106
58549: 0.537114
58550: 0.537121
58551: 0.537129
58552: 0.537137
58553: 0.537128
58554: 0.537119
58555: 0.53711
58556: 0.537101
58557: 0.537091
58558: 0.537099
58559: 0.537107
58560: 0.537098
58561: 0.537106
58562: 0.537097
58563: 0.537105
58564: 0.537096
58565: 0.537086
58566: 0.537077
58567: 0.537068
58568: 0.537076
58569: 0.537084
58570: 0.537092
58571: 0.537083
58572: 0.537073
58573: 0.537081
58574: 0.537089
58575: 0.53708
58576: 0.537071
58577: 0.537062
58578: 0.537053
58579: 0.53706
58580: 0.537068
58581: 0.537076
58582: 0.537084
58583: 0.537075
58584: 0.537066
58585: 0.537057
58586: 0.537065
58587: 0.537055
58588: 0.537046
58589: 0.537037
58590: 0.537045
58591: 0.537036
58592: 0.537044
58593: 0.537052
58594: 0.537059
58595: 0.53705
58596: 0.537058
58597: 0.537066
58598: 0.537074
58599: 0.537065
58600: 0.537056
58601: 0.537064
58602: 0.537071
58603: 0.537062
58604: 0.537053
58605: 0.537044
58606: 0.537052
58607: 0.53706
58608: 0.537068
58609: 0.537076
58610: 0.537083
58611: 0.537091
58612: 0.537099
58613: 0.537107
58614: 0.537098
58615: 0.537089
58616: 0.537097
58617: 0.537088
58618: 0.537095
58619: 0.537086
58620: 0.537094
58621: 0.537102
58622: 0.537093
58623: 0.537084
58624: 0.537092
58625: 0.537083
58626: 0.537073
58627: 0.537064
58628: 0.537055
58629: 0.537063
58630: 0.537071
58631: 0.537079
58632: 0.53707
58633: 0.53706
58634: 0.537051
58635: 0.537059
58636: 0.53705
58637: 0.537041
58638: 0.537032
58639: 0.537023
58640: 0.53703
58641: 0.537038
58642: 0.537046
58643: 0.537037
58644: 0.537028
58645: 0.537036
58646: 0.537027
58647: 0.537035
58648: 0.537025
58649: 0.537016
58650: 0.537024
58651: 0.537032
58652: 0.53704
58653: 0.537031
58654: 0.537022
58655: 0.537029
58656: 0.53702
58657: 0.537028
58658: 0.537036
58659: 0.537027
58660: 0.537035
58661: 0.537026
58662: 0.537017
58663: 0.537007
58664: 0.536998
58665: 0.537006
58666: 0.537014
58667: 0.537005
58668: 0.537013
58669: 0.537021
58670: 0.537029
58671: 0.537036
58672: 0.537044
58673: 0.537052
58674: 0.537043
58675: 0.537034
58676: 0.537025
58677: 0.537033
58678: 0.537041
58679: 0.537048
58680: 0.537039
58681: 0.537047
58682: 0.537055
58683: 0.537063
58684: 0.537054
58685: 0.537045
58686: 0.537035
58687: 0.537026
58688: 0.537034
58689: 0.537042
58690: 0.53705
58691: 0.537058
58692: 0.537066
58693: 0.537074
58694: 0.537082
58695: 0.537089
58696: 0.53708
58697: 0.537071
58698: 0.537079
58699: 0.537087
58700: 0.537078
58701: 0.537069
58702: 0.537059
58703: 0.537067
58704: 0.537075
58705: 0.537066
58706: 0.537074
58707: 0.537082
58708: 0.53709
58709: 0.537098
58710: 0.537105
58711: 0.537113
58712: 0.537121
58713: 0.537129
58714: 0.537137
58715: 0.537128
58716: 0.537136
58717: 0.537144
58718: 0.537152
58719: 0.537159
58720: 0.53715
58721: 0.537141
58722: 0.537132
58723: 0.53714
58724: 0.537131
58725: 0.537122
58726: 0.537129
58727: 0.537137
58728: 0.537145
58729: 0.537136
58730: 0.537127
58731: 0.537118
58732: 0.537126
58733: 0.537134
58734: 0.537141
58735: 0.537132
58736: 0.53714
58737: 0.537148
58738: 0.537156
58739: 0.537164
58740: 0.537172
58741: 0.537163
58742: 0.53717
58743: 0.537178
58744: 0.537169
58745: 0.53716
58746: 0.537151
58747: 0.537142
58748: 0.53715
58749: 0.537157
58750: 0.537148
58751: 0.537156
58752: 0.537147
58753: 0.537155
58754: 0.537163
58755: 0.537171
58756: 0.537162
58757: 0.537152
58758: 0.537143
58759: 0.537134
58760: 0.537125
58761: 0.537133
58762: 0.537141
58763: 0.537149
58764: 0.537139
58765: 0.537147
58766: 0.537155
58767: 0.537146
58768: 0.537154
58769: 0.537162
58770: 0.537153
58771: 0.537161
58772: 0.537151
58773: 0.537159
58774: 0.53715
58775: 0.537158
58776: 0.537149
58777: 0.537157
58778: 0.537165
58779: 0.537173
58780: 0.53718
58781: 0.537171
58782: 0.537162
58783: 0.537153
58784: 0.537144
58785: 0.537152
58786: 0.537143
58787: 0.53715
58788: 0.537158
58789: 0.537166
58790: 0.537174
58791: 0.537182
58792: 0.537173
58793: 0.537164
58794: 0.537172
58795: 0.537179
58796: 0.537187
58797: 0.537178
58798: 0.537186
58799: 0.537194
58800: 0.537185
58801: 0.537176
58802: 0.537183
58803: 0.537174
58804: 0.537165
58805: 0.537156
58806: 0.537164
58807: 0.537172
58808: 0.537163
58809: 0.537154
58810: 0.537144
58811: 0.537152
58812: 0.53716
58813: 0.537151
58814: 0.537159
58815: 0.53715
58816: 0.537141
58817: 0.537148
58818: 0.537156
58819: 0.537147
58820: 0.537138
58821: 0.537129
58822: 0.537137
58823: 0.537145
58824: 0.537136
58825: 0.537126
58826: 0.537134
58827: 0.537125
58828: 0.537116
58829: 0.537124
58830: 0.537132
58831: 0.537123
58832: 0.537131
58833: 0.537138
58834: 0.537146
58835: 0.537137
58836: 0.537145
58837: 0.537153
58838: 0.537161
58839: 0.537169
58840: 0.537176
58841: 0.537167
58842: 0.537158
58843: 0.537166
58844: 0.537157
58845: 0.537148
58846: 0.537139
58847: 0.53713
58848: 0.53712
58849: 0.537111
58850: 0.537102
58851: 0.53711
58852: 0.537101
58853: 0.537092
58854: 0.5371
58855: 0.537091
58856: 0.537098
58857: 0.537106
58858: 0.537114
58859: 0.537122
58860: 0.537113
58861: 0.537104
58862: 0.537112
58863: 0.537102
58864: 0.537093
58865: 0.537101
58866: 0.537109
58867: 0.5371
58868: 0.537108
58869: 0.537116
58870: 0.537124
58871: 0.537131
58872: 0.537122
58873: 0.537113
58874: 0.537104
58875: 0.537095
58876: 0.537103
58877: 0.537094
58878: 0.537085
58879: 0.537075
58880: 0.537066
58881: 0.537074
58882: 0.537082
58883: 0.53709
58884: 0.537081
58885: 0.537089
58886: 0.537079
58887: 0.53707
58888: 0.537061
58889: 0.537069
58890: 0.53706
58891: 0.537051
58892: 0.537042
58893: 0.53705
58894: 0.53704
58895: 0.537031
58896: 0.537022
58897: 0.537013
58898: 0.537021
58899: 0.537029
58900: 0.53702
58901: 0.537011
58902: 0.537002
58903: 0.537009
58904: 0.537017
58905: 0.537025
58906: 0.537033
58907: 0.537024
58908: 0.537015
58909: 0.537023
58910: 0.537013
58911: 0.537004
58912: 0.537012
58913: 0.53702
58914: 0.537028
58915: 0.537019
58916: 0.537027
58917: 0.537035
58918: 0.537025
58919: 0.537033
58920: 0.537041
58921: 0.537049
58922: 0.53704
58923: 0.537031
58924: 0.537022
58925: 0.537029
58926: 0.53702
58927: 0.537011
58928: 0.537002
58929: 0.536993
58930: 0.537001
58931: 0.537009
58932: 0.537017
58933: 0.537024
58934: 0.537032
58935: 0.53704
58936: 0.537048
58937: 0.537039
58938: 0.53703
58939: 0.537021
58940: 0.537012
58941: 0.537019
58942: 0.53701
58943: 0.537018
58944: 0.537026
58945: 0.537034
58946: 0.537042
58947: 0.53705
58948: 0.53704
58949: 0.537031
58950: 0.537022
58951: 0.53703
58952: 0.537021
58953: 0.537012
58954: 0.53702
58955: 0.537011
58956: 0.537002
58957: 0.536992
58958: 0.536983
58959: 0.536974
58960: 0.536982
58961: 0.536973
58962: 0.536964
58963: 0.536972
58964: 0.536963
58965: 0.536953
58966: 0.536961
58967: 0.536952
58968: 0.536943
58969: 0.536951
58970: 0.536959
58971: 0.536967
58972: 0.536975
58973: 0.536965
58974: 0.536973
58975: 0.536964
58976: 0.536955
58977: 0.536963
58978: 0.536971
58979: 0.536979
58980: 0.53697
58981: 0.536977
58982: 0.536985
58983: 0.536993
58984: 0.537001
58985: 0.536992
58986: 0.537
58987: 0.536991
58988: 0.536998
58989: 0.536989
58990: 0.53698
58991: 0.536971
58992: 0.536979
58993: 0.536987
58994: 0.536978
58995: 0.536969
58996: 0.53696
58997: 0.536967
58998: 0.536958
58999: 0.536966
59000: 0.536957
59001: 0.536948
59002: 0.536939
59003: 0.53693
59004: 0.536921
59005: 0.536928
59006: 0.536936
59007: 0.536927
59008: 0.536918
59009: 0.536926
59010: 0.536934
59011: 0.536942
59012: 0.536933
59013: 0.53694
59014: 0.536931
59015: 0.536939
59016: 0.53693
59017: 0.536938
59018: 0.536929
59019: 0.536937
59020: 0.536944
59021: 0.536952
59022: 0.53696
59023: 0.536951
59024: 0.536942
59025: 0.53695
59026: 0.536958
59027: 0.536966
59028: 0.536973
59029: 0.536964
59030: 0.536955
59031: 0.536963
59032: 0.536971
59033: 0.536979
59034: 0.536987
59035: 0.536994
59036: 0.536985
59037: 0.536993
59038: 0.537001
59039: 0.536992
59040: 0.537
59041: 0.536991
59042: 0.536982
59043: 0.536989
59044: 0.53698
59045: 0.536971
59046: 0.536979
59047: 0.536987
59048: 0.536995
59049: 0.537003
59050: 0.53701
59051: 0.537018
59052: 0.537026
59053: 0.537017
59054: 0.537025
59055: 0.537033
59056: 0.53704
59057: 0.537048
59058: 0.537039
59059: 0.537047
59060: 0.537038
59061: 0.537029
59062: 0.537037
59063: 0.537045
59064: 0.537035
59065: 0.537026
59066: 0.537034
59067: 0.537042
59068: 0.53705
59069: 0.537058
59070: 0.537066
59071: 0.537073
59072: 0.537081
59073: 0.537072
59074: 0.53708
59075: 0.537071
59076: 0.537062
59077: 0.53707
59078: 0.537077
59079: 0.537085
59080: 0.537076
59081: 0.537084
59082: 0.537092
59083: 0.537083
59084: 0.537074
59085: 0.537082
59086: 0.537089
59087: 0.53708
59088: 0.537071
59089: 0.537079
59090: 0.537087
59091: 0.537078
59092: 0.537069
59093: 0.53706
59094: 0.537067
59095: 0.537075
59096: 0.537083
59097: 0.537091
59098: 0.537099
59099: 0.53709
59100: 0.537081
59101: 0.537088
59102: 0.537096
59103: 0.537104
59104: 0.537112
59105: 0.53712
59106: 0.537128
59107: 0.537118
59108: 0.537126
59109: 0.537134
59110: 0.537142
59111: 0.53715
59112: 0.537141
59113: 0.537132
59114: 0.537139
59115: 0.53713
59116: 0.537138
59117: 0.537129
59118: 0.53712
59119: 0.537128
59120: 0.537119
59121: 0.537127
59122: 0.537118
59123: 0.537108
59124: 0.537116
59125: 0.537124
59126: 0.537132
59127: 0.537123
59128: 0.537131
59129: 0.537139
59130: 0.537129
59131: 0.537137
59132: 0.537145
59133: 0.537136
59134: 0.537127
59135: 0.537135
59136: 0.537143
59137: 0.53715
59138: 0.537141
59139: 0.537132
59140: 0.53714
59141: 0.537131
59142: 0.537139
59143: 0.537147
59144: 0.537154
59145: 0.537162
59146: 0.537153
59147: 0.537161
59148: 0.537169
59149: 0.537177
59150: 0.537168
59151: 0.537159
59152: 0.537149
59153: 0.53714
59154: 0.537148
59155: 0.537139
59156: 0.537147
59157: 0.537138
59158: 0.537146
59159: 0.537137
59160: 0.537144
59161: 0.537135
59162: 0.537126
59163: 0.537134
59164: 0.537142
59165: 0.537133
59166: 0.537124
59167: 0.537115
59168: 0.537106
59169: 0.537097
59170: 0.537104
59171: 0.537095
59172: 0.537086
59173: 0.537077
59174: 0.537085
59175: 0.537093
59176: 0.537101
59177: 0.537091
59178: 0.537082
59179: 0.53709
59180: 0.537081
59181: 0.537072
59182: 0.53708
59183: 0.537071
59184: 0.537062
59185: 0.53707
59186: 0.537077
59187: 0.537068
59188: 0.537059
59189: 0.537067
59190: 0.537075
59191: 0.537083
59192: 0.537091
59193: 0.537081
59194: 0.537072
59195: 0.537063
59196: 0.537071
59197: 0.537062
59198: 0.537053
59199: 0.537061
59200: 0.537069
59201: 0.53706
59202: 0.537067
59203: 0.537075
59204: 0.537083
59205: 0.537091
59206: 0.537082
59207: 0.53709
59208: 0.537081
59209: 0.537071
59210: 0.537062
59211: 0.537053
59212: 0.537061
59213: 0.537069
59214: 0.53706
59215: 0.537051
59216: 0.537042
59217: 0.537033
59218: 0.537024
59219: 0.537015
59220: 0.537022
59221: 0.537013
59222: 0.537004
59223: 0.537012
59224: 0.53702
59225: 0.537011
59226: 0.537019
59227: 0.537026
59228: 0.537034
59229: 0.537042
59230: 0.537033
59231: 0.537041
59232: 0.537049
59233: 0.53704
59234: 0.537047
59235: 0.537038
59236: 0.537029
59237: 0.53702
59238: 0.537028
59239: 0.537019
59240: 0.53701
59241: 0.537018
59242: 0.537009
59243: 0.537016
59244: 0.537007
59245: 0.536998
59246: 0.537006
59247: 0.536997
59248: 0.536988
59249: 0.536996
59250: 0.536987
59251: 0.536995
59252: 0.536985
59253: 0.536976
59254: 0.536984
59255: 0.536992
59256: 0.537
59257: 0.536991
59258: 0.536982
59259: 0.536973
59260: 0.53698
59261: 0.536988
59262: 0.536996
59263: 0.536987
59264: 0.536978
59265: 0.536986
59266: 0.536977
59267: 0.536968
59268: 0.536959
59269: 0.53695
59270: 0.536957
59271: 0.536965
59272: 0.536956
59273: 0.536964
59274: 0.536972
59275: 0.536963
59276: 0.536954
59277: 0.536945
59278: 0.536936
59279: 0.536926
59280: 0.536934
59281: 0.536925
59282: 0.536916
59283: 0.536924
59284: 0.536915
59285: 0.536906
59286: 0.536914
59287: 0.536905
59288: 0.536896
59289: 0.536886
59290: 0.536894
59291: 0.536885
59292: 0.536893
59293: 0.536901
59294: 0.536892
59295: 0.5369
59296: 0.536891
59297: 0.536898
59298: 0.536889
59299: 0.536897
59300: 0.536888
59301: 0.536879
59302: 0.53687
59303: 0.536861
59304: 0.536852
59305: 0.53686
59306: 0.536867
59307: 0.536858
59308: 0.536849
59309: 0.536857
59310: 0.536848
59311: 0.536839
59312: 0.53683
59313: 0.536821
59314: 0.536829
59315: 0.536837
59316: 0.536844
59317: 0.536835
59318: 0.536843
59319: 0.536834
59320: 0.536842
59321: 0.53685
59322: 0.536858
59323: 0.536848
59324: 0.536839
59325: 0.536847
59326: 0.536838
59327: 0.536829
59328: 0.53682
59329: 0.536828
59330: 0.536836
59331: 0.536827
59332: 0.536818
59333: 0.536809
59334: 0.5368
59335: 0.536807
59336: 0.536798
59337: 0.536806
59338: 0.536814
59339: 0.536822
59340: 0.53683
59341: 0.53682
59342: 0.536811
59343: 0.536819
59344: 0.536827
59345: 0.536818
59346: 0.536809
59347: 0.536817
59348: 0.536825
59349: 0.536816
59350: 0.536823
59351: 0.536831
59352: 0.536822
59353: 0.53683
59354: 0.536838
59355: 0.536845
59356: 0.536853
59357: 0.536861
59358: 0.536869
59359: 0.53686
59360: 0.536851
59361: 0.536859
59362: 0.53685
59363: 0.536857
59364: 0.536848
59365: 0.536839
59366: 0.536847
59367: 0.536838
59368: 0.536829
59369: 0.536837
59370: 0.536845
59371: 0.536852
59372: 0.536843
59373: 0.536834
59374: 0.536825
59375: 0.536833
59376: 0.536841
59377: 0.536832
59378: 0.536823
59379: 0.536814
59380: 0.536805
59381: 0.536796
59382: 0.536787
59383: 0.536778
59384: 0.536785
59385: 0.536776
59386: 0.536767
59387: 0.536775
59388: 0.536783
59389: 0.536774
59390: 0.536765
59391: 0.536773
59392: 0.53678
59393: 0.536788
59394: 0.536779
59395: 0.536787
59396: 0.536795
59397: 0.536786
59398: 0.536777
59399: 0.536768
59400: 0.536759
59401: 0.536766
59402: 0.536774
59403: 0.536782
59404: 0.53679
59405: 0.536781
59406: 0.536789
59407: 0.536796
59408: 0.536804
59409: 0.536812
59410: 0.536803
59411: 0.536794
59412: 0.536785
59413: 0.536793
59414: 0.536784
59415: 0.536775
59416: 0.536766
59417: 0.536757
59418: 0.536748
59419: 0.536738
59420: 0.536729
59421: 0.536737
59422: 0.536728
59423: 0.536719
59424: 0.53671
59425: 0.536718
59426: 0.536726
59427: 0.536717
59428: 0.536724
59429: 0.536732
59430: 0.536723
59431: 0.536714
59432: 0.536722
59433: 0.536713
59434: 0.536721
59435: 0.536712
59436: 0.53672
59437: 0.536727
59438: 0.536718
59439: 0.536726
59440: 0.536734
59441: 0.536742
59442: 0.536749
59443: 0.53674
59444: 0.536748
59445: 0.536756
59446: 0.536764
59447: 0.536772
59448: 0.536779
59449: 0.536787
59450: 0.536778
59451: 0.536769
59452: 0.53676
59453: 0.536768
59454: 0.536776
59455: 0.536784
59456: 0.536791
59457: 0.536782
59458: 0.53679
59459: 0.536798
59460: 0.536806
59461: 0.536813
59462: 0.536804
59463: 0.536795
59464: 0.536786
59465: 0.536777
59466: 0.536768
59467: 0.536759
59468: 0.536767
59469: 0.536775
59470: 0.536783
59471: 0.536774
59472: 0.536765
59473: 0.536756
59474: 0.536747
59475: 0.536738
59476: 0.536728
59477: 0.536719
59478: 0.536727
59479: 0.536735
59480: 0.536726
59481: 0.536734
59482: 0.536742
59483: 0.536733
59484: 0.536724
59485: 0.536715
59486: 0.536705
59487: 0.536696
59488: 0.536704
59489: 0.536712
59490: 0.53672
59491: 0.536728
59492: 0.536735
59493: 0.536726
59494: 0.536717
59495: 0.536725
59496: 0.536733
59497: 0.536741
59498: 0.536749
59499: 0.536756
59500: 0.536764
59501: 0.536772
59502: 0.53678
59503: 0.536787
59504: 0.536795
59505: 0.536803
59506: 0.536794
59507: 0.536785
59508: 0.536776
59509: 0.536784
59510: 0.536792
59511: 0.536799
59512: 0.536807
59513: 0.536798
59514: 0.536806
59515: 0.536814
59516: 0.536805
59517: 0.536812
59518: 0.53682
59519: 0.536828
59520: 0.536836
59521: 0.536827
59522: 0.536835
59523: 0.536842
59524: 0.536833
59525: 0.536841
59526: 0.536849
59527: 0.53684
59528: 0.536831
59529: 0.536839
59530: 0.536846
59531: 0.536837
59532: 0.536828
59533: 0.536819
59534: 0.53681
59535: 0.536801
59536: 0.536792
59537: 0.536783
59538: 0.536791
59539: 0.536799
59540: 0.536807
59541: 0.536798
59542: 0.536789
59543: 0.53678
59544: 0.536787
59545: 0.536778
59546: 0.536769
59547: 0.536777
59548: 0.536768
59549: 0.536776
59550: 0.536784
59551: 0.536791
59552: 0.536782
59553: 0.536773
59554: 0.536764
59555: 0.536772
59556: 0.53678
59557: 0.536788
59558: 0.536795
59559: 0.536786
59560: 0.536777
59561: 0.536785
59562: 0.536776
59563: 0.536784
59564: 0.536792
59565: 0.536783
59566: 0.536774
59567: 0.536781
59568: 0.536789
59569: 0.536797
59570: 0.536805
59571: 0.536796
59572: 0.536804
59573: 0.536811
59574: 0.536819
59575: 0.536827
59576: 0.536818
59577: 0.536826
59578: 0.536833
59579: 0.536841
59580: 0.536849
59581: 0.53684
59582: 0.536831
59583: 0.536822
59584: 0.536813
59585: 0.536804
59586: 0.536812
59587: 0.536819
59588: 0.53681
59589: 0.536818
59590: 0.536809
59591: 0.536817
59592: 0.536808
59593: 0.536799
59594: 0.53679
59595: 0.536781
59596: 0.536789
59597: 0.536797
59598: 0.536804
59599: 0.536812
59600: 0.53682
59601: 0.536828
59602: 0.536835
59603: 0.536826
59604: 0.536834
59605: 0.536825
59606: 0.536833
59607: 0.536824
59608: 0.536815
59609: 0.536823
59610: 0.536814
59611: 0.536821
59612: 0.536829
59613: 0.536837
59614: 0.536828
59615: 0.536819
59616: 0.53681
59617: 0.536801
59618: 0.536792
59619: 0.536783
59620: 0.536774
59621: 0.536765
59622: 0.536773
59623: 0.53678
59624: 0.536788
59625: 0.536796
59626: 0.536804
59627: 0.536812
59628: 0.536819
59629: 0.53681
59630: 0.536801
59631: 0.536809
59632: 0.536817
59633: 0.536808
59634: 0.536799
59635: 0.53679
59636: 0.536781
59637: 0.536789
59638: 0.536796
59639: 0.536804
59640: 0.536795
59641: 0.536786
59642: 0.536794
59643: 0.536802
59644: 0.536793
59645: 0.5368
59646: 0.536808
59647: 0.536799
59648: 0.536807
59649: 0.536815
59650: 0.536823
59651: 0.536814
59652: 0.536821
59653: 0.536812
59654: 0.536803
59655: 0.536794
59656: 0.536802
59657: 0.536793
59658: 0.536784
59659: 0.536792
59660: 0.536783
59661: 0.536774
59662: 0.536765
59663: 0.536773
59664: 0.536764
59665: 0.536755
59666: 0.536746
59667: 0.536753
59668: 0.536761
59669: 0.536769
59670: 0.536777
59671: 0.536768
59672: 0.536759
59673: 0.53675
59674: 0.536741
59675: 0.536748
59676: 0.536739
59677: 0.53673
59678: 0.536738
59679: 0.536729
59680: 0.53672
59681: 0.536711
59682: 0.536702
59683: 0.53671
59684: 0.536718
59685: 0.536726
59686: 0.536733
59687: 0.536724
59688: 0.536715
59689: 0.536723
59690: 0.536731
59691: 0.536739
59692: 0.53673
59693: 0.536721
59694: 0.536728
59695: 0.536719
59696: 0.53671
59697: 0.536701
59698: 0.536709
59699: 0.536717
59700: 0.536708
59701: 0.536716
59702: 0.536707
59703: 0.536698
59704: 0.536705
59705: 0.536696
59706: 0.536704
59707: 0.536695
59708: 0.536686
59709: 0.536677
59710: 0.536685
59711: 0.536693
59712: 0.536701
59713: 0.536708
59714: 0.536699
59715: 0.536707
59716: 0.536715
59717: 0.536706
59718: 0.536714
59719: 0.536721
59720: 0.536729
59721: 0.536737
59722: 0.536728
59723: 0.536736
59724: 0.536743
59725: 0.536734
59726: 0.536725
59727: 0.536716
59728: 0.536724
59729: 0.536715
59730: 0.536706
59731: 0.536697
59732: 0.536705
59733: 0.536696
59734: 0.536687
59735: 0.536695
59736: 0.536686
59737: 0.536694
59738: 0.536701
59739: 0.536692
59740: 0.5367
59741: 0.536708
59742: 0.536699
59743: 0.536707
59744: 0.536714
59745: 0.536705
59746: 0.536713
59747: 0.536704
59748: 0.536712
59749: 0.536703
59750: 0.536711
59751: 0.536718
59752: 0.536726
59753: 0.536734
59754: 0.536742
59755: 0.536749
59756: 0.536757
59757: 0.536765
59758: 0.536773
59759: 0.53678
59760: 0.536788
59761: 0.536796
59762: 0.536804
59763: 0.536795
59764: 0.536786
59765: 0.536793
59766: 0.536801
59767: 0.536792
59768: 0.5368
59769: 0.536808
59770: 0.536799
59771: 0.536807
59772: 0.536814
59773: 0.536822
59774: 0.53683
59775: 0.536821
59776: 0.536812
59777: 0.536803
59778: 0.536794
59779: 0.536785
59780: 0.536776
59781: 0.536784
59782: 0.536791
59783: 0.536782
59784: 0.53679
59785: 0.536781
59786: 0.536789
59787: 0.536797
59788: 0.536788
59789: 0.536779
59790: 0.53677
59791: 0.536761
59792: 0.536752
59793: 0.53676
59794: 0.536767
59795: 0.536775
59796: 0.536766
59797: 0.536757
59798: 0.536748
59799: 0.536739
59800: 0.53673
59801: 0.536738
59802: 0.536746
59803: 0.536737
59804: 0.536728
59805: 0.536735
59806: 0.536726
59807: 0.536734
59808: 0.536725
59809: 0.536716
59810: 0.536707
59811: 0.536715
59812: 0.536723
59813: 0.536731
59814: 0.536722
59815: 0.536713
59816: 0.53672
59817: 0.536728
59818: 0.536719
59819: 0.53671
59820: 0.536701
59821: 0.536709
59822: 0.5367
59823: 0.536708
59824: 0.536715
59825: 0.536706
59826: 0.536697
59827: 0.536705
59828: 0.536696
59829: 0.536687
59830: 0.536678
59831: 0.536669
59832: 0.536677
59833: 0.536685
59834: 0.536693
59835: 0.536684
59836: 0.536691
59837: 0.536699
59838: 0.53669
59839: 0.536681
59840: 0.536672
59841: 0.53668
59842: 0.536688
59843: 0.536695
59844: 0.536703
59845: 0.536711
59846: 0.536702
59847: 0.53671
59848: 0.536701
59849: 0.536708
59850: 0.536716
59851: 0.536724
59852: 0.536715
59853: 0.536723
59854: 0.536714
59855: 0.536705
59856: 0.536712
59857: 0.536704
59858: 0.536711
59859: 0.536719
59860: 0.536727
59861: 0.536718
59862: 0.536709
59863: 0.5367
59864: 0.536708
59865: 0.536715
59866: 0.536723
59867: 0.536714
59868: 0.536705
59869: 0.536696
59870: 0.536687
59871: 0.536678
59872: 0.536669
59873: 0.53666
59874: 0.536668
59875: 0.536676
59876: 0.536684
59877: 0.536691
59878: 0.536682
59879: 0.536673
59880: 0.536664
59881: 0.536672
59882: 0.53668
59883: 0.536671
59884: 0.536662
59885: 0.536653
59886: 0.536644
59887: 0.536635
59888: 0.536643
59889: 0.536651
59890: 0.536658
59891: 0.536649
59892: 0.53664
59893: 0.536648
59894: 0.536656
59895: 0.536664
59896: 0.536671
59897: 0.536662
59898: 0.53667
59899: 0.536661
59900: 0.536669
59901: 0.536677
59902: 0.536668
59903: 0.536675
59904: 0.536666
59905: 0.536674
59906: 0.536682
59907: 0.53669
59908: 0.536697
59909: 0.536705
59910: 0.536696
59911: 0.536687
59912: 0.536678
59913: 0.536669
59914: 0.53666
59915: 0.536651
59916: 0.536659
59917: 0.536667
59918: 0.536675
59919: 0.536682
59920: 0.536673
59921: 0.536664
59922: 0.536672
59923: 0.53668
59924: 0.536688
59925: 0.536695
59926: 0.536703
59927: 0.536694
59928: 0.536685
59929: 0.536676
59930: 0.536684
59931: 0.536675
59932: 0.536666
59933: 0.536674
59934: 0.536681
59935: 0.536672
59936: 0.536663
59937: 0.536655
59938: 0.536662
59939: 0.536653
59940: 0.536661
59941: 0.536652
59942: 0.53666
59943: 0.536668
59944: 0.536675
59945: 0.536666
59946: 0.536657
59947: 0.536665
59948: 0.536673
59949: 0.536681
59950: 0.536688
59951: 0.536696
59952: 0.536687
59953: 0.536678
59954: 0.536686
59955: 0.536694
59956: 0.536685
59957: 0.536676
59958: 0.536667
59959: 0.536674
59960: 0.536682
59961: 0.53669
59962: 0.536681
59963: 0.536672
59964: 0.536663
59965: 0.536671
59966: 0.536662
59967: 0.53667
59968: 0.536677
59969: 0.536685
59970: 0.536693
59971: 0.5367
59972: 0.536692
59973: 0.536683
59974: 0.53669
59975: 0.536698
59976: 0.536689
59977: 0.536697
59978: 0.536705
59979: 0.536712
59980: 0.536703
59981: 0.536711
59982: 0.536719
59983: 0.53671
59984: 0.536718
59985: 0.536725
59986: 0.536733
59987: 0.536724
59988: 0.536715
59989: 0.536723
59990: 0.536731
59991: 0.536738
59992: 0.536746
59993: 0.536737
59994: 0.536745
59995: 0.536752
59996: 0.536744
59997: 0.536751
59998: 0.536759
59999: 0.536767
60000: 0.536758
60001: 0.536765
60002: 0.536756
60003: 0.536764
60004: 0.536772
60005: 0.53678
60006: 0.536771
60007: 0.536778
60008: 0.536769
60009: 0.536761
60010: 0.536752
60011: 0.536759
60012: 0.536767
60013: 0.536775
60014: 0.536782
60015: 0.53679
60016: 0.536798
60017: 0.536806
60018: 0.536797
60019: 0.536804
60020: 0.536812
60021: 0.536803
60022: 0.536811
60023: 0.536819
60024: 0.536826
60025: 0.536817
60026: 0.536825
60027: 0.536833
60028: 0.536824
60029: 0.536815
60030: 0.536806
60031: 0.536814
60032: 0.536805
60033: 0.536812
60034: 0.536804
60035: 0.536811
60036: 0.536819
60037: 0.536827
60038: 0.536818
60039: 0.536825
60040: 0.536833
60041: 0.536841
60042: 0.536849
60043: 0.53684
60044: 0.536847
60045: 0.536855
60046: 0.536863
60047: 0.536871
60048: 0.536878
60049: 0.536886
60050: 0.536894
60051: 0.536901
60052: 0.536892
60053: 0.5369
60054: 0.536908
60055: 0.536916
60056: 0.536923
60057: 0.536914
60058: 0.536922
60059: 0.53693
60060: 0.536921
60061: 0.536912
60062: 0.536903
60063: 0.536911
60064: 0.536918
60065: 0.536926
60066: 0.536917
60067: 0.536925
60068: 0.536916
60069: 0.536924
60070: 0.536931
60071: 0.536939
60072: 0.536947
60073: 0.536954
60074: 0.536945
60075: 0.536937
60076: 0.536928
60077: 0.536935
60078: 0.536926
60079: 0.536934
60080: 0.536942
60081: 0.53695
60082: 0.536941
60083: 0.536948
60084: 0.536956
60085: 0.536964
60086: 0.536971
60087: 0.536979
60088: 0.536987
60089: 0.536995
60090: 0.536986
60091: 0.536977
60092: 0.536968
60093: 0.536975
60094: 0.536983
60095: 0.536991
60096: 0.536982
60097: 0.536973
60098: 0.536964
60099: 0.536972
60100: 0.536979
60101: 0.53697
60102: 0.536978
60103: 0.536986
60104: 0.536994
60105: 0.537001
60106: 0.537009
60107: 0.537017
60108: 0.537024
60109: 0.537032
60110: 0.53704
60111: 0.537048
60112: 0.537055
60113: 0.537046
60114: 0.537037
60115: 0.537028
60116: 0.537019
60117: 0.537011
60118: 0.537018
60119: 0.537026
60120: 0.537017
60121: 0.537008
60122: 0.536999
60123: 0.53699
60124: 0.536981
60125: 0.536972
60126: 0.53698
60127: 0.536988
60128: 0.536979
60129: 0.53697
60130: 0.536978
60131: 0.536969
60132: 0.536976
60133: 0.536984
60134: 0.536975
60135: 0.536966
60136: 0.536957
60137: 0.536965
60138: 0.536956
60139: 0.536947
60140: 0.536938
60141: 0.536929
60142: 0.53692
60143: 0.536928
60144: 0.536919
60145: 0.536927
60146: 0.536935
60147: 0.536942
60148: 0.53695
60149: 0.536958
60150: 0.536965
60151: 0.536956
60152: 0.536947
60153: 0.536955
60154: 0.536963
60155: 0.536971
60156: 0.536978
60157: 0.536969
60158: 0.53696
60159: 0.536951
60160: 0.536959
60161: 0.536967
60162: 0.536958
60163: 0.536949
60164: 0.536957
60165: 0.536948
60166: 0.536939
60167: 0.53693
60168: 0.536921
60169: 0.536912
60170: 0.53692
60171: 0.536927
60172: 0.536935
60173: 0.536943
60174: 0.536934
60175: 0.536942
60176: 0.536949
60177: 0.536957
60178: 0.536948
60179: 0.536956
60180: 0.536963
60181: 0.536971
60182: 0.536979
60183: 0.53697
60184: 0.536961
60185: 0.536952
60186: 0.53696
60187: 0.536968
60188: 0.536975
60189: 0.536966
60190: 0.536974
60191: 0.536965
60192: 0.536956
60193: 0.536947
60194: 0.536955
60195: 0.536946
60196: 0.536937
60197: 0.536945
60198: 0.536952
60199: 0.536944
60200: 0.536935
60201: 0.536942
60202: 0.53695
60203: 0.536958
60204: 0.536965
60205: 0.536956
60206: 0.536948
60207: 0.536955
60208: 0.536963
60209: 0.536971
60210: 0.536978
60211: 0.536969
60212: 0.536977
60213: 0.536985
60214: 0.536992
60215: 0.537
60216: 0.536991
60217: 0.536982
60218: 0.536973
60219: 0.536981
60220: 0.536989
60221: 0.53698
60222: 0.536971
60223: 0.536979
60224: 0.53697
60225: 0.536961
60226: 0.536968
60227: 0.536976
60228: 0.536984
60229: 0.536975
60230: 0.536966
60231: 0.536974
60232: 0.536965
60233: 0.536972
60234: 0.53698
60235: 0.536971
60236: 0.536962
60237: 0.53697
60238: 0.536978
60239: 0.536985
60240: 0.536976
60241: 0.536968
60242: 0.536959
60243: 0.53695
60244: 0.536941
60245: 0.536949
60246: 0.536956
60247: 0.536947
60248: 0.536955
60249: 0.536963
60250: 0.53697
60251: 0.536978
60252: 0.536969
60253: 0.53696
60254: 0.536968
60255: 0.536959
60256: 0.53695
60257: 0.536958
60258: 0.536965
60259: 0.536973
60260: 0.536981
60261: 0.536988
60262: 0.536996
60263: 0.536987
60264: 0.536995
60265: 0.536986
60266: 0.536994
60267: 0.536985
60268: 0.536976
60269: 0.536967
60270: 0.536958
60271: 0.536966
60272: 0.536957
60273: 0.536948
60274: 0.536956
60275: 0.536963
60276: 0.536954
60277: 0.536962
60278: 0.536953
60279: 0.536961
60280: 0.536969
60281: 0.536976
60282: 0.536967
60283: 0.536958
60284: 0.536966
60285: 0.536957
60286: 0.536948
60287: 0.536939
60288: 0.536947
60289: 0.536938
60290: 0.536946
60291: 0.536953
60292: 0.536961
60293: 0.536969
60294: 0.536977
60295: 0.536984
60296: 0.536975
60297: 0.536983
60298: 0.536974
60299: 0.536965
60300: 0.536973
60301: 0.536981
60302: 0.536988
60303: 0.536996
60304: 0.537004
60305: 0.536995
60306: 0.537002
60307: 0.53701
60308: 0.537018
60309: 0.537009
60310: 0.537016
60311: 0.537024
60312: 0.537032
60313: 0.537039
60314: 0.537047
60315: 0.537038
60316: 0.537046
60317: 0.537054
60318: 0.537045
60319: 0.537052
60320: 0.537043
60321: 0.537051
60322: 0.537059
60323: 0.537067
60324: 0.537058
60325: 0.537049
60326: 0.53704
60327: 0.537031
60328: 0.537022
60329: 0.537013
60330: 0.537004
60331: 0.537012
60332: 0.537003
60333: 0.536994
60334: 0.537002
60335: 0.537009
60336: 0.537017
60337: 0.537025
60338: 0.537032
60339: 0.53704
60340: 0.537031
60341: 0.537022
60342: 0.53703
60343: 0.537038
60344: 0.537045
60345: 0.537053
60346: 0.537061
60347: 0.537068
60348: 0.537076
60349: 0.537084
60350: 0.537091
60351: 0.537082
60352: 0.537074
60353: 0.537065
60354: 0.537072
60355: 0.53708
60356: 0.537071
60357: 0.537062
60358: 0.53707
60359: 0.537061
60360: 0.537069
60361: 0.537076
60362: 0.537084
60363: 0.537092
60364: 0.537083
60365: 0.537074
60366: 0.537065
60367: 0.537073
60368: 0.53708
60369: 0.537088
60370: 0.537096
60371: 0.537103
60372: 0.537111
60373: 0.537102
60374: 0.537093
60375: 0.537101
60376: 0.537092
60377: 0.537083
60378: 0.537074
60379: 0.537082
60380: 0.537073
60381: 0.537081
60382: 0.537088
60383: 0.537079
60384: 0.537087
60385: 0.537078
60386: 0.537069
60387: 0.53706
60388: 0.537051
60389: 0.537059
60390: 0.53705
60391: 0.537058
60392: 0.537066
60393: 0.537073
60394: 0.537081
60395: 0.537072
60396: 0.537063
60397: 0.537054
60398: 0.537062
60399: 0.53707
60400: 0.537077
60401: 0.537085
60402: 0.537093
60403: 0.5371
60404: 0.537091
60405: 0.537099
60406: 0.53709
60407: 0.537098
60408: 0.537089
60409: 0.53708
60410: 0.537088
60411: 0.537079
60412: 0.53707
60413: 0.537077
60414: 0.537069
60415: 0.53706
60416: 0.537051
60417: 0.537058
60418: 0.537066
60419: 0.537057
60420: 0.537048
60421: 0.537056
60422: 0.537064
60423: 0.537055
60424: 0.537046
60425: 0.537054
60426: 0.537045
60427: 0.537052
60428: 0.537043
60429: 0.537051
60430: 0.537059
60431: 0.53705
60432: 0.537041
60433: 0.537049
60434: 0.537056
60435: 0.537047
60436: 0.537055
60437: 0.537046
60438: 0.537054
60439: 0.537045
60440: 0.537053
60441: 0.53706
60442: 0.537068
60443: 0.537059
60444: 0.53705
60445: 0.537041
60446: 0.537032
60447: 0.53704
60448: 0.537048
60449: 0.537039
60450: 0.537047
60451: 0.537054
60452: 0.537045
60453: 0.537036
60454: 0.537044
60455: 0.537052
60456: 0.537059
60457: 0.537067
60458: 0.537075
60459: 0.537066
60460: 0.537073
60461: 0.537065
60462: 0.537072
60463: 0.537063
60464: 0.537054
60465: 0.537046
60466: 0.537037
60467: 0.537044
60468: 0.537036
60469: 0.537043
60470: 0.537034
60471: 0.537025
60472: 0.537033
60473: 0.537041
60474: 0.537048
60475: 0.537056
60476: 0.537047
60477: 0.537038
60478: 0.537029
60479: 0.537021
60480: 0.537012
60481: 0.537003
60482: 0.536994
60483: 0.537002
60484: 0.536993
60485: 0.537
60486: 0.536991
60487: 0.536999
60488: 0.53699
60489: 0.536998
60490: 0.536989
60491: 0.536997
60492: 0.536988
60493: 0.536995
60494: 0.537003
60495: 0.537011
60496: 0.537002
60497: 0.536993
60498: 0.536984
60499: 0.536992
60500: 0.536983
60501: 0.536991
60502: 0.536982
60503: 0.536989
60504: 0.53698
60505: 0.536988
60506: 0.536996
60507: 0.536987
60508: 0.536978
60509: 0.536986
60510: 0.536977
60511: 0.536968
60512: 0.536959
60513: 0.536967
60514: 0.536958
60515: 0.536965
60516: 0.536957
60517: 0.536964
60518: 0.536955
60519: 0.536946
60520: 0.536938
60521: 0.536929
60522: 0.536936
60523: 0.536944
60524: 0.536952
60525: 0.536959
60526: 0.536967
60527: 0.536975
60528: 0.536966
60529: 0.536957
60530: 0.536965
60531: 0.536972
60532: 0.53698
60533: 0.536971
60534: 0.536962
60535: 0.53697
60536: 0.536977
60537: 0.536969
60538: 0.53696
60539: 0.536951
60540: 0.536942
60541: 0.536933
60542: 0.536924
60543: 0.536915
60544: 0.536906
60545: 0.536898
60546: 0.536889
60547: 0.536896
60548: 0.536904
60549: 0.536895
60550: 0.536886
60551: 0.536877
60552: 0.536885
60553: 0.536876
60554: 0.536884
60555: 0.536891
60556: 0.536899
60557: 0.536907
60558: 0.536914
60559: 0.536906
60560: 0.536897
60561: 0.536904
60562: 0.536912
60563: 0.53692
60564: 0.536927
60565: 0.536935
60566: 0.536943
60567: 0.53695
60568: 0.536941
60569: 0.536949
60570: 0.53694
60571: 0.536931
60572: 0.536939
60573: 0.536947
60574: 0.536938
60575: 0.536945
60576: 0.536953
60577: 0.536961
60578: 0.536968
60579: 0.536976
60580: 0.536984
60581: 0.536975
60582: 0.536966
60583: 0.536957
60584: 0.536948
60585: 0.536956
60586: 0.536963
60587: 0.536971
60588: 0.536962
60589: 0.53697
60590: 0.536977
60591: 0.536969
60592: 0.536976
60593: 0.536967
60594: 0.536958
60595: 0.53695
60596: 0.536957
60597: 0.536965
60598: 0.536973
60599: 0.536964
60600: 0.536955
60601: 0.536946
60602: 0.536937
60603: 0.536928
60604: 0.536936
60605: 0.536944
60606: 0.536951
60607: 0.536959
60608: 0.536966
60609: 0.536958
60610: 0.536965
60611: 0.536973
60612: 0.536981
60613: 0.536972
60614: 0.536979
60615: 0.53697
60616: 0.536978
60617: 0.536986
60618: 0.536993
60619: 0.537001
60620: 0.536992
60621: 0.536983
60622: 0.536974
60623: 0.536982
60624: 0.53699
60625: 0.536997
60626: 0.536988
60627: 0.53698
60628: 0.536971
60629: 0.536962
60630: 0.536953
60631: 0.536944
60632: 0.536935
60633: 0.536943
60634: 0.536934
60635: 0.536925
60636: 0.536916
60637: 0.536908
60638: 0.536899
60639: 0.536906
60640: 0.536914
60641: 0.536905
60642: 0.536896
60643: 0.536904
60644: 0.536895
60645: 0.536903
60646: 0.53691
60647: 0.536901
60648: 0.536893
60649: 0.536884
60650: 0.536875
60651: 0.536866
60652: 0.536874
60653: 0.536865
60654: 0.536856
60655: 0.536864
60656: 0.536855
60657: 0.536862
60658: 0.53687
60659: 0.536878
60660: 0.536885
60661: 0.536893
60662: 0.536901
60663: 0.536908
60664: 0.536916
60665: 0.536923
60666: 0.536915
60667: 0.536906
60668: 0.536913
60669: 0.536921
60670: 0.536912
60671: 0.536903
60672: 0.536911
60673: 0.536902
60674: 0.53691
60675: 0.536917
60676: 0.536925
60677: 0.536933
60678: 0.536924
60679: 0.536931
60680: 0.536939
60681: 0.53693
60682: 0.536921
60683: 0.536913
60684: 0.536904
60685: 0.536911
60686: 0.536919
60687: 0.53691
60688: 0.536918
60689: 0.536925
60690: 0.536917
60691: 0.536908
60692: 0.536915
60693: 0.536923
60694: 0.536914
60695: 0.536922
60696: 0.536929
60697: 0.536937
60698: 0.536928
60699: 0.536936
60700: 0.536943
60701: 0.536935
60702: 0.536942
60703: 0.536933
60704: 0.536941
60705: 0.536949
60706: 0.536956
60707: 0.536964
60708: 0.536971
60709: 0.536963
60710: 0.53697
60711: 0.536978
60712: 0.536985
60713: 0.536977
60714: 0.536968
60715: 0.536959
60716: 0.53695
60717: 0.536941
60718: 0.536932
60719: 0.53694
60720: 0.536948
60721: 0.536955
60722: 0.536963
60723: 0.536954
60724: 0.536945
60725: 0.536953
60726: 0.53696
60727: 0.536952
60728: 0.536943
60729: 0.536934
60730: 0.536925
60731: 0.536933
60732: 0.53694
60733: 0.536932
60734: 0.536923
60735: 0.536914
60736: 0.536905
60737: 0.536913
60738: 0.53692
60739: 0.536928
60740: 0.536919
60741: 0.536927
60742: 0.536934
60743: 0.536925
60744: 0.536917
60745: 0.536908
60746: 0.536899
60747: 0.536907
60748: 0.536914
60749: 0.536922
60750: 0.536913
60751: 0.536921
60752: 0.536928
60753: 0.536919
60754: 0.536911
60755: 0.536918
60756: 0.536926
60757: 0.536917
60758: 0.536925
60759: 0.536932
60760: 0.536923
60761: 0.536931
60762: 0.536939
60763: 0.53693
60764: 0.536937
60765: 0.536929
60766: 0.536936
60767: 0.536944
60768: 0.536951
60769: 0.536943
60770: 0.536934
60771: 0.536925
60772: 0.536933
60773: 0.536924
60774: 0.536931
60775: 0.536939
60776: 0.536947
60777: 0.536938
60778: 0.536945
60779: 0.536936
60780: 0.536944
60781: 0.536935
60782: 0.536926
60783: 0.536918
60784: 0.536925
60785: 0.536916
60786: 0.536924
60787: 0.536915
60788: 0.536906
60789: 0.536914
60790: 0.536905
60791: 0.536913
60792: 0.53692
60793: 0.536928
60794: 0.536919
60795: 0.53691
60796: 0.536901
60797: 0.536909
60798: 0.536917
60799: 0.536924
60800: 0.536932
60801: 0.53694
60802: 0.536947
60803: 0.536955
60804: 0.536962
60805: 0.53697
60806: 0.536961
60807: 0.536969
60808: 0.53696
60809: 0.536968
60810: 0.536975
60811: 0.536966
60812: 0.536958
60813: 0.536949
60814: 0.53694
60815: 0.536931
60816: 0.536939
60817: 0.53693
60818: 0.536921
60819: 0.536929
60820: 0.53692
60821: 0.536927
60822: 0.536935
60823: 0.536943
60824: 0.53695
60825: 0.536958
60826: 0.536965
60827: 0.536973
60828: 0.536964
60829: 0.536955
60830: 0.536947
60831: 0.536938
60832: 0.536929
60833: 0.536937
60834: 0.536928
60835: 0.536919
60836: 0.53691
60837: 0.536901
60838: 0.536909
60839: 0.536917
60840: 0.536908
60841: 0.536899
60842: 0.53689
60843: 0.536898
60844: 0.536905
60845: 0.536913
60846: 0.53692
60847: 0.536928
60848: 0.536936
60849: 0.536943
60850: 0.536934
60851: 0.536942
60852: 0.53695
60853: 0.536957
60854: 0.536948
60855: 0.536956
60856: 0.536947
60857: 0.536955
60858: 0.536962
60859: 0.536954
60860: 0.536961
60861: 0.536969
60862: 0.53696
60863: 0.536968
60864: 0.536975
60865: 0.536966
60866: 0.536974
60867: 0.536965
60868: 0.536973
60869: 0.53698
60870: 0.536988
60871: 0.536979
60872: 0.53697
60873: 0.536978
60874: 0.536969
60875: 0.536977
60876: 0.536984
60877: 0.536992
60878: 0.536983
60879: 0.536991
60880: 0.536998
60881: 0.53699
60882: 0.536997
60883: 0.536988
60884: 0.53698
60885: 0.536987
60886: 0.536995
60887: 0.537002
60888: 0.536994
60889: 0.537001
60890: 0.537009
60891: 0.537016
60892: 0.537008
60893: 0.537015
60894: 0.537023
60895: 0.53703
60896: 0.537038
60897: 0.537046
60898: 0.537037
60899: 0.537044
60900: 0.537052
60901: 0.537043
60902: 0.537034
60903: 0.537025
60904: 0.537017
60905: 0.537008
60906: 0.536999
60907: 0.537007
60908: 0.537014
60909: 0.537022
60910: 0.537029
60911: 0.537037
60912: 0.537045
60913: 0.537036
60914: 0.537027
60915: 0.537035
60916: 0.537042
60917: 0.537033
60918: 0.537025
60919: 0.537032
60920: 0.53704
60921: 0.537047
60922: 0.537055
60923: 0.537046
60924: 0.537037
60925: 0.537029
60926: 0.53702
60927: 0.537027
60928: 0.537035
60929: 0.537043
60930: 0.53705
60931: 0.537058
60932: 0.537065
60933: 0.537073
60934: 0.53708
60935: 0.537072
60936: 0.537079
60937: 0.53707
60938: 0.537078
60939: 0.537086
60940: 0.537077
60941: 0.537084
60942: 0.537092
60943: 0.5371
60944: 0.537091
60945: 0.537098
60946: 0.537106
60947: 0.537114
60948: 0.537121
60949: 0.537129
60950: 0.537136
60951: 0.537128
60952: 0.537135
60953: 0.537143
60954: 0.53715
60955: 0.537158
60956: 0.537149
60957: 0.53714
60958: 0.537132
60959: 0.537139
60960: 0.537147
60961: 0.537138
60962: 0.537145
60963: 0.537137
60964: 0.537144
60965: 0.537135
60966: 0.537143
60967: 0.537134
60968: 0.537125
60969: 0.537117
60970: 0.537108
60971: 0.537099
60972: 0.53709
60973: 0.537081
60974: 0.537089
60975: 0.53708
60976: 0.537071
60977: 0.537063
60978: 0.53707
60979: 0.537061
60980: 0.537053
60981: 0.53706
60982: 0.537051
60983: 0.537059
60984: 0.537066
60985: 0.537074
60986: 0.537082
60987: 0.537089
60988: 0.537097
60989: 0.537088
60990: 0.537079
60991: 0.53707
60992: 0.537078
60993: 0.537069
60994: 0.53706
60995: 0.537052
60996: 0.537043
60997: 0.53705
60998: 0.537042
60999: 0.537049
61000: 0.53704
61001: 0.537048
61002: 0.537056
61003: 0.537063
61004: 0.537054
61005: 0.537062
61006: 0.537053
61007: 0.537044
61008: 0.537052
61009: 0.537059
61010: 0.537051
61011: 0.537058
61012: 0.537049
61013: 0.537041
61014: 0.537032
61015: 0.537039
61016: 0.537047
61017: 0.537055
61018: 0.537062
61019: 0.537053
61020: 0.537061
61021: 0.537052
61022: 0.537043
61023: 0.537051
61024: 0.537059
61025: 0.53705
61026: 0.537041
61027: 0.537032
61028: 0.537023
61029: 0.537015
61030: 0.537022
61031: 0.53703
61032: 0.537037
61033: 0.537029
61034: 0.53702
61035: 0.537011
61036: 0.537019
61037: 0.537026
61038: 0.537034
61039: 0.537041
61040: 0.537032
61041: 0.537024
61042: 0.537031
61043: 0.537022
61044: 0.537014
61045: 0.537005
61046: 0.537012
61047: 0.53702
61048: 0.537011
61049: 0.537002
61050: 0.53701
61051: 0.537018
61052: 0.537025
61053: 0.537016
61054: 0.537024
61055: 0.537032
61056: 0.537039
61057: 0.537047
61058: 0.537038
61059: 0.537029
61060: 0.537037
61061: 0.537044
61062: 0.537052
61063: 0.537059
61064: 0.537067
61065: 0.537075
61066: 0.537066
61067: 0.537057
61068: 0.537065
61069: 0.537072
61070: 0.537063
61071: 0.537055
61072: 0.537062
61073: 0.53707
61074: 0.537077
61075: 0.537069
61076: 0.537076
61077: 0.537084
61078: 0.537091
61079: 0.537083
61080: 0.537074
61081: 0.537065
61082: 0.537056
61083: 0.537047
61084: 0.537055
61085: 0.537063
61086: 0.53707
61087: 0.537078
61088: 0.537085
61089: 0.537076
61090: 0.537084
61091: 0.537075
61092: 0.537083
61093: 0.537074
61094: 0.537082
61095: 0.537089
61096: 0.53708
61097: 0.537088
61098: 0.537079
61099: 0.537087
61100: 0.537078
61101: 0.537086
61102: 0.537077
61103: 0.537084
61104: 0.537076
61105: 0.537083
61106: 0.537091
61107: 0.537098
61108: 0.537089
61109: 0.537097
61110: 0.537105
61111: 0.537112
61112: 0.537103
61113: 0.537095
61114: 0.537086
61115: 0.537077
61116: 0.537085
61117: 0.537092
61118: 0.537083
61119: 0.537091
61120: 0.537099
61121: 0.537106
61122: 0.537114
61123: 0.537121
61124: 0.537129
61125: 0.53712
61126: 0.537128
61127: 0.537119
61128: 0.537126
61129: 0.537118
61130: 0.537109
61131: 0.5371
61132: 0.537091
61133: 0.537099
61134: 0.537106
61135: 0.537114
61136: 0.537105
61137: 0.537096
61138: 0.537104
61139: 0.537112
61140: 0.537119
61141: 0.53711
61142: 0.537118
61143: 0.537125
61144: 0.537133
61145: 0.537124
61146: 0.537132
61147: 0.537139
61148: 0.537147
61149: 0.537138
61150: 0.537129
61151: 0.537137
61152: 0.537145
61153: 0.537152
61154: 0.53716
61155: 0.537151
61156: 0.537142
61157: 0.53715
61158: 0.537157
61159: 0.537148
61160: 0.53714
61161: 0.537131
61162: 0.537122
61163: 0.537113
61164: 0.537121
61165: 0.537112
61166: 0.53712
61167: 0.537127
61168: 0.537118
61169: 0.53711
61170: 0.537117
61171: 0.537125
61172: 0.537116
61173: 0.537124
61174: 0.537131
61175: 0.537122
61176: 0.537114
61177: 0.537105
61178: 0.537096
61179: 0.537104
61180: 0.537095
61181: 0.537086
61182: 0.537094
61183: 0.537085
61184: 0.537092
61185: 0.5371
61186: 0.537108
61187: 0.537099
61188: 0.53709
61189: 0.537098
61190: 0.537089
61191: 0.537096
61192: 0.537088
61193: 0.537079
61194: 0.53707
61195: 0.537078
61196: 0.537069
61197: 0.537076
61198: 0.537068
61199: 0.537059
61200: 0.53705
61201: 0.537058
61202: 0.537065
61203: 0.537073
61204: 0.537064
61205: 0.537055
61206: 0.537046
61207: 0.537054
61208: 0.537045
61209: 0.537036
61210: 0.537044
61211: 0.537035
61212: 0.537043
61213: 0.53705
61214: 0.537042
61215: 0.537049
61216: 0.537057
61217: 0.537064
61218: 0.537072
61219: 0.537079
61220: 0.537087
61221: 0.537078
61222: 0.537086
61223: 0.537093
61224: 0.537101
61225: 0.537108
61226: 0.5371
61227: 0.537107
61228: 0.537115
61229: 0.537106
61230: 0.537097
61231: 0.537105
61232: 0.537096
61233: 0.537087
61234: 0.537078
61235: 0.537086
61236: 0.537094
61237: 0.537085
61238: 0.537076
61239: 0.537084
61240: 0.537075
61241: 0.537082
61242: 0.53709
61243: 0.537098
61244: 0.537089
61245: 0.53708
61246: 0.537088
61247: 0.537079
61248: 0.537086
61249: 0.537094
61250: 0.537101
61251: 0.537109
61252: 0.5371
61253: 0.537091
61254: 0.537083
61255: 0.53709
61256: 0.537098
61257: 0.537105
61258: 0.537097
61259: 0.537104
61260: 0.537095
61261: 0.537103
61262: 0.537094
61263: 0.537085
61264: 0.537093
61265: 0.537101
61266: 0.537108
61267: 0.537116
61268: 0.537123
61269: 0.537131
61270: 0.537138
61271: 0.53713
61272: 0.537137
61273: 0.537145
61274: 0.537152
61275: 0.53716
61276: 0.537151
61277: 0.537159
61278: 0.53715
61279: 0.537157
61280: 0.537149
61281: 0.537156
61282: 0.537147
61283: 0.537155
61284: 0.537146
61285: 0.537154
61286: 0.537145
61287: 0.537136
61288: 0.537144
61289: 0.537135
61290: 0.537142
61291: 0.537134
61292: 0.537125
61293: 0.537133
61294: 0.537124
61295: 0.537131
61296: 0.537139
61297: 0.53713
61298: 0.537138
61299: 0.537145
61300: 0.537153
61301: 0.53716
61302: 0.537168
61303: 0.537175
61304: 0.537183
61305: 0.53719
61306: 0.537198
61307: 0.537189
61308: 0.537197
61309: 0.537204
61310: 0.537196
61311: 0.537203
61312: 0.537194
61313: 0.537202
61314: 0.537209
61315: 0.537217
61316: 0.537208
61317: 0.537216
61318: 0.537223
61319: 0.537231
61320: 0.537238
61321: 0.537246
61322: 0.537254
61323: 0.537245
61324: 0.537236
61325: 0.537244
61326: 0.537251
61327: 0.537259
61328: 0.537266
61329: 0.537257
61330: 0.537265
61331: 0.537256
61332: 0.537264
61333: 0.537271
61334: 0.537263
61335: 0.537254
61336: 0.537261
61337: 0.537253
61338: 0.537244
61339: 0.537235
61340: 0.537243
61341: 0.53725
61342: 0.537258
61343: 0.537265
61344: 0.537273
61345: 0.537264
61346: 0.537272
61347: 0.537279
61348: 0.537287
61349: 0.537294
61350: 0.537302
61351: 0.537309
61352: 0.537317
61353: 0.537324
61354: 0.537316
61355: 0.537307
61356: 0.537314
61357: 0.537322
61358: 0.537329
61359: 0.537337
61360: 0.537345
61361: 0.537352
61362: 0.53736
61363: 0.537351
61364: 0.537342
61365: 0.537333
61366: 0.537325
61367: 0.537316
61368: 0.537323
61369: 0.537331
61370: 0.537338
61371: 0.537346
61372: 0.537337
61373: 0.537345
61374: 0.537336
61375: 0.537344
61376: 0.537335
61377: 0.537342
61378: 0.53735
61379: 0.537341
61380: 0.537332
61381: 0.53734
61382: 0.537331
61383: 0.537339
61384: 0.53733
61385: 0.537321
61386: 0.537329
61387: 0.53732
61388: 0.537311
61389: 0.537302
61390: 0.53731
61391: 0.537301
61392: 0.537293
61393: 0.537284
61394: 0.537291
61395: 0.537283
61396: 0.53729
61397: 0.537298
61398: 0.537305
61399: 0.537296
61400: 0.537288
61401: 0.537295
61402: 0.537303
61403: 0.53731
61404: 0.537318
61405: 0.537325
61406: 0.537333
61407: 0.537324
61408: 0.537332
61409: 0.537323
61410: 0.53733
61411: 0.537338
61412: 0.537329
61413: 0.537337
61414: 0.537344
61415: 0.537352
61416: 0.537343
61417: 0.537334
61418: 0.537326
61419: 0.537317
61420: 0.537308
61421: 0.537299
61422: 0.537307
61423: 0.537298
61424: 0.537306
61425: 0.537313
61426: 0.537321
61427: 0.537312
61428: 0.53732
61429: 0.537327
61430: 0.537335
61431: 0.537342
61432: 0.53735
61433: 0.537357
61434: 0.537365
61435: 0.537372
61436: 0.53738
61437: 0.537371
61438: 0.537362
61439: 0.53737
61440: 0.537361
61441: 0.537369
61442: 0.53736
61443: 0.537367
61444: 0.537375
61445: 0.537366
61446: 0.537374
61447: 0.537381
61448: 0.537372
61449: 0.53738
61450: 0.537388
61451: 0.537395
61452: 0.537386
61453: 0.537394
61454: 0.537385
61455: 0.537393
61456: 0.5374
61457: 0.537391
61458: 0.537383
61459: 0.537374
61460: 0.537365
61461: 0.537356
61462: 0.537348
61463: 0.537355
61464: 0.537363
61465: 0.537354
61466: 0.537345
61467: 0.537353
61468: 0.537344
61469: 0.537335
61470: 0.537327
61471: 0.537318
61472: 0.537325
61473: 0.537317
61474: 0.537324
61475: 0.537332
61476: 0.537323
61477: 0.53733
61478: 0.537322
61479: 0.537313
61480: 0.53732
61481: 0.537328
61482: 0.537319
61483: 0.537327
61484: 0.537334
61485: 0.537326
61486: 0.537317
61487: 0.537308
61488: 0.537316
61489: 0.537307
61490: 0.537298
61491: 0.537306
61492: 0.537297
61493: 0.537304
61494: 0.537296
61495: 0.537303
61496: 0.537311
61497: 0.537318
61498: 0.537326
61499: 0.537333
61500: 0.537341
61501: 0.537348
61502: 0.537356
61503: 0.537363
61504: 0.537355
61505: 0.537362
61506: 0.53737
61507: 0.537377
61508: 0.537385
61509: 0.537392
61510: 0.5374
61511: 0.537407
61512: 0.537415
61513: 0.537406
61514: 0.537414
61515: 0.537405
61516: 0.537396
61517: 0.537387
61518: 0.537395
61519: 0.537402
61520: 0.537394
61521: 0.537401
61522: 0.537409
61523: 0.5374
61524: 0.537408
61525: 0.537415
61526: 0.537406
61527: 0.537414
61528: 0.537405
61529: 0.537413
61530: 0.537404
61531: 0.537411
61532: 0.537419
61533: 0.537426
61534: 0.537418
61535: 0.537409
61536: 0.537417
61537: 0.537424
61538: 0.537415
61539: 0.537407
61540: 0.537398
61541: 0.537405
61542: 0.537413
61543: 0.53742
61544: 0.537428
61545: 0.537419
61546: 0.53741
61547: 0.537402
61548: 0.537393
61549: 0.5374
61550: 0.537408
61551: 0.537416
61552: 0.537407
61553: 0.537414
61554: 0.537422
61555: 0.537429
61556: 0.537421
61557: 0.537412
61558: 0.537403
61559: 0.537394
61560: 0.537386
61561: 0.537393
61562: 0.537401
61563: 0.537392
61564: 0.537399
61565: 0.537391
61566: 0.537382
61567: 0.53739
61568: 0.537381
61569: 0.537388
61570: 0.537396
61571: 0.537403
61572: 0.537411
61573: 0.537418
61574: 0.537426
61575: 0.537433
61576: 0.537441
61577: 0.537448
61578: 0.53744
61579: 0.537431
61580: 0.537438
61581: 0.537446
61582: 0.537454
61583: 0.537445
61584: 0.537452
61585: 0.53746
61586: 0.537467
61587: 0.537475
61588: 0.537466
61589: 0.537474
61590: 0.537481
61591: 0.537472
61592: 0.53748
61593: 0.537471
61594: 0.537462
61595: 0.53747
61596: 0.537477
61597: 0.537469
61598: 0.53746
61599: 0.537451
61600: 0.537459
61601: 0.53745
61602: 0.537458
61603: 0.537465
61604: 0.537473
61605: 0.53748
61606: 0.537471
61607: 0.537463
61608: 0.53747
61609: 0.537478
61610: 0.537469
61611: 0.53746
61612: 0.537452
61613: 0.537459
61614: 0.537467
61615: 0.537474
61616: 0.537465
61617: 0.537473
61618: 0.537464
61619: 0.537472
61620: 0.537479
61621: 0.53747
61622: 0.537478
61623: 0.537485
61624: 0.537477
61625: 0.537484
61626: 0.537492
61627: 0.537499
61628: 0.53749
61629: 0.537482
61630: 0.537473
61631: 0.537464
61632: 0.537472
61633: 0.537463
61634: 0.537454
61635: 0.537446
61636: 0.537453
61637: 0.537444
61638: 0.537452
61639: 0.537443
61640: 0.537434
61641: 0.537442
61642: 0.537433
61643: 0.537425
61644: 0.537416
61645: 0.537423
61646: 0.537431
61647: 0.537438
61648: 0.537446
61649: 0.537453
61650: 0.537445
61651: 0.537452
61652: 0.53746
61653: 0.537467
61654: 0.537458
61655: 0.537466
61656: 0.537473
61657: 0.537481
61658: 0.537488
61659: 0.537496
61660: 0.537503
61661: 0.537511
61662: 0.537502
61663: 0.537494
61664: 0.537501
61665: 0.537509
61666: 0.537516
61667: 0.537507
61668: 0.537499
61669: 0.537506
61670: 0.537497
61671: 0.537489
61672: 0.537496
61673: 0.537504
61674: 0.537495
61675: 0.537486
61676: 0.537478
61677: 0.537469
61678: 0.537476
61679: 0.537484
61680: 0.537475
61681: 0.537466
61682: 0.537474
61683: 0.537481
61684: 0.537489
61685: 0.537496
61686: 0.537504
61687: 0.537495
61688: 0.537486
61689: 0.537478
61690: 0.537485
61691: 0.537493
61692: 0.537484
61693: 0.537491
61694: 0.537499
61695: 0.537506
61696: 0.537498
61697: 0.537505
61698: 0.537513
61699: 0.537504
61700: 0.537495
61701: 0.537503
61702: 0.53751
61703: 0.537518
61704: 0.537525
61705: 0.537517
61706: 0.537524
61707: 0.537515
61708: 0.537507
61709: 0.537498
61710: 0.537505
61711: 0.537497
61712: 0.537488
61713: 0.537496
61714: 0.537487
61715: 0.537494
61716: 0.537502
61717: 0.537493
61718: 0.537501
61719: 0.537492
61720: 0.537483
61721: 0.537474
61722: 0.537466
61723: 0.537473
61724: 0.537465
61725: 0.537472
61726: 0.53748
61727: 0.537487
61728: 0.537478
61729: 0.537486
61730: 0.537477
61731: 0.537485
61732: 0.537476
61733: 0.537467
61734: 0.537475
61735: 0.537466
61736: 0.537457
61737: 0.537449
61738: 0.537456
61739: 0.537464
61740: 0.537455
61741: 0.537462
61742: 0.53747
61743: 0.537461
61744: 0.537469
61745: 0.537476
61746: 0.537467
61747: 0.537475
61748: 0.537482
61749: 0.537474
61750: 0.537465
61751: 0.537472
61752: 0.537464
61753: 0.537471
61754: 0.537479
61755: 0.537486
61756: 0.537494
61757: 0.537501
61758: 0.537509
61759: 0.5375
61760: 0.537507
61761: 0.537499
61762: 0.537506
61763: 0.537514
61764: 0.537505
61765: 0.537513
61766: 0.53752
61767: 0.537511
61768: 0.537503
61769: 0.537494
61770: 0.537485
61771: 0.537477
61772: 0.537468
61773: 0.537459
61774: 0.53745
61775: 0.537458
61776: 0.537449
61777: 0.537457
61778: 0.537448
61779: 0.537439
61780: 0.537431
61781: 0.537422
61782: 0.537413
61783: 0.537421
61784: 0.537428
61785: 0.537419
61786: 0.537411
61787: 0.537402
61788: 0.537393
61789: 0.537385
61790: 0.537392
61791: 0.537383
61792: 0.537391
61793: 0.537382
61794: 0.537374
61795: 0.537381
61796: 0.537372
61797: 0.537364
61798: 0.537371
61799: 0.537379
61800: 0.53737
61801: 0.537361
61802: 0.537369
61803: 0.53736
61804: 0.537368
61805: 0.537359
61806: 0.537366
61807: 0.537374
61808: 0.537381
61809: 0.537389
61810: 0.53738
61811: 0.537388
61812: 0.537379
61813: 0.53737
61814: 0.537378
61815: 0.537385
61816: 0.537393
61817: 0.5374
61818: 0.537408
61819: 0.537415
61820: 0.537406
61821: 0.537398
61822: 0.537405
61823: 0.537413
61824: 0.537404
61825: 0.537395
61826: 0.537403
61827: 0.53741
61828: 0.537418
61829: 0.537409
61830: 0.5374
61831: 0.537408
61832: 0.537415
61833: 0.537423
61834: 0.537414
61835: 0.537422
61836: 0.537429
61837: 0.537437
61838: 0.537444
61839: 0.537451
61840: 0.537459
61841: 0.53745
61842: 0.537458
61843: 0.537465
61844: 0.537473
61845: 0.53748
61846: 0.537472
61847: 0.537463
61848: 0.53747
61849: 0.537478
61850: 0.537469
61851: 0.537477
61852: 0.537484
61853: 0.537492
61854: 0.537499
61855: 0.53749
61856: 0.537482
61857: 0.537489
61858: 0.537497
61859: 0.537504
61860: 0.537512
61861: 0.537503
61862: 0.53751
61863: 0.537502
61864: 0.537509
61865: 0.537517
61866: 0.537508
61867: 0.537499
61868: 0.537507
61869: 0.537498
61870: 0.537489
61871: 0.537481
61872: 0.537472
61873: 0.537479
61874: 0.537471
61875: 0.537462
61876: 0.537453
61877: 0.537445
61878: 0.537436
61879: 0.537427
61880: 0.537435
61881: 0.537442
61882: 0.537434
61883: 0.537425
61884: 0.537432
61885: 0.53744
61886: 0.537431
61887: 0.537439
61888: 0.537446
61889: 0.537454
61890: 0.537461
61891: 0.537468
61892: 0.537476
61893: 0.537467
61894: 0.537475
61895: 0.537466
61896: 0.537457
61897: 0.537465
61898: 0.537456
61899: 0.537464
61900: 0.537455
61901: 0.537446
61902: 0.537438
61903: 0.537445
61904: 0.537453
61905: 0.53746
61906: 0.537451
61907: 0.537459
61908: 0.537466
61909: 0.537458
61910: 0.537465
61911: 0.537473
61912: 0.53748
61913: 0.537487
61914: 0.537495
61915: 0.537502
61916: 0.53751
61917: 0.537501
61918: 0.537509
61919: 0.5375
61920: 0.537507
61921: 0.537515
61922: 0.537522
61923: 0.53753
61924: 0.537537
61925: 0.537529
61926: 0.537536
61927: 0.537527
61928: 0.537519
61929: 0.53751
61930: 0.537501
61931: 0.537493
61932: 0.537484
61933: 0.537475
61934: 0.537483
61935: 0.537474
61936: 0.537465
61937: 0.537457
61938: 0.537448
61939: 0.537456
61940: 0.537463
61941: 0.537454
61942: 0.537462
61943: 0.537469
61944: 0.537477
61945: 0.537484
61946: 0.537492
61947: 0.537499
61948: 0.537491
61949: 0.537498
61950: 0.537505
61951: 0.537497
61952: 0.537488
61953: 0.537496
61954: 0.537503
61955: 0.53751
61956: 0.537518
61957: 0.537525
61958: 0.537533
61959: 0.537524
61960: 0.537532
61961: 0.537539
61962: 0.53753
61963: 0.537522
61964: 0.537529
61965: 0.537537
61966: 0.537528
61967: 0.537519
61968: 0.537511
61969: 0.537518
61970: 0.537509
61971: 0.537517
61972: 0.537508
61973: 0.537516
61974: 0.537507
61975: 0.537498
61976: 0.53749
61977: 0.537497
61978: 0.537489
61979: 0.537496
61980: 0.537487
61981: 0.537495
61982: 0.537486
61983: 0.537494
61984: 0.537485
61985: 0.537476
61986: 0.537484
61987: 0.537475
61988: 0.537482
61989: 0.537474
61990: 0.537465
61991: 0.537473
61992: 0.53748
61993: 0.537471
61994: 0.537463
61995: 0.537454
61996: 0.537445
61997: 0.537437
61998: 0.537444
61999: 0.537435
62000: 0.537427
62001: 0.537418
62002: 0.537409
62003: 0.537401
62004: 0.537408
62005: 0.5374
62006: 0.537407
62007: 0.537415
62008: 0.537406
62009: 0.537413
62010: 0.537405
62011: 0.537396
62012: 0.537403
62013: 0.537411
62014: 0.537418
62015: 0.53741
62016: 0.537417
62017: 0.537425
62018: 0.537432
62019: 0.53744
62020: 0.537447
62021: 0.537438
62022: 0.53743
62023: 0.537437
62024: 0.537428
62025: 0.53742
62026: 0.537427
62027: 0.537419
62028: 0.537426
62029: 0.537433
62030: 0.537441
62031: 0.537448
62032: 0.537456
62033: 0.537447
62034: 0.537455
62035: 0.537446
62036: 0.537453
62037: 0.537461
62038: 0.537468
62039: 0.537476
62040: 0.537483
62041: 0.537491
62042: 0.537482
62043: 0.53749
62044: 0.537481
62045: 0.537472
62046: 0.53748
62047: 0.537471
62048: 0.537462
62049: 0.537454
62050: 0.537461
62051: 0.537469
62052: 0.537476
62053: 0.537483
62054: 0.537491
62055: 0.537498
62056: 0.537506
62057: 0.537513
62058: 0.537521
62059: 0.537528
62060: 0.537536
62061: 0.537527
62062: 0.537518
62063: 0.537526
62064: 0.537517
62065: 0.537525
62066: 0.537532
62067: 0.537539
62068: 0.537531
62069: 0.537538
62070: 0.53753
62071: 0.537521
62072: 0.537512
62073: 0.537504
62074: 0.537495
62075: 0.537486
62076: 0.537494
62077: 0.537501
62078: 0.537493
62079: 0.5375
62080: 0.537491
62081: 0.537483
62082: 0.53749
62083: 0.537498
62084: 0.537505
62085: 0.537512
62086: 0.537504
62087: 0.537511
62088: 0.537503
62089: 0.53751
62090: 0.537501
62091: 0.537509
62092: 0.5375
62093: 0.537492
62094: 0.537499
62095: 0.537506
62096: 0.537498
62097: 0.537505
62098: 0.537497
62099: 0.537488
62100: 0.537479
62101: 0.537487
62102: 0.537478
62103: 0.537486
62104: 0.537477
62105: 0.537484
62106: 0.537492
62107: 0.537499
62108: 0.537507
62109: 0.537514
62110: 0.537505
62111: 0.537497
62112: 0.537488
62113: 0.537479
62114: 0.537487
62115: 0.537494
62116: 0.537486
62117: 0.537493
62118: 0.537501
62119: 0.537492
62120: 0.537483
62121: 0.537475
62122: 0.537482
62123: 0.53749
62124: 0.537481
62125: 0.537488
62126: 0.537496
62127: 0.537487
62128: 0.537495
62129: 0.537486
62130: 0.537493
62131: 0.537501
62132: 0.537492
62133: 0.537484
62134: 0.537475
62135: 0.537466
62136: 0.537458
62137: 0.537465
62138: 0.537472
62139: 0.53748
62140: 0.537471
62141: 0.537479
62142: 0.53747
62143: 0.537477
62144: 0.537485
62145: 0.537476
62146: 0.537484
62147: 0.537475
62148: 0.537466
62149: 0.537474
62150: 0.537465
62151: 0.537457
62152: 0.537448
62153: 0.537455
62154: 0.537463
62155: 0.537454
62156: 0.537462
62157: 0.537453
62158: 0.53746
62159: 0.537452
62160: 0.537443
62161: 0.537434
62162: 0.537426
62163: 0.537417
62164: 0.537409
62165: 0.5374
62166: 0.537391
62167: 0.537383
62168: 0.537374
62169: 0.537381
62170: 0.537389
62171: 0.537396
62172: 0.537404
62173: 0.537395
62174: 0.537386
62175: 0.537378
62176: 0.537369
62177: 0.537377
62178: 0.537384
62179: 0.537375
62180: 0.537383
62181: 0.53739
62182: 0.537398
62183: 0.537389
62184: 0.53738
62185: 0.537372
62186: 0.537379
62187: 0.537371
62188: 0.537378
62189: 0.537385
62190: 0.537393
62191: 0.5374
62192: 0.537408
62193: 0.537399
62194: 0.53739
62195: 0.537398
62196: 0.537405
62197: 0.537397
62198: 0.537404
62199: 0.537412
62200: 0.537419
62201: 0.537426
62202: 0.537418
62203: 0.537409
62204: 0.537417
62205: 0.537424
62206: 0.537415
62207: 0.537407
62208: 0.537398
62209: 0.537389
62210: 0.537397
62211: 0.537404
62212: 0.537396
62213: 0.537387
62214: 0.537395
62215: 0.537402
62216: 0.537393
62217: 0.537401
62218: 0.537392
62219: 0.537383
62220: 0.537391
62221: 0.537382
62222: 0.537374
62223: 0.537365
62224: 0.537356
62225: 0.537348
62226: 0.537355
62227: 0.537347
62228: 0.537354
62229: 0.537345
62230: 0.537353
62231: 0.537344
62232: 0.537352
62233: 0.537343
62234: 0.537334
62235: 0.537342
62236: 0.537349
62237: 0.537341
62238: 0.537348
62239: 0.537339
62240: 0.537347
62241: 0.537338
62242: 0.537329
62243: 0.537337
62244: 0.537328
62245: 0.537336
62246: 0.537343
62247: 0.537351
62248: 0.537342
62249: 0.537349
62250: 0.537341
62251: 0.537332
62252: 0.537324
62253: 0.537315
62254: 0.537306
62255: 0.537298
62256: 0.537289
62257: 0.53728
62258: 0.537288
62259: 0.537279
62260: 0.537271
62261: 0.537262
62262: 0.537269
62263: 0.537277
62264: 0.537284
62265: 0.537276
62266: 0.537283
62267: 0.537274
62268: 0.537282
62269: 0.537289
62270: 0.537297
62271: 0.537288
62272: 0.537279
62273: 0.537287
62274: 0.537278
62275: 0.53727
62276: 0.537277
62277: 0.537268
62278: 0.537276
62279: 0.537283
62280: 0.537291
62281: 0.537298
62282: 0.537289
62283: 0.537297
62284: 0.537288
62285: 0.53728
62286: 0.537271
62287: 0.537262
62288: 0.537254
62289: 0.537245
62290: 0.537253
62291: 0.53726
62292: 0.537267
62293: 0.537259
62294: 0.53725
62295: 0.537242
62296: 0.537233
62297: 0.537224
62298: 0.537216
62299: 0.537223
62300: 0.537214
62301: 0.537222
62302: 0.537229
62303: 0.537237
62304: 0.537244
62305: 0.537252
62306: 0.537259
62307: 0.53725
62308: 0.537242
62309: 0.537249
62310: 0.537241
62311: 0.537248
62312: 0.537239
62313: 0.537247
62314: 0.537254
62315: 0.537246
62316: 0.537237
62317: 0.537228
62318: 0.537236
62319: 0.537243
62320: 0.537251
62321: 0.537258
62322: 0.537249
62323: 0.537257
62324: 0.537264
62325: 0.537256
62326: 0.537247
62327: 0.537238
62328: 0.537246
62329: 0.537253
62330: 0.537245
62331: 0.537236
62332: 0.537227
62333: 0.537235
62334: 0.537242
62335: 0.53725
62336: 0.537257
62337: 0.537249
62338: 0.537256
62339: 0.537263
62340: 0.537255
62341: 0.537246
62342: 0.537238
62343: 0.537229
62344: 0.537236
62345: 0.537244
62346: 0.537251
62347: 0.537259
62348: 0.537266
62349: 0.537273
62350: 0.537265
62351: 0.537256
62352: 0.537264
62353: 0.537255
62354: 0.537246
62355: 0.537238
62356: 0.537245
62357: 0.537253
62358: 0.53726
62359: 0.537251
62360: 0.537243
62361: 0.53725
62362: 0.537242
62363: 0.537233
62364: 0.53724
62365: 0.537248
62366: 0.537255
62367: 0.537263
62368: 0.53727
62369: 0.537278
62370: 0.537285
62371: 0.537276
62372: 0.537284
62373: 0.537291
62374: 0.537299
62375: 0.537306
62376: 0.537313
62377: 0.537321
62378: 0.537312
62379: 0.53732
62380: 0.537327
62381: 0.537318
62382: 0.53731
62383: 0.537317
62384: 0.537325
62385: 0.537332
62386: 0.53734
62387: 0.537347
62388: 0.537354
62389: 0.537362
62390: 0.537353
62391: 0.537345
62392: 0.537336
62393: 0.537327
62394: 0.537335
62395: 0.537342
62396: 0.53735
62397: 0.537341
62398: 0.537332
62399: 0.537324
62400: 0.537331
62401: 0.537323
62402: 0.53733
62403: 0.537337
62404: 0.537329
62405: 0.537336
62406: 0.537328
62407: 0.537319
62408: 0.53731
62409: 0.537302
62410: 0.537309
62411: 0.537301
62412: 0.537292
62413: 0.537299
62414: 0.537307
62415: 0.537314
62416: 0.537306
62417: 0.537297
62418: 0.537288
62419: 0.53728
62420: 0.537287
62421: 0.537295
62422: 0.537302
62423: 0.537309
62424: 0.537301
62425: 0.537308
62426: 0.537316
62427: 0.537307
62428: 0.537314
62429: 0.537322
62430: 0.537329
62431: 0.537321
62432: 0.537328
62433: 0.537335
62434: 0.537327
62435: 0.537334
62436: 0.537342
62437: 0.537333
62438: 0.537324
62439: 0.537332
62440: 0.537339
62441: 0.537347
62442: 0.537338
62443: 0.537345
62444: 0.537353
62445: 0.537344
62446: 0.537336
62447: 0.537343
62448: 0.53735
62449: 0.537358
62450: 0.537365
62451: 0.537357
62452: 0.537348
62453: 0.537339
62454: 0.537347
62455: 0.537354
62456: 0.537362
62457: 0.537369
62458: 0.537361
62459: 0.537368
62460: 0.537375
62461: 0.537367
62462: 0.537358
62463: 0.53735
62464: 0.537341
62465: 0.537348
62466: 0.53734
62467: 0.537331
62468: 0.537339
62469: 0.53733
62470: 0.537337
62471: 0.537345
62472: 0.537352
62473: 0.53736
62474: 0.537351
62475: 0.537342
62476: 0.537334
62477: 0.537325
62478: 0.537317
62479: 0.537308
62480: 0.537299
62481: 0.537291
62482: 0.537282
62483: 0.53729
62484: 0.537281
62485: 0.537272
62486: 0.537264
62487: 0.537255
62488: 0.537247
62489: 0.537238
62490: 0.537229
62491: 0.537221
62492: 0.537212
62493: 0.53722
62494: 0.537227
62495: 0.537218
62496: 0.53721
62497: 0.537217
62498: 0.537209
62499: 0.537216
62500: 0.537223
62501: 0.537215
62502: 0.537222
62503: 0.53723
62504: 0.537237
62505: 0.537244
62506: 0.537252
62507: 0.537259
62508: 0.537267
62509: 0.537274
62510: 0.537281
62511: 0.537289
62512: 0.53728
62513: 0.537288
62514: 0.537295
62515: 0.537286
62516: 0.537294
62517: 0.537285
62518: 0.537293
62519: 0.5373
62520: 0.537291
62521: 0.537299
62522: 0.537306
62523: 0.537298
62524: 0.537305
62525: 0.537312
62526: 0.53732
62527: 0.537311
62528: 0.537319
62529: 0.53731
62530: 0.537301
62531: 0.537293
62532: 0.5373
62533: 0.537308
62534: 0.537315
62535: 0.537307
62536: 0.537314
62537: 0.537321
62538: 0.537313
62539: 0.537304
62540: 0.537312
62541: 0.537303
62542: 0.53731
62543: 0.537318
62544: 0.537325
62545: 0.537333
62546: 0.53734
62547: 0.537347
62548: 0.537355
62549: 0.537346
62550: 0.537338
62551: 0.537345
62552: 0.537352
62553: 0.53736
62554: 0.537351
62555: 0.537359
62556: 0.537366
62557: 0.537373
62558: 0.537365
62559: 0.537356
62560: 0.537364
62561: 0.537355
62562: 0.537346
62563: 0.537354
62564: 0.537345
62565: 0.537337
62566: 0.537344
62567: 0.537335
62568: 0.537343
62569: 0.53735
62570: 0.537358
62571: 0.537365
62572: 0.537372
62573: 0.53738
62574: 0.537387
62575: 0.537379
62576: 0.53737
62577: 0.537361
62578: 0.537353
62579: 0.537344
62580: 0.537352
62581: 0.537359
62582: 0.537366
62583: 0.537358
62584: 0.537365
62585: 0.537373
62586: 0.537364
62587: 0.537355
62588: 0.537363
62589: 0.53737
62590: 0.537362
62591: 0.537353
62592: 0.537344
62593: 0.537336
62594: 0.537343
62595: 0.537351
62596: 0.537342
62597: 0.537333
62598: 0.537341
62599: 0.537348
62600: 0.537356
62601: 0.537347
62602: 0.537338
62603: 0.53733
62604: 0.537321
62605: 0.537329
62606: 0.537336
62607: 0.537327
62608: 0.537319
62609: 0.53731
62610: 0.537302
62611: 0.537309
62612: 0.537301
62613: 0.537292
62614: 0.537283
62615: 0.537275
62616: 0.537266
62617: 0.537274
62618: 0.537281
62619: 0.537288
62620: 0.537296
62621: 0.537303
62622: 0.537295
62623: 0.537302
62624: 0.537309
62625: 0.537317
62626: 0.537308
62627: 0.5373
62628: 0.537307
62629: 0.537298
62630: 0.53729
62631: 0.537297
62632: 0.537289
62633: 0.53728
62634: 0.537287
62635: 0.537295
62636: 0.537302
62637: 0.537294
62638: 0.537301
62639: 0.537308
62640: 0.537316
62641: 0.537323
62642: 0.537331
62643: 0.537322
62644: 0.537329
62645: 0.537337
62646: 0.537344
62647: 0.537352
62648: 0.537343
62649: 0.53735
62650: 0.537358
62651: 0.537365
62652: 0.537373
62653: 0.53738
62654: 0.537387
62655: 0.537379
62656: 0.537386
62657: 0.537393
62658: 0.537401
62659: 0.537392
62660: 0.5374
62661: 0.537407
62662: 0.537414
62663: 0.537406
62664: 0.537397
62665: 0.537389
62666: 0.537396
62667: 0.537403
62668: 0.537395
62669: 0.537386
62670: 0.537394
62671: 0.537385
62672: 0.537392
62673: 0.5374
62674: 0.537407
62675: 0.537415
62676: 0.537422
62677: 0.537429
62678: 0.537437
62679: 0.537444
62680: 0.537452
62681: 0.537459
62682: 0.537466
62683: 0.537458
62684: 0.537465
62685: 0.537472
62686: 0.537464
62687: 0.537471
62688: 0.537479
62689: 0.53747
62690: 0.537462
62691: 0.537469
62692: 0.53746
62693: 0.537452
62694: 0.537459
62695: 0.537467
62696: 0.537474
62697: 0.537465
62698: 0.537473
62699: 0.537464
62700: 0.537456
62701: 0.537463
62702: 0.53747
62703: 0.537462
62704: 0.537469
62705: 0.537476
62706: 0.537468
62707: 0.537475
62708: 0.537483
62709: 0.537474
62710: 0.537466
62711: 0.537457
62712: 0.537448
62713: 0.537456
62714: 0.537463
62715: 0.537471
62716: 0.537478
62717: 0.537469
62718: 0.537477
62719: 0.537468
62720: 0.53746
62721: 0.537451
62722: 0.537458
62723: 0.537466
62724: 0.537457
62725: 0.537449
62726: 0.537456
62727: 0.537447
62728: 0.537455
62729: 0.537446
62730: 0.537438
62731: 0.537445
62732: 0.537452
62733: 0.53746
62734: 0.537451
62735: 0.537443
62736: 0.537434
62737: 0.537425
62738: 0.537433
62739: 0.537424
62740: 0.537432
62741: 0.537423
62742: 0.537415
62743: 0.537422
62744: 0.537429
62745: 0.537437
62746: 0.537428
62747: 0.53742
62748: 0.537411
62749: 0.537402
62750: 0.53741
62751: 0.537417
62752: 0.537409
62753: 0.5374
62754: 0.537407
62755: 0.537415
62756: 0.537406
62757: 0.537398
62758: 0.537389
62759: 0.537396
62760: 0.537404
62761: 0.537395
62762: 0.537387
62763: 0.537394
62764: 0.537401
62765: 0.537409
62766: 0.537416
62767: 0.537408
62768: 0.537415
62769: 0.537422
62770: 0.537414
62771: 0.537405
62772: 0.537413
62773: 0.53742
62774: 0.537427
62775: 0.537419
62776: 0.53741
62777: 0.537402
62778: 0.537393
62779: 0.537385
62780: 0.537376
62781: 0.537367
62782: 0.537375
62783: 0.537366
62784: 0.537374
62785: 0.537365
62786: 0.537356
62787: 0.537364
62788: 0.537371
62789: 0.537379
62790: 0.537386
62791: 0.537377
62792: 0.537385
62793: 0.537376
62794: 0.537384
62795: 0.537391
62796: 0.537398
62797: 0.537406
62798: 0.537397
62799: 0.537389
62800: 0.537396
62801: 0.537403
62802: 0.537411
62803: 0.537418
62804: 0.537425
62805: 0.537417
62806: 0.537408
62807: 0.5374
62808: 0.537391
62809: 0.537399
62810: 0.537406
62811: 0.537397
62812: 0.537405
62813: 0.537412
62814: 0.537419
62815: 0.537427
62816: 0.537418
62817: 0.537426
62818: 0.537433
62819: 0.53744
62820: 0.537432
62821: 0.537423
62822: 0.537415
62823: 0.537406
62824: 0.537413
62825: 0.537421
62826: 0.537428
62827: 0.537436
62828: 0.537427
62829: 0.537434
62830: 0.537442
62831: 0.537433
62832: 0.537425
62833: 0.537432
62834: 0.537423
62835: 0.537415
62836: 0.537406
62837: 0.537414
62838: 0.537421
62839: 0.537428
62840: 0.53742
62841: 0.537411
62842: 0.537419
62843: 0.53741
62844: 0.537402
62845: 0.537409
62846: 0.537416
62847: 0.537424
62848: 0.537431
62849: 0.537438
62850: 0.53743
62851: 0.537437
62852: 0.537429
62853: 0.53742
62854: 0.537427
62855: 0.537435
62856: 0.537442
62857: 0.537449
62858: 0.537441
62859: 0.537448
62860: 0.53744
62861: 0.537431
62862: 0.537423
62863: 0.53743
62864: 0.537421
62865: 0.537429
62866: 0.537436
62867: 0.537428
62868: 0.537435
62869: 0.537426
62870: 0.537418
62871: 0.537425
62872: 0.537433
62873: 0.537424
62874: 0.537431
62875: 0.537423
62876: 0.53743
62877: 0.537422
62878: 0.537413
62879: 0.53742
62880: 0.537428
62881: 0.537419
62882: 0.537427
62883: 0.537418
62884: 0.537425
62885: 0.537433
62886: 0.537424
62887: 0.537432
62888: 0.537423
62889: 0.53743
62890: 0.537438
62891: 0.537429
62892: 0.537437
62893: 0.537444
62894: 0.537451
62895: 0.537459
62896: 0.537466
62897: 0.537457
62898: 0.537449
62899: 0.537456
62900: 0.537448
62901: 0.537455
62902: 0.537462
62903: 0.53747
62904: 0.537477
62905: 0.537485
62906: 0.537476
62907: 0.537467
62908: 0.537475
62909: 0.537482
62910: 0.537489
62911: 0.537497
62912: 0.537488
62913: 0.53748
62914: 0.537487
62915: 0.537479
62916: 0.53747
62917: 0.537461
62918: 0.537453
62919: 0.53746
62920: 0.537452
62921: 0.537459
62922: 0.537466
62923: 0.537474
62924: 0.537481
62925: 0.537488
62926: 0.537496
62927: 0.537503
62928: 0.537495
62929: 0.537502
62930: 0.537509
62931: 0.537517
62932: 0.537524
62933: 0.537531
62934: 0.537523
62935: 0.537514
62936: 0.537522
62937: 0.537529
62938: 0.53752
62939: 0.537512
62940: 0.537503
62941: 0.537511
62942: 0.537518
62943: 0.537525
62944: 0.537517
62945: 0.537524
62946: 0.537532
62947: 0.537523
62948: 0.537514
62949: 0.537522
62950: 0.537529
62951: 0.537521
62952: 0.537528
62953: 0.537535
62954: 0.537527
62955: 0.537534
62956: 0.537541
62957: 0.537533
62958: 0.53754
62959: 0.537548
62960: 0.537539
62961: 0.537531
62962: 0.537522
62963: 0.537513
62964: 0.537505
62965: 0.537512
62966: 0.53752
62967: 0.537511
62968: 0.537503
62969: 0.537494
62970: 0.537486
62971: 0.537493
62972: 0.5375
62973: 0.537508
62974: 0.537499
62975: 0.53749
62976: 0.537498
62977: 0.537489
62978: 0.537497
62979: 0.537504
62980: 0.537511
62981: 0.537519
62982: 0.537526
62983: 0.537533
62984: 0.537541
62985: 0.537548
62986: 0.537555
62987: 0.537547
62988: 0.537538
62989: 0.53753
62990: 0.537537
62991: 0.537529
62992: 0.53752
62993: 0.537527
62994: 0.537519
62995: 0.537526
62996: 0.537518
62997: 0.537525
62998: 0.537532
62999: 0.53754
63000: 0.537547
63001: 0.537554
63002: 0.537546
63003: 0.537537
63004: 0.537545
63005: 0.537552
63006: 0.537559
63007: 0.537551
63008: 0.537542
63009: 0.53755
63010: 0.537541
63011: 0.537548
63012: 0.53754
63013: 0.537547
63014: 0.537555
63015: 0.537546
63016: 0.537537
63017: 0.537545
63018: 0.537536
63019: 0.537528
63020: 0.537535
63021: 0.537527
63022: 0.537518
63023: 0.537525
63024: 0.537533
63025: 0.53754
63026: 0.537547
63027: 0.537539
63028: 0.53753
63029: 0.537538
63030: 0.537529
63031: 0.537536
63032: 0.537544
63033: 0.537551
63034: 0.537558
63035: 0.537566
63036: 0.537557
63037: 0.537565
63038: 0.537556
63039: 0.537548
63040: 0.537555
63041: 0.537562
63042: 0.53757
63043: 0.537561
63044: 0.537568
63045: 0.537576
63046: 0.537583
63047: 0.537575
63048: 0.537566
63049: 0.537557
63050: 0.537565
63051: 0.537556
63052: 0.537564
63053: 0.537571
63054: 0.537562
63055: 0.537554
63056: 0.537545
63057: 0.537537
63058: 0.537528
63059: 0.537536
63060: 0.537527
63061: 0.537519
63062: 0.53751
63063: 0.537517
63064: 0.537509
63065: 0.5375
63066: 0.537492
63067: 0.537483
63068: 0.537475
63069: 0.537482
63070: 0.537474
63071: 0.537465
63072: 0.537457
63073: 0.537448
63074: 0.53744
63075: 0.537431
63076: 0.537423
63077: 0.53743
63078: 0.537421
63079: 0.537429
63080: 0.537436
63081: 0.537443
63082: 0.537451
63083: 0.537442
63084: 0.537434
63085: 0.537441
63086: 0.537448
63087: 0.53744
63088: 0.537447
63089: 0.537439
63090: 0.53743
63091: 0.537422
63092: 0.537429
63093: 0.537436
63094: 0.537428
63095: 0.537419
63096: 0.537411
63097: 0.537402
63098: 0.537409
63099: 0.537417
63100: 0.537408
63101: 0.537416
63102: 0.537407
63103: 0.537399
63104: 0.53739
63105: 0.537397
63106: 0.537405
63107: 0.537412
63108: 0.537419
63109: 0.537411
63110: 0.537418
63111: 0.537426
63112: 0.537433
63113: 0.537424
63114: 0.537416
63115: 0.537423
63116: 0.53743
63117: 0.537422
63118: 0.537413
63119: 0.537421
63120: 0.537412
63121: 0.53742
63122: 0.537411
63123: 0.537403
63124: 0.537394
63125: 0.537401
63126: 0.537393
63127: 0.537384
63128: 0.537376
63129: 0.537367
63130: 0.537359
63131: 0.53735
63132: 0.537358
63133: 0.537365
63134: 0.537356
63135: 0.537348
63136: 0.537339
63137: 0.537331
63138: 0.537322
63139: 0.537314
63140: 0.537321
63141: 0.537313
63142: 0.53732
63143: 0.537327
63144: 0.537319
63145: 0.537326
63146: 0.537318
63147: 0.537309
63148: 0.537317
63149: 0.537308
63150: 0.537299
63151: 0.537307
63152: 0.537314
63153: 0.537306
63154: 0.537297
63155: 0.537289
63156: 0.53728
63157: 0.537287
63158: 0.537295
63159: 0.537286
63160: 0.537294
63161: 0.537301
63162: 0.537308
63163: 0.537316
63164: 0.537307
63165: 0.537299
63166: 0.537306
63167: 0.537313
63168: 0.537321
63169: 0.537328
63170: 0.537335
63171: 0.537327
63172: 0.537334
63173: 0.537325
63174: 0.537317
63175: 0.537308
63176: 0.537316
63177: 0.537307
63178: 0.537315
63179: 0.537322
63180: 0.537329
63181: 0.537337
63182: 0.537344
63183: 0.537351
63184: 0.537359
63185: 0.537366
63186: 0.537357
63187: 0.537365
63188: 0.537372
63189: 0.537364
63190: 0.537355
63191: 0.537362
63192: 0.537354
63193: 0.537361
63194: 0.537368
63195: 0.53736
63196: 0.537367
63197: 0.537375
63198: 0.537382
63199: 0.537389
63200: 0.537397
63201: 0.537388
63202: 0.537395
63203: 0.537403
63204: 0.537394
63205: 0.537386
63206: 0.537393
63207: 0.5374
63208: 0.537408
63209: 0.537415
63210: 0.537406
63211: 0.537398
63212: 0.537405
63213: 0.537413
63214: 0.53742
63215: 0.537411
63216: 0.537419
63217: 0.53741
63218: 0.537418
63219: 0.537425
63220: 0.537432
63221: 0.537424
63222: 0.537431
63223: 0.537438
63224: 0.53743
63225: 0.537421
63226: 0.537429
63227: 0.537436
63228: 0.537443
63229: 0.537451
63230: 0.537458
63231: 0.537465
63232: 0.537473
63233: 0.537464
63234: 0.537471
63235: 0.537479
63236: 0.537486
63237: 0.537493
63238: 0.537485
63239: 0.537476
63240: 0.537468
63241: 0.537459
63242: 0.537467
63243: 0.537474
63244: 0.537465
63245: 0.537457
63246: 0.537464
63247: 0.537472
63248: 0.537463
63249: 0.53747
63250: 0.537462
63251: 0.537469
63252: 0.537476
63253: 0.537484
63254: 0.537491
63255: 0.537498
63256: 0.537506
63257: 0.537513
63258: 0.537505
63259: 0.537512
63260: 0.537519
63261: 0.537511
63262: 0.537518
63263: 0.537525
63264: 0.537533
63265: 0.537524
63266: 0.537531
63267: 0.537523
63268: 0.53753
63269: 0.537522
63270: 0.537529
63271: 0.537536
63272: 0.537528
63273: 0.537535
63274: 0.537527
63275: 0.537534
63276: 0.537525
63277: 0.537533
63278: 0.537524
63279: 0.537516
63280: 0.537507
63281: 0.537499
63282: 0.537506
63283: 0.537498
63284: 0.537505
63285: 0.537496
63286: 0.537488
63287: 0.537479
63288: 0.537487
63289: 0.537494
63290: 0.537501
63291: 0.537509
63292: 0.5375
63293: 0.537492
63294: 0.537499
63295: 0.537506
63296: 0.537498
63297: 0.537505
63298: 0.537512
63299: 0.53752
63300: 0.537527
63301: 0.537534
63302: 0.537526
63303: 0.537533
63304: 0.53754
63305: 0.537548
63306: 0.537539
63307: 0.537547
63308: 0.537554
63309: 0.537561
63310: 0.537553
63311: 0.53756
63312: 0.537567
63313: 0.537559
63314: 0.537566
63315: 0.537573
63316: 0.537581
63317: 0.537572
63318: 0.537564
63319: 0.537571
63320: 0.537563
63321: 0.53757
63322: 0.537577
63323: 0.537584
63324: 0.537576
63325: 0.537568
63326: 0.537559
63327: 0.537551
63328: 0.537542
63329: 0.537549
63330: 0.537557
63331: 0.537548
63332: 0.537555
63333: 0.537547
63334: 0.537538
63335: 0.53753
63336: 0.537522
63337: 0.537529
63338: 0.537536
63339: 0.537543
63340: 0.537551
63341: 0.537558
63342: 0.537565
63343: 0.537573
63344: 0.537564
63345: 0.537571
63346: 0.537579
63347: 0.53757
63348: 0.537578
63349: 0.537585
63350: 0.537592
63351: 0.537599
63352: 0.537607
63353: 0.537614
63354: 0.537621
63355: 0.537613
63356: 0.537604
63357: 0.537596
63358: 0.537587
63359: 0.537595
63360: 0.537586
63361: 0.537578
63362: 0.537569
63363: 0.537561
63364: 0.537568
63365: 0.53756
63366: 0.537551
63367: 0.537558
63368: 0.53755
63369: 0.537541
63370: 0.537549
63371: 0.537556
63372: 0.537548
63373: 0.537539
63374: 0.537531
63375: 0.537522
63376: 0.537529
63377: 0.537521
63378: 0.537512
63379: 0.53752
63380: 0.537527
63381: 0.537519
63382: 0.537526
63383: 0.537517
63384: 0.537525
63385: 0.537532
63386: 0.537539
63387: 0.537531
63388: 0.537538
63389: 0.537545
63390: 0.537553
63391: 0.53756
63392: 0.537551
63393: 0.537559
63394: 0.53755
63395: 0.537558
63396: 0.537549
63397: 0.537541
63398: 0.537548
63399: 0.537539
63400: 0.537531
63401: 0.537538
63402: 0.53753
63403: 0.537537
63404: 0.537529
63405: 0.537536
63406: 0.537543
63407: 0.53755
63408: 0.537558
63409: 0.537549
63410: 0.537557
63411: 0.537564
63412: 0.537555
63413: 0.537547
63414: 0.537554
63415: 0.537546
63416: 0.537553
63417: 0.53756
63418: 0.537568
63419: 0.537575
63420: 0.537566
63421: 0.537574
63422: 0.537581
63423: 0.537573
63424: 0.53758
63425: 0.537571
63426: 0.537563
63427: 0.537554
63428: 0.537546
63429: 0.537537
63430: 0.537529
63431: 0.53752
63432: 0.537528
63433: 0.537535
63434: 0.537527
63435: 0.537534
63436: 0.537525
63437: 0.537533
63438: 0.537524
63439: 0.537516
63440: 0.537507
63441: 0.537499
63442: 0.537506
63443: 0.537513
63444: 0.537505
63445: 0.537512
63446: 0.537504
63447: 0.537495
63448: 0.537487
63449: 0.537478
63450: 0.53747
63451: 0.537461
63452: 0.537469
63453: 0.537476
63454: 0.537483
63455: 0.537491
63456: 0.537498
63457: 0.537505
63458: 0.537497
63459: 0.537488
63460: 0.537495
63461: 0.537503
63462: 0.53751
63463: 0.537517
63464: 0.537525
63465: 0.537516
63466: 0.537523
63467: 0.537531
63468: 0.537522
63469: 0.53753
63470: 0.537521
63471: 0.537528
63472: 0.53752
63473: 0.537511
63474: 0.537503
63475: 0.53751
63476: 0.537502
63477: 0.537493
63478: 0.537501
63479: 0.537492
63480: 0.537499
63481: 0.537491
63482: 0.537498
63483: 0.537506
63484: 0.537497
63485: 0.537489
63486: 0.53748
63487: 0.537487
63488: 0.537495
63489: 0.537502
63490: 0.537509
63491: 0.537517
63492: 0.537508
63493: 0.5375
63494: 0.537507
63495: 0.537514
63496: 0.537521
63497: 0.537529
63498: 0.537536
63499: 0.537543
63500: 0.537535
63501: 0.537526
63502: 0.537518
63503: 0.537525
63504: 0.537532
63505: 0.53754
63506: 0.537547
63507: 0.537539
63508: 0.537546
63509: 0.537553
63510: 0.53756
63511: 0.537568
63512: 0.537575
63513: 0.537567
63514: 0.537574
63515: 0.537565
63516: 0.537557
63517: 0.537548
63518: 0.537556
63519: 0.537563
63520: 0.53757
63521: 0.537578
63522: 0.537569
63523: 0.537576
63524: 0.537584
63525: 0.537591
63526: 0.537582
63527: 0.53759
63528: 0.537597
63529: 0.537589
63530: 0.537596
63531: 0.537603
63532: 0.537595
63533: 0.537586
63534: 0.537578
63535: 0.537585
63536: 0.537592
63537: 0.537584
63538: 0.537575
63539: 0.537583
63540: 0.537574
63541: 0.537581
63542: 0.537589
63543: 0.537596
63544: 0.537588
63545: 0.537595
63546: 0.537602
63547: 0.537609
63548: 0.537601
63549: 0.537608
63550: 0.5376
63551: 0.537607
63552: 0.537599
63553: 0.53759
63554: 0.537582
63555: 0.537589
63556: 0.53758
63557: 0.537588
63558: 0.537595
63559: 0.537602
63560: 0.537594
63561: 0.537585
63562: 0.537577
63563: 0.537568
63564: 0.53756
63565: 0.537567
63566: 0.537575
63567: 0.537566
63568: 0.537558
63569: 0.537565
63570: 0.537572
63571: 0.537579
63572: 0.537587
63573: 0.537578
63574: 0.537586
63575: 0.537577
63576: 0.537584
63577: 0.537592
63578: 0.537583
63579: 0.53759
63580: 0.537598
63581: 0.537605
63582: 0.537612
63583: 0.53762
63584: 0.537611
63585: 0.537603
63586: 0.53761
63587: 0.537601
63588: 0.537609
63589: 0.537616
63590: 0.537608
63591: 0.537599
63592: 0.537591
63593: 0.537598
63594: 0.537589
63595: 0.537581
63596: 0.537573
63597: 0.53758
63598: 0.537587
63599: 0.537579
63600: 0.53757
63601: 0.537577
63602: 0.537585
63603: 0.537592
63604: 0.537599
63605: 0.537607
63606: 0.537598
63607: 0.53759
63608: 0.537581
63609: 0.537588
63610: 0.537596
63611: 0.537587
63612: 0.537579
63613: 0.53757
63614: 0.537578
63615: 0.537585
63616: 0.537592
63617: 0.537599
63618: 0.537591
63619: 0.537598
63620: 0.53759
63621: 0.537597
63622: 0.537604
63623: 0.537596
63624: 0.537587
63625: 0.537579
63626: 0.537586
63627: 0.537594
63628: 0.537601
63629: 0.537592
63630: 0.537584
63631: 0.537575
63632: 0.537583
63633: 0.537574
63634: 0.537566
63635: 0.537573
63636: 0.53758
63637: 0.537588
63638: 0.537579
63639: 0.537571
63640: 0.537578
63641: 0.53757
63642: 0.537561
63643: 0.537553
63644: 0.53756
63645: 0.537567
63646: 0.537574
63647: 0.537582
63648: 0.537589
63649: 0.537581
63650: 0.537572
63651: 0.537564
63652: 0.537571
63653: 0.537562
63654: 0.53757
63655: 0.537561
63656: 0.537569
63657: 0.53756
63658: 0.537552
63659: 0.537559
63660: 0.537566
63661: 0.537558
63662: 0.537565
63663: 0.537557
63664: 0.537548
63665: 0.537555
63666: 0.537547
63667: 0.537554
63668: 0.537546
63669: 0.537537
63670: 0.537545
63671: 0.537552
63672: 0.537559
63673: 0.537566
63674: 0.537558
63675: 0.537549
63676: 0.537541
63677: 0.537533
63678: 0.53754
63679: 0.537547
63680: 0.537539
63681: 0.537546
63682: 0.537553
63683: 0.53756
63684: 0.537568
63685: 0.537559
63686: 0.537567
63687: 0.537574
63688: 0.537565
63689: 0.537573
63690: 0.537564
63691: 0.537556
63692: 0.537563
63693: 0.53757
63694: 0.537562
63695: 0.537553
63696: 0.537561
63697: 0.537568
63698: 0.537559
63699: 0.537551
63700: 0.537543
63701: 0.537534
63702: 0.537526
63703: 0.537517
63704: 0.537525
63705: 0.537532
63706: 0.537539
63707: 0.537546
63708: 0.537554
63709: 0.537545
63710: 0.537537
63711: 0.537544
63712: 0.537551
63713: 0.537558
63714: 0.53755
63715: 0.537557
63716: 0.537565
63717: 0.537556
63718: 0.537548
63719: 0.537555
63720: 0.537546
63721: 0.537538
63722: 0.53753
63723: 0.537521
63724: 0.537513
63725: 0.53752
63726: 0.537527
63727: 0.537535
63728: 0.537542
63729: 0.537549
63730: 0.537541
63731: 0.537548
63732: 0.537555
63733: 0.537562
63734: 0.537554
63735: 0.537561
63736: 0.537568
63737: 0.537576
63738: 0.537583
63739: 0.537575
63740: 0.537566
63741: 0.537558
63742: 0.537565
63743: 0.537572
63744: 0.537579
63745: 0.537587
63746: 0.537578
63747: 0.537585
63748: 0.537593
63749: 0.5376
63750: 0.537592
63751: 0.537583
63752: 0.53759
63753: 0.537598
63754: 0.537605
63755: 0.537612
63756: 0.537604
63757: 0.537611
63758: 0.537618
63759: 0.537625
63760: 0.537617
63761: 0.537609
63762: 0.5376
63763: 0.537592
63764: 0.537599
63765: 0.537606
63766: 0.537613
63767: 0.537621
63768: 0.537628
63769: 0.537635
63770: 0.537643
63771: 0.537634
63772: 0.537626
63773: 0.537633
63774: 0.53764
63775: 0.537647
63776: 0.537639
63777: 0.537646
63778: 0.537653
63779: 0.537661
63780: 0.537668
63781: 0.53766
63782: 0.537667
63783: 0.537658
63784: 0.53765
63785: 0.537657
63786: 0.537649
63787: 0.53764
63788: 0.537648
63789: 0.537655
63790: 0.537662
63791: 0.537654
63792: 0.537645
63793: 0.537652
63794: 0.537644
63795: 0.537636
63796: 0.537627
63797: 0.537619
63798: 0.537626
63799: 0.537633
63800: 0.537625
63801: 0.537632
63802: 0.537624
63803: 0.537631
63804: 0.537638
63805: 0.537645
63806: 0.537637
63807: 0.537644
63808: 0.537636
63809: 0.537627
63810: 0.537635
63811: 0.537626
63812: 0.537618
63813: 0.537609
63814: 0.537617
63815: 0.537608
63816: 0.5376
63817: 0.537607
63818: 0.537614
63819: 0.537606
63820: 0.537613
63821: 0.53762
63822: 0.537628
63823: 0.537635
63824: 0.537626
63825: 0.537618
63826: 0.537609
63827: 0.537601
63828: 0.537608
63829: 0.537616
63830: 0.537607
63831: 0.537599
63832: 0.537606
63833: 0.537598
63834: 0.537605
63835: 0.537612
63836: 0.537604
63837: 0.537611
63838: 0.537602
63839: 0.537594
63840: 0.537586
63841: 0.537593
63842: 0.5376
63843: 0.537592
63844: 0.537599
63845: 0.537606
63846: 0.537598
63847: 0.537589
63848: 0.537581
63849: 0.537572
63850: 0.53758
63851: 0.537587
63852: 0.537579
63853: 0.53757
63854: 0.537577
63855: 0.537569
63856: 0.53756
63857: 0.537568
63858: 0.537559
63859: 0.537551
63860: 0.537542
63861: 0.537534
63862: 0.537526
63863: 0.537533
63864: 0.53754
63865: 0.537547
63866: 0.537539
63867: 0.537531
63868: 0.537522
63869: 0.537529
63870: 0.537521
63871: 0.537513
63872: 0.53752
63873: 0.537511
63874: 0.537503
63875: 0.53751
63876: 0.537502
63877: 0.537509
63878: 0.537516
63879: 0.537523
63880: 0.537531
63881: 0.537538
63882: 0.53753
63883: 0.537521
63884: 0.537513
63885: 0.537504
63886: 0.537512
63887: 0.537519
63888: 0.53751
63889: 0.537502
63890: 0.537494
63891: 0.537485
63892: 0.537492
63893: 0.5375
63894: 0.537491
63895: 0.537483
63896: 0.537474
63897: 0.537482
63898: 0.537489
63899: 0.53748
63900: 0.537472
63901: 0.537479
63902: 0.537487
63903: 0.537478
63904: 0.53747
63905: 0.537461
63906: 0.537453
63907: 0.53746
63908: 0.537467
63909: 0.537475
63910: 0.537482
63911: 0.537473
63912: 0.537465
63913: 0.537457
63914: 0.537464
63915: 0.537471
63916: 0.537463
63917: 0.53747
63918: 0.537477
63919: 0.537469
63920: 0.53746
63921: 0.537468
63922: 0.537475
63923: 0.537482
63924: 0.537489
63925: 0.537481
63926: 0.537472
63927: 0.53748
63928: 0.537487
63929: 0.537478
63930: 0.537486
63931: 0.537493
63932: 0.537485
63933: 0.537492
63934: 0.537499
63935: 0.537491
63936: 0.537498
63937: 0.537505
63938: 0.537512
63939: 0.537504
63940: 0.537496
63941: 0.537487
63942: 0.537494
63943: 0.537486
63944: 0.537478
63945: 0.537485
63946: 0.537492
63947: 0.537484
63948: 0.537491
63949: 0.537482
63950: 0.537474
63951: 0.537481
63952: 0.537473
63953: 0.537464
63954: 0.537456
63955: 0.537448
63956: 0.537455
63957: 0.537462
63958: 0.537469
63959: 0.537477
63960: 0.537484
63961: 0.537491
63962: 0.537498
63963: 0.537505
63964: 0.537497
63965: 0.537504
63966: 0.537496
63967: 0.537503
63968: 0.537495
63969: 0.537486
63970: 0.537478
63971: 0.53747
63972: 0.537477
63973: 0.537468
63974: 0.53746
63975: 0.537452
63976: 0.537459
63977: 0.537466
63978: 0.537458
63979: 0.537465
63980: 0.537456
63981: 0.537448
63982: 0.53744
63983: 0.537431
63984: 0.537423
63985: 0.537414
63986: 0.537406
63987: 0.537413
63988: 0.537405
63989: 0.537412
63990: 0.537419
63991: 0.537427
63992: 0.537418
63993: 0.53741
63994: 0.537401
63995: 0.537409
63996: 0.537416
63997: 0.537407
63998: 0.537415
63999: 0.537422
64000: 0.537429
64001: 0.537436
64002: 0.537444
64003: 0.537451
64004: 0.537442
64005: 0.537434
64006: 0.537441
64007: 0.537433
64008: 0.53744
64009: 0.537432
64010: 0.537423
64011: 0.537415
64012: 0.537422
64013: 0.537429
64014: 0.537437
64015: 0.537428
64016: 0.537435
64017: 0.537427
64018: 0.537434
64019: 0.537426
64020: 0.537433
64021: 0.53744
64022: 0.537447
64023: 0.537455
64024: 0.537446
64025: 0.537454
64026: 0.537445
64027: 0.537452
64028: 0.537444
64029: 0.537436
64030: 0.537427
64031: 0.537434
64032: 0.537426
64033: 0.537433
64034: 0.537425
64035: 0.537432
64036: 0.537439
64037: 0.537447
64038: 0.537438
64039: 0.53743
64040: 0.537437
64041: 0.537444
64042: 0.537451
64043: 0.537459
64044: 0.53745
64045: 0.537442
64046: 0.537433
64047: 0.537425
64048: 0.537417
64049: 0.537408
64050: 0.5374
64051: 0.537391
64052: 0.537399
64053: 0.53739
64054: 0.537382
64055: 0.537374
64056: 0.537365
64057: 0.537357
64058: 0.537348
64059: 0.537356
64060: 0.537347
64061: 0.537354
64062: 0.537346
64063: 0.537338
64064: 0.537345
64065: 0.537352
64066: 0.537344
64067: 0.537351
64068: 0.537358
64069: 0.537365
64070: 0.537357
64071: 0.537364
64072: 0.537371
64073: 0.537379
64074: 0.53737
64075: 0.537362
64076: 0.537353
64077: 0.537345
64078: 0.537352
64079: 0.53736
64080: 0.537367
64081: 0.537358
64082: 0.53735
64083: 0.537357
64084: 0.537349
64085: 0.537356
64086: 0.537348
64087: 0.537355
64088: 0.537347
64089: 0.537354
64090: 0.537361
64091: 0.537353
64092: 0.53736
64093: 0.537367
64094: 0.537359
64095: 0.537366
64096: 0.537373
64097: 0.537365
64098: 0.537356
64099: 0.537363
64100: 0.537371
64101: 0.537378
64102: 0.537385
64103: 0.537377
64104: 0.537384
64105: 0.537391
64106: 0.537383
64107: 0.53739
64108: 0.537382
64109: 0.537389
64110: 0.53738
64111: 0.537388
64112: 0.537395
64113: 0.537402
64114: 0.537394
64115: 0.537385
64116: 0.537377
64117: 0.537384
64118: 0.537391
64119: 0.537399
64120: 0.537406
64121: 0.537397
64122: 0.537405
64123: 0.537412
64124: 0.537404
64125: 0.537411
64126: 0.537418
64127: 0.537425
64128: 0.537417
64129: 0.537424
64130: 0.537431
64131: 0.537423
64132: 0.537414
64133: 0.537406
64134: 0.537398
64135: 0.537389
64136: 0.537381
64137: 0.537388
64138: 0.537395
64139: 0.537403
64140: 0.53741
64141: 0.537401
64142: 0.537393
64143: 0.5374
64144: 0.537407
64145: 0.537399
64146: 0.537406
64147: 0.537413
64148: 0.537405
64149: 0.537412
64150: 0.537404
64151: 0.537411
64152: 0.537403
64153: 0.537394
64154: 0.537386
64155: 0.537393
64156: 0.5374
64157: 0.537392
64158: 0.537399
64159: 0.537391
64160: 0.537383
64161: 0.53739
64162: 0.537397
64163: 0.537389
64164: 0.53738
64165: 0.537387
64166: 0.537379
64167: 0.537386
64168: 0.537378
64169: 0.537369
64170: 0.537361
64171: 0.537353
64172: 0.53736
64173: 0.537367
64174: 0.537374
64175: 0.537366
64176: 0.537358
64177: 0.537365
64178: 0.537356
64179: 0.537364
64180: 0.537371
64181: 0.537378
64182: 0.537385
64183: 0.537392
64184: 0.5374
64185: 0.537391
64186: 0.537383
64187: 0.537375
64188: 0.537382
64189: 0.537373
64190: 0.537381
64191: 0.537388
64192: 0.537395
64193: 0.537402
64194: 0.537409
64195: 0.537417
64196: 0.537408
64197: 0.537415
64198: 0.537423
64199: 0.537414
64200: 0.537422
64201: 0.537429
64202: 0.537436
64203: 0.537428
64204: 0.537419
64205: 0.537411
64206: 0.537418
64207: 0.53741
64208: 0.537401
64209: 0.537393
64210: 0.537385
64211: 0.537392
64212: 0.537399
64213: 0.537406
64214: 0.537413
64215: 0.537405
64216: 0.537412
64217: 0.537419
64218: 0.537427
64219: 0.537418
64220: 0.537425
64221: 0.537433
64222: 0.537424
64223: 0.537431
64224: 0.537423
64225: 0.53743
64226: 0.537438
64227: 0.537445
64228: 0.537452
64229: 0.537459
64230: 0.537451
64231: 0.537442
64232: 0.537434
64233: 0.537441
64234: 0.537448
64235: 0.537456
64236: 0.537447
64237: 0.537454
64238: 0.537462
64239: 0.537469
64240: 0.537476
64241: 0.537483
64242: 0.53749
64243: 0.537482
64244: 0.537489
64245: 0.537481
64246: 0.537473
64247: 0.53748
64248: 0.537471
64249: 0.537479
64250: 0.537486
64251: 0.537493
64252: 0.537485
64253: 0.537476
64254: 0.537468
64255: 0.53746
64256: 0.537451
64257: 0.537458
64258: 0.53745
64259: 0.537457
64260: 0.537449
64261: 0.53744
64262: 0.537432
64263: 0.537439
64264: 0.537431
64265: 0.537423
64266: 0.537414
64267: 0.537406
64268: 0.537398
64269: 0.537405
64270: 0.537396
64271: 0.537388
64272: 0.537395
64273: 0.537402
64274: 0.53741
64275: 0.537401
64276: 0.537393
64277: 0.5374
64278: 0.537392
64279: 0.537399
64280: 0.537406
64281: 0.537413
64282: 0.537405
64283: 0.537397
64284: 0.537404
64285: 0.537411
64286: 0.537403
64287: 0.53741
64288: 0.537401
64289: 0.537409
64290: 0.5374
64291: 0.537407
64292: 0.537399
64293: 0.537391
64294: 0.537382
64295: 0.537374
64296: 0.537366
64297: 0.537373
64298: 0.53738
64299: 0.537372
64300: 0.537379
64301: 0.537371
64302: 0.537378
64303: 0.537385
64304: 0.537392
64305: 0.537399
64306: 0.537391
64307: 0.537398
64308: 0.537405
64309: 0.537413
64310: 0.53742
64311: 0.537427
64312: 0.537434
64313: 0.537441
64314: 0.537448
64315: 0.537456
64316: 0.537447
64317: 0.537439
64318: 0.537446
64319: 0.537438
64320: 0.537445
64321: 0.537437
64322: 0.537428
64323: 0.537435
64324: 0.537443
64325: 0.537434
64326: 0.537442
64327: 0.537433
64328: 0.53744
64329: 0.537432
64330: 0.537424
64331: 0.537431
64332: 0.537422
64333: 0.537414
64334: 0.537421
64335: 0.537429
64336: 0.53742
64337: 0.537412
64338: 0.537419
64339: 0.537411
64340: 0.537418
64341: 0.537425
64342: 0.537417
64343: 0.537424
64344: 0.537415
64345: 0.537407
64346: 0.537399
64347: 0.53739
64348: 0.537382
64349: 0.537389
64350: 0.537396
64351: 0.537404
64352: 0.537395
64353: 0.537387
64354: 0.537394
64355: 0.537401
64356: 0.537393
64357: 0.537385
64358: 0.537392
64359: 0.537399
64360: 0.537406
64361: 0.537413
64362: 0.537405
64363: 0.537412
64364: 0.537419
64365: 0.537427
64366: 0.537434
64367: 0.537441
64368: 0.537448
64369: 0.53744
64370: 0.537431
64371: 0.537439
64372: 0.537446
64373: 0.537437
64374: 0.537429
64375: 0.537436
64376: 0.537428
64377: 0.53742
64378: 0.537427
64379: 0.537434
64380: 0.537426
64381: 0.537433
64382: 0.537424
64383: 0.537416
64384: 0.537423
64385: 0.537415
64386: 0.537407
64387: 0.537414
64388: 0.537421
64389: 0.537413
64390: 0.537404
64391: 0.537411
64392: 0.537403
64393: 0.53741
64394: 0.537402
64395: 0.537394
64396: 0.537385
64397: 0.537392
64398: 0.537384
64399: 0.537391
64400: 0.537398
64401: 0.537406
64402: 0.537413
64403: 0.537405
64404: 0.537396
64405: 0.537403
64406: 0.537411
64407: 0.537402
64408: 0.537409
64409: 0.537417
64410: 0.537424
64411: 0.537415
64412: 0.537407
64413: 0.537414
64414: 0.537406
64415: 0.537413
64416: 0.53742
64417: 0.537412
64418: 0.537419
64419: 0.537426
64420: 0.537433
64421: 0.537441
64422: 0.537448
64423: 0.537439
64424: 0.537447
64425: 0.537438
64426: 0.537445
64427: 0.537437
64428: 0.537444
64429: 0.537451
64430: 0.537459
64431: 0.53745
64432: 0.537458
64433: 0.537465
64434: 0.537472
64435: 0.537479
64436: 0.537471
64437: 0.537478
64438: 0.53747
64439: 0.537461
64440: 0.537468
64441: 0.537476
64442: 0.537467
64443: 0.537474
64444: 0.537466
64445: 0.537458
64446: 0.537449
64447: 0.537457
64448: 0.537448
64449: 0.53744
64450: 0.537432
64451: 0.537423
64452: 0.53743
64453: 0.537438
64454: 0.537429
64455: 0.537436
64456: 0.537428
64457: 0.53742
64458: 0.537411
64459: 0.537419
64460: 0.537426
64461: 0.537417
64462: 0.537425
64463: 0.537416
64464: 0.537408
64465: 0.537415
64466: 0.537422
64467: 0.537414
64468: 0.537406
64469: 0.537413
64470: 0.537404
64471: 0.537412
64472: 0.537403
64473: 0.537395
64474: 0.537402
64475: 0.537409
64476: 0.537401
64477: 0.537408
64478: 0.5374
64479: 0.537391
64480: 0.537383
64481: 0.53739
64482: 0.537397
64483: 0.537389
64484: 0.537381
64485: 0.537372
64486: 0.53738
64487: 0.537371
64488: 0.537378
64489: 0.53737
64490: 0.537377
64491: 0.537369
64492: 0.537361
64493: 0.537352
64494: 0.537344
64495: 0.537351
64496: 0.537343
64497: 0.537334
64498: 0.537342
64499: 0.537333
64500: 0.537341
64501: 0.537332
64502: 0.537324
64503: 0.537316
64504: 0.537307
64505: 0.537314
64506: 0.537322
64507: 0.537329
64508: 0.537336
64509: 0.537343
64510: 0.537335
64511: 0.537326
64512: 0.537334
64513: 0.537341
64514: 0.537348
64515: 0.53734
64516: 0.537331
64517: 0.537338
64518: 0.53733
64519: 0.537322
64520: 0.537313
64521: 0.537321
64522: 0.537328
64523: 0.537335
64524: 0.537342
64525: 0.537349
64526: 0.537341
64527: 0.537333
64528: 0.537324
64529: 0.537331
64530: 0.537323
64531: 0.537315
64532: 0.537306
64533: 0.537298
64534: 0.537305
64535: 0.537297
64536: 0.537304
64537: 0.537296
64538: 0.537303
64539: 0.53731
64540: 0.537317
64541: 0.537325
64542: 0.537332
64543: 0.537339
64544: 0.537346
64545: 0.537353
64546: 0.537345
64547: 0.537352
64548: 0.537344
64549: 0.537335
64550: 0.537327
64551: 0.537334
64552: 0.537326
64553: 0.537333
64554: 0.53734
64555: 0.537347
64556: 0.537339
64557: 0.537331
64558: 0.537338
64559: 0.53733
64560: 0.537321
64561: 0.537313
64562: 0.53732
64563: 0.537327
64564: 0.537319
64565: 0.537326
64566: 0.537333
64567: 0.53734
64568: 0.537348
64569: 0.537355
64570: 0.537362
64571: 0.537354
64572: 0.537345
64573: 0.537337
64574: 0.537344
64575: 0.537336
64576: 0.537343
64577: 0.53735
64578: 0.537342
64579: 0.537334
64580: 0.537325
64581: 0.537332
64582: 0.53734
64583: 0.537347
64584: 0.537338
64585: 0.53733
64586: 0.537322
64587: 0.537329
64588: 0.537336
64589: 0.537343
64590: 0.53735
64591: 0.537342
64592: 0.537334
64593: 0.537341
64594: 0.537348
64595: 0.53734
64596: 0.537331
64597: 0.537323
64598: 0.537315
64599: 0.537322
64600: 0.537329
64601: 0.537336
64602: 0.537343
64603: 0.537351
64604: 0.537342
64605: 0.537334
64606: 0.537341
64607: 0.537348
64608: 0.53734
64609: 0.537332
64610: 0.537339
64611: 0.537346
64612: 0.537338
64613: 0.537345
64614: 0.537352
64615: 0.537359
64616: 0.537366
64617: 0.537373
64618: 0.537381
64619: 0.537372
64620: 0.537379
64621: 0.537371
64622: 0.537378
64623: 0.537385
64624: 0.537393
64625: 0.5374
64626: 0.537391
64627: 0.537399
64628: 0.537406
64629: 0.537397
64630: 0.537389
64631: 0.537381
64632: 0.537388
64633: 0.537395
64634: 0.537387
64635: 0.537379
64636: 0.537386
64637: 0.537393
64638: 0.5374
64639: 0.537392
64640: 0.537399
64641: 0.537406
64642: 0.537413
64643: 0.537405
64644: 0.537397
64645: 0.537404
64646: 0.537411
64647: 0.537418
64648: 0.537425
64649: 0.537417
64650: 0.537424
64651: 0.537416
64652: 0.537407
64653: 0.537399
64654: 0.537391
64655: 0.537382
64656: 0.537374
64657: 0.537381
64658: 0.537373
64659: 0.53738
64660: 0.537372
64661: 0.537364
64662: 0.537355
64663: 0.537362
64664: 0.537354
64665: 0.537346
64666: 0.537353
64667: 0.53736
64668: 0.537367
64669: 0.537374
64670: 0.537382
64671: 0.537389
64672: 0.53738
64673: 0.537388
64674: 0.537395
64675: 0.537402
64676: 0.537409
64677: 0.537401
64678: 0.537392
64679: 0.5374
64680: 0.537391
64681: 0.537383
64682: 0.537375
64683: 0.537366
64684: 0.537358
64685: 0.537365
64686: 0.537372
64687: 0.537364
64688: 0.537356
64689: 0.537347
64690: 0.537339
64691: 0.537346
64692: 0.537353
64693: 0.537345
64694: 0.537352
64695: 0.537359
64696: 0.537366
64697: 0.537374
64698: 0.537381
64699: 0.537388
64700: 0.537395
64701: 0.537387
64702: 0.537378
64703: 0.53737
64704: 0.537362
64705: 0.537354
64706: 0.537361
64707: 0.537352
64708: 0.53736
64709: 0.537367
64710: 0.537374
64711: 0.537366
64712: 0.537357
64713: 0.537349
64714: 0.537356
64715: 0.537363
64716: 0.53737
64717: 0.537378
64718: 0.537385
64719: 0.537392
64720: 0.537384
64721: 0.537375
64722: 0.537382
64723: 0.537374
64724: 0.537366
64725: 0.537373
64726: 0.537365
64727: 0.537372
64728: 0.537379
64729: 0.537371
64730: 0.537378
64731: 0.537385
64732: 0.537377
64733: 0.537384
64734: 0.537375
64735: 0.537367
64736: 0.537374
64737: 0.537366
64738: 0.537358
64739: 0.537349
64740: 0.537341
64741: 0.537333
64742: 0.53734
64743: 0.537347
64744: 0.537339
64745: 0.53733
64746: 0.537338
64747: 0.537345
64748: 0.537336
64749: 0.537328
64750: 0.537335
64751: 0.537342
64752: 0.53735
64753: 0.537341
64754: 0.537348
64755: 0.537356
64756: 0.537363
64757: 0.537354
64758: 0.537346
64759: 0.537338
64760: 0.53733
64761: 0.537321
64762: 0.537328
64763: 0.53732
64764: 0.537312
64765: 0.537304
64766: 0.537295
64767: 0.537302
64768: 0.53731
64769: 0.537317
64770: 0.537324
64771: 0.537316
64772: 0.537323
64773: 0.53733
64774: 0.537337
64775: 0.537329
64776: 0.537336
64777: 0.537343
64778: 0.537335
64779: 0.537342
64780: 0.537349
64781: 0.537356
64782: 0.537348
64783: 0.537355
64784: 0.537362
64785: 0.537369
64786: 0.537361
64787: 0.537353
64788: 0.537344
64789: 0.537336
64790: 0.537343
64791: 0.537335
64792: 0.537327
64793: 0.537334
64794: 0.537341
64795: 0.537348
64796: 0.537355
64797: 0.537347
64798: 0.537339
64799: 0.537346
64800: 0.537353
64801: 0.53736
64802: 0.537367
64803: 0.537374
64804: 0.537366
64805: 0.537373
64806: 0.537365
64807: 0.537356
64808: 0.537348
64809: 0.53734
64810: 0.537347
64811: 0.537354
64812: 0.537346
64813: 0.537338
64814: 0.537345
64815: 0.537336
64816: 0.537328
64817: 0.53732
64818: 0.537327
64819: 0.537334
64820: 0.537326
64821: 0.537318
64822: 0.537325
64823: 0.537332
64824: 0.537339
64825: 0.537346
64826: 0.537353
64827: 0.537345
64828: 0.537337
64829: 0.537344
64830: 0.537351
64831: 0.537358
64832: 0.53735
64833: 0.537357
64834: 0.537349
64835: 0.537356
64836: 0.537348
64837: 0.537339
64838: 0.537331
64839: 0.537338
64840: 0.53733
64841: 0.537337
64842: 0.537344
64843: 0.537351
64844: 0.537358
64845: 0.53735
64846: 0.537357
64847: 0.537349
64848: 0.537356
64849: 0.537348
64850: 0.537355
64851: 0.537347
64852: 0.537354
64853: 0.537361
64854: 0.537368
64855: 0.537375
64856: 0.537367
64857: 0.537359
64858: 0.537366
64859: 0.537373
64860: 0.537365
64861: 0.537356
64862: 0.537363
64863: 0.537355
64864: 0.537362
64865: 0.537369
64866: 0.537376
64867: 0.537384
64868: 0.537391
64869: 0.537398
64870: 0.53739
64871: 0.537397
64872: 0.537404
64873: 0.537396
64874: 0.537403
64875: 0.537394
64876: 0.537402
64877: 0.537393
64878: 0.537385
64879: 0.537392
64880: 0.537399
64881: 0.537406
64882: 0.537413
64883: 0.537421
64884: 0.537428
64885: 0.537435
64886: 0.537442
64887: 0.537449
64888: 0.537441
64889: 0.537433
64890: 0.537424
64891: 0.537416
64892: 0.537408
64893: 0.537399
64894: 0.537391
64895: 0.537398
64896: 0.537405
64897: 0.537397
64898: 0.537389
64899: 0.537396
64900: 0.537403
64901: 0.537395
64902: 0.537402
64903: 0.537394
64904: 0.537385
64905: 0.537393
64906: 0.5374
64907: 0.537391
64908: 0.537383
64909: 0.53739
64910: 0.537382
64911: 0.537374
64912: 0.537381
64913: 0.537373
64914: 0.53738
64915: 0.537387
64916: 0.537378
64917: 0.537386
64918: 0.537377
64919: 0.537369
64920: 0.537376
64921: 0.537368
64922: 0.53736
64923: 0.537367
64924: 0.537374
64925: 0.537381
64926: 0.537388
64927: 0.53738
64928: 0.537372
64929: 0.537363
64930: 0.537355
64931: 0.537347
64932: 0.537354
64933: 0.537361
64934: 0.537353
64935: 0.537344
64936: 0.537352
64937: 0.537359
64938: 0.537366
64939: 0.537358
64940: 0.537349
64941: 0.537356
64942: 0.537348
64943: 0.53734
64944: 0.537347
64945: 0.537339
64946: 0.537346
64947: 0.537353
64948: 0.537345
64949: 0.537336
64950: 0.537344
64951: 0.537351
64952: 0.537342
64953: 0.53735
64954: 0.537341
64955: 0.537333
64956: 0.537325
64957: 0.537316
64958: 0.537324
64959: 0.537331
64960: 0.537322
64961: 0.53733
64962: 0.537337
64963: 0.537344
64964: 0.537335
64965: 0.537343
64966: 0.53735
64967: 0.537357
64968: 0.537364
64969: 0.537356
64970: 0.537347
64971: 0.537339
64972: 0.537346
64973: 0.537338
64974: 0.53733
64975: 0.537337
64976: 0.537344
64977: 0.537351
64978: 0.537343
64979: 0.537335
64980: 0.537342
64981: 0.537333
64982: 0.537325
64983: 0.537332
64984: 0.537324
64985: 0.537331
64986: 0.537323
64987: 0.53733
64988: 0.537337
64989: 0.537344
64990: 0.537351
64991: 0.537358
64992: 0.537366
64993: 0.537357
64994: 0.537364
64995: 0.537372
64996: 0.537363
64997: 0.537355
64998: 0.537362
64999: 0.537354
65000: 0.537361
65001: 0.537368
65002: 0.53736
65003: 0.537367
65004: 0.537374
65005: 0.537381
65006: 0.537388
65007: 0.53738
65008: 0.537372
65009: 0.537363
65010: 0.537371
65011: 0.537362
65012: 0.537369
65013: 0.537361
65014: 0.537368
65015: 0.537375
65016: 0.537383
65017: 0.53739
65018: 0.537397
65019: 0.537404
65020: 0.537396
65021: 0.537387
65022: 0.537394
65023: 0.537386
65024: 0.537378
65025: 0.53737
65026: 0.537377
65027: 0.537369
65028: 0.537376
65029: 0.537367
65030: 0.537359
65031: 0.537351
65032: 0.537358
65033: 0.537365
65034: 0.537372
65035: 0.537364
65036: 0.537371
65037: 0.537378
65038: 0.53737
65039: 0.537362
65040: 0.537369
65041: 0.537376
65042: 0.537368
65043: 0.537359
65044: 0.537351
65045: 0.537358
65046: 0.537365
65047: 0.537372
65048: 0.53738
65049: 0.537387
65050: 0.537394
65051: 0.537401
65052: 0.537393
65053: 0.537384
65054: 0.537391
65055: 0.537399
65056: 0.537406
65057: 0.537397
65058: 0.537405
65059: 0.537412
65060: 0.537403
65061: 0.53741
65062: 0.537402
65063: 0.537394
65064: 0.537401
65065: 0.537408
65066: 0.537415
65067: 0.537407
65068: 0.537399
65069: 0.537406
65070: 0.537413
65071: 0.53742
65072: 0.537412
65073: 0.537404
65074: 0.537395
65075: 0.537387
65076: 0.537394
65077: 0.537401
65078: 0.537393
65079: 0.5374
65080: 0.537407
65081: 0.537414
65082: 0.537421
65083: 0.537413
65084: 0.53742
65085: 0.537412
65086: 0.537419
65087: 0.537426
65088: 0.537433
65089: 0.53744
65090: 0.537432
65091: 0.537424
65092: 0.537431
65093: 0.537438
65094: 0.537445
65095: 0.537437
65096: 0.537429
65097: 0.537421
65098: 0.537412
65099: 0.537419
65100: 0.537411
65101: 0.537403
65102: 0.53741
65103: 0.537402
65104: 0.537409
65105: 0.537401
65106: 0.537392
65107: 0.537384
65108: 0.537391
65109: 0.537398
65110: 0.537405
65111: 0.537412
65112: 0.53742
65113: 0.537411
65114: 0.537418
65115: 0.53741
65116: 0.537417
65117: 0.537409
65118: 0.537401
65119: 0.537408
65120: 0.537415
65121: 0.537422
65122: 0.537429
65123: 0.537421
65124: 0.537428
65125: 0.53742
65126: 0.537427
65127: 0.537434
65128: 0.537426
65129: 0.537417
65130: 0.537425
65131: 0.537432
65132: 0.537439
65133: 0.537446
65134: 0.537438
65135: 0.537445
65136: 0.537452
65137: 0.537444
65138: 0.537451
65139: 0.537442
65140: 0.537434
65141: 0.537441
65142: 0.537448
65143: 0.537455
65144: 0.537447
65145: 0.537439
65146: 0.537446
65147: 0.537453
65148: 0.537445
65149: 0.537437
65150: 0.537428
65151: 0.537436
65152: 0.537427
65153: 0.537434
65154: 0.537426
65155: 0.537418
65156: 0.537425
65157: 0.537432
65158: 0.537439
65159: 0.537446
65160: 0.537453
65161: 0.53746
65162: 0.537468
65163: 0.537459
65164: 0.537466
65165: 0.537474
65166: 0.537481
65167: 0.537488
65168: 0.537495
65169: 0.537487
65170: 0.537494
65171: 0.537501
65172: 0.537508
65173: 0.537515
65174: 0.537507
65175: 0.537514
65176: 0.537506
65177: 0.537497
65178: 0.537489
65179: 0.537496
65180: 0.537488
65181: 0.537495
65182: 0.537502
65183: 0.537494
65184: 0.537501
65185: 0.537508
65186: 0.5375
65187: 0.537492
65188: 0.537499
65189: 0.537506
65190: 0.537513
65191: 0.537505
65192: 0.537496
65193: 0.537503
65194: 0.537511
65195: 0.537502
65196: 0.537509
65197: 0.537516
65198: 0.537508
65199: 0.5375
65200: 0.537507
65201: 0.537499
65202: 0.537491
65203: 0.537498
65204: 0.537489
65205: 0.537481
65206: 0.537473
65207: 0.53748
65208: 0.537472
65209: 0.537464
65210: 0.537471
65211: 0.537478
65212: 0.537485
65213: 0.537477
65214: 0.537468
65215: 0.53746
65216: 0.537467
65217: 0.537474
65218: 0.537481
65219: 0.537473
65220: 0.537465
65221: 0.537472
65222: 0.537479
65223: 0.537486
65224: 0.537493
65225: 0.5375
65226: 0.537492
65227: 0.537484
65228: 0.537491
65229: 0.537498
65230: 0.53749
65231: 0.537497
65232: 0.537489
65233: 0.53748
65234: 0.537472
65235: 0.537464
65236: 0.537456
65237: 0.537447
65238: 0.537455
65239: 0.537462
65240: 0.537469
65241: 0.537476
65242: 0.537468
65243: 0.537459
65244: 0.537466
65245: 0.537474
65246: 0.537481
65247: 0.537488
65248: 0.537495
65249: 0.537487
65250: 0.537478
65251: 0.53747
65252: 0.537477
65253: 0.537469
65254: 0.537476
65255: 0.537483
65256: 0.53749
65257: 0.537497
65258: 0.537489
65259: 0.537481
65260: 0.537488
65261: 0.53748
65262: 0.537471
65263: 0.537479
65264: 0.53747
65265: 0.537477
65266: 0.537469
65267: 0.537476
65268: 0.537468
65269: 0.537475
65270: 0.537467
65271: 0.537474
65272: 0.537481
65273: 0.537473
65274: 0.53748
65275: 0.537487
65276: 0.537494
65277: 0.537486
65278: 0.537493
65279: 0.5375
65280: 0.537507
65281: 0.537514
65282: 0.537521
65283: 0.537528
65284: 0.53752
65285: 0.537512
65286: 0.537519
65287: 0.537526
65288: 0.537518
65289: 0.537525
65290: 0.537532
65291: 0.537539
65292: 0.537546
65293: 0.537538
65294: 0.53753
65295: 0.537537
65296: 0.537544
65297: 0.537551
65298: 0.537558
65299: 0.537565
65300: 0.537557
65301: 0.537549
65302: 0.53754
65303: 0.537532
65304: 0.537524
65305: 0.537531
65306: 0.537523
65307: 0.537515
65308: 0.537522
65309: 0.537529
65310: 0.53752
65311: 0.537528
65312: 0.537519
65313: 0.537526
65314: 0.537518
65315: 0.53751
65316: 0.537517
65317: 0.537509
65318: 0.537501
65319: 0.537508
65320: 0.537499
65321: 0.537507
65322: 0.537514
65323: 0.537521
65324: 0.537528
65325: 0.53752
65326: 0.537511
65327: 0.537503
65328: 0.53751
65329: 0.537517
65330: 0.537509
65331: 0.537501
65332: 0.537493
65333: 0.5375
65334: 0.537491
65335: 0.537483
65336: 0.537475
65337: 0.537467
65338: 0.537458
65339: 0.537466
65340: 0.537473
65341: 0.537464
65342: 0.537456
65343: 0.537448
65344: 0.53744
65345: 0.537432
65346: 0.537439
65347: 0.53743
65348: 0.537422
65349: 0.537429
65350: 0.537436
65351: 0.537443
65352: 0.537435
65353: 0.537427
65354: 0.537419
65355: 0.53741
65356: 0.537418
65357: 0.537425
65358: 0.537416
65359: 0.537408
65360: 0.5374
65361: 0.537407
65362: 0.537399
65363: 0.537406
65364: 0.537398
65365: 0.537405
65366: 0.537397
65367: 0.537388
65368: 0.537395
65369: 0.537402
65370: 0.53741
65371: 0.537417
65372: 0.537408
65373: 0.5374
65374: 0.537407
65375: 0.537414
65376: 0.537421
65377: 0.537413
65378: 0.537405
65379: 0.537397
65380: 0.537389
65381: 0.537396
65382: 0.537387
65383: 0.537394
65384: 0.537386
65385: 0.537378
65386: 0.537385
65387: 0.537392
65388: 0.537399
65389: 0.537406
65390: 0.537413
65391: 0.537405
65392: 0.537412
65393: 0.537404
65394: 0.537411
65395: 0.537403
65396: 0.53741
65397: 0.537402
65398: 0.537409
65399: 0.537416
65400: 0.537408
65401: 0.537415
65402: 0.537407
65403: 0.537414
65404: 0.537421
65405: 0.537428
65406: 0.537435
65407: 0.537442
65408: 0.537449
65409: 0.537456
65410: 0.537463
65411: 0.537455
65412: 0.537447
65413: 0.537438
65414: 0.537446
65415: 0.537453
65416: 0.53746
65417: 0.537451
65418: 0.537443
65419: 0.53745
65420: 0.537457
65421: 0.537449
65422: 0.537441
65423: 0.537433
65424: 0.53744
65425: 0.537432
65426: 0.537423
65427: 0.53743
65428: 0.537438
65429: 0.537429
65430: 0.537436
65431: 0.537428
65432: 0.537435
65433: 0.537442
65434: 0.537449
65435: 0.537441
65436: 0.537448
65437: 0.537455
65438: 0.537447
65439: 0.537439
65440: 0.537446
65441: 0.537453
65442: 0.53746
65443: 0.537467
65444: 0.537459
65445: 0.537451
65446: 0.537443
65447: 0.53745
65448: 0.537457
65449: 0.537464
65450: 0.537471
65451: 0.537463
65452: 0.537454
65453: 0.537461
65454: 0.537468
65455: 0.537476
65456: 0.537467
65457: 0.537459
65458: 0.537466
65459: 0.537473
65460: 0.53748
65461: 0.537472
65462: 0.537479
65463: 0.537471
65464: 0.537463
65465: 0.537455
65466: 0.537462
65467: 0.537469
65468: 0.537476
65469: 0.537468
65470: 0.537475
65471: 0.537482
65472: 0.537489
65473: 0.537496
65474: 0.537503
65475: 0.53751
65476: 0.537502
65477: 0.537494
65478: 0.537485
65479: 0.537477
65480: 0.537469
65481: 0.537476
65482: 0.537483
65483: 0.53749
65484: 0.537482
65485: 0.537489
65486: 0.537481
65487: 0.537473
65488: 0.53748
65489: 0.537487
65490: 0.537494
65491: 0.537485
65492: 0.537493
65493: 0.5375
65494: 0.537507
65495: 0.537514
65496: 0.537506
65497: 0.537497
65498: 0.537489
65499: 0.537496
65500: 0.537503
65501: 0.53751
65502: 0.537502
65503: 0.537509
65504: 0.537516
65505: 0.537508
65506: 0.5375
65507: 0.537492
65508: 0.537499
65509: 0.53749
65510: 0.537498
65511: 0.537505
65512: 0.537512
65513: 0.537519
65514: 0.537526
65515: 0.537518
65516: 0.537509
65517: 0.537501
65518: 0.537508
65519: 0.537515
65520: 0.537522
65521: 0.537529
65522: 0.537521
65523: 0.537513
65524: 0.53752
65525: 0.537512
65526: 0.537519
65527: 0.537526
65528: 0.537533
65529: 0.537525
65530: 0.537532
65531: 0.537524
65532: 0.537531
65533: 0.537538
65534: 0.53753
65535: 0.537521
65536: 0.537513
65537: 0.537505
65538: 0.537497
65539: 0.537504
65540: 0.537511
65541: 0.537503
65542: 0.53751
65543: 0.537502
65544: 0.537493
65545: 0.5375
65546: 0.537492
65547: 0.537499
65548: 0.537506
65549: 0.537513
65550: 0.53752
65551: 0.537512
65552: 0.537504
65553: 0.537511
65554: 0.537503
65555: 0.537495
65556: 0.537502
65557: 0.537509
65558: 0.537501
65559: 0.537508
65560: 0.537515
65561: 0.537522
65562: 0.537514
65563: 0.537521
65564: 0.537512
65565: 0.537519
65566: 0.537526
65567: 0.537534
65568: 0.537541
65569: 0.537548
65570: 0.537555
65571: 0.537547
65572: 0.537554
65573: 0.537561
65574: 0.537568
65575: 0.537575
65576: 0.537582
65577: 0.537589
65578: 0.537581
65579: 0.537572
65580: 0.537579
65581: 0.537587
65582: 0.537594
65583: 0.537585
65584: 0.537577
65585: 0.537569
65586: 0.537576
65587: 0.537568
65588: 0.537575
65589: 0.537567
65590: 0.537559
65591: 0.53755
65592: 0.537542
65593: 0.537549
65594: 0.537556
65595: 0.537563
65596: 0.537555
65597: 0.537562
65598: 0.537569
65599: 0.537576
65600: 0.537583
65601: 0.537575
65602: 0.537582
65603: 0.537574
65604: 0.537566
65605: 0.537573
65606: 0.53758
65607: 0.537572
65608: 0.537579
65609: 0.53757
65610: 0.537578
65611: 0.537585
65612: 0.537592
65613: 0.537599
65614: 0.53759
65615: 0.537582
65616: 0.537574
65617: 0.537566
65618: 0.537558
65619: 0.537565
65620: 0.537572
65621: 0.537579
65622: 0.537586
65623: 0.537593
65624: 0.537585
65625: 0.537592
65626: 0.537584
65627: 0.537575
65628: 0.537582
65629: 0.537574
65630: 0.537566
65631: 0.537558
65632: 0.53755
65633: 0.537557
65634: 0.537549
65635: 0.53754
65636: 0.537532
65637: 0.537539
65638: 0.537531
65639: 0.537523
65640: 0.53753
65641: 0.537537
65642: 0.537544
65643: 0.537536
65644: 0.537528
65645: 0.537519
65646: 0.537526
65647: 0.537534
65648: 0.537525
65649: 0.537517
65650: 0.537524
65651: 0.537516
65652: 0.537523
65653: 0.537515
65654: 0.537507
65655: 0.537498
65656: 0.53749
65657: 0.537497
65658: 0.537489
65659: 0.537496
65660: 0.537503
65661: 0.537495
65662: 0.537487
65663: 0.537494
65664: 0.537486
65665: 0.537478
65666: 0.537485
65667: 0.537476
65668: 0.537468
65669: 0.537475
65670: 0.537467
65671: 0.537459
65672: 0.537466
65673: 0.537473
65674: 0.53748
65675: 0.537487
65676: 0.537479
65677: 0.537486
65678: 0.537493
65679: 0.5375
65680: 0.537507
65681: 0.537514
65682: 0.537521
65683: 0.537528
65684: 0.537535
65685: 0.537542
65686: 0.537549
65687: 0.537541
65688: 0.537533
65689: 0.537525
65690: 0.537517
65691: 0.537508
65692: 0.537515
65693: 0.537522
65694: 0.537529
65695: 0.537521
65696: 0.537528
65697: 0.53752
65698: 0.537527
65699: 0.537519
65700: 0.537511
65701: 0.537503
65702: 0.53751
65703: 0.537517
65704: 0.537524
65705: 0.537531
65706: 0.537538
65707: 0.537545
65708: 0.537552
65709: 0.537544
65710: 0.537551
65711: 0.537558
65712: 0.537565
65713: 0.537572
65714: 0.537579
65715: 0.537571
65716: 0.537563
65717: 0.537554
65718: 0.537546
65719: 0.537538
65720: 0.537545
65721: 0.537552
65722: 0.537559
65723: 0.537566
65724: 0.537573
65725: 0.53758
65726: 0.537587
65727: 0.537594
65728: 0.537601
65729: 0.537593
65730: 0.537585
65731: 0.537577
65732: 0.537569
65733: 0.53756
65734: 0.537568
65735: 0.537575
65736: 0.537582
65737: 0.537573
65738: 0.53758
65739: 0.537587
65740: 0.537594
65741: 0.537602
65742: 0.537609
65743: 0.5376
65744: 0.537592
65745: 0.537584
65746: 0.537576
65747: 0.537568
65748: 0.53756
65749: 0.537551
65750: 0.537543
65751: 0.537535
65752: 0.537527
65753: 0.537534
65754: 0.537541
65755: 0.537533
65756: 0.537525
65757: 0.537532
65758: 0.537539
65759: 0.537546
65760: 0.537553
65761: 0.537544
65762: 0.537536
65763: 0.537528
65764: 0.537535
65765: 0.537542
65766: 0.537549
65767: 0.537556
65768: 0.537563
65769: 0.53757
65770: 0.537577
65771: 0.537569
65772: 0.537576
65773: 0.537583
65774: 0.537575
65775: 0.537567
65776: 0.537559
65777: 0.537566
65778: 0.537558
65779: 0.537549
65780: 0.537541
65781: 0.537548
65782: 0.53754
65783: 0.537547
65784: 0.537554
65785: 0.537561
65786: 0.537553
65787: 0.53756
65788: 0.537552
65789: 0.537544
65790: 0.537551
65791: 0.537558
65792: 0.53755
65793: 0.537541
65794: 0.537548
65795: 0.537555
65796: 0.537547
65797: 0.537554
65798: 0.537561
65799: 0.537553
65800: 0.537545
65801: 0.537537
65802: 0.537529
65803: 0.537536
65804: 0.537528
65805: 0.537535
65806: 0.537542
65807: 0.537549
65808: 0.53754
65809: 0.537547
65810: 0.537555
65811: 0.537562
65812: 0.537569
65813: 0.537576
65814: 0.537583
65815: 0.53759
65816: 0.537581
65817: 0.537573
65818: 0.537565
65819: 0.537572
65820: 0.537579
65821: 0.537586
65822: 0.537593
65823: 0.5376
65824: 0.537607
65825: 0.537599
65826: 0.537591
65827: 0.537598
65828: 0.53759
65829: 0.537582
65830: 0.537589
65831: 0.537596
65832: 0.537603
65833: 0.53761
65834: 0.537617
65835: 0.537624
65836: 0.537631
65837: 0.537638
65838: 0.53763
65839: 0.537637
65840: 0.537629
65841: 0.537636
65842: 0.537627
65843: 0.537634
65844: 0.537641
65845: 0.537633
65846: 0.537625
65847: 0.537632
65848: 0.537624
65849: 0.537631
65850: 0.537623
65851: 0.53763
65852: 0.537622
65853: 0.537629
65854: 0.537621
65855: 0.537612
65856: 0.537604
65857: 0.537611
65858: 0.537603
65859: 0.537595
65860: 0.537587
65861: 0.537594
65862: 0.537601
65863: 0.537593
65864: 0.5376
65865: 0.537607
65866: 0.537614
65867: 0.537621
65868: 0.537613
65869: 0.53762
65870: 0.537627
65871: 0.537634
65872: 0.537625
65873: 0.537632
65874: 0.537639
65875: 0.537646
65876: 0.537654
65877: 0.537661
65878: 0.537668
65879: 0.537659
65880: 0.537666
65881: 0.537673
65882: 0.537665
65883: 0.537657
65884: 0.537649
65885: 0.537656
65886: 0.537663
65887: 0.53767
65888: 0.537677
65889: 0.537684
65890: 0.537691
65891: 0.537683
65892: 0.537675
65893: 0.537682
65894: 0.537689
65895: 0.537696
65896: 0.537703
65897: 0.537695
65898: 0.537702
65899: 0.537693
65900: 0.5377
65901: 0.537708
65902: 0.537699
65903: 0.537706
65904: 0.537698
65905: 0.537705
65906: 0.537712
65907: 0.537704
65908: 0.537696
65909: 0.537703
65910: 0.537695
65911: 0.537702
65912: 0.537709
65913: 0.537701
65914: 0.537692
65915: 0.537699
65916: 0.537691
65917: 0.537683
65918: 0.537675
65919: 0.537682
65920: 0.537689
65921: 0.537681
65922: 0.537673
65923: 0.53768
65924: 0.537672
65925: 0.537679
65926: 0.53767
65927: 0.537662
65928: 0.537654
65929: 0.537661
65930: 0.537653
65931: 0.53766
65932: 0.537667
65933: 0.537659
65934: 0.537666
65935: 0.537673
65936: 0.537665
65937: 0.537672
65938: 0.537664
65939: 0.537671
65940: 0.537678
65941: 0.537669
65942: 0.537676
65943: 0.537668
65944: 0.537675
65945: 0.537682
65946: 0.537689
65947: 0.537696
65948: 0.537703
65949: 0.53771
65950: 0.537717
65951: 0.537709
65952: 0.537701
65953: 0.537708
65954: 0.5377
65955: 0.537707
65956: 0.537699
65957: 0.537691
65958: 0.537698
65959: 0.53769
65960: 0.537697
65961: 0.537704
65962: 0.537695
65963: 0.537687
65964: 0.537679
65965: 0.537686
65966: 0.537693
65967: 0.5377
65968: 0.537707
65969: 0.537714
65970: 0.537706
65971: 0.537713
65972: 0.53772
65973: 0.537712
65974: 0.537704
65975: 0.537711
65976: 0.537703
65977: 0.537694
65978: 0.537701
65979: 0.537693
65980: 0.5377
65981: 0.537692
65982: 0.537699
65983: 0.537706
65984: 0.537698
65985: 0.53769
65986: 0.537682
65987: 0.537674
65988: 0.537665
65989: 0.537672
65990: 0.537664
65991: 0.537671
65992: 0.537678
65993: 0.537685
65994: 0.537692
65995: 0.537699
65996: 0.537691
65997: 0.537698
65998: 0.537705
65999: 0.537712
66000: 0.537704
66001: 0.537696
66002: 0.537703
66003: 0.53771
66004: 0.537717
66005: 0.537709
66006: 0.537716
66007: 0.537708
66008: 0.537699
66009: 0.537706
66010: 0.537698
66011: 0.53769
66012: 0.537682
66013: 0.537674
66014: 0.537681
66015: 0.537673
66016: 0.537665
66017: 0.537656
66018: 0.537663
66019: 0.53767
66020: 0.537677
66021: 0.537669
66022: 0.537661
66023: 0.537653
66024: 0.53766
66025: 0.537667
66026: 0.537674
66027: 0.537666
66028: 0.537658
66029: 0.53765
66030: 0.537657
66031: 0.537648
66032: 0.537655
66033: 0.537662
66034: 0.537669
66035: 0.537676
66036: 0.537683
66037: 0.53769
66038: 0.537682
66039: 0.537674
66040: 0.537666
66041: 0.537673
66042: 0.53768
66043: 0.537672
66044: 0.537679
66045: 0.537671
66046: 0.537678
66047: 0.537685
66048: 0.537677
66049: 0.537668
66050: 0.53766
66051: 0.537667
66052: 0.537674
66053: 0.537666
66054: 0.537658
66055: 0.537665
66056: 0.537672
66057: 0.537679
66058: 0.537686
66059: 0.537678
66060: 0.537685
66061: 0.537692
66062: 0.537699
66063: 0.537691
66064: 0.537683
66065: 0.537674
66066: 0.537666
66067: 0.537658
66068: 0.537665
66069: 0.537672
66070: 0.537679
66071: 0.537686
66072: 0.537678
66073: 0.537685
66074: 0.537692
66075: 0.537684
66076: 0.537691
66077: 0.537698
66078: 0.53769
66079: 0.537697
66080: 0.537704
66081: 0.537696
66082: 0.537687
66083: 0.537694
66084: 0.537701
66085: 0.537693
66086: 0.5377
66087: 0.537707
66088: 0.537699
66089: 0.537706
66090: 0.537698
66091: 0.53769
66092: 0.537682
66093: 0.537674
66094: 0.537665
66095: 0.537672
66096: 0.537679
66097: 0.537686
66098: 0.537678
66099: 0.53767
66100: 0.537662
66101: 0.537654
66102: 0.537661
66103: 0.537668
66104: 0.53766
66105: 0.537652
66106: 0.537644
66107: 0.537651
66108: 0.537658
66109: 0.537664
66110: 0.537656
66111: 0.537663
66112: 0.53767
66113: 0.537662
66114: 0.537669
66115: 0.537676
66116: 0.537683
66117: 0.53769
66118: 0.537697
66119: 0.537689
66120: 0.537696
66121: 0.537688
66122: 0.537695
66123: 0.537702
66124: 0.537709
66125: 0.537701
66126: 0.537708
66127: 0.5377
66128: 0.537707
66129: 0.537698
66130: 0.53769
66131: 0.537697
66132: 0.537704
66133: 0.537696
66134: 0.537703
66135: 0.537695
66136: 0.537687
66137: 0.537679
66138: 0.537671
66139: 0.537663
66140: 0.537654
66141: 0.537646
66142: 0.537638
66143: 0.537645
66144: 0.537652
66145: 0.537644
66146: 0.537636
66147: 0.537628
66148: 0.53762
66149: 0.537627
66150: 0.537634
66151: 0.537641
66152: 0.537648
66153: 0.537639
66154: 0.537646
66155: 0.537653
66156: 0.53766
66157: 0.537667
66158: 0.537659
66159: 0.537666
66160: 0.537673
66161: 0.53768
66162: 0.537672
66163: 0.537664
66164: 0.537671
66165: 0.537678
66166: 0.53767
66167: 0.537677
66168: 0.537684
66169: 0.537691
66170: 0.537683
66171: 0.537675
66172: 0.537682
66173: 0.537673
66174: 0.537665
66175: 0.537657
66176: 0.537649
66177: 0.537656
66178: 0.537663
66179: 0.53767
66180: 0.537677
66181: 0.537684
66182: 0.537691
66183: 0.537698
66184: 0.537705
66185: 0.537697
66186: 0.537689
66187: 0.537681
66188: 0.537672
66189: 0.537679
66190: 0.537671
66191: 0.537663
66192: 0.53767
66193: 0.537662
66194: 0.537654
66195: 0.537646
66196: 0.537638
66197: 0.537645
66198: 0.537637
66199: 0.537644
66200: 0.53765
66201: 0.537642
66202: 0.537634
66203: 0.537641
66204: 0.537633
66205: 0.53764
66206: 0.537632
66207: 0.537639
66208: 0.537646
66209: 0.537653
66210: 0.537645
66211: 0.537637
66212: 0.537644
66213: 0.537636
66214: 0.537627
66215: 0.537619
66216: 0.537626
66217: 0.537618
66218: 0.53761
66219: 0.537602
66220: 0.537594
66221: 0.537601
66222: 0.537608
66223: 0.5376
66224: 0.537592
66225: 0.537583
66226: 0.53759
66227: 0.537582
66228: 0.537589
66229: 0.537581
66230: 0.537588
66231: 0.537595
66232: 0.537587
66233: 0.537594
66234: 0.537586
66235: 0.537593
66236: 0.5376
66237: 0.537592
66238: 0.537599
66239: 0.537606
66240: 0.537613
66241: 0.53762
66242: 0.537627
66243: 0.537619
66244: 0.537625
66245: 0.537632
66246: 0.537639
66247: 0.537646
66248: 0.537638
66249: 0.537645
66250: 0.537637
66251: 0.537644
66252: 0.537636
66253: 0.537643
66254: 0.53765
66255: 0.537642
66256: 0.537634
66257: 0.537641
66258: 0.537648
66259: 0.537655
66260: 0.537662
66261: 0.537669
66262: 0.537661
66263: 0.537668
66264: 0.537674
66265: 0.537681
66266: 0.537688
66267: 0.537695
66268: 0.537687
66269: 0.537679
66270: 0.537686
66271: 0.537678
66272: 0.537685
66273: 0.537677
66274: 0.537684
66275: 0.537676
66276: 0.537683
66277: 0.53769
66278: 0.537697
66279: 0.537689
66280: 0.53768
66281: 0.537672
66282: 0.537664
66283: 0.537671
66284: 0.537678
66285: 0.53767
66286: 0.537677
66287: 0.537669
66288: 0.537676
66289: 0.537683
66290: 0.53769
66291: 0.537697
66292: 0.537704
66293: 0.537711
66294: 0.537718
66295: 0.53771
66296: 0.537717
66297: 0.537724
66298: 0.537716
66299: 0.537722
66300: 0.537714
66301: 0.537721
66302: 0.537728
66303: 0.53772
66304: 0.537712
66305: 0.537704
66306: 0.537711
66307: 0.537703
66308: 0.53771
66309: 0.537717
66310: 0.537724
66311: 0.537731
66312: 0.537723
66313: 0.53773
66314: 0.537721
66315: 0.537728
66316: 0.53772
66317: 0.537727
66318: 0.537719
66319: 0.537711
66320: 0.537703
66321: 0.53771
66322: 0.537717
66323: 0.537724
66324: 0.537731
66325: 0.537738
66326: 0.537745
66327: 0.537752
66328: 0.537759
66329: 0.537766
66330: 0.537758
66331: 0.53775
66332: 0.537756
66333: 0.537748
66334: 0.53774
66335: 0.537732
66336: 0.537724
66337: 0.537716
66338: 0.537723
66339: 0.53773
66340: 0.537737
66341: 0.537729
66342: 0.537721
66343: 0.537728
66344: 0.537735
66345: 0.537742
66346: 0.537749
66347: 0.53774
66348: 0.537747
66349: 0.537754
66350: 0.537761
66351: 0.537768
66352: 0.537775
66353: 0.537767
66354: 0.537774
66355: 0.537781
66356: 0.537788
66357: 0.53778
66358: 0.537772
66359: 0.537764
66360: 0.537756
66361: 0.537748
66362: 0.537739
66363: 0.537731
66364: 0.537738
66365: 0.537745
66366: 0.537752
66367: 0.537759
66368: 0.537766
66369: 0.537758
66370: 0.537765
66371: 0.537772
66372: 0.537764
66373: 0.537756
66374: 0.537748
66375: 0.537755
66376: 0.537762
66377: 0.537769
66378: 0.537776
66379: 0.537767
66380: 0.537759
66381: 0.537751
66382: 0.537758
66383: 0.537765
66384: 0.537772
66385: 0.537764
66386: 0.537756
66387: 0.537763
66388: 0.537755
66389: 0.537747
66390: 0.537754
66391: 0.537761
66392: 0.537768
66393: 0.537759
66394: 0.537751
66395: 0.537743
66396: 0.537735
66397: 0.537727
66398: 0.537734
66399: 0.537726
66400: 0.537733
66401: 0.537725
66402: 0.537732
66403: 0.537739
66404: 0.537731
66405: 0.537722
66406: 0.537729
66407: 0.537721
66408: 0.537728
66409: 0.537735
66410: 0.537742
66411: 0.537749
66412: 0.537741
66413: 0.537748
66414: 0.537755
66415: 0.537762
66416: 0.537754
66417: 0.537746
66418: 0.537753
66419: 0.537745
66420: 0.537737
66421: 0.537728
66422: 0.537735
66423: 0.537742
66424: 0.537749
66425: 0.537756
66426: 0.537748
66427: 0.537755
66428: 0.537762
66429: 0.537769
66430: 0.537776
66431: 0.537768
66432: 0.53776
66433: 0.537752
66434: 0.537744
66435: 0.537751
66436: 0.537743
66437: 0.537734
66438: 0.537741
66439: 0.537748
66440: 0.537755
66441: 0.537747
66442: 0.537739
66443: 0.537746
66444: 0.537738
66445: 0.537745
66446: 0.537752
66447: 0.537759
66448: 0.537751
66449: 0.537743
66450: 0.53775
66451: 0.537742
66452: 0.537733
66453: 0.53774
66454: 0.537747
66455: 0.537754
66456: 0.537746
66457: 0.537753
66458: 0.537745
66459: 0.537752
66460: 0.537744
66461: 0.537751
66462: 0.537743
66463: 0.53775
66464: 0.537757
66465: 0.537764
66466: 0.537771
66467: 0.537778
66468: 0.537769
66469: 0.537761
66470: 0.537768
66471: 0.537775
66472: 0.537767
66473: 0.537759
66474: 0.537751
66475: 0.537743
66476: 0.537735
66477: 0.537742
66478: 0.537749
66479: 0.537756
66480: 0.537763
66481: 0.537755
66482: 0.537746
66483: 0.537738
66484: 0.53773
66485: 0.537722
66486: 0.537714
66487: 0.537721
66488: 0.537728
66489: 0.537735
66490: 0.537742
66491: 0.537734
66492: 0.537741
66493: 0.537748
66494: 0.537755
66495: 0.537747
66496: 0.537739
66497: 0.537745
66498: 0.537752
66499: 0.537759
66500: 0.537751
66501: 0.537743
66502: 0.537735
66503: 0.537727
66504: 0.537719
66505: 0.537726
66506: 0.537733
66507: 0.53774
66508: 0.537747
66509: 0.537754
66510: 0.537746
66511: 0.537753
66512: 0.537745
66513: 0.537736
66514: 0.537728
66515: 0.537735
66516: 0.537727
66517: 0.537734
66518: 0.537726
66519: 0.537733
66520: 0.537725
66521: 0.537732
66522: 0.537739
66523: 0.537746
66524: 0.537753
66525: 0.53776
66526: 0.537767
66527: 0.537774
66528: 0.537765
66529: 0.537772
66530: 0.537779
66531: 0.537786
66532: 0.537793
66533: 0.537785
66534: 0.537792
66535: 0.537799
66536: 0.537791
66537: 0.537798
66538: 0.53779
66539: 0.537797
66540: 0.537804
66541: 0.537796
66542: 0.537803
66543: 0.537795
66544: 0.537786
66545: 0.537778
66546: 0.537785
66547: 0.537792
66548: 0.537799
66549: 0.537791
66550: 0.537783
66551: 0.53779
66552: 0.537797
66553: 0.537804
66554: 0.537811
66555: 0.537803
66556: 0.537795
66557: 0.537787
66558: 0.537779
66559: 0.53777
66560: 0.537762
66561: 0.537769
66562: 0.537776
66563: 0.537768
66564: 0.53776
66565: 0.537767
66566: 0.537774
66567: 0.537766
66568: 0.537758
66569: 0.537765
66570: 0.537772
66571: 0.537764
66572: 0.537756
66573: 0.537747
66574: 0.537754
66575: 0.537761
66576: 0.537768
66577: 0.537775
66578: 0.537767
66579: 0.537774
66580: 0.537781
66581: 0.537773
66582: 0.53778
66583: 0.537772
66584: 0.537764
66585: 0.537771
66586: 0.537778
66587: 0.53777
66588: 0.537761
66589: 0.537768
66590: 0.537775
66591: 0.537767
66592: 0.537774
66593: 0.537766
66594: 0.537773
66595: 0.537765
66596: 0.537757
66597: 0.537764
66598: 0.537771
66599: 0.537763
66600: 0.53777
66601: 0.537777
66602: 0.537769
66603: 0.53776
66604: 0.537752
66605: 0.537759
66606: 0.537766
66607: 0.537773
66608: 0.537765
66609: 0.537757
66610: 0.537749
66611: 0.537756
66612: 0.537748
66613: 0.537755
66614: 0.537747
66615: 0.537739
66616: 0.537731
66617: 0.537723
66618: 0.537729
66619: 0.537721
66620: 0.537713
66621: 0.53772
66622: 0.537712
66623: 0.537719
66624: 0.537711
66625: 0.537703
66626: 0.537695
66627: 0.537687
66628: 0.537694
66629: 0.537686
66630: 0.537678
66631: 0.537685
66632: 0.537692
66633: 0.537698
66634: 0.537705
66635: 0.537712
66636: 0.537719
66637: 0.537726
66638: 0.537733
66639: 0.53774
66640: 0.537747
66641: 0.537754
66642: 0.537746
66643: 0.537753
66644: 0.53776
66645: 0.537752
66646: 0.537759
66647: 0.537751
66648: 0.537758
66649: 0.537764
66650: 0.537771
66651: 0.537763
66652: 0.53777
66653: 0.537777
66654: 0.537769
66655: 0.537761
66656: 0.537753
66657: 0.53776
66658: 0.537767
66659: 0.537759
66660: 0.537766
66661: 0.537758
66662: 0.53775
66663: 0.537742
66664: 0.537733
66665: 0.53774
66666: 0.537747
66667: 0.537739
66668: 0.537731
66669: 0.537738
66670: 0.537745
66671: 0.537737
66672: 0.537744
66673: 0.537751
66674: 0.537758
66675: 0.537765
66676: 0.537772
66677: 0.537764
66678: 0.537771
66679: 0.537777
66680: 0.537784
66681: 0.537791
66682: 0.537798
66683: 0.53779
66684: 0.537782
66685: 0.537774
66686: 0.537766
66687: 0.537773
66688: 0.53778
66689: 0.537772
66690: 0.537764
66691: 0.537756
66692: 0.537748
66693: 0.537755
66694: 0.537761
66695: 0.537753
66696: 0.53776
66697: 0.537752
66698: 0.537759
66699: 0.537766
66700: 0.537773
66701: 0.537765
66702: 0.537757
66703: 0.537749
66704: 0.537741
66705: 0.537748
66706: 0.537755
66707: 0.537747
66708: 0.537754
66709: 0.537745
66710: 0.537737
66711: 0.537744
66712: 0.537736
66713: 0.537743
66714: 0.53775
66715: 0.537757
66716: 0.537764
66717: 0.537771
66718: 0.537778
66719: 0.537785
66720: 0.537792
66721: 0.537799
66722: 0.537806
66723: 0.537797
66724: 0.537789
66725: 0.537796
66726: 0.537803
66727: 0.53781
66728: 0.537817
66729: 0.537809
66730: 0.537801
66731: 0.537808
66732: 0.5378
66733: 0.537792
66734: 0.537799
66735: 0.537806
66736: 0.537798
66737: 0.53779
66738: 0.537796
66739: 0.537788
66740: 0.53778
66741: 0.537772
66742: 0.537779
66743: 0.537786
66744: 0.537793
66745: 0.5378
66746: 0.537807
66747: 0.537814
66748: 0.537821
66749: 0.537828
66750: 0.537835
66751: 0.537842
66752: 0.537834
66753: 0.537825
66754: 0.537817
66755: 0.537824
66756: 0.537831
66757: 0.537838
66758: 0.53783
66759: 0.537837
66760: 0.537829
66761: 0.537821
66762: 0.537828
66763: 0.537835
66764: 0.537842
66765: 0.537834
66766: 0.537841
66767: 0.537832
66768: 0.537839
66769: 0.537846
66770: 0.537853
66771: 0.537845
66772: 0.537852
66773: 0.537844
66774: 0.537851
66775: 0.537843
66776: 0.537835
66777: 0.537842
66778: 0.537849
66779: 0.537841
66780: 0.537833
66781: 0.537825
66782: 0.537831
66783: 0.537838
66784: 0.53783
66785: 0.537837
66786: 0.537829
66787: 0.537821
66788: 0.537828
66789: 0.53782
66790: 0.537827
66791: 0.537834
66792: 0.537826
66793: 0.537833
66794: 0.537825
66795: 0.537832
66796: 0.537824
66797: 0.537816
66798: 0.537822
66799: 0.537829
66800: 0.537821
66801: 0.537828
66802: 0.537835
66803: 0.537827
66804: 0.537834
66805: 0.537841
66806: 0.537833
66807: 0.537825
66808: 0.537832
66809: 0.537839
66810: 0.537831
66811: 0.537838
66812: 0.537844
66813: 0.537836
66814: 0.537828
66815: 0.53782
66816: 0.537827
66817: 0.537834
66818: 0.537826
66819: 0.537833
66820: 0.53784
66821: 0.537832
66822: 0.537824
66823: 0.537816
66824: 0.537823
66825: 0.537815
66826: 0.537822
66827: 0.537813
66828: 0.53782
66829: 0.537827
66830: 0.537834
66831: 0.537841
66832: 0.537833
66833: 0.53784
66834: 0.537847
66835: 0.537839
66836: 0.537831
66837: 0.537823
66838: 0.537815
66839: 0.537807
66840: 0.537814
66841: 0.537806
66842: 0.537812
66843: 0.537819
66844: 0.537826
66845: 0.537818
66846: 0.537825
66847: 0.537832
66848: 0.537824
66849: 0.537816
66850: 0.537823
66851: 0.537815
66852: 0.537822
66853: 0.537814
66854: 0.537821
66855: 0.537828
66856: 0.537834
66857: 0.537826
66858: 0.537833
66859: 0.537825
66860: 0.537817
66861: 0.537809
66862: 0.537816
66863: 0.537808
66864: 0.537815
66865: 0.537822
66866: 0.537814
66867: 0.537821
66868: 0.537813
66869: 0.537805
66870: 0.537797
66871: 0.537804
66872: 0.53781
66873: 0.537817
66874: 0.537824
66875: 0.537816
66876: 0.537808
66877: 0.5378
66878: 0.537807
66879: 0.537799
66880: 0.537791
66881: 0.537798
66882: 0.53779
66883: 0.537797
66884: 0.537789
66885: 0.537781
66886: 0.537773
66887: 0.53778
66888: 0.537772
66889: 0.537778
66890: 0.53777
66891: 0.537762
66892: 0.537754
66893: 0.537746
66894: 0.537738
66895: 0.53773
66896: 0.537737
66897: 0.537744
66898: 0.537751
66899: 0.537758
66900: 0.53775
66901: 0.537757
66902: 0.537764
66903: 0.537771
66904: 0.537762
66905: 0.537754
66906: 0.537746
66907: 0.537738
66908: 0.53773
66909: 0.537737
66910: 0.537729
66911: 0.537736
66912: 0.537743
66913: 0.537735
66914: 0.537742
66915: 0.537749
66916: 0.537756
66917: 0.537748
66918: 0.53774
66919: 0.537732
66920: 0.537739
66921: 0.537745
66922: 0.537737
66923: 0.537744
66924: 0.537736
66925: 0.537728
66926: 0.53772
66927: 0.537727
66928: 0.537719
66929: 0.537711
66930: 0.537718
66931: 0.53771
66932: 0.537702
66933: 0.537709
66934: 0.537701
66935: 0.537708
66936: 0.537715
66937: 0.537721
66938: 0.537728
66939: 0.537735
66940: 0.537727
66941: 0.537719
66942: 0.537726
66943: 0.537718
66944: 0.537725
66945: 0.537717
66946: 0.537709
66947: 0.537716
66948: 0.537708
66949: 0.5377
66950: 0.537692
66951: 0.537684
66952: 0.537676
66953: 0.537683
66954: 0.537675
66955: 0.537681
66956: 0.537673
66957: 0.53768
66958: 0.537687
66959: 0.537694
66960: 0.537701
66961: 0.537693
66962: 0.5377
66963: 0.537707
66964: 0.537714
66965: 0.537706
66966: 0.537698
66967: 0.53769
66968: 0.537697
66969: 0.537703
66970: 0.53771
66971: 0.537702
66972: 0.537694
66973: 0.537701
66974: 0.537693
66975: 0.537685
66976: 0.537692
66977: 0.537684
66978: 0.537691
66979: 0.537683
66980: 0.537675
66981: 0.537667
66982: 0.537659
66983: 0.537651
66984: 0.537658
66985: 0.53765
66986: 0.537657
66987: 0.537663
66988: 0.53767
66989: 0.537662
66990: 0.537669
66991: 0.537661
66992: 0.537653
66993: 0.53766
66994: 0.537667
66995: 0.537659
66996: 0.537666
66997: 0.537673
66998: 0.537665
66999: 0.537672
67000: 0.537679
67001: 0.537685
67002: 0.537692
67003: 0.537684
67004: 0.537676
67005: 0.537683
67006: 0.537675
67007: 0.537682
67008: 0.537689
67009: 0.537681
67010: 0.537673
67011: 0.537665
67012: 0.537672
67013: 0.537679
67014: 0.537671
67015: 0.537663
67016: 0.537655
67017: 0.537647
67018: 0.537639
67019: 0.537645
67020: 0.537637
67021: 0.537644
67022: 0.537636
67023: 0.537643
67024: 0.53765
67025: 0.537657
67026: 0.537664
67027: 0.537656
67028: 0.537663
67029: 0.53767
67030: 0.537677
67031: 0.537683
67032: 0.537675
67033: 0.537667
67034: 0.537659
67035: 0.537651
67036: 0.537643
67037: 0.53765
67038: 0.537657
67039: 0.537664
67040: 0.537671
67041: 0.537678
67042: 0.53767
67043: 0.537677
67044: 0.537669
67045: 0.537676
67046: 0.537668
67047: 0.537675
67048: 0.537666
67049: 0.537658
67050: 0.537665
67051: 0.537657
67052: 0.537664
67053: 0.537671
67054: 0.537663
67055: 0.53767
67056: 0.537662
67057: 0.537669
67058: 0.537661
67059: 0.537668
67060: 0.53766
67061: 0.537652
67062: 0.537659
67063: 0.537666
67064: 0.537672
67065: 0.537679
67066: 0.537671
67067: 0.537663
67068: 0.53767
67069: 0.537662
67070: 0.537669
67071: 0.537676
67072: 0.537668
67073: 0.537675
67074: 0.537682
67075: 0.537689
67076: 0.537695
67077: 0.537702
67078: 0.537694
67079: 0.537686
67080: 0.537678
67081: 0.53767
67082: 0.537662
67083: 0.537654
67084: 0.537646
67085: 0.537653
67086: 0.53766
67087: 0.537667
67088: 0.537659
67089: 0.537651
67090: 0.537658
67091: 0.537665
67092: 0.537657
67093: 0.537649
67094: 0.537656
67095: 0.537662
67096: 0.537654
67097: 0.537661
67098: 0.537653
67099: 0.537645
67100: 0.537637
67101: 0.537644
67102: 0.537636
67103: 0.537643
67104: 0.53765
67105: 0.537642
67106: 0.537649
67107: 0.537641
67108: 0.537633
67109: 0.537625
67110: 0.537632
67111: 0.537639
67112: 0.537631
67113: 0.537623
67114: 0.537615
67115: 0.537621
67116: 0.537628
67117: 0.53762
67118: 0.537627
67119: 0.537634
67120: 0.537641
67121: 0.537648
67122: 0.537655
67123: 0.537647
67124: 0.537639
67125: 0.537631
67126: 0.537623
67127: 0.53763
67128: 0.537636
67129: 0.537643
67130: 0.53765
67131: 0.537642
67132: 0.537634
67133: 0.537626
67134: 0.537633
67135: 0.537625
67136: 0.537632
67137: 0.537639
67138: 0.537646
67139: 0.537653
67140: 0.53766
67141: 0.537666
67142: 0.537658
67143: 0.537665
67144: 0.537672
67145: 0.537679
67146: 0.537686
67147: 0.537678
67148: 0.53767
67149: 0.537662
67150: 0.537669
67151: 0.537676
67152: 0.537683
67153: 0.537675
67154: 0.537667
67155: 0.537659
67156: 0.537665
67157: 0.537657
67158: 0.537664
67159: 0.537671
67160: 0.537678
67161: 0.53767
67162: 0.537662
67163: 0.537654
67164: 0.537661
67165: 0.537653
67166: 0.537645
67167: 0.537652
67168: 0.537644
67169: 0.537636
67170: 0.537628
67171: 0.53762
67172: 0.537627
67173: 0.537619
67174: 0.537626
67175: 0.537618
67176: 0.53761
67177: 0.537616
67178: 0.537623
67179: 0.53763
67180: 0.537637
67181: 0.537629
67182: 0.537621
67183: 0.537628
67184: 0.537635
67185: 0.537627
67186: 0.537619
67187: 0.537626
67188: 0.537633
67189: 0.537625
67190: 0.537632
67191: 0.537638
67192: 0.537645
67193: 0.537637
67194: 0.537629
67195: 0.537621
67196: 0.537628
67197: 0.53762
67198: 0.537627
67199: 0.537634
67200: 0.537641
67201: 0.537633
67202: 0.53764
67203: 0.537647
67204: 0.537653
67205: 0.53766
67206: 0.537652
67207: 0.537659
67208: 0.537651
67209: 0.537658
67210: 0.537665
67211: 0.537657
67212: 0.537664
67213: 0.537671
67214: 0.537678
67215: 0.53767
67216: 0.537676
67217: 0.537683
67218: 0.537675
67219: 0.537667
67220: 0.537659
67221: 0.537666
67222: 0.537673
67223: 0.537665
67224: 0.537672
67225: 0.537679
67226: 0.537686
67227: 0.537693
67228: 0.537685
67229: 0.537677
67230: 0.537684
67231: 0.53769
67232: 0.537682
67233: 0.537689
67234: 0.537681
67235: 0.537688
67236: 0.53768
67237: 0.537687
67238: 0.537694
67239: 0.537686
67240: 0.537693
67241: 0.5377
67242: 0.537707
67243: 0.537699
67244: 0.537691
67245: 0.537683
67246: 0.537689
67247: 0.537696
67248: 0.537703
67249: 0.53771
67250: 0.537717
67251: 0.537709
67252: 0.537701
67253: 0.537708
67254: 0.537715
67255: 0.537707
67256: 0.537699
67257: 0.537706
67258: 0.537712
67259: 0.537719
67260: 0.537726
67261: 0.537733
67262: 0.53774
67263: 0.537747
67264: 0.537754
67265: 0.537746
67266: 0.537753
67267: 0.537759
67268: 0.537766
67269: 0.537758
67270: 0.53775
67271: 0.537757
67272: 0.537749
67273: 0.537756
67274: 0.537748
67275: 0.537755
67276: 0.537747
67277: 0.537739
67278: 0.537731
67279: 0.537723
67280: 0.537715
67281: 0.537707
67282: 0.537714
67283: 0.537706
67284: 0.537698
67285: 0.537705
67286: 0.537712
67287: 0.537718
67288: 0.537725
67289: 0.537717
67290: 0.537724
67291: 0.537731
67292: 0.537723
67293: 0.537715
67294: 0.537707
67295: 0.537714
67296: 0.537721
67297: 0.537713
67298: 0.537705
67299: 0.537712
67300: 0.537719
67301: 0.537725
67302: 0.537732
67303: 0.537724
67304: 0.537731
67305: 0.537738
67306: 0.537745
67307: 0.537752
67308: 0.537759
67309: 0.537751
67310: 0.537758
67311: 0.537764
67312: 0.537756
67313: 0.537763
67314: 0.537755
67315: 0.537762
67316: 0.537769
67317: 0.537776
67318: 0.537783
67319: 0.53779
67320: 0.537782
67321: 0.537789
67322: 0.537781
67323: 0.537773
67324: 0.537765
67325: 0.537771
67326: 0.537778
67327: 0.53777
67328: 0.537762
67329: 0.537754
67330: 0.537761
67331: 0.537768
67332: 0.537775
67333: 0.537767
67334: 0.537759
67335: 0.537751
67336: 0.537758
67337: 0.53775
67338: 0.537757
67339: 0.537749
67340: 0.537756
67341: 0.537748
67342: 0.537754
67343: 0.537761
67344: 0.537753
67345: 0.537745
67346: 0.537752
67347: 0.537759
67348: 0.537751
67349: 0.537743
67350: 0.53775
67351: 0.537757
67352: 0.537764
67353: 0.537756
67354: 0.537763
67355: 0.537769
67356: 0.537776
67357: 0.537783
67358: 0.53779
67359: 0.537782
67360: 0.537789
67361: 0.537796
67362: 0.537803
67363: 0.53781
67364: 0.537802
67365: 0.537808
67366: 0.5378
67367: 0.537807
67368: 0.537799
67369: 0.537791
67370: 0.537783
67371: 0.537775
67372: 0.537782
67373: 0.537789
67374: 0.537781
67375: 0.537788
67376: 0.53778
67377: 0.537787
67378: 0.537794
67379: 0.537801
67380: 0.537807
67381: 0.537814
67382: 0.537821
67383: 0.537828
67384: 0.537835
67385: 0.537842
67386: 0.537834
67387: 0.537826
67388: 0.537833
67389: 0.537839
67390: 0.537846
67391: 0.537838
67392: 0.537845
67393: 0.537852
67394: 0.537844
67395: 0.537836
67396: 0.537828
67397: 0.537835
67398: 0.537842
67399: 0.537834
67400: 0.537826
67401: 0.537818
67402: 0.53781
67403: 0.537802
67404: 0.537809
67405: 0.537801
67406: 0.537793
67407: 0.537785
67408: 0.537792
67409: 0.537784
67410: 0.537791
67411: 0.537797
67412: 0.537789
67413: 0.537781
67414: 0.537773
67415: 0.537766
67416: 0.537772
67417: 0.537779
67418: 0.537786
67419: 0.537793
67420: 0.5378
67421: 0.537807
67422: 0.537799
67423: 0.537791
67424: 0.537783
67425: 0.537775
67426: 0.537767
67427: 0.537759
67428: 0.537766
67429: 0.537773
67430: 0.537779
67431: 0.537771
67432: 0.537763
67433: 0.537755
67434: 0.537747
67435: 0.537739
67436: 0.537732
67437: 0.537738
67438: 0.53773
67439: 0.537722
67440: 0.537729
67441: 0.537721
67442: 0.537728
67443: 0.537735
67444: 0.537727
67445: 0.537719
67446: 0.537711
67447: 0.537703
67448: 0.53771
67449: 0.537702
67450: 0.537694
67451: 0.537701
67452: 0.537693
67453: 0.537685
67454: 0.537677
67455: 0.537669
67456: 0.537676
67457: 0.537668
67458: 0.537675
67459: 0.537667
67460: 0.537674
67461: 0.537666
67462: 0.537673
67463: 0.537679
67464: 0.537671
67465: 0.537663
67466: 0.537655
67467: 0.537647
67468: 0.53764
67469: 0.537632
67470: 0.537638
67471: 0.537645
67472: 0.537652
67473: 0.537644
67474: 0.537636
67475: 0.537628
67476: 0.53762
67477: 0.537612
67478: 0.537619
67479: 0.537626
67480: 0.537618
67481: 0.537625
67482: 0.537617
67483: 0.537624
67484: 0.537631
67485: 0.537637
67486: 0.537629
67487: 0.537636
67488: 0.537628
67489: 0.537635
67490: 0.537642
67491: 0.537634
67492: 0.537626
67493: 0.537633
67494: 0.53764
67495: 0.537632
67496: 0.537639
67497: 0.537646
67498: 0.537652
67499: 0.537644
67500: 0.537651
67501: 0.537643
67502: 0.537635
67503: 0.537627
67504: 0.537619
67505: 0.537626
67506: 0.537633
67507: 0.537625
67508: 0.537617
67509: 0.537624
67510: 0.537631
67511: 0.537623
67512: 0.537615
67513: 0.537607
67514: 0.537614
67515: 0.537621
67516: 0.537628
67517: 0.53762
67518: 0.537626
67519: 0.537618
67520: 0.537611
67521: 0.537603
67522: 0.537609
67523: 0.537616
67524: 0.537623
67525: 0.53763
67526: 0.537622
67527: 0.537614
67528: 0.537606
67529: 0.537613
67530: 0.53762
67531: 0.537612
67532: 0.537604
67533: 0.537596
67534: 0.537588
67535: 0.53758
67536: 0.537572
67537: 0.537564
67538: 0.537556
67539: 0.537563
67540: 0.53757
67541: 0.537577
67542: 0.537583
67543: 0.53759
67544: 0.537597
67545: 0.537604
67546: 0.537611
67547: 0.537618
67548: 0.537625
67549: 0.537631
67550: 0.537638
67551: 0.53763
67552: 0.537622
67553: 0.537614
67554: 0.537621
67555: 0.537628
67556: 0.537635
67557: 0.537627
67558: 0.537619
67559: 0.537626
67560: 0.537633
67561: 0.53764
67562: 0.537632
67563: 0.537638
67564: 0.537645
67565: 0.537652
67566: 0.537659
67567: 0.537651
67568: 0.537658
67569: 0.537665
67570: 0.537671
67571: 0.537678
67572: 0.53767
67573: 0.537662
67574: 0.537669
67575: 0.537661
67576: 0.537668
67577: 0.537675
67578: 0.537667
67579: 0.537659
67580: 0.537651
67581: 0.537658
67582: 0.537665
67583: 0.537672
67584: 0.537664
67585: 0.537671
67586: 0.537677
67587: 0.537684
67588: 0.537691
67589: 0.537683
67590: 0.53769
67591: 0.537682
67592: 0.537689
67593: 0.537696
67594: 0.537702
67595: 0.537695
67596: 0.537701
67597: 0.537708
67598: 0.5377
67599: 0.537707
67600: 0.537699
67601: 0.537706
67602: 0.537713
67603: 0.53772
67604: 0.537726
67605: 0.537733
67606: 0.53774
67607: 0.537747
67608: 0.537754
67609: 0.537761
67610: 0.537753
67611: 0.537745
67612: 0.537752
67613: 0.537758
67614: 0.53775
67615: 0.537743
67616: 0.537749
67617: 0.537741
67618: 0.537733
67619: 0.53774
67620: 0.537747
67621: 0.537739
67622: 0.537731
67623: 0.537738
67624: 0.537745
67625: 0.537752
67626: 0.537744
67627: 0.537736
67628: 0.537728
67629: 0.53772
67630: 0.537727
67631: 0.537734
67632: 0.53774
67633: 0.537747
67634: 0.537739
67635: 0.537731
67636: 0.537738
67637: 0.537745
67638: 0.537752
67639: 0.537744
67640: 0.537751
67641: 0.537758
67642: 0.537764
67643: 0.537756
67644: 0.537749
67645: 0.537741
67646: 0.537733
67647: 0.537725
67648: 0.537732
67649: 0.537724
67650: 0.53773
67651: 0.537737
67652: 0.537744
67653: 0.537736
67654: 0.537728
67655: 0.53772
67656: 0.537712
67657: 0.537719
67658: 0.537726
67659: 0.537733
67660: 0.537725
67661: 0.537717
67662: 0.537709
67663: 0.537716
67664: 0.537723
67665: 0.537715
67666: 0.537707
67667: 0.537699
67668: 0.537691
67669: 0.537683
67670: 0.53769
67671: 0.537697
67672: 0.537703
67673: 0.537695
67674: 0.537702
67675: 0.537694
67676: 0.537701
67677: 0.537708
67678: 0.5377
67679: 0.537707
67680: 0.537714
67681: 0.537721
67682: 0.537713
67683: 0.537719
67684: 0.537726
67685: 0.537733
67686: 0.537725
67687: 0.537732
67688: 0.537739
67689: 0.537746
67690: 0.537738
67691: 0.537744
67692: 0.537751
67693: 0.537743
67694: 0.537735
67695: 0.537742
67696: 0.537734
67697: 0.537741
67698: 0.537733
67699: 0.537725
67700: 0.537717
67701: 0.537709
67702: 0.537716
67703: 0.537723
67704: 0.537715
67705: 0.537707
67706: 0.537699
67707: 0.537691
67708: 0.537698
67709: 0.537705
67710: 0.537697
67711: 0.537704
67712: 0.537696
67713: 0.537688
67714: 0.53768
67715: 0.537672
67716: 0.537679
67717: 0.537671
67718: 0.537663
67719: 0.537655
67720: 0.537662
67721: 0.537669
67722: 0.537676
67723: 0.537682
67724: 0.537674
67725: 0.537681
67726: 0.537673
67727: 0.537665
67728: 0.537672
67729: 0.537664
67730: 0.537671
67731: 0.537678
67732: 0.53767
67733: 0.537677
67734: 0.537669
67735: 0.537661
67736: 0.537668
67737: 0.537675
67738: 0.537681
67739: 0.537688
67740: 0.53768
67741: 0.537672
67742: 0.537679
67743: 0.537686
67744: 0.537693
67745: 0.537685
67746: 0.537677
67747: 0.537669
67748: 0.537676
67749: 0.537668
67750: 0.53766
67751: 0.537652
67752: 0.537659
67753: 0.537666
67754: 0.537658
67755: 0.537665
67756: 0.537671
67757: 0.537678
67758: 0.537685
67759: 0.537692
67760: 0.537699
67761: 0.537705
67762: 0.537712
67763: 0.537719
67764: 0.537711
67765: 0.537718
67766: 0.537725
67767: 0.537717
67768: 0.537709
67769: 0.537701
67770: 0.537693
67771: 0.537685
67772: 0.537677
67773: 0.537669
67774: 0.537661
67775: 0.537668
67776: 0.53766
67777: 0.537652
67778: 0.537659
67779: 0.537651
67780: 0.537658
67781: 0.53765
67782: 0.537642
67783: 0.537649
67784: 0.537641
67785: 0.537648
67786: 0.537655
67787: 0.537647
67788: 0.537639
67789: 0.537631
67790: 0.537638
67791: 0.53763
67792: 0.537637
67793: 0.537629
67794: 0.537636
67795: 0.537642
67796: 0.537634
67797: 0.537626
67798: 0.537619
67799: 0.537611
67800: 0.537603
67801: 0.537595
67802: 0.537602
67803: 0.537608
67804: 0.537615
67805: 0.537622
67806: 0.537629
67807: 0.537636
67808: 0.537642
67809: 0.537649
67810: 0.537641
67811: 0.537633
67812: 0.537626
67813: 0.537618
67814: 0.53761
67815: 0.537616
67816: 0.537609
67817: 0.537601
67818: 0.537593
67819: 0.537585
67820: 0.537592
67821: 0.537584
67822: 0.53759
67823: 0.537597
67824: 0.537604
67825: 0.537611
67826: 0.537618
67827: 0.53761
67828: 0.537602
67829: 0.537609
67830: 0.537616
67831: 0.537608
67832: 0.537614
67833: 0.537607
67834: 0.537613
67835: 0.53762
67836: 0.537612
67837: 0.537619
67838: 0.537611
67839: 0.537603
67840: 0.537595
67841: 0.537602
67842: 0.537609
67843: 0.537616
67844: 0.537608
67845: 0.537615
67846: 0.537621
67847: 0.537613
67848: 0.537606
67849: 0.537598
67850: 0.53759
67851: 0.537582
67852: 0.537574
67853: 0.537566
67854: 0.537573
67855: 0.53758
67856: 0.537586
67857: 0.537593
67858: 0.537585
67859: 0.537577
67860: 0.537569
67861: 0.537576
67862: 0.537583
67863: 0.53759
67864: 0.537582
67865: 0.537574
67866: 0.537566
67867: 0.537573
67868: 0.53758
67869: 0.537587
67870: 0.537579
67871: 0.537585
67872: 0.537578
67873: 0.537584
67874: 0.537591
67875: 0.537583
67876: 0.537575
67877: 0.537582
67878: 0.537574
67879: 0.537566
67880: 0.537558
67881: 0.53755
67882: 0.537543
67883: 0.537549
67884: 0.537556
67885: 0.537563
67886: 0.53757
67887: 0.537562
67888: 0.537569
67889: 0.537575
67890: 0.537568
67891: 0.53756
67892: 0.537552
67893: 0.537544
67894: 0.537551
67895: 0.537557
67896: 0.537564
67897: 0.537571
67898: 0.537578
67899: 0.53757
67900: 0.537577
67901: 0.537569
67902: 0.537561
67903: 0.537553
67904: 0.53756
67905: 0.537552
67906: 0.537544
67907: 0.537536
67908: 0.537543
67909: 0.53755
67910: 0.537557
67911: 0.537563
67912: 0.53757
67913: 0.537577
67914: 0.537584
67915: 0.537576
67916: 0.537583
67917: 0.537575
67918: 0.537582
67919: 0.537588
67920: 0.537595
67921: 0.537587
67922: 0.537579
67923: 0.537586
67924: 0.537578
67925: 0.537585
67926: 0.537592
67927: 0.537599
67928: 0.537591
67929: 0.537598
67930: 0.53759
67931: 0.537582
67932: 0.537574
67933: 0.537566
67934: 0.537573
67935: 0.537579
67936: 0.537572
67937: 0.537564
67938: 0.53757
67939: 0.537577
67940: 0.537569
67941: 0.537561
67942: 0.537568
67943: 0.537575
67944: 0.537582
67945: 0.537589
67946: 0.537581
67947: 0.537573
67948: 0.537565
67949: 0.537557
67950: 0.537564
67951: 0.537556
67952: 0.537563
67953: 0.537555
67954: 0.537562
67955: 0.537554
67956: 0.537561
67957: 0.537567
67958: 0.537559
67959: 0.537566
67960: 0.537573
67961: 0.53758
67962: 0.537572
67963: 0.537564
67964: 0.537571
67965: 0.537563
67966: 0.537555
67967: 0.537547
67968: 0.537554
67969: 0.537546
67970: 0.537553
67971: 0.537545
67972: 0.537537
67973: 0.537529
67974: 0.537536
67975: 0.537528
67976: 0.53752
67977: 0.537527
67978: 0.537519
67979: 0.537511
67980: 0.537518
67981: 0.53751
67982: 0.537502
67983: 0.537494
67984: 0.537486
67985: 0.537478
67986: 0.53747
67987: 0.537477
67988: 0.537484
67989: 0.537476
67990: 0.537483
67991: 0.53749
67992: 0.537482
67993: 0.537489
67994: 0.537481
67995: 0.537487
67996: 0.53748
67997: 0.537472
67998: 0.537464
67999: 0.537456
68000: 0.537463
68001: 0.537469
68002: 0.537476
68003: 0.537468
68004: 0.53746
68005: 0.537453
68006: 0.537459
68007: 0.537466
68008: 0.537458
68009: 0.537465
68010: 0.537457
68011: 0.537464
68012: 0.537456
68013: 0.537463
68014: 0.53747
68015: 0.537476
68016: 0.537483
68017: 0.537475
68018: 0.537482
68019: 0.537489
68020: 0.537496
68021: 0.537488
68022: 0.53748
68023: 0.537487
68024: 0.537494
68025: 0.5375
68026: 0.537507
68027: 0.537499
68028: 0.537506
68029: 0.537498
68030: 0.53749
68031: 0.537497
68032: 0.537489
68033: 0.537496
68034: 0.537488
68035: 0.53748
68036: 0.537472
68037: 0.537479
68038: 0.537486
68039: 0.537478
68040: 0.53747
68041: 0.537477
68042: 0.537484
68043: 0.537476
68044: 0.537483
68045: 0.537475
68046: 0.537467
68047: 0.537459
68048: 0.537466
68049: 0.537472
68050: 0.537479
68051: 0.537471
68052: 0.537463
68053: 0.537456
68054: 0.537462
68055: 0.537469
68056: 0.537476
68057: 0.537468
68058: 0.53746
68059: 0.537452
68060: 0.537459
68061: 0.537451
68062: 0.537443
68063: 0.537435
68064: 0.537442
68065: 0.537434
68066: 0.537441
68067: 0.537448
68068: 0.53744
68069: 0.537432
68070: 0.537424
68071: 0.537416
68072: 0.537408
68073: 0.537415
68074: 0.537422
68075: 0.537414
68076: 0.537421
68077: 0.537428
68078: 0.53742
68079: 0.537412
68080: 0.537419
68081: 0.537425
68082: 0.537432
68083: 0.537424
68084: 0.537431
68085: 0.537438
68086: 0.537445
68087: 0.537452
68088: 0.537444
68089: 0.537436
68090: 0.537443
68091: 0.537435
68092: 0.537427
68093: 0.537419
68094: 0.537411
68095: 0.537403
68096: 0.53741
68097: 0.537402
68098: 0.537409
68099: 0.537416
68100: 0.537422
68101: 0.537429
68102: 0.537436
68103: 0.537428
68104: 0.53742
68105: 0.537412
68106: 0.537419
68107: 0.537426
68108: 0.537418
68109: 0.537425
68110: 0.537432
68111: 0.537438
68112: 0.53743
68113: 0.537437
68114: 0.537429
68115: 0.537421
68116: 0.537428
68117: 0.53742
68118: 0.537427
68119: 0.537419
68120: 0.537411
68121: 0.537403
68122: 0.537396
68123: 0.537388
68124: 0.53738
68125: 0.537387
68126: 0.537379
68127: 0.537371
68128: 0.537363
68129: 0.537355
68130: 0.537347
68131: 0.537339
68132: 0.537346
68133: 0.537353
68134: 0.537345
68135: 0.537352
68136: 0.537359
68137: 0.537351
68138: 0.537357
68139: 0.537364
68140: 0.537356
68141: 0.537348
68142: 0.537341
68143: 0.537347
68144: 0.537354
68145: 0.537346
68146: 0.537338
68147: 0.537345
68148: 0.537352
68149: 0.537359
68150: 0.537366
68151: 0.537358
68152: 0.537364
68153: 0.537371
68154: 0.537378
68155: 0.53737
68156: 0.537377
68157: 0.537384
68158: 0.537391
68159: 0.537397
68160: 0.537404
68161: 0.537411
68162: 0.537418
68163: 0.537424
68164: 0.537417
68165: 0.537423
68166: 0.537415
68167: 0.537408
68168: 0.5374
68169: 0.537406
68170: 0.537413
68171: 0.537405
68172: 0.537412
68173: 0.537419
68174: 0.537426
68175: 0.537433
68176: 0.537425
68177: 0.537431
68178: 0.537424
68179: 0.53743
68180: 0.537437
68181: 0.537444
68182: 0.537436
68183: 0.537443
68184: 0.53745
68185: 0.537442
68186: 0.537448
68187: 0.537455
68188: 0.537447
68189: 0.53744
68190: 0.537432
68191: 0.537424
68192: 0.537416
68193: 0.537408
68194: 0.5374
68195: 0.537407
68196: 0.537414
68197: 0.53742
68198: 0.537427
68199: 0.537419
68200: 0.537411
68201: 0.537418
68202: 0.537425
68203: 0.537417
68204: 0.537409
68205: 0.537416
68206: 0.537423
68207: 0.537415
68208: 0.537422
68209: 0.537414
68210: 0.537421
68211: 0.537427
68212: 0.537434
68213: 0.537441
68214: 0.537448
68215: 0.537455
68216: 0.537461
68217: 0.537453
68218: 0.53746
68219: 0.537452
68220: 0.537444
68221: 0.537451
68222: 0.537458
68223: 0.53745
68224: 0.537457
68225: 0.537464
68226: 0.537456
68227: 0.537448
68228: 0.53744
68229: 0.537447
68230: 0.537454
68231: 0.537446
68232: 0.537438
68233: 0.537445
68234: 0.537451
68235: 0.537458
68236: 0.537465
68237: 0.537472
68238: 0.537464
68239: 0.537456
68240: 0.537463
68241: 0.53747
68242: 0.537462
68243: 0.537454
68244: 0.537461
68245: 0.537453
68246: 0.537445
68247: 0.537437
68248: 0.537444
68249: 0.537436
68250: 0.537428
68251: 0.537435
68252: 0.537442
68253: 0.537448
68254: 0.537455
68255: 0.537447
68256: 0.537439
68257: 0.537432
68258: 0.537424
68259: 0.537416
68260: 0.537423
68261: 0.537429
68262: 0.537436
68263: 0.537428
68264: 0.53742
68265: 0.537427
68266: 0.537419
68267: 0.537426
68268: 0.537418
68269: 0.53741
68270: 0.537402
68271: 0.537395
68272: 0.537387
68273: 0.537379
68274: 0.537386
68275: 0.537392
68276: 0.537399
68277: 0.537406
68278: 0.537413
68279: 0.537419
68280: 0.537426
68281: 0.537418
68282: 0.537425
68283: 0.537417
68284: 0.537409
68285: 0.537402
68286: 0.537394
68287: 0.5374
68288: 0.537407
68289: 0.537399
68290: 0.537406
68291: 0.537413
68292: 0.53742
68293: 0.537412
68294: 0.537404
68295: 0.537396
68296: 0.537403
68297: 0.537395
68298: 0.537402
68299: 0.537394
68300: 0.537401
68301: 0.537407
68302: 0.5374
68303: 0.537392
68304: 0.537384
68305: 0.537391
68306: 0.537383
68307: 0.537375
68308: 0.537382
68309: 0.537388
68310: 0.537381
68311: 0.537387
68312: 0.537379
68313: 0.537372
68314: 0.537364
68315: 0.53737
68316: 0.537377
68317: 0.537369
68318: 0.537376
68319: 0.537368
68320: 0.53736
68321: 0.537367
68322: 0.537359
68323: 0.537351
68324: 0.537344
68325: 0.537336
68326: 0.537328
68327: 0.53732
68328: 0.537327
68329: 0.537319
68330: 0.537311
68331: 0.537303
68332: 0.53731
68333: 0.537302
68334: 0.537309
68335: 0.537301
68336: 0.537293
68337: 0.5373
68338: 0.537292
68339: 0.537299
68340: 0.537306
68341: 0.537312
68342: 0.537304
68343: 0.537297
68344: 0.537289
68345: 0.537281
68346: 0.537288
68347: 0.53728
68348: 0.537272
68349: 0.537264
68350: 0.537271
68351: 0.537278
68352: 0.53727
68353: 0.537262
68354: 0.537269
68355: 0.537261
68356: 0.537253
68357: 0.53726
68358: 0.537252
68359: 0.537259
68360: 0.537265
68361: 0.537258
68362: 0.53725
68363: 0.537242
68364: 0.537234
68365: 0.537241
68366: 0.537248
68367: 0.537254
68368: 0.537261
68369: 0.537253
68370: 0.53726
68371: 0.537252
68372: 0.537244
68373: 0.537251
68374: 0.537243
68375: 0.537235
68376: 0.537227
68377: 0.537234
68378: 0.537241
68379: 0.537233
68380: 0.53724
68381: 0.537247
68382: 0.537253
68383: 0.53726
68384: 0.537252
68385: 0.537259
68386: 0.537251
68387: 0.537258
68388: 0.537265
68389: 0.537272
68390: 0.537264
68391: 0.537256
68392: 0.537248
68393: 0.537255
68394: 0.537261
68395: 0.537254
68396: 0.537246
68397: 0.537238
68398: 0.53723
68399: 0.537237
68400: 0.537244
68401: 0.537236
68402: 0.537243
68403: 0.537235
68404: 0.537227
68405: 0.537234
68406: 0.53724
68407: 0.537247
68408: 0.537239
68409: 0.537231
68410: 0.537224
68411: 0.537216
68412: 0.537208
68413: 0.5372
68414: 0.537192
68415: 0.537199
68416: 0.537206
68417: 0.537198
68418: 0.537205
68419: 0.537211
68420: 0.537218
68421: 0.53721
68422: 0.537202
68423: 0.537195
68424: 0.537201
68425: 0.537208
68426: 0.5372
68427: 0.537207
68428: 0.537214
68429: 0.537206
68430: 0.537198
68431: 0.537205
68432: 0.537212
68433: 0.537204
68434: 0.53721
68435: 0.537217
68436: 0.537224
68437: 0.537231
68438: 0.537238
68439: 0.537244
68440: 0.537251
68441: 0.537243
68442: 0.537235
68443: 0.537242
68444: 0.537249
68445: 0.537256
68446: 0.537262
68447: 0.537269
68448: 0.537276
68449: 0.537268
68450: 0.53726
68451: 0.537252
68452: 0.537245
68453: 0.537237
68454: 0.537229
68455: 0.537221
68456: 0.537228
68457: 0.53722
68458: 0.537227
68459: 0.537233
68460: 0.537226
68461: 0.537218
68462: 0.53721
68463: 0.537202
68464: 0.537194
68465: 0.537186
68466: 0.537193
68467: 0.537185
68468: 0.537177
68469: 0.537184
68470: 0.537191
68471: 0.537198
68472: 0.53719
68473: 0.537197
68474: 0.537203
68475: 0.53721
68476: 0.537202
68477: 0.537194
68478: 0.537187
68479: 0.537179
68480: 0.537185
68481: 0.537192
68482: 0.537199
68483: 0.537206
68484: 0.537198
68485: 0.537205
68486: 0.537197
68487: 0.537189
68488: 0.537196
68489: 0.537203
68490: 0.537209
68491: 0.537201
68492: 0.537208
68493: 0.5372
68494: 0.537207
68495: 0.537214
68496: 0.537221
68497: 0.537213
68498: 0.537205
68499: 0.537212
68500: 0.537218
68501: 0.537211
68502: 0.537217
68503: 0.537224
68504: 0.537231
68505: 0.537223
68506: 0.53723
68507: 0.537237
68508: 0.537229
68509: 0.537221
68510: 0.537228
68511: 0.537234
68512: 0.537241
68513: 0.537233
68514: 0.53724
68515: 0.537247
68516: 0.537239
68517: 0.537231
68518: 0.537223
68519: 0.537215
68520: 0.537208
68521: 0.537214
68522: 0.537221
68523: 0.537213
68524: 0.537205
68525: 0.537212
68526: 0.537204
68527: 0.537196
68528: 0.537189
68529: 0.537181
68530: 0.537173
68531: 0.53718
68532: 0.537186
68533: 0.537179
68534: 0.537171
68535: 0.537178
68536: 0.53717
68537: 0.537162
68538: 0.537154
68539: 0.537161
68540: 0.537168
68541: 0.53716
68542: 0.537152
68543: 0.537144
68544: 0.537151
68545: 0.537158
68546: 0.53715
68547: 0.537156
68548: 0.537163
68549: 0.537155
68550: 0.537162
68551: 0.537169
68552: 0.537176
68553: 0.537182
68554: 0.537175
68555: 0.537167
68556: 0.537159
68557: 0.537166
68558: 0.537158
68559: 0.53715
68560: 0.537142
68561: 0.537149
68562: 0.537156
68563: 0.537162
68564: 0.537169
68565: 0.537176
68566: 0.537183
68567: 0.537175
68568: 0.537182
68569: 0.537174
68570: 0.53718
68571: 0.537187
68572: 0.537179
68573: 0.537186
68574: 0.537193
68575: 0.537185
68576: 0.537192
68577: 0.537199
68578: 0.537205
68579: 0.537212
68580: 0.537219
68581: 0.537211
68582: 0.537218
68583: 0.53721
68584: 0.537217
68585: 0.537223
68586: 0.537216
68587: 0.537208
68588: 0.537214
68589: 0.537221
68590: 0.537213
68591: 0.537206
68592: 0.537212
68593: 0.537219
68594: 0.537226
68595: 0.537232
68596: 0.537239
68597: 0.537231
68598: 0.537224
68599: 0.537216
68600: 0.537222
68601: 0.537229
68602: 0.537221
68603: 0.537214
68604: 0.537206
68605: 0.537212
68606: 0.537205
68607: 0.537211
68608: 0.537204
68609: 0.53721
68610: 0.537202
68611: 0.537209
68612: 0.537216
68613: 0.537208
68614: 0.5372
68615: 0.537207
68616: 0.537214
68617: 0.537221
68618: 0.537213
68619: 0.537219
68620: 0.537226
68621: 0.537218
68622: 0.537211
68623: 0.537217
68624: 0.537209
68625: 0.537202
68626: 0.537194
68627: 0.537186
68628: 0.537193
68629: 0.537199
68630: 0.537206
68631: 0.537213
68632: 0.537205
68633: 0.537197
68634: 0.537204
68635: 0.537196
68636: 0.537188
68637: 0.537181
68638: 0.537187
68639: 0.537194
68640: 0.537201
68641: 0.537208
68642: 0.537214
68643: 0.537221
68644: 0.537228
68645: 0.537235
68646: 0.537227
68647: 0.537233
68648: 0.53724
68649: 0.537247
68650: 0.537239
68651: 0.537231
68652: 0.537238
68653: 0.537245
68654: 0.537251
68655: 0.537244
68656: 0.53725
68657: 0.537257
68658: 0.537249
68659: 0.537256
68660: 0.537263
68661: 0.537255
68662: 0.537262
68663: 0.537254
68664: 0.537246
68665: 0.537238
68666: 0.537245
68667: 0.537237
68668: 0.537244
68669: 0.537236
68670: 0.537243
68671: 0.537235
68672: 0.537242
68673: 0.537248
68674: 0.537255
68675: 0.537262
68676: 0.537254
68677: 0.537261
68678: 0.537268
68679: 0.537274
68680: 0.537281
68681: 0.537288
68682: 0.53728
68683: 0.537272
68684: 0.537264
68685: 0.537271
68686: 0.537278
68687: 0.53727
68688: 0.537262
68689: 0.537254
68690: 0.537247
68691: 0.537239
68692: 0.537231
68693: 0.537238
68694: 0.537244
68695: 0.537251
68696: 0.537243
68697: 0.53725
68698: 0.537257
68699: 0.537263
68700: 0.537256
68701: 0.537248
68702: 0.537255
68703: 0.537261
68704: 0.537253
68705: 0.537246
68706: 0.537252
68707: 0.537245
68708: 0.537237
68709: 0.537229
68710: 0.537236
68711: 0.537242
68712: 0.537235
68713: 0.537227
68714: 0.537219
68715: 0.537211
68716: 0.537218
68717: 0.537225
68718: 0.537231
68719: 0.537224
68720: 0.537216
68721: 0.537222
68722: 0.537215
68723: 0.537221
68724: 0.537228
68725: 0.53722
68726: 0.537227
68727: 0.537234
68728: 0.53724
68729: 0.537247
68730: 0.537239
68731: 0.537232
68732: 0.537224
68733: 0.537216
68734: 0.537208
68735: 0.537215
68736: 0.537222
68737: 0.537214
68738: 0.537221
68739: 0.537227
68740: 0.537234
68741: 0.537241
68742: 0.537233
68743: 0.537225
68744: 0.537232
68745: 0.537239
68746: 0.537245
68747: 0.537252
68748: 0.537259
68749: 0.537265
68750: 0.537272
68751: 0.537279
68752: 0.537271
68753: 0.537263
68754: 0.53727
68755: 0.537277
68756: 0.537283
68757: 0.53729
68758: 0.537297
68759: 0.537304
68760: 0.537296
68761: 0.537288
68762: 0.537295
68763: 0.537301
68764: 0.537308
68765: 0.537315
68766: 0.537307
68767: 0.537314
68768: 0.537321
68769: 0.537327
68770: 0.53732
68771: 0.537326
68772: 0.537318
68773: 0.537311
68774: 0.537317
68775: 0.53731
68776: 0.537316
68777: 0.537323
68778: 0.53733
68779: 0.537322
68780: 0.537329
68781: 0.537335
68782: 0.537328
68783: 0.53732
68784: 0.537312
68785: 0.537319
68786: 0.537325
68787: 0.537318
68788: 0.53731
68789: 0.537316
68790: 0.537309
68791: 0.537301
68792: 0.537293
68793: 0.5373
68794: 0.537306
68795: 0.537299
68796: 0.537305
68797: 0.537312
68798: 0.537319
68799: 0.537311
68800: 0.537318
68801: 0.537324
68802: 0.537331
68803: 0.537323
68804: 0.537316
68805: 0.537322
68806: 0.537315
68807: 0.537321
68808: 0.537313
68809: 0.537306
68810: 0.537298
68811: 0.53729
68812: 0.537282
68813: 0.537289
68814: 0.537281
68815: 0.537288
68816: 0.53728
68817: 0.537272
68818: 0.537279
68819: 0.537286
68820: 0.537292
68821: 0.537299
68822: 0.537306
68823: 0.537313
68824: 0.537305
68825: 0.537311
68826: 0.537318
68827: 0.537325
68828: 0.537332
68829: 0.537338
68830: 0.537345
68831: 0.537337
68832: 0.537329
68833: 0.537322
68834: 0.537314
68835: 0.537306
68836: 0.537298
68837: 0.53729
68838: 0.537283
68839: 0.537275
68840: 0.537267
68841: 0.537259
68842: 0.537251
68843: 0.537244
68844: 0.537236
68845: 0.537243
68846: 0.537235
68847: 0.537227
68848: 0.537234
68849: 0.53724
68850: 0.537247
68851: 0.537254
68852: 0.537261
68853: 0.537253
68854: 0.537259
68855: 0.537266
68856: 0.537258
68857: 0.537251
68858: 0.537243
68859: 0.537249
68860: 0.537242
68861: 0.537248
68862: 0.537255
68863: 0.537247
68864: 0.53724
68865: 0.537232
68866: 0.537238
68867: 0.537231
68868: 0.537237
68869: 0.537244
68870: 0.537236
68871: 0.537243
68872: 0.53725
68873: 0.537256
68874: 0.537249
68875: 0.537241
68876: 0.537233
68877: 0.537225
68878: 0.537232
68879: 0.537224
68880: 0.537231
68881: 0.537223
68882: 0.537215
68883: 0.537222
68884: 0.537229
68885: 0.537235
68886: 0.537228
68887: 0.53722
68888: 0.537212
68889: 0.537219
68890: 0.537211
68891: 0.537203
68892: 0.53721
68893: 0.537202
68894: 0.537194
68895: 0.537186
68896: 0.537179
68897: 0.537185
68898: 0.537192
68899: 0.537184
68900: 0.537191
68901: 0.537198
68902: 0.537204
68903: 0.537211
68904: 0.537218
68905: 0.537225
68906: 0.537231
68907: 0.537238
68908: 0.53723
68909: 0.537237
68910: 0.537244
68911: 0.537236
68912: 0.537228
68913: 0.53722
68914: 0.537227
68915: 0.537234
68916: 0.537226
68917: 0.537233
68918: 0.537239
68919: 0.537246
68920: 0.537238
68921: 0.537245
68922: 0.537252
68923: 0.537244
68924: 0.537236
68925: 0.537228
68926: 0.537235
68927: 0.537242
68928: 0.537234
68929: 0.537226
68930: 0.537218
68931: 0.537211
68932: 0.537217
68933: 0.537224
68934: 0.537216
68935: 0.537223
68936: 0.53723
68937: 0.537222
68938: 0.537214
68939: 0.537206
68940: 0.537198
68941: 0.537205
68942: 0.537197
68943: 0.537204
68944: 0.537196
68945: 0.537203
68946: 0.537195
68947: 0.537187
68948: 0.53718
68949: 0.537186
68950: 0.537179
68951: 0.537185
68952: 0.537177
68953: 0.53717
68954: 0.537176
68955: 0.537183
68956: 0.537175
68957: 0.537168
68958: 0.53716
68959: 0.537166
68960: 0.537159
68961: 0.537165
68962: 0.537172
68963: 0.537179
68964: 0.537171
68965: 0.537178
68966: 0.537184
68967: 0.537177
68968: 0.537169
68969: 0.537176
68970: 0.537182
68971: 0.537189
68972: 0.537196
68973: 0.537202
68974: 0.537209
68975: 0.537216
68976: 0.537223
68977: 0.537229
68978: 0.537236
68979: 0.537243
68980: 0.537249
68981: 0.537256
68982: 0.537263
68983: 0.53727
68984: 0.537276
68985: 0.537268
68986: 0.537275
68987: 0.537282
68988: 0.537289
68989: 0.537295
68990: 0.537302
68991: 0.537309
68992: 0.537315
68993: 0.537308
68994: 0.537314
68995: 0.537321
68996: 0.537328
68997: 0.537334
68998: 0.537327
68999: 0.537333
69000: 0.53734
69001: 0.537332
69002: 0.537339
69003: 0.537331
69004: 0.537338
69005: 0.53733
69006: 0.537337
69007: 0.537329
69008: 0.537321
69009: 0.537313
69010: 0.53732
69011: 0.537312
69012: 0.537305
69013: 0.537311
69014: 0.537318
69015: 0.53731
69016: 0.537302
69017: 0.537295
69018: 0.537287
69019: 0.537294
69020: 0.537286
69021: 0.537278
69022: 0.53727
69023: 0.537277
69024: 0.537284
69025: 0.537276
69026: 0.537268
69027: 0.53726
69028: 0.537252
69029: 0.537245
69030: 0.537237
69031: 0.537229
69032: 0.537221
69033: 0.537228
69034: 0.53722
69035: 0.537227
69036: 0.537234
69037: 0.537226
69038: 0.537218
69039: 0.537225
69040: 0.537232
69041: 0.537224
69042: 0.537216
69043: 0.537223
69044: 0.537215
69045: 0.537207
69046: 0.537199
69047: 0.537192
69048: 0.537198
69049: 0.53719
69050: 0.537183
69051: 0.537175
69052: 0.537182
69053: 0.537188
69054: 0.537195
69055: 0.537187
69056: 0.537194
69057: 0.537201
69058: 0.537193
69059: 0.5372
69060: 0.537206
69061: 0.537213
69062: 0.53722
69063: 0.537212
69064: 0.537219
69065: 0.537225
69066: 0.537232
69067: 0.537224
69068: 0.537231
69069: 0.537223
69070: 0.53723
69071: 0.537222
69072: 0.537214
69073: 0.537206
69074: 0.537213
69075: 0.537205
69076: 0.537212
69077: 0.537219
69078: 0.537225
69079: 0.537232
69080: 0.537239
69081: 0.537231
69082: 0.537238
69083: 0.537245
69084: 0.537251
69085: 0.537243
69086: 0.53725
69087: 0.537242
69088: 0.537249
69089: 0.537241
69090: 0.537234
69091: 0.53724
69092: 0.537232
69093: 0.537225
69094: 0.537231
69095: 0.537224
69096: 0.53723
69097: 0.537222
69098: 0.537215
69099: 0.537207
69100: 0.537214
69101: 0.537206
69102: 0.537198
69103: 0.537205
69104: 0.537197
69105: 0.537189
69106: 0.537181
69107: 0.537174
69108: 0.53718
69109: 0.537173
69110: 0.537179
69111: 0.537172
69112: 0.537164
69113: 0.53717
69114: 0.537177
69115: 0.537169
69116: 0.537176
69117: 0.537183
69118: 0.537175
69119: 0.537182
69120: 0.537188
69121: 0.537181
69122: 0.537173
69123: 0.53718
69124: 0.537186
69125: 0.537193
69126: 0.5372
69127: 0.537192
69128: 0.537184
69129: 0.537191
69130: 0.537183
69131: 0.53719
69132: 0.537182
69133: 0.537189
69134: 0.537195
69135: 0.537202
69136: 0.537194
69137: 0.537186
69138: 0.537193
69139: 0.5372
69140: 0.537207
69141: 0.537199
69142: 0.537191
69143: 0.537198
69144: 0.53719
69145: 0.537182
69146: 0.537189
69147: 0.537181
69148: 0.537188
69149: 0.537195
69150: 0.537201
69151: 0.537208
69152: 0.537215
69153: 0.537207
69154: 0.537214
69155: 0.537206
69156: 0.537212
69157: 0.537205
69158: 0.537211
69159: 0.537218
69160: 0.537225
69161: 0.537231
69162: 0.537238
69163: 0.53723
69164: 0.537223
69165: 0.537215
69166: 0.537207
69167: 0.537199
69168: 0.537192
69169: 0.537198
69170: 0.53719
69171: 0.537197
69172: 0.537189
69173: 0.537182
69174: 0.537174
69175: 0.537181
69176: 0.537173
69177: 0.537179
69178: 0.537172
69179: 0.537178
69180: 0.537185
69181: 0.537177
69182: 0.537184
69183: 0.537176
69184: 0.537168
69185: 0.537161
69186: 0.537153
69187: 0.537145
69188: 0.537137
69189: 0.53713
69190: 0.537122
69191: 0.537114
69192: 0.537106
69193: 0.537113
69194: 0.53712
69195: 0.537112
69196: 0.537104
69197: 0.537111
69198: 0.537118
69199: 0.53711
69200: 0.537102
69201: 0.537094
69202: 0.537087
69203: 0.537079
69204: 0.537071
69205: 0.537063
69206: 0.537056
69207: 0.537062
69208: 0.537069
69209: 0.537076
69210: 0.537068
69211: 0.537074
69212: 0.537067
69213: 0.537073
69214: 0.53708
69215: 0.537072
69216: 0.537079
69217: 0.537086
69218: 0.537078
69219: 0.53707
69220: 0.537062
69221: 0.537055
69222: 0.537047
69223: 0.537054
69224: 0.53706
69225: 0.537053
69226: 0.537045
69227: 0.537051
69228: 0.537044
69229: 0.537036
69230: 0.537043
69231: 0.537049
69232: 0.537042
69233: 0.537034
69234: 0.537041
69235: 0.537047
69236: 0.537054
69237: 0.537046
69238: 0.537038
69239: 0.537031
69240: 0.537023
69241: 0.53703
69242: 0.537036
69243: 0.537043
69244: 0.537035
69245: 0.537027
69246: 0.53702
69247: 0.537026
69248: 0.537033
69249: 0.53704
69250: 0.537032
69251: 0.537039
69252: 0.537045
69253: 0.537038
69254: 0.53703
69255: 0.537022
69256: 0.537029
69257: 0.537021
69258: 0.537028
69259: 0.53702
69260: 0.537027
69261: 0.537033
69262: 0.53704
69263: 0.537032
69264: 0.537024
69265: 0.537017
69266: 0.537009
69267: 0.537016
69268: 0.537008
69269: 0.537
69270: 0.536992
69271: 0.536999
69272: 0.536991
69273: 0.536998
69274: 0.53699
69275: 0.536983
69276: 0.536975
69277: 0.536981
69278: 0.536974
69279: 0.536966
69280: 0.536973
69281: 0.536965
69282: 0.536957
69283: 0.536964
69284: 0.536956
69285: 0.536948
69286: 0.536941
69287: 0.536933
69288: 0.536925
69289: 0.536917
69290: 0.536924
69291: 0.536931
69292: 0.536937
69293: 0.536944
69294: 0.536951
69295: 0.536957
69296: 0.53695
69297: 0.536956
69298: 0.536949
69299: 0.536941
69300: 0.536933
69301: 0.536925
69302: 0.536932
69303: 0.536939
69304: 0.536945
69305: 0.536952
69306: 0.536944
69307: 0.536937
69308: 0.536929
69309: 0.536936
69310: 0.536942
69311: 0.536934
69312: 0.536941
69313: 0.536933
69314: 0.53694
69315: 0.536932
69316: 0.536939
69317: 0.536931
69318: 0.536938
69319: 0.53693
69320: 0.536922
69321: 0.536915
69322: 0.536907
69323: 0.536914
69324: 0.536906
69325: 0.536898
69326: 0.53689
69327: 0.536883
69328: 0.536889
69329: 0.536896
69330: 0.536903
69331: 0.536909
69332: 0.536916
69333: 0.536908
69334: 0.536915
69335: 0.536907
69336: 0.536914
69337: 0.536921
69338: 0.536927
69339: 0.53692
69340: 0.536912
69341: 0.536918
69342: 0.536925
69343: 0.536917
69344: 0.53691
69345: 0.536902
69346: 0.536909
69347: 0.536915
69348: 0.536922
69349: 0.536914
69350: 0.536921
69351: 0.536913
69352: 0.536905
69353: 0.536912
69354: 0.536904
69355: 0.536911
69356: 0.536918
69357: 0.536924
69358: 0.536917
69359: 0.536923
69360: 0.53693
69361: 0.536922
69362: 0.536929
69363: 0.536921
69364: 0.536913
69365: 0.53692
69366: 0.536912
69367: 0.536919
69368: 0.536926
69369: 0.536918
69370: 0.536925
69371: 0.536917
69372: 0.536924
69373: 0.53693
69374: 0.536923
69375: 0.536929
69376: 0.536936
69377: 0.536943
69378: 0.536935
69379: 0.536941
69380: 0.536948
69381: 0.536955
69382: 0.536962
69383: 0.536968
69384: 0.536975
69385: 0.536982
69386: 0.536974
69387: 0.53698
69388: 0.536987
69389: 0.536994
69390: 0.537
69391: 0.537007
69392: 0.536999
69393: 0.536992
69394: 0.536984
69395: 0.536991
69396: 0.536997
69397: 0.537004
69398: 0.536996
69399: 0.537003
69400: 0.536995
69401: 0.537002
69402: 0.537008
69403: 0.537001
69404: 0.536993
69405: 0.537
69406: 0.537006
69407: 0.537013
69408: 0.53702
69409: 0.537026
69410: 0.537019
69411: 0.537011
69412: 0.537003
69413: 0.53701
69414: 0.537016
69415: 0.537023
69416: 0.53703
69417: 0.537022
69418: 0.537029
69419: 0.537035
69420: 0.537042
69421: 0.537034
69422: 0.537041
69423: 0.537033
69424: 0.53704
69425: 0.537047
69426: 0.537053
69427: 0.53706
69428: 0.537067
69429: 0.537059
69430: 0.537051
69431: 0.537043
69432: 0.53705
69433: 0.537042
69434: 0.537035
69435: 0.537041
69436: 0.537048
69437: 0.53704
69438: 0.537047
69439: 0.537039
69440: 0.537046
69441: 0.537038
69442: 0.53703
69443: 0.537023
69444: 0.537029
69445: 0.537036
69446: 0.537043
69447: 0.537049
69448: 0.537042
69449: 0.537048
69450: 0.537041
69451: 0.537033
69452: 0.537039
69453: 0.537046
69454: 0.537053
69455: 0.537045
69456: 0.537037
69457: 0.53703
69458: 0.537022
69459: 0.537029
69460: 0.537035
69461: 0.537042
69462: 0.537049
69463: 0.537055
69464: 0.537047
69465: 0.537054
69466: 0.537061
69467: 0.537053
69468: 0.53706
69469: 0.537052
69470: 0.537059
69471: 0.537065
69472: 0.537072
69473: 0.537064
69474: 0.537056
69475: 0.537049
69476: 0.537041
69477: 0.537048
69478: 0.53704
69479: 0.537047
69480: 0.537039
69481: 0.537031
69482: 0.537023
69483: 0.53703
69484: 0.537022
69485: 0.537029
69486: 0.537036
69487: 0.537042
69488: 0.537049
69489: 0.537056
69490: 0.537048
69491: 0.53704
69492: 0.537033
69493: 0.537039
69494: 0.537046
69495: 0.537038
69496: 0.53703
69497: 0.537037
69498: 0.537044
69499: 0.537036
69500: 0.537043
69501: 0.537035
69502: 0.537042
69503: 0.537048
69504: 0.537055
69505: 0.537062
69506: 0.537068
69507: 0.537075
69508: 0.537082
69509: 0.537088
69510: 0.53708
69511: 0.537087
69512: 0.537079
69513: 0.537086
69514: 0.537093
69515: 0.537099
69516: 0.537106
69517: 0.537098
69518: 0.537105
69519: 0.537112
69520: 0.537104
69521: 0.537096
69522: 0.537103
69523: 0.537109
69524: 0.537116
69525: 0.537123
69526: 0.537115
69527: 0.537122
69528: 0.537128
69529: 0.537121
69530: 0.537127
69531: 0.537134
69532: 0.537141
69533: 0.537133
69534: 0.53714
69535: 0.537146
69536: 0.537139
69537: 0.537145
69538: 0.537137
69539: 0.53713
69540: 0.537122
69541: 0.537129
69542: 0.537135
69543: 0.537128
69544: 0.53712
69545: 0.537112
69546: 0.537104
69547: 0.537097
69548: 0.537089
69549: 0.537096
69550: 0.537102
69551: 0.537095
69552: 0.537101
69553: 0.537093
69554: 0.5371
69555: 0.537107
69556: 0.537099
69557: 0.537106
69558: 0.537098
69559: 0.537105
69560: 0.537097
69561: 0.537104
69562: 0.53711
69563: 0.537117
69564: 0.537124
69565: 0.53713
69566: 0.537122
69567: 0.537115
69568: 0.537121
69569: 0.537114
69570: 0.537106
69571: 0.537098
69572: 0.537091
69573: 0.537097
69574: 0.537089
69575: 0.537096
69576: 0.537088
69577: 0.537081
69578: 0.537087
69579: 0.537094
69580: 0.537086
69581: 0.537093
69582: 0.5371
69583: 0.537092
69584: 0.537099
69585: 0.537091
69586: 0.537097
69587: 0.537104
69588: 0.537111
69589: 0.537103
69590: 0.53711
69591: 0.537116
69592: 0.537109
69593: 0.537115
69594: 0.537122
69595: 0.537129
69596: 0.537135
69597: 0.537142
69598: 0.537149
69599: 0.537141
69600: 0.537133
69601: 0.537125
69602: 0.537132
69603: 0.537124
69604: 0.537131
69605: 0.537123
69606: 0.537116
69607: 0.537108
69608: 0.5371
69609: 0.537092
69610: 0.537085
69611: 0.537091
69612: 0.537098
69613: 0.537105
69614: 0.537111
69615: 0.537118
69616: 0.537125
69617: 0.537131
69618: 0.537123
69619: 0.537116
69620: 0.537108
69621: 0.537115
69622: 0.537107
69623: 0.537114
69624: 0.537106
69625: 0.537113
69626: 0.537119
69627: 0.537126
69628: 0.537118
69629: 0.537125
69630: 0.537131
69631: 0.537138
69632: 0.537145
69633: 0.537137
69634: 0.537144
69635: 0.53715
69636: 0.537157
69637: 0.537164
69638: 0.537156
69639: 0.537148
69640: 0.537155
69641: 0.537161
69642: 0.537168
69643: 0.537175
69644: 0.537181
69645: 0.537174
69646: 0.53718
69647: 0.537187
69648: 0.537194
69649: 0.537186
69650: 0.537193
69651: 0.537199
69652: 0.537192
69653: 0.537198
69654: 0.53719
69655: 0.537183
69656: 0.537189
69657: 0.537196
69658: 0.537203
69659: 0.537209
69660: 0.537202
69661: 0.537194
69662: 0.537201
69663: 0.537207
69664: 0.537214
69665: 0.53722
69666: 0.537227
69667: 0.537234
69668: 0.537226
69669: 0.537218
69670: 0.537225
69671: 0.537217
69672: 0.53721
69673: 0.537216
69674: 0.537208
69675: 0.537201
69676: 0.537207
69677: 0.5372
69678: 0.537192
69679: 0.537199
69680: 0.537191
69681: 0.537198
69682: 0.53719
69683: 0.537182
69684: 0.537189
69685: 0.537195
69686: 0.537188
69687: 0.53718
69688: 0.537172
69689: 0.537179
69690: 0.537171
69691: 0.537178
69692: 0.537185
69693: 0.537177
69694: 0.537183
69695: 0.537176
69696: 0.537182
69697: 0.537175
69698: 0.537181
69699: 0.537174
69700: 0.53718
69701: 0.537173
69702: 0.537179
69703: 0.537186
69704: 0.537192
69705: 0.537185
69706: 0.537177
69707: 0.537169
69708: 0.537176
69709: 0.537183
69710: 0.537189
69711: 0.537196
69712: 0.537203
69713: 0.537195
69714: 0.537187
69715: 0.537179
69716: 0.537172
69717: 0.537164
69718: 0.537171
69719: 0.537163
69720: 0.537155
69721: 0.537148
69722: 0.537154
69723: 0.537161
69724: 0.537167
69725: 0.53716
69726: 0.537166
69727: 0.537159
69728: 0.537151
69729: 0.537143
69730: 0.53715
69731: 0.537142
69732: 0.537134
69733: 0.537127
69734: 0.537119
69735: 0.537126
69736: 0.537132
69737: 0.537139
69738: 0.537146
69739: 0.537138
69740: 0.53713
69741: 0.537123
69742: 0.537115
69743: 0.537121
69744: 0.537114
69745: 0.537106
69746: 0.537098
69747: 0.537091
69748: 0.537097
69749: 0.53709
69750: 0.537082
69751: 0.537089
69752: 0.537095
69753: 0.537102
69754: 0.537108
69755: 0.537115
69756: 0.537122
69757: 0.537128
69758: 0.537135
69759: 0.537142
69760: 0.537148
69761: 0.537141
69762: 0.537133
69763: 0.537125
69764: 0.537117
69765: 0.53711
69766: 0.537102
69767: 0.537094
69768: 0.537101
69769: 0.537108
69770: 0.537114
69771: 0.537107
69772: 0.537099
69773: 0.537091
69774: 0.537098
69775: 0.537104
69776: 0.537097
69777: 0.537103
69778: 0.53711
69779: 0.537117
69780: 0.537109
69781: 0.537101
69782: 0.537094
69783: 0.537086
69784: 0.537092
69785: 0.537099
69786: 0.537091
69787: 0.537084
69788: 0.537076
69789: 0.537083
69790: 0.537089
69791: 0.537082
69792: 0.537088
69793: 0.537095
69794: 0.537102
69795: 0.537094
69796: 0.537086
69797: 0.537078
69798: 0.537071
69799: 0.537063
69800: 0.537055
69801: 0.537048
69802: 0.53704
69803: 0.537032
69804: 0.537039
69805: 0.537031
69806: 0.537024
69807: 0.537016
69808: 0.537008
69809: 0.537015
69810: 0.537021
69811: 0.537028
69812: 0.537035
69813: 0.537041
69814: 0.537034
69815: 0.53704
69816: 0.537033
69817: 0.537039
69818: 0.537046
69819: 0.537052
69820: 0.537045
69821: 0.537051
69822: 0.537058
69823: 0.537065
69824: 0.537057
69825: 0.537049
69826: 0.537056
69827: 0.537048
69828: 0.53704
69829: 0.537047
69830: 0.537054
69831: 0.537046
69832: 0.537038
69833: 0.537031
69834: 0.537037
69835: 0.537044
69836: 0.537051
69837: 0.537043
69838: 0.537035
69839: 0.537027
69840: 0.537034
69841: 0.537026
69842: 0.537033
69843: 0.537025
69844: 0.537032
69845: 0.537039
69846: 0.537045
69847: 0.537052
69848: 0.537044
69849: 0.537051
69850: 0.537057
69851: 0.53705
69852: 0.537042
69853: 0.537034
69854: 0.537027
69855: 0.537033
69856: 0.537026
69857: 0.537018
69858: 0.53701
69859: 0.537017
69860: 0.537024
69861: 0.53703
69862: 0.537037
69863: 0.537043
69864: 0.537036
69865: 0.537028
69866: 0.53702
69867: 0.537013
69868: 0.537005
69869: 0.536997
69870: 0.53699
69871: 0.536996
69872: 0.536989
69873: 0.536995
69874: 0.537002
69875: 0.537008
69876: 0.537015
69877: 0.537022
69878: 0.537014
69879: 0.537006
69880: 0.536999
69881: 0.536991
69882: 0.536998
69883: 0.53699
69884: 0.536982
69885: 0.536975
69886: 0.536967
69887: 0.536959
69888: 0.536951
69889: 0.536958
69890: 0.53695
69891: 0.536943
69892: 0.536935
69893: 0.536942
69894: 0.536948
69895: 0.536955
69896: 0.536947
69897: 0.53694
69898: 0.536946
69899: 0.536938
69900: 0.536945
69901: 0.536937
69902: 0.53693
69903: 0.536936
69904: 0.536943
69905: 0.536935
69906: 0.536942
69907: 0.536949
69908: 0.536955
69909: 0.536962
69910: 0.536954
69911: 0.536961
69912: 0.536967
69913: 0.53696
69914: 0.536952
69915: 0.536944
69916: 0.536937
69917: 0.536929
69918: 0.536921
69919: 0.536928
69920: 0.53692
69921: 0.536927
69922: 0.536933
69923: 0.536926
69924: 0.536932
69925: 0.536939
69926: 0.536931
69927: 0.536924
69928: 0.536916
69929: 0.536923
69930: 0.536929
69931: 0.536936
69932: 0.536928
69933: 0.536935
69934: 0.536941
69935: 0.536934
69936: 0.53694
69937: 0.536947
69938: 0.536939
69939: 0.536946
69940: 0.536953
69941: 0.536959
69942: 0.536966
69943: 0.536972
69944: 0.536979
69945: 0.536986
69946: 0.536992
69947: 0.536999
69948: 0.537006
69949: 0.536998
69950: 0.537004
69951: 0.536997
69952: 0.536989
69953: 0.536996
69954: 0.536988
69955: 0.53698
69956: 0.536973
69957: 0.536965
69958: 0.536972
69959: 0.536978
69960: 0.536985
69961: 0.536992
69962: 0.536984
69963: 0.536976
69964: 0.536968
69965: 0.536975
69966: 0.536967
69967: 0.536974
69968: 0.536981
69969: 0.536987
69970: 0.53698
69971: 0.536986
69972: 0.536993
69973: 0.536999
69974: 0.536992
69975: 0.536984
69976: 0.536976
69977: 0.536983
69978: 0.536975
69979: 0.536982
69980: 0.536989
69981: 0.536981
69982: 0.536973
69983: 0.53698
69984: 0.536986
69985: 0.536993
69986: 0.536985
69987: 0.536978
69988: 0.536984
69989: 0.536991
69990: 0.536998
69991: 0.53699
69992: 0.536982
69993: 0.536989
69994: 0.536995
69995: 0.536988
69996: 0.536994
69997: 0.537001
69998: 0.537008
69999: 0.537014
70000: 0.537021
70001: 0.537013
70002: 0.53702
70003: 0.537026
70004: 0.537033
70005: 0.537025
70006: 0.537032
70007: 0.537039
70008: 0.537031
70009: 0.537023
70010: 0.537016
70011: 0.537008
70012: 0.537
70013: 0.536993
70014: 0.536985
70015: 0.536977
70016: 0.53697
70017: 0.536976
70018: 0.536983
70019: 0.536975
70020: 0.536967
70021: 0.536974
70022: 0.536966
70023: 0.536973
70024: 0.536965
70025: 0.536972
70026: 0.536964
70027: 0.536971
70028: 0.536963
70029: 0.53697
70030: 0.536976
70031: 0.536983
70032: 0.536975
70033: 0.536968
70034: 0.536974
70035: 0.536967
70036: 0.536973
70037: 0.536966
70038: 0.536958
70039: 0.536965
70040: 0.536957
70041: 0.536949
70042: 0.536956
70043: 0.536962
70044: 0.536955
70045: 0.536947
70046: 0.536939
70047: 0.536932
70048: 0.536938
70049: 0.536945
70050: 0.536952
70051: 0.536958
70052: 0.536951
70053: 0.536943
70054: 0.536935
70055: 0.536928
70056: 0.53692
70057: 0.536912
70058: 0.536905
70059: 0.536911
70060: 0.536904
70061: 0.536896
70062: 0.536903
70063: 0.536895
70064: 0.536887
70065: 0.536894
70066: 0.536886
70067: 0.536878
70068: 0.536871
70069: 0.536863
70070: 0.536855
70071: 0.536848
70072: 0.536854
70073: 0.536861
70074: 0.536868
70075: 0.536874
70076: 0.536867
70077: 0.536873
70078: 0.53688
70079: 0.536872
70080: 0.536864
70081: 0.536857
70082: 0.536863
70083: 0.536856
70084: 0.536862
70085: 0.536869
70086: 0.536861
70087: 0.536868
70088: 0.53686
70089: 0.536867
70090: 0.536873
70091: 0.536866
70092: 0.536858
70093: 0.536851
70094: 0.536857
70095: 0.536849
70096: 0.536856
70097: 0.536863
70098: 0.536869
70099: 0.536862
70100: 0.536854
70101: 0.536846
70102: 0.536853
70103: 0.53686
70104: 0.536852
70105: 0.536858
70106: 0.536865
70107: 0.536857
70108: 0.536864
70109: 0.536871
70110: 0.536863
70111: 0.53687
70112: 0.536876
70113: 0.536869
70114: 0.536875
70115: 0.536882
70116: 0.536888
70117: 0.536881
70118: 0.536887
70119: 0.53688
70120: 0.536886
70121: 0.536879
70122: 0.536871
70123: 0.536878
70124: 0.536884
70125: 0.536891
70126: 0.536897
70127: 0.536904
70128: 0.536911
70129: 0.536903
70130: 0.536909
70131: 0.536902
70132: 0.536908
70133: 0.536915
70134: 0.536922
70135: 0.536928
70136: 0.536935
70137: 0.536941
70138: 0.536934
70139: 0.53694
70140: 0.536947
70141: 0.536954
70142: 0.536946
70143: 0.536938
70144: 0.536945
70145: 0.536952
70146: 0.536958
70147: 0.536965
70148: 0.536971
70149: 0.536978
70150: 0.536985
70151: 0.536977
70152: 0.536969
70153: 0.536976
70154: 0.536982
70155: 0.536975
70156: 0.536981
70157: 0.536988
70158: 0.53698
70159: 0.536973
70160: 0.536979
70161: 0.536986
70162: 0.536978
70163: 0.536971
70164: 0.536977
70165: 0.536969
70166: 0.536976
70167: 0.536983
70168: 0.536989
70169: 0.536996
70170: 0.536988
70171: 0.536981
70172: 0.536973
70173: 0.53698
70174: 0.536972
70175: 0.536978
70176: 0.536985
70177: 0.536992
70178: 0.536998
70179: 0.537005
70180: 0.537011
70181: 0.537004
70182: 0.53701
70183: 0.537017
70184: 0.537009
70185: 0.537002
70186: 0.537008
70187: 0.537015
70188: 0.537007
70189: 0.537
70190: 0.537006
70191: 0.536999
70192: 0.536991
70193: 0.536997
70194: 0.537004
70195: 0.537011
70196: 0.537003
70197: 0.53701
70198: 0.537016
70199: 0.537023
70200: 0.537015
70201: 0.537022
70202: 0.537028
70203: 0.537021
70204: 0.537027
70205: 0.537034
70206: 0.537026
70207: 0.537033
70208: 0.537039
70209: 0.537046
70210: 0.537038
70211: 0.537045
70212: 0.537052
70213: 0.537058
70214: 0.53705
70215: 0.537057
70216: 0.537064
70217: 0.537056
70218: 0.537063
70219: 0.537069
70220: 0.537062
70221: 0.537054
70222: 0.537061
70223: 0.537067
70224: 0.537074
70225: 0.53708
70226: 0.537073
70227: 0.537079
70228: 0.537072
70229: 0.537078
70230: 0.537085
70231: 0.537091
70232: 0.537098
70233: 0.53709
70234: 0.537097
70235: 0.537103
70236: 0.537096
70237: 0.537102
70238: 0.537109
70239: 0.537116
70240: 0.537108
70241: 0.537115
70242: 0.537121
70243: 0.537128
70244: 0.537134
70245: 0.537127
70246: 0.537133
70247: 0.53714
70248: 0.537132
70249: 0.537139
70250: 0.537145
70251: 0.537138
70252: 0.53713
70253: 0.537122
70254: 0.537129
70255: 0.537136
70256: 0.537142
70257: 0.537149
70258: 0.537141
70259: 0.537134
70260: 0.537126
70261: 0.537118
70262: 0.537125
70263: 0.537117
70264: 0.53711
70265: 0.537102
70266: 0.537108
70267: 0.537115
70268: 0.537107
70269: 0.5371
70270: 0.537092
70271: 0.537084
70272: 0.537091
70273: 0.537098
70274: 0.53709
70275: 0.537097
70276: 0.537089
70277: 0.537096
70278: 0.537102
70279: 0.537109
70280: 0.537101
70281: 0.537093
70282: 0.537086
70283: 0.537078
70284: 0.53707
70285: 0.537063
70286: 0.537069
70287: 0.537076
70288: 0.537068
70289: 0.537061
70290: 0.537067
70291: 0.537074
70292: 0.537066
70293: 0.537073
70294: 0.537065
70295: 0.537072
70296: 0.537064
70297: 0.537057
70298: 0.537063
70299: 0.53707
70300: 0.537076
70301: 0.537069
70302: 0.537075
70303: 0.537068
70304: 0.537074
70305: 0.537081
70306: 0.537073
70307: 0.537065
70308: 0.537058
70309: 0.53705
70310: 0.537043
70311: 0.537049
70312: 0.537056
70313: 0.537048
70314: 0.53704
70315: 0.537033
70316: 0.537039
70317: 0.537046
70318: 0.537038
70319: 0.537031
70320: 0.537037
70321: 0.53703
70322: 0.537022
70323: 0.537014
70324: 0.537007
70325: 0.537013
70326: 0.53702
70327: 0.537012
70328: 0.537019
70329: 0.537011
70330: 0.537004
70331: 0.536996
70332: 0.536988
70333: 0.536981
70334: 0.536973
70335: 0.53698
70336: 0.536972
70337: 0.536979
70338: 0.536985
70339: 0.536978
70340: 0.53697
70341: 0.536962
70342: 0.536969
70343: 0.536975
70344: 0.536968
70345: 0.536974
70346: 0.536981
70347: 0.536973
70348: 0.536966
70349: 0.536958
70350: 0.53695
70351: 0.536943
70352: 0.536949
70353: 0.536956
70354: 0.536948
70355: 0.536955
70356: 0.536961
70357: 0.536968
70358: 0.53696
70359: 0.536967
70360: 0.536974
70361: 0.53698
70362: 0.536987
70363: 0.536979
70364: 0.536986
70365: 0.536978
70366: 0.536985
70367: 0.536991
70368: 0.536998
70369: 0.53699
70370: 0.536997
70371: 0.537003
70372: 0.53701
70373: 0.537017
70374: 0.537009
70375: 0.537015
70376: 0.537008
70377: 0.537
70378: 0.537007
70379: 0.537013
70380: 0.537006
70381: 0.537012
70382: 0.537005
70383: 0.537011
70384: 0.537004
70385: 0.53701
70386: 0.537003
70387: 0.536995
70388: 0.536987
70389: 0.53698
70390: 0.536986
70391: 0.536979
70392: 0.536971
70393: 0.536978
70394: 0.536984
70395: 0.536991
70396: 0.536997
70397: 0.537004
70398: 0.536996
70399: 0.537003
70400: 0.537009
70401: 0.537016
70402: 0.537023
70403: 0.537015
70404: 0.537022
70405: 0.537028
70406: 0.53702
70407: 0.537027
70408: 0.537019
70409: 0.537026
70410: 0.537018
70411: 0.537011
70412: 0.537003
70413: 0.536995
70414: 0.536988
70415: 0.53698
70416: 0.536987
70417: 0.536979
70418: 0.536986
70419: 0.536992
70420: 0.536999
70421: 0.537005
70422: 0.536998
70423: 0.53699
70424: 0.536983
70425: 0.536975
70426: 0.536982
70427: 0.536974
70428: 0.536981
70429: 0.536987
70430: 0.536979
70431: 0.536972
70432: 0.536964
70433: 0.536957
70434: 0.536963
70435: 0.53697
70436: 0.536976
70437: 0.536969
70438: 0.536961
70439: 0.536953
70440: 0.536946
70441: 0.536938
70442: 0.536945
70443: 0.536951
70444: 0.536958
70445: 0.536964
70446: 0.536971
70447: 0.536978
70448: 0.53697
70449: 0.536962
70450: 0.536969
70451: 0.536976
70452: 0.536982
70453: 0.536974
70454: 0.536967
70455: 0.536959
70456: 0.536966
70457: 0.536958
70458: 0.536965
70459: 0.536971
70460: 0.536978
70461: 0.53697
70462: 0.536963
70463: 0.536969
70464: 0.536962
70465: 0.536968
70466: 0.536975
70467: 0.536981
70468: 0.536988
70469: 0.536994
70470: 0.537001
70471: 0.536993
70472: 0.536986
70473: 0.536992
70474: 0.536999
70475: 0.537006
70476: 0.537012
70477: 0.537019
70478: 0.537025
70479: 0.537018
70480: 0.537024
70481: 0.537031
70482: 0.537023
70483: 0.537015
70484: 0.537022
70485: 0.537029
70486: 0.537021
70487: 0.537028
70488: 0.537034
70489: 0.537027
70490: 0.537019
70491: 0.537025
70492: 0.537018
70493: 0.53701
70494: 0.537017
70495: 0.537009
70496: 0.537002
70497: 0.536994
70498: 0.536986
70499: 0.536979
70500: 0.536985
70501: 0.536978
70502: 0.53697
70503: 0.536977
70504: 0.536983
70505: 0.53699
70506: 0.536982
70507: 0.536975
70508: 0.536981
70509: 0.536988
70510: 0.536994
70511: 0.536987
70512: 0.536993
70513: 0.537
70514: 0.536992
70515: 0.536985
70516: 0.536991
70517: 0.536983
70518: 0.53699
70519: 0.536997
70520: 0.537003
70521: 0.53701
70522: 0.537016
70523: 0.537009
70524: 0.537001
70525: 0.537008
70526: 0.537014
70527: 0.537007
70528: 0.537013
70529: 0.53702
70530: 0.537026
70531: 0.537019
70532: 0.537011
70533: 0.537003
70534: 0.53701
70535: 0.537017
70536: 0.537023
70537: 0.537016
70538: 0.537022
70539: 0.537029
70540: 0.537035
70541: 0.537028
70542: 0.53702
70543: 0.537012
70544: 0.537005
70545: 0.537011
70546: 0.537018
70547: 0.53701
70548: 0.537017
70549: 0.537023
70550: 0.53703
70551: 0.537037
70552: 0.537029
70553: 0.537035
70554: 0.537042
70555: 0.537049
70556: 0.537055
70557: 0.537062
70558: 0.537054
70559: 0.537061
70560: 0.537067
70561: 0.537074
70562: 0.53708
70563: 0.537073
70564: 0.537079
70565: 0.537072
70566: 0.537064
70567: 0.537071
70568: 0.537063
70569: 0.537055
70570: 0.537048
70571: 0.537054
70572: 0.537047
70573: 0.537053
70574: 0.53706
70575: 0.537052
70576: 0.537045
70577: 0.537037
70578: 0.537029
70579: 0.537022
70580: 0.537014
70581: 0.537021
70582: 0.537027
70583: 0.537034
70584: 0.537026
70585: 0.537033
70586: 0.537025
70587: 0.537032
70588: 0.537038
70589: 0.537031
70590: 0.537023
70591: 0.537016
70592: 0.537022
70593: 0.537029
70594: 0.537021
70595: 0.537028
70596: 0.537034
70597: 0.537027
70598: 0.537019
70599: 0.537011
70600: 0.537004
70601: 0.53701
70602: 0.537017
70603: 0.537009
70604: 0.537002
70605: 0.536994
70606: 0.536986
70607: 0.536993
70608: 0.537
70609: 0.537006
70610: 0.537013
70611: 0.537019
70612: 0.537026
70613: 0.537032
70614: 0.537025
70615: 0.537017
70616: 0.537024
70617: 0.53703
70618: 0.537023
70619: 0.537015
70620: 0.537007
70621: 0.537014
70622: 0.537006
70623: 0.536999
70624: 0.537005
70625: 0.537012
70626: 0.537004
70627: 0.536997
70628: 0.536989
70629: 0.536981
70630: 0.536988
70631: 0.53698
70632: 0.536987
70633: 0.536979
70634: 0.536972
70635: 0.536978
70636: 0.536985
70637: 0.536991
70638: 0.536984
70639: 0.536976
70640: 0.536983
70641: 0.536989
70642: 0.536996
70643: 0.536988
70644: 0.536981
70645: 0.536973
70646: 0.53698
70647: 0.536972
70648: 0.536979
70649: 0.536985
70650: 0.536992
70651: 0.536984
70652: 0.536976
70653: 0.536983
70654: 0.536975
70655: 0.536982
70656: 0.536989
70657: 0.536995
70658: 0.536988
70659: 0.536994
70660: 0.537001
70661: 0.536993
70662: 0.537
70663: 0.537006
70664: 0.536999
70665: 0.536991
70666: 0.536983
70667: 0.53699
70668: 0.536982
70669: 0.536975
70670: 0.536981
70671: 0.536988
70672: 0.53698
70673: 0.536987
70674: 0.536979
70675: 0.536972
70676: 0.536978
70677: 0.536985
70678: 0.536991
70679: 0.536984
70680: 0.536976
70681: 0.536983
70682: 0.536989
70683: 0.536996
70684: 0.537002
70685: 0.537009
70686: 0.537015
70687: 0.537008
70688: 0.537
70689: 0.537007
70690: 0.536999
70691: 0.537006
70692: 0.536998
70693: 0.53699
70694: 0.536997
70695: 0.536989
70696: 0.536982
70697: 0.536988
70698: 0.536981
70699: 0.536973
70700: 0.536966
70701: 0.536972
70702: 0.536964
70703: 0.536957
70704: 0.536949
70705: 0.536942
70706: 0.536934
70707: 0.536927
70708: 0.536933
70709: 0.53694
70710: 0.536946
70711: 0.536939
70712: 0.536931
70713: 0.536923
70714: 0.53693
70715: 0.536936
70716: 0.536943
70717: 0.53695
70718: 0.536942
70719: 0.536934
70720: 0.536927
70721: 0.536919
70722: 0.536912
70723: 0.536918
70724: 0.536911
70725: 0.536917
70726: 0.536924
70727: 0.53693
70728: 0.536923
70729: 0.536929
70730: 0.536936
70731: 0.536928
70732: 0.536921
70733: 0.536913
70734: 0.536905
70735: 0.536912
70736: 0.536918
70737: 0.536911
70738: 0.536917
70739: 0.536924
70740: 0.53693
70741: 0.536923
70742: 0.536915
70743: 0.536922
70744: 0.536928
70745: 0.536935
70746: 0.536927
70747: 0.53692
70748: 0.536926
70749: 0.536933
70750: 0.536925
70751: 0.536932
70752: 0.536924
70753: 0.536917
70754: 0.536909
70755: 0.536916
70756: 0.536908
70757: 0.536915
70758: 0.536907
70759: 0.536914
70760: 0.53692
70761: 0.536912
70762: 0.536905
70763: 0.536897
70764: 0.536904
70765: 0.536896
70766: 0.536903
70767: 0.536909
70768: 0.536916
70769: 0.536908
70770: 0.536901
70771: 0.536907
70772: 0.536914
70773: 0.536906
70774: 0.536913
70775: 0.536905
70776: 0.536898
70777: 0.53689
70778: 0.536882
70779: 0.536889
70780: 0.536881
70781: 0.536888
70782: 0.536894
70783: 0.536901
70784: 0.536893
70785: 0.5369
70786: 0.536892
70787: 0.536899
70788: 0.536905
70789: 0.536912
70790: 0.536904
70791: 0.536911
70792: 0.536903
70793: 0.53691
70794: 0.536916
70795: 0.536923
70796: 0.536915
70797: 0.536908
70798: 0.5369
70799: 0.536907
70800: 0.536899
70801: 0.536906
70802: 0.536898
70803: 0.536891
70804: 0.536883
70805: 0.53689
70806: 0.536896
70807: 0.536888
70808: 0.536881
70809: 0.536873
70810: 0.536866
70811: 0.536858
70812: 0.536851
70813: 0.536857
70814: 0.536864
70815: 0.53687
70816: 0.536863
70817: 0.536869
70818: 0.536862
70819: 0.536854
70820: 0.536846
70821: 0.536853
70822: 0.536859
70823: 0.536852
70824: 0.536844
70825: 0.536837
70826: 0.536829
70827: 0.536822
70828: 0.536814
70829: 0.536821
70830: 0.536827
70831: 0.536834
70832: 0.536826
70833: 0.536818
70834: 0.536825
70835: 0.536817
70836: 0.53681
70837: 0.536816
70838: 0.536823
70839: 0.536815
70840: 0.536822
70841: 0.536828
70842: 0.536835
70843: 0.536842
70844: 0.536848
70845: 0.53684
70846: 0.536847
70847: 0.536854
70848: 0.536846
70849: 0.536853
70850: 0.536859
70851: 0.536851
70852: 0.536844
70853: 0.53685
70854: 0.536843
70855: 0.536849
70856: 0.536856
70857: 0.536862
70858: 0.536869
70859: 0.536861
70860: 0.536854
70861: 0.53686
70862: 0.536867
70863: 0.536873
70864: 0.53688
70865: 0.536872
70866: 0.536865
70867: 0.536871
70868: 0.536878
70869: 0.536884
70870: 0.536877
70871: 0.536883
70872: 0.536876
70873: 0.536882
70874: 0.536889
70875: 0.536881
70876: 0.536874
70877: 0.536866
70878: 0.536873
70879: 0.536879
70880: 0.536886
70881: 0.536878
70882: 0.536885
70883: 0.536877
70884: 0.53687
70885: 0.536876
70886: 0.536869
70887: 0.536861
70888: 0.536867
70889: 0.53686
70890: 0.536866
70891: 0.536859
70892: 0.536851
70893: 0.536858
70894: 0.53685
70895: 0.536843
70896: 0.536849
70897: 0.536856
70898: 0.536848
70899: 0.536855
70900: 0.536861
70901: 0.536868
70902: 0.536874
70903: 0.536867
70904: 0.536859
70905: 0.536866
70906: 0.536858
70907: 0.536851
70908: 0.536843
70909: 0.53685
70910: 0.536842
70911: 0.536848
70912: 0.536855
70913: 0.536862
70914: 0.536868
70915: 0.536861
70916: 0.536867
70917: 0.536874
70918: 0.53688
70919: 0.536873
70920: 0.536865
70921: 0.536857
70922: 0.53685
70923: 0.536842
70924: 0.536835
70925: 0.536841
70926: 0.536834
70927: 0.536826
70928: 0.536819
70929: 0.536825
70930: 0.536832
70931: 0.536824
70932: 0.536831
70933: 0.536837
70934: 0.536844
70935: 0.536836
70936: 0.536828
70937: 0.536835
70938: 0.536827
70939: 0.53682
70940: 0.536826
70941: 0.536833
70942: 0.536825
70943: 0.536832
70944: 0.536838
70945: 0.536831
70946: 0.536823
70947: 0.536816
70948: 0.536808
70949: 0.536801
70950: 0.536807
70951: 0.536814
70952: 0.53682
70953: 0.536813
70954: 0.536805
70955: 0.536797
70956: 0.53679
70957: 0.536796
70958: 0.536803
70959: 0.536809
70960: 0.536802
70961: 0.536808
70962: 0.536815
70963: 0.536821
70964: 0.536814
70965: 0.53682
70966: 0.536827
70967: 0.536819
70968: 0.536812
70969: 0.536804
70970: 0.536811
70971: 0.536803
70972: 0.536796
70973: 0.536788
70974: 0.536781
70975: 0.536773
70976: 0.53678
70977: 0.536786
70978: 0.536778
70979: 0.536785
70980: 0.536777
70981: 0.536784
70982: 0.536776
70983: 0.536769
70984: 0.536775
70985: 0.536782
70986: 0.536788
70987: 0.536781
70988: 0.536787
70989: 0.53678
70990: 0.536772
70991: 0.536765
70992: 0.536771
70993: 0.536764
70994: 0.53677
70995: 0.536777
70996: 0.536783
70997: 0.536776
70998: 0.536782
70999: 0.536789
71000: 0.536795
71001: 0.536788
71002: 0.53678
71003: 0.536773
71004: 0.536779
71005: 0.536786
71006: 0.536792
71007: 0.536785
71008: 0.536777
71009: 0.536784
71010: 0.53679
71011: 0.536797
71012: 0.536803
71013: 0.536796
71014: 0.536788
71015: 0.536795
71016: 0.536801
71017: 0.536793
71018: 0.536786
71019: 0.536792
71020: 0.536799
71021: 0.536805
71022: 0.536798
71023: 0.536804
71024: 0.536811
71025: 0.536818
71026: 0.53681
71027: 0.536816
71028: 0.536809
71029: 0.536815
71030: 0.536808
71031: 0.5368
71032: 0.536793
71033: 0.536799
71034: 0.536806
71035: 0.536798
71036: 0.536805
71037: 0.536797
71038: 0.53679
71039: 0.536782
71040: 0.536775
71041: 0.536767
71042: 0.536774
71043: 0.53678
71044: 0.536772
71045: 0.536779
71046: 0.536786
71047: 0.536778
71048: 0.536784
71049: 0.536791
71050: 0.536798
71051: 0.536804
71052: 0.536811
71053: 0.536817
71054: 0.536824
71055: 0.536816
71056: 0.536823
71057: 0.536815
71058: 0.536822
71059: 0.536828
71060: 0.53682
71061: 0.536827
71062: 0.536819
71063: 0.536826
71064: 0.536832
71065: 0.536839
71066: 0.536831
71067: 0.536824
71068: 0.536816
71069: 0.536809
71070: 0.536815
71071: 0.536808
71072: 0.536814
71073: 0.536821
71074: 0.536813
71075: 0.536806
71076: 0.536812
71077: 0.536819
71078: 0.536811
71079: 0.536804
71080: 0.536796
71081: 0.536803
71082: 0.536795
71083: 0.536787
71084: 0.53678
71085: 0.536786
71086: 0.536793
71087: 0.536799
71088: 0.536792
71089: 0.536798
71090: 0.536791
71091: 0.536783
71092: 0.536776
71093: 0.536782
71094: 0.536789
71095: 0.536781
71096: 0.536788
71097: 0.53678
71098: 0.536773
71099: 0.536779
71100: 0.536786
71101: 0.536792
71102: 0.536799
71103: 0.536791
71104: 0.536798
71105: 0.53679
71106: 0.536797
71107: 0.536803
71108: 0.53681
71109: 0.536816
71110: 0.536823
71111: 0.536829
71112: 0.536822
71113: 0.536828
71114: 0.536835
71115: 0.536827
71116: 0.536834
71117: 0.53684
71118: 0.536847
71119: 0.536839
71120: 0.536832
71121: 0.536838
71122: 0.536845
71123: 0.536837
71124: 0.53683
71125: 0.536822
71126: 0.536828
71127: 0.536821
71128: 0.536813
71129: 0.536806
71130: 0.536812
71131: 0.536819
71132: 0.536825
71133: 0.536818
71134: 0.536824
71135: 0.536817
71136: 0.536809
71137: 0.536802
71138: 0.536808
71139: 0.536801
71140: 0.536807
71141: 0.5368
71142: 0.536792
71143: 0.536799
71144: 0.536805
71145: 0.536798
71146: 0.536804
71147: 0.536797
71148: 0.536803
71149: 0.53681
71150: 0.536816
71151: 0.536823
71152: 0.536829
71153: 0.536836
71154: 0.536828
71155: 0.536835
71156: 0.536841
71157: 0.536848
71158: 0.53684
71159: 0.536832
71160: 0.536839
71161: 0.536846
71162: 0.536838
71163: 0.53683
71164: 0.536837
71165: 0.536829
71166: 0.536836
71167: 0.536828
71168: 0.536821
71169: 0.536827
71170: 0.53682
71171: 0.536812
71172: 0.536819
71173: 0.536825
71174: 0.536832
71175: 0.536824
71176: 0.536817
71177: 0.536823
71178: 0.53683
71179: 0.536822
71180: 0.536815
71181: 0.536807
71182: 0.5368
71183: 0.536792
71184: 0.536798
71185: 0.536805
71186: 0.536811
71187: 0.536804
71188: 0.536796
71189: 0.536803
71190: 0.536795
71191: 0.536788
71192: 0.53678
71193: 0.536773
71194: 0.536779
71195: 0.536786
71196: 0.536792
71197: 0.536799
71198: 0.536805
71199: 0.536798
71200: 0.536804
71201: 0.536811
71202: 0.536817
71203: 0.536824
71204: 0.53683
71205: 0.536823
71206: 0.536829
71207: 0.536822
71208: 0.536828
71209: 0.536835
71210: 0.536827
71211: 0.536834
71212: 0.536826
71213: 0.536819
71214: 0.536811
71215: 0.536818
71216: 0.536824
71217: 0.536817
71218: 0.536823
71219: 0.536816
71220: 0.536822
71221: 0.536829
71222: 0.536821
71223: 0.536827
71224: 0.53682
71225: 0.536812
71226: 0.536805
71227: 0.536811
71228: 0.536818
71229: 0.53681
71230: 0.536803
71231: 0.536809
71232: 0.536816
71233: 0.536808
71234: 0.536815
71235: 0.536821
71236: 0.536828
71237: 0.53682
71238: 0.536813
71239: 0.536819
71240: 0.536826
71241: 0.536832
71242: 0.536825
71243: 0.536831
71244: 0.536838
71245: 0.53683
71246: 0.536837
71247: 0.536829
71248: 0.536822
71249: 0.536814
71250: 0.536807
71251: 0.536813
71252: 0.536805
71253: 0.536798
71254: 0.536804
71255: 0.536811
71256: 0.536803
71257: 0.536796
71258: 0.536788
71259: 0.536795
71260: 0.536801
71261: 0.536808
71262: 0.536814
71263: 0.536807
71264: 0.536799
71265: 0.536806
71266: 0.536798
71267: 0.536805
71268: 0.536811
71269: 0.536818
71270: 0.53681
71271: 0.536817
71272: 0.536809
71273: 0.536802
71274: 0.536794
71275: 0.536787
71276: 0.536779
71277: 0.536786
71278: 0.536792
71279: 0.536799
71280: 0.536805
71281: 0.536812
71282: 0.536818
71283: 0.536811
71284: 0.536817
71285: 0.536823
71286: 0.536816
71287: 0.536808
71288: 0.536801
71289: 0.536793
71290: 0.536786
71291: 0.536778
71292: 0.536785
71293: 0.536791
71294: 0.536784
71295: 0.536776
71296: 0.536769
71297: 0.536775
71298: 0.536782
71299: 0.536788
71300: 0.536781
71301: 0.536787
71302: 0.536794
71303: 0.5368
71304: 0.536807
71305: 0.536813
71306: 0.536806
71307: 0.536798
71308: 0.536791
71309: 0.536797
71310: 0.53679
71311: 0.536782
71312: 0.536775
71313: 0.536767
71314: 0.536773
71315: 0.536766
71316: 0.536772
71317: 0.536779
71318: 0.536785
71319: 0.536778
71320: 0.536784
71321: 0.536777
71322: 0.536769
71323: 0.536776
71324: 0.536782
71325: 0.536789
71326: 0.536795
71327: 0.536802
71328: 0.536808
71329: 0.536801
71330: 0.536807
71331: 0.5368
71332: 0.536806
71333: 0.536813
71334: 0.536805
71335: 0.536798
71336: 0.53679
71337: 0.536797
71338: 0.536789
71339: 0.536782
71340: 0.536774
71341: 0.536767
71342: 0.536759
71343: 0.536752
71344: 0.536744
71345: 0.53675
71346: 0.536743
71347: 0.536749
71348: 0.536756
71349: 0.536748
71350: 0.536755
71351: 0.536761
71352: 0.536768
71353: 0.536774
71354: 0.536767
71355: 0.536773
71356: 0.53678
71357: 0.536772
71358: 0.536765
71359: 0.536771
71360: 0.536778
71361: 0.53677
71362: 0.536763
71363: 0.536769
71364: 0.536776
71365: 0.536768
71366: 0.536761
71367: 0.536767
71368: 0.536774
71369: 0.536766
71370: 0.536773
71371: 0.536779
71372: 0.536772
71373: 0.536764
71374: 0.536757
71375: 0.536749
71376: 0.536742
71377: 0.536748
71378: 0.53674
71379: 0.536747
71380: 0.536753
71381: 0.53676
71382: 0.536752
71383: 0.536745
71384: 0.536751
71385: 0.536758
71386: 0.536764
71387: 0.536757
71388: 0.536749
71389: 0.536756
71390: 0.536762
71391: 0.536755
71392: 0.536761
71393: 0.536754
71394: 0.536746
71395: 0.536753
71396: 0.536745
71397: 0.536752
71398: 0.536758
71399: 0.536751
71400: 0.536743
71401: 0.53675
71402: 0.536756
71403: 0.536763
71404: 0.536755
71405: 0.536762
71406: 0.536768
71407: 0.536761
71408: 0.536767
71409: 0.536774
71410: 0.536766
71411: 0.536759
71412: 0.536765
71413: 0.536772
71414: 0.536764
71415: 0.536756
71416: 0.536763
71417: 0.536769
71418: 0.536776
71419: 0.536782
71420: 0.536789
71421: 0.536781
71422: 0.536788
71423: 0.53678
71424: 0.536787
71425: 0.536779
71426: 0.536772
71427: 0.536778
71428: 0.536785
71429: 0.536791
71430: 0.536784
71431: 0.536776
71432: 0.536769
71433: 0.536761
71434: 0.536754
71435: 0.53676
71436: 0.536753
71437: 0.536745
71438: 0.536738
71439: 0.53673
71440: 0.536737
71441: 0.536743
71442: 0.536736
71443: 0.536742
71444: 0.536749
71445: 0.536755
71446: 0.536748
71447: 0.53674
71448: 0.536732
71449: 0.536739
71450: 0.536745
71451: 0.536738
71452: 0.53673
71453: 0.536737
71454: 0.536743
71455: 0.536736
71456: 0.536728
71457: 0.536721
71458: 0.536727
71459: 0.536734
71460: 0.536726
71461: 0.536733
71462: 0.536725
71463: 0.536718
71464: 0.536724
71465: 0.536731
71466: 0.536737
71467: 0.536744
71468: 0.53675
71469: 0.536757
71470: 0.536749
71471: 0.536756
71472: 0.536762
71473: 0.536769
71474: 0.536775
71475: 0.536768
71476: 0.536774
71477: 0.536767
71478: 0.536759
71479: 0.536752
71480: 0.536744
71481: 0.536751
71482: 0.536757
71483: 0.536749
71484: 0.536742
71485: 0.536748
71486: 0.536741
71487: 0.536747
71488: 0.536754
71489: 0.53676
71490: 0.536767
71491: 0.536773
71492: 0.53678
71493: 0.536772
71494: 0.536779
71495: 0.536771
71496: 0.536764
71497: 0.536756
71498: 0.536763
71499: 0.536769
71500: 0.536762
71501: 0.536754
71502: 0.536747
71503: 0.536753
71504: 0.53676
71505: 0.536766
71506: 0.536759
71507: 0.536765
71508: 0.536772
71509: 0.536778
71510: 0.536771
71511: 0.536777
71512: 0.536784
71513: 0.53679
71514: 0.536796
71515: 0.536789
71516: 0.536781
71517: 0.536788
71518: 0.536794
71519: 0.536787
71520: 0.536779
71521: 0.536786
71522: 0.536792
71523: 0.536785
71524: 0.536777
71525: 0.53677
71526: 0.536776
71527: 0.536783
71528: 0.536775
71529: 0.536782
71530: 0.536774
71531: 0.536781
71532: 0.536787
71533: 0.536794
71534: 0.5368
71535: 0.536793
71536: 0.536785
71537: 0.536792
71538: 0.536784
71539: 0.536777
71540: 0.536783
71541: 0.53679
71542: 0.536782
71543: 0.536789
71544: 0.536781
71545: 0.536788
71546: 0.536794
71547: 0.536786
71548: 0.536779
71549: 0.536771
71550: 0.536778
71551: 0.536784
71552: 0.536777
71553: 0.536783
71554: 0.536776
71555: 0.536782
71556: 0.536775
71557: 0.536767
71558: 0.536774
71559: 0.53678
71560: 0.536787
71561: 0.536779
71562: 0.536772
71563: 0.536778
71564: 0.536771
71565: 0.536763
71566: 0.53677
71567: 0.536776
71568: 0.536783
71569: 0.536789
71570: 0.536782
71571: 0.536774
71572: 0.536781
71573: 0.536787
71574: 0.53678
71575: 0.536772
71576: 0.536779
71577: 0.536771
71578: 0.536764
71579: 0.53677
71580: 0.536763
71581: 0.536769
71582: 0.536775
71583: 0.536782
71584: 0.536774
71585: 0.536767
71586: 0.536773
71587: 0.536766
71588: 0.536772
71589: 0.536765
71590: 0.536757
71591: 0.53675
71592: 0.536742
71593: 0.536735
71594: 0.536727
71595: 0.536734
71596: 0.53674
71597: 0.536733
71598: 0.536725
71599: 0.536732
71600: 0.536738
71601: 0.536745
71602: 0.536737
71603: 0.536744
71604: 0.53675
71605: 0.536743
71606: 0.536735
71607: 0.536742
71608: 0.536748
71609: 0.536741
71610: 0.536747
71611: 0.536754
71612: 0.53676
71613: 0.536753
71614: 0.536745
71615: 0.536738
71616: 0.536744
71617: 0.536751
71618: 0.536743
71619: 0.53675
71620: 0.536742
71621: 0.536735
71622: 0.536727
71623: 0.53672
71624: 0.536712
71625: 0.536719
71626: 0.536725
71627: 0.536717
71628: 0.536724
71629: 0.53673
71630: 0.536737
71631: 0.536729
71632: 0.536736
71633: 0.536742
71634: 0.536749
71635: 0.536741
71636: 0.536748
71637: 0.53674
71638: 0.536733
71639: 0.536739
71640: 0.536732
71641: 0.536724
71642: 0.536717
71643: 0.536709
71644: 0.536716
71645: 0.536708
71646: 0.536715
71647: 0.536707
71648: 0.536714
71649: 0.536706
71650: 0.536699
71651: 0.536691
71652: 0.536684
71653: 0.536676
71654: 0.536669
71655: 0.536675
71656: 0.536668
71657: 0.536674
71658: 0.536681
71659: 0.536673
71660: 0.53668
71661: 0.536686
71662: 0.536693
71663: 0.536685
71664: 0.536692
71665: 0.536698
71666: 0.536691
71667: 0.536697
71668: 0.53669
71669: 0.536696
71670: 0.536688
71671: 0.536681
71672: 0.536687
71673: 0.53668
71674: 0.536686
71675: 0.536679
71676: 0.536685
71677: 0.536678
71678: 0.536684
71679: 0.536691
71680: 0.536683
71681: 0.536676
71682: 0.536668
71683: 0.536661
71684: 0.536653
71685: 0.53666
71686: 0.536666
71687: 0.536673
71688: 0.536665
71689: 0.536672
71690: 0.536678
71691: 0.536685
71692: 0.536691
71693: 0.536698
71694: 0.536704
71695: 0.536711
71696: 0.536717
71697: 0.536723
71698: 0.53673
71699: 0.536722
71700: 0.536715
71701: 0.536707
71702: 0.5367
71703: 0.536693
71704: 0.536685
71705: 0.536678
71706: 0.53667
71707: 0.536677
71708: 0.536669
71709: 0.536662
71710: 0.536654
71711: 0.536661
71712: 0.536667
71713: 0.536673
71714: 0.536666
71715: 0.536672
71716: 0.536679
71717: 0.536685
71718: 0.536678
71719: 0.53667
71720: 0.536677
71721: 0.536669
71722: 0.536676
71723: 0.536682
71724: 0.536689
71725: 0.536695
71726: 0.536688
71727: 0.536694
71728: 0.536687
71729: 0.536693
71730: 0.5367
71731: 0.536692
71732: 0.536699
71733: 0.536691
71734: 0.536698
71735: 0.536704
71736: 0.536697
71737: 0.536703
71738: 0.536709
71739: 0.536702
71740: 0.536694
71741: 0.536701
71742: 0.536693
71743: 0.5367
71744: 0.536706
71745: 0.536713
71746: 0.536705
71747: 0.536698
71748: 0.536704
71749: 0.536711
71750: 0.536717
71751: 0.536724
71752: 0.53673
71753: 0.536737
71754: 0.536743
71755: 0.53675
71756: 0.536742
71757: 0.536749
71758: 0.536755
71759: 0.536747
71760: 0.53674
71761: 0.536746
71762: 0.536753
71763: 0.536759
71764: 0.536766
71765: 0.536758
71766: 0.536765
71767: 0.536757
71768: 0.53675
71769: 0.536742
71770: 0.536749
71771: 0.536755
71772: 0.536762
71773: 0.536754
71774: 0.536761
71775: 0.536767
71776: 0.53676
71777: 0.536752
71778: 0.536759
71779: 0.536751
71780: 0.536758
71781: 0.536764
71782: 0.536771
71783: 0.536777
71784: 0.53677
71785: 0.536776
71786: 0.536782
71787: 0.536789
71788: 0.536795
71789: 0.536802
71790: 0.536794
71791: 0.536801
71792: 0.536793
71793: 0.5368
71794: 0.536792
71795: 0.536785
71796: 0.536777
71797: 0.536784
71798: 0.536776
71799: 0.536769
71800: 0.536775
71801: 0.536782
71802: 0.536774
71803: 0.536781
71804: 0.536773
71805: 0.536766
71806: 0.536772
71807: 0.536765
71808: 0.536771
71809: 0.536778
71810: 0.536784
71811: 0.536791
71812: 0.536797
71813: 0.536789
71814: 0.536796
71815: 0.536802
71816: 0.536809
71817: 0.536801
71818: 0.536794
71819: 0.5368
71820: 0.536793
71821: 0.536785
71822: 0.536778
71823: 0.536784
71824: 0.536777
71825: 0.536783
71826: 0.536776
71827: 0.536768
71828: 0.536761
71829: 0.536767
71830: 0.536774
71831: 0.53678
71832: 0.536787
71833: 0.536793
71834: 0.536786
71835: 0.536778
71836: 0.536785
71837: 0.536777
71838: 0.53677
71839: 0.536762
71840: 0.536755
71841: 0.536761
71842: 0.536768
71843: 0.536774
71844: 0.536767
71845: 0.536759
71846: 0.536752
71847: 0.536758
71848: 0.536765
71849: 0.536771
71850: 0.536777
71851: 0.536784
71852: 0.53679
71853: 0.536783
71854: 0.536789
71855: 0.536796
71856: 0.536802
71857: 0.536795
71858: 0.536801
71859: 0.536808
71860: 0.536814
71861: 0.536821
71862: 0.536813
71863: 0.53682
71864: 0.536812
71865: 0.536819
71866: 0.536811
71867: 0.536804
71868: 0.53681
71869: 0.536803
71870: 0.536809
71871: 0.536802
71872: 0.536808
71873: 0.536814
71874: 0.536807
71875: 0.536813
71876: 0.53682
71877: 0.536826
71878: 0.536819
71879: 0.536811
71880: 0.536818
71881: 0.53681
71882: 0.536817
71883: 0.536809
71884: 0.536816
71885: 0.536808
71886: 0.536801
71887: 0.536793
71888: 0.5368
71889: 0.536806
71890: 0.536813
71891: 0.536805
71892: 0.536812
71893: 0.536818
71894: 0.536811
71895: 0.536803
71896: 0.53681
71897: 0.536802
71898: 0.536795
71899: 0.536787
71900: 0.536794
71901: 0.536786
71902: 0.536793
71903: 0.536799
71904: 0.536806
71905: 0.536812
71906: 0.536818
71907: 0.536811
71908: 0.536803
71909: 0.536796
71910: 0.536789
71911: 0.536781
71912: 0.536788
71913: 0.536794
71914: 0.536786
71915: 0.536779
71916: 0.536772
71917: 0.536778
71918: 0.536771
71919: 0.536777
71920: 0.536783
71921: 0.53679
71922: 0.536796
71923: 0.536789
71924: 0.536795
71925: 0.536788
71926: 0.53678
71927: 0.536787
71928: 0.536793
71929: 0.5368
71930: 0.536806
71931: 0.536799
71932: 0.536805
71933: 0.536812
71934: 0.536804
71935: 0.53681
71936: 0.536817
71937: 0.536809
71938: 0.536816
71939: 0.536822
71940: 0.536829
71941: 0.536821
71942: 0.536814
71943: 0.536806
71944: 0.536799
71945: 0.536805
71946: 0.536812
71947: 0.536818
71948: 0.536811
71949: 0.536817
71950: 0.536824
71951: 0.53683
71952: 0.536837
71953: 0.536843
71954: 0.536849
71955: 0.536842
71956: 0.536834
71957: 0.536841
71958: 0.536847
71959: 0.536854
71960: 0.53686
71961: 0.536853
71962: 0.536845
71963: 0.536852
71964: 0.536858
71965: 0.536851
71966: 0.536843
71967: 0.53685
71968: 0.536842
71969: 0.536835
71970: 0.536841
71971: 0.536848
71972: 0.536854
71973: 0.536861
71974: 0.536853
71975: 0.53686
71976: 0.536866
71977: 0.536872
71978: 0.536865
71979: 0.536857
71980: 0.536864
71981: 0.53687
71982: 0.536863
71983: 0.536855
71984: 0.536862
71985: 0.536854
71986: 0.536847
71987: 0.536839
71988: 0.536832
71989: 0.536825
71990: 0.536831
71991: 0.536824
71992: 0.536816
71993: 0.536809
71994: 0.536801
71995: 0.536794
71996: 0.536786
71997: 0.536779
71998: 0.536785
71999: 0.536778
72000: 0.53677
72001: 0.536777
72002: 0.536783
72003: 0.53679
72004: 0.536782
72005: 0.536789
72006: 0.536795
72007: 0.536801
72008: 0.536808
72009: 0.5368
72010: 0.536807
72011: 0.536799
72012: 0.536806
72013: 0.536798
72014: 0.536805
72015: 0.536797
72016: 0.53679
72017: 0.536782
72018: 0.536789
72019: 0.536795
72020: 0.536802
72021: 0.536808
72022: 0.536801
72023: 0.536807
72024: 0.536814
72025: 0.536806
72026: 0.536799
72027: 0.536791
72028: 0.536798
72029: 0.536804
72030: 0.536811
72031: 0.536817
72032: 0.53681
72033: 0.536802
72034: 0.536808
72035: 0.536801
72036: 0.536794
72037: 0.536786
72038: 0.536779
72039: 0.536785
72040: 0.536792
72041: 0.536798
72042: 0.536804
72043: 0.536797
72044: 0.536803
72045: 0.53681
72046: 0.536802
72047: 0.536795
72048: 0.536801
72049: 0.536794
72050: 0.536786
72051: 0.536793
72052: 0.536785
72053: 0.536792
72054: 0.536798
72055: 0.536805
72056: 0.536797
72057: 0.536804
72058: 0.536796
72059: 0.536789
72060: 0.536795
72061: 0.536802
72062: 0.536808
72063: 0.536814
72064: 0.536821
72065: 0.536827
72066: 0.53682
72067: 0.536812
72068: 0.536819
72069: 0.536811
72070: 0.536804
72071: 0.53681
72072: 0.536803
72073: 0.536796
72074: 0.536802
72075: 0.536808
72076: 0.536815
72077: 0.536821
72078: 0.536828
72079: 0.536834
72080: 0.536827
72081: 0.536833
72082: 0.536826
72083: 0.536832
72084: 0.536838
72085: 0.536845
72086: 0.536851
72087: 0.536858
72088: 0.536864
72089: 0.536871
72090: 0.536877
72091: 0.53687
72092: 0.536876
72093: 0.536882
72094: 0.536875
72095: 0.536881
72096: 0.536874
72097: 0.53688
72098: 0.536887
72099: 0.536893
72100: 0.536886
72101: 0.536892
72102: 0.536899
72103: 0.536905
72104: 0.536911
72105: 0.536918
72106: 0.536924
72107: 0.536931
72108: 0.536923
72109: 0.536916
72110: 0.536908
72111: 0.536915
72112: 0.536921
72113: 0.536928
72114: 0.536934
72115: 0.53694
72116: 0.536947
72117: 0.536939
72118: 0.536932
72119: 0.536925
72120: 0.536931
72121: 0.536924
72122: 0.53693
72123: 0.536936
72124: 0.536943
72125: 0.536949
72126: 0.536942
72127: 0.536948
72128: 0.536941
72129: 0.536947
72130: 0.536954
72131: 0.536946
72132: 0.536953
72133: 0.536945
72134: 0.536952
72135: 0.536958
72136: 0.536964
72137: 0.536957
72138: 0.53695
72139: 0.536942
72140: 0.536935
72141: 0.536941
72142: 0.536947
72143: 0.536954
72144: 0.53696
72145: 0.536967
72146: 0.536959
72147: 0.536966
72148: 0.536958
72149: 0.536965
72150: 0.536957
72151: 0.53695
72152: 0.536942
72153: 0.536935
72154: 0.536941
72155: 0.536934
72156: 0.536926
72157: 0.536933
72158: 0.536939
72159: 0.536932
72160: 0.536938
72161: 0.536945
72162: 0.536951
72163: 0.536957
72164: 0.536964
72165: 0.536956
72166: 0.536949
72167: 0.536955
72168: 0.536962
72169: 0.536968
72170: 0.536961
72171: 0.536953
72172: 0.53696
72173: 0.536952
72174: 0.536945
72175: 0.536937
72176: 0.536944
72177: 0.53695
72178: 0.536943
72179: 0.536935
72180: 0.536942
72181: 0.536934
72182: 0.536927
72183: 0.53692
72184: 0.536912
72185: 0.536905
72186: 0.536911
72187: 0.536917
72188: 0.53691
72189: 0.536916
72190: 0.536923
72191: 0.536915
72192: 0.536908
72193: 0.536914
72194: 0.536921
72195: 0.536927
72196: 0.53692
72197: 0.536926
72198: 0.536933
72199: 0.536939
72200: 0.536932
72201: 0.536938
72202: 0.536944
72203: 0.536937
72204: 0.53693
72205: 0.536922
72206: 0.536915
72207: 0.536907
72208: 0.536914
72209: 0.536906
72210: 0.536899
72211: 0.536905
72212: 0.536898
72213: 0.53689
72214: 0.536883
72215: 0.536875
72216: 0.536882
72217: 0.536888
72218: 0.536881
72219: 0.536873
72220: 0.536866
72221: 0.536859
72222: 0.536851
72223: 0.536858
72224: 0.536864
72225: 0.536857
72226: 0.536849
72227: 0.536842
72228: 0.536848
72229: 0.536841
72230: 0.536833
72231: 0.53684
72232: 0.536846
72233: 0.536839
72234: 0.536831
72235: 0.536838
72236: 0.53683
72237: 0.536823
72238: 0.536829
72239: 0.536836
72240: 0.536842
72241: 0.536835
72242: 0.536841
72243: 0.536847
72244: 0.536854
72245: 0.536846
72246: 0.536853
72247: 0.536859
72248: 0.536866
72249: 0.536872
72250: 0.536878
72251: 0.536885
72252: 0.536877
72253: 0.536884
72254: 0.536876
72255: 0.536869
72256: 0.536875
72257: 0.536882
72258: 0.536874
72259: 0.536881
72260: 0.536887
72261: 0.536894
72262: 0.5369
72263: 0.536906
72264: 0.536899
72265: 0.536905
72266: 0.536912
72267: 0.536904
72268: 0.536897
72269: 0.536889
72270: 0.536896
72271: 0.536902
72272: 0.536909
72273: 0.536915
72274: 0.536908
72275: 0.5369
72276: 0.536893
72277: 0.536899
72278: 0.536906
72279: 0.536898
72280: 0.536905
72281: 0.536897
72282: 0.536904
72283: 0.536896
72284: 0.536889
72285: 0.536881
72286: 0.536874
72287: 0.53688
72288: 0.536887
72289: 0.536879
72290: 0.536886
72291: 0.536892
72292: 0.536898
72293: 0.536905
72294: 0.536911
72295: 0.536904
72296: 0.53691
72297: 0.536903
72298: 0.536909
72299: 0.536902
72300: 0.536894
72301: 0.536901
72302: 0.536893
72303: 0.5369
72304: 0.536892
72305: 0.536899
72306: 0.536891
72307: 0.536898
72308: 0.536904
72309: 0.536911
72310: 0.536917
72311: 0.536923
72312: 0.53693
72313: 0.536936
72314: 0.536929
72315: 0.536921
72316: 0.536928
72317: 0.536934
72318: 0.53694
72319: 0.536947
72320: 0.536953
72321: 0.53696
72322: 0.536966
72323: 0.536973
72324: 0.536979
72325: 0.536971
72326: 0.536978
72327: 0.536984
72328: 0.536991
72329: 0.536983
72330: 0.536976
72331: 0.536982
72332: 0.536989
72333: 0.536995
72334: 0.536988
72335: 0.53698
72336: 0.536987
72337: 0.536979
72338: 0.536972
72339: 0.536964
72340: 0.536971
72341: 0.536977
72342: 0.53697
72343: 0.536962
72344: 0.536955
72345: 0.536947
72346: 0.536954
72347: 0.53696
72348: 0.536953
72349: 0.536945
72350: 0.536938
72351: 0.536944
72352: 0.536951
72353: 0.536943
72354: 0.536936
72355: 0.536942
72356: 0.536935
72357: 0.536927
72358: 0.53692
72359: 0.536926
72360: 0.536933
72361: 0.536925
72362: 0.536932
72363: 0.536938
72364: 0.536945
72365: 0.536951
72366: 0.536944
72367: 0.536936
72368: 0.536943
72369: 0.536935
72370: 0.536928
72371: 0.53692
72372: 0.536927
72373: 0.536919
72374: 0.536926
72375: 0.536932
72376: 0.536939
72377: 0.536931
72378: 0.536924
72379: 0.536916
72380: 0.536923
72381: 0.536915
72382: 0.536922
72383: 0.536914
72384: 0.536907
72385: 0.536899
72386: 0.536906
72387: 0.536912
72388: 0.536905
72389: 0.536897
72390: 0.53689
72391: 0.536883
72392: 0.536889
72393: 0.536895
72394: 0.536902
72395: 0.536894
72396: 0.536901
72397: 0.536893
72398: 0.536886
72399: 0.536892
72400: 0.536899
72401: 0.536905
72402: 0.536898
72403: 0.53689
72404: 0.536883
72405: 0.536889
72406: 0.536896
72407: 0.536902
72408: 0.536908
72409: 0.536901
72410: 0.536907
72411: 0.5369
72412: 0.536893
72413: 0.536885
72414: 0.536892
72415: 0.536898
72416: 0.536891
72417: 0.536883
72418: 0.536889
72419: 0.536896
72420: 0.536888
72421: 0.536881
72422: 0.536874
72423: 0.536866
72424: 0.536859
72425: 0.536865
72426: 0.536872
72427: 0.536878
72428: 0.536871
72429: 0.536877
72430: 0.53687
72431: 0.536862
72432: 0.536869
72433: 0.536875
72434: 0.536881
72435: 0.536888
72436: 0.536894
72437: 0.536901
72438: 0.536907
72439: 0.536913
72440: 0.536906
72441: 0.536912
72442: 0.536919
72443: 0.536925
72444: 0.536918
72445: 0.536924
72446: 0.536917
72447: 0.536923
72448: 0.536929
72449: 0.536922
72450: 0.536915
72451: 0.536907
72452: 0.536914
72453: 0.53692
72454: 0.536913
72455: 0.536905
72456: 0.536912
72457: 0.536918
72458: 0.536924
72459: 0.536917
72460: 0.53691
72461: 0.536902
72462: 0.536908
72463: 0.536901
72464: 0.536894
72465: 0.536886
72466: 0.536879
72467: 0.536885
72468: 0.536892
72469: 0.536884
72470: 0.536877
72471: 0.536869
72472: 0.536862
72473: 0.536855
72474: 0.536861
72475: 0.536867
72476: 0.536874
72477: 0.53688
72478: 0.536887
72479: 0.536879
72480: 0.536886
72481: 0.536892
72482: 0.536885
72483: 0.536891
72484: 0.536897
72485: 0.53689
72486: 0.536882
72487: 0.536875
72488: 0.536881
72489: 0.536888
72490: 0.536894
72491: 0.536887
72492: 0.536879
72493: 0.536886
72494: 0.536878
72495: 0.536871
72496: 0.536877
72497: 0.536884
72498: 0.536876
72499: 0.536883
72500: 0.536889
72501: 0.536896
72502: 0.536902
72503: 0.536908
72504: 0.536915
72505: 0.536921
72506: 0.536927
72507: 0.536934
72508: 0.536926
72509: 0.536919
72510: 0.536925
72511: 0.536932
72512: 0.536938
72513: 0.536931
72514: 0.536937
72515: 0.536944
72516: 0.53695
72517: 0.536956
72518: 0.536949
72519: 0.536955
72520: 0.536962
72521: 0.536968
72522: 0.536961
72523: 0.536967
72524: 0.536973
72525: 0.536966
72526: 0.536959
72527: 0.536951
72528: 0.536944
72529: 0.536936
72530: 0.536943
72531: 0.536935
72532: 0.536928
72533: 0.536934
72534: 0.536941
72535: 0.536947
72536: 0.53694
72537: 0.536932
72538: 0.536925
72539: 0.536931
72540: 0.536938
72541: 0.536944
72542: 0.53695
72543: 0.536943
72544: 0.536949
72545: 0.536942
72546: 0.536948
72547: 0.536941
72548: 0.536934
72549: 0.53694
72550: 0.536946
72551: 0.536953
72552: 0.536959
72553: 0.536952
72554: 0.536944
72555: 0.536951
72556: 0.536957
72557: 0.53695
72558: 0.536942
72559: 0.536935
72560: 0.536928
72561: 0.536934
72562: 0.536927
72563: 0.536933
72564: 0.536926
72565: 0.536932
72566: 0.536938
72567: 0.536931
72568: 0.536937
72569: 0.53693
72570: 0.536922
72571: 0.536915
72572: 0.536921
72573: 0.536914
72574: 0.536907
72575: 0.536899
72576: 0.536892
72577: 0.536884
72578: 0.536877
72579: 0.53687
72580: 0.536862
72581: 0.536855
72582: 0.536861
72583: 0.536854
72584: 0.53686
72585: 0.536867
72586: 0.536873
72587: 0.536879
72588: 0.536886
72589: 0.536878
72590: 0.536871
72591: 0.536877
72592: 0.53687
72593: 0.536863
72594: 0.536869
72595: 0.536875
72596: 0.536882
72597: 0.536874
72598: 0.536881
72599: 0.536873
72600: 0.53688
72601: 0.536886
72602: 0.536879
72603: 0.536871
72604: 0.536878
72605: 0.53687
72606: 0.536877
72607: 0.536869
72608: 0.536862
72609: 0.536868
72610: 0.536875
72611: 0.536867
72612: 0.53686
72613: 0.536866
72614: 0.536873
72615: 0.536879
72616: 0.536885
72617: 0.536878
72618: 0.536871
72619: 0.536877
72620: 0.536883
72621: 0.536876
72622: 0.536882
72623: 0.536875
72624: 0.536881
72625: 0.536888
72626: 0.53688
72627: 0.536873
72628: 0.536865
72629: 0.536872
72630: 0.536878
72631: 0.536885
72632: 0.536891
72633: 0.536897
72634: 0.53689
72635: 0.536883
72636: 0.536889
72637: 0.536895
72638: 0.536902
72639: 0.536894
72640: 0.536887
72641: 0.536879
72642: 0.536872
72643: 0.536865
72644: 0.536857
72645: 0.536864
72646: 0.53687
72647: 0.536876
72648: 0.536883
72649: 0.536875
72650: 0.536868
72651: 0.536874
72652: 0.536881
72653: 0.536873
72654: 0.536866
72655: 0.536872
72656: 0.536879
72657: 0.536885
72658: 0.536878
72659: 0.53687
72660: 0.536877
72661: 0.536869
72662: 0.536876
72663: 0.536882
72664: 0.536875
72665: 0.536867
72666: 0.53686
72667: 0.536853
72668: 0.536845
72669: 0.536838
72670: 0.53683
72671: 0.536837
72672: 0.536829
72673: 0.536836
72674: 0.536828
72675: 0.536821
72676: 0.536814
72677: 0.536806
72678: 0.536813
72679: 0.536819
72680: 0.536812
72681: 0.536818
72682: 0.536811
72683: 0.536817
72684: 0.536823
72685: 0.536816
72686: 0.536822
72687: 0.536829
72688: 0.536835
72689: 0.536841
72690: 0.536848
72691: 0.536854
72692: 0.53686
72693: 0.536867
72694: 0.536873
72695: 0.53688
72696: 0.536886
72697: 0.536879
72698: 0.536885
72699: 0.536891
72700: 0.536898
72701: 0.536904
72702: 0.53691
72703: 0.536917
72704: 0.536923
72705: 0.536916
72706: 0.536922
72707: 0.536915
72708: 0.536921
72709: 0.536928
72710: 0.53692
72711: 0.536913
72712: 0.536905
72713: 0.536898
72714: 0.536904
72715: 0.536897
72716: 0.536903
72717: 0.536896
72718: 0.536889
72719: 0.536895
72720: 0.536901
72721: 0.536894
72722: 0.536887
72723: 0.536893
72724: 0.536899
72725: 0.536906
72726: 0.536898
72727: 0.536891
72728: 0.536883
72729: 0.536876
72730: 0.536882
72731: 0.536875
72732: 0.536868
72733: 0.536874
72734: 0.53688
72735: 0.536887
72736: 0.536893
72737: 0.536886
72738: 0.536878
72739: 0.536885
72740: 0.536877
72741: 0.53687
72742: 0.536863
72743: 0.536869
72744: 0.536862
72745: 0.536868
72746: 0.536861
72747: 0.536853
72748: 0.536846
72749: 0.536852
72750: 0.536845
72751: 0.536851
72752: 0.536858
72753: 0.53685
72754: 0.536857
72755: 0.536863
72756: 0.536856
72757: 0.536848
72758: 0.536841
72759: 0.536833
72760: 0.53684
72761: 0.536846
72762: 0.536853
72763: 0.536859
72764: 0.536852
72765: 0.536844
72766: 0.536837
72767: 0.536843
72768: 0.536836
72769: 0.536842
72770: 0.536848
72771: 0.536841
72772: 0.536847
72773: 0.536854
72774: 0.536846
72775: 0.536839
72776: 0.536832
72777: 0.536824
72778: 0.536831
72779: 0.536823
72780: 0.53683
72781: 0.536822
72782: 0.536815
72783: 0.536808
72784: 0.5368
72785: 0.536807
72786: 0.536813
72787: 0.536819
72788: 0.536826
72789: 0.536832
72790: 0.536838
72791: 0.536845
72792: 0.536837
72793: 0.53683
72794: 0.536836
72795: 0.536843
72796: 0.536849
72797: 0.536855
72798: 0.536862
72799: 0.536868
72800: 0.536874
72801: 0.536881
72802: 0.536887
72803: 0.536894
72804: 0.536886
72805: 0.536879
72806: 0.536885
72807: 0.536892
72808: 0.536884
72809: 0.536891
72810: 0.536883
72811: 0.53689
72812: 0.536896
72813: 0.536889
72814: 0.536881
72815: 0.536887
72816: 0.53688
72817: 0.536873
72818: 0.536879
72819: 0.536872
72820: 0.536878
72821: 0.536884
72822: 0.536877
72823: 0.53687
72824: 0.536862
72825: 0.536869
72826: 0.536875
72827: 0.536868
72828: 0.53686
72829: 0.536853
72830: 0.536846
72831: 0.536838
72832: 0.536845
72833: 0.536851
72834: 0.536857
72835: 0.53685
72836: 0.536843
72837: 0.536835
72838: 0.536842
72839: 0.536848
72840: 0.536854
72841: 0.536861
72842: 0.536867
72843: 0.53686
72844: 0.536866
72845: 0.536859
72846: 0.536851
72847: 0.536844
72848: 0.536836
72849: 0.536843
72850: 0.536835
72851: 0.536828
72852: 0.536834
72853: 0.536827
72854: 0.53682
72855: 0.536812
72856: 0.536819
72857: 0.536811
72858: 0.536818
72859: 0.53681
72860: 0.536817
72861: 0.536823
72862: 0.536816
72863: 0.536822
72864: 0.536828
72865: 0.536835
72866: 0.536841
72867: 0.536847
72868: 0.536854
72869: 0.53686
72870: 0.536853
72871: 0.536859
72872: 0.536866
72873: 0.536858
72874: 0.536864
72875: 0.536857
72876: 0.536863
72877: 0.53687
72878: 0.536876
72879: 0.536869
72880: 0.536875
72881: 0.536868
72882: 0.53686
72883: 0.536853
72884: 0.536859
72885: 0.536852
72886: 0.536858
72887: 0.536865
72888: 0.536857
72889: 0.53685
72890: 0.536843
72891: 0.536835
72892: 0.536828
72893: 0.536821
72894: 0.536813
72895: 0.536806
72896: 0.536812
72897: 0.536819
72898: 0.536811
72899: 0.536804
72900: 0.536796
72901: 0.536803
72902: 0.536795
72903: 0.536788
72904: 0.536781
72905: 0.536787
72906: 0.536793
72907: 0.536786
72908: 0.536779
72909: 0.536785
72910: 0.536791
72911: 0.536798
72912: 0.536804
72913: 0.536797
72914: 0.536803
72915: 0.536809
72916: 0.536802
72917: 0.536808
72918: 0.536815
72919: 0.536821
72920: 0.536828
72921: 0.53682
72922: 0.536813
72923: 0.536805
72924: 0.536812
72925: 0.536804
72926: 0.536797
72927: 0.53679
72928: 0.536782
72929: 0.536789
72930: 0.536795
72931: 0.536788
72932: 0.536794
72933: 0.536787
72934: 0.536793
72935: 0.536786
72936: 0.536778
72937: 0.536771
72938: 0.536764
72939: 0.536756
72940: 0.536763
72941: 0.536769
72942: 0.536762
72943: 0.536754
72944: 0.536747
72945: 0.536753
72946: 0.53676
72947: 0.536752
72948: 0.536759
72949: 0.536751
72950: 0.536744
72951: 0.53675
72952: 0.536743
72953: 0.536749
72954: 0.536756
72955: 0.536762
72956: 0.536768
72957: 0.536775
72958: 0.536767
72959: 0.53676
72960: 0.536753
72961: 0.536759
72962: 0.536752
72963: 0.536744
72964: 0.53675
72965: 0.536757
72966: 0.536763
72967: 0.53677
72968: 0.536762
72969: 0.536769
72970: 0.536775
72971: 0.536781
72972: 0.536788
72973: 0.53678
72974: 0.536773
72975: 0.536779
72976: 0.536772
72977: 0.536778
72978: 0.536771
72979: 0.536763
72980: 0.53677
72981: 0.536776
72982: 0.536783
72983: 0.536789
72984: 0.536795
72985: 0.536788
72986: 0.536781
72987: 0.536773
72988: 0.536766
72989: 0.536772
72990: 0.536765
72991: 0.536771
72992: 0.536777
72993: 0.536784
72994: 0.53679
72995: 0.536797
72996: 0.536789
72997: 0.536796
72998: 0.536788
72999: 0.536781
73000: 0.536773
73001: 0.536766
73002: 0.536759
73003: 0.536751
73004: 0.536758
73005: 0.536764
73006: 0.536757
73007: 0.536763
73008: 0.536756
73009: 0.536762
73010: 0.536768
73011: 0.536761
73012: 0.536767
73013: 0.53676
73014: 0.536753
73015: 0.536745
73016: 0.536752
73017: 0.536744
73018: 0.536751
73019: 0.536743
73020: 0.53675
73021: 0.536756
73022: 0.536749
73023: 0.536741
73024: 0.536748
73025: 0.536754
73026: 0.536747
73027: 0.536753
73028: 0.536759
73029: 0.536766
73030: 0.536758
73031: 0.536751
73032: 0.536757
73033: 0.53675
73034: 0.536743
73035: 0.536735
73036: 0.536742
73037: 0.536748
73038: 0.536754
73039: 0.536761
73040: 0.536753
73041: 0.53676
73042: 0.536766
73043: 0.536772
73044: 0.536779
73045: 0.536771
73046: 0.536764
73047: 0.536757
73048: 0.536763
73049: 0.536769
73050: 0.536762
73051: 0.536768
73052: 0.536775
73053: 0.536767
73054: 0.53676
73055: 0.536766
73056: 0.536759
73057: 0.536765
73058: 0.536772
73059: 0.536778
73060: 0.536771
73061: 0.536777
73062: 0.536783
73063: 0.53679
73064: 0.536796
73065: 0.536789
73066: 0.536781
73067: 0.536774
73068: 0.53678
73069: 0.536773
73070: 0.536779
73071: 0.536786
73072: 0.536792
73073: 0.536798
73074: 0.536791
73075: 0.536797
73076: 0.53679
73077: 0.536783
73078: 0.536775
73079: 0.536782
73080: 0.536788
73081: 0.536794
73082: 0.536801
73083: 0.536793
73084: 0.536786
73085: 0.536792
73086: 0.536799
73087: 0.536805
73088: 0.536811
73089: 0.536818
73090: 0.536824
73091: 0.53683
73092: 0.536823
73093: 0.536816
73094: 0.536808
73095: 0.536815
73096: 0.536807
73097: 0.536814
73098: 0.536806
73099: 0.536799
73100: 0.536792
73101: 0.536784
73102: 0.536791
73103: 0.536783
73104: 0.536776
73105: 0.536782
73106: 0.536775
73107: 0.536781
73108: 0.536788
73109: 0.53678
73110: 0.536787
73111: 0.536779
73112: 0.536772
73113: 0.536778
73114: 0.536785
73115: 0.536791
73116: 0.536797
73117: 0.536804
73118: 0.53681
73119: 0.536803
73120: 0.536795
73121: 0.536802
73122: 0.536794
73123: 0.536787
73124: 0.536793
73125: 0.536799
73126: 0.536806
73127: 0.536812
73128: 0.536805
73129: 0.536811
73130: 0.536817
73131: 0.536824
73132: 0.53683
73133: 0.536836
73134: 0.536829
73135: 0.536835
73136: 0.536828
73137: 0.536834
73138: 0.536841
73139: 0.536847
73140: 0.536853
73141: 0.53686
73142: 0.536866
73143: 0.536859
73144: 0.536865
73145: 0.536871
73146: 0.536878
73147: 0.53687
73148: 0.536877
73149: 0.536883
73150: 0.536876
73151: 0.536882
73152: 0.536875
73153: 0.536881
73154: 0.536874
73155: 0.53688
73156: 0.536886
73157: 0.536879
73158: 0.536885
73159: 0.536892
73160: 0.536884
73161: 0.536877
73162: 0.53687
73163: 0.536862
73164: 0.536869
73165: 0.536861
73166: 0.536854
73167: 0.53686
73168: 0.536853
73169: 0.536846
73170: 0.536838
73171: 0.536831
73172: 0.536824
73173: 0.53683
73174: 0.536836
73175: 0.536843
73176: 0.536835
73177: 0.536828
73178: 0.536834
73179: 0.536841
73180: 0.536847
73181: 0.536853
73182: 0.53686
73183: 0.536866
73184: 0.536859
73185: 0.536851
73186: 0.536844
73187: 0.536837
73188: 0.536843
73189: 0.536849
73190: 0.536856
73191: 0.536862
73192: 0.536868
73193: 0.536875
73194: 0.536881
73195: 0.536887
73196: 0.53688
73197: 0.536873
73198: 0.536879
73199: 0.536885
73200: 0.536878
73201: 0.536871
73202: 0.536877
73203: 0.53687
73204: 0.536876
73205: 0.536882
73206: 0.536875
73207: 0.536868
73208: 0.536874
73209: 0.536867
73210: 0.536873
73211: 0.536879
73212: 0.536886
73213: 0.536892
73214: 0.536898
73215: 0.536905
73216: 0.536897
73217: 0.536903
73218: 0.53691
73219: 0.536916
73220: 0.536922
73221: 0.536929
73222: 0.536921
73223: 0.536914
73224: 0.536907
73225: 0.536899
73226: 0.536892
73227: 0.536898
73228: 0.536905
73229: 0.536897
73230: 0.536904
73231: 0.53691
73232: 0.536903
73233: 0.536895
73234: 0.536888
73235: 0.536894
73236: 0.536901
73237: 0.536893
73238: 0.536886
73239: 0.536892
73240: 0.536885
73241: 0.536878
73242: 0.536884
73243: 0.53689
73244: 0.536897
73245: 0.536903
73246: 0.536909
73247: 0.536916
73248: 0.536922
73249: 0.536928
73250: 0.536935
73251: 0.536941
73252: 0.536947
73253: 0.53694
73254: 0.536933
73255: 0.536925
73256: 0.536932
73257: 0.536924
73258: 0.536917
73259: 0.53691
73260: 0.536902
73261: 0.536895
73262: 0.536901
73263: 0.536908
73264: 0.536914
73265: 0.536907
73266: 0.536899
73267: 0.536892
73268: 0.536885
73269: 0.536891
73270: 0.536897
73271: 0.536904
73272: 0.53691
73273: 0.536916
73274: 0.536909
73275: 0.536915
73276: 0.536922
73277: 0.536928
73278: 0.536934
73279: 0.536941
73280: 0.536933
73281: 0.536939
73282: 0.536946
73283: 0.536938
73284: 0.536931
73285: 0.536924
73286: 0.53693
73287: 0.536936
73288: 0.536943
73289: 0.536949
73290: 0.536942
73291: 0.536948
73292: 0.536954
73293: 0.536961
73294: 0.536953
73295: 0.536946
73296: 0.536952
73297: 0.536945
73298: 0.536938
73299: 0.536944
73300: 0.53695
73301: 0.536957
73302: 0.536963
73303: 0.536969
73304: 0.536976
73305: 0.536968
73306: 0.536975
73307: 0.536967
73308: 0.536974
73309: 0.536966
73310: 0.536959
73311: 0.536965
73312: 0.536972
73313: 0.536978
73314: 0.536984
73315: 0.536991
73316: 0.536997
73317: 0.537003
73318: 0.536996
73319: 0.536989
73320: 0.536981
73321: 0.536988
73322: 0.536994
73323: 0.536987
73324: 0.536993
73325: 0.536999
73326: 0.537005
73327: 0.536998
73328: 0.536991
73329: 0.536997
73330: 0.537003
73331: 0.53701
73332: 0.537002
73333: 0.536995
73334: 0.536988
73335: 0.53698
73336: 0.536987
73337: 0.536979
73338: 0.536986
73339: 0.536978
73340: 0.536985
73341: 0.536977
73342: 0.53697
73343: 0.536963
73344: 0.536955
73345: 0.536962
73346: 0.536968
73347: 0.536974
73348: 0.536981
73349: 0.536987
73350: 0.536993
73351: 0.536986
73352: 0.536992
73353: 0.536999
73354: 0.537005
73355: 0.536998
73356: 0.53699
73357: 0.536997
73358: 0.537003
73359: 0.537009
73360: 0.537002
73361: 0.537008
73362: 0.537001
73363: 0.536994
73364: 0.536986
73365: 0.536993
73366: 0.536985
73367: 0.536978
73368: 0.536984
73369: 0.536991
73370: 0.536997
73371: 0.537003
73372: 0.536996
73373: 0.536989
73374: 0.536981
73375: 0.536988
73376: 0.536994
73377: 0.537
73378: 0.537007
73379: 0.537013
73380: 0.537019
73381: 0.537012
73382: 0.537018
73383: 0.537011
73384: 0.537017
73385: 0.53701
73386: 0.537016
73387: 0.537022
73388: 0.537029
73389: 0.537035
73390: 0.537041
73391: 0.537034
73392: 0.537027
73393: 0.537019
73394: 0.537026
73395: 0.537032
73396: 0.537025
73397: 0.537031
73398: 0.537037
73399: 0.537044
73400: 0.53705
73401: 0.537056
73402: 0.537063
73403: 0.537055
73404: 0.537062
73405: 0.537068
73406: 0.537074
73407: 0.53708
73408: 0.537087
73409: 0.537079
73410: 0.537072
73411: 0.537065
73412: 0.537057
73413: 0.537064
73414: 0.537056
73415: 0.537049
73416: 0.537055
73417: 0.537062
73418: 0.537068
73419: 0.537074
73420: 0.537081
73421: 0.537073
73422: 0.53708
73423: 0.537072
73424: 0.537079
73425: 0.537071
73426: 0.537078
73427: 0.537084
73428: 0.53709
73429: 0.537083
73430: 0.537076
73431: 0.537082
73432: 0.537088
73433: 0.537081
73434: 0.537087
73435: 0.53708
73436: 0.537073
73437: 0.537065
73438: 0.537058
73439: 0.537051
73440: 0.537057
73441: 0.537063
73442: 0.537056
73443: 0.537062
73444: 0.537055
73445: 0.537061
73446: 0.537054
73447: 0.537047
73448: 0.537039
73449: 0.537032
73450: 0.537038
73451: 0.537045
73452: 0.537051
73453: 0.537057
73454: 0.537064
73455: 0.53707
73456: 0.537076
73457: 0.537082
73458: 0.537089
73459: 0.537081
73460: 0.537074
73461: 0.537067
73462: 0.537059
73463: 0.537066
73464: 0.537058
73465: 0.537065
73466: 0.537071
73467: 0.537064
73468: 0.53707
73469: 0.537063
73470: 0.537069
73471: 0.537075
73472: 0.537082
73473: 0.537074
73474: 0.537067
73475: 0.537073
73476: 0.537066
73477: 0.537072
73478: 0.537065
73479: 0.537058
73480: 0.53705
73481: 0.537057
73482: 0.537063
73483: 0.537056
73484: 0.537062
73485: 0.537055
73486: 0.537061
73487: 0.537054
73488: 0.53706
73489: 0.537066
73490: 0.537059
73491: 0.537052
73492: 0.537058
73493: 0.537064
73494: 0.537057
73495: 0.53705
73496: 0.537056
73497: 0.537049
73498: 0.537041
73499: 0.537048
73500: 0.53704
73501: 0.537047
73502: 0.537039
73503: 0.537032
73504: 0.537025
73505: 0.537031
73506: 0.537037
73507: 0.537044
73508: 0.53705
73509: 0.537043
73510: 0.537049
73511: 0.537055
73512: 0.537061
73513: 0.537054
73514: 0.537047
73515: 0.53704
73516: 0.537032
73517: 0.537025
73518: 0.537018
73519: 0.53701
73520: 0.537003
73521: 0.536996
73522: 0.537002
73523: 0.537008
73524: 0.537015
73525: 0.537007
73526: 0.537014
73527: 0.537006
73528: 0.536999
73529: 0.537005
73530: 0.537012
73531: 0.537018
73532: 0.537024
73533: 0.537017
73534: 0.53701
73535: 0.537016
73536: 0.537009
73537: 0.537015
73538: 0.537021
73539: 0.537027
73540: 0.537034
73541: 0.537026
73542: 0.537033
73543: 0.537025
73544: 0.537032
73545: 0.537024
73546: 0.537031
73547: 0.537037
73548: 0.537043
73549: 0.53705
73550: 0.537042
73551: 0.537049
73552: 0.537041
73553: 0.537034
73554: 0.53704
73555: 0.537047
73556: 0.537053
73557: 0.537059
73558: 0.537052
73559: 0.537045
73560: 0.537037
73561: 0.53703
73562: 0.537036
73563: 0.537043
73564: 0.537049
73565: 0.537042
73566: 0.537034
73567: 0.537041
73568: 0.537047
73569: 0.537053
73570: 0.537059
73571: 0.537052
73572: 0.537045
73573: 0.537051
73574: 0.537044
73575: 0.53705
73576: 0.537043
73577: 0.537049
73578: 0.537042
73579: 0.537048
73580: 0.537041
73581: 0.537047
73582: 0.537053
73583: 0.53706
73584: 0.537066
73585: 0.537072
73586: 0.537079
73587: 0.537085
73588: 0.537078
73589: 0.53707
73590: 0.537077
73591: 0.537069
73592: 0.537062
73593: 0.537055
73594: 0.537047
73595: 0.53704
73596: 0.537046
73597: 0.537053
73598: 0.537059
73599: 0.537052
73600: 0.537044
73601: 0.537051
73602: 0.537043
73603: 0.53705
73604: 0.537056
73605: 0.537049
73606: 0.537041
73607: 0.537048
73608: 0.537054
73609: 0.53706
73610: 0.537053
73611: 0.537059
73612: 0.537065
73613: 0.537058
73614: 0.537064
73615: 0.537057
73616: 0.53705
73617: 0.537043
73618: 0.537035
73619: 0.537028
73620: 0.537034
73621: 0.537041
73622: 0.537033
73623: 0.53704
73624: 0.537046
73625: 0.537052
73626: 0.537058
73627: 0.537065
73628: 0.537071
73629: 0.537077
73630: 0.53707
73631: 0.537063
73632: 0.537055
73633: 0.537048
73634: 0.537054
73635: 0.537047
73636: 0.53704
73637: 0.537046
73638: 0.537039
73639: 0.537032
73640: 0.537038
73641: 0.53703
73642: 0.537023
73643: 0.537016
73644: 0.537022
73645: 0.537028
73646: 0.537021
73647: 0.537014
73648: 0.53702
73649: 0.537013
73650: 0.537019
73651: 0.537012
73652: 0.537018
73653: 0.537024
73654: 0.537031
73655: 0.537037
73656: 0.53703
73657: 0.537022
73658: 0.537029
73659: 0.537035
73660: 0.537028
73661: 0.537034
73662: 0.53704
73663: 0.537033
73664: 0.537039
73665: 0.537032
73666: 0.537025
73667: 0.537017
73668: 0.537024
73669: 0.537016
73670: 0.537009
73671: 0.537015
73672: 0.537008
73673: 0.537001
73674: 0.536994
73675: 0.537
73676: 0.536993
73677: 0.536999
73678: 0.536992
73679: 0.536984
73680: 0.536991
73681: 0.536983
73682: 0.536976
73683: 0.536982
73684: 0.536989
73685: 0.536981
73686: 0.536988
73687: 0.53698
73688: 0.536987
73689: 0.536993
73690: 0.536999
73691: 0.536992
73692: 0.536985
73693: 0.536977
73694: 0.536984
73695: 0.53699
73696: 0.536996
73697: 0.536989
73698: 0.536995
73699: 0.537001
73700: 0.537008
73701: 0.537014
73702: 0.53702
73703: 0.537026
73704: 0.537019
73705: 0.537025
73706: 0.537018
73707: 0.537024
73708: 0.537031
73709: 0.537023
73710: 0.537016
73711: 0.537022
73712: 0.537029
73713: 0.537021
73714: 0.537028
73715: 0.53702
73716: 0.537027
73717: 0.537019
73718: 0.537026
73719: 0.537032
73720: 0.537038
73721: 0.537031
73722: 0.537024
73723: 0.53703
73724: 0.537023
73725: 0.537029
73726: 0.537035
73727: 0.537028
73728: 0.537034
73729: 0.537041
73730: 0.537033
73731: 0.537026
73732: 0.537019
73733: 0.537011
73734: 0.537018
73735: 0.53701
73736: 0.537003
73737: 0.536996
73738: 0.536989
73739: 0.536995
73740: 0.536988
73741: 0.53698
73742: 0.536987
73743: 0.536979
73744: 0.536986
73745: 0.536992
73746: 0.536998
73747: 0.537004
73748: 0.537011
73749: 0.537003
73750: 0.53701
73751: 0.537016
73752: 0.537009
73753: 0.537001
73754: 0.536994
73755: 0.537
73756: 0.536993
73757: 0.536986
73758: 0.536979
73759: 0.536985
73760: 0.536978
73761: 0.53697
73762: 0.536963
73763: 0.536969
73764: 0.536976
73765: 0.536968
73766: 0.536975
73767: 0.536967
73768: 0.53696
73769: 0.536966
73770: 0.536973
73771: 0.536979
73772: 0.536985
73773: 0.536991
73774: 0.536984
73775: 0.53699
73776: 0.536983
73777: 0.536976
73778: 0.536982
73779: 0.536988
73780: 0.536981
73781: 0.536974
73782: 0.53698
73783: 0.536986
73784: 0.536993
73785: 0.536999
73786: 0.537005
73787: 0.536998
73788: 0.536991
73789: 0.536997
73790: 0.537003
73791: 0.537009
73792: 0.537016
73793: 0.537008
73794: 0.537001
73795: 0.536994
73796: 0.537
73797: 0.537006
73798: 0.537013
73799: 0.537005
73800: 0.537012
73801: 0.537018
73802: 0.537024
73803: 0.537031
73804: 0.537023
73805: 0.53703
73806: 0.537036
73807: 0.537042
73808: 0.537048
73809: 0.537041
73810: 0.537047
73811: 0.53704
73812: 0.537033
73813: 0.537025
73814: 0.537032
73815: 0.537024
73816: 0.537017
73817: 0.537023
73818: 0.53703
73819: 0.537036
73820: 0.537042
73821: 0.537049
73822: 0.537041
73823: 0.537034
73824: 0.53704
73825: 0.537033
73826: 0.537026
73827: 0.537018
73828: 0.537011
73829: 0.537004
73830: 0.536997
73831: 0.537003
73832: 0.537009
73833: 0.537015
73834: 0.537022
73835: 0.537028
73836: 0.537034
73837: 0.537041
73838: 0.537033
73839: 0.53704
73840: 0.537046
73841: 0.537052
73842: 0.537045
73843: 0.537038
73844: 0.53703
73845: 0.537037
73846: 0.537043
73847: 0.537049
73848: 0.537055
73849: 0.537062
73850: 0.537068
73851: 0.537074
73852: 0.53708
73853: 0.537087
73854: 0.537093
73855: 0.537086
73856: 0.537092
73857: 0.537098
73858: 0.537104
73859: 0.537097
73860: 0.53709
73861: 0.537096
73862: 0.537102
73863: 0.537095
73864: 0.537088
73865: 0.537081
73866: 0.537073
73867: 0.53708
73868: 0.537072
73869: 0.537079
73870: 0.537071
73871: 0.537064
73872: 0.537057
73873: 0.53705
73874: 0.537056
73875: 0.537062
73876: 0.537055
73877: 0.537061
73878: 0.537067
73879: 0.53706
73880: 0.537053
73881: 0.537046
73882: 0.537038
73883: 0.537045
73884: 0.537037
73885: 0.53703
73886: 0.537036
73887: 0.537029
73888: 0.537022
73889: 0.537014
73890: 0.537021
73891: 0.537013
73892: 0.537006
73893: 0.536999
73894: 0.536992
73895: 0.536984
73896: 0.536991
73897: 0.536997
73898: 0.537003
73899: 0.537009
73900: 0.537002
73901: 0.537008
73902: 0.537015
73903: 0.537021
73904: 0.537027
73905: 0.53702
73906: 0.537013
73907: 0.537005
73908: 0.537012
73909: 0.537018
73910: 0.537024
73911: 0.537017
73912: 0.537023
73913: 0.537016
73914: 0.537022
73915: 0.537015
73916: 0.537008
73917: 0.537014
73918: 0.537007
73919: 0.537013
73920: 0.537019
73921: 0.537026
73922: 0.537032
73923: 0.537025
73924: 0.537031
73925: 0.537037
73926: 0.537043
73927: 0.537036
73928: 0.537042
73929: 0.537035
73930: 0.537028
73931: 0.537021
73932: 0.537013
73933: 0.537006
73934: 0.536999
73935: 0.536991
73936: 0.536998
73937: 0.537004
73938: 0.536997
73939: 0.537003
73940: 0.536996
73941: 0.536988
73942: 0.536995
73943: 0.536987
73944: 0.536994
73945: 0.537
73946: 0.536993
73947: 0.536985
73948: 0.536992
73949: 0.536984
73950: 0.536991
73951: 0.536983
73952: 0.536976
73953: 0.536969
73954: 0.536962
73955: 0.536968
73956: 0.536961
73957: 0.536953
73958: 0.536946
73959: 0.536939
73960: 0.536945
73961: 0.536938
73962: 0.536931
73963: 0.536937
73964: 0.53693
73965: 0.536922
73966: 0.536915
73967: 0.536921
73968: 0.536928
73969: 0.536934
73970: 0.53694
73971: 0.536946
73972: 0.536953
73973: 0.536945
73974: 0.536938
73975: 0.536931
73976: 0.536937
73977: 0.53693
73978: 0.536936
73979: 0.536942
73980: 0.536935
73981: 0.536928
73982: 0.536934
73983: 0.536927
73984: 0.536933
73985: 0.536939
73986: 0.536946
73987: 0.536938
73988: 0.536931
73989: 0.536937
73990: 0.53693
73991: 0.536936
73992: 0.536943
73993: 0.536949
73994: 0.536955
73995: 0.536948
73996: 0.536954
73997: 0.536947
73998: 0.53694
73999: 0.536946
74000: 0.536939
74001: 0.536945
74002: 0.536938
74003: 0.536944
74004: 0.53695
74005: 0.536956
74006: 0.536949
74007: 0.536942
74008: 0.536948
74009: 0.536954
74010: 0.536961
74011: 0.536967
74012: 0.536973
74013: 0.536966
74014: 0.536959
74015: 0.536965
74016: 0.536971
74017: 0.536977
74018: 0.536984
74019: 0.536976
74020: 0.536983
74021: 0.536989
74022: 0.536995
74023: 0.536988
74024: 0.536981
74025: 0.536973
74026: 0.53698
74027: 0.536972
74028: 0.536979
74029: 0.536971
74030: 0.536978
74031: 0.536984
74032: 0.536977
74033: 0.536983
74034: 0.536989
74035: 0.536982
74036: 0.536988
74037: 0.536995
74038: 0.536987
74039: 0.53698
74040: 0.536973
74041: 0.536979
74042: 0.536985
74043: 0.536978
74044: 0.536971
74045: 0.536964
74046: 0.536956
74047: 0.536949
74048: 0.536955
74049: 0.536962
74050: 0.536954
74051: 0.536947
74052: 0.536953
74053: 0.53696
74054: 0.536952
74055: 0.536959
74056: 0.536965
74057: 0.536958
74058: 0.536964
74059: 0.536957
74060: 0.536949
74061: 0.536956
74062: 0.536948
74063: 0.536955
74064: 0.536947
74065: 0.536954
74066: 0.53696
74067: 0.536966
74068: 0.536959
74069: 0.536952
74070: 0.536958
74071: 0.536951
74072: 0.536957
74073: 0.536963
74074: 0.536969
74075: 0.536976
74076: 0.536968
74077: 0.536961
74078: 0.536967
74079: 0.536974
74080: 0.53698
74081: 0.536986
74082: 0.536992
74083: 0.536985
74084: 0.536978
74085: 0.536984
74086: 0.53699
74087: 0.536983
74088: 0.536989
74089: 0.536996
74090: 0.537002
74091: 0.536995
74092: 0.536987
74093: 0.53698
74094: 0.536973
74095: 0.536979
74096: 0.536972
74097: 0.536965
74098: 0.536971
74099: 0.536977
74100: 0.536983
74101: 0.53699
74102: 0.536996
74103: 0.536989
74104: 0.536981
74105: 0.536988
74106: 0.53698
74107: 0.536987
74108: 0.536993
74109: 0.536999
74110: 0.537005
74111: 0.537012
74112: 0.537018
74113: 0.537011
74114: 0.537003
74115: 0.536996
74116: 0.537002
74117: 0.536995
74118: 0.537001
74119: 0.537008
74120: 0.537
74121: 0.537007
74122: 0.537013
74123: 0.537019
74124: 0.537025
74125: 0.537018
74126: 0.537011
74127: 0.537004
74128: 0.53701
74129: 0.537003
74130: 0.536995
74131: 0.537002
74132: 0.536994
74133: 0.537001
74134: 0.537007
74135: 0.537013
74136: 0.537006
74137: 0.537012
74138: 0.537005
74139: 0.537011
74140: 0.537004
74141: 0.536997
74142: 0.536989
74143: 0.536982
74144: 0.536988
74145: 0.536981
74146: 0.536987
74147: 0.53698
74148: 0.536973
74149: 0.536966
74150: 0.536972
74151: 0.536978
74152: 0.536971
74153: 0.536964
74154: 0.53697
74155: 0.536976
74156: 0.536982
74157: 0.536975
74158: 0.536968
74159: 0.536961
74160: 0.536967
74161: 0.53696
74162: 0.536952
74163: 0.536959
74164: 0.536951
74165: 0.536944
74166: 0.53695
74167: 0.536957
74168: 0.536963
74169: 0.536969
74170: 0.536975
74171: 0.536982
74172: 0.536974
74173: 0.536967
74174: 0.53696
74175: 0.536953
74176: 0.536945
74177: 0.536952
74178: 0.536958
74179: 0.536951
74180: 0.536957
74181: 0.53695
74182: 0.536956
74183: 0.536962
74184: 0.536968
74185: 0.536975
74186: 0.536981
74187: 0.536987
74188: 0.53698
74189: 0.536986
74190: 0.536992
74191: 0.536985
74192: 0.536978
74193: 0.536984
74194: 0.53699
74195: 0.536997
74196: 0.537003
74197: 0.536996
74198: 0.537002
74199: 0.537008
74200: 0.537001
74201: 0.537007
74202: 0.537
74203: 0.536993
74204: 0.536999
74205: 0.537005
74206: 0.536998
74207: 0.537004
74208: 0.53701
74209: 0.537003
74210: 0.537009
74211: 0.537016
74212: 0.537008
74213: 0.537015
74214: 0.537007
74215: 0.537014
74216: 0.53702
74217: 0.537013
74218: 0.537019
74219: 0.537025
74220: 0.537018
74221: 0.537011
74222: 0.537017
74223: 0.53701
74224: 0.537002
74225: 0.536995
74226: 0.537001
74227: 0.536994
74228: 0.537
74229: 0.537007
74230: 0.536999
74231: 0.537006
74232: 0.536998
74233: 0.537005
74234: 0.537011
74235: 0.537004
74236: 0.53701
74237: 0.537016
74238: 0.537022
74239: 0.537029
74240: 0.537035
74241: 0.537041
74242: 0.537034
74243: 0.53704
74244: 0.537046
74245: 0.537039
74246: 0.537045
74247: 0.537038
74248: 0.537031
74249: 0.537037
74250: 0.53703
74251: 0.537023
74252: 0.537015
74253: 0.537008
74254: 0.537014
74255: 0.537007
74256: 0.537
74257: 0.536993
74258: 0.536999
74259: 0.537005
74260: 0.536998
74261: 0.537004
74262: 0.536997
74263: 0.53699
74264: 0.536982
74265: 0.536975
74266: 0.536981
74267: 0.536988
74268: 0.536994
74269: 0.537
74270: 0.537006
74271: 0.537013
74272: 0.537005
74273: 0.536998
74274: 0.536991
74275: 0.536997
74276: 0.53699
74277: 0.536983
74278: 0.536989
74279: 0.536995
74280: 0.537001
74281: 0.536994
74282: 0.537
74283: 0.536993
74284: 0.536986
74285: 0.536992
74286: 0.536998
74287: 0.536991
74288: 0.536984
74289: 0.536977
74290: 0.536983
74291: 0.536989
74292: 0.536982
74293: 0.536988
74294: 0.536994
74295: 0.537001
74296: 0.537007
74297: 0.537
74298: 0.536992
74299: 0.536985
74300: 0.536978
74301: 0.536984
74302: 0.53699
74303: 0.536997
74304: 0.537003
74305: 0.537009
74306: 0.537002
74307: 0.536995
74308: 0.536987
74309: 0.53698
74310: 0.536986
74311: 0.536979
74312: 0.536972
74313: 0.536978
74314: 0.536971
74315: 0.536964
74316: 0.536957
74317: 0.536949
74318: 0.536956
74319: 0.536948
74320: 0.536955
74321: 0.536947
74322: 0.53694
74323: 0.536946
74324: 0.536939
74325: 0.536932
74326: 0.536938
74327: 0.536944
74328: 0.536937
74329: 0.536943
74330: 0.53695
74331: 0.536956
74332: 0.536949
74333: 0.536941
74334: 0.536948
74335: 0.536954
74336: 0.53696
74337: 0.536966
74338: 0.536973
74339: 0.536965
74340: 0.536972
74341: 0.536978
74342: 0.536971
74343: 0.536977
74344: 0.53697
74345: 0.536962
74346: 0.536969
74347: 0.536975
74348: 0.536981
74349: 0.536974
74350: 0.536967
74351: 0.536973
74352: 0.536979
74353: 0.536985
74354: 0.536978
74355: 0.536971
74356: 0.536964
74357: 0.536956
74358: 0.536949
74359: 0.536955
74360: 0.536948
74361: 0.536941
74362: 0.536947
74363: 0.53694
74364: 0.536933
74365: 0.536925
74366: 0.536918
74367: 0.536911
74368: 0.536904
74369: 0.53691
74370: 0.536916
74371: 0.536922
74372: 0.536915
74373: 0.536922
74374: 0.536914
74375: 0.536921
74376: 0.536913
74377: 0.53692
74378: 0.536926
74379: 0.536932
74380: 0.536938
74381: 0.536931
74382: 0.536937
74383: 0.536943
74384: 0.53695
74385: 0.536956
74386: 0.536949
74387: 0.536941
74388: 0.536948
74389: 0.53694
74390: 0.536933
74391: 0.536926
74392: 0.536919
74393: 0.536912
74394: 0.536904
74395: 0.536897
74396: 0.536903
74397: 0.53691
74398: 0.536916
74399: 0.536922
74400: 0.536928
74401: 0.536921
74402: 0.536914
74403: 0.53692
74404: 0.536926
74405: 0.536933
74406: 0.536939
74407: 0.536932
74408: 0.536938
74409: 0.536944
74410: 0.53695
74411: 0.536956
74412: 0.536963
74413: 0.536955
74414: 0.536962
74415: 0.536954
74416: 0.536947
74417: 0.53694
74418: 0.536946
74419: 0.536939
74420: 0.536932
74421: 0.536925
74422: 0.536917
74423: 0.53691
74424: 0.536916
74425: 0.536923
74426: 0.536929
74427: 0.536922
74428: 0.536914
74429: 0.536921
74430: 0.536927
74431: 0.536933
74432: 0.536926
74433: 0.536932
74434: 0.536925
74435: 0.536931
74436: 0.536937
74437: 0.53693
74438: 0.536936
74439: 0.536943
74440: 0.536949
74441: 0.536955
74442: 0.536961
74443: 0.536967
74444: 0.53696
74445: 0.536966
74446: 0.536973
74447: 0.536965
74448: 0.536958
74449: 0.536951
74450: 0.536944
74451: 0.536937
74452: 0.536943
74453: 0.536949
74454: 0.536942
74455: 0.536948
74456: 0.536941
74457: 0.536934
74458: 0.536926
74459: 0.536933
74460: 0.536925
74461: 0.536918
74462: 0.536924
74463: 0.536917
74464: 0.536923
74465: 0.53693
74466: 0.536936
74467: 0.536942
74468: 0.536948
74469: 0.536941
74470: 0.536947
74471: 0.536953
74472: 0.536946
74473: 0.536952
74474: 0.536945
74475: 0.536938
74476: 0.536944
74477: 0.536937
74478: 0.536943
74479: 0.536936
74480: 0.536942
74481: 0.536935
74482: 0.536941
74483: 0.536948
74484: 0.536954
74485: 0.53696
74486: 0.536953
74487: 0.536946
74488: 0.536952
74489: 0.536945
74490: 0.536951
74491: 0.536944
74492: 0.53695
74493: 0.536943
74494: 0.536949
74495: 0.536942
74496: 0.536948
74497: 0.536941
74498: 0.536933
74499: 0.53694
74500: 0.536946
74501: 0.536939
74502: 0.536945
74503: 0.536951
74504: 0.536944
74505: 0.536937
74506: 0.536943
74507: 0.536949
74508: 0.536942
74509: 0.536935
74510: 0.536927
74511: 0.536934
74512: 0.536926
74513: 0.536933
74514: 0.536939
74515: 0.536945
74516: 0.536951
74517: 0.536958
74518: 0.536964
74519: 0.536957
74520: 0.536949
74521: 0.536942
74522: 0.536948
74523: 0.536941
74524: 0.536934
74525: 0.536927
74526: 0.53692
74527: 0.536926
74528: 0.536932
74529: 0.536925
74530: 0.536918
74531: 0.536924
74532: 0.536917
74533: 0.536923
74534: 0.536929
74535: 0.536935
74536: 0.536941
74537: 0.536934
74538: 0.53694
74539: 0.536947
74540: 0.536953
74541: 0.536946
74542: 0.536952
74543: 0.536945
74544: 0.536937
74545: 0.53693
74546: 0.536923
74547: 0.536929
74548: 0.536922
74549: 0.536915
74550: 0.536908
74551: 0.536914
74552: 0.53692
74553: 0.536926
74554: 0.536932
74555: 0.536925
74556: 0.536918
74557: 0.536924
74558: 0.536917
74559: 0.53691
74560: 0.536916
74561: 0.536922
74562: 0.536915
74563: 0.536921
74564: 0.536914
74565: 0.536907
74566: 0.536913
74567: 0.536906
74568: 0.536912
74569: 0.536918
74570: 0.536911
74571: 0.536917
74572: 0.53691
74573: 0.536903
74574: 0.536896
74575: 0.536902
74576: 0.536895
74577: 0.536888
74578: 0.536894
74579: 0.5369
74580: 0.536906
74581: 0.536912
74582: 0.536905
74583: 0.536911
74584: 0.536918
74585: 0.53691
74586: 0.536917
74587: 0.536909
74588: 0.536902
74589: 0.536908
74590: 0.536901
74591: 0.536894
74592: 0.5369
74593: 0.536906
74594: 0.536899
74595: 0.536905
74596: 0.536912
74597: 0.536904
74598: 0.536911
74599: 0.536903
74600: 0.536896
74601: 0.536902
74602: 0.536909
74603: 0.536915
74604: 0.536921
74605: 0.536914
74606: 0.53692
74607: 0.536926
74608: 0.536919
74609: 0.536912
74610: 0.536918
74611: 0.536924
74612: 0.536931
74613: 0.536923
74614: 0.53693
74615: 0.536922
74616: 0.536915
74617: 0.536908
74618: 0.536901
74619: 0.536894
74620: 0.5369
74621: 0.536893
74622: 0.536885
74623: 0.536892
74624: 0.536884
74625: 0.536891
74626: 0.536897
74627: 0.53689
74628: 0.536896
74629: 0.536902
74630: 0.536908
74631: 0.536914
74632: 0.536921
74633: 0.536927
74634: 0.53692
74635: 0.536912
74636: 0.536905
74637: 0.536898
74638: 0.536891
74639: 0.536884
74640: 0.53689
74641: 0.536896
74642: 0.536902
74643: 0.536909
74644: 0.536915
74645: 0.536908
74646: 0.536914
74647: 0.53692
74648: 0.536926
74649: 0.536932
74650: 0.536939
74651: 0.536945
74652: 0.536951
74653: 0.536957
74654: 0.536963
74655: 0.53697
74656: 0.536976
74657: 0.536982
74658: 0.536988
74659: 0.536994
74660: 0.537001
74661: 0.536993
74662: 0.536986
74663: 0.536992
74664: 0.536985
74665: 0.536991
74666: 0.536998
74667: 0.53699
74668: 0.536983
74669: 0.536989
74670: 0.536996
74671: 0.537002
74672: 0.537008
74673: 0.537014
74674: 0.53702
74675: 0.537013
74676: 0.537006
74677: 0.537012
74678: 0.537018
74679: 0.537011
74680: 0.537017
74681: 0.53701
74682: 0.537003
74683: 0.536996
74684: 0.537002
74685: 0.537008
74686: 0.537001
74687: 0.536994
74688: 0.537
74689: 0.537006
74690: 0.537012
74691: 0.537019
74692: 0.537012
74693: 0.537018
74694: 0.537024
74695: 0.537017
74696: 0.53701
74697: 0.537016
74698: 0.537009
74699: 0.537001
74700: 0.536994
74701: 0.536987
74702: 0.53698
74703: 0.536973
74704: 0.536979
74705: 0.536985
74706: 0.536991
74707: 0.536997
74708: 0.53699
74709: 0.536996
74710: 0.536989
74711: 0.536982
74712: 0.536975
74713: 0.536968
74714: 0.536974
74715: 0.53698
74716: 0.536973
74717: 0.536966
74718: 0.536972
74719: 0.536965
74720: 0.536957
74721: 0.536964
74722: 0.536956
74723: 0.536949
74724: 0.536942
74725: 0.536948
74726: 0.536955
74727: 0.536947
74728: 0.536954
74729: 0.53696
74730: 0.536966
74731: 0.536972
74732: 0.536965
74733: 0.536958
74734: 0.536964
74735: 0.53697
74736: 0.536963
74737: 0.536969
74738: 0.536962
74739: 0.536955
74740: 0.536961
74741: 0.536954
74742: 0.53696
74743: 0.536966
74744: 0.536959
74745: 0.536952
74746: 0.536945
74747: 0.536937
74748: 0.536944
74749: 0.536936
74750: 0.536943
74751: 0.536949
74752: 0.536955
74753: 0.536961
74754: 0.536954
74755: 0.53696
74756: 0.536953
74757: 0.536959
74758: 0.536965
74759: 0.536958
74760: 0.536964
74761: 0.536971
74762: 0.536963
74763: 0.536956
74764: 0.536962
74765: 0.536969
74766: 0.536961
74767: 0.536968
74768: 0.536961
74769: 0.536953
74770: 0.536946
74771: 0.536952
74772: 0.536959
74773: 0.536951
74774: 0.536958
74775: 0.536964
74776: 0.536957
74777: 0.536963
74778: 0.536969
74779: 0.536975
74780: 0.536981
74781: 0.536974
74782: 0.53698
74783: 0.536973
74784: 0.536966
74785: 0.536959
74786: 0.536952
74787: 0.536958
74788: 0.536964
74789: 0.536957
74790: 0.536963
74791: 0.536956
74792: 0.536962
74793: 0.536955
74794: 0.536948
74795: 0.53694
74796: 0.536947
74797: 0.536953
74798: 0.536959
74799: 0.536965
74800: 0.536958
74801: 0.536951
74802: 0.536957
74803: 0.53695
74804: 0.536943
74805: 0.536936
74806: 0.536928
74807: 0.536921
74808: 0.536914
74809: 0.536907
74810: 0.536913
74811: 0.536919
74812: 0.536925
74813: 0.536932
74814: 0.536924
74815: 0.536917
74816: 0.53691
74817: 0.536903
74818: 0.536896
74819: 0.536902
74820: 0.536895
74821: 0.536901
74822: 0.536894
74823: 0.5369
74824: 0.536893
74825: 0.536886
74826: 0.536878
74827: 0.536885
74828: 0.536877
74829: 0.536884
74830: 0.53689
74831: 0.536896
74832: 0.536889
74833: 0.536882
74834: 0.536874
74835: 0.536867
74836: 0.53686
74837: 0.536853
74838: 0.536859
74839: 0.536865
74840: 0.536858
74841: 0.536851
74842: 0.536844
74843: 0.536837
74844: 0.536829
74845: 0.536822
74846: 0.536815
74847: 0.536808
74848: 0.536814
74849: 0.53682
74850: 0.536826
74851: 0.536833
74852: 0.536826
74853: 0.536818
74854: 0.536811
74855: 0.536804
74856: 0.536797
74857: 0.536803
74858: 0.536809
74859: 0.536802
74860: 0.536795
74861: 0.536801
74862: 0.536807
74863: 0.536813
74864: 0.53682
74865: 0.536812
74866: 0.536805
74867: 0.536811
74868: 0.536804
74869: 0.536797
74870: 0.536803
74871: 0.536796
74872: 0.536789
74873: 0.536782
74874: 0.536788
74875: 0.536794
74876: 0.5368
74877: 0.536807
74878: 0.536813
74879: 0.536819
74880: 0.536825
74881: 0.536818
74882: 0.536811
74883: 0.536804
74884: 0.53681
74885: 0.536816
74886: 0.536822
74887: 0.536828
74888: 0.536835
74889: 0.536841
74890: 0.536847
74891: 0.536853
74892: 0.536859
74893: 0.536865
74894: 0.536858
74895: 0.536851
74896: 0.536844
74897: 0.53685
74898: 0.536856
74899: 0.536862
74900: 0.536855
74901: 0.536848
74902: 0.536841
74903: 0.536834
74904: 0.53684
74905: 0.536833
74906: 0.536839
74907: 0.536832
74908: 0.536838
74909: 0.536844
74910: 0.53685
74911: 0.536843
74912: 0.536836
74913: 0.536842
74914: 0.536848
74915: 0.536841
74916: 0.536834
74917: 0.53684
74918: 0.536833
74919: 0.536839
74920: 0.536845
74921: 0.536852
74922: 0.536844
74923: 0.536837
74924: 0.53683
74925: 0.536823
74926: 0.536816
74927: 0.536822
74928: 0.536828
74929: 0.536834
74930: 0.536827
74931: 0.53682
74932: 0.536826
74933: 0.536832
74934: 0.536839
74935: 0.536845
74936: 0.536851
74937: 0.536857
74938: 0.536863
74939: 0.536856
74940: 0.536849
74941: 0.536855
74942: 0.536861
74943: 0.536854
74944: 0.536847
74945: 0.53684
74946: 0.536846
74947: 0.536839
74948: 0.536832
74949: 0.536838
74950: 0.536844
74951: 0.536837
74952: 0.536843
74953: 0.536836
74954: 0.536842
74955: 0.536835
74956: 0.536841
74957: 0.536834
74958: 0.536827
74959: 0.53682
74960: 0.536826
74961: 0.536832
74962: 0.536838
74963: 0.536831
74964: 0.536824
74965: 0.53683
74966: 0.536836
74967: 0.536842
74968: 0.536849
74969: 0.536855
74970: 0.536848
74971: 0.536854
74972: 0.536847
74973: 0.536839
74974: 0.536832
74975: 0.536825
74976: 0.536831
74977: 0.536824
74978: 0.53683
74979: 0.536823
74980: 0.536816
74981: 0.536822
74982: 0.536815
74983: 0.536808
74984: 0.536814
74985: 0.536807
74986: 0.536813
74987: 0.536819
74988: 0.536812
74989: 0.536818
74990: 0.536811
74991: 0.536817
74992: 0.536823
74993: 0.53683
74994: 0.536822
74995: 0.536815
74996: 0.536808
74997: 0.536801
74998: 0.536794
74999: 0.536787
75000: 0.53678
75001: 0.536772
75002: 0.536765
75003: 0.536771
75004: 0.536778
75005: 0.536784
75006: 0.536777
75007: 0.536769
75008: 0.536776
75009: 0.536782
75010: 0.536788
75011: 0.536794
75012: 0.536787
75013: 0.53678
75014: 0.536773
75015: 0.536765
75016: 0.536772
75017: 0.536778
75018: 0.536784
75019: 0.536777
75020: 0.53677
75021: 0.536776
75022: 0.536769
75023: 0.536762
75024: 0.536754
75025: 0.536761
75026: 0.536753
75027: 0.536746
75028: 0.536752
75029: 0.536745
75030: 0.536751
75031: 0.536758
75032: 0.53675
75033: 0.536743
75034: 0.536736
75035: 0.536729
75036: 0.536735
75037: 0.536728
75038: 0.536721
75039: 0.536727
75040: 0.53672
75041: 0.536726
75042: 0.536732
75043: 0.536725
75044: 0.536731
75045: 0.536724
75046: 0.536717
75047: 0.536723
75048: 0.536716
75049: 0.536722
75050: 0.536715
75051: 0.536708
75052: 0.536714
75053: 0.536707
75054: 0.5367
75055: 0.536693
75056: 0.536699
75057: 0.536692
75058: 0.536698
75059: 0.536704
75060: 0.536697
75061: 0.536703
75062: 0.536709
75063: 0.536702
75064: 0.536708
75065: 0.536701
75066: 0.536707
75067: 0.536713
75068: 0.53672
75069: 0.536726
75070: 0.536732
75071: 0.536738
75072: 0.536744
75073: 0.536737
75074: 0.536743
75075: 0.536736
75076: 0.536742
75077: 0.536748
75078: 0.536755
75079: 0.536747
75080: 0.536754
75081: 0.536746
75082: 0.536739
75083: 0.536746
75084: 0.536752
75085: 0.536745
75086: 0.536737
75087: 0.536744
75088: 0.536736
75089: 0.536743
75090: 0.536749
75091: 0.536742
75092: 0.536734
75093: 0.536741
75094: 0.536747
75095: 0.53674
75096: 0.536732
75097: 0.536739
75098: 0.536745
75099: 0.536751
75100: 0.536744
75101: 0.536737
75102: 0.53673
75103: 0.536722
75104: 0.536729
75105: 0.536721
75106: 0.536714
75107: 0.53672
75108: 0.536727
75109: 0.536719
75110: 0.536726
75111: 0.536719
75112: 0.536711
75113: 0.536704
75114: 0.53671
75115: 0.536717
75116: 0.536723
75117: 0.536729
75118: 0.536735
75119: 0.536728
75120: 0.536734
75121: 0.53674
75122: 0.536746
75123: 0.536753
75124: 0.536745
75125: 0.536738
75126: 0.536731
75127: 0.536737
75128: 0.536743
75129: 0.53675
75130: 0.536756
75131: 0.536749
75132: 0.536755
75133: 0.536761
75134: 0.536754
75135: 0.536747
75136: 0.536753
75137: 0.536759
75138: 0.536752
75139: 0.536745
75140: 0.536751
75141: 0.536757
75142: 0.536763
75143: 0.536769
75144: 0.536776
75145: 0.536782
75146: 0.536775
75147: 0.536767
75148: 0.53676
75149: 0.536766
75150: 0.536759
75151: 0.536765
75152: 0.536758
75153: 0.536751
75154: 0.536757
75155: 0.536764
75156: 0.536756
75157: 0.536749
75158: 0.536742
75159: 0.536748
75160: 0.536741
75161: 0.536734
75162: 0.53674
75163: 0.536733
75164: 0.536726
75165: 0.536732
75166: 0.536725
75167: 0.536718
75168: 0.536711
75169: 0.536717
75170: 0.536723
75171: 0.536729
75172: 0.536722
75173: 0.536715
75174: 0.536721
75175: 0.536727
75176: 0.53672
75177: 0.536713
75178: 0.536706
75179: 0.536699
75180: 0.536705
75181: 0.536711
75182: 0.536704
75183: 0.536697
75184: 0.536689
75185: 0.536682
75186: 0.536675
75187: 0.536668
75188: 0.536674
75189: 0.53668
75190: 0.536673
75191: 0.536666
75192: 0.536659
75193: 0.536652
75194: 0.536658
75195: 0.536664
75196: 0.53667
75197: 0.536663
75198: 0.536656
75199: 0.536662
75200: 0.536668
75201: 0.536661
75202: 0.536667
75203: 0.536674
75204: 0.53668
75205: 0.536686
75206: 0.536679
75207: 0.536672
75208: 0.536678
75209: 0.536671
75210: 0.536664
75211: 0.53667
75212: 0.536663
75213: 0.536669
75214: 0.536662
75215: 0.536668
75216: 0.536674
75217: 0.536667
75218: 0.536673
75219: 0.536679
75220: 0.536685
75221: 0.536691
75222: 0.536698
75223: 0.53669
75224: 0.536697
75225: 0.536703
75226: 0.536696
75227: 0.536702
75228: 0.536695
75229: 0.536687
75230: 0.536694
75231: 0.5367
75232: 0.536706
75233: 0.536712
75234: 0.536718
75235: 0.536724
75236: 0.536717
75237: 0.53671
75238: 0.536703
75239: 0.536696
75240: 0.536702
75241: 0.536695
75242: 0.536701
75243: 0.536707
75244: 0.536713
75245: 0.536706
75246: 0.536712
75247: 0.536705
75248: 0.536698
75249: 0.536691
75250: 0.536697
75251: 0.536703
75252: 0.536696
75253: 0.536689
75254: 0.536682
75255: 0.536675
75256: 0.536681
75257: 0.536687
75258: 0.53668
75259: 0.536686
75260: 0.536679
75261: 0.536685
75262: 0.536678
75263: 0.536671
75264: 0.536664
75265: 0.536657
75266: 0.536663
75267: 0.536669
75268: 0.536662
75269: 0.536655
75270: 0.536648
75271: 0.53664
75272: 0.536633
75273: 0.536639
75274: 0.536646
75275: 0.536652
75276: 0.536658
75277: 0.536651
75278: 0.536644
75279: 0.53665
75280: 0.536643
75281: 0.536649
75282: 0.536655
75283: 0.536661
75284: 0.536654
75285: 0.536647
75286: 0.536653
75287: 0.536659
75288: 0.536665
75289: 0.536658
75290: 0.536664
75291: 0.536657
75292: 0.536663
75293: 0.53667
75294: 0.536676
75295: 0.536669
75296: 0.536661
75297: 0.536668
75298: 0.536661
75299: 0.536653
75300: 0.536646
75301: 0.536652
75302: 0.536659
75303: 0.536651
75304: 0.536658
75305: 0.536664
75306: 0.53667
75307: 0.536663
75308: 0.536669
75309: 0.536662
75310: 0.536668
75311: 0.536674
75312: 0.536667
75313: 0.53666
75314: 0.536666
75315: 0.536659
75316: 0.536652
75317: 0.536645
75318: 0.536638
75319: 0.53663
75320: 0.536637
75321: 0.536643
75322: 0.536649
75323: 0.536655
75324: 0.536648
75325: 0.536654
75326: 0.53666
75327: 0.536666
75328: 0.536659
75329: 0.536652
75330: 0.536658
75331: 0.536651
75332: 0.536657
75333: 0.53665
75334: 0.536656
75335: 0.536662
75336: 0.536669
75337: 0.536675
75338: 0.536668
75339: 0.53666
75340: 0.536653
75341: 0.536659
75342: 0.536652
75343: 0.536645
75344: 0.536638
75345: 0.536644
75346: 0.53665
75347: 0.536643
75348: 0.536636
75349: 0.536642
75350: 0.536635
75351: 0.536628
75352: 0.536634
75353: 0.53664
75354: 0.536647
75355: 0.536639
75356: 0.536632
75357: 0.536638
75358: 0.536631
75359: 0.536637
75360: 0.536644
75361: 0.536637
75362: 0.536629
75363: 0.536622
75364: 0.536615
75365: 0.536621
75366: 0.536627
75367: 0.536634
75368: 0.536626
75369: 0.536619
75370: 0.536612
75371: 0.536618
75372: 0.536625
75373: 0.536631
75374: 0.536637
75375: 0.536643
75376: 0.536636
75377: 0.536642
75378: 0.536648
75379: 0.536641
75380: 0.536647
75381: 0.53664
75382: 0.536633
75383: 0.536626
75384: 0.536619
75385: 0.536612
75386: 0.536618
75387: 0.536611
75388: 0.536617
75389: 0.536623
75390: 0.536629
75391: 0.536622
75392: 0.536628
75393: 0.536621
75394: 0.536627
75395: 0.536633
75396: 0.536639
75397: 0.536632
75398: 0.536625
75399: 0.536618
75400: 0.536611
75401: 0.536617
75402: 0.53661
75403: 0.536603
75404: 0.536609
75405: 0.536602
75406: 0.536608
75407: 0.536614
75408: 0.53662
75409: 0.536613
75410: 0.536606
75411: 0.536599
75412: 0.536592
75413: 0.536585
75414: 0.536591
75415: 0.536584
75416: 0.53659
75417: 0.536583
75418: 0.536576
75419: 0.536582
75420: 0.536588
75421: 0.536594
75422: 0.536587
75423: 0.53658
75424: 0.536573
75425: 0.536566
75426: 0.536572
75427: 0.536565
75428: 0.536558
75429: 0.536564
75430: 0.53657
75431: 0.536576
75432: 0.536582
75433: 0.536575
75434: 0.536581
75435: 0.536587
75436: 0.536593
75437: 0.536586
75438: 0.536579
75439: 0.536585
75440: 0.536592
75441: 0.536598
75442: 0.536604
75443: 0.536597
75444: 0.536603
75445: 0.536596
75446: 0.536602
75447: 0.536608
75448: 0.536614
75449: 0.536607
75450: 0.5366
75451: 0.536593
75452: 0.536599
75453: 0.536592
75454: 0.536585
75455: 0.536591
75456: 0.536597
75457: 0.53659
75458: 0.536596
75459: 0.536602
75460: 0.536608
75461: 0.536601
75462: 0.536594
75463: 0.5366
75464: 0.536593
75465: 0.536599
75466: 0.536605
75467: 0.536612
75468: 0.536604
75469: 0.536597
75470: 0.536603
75471: 0.53661
75472: 0.536616
75473: 0.536609
75474: 0.536602
75475: 0.536608
75476: 0.536614
75477: 0.536607
75478: 0.5366
75479: 0.536606
75480: 0.536612
75481: 0.536605
75482: 0.536598
75483: 0.536591
75484: 0.536583
75485: 0.536576
75486: 0.536582
75487: 0.536589
75488: 0.536595
75489: 0.536588
75490: 0.536594
75491: 0.5366
75492: 0.536606
75493: 0.536599
75494: 0.536605
75495: 0.536611
75496: 0.536604
75497: 0.53661
75498: 0.536603
75499: 0.536609
75500: 0.536615
75501: 0.536608
75502: 0.536601
75503: 0.536594
75504: 0.5366
75505: 0.536606
75506: 0.536599
75507: 0.536592
75508: 0.536598
75509: 0.536591
75510: 0.536584
75511: 0.536577
75512: 0.53657
75513: 0.536576
75514: 0.536582
75515: 0.536575
75516: 0.536581
75517: 0.536574
75518: 0.536567
75519: 0.536573
75520: 0.536566
75521: 0.536572
75522: 0.536578
75523: 0.536584
75524: 0.536591
75525: 0.536597
75526: 0.536603
75527: 0.536596
75528: 0.536602
75529: 0.536608
75530: 0.536601
75531: 0.536594
75532: 0.536587
75533: 0.536593
75534: 0.536586
75535: 0.536579
75536: 0.536585
75537: 0.536591
75538: 0.536597
75539: 0.536603
75540: 0.536609
75541: 0.536615
75542: 0.536622
75543: 0.536614
75544: 0.536607
75545: 0.536613
75546: 0.53662
75547: 0.536612
75548: 0.536605
75549: 0.536598
75550: 0.536604
75551: 0.536597
75552: 0.536603
75553: 0.536596
75554: 0.536589
75555: 0.536595
75556: 0.536602
75557: 0.536608
75558: 0.536614
75559: 0.53662
75560: 0.536626
75561: 0.536619
75562: 0.536612
75563: 0.536605
75564: 0.536611
75565: 0.536617
75566: 0.53661
75567: 0.536603
75568: 0.536596
75569: 0.536602
75570: 0.536595
75571: 0.536588
75572: 0.536594
75573: 0.5366
75574: 0.536593
75575: 0.536599
75576: 0.536605
75577: 0.536598
75578: 0.536604
75579: 0.53661
75580: 0.536616
75581: 0.536609
75582: 0.536602
75583: 0.536595
75584: 0.536588
75585: 0.536594
75586: 0.5366
75587: 0.536606
75588: 0.536599
75589: 0.536592
75590: 0.536585
75591: 0.536578
75592: 0.536571
75593: 0.536564
75594: 0.53657
75595: 0.536576
75596: 0.536582
75597: 0.536588
75598: 0.536594
75599: 0.536587
75600: 0.536593
75601: 0.5366
75602: 0.536592
75603: 0.536599
75604: 0.536605
75605: 0.536611
75606: 0.536617
75607: 0.53661
75608: 0.536603
75609: 0.536596
75610: 0.536589
75611: 0.536581
75612: 0.536574
75613: 0.536581
75614: 0.536573
75615: 0.53658
75616: 0.536586
75617: 0.536579
75618: 0.536585
75619: 0.536591
75620: 0.536597
75621: 0.536603
75622: 0.536596
75623: 0.536602
75624: 0.536608
75625: 0.536614
75626: 0.536621
75627: 0.536613
75628: 0.536606
75629: 0.536599
75630: 0.536605
75631: 0.536598
75632: 0.536604
75633: 0.536611
75634: 0.536617
75635: 0.53661
75636: 0.536602
75637: 0.536609
75638: 0.536615
75639: 0.536621
75640: 0.536627
75641: 0.536633
75642: 0.536626
75643: 0.536619
75644: 0.536612
75645: 0.536618
75646: 0.536624
75647: 0.53663
75648: 0.536636
75649: 0.536642
75650: 0.536635
75651: 0.536628
75652: 0.536621
75653: 0.536614
75654: 0.536607
75655: 0.536613
75656: 0.536619
75657: 0.536625
75658: 0.536631
75659: 0.536624
75660: 0.53663
75661: 0.536637
75662: 0.53663
75663: 0.536636
75664: 0.536642
75665: 0.536648
75666: 0.536641
75667: 0.536634
75668: 0.53664
75669: 0.536646
75670: 0.536652
75671: 0.536658
75672: 0.536651
75673: 0.536657
75674: 0.536663
75675: 0.536656
75676: 0.536662
75677: 0.536669
75678: 0.536675
75679: 0.536668
75680: 0.53666
75681: 0.536653
75682: 0.536646
75683: 0.536652
75684: 0.536659
75685: 0.536651
75686: 0.536658
75687: 0.536664
75688: 0.53667
75689: 0.536663
75690: 0.536656
75691: 0.536649
75692: 0.536641
75693: 0.536648
75694: 0.53664
75695: 0.536633
75696: 0.536639
75697: 0.536646
75698: 0.536639
75699: 0.536631
75700: 0.536638
75701: 0.53663
75702: 0.536637
75703: 0.536643
75704: 0.536636
75705: 0.536642
75706: 0.536648
75707: 0.536654
75708: 0.53666
75709: 0.536666
75710: 0.536659
75711: 0.536665
75712: 0.536658
75713: 0.536651
75714: 0.536644
75715: 0.53665
75716: 0.536643
75717: 0.536649
75718: 0.536655
75719: 0.536661
75720: 0.536654
75721: 0.53666
75722: 0.536667
75723: 0.536673
75724: 0.536679
75725: 0.536685
75726: 0.536691
75727: 0.536684
75728: 0.53669
75729: 0.536696
75730: 0.536702
75731: 0.536695
75732: 0.536688
75733: 0.536694
75734: 0.5367
75735: 0.536706
75736: 0.536713
75737: 0.536705
75738: 0.536698
75739: 0.536691
75740: 0.536697
75741: 0.536704
75742: 0.53671
75743: 0.536716
75744: 0.536722
75745: 0.536715
75746: 0.536721
75747: 0.536714
75748: 0.536707
75749: 0.536713
75750: 0.536719
75751: 0.536712
75752: 0.536705
75753: 0.536698
75754: 0.536691
75755: 0.536697
75756: 0.53669
75757: 0.536683
75758: 0.536676
75759: 0.536682
75760: 0.536688
75761: 0.536694
75762: 0.536687
75763: 0.53668
75764: 0.536673
75765: 0.536666
75766: 0.536658
75767: 0.536665
75768: 0.536671
75769: 0.536664
75770: 0.536657
75771: 0.536649
75772: 0.536642
75773: 0.536635
75774: 0.536628
75775: 0.536634
75776: 0.53664
75777: 0.536633
75778: 0.536626
75779: 0.536619
75780: 0.536625
75781: 0.536618
75782: 0.536624
75783: 0.53663
75784: 0.536637
75785: 0.536643
75786: 0.536649
75787: 0.536655
75788: 0.536661
75789: 0.536667
75790: 0.53666
75791: 0.536666
75792: 0.536672
75793: 0.536678
75794: 0.536684
75795: 0.536677
75796: 0.53667
75797: 0.536663
75798: 0.536669
75799: 0.536662
75800: 0.536655
75801: 0.536661
75802: 0.536654
75803: 0.53666
75804: 0.536666
75805: 0.536673
75806: 0.536665
75807: 0.536672
75808: 0.536678
75809: 0.536671
75810: 0.536664
75811: 0.536656
75812: 0.536663
75813: 0.536669
75814: 0.536675
75815: 0.536668
75816: 0.536661
75817: 0.536667
75818: 0.536673
75819: 0.536679
75820: 0.536672
75821: 0.536665
75822: 0.536658
75823: 0.536651
75824: 0.536657
75825: 0.53665
75826: 0.536656
75827: 0.536649
75828: 0.536642
75829: 0.536635
75830: 0.536628
75831: 0.53662
75832: 0.536613
75833: 0.536606
75834: 0.536599
75835: 0.536592
75836: 0.536585
75837: 0.536578
75838: 0.536584
75839: 0.53659
75840: 0.536583
75841: 0.536589
75842: 0.536582
75843: 0.536588
75844: 0.536581
75845: 0.536587
75846: 0.53658
75847: 0.536573
75848: 0.536566
75849: 0.536572
75850: 0.536565
75851: 0.536558
75852: 0.536551
75853: 0.536557
75854: 0.53655
75855: 0.536556
75856: 0.536562
75857: 0.536555
75858: 0.536561
75859: 0.536554
75860: 0.53656
75861: 0.536553
75862: 0.536559
75863: 0.536552
75864: 0.536558
75865: 0.536551
75866: 0.536544
75867: 0.536537
75868: 0.536543
75869: 0.536549
75870: 0.536555
75871: 0.536548
75872: 0.536555
75873: 0.536547
75874: 0.53654
75875: 0.536533
75876: 0.536539
75877: 0.536532
75878: 0.536525
75879: 0.536518
75880: 0.536511
75881: 0.536517
75882: 0.536523
75883: 0.536529
75884: 0.536522
75885: 0.536515
75886: 0.536521
75887: 0.536528
75888: 0.53652
75889: 0.536527
75890: 0.536519
75891: 0.536526
75892: 0.536532
75893: 0.536525
75894: 0.536531
75895: 0.536537
75896: 0.53653
75897: 0.536523
75898: 0.536529
75899: 0.536522
75900: 0.536515
75901: 0.536521
75902: 0.536514
75903: 0.536507
75904: 0.5365
75905: 0.536506
75906: 0.536512
75907: 0.536505
75908: 0.536511
75909: 0.536504
75910: 0.536497
75911: 0.53649
75912: 0.536496
75913: 0.536502
75914: 0.536508
75915: 0.536501
75916: 0.536507
75917: 0.536513
75918: 0.536506
75919: 0.536499
75920: 0.536492
75921: 0.536485
75922: 0.536491
75923: 0.536484
75924: 0.53649
75925: 0.536496
75926: 0.536502
75927: 0.536495
75928: 0.536501
75929: 0.536494
75930: 0.5365
75931: 0.536506
75932: 0.536512
75933: 0.536519
75934: 0.536511
75935: 0.536504
75936: 0.536511
75937: 0.536503
75938: 0.53651
75939: 0.536503
75940: 0.536495
75941: 0.536502
75942: 0.536494
75943: 0.536501
75944: 0.536507
75945: 0.5365
75946: 0.536506
75947: 0.536512
75948: 0.536518
75949: 0.536524
75950: 0.536517
75951: 0.53651
75952: 0.536503
75953: 0.536509
75954: 0.536502
75955: 0.536508
75956: 0.536501
75957: 0.536507
75958: 0.5365
75959: 0.536493
75960: 0.536486
75961: 0.536479
75962: 0.536472
75963: 0.536465
75964: 0.536458
75965: 0.536451
75966: 0.536457
75967: 0.53645
75968: 0.536456
75969: 0.536462
75970: 0.536468
75971: 0.536474
75972: 0.53648
75973: 0.536473
75974: 0.536466
75975: 0.536459
75976: 0.536465
75977: 0.536471
75978: 0.536477
75979: 0.53647
75980: 0.536476
75981: 0.536482
75982: 0.536488
75983: 0.536495
75984: 0.536501
75985: 0.536494
75986: 0.536487
75987: 0.536493
75988: 0.536499
75989: 0.536505
75990: 0.536511
75991: 0.536504
75992: 0.53651
75993: 0.536516
75994: 0.536509
75995: 0.536502
75996: 0.536508
75997: 0.536501
75998: 0.536494
75999: 0.536487
76000: 0.536493
76001: 0.536486
76002: 0.536492
76003: 0.536498
76004: 0.536491
76005: 0.536484
76006: 0.53649
76007: 0.536483
76008: 0.536489
76009: 0.536495
76010: 0.536488
76011: 0.536481
76012: 0.536487
76013: 0.53648
76014: 0.536473
76015: 0.536466
76016: 0.536459
76017: 0.536465
76018: 0.536458
76019: 0.536464
76020: 0.53647
76021: 0.536463
76022: 0.536469
76023: 0.536462
76024: 0.536468
76025: 0.536461
76026: 0.536467
76027: 0.53646
76028: 0.536466
76029: 0.536472
76030: 0.536479
76031: 0.536471
76032: 0.536478
76033: 0.536484
76034: 0.53649
76035: 0.536483
76036: 0.536489
76037: 0.536482
76038: 0.536475
76039: 0.536468
76040: 0.536461
76041: 0.536467
76042: 0.536473
76043: 0.536479
76044: 0.536485
76045: 0.536491
76046: 0.536497
76047: 0.536503
76048: 0.536509
76049: 0.536515
76050: 0.536522
76051: 0.536528
76052: 0.536521
76053: 0.536514
76054: 0.536506
76055: 0.536513
76056: 0.536519
76057: 0.536525
76058: 0.536518
76059: 0.536511
76060: 0.536504
76061: 0.536497
76062: 0.536503
76063: 0.536509
76064: 0.536502
76065: 0.536508
76066: 0.536514
76067: 0.536507
76068: 0.536513
76069: 0.536506
76070: 0.536499
76071: 0.536505
76072: 0.536498
76073: 0.536491
76074: 0.536497
76075: 0.53649
76076: 0.536483
76077: 0.536489
76078: 0.536495
76079: 0.536488
76080: 0.536494
76081: 0.5365
76082: 0.536506
76083: 0.536499
76084: 0.536505
76085: 0.536498
76086: 0.536491
76087: 0.536497
76088: 0.536503
76089: 0.536496
76090: 0.536502
76091: 0.536508
76092: 0.536501
76093: 0.536507
76094: 0.536514
76095: 0.536507
76096: 0.536513
76097: 0.536506
76098: 0.536499
76099: 0.536505
76100: 0.536511
76101: 0.536504
76102: 0.53651
76103: 0.536516
76104: 0.536509
76105: 0.536515
76106: 0.536521
76107: 0.536514
76108: 0.53652
76109: 0.536526
76110: 0.536532
76111: 0.536525
76112: 0.536531
76113: 0.536537
76114: 0.53653
76115: 0.536536
76116: 0.536542
76117: 0.536535
76118: 0.536528
76119: 0.536534
76120: 0.536541
76121: 0.536547
76122: 0.53654
76123: 0.536546
76124: 0.536552
76125: 0.536558
76126: 0.536564
76127: 0.536557
76128: 0.536563
76129: 0.536569
76130: 0.536575
76131: 0.536581
76132: 0.536587
76133: 0.536593
76134: 0.536599
76135: 0.536592
76136: 0.536585
76137: 0.536578
76138: 0.536584
76139: 0.536577
76140: 0.53657
76141: 0.536576
76142: 0.536582
76143: 0.536575
76144: 0.536568
76145: 0.536561
76146: 0.536554
76147: 0.536547
76148: 0.53654
76149: 0.536533
76150: 0.536526
76151: 0.536532
76152: 0.536538
76153: 0.536544
76154: 0.536537
76155: 0.53653
76156: 0.536536
76157: 0.536529
76158: 0.536535
76159: 0.536528
76160: 0.536534
76161: 0.536527
76162: 0.536533
76163: 0.53654
76164: 0.536546
76165: 0.536552
76166: 0.536558
76167: 0.536551
76168: 0.536557
76169: 0.53655
76170: 0.536556
76171: 0.536549
76172: 0.536542
76173: 0.536548
76174: 0.536554
76175: 0.536547
76176: 0.536553
76177: 0.536559
76178: 0.536552
76179: 0.536558
76180: 0.536564
76181: 0.536557
76182: 0.536563
76183: 0.536556
76184: 0.536549
76185: 0.536555
76186: 0.536548
76187: 0.536554
76188: 0.536547
76189: 0.536553
76190: 0.536546
76191: 0.536552
76192: 0.536545
76193: 0.536538
76194: 0.536531
76195: 0.536524
76196: 0.536517
76197: 0.536523
76198: 0.536529
76199: 0.536535
76200: 0.536528
76201: 0.536534
76202: 0.536527
76203: 0.53652
76204: 0.536513
76205: 0.536519
76206: 0.536526
76207: 0.536518
76208: 0.536525
76209: 0.536518
76210: 0.536524
76211: 0.536517
76212: 0.53651
76213: 0.536516
76214: 0.536509
76215: 0.536502
76216: 0.536508
76217: 0.536501
76218: 0.536507
76219: 0.536513
76220: 0.536506
76221: 0.536512
76222: 0.536505
76223: 0.536498
76224: 0.536491
76225: 0.536497
76226: 0.536503
76227: 0.536496
76228: 0.536489
76229: 0.536495
76230: 0.536501
76231: 0.536507
76232: 0.536513
76233: 0.536519
76234: 0.536512
76235: 0.536518
76236: 0.536511
76237: 0.536504
76238: 0.536497
76239: 0.536503
76240: 0.536496
76241: 0.536489
76242: 0.536495
76243: 0.536488
76244: 0.536481
76245: 0.536487
76246: 0.536493
76247: 0.536486
76248: 0.536479
76249: 0.536472
76250: 0.536465
76251: 0.536471
76252: 0.536464
76253: 0.536457
76254: 0.536463
76255: 0.536469
76256: 0.536462
76257: 0.536468
76258: 0.536474
76259: 0.53648
76260: 0.536487
76261: 0.53648
76262: 0.536472
76263: 0.536479
76264: 0.536472
76265: 0.536478
76266: 0.536471
76267: 0.536477
76268: 0.53647
76269: 0.536476
76270: 0.536482
76271: 0.536475
76272: 0.536481
76273: 0.536474
76274: 0.536467
76275: 0.536473
76276: 0.536479
76277: 0.536472
76278: 0.536465
76279: 0.536458
76280: 0.536451
76281: 0.536457
76282: 0.536463
76283: 0.536469
76284: 0.536475
76285: 0.536468
76286: 0.536461
76287: 0.536467
76288: 0.536473
76289: 0.536479
76290: 0.536485
76291: 0.536478
76292: 0.536471
76293: 0.536464
76294: 0.53647
76295: 0.536476
76296: 0.536482
76297: 0.536489
76298: 0.536495
76299: 0.536501
76300: 0.536507
76301: 0.536513
76302: 0.536506
76303: 0.536512
76304: 0.536505
76305: 0.536511
76306: 0.536504
76307: 0.536497
76308: 0.536503
76309: 0.536496
76310: 0.536489
76311: 0.536482
76312: 0.536488
76313: 0.536494
76314: 0.5365
76315: 0.536493
76316: 0.536486
76317: 0.536492
76318: 0.536485
76319: 0.536491
76320: 0.536484
76321: 0.53649
76322: 0.536496
76323: 0.536502
76324: 0.536508
76325: 0.536514
76326: 0.536507
76327: 0.536513
76328: 0.536506
76329: 0.536513
76330: 0.536505
76331: 0.536512
76332: 0.536518
76333: 0.536524
76334: 0.53653
76335: 0.536536
76336: 0.536529
76337: 0.536535
76338: 0.536541
76339: 0.536547
76340: 0.53654
76341: 0.536533
76342: 0.536526
76343: 0.536519
76344: 0.536512
76345: 0.536518
76346: 0.536524
76347: 0.536517
76348: 0.536523
76349: 0.536529
76350: 0.536522
76351: 0.536515
76352: 0.536508
76353: 0.536514
76354: 0.53652
76355: 0.536513
76356: 0.536519
76357: 0.536525
76358: 0.536531
76359: 0.536537
76360: 0.536544
76361: 0.53655
76362: 0.536543
76363: 0.536549
76364: 0.536542
76365: 0.536548
76366: 0.536541
76367: 0.536534
76368: 0.536527
76369: 0.536533
76370: 0.536539
76371: 0.536545
76372: 0.536538
76373: 0.536531
76374: 0.536537
76375: 0.536543
76376: 0.536549
76377: 0.536555
76378: 0.536548
76379: 0.536554
76380: 0.53656
76381: 0.536553
76382: 0.536546
76383: 0.536552
76384: 0.536545
76385: 0.536551
76386: 0.536544
76387: 0.53655
76388: 0.536543
76389: 0.536536
76390: 0.536542
76391: 0.536548
76392: 0.536541
76393: 0.536534
76394: 0.53654
76395: 0.536546
76396: 0.536552
76397: 0.536559
76398: 0.536565
76399: 0.536571
76400: 0.536564
76401: 0.536557
76402: 0.536563
76403: 0.536556
76404: 0.536562
76405: 0.536568
76406: 0.536574
76407: 0.53658
76408: 0.536573
76409: 0.536566
76410: 0.536572
76411: 0.536578
76412: 0.536584
76413: 0.53659
76414: 0.536583
76415: 0.536589
76416: 0.536582
76417: 0.536575
76418: 0.536581
76419: 0.536587
76420: 0.536593
76421: 0.536599
76422: 0.536592
76423: 0.536585
76424: 0.536591
76425: 0.536597
76426: 0.536604
76427: 0.53661
76428: 0.536603
76429: 0.536609
76430: 0.536602
76431: 0.536608
76432: 0.536601
76433: 0.536607
76434: 0.536613
76435: 0.536606
76436: 0.536599
76437: 0.536605
76438: 0.536611
76439: 0.536617
76440: 0.53661
76441: 0.536603
76442: 0.536609
76443: 0.536615
76444: 0.536621
76445: 0.536627
76446: 0.53662
76447: 0.536613
76448: 0.536619
76449: 0.536625
76450: 0.536631
76451: 0.536637
76452: 0.53663
76453: 0.536636
76454: 0.536642
76455: 0.536635
76456: 0.536642
76457: 0.536634
76458: 0.536627
76459: 0.536634
76460: 0.53664
76461: 0.536633
76462: 0.536626
76463: 0.536619
76464: 0.536612
76465: 0.536605
76466: 0.536611
76467: 0.536617
76468: 0.53661
76469: 0.536603
76470: 0.536596
76471: 0.536589
76472: 0.536582
76473: 0.536588
76474: 0.536581
76475: 0.536574
76476: 0.53658
76477: 0.536573
76478: 0.536566
76479: 0.536559
76480: 0.536552
76481: 0.536545
76482: 0.536551
76483: 0.536557
76484: 0.536563
76485: 0.536556
76486: 0.536549
76487: 0.536542
76488: 0.536535
76489: 0.536528
76490: 0.536521
76491: 0.536527
76492: 0.536533
76493: 0.536539
76494: 0.536532
76495: 0.536538
76496: 0.536544
76497: 0.53655
76498: 0.536543
76499: 0.536536
76500: 0.536542
76501: 0.536548
76502: 0.536554
76503: 0.536547
76504: 0.536553
76505: 0.536546
76506: 0.536552
76507: 0.536558
76508: 0.536551
76509: 0.536544
76510: 0.53655
76511: 0.536556
76512: 0.536549
76513: 0.536542
76514: 0.536548
76515: 0.536541
76516: 0.536534
76517: 0.536527
76518: 0.53652
76519: 0.536513
76520: 0.536519
76521: 0.536525
76522: 0.536532
76523: 0.536538
76524: 0.536544
76525: 0.53655
76526: 0.536556
76527: 0.536562
76528: 0.536568
76529: 0.536574
76530: 0.536567
76531: 0.53656
76532: 0.536566
76533: 0.536572
76534: 0.536565
76535: 0.536571
76536: 0.536577
76537: 0.53657
76538: 0.536563
76539: 0.536569
76540: 0.536562
76541: 0.536568
76542: 0.536574
76543: 0.536567
76544: 0.53656
76545: 0.536553
76546: 0.536546
76547: 0.536539
76548: 0.536545
76549: 0.536551
76550: 0.536557
76551: 0.536563
76552: 0.536569
76553: 0.536575
76554: 0.536568
76555: 0.536575
76556: 0.536568
76557: 0.536574
76558: 0.53658
76559: 0.536586
76560: 0.536592
76561: 0.536598
76562: 0.536604
76563: 0.53661
76564: 0.536616
76565: 0.536622
76566: 0.536628
76567: 0.536621
76568: 0.536614
76569: 0.536607
76570: 0.5366
76571: 0.536606
76572: 0.536612
76573: 0.536618
76574: 0.536624
76575: 0.53663
76576: 0.536636
76577: 0.536642
76578: 0.536648
76579: 0.536654
76580: 0.536661
76581: 0.536667
76582: 0.536673
76583: 0.536679
76584: 0.536685
76585: 0.536678
76586: 0.536684
76587: 0.53669
76588: 0.536696
76589: 0.536689
76590: 0.536682
76591: 0.536688
76592: 0.536694
76593: 0.536687
76594: 0.53668
76595: 0.536686
76596: 0.536679
76597: 0.536672
76598: 0.536678
76599: 0.536684
76600: 0.53669
76601: 0.536683
76602: 0.536676
76603: 0.536669
76604: 0.536675
76605: 0.536668
76606: 0.536674
76607: 0.536667
76608: 0.53666
76609: 0.536653
76610: 0.536659
76611: 0.536652
76612: 0.536658
76613: 0.536664
76614: 0.536657
76615: 0.53665
76616: 0.536656
76617: 0.536662
76618: 0.536668
76619: 0.536674
76620: 0.536681
76621: 0.536687
76622: 0.536693
76623: 0.536686
76624: 0.536679
76625: 0.536672
76626: 0.536678
76627: 0.536671
76628: 0.536677
76629: 0.536683
76630: 0.536676
76631: 0.536682
76632: 0.536688
76633: 0.536694
76634: 0.5367
76635: 0.536706
76636: 0.536712
76637: 0.536718
76638: 0.536711
76639: 0.536704
76640: 0.536697
76641: 0.536703
76642: 0.536709
76643: 0.536715
76644: 0.536708
76645: 0.536701
76646: 0.536694
76647: 0.5367
76648: 0.536693
76649: 0.536699
76650: 0.536705
76651: 0.536711
76652: 0.536717
76653: 0.536723
76654: 0.536716
76655: 0.536723
76656: 0.536715
76657: 0.536708
76658: 0.536701
76659: 0.536694
76660: 0.536701
76661: 0.536694
76662: 0.5367
76663: 0.536706
76664: 0.536699
76665: 0.536705
76666: 0.536711
76667: 0.536717
76668: 0.536723
76669: 0.536729
76670: 0.536735
76671: 0.536741
76672: 0.536734
76673: 0.536727
76674: 0.536733
76675: 0.536739
76676: 0.536732
76677: 0.536725
76678: 0.536718
76679: 0.536711
76680: 0.536704
76681: 0.536697
76682: 0.53669
76683: 0.536696
76684: 0.536702
76685: 0.536708
76686: 0.536714
76687: 0.536707
76688: 0.536713
76689: 0.536719
76690: 0.536725
76691: 0.536718
76692: 0.536711
76693: 0.536717
76694: 0.53671
76695: 0.536716
76696: 0.536709
76697: 0.536715
76698: 0.536721
76699: 0.536728
76700: 0.536734
76701: 0.53674
76702: 0.536733
76703: 0.536726
76704: 0.536732
76705: 0.536725
76706: 0.536718
76707: 0.536711
76708: 0.536717
76709: 0.53671
76710: 0.536716
76711: 0.536709
76712: 0.536702
76713: 0.536708
76714: 0.536701
76715: 0.536694
76716: 0.5367
76717: 0.536706
76718: 0.536699
76719: 0.536705
76720: 0.536698
76721: 0.536704
76722: 0.53671
76723: 0.536716
76724: 0.536709
76725: 0.536702
76726: 0.536708
76727: 0.536701
76728: 0.536694
76729: 0.536687
76730: 0.53668
76731: 0.536686
76732: 0.536679
76733: 0.536685
76734: 0.536678
76735: 0.536671
76736: 0.536677
76737: 0.53667
76738: 0.536676
76739: 0.536682
76740: 0.536675
76741: 0.536668
76742: 0.536674
76743: 0.53668
76744: 0.536686
76745: 0.536692
76746: 0.536685
76747: 0.536692
76748: 0.536698
76749: 0.536691
76750: 0.536684
76751: 0.536677
76752: 0.536683
76753: 0.536689
76754: 0.536682
76755: 0.536688
76756: 0.536694
76757: 0.5367
76758: 0.536706
76759: 0.536699
76760: 0.536692
76761: 0.536698
76762: 0.536704
76763: 0.536697
76764: 0.53669
76765: 0.536696
76766: 0.536702
76767: 0.536695
76768: 0.536701
76769: 0.536707
76770: 0.536713
76771: 0.536719
76772: 0.536725
76773: 0.536718
76774: 0.536724
76775: 0.53673
76776: 0.536736
76777: 0.536742
76778: 0.536748
76779: 0.536741
76780: 0.536734
76781: 0.536727
76782: 0.53672
76783: 0.536726
76784: 0.536732
76785: 0.536738
76786: 0.536745
76787: 0.536738
76788: 0.536744
76789: 0.536737
76790: 0.536743
76791: 0.536736
76792: 0.536729
76793: 0.536722
76794: 0.536715
76795: 0.536721
76796: 0.536727
76797: 0.53672
76798: 0.536713
76799: 0.536719
76800: 0.536725
76801: 0.536731
76802: 0.536737
76803: 0.53673
76804: 0.536736
76805: 0.536729
76806: 0.536722
76807: 0.536728
76808: 0.536734
76809: 0.536727
76810: 0.53672
76811: 0.536713
76812: 0.536719
76813: 0.536712
76814: 0.536705
76815: 0.536698
76816: 0.536691
76817: 0.536684
76818: 0.53669
76819: 0.536696
76820: 0.536689
76821: 0.536695
76822: 0.536701
76823: 0.536707
76824: 0.536713
76825: 0.536706
76826: 0.536699
76827: 0.536705
76828: 0.536698
76829: 0.536691
76830: 0.536697
76831: 0.536703
76832: 0.536696
76833: 0.536689
76834: 0.536696
76835: 0.536689
76836: 0.536695
76837: 0.536688
76838: 0.536681
76839: 0.536687
76840: 0.53668
76841: 0.536686
76842: 0.536679
76843: 0.536672
76844: 0.536678
76845: 0.536671
76846: 0.536677
76847: 0.53667
76848: 0.536676
76849: 0.536682
76850: 0.536688
76851: 0.536681
76852: 0.536687
76853: 0.536693
76854: 0.536699
76855: 0.536705
76856: 0.536711
76857: 0.536704
76858: 0.53671
76859: 0.536716
76860: 0.536709
76861: 0.536702
76862: 0.536695
76863: 0.536701
76864: 0.536707
76865: 0.5367
76866: 0.536693
76867: 0.536686
76868: 0.536692
76869: 0.536698
76870: 0.536691
76871: 0.536684
76872: 0.53669
76873: 0.536696
76874: 0.536689
76875: 0.536695
76876: 0.536688
76877: 0.536695
76878: 0.536701
76879: 0.536707
76880: 0.5367
76881: 0.536693
76882: 0.536699
76883: 0.536692
76884: 0.536685
76885: 0.536691
76886: 0.536697
76887: 0.53669
76888: 0.536696
76889: 0.536702
76890: 0.536708
76891: 0.536714
76892: 0.536707
76893: 0.5367
76894: 0.536706
76895: 0.536712
76896: 0.536705
76897: 0.536711
76898: 0.536717
76899: 0.53671
76900: 0.536703
76901: 0.536696
76902: 0.536702
76903: 0.536695
76904: 0.536701
76905: 0.536694
76906: 0.5367
76907: 0.536693
76908: 0.536699
76909: 0.536705
76910: 0.536711
76911: 0.536704
76912: 0.536697
76913: 0.53669
76914: 0.536683
76915: 0.536676
76916: 0.536682
76917: 0.536688
76918: 0.536681
76919: 0.536674
76920: 0.536667
76921: 0.536661
76922: 0.536667
76923: 0.53666
76924: 0.536666
76925: 0.536672
76926: 0.536665
76927: 0.536658
76928: 0.536651
76929: 0.536657
76930: 0.536663
76931: 0.536656
76932: 0.536649
76933: 0.536642
76934: 0.536635
76935: 0.536628
76936: 0.536634
76937: 0.53664
76938: 0.536633
76939: 0.536639
76940: 0.536645
76941: 0.536638
76942: 0.536644
76943: 0.53665
76944: 0.536656
76945: 0.536662
76946: 0.536668
76947: 0.536661
76948: 0.536654
76949: 0.536647
76950: 0.53664
76951: 0.536646
76952: 0.536652
76953: 0.536658
76954: 0.536664
76955: 0.53667
76956: 0.536676
76957: 0.536669
76958: 0.536662
76959: 0.536668
76960: 0.536674
76961: 0.53668
76962: 0.536673
76963: 0.536679
76964: 0.536673
76965: 0.536666
76966: 0.536659
76967: 0.536652
76968: 0.536645
76969: 0.536638
76970: 0.536644
76971: 0.536637
76972: 0.536643
76973: 0.536636
76974: 0.536642
76975: 0.536648
76976: 0.536654
76977: 0.536647
76978: 0.53664
76979: 0.536646
76980: 0.536639
76981: 0.536645
76982: 0.536651
76983: 0.536657
76984: 0.536663
76985: 0.536656
76986: 0.536662
76987: 0.536655
76988: 0.536661
76989: 0.536667
76990: 0.536673
76991: 0.536679
76992: 0.536672
76993: 0.536665
76994: 0.536671
76995: 0.536677
76996: 0.53667
76997: 0.536676
76998: 0.536682
76999: 0.536688
77000: 0.536681
77001: 0.536674
77002: 0.536667
77003: 0.53666
77004: 0.536666
77005: 0.536659
77006: 0.536653
77007: 0.536659
77008: 0.536665
77009: 0.536658
77010: 0.536651
77011: 0.536657
77012: 0.536663
77013: 0.536669
77014: 0.536662
77015: 0.536655
77016: 0.536661
77017: 0.536667
77018: 0.53666
77019: 0.536653
77020: 0.536659
77021: 0.536665
77022: 0.536658
77023: 0.536664
77024: 0.536657
77025: 0.536663
77026: 0.536656
77027: 0.536662
77028: 0.536668
77029: 0.536674
77030: 0.53668
77031: 0.536686
77032: 0.536679
77033: 0.536685
77034: 0.536678
77035: 0.536684
77036: 0.536677
77037: 0.53667
77038: 0.536663
77039: 0.536669
77040: 0.536675
77041: 0.536681
77042: 0.536687
77043: 0.536693
77044: 0.536699
77045: 0.536692
77046: 0.536685
77047: 0.536678
77048: 0.536671
77049: 0.536665
77050: 0.536671
77051: 0.536677
77052: 0.536683
77053: 0.536689
77054: 0.536695
77055: 0.536688
77056: 0.536694
77057: 0.5367
77058: 0.536693
77059: 0.536686
77060: 0.536679
77061: 0.536672
77062: 0.536665
77063: 0.536671
77064: 0.536677
77065: 0.536683
77066: 0.536689
77067: 0.536695
77068: 0.536701
77069: 0.536707
77070: 0.5367
77071: 0.536706
77072: 0.536712
77073: 0.536718
77074: 0.536711
77075: 0.536704
77076: 0.536697
77077: 0.536703
77078: 0.536709
77079: 0.536715
77080: 0.536708
77081: 0.536714
77082: 0.536707
77083: 0.536713
77084: 0.536706
77085: 0.536712
77086: 0.536705
77087: 0.536698
77088: 0.536704
77089: 0.536697
77090: 0.53669
77091: 0.536683
77092: 0.536689
77093: 0.536682
77094: 0.536676
77095: 0.536669
77096: 0.536662
77097: 0.536655
77098: 0.536661
77099: 0.536654
77100: 0.53666
77101: 0.536653
77102: 0.536646
77103: 0.536652
77104: 0.536658
77105: 0.536651
77106: 0.536657
77107: 0.536663
77108: 0.536656
77109: 0.536649
77110: 0.536642
77111: 0.536648
77112: 0.536654
77113: 0.536647
77114: 0.53664
77115: 0.536633
77116: 0.536639
77117: 0.536645
77118: 0.536638
77119: 0.536644
77120: 0.53665
77121: 0.536656
77122: 0.536649
77123: 0.536655
77124: 0.536648
77125: 0.536641
77126: 0.536634
77127: 0.536627
77128: 0.53662
77129: 0.536614
77130: 0.536607
77131: 0.5366
77132: 0.536606
77133: 0.536612
77134: 0.536605
77135: 0.536598
77136: 0.536604
77137: 0.53661
77138: 0.536616
77139: 0.536622
77140: 0.536628
77141: 0.536634
77142: 0.536627
77143: 0.536633
77144: 0.536626
77145: 0.536619
77146: 0.536625
77147: 0.536631
77148: 0.536637
77149: 0.536643
77150: 0.536649
77151: 0.536642
77152: 0.536635
77153: 0.536641
77154: 0.536634
77155: 0.53664
77156: 0.536633
77157: 0.536639
77158: 0.536632
77159: 0.536625
77160: 0.536631
77161: 0.536637
77162: 0.53663
77163: 0.536623
77164: 0.536616
77165: 0.536609
77166: 0.536602
77167: 0.536608
77168: 0.536614
77169: 0.536607
77170: 0.536601
77171: 0.536607
77172: 0.536613
77173: 0.536619
77174: 0.536625
77175: 0.536618
77176: 0.536624
77177: 0.53663
77178: 0.536636
77179: 0.536642
77180: 0.536635
77181: 0.536628
77182: 0.536621
77183: 0.536627
77184: 0.53662
77185: 0.536613
77186: 0.536619
77187: 0.536625
77188: 0.536631
77189: 0.536637
77190: 0.53663
77191: 0.536623
77192: 0.536629
77193: 0.536635
77194: 0.536628
77195: 0.536634
77196: 0.53664
77197: 0.536633
77198: 0.536626
77199: 0.536632
77200: 0.536638
77201: 0.536631
77202: 0.536624
77203: 0.53663
77204: 0.536636
77205: 0.536642
77206: 0.536648
77207: 0.536654
77208: 0.536647
77209: 0.53664
77210: 0.536633
77211: 0.536639
77212: 0.536632
77213: 0.536625
77214: 0.536631
77215: 0.536637
77216: 0.536643
77217: 0.536637
77218: 0.53663
77219: 0.536623
77220: 0.536629
77221: 0.536635
77222: 0.536628
77223: 0.536634
77224: 0.53664
77225: 0.536646
77226: 0.536652
77227: 0.536658
77228: 0.536651
77229: 0.536657
77230: 0.536663
77231: 0.536669
77232: 0.536662
77233: 0.536668
77234: 0.536674
77235: 0.536667
77236: 0.53666
77237: 0.536666
77238: 0.536672
77239: 0.536678
77240: 0.536671
77241: 0.536677
77242: 0.536683
77243: 0.536689
77244: 0.536682
77245: 0.536675
77246: 0.536681
77247: 0.536687
77248: 0.53668
77249: 0.536673
77250: 0.536666
77251: 0.536672
77252: 0.536665
77253: 0.536658
77254: 0.536664
77255: 0.53667
77256: 0.536676
77257: 0.536669
77258: 0.536675
77259: 0.536681
77260: 0.536674
77261: 0.536667
77262: 0.536673
77263: 0.536679
77264: 0.536672
77265: 0.536678
77266: 0.536684
77267: 0.536678
77268: 0.536671
77269: 0.536677
77270: 0.536683
77271: 0.536689
77272: 0.536682
77273: 0.536675
77274: 0.536681
77275: 0.536687
77276: 0.53668
77277: 0.536686
77278: 0.536679
77279: 0.536685
77280: 0.536678
77281: 0.536671
77282: 0.536677
77283: 0.53667
77284: 0.536663
77285: 0.536669
77286: 0.536662
77287: 0.536668
77288: 0.536661
77289: 0.536667
77290: 0.536673
77291: 0.536679
77292: 0.536672
77293: 0.536665
77294: 0.536658
77295: 0.536651
77296: 0.536644
77297: 0.536637
77298: 0.536643
77299: 0.536649
77300: 0.536655
77301: 0.536661
77302: 0.536667
77303: 0.536673
77304: 0.536679
77305: 0.536685
77306: 0.536691
77307: 0.536684
77308: 0.53669
77309: 0.536696
77310: 0.536702
77311: 0.536695
77312: 0.536689
77313: 0.536682
77314: 0.536675
77315: 0.536681
77316: 0.536687
77317: 0.536693
77318: 0.536686
77319: 0.536679
77320: 0.536685
77321: 0.536691
77322: 0.536697
77323: 0.53669
77324: 0.536696
77325: 0.536702
77326: 0.536695
77327: 0.536701
77328: 0.536707
77329: 0.536713
77330: 0.536706
77331: 0.536712
77332: 0.536705
77333: 0.536698
77334: 0.536691
77335: 0.536684
77336: 0.53669
77337: 0.536696
77338: 0.536689
77339: 0.536682
77340: 0.536675
77341: 0.536681
77342: 0.536674
77343: 0.536667
77344: 0.53666
77345: 0.536653
77346: 0.536659
77347: 0.536665
77348: 0.536671
77349: 0.536677
77350: 0.536683
77351: 0.536689
77352: 0.536682
77353: 0.536676
77354: 0.536682
77355: 0.536688
77356: 0.536681
77357: 0.536674
77358: 0.536667
77359: 0.53666
77360: 0.536666
77361: 0.536672
77362: 0.536678
77363: 0.536684
77364: 0.53669
77365: 0.536696
77366: 0.536702
77367: 0.536695
77368: 0.536688
77369: 0.536694
77370: 0.536687
77371: 0.53668
77372: 0.536673
77373: 0.536666
77374: 0.536659
77375: 0.536665
77376: 0.536658
77377: 0.536651
77378: 0.536657
77379: 0.53665
77380: 0.536656
77381: 0.536649
77382: 0.536655
77383: 0.536661
77384: 0.536667
77385: 0.536673
77386: 0.536679
77387: 0.536672
77388: 0.536665
77389: 0.536658
77390: 0.536664
77391: 0.536658
77392: 0.536664
77393: 0.53667
77394: 0.536675
77395: 0.536681
77396: 0.536675
77397: 0.536681
77398: 0.536687
77399: 0.536693
77400: 0.536686
77401: 0.536679
77402: 0.536672
77403: 0.536678
77404: 0.536684
77405: 0.53669
77406: 0.536696
77407: 0.536702
77408: 0.536708
77409: 0.536701
77410: 0.536707
77411: 0.5367
77412: 0.536693
77413: 0.536699
77414: 0.536705
77415: 0.536711
77416: 0.536717
77417: 0.536723
77418: 0.536729
77419: 0.536722
77420: 0.536728
77421: 0.536734
77422: 0.536727
77423: 0.536733
77424: 0.536739
77425: 0.536732
77426: 0.536725
77427: 0.536718
77428: 0.536711
77429: 0.536717
77430: 0.536723
77431: 0.536729
77432: 0.536722
77433: 0.536728
77434: 0.536721
77435: 0.536727
77436: 0.536733
77437: 0.536726
77438: 0.536719
77439: 0.536712
77440: 0.536718
77441: 0.536711
77442: 0.536717
77443: 0.53671
77444: 0.536716
77445: 0.536709
77446: 0.536715
77447: 0.536721
77448: 0.536714
77449: 0.536708
77450: 0.536701
77451: 0.536694
77452: 0.536687
77453: 0.536693
77454: 0.536699
77455: 0.536705
77456: 0.536711
77457: 0.536704
77458: 0.53671
77459: 0.536703
77460: 0.536709
77461: 0.536715
77462: 0.536721
77463: 0.536714
77464: 0.536707
77465: 0.5367
77466: 0.536706
77467: 0.536712
77468: 0.536705
77469: 0.536698
77470: 0.536691
77471: 0.536684
77472: 0.536677
77473: 0.536683
77474: 0.536689
77475: 0.536682
77476: 0.536675
77477: 0.536681
77478: 0.536687
77479: 0.536693
77480: 0.536699
77481: 0.536692
77482: 0.536685
77483: 0.536691
77484: 0.536685
77485: 0.53669
77486: 0.536684
77487: 0.536677
77488: 0.53667
77489: 0.536663
77490: 0.536656
77491: 0.536649
77492: 0.536655
77493: 0.536661
77494: 0.536654
77495: 0.53666
77496: 0.536666
77497: 0.536672
77498: 0.536678
77499: 0.536684
77500: 0.536677
77501: 0.536683
77502: 0.536676
77503: 0.536669
77504: 0.536662
77505: 0.536668
77506: 0.536661
77507: 0.536667
77508: 0.53666
77509: 0.536653
77510: 0.536659
77511: 0.536665
77512: 0.536671
77513: 0.536677
77514: 0.53667
77515: 0.536663
77516: 0.536669
77517: 0.536662
77518: 0.536668
77519: 0.536662
77520: 0.536655
77521: 0.536661
77522: 0.536667
77523: 0.53666
77524: 0.536666
77525: 0.536672
77526: 0.536665
77527: 0.536658
77528: 0.536664
77529: 0.536657
77530: 0.536663
77531: 0.536656
77532: 0.536662
77533: 0.536668
77534: 0.536674
77535: 0.53668
77536: 0.536673
77537: 0.536666
77538: 0.536672
77539: 0.536665
77540: 0.536658
77541: 0.536664
77542: 0.53667
77543: 0.536676
77544: 0.536669
77545: 0.536662
77546: 0.536655
77547: 0.536661
77548: 0.536667
77549: 0.536673
77550: 0.536679
77551: 0.536672
77552: 0.536678
77553: 0.536684
77554: 0.53669
77555: 0.536696
77556: 0.536702
77557: 0.536708
77558: 0.536701
77559: 0.536694
77560: 0.536687
77561: 0.53668
77562: 0.536673
77563: 0.536666
77564: 0.53666
77565: 0.536653
77566: 0.536659
77567: 0.536665
77568: 0.536671
77569: 0.536677
77570: 0.53667
77571: 0.536663
77572: 0.536669
77573: 0.536675
77574: 0.536681
77575: 0.536687
77576: 0.53668
77577: 0.536686
77578: 0.536692
77579: 0.536698
77580: 0.536691
77581: 0.536684
77582: 0.536677
77583: 0.53667
77584: 0.536663
77585: 0.536669
77586: 0.536675
77587: 0.536681
77588: 0.536687
77589: 0.53668
77590: 0.536686
77591: 0.536679
77592: 0.536672
77593: 0.536678
77594: 0.536684
77595: 0.536677
77596: 0.536683
77597: 0.536689
77598: 0.536682
77599: 0.536675
77600: 0.536668
77601: 0.536674
77602: 0.536667
77603: 0.536673
77604: 0.536679
77605: 0.536672
77606: 0.536666
77607: 0.536659
77608: 0.536665
77609: 0.536658
77610: 0.536664
77611: 0.53667
77612: 0.536663
77613: 0.536656
77614: 0.536662
77615: 0.536668
77616: 0.536674
77617: 0.53668
77618: 0.536686
77619: 0.536692
77620: 0.536698
77621: 0.536704
77622: 0.536709
77623: 0.536715
77624: 0.536709
77625: 0.536715
77626: 0.536708
77627: 0.536701
77628: 0.536694
77629: 0.5367
77630: 0.536693
77631: 0.536699
77632: 0.536705
77633: 0.536711
77634: 0.536717
77635: 0.53671
77636: 0.536716
77637: 0.536722
77638: 0.536715
77639: 0.536721
77640: 0.536714
77641: 0.536707
77642: 0.536713
77643: 0.536706
77644: 0.536712
77645: 0.536718
77646: 0.536711
77647: 0.536717
77648: 0.536723
77649: 0.536729
77650: 0.536735
77651: 0.536728
77652: 0.536734
77653: 0.53674
77654: 0.536733
77655: 0.536726
77656: 0.536732
77657: 0.536738
77658: 0.536731
77659: 0.536737
77660: 0.53673
77661: 0.536723
77662: 0.536716
77663: 0.536709
77664: 0.536703
77665: 0.536696
77666: 0.536689
77667: 0.536695
77668: 0.536701
77669: 0.536707
77670: 0.536713
77671: 0.536719
77672: 0.536724
77673: 0.53673
77674: 0.536724
77675: 0.536717
77676: 0.536723
77677: 0.536716
77678: 0.536722
77679: 0.536715
77680: 0.536721
77681: 0.536714
77682: 0.53672
77683: 0.536726
77684: 0.536719
77685: 0.536725
77686: 0.536731
77687: 0.536724
77688: 0.53673
77689: 0.536736
77690: 0.536742
77691: 0.536735
77692: 0.536728
77693: 0.536721
77694: 0.536727
77695: 0.53672
77696: 0.536713
77697: 0.536719
77698: 0.536712
77699: 0.536718
77700: 0.536724
77701: 0.536717
77702: 0.53671
77703: 0.536703
77704: 0.536709
77705: 0.536702
77706: 0.536708
77707: 0.536714
77708: 0.53672
77709: 0.536726
77710: 0.536732
77711: 0.536738
77712: 0.536731
77713: 0.536724
77714: 0.536717
77715: 0.536723
77716: 0.536717
77717: 0.53671
77718: 0.536716
77719: 0.536709
77720: 0.536715
77721: 0.536708
77722: 0.536714
77723: 0.53672
77724: 0.536726
77725: 0.536719
77726: 0.536712
77727: 0.536705
77728: 0.536711
77729: 0.536704
77730: 0.536697
77731: 0.536703
77732: 0.536709
77733: 0.536702
77734: 0.536708
77735: 0.536714
77736: 0.536707
77737: 0.536713
77738: 0.536706
77739: 0.536699
77740: 0.536705
77741: 0.536698
77742: 0.536691
77743: 0.536697
77744: 0.536703
77745: 0.536709
77746: 0.536702
77747: 0.536695
77748: 0.536689
77749: 0.536682
77750: 0.536688
77751: 0.536694
77752: 0.5367
77753: 0.536706
77754: 0.536699
77755: 0.536692
77756: 0.536685
77757: 0.536691
77758: 0.536697
77759: 0.53669
77760: 0.536683
77761: 0.536676
77762: 0.536682
77763: 0.536688
77764: 0.536694
77765: 0.536687
77766: 0.536693
77767: 0.536686
77768: 0.536679
77769: 0.536672
77770: 0.536665
77771: 0.536671
77772: 0.536677
77773: 0.53667
77774: 0.536663
77775: 0.536669
77776: 0.536663
77777: 0.536668
77778: 0.536662
77779: 0.536655
77780: 0.536661
77781: 0.536654
77782: 0.53666
77783: 0.536666
77784: 0.536659
77785: 0.536665
77786: 0.536658
77787: 0.536651
77788: 0.536644
77789: 0.536637
77790: 0.536643
77791: 0.536649
77792: 0.536655
77793: 0.536648
77794: 0.536654
77795: 0.536647
77796: 0.536653
77797: 0.536646
77798: 0.536652
77799: 0.536645
77800: 0.536638
77801: 0.536631
77802: 0.536637
77803: 0.536631
77804: 0.536636
77805: 0.53663
77806: 0.536623
77807: 0.536616
77808: 0.536609
77809: 0.536602
77810: 0.536608
77811: 0.536614
77812: 0.536607
77813: 0.536613
77814: 0.536606
77815: 0.536599
77816: 0.536605
77817: 0.536598
77818: 0.536591
77819: 0.536597
77820: 0.536603
77821: 0.536596
77822: 0.536589
77823: 0.536583
77824: 0.536588
77825: 0.536582
77826: 0.536588
77827: 0.536581
77828: 0.536587
77829: 0.536593
77830: 0.536599
77831: 0.536604
77832: 0.536598
77833: 0.536591
77834: 0.536597
77835: 0.53659
77836: 0.536596
77837: 0.536602
77838: 0.536595
77839: 0.536588
77840: 0.536581
77841: 0.536587
77842: 0.536593
77843: 0.536586
77844: 0.536579
77845: 0.536572
77846: 0.536578
77847: 0.536571
77848: 0.536564
77849: 0.53657
77850: 0.536576
77851: 0.536569
77852: 0.536562
77853: 0.536556
77854: 0.536562
77855: 0.536555
77856: 0.536548
77857: 0.536554
77858: 0.53656
77859: 0.536553
77860: 0.536546
77861: 0.536539
77862: 0.536532
77863: 0.536525
77864: 0.536531
77865: 0.536537
77866: 0.53653
77867: 0.536523
77868: 0.536516
77869: 0.536522
77870: 0.536516
77871: 0.536521
77872: 0.536527
77873: 0.536533
77874: 0.536539
77875: 0.536532
77876: 0.536526
77877: 0.536531
77878: 0.536525
77879: 0.536531
77880: 0.536537
77881: 0.536542
77882: 0.536548
77883: 0.536554
77884: 0.536547
77885: 0.536553
77886: 0.536547
77887: 0.53654
77888: 0.536533
77889: 0.536539
77890: 0.536545
77891: 0.536538
77892: 0.536544
77893: 0.53655
77894: 0.536556
77895: 0.536549
77896: 0.536542
77897: 0.536548
77898: 0.536554
77899: 0.53656
77900: 0.536553
77901: 0.536559
77902: 0.536552
77903: 0.536545
77904: 0.536538
77905: 0.536531
77906: 0.536524
77907: 0.53653
77908: 0.536536
77909: 0.536542
77910: 0.536535
77911: 0.536528
77912: 0.536534
77913: 0.53654
77914: 0.536546
77915: 0.536552
77916: 0.536545
77917: 0.536538
77918: 0.536544
77919: 0.536537
77920: 0.536543
77921: 0.536537
77922: 0.53653
77923: 0.536523
77924: 0.536529
77925: 0.536522
77926: 0.536515
77927: 0.536508
77928: 0.536501
77929: 0.536507
77930: 0.5365
77931: 0.536493
77932: 0.536486
77933: 0.536492
77934: 0.536498
77935: 0.536504
77936: 0.53651
77937: 0.536516
77938: 0.536509
77939: 0.536502
77940: 0.536508
77941: 0.536502
77942: 0.536495
77943: 0.536501
77944: 0.536507
77945: 0.5365
77946: 0.536493
77947: 0.536499
77948: 0.536505
77949: 0.536511
77950: 0.536504
77951: 0.536497
77952: 0.536503
77953: 0.536496
77954: 0.536502
77955: 0.536508
77956: 0.536501
77957: 0.536507
77958: 0.5365
77959: 0.536493
77960: 0.536486
77961: 0.536492
77962: 0.536498
77963: 0.536491
77964: 0.536484
77965: 0.53649
77966: 0.536496
77967: 0.536502
77968: 0.536508
77969: 0.536501
77970: 0.536494
77971: 0.5365
77972: 0.536506
77973: 0.536499
77974: 0.536505
77975: 0.536511
77976: 0.536504
77977: 0.536497
77978: 0.536491
77979: 0.536484
77980: 0.53649
77981: 0.536483
77982: 0.536476
77983: 0.536469
77984: 0.536475
77985: 0.536481
77986: 0.536487
77987: 0.536493
77988: 0.536499
77989: 0.536505
77990: 0.536511
77991: 0.536517
77992: 0.53651
77993: 0.536516
77994: 0.536509
77995: 0.536502
77996: 0.536508
77997: 0.536514
77998: 0.536507
77999: 0.536513
78000: 0.536519
78001: 0.536512
78002: 0.536505
78003: 0.536498
78004: 0.536491
78005: 0.536497
78006: 0.53649
78007: 0.536483
78008: 0.536489
78009: 0.536495
78010: 0.536488
78011: 0.536494
78012: 0.536488
78013: 0.536493
78014: 0.536499
78015: 0.536493
78016: 0.536498
78017: 0.536492
78018: 0.536485
78019: 0.536478
78020: 0.536471
78021: 0.536477
78022: 0.536483
78023: 0.536489
78024: 0.536482
78025: 0.536475
78026: 0.536468
78027: 0.536474
78028: 0.53648
78029: 0.536473
78030: 0.536466
78031: 0.536459
78032: 0.536453
78033: 0.536458
78034: 0.536464
78035: 0.536458
78036: 0.536451
78037: 0.536457
78038: 0.53645
78039: 0.536456
78040: 0.536462
78041: 0.536468
78042: 0.536461
78043: 0.536454
78044: 0.536447
78045: 0.53644
78046: 0.536433
78047: 0.536439
78048: 0.536432
78049: 0.536438
78050: 0.536431
78051: 0.536424
78052: 0.53643
78053: 0.536424
78054: 0.536429
78055: 0.536435
78056: 0.536429
78057: 0.536422
78058: 0.536428
78059: 0.536421
78060: 0.536414
78061: 0.53642
78062: 0.536426
78063: 0.536432
78064: 0.536438
78065: 0.536444
78066: 0.536437
78067: 0.536443
78068: 0.536436
78069: 0.536429
78070: 0.536422
78071: 0.536415
78072: 0.536408
78073: 0.536401
78074: 0.536407
78075: 0.536413
78076: 0.536419
78077: 0.536425
78078: 0.536418
78079: 0.536424
78080: 0.53643
78081: 0.536436
78082: 0.536442
78083: 0.536448
78084: 0.536454
78085: 0.536447
78086: 0.53644
78087: 0.536446
78088: 0.536439
78089: 0.536445
78090: 0.536451
78091: 0.536457
78092: 0.536463
78093: 0.536456
78094: 0.536462
78095: 0.536468
78096: 0.536461
78097: 0.536454
78098: 0.53646
78099: 0.536453
78100: 0.536459
78101: 0.536452
78102: 0.536458
78103: 0.536464
78104: 0.53647
78105: 0.536463
78106: 0.536469
78107: 0.536475
78108: 0.536481
78109: 0.536487
78110: 0.536493
78111: 0.536486
78112: 0.536479
78113: 0.536472
78114: 0.536465
78115: 0.536459
78116: 0.536465
78117: 0.536458
78118: 0.536451
78119: 0.536444
78120: 0.536437
78121: 0.536443
78122: 0.536449
78123: 0.536442
78124: 0.536448
78125: 0.536441
78126: 0.536447
78127: 0.536453
78128: 0.536459
78129: 0.536452
78130: 0.536445
78131: 0.536438
78132: 0.536431
78133: 0.536437
78134: 0.536443
78135: 0.536436
78136: 0.53643
78137: 0.536436
78138: 0.536429
78139: 0.536435
78140: 0.536441
78141: 0.536434
78142: 0.536427
78143: 0.536433
78144: 0.536439
78145: 0.536432
78146: 0.536425
78147: 0.536418
78148: 0.536411
78149: 0.536404
78150: 0.536397
78151: 0.536391
78152: 0.536384
78153: 0.53639
78154: 0.536396
78155: 0.536402
78156: 0.536407
78157: 0.536401
78158: 0.536407
78159: 0.5364
78160: 0.536406
78161: 0.536412
78162: 0.536405
78163: 0.536398
78164: 0.536404
78165: 0.53641
78166: 0.536416
78167: 0.536409
78168: 0.536415
78169: 0.536421
78170: 0.536414
78171: 0.53642
78172: 0.536413
78173: 0.536419
78174: 0.536425
78175: 0.536431
78176: 0.536437
78177: 0.536442
78178: 0.536436
78179: 0.536442
78180: 0.536435
78181: 0.536441
78182: 0.536447
78183: 0.536452
78184: 0.536458
78185: 0.536452
78186: 0.536445
78187: 0.536438
78188: 0.536444
78189: 0.53645
78190: 0.536443
78191: 0.536449
78192: 0.536455
78193: 0.536448
78194: 0.536441
78195: 0.536447
78196: 0.536453
78197: 0.536459
78198: 0.536465
78199: 0.536458
78200: 0.536451
78201: 0.536444
78202: 0.53645
78203: 0.536456
78204: 0.536462
78205: 0.536468
78206: 0.536461
78207: 0.536454
78208: 0.536447
78209: 0.53644
78210: 0.536433
78211: 0.536439
78212: 0.536445
78213: 0.536451
78214: 0.536457
78215: 0.536463
78216: 0.536469
78217: 0.536462
78218: 0.536468
78219: 0.536474
78220: 0.53648
78221: 0.536473
78222: 0.536479
78223: 0.536472
78224: 0.536478
78225: 0.536471
78226: 0.536464
78227: 0.53647
78228: 0.536463
78229: 0.536457
78230: 0.536463
78231: 0.536456
78232: 0.536449
78233: 0.536455
78234: 0.536448
78235: 0.536454
78236: 0.53646
78237: 0.536453
78238: 0.536459
78239: 0.536452
78240: 0.536445
78241: 0.536451
78242: 0.536457
78243: 0.536463
78244: 0.536469
78245: 0.536475
78246: 0.536481
78247: 0.536487
78248: 0.53648
78249: 0.536486
78250: 0.536492
78251: 0.536485
78252: 0.536491
78253: 0.536484
78254: 0.536477
78255: 0.536483
78256: 0.536489
78257: 0.536495
78258: 0.536488
78259: 0.536494
78260: 0.536487
78261: 0.536493
78262: 0.536486
78263: 0.536479
78264: 0.536472
78265: 0.536465
78266: 0.536459
78267: 0.536452
78268: 0.536445
78269: 0.536438
78270: 0.536444
78271: 0.53645
78272: 0.536443
78273: 0.536436
78274: 0.536442
78275: 0.536448
78276: 0.536454
78277: 0.536447
78278: 0.536453
78279: 0.536446
78280: 0.536439
78281: 0.536432
78282: 0.536438
78283: 0.536431
78284: 0.536425
78285: 0.536418
78286: 0.536424
78287: 0.53643
78288: 0.536436
78289: 0.536441
78290: 0.536447
78291: 0.536441
78292: 0.536434
78293: 0.536427
78294: 0.53642
78295: 0.536413
78296: 0.536419
78297: 0.536412
78298: 0.536405
78299: 0.536411
78300: 0.536417
78301: 0.53641
78302: 0.536403
78303: 0.536409
78304: 0.536415
78305: 0.536408
78306: 0.536414
78307: 0.536408
78308: 0.536401
78309: 0.536394
78310: 0.5364
78311: 0.536406
78312: 0.536412
78313: 0.536417
78314: 0.536423
78315: 0.536417
78316: 0.536422
78317: 0.536428
78318: 0.536434
78319: 0.536427
78320: 0.536433
78321: 0.536427
78322: 0.53642
78323: 0.536413
78324: 0.536419
78325: 0.536412
78326: 0.536405
78327: 0.536411
78328: 0.536417
78329: 0.536423
78330: 0.536429
78331: 0.536422
78332: 0.536415
78333: 0.536421
78334: 0.536427
78335: 0.53642
78336: 0.536426
78337: 0.536432
78338: 0.536438
78339: 0.536444
78340: 0.536437
78341: 0.536443
78342: 0.536449
78343: 0.536442
78344: 0.536435
78345: 0.536428
78346: 0.536434
78347: 0.53644
78348: 0.536446
78349: 0.536452
78350: 0.536458
78351: 0.536464
78352: 0.53647
78353: 0.536463
78354: 0.536456
78355: 0.536449
78356: 0.536442
78357: 0.536435
78358: 0.536441
78359: 0.536434
78360: 0.53644
78361: 0.536446
78362: 0.536452
78363: 0.536445
78364: 0.536451
78365: 0.536457
78366: 0.536463
78367: 0.536469
78368: 0.536462
78369: 0.536468
78370: 0.536474
78371: 0.536467
78372: 0.536473
78373: 0.536479
78374: 0.536485
78375: 0.536491
78376: 0.536497
78377: 0.536503
78378: 0.536509
78379: 0.536502
78380: 0.536508
78381: 0.536513
78382: 0.536507
78383: 0.5365
78384: 0.536506
78385: 0.536499
78386: 0.536492
78387: 0.536498
78388: 0.536504
78389: 0.536497
78390: 0.536503
78391: 0.536509
78392: 0.536502
78393: 0.536508
78394: 0.536514
78395: 0.536507
78396: 0.536513
78397: 0.536506
78398: 0.536499
78399: 0.536492
78400: 0.536498
78401: 0.536491
78402: 0.536497
78403: 0.53649
78404: 0.536484
78405: 0.53649
78406: 0.536483
78407: 0.536489
78408: 0.536482
78409: 0.536475
78410: 0.536481
78411: 0.536474
78412: 0.536467
78413: 0.53646
78414: 0.536453
78415: 0.536459
78416: 0.536465
78417: 0.536458
78418: 0.536464
78419: 0.536458
78420: 0.536463
78421: 0.536457
78422: 0.53645
78423: 0.536456
78424: 0.536449
78425: 0.536442
78426: 0.536435
78427: 0.536428
78428: 0.536434
78429: 0.536427
78430: 0.536421
78431: 0.536414
78432: 0.53642
78433: 0.536426
78434: 0.536431
78435: 0.536437
78436: 0.536431
78437: 0.536424
78438: 0.536417
78439: 0.536423
78440: 0.536416
78441: 0.536409
78442: 0.536402
78443: 0.536395
78444: 0.536389
78445: 0.536382
78446: 0.536388
78447: 0.536394
78448: 0.536399
78449: 0.536393
78450: 0.536386
78451: 0.536379
78452: 0.536372
78453: 0.536378
78454: 0.536371
78455: 0.536377
78456: 0.53637
78457: 0.536363
78458: 0.536369
78459: 0.536362
78460: 0.536356
78461: 0.536362
78462: 0.536367
78463: 0.536373
78464: 0.536379
78465: 0.536372
78466: 0.536378
78467: 0.536372
78468: 0.536377
78469: 0.536371
78470: 0.536376
78471: 0.536382
78472: 0.536388
78473: 0.536394
78474: 0.536387
78475: 0.536393
78476: 0.536399
78477: 0.536392
78478: 0.536386
78479: 0.536391
78480: 0.536397
78481: 0.536391
78482: 0.536396
78483: 0.53639
78484: 0.536395
78485: 0.536389
78486: 0.536382
78487: 0.536388
78488: 0.536394
78489: 0.5364
78490: 0.536405
78491: 0.536411
78492: 0.536417
78493: 0.53641
78494: 0.536404
78495: 0.536397
78496: 0.536403
78497: 0.536409
78498: 0.536414
78499: 0.536408
78500: 0.536414
78501: 0.536419
78502: 0.536425
78503: 0.536431
78504: 0.536424
78505: 0.536418
78506: 0.536411
78507: 0.536404
78508: 0.536397
78509: 0.53639
78510: 0.536383
78511: 0.536389
78512: 0.536383
78513: 0.536376
78514: 0.536382
78515: 0.536375
78516: 0.536381
78517: 0.536387
78518: 0.53638
78519: 0.536373
78520: 0.536379
78521: 0.536372
78522: 0.536365
78523: 0.536358
78524: 0.536351
78525: 0.536357
78526: 0.536351
78527: 0.536344
78528: 0.53635
78529: 0.536343
78530: 0.536336
78531: 0.536329
78532: 0.536322
78533: 0.536328
78534: 0.536334
78535: 0.53634
78536: 0.536346
78537: 0.536352
78538: 0.536358
78539: 0.536364
78540: 0.53637
78541: 0.536375
78542: 0.536381
78543: 0.536387
78544: 0.536393
78545: 0.536399
78546: 0.536392
78547: 0.536385
78548: 0.536379
78549: 0.536372
78550: 0.536365
78551: 0.536358
78552: 0.536364
78553: 0.536357
78554: 0.536363
78555: 0.536369
78556: 0.536375
78557: 0.536368
78558: 0.536374
78559: 0.53638
78560: 0.536373
78561: 0.536366
78562: 0.536372
78563: 0.536365
78564: 0.536358
78565: 0.536364
78566: 0.53637
78567: 0.536376
78568: 0.536369
78569: 0.536375
78570: 0.536381
78571: 0.536374
78572: 0.53638
78573: 0.536386
78574: 0.536379
78575: 0.536372
78576: 0.536366
78577: 0.536372
78578: 0.536377
78579: 0.536383
78580: 0.536376
78581: 0.53637
78582: 0.536363
78583: 0.536356
78584: 0.536349
78585: 0.536342
78586: 0.536336
78587: 0.536329
78588: 0.536322
78589: 0.536328
78590: 0.536334
78591: 0.53634
78592: 0.536345
78593: 0.536339
78594: 0.536332
78595: 0.536338
78596: 0.536331
78597: 0.536324
78598: 0.536317
78599: 0.53631
78600: 0.536304
78601: 0.53631
78602: 0.536315
78603: 0.536321
78604: 0.536327
78605: 0.53632
78606: 0.536314
78607: 0.536307
78608: 0.536313
78609: 0.536319
78610: 0.536324
78611: 0.53633
78612: 0.536336
78613: 0.536329
78614: 0.536335
78615: 0.536328
78616: 0.536322
78617: 0.536328
78618: 0.536333
78619: 0.536327
78620: 0.53632
78621: 0.536313
78622: 0.536306
78623: 0.536299
78624: 0.536305
78625: 0.536311
78626: 0.536304
78627: 0.536298
78628: 0.536303
78629: 0.536297
78630: 0.53629
78631: 0.536296
78632: 0.536302
78633: 0.536307
78634: 0.536313
78635: 0.536319
78636: 0.536325
78637: 0.536318
78638: 0.536311
78639: 0.536305
78640: 0.536311
78641: 0.536316
78642: 0.53631
78643: 0.536303
78644: 0.536296
78645: 0.536302
78646: 0.536295
78647: 0.536288
78648: 0.536294
78649: 0.536287
78650: 0.536281
78651: 0.536274
78652: 0.53628
78653: 0.536273
78654: 0.536279
78655: 0.536272
78656: 0.536265
78657: 0.536258
78658: 0.536251
78659: 0.536257
78660: 0.536263
78661: 0.536256
78662: 0.53625
78663: 0.536243
78664: 0.536236
78665: 0.536229
78666: 0.536222
78667: 0.536228
78668: 0.536234
78669: 0.536227
78670: 0.53622
78671: 0.536214
78672: 0.53622
78673: 0.536213
78674: 0.536219
78675: 0.536212
78676: 0.536205
78677: 0.536198
78678: 0.536191
78679: 0.536185
78680: 0.536178
78681: 0.536184
78682: 0.536177
78683: 0.536183
78684: 0.536176
78685: 0.536182
78686: 0.536175
78687: 0.536181
78688: 0.536187
78689: 0.536193
78690: 0.536186
78691: 0.536192
78692: 0.536185
78693: 0.536191
78694: 0.536184
78695: 0.536177
78696: 0.53617
78697: 0.536164
78698: 0.536169
78699: 0.536163
78700: 0.536169
78701: 0.536174
78702: 0.536168
78703: 0.536161
78704: 0.536167
78705: 0.53616
78706: 0.536153
78707: 0.536159
78708: 0.536165
78709: 0.536171
78710: 0.536177
78711: 0.536183
78712: 0.536188
78713: 0.536182
78714: 0.536175
78715: 0.536168
78716: 0.536161
78717: 0.536154
78718: 0.53616
78719: 0.536166
78720: 0.536172
78721: 0.536178
78722: 0.536184
78723: 0.536177
78724: 0.536183
78725: 0.536189
78726: 0.536182
78727: 0.536175
78728: 0.536181
78729: 0.536174
78730: 0.53618
78731: 0.536173
78732: 0.536167
78733: 0.536172
78734: 0.536166
78735: 0.536159
78736: 0.536165
78737: 0.536171
78738: 0.536164
78739: 0.53617
78740: 0.536176
78741: 0.536169
78742: 0.536162
78743: 0.536155
78744: 0.536148
78745: 0.536154
78746: 0.53616
78747: 0.536166
78748: 0.536172
78749: 0.536178
78750: 0.536171
78751: 0.536177
78752: 0.53617
78753: 0.536163
78754: 0.536169
78755: 0.536162
78756: 0.536156
78757: 0.536161
78758: 0.536155
78759: 0.536148
78760: 0.536154
78761: 0.53616
78762: 0.536153
78763: 0.536146
78764: 0.536152
78765: 0.536158
78766: 0.536151
78767: 0.536157
78768: 0.536163
78769: 0.536169
78770: 0.536162
78771: 0.536155
78772: 0.536161
78773: 0.536167
78774: 0.536173
78775: 0.536179
78776: 0.536184
78777: 0.536178
78778: 0.536184
78779: 0.536177
78780: 0.536183
78781: 0.536176
78782: 0.536169
78783: 0.536175
78784: 0.536168
78785: 0.536161
78786: 0.536154
78787: 0.536148
78788: 0.536154
78789: 0.536147
78790: 0.536153
78791: 0.536158
78792: 0.536164
78793: 0.536158
78794: 0.536163
78795: 0.536169
78796: 0.536175
78797: 0.536168
78798: 0.536174
78799: 0.536168
78800: 0.536173
78801: 0.536179
78802: 0.536185
78803: 0.536178
78804: 0.536184
78805: 0.53619
78806: 0.536183
78807: 0.536177
78808: 0.53617
78809: 0.536176
78810: 0.536169
78811: 0.536162
78812: 0.536168
78813: 0.536174
78814: 0.53618
78815: 0.536173
78816: 0.536166
78817: 0.536172
78818: 0.536178
78819: 0.536184
78820: 0.53619
78821: 0.536195
78822: 0.536189
78823: 0.536195
78824: 0.5362
78825: 0.536194
78826: 0.5362
78827: 0.536193
78828: 0.536199
78829: 0.536192
78830: 0.536185
78831: 0.536191
78832: 0.536184
78833: 0.53619
78834: 0.536183
78835: 0.536176
78836: 0.536182
78837: 0.536175
78838: 0.536169
78839: 0.536175
78840: 0.53618
78841: 0.536174
78842: 0.536167
78843: 0.53616
78844: 0.536153
78845: 0.536159
78846: 0.536152
78847: 0.536158
78848: 0.536151
78849: 0.536157
78850: 0.536163
78851: 0.536169
78852: 0.536175
78853: 0.536181
78854: 0.536174
78855: 0.53618
78856: 0.536173
78857: 0.536166
78858: 0.536172
78859: 0.536165
78860: 0.536171
78861: 0.536164
78862: 0.53617
78863: 0.536176
78864: 0.536182
78865: 0.536175
78866: 0.536181
78867: 0.536174
78868: 0.536168
78869: 0.536161
78870: 0.536154
78871: 0.536147
78872: 0.536153
78873: 0.536159
78874: 0.536165
78875: 0.536171
78876: 0.536177
78877: 0.536182
78878: 0.536188
78879: 0.536194
78880: 0.5362
78881: 0.536193
78882: 0.536199
78883: 0.536205
78884: 0.536211
78885: 0.536204
78886: 0.53621
78887: 0.536203
78888: 0.536209
78889: 0.536202
78890: 0.536196
78891: 0.536189
78892: 0.536195
78893: 0.5362
78894: 0.536206
78895: 0.536212
78896: 0.536205
78897: 0.536199
78898: 0.536205
78899: 0.53621
78900: 0.536204
78901: 0.536197
78902: 0.536203
78903: 0.536196
78904: 0.536189
78905: 0.536195
78906: 0.536188
78907: 0.536194
78908: 0.5362
78909: 0.536193
78910: 0.536199
78911: 0.536192
78912: 0.536185
78913: 0.536179
78914: 0.536185
78915: 0.53619
78916: 0.536184
78917: 0.536189
78918: 0.536195
78919: 0.536201
78920: 0.536194
78921: 0.5362
78922: 0.536194
78923: 0.536199
78924: 0.536205
78925: 0.536198
78926: 0.536204
78927: 0.53621
78928: 0.536203
78929: 0.536197
78930: 0.536203
78931: 0.536208
78932: 0.536214
78933: 0.536207
78934: 0.536213
78935: 0.536207
78936: 0.5362
78937: 0.536206
78938: 0.536212
78939: 0.536205
78940: 0.536198
78941: 0.536204
78942: 0.53621
78943: 0.536203
78944: 0.536209
78945: 0.536215
78946: 0.536221
78947: 0.536226
78948: 0.536232
78949: 0.536238
78950: 0.536244
78951: 0.536237
78952: 0.53623
78953: 0.536224
78954: 0.536229
78955: 0.536223
78956: 0.536229
78957: 0.536234
78958: 0.536228
78959: 0.536221
78960: 0.536214
78961: 0.53622
78962: 0.536226
78963: 0.536232
78964: 0.536225
78965: 0.536231
78966: 0.536224
78967: 0.536217
78968: 0.53621
78969: 0.536204
78970: 0.536209
78971: 0.536215
78972: 0.536221
78973: 0.536214
78974: 0.536208
78975: 0.536214
78976: 0.536219
78977: 0.536225
78978: 0.536231
78979: 0.536237
78980: 0.536243
78981: 0.536236
78982: 0.536242
78983: 0.536248
78984: 0.536254
78985: 0.536247
78986: 0.536253
78987: 0.536246
78988: 0.536239
78989: 0.536232
78990: 0.536226
78991: 0.536219
78992: 0.536225
78993: 0.536218
78994: 0.536211
78995: 0.536217
78996: 0.536223
78997: 0.536216
78998: 0.536209
78999: 0.536203
79000: 0.536196
79001: 0.536189
79002: 0.536195
79003: 0.536188
79004: 0.536194
79005: 0.536187
79006: 0.536193
79007: 0.536186
79008: 0.536179
79009: 0.536173
79010: 0.536166
79011: 0.536172
79012: 0.536178
79013: 0.536171
79014: 0.536177
79015: 0.536183
79016: 0.536176
79017: 0.536182
79018: 0.536175
79019: 0.536181
79020: 0.536187
79021: 0.536192
79022: 0.536198
79023: 0.536204
79024: 0.536197
79025: 0.536191
79026: 0.536196
79027: 0.536202
79028: 0.536196
79029: 0.536201
79030: 0.536207
79031: 0.536201
79032: 0.536206
79033: 0.5362
79034: 0.536205
79035: 0.536199
79036: 0.536192
79037: 0.536185
79038: 0.536178
79039: 0.536172
79040: 0.536177
79041: 0.536171
79042: 0.536164
79043: 0.536157
79044: 0.53615
79045: 0.536144
79046: 0.536137
79047: 0.53613
79048: 0.536136
79049: 0.536129
79050: 0.536122
79051: 0.536128
79052: 0.536134
79053: 0.53614
79054: 0.536146
79055: 0.536139
79056: 0.536132
79057: 0.536125
79058: 0.536119
79059: 0.536112
79060: 0.536105
79061: 0.536098
79062: 0.536091
79063: 0.536085
79064: 0.536078
79065: 0.536084
79066: 0.53609
79067: 0.536096
79068: 0.536101
79069: 0.536107
79070: 0.5361
79071: 0.536106
79072: 0.536112
79073: 0.536118
79074: 0.536111
79075: 0.536117
79076: 0.536123
79077: 0.536129
79078: 0.536135
79079: 0.536141
79080: 0.536134
79081: 0.53614
79082: 0.536146
79083: 0.536139
79084: 0.536145
79085: 0.536138
79086: 0.536131
79087: 0.536124
79088: 0.536118
79089: 0.536123
79090: 0.536117
79091: 0.53611
79092: 0.536103
79093: 0.536109
79094: 0.536102
79095: 0.536095
79096: 0.536089
79097: 0.536082
79098: 0.536088
79099: 0.536094
79100: 0.536099
79101: 0.536105
79102: 0.536111
79103: 0.536117
79104: 0.536123
79105: 0.536116
79106: 0.536109
79107: 0.536103
79108: 0.536108
79109: 0.536102
79110: 0.536107
79111: 0.536101
79112: 0.536107
79113: 0.5361
79114: 0.536093
79115: 0.536086
79116: 0.536092
79117: 0.536085
79118: 0.536091
79119: 0.536097
79120: 0.53609
79121: 0.536084
79122: 0.536089
79123: 0.536095
79124: 0.536101
79125: 0.536094
79126: 0.536088
79127: 0.536093
79128: 0.536099
79129: 0.536105
79130: 0.536111
79131: 0.536104
79132: 0.53611
79133: 0.536116
79134: 0.536122
79135: 0.536115
79136: 0.536108
79137: 0.536101
79138: 0.536095
79139: 0.536088
79140: 0.536094
79141: 0.536087
79142: 0.53608
79143: 0.536073
79144: 0.536067
79145: 0.536073
79146: 0.536066
79147: 0.536059
79148: 0.536065
79149: 0.536071
79150: 0.536064
79151: 0.53607
79152: 0.536076
79153: 0.536082
79154: 0.536087
79155: 0.536093
79156: 0.536087
79157: 0.53608
79158: 0.536086
79159: 0.536079
79160: 0.536072
79161: 0.536078
79162: 0.536071
79163: 0.536064
79164: 0.53607
79165: 0.536063
79166: 0.536057
79167: 0.53605
79168: 0.536043
79169: 0.536036
79170: 0.53603
79171: 0.536023
79172: 0.536016
79173: 0.536009
79174: 0.536003
79175: 0.535996
79176: 0.536002
79177: 0.536007
79178: 0.536013
79179: 0.536019
79180: 0.536025
79181: 0.536018
79182: 0.536024
79183: 0.53603
79184: 0.536036
79185: 0.536029
79186: 0.536022
79187: 0.536016
79188: 0.536009
79189: 0.536002
79190: 0.535995
79191: 0.535988
79192: 0.535994
79193: 0.536
79194: 0.536006
79195: 0.535999
79196: 0.536005
79197: 0.536011
79198: 0.536004
79199: 0.53601
79200: 0.536003
79201: 0.535997
79202: 0.536002
79203: 0.535996
79204: 0.535989
79205: 0.535995
79206: 0.536001
79207: 0.535994
79208: 0.535987
79209: 0.535993
79210: 0.535986
79211: 0.535992
79212: 0.535985
79213: 0.535991
79214: 0.535984
79215: 0.53599
79216: 0.535996
79217: 0.535989
79218: 0.535995
79219: 0.535988
79220: 0.535982
79221: 0.535987
79222: 0.535993
79223: 0.535999
79224: 0.536005
79225: 0.536011
79226: 0.536017
79227: 0.53601
79228: 0.536016
79229: 0.536022
79230: 0.536028
79231: 0.536033
79232: 0.536039
79233: 0.536045
79234: 0.536038
79235: 0.536032
79236: 0.536025
79237: 0.536031
79238: 0.536024
79239: 0.536017
79240: 0.53601
79241: 0.536004
79242: 0.535997
79243: 0.536003
79244: 0.536009
79245: 0.536014
79246: 0.53602
79247: 0.536026
79248: 0.536032
79249: 0.536025
79250: 0.536018
79251: 0.536024
79252: 0.53603
79253: 0.536036
79254: 0.536029
79255: 0.536035
79256: 0.536041
79257: 0.536047
79258: 0.536053
79259: 0.536059
79260: 0.536052
79261: 0.536045
79262: 0.536038
79263: 0.536031
79264: 0.536037
79265: 0.536043
79266: 0.536036
79267: 0.536042
79268: 0.536036
79269: 0.536029
79270: 0.536022
79271: 0.536028
79272: 0.536021
79273: 0.536027
79274: 0.53602
79275: 0.536026
79276: 0.536032
79277: 0.536038
79278: 0.536044
79279: 0.536049
79280: 0.536055
79281: 0.536061
79282: 0.536067
79283: 0.536073
79284: 0.536079
79285: 0.536085
79286: 0.53609
79287: 0.536096
79288: 0.536089
79289: 0.536095
79290: 0.536101
79291: 0.536107
79292: 0.5361
79293: 0.536094
79294: 0.536099
79295: 0.536093
79296: 0.536098
79297: 0.536104
79298: 0.53611
79299: 0.536103
79300: 0.536097
79301: 0.53609
79302: 0.536083
79303: 0.536089
79304: 0.536082
79305: 0.536075
79306: 0.536081
79307: 0.536087
79308: 0.53608
79309: 0.536074
79310: 0.536067
79311: 0.536073
79312: 0.536066
79313: 0.536072
79314: 0.536078
79315: 0.536071
79316: 0.536077
79317: 0.53607
79318: 0.536076
79319: 0.536069
79320: 0.536062
79321: 0.536056
79322: 0.536061
79323: 0.536067
79324: 0.536073
79325: 0.536079
79326: 0.536085
79327: 0.536091
79328: 0.536097
79329: 0.53609
79330: 0.536096
79331: 0.536089
79332: 0.536095
79333: 0.536088
79334: 0.536081
79335: 0.536087
79336: 0.53608
79337: 0.536074
79338: 0.536079
79339: 0.536073
79340: 0.536078
79341: 0.536084
79342: 0.536078
79343: 0.536083
79344: 0.536077
79345: 0.53607
79346: 0.536076
79347: 0.536082
79348: 0.536087
79349: 0.536081
79350: 0.536087
79351: 0.536092
79352: 0.536086
79353: 0.536079
79354: 0.536072
79355: 0.536078
79356: 0.536071
79357: 0.536064
79358: 0.536058
79359: 0.536064
79360: 0.536057
79361: 0.536063
79362: 0.536068
79363: 0.536074
79364: 0.536068
79365: 0.536061
79366: 0.536067
79367: 0.536072
79368: 0.536078
79369: 0.536084
79370: 0.536077
79371: 0.536083
79372: 0.536089
79373: 0.536095
79374: 0.536101
79375: 0.536094
79376: 0.536087
79377: 0.536093
79378: 0.536099
79379: 0.536105
79380: 0.536111
79381: 0.536116
79382: 0.536122
79383: 0.536128
79384: 0.536134
79385: 0.536127
79386: 0.536133
79387: 0.536126
79388: 0.53612
79389: 0.536113
79390: 0.536106
79391: 0.536112
79392: 0.536105
79393: 0.536098
79394: 0.536104
79395: 0.53611
79396: 0.536116
79397: 0.536122
79398: 0.536128
79399: 0.536134
79400: 0.536139
79401: 0.536145
79402: 0.536151
79403: 0.536144
79404: 0.53615
79405: 0.536156
79406: 0.536149
79407: 0.536155
79408: 0.536161
79409: 0.536167
79410: 0.536173
79411: 0.536178
79412: 0.536184
79413: 0.536178
79414: 0.536171
79415: 0.536177
79416: 0.536182
79417: 0.536188
79418: 0.536194
79419: 0.536187
79420: 0.536193
79421: 0.536186
79422: 0.536192
79423: 0.536198
79424: 0.536204
79425: 0.53621
79426: 0.536203
79427: 0.536196
79428: 0.53619
79429: 0.536183
79430: 0.536176
79431: 0.536182
79432: 0.536188
79433: 0.536181
79434: 0.536187
79435: 0.536193
79436: 0.536186
79437: 0.536179
79438: 0.536185
79439: 0.536191
79440: 0.536197
79441: 0.536203
79442: 0.536208
79443: 0.536214
79444: 0.536207
79445: 0.536213
79446: 0.536219
79447: 0.536225
79448: 0.536218
79449: 0.536211
79450: 0.536217
79451: 0.536223
79452: 0.536216
79453: 0.53621
79454: 0.536215
79455: 0.536209
79456: 0.536215
79457: 0.536208
79458: 0.536201
79459: 0.536194
79460: 0.536188
79461: 0.536181
79462: 0.536174
79463: 0.536167
79464: 0.536173
79465: 0.536179
79466: 0.536172
79467: 0.536166
79468: 0.536159
79469: 0.536152
79470: 0.536158
79471: 0.536164
79472: 0.536157
79473: 0.536163
79474: 0.536156
79475: 0.536162
79476: 0.536168
79477: 0.536161
79478: 0.536167
79479: 0.53616
79480: 0.536166
79481: 0.536172
79482: 0.536178
79483: 0.536183
79484: 0.536177
79485: 0.53617
79486: 0.536163
79487: 0.536169
79488: 0.536175
79489: 0.536168
79490: 0.536174
79491: 0.53618
79492: 0.536186
79493: 0.536191
79494: 0.536185
79495: 0.536191
79496: 0.536196
79497: 0.536202
79498: 0.536195
79499: 0.536201
79500: 0.536207
79501: 0.5362
79502: 0.536206
79503: 0.536212
79504: 0.536205
79505: 0.536199
79506: 0.536192
79507: 0.536198
79508: 0.536203
79509: 0.536197
79510: 0.53619
79511: 0.536196
79512: 0.536202
79513: 0.536207
79514: 0.536213
79515: 0.536219
79516: 0.536225
79517: 0.536231
79518: 0.536237
79519: 0.536242
79520: 0.536236
79521: 0.536229
79522: 0.536222
79523: 0.536215
79524: 0.536209
79525: 0.536202
79526: 0.536208
79527: 0.536201
79528: 0.536207
79529: 0.536213
79530: 0.536206
79531: 0.536199
79532: 0.536193
79533: 0.536186
79534: 0.536192
79535: 0.536185
79536: 0.536191
79537: 0.536197
79538: 0.536202
79539: 0.536196
79540: 0.536189
79541: 0.536182
79542: 0.536175
79543: 0.536181
79544: 0.536174
79545: 0.53618
79546: 0.536186
79547: 0.536192
79548: 0.536198
79549: 0.536204
79550: 0.536209
79551: 0.536215
79552: 0.536209
79553: 0.536214
79554: 0.53622
79555: 0.536226
79556: 0.536219
79557: 0.536225
79558: 0.536231
79559: 0.536237
79560: 0.536243
79561: 0.536236
79562: 0.536242
79563: 0.536248
79564: 0.536241
79565: 0.536247
79566: 0.536252
79567: 0.536258
79568: 0.536264
79569: 0.536257
79570: 0.536251
79571: 0.536256
79572: 0.536262
79573: 0.536268
79574: 0.536261
79575: 0.536267
79576: 0.536273
79577: 0.536266
79578: 0.536272
79579: 0.536265
79580: 0.536271
79581: 0.536264
79582: 0.536258
79583: 0.536251
79584: 0.536244
79585: 0.536238
79586: 0.536243
79587: 0.536249
79588: 0.536242
79589: 0.536236
79590: 0.536229
79591: 0.536235
79592: 0.536241
79593: 0.536234
79594: 0.53624
79595: 0.536246
79596: 0.536251
79597: 0.536257
79598: 0.536263
79599: 0.536269
79600: 0.536275
79601: 0.536268
79602: 0.536274
79603: 0.53628
79604: 0.536285
79605: 0.536291
79606: 0.536297
79607: 0.53629
79608: 0.536284
79609: 0.536277
79610: 0.53627
79611: 0.536276
79612: 0.536282
79613: 0.536288
79614: 0.536293
79615: 0.536299
79616: 0.536305
79617: 0.536311
79618: 0.536317
79619: 0.536323
79620: 0.536316
79621: 0.536322
79622: 0.536315
79623: 0.536321
79624: 0.536314
79625: 0.53632
79626: 0.536326
79627: 0.536331
79628: 0.536337
79629: 0.536331
79630: 0.536324
79631: 0.536317
79632: 0.53631
79633: 0.536316
79634: 0.536309
79635: 0.536303
79636: 0.536308
79637: 0.536314
79638: 0.536308
79639: 0.536301
79640: 0.536294
79641: 0.536287
79642: 0.536293
79643: 0.536299
79644: 0.536305
79645: 0.536311
79646: 0.536316
79647: 0.53631
79648: 0.536316
79649: 0.536321
79650: 0.536327
79651: 0.536333
79652: 0.536326
79653: 0.53632
79654: 0.536325
79655: 0.536319
79656: 0.536324
79657: 0.53633
79658: 0.536324
79659: 0.536329
79660: 0.536335
79661: 0.536328
79662: 0.536334
79663: 0.536328
79664: 0.536321
79665: 0.536327
79666: 0.536332
79667: 0.536326
79668: 0.536332
79669: 0.536337
79670: 0.536343
79671: 0.536336
79672: 0.536342
79673: 0.536336
79674: 0.536329
79675: 0.536335
79676: 0.536328
79677: 0.536334
79678: 0.53634
79679: 0.536345
79680: 0.536351
79681: 0.536344
79682: 0.53635
79683: 0.536344
79684: 0.536337
79685: 0.53633
79686: 0.536323
79687: 0.536317
79688: 0.536322
79689: 0.536316
79690: 0.536309
79691: 0.536315
79692: 0.536321
79693: 0.536314
79694: 0.53632
79695: 0.536326
79696: 0.536331
79697: 0.536337
79698: 0.536343
79699: 0.536349
79700: 0.536355
79701: 0.536348
79702: 0.536341
79703: 0.536334
79704: 0.536328
79705: 0.536321
79706: 0.536327
79707: 0.53632
79708: 0.536313
79709: 0.536307
79710: 0.5363
79711: 0.536306
79712: 0.536312
79713: 0.536305
79714: 0.536298
79715: 0.536291
79716: 0.536297
79717: 0.53629
79718: 0.536296
79719: 0.53629
79720: 0.536283
79721: 0.536289
79722: 0.536282
79723: 0.536288
79724: 0.536294
79725: 0.536287
79726: 0.53628
79727: 0.536286
79728: 0.536279
79729: 0.536285
79730: 0.536291
79731: 0.536284
79732: 0.53629
79733: 0.536283
79734: 0.536289
79735: 0.536282
79736: 0.536288
79737: 0.536294
79738: 0.5363
79739: 0.536293
79740: 0.536299
79741: 0.536305
79742: 0.53631
79743: 0.536316
79744: 0.536322
79745: 0.536315
79746: 0.536321
79747: 0.536314
79748: 0.53632
79749: 0.536326
79750: 0.536319
79751: 0.536313
79752: 0.536318
79753: 0.536312
79754: 0.536305
79755: 0.536298
79756: 0.536304
79757: 0.536297
79758: 0.536291
79759: 0.536296
79760: 0.536302
79761: 0.536295
79762: 0.536289
79763: 0.536295
79764: 0.536288
79765: 0.536281
79766: 0.536287
79767: 0.53628
79768: 0.536286
79769: 0.536292
79770: 0.536298
79771: 0.536303
79772: 0.536297
79773: 0.53629
79774: 0.536296
79775: 0.536302
79776: 0.536307
79777: 0.536313
79778: 0.536307
79779: 0.536312
79780: 0.536318
79781: 0.536311
79782: 0.536305
79783: 0.536311
79784: 0.536304
79785: 0.53631
79786: 0.536303
79787: 0.536309
79788: 0.536315
79789: 0.53632
79790: 0.536314
79791: 0.536319
79792: 0.536313
79793: 0.536306
79794: 0.536299
79795: 0.536293
79796: 0.536286
79797: 0.536292
79798: 0.536297
79799: 0.536291
79800: 0.536284
79801: 0.536277
79802: 0.536283
79803: 0.536276
79804: 0.53627
79805: 0.536275
79806: 0.536281
79807: 0.536287
79808: 0.536293
79809: 0.536299
79810: 0.536305
79811: 0.536298
79812: 0.536291
79813: 0.536284
79814: 0.53629
79815: 0.536296
79816: 0.536289
79817: 0.536295
79818: 0.536288
79819: 0.536282
79820: 0.536287
79821: 0.536293
79822: 0.536287
79823: 0.536292
79824: 0.536298
79825: 0.536291
79826: 0.536285
79827: 0.536278
79828: 0.536284
79829: 0.536277
79830: 0.536283
79831: 0.536289
79832: 0.536295
79833: 0.5363
79834: 0.536294
79835: 0.536287
79836: 0.53628
79837: 0.536273
79838: 0.536267
79839: 0.536273
79840: 0.536278
79841: 0.536284
79842: 0.536277
79843: 0.536283
79844: 0.536277
79845: 0.536282
79846: 0.536276
79847: 0.536281
79848: 0.536287
79849: 0.536293
79850: 0.536286
79851: 0.53628
79852: 0.536273
79853: 0.536266
79854: 0.536259
79855: 0.536253
79856: 0.536246
79857: 0.536239
79858: 0.536233
79859: 0.536226
79860: 0.536232
79861: 0.536238
79862: 0.536243
79863: 0.536237
79864: 0.536242
79865: 0.536236
79866: 0.536242
79867: 0.536247
79868: 0.536253
79869: 0.536246
79870: 0.536252
79871: 0.536258
79872: 0.536264
79873: 0.53627
79874: 0.536275
79875: 0.536281
79876: 0.536287
79877: 0.536293
79878: 0.536299
79879: 0.536304
79880: 0.536298
79881: 0.536304
79882: 0.536297
79883: 0.536303
79884: 0.536308
79885: 0.536314
79886: 0.536308
79887: 0.536313
79888: 0.536307
79889: 0.5363
79890: 0.536306
79891: 0.536312
79892: 0.536305
79893: 0.536298
79894: 0.536304
79895: 0.53631
79896: 0.536303
79897: 0.536296
79898: 0.536302
79899: 0.536308
79900: 0.536314
79901: 0.536307
79902: 0.5363
79903: 0.536306
79904: 0.536312
79905: 0.536318
79906: 0.536323
79907: 0.536329
79908: 0.536323
79909: 0.536328
79910: 0.536322
79911: 0.536327
79912: 0.536321
79913: 0.536327
79914: 0.53632
79915: 0.536313
79916: 0.536306
79917: 0.5363
79918: 0.536293
79919: 0.536286
79920: 0.536292
79921: 0.536285
79922: 0.536279
79923: 0.536272
79924: 0.536278
79925: 0.536284
79926: 0.536289
79927: 0.536295
79928: 0.536288
79929: 0.536282
79930: 0.536288
79931: 0.536293
79932: 0.536299
79933: 0.536292
79934: 0.536298
79935: 0.536292
79936: 0.536285
79937: 0.536278
79938: 0.536284
79939: 0.53629
79940: 0.536296
79941: 0.536301
79942: 0.536307
79943: 0.5363
79944: 0.536294
79945: 0.5363
79946: 0.536293
79947: 0.536299
79948: 0.536292
79949: 0.536298
79950: 0.536303
79951: 0.536309
79952: 0.536315
79953: 0.536308
79954: 0.536302
79955: 0.536307
79956: 0.536313
79957: 0.536307
79958: 0.5363
79959: 0.536306
79960: 0.536311
79961: 0.536305
79962: 0.536311
79963: 0.536316
79964: 0.536322
79965: 0.536328
79966: 0.536334
79967: 0.536327
79968: 0.536333
79969: 0.536326
79970: 0.536332
79971: 0.536325
79972: 0.536319
79973: 0.536324
79974: 0.536318
79975: 0.536323
79976: 0.536329
79977: 0.536335
79978: 0.536341
79979: 0.536334
79980: 0.536327
79981: 0.536333
79982: 0.536339
79983: 0.536332
79984: 0.536326
79985: 0.536331
79986: 0.536337
79987: 0.536343
79988: 0.536349
79989: 0.536342
79990: 0.536335
79991: 0.536341
79992: 0.536334
79993: 0.53634
79994: 0.536346
79995: 0.536352
79996: 0.536358
79997: 0.536363
79998: 0.536369
79999: 0.536375
80000: 0.536368
80001: 0.536374
80002: 0.53638
80003: 0.536373
80004: 0.536379
80005: 0.536385
80006: 0.536391
80007: 0.536384
80008: 0.53639
80009: 0.536395
80010: 0.536389
80011: 0.536382
80012: 0.536388
80013: 0.536381
80014: 0.536387
80015: 0.53638
80016: 0.536386
80017: 0.536392
80018: 0.536385
80019: 0.536391
80020: 0.536384
80021: 0.536377
80022: 0.536383
80023: 0.536389
80024: 0.536382
80025: 0.536388
80026: 0.536394
80027: 0.536387
80028: 0.536393
80029: 0.536399
80030: 0.536392
80031: 0.536385
80032: 0.536391
80033: 0.536385
80034: 0.536378
80035: 0.536384
80036: 0.536389
80037: 0.536395
80038: 0.536389
80039: 0.536394
80040: 0.5364
80041: 0.536406
80042: 0.536399
80043: 0.536392
80044: 0.536386
80045: 0.536379
80046: 0.536385
80047: 0.536378
80048: 0.536371
80049: 0.536377
80050: 0.536371
80051: 0.536376
80052: 0.536382
80053: 0.536375
80054: 0.536381
80055: 0.536375
80056: 0.53638
80057: 0.536374
80058: 0.536367
80059: 0.536373
80060: 0.536379
80061: 0.536372
80062: 0.536365
80063: 0.536371
80064: 0.536377
80065: 0.536382
80066: 0.536388
80067: 0.536382
80068: 0.536387
80069: 0.536381
80070: 0.536386
80071: 0.536392
80072: 0.536398
80073: 0.536404
80074: 0.536397
80075: 0.53639
80076: 0.536384
80077: 0.536377
80078: 0.53637
80079: 0.536376
80080: 0.536382
80081: 0.536388
80082: 0.536393
80083: 0.536399
80084: 0.536405
80085: 0.536411
80086: 0.536404
80087: 0.536397
80088: 0.536403
80089: 0.536409
80090: 0.536415
80091: 0.536421
80092: 0.536414
80093: 0.53642
80094: 0.536425
80095: 0.536419
80096: 0.536412
80097: 0.536418
80098: 0.536424
80099: 0.536429
80100: 0.536435
80101: 0.536429
80102: 0.536434
80103: 0.53644
80104: 0.536433
80105: 0.536439
80106: 0.536433
80107: 0.536438
80108: 0.536432
80109: 0.536425
80110: 0.536431
80111: 0.536424
80112: 0.53643
80113: 0.536423
80114: 0.536429
80115: 0.536422
80116: 0.536428
80117: 0.536434
80118: 0.53644
80119: 0.536445
80120: 0.536451
80121: 0.536457
80122: 0.53645
80123: 0.536444
80124: 0.536449
80125: 0.536455
80126: 0.536461
80127: 0.536467
80128: 0.536472
80129: 0.536466
80130: 0.536472
80131: 0.536465
80132: 0.536458
80133: 0.536451
80134: 0.536457
80135: 0.536463
80136: 0.536456
80137: 0.536462
80138: 0.536455
80139: 0.536449
80140: 0.536454
80141: 0.53646
80142: 0.536454
80143: 0.536447
80144: 0.53644
80145: 0.536446
80146: 0.536452
80147: 0.536458
80148: 0.536451
80149: 0.536444
80150: 0.53645
80151: 0.536456
80152: 0.536462
80153: 0.536467
80154: 0.536461
80155: 0.536466
80156: 0.536472
80157: 0.536478
80158: 0.536484
80159: 0.53649
80160: 0.536495
80161: 0.536489
80162: 0.536482
80163: 0.536475
80164: 0.536469
80165: 0.536462
80166: 0.536468
80167: 0.536461
80168: 0.536454
80169: 0.53646
80170: 0.536453
80171: 0.536447
80172: 0.536452
80173: 0.536458
80174: 0.536452
80175: 0.536457
80176: 0.536451
80177: 0.536444
80178: 0.53645
80179: 0.536455
80180: 0.536449
80181: 0.536442
80182: 0.536435
80183: 0.536429
80184: 0.536434
80185: 0.536428
80186: 0.536434
80187: 0.536427
80188: 0.53642
80189: 0.536426
80190: 0.536432
80191: 0.536425
80192: 0.536431
80193: 0.536437
80194: 0.53643
80195: 0.536436
80196: 0.536442
80197: 0.536447
80198: 0.536453
80199: 0.536459
80200: 0.536452
80201: 0.536445
80202: 0.536439
80203: 0.536432
80204: 0.536425
80205: 0.536419
80206: 0.536425
80207: 0.53643
80208: 0.536436
80209: 0.536429
80210: 0.536435
80211: 0.536428
80212: 0.536422
80213: 0.536428
80214: 0.536433
80215: 0.536439
80216: 0.536445
80217: 0.536451
80218: 0.536456
80219: 0.53645
80220: 0.536456
80221: 0.536461
80222: 0.536467
80223: 0.53646
80224: 0.536466
80225: 0.53646
80226: 0.536465
80227: 0.536459
80228: 0.536452
80229: 0.536458
80230: 0.536451
80231: 0.536457
80232: 0.536463
80233: 0.536468
80234: 0.536474
80235: 0.536467
80236: 0.536473
80237: 0.536479
80238: 0.536485
80239: 0.536478
80240: 0.536471
80241: 0.536465
80242: 0.536458
80243: 0.536451
80244: 0.536457
80245: 0.536463
80246: 0.536469
80247: 0.536474
80248: 0.536468
80249: 0.536474
80250: 0.536479
80251: 0.536485
80252: 0.536478
80253: 0.536484
80254: 0.53649
80255: 0.536496
80256: 0.536501
80257: 0.536495
80258: 0.536488
80259: 0.536494
80260: 0.536487
80261: 0.536481
80262: 0.536474
80263: 0.53648
80264: 0.536485
80265: 0.536491
80266: 0.536497
80267: 0.536503
80268: 0.536508
80269: 0.536502
80270: 0.536508
80271: 0.536501
80272: 0.536494
80273: 0.536488
80274: 0.536481
80275: 0.536487
80276: 0.53648
80277: 0.536473
80278: 0.536479
80279: 0.536485
80280: 0.536491
80281: 0.536496
80282: 0.53649
80283: 0.536483
80284: 0.536476
80285: 0.536482
80286: 0.536488
80287: 0.536494
80288: 0.536499
80289: 0.536505
80290: 0.536511
80291: 0.536517
80292: 0.53651
80293: 0.536516
80294: 0.536522
80295: 0.536527
80296: 0.536521
80297: 0.536526
80298: 0.53652
80299: 0.536513
80300: 0.536506
80301: 0.5365
80302: 0.536505
80303: 0.536511
80304: 0.536517
80305: 0.536523
80306: 0.536529
80307: 0.536522
80308: 0.536528
80309: 0.536533
80310: 0.536539
80311: 0.536545
80312: 0.536538
80313: 0.536544
80314: 0.536537
80315: 0.536531
80316: 0.536524
80317: 0.536517
80318: 0.536523
80319: 0.536529
80320: 0.536535
80321: 0.53654
80322: 0.536534
80323: 0.536527
80324: 0.536533
80325: 0.536539
80326: 0.536544
80327: 0.536538
80328: 0.536531
80329: 0.536537
80330: 0.536543
80331: 0.536536
80332: 0.536542
80333: 0.536547
80334: 0.536553
80335: 0.536547
80336: 0.536552
80337: 0.536558
80338: 0.536551
80339: 0.536545
80340: 0.536538
80341: 0.536531
80342: 0.536525
80343: 0.53653
80344: 0.536536
80345: 0.536542
80346: 0.536535
80347: 0.536541
80348: 0.536547
80349: 0.536553
80350: 0.536546
80351: 0.536539
80352: 0.536533
80353: 0.536538
80354: 0.536544
80355: 0.53655
80356: 0.536556
80357: 0.536561
80358: 0.536567
80359: 0.53656
80360: 0.536566
80361: 0.53656
80362: 0.536553
80363: 0.536546
80364: 0.536552
80365: 0.536545
80366: 0.536551
80367: 0.536544
80368: 0.53655
80369: 0.536556
80370: 0.536549
80371: 0.536543
80372: 0.536536
80373: 0.536529
80374: 0.536535
80375: 0.536528
80376: 0.536522
80377: 0.536515
80378: 0.536508
80379: 0.536502
80380: 0.536507
80381: 0.536513
80382: 0.536506
80383: 0.5365
80384: 0.536493
80385: 0.536499
80386: 0.536492
80387: 0.536498
80388: 0.536491
80389: 0.536485
80390: 0.536478
80391: 0.536484
80392: 0.536477
80393: 0.536483
80394: 0.536476
80395: 0.536469
80396: 0.536475
80397: 0.536469
80398: 0.536462
80399: 0.536455
80400: 0.536461
80401: 0.536467
80402: 0.536473
80403: 0.536466
80404: 0.536472
80405: 0.536465
80406: 0.536471
80407: 0.536464
80408: 0.536457
80409: 0.536463
80410: 0.536456
80411: 0.53645
80412: 0.536456
80413: 0.536461
80414: 0.536455
80415: 0.536448
80416: 0.536454
80417: 0.536447
80418: 0.536453
80419: 0.536446
80420: 0.536439
80421: 0.536445
80422: 0.536439
80423: 0.536444
80424: 0.536438
80425: 0.536431
80426: 0.536437
80427: 0.53643
80428: 0.536423
80429: 0.536429
80430: 0.536435
80431: 0.536441
80432: 0.536446
80433: 0.53644
80434: 0.536433
80435: 0.536439
80436: 0.536445
80437: 0.53645
80438: 0.536444
80439: 0.53645
80440: 0.536443
80441: 0.536436
80442: 0.53643
80443: 0.536423
80444: 0.536429
80445: 0.536434
80446: 0.53644
80447: 0.536446
80448: 0.536452
80449: 0.536445
80450: 0.536438
80451: 0.536432
80452: 0.536425
80453: 0.536418
80454: 0.536424
80455: 0.53643
80456: 0.536436
80457: 0.536441
80458: 0.536447
80459: 0.536453
80460: 0.536459
80461: 0.536464
80462: 0.53647
80463: 0.536464
80464: 0.536457
80465: 0.53645
80466: 0.536456
80467: 0.536449
80468: 0.536455
80469: 0.536448
80470: 0.536454
80471: 0.53646
80472: 0.536466
80473: 0.536471
80474: 0.536465
80475: 0.536458
80476: 0.536464
80477: 0.53647
80478: 0.536475
80479: 0.536469
80480: 0.536462
80481: 0.536468
80482: 0.536461
80483: 0.536467
80484: 0.53646
80485: 0.536466
80486: 0.536459
80487: 0.536465
80488: 0.536471
80489: 0.536477
80490: 0.536482
80491: 0.536476
80492: 0.536469
80493: 0.536462
80494: 0.536468
80495: 0.536474
80496: 0.53648
80497: 0.536485
80498: 0.536491
80499: 0.536497
80500: 0.536503
80501: 0.536508
80502: 0.536502
80503: 0.536495
80504: 0.536488
80505: 0.536482
80506: 0.536488
80507: 0.536481
80508: 0.536474
80509: 0.53648
80510: 0.536486
80511: 0.536491
80512: 0.536485
80513: 0.536491
80514: 0.536484
80515: 0.53649
80516: 0.536495
80517: 0.536489
80518: 0.536482
80519: 0.536488
80520: 0.536494
80521: 0.536499
80522: 0.536493
80523: 0.536486
80524: 0.536492
80525: 0.536498
80526: 0.536503
80527: 0.536497
80528: 0.53649
80529: 0.536483
80530: 0.536489
80531: 0.536482
80532: 0.536488
80533: 0.536481
80534: 0.536475
80535: 0.536481
80536: 0.536486
80537: 0.53648
80538: 0.536485
80539: 0.536479
80540: 0.536472
80541: 0.536478
80542: 0.536471
80543: 0.536465
80544: 0.53647
80545: 0.536464
80546: 0.536469
80547: 0.536463
80548: 0.536456
80549: 0.536462
80550: 0.536455
80551: 0.536449
80552: 0.536442
80553: 0.536448
80554: 0.536441
80555: 0.536447
80556: 0.53644
80557: 0.536446
80558: 0.536439
80559: 0.536445
80560: 0.536451
80561: 0.536444
80562: 0.536437
80563: 0.536443
80564: 0.536449
80565: 0.536455
80566: 0.536448
80567: 0.536441
80568: 0.536447
80569: 0.53644
80570: 0.536434
80571: 0.536439
80572: 0.536433
80573: 0.536426
80574: 0.536419
80575: 0.536425
80576: 0.536431
80577: 0.536424
80578: 0.53643
80579: 0.536436
80580: 0.536429
80581: 0.536423
80582: 0.536428
80583: 0.536422
80584: 0.536415
80585: 0.536408
80586: 0.536402
80587: 0.536407
80588: 0.536401
80589: 0.536407
80590: 0.5364
80591: 0.536406
80592: 0.536411
80593: 0.536405
80594: 0.536398
80595: 0.536404
80596: 0.536397
80597: 0.53639
80598: 0.536384
80599: 0.536377
80600: 0.536371
80601: 0.536376
80602: 0.536382
80603: 0.536375
80604: 0.536381
80605: 0.536374
80606: 0.53638
80607: 0.536374
80608: 0.536379
80609: 0.536385
80610: 0.536378
80611: 0.536372
80612: 0.536378
80613: 0.536383
80614: 0.536377
80615: 0.536382
80616: 0.536376
80617: 0.536381
80618: 0.536375
80619: 0.536368
80620: 0.536361
80621: 0.536367
80622: 0.536361
80623: 0.536366
80624: 0.536372
80625: 0.536378
80626: 0.536371
80627: 0.536365
80628: 0.53637
80629: 0.536376
80630: 0.536369
80631: 0.536363
80632: 0.536368
80633: 0.536374
80634: 0.53638
80635: 0.536386
80636: 0.536379
80637: 0.536372
80638: 0.536378
80639: 0.536372
80640: 0.536365
80641: 0.536371
80642: 0.536364
80643: 0.53637
80644: 0.536363
80645: 0.536369
80646: 0.536375
80647: 0.536368
80648: 0.536374
80649: 0.536379
80650: 0.536385
80651: 0.536391
80652: 0.536384
80653: 0.536378
80654: 0.536371
80655: 0.536364
80656: 0.536358
80657: 0.536363
80658: 0.536357
80659: 0.53635
80660: 0.536356
80661: 0.536362
80662: 0.536367
80663: 0.536373
80664: 0.536366
80665: 0.53636
80666: 0.536353
80667: 0.536359
80668: 0.536365
80669: 0.53637
80670: 0.536376
80671: 0.536369
80672: 0.536375
80673: 0.536369
80674: 0.536362
80675: 0.536368
80676: 0.536373
80677: 0.536379
80678: 0.536385
80679: 0.536378
80680: 0.536372
80681: 0.536377
80682: 0.536371
80683: 0.536376
80684: 0.53637
80685: 0.536376
80686: 0.536381
80687: 0.536387
80688: 0.536393
80689: 0.536399
80690: 0.536404
80691: 0.53641
80692: 0.536403
80693: 0.536397
80694: 0.536403
80695: 0.536408
80696: 0.536414
80697: 0.536407
80698: 0.536413
80699: 0.536419
80700: 0.536412
80701: 0.536406
80702: 0.536411
80703: 0.536417
80704: 0.53641
80705: 0.536404
80706: 0.536397
80707: 0.53639
80708: 0.536396
80709: 0.53639
80710: 0.536395
80711: 0.536389
80712: 0.536394
80713: 0.5364
80714: 0.536406
80715: 0.536412
80716: 0.536417
80717: 0.536423
80718: 0.536429
80719: 0.536435
80720: 0.53644
80721: 0.536446
80722: 0.536452
80723: 0.536445
80724: 0.536439
80725: 0.536444
80726: 0.536438
80727: 0.536431
80728: 0.536424
80729: 0.53643
80730: 0.536423
80731: 0.536417
80732: 0.53641
80733: 0.536403
80734: 0.536397
80735: 0.53639
80736: 0.536384
80737: 0.536389
80738: 0.536383
80739: 0.536376
80740: 0.536369
80741: 0.536375
80742: 0.536381
80743: 0.536374
80744: 0.536368
80745: 0.536373
80746: 0.536367
80747: 0.53636
80748: 0.536366
80749: 0.536372
80750: 0.536377
80751: 0.536371
80752: 0.536376
80753: 0.53637
80754: 0.536375
80755: 0.536369
80756: 0.536375
80757: 0.53638
80758: 0.536374
80759: 0.536379
80760: 0.536373
80761: 0.536366
80762: 0.536372
80763: 0.536378
80764: 0.536371
80765: 0.536377
80766: 0.53637
80767: 0.536363
80768: 0.536357
80769: 0.536363
80770: 0.536368
80771: 0.536362
80772: 0.536367
80773: 0.536373
80774: 0.536366
80775: 0.536372
80776: 0.536366
80777: 0.536371
80778: 0.536365
80779: 0.53637
80780: 0.536376
80781: 0.536382
80782: 0.536375
80783: 0.536369
80784: 0.536362
80785: 0.536355
80786: 0.536361
80787: 0.536354
80788: 0.53636
80789: 0.536366
80790: 0.536359
80791: 0.536353
80792: 0.536358
80793: 0.536352
80794: 0.536357
80795: 0.536363
80796: 0.536369
80797: 0.536375
80798: 0.53638
80799: 0.536386
80800: 0.53638
80801: 0.536373
80802: 0.536366
80803: 0.53636
80804: 0.536365
80805: 0.536371
80806: 0.536377
80807: 0.53637
80808: 0.536364
80809: 0.536369
80810: 0.536363
80811: 0.536356
80812: 0.536362
80813: 0.536367
80814: 0.536361
80815: 0.536367
80816: 0.536372
80817: 0.536366
80818: 0.536359
80819: 0.536365
80820: 0.53637
80821: 0.536376
80822: 0.536382
80823: 0.536375
80824: 0.536369
80825: 0.536374
80826: 0.536368
80827: 0.536374
80828: 0.536379
80829: 0.536385
80830: 0.536378
80831: 0.536384
80832: 0.536377
80833: 0.536371
80834: 0.536377
80835: 0.53637
80836: 0.536376
80837: 0.536369
80838: 0.536375
80839: 0.536381
80840: 0.536386
80841: 0.536392
80842: 0.536398
80843: 0.536391
80844: 0.536384
80845: 0.536378
80846: 0.536371
80847: 0.536365
80848: 0.53637
80849: 0.536376
80850: 0.536369
80851: 0.536375
80852: 0.536381
80853: 0.536387
80854: 0.53638
80855: 0.536386
80856: 0.536379
80857: 0.536372
80858: 0.536378
80859: 0.536384
80860: 0.536377
80861: 0.536371
80862: 0.536376
80863: 0.536382
80864: 0.536375
80865: 0.536381
80866: 0.536387
80867: 0.536393
80868: 0.536398
80869: 0.536392
80870: 0.536397
80871: 0.536391
80872: 0.536397
80873: 0.536402
80874: 0.536408
80875: 0.536401
80876: 0.536395
80877: 0.536388
80878: 0.536382
80879: 0.536375
80880: 0.536381
80881: 0.536386
80882: 0.53638
80883: 0.536373
80884: 0.536379
80885: 0.536372
80886: 0.536378
80887: 0.536371
80888: 0.536377
80889: 0.536383
80890: 0.536388
80891: 0.536394
80892: 0.536388
80893: 0.536381
80894: 0.536387
80895: 0.536392
80896: 0.536386
80897: 0.536392
80898: 0.536385
80899: 0.536378
80900: 0.536372
80901: 0.536377
80902: 0.536383
80903: 0.536389
80904: 0.536395
80905: 0.5364
80906: 0.536406
80907: 0.536412
80908: 0.536417
80909: 0.536423
80910: 0.536417
80911: 0.536422
80912: 0.536416
80913: 0.536409
80914: 0.536415
80915: 0.53642
80916: 0.536414
80917: 0.536407
80918: 0.536401
80919: 0.536406
80920: 0.5364
80921: 0.536405
80922: 0.536411
80923: 0.536417
80924: 0.53641
80925: 0.536404
80926: 0.536409
80927: 0.536415
80928: 0.536408
80929: 0.536414
80930: 0.53642
80931: 0.536426
80932: 0.536431
80933: 0.536425
80934: 0.536418
80935: 0.536411
80936: 0.536417
80937: 0.536423
80938: 0.536429
80939: 0.536434
80940: 0.536428
80941: 0.536421
80942: 0.536427
80943: 0.536433
80944: 0.536438
80945: 0.536444
80946: 0.53645
80947: 0.536443
80948: 0.536437
80949: 0.536442
80950: 0.536436
80951: 0.536429
80952: 0.536422
80953: 0.536428
80954: 0.536434
80955: 0.53644
80956: 0.536445
80957: 0.536451
80958: 0.536457
80959: 0.536462
80960: 0.536456
80961: 0.536449
80962: 0.536455
80963: 0.536461
80964: 0.536466
80965: 0.536472
80966: 0.536478
80967: 0.536471
80968: 0.536465
80969: 0.53647
80970: 0.536476
80971: 0.536469
80972: 0.536463
80973: 0.536456
80974: 0.536462
80975: 0.536455
80976: 0.536461
80977: 0.536454
80978: 0.536448
80979: 0.536441
80980: 0.536447
80981: 0.53644
80982: 0.536446
80983: 0.536439
80984: 0.536445
80985: 0.536451
80986: 0.536456
80987: 0.536462
80988: 0.536468
80989: 0.536474
80990: 0.536467
80991: 0.53646
80992: 0.536466
80993: 0.536459
80994: 0.536465
80995: 0.536471
80996: 0.536464
80997: 0.53647
80998: 0.536476
80999: 0.536481
81000: 0.536487
81001: 0.536493
81002: 0.536499
81003: 0.536504
81004: 0.53651
81005: 0.536503
81006: 0.536497
81007: 0.536503
81008: 0.536508
81009: 0.536514
81010: 0.536507
81011: 0.536513
81012: 0.536519
81013: 0.536525
81014: 0.536518
81015: 0.536511
81016: 0.536505
81017: 0.536498
81018: 0.536504
81019: 0.53651
81020: 0.536515
81021: 0.536521
81022: 0.536514
81023: 0.53652
81024: 0.536526
81025: 0.536519
81026: 0.536513
81027: 0.536506
81028: 0.536512
81029: 0.536517
81030: 0.536523
81031: 0.536529
81032: 0.536534
81033: 0.536528
81034: 0.536521
81035: 0.536527
81036: 0.536533
81037: 0.536538
81038: 0.536544
81039: 0.536538
81040: 0.536543
81041: 0.536537
81042: 0.53653
81043: 0.536536
81044: 0.536541
81045: 0.536535
81046: 0.536541
81047: 0.536546
81048: 0.53654
81049: 0.536533
81050: 0.536539
81051: 0.536544
81052: 0.53655
81053: 0.536544
81054: 0.536549
81055: 0.536543
81056: 0.536548
81057: 0.536554
81058: 0.536547
81059: 0.536553
81060: 0.536559
81061: 0.536565
81062: 0.53657
81063: 0.536564
81064: 0.536569
81065: 0.536563
81066: 0.536569
81067: 0.536562
81068: 0.536555
81069: 0.536561
81070: 0.536567
81071: 0.53656
81072: 0.536553
81073: 0.536559
81074: 0.536565
81075: 0.536571
81076: 0.536576
81077: 0.53657
81078: 0.536575
81079: 0.536581
81080: 0.536587
81081: 0.536593
81082: 0.536598
81083: 0.536592
81084: 0.536585
81085: 0.536578
81086: 0.536572
81087: 0.536565
81088: 0.536559
81089: 0.536552
81090: 0.536545
81091: 0.536539
81092: 0.536544
81093: 0.536538
81094: 0.536544
81095: 0.536549
81096: 0.536555
81097: 0.536561
81098: 0.536566
81099: 0.536572
81100: 0.536566
81101: 0.536559
81102: 0.536565
81103: 0.53657
81104: 0.536564
81105: 0.536569
81106: 0.536575
81107: 0.536569
81108: 0.536574
81109: 0.536568
81110: 0.536573
81111: 0.536579
81112: 0.536585
81113: 0.53659
81114: 0.536584
81115: 0.53659
81116: 0.536595
81117: 0.536601
81118: 0.536607
81119: 0.536612
81120: 0.536606
81121: 0.536612
81122: 0.536605
81123: 0.536598
81124: 0.536592
81125: 0.536597
81126: 0.536603
81127: 0.536596
81128: 0.536602
81129: 0.536608
81130: 0.536614
81131: 0.536619
81132: 0.536625
81133: 0.536631
81134: 0.536624
81135: 0.53663
81136: 0.536636
81137: 0.536629
81138: 0.536622
81139: 0.536616
81140: 0.536621
81141: 0.536627
81142: 0.536621
81143: 0.536626
81144: 0.53662
81145: 0.536625
81146: 0.536631
81147: 0.536624
81148: 0.53663
81149: 0.536624
81150: 0.536617
81151: 0.536623
81152: 0.536628
81153: 0.536634
81154: 0.536627
81155: 0.536621
81156: 0.536627
81157: 0.536632
81158: 0.536638
81159: 0.536631
81160: 0.536637
81161: 0.536643
81162: 0.536636
81163: 0.536642
81164: 0.536648
81165: 0.536641
81166: 0.536647
81167: 0.536652
81168: 0.536646
81169: 0.536651
81170: 0.536657
81171: 0.536651
81172: 0.536656
81173: 0.536662
81174: 0.536668
81175: 0.536661
81176: 0.536667
81177: 0.53666
81178: 0.536666
81179: 0.536672
81180: 0.536665
81181: 0.536671
81182: 0.536676
81183: 0.536682
81184: 0.536688
81185: 0.536681
81186: 0.536675
81187: 0.536668
81188: 0.536661
81189: 0.536655
81190: 0.53666
81191: 0.536654
81192: 0.53666
81193: 0.536665
81194: 0.536671
81195: 0.536677
81196: 0.53667
81197: 0.536663
81198: 0.536669
81199: 0.536675
81200: 0.536681
81201: 0.536686
81202: 0.536692
81203: 0.536685
81204: 0.536679
81205: 0.536672
81206: 0.536678
81207: 0.536684
81208: 0.536677
81209: 0.536683
81210: 0.536688
81211: 0.536694
81212: 0.536687
81213: 0.536693
81214: 0.536687
81215: 0.53668
81216: 0.536686
81217: 0.536691
81218: 0.536685
81219: 0.536678
81220: 0.536672
81221: 0.536665
81222: 0.536658
81223: 0.536652
81224: 0.536645
81225: 0.536639
81226: 0.536632
81227: 0.536638
81228: 0.536643
81229: 0.536637
81230: 0.536642
81231: 0.536648
81232: 0.536642
81233: 0.536635
81234: 0.536628
81235: 0.536622
81236: 0.536627
81237: 0.536621
81238: 0.536614
81239: 0.53662
81240: 0.536626
81241: 0.536631
81242: 0.536637
81243: 0.536643
81244: 0.536648
81245: 0.536642
81246: 0.536648
81247: 0.536641
81248: 0.536634
81249: 0.536628
81250: 0.536621
81251: 0.536614
81252: 0.536608
81253: 0.536614
81254: 0.536619
81255: 0.536625
81256: 0.536631
81257: 0.536636
81258: 0.53663
81259: 0.536623
81260: 0.536617
81261: 0.53661
81262: 0.536603
81263: 0.536609
81264: 0.536615
81265: 0.536608
81266: 0.536614
81267: 0.53662
81268: 0.536625
81269: 0.536631
81270: 0.536637
81271: 0.536642
81272: 0.536636
81273: 0.536629
81274: 0.536623
81275: 0.536628
81276: 0.536622
81277: 0.536627
81278: 0.536621
81279: 0.536614
81280: 0.53662
81281: 0.536626
81282: 0.536631
81283: 0.536637
81284: 0.536643
81285: 0.536648
81286: 0.536654
81287: 0.536647
81288: 0.536653
81289: 0.536647
81290: 0.53664
81291: 0.536633
81292: 0.536639
81293: 0.536645
81294: 0.536638
81295: 0.536632
81296: 0.536625
81297: 0.536631
81298: 0.536624
81299: 0.53663
81300: 0.536623
81301: 0.536629
81302: 0.536622
81303: 0.536628
81304: 0.536634
81305: 0.536627
81306: 0.53662
81307: 0.536614
81308: 0.536607
81309: 0.536601
81310: 0.536594
81311: 0.5366
81312: 0.536605
81313: 0.536611
81314: 0.536617
81315: 0.53661
81316: 0.536604
81317: 0.536609
81318: 0.536603
81319: 0.536596
81320: 0.536602
81321: 0.536595
81322: 0.536589
81323: 0.536582
81324: 0.536588
81325: 0.536593
81326: 0.536599
81327: 0.536605
81328: 0.536611
81329: 0.536616
81330: 0.536622
81331: 0.536615
81332: 0.536621
81333: 0.536614
81334: 0.536608
81335: 0.536601
81336: 0.536595
81337: 0.536588
81338: 0.536594
81339: 0.536587
81340: 0.536593
81341: 0.536586
81342: 0.53658
81343: 0.536573
81344: 0.536566
81345: 0.53656
81346: 0.536553
81347: 0.536547
81348: 0.536552
81349: 0.536546
81350: 0.536551
81351: 0.536545
81352: 0.536538
81353: 0.536544
81354: 0.53655
81355: 0.536555
81356: 0.536549
81357: 0.536542
81358: 0.536548
81359: 0.536541
81360: 0.536535
81361: 0.53654
81362: 0.536534
81363: 0.53654
81364: 0.536545
81365: 0.536539
81366: 0.536532
81367: 0.536525
81368: 0.536531
81369: 0.536537
81370: 0.536543
81371: 0.536548
81372: 0.536554
81373: 0.536547
81374: 0.536541
81375: 0.536534
81376: 0.53654
81377: 0.536546
81378: 0.536551
81379: 0.536557
81380: 0.53655
81381: 0.536544
81382: 0.536549
81383: 0.536555
81384: 0.536561
81385: 0.536566
81386: 0.53656
81387: 0.536566
81388: 0.536559
81389: 0.536565
81390: 0.53657
81391: 0.536564
81392: 0.536569
81393: 0.536575
81394: 0.536581
81395: 0.536587
81396: 0.53658
81397: 0.536586
81398: 0.536579
81399: 0.536585
81400: 0.536578
81401: 0.536584
81402: 0.536577
81403: 0.536571
81404: 0.536576
81405: 0.536582
81406: 0.536588
81407: 0.536593
81408: 0.536587
81409: 0.53658
81410: 0.536586
81411: 0.536579
81412: 0.536585
81413: 0.536591
81414: 0.536596
81415: 0.53659
81416: 0.536583
81417: 0.536577
81418: 0.536582
81419: 0.536576
81420: 0.536581
81421: 0.536587
81422: 0.536593
81423: 0.536599
81424: 0.536604
81425: 0.53661
81426: 0.536616
81427: 0.536621
81428: 0.536627
81429: 0.53662
81430: 0.536614
81431: 0.536607
81432: 0.536601
81433: 0.536594
81434: 0.536587
81435: 0.536593
81436: 0.536587
81437: 0.536592
81438: 0.536586
81439: 0.536591
81440: 0.536597
81441: 0.536603
81442: 0.536596
81443: 0.53659
81444: 0.536583
81445: 0.536576
81446: 0.53657
81447: 0.536575
81448: 0.536569
81449: 0.536562
81450: 0.536556
81451: 0.536549
81452: 0.536555
81453: 0.536561
81454: 0.536566
81455: 0.536572
81456: 0.536565
81457: 0.536571
81458: 0.536564
81459: 0.536558
81460: 0.536551
81461: 0.536557
81462: 0.53655
81463: 0.536556
81464: 0.536562
81465: 0.536555
81466: 0.536549
81467: 0.536554
81468: 0.536548
81469: 0.536541
81470: 0.536534
81471: 0.536528
81472: 0.536534
81473: 0.536539
81474: 0.536545
81475: 0.536551
81476: 0.536556
81477: 0.536562
81478: 0.536568
81479: 0.536573
81480: 0.536567
81481: 0.53656
81482: 0.536554
81483: 0.536547
81484: 0.536553
81485: 0.536558
81486: 0.536564
81487: 0.53657
81488: 0.536563
81489: 0.536557
81490: 0.536562
81491: 0.536556
81492: 0.536549
81493: 0.536555
81494: 0.536561
81495: 0.536566
81496: 0.536572
81497: 0.536565
81498: 0.536571
81499: 0.536577
81500: 0.53657
81501: 0.536576
81502: 0.536581
81503: 0.536575
81504: 0.536568
81505: 0.536574
81506: 0.536567
81507: 0.536561
81508: 0.536567
81509: 0.53656
81510: 0.536553
81511: 0.536559
81512: 0.536552
81513: 0.536546
81514: 0.536552
81515: 0.536557
81516: 0.536551
81517: 0.536544
81518: 0.536537
81519: 0.536531
81520: 0.536524
81521: 0.53653
81522: 0.536536
81523: 0.536541
81524: 0.536547
81525: 0.536553
81526: 0.536546
81527: 0.536552
81528: 0.536545
81529: 0.536539
81530: 0.536544
81531: 0.53655
81532: 0.536543
81533: 0.536537
81534: 0.536543
81535: 0.536536
81536: 0.536529
81537: 0.536535
81538: 0.536541
81539: 0.536534
81540: 0.53654
81541: 0.536533
81542: 0.536539
81543: 0.536545
81544: 0.53655
81545: 0.536556
81546: 0.536549
81547: 0.536555
81548: 0.536561
81549: 0.536554
81550: 0.53656
81551: 0.536566
81552: 0.536571
81553: 0.536577
81554: 0.536583
81555: 0.536576
81556: 0.536582
81557: 0.536587
81558: 0.536581
81559: 0.536574
81560: 0.536568
81561: 0.536561
81562: 0.536567
81563: 0.53656
81564: 0.536566
81565: 0.536559
81566: 0.536565
81567: 0.536571
81568: 0.536564
81569: 0.536558
81570: 0.536563
81571: 0.536569
81572: 0.536575
81573: 0.53658
81574: 0.536574
81575: 0.536567
81576: 0.536561
81577: 0.536566
81578: 0.536572
81579: 0.536578
81580: 0.536583
81581: 0.536577
81582: 0.53657
81583: 0.536564
81584: 0.536569
81585: 0.536575
81586: 0.536568
81587: 0.536562
81588: 0.536567
81589: 0.536561
81590: 0.536567
81591: 0.53656
81592: 0.536566
81593: 0.536559
81594: 0.536552
81595: 0.536546
81596: 0.536539
81597: 0.536545
81598: 0.536551
81599: 0.536556
81600: 0.53655
81601: 0.536543
81602: 0.536537
81603: 0.53653
81604: 0.536523
81605: 0.536529
81606: 0.536523
81607: 0.536516
81608: 0.536522
81609: 0.536515
81610: 0.536521
81611: 0.536526
81612: 0.536532
81613: 0.536538
81614: 0.536531
81615: 0.536525
81616: 0.536518
81617: 0.536512
81618: 0.536505
81619: 0.536498
81620: 0.536504
81621: 0.536498
81622: 0.536491
81623: 0.536497
81624: 0.53649
81625: 0.536483
81626: 0.536489
81627: 0.536483
81628: 0.536476
81629: 0.536469
81630: 0.536463
81631: 0.536456
81632: 0.53645
81633: 0.536455
81634: 0.536449
81635: 0.536442
81636: 0.536448
81637: 0.536441
81638: 0.536435
81639: 0.536428
81640: 0.536434
81641: 0.536427
81642: 0.536421
81643: 0.536414
81644: 0.53642
81645: 0.536426
81646: 0.536419
81647: 0.536425
81648: 0.53643
81649: 0.536436
81650: 0.536429
81651: 0.536423
81652: 0.536429
81653: 0.536422
81654: 0.536428
81655: 0.536433
81656: 0.536439
81657: 0.536432
81658: 0.536438
81659: 0.536444
81660: 0.536437
81661: 0.536443
81662: 0.536436
81663: 0.53643
81664: 0.536423
81665: 0.536417
81666: 0.536422
81667: 0.536428
81668: 0.536434
81669: 0.536439
81670: 0.536433
81671: 0.536426
81672: 0.536432
81673: 0.536425
81674: 0.536419
81675: 0.536412
81676: 0.536418
81677: 0.536424
81678: 0.536429
81679: 0.536435
81680: 0.536441
81681: 0.536434
81682: 0.53644
81683: 0.536445
81684: 0.536439
81685: 0.536444
81686: 0.536438
81687: 0.536444
81688: 0.536449
81689: 0.536455
81690: 0.536448
81691: 0.536442
81692: 0.536447
81693: 0.536441
81694: 0.536434
81695: 0.53644
81696: 0.536446
81697: 0.536451
81698: 0.536445
81699: 0.53645
81700: 0.536444
81701: 0.53645
81702: 0.536455
81703: 0.536449
81704: 0.536442
81705: 0.536448
81706: 0.536441
81707: 0.536447
81708: 0.53644
81709: 0.536446
81710: 0.536452
81711: 0.536457
81712: 0.536451
81713: 0.536444
81714: 0.53645
81715: 0.536443
81716: 0.536449
81717: 0.536455
81718: 0.536448
81719: 0.536442
81720: 0.536447
81721: 0.536453
81722: 0.536459
81723: 0.536452
81724: 0.536458
81725: 0.536463
81726: 0.536469
81727: 0.536462
81728: 0.536468
81729: 0.536474
81730: 0.536467
81731: 0.536473
81732: 0.536479
81733: 0.536484
81734: 0.536478
81735: 0.536483
81736: 0.536477
81737: 0.536482
81738: 0.536488
81739: 0.536482
81740: 0.536487
81741: 0.536481
81742: 0.536486
81743: 0.53648
81744: 0.536485
81745: 0.536491
81746: 0.536485
81747: 0.536478
81748: 0.536471
81749: 0.536477
81750: 0.536471
81751: 0.536476
81752: 0.53647
81753: 0.536475
81754: 0.536469
81755: 0.536462
81756: 0.536456
81757: 0.536461
81758: 0.536467
81759: 0.53646
81760: 0.536466
81761: 0.536472
81762: 0.536477
81763: 0.536471
81764: 0.536476
81765: 0.53647
81766: 0.536476
81767: 0.536469
81768: 0.536475
81769: 0.536468
81770: 0.536462
81771: 0.536467
81772: 0.536473
81773: 0.536466
81774: 0.53646
81775: 0.536453
81776: 0.536447
81777: 0.53644
81778: 0.536434
81779: 0.536439
81780: 0.536433
81781: 0.536426
81782: 0.536432
81783: 0.536437
81784: 0.536443
81785: 0.536449
81786: 0.536454
81787: 0.53646
81788: 0.536454
81789: 0.536447
81790: 0.536453
81791: 0.536458
81792: 0.536452
81793: 0.536445
81794: 0.536451
81795: 0.536444
81796: 0.53645
81797: 0.536456
81798: 0.536449
81799: 0.536455
81800: 0.53646
81801: 0.536466
81802: 0.53646
81803: 0.536465
81804: 0.536471
81805: 0.536464
81806: 0.53647
81807: 0.536463
81808: 0.536457
81809: 0.53645
81810: 0.536444
81811: 0.536437
81812: 0.536431
81813: 0.536424
81814: 0.536418
81815: 0.536411
81816: 0.536417
81817: 0.536422
81818: 0.536428
81819: 0.536434
81820: 0.536427
81821: 0.536433
81822: 0.536426
81823: 0.53642
81824: 0.536413
81825: 0.536407
81826: 0.536412
81827: 0.536418
81828: 0.536424
81829: 0.536417
81830: 0.536423
81831: 0.536416
81832: 0.53641
81833: 0.536415
81834: 0.536421
81835: 0.536427
81836: 0.536432
81837: 0.536438
81838: 0.536431
81839: 0.536425
81840: 0.53643
81841: 0.536436
81842: 0.536442
81843: 0.536447
81844: 0.536441
81845: 0.536446
81846: 0.536452
81847: 0.536458
81848: 0.536463
81849: 0.536457
81850: 0.536463
81851: 0.536468
81852: 0.536462
81853: 0.536467
81854: 0.536473
81855: 0.536479
81856: 0.536472
81857: 0.536466
81858: 0.536471
81859: 0.536477
81860: 0.536483
81861: 0.536488
81862: 0.536494
81863: 0.5365
81864: 0.536493
81865: 0.536499
81866: 0.536504
81867: 0.536498
81868: 0.536503
81869: 0.536509
81870: 0.536515
81871: 0.53652
81872: 0.536526
81873: 0.53652
81874: 0.536525
81875: 0.536531
81876: 0.536537
81877: 0.536542
81878: 0.536548
81879: 0.536553
81880: 0.536547
81881: 0.536553
81882: 0.536558
81883: 0.536552
81884: 0.536545
81885: 0.536551
81886: 0.536544
81887: 0.53655
81888: 0.536556
81889: 0.536561
81890: 0.536555
81891: 0.53656
81892: 0.536566
81893: 0.536572
81894: 0.536565
81895: 0.536571
81896: 0.536576
81897: 0.536582
81898: 0.536588
81899: 0.536581
81900: 0.536587
81901: 0.536593
81902: 0.536586
81903: 0.536592
81904: 0.536585
81905: 0.536579
81906: 0.536572
81907: 0.536565
81908: 0.536571
81909: 0.536577
81910: 0.536582
81911: 0.536588
81912: 0.536581
81913: 0.536587
81914: 0.536581
81915: 0.536574
81916: 0.536568
81917: 0.536561
81918: 0.536554
81919: 0.53656
81920: 0.536554
81921: 0.536547
81922: 0.536553
81923: 0.536546
81924: 0.53654
81925: 0.536533
81926: 0.536526
81927: 0.53652
81928: 0.536513
81929: 0.536519
81930: 0.536512
81931: 0.536506
81932: 0.536512
81933: 0.536517
81934: 0.536523
81935: 0.536529
81936: 0.536522
81937: 0.536515
81938: 0.536509
81939: 0.536515
81940: 0.536508
81941: 0.536514
81942: 0.536519
81943: 0.536513
81944: 0.536518
81945: 0.536512
81946: 0.536518
81947: 0.536523
81948: 0.536529
81949: 0.536534
81950: 0.53654
81951: 0.536546
81952: 0.536539
81953: 0.536545
81954: 0.536538
81955: 0.536532
81956: 0.536525
81957: 0.536531
81958: 0.536537
81959: 0.536542
81960: 0.536548
81961: 0.536554
81962: 0.536547
81963: 0.536553
81964: 0.536558
81965: 0.536564
81966: 0.53657
81967: 0.536563
81968: 0.536557
81969: 0.53655
81970: 0.536543
81971: 0.536549
81972: 0.536555
81973: 0.53656
81974: 0.536554
81975: 0.536559
81976: 0.536565
81977: 0.536559
81978: 0.536552
81979: 0.536545
81980: 0.536551
81981: 0.536557
81982: 0.536562
81983: 0.536556
81984: 0.536549
81985: 0.536543
81986: 0.536548
81987: 0.536542
81988: 0.536535
81989: 0.536529
81990: 0.536522
81991: 0.536528
81992: 0.536521
81993: 0.536515
81994: 0.536508
81995: 0.536514
81996: 0.53652
81997: 0.536513
81998: 0.536519
81999: 0.536524
82000: 0.536518
82001: 0.536511
82002: 0.536505
82003: 0.536498
82004: 0.536492
82005: 0.536497
82006: 0.536503
82007: 0.536509
82008: 0.536502
82009: 0.536496
82010: 0.536489
82011: 0.536482
82012: 0.536476
82013: 0.536482
82014: 0.536487
82015: 0.536481
82016: 0.536474
82017: 0.536468
82018: 0.536461
82019: 0.536467
82020: 0.53646
82021: 0.536466
82022: 0.536459
82023: 0.536453
82024: 0.536446
82025: 0.53644
82026: 0.536433
82027: 0.536439
82028: 0.536444
82029: 0.536438
82030: 0.536431
82031: 0.536425
82032: 0.53643
82033: 0.536436
82034: 0.536442
82035: 0.536447
82036: 0.536453
82037: 0.536459
82038: 0.536452
82039: 0.536458
82040: 0.536451
82041: 0.536457
82042: 0.53645
82043: 0.536444
82044: 0.536437
82045: 0.536443
82046: 0.536449
82047: 0.536454
82048: 0.536448
82049: 0.536441
82050: 0.536447
82051: 0.536452
82052: 0.536458
82053: 0.536464
82054: 0.536469
82055: 0.536475
82056: 0.536481
82057: 0.536474
82058: 0.53648
82059: 0.536485
82060: 0.536491
82061: 0.536485
82062: 0.536478
82063: 0.536484
82064: 0.536489
82065: 0.536495
82066: 0.536488
82067: 0.536494
82068: 0.5365
82069: 0.536505
82070: 0.536499
82071: 0.536492
82072: 0.536498
82073: 0.536504
82074: 0.536509
82075: 0.536515
82076: 0.536508
82077: 0.536514
82078: 0.536508
82079: 0.536513
82080: 0.536519
82081: 0.536512
82082: 0.536506
82083: 0.536511
82084: 0.536505
82085: 0.536498
82086: 0.536492
82087: 0.536497
82088: 0.536503
82089: 0.536509
82090: 0.536514
82091: 0.53652
82092: 0.536513
82093: 0.536507
82094: 0.536513
82095: 0.536506
82096: 0.536512
82097: 0.536517
82098: 0.536511
82099: 0.536504
82100: 0.536498
82101: 0.536491
82102: 0.536497
82103: 0.53649
82104: 0.536484
82105: 0.536477
82106: 0.536471
82107: 0.536476
82108: 0.536482
82109: 0.536488
82110: 0.536481
82111: 0.536475
82112: 0.536468
82113: 0.536474
82114: 0.536479
82115: 0.536485
82116: 0.536491
82117: 0.536496
82118: 0.536502
82119: 0.536508
82120: 0.536513
82121: 0.536507
82122: 0.5365
82123: 0.536506
82124: 0.536499
82125: 0.536505
82126: 0.536498
82127: 0.536504
82128: 0.53651
82129: 0.536515
82130: 0.536509
82131: 0.536514
82132: 0.53652
82133: 0.536526
82134: 0.536531
82135: 0.536525
82136: 0.53653
82137: 0.536536
82138: 0.53653
82139: 0.536535
82140: 0.536529
82141: 0.536534
82142: 0.536528
82143: 0.536521
82144: 0.536515
82145: 0.536508
82146: 0.536502
82147: 0.536495
82148: 0.536489
82149: 0.536482
82150: 0.536476
82151: 0.536469
82152: 0.536475
82153: 0.53648
82154: 0.536474
82155: 0.536479
82156: 0.536485
82157: 0.536478
82158: 0.536472
82159: 0.536465
82160: 0.536459
82161: 0.536452
82162: 0.536458
82163: 0.536451
82164: 0.536457
82165: 0.536463
82166: 0.536468
82167: 0.536462
82168: 0.536455
82169: 0.536461
82170: 0.536454
82171: 0.53646
82172: 0.536454
82173: 0.536459
82174: 0.536453
82175: 0.536458
82176: 0.536464
82177: 0.536457
82178: 0.536451
82179: 0.536457
82180: 0.536462
82181: 0.536456
82182: 0.536461
82183: 0.536467
82184: 0.53646
82185: 0.536454
82186: 0.53646
82187: 0.536465
82188: 0.536471
82189: 0.536464
82190: 0.53647
82191: 0.536463
82192: 0.536469
82193: 0.536475
82194: 0.53648
82195: 0.536486
82196: 0.536479
82197: 0.536473
82198: 0.536466
82199: 0.53646
82200: 0.536465
82201: 0.536459
82202: 0.536452
82203: 0.536458
82204: 0.536452
82205: 0.536445
82206: 0.536451
82207: 0.536456
82208: 0.53645
82209: 0.536443
82210: 0.536449
82211: 0.536455
82212: 0.53646
82213: 0.536466
82214: 0.536459
82215: 0.536465
82216: 0.536471
82217: 0.536476
82218: 0.53647
82219: 0.536475
82220: 0.536469
82221: 0.536462
82222: 0.536456
82223: 0.536449
82224: 0.536443
82225: 0.536448
82226: 0.536442
82227: 0.536435
82228: 0.536429
82229: 0.536434
82230: 0.53644
82231: 0.536434
82232: 0.536427
82233: 0.53642
82234: 0.536426
82235: 0.53642
82236: 0.536413
82237: 0.536419
82238: 0.536412
82239: 0.536406
82240: 0.536411
82241: 0.536417
82242: 0.53641
82243: 0.536416
82244: 0.536422
82245: 0.536427
82246: 0.536433
82247: 0.536439
82248: 0.536432
82249: 0.536438
82250: 0.536443
82251: 0.536449
82252: 0.536455
82253: 0.536448
82254: 0.536442
82255: 0.536447
82256: 0.536453
82257: 0.536446
82258: 0.536452
82259: 0.536445
82260: 0.536439
82261: 0.536445
82262: 0.536438
82263: 0.536431
82264: 0.536425
82265: 0.536431
82266: 0.536436
82267: 0.53643
82268: 0.536423
82269: 0.536429
82270: 0.536422
82271: 0.536416
82272: 0.536421
82273: 0.536415
82274: 0.536408
82275: 0.536414
82276: 0.536408
82277: 0.536413
82278: 0.536419
82279: 0.536412
82280: 0.536406
82281: 0.536411
82282: 0.536405
82283: 0.536398
82284: 0.536404
82285: 0.53641
82286: 0.536403
82287: 0.536409
82288: 0.536402
82289: 0.536408
82290: 0.536401
82291: 0.536407
82292: 0.536413
82293: 0.536418
82294: 0.536424
82295: 0.536417
82296: 0.536423
82297: 0.536429
82298: 0.536434
82299: 0.53644
82300: 0.536433
82301: 0.536439
82302: 0.536445
82303: 0.536438
82304: 0.536432
82305: 0.536437
82306: 0.536431
82307: 0.536424
82308: 0.53643
82309: 0.536423
82310: 0.536429
82311: 0.536435
82312: 0.53644
82313: 0.536446
82314: 0.536439
82315: 0.536433
82316: 0.536426
82317: 0.53642
82318: 0.536413
82319: 0.536419
82320: 0.536424
82321: 0.536418
82322: 0.536411
82323: 0.536405
82324: 0.536411
82325: 0.536404
82326: 0.53641
82327: 0.536415
82328: 0.536421
82329: 0.536427
82330: 0.536432
82331: 0.536426
82332: 0.536419
82333: 0.536425
82334: 0.53643
82335: 0.536436
82336: 0.53643
82337: 0.536435
82338: 0.536429
82339: 0.536422
82340: 0.536428
82341: 0.536433
82342: 0.536427
82343: 0.536433
82344: 0.536426
82345: 0.536432
82346: 0.536437
82347: 0.536431
82348: 0.536424
82349: 0.536418
82350: 0.536411
82351: 0.536405
82352: 0.53641
82353: 0.536416
82354: 0.536422
82355: 0.536427
82356: 0.536421
82357: 0.536426
82358: 0.53642
82359: 0.536425
82360: 0.536431
82361: 0.536437
82362: 0.53643
82363: 0.536436
82364: 0.536441
82365: 0.536447
82366: 0.536453
82367: 0.536458
82368: 0.536464
82369: 0.536457
82370: 0.536451
82371: 0.536444
82372: 0.53645
82373: 0.536456
82374: 0.536449
82375: 0.536455
82376: 0.53646
82377: 0.536466
82378: 0.536472
82379: 0.536465
82380: 0.536459
82381: 0.536452
82382: 0.536458
82383: 0.536451
82384: 0.536445
82385: 0.53645
82386: 0.536456
82387: 0.536462
82388: 0.536467
82389: 0.536461
82390: 0.536454
82391: 0.53646
82392: 0.536453
82393: 0.536447
82394: 0.536452
82395: 0.536458
82396: 0.536452
82397: 0.536457
82398: 0.536463
82399: 0.536456
82400: 0.536462
82401: 0.536455
82402: 0.536449
82403: 0.536442
82404: 0.536436
82405: 0.536429
82406: 0.536423
82407: 0.536429
82408: 0.536422
82409: 0.536428
82410: 0.536421
82411: 0.536415
82412: 0.53642
82413: 0.536426
82414: 0.536431
82415: 0.536425
82416: 0.536431
82417: 0.536436
82418: 0.536442
82419: 0.536435
82420: 0.536429
82421: 0.536434
82422: 0.53644
82423: 0.536446
82424: 0.536451
82425: 0.536445
82426: 0.536438
82427: 0.536432
82428: 0.536425
82429: 0.536431
82430: 0.536437
82431: 0.53643
82432: 0.536424
82433: 0.536429
82434: 0.536435
82435: 0.536428
82436: 0.536434
82437: 0.53644
82438: 0.536445
82439: 0.536439
82440: 0.536432
82441: 0.536426
82442: 0.536431
82443: 0.536437
82444: 0.536442
82445: 0.536448
82446: 0.536442
82447: 0.536435
82448: 0.536429
82449: 0.536422
82450: 0.536428
82451: 0.536421
82452: 0.536427
82453: 0.53642
82454: 0.536426
82455: 0.536419
82456: 0.536413
82457: 0.536406
82458: 0.536412
82459: 0.536418
82460: 0.536423
82461: 0.536429
82462: 0.536435
82463: 0.536428
82464: 0.536422
82465: 0.536427
82466: 0.536433
82467: 0.536426
82468: 0.536432
82469: 0.536437
82470: 0.536443
82471: 0.536449
82472: 0.536442
82473: 0.536448
82474: 0.536453
82475: 0.536447
82476: 0.536453
82477: 0.536458
82478: 0.536464
82479: 0.536457
82480: 0.536463
82481: 0.536456
82482: 0.53645
82483: 0.536443
82484: 0.536449
82485: 0.536455
82486: 0.53646
82487: 0.536466
82488: 0.536472
82489: 0.536465
82490: 0.536471
82491: 0.536476
82492: 0.536482
82493: 0.536488
82494: 0.536493
82495: 0.536499
82496: 0.536492
82497: 0.536498
82498: 0.536491
82499: 0.536497
82500: 0.536503
82501: 0.536496
82502: 0.53649
82503: 0.536495
82504: 0.536501
82505: 0.536506
82506: 0.536512
82507: 0.536518
82508: 0.536511
82509: 0.536505
82510: 0.53651
82511: 0.536516
82512: 0.536509
82513: 0.536503
82514: 0.536496
82515: 0.536502
82516: 0.536496
82517: 0.536501
82518: 0.536507
82519: 0.536512
82520: 0.536506
82521: 0.536499
82522: 0.536493
82523: 0.536486
82524: 0.536492
82525: 0.536498
82526: 0.536503
82527: 0.536497
82528: 0.53649
82529: 0.536484
82530: 0.536489
82531: 0.536483
82532: 0.536488
82533: 0.536494
82534: 0.5365
82535: 0.536505
82536: 0.536499
82537: 0.536492
82538: 0.536486
82539: 0.536479
82540: 0.536473
82541: 0.536466
82542: 0.536472
82543: 0.536478
82544: 0.536471
82545: 0.536477
82546: 0.536482
82547: 0.536476
82548: 0.536481
82549: 0.536487
82550: 0.536493
82551: 0.536498
82552: 0.536492
82553: 0.536485
82554: 0.536491
82555: 0.536496
82556: 0.536502
82557: 0.536508
82558: 0.536513
82559: 0.536519
82560: 0.536512
82561: 0.536518
82562: 0.536512
82563: 0.536517
82564: 0.536523
82565: 0.536528
82566: 0.536522
82567: 0.536515
82568: 0.536509
82569: 0.536502
82570: 0.536508
82571: 0.536501
82572: 0.536495
82573: 0.536488
82574: 0.536494
82575: 0.536488
82576: 0.536493
82577: 0.536499
82578: 0.536504
82579: 0.53651
82580: 0.536516
82581: 0.536521
82582: 0.536527
82583: 0.536533
82584: 0.536538
82585: 0.536532
82586: 0.536537
82587: 0.536543
82588: 0.536536
82589: 0.536542
82590: 0.536535
82591: 0.536529
82592: 0.536535
82593: 0.53654
82594: 0.536534
82595: 0.536539
82596: 0.536545
82597: 0.536538
82598: 0.536544
82599: 0.536538
82600: 0.536531
82601: 0.536525
82602: 0.53653
82603: 0.536536
82604: 0.536529
82605: 0.536523
82606: 0.536516
82607: 0.536522
82608: 0.536515
82609: 0.536509
82610: 0.536502
82611: 0.536508
82612: 0.536514
82613: 0.536519
82614: 0.536525
82615: 0.53653
82616: 0.536536
82617: 0.53653
82618: 0.536535
82619: 0.536529
82620: 0.536522
82621: 0.536516
82622: 0.536521
82623: 0.536515
82624: 0.536508
82625: 0.536514
82626: 0.536507
82627: 0.536501
82628: 0.536507
82629: 0.536512
82630: 0.536506
82631: 0.536499
82632: 0.536505
82633: 0.53651
82634: 0.536504
82635: 0.536497
82636: 0.536503
82637: 0.536497
82638: 0.536502
82639: 0.536508
82640: 0.536501
82641: 0.536495
82642: 0.536488
82643: 0.536482
82644: 0.536487
82645: 0.536493
82646: 0.536487
82647: 0.53648
82648: 0.536474
82649: 0.536479
82650: 0.536485
82651: 0.536478
82652: 0.536484
82653: 0.536489
82654: 0.536483
82655: 0.536489
82656: 0.536494
82657: 0.5365
82658: 0.536505
82659: 0.536499
82660: 0.536505
82661: 0.53651
82662: 0.536516
82663: 0.536509
82664: 0.536515
82665: 0.53652
82666: 0.536526
82667: 0.536532
82668: 0.536537
82669: 0.536543
82670: 0.536548
82671: 0.536542
82672: 0.536548
82673: 0.536553
82674: 0.536559
82675: 0.536564
82676: 0.53657
82677: 0.536564
82678: 0.536557
82679: 0.536563
82680: 0.536568
82681: 0.536562
82682: 0.536567
82683: 0.536561
82684: 0.536554
82685: 0.536548
82686: 0.536554
82687: 0.536547
82688: 0.536553
82689: 0.536558
82690: 0.536552
82691: 0.536545
82692: 0.536551
82693: 0.536544
82694: 0.536538
82695: 0.536531
82696: 0.536537
82697: 0.536543
82698: 0.536536
82699: 0.53653
82700: 0.536535
82701: 0.536541
82702: 0.536534
82703: 0.53654
82704: 0.536546
82705: 0.536551
82706: 0.536557
82707: 0.53655
82708: 0.536556
82709: 0.536549
82710: 0.536555
82711: 0.536561
82712: 0.536554
82713: 0.536548
82714: 0.536541
82715: 0.536535
82716: 0.536528
82717: 0.536522
82718: 0.536527
82719: 0.536533
82720: 0.536526
82721: 0.536532
82722: 0.536538
82723: 0.536543
82724: 0.536537
82725: 0.53653
82726: 0.536524
82727: 0.536529
82728: 0.536535
82729: 0.536541
82730: 0.536546
82731: 0.53654
82732: 0.536533
82733: 0.536539
82734: 0.536544
82735: 0.53655
82736: 0.536556
82737: 0.536549
82738: 0.536543
82739: 0.536536
82740: 0.536542
82741: 0.536535
82742: 0.536529
82743: 0.536522
82744: 0.536516
82745: 0.536521
82746: 0.536515
82747: 0.536521
82748: 0.536514
82749: 0.53652
82750: 0.536525
82751: 0.536531
82752: 0.536524
82753: 0.53653
82754: 0.536523
82755: 0.536517
82756: 0.536511
82757: 0.536516
82758: 0.53651
82759: 0.536503
82760: 0.536509
82761: 0.536502
82762: 0.536508
82763: 0.536513
82764: 0.536519
82765: 0.536513
82766: 0.536506
82767: 0.5365
82768: 0.536493
82769: 0.536499
82770: 0.536504
82771: 0.536498
82772: 0.536491
82773: 0.536497
82774: 0.53649
82775: 0.536496
82776: 0.53649
82777: 0.536483
82778: 0.536489
82779: 0.536494
82780: 0.5365
82781: 0.536506
82782: 0.536499
82783: 0.536493
82784: 0.536486
82785: 0.536492
82786: 0.536485
82787: 0.536491
82788: 0.536484
82789: 0.53649
82790: 0.536496
82791: 0.536489
82792: 0.536495
82793: 0.536488
82794: 0.536494
82795: 0.536499
82796: 0.536493
82797: 0.536498
82798: 0.536504
82799: 0.536498
82800: 0.536503
82801: 0.536509
82802: 0.536514
82803: 0.536508
82804: 0.536501
82805: 0.536495
82806: 0.536488
82807: 0.536494
82808: 0.536488
82809: 0.536481
82810: 0.536475
82811: 0.53648
82812: 0.536474
82813: 0.536479
82814: 0.536485
82815: 0.536491
82816: 0.536484
82817: 0.536478
82818: 0.536483
82819: 0.536489
82820: 0.536494
82821: 0.536488
82822: 0.536493
82823: 0.536499
82824: 0.536505
82825: 0.536498
82826: 0.536504
82827: 0.536497
82828: 0.536491
82829: 0.536496
82830: 0.536502
82831: 0.536508
82832: 0.536501
82833: 0.536495
82834: 0.536488
82835: 0.536482
82836: 0.536487
82837: 0.536493
82838: 0.536499
82839: 0.536492
82840: 0.536498
82841: 0.536491
82842: 0.536485
82843: 0.53649
82844: 0.536484
82845: 0.536477
82846: 0.536483
82847: 0.536489
82848: 0.536494
82849: 0.536488
82850: 0.536481
82851: 0.536487
82852: 0.536492
82853: 0.536498
82854: 0.536491
82855: 0.536497
82856: 0.536491
82857: 0.536496
82858: 0.536502
82859: 0.536507
82860: 0.536513
82861: 0.536506
82862: 0.5365
82863: 0.536506
82864: 0.536511
82865: 0.536517
82866: 0.53651
82867: 0.536504
82868: 0.536497
82869: 0.536491
82870: 0.536496
82871: 0.53649
82872: 0.536496
82873: 0.536489
82874: 0.536495
82875: 0.536488
82876: 0.536482
82877: 0.536487
82878: 0.536493
82879: 0.536499
82880: 0.536492
82881: 0.536486
82882: 0.536491
82883: 0.536497
82884: 0.53649
82885: 0.536484
82886: 0.536477
82887: 0.536483
82888: 0.536476
82889: 0.53647
82890: 0.536476
82891: 0.536481
82892: 0.536475
82893: 0.536468
82894: 0.536462
82895: 0.536455
82896: 0.536461
82897: 0.536454
82898: 0.53646
82899: 0.536466
82900: 0.536459
82901: 0.536465
82902: 0.53647
82903: 0.536464
82904: 0.536457
82905: 0.536451
82906: 0.536444
82907: 0.536438
82908: 0.536444
82909: 0.536449
82910: 0.536443
82911: 0.536448
82912: 0.536454
82913: 0.536459
82914: 0.536465
82915: 0.536471
82916: 0.536464
82917: 0.53647
82918: 0.536475
82919: 0.536481
82920: 0.536487
82921: 0.536492
82922: 0.536498
82923: 0.536491
82924: 0.536485
82925: 0.53649
82926: 0.536496
82927: 0.536502
82928: 0.536495
82929: 0.536501
82930: 0.536494
82931: 0.536488
82932: 0.536493
82933: 0.536499
82934: 0.536492
82935: 0.536486
82936: 0.536492
82937: 0.536497
82938: 0.536491
82939: 0.536496
82940: 0.536502
82941: 0.536507
82942: 0.536513
82943: 0.536519
82944: 0.536512
82945: 0.536506
82946: 0.536499
82947: 0.536493
82948: 0.536486
82949: 0.53648
82950: 0.536473
82951: 0.536479
82952: 0.536485
82953: 0.536478
82954: 0.536484
82955: 0.536477
82956: 0.536471
82957: 0.536464
82958: 0.53647
82959: 0.536475
82960: 0.536469
82961: 0.536462
82962: 0.536468
82963: 0.536474
82964: 0.536479
82965: 0.536473
82966: 0.536478
82967: 0.536472
82968: 0.536465
82969: 0.536471
82970: 0.536465
82971: 0.536458
82972: 0.536464
82973: 0.536457
82974: 0.536463
82975: 0.536456
82976: 0.53645
82977: 0.536455
82978: 0.536449
82979: 0.536455
82980: 0.53646
82981: 0.536454
82982: 0.536447
82983: 0.536441
82984: 0.536434
82985: 0.536428
82986: 0.536433
82987: 0.536439
82988: 0.536445
82989: 0.53645
82990: 0.536456
82991: 0.536449
82992: 0.536443
82993: 0.536436
82994: 0.53643
82995: 0.536435
82996: 0.536441
82997: 0.536447
82998: 0.536452
82999: 0.536458
83000: 0.536451
83001: 0.536445
83002: 0.536438
83003: 0.536444
83004: 0.536438
83005: 0.536431
83006: 0.536437
83007: 0.536442
83008: 0.536448
83009: 0.536441
83010: 0.536435
83011: 0.536428
83012: 0.536434
83013: 0.536428
83014: 0.536433
83015: 0.536427
83016: 0.53642
83017: 0.536414
83018: 0.536419
83019: 0.536413
83020: 0.536418
83021: 0.536412
83022: 0.536418
83023: 0.536423
83024: 0.536417
83025: 0.53641
83026: 0.536416
83027: 0.536409
83028: 0.536415
83029: 0.536421
83030: 0.536426
83031: 0.536432
83032: 0.536437
83033: 0.536443
83034: 0.536436
83035: 0.53643
83036: 0.536436
83037: 0.536441
83038: 0.536447
83039: 0.536452
83040: 0.536446
83041: 0.536451
83042: 0.536445
83043: 0.536439
83044: 0.536432
83045: 0.536438
83046: 0.536431
83047: 0.536425
83048: 0.536418
83049: 0.536424
83050: 0.536429
83051: 0.536423
83052: 0.536417
83053: 0.53641
83054: 0.536404
83055: 0.536409
83056: 0.536415
83057: 0.536408
83058: 0.536414
83059: 0.536407
83060: 0.536401
83061: 0.536395
83062: 0.536388
83063: 0.536394
83064: 0.536387
83065: 0.536381
83066: 0.536374
83067: 0.536368
83068: 0.536373
83069: 0.536367
83070: 0.536373
83071: 0.536378
83072: 0.536372
83073: 0.536377
83074: 0.536383
83075: 0.536388
83076: 0.536394
83077: 0.5364
83078: 0.536393
83079: 0.536387
83080: 0.53638
83081: 0.536374
83082: 0.536379
83083: 0.536385
83084: 0.536378
83085: 0.536372
83086: 0.536365
83087: 0.536371
83088: 0.536365
83089: 0.53637
83090: 0.536364
83091: 0.536357
83092: 0.536363
83093: 0.536356
83094: 0.536362
83095: 0.536356
83096: 0.536361
83097: 0.536355
83098: 0.536348
83099: 0.536342
83100: 0.536335
83101: 0.536341
83102: 0.536334
83103: 0.536328
83104: 0.536322
83105: 0.536315
83106: 0.536321
83107: 0.536326
83108: 0.536332
83109: 0.536325
83110: 0.536331
83111: 0.536337
83112: 0.536342
83113: 0.536336
83114: 0.536329
83115: 0.536323
83116: 0.536328
83117: 0.536334
83118: 0.536339
83119: 0.536345
83120: 0.536351
83121: 0.536344
83122: 0.53635
83123: 0.536355
83124: 0.536361
83125: 0.536354
83126: 0.53636
83127: 0.536354
83128: 0.536347
83129: 0.536341
83130: 0.536334
83131: 0.536328
83132: 0.536321
83133: 0.536327
83134: 0.53632
83135: 0.536314
83136: 0.53632
83137: 0.536325
83138: 0.536331
83139: 0.536324
83140: 0.53633
83141: 0.536335
83142: 0.536341
83143: 0.536347
83144: 0.536352
83145: 0.536358
83146: 0.536363
83147: 0.536369
83148: 0.536362
83149: 0.536368
83150: 0.536374
83151: 0.536379
83152: 0.536385
83153: 0.53639
83154: 0.536396
83155: 0.536389
83156: 0.536395
83157: 0.536389
83158: 0.536382
83159: 0.536376
83160: 0.536381
83161: 0.536387
83162: 0.53638
83163: 0.536386
83164: 0.536392
83165: 0.536397
83166: 0.536403
83167: 0.536408
83168: 0.536402
83169: 0.536407
83170: 0.536413
83171: 0.536419
83172: 0.536424
83173: 0.536418
83174: 0.536411
83175: 0.536417
83176: 0.53641
83177: 0.536416
83178: 0.536409
83179: 0.536415
83180: 0.536421
83181: 0.536414
83182: 0.53642
83183: 0.536413
83184: 0.536407
83185: 0.5364
83186: 0.536406
83187: 0.536412
83188: 0.536405
83189: 0.536399
83190: 0.536404
83191: 0.536398
83192: 0.536391
83193: 0.536397
83194: 0.53639
83195: 0.536384
83196: 0.53639
83197: 0.536383
83198: 0.536389
83199: 0.536382
83200: 0.536376
83201: 0.536369
83202: 0.536363
83203: 0.536356
83204: 0.536362
83205: 0.536356
83206: 0.536349
83207: 0.536355
83208: 0.536348
83209: 0.536354
83210: 0.536359
83211: 0.536353
83212: 0.536359
83213: 0.536352
83214: 0.536358
83215: 0.536351
83216: 0.536357
83217: 0.536362
83218: 0.536368
83219: 0.536361
83220: 0.536355
83221: 0.536361
83222: 0.536366
83223: 0.53636
83224: 0.536365
83225: 0.536371
83226: 0.536364
83227: 0.53637
83228: 0.536376
83229: 0.536369
83230: 0.536375
83231: 0.53638
83232: 0.536374
83233: 0.536367
83234: 0.536373
83235: 0.536378
83236: 0.536372
83237: 0.536366
83238: 0.536359
83239: 0.536353
83240: 0.536346
83241: 0.536352
83242: 0.536357
83243: 0.536351
83244: 0.536345
83245: 0.53635
83246: 0.536344
83247: 0.536349
83248: 0.536355
83249: 0.53636
83250: 0.536354
83251: 0.536347
83252: 0.536341
83253: 0.536347
83254: 0.53634
83255: 0.536346
83256: 0.536339
83257: 0.536345
83258: 0.53635
83259: 0.536356
83260: 0.536362
83261: 0.536355
83262: 0.536361
83263: 0.536366
83264: 0.53636
83265: 0.536353
83266: 0.536359
83267: 0.536365
83268: 0.53637
83269: 0.536376
83270: 0.536381
83271: 0.536387
83272: 0.53638
83273: 0.536374
83274: 0.536367
83275: 0.536373
83276: 0.536379
83277: 0.536372
83278: 0.536378
83279: 0.536383
83280: 0.536377
83281: 0.536382
83282: 0.536376
83283: 0.536382
83284: 0.536387
83285: 0.536393
83286: 0.536398
83287: 0.536404
83288: 0.536409
83289: 0.536403
83290: 0.536408
83291: 0.536414
83292: 0.53642
83293: 0.536425
83294: 0.536419
83295: 0.536412
83296: 0.536406
83297: 0.536411
83298: 0.536405
83299: 0.536399
83300: 0.536392
83301: 0.536386
83302: 0.536391
83303: 0.536385
83304: 0.536378
83305: 0.536372
83306: 0.536365
83307: 0.536371
83308: 0.536377
83309: 0.536382
83310: 0.536388
83311: 0.536393
83312: 0.536399
83313: 0.536404
83314: 0.53641
83315: 0.536404
83316: 0.536409
83317: 0.536415
83318: 0.53642
83319: 0.536414
83320: 0.536419
83321: 0.536425
83322: 0.536431
83323: 0.536436
83324: 0.536442
83325: 0.536447
83326: 0.536441
83327: 0.536434
83328: 0.53644
83329: 0.536433
83330: 0.536427
83331: 0.536433
83332: 0.536438
83333: 0.536432
83334: 0.536425
83335: 0.536431
83336: 0.536424
83337: 0.536418
83338: 0.536424
83339: 0.536417
83340: 0.536423
83341: 0.536428
83342: 0.536434
83343: 0.536439
83344: 0.536445
83345: 0.53645
83346: 0.536444
83347: 0.53645
83348: 0.536443
83349: 0.536437
83350: 0.53643
83351: 0.536424
83352: 0.536417
83353: 0.536423
83354: 0.536417
83355: 0.536422
83356: 0.536428
83357: 0.536433
83358: 0.536427
83359: 0.53642
83360: 0.536426
83361: 0.536431
83362: 0.536437
83363: 0.536443
83364: 0.536448
83365: 0.536454
83366: 0.536447
83367: 0.536441
83368: 0.536446
83369: 0.536452
83370: 0.536458
83371: 0.536463
83372: 0.536457
83373: 0.536462
83374: 0.536468
83375: 0.536473
83376: 0.536479
83377: 0.536472
83378: 0.536466
83379: 0.536472
83380: 0.536465
83381: 0.536459
83382: 0.536452
83383: 0.536446
83384: 0.536451
83385: 0.536457
83386: 0.536463
83387: 0.536468
83388: 0.536474
83389: 0.536479
83390: 0.536473
83391: 0.536478
83392: 0.536472
83393: 0.536477
83394: 0.536471
83395: 0.536465
83396: 0.53647
83397: 0.536476
83398: 0.536469
83399: 0.536475
83400: 0.53648
83401: 0.536486
83402: 0.536491
83403: 0.536485
83404: 0.536479
83405: 0.536484
83406: 0.536478
83407: 0.536483
83408: 0.536489
83409: 0.536482
83410: 0.536476
83411: 0.53647
83412: 0.536463
83413: 0.536469
83414: 0.536474
83415: 0.53648
83416: 0.536473
83417: 0.536479
83418: 0.536484
83419: 0.536478
83420: 0.536484
83421: 0.536489
83422: 0.536495
83423: 0.536488
83424: 0.536494
83425: 0.536487
83426: 0.536481
83427: 0.536487
83428: 0.53648
83429: 0.536486
83430: 0.536491
83431: 0.536497
83432: 0.53649
83433: 0.536484
83434: 0.536477
83435: 0.536471
83436: 0.536465
83437: 0.53647
83438: 0.536476
83439: 0.536481
83440: 0.536475
83441: 0.53648
83442: 0.536486
83443: 0.53648
83444: 0.536485
83445: 0.536479
83446: 0.536472
83447: 0.536478
83448: 0.536483
83449: 0.536477
83450: 0.536471
83451: 0.536476
83452: 0.53647
83453: 0.536475
83454: 0.536481
83455: 0.536486
83456: 0.53648
83457: 0.536485
83458: 0.536491
83459: 0.536497
83460: 0.53649
83461: 0.536496
83462: 0.536489
83463: 0.536495
83464: 0.5365
83465: 0.536506
83466: 0.536511
83467: 0.536517
83468: 0.536523
83469: 0.536516
83470: 0.536522
83471: 0.536515
83472: 0.536521
83473: 0.536526
83474: 0.53652
83475: 0.536525
83476: 0.536519
83477: 0.536513
83478: 0.536506
83479: 0.536512
83480: 0.536517
83481: 0.536511
83482: 0.536516
83483: 0.536522
83484: 0.536528
83485: 0.536533
83486: 0.536539
83487: 0.536544
83488: 0.536538
83489: 0.536543
83490: 0.536537
83491: 0.53653
83492: 0.536536
83493: 0.536542
83494: 0.536535
83495: 0.536541
83496: 0.536546
83497: 0.536552
83498: 0.536545
83499: 0.536539
83500: 0.536532
83501: 0.536526
83502: 0.53652
83503: 0.536525
83504: 0.536531
83505: 0.536536
83506: 0.53653
83507: 0.536535
83508: 0.536529
83509: 0.536535
83510: 0.53654
83511: 0.536546
83512: 0.536539
83513: 0.536533
83514: 0.536526
83515: 0.536532
83516: 0.536525
83517: 0.536531
83518: 0.536525
83519: 0.536518
83520: 0.536524
83521: 0.536517
83522: 0.536511
83523: 0.536516
83524: 0.536522
83525: 0.536528
83526: 0.536533
83527: 0.536527
83528: 0.53652
83529: 0.536526
83530: 0.536519
83531: 0.536525
83532: 0.536519
83533: 0.536512
83534: 0.536518
83535: 0.536511
83536: 0.536517
83537: 0.53651
83538: 0.536516
83539: 0.536521
83540: 0.536515
83541: 0.536509
83542: 0.536502
83543: 0.536508
83544: 0.536513
83545: 0.536507
83546: 0.536512
83547: 0.536518
83548: 0.536512
83549: 0.536505
83550: 0.536511
83551: 0.536516
83552: 0.536522
83553: 0.536527
83554: 0.536521
83555: 0.536526
83556: 0.536532
83557: 0.536526
83558: 0.536519
83559: 0.536525
83560: 0.53653
83561: 0.536524
83562: 0.536529
83563: 0.536535
83564: 0.53654
83565: 0.536546
83566: 0.53654
83567: 0.536545
83568: 0.536551
83569: 0.536556
83570: 0.53655
83571: 0.536555
83572: 0.536561
83573: 0.536554
83574: 0.536548
83575: 0.536554
83576: 0.536559
83577: 0.536565
83578: 0.536558
83579: 0.536564
83580: 0.536569
83581: 0.536575
83582: 0.53658
83583: 0.536586
83584: 0.536591
83585: 0.536585
83586: 0.536591
83587: 0.536596
83588: 0.536602
83589: 0.536607
83590: 0.536601
83591: 0.536594
83592: 0.536588
83593: 0.536594
83594: 0.536587
83595: 0.536593
83596: 0.536598
83597: 0.536592
83598: 0.536585
83599: 0.536579
83600: 0.536573
83601: 0.536578
83602: 0.536584
83603: 0.536589
83604: 0.536583
83605: 0.536576
83606: 0.536582
83607: 0.536587
83608: 0.536581
83609: 0.536587
83610: 0.536592
83611: 0.536598
83612: 0.536603
83613: 0.536597
83614: 0.53659
83615: 0.536584
83616: 0.536589
83617: 0.536595
83618: 0.536601
83619: 0.536606
83620: 0.5366
83621: 0.536605
83622: 0.536611
83623: 0.536604
83624: 0.53661
83625: 0.536615
83626: 0.536621
83627: 0.536615
83628: 0.53662
83629: 0.536626
83630: 0.536619
83631: 0.536613
83632: 0.536618
83633: 0.536624
83634: 0.536629
83635: 0.536635
83636: 0.53664
83637: 0.536634
83638: 0.53664
83639: 0.536645
83640: 0.536651
83641: 0.536656
83642: 0.53665
83643: 0.536655
83644: 0.536649
83645: 0.536643
83646: 0.536648
83647: 0.536654
83648: 0.536659
83649: 0.536665
83650: 0.536658
83651: 0.536652
83652: 0.536645
83653: 0.536651
83654: 0.536645
83655: 0.536638
83656: 0.536644
83657: 0.536649
83658: 0.536643
83659: 0.536636
83660: 0.53663
83661: 0.536636
83662: 0.536641
83663: 0.536635
83664: 0.53664
83665: 0.536634
83666: 0.536639
83667: 0.536645
83668: 0.536638
83669: 0.536644
83670: 0.536649
83671: 0.536655
83672: 0.536661
83673: 0.536654
83674: 0.53666
83675: 0.536665
83676: 0.536671
83677: 0.536664
83678: 0.53667
83679: 0.536675
83680: 0.536681
83681: 0.536687
83682: 0.53668
83683: 0.536674
83684: 0.536667
83685: 0.536673
83686: 0.536678
83687: 0.536672
83688: 0.536677
83689: 0.536683
83690: 0.536677
83691: 0.53667
83692: 0.536664
83693: 0.536657
83694: 0.536663
83695: 0.536668
83696: 0.536674
83697: 0.536679
83698: 0.536685
83699: 0.536679
83700: 0.536672
83701: 0.536666
83702: 0.536659
83703: 0.536665
83704: 0.536659
83705: 0.536652
83706: 0.536646
83707: 0.536639
83708: 0.536645
83709: 0.53665
83710: 0.536656
83711: 0.536661
83712: 0.536655
83713: 0.536649
83714: 0.536642
83715: 0.536648
83716: 0.536641
83717: 0.536647
83718: 0.53664
83719: 0.536646
83720: 0.536651
83721: 0.536657
83722: 0.536663
83723: 0.536656
83724: 0.53665
83725: 0.536643
83726: 0.536637
83727: 0.536642
83728: 0.536648
83729: 0.536642
83730: 0.536647
83731: 0.536653
83732: 0.536646
83733: 0.536652
83734: 0.536645
83735: 0.536639
83736: 0.536633
83737: 0.536638
83738: 0.536632
83739: 0.536637
83740: 0.536643
83741: 0.536648
83742: 0.536654
83743: 0.536647
83744: 0.536653
83745: 0.536647
83746: 0.53664
83747: 0.536646
83748: 0.536651
83749: 0.536657
83750: 0.536662
83751: 0.536656
83752: 0.536661
83753: 0.536655
83754: 0.536649
83755: 0.536642
83756: 0.536636
83757: 0.536629
83758: 0.536623
83759: 0.536617
83760: 0.536622
83761: 0.536628
83762: 0.536621
83763: 0.536627
83764: 0.53662
83765: 0.536626
83766: 0.536631
83767: 0.536637
83768: 0.536642
83769: 0.536648
83770: 0.536642
83771: 0.536647
83772: 0.536653
83773: 0.536646
83774: 0.53664
83775: 0.536633
83776: 0.536627
83777: 0.536633
83778: 0.536638
83779: 0.536632
83780: 0.536625
83781: 0.536631
83782: 0.536624
83783: 0.536618
83784: 0.536612
83785: 0.536605
83786: 0.536611
83787: 0.536604
83788: 0.536598
83789: 0.536591
83790: 0.536597
83791: 0.536603
83792: 0.536596
83793: 0.53659
83794: 0.536583
83795: 0.536589
83796: 0.536582
83797: 0.536576
83798: 0.53657
83799: 0.536575
83800: 0.536581
83801: 0.536586
83802: 0.536592
83803: 0.536597
83804: 0.536591
83805: 0.536584
83806: 0.536578
83807: 0.536584
83808: 0.536589
83809: 0.536583
83810: 0.536576
83811: 0.536582
83812: 0.536587
83813: 0.536593
83814: 0.536587
83815: 0.536592
83816: 0.536598
83817: 0.536603
83818: 0.536609
83819: 0.536614
83820: 0.536608
83821: 0.536601
83822: 0.536595
83823: 0.536589
83824: 0.536594
83825: 0.5366
83826: 0.536593
83827: 0.536587
83828: 0.536592
83829: 0.536598
83830: 0.536591
83831: 0.536585
83832: 0.536591
83833: 0.536596
83834: 0.536602
83835: 0.536595
83836: 0.536589
83837: 0.536594
83838: 0.5366
83839: 0.536594
83840: 0.536587
83841: 0.536581
83842: 0.536586
83843: 0.536592
83844: 0.536585
83845: 0.536591
83846: 0.536596
83847: 0.536602
83848: 0.536607
83849: 0.536601
83850: 0.536595
83851: 0.5366
83852: 0.536594
83853: 0.536587
83854: 0.536593
83855: 0.536598
83856: 0.536592
83857: 0.536598
83858: 0.536603
83859: 0.536597
83860: 0.536602
83861: 0.536608
83862: 0.536601
83863: 0.536595
83864: 0.5366
83865: 0.536606
83866: 0.536612
83867: 0.536617
83868: 0.536611
83869: 0.536616
83870: 0.536622
83871: 0.536627
83872: 0.536633
83873: 0.536638
83874: 0.536644
83875: 0.536637
83876: 0.536631
83877: 0.536637
83878: 0.536642
83879: 0.536648
83880: 0.536653
83881: 0.536659
83882: 0.536652
83883: 0.536658
83884: 0.536663
83885: 0.536669
83886: 0.536662
83887: 0.536656
83888: 0.53665
83889: 0.536643
83890: 0.536637
83891: 0.536642
83892: 0.536648
83893: 0.536653
83894: 0.536647
83895: 0.536641
83896: 0.536646
83897: 0.536652
83898: 0.536657
83899: 0.536651
83900: 0.536644
83901: 0.536638
83902: 0.536632
83903: 0.536625
83904: 0.536619
83905: 0.536624
83906: 0.53663
83907: 0.536623
83908: 0.536629
83909: 0.536623
83910: 0.536616
83911: 0.536622
83912: 0.536627
83913: 0.536621
83914: 0.536626
83915: 0.536632
83916: 0.536625
83917: 0.536619
83918: 0.536613
83919: 0.536606
83920: 0.5366
83921: 0.536594
83922: 0.536599
83923: 0.536593
83924: 0.536598
83925: 0.536604
83926: 0.536597
83927: 0.536591
83928: 0.536596
83929: 0.536602
83930: 0.536596
83931: 0.536589
83932: 0.536583
83933: 0.536576
83934: 0.536582
83935: 0.536575
83936: 0.536581
83937: 0.536587
83938: 0.536592
83939: 0.536586
83940: 0.536579
83941: 0.536585
83942: 0.53659
83943: 0.536596
83944: 0.536601
83945: 0.536607
83946: 0.536612
83947: 0.536618
83948: 0.536623
83949: 0.536629
83950: 0.536623
83951: 0.536616
83952: 0.53661
83953: 0.536603
83954: 0.536597
83955: 0.536603
83956: 0.536608
83957: 0.536614
83958: 0.536607
83959: 0.536613
83960: 0.536618
83961: 0.536624
83962: 0.536617
83963: 0.536623
83964: 0.536616
83965: 0.536622
83966: 0.536627
83967: 0.536621
83968: 0.536615
83969: 0.536608
83970: 0.536602
83971: 0.536596
83972: 0.536601
83973: 0.536607
83974: 0.536612
83975: 0.536618
83976: 0.536623
83977: 0.536629
83978: 0.536622
83979: 0.536628
83980: 0.536621
83981: 0.536627
83982: 0.536632
83983: 0.536638
83984: 0.536643
83985: 0.536649
83986: 0.536643
83987: 0.536636
83988: 0.53663
83989: 0.536635
83990: 0.536641
83991: 0.536646
83992: 0.53664
83993: 0.536634
83994: 0.536627
83995: 0.536633
83996: 0.536626
83997: 0.536632
83998: 0.536637
83999: 0.536631
84000: 0.536636
84001: 0.53663
84002: 0.536624
84003: 0.536629
84004: 0.536623
84005: 0.536628
84006: 0.536622
84007: 0.536627
84008: 0.536633
84009: 0.536627
84010: 0.53662
84011: 0.536626
84012: 0.536631
84013: 0.536637
84014: 0.53663
84015: 0.536624
84016: 0.536629
84017: 0.536635
84018: 0.536629
84019: 0.536622
84020: 0.536628
84021: 0.536633
84022: 0.536639
84023: 0.536632
84024: 0.536638
84025: 0.536643
84026: 0.536649
84027: 0.536654
84028: 0.536648
84029: 0.536642
84030: 0.536647
84031: 0.536641
84032: 0.536634
84033: 0.536628
84034: 0.536634
84035: 0.536627
84036: 0.536621
84037: 0.536626
84038: 0.53662
84039: 0.536625
84040: 0.536631
84041: 0.536625
84042: 0.536618
84043: 0.536612
84044: 0.536617
84045: 0.536623
84046: 0.536616
84047: 0.536622
84048: 0.536627
84049: 0.536633
84050: 0.536638
84051: 0.536632
84052: 0.536638
84053: 0.536631
84054: 0.536637
84055: 0.536642
84056: 0.536648
84057: 0.536653
84058: 0.536659
84059: 0.536652
84060: 0.536646
84061: 0.53664
84062: 0.536645
84063: 0.536639
84064: 0.536644
84065: 0.536638
84066: 0.536631
84067: 0.536637
84068: 0.536643
84069: 0.536648
84070: 0.536642
84071: 0.536635
84072: 0.536641
84073: 0.536646
84074: 0.536652
84075: 0.536657
84076: 0.536651
84077: 0.536656
84078: 0.536662
84079: 0.536656
84080: 0.536649
84081: 0.536643
84082: 0.536636
84083: 0.53663
84084: 0.536636
84085: 0.536641
84086: 0.536647
84087: 0.536652
84088: 0.536646
84089: 0.536639
84090: 0.536645
84091: 0.53665
84092: 0.536656
84093: 0.536661
84094: 0.536655
84095: 0.536649
84096: 0.536642
84097: 0.536636
84098: 0.536641
84099: 0.536647
84100: 0.536652
84101: 0.536658
84102: 0.536651
84103: 0.536645
84104: 0.536651
84105: 0.536656
84106: 0.536662
84107: 0.536667
84108: 0.536673
84109: 0.536666
84110: 0.53666
84111: 0.536654
84112: 0.536659
84113: 0.536665
84114: 0.53667
84115: 0.536664
84116: 0.536657
84117: 0.536663
84118: 0.536668
84119: 0.536674
84120: 0.536679
84121: 0.536685
84122: 0.53669
84123: 0.536684
84124: 0.536689
84125: 0.536695
84126: 0.5367
84127: 0.536706
84128: 0.5367
84129: 0.536705
84130: 0.536711
84131: 0.536716
84132: 0.536722
84133: 0.536715
84134: 0.536709
84135: 0.536714
84136: 0.53672
84137: 0.536725
84138: 0.536731
84139: 0.536736
84140: 0.536742
84141: 0.536747
84142: 0.536741
84143: 0.536747
84144: 0.536752
84145: 0.536758
84146: 0.536763
84147: 0.536757
84148: 0.53675
84149: 0.536756
84150: 0.536749
84151: 0.536743
84152: 0.536749
84153: 0.536754
84154: 0.53676
84155: 0.536765
84156: 0.536771
84157: 0.536764
84158: 0.53677
84159: 0.536775
84160: 0.536769
84161: 0.536774
84162: 0.53678
84163: 0.536773
84164: 0.536767
84165: 0.536761
84166: 0.536766
84167: 0.536772
84168: 0.536777
84169: 0.536771
84170: 0.536776
84171: 0.536782
84172: 0.536787
84173: 0.536793
84174: 0.536798
84175: 0.536804
84176: 0.536809
84177: 0.536803
84178: 0.536797
84179: 0.53679
84180: 0.536784
84181: 0.536777
84182: 0.536771
84183: 0.536765
84184: 0.536758
84185: 0.536764
84186: 0.536757
84187: 0.536763
84188: 0.536768
84189: 0.536762
84190: 0.536756
84191: 0.536749
84192: 0.536755
84193: 0.53676
84194: 0.536766
84195: 0.536771
84196: 0.536777
84197: 0.536782
84198: 0.536776
84199: 0.536781
84200: 0.536787
84201: 0.536792
84202: 0.536798
84203: 0.536803
84204: 0.536797
84205: 0.536791
84206: 0.536784
84207: 0.536778
84208: 0.536772
84209: 0.536765
84210: 0.536771
84211: 0.536776
84212: 0.53677
84213: 0.536763
84214: 0.536757
84215: 0.536763
84216: 0.536756
84217: 0.53675
84218: 0.536755
84219: 0.536761
84220: 0.536766
84221: 0.53676
84222: 0.536754
84223: 0.536747
84224: 0.536741
84225: 0.536735
84226: 0.53674
84227: 0.536734
84228: 0.536739
84229: 0.536733
84230: 0.536738
84231: 0.536732
84232: 0.536726
84233: 0.536731
84234: 0.536725
84235: 0.536718
84236: 0.536712
84237: 0.536706
84238: 0.536711
84239: 0.536717
84240: 0.53671
84241: 0.536704
84242: 0.536709
84243: 0.536703
84244: 0.536708
84245: 0.536702
84246: 0.536708
84247: 0.536701
84248: 0.536707
84249: 0.5367
84250: 0.536694
84251: 0.536699
84252: 0.536705
84253: 0.53671
84254: 0.536716
84255: 0.536721
84256: 0.536727
84257: 0.536732
84258: 0.536726
84259: 0.536732
84260: 0.536725
84261: 0.536731
84262: 0.536724
84263: 0.53673
84264: 0.536735
84265: 0.536729
84266: 0.536723
84267: 0.536728
84268: 0.536734
84269: 0.536739
84270: 0.536733
84271: 0.536738
84272: 0.536744
84273: 0.536749
84274: 0.536755
84275: 0.536748
84276: 0.536754
84277: 0.536747
84278: 0.536753
84279: 0.536758
84280: 0.536764
84281: 0.536769
84282: 0.536775
84283: 0.536769
84284: 0.536762
84285: 0.536756
84286: 0.536761
84287: 0.536755
84288: 0.53676
84289: 0.536766
84290: 0.536771
84291: 0.536765
84292: 0.536771
84293: 0.536776
84294: 0.53677
84295: 0.536775
84296: 0.536781
84297: 0.536786
84298: 0.536792
84299: 0.536785
84300: 0.536791
84301: 0.536784
84302: 0.53679
84303: 0.536795
84304: 0.536801
84305: 0.536806
84306: 0.536812
84307: 0.536806
84308: 0.536811
84309: 0.536805
84310: 0.53681
84311: 0.536816
84312: 0.536821
84313: 0.536815
84314: 0.53682
84315: 0.536814
84316: 0.536819
84317: 0.536813
84318: 0.536807
84319: 0.536812
84320: 0.536818
84321: 0.536823
84322: 0.536829
84323: 0.536834
84324: 0.536828
84325: 0.536833
84326: 0.536827
84327: 0.536832
84328: 0.536838
84329: 0.536831
84330: 0.536837
84331: 0.536842
84332: 0.536836
84333: 0.53683
84334: 0.536823
84335: 0.536829
84336: 0.536834
84337: 0.536828
84338: 0.536822
84339: 0.536815
84340: 0.536821
84341: 0.536826
84342: 0.536832
84343: 0.536825
84344: 0.536831
84345: 0.536836
84346: 0.536842
84347: 0.536835
84348: 0.536829
84349: 0.536823
84350: 0.536828
84351: 0.536834
84352: 0.536827
84353: 0.536833
84354: 0.536827
84355: 0.536832
84356: 0.536826
84357: 0.536831
84358: 0.536837
84359: 0.536842
84360: 0.536848
84361: 0.536841
84362: 0.536847
84363: 0.536852
84364: 0.536858
84365: 0.536851
84366: 0.536857
84367: 0.53685
84368: 0.536856
84369: 0.536861
84370: 0.536867
84371: 0.536861
84372: 0.536854
84373: 0.53686
84374: 0.536853
84375: 0.536859
84376: 0.536864
84377: 0.53687
84378: 0.536863
84379: 0.536857
84380: 0.536863
84381: 0.536868
84382: 0.536874
84383: 0.536867
84384: 0.536861
84385: 0.536866
84386: 0.536872
84387: 0.536865
84388: 0.536871
84389: 0.536876
84390: 0.536882
84391: 0.536887
84392: 0.536893
84393: 0.536887
84394: 0.536892
84395: 0.536897
84396: 0.536891
84397: 0.536897
84398: 0.53689
84399: 0.536884
84400: 0.536878
84401: 0.536883
84402: 0.536877
84403: 0.536882
84404: 0.536876
84405: 0.536881
84406: 0.536875
84407: 0.536869
84408: 0.536874
84409: 0.53688
84410: 0.536885
84411: 0.536879
84412: 0.536872
84413: 0.536878
84414: 0.536883
84415: 0.536889
84416: 0.536894
84417: 0.536888
84418: 0.536893
84419: 0.536899
84420: 0.536904
84421: 0.536898
84422: 0.536903
84423: 0.536909
84424: 0.536903
84425: 0.536896
84426: 0.53689
84427: 0.536883
84428: 0.536877
84429: 0.536883
84430: 0.536888
84431: 0.536882
84432: 0.536875
84433: 0.536881
84434: 0.536886
84435: 0.53688
84436: 0.536874
84437: 0.536879
84438: 0.536885
84439: 0.53689
84440: 0.536896
84441: 0.536901
84442: 0.536907
84443: 0.5369
84444: 0.536894
84445: 0.536887
84446: 0.536893
84447: 0.536898
84448: 0.536904
84449: 0.536898
84450: 0.536891
84451: 0.536885
84452: 0.536879
84453: 0.536872
84454: 0.536878
84455: 0.536883
84456: 0.536877
84457: 0.53687
84458: 0.536864
84459: 0.536858
84460: 0.536863
84461: 0.536869
84462: 0.536862
84463: 0.536868
84464: 0.536873
84465: 0.536879
84466: 0.536884
84467: 0.536878
84468: 0.536872
84469: 0.536877
84470: 0.536871
84471: 0.536876
84472: 0.536882
84473: 0.536887
84474: 0.536881
84475: 0.536874
84476: 0.536868
84477: 0.536874
84478: 0.536867
84479: 0.536861
84480: 0.536854
84481: 0.536848
84482: 0.536842
84483: 0.536847
84484: 0.536853
84485: 0.536858
84486: 0.536864
84487: 0.536869
84488: 0.536875
84489: 0.53688
84490: 0.536886
84491: 0.536879
84492: 0.536873
84493: 0.536867
84494: 0.536872
84495: 0.536866
84496: 0.536859
84497: 0.536865
84498: 0.536858
84499: 0.536864
84500: 0.536858
84501: 0.536851
84502: 0.536845
84503: 0.536838
84504: 0.536844
84505: 0.536849
84506: 0.536843
84507: 0.536849
84508: 0.536854
84509: 0.53686
84510: 0.536853
84511: 0.536847
84512: 0.53684
84513: 0.536834
84514: 0.536828
84515: 0.536833
84516: 0.536839
84517: 0.536832
84518: 0.536826
84519: 0.53682
84520: 0.536813
84521: 0.536807
84522: 0.536812
84523: 0.536818
84524: 0.536823
84525: 0.536817
84526: 0.536811
84527: 0.536804
84528: 0.53681
84529: 0.536804
84530: 0.536797
84531: 0.536803
84532: 0.536808
84533: 0.536814
84534: 0.536819
84535: 0.536825
84536: 0.53683
84537: 0.536824
84538: 0.536817
84539: 0.536811
84540: 0.536805
84541: 0.536798
84542: 0.536792
84543: 0.536786
84544: 0.536791
84545: 0.536797
84546: 0.53679
84547: 0.536784
84548: 0.536789
84549: 0.536795
84550: 0.5368
84551: 0.536806
84552: 0.536811
84553: 0.536817
84554: 0.536822
84555: 0.536828
84556: 0.536821
84557: 0.536827
84558: 0.53682
84559: 0.536814
84560: 0.536808
84561: 0.536813
84562: 0.536807
84563: 0.536812
84564: 0.536806
84565: 0.5368
84566: 0.536805
84567: 0.536811
84568: 0.536804
84569: 0.53681
84570: 0.536815
84571: 0.536809
84572: 0.536814
84573: 0.53682
84574: 0.536825
84575: 0.536831
84576: 0.536836
84577: 0.53683
84578: 0.536824
84579: 0.536817
84580: 0.536823
84581: 0.536816
84582: 0.536822
84583: 0.536827
84584: 0.536821
84585: 0.536815
84586: 0.536808
84587: 0.536802
84588: 0.536807
84589: 0.536813
84590: 0.536818
84591: 0.536824
84592: 0.536829
84593: 0.536823
84594: 0.536828
84595: 0.536822
84596: 0.536816
84597: 0.536809
84598: 0.536803
84599: 0.536809
84600: 0.536814
84601: 0.536819
84602: 0.536825
84603: 0.536819
84604: 0.536824
84605: 0.53683
84606: 0.536835
84607: 0.536829
84608: 0.536822
84609: 0.536816
84610: 0.536821
84611: 0.536827
84612: 0.536832
84613: 0.536826
84614: 0.536832
84615: 0.536825
84616: 0.536819
84617: 0.536824
84618: 0.53683
84619: 0.536835
84620: 0.536841
84621: 0.536846
84622: 0.53684
84623: 0.536834
84624: 0.536839
84625: 0.536844
84626: 0.536838
84627: 0.536832
84628: 0.536837
84629: 0.536831
84630: 0.536836
84631: 0.536842
84632: 0.536836
84633: 0.536841
84634: 0.536846
84635: 0.53684
84636: 0.536846
84637: 0.536851
84638: 0.536845
84639: 0.536838
84640: 0.536844
84641: 0.536849
84642: 0.536843
84643: 0.536848
84644: 0.536842
84645: 0.536836
84646: 0.536841
84647: 0.536835
84648: 0.53684
84649: 0.536846
84650: 0.536839
84651: 0.536845
84652: 0.53685
84653: 0.536844
84654: 0.536838
84655: 0.536843
84656: 0.536849
84657: 0.536854
84658: 0.53686
84659: 0.536853
84660: 0.536859
84661: 0.536852
84662: 0.536846
84663: 0.536852
84664: 0.536845
84665: 0.536839
84666: 0.536844
84667: 0.536838
84668: 0.536843
84669: 0.536849
84670: 0.536854
84671: 0.536848
84672: 0.536854
84673: 0.536859
84674: 0.536864
84675: 0.53687
84676: 0.536875
84677: 0.536881
84678: 0.536875
84679: 0.536868
84680: 0.536862
84681: 0.536856
84682: 0.536861
84683: 0.536855
84684: 0.536848
84685: 0.536854
84686: 0.536859
84687: 0.536865
84688: 0.53687
84689: 0.536864
84690: 0.536858
84691: 0.536863
84692: 0.536857
84693: 0.53685
84694: 0.536844
84695: 0.536838
84696: 0.536831
84697: 0.536837
84698: 0.536842
84699: 0.536836
84700: 0.536841
84701: 0.536835
84702: 0.53684
84703: 0.536846
84704: 0.53684
84705: 0.536833
84706: 0.536839
84707: 0.536832
84708: 0.536838
84709: 0.536832
84710: 0.536825
84711: 0.536819
84712: 0.536813
84713: 0.536806
84714: 0.5368
84715: 0.536805
84716: 0.536799
84717: 0.536804
84718: 0.53681
84719: 0.536815
84720: 0.536809
84721: 0.536815
84722: 0.53682
84723: 0.536825
84724: 0.536831
84725: 0.536825
84726: 0.53683
84727: 0.536836
84728: 0.536829
84729: 0.536835
84730: 0.53684
84731: 0.536846
84732: 0.536851
84733: 0.536857
84734: 0.536862
84735: 0.536867
84736: 0.536873
84737: 0.536867
84738: 0.53686
84739: 0.536866
84740: 0.536871
84741: 0.536865
84742: 0.536859
84743: 0.536864
84744: 0.536869
84745: 0.536875
84746: 0.53688
84747: 0.536874
84748: 0.536879
84749: 0.536873
84750: 0.536879
84751: 0.536884
84752: 0.536878
84753: 0.536871
84754: 0.536865
84755: 0.536871
84756: 0.536864
84757: 0.536858
84758: 0.536852
84759: 0.536857
84760: 0.536862
84761: 0.536856
84762: 0.53685
84763: 0.536843
84764: 0.536837
84765: 0.536843
84766: 0.536848
84767: 0.536842
84768: 0.536835
84769: 0.536829
84770: 0.536835
84771: 0.53684
84772: 0.536845
84773: 0.536851
84774: 0.536856
84775: 0.53685
84776: 0.536844
84777: 0.536837
84778: 0.536831
84779: 0.536837
84780: 0.53683
84781: 0.536836
84782: 0.536841
84783: 0.536835
84784: 0.53684
84785: 0.536846
84786: 0.536851
84787: 0.536845
84788: 0.53685
84789: 0.536844
84790: 0.536838
84791: 0.536831
84792: 0.536825
84793: 0.53683
84794: 0.536824
84795: 0.53683
84796: 0.536835
84797: 0.536829
84798: 0.536834
84799: 0.53684
84800: 0.536845
84801: 0.536839
84802: 0.536844
84803: 0.53685
84804: 0.536855
84805: 0.536861
84806: 0.536854
84807: 0.53686
84808: 0.536853
84809: 0.536859
84810: 0.536864
84811: 0.53687
84812: 0.536875
84813: 0.536881
84814: 0.536874
84815: 0.536868
84816: 0.536874
84817: 0.536879
84818: 0.536873
84819: 0.536866
84820: 0.536872
84821: 0.536877
84822: 0.536883
84823: 0.536876
84824: 0.536882
84825: 0.536887
84826: 0.536881
84827: 0.536875
84828: 0.53688
84829: 0.536886
84830: 0.536891
84831: 0.536885
84832: 0.53689
84833: 0.536896
84834: 0.536889
84835: 0.536883
84836: 0.536888
84837: 0.536894
84838: 0.536899
84839: 0.536905
84840: 0.53691
84841: 0.536916
84842: 0.536921
84843: 0.536915
84844: 0.536908
84845: 0.536914
84846: 0.536919
84847: 0.536925
84848: 0.536919
84849: 0.536912
84850: 0.536906
84851: 0.5369
84852: 0.536905
84853: 0.536899
84854: 0.536892
84855: 0.536886
84856: 0.536891
84857: 0.536897
84858: 0.536902
84859: 0.536908
84860: 0.536902
84861: 0.536895
84862: 0.536901
84863: 0.536894
84864: 0.536888
84865: 0.536893
84866: 0.536899
84867: 0.536893
84868: 0.536898
84869: 0.536892
84870: 0.536885
84871: 0.536891
84872: 0.536896
84873: 0.536902
84874: 0.536895
84875: 0.536901
84876: 0.536906
84877: 0.536912
84878: 0.536905
84879: 0.536899
84880: 0.536905
84881: 0.53691
84882: 0.536916
84883: 0.536909
84884: 0.536915
84885: 0.536908
84886: 0.536902
84887: 0.536896
84888: 0.536901
84889: 0.536907
84890: 0.5369
84891: 0.536906
84892: 0.536911
84893: 0.536905
84894: 0.536899
84895: 0.536892
84896: 0.536898
84897: 0.536903
84898: 0.536897
84899: 0.536902
84900: 0.536908
84901: 0.536913
84902: 0.536919
84903: 0.536924
84904: 0.53693
84905: 0.536923
84906: 0.536929
84907: 0.536934
84908: 0.53694
84909: 0.536945
84910: 0.536939
84911: 0.536944
84912: 0.53695
84913: 0.536955
84914: 0.536949
84915: 0.536942
84916: 0.536948
84917: 0.536953
84918: 0.536947
84919: 0.536952
84920: 0.536946
84921: 0.536952
84922: 0.536957
84923: 0.536951
84924: 0.536956
84925: 0.536962
84926: 0.536967
84927: 0.536961
84928: 0.536966
84929: 0.53696
84930: 0.536965
84931: 0.536959
84932: 0.536964
84933: 0.53697
84934: 0.536975
84935: 0.536969
84936: 0.536974
84937: 0.53698
84938: 0.536974
84939: 0.536967
84940: 0.536961
84941: 0.536966
84942: 0.536972
84943: 0.536977
84944: 0.536971
84945: 0.536976
84946: 0.53697
84947: 0.536964
84948: 0.536957
84949: 0.536963
84950: 0.536968
84951: 0.536962
84952: 0.536956
84953: 0.536949
84954: 0.536955
84955: 0.53696
84956: 0.536966
84957: 0.536959
84958: 0.536965
84959: 0.53697
84960: 0.536964
84961: 0.536958
84962: 0.536951
84963: 0.536945
84964: 0.536951
84965: 0.536944
84966: 0.53695
84967: 0.536955
84968: 0.536961
84969: 0.536966
84970: 0.53696
84971: 0.536965
84972: 0.536971
84973: 0.536964
84974: 0.53697
84975: 0.536975
84976: 0.536981
84977: 0.536974
84978: 0.536968
84979: 0.536973
84980: 0.536967
84981: 0.536973
84982: 0.536978
84983: 0.536983
84984: 0.536977
84985: 0.536971
84986: 0.536964
84987: 0.53697
84988: 0.536964
84989: 0.536969
84990: 0.536975
84991: 0.53698
84992: 0.536974
84993: 0.536967
84994: 0.536973
84995: 0.536966
84996: 0.536972
84997: 0.536977
84998: 0.536983
84999: 0.536976
85000: 0.536982
85001: 0.536976
85002: 0.536981
85003: 0.536986
85004: 0.536992
85005: 0.536997
85006: 0.537003
85007: 0.537008
85008: 0.537002
85009: 0.536996
85010: 0.536989
85011: 0.536995
85012: 0.536988
85013: 0.536982
85014: 0.536988
85015: 0.536993
85016: 0.536987
85017: 0.536992
85018: 0.536998
85019: 0.536991
85020: 0.536997
85021: 0.537002
85022: 0.537008
85023: 0.537013
85024: 0.537007
85025: 0.537012
85026: 0.537006
85027: 0.537011
85028: 0.537005
85029: 0.53701
85030: 0.537004
85031: 0.536998
85032: 0.536992
85033: 0.536997
85034: 0.536991
85035: 0.536984
85036: 0.53699
85037: 0.536995
85038: 0.536989
85039: 0.536983
85040: 0.536976
85041: 0.536982
85042: 0.536987
85043: 0.536981
85044: 0.536975
85045: 0.53698
85046: 0.536974
85047: 0.536967
85048: 0.536961
85049: 0.536966
85050: 0.536972
85051: 0.536977
85052: 0.536971
85053: 0.536965
85054: 0.536958
85055: 0.536964
85056: 0.536969
85057: 0.536975
85058: 0.536968
85059: 0.536974
85060: 0.536968
85061: 0.536961
85062: 0.536955
85063: 0.53696
85064: 0.536966
85065: 0.536971
85066: 0.536977
85067: 0.536982
85068: 0.536988
85069: 0.536993
85070: 0.536999
85071: 0.537004
85072: 0.537009
85073: 0.537003
85074: 0.536997
85075: 0.53699
85076: 0.536984
85077: 0.536978
85078: 0.536972
85079: 0.536965
85080: 0.536959
85081: 0.536953
85082: 0.536958
85083: 0.536952
85084: 0.536945
85085: 0.536939
85086: 0.536933
85087: 0.536926
85088: 0.536932
85089: 0.536937
85090: 0.536931
85091: 0.536925
85092: 0.536918
85093: 0.536924
85094: 0.536929
85095: 0.536935
85096: 0.536928
85097: 0.536934
85098: 0.536939
85099: 0.536933
85100: 0.536938
85101: 0.536944
85102: 0.536938
85103: 0.536931
85104: 0.536937
85105: 0.53693
85106: 0.536924
85107: 0.536918
85108: 0.536911
85109: 0.536905
85110: 0.536899
85111: 0.536893
85112: 0.536898
85113: 0.536903
85114: 0.536909
85115: 0.536914
85116: 0.53692
85117: 0.536925
85118: 0.536931
85119: 0.536936
85120: 0.536942
85121: 0.536947
85122: 0.536941
85123: 0.536934
85124: 0.53694
85125: 0.536945
85126: 0.536939
85127: 0.536933
85128: 0.536926
85129: 0.536932
85130: 0.536925
85131: 0.536919
85132: 0.536925
85133: 0.53693
85134: 0.536924
85135: 0.536917
85136: 0.536911
85137: 0.536917
85138: 0.53691
85139: 0.536916
85140: 0.536921
85141: 0.536927
85142: 0.536932
85143: 0.536937
85144: 0.536931
85145: 0.536925
85146: 0.536919
85147: 0.536912
85148: 0.536918
85149: 0.536911
85150: 0.536905
85151: 0.53691
85152: 0.536916
85153: 0.53691
85154: 0.536915
85155: 0.536909
85156: 0.536902
85157: 0.536908
85158: 0.536913
85159: 0.536907
85160: 0.536912
85161: 0.536918
85162: 0.536912
85163: 0.536917
85164: 0.536911
85165: 0.536916
85166: 0.53691
85167: 0.536904
85168: 0.536909
85169: 0.536903
85170: 0.536908
85171: 0.536902
85172: 0.536895
85173: 0.536901
85174: 0.536895
85175: 0.5369
85176: 0.536906
85177: 0.536899
85178: 0.536893
85179: 0.536898
85180: 0.536904
85181: 0.536909
85182: 0.536903
85183: 0.536908
85184: 0.536914
85185: 0.536919
85186: 0.536925
85187: 0.53693
85188: 0.536936
85189: 0.536941
85190: 0.536935
85191: 0.536928
85192: 0.536922
85193: 0.536927
85194: 0.536921
85195: 0.536927
85196: 0.53692
85197: 0.536914
85198: 0.536919
85199: 0.536913
85200: 0.536919
85201: 0.536912
85202: 0.536906
85203: 0.5369
85204: 0.536905
85205: 0.536899
85206: 0.536893
85207: 0.536898
85208: 0.536903
85209: 0.536909
85210: 0.536914
85211: 0.53692
85212: 0.536913
85213: 0.536907
85214: 0.536901
85215: 0.536906
85216: 0.536912
85217: 0.536917
85218: 0.536911
85219: 0.536916
85220: 0.536922
85221: 0.536927
85222: 0.536933
85223: 0.536926
85224: 0.53692
85225: 0.536914
85226: 0.536907
85227: 0.536901
85228: 0.536906
85229: 0.5369
85230: 0.536894
85231: 0.536899
85232: 0.536905
85233: 0.53691
85234: 0.536916
85235: 0.536909
85236: 0.536903
85237: 0.536897
85238: 0.536902
85239: 0.536908
85240: 0.536913
85241: 0.536918
85242: 0.536912
85243: 0.536918
85244: 0.536923
85245: 0.536917
85246: 0.536922
85247: 0.536916
85248: 0.53691
85249: 0.536915
85250: 0.53692
85251: 0.536926
85252: 0.536931
85253: 0.536937
85254: 0.536942
85255: 0.536948
85256: 0.536941
85257: 0.536935
85258: 0.53694
85259: 0.536946
85260: 0.536951
85261: 0.536957
85262: 0.536962
85263: 0.536968
85264: 0.536973
85265: 0.536978
85266: 0.536984
85267: 0.536978
85268: 0.536971
85269: 0.536965
85270: 0.536959
85271: 0.536952
85272: 0.536958
85273: 0.536963
85274: 0.536969
85275: 0.536974
85276: 0.536968
85277: 0.536961
85278: 0.536967
85279: 0.536961
85280: 0.536966
85281: 0.536971
85282: 0.536977
85283: 0.536982
85284: 0.536988
85285: 0.536981
85286: 0.536975
85287: 0.536969
85288: 0.536963
85289: 0.536968
85290: 0.536973
85291: 0.536979
85292: 0.536984
85293: 0.53699
85294: 0.536983
85295: 0.536989
85296: 0.536994
85297: 0.537
85298: 0.536993
85299: 0.536999
85300: 0.537004
85301: 0.536998
85302: 0.536992
85303: 0.536997
85304: 0.536991
85305: 0.536996
85306: 0.53699
85307: 0.536995
85308: 0.536989
85309: 0.536994
85310: 0.537
85311: 0.537005
85312: 0.537011
85313: 0.537016
85314: 0.53701
85315: 0.537015
85316: 0.537009
85317: 0.537014
85318: 0.53702
85319: 0.537014
85320: 0.537007
85321: 0.537013
85322: 0.537018
85323: 0.537012
85324: 0.537006
85325: 0.537011
85326: 0.537005
85327: 0.53701
85328: 0.537004
85329: 0.536998
85330: 0.536991
85331: 0.536997
85332: 0.537002
85333: 0.536996
85334: 0.53699
85335: 0.536983
85336: 0.536977
85337: 0.536971
85338: 0.536964
85339: 0.53697
85340: 0.536963
85341: 0.536957
85342: 0.536963
85343: 0.536968
85344: 0.536962
85345: 0.536967
85346: 0.536973
85347: 0.536978
85348: 0.536983
85349: 0.536989
85350: 0.536994
85351: 0.537
85352: 0.537005
85353: 0.537011
85354: 0.537016
85355: 0.537021
85356: 0.537027
85357: 0.537021
85358: 0.537014
85359: 0.537008
85360: 0.537002
85361: 0.536995
85362: 0.536989
85363: 0.536995
85364: 0.537
85365: 0.537005
85366: 0.537011
85367: 0.537016
85368: 0.537022
85369: 0.537027
85370: 0.537032
85371: 0.537026
85372: 0.53702
85373: 0.537025
85374: 0.537019
85375: 0.537024
85376: 0.537018
85377: 0.537024
85378: 0.537017
85379: 0.537011
85380: 0.537016
85381: 0.537022
85382: 0.537027
85383: 0.537033
85384: 0.537026
85385: 0.537032
85386: 0.537037
85387: 0.537043
85388: 0.537036
85389: 0.53703
85390: 0.537036
85391: 0.537041
85392: 0.537035
85393: 0.53704
85394: 0.537034
85395: 0.537027
85396: 0.537021
85397: 0.537027
85398: 0.53702
85399: 0.537014
85400: 0.537019
85401: 0.537025
85402: 0.537019
85403: 0.537012
85404: 0.537006
85405: 0.537011
85406: 0.537017
85407: 0.537022
85408: 0.537028
85409: 0.537021
85410: 0.537015
85411: 0.537021
85412: 0.537026
85413: 0.53702
85414: 0.537025
85415: 0.537031
85416: 0.537036
85417: 0.537041
85418: 0.537047
85419: 0.537041
85420: 0.537046
85421: 0.537051
85422: 0.537045
85423: 0.537039
85424: 0.537044
85425: 0.53705
85426: 0.537055
85427: 0.53706
85428: 0.537054
85429: 0.537048
85430: 0.537042
85431: 0.537035
85432: 0.537041
85433: 0.537046
85434: 0.53704
85435: 0.537034
85436: 0.537039
85437: 0.537044
85438: 0.53705
85439: 0.537055
85440: 0.537061
85441: 0.537066
85442: 0.537071
85443: 0.537077
85444: 0.537071
85445: 0.537064
85446: 0.53707
85447: 0.537075
85448: 0.537069
85449: 0.537063
85450: 0.537056
85451: 0.53705
85452: 0.537055
85453: 0.537061
85454: 0.537066
85455: 0.537072
85456: 0.537065
85457: 0.537059
85458: 0.537065
85459: 0.53707
85460: 0.537075
85461: 0.537069
85462: 0.537063
85463: 0.537068
85464: 0.537074
85465: 0.537079
85466: 0.537084
85467: 0.53709
85468: 0.537084
85469: 0.537089
85470: 0.537083
85471: 0.537076
85472: 0.537082
85473: 0.537087
85474: 0.537093
85475: 0.537098
85476: 0.537104
85477: 0.537109
85478: 0.537103
85479: 0.537108
85480: 0.537114
85481: 0.537107
85482: 0.537101
85483: 0.537106
85484: 0.537112
85485: 0.537117
85486: 0.537111
85487: 0.537116
85488: 0.53711
85489: 0.537104
85490: 0.537097
85491: 0.537103
85492: 0.537108
85493: 0.537114
85494: 0.537107
85495: 0.537113
85496: 0.537118
85497: 0.537112
85498: 0.537106
85499: 0.537099
85500: 0.537105
85501: 0.537099
85502: 0.537092
85503: 0.537086
85504: 0.53708
85505: 0.537085
85506: 0.537091
85507: 0.537096
85508: 0.53709
85509: 0.537083
85510: 0.537089
85511: 0.537083
85512: 0.537076
85513: 0.53707
85514: 0.537075
85515: 0.537081
85516: 0.537074
85517: 0.537068
85518: 0.537062
85519: 0.537056
85520: 0.537061
85521: 0.537066
85522: 0.537072
85523: 0.537066
85524: 0.537059
85525: 0.537065
85526: 0.53707
85527: 0.537076
85528: 0.537069
85529: 0.537063
85530: 0.537057
85531: 0.53705
85532: 0.537056
85533: 0.537061
85534: 0.537055
85535: 0.537049
85536: 0.537054
85537: 0.53706
85538: 0.537065
85539: 0.53707
85540: 0.537064
85541: 0.537058
85542: 0.537052
85543: 0.537057
85544: 0.537062
85545: 0.537056
85546: 0.537061
85547: 0.537055
85548: 0.537049
85549: 0.537054
85550: 0.537048
85551: 0.537042
85552: 0.537047
85553: 0.537053
85554: 0.537058
85555: 0.537052
85556: 0.537057
85557: 0.537063
85558: 0.537068
85559: 0.537062
85560: 0.537067
85561: 0.537073
85562: 0.537066
85563: 0.53706
85564: 0.537065
85565: 0.537059
85566: 0.537065
85567: 0.537058
85568: 0.537064
85569: 0.537069
85570: 0.537063
85571: 0.537068
85572: 0.537074
85573: 0.537079
85574: 0.537084
85575: 0.537078
85576: 0.537084
85577: 0.537089
85578: 0.537083
85579: 0.537076
85580: 0.537082
85581: 0.537087
85582: 0.537093
85583: 0.537086
85584: 0.53708
85585: 0.537086
85586: 0.537079
85587: 0.537073
85588: 0.537067
85589: 0.53706
85590: 0.537066
85591: 0.53706
85592: 0.537053
85593: 0.537059
85594: 0.537064
85595: 0.537069
85596: 0.537063
85597: 0.537057
85598: 0.537062
85599: 0.537068
85600: 0.537061
85601: 0.537067
85602: 0.537072
85603: 0.537078
85604: 0.537083
85605: 0.537089
85606: 0.537094
85607: 0.537099
85608: 0.537093
85609: 0.537098
85610: 0.537104
85611: 0.537109
85612: 0.537103
85613: 0.537108
85614: 0.537102
85615: 0.537108
85616: 0.537101
85617: 0.537095
85618: 0.5371
85619: 0.537094
85620: 0.537088
85621: 0.537082
85622: 0.537087
85623: 0.537081
85624: 0.537074
85625: 0.53708
85626: 0.537085
85627: 0.537079
85628: 0.537084
85629: 0.53709
85630: 0.537095
85631: 0.537089
85632: 0.537083
85633: 0.537088
85634: 0.537093
85635: 0.537099
85636: 0.537093
85637: 0.537086
85638: 0.537092
85639: 0.537097
85640: 0.537091
85641: 0.537085
85642: 0.53709
85643: 0.537095
85644: 0.537089
85645: 0.537095
85646: 0.5371
85647: 0.537105
85648: 0.537111
85649: 0.537104
85650: 0.537098
85651: 0.537104
85652: 0.537109
85653: 0.537114
85654: 0.537108
85655: 0.537102
85656: 0.537096
85657: 0.537101
85658: 0.537095
85659: 0.537088
85660: 0.537094
85661: 0.537099
85662: 0.537105
85663: 0.53711
85664: 0.537116
85665: 0.537121
85666: 0.537126
85667: 0.53712
85668: 0.537125
85669: 0.537119
85670: 0.537113
85671: 0.537107
85672: 0.5371
85673: 0.537094
85674: 0.537088
85675: 0.537082
85676: 0.537087
85677: 0.537092
85678: 0.537086
85679: 0.537092
85680: 0.537097
85681: 0.537102
85682: 0.537096
85683: 0.537101
85684: 0.537095
85685: 0.537089
85686: 0.537094
85687: 0.5371
85688: 0.537105
85689: 0.537111
85690: 0.537116
85691: 0.537121
85692: 0.537127
85693: 0.537132
85694: 0.537138
85695: 0.537131
85696: 0.537137
85697: 0.537142
85698: 0.537147
85699: 0.537141
85700: 0.537147
85701: 0.537152
85702: 0.537157
85703: 0.537151
85704: 0.537145
85705: 0.53715
85706: 0.537156
85707: 0.537149
85708: 0.537143
85709: 0.537137
85710: 0.537142
85711: 0.537148
85712: 0.537141
85713: 0.537147
85714: 0.537152
85715: 0.537146
85716: 0.537151
85717: 0.537157
85718: 0.53715
85719: 0.537156
85720: 0.537161
85721: 0.537155
85722: 0.53716
85723: 0.537166
85724: 0.53716
85725: 0.537153
85726: 0.537159
85727: 0.537164
85728: 0.537169
85729: 0.537175
85730: 0.537169
85731: 0.537174
85732: 0.537168
85733: 0.537161
85734: 0.537167
85735: 0.537172
85736: 0.537178
85737: 0.537183
85738: 0.537177
85739: 0.537171
85740: 0.537176
85741: 0.537181
85742: 0.537175
85743: 0.53718
85744: 0.537186
85745: 0.537191
85746: 0.537197
85747: 0.537202
85748: 0.537196
85749: 0.537201
85750: 0.537207
85751: 0.5372
85752: 0.537206
85753: 0.537199
85754: 0.537205
85755: 0.53721
85756: 0.537204
85757: 0.537209
85758: 0.537215
85759: 0.53722
85760: 0.537226
85761: 0.537231
85762: 0.537225
85763: 0.537218
85764: 0.537224
85765: 0.537218
85766: 0.537223
85767: 0.537217
85768: 0.53721
85769: 0.537216
85770: 0.537221
85771: 0.537227
85772: 0.537232
85773: 0.537226
85774: 0.537231
85775: 0.537225
85776: 0.53723
85777: 0.537224
85778: 0.537218
85779: 0.537223
85780: 0.537229
85781: 0.537234
85782: 0.537228
85783: 0.537221
85784: 0.537215
85785: 0.537209
85786: 0.537203
85787: 0.537196
85788: 0.537202
85789: 0.537207
85790: 0.537213
85791: 0.537218
85792: 0.537223
85793: 0.537217
85794: 0.537222
85795: 0.537228
85796: 0.537222
85797: 0.537227
85798: 0.537232
85799: 0.537226
85800: 0.537232
85801: 0.537237
85802: 0.537242
85803: 0.537248
85804: 0.537253
85805: 0.537258
85806: 0.537264
85807: 0.537269
85808: 0.537275
85809: 0.53728
85810: 0.537274
85811: 0.537279
85812: 0.537273
85813: 0.537278
85814: 0.537284
85815: 0.537289
85816: 0.537294
85817: 0.537288
85818: 0.537282
85819: 0.537287
85820: 0.537293
85821: 0.537286
85822: 0.53728
85823: 0.537286
85824: 0.537291
85825: 0.537296
85826: 0.53729
85827: 0.537296
85828: 0.537301
85829: 0.537295
85830: 0.5373
85831: 0.537305
85832: 0.537311
85833: 0.537305
85834: 0.537298
85835: 0.537292
85836: 0.537297
85837: 0.537303
85838: 0.537297
85839: 0.537302
85840: 0.537296
85841: 0.537289
85842: 0.537283
85843: 0.537277
85844: 0.537271
85845: 0.537276
85846: 0.53727
85847: 0.537275
85848: 0.537269
85849: 0.537263
85850: 0.537268
85851: 0.537262
85852: 0.537267
85853: 0.537261
85854: 0.537255
85855: 0.53726
85856: 0.537254
85857: 0.537259
85858: 0.537253
85859: 0.537247
85860: 0.53724
85861: 0.537246
85862: 0.53724
85863: 0.537233
85864: 0.537227
85865: 0.537221
85866: 0.537226
85867: 0.537232
85868: 0.537237
85869: 0.537242
85870: 0.537248
85871: 0.537253
85872: 0.537259
85873: 0.537264
85874: 0.537269
85875: 0.537275
85876: 0.537268
85877: 0.537274
85878: 0.537268
85879: 0.537273
85880: 0.537278
85881: 0.537284
85882: 0.537289
85883: 0.537294
85884: 0.537288
85885: 0.537294
85886: 0.537299
85887: 0.537304
85888: 0.53731
85889: 0.537315
85890: 0.537321
85891: 0.537326
85892: 0.53732
85893: 0.537325
85894: 0.53733
85895: 0.537336
85896: 0.53733
85897: 0.537335
85898: 0.537329
85899: 0.537322
85900: 0.537316
85901: 0.537322
85902: 0.537327
85903: 0.537321
85904: 0.537314
85905: 0.53732
85906: 0.537314
85907: 0.537307
85908: 0.537313
85909: 0.537306
85910: 0.537312
85911: 0.537306
85912: 0.537311
85913: 0.537316
85914: 0.537322
85915: 0.537327
85916: 0.537321
85917: 0.537315
85918: 0.537308
85919: 0.537302
85920: 0.537296
85921: 0.537301
85922: 0.537295
85923: 0.5373
85924: 0.537294
85925: 0.5373
85926: 0.537293
85927: 0.537299
85928: 0.537292
85929: 0.537298
85930: 0.537292
85931: 0.537285
85932: 0.537279
85933: 0.537273
85934: 0.537278
85935: 0.537284
85936: 0.537289
85937: 0.537283
85938: 0.537288
85939: 0.537282
85940: 0.537287
85941: 0.537293
85942: 0.537298
85943: 0.537303
85944: 0.537309
85945: 0.537314
85946: 0.53732
85947: 0.537325
85948: 0.53733
85949: 0.537324
85950: 0.537329
85951: 0.537335
85952: 0.537329
85953: 0.537334
85954: 0.537339
85955: 0.537345
85956: 0.53735
85957: 0.537344
85958: 0.537349
85959: 0.537355
85960: 0.537348
85961: 0.537354
85962: 0.537359
85963: 0.537364
85964: 0.53737
85965: 0.537375
85966: 0.537369
85967: 0.537374
85968: 0.53738
85969: 0.537385
85970: 0.537391
85971: 0.537384
85972: 0.53739
85973: 0.537383
85974: 0.537377
85975: 0.537383
85976: 0.537376
85977: 0.537382
85978: 0.537375
85979: 0.537369
85980: 0.537363
85981: 0.537368
85982: 0.537362
85983: 0.537367
85984: 0.537361
85985: 0.537367
85986: 0.537372
85987: 0.537366
85988: 0.537359
85989: 0.537365
85990: 0.53737
85991: 0.537376
85992: 0.537381
85993: 0.537386
85994: 0.537392
85995: 0.537385
85996: 0.537379
85997: 0.537373
85998: 0.537367
85999: 0.537372
86000: 0.537377
86001: 0.537371
86002: 0.537365
86003: 0.53737
86004: 0.537376
86005: 0.537369
86006: 0.537375
86007: 0.53738
86008: 0.537386
86009: 0.537391
86010: 0.537396
86011: 0.537402
86012: 0.537407
86013: 0.537413
86014: 0.537418
86015: 0.537412
86016: 0.537417
86017: 0.537422
86018: 0.537428
86019: 0.537433
86020: 0.537427
86021: 0.537421
86022: 0.537414
86023: 0.53742
86024: 0.537414
86025: 0.537419
86026: 0.537413
86027: 0.537418
86028: 0.537412
86029: 0.537417
86030: 0.537423
86031: 0.537428
86032: 0.537433
86033: 0.537439
86034: 0.537444
86035: 0.537449
86036: 0.537455
86037: 0.53746
86038: 0.537454
86039: 0.537448
86040: 0.537441
86041: 0.537435
86042: 0.537429
86043: 0.537423
86044: 0.537416
86045: 0.537422
86046: 0.537427
86047: 0.537433
86048: 0.537438
86049: 0.537432
86050: 0.537437
86051: 0.537431
86052: 0.537436
86053: 0.53743
86054: 0.537424
86055: 0.537429
86056: 0.537423
86057: 0.537428
86058: 0.537434
86059: 0.537427
86060: 0.537433
86061: 0.537427
86062: 0.53742
86063: 0.537426
86064: 0.537419
86065: 0.537413
86066: 0.537419
86067: 0.537424
86068: 0.537429
86069: 0.537435
86070: 0.53744
86071: 0.537445
86072: 0.537451
86073: 0.537445
86074: 0.53745
86075: 0.537444
86076: 0.537437
86077: 0.537431
86078: 0.537437
86079: 0.537442
86080: 0.537447
86081: 0.537453
86082: 0.537446
86083: 0.537452
86084: 0.537457
86085: 0.537451
86086: 0.537445
86087: 0.53745
86088: 0.537455
86089: 0.537461
86090: 0.537466
86091: 0.537472
86092: 0.537465
86093: 0.537471
86094: 0.537476
86095: 0.537481
86096: 0.537487
86097: 0.537492
86098: 0.537486
86099: 0.537491
86100: 0.537485
86101: 0.537479
86102: 0.537484
86103: 0.537478
86104: 0.537483
86105: 0.537489
86106: 0.537494
86107: 0.537499
86108: 0.537493
86109: 0.537487
86110: 0.537481
86111: 0.537486
86112: 0.537491
86113: 0.537497
86114: 0.537491
86115: 0.537484
86116: 0.537478
86117: 0.537472
86118: 0.537477
86119: 0.537471
86120: 0.537465
86121: 0.537458
86122: 0.537452
86123: 0.537446
86124: 0.53744
86125: 0.537434
86126: 0.537439
86127: 0.537444
86128: 0.537438
86129: 0.537432
86130: 0.537426
86131: 0.537431
86132: 0.537425
86133: 0.53743
86134: 0.537435
86135: 0.537429
86136: 0.537435
86137: 0.53744
86138: 0.537434
86139: 0.537427
86140: 0.537433
86141: 0.537427
86142: 0.537432
86143: 0.537437
86144: 0.537443
86145: 0.537448
86146: 0.537442
86147: 0.537447
86148: 0.537453
86149: 0.537446
86150: 0.537452
86151: 0.537457
86152: 0.537451
86153: 0.537445
86154: 0.53745
86155: 0.537455
86156: 0.537461
86157: 0.537454
86158: 0.537448
86159: 0.537442
86160: 0.537447
86161: 0.537441
86162: 0.537446
86163: 0.53744
86164: 0.537434
86165: 0.537428
86166: 0.537422
86167: 0.537415
86168: 0.537409
86169: 0.537414
86170: 0.53742
86171: 0.537425
86172: 0.537431
86173: 0.537436
86174: 0.53743
86175: 0.537423
86176: 0.537429
86177: 0.537434
86178: 0.537428
86179: 0.537422
86180: 0.537427
86181: 0.537432
86182: 0.537438
86183: 0.537443
86184: 0.537437
86185: 0.537442
86186: 0.537448
86187: 0.537441
86188: 0.537435
86189: 0.537441
86190: 0.537434
86191: 0.537428
86192: 0.537433
86193: 0.537427
86194: 0.537433
86195: 0.537438
86196: 0.537443
86197: 0.537437
86198: 0.537431
86199: 0.537436
86200: 0.53743
86201: 0.537435
86202: 0.537441
86203: 0.537434
86204: 0.53744
86205: 0.537445
86206: 0.537439
86207: 0.537444
86208: 0.53745
86209: 0.537455
86210: 0.53746
86211: 0.537466
86212: 0.537471
86213: 0.537477
86214: 0.537482
86215: 0.537487
86216: 0.537493
86217: 0.537486
86218: 0.53748
86219: 0.537474
86220: 0.537479
86221: 0.537473
86222: 0.537467
86223: 0.537461
86224: 0.537466
86225: 0.537471
86226: 0.537465
86227: 0.53747
86228: 0.537464
86229: 0.537458
86230: 0.537463
86231: 0.537469
86232: 0.537462
86233: 0.537456
86234: 0.537462
86235: 0.537467
86236: 0.537472
86237: 0.537478
86238: 0.537483
86239: 0.537488
86240: 0.537494
86241: 0.537499
86242: 0.537504
86243: 0.53751
86244: 0.537515
86245: 0.537509
86246: 0.537503
86247: 0.537508
86248: 0.537513
86249: 0.537519
86250: 0.537524
86251: 0.53753
86252: 0.537523
86253: 0.537529
86254: 0.537522
86255: 0.537516
86256: 0.53751
86257: 0.537504
86258: 0.537509
86259: 0.537514
86260: 0.537508
86261: 0.537514
86262: 0.537519
86263: 0.537524
86264: 0.537518
86265: 0.537512
86266: 0.537506
86267: 0.537511
86268: 0.537505
86269: 0.53751
86270: 0.537516
86271: 0.537509
86272: 0.537503
86273: 0.537508
86274: 0.537502
86275: 0.537496
86276: 0.537501
86277: 0.537507
86278: 0.537512
86279: 0.537506
86280: 0.5375
86281: 0.537493
86282: 0.537499
86283: 0.537504
86284: 0.537498
86285: 0.537503
86286: 0.537509
86287: 0.537514
86288: 0.537508
86289: 0.537501
86290: 0.537507
86291: 0.537501
86292: 0.537494
86293: 0.5375
86294: 0.537493
86295: 0.537487
86296: 0.537493
86297: 0.537498
86298: 0.537492
86299: 0.537497
86300: 0.537502
86301: 0.537508
86302: 0.537513
86303: 0.537507
86304: 0.537501
86305: 0.537506
86306: 0.5375
86307: 0.537494
86308: 0.537487
86309: 0.537481
86310: 0.537475
86311: 0.53748
86312: 0.537486
86313: 0.537491
86314: 0.537496
86315: 0.53749
86316: 0.537484
86317: 0.537478
86318: 0.537483
86319: 0.537488
86320: 0.537482
86321: 0.537488
86322: 0.537481
86323: 0.537475
86324: 0.53748
86325: 0.537486
86326: 0.537491
86327: 0.537485
86328: 0.53749
86329: 0.537484
86330: 0.537489
86331: 0.537483
86332: 0.537477
86333: 0.537482
86334: 0.537488
86335: 0.537481
86336: 0.537475
86337: 0.537469
86338: 0.537474
86339: 0.537468
86340: 0.537462
86341: 0.537456
86342: 0.537461
86343: 0.537455
86344: 0.53746
86345: 0.537466
86346: 0.537471
86347: 0.537476
86348: 0.537482
86349: 0.537487
86350: 0.537492
86351: 0.537498
86352: 0.537491
86353: 0.537485
86354: 0.537479
86355: 0.537473
86356: 0.537467
86357: 0.53746
86358: 0.537466
86359: 0.537459
86360: 0.537465
86361: 0.537459
86362: 0.537464
86363: 0.537458
86364: 0.537452
86365: 0.537457
86366: 0.537462
86367: 0.537456
86368: 0.537461
86369: 0.537455
86370: 0.537449
86371: 0.537443
86372: 0.537436
86373: 0.53743
86374: 0.537436
86375: 0.537429
86376: 0.537423
86377: 0.537429
86378: 0.537422
86379: 0.537428
86380: 0.537421
86381: 0.537427
86382: 0.537432
86383: 0.537437
86384: 0.537443
86385: 0.537437
86386: 0.537442
86387: 0.537447
86388: 0.537441
86389: 0.537446
86390: 0.537452
86391: 0.537457
86392: 0.537451
86393: 0.537456
86394: 0.53745
86395: 0.537455
86396: 0.537461
86397: 0.537455
86398: 0.537448
86399: 0.537442
86400: 0.537436
86401: 0.537441
86402: 0.537435
86403: 0.53744
86404: 0.537446
86405: 0.537451
86406: 0.537445
86407: 0.537439
86408: 0.537432
86409: 0.537426
86410: 0.537432
86411: 0.537425
86412: 0.537431
86413: 0.537436
86414: 0.53743
86415: 0.537435
86416: 0.537429
86417: 0.537434
86418: 0.537428
86419: 0.537433
86420: 0.537427
86421: 0.537433
86422: 0.537438
86423: 0.537443
86424: 0.537437
86425: 0.537431
86426: 0.537425
86427: 0.537418
86428: 0.537412
86429: 0.537418
86430: 0.537423
86431: 0.537417
86432: 0.537422
86433: 0.537416
86434: 0.53741
86435: 0.537415
86436: 0.53742
86437: 0.537426
86438: 0.537431
86439: 0.537436
86440: 0.53743
86441: 0.537436
86442: 0.537441
86443: 0.537446
86444: 0.53744
86445: 0.537445
86446: 0.537439
86447: 0.537433
86448: 0.537427
86449: 0.537432
86450: 0.537437
86451: 0.537443
86452: 0.537448
86453: 0.537453
86454: 0.537459
86455: 0.537453
86456: 0.537446
86457: 0.537452
86458: 0.537457
86459: 0.537462
86460: 0.537468
86461: 0.537473
86462: 0.537478
86463: 0.537484
86464: 0.537489
86465: 0.537495
86466: 0.5375
86467: 0.537494
86468: 0.537487
86469: 0.537493
86470: 0.537487
86471: 0.537492
86472: 0.537486
86473: 0.537491
86474: 0.537496
86475: 0.53749
86476: 0.537496
86477: 0.537489
86478: 0.537495
86479: 0.537488
86480: 0.537494
86481: 0.537499
86482: 0.537493
86483: 0.537498
86484: 0.537492
86485: 0.537497
86486: 0.537503
86487: 0.537508
86488: 0.537513
86489: 0.537507
86490: 0.537501
86491: 0.537506
86492: 0.537512
86493: 0.537517
86494: 0.537522
86495: 0.537528
86496: 0.537522
86497: 0.537527
86498: 0.537532
86499: 0.537526
86500: 0.537531
86501: 0.537537
86502: 0.53753
86503: 0.537536
86504: 0.53753
86505: 0.537535
86506: 0.537529
86507: 0.537523
86508: 0.537516
86509: 0.537522
86510: 0.537527
86511: 0.537532
86512: 0.537538
86513: 0.537543
86514: 0.537548
86515: 0.537542
86516: 0.537536
86517: 0.537541
86518: 0.537535
86519: 0.53754
86520: 0.537534
86521: 0.53754
86522: 0.537533
86523: 0.537527
86524: 0.537533
86525: 0.537526
86526: 0.537532
86527: 0.537537
86528: 0.537531
86529: 0.537525
86530: 0.537518
86531: 0.537512
86532: 0.537517
86533: 0.537523
86534: 0.537528
86535: 0.537522
86536: 0.537527
86537: 0.537533
86538: 0.537526
86539: 0.537532
86540: 0.537526
86541: 0.537531
86542: 0.537536
86543: 0.537542
86544: 0.537547
86545: 0.537552
86546: 0.537558
86547: 0.537563
86548: 0.537568
86549: 0.537562
86550: 0.537567
86551: 0.537561
86552: 0.537555
86553: 0.53756
86554: 0.537566
86555: 0.537571
86556: 0.537565
86557: 0.537559
86558: 0.537564
86559: 0.537558
86560: 0.537563
86561: 0.537568
86562: 0.537574
86563: 0.537568
86564: 0.537573
86565: 0.537578
86566: 0.537584
86567: 0.537577
86568: 0.537583
86569: 0.537577
86570: 0.53757
86571: 0.537576
86572: 0.537569
86573: 0.537563
86574: 0.537569
86575: 0.537574
86576: 0.537568
86577: 0.537562
86578: 0.537555
86579: 0.537549
86580: 0.537554
86581: 0.53756
86582: 0.537554
86583: 0.537559
86584: 0.537564
86585: 0.53757
86586: 0.537563
86587: 0.537557
86588: 0.537563
86589: 0.537568
86590: 0.537562
86591: 0.537567
86592: 0.537572
86593: 0.537578
86594: 0.537571
86595: 0.537577
86596: 0.537582
86597: 0.537587
86598: 0.537581
86599: 0.537575
86600: 0.53758
86601: 0.537574
86602: 0.53758
86603: 0.537585
86604: 0.53759
86605: 0.537596
86606: 0.537601
86607: 0.537606
86608: 0.537612
86609: 0.537605
86610: 0.537599
86611: 0.537593
86612: 0.537598
86613: 0.537604
86614: 0.537597
86615: 0.537591
86616: 0.537597
86617: 0.53759
86618: 0.537584
86619: 0.537589
86620: 0.537595
86621: 0.537589
86622: 0.537594
86623: 0.537599
86624: 0.537605
86625: 0.53761
86626: 0.537615
86627: 0.537609
86628: 0.537603
86629: 0.537597
86630: 0.53759
86631: 0.537596
86632: 0.53759
86633: 0.537583
86634: 0.537577
86635: 0.537571
86636: 0.537565
86637: 0.53757
86638: 0.537564
86639: 0.537558
86640: 0.537552
86641: 0.537557
86642: 0.537562
86643: 0.537556
86644: 0.53755
86645: 0.537555
86646: 0.537549
86647: 0.537543
86648: 0.537536
86649: 0.53753
86650: 0.537524
86651: 0.537529
86652: 0.537535
86653: 0.53754
86654: 0.537545
86655: 0.537551
86656: 0.537556
86657: 0.53755
86658: 0.537555
86659: 0.537549
86660: 0.537543
86661: 0.537537
86662: 0.537542
86663: 0.537547
86664: 0.537553
86665: 0.537546
86666: 0.53754
86667: 0.537534
86668: 0.537539
86669: 0.537533
86670: 0.537527
86671: 0.537532
86672: 0.537526
86673: 0.537531
86674: 0.537537
86675: 0.537542
86676: 0.537536
86677: 0.537541
86678: 0.537535
86679: 0.537529
86680: 0.537534
86681: 0.537528
86682: 0.537522
86683: 0.537527
86684: 0.537532
86685: 0.537538
86686: 0.537532
86687: 0.537525
86688: 0.537519
86689: 0.537513
86690: 0.537518
86691: 0.537524
86692: 0.537517
86693: 0.537511
86694: 0.537517
86695: 0.53751
86696: 0.537516
86697: 0.537521
86698: 0.537526
86699: 0.53752
86700: 0.537514
86701: 0.537508
86702: 0.537513
86703: 0.537507
86704: 0.537501
86705: 0.537506
86706: 0.537511
86707: 0.537505
86708: 0.537499
86709: 0.537493
86710: 0.537487
86711: 0.53748
86712: 0.537474
86713: 0.53748
86714: 0.537473
86715: 0.537479
86716: 0.537484
86717: 0.537489
86718: 0.537483
86719: 0.537488
86720: 0.537494
86721: 0.537488
86722: 0.537481
86723: 0.537487
86724: 0.537492
86725: 0.537497
86726: 0.537491
86727: 0.537485
86728: 0.53749
86729: 0.537496
86730: 0.537501
86731: 0.537506
86732: 0.537512
86733: 0.537517
86734: 0.537522
86735: 0.537528
86736: 0.537533
86737: 0.537538
86738: 0.537532
86739: 0.537537
86740: 0.537531
86741: 0.537537
86742: 0.53753
86743: 0.537524
86744: 0.537518
86745: 0.537523
86746: 0.537529
86747: 0.537534
86748: 0.537539
86749: 0.537533
86750: 0.537538
86751: 0.537532
86752: 0.537526
86753: 0.537531
86754: 0.537537
86755: 0.537542
86756: 0.537547
86757: 0.537553
86758: 0.537558
86759: 0.537563
86760: 0.537569
86761: 0.537563
86762: 0.537568
86763: 0.537562
86764: 0.537555
86765: 0.537549
86766: 0.537543
86767: 0.537537
86768: 0.537531
86769: 0.537524
86770: 0.53753
86771: 0.537535
86772: 0.53754
86773: 0.537534
86774: 0.537528
86775: 0.537522
86776: 0.537516
86777: 0.53751
86778: 0.537515
86779: 0.537509
86780: 0.537514
86781: 0.537508
86782: 0.537502
86783: 0.537495
86784: 0.537489
86785: 0.537495
86786: 0.5375
86787: 0.537494
86788: 0.537487
86789: 0.537481
86790: 0.537475
86791: 0.537469
86792: 0.537474
86793: 0.537468
86794: 0.537473
86795: 0.537479
86796: 0.537472
86797: 0.537466
86798: 0.537472
86799: 0.537465
86800: 0.537471
86801: 0.537465
86802: 0.537458
86803: 0.537464
86804: 0.537458
86805: 0.537451
86806: 0.537445
86807: 0.53745
86808: 0.537444
86809: 0.537438
86810: 0.537443
86811: 0.537449
86812: 0.537454
86813: 0.537459
86814: 0.537453
86815: 0.537459
86816: 0.537452
86817: 0.537458
86818: 0.537463
86819: 0.537468
86820: 0.537462
86821: 0.537467
86822: 0.537461
86823: 0.537455
86824: 0.53746
86825: 0.537466
86826: 0.537471
86827: 0.537465
86828: 0.53747
86829: 0.537464
86830: 0.537469
86831: 0.537463
86832: 0.537468
86833: 0.537462
86834: 0.537468
86835: 0.537473
86836: 0.537478
86837: 0.537472
86838: 0.537477
86839: 0.537483
86840: 0.537477
86841: 0.53747
86842: 0.537476
86843: 0.537469
86844: 0.537475
86845: 0.537469
86846: 0.537474
86847: 0.537468
86848: 0.537462
86849: 0.537467
86850: 0.537472
86851: 0.537478
86852: 0.537483
86853: 0.537477
86854: 0.53747
86855: 0.537464
86856: 0.53747
86857: 0.537475
86858: 0.53748
86859: 0.537474
86860: 0.537468
86861: 0.537462
86862: 0.537467
86863: 0.537461
86864: 0.537455
86865: 0.53746
86866: 0.537454
86867: 0.537448
86868: 0.537453
86869: 0.537458
86870: 0.537452
86871: 0.537446
86872: 0.537451
86873: 0.537457
86874: 0.53745
86875: 0.537456
86876: 0.537449
86877: 0.537455
86878: 0.537449
86879: 0.537454
86880: 0.537459
86881: 0.537465
86882: 0.53747
86883: 0.537475
86884: 0.537481
86885: 0.537486
86886: 0.537491
86887: 0.537497
86888: 0.53749
86889: 0.537484
86890: 0.537489
86891: 0.537495
86892: 0.537489
86893: 0.537482
86894: 0.537488
86895: 0.537482
86896: 0.537487
86897: 0.537492
86898: 0.537498
86899: 0.537503
86900: 0.537497
86901: 0.537491
86902: 0.537484
86903: 0.53749
86904: 0.537483
86905: 0.537477
86906: 0.537483
86907: 0.537488
86908: 0.537493
86909: 0.537487
86910: 0.537492
86911: 0.537486
86912: 0.537492
86913: 0.537485
86914: 0.537479
86915: 0.537473
86916: 0.537478
86917: 0.537472
86918: 0.537477
86919: 0.537471
86920: 0.537465
86921: 0.537459
86922: 0.537464
86923: 0.537458
86924: 0.537452
86925: 0.537457
86926: 0.537462
86927: 0.537468
86928: 0.537462
86929: 0.537455
86930: 0.537449
86931: 0.537455
86932: 0.537448
86933: 0.537454
86934: 0.537459
86935: 0.537453
86936: 0.537447
86937: 0.53744
86938: 0.537446
86939: 0.53744
86940: 0.537445
86941: 0.53745
86942: 0.537456
86943: 0.537461
86944: 0.537466
86945: 0.537472
86946: 0.537465
86947: 0.537459
86948: 0.537453
86949: 0.537447
86950: 0.537452
86951: 0.537446
86952: 0.537451
86953: 0.537457
86954: 0.537462
86955: 0.537467
86956: 0.537473
86957: 0.537478
86958: 0.537483
86959: 0.537489
86960: 0.537494
86961: 0.537499
86962: 0.537504
86963: 0.53751
86964: 0.537515
86965: 0.53752
86966: 0.537514
86967: 0.53752
86968: 0.537513
86969: 0.537507
86970: 0.537513
86971: 0.537518
86972: 0.537523
86973: 0.537517
86974: 0.537522
86975: 0.537528
86976: 0.537521
86977: 0.537527
86978: 0.537532
86979: 0.537526
86980: 0.537531
86981: 0.537537
86982: 0.537542
86983: 0.537536
86984: 0.537529
86985: 0.537535
86986: 0.53754
86987: 0.537545
86988: 0.537551
86989: 0.537556
86990: 0.53755
86991: 0.537555
86992: 0.537549
86993: 0.537543
86994: 0.537548
86995: 0.537553
86996: 0.537559
86997: 0.537553
86998: 0.537546
86999: 0.537552
87000: 0.537557
87001: 0.537562
87002: 0.537568
87003: 0.537561
87004: 0.537555
87005: 0.537561
87006: 0.537566
87007: 0.537571
87008: 0.537565
87009: 0.537559
87010: 0.537564
87011: 0.537558
87012: 0.537552
87013: 0.537546
87014: 0.53754
87015: 0.537545
87016: 0.53755
87017: 0.537555
87018: 0.537549
87019: 0.537543
87020: 0.537537
87021: 0.537531
87022: 0.537525
87023: 0.53753
87024: 0.537524
87025: 0.537529
87026: 0.537534
87027: 0.537528
87028: 0.537522
87029: 0.537516
87030: 0.537521
87031: 0.537526
87032: 0.537532
87033: 0.537537
87034: 0.537531
87035: 0.537536
87036: 0.537542
87037: 0.537547
87038: 0.537552
87039: 0.537546
87040: 0.53754
87041: 0.537545
87042: 0.53755
87043: 0.537556
87044: 0.537561
87045: 0.537555
87046: 0.537549
87047: 0.537543
87048: 0.537548
87049: 0.537553
87050: 0.537547
87051: 0.537552
87052: 0.537558
87053: 0.537563
87054: 0.537557
87055: 0.537562
87056: 0.537567
87057: 0.537573
87058: 0.537578
87059: 0.537572
87060: 0.537566
87061: 0.537559
87062: 0.537553
87063: 0.537547
87064: 0.537541
87065: 0.537535
87066: 0.537529
87067: 0.537534
87068: 0.537539
87069: 0.537545
87070: 0.53755
87071: 0.537544
87072: 0.537537
87073: 0.537531
87074: 0.537537
87075: 0.537542
87076: 0.537536
87077: 0.537541
87078: 0.537546
87079: 0.537552
87080: 0.537557
87081: 0.537551
87082: 0.537556
87083: 0.537561
87084: 0.537555
87085: 0.537549
87086: 0.537554
87087: 0.537548
87088: 0.537542
87089: 0.537536
87090: 0.537541
87091: 0.537535
87092: 0.53754
87093: 0.537546
87094: 0.537551
87095: 0.537556
87096: 0.53755
87097: 0.537555
87098: 0.537561
87099: 0.537555
87100: 0.53756
87101: 0.537554
87102: 0.537559
87103: 0.537553
87104: 0.537558
87105: 0.537563
87106: 0.537557
87107: 0.537551
87108: 0.537556
87109: 0.537562
87110: 0.537567
87111: 0.537561
87112: 0.537566
87113: 0.53756
87114: 0.537554
87115: 0.537559
87116: 0.537564
87117: 0.53757
87118: 0.537564
87119: 0.537569
87120: 0.537563
87121: 0.537568
87122: 0.537562
87123: 0.537567
87124: 0.537572
87125: 0.537566
87126: 0.53756
87127: 0.537565
87128: 0.537571
87129: 0.537576
87130: 0.53757
87131: 0.537575
87132: 0.537569
87133: 0.537574
87134: 0.537568
87135: 0.537562
87136: 0.537556
87137: 0.53755
87138: 0.537543
87139: 0.537549
87140: 0.537554
87141: 0.537548
87142: 0.537542
87143: 0.537536
87144: 0.537529
87145: 0.537535
87146: 0.53754
87147: 0.537534
87148: 0.537539
87149: 0.537544
87150: 0.537538
87151: 0.537532
87152: 0.537526
87153: 0.53752
87154: 0.537514
87155: 0.537507
87156: 0.537501
87157: 0.537495
87158: 0.537489
87159: 0.537494
87160: 0.5375
87161: 0.537493
87162: 0.537499
87163: 0.537504
87164: 0.537509
87165: 0.537515
87166: 0.53752
87167: 0.537525
87168: 0.537531
87169: 0.537536
87170: 0.537541
87171: 0.537546
87172: 0.53754
87173: 0.537534
87174: 0.537528
87175: 0.537522
87176: 0.537527
87177: 0.537532
87178: 0.537538
87179: 0.537532
87180: 0.537537
87181: 0.537531
87182: 0.537525
87183: 0.53753
87184: 0.537535
87185: 0.53754
87186: 0.537546
87187: 0.537551
87188: 0.537545
87189: 0.537539
87190: 0.537544
87191: 0.537538
87192: 0.537543
87193: 0.537548
87194: 0.537542
87195: 0.537548
87196: 0.537541
87197: 0.537535
87198: 0.537541
87199: 0.537546
87200: 0.537551
87201: 0.537545
87202: 0.53755
87203: 0.537556
87204: 0.537549
87205: 0.537555
87206: 0.53756
87207: 0.537554
87208: 0.537548
87209: 0.537542
87210: 0.537535
87211: 0.537541
87212: 0.537535
87213: 0.53754
87214: 0.537545
87215: 0.537539
87216: 0.537544
87217: 0.53755
87218: 0.537555
87219: 0.53756
87220: 0.537554
87221: 0.537548
87222: 0.537542
87223: 0.537547
87224: 0.537541
87225: 0.537546
87226: 0.53754
87227: 0.537545
87228: 0.537539
87229: 0.537533
87230: 0.537538
87231: 0.537544
87232: 0.537549
87233: 0.537554
87234: 0.537559
87235: 0.537565
87236: 0.53757
87237: 0.537575
87238: 0.537569
87239: 0.537575
87240: 0.537568
87241: 0.537574
87242: 0.537567
87243: 0.537573
87244: 0.537567
87245: 0.53756
87246: 0.537566
87247: 0.537571
87248: 0.537576
87249: 0.537582
87250: 0.537576
87251: 0.537569
87252: 0.537563
87253: 0.537557
87254: 0.537562
87255: 0.537568
87256: 0.537573
87257: 0.537578
87258: 0.537572
87259: 0.537577
87260: 0.537583
87261: 0.537576
87262: 0.537582
87263: 0.537576
87264: 0.537581
87265: 0.537575
87266: 0.53758
87267: 0.537585
87268: 0.537591
87269: 0.537596
87270: 0.537601
87271: 0.537607
87272: 0.537612
87273: 0.537606
87274: 0.5376
87275: 0.537593
87276: 0.537587
87277: 0.537581
87278: 0.537586
87279: 0.537592
87280: 0.537597
87281: 0.537591
87282: 0.537585
87283: 0.53759
87284: 0.537595
87285: 0.537589
87286: 0.537594
87287: 0.5376
87288: 0.537605
87289: 0.53761
87290: 0.537604
87291: 0.537598
87292: 0.537592
87293: 0.537586
87294: 0.537579
87295: 0.537573
87296: 0.537567
87297: 0.537572
87298: 0.537566
87299: 0.537572
87300: 0.537565
87301: 0.537571
87302: 0.537576
87303: 0.537581
87304: 0.537575
87305: 0.537569
87306: 0.537563
87307: 0.537568
87308: 0.537573
87309: 0.537579
87310: 0.537584
87311: 0.537578
87312: 0.537572
87313: 0.537566
87314: 0.537559
87315: 0.537565
87316: 0.537559
87317: 0.537564
87318: 0.537558
87319: 0.537552
87320: 0.537545
87321: 0.537539
87322: 0.537545
87323: 0.537538
87324: 0.537532
87325: 0.537526
87326: 0.537531
87327: 0.537525
87328: 0.537519
87329: 0.537513
87330: 0.537507
87331: 0.537501
87332: 0.537494
87333: 0.5375
87334: 0.537494
87335: 0.537487
87336: 0.537493
87337: 0.537487
87338: 0.53748
87339: 0.537474
87340: 0.537468
87341: 0.537462
87342: 0.537456
87343: 0.537461
87344: 0.537466
87345: 0.537472
87346: 0.537477
87347: 0.537482
87348: 0.537476
87349: 0.53747
87350: 0.537475
87351: 0.537469
87352: 0.537474
87353: 0.537468
87354: 0.537462
87355: 0.537467
87356: 0.537473
87357: 0.537478
87358: 0.537483
87359: 0.537477
87360: 0.537482
87361: 0.537476
87362: 0.53747
87363: 0.537464
87364: 0.537458
87365: 0.537463
87366: 0.537468
87367: 0.537474
87368: 0.537468
87369: 0.537461
87370: 0.537455
87371: 0.537449
87372: 0.537443
87373: 0.537448
87374: 0.537454
87375: 0.537447
87376: 0.537441
87377: 0.537446
87378: 0.537452
87379: 0.537457
87380: 0.537451
87381: 0.537445
87382: 0.53745
87383: 0.537455
87384: 0.537461
87385: 0.537466
87386: 0.537471
87387: 0.537465
87388: 0.53747
87389: 0.537464
87390: 0.537458
87391: 0.537463
87392: 0.537469
87393: 0.537474
87394: 0.537479
87395: 0.537473
87396: 0.537478
87397: 0.537484
87398: 0.537489
87399: 0.537483
87400: 0.537488
87401: 0.537482
87402: 0.537487
87403: 0.537493
87404: 0.537498
87405: 0.537492
87406: 0.537497
87407: 0.537491
87408: 0.537496
87409: 0.537501
87410: 0.537507
87411: 0.537501
87412: 0.537506
87413: 0.5375
87414: 0.537505
87415: 0.53751
87416: 0.537504
87417: 0.537509
87418: 0.537503
87419: 0.537497
87420: 0.537502
87421: 0.537496
87422: 0.53749
87423: 0.537495
87424: 0.537501
87425: 0.537506
87426: 0.5375
87427: 0.537494
87428: 0.537488
87429: 0.537493
87430: 0.537498
87431: 0.537503
87432: 0.537509
87433: 0.537514
87434: 0.537508
87435: 0.537513
87436: 0.537518
87437: 0.537524
87438: 0.537518
87439: 0.537523
87440: 0.537528
87441: 0.537522
87442: 0.537527
87443: 0.537533
87444: 0.537526
87445: 0.537532
87446: 0.537537
87447: 0.537542
87448: 0.537548
87449: 0.537541
87450: 0.537547
87451: 0.537541
87452: 0.537546
87453: 0.53754
87454: 0.537545
87455: 0.53755
87456: 0.537556
87457: 0.537561
87458: 0.537566
87459: 0.537571
87460: 0.537565
87461: 0.537559
87462: 0.537553
87463: 0.537547
87464: 0.537541
87465: 0.537546
87466: 0.537551
87467: 0.537557
87468: 0.53755
87469: 0.537544
87470: 0.53755
87471: 0.537555
87472: 0.53756
87473: 0.537565
87474: 0.537559
87475: 0.537565
87476: 0.53757
87477: 0.537564
87478: 0.537558
87479: 0.537563
87480: 0.537568
87481: 0.537573
87482: 0.537579
87483: 0.537584
87484: 0.537578
87485: 0.537583
87486: 0.537588
87487: 0.537594
87488: 0.537588
87489: 0.537581
87490: 0.537575
87491: 0.537581
87492: 0.537574
87493: 0.53758
87494: 0.537585
87495: 0.537579
87496: 0.537584
87497: 0.537589
87498: 0.537583
87499: 0.537577
87500: 0.537582
87501: 0.537576
87502: 0.537582
87503: 0.537575
87504: 0.537569
87505: 0.537575
87506: 0.537568
87507: 0.537562
87508: 0.537556
87509: 0.53755
87510: 0.537555
87511: 0.537561
87512: 0.537554
87513: 0.53756
87514: 0.537554
87515: 0.537547
87516: 0.537541
87517: 0.537535
87518: 0.53754
87519: 0.537546
87520: 0.537551
87521: 0.537556
87522: 0.537562
87523: 0.537567
87524: 0.537572
87525: 0.537577
87526: 0.537583
87527: 0.537588
87528: 0.537582
87529: 0.537587
87530: 0.537581
87531: 0.537575
87532: 0.53758
87533: 0.537574
87534: 0.537568
87535: 0.537562
87536: 0.537567
87537: 0.537572
87538: 0.537566
87539: 0.53756
87540: 0.537565
87541: 0.537571
87542: 0.537576
87543: 0.537581
87544: 0.537575
87545: 0.537569
87546: 0.537574
87547: 0.537568
87548: 0.537562
87549: 0.537556
87550: 0.53755
87551: 0.537555
87552: 0.537549
87553: 0.537554
87554: 0.537559
87555: 0.537553
87556: 0.537558
87557: 0.537552
87558: 0.537546
87559: 0.537551
87560: 0.537545
87561: 0.537539
87562: 0.537544
87563: 0.537538
87564: 0.537532
87565: 0.537537
87566: 0.537531
87567: 0.537537
87568: 0.537542
87569: 0.537536
87570: 0.53753
87571: 0.537523
87572: 0.537529
87573: 0.537523
87574: 0.537528
87575: 0.537533
87576: 0.537527
87577: 0.537521
87578: 0.537526
87579: 0.537531
87580: 0.537525
87581: 0.537531
87582: 0.537524
87583: 0.53753
87584: 0.537524
87585: 0.537529
87586: 0.537534
87587: 0.537539
87588: 0.537533
87589: 0.537539
87590: 0.537544
87591: 0.537549
87592: 0.537554
87593: 0.53756
87594: 0.537565
87595: 0.537559
87596: 0.537564
87597: 0.537558
87598: 0.537563
87599: 0.537557
87600: 0.537562
87601: 0.537568
87602: 0.537573
87603: 0.537578
87604: 0.537583
87605: 0.537589
87606: 0.537583
87607: 0.537588
87608: 0.537582
87609: 0.537576
87610: 0.537569
87611: 0.537575
87612: 0.537569
87613: 0.537562
87614: 0.537556
87615: 0.537562
87616: 0.537567
87617: 0.537561
87618: 0.537566
87619: 0.53756
87620: 0.537554
87621: 0.537559
87622: 0.537564
87623: 0.537558
87624: 0.537552
87625: 0.537546
87626: 0.53754
87627: 0.537534
87628: 0.537539
87629: 0.537544
87630: 0.537549
87631: 0.537543
87632: 0.537549
87633: 0.537554
87634: 0.537548
87635: 0.537542
87636: 0.537536
87637: 0.537529
87638: 0.537535
87639: 0.537529
87640: 0.537534
87641: 0.537539
87642: 0.537544
87643: 0.53755
87644: 0.537543
87645: 0.537537
87646: 0.537543
87647: 0.537548
87648: 0.537542
87649: 0.537536
87650: 0.537541
87651: 0.537546
87652: 0.537551
87653: 0.537557
87654: 0.537562
87655: 0.537556
87656: 0.537561
87657: 0.537555
87658: 0.53756
87659: 0.537566
87660: 0.537571
87661: 0.537576
87662: 0.53757
87663: 0.537575
87664: 0.537581
87665: 0.537574
87666: 0.53758
87667: 0.537585
87668: 0.53759
87669: 0.537596
87670: 0.537601
87671: 0.537606
87672: 0.5376
87673: 0.537605
87674: 0.537599
87675: 0.537604
87676: 0.537598
87677: 0.537592
87678: 0.537597
87679: 0.537603
87680: 0.537608
87681: 0.537602
87682: 0.537607
87683: 0.537601
87684: 0.537595
87685: 0.537589
87686: 0.537594
87687: 0.537599
87688: 0.537593
87689: 0.537598
87690: 0.537604
87691: 0.537598
87692: 0.537591
87693: 0.537597
87694: 0.537591
87695: 0.537596
87696: 0.53759
87697: 0.537584
87698: 0.537577
87699: 0.537583
87700: 0.537577
87701: 0.537582
87702: 0.537576
87703: 0.53757
87704: 0.537575
87705: 0.53758
87706: 0.537574
87707: 0.537568
87708: 0.537562
87709: 0.537556
87710: 0.537549
87711: 0.537555
87712: 0.537549
87713: 0.537554
87714: 0.537548
87715: 0.537542
87716: 0.537547
87717: 0.537541
87718: 0.537546
87719: 0.537551
87720: 0.537557
87721: 0.53755
87722: 0.537556
87723: 0.537561
87724: 0.537566
87725: 0.537572
87726: 0.537577
87727: 0.537571
87728: 0.537565
87729: 0.53757
87730: 0.537564
87731: 0.537558
87732: 0.537563
87733: 0.537557
87734: 0.537562
87735: 0.537556
87736: 0.537561
87737: 0.537555
87738: 0.537549
87739: 0.537543
87740: 0.537548
87741: 0.537553
87742: 0.537559
87743: 0.537552
87744: 0.537558
87745: 0.537563
87746: 0.537557
87747: 0.537562
87748: 0.537567
87749: 0.537573
87750: 0.537578
87751: 0.537583
87752: 0.537588
87753: 0.537582
87754: 0.537576
87755: 0.53757
87756: 0.537575
87757: 0.537581
87758: 0.537574
87759: 0.537568
87760: 0.537562
87761: 0.537556
87762: 0.537561
87763: 0.537567
87764: 0.537561
87765: 0.537554
87766: 0.53756
87767: 0.537554
87768: 0.537547
87769: 0.537541
87770: 0.537535
87771: 0.53754
87772: 0.537534
87773: 0.537528
87774: 0.537533
87775: 0.537539
87776: 0.537533
87777: 0.537526
87778: 0.537532
87779: 0.537537
87780: 0.537542
87781: 0.537536
87782: 0.53753
87783: 0.537535
87784: 0.537529
87785: 0.537523
87786: 0.537528
87787: 0.537522
87788: 0.537516
87789: 0.53751
87790: 0.537515
87791: 0.537509
87792: 0.537514
87793: 0.537508
87794: 0.537502
87795: 0.537507
87796: 0.537501
87797: 0.537507
87798: 0.537512
87799: 0.537506
87800: 0.537511
87801: 0.537516
87802: 0.53751
87803: 0.537515
87804: 0.537509
87805: 0.537515
87806: 0.537508
87807: 0.537514
87808: 0.537519
87809: 0.537524
87810: 0.537529
87811: 0.537535
87812: 0.537529
87813: 0.537522
87814: 0.537516
87815: 0.537522
87816: 0.537516
87817: 0.537521
87818: 0.537515
87819: 0.53752
87820: 0.537514
87821: 0.537508
87822: 0.537513
87823: 0.537518
87824: 0.537523
87825: 0.537529
87826: 0.537534
87827: 0.537539
87828: 0.537533
87829: 0.537527
87830: 0.537532
87831: 0.537538
87832: 0.537543
87833: 0.537537
87834: 0.537531
87835: 0.537524
87836: 0.537518
87837: 0.537524
87838: 0.537529
87839: 0.537523
87840: 0.537517
87841: 0.537522
87842: 0.537516
87843: 0.537521
87844: 0.537515
87845: 0.53752
87846: 0.537514
87847: 0.537508
87848: 0.537502
87849: 0.537507
87850: 0.537512
87851: 0.537506
87852: 0.537512
87853: 0.537505
87854: 0.537499
87855: 0.537493
87856: 0.537487
87857: 0.537492
87858: 0.537498
87859: 0.537503
87860: 0.537508
87861: 0.537502
87862: 0.537496
87863: 0.53749
87864: 0.537495
87865: 0.537489
87866: 0.537483
87867: 0.537488
87868: 0.537493
87869: 0.537499
87870: 0.537504
87871: 0.537509
87872: 0.537514
87873: 0.53752
87874: 0.537514
87875: 0.537519
87876: 0.537513
87877: 0.537507
87878: 0.537512
87879: 0.537517
87880: 0.537522
87881: 0.537528
87882: 0.537533
87883: 0.537527
87884: 0.537521
87885: 0.537526
87886: 0.53752
87887: 0.537514
87888: 0.537519
87889: 0.537524
87890: 0.537518
87891: 0.537512
87892: 0.537506
87893: 0.537511
87894: 0.537516
87895: 0.53751
87896: 0.537516
87897: 0.537509
87898: 0.537515
87899: 0.53752
87900: 0.537514
87901: 0.537508
87902: 0.537502
87903: 0.537507
87904: 0.537501
87905: 0.537495
87906: 0.5375
87907: 0.537505
87908: 0.537499
87909: 0.537493
87910: 0.537487
87911: 0.537492
87912: 0.537497
87913: 0.537491
87914: 0.537485
87915: 0.537479
87916: 0.537484
87917: 0.537489
87918: 0.537495
87919: 0.537489
87920: 0.537483
87921: 0.537476
87922: 0.537482
87923: 0.537487
87924: 0.537492
87925: 0.537486
87926: 0.53748
87927: 0.537485
87928: 0.537479
87929: 0.537473
87930: 0.537467
87931: 0.537461
87932: 0.537466
87933: 0.53746
87934: 0.537465
87935: 0.537459
87936: 0.537453
87937: 0.537447
87938: 0.537452
87939: 0.537457
87940: 0.537463
87941: 0.537457
87942: 0.53745
87943: 0.537444
87944: 0.53745
87945: 0.537455
87946: 0.53746
87947: 0.537465
87948: 0.537459
87949: 0.537453
87950: 0.537458
87951: 0.537464
87952: 0.537469
87953: 0.537463
87954: 0.537457
87955: 0.537462
87956: 0.537456
87957: 0.537461
87958: 0.537466
87959: 0.53746
87960: 0.537454
87961: 0.537459
87962: 0.537465
87963: 0.537459
87964: 0.537464
87965: 0.537469
87966: 0.537474
87967: 0.53748
87968: 0.537485
87969: 0.537479
87970: 0.537473
87971: 0.537466
87972: 0.537472
87973: 0.537477
87974: 0.537471
87975: 0.537476
87976: 0.53747
87977: 0.537464
87978: 0.537469
87979: 0.537463
87980: 0.537457
87981: 0.537451
87982: 0.537456
87983: 0.53745
87984: 0.537444
87985: 0.537449
87986: 0.537443
87987: 0.537437
87988: 0.537431
87989: 0.537425
87990: 0.53743
87991: 0.537435
87992: 0.537429
87993: 0.537423
87994: 0.537417
87995: 0.537411
87996: 0.537416
87997: 0.53741
87998: 0.537404
87999: 0.537409
88000: 0.537403
88001: 0.537408
88002: 0.537413
88003: 0.537419
88004: 0.537424
88005: 0.537429
88006: 0.537435
88007: 0.53744
88008: 0.537434
88009: 0.537428
88010: 0.537421
88011: 0.537415
88012: 0.537421
88013: 0.537426
88014: 0.537431
88015: 0.537425
88016: 0.537419
88017: 0.537413
88018: 0.537407
88019: 0.537412
88020: 0.537406
88021: 0.5374
88022: 0.537405
88023: 0.53741
88024: 0.537404
88025: 0.537398
88026: 0.537392
88027: 0.537397
88028: 0.537402
88029: 0.537408
88030: 0.537402
88031: 0.537395
88032: 0.537389
88033: 0.537395
88034: 0.537389
88035: 0.537382
88036: 0.537376
88037: 0.53737
88038: 0.537364
88039: 0.537358
88040: 0.537363
88041: 0.537369
88042: 0.537374
88043: 0.537379
88044: 0.537384
88045: 0.53739
88046: 0.537383
88047: 0.537377
88048: 0.537383
88049: 0.537376
88050: 0.53737
88051: 0.537376
88052: 0.53737
88053: 0.537363
88054: 0.537357
88055: 0.537363
88056: 0.537368
88057: 0.537362
88058: 0.537356
88059: 0.537361
88060: 0.537366
88061: 0.537371
88062: 0.537365
88063: 0.537371
88064: 0.537376
88065: 0.537381
88066: 0.537386
88067: 0.537392
88068: 0.537385
88069: 0.537391
88070: 0.537396
88071: 0.53739
88072: 0.537384
88073: 0.537378
88074: 0.537383
88075: 0.537377
88076: 0.537371
88077: 0.537365
88078: 0.53737
88079: 0.537364
88080: 0.537369
88081: 0.537374
88082: 0.53738
88083: 0.537385
88084: 0.53739
88085: 0.537395
88086: 0.537401
88087: 0.537394
88088: 0.537388
88089: 0.537382
88090: 0.537387
88091: 0.537381
88092: 0.537375
88093: 0.537381
88094: 0.537386
88095: 0.537391
88096: 0.537385
88097: 0.537379
88098: 0.537373
88099: 0.537378
88100: 0.537383
88101: 0.537377
88102: 0.537371
88103: 0.537365
88104: 0.537359
88105: 0.537353
88106: 0.537358
88107: 0.537363
88108: 0.537357
88109: 0.537362
88110: 0.537368
88111: 0.537373
88112: 0.537378
88113: 0.537372
88114: 0.537366
88115: 0.537371
88116: 0.537365
88117: 0.537359
88118: 0.537364
88119: 0.537358
88120: 0.537352
88121: 0.537346
88122: 0.53734
88123: 0.537334
88124: 0.537328
88125: 0.537333
88126: 0.537338
88127: 0.537343
88128: 0.537349
88129: 0.537354
88130: 0.537359
88131: 0.537364
88132: 0.537358
88133: 0.537352
88134: 0.537346
88135: 0.53734
88136: 0.537345
88137: 0.537351
88138: 0.537356
88139: 0.53735
88140: 0.537344
88141: 0.537337
88142: 0.537343
88143: 0.537337
88144: 0.537342
88145: 0.537347
88146: 0.537341
88147: 0.537346
88148: 0.537352
88149: 0.537345
88150: 0.537351
88151: 0.537356
88152: 0.53735
88153: 0.537344
88154: 0.537349
88155: 0.537354
88156: 0.537359
88157: 0.537365
88158: 0.537359
88159: 0.537353
88160: 0.537346
88161: 0.53734
88162: 0.537346
88163: 0.53734
88164: 0.537333
88165: 0.537327
88166: 0.537321
88167: 0.537315
88168: 0.53732
88169: 0.537314
88170: 0.537308
88171: 0.537313
88172: 0.537307
88173: 0.537301
88174: 0.537306
88175: 0.5373
88176: 0.537306
88177: 0.537311
88178: 0.537305
88179: 0.53731
88180: 0.537315
88181: 0.537309
88182: 0.537303
88183: 0.537297
88184: 0.537291
88185: 0.537296
88186: 0.53729
88187: 0.537295
88188: 0.537289
88189: 0.537283
88190: 0.537288
88191: 0.537282
88192: 0.537288
88193: 0.537281
88194: 0.537287
88195: 0.537281
88196: 0.537275
88197: 0.537268
88198: 0.537274
88199: 0.537268
88200: 0.537273
88201: 0.537278
88202: 0.537272
88203: 0.537277
88204: 0.537282
88205: 0.537288
88206: 0.537293
88207: 0.537287
88208: 0.537292
88209: 0.537297
88210: 0.537291
88211: 0.537285
88212: 0.53729
88213: 0.537296
88214: 0.537301
88215: 0.537306
88216: 0.537311
88217: 0.537305
88218: 0.537311
88219: 0.537304
88220: 0.537298
88221: 0.537292
88222: 0.537286
88223: 0.53728
88224: 0.537274
88225: 0.537268
88226: 0.537262
88227: 0.537256
88228: 0.53725
88229: 0.537244
88230: 0.537249
88231: 0.537254
88232: 0.537259
88233: 0.537253
88234: 0.537247
88235: 0.537252
88236: 0.537246
88237: 0.53724
88238: 0.537234
88239: 0.537228
88240: 0.537233
88241: 0.537227
88242: 0.537232
88243: 0.537238
88244: 0.537232
88245: 0.537225
88246: 0.537219
88247: 0.537213
88248: 0.537219
88249: 0.537224
88250: 0.537218
88251: 0.537223
88252: 0.537228
88253: 0.537222
88254: 0.537216
88255: 0.53721
88256: 0.537204
88257: 0.537198
88258: 0.537203
88259: 0.537208
88260: 0.537213
88261: 0.537207
88262: 0.537213
88263: 0.537207
88264: 0.5372
88265: 0.537206
88266: 0.537211
88267: 0.537216
88268: 0.537221
88269: 0.537215
88270: 0.537221
88271: 0.537215
88272: 0.53722
88273: 0.537214
88274: 0.537208
88275: 0.537202
88276: 0.537195
88277: 0.537189
88278: 0.537195
88279: 0.5372
88280: 0.537205
88281: 0.537199
88282: 0.537204
88283: 0.537209
88284: 0.537215
88285: 0.537209
88286: 0.537203
88287: 0.537208
88288: 0.537213
88289: 0.537207
88290: 0.537212
88291: 0.537217
88292: 0.537211
88293: 0.537217
88294: 0.537222
88295: 0.537216
88296: 0.537221
88297: 0.537226
88298: 0.537231
88299: 0.537237
88300: 0.537231
88301: 0.537225
88302: 0.53723
88303: 0.537235
88304: 0.53724
88305: 0.537234
88306: 0.537239
88307: 0.537245
88308: 0.53725
88309: 0.537255
88310: 0.53726
88311: 0.537266
88312: 0.53726
88313: 0.537253
88314: 0.537247
88315: 0.537241
88316: 0.537235
88317: 0.53724
88318: 0.537234
88319: 0.537228
88320: 0.537234
88321: 0.537227
88322: 0.537233
88323: 0.537238
88324: 0.537232
88325: 0.537237
88326: 0.537231
88327: 0.537236
88328: 0.53723
88329: 0.537224
88330: 0.537218
88331: 0.537212
88332: 0.537217
88333: 0.537222
88334: 0.537216
88335: 0.537222
88336: 0.537215
88337: 0.537221
88338: 0.537215
88339: 0.537209
88340: 0.537202
88341: 0.537208
88342: 0.537213
88343: 0.537207
88344: 0.537201
88345: 0.537206
88346: 0.5372
88347: 0.537194
88348: 0.537199
88349: 0.537193
88350: 0.537198
88351: 0.537203
88352: 0.537197
88353: 0.537203
88354: 0.537208
88355: 0.537213
88356: 0.537207
88357: 0.537212
88358: 0.537217
88359: 0.537211
88360: 0.537205
88361: 0.537211
88362: 0.537216
88363: 0.53721
88364: 0.537204
88365: 0.537209
88366: 0.537214
88367: 0.537219
88368: 0.537225
88369: 0.537219
88370: 0.537212
88371: 0.537206
88372: 0.537212
88373: 0.537217
88374: 0.537211
88375: 0.537216
88376: 0.537221
88377: 0.537226
88378: 0.537232
88379: 0.537237
88380: 0.537242
88381: 0.537247
88382: 0.537241
88383: 0.537247
88384: 0.537252
88385: 0.537257
88386: 0.537251
88387: 0.537245
88388: 0.537239
88389: 0.537233
88390: 0.537227
88391: 0.537221
88392: 0.537226
88393: 0.53722
88394: 0.537225
88395: 0.53723
88396: 0.537235
88397: 0.537229
88398: 0.537223
88399: 0.537217
88400: 0.537211
88401: 0.537205
88402: 0.537199
88403: 0.537193
88404: 0.537198
88405: 0.537192
88406: 0.537186
88407: 0.537191
88408: 0.537196
88409: 0.53719
88410: 0.537196
88411: 0.537201
88412: 0.537195
88413: 0.537189
88414: 0.537194
88415: 0.537199
88416: 0.537204
88417: 0.53721
88418: 0.537204
88419: 0.537197
88420: 0.537203
88421: 0.537197
88422: 0.537202
88423: 0.537207
88424: 0.537212
88425: 0.537218
88426: 0.537211
88427: 0.537217
88428: 0.537211
88429: 0.537216
88430: 0.53721
88431: 0.537215
88432: 0.537209
88433: 0.537214
88434: 0.537208
88435: 0.537202
88436: 0.537207
88437: 0.537213
88438: 0.537218
88439: 0.537212
88440: 0.537206
88441: 0.5372
88442: 0.537193
88443: 0.537187
88444: 0.537181
88445: 0.537187
88446: 0.53718
88447: 0.537174
88448: 0.53718
88449: 0.537185
88450: 0.537179
88451: 0.537173
88452: 0.537167
88453: 0.537161
88454: 0.537166
88455: 0.537171
88456: 0.537176
88457: 0.53717
88458: 0.537164
88459: 0.537169
88460: 0.537175
88461: 0.53718
88462: 0.537174
88463: 0.537179
88464: 0.537184
88465: 0.537189
88466: 0.537195
88467: 0.5372
88468: 0.537205
88469: 0.537199
88470: 0.537204
88471: 0.537198
88472: 0.537192
88473: 0.537197
88474: 0.537203
88475: 0.537197
88476: 0.537202
88477: 0.537207
88478: 0.537212
88479: 0.537206
88480: 0.5372
88481: 0.537205
88482: 0.537199
88483: 0.537193
88484: 0.537187
88485: 0.537192
88486: 0.537186
88487: 0.53718
88488: 0.537174
88489: 0.537179
88490: 0.537185
88491: 0.537179
88492: 0.537184
88493: 0.537178
88494: 0.537183
88495: 0.537188
88496: 0.537193
88497: 0.537199
88498: 0.537204
88499: 0.537209
88500: 0.537214
88501: 0.537208
88502: 0.537213
88503: 0.537219
88504: 0.537213
88505: 0.537218
88506: 0.537223
88507: 0.537228
88508: 0.537222
88509: 0.537227
88510: 0.537221
88511: 0.537215
88512: 0.537221
88513: 0.537214
88514: 0.537208
88515: 0.537202
88516: 0.537196
88517: 0.53719
88518: 0.537184
88519: 0.537178
88520: 0.537172
88521: 0.537177
88522: 0.537171
88523: 0.537176
88524: 0.53717
88525: 0.537176
88526: 0.537169
88527: 0.537175
88528: 0.537169
88529: 0.537163
88530: 0.537156
88531: 0.53715
88532: 0.537156
88533: 0.537161
88534: 0.537166
88535: 0.53716
88536: 0.537154
88537: 0.537159
88538: 0.537153
88539: 0.537147
88540: 0.537141
88541: 0.537135
88542: 0.537129
88543: 0.537123
88544: 0.537117
88545: 0.537111
88546: 0.537105
88547: 0.537099
88548: 0.537092
88549: 0.537098
88550: 0.537103
88551: 0.537097
88552: 0.537091
88553: 0.537096
88554: 0.53709
88555: 0.537084
88556: 0.537078
88557: 0.537083
88558: 0.537077
88559: 0.537082
88560: 0.537087
88561: 0.537081
88562: 0.537087
88563: 0.537081
88564: 0.537074
88565: 0.53708
88566: 0.537085
88567: 0.53709
88568: 0.537084
88569: 0.537078
88570: 0.537083
88571: 0.537077
88572: 0.537082
88573: 0.537088
88574: 0.537082
88575: 0.537087
88576: 0.537092
88577: 0.537097
88578: 0.537102
88579: 0.537096
88580: 0.53709
88581: 0.537084
88582: 0.537078
88583: 0.537072
88584: 0.537066
88585: 0.537071
88586: 0.537065
88587: 0.53707
88588: 0.537076
88589: 0.53707
88590: 0.537064
88591: 0.537058
88592: 0.537051
88593: 0.537045
88594: 0.537051
88595: 0.537056
88596: 0.53705
88597: 0.537055
88598: 0.537049
88599: 0.537043
88600: 0.537037
88601: 0.537042
88602: 0.537047
88603: 0.537041
88604: 0.537046
88605: 0.53704
88606: 0.537034
88607: 0.53704
88608: 0.537045
88609: 0.53705
88610: 0.537044
88611: 0.537049
88612: 0.537043
88613: 0.537048
88614: 0.537042
88615: 0.537047
88616: 0.537053
88617: 0.537058
88618: 0.537052
88619: 0.537046
88620: 0.53704
88621: 0.537034
88622: 0.537028
88623: 0.537022
88624: 0.537027
88625: 0.537032
88626: 0.537026
88627: 0.537031
88628: 0.537036
88629: 0.537042
88630: 0.537036
88631: 0.53703
88632: 0.537023
88633: 0.537017
88634: 0.537023
88635: 0.537017
88636: 0.537022
88637: 0.537016
88638: 0.537021
88639: 0.537026
88640: 0.537031
88641: 0.537025
88642: 0.537031
88643: 0.537025
88644: 0.53703
88645: 0.537035
88646: 0.53704
88647: 0.537045
88648: 0.537051
88649: 0.537056
88650: 0.53705
88651: 0.537044
88652: 0.537049
88653: 0.537043
88654: 0.537037
88655: 0.537042
88656: 0.537047
88657: 0.537052
88658: 0.537046
88659: 0.537052
88660: 0.537046
88661: 0.53704
88662: 0.537045
88663: 0.537039
88664: 0.537033
88665: 0.537027
88666: 0.537021
88667: 0.537014
88668: 0.53702
88669: 0.537025
88670: 0.53703
88671: 0.537024
88672: 0.537018
88673: 0.537023
88674: 0.537028
88675: 0.537034
88676: 0.537039
88677: 0.537044
88678: 0.537038
88679: 0.537032
88680: 0.537037
88681: 0.537042
88682: 0.537036
88683: 0.537042
88684: 0.537047
88685: 0.537052
88686: 0.537046
88687: 0.53704
88688: 0.537045
88689: 0.537039
88690: 0.537033
88691: 0.537038
88692: 0.537044
88693: 0.537037
88694: 0.537031
88695: 0.537037
88696: 0.537042
88697: 0.537036
88698: 0.53703
88699: 0.537024
88700: 0.537018
88701: 0.537012
88702: 0.537017
88703: 0.537022
88704: 0.537016
88705: 0.537021
88706: 0.537015
88707: 0.537009
88708: 0.537003
88709: 0.536997
88710: 0.536991
88711: 0.536996
88712: 0.537001
88713: 0.536995
88714: 0.537001
88715: 0.536994
88716: 0.536988
88717: 0.536982
88718: 0.536976
88719: 0.53697
88720: 0.536964
88721: 0.536958
88722: 0.536963
88723: 0.536969
88724: 0.536974
88725: 0.536968
88726: 0.536973
88727: 0.536978
88728: 0.536972
88729: 0.536966
88730: 0.53696
88731: 0.536965
88732: 0.53697
88733: 0.536964
88734: 0.53697
88735: 0.536964
88736: 0.536969
88737: 0.536963
88738: 0.536957
88739: 0.536951
88740: 0.536945
88741: 0.53695
88742: 0.536955
88743: 0.53696
88744: 0.536965
88745: 0.536959
88746: 0.536953
88747: 0.536959
88748: 0.536964
88749: 0.536958
88750: 0.536952
88751: 0.536946
88752: 0.536951
88753: 0.536956
88754: 0.536961
88755: 0.536955
88756: 0.53696
88757: 0.536966
88758: 0.53696
88759: 0.536954
88760: 0.536948
88761: 0.536941
88762: 0.536947
88763: 0.536952
88764: 0.536957
88765: 0.536962
88766: 0.536956
88767: 0.53695
88768: 0.536955
88769: 0.536961
88770: 0.536966
88771: 0.536971
88772: 0.536965
88773: 0.53697
88774: 0.536964
88775: 0.536969
88776: 0.536975
88777: 0.53698
88778: 0.536974
88779: 0.536979
88780: 0.536984
88781: 0.536989
88782: 0.536983
88783: 0.536977
88784: 0.536983
88785: 0.536988
88786: 0.536993
88787: 0.536998
88788: 0.536992
88789: 0.536986
88790: 0.53698
88791: 0.536985
88792: 0.536991
88793: 0.536984
88794: 0.53699
88795: 0.536984
88796: 0.536978
88797: 0.536972
88798: 0.536977
88799: 0.536982
88800: 0.536976
88801: 0.536981
88802: 0.536986
88803: 0.536992
88804: 0.536986
88805: 0.536979
88806: 0.536973
88807: 0.536979
88808: 0.536984
88809: 0.536989
88810: 0.536994
88811: 0.536988
88812: 0.536993
88813: 0.536999
88814: 0.537004
88815: 0.536998
88816: 0.537003
88817: 0.536997
88818: 0.536991
88819: 0.536996
88820: 0.537001
88821: 0.536995
88822: 0.537001
88823: 0.536995
88824: 0.537
88825: 0.536994
88826: 0.536999
88827: 0.536993
88828: 0.536998
88829: 0.537003
88830: 0.537008
88831: 0.537002
88832: 0.537008
88833: 0.537002
88834: 0.537007
88835: 0.537012
88836: 0.537017
88837: 0.537022
88838: 0.537016
88839: 0.537022
88840: 0.537027
88841: 0.537032
88842: 0.537026
88843: 0.53702
88844: 0.537014
88845: 0.537008
88846: 0.537013
88847: 0.537018
88848: 0.537012
88849: 0.537006
88850: 0.537011
88851: 0.537017
88852: 0.537011
88853: 0.537016
88854: 0.53701
88855: 0.537004
88856: 0.537009
88857: 0.537003
88858: 0.536997
88859: 0.537002
88860: 0.537007
88861: 0.537012
88862: 0.537018
88863: 0.537012
88864: 0.537006
88865: 0.537
88866: 0.537005
88867: 0.53701
88868: 0.537004
88869: 0.536998
88870: 0.536992
88871: 0.536997
88872: 0.537002
88873: 0.537007
88874: 0.537001
88875: 0.536995
88876: 0.537001
88877: 0.537006
88878: 0.537
88879: 0.536994
88880: 0.536999
88881: 0.537004
88882: 0.537009
88883: 0.537003
88884: 0.536997
88885: 0.536991
88886: 0.536996
88887: 0.537002
88888: 0.537007
88889: 0.537001
88890: 0.537006
88891: 0.537011
88892: 0.537016
88893: 0.537022
88894: 0.537016
88895: 0.537021
88896: 0.537015
88897: 0.53702
88898: 0.537025
88899: 0.53703
88900: 0.537024
88901: 0.537018
88902: 0.537023
88903: 0.537029
88904: 0.537034
88905: 0.537039
88906: 0.537044
88907: 0.53705
88908: 0.537043
88909: 0.537037
88910: 0.537031
88911: 0.537025
88912: 0.537019
88913: 0.537013
88914: 0.537007
88915: 0.537001
88916: 0.536995
88917: 0.536989
88918: 0.536983
88919: 0.536988
88920: 0.536982
88921: 0.536976
88922: 0.53697
88923: 0.536975
88924: 0.536969
88925: 0.536963
88926: 0.536957
88927: 0.536962
88928: 0.536968
88929: 0.536962
88930: 0.536956
88931: 0.536961
88932: 0.536966
88933: 0.536971
88934: 0.536976
88935: 0.53697
88936: 0.536976
88937: 0.53697
88938: 0.536975
88939: 0.536969
88940: 0.536974
88941: 0.536979
88942: 0.536984
88943: 0.536978
88944: 0.536972
88945: 0.536977
88946: 0.536983
88947: 0.536977
88948: 0.536982
88949: 0.536987
88950: 0.536981
88951: 0.536986
88952: 0.53698
88953: 0.536974
88954: 0.536968
88955: 0.536962
88956: 0.536956
88957: 0.536961
88958: 0.536955
88959: 0.53696
88960: 0.536966
88961: 0.536971
88962: 0.536976
88963: 0.536981
88964: 0.536986
88965: 0.53698
88966: 0.536986
88967: 0.53698
88968: 0.536974
88969: 0.536968
88970: 0.536973
88971: 0.536978
88972: 0.536972
88973: 0.536966
88974: 0.536971
88975: 0.536965
88976: 0.53697
88977: 0.536964
88978: 0.536958
88979: 0.536963
88980: 0.536969
88981: 0.536974
88982: 0.536979
88983: 0.536984
88984: 0.536978
88985: 0.536983
88986: 0.536989
88987: 0.536983
88988: 0.536976
88989: 0.53697
88990: 0.536964
88991: 0.53697
88992: 0.536964
88993: 0.536969
88994: 0.536974
88995: 0.536979
88996: 0.536984
88997: 0.53699
88998: 0.536984
88999: 0.536989
89000: 0.536983
89001: 0.536988
89002: 0.536982
89003: 0.536987
89004: 0.536981
89005: 0.536975
89006: 0.536969
89007: 0.536974
89008: 0.536968
89009: 0.536962
89010: 0.536967
89011: 0.536973
89012: 0.536967
89013: 0.536972
89014: 0.536966
89015: 0.536971
89016: 0.536976
89017: 0.53697
89018: 0.536975
89019: 0.53698
89020: 0.536986
89021: 0.53698
89022: 0.536974
89023: 0.536979
89024: 0.536973
89025: 0.536978
89026: 0.536972
89027: 0.536977
89028: 0.536982
89029: 0.536976
89030: 0.536982
89031: 0.536987
89032: 0.536992
89033: 0.536986
89034: 0.53698
89035: 0.536974
89036: 0.536979
89037: 0.536973
89038: 0.536978
89039: 0.536972
89040: 0.536977
89041: 0.536971
89042: 0.536965
89043: 0.536959
89044: 0.536964
89045: 0.53697
89046: 0.536964
89047: 0.536958
89048: 0.536963
89049: 0.536968
89050: 0.536973
89051: 0.536978
89052: 0.536972
89053: 0.536978
89054: 0.536972
89055: 0.536977
89056: 0.536982
89057: 0.536976
89058: 0.536981
89059: 0.536986
89060: 0.536992
89061: 0.536997
89062: 0.536991
89063: 0.536996
89064: 0.537001
89065: 0.537006
89066: 0.537
89067: 0.536994
89068: 0.536999
89069: 0.536993
89070: 0.536999
89071: 0.536993
89072: 0.536987
89073: 0.53698
89074: 0.536986
89075: 0.53698
89076: 0.536974
89077: 0.536979
89078: 0.536984
89079: 0.536989
89080: 0.536983
89081: 0.536977
89082: 0.536971
89083: 0.536965
89084: 0.536959
89085: 0.536964
89086: 0.536958
89087: 0.536952
89088: 0.536957
89089: 0.536951
89090: 0.536945
89091: 0.536939
89092: 0.536933
89093: 0.536939
89094: 0.536944
89095: 0.536938
89096: 0.536932
89097: 0.536937
89098: 0.536942
89099: 0.536947
89100: 0.536952
89101: 0.536958
89102: 0.536952
89103: 0.536957
89104: 0.536962
89105: 0.536956
89106: 0.536961
89107: 0.536966
89108: 0.53696
89109: 0.536966
89110: 0.536971
89111: 0.536965
89112: 0.53697
89113: 0.536975
89114: 0.53698
89115: 0.536974
89116: 0.536979
89117: 0.536973
89118: 0.536979
89119: 0.536984
89120: 0.536989
89121: 0.536994
89122: 0.536999
89123: 0.536993
89124: 0.536987
89125: 0.536993
89126: 0.536987
89127: 0.536981
89128: 0.536974
89129: 0.53698
89130: 0.536974
89131: 0.536968
89132: 0.536962
89133: 0.536956
89134: 0.536961
89135: 0.536966
89136: 0.53696
89137: 0.536954
89138: 0.536948
89139: 0.536953
89140: 0.536947
89141: 0.536952
89142: 0.536957
89143: 0.536951
89144: 0.536945
89145: 0.536939
89146: 0.536945
89147: 0.53695
89148: 0.536944
89149: 0.536949
89150: 0.536943
89151: 0.536937
89152: 0.536931
89153: 0.536925
89154: 0.536919
89155: 0.536924
89156: 0.536929
89157: 0.536923
89158: 0.536917
89159: 0.536922
89160: 0.536928
89161: 0.536933
89162: 0.536938
89163: 0.536943
89164: 0.536937
89165: 0.536931
89166: 0.536925
89167: 0.536919
89168: 0.536913
89169: 0.536907
89170: 0.536912
89171: 0.536917
89172: 0.536911
89173: 0.536905
89174: 0.536911
89175: 0.536905
89176: 0.536899
89177: 0.536893
89178: 0.536898
89179: 0.536892
89180: 0.536886
89181: 0.536891
89182: 0.536885
89183: 0.53689
89184: 0.536884
89185: 0.536889
89186: 0.536894
89187: 0.536888
89188: 0.536882
89189: 0.536876
89190: 0.53687
89191: 0.536864
89192: 0.536858
89193: 0.536852
89194: 0.536846
89195: 0.53684
89196: 0.536845
89197: 0.536851
89198: 0.536845
89199: 0.536839
89200: 0.536844
89201: 0.536849
89202: 0.536854
89203: 0.536848
89204: 0.536842
89205: 0.536847
89206: 0.536852
89207: 0.536858
89208: 0.536852
89209: 0.536857
89210: 0.536862
89211: 0.536856
89212: 0.53685
89213: 0.536844
89214: 0.536849
89215: 0.536854
89216: 0.536848
89217: 0.536842
89218: 0.536836
89219: 0.53683
89220: 0.536835
89221: 0.536841
89222: 0.536846
89223: 0.536851
89224: 0.536845
89225: 0.53685
89226: 0.536844
89227: 0.536849
89228: 0.536855
89229: 0.53686
89230: 0.536854
89231: 0.536848
89232: 0.536842
89233: 0.536836
89234: 0.53683
89235: 0.536824
89236: 0.536829
89237: 0.536834
89238: 0.536828
89239: 0.536822
89240: 0.536816
89241: 0.53681
89242: 0.536804
89243: 0.536798
89244: 0.536803
89245: 0.536808
89246: 0.536814
89247: 0.536808
89248: 0.536813
89249: 0.536807
89250: 0.536801
89251: 0.536806
89252: 0.5368
89253: 0.536805
89254: 0.536799
89255: 0.536804
89256: 0.536809
89257: 0.536803
89258: 0.536797
89259: 0.536803
89260: 0.536808
89261: 0.536813
89262: 0.536807
89263: 0.536801
89264: 0.536806
89265: 0.5368
89266: 0.536794
89267: 0.536799
89268: 0.536804
89269: 0.536798
89270: 0.536804
89271: 0.536798
89272: 0.536792
89273: 0.536797
89274: 0.536802
89275: 0.536796
89276: 0.53679
89277: 0.536795
89278: 0.5368
89279: 0.536806
89280: 0.5368
89281: 0.536794
89282: 0.536788
89283: 0.536782
89284: 0.536775
89285: 0.536769
89286: 0.536775
89287: 0.53678
89288: 0.536774
89289: 0.536779
89290: 0.536784
89291: 0.536778
89292: 0.536783
89293: 0.536789
89294: 0.536783
89295: 0.536777
89296: 0.536782
89297: 0.536787
89298: 0.536781
89299: 0.536786
89300: 0.53678
89301: 0.536785
89302: 0.536779
89303: 0.536784
89304: 0.53679
89305: 0.536795
89306: 0.536789
89307: 0.536783
89308: 0.536788
89309: 0.536782
89310: 0.536787
89311: 0.536781
89312: 0.536786
89313: 0.53678
89314: 0.536786
89315: 0.536791
89316: 0.536785
89317: 0.536779
89318: 0.536784
89319: 0.536778
89320: 0.536783
89321: 0.536777
89322: 0.536771
89323: 0.536765
89324: 0.53677
89325: 0.536775
89326: 0.536769
89327: 0.536763
89328: 0.536757
89329: 0.536751
89330: 0.536757
89331: 0.536751
89332: 0.536756
89333: 0.53675
89334: 0.536755
89335: 0.53676
89336: 0.536765
89337: 0.536759
89338: 0.536753
89339: 0.536758
89340: 0.536764
89341: 0.536758
89342: 0.536752
89343: 0.536757
89344: 0.536751
89345: 0.536745
89346: 0.53675
89347: 0.536744
89348: 0.536738
89349: 0.536732
89350: 0.536737
89351: 0.536731
89352: 0.536736
89353: 0.536742
89354: 0.536747
89355: 0.536741
89356: 0.536735
89357: 0.536729
89358: 0.536734
89359: 0.536728
89360: 0.536722
89361: 0.536716
89362: 0.53671
89363: 0.536715
89364: 0.53672
89365: 0.536725
89366: 0.536731
89367: 0.536725
89368: 0.53673
89369: 0.536724
89370: 0.536718
89371: 0.536712
89372: 0.536717
89373: 0.536722
89374: 0.536716
89375: 0.53671
89376: 0.536715
89377: 0.536709
89378: 0.536703
89379: 0.536697
89380: 0.536691
89381: 0.536696
89382: 0.53669
89383: 0.536684
89384: 0.53669
89385: 0.536695
89386: 0.5367
89387: 0.536705
89388: 0.53671
89389: 0.536716
89390: 0.536721
89391: 0.536726
89392: 0.53672
89393: 0.536725
89394: 0.53673
89395: 0.536724
89396: 0.536729
89397: 0.536723
89398: 0.536729
89399: 0.536723
89400: 0.536728
89401: 0.536722
89402: 0.536727
89403: 0.536721
89404: 0.536726
89405: 0.53672
89406: 0.536714
89407: 0.536719
89408: 0.536713
89409: 0.536707
89410: 0.536712
89411: 0.536706
89412: 0.5367
89413: 0.536706
89414: 0.536711
89415: 0.536716
89416: 0.536721
89417: 0.536726
89418: 0.536732
89419: 0.536737
89420: 0.536731
89421: 0.536725
89422: 0.53673
89423: 0.536724
89424: 0.536718
89425: 0.536712
89426: 0.536706
89427: 0.5367
89428: 0.536694
89429: 0.536688
89430: 0.536693
89431: 0.536698
89432: 0.536692
89433: 0.536697
89434: 0.536691
89435: 0.536685
89436: 0.536679
89437: 0.536673
89438: 0.536679
89439: 0.536673
89440: 0.536667
89441: 0.536672
89442: 0.536666
89443: 0.536671
89444: 0.536665
89445: 0.536659
89446: 0.536664
89447: 0.536658
89448: 0.536652
89449: 0.536657
89450: 0.536651
89451: 0.536657
89452: 0.536651
89453: 0.536645
89454: 0.536639
89455: 0.536644
89456: 0.536638
89457: 0.536632
89458: 0.536637
89459: 0.536631
89460: 0.536625
89461: 0.53663
89462: 0.536624
89463: 0.536629
89464: 0.536634
89465: 0.536628
89466: 0.536622
89467: 0.536616
89468: 0.53661
89469: 0.536616
89470: 0.53661
89471: 0.536604
89472: 0.536598
89473: 0.536603
89474: 0.536608
89475: 0.536613
89476: 0.536618
89477: 0.536624
89478: 0.536618
89479: 0.536623
89480: 0.536628
89481: 0.536633
89482: 0.536627
89483: 0.536621
89484: 0.536615
89485: 0.53662
89486: 0.536614
89487: 0.536619
89488: 0.536613
89489: 0.536619
89490: 0.536624
89491: 0.536629
89492: 0.536623
89493: 0.536617
89494: 0.536611
89495: 0.536605
89496: 0.53661
89497: 0.536604
89498: 0.536609
89499: 0.536615
89500: 0.536609
89501: 0.536614
89502: 0.536619
89503: 0.536613
89504: 0.536607
89505: 0.536612
89506: 0.536617
89507: 0.536622
89508: 0.536628
89509: 0.536622
89510: 0.536616
89511: 0.536621
89512: 0.536626
89513: 0.536631
89514: 0.536636
89515: 0.53663
89516: 0.536635
89517: 0.536641
89518: 0.536635
89519: 0.53664
89520: 0.536645
89521: 0.53665
89522: 0.536655
89523: 0.536661
89524: 0.536655
89525: 0.53666
89526: 0.536665
89527: 0.536659
89528: 0.536664
89529: 0.536658
89530: 0.536663
89531: 0.536668
89532: 0.536662
89533: 0.536656
89534: 0.53665
89535: 0.536656
89536: 0.536661
89537: 0.536666
89538: 0.536671
89539: 0.536676
89540: 0.536682
89541: 0.536676
89542: 0.53667
89543: 0.536675
89544: 0.53668
89545: 0.536685
89546: 0.536679
89547: 0.536673
89548: 0.536667
89549: 0.536661
89550: 0.536666
89551: 0.536671
89552: 0.536665
89553: 0.536659
89554: 0.536665
89555: 0.53667
89556: 0.536675
89557: 0.53668
89558: 0.536674
89559: 0.536679
89560: 0.536684
89561: 0.536679
89562: 0.536684
89563: 0.536678
89564: 0.536672
89565: 0.536677
89566: 0.536682
89567: 0.536687
89568: 0.536692
89569: 0.536698
89570: 0.536692
89571: 0.536697
89572: 0.536691
89573: 0.536696
89574: 0.536701
89575: 0.536706
89576: 0.536711
89577: 0.536705
89578: 0.536711
89579: 0.536716
89580: 0.53671
89581: 0.536715
89582: 0.53672
89583: 0.536725
89584: 0.53673
89585: 0.536724
89586: 0.53673
89587: 0.536735
89588: 0.536729
89589: 0.536723
89590: 0.536717
89591: 0.536711
89592: 0.536716
89593: 0.536721
89594: 0.536726
89595: 0.536732
89596: 0.536737
89597: 0.536742
89598: 0.536747
89599: 0.536741
89600: 0.536746
89601: 0.53674
89602: 0.536734
89603: 0.536739
89604: 0.536733
89605: 0.536739
89606: 0.536733
89607: 0.536727
89608: 0.536732
89609: 0.536726
89610: 0.53672
89611: 0.536725
89612: 0.53673
89613: 0.536735
89614: 0.536741
89615: 0.536735
89616: 0.53674
89617: 0.536745
89618: 0.53675
89619: 0.536744
89620: 0.536749
89621: 0.536754
89622: 0.53676
89623: 0.536765
89624: 0.53677
89625: 0.536775
89626: 0.53678
89627: 0.536785
89628: 0.536791
89629: 0.536796
89630: 0.53679
89631: 0.536795
89632: 0.536789
89633: 0.536783
89634: 0.536777
89635: 0.536771
89636: 0.536776
89637: 0.536781
89638: 0.536786
89639: 0.536792
89640: 0.536786
89641: 0.536791
89642: 0.536785
89643: 0.536779
89644: 0.536773
89645: 0.536778
89646: 0.536783
89647: 0.536788
89648: 0.536782
89649: 0.536776
89650: 0.53677
89651: 0.536776
89652: 0.53677
89653: 0.536775
89654: 0.536769
89655: 0.536763
89656: 0.536768
89657: 0.536773
89658: 0.536778
89659: 0.536772
89660: 0.536777
89661: 0.536771
89662: 0.536777
89663: 0.536771
89664: 0.536765
89665: 0.53677
89666: 0.536775
89667: 0.536769
89668: 0.536774
89669: 0.536779
89670: 0.536773
89671: 0.536778
89672: 0.536772
89673: 0.536778
89674: 0.536772
89675: 0.536766
89676: 0.536771
89677: 0.536776
89678: 0.536781
89679: 0.536775
89680: 0.536769
89681: 0.536774
89682: 0.53678
89683: 0.536785
89684: 0.53679
89685: 0.536784
89686: 0.536778
89687: 0.536772
89688: 0.536777
89689: 0.536771
89690: 0.536776
89691: 0.53677
89692: 0.536775
89693: 0.536781
89694: 0.536786
89695: 0.53678
89696: 0.536774
89697: 0.536768
89698: 0.536762
89699: 0.536756
89700: 0.53675
89701: 0.536755
89702: 0.53676
89703: 0.536765
89704: 0.536771
89705: 0.536776
89706: 0.53677
89707: 0.536775
89708: 0.536769
89709: 0.536774
89710: 0.536768
89711: 0.536773
89712: 0.536778
89713: 0.536784
89714: 0.536789
89715: 0.536794
89716: 0.536788
89717: 0.536782
89718: 0.536787
89719: 0.536781
89720: 0.536786
89721: 0.53678
89722: 0.536774
89723: 0.536779
89724: 0.536785
89725: 0.536779
89726: 0.536784
89727: 0.536778
89728: 0.536783
89729: 0.536777
89730: 0.536782
89731: 0.536787
89732: 0.536792
89733: 0.536787
89734: 0.536792
89735: 0.536797
89736: 0.536802
89737: 0.536807
89738: 0.536812
89739: 0.536817
89740: 0.536823
89741: 0.536817
89742: 0.536811
89743: 0.536816
89744: 0.53681
89745: 0.536804
89746: 0.536798
89747: 0.536792
89748: 0.536797
89749: 0.536802
89750: 0.536796
89751: 0.53679
89752: 0.536795
89753: 0.536801
89754: 0.536806
89755: 0.536811
89756: 0.536816
89757: 0.53681
89758: 0.536804
89759: 0.536809
89760: 0.536814
89761: 0.536808
89762: 0.536814
89763: 0.536808
89764: 0.536813
89765: 0.536818
89766: 0.536823
89767: 0.536817
89768: 0.536822
89769: 0.536827
89770: 0.536821
89771: 0.536815
89772: 0.536821
89773: 0.536815
89774: 0.53682
89775: 0.536825
89776: 0.536819
89777: 0.536813
89778: 0.536807
89779: 0.536812
89780: 0.536817
89781: 0.536811
89782: 0.536817
89783: 0.536811
89784: 0.536816
89785: 0.53681
89786: 0.536804
89787: 0.536809
89788: 0.536814
89789: 0.536808
89790: 0.536813
89791: 0.536818
89792: 0.536812
89793: 0.536806
89794: 0.5368
89795: 0.536806
89796: 0.536811
89797: 0.536816
89798: 0.53681
89799: 0.536804
89800: 0.536809
89801: 0.536814
89802: 0.536808
89803: 0.536802
89804: 0.536796
89805: 0.53679
89806: 0.536796
89807: 0.53679
89808: 0.536795
89809: 0.5368
89810: 0.536805
89811: 0.536799
89812: 0.536793
89813: 0.536798
89814: 0.536792
89815: 0.536797
89816: 0.536803
89817: 0.536797
89818: 0.536791
89819: 0.536796
89820: 0.536801
89821: 0.536795
89822: 0.536789
89823: 0.536783
89824: 0.536788
89825: 0.536782
89826: 0.536776
89827: 0.536781
89828: 0.536787
89829: 0.536792
89830: 0.536797
89831: 0.536802
89832: 0.536807
89833: 0.536801
89834: 0.536795
89835: 0.5368
89836: 0.536806
89837: 0.536811
89838: 0.536816
89839: 0.536821
89840: 0.536826
89841: 0.536831
89842: 0.536836
89843: 0.536831
89844: 0.536825
89845: 0.53683
89846: 0.536824
89847: 0.536829
89848: 0.536834
89849: 0.536839
89850: 0.536833
89851: 0.536838
89852: 0.536832
89853: 0.536838
89854: 0.536843
89855: 0.536848
89856: 0.536842
89857: 0.536836
89858: 0.536841
89859: 0.536846
89860: 0.536851
89861: 0.536857
89862: 0.536862
89863: 0.536856
89864: 0.53685
89865: 0.536844
89866: 0.536838
89867: 0.536843
89868: 0.536837
89869: 0.536842
89870: 0.536847
89871: 0.536852
89872: 0.536858
89873: 0.536852
89874: 0.536846
89875: 0.536851
89876: 0.536856
89877: 0.53685
89878: 0.536844
89879: 0.536838
89880: 0.536832
89881: 0.536826
89882: 0.53682
89883: 0.536825
89884: 0.53683
89885: 0.536836
89886: 0.53683
89887: 0.536824
89888: 0.536818
89889: 0.536812
89890: 0.536806
89891: 0.536811
89892: 0.536805
89893: 0.536799
89894: 0.536793
89895: 0.536798
89896: 0.536803
89897: 0.536808
89898: 0.536802
89899: 0.536796
89900: 0.536802
89901: 0.536807
89902: 0.536812
89903: 0.536806
89904: 0.536811
89905: 0.536816
89906: 0.53681
89907: 0.536804
89908: 0.536798
89909: 0.536803
89910: 0.536797
89911: 0.536792
89912: 0.536797
89913: 0.536791
89914: 0.536796
89915: 0.53679
89916: 0.536795
89917: 0.5368
89918: 0.536794
89919: 0.536799
89920: 0.536793
89921: 0.536787
89922: 0.536781
89923: 0.536787
89924: 0.536781
89925: 0.536786
89926: 0.536791
89927: 0.536796
89928: 0.536801
89929: 0.536806
89930: 0.5368
89931: 0.536794
89932: 0.536788
89933: 0.536794
89934: 0.536799
89935: 0.536804
89936: 0.536809
89937: 0.536803
89938: 0.536797
89939: 0.536791
89940: 0.536785
89941: 0.536779
89942: 0.536784
89943: 0.536778
89944: 0.536772
89945: 0.536767
89946: 0.536772
89947: 0.536766
89948: 0.53676
89949: 0.536754
89950: 0.536759
89951: 0.536753
89952: 0.536747
89953: 0.536752
89954: 0.536746
89955: 0.53674
89956: 0.536745
89957: 0.536739
89958: 0.536733
89959: 0.536727
89960: 0.536733
89961: 0.536727
89962: 0.536721
89963: 0.536715
89964: 0.53672
89965: 0.536725
89966: 0.536719
89967: 0.536713
89968: 0.536707
89969: 0.536701
89970: 0.536706
89971: 0.5367
89972: 0.536705
89973: 0.536711
89974: 0.536705
89975: 0.53671
89976: 0.536704
89977: 0.536709
89978: 0.536703
89979: 0.536708
89980: 0.536713
89981: 0.536718
89982: 0.536712
89983: 0.536718
89984: 0.536712
89985: 0.536717
89986: 0.536722
89987: 0.536716
89988: 0.53671
89989: 0.536704
89990: 0.536709
89991: 0.536714
89992: 0.536708
89993: 0.536714
89994: 0.536708
89995: 0.536702
89996: 0.536707
89997: 0.536712
89998: 0.536717
89999: 0.536722
90000: 0.536727
90001: 0.536733
90002: 0.536738
90003: 0.536732
90004: 0.536726
90005: 0.536731
90006: 0.536736
90007: 0.536741
90008: 0.536746
90009: 0.53674
90010: 0.536734
90011: 0.53674
90012: 0.536734
90013: 0.536739
90014: 0.536733
90015: 0.536727
90016: 0.536732
90017: 0.536726
90018: 0.53672
90019: 0.536714
90020: 0.536719
90021: 0.536724
90022: 0.53673
90023: 0.536724
90024: 0.536718
90025: 0.536723
90026: 0.536728
90027: 0.536722
90028: 0.536716
90029: 0.53671
90030: 0.536715
90031: 0.53672
90032: 0.536714
90033: 0.536708
90034: 0.536714
90035: 0.536719
90036: 0.536724
90037: 0.536729
90038: 0.536734
90039: 0.536728
90040: 0.536733
90041: 0.536727
90042: 0.536732
90043: 0.536738
90044: 0.536743
90045: 0.536748
90046: 0.536742
90047: 0.536747
90048: 0.536752
90049: 0.536746
90050: 0.536751
90051: 0.536757
90052: 0.536751
90053: 0.536745
90054: 0.536739
90055: 0.536733
90056: 0.536738
90057: 0.536743
90058: 0.536737
90059: 0.536742
90060: 0.536736
90061: 0.536741
90062: 0.536746
90063: 0.536752
90064: 0.536757
90065: 0.536762
90066: 0.536767
90067: 0.536761
90068: 0.536766
90069: 0.536771
90070: 0.536777
90071: 0.536771
90072: 0.536765
90073: 0.53677
90074: 0.536764
90075: 0.536769
90076: 0.536774
90077: 0.536779
90078: 0.536773
90079: 0.536767
90080: 0.536761
90081: 0.536767
90082: 0.536761
90083: 0.536755
90084: 0.53676
90085: 0.536765
90086: 0.536759
90087: 0.536764
90088: 0.536769
90089: 0.536774
90090: 0.536779
90091: 0.536785
90092: 0.536779
90093: 0.536784
90094: 0.536789
90095: 0.536794
90096: 0.536788
90097: 0.536782
90098: 0.536776
90099: 0.536781
90100: 0.536775
90101: 0.536781
90102: 0.536775
90103: 0.53678
90104: 0.536774
90105: 0.536779
90106: 0.536773
90107: 0.536767
90108: 0.536761
90109: 0.536755
90110: 0.53676
90111: 0.536754
90112: 0.536748
90113: 0.536742
90114: 0.536736
90115: 0.536742
90116: 0.536747
90117: 0.536752
90118: 0.536757
90119: 0.536762
90120: 0.536756
90121: 0.53675
90122: 0.536755
90123: 0.536749
90124: 0.536743
90125: 0.536749
90126: 0.536743
90127: 0.536737
90128: 0.536742
90129: 0.536736
90130: 0.53673
90131: 0.536724
90132: 0.536729
90133: 0.536723
90134: 0.536717
90135: 0.536722
90136: 0.536716
90137: 0.536721
90138: 0.536727
90139: 0.536721
90140: 0.536726
90141: 0.53672
90142: 0.536725
90143: 0.53673
90144: 0.536735
90145: 0.53674
90146: 0.536746
90147: 0.536751
90148: 0.536745
90149: 0.536739
90150: 0.536744
90151: 0.536749
90152: 0.536754
90153: 0.536759
90154: 0.536764
90155: 0.53677
90156: 0.536764
90157: 0.536758
90158: 0.536763
90159: 0.536768
90160: 0.536762
90161: 0.536767
90162: 0.536761
90163: 0.536766
90164: 0.53676
90165: 0.536754
90166: 0.53676
90167: 0.536754
90168: 0.536759
90169: 0.536753
90170: 0.536747
90171: 0.536752
90172: 0.536746
90173: 0.536751
90174: 0.536745
90175: 0.53675
90176: 0.536755
90177: 0.53675
90178: 0.536744
90179: 0.536738
90180: 0.536743
90181: 0.536737
90182: 0.536731
90183: 0.536736
90184: 0.536741
90185: 0.536735
90186: 0.53674
90187: 0.536745
90188: 0.536751
90189: 0.536745
90190: 0.536739
90191: 0.536733
90192: 0.536727
90193: 0.536721
90194: 0.536715
90195: 0.536709
90196: 0.536714
90197: 0.536719
90198: 0.536724
90199: 0.536718
90200: 0.536724
90201: 0.536718
90202: 0.536712
90203: 0.536706
90204: 0.5367
90205: 0.536705
90206: 0.536699
90207: 0.536704
90208: 0.536698
90209: 0.536703
90210: 0.536697
90211: 0.536691
90212: 0.536696
90213: 0.536702
90214: 0.536707
90215: 0.536712
90216: 0.536717
90217: 0.536722
90218: 0.536727
90219: 0.536721
90220: 0.536726
90221: 0.536721
90222: 0.536715
90223: 0.53672
90224: 0.536714
90225: 0.536708
90226: 0.536713
90227: 0.536718
90228: 0.536723
90229: 0.536717
90230: 0.536711
90231: 0.536705
90232: 0.536699
90233: 0.536693
90234: 0.536688
90235: 0.536682
90236: 0.536687
90237: 0.536681
90238: 0.536686
90239: 0.536691
90240: 0.536685
90241: 0.53669
90242: 0.536695
90243: 0.536689
90244: 0.536695
90245: 0.5367
90246: 0.536705
90247: 0.536699
90248: 0.536704
90249: 0.536709
90250: 0.536703
90251: 0.536708
90252: 0.536713
90253: 0.536708
90254: 0.536713
90255: 0.536707
90256: 0.536712
90257: 0.536717
90258: 0.536722
90259: 0.536727
90260: 0.536721
90261: 0.536726
90262: 0.536732
90263: 0.536726
90264: 0.536731
90265: 0.536736
90266: 0.53673
90267: 0.536724
90268: 0.536718
90269: 0.536712
90270: 0.536706
90271: 0.536711
90272: 0.536705
90273: 0.536699
90274: 0.536693
90275: 0.536687
90276: 0.536682
90277: 0.536676
90278: 0.53667
90279: 0.536664
90280: 0.536658
90281: 0.536663
90282: 0.536668
90283: 0.536662
90284: 0.536656
90285: 0.53665
90286: 0.536655
90287: 0.53666
90288: 0.536666
90289: 0.536671
90290: 0.536676
90291: 0.536681
90292: 0.536675
90293: 0.53668
90294: 0.536685
90295: 0.53669
90296: 0.536696
90297: 0.536701
90298: 0.536706
90299: 0.536711
90300: 0.536705
90301: 0.536699
90302: 0.536704
90303: 0.536709
90304: 0.536703
90305: 0.536697
90306: 0.536692
90307: 0.536686
90308: 0.536691
90309: 0.536685
90310: 0.53669
90311: 0.536684
90312: 0.536678
90313: 0.536672
90314: 0.536666
90315: 0.536671
90316: 0.536676
90317: 0.53667
90318: 0.536664
90319: 0.536659
90320: 0.536664
90321: 0.536669
90322: 0.536674
90323: 0.536679
90324: 0.536684
90325: 0.536689
90326: 0.536683
90327: 0.536677
90328: 0.536672
90329: 0.536666
90330: 0.536671
90331: 0.536676
90332: 0.536681
90333: 0.536686
90334: 0.536691
90335: 0.536685
90336: 0.53669
90337: 0.536684
90338: 0.536679
90339: 0.536673
90340: 0.536667
90341: 0.536661
90342: 0.536655
90343: 0.53666
90344: 0.536665
90345: 0.536659
90346: 0.536653
90347: 0.536647
90348: 0.536652
90349: 0.536657
90350: 0.536663
90351: 0.536657
90352: 0.536651
90353: 0.536645
90354: 0.536639
90355: 0.536644
90356: 0.536649
90357: 0.536643
90358: 0.536637
90359: 0.536631
90360: 0.536625
90361: 0.53663
90362: 0.536636
90363: 0.536641
90364: 0.536646
90365: 0.53664
90366: 0.536634
90367: 0.536628
90368: 0.536633
90369: 0.536627
90370: 0.536621
90371: 0.536626
90372: 0.53662
90373: 0.536626
90374: 0.53662
90375: 0.536625
90376: 0.53663
90377: 0.536635
90378: 0.53664
90379: 0.536634
90380: 0.536639
90381: 0.536633
90382: 0.536627
90383: 0.536622
90384: 0.536616
90385: 0.536621
90386: 0.536626
90387: 0.53662
90388: 0.536625
90389: 0.536619
90390: 0.536613
90391: 0.536618
90392: 0.536612
90393: 0.536606
90394: 0.536612
90395: 0.536617
90396: 0.536611
90397: 0.536616
90398: 0.536621
90399: 0.536615
90400: 0.53662
90401: 0.536625
90402: 0.53663
90403: 0.536636
90404: 0.53663
90405: 0.536635
90406: 0.536629
90407: 0.536623
90408: 0.536628
90409: 0.536622
90410: 0.536627
90411: 0.536632
90412: 0.536626
90413: 0.536631
90414: 0.536626
90415: 0.536631
90416: 0.536636
90417: 0.53663
90418: 0.536635
90419: 0.53664
90420: 0.536634
90421: 0.536628
90422: 0.536622
90423: 0.536616
90424: 0.536622
90425: 0.536627
90426: 0.536621
90427: 0.536615
90428: 0.536609
90429: 0.536603
90430: 0.536597
90431: 0.536591
90432: 0.536596
90433: 0.536601
90434: 0.536606
90435: 0.5366
90436: 0.536595
90437: 0.536589
90438: 0.536583
90439: 0.536588
90440: 0.536582
90441: 0.536576
90442: 0.53657
90443: 0.536564
90444: 0.536558
90445: 0.536552
90446: 0.536557
90447: 0.536551
90448: 0.536557
90449: 0.536562
90450: 0.536556
90451: 0.536561
90452: 0.536555
90453: 0.536549
90454: 0.536543
90455: 0.536537
90456: 0.536531
90457: 0.536525
90458: 0.53653
90459: 0.536535
90460: 0.536541
90461: 0.536546
90462: 0.536551
90463: 0.536545
90464: 0.53655
90465: 0.536544
90466: 0.536549
90467: 0.536554
90468: 0.536548
90469: 0.536554
90470: 0.536559
90471: 0.536553
90472: 0.536558
90473: 0.536552
90474: 0.536557
90475: 0.536551
90476: 0.536545
90477: 0.53655
90478: 0.536555
90479: 0.53655
90480: 0.536544
90481: 0.536549
90482: 0.536554
90483: 0.536559
90484: 0.536564
90485: 0.536569
90486: 0.536563
90487: 0.536568
90488: 0.536562
90489: 0.536568
90490: 0.536562
90491: 0.536567
90492: 0.536572
90493: 0.536566
90494: 0.53656
90495: 0.536565
90496: 0.536559
90497: 0.536553
90498: 0.536547
90499: 0.536541
90500: 0.536536
90501: 0.536541
90502: 0.536546
90503: 0.536551
90504: 0.536545
90505: 0.53655
90506: 0.536555
90507: 0.53656
90508: 0.536565
90509: 0.536559
90510: 0.536565
90511: 0.53657
90512: 0.536575
90513: 0.53658
90514: 0.536585
90515: 0.53659
90516: 0.536595
90517: 0.5366
90518: 0.536595
90519: 0.5366
90520: 0.536605
90521: 0.536599
90522: 0.536604
90523: 0.536598
90524: 0.536603
90525: 0.536608
90526: 0.536602
90527: 0.536607
90528: 0.536602
90529: 0.536596
90530: 0.536601
90531: 0.536595
90532: 0.5366
90533: 0.536605
90534: 0.536599
90535: 0.536593
90536: 0.536587
90537: 0.536592
90538: 0.536597
90539: 0.536592
90540: 0.536597
90541: 0.536591
90542: 0.536585
90543: 0.536579
90544: 0.536584
90545: 0.536589
90546: 0.536594
90547: 0.536599
90548: 0.536593
90549: 0.536588
90550: 0.536593
90551: 0.536598
90552: 0.536603
90553: 0.536608
90554: 0.536613
90555: 0.536607
90556: 0.536601
90557: 0.536606
90558: 0.5366
90559: 0.536595
90560: 0.536589
90561: 0.536583
90562: 0.536577
90563: 0.536571
90564: 0.536565
90565: 0.53657
90566: 0.536575
90567: 0.536569
90568: 0.536574
90569: 0.536579
90570: 0.536585
90571: 0.53659
90572: 0.536595
90573: 0.5366
90574: 0.536594
90575: 0.536588
90576: 0.536582
90577: 0.536576
90578: 0.53657
90579: 0.536564
90580: 0.536558
90581: 0.536553
90582: 0.536558
90583: 0.536563
90584: 0.536568
90585: 0.536562
90586: 0.536556
90587: 0.536561
90588: 0.536555
90589: 0.53656
90590: 0.536554
90591: 0.536548
90592: 0.536543
90593: 0.536537
90594: 0.536531
90595: 0.536525
90596: 0.53653
90597: 0.536535
90598: 0.53654
90599: 0.536545
90600: 0.53655
90601: 0.536555
90602: 0.536561
90603: 0.536566
90604: 0.53656
90605: 0.536554
90606: 0.536559
90607: 0.536553
90608: 0.536547
90609: 0.536552
90610: 0.536557
90611: 0.536551
90612: 0.536557
90613: 0.536551
90614: 0.536545
90615: 0.536539
90616: 0.536533
90617: 0.536538
90618: 0.536543
90619: 0.536537
90620: 0.536542
90621: 0.536547
90622: 0.536541
90623: 0.536536
90624: 0.536541
90625: 0.536546
90626: 0.536551
90627: 0.536556
90628: 0.53655
90629: 0.536544
90630: 0.536549
90631: 0.536543
90632: 0.536548
90633: 0.536554
90634: 0.536548
90635: 0.536542
90636: 0.536547
90637: 0.536552
90638: 0.536557
90639: 0.536562
90640: 0.536567
90641: 0.536561
90642: 0.536567
90643: 0.536561
90644: 0.536566
90645: 0.536571
90646: 0.536576
90647: 0.536581
90648: 0.536586
90649: 0.536591
90650: 0.536585
90651: 0.53659
90652: 0.536585
90653: 0.536579
90654: 0.536573
90655: 0.536578
90656: 0.536572
90657: 0.536566
90658: 0.536571
90659: 0.536576
90660: 0.53657
90661: 0.536564
90662: 0.536569
90663: 0.536575
90664: 0.53658
90665: 0.536585
90666: 0.536579
90667: 0.536573
90668: 0.536567
90669: 0.536561
90670: 0.536555
90671: 0.536549
90672: 0.536543
90673: 0.536549
90674: 0.536554
90675: 0.536559
90676: 0.536564
90677: 0.536558
90678: 0.536552
90679: 0.536557
90680: 0.536562
90681: 0.536567
90682: 0.536572
90683: 0.536578
90684: 0.536583
90685: 0.536577
90686: 0.536582
90687: 0.536576
90688: 0.53657
90689: 0.536564
90690: 0.536558
90691: 0.536563
90692: 0.536557
90693: 0.536551
90694: 0.536546
90695: 0.536551
90696: 0.536545
90697: 0.53655
90698: 0.536544
90699: 0.536538
90700: 0.536532
90701: 0.536526
90702: 0.536531
90703: 0.536525
90704: 0.536531
90705: 0.536536
90706: 0.536541
90707: 0.536546
90708: 0.536551
90709: 0.536545
90710: 0.53655
90711: 0.536555
90712: 0.53656
90713: 0.536565
90714: 0.536571
90715: 0.536565
90716: 0.53657
90717: 0.536575
90718: 0.53658
90719: 0.536574
90720: 0.536568
90721: 0.536562
90722: 0.536556
90723: 0.53655
90724: 0.536545
90725: 0.53655
90726: 0.536555
90727: 0.536549
90728: 0.536543
90729: 0.536537
90730: 0.536531
90731: 0.536536
90732: 0.53653
90733: 0.536535
90734: 0.53654
90735: 0.536546
90736: 0.536551
90737: 0.536556
90738: 0.536561
90739: 0.536566
90740: 0.536571
90741: 0.536565
90742: 0.536559
90743: 0.536564
90744: 0.536558
90745: 0.536553
90746: 0.536547
90747: 0.536552
90748: 0.536557
90749: 0.536562
90750: 0.536567
90751: 0.536572
90752: 0.536577
90753: 0.536571
90754: 0.536565
90755: 0.53656
90756: 0.536565
90757: 0.536559
90758: 0.536553
90759: 0.536558
90760: 0.536563
90761: 0.536568
90762: 0.536573
90763: 0.536578
90764: 0.536572
90765: 0.536567
90766: 0.536572
90767: 0.536566
90768: 0.53656
90769: 0.536565
90770: 0.53657
90771: 0.536575
90772: 0.53658
90773: 0.536585
90774: 0.53659
90775: 0.536585
90776: 0.53659
90777: 0.536584
90778: 0.536589
90779: 0.536583
90780: 0.536577
90781: 0.536571
90782: 0.536565
90783: 0.53657
90784: 0.536575
90785: 0.536581
90786: 0.536575
90787: 0.53658
90788: 0.536585
90789: 0.53659
90790: 0.536595
90791: 0.5366
90792: 0.536594
90793: 0.536599
90794: 0.536593
90795: 0.536599
90796: 0.536604
90797: 0.536609
90798: 0.536614
90799: 0.536608
90800: 0.536602
90801: 0.536607
90802: 0.536601
90803: 0.536595
90804: 0.536589
90805: 0.536583
90806: 0.536589
90807: 0.536594
90808: 0.536588
90809: 0.536593
90810: 0.536587
90811: 0.536581
90812: 0.536575
90813: 0.53658
90814: 0.536574
90815: 0.536579
90816: 0.536585
90817: 0.536579
90818: 0.536584
90819: 0.536578
90820: 0.536583
90821: 0.536577
90822: 0.536571
90823: 0.536565
90824: 0.53657
90825: 0.536575
90826: 0.53657
90827: 0.536564
90828: 0.536558
90829: 0.536552
90830: 0.536546
90831: 0.53654
90832: 0.536534
90833: 0.536539
90834: 0.536533
90835: 0.536527
90836: 0.536532
90837: 0.536538
90838: 0.536543
90839: 0.536548
90840: 0.536553
90841: 0.536547
90842: 0.536541
90843: 0.536546
90844: 0.536551
90845: 0.536545
90846: 0.536539
90847: 0.536545
90848: 0.53655
90849: 0.536544
90850: 0.536549
90851: 0.536554
90852: 0.536559
90853: 0.536564
90854: 0.536558
90855: 0.536552
90856: 0.536557
90857: 0.536563
90858: 0.536557
90859: 0.536551
90860: 0.536556
90861: 0.536561
90862: 0.536555
90863: 0.53656
90864: 0.536565
90865: 0.536559
90866: 0.536564
90867: 0.536559
90868: 0.536564
90869: 0.536569
90870: 0.536563
90871: 0.536568
90872: 0.536573
90873: 0.536567
90874: 0.536561
90875: 0.536555
90876: 0.53656
90877: 0.536555
90878: 0.536549
90879: 0.536543
90880: 0.536548
90881: 0.536553
90882: 0.536558
90883: 0.536552
90884: 0.536557
90885: 0.536551
90886: 0.536556
90887: 0.53655
90888: 0.536545
90889: 0.53655
90890: 0.536555
90891: 0.536549
90892: 0.536554
90893: 0.536548
90894: 0.536542
90895: 0.536547
90896: 0.536552
90897: 0.536546
90898: 0.536541
90899: 0.536535
90900: 0.536529
90901: 0.536534
90902: 0.536528
90903: 0.536533
90904: 0.536538
90905: 0.536532
90906: 0.536537
90907: 0.536531
90908: 0.536537
90909: 0.536542
90910: 0.536547
90911: 0.536541
90912: 0.536546
90913: 0.536551
90914: 0.536556
90915: 0.536561
90916: 0.536566
90917: 0.53656
90918: 0.536555
90919: 0.53656
90920: 0.536565
90921: 0.53657
90922: 0.536575
90923: 0.53658
90924: 0.536574
90925: 0.536568
90926: 0.536573
90927: 0.536567
90928: 0.536561
90929: 0.536556
90930: 0.536561
90931: 0.536566
90932: 0.536571
90933: 0.536565
90934: 0.53657
90935: 0.536575
90936: 0.536569
90937: 0.536574
90938: 0.536579
90939: 0.536585
90940: 0.53659
90941: 0.536584
90942: 0.536578
90943: 0.536583
90944: 0.536577
90945: 0.536571
90946: 0.536576
90947: 0.53657
90948: 0.536575
90949: 0.536581
90950: 0.536575
90951: 0.536569
90952: 0.536563
90953: 0.536568
90954: 0.536573
90955: 0.536578
90956: 0.536583
90957: 0.536577
90958: 0.536571
90959: 0.536577
90960: 0.536582
90961: 0.536587
90962: 0.536592
90963: 0.536586
90964: 0.53658
90965: 0.536574
90966: 0.536579
90967: 0.536584
90968: 0.536578
90969: 0.536572
90970: 0.536578
90971: 0.536583
90972: 0.536577
90973: 0.536571
90974: 0.536565
90975: 0.53657
90976: 0.536575
90977: 0.536569
90978: 0.536574
90979: 0.536579
90980: 0.536574
90981: 0.536579
90982: 0.536584
90983: 0.536578
90984: 0.536583
90985: 0.536588
90986: 0.536593
90987: 0.536598
90988: 0.536603
90989: 0.536597
90990: 0.536603
90991: 0.536608
90992: 0.536613
90993: 0.536607
90994: 0.536601
90995: 0.536606
90996: 0.5366
90997: 0.536605
90998: 0.53661
90999: 0.536604
91000: 0.536598
91001: 0.536593
91002: 0.536598
91003: 0.536592
91004: 0.536597
91005: 0.536591
91006: 0.536585
91007: 0.536579
91008: 0.536573
91009: 0.536578
91010: 0.536573
91011: 0.536567
91012: 0.536572
91013: 0.536577
91014: 0.536582
91015: 0.536587
91016: 0.536581
91017: 0.536575
91018: 0.53658
91019: 0.536585
91020: 0.536579
91021: 0.536574
91022: 0.536579
91023: 0.536584
91024: 0.536589
91025: 0.536583
91026: 0.536588
91027: 0.536593
91028: 0.536587
91029: 0.536592
91030: 0.536597
91031: 0.536603
91032: 0.536608
91033: 0.536602
91034: 0.536607
91035: 0.536612
91036: 0.536606
91037: 0.536611
91038: 0.536616
91039: 0.53661
91040: 0.536604
91041: 0.536609
91042: 0.536615
91043: 0.53662
91044: 0.536625
91045: 0.53663
91046: 0.536624
91047: 0.536618
91048: 0.536612
91049: 0.536617
91050: 0.536611
91051: 0.536605
91052: 0.536611
91053: 0.536616
91054: 0.53661
91055: 0.536604
91056: 0.536598
91057: 0.536603
91058: 0.536597
91059: 0.536591
91060: 0.536585
91061: 0.53659
91062: 0.536596
91063: 0.536601
91064: 0.536606
91065: 0.5366
91066: 0.536594
91067: 0.536599
91068: 0.536593
91069: 0.536598
91070: 0.536603
91071: 0.536608
91072: 0.536613
91073: 0.536619
91074: 0.536613
91075: 0.536618
91076: 0.536612
91077: 0.536617
91078: 0.536622
91079: 0.536616
91080: 0.53661
91081: 0.536604
91082: 0.536609
91083: 0.536615
91084: 0.536609
91085: 0.536603
91086: 0.536608
91087: 0.536613
91088: 0.536618
91089: 0.536612
91090: 0.536606
91091: 0.5366
91092: 0.536605
91093: 0.536611
91094: 0.536616
91095: 0.53661
91096: 0.536604
91097: 0.536598
91098: 0.536603
91099: 0.536608
91100: 0.536613
91101: 0.536607
91102: 0.536612
91103: 0.536617
91104: 0.536623
91105: 0.536628
91106: 0.536633
91107: 0.536638
91108: 0.536632
91109: 0.536637
91110: 0.536642
91111: 0.536636
91112: 0.536641
91113: 0.536635
91114: 0.536641
91115: 0.536646
91116: 0.53664
91117: 0.536645
91118: 0.536639
91119: 0.536633
91120: 0.536627
91121: 0.536621
91122: 0.536615
91123: 0.536609
91124: 0.536604
91125: 0.536598
91126: 0.536603
91127: 0.536608
91128: 0.536613
91129: 0.536618
91130: 0.536612
91131: 0.536606
91132: 0.536611
91133: 0.536605
91134: 0.536611
91135: 0.536616
91136: 0.536621
91137: 0.536626
91138: 0.536631
91139: 0.536625
91140: 0.53663
91141: 0.536635
91142: 0.53664
91143: 0.536645
91144: 0.53665
91145: 0.536655
91146: 0.53665
91147: 0.536655
91148: 0.536649
91149: 0.536654
91150: 0.536659
91151: 0.536664
91152: 0.536669
91153: 0.536663
91154: 0.536668
91155: 0.536673
91156: 0.536668
91157: 0.536662
91158: 0.536656
91159: 0.53665
91160: 0.536644
91161: 0.536649
91162: 0.536654
91163: 0.536648
91164: 0.536642
91165: 0.536647
91166: 0.536642
91167: 0.536636
91168: 0.536641
91169: 0.536646
91170: 0.53664
91171: 0.536634
91172: 0.536639
91173: 0.536644
91174: 0.536638
91175: 0.536632
91176: 0.536638
91177: 0.536643
91178: 0.536648
91179: 0.536642
91180: 0.536636
91181: 0.53663
91182: 0.536635
91183: 0.536629
91184: 0.536623
91185: 0.536617
91186: 0.536623
91187: 0.536628
91188: 0.536633
91189: 0.536627
91190: 0.536632
91191: 0.536637
91192: 0.536642
91193: 0.536636
91194: 0.53663
91195: 0.536635
91196: 0.536629
91197: 0.536635
91198: 0.536629
91199: 0.536623
91200: 0.536628
91201: 0.536622
91202: 0.536627
91203: 0.536621
91204: 0.536626
91205: 0.536631
91206: 0.536625
91207: 0.536631
91208: 0.536636
91209: 0.536641
91210: 0.536635
91211: 0.53664
91212: 0.536634
91213: 0.536639
91214: 0.536633
91215: 0.536627
91216: 0.536632
91217: 0.536627
91218: 0.536621
91219: 0.536626
91220: 0.536631
91221: 0.536636
91222: 0.536641
91223: 0.536635
91224: 0.536629
91225: 0.536634
91226: 0.536628
91227: 0.536623
91228: 0.536617
91229: 0.536622
91230: 0.536627
91231: 0.536621
91232: 0.536615
91233: 0.536609
91234: 0.536603
91235: 0.536608
91236: 0.536613
91237: 0.536608
91238: 0.536613
91239: 0.536618
91240: 0.536623
91241: 0.536628
91242: 0.536633
91243: 0.536638
91244: 0.536632
91245: 0.536637
91246: 0.536631
91247: 0.536636
91248: 0.536641
91249: 0.536636
91250: 0.53663
91251: 0.536624
91252: 0.536629
91253: 0.536634
91254: 0.536628
91255: 0.536633
91256: 0.536638
91257: 0.536643
91258: 0.536637
91259: 0.536632
91260: 0.536626
91261: 0.536631
91262: 0.536625
91263: 0.536619
91264: 0.536624
91265: 0.536618
91266: 0.536612
91267: 0.536617
91268: 0.536623
91269: 0.536617
91270: 0.536622
91271: 0.536627
91272: 0.536621
91273: 0.536615
91274: 0.536609
91275: 0.536614
91276: 0.536619
91277: 0.536624
91278: 0.536618
91279: 0.536613
91280: 0.536607
91281: 0.536601
91282: 0.536606
91283: 0.5366
91284: 0.536594
91285: 0.536599
91286: 0.536593
91287: 0.536588
91288: 0.536593
91289: 0.536587
91290: 0.536581
91291: 0.536575
91292: 0.536569
91293: 0.536574
91294: 0.536579
91295: 0.536584
91296: 0.536589
91297: 0.536594
91298: 0.5366
91299: 0.536605
91300: 0.536599
91301: 0.536604
91302: 0.536609
91303: 0.536614
91304: 0.536608
91305: 0.536613
91306: 0.536607
91307: 0.536612
91308: 0.536617
91309: 0.536612
91310: 0.536606
91311: 0.536611
91312: 0.536616
91313: 0.53661
91314: 0.536604
91315: 0.536609
91316: 0.536603
91317: 0.536608
91318: 0.536602
91319: 0.536608
91320: 0.536602
91321: 0.536607
91322: 0.536612
91323: 0.536617
91324: 0.536611
91325: 0.536605
91326: 0.536599
91327: 0.536593
91328: 0.536598
91329: 0.536604
91330: 0.536609
91331: 0.536614
91332: 0.536619
91333: 0.536613
91334: 0.536607
91335: 0.536601
91336: 0.536606
91337: 0.536611
91338: 0.536616
91339: 0.536621
91340: 0.536616
91341: 0.536621
91342: 0.536615
91343: 0.536609
91344: 0.536614
91345: 0.536619
91346: 0.536624
91347: 0.536618
91348: 0.536623
91349: 0.536617
91350: 0.536612
91351: 0.536617
91352: 0.536611
91353: 0.536616
91354: 0.536621
91355: 0.536615
91356: 0.536609
91357: 0.536603
91358: 0.536597
91359: 0.536592
91360: 0.536597
91361: 0.536591
91362: 0.536585
91363: 0.53659
91364: 0.536595
91365: 0.536589
91366: 0.536583
91367: 0.536588
91368: 0.536582
91369: 0.536577
91370: 0.536582
91371: 0.536576
91372: 0.53657
91373: 0.536575
91374: 0.53658
91375: 0.536585
91376: 0.53659
91377: 0.536595
91378: 0.536589
91379: 0.536583
91380: 0.536589
91381: 0.536594
91382: 0.536588
91383: 0.536593
91384: 0.536598
91385: 0.536603
91386: 0.536608
91387: 0.536602
91388: 0.536596
91389: 0.53659
91390: 0.536585
91391: 0.53659
91392: 0.536595
91393: 0.536589
91394: 0.536594
91395: 0.536599
91396: 0.536604
91397: 0.536598
91398: 0.536603
91399: 0.536608
91400: 0.536613
91401: 0.536618
91402: 0.536624
91403: 0.536618
91404: 0.536623
91405: 0.536628
91406: 0.536633
91407: 0.536638
91408: 0.536632
91409: 0.536626
91410: 0.53662
91411: 0.536625
91412: 0.53662
91413: 0.536625
91414: 0.53663
91415: 0.536624
91416: 0.536618
91417: 0.536612
91418: 0.536606
91419: 0.5366
91420: 0.536605
91421: 0.53661
91422: 0.536616
91423: 0.53661
91424: 0.536604
91425: 0.536609
91426: 0.536603
91427: 0.536597
91428: 0.536591
91429: 0.536596
91430: 0.53659
91431: 0.536596
91432: 0.536601
91433: 0.536595
91434: 0.536589
91435: 0.536594
91436: 0.536599
91437: 0.536593
91438: 0.536598
91439: 0.536592
91440: 0.536586
91441: 0.536592
91442: 0.536597
91443: 0.536591
91444: 0.536596
91445: 0.536601
91446: 0.536606
91447: 0.536611
91448: 0.536605
91449: 0.53661
91450: 0.536604
91451: 0.536609
91452: 0.536604
91453: 0.536598
91454: 0.536592
91455: 0.536586
91456: 0.53658
91457: 0.536574
91458: 0.536579
91459: 0.536584
91460: 0.536589
91461: 0.536594
91462: 0.536599
91463: 0.536605
91464: 0.536599
91465: 0.536604
91466: 0.536609
91467: 0.536614
91468: 0.536619
91469: 0.536613
91470: 0.536607
91471: 0.536612
91472: 0.536606
91473: 0.536611
91474: 0.536617
91475: 0.536611
91476: 0.536616
91477: 0.53661
91478: 0.536615
91479: 0.53662
91480: 0.536614
91481: 0.536619
91482: 0.536624
91483: 0.536629
91484: 0.536634
91485: 0.536639
91486: 0.536634
91487: 0.536639
91488: 0.536644
91489: 0.536649
91490: 0.536654
91491: 0.536659
91492: 0.536653
91493: 0.536658
91494: 0.536663
91495: 0.536668
91496: 0.536673
91497: 0.536678
91498: 0.536683
91499: 0.536678
91500: 0.536683
91501: 0.536688
91502: 0.536682
91503: 0.536687
91504: 0.536681
91505: 0.536686
91506: 0.536691
91507: 0.536696
91508: 0.536701
91509: 0.536706
91510: 0.536701
91511: 0.536695
91512: 0.5367
91513: 0.536705
91514: 0.536699
91515: 0.536693
91516: 0.536698
91517: 0.536703
91518: 0.536697
91519: 0.536702
91520: 0.536696
91521: 0.536691
91522: 0.536685
91523: 0.536679
91524: 0.536673
91525: 0.536678
91526: 0.536683
91527: 0.536688
91528: 0.536693
91529: 0.536687
91530: 0.536692
91531: 0.536698
91532: 0.536703
91533: 0.536697
91534: 0.536691
91535: 0.536685
91536: 0.53669
91537: 0.536684
91538: 0.536678
91539: 0.536672
91540: 0.536678
91541: 0.536672
91542: 0.536677
91543: 0.536671
91544: 0.536665
91545: 0.53667
91546: 0.536675
91547: 0.53668
91548: 0.536674
91549: 0.536679
91550: 0.536684
91551: 0.53669
91552: 0.536695
91553: 0.5367
91554: 0.536705
91555: 0.53671
91556: 0.536704
91557: 0.536709
91558: 0.536703
91559: 0.536697
91560: 0.536691
91561: 0.536696
91562: 0.536702
91563: 0.536707
91564: 0.536701
91565: 0.536706
91566: 0.5367
91567: 0.536705
91568: 0.53671
91569: 0.536704
91570: 0.536709
91571: 0.536703
91572: 0.536708
91573: 0.536713
91574: 0.536708
91575: 0.536702
91576: 0.536696
91577: 0.536701
91578: 0.536695
91579: 0.5367
91580: 0.536694
91581: 0.536699
91582: 0.536704
91583: 0.536699
91584: 0.536704
91585: 0.536709
91586: 0.536714
91587: 0.536708
91588: 0.536702
91589: 0.536696
91590: 0.53669
91591: 0.536684
91592: 0.536689
91593: 0.536684
91594: 0.536678
91595: 0.536683
91596: 0.536677
91597: 0.536682
91598: 0.536676
91599: 0.53667
91600: 0.536675
91601: 0.53668
91602: 0.536675
91603: 0.53668
91604: 0.536685
91605: 0.53669
91606: 0.536695
91607: 0.5367
91608: 0.536694
91609: 0.536688
91610: 0.536693
91611: 0.536698
91612: 0.536703
91613: 0.536708
91614: 0.536713
91615: 0.536718
91616: 0.536713
91617: 0.536707
91618: 0.536701
91619: 0.536695
91620: 0.5367
91621: 0.536694
91622: 0.536699
91623: 0.536704
91624: 0.536698
91625: 0.536693
91626: 0.536687
91627: 0.536692
91628: 0.536686
91629: 0.53668
91630: 0.536685
91631: 0.536679
91632: 0.536673
91633: 0.536668
91634: 0.536673
91635: 0.536678
91636: 0.536672
91637: 0.536677
91638: 0.536682
91639: 0.536676
91640: 0.536681
91641: 0.536686
91642: 0.53668
91643: 0.536685
91644: 0.53669
91645: 0.536696
91646: 0.53669
91647: 0.536684
91648: 0.536689
91649: 0.536694
91650: 0.536699
91651: 0.536693
91652: 0.536687
91653: 0.536681
91654: 0.536686
91655: 0.536692
91656: 0.536686
91657: 0.53668
91658: 0.536685
91659: 0.53669
91660: 0.536695
91661: 0.5367
91662: 0.536705
91663: 0.536699
91664: 0.536693
91665: 0.536698
91666: 0.536704
91667: 0.536709
91668: 0.536714
91669: 0.536719
91670: 0.536724
91671: 0.536718
91672: 0.536723
91673: 0.536717
91674: 0.536722
91675: 0.536727
91676: 0.536732
91677: 0.536737
91678: 0.536742
91679: 0.536736
91680: 0.536742
91681: 0.536736
91682: 0.53673
91683: 0.536724
91684: 0.536718
91685: 0.536712
91686: 0.536706
91687: 0.536711
91688: 0.536706
91689: 0.536711
91690: 0.536716
91691: 0.53671
91692: 0.536704
91693: 0.536709
91694: 0.536703
91695: 0.536708
91696: 0.536713
91697: 0.536707
91698: 0.536713
91699: 0.536718
91700: 0.536723
91701: 0.536717
91702: 0.536722
91703: 0.536727
91704: 0.536732
91705: 0.536726
91706: 0.53672
91707: 0.536714
91708: 0.536709
91709: 0.536703
91710: 0.536708
91711: 0.536713
91712: 0.536707
91713: 0.536712
91714: 0.536706
91715: 0.536711
91716: 0.536716
91717: 0.536721
91718: 0.536715
91719: 0.53671
91720: 0.536715
91721: 0.53672
91722: 0.536714
91723: 0.536719
91724: 0.536713
91725: 0.536718
91726: 0.536712
91727: 0.536717
91728: 0.536722
91729: 0.536716
91730: 0.536722
91731: 0.536727
91732: 0.536732
91733: 0.536726
91734: 0.53672
91735: 0.536725
91736: 0.536719
91737: 0.536713
91738: 0.536707
91739: 0.536712
91740: 0.536717
91741: 0.536712
91742: 0.536717
91743: 0.536711
91744: 0.536705
91745: 0.536699
91746: 0.536704
91747: 0.536698
91748: 0.536692
91749: 0.536698
91750: 0.536692
91751: 0.536697
91752: 0.536702
91753: 0.536707
91754: 0.536712
91755: 0.536706
91756: 0.536711
91757: 0.536716
91758: 0.53671
91759: 0.536704
91760: 0.536709
91761: 0.536715
91762: 0.53672
91763: 0.536725
91764: 0.53673
91765: 0.536724
91766: 0.536729
91767: 0.536734
91768: 0.536739
91769: 0.536744
91770: 0.536738
91771: 0.536743
91772: 0.536737
91773: 0.536742
91774: 0.536747
91775: 0.536753
91776: 0.536758
91777: 0.536763
91778: 0.536768
91779: 0.536773
91780: 0.536767
91781: 0.536772
91782: 0.536766
91783: 0.53676
91784: 0.536765
91785: 0.53677
91786: 0.536764
91787: 0.536759
91788: 0.536764
91789: 0.536758
91790: 0.536752
91791: 0.536746
91792: 0.53674
91793: 0.536745
91794: 0.53675
91795: 0.536755
91796: 0.53675
91797: 0.536755
91798: 0.53676
91799: 0.536765
91800: 0.536759
91801: 0.536753
91802: 0.536747
91803: 0.536741
91804: 0.536746
91805: 0.536751
91806: 0.536756
91807: 0.536762
91808: 0.536767
91809: 0.536772
91810: 0.536777
91811: 0.536771
91812: 0.536765
91813: 0.536759
91814: 0.536753
91815: 0.536758
91816: 0.536763
91817: 0.536768
91818: 0.536763
91819: 0.536757
91820: 0.536751
91821: 0.536745
91822: 0.536739
91823: 0.536744
91824: 0.536749
91825: 0.536754
91826: 0.536748
91827: 0.536743
91828: 0.536737
91829: 0.536742
91830: 0.536736
91831: 0.53673
91832: 0.536735
91833: 0.536729
91834: 0.536723
91835: 0.536729
91836: 0.536723
91837: 0.536728
91838: 0.536722
91839: 0.536716
91840: 0.53671
91841: 0.536715
91842: 0.536709
91843: 0.536714
91844: 0.536709
91845: 0.536714
91846: 0.536708
91847: 0.536713
91848: 0.536707
91849: 0.536712
91850: 0.536706
91851: 0.5367
91852: 0.536695
91853: 0.536689
91854: 0.536694
91855: 0.536699
91856: 0.536704
91857: 0.536709
91858: 0.536703
91859: 0.536708
91860: 0.536713
91861: 0.536718
91862: 0.536723
91863: 0.536717
91864: 0.536722
91865: 0.536717
91866: 0.536722
91867: 0.536716
91868: 0.536721
91869: 0.536715
91870: 0.53672
91871: 0.536714
91872: 0.536708
91873: 0.536713
91874: 0.536718
91875: 0.536723
91876: 0.536728
91877: 0.536723
91878: 0.536728
91879: 0.536733
91880: 0.536738
91881: 0.536732
91882: 0.536726
91883: 0.53672
91884: 0.536714
91885: 0.536709
91886: 0.536714
91887: 0.536708
91888: 0.536713
91889: 0.536707
91890: 0.536701
91891: 0.536695
91892: 0.5367
91893: 0.536694
91894: 0.536689
91895: 0.536694
91896: 0.536699
91897: 0.536704
91898: 0.536709
91899: 0.536714
91900: 0.536719
91901: 0.536724
91902: 0.536729
91903: 0.536734
91904: 0.536728
91905: 0.536733
91906: 0.536727
91907: 0.536722
91908: 0.536716
91909: 0.536721
91910: 0.536715
91911: 0.536709
91912: 0.536703
91913: 0.536708
91914: 0.536713
91915: 0.536718
91916: 0.536723
91917: 0.536718
91918: 0.536723
91919: 0.536728
91920: 0.536722
91921: 0.536727
91922: 0.536732
91923: 0.536737
91924: 0.536742
91925: 0.536747
91926: 0.536752
91927: 0.536746
91928: 0.53674
91929: 0.536745
91930: 0.53674
91931: 0.536745
91932: 0.536739
91933: 0.536744
91934: 0.536749
91935: 0.536754
91936: 0.536748
91937: 0.536753
91938: 0.536758
91939: 0.536752
91940: 0.536746
91941: 0.536751
91942: 0.536746
91943: 0.53674
91944: 0.536734
91945: 0.536739
91946: 0.536744
91947: 0.536738
91948: 0.536732
91949: 0.536726
91950: 0.536721
91951: 0.536715
91952: 0.53672
91953: 0.536714
91954: 0.536719
91955: 0.536713
91956: 0.536707
91957: 0.536712
91958: 0.536717
91959: 0.536722
91960: 0.536728
91961: 0.536733
91962: 0.536738
91963: 0.536732
91964: 0.536737
91965: 0.536731
91966: 0.536725
91967: 0.53673
91968: 0.536724
91969: 0.536729
91970: 0.536734
91971: 0.536739
91972: 0.536734
91973: 0.536728
91974: 0.536722
91975: 0.536716
91976: 0.53671
91977: 0.536704
91978: 0.536709
91979: 0.536704
91980: 0.536698
91981: 0.536703
91982: 0.536708
91983: 0.536702
91984: 0.536707
91985: 0.536701
91986: 0.536706
91987: 0.536711
91988: 0.536716
91989: 0.536721
91990: 0.536726
91991: 0.536721
91992: 0.536715
91993: 0.536709
91994: 0.536703
91995: 0.536708
91996: 0.536713
91997: 0.536707
91998: 0.536712
91999: 0.536717
92000: 0.536712
92001: 0.536717
92002: 0.536722
92003: 0.536727
92004: 0.536732
92005: 0.536737
92006: 0.536731
92007: 0.536725
92008: 0.536719
92009: 0.536713
92010: 0.536708
92011: 0.536702
92012: 0.536707
92013: 0.536701
92014: 0.536706
92015: 0.5367
92016: 0.536705
92017: 0.536699
92018: 0.536694
92019: 0.536699
92020: 0.536693
92021: 0.536698
92022: 0.536703
92023: 0.536708
92024: 0.536702
92025: 0.536707
92026: 0.536712
92027: 0.536706
92028: 0.5367
92029: 0.536695
92030: 0.536689
92031: 0.536694
92032: 0.536699
92033: 0.536693
92034: 0.536698
92035: 0.536703
92036: 0.536697
92037: 0.536691
92038: 0.536696
92039: 0.536701
92040: 0.536696
92041: 0.53669
92042: 0.536684
92043: 0.536678
92044: 0.536683
92045: 0.536688
92046: 0.536682
92047: 0.536677
92048: 0.536671
92049: 0.536676
92050: 0.536681
92051: 0.536686
92052: 0.536691
92053: 0.536685
92054: 0.536679
92055: 0.536673
92056: 0.536678
92057: 0.536683
92058: 0.536688
92059: 0.536693
92060: 0.536698
92061: 0.536704
92062: 0.536709
92063: 0.536703
92064: 0.536697
92065: 0.536702
92066: 0.536707
92067: 0.536712
92068: 0.536717
92069: 0.536722
92070: 0.536716
92071: 0.536721
92072: 0.536726
92073: 0.53672
92074: 0.536725
92075: 0.53672
92076: 0.536714
92077: 0.536708
92078: 0.536713
92079: 0.536718
92080: 0.536723
92081: 0.536728
92082: 0.536722
92083: 0.536727
92084: 0.536732
92085: 0.536737
92086: 0.536742
92087: 0.536737
92088: 0.536731
92089: 0.536736
92090: 0.53673
92091: 0.536724
92092: 0.536718
92093: 0.536723
92094: 0.536728
92095: 0.536723
92096: 0.536728
92097: 0.536722
92098: 0.536716
92099: 0.536721
92100: 0.536715
92101: 0.536709
92102: 0.536714
92103: 0.536719
92104: 0.536724
92105: 0.536729
92106: 0.536734
92107: 0.536729
92108: 0.536734
92109: 0.536728
92110: 0.536733
92111: 0.536727
92112: 0.536721
92113: 0.536726
92114: 0.536731
92115: 0.536725
92116: 0.53673
92117: 0.536735
92118: 0.536741
92119: 0.536746
92120: 0.53674
92121: 0.536745
92122: 0.536739
92123: 0.536733
92124: 0.536738
92125: 0.536743
92126: 0.536737
92127: 0.536732
92128: 0.536726
92129: 0.536731
92130: 0.536736
92131: 0.536741
92132: 0.536735
92133: 0.536729
92134: 0.536734
92135: 0.536728
92136: 0.536722
92137: 0.536728
92138: 0.536733
92139: 0.536738
92140: 0.536732
92141: 0.536726
92142: 0.53672
92143: 0.536714
92144: 0.536719
92145: 0.536713
92146: 0.536719
92147: 0.536724
92148: 0.536718
92149: 0.536723
92150: 0.536717
92151: 0.536711
92152: 0.536705
92153: 0.536699
92154: 0.536694
92155: 0.536688
92156: 0.536682
92157: 0.536687
92158: 0.536681
92159: 0.536686
92160: 0.53668
92161: 0.536675
92162: 0.53668
92163: 0.536674
92164: 0.536668
92165: 0.536673
92166: 0.536678
92167: 0.536672
92168: 0.536666
92169: 0.536671
92170: 0.536676
92171: 0.536681
92172: 0.536676
92173: 0.53667
92174: 0.536675
92175: 0.536669
92176: 0.536674
92177: 0.536679
92178: 0.536684
92179: 0.536678
92180: 0.536672
92181: 0.536677
92182: 0.536672
92183: 0.536677
92184: 0.536682
92185: 0.536676
92186: 0.53667
92187: 0.536675
92188: 0.53668
92189: 0.536685
92190: 0.536679
92191: 0.536673
92192: 0.536668
92193: 0.536662
92194: 0.536656
92195: 0.536661
92196: 0.536666
92197: 0.536671
92198: 0.536676
92199: 0.53667
92200: 0.536664
92201: 0.536659
92202: 0.536653
92203: 0.536658
92204: 0.536652
92205: 0.536657
92206: 0.536662
92207: 0.536656
92208: 0.536661
92209: 0.536666
92210: 0.53666
92211: 0.536666
92212: 0.536671
92213: 0.536676
92214: 0.53667
92215: 0.536664
92216: 0.536669
92217: 0.536663
92218: 0.536657
92219: 0.536662
92220: 0.536657
92221: 0.536662
92222: 0.536667
92223: 0.536672
92224: 0.536666
92225: 0.53666
92226: 0.536654
92227: 0.536659
92228: 0.536664
92229: 0.536658
92230: 0.536653
92231: 0.536658
92232: 0.536663
92233: 0.536668
92234: 0.536662
92235: 0.536667
92236: 0.536661
92237: 0.536655
92238: 0.53666
92239: 0.536665
92240: 0.536659
92241: 0.536654
92242: 0.536648
92243: 0.536642
92244: 0.536647
92245: 0.536641
92246: 0.536635
92247: 0.53663
92248: 0.536635
92249: 0.53664
92250: 0.536645
92251: 0.536639
92252: 0.536633
92253: 0.536627
92254: 0.536632
92255: 0.536637
92256: 0.536631
92257: 0.536626
92258: 0.53662
92259: 0.536625
92260: 0.53663
92261: 0.536635
92262: 0.536629
92263: 0.536634
92264: 0.536639
92265: 0.536644
92266: 0.536649
92267: 0.536654
92268: 0.536648
92269: 0.536653
92270: 0.536658
92271: 0.536663
92272: 0.536658
92273: 0.536663
92274: 0.536657
92275: 0.536662
92276: 0.536667
92277: 0.536672
92278: 0.536666
92279: 0.53666
92280: 0.536665
92281: 0.53667
92282: 0.536675
92283: 0.536669
92284: 0.536664
92285: 0.536658
92286: 0.536663
92287: 0.536668
92288: 0.536662
92289: 0.536656
92290: 0.536661
92291: 0.536666
92292: 0.536671
92293: 0.536676
92294: 0.536681
92295: 0.536686
92296: 0.536691
92297: 0.536696
92298: 0.536701
92299: 0.536706
92300: 0.536701
92301: 0.536706
92302: 0.536711
92303: 0.536705
92304: 0.53671
92305: 0.536715
92306: 0.536709
92307: 0.536714
92308: 0.536708
92309: 0.536702
92310: 0.536697
92311: 0.536702
92312: 0.536696
92313: 0.536701
92314: 0.536695
92315: 0.5367
92316: 0.536705
92317: 0.536699
92318: 0.536704
92319: 0.536709
92320: 0.536714
92321: 0.536708
92322: 0.536703
92323: 0.536697
92324: 0.536702
92325: 0.536696
92326: 0.53669
92327: 0.536684
92328: 0.536689
92329: 0.536694
92330: 0.536699
92331: 0.536705
92332: 0.53671
92333: 0.536715
92334: 0.53672
92335: 0.536725
92336: 0.536719
92337: 0.536713
92338: 0.536718
92339: 0.536712
92340: 0.536717
92341: 0.536722
92342: 0.536727
92343: 0.536721
92344: 0.536716
92345: 0.536721
92346: 0.536726
92347: 0.536731
92348: 0.536725
92349: 0.53673
92350: 0.536724
92351: 0.536729
92352: 0.536734
92353: 0.536739
92354: 0.536733
92355: 0.536727
92356: 0.536732
92357: 0.536727
92358: 0.536721
92359: 0.536715
92360: 0.536709
92361: 0.536703
92362: 0.536698
92363: 0.536703
92364: 0.536708
92365: 0.536713
92366: 0.536718
92367: 0.536712
92368: 0.536717
92369: 0.536722
92370: 0.536727
92371: 0.536721
92372: 0.536726
92373: 0.536731
92374: 0.536736
92375: 0.536741
92376: 0.536735
92377: 0.53673
92378: 0.536724
92379: 0.536718
92380: 0.536712
92381: 0.536706
92382: 0.536711
92383: 0.536716
92384: 0.536721
92385: 0.536726
92386: 0.536721
92387: 0.536726
92388: 0.536731
92389: 0.536725
92390: 0.53673
92391: 0.536724
92392: 0.536729
92393: 0.536734
92394: 0.536728
92395: 0.536733
92396: 0.536738
92397: 0.536743
92398: 0.536748
92399: 0.536753
92400: 0.536747
92401: 0.536752
92402: 0.536757
92403: 0.536762
92404: 0.536767
92405: 0.536762
92406: 0.536767
92407: 0.536772
92408: 0.536766
92409: 0.53676
92410: 0.536765
92411: 0.536759
92412: 0.536753
92413: 0.536748
92414: 0.536742
92415: 0.536736
92416: 0.53673
92417: 0.536735
92418: 0.53674
92419: 0.536734
92420: 0.536729
92421: 0.536734
92422: 0.536728
92423: 0.536722
92424: 0.536727
92425: 0.536732
92426: 0.536726
92427: 0.53672
92428: 0.536725
92429: 0.53672
92430: 0.536725
92431: 0.53673
92432: 0.536735
92433: 0.53674
92434: 0.536745
92435: 0.53675
92436: 0.536755
92437: 0.53676
92438: 0.536754
92439: 0.536748
92440: 0.536753
92441: 0.536758
92442: 0.536752
92443: 0.536747
92444: 0.536741
92445: 0.536735
92446: 0.536729
92447: 0.536723
92448: 0.536728
92449: 0.536723
92450: 0.536717
92451: 0.536722
92452: 0.536727
92453: 0.536732
92454: 0.536726
92455: 0.536731
92456: 0.536725
92457: 0.53673
92458: 0.536735
92459: 0.53674
92460: 0.536745
92461: 0.53675
92462: 0.536744
92463: 0.536739
92464: 0.536744
92465: 0.536738
92466: 0.536732
92467: 0.536737
92468: 0.536731
92469: 0.536725
92470: 0.53673
92471: 0.536725
92472: 0.53673
92473: 0.536724
92474: 0.536718
92475: 0.536712
92476: 0.536706
92477: 0.536701
92478: 0.536706
92479: 0.536711
92480: 0.536705
92481: 0.536699
92482: 0.536693
92483: 0.536698
92484: 0.536692
92485: 0.536687
92486: 0.536692
92487: 0.536686
92488: 0.53668
92489: 0.536674
92490: 0.536668
92491: 0.536663
92492: 0.536668
92493: 0.536662
92494: 0.536656
92495: 0.536661
92496: 0.536666
92497: 0.53666
92498: 0.536665
92499: 0.53667
92500: 0.536664
92501: 0.536659
92502: 0.536664
92503: 0.536658
92504: 0.536652
92505: 0.536657
92506: 0.536662
92507: 0.536656
92508: 0.53665
92509: 0.536655
92510: 0.536661
92511: 0.536666
92512: 0.536671
92513: 0.536676
92514: 0.53667
92515: 0.536664
92516: 0.536669
92517: 0.536663
92518: 0.536668
92519: 0.536673
92520: 0.536678
92521: 0.536672
92522: 0.536677
92523: 0.536672
92524: 0.536677
92525: 0.536682
92526: 0.536676
92527: 0.536681
92528: 0.536686
92529: 0.53668
92530: 0.536674
92531: 0.536668
92532: 0.536673
92533: 0.536678
92534: 0.536673
92535: 0.536678
92536: 0.536683
92537: 0.536688
92538: 0.536693
92539: 0.536698
92540: 0.536703
92541: 0.536697
92542: 0.536702
92543: 0.536707
92544: 0.536701
92545: 0.536695
92546: 0.536689
92547: 0.536684
92548: 0.536678
92549: 0.536672
92550: 0.536677
92551: 0.536682
92552: 0.536676
92553: 0.53667
92554: 0.536665
92555: 0.536659
92556: 0.536653
92557: 0.536647
92558: 0.536652
92559: 0.536646
92560: 0.536641
92561: 0.536635
92562: 0.536629
92563: 0.536634
92564: 0.536639
92565: 0.536644
92566: 0.536649
92567: 0.536643
92568: 0.536648
92569: 0.536643
92570: 0.536648
92571: 0.536653
92572: 0.536658
92573: 0.536652
92574: 0.536646
92575: 0.536651
92576: 0.536656
92577: 0.536661
92578: 0.536655
92579: 0.536649
92580: 0.536654
92581: 0.536659
92582: 0.536654
92583: 0.536648
92584: 0.536642
92585: 0.536636
92586: 0.53663
92587: 0.536625
92588: 0.53663
92589: 0.536624
92590: 0.536618
92591: 0.536623
92592: 0.536628
92593: 0.536633
92594: 0.536627
92595: 0.536632
92596: 0.536637
92597: 0.536631
92598: 0.536626
92599: 0.53662
92600: 0.536625
92601: 0.53663
92602: 0.536624
92603: 0.536618
92604: 0.536623
92605: 0.536628
92606: 0.536633
92607: 0.536628
92608: 0.536622
92609: 0.536627
92610: 0.536621
92611: 0.536615
92612: 0.536609
92613: 0.536604
92614: 0.536609
92615: 0.536603
92616: 0.536608
92617: 0.536602
92618: 0.536596
92619: 0.53659
92620: 0.536595
92621: 0.5366
92622: 0.536595
92623: 0.536589
92624: 0.536594
92625: 0.536588
92626: 0.536582
92627: 0.536587
92628: 0.536581
92629: 0.536586
92630: 0.536581
92631: 0.536575
92632: 0.536569
92633: 0.536574
92634: 0.536568
92635: 0.536562
92636: 0.536557
92637: 0.536551
92638: 0.536556
92639: 0.53655
92640: 0.536555
92641: 0.53656
92642: 0.536554
92643: 0.536549
92644: 0.536554
92645: 0.536559
92646: 0.536564
92647: 0.536558
92648: 0.536552
92649: 0.536546
92650: 0.53654
92651: 0.536545
92652: 0.53654
92653: 0.536534
92654: 0.536528
92655: 0.536533
92656: 0.536538
92657: 0.536532
92658: 0.536526
92659: 0.536531
92660: 0.536536
92661: 0.536531
92662: 0.536525
92663: 0.536519
92664: 0.536513
92665: 0.536507
92666: 0.536502
92667: 0.536507
92668: 0.536512
92669: 0.536506
92670: 0.5365
92671: 0.536494
92672: 0.536499
92673: 0.536494
92674: 0.536499
92675: 0.536504
92676: 0.536498
92677: 0.536492
92678: 0.536497
92679: 0.536502
92680: 0.536507
92681: 0.536501
92682: 0.536495
92683: 0.53649
92684: 0.536495
92685: 0.5365
92686: 0.536494
92687: 0.536499
92688: 0.536504
92689: 0.536509
92690: 0.536503
92691: 0.536497
92692: 0.536502
92693: 0.536507
92694: 0.536501
92695: 0.536506
92696: 0.536501
92697: 0.536506
92698: 0.5365
92699: 0.536505
92700: 0.53651
92701: 0.536515
92702: 0.536509
92703: 0.536503
92704: 0.536497
92705: 0.536502
92706: 0.536497
92707: 0.536502
92708: 0.536496
92709: 0.53649
92710: 0.536484
92711: 0.536479
92712: 0.536473
92713: 0.536478
92714: 0.536472
92715: 0.536477
92716: 0.536482
92717: 0.536487
92718: 0.536492
92719: 0.536486
92720: 0.53648
92721: 0.536475
92722: 0.53648
92723: 0.536474
92724: 0.536468
92725: 0.536473
92726: 0.536478
92727: 0.536472
92728: 0.536477
92729: 0.536482
92730: 0.536487
92731: 0.536481
92732: 0.536476
92733: 0.536481
92734: 0.536486
92735: 0.53648
92736: 0.536485
92737: 0.536479
92738: 0.536473
92739: 0.536468
92740: 0.536462
92741: 0.536456
92742: 0.536461
92743: 0.536466
92744: 0.53646
92745: 0.536465
92746: 0.53647
92747: 0.536464
92748: 0.536459
92749: 0.536453
92750: 0.536447
92751: 0.536452
92752: 0.536446
92753: 0.536451
92754: 0.536456
92755: 0.536461
92756: 0.536466
92757: 0.536471
92758: 0.536476
92759: 0.536481
92760: 0.536486
92761: 0.53648
92762: 0.536485
92763: 0.53648
92764: 0.536474
92765: 0.536479
92766: 0.536473
92767: 0.536467
92768: 0.536462
92769: 0.536467
92770: 0.536461
92771: 0.536455
92772: 0.536449
92773: 0.536454
92774: 0.536459
92775: 0.536464
92776: 0.536469
92777: 0.536463
92778: 0.536468
92779: 0.536473
92780: 0.536478
92781: 0.536483
92782: 0.536488
92783: 0.536483
92784: 0.536477
92785: 0.536482
92786: 0.536476
92787: 0.53647
92788: 0.536464
92789: 0.536469
92790: 0.536464
92791: 0.536469
92792: 0.536474
92793: 0.536479
92794: 0.536473
92795: 0.536478
92796: 0.536483
92797: 0.536477
92798: 0.536482
92799: 0.536476
92800: 0.536471
92801: 0.536465
92802: 0.53647
92803: 0.536475
92804: 0.53648
92805: 0.536485
92806: 0.53649
92807: 0.536495
92808: 0.536489
92809: 0.536483
92810: 0.536488
92811: 0.536493
92812: 0.536498
92813: 0.536492
92814: 0.536487
92815: 0.536481
92816: 0.536475
92817: 0.53648
92818: 0.536485
92819: 0.53649
92820: 0.536484
92821: 0.536478
92822: 0.536483
92823: 0.536478
92824: 0.536483
92825: 0.536488
92826: 0.536482
92827: 0.536476
92828: 0.536481
92829: 0.536486
92830: 0.536491
92831: 0.536485
92832: 0.536479
92833: 0.536484
92834: 0.536489
92835: 0.536494
92836: 0.536499
92837: 0.536504
92838: 0.536499
92839: 0.536504
92840: 0.536498
92841: 0.536503
92842: 0.536497
92843: 0.536491
92844: 0.536486
92845: 0.536491
92846: 0.536496
92847: 0.53649
92848: 0.536495
92849: 0.5365
92850: 0.536494
92851: 0.536499
92852: 0.536504
92853: 0.536509
92854: 0.536503
92855: 0.536508
92856: 0.536513
92857: 0.536507
92858: 0.536502
92859: 0.536507
92860: 0.536512
92861: 0.536517
92862: 0.536522
92863: 0.536516
92864: 0.536521
92865: 0.536515
92866: 0.536509
92867: 0.536503
92868: 0.536508
92869: 0.536513
92870: 0.536508
92871: 0.536513
92872: 0.536507
92873: 0.536512
92874: 0.536506
92875: 0.536511
92876: 0.536516
92877: 0.536521
92878: 0.536526
92879: 0.536531
92880: 0.536536
92881: 0.536541
92882: 0.536535
92883: 0.536529
92884: 0.536524
92885: 0.536518
92886: 0.536523
92887: 0.536517
92888: 0.536511
92889: 0.536506
92890: 0.5365
92891: 0.536505
92892: 0.536499
92893: 0.536493
92894: 0.536487
92895: 0.536482
92896: 0.536476
92897: 0.536481
92898: 0.536475
92899: 0.53648
92900: 0.536474
92901: 0.536479
92902: 0.536484
92903: 0.536479
92904: 0.536473
92905: 0.536467
92906: 0.536472
92907: 0.536466
92908: 0.536471
92909: 0.536476
92910: 0.53647
92911: 0.536475
92912: 0.53648
92913: 0.536475
92914: 0.536469
92915: 0.536474
92916: 0.536468
92917: 0.536473
92918: 0.536478
92919: 0.536472
92920: 0.536466
92921: 0.536461
92922: 0.536466
92923: 0.53646
92924: 0.536465
92925: 0.536459
92926: 0.536464
92927: 0.536458
92928: 0.536463
92929: 0.536458
92930: 0.536452
92931: 0.536446
92932: 0.53644
92933: 0.536434
92934: 0.536429
92935: 0.536423
92936: 0.536417
92937: 0.536422
92938: 0.536427
92939: 0.536421
92940: 0.536416
92941: 0.53641
92942: 0.536404
92943: 0.536398
92944: 0.536392
92945: 0.536397
92946: 0.536402
92947: 0.536407
92948: 0.536412
92949: 0.536417
92950: 0.536412
92951: 0.536417
92952: 0.536422
92953: 0.536427
92954: 0.536421
92955: 0.536415
92956: 0.53642
92957: 0.536425
92958: 0.53643
92959: 0.536424
92960: 0.536429
92961: 0.536423
92962: 0.536418
92963: 0.536423
92964: 0.536417
92965: 0.536411
92966: 0.536405
92967: 0.5364
92968: 0.536394
92969: 0.536388
92970: 0.536382
92971: 0.536377
92972: 0.536371
92973: 0.536365
92974: 0.53637
92975: 0.536375
92976: 0.53638
92977: 0.536374
92978: 0.536368
92979: 0.536373
92980: 0.536378
92981: 0.536373
92982: 0.536378
92983: 0.536372
92984: 0.536377
92985: 0.536371
92986: 0.536376
92987: 0.536381
92988: 0.536386
92989: 0.53638
92990: 0.536374
92991: 0.536369
92992: 0.536363
92993: 0.536368
92994: 0.536373
92995: 0.536378
92996: 0.536372
92997: 0.536366
92998: 0.536371
92999: 0.536366
93000: 0.536371
93001: 0.536365
93002: 0.536359
93003: 0.536353
93004: 0.536358
93005: 0.536363
93006: 0.536357
93007: 0.536362
93008: 0.536357
93009: 0.536362
93010: 0.536356
93011: 0.53635
93012: 0.536344
93013: 0.536349
93014: 0.536354
93015: 0.536359
93016: 0.536354
93017: 0.536359
93018: 0.536353
93019: 0.536347
93020: 0.536352
93021: 0.536357
93022: 0.536362
93023: 0.536356
93024: 0.536361
93025: 0.536355
93026: 0.53636
93027: 0.536355
93028: 0.53636
93029: 0.536354
93030: 0.536359
93031: 0.536364
93032: 0.536358
93033: 0.536352
93034: 0.536357
93035: 0.536362
93036: 0.536357
93037: 0.536361
93038: 0.536356
93039: 0.53635
93040: 0.536355
93041: 0.53636
93042: 0.536354
93043: 0.536348
93044: 0.536353
93045: 0.536358
93046: 0.536363
93047: 0.536368
93048: 0.536373
93049: 0.536368
93050: 0.536373
93051: 0.536378
93052: 0.536372
93053: 0.536377
93054: 0.536371
93055: 0.536365
93056: 0.53637
93057: 0.536375
93058: 0.53638
93059: 0.536385
93060: 0.536379
93061: 0.536384
93062: 0.536379
93063: 0.536373
93064: 0.536367
93065: 0.536372
93066: 0.536377
93067: 0.536382
93068: 0.536376
93069: 0.536381
93070: 0.536375
93071: 0.53637
93072: 0.536364
93073: 0.536369
93074: 0.536363
93075: 0.536368
93076: 0.536373
93077: 0.536367
93078: 0.536372
93079: 0.536367
93080: 0.536361
93081: 0.536366
93082: 0.536371
93083: 0.536376
93084: 0.53637
93085: 0.536364
93086: 0.536358
93087: 0.536353
93088: 0.536347
93089: 0.536341
93090: 0.536346
93091: 0.536351
93092: 0.536356
93093: 0.536361
93094: 0.536366
93095: 0.53636
93096: 0.536355
93097: 0.53636
93098: 0.536365
93099: 0.536369
93100: 0.536374
93101: 0.536379
93102: 0.536374
93103: 0.536368
93104: 0.536362
93105: 0.536356
93106: 0.536361
93107: 0.536366
93108: 0.536361
93109: 0.536366
93110: 0.536371
93111: 0.536376
93112: 0.536381
93113: 0.536386
93114: 0.53639
93115: 0.536395
93116: 0.53639
93117: 0.536384
93118: 0.536378
93119: 0.536383
93120: 0.536388
93121: 0.536393
93122: 0.536398
93123: 0.536403
93124: 0.536408
93125: 0.536413
93126: 0.536407
93127: 0.536402
93128: 0.536406
93129: 0.536411
93130: 0.536406
93131: 0.536411
93132: 0.536405
93133: 0.53641
93134: 0.536404
93135: 0.536409
93136: 0.536414
93137: 0.536419
93138: 0.536413
93139: 0.536408
93140: 0.536413
93141: 0.536418
93142: 0.536422
93143: 0.536427
93144: 0.536422
93145: 0.536416
93146: 0.536421
93147: 0.536415
93148: 0.536409
93149: 0.536404
93150: 0.536398
93151: 0.536392
93152: 0.536397
93153: 0.536402
93154: 0.536407
93155: 0.536412
93156: 0.536406
93157: 0.536411
93158: 0.536406
93159: 0.5364
93160: 0.536405
93161: 0.53641
93162: 0.536404
93163: 0.536409
93164: 0.536403
93165: 0.536397
93166: 0.536392
93167: 0.536397
93168: 0.536402
93169: 0.536396
93170: 0.53639
93171: 0.536395
93172: 0.536389
93173: 0.536394
93174: 0.536399
93175: 0.536404
93176: 0.536409
93177: 0.536414
93178: 0.536419
93179: 0.536413
93180: 0.536418
93181: 0.536423
93182: 0.536428
93183: 0.536423
93184: 0.536417
93185: 0.536411
93186: 0.536416
93187: 0.536421
93188: 0.536426
93189: 0.536431
93190: 0.536436
93191: 0.53643
93192: 0.536424
93193: 0.536419
93194: 0.536413
93195: 0.536407
93196: 0.536412
93197: 0.536417
93198: 0.536411
93199: 0.536406
93200: 0.536411
93201: 0.536405
93202: 0.53641
93203: 0.536404
93204: 0.536409
93205: 0.536403
93206: 0.536408
93207: 0.536413
93208: 0.536407
93209: 0.536412
93210: 0.536407
93211: 0.536412
93212: 0.536406
93213: 0.5364
93214: 0.536405
93215: 0.53641
93216: 0.536404
93217: 0.536399
93218: 0.536393
93219: 0.536398
93220: 0.536403
93221: 0.536408
93222: 0.536402
93223: 0.536407
93224: 0.536412
93225: 0.536417
93226: 0.536411
93227: 0.536416
93228: 0.53641
93229: 0.536415
93230: 0.53642
93231: 0.536415
93232: 0.53642
93233: 0.536414
93234: 0.536419
93235: 0.536424
93236: 0.536429
93237: 0.536423
93238: 0.536417
93239: 0.536422
93240: 0.536427
93241: 0.536421
93242: 0.536426
93243: 0.536431
93244: 0.536436
93245: 0.536431
93246: 0.536435
93247: 0.53644
93248: 0.536435
93249: 0.53644
93250: 0.536445
93251: 0.53645
93252: 0.536455
93253: 0.53646
93254: 0.536465
93255: 0.53647
93256: 0.536464
93257: 0.536458
93258: 0.536452
93259: 0.536446
93260: 0.536441
93261: 0.536435
93262: 0.536429
93263: 0.536434
93264: 0.536428
93265: 0.536433
93266: 0.536438
93267: 0.536443
93268: 0.536448
93269: 0.536443
93270: 0.536437
93271: 0.536442
93272: 0.536436
93273: 0.53643
93274: 0.536425
93275: 0.536419
93276: 0.536424
93277: 0.536429
93278: 0.536434
93279: 0.536428
93280: 0.536422
93281: 0.536427
93282: 0.536432
93283: 0.536437
93284: 0.536431
93285: 0.536426
93286: 0.536431
93287: 0.536436
93288: 0.536441
93289: 0.536445
93290: 0.53644
93291: 0.536434
93292: 0.536439
93293: 0.536444
93294: 0.536449
93295: 0.536454
93296: 0.536459
93297: 0.536453
93298: 0.536458
93299: 0.536463
93300: 0.536468
93301: 0.536462
93302: 0.536456
93303: 0.536461
93304: 0.536456
93305: 0.536461
93306: 0.536466
93307: 0.536471
93308: 0.536465
93309: 0.536459
93310: 0.536453
93311: 0.536458
93312: 0.536463
93313: 0.536468
93314: 0.536473
93315: 0.536467
93316: 0.536472
93317: 0.536477
93318: 0.536482
93319: 0.536487
93320: 0.536482
93321: 0.536487
93322: 0.536492
93323: 0.536497
93324: 0.536491
93325: 0.536485
93326: 0.536479
93327: 0.536474
93328: 0.536468
93329: 0.536462
93330: 0.536456
93331: 0.536461
93332: 0.536466
93333: 0.53646
93334: 0.536455
93335: 0.53646
93336: 0.536454
93337: 0.536459
93338: 0.536464
93339: 0.536469
93340: 0.536463
93341: 0.536457
93342: 0.536462
93343: 0.536467
93344: 0.536462
93345: 0.536466
93346: 0.536461
93347: 0.536466
93348: 0.536471
93349: 0.536476
93350: 0.536481
93351: 0.536486
93352: 0.53648
93353: 0.536474
93354: 0.536479
93355: 0.536473
93356: 0.536478
93357: 0.536483
93358: 0.536477
93359: 0.536472
93360: 0.536477
93361: 0.536482
93362: 0.536487
93363: 0.536492
93364: 0.536497
93365: 0.536502
93366: 0.536496
93367: 0.536501
93368: 0.536506
93369: 0.536511
93370: 0.536505
93371: 0.53651
93372: 0.536515
93373: 0.536509
93374: 0.536503
93375: 0.536498
93376: 0.536492
93377: 0.536497
93378: 0.536491
93379: 0.536485
93380: 0.53648
93381: 0.536485
93382: 0.536479
93383: 0.536484
93384: 0.536489
93385: 0.536483
93386: 0.536488
93387: 0.536493
93388: 0.536498
93389: 0.536503
93390: 0.536497
93391: 0.536491
93392: 0.536486
93393: 0.53648
93394: 0.536485
93395: 0.53649
93396: 0.536484
93397: 0.536489
93398: 0.536483
93399: 0.536488
93400: 0.536493
93401: 0.536487
93402: 0.536492
93403: 0.536497
93404: 0.536502
93405: 0.536507
93406: 0.536512
93407: 0.536517
93408: 0.536511
93409: 0.536516
93410: 0.536511
93411: 0.536505
93412: 0.536499
93413: 0.536493
93414: 0.536498
93415: 0.536493
93416: 0.536487
93417: 0.536492
93418: 0.536486
93419: 0.536491
93420: 0.536496
93421: 0.53649
93422: 0.536485
93423: 0.53649
93424: 0.536495
93425: 0.536489
93426: 0.536494
93427: 0.536499
93428: 0.536504
93429: 0.536509
93430: 0.536503
93431: 0.536497
93432: 0.536502
93433: 0.536507
93434: 0.536512
93435: 0.536506
93436: 0.536501
93437: 0.536495
93438: 0.5365
93439: 0.536505
93440: 0.536499
93441: 0.536504
93442: 0.536498
93443: 0.536503
93444: 0.536497
93445: 0.536492
93446: 0.536497
93447: 0.536502
93448: 0.536496
93449: 0.53649
93450: 0.536484
93451: 0.536489
93452: 0.536484
93453: 0.536478
93454: 0.536472
93455: 0.536477
93456: 0.536482
93457: 0.536487
93458: 0.536492
93459: 0.536497
93460: 0.536502
93461: 0.536496
93462: 0.536501
93463: 0.536495
93464: 0.5365
93465: 0.536495
93466: 0.536489
93467: 0.536494
93468: 0.536488
93469: 0.536493
93470: 0.536487
93471: 0.536482
93472: 0.536476
93473: 0.536481
93474: 0.536475
93475: 0.53648
93476: 0.536485
93477: 0.53649
93478: 0.536484
93479: 0.536489
93480: 0.536483
93481: 0.536488
93482: 0.536493
93483: 0.536498
93484: 0.536492
93485: 0.536487
93486: 0.536481
93487: 0.536475
93488: 0.53648
93489: 0.536485
93490: 0.536479
93491: 0.536484
93492: 0.536489
93493: 0.536484
93494: 0.536478
93495: 0.536483
93496: 0.536488
93497: 0.536493
93498: 0.536487
93499: 0.536481
93500: 0.536476
93501: 0.53647
93502: 0.536475
93503: 0.53648
93504: 0.536485
93505: 0.536479
93506: 0.536473
93507: 0.536478
93508: 0.536472
93509: 0.536467
93510: 0.536461
93511: 0.536466
93512: 0.536471
93513: 0.536476
93514: 0.53647
93515: 0.536464
93516: 0.536469
93517: 0.536464
93518: 0.536458
93519: 0.536463
93520: 0.536468
93521: 0.536473
93522: 0.536478
93523: 0.536483
93524: 0.536477
93525: 0.536471
93526: 0.536476
93527: 0.536481
93528: 0.536486
93529: 0.53648
93530: 0.536475
93531: 0.536479
93532: 0.536484
93533: 0.536479
93534: 0.536473
93535: 0.536478
93536: 0.536483
93537: 0.536488
93538: 0.536493
93539: 0.536498
93540: 0.536492
93541: 0.536497
93542: 0.536491
93543: 0.536486
93544: 0.53649
93545: 0.536495
93546: 0.5365
93547: 0.536505
93548: 0.5365
93549: 0.536505
93550: 0.536509
93551: 0.536504
93552: 0.536498
93553: 0.536503
93554: 0.536508
93555: 0.536513
93556: 0.536507
93557: 0.536501
93558: 0.536506
93559: 0.536511
93560: 0.536506
93561: 0.5365
93562: 0.536494
93563: 0.536488
93564: 0.536493
93565: 0.536488
93566: 0.536482
93567: 0.536487
93568: 0.536492
93569: 0.536486
93570: 0.53648
93571: 0.536475
93572: 0.53648
93573: 0.536484
93574: 0.536489
93575: 0.536484
93576: 0.536478
93577: 0.536483
93578: 0.536488
93579: 0.536493
93580: 0.536498
93581: 0.536492
93582: 0.536497
93583: 0.536491
93584: 0.536496
93585: 0.536501
93586: 0.536495
93587: 0.53649
93588: 0.536484
93589: 0.536489
93590: 0.536483
93591: 0.536477
93592: 0.536472
93593: 0.536466
93594: 0.53646
93595: 0.536455
93596: 0.53646
93597: 0.536464
93598: 0.536469
93599: 0.536474
93600: 0.536469
93601: 0.536463
93602: 0.536468
93603: 0.536462
93604: 0.536467
93605: 0.536472
93606: 0.536466
93607: 0.536471
93608: 0.536466
93609: 0.53647
93610: 0.536475
93611: 0.53648
93612: 0.536485
93613: 0.53649
93614: 0.536495
93615: 0.5365
93616: 0.536505
93617: 0.53651
93618: 0.536515
93619: 0.536509
93620: 0.536504
93621: 0.536509
93622: 0.536513
93623: 0.536508
93624: 0.536502
93625: 0.536496
93626: 0.536501
93627: 0.536495
93628: 0.5365
93629: 0.536495
93630: 0.5365
93631: 0.536494
93632: 0.536499
93633: 0.536504
93634: 0.536509
93635: 0.536503
93636: 0.536508
93637: 0.536513
93638: 0.536507
93639: 0.536501
93640: 0.536496
93641: 0.53649
93642: 0.536484
93643: 0.536489
93644: 0.536484
93645: 0.536488
93646: 0.536493
93647: 0.536488
93648: 0.536493
93649: 0.536487
93650: 0.536492
93651: 0.536486
93652: 0.536491
93653: 0.536485
93654: 0.53648
93655: 0.536485
93656: 0.53649
93657: 0.536484
93658: 0.536489
93659: 0.536494
93660: 0.536499
93661: 0.536504
93662: 0.536509
93663: 0.536513
93664: 0.536508
93665: 0.536513
93666: 0.536518
93667: 0.536523
93668: 0.536528
93669: 0.536522
93670: 0.536527
93671: 0.536521
93672: 0.536526
93673: 0.536531
93674: 0.536525
93675: 0.53653
93676: 0.536524
93677: 0.536529
93678: 0.536524
93679: 0.536518
93680: 0.536523
93681: 0.536528
93682: 0.536533
93683: 0.536538
93684: 0.536543
93685: 0.536537
93686: 0.536531
93687: 0.536525
93688: 0.53652
93689: 0.536514
93690: 0.536519
93691: 0.536524
93692: 0.536518
93693: 0.536512
93694: 0.536517
93695: 0.536512
93696: 0.536506
93697: 0.5365
93698: 0.536495
93699: 0.536489
93700: 0.536483
93701: 0.536477
93702: 0.536472
93703: 0.536477
93704: 0.536482
93705: 0.536486
93706: 0.536491
93707: 0.536496
93708: 0.536491
93709: 0.536496
93710: 0.536501
93711: 0.536505
93712: 0.5365
93713: 0.536505
93714: 0.536499
93715: 0.536504
93716: 0.536509
93717: 0.536514
93718: 0.536519
93719: 0.536524
93720: 0.536518
93721: 0.536512
93722: 0.536507
93723: 0.536511
93724: 0.536506
93725: 0.536511
93726: 0.536505
93727: 0.53651
93728: 0.536515
93729: 0.53652
93730: 0.536525
93731: 0.53653
93732: 0.536524
93733: 0.536529
93734: 0.536534
93735: 0.536528
93736: 0.536533
93737: 0.536527
93738: 0.536522
93739: 0.536527
93740: 0.536532
93741: 0.536536
93742: 0.536531
93743: 0.536536
93744: 0.536541
93745: 0.536546
93746: 0.53654
93747: 0.536545
93748: 0.53655
93749: 0.536544
93750: 0.536549
93751: 0.536543
93752: 0.536537
93753: 0.536542
93754: 0.536537
93755: 0.536542
93756: 0.536536
93757: 0.53653
93758: 0.536535
93759: 0.53654
93760: 0.536545
93761: 0.536539
93762: 0.536534
93763: 0.536539
93764: 0.536533
93765: 0.536538
93766: 0.536543
93767: 0.536548
93768: 0.536542
93769: 0.536536
93770: 0.53653
93771: 0.536525
93772: 0.53653
93773: 0.536524
93774: 0.536529
93775: 0.536523
93776: 0.536528
93777: 0.536533
93778: 0.536538
93779: 0.536543
93780: 0.536548
93781: 0.536542
93782: 0.536547
93783: 0.536552
93784: 0.536546
93785: 0.536551
93786: 0.536556
93787: 0.536561
93788: 0.536566
93789: 0.536571
93790: 0.536576
93791: 0.536581
93792: 0.536575
93793: 0.53657
93794: 0.536574
93795: 0.536579
93796: 0.536584
93797: 0.536589
93798: 0.536584
93799: 0.536578
93800: 0.536572
93801: 0.536577
93802: 0.536582
93803: 0.536587
93804: 0.536592
93805: 0.536586
93806: 0.53658
93807: 0.536585
93808: 0.53658
93809: 0.536574
93810: 0.536579
93811: 0.536584
93812: 0.536589
93813: 0.536594
93814: 0.536588
93815: 0.536593
93816: 0.536587
93817: 0.536581
93818: 0.536576
93819: 0.536581
93820: 0.536575
93821: 0.536569
93822: 0.536564
93823: 0.536568
93824: 0.536573
93825: 0.536578
93826: 0.536573
93827: 0.536578
93828: 0.536583
93829: 0.536577
93830: 0.536571
93831: 0.536565
93832: 0.53657
93833: 0.536575
93834: 0.53658
93835: 0.536585
93836: 0.53659
93837: 0.536595
93838: 0.5366
93839: 0.536605
93840: 0.53661
93841: 0.536615
93842: 0.53662
93843: 0.536625
93844: 0.53663
93845: 0.536634
93846: 0.536629
93847: 0.536623
93848: 0.536628
93849: 0.536633
93850: 0.536638
93851: 0.536643
93852: 0.536648
93853: 0.536653
93854: 0.536658
93855: 0.536652
93856: 0.536657
93857: 0.536662
93858: 0.536667
93859: 0.536672
93860: 0.536666
93861: 0.53666
93862: 0.536665
93863: 0.536659
93864: 0.536664
93865: 0.536669
93866: 0.536674
93867: 0.536679
93868: 0.536673
93869: 0.536668
93870: 0.536673
93871: 0.536678
93872: 0.536683
93873: 0.536687
93874: 0.536682
93875: 0.536676
93876: 0.53667
93877: 0.536665
93878: 0.53667
93879: 0.536674
93880: 0.536679
93881: 0.536674
93882: 0.536679
93883: 0.536684
93884: 0.536689
93885: 0.536693
93886: 0.536688
93887: 0.536693
93888: 0.536687
93889: 0.536681
93890: 0.536686
93891: 0.536691
93892: 0.536696
93893: 0.536701
93894: 0.536695
93895: 0.53669
93896: 0.536694
93897: 0.536699
93898: 0.536694
93899: 0.536699
93900: 0.536693
93901: 0.536687
93902: 0.536692
93903: 0.536697
93904: 0.536702
93905: 0.536707
93906: 0.536712
93907: 0.536717
93908: 0.536711
93909: 0.536705
93910: 0.53671
93911: 0.536715
93912: 0.53672
93913: 0.536725
93914: 0.53673
93915: 0.536735
93916: 0.53674
93917: 0.536745
93918: 0.536739
93919: 0.536744
93920: 0.536749
93921: 0.536754
93922: 0.536759
93923: 0.536764
93924: 0.536758
93925: 0.536763
93926: 0.536757
93927: 0.536752
93928: 0.536746
93929: 0.536751
93930: 0.536756
93931: 0.53675
93932: 0.536755
93933: 0.536749
93934: 0.536743
93935: 0.536748
93936: 0.536743
93937: 0.536748
93938: 0.536753
93939: 0.536747
93940: 0.536741
93941: 0.536746
93942: 0.53674
93943: 0.536735
93944: 0.53674
93945: 0.536734
93946: 0.536728
93947: 0.536733
93948: 0.536738
93949: 0.536743
93950: 0.536748
93951: 0.536742
93952: 0.536736
93953: 0.536741
93954: 0.536746
93955: 0.536751
93956: 0.536756
93957: 0.536761
93958: 0.536766
93959: 0.536771
93960: 0.536776
93961: 0.536781
93962: 0.536786
93963: 0.536791
93964: 0.536796
93965: 0.536801
93966: 0.536795
93967: 0.536789
93968: 0.536783
93969: 0.536778
93970: 0.536783
93971: 0.536788
93972: 0.536792
93973: 0.536787
93974: 0.536792
93975: 0.536786
93976: 0.536791
93977: 0.536796
93978: 0.536801
93979: 0.536795
93980: 0.536789
93981: 0.536794
93982: 0.536799
93983: 0.536804
93984: 0.536798
93985: 0.536793
93986: 0.536798
93987: 0.536803
93988: 0.536797
93989: 0.536791
93990: 0.536796
93991: 0.536801
93992: 0.536806
93993: 0.536811
93994: 0.536816
93995: 0.536821
93996: 0.536815
93997: 0.536809
93998: 0.536804
93999: 0.536809
94000: 0.536813
94001: 0.536808
94002: 0.536802
94003: 0.536807
94004: 0.536812
94005: 0.536806
94006: 0.5368
94007: 0.536805
94008: 0.53681
94009: 0.536805
94010: 0.53681
94011: 0.536804
94012: 0.536809
94013: 0.536803
94014: 0.536808
94015: 0.536813
94016: 0.536818
94017: 0.536812
94018: 0.536806
94019: 0.536801
94020: 0.536806
94021: 0.5368
94022: 0.536794
94023: 0.536799
94024: 0.536804
94025: 0.536798
94026: 0.536793
94027: 0.536798
94028: 0.536792
94029: 0.536786
94030: 0.536791
94031: 0.536796
94032: 0.536801
94033: 0.536806
94034: 0.536811
94035: 0.536816
94036: 0.53681
94037: 0.536815
94038: 0.536809
94039: 0.536803
94040: 0.536798
94041: 0.536792
94042: 0.536797
94043: 0.536791
94044: 0.536786
94045: 0.53678
94046: 0.536774
94047: 0.536768
94048: 0.536773
94049: 0.536768
94050: 0.536762
94051: 0.536756
94052: 0.536761
94053: 0.536755
94054: 0.53675
94055: 0.536744
94056: 0.536738
94057: 0.536733
94058: 0.536738
94059: 0.536743
94060: 0.536737
94061: 0.536742
94062: 0.536736
94063: 0.536741
94064: 0.536746
94065: 0.536751
94066: 0.536756
94067: 0.536761
94068: 0.536766
94069: 0.53677
94070: 0.536775
94071: 0.53678
94072: 0.536785
94073: 0.53679
94074: 0.536784
94075: 0.536789
94076: 0.536784
94077: 0.536789
94078: 0.536783
94079: 0.536777
94080: 0.536782
94081: 0.536787
94082: 0.536781
94083: 0.536776
94084: 0.536781
94085: 0.536785
94086: 0.53679
94087: 0.536795
94088: 0.53679
94089: 0.536784
94090: 0.536778
94091: 0.536783
94092: 0.536777
94093: 0.536782
94094: 0.536787
94095: 0.536782
94096: 0.536787
94097: 0.536781
94098: 0.536786
94099: 0.536791
94100: 0.536785
94101: 0.536779
94102: 0.536784
94103: 0.536778
94104: 0.536773
94105: 0.536778
94106: 0.536783
94107: 0.536788
94108: 0.536792
94109: 0.536787
94110: 0.536792
94111: 0.536797
94112: 0.536802
94113: 0.536806
94114: 0.536811
94115: 0.536806
94116: 0.536811
94117: 0.536805
94118: 0.53681
94119: 0.536804
94120: 0.536798
94121: 0.536793
94122: 0.536787
94123: 0.536792
94124: 0.536797
94125: 0.536802
94126: 0.536796
94127: 0.536801
94128: 0.536806
94129: 0.5368
94130: 0.536794
94131: 0.536799
94132: 0.536794
94133: 0.536799
94134: 0.536804
94135: 0.536798
94136: 0.536803
94137: 0.536808
94138: 0.536813
94139: 0.536807
94140: 0.536812
94141: 0.536817
94142: 0.536811
94143: 0.536816
94144: 0.536821
94145: 0.536815
94146: 0.53682
94147: 0.536814
94148: 0.536819
94149: 0.536814
94150: 0.536819
94151: 0.536823
94152: 0.536828
94153: 0.536833
94154: 0.536828
94155: 0.536822
94156: 0.536816
94157: 0.53681
94158: 0.536805
94159: 0.536799
94160: 0.536793
94161: 0.536788
94162: 0.536782
94163: 0.536776
94164: 0.536781
94165: 0.536775
94166: 0.53678
94167: 0.536785
94168: 0.53678
94169: 0.536774
94170: 0.536768
94171: 0.536763
94172: 0.536767
94173: 0.536772
94174: 0.536777
94175: 0.536772
94176: 0.536776
94177: 0.536781
94178: 0.536776
94179: 0.53677
94180: 0.536764
94181: 0.536769
94182: 0.536764
94183: 0.536758
94184: 0.536752
94185: 0.536746
94186: 0.536751
94187: 0.536746
94188: 0.53674
94189: 0.536745
94190: 0.53675
94191: 0.536755
94192: 0.536749
94193: 0.536743
94194: 0.536748
94195: 0.536743
94196: 0.536747
94197: 0.536752
94198: 0.536747
94199: 0.536741
94200: 0.536746
94201: 0.536751
94202: 0.536745
94203: 0.536739
94204: 0.536734
94205: 0.536739
94206: 0.536744
94207: 0.536748
94208: 0.536753
94209: 0.536758
94210: 0.536753
94211: 0.536747
94212: 0.536741
94213: 0.536746
94214: 0.536751
94215: 0.536756
94216: 0.536761
94217: 0.536755
94218: 0.53676
94219: 0.536765
94220: 0.53677
94221: 0.536764
94222: 0.536759
94223: 0.536753
94224: 0.536758
94225: 0.536763
94226: 0.536768
94227: 0.536762
94228: 0.536756
94229: 0.536761
94230: 0.536755
94231: 0.53675
94232: 0.536755
94233: 0.536749
94234: 0.536754
94235: 0.536759
94236: 0.536764
94237: 0.536758
94238: 0.536763
94239: 0.536768
94240: 0.536773
94241: 0.536778
94242: 0.536783
94243: 0.536787
94244: 0.536782
94245: 0.536776
94246: 0.536781
94247: 0.536775
94248: 0.53677
94249: 0.536764
94250: 0.536769
94251: 0.536763
94252: 0.536768
94253: 0.536762
94254: 0.536767
94255: 0.536762
94256: 0.536767
94257: 0.536771
94258: 0.536766
94259: 0.53676
94260: 0.536765
94261: 0.53677
94262: 0.536775
94263: 0.53678
94264: 0.536785
94265: 0.53679
94266: 0.536784
94267: 0.536789
94268: 0.536783
94269: 0.536777
94270: 0.536772
94271: 0.536766
94272: 0.536771
94273: 0.536776
94274: 0.536781
94275: 0.536775
94276: 0.536769
94277: 0.536774
94278: 0.536779
94279: 0.536784
94280: 0.536789
94281: 0.536794
94282: 0.536799
94283: 0.536793
94284: 0.536798
94285: 0.536803
94286: 0.536797
94287: 0.536792
94288: 0.536796
94289: 0.536801
94290: 0.536806
94291: 0.536801
94292: 0.536795
94293: 0.5368
94294: 0.536794
94295: 0.536788
94296: 0.536783
94297: 0.536777
94298: 0.536782
94299: 0.536787
94300: 0.536781
94301: 0.536775
94302: 0.53677
94303: 0.536764
94304: 0.536769
94305: 0.536774
94306: 0.536779
94307: 0.536773
94308: 0.536778
94309: 0.536772
94310: 0.536777
94311: 0.536782
94312: 0.536776
94313: 0.536781
94314: 0.536776
94315: 0.536781
94316: 0.536786
94317: 0.53679
94318: 0.536795
94319: 0.53679
94320: 0.536795
94321: 0.536789
94322: 0.536794
94323: 0.536799
94324: 0.536793
94325: 0.536787
94326: 0.536782
94327: 0.536776
94328: 0.536781
94329: 0.536786
94330: 0.53678
94331: 0.536785
94332: 0.53679
94333: 0.536795
94334: 0.5368
94335: 0.536805
94336: 0.53681
94337: 0.536814
94338: 0.536819
94339: 0.536814
94340: 0.536819
94341: 0.536813
94342: 0.536807
94343: 0.536801
94344: 0.536796
94345: 0.53679
94346: 0.536795
94347: 0.5368
94348: 0.536794
94349: 0.536799
94350: 0.536804
94351: 0.536798
94352: 0.536793
94353: 0.536798
94354: 0.536803
94355: 0.536797
94356: 0.536791
94357: 0.536796
94358: 0.53679
94359: 0.536785
94360: 0.536779
94361: 0.536773
94362: 0.536768
94363: 0.536762
94364: 0.536767
94365: 0.536761
94366: 0.536755
94367: 0.53675
94368: 0.536744
94369: 0.536738
94370: 0.536743
94371: 0.536738
94372: 0.536732
94373: 0.536737
94374: 0.536742
94375: 0.536736
94376: 0.53673
94377: 0.536735
94378: 0.53674
94379: 0.536734
94380: 0.536729
94381: 0.536734
94382: 0.536739
94383: 0.536744
94384: 0.536748
94385: 0.536753
94386: 0.536748
94387: 0.536753
94388: 0.536747
94389: 0.536741
94390: 0.536735
94391: 0.53673
94392: 0.536724
94393: 0.536729
94394: 0.536734
94395: 0.536728
94396: 0.536733
94397: 0.536727
94398: 0.536732
94399: 0.536737
94400: 0.536732
94401: 0.536737
94402: 0.536741
94403: 0.536746
94404: 0.536741
94405: 0.536746
94406: 0.53675
94407: 0.536755
94408: 0.53675
94409: 0.536755
94410: 0.536749
94411: 0.536754
94412: 0.536759
94413: 0.536753
94414: 0.536758
94415: 0.536752
94416: 0.536757
94417: 0.536751
94418: 0.536746
94419: 0.536751
94420: 0.536756
94421: 0.536761
94422: 0.536765
94423: 0.53676
94424: 0.536754
94425: 0.536748
94426: 0.536753
94427: 0.536748
94428: 0.536742
94429: 0.536736
94430: 0.536741
94431: 0.536746
94432: 0.53674
94433: 0.536745
94434: 0.53675
94435: 0.536755
94436: 0.536749
94437: 0.536744
94438: 0.536738
94439: 0.536732
94440: 0.536737
94441: 0.536742
94442: 0.536747
94443: 0.536752
94444: 0.536757
94445: 0.536762
94446: 0.536756
94447: 0.536761
94448: 0.536766
94449: 0.536771
94450: 0.536765
94451: 0.536759
94452: 0.536754
94453: 0.536759
94454: 0.536753
94455: 0.536747
94456: 0.536752
94457: 0.536757
94458: 0.536762
94459: 0.536756
94460: 0.536761
94461: 0.536756
94462: 0.53675
94463: 0.536744
94464: 0.536738
94465: 0.536733
94466: 0.536738
94467: 0.536732
94468: 0.536726
94469: 0.536731
94470: 0.536726
94471: 0.53673
94472: 0.536735
94473: 0.53674
94474: 0.536735
94475: 0.536729
94476: 0.536723
94477: 0.536718
94478: 0.536722
94479: 0.536717
94480: 0.536722
94481: 0.536716
94482: 0.53671
94483: 0.536715
94484: 0.53671
94485: 0.536714
94486: 0.536719
94487: 0.536724
94488: 0.536729
94489: 0.536723
94490: 0.536728
94491: 0.536733
94492: 0.536738
94493: 0.536732
94494: 0.536727
94495: 0.536732
94496: 0.536726
94497: 0.53672
94498: 0.536725
94499: 0.53673
94500: 0.536735
94501: 0.53674
94502: 0.536734
94503: 0.536729
94504: 0.536723
94505: 0.536717
94506: 0.536712
94507: 0.536706
94508: 0.536711
94509: 0.536705
94510: 0.53671
94511: 0.536704
94512: 0.536699
94513: 0.536693
94514: 0.536687
94515: 0.536692
94516: 0.536697
94517: 0.536702
94518: 0.536707
94519: 0.536701
94520: 0.536696
94521: 0.53669
94522: 0.536684
94523: 0.536689
94524: 0.536683
94525: 0.536688
94526: 0.536683
94527: 0.536677
94528: 0.536671
94529: 0.536676
94530: 0.536681
94531: 0.536686
94532: 0.536691
94533: 0.536696
94534: 0.536701
94535: 0.536706
94536: 0.5367
94537: 0.536705
94538: 0.53671
94539: 0.536715
94540: 0.53672
94541: 0.536724
94542: 0.536719
94543: 0.536724
94544: 0.536718
94545: 0.536723
94546: 0.536728
94547: 0.536733
94548: 0.536727
94549: 0.536721
94550: 0.536716
94551: 0.53671
94552: 0.536715
94553: 0.53672
94554: 0.536725
94555: 0.536719
94556: 0.536724
94557: 0.536729
94558: 0.536723
94559: 0.536728
94560: 0.536733
94561: 0.536727
94562: 0.536722
94563: 0.536716
94564: 0.536721
94565: 0.536726
94566: 0.53672
94567: 0.536714
94568: 0.536709
94569: 0.536714
94570: 0.536718
94571: 0.536713
94572: 0.536718
94573: 0.536723
94574: 0.536727
94575: 0.536722
94576: 0.536716
94577: 0.536721
94578: 0.536726
94579: 0.536731
94580: 0.536736
94581: 0.536741
94582: 0.536746
94583: 0.53674
94584: 0.536745
94585: 0.536739
94586: 0.536744
94587: 0.536749
94588: 0.536743
94589: 0.536737
94590: 0.536742
94591: 0.536747
94592: 0.536752
94593: 0.536747
94594: 0.536751
94595: 0.536756
94596: 0.536751
94597: 0.536745
94598: 0.536739
94599: 0.536734
94600: 0.536728
94601: 0.536722
94602: 0.536727
94603: 0.536732
94604: 0.536726
94605: 0.536721
94606: 0.536726
94607: 0.536731
94608: 0.536735
94609: 0.53674
94610: 0.536735
94611: 0.536729
94612: 0.536734
94613: 0.536728
94614: 0.536733
94615: 0.536727
94616: 0.536732
94617: 0.536737
94618: 0.536742
94619: 0.536736
94620: 0.536731
94621: 0.536736
94622: 0.536741
94623: 0.536745
94624: 0.53675
94625: 0.536755
94626: 0.53675
94627: 0.536744
94628: 0.536738
94629: 0.536743
94630: 0.536748
94631: 0.536742
94632: 0.536747
94633: 0.536752
94634: 0.536757
94635: 0.536751
94636: 0.536756
94637: 0.536761
94638: 0.536755
94639: 0.53676
94640: 0.536755
94641: 0.53676
94642: 0.536754
94643: 0.536759
94644: 0.536764
94645: 0.536758
94646: 0.536752
94647: 0.536747
94648: 0.536741
94649: 0.536746
94650: 0.53674
94651: 0.536735
94652: 0.536739
94653: 0.536744
94654: 0.536739
94655: 0.536744
94656: 0.536748
94657: 0.536753
94658: 0.536748
94659: 0.536742
94660: 0.536736
94661: 0.536731
94662: 0.536736
94663: 0.53674
94664: 0.536745
94665: 0.53675
94666: 0.536755
94667: 0.53676
94668: 0.536754
94669: 0.536749
94670: 0.536743
94671: 0.536737
94672: 0.536742
94673: 0.536747
94674: 0.536741
94675: 0.536736
94676: 0.53673
94677: 0.536724
94678: 0.536729
94679: 0.536724
94680: 0.536729
94681: 0.536733
94682: 0.536738
94683: 0.536743
94684: 0.536748
94685: 0.536742
94686: 0.536747
94687: 0.536742
94688: 0.536747
94689: 0.536752
94690: 0.536746
94691: 0.536751
94692: 0.536745
94693: 0.53675
94694: 0.536755
94695: 0.53676
94696: 0.536765
94697: 0.53677
94698: 0.536774
94699: 0.536779
94700: 0.536784
94701: 0.536789
94702: 0.536794
94703: 0.536799
94704: 0.536804
94705: 0.536798
94706: 0.536792
94707: 0.536787
94708: 0.536781
94709: 0.536775
94710: 0.53678
94711: 0.536785
94712: 0.53678
94713: 0.536774
94714: 0.536779
94715: 0.536773
94716: 0.536767
94717: 0.536762
94718: 0.536767
94719: 0.536761
94720: 0.536755
94721: 0.53676
94722: 0.536765
94723: 0.53677
94724: 0.536775
94725: 0.536769
94726: 0.536774
94727: 0.536779
94728: 0.536773
94729: 0.536778
94730: 0.536783
94731: 0.536788
94732: 0.536782
94733: 0.536777
94734: 0.536782
94735: 0.536786
94736: 0.536791
94737: 0.536786
94738: 0.53678
94739: 0.536785
94740: 0.536779
94741: 0.536774
94742: 0.536778
94743: 0.536773
94744: 0.536778
94745: 0.536783
94746: 0.536777
94747: 0.536782
94748: 0.536776
94749: 0.53677
94750: 0.536775
94751: 0.53678
94752: 0.536785
94753: 0.53679
94754: 0.536784
94755: 0.536789
94756: 0.536794
94757: 0.536788
94758: 0.536793
94759: 0.536788
94760: 0.536793
94761: 0.536787
94762: 0.536781
94763: 0.536786
94764: 0.53678
94765: 0.536775
94766: 0.536769
94767: 0.536763
94768: 0.536768
94769: 0.536763
94770: 0.536757
94771: 0.536751
94772: 0.536756
94773: 0.536761
94774: 0.536766
94775: 0.53676
94776: 0.536765
94777: 0.53677
94778: 0.536775
94779: 0.536769
94780: 0.536774
94781: 0.536769
94782: 0.536773
94783: 0.536768
94784: 0.536762
94785: 0.536756
94786: 0.536751
94787: 0.536756
94788: 0.536761
94789: 0.536755
94790: 0.536749
94791: 0.536744
94792: 0.536738
94793: 0.536732
94794: 0.536737
94795: 0.536742
94796: 0.536736
94797: 0.536731
94798: 0.536725
94799: 0.536719
94800: 0.536714
94801: 0.536719
94802: 0.536724
94803: 0.536718
94804: 0.536712
94805: 0.536717
94806: 0.536722
94807: 0.536727
94808: 0.536732
94809: 0.536726
94810: 0.53672
94811: 0.536715
94812: 0.53672
94813: 0.536714
94814: 0.536708
94815: 0.536703
94816: 0.536708
94817: 0.536702
94818: 0.536707
94819: 0.536712
94820: 0.536717
94821: 0.536721
94822: 0.536716
94823: 0.536721
94824: 0.536726
94825: 0.53672
94826: 0.536714
94827: 0.536719
94828: 0.536713
94829: 0.536718
94830: 0.536713
94831: 0.536707
94832: 0.536701
94833: 0.536706
94834: 0.536711
94835: 0.536716
94836: 0.53671
94837: 0.536705
94838: 0.536699
94839: 0.536704
94840: 0.536709
94841: 0.536703
94842: 0.536697
94843: 0.536692
94844: 0.536697
94845: 0.536702
94846: 0.536696
94847: 0.53669
94848: 0.536685
94849: 0.53669
94850: 0.536694
94851: 0.536699
94852: 0.536694
94853: 0.536688
94854: 0.536693
94855: 0.536698
94856: 0.536703
94857: 0.536707
94858: 0.536702
94859: 0.536707
94860: 0.536712
94861: 0.536716
94862: 0.536721
94863: 0.536716
94864: 0.53671
94865: 0.536715
94866: 0.53672
94867: 0.536725
94868: 0.536719
94869: 0.536724
94870: 0.536718
94871: 0.536723
94872: 0.536718
94873: 0.536722
94874: 0.536727
94875: 0.536722
94876: 0.536726
94877: 0.536731
94878: 0.536726
94879: 0.536731
94880: 0.536735
94881: 0.53673
94882: 0.536735
94883: 0.53674
94884: 0.536744
94885: 0.536739
94886: 0.536744
94887: 0.536738
94888: 0.536732
94889: 0.536737
94890: 0.536742
94891: 0.536747
94892: 0.536741
94893: 0.536736
94894: 0.53673
94895: 0.536735
94896: 0.53674
94897: 0.536745
94898: 0.536739
94899: 0.536733
94900: 0.536738
94901: 0.536733
94902: 0.536727
94903: 0.536732
94904: 0.536737
94905: 0.536731
94906: 0.536725
94907: 0.53673
94908: 0.536735
94909: 0.53673
94910: 0.536734
94911: 0.536729
94912: 0.536734
94913: 0.536728
94914: 0.536722
94915: 0.536727
94916: 0.536722
94917: 0.536726
94918: 0.536721
94919: 0.536715
94920: 0.53672
94921: 0.536725
94922: 0.53673
94923: 0.536735
94924: 0.53674
94925: 0.536744
94926: 0.536749
94927: 0.536744
94928: 0.536738
94929: 0.536743
94930: 0.536748
94931: 0.536753
94932: 0.536758
94933: 0.536752
94934: 0.536746
94935: 0.536741
94936: 0.536745
94937: 0.53675
94938: 0.536745
94939: 0.53675
94940: 0.536754
94941: 0.536759
94942: 0.536764
94943: 0.536769
94944: 0.536774
94945: 0.536768
94946: 0.536773
94947: 0.536767
94948: 0.536762
94949: 0.536756
94950: 0.536751
94951: 0.536745
94952: 0.53675
94953: 0.536755
94954: 0.536749
94955: 0.536743
94956: 0.536738
94957: 0.536732
94958: 0.536737
94959: 0.536742
94960: 0.536736
94961: 0.536741
94962: 0.536746
94963: 0.536751
94964: 0.536756
94965: 0.536761
94966: 0.536765
94967: 0.53677
94968: 0.536775
94969: 0.53677
94970: 0.536774
94971: 0.536779
94972: 0.536784
94973: 0.536778
94974: 0.536773
94975: 0.536778
94976: 0.536772
94977: 0.536766
94978: 0.536761
94979: 0.536755
94980: 0.53676
94981: 0.536765
94982: 0.53677
94983: 0.536775
94984: 0.536779
94985: 0.536774
94986: 0.536768
94987: 0.536763
94988: 0.536767
94989: 0.536772
94990: 0.536777
94991: 0.536782
94992: 0.536787
94993: 0.536781
94994: 0.536776
94995: 0.53678
94996: 0.536785
94997: 0.53678
94998: 0.536774
94999: 0.536768
95000: 0.536763
95001: 0.536757
95002: 0.536751
95003: 0.536746
95004: 0.536751
95005: 0.536756
95006: 0.53676
95007: 0.536765
95008: 0.53677
95009: 0.536775
95010: 0.536769
95011: 0.536764
95012: 0.536758
95013: 0.536752
95014: 0.536747
95015: 0.536752
95016: 0.536746
95017: 0.536751
95018: 0.536756
95019: 0.53675
95020: 0.536745
95021: 0.536749
95022: 0.536754
95023: 0.536759
95024: 0.536764
95025: 0.536769
95026: 0.536763
95027: 0.536768
95028: 0.536773
95029: 0.536767
95030: 0.536772
95031: 0.536777
95032: 0.536782
95033: 0.536776
95034: 0.536781
95035: 0.536776
95036: 0.53678
95037: 0.536785
95038: 0.53679
95039: 0.536795
95040: 0.5368
95041: 0.536794
95042: 0.536799
95043: 0.536804
95044: 0.536798
95045: 0.536793
95046: 0.536787
95047: 0.536781
95048: 0.536786
95049: 0.536791
95050: 0.536796
95051: 0.53679
95052: 0.536795
95053: 0.5368
95054: 0.536805
95055: 0.536799
95056: 0.536804
95057: 0.536799
95058: 0.536793
95059: 0.536798
95060: 0.536803
95061: 0.536797
95062: 0.536802
95063: 0.536807
95064: 0.536801
95065: 0.536806
95066: 0.5368
95067: 0.536805
95068: 0.5368
95069: 0.536804
95070: 0.536809
95071: 0.536804
95072: 0.536798
95073: 0.536792
95074: 0.536787
95075: 0.536792
95076: 0.536796
95077: 0.536801
95078: 0.536806
95079: 0.536811
95080: 0.536816
95081: 0.53681
95082: 0.536815
95083: 0.53681
95084: 0.536804
95085: 0.536809
95086: 0.536814
95087: 0.536819
95088: 0.536813
95089: 0.536818
95090: 0.536812
95091: 0.536817
95092: 0.536822
95093: 0.536827
95094: 0.536832
95095: 0.536826
95096: 0.536831
95097: 0.536825
95098: 0.53682
95099: 0.536824
95100: 0.536819
95101: 0.536824
95102: 0.536828
95103: 0.536823
95104: 0.536817
95105: 0.536812
95106: 0.536806
95107: 0.5368
95108: 0.536805
95109: 0.536799
95110: 0.536804
95111: 0.536809
95112: 0.536814
95113: 0.536808
95114: 0.536813
95115: 0.536808
95116: 0.536802
95117: 0.536807
95118: 0.536801
95119: 0.536806
95120: 0.5368
95121: 0.536805
95122: 0.53681
95123: 0.536805
95124: 0.536809
95125: 0.536804
95126: 0.536809
95127: 0.536814
95128: 0.536808
95129: 0.536802
95130: 0.536807
95131: 0.536812
95132: 0.536817
95133: 0.536822
95134: 0.536827
95135: 0.536831
95136: 0.536826
95137: 0.536831
95138: 0.536825
95139: 0.536819
95140: 0.536814
95141: 0.536808
95142: 0.536813
95143: 0.536818
95144: 0.536823
95145: 0.536817
95146: 0.536822
95147: 0.536827
95148: 0.536832
95149: 0.536837
95150: 0.536831
95151: 0.536836
95152: 0.536841
95153: 0.536835
95154: 0.536829
95155: 0.536834
95156: 0.536829
95157: 0.536833
95158: 0.536838
95159: 0.536843
95160: 0.536848
95161: 0.536842
95162: 0.536837
95163: 0.536842
95164: 0.536836
95165: 0.53683
95166: 0.536825
95167: 0.536819
95168: 0.536824
95169: 0.536829
95170: 0.536823
95171: 0.536818
95172: 0.536812
95173: 0.536817
95174: 0.536822
95175: 0.536827
95176: 0.536831
95177: 0.536826
95178: 0.53682
95179: 0.536825
95180: 0.53683
95181: 0.536835
95182: 0.536829
95183: 0.536834
95184: 0.536828
95185: 0.536833
95186: 0.536828
95187: 0.536822
95188: 0.536816
95189: 0.536811
95190: 0.536805
95191: 0.536799
95192: 0.536804
95193: 0.536799
95194: 0.536793
95195: 0.536798
95196: 0.536792
95197: 0.536786
95198: 0.536781
95199: 0.536775
95200: 0.53677
95201: 0.536764
95202: 0.536769
95203: 0.536774
95204: 0.536779
95205: 0.536773
95206: 0.536778
95207: 0.536783
95208: 0.536777
95209: 0.536782
95210: 0.536787
95211: 0.536792
95212: 0.536796
95213: 0.536791
95214: 0.536785
95215: 0.53678
95216: 0.536784
95217: 0.536789
95218: 0.536794
95219: 0.536788
95220: 0.536783
95221: 0.536777
95222: 0.536782
95223: 0.536787
95224: 0.536792
95225: 0.536797
95226: 0.536802
95227: 0.536806
95228: 0.536811
95229: 0.536806
95230: 0.5368
95231: 0.536805
95232: 0.53681
95233: 0.536815
95234: 0.536819
95235: 0.536824
95236: 0.536829
95237: 0.536824
95238: 0.536828
95239: 0.536833
95240: 0.536838
95241: 0.536843
95242: 0.536848
95243: 0.536853
95244: 0.536847
95245: 0.536841
95246: 0.536836
95247: 0.53683
95248: 0.536835
95249: 0.536829
95250: 0.536824
95251: 0.536829
95252: 0.536833
95253: 0.536838
95254: 0.536833
95255: 0.536838
95256: 0.536842
95257: 0.536837
95258: 0.536831
95259: 0.536836
95260: 0.536841
95261: 0.536846
95262: 0.536851
95263: 0.536845
95264: 0.536839
95265: 0.536834
95266: 0.536828
95267: 0.536822
95268: 0.536817
95269: 0.536811
95270: 0.536806
95271: 0.5368
95272: 0.536794
95273: 0.536799
95274: 0.536793
95275: 0.536798
95276: 0.536793
95277: 0.536787
95278: 0.536792
95279: 0.536786
95280: 0.536781
95281: 0.536786
95282: 0.53679
95283: 0.536795
95284: 0.53679
95285: 0.536794
95286: 0.536789
95287: 0.536794
95288: 0.536799
95289: 0.536803
95290: 0.536798
95291: 0.536803
95292: 0.536808
95293: 0.536802
95294: 0.536796
95295: 0.536801
95296: 0.536795
95297: 0.5368
95298: 0.536805
95299: 0.5368
95300: 0.536804
95301: 0.536799
95302: 0.536793
95303: 0.536788
95304: 0.536792
95305: 0.536797
95306: 0.536792
95307: 0.536796
95308: 0.536801
95309: 0.536806
95310: 0.536811
95311: 0.536816
95312: 0.53681
95313: 0.536805
95314: 0.53681
95315: 0.536804
95316: 0.536809
95317: 0.536803
95318: 0.536797
95319: 0.536802
95320: 0.536807
95321: 0.536802
95322: 0.536796
95323: 0.536801
95324: 0.536806
95325: 0.536811
95326: 0.536805
95327: 0.536799
95328: 0.536794
95329: 0.536788
95330: 0.536782
95331: 0.536787
95332: 0.536792
95333: 0.536786
95334: 0.536781
95335: 0.536775
95336: 0.53678
95337: 0.536785
95338: 0.53679
95339: 0.536795
95340: 0.536789
95341: 0.536783
95342: 0.536788
95343: 0.536793
95344: 0.536798
95345: 0.536792
95346: 0.536787
95347: 0.536781
95348: 0.536786
95349: 0.53678
95350: 0.536785
95351: 0.53679
95352: 0.536795
95353: 0.5368
95354: 0.536805
95355: 0.536799
95356: 0.536793
95357: 0.536798
95358: 0.536793
95359: 0.536797
95360: 0.536792
95361: 0.536786
95362: 0.536781
95363: 0.536785
95364: 0.53679
95365: 0.536795
95366: 0.536789
95367: 0.536794
95368: 0.536789
95369: 0.536794
95370: 0.536798
95371: 0.536803
95372: 0.536808
95373: 0.536813
95374: 0.536818
95375: 0.536823
95376: 0.536828
95377: 0.536832
95378: 0.536827
95379: 0.536832
95380: 0.536836
95381: 0.536831
95382: 0.536836
95383: 0.53683
95384: 0.536835
95385: 0.53684
95386: 0.536834
95387: 0.536829
95388: 0.536833
95389: 0.536828
95390: 0.536822
95391: 0.536827
95392: 0.536821
95393: 0.536826
95394: 0.536831
95395: 0.536836
95396: 0.536841
95397: 0.536835
95398: 0.53684
95399: 0.536834
95400: 0.536839
95401: 0.536844
95402: 0.536849
95403: 0.536843
95404: 0.536838
95405: 0.536843
95406: 0.536837
95407: 0.536831
95408: 0.536836
95409: 0.536841
95410: 0.536846
95411: 0.536851
95412: 0.536856
95413: 0.53686
95414: 0.536865
95415: 0.53687
95416: 0.536875
95417: 0.536869
95418: 0.536874
95419: 0.536879
95420: 0.536873
95421: 0.536868
95422: 0.536873
95423: 0.536867
95424: 0.536861
95425: 0.536866
95426: 0.536861
95427: 0.536855
95428: 0.53686
95429: 0.536865
95430: 0.53687
95431: 0.536864
95432: 0.536858
95433: 0.536853
95434: 0.536847
95435: 0.536852
95436: 0.536846
95437: 0.536851
95438: 0.536856
95439: 0.536861
95440: 0.536866
95441: 0.536871
95442: 0.536875
95443: 0.53688
95444: 0.536875
95445: 0.536869
95446: 0.536874
95447: 0.536879
95448: 0.536884
95449: 0.536878
95450: 0.536883
95451: 0.536877
95452: 0.536872
95453: 0.536866
95454: 0.536871
95455: 0.536876
95456: 0.53687
95457: 0.536864
95458: 0.536869
95459: 0.536864
95460: 0.536858
95461: 0.536863
95462: 0.536857
95463: 0.536852
95464: 0.536856
95465: 0.536861
95466: 0.536856
95467: 0.53685
95468: 0.536855
95469: 0.536849
95470: 0.536854
95471: 0.536859
95472: 0.536853
95473: 0.536858
95474: 0.536853
95475: 0.536857
95476: 0.536862
95477: 0.536867
95478: 0.536862
95479: 0.536866
95480: 0.536861
95481: 0.536855
95482: 0.536849
95483: 0.536854
95484: 0.536859
95485: 0.536864
95486: 0.536858
95487: 0.536853
95488: 0.536847
95489: 0.536842
95490: 0.536846
95491: 0.536851
95492: 0.536856
95493: 0.53685
95494: 0.536855
95495: 0.53686
95496: 0.536855
95497: 0.536849
95498: 0.536854
95499: 0.536848
95500: 0.536853
95501: 0.536858
95502: 0.536863
95503: 0.536868
95504: 0.536862
95505: 0.536856
95506: 0.536861
95507: 0.536866
95508: 0.53686
95509: 0.536865
95510: 0.53687
95511: 0.536864
95512: 0.536869
95513: 0.536874
95514: 0.536879
95515: 0.536884
95516: 0.536889
95517: 0.536883
95518: 0.536888
95519: 0.536893
95520: 0.536887
95521: 0.536892
95522: 0.536886
95523: 0.536881
95524: 0.536886
95525: 0.53688
95526: 0.536885
95527: 0.53689
95528: 0.536895
95529: 0.536889
95530: 0.536883
95531: 0.536888
95532: 0.536893
95533: 0.536898
95534: 0.536892
95535: 0.536887
95536: 0.536891
95537: 0.536896
95538: 0.536901
95539: 0.536906
95540: 0.536911
95541: 0.536916
95542: 0.536921
95543: 0.536925
95544: 0.53692
95545: 0.536914
95546: 0.536919
95547: 0.536924
95548: 0.536918
95549: 0.536913
95550: 0.536907
95551: 0.536912
95552: 0.536917
95553: 0.536911
95554: 0.536905
95555: 0.53691
95556: 0.536905
95557: 0.53691
95558: 0.536914
95559: 0.536909
95560: 0.536903
95561: 0.536898
95562: 0.536902
95563: 0.536907
95564: 0.536912
95565: 0.536906
95566: 0.536901
95567: 0.536906
95568: 0.536911
95569: 0.536905
95570: 0.536899
95571: 0.536894
95572: 0.536898
95573: 0.536893
95574: 0.536898
95575: 0.536892
95576: 0.536897
95577: 0.536902
95578: 0.536907
95579: 0.536911
95580: 0.536906
95581: 0.5369
95582: 0.536905
95583: 0.53691
95584: 0.536904
95585: 0.536899
95586: 0.536904
95587: 0.536908
95588: 0.536913
95589: 0.536918
95590: 0.536923
95591: 0.536928
95592: 0.536922
95593: 0.536917
95594: 0.536921
95595: 0.536916
95596: 0.536921
95597: 0.536925
95598: 0.53693
95599: 0.536925
95600: 0.53693
95601: 0.536934
95602: 0.536929
95603: 0.536923
95604: 0.536928
95605: 0.536922
95606: 0.536917
95607: 0.536911
95608: 0.536916
95609: 0.53691
95610: 0.536905
95611: 0.53691
95612: 0.536904
95613: 0.536898
95614: 0.536893
95615: 0.536898
95616: 0.536902
95617: 0.536907
95618: 0.536912
95619: 0.536907
95620: 0.536911
95621: 0.536916
95622: 0.536921
95623: 0.536926
95624: 0.53692
95625: 0.536925
95626: 0.53693
95627: 0.536935
95628: 0.536929
95629: 0.536924
95630: 0.536918
95631: 0.536923
95632: 0.536928
95633: 0.536922
95634: 0.536927
95635: 0.536921
95636: 0.536926
95637: 0.536931
95638: 0.536925
95639: 0.53693
95640: 0.536925
95641: 0.536919
95642: 0.536913
95643: 0.536908
95644: 0.536913
95645: 0.536907
95646: 0.536912
95647: 0.536917
95648: 0.536921
95649: 0.536916
95650: 0.536921
95651: 0.536915
95652: 0.53692
95653: 0.536914
95654: 0.536919
95655: 0.536924
95656: 0.536918
95657: 0.536913
95658: 0.536907
95659: 0.536912
95660: 0.536917
95661: 0.536911
95662: 0.536916
95663: 0.53691
95664: 0.536915
95665: 0.53692
95666: 0.536925
95667: 0.53693
95668: 0.536935
95669: 0.536939
95670: 0.536934
95671: 0.536939
95672: 0.536944
95673: 0.536948
95674: 0.536943
95675: 0.536937
95676: 0.536942
95677: 0.536936
95678: 0.536931
95679: 0.536936
95680: 0.53693
95681: 0.536935
95682: 0.536929
95683: 0.536934
95684: 0.536939
95685: 0.536944
95686: 0.536938
95687: 0.536933
95688: 0.536937
95689: 0.536942
95690: 0.536947
95691: 0.536941
95692: 0.536936
95693: 0.536941
95694: 0.536946
95695: 0.53695
95696: 0.536945
95697: 0.536939
95698: 0.536934
95699: 0.536928
95700: 0.536922
95701: 0.536927
95702: 0.536922
95703: 0.536916
95704: 0.53691
95705: 0.536905
95706: 0.53691
95707: 0.536914
95708: 0.536909
95709: 0.536914
95710: 0.536918
95711: 0.536913
95712: 0.536918
95713: 0.536922
95714: 0.536917
95715: 0.536911
95716: 0.536906
95717: 0.5369
95718: 0.536905
95719: 0.53691
95720: 0.536915
95721: 0.536919
95722: 0.536924
95723: 0.536929
95724: 0.536934
95725: 0.536939
95726: 0.536933
95727: 0.536938
95728: 0.536932
95729: 0.536927
95730: 0.536932
95731: 0.536936
95732: 0.536941
95733: 0.536936
95734: 0.53693
95735: 0.536935
95736: 0.53694
95737: 0.536945
95738: 0.536949
95739: 0.536954
95740: 0.536959
95741: 0.536964
95742: 0.536969
95743: 0.536963
95744: 0.536958
95745: 0.536962
95746: 0.536957
95747: 0.536951
95748: 0.536956
95749: 0.536961
95750: 0.536955
95751: 0.53695
95752: 0.536944
95753: 0.536949
95754: 0.536943
95755: 0.536938
95756: 0.536932
95757: 0.536926
95758: 0.536921
95759: 0.536926
95760: 0.53692
95761: 0.536914
95762: 0.536909
95763: 0.536903
95764: 0.536908
95765: 0.536902
95766: 0.536907
95767: 0.536902
95768: 0.536896
95769: 0.536901
95770: 0.536906
95771: 0.536911
95772: 0.536915
95773: 0.53691
95774: 0.536904
95775: 0.536899
95776: 0.536903
95777: 0.536908
95778: 0.536913
95779: 0.536918
95780: 0.536912
95781: 0.536907
95782: 0.536912
95783: 0.536916
95784: 0.536911
95785: 0.536916
95786: 0.53691
95787: 0.536915
95788: 0.536909
95789: 0.536904
95790: 0.536898
95791: 0.536903
95792: 0.536908
95793: 0.536902
95794: 0.536896
95795: 0.536901
95796: 0.536896
95797: 0.53689
95798: 0.536885
95799: 0.536889
95800: 0.536884
95801: 0.536878
95802: 0.536883
95803: 0.536888
95804: 0.536893
95805: 0.536897
95806: 0.536902
95807: 0.536897
95808: 0.536891
95809: 0.536896
95810: 0.536901
95811: 0.536906
95812: 0.53691
95813: 0.536915
95814: 0.53692
95815: 0.536915
95816: 0.536919
95817: 0.536924
95818: 0.536919
95819: 0.536923
95820: 0.536928
95821: 0.536923
95822: 0.536917
95823: 0.536911
95824: 0.536906
95825: 0.5369
95826: 0.536905
95827: 0.53691
95828: 0.536904
95829: 0.536909
95830: 0.536914
95831: 0.536908
95832: 0.536913
95833: 0.536918
95834: 0.536912
95835: 0.536907
95836: 0.536901
95837: 0.536896
95838: 0.53689
95839: 0.536895
95840: 0.5369
95841: 0.536894
95842: 0.536888
95843: 0.536883
95844: 0.536877
95845: 0.536882
95846: 0.536876
95847: 0.536881
95848: 0.536886
95849: 0.536891
95850: 0.536896
95851: 0.536901
95852: 0.536905
95853: 0.53691
95854: 0.536915
95855: 0.53691
95856: 0.536914
95857: 0.536919
95858: 0.536924
95859: 0.536929
95860: 0.536934
95861: 0.536939
95862: 0.536943
95863: 0.536948
95864: 0.536943
95865: 0.536947
95866: 0.536952
95867: 0.536957
95868: 0.536951
95869: 0.536946
95870: 0.536951
95871: 0.536945
95872: 0.536939
95873: 0.536944
95874: 0.536949
95875: 0.536944
95876: 0.536948
95877: 0.536953
95878: 0.536958
95879: 0.536952
95880: 0.536947
95881: 0.536941
95882: 0.536936
95883: 0.53694
95884: 0.536945
95885: 0.53695
95886: 0.536945
95887: 0.536939
95888: 0.536933
95889: 0.536928
95890: 0.536933
95891: 0.536937
95892: 0.536942
95893: 0.536947
95894: 0.536941
95895: 0.536936
95896: 0.536941
95897: 0.536946
95898: 0.53694
95899: 0.536945
95900: 0.536939
95901: 0.536934
95902: 0.536938
95903: 0.536933
95904: 0.536927
95905: 0.536922
95906: 0.536916
95907: 0.53691
95908: 0.536915
95909: 0.53691
95910: 0.536904
95911: 0.536898
95912: 0.536903
95913: 0.536908
95914: 0.536913
95915: 0.536907
95916: 0.536902
95917: 0.536907
95918: 0.536911
95919: 0.536906
95920: 0.536911
95921: 0.536905
95922: 0.53691
95923: 0.536904
95924: 0.536899
95925: 0.536893
95926: 0.536887
95927: 0.536882
95928: 0.536887
95929: 0.536881
95930: 0.536875
95931: 0.53688
95932: 0.536885
95933: 0.53688
95934: 0.536884
95935: 0.536889
95936: 0.536894
95937: 0.536899
95938: 0.536893
95939: 0.536898
95940: 0.536903
95941: 0.536908
95942: 0.536913
95943: 0.536917
95944: 0.536912
95945: 0.536917
95946: 0.536921
95947: 0.536916
95948: 0.53691
95949: 0.536905
95950: 0.536909
95951: 0.536914
95952: 0.536919
95953: 0.536914
95954: 0.536908
95955: 0.536902
95956: 0.536897
95957: 0.536902
95958: 0.536906
95959: 0.536901
95960: 0.536906
95961: 0.53691
95962: 0.536915
95963: 0.53691
95964: 0.536915
95965: 0.536919
95966: 0.536924
95967: 0.536929
95968: 0.536923
95969: 0.536918
95970: 0.536912
95971: 0.536917
95972: 0.536911
95973: 0.536916
95974: 0.536911
95975: 0.536905
95976: 0.536899
95977: 0.536894
95978: 0.536899
95979: 0.536904
95980: 0.536908
95981: 0.536903
95982: 0.536908
95983: 0.536912
95984: 0.536917
95985: 0.536922
95986: 0.536916
95987: 0.536911
95988: 0.536916
95989: 0.53691
95990: 0.536905
95991: 0.536899
95992: 0.536904
95993: 0.536909
95994: 0.536903
95995: 0.536897
95996: 0.536902
95997: 0.536907
95998: 0.536912
95999: 0.536917
96000: 0.536911
96001: 0.536905
96002: 0.53691
96003: 0.536905
96004: 0.536899
96005: 0.536904
96006: 0.536909
96007: 0.536903
96008: 0.536908
96009: 0.536913
96010: 0.536918
96011: 0.536912
96012: 0.536917
96013: 0.536922
96014: 0.536916
96015: 0.536911
96016: 0.536905
96017: 0.53691
96018: 0.536915
96019: 0.536909
96020: 0.536903
96021: 0.536898
96022: 0.536892
96023: 0.536887
96024: 0.536881
96025: 0.536875
96026: 0.53688
96027: 0.536885
96028: 0.53689
96029: 0.536884
96030: 0.536879
96031: 0.536884
96032: 0.536888
96033: 0.536883
96034: 0.536888
96035: 0.536892
96036: 0.536897
96037: 0.536902
96038: 0.536896
96039: 0.536891
96040: 0.536885
96041: 0.53689
96042: 0.536885
96043: 0.536879
96044: 0.536873
96045: 0.536878
96046: 0.536883
96047: 0.536877
96048: 0.536872
96049: 0.536877
96050: 0.536871
96051: 0.536876
96052: 0.53687
96053: 0.536865
96054: 0.536859
96055: 0.536854
96056: 0.536858
96057: 0.536863
96058: 0.536858
96059: 0.536852
96060: 0.536857
96061: 0.536862
96062: 0.536856
96063: 0.536861
96064: 0.536855
96065: 0.53685
96066: 0.536854
96067: 0.536849
96068: 0.536854
96069: 0.536859
96070: 0.536853
96071: 0.536847
96072: 0.536852
96073: 0.536847
96074: 0.536841
96075: 0.536835
96076: 0.53684
96077: 0.536845
96078: 0.53685
96079: 0.536855
96080: 0.536849
96081: 0.536854
96082: 0.536859
96083: 0.536853
96084: 0.536858
96085: 0.536863
96086: 0.536868
96087: 0.536872
96088: 0.536867
96089: 0.536861
96090: 0.536856
96091: 0.53685
96092: 0.536855
96093: 0.53686
96094: 0.536865
96095: 0.536859
96096: 0.536853
96097: 0.536858
96098: 0.536863
96099: 0.536868
96100: 0.536862
96101: 0.536867
96102: 0.536861
96103: 0.536856
96104: 0.53685
96105: 0.536855
96106: 0.53685
96107: 0.536844
96108: 0.536849
96109: 0.536854
96110: 0.536858
96111: 0.536863
96112: 0.536858
96113: 0.536852
96114: 0.536857
96115: 0.536851
96116: 0.536846
96117: 0.53684
96118: 0.536835
96119: 0.536829
96120: 0.536823
96121: 0.536818
96122: 0.536823
96123: 0.536817
96124: 0.536822
96125: 0.536816
96126: 0.536821
96127: 0.536815
96128: 0.53682
96129: 0.536815
96130: 0.53682
96131: 0.536814
96132: 0.536808
96133: 0.536813
96134: 0.536808
96135: 0.536802
96136: 0.536807
96137: 0.536812
96138: 0.536816
96139: 0.536811
96140: 0.536805
96141: 0.5368
96142: 0.536805
96143: 0.536799
96144: 0.536804
96145: 0.536809
96146: 0.536803
96147: 0.536808
96148: 0.536813
96149: 0.536817
96150: 0.536812
96151: 0.536806
96152: 0.536801
96153: 0.536806
96154: 0.5368
96155: 0.536805
96156: 0.536799
96157: 0.536804
96158: 0.536809
96159: 0.536803
96160: 0.536808
96161: 0.536813
96162: 0.536807
96163: 0.536802
96164: 0.536807
96165: 0.536801
96166: 0.536795
96167: 0.53679
96168: 0.536784
96169: 0.536789
96170: 0.536783
96171: 0.536788
96172: 0.536783
96173: 0.536787
96174: 0.536792
96175: 0.536787
96176: 0.536792
96177: 0.536786
96178: 0.53678
96179: 0.536775
96180: 0.536769
96181: 0.536774
96182: 0.536779
96183: 0.536784
96184: 0.536778
96185: 0.536773
96186: 0.536777
96187: 0.536782
96188: 0.536777
96189: 0.536781
96190: 0.536776
96191: 0.536781
96192: 0.536785
96193: 0.53678
96194: 0.536774
96195: 0.536779
96196: 0.536784
96197: 0.536789
96198: 0.536794
96199: 0.536798
96200: 0.536793
96201: 0.536787
96202: 0.536782
96203: 0.536776
96204: 0.536781
96205: 0.536786
96206: 0.53678
96207: 0.536785
96208: 0.53679
96209: 0.536795
96210: 0.536799
96211: 0.536804
96212: 0.536809
96213: 0.536814
96214: 0.536808
96215: 0.536813
96216: 0.536818
96217: 0.536823
96218: 0.536827
96219: 0.536822
96220: 0.536827
96221: 0.536831
96222: 0.536836
96223: 0.536841
96224: 0.536836
96225: 0.53684
96226: 0.536835
96227: 0.53684
96228: 0.536844
96229: 0.536839
96230: 0.536833
96231: 0.536838
96232: 0.536843
96233: 0.536848
96234: 0.536852
96235: 0.536847
96236: 0.536852
96237: 0.536846
96238: 0.536841
96239: 0.536845
96240: 0.53684
96241: 0.536845
96242: 0.536839
96243: 0.536833
96244: 0.536838
96245: 0.536843
96246: 0.536838
96247: 0.536842
96248: 0.536837
96249: 0.536842
96250: 0.536846
96251: 0.536851
96252: 0.536846
96253: 0.53684
96254: 0.536834
96255: 0.536839
96256: 0.536834
96257: 0.536828
96258: 0.536833
96259: 0.536838
96260: 0.536843
96261: 0.536847
96262: 0.536852
96263: 0.536857
96264: 0.536862
96265: 0.536867
96266: 0.536861
96267: 0.536855
96268: 0.53685
96269: 0.536855
96270: 0.536849
96271: 0.536854
96272: 0.536848
96273: 0.536853
96274: 0.536848
96275: 0.536852
96276: 0.536857
96277: 0.536862
96278: 0.536867
96279: 0.536872
96280: 0.536866
96281: 0.536871
96282: 0.536876
96283: 0.53688
96284: 0.536875
96285: 0.53688
96286: 0.536885
96287: 0.536879
96288: 0.536873
96289: 0.536868
96290: 0.536873
96291: 0.536867
96292: 0.536861
96293: 0.536866
96294: 0.536861
96295: 0.536855
96296: 0.53685
96297: 0.536854
96298: 0.536849
96299: 0.536843
96300: 0.536848
96301: 0.536853
96302: 0.536847
96303: 0.536852
96304: 0.536857
96305: 0.536862
96306: 0.536866
96307: 0.536861
96308: 0.536855
96309: 0.53686
96310: 0.536855
96311: 0.536859
96312: 0.536854
96313: 0.536848
96314: 0.536853
96315: 0.536847
96316: 0.536852
96317: 0.536847
96318: 0.536852
96319: 0.536856
96320: 0.536851
96321: 0.536845
96322: 0.53685
96323: 0.536844
96324: 0.536849
96325: 0.536854
96326: 0.536848
96327: 0.536853
96328: 0.536848
96329: 0.536842
96330: 0.536847
96331: 0.536841
96332: 0.536846
96333: 0.536841
96334: 0.536835
96335: 0.53684
96336: 0.536845
96337: 0.536849
96338: 0.536854
96339: 0.536849
96340: 0.536853
96341: 0.536858
96342: 0.536863
96343: 0.536868
96344: 0.536873
96345: 0.536878
96346: 0.536872
96347: 0.536877
96348: 0.536882
96349: 0.536886
96350: 0.536881
96351: 0.536886
96352: 0.53689
96353: 0.536895
96354: 0.5369
96355: 0.536905
96356: 0.536899
96357: 0.536904
96358: 0.536898
96359: 0.536903
96360: 0.536908
96361: 0.536913
96362: 0.536918
96363: 0.536923
96364: 0.536927
96365: 0.536922
96366: 0.536927
96367: 0.536931
96368: 0.536936
96369: 0.536931
96370: 0.536925
96371: 0.536919
96372: 0.536914
96373: 0.536919
96374: 0.536923
96375: 0.536918
96376: 0.536923
96377: 0.536917
96378: 0.536912
96379: 0.536916
96380: 0.536921
96381: 0.536916
96382: 0.53692
96383: 0.536915
96384: 0.536909
96385: 0.536904
96386: 0.536898
96387: 0.536903
96388: 0.536908
96389: 0.536902
96390: 0.536907
96391: 0.536901
96392: 0.536896
96393: 0.53689
96394: 0.536885
96395: 0.536879
96396: 0.536884
96397: 0.536878
96398: 0.536883
96399: 0.536888
96400: 0.536893
96401: 0.536898
96402: 0.536902
96403: 0.536907
96404: 0.536902
96405: 0.536896
96406: 0.536901
96407: 0.536906
96408: 0.53691
96409: 0.536905
96410: 0.536899
96411: 0.536904
96412: 0.536909
96413: 0.536914
96414: 0.536908
96415: 0.536913
96416: 0.536918
96417: 0.536923
96418: 0.536917
96419: 0.536911
96420: 0.536906
96421: 0.536911
96422: 0.536915
96423: 0.53691
96424: 0.536904
96425: 0.536909
96426: 0.536914
96427: 0.536908
96428: 0.536913
96429: 0.536918
96430: 0.536923
96431: 0.536917
96432: 0.536922
96433: 0.536916
96434: 0.536921
96435: 0.536916
96436: 0.53692
96437: 0.536915
96438: 0.53692
96439: 0.536925
96440: 0.536929
96441: 0.536924
96442: 0.536918
96443: 0.536913
96444: 0.536917
96445: 0.536922
96446: 0.536927
96447: 0.536932
96448: 0.536926
96449: 0.536931
96450: 0.536936
96451: 0.53693
96452: 0.536925
96453: 0.536919
96454: 0.536924
96455: 0.536929
96456: 0.536934
96457: 0.536928
96458: 0.536933
96459: 0.536927
96460: 0.536922
96461: 0.536916
96462: 0.536921
96463: 0.536915
96464: 0.53692
96465: 0.536925
96466: 0.536919
96467: 0.536924
96468: 0.536919
96469: 0.536923
96470: 0.536928
96471: 0.536923
96472: 0.536917
96473: 0.536911
96474: 0.536906
96475: 0.5369
96476: 0.536905
96477: 0.53691
96478: 0.536915
96479: 0.536909
96480: 0.536914
96481: 0.536919
96482: 0.536924
96483: 0.536918
96484: 0.536912
96485: 0.536907
96486: 0.536901
96487: 0.536896
96488: 0.53689
96489: 0.536895
96490: 0.536889
96491: 0.536894
96492: 0.536889
96493: 0.536883
96494: 0.536878
96495: 0.536882
96496: 0.536887
96497: 0.536882
96498: 0.536876
96499: 0.53687
96500: 0.536875
96501: 0.53687
96502: 0.536875
96503: 0.536879
96504: 0.536874
96505: 0.536879
96506: 0.536873
96507: 0.536878
96508: 0.536872
96509: 0.536877
96510: 0.536871
96511: 0.536866
96512: 0.536871
96513: 0.536865
96514: 0.53686
96515: 0.536864
96516: 0.536869
96517: 0.536874
96518: 0.536879
96519: 0.536873
96520: 0.536878
96521: 0.536872
96522: 0.536867
96523: 0.536861
96524: 0.536856
96525: 0.536861
96526: 0.536865
96527: 0.53687
96528: 0.536875
96529: 0.53688
96530: 0.536885
96531: 0.536889
96532: 0.536884
96533: 0.536889
96534: 0.536883
96535: 0.536877
96536: 0.536872
96537: 0.536877
96538: 0.536881
96539: 0.536886
96540: 0.536891
96541: 0.536886
96542: 0.53689
96543: 0.536885
96544: 0.53689
96545: 0.536894
96546: 0.536899
96547: 0.536904
96548: 0.536909
96549: 0.536914
96550: 0.536918
96551: 0.536923
96552: 0.536928
96553: 0.536933
96554: 0.536927
96555: 0.536922
96556: 0.536916
96557: 0.53691
96558: 0.536915
96559: 0.53691
96560: 0.536914
96561: 0.536919
96562: 0.536924
96563: 0.536919
96564: 0.536913
96565: 0.536907
96566: 0.536902
96567: 0.536907
96568: 0.536911
96569: 0.536916
96570: 0.536911
96571: 0.536905
96572: 0.53691
96573: 0.536915
96574: 0.536909
96575: 0.536904
96576: 0.536908
96577: 0.536903
96578: 0.536908
96579: 0.536912
96580: 0.536917
96581: 0.536912
96582: 0.536916
96583: 0.536911
96584: 0.536916
96585: 0.53692
96586: 0.536915
96587: 0.53692
96588: 0.536914
96589: 0.536919
96590: 0.536924
96591: 0.536929
96592: 0.536923
96593: 0.536928
96594: 0.536933
96595: 0.536927
96596: 0.536932
96597: 0.536937
96598: 0.536941
96599: 0.536946
96600: 0.536951
96601: 0.536956
96602: 0.53695
96603: 0.536955
96604: 0.53696
96605: 0.536954
96606: 0.536959
96607: 0.536964
96608: 0.536969
96609: 0.536973
96610: 0.536968
96611: 0.536962
96612: 0.536967
96613: 0.536972
96614: 0.536966
96615: 0.536961
96616: 0.536966
96617: 0.53697
96618: 0.536975
96619: 0.53698
96620: 0.536974
96621: 0.536979
96622: 0.536974
96623: 0.536978
96624: 0.536983
96625: 0.536988
96626: 0.536993
96627: 0.536987
96628: 0.536982
96629: 0.536986
96630: 0.536991
96631: 0.536986
96632: 0.53698
96633: 0.536985
96634: 0.536979
96635: 0.536974
96636: 0.536979
96637: 0.536973
96638: 0.536978
96639: 0.536983
96640: 0.536977
96641: 0.536982
96642: 0.536976
96643: 0.536981
96644: 0.536976
96645: 0.53698
96646: 0.536975
96647: 0.536969
96648: 0.536974
96649: 0.536979
96650: 0.536973
96651: 0.536968
96652: 0.536972
96653: 0.536977
96654: 0.536982
96655: 0.536976
96656: 0.536971
96657: 0.536976
96658: 0.536981
96659: 0.536985
96660: 0.53698
96661: 0.536985
96662: 0.536989
96663: 0.536994
96664: 0.536999
96665: 0.536993
96666: 0.536998
96667: 0.537003
96668: 0.536997
96669: 0.536992
96670: 0.536997
96671: 0.537001
96672: 0.537006
96673: 0.537001
96674: 0.537005
96675: 0.53701
96676: 0.537005
96677: 0.537009
96678: 0.537014
96679: 0.537009
96680: 0.537013
96681: 0.537018
96682: 0.537023
96683: 0.537018
96684: 0.537012
96685: 0.537006
96686: 0.537011
96687: 0.537016
96688: 0.53701
96689: 0.537005
96690: 0.536999
96691: 0.537004
96692: 0.536999
96693: 0.536993
96694: 0.536987
96695: 0.536982
96696: 0.536987
96697: 0.536981
96698: 0.536976
96699: 0.53698
96700: 0.536985
96701: 0.53699
96702: 0.536995
96703: 0.537
96704: 0.537004
96705: 0.536999
96706: 0.537004
96707: 0.536998
96708: 0.537003
96709: 0.537008
96710: 0.537002
96711: 0.537007
96712: 0.537001
96713: 0.537006
96714: 0.537011
96715: 0.537005
96716: 0.53701
96717: 0.537015
96718: 0.53702
96719: 0.537024
96720: 0.537029
96721: 0.537034
96722: 0.537039
96723: 0.537033
96724: 0.537028
96725: 0.537032
96726: 0.537027
96727: 0.537021
96728: 0.537026
96729: 0.537031
96730: 0.537036
96731: 0.53704
96732: 0.537035
96733: 0.537029
96734: 0.537024
96735: 0.537029
96736: 0.537033
96737: 0.537038
96738: 0.537033
96739: 0.537027
96740: 0.537032
96741: 0.537037
96742: 0.537041
96743: 0.537046
96744: 0.537051
96745: 0.537056
96746: 0.53705
96747: 0.537045
96748: 0.537039
96749: 0.537044
96750: 0.537049
96751: 0.537053
96752: 0.537058
96753: 0.537053
96754: 0.537058
96755: 0.537052
96756: 0.537057
96757: 0.537062
96758: 0.537056
96759: 0.537061
96760: 0.537066
96761: 0.53706
96762: 0.537065
96763: 0.53707
96764: 0.537074
96765: 0.537079
96766: 0.537084
96767: 0.537089
96768: 0.537093
96769: 0.537088
96770: 0.537093
96771: 0.537087
96772: 0.537082
96773: 0.537086
96774: 0.537081
96775: 0.537086
96776: 0.53709
96777: 0.537085
96778: 0.537079
96779: 0.537084
96780: 0.537079
96781: 0.537083
96782: 0.537078
96783: 0.537083
96784: 0.537087
96785: 0.537082
96786: 0.537076
96787: 0.537081
96788: 0.537086
96789: 0.53708
96790: 0.537085
96791: 0.53709
96792: 0.537095
96793: 0.537099
96794: 0.537104
96795: 0.537099
96796: 0.537093
96797: 0.537098
96798: 0.537103
96799: 0.537107
96800: 0.537102
96801: 0.537096
96802: 0.537101
96803: 0.537106
96804: 0.537111
96805: 0.537115
96806: 0.53712
96807: 0.537125
96808: 0.537119
96809: 0.537114
96810: 0.537108
96811: 0.537103
96812: 0.537097
96813: 0.537092
96814: 0.537086
96815: 0.537081
96816: 0.537075
96817: 0.53707
96818: 0.537064
96819: 0.537069
96820: 0.537074
96821: 0.537078
96822: 0.537073
96823: 0.537078
96824: 0.537072
96825: 0.537066
96826: 0.537071
96827: 0.537076
96828: 0.537081
96829: 0.537075
96830: 0.53708
96831: 0.537075
96832: 0.537069
96833: 0.537063
96834: 0.537068
96835: 0.537073
96836: 0.537067
96837: 0.537062
96838: 0.537056
96839: 0.537051
96840: 0.537045
96841: 0.53704
96842: 0.537044
96843: 0.537049
96844: 0.537054
96845: 0.537049
96846: 0.537053
96847: 0.537058
96848: 0.537063
96849: 0.537068
96850: 0.537072
96851: 0.537077
96852: 0.537072
96853: 0.537066
96854: 0.537061
96855: 0.537055
96856: 0.53706
96857: 0.537065
96858: 0.537069
96859: 0.537074
96860: 0.537069
96861: 0.537063
96862: 0.537057
96863: 0.537052
96864: 0.537046
96865: 0.537051
96866: 0.537056
96867: 0.53705
96868: 0.537045
96869: 0.53705
96870: 0.537054
96871: 0.537059
96872: 0.537064
96873: 0.537058
96874: 0.537063
96875: 0.537068
96876: 0.537062
96877: 0.537067
96878: 0.537062
96879: 0.537056
96880: 0.537061
96881: 0.537066
96882: 0.53707
96883: 0.537075
96884: 0.53708
96885: 0.537074
96886: 0.537079
96887: 0.537084
96888: 0.537079
96889: 0.537083
96890: 0.537078
96891: 0.537072
96892: 0.537067
96893: 0.537061
96894: 0.537056
96895: 0.53705
96896: 0.537044
96897: 0.537039
96898: 0.537033
96899: 0.537028
96900: 0.537022
96901: 0.537027
96902: 0.537032
96903: 0.537026
96904: 0.537021
96905: 0.537015
96906: 0.53702
96907: 0.537014
96908: 0.537019
96909: 0.537024
96910: 0.537029
96911: 0.537034
96912: 0.537038
96913: 0.537033
96914: 0.537038
96915: 0.537042
96916: 0.537047
96917: 0.537052
96918: 0.537057
96919: 0.537051
96920: 0.537056
96921: 0.537061
96922: 0.537055
96923: 0.53706
96924: 0.537065
96925: 0.53707
96926: 0.537074
96927: 0.537069
96928: 0.537063
96929: 0.537058
96930: 0.537052
96931: 0.537057
96932: 0.537051
96933: 0.537046
96934: 0.53704
96935: 0.537035
96936: 0.537029
96937: 0.537024
96938: 0.537018
96939: 0.537023
96940: 0.537017
96941: 0.537012
96942: 0.537017
96943: 0.537021
96944: 0.537016
96945: 0.53701
96946: 0.537015
96947: 0.53701
96948: 0.537014
96949: 0.537009
96950: 0.537003
96951: 0.537008
96952: 0.537002
96953: 0.537007
96954: 0.537012
96955: 0.537006
96956: 0.537011
96957: 0.537006
96958: 0.53701
96959: 0.537015
96960: 0.53702
96961: 0.537025
96962: 0.53703
96963: 0.537024
96964: 0.537019
96965: 0.537023
96966: 0.537018
96967: 0.537012
96968: 0.537007
96969: 0.537001
96970: 0.536996
96971: 0.53699
96972: 0.536995
96973: 0.537
96974: 0.537004
96975: 0.536999
96976: 0.537004
96977: 0.536998
96978: 0.537003
96979: 0.537008
96980: 0.537002
96981: 0.536997
96982: 0.537001
96983: 0.537006
96984: 0.537011
96985: 0.537016
96986: 0.53702
96987: 0.537025
96988: 0.53703
96989: 0.537024
96990: 0.537029
96991: 0.537024
96992: 0.537028
96993: 0.537023
96994: 0.537017
96995: 0.537022
96996: 0.537027
96997: 0.537021
96998: 0.537016
96999: 0.537021
97000: 0.537025
97001: 0.53703
97002: 0.537035
97003: 0.53704
97004: 0.537044
97005: 0.537049
97006: 0.537044
97007: 0.537048
97008: 0.537043
97009: 0.537048
97010: 0.537042
97011: 0.537047
97012: 0.537052
97013: 0.537046
97014: 0.537041
97015: 0.537035
97016: 0.53704
97017: 0.537034
97018: 0.537029
97019: 0.537034
97020: 0.537028
97021: 0.537033
97022: 0.537038
97023: 0.537042
97024: 0.537047
97025: 0.537052
97026: 0.537046
97027: 0.537051
97028: 0.537056
97029: 0.53705
97030: 0.537045
97031: 0.537039
97032: 0.537034
97033: 0.537028
97034: 0.537033
97035: 0.537027
97036: 0.537022
97037: 0.537016
97038: 0.537021
97039: 0.537026
97040: 0.537031
97041: 0.537025
97042: 0.53703
97043: 0.537024
97044: 0.537029
97045: 0.537034
97046: 0.537028
97047: 0.537023
97048: 0.537017
97049: 0.537022
97050: 0.537027
97051: 0.537021
97052: 0.537016
97053: 0.53701
97054: 0.537005
97055: 0.536999
97056: 0.536994
97057: 0.536988
97058: 0.536993
97059: 0.536998
97060: 0.537003
97061: 0.536997
97062: 0.537002
97063: 0.537007
97064: 0.537011
97065: 0.537006
97066: 0.537011
97067: 0.537015
97068: 0.53701
97069: 0.537004
97070: 0.536999
97071: 0.537003
97072: 0.536998
97073: 0.536992
97074: 0.536997
97075: 0.537002
97076: 0.537007
97077: 0.537001
97078: 0.537006
97079: 0.537
97080: 0.537005
97081: 0.537
97082: 0.536994
97083: 0.536989
97084: 0.536983
97085: 0.536988
97086: 0.536982
97087: 0.536987
97088: 0.536982
97089: 0.536986
97090: 0.536981
97091: 0.536986
97092: 0.53699
97093: 0.536985
97094: 0.536979
97095: 0.536974
97096: 0.536978
97097: 0.536983
97098: 0.536988
97099: 0.536993
97100: 0.536998
97101: 0.537002
97102: 0.536997
97103: 0.537002
97104: 0.537006
97105: 0.537011
97106: 0.537006
97107: 0.537
97108: 0.536995
97109: 0.536999
97110: 0.537004
97111: 0.537009
97112: 0.537014
97113: 0.537008
97114: 0.537013
97115: 0.537007
97116: 0.537012
97117: 0.537017
97118: 0.537011
97119: 0.537006
97120: 0.537011
97121: 0.537005
97122: 0.536999
97123: 0.537004
97124: 0.536999
97125: 0.537003
97126: 0.537008
97127: 0.537013
97128: 0.537018
97129: 0.537012
97130: 0.537017
97131: 0.537011
97132: 0.537016
97133: 0.537011
97134: 0.537015
97135: 0.53701
97136: 0.537004
97137: 0.536999
97138: 0.536993
97139: 0.536998
97140: 0.537003
97141: 0.537008
97142: 0.537012
97143: 0.537007
97144: 0.537001
97145: 0.537006
97146: 0.537011
97147: 0.537005
97148: 0.53701
97149: 0.537005
97150: 0.537009
97151: 0.537014
97152: 0.537019
97153: 0.537024
97154: 0.537018
97155: 0.537013
97156: 0.537017
97157: 0.537012
97158: 0.537017
97159: 0.537011
97160: 0.537006
97161: 0.537
97162: 0.537005
97163: 0.536999
97164: 0.537004
97165: 0.537009
97166: 0.537003
97167: 0.536998
97168: 0.537003
97169: 0.537007
97170: 0.537012
97171: 0.537017
97172: 0.537011
97173: 0.537016
97174: 0.537011
97175: 0.537005
97176: 0.53701
97177: 0.537004
97178: 0.537009
97179: 0.537014
97180: 0.537019
97181: 0.537023
97182: 0.537028
97183: 0.537023
97184: 0.537027
97185: 0.537032
97186: 0.537037
97187: 0.537042
97188: 0.537046
97189: 0.537041
97190: 0.537035
97191: 0.53703
97192: 0.537024
97193: 0.537019
97194: 0.537013
97195: 0.537018
97196: 0.537023
97197: 0.537028
97198: 0.537022
97199: 0.537016
97200: 0.537011
97201: 0.537016
97202: 0.53702
97203: 0.537025
97204: 0.53702
97205: 0.537024
97206: 0.537029
97207: 0.537034
97208: 0.537039
97209: 0.537044
97210: 0.537048
97211: 0.537053
97212: 0.537058
97213: 0.537052
97214: 0.537047
97215: 0.537041
97216: 0.537036
97217: 0.53703
97218: 0.537025
97219: 0.537029
97220: 0.537024
97221: 0.537029
97222: 0.537023
97223: 0.537018
97224: 0.537022
97225: 0.537027
97226: 0.537032
97227: 0.537037
97228: 0.537031
97229: 0.537026
97230: 0.53703
97231: 0.537025
97232: 0.53703
97233: 0.537024
97234: 0.537029
97235: 0.537034
97236: 0.537028
97237: 0.537033
97238: 0.537027
97239: 0.537032
97240: 0.537027
97241: 0.537031
97242: 0.537036
97243: 0.537041
97244: 0.537046
97245: 0.53705
97246: 0.537055
97247: 0.53705
97248: 0.537054
97249: 0.537059
97250: 0.537064
97251: 0.537069
97252: 0.537063
97253: 0.537068
97254: 0.537073
97255: 0.537067
97256: 0.537072
97257: 0.537066
97258: 0.537071
97259: 0.537066
97260: 0.53706
97261: 0.537065
97262: 0.537059
97263: 0.537064
97264: 0.537069
97265: 0.537074
97266: 0.537068
97267: 0.537073
97268: 0.537078
97269: 0.537082
97270: 0.537077
97271: 0.537071
97272: 0.537066
97273: 0.537071
97274: 0.537065
97275: 0.53707
97276: 0.537064
97277: 0.537069
97278: 0.537063
97279: 0.537058
97280: 0.537063
97281: 0.537067
97282: 0.537072
97283: 0.537077
97284: 0.537071
97285: 0.537066
97286: 0.53706
97287: 0.537055
97288: 0.537049
97289: 0.537054
97290: 0.537049
97291: 0.537043
97292: 0.537038
97293: 0.537042
97294: 0.537047
97295: 0.537052
97296: 0.537057
97297: 0.537051
97298: 0.537056
97299: 0.53705
97300: 0.537055
97301: 0.53705
97302: 0.537054
97303: 0.537059
97304: 0.537054
97305: 0.537048
97306: 0.537053
97307: 0.537058
97308: 0.537062
97309: 0.537067
97310: 0.537062
97311: 0.537066
97312: 0.537071
97313: 0.537066
97314: 0.53706
97315: 0.537065
97316: 0.53707
97317: 0.537074
97318: 0.537079
97319: 0.537084
97320: 0.537078
97321: 0.537073
97322: 0.537078
97323: 0.537082
97324: 0.537077
97325: 0.537082
97326: 0.537086
97327: 0.537091
97328: 0.537096
97329: 0.53709
97330: 0.537085
97331: 0.53709
97332: 0.537084
97333: 0.537079
97334: 0.537083
97335: 0.537088
97336: 0.537093
97337: 0.537098
97338: 0.537102
97339: 0.537097
97340: 0.537091
97341: 0.537096
97342: 0.53709
97343: 0.537095
97344: 0.53709
97345: 0.537084
97346: 0.537089
97347: 0.537083
97348: 0.537088
97349: 0.537093
97350: 0.537087
97351: 0.537092
97352: 0.537097
97353: 0.537091
97354: 0.537086
97355: 0.537091
97356: 0.537095
97357: 0.53709
97358: 0.537084
97359: 0.537079
97360: 0.537084
97361: 0.537088
97362: 0.537093
97363: 0.537088
97364: 0.537092
97365: 0.537087
97366: 0.537081
97367: 0.537076
97368: 0.537081
97369: 0.537075
97370: 0.53707
97371: 0.537064
97372: 0.537059
97373: 0.537053
97374: 0.537058
97375: 0.537063
97376: 0.537067
97377: 0.537062
97378: 0.537056
97379: 0.537051
97380: 0.537045
97381: 0.53704
97382: 0.537044
97383: 0.537039
97384: 0.537033
97385: 0.537038
97386: 0.537043
97387: 0.537037
97388: 0.537032
97389: 0.537026
97390: 0.537031
97391: 0.537036
97392: 0.537041
97393: 0.537035
97394: 0.53704
97395: 0.537045
97396: 0.537049
97397: 0.537044
97398: 0.537038
97399: 0.537033
97400: 0.537027
97401: 0.537022
97402: 0.537027
97403: 0.537021
97404: 0.537016
97405: 0.53702
97406: 0.537025
97407: 0.53702
97408: 0.537014
97409: 0.537019
97410: 0.537013
97411: 0.537018
97412: 0.537023
97413: 0.537028
97414: 0.537032
97415: 0.537037
97416: 0.537042
97417: 0.537036
97418: 0.537031
97419: 0.537036
97420: 0.53703
97421: 0.537035
97422: 0.537029
97423: 0.537024
97424: 0.537018
97425: 0.537023
97426: 0.537017
97427: 0.537022
97428: 0.537017
97429: 0.537011
97430: 0.537016
97431: 0.53701
97432: 0.537005
97433: 0.53701
97434: 0.537004
97435: 0.536999
97436: 0.536993
97437: 0.536998
97438: 0.536992
97439: 0.536997
97440: 0.537002
97441: 0.537007
97442: 0.537011
97443: 0.537006
97444: 0.537
97445: 0.536995
97446: 0.537
97447: 0.536994
97448: 0.536989
97449: 0.536993
97450: 0.536988
97451: 0.536982
97452: 0.536987
97453: 0.536982
97454: 0.536976
97455: 0.536981
97456: 0.536975
97457: 0.53698
97458: 0.536985
97459: 0.53699
97460: 0.536994
97461: 0.536999
97462: 0.537004
97463: 0.537009
97464: 0.537013
97465: 0.537018
97466: 0.537013
97467: 0.537017
97468: 0.537012
97469: 0.537017
97470: 0.537021
97471: 0.537016
97472: 0.537021
97473: 0.537025
97474: 0.53702
97475: 0.537024
97476: 0.537029
97477: 0.537024
97478: 0.537028
97479: 0.537023
97480: 0.537028
97481: 0.537032
97482: 0.537037
97483: 0.537042
97484: 0.537036
97485: 0.537041
97486: 0.537046
97487: 0.537051
97488: 0.537045
97489: 0.53704
97490: 0.537044
97491: 0.537049
97492: 0.537044
97493: 0.537048
97494: 0.537053
97495: 0.537058
97496: 0.537052
97497: 0.537047
97498: 0.537041
97499: 0.537046
97500: 0.537051
97501: 0.537056
97502: 0.53705
97503: 0.537055
97504: 0.53706
97505: 0.537054
97506: 0.537049
97507: 0.537043
97508: 0.537048
97509: 0.537053
97510: 0.537057
97511: 0.537062
97512: 0.537057
97513: 0.537051
97514: 0.537056
97515: 0.537061
97516: 0.537055
97517: 0.53705
97518: 0.537044
97519: 0.537049
97520: 0.537054
97521: 0.537048
97522: 0.537043
97523: 0.537047
97524: 0.537052
97525: 0.537057
97526: 0.537062
97527: 0.537066
97528: 0.537061
97529: 0.537066
97530: 0.53706
97531: 0.537055
97532: 0.537059
97533: 0.537054
97534: 0.537058
97535: 0.537053
97536: 0.537047
97537: 0.537042
97538: 0.537047
97539: 0.537051
97540: 0.537046
97541: 0.53704
97542: 0.537035
97543: 0.537029
97544: 0.537024
97545: 0.537029
97546: 0.537033
97547: 0.537028
97548: 0.537022
97549: 0.537017
97550: 0.537022
97551: 0.537016
97552: 0.537011
97553: 0.537005
97554: 0.537
97555: 0.537004
97556: 0.536999
97557: 0.537004
97558: 0.537008
97559: 0.537013
97560: 0.537018
97561: 0.537012
97562: 0.537017
97563: 0.537022
97564: 0.537016
97565: 0.537021
97566: 0.537026
97567: 0.53702
97568: 0.537025
97569: 0.53703
97570: 0.537035
97571: 0.537039
97572: 0.537034
97573: 0.537039
97574: 0.537043
97575: 0.537038
97576: 0.537032
97577: 0.537027
97578: 0.537032
97579: 0.537026
97580: 0.537021
97581: 0.537015
97582: 0.53701
97583: 0.537014
97584: 0.537019
97585: 0.537014
97586: 0.537008
97587: 0.537013
97588: 0.537017
97589: 0.537022
97590: 0.537027
97591: 0.537032
97592: 0.537026
97593: 0.537031
97594: 0.537036
97595: 0.53704
97596: 0.537035
97597: 0.53704
97598: 0.537034
97599: 0.537029
97600: 0.537023
97601: 0.537018
97602: 0.537022
97603: 0.537027
97604: 0.537032
97605: 0.537026
97606: 0.537021
97607: 0.537015
97608: 0.53702
97609: 0.537025
97610: 0.537019
97611: 0.537014
97612: 0.537019
97613: 0.537023
97614: 0.537028
97615: 0.537023
97616: 0.537017
97617: 0.537012
97618: 0.537016
97619: 0.537021
97620: 0.537016
97621: 0.53702
97622: 0.537015
97623: 0.537009
97624: 0.537014
97625: 0.537019
97626: 0.537024
97627: 0.537018
97628: 0.537013
97629: 0.537007
97630: 0.537012
97631: 0.537006
97632: 0.537011
97633: 0.537016
97634: 0.537021
97635: 0.537025
97636: 0.53702
97637: 0.537025
97638: 0.537029
97639: 0.537024
97640: 0.537018
97641: 0.537023
97642: 0.537018
97643: 0.537012
97644: 0.537007
97645: 0.537011
97646: 0.537016
97647: 0.537021
97648: 0.537025
97649: 0.53702
97650: 0.537014
97651: 0.537019
97652: 0.537024
97653: 0.537029
97654: 0.537023
97655: 0.537018
97656: 0.537012
97657: 0.537017
97658: 0.537022
97659: 0.537016
97660: 0.537011
97661: 0.537005
97662: 0.537
97663: 0.537004
97664: 0.536999
97665: 0.536993
97666: 0.536988
97667: 0.536993
97668: 0.536987
97669: 0.536982
97670: 0.536986
97671: 0.536981
97672: 0.536975
97673: 0.53697
97674: 0.536975
97675: 0.536979
97676: 0.536984
97677: 0.536989
97678: 0.536983
97679: 0.536988
97680: 0.536993
97681: 0.536998
97682: 0.536992
97683: 0.536997
97684: 0.537002
97685: 0.536996
97686: 0.536991
97687: 0.536995
97688: 0.53699
97689: 0.536995
97690: 0.536999
97691: 0.536994
97692: 0.536988
97693: 0.536983
97694: 0.536988
97695: 0.536982
97696: 0.536977
97697: 0.536981
97698: 0.536976
97699: 0.536981
97700: 0.536975
97701: 0.53698
97702: 0.536985
97703: 0.536989
97704: 0.536994
97705: 0.536999
97706: 0.537003
97707: 0.537008
97708: 0.537013
97709: 0.537007
97710: 0.537002
97711: 0.537007
97712: 0.537011
97713: 0.537006
97714: 0.537011
97715: 0.537005
97716: 0.53701
97717: 0.537015
97718: 0.537019
97719: 0.537024
97720: 0.537019
97721: 0.537013
97722: 0.537008
97723: 0.537012
97724: 0.537007
97725: 0.537001
97726: 0.537006
97727: 0.537011
97728: 0.537005
97729: 0.537
97730: 0.536994
97731: 0.536989
97732: 0.536994
97733: 0.536988
97734: 0.536993
97735: 0.536998
97736: 0.536992
97737: 0.536997
97738: 0.537002
97739: 0.536996
97740: 0.537001
97741: 0.537006
97742: 0.537
97743: 0.537005
97744: 0.536999
97745: 0.536994
97746: 0.536999
97747: 0.537003
97748: 0.536998
97749: 0.537003
97750: 0.536997
97751: 0.537002
97752: 0.537007
97753: 0.537011
97754: 0.537006
97755: 0.537011
97756: 0.537015
97757: 0.53702
97758: 0.537014
97759: 0.537009
97760: 0.537004
97761: 0.536998
97762: 0.536993
97763: 0.536997
97764: 0.537002
97765: 0.537007
97766: 0.537001
97767: 0.537006
97768: 0.537011
97769: 0.537015
97770: 0.53701
97771: 0.537004
97772: 0.536999
97773: 0.536993
97774: 0.536998
97775: 0.536993
97776: 0.536987
97777: 0.536992
97778: 0.536986
97779: 0.536991
97780: 0.536986
97781: 0.53699
97782: 0.536995
97783: 0.537
97784: 0.537005
97785: 0.536999
97786: 0.537004
97787: 0.536998
97788: 0.536993
97789: 0.536987
97790: 0.536982
97791: 0.536976
97792: 0.536981
97793: 0.536976
97794: 0.53697
97795: 0.536975
97796: 0.53698
97797: 0.536984
97798: 0.536989
97799: 0.536984
97800: 0.536988
97801: 0.536983
97802: 0.536977
97803: 0.536972
97804: 0.536966
97805: 0.536971
97806: 0.536976
97807: 0.53697
97808: 0.536975
97809: 0.53697
97810: 0.536964
97811: 0.536969
97812: 0.536963
97813: 0.536958
97814: 0.536952
97815: 0.536957
97816: 0.536962
97817: 0.536967
97818: 0.536971
97819: 0.536976
97820: 0.536981
97821: 0.536986
97822: 0.53699
97823: 0.536985
97824: 0.536979
97825: 0.536974
97826: 0.536968
97827: 0.536973
97828: 0.536968
97829: 0.536962
97830: 0.536967
97831: 0.536972
97832: 0.536976
97833: 0.536971
97834: 0.536976
97835: 0.53698
97836: 0.536975
97837: 0.536979
97838: 0.536984
97839: 0.536989
97840: 0.536983
97841: 0.536978
97842: 0.536972
97843: 0.536967
97844: 0.536972
97845: 0.536966
97846: 0.536961
97847: 0.536965
97848: 0.53696
97849: 0.536965
97850: 0.536959
97851: 0.536964
97852: 0.536969
97853: 0.536973
97854: 0.536978
97855: 0.536983
97856: 0.536977
97857: 0.536982
97858: 0.536987
97859: 0.536992
97860: 0.536986
97861: 0.536991
97862: 0.536996
97863: 0.537
97864: 0.536995
97865: 0.537
97866: 0.537004
97867: 0.537009
97868: 0.537014
97869: 0.537018
97870: 0.537023
97871: 0.537028
97872: 0.537022
97873: 0.537017
97874: 0.537022
97875: 0.537026
97876: 0.537021
97877: 0.537026
97878: 0.53703
97879: 0.537035
97880: 0.53703
97881: 0.537024
97882: 0.537029
97883: 0.537023
97884: 0.537018
97885: 0.537012
97886: 0.537007
97887: 0.537012
97888: 0.537006
97889: 0.537011
97890: 0.537005
97891: 0.53701
97892: 0.537015
97893: 0.53702
97894: 0.537024
97895: 0.537019
97896: 0.537013
97897: 0.537008
97898: 0.537013
97899: 0.537017
97900: 0.537012
97901: 0.537006
97902: 0.537011
97903: 0.537006
97904: 0.537
97905: 0.536995
97906: 0.536989
97907: 0.536994
97908: 0.536988
97909: 0.536993
97910: 0.536998
97911: 0.537003
97912: 0.536997
97913: 0.536992
97914: 0.536996
97915: 0.536991
97916: 0.536985
97917: 0.53699
97918: 0.536995
97919: 0.536989
97920: 0.536994
97921: 0.536999
97922: 0.537004
97923: 0.537008
97924: 0.537013
97925: 0.537018
97926: 0.537022
97927: 0.537027
97928: 0.537022
97929: 0.537016
97930: 0.537021
97931: 0.537026
97932: 0.53702
97933: 0.537025
97934: 0.537019
97935: 0.537024
97936: 0.537029
97937: 0.537023
97938: 0.537028
97939: 0.537033
97940: 0.537038
97941: 0.537042
97942: 0.537047
97943: 0.537042
97944: 0.537036
97945: 0.537031
97946: 0.537035
97947: 0.53703
97948: 0.537024
97949: 0.537029
97950: 0.537034
97951: 0.537039
97952: 0.537043
97953: 0.537048
97954: 0.537043
97955: 0.537047
97956: 0.537042
97957: 0.537036
97958: 0.537041
97959: 0.537046
97960: 0.53705
97961: 0.537045
97962: 0.53705
97963: 0.537054
97964: 0.537059
97965: 0.537064
97966: 0.537058
97967: 0.537063
97968: 0.537058
97969: 0.537062
97970: 0.537057
97971: 0.537051
97972: 0.537046
97973: 0.537051
97974: 0.537055
97975: 0.53706
97976: 0.537055
97977: 0.537059
97978: 0.537054
97979: 0.537048
97980: 0.537053
97981: 0.537058
97982: 0.537063
97983: 0.537067
97984: 0.537072
97985: 0.537067
97986: 0.537061
97987: 0.537066
97988: 0.53707
97989: 0.537065
97990: 0.53707
97991: 0.537064
97992: 0.537069
97993: 0.537074
97994: 0.537068
97995: 0.537063
97996: 0.537057
97997: 0.537062
97998: 0.537057
97999: 0.537061
98000: 0.537056
98001: 0.53705
98002: 0.537055
98003: 0.53706
98004: 0.537064
98005: 0.537069
98006: 0.537074
98007: 0.537068
98008: 0.537073
98009: 0.537078
98010: 0.537072
98011: 0.537067
98012: 0.537072
98013: 0.537076
98014: 0.537081
98015: 0.537076
98016: 0.53707
98017: 0.537065
98018: 0.537059
98019: 0.537064
98020: 0.537058
98021: 0.537063
98022: 0.537068
98023: 0.537062
98024: 0.537067
98025: 0.537072
98026: 0.537066
98027: 0.537061
98028: 0.537066
98029: 0.53706
98030: 0.537065
98031: 0.53707
98032: 0.537064
98033: 0.537059
98034: 0.537053
98035: 0.537058
98036: 0.537063
98037: 0.537057
98038: 0.537062
98039: 0.537056
98040: 0.537061
98041: 0.537066
98042: 0.53706
98043: 0.537055
98044: 0.537049
98045: 0.537044
98046: 0.537038
98047: 0.537033
98048: 0.537027
98049: 0.537022
98050: 0.537016
98051: 0.537021
98052: 0.537016
98053: 0.53702
98054: 0.537025
98055: 0.53703
98056: 0.537035
98057: 0.537029
98058: 0.537024
98059: 0.537028
98060: 0.537023
98061: 0.537017
98062: 0.537012
98063: 0.537006
98064: 0.537001
98065: 0.536995
98066: 0.53699
98067: 0.536995
98068: 0.536989
98069: 0.536984
98070: 0.536989
98071: 0.536993
98072: 0.536998
98073: 0.536992
98074: 0.536987
98075: 0.536992
98076: 0.536986
98077: 0.536981
98078: 0.536975
98079: 0.53698
98080: 0.536975
98081: 0.536979
98082: 0.536974
98083: 0.536968
98084: 0.536973
98085: 0.536968
98086: 0.536962
98087: 0.536957
98088: 0.536961
98089: 0.536966
98090: 0.536971
98091: 0.536965
98092: 0.53697
98093: 0.536975
98094: 0.536969
98095: 0.536964
98096: 0.536958
98097: 0.536953
98098: 0.536958
98099: 0.536962
98100: 0.536967
98101: 0.536972
98102: 0.536976
98103: 0.536971
98104: 0.536965
98105: 0.53696
98106: 0.536965
98107: 0.536959
98108: 0.536954
98109: 0.536948
98110: 0.536953
98111: 0.536958
98112: 0.536962
98113: 0.536967
98114: 0.536972
98115: 0.536977
98116: 0.536981
98117: 0.536976
98118: 0.53697
98119: 0.536975
98120: 0.53698
98121: 0.536985
98122: 0.536989
98123: 0.536994
98124: 0.536999
98125: 0.537003
98126: 0.536998
98127: 0.536992
98128: 0.536987
98129: 0.536982
98130: 0.536986
98131: 0.536981
98132: 0.536975
98133: 0.53697
98134: 0.536964
98135: 0.536969
98136: 0.536964
98137: 0.536958
98138: 0.536953
98139: 0.536947
98140: 0.536942
98141: 0.536946
98142: 0.536951
98143: 0.536956
98144: 0.53695
98145: 0.536945
98146: 0.53695
98147: 0.536944
98148: 0.536949
98149: 0.536943
98150: 0.536948
98151: 0.536943
98152: 0.536947
98153: 0.536952
98154: 0.536957
98155: 0.536951
98156: 0.536956
98157: 0.536961
98158: 0.536966
98159: 0.53696
98160: 0.536955
98161: 0.536959
98162: 0.536954
98163: 0.536959
98164: 0.536963
98165: 0.536968
98166: 0.536973
98167: 0.536967
98168: 0.536972
98169: 0.536977
98170: 0.536981
98171: 0.536976
98172: 0.536981
98173: 0.536975
98174: 0.53697
98175: 0.536964
98176: 0.536959
98177: 0.536963
98178: 0.536968
98179: 0.536973
98180: 0.536978
98181: 0.536982
98182: 0.536977
98183: 0.536971
98184: 0.536976
98185: 0.536981
98186: 0.536975
98187: 0.53698
98188: 0.536985
98189: 0.53699
98190: 0.536994
98191: 0.536999
98192: 0.537004
98193: 0.536998
98194: 0.536993
98195: 0.536987
98196: 0.536992
98197: 0.536997
98198: 0.537001
98199: 0.536996
98200: 0.53699
98201: 0.536985
98202: 0.53698
98203: 0.536984
98204: 0.536979
98205: 0.536983
98206: 0.536988
98207: 0.536983
98208: 0.536977
98209: 0.536982
98210: 0.536987
98211: 0.536991
98212: 0.536996
98213: 0.537001
98214: 0.537006
98215: 0.537
98216: 0.537005
98217: 0.53701
98218: 0.537014
98219: 0.537019
98220: 0.537013
98221: 0.537008
98222: 0.537003
98223: 0.537007
98224: 0.537012
98225: 0.537017
98226: 0.537011
98227: 0.537006
98228: 0.537
98229: 0.536995
98230: 0.537
98231: 0.537004
98232: 0.537009
98233: 0.537003
98234: 0.536998
98235: 0.537003
98236: 0.536997
98237: 0.537002
98238: 0.537007
98239: 0.537001
98240: 0.536996
98241: 0.53699
98242: 0.536995
98243: 0.53699
98244: 0.536984
98245: 0.536989
98246: 0.536983
98247: 0.536988
98248: 0.536993
98249: 0.536997
98250: 0.537002
98251: 0.537007
98252: 0.537001
98253: 0.536996
98254: 0.537001
98255: 0.537005
98256: 0.537
98257: 0.536994
98258: 0.536999
98259: 0.537004
98260: 0.536998
98261: 0.536993
98262: 0.536998
98263: 0.536992
98264: 0.536997
98265: 0.537002
98266: 0.537006
98267: 0.537011
98268: 0.537006
98269: 0.537
98270: 0.537005
98271: 0.53701
98272: 0.537004
98273: 0.537009
98274: 0.537003
98275: 0.536998
98276: 0.537003
98277: 0.537007
98278: 0.537002
98279: 0.537007
98280: 0.537001
98281: 0.537006
98282: 0.53701
98283: 0.537015
98284: 0.53702
98285: 0.537014
98286: 0.537009
98287: 0.537003
98288: 0.536998
98289: 0.537003
98290: 0.537007
98291: 0.537002
98292: 0.536997
98293: 0.536991
98294: 0.536986
98295: 0.53699
98296: 0.536985
98297: 0.53699
98298: 0.536994
98299: 0.536989
98300: 0.536994
98301: 0.536988
98302: 0.536993
98303: 0.536987
98304: 0.536982
98305: 0.536976
98306: 0.536981
98307: 0.536986
98308: 0.536991
98309: 0.536995
98310: 0.537
98311: 0.537005
98312: 0.537009
98313: 0.537014
98314: 0.537019
98315: 0.537023
98316: 0.537028
98317: 0.537033
98318: 0.537027
98319: 0.537022
98320: 0.537017
98321: 0.537011
98322: 0.537006
98323: 0.537
98324: 0.536995
98325: 0.536989
98326: 0.536984
98327: 0.536988
98328: 0.536993
98329: 0.536998
98330: 0.536992
98331: 0.536997
98332: 0.536992
98333: 0.536996
98334: 0.536991
98335: 0.536985
98336: 0.53699
98337: 0.536995
98338: 0.536989
98339: 0.536984
98340: 0.536989
98341: 0.536993
98342: 0.536988
98343: 0.536993
98344: 0.536987
98345: 0.536982
98346: 0.536986
98347: 0.536991
98348: 0.536996
98349: 0.53699
98350: 0.536985
98351: 0.536979
98352: 0.536984
98353: 0.536989
98354: 0.536994
98355: 0.536998
98356: 0.537003
98357: 0.537008
98358: 0.537012
98359: 0.537007
98360: 0.537012
98361: 0.537016
98362: 0.537021
98363: 0.537016
98364: 0.53702
98365: 0.537025
98366: 0.53702
98367: 0.537024
98368: 0.537029
98369: 0.537034
98370: 0.537038
98371: 0.537043
98372: 0.537038
98373: 0.537042
98374: 0.537047
98375: 0.537042
98376: 0.537036
98377: 0.537031
98378: 0.537025
98379: 0.53702
98380: 0.537024
98381: 0.537029
98382: 0.537034
98383: 0.537028
98384: 0.537023
98385: 0.537017
98386: 0.537022
98387: 0.537017
98388: 0.537011
98389: 0.537016
98390: 0.53701
98391: 0.537005
98392: 0.53701
98393: 0.537004
98394: 0.537009
98395: 0.537014
98396: 0.537018
98397: 0.537013
98398: 0.537018
98399: 0.537012
98400: 0.537007
98401: 0.537001
98402: 0.536996
98403: 0.537001
98404: 0.536995
98405: 0.53699
98406: 0.536984
98407: 0.536979
98408: 0.536973
98409: 0.536978
98410: 0.536972
98411: 0.536967
98412: 0.536962
98413: 0.536966
98414: 0.536971
98415: 0.536966
98416: 0.53697
98417: 0.536975
98418: 0.536969
98419: 0.536964
98420: 0.536959
98421: 0.536953
98422: 0.536958
98423: 0.536952
98424: 0.536947
98425: 0.536941
98426: 0.536946
98427: 0.536941
98428: 0.536935
98429: 0.53693
98430: 0.536935
98431: 0.536939
98432: 0.536934
98433: 0.536928
98434: 0.536933
98435: 0.536938
98436: 0.536942
98437: 0.536937
98438: 0.536932
98439: 0.536936
98440: 0.536941
98441: 0.536935
98442: 0.53693
98443: 0.536935
98444: 0.536939
98445: 0.536944
98446: 0.536939
98447: 0.536933
98448: 0.536928
98449: 0.536922
98450: 0.536917
98451: 0.536911
98452: 0.536916
98453: 0.536921
98454: 0.536925
98455: 0.53692
98456: 0.536925
98457: 0.536929
98458: 0.536934
98459: 0.536939
98460: 0.536933
98461: 0.536928
98462: 0.536933
98463: 0.536937
98464: 0.536942
98465: 0.536937
98466: 0.536941
98467: 0.536936
98468: 0.536941
98469: 0.536945
98470: 0.53695
98471: 0.536955
98472: 0.536959
98473: 0.536954
98474: 0.536948
98475: 0.536953
98476: 0.536948
98477: 0.536952
98478: 0.536957
98479: 0.536952
98480: 0.536946
98481: 0.536941
98482: 0.536945
98483: 0.53695
98484: 0.536945
98485: 0.536939
98486: 0.536934
98487: 0.536928
98488: 0.536923
98489: 0.536928
98490: 0.536922
98491: 0.536927
98492: 0.536921
98493: 0.536926
98494: 0.536931
98495: 0.536936
98496: 0.53693
98497: 0.536935
98498: 0.536939
98499: 0.536944
98500: 0.536949
98501: 0.536954
98502: 0.536958
98503: 0.536953
98504: 0.536947
98505: 0.536942
98506: 0.536947
98507: 0.536941
98508: 0.536936
98509: 0.53693
98510: 0.536925
98511: 0.536919
98512: 0.536914
98513: 0.536908
98514: 0.536913
98515: 0.536908
98516: 0.536902
98517: 0.536907
98518: 0.536902
98519: 0.536906
98520: 0.536901
98521: 0.536905
98522: 0.5369
98523: 0.536905
98524: 0.536899
98525: 0.536894
98526: 0.536899
98527: 0.536893
98528: 0.536888
98529: 0.536892
98530: 0.536897
98531: 0.536892
98532: 0.536896
98533: 0.536891
98534: 0.536885
98535: 0.53688
98536: 0.536874
98537: 0.536869
98538: 0.536864
98539: 0.536858
98540: 0.536863
98541: 0.536868
98542: 0.536872
98543: 0.536877
98544: 0.536882
98545: 0.536876
98546: 0.536881
98547: 0.536886
98548: 0.53689
98549: 0.536895
98550: 0.53689
98551: 0.536884
98552: 0.536879
98553: 0.536883
98554: 0.536878
98555: 0.536883
98556: 0.536877
98557: 0.536872
98558: 0.536866
98559: 0.536861
98560: 0.536855
98561: 0.53686
98562: 0.536865
98563: 0.536869
98564: 0.536864
98565: 0.536869
98566: 0.536873
98567: 0.536878
98568: 0.536883
98569: 0.536877
98570: 0.536882
98571: 0.536877
98572: 0.536871
98573: 0.536876
98574: 0.53687
98575: 0.536875
98576: 0.53687
98577: 0.536864
98578: 0.536869
98579: 0.536874
98580: 0.536868
98581: 0.536863
98582: 0.536857
98583: 0.536862
98584: 0.536867
98585: 0.536871
98586: 0.536876
98587: 0.536881
98588: 0.536875
98589: 0.53687
98590: 0.536864
98591: 0.536869
98592: 0.536874
98593: 0.536868
98594: 0.536863
98595: 0.536868
98596: 0.536872
98597: 0.536877
98598: 0.536872
98599: 0.536876
98600: 0.536871
98601: 0.536876
98602: 0.53688
98603: 0.536885
98604: 0.53689
98605: 0.536894
98606: 0.536899
98607: 0.536904
98608: 0.536898
98609: 0.536893
98610: 0.536898
98611: 0.536902
98612: 0.536907
98613: 0.536912
98614: 0.536916
98615: 0.536911
98616: 0.536905
98617: 0.53691
98618: 0.536915
98619: 0.536909
98620: 0.536914
98621: 0.536919
98622: 0.536913
98623: 0.536908
98624: 0.536902
98625: 0.536907
98626: 0.536902
98627: 0.536896
98628: 0.536891
98629: 0.536885
98630: 0.53688
98631: 0.536885
98632: 0.536879
98633: 0.536874
98634: 0.536878
98635: 0.536873
98636: 0.536878
98637: 0.536872
98638: 0.536877
98639: 0.536871
98640: 0.536876
98641: 0.536881
98642: 0.536875
98643: 0.53687
98644: 0.536875
98645: 0.536879
98646: 0.536874
98647: 0.536879
98648: 0.536873
98649: 0.536868
98650: 0.536872
98651: 0.536867
98652: 0.536862
98653: 0.536856
98654: 0.536851
98655: 0.536845
98656: 0.53685
98657: 0.536855
98658: 0.536859
98659: 0.536864
98660: 0.536869
98661: 0.536873
98662: 0.536868
98663: 0.536873
98664: 0.536877
98665: 0.536872
98666: 0.536866
98667: 0.536871
98668: 0.536876
98669: 0.536881
98670: 0.536875
98671: 0.53687
98672: 0.536874
98673: 0.536869
98674: 0.536863
98675: 0.536868
98676: 0.536873
98677: 0.536867
98678: 0.536862
98679: 0.536857
98680: 0.536861
98681: 0.536856
98682: 0.53686
98683: 0.536865
98684: 0.53687
98685: 0.536875
98686: 0.536869
98687: 0.536874
98688: 0.536878
98689: 0.536883
98690: 0.536888
98691: 0.536882
98692: 0.536877
98693: 0.536872
98694: 0.536866
98695: 0.536861
98696: 0.536865
98697: 0.53686
98698: 0.536865
98699: 0.536869
98700: 0.536864
98701: 0.536869
98702: 0.536863
98703: 0.536868
98704: 0.536872
98705: 0.536877
98706: 0.536882
98707: 0.536876
98708: 0.536871
98709: 0.536876
98710: 0.53688
98711: 0.536885
98712: 0.53689
98713: 0.536884
98714: 0.536889
98715: 0.536894
98716: 0.536898
98717: 0.536903
98718: 0.536898
98719: 0.536902
98720: 0.536897
98721: 0.536902
98722: 0.536896
98723: 0.536891
98724: 0.536895
98725: 0.5369
98726: 0.536895
98727: 0.536889
98728: 0.536894
98729: 0.536888
98730: 0.536883
98731: 0.536888
98732: 0.536892
98733: 0.536887
98734: 0.536892
98735: 0.536886
98736: 0.536891
98737: 0.536885
98738: 0.53689
98739: 0.536895
98740: 0.536889
98741: 0.536894
98742: 0.536889
98743: 0.536893
98744: 0.536888
98745: 0.536893
98746: 0.536887
98747: 0.536882
98748: 0.536886
98749: 0.536881
98750: 0.536876
98751: 0.53687
98752: 0.536875
98753: 0.53688
98754: 0.536884
98755: 0.536889
98756: 0.536894
98757: 0.536898
98758: 0.536893
98759: 0.536887
98760: 0.536892
98761: 0.536887
98762: 0.536891
98763: 0.536896
98764: 0.536901
98765: 0.536905
98766: 0.53691
98767: 0.536905
98768: 0.536899
98769: 0.536904
98770: 0.536898
98771: 0.536903
98772: 0.536908
98773: 0.536913
98774: 0.536907
98775: 0.536912
98776: 0.536906
98777: 0.536901
98778: 0.536906
98779: 0.5369
98780: 0.536895
98781: 0.536889
98782: 0.536894
98783: 0.536899
98784: 0.536903
98785: 0.536898
98786: 0.536903
98787: 0.536907
98788: 0.536912
98789: 0.536917
98790: 0.536911
98791: 0.536906
98792: 0.5369
98793: 0.536895
98794: 0.5369
98795: 0.536904
98796: 0.536909
98797: 0.536914
98798: 0.536918
98799: 0.536923
98800: 0.536928
98801: 0.536922
98802: 0.536927
98803: 0.536922
98804: 0.536916
98805: 0.536911
98806: 0.536905
98807: 0.5369
98808: 0.536905
98809: 0.536909
98810: 0.536904
98811: 0.536908
98812: 0.536913
98813: 0.536908
98814: 0.536902
98815: 0.536907
98816: 0.536912
98817: 0.536906
98818: 0.536911
98819: 0.536916
98820: 0.53691
98821: 0.536905
98822: 0.536909
98823: 0.536904
98824: 0.536899
98825: 0.536903
98826: 0.536898
98827: 0.536892
98828: 0.536887
98829: 0.536882
98830: 0.536886
98831: 0.536891
98832: 0.536896
98833: 0.5369
98834: 0.536895
98835: 0.5369
98836: 0.536904
98837: 0.536899
98838: 0.536893
98839: 0.536888
98840: 0.536882
98841: 0.536887
98842: 0.536892
98843: 0.536897
98844: 0.536901
98845: 0.536906
98846: 0.5369
98847: 0.536905
98848: 0.5369
98849: 0.536904
98850: 0.536909
98851: 0.536904
98852: 0.536908
98853: 0.536903
98854: 0.536908
98855: 0.536912
98856: 0.536917
98857: 0.536912
98858: 0.536906
98859: 0.536901
98860: 0.536895
98861: 0.53689
98862: 0.536884
98863: 0.536879
98864: 0.536884
98865: 0.536888
98866: 0.536893
98867: 0.536898
98868: 0.536902
98869: 0.536907
98870: 0.536902
98871: 0.536896
98872: 0.536901
98873: 0.536906
98874: 0.53691
98875: 0.536915
98876: 0.536909
98877: 0.536904
98878: 0.536909
98879: 0.536913
98880: 0.536918
98881: 0.536923
98882: 0.536917
98883: 0.536922
98884: 0.536927
98885: 0.536931
98886: 0.536926
98887: 0.536921
98888: 0.536925
98889: 0.53693
98890: 0.536935
98891: 0.536939
98892: 0.536934
98893: 0.536928
98894: 0.536933
98895: 0.536928
98896: 0.536932
98897: 0.536937
98898: 0.536942
98899: 0.536936
98900: 0.536941
98901: 0.536936
98902: 0.53694
98903: 0.536935
98904: 0.536929
98905: 0.536934
98906: 0.536929
98907: 0.536933
98908: 0.536938
98909: 0.536933
98910: 0.536937
98911: 0.536942
98912: 0.536947
98913: 0.536941
98914: 0.536936
98915: 0.53693
98916: 0.536935
98917: 0.53694
98918: 0.536944
98919: 0.536949
98920: 0.536954
98921: 0.536958
98922: 0.536963
98923: 0.536968
98924: 0.536972
98925: 0.536977
98926: 0.536972
98927: 0.536966
98928: 0.536971
98929: 0.536966
98930: 0.53696
98931: 0.536965
98932: 0.536959
98933: 0.536954
98934: 0.536949
98935: 0.536943
98936: 0.536948
98937: 0.536942
98938: 0.536947
98939: 0.536952
98940: 0.536956
98941: 0.536961
98942: 0.536966
98943: 0.53696
98944: 0.536965
98945: 0.53696
98946: 0.536954
98947: 0.536949
98948: 0.536953
98949: 0.536958
98950: 0.536953
98951: 0.536957
98952: 0.536962
98953: 0.536967
98954: 0.536971
98955: 0.536966
98956: 0.536971
98957: 0.536975
98958: 0.53697
98959: 0.536964
98960: 0.536969
98961: 0.536974
98962: 0.536978
98963: 0.536983
98964: 0.536988
98965: 0.536993
98966: 0.536997
98967: 0.536992
98968: 0.536996
98969: 0.537001
98970: 0.536996
98971: 0.53699
98972: 0.536985
98973: 0.536979
98974: 0.536974
98975: 0.536969
98976: 0.536973
98977: 0.536978
98978: 0.536983
98979: 0.536987
98980: 0.536992
98981: 0.536997
98982: 0.537001
98983: 0.537006
98984: 0.537011
98985: 0.537015
98986: 0.53701
98987: 0.537004
98988: 0.536999
98989: 0.536994
98990: 0.536988
98991: 0.536983
98992: 0.536987
98993: 0.536982
98994: 0.536977
98995: 0.536971
98996: 0.536976
98997: 0.53697
98998: 0.536975
98999: 0.53697
99000: 0.536974
99001: 0.536979
99002: 0.536984
99003: 0.536978
99004: 0.536973
99005: 0.536978
99006: 0.536972
99007: 0.536977
99008: 0.536981
99009: 0.536976
99010: 0.536971
99011: 0.536975
99012: 0.53697
99013: 0.536964
99014: 0.536959
99015: 0.536964
99016: 0.536968
99017: 0.536963
99018: 0.536958
99019: 0.536962
99020: 0.536967
99021: 0.536961
99022: 0.536956
99023: 0.536951
99024: 0.536945
99025: 0.53694
99026: 0.536934
99027: 0.536939
99028: 0.536934
99029: 0.536928
99030: 0.536933
99031: 0.536927
99032: 0.536932
99033: 0.536927
99034: 0.536921
99035: 0.536916
99036: 0.536921
99037: 0.536925
99038: 0.53693
99039: 0.536935
99040: 0.536939
99041: 0.536944
99042: 0.536949
99043: 0.536943
99044: 0.536948
99045: 0.536953
99046: 0.536947
99047: 0.536952
99048: 0.536946
99049: 0.536941
99050: 0.536936
99051: 0.53694
99052: 0.536935
99053: 0.536929
99054: 0.536924
99055: 0.536929
99056: 0.536933
99057: 0.536928
99058: 0.536933
99059: 0.536927
99060: 0.536922
99061: 0.536916
99062: 0.536911
99063: 0.536916
99064: 0.53692
99065: 0.536925
99066: 0.536919
99067: 0.536914
99068: 0.536919
99069: 0.536913
99070: 0.536918
99071: 0.536923
99072: 0.536927
99073: 0.536922
99074: 0.536916
99075: 0.536911
99076: 0.536906
99077: 0.53691
99078: 0.536915
99079: 0.53692
99080: 0.536924
99081: 0.536919
99082: 0.536924
99083: 0.536918
99084: 0.536913
99085: 0.536907
99086: 0.536902
99087: 0.536896
99088: 0.536901
99089: 0.536906
99090: 0.536911
99091: 0.536905
99092: 0.5369
99093: 0.536894
99094: 0.536899
99095: 0.536894
99096: 0.536888
99097: 0.536883
99098: 0.536887
99099: 0.536892
99100: 0.536887
99101: 0.536881
99102: 0.536886
99103: 0.536891
99104: 0.536885
99105: 0.53688
99106: 0.536874
99107: 0.536869
99108: 0.536874
99109: 0.536878
99110: 0.536873
99111: 0.536867
99112: 0.536872
99113: 0.536877
99114: 0.536871
99115: 0.536876
99116: 0.536881
99117: 0.536885
99118: 0.53688
99119: 0.536885
99120: 0.536889
99121: 0.536884
99122: 0.536878
99123: 0.536873
99124: 0.536878
99125: 0.536872
99126: 0.536877
99127: 0.536872
99128: 0.536876
99129: 0.536881
99130: 0.536875
99131: 0.53688
99132: 0.536875
99133: 0.536869
99134: 0.536874
99135: 0.536879
99136: 0.536873
99137: 0.536878
99138: 0.536883
99139: 0.536877
99140: 0.536882
99141: 0.536886
99142: 0.536881
99143: 0.536886
99144: 0.53688
99145: 0.536875
99146: 0.53688
99147: 0.536884
99148: 0.536889
99149: 0.536894
99150: 0.536888
99151: 0.536893
99152: 0.536898
99153: 0.536902
99154: 0.536897
99155: 0.536901
99156: 0.536906
99157: 0.536901
99158: 0.536895
99159: 0.53689
99160: 0.536884
99161: 0.536889
99162: 0.536894
99163: 0.536888
99164: 0.536883
99165: 0.536878
99166: 0.536882
99167: 0.536877
99168: 0.536881
99169: 0.536886
99170: 0.536881
99171: 0.536875
99172: 0.53687
99173: 0.536865
99174: 0.536859
99175: 0.536854
99176: 0.536848
99177: 0.536853
99178: 0.536848
99179: 0.536852
99180: 0.536857
99181: 0.536862
99182: 0.536866
99183: 0.536861
99184: 0.536865
99185: 0.53687
99186: 0.536875
99187: 0.536879
99188: 0.536884
99189: 0.536879
99190: 0.536873
99191: 0.536878
99192: 0.536883
99193: 0.536887
99194: 0.536882
99195: 0.536887
99196: 0.536891
99197: 0.536886
99198: 0.53688
99199: 0.536885
99200: 0.53689
99201: 0.536894
99202: 0.536899
99203: 0.536894
99204: 0.536898
99205: 0.536893
99206: 0.536888
99207: 0.536882
99208: 0.536887
99209: 0.536881
99210: 0.536876
99211: 0.536871
99212: 0.536875
99213: 0.53688
99214: 0.536874
99215: 0.536879
99216: 0.536884
99217: 0.536888
99218: 0.536893
99219: 0.536898
99220: 0.536902
99221: 0.536907
99222: 0.536902
99223: 0.536906
99224: 0.536911
99225: 0.536916
99226: 0.53691
99227: 0.536905
99228: 0.53691
99229: 0.536914
99230: 0.536919
99231: 0.536913
99232: 0.536918
99233: 0.536913
99234: 0.536917
99235: 0.536912
99236: 0.536917
99237: 0.536911
99238: 0.536916
99239: 0.536921
99240: 0.536915
99241: 0.53691
99242: 0.536914
99243: 0.536909
99244: 0.536904
99245: 0.536908
99246: 0.536913
99247: 0.536918
99248: 0.536922
99249: 0.536917
99250: 0.536911
99251: 0.536916
99252: 0.536911
99253: 0.536905
99254: 0.5369
99255: 0.536894
99256: 0.536889
99257: 0.536894
99258: 0.536898
99259: 0.536903
99260: 0.536908
99261: 0.536912
99262: 0.536917
99263: 0.536922
99264: 0.536926
99265: 0.536931
99266: 0.536926
99267: 0.53693
99268: 0.536925
99269: 0.53692
99270: 0.536914
99271: 0.536919
99272: 0.536923
99273: 0.536918
99274: 0.536913
99275: 0.536907
99276: 0.536912
99277: 0.536906
99278: 0.536901
99279: 0.536896
99280: 0.5369
99281: 0.536905
99282: 0.53691
99283: 0.536904
99284: 0.536899
99285: 0.536903
99286: 0.536908
99287: 0.536913
99288: 0.536907
99289: 0.536912
99290: 0.536907
99291: 0.536911
99292: 0.536916
99293: 0.536921
99294: 0.536915
99295: 0.53692
99296: 0.536915
99297: 0.536919
99298: 0.536924
99299: 0.536928
99300: 0.536933
99301: 0.536928
99302: 0.536922
99303: 0.536917
99304: 0.536912
99305: 0.536906
99306: 0.536911
99307: 0.536915
99308: 0.53692
99309: 0.536915
99310: 0.536919
99311: 0.536914
99312: 0.536919
99313: 0.536923
99314: 0.536928
99315: 0.536933
99316: 0.536927
99317: 0.536932
99318: 0.536926
99319: 0.536921
99320: 0.536916
99321: 0.53692
99322: 0.536925
99323: 0.53693
99324: 0.536934
99325: 0.536929
99326: 0.536934
99327: 0.536938
99328: 0.536943
99329: 0.536937
99330: 0.536942
99331: 0.536937
99332: 0.536941
99333: 0.536946
99334: 0.536951
99335: 0.536945
99336: 0.53695
99337: 0.536955
99338: 0.536949
99339: 0.536944
99340: 0.536938
99341: 0.536943
99342: 0.536948
99343: 0.536942
99344: 0.536937
99345: 0.536932
99346: 0.536936
99347: 0.536931
99348: 0.536935
99349: 0.53693
99350: 0.536925
99351: 0.536919
99352: 0.536914
99353: 0.536918
99354: 0.536913
99355: 0.536918
99356: 0.536922
99357: 0.536917
99358: 0.536912
99359: 0.536906
99360: 0.536901
99361: 0.536895
99362: 0.5369
99363: 0.536905
99364: 0.536899
99365: 0.536904
99366: 0.536909
99367: 0.536903
99368: 0.536898
99369: 0.536892
99370: 0.536887
99371: 0.536882
99372: 0.536876
99373: 0.536881
99374: 0.536886
99375: 0.53689
99376: 0.536885
99377: 0.536879
99378: 0.536874
99379: 0.536879
99380: 0.536883
99381: 0.536878
99382: 0.536883
99383: 0.536877
99384: 0.536882
99385: 0.536886
99386: 0.536881
99387: 0.536876
99388: 0.53687
99389: 0.536875
99390: 0.53687
99391: 0.536874
99392: 0.536869
99393: 0.536873
99394: 0.536878
99395: 0.536883
99396: 0.536887
99397: 0.536882
99398: 0.536877
99399: 0.536881
99400: 0.536886
99401: 0.536891
99402: 0.536895
99403: 0.5369
99404: 0.536895
99405: 0.536889
99406: 0.536894
99407: 0.536898
99408: 0.536903
99409: 0.536908
99410: 0.536912
99411: 0.536907
99412: 0.536912
99413: 0.536906
99414: 0.536901
99415: 0.536895
99416: 0.5369
99417: 0.536895
99418: 0.536899
99419: 0.536904
99420: 0.536899
99421: 0.536903
99422: 0.536898
99423: 0.536893
99424: 0.536897
99425: 0.536902
99426: 0.536906
99427: 0.536911
99428: 0.536906
99429: 0.53691
99430: 0.536915
99431: 0.53692
99432: 0.536924
99433: 0.536919
99434: 0.536924
99435: 0.536928
99436: 0.536933
99437: 0.536928
99438: 0.536932
99439: 0.536937
99440: 0.536931
99441: 0.536936
99442: 0.536941
99443: 0.536935
99444: 0.53693
99445: 0.536925
99446: 0.536929
99447: 0.536924
99448: 0.536928
99449: 0.536933
99450: 0.536928
99451: 0.536922
99452: 0.536927
99453: 0.536932
99454: 0.536936
99455: 0.536941
99456: 0.536936
99457: 0.53694
99458: 0.536935
99459: 0.536939
99460: 0.536944
99461: 0.536949
99462: 0.536953
99463: 0.536948
99464: 0.536943
99465: 0.536937
99466: 0.536932
99467: 0.536937
99468: 0.536931
99469: 0.536936
99470: 0.53693
99471: 0.536935
99472: 0.53694
99473: 0.536944
99474: 0.536949
99475: 0.536954
99476: 0.536948
99477: 0.536953
99478: 0.536947
99479: 0.536942
99480: 0.536937
99481: 0.536941
99482: 0.536946
99483: 0.536951
99484: 0.536945
99485: 0.53694
99486: 0.536934
99487: 0.536939
99488: 0.536944
99489: 0.536948
99490: 0.536953
99491: 0.536948
99492: 0.536952
99493: 0.536957
99494: 0.536952
99495: 0.536956
99496: 0.536951
99497: 0.536956
99498: 0.53696
99499: 0.536955
99500: 0.536959
99501: 0.536954
99502: 0.536949
99503: 0.536953
99504: 0.536948
99505: 0.536953
99506: 0.536947
99507: 0.536942
99508: 0.536936
99509: 0.536931
99510: 0.536936
99511: 0.53694
99512: 0.536935
99513: 0.536929
99514: 0.536924
99515: 0.536929
99516: 0.536923
99517: 0.536928
99518: 0.536923
99519: 0.536917
99520: 0.536922
99521: 0.536927
99522: 0.536921
99523: 0.536916
99524: 0.53692
99525: 0.536925
99526: 0.53692
99527: 0.536924
99528: 0.536919
99529: 0.536913
99530: 0.536908
99531: 0.536903
99532: 0.536897
99533: 0.536902
99534: 0.536897
99535: 0.536891
99536: 0.536886
99537: 0.53688
99538: 0.536875
99539: 0.53688
99540: 0.536874
99541: 0.536879
99542: 0.536884
99543: 0.536888
99544: 0.536893
99545: 0.536898
99546: 0.536892
99547: 0.536897
99548: 0.536901
99549: 0.536896
99550: 0.536901
99551: 0.536905
99552: 0.53691
99553: 0.536905
99554: 0.536909
99555: 0.536914
99556: 0.536919
99557: 0.536923
99558: 0.536918
99559: 0.536912
99560: 0.536907
99561: 0.536902
99562: 0.536896
99563: 0.536901
99564: 0.536906
99565: 0.53691
99566: 0.536905
99567: 0.536909
99568: 0.536904
99569: 0.536899
99570: 0.536893
99571: 0.536888
99572: 0.536882
99573: 0.536877
99574: 0.536882
99575: 0.536876
99576: 0.536871
99577: 0.536876
99578: 0.53688
99579: 0.536885
99580: 0.53689
99581: 0.536894
99582: 0.536899
99583: 0.536893
99584: 0.536898
99585: 0.536893
99586: 0.536897
99587: 0.536902
99588: 0.536897
99589: 0.536901
99590: 0.536906
99591: 0.536911
99592: 0.536915
99593: 0.53692
99594: 0.536925
99595: 0.536919
99596: 0.536924
99597: 0.536928
99598: 0.536923
99599: 0.536928
99600: 0.536932
99601: 0.536927
99602: 0.536922
99603: 0.536926
99604: 0.536931
99605: 0.536936
99606: 0.53694
99607: 0.536935
99608: 0.536929
99609: 0.536934
99610: 0.536939
99611: 0.536933
99612: 0.536938
99613: 0.536933
99614: 0.536937
99615: 0.536932
99616: 0.536936
99617: 0.536941
99618: 0.536946
99619: 0.53695
99620: 0.536955
99621: 0.53696
99622: 0.536954
99623: 0.536959
99624: 0.536964
99625: 0.536968
99626: 0.536973
99627: 0.536968
99628: 0.536972
99629: 0.536967
99630: 0.536971
99631: 0.536976
99632: 0.536981
99633: 0.536975
99634: 0.53697
99635: 0.536975
99636: 0.536969
99637: 0.536964
99638: 0.536968
99639: 0.536973
99640: 0.536978
99641: 0.536982
99642: 0.536987
99643: 0.536992
99644: 0.536986
99645: 0.536991
99646: 0.536986
99647: 0.53698
99648: 0.536975
99649: 0.536969
99650: 0.536974
99651: 0.536979
99652: 0.536983
99653: 0.536988
99654: 0.536993
99655: 0.536987
99656: 0.536992
99657: 0.536997
99658: 0.536991
99659: 0.536986
99660: 0.53699
99661: 0.536995
99662: 0.53699
99663: 0.536984
99664: 0.536989
99665: 0.536984
99666: 0.536988
99667: 0.536993
99668: 0.536997
99669: 0.537002
99670: 0.537007
99671: 0.537011
99672: 0.537016
99673: 0.537011
99674: 0.537005
99675: 0.53701
99676: 0.537015
99677: 0.537019
99678: 0.537024
99679: 0.537028
99680: 0.537033
99681: 0.537038
99682: 0.537042
99683: 0.537047
99684: 0.537052
99685: 0.537056
99686: 0.537061
99687: 0.537056
99688: 0.53706
99689: 0.537065
99690: 0.53706
99691: 0.537064
99692: 0.537059
99693: 0.537063
99694: 0.537058
99695: 0.537053
99696: 0.537057
99697: 0.537062
99698: 0.537067
99699: 0.537071
99700: 0.537076
99701: 0.53708
99702: 0.537075
99703: 0.53708
99704: 0.537074
99705: 0.537079
99706: 0.537074
99707: 0.537078
99708: 0.537073
99709: 0.537067
99710: 0.537072
99711: 0.537077
99712: 0.537071
99713: 0.537066
99714: 0.537071
99715: 0.537075
99716: 0.53708
99717: 0.537085
99718: 0.537089
99719: 0.537094
99720: 0.537099
99721: 0.537103
99722: 0.537098
99723: 0.537102
99724: 0.537107
99725: 0.537112
99726: 0.537106
99727: 0.537111
99728: 0.537106
99729: 0.53711
99730: 0.537105
99731: 0.537099
99732: 0.537094
99733: 0.537099
99734: 0.537093
99735: 0.537088
99736: 0.537083
99737: 0.537087
99738: 0.537092
99739: 0.537096
99740: 0.537101
99741: 0.537106
99742: 0.53711
99743: 0.537105
99744: 0.5371
99745: 0.537094
99746: 0.537099
99747: 0.537104
99748: 0.537108
99749: 0.537113
99750: 0.537107
99751: 0.537112
99752: 0.537117
99753: 0.537121
99754: 0.537116
99755: 0.537111
99756: 0.537115
99757: 0.53712
99758: 0.537124
99759: 0.537129
99760: 0.537134
99761: 0.537138
99762: 0.537133
99763: 0.537128
99764: 0.537122
99765: 0.537127
99766: 0.537121
99767: 0.537126
99768: 0.537131
99769: 0.537125
99770: 0.53713
99771: 0.537135
99772: 0.537139
99773: 0.537134
99774: 0.537129
99775: 0.537133
99776: 0.537128
99777: 0.537122
99778: 0.537127
99779: 0.537132
99780: 0.537136
99781: 0.537131
99782: 0.537136
99783: 0.53714
99784: 0.537145
99785: 0.537149
99786: 0.537154
99787: 0.537149
99788: 0.537153
99789: 0.537148
99790: 0.537143
99791: 0.537137
99792: 0.537132
99793: 0.537137
99794: 0.537131
99795: 0.537136
99796: 0.53714
99797: 0.537135
99798: 0.53713
99799: 0.537124
99800: 0.537119
99801: 0.537113
99802: 0.537108
99803: 0.537103
99804: 0.537097
99805: 0.537092
99806: 0.537097
99807: 0.537101
99808: 0.537106
99809: 0.5371
99810: 0.537105
99811: 0.53711
99812: 0.537104
99813: 0.537109
99814: 0.537114
99815: 0.537108
99816: 0.537103
99817: 0.537108
99818: 0.537102
99819: 0.537107
99820: 0.537111
99821: 0.537106
99822: 0.537111
99823: 0.537115
99824: 0.53712
99825: 0.537125
99826: 0.537129
99827: 0.537134
99828: 0.537139
99829: 0.537133
99830: 0.537138
99831: 0.537142
99832: 0.537137
99833: 0.537142
99834: 0.537146
99835: 0.537141
99836: 0.537136
99837: 0.53714
99838: 0.537135
99839: 0.537129
99840: 0.537134
99841: 0.537139
99842: 0.537143
99843: 0.537148
99844: 0.537153
99845: 0.537157
99846: 0.537162
99847: 0.537156
99848: 0.537161
99849: 0.537166
99850: 0.53717
99851: 0.537165
99852: 0.53717
99853: 0.537164
99854: 0.537159
99855: 0.537164
99856: 0.537158
99857: 0.537153
99858: 0.537147
99859: 0.537152
99860: 0.537147
99861: 0.537141
99862: 0.537136
99863: 0.537141
99864: 0.537145
99865: 0.53715
99866: 0.537144
99867: 0.537139
99868: 0.537134
99869: 0.537128
99870: 0.537133
99871: 0.537138
99872: 0.537132
99873: 0.537127
99874: 0.537121
99875: 0.537126
99876: 0.537131
99877: 0.537125
99878: 0.53713
99879: 0.537135
99880: 0.537139
99881: 0.537144
99882: 0.537138
99883: 0.537133
99884: 0.537128
99885: 0.537132
99886: 0.537127
99887: 0.537132
99888: 0.537136
99889: 0.537141
99890: 0.537135
99891: 0.53713
99892: 0.537125
99893: 0.537119
99894: 0.537124
99895: 0.537129
99896: 0.537133
99897: 0.537138
99898: 0.537133
99899: 0.537137
99900: 0.537142
99901: 0.537146
99902: 0.537151
99903: 0.537156
99904: 0.53715
99905: 0.537145
99906: 0.53715
99907: 0.537154
99908: 0.537149
99909: 0.537153
99910: 0.537158
99911: 0.537163
99912: 0.537167
99913: 0.537162
99914: 0.537157
99915: 0.537151
99916: 0.537146
99917: 0.53714
99918: 0.537135
99919: 0.53714
99920: 0.537144
99921: 0.537149
99922: 0.537144
99923: 0.537138
99924: 0.537143
99925: 0.537147
99926: 0.537142
99927: 0.537147
99928: 0.537151
99929: 0.537146
99930: 0.537151
99931: 0.537155
99932: 0.53715
99933: 0.537155
99934: 0.537159
99935: 0.537164
99936: 0.537168
99937: 0.537173
99938: 0.537168
99939: 0.537162
99940: 0.537157
99941: 0.537152
99942: 0.537156
99943: 0.537161
99944: 0.537155
99945: 0.53715
99946: 0.537145
99947: 0.537139
99948: 0.537134
99949: 0.537139
99950: 0.537133
99951: 0.537138
99952: 0.537132
99953: 0.537137
99954: 0.537132
99955: 0.537126
99956: 0.537131
99957: 0.537136
99958: 0.53713
99959: 0.537125
99960: 0.537129
99961: 0.537134
99962: 0.537129
99963: 0.537123
99964: 0.537128
99965: 0.537123
99966: 0.537127
99967: 0.537132
99968: 0.537127
99969: 0.537121
99970: 0.537126
99971: 0.53712
99972: 0.537115
99973: 0.53711
99974: 0.537114
99975: 0.537109
99976: 0.537104
99977: 0.537108
99978: 0.537113
99979: 0.537117
99980: 0.537112
99981: 0.537107
99982: 0.537111
99983: 0.537116
99984: 0.537121
99985: 0.537115
99986: 0.53712
99987: 0.537124
99988: 0.537119
99989: 0.537114
99990: 0.537108
99991: 0.537103
99992: 0.537108
99993: 0.537112
99994: 0.537117
99995: 0.537111
99996: 0.537116
99997: 0.537121
99998: 0.537115
99999: 0.53712
