0: 0
1: 0
2: 0
3: 0
4: 0
5: 0
6: 0
7: 0
8: 0
9: 0
10: 0
11: 0
12: 0
13: 0
14: 0
15: 0
16: 0
17: 0
18: 0
19: 0
20: 0
21: 0
22: 0
23: 0
24: 0
25: 0
26: 0
27: 0
28: 0
29: 0
30: 0
31: 0
32: 0
33: 0
34: 0
35: 0
36: 0
37: 0
38: 0
39: 0
40: 0
41: 0
42: 0
43: 0
44: 0
45: 0
46: 0
47: 0
48: 0
49: 0
50: 0
51: 0
52: 0
53: 0
54: 0
55: 0
56: 0
57: 0
58: 0
59: 0
60: 0
61: 0
62: 0
63: 0
64: 0
65: 0
66: 0
67: 0
68: 0
69: 0
70: 0
71: 0
72: 0
73: 0
74: 0
75: 0
76: 0
77: 0
78: 0
79: 0
80: 0
81: 0
82: 0
83: 0
84: 0
85: 0
86: 0
87: 0
88: 0
89: 0
90: 0
91: 0
92: 0
93: 0
94: 0
95: 0
96: 0
97: 0
98: 0
99: 0
100: 0
101: 0
102: 0
103: 0
104: 0
105: 0
106: 0
107: 0
108: 0
109: 0
110: 0
111: 0
112: 0
113: 0
114: 0
115: 0
116: 0
117: 0
118: 0
119: 0
120: 0
121: 0
122: 0
123: 0
124: 0
125: 0
126: 0
127: 0
128: 0
129: 0
130: 0
131: 0
132: 0
133: 0
134: 0
135: 0
136: 0
137: 0
138: 0
139: 0
140: 0
141: 0
142: 0
143: 0
144: 0
145: 0
146: 0
147: 0
148: 0
149: 0
150: 0
151: 0
152: 0
153: 0
154: 0
155: 0
156: 0
157: 0
158: 0
159: 0
160: 0
161: 0
162: 0
163: 0
164: 0
165: 0
166: 0
167: 0
168: 0
169: 0
170: 0
171: 0
172: 0
173: 0
174: 0
175: 0
176: 0
177: 0
178: 0
179: 0
180: 0
181: 0
182: 0
183: 0
184: 0
185: 0
186: 0
187: 0
188: 0
189: 0
190: 0
191: 0
192: 0
193: 0
194: 0
195: 0
196: 0
197: 0
198: 0
199: 0
200: 0
201: 0
202: 0
203: 0
204: 0
205: 0
206: 0
207: 0
208: 0
209: 0
210: 0
211: 0
212: 0
213: 0
214: 0
215: 0
216: 0
217: 0
218: 0
219: 0
220: 0
221: 0
222: 0
223: 0
224: 0
225: 0
226: 0
227: 0
228: 0
229: 0
230: 0
231: 0
232: 0
233: 0
234: 0
235: 0
236: 0
237: 0
238: 0
239: 0
240: 0
241: 0
242: 0
243: 0
244: 0
245: 0
246: 0
247: 0
248: 0
249: 0
250: 0
251: 0
252: 0
253: 0
254: 0
255: 0
256: 0
257: 0
258: 0
259: 0
260: 0
261: 0
262: 0
263: 0
264: 0
265: 0
266: 0
267: 0
268: 0
269: 0
270: 0
271: 0
272: 0
273: 0
274: 0
275: 0
276: 0
277: 0
278: 0
279: 0
280: 0
281: 0
282: 0
283: 0
284: 0
285: 0
286: 0
287: 0
288: 0
289: 0
290: 0
291: 0
292: 0
293: 0
294: 0
295: 0
296: 0
297: 0
298: 0
299: 0
300: 0
301: 0
302: 0
303: 0
304: 0
305: 0
306: 0
307: 0
308: 0
309: 0
310: 0
311: 0
312: 0
313: 0
314: 0
315: 0
316: 0
317: 0
318: 0
319: 0
320: 0
321: 0
322: 0
323: 0
324: 0
325: 0
326: 0
327: 0
328: 0
329: 0
330: 0
331: 0
332: 0
333: 0
334: 0
335: 0
336: 0
337: 0
338: 0
339: 0
340: 0
341: 0
342: 0
343: 0
344: 0
345: 0
346: 0
347: 0
348: 0
349: 0
350: 0
351: 0
352: 0
353: 0
354: 0
355: 0
356: 0
357: 0
358: 0
359: 0
360: 0
361: 0
362: 0
363: 0
364: 0
365: 0
366: 0
367: 0
368: 0
369: 0
370: 0
371: 0
372: 0
373: 0
374: 0
375: 0
376: 0
377: 0
378: 0
379: 0
380: 0
381: 0
382: 0
383: 0
384: 0
385: 0
386: 0
387: 0
388: 0
389: 0
390: 0
391: 0
392: 0
393: 0
394: 0
395: 0
396: 0
397: 0
398: 0
399: 0
400: 0
401: 0
402: 0
403: 0
404: 0
405: 0
406: 0
407: 0
408: 0
409: 0
410: 0
411: 0
412: 0
413: 0
414: 0
415: 0
416: 0
417: 0
418: 0
419: 0
420: 0
421: 0
422: 0
423: 0
424: 0
425: 0
426: 0
427: 0
428: 0
429: 0
430: 0
431: 0
432: 0
433: 0
434: 0
435: 0
436: 0
437: 0
438: 0
439: 0
440: 0
441: 0
442: 0
443: 0
444: 0
445: 0
446: 0
447: 0
448: 0
449: 0
450: 0
451: 0
452: 0
453: 0
454: 0
455: 0
456: 0
457: 0
458: 0
459: 0
460: 0
461: 0
462: 0
463: 0
464: 0
465: 0
466: 0
467: 0
468: 0
469: 0
470: 0
471: 0
472: 0
473: 0
474: 0
475: 0
476: 0
477: 0
478: 0
479: 0
480: 0
481: 0
482: 0
483: 0
484: 0
485: 0
486: 0
487: 0
488: 0
489: 0
490: 0
491: 0
492: 0
493: 0
494: 0
495: 0
496: 0
497: 0
498: 0
499: 0
500: 0
501: 0
502: 0
503: 0
504: 0
505: 0
506: 0
507: 0
508: 0
509: 0
510: 0
511: 0
512: 0
513: 0
514: 0
515: 0
516: 0
517: 0
518: 0
519: 0
520: 0
521: 0
522: 0
523: 0
524: 0
525: 0
526: 0
527: 0
528: 0
529: 0
530: 0
531: 0
532: 0
533: 0
534: 0
535: 0
536: 0
537: 0
538: 0
539: 0
540: 0
541: 0
542: 0
543: 0
544: 0
545: 0
546: 0
547: 0
548: 0
549: 0
550: 0
551: 0
552: 0
553: 0
554: 0
555: 0
556: 0
557: 0
558: 0
559: 0
560: 0
561: 0
562: 0
563: 0
564: 0
565: 0
566: 0
567: 0
568: 0
569: 0
570: 0
571: 0
572: 0
573: 0
574: 0
575: 0
576: 0
577: 0
578: 0
579: 0
580: 0
581: 0
582: 0
583: 0
584: 0
585: 0
586: 0
587: 0
588: 0
589: 0
590: 0
591: 0
592: 0
593: 0
594: 0
595: 0
596: 0
597: 0
598: 0
599: 0
600: 0
601: 0
602: 0
603: 0
604: 0
605: 0
606: 0
607: 0
608: 0
609: 0
610: 0
611: 0
612: 0
613: 0
614: 0
615: 0
616: 0
617: 0
618: 0
619: 0
620: 0
621: 0
622: 0
623: 0
624: 0
625: 0
626: 0
627: 0
628: 0
629: 0
630: 0
631: 0
632: 0
633: 0
634: 0
635: 0
636: 0
637: 0
638: 0
639: 0
640: 0
641: 0
642: 0
643: 0
644: 0
645: 0
646: 0
647: 0
648: 0
649: 0
650: 0
651: 0
652: 0
653: 0
654: 0
655: 0
656: 0
657: 0
658: 0
659: 0
660: 0
661: 0
662: 0
663: 0
664: 0
665: 0
666: 0
667: 0
668: 0
669: 0
670: 0
671: 0
672: 0
673: 0
674: 0
675: 0
676: 0
677: 0
678: 0
679: 0
680: 0
681: 0
682: 0
683: 0
684: 0
685: 0
686: 0
687: 0
688: 0
689: 0
690: 0
691: 0
692: 0
693: 0
694: 0
695: 0
696: 0
697: 0
698: 0
699: 0
700: 0
701: 0
702: 0
703: 0
704: 0
705: 0
706: 0
707: 0
708: 0
709: 0
710: 0
711: 0
712: 0
713: 0
714: 0
715: 0
716: 0
717: 0
718: 0
719: 0
720: 0
721: 0
722: 0
723: 0
724: 0
725: 0
726: 0
727: 0
728: 0
729: 0
730: 0
731: 0
732: 0
733: 0
734: 0
735: 0
736: 0
737: 0
738: 0
739: 0
740: 0
741: 0
742: 0
743: 0
744: 0
745: 0
746: 0
747: 0
748: 0
749: 0
750: 0
751: 0
752: 0
753: 0
754: 0
755: 0
756: 0
757: 0
758: 0
759: 0
760: 0
761: 0
762: 0
763: 0
764: 0
765: 0
766: 0
767: 0
768: 0
769: 0
770: 0
771: 0
772: 0
773: 0
774: 0
775: 0
776: 0
777: 0
778: 0
779: 0
780: 0
781: 0
782: 0
783: 0
784: 0
785: 0
786: 0
787: 0
788: 0
789: 0
790: 0
791: 0
792: 0
793: 0
794: 0
795: 0
796: 0
797: 0
798: 0
799: 0
800: 0
801: 0
802: 0
803: 0
804: 0
805: 0
806: 0
807: 0
808: 0
809: 0
810: 0
811: 0
812: 0
813: 0
814: 0
815: 0
816: 0
817: 0
818: 0
819: 0
820: 0
821: 0
822: 0
823: 0
824: 0
825: 0
826: 0
827: 0
828: 0
829: 0
830: 0
831: 0
832: 0
833: 0
834: 0
835: 0
836: 0
837: 0
838: 0
839: 0
840: 0
841: 0
842: 0
843: 0
844: 0
845: 0
846: 0
847: 0
848: 0
849: 0
850: 0
851: 0
852: 0
853: 0
854: 0
855: 0
856: 0
857: 0
858: 0
859: 0
860: 0
861: 0
862: 0
863: 0
864: 0
865: 0
866: 0
867: 0
868: 0
869: 0
870: 0
871: 0
872: 0
873: 0
874: 0
875: 0
876: 0
877: 0
878: 0
879: 0
880: 0
881: 0
882: 0
883: 0
884: 0
885: 0
886: 0
887: 0
888: 0
889: 0
890: 0
891: 0
892: 0
893: 0
894: 0
895: 0
896: 0
897: 0
898: 0
899: 0
900: 0
901: 0
902: 0
903: 0
904: 0
905: 0
906: 0
907: 0
908: 0
909: 0
910: 0
911: 0
912: 0
913: 0
914: 0
915: 0
916: 0
917: 0
918: 0
919: 0
920: 0
921: 0
922: 0
923: 0
924: 0
925: 0
926: 0
927: 0
928: 0
929: 0
930: 0
931: 0
932: 0
933: 0
934: 0
935: 0
936: 0
937: 0
938: 0
939: 0
940: 0
941: 0
942: 0
943: 0
944: 0
945: 0
946: 0
947: 0
948: 0
949: 0
950: 0
951: 0
952: 0
953: 0
954: 0
955: 0
956: 0
957: 0
958: 0
959: 0
960: 0
961: 0
962: 0
963: 0
964: 0
965: 0
966: 0
967: 0
968: 0
969: 0
970: 0
971: 0
972: 0
973: 0
974: 0
975: 0
976: 0
977: 0
978: 0
979: 0
980: 0
981: 0
982: 0
983: 0
984: 0
985: 0
986: 0
987: 0
988: 0
989: 0
990: 0
991: 0
992: 0
993: 0
994: 0
995: 0
996: 0
997: 0
998: 0
999: 0
1000: 0
1001: 0
1002: 0
1003: 0
1004: 0
1005: 0
1006: 0
1007: 0
1008: 0
1009: 0
1010: 0
1011: 0
1012: 0
1013: 0
1014: 0
1015: 0
1016: 0
1017: 0
1018: 0
1019: 0
1020: 0
1021: 0
1022: 0
1023: 0
1024: 0
1025: 0
1026: 0
1027: 0
1028: 0
1029: 0
1030: 0
1031: 0
1032: 0
1033: 0
1034: 0
1035: 0
1036: 0
1037: 0
1038: 0
1039: 0
1040: 0
1041: 0
1042: 0
1043: 0
1044: 0
1045: 0
1046: 0
1047: 0
1048: 0
1049: 0
1050: 0
1051: 0
1052: 0
1053: 0
1054: 0
1055: 0
1056: 0
1057: 0
1058: 0
1059: 0
1060: 0
1061: 0
1062: 0
1063: 0
1064: 0
1065: 0
1066: 0
1067: 0
1068: 0
1069: 0
1070: 0
1071: 0
1072: 0
1073: 0
1074: 0
1075: 0
1076: 0
1077: 0
1078: 0
1079: 0
1080: 0
1081: 0
1082: 0
1083: 0
1084: 0
1085: 0
1086: 0
1087: 0
1088: 0
1089: 0
1090: 0
1091: 0
1092: 0
1093: 0
1094: 0
1095: 0
1096: 0
1097: 0
1098: 0
1099: 0
1100: 0
1101: 0
1102: 0
1103: 0
1104: 0
1105: 0
1106: 0
1107: 0
1108: 0
1109: 0
1110: 0
1111: 0
1112: 0
1113: 0
1114: 0
1115: 0
1116: 0
1117: 0
1118: 0
1119: 0
1120: 0
1121: 0
1122: 0
1123: 0
1124: 0
1125: 0
1126: 0
1127: 0
1128: 0
1129: 0
1130: 0
1131: 0
1132: 0
1133: 0
1134: 0
1135: 0
1136: 0
1137: 0
1138: 0
1139: 0
1140: 0
1141: 0
1142: 0
1143: 0
1144: 0
1145: 0
1146: 0
1147: 0
1148: 0
1149: 0
1150: 0
1151: 0
1152: 0
1153: 0
1154: 0
1155: 0
1156: 0
1157: 0
1158: 0
1159: 0
1160: 0
1161: 0
1162: 0
1163: 0
1164: 0
1165: 0
1166: 0
1167: 0
1168: 0
1169: 0
1170: 0
1171: 0
1172: 0
1173: 0
1174: 0
1175: 0
1176: 0
1177: 0
1178: 0
1179: 0
1180: 0
1181: 0
1182: 0
1183: 0
1184: 0
1185: 0
1186: 0
1187: 0
1188: 0
1189: 0
1190: 0
1191: 0
1192: 0
1193: 0
1194: 0
1195: 0
1196: 0
1197: 0
1198: 0
1199: 0
1200: 0
1201: 0
1202: 0
1203: 0
1204: 0
1205: 0
1206: 0
1207: 0
1208: 0
1209: 0
1210: 0
1211: 0
1212: 0
1213: 0
1214: 0
1215: 0
1216: 0
1217: 0
1218: 0
1219: 0
1220: 0
1221: 0
1222: 0
1223: 0
1224: 0
1225: 0
1226: 0
1227: 0
1228: 0
1229: 0
1230: 0
1231: 0
1232: 0
1233: 0
1234: 0
1235: 0
1236: 0
1237: 0
1238: 0
1239: 0
1240: 0
1241: 0
1242: 0
1243: 0
1244: 0
1245: 0
1246: 0
1247: 0
1248: 0
1249: 0
1250: 0
1251: 0
1252: 0
1253: 0
1254: 0
1255: 0
1256: 0
1257: 0
1258: 0
1259: 0
1260: 0
1261: 0
1262: 0
1263: 0
1264: 0
1265: 0
1266: 0
1267: 0
1268: 0
1269: 0
1270: 0
1271: 0
1272: 0
1273: 0
1274: 0
1275: 0
1276: 0
1277: 0
1278: 0
1279: 0
1280: 0
1281: 0
1282: 0
1283: 0
1284: 0
1285: 0
1286: 0
1287: 0
1288: 0
1289: 0
1290: 0
1291: 0
1292: 0
1293: 0
1294: 0
1295: 0
1296: 0
1297: 0
1298: 0
1299: 0
1300: 0
1301: 0
1302: 0
1303: 0
1304: 0
1305: 0
1306: 0
1307: 0
1308: 0
1309: 0
1310: 0
1311: 0
1312: 0
1313: 0
1314: 0
1315: 0
1316: 0
1317: 0
1318: 0
1319: 0
1320: 0
1321: 0
1322: 0
1323: 0
1324: 0
1325: 0
1326: 0
1327: 0
1328: 0
1329: 0
1330: 0
1331: 0
1332: 0
1333: 0
1334: 0
1335: 0
1336: 0
1337: 0
1338: 0
1339: 0
1340: 0
1341: 0
1342: 0
1343: 0
1344: 0
1345: 0
1346: 0
1347: 0
1348: 0
1349: 0
1350: 0
1351: 0
1352: 0
1353: 0
1354: 0
1355: 0
1356: 0
1357: 0
1358: 0
1359: 0
1360: 0
1361: 0
1362: 0
1363: 0
1364: 0
1365: 0
1366: 0
1367: 0
1368: 0
1369: 0
1370: 0
1371: 0
1372: 0
1373: 0
1374: 0
1375: 0
1376: 0
1377: 0
1378: 0
1379: 0
1380: 0
1381: 0
1382: 0
1383: 0
1384: 0
1385: 0
1386: 0
1387: 0
1388: 0
1389: 0
1390: 0
1391: 0
1392: 0
1393: 0
1394: 0
1395: 0
1396: 0
1397: 0
1398: 0
1399: 0
1400: 0
1401: 0
1402: 0
1403: 0
1404: 0
1405: 0
1406: 0
1407: 0
1408: 0
1409: 0
1410: 0
1411: 0
1412: 0
1413: 0
1414: 0
1415: 0
1416: 0
1417: 0
1418: 0
1419: 0
1420: 0
1421: 0
1422: 0
1423: 0
1424: 0
1425: 0
1426: 0
1427: 0
1428: 0
1429: 0
1430: 0
1431: 0
1432: 0
1433: 0
1434: 0
1435: 0
1436: 0
1437: 0
1438: 0
1439: 0
1440: 0
1441: 0
1442: 0
1443: 0
1444: 0
1445: 0
1446: 0
1447: 0
1448: 0
1449: 0
1450: 0
1451: 0
1452: 0
1453: 0
1454: 0
1455: 0
1456: 0
1457: 0
1458: 0
1459: 0
1460: 0
1461: 0
1462: 0
1463: 0
1464: 0
1465: 0
1466: 0
1467: 0
1468: 0
1469: 0
1470: 0
1471: 0
1472: 0
1473: 0
1474: 0
1475: 0
1476: 0
1477: 0
1478: 0
1479: 0
1480: 0
1481: 0
1482: 0
1483: 0
1484: 0
1485: 0
1486: 0
1487: 0
1488: 0
1489: 0
1490: 0
1491: 0
1492: 0
1493: 0
1494: 0
1495: 0
1496: 0
1497: 0
1498: 0
1499: 0
1500: 0
1501: 0
1502: 0
1503: 0
1504: 0
1505: 0
1506: 0
1507: 0
1508: 0
1509: 0
1510: 0
1511: 0
1512: 0
1513: 0
1514: 0
1515: 0
1516: 0
1517: 0
1518: 0
1519: 0
1520: 0
1521: 0
1522: 0
1523: 0
1524: 0
1525: 0
1526: 0
1527: 0
1528: 0
1529: 0
1530: 0
1531: 0
1532: 0
1533: 0
1534: 0
1535: 0
1536: 0
1537: 0
1538: 0
1539: 0
1540: 0
1541: 0
1542: 0
1543: 0
1544: 0
1545: 0
1546: 0
1547: 0
1548: 0
1549: 0
1550: 0
1551: 0
1552: 0
1553: 0
1554: 0
1555: 0
1556: 0
1557: 0
1558: 0
1559: 0
1560: 0
1561: 0
1562: 0
1563: 0
1564: 0
1565: 0
1566: 0
1567: 0
1568: 0
1569: 0
1570: 0
1571: 0
1572: 0
1573: 0
1574: 0
1575: 0
1576: 0
1577: 0
1578: 0
1579: 0
1580: 0
1581: 0
1582: 0
1583: 0
1584: 0
1585: 0
1586: 0
1587: 0
1588: 0
1589: 0
1590: 0
1591: 0
1592: 0
1593: 0
1594: 0
1595: 0
1596: 0
1597: 0
1598: 0
1599: 0
1600: 0
1601: 0
1602: 0
1603: 0
1604: 0
1605: 0
1606: 0
1607: 0
1608: 0
1609: 0
1610: 0
1611: 0
1612: 0
1613: 0
1614: 0
1615: 0
1616: 0
1617: 0
1618: 0
1619: 0
1620: 0
1621: 0
1622: 0
1623: 0
1624: 0
1625: 0
1626: 0
1627: 0
1628: 0
1629: 0
1630: 0
1631: 0
1632: 0
1633: 0
1634: 0
1635: 0
1636: 0
1637: 0
1638: 0
1639: 0
1640: 0
1641: 0
1642: 0
1643: 0
1644: 0
1645: 0
1646: 0
1647: 0
1648: 0
1649: 0
1650: 0
1651: 0
1652: 0
1653: 0
1654: 0
1655: 0
1656: 0
1657: 0
1658: 0
1659: 0
1660: 0
1661: 0
1662: 0
1663: 0
1664: 0
1665: 0
1666: 0
1667: 0
1668: 0
1669: 0
1670: 0
1671: 0
1672: 0
1673: 0
1674: 0
1675: 0
1676: 0
1677: 0
1678: 0
1679: 0
1680: 0
1681: 0
1682: 0
1683: 0
1684: 0
1685: 0
1686: 0
1687: 0
1688: 0
1689: 0
1690: 0
1691: 0
1692: 0
1693: 0
1694: 0
1695: 0
1696: 0
1697: 0
1698: 0
1699: 0
1700: 0
1701: 0
1702: 0
1703: 0
1704: 0
1705: 0
1706: 0
1707: 0
1708: 0
1709: 0
1710: 0
1711: 0
1712: 0
1713: 0
1714: 0
1715: 0
1716: 0
1717: 0
1718: 0
1719: 0
1720: 0
1721: 0
1722: 0
1723: 0
1724: 0
1725: 0
1726: 0
1727: 0
1728: 0
1729: 0
1730: 0
1731: 0
1732: 0
1733: 0
1734: 0
1735: 0
1736: 0
1737: 0
1738: 0
1739: 0
1740: 0
1741: 0
1742: 0
1743: 0
1744: 0
1745: 0
1746: 0
1747: 0
1748: 0
1749: 0
1750: 0
1751: 0
1752: 0
1753: 0
1754: 0
1755: 0
1756: 0
1757: 0
1758: 0
1759: 0
1760: 0
1761: 0
1762: 0
1763: 0
1764: 0
1765: 0
1766: 0
1767: 0
1768: 0
1769: 0
1770: 0
1771: 0
1772: 0
1773: 0
1774: 0
1775: 0
1776: 0
1777: 0
1778: 0
1779: 0
1780: 0
1781: 0
1782: 0
1783: 0
1784: 0
1785: 0
1786: 0
1787: 0
1788: 0
1789: 0
1790: 0
1791: 0
1792: 0
1793: 0
1794: 0
1795: 0
1796: 0
1797: 0
1798: 0
1799: 0
1800: 0
1801: 0
1802: 0
1803: 0
1804: 0
1805: 0
1806: 0
1807: 0
1808: 0
1809: 0
1810: 0
1811: 0
1812: 0
1813: 0
1814: 0
1815: 0
1816: 0
1817: 0
1818: 0
1819: 0
1820: 0
1821: 0
1822: 0
1823: 0
1824: 0
1825: 0
1826: 0
1827: 0
1828: 0
1829: 0
1830: 0
1831: 0
1832: 0
1833: 0
1834: 0
1835: 0
1836: 0
1837: 0
1838: 0
1839: 0
1840: 0
1841: 0
1842: 0
1843: 0
1844: 0
1845: 0
1846: 0
1847: 0
1848: 0
1849: 0
1850: 0
1851: 0
1852: 0
1853: 0
1854: 0
1855: 0
1856: 0
1857: 0
1858: 0
1859: 0
1860: 0
1861: 0
1862: 0
1863: 0
1864: 0
1865: 0
1866: 0
1867: 0
1868: 0
1869: 0
1870: 0
1871: 0
1872: 0
1873: 0
1874: 0
1875: 0
1876: 0
1877: 0
1878: 0
1879: 0
1880: 0
1881: 0
1882: 0
1883: 0
1884: 0
1885: 0
1886: 0
1887: 0
1888: 0
1889: 0
1890: 0
1891: 0
1892: 0
1893: 0
1894: 0
1895: 0
1896: 0
1897: 0
1898: 0
1899: 0
1900: 0
1901: 0
1902: 0
1903: 0
1904: 0
1905: 0
1906: 0
1907: 0
1908: 0
1909: 0
1910: 0
1911: 0
1912: 0
1913: 0
1914: 0
1915: 0
1916: 0
1917: 0
1918: 0
1919: 0
1920: 0
1921: 0
1922: 0
1923: 0
1924: 0
1925: 0
1926: 0
1927: 0
1928: 0
1929: 0
1930: 0
1931: 0
1932: 0
1933: 0
1934: 0
1935: 0
1936: 0
1937: 0
1938: 0
1939: 0
1940: 0
1941: 0
1942: 0
1943: 0
1944: 0
1945: 0
1946: 0
1947: 0
1948: 0
1949: 0
1950: 0
1951: 0
1952: 0
1953: 0
1954: 0
1955: 0
1956: 0
1957: 0
1958: 0
1959: 0
1960: 0
1961: 0
1962: 0
1963: 0
1964: 0
1965: 0
1966: 0
1967: 0
1968: 0
1969: 0
1970: 0
1971: 0
1972: 0
1973: 0
1974: 0
1975: 0
1976: 0
1977: 0
1978: 0
1979: 0
1980: 0
1981: 0
1982: 0
1983: 0
1984: 0
1985: 0
1986: 0
1987: 0
1988: 0
1989: 0
1990: 0
1991: 0
1992: 0
1993: 0
1994: 0
1995: 0
1996: 0
1997: 0
1998: 0
1999: 0
2000: 0
2001: 0
2002: 0
2003: 0
2004: 0
2005: 0
2006: 0
2007: 0
2008: 0
2009: 0
2010: 0
2011: 0
2012: 0
2013: 0
2014: 0
2015: 0
2016: 0
2017: 0
2018: 0
2019: 0
2020: 0
2021: 0
2022: 0
2023: 0
2024: 0
2025: 0
2026: 0
2027: 0
2028: 0
2029: 0
2030: 0
2031: 0
2032: 0
2033: 0
2034: 0
2035: 0
2036: 0
2037: 0
2038: 0
2039: 0
2040: 0
2041: 0
2042: 0
2043: 0
2044: 0
2045: 0
2046: 0
2047: 0
2048: 0
2049: 0
2050: 0
2051: 0
2052: 0
2053: 0
2054: 0
2055: 0
2056: 0
2057: 0
2058: 0
2059: 0
2060: 0
2061: 0
2062: 0
2063: 0
2064: 0
2065: 0
2066: 0
2067: 0
2068: 0
2069: 0
2070: 0
2071: 0
2072: 0
2073: 0
2074: 0
2075: 0
2076: 0
2077: 0
2078: 0
2079: 0
2080: 0
2081: 0
2082: 0
2083: 0
2084: 0
2085: 0
2086: 0
2087: 0
2088: 0
2089: 0
2090: 0
2091: 0
2092: 0
2093: 0
2094: 0
2095: 0
2096: 0
2097: 0
2098: 0
2099: 0
2100: 0
2101: 0
2102: 0
2103: 0
2104: 0
2105: 0
2106: 0
2107: 0
2108: 0
2109: 0
2110: 0
2111: 0
2112: 0
2113: 0
2114: 0
2115: 0
2116: 0
2117: 0
2118: 0
2119: 0
2120: 0
2121: 0
2122: 0
2123: 0
2124: 0
2125: 0
2126: 0
2127: 0
2128: 0
2129: 0
2130: 0
2131: 0
2132: 0
2133: 0
2134: 0
2135: 0
2136: 0
2137: 0
2138: 0
2139: 0
2140: 0
2141: 0
2142: 0
2143: 0
2144: 0
2145: 0
2146: 0
2147: 0
2148: 0
2149: 0
2150: 0
2151: 0
2152: 0
2153: 0
2154: 0
2155: 0
2156: 0
2157: 0
2158: 0
2159: 0
2160: 0
2161: 0
2162: 0
2163: 0
2164: 0
2165: 0
2166: 0
2167: 0
2168: 0
2169: 0
2170: 0
2171: 0
2172: 0
2173: 0
2174: 0
2175: 0
2176: 0
2177: 0
2178: 0
2179: 0
2180: 0
2181: 0
2182: 0
2183: 0
2184: 0
2185: 0
2186: 0
2187: 0
2188: 0
2189: 0
2190: 0
2191: 0
2192: 0
2193: 0
2194: 0
2195: 0
2196: 0
2197: 0
2198: 0
2199: 0
2200: 0
2201: 0
2202: 0
2203: 0
2204: 0
2205: 0
2206: 0
2207: 0
2208: 0
2209: 0
2210: 0
2211: 0
2212: 0
2213: 0
2214: 0
2215: 0
2216: 0
2217: 0
2218: 0
2219: 0
2220: 0
2221: 0
2222: 0
2223: 0
2224: 0
2225: 0
2226: 0
2227: 0
2228: 0
2229: 0
2230: 0
2231: 0
2232: 0
2233: 0
2234: 0
2235: 0
2236: 0
2237: 0
2238: 0
2239: 0
2240: 0
2241: 0
2242: 0
2243: 0
2244: 0
2245: 0
2246: 0
2247: 0
2248: 0
2249: 0
2250: 0
2251: 0
2252: 0
2253: 0
2254: 0
2255: 0
2256: 0
2257: 0
2258: 0
2259: 0
2260: 0
2261: 0
2262: 0
2263: 0
2264: 0
2265: 0
2266: 0
2267: 0
2268: 0
2269: 0
2270: 0
2271: 0
2272: 0
2273: 0
2274: 0
2275: 0
2276: 0
2277: 0
2278: 0
2279: 0
2280: 0
2281: 0
2282: 0
2283: 0
2284: 0
2285: 0
2286: 0
2287: 0
2288: 0
2289: 0
2290: 0
2291: 0
2292: 0
2293: 0
2294: 0
2295: 0
2296: 0
2297: 0
2298: 0
2299: 0
2300: 0
2301: 0
2302: 0
2303: 0
2304: 0
2305: 0
2306: 0
2307: 0
2308: 0
2309: 0
2310: 0
2311: 0
2312: 0
2313: 0
2314: 0
2315: 0
2316: 0
2317: 0
2318: 0
2319: 0
2320: 0
2321: 0
2322: 0
2323: 0
2324: 0
2325: 0
2326: 0
2327: 0
2328: 0
2329: 0
2330: 0
2331: 0
2332: 0
2333: 0
2334: 0
2335: 0
2336: 0
2337: 0
2338: 0
2339: 0
2340: 0
2341: 0
2342: 0
2343: 0
2344: 0
2345: 0
2346: 0
2347: 0
2348: 0
2349: 0
2350: 0
2351: 0
2352: 0
2353: 0
2354: 0
2355: 0
2356: 0
2357: 0
2358: 0
2359: 0
2360: 0
2361: 0
2362: 0
2363: 0
2364: 0
2365: 0
2366: 0
2367: 0
2368: 0
2369: 0
2370: 0
2371: 0
2372: 0
2373: 0
2374: 0
2375: 0
2376: 0
2377: 0
2378: 0
2379: 0
2380: 0
2381: 0
2382: 0
2383: 0
2384: 0
2385: 0
2386: 0
2387: 0
2388: 0
2389: 0
2390: 0
2391: 0
2392: 0
2393: 0
2394: 0
2395: 0
2396: 0
2397: 0
2398: 0
2399: 0
2400: 0
2401: 0
2402: 0
2403: 0
2404: 0
2405: 0
2406: 0
2407: 0
2408: 0
2409: 0
2410: 0
2411: 0
2412: 0
2413: 0
2414: 0
2415: 0
2416: 0
2417: 0
2418: 0
2419: 0
2420: 0
2421: 0
2422: 0
2423: 0
2424: 0
2425: 0
2426: 0
2427: 0
2428: 0
2429: 0
2430: 0
2431: 0
2432: 0
2433: 0
2434: 0
2435: 0
2436: 0
2437: 0
2438: 0
2439: 0
2440: 0
2441: 0
2442: 0
2443: 0
2444: 0
2445: 0
2446: 0
2447: 0
2448: 0
2449: 0
2450: 0
2451: 0
2452: 0
2453: 0
2454: 0
2455: 0
2456: 0
2457: 0
2458: 0
2459: 0
2460: 0
2461: 0
2462: 0
2463: 0
2464: 0
2465: 0
2466: 0
2467: 0
2468: 0
2469: 0
2470: 0
2471: 0
2472: 0
2473: 0
2474: 0
2475: 0
2476: 0
2477: 0
2478: 0
2479: 0
2480: 0
2481: 0
2482: 0
2483: 0
2484: 0
2485: 0
2486: 0
2487: 0
2488: 0
2489: 0
2490: 0
2491: 0
2492: 0
2493: 0
2494: 0
2495: 0
2496: 0
2497: 0
2498: 0
2499: 0
2500: 0
2501: 0
2502: 0
2503: 0
2504: 0
2505: 0
2506: 0
2507: 0
2508: 0
2509: 0
2510: 0
2511: 0
2512: 0
2513: 0
2514: 0
2515: 0
2516: 0
2517: 0
2518: 0
2519: 0
2520: 0
2521: 0
2522: 0
2523: 0
2524: 0
2525: 0
2526: 0
2527: 0
2528: 0
2529: 0
2530: 0
2531: 0
2532: 0
2533: 0
2534: 0
2535: 0
2536: 0
2537: 0
2538: 0
2539: 0
2540: 0
2541: 0
2542: 0
2543: 0
2544: 0
2545: 0
2546: 0
2547: 0
2548: 0
2549: 0
2550: 0
2551: 0
2552: 0
2553: 0
2554: 0
2555: 0
2556: 0
2557: 0
2558: 0
2559: 0
2560: 0
2561: 0
2562: 0
2563: 0
2564: 0
2565: 0
2566: 0
2567: 0
2568: 0
2569: 0
2570: 0
2571: 0
2572: 0
2573: 0
2574: 0
2575: 0
2576: 0
2577: 0
2578: 0
2579: 0
2580: 0
2581: 0
2582: 0
2583: 0
2584: 0
2585: 0
2586: 0
2587: 0
2588: 0
2589: 0
2590: 0
2591: 0
2592: 0
2593: 0
2594: 0
2595: 0
2596: 0
2597: 0
2598: 0
2599: 0
2600: 0
2601: 0
2602: 0
2603: 0
2604: 0
2605: 0
2606: 0
2607: 0
2608: 0
2609: 0
2610: 0
2611: 0
2612: 0
2613: 0
2614: 0
2615: 0
2616: 0
2617: 0
2618: 0
2619: 0
2620: 0
2621: 0
2622: 0
2623: 0
2624: 0
2625: 0
2626: 0
2627: 0
2628: 0
2629: 0
2630: 0
2631: 0
2632: 0
2633: 0
2634: 0
2635: 0
2636: 0
2637: 0
2638: 0
2639: 0
2640: 0
2641: 0
2642: 0
2643: 0
2644: 0
2645: 0
2646: 0
2647: 0
2648: 0
2649: 0
2650: 0
2651: 0
2652: 0
2653: 0
2654: 0
2655: 0
2656: 0
2657: 0
2658: 0
2659: 0
2660: 0
2661: 0
2662: 0
2663: 0
2664: 0
2665: 0
2666: 0
2667: 0
2668: 0
2669: 0
2670: 0
2671: 0
2672: 0
2673: 0
2674: 0
2675: 0
2676: 0
2677: 0
2678: 0
2679: 0
2680: 0
2681: 0
2682: 0
2683: 0
2684: 0
2685: 0
2686: 0
2687: 0
2688: 0
2689: 0
2690: 0
2691: 0
2692: 0
2693: 0
2694: 0
2695: 0
2696: 0
2697: 0
2698: 0
2699: 0
2700: 0
2701: 0
2702: 0
2703: 0
2704: 0
2705: 0
2706: 0
2707: 0
2708: 0
2709: 0
2710: 0
2711: 0
2712: 0
2713: 0
2714: 0
2715: 0
2716: 0
2717: 0
2718: 0
2719: 0
2720: 0
2721: 0
2722: 0
2723: 0
2724: 0
2725: 0
2726: 0
2727: 0
2728: 0
2729: 0
2730: 0
2731: 0
2732: 0
2733: 0
2734: 0
2735: 0
2736: 0
2737: 0
2738: 0
2739: 0
2740: 0
2741: 0
2742: 0
2743: 0
2744: 0
2745: 0
2746: 0
2747: 0
2748: 0
2749: 0
2750: 0
2751: 0
2752: 0
2753: 0
2754: 0
2755: 0
2756: 0
2757: 0
2758: 0
2759: 0
2760: 0
2761: 0
2762: 0
2763: 0
2764: 0
2765: 0
2766: 0
2767: 0
2768: 0
2769: 0
2770: 0
2771: 0
2772: 0
2773: 0
2774: 0
2775: 0
2776: 0
2777: 0
2778: 0
2779: 0
2780: 0
2781: 0
2782: 0
2783: 0
2784: 0
2785: 0
2786: 0
2787: 0
2788: 0
2789: 0
2790: 0
2791: 0
2792: 0
2793: 0
2794: 0
2795: 0
2796: 0
2797: 0
2798: 0
2799: 0
2800: 0
2801: 0
2802: 0
2803: 0
2804: 0
2805: 0
2806: 0
2807: 0
2808: 0
2809: 0
2810: 0
2811: 0
2812: 0
2813: 0
2814: 0
2815: 0
2816: 0
2817: 0
2818: 0
2819: 0
2820: 0
2821: 0
2822: 0
2823: 0
2824: 0
2825: 0
2826: 0
2827: 0
2828: 0
2829: 0
2830: 0
2831: 0
2832: 0
2833: 0
2834: 0
2835: 0
2836: 0
2837: 0
2838: 0
2839: 0
2840: 0
2841: 0
2842: 0
2843: 0
2844: 0
2845: 0
2846: 0
2847: 0
2848: 0
2849: 0
2850: 0
2851: 0
2852: 0
2853: 0
2854: 0
2855: 0
2856: 0
2857: 0
2858: 0
2859: 0
2860: 0
2861: 0
2862: 0
2863: 0
2864: 0
2865: 0
2866: 0
2867: 0
2868: 0
2869: 0
2870: 0
2871: 0
2872: 0
2873: 0
2874: 0
2875: 0
2876: 0
2877: 0
2878: 0
2879: 0
2880: 0
2881: 0
2882: 0
2883: 0
2884: 0
2885: 0
2886: 0
2887: 0
2888: 0
2889: 0
2890: 0
2891: 0
2892: 0
2893: 0
2894: 0
2895: 0
2896: 0
2897: 0
2898: 0
2899: 0
2900: 0
2901: 0
2902: 0
2903: 0
2904: 0
2905: 0
2906: 0
2907: 0
2908: 0
2909: 0
2910: 0
2911: 0
2912: 0
2913: 0
2914: 0
2915: 0
2916: 0
2917: 0
2918: 0
2919: 0
2920: 0
2921: 0
2922: 0
2923: 0
2924: 0
2925: 0
2926: 0
2927: 0
2928: 0
2929: 0
2930: 0
2931: 0
2932: 0
2933: 0
2934: 0
2935: 0
2936: 0
2937: 0
2938: 0
2939: 0
2940: 0
2941: 0
2942: 0
2943: 0
2944: 0
2945: 0
2946: 0
2947: 0
2948: 0
2949: 0
2950: 0
2951: 0
2952: 0
2953: 0
2954: 0
2955: 0
2956: 0
2957: 0
2958: 0
2959: 0
2960: 0
2961: 0
2962: 0
2963: 0
2964: 0
2965: 0
2966: 0
2967: 0
2968: 0
2969: 0
2970: 0
2971: 0
2972: 0
2973: 0
2974: 0
2975: 0
2976: 0
2977: 0
2978: 0
2979: 0
2980: 0
2981: 0
2982: 0
2983: 0
2984: 0
2985: 0
2986: 0
2987: 0
2988: 0
2989: 0
2990: 0
2991: 0
2992: 0
2993: 0
2994: 0
2995: 0
2996: 0
2997: 0
2998: 0
2999: 0
3000: 0
3001: 0
3002: 0
3003: 0
3004: 0
3005: 0
3006: 0
3007: 0
3008: 0
3009: 0
3010: 0
3011: 0
3012: 0
3013: 0
3014: 0
3015: 0
3016: 0
3017: 0
3018: 0
3019: 0
3020: 0
3021: 0
3022: 0
3023: 0
3024: 0
3025: 0
3026: 0
3027: 0
3028: 0
3029: 0
3030: 0
3031: 0
3032: 0
3033: 0
3034: 0
3035: 0
3036: 0
3037: 0
3038: 0
3039: 0
3040: 0
3041: 0
3042: 0
3043: 0
3044: 0
3045: 0
3046: 0
3047: 0
3048: 0
3049: 0
3050: 0
3051: 0
3052: 0
3053: 0
3054: 0
3055: 0
3056: 0
3057: 0
3058: 0
3059: 0
3060: 0
3061: 0
3062: 0
3063: 0
3064: 0
3065: 0
3066: 0
3067: 0
3068: 0
3069: 0
3070: 0
3071: 0
3072: 0
3073: 0
3074: 0
3075: 0
3076: 0
3077: 0
3078: 0
3079: 0
3080: 0
3081: 0
3082: 0
3083: 0
3084: 0
3085: 0
3086: 0
3087: 0
3088: 0
3089: 0
3090: 0
3091: 0
3092: 0
3093: 0
3094: 0
3095: 0
3096: 0
3097: 0
3098: 0
3099: 0
3100: 0
3101: 0
3102: 0
3103: 0
3104: 0
3105: 0
3106: 0
3107: 0
3108: 0
3109: 0
3110: 0
3111: 0
3112: 0
3113: 0
3114: 0
3115: 0
3116: 0
3117: 0
3118: 0
3119: 0
3120: 0
3121: 0
3122: 0
3123: 0
3124: 0
3125: 0
3126: 0
3127: 0
3128: 0
3129: 0
3130: 0
3131: 0
3132: 0
3133: 0
3134: 0
3135: 0
3136: 0
3137: 0
3138: 0
3139: 0
3140: 0
3141: 0
3142: 0
3143: 0
3144: 0
3145: 0
3146: 0
3147: 0
3148: 0
3149: 0
3150: 0
3151: 0
3152: 0
3153: 0
3154: 0
3155: 0
3156: 0
3157: 0
3158: 0
3159: 0
3160: 0
3161: 0
3162: 0
3163: 0
3164: 0
3165: 0
3166: 0
3167: 0
3168: 0
3169: 0
3170: 0
3171: 0
3172: 0
3173: 0
3174: 0
3175: 0
3176: 0
3177: 0
3178: 0
3179: 0
3180: 0
3181: 0
3182: 0
3183: 0
3184: 0
3185: 0
3186: 0
3187: 0
3188: 0
3189: 0
3190: 0
3191: 0
3192: 0
3193: 0
3194: 0
3195: 0
3196: 0
3197: 0
3198: 0
3199: 0
3200: 0
3201: 0
3202: 0
3203: 0
3204: 0
3205: 0
3206: 0
3207: 0
3208: 0
3209: 0
3210: 0
3211: 0
3212: 0
3213: 0
3214: 0
3215: 0
3216: 0
3217: 0
3218: 0
3219: 0
3220: 0
3221: 0
3222: 0
3223: 0
3224: 0
3225: 0
3226: 0
3227: 0
3228: 0
3229: 0
3230: 0
3231: 0
3232: 0
3233: 0
3234: 0
3235: 0
3236: 0
3237: 0
3238: 0
3239: 0
3240: 0
3241: 0
3242: 0
3243: 0
3244: 0
3245: 0
3246: 0
3247: 0
3248: 0
3249: 0
3250: 0
3251: 0
3252: 0
3253: 0
3254: 0
3255: 0
3256: 0
3257: 0
3258: 0
3259: 0
3260: 0
3261: 0
3262: 0
3263: 0
3264: 0
3265: 0
3266: 0
3267: 0
3268: 0
3269: 0
3270: 0
3271: 0
3272: 0
3273: 0
3274: 0
3275: 0
3276: 0
3277: 0
3278: 0
3279: 0
3280: 0
3281: 0
3282: 0
3283: 0
3284: 0
3285: 0
3286: 0
3287: 0
3288: 0
3289: 0
3290: 0
3291: 0
3292: 0
3293: 0
3294: 0
3295: 0
3296: 0
3297: 0
3298: 0
3299: 0
3300: 0
3301: 0
3302: 0
3303: 0
3304: 0
3305: 0
3306: 0
3307: 0
3308: 0
3309: 0
3310: 0
3311: 0
3312: 0
3313: 0
3314: 0
3315: 0
3316: 0
3317: 0
3318: 0
3319: 0
3320: 0
3321: 0
3322: 0
3323: 0
3324: 0
3325: 0
3326: 0
3327: 0
3328: 0
3329: 0
3330: 0
3331: 0
3332: 0
3333: 0
3334: 0
3335: 0
3336: 0
3337: 0
3338: 0
3339: 0
3340: 0
3341: 0
3342: 0
3343: 0
3344: 0
3345: 0
3346: 0
3347: 0
3348: 0
3349: 0
3350: 0
3351: 0
3352: 0
3353: 0
3354: 0
3355: 0
3356: 0
3357: 0
3358: 0
3359: 0
3360: 0
3361: 0
3362: 0
3363: 0
3364: 0
3365: 0
3366: 0
3367: 0
3368: 0
3369: 0
3370: 0
3371: 0
3372: 0
3373: 0
3374: 0
3375: 0
3376: 0
3377: 0
3378: 0
3379: 0
3380: 0
3381: 0
3382: 0
3383: 0
3384: 0
3385: 0
3386: 0
3387: 0
3388: 0
3389: 0
3390: 0
3391: 0
3392: 0
3393: 0
3394: 0
3395: 0
3396: 0
3397: 0
3398: 0
3399: 0
3400: 0
3401: 0
3402: 0
3403: 0
3404: 0
3405: 0
3406: 0
3407: 0
3408: 0
3409: 0
3410: 0
3411: 0
3412: 0
3413: 0
3414: 0
3415: 0
3416: 0
3417: 0
3418: 0
3419: 0
3420: 0
3421: 0
3422: 0
3423: 0
3424: 0
3425: 0
3426: 0
3427: 0
3428: 0
3429: 0
3430: 0
3431: 0
3432: 0
3433: 0
3434: 0
3435: 0
3436: 0
3437: 0
3438: 0
3439: 0
3440: 0
3441: 0
3442: 0
3443: 0
3444: 0
3445: 0
3446: 0
3447: 0
3448: 0
3449: 0
3450: 0
3451: 0
3452: 0
3453: 0
3454: 0
3455: 0
3456: 0
3457: 0
3458: 0
3459: 0
3460: 0
3461: 0
3462: 0
3463: 0
3464: 0
3465: 0
3466: 0
3467: 0
3468: 0
3469: 0
3470: 0
3471: 0
3472: 0
3473: 0
3474: 0
3475: 0
3476: 0
3477: 0
3478: 0
3479: 0
3480: 0
3481: 0
3482: 0
3483: 0
3484: 0
3485: 0
3486: 0
3487: 0
3488: 0
3489: 0
3490: 0
3491: 0
3492: 0
3493: 0
3494: 0
3495: 0
3496: 0
3497: 0
3498: 0
3499: 0
3500: 0
3501: 0
3502: 0
3503: 0
3504: 0
3505: 0
3506: 0
3507: 0
3508: 0
3509: 0
3510: 0
3511: 0
3512: 0
3513: 0
3514: 0
3515: 0
3516: 0
3517: 0
3518: 0
3519: 0
3520: 0
3521: 0
3522: 0
3523: 0
3524: 0
3525: 0
3526: 0
3527: 0
3528: 0
3529: 0
3530: 0
3531: 0
3532: 0
3533: 0
3534: 0
3535: 0
3536: 0
3537: 0
3538: 0
3539: 0
3540: 0
3541: 0
3542: 0
3543: 0
3544: 0
3545: 0
3546: 0
3547: 0
3548: 0
3549: 0
3550: 0
3551: 0
3552: 0
3553: 0
3554: 0
3555: 0
3556: 0
3557: 0
3558: 0
3559: 0
3560: 0
3561: 0
3562: 0
3563: 0
3564: 0
3565: 0
3566: 0
3567: 0
3568: 0
3569: 0
3570: 0
3571: 0
3572: 0
3573: 0
3574: 0
3575: 0
3576: 0
3577: 0
3578: 0
3579: 0
3580: 0
3581: 0
3582: 0
3583: 0
3584: 0
3585: 0
3586: 0
3587: 0
3588: 0
3589: 0
3590: 0
3591: 0
3592: 0
3593: 0
3594: 0
3595: 0
3596: 0
3597: 0
3598: 0
3599: 0
3600: 0
3601: 0
3602: 0
3603: 0
3604: 0
3605: 0
3606: 0
3607: 0
3608: 0
3609: 0
3610: 0
3611: 0
3612: 0
3613: 0
3614: 0
3615: 0
3616: 0
3617: 0
3618: 0
3619: 0
3620: 0
3621: 0
3622: 0
3623: 0
3624: 0
3625: 0
3626: 0
3627: 0
3628: 0
3629: 0
3630: 0
3631: 0
3632: 0
3633: 0
3634: 0
3635: 0
3636: 0
3637: 0
3638: 0
3639: 0
3640: 0
3641: 0
3642: 0
3643: 0
3644: 0
3645: 0
3646: 0
3647: 0
3648: 0
3649: 0
3650: 0
3651: 0
3652: 0
3653: 0
3654: 0
3655: 0
3656: 0
3657: 0
3658: 0
3659: 0
3660: 0
3661: 0
3662: 0
3663: 0
3664: 0
3665: 0
3666: 0
3667: 0
3668: 0
3669: 0
3670: 0
3671: 0
3672: 0
3673: 0
3674: 0
3675: 0
3676: 0
3677: 0
3678: 0
3679: 0
3680: 0
3681: 0
3682: 0
3683: 0
3684: 0
3685: 0
3686: 0
3687: 0
3688: 0
3689: 0
3690: 0
3691: 0
3692: 0
3693: 0
3694: 0
3695: 0
3696: 0
3697: 0
3698: 0
3699: 0
3700: 0
3701: 0
3702: 0
3703: 0
3704: 0
3705: 0
3706: 0
3707: 0
3708: 0
3709: 0
3710: 0
3711: 0
3712: 0
3713: 0
3714: 0
3715: 0
3716: 0
3717: 0
3718: 0
3719: 0
3720: 0
3721: 0
3722: 0
3723: 0
3724: 0
3725: 0
3726: 0
3727: 0
3728: 0
3729: 0
3730: 0
3731: 0
3732: 0
3733: 0
3734: 0
3735: 0
3736: 0
3737: 0
3738: 0
3739: 0
3740: 0
3741: 0
3742: 0
3743: 0
3744: 0
3745: 0
3746: 0
3747: 0
3748: 0
3749: 0
3750: 0
3751: 0
3752: 0
3753: 0
3754: 0
3755: 0
3756: 0
3757: 0
3758: 0
3759: 0
3760: 0
3761: 0
3762: 0
3763: 0
3764: 0
3765: 0
3766: 0
3767: 0
3768: 0
3769: 0
3770: 0
3771: 0
3772: 0
3773: 0
3774: 0
3775: 0
3776: 0
3777: 0
3778: 0
3779: 0
3780: 0
3781: 0
3782: 0
3783: 0
3784: 0
3785: 0
3786: 0
3787: 0
3788: 0
3789: 0
3790: 0
3791: 0
3792: 0
3793: 0
3794: 0
3795: 0
3796: 0
3797: 0
3798: 0
3799: 0
3800: 0
3801: 0
3802: 0
3803: 0
3804: 0
3805: 0
3806: 0
3807: 0
3808: 0
3809: 0
3810: 0
3811: 0
3812: 0
3813: 0
3814: 0
3815: 0
3816: 0
3817: 0
3818: 0
3819: 0
3820: 0
3821: 0
3822: 0
3823: 0
3824: 0
3825: 0
3826: 0
3827: 0
3828: 0
3829: 0
3830: 0
3831: 0
3832: 0
3833: 0
3834: 0
3835: 0
3836: 0
3837: 0
3838: 0
3839: 0
3840: 0
3841: 0
3842: 0
3843: 0
3844: 0
3845: 0
3846: 0
3847: 0
3848: 0
3849: 0
3850: 0
3851: 0
3852: 0
3853: 0
3854: 0
3855: 0
3856: 0
3857: 0
3858: 0
3859: 0
3860: 0
3861: 0
3862: 0
3863: 0
3864: 0
3865: 0
3866: 0
3867: 0
3868: 0
3869: 0
3870: 0
3871: 0
3872: 0
3873: 0
3874: 0
3875: 0
3876: 0
3877: 0
3878: 0
3879: 0
3880: 0
3881: 0
3882: 0
3883: 0
3884: 0
3885: 0
3886: 0
3887: 0
3888: 0
3889: 0
3890: 0
3891: 0
3892: 0
3893: 0
3894: 0
3895: 0
3896: 0
3897: 0
3898: 0
3899: 0
3900: 0
3901: 0
3902: 0
3903: 0
3904: 0
3905: 0
3906: 0
3907: 0
3908: 0
3909: 0
3910: 0
3911: 0
3912: 0
3913: 0
3914: 0
3915: 0
3916: 0
3917: 0
3918: 0
3919: 0
3920: 0
3921: 0
3922: 0
3923: 0
3924: 0
3925: 0
3926: 0
3927: 0
3928: 0
3929: 0
3930: 0
3931: 0
3932: 0
3933: 0
3934: 0
3935: 0
3936: 0
3937: 0
3938: 0
3939: 0
3940: 0
3941: 0
3942: 0
3943: 0
3944: 0
3945: 0
3946: 0
3947: 0
3948: 0
3949: 0
3950: 0
3951: 0
3952: 0
3953: 0
3954: 0
3955: 0
3956: 0
3957: 0
3958: 0
3959: 0
3960: 0
3961: 0
3962: 0
3963: 0
3964: 0
3965: 0
3966: 0
3967: 0
3968: 0
3969: 0
3970: 0
3971: 0
3972: 0
3973: 0
3974: 0
3975: 0
3976: 0
3977: 0
3978: 0
3979: 0
3980: 0
3981: 0
3982: 0
3983: 0
3984: 0
3985: 0
3986: 0
3987: 0
3988: 0
3989: 0
3990: 0
3991: 0
3992: 0
3993: 0
3994: 0
3995: 0
3996: 0
3997: 0
3998: 0
3999: 0
4000: 0
4001: 0
4002: 0
4003: 0
4004: 0
4005: 0
4006: 0
4007: 0
4008: 0
4009: 0
4010: 0
4011: 0
4012: 0
4013: 0
4014: 0
4015: 0
4016: 0
4017: 0
4018: 0
4019: 0
4020: 0
4021: 0
4022: 0
4023: 0
4024: 0
4025: 0
4026: 0
4027: 0
4028: 0
4029: 0
4030: 0
4031: 0
4032: 0
4033: 0
4034: 0
4035: 0
4036: 0
4037: 0
4038: 0
4039: 0
4040: 0
4041: 0
4042: 0
4043: 0
4044: 0
4045: 0
4046: 0
4047: 0
4048: 0
4049: 0
4050: 0
4051: 0
4052: 0
4053: 0
4054: 0
4055: 0
4056: 0
4057: 0
4058: 0
4059: 0
4060: 0
4061: 0
4062: 0
4063: 0
4064: 0
4065: 0
4066: 0
4067: 0
4068: 0
4069: 0
4070: 0
4071: 0
4072: 0
4073: 0
4074: 0
4075: 0
4076: 0
4077: 0
4078: 0
4079: 0
4080: 0
4081: 0
4082: 0
4083: 0
4084: 0
4085: 0
4086: 0
4087: 0
4088: 0
4089: 0
4090: 0
4091: 0
4092: 0
4093: 0
4094: 0
4095: 0
4096: 0
4097: 0
4098: 0
4099: 0
4100: 0
4101: 0
4102: 0
4103: 0
4104: 0
4105: 0
4106: 0
4107: 0
4108: 0
4109: 0
4110: 0
4111: 0
4112: 0
4113: 0
4114: 0
4115: 0
4116: 0
4117: 0
4118: 0
4119: 0
4120: 0
4121: 0
4122: 0
4123: 0
4124: 0
4125: 0
4126: 0
4127: 0
4128: 0
4129: 0
4130: 0
4131: 0
4132: 0
4133: 0
4134: 0
4135: 0
4136: 0
4137: 0
4138: 0
4139: 0
4140: 0
4141: 0
4142: 0
4143: 0
4144: 0
4145: 0
4146: 0
4147: 0
4148: 0
4149: 0
4150: 0
4151: 0
4152: 0
4153: 0
4154: 0
4155: 0
4156: 0
4157: 0
4158: 0
4159: 0
4160: 0
4161: 0
4162: 0
4163: 0
4164: 0
4165: 0
4166: 0
4167: 0
4168: 0
4169: 0
4170: 0
4171: 0
4172: 0
4173: 0
4174: 0
4175: 0
4176: 0
4177: 0
4178: 0
4179: 0
4180: 0
4181: 0
4182: 0
4183: 0
4184: 0
4185: 0
4186: 0
4187: 0
4188: 0
4189: 0
4190: 0
4191: 0
4192: 0
4193: 0
4194: 0
4195: 0
4196: 0
4197: 0
4198: 0
4199: 0
4200: 0
4201: 0
4202: 0
4203: 0
4204: 0
4205: 0
4206: 0
4207: 0
4208: 0
4209: 0
4210: 0
4211: 0
4212: 0
4213: 0
4214: 0
4215: 0
4216: 0
4217: 0
4218: 0
4219: 0
4220: 0
4221: 0
4222: 0
4223: 0
4224: 0
4225: 0
4226: 0
4227: 0
4228: 0
4229: 0
4230: 0
4231: 0
4232: 0
4233: 0
4234: 0
4235: 0
4236: 0
4237: 0
4238: 0
4239: 0
4240: 0
4241: 0
4242: 0
4243: 0
4244: 0
4245: 0
4246: 0
4247: 0
4248: 0
4249: 0
4250: 0
4251: 0
4252: 0
4253: 0
4254: 0
4255: 0
4256: 0
4257: 0
4258: 0
4259: 0
4260: 0
4261: 0
4262: 0
4263: 0
4264: 0
4265: 0
4266: 0
4267: 0
4268: 0
4269: 0
4270: 0
4271: 0
4272: 0
4273: 0
4274: 0
4275: 0
4276: 0
4277: 0
4278: 0
4279: 0
4280: 0
4281: 0
4282: 0
4283: 0
4284: 0
4285: 0
4286: 0
4287: 0
4288: 0
4289: 0
4290: 0
4291: 0
4292: 0
4293: 0
4294: 0
4295: 0
4296: 0
4297: 0
4298: 0
4299: 0
4300: 0
4301: 0
4302: 0
4303: 0
4304: 0
4305: 0
4306: 0
4307: 0
4308: 0
4309: 0
4310: 0
4311: 0
4312: 0
4313: 0
4314: 0
4315: 0
4316: 0
4317: 0
4318: 0
4319: 0
4320: 0
4321: 0
4322: 0
4323: 0
4324: 0
4325: 0
4326: 0
4327: 0
4328: 0
4329: 0
4330: 0
4331: 0
4332: 0
4333: 0
4334: 0
4335: 0
4336: 0
4337: 0
4338: 0
4339: 0
4340: 0
4341: 0
4342: 0
4343: 0
4344: 0
4345: 0
4346: 0
4347: 0
4348: 0
4349: 0
4350: 0
4351: 0
4352: 0
4353: 0
4354: 0
4355: 0
4356: 0
4357: 0
4358: 0
4359: 0
4360: 0
4361: 0
4362: 0
4363: 0
4364: 0
4365: 0
4366: 0
4367: 0
4368: 0
4369: 0
4370: 0
4371: 0
4372: 0
4373: 0
4374: 0
4375: 0
4376: 0
4377: 0
4378: 0
4379: 0
4380: 0
4381: 0
4382: 0
4383: 0
4384: 0
4385: 0
4386: 0
4387: 0
4388: 0
4389: 0
4390: 0
4391: 0
4392: 0
4393: 0
4394: 0
4395: 0
4396: 0
4397: 0
4398: 0
4399: 0
4400: 0
4401: 0
4402: 0
4403: 0
4404: 0
4405: 0
4406: 0
4407: 0
4408: 0
4409: 0
4410: 0
4411: 0
4412: 0
4413: 0
4414: 0
4415: 0
4416: 0
4417: 0
4418: 0
4419: 0
4420: 0
4421: 0
4422: 0
4423: 0
4424: 0
4425: 0
4426: 0
4427: 0
4428: 0
4429: 0
4430: 0
4431: 0
4432: 0
4433: 0
4434: 0
4435: 0
4436: 0
4437: 0
4438: 0
4439: 0
4440: 0
4441: 0
4442: 0
4443: 0
4444: 0
4445: 0
4446: 0
4447: 0
4448: 0
4449: 0
4450: 0
4451: 0
4452: 0
4453: 0
4454: 0
4455: 0
4456: 0
4457: 0
4458: 0
4459: 0
4460: 0
4461: 0
4462: 0
4463: 0
4464: 0
4465: 0
4466: 0
4467: 0
4468: 0
4469: 0
4470: 0
4471: 0
4472: 0
4473: 0
4474: 0
4475: 0
4476: 0
4477: 0
4478: 0
4479: 0
4480: 0
4481: 0
4482: 0
4483: 0
4484: 0
4485: 0
4486: 0
4487: 0
4488: 0
4489: 0
4490: 0
4491: 0
4492: 0
4493: 0
4494: 0
4495: 0
4496: 0
4497: 0
4498: 0
4499: 0
4500: 0
4501: 0
4502: 0
4503: 0
4504: 0
4505: 0
4506: 0
4507: 0
4508: 0
4509: 0
4510: 0
4511: 0
4512: 0
4513: 0
4514: 0
4515: 0
4516: 0
4517: 0
4518: 0
4519: 0
4520: 0
4521: 0
4522: 0
4523: 0
4524: 0
4525: 0
4526: 0
4527: 0
4528: 0
4529: 0
4530: 0
4531: 0
4532: 0
4533: 0
4534: 0
4535: 0
4536: 0
4537: 0
4538: 0
4539: 0
4540: 0
4541: 0
4542: 0
4543: 0
4544: 0
4545: 0
4546: 0
4547: 0
4548: 0
4549: 0
4550: 0
4551: 0
4552: 0
4553: 0
4554: 0
4555: 0
4556: 0
4557: 0
4558: 0
4559: 0
4560: 0
4561: 0
4562: 0
4563: 0
4564: 0
4565: 0
4566: 0
4567: 0
4568: 0
4569: 0
4570: 0
4571: 0
4572: 0
4573: 0
4574: 0
4575: 0
4576: 0
4577: 0
4578: 0
4579: 0
4580: 0
4581: 0
4582: 0
4583: 0
4584: 0
4585: 0
4586: 0
4587: 0
4588: 0
4589: 0
4590: 0
4591: 0
4592: 0
4593: 0
4594: 0
4595: 0
4596: 0
4597: 0
4598: 0
4599: 0
4600: 0
4601: 0
4602: 0
4603: 0
4604: 0
4605: 0
4606: 0
4607: 0
4608: 0
4609: 0
4610: 0
4611: 0
4612: 0
4613: 0
4614: 0
4615: 0
4616: 0
4617: 0
4618: 0
4619: 0
4620: 0
4621: 0
4622: 0
4623: 0
4624: 0
4625: 0
4626: 0
4627: 0
4628: 0
4629: 0
4630: 0
4631: 0
4632: 0
4633: 0
4634: 0
4635: 0
4636: 0
4637: 0
4638: 0
4639: 0
4640: 0
4641: 0
4642: 0
4643: 0
4644: 0
4645: 0
4646: 0
4647: 0
4648: 0
4649: 0
4650: 0
4651: 0
4652: 0
4653: 0
4654: 0
4655: 0
4656: 0
4657: 0
4658: 0
4659: 0
4660: 0
4661: 0
4662: 0
4663: 0
4664: 0
4665: 0
4666: 0
4667: 0
4668: 0
4669: 0
4670: 0
4671: 0
4672: 0
4673: 0
4674: 0
4675: 0
4676: 0
4677: 0
4678: 0
4679: 0
4680: 0
4681: 0
4682: 0
4683: 0
4684: 0
4685: 0
4686: 0
4687: 0
4688: 0
4689: 0
4690: 0
4691: 0
4692: 0
4693: 0
4694: 0
4695: 0
4696: 0
4697: 0
4698: 0
4699: 0
4700: 0
4701: 0
4702: 0
4703: 0
4704: 0
4705: 0
4706: 0
4707: 0
4708: 0
4709: 0
4710: 0
4711: 0
4712: 0
4713: 0
4714: 0
4715: 0
4716: 0
4717: 0
4718: 0
4719: 0
4720: 0
4721: 0
4722: 0
4723: 0
4724: 0
4725: 0
4726: 0
4727: 0
4728: 0
4729: 0
4730: 0
4731: 0
4732: 0
4733: 0
4734: 0
4735: 0
4736: 0
4737: 0
4738: 0
4739: 0
4740: 0
4741: 0
4742: 0
4743: 0
4744: 0
4745: 0
4746: 0
4747: 0
4748: 0
4749: 0
4750: 0
4751: 0
4752: 0
4753: 0
4754: 0
4755: 0
4756: 0
4757: 0
4758: 0
4759: 0
4760: 0
4761: 0
4762: 0
4763: 0
4764: 0
4765: 0
4766: 0
4767: 0
4768: 0
4769: 0
4770: 0
4771: 0
4772: 0
4773: 0
4774: 0
4775: 0
4776: 0
4777: 0
4778: 0
4779: 0
4780: 0
4781: 0
4782: 0
4783: 0
4784: 0
4785: 0
4786: 0
4787: 0
4788: 0
4789: 0
4790: 0
4791: 0
4792: 0
4793: 0
4794: 0
4795: 0
4796: 0
4797: 0
4798: 0
4799: 0
4800: 0
4801: 0
4802: 0
4803: 0
4804: 0
4805: 0
4806: 0
4807: 0
4808: 0
4809: 0
4810: 0
4811: 0
4812: 0
4813: 0
4814: 0
4815: 0
4816: 0
4817: 0
4818: 0
4819: 0
4820: 0
4821: 0
4822: 0
4823: 0
4824: 0
4825: 0
4826: 0
4827: 0
4828: 0
4829: 0
4830: 0
4831: 0
4832: 0
4833: 0
4834: 0
4835: 0
4836: 0
4837: 0
4838: 0
4839: 0
4840: 0
4841: 0
4842: 0
4843: 0
4844: 0
4845: 0
4846: 0
4847: 0
4848: 0
4849: 0
4850: 0
4851: 0
4852: 0
4853: 0
4854: 0
4855: 0
4856: 0
4857: 0
4858: 0
4859: 0
4860: 0
4861: 0
4862: 0
4863: 0
4864: 0
4865: 0
4866: 0
4867: 0
4868: 0
4869: 0
4870: 0
4871: 0
4872: 0
4873: 0
4874: 0
4875: 0
4876: 0
4877: 0
4878: 0
4879: 0
4880: 0
4881: 0
4882: 0
4883: 0
4884: 0
4885: 0
4886: 0
4887: 0
4888: 0
4889: 0
4890: 0
4891: 0
4892: 0
4893: 0
4894: 0
4895: 0
4896: 0
4897: 0
4898: 0
4899: 0
4900: 0
4901: 0
4902: 0
4903: 0
4904: 0
4905: 0
4906: 0
4907: 0
4908: 0
4909: 0
4910: 0
4911: 0
4912: 0
4913: 0
4914: 0
4915: 0
4916: 0
4917: 0
4918: 0
4919: 0
4920: 0
4921: 0
4922: 0
4923: 0
4924: 0
4925: 0
4926: 0
4927: 0
4928: 0
4929: 0
4930: 0
4931: 0
4932: 0
4933: 0
4934: 0
4935: 0
4936: 0
4937: 0
4938: 0
4939: 0
4940: 0
4941: 0
4942: 0
4943: 0
4944: 0
4945: 0
4946: 0
4947: 0
4948: 0
4949: 0
4950: 0
4951: 0
4952: 0
4953: 0
4954: 0
4955: 0
4956: 0
4957: 0
4958: 0
4959: 0
4960: 0
4961: 0
4962: 0
4963: 0
4964: 0
4965: 0
4966: 0
4967: 0
4968: 0
4969: 0
4970: 0
4971: 0
4972: 0
4973: 0
4974: 0
4975: 0
4976: 0
4977: 0
4978: 0
4979: 0
4980: 0
4981: 0
4982: 0
4983: 0
4984: 0
4985: 0
4986: 0
4987: 0
4988: 0
4989: 0
4990: 0
4991: 0
4992: 0
4993: 0
4994: 0
4995: 0
4996: 0
4997: 0
4998: 0
4999: 0
5000: 0
5001: 0
5002: 0
5003: 0
5004: 0
5005: 0
5006: 0
5007: 0
5008: 0
5009: 0
5010: 0
5011: 0
5012: 0
5013: 0
5014: 0
5015: 0
5016: 0
5017: 0
5018: 0
5019: 0
5020: 0
5021: 0
5022: 0
5023: 0
5024: 0
5025: 0
5026: 0
5027: 0
5028: 0
5029: 0
5030: 0
5031: 0
5032: 0
5033: 0
5034: 0
5035: 0
5036: 0
5037: 0
5038: 0
5039: 0
5040: 0
5041: 0
5042: 0
5043: 0
5044: 0
5045: 0
5046: 0
5047: 0
5048: 0
5049: 0
5050: 0
5051: 0
5052: 0
5053: 0
5054: 0
5055: 0
5056: 0
5057: 0
5058: 0
5059: 0
5060: 0
5061: 0
5062: 0
5063: 0
5064: 0
5065: 0
5066: 0
5067: 0
5068: 0
5069: 0
5070: 0
5071: 0
5072: 0
5073: 0
5074: 0
5075: 0
5076: 0
5077: 0
5078: 0
5079: 0
5080: 0
5081: 0
5082: 0
5083: 0
5084: 0
5085: 0
5086: 0
5087: 0
5088: 0
5089: 0
5090: 0
5091: 0
5092: 0
5093: 0
5094: 0
5095: 0
5096: 0
5097: 0
5098: 0
5099: 0
5100: 0
5101: 0
5102: 0
5103: 0
5104: 0
5105: 0
5106: 0
5107: 0
5108: 0
5109: 0
5110: 0
5111: 0
5112: 0
5113: 0
5114: 0
5115: 0
5116: 0
5117: 0
5118: 0
5119: 0
5120: 0
5121: 0
5122: 0
5123: 0
5124: 0
5125: 0
5126: 0
5127: 0
5128: 0
5129: 0
5130: 0
5131: 0
5132: 0
5133: 0
5134: 0
5135: 0
5136: 0
5137: 0
5138: 0
5139: 0
5140: 0
5141: 0
5142: 0
5143: 0
5144: 0
5145: 0
5146: 0
5147: 0
5148: 0
5149: 0
5150: 0
5151: 0
5152: 0
5153: 0
5154: 0
5155: 0
5156: 0
5157: 0
5158: 0
5159: 0
5160: 0
5161: 0
5162: 0
5163: 0
5164: 0
5165: 0
5166: 0
5167: 0
5168: 0
5169: 0
5170: 0
5171: 0
5172: 0
5173: 0
5174: 0
5175: 0
5176: 0
5177: 0
5178: 0
5179: 0
5180: 0
5181: 0
5182: 0
5183: 0
5184: 0
5185: 0
5186: 0
5187: 0
5188: 0
5189: 0
5190: 0
5191: 0
5192: 0
5193: 0
5194: 0
5195: 0
5196: 0
5197: 0
5198: 0
5199: 0
5200: 0
5201: 0
5202: 0
5203: 0
5204: 0
5205: 0
5206: 0
5207: 0
5208: 0
5209: 0
5210: 0
5211: 0
5212: 0
5213: 0
5214: 0
5215: 0
5216: 0
5217: 0
5218: 0
5219: 0
5220: 0
5221: 0
5222: 0
5223: 0
5224: 0
5225: 0
5226: 0
5227: 0
5228: 0
5229: 0
5230: 0
5231: 0
5232: 0
5233: 0
5234: 0
5235: 0
5236: 0
5237: 0
5238: 0
5239: 0
5240: 0
5241: 0
5242: 0
5243: 0
5244: 0
5245: 0
5246: 0
5247: 0
5248: 0
5249: 0
5250: 0
5251: 0
5252: 0
5253: 0
5254: 0
5255: 0
5256: 0
5257: 0
5258: 0
5259: 0
5260: 0
5261: 0
5262: 0
5263: 0
5264: 0
5265: 0
5266: 0
5267: 0
5268: 0
5269: 0
5270: 0
5271: 0
5272: 0
5273: 0
5274: 0
5275: 0
5276: 0
5277: 0
5278: 0
5279: 0
5280: 0
5281: 0
5282: 0
5283: 0
5284: 0
5285: 0
5286: 0
5287: 0
5288: 0
5289: 0
5290: 0
5291: 0
5292: 0
5293: 0
5294: 0
5295: 0
5296: 0
5297: 0
5298: 0
5299: 0
5300: 0
5301: 0
5302: 0
5303: 0
5304: 0
5305: 0
5306: 0
5307: 0
5308: 0
5309: 0
5310: 0
5311: 0
5312: 0
5313: 0
5314: 0
5315: 0
5316: 0
5317: 0
5318: 0
5319: 0
5320: 0
5321: 0
5322: 0
5323: 0
5324: 0
5325: 0
5326: 0
5327: 0
5328: 0
5329: 0
5330: 0
5331: 0
5332: 0
5333: 0
5334: 0
5335: 0
5336: 0
5337: 0
5338: 0
5339: 0
5340: 0
5341: 0
5342: 0
5343: 0
5344: 0
5345: 0
5346: 0
5347: 0
5348: 0
5349: 0
5350: 0
5351: 0
5352: 0
5353: 0
5354: 0
5355: 0
5356: 0
5357: 0
5358: 0
5359: 0
5360: 0
5361: 0
5362: 0
5363: 0
5364: 0
5365: 0
5366: 0
5367: 0
5368: 0
5369: 0
5370: 0
5371: 0
5372: 0
5373: 0
5374: 0
5375: 0
5376: 0
5377: 0
5378: 0
5379: 0
5380: 0
5381: 0
5382: 0
5383: 0
5384: 0
5385: 0
5386: 0
5387: 0
5388: 0
5389: 0
5390: 0
5391: 0
5392: 0
5393: 0
5394: 0
5395: 0
5396: 0
5397: 0
5398: 0
5399: 0
5400: 0
5401: 0
5402: 0
5403: 0
5404: 0
5405: 0
5406: 0
5407: 0
5408: 0
5409: 0
5410: 0
5411: 0
5412: 0
5413: 0
5414: 0
5415: 0
5416: 0
5417: 0
5418: 0
5419: 0
5420: 0
5421: 0
5422: 0
5423: 0
5424: 0
5425: 0
5426: 0
5427: 0
5428: 0
5429: 0
5430: 0
5431: 0
5432: 0
5433: 0
5434: 0
5435: 0
5436: 0
5437: 0
5438: 0
5439: 0
5440: 0
5441: 0
5442: 0
5443: 0
5444: 0
5445: 0
5446: 0
5447: 0
5448: 0
5449: 0
5450: 0
5451: 0
5452: 0
5453: 0
5454: 0
5455: 0
5456: 0
5457: 0
5458: 0
5459: 0
5460: 0
5461: 0
5462: 0
5463: 0
5464: 0
5465: 0
5466: 0
5467: 0
5468: 0
5469: 0
5470: 0
5471: 0
5472: 0
5473: 0
5474: 0
5475: 0
5476: 0
5477: 0
5478: 0
5479: 0
5480: 0
5481: 0
5482: 0
5483: 0
5484: 0
5485: 0
5486: 0
5487: 0
5488: 0
5489: 0
5490: 0
5491: 0
5492: 0
5493: 0
5494: 0
5495: 0
5496: 0
5497: 0
5498: 0
5499: 0
5500: 0
5501: 0
5502: 0
5503: 0
5504: 0
5505: 0
5506: 0
5507: 0
5508: 0
5509: 0
5510: 0
5511: 0
5512: 0
5513: 0
5514: 0
5515: 0
5516: 0
5517: 0
5518: 0
5519: 0
5520: 0
5521: 0
5522: 0
5523: 0
5524: 0
5525: 0
5526: 0
5527: 0
5528: 0
5529: 0
5530: 0
5531: 0
5532: 0
5533: 0
5534: 0
5535: 0
5536: 0
5537: 0
5538: 0
5539: 0
5540: 0
5541: 0
5542: 0
5543: 0
5544: 0
5545: 0
5546: 0
5547: 0
5548: 0
5549: 0
5550: 0
5551: 0
5552: 0
5553: 0
5554: 0
5555: 0
5556: 0
5557: 0
5558: 0
5559: 0
5560: 0
5561: 0
5562: 0
5563: 0
5564: 0
5565: 0
5566: 0
5567: 0
5568: 0
5569: 0
5570: 0
5571: 0
5572: 0
5573: 0
5574: 0
5575: 0
5576: 0
5577: 0
5578: 0
5579: 0
5580: 0
5581: 0
5582: 0
5583: 0
5584: 0
5585: 0
5586: 0
5587: 0
5588: 0
5589: 0
5590: 0
5591: 0
5592: 0
5593: 0
5594: 0
5595: 0
5596: 0
5597: 0
5598: 0
5599: 0
5600: 0
5601: 0
5602: 0
5603: 0
5604: 0
5605: 0
5606: 0
5607: 0
5608: 0
5609: 0
5610: 0
5611: 0
5612: 0
5613: 0
5614: 0
5615: 0
5616: 0
5617: 0
5618: 0
5619: 0
5620: 0
5621: 0
5622: 0
5623: 0
5624: 0
5625: 0
5626: 0
5627: 0
5628: 0
5629: 0
5630: 0
5631: 0
5632: 0
5633: 0
5634: 0
5635: 0
5636: 0
5637: 0
5638: 0
5639: 0
5640: 0
5641: 0
5642: 0
5643: 0
5644: 0
5645: 0
5646: 0
5647: 0
5648: 0
5649: 0
5650: 0
5651: 0
5652: 0
5653: 0
5654: 0
5655: 0
5656: 0
5657: 0
5658: 0
5659: 0
5660: 0
5661: 0
5662: 0
5663: 0
5664: 0
5665: 0
5666: 0
5667: 0
5668: 0
5669: 0
5670: 0
5671: 0
5672: 0
5673: 0
5674: 0
5675: 0
5676: 0
5677: 0
5678: 0
5679: 0
5680: 0
5681: 0
5682: 0
5683: 0
5684: 0
5685: 0
5686: 0
5687: 0
5688: 0
5689: 0
5690: 0
5691: 0
5692: 0
5693: 0
5694: 0
5695: 0
5696: 0
5697: 0
5698: 0
5699: 0
5700: 0
5701: 0
5702: 0
5703: 0
5704: 0
5705: 0
5706: 0
5707: 0
5708: 0
5709: 0
5710: 0
5711: 0
5712: 0
5713: 0
5714: 0
5715: 0
5716: 0
5717: 0
5718: 0
5719: 0
5720: 0
5721: 0
5722: 0
5723: 0
5724: 0
5725: 0
5726: 0
5727: 0
5728: 0
5729: 0
5730: 0
5731: 0
5732: 0
5733: 0
5734: 0
5735: 0
5736: 0
5737: 0
5738: 0
5739: 0
5740: 0
5741: 0
5742: 0
5743: 0
5744: 0
5745: 0
5746: 0
5747: 0
5748: 0
5749: 0
5750: 0
5751: 0
5752: 0
5753: 0
5754: 0
5755: 0
5756: 0
5757: 0
5758: 0
5759: 0
5760: 0
5761: 0
5762: 0
5763: 0
5764: 0
5765: 0
5766: 0
5767: 0
5768: 0
5769: 0
5770: 0
5771: 0
5772: 0
5773: 0
5774: 0
5775: 0
5776: 0
5777: 0
5778: 0
5779: 0
5780: 0
5781: 0
5782: 0
5783: 0
5784: 0
5785: 0
5786: 0
5787: 0
5788: 0
5789: 0
5790: 0
5791: 0
5792: 0
5793: 0
5794: 0
5795: 0
5796: 0
5797: 0
5798: 0
5799: 0
5800: 0
5801: 0
5802: 0
5803: 0
5804: 0
5805: 0
5806: 0
5807: 0
5808: 0
5809: 0
5810: 0
5811: 0
5812: 0
5813: 0
5814: 0
5815: 0
5816: 0
5817: 0
5818: 0
5819: 0
5820: 0
5821: 0
5822: 0
5823: 0
5824: 0
5825: 0
5826: 0
5827: 0
5828: 0
5829: 0
5830: 0
5831: 0
5832: 0
5833: 0
5834: 0
5835: 0
5836: 0
5837: 0
5838: 0
5839: 0
5840: 0
5841: 0
5842: 0
5843: 0
5844: 0
5845: 0
5846: 0
5847: 0
5848: 0
5849: 0
5850: 0
5851: 0
5852: 0
5853: 0
5854: 0
5855: 0
5856: 0
5857: 0
5858: 0
5859: 0
5860: 0
5861: 0
5862: 0
5863: 0
5864: 0
5865: 0
5866: 0
5867: 0
5868: 0
5869: 0
5870: 0
5871: 0
5872: 0
5873: 0
5874: 0
5875: 0
5876: 0
5877: 0
5878: 0
5879: 0
5880: 0
5881: 0
5882: 0
5883: 0
5884: 0
5885: 0
5886: 0
5887: 0
5888: 0
5889: 0
5890: 0
5891: 0
5892: 0
5893: 0
5894: 0
5895: 0
5896: 0
5897: 0
5898: 0
5899: 0
5900: 0
5901: 0
5902: 0
5903: 0
5904: 0
5905: 0
5906: 0
5907: 0
5908: 0
5909: 0
5910: 0
5911: 0
5912: 0
5913: 0
5914: 0
5915: 0
5916: 0
5917: 0
5918: 0
5919: 0
5920: 0
5921: 0
5922: 0
5923: 0
5924: 0
5925: 0
5926: 0
5927: 0
5928: 0
5929: 0
5930: 0
5931: 0
5932: 0
5933: 0
5934: 0
5935: 0
5936: 0
5937: 0
5938: 0
5939: 0
5940: 0
5941: 0
5942: 0
5943: 0
5944: 0
5945: 0
5946: 0
5947: 0
5948: 0
5949: 0
5950: 0
5951: 0
5952: 0
5953: 0
5954: 0
5955: 0
5956: 0
5957: 0
5958: 0
5959: 0
5960: 0
5961: 0
5962: 0
5963: 0
5964: 0
5965: 0
5966: 0
5967: 0
5968: 0
5969: 0
5970: 0
5971: 0
5972: 0
5973: 0
5974: 0
5975: 0
5976: 0
5977: 0
5978: 0
5979: 0
5980: 0
5981: 0
5982: 0
5983: 0
5984: 0
5985: 0
5986: 0
5987: 0
5988: 0
5989: 0
5990: 0
5991: 0
5992: 0
5993: 0
5994: 0
5995: 0
5996: 0
5997: 0
5998: 0
5999: 0
6000: 0
6001: 0
6002: 0
6003: 0
6004: 0
6005: 0
6006: 0
6007: 0
6008: 0
6009: 0
6010: 0
6011: 0
6012: 0
6013: 0
6014: 0
6015: 0
6016: 0
6017: 0
6018: 0
6019: 0
6020: 0
6021: 0
6022: 0
6023: 0
6024: 0
6025: 0
6026: 0
6027: 0
6028: 0
6029: 0
6030: 0
6031: 0
6032: 0
6033: 0
6034: 0
6035: 0
6036: 0
6037: 0
6038: 0
6039: 0
6040: 0
6041: 0
6042: 0
6043: 0
6044: 0
6045: 0
6046: 0
6047: 0
6048: 0
6049: 0
6050: 0
6051: 0
6052: 0
6053: 0
6054: 0
6055: 0
6056: 0
6057: 0
6058: 0
6059: 0
6060: 0
6061: 0
6062: 0
6063: 0
6064: 0
6065: 0
6066: 0
6067: 0
6068: 0
6069: 0
6070: 0
6071: 0
6072: 0
6073: 0
6074: 0
6075: 0
6076: 0
6077: 0
6078: 0
6079: 0
6080: 0
6081: 0
6082: 0
6083: 0
6084: 0
6085: 0
6086: 0
6087: 0
6088: 0
6089: 0
6090: 0
6091: 0
6092: 0
6093: 0
6094: 0
6095: 0
6096: 0
6097: 0
6098: 0
6099: 0
6100: 0
6101: 0
6102: 0
6103: 0
6104: 0
6105: 0
6106: 0
6107: 0
6108: 0
6109: 0
6110: 0
6111: 0
6112: 0
6113: 0
6114: 0
6115: 0
6116: 0
6117: 0
6118: 0
6119: 0
6120: 0
6121: 0
6122: 0
6123: 0
6124: 0
6125: 0
6126: 0
6127: 0
6128: 0
6129: 0
6130: 0
6131: 0
6132: 0
6133: 0
6134: 0
6135: 0
6136: 0
6137: 0
6138: 0
6139: 0
6140: 0
6141: 0
6142: 0
6143: 0
6144: 0
6145: 0
6146: 0
6147: 0
6148: 0
6149: 0
6150: 0
6151: 0
6152: 0
6153: 0
6154: 0
6155: 0
6156: 0
6157: 0
6158: 0
6159: 0
6160: 0
6161: 0
6162: 0
6163: 0
6164: 0
6165: 0
6166: 0
6167: 0
6168: 0
6169: 0
6170: 0
6171: 0
6172: 0
6173: 0
6174: 0
6175: 0
6176: 0
6177: 0
6178: 0
6179: 0
6180: 0
6181: 0
6182: 0
6183: 0
6184: 0
6185: 0
6186: 0
6187: 0
6188: 0
6189: 0
6190: 0
6191: 0
6192: 0
6193: 0
6194: 0
6195: 0
6196: 0
6197: 0
6198: 0
6199: 0
6200: 0
6201: 0
6202: 0
6203: 0
6204: 0
6205: 0
6206: 0
6207: 0
6208: 0
6209: 0
6210: 0
6211: 0
6212: 0
6213: 0
6214: 0
6215: 0
6216: 0
6217: 0
6218: 0
6219: 0
6220: 0
6221: 0
6222: 0
6223: 0
6224: 0
6225: 0
6226: 0
6227: 0
6228: 0
6229: 0
6230: 0
6231: 0
6232: 0
6233: 0
6234: 0
6235: 0
6236: 0
6237: 0
6238: 0
6239: 0
6240: 0
6241: 0
6242: 0
6243: 0
6244: 0
6245: 0
6246: 0
6247: 0
6248: 0
6249: 0
6250: 0
6251: 0
6252: 0
6253: 0
6254: 0
6255: 0
6256: 0
6257: 0
6258: 0
6259: 0
6260: 0
6261: 0
6262: 0
6263: 0
6264: 0
6265: 0
6266: 0
6267: 0
6268: 0
6269: 0
6270: 0
6271: 0
6272: 0
6273: 0
6274: 0
6275: 0
6276: 0
6277: 0
6278: 0
6279: 0
6280: 0
6281: 0
6282: 0
6283: 0
6284: 0
6285: 0
6286: 0
6287: 0
6288: 0
6289: 0
6290: 0
6291: 0
6292: 0
6293: 0
6294: 0
6295: 0
6296: 0
6297: 0
6298: 0
6299: 0
6300: 0
6301: 0
6302: 0
6303: 0
6304: 0
6305: 0
6306: 0
6307: 0
6308: 0
6309: 0
6310: 0
6311: 0
6312: 0
6313: 0
6314: 0
6315: 0
6316: 0
6317: 0
6318: 0
6319: 0
6320: 0
6321: 0
6322: 0
6323: 0
6324: 0
6325: 0
6326: 0
6327: 0
6328: 0
6329: 0
6330: 0
6331: 0
6332: 0
6333: 0
6334: 0
6335: 0
6336: 0
6337: 0
6338: 0
6339: 0
6340: 0
6341: 0
6342: 0
6343: 0
6344: 0
6345: 0
6346: 0
6347: 0
6348: 0
6349: 0
6350: 0
6351: 0
6352: 0
6353: 0
6354: 0
6355: 0
6356: 0
6357: 0
6358: 0
6359: 0
6360: 0
6361: 0
6362: 0
6363: 0
6364: 0
6365: 0
6366: 0
6367: 0
6368: 0
6369: 0
6370: 0
6371: 0
6372: 0
6373: 0
6374: 0
6375: 0
6376: 0
6377: 0
6378: 0
6379: 0
6380: 0
6381: 0
6382: 0
6383: 0
6384: 0
6385: 0
6386: 0
6387: 0
6388: 0
6389: 0
6390: 0
6391: 0
6392: 0
6393: 0
6394: 0
6395: 0
6396: 0
6397: 0
6398: 0
6399: 0
6400: 0
6401: 0
6402: 0
6403: 0
6404: 0
6405: 0
6406: 0
6407: 0
6408: 0
6409: 0
6410: 0
6411: 0
6412: 0
6413: 0
6414: 0
6415: 0
6416: 0
6417: 0
6418: 0
6419: 0
6420: 0
6421: 0
6422: 0
6423: 0
6424: 0
6425: 0
6426: 0
6427: 0
6428: 0
6429: 0
6430: 0
6431: 0
6432: 0
6433: 0
6434: 0
6435: 0
6436: 0
6437: 0
6438: 0
6439: 0
6440: 0
6441: 0
6442: 0
6443: 0
6444: 0
6445: 0
6446: 0
6447: 0
6448: 0
6449: 0
6450: 0
6451: 0
6452: 0
6453: 0
6454: 0
6455: 0
6456: 0
6457: 0
6458: 0
6459: 0
6460: 0
6461: 0
6462: 0
6463: 0
6464: 0
6465: 0
6466: 0
6467: 0
6468: 0
6469: 0
6470: 0
6471: 0
6472: 0
6473: 0
6474: 0
6475: 0
6476: 0
6477: 0
6478: 0
6479: 0
6480: 0
6481: 0
6482: 0
6483: 0
6484: 0
6485: 0
6486: 0
6487: 0
6488: 0
6489: 0
6490: 0
6491: 0
6492: 0
6493: 0
6494: 0
6495: 0
6496: 0
6497: 0
6498: 0
6499: 0
6500: 0
6501: 0
6502: 0
6503: 0
6504: 0
6505: 0
6506: 0
6507: 0
6508: 0
6509: 0
6510: 0
6511: 0
6512: 0
6513: 0
6514: 0
6515: 0
6516: 0
6517: 0
6518: 0
6519: 0
6520: 0
6521: 0
6522: 0
6523: 0
6524: 0
6525: 0
6526: 0
6527: 0
6528: 0
6529: 0
6530: 0
6531: 0
6532: 0
6533: 0
6534: 0
6535: 0
6536: 0
6537: 0
6538: 0
6539: 0
6540: 0
6541: 0
6542: 0
6543: 0
6544: 0
6545: 0
6546: 0
6547: 0
6548: 0
6549: 0
6550: 0
6551: 0
6552: 0
6553: 0
6554: 0
6555: 0
6556: 0
6557: 0
6558: 0
6559: 0
6560: 0
6561: 0
6562: 0
6563: 0
6564: 0
6565: 0
6566: 0
6567: 0
6568: 0
6569: 0
6570: 0
6571: 0
6572: 0
6573: 0
6574: 0
6575: 0
6576: 0
6577: 0
6578: 0
6579: 0
6580: 0
6581: 0
6582: 0
6583: 0
6584: 0
6585: 0
6586: 0
6587: 0
6588: 0
6589: 0
6590: 0
6591: 0
6592: 0
6593: 0
6594: 0
6595: 0
6596: 0
6597: 0
6598: 0
6599: 0
6600: 0
6601: 0
6602: 0
6603: 0
6604: 0
6605: 0
6606: 0
6607: 0
6608: 0
6609: 0
6610: 0
6611: 0
6612: 0
6613: 0
6614: 0
6615: 0
6616: 0
6617: 0
6618: 0
6619: 0
6620: 0
6621: 0
6622: 0
6623: 0
6624: 0
6625: 0
6626: 0
6627: 0
6628: 0
6629: 0
6630: 0
6631: 0
6632: 0
6633: 0
6634: 0
6635: 0
6636: 0
6637: 0
6638: 0
6639: 0
6640: 0
6641: 0
6642: 0
6643: 0
6644: 0
6645: 0
6646: 0
6647: 0
6648: 0
6649: 0
6650: 0
6651: 0
6652: 0
6653: 0
6654: 0
6655: 0
6656: 0
6657: 0
6658: 0
6659: 0
6660: 0
6661: 0
6662: 0
6663: 0
6664: 0
6665: 0
6666: 0
6667: 0
6668: 0
6669: 0
6670: 0
6671: 0
6672: 0
6673: 0
6674: 0
6675: 0
6676: 0
6677: 0
6678: 0
6679: 0
6680: 0
6681: 0
6682: 0
6683: 0
6684: 0
6685: 0
6686: 0
6687: 0
6688: 0
6689: 0
6690: 0
6691: 0
6692: 0
6693: 0
6694: 0
6695: 0
6696: 0
6697: 0
6698: 0
6699: 0
6700: 0
6701: 0
6702: 0
6703: 0
6704: 0
6705: 0
6706: 0
6707: 0
6708: 0
6709: 0
6710: 0
6711: 0
6712: 0
6713: 0
6714: 0
6715: 0
6716: 0
6717: 0
6718: 0
6719: 0
6720: 0
6721: 0
6722: 0
6723: 0
6724: 0
6725: 0
6726: 0
6727: 0
6728: 0
6729: 0
6730: 0
6731: 0
6732: 0
6733: 0
6734: 0
6735: 0
6736: 0
6737: 0
6738: 0
6739: 0
6740: 0
6741: 0
6742: 0
6743: 0
6744: 0
6745: 0
6746: 0
6747: 0
6748: 0
6749: 0
6750: 0
6751: 0
6752: 0
6753: 0
6754: 0
6755: 0
6756: 0
6757: 0
6758: 0
6759: 0
6760: 0
6761: 0
6762: 0
6763: 0
6764: 0
6765: 0
6766: 0
6767: 0
6768: 0
6769: 0
6770: 0
6771: 0
6772: 0
6773: 0
6774: 0
6775: 0
6776: 0
6777: 0
6778: 0
6779: 0
6780: 0
6781: 0
6782: 0
6783: 0
6784: 0
6785: 0
6786: 0
6787: 0
6788: 0
6789: 0
6790: 0
6791: 0
6792: 0
6793: 0
6794: 0
6795: 0
6796: 0
6797: 0
6798: 0
6799: 0
6800: 0
6801: 0
6802: 0
6803: 0
6804: 0
6805: 0
6806: 0
6807: 0
6808: 0
6809: 0
6810: 0
6811: 0
6812: 0
6813: 0
6814: 0
6815: 0
6816: 0
6817: 0
6818: 0
6819: 0
6820: 0
6821: 0
6822: 0
6823: 0
6824: 0
6825: 0
6826: 0
6827: 0
6828: 0
6829: 0
6830: 0
6831: 0
6832: 0
6833: 0
6834: 0
6835: 0
6836: 0
6837: 0
6838: 0
6839: 0
6840: 0
6841: 0
6842: 0
6843: 0
6844: 0
6845: 0
6846: 0
6847: 0
6848: 0
6849: 0
6850: 0
6851: 0
6852: 0
6853: 0
6854: 0
6855: 0
6856: 0
6857: 0
6858: 0
6859: 0
6860: 0
6861: 0
6862: 0
6863: 0
6864: 0
6865: 0
6866: 0
6867: 0
6868: 0
6869: 0
6870: 0
6871: 0
6872: 0
6873: 0
6874: 0
6875: 0
6876: 0
6877: 0
6878: 0
6879: 0
6880: 0
6881: 0
6882: 0
6883: 0
6884: 0
6885: 0
6886: 0
6887: 0
6888: 0
6889: 0
6890: 0
6891: 0
6892: 0
6893: 0
6894: 0
6895: 0
6896: 0
6897: 0
6898: 0
6899: 0
6900: 0
6901: 0
6902: 0
6903: 0
6904: 0
6905: 0
6906: 0
6907: 0
6908: 0
6909: 0
6910: 0
6911: 0
6912: 0
6913: 0
6914: 0
6915: 0
6916: 0
6917: 0
6918: 0
6919: 0
6920: 0
6921: 0
6922: 0
6923: 0
6924: 0
6925: 0
6926: 0
6927: 0
6928: 0
6929: 0
6930: 0
6931: 0
6932: 0
6933: 0
6934: 0
6935: 0
6936: 0
6937: 0
6938: 0
6939: 0
6940: 0
6941: 0
6942: 0
6943: 0
6944: 0
6945: 0
6946: 0
6947: 0
6948: 0
6949: 0
6950: 0
6951: 0
6952: 0
6953: 0
6954: 0
6955: 0
6956: 0
6957: 0
6958: 0
6959: 0
6960: 0
6961: 0
6962: 0
6963: 0
6964: 0
6965: 0
6966: 0
6967: 0
6968: 0
6969: 0
6970: 0
6971: 0
6972: 0
6973: 0
6974: 0
6975: 0
6976: 0
6977: 0
6978: 0
6979: 0
6980: 0
6981: 0
6982: 0
6983: 0
6984: 0
6985: 0
6986: 0
6987: 0
6988: 0
6989: 0
6990: 0
6991: 0
6992: 0
6993: 0
6994: 0
6995: 0
6996: 0
6997: 0
6998: 0
6999: 0
7000: 0
7001: 0
7002: 0
7003: 0
7004: 0
7005: 0
7006: 0
7007: 0
7008: 0
7009: 0
7010: 0
7011: 0
7012: 0
7013: 0
7014: 0
7015: 0
7016: 0
7017: 0
7018: 0
7019: 0
7020: 0
7021: 0
7022: 0
7023: 0
7024: 0
7025: 0
7026: 0
7027: 0
7028: 0
7029: 0
7030: 0
7031: 0
7032: 0
7033: 0
7034: 0
7035: 0
7036: 0
7037: 0
7038: 0
7039: 0
7040: 0
7041: 0
7042: 0
7043: 0
7044: 0
7045: 0
7046: 0
7047: 0
7048: 0
7049: 0
7050: 0
7051: 0
7052: 0
7053: 0
7054: 0
7055: 0
7056: 0
7057: 0
7058: 0
7059: 0
7060: 0
7061: 0
7062: 0
7063: 0
7064: 0
7065: 0
7066: 0
7067: 0
7068: 0
7069: 0
7070: 0
7071: 0
7072: 0
7073: 0
7074: 0
7075: 0
7076: 0
7077: 0
7078: 0
7079: 0
7080: 0
7081: 0
7082: 0
7083: 0
7084: 0
7085: 0
7086: 0
7087: 0
7088: 0
7089: 0
7090: 0
7091: 0
7092: 0
7093: 0
7094: 0
7095: 0
7096: 0
7097: 0
7098: 0
7099: 0
7100: 0
7101: 0
7102: 0
7103: 0
7104: 0
7105: 0
7106: 0
7107: 0
7108: 0
7109: 0
7110: 0
7111: 0
7112: 0
7113: 0
7114: 0
7115: 0
7116: 0
7117: 0
7118: 0
7119: 0
7120: 0
7121: 0
7122: 0
7123: 0
7124: 0
7125: 0
7126: 0
7127: 0
7128: 0
7129: 0
7130: 0
7131: 0
7132: 0
7133: 0
7134: 0
7135: 0
7136: 0
7137: 0
7138: 0
7139: 0
7140: 0
7141: 0
7142: 0
7143: 0
7144: 0
7145: 0
7146: 0
7147: 0
7148: 0
7149: 0
7150: 0
7151: 0
7152: 0
7153: 0
7154: 0
7155: 0
7156: 0
7157: 0
7158: 0
7159: 0
7160: 0
7161: 0
7162: 0
7163: 0
7164: 0
7165: 0
7166: 0
7167: 0
7168: 0
7169: 0
7170: 0
7171: 0
7172: 0
7173: 0
7174: 0
7175: 0
7176: 0
7177: 0
7178: 0
7179: 0
7180: 0
7181: 0
7182: 0
7183: 0
7184: 0
7185: 0
7186: 0
7187: 0
7188: 0
7189: 0
7190: 0
7191: 0
7192: 0
7193: 0
7194: 0
7195: 0
7196: 0
7197: 0
7198: 0
7199: 0
7200: 0
7201: 0
7202: 0
7203: 0
7204: 0
7205: 0
7206: 0
7207: 0
7208: 0
7209: 0
7210: 0
7211: 0
7212: 0
7213: 0
7214: 0
7215: 0
7216: 0
7217: 0
7218: 0
7219: 0
7220: 0
7221: 0
7222: 0
7223: 0
7224: 0
7225: 0
7226: 0
7227: 0
7228: 0
7229: 0
7230: 0
7231: 0
7232: 0
7233: 0
7234: 0
7235: 0
7236: 0
7237: 0
7238: 0
7239: 0
7240: 0
7241: 0
7242: 0
7243: 0
7244: 0
7245: 0
7246: 0
7247: 0
7248: 0
7249: 0
7250: 0
7251: 0
7252: 0
7253: 0
7254: 0
7255: 0
7256: 0
7257: 0
7258: 0
7259: 0
7260: 0
7261: 0
7262: 0
7263: 0
7264: 0
7265: 0
7266: 0
7267: 0
7268: 0
7269: 0
7270: 0
7271: 0
7272: 0
7273: 0
7274: 0
7275: 0
7276: 0
7277: 0
7278: 0
7279: 0
7280: 0
7281: 0
7282: 0
7283: 0
7284: 0
7285: 0
7286: 0
7287: 0
7288: 0
7289: 0
7290: 0
7291: 0
7292: 0
7293: 0
7294: 0
7295: 0
7296: 0
7297: 0
7298: 0
7299: 0
7300: 0
7301: 0
7302: 0
7303: 0
7304: 0
7305: 0
7306: 0
7307: 0
7308: 0
7309: 0
7310: 0
7311: 0
7312: 0
7313: 0
7314: 0
7315: 0
7316: 0
7317: 0
7318: 0
7319: 0
7320: 0
7321: 0
7322: 0
7323: 0
7324: 0
7325: 0
7326: 0
7327: 0
7328: 0
7329: 0
7330: 0
7331: 0
7332: 0
7333: 0
7334: 0
7335: 0
7336: 0
7337: 0
7338: 0
7339: 0
7340: 0
7341: 0
7342: 0
7343: 0
7344: 0
7345: 0
7346: 0
7347: 0
7348: 0
7349: 0
7350: 0
7351: 0
7352: 0
7353: 0
7354: 0
7355: 0
7356: 0
7357: 0
7358: 0
7359: 0
7360: 0
7361: 0
7362: 0
7363: 0
7364: 0
7365: 0
7366: 0
7367: 0
7368: 0
7369: 0
7370: 0
7371: 0
7372: 0
7373: 0
7374: 0
7375: 0
7376: 0
7377: 0
7378: 0
7379: 0
7380: 0
7381: 0
7382: 0
7383: 0
7384: 0
7385: 0
7386: 0
7387: 0
7388: 0
7389: 0
7390: 0
7391: 0
7392: 0
7393: 0
7394: 0
7395: 0
7396: 0
7397: 0
7398: 0
7399: 0
7400: 0
7401: 0
7402: 0
7403: 0
7404: 0
7405: 0
7406: 0
7407: 0
7408: 0
7409: 0
7410: 0
7411: 0
7412: 0
7413: 0
7414: 0
7415: 0
7416: 0
7417: 0
7418: 0
7419: 0
7420: 0
7421: 0
7422: 0
7423: 0
7424: 0
7425: 0
7426: 0
7427: 0
7428: 0
7429: 0
7430: 0
7431: 0
7432: 0
7433: 0
7434: 0
7435: 0
7436: 0
7437: 0
7438: 0
7439: 0
7440: 0
7441: 0
7442: 0
7443: 0
7444: 0
7445: 0
7446: 0
7447: 0
7448: 0
7449: 0
7450: 0
7451: 0
7452: 0
7453: 0
7454: 0
7455: 0
7456: 0
7457: 0
7458: 0
7459: 0
7460: 0
7461: 0
7462: 0
7463: 0
7464: 0
7465: 0
7466: 0
7467: 0
7468: 0
7469: 0
7470: 0
7471: 0
7472: 0
7473: 0
7474: 0
7475: 0
7476: 0
7477: 0
7478: 0
7479: 0
7480: 0
7481: 0
7482: 0
7483: 0
7484: 0
7485: 0
7486: 0
7487: 0
7488: 0
7489: 0
7490: 0
7491: 0
7492: 0
7493: 0
7494: 0
7495: 0
7496: 0
7497: 0
7498: 0
7499: 0
7500: 0
7501: 0
7502: 0
7503: 0
7504: 0
7505: 0
7506: 0
7507: 0
7508: 0
7509: 0
7510: 0
7511: 0
7512: 0
7513: 0
7514: 0
7515: 0
7516: 0
7517: 0
7518: 0
7519: 0
7520: 0
7521: 0
7522: 0
7523: 0
7524: 0
7525: 0
7526: 0
7527: 0
7528: 0
7529: 0
7530: 0
7531: 0
7532: 0
7533: 0
7534: 0
7535: 0
7536: 0
7537: 0
7538: 0
7539: 0
7540: 0
7541: 0
7542: 0
7543: 0
7544: 0
7545: 0
7546: 0
7547: 0
7548: 0
7549: 0
7550: 0
7551: 0
7552: 0
7553: 0
7554: 0
7555: 0
7556: 0
7557: 0
7558: 0
7559: 0
7560: 0
7561: 0
7562: 0
7563: 0
7564: 0
7565: 0
7566: 0
7567: 0
7568: 0
7569: 0
7570: 0
7571: 0
7572: 0
7573: 0
7574: 0
7575: 0
7576: 0
7577: 0
7578: 0
7579: 0
7580: 0
7581: 0
7582: 0
7583: 0
7584: 0
7585: 0
7586: 0
7587: 0
7588: 0
7589: 0
7590: 0
7591: 0
7592: 0
7593: 0
7594: 0
7595: 0
7596: 0
7597: 0
7598: 0
7599: 0
7600: 0
7601: 0
7602: 0
7603: 0
7604: 0
7605: 0
7606: 0
7607: 0
7608: 0
7609: 0
7610: 0
7611: 0
7612: 0
7613: 0
7614: 0
7615: 0
7616: 0
7617: 0
7618: 0
7619: 0
7620: 0
7621: 0
7622: 0
7623: 0
7624: 0
7625: 0
7626: 0
7627: 0
7628: 0
7629: 0
7630: 0
7631: 0
7632: 0
7633: 0
7634: 0
7635: 0
7636: 0
7637: 0
7638: 0
7639: 0
7640: 0
7641: 0
7642: 0
7643: 0
7644: 0
7645: 0
7646: 0
7647: 0
7648: 0
7649: 0
7650: 0
7651: 0
7652: 0
7653: 0
7654: 0
7655: 0
7656: 0
7657: 0
7658: 0
7659: 0
7660: 0
7661: 0
7662: 0
7663: 0
7664: 0
7665: 0
7666: 0
7667: 0
7668: 0
7669: 0
7670: 0
7671: 0
7672: 0
7673: 0
7674: 0
7675: 0
7676: 0
7677: 0
7678: 0
7679: 0
7680: 0
7681: 0
7682: 0
7683: 0
7684: 0
7685: 0
7686: 0
7687: 0
7688: 0
7689: 0
7690: 0
7691: 0
7692: 0
7693: 0
7694: 0
7695: 0
7696: 0
7697: 0
7698: 0
7699: 0
7700: 0
7701: 0
7702: 0
7703: 0
7704: 0
7705: 0
7706: 0
7707: 0
7708: 0
7709: 0
7710: 0
7711: 0
7712: 0
7713: 0
7714: 0
7715: 0
7716: 0
7717: 0
7718: 0
7719: 0
7720: 0
7721: 0
7722: 0
7723: 0
7724: 0
7725: 0
7726: 0
7727: 0
7728: 0
7729: 0
7730: 0
7731: 0
7732: 0
7733: 0
7734: 0
7735: 0
7736: 0
7737: 0
7738: 0
7739: 0
7740: 0
7741: 0
7742: 0
7743: 0
7744: 0
7745: 0
7746: 0
7747: 0
7748: 0
7749: 0
7750: 0
7751: 0
7752: 0
7753: 0
7754: 0
7755: 0
7756: 0
7757: 0
7758: 0
7759: 0
7760: 0
7761: 0
7762: 0
7763: 0
7764: 0
7765: 0
7766: 0
7767: 0
7768: 0
7769: 0
7770: 0
7771: 0
7772: 0
7773: 0
7774: 0
7775: 0
7776: 0
7777: 0
7778: 0
7779: 0
7780: 0
7781: 0
7782: 0
7783: 0
7784: 0
7785: 0
7786: 0
7787: 0
7788: 0
7789: 0
7790: 0
7791: 0
7792: 0
7793: 0
7794: 0
7795: 0
7796: 0
7797: 0
7798: 0
7799: 0
7800: 0
7801: 0
7802: 0
7803: 0
7804: 0
7805: 0
7806: 0
7807: 0
7808: 0
7809: 0
7810: 0
7811: 0
7812: 0
7813: 0
7814: 0
7815: 0
7816: 0
7817: 0
7818: 0
7819: 0
7820: 0
7821: 0
7822: 0
7823: 0
7824: 0
7825: 0
7826: 0
7827: 0
7828: 0
7829: 0
7830: 0
7831: 0
7832: 0
7833: 0
7834: 0
7835: 0
7836: 0
7837: 0
7838: 0
7839: 0
7840: 0
7841: 0
7842: 0
7843: 0
7844: 0
7845: 0
7846: 0
7847: 0
7848: 0
7849: 0
7850: 0
7851: 0
7852: 0
7853: 0
7854: 0
7855: 0
7856: 0
7857: 0
7858: 0
7859: 0
7860: 0
7861: 0
7862: 0
7863: 0
7864: 0
7865: 0
7866: 0
7867: 0
7868: 0
7869: 0
7870: 0
7871: 0
7872: 0
7873: 0
7874: 0
7875: 0
7876: 0
7877: 0
7878: 0
7879: 0
7880: 0
7881: 0
7882: 0
7883: 0
7884: 0
7885: 0
7886: 0
7887: 0
7888: 0
7889: 0
7890: 0
7891: 0
7892: 0
7893: 0
7894: 0
7895: 0
7896: 0
7897: 0
7898: 0
7899: 0
7900: 0
7901: 0
7902: 0
7903: 0
7904: 0
7905: 0
7906: 0
7907: 0
7908: 0
7909: 0
7910: 0
7911: 0
7912: 0
7913: 0
7914: 0
7915: 0
7916: 0
7917: 0
7918: 0
7919: 0
7920: 0
7921: 0
7922: 0
7923: 0
7924: 0
7925: 0
7926: 0
7927: 0
7928: 0
7929: 0
7930: 0
7931: 0
7932: 0
7933: 0
7934: 0
7935: 0
7936: 0
7937: 0
7938: 0
7939: 0
7940: 0
7941: 0
7942: 0
7943: 0
7944: 0
7945: 0
7946: 0
7947: 0
7948: 0
7949: 0
7950: 0
7951: 0
7952: 0
7953: 0
7954: 0
7955: 0
7956: 0
7957: 0
7958: 0
7959: 0
7960: 0
7961: 0
7962: 0
7963: 0
7964: 0
7965: 0
7966: 0
7967: 0
7968: 0
7969: 0
7970: 0
7971: 0
7972: 0
7973: 0
7974: 0
7975: 0
7976: 0
7977: 0
7978: 0
7979: 0
7980: 0
7981: 0
7982: 0
7983: 0
7984: 0
7985: 0
7986: 0
7987: 0
7988: 0
7989: 0
7990: 0
7991: 0
7992: 0
7993: 0
7994: 0
7995: 0
7996: 0
7997: 0
7998: 0
7999: 0
8000: 0
8001: 0
8002: 0
8003: 0
8004: 0
8005: 0
8006: 0
8007: 0
8008: 0
8009: 0
8010: 0
8011: 0
8012: 0
8013: 0
8014: 0
8015: 0
8016: 0
8017: 0
8018: 0
8019: 0
8020: 0
8021: 0
8022: 0
8023: 0
8024: 0
8025: 0
8026: 0
8027: 0
8028: 0
8029: 0
8030: 0
8031: 0
8032: 0
8033: 0
8034: 0
8035: 0
8036: 0
8037: 0
8038: 0
8039: 0
8040: 0
8041: 0
8042: 0
8043: 0
8044: 0
8045: 0
8046: 0
8047: 0
8048: 0
8049: 0
8050: 0
8051: 0
8052: 0
8053: 0
8054: 0
8055: 0
8056: 0
8057: 0
8058: 0
8059: 0
8060: 0
8061: 0
8062: 0
8063: 0
8064: 0
8065: 0
8066: 0
8067: 0
8068: 0
8069: 0
8070: 0
8071: 0
8072: 0
8073: 0
8074: 0
8075: 0
8076: 0
8077: 0
8078: 0
8079: 0
8080: 0
8081: 0
8082: 0
8083: 0
8084: 0
8085: 0
8086: 0
8087: 0
8088: 0
8089: 0
8090: 0
8091: 0
8092: 0
8093: 0
8094: 0
8095: 0
8096: 0
8097: 0
8098: 0
8099: 0
8100: 0
8101: 0
8102: 0
8103: 0
8104: 0
8105: 0
8106: 0
8107: 0
8108: 0
8109: 0
8110: 0
8111: 0
8112: 0
8113: 0
8114: 0
8115: 0
8116: 0
8117: 0
8118: 0
8119: 0
8120: 0
8121: 0
8122: 0
8123: 0
8124: 0
8125: 0
8126: 0
8127: 0
8128: 0
8129: 0
8130: 0
8131: 0
8132: 0
8133: 0
8134: 0
8135: 0
8136: 0
8137: 0
8138: 0
8139: 0
8140: 0
8141: 0
8142: 0
8143: 0
8144: 0
8145: 0
8146: 0
8147: 0
8148: 0
8149: 0
8150: 0
8151: 0
8152: 0
8153: 0
8154: 0
8155: 0
8156: 0
8157: 0
8158: 0
8159: 0
8160: 0
8161: 0
8162: 0
8163: 0
8164: 0
8165: 0
8166: 0
8167: 0
8168: 0
8169: 0
8170: 0
8171: 0
8172: 0
8173: 0
8174: 0
8175: 0
8176: 0
8177: 0
8178: 0
8179: 0
8180: 0
8181: 0
8182: 0
8183: 0
8184: 0
8185: 0
8186: 0
8187: 0
8188: 0
8189: 0
8190: 0
8191: 0
8192: 0
8193: 0
8194: 0
8195: 0
8196: 0
8197: 0
8198: 0
8199: 0
8200: 0
8201: 0
8202: 0
8203: 0
8204: 0
8205: 0
8206: 0
8207: 0
8208: 0
8209: 0
8210: 0
8211: 0
8212: 0
8213: 0
8214: 0
8215: 0
8216: 0
8217: 0
8218: 0
8219: 0
8220: 0
8221: 0
8222: 0
8223: 0
8224: 0
8225: 0
8226: 0
8227: 0
8228: 0
8229: 0
8230: 0
8231: 0
8232: 0
8233: 0
8234: 0
8235: 0
8236: 0
8237: 0
8238: 0
8239: 0
8240: 0
8241: 0
8242: 0
8243: 0
8244: 0
8245: 0
8246: 0
8247: 0
8248: 0
8249: 0
8250: 0
8251: 0
8252: 0
8253: 0
8254: 0
8255: 0
8256: 0
8257: 0
8258: 0
8259: 0
8260: 0
8261: 0
8262: 0
8263: 0
8264: 0
8265: 0
8266: 0
8267: 0
8268: 0
8269: 0
8270: 0
8271: 0
8272: 0
8273: 0
8274: 0
8275: 0
8276: 0
8277: 0
8278: 0
8279: 0
8280: 0
8281: 0
8282: 0
8283: 0
8284: 0
8285: 0
8286: 0
8287: 0
8288: 0
8289: 0
8290: 0
8291: 0
8292: 0
8293: 0
8294: 0
8295: 0
8296: 0
8297: 0
8298: 0
8299: 0
8300: 0
8301: 0
8302: 0
8303: 0
8304: 0
8305: 0
8306: 0
8307: 0
8308: 0
8309: 0
8310: 0
8311: 0
8312: 0
8313: 0
8314: 0
8315: 0
8316: 0
8317: 0
8318: 0
8319: 0
8320: 0
8321: 0
8322: 0
8323: 0
8324: 0
8325: 0
8326: 0
8327: 0
8328: 0
8329: 0
8330: 0
8331: 0
8332: 0
8333: 0
8334: 0
8335: 0
8336: 0
8337: 0
8338: 0
8339: 0
8340: 0
8341: 0
8342: 0
8343: 0
8344: 0
8345: 0
8346: 0
8347: 0
8348: 0
8349: 0
8350: 0
8351: 0
8352: 0
8353: 0
8354: 0
8355: 0
8356: 0
8357: 0
8358: 0
8359: 0
8360: 0
8361: 0
8362: 0
8363: 0
8364: 0
8365: 0
8366: 0
8367: 0
8368: 0
8369: 0
8370: 0
8371: 0
8372: 0
8373: 0
8374: 0
8375: 0
8376: 0
8377: 0
8378: 0
8379: 0
8380: 0
8381: 0
8382: 0
8383: 0
8384: 0
8385: 0
8386: 0
8387: 0
8388: 0
8389: 0
8390: 0
8391: 0
8392: 0
8393: 0
8394: 0
8395: 0
8396: 0
8397: 0
8398: 0
8399: 0
8400: 0
8401: 0
8402: 0
8403: 0
8404: 0
8405: 0
8406: 0
8407: 0
8408: 0
8409: 0
8410: 0
8411: 0
8412: 0
8413: 0
8414: 0
8415: 0
8416: 0
8417: 0
8418: 0
8419: 0
8420: 0
8421: 0
8422: 0
8423: 0
8424: 0
8425: 0
8426: 0
8427: 0
8428: 0
8429: 0
8430: 0
8431: 0
8432: 0
8433: 0
8434: 0
8435: 0
8436: 0
8437: 0
8438: 0
8439: 0
8440: 0
8441: 0
8442: 0
8443: 0
8444: 0
8445: 0
8446: 0
8447: 0
8448: 0
8449: 0
8450: 0
8451: 0
8452: 0
8453: 0
8454: 0
8455: 0
8456: 0
8457: 0
8458: 0
8459: 0
8460: 0
8461: 0
8462: 0
8463: 0
8464: 0
8465: 0
8466: 0
8467: 0
8468: 0
8469: 0
8470: 0
8471: 0
8472: 0
8473: 0
8474: 0
8475: 0
8476: 0
8477: 0
8478: 0
8479: 0
8480: 0
8481: 0
8482: 0
8483: 0
8484: 0
8485: 0
8486: 0
8487: 0
8488: 0
8489: 0
8490: 0
8491: 0
8492: 0
8493: 0
8494: 0
8495: 0
8496: 0
8497: 0
8498: 0
8499: 0
8500: 0
8501: 0
8502: 0
8503: 0
8504: 0
8505: 0
8506: 0
8507: 0
8508: 0
8509: 0
8510: 0
8511: 0
8512: 0
8513: 0
8514: 0
8515: 0
8516: 0
8517: 0
8518: 0
8519: 0
8520: 0
8521: 0
8522: 0
8523: 0
8524: 0
8525: 0
8526: 0
8527: 0
8528: 0
8529: 0
8530: 0
8531: 0
8532: 0
8533: 0
8534: 0
8535: 0
8536: 0
8537: 0
8538: 0
8539: 0
8540: 0
8541: 0
8542: 0
8543: 0
8544: 0
8545: 0
8546: 0
8547: 0
8548: 0
8549: 0
8550: 0
8551: 0
8552: 0
8553: 0
8554: 0
8555: 0
8556: 0
8557: 0
8558: 0
8559: 0
8560: 0
8561: 0
8562: 0
8563: 0
8564: 0
8565: 0
8566: 0
8567: 0
8568: 0
8569: 0
8570: 0
8571: 0
8572: 0.000116645
8573: 0.000116632
8574: 0.000116618
8575: 0.000116604
8576: 0.000116591
8577: 0.000116577
8578: 0.000116564
8579: 0.00011655
8580: 0.000116537
8581: 0.000116523
8582: 0.000116509
8583: 0.000116496
8584: 0.000116482
8585: 0.000116469
8586: 0.000116455
8587: 0.000116442
8588: 0.000116428
8589: 0.000116414
8590: 0.000116401
8591: 0.000116387
8592: 0.000116374
8593: 0.00011636
8594: 0.000116347
8595: 0.000116333
8596: 0.00011632
8597: 0.000116306
8598: 0.000116293
8599: 0.000116279
8600: 0.000116266
8601: 0.000116252
8602: 0.000116239
8603: 0.000116225
8604: 0.000116212
8605: 0.000116198
8606: 0.000116185
8607: 0.000116171
8608: 0.000116158
8609: 0.000116144
8610: 0.000116131
8611: 0.000116117
8612: 0.000116104
8613: 0.00011609
8614: 0.000116077
8615: 0.000116063
8616: 0.00011605
8617: 0.000116036
8618: 0.000116023
8619: 0.000116009
8620: 0.000115996
8621: 0.000115982
8622: 0.000115969
8623: 0.000115955
8624: 0.000115942
8625: 0.000115929
8626: 0.000115915
8627: 0.000115902
8628: 0.000115888
8629: 0.000115875
8630: 0.000115861
8631: 0.000115848
8632: 0.000115835
8633: 0.000115821
8634: 0.000115808
8635: 0.000115794
8636: 0.000115781
8637: 0.000115768
8638: 0.000115754
8639: 0.000115741
8640: 0.000115727
8641: 0.000115714
8642: 0.000115701
8643: 0.000115687
8644: 0.000115674
8645: 0.00011566
8646: 0.000115647
8647: 0.000115634
8648: 0.00011562
8649: 0.000115607
8650: 0.000115594
8651: 0.00011558
8652: 0.000115567
8653: 0.000115554
8654: 0.00011554
8655: 0.000115527
8656: 0.000115513
8657: 0.0001155
8658: 0.000115487
8659: 0.000115473
8660: 0.00011546
8661: 0.000115447
8662: 0.000115433
8663: 0.00011542
8664: 0.000115407
8665: 0.000115393
8666: 0.00011538
8667: 0.000115367
8668: 0.000115354
8669: 0.00011534
8670: 0.000115327
8671: 0.000115314
8672: 0.0001153
8673: 0.000115287
8674: 0.000115274
8675: 0.00011526
8676: 0.000115247
8677: 0.000115234
8678: 0.000115221
8679: 0.000115207
8680: 0.000115194
8681: 0.000115181
8682: 0.000115168
8683: 0.000115154
8684: 0.000115141
8685: 0.000115128
8686: 0.000115115
8687: 0.000115101
8688: 0.000115088
8689: 0.000115075
8690: 0.000115062
8691: 0.000115048
8692: 0.000115035
8693: 0.000115022
8694: 0.000115009
8695: 0.000114995
8696: 0.000114982
8697: 0.000114969
8698: 0.000114956
8699: 0.000114943
8700: 0.000114929
8701: 0.000114916
8702: 0.000114903
8703: 0.00011489
8704: 0.000114877
8705: 0.000114863
8706: 0.00011485
8707: 0.000114837
8708: 0.000114824
8709: 0.000114811
8710: 0.000114797
8711: 0.000114784
8712: 0.000114771
8713: 0.000114758
8714: 0.000114745
8715: 0.000114732
8716: 0.000114718
8717: 0.000114705
8718: 0.000114692
8719: 0.000114679
8720: 0.000114666
8721: 0.000114653
8722: 0.000114639
8723: 0.000114626
8724: 0.000114613
8725: 0.0001146
8726: 0.000114587
8727: 0.000114574
8728: 0.000114561
8729: 0.000114548
8730: 0.000114534
8731: 0.000114521
8732: 0.000114508
8733: 0.000114495
8734: 0.000114482
8735: 0.000114469
8736: 0.000114456
8737: 0.000114443
8738: 0.00011443
8739: 0.000114416
8740: 0.000114403
8741: 0.00011439
8742: 0.000114377
8743: 0.000114364
8744: 0.000114351
8745: 0.000114338
8746: 0.000114325
8747: 0.000114312
8748: 0.000114299
8749: 0.000114286
8750: 0.000114273
8751: 0.00011426
8752: 0.000114247
8753: 0.000114233
8754: 0.00011422
8755: 0.000114207
8756: 0.000114194
8757: 0.000114181
8758: 0.000114168
8759: 0.000114155
8760: 0.000114142
8761: 0.000114129
8762: 0.000114116
8763: 0.000114103
8764: 0.00011409
8765: 0.000114077
8766: 0.000114064
8767: 0.000114051
8768: 0.000114038
8769: 0.000114025
8770: 0.000114012
8771: 0.000113999
8772: 0.000113986
8773: 0.000113973
8774: 0.00011396
8775: 0.000113947
8776: 0.000113934
8777: 0.000113921
8778: 0.000113908
8779: 0.000113895
8780: 0.000113882
8781: 0.000113869
8782: 0.000113856
8783: 0.000113843
8784: 0.00011383
8785: 0.000113817
8786: 0.000113804
8787: 0.000113792
8788: 0.000113779
8789: 0.000113766
8790: 0.000113753
8791: 0.00011374
8792: 0.000113727
8793: 0.000113714
8794: 0.000113701
8795: 0.000113688
8796: 0.000113675
8797: 0.000113662
8798: 0.000113649
8799: 0.000113636
8800: 0.000113623
8801: 0.000113611
8802: 0.000113598
8803: 0.000113585
8804: 0.000113572
8805: 0.000113559
8806: 0.000113546
8807: 0.000113533
8808: 0.00011352
8809: 0.000113507
8810: 0.000113494
8811: 0.000113482
8812: 0.000113469
8813: 0.000113456
8814: 0.000113443
8815: 0.00011343
8816: 0.000113417
8817: 0.000113404
8818: 0.000113392
8819: 0.000113379
8820: 0.000113366
8821: 0.000113353
8822: 0.00011334
8823: 0.000113327
8824: 0.000113314
8825: 0.000113302
8826: 0.000113289
8827: 0.000113276
8828: 0.000113263
8829: 0.00011325
8830: 0.000113237
8831: 0.000113225
8832: 0.000113212
8833: 0.000113199
8834: 0.000113186
8835: 0.000113173
8836: 0.000113161
8837: 0.000113148
8838: 0.000113135
8839: 0.000113122
8840: 0.000113109
8841: 0.000113097
8842: 0.000113084
8843: 0.000113071
8844: 0.000113058
8845: 0.000113045
8846: 0.000113033
8847: 0.00011302
8848: 0.000113007
8849: 0.000112994
8850: 0.000112982
8851: 0.000112969
8852: 0.000112956
8853: 0.000112943
8854: 0.000112931
8855: 0.000112918
8856: 0.000112905
8857: 0.000112892
8858: 0.00011288
8859: 0.000112867
8860: 0.000112854
8861: 0.000112841
8862: 0.000112829
8863: 0.000112816
8864: 0.000112803
8865: 0.00011279
8866: 0.000112778
8867: 0.000112765
8868: 0.000112752
8869: 0.00011274
8870: 0.000112727
8871: 0.000112714
8872: 0.000112701
8873: 0.000112689
8874: 0.000112676
8875: 0.000112663
8876: 0.000112651
8877: 0.000112638
8878: 0.000112625
8879: 0.000112613
8880: 0.0001126
8881: 0.000112587
8882: 0.000112575
8883: 0.000112562
8884: 0.000112549
8885: 0.000112537
8886: 0.000112524
8887: 0.000112511
8888: 0.000112499
8889: 0.000112486
8890: 0.000112473
8891: 0.000112461
8892: 0.000112448
8893: 0.000112435
8894: 0.000112423
8895: 0.00011241
8896: 0.000112397
8897: 0.000112385
8898: 0.000112372
8899: 0.00011236
8900: 0.000112347
8901: 0.000112334
8902: 0.000112322
8903: 0.000112309
8904: 0.000112296
8905: 0.000112284
8906: 0.000112271
8907: 0.000112259
8908: 0.000112246
8909: 0.000112233
8910: 0.000112221
8911: 0.000112208
8912: 0.000112196
8913: 0.000112183
8914: 0.00011217
8915: 0.000112158
8916: 0.000112145
8917: 0.000112133
8918: 0.00011212
8919: 0.000112108
8920: 0.000112095
8921: 0.000112082
8922: 0.00011207
8923: 0.000112057
8924: 0.000112045
8925: 0.000112032
8926: 0.00011202
8927: 0.000112007
8928: 0.000111995
8929: 0.000111982
8930: 0.00011197
8931: 0.000111957
8932: 0.000111944
8933: 0.000111932
8934: 0.000111919
8935: 0.000111907
8936: 0.000111894
8937: 0.000111882
8938: 0.000111869
8939: 0.000111857
8940: 0.000111844
8941: 0.000111832
8942: 0.000111819
8943: 0.000111807
8944: 0.000111794
8945: 0.000111782
8946: 0.000111769
8947: 0.000111757
8948: 0.000111744
8949: 0.000111732
8950: 0.000111719
8951: 0.000111707
8952: 0.000111694
8953: 0.000111682
8954: 0.000111669
8955: 0.000111657
8956: 0.000111645
8957: 0.000111632
8958: 0.00011162
8959: 0.000111607
8960: 0.000111595
8961: 0.000111582
8962: 0.00011157
8963: 0.000111557
8964: 0.000111545
8965: 0.000111532
8966: 0.00011152
8967: 0.000111508
8968: 0.000111495
8969: 0.000111483
8970: 0.00011147
8971: 0.000111458
8972: 0.000111445
8973: 0.000111433
8974: 0.000111421
8975: 0.000111408
8976: 0.000111396
8977: 0.000111383
8978: 0.000111371
8979: 0.000111359
8980: 0.000111346
8981: 0.000111334
8982: 0.000111321
8983: 0.000111309
8984: 0.000111297
8985: 0.000111284
8986: 0.000111272
8987: 0.000111259
8988: 0.000111247
8989: 0.000111235
8990: 0.000111222
8991: 0.00011121
8992: 0.000111198
8993: 0.000111185
8994: 0.000111173
8995: 0.000111161
8996: 0.000111148
8997: 0.000111136
8998: 0.000111123
8999: 0.000111111
9000: 0.000111099
9001: 0.000111086
9002: 0.000111074
9003: 0.000111062
9004: 0.000111049
9005: 0.000111037
9006: 0.000111025
9007: 0.000111012
9008: 0.000111
9009: 0.000110988
9010: 0.000110975
9011: 0.000110963
9012: 0.000110951
9013: 0.000110939
9014: 0.000110926
9015: 0.000110914
9016: 0.000110902
9017: 0.000110889
9018: 0.000110877
9019: 0.000110865
9020: 0.000110852
9021: 0.00011084
9022: 0.000110828
9023: 0.000110816
9024: 0.000110803
9025: 0.000110791
9026: 0.000110779
9027: 0.000110767
9028: 0.000110754
9029: 0.000110742
9030: 0.00011073
9031: 0.000110717
9032: 0.000110705
9033: 0.000110693
9034: 0.000110681
9035: 0.000110668
9036: 0.000110656
9037: 0.000110644
9038: 0.000110632
9039: 0.000110619
9040: 0.000110607
9041: 0.000110595
9042: 0.000110583
9043: 0.000110571
9044: 0.000110558
9045: 0.000110546
9046: 0.000110534
9047: 0.000110522
9048: 0.000110509
9049: 0.000110497
9050: 0.000110485
9051: 0.000110473
9052: 0.000110461
9053: 0.000110448
9054: 0.000110436
9055: 0.000110424
9056: 0.000110412
9057: 0.0001104
9058: 0.000110387
9059: 0.000110375
9060: 0.000110363
9061: 0.000110351
9062: 0.000110339
9063: 0.000110327
9064: 0.000110314
9065: 0.000110302
9066: 0.00011029
9067: 0.000110278
9068: 0.000110266
9069: 0.000110254
9070: 0.000110241
9071: 0.000110229
9072: 0.000110217
9073: 0.000110205
9074: 0.000110193
9075: 0.000110181
9076: 0.000110169
9077: 0.000110156
9078: 0.000110144
9079: 0.000110132
9080: 0.00011012
9081: 0.000110108
9082: 0.000110096
9083: 0.000110084
9084: 0.000110072
9085: 0.000110059
9086: 0.000110047
9087: 0.000110035
9088: 0.000110023
9089: 0.000110011
9090: 0.000109999
9091: 0.000109987
9092: 0.000109975
9093: 0.000109963
9094: 0.000109951
9095: 0.000109938
9096: 0.000109926
9097: 0.000109914
9098: 0.000109902
9099: 0.00010989
9100: 0.000109878
9101: 0.000109866
9102: 0.000109854
9103: 0.000109842
9104: 0.00010983
9105: 0.000109818
9106: 0.000109806
9107: 0.000109794
9108: 0.000109782
9109: 0.000109769
9110: 0.000109757
9111: 0.000109745
9112: 0.000109733
9113: 0.000109721
9114: 0.000109709
9115: 0.000109697
9116: 0.000109685
9117: 0.000109673
9118: 0.000109661
9119: 0.000109649
9120: 0.000109637
9121: 0.000109625
9122: 0.000109613
9123: 0.000109601
9124: 0.000109589
9125: 0.000109577
9126: 0.000109565
9127: 0.000109553
9128: 0.000109541
9129: 0.000109529
9130: 0.000109517
9131: 0.000109505
9132: 0.000109493
9133: 0.000109481
9134: 0.000109469
9135: 0.000109457
9136: 0.000109445
9137: 0.000109433
9138: 0.000109421
9139: 0.000109409
9140: 0.000109397
9141: 0.000109385
9142: 0.000109373
9143: 0.000109361
9144: 0.000109349
9145: 0.000109337
9146: 0.000109325
9147: 0.000109314
9148: 0.000109302
9149: 0.00010929
9150: 0.000109278
9151: 0.000109266
9152: 0.000109254
9153: 0.000109242
9154: 0.00010923
9155: 0.000109218
9156: 0.000109206
9157: 0.000109194
9158: 0.000109182
9159: 0.00010917
9160: 0.000109158
9161: 0.000109146
9162: 0.000109135
9163: 0.000109123
9164: 0.000109111
9165: 0.000109099
9166: 0.000109087
9167: 0.000109075
9168: 0.000109063
9169: 0.000109051
9170: 0.000109039
9171: 0.000109027
9172: 0.000109016
9173: 0.000109004
9174: 0.000108992
9175: 0.00010898
9176: 0.000108968
9177: 0.000108956
9178: 0.000108944
9179: 0.000108932
9180: 0.000108921
9181: 0.000108909
9182: 0.000108897
9183: 0.000108885
9184: 0.000108873
9185: 0.000108861
9186: 0.000108849
9187: 0.000108838
9188: 0.000108826
9189: 0.000108814
9190: 0.000108802
9191: 0.00010879
9192: 0.000108778
9193: 0.000108767
9194: 0.000108755
9195: 0.000108743
9196: 0.000108731
9197: 0.000108719
9198: 0.000108707
9199: 0.000108696
9200: 0.000108684
9201: 0.000108672
9202: 0.00010866
9203: 0.000108648
9204: 0.000108637
9205: 0.000108625
9206: 0.000108613
9207: 0.000108601
9208: 0.000108589
9209: 0.000108578
9210: 0.000108566
9211: 0.000108554
9212: 0.000108542
9213: 0.00010853
9214: 0.000108519
9215: 0.000108507
9216: 0.000108495
9217: 0.000108483
9218: 0.000108472
9219: 0.00010846
9220: 0.000108448
9221: 0.000108436
9222: 0.000108425
9223: 0.000108413
9224: 0.000108401
9225: 0.000108389
9226: 0.000108378
9227: 0.000108366
9228: 0.000108354
9229: 0.000108342
9230: 0.000108331
9231: 0.000108319
9232: 0.000108307
9233: 0.000108295
9234: 0.000108284
9235: 0.000108272
9236: 0.00010826
9237: 0.000108249
9238: 0.000108237
9239: 0.000108225
9240: 0.000108213
9241: 0.000108202
9242: 0.00010819
9243: 0.000108178
9244: 0.000108167
9245: 0.000108155
9246: 0.000108143
9247: 0.000108131
9248: 0.00010812
9249: 0.000108108
9250: 0.000108096
9251: 0.000108085
9252: 0.000108073
9253: 0.000108061
9254: 0.00010805
9255: 0.000108038
9256: 0.000108026
9257: 0.000108015
9258: 0.000108003
9259: 0.000107991
9260: 0.00010798
9261: 0.000107968
9262: 0.000107956
9263: 0.000107945
9264: 0.000107933
9265: 0.000107921
9266: 0.00010791
9267: 0.000107898
9268: 0.000107887
9269: 0.000107875
9270: 0.000107863
9271: 0.000107852
9272: 0.00010784
9273: 0.000107828
9274: 0.000107817
9275: 0.000107805
9276: 0.000107793
9277: 0.000107782
9278: 0.00010777
9279: 0.000107759
9280: 0.000107747
9281: 0.000107735
9282: 0.000107724
9283: 0.000107712
9284: 0.000107701
9285: 0.000107689
9286: 0.000107677
9287: 0.000107666
9288: 0.000107654
9289: 0.000107643
9290: 0.000107631
9291: 0.000107619
9292: 0.000107608
9293: 0.000107596
9294: 0.000107585
9295: 0.000107573
9296: 0.000107562
9297: 0.00010755
9298: 0.000107538
9299: 0.000107527
9300: 0.000107515
9301: 0.000107504
9302: 0.000107492
9303: 0.000107481
9304: 0.000107469
9305: 0.000107458
9306: 0.000107446
9307: 0.000107434
9308: 0.000107423
9309: 0.000107411
9310: 0.0001074
9311: 0.000107388
9312: 0.000107377
9313: 0.000107365
9314: 0.000107354
9315: 0.000107342
9316: 0.000107331
9317: 0.000107319
9318: 0.000107308
9319: 0.000107296
9320: 0.000107285
9321: 0.000107273
9322: 0.000107262
9323: 0.00010725
9324: 0.000107239
9325: 0.000107227
9326: 0.000107216
9327: 0.000107204
9328: 0.000107193
9329: 0.000107181
9330: 0.00010717
9331: 0.000107158
9332: 0.000107147
9333: 0.000107135
9334: 0.000107124
9335: 0.000107112
9336: 0.000107101
9337: 0.000107089
9338: 0.000107078
9339: 0.000107066
9340: 0.000107055
9341: 0.000107043
9342: 0.000107032
9343: 0.000107021
9344: 0.000107009
9345: 0.000106998
9346: 0.000106986
9347: 0.000106975
9348: 0.000106963
9349: 0.000106952
9350: 0.00010694
9351: 0.000106929
9352: 0.000106918
9353: 0.000106906
9354: 0.000106895
9355: 0.000106883
9356: 0.000106872
9357: 0.00010686
9358: 0.000106849
9359: 0.000106838
9360: 0.000106826
9361: 0.000106815
9362: 0.000106803
9363: 0.000106792
9364: 0.000106781
9365: 0.000106769
9366: 0.000106758
9367: 0.000106746
9368: 0.000106735
9369: 0.000106724
9370: 0.000106712
9371: 0.000106701
9372: 0.000106689
9373: 0.000106678
9374: 0.000106667
9375: 0.000106655
9376: 0.000106644
9377: 0.000106633
9378: 0.000106621
9379: 0.00010661
9380: 0.000106598
9381: 0.000106587
9382: 0.000106576
9383: 0.000106564
9384: 0.000106553
9385: 0.000106542
9386: 0.00010653
9387: 0.000106519
9388: 0.000106508
9389: 0.000106496
9390: 0.000106485
9391: 0.000106474
9392: 0.000106462
9393: 0.000106451
9394: 0.00010644
9395: 0.000106428
9396: 0.000106417
9397: 0.000106406
9398: 0.000106394
9399: 0.000106383
9400: 0.000106372
9401: 0.00010636
9402: 0.000106349
9403: 0.000106338
9404: 0.000106326
9405: 0.000106315
9406: 0.000106304
9407: 0.000106293
9408: 0.000106281
9409: 0.00010627
9410: 0.000106259
9411: 0.000106247
9412: 0.000106236
9413: 0.000106225
9414: 0.000106213
9415: 0.000106202
9416: 0.000106191
9417: 0.00010618
9418: 0.000106168
9419: 0.000106157
9420: 0.000106146
9421: 0.000106135
9422: 0.000106123
9423: 0.000106112
9424: 0.000106101
9425: 0.00010609
9426: 0.000106078
9427: 0.000106067
9428: 0.000106056
9429: 0.000106045
9430: 0.000106033
9431: 0.000106022
9432: 0.000106011
9433: 0.000106
9434: 0.000105988
9435: 0.000105977
9436: 0.000105966
9437: 0.000105955
9438: 0.000105943
9439: 0.000105932
9440: 0.000105921
9441: 0.00010591
9442: 0.000105899
9443: 0.000105887
9444: 0.000105876
9445: 0.000105865
9446: 0.000105854
9447: 0.000105843
9448: 0.000105831
9449: 0.00010582
9450: 0.000105809
9451: 0.000105798
9452: 0.000105787
9453: 0.000105775
9454: 0.000105764
9455: 0.000105753
9456: 0.000105742
9457: 0.000105731
9458: 0.000105719
9459: 0.000105708
9460: 0.000105697
9461: 0.000105686
9462: 0.000105675
9463: 0.000105664
9464: 0.000105652
9465: 0.000105641
9466: 0.00010563
9467: 0.000105619
9468: 0.000105608
9469: 0.000105597
9470: 0.000105585
9471: 0.000105574
9472: 0.000105563
9473: 0.000105552
9474: 0.000105541
9475: 0.00010553
9476: 0.000105519
9477: 0.000105507
9478: 0.000105496
9479: 0.000105485
9480: 0.000105474
9481: 0.000105463
9482: 0.000105452
9483: 0.000105441
9484: 0.00010543
9485: 0.000105419
9486: 0.000105407
9487: 0.000105396
9488: 0.000105385
9489: 0.000105374
9490: 0.000105363
9491: 0.000105352
9492: 0.000105341
9493: 0.00010533
9494: 0.000105319
9495: 0.000105307
9496: 0.000105296
9497: 0.000105285
9498: 0.000105274
9499: 0.000105263
9500: 0.000105252
9501: 0.000105241
9502: 0.00010523
9503: 0.000105219
9504: 0.000105208
9505: 0.000105197
9506: 0.000105186
9507: 0.000105175
9508: 0.000105164
9509: 0.000105152
9510: 0.000105141
9511: 0.00010513
9512: 0.000105119
9513: 0.000105108
9514: 0.000105097
9515: 0.000105086
9516: 0.000105075
9517: 0.000105064
9518: 0.000105053
9519: 0.000105042
9520: 0.000105031
9521: 0.00010502
9522: 0.000105009
9523: 0.000104998
9524: 0.000104987
9525: 0.000104976
9526: 0.000104965
9527: 0.000104954
9528: 0.000104943
9529: 0.000104932
9530: 0.000104921
9531: 0.00010491
9532: 0.000104899
9533: 0.000104888
9534: 0.000104877
9535: 0.000104866
9536: 0.000104855
9537: 0.000104844
9538: 0.000104833
9539: 0.000104822
9540: 0.000104811
9541: 0.0001048
9542: 0.000104789
9543: 0.000104778
9544: 0.000104767
9545: 0.000104756
9546: 0.000104745
9547: 0.000104734
9548: 0.000104723
9549: 0.000104712
9550: 0.000104701
9551: 0.00010469
9552: 0.000104679
9553: 0.000104668
9554: 0.000104657
9555: 0.000104646
9556: 0.000104635
9557: 0.000104624
9558: 0.000104613
9559: 0.000104603
9560: 0.000104592
9561: 0.000104581
9562: 0.00010457
9563: 0.000104559
9564: 0.000104548
9565: 0.000104537
9566: 0.000104526
9567: 0.000104515
9568: 0.000104504
9569: 0.000104493
9570: 0.000104482
9571: 0.000104471
9572: 0.00010446
9573: 0.00010445
9574: 0.000104439
9575: 0.000104428
9576: 0.000104417
9577: 0.000104406
9578: 0.000104395
9579: 0.000104384
9580: 0.000104373
9581: 0.000104362
9582: 0.000104351
9583: 0.000104341
9584: 0.00010433
9585: 0.000104319
9586: 0.000104308
9587: 0.000104297
9588: 0.000104286
9589: 0.000104275
9590: 0.000104264
9591: 0.000104254
9592: 0.000104243
9593: 0.000104232
9594: 0.000104221
9595: 0.00010421
9596: 0.000104199
9597: 0.000104188
9598: 0.000104178
9599: 0.000104167
9600: 0.000104156
9601: 0.000104145
9602: 0.000104134
9603: 0.000104123
9604: 0.000104112
9605: 0.000104102
9606: 0.000104091
9607: 0.00010408
9608: 0.000104069
9609: 0.000104058
9610: 0.000104047
9611: 0.000104037
9612: 0.000104026
9613: 0.000104015
9614: 0.000104004
9615: 0.000103993
9616: 0.000103983
9617: 0.000103972
9618: 0.000103961
9619: 0.00010395
9620: 0.000103939
9621: 0.000103928
9622: 0.000103918
9623: 0.000103907
9624: 0.000103896
9625: 0.000103885
9626: 0.000103875
9627: 0.000103864
9628: 0.000103853
9629: 0.000103842
9630: 0.000103831
9631: 0.000103821
9632: 0.00010381
9633: 0.000103799
9634: 0.000103788
9635: 0.000103778
9636: 0.000103767
9637: 0.000103756
9638: 0.000103745
9639: 0.000103734
9640: 0.000103724
9641: 0.000103713
9642: 0.000103702
9643: 0.000103691
9644: 0.000103681
9645: 0.00010367
9646: 0.000103659
9647: 0.000103648
9648: 0.000103638
9649: 0.000103627
9650: 0.000103616
9651: 0.000103605
9652: 0.000103595
9653: 0.000103584
9654: 0.000103573
9655: 0.000103563
9656: 0.000103552
9657: 0.000103541
9658: 0.00010353
9659: 0.00010352
9660: 0.000103509
9661: 0.000103498
9662: 0.000103488
9663: 0.000103477
9664: 0.000103466
9665: 0.000103455
9666: 0.000103445
9667: 0.000103434
9668: 0.000103423
9669: 0.000103413
9670: 0.000103402
9671: 0.000103391
9672: 0.000103381
9673: 0.00010337
9674: 0.000103359
9675: 0.000103348
9676: 0.000103338
9677: 0.000103327
9678: 0.000103316
9679: 0.000103306
9680: 0.000103295
9681: 0.000103284
9682: 0.000103274
9683: 0.000103263
9684: 0.000103252
9685: 0.000103242
9686: 0.000103231
9687: 0.00010322
9688: 0.00010321
9689: 0.000103199
9690: 0.000103189
9691: 0.000103178
9692: 0.000103167
9693: 0.000103157
9694: 0.000103146
9695: 0.000103135
9696: 0.000103125
9697: 0.000103114
9698: 0.000103103
9699: 0.000103093
9700: 0.000103082
9701: 0.000103072
9702: 0.000103061
9703: 0.00010305
9704: 0.00010304
9705: 0.000103029
9706: 0.000103018
9707: 0.000103008
9708: 0.000102997
9709: 0.000102987
9710: 0.000102976
9711: 0.000102965
9712: 0.000102955
9713: 0.000102944
9714: 0.000102934
9715: 0.000102923
9716: 0.000102912
9717: 0.000102902
9718: 0.000102891
9719: 0.000102881
9720: 0.00010287
9721: 0.000102859
9722: 0.000102849
9723: 0.000102838
9724: 0.000102828
9725: 0.000102817
9726: 0.000102807
9727: 0.000102796
9728: 0.000102785
9729: 0.000102775
9730: 0.000102764
9731: 0.000102754
9732: 0.000102743
9733: 0.000102733
9734: 0.000102722
9735: 0.000102712
9736: 0.000102701
9737: 0.00010269
9738: 0.00010268
9739: 0.000102669
9740: 0.000102659
9741: 0.000102648
9742: 0.000102638
9743: 0.000102627
9744: 0.000102617
9745: 0.000102606
9746: 0.000102596
9747: 0.000102585
9748: 0.000102575
9749: 0.000102564
9750: 0.000102554
9751: 0.000102543
9752: 0.000102533
9753: 0.000102522
9754: 0.000102512
9755: 0.000102501
9756: 0.000102491
9757: 0.00010248
9758: 0.00010247
9759: 0.000102459
9760: 0.000102449
9761: 0.000102438
9762: 0.000102428
9763: 0.000102417
9764: 0.000102407
9765: 0.000102396
9766: 0.000102386
9767: 0.000102375
9768: 0.000102365
9769: 0.000102354
9770: 0.000102344
9771: 0.000102333
9772: 0.000102323
9773: 0.000102312
9774: 0.000102302
9775: 0.000102291
9776: 0.000102281
9777: 0.00010227
9778: 0.00010226
9779: 0.000102249
9780: 0.000102239
9781: 0.000102229
9782: 0.000102218
9783: 0.000102208
9784: 0.000102197
9785: 0.000102187
9786: 0.000102176
9787: 0.000102166
9788: 0.000102155
9789: 0.000102145
9790: 0.000102135
9791: 0.000102124
9792: 0.000102114
9793: 0.000102103
9794: 0.000102093
9795: 0.000102082
9796: 0.000102072
9797: 0.000102062
9798: 0.000102051
9799: 0.000102041
9800: 0.00010203
9801: 0.00010202
9802: 0.00010201
9803: 0.000101999
9804: 0.000101989
9805: 0.000101978
9806: 0.000101968
9807: 0.000101958
9808: 0.000101947
9809: 0.000101937
9810: 0.000101926
9811: 0.000101916
9812: 0.000101906
9813: 0.000101895
9814: 0.000101885
9815: 0.000101874
9816: 0.000101864
9817: 0.000101854
9818: 0.000101843
9819: 0.000101833
9820: 0.000101823
9821: 0.000101812
9822: 0.000101802
9823: 0.000101792
9824: 0.000101781
9825: 0.000101771
9826: 0.00010176
9827: 0.00010175
9828: 0.00010174
9829: 0.000101729
9830: 0.000101719
9831: 0.000101709
9832: 0.000101698
9833: 0.000101688
9834: 0.000101678
9835: 0.000101667
9836: 0.000101657
9837: 0.000101647
9838: 0.000101636
9839: 0.000101626
9840: 0.000101616
9841: 0.000101605
9842: 0.000101595
9843: 0.000101585
9844: 0.000101574
9845: 0.000101564
9846: 0.000101554
9847: 0.000101543
9848: 0.000101533
9849: 0.000101523
9850: 0.000101513
9851: 0.000101502
9852: 0.000101492
9853: 0.000101482
9854: 0.000101471
9855: 0.000101461
9856: 0.000101451
9857: 0.00010144
9858: 0.00010143
9859: 0.00010142
9860: 0.00010141
9861: 0.000101399
9862: 0.000101389
9863: 0.000101379
9864: 0.000101368
9865: 0.000101358
9866: 0.000101348
9867: 0.000101338
9868: 0.000101327
9869: 0.000101317
9870: 0.000101307
9871: 0.000101297
9872: 0.000101286
9873: 0.000101276
9874: 0.000101266
9875: 0.000101256
9876: 0.000101245
9877: 0.000101235
9878: 0.000101225
9879: 0.000101215
9880: 0.000101204
9881: 0.000101194
9882: 0.000101184
9883: 0.000101174
9884: 0.000101163
9885: 0.000101153
9886: 0.000101143
9887: 0.000101133
9888: 0.000101122
9889: 0.000101112
9890: 0.000101102
9891: 0.000101092
9892: 0.000101082
9893: 0.000101071
9894: 0.000101061
9895: 0.000101051
9896: 0.000101041
9897: 0.000101031
9898: 0.00010102
9899: 0.00010101
9900: 0.000101
9901: 0.00010099
9902: 0.00010098
9903: 0.000100969
9904: 0.000100959
9905: 0.000100949
9906: 0.000100939
9907: 0.000100929
9908: 0.000100918
9909: 0.000100908
9910: 0.000100898
9911: 0.000100888
9912: 0.000100878
9913: 0.000100867
9914: 0.000100857
9915: 0.000100847
9916: 0.000100837
9917: 0.000100827
9918: 0.000100817
9919: 0.000100806
9920: 0.000100796
9921: 0.000100786
9922: 0.000100776
9923: 0.000100766
9924: 0.000100756
9925: 0.000100746
9926: 0.000100735
9927: 0.000100725
9928: 0.000100715
9929: 0.000100705
9930: 0.000100695
9931: 0.000100685
9932: 0.000100675
9933: 0.000100664
9934: 0.000100654
9935: 0.000100644
9936: 0.000100634
9937: 0.000100624
9938: 0.000100614
9939: 0.000100604
9940: 0.000100594
9941: 0.000100583
9942: 0.000100573
9943: 0.000100563
9944: 0.000100553
9945: 0.000100543
9946: 0.000100533
9947: 0.000100523
9948: 0.000100513
9949: 0.000100503
9950: 0.000100492
9951: 0.000100482
9952: 0.000100472
9953: 0.000100462
9954: 0.000100452
9955: 0.000100442
9956: 0.000100432
9957: 0.000100422
9958: 0.000100412
9959: 0.000100402
9960: 0.000100392
9961: 0.000100381
9962: 0.000100371
9963: 0.000100361
9964: 0.000100351
9965: 0.000100341
9966: 0.000100331
9967: 0.000100321
9968: 0.000100311
9969: 0.000100301
9970: 0.000100291
9971: 0.000100281
9972: 0.000100271
9973: 0.000100261
9974: 0.000100251
9975: 0.000100241
9976: 0.000100231
9977: 0.00010022
9978: 0.00010021
9979: 0.0001002
9980: 0.00010019
9981: 0.00010018
9982: 0.00010017
9983: 0.00010016
9984: 0.00010015
9985: 0.00010014
9986: 0.00010013
9987: 0.00010012
9988: 0.00010011
9989: 0.0001001
9990: 0.00010009
9991: 0.00010008
9992: 0.00010007
9993: 0.00010006
9994: 0.00010005
9995: 0.00010004
9996: 0.00010003
9997: 0.00010002
9998: 0.00010001
9999: 0.0001
10000: 9.999e-05
10001: 9.998e-05
10002: 9.997e-05
10003: 9.996e-05
10004: 9.995e-05
10005: 9.994e-05
10006: 9.993e-05
10007: 9.99201e-05
10008: 9.99101e-05
10009: 9.99001e-05
10010: 9.98901e-05
10011: 9.98801e-05
10012: 9.98702e-05
10013: 9.98602e-05
10014: 9.98502e-05
10015: 9.98403e-05
10016: 9.98303e-05
10017: 9.98203e-05
10018: 9.98104e-05
10019: 9.98004e-05
10020: 9.97904e-05
10021: 9.97805e-05
10022: 9.97705e-05
10023: 9.97606e-05
10024: 9.97506e-05
10025: 9.97407e-05
10026: 9.97307e-05
10027: 9.97208e-05
10028: 9.97108e-05
10029: 9.97009e-05
10030: 9.9691e-05
10031: 9.9681e-05
10032: 9.96711e-05
10033: 9.96612e-05
10034: 9.96512e-05
10035: 9.96413e-05
10036: 9.96314e-05
10037: 9.96214e-05
10038: 9.96115e-05
10039: 9.96016e-05
10040: 9.95917e-05
10041: 9.95818e-05
10042: 9.95718e-05
10043: 9.95619e-05
10044: 9.9552e-05
10045: 9.95421e-05
10046: 9.95322e-05
10047: 9.95223e-05
10048: 9.95124e-05
10049: 9.95025e-05
10050: 9.94926e-05
10051: 9.94827e-05
10052: 9.94728e-05
10053: 9.94629e-05
10054: 9.9453e-05
10055: 9.94431e-05
10056: 9.94332e-05
10057: 9.94233e-05
10058: 9.94135e-05
10059: 9.94036e-05
10060: 9.93937e-05
10061: 9.93838e-05
10062: 9.93739e-05
10063: 9.93641e-05
10064: 9.93542e-05
10065: 9.93443e-05
10066: 9.93345e-05
10067: 9.93246e-05
10068: 9.93147e-05
10069: 9.93049e-05
10070: 9.9295e-05
10071: 9.92851e-05
10072: 9.92753e-05
10073: 9.92654e-05
10074: 9.92556e-05
10075: 9.92457e-05
10076: 9.92359e-05
10077: 9.9226e-05
10078: 9.92162e-05
10079: 9.92063e-05
10080: 9.91965e-05
10081: 9.91867e-05
10082: 9.91768e-05
10083: 9.9167e-05
10084: 9.91572e-05
10085: 9.91473e-05
10086: 9.91375e-05
10087: 9.91277e-05
10088: 9.91179e-05
10089: 9.9108e-05
10090: 9.90982e-05
10091: 9.90884e-05
10092: 9.90786e-05
10093: 9.90688e-05
10094: 9.90589e-05
10095: 9.90491e-05
10096: 9.90393e-05
10097: 9.90295e-05
10098: 9.90197e-05
10099: 9.90099e-05
10100: 9.90001e-05
10101: 9.89903e-05
10102: 9.89805e-05
10103: 9.89707e-05
10104: 9.89609e-05
10105: 9.89511e-05
10106: 9.89413e-05
10107: 9.89315e-05
10108: 9.89218e-05
10109: 9.8912e-05
10110: 9.89022e-05
10111: 9.88924e-05
10112: 9.88826e-05
10113: 9.88728e-05
10114: 9.88631e-05
10115: 9.88533e-05
10116: 9.88435e-05
10117: 9.88338e-05
10118: 9.8824e-05
10119: 9.88142e-05
10120: 9.88045e-05
10121: 9.87947e-05
10122: 9.87849e-05
10123: 9.87752e-05
10124: 9.87654e-05
10125: 9.87557e-05
10126: 9.87459e-05
10127: 9.87362e-05
10128: 9.87264e-05
10129: 9.87167e-05
10130: 9.87069e-05
10131: 9.86972e-05
10132: 9.86875e-05
10133: 9.86777e-05
10134: 9.8668e-05
10135: 9.86582e-05
10136: 9.86485e-05
10137: 9.86388e-05
10138: 9.86291e-05
10139: 9.86193e-05
10140: 9.86096e-05
10141: 9.85999e-05
10142: 9.85902e-05
10143: 9.85804e-05
10144: 9.85707e-05
10145: 9.8561e-05
10146: 9.85513e-05
10147: 9.85416e-05
10148: 9.85319e-05
10149: 9.85222e-05
10150: 9.85125e-05
10151: 9.85028e-05
10152: 9.84931e-05
10153: 9.84834e-05
10154: 9.84737e-05
10155: 9.8464e-05
10156: 9.84543e-05
10157: 9.84446e-05
10158: 9.84349e-05
10159: 9.84252e-05
10160: 9.84155e-05
10161: 9.84058e-05
10162: 9.83961e-05
10163: 9.83865e-05
10164: 9.83768e-05
10165: 9.83671e-05
10166: 9.83574e-05
10167: 9.83478e-05
10168: 9.83381e-05
10169: 9.83284e-05
10170: 9.83187e-05
10171: 9.83091e-05
10172: 9.82994e-05
10173: 9.82898e-05
10174: 9.82801e-05
10175: 9.82704e-05
10176: 9.82608e-05
10177: 9.82511e-05
10178: 9.82415e-05
10179: 9.82318e-05
10180: 9.82222e-05
10181: 9.82125e-05
10182: 9.82029e-05
10183: 9.81932e-05
10184: 9.81836e-05
10185: 9.8174e-05
10186: 9.81643e-05
10187: 9.81547e-05
10188: 9.81451e-05
10189: 9.81354e-05
10190: 9.81258e-05
10191: 9.81162e-05
10192: 9.81065e-05
10193: 9.80969e-05
10194: 9.80873e-05
10195: 9.80777e-05
10196: 9.80681e-05
10197: 9.80584e-05
10198: 9.80488e-05
10199: 9.80392e-05
10200: 9.80296e-05
10201: 9.802e-05
10202: 9.80104e-05
10203: 9.80008e-05
10204: 9.79912e-05
10205: 9.79816e-05
10206: 9.7972e-05
10207: 9.79624e-05
10208: 9.79528e-05
10209: 9.79432e-05
10210: 9.79336e-05
10211: 9.7924e-05
10212: 9.79144e-05
10213: 9.79048e-05
10214: 9.78953e-05
10215: 9.78857e-05
10216: 9.78761e-05
10217: 9.78665e-05
10218: 9.78569e-05
10219: 9.78474e-05
10220: 9.78378e-05
10221: 9.78282e-05
10222: 9.78186e-05
10223: 9.78091e-05
10224: 9.77995e-05
10225: 9.77899e-05
10226: 9.77804e-05
10227: 9.77708e-05
10228: 9.77613e-05
10229: 9.77517e-05
10230: 9.77422e-05
10231: 9.77326e-05
10232: 9.77231e-05
10233: 9.77135e-05
10234: 9.7704e-05
10235: 9.76944e-05
10236: 9.76849e-05
10237: 9.76753e-05
10238: 9.76658e-05
10239: 9.76563e-05
10240: 9.76467e-05
10241: 9.76372e-05
10242: 9.76276e-05
10243: 9.76181e-05
10244: 9.76086e-05
10245: 9.75991e-05
10246: 9.75895e-05
10247: 9.758e-05
10248: 9.75705e-05
10249: 9.7561e-05
10250: 9.75515e-05
10251: 9.75419e-05
10252: 9.75324e-05
10253: 9.75229e-05
10254: 9.75134e-05
10255: 9.75039e-05
10256: 9.74944e-05
10257: 9.74849e-05
10258: 9.74754e-05
10259: 9.74659e-05
10260: 9.74564e-05
10261: 9.74469e-05
10262: 9.74374e-05
10263: 9.74279e-05
10264: 9.74184e-05
10265: 9.74089e-05
10266: 9.73994e-05
10267: 9.73899e-05
10268: 9.73805e-05
10269: 9.7371e-05
10270: 9.73615e-05
10271: 9.7352e-05
10272: 9.73425e-05
10273: 9.73331e-05
10274: 9.73236e-05
10275: 9.73141e-05
10276: 9.73047e-05
10277: 9.72952e-05
10278: 9.72857e-05
10279: 9.72763e-05
10280: 9.72668e-05
10281: 9.72573e-05
10282: 9.72479e-05
10283: 9.72384e-05
10284: 9.7229e-05
10285: 9.72195e-05
10286: 9.72101e-05
10287: 9.72006e-05
10288: 9.71912e-05
10289: 9.71817e-05
10290: 9.71723e-05
10291: 9.71628e-05
10292: 9.71534e-05
10293: 9.7144e-05
10294: 9.71345e-05
10295: 9.71251e-05
10296: 9.71157e-05
10297: 9.71062e-05
10298: 9.70968e-05
10299: 9.70874e-05
10300: 9.7078e-05
10301: 9.70685e-05
10302: 9.70591e-05
10303: 9.70497e-05
10304: 9.70403e-05
10305: 9.70309e-05
10306: 9.70214e-05
10307: 9.7012e-05
10308: 9.70026e-05
10309: 9.69932e-05
10310: 9.69838e-05
10311: 9.69744e-05
10312: 9.6965e-05
10313: 9.69556e-05
10314: 9.69462e-05
10315: 9.69368e-05
10316: 9.69274e-05
10317: 9.6918e-05
10318: 9.69086e-05
10319: 9.68992e-05
10320: 9.68898e-05
10321: 9.68804e-05
10322: 9.68711e-05
10323: 9.68617e-05
10324: 9.68523e-05
10325: 9.68429e-05
10326: 9.68335e-05
10327: 9.68242e-05
10328: 9.68148e-05
10329: 9.68054e-05
10330: 9.67961e-05
10331: 9.67867e-05
10332: 9.67773e-05
10333: 9.6768e-05
10334: 9.67586e-05
10335: 9.67492e-05
10336: 9.67399e-05
10337: 9.67305e-05
10338: 9.67212e-05
10339: 9.67118e-05
10340: 9.67024e-05
10341: 9.66931e-05
10342: 9.66837e-05
10343: 9.66744e-05
10344: 9.66651e-05
10345: 9.66557e-05
10346: 9.66464e-05
10347: 9.6637e-05
10348: 9.66277e-05
10349: 9.66184e-05
10350: 9.6609e-05
10351: 9.65997e-05
10352: 9.65904e-05
10353: 9.6581e-05
10354: 9.65717e-05
10355: 9.65624e-05
10356: 9.65531e-05
10357: 9.65437e-05
10358: 9.65344e-05
10359: 9.65251e-05
10360: 9.65158e-05
10361: 9.65065e-05
10362: 9.64972e-05
10363: 9.64878e-05
10364: 9.64785e-05
10365: 9.64692e-05
10366: 9.64599e-05
10367: 9.64506e-05
10368: 9.64413e-05
10369: 9.6432e-05
10370: 9.64227e-05
10371: 9.64134e-05
10372: 9.64041e-05
10373: 9.63948e-05
10374: 9.63855e-05
10375: 9.63763e-05
10376: 9.6367e-05
10377: 9.63577e-05
10378: 9.63484e-05
10379: 9.63391e-05
10380: 9.63298e-05
10381: 9.63206e-05
10382: 9.63113e-05
10383: 9.6302e-05
10384: 9.62927e-05
10385: 9.62835e-05
10386: 9.62742e-05
10387: 9.62649e-05
10388: 9.62557e-05
10389: 9.62464e-05
10390: 9.62371e-05
10391: 9.62279e-05
10392: 9.62186e-05
10393: 9.62094e-05
10394: 9.62001e-05
10395: 9.61908e-05
10396: 9.61816e-05
10397: 9.61723e-05
10398: 9.61631e-05
10399: 9.61538e-05
10400: 9.61446e-05
10401: 9.61354e-05
10402: 9.61261e-05
10403: 9.61169e-05
10404: 9.61076e-05
10405: 9.60984e-05
10406: 9.60892e-05
10407: 9.60799e-05
10408: 9.60707e-05
10409: 9.60615e-05
10410: 9.60523e-05
10411: 9.6043e-05
10412: 9.60338e-05
10413: 9.60246e-05
10414: 9.60154e-05
10415: 9.60061e-05
10416: 9.59969e-05
10417: 9.59877e-05
10418: 9.59785e-05
10419: 9.59693e-05
10420: 9.59601e-05
10421: 9.59509e-05
10422: 9.59417e-05
10423: 9.59325e-05
10424: 9.59233e-05
10425: 9.59141e-05
10426: 9.59049e-05
10427: 9.58957e-05
10428: 9.58865e-05
10429: 9.58773e-05
10430: 9.58681e-05
10431: 9.58589e-05
10432: 9.58497e-05
10433: 9.58405e-05
10434: 9.58313e-05
10435: 9.58222e-05
10436: 9.5813e-05
10437: 9.58038e-05
10438: 9.57946e-05
10439: 9.57854e-05
10440: 9.57763e-05
10441: 9.57671e-05
10442: 9.57579e-05
10443: 9.57488e-05
10444: 9.57396e-05
10445: 9.57304e-05
10446: 9.57213e-05
10447: 9.57121e-05
10448: 9.57029e-05
10449: 9.56938e-05
10450: 9.56846e-05
10451: 9.56755e-05
10452: 9.56663e-05
10453: 9.56572e-05
10454: 9.5648e-05
10455: 9.56389e-05
10456: 9.56297e-05
10457: 9.56206e-05
10458: 9.56114e-05
10459: 9.56023e-05
10460: 9.55932e-05
10461: 9.5584e-05
10462: 9.55749e-05
10463: 9.55657e-05
10464: 9.55566e-05
10465: 9.55475e-05
10466: 9.55384e-05
10467: 9.55292e-05
10468: 9.55201e-05
10469: 9.5511e-05
10470: 9.55019e-05
10471: 9.54927e-05
10472: 9.54836e-05
10473: 9.54745e-05
10474: 9.54654e-05
10475: 9.54563e-05
10476: 9.54472e-05
10477: 9.54381e-05
10478: 9.5429e-05
10479: 9.54198e-05
10480: 9.54107e-05
10481: 9.54016e-05
10482: 9.53925e-05
10483: 9.53834e-05
10484: 9.53743e-05
10485: 9.53652e-05
10486: 9.53562e-05
10487: 9.53471e-05
10488: 9.5338e-05
10489: 9.53289e-05
10490: 9.53198e-05
10491: 9.53107e-05
10492: 9.53016e-05
10493: 9.52925e-05
10494: 9.52835e-05
10495: 9.52744e-05
10496: 9.52653e-05
10497: 9.52562e-05
10498: 9.52472e-05
10499: 9.52381e-05
10500: 9.5229e-05
10501: 9.522e-05
10502: 9.52109e-05
10503: 9.52018e-05
10504: 9.51928e-05
10505: 9.51837e-05
10506: 9.51746e-05
10507: 9.51656e-05
10508: 9.51565e-05
10509: 9.51475e-05
10510: 9.51384e-05
10511: 9.51294e-05
10512: 9.51203e-05
10513: 9.51113e-05
10514: 9.51022e-05
10515: 9.50932e-05
10516: 9.50841e-05
10517: 9.50751e-05
10518: 9.50661e-05
10519: 9.5057e-05
10520: 9.5048e-05
10521: 9.5039e-05
10522: 9.50299e-05
10523: 9.50209e-05
10524: 9.50119e-05
10525: 9.50029e-05
10526: 9.49938e-05
10527: 9.49848e-05
10528: 9.49758e-05
10529: 9.49668e-05
10530: 9.49577e-05
10531: 9.49487e-05
10532: 9.49397e-05
10533: 9.49307e-05
10534: 9.49217e-05
10535: 9.49127e-05
10536: 9.49037e-05
10537: 9.48947e-05
10538: 9.48857e-05
10539: 9.48767e-05
10540: 9.48677e-05
10541: 9.48587e-05
10542: 9.48497e-05
10543: 9.48407e-05
10544: 9.48317e-05
10545: 9.48227e-05
10546: 9.48137e-05
10547: 9.48047e-05
10548: 9.47957e-05
10549: 9.47867e-05
10550: 9.47777e-05
10551: 9.47688e-05
10552: 9.47598e-05
10553: 9.47508e-05
10554: 9.47418e-05
10555: 9.47329e-05
10556: 9.47239e-05
10557: 9.47149e-05
10558: 9.47059e-05
10559: 9.4697e-05
10560: 9.4688e-05
10561: 9.4679e-05
10562: 9.46701e-05
10563: 9.46611e-05
10564: 9.46522e-05
10565: 9.46432e-05
10566: 9.46342e-05
10567: 9.46253e-05
10568: 9.46163e-05
10569: 9.46074e-05
10570: 9.45984e-05
10571: 9.45895e-05
10572: 9.45805e-05
10573: 9.45716e-05
10574: 9.45626e-05
10575: 9.45537e-05
10576: 9.45448e-05
10577: 9.45358e-05
10578: 9.45269e-05
10579: 9.4518e-05
10580: 9.4509e-05
10581: 9.45001e-05
10582: 9.44912e-05
10583: 9.44822e-05
10584: 9.44733e-05
10585: 9.44644e-05
10586: 9.44555e-05
10587: 9.44465e-05
10588: 9.44376e-05
10589: 9.44287e-05
10590: 9.44198e-05
10591: 9.44109e-05
10592: 9.4402e-05
10593: 9.43931e-05
10594: 9.43841e-05
10595: 9.43752e-05
10596: 9.43663e-05
10597: 9.43574e-05
10598: 9.43485e-05
10599: 9.43396e-05
10600: 9.43307e-05
10601: 9.43218e-05
10602: 9.43129e-05
10603: 9.4304e-05
10604: 9.42951e-05
10605: 9.42863e-05
10606: 9.42774e-05
10607: 9.42685e-05
10608: 9.42596e-05
10609: 9.42507e-05
10610: 9.42418e-05
10611: 9.42329e-05
10612: 9.42241e-05
10613: 9.42152e-05
10614: 9.42063e-05
10615: 9.41974e-05
10616: 9.41886e-05
10617: 9.41797e-05
10618: 9.41708e-05
10619: 9.4162e-05
10620: 9.41531e-05
10621: 9.41442e-05
10622: 9.41354e-05
10623: 9.41265e-05
10624: 9.41176e-05
10625: 9.41088e-05
10626: 9.40999e-05
10627: 9.40911e-05
10628: 9.40822e-05
10629: 9.40734e-05
10630: 9.40645e-05
10631: 9.40557e-05
10632: 9.40468e-05
10633: 9.4038e-05
10634: 9.40291e-05
10635: 9.40203e-05
10636: 9.40115e-05
10637: 9.40026e-05
10638: 9.39938e-05
10639: 9.3985e-05
10640: 9.39761e-05
10641: 9.39673e-05
10642: 9.39585e-05
10643: 9.39496e-05
10644: 9.39408e-05
10645: 9.3932e-05
10646: 9.39232e-05
10647: 9.39144e-05
10648: 9.39055e-05
10649: 9.38967e-05
10650: 9.38879e-05
10651: 9.38791e-05
10652: 9.38703e-05
10653: 9.38615e-05
10654: 9.38527e-05
10655: 9.38438e-05
10656: 9.3835e-05
10657: 9.38262e-05
10658: 9.38174e-05
10659: 9.38086e-05
10660: 9.37998e-05
10661: 9.3791e-05
10662: 9.37822e-05
10663: 9.37734e-05
10664: 9.37647e-05
10665: 9.37559e-05
10666: 9.37471e-05
10667: 9.37383e-05
10668: 9.37295e-05
10669: 9.37207e-05
10670: 9.37119e-05
10671: 9.37031e-05
10672: 9.36944e-05
10673: 9.36856e-05
10674: 9.36768e-05
10675: 9.3668e-05
10676: 9.36593e-05
10677: 9.36505e-05
10678: 9.36417e-05
10679: 9.3633e-05
10680: 9.36242e-05
10681: 9.36154e-05
10682: 9.36067e-05
10683: 9.35979e-05
10684: 9.35891e-05
10685: 9.35804e-05
10686: 9.35716e-05
10687: 9.35629e-05
10688: 9.35541e-05
10689: 9.35454e-05
10690: 9.35366e-05
10691: 9.35279e-05
10692: 9.35191e-05
10693: 9.35104e-05
10694: 9.35016e-05
10695: 9.34929e-05
10696: 9.34842e-05
10697: 9.34754e-05
10698: 9.34667e-05
10699: 9.34579e-05
10700: 9.34492e-05
10701: 9.34405e-05
10702: 9.34317e-05
10703: 9.3423e-05
10704: 9.34143e-05
10705: 9.34056e-05
10706: 9.33968e-05
10707: 9.33881e-05
10708: 9.33794e-05
10709: 9.33707e-05
10710: 9.3362e-05
10711: 9.33532e-05
10712: 9.33445e-05
10713: 9.33358e-05
10714: 9.33271e-05
10715: 9.33184e-05
10716: 9.33097e-05
10717: 9.3301e-05
10718: 9.32923e-05
10719: 9.32836e-05
10720: 9.32749e-05
10721: 9.32662e-05
10722: 9.32575e-05
10723: 9.32488e-05
10724: 9.32401e-05
10725: 9.32314e-05
10726: 9.32227e-05
10727: 9.3214e-05
10728: 9.32053e-05
10729: 9.31966e-05
10730: 9.3188e-05
10731: 9.31793e-05
10732: 9.31706e-05
10733: 9.31619e-05
10734: 9.31532e-05
10735: 9.31446e-05
10736: 9.31359e-05
10737: 9.31272e-05
10738: 9.31185e-05
10739: 9.31099e-05
10740: 9.31012e-05
10741: 9.30925e-05
10742: 9.30839e-05
10743: 9.30752e-05
10744: 9.30665e-05
10745: 9.30579e-05
10746: 9.30492e-05
10747: 9.30406e-05
10748: 9.30319e-05
10749: 9.30233e-05
10750: 9.30146e-05
10751: 9.3006e-05
10752: 9.29973e-05
10753: 9.29887e-05
10754: 9.298e-05
10755: 9.29714e-05
10756: 9.29627e-05
10757: 9.29541e-05
10758: 9.29454e-05
10759: 9.29368e-05
10760: 9.29282e-05
10761: 9.29195e-05
10762: 9.29109e-05
10763: 9.29023e-05
10764: 9.28936e-05
10765: 9.2885e-05
10766: 9.28764e-05
10767: 9.28678e-05
10768: 9.28591e-05
10769: 9.28505e-05
10770: 9.28419e-05
10771: 9.28333e-05
10772: 9.28247e-05
10773: 9.2816e-05
10774: 9.28074e-05
10775: 9.27988e-05
10776: 9.27902e-05
10777: 9.27816e-05
10778: 9.2773e-05
10779: 9.27644e-05
10780: 9.27558e-05
10781: 9.27472e-05
10782: 9.27386e-05
10783: 9.273e-05
10784: 9.27214e-05
10785: 9.27128e-05
10786: 9.27042e-05
10787: 9.26956e-05
10788: 9.2687e-05
10789: 9.26784e-05
10790: 9.26698e-05
10791: 9.26612e-05
10792: 9.26526e-05
10793: 9.26441e-05
10794: 9.26355e-05
10795: 9.26269e-05
10796: 9.26183e-05
10797: 9.26097e-05
10798: 9.26012e-05
10799: 9.25926e-05
10800: 9.2584e-05
10801: 9.25754e-05
10802: 9.25669e-05
10803: 9.25583e-05
10804: 9.25497e-05
10805: 9.25412e-05
10806: 9.25326e-05
10807: 9.25241e-05
10808: 9.25155e-05
10809: 9.25069e-05
10810: 9.24984e-05
10811: 9.24898e-05
10812: 9.24813e-05
10813: 9.24727e-05
10814: 9.24642e-05
10815: 9.24556e-05
10816: 9.24471e-05
10817: 9.24385e-05
10818: 9.243e-05
10819: 9.24214e-05
10820: 9.24129e-05
10821: 9.24044e-05
10822: 9.23958e-05
10823: 9.23873e-05
10824: 9.23788e-05
10825: 9.23702e-05
10826: 9.23617e-05
10827: 9.23532e-05
10828: 9.23446e-05
10829: 9.23361e-05
10830: 9.23276e-05
10831: 9.23191e-05
10832: 9.23105e-05
10833: 9.2302e-05
10834: 9.22935e-05
10835: 9.2285e-05
10836: 9.22765e-05
10837: 9.22679e-05
10838: 9.22594e-05
10839: 9.22509e-05
10840: 9.22424e-05
10841: 9.22339e-05
10842: 9.22254e-05
10843: 9.22169e-05
10844: 9.22084e-05
10845: 9.21999e-05
10846: 9.21914e-05
10847: 9.21829e-05
10848: 9.21744e-05
10849: 9.21659e-05
10850: 9.21574e-05
10851: 9.21489e-05
10852: 9.21404e-05
10853: 9.21319e-05
10854: 9.21234e-05
10855: 9.2115e-05
10856: 9.21065e-05
10857: 9.2098e-05
10858: 9.20895e-05
10859: 9.2081e-05
10860: 9.20726e-05
10861: 9.20641e-05
10862: 9.20556e-05
10863: 9.20471e-05
10864: 9.20387e-05
10865: 9.20302e-05
10866: 9.20217e-05
10867: 9.20132e-05
10868: 9.20048e-05
10869: 9.19963e-05
10870: 9.19879e-05
10871: 9.19794e-05
10872: 9.19709e-05
10873: 9.19625e-05
10874: 9.1954e-05
10875: 9.19456e-05
10876: 9.19371e-05
10877: 9.19287e-05
10878: 9.19202e-05
10879: 9.19118e-05
10880: 9.19033e-05
10881: 9.18949e-05
10882: 9.18864e-05
10883: 9.1878e-05
10884: 9.18695e-05
10885: 9.18611e-05
10886: 9.18527e-05
10887: 9.18442e-05
10888: 9.18358e-05
10889: 9.18274e-05
10890: 9.18189e-05
10891: 9.18105e-05
10892: 9.18021e-05
10893: 9.17936e-05
10894: 9.17852e-05
10895: 9.17768e-05
10896: 9.17684e-05
10897: 9.176e-05
10898: 9.17515e-05
10899: 9.17431e-05
10900: 9.17347e-05
10901: 9.17263e-05
10902: 9.17179e-05
10903: 9.17095e-05
10904: 9.17011e-05
10905: 9.16926e-05
10906: 9.16842e-05
10907: 9.16758e-05
10908: 9.16674e-05
10909: 9.1659e-05
10910: 9.16506e-05
10911: 9.16422e-05
10912: 9.16338e-05
10913: 9.16254e-05
10914: 9.1617e-05
10915: 9.16086e-05
10916: 9.16003e-05
10917: 9.15919e-05
10918: 9.15835e-05
10919: 9.15751e-05
10920: 9.15667e-05
10921: 9.15583e-05
10922: 9.15499e-05
10923: 9.15416e-05
10924: 9.15332e-05
10925: 9.15248e-05
10926: 9.15164e-05
10927: 9.15081e-05
10928: 9.14997e-05
10929: 9.14913e-05
10930: 9.14829e-05
10931: 9.14746e-05
10932: 9.14662e-05
10933: 9.14578e-05
10934: 9.14495e-05
10935: 9.14411e-05
10936: 9.14328e-05
10937: 9.14244e-05
10938: 9.1416e-05
10939: 9.14077e-05
10940: 9.13993e-05
10941: 9.1391e-05
10942: 9.13826e-05
10943: 9.13743e-05
10944: 9.13659e-05
10945: 9.13576e-05
10946: 9.13492e-05
10947: 9.13409e-05
10948: 9.13325e-05
10949: 9.13242e-05
10950: 9.13159e-05
10951: 9.13075e-05
10952: 9.12992e-05
10953: 9.12909e-05
10954: 9.12825e-05
10955: 9.12742e-05
10956: 9.12659e-05
10957: 9.12575e-05
10958: 9.12492e-05
10959: 9.12409e-05
10960: 9.12326e-05
10961: 9.12242e-05
10962: 9.12159e-05
10963: 9.12076e-05
10964: 9.11993e-05
10965: 9.1191e-05
10966: 9.11826e-05
10967: 9.11743e-05
10968: 9.1166e-05
10969: 9.11577e-05
10970: 9.11494e-05
10971: 9.11411e-05
10972: 9.11328e-05
10973: 9.11245e-05
10974: 9.11162e-05
10975: 9.11079e-05
10976: 9.10996e-05
10977: 9.10913e-05
10978: 9.1083e-05
10979: 9.10747e-05
10980: 9.10664e-05
10981: 9.10581e-05
10982: 9.10498e-05
10983: 9.10415e-05
10984: 9.10332e-05
10985: 9.10249e-05
10986: 9.10167e-05
10987: 9.10084e-05
10988: 9.10001e-05
10989: 9.09918e-05
10990: 9.09835e-05
10991: 9.09753e-05
10992: 9.0967e-05
10993: 9.09587e-05
10994: 9.09504e-05
10995: 9.09422e-05
10996: 9.09339e-05
10997: 9.09256e-05
10998: 9.09174e-05
10999: 9.09091e-05
11000: 9.09008e-05
11001: 9.08926e-05
11002: 9.08843e-05
11003: 9.0876e-05
11004: 9.08678e-05
11005: 9.08595e-05
11006: 9.08513e-05
11007: 9.0843e-05
11008: 9.08348e-05
11009: 9.08265e-05
11010: 9.08183e-05
11011: 9.081e-05
11012: 9.08018e-05
11013: 9.07935e-05
11014: 9.07853e-05
11015: 9.07771e-05
11016: 9.07688e-05
11017: 9.07606e-05
11018: 9.07523e-05
11019: 9.07441e-05
11020: 9.07359e-05
11021: 9.07276e-05
11022: 9.07194e-05
11023: 9.07112e-05
11024: 9.07029e-05
11025: 9.06947e-05
11026: 9.06865e-05
11027: 9.06783e-05
11028: 9.06701e-05
11029: 9.06618e-05
11030: 9.06536e-05
11031: 9.06454e-05
11032: 9.06372e-05
11033: 9.0629e-05
11034: 9.06208e-05
11035: 9.06125e-05
11036: 9.06043e-05
11037: 9.05961e-05
11038: 9.05879e-05
11039: 9.05797e-05
11040: 9.05715e-05
11041: 9.05633e-05
11042: 9.05551e-05
11043: 9.05469e-05
11044: 9.05387e-05
11045: 9.05305e-05
11046: 9.05223e-05
11047: 9.05141e-05
11048: 9.05059e-05
11049: 9.04977e-05
11050: 9.04895e-05
11051: 9.04814e-05
11052: 9.04732e-05
11053: 9.0465e-05
11054: 9.04568e-05
11055: 9.04486e-05
11056: 9.04404e-05
11057: 9.04323e-05
11058: 9.04241e-05
11059: 9.04159e-05
11060: 9.04077e-05
11061: 9.03996e-05
11062: 9.03914e-05
11063: 9.03832e-05
11064: 9.03751e-05
11065: 9.03669e-05
11066: 9.03587e-05
11067: 9.03506e-05
11068: 9.03424e-05
11069: 9.03342e-05
11070: 9.03261e-05
11071: 9.03179e-05
11072: 9.03098e-05
11073: 9.03016e-05
11074: 9.02935e-05
11075: 9.02853e-05
11076: 9.02772e-05
11077: 9.0269e-05
11078: 9.02609e-05
11079: 9.02527e-05
11080: 9.02446e-05
11081: 9.02364e-05
11082: 9.02283e-05
11083: 9.02201e-05
11084: 9.0212e-05
11085: 9.02039e-05
11086: 9.01957e-05
11087: 9.01876e-05
11088: 9.01795e-05
11089: 9.01713e-05
11090: 9.01632e-05
11091: 9.01551e-05
11092: 9.01469e-05
11093: 9.01388e-05
11094: 9.01307e-05
11095: 9.01226e-05
11096: 9.01144e-05
11097: 9.01063e-05
11098: 9.00982e-05
11099: 9.00901e-05
11100: 9.0082e-05
11101: 9.00739e-05
11102: 9.00657e-05
11103: 9.00576e-05
11104: 9.00495e-05
11105: 9.00414e-05
11106: 9.00333e-05
11107: 9.00252e-05
11108: 9.00171e-05
11109: 9.0009e-05
11110: 9.00009e-05
11111: 8.99928e-05
11112: 8.99847e-05
11113: 8.99766e-05
11114: 8.99685e-05
11115: 8.99604e-05
11116: 8.99523e-05
11117: 8.99442e-05
11118: 8.99361e-05
11119: 8.99281e-05
11120: 8.992e-05
11121: 8.99119e-05
11122: 8.99038e-05
11123: 8.98957e-05
11124: 8.98876e-05
11125: 8.98796e-05
11126: 8.98715e-05
11127: 8.98634e-05
11128: 8.98553e-05
11129: 8.98473e-05
11130: 8.98392e-05
11131: 8.98311e-05
11132: 8.9823e-05
11133: 8.9815e-05
11134: 8.98069e-05
11135: 8.97989e-05
11136: 8.97908e-05
11137: 8.97827e-05
11138: 8.97747e-05
11139: 8.97666e-05
11140: 8.97585e-05
11141: 8.97505e-05
11142: 8.97424e-05
11143: 8.97344e-05
11144: 8.97263e-05
11145: 8.97183e-05
11146: 8.97102e-05
11147: 8.97022e-05
11148: 8.96941e-05
11149: 8.96861e-05
11150: 8.96781e-05
11151: 8.967e-05
11152: 8.9662e-05
11153: 8.96539e-05
11154: 8.96459e-05
11155: 8.96379e-05
11156: 8.96298e-05
11157: 8.96218e-05
11158: 8.96138e-05
11159: 8.96057e-05
11160: 8.95977e-05
11161: 8.95897e-05
11162: 8.95817e-05
11163: 8.95736e-05
11164: 8.95656e-05
11165: 8.95576e-05
11166: 8.95496e-05
11167: 8.95415e-05
11168: 8.95335e-05
11169: 8.95255e-05
11170: 8.95175e-05
11171: 8.95095e-05
11172: 8.95015e-05
11173: 8.94935e-05
11174: 8.94855e-05
11175: 8.94775e-05
11176: 8.94694e-05
11177: 8.94614e-05
11178: 8.94534e-05
11179: 8.94454e-05
11180: 8.94374e-05
11181: 8.94294e-05
11182: 8.94214e-05
11183: 8.94134e-05
11184: 8.94055e-05
11185: 8.93975e-05
11186: 8.93895e-05
11187: 8.93815e-05
11188: 8.93735e-05
11189: 8.93655e-05
11190: 8.93575e-05
11191: 8.93495e-05
11192: 8.93416e-05
11193: 8.93336e-05
11194: 8.93256e-05
11195: 8.93176e-05
11196: 8.93096e-05
11197: 8.93017e-05
11198: 8.92937e-05
11199: 8.92857e-05
11200: 8.92777e-05
11201: 8.92698e-05
11202: 8.92618e-05
11203: 8.92538e-05
11204: 8.92459e-05
11205: 8.92379e-05
11206: 8.92299e-05
11207: 8.9222e-05
11208: 8.9214e-05
11209: 8.92061e-05
11210: 8.91981e-05
11211: 8.91902e-05
11212: 8.91822e-05
11213: 8.91742e-05
11214: 8.91663e-05
11215: 8.91583e-05
11216: 8.91504e-05
11217: 8.91424e-05
11218: 8.91345e-05
11219: 8.91266e-05
11220: 8.91186e-05
11221: 8.91107e-05
11222: 8.91027e-05
11223: 8.90948e-05
11224: 8.90869e-05
11225: 8.90789e-05
11226: 8.9071e-05
11227: 8.90631e-05
11228: 8.90551e-05
11229: 8.90472e-05
11230: 8.90393e-05
11231: 8.90313e-05
11232: 8.90234e-05
11233: 8.90155e-05
11234: 8.90076e-05
11235: 8.89996e-05
11236: 8.89917e-05
11237: 8.89838e-05
11238: 8.89759e-05
11239: 8.8968e-05
11240: 8.89601e-05
11241: 8.89521e-05
11242: 8.89442e-05
11243: 8.89363e-05
11244: 8.89284e-05
11245: 8.89205e-05
11246: 8.89126e-05
11247: 8.89047e-05
11248: 8.88968e-05
11249: 8.88889e-05
11250: 8.8881e-05
11251: 8.88731e-05
11252: 8.88652e-05
11253: 8.88573e-05
11254: 8.88494e-05
11255: 8.88415e-05
11256: 8.88336e-05
11257: 8.88257e-05
11258: 8.88178e-05
11259: 8.88099e-05
11260: 8.88021e-05
11261: 8.87942e-05
11262: 8.87863e-05
11263: 8.87784e-05
11264: 8.87705e-05
11265: 8.87626e-05
11266: 8.87548e-05
11267: 8.87469e-05
11268: 8.8739e-05
11269: 8.87311e-05
11270: 8.87233e-05
11271: 8.87154e-05
11272: 8.87075e-05
11273: 8.86997e-05
11274: 8.86918e-05
11275: 8.86839e-05
11276: 8.86761e-05
11277: 8.86682e-05
11278: 8.86603e-05
11279: 8.86525e-05
11280: 8.86446e-05
11281: 8.86368e-05
11282: 8.86289e-05
11283: 8.86211e-05
11284: 8.86132e-05
11285: 8.86054e-05
11286: 8.85975e-05
11287: 8.85897e-05
11288: 8.85818e-05
11289: 8.8574e-05
11290: 8.85661e-05
11291: 8.85583e-05
11292: 8.85504e-05
11293: 8.85426e-05
11294: 8.85347e-05
11295: 8.85269e-05
11296: 8.85191e-05
11297: 8.85112e-05
11298: 8.85034e-05
11299: 8.84956e-05
11300: 8.84877e-05
11301: 8.84799e-05
11302: 8.84721e-05
11303: 8.84643e-05
11304: 8.84564e-05
11305: 8.84486e-05
11306: 8.84408e-05
11307: 8.8433e-05
11308: 8.84251e-05
11309: 8.84173e-05
11310: 8.84095e-05
11311: 8.84017e-05
11312: 8.83939e-05
11313: 8.83861e-05
11314: 8.83783e-05
11315: 8.83704e-05
11316: 8.83626e-05
11317: 8.83548e-05
11318: 8.8347e-05
11319: 8.83392e-05
11320: 8.83314e-05
11321: 8.83236e-05
11322: 8.83158e-05
11323: 8.8308e-05
11324: 8.83002e-05
11325: 8.82924e-05
11326: 8.82846e-05
11327: 8.82768e-05
11328: 8.8269e-05
11329: 8.82613e-05
11330: 8.82535e-05
11331: 8.82457e-05
11332: 8.82379e-05
11333: 8.82301e-05
11334: 8.82223e-05
11335: 8.82145e-05
11336: 8.82068e-05
11337: 8.8199e-05
11338: 8.81912e-05
11339: 8.81834e-05
11340: 8.81756e-05
11341: 8.81679e-05
11342: 8.81601e-05
11343: 8.81523e-05
11344: 8.81446e-05
11345: 8.81368e-05
11346: 8.8129e-05
11347: 8.81213e-05
11348: 8.81135e-05
11349: 8.81057e-05
11350: 8.8098e-05
11351: 8.80902e-05
11352: 8.80824e-05
11353: 8.80747e-05
11354: 8.80669e-05
11355: 8.80592e-05
11356: 8.80514e-05
11357: 8.80437e-05
11358: 8.80359e-05
11359: 8.80282e-05
11360: 8.80204e-05
11361: 8.80127e-05
11362: 8.80049e-05
11363: 8.79972e-05
11364: 8.79894e-05
11365: 8.79817e-05
11366: 8.7974e-05
11367: 8.79662e-05
11368: 8.79585e-05
11369: 8.79507e-05
11370: 8.7943e-05
11371: 8.79353e-05
11372: 8.79275e-05
11373: 8.79198e-05
11374: 8.79121e-05
11375: 8.79044e-05
11376: 8.78966e-05
11377: 8.78889e-05
11378: 8.78812e-05
11379: 8.78735e-05
11380: 8.78657e-05
11381: 8.7858e-05
11382: 8.78503e-05
11383: 8.78426e-05
11384: 8.78349e-05
11385: 8.78272e-05
11386: 8.78194e-05
11387: 8.78117e-05
11388: 8.7804e-05
11389: 8.77963e-05
11390: 8.77886e-05
11391: 8.77809e-05
11392: 8.77732e-05
11393: 8.77655e-05
11394: 8.77578e-05
11395: 8.77501e-05
11396: 8.77424e-05
11397: 8.77347e-05
11398: 8.7727e-05
11399: 8.77193e-05
11400: 8.77116e-05
11401: 8.77039e-05
11402: 8.76962e-05
11403: 8.76885e-05
11404: 8.76808e-05
11405: 8.76732e-05
11406: 8.76655e-05
11407: 8.76578e-05
11408: 8.76501e-05
11409: 8.76424e-05
11410: 8.76347e-05
11411: 8.76271e-05
11412: 8.76194e-05
11413: 8.76117e-05
11414: 8.7604e-05
11415: 8.75964e-05
11416: 8.75887e-05
11417: 8.7581e-05
11418: 8.75733e-05
11419: 8.75657e-05
11420: 8.7558e-05
11421: 8.75503e-05
11422: 8.75427e-05
11423: 8.7535e-05
11424: 8.75274e-05
11425: 8.75197e-05
11426: 8.7512e-05
11427: 8.75044e-05
11428: 8.74967e-05
11429: 8.74891e-05
11430: 8.74814e-05
11431: 8.74738e-05
11432: 8.74661e-05
11433: 8.74585e-05
11434: 8.74508e-05
11435: 8.74432e-05
11436: 8.74355e-05
11437: 8.74279e-05
11438: 8.74202e-05
11439: 8.74126e-05
11440: 8.74049e-05
11441: 8.73973e-05
11442: 8.73897e-05
11443: 8.7382e-05
11444: 8.73744e-05
11445: 8.73668e-05
11446: 8.73591e-05
11447: 8.73515e-05
11448: 8.73439e-05
11449: 8.73362e-05
11450: 8.73286e-05
11451: 8.7321e-05
11452: 8.73134e-05
11453: 8.73057e-05
11454: 8.72981e-05
11455: 8.72905e-05
11456: 8.72829e-05
11457: 8.72753e-05
11458: 8.72676e-05
11459: 8.726e-05
11460: 8.72524e-05
11461: 8.72448e-05
11462: 8.72372e-05
11463: 8.72296e-05
11464: 8.7222e-05
11465: 8.72144e-05
11466: 8.72068e-05
11467: 8.71992e-05
11468: 8.71916e-05
11469: 8.7184e-05
11470: 8.71764e-05
11471: 8.71688e-05
11472: 8.71612e-05
11473: 8.71536e-05
11474: 8.7146e-05
11475: 8.71384e-05
11476: 8.71308e-05
11477: 8.71232e-05
11478: 8.71156e-05
11479: 8.7108e-05
11480: 8.71004e-05
11481: 8.70928e-05
11482: 8.70853e-05
11483: 8.70777e-05
11484: 8.70701e-05
11485: 8.70625e-05
11486: 8.70549e-05
11487: 8.70474e-05
11488: 8.70398e-05
11489: 8.70322e-05
11490: 8.70246e-05
11491: 8.70171e-05
11492: 8.70095e-05
11493: 8.70019e-05
11494: 8.69943e-05
11495: 8.69868e-05
11496: 8.69792e-05
11497: 8.69716e-05
11498: 8.69641e-05
11499: 8.69565e-05
11500: 8.6949e-05
11501: 8.69414e-05
11502: 8.69338e-05
11503: 8.69263e-05
11504: 8.69187e-05
11505: 8.69112e-05
11506: 8.69036e-05
11507: 8.68961e-05
11508: 8.68885e-05
11509: 8.6881e-05
11510: 8.68734e-05
11511: 8.68659e-05
11512: 8.68583e-05
11513: 8.68508e-05
11514: 8.68432e-05
11515: 8.68357e-05
11516: 8.68282e-05
11517: 8.68206e-05
11518: 8.68131e-05
11519: 8.68056e-05
11520: 8.6798e-05
11521: 8.67905e-05
11522: 8.6783e-05
11523: 8.67754e-05
11524: 8.67679e-05
11525: 8.67604e-05
11526: 8.67528e-05
11527: 8.67453e-05
11528: 8.67378e-05
11529: 8.67303e-05
11530: 8.67227e-05
11531: 8.67152e-05
11532: 8.67077e-05
11533: 8.67002e-05
11534: 8.66927e-05
11535: 8.66852e-05
11536: 8.66776e-05
11537: 8.66701e-05
11538: 8.66626e-05
11539: 8.66551e-05
11540: 8.66476e-05
11541: 8.66401e-05
11542: 8.66326e-05
11543: 8.66251e-05
11544: 8.66176e-05
11545: 8.66101e-05
11546: 8.66026e-05
11547: 8.65951e-05
11548: 8.65876e-05
11549: 8.65801e-05
11550: 8.65726e-05
11551: 8.65651e-05
11552: 8.65576e-05
11553: 8.65501e-05
11554: 8.65426e-05
11555: 8.65351e-05
11556: 8.65276e-05
11557: 8.65202e-05
11558: 8.65127e-05
11559: 8.65052e-05
11560: 8.64977e-05
11561: 8.64902e-05
11562: 8.64827e-05
11563: 8.64753e-05
11564: 8.64678e-05
11565: 8.64603e-05
11566: 8.64528e-05
11567: 8.64454e-05
11568: 8.64379e-05
11569: 8.64304e-05
11570: 8.6423e-05
11571: 8.64155e-05
11572: 8.6408e-05
11573: 8.64006e-05
11574: 8.63931e-05
11575: 8.63856e-05
11576: 8.63782e-05
11577: 8.63707e-05
11578: 8.63632e-05
11579: 8.63558e-05
11580: 8.63483e-05
11581: 8.63409e-05
11582: 8.63334e-05
11583: 8.6326e-05
11584: 8.63185e-05
11585: 8.63111e-05
11586: 8.63036e-05
11587: 8.62962e-05
11588: 8.62887e-05
11589: 8.62813e-05
11590: 8.62738e-05
11591: 8.62664e-05
11592: 8.62589e-05
11593: 8.62515e-05
11594: 8.62441e-05
11595: 8.62366e-05
11596: 8.62292e-05
11597: 8.62218e-05
11598: 8.62143e-05
11599: 8.62069e-05
11600: 8.61995e-05
11601: 8.6192e-05
11602: 8.61846e-05
11603: 8.61772e-05
11604: 8.61698e-05
11605: 8.61623e-05
11606: 8.61549e-05
11607: 8.61475e-05
11608: 8.61401e-05
11609: 8.61326e-05
11610: 8.61252e-05
11611: 8.61178e-05
11612: 8.61104e-05
11613: 8.6103e-05
11614: 8.60956e-05
11615: 8.60882e-05
11616: 8.60807e-05
11617: 8.60733e-05
11618: 8.60659e-05
11619: 8.60585e-05
11620: 8.60511e-05
11621: 8.60437e-05
11622: 8.60363e-05
11623: 8.60289e-05
11624: 8.60215e-05
11625: 8.60141e-05
11626: 8.60067e-05
11627: 8.59993e-05
11628: 8.59919e-05
11629: 8.59845e-05
11630: 8.59771e-05
11631: 8.59697e-05
11632: 8.59623e-05
11633: 8.5955e-05
11634: 8.59476e-05
11635: 8.59402e-05
11636: 8.59328e-05
11637: 8.59254e-05
11638: 8.5918e-05
11639: 8.59107e-05
11640: 8.59033e-05
11641: 8.58959e-05
11642: 8.58885e-05
11643: 8.58811e-05
11644: 8.58738e-05
11645: 8.58664e-05
11646: 8.5859e-05
11647: 8.58516e-05
11648: 8.58443e-05
11649: 8.58369e-05
11650: 8.58295e-05
11651: 8.58222e-05
11652: 8.58148e-05
11653: 8.58074e-05
11654: 8.58001e-05
11655: 8.57927e-05
11656: 8.57854e-05
11657: 8.5778e-05
11658: 8.57706e-05
11659: 8.57633e-05
11660: 8.57559e-05
11661: 8.57486e-05
11662: 8.57412e-05
11663: 8.57339e-05
11664: 8.57265e-05
11665: 8.57192e-05
11666: 8.57118e-05
11667: 8.57045e-05
11668: 8.56971e-05
11669: 8.56898e-05
11670: 8.56825e-05
11671: 8.56751e-05
11672: 8.56678e-05
11673: 8.56604e-05
11674: 8.56531e-05
11675: 8.56458e-05
11676: 8.56384e-05
11677: 8.56311e-05
11678: 8.56238e-05
11679: 8.56164e-05
11680: 8.56091e-05
11681: 8.56018e-05
11682: 8.55945e-05
11683: 8.55871e-05
11684: 8.55798e-05
11685: 8.55725e-05
11686: 8.55652e-05
11687: 8.55578e-05
11688: 8.55505e-05
11689: 8.55432e-05
11690: 8.55359e-05
11691: 8.55286e-05
11692: 8.55213e-05
11693: 8.55139e-05
11694: 8.55066e-05
11695: 8.54993e-05
11696: 8.5492e-05
11697: 8.54847e-05
11698: 8.54774e-05
11699: 8.54701e-05
11700: 8.54628e-05
11701: 8.54555e-05
11702: 8.54482e-05
11703: 8.54409e-05
11704: 8.54336e-05
11705: 8.54263e-05
11706: 8.5419e-05
11707: 8.54117e-05
11708: 8.54044e-05
11709: 8.53971e-05
11710: 8.53898e-05
11711: 8.53825e-05
11712: 8.53752e-05
11713: 8.53679e-05
11714: 8.53606e-05
11715: 8.53534e-05
11716: 8.53461e-05
11717: 8.53388e-05
11718: 8.53315e-05
11719: 8.53242e-05
11720: 8.5317e-05
11721: 8.53097e-05
11722: 8.53024e-05
11723: 8.52951e-05
11724: 8.52878e-05
11725: 8.52806e-05
11726: 8.52733e-05
11727: 8.5266e-05
11728: 8.52588e-05
11729: 8.52515e-05
11730: 8.52442e-05
11731: 8.5237e-05
11732: 8.52297e-05
11733: 8.52224e-05
11734: 8.52152e-05
11735: 8.52079e-05
11736: 8.52006e-05
11737: 8.51934e-05
11738: 8.51861e-05
11739: 8.51789e-05
11740: 8.51716e-05
11741: 8.51644e-05
11742: 8.51571e-05
11743: 8.51499e-05
11744: 8.51426e-05
11745: 8.51354e-05
11746: 8.51281e-05
11747: 8.51209e-05
11748: 8.51136e-05
11749: 8.51064e-05
11750: 8.50991e-05
11751: 8.50919e-05
11752: 8.50847e-05
11753: 8.50774e-05
11754: 8.50702e-05
11755: 8.50629e-05
11756: 8.50557e-05
11757: 8.50485e-05
11758: 8.50412e-05
11759: 8.5034e-05
11760: 8.50268e-05
11761: 8.50196e-05
11762: 8.50123e-05
11763: 8.50051e-05
11764: 8.49979e-05
11765: 8.49907e-05
11766: 8.49834e-05
11767: 8.49762e-05
11768: 8.4969e-05
11769: 8.49618e-05
11770: 8.49545e-05
11771: 8.49473e-05
11772: 8.49401e-05
11773: 8.49329e-05
11774: 8.49257e-05
11775: 8.49185e-05
11776: 8.49113e-05
11777: 8.49041e-05
11778: 8.48969e-05
11779: 8.48896e-05
11780: 8.48824e-05
11781: 8.48752e-05
11782: 8.4868e-05
11783: 8.48608e-05
11784: 8.48536e-05
11785: 8.48464e-05
11786: 8.48392e-05
11787: 8.4832e-05
11788: 8.48248e-05
11789: 8.48176e-05
11790: 8.48104e-05
11791: 8.48033e-05
11792: 8.47961e-05
11793: 8.47889e-05
11794: 8.47817e-05
11795: 8.47745e-05
11796: 8.47673e-05
11797: 8.47601e-05
11798: 8.47529e-05
11799: 8.47458e-05
11800: 8.47386e-05
11801: 8.47314e-05
11802: 8.47242e-05
11803: 8.4717e-05
11804: 8.47099e-05
11805: 8.47027e-05
11806: 8.46955e-05
11807: 8.46883e-05
11808: 8.46812e-05
11809: 8.4674e-05
11810: 8.46668e-05
11811: 8.46597e-05
11812: 8.46525e-05
11813: 8.46453e-05
11814: 8.46382e-05
11815: 8.4631e-05
11816: 8.46238e-05
11817: 8.46167e-05
11818: 8.46095e-05
11819: 8.46024e-05
11820: 8.45952e-05
11821: 8.45881e-05
11822: 8.45809e-05
11823: 8.45737e-05
11824: 8.45666e-05
11825: 8.45594e-05
11826: 8.45523e-05
11827: 8.45451e-05
11828: 8.4538e-05
11829: 8.45309e-05
11830: 8.45237e-05
11831: 8.45166e-05
11832: 8.45094e-05
11833: 8.45023e-05
11834: 8.44951e-05
11835: 8.4488e-05
11836: 8.44809e-05
11837: 8.44737e-05
11838: 8.44666e-05
11839: 8.44595e-05
11840: 8.44523e-05
11841: 8.44452e-05
11842: 8.44381e-05
11843: 8.44309e-05
11844: 8.44238e-05
11845: 8.44167e-05
11846: 8.44096e-05
11847: 8.44024e-05
11848: 8.43953e-05
11849: 8.43882e-05
11850: 8.43811e-05
11851: 8.43739e-05
11852: 8.43668e-05
11853: 8.43597e-05
11854: 8.43526e-05
11855: 8.43455e-05
11856: 8.43384e-05
11857: 8.43313e-05
11858: 8.43241e-05
11859: 8.4317e-05
11860: 8.43099e-05
11861: 8.43028e-05
11862: 8.42957e-05
11863: 8.42886e-05
11864: 8.42815e-05
11865: 8.42744e-05
11866: 8.42673e-05
11867: 8.42602e-05
11868: 8.42531e-05
11869: 8.4246e-05
11870: 8.42389e-05
11871: 8.42318e-05
11872: 8.42247e-05
11873: 8.42176e-05
11874: 8.42105e-05
11875: 8.42034e-05
11876: 8.41963e-05
11877: 8.41893e-05
11878: 8.41822e-05
11879: 8.41751e-05
11880: 8.4168e-05
11881: 8.41609e-05
11882: 8.41538e-05
11883: 8.41468e-05
11884: 8.41397e-05
11885: 8.41326e-05
11886: 8.41255e-05
11887: 8.41184e-05
11888: 8.41114e-05
11889: 8.41043e-05
11890: 8.40972e-05
11891: 8.40901e-05
11892: 8.40831e-05
11893: 8.4076e-05
11894: 8.40689e-05
11895: 8.40619e-05
11896: 8.40548e-05
11897: 8.40477e-05
11898: 8.40407e-05
11899: 8.40336e-05
11900: 8.40266e-05
11901: 8.40195e-05
11902: 8.40124e-05
11903: 8.40054e-05
11904: 8.39983e-05
11905: 8.39913e-05
11906: 8.39842e-05
11907: 8.39772e-05
11908: 8.39701e-05
11909: 8.39631e-05
11910: 8.3956e-05
11911: 8.3949e-05
11912: 8.39419e-05
11913: 8.39349e-05
11914: 8.39278e-05
11915: 8.39208e-05
11916: 8.39137e-05
11917: 8.39067e-05
11918: 8.38997e-05
11919: 8.38926e-05
11920: 8.38856e-05
11921: 8.38785e-05
11922: 8.38715e-05
11923: 8.38645e-05
11924: 8.38574e-05
11925: 8.38504e-05
11926: 8.38434e-05
11927: 8.38364e-05
11928: 8.38293e-05
11929: 8.38223e-05
11930: 8.38153e-05
11931: 8.38082e-05
11932: 8.38012e-05
11933: 8.37942e-05
11934: 8.37872e-05
11935: 8.37802e-05
11936: 8.37731e-05
11937: 8.37661e-05
11938: 8.37591e-05
11939: 8.37521e-05
11940: 8.37451e-05
11941: 8.37381e-05
11942: 8.37311e-05
11943: 8.3724e-05
11944: 8.3717e-05
11945: 8.371e-05
11946: 8.3703e-05
11947: 8.3696e-05
11948: 8.3689e-05
11949: 8.3682e-05
11950: 8.3675e-05
11951: 8.3668e-05
11952: 8.3661e-05
11953: 8.3654e-05
11954: 8.3647e-05
11955: 8.364e-05
11956: 8.3633e-05
11957: 8.3626e-05
11958: 8.3619e-05
11959: 8.3612e-05
11960: 8.3605e-05
11961: 8.35981e-05
11962: 8.35911e-05
11963: 8.35841e-05
11964: 8.35771e-05
11965: 8.35701e-05
11966: 8.35631e-05
11967: 8.35561e-05
11968: 8.35492e-05
11969: 8.35422e-05
11970: 8.35352e-05
11971: 8.35282e-05
11972: 8.35213e-05
11973: 8.35143e-05
11974: 8.35073e-05
11975: 8.35003e-05
11976: 8.34934e-05
11977: 8.34864e-05
11978: 8.34794e-05
11979: 8.34725e-05
11980: 8.34655e-05
11981: 8.34585e-05
11982: 8.34516e-05
11983: 8.34446e-05
11984: 8.34376e-05
11985: 8.34307e-05
11986: 8.34237e-05
11987: 8.34168e-05
11988: 8.34098e-05
11989: 8.34028e-05
11990: 8.33959e-05
11991: 8.33889e-05
11992: 8.3382e-05
11993: 8.3375e-05
11994: 8.33681e-05
11995: 8.33611e-05
11996: 8.33542e-05
11997: 8.33472e-05
11998: 8.33403e-05
11999: 8.33333e-05
12000: 8.33264e-05
12001: 8.33194e-05
12002: 8.33125e-05
12003: 8.33056e-05
12004: 8.32986e-05
12005: 8.32917e-05
12006: 8.32848e-05
12007: 8.32778e-05
12008: 8.32709e-05
12009: 8.32639e-05
12010: 8.3257e-05
12011: 8.32501e-05
12012: 8.32432e-05
12013: 8.32362e-05
12014: 8.32293e-05
12015: 8.32224e-05
12016: 8.32154e-05
12017: 8.32085e-05
12018: 8.32016e-05
12019: 8.31947e-05
12020: 8.31878e-05
12021: 8.31808e-05
12022: 8.31739e-05
12023: 8.3167e-05
12024: 8.31601e-05
12025: 8.31532e-05
12026: 8.31463e-05
12027: 8.31393e-05
12028: 8.31324e-05
12029: 8.31255e-05
12030: 8.31186e-05
12031: 8.31117e-05
12032: 8.31048e-05
12033: 8.30979e-05
12034: 8.3091e-05
12035: 8.30841e-05
12036: 8.30772e-05
12037: 8.30703e-05
12038: 8.30634e-05
12039: 8.30565e-05
12040: 8.30496e-05
12041: 8.30427e-05
12042: 8.30358e-05
12043: 8.30289e-05
12044: 8.3022e-05
12045: 8.30151e-05
12046: 8.30082e-05
12047: 8.30013e-05
12048: 8.29944e-05
12049: 8.29876e-05
12050: 8.29807e-05
12051: 8.29738e-05
12052: 8.29669e-05
12053: 8.296e-05
12054: 8.29531e-05
12055: 8.29463e-05
12056: 8.29394e-05
12057: 8.29325e-05
12058: 8.29256e-05
12059: 8.29187e-05
12060: 8.29119e-05
12061: 8.2905e-05
12062: 8.28981e-05
12063: 8.28912e-05
12064: 8.28844e-05
12065: 8.28775e-05
12066: 8.28706e-05
12067: 8.28638e-05
12068: 8.28569e-05
12069: 8.285e-05
12070: 8.28432e-05
12071: 8.28363e-05
12072: 8.28295e-05
12073: 8.28226e-05
12074: 8.28157e-05
12075: 8.28089e-05
12076: 8.2802e-05
12077: 8.27952e-05
12078: 8.27883e-05
12079: 8.27815e-05
12080: 8.27746e-05
12081: 8.27678e-05
12082: 8.27609e-05
12083: 8.27541e-05
12084: 8.27472e-05
12085: 8.27404e-05
12086: 8.27335e-05
12087: 8.27267e-05
12088: 8.27198e-05
12089: 8.2713e-05
12090: 8.27061e-05
12091: 8.26993e-05
12092: 8.26925e-05
12093: 8.26856e-05
12094: 8.26788e-05
12095: 8.2672e-05
12096: 8.26651e-05
12097: 8.26583e-05
12098: 8.26515e-05
12099: 8.26446e-05
12100: 8.26378e-05
12101: 8.2631e-05
12102: 8.26241e-05
12103: 8.26173e-05
12104: 8.26105e-05
12105: 8.26037e-05
12106: 8.25968e-05
12107: 8.259e-05
12108: 8.25832e-05
12109: 8.25764e-05
12110: 8.25696e-05
12111: 8.25627e-05
12112: 8.25559e-05
12113: 8.25491e-05
12114: 8.25423e-05
12115: 8.25355e-05
12116: 8.25287e-05
12117: 8.25219e-05
12118: 8.25151e-05
12119: 8.25083e-05
12120: 8.25014e-05
12121: 8.24946e-05
12122: 8.24878e-05
12123: 8.2481e-05
12124: 8.24742e-05
12125: 8.24674e-05
12126: 8.24606e-05
12127: 8.24538e-05
12128: 8.2447e-05
12129: 8.24402e-05
12130: 8.24334e-05
12131: 8.24266e-05
12132: 8.24198e-05
12133: 8.24131e-05
12134: 8.24063e-05
12135: 8.23995e-05
12136: 8.23927e-05
12137: 8.23859e-05
12138: 8.23791e-05
12139: 8.23723e-05
12140: 8.23655e-05
12141: 8.23588e-05
12142: 8.2352e-05
12143: 8.23452e-05
12144: 8.23384e-05
12145: 8.23316e-05
12146: 8.23249e-05
12147: 8.23181e-05
12148: 8.23113e-05
12149: 8.23045e-05
12150: 8.22978e-05
12151: 8.2291e-05
12152: 8.22842e-05
12153: 8.22774e-05
12154: 8.22707e-05
12155: 8.22639e-05
12156: 8.22571e-05
12157: 8.22504e-05
12158: 8.22436e-05
12159: 8.22368e-05
12160: 8.22301e-05
12161: 8.22233e-05
12162: 8.22166e-05
12163: 8.22098e-05
12164: 8.2203e-05
12165: 8.21963e-05
12166: 8.21895e-05
12167: 8.21828e-05
12168: 8.2176e-05
12169: 8.21693e-05
12170: 8.21625e-05
12171: 8.21558e-05
12172: 8.2149e-05
12173: 8.21423e-05
12174: 8.21355e-05
12175: 8.21288e-05
12176: 8.2122e-05
12177: 8.21153e-05
12178: 8.21085e-05
12179: 8.21018e-05
12180: 8.20951e-05
12181: 8.20883e-05
12182: 8.20816e-05
12183: 8.20749e-05
12184: 8.20681e-05
12185: 8.20614e-05
12186: 8.20546e-05
12187: 8.20479e-05
12188: 8.20412e-05
12189: 8.20345e-05
12190: 8.20277e-05
12191: 8.2021e-05
12192: 8.20143e-05
12193: 8.20075e-05
12194: 8.20008e-05
12195: 8.19941e-05
12196: 8.19874e-05
12197: 8.19807e-05
12198: 8.19739e-05
12199: 8.19672e-05
12200: 8.19605e-05
12201: 8.19538e-05
12202: 8.19471e-05
12203: 8.19403e-05
12204: 8.19336e-05
12205: 8.19269e-05
12206: 8.19202e-05
12207: 8.19135e-05
12208: 8.19068e-05
12209: 8.19001e-05
12210: 8.18934e-05
12211: 8.18867e-05
12212: 8.188e-05
12213: 8.18733e-05
12214: 8.18666e-05
12215: 8.18599e-05
12216: 8.18532e-05
12217: 8.18465e-05
12218: 8.18398e-05
12219: 8.18331e-05
12220: 8.18264e-05
12221: 8.18197e-05
12222: 8.1813e-05
12223: 8.18063e-05
12224: 8.17996e-05
12225: 8.17929e-05
12226: 8.17862e-05
12227: 8.17795e-05
12228: 8.17728e-05
12229: 8.17661e-05
12230: 8.17595e-05
12231: 8.17528e-05
12232: 8.17461e-05
12233: 8.17394e-05
12234: 8.17327e-05
12235: 8.17261e-05
12236: 8.17194e-05
12237: 8.17127e-05
12238: 8.1706e-05
12239: 8.16993e-05
12240: 8.16927e-05
12241: 8.1686e-05
12242: 8.16793e-05
12243: 8.16727e-05
12244: 8.1666e-05
12245: 8.16593e-05
12246: 8.16526e-05
12247: 8.1646e-05
12248: 8.16393e-05
12249: 8.16327e-05
12250: 8.1626e-05
12251: 8.16193e-05
12252: 8.16127e-05
12253: 8.1606e-05
12254: 8.15993e-05
12255: 8.15927e-05
12256: 8.1586e-05
12257: 8.15794e-05
12258: 8.15727e-05
12259: 8.15661e-05
12260: 8.15594e-05
12261: 8.15528e-05
12262: 8.15461e-05
12263: 8.15395e-05
12264: 8.15328e-05
12265: 8.15262e-05
12266: 8.15195e-05
12267: 8.15129e-05
12268: 8.15062e-05
12269: 8.14996e-05
12270: 8.1493e-05
12271: 8.14863e-05
12272: 8.14797e-05
12273: 8.1473e-05
12274: 8.14664e-05
12275: 8.14598e-05
12276: 8.14531e-05
12277: 8.14465e-05
12278: 8.14399e-05
12279: 8.14332e-05
12280: 8.14266e-05
12281: 8.142e-05
12282: 8.14133e-05
12283: 8.14067e-05
12284: 8.14001e-05
12285: 8.13935e-05
12286: 8.13868e-05
12287: 8.13802e-05
12288: 8.13736e-05
12289: 8.1367e-05
12290: 8.13603e-05
12291: 8.13537e-05
12292: 8.13471e-05
12293: 8.13405e-05
12294: 8.13339e-05
12295: 8.13273e-05
12296: 8.13206e-05
12297: 8.1314e-05
12298: 8.13074e-05
12299: 8.13008e-05
12300: 8.12942e-05
12301: 8.12876e-05
12302: 8.1281e-05
12303: 8.12744e-05
12304: 8.12678e-05
12305: 8.12612e-05
12306: 8.12546e-05
12307: 8.1248e-05
12308: 8.12414e-05
12309: 8.12348e-05
12310: 8.12282e-05
12311: 8.12216e-05
12312: 8.1215e-05
12313: 8.12084e-05
12314: 8.12018e-05
12315: 8.11952e-05
12316: 8.11886e-05
12317: 8.1182e-05
12318: 8.11754e-05
12319: 8.11688e-05
12320: 8.11622e-05
12321: 8.11557e-05
12322: 8.11491e-05
12323: 8.11425e-05
12324: 8.11359e-05
12325: 8.11293e-05
12326: 8.11227e-05
12327: 8.11162e-05
12328: 8.11096e-05
12329: 8.1103e-05
12330: 8.10964e-05
12331: 8.10898e-05
12332: 8.10833e-05
12333: 8.10767e-05
12334: 8.10701e-05
12335: 8.10636e-05
12336: 8.1057e-05
12337: 8.10504e-05
12338: 8.10438e-05
12339: 8.10373e-05
12340: 8.10307e-05
12341: 8.10241e-05
12342: 8.10176e-05
12343: 8.1011e-05
12344: 8.10045e-05
12345: 8.09979e-05
12346: 8.09913e-05
12347: 8.09848e-05
12348: 8.09782e-05
12349: 8.09717e-05
12350: 8.09651e-05
12351: 8.09585e-05
12352: 8.0952e-05
12353: 8.09454e-05
12354: 8.09389e-05
12355: 8.09323e-05
12356: 8.09258e-05
12357: 8.09192e-05
12358: 8.09127e-05
12359: 8.09061e-05
12360: 8.08996e-05
12361: 8.08931e-05
12362: 8.08865e-05
12363: 8.088e-05
12364: 8.08734e-05
12365: 8.08669e-05
12366: 8.08604e-05
12367: 8.08538e-05
12368: 8.08473e-05
12369: 8.08407e-05
12370: 8.08342e-05
12371: 8.08277e-05
12372: 8.08211e-05
12373: 8.08146e-05
12374: 8.08081e-05
12375: 8.08016e-05
12376: 8.0795e-05
12377: 8.07885e-05
12378: 8.0782e-05
12379: 8.07754e-05
12380: 8.07689e-05
12381: 8.07624e-05
12382: 8.07559e-05
12383: 8.07494e-05
12384: 8.07428e-05
12385: 8.07363e-05
12386: 8.07298e-05
12387: 8.07233e-05
12388: 8.07168e-05
12389: 8.07103e-05
12390: 8.07037e-05
12391: 8.06972e-05
12392: 8.06907e-05
12393: 8.06842e-05
12394: 8.06777e-05
12395: 8.06712e-05
12396: 8.06647e-05
12397: 8.06582e-05
12398: 8.06517e-05
12399: 8.06452e-05
12400: 8.06387e-05
12401: 8.06322e-05
12402: 8.06257e-05
12403: 8.06192e-05
12404: 8.06127e-05
12405: 8.06062e-05
12406: 8.05997e-05
12407: 8.05932e-05
12408: 8.05867e-05
12409: 8.05802e-05
12410: 8.05737e-05
12411: 8.05672e-05
12412: 8.05607e-05
12413: 8.05542e-05
12414: 8.05477e-05
12415: 8.05412e-05
12416: 8.05348e-05
12417: 8.05283e-05
12418: 8.05218e-05
12419: 8.05153e-05
12420: 8.05088e-05
12421: 8.05023e-05
12422: 8.04959e-05
12423: 8.04894e-05
12424: 8.04829e-05
12425: 8.04764e-05
12426: 8.04699e-05
12427: 8.04635e-05
12428: 8.0457e-05
12429: 8.04505e-05
12430: 8.04441e-05
12431: 8.04376e-05
12432: 8.04311e-05
12433: 8.04246e-05
12434: 8.04182e-05
12435: 8.04117e-05
12436: 8.04052e-05
12437: 8.03988e-05
12438: 8.03923e-05
12439: 8.03859e-05
12440: 8.03794e-05
12441: 8.03729e-05
12442: 8.03665e-05
12443: 8.036e-05
12444: 8.03536e-05
12445: 8.03471e-05
12446: 8.03406e-05
12447: 8.03342e-05
12448: 8.03277e-05
12449: 8.03213e-05
12450: 8.03148e-05
12451: 8.03084e-05
12452: 8.03019e-05
12453: 8.02955e-05
12454: 8.0289e-05
12455: 8.02826e-05
12456: 8.02761e-05
12457: 8.02697e-05
12458: 8.02633e-05
12459: 8.02568e-05
12460: 8.02504e-05
12461: 8.02439e-05
12462: 8.02375e-05
12463: 8.02311e-05
12464: 8.02246e-05
12465: 8.02182e-05
12466: 8.02118e-05
12467: 8.02053e-05
12468: 8.01989e-05
12469: 8.01925e-05
12470: 8.0186e-05
12471: 8.01796e-05
12472: 8.01732e-05
12473: 8.01667e-05
12474: 8.01603e-05
12475: 8.01539e-05
12476: 8.01475e-05
12477: 8.0141e-05
12478: 8.01346e-05
12479: 8.01282e-05
12480: 8.01218e-05
12481: 8.01154e-05
12482: 8.01089e-05
12483: 8.01025e-05
12484: 8.00961e-05
12485: 8.00897e-05
12486: 8.00833e-05
12487: 8.00769e-05
12488: 8.00705e-05
12489: 8.00641e-05
12490: 8.00576e-05
12491: 8.00512e-05
12492: 8.00448e-05
12493: 8.00384e-05
12494: 8.0032e-05
12495: 8.00256e-05
12496: 8.00192e-05
12497: 8.00128e-05
12498: 8.00064e-05
12499: 8e-05
12500: 7.99936e-05
12501: 7.99872e-05
12502: 7.99808e-05
12503: 7.99744e-05
12504: 7.9968e-05
12505: 7.99616e-05
12506: 7.99552e-05
12507: 7.99488e-05
12508: 7.99424e-05
12509: 7.99361e-05
12510: 7.99297e-05
12511: 7.99233e-05
12512: 7.99169e-05
12513: 7.99105e-05
12514: 7.99041e-05
12515: 7.98977e-05
12516: 7.98913e-05
12517: 7.9885e-05
12518: 7.98786e-05
12519: 7.98722e-05
12520: 7.98658e-05
12521: 7.98594e-05
12522: 7.98531e-05
12523: 7.98467e-05
12524: 7.98403e-05
12525: 7.98339e-05
12526: 7.98276e-05
12527: 7.98212e-05
12528: 7.98148e-05
12529: 7.98085e-05
12530: 7.98021e-05
12531: 7.97957e-05
12532: 7.97894e-05
12533: 7.9783e-05
12534: 7.97766e-05
12535: 7.97703e-05
12536: 7.97639e-05
12537: 7.97575e-05
12538: 7.97512e-05
12539: 7.97448e-05
12540: 7.97385e-05
12541: 7.97321e-05
12542: 7.97257e-05
12543: 7.97194e-05
12544: 7.9713e-05
12545: 7.97067e-05
12546: 7.97003e-05
12547: 7.9694e-05
12548: 7.96876e-05
12549: 7.96813e-05
12550: 7.96749e-05
12551: 7.96686e-05
12552: 7.96622e-05
12553: 7.96559e-05
12554: 7.96495e-05
12555: 7.96432e-05
12556: 7.96369e-05
12557: 7.96305e-05
12558: 7.96242e-05
12559: 7.96178e-05
12560: 7.96115e-05
12561: 7.96052e-05
12562: 7.95988e-05
12563: 7.95925e-05
12564: 7.95862e-05
12565: 7.95798e-05
12566: 7.95735e-05
12567: 7.95672e-05
12568: 7.95608e-05
12569: 7.95545e-05
12570: 7.95482e-05
12571: 7.95418e-05
12572: 7.95355e-05
12573: 7.95292e-05
12574: 7.95229e-05
12575: 7.95165e-05
12576: 7.95102e-05
12577: 7.95039e-05
12578: 7.94976e-05
12579: 7.94913e-05
12580: 7.94849e-05
12581: 7.94786e-05
12582: 7.94723e-05
12583: 7.9466e-05
12584: 7.94597e-05
12585: 7.94534e-05
12586: 7.9447e-05
12587: 7.94407e-05
12588: 7.94344e-05
12589: 7.94281e-05
12590: 7.94218e-05
12591: 7.94155e-05
12592: 7.94092e-05
12593: 7.94029e-05
12594: 7.93966e-05
12595: 7.93903e-05
12596: 7.9384e-05
12597: 7.93777e-05
12598: 7.93714e-05
12599: 7.93651e-05
12600: 7.93588e-05
12601: 7.93525e-05
12602: 7.93462e-05
12603: 7.93399e-05
12604: 7.93336e-05
12605: 7.93273e-05
12606: 7.9321e-05
12607: 7.93147e-05
12608: 7.93084e-05
12609: 7.93021e-05
12610: 7.92959e-05
12611: 7.92896e-05
12612: 7.92833e-05
12613: 7.9277e-05
12614: 7.92707e-05
12615: 7.92644e-05
12616: 7.92581e-05
12617: 7.92519e-05
12618: 7.92456e-05
12619: 7.92393e-05
12620: 7.9233e-05
12621: 7.92267e-05
12622: 7.92205e-05
12623: 7.92142e-05
12624: 7.92079e-05
12625: 7.92016e-05
12626: 7.91954e-05
12627: 7.91891e-05
12628: 7.91828e-05
12629: 7.91766e-05
12630: 7.91703e-05
12631: 7.9164e-05
12632: 7.91578e-05
12633: 7.91515e-05
12634: 7.91452e-05
12635: 7.9139e-05
12636: 7.91327e-05
12637: 7.91264e-05
12638: 7.91202e-05
12639: 7.91139e-05
12640: 7.91077e-05
12641: 7.91014e-05
12642: 7.90952e-05
12643: 7.90889e-05
12644: 7.90826e-05
12645: 7.90764e-05
12646: 7.90701e-05
12647: 7.90639e-05
12648: 7.90576e-05
12649: 7.90514e-05
12650: 7.90451e-05
12651: 7.90389e-05
12652: 7.90326e-05
12653: 7.90264e-05
12654: 7.90202e-05
12655: 7.90139e-05
12656: 7.90077e-05
12657: 7.90014e-05
12658: 7.89952e-05
12659: 7.89889e-05
12660: 7.89827e-05
12661: 7.89765e-05
12662: 7.89702e-05
12663: 7.8964e-05
12664: 7.89578e-05
12665: 7.89515e-05
12666: 7.89453e-05
12667: 7.89391e-05
12668: 7.89328e-05
12669: 7.89266e-05
12670: 7.89204e-05
12671: 7.89141e-05
12672: 7.89079e-05
12673: 7.89017e-05
12674: 7.88955e-05
12675: 7.88892e-05
12676: 7.8883e-05
12677: 7.88768e-05
12678: 7.88706e-05
12679: 7.88644e-05
12680: 7.88581e-05
12681: 7.88519e-05
12682: 7.88457e-05
12683: 7.88395e-05
12684: 7.88333e-05
12685: 7.88271e-05
12686: 7.88208e-05
12687: 7.88146e-05
12688: 7.88084e-05
12689: 7.88022e-05
12690: 7.8796e-05
12691: 7.87898e-05
12692: 7.87836e-05
12693: 7.87774e-05
12694: 7.87712e-05
12695: 7.8765e-05
12696: 7.87588e-05
12697: 7.87526e-05
12698: 7.87464e-05
12699: 7.87402e-05
12700: 7.8734e-05
12701: 7.87278e-05
12702: 7.87216e-05
12703: 7.87154e-05
12704: 7.87092e-05
12705: 7.8703e-05
12706: 7.86968e-05
12707: 7.86906e-05
12708: 7.86844e-05
12709: 7.86782e-05
12710: 7.8672e-05
12711: 7.86658e-05
12712: 7.86596e-05
12713: 7.86535e-05
12714: 7.86473e-05
12715: 7.86411e-05
12716: 7.86349e-05
12717: 7.86287e-05
12718: 7.86225e-05
12719: 7.86164e-05
12720: 7.86102e-05
12721: 7.8604e-05
12722: 7.85978e-05
12723: 7.85916e-05
12724: 7.85855e-05
12725: 7.85793e-05
12726: 7.85731e-05
12727: 7.85669e-05
12728: 7.85608e-05
12729: 7.85546e-05
12730: 7.85484e-05
12731: 7.85423e-05
12732: 7.85361e-05
12733: 7.85299e-05
12734: 7.85238e-05
12735: 7.85176e-05
12736: 7.85114e-05
12737: 7.85053e-05
12738: 7.84991e-05
12739: 7.84929e-05
12740: 7.84868e-05
12741: 7.84806e-05
12742: 7.84745e-05
12743: 7.84683e-05
12744: 7.84621e-05
12745: 7.8456e-05
12746: 7.84498e-05
12747: 7.84437e-05
12748: 7.84375e-05
12749: 7.84314e-05
12750: 7.84252e-05
12751: 7.84191e-05
12752: 7.84129e-05
12753: 7.84068e-05
12754: 7.84006e-05
12755: 7.83945e-05
12756: 7.83883e-05
12757: 7.83822e-05
12758: 7.8376e-05
12759: 7.83699e-05
12760: 7.83638e-05
12761: 7.83576e-05
12762: 7.83515e-05
12763: 7.83453e-05
12764: 7.83392e-05
12765: 7.83331e-05
12766: 7.83269e-05
12767: 7.83208e-05
12768: 7.83147e-05
12769: 7.83085e-05
12770: 7.83024e-05
12771: 7.82963e-05
12772: 7.82901e-05
12773: 7.8284e-05
12774: 7.82779e-05
12775: 7.82718e-05
12776: 7.82656e-05
12777: 7.82595e-05
12778: 7.82534e-05
12779: 7.82473e-05
12780: 7.82411e-05
12781: 7.8235e-05
12782: 7.82289e-05
12783: 7.82228e-05
12784: 7.82167e-05
12785: 7.82105e-05
12786: 7.82044e-05
12787: 7.81983e-05
12788: 7.81922e-05
12789: 7.81861e-05
12790: 7.818e-05
12791: 7.81739e-05
12792: 7.81677e-05
12793: 7.81616e-05
12794: 7.81555e-05
12795: 7.81494e-05
12796: 7.81433e-05
12797: 7.81372e-05
12798: 7.81311e-05
12799: 7.8125e-05
12800: 7.81189e-05
12801: 7.81128e-05
12802: 7.81067e-05
12803: 7.81006e-05
12804: 7.80945e-05
12805: 7.80884e-05
12806: 7.80823e-05
12807: 7.80762e-05
12808: 7.80701e-05
12809: 7.8064e-05
12810: 7.80579e-05
12811: 7.80518e-05
12812: 7.80457e-05
12813: 7.80396e-05
12814: 7.80336e-05
12815: 7.80275e-05
12816: 7.80214e-05
12817: 7.80153e-05
12818: 7.80092e-05
12819: 7.80031e-05
12820: 7.7997e-05
12821: 7.7991e-05
12822: 7.79849e-05
12823: 7.79788e-05
12824: 7.79727e-05
12825: 7.79666e-05
12826: 7.79606e-05
12827: 7.79545e-05
12828: 7.79484e-05
12829: 7.79423e-05
12830: 7.79362e-05
12831: 7.79302e-05
12832: 7.79241e-05
12833: 7.7918e-05
12834: 7.7912e-05
12835: 7.79059e-05
12836: 7.78998e-05
12837: 7.78938e-05
12838: 7.78877e-05
12839: 7.78816e-05
12840: 7.78756e-05
12841: 7.78695e-05
12842: 7.78634e-05
12843: 7.78574e-05
12844: 7.78513e-05
12845: 7.78452e-05
12846: 7.78392e-05
12847: 7.78331e-05
12848: 7.78271e-05
12849: 7.7821e-05
12850: 7.7815e-05
12851: 7.78089e-05
12852: 7.78028e-05
12853: 7.77968e-05
12854: 7.77907e-05
12855: 7.77847e-05
12856: 7.77786e-05
12857: 7.77726e-05
12858: 7.77665e-05
12859: 7.77605e-05
12860: 7.77545e-05
12861: 7.77484e-05
12862: 7.77424e-05
12863: 7.77363e-05
12864: 7.77303e-05
12865: 7.77242e-05
12866: 7.77182e-05
12867: 7.77122e-05
12868: 7.77061e-05
12869: 7.77001e-05
12870: 7.7694e-05
12871: 7.7688e-05
12872: 7.7682e-05
12873: 7.76759e-05
12874: 7.76699e-05
12875: 7.76639e-05
12876: 7.76578e-05
12877: 7.76518e-05
12878: 7.76458e-05
12879: 7.76398e-05
12880: 7.76337e-05
12881: 7.76277e-05
12882: 7.76217e-05
12883: 7.76156e-05
12884: 7.76096e-05
12885: 7.76036e-05
12886: 7.75976e-05
12887: 7.75916e-05
12888: 7.75855e-05
12889: 7.75795e-05
12890: 7.75735e-05
12891: 7.75675e-05
12892: 7.75615e-05
12893: 7.75555e-05
12894: 7.75494e-05
12895: 7.75434e-05
12896: 7.75374e-05
12897: 7.75314e-05
12898: 7.75254e-05
12899: 7.75194e-05
12900: 7.75134e-05
12901: 7.75074e-05
12902: 7.75014e-05
12903: 7.74954e-05
12904: 7.74893e-05
12905: 7.74833e-05
12906: 7.74773e-05
12907: 7.74713e-05
12908: 7.74653e-05
12909: 7.74593e-05
12910: 7.74533e-05
12911: 7.74473e-05
12912: 7.74413e-05
12913: 7.74353e-05
12914: 7.74293e-05
12915: 7.74234e-05
12916: 7.74174e-05
12917: 7.74114e-05
12918: 7.74054e-05
12919: 7.73994e-05
12920: 7.73934e-05
12921: 7.73874e-05
12922: 7.73814e-05
12923: 7.73754e-05
12924: 7.73694e-05
12925: 7.73635e-05
12926: 7.73575e-05
12927: 7.73515e-05
12928: 7.73455e-05
12929: 7.73395e-05
12930: 7.73335e-05
12931: 7.73276e-05
12932: 7.73216e-05
12933: 7.73156e-05
12934: 7.73096e-05
12935: 7.73036e-05
12936: 7.72977e-05
12937: 7.72917e-05
12938: 7.72857e-05
12939: 7.72798e-05
12940: 7.72738e-05
12941: 7.72678e-05
12942: 7.72618e-05
12943: 7.72559e-05
12944: 7.72499e-05
12945: 7.72439e-05
12946: 7.7238e-05
12947: 7.7232e-05
12948: 7.7226e-05
12949: 7.72201e-05
12950: 7.72141e-05
12951: 7.72082e-05
12952: 7.72022e-05
12953: 7.71962e-05
12954: 7.71903e-05
12955: 7.71843e-05
12956: 7.71784e-05
12957: 7.71724e-05
12958: 7.71664e-05
12959: 7.71605e-05
12960: 7.71545e-05
12961: 7.71486e-05
12962: 7.71426e-05
12963: 7.71367e-05
12964: 7.71307e-05
12965: 7.71248e-05
12966: 7.71188e-05
12967: 7.71129e-05
12968: 7.71069e-05
12969: 7.7101e-05
12970: 7.70951e-05
12971: 7.70891e-05
12972: 7.70832e-05
12973: 7.70772e-05
12974: 7.70713e-05
12975: 7.70654e-05
12976: 7.70594e-05
12977: 7.70535e-05
12978: 7.70475e-05
12979: 7.70416e-05
12980: 7.70357e-05
12981: 7.70297e-05
12982: 7.70238e-05
12983: 7.70179e-05
12984: 7.70119e-05
12985: 7.7006e-05
12986: 7.70001e-05
12987: 7.69941e-05
12988: 7.69882e-05
12989: 7.69823e-05
12990: 7.69764e-05
12991: 7.69704e-05
12992: 7.69645e-05
12993: 7.69586e-05
12994: 7.69527e-05
12995: 7.69468e-05
12996: 7.69408e-05
12997: 7.69349e-05
12998: 7.6929e-05
12999: 7.69231e-05
13000: 7.69172e-05
13001: 7.69112e-05
13002: 7.69053e-05
13003: 7.68994e-05
13004: 7.68935e-05
13005: 7.68876e-05
13006: 7.68817e-05
13007: 7.68758e-05
13008: 7.68699e-05
13009: 7.6864e-05
13010: 7.6858e-05
13011: 7.68521e-05
13012: 7.68462e-05
13013: 7.68403e-05
13014: 7.68344e-05
13015: 7.68285e-05
13016: 7.68226e-05
13017: 7.68167e-05
13018: 7.68108e-05
13019: 7.68049e-05
13020: 7.6799e-05
13021: 7.67931e-05
13022: 7.67872e-05
13023: 7.67813e-05
13024: 7.67754e-05
13025: 7.67695e-05
13026: 7.67636e-05
13027: 7.67578e-05
13028: 7.67519e-05
13029: 7.6746e-05
13030: 7.67401e-05
13031: 7.67342e-05
13032: 7.67283e-05
13033: 7.67224e-05
13034: 7.67165e-05
13035: 7.67106e-05
13036: 7.67048e-05
13037: 7.66989e-05
13038: 7.6693e-05
13039: 7.66871e-05
13040: 7.66812e-05
13041: 7.66754e-05
13042: 7.66695e-05
13043: 7.66636e-05
13044: 7.66577e-05
13045: 7.66518e-05
13046: 7.6646e-05
13047: 7.66401e-05
13048: 7.66342e-05
13049: 7.66284e-05
13050: 7.66225e-05
13051: 7.66166e-05
13052: 7.66107e-05
13053: 7.66049e-05
13054: 7.6599e-05
13055: 7.65931e-05
13056: 7.65873e-05
13057: 7.65814e-05
13058: 7.65755e-05
13059: 7.65697e-05
13060: 7.65638e-05
13061: 7.6558e-05
13062: 7.65521e-05
13063: 7.65462e-05
13064: 7.65404e-05
13065: 7.65345e-05
13066: 7.65287e-05
13067: 7.65228e-05
13068: 7.65169e-05
13069: 7.65111e-05
13070: 7.65052e-05
13071: 7.64994e-05
13072: 7.64935e-05
13073: 7.64877e-05
13074: 7.64818e-05
13075: 7.6476e-05
13076: 7.64701e-05
13077: 7.64643e-05
13078: 7.64584e-05
13079: 7.64526e-05
13080: 7.64468e-05
13081: 7.64409e-05
13082: 7.64351e-05
13083: 7.64292e-05
13084: 7.64234e-05
13085: 7.64175e-05
13086: 7.64117e-05
13087: 7.64059e-05
13088: 7.64e-05
13089: 7.63942e-05
13090: 7.63884e-05
13091: 7.63825e-05
13092: 7.63767e-05
13093: 7.63709e-05
13094: 7.6365e-05
13095: 7.63592e-05
13096: 7.63534e-05
13097: 7.63475e-05
13098: 7.63417e-05
13099: 7.63359e-05
13100: 7.63301e-05
13101: 7.63242e-05
13102: 7.63184e-05
13103: 7.63126e-05
13104: 7.63068e-05
13105: 7.63009e-05
13106: 7.62951e-05
13107: 7.62893e-05
13108: 7.62835e-05
13109: 7.62777e-05
13110: 7.62718e-05
13111: 7.6266e-05
13112: 7.62602e-05
13113: 7.62544e-05
13114: 7.62486e-05
13115: 7.62428e-05
13116: 7.62369e-05
13117: 7.62311e-05
13118: 7.62253e-05
13119: 7.62195e-05
13120: 7.62137e-05
13121: 7.62079e-05
13122: 7.62021e-05
13123: 7.61963e-05
13124: 7.61905e-05
13125: 7.61847e-05
13126: 7.61789e-05
13127: 7.61731e-05
13128: 7.61673e-05
13129: 7.61615e-05
13130: 7.61557e-05
13131: 7.61499e-05
13132: 7.61441e-05
13133: 7.61383e-05
13134: 7.61325e-05
13135: 7.61267e-05
13136: 7.61209e-05
13137: 7.61151e-05
13138: 7.61093e-05
13139: 7.61035e-05
13140: 7.60977e-05
13141: 7.60919e-05
13142: 7.60861e-05
13143: 7.60803e-05
13144: 7.60746e-05
13145: 7.60688e-05
13146: 7.6063e-05
13147: 7.60572e-05
13148: 7.60514e-05
13149: 7.60456e-05
13150: 7.60398e-05
13151: 7.60341e-05
13152: 7.60283e-05
13153: 7.60225e-05
13154: 7.60167e-05
13155: 7.60109e-05
13156: 7.60052e-05
13157: 7.59994e-05
13158: 7.59936e-05
13159: 7.59878e-05
13160: 7.59821e-05
13161: 7.59763e-05
13162: 7.59705e-05
13163: 7.59648e-05
13164: 7.5959e-05
13165: 7.59532e-05
13166: 7.59474e-05
13167: 7.59417e-05
13168: 7.59359e-05
13169: 7.59301e-05
13170: 7.59244e-05
13171: 7.59186e-05
13172: 7.59129e-05
13173: 7.59071e-05
13174: 7.59013e-05
13175: 7.58956e-05
13176: 7.58898e-05
13177: 7.5884e-05
13178: 7.58783e-05
13179: 7.58725e-05
13180: 7.58668e-05
13181: 7.5861e-05
13182: 7.58553e-05
13183: 7.58495e-05
13184: 7.58438e-05
13185: 7.5838e-05
13186: 7.58323e-05
13187: 7.58265e-05
13188: 7.58208e-05
13189: 7.5815e-05
13190: 7.58093e-05
13191: 7.58035e-05
13192: 7.57978e-05
13193: 7.5792e-05
13194: 7.57863e-05
13195: 7.57805e-05
13196: 7.57748e-05
13197: 7.57691e-05
13198: 7.57633e-05
13199: 7.57576e-05
13200: 7.57518e-05
13201: 7.57461e-05
13202: 7.57404e-05
13203: 7.57346e-05
13204: 7.57289e-05
13205: 7.57232e-05
13206: 7.57174e-05
13207: 7.57117e-05
13208: 7.5706e-05
13209: 7.57002e-05
13210: 7.56945e-05
13211: 7.56888e-05
13212: 7.5683e-05
13213: 7.56773e-05
13214: 7.56716e-05
13215: 7.56659e-05
13216: 7.56601e-05
13217: 7.56544e-05
13218: 7.56487e-05
13219: 7.5643e-05
13220: 7.56372e-05
13221: 7.56315e-05
13222: 7.56258e-05
13223: 7.56201e-05
13224: 7.56144e-05
13225: 7.56086e-05
13226: 7.56029e-05
13227: 7.55972e-05
13228: 7.55915e-05
13229: 7.55858e-05
13230: 7.55801e-05
13231: 7.55744e-05
13232: 7.55687e-05
13233: 7.55629e-05
13234: 7.55572e-05
13235: 7.55515e-05
13236: 7.55458e-05
13237: 7.55401e-05
13238: 7.55344e-05
13239: 7.55287e-05
13240: 7.5523e-05
13241: 7.55173e-05
13242: 7.55116e-05
13243: 7.55059e-05
13244: 7.55002e-05
13245: 7.54945e-05
13246: 7.54888e-05
13247: 7.54831e-05
13248: 7.54774e-05
13249: 7.54717e-05
13250: 7.5466e-05
13251: 7.54603e-05
13252: 7.54546e-05
13253: 7.54489e-05
13254: 7.54432e-05
13255: 7.54375e-05
13256: 7.54318e-05
13257: 7.54262e-05
13258: 7.54205e-05
13259: 7.54148e-05
13260: 7.54091e-05
13261: 7.54034e-05
13262: 7.53977e-05
13263: 7.5392e-05
13264: 7.53864e-05
13265: 7.53807e-05
13266: 7.5375e-05
13267: 7.53693e-05
13268: 7.53636e-05
13269: 7.5358e-05
13270: 7.53523e-05
13271: 7.53466e-05
13272: 7.53409e-05
13273: 7.53352e-05
13274: 7.53296e-05
13275: 7.53239e-05
13276: 7.53182e-05
13277: 7.53125e-05
13278: 7.53069e-05
13279: 7.53012e-05
13280: 7.52955e-05
13281: 7.52899e-05
13282: 7.52842e-05
13283: 7.52785e-05
13284: 7.52729e-05
13285: 7.52672e-05
13286: 7.52615e-05
13287: 7.52559e-05
13288: 7.52502e-05
13289: 7.52445e-05
13290: 7.52389e-05
13291: 7.52332e-05
13292: 7.52276e-05
13293: 7.52219e-05
13294: 7.52162e-05
13295: 7.52106e-05
13296: 7.52049e-05
13297: 7.51993e-05
13298: 7.51936e-05
13299: 7.5188e-05
13300: 7.51823e-05
13301: 7.51767e-05
13302: 7.5171e-05
13303: 7.51654e-05
13304: 7.51597e-05
13305: 7.51541e-05
13306: 7.51484e-05
13307: 7.51428e-05
13308: 7.51371e-05
13309: 7.51315e-05
13310: 7.51258e-05
13311: 7.51202e-05
13312: 7.51145e-05
13313: 7.51089e-05
13314: 7.51033e-05
13315: 7.50976e-05
13316: 7.5092e-05
13317: 7.50863e-05
13318: 7.50807e-05
13319: 7.50751e-05
13320: 7.50694e-05
13321: 7.50638e-05
13322: 7.50582e-05
13323: 7.50525e-05
13324: 7.50469e-05
13325: 7.50413e-05
13326: 7.50356e-05
13327: 7.503e-05
13328: 7.50244e-05
13329: 7.50188e-05
13330: 7.50131e-05
13331: 7.50075e-05
13332: 7.50019e-05
13333: 7.49963e-05
13334: 7.49906e-05
13335: 7.4985e-05
13336: 7.49794e-05
13337: 7.49738e-05
13338: 7.49681e-05
13339: 7.49625e-05
13340: 7.49569e-05
13341: 7.49513e-05
13342: 7.49457e-05
13343: 7.494e-05
13344: 7.49344e-05
13345: 7.49288e-05
13346: 7.49232e-05
13347: 7.49176e-05
13348: 7.4912e-05
13349: 7.49064e-05
13350: 7.49008e-05
13351: 7.48951e-05
13352: 7.48895e-05
13353: 7.48839e-05
13354: 7.48783e-05
13355: 7.48727e-05
13356: 7.48671e-05
13357: 7.48615e-05
13358: 7.48559e-05
13359: 7.48503e-05
13360: 7.48447e-05
13361: 7.48391e-05
13362: 7.48335e-05
13363: 7.48279e-05
13364: 7.48223e-05
13365: 7.48167e-05
13366: 7.48111e-05
13367: 7.48055e-05
13368: 7.47999e-05
13369: 7.47943e-05
13370: 7.47887e-05
13371: 7.47831e-05
13372: 7.47775e-05
13373: 7.47719e-05
13374: 7.47664e-05
13375: 7.47608e-05
13376: 7.47552e-05
13377: 7.47496e-05
13378: 7.4744e-05
13379: 7.47384e-05
13380: 7.47328e-05
13381: 7.47272e-05
13382: 7.47217e-05
13383: 7.47161e-05
13384: 7.47105e-05
13385: 7.47049e-05
13386: 7.46993e-05
13387: 7.46938e-05
13388: 7.46882e-05
13389: 7.46826e-05
13390: 7.4677e-05
13391: 7.46714e-05
13392: 7.46659e-05
13393: 7.46603e-05
13394: 7.46547e-05
13395: 7.46491e-05
13396: 7.46436e-05
13397: 7.4638e-05
13398: 7.46324e-05
13399: 7.46269e-05
13400: 7.46213e-05
13401: 7.46157e-05
13402: 7.46102e-05
13403: 7.46046e-05
13404: 7.4599e-05
13405: 7.45935e-05
13406: 7.45879e-05
13407: 7.45823e-05
13408: 7.45768e-05
13409: 7.45712e-05
13410: 7.45657e-05
13411: 7.45601e-05
13412: 7.45545e-05
13413: 7.4549e-05
13414: 7.45434e-05
13415: 7.45379e-05
13416: 7.45323e-05
13417: 7.45268e-05
13418: 7.45212e-05
13419: 7.45156e-05
13420: 7.45101e-05
13421: 7.45045e-05
13422: 7.4499e-05
13423: 7.44934e-05
13424: 7.44879e-05
13425: 7.44823e-05
13426: 7.44768e-05
13427: 7.44713e-05
13428: 7.44657e-05
13429: 7.44602e-05
13430: 7.44546e-05
13431: 7.44491e-05
13432: 7.44435e-05
13433: 7.4438e-05
13434: 7.44325e-05
13435: 7.44269e-05
13436: 7.44214e-05
13437: 7.44158e-05
13438: 7.44103e-05
13439: 7.44048e-05
13440: 7.43992e-05
13441: 7.43937e-05
13442: 7.43882e-05
13443: 7.43826e-05
13444: 7.43771e-05
13445: 7.43716e-05
13446: 7.4366e-05
13447: 7.43605e-05
13448: 7.4355e-05
13449: 7.43494e-05
13450: 7.43439e-05
13451: 7.43384e-05
13452: 7.43329e-05
13453: 7.43273e-05
13454: 7.43218e-05
13455: 7.43163e-05
13456: 7.43108e-05
13457: 7.43052e-05
13458: 7.42997e-05
13459: 7.42942e-05
13460: 7.42887e-05
13461: 7.42832e-05
13462: 7.42776e-05
13463: 7.42721e-05
13464: 7.42666e-05
13465: 7.42611e-05
13466: 7.42556e-05
13467: 7.42501e-05
13468: 7.42446e-05
13469: 7.4239e-05
13470: 7.42335e-05
13471: 7.4228e-05
13472: 7.42225e-05
13473: 7.4217e-05
13474: 7.42115e-05
13475: 7.4206e-05
13476: 7.42005e-05
13477: 7.4195e-05
13478: 7.41895e-05
13479: 7.4184e-05
13480: 7.41785e-05
13481: 7.4173e-05
13482: 7.41675e-05
13483: 7.4162e-05
13484: 7.41565e-05
13485: 7.4151e-05
13486: 7.41455e-05
13487: 7.414e-05
13488: 7.41345e-05
13489: 7.4129e-05
13490: 7.41235e-05
13491: 7.4118e-05
13492: 7.41125e-05
13493: 7.4107e-05
13494: 7.41015e-05
13495: 7.4096e-05
13496: 7.40905e-05
13497: 7.4085e-05
13498: 7.40796e-05
13499: 7.40741e-05
13500: 7.40686e-05
13501: 7.40631e-05
13502: 7.40576e-05
13503: 7.40521e-05
13504: 7.40466e-05
13505: 7.40412e-05
13506: 7.40357e-05
13507: 7.40302e-05
13508: 7.40247e-05
13509: 7.40192e-05
13510: 7.40138e-05
13511: 7.40083e-05
13512: 7.40028e-05
13513: 7.39973e-05
13514: 7.39919e-05
13515: 7.39864e-05
13516: 7.39809e-05
13517: 7.39754e-05
13518: 7.397e-05
13519: 7.39645e-05
13520: 7.3959e-05
13521: 7.39536e-05
13522: 7.39481e-05
13523: 7.39426e-05
13524: 7.39372e-05
13525: 7.39317e-05
13526: 7.39262e-05
13527: 7.39208e-05
13528: 7.39153e-05
13529: 7.39098e-05
13530: 7.39044e-05
13531: 7.38989e-05
13532: 7.38934e-05
13533: 7.3888e-05
13534: 7.38825e-05
13535: 7.38771e-05
13536: 7.38716e-05
13537: 7.38662e-05
13538: 7.38607e-05
13539: 7.38552e-05
13540: 7.38498e-05
13541: 7.38443e-05
13542: 7.38389e-05
13543: 7.38334e-05
13544: 7.3828e-05
13545: 7.38225e-05
13546: 7.38171e-05
13547: 7.38116e-05
13548: 7.38062e-05
13549: 7.38007e-05
13550: 7.37953e-05
13551: 7.37898e-05
13552: 7.37844e-05
13553: 7.3779e-05
13554: 7.37735e-05
13555: 7.37681e-05
13556: 7.37626e-05
13557: 7.37572e-05
13558: 7.37518e-05
13559: 7.37463e-05
13560: 7.37409e-05
13561: 7.37354e-05
13562: 7.373e-05
13563: 7.37246e-05
13564: 7.37191e-05
13565: 7.37137e-05
13566: 7.37083e-05
13567: 7.37028e-05
13568: 7.36974e-05
13569: 7.3692e-05
13570: 7.36865e-05
13571: 7.36811e-05
13572: 7.36757e-05
13573: 7.36703e-05
13574: 7.36648e-05
13575: 7.36594e-05
13576: 7.3654e-05
13577: 7.36485e-05
13578: 7.36431e-05
13579: 7.36377e-05
13580: 7.36323e-05
13581: 7.36269e-05
13582: 7.36214e-05
13583: 7.3616e-05
13584: 7.36106e-05
13585: 7.36052e-05
13586: 7.35998e-05
13587: 7.35943e-05
13588: 7.35889e-05
13589: 7.35835e-05
13590: 7.35781e-05
13591: 7.35727e-05
13592: 7.35673e-05
13593: 7.35619e-05
13594: 7.35565e-05
13595: 7.3551e-05
13596: 7.35456e-05
13597: 7.35402e-05
13598: 7.35348e-05
13599: 7.35294e-05
13600: 7.3524e-05
13601: 7.35186e-05
13602: 7.35132e-05
13603: 7.35078e-05
13604: 7.35024e-05
13605: 7.3497e-05
13606: 7.34916e-05
13607: 7.34862e-05
13608: 7.34808e-05
13609: 7.34754e-05
13610: 7.347e-05
13611: 7.34646e-05
13612: 7.34592e-05
13613: 7.34538e-05
13614: 7.34484e-05
13615: 7.3443e-05
13616: 7.34376e-05
13617: 7.34322e-05
13618: 7.34268e-05
13619: 7.34214e-05
13620: 7.3416e-05
13621: 7.34107e-05
13622: 7.34053e-05
13623: 7.33999e-05
13624: 7.33945e-05
13625: 7.33891e-05
13626: 7.33837e-05
13627: 7.33783e-05
13628: 7.3373e-05
13629: 7.33676e-05
13630: 7.33622e-05
13631: 7.33568e-05
13632: 7.33514e-05
13633: 7.3346e-05
13634: 7.33407e-05
13635: 7.33353e-05
13636: 7.33299e-05
13637: 7.33245e-05
13638: 7.33192e-05
13639: 7.33138e-05
13640: 7.33084e-05
13641: 7.3303e-05
13642: 7.32977e-05
13643: 7.32923e-05
13644: 7.32869e-05
13645: 7.32815e-05
13646: 7.32762e-05
13647: 7.32708e-05
13648: 7.32654e-05
13649: 7.32601e-05
13650: 7.32547e-05
13651: 7.32493e-05
13652: 7.3244e-05
13653: 7.32386e-05
13654: 7.32332e-05
13655: 7.32279e-05
13656: 7.32225e-05
13657: 7.32172e-05
13658: 7.32118e-05
13659: 7.32064e-05
13660: 7.32011e-05
13661: 7.31957e-05
13662: 7.31904e-05
13663: 7.3185e-05
13664: 7.31797e-05
13665: 7.31743e-05
13666: 7.31689e-05
13667: 7.31636e-05
13668: 7.31582e-05
13669: 7.31529e-05
13670: 7.31475e-05
13671: 7.31422e-05
13672: 7.31368e-05
13673: 7.31315e-05
13674: 7.31261e-05
13675: 7.31208e-05
13676: 7.31154e-05
13677: 7.31101e-05
13678: 7.31048e-05
13679: 7.30994e-05
13680: 7.30941e-05
13681: 7.30887e-05
13682: 7.30834e-05
13683: 7.3078e-05
13684: 7.30727e-05
13685: 7.30674e-05
13686: 7.3062e-05
13687: 7.30567e-05
13688: 7.30514e-05
13689: 7.3046e-05
13690: 7.30407e-05
13691: 7.30353e-05
13692: 7.303e-05
13693: 7.30247e-05
13694: 7.30194e-05
13695: 7.3014e-05
13696: 7.30087e-05
13697: 7.30034e-05
13698: 7.2998e-05
13699: 7.29927e-05
13700: 7.29874e-05
13701: 7.2982e-05
13702: 7.29767e-05
13703: 7.29714e-05
13704: 7.29661e-05
13705: 7.29607e-05
13706: 7.29554e-05
13707: 7.29501e-05
13708: 7.29448e-05
13709: 7.29395e-05
13710: 7.29341e-05
13711: 7.29288e-05
13712: 7.29235e-05
13713: 7.29182e-05
13714: 7.29129e-05
13715: 7.29076e-05
13716: 7.29022e-05
13717: 7.28969e-05
13718: 7.28916e-05
13719: 7.28863e-05
13720: 7.2881e-05
13721: 7.28757e-05
13722: 7.28704e-05
13723: 7.28651e-05
13724: 7.28597e-05
13725: 7.28544e-05
13726: 7.28491e-05
13727: 7.28438e-05
13728: 7.28385e-05
13729: 7.28332e-05
13730: 7.28279e-05
13731: 7.28226e-05
13732: 7.28173e-05
13733: 7.2812e-05
13734: 7.28067e-05
13735: 7.28014e-05
13736: 7.27961e-05
13737: 7.27908e-05
13738: 7.27855e-05
13739: 7.27802e-05
13740: 7.27749e-05
13741: 7.27696e-05
13742: 7.27643e-05
13743: 7.2759e-05
13744: 7.27537e-05
13745: 7.27484e-05
13746: 7.27431e-05
13747: 7.27379e-05
13748: 7.27326e-05
13749: 7.27273e-05
13750: 7.2722e-05
13751: 7.27167e-05
13752: 7.27114e-05
13753: 7.27061e-05
13754: 7.27008e-05
13755: 7.26956e-05
13756: 7.26903e-05
13757: 7.2685e-05
13758: 7.26797e-05
13759: 7.26744e-05
13760: 7.26691e-05
13761: 7.26639e-05
13762: 7.26586e-05
13763: 7.26533e-05
13764: 7.2648e-05
13765: 7.26427e-05
13766: 7.26375e-05
13767: 7.26322e-05
13768: 7.26269e-05
13769: 7.26216e-05
13770: 7.26164e-05
13771: 7.26111e-05
13772: 7.26058e-05
13773: 7.26006e-05
13774: 7.25953e-05
13775: 7.259e-05
13776: 7.25847e-05
13777: 7.25795e-05
13778: 7.25742e-05
13779: 7.25689e-05
13780: 7.25637e-05
13781: 7.25584e-05
13782: 7.25531e-05
13783: 7.25479e-05
13784: 7.25426e-05
13785: 7.25374e-05
13786: 7.25321e-05
13787: 7.25268e-05
13788: 7.25216e-05
13789: 7.25163e-05
13790: 7.25111e-05
13791: 7.25058e-05
13792: 7.25005e-05
13793: 7.24953e-05
13794: 7.249e-05
13795: 7.24848e-05
13796: 7.24795e-05
13797: 7.24743e-05
13798: 7.2469e-05
13799: 7.24638e-05
13800: 7.24585e-05
13801: 7.24533e-05
13802: 7.2448e-05
13803: 7.24428e-05
13804: 7.24375e-05
13805: 7.24323e-05
13806: 7.2427e-05
13807: 7.24218e-05
13808: 7.24165e-05
13809: 7.24113e-05
13810: 7.24061e-05
13811: 7.24008e-05
13812: 7.23956e-05
13813: 7.23903e-05
13814: 7.23851e-05
13815: 7.23798e-05
13816: 7.23746e-05
13817: 7.23694e-05
13818: 7.23641e-05
13819: 7.23589e-05
13820: 7.23537e-05
13821: 7.23484e-05
13822: 7.23432e-05
13823: 7.2338e-05
13824: 7.23327e-05
13825: 7.23275e-05
13826: 7.23223e-05
13827: 7.2317e-05
13828: 7.23118e-05
13829: 7.23066e-05
13830: 7.23014e-05
13831: 7.22961e-05
13832: 7.22909e-05
13833: 7.22857e-05
13834: 7.22804e-05
13835: 7.22752e-05
13836: 7.227e-05
13837: 7.22648e-05
13838: 7.22596e-05
13839: 7.22543e-05
13840: 7.22491e-05
13841: 7.22439e-05
13842: 7.22387e-05
13843: 7.22335e-05
13844: 7.22282e-05
13845: 7.2223e-05
13846: 7.22178e-05
13847: 7.22126e-05
13848: 7.22074e-05
13849: 7.22022e-05
13850: 7.2197e-05
13851: 7.21917e-05
13852: 7.21865e-05
13853: 7.21813e-05
13854: 7.21761e-05
13855: 7.21709e-05
13856: 7.21657e-05
13857: 7.21605e-05
13858: 7.21553e-05
13859: 7.21501e-05
13860: 7.21449e-05
13861: 7.21397e-05
13862: 7.21345e-05
13863: 7.21293e-05
13864: 7.21241e-05
13865: 7.21189e-05
13866: 7.21137e-05
13867: 7.21085e-05
13868: 7.21033e-05
13869: 7.20981e-05
13870: 7.20929e-05
13871: 7.20877e-05
13872: 7.20825e-05
13873: 7.20773e-05
13874: 7.20721e-05
13875: 7.20669e-05
13876: 7.20617e-05
13877: 7.20565e-05
13878: 7.20513e-05
13879: 7.20461e-05
13880: 7.20409e-05
13881: 7.20357e-05
13882: 7.20305e-05
13883: 7.20254e-05
13884: 7.20202e-05
13885: 7.2015e-05
13886: 7.20098e-05
13887: 7.20046e-05
13888: 7.19994e-05
13889: 7.19942e-05
13890: 7.19891e-05
13891: 7.19839e-05
13892: 7.19787e-05
13893: 7.19735e-05
13894: 7.19683e-05
13895: 7.19632e-05
13896: 7.1958e-05
13897: 7.19528e-05
13898: 7.19476e-05
13899: 7.19424e-05
13900: 7.19373e-05
13901: 7.19321e-05
13902: 7.19269e-05
13903: 7.19217e-05
13904: 7.19166e-05
13905: 7.19114e-05
13906: 7.19062e-05
13907: 7.19011e-05
13908: 7.18959e-05
13909: 7.18907e-05
13910: 7.18856e-05
13911: 7.18804e-05
13912: 7.18752e-05
13913: 7.18701e-05
13914: 7.18649e-05
13915: 7.18597e-05
13916: 7.18546e-05
13917: 7.18494e-05
13918: 7.18442e-05
13919: 7.18391e-05
13920: 7.18339e-05
13921: 7.18288e-05
13922: 7.18236e-05
13923: 7.18184e-05
13924: 7.18133e-05
13925: 7.18081e-05
13926: 7.1803e-05
13927: 7.17978e-05
13928: 7.17927e-05
13929: 7.17875e-05
13930: 7.17824e-05
13931: 7.17772e-05
13932: 7.17721e-05
13933: 7.17669e-05
13934: 7.17618e-05
13935: 7.17566e-05
13936: 7.17515e-05
13937: 7.17463e-05
13938: 7.17412e-05
13939: 7.1736e-05
13940: 7.17309e-05
13941: 7.17257e-05
13942: 7.17206e-05
13943: 7.17154e-05
13944: 7.17103e-05
13945: 7.17051e-05
13946: 7.17e-05
13947: 7.16949e-05
13948: 7.16897e-05
13949: 7.16846e-05
13950: 7.16794e-05
13951: 7.16743e-05
13952: 7.16692e-05
13953: 7.1664e-05
13954: 7.16589e-05
13955: 7.16538e-05
13956: 7.16486e-05
13957: 7.16435e-05
13958: 7.16384e-05
13959: 7.16332e-05
13960: 7.16281e-05
13961: 7.1623e-05
13962: 7.16178e-05
13963: 7.16127e-05
13964: 7.16076e-05
13965: 7.16025e-05
13966: 7.15973e-05
13967: 7.15922e-05
13968: 7.15871e-05
13969: 7.1582e-05
13970: 7.15768e-05
13971: 7.15717e-05
13972: 7.15666e-05
13973: 7.15615e-05
13974: 7.15564e-05
13975: 7.15512e-05
13976: 7.15461e-05
13977: 7.1541e-05
13978: 7.15359e-05
13979: 7.15308e-05
13980: 7.15256e-05
13981: 7.15205e-05
13982: 7.15154e-05
13983: 7.15103e-05
13984: 7.15052e-05
13985: 7.15001e-05
13986: 7.1495e-05
13987: 7.14898e-05
13988: 7.14847e-05
13989: 7.14796e-05
13990: 7.14745e-05
13991: 7.14694e-05
13992: 7.14643e-05
13993: 7.14592e-05
13994: 7.14541e-05
13995: 7.1449e-05
13996: 7.14439e-05
13997: 7.14388e-05
13998: 7.14337e-05
13999: 7.14286e-05
14000: 7.14235e-05
14001: 7.14184e-05
14002: 7.14133e-05
14003: 7.14082e-05
14004: 7.14031e-05
14005: 7.1398e-05
14006: 7.13929e-05
14007: 7.13878e-05
14008: 7.13827e-05
14009: 7.13776e-05
14010: 7.13725e-05
14011: 7.13674e-05
14012: 7.13623e-05
14013: 7.13572e-05
14014: 7.13521e-05
14015: 7.1347e-05
14016: 7.13419e-05
14017: 7.13369e-05
14018: 7.13318e-05
14019: 7.13267e-05
14020: 7.13216e-05
14021: 7.13165e-05
14022: 7.13114e-05
14023: 7.13063e-05
14024: 7.13012e-05
14025: 7.12962e-05
14026: 7.12911e-05
14027: 7.1286e-05
14028: 7.12809e-05
14029: 7.12758e-05
14030: 7.12708e-05
14031: 7.12657e-05
14032: 7.12606e-05
14033: 7.12555e-05
14034: 7.12504e-05
14035: 7.12454e-05
14036: 7.12403e-05
14037: 7.12352e-05
14038: 7.12301e-05
14039: 7.12251e-05
14040: 7.122e-05
14041: 7.12149e-05
14042: 7.12099e-05
14043: 7.12048e-05
14044: 7.11997e-05
14045: 7.11946e-05
14046: 7.11896e-05
14047: 7.11845e-05
14048: 7.11794e-05
14049: 7.11744e-05
14050: 7.11693e-05
14051: 7.11642e-05
14052: 7.11592e-05
14053: 7.11541e-05
14054: 7.11491e-05
14055: 7.1144e-05
14056: 7.11389e-05
14057: 7.11339e-05
14058: 7.11288e-05
14059: 7.11238e-05
14060: 7.11187e-05
14061: 7.11136e-05
14062: 7.11086e-05
14063: 7.11035e-05
14064: 7.10985e-05
14065: 7.10934e-05
14066: 7.10884e-05
14067: 7.10833e-05
14068: 7.10783e-05
14069: 7.10732e-05
14070: 7.10682e-05
14071: 7.10631e-05
14072: 7.10581e-05
14073: 7.1053e-05
14074: 7.1048e-05
14075: 7.10429e-05
14076: 7.10379e-05
14077: 7.10328e-05
14078: 7.10278e-05
14079: 7.10227e-05
14080: 7.10177e-05
14081: 7.10126e-05
14082: 7.10076e-05
14083: 7.10026e-05
14084: 7.09975e-05
14085: 7.09925e-05
14086: 7.09874e-05
14087: 7.09824e-05
14088: 7.09774e-05
14089: 7.09723e-05
14090: 7.09673e-05
14091: 7.09622e-05
14092: 7.09572e-05
14093: 7.09522e-05
14094: 7.09471e-05
14095: 7.09421e-05
14096: 7.09371e-05
14097: 7.0932e-05
14098: 7.0927e-05
14099: 7.0922e-05
14100: 7.0917e-05
14101: 7.09119e-05
14102: 7.09069e-05
14103: 7.09019e-05
14104: 7.08968e-05
14105: 7.08918e-05
14106: 7.08868e-05
14107: 7.08818e-05
14108: 7.08767e-05
14109: 7.08717e-05
14110: 7.08667e-05
14111: 7.08617e-05
14112: 7.08567e-05
14113: 7.08516e-05
14114: 7.08466e-05
14115: 7.08416e-05
14116: 7.08366e-05
14117: 7.08316e-05
14118: 7.08265e-05
14119: 7.08215e-05
14120: 7.08165e-05
14121: 7.08115e-05
14122: 7.08065e-05
14123: 7.08015e-05
14124: 7.07965e-05
14125: 7.07914e-05
14126: 7.07864e-05
14127: 7.07814e-05
14128: 7.07764e-05
14129: 7.07714e-05
14130: 7.07664e-05
14131: 7.07614e-05
14132: 7.07564e-05
14133: 7.07514e-05
14134: 7.07464e-05
14135: 7.07414e-05
14136: 7.07364e-05
14137: 7.07314e-05
14138: 7.07264e-05
14139: 7.07214e-05
14140: 7.07164e-05
14141: 7.07114e-05
14142: 7.07064e-05
14143: 7.07014e-05
14144: 7.06964e-05
14145: 7.06914e-05
14146: 7.06864e-05
14147: 7.06814e-05
14148: 7.06764e-05
14149: 7.06714e-05
14150: 7.06664e-05
14151: 7.06614e-05
14152: 7.06564e-05
14153: 7.06514e-05
14154: 7.06464e-05
14155: 7.06414e-05
14156: 7.06364e-05
14157: 7.06314e-05
14158: 7.06265e-05
14159: 7.06215e-05
14160: 7.06165e-05
14161: 7.06115e-05
14162: 7.06065e-05
14163: 7.06015e-05
14164: 7.05965e-05
14165: 7.05916e-05
14166: 7.05866e-05
14167: 7.05816e-05
14168: 7.05766e-05
14169: 7.05716e-05
14170: 7.05667e-05
14171: 7.05617e-05
14172: 7.05567e-05
14173: 7.05517e-05
14174: 7.05467e-05
14175: 7.05418e-05
14176: 7.05368e-05
14177: 7.05318e-05
14178: 7.05268e-05
14179: 7.05219e-05
14180: 7.05169e-05
14181: 7.05119e-05
14182: 7.05069e-05
14183: 7.0502e-05
14184: 7.0497e-05
14185: 7.0492e-05
14186: 7.04871e-05
14187: 7.04821e-05
14188: 7.04771e-05
14189: 7.04722e-05
14190: 7.04672e-05
14191: 7.04622e-05
14192: 7.04573e-05
14193: 7.04523e-05
14194: 7.04473e-05
14195: 7.04424e-05
14196: 7.04374e-05
14197: 7.04325e-05
14198: 7.04275e-05
14199: 7.04225e-05
14200: 7.04176e-05
14201: 7.04126e-05
14202: 7.04077e-05
14203: 7.04027e-05
14204: 7.03977e-05
14205: 7.03928e-05
14206: 7.03878e-05
14207: 7.03829e-05
14208: 7.03779e-05
14209: 7.0373e-05
14210: 7.0368e-05
14211: 7.03631e-05
14212: 7.03581e-05
14213: 7.03532e-05
14214: 7.03482e-05
14215: 7.03433e-05
14216: 7.03383e-05
14217: 7.03334e-05
14218: 7.03284e-05
14219: 7.03235e-05
14220: 7.03185e-05
14221: 7.03136e-05
14222: 7.03087e-05
14223: 7.03037e-05
14224: 7.02988e-05
14225: 7.02938e-05
14226: 7.02889e-05
14227: 7.02839e-05
14228: 7.0279e-05
14229: 7.02741e-05
14230: 7.02691e-05
14231: 7.02642e-05
14232: 7.02593e-05
14233: 7.02543e-05
14234: 7.02494e-05
14235: 7.02445e-05
14236: 7.02395e-05
14237: 7.02346e-05
14238: 7.02297e-05
14239: 7.02247e-05
14240: 7.02198e-05
14241: 7.02149e-05
14242: 7.02099e-05
14243: 7.0205e-05
14244: 7.02001e-05
14245: 7.01951e-05
14246: 7.01902e-05
14247: 7.01853e-05
14248: 7.01804e-05
14249: 7.01754e-05
14250: 7.01705e-05
14251: 7.01656e-05
14252: 7.01607e-05
14253: 7.01557e-05
14254: 7.01508e-05
14255: 7.01459e-05
14256: 7.0141e-05
14257: 7.01361e-05
14258: 7.01311e-05
14259: 7.01262e-05
14260: 7.01213e-05
14261: 7.01164e-05
14262: 7.01115e-05
14263: 7.01066e-05
14264: 7.01016e-05
14265: 7.00967e-05
14266: 7.00918e-05
14267: 7.00869e-05
14268: 7.0082e-05
14269: 7.00771e-05
14270: 7.00722e-05
14271: 7.00673e-05
14272: 7.00624e-05
14273: 7.00574e-05
14274: 7.00525e-05
14275: 7.00476e-05
14276: 7.00427e-05
14277: 7.00378e-05
14278: 7.00329e-05
14279: 7.0028e-05
14280: 7.00231e-05
14281: 7.00182e-05
14282: 7.00133e-05
14283: 7.00084e-05
14284: 7.00035e-05
14285: 6.99986e-05
14286: 6.99937e-05
14287: 6.99888e-05
14288: 6.99839e-05
14289: 6.9979e-05
14290: 6.99741e-05
14291: 6.99692e-05
14292: 6.99643e-05
14293: 6.99594e-05
14294: 6.99545e-05
14295: 6.99496e-05
14296: 6.99447e-05
14297: 6.99399e-05
14298: 6.9935e-05
14299: 6.99301e-05
14300: 6.99252e-05
14301: 6.99203e-05
14302: 6.99154e-05
14303: 6.99105e-05
14304: 6.99056e-05
14305: 6.99007e-05
14306: 6.98959e-05
14307: 6.9891e-05
14308: 6.98861e-05
14309: 6.98812e-05
14310: 6.98763e-05
14311: 6.98714e-05
14312: 6.98666e-05
14313: 6.98617e-05
14314: 6.98568e-05
14315: 6.98519e-05
14316: 6.9847e-05
14317: 6.98422e-05
14318: 6.98373e-05
14319: 6.98324e-05
14320: 6.98275e-05
14321: 6.98227e-05
14322: 6.98178e-05
14323: 6.98129e-05
14324: 6.9808e-05
14325: 6.98032e-05
14326: 6.97983e-05
14327: 6.97934e-05
14328: 6.97885e-05
14329: 6.97837e-05
14330: 6.97788e-05
14331: 6.97739e-05
14332: 6.97691e-05
14333: 6.97642e-05
14334: 6.97593e-05
14335: 6.97545e-05
14336: 6.97496e-05
14337: 6.97447e-05
14338: 6.97399e-05
14339: 6.9735e-05
14340: 6.97301e-05
14341: 6.97253e-05
14342: 6.97204e-05
14343: 6.97156e-05
14344: 6.97107e-05
14345: 6.97058e-05
14346: 6.9701e-05
14347: 6.96961e-05
14348: 6.96913e-05
14349: 6.96864e-05
14350: 6.96816e-05
14351: 6.96767e-05
14352: 6.96718e-05
14353: 6.9667e-05
14354: 6.96621e-05
14355: 6.96573e-05
14356: 6.96524e-05
14357: 6.96476e-05
14358: 6.96427e-05
14359: 6.96379e-05
14360: 6.9633e-05
14361: 6.96282e-05
14362: 6.96233e-05
14363: 6.96185e-05
14364: 6.96136e-05
14365: 6.96088e-05
14366: 6.9604e-05
14367: 6.95991e-05
14368: 6.95943e-05
14369: 6.95894e-05
14370: 6.95846e-05
14371: 6.95797e-05
14372: 6.95749e-05
14373: 6.95701e-05
14374: 6.95652e-05
14375: 6.95604e-05
14376: 6.95555e-05
14377: 6.95507e-05
14378: 6.95459e-05
14379: 6.9541e-05
14380: 6.95362e-05
14381: 6.95314e-05
14382: 6.95265e-05
14383: 6.95217e-05
14384: 6.95169e-05
14385: 6.9512e-05
14386: 6.95072e-05
14387: 6.95024e-05
14388: 6.94975e-05
14389: 6.94927e-05
14390: 6.94879e-05
14391: 6.9483e-05
14392: 6.94782e-05
14393: 6.94734e-05
14394: 6.94686e-05
14395: 6.94637e-05
14396: 6.94589e-05
14397: 6.94541e-05
14398: 6.94493e-05
14399: 6.94444e-05
14400: 6.94396e-05
14401: 6.94348e-05
14402: 6.943e-05
14403: 6.94252e-05
14404: 6.94203e-05
14405: 6.94155e-05
14406: 6.94107e-05
14407: 6.94059e-05
14408: 6.94011e-05
14409: 6.93963e-05
14410: 6.93914e-05
14411: 6.93866e-05
14412: 6.93818e-05
14413: 6.9377e-05
14414: 6.93722e-05
14415: 6.93674e-05
14416: 6.93626e-05
14417: 6.93577e-05
14418: 6.93529e-05
14419: 6.93481e-05
14420: 6.93433e-05
14421: 6.93385e-05
14422: 6.93337e-05
14423: 6.93289e-05
14424: 6.93241e-05
14425: 6.93193e-05
14426: 6.93145e-05
14427: 6.93097e-05
14428: 6.93049e-05
14429: 6.93001e-05
14430: 6.92953e-05
14431: 6.92905e-05
14432: 6.92857e-05
14433: 6.92809e-05
14434: 6.92761e-05
14435: 6.92713e-05
14436: 6.92665e-05
14437: 6.92617e-05
14438: 6.92569e-05
14439: 6.92521e-05
14440: 6.92473e-05
14441: 6.92425e-05
14442: 6.92377e-05
14443: 6.92329e-05
14444: 6.92281e-05
14445: 6.92233e-05
14446: 6.92185e-05
14447: 6.92137e-05
14448: 6.92089e-05
14449: 6.92042e-05
14450: 6.91994e-05
14451: 6.91946e-05
14452: 6.91898e-05
14453: 6.9185e-05
14454: 6.91802e-05
14455: 6.91754e-05
14456: 6.91706e-05
14457: 6.91659e-05
14458: 6.91611e-05
14459: 6.91563e-05
14460: 6.91515e-05
14461: 6.91467e-05
14462: 6.91419e-05
14463: 6.91372e-05
14464: 6.91324e-05
14465: 6.91276e-05
14466: 6.91228e-05
14467: 6.91181e-05
14468: 6.91133e-05
14469: 6.91085e-05
14470: 6.91037e-05
14471: 6.90989e-05
14472: 6.90942e-05
14473: 6.90894e-05
14474: 6.90846e-05
14475: 6.90799e-05
14476: 6.90751e-05
14477: 6.90703e-05
14478: 6.90655e-05
14479: 6.90608e-05
14480: 6.9056e-05
14481: 6.90512e-05
14482: 6.90465e-05
14483: 6.90417e-05
14484: 6.90369e-05
14485: 6.90322e-05
14486: 6.90274e-05
14487: 6.90226e-05
14488: 6.90179e-05
14489: 6.90131e-05
14490: 6.90084e-05
14491: 6.90036e-05
14492: 6.89988e-05
14493: 6.89941e-05
14494: 6.89893e-05
14495: 6.89845e-05
14496: 6.89798e-05
14497: 6.8975e-05
14498: 6.89703e-05
14499: 6.89655e-05
14500: 6.89608e-05
14501: 6.8956e-05
14502: 6.89513e-05
14503: 6.89465e-05
14504: 6.89417e-05
14505: 6.8937e-05
14506: 6.89322e-05
14507: 6.89275e-05
14508: 6.89227e-05
14509: 6.8918e-05
14510: 6.89132e-05
14511: 6.89085e-05
14512: 6.89037e-05
14513: 6.8899e-05
14514: 6.88942e-05
14515: 6.88895e-05
14516: 6.88848e-05
14517: 6.888e-05
14518: 6.88753e-05
14519: 6.88705e-05
14520: 6.88658e-05
14521: 6.8861e-05
14522: 6.88563e-05
14523: 6.88516e-05
14524: 6.88468e-05
14525: 6.88421e-05
14526: 6.88373e-05
14527: 6.88326e-05
14528: 6.88279e-05
14529: 6.88231e-05
14530: 6.88184e-05
14531: 6.88137e-05
14532: 6.88089e-05
14533: 6.88042e-05
14534: 6.87994e-05
14535: 6.87947e-05
14536: 6.879e-05
14537: 6.87853e-05
14538: 6.87805e-05
14539: 6.87758e-05
14540: 6.87711e-05
14541: 6.87663e-05
14542: 6.87616e-05
14543: 6.87569e-05
14544: 6.87521e-05
14545: 6.87474e-05
14546: 6.87427e-05
14547: 6.8738e-05
14548: 6.87332e-05
14549: 6.87285e-05
14550: 6.87238e-05
14551: 6.87191e-05
14552: 6.87144e-05
14553: 6.87096e-05
14554: 6.87049e-05
14555: 6.87002e-05
14556: 6.86955e-05
14557: 6.86908e-05
14558: 6.8686e-05
14559: 6.86813e-05
14560: 6.86766e-05
14561: 6.86719e-05
14562: 6.86672e-05
14563: 6.86625e-05
14564: 6.86577e-05
14565: 6.8653e-05
14566: 6.86483e-05
14567: 6.86436e-05
14568: 6.86389e-05
14569: 6.86342e-05
14570: 6.86295e-05
14571: 6.86248e-05
14572: 6.86201e-05
14573: 6.86153e-05
14574: 6.86106e-05
14575: 6.86059e-05
14576: 6.86012e-05
14577: 6.85965e-05
14578: 6.85918e-05
14579: 6.85871e-05
14580: 6.85824e-05
14581: 6.85777e-05
14582: 6.8573e-05
14583: 6.85683e-05
14584: 6.85636e-05
14585: 6.85589e-05
14586: 6.85542e-05
14587: 6.85495e-05
14588: 6.85448e-05
14589: 6.85401e-05
14590: 6.85354e-05
14591: 6.85307e-05
14592: 6.8526e-05
14593: 6.85213e-05
14594: 6.85166e-05
14595: 6.85119e-05
14596: 6.85072e-05
14597: 6.85025e-05
14598: 6.84978e-05
14599: 6.84932e-05
14600: 6.84885e-05
14601: 6.84838e-05
14602: 6.84791e-05
14603: 6.84744e-05
14604: 6.84697e-05
14605: 6.8465e-05
14606: 6.84603e-05
14607: 6.84556e-05
14608: 6.8451e-05
14609: 6.84463e-05
14610: 6.84416e-05
14611: 6.84369e-05
14612: 6.84322e-05
14613: 6.84275e-05
14614: 6.84229e-05
14615: 6.84182e-05
14616: 6.84135e-05
14617: 6.84088e-05
14618: 6.84041e-05
14619: 6.83995e-05
14620: 6.83948e-05
14621: 6.83901e-05
14622: 6.83854e-05
14623: 6.83807e-05
14624: 6.83761e-05
14625: 6.83714e-05
14626: 6.83667e-05
14627: 6.8362e-05
14628: 6.83574e-05
14629: 6.83527e-05
14630: 6.8348e-05
14631: 6.83434e-05
14632: 6.83387e-05
14633: 6.8334e-05
14634: 6.83293e-05
14635: 6.83247e-05
14636: 6.832e-05
14637: 6.83153e-05
14638: 6.83107e-05
14639: 6.8306e-05
14640: 6.83013e-05
14641: 6.82967e-05
14642: 6.8292e-05
14643: 6.82874e-05
14644: 6.82827e-05
14645: 6.8278e-05
14646: 6.82734e-05
14647: 6.82687e-05
14648: 6.8264e-05
14649: 6.82594e-05
14650: 6.82547e-05
14651: 6.82501e-05
14652: 6.82454e-05
14653: 6.82408e-05
14654: 6.82361e-05
14655: 6.82314e-05
14656: 6.82268e-05
14657: 6.82221e-05
14658: 6.82175e-05
14659: 6.82128e-05
14660: 6.82082e-05
14661: 6.82035e-05
14662: 6.81989e-05
14663: 6.81942e-05
14664: 6.81896e-05
14665: 6.81849e-05
14666: 6.81803e-05
14667: 6.81756e-05
14668: 6.8171e-05
14669: 6.81663e-05
14670: 6.81617e-05
14671: 6.8157e-05
14672: 6.81524e-05
14673: 6.81477e-05
14674: 6.81431e-05
14675: 6.81385e-05
14676: 6.81338e-05
14677: 6.81292e-05
14678: 6.81245e-05
14679: 6.81199e-05
14680: 6.81153e-05
14681: 6.81106e-05
14682: 6.8106e-05
14683: 6.81013e-05
14684: 6.80967e-05
14685: 6.80921e-05
14686: 6.80874e-05
14687: 6.80828e-05
14688: 6.80782e-05
14689: 6.80735e-05
14690: 6.80689e-05
14691: 6.80643e-05
14692: 6.80596e-05
14693: 6.8055e-05
14694: 6.80504e-05
14695: 6.80457e-05
14696: 6.80411e-05
14697: 6.80365e-05
14698: 6.80318e-05
14699: 6.80272e-05
14700: 6.80226e-05
14701: 6.8018e-05
14702: 6.80133e-05
14703: 6.80087e-05
14704: 6.80041e-05
14705: 6.79995e-05
14706: 6.79948e-05
14707: 6.79902e-05
14708: 6.79856e-05
14709: 6.7981e-05
14710: 6.79763e-05
14711: 6.79717e-05
14712: 6.79671e-05
14713: 6.79625e-05
14714: 6.79579e-05
14715: 6.79532e-05
14716: 6.79486e-05
14717: 6.7944e-05
14718: 6.79394e-05
14719: 6.79348e-05
14720: 6.79302e-05
14721: 6.79256e-05
14722: 6.79209e-05
14723: 6.79163e-05
14724: 6.79117e-05
14725: 6.79071e-05
14726: 6.79025e-05
14727: 6.78979e-05
14728: 6.78933e-05
14729: 6.78887e-05
14730: 6.78841e-05
14731: 6.78794e-05
14732: 6.78748e-05
14733: 6.78702e-05
14734: 6.78656e-05
14735: 6.7861e-05
14736: 6.78564e-05
14737: 6.78518e-05
14738: 6.78472e-05
14739: 6.78426e-05
14740: 6.7838e-05
14741: 6.78334e-05
14742: 6.78288e-05
14743: 6.78242e-05
14744: 6.78196e-05
14745: 6.7815e-05
14746: 6.78104e-05
14747: 6.78058e-05
14748: 6.78012e-05
14749: 6.77966e-05
14750: 6.7792e-05
14751: 6.77874e-05
14752: 6.77828e-05
14753: 6.77782e-05
14754: 6.77736e-05
14755: 6.7769e-05
14756: 6.77645e-05
14757: 6.77599e-05
14758: 6.77553e-05
14759: 6.77507e-05
14760: 6.77461e-05
14761: 6.77415e-05
14762: 6.77369e-05
14763: 6.77323e-05
14764: 6.77277e-05
14765: 6.77231e-05
14766: 6.77186e-05
14767: 6.7714e-05
14768: 6.77094e-05
14769: 6.77048e-05
14770: 6.77002e-05
14771: 6.76956e-05
14772: 6.76911e-05
14773: 6.76865e-05
14774: 6.76819e-05
14775: 6.76773e-05
14776: 6.76727e-05
14777: 6.76682e-05
14778: 6.76636e-05
14779: 6.7659e-05
14780: 6.76544e-05
14781: 6.76498e-05
14782: 6.76453e-05
14783: 6.76407e-05
14784: 6.76361e-05
14785: 6.76315e-05
14786: 6.7627e-05
14787: 6.76224e-05
14788: 6.76178e-05
14789: 6.76133e-05
14790: 6.76087e-05
14791: 6.76041e-05
14792: 6.75995e-05
14793: 6.7595e-05
14794: 6.75904e-05
14795: 6.75858e-05
14796: 6.75813e-05
14797: 6.75767e-05
14798: 6.75721e-05
14799: 6.75676e-05
14800: 6.7563e-05
14801: 6.75584e-05
14802: 6.75539e-05
14803: 6.75493e-05
14804: 6.75447e-05
14805: 6.75402e-05
14806: 6.75356e-05
14807: 6.75311e-05
14808: 6.75265e-05
14809: 6.75219e-05
14810: 6.75174e-05
14811: 6.75128e-05
14812: 6.75083e-05
14813: 6.75037e-05
14814: 6.74992e-05
14815: 6.74946e-05
14816: 6.749e-05
14817: 6.74855e-05
14818: 6.74809e-05
14819: 6.74764e-05
14820: 6.74718e-05
14821: 6.74673e-05
14822: 6.74627e-05
14823: 6.74582e-05
14824: 6.74536e-05
14825: 6.74491e-05
14826: 6.74445e-05
14827: 6.744e-05
14828: 6.74354e-05
14829: 6.74309e-05
14830: 6.74263e-05
14831: 6.74218e-05
14832: 6.74172e-05
14833: 6.74127e-05
14834: 6.74082e-05
14835: 6.74036e-05
14836: 6.73991e-05
14837: 6.73945e-05
14838: 6.739e-05
14839: 6.73854e-05
14840: 6.73809e-05
14841: 6.73764e-05
14842: 6.73718e-05
14843: 6.73673e-05
14844: 6.73627e-05
14845: 6.73582e-05
14846: 6.73537e-05
14847: 6.73491e-05
14848: 6.73446e-05
14849: 6.73401e-05
14850: 6.73355e-05
14851: 6.7331e-05
14852: 6.73265e-05
14853: 6.73219e-05
14854: 6.73174e-05
14855: 6.73129e-05
14856: 6.73083e-05
14857: 6.73038e-05
14858: 6.72993e-05
14859: 6.72948e-05
14860: 6.72902e-05
14861: 6.72857e-05
14862: 6.72812e-05
14863: 6.72766e-05
14864: 6.72721e-05
14865: 6.72676e-05
14866: 6.72631e-05
14867: 6.72585e-05
14868: 6.7254e-05
14869: 6.72495e-05
14870: 6.7245e-05
14871: 6.72405e-05
14872: 6.72359e-05
14873: 6.72314e-05
14874: 6.72269e-05
14875: 6.72224e-05
14876: 6.72179e-05
14877: 6.72133e-05
14878: 6.72088e-05
14879: 6.72043e-05
14880: 6.71998e-05
14881: 6.71953e-05
14882: 6.71908e-05
14883: 6.71862e-05
14884: 6.71817e-05
14885: 6.71772e-05
14886: 6.71727e-05
14887: 6.71682e-05
14888: 6.71637e-05
14889: 6.71592e-05
14890: 6.71547e-05
14891: 6.71501e-05
14892: 6.71456e-05
14893: 6.71411e-05
14894: 6.71366e-05
14895: 6.71321e-05
14896: 6.71276e-05
14897: 6.71231e-05
14898: 6.71186e-05
14899: 6.71141e-05
14900: 6.71096e-05
14901: 6.71051e-05
14902: 6.71006e-05
14903: 6.70961e-05
14904: 6.70916e-05
14905: 6.70871e-05
14906: 6.70826e-05
14907: 6.70781e-05
14908: 6.70736e-05
14909: 6.70691e-05
14910: 6.70646e-05
14911: 6.70601e-05
14912: 6.70556e-05
14913: 6.70511e-05
14914: 6.70466e-05
14915: 6.70421e-05
14916: 6.70376e-05
14917: 6.70331e-05
14918: 6.70286e-05
14919: 6.70241e-05
14920: 6.70196e-05
14921: 6.70151e-05
14922: 6.70107e-05
14923: 6.70062e-05
14924: 6.70017e-05
14925: 6.69972e-05
14926: 6.69927e-05
14927: 6.69882e-05
14928: 6.69837e-05
14929: 6.69792e-05
14930: 6.69748e-05
14931: 6.69703e-05
14932: 6.69658e-05
14933: 6.69613e-05
14934: 6.69568e-05
14935: 6.69523e-05
14936: 6.69478e-05
14937: 6.69434e-05
14938: 6.69389e-05
14939: 6.69344e-05
14940: 6.69299e-05
14941: 6.69254e-05
14942: 6.6921e-05
14943: 6.69165e-05
14944: 6.6912e-05
14945: 6.69075e-05
14946: 6.69031e-05
14947: 6.68986e-05
14948: 6.68941e-05
14949: 6.68896e-05
14950: 6.68852e-05
14951: 6.68807e-05
14952: 6.68762e-05
14953: 6.68717e-05
14954: 6.68673e-05
14955: 6.68628e-05
14956: 6.68583e-05
14957: 6.68539e-05
14958: 6.68494e-05
14959: 6.68449e-05
14960: 6.68405e-05
14961: 6.6836e-05
14962: 6.68315e-05
14963: 6.68271e-05
14964: 6.68226e-05
14965: 6.68181e-05
14966: 6.68137e-05
14967: 6.68092e-05
14968: 6.68047e-05
14969: 6.68003e-05
14970: 6.67958e-05
14971: 6.67913e-05
14972: 6.67869e-05
14973: 6.67824e-05
14974: 6.6778e-05
14975: 6.67735e-05
14976: 6.6769e-05
14977: 6.67646e-05
14978: 6.67601e-05
14979: 6.67557e-05
14980: 6.67512e-05
14981: 6.67468e-05
14982: 6.67423e-05
14983: 6.67379e-05
14984: 6.67334e-05
14985: 6.67289e-05
14986: 6.67245e-05
14987: 6.672e-05
14988: 6.67156e-05
14989: 6.67111e-05
14990: 6.67067e-05
14991: 6.67022e-05
14992: 6.66978e-05
14993: 6.66933e-05
14994: 6.66889e-05
14995: 6.66844e-05
14996: 6.668e-05
14997: 6.66756e-05
14998: 6.66711e-05
14999: 6.66667e-05
15000: 6.66622e-05
15001: 6.66578e-05
15002: 6.66533e-05
15003: 6.66489e-05
15004: 6.66445e-05
15005: 6.664e-05
15006: 6.66356e-05
15007: 6.66311e-05
15008: 6.66267e-05
15009: 6.66223e-05
15010: 6.66178e-05
15011: 6.66134e-05
15012: 6.66089e-05
15013: 6.66045e-05
15014: 6.66001e-05
15015: 6.65956e-05
15016: 6.65912e-05
15017: 6.65868e-05
15018: 6.65823e-05
15019: 6.65779e-05
15020: 6.65735e-05
15021: 6.6569e-05
15022: 6.65646e-05
15023: 6.65602e-05
15024: 6.65557e-05
15025: 6.65513e-05
15026: 6.65469e-05
15027: 6.65425e-05
15028: 6.6538e-05
15029: 6.65336e-05
15030: 6.65292e-05
15031: 6.65247e-05
15032: 6.65203e-05
15033: 6.65159e-05
15034: 6.65115e-05
15035: 6.6507e-05
15036: 6.65026e-05
15037: 6.64982e-05
15038: 6.64938e-05
15039: 6.64894e-05
15040: 6.64849e-05
15041: 6.64805e-05
15042: 6.64761e-05
15043: 6.64717e-05
15044: 6.64673e-05
15045: 6.64628e-05
15046: 6.64584e-05
15047: 6.6454e-05
15048: 6.64496e-05
15049: 6.64452e-05
15050: 6.64408e-05
15051: 6.64364e-05
15052: 6.64319e-05
15053: 6.64275e-05
15054: 6.64231e-05
15055: 6.64187e-05
15056: 6.64143e-05
15057: 6.64099e-05
15058: 6.64055e-05
15059: 6.64011e-05
15060: 6.63967e-05
15061: 6.63922e-05
15062: 6.63878e-05
15063: 6.63834e-05
15064: 6.6379e-05
15065: 6.63746e-05
15066: 6.63702e-05
15067: 6.63658e-05
15068: 6.63614e-05
15069: 6.6357e-05
15070: 6.63526e-05
15071: 6.63482e-05
15072: 6.63438e-05
15073: 6.63394e-05
15074: 6.6335e-05
15075: 6.63306e-05
15076: 6.63262e-05
15077: 6.63218e-05
15078: 6.63174e-05
15079: 6.6313e-05
15080: 6.63086e-05
15081: 6.63042e-05
15082: 6.62998e-05
15083: 6.62954e-05
15084: 6.6291e-05
15085: 6.62866e-05
15086: 6.62822e-05
15087: 6.62778e-05
15088: 6.62734e-05
15089: 6.62691e-05
15090: 6.62647e-05
15091: 6.62603e-05
15092: 6.62559e-05
15093: 6.62515e-05
15094: 6.62471e-05
15095: 6.62427e-05
15096: 6.62383e-05
15097: 6.62339e-05
15098: 6.62296e-05
15099: 6.62252e-05
15100: 6.62208e-05
15101: 6.62164e-05
15102: 6.6212e-05
15103: 6.62076e-05
15104: 6.62032e-05
15105: 6.61989e-05
15106: 6.61945e-05
15107: 6.61901e-05
15108: 6.61857e-05
15109: 6.61813e-05
15110: 6.6177e-05
15111: 6.61726e-05
15112: 6.61682e-05
15113: 6.61638e-05
15114: 6.61594e-05
15115: 6.61551e-05
15116: 6.61507e-05
15117: 6.61463e-05
15118: 6.61419e-05
15119: 6.61376e-05
15120: 6.61332e-05
15121: 6.61288e-05
15122: 6.61244e-05
15123: 6.61201e-05
15124: 6.61157e-05
15125: 6.61113e-05
15126: 6.6107e-05
15127: 6.61026e-05
15128: 6.60982e-05
15129: 6.60939e-05
15130: 6.60895e-05
15131: 6.60851e-05
15132: 6.60808e-05
15133: 6.60764e-05
15134: 6.6072e-05
15135: 6.60677e-05
15136: 6.60633e-05
15137: 6.60589e-05
15138: 6.60546e-05
15139: 6.60502e-05
15140: 6.60458e-05
15141: 6.60415e-05
15142: 6.60371e-05
15143: 6.60328e-05
15144: 6.60284e-05
15145: 6.6024e-05
15146: 6.60197e-05
15147: 6.60153e-05
15148: 6.6011e-05
15149: 6.60066e-05
15150: 6.60022e-05
15151: 6.59979e-05
15152: 6.59935e-05
15153: 6.59892e-05
15154: 6.59848e-05
15155: 6.59805e-05
15156: 6.59761e-05
15157: 6.59718e-05
15158: 6.59674e-05
15159: 6.59631e-05
15160: 6.59587e-05
15161: 6.59544e-05
15162: 6.595e-05
15163: 6.59457e-05
15164: 6.59413e-05
15165: 6.5937e-05
15166: 6.59326e-05
15167: 6.59283e-05
15168: 6.59239e-05
15169: 6.59196e-05
15170: 6.59152e-05
15171: 6.59109e-05
15172: 6.59065e-05
15173: 6.59022e-05
15174: 6.58979e-05
15175: 6.58935e-05
15176: 6.58892e-05
15177: 6.58848e-05
15178: 6.58805e-05
15179: 6.58762e-05
15180: 6.58718e-05
15181: 6.58675e-05
15182: 6.58631e-05
15183: 6.58588e-05
15184: 6.58545e-05
15185: 6.58501e-05
15186: 6.58458e-05
15187: 6.58415e-05
15188: 6.58371e-05
15189: 6.58328e-05
15190: 6.58285e-05
15191: 6.58241e-05
15192: 6.58198e-05
15193: 6.58155e-05
15194: 6.58111e-05
15195: 6.58068e-05
15196: 6.58025e-05
15197: 6.57981e-05
15198: 6.57938e-05
15199: 6.57895e-05
15200: 6.57851e-05
15201: 6.57808e-05
15202: 6.57765e-05
15203: 6.57722e-05
15204: 6.57678e-05
15205: 6.57635e-05
15206: 6.57592e-05
15207: 6.57549e-05
15208: 6.57505e-05
15209: 6.57462e-05
15210: 6.57419e-05
15211: 6.57376e-05
15212: 6.57333e-05
15213: 6.57289e-05
15214: 6.57246e-05
15215: 6.57203e-05
15216: 6.5716e-05
15217: 6.57117e-05
15218: 6.57073e-05
15219: 6.5703e-05
15220: 6.56987e-05
15221: 6.56944e-05
15222: 6.56901e-05
15223: 6.56858e-05
15224: 6.56814e-05
15225: 6.56771e-05
15226: 6.56728e-05
15227: 6.56685e-05
15228: 6.56642e-05
15229: 6.56599e-05
15230: 6.56556e-05
15231: 6.56513e-05
15232: 6.5647e-05
15233: 6.56426e-05
15234: 6.56383e-05
15235: 6.5634e-05
15236: 6.56297e-05
15237: 6.56254e-05
15238: 6.56211e-05
15239: 6.56168e-05
15240: 6.56125e-05
15241: 6.56082e-05
15242: 6.56039e-05
15243: 6.55996e-05
15244: 6.55953e-05
15245: 6.5591e-05
15246: 6.55867e-05
15247: 6.55824e-05
15248: 6.55781e-05
15249: 6.55738e-05
15250: 6.55695e-05
15251: 6.55652e-05
15252: 6.55609e-05
15253: 6.55566e-05
15254: 6.55523e-05
15255: 6.5548e-05
15256: 6.55437e-05
15257: 6.55394e-05
15258: 6.55351e-05
15259: 6.55308e-05
15260: 6.55265e-05
15261: 6.55222e-05
15262: 6.55179e-05
15263: 6.55136e-05
15264: 6.55093e-05
15265: 6.5505e-05
15266: 6.55008e-05
15267: 6.54965e-05
15268: 6.54922e-05
15269: 6.54879e-05
15270: 6.54836e-05
15271: 6.54793e-05
15272: 6.5475e-05
15273: 6.54707e-05
15274: 6.54664e-05
15275: 6.54622e-05
15276: 6.54579e-05
15277: 6.54536e-05
15278: 6.54493e-05
15279: 6.5445e-05
15280: 6.54407e-05
15281: 6.54365e-05
15282: 6.54322e-05
15283: 6.54279e-05
15284: 6.54236e-05
15285: 6.54193e-05
15286: 6.54151e-05
15287: 6.54108e-05
15288: 6.54065e-05
15289: 6.54022e-05
15290: 6.53979e-05
15291: 6.53937e-05
15292: 6.53894e-05
15293: 6.53851e-05
15294: 6.53808e-05
15295: 6.53766e-05
15296: 6.53723e-05
15297: 6.5368e-05
15298: 6.53637e-05
15299: 6.53595e-05
15300: 6.53552e-05
15301: 6.53509e-05
15302: 6.53467e-05
15303: 6.53424e-05
15304: 6.53381e-05
15305: 6.53339e-05
15306: 6.53296e-05
15307: 6.53253e-05
15308: 6.53211e-05
15309: 6.53168e-05
15310: 6.53125e-05
15311: 6.53083e-05
15312: 6.5304e-05
15313: 6.52997e-05
15314: 6.52955e-05
15315: 6.52912e-05
15316: 6.52869e-05
15317: 6.52827e-05
15318: 6.52784e-05
15319: 6.52742e-05
15320: 6.52699e-05
15321: 6.52656e-05
15322: 6.52614e-05
15323: 6.52571e-05
15324: 6.52529e-05
15325: 6.52486e-05
15326: 6.52443e-05
15327: 6.52401e-05
15328: 6.52358e-05
15329: 6.52316e-05
15330: 6.52273e-05
15331: 6.52231e-05
15332: 6.52188e-05
15333: 6.52146e-05
15334: 6.52103e-05
15335: 6.52061e-05
15336: 6.52018e-05
15337: 6.51975e-05
15338: 6.51933e-05
15339: 6.5189e-05
15340: 6.51848e-05
15341: 6.51806e-05
15342: 6.51763e-05
15343: 6.51721e-05
15344: 6.51678e-05
15345: 6.51636e-05
15346: 6.51593e-05
15347: 6.51551e-05
15348: 6.51508e-05
15349: 6.51466e-05
15350: 6.51423e-05
15351: 6.51381e-05
15352: 6.51339e-05
15353: 6.51296e-05
15354: 6.51254e-05
15355: 6.51211e-05
15356: 6.51169e-05
15357: 6.51126e-05
15358: 6.51084e-05
15359: 6.51042e-05
15360: 6.50999e-05
15361: 6.50957e-05
15362: 6.50915e-05
15363: 6.50872e-05
15364: 6.5083e-05
15365: 6.50787e-05
15366: 6.50745e-05
15367: 6.50703e-05
15368: 6.5066e-05
15369: 6.50618e-05
15370: 6.50576e-05
15371: 6.50533e-05
15372: 6.50491e-05
15373: 6.50449e-05
15374: 6.50407e-05
15375: 6.50364e-05
15376: 6.50322e-05
15377: 6.5028e-05
15378: 6.50237e-05
15379: 6.50195e-05
15380: 6.50153e-05
15381: 6.50111e-05
15382: 6.50068e-05
15383: 6.50026e-05
15384: 6.49984e-05
15385: 6.49942e-05
15386: 6.49899e-05
15387: 6.49857e-05
15388: 6.49815e-05
15389: 6.49773e-05
15390: 6.4973e-05
15391: 6.49688e-05
15392: 6.49646e-05
15393: 6.49604e-05
15394: 6.49562e-05
15395: 6.49519e-05
15396: 6.49477e-05
15397: 6.49435e-05
15398: 6.49393e-05
15399: 6.49351e-05
15400: 6.49308e-05
15401: 6.49266e-05
15402: 6.49224e-05
15403: 6.49182e-05
15404: 6.4914e-05
15405: 6.49098e-05
15406: 6.49056e-05
15407: 6.49013e-05
15408: 6.48971e-05
15409: 6.48929e-05
15410: 6.48887e-05
15411: 6.48845e-05
15412: 6.48803e-05
15413: 6.48761e-05
15414: 6.48719e-05
15415: 6.48677e-05
15416: 6.48635e-05
15417: 6.48593e-05
15418: 6.4855e-05
15419: 6.48508e-05
15420: 6.48466e-05
15421: 6.48424e-05
15422: 6.48382e-05
15423: 6.4834e-05
15424: 6.48298e-05
15425: 6.48256e-05
15426: 6.48214e-05
15427: 6.48172e-05
15428: 6.4813e-05
15429: 6.48088e-05
15430: 6.48046e-05
15431: 6.48004e-05
15432: 6.47962e-05
15433: 6.4792e-05
15434: 6.47878e-05
15435: 6.47836e-05
15436: 6.47794e-05
15437: 6.47752e-05
15438: 6.4771e-05
15439: 6.47668e-05
15440: 6.47626e-05
15441: 6.47585e-05
15442: 6.47543e-05
15443: 6.47501e-05
15444: 6.47459e-05
15445: 6.47417e-05
15446: 6.47375e-05
15447: 6.47333e-05
15448: 6.47291e-05
15449: 6.47249e-05
15450: 6.47207e-05
15451: 6.47165e-05
15452: 6.47124e-05
15453: 6.47082e-05
15454: 6.4704e-05
15455: 6.46998e-05
15456: 6.46956e-05
15457: 6.46914e-05
15458: 6.46872e-05
15459: 6.46831e-05
15460: 6.46789e-05
15461: 6.46747e-05
15462: 6.46705e-05
15463: 6.46663e-05
15464: 6.46621e-05
15465: 6.4658e-05
15466: 6.46538e-05
15467: 6.46496e-05
15468: 6.46454e-05
15469: 6.46412e-05
15470: 6.46371e-05
15471: 6.46329e-05
15472: 6.46287e-05
15473: 6.46245e-05
15474: 6.46204e-05
15475: 6.46162e-05
15476: 6.4612e-05
15477: 6.46078e-05
15478: 6.46037e-05
15479: 6.45995e-05
15480: 6.45953e-05
15481: 6.45911e-05
15482: 6.4587e-05
15483: 6.45828e-05
15484: 6.45786e-05
15485: 6.45745e-05
15486: 6.45703e-05
15487: 6.45661e-05
15488: 6.45619e-05
15489: 6.45578e-05
15490: 6.45536e-05
15491: 6.45494e-05
15492: 6.45453e-05
15493: 6.45411e-05
15494: 6.45369e-05
15495: 6.45328e-05
15496: 6.45286e-05
15497: 6.45245e-05
15498: 6.45203e-05
15499: 6.45161e-05
15500: 6.4512e-05
15501: 6.45078e-05
15502: 6.45036e-05
15503: 6.44995e-05
15504: 6.44953e-05
15505: 6.44912e-05
15506: 6.4487e-05
15507: 6.44828e-05
15508: 6.44787e-05
15509: 6.44745e-05
15510: 6.44704e-05
15511: 6.44662e-05
15512: 6.44621e-05
15513: 6.44579e-05
15514: 6.44538e-05
15515: 6.44496e-05
15516: 6.44454e-05
15517: 6.44413e-05
15518: 6.44371e-05
15519: 6.4433e-05
15520: 6.44288e-05
15521: 6.44247e-05
15522: 6.44205e-05
15523: 6.44164e-05
15524: 6.44122e-05
15525: 6.44081e-05
15526: 6.44039e-05
15527: 6.43998e-05
15528: 6.43956e-05
15529: 6.43915e-05
15530: 6.43874e-05
15531: 6.43832e-05
15532: 6.43791e-05
15533: 6.43749e-05
15534: 6.43708e-05
15535: 6.43666e-05
15536: 6.43625e-05
15537: 6.43583e-05
15538: 6.43542e-05
15539: 6.43501e-05
15540: 6.43459e-05
15541: 6.43418e-05
15542: 6.43376e-05
15543: 6.43335e-05
15544: 6.43294e-05
15545: 6.43252e-05
15546: 6.43211e-05
15547: 6.4317e-05
15548: 6.43128e-05
15549: 6.43087e-05
15550: 6.43045e-05
15551: 6.43004e-05
15552: 6.42963e-05
15553: 6.42921e-05
15554: 6.4288e-05
15555: 6.42839e-05
15556: 6.42797e-05
15557: 6.42756e-05
15558: 6.42715e-05
15559: 6.42674e-05
15560: 6.42632e-05
15561: 6.42591e-05
15562: 6.4255e-05
15563: 6.42508e-05
15564: 6.42467e-05
15565: 6.42426e-05
15566: 6.42385e-05
15567: 6.42343e-05
15568: 6.42302e-05
15569: 6.42261e-05
15570: 6.4222e-05
15571: 6.42178e-05
15572: 6.42137e-05
15573: 6.42096e-05
15574: 6.42055e-05
15575: 6.42013e-05
15576: 6.41972e-05
15577: 6.41931e-05
15578: 6.4189e-05
15579: 6.41849e-05
15580: 6.41807e-05
15581: 6.41766e-05
15582: 6.41725e-05
15583: 6.41684e-05
15584: 6.41643e-05
15585: 6.41601e-05
15586: 6.4156e-05
15587: 6.41519e-05
15588: 6.41478e-05
15589: 6.41437e-05
15590: 6.41396e-05
15591: 6.41355e-05
15592: 6.41313e-05
15593: 6.41272e-05
15594: 6.41231e-05
15595: 6.4119e-05
15596: 6.41149e-05
15597: 6.41108e-05
15598: 6.41067e-05
15599: 6.41026e-05
15600: 6.40985e-05
15601: 6.40943e-05
15602: 6.40902e-05
15603: 6.40861e-05
15604: 6.4082e-05
15605: 6.40779e-05
15606: 6.40738e-05
15607: 6.40697e-05
15608: 6.40656e-05
15609: 6.40615e-05
15610: 6.40574e-05
15611: 6.40533e-05
15612: 6.40492e-05
15613: 6.40451e-05
15614: 6.4041e-05
15615: 6.40369e-05
15616: 6.40328e-05
15617: 6.40287e-05
15618: 6.40246e-05
15619: 6.40205e-05
15620: 6.40164e-05
15621: 6.40123e-05
15622: 6.40082e-05
15623: 6.40041e-05
15624: 6.4e-05
15625: 6.39959e-05
15626: 6.39918e-05
15627: 6.39877e-05
15628: 6.39836e-05
15629: 6.39795e-05
15630: 6.39754e-05
15631: 6.39713e-05
15632: 6.39672e-05
15633: 6.39632e-05
15634: 6.39591e-05
15635: 6.3955e-05
15636: 6.39509e-05
15637: 6.39468e-05
15638: 6.39427e-05
15639: 6.39386e-05
15640: 6.39345e-05
15641: 6.39304e-05
15642: 6.39264e-05
15643: 6.39223e-05
15644: 6.39182e-05
15645: 6.39141e-05
15646: 6.391e-05
15647: 6.39059e-05
15648: 6.39018e-05
15649: 6.38978e-05
15650: 6.38937e-05
15651: 6.38896e-05
15652: 6.38855e-05
15653: 6.38814e-05
15654: 6.38774e-05
15655: 6.38733e-05
15656: 6.38692e-05
15657: 6.38651e-05
15658: 6.3861e-05
15659: 6.3857e-05
15660: 6.38529e-05
15661: 6.38488e-05
15662: 6.38447e-05
15663: 6.38407e-05
15664: 6.38366e-05
15665: 6.38325e-05
15666: 6.38284e-05
15667: 6.38244e-05
15668: 6.38203e-05
15669: 6.38162e-05
15670: 6.38121e-05
15671: 6.38081e-05
15672: 6.3804e-05
15673: 6.37999e-05
15674: 6.37959e-05
15675: 6.37918e-05
15676: 6.37877e-05
15677: 6.37836e-05
15678: 6.37796e-05
15679: 6.37755e-05
15680: 6.37714e-05
15681: 6.37674e-05
15682: 6.37633e-05
15683: 6.37592e-05
15684: 6.37552e-05
15685: 6.37511e-05
15686: 6.37471e-05
15687: 6.3743e-05
15688: 6.37389e-05
15689: 6.37349e-05
15690: 6.37308e-05
15691: 6.37267e-05
15692: 6.37227e-05
15693: 6.37186e-05
15694: 6.37146e-05
15695: 6.37105e-05
15696: 6.37064e-05
15697: 6.37024e-05
15698: 6.36983e-05
15699: 6.36943e-05
15700: 6.36902e-05
15701: 6.36862e-05
15702: 6.36821e-05
15703: 6.3678e-05
15704: 6.3674e-05
15705: 6.36699e-05
15706: 6.36659e-05
15707: 6.36618e-05
15708: 6.36578e-05
15709: 6.36537e-05
15710: 6.36497e-05
15711: 6.36456e-05
15712: 6.36416e-05
15713: 6.36375e-05
15714: 6.36335e-05
15715: 6.36294e-05
15716: 6.36254e-05
15717: 6.36213e-05
15718: 6.36173e-05
15719: 6.36132e-05
15720: 6.36092e-05
15721: 6.36051e-05
15722: 6.36011e-05
15723: 6.3597e-05
15724: 6.3593e-05
15725: 6.3589e-05
15726: 6.35849e-05
15727: 6.35809e-05
15728: 6.35768e-05
15729: 6.35728e-05
15730: 6.35687e-05
15731: 6.35647e-05
15732: 6.35607e-05
15733: 6.35566e-05
15734: 6.35526e-05
15735: 6.35486e-05
15736: 6.35445e-05
15737: 6.35405e-05
15738: 6.35364e-05
15739: 6.35324e-05
15740: 6.35284e-05
15741: 6.35243e-05
15742: 6.35203e-05
15743: 6.35163e-05
15744: 6.35122e-05
15745: 6.35082e-05
15746: 6.35042e-05
15747: 6.35001e-05
15748: 6.34961e-05
15749: 6.34921e-05
15750: 6.3488e-05
15751: 6.3484e-05
15752: 6.348e-05
15753: 6.34759e-05
15754: 6.34719e-05
15755: 6.34679e-05
15756: 6.34639e-05
15757: 6.34598e-05
15758: 6.34558e-05
15759: 6.34518e-05
15760: 6.34478e-05
15761: 6.34437e-05
15762: 6.34397e-05
15763: 6.34357e-05
15764: 6.34317e-05
15765: 6.34276e-05
15766: 6.34236e-05
15767: 6.34196e-05
15768: 6.34156e-05
15769: 6.34115e-05
15770: 6.34075e-05
15771: 6.34035e-05
15772: 6.33995e-05
15773: 6.33955e-05
15774: 6.33914e-05
15775: 6.33874e-05
15776: 6.33834e-05
15777: 6.33794e-05
15778: 6.33754e-05
15779: 6.33714e-05
15780: 6.33673e-05
15781: 6.33633e-05
15782: 6.33593e-05
15783: 6.33553e-05
15784: 6.33513e-05
15785: 6.33473e-05
15786: 6.33433e-05
15787: 6.33392e-05
15788: 6.33352e-05
15789: 6.33312e-05
15790: 6.33272e-05
15791: 6.33232e-05
15792: 6.33192e-05
15793: 6.33152e-05
15794: 6.33112e-05
15795: 6.33072e-05
15796: 6.33032e-05
15797: 6.32992e-05
15798: 6.32951e-05
15799: 6.32911e-05
15800: 6.32871e-05
15801: 6.32831e-05
15802: 6.32791e-05
15803: 6.32751e-05
15804: 6.32711e-05
15805: 6.32671e-05
15806: 6.32631e-05
15807: 6.32591e-05
15808: 6.32551e-05
15809: 6.32511e-05
15810: 6.32471e-05
15811: 6.32431e-05
15812: 6.32391e-05
15813: 6.32351e-05
15814: 6.32311e-05
15815: 6.32271e-05
15816: 6.32231e-05
15817: 6.32191e-05
15818: 6.32151e-05
15819: 6.32111e-05
15820: 6.32071e-05
15821: 6.32031e-05
15822: 6.31991e-05
15823: 6.31951e-05
15824: 6.31912e-05
15825: 6.31872e-05
15826: 6.31832e-05
15827: 6.31792e-05
15828: 6.31752e-05
15829: 6.31712e-05
15830: 6.31672e-05
15831: 6.31632e-05
15832: 6.31592e-05
15833: 6.31552e-05
15834: 6.31512e-05
15835: 6.31473e-05
15836: 6.31433e-05
15837: 6.31393e-05
15838: 6.31353e-05
15839: 6.31313e-05
15840: 6.31273e-05
15841: 6.31233e-05
15842: 6.31194e-05
15843: 6.31154e-05
15844: 6.31114e-05
15845: 6.31074e-05
15846: 6.31034e-05
15847: 6.30994e-05
15848: 6.30955e-05
15849: 6.30915e-05
15850: 6.30875e-05
15851: 6.30835e-05
15852: 6.30795e-05
15853: 6.30756e-05
15854: 6.30716e-05
15855: 6.30676e-05
15856: 6.30636e-05
15857: 6.30597e-05
15858: 6.30557e-05
15859: 6.30517e-05
15860: 6.30477e-05
15861: 6.30438e-05
15862: 6.30398e-05
15863: 6.30358e-05
15864: 6.30318e-05
15865: 6.30279e-05
15866: 6.30239e-05
15867: 6.30199e-05
15868: 6.30159e-05
15869: 6.3012e-05
15870: 6.3008e-05
15871: 6.3004e-05
15872: 6.30001e-05
15873: 6.29961e-05
15874: 6.29921e-05
15875: 6.29882e-05
15876: 6.29842e-05
15877: 6.29802e-05
15878: 6.29763e-05
15879: 6.29723e-05
15880: 6.29683e-05
15881: 6.29644e-05
15882: 6.29604e-05
15883: 6.29564e-05
15884: 6.29525e-05
15885: 6.29485e-05
15886: 6.29445e-05
15887: 6.29406e-05
15888: 6.29366e-05
15889: 6.29327e-05
15890: 6.29287e-05
15891: 6.29247e-05
15892: 6.29208e-05
15893: 6.29168e-05
15894: 6.29129e-05
15895: 6.29089e-05
15896: 6.2905e-05
15897: 6.2901e-05
15898: 6.2897e-05
15899: 6.28931e-05
15900: 6.28891e-05
15901: 6.28852e-05
15902: 6.28812e-05
15903: 6.28773e-05
15904: 6.28733e-05
15905: 6.28694e-05
15906: 6.28654e-05
15907: 6.28615e-05
15908: 6.28575e-05
15909: 6.28536e-05
15910: 6.28496e-05
15911: 6.28457e-05
15912: 6.28417e-05
15913: 6.28378e-05
15914: 6.28338e-05
15915: 6.28299e-05
15916: 6.28259e-05
15917: 6.2822e-05
15918: 6.2818e-05
15919: 6.28141e-05
15920: 6.28101e-05
15921: 6.28062e-05
15922: 6.28022e-05
15923: 6.27983e-05
15924: 6.27943e-05
15925: 6.27904e-05
15926: 6.27865e-05
15927: 6.27825e-05
15928: 6.27786e-05
15929: 6.27746e-05
15930: 6.27707e-05
15931: 6.27668e-05
15932: 6.27628e-05
15933: 6.27589e-05
15934: 6.27549e-05
15935: 6.2751e-05
15936: 6.27471e-05
15937: 6.27431e-05
15938: 6.27392e-05
15939: 6.27353e-05
15940: 6.27313e-05
15941: 6.27274e-05
15942: 6.27235e-05
15943: 6.27195e-05
15944: 6.27156e-05
15945: 6.27117e-05
15946: 6.27077e-05
15947: 6.27038e-05
15948: 6.26999e-05
15949: 6.26959e-05
15950: 6.2692e-05
15951: 6.26881e-05
15952: 6.26841e-05
15953: 6.26802e-05
15954: 6.26763e-05
15955: 6.26723e-05
15956: 6.26684e-05
15957: 6.26645e-05
15958: 6.26606e-05
15959: 6.26566e-05
15960: 6.26527e-05
15961: 6.26488e-05
15962: 6.26449e-05
15963: 6.26409e-05
15964: 6.2637e-05
15965: 6.26331e-05
15966: 6.26292e-05
15967: 6.26253e-05
15968: 6.26213e-05
15969: 6.26174e-05
15970: 6.26135e-05
15971: 6.26096e-05
15972: 6.26056e-05
15973: 6.26017e-05
15974: 6.25978e-05
15975: 6.25939e-05
15976: 6.259e-05
15977: 6.25861e-05
15978: 6.25821e-05
15979: 6.25782e-05
15980: 6.25743e-05
15981: 6.25704e-05
15982: 6.25665e-05
15983: 6.25626e-05
15984: 6.25586e-05
15985: 6.25547e-05
15986: 6.25508e-05
15987: 6.25469e-05
15988: 6.2543e-05
15989: 6.25391e-05
15990: 6.25352e-05
15991: 6.25313e-05
15992: 6.25274e-05
15993: 6.25234e-05
15994: 6.25195e-05
15995: 6.25156e-05
15996: 6.25117e-05
15997: 6.25078e-05
15998: 6.25039e-05
15999: 6.25e-05
16000: 6.24961e-05
16001: 6.24922e-05
16002: 6.24883e-05
16003: 6.24844e-05
16004: 6.24805e-05
16005: 6.24766e-05
16006: 6.24727e-05
16007: 6.24688e-05
16008: 6.24649e-05
16009: 6.2461e-05
16010: 6.24571e-05
16011: 6.24532e-05
16012: 6.24493e-05
16013: 6.24454e-05
16014: 6.24415e-05
16015: 6.24376e-05
16016: 6.24337e-05
16017: 6.24298e-05
16018: 6.24259e-05
16019: 6.2422e-05
16020: 6.24181e-05
16021: 6.24142e-05
16022: 6.24103e-05
16023: 6.24064e-05
16024: 6.24025e-05
16025: 6.23986e-05
16026: 6.23947e-05
16027: 6.23908e-05
16028: 6.23869e-05
16029: 6.2383e-05
16030: 6.23791e-05
16031: 6.23752e-05
16032: 6.23714e-05
16033: 6.23675e-05
16034: 6.23636e-05
16035: 6.23597e-05
16036: 6.23558e-05
16037: 6.23519e-05
16038: 6.2348e-05
16039: 6.23441e-05
16040: 6.23403e-05
16041: 6.23364e-05
16042: 6.23325e-05
16043: 6.23286e-05
16044: 6.23247e-05
16045: 6.23208e-05
16046: 6.23169e-05
16047: 6.23131e-05
16048: 6.23092e-05
16049: 6.23053e-05
16050: 6.23014e-05
16051: 6.22975e-05
16052: 6.22937e-05
16053: 6.22898e-05
16054: 6.22859e-05
16055: 6.2282e-05
16056: 6.22781e-05
16057: 6.22743e-05
16058: 6.22704e-05
16059: 6.22665e-05
16060: 6.22626e-05
16061: 6.22587e-05
16062: 6.22549e-05
16063: 6.2251e-05
16064: 6.22471e-05
16065: 6.22432e-05
16066: 6.22394e-05
16067: 6.22355e-05
16068: 6.22316e-05
16069: 6.22278e-05
16070: 6.22239e-05
16071: 6.222e-05
16072: 6.22161e-05
16073: 6.22123e-05
16074: 6.22084e-05
16075: 6.22045e-05
16076: 6.22007e-05
16077: 6.21968e-05
16078: 6.21929e-05
16079: 6.21891e-05
16080: 6.21852e-05
16081: 6.21813e-05
16082: 6.21775e-05
16083: 6.21736e-05
16084: 6.21697e-05
16085: 6.21659e-05
16086: 6.2162e-05
16087: 6.21581e-05
16088: 6.21543e-05
16089: 6.21504e-05
16090: 6.21465e-05
16091: 6.21427e-05
16092: 6.21388e-05
16093: 6.2135e-05
16094: 6.21311e-05
16095: 6.21272e-05
16096: 6.21234e-05
16097: 6.21195e-05
16098: 6.21157e-05
16099: 6.21118e-05
16100: 6.21079e-05
16101: 6.21041e-05
16102: 6.21002e-05
16103: 6.20964e-05
16104: 6.20925e-05
16105: 6.20887e-05
16106: 6.20848e-05
16107: 6.2081e-05
16108: 6.20771e-05
16109: 6.20732e-05
16110: 6.20694e-05
16111: 6.20655e-05
16112: 6.20617e-05
16113: 6.20578e-05
16114: 6.2054e-05
16115: 6.20501e-05
16116: 6.20463e-05
16117: 6.20424e-05
16118: 6.20386e-05
16119: 6.20347e-05
16120: 6.20309e-05
16121: 6.2027e-05
16122: 6.20232e-05
16123: 6.20194e-05
16124: 6.20155e-05
16125: 6.20117e-05
16126: 6.20078e-05
16127: 6.2004e-05
16128: 6.20001e-05
16129: 6.19963e-05
16130: 6.19924e-05
16131: 6.19886e-05
16132: 6.19848e-05
16133: 6.19809e-05
16134: 6.19771e-05
16135: 6.19732e-05
16136: 6.19694e-05
16137: 6.19655e-05
16138: 6.19617e-05
16139: 6.19579e-05
16140: 6.1954e-05
16141: 6.19502e-05
16142: 6.19464e-05
16143: 6.19425e-05
16144: 6.19387e-05
16145: 6.19348e-05
16146: 6.1931e-05
16147: 6.19272e-05
16148: 6.19233e-05
16149: 6.19195e-05
16150: 6.19157e-05
16151: 6.19118e-05
16152: 6.1908e-05
16153: 6.19042e-05
16154: 6.19003e-05
16155: 6.18965e-05
16156: 6.18927e-05
16157: 6.18888e-05
16158: 6.1885e-05
16159: 6.18812e-05
16160: 6.18774e-05
16161: 6.18735e-05
16162: 6.18697e-05
16163: 6.18659e-05
16164: 6.1862e-05
16165: 6.18582e-05
16166: 6.18544e-05
16167: 6.18506e-05
16168: 6.18467e-05
16169: 6.18429e-05
16170: 6.18391e-05
16171: 6.18353e-05
16172: 6.18314e-05
16173: 6.18276e-05
16174: 6.18238e-05
16175: 6.182e-05
16176: 6.18162e-05
16177: 6.18123e-05
16178: 6.18085e-05
16179: 6.18047e-05
16180: 6.18009e-05
16181: 6.17971e-05
16182: 6.17932e-05
16183: 6.17894e-05
16184: 6.17856e-05
16185: 6.17818e-05
16186: 6.1778e-05
16187: 6.17742e-05
16188: 6.17703e-05
16189: 6.17665e-05
16190: 6.17627e-05
16191: 6.17589e-05
16192: 6.17551e-05
16193: 6.17513e-05
16194: 6.17475e-05
16195: 6.17436e-05
16196: 6.17398e-05
16197: 6.1736e-05
16198: 6.17322e-05
16199: 6.17284e-05
16200: 6.17246e-05
16201: 6.17208e-05
16202: 6.1717e-05
16203: 6.17132e-05
16204: 6.17093e-05
16205: 6.17055e-05
16206: 6.17017e-05
16207: 6.16979e-05
16208: 6.16941e-05
16209: 6.16903e-05
16210: 6.16865e-05
16211: 6.16827e-05
16212: 6.16789e-05
16213: 6.16751e-05
16214: 6.16713e-05
16215: 6.16675e-05
16216: 6.16637e-05
16217: 6.16599e-05
16218: 6.16561e-05
16219: 6.16523e-05
16220: 6.16485e-05
16221: 6.16447e-05
16222: 6.16409e-05
16223: 6.16371e-05
16224: 6.16333e-05
16225: 6.16295e-05
16226: 6.16257e-05
16227: 6.16219e-05
16228: 6.16181e-05
16229: 6.16143e-05
16230: 6.16105e-05
16231: 6.16067e-05
16232: 6.16029e-05
16233: 6.15991e-05
16234: 6.15953e-05
16235: 6.15915e-05
16236: 6.15877e-05
16237: 6.15839e-05
16238: 6.15801e-05
16239: 6.15764e-05
16240: 6.15726e-05
16241: 6.15688e-05
16242: 6.1565e-05
16243: 6.15612e-05
16244: 6.15574e-05
16245: 6.15536e-05
16246: 6.15498e-05
16247: 6.1546e-05
16248: 6.15422e-05
16249: 6.15385e-05
16250: 6.15347e-05
16251: 6.15309e-05
16252: 6.15271e-05
16253: 6.15233e-05
16254: 6.15195e-05
16255: 6.15157e-05
16256: 6.1512e-05
16257: 6.15082e-05
16258: 6.15044e-05
16259: 6.15006e-05
16260: 6.14968e-05
16261: 6.14931e-05
16262: 6.14893e-05
16263: 6.14855e-05
16264: 6.14817e-05
16265: 6.14779e-05
16266: 6.14742e-05
16267: 6.14704e-05
16268: 6.14666e-05
16269: 6.14628e-05
16270: 6.1459e-05
16271: 6.14553e-05
16272: 6.14515e-05
16273: 6.14477e-05
16274: 6.14439e-05
16275: 6.14402e-05
16276: 6.14364e-05
16277: 6.14326e-05
16278: 6.14288e-05
16279: 6.14251e-05
16280: 6.14213e-05
16281: 6.14175e-05
16282: 6.14137e-05
16283: 6.141e-05
16284: 6.14062e-05
16285: 6.14024e-05
16286: 6.13987e-05
16287: 6.13949e-05
16288: 6.13911e-05
16289: 6.13874e-05
16290: 6.13836e-05
16291: 6.13798e-05
16292: 6.13761e-05
16293: 6.13723e-05
16294: 6.13685e-05
16295: 6.13648e-05
16296: 6.1361e-05
16297: 6.13572e-05
16298: 6.13535e-05
16299: 6.13497e-05
16300: 6.13459e-05
16301: 6.13422e-05
16302: 6.13384e-05
16303: 6.13346e-05
16304: 6.13309e-05
16305: 6.13271e-05
16306: 6.13234e-05
16307: 6.13196e-05
16308: 6.13158e-05
16309: 6.13121e-05
16310: 6.13083e-05
16311: 6.13046e-05
16312: 6.13008e-05
16313: 6.1297e-05
16314: 6.12933e-05
16315: 6.12895e-05
16316: 6.12858e-05
16317: 6.1282e-05
16318: 6.12783e-05
16319: 6.12745e-05
16320: 6.12708e-05
16321: 6.1267e-05
16322: 6.12632e-05
16323: 6.12595e-05
16324: 6.12557e-05
16325: 6.1252e-05
16326: 6.12482e-05
16327: 6.12445e-05
16328: 6.12407e-05
16329: 6.1237e-05
16330: 6.12332e-05
16331: 6.12295e-05
16332: 6.12257e-05
16333: 6.1222e-05
16334: 6.12182e-05
16335: 6.12145e-05
16336: 6.12107e-05
16337: 6.1207e-05
16338: 6.12033e-05
16339: 6.11995e-05
16340: 6.11958e-05
16341: 6.1192e-05
16342: 6.11883e-05
16343: 6.11845e-05
16344: 6.11808e-05
16345: 6.1177e-05
16346: 6.11733e-05
16347: 6.11696e-05
16348: 6.11658e-05
16349: 6.11621e-05
16350: 6.11583e-05
16351: 6.11546e-05
16352: 6.11509e-05
16353: 6.11471e-05
16354: 6.11434e-05
16355: 6.11396e-05
16356: 6.11359e-05
16357: 6.11322e-05
16358: 6.11284e-05
16359: 6.11247e-05
16360: 6.1121e-05
16361: 6.11172e-05
16362: 6.11135e-05
16363: 6.11098e-05
16364: 6.1106e-05
16365: 6.11023e-05
16366: 6.10986e-05
16367: 6.10948e-05
16368: 6.10911e-05
16369: 6.10874e-05
16370: 6.10836e-05
16371: 6.10799e-05
16372: 6.10762e-05
16373: 6.10724e-05
16374: 6.10687e-05
16375: 6.1065e-05
16376: 6.10612e-05
16377: 6.10575e-05
16378: 6.10538e-05
16379: 6.10501e-05
16380: 6.10463e-05
16381: 6.10426e-05
16382: 6.10389e-05
16383: 6.10352e-05
16384: 6.10314e-05
16385: 6.10277e-05
16386: 6.1024e-05
16387: 6.10203e-05
16388: 6.10165e-05
16389: 6.10128e-05
16390: 6.10091e-05
16391: 6.10054e-05
16392: 6.10016e-05
16393: 6.09979e-05
16394: 6.09942e-05
16395: 6.09905e-05
16396: 6.09868e-05
16397: 6.0983e-05
16398: 6.09793e-05
16399: 6.09756e-05
16400: 6.09719e-05
16401: 6.09682e-05
16402: 6.09645e-05
16403: 6.09607e-05
16404: 6.0957e-05
16405: 6.09533e-05
16406: 6.09496e-05
16407: 6.09459e-05
16408: 6.09422e-05
16409: 6.09385e-05
16410: 6.09347e-05
16411: 6.0931e-05
16412: 6.09273e-05
16413: 6.09236e-05
16414: 6.09199e-05
16415: 6.09162e-05
16416: 6.09125e-05
16417: 6.09088e-05
16418: 6.0905e-05
16419: 6.09013e-05
16420: 6.08976e-05
16421: 6.08939e-05
16422: 6.08902e-05
16423: 6.08865e-05
16424: 6.08828e-05
16425: 6.08791e-05
16426: 6.08754e-05
16427: 6.08717e-05
16428: 6.0868e-05
16429: 6.08643e-05
16430: 6.08606e-05
16431: 6.08569e-05
16432: 6.08532e-05
16433: 6.08495e-05
16434: 6.08458e-05
16435: 6.08421e-05
16436: 6.08384e-05
16437: 6.08347e-05
16438: 6.0831e-05
16439: 6.08273e-05
16440: 6.08236e-05
16441: 6.08199e-05
16442: 6.08162e-05
16443: 6.08125e-05
16444: 6.08088e-05
16445: 6.08051e-05
16446: 6.08014e-05
16447: 6.07977e-05
16448: 6.0794e-05
16449: 6.07903e-05
16450: 6.07866e-05
16451: 6.07829e-05
16452: 6.07792e-05
16453: 6.07755e-05
16454: 6.07718e-05
16455: 6.07681e-05
16456: 6.07644e-05
16457: 6.07607e-05
16458: 6.0757e-05
16459: 6.07533e-05
16460: 6.07497e-05
16461: 6.0746e-05
16462: 6.07423e-05
16463: 6.07386e-05
16464: 6.07349e-05
16465: 6.07312e-05
16466: 6.07275e-05
16467: 6.07238e-05
16468: 6.07201e-05
16469: 6.07165e-05
16470: 6.07128e-05
16471: 6.07091e-05
16472: 6.07054e-05
16473: 6.07017e-05
16474: 6.0698e-05
16475: 6.06943e-05
16476: 6.06907e-05
16477: 6.0687e-05
16478: 6.06833e-05
16479: 6.06796e-05
16480: 6.06759e-05
16481: 6.06722e-05
16482: 6.06686e-05
16483: 6.06649e-05
16484: 6.06612e-05
16485: 6.06575e-05
16486: 6.06538e-05
16487: 6.06502e-05
16488: 6.06465e-05
16489: 6.06428e-05
16490: 6.06391e-05
16491: 6.06355e-05
16492: 6.06318e-05
16493: 6.06281e-05
16494: 6.06244e-05
16495: 6.06208e-05
16496: 6.06171e-05
16497: 6.06134e-05
16498: 6.06097e-05
16499: 6.06061e-05
16500: 6.06024e-05
16501: 6.05987e-05
16502: 6.0595e-05
16503: 6.05914e-05
16504: 6.05877e-05
16505: 6.0584e-05
16506: 6.05804e-05
16507: 6.05767e-05
16508: 6.0573e-05
16509: 6.05694e-05
16510: 6.05657e-05
16511: 6.0562e-05
16512: 6.05583e-05
16513: 6.05547e-05
16514: 6.0551e-05
16515: 6.05473e-05
16516: 6.05437e-05
16517: 6.054e-05
16518: 6.05364e-05
16519: 6.05327e-05
16520: 6.0529e-05
16521: 6.05254e-05
16522: 6.05217e-05
16523: 6.0518e-05
16524: 6.05144e-05
16525: 6.05107e-05
16526: 6.0507e-05
16527: 6.05034e-05
16528: 6.04997e-05
16529: 6.04961e-05
16530: 6.04924e-05
16531: 6.04887e-05
16532: 6.04851e-05
16533: 6.04814e-05
16534: 6.04778e-05
16535: 6.04741e-05
16536: 6.04705e-05
16537: 6.04668e-05
16538: 6.04631e-05
16539: 6.04595e-05
16540: 6.04558e-05
16541: 6.04522e-05
16542: 6.04485e-05
16543: 6.04449e-05
16544: 6.04412e-05
16545: 6.04376e-05
16546: 6.04339e-05
16547: 6.04303e-05
16548: 6.04266e-05
16549: 6.0423e-05
16550: 6.04193e-05
16551: 6.04157e-05
16552: 6.0412e-05
16553: 6.04084e-05
16554: 6.04047e-05
16555: 6.04011e-05
16556: 6.03974e-05
16557: 6.03938e-05
16558: 6.03901e-05
16559: 6.03865e-05
16560: 6.03828e-05
16561: 6.03792e-05
16562: 6.03755e-05
16563: 6.03719e-05
16564: 6.03682e-05
16565: 6.03646e-05
16566: 6.0361e-05
16567: 6.03573e-05
16568: 6.03537e-05
16569: 6.035e-05
16570: 6.03464e-05
16571: 6.03427e-05
16572: 6.03391e-05
16573: 6.03355e-05
16574: 6.03318e-05
16575: 6.03282e-05
16576: 6.03245e-05
16577: 6.03209e-05
16578: 6.03173e-05
16579: 6.03136e-05
16580: 6.031e-05
16581: 6.03064e-05
16582: 6.03027e-05
16583: 6.02991e-05
16584: 6.02954e-05
16585: 6.02918e-05
16586: 6.02882e-05
16587: 6.02845e-05
16588: 6.02809e-05
16589: 6.02773e-05
16590: 6.02736e-05
16591: 6.027e-05
16592: 6.02664e-05
16593: 6.02627e-05
16594: 6.02591e-05
16595: 6.02555e-05
16596: 6.02519e-05
16597: 6.02482e-05
16598: 6.02446e-05
16599: 6.0241e-05
16600: 6.02373e-05
16601: 6.02337e-05
16602: 6.02301e-05
16603: 6.02265e-05
16604: 6.02228e-05
16605: 6.02192e-05
16606: 6.02156e-05
16607: 6.02119e-05
16608: 6.02083e-05
16609: 6.02047e-05
16610: 6.02011e-05
16611: 6.01974e-05
16612: 6.01938e-05
16613: 6.01902e-05
16614: 6.01866e-05
16615: 6.0183e-05
16616: 6.01793e-05
16617: 6.01757e-05
16618: 6.01721e-05
16619: 6.01685e-05
16620: 6.01649e-05
16621: 6.01612e-05
16622: 6.01576e-05
16623: 6.0154e-05
16624: 6.01504e-05
16625: 6.01468e-05
16626: 6.01431e-05
16627: 6.01395e-05
16628: 6.01359e-05
16629: 6.01323e-05
16630: 6.01287e-05
16631: 6.01251e-05
16632: 6.01214e-05
16633: 6.01178e-05
16634: 6.01142e-05
16635: 6.01106e-05
16636: 6.0107e-05
16637: 6.01034e-05
16638: 6.00998e-05
16639: 6.00962e-05
16640: 6.00925e-05
16641: 6.00889e-05
16642: 6.00853e-05
16643: 6.00817e-05
16644: 6.00781e-05
16645: 6.00745e-05
16646: 6.00709e-05
16647: 6.00673e-05
16648: 6.00637e-05
16649: 6.00601e-05
16650: 6.00565e-05
16651: 6.00528e-05
16652: 6.00492e-05
16653: 6.00456e-05
16654: 6.0042e-05
16655: 6.00384e-05
16656: 6.00348e-05
16657: 6.00312e-05
16658: 6.00276e-05
16659: 6.0024e-05
16660: 6.00204e-05
16661: 6.00168e-05
16662: 6.00132e-05
16663: 6.00096e-05
16664: 6.0006e-05
16665: 6.00024e-05
16666: 5.99988e-05
16667: 5.99952e-05
16668: 5.99916e-05
16669: 5.9988e-05
16670: 5.99844e-05
16671: 5.99808e-05
16672: 5.99772e-05
16673: 5.99736e-05
16674: 5.997e-05
16675: 5.99664e-05
16676: 5.99628e-05
16677: 5.99592e-05
16678: 5.99556e-05
16679: 5.9952e-05
16680: 5.99484e-05
16681: 5.99449e-05
16682: 5.99413e-05
16683: 5.99377e-05
16684: 5.99341e-05
16685: 5.99305e-05
16686: 5.99269e-05
16687: 5.99233e-05
16688: 5.99197e-05
16689: 5.99161e-05
16690: 5.99125e-05
16691: 5.99089e-05
16692: 5.99053e-05
16693: 5.99018e-05
16694: 5.98982e-05
16695: 5.98946e-05
16696: 5.9891e-05
16697: 5.98874e-05
16698: 5.98838e-05
16699: 5.98802e-05
16700: 5.98767e-05
16701: 5.98731e-05
16702: 5.98695e-05
16703: 5.98659e-05
16704: 5.98623e-05
16705: 5.98587e-05
16706: 5.98552e-05
16707: 5.98516e-05
16708: 5.9848e-05
16709: 5.98444e-05
16710: 5.98408e-05
16711: 5.98372e-05
16712: 5.98337e-05
16713: 5.98301e-05
16714: 5.98265e-05
16715: 5.98229e-05
16716: 5.98193e-05
16717: 5.98158e-05
16718: 5.98122e-05
16719: 5.98086e-05
16720: 5.9805e-05
16721: 5.98015e-05
16722: 5.97979e-05
16723: 5.97943e-05
16724: 5.97907e-05
16725: 5.97872e-05
16726: 5.97836e-05
16727: 5.978e-05
16728: 5.97764e-05
16729: 5.97729e-05
16730: 5.97693e-05
16731: 5.97657e-05
16732: 5.97621e-05
16733: 5.97586e-05
16734: 5.9755e-05
16735: 5.97514e-05
16736: 5.97479e-05
16737: 5.97443e-05
16738: 5.97407e-05
16739: 5.97372e-05
16740: 5.97336e-05
16741: 5.973e-05
16742: 5.97265e-05
16743: 5.97229e-05
16744: 5.97193e-05
16745: 5.97158e-05
16746: 5.97122e-05
16747: 5.97086e-05
16748: 5.97051e-05
16749: 5.97015e-05
16750: 5.96979e-05
16751: 5.96944e-05
16752: 5.96908e-05
16753: 5.96872e-05
16754: 5.96837e-05
16755: 5.96801e-05
16756: 5.96766e-05
16757: 5.9673e-05
16758: 5.96694e-05
16759: 5.96659e-05
16760: 5.96623e-05
16761: 5.96588e-05
16762: 5.96552e-05
16763: 5.96516e-05
16764: 5.96481e-05
16765: 5.96445e-05
16766: 5.9641e-05
16767: 5.96374e-05
16768: 5.96338e-05
16769: 5.96303e-05
16770: 5.96267e-05
16771: 5.96232e-05
16772: 5.96196e-05
16773: 5.96161e-05
16774: 5.96125e-05
16775: 5.9609e-05
16776: 5.96054e-05
16777: 5.96019e-05
16778: 5.95983e-05
16779: 5.95948e-05
16780: 5.95912e-05
16781: 5.95877e-05
16782: 5.95841e-05
16783: 5.95806e-05
16784: 5.9577e-05
16785: 5.95735e-05
16786: 5.95699e-05
16787: 5.95664e-05
16788: 5.95628e-05
16789: 5.95593e-05
16790: 5.95557e-05
16791: 5.95522e-05
16792: 5.95486e-05
16793: 5.95451e-05
16794: 5.95415e-05
16795: 5.9538e-05
16796: 5.95344e-05
16797: 5.95309e-05
16798: 5.95274e-05
16799: 5.95238e-05
16800: 5.95203e-05
16801: 5.95167e-05
16802: 5.95132e-05
16803: 5.95096e-05
16804: 5.95061e-05
16805: 5.95026e-05
16806: 5.9499e-05
16807: 5.94955e-05
16808: 5.94919e-05
16809: 5.94884e-05
16810: 5.94849e-05
16811: 5.94813e-05
16812: 5.94778e-05
16813: 5.94742e-05
16814: 5.94707e-05
16815: 5.94672e-05
16816: 5.94636e-05
16817: 5.94601e-05
16818: 5.94566e-05
16819: 5.9453e-05
16820: 5.94495e-05
16821: 5.9446e-05
16822: 5.94424e-05
16823: 5.94389e-05
16824: 5.94354e-05
16825: 5.94318e-05
16826: 5.94283e-05
16827: 5.94248e-05
16828: 5.94212e-05
16829: 5.94177e-05
16830: 5.94142e-05
16831: 5.94106e-05
16832: 5.94071e-05
16833: 5.94036e-05
16834: 5.94001e-05
16835: 5.93965e-05
16836: 5.9393e-05
16837: 5.93895e-05
16838: 5.93859e-05
16839: 5.93824e-05
16840: 5.93789e-05
16841: 5.93754e-05
16842: 5.93718e-05
16843: 5.93683e-05
16844: 5.93648e-05
16845: 5.93613e-05
16846: 5.93577e-05
16847: 5.93542e-05
16848: 5.93507e-05
16849: 5.93472e-05
16850: 5.93437e-05
16851: 5.93401e-05
16852: 5.93366e-05
16853: 5.93331e-05
16854: 5.93296e-05
16855: 5.93261e-05
16856: 5.93225e-05
16857: 5.9319e-05
16858: 5.93155e-05
16859: 5.9312e-05
16860: 5.93085e-05
16861: 5.93049e-05
16862: 5.93014e-05
16863: 5.92979e-05
16864: 5.92944e-05
16865: 5.92909e-05
16866: 5.92874e-05
16867: 5.92839e-05
16868: 5.92803e-05
16869: 5.92768e-05
16870: 5.92733e-05
16871: 5.92698e-05
16872: 5.92663e-05
16873: 5.92628e-05
16874: 5.92593e-05
16875: 5.92557e-05
16876: 5.92522e-05
16877: 5.92487e-05
16878: 5.92452e-05
16879: 5.92417e-05
16880: 5.92382e-05
16881: 5.92347e-05
16882: 5.92312e-05
16883: 5.92277e-05
16884: 5.92242e-05
16885: 5.92207e-05
16886: 5.92171e-05
16887: 5.92136e-05
16888: 5.92101e-05
16889: 5.92066e-05
16890: 5.92031e-05
16891: 5.91996e-05
16892: 5.91961e-05
16893: 5.91926e-05
16894: 5.91891e-05
16895: 5.91856e-05
16896: 5.91821e-05
16897: 5.91786e-05
16898: 5.91751e-05
16899: 5.91716e-05
16900: 5.91681e-05
16901: 5.91646e-05
16902: 5.91611e-05
16903: 5.91576e-05
16904: 5.91541e-05
16905: 5.91506e-05
16906: 5.91471e-05
16907: 5.91436e-05
16908: 5.91401e-05
16909: 5.91366e-05
16910: 5.91331e-05
16911: 5.91296e-05
16912: 5.91261e-05
16913: 5.91226e-05
16914: 5.91191e-05
16915: 5.91156e-05
16916: 5.91121e-05
16917: 5.91086e-05
16918: 5.91051e-05
16919: 5.91017e-05
16920: 5.90982e-05
16921: 5.90947e-05
16922: 5.90912e-05
16923: 5.90877e-05
16924: 5.90842e-05
16925: 5.90807e-05
16926: 5.90772e-05
16927: 5.90737e-05
16928: 5.90702e-05
16929: 5.90667e-05
16930: 5.90633e-05
16931: 5.90598e-05
16932: 5.90563e-05
16933: 5.90528e-05
16934: 5.90493e-05
16935: 5.90458e-05
16936: 5.90423e-05
16937: 5.90388e-05
16938: 5.90354e-05
16939: 5.90319e-05
16940: 5.90284e-05
16941: 5.90249e-05
16942: 5.90214e-05
16943: 5.90179e-05
16944: 5.90145e-05
16945: 5.9011e-05
16946: 5.90075e-05
16947: 5.9004e-05
16948: 5.90005e-05
16949: 5.89971e-05
16950: 5.89936e-05
16951: 5.89901e-05
16952: 5.89866e-05
16953: 5.89831e-05
16954: 5.89797e-05
16955: 5.89762e-05
16956: 5.89727e-05
16957: 5.89692e-05
16958: 5.89657e-05
16959: 5.89623e-05
16960: 5.89588e-05
16961: 5.89553e-05
16962: 5.89518e-05
16963: 5.89484e-05
16964: 5.89449e-05
16965: 5.89414e-05
16966: 5.89379e-05
16967: 5.89345e-05
16968: 5.8931e-05
16969: 5.89275e-05
16970: 5.8924e-05
16971: 5.89206e-05
16972: 5.89171e-05
16973: 5.89136e-05
16974: 5.89102e-05
16975: 5.89067e-05
16976: 5.89032e-05
16977: 5.88998e-05
16978: 5.88963e-05
16979: 5.88928e-05
16980: 5.88893e-05
16981: 5.88859e-05
16982: 5.88824e-05
16983: 5.88789e-05
16984: 5.88755e-05
16985: 5.8872e-05
16986: 5.88685e-05
16987: 5.88651e-05
16988: 5.88616e-05
16989: 5.88582e-05
16990: 5.88547e-05
16991: 5.88512e-05
16992: 5.88478e-05
16993: 5.88443e-05
16994: 5.88408e-05
16995: 5.88374e-05
16996: 5.88339e-05
16997: 5.88305e-05
16998: 5.8827e-05
16999: 5.88235e-05
17000: 5.88201e-05
17001: 5.88166e-05
17002: 5.88132e-05
17003: 5.88097e-05
17004: 5.88062e-05
17005: 5.88028e-05
17006: 5.87993e-05
17007: 5.87959e-05
17008: 5.87924e-05
17009: 5.87889e-05
17010: 5.87855e-05
17011: 5.8782e-05
17012: 5.87786e-05
17013: 5.87751e-05
17014: 5.87717e-05
17015: 5.87682e-05
17016: 5.87648e-05
17017: 5.87613e-05
17018: 5.87579e-05
17019: 5.87544e-05
17020: 5.8751e-05
17021: 5.87475e-05
17022: 5.87441e-05
17023: 5.87406e-05
17024: 5.87372e-05
17025: 5.87337e-05
17026: 5.87303e-05
17027: 5.87268e-05
17028: 5.87234e-05
17029: 5.87199e-05
17030: 5.87165e-05
17031: 5.8713e-05
17032: 5.87096e-05
17033: 5.87061e-05
17034: 5.87027e-05
17035: 5.86992e-05
17036: 5.86958e-05
17037: 5.86923e-05
17038: 5.86889e-05
17039: 5.86854e-05
17040: 5.8682e-05
17041: 5.86786e-05
17042: 5.86751e-05
17043: 5.86717e-05
17044: 5.86682e-05
17045: 5.86648e-05
17046: 5.86613e-05
17047: 5.86579e-05
17048: 5.86545e-05
17049: 5.8651e-05
17050: 5.86476e-05
17051: 5.86441e-05
17052: 5.86407e-05
17053: 5.86373e-05
17054: 5.86338e-05
17055: 5.86304e-05
17056: 5.8627e-05
17057: 5.86235e-05
17058: 5.86201e-05
17059: 5.86166e-05
17060: 5.86132e-05
17061: 5.86098e-05
17062: 5.86063e-05
17063: 5.86029e-05
17064: 5.85995e-05
17065: 5.8596e-05
17066: 5.85926e-05
17067: 5.85892e-05
17068: 5.85857e-05
17069: 5.85823e-05
17070: 5.85789e-05
17071: 5.85754e-05
17072: 5.8572e-05
17073: 5.85686e-05
17074: 5.85652e-05
17075: 5.85617e-05
17076: 5.85583e-05
17077: 5.85549e-05
17078: 5.85514e-05
17079: 5.8548e-05
17080: 5.85446e-05
17081: 5.85412e-05
17082: 5.85377e-05
17083: 5.85343e-05
17084: 5.85309e-05
17085: 5.85274e-05
17086: 5.8524e-05
17087: 5.85206e-05
17088: 5.85172e-05
17089: 5.85138e-05
17090: 5.85103e-05
17091: 5.85069e-05
17092: 5.85035e-05
17093: 5.85001e-05
17094: 5.84966e-05
17095: 5.84932e-05
17096: 5.84898e-05
17097: 5.84864e-05
17098: 5.8483e-05
17099: 5.84795e-05
17100: 5.84761e-05
17101: 5.84727e-05
17102: 5.84693e-05
17103: 5.84659e-05
17104: 5.84624e-05
17105: 5.8459e-05
17106: 5.84556e-05
17107: 5.84522e-05
17108: 5.84488e-05
17109: 5.84454e-05
17110: 5.84419e-05
17111: 5.84385e-05
17112: 5.84351e-05
17113: 5.84317e-05
17114: 5.84283e-05
17115: 5.84249e-05
17116: 5.84215e-05
17117: 5.8418e-05
17118: 5.84146e-05
17119: 5.84112e-05
17120: 5.84078e-05
17121: 5.84044e-05
17122: 5.8401e-05
17123: 5.83976e-05
17124: 5.83942e-05
17125: 5.83908e-05
17126: 5.83873e-05
17127: 5.83839e-05
17128: 5.83805e-05
17129: 5.83771e-05
17130: 5.83737e-05
17131: 5.83703e-05
17132: 5.83669e-05
17133: 5.83635e-05
17134: 5.83601e-05
17135: 5.83567e-05
17136: 5.83533e-05
17137: 5.83499e-05
17138: 5.83465e-05
17139: 5.83431e-05
17140: 5.83397e-05
17141: 5.83363e-05
17142: 5.83328e-05
17143: 5.83294e-05
17144: 5.8326e-05
17145: 5.83226e-05
17146: 5.83192e-05
17147: 5.83158e-05
17148: 5.83124e-05
17149: 5.8309e-05
17150: 5.83056e-05
17151: 5.83022e-05
17152: 5.82988e-05
17153: 5.82954e-05
17154: 5.8292e-05
17155: 5.82886e-05
17156: 5.82852e-05
17157: 5.82819e-05
17158: 5.82785e-05
17159: 5.82751e-05
17160: 5.82717e-05
17161: 5.82683e-05
17162: 5.82649e-05
17163: 5.82615e-05
17164: 5.82581e-05
17165: 5.82547e-05
17166: 5.82513e-05
17167: 5.82479e-05
17168: 5.82445e-05
17169: 5.82411e-05
17170: 5.82377e-05
17171: 5.82343e-05
17172: 5.82309e-05
17173: 5.82276e-05
17174: 5.82242e-05
17175: 5.82208e-05
17176: 5.82174e-05
17177: 5.8214e-05
17178: 5.82106e-05
17179: 5.82072e-05
17180: 5.82038e-05
17181: 5.82004e-05
17182: 5.81971e-05
17183: 5.81937e-05
17184: 5.81903e-05
17185: 5.81869e-05
17186: 5.81835e-05
17187: 5.81801e-05
17188: 5.81767e-05
17189: 5.81734e-05
17190: 5.817e-05
17191: 5.81666e-05
17192: 5.81632e-05
17193: 5.81598e-05
17194: 5.81564e-05
17195: 5.81531e-05
17196: 5.81497e-05
17197: 5.81463e-05
17198: 5.81429e-05
17199: 5.81395e-05
17200: 5.81362e-05
17201: 5.81328e-05
17202: 5.81294e-05
17203: 5.8126e-05
17204: 5.81226e-05
17205: 5.81193e-05
17206: 5.81159e-05
17207: 5.81125e-05
17208: 5.81091e-05
17209: 5.81058e-05
17210: 5.81024e-05
17211: 5.8099e-05
17212: 5.80956e-05
17213: 5.80923e-05
17214: 5.80889e-05
17215: 5.80855e-05
17216: 5.80821e-05
17217: 5.80788e-05
17218: 5.80754e-05
17219: 5.8072e-05
17220: 5.80686e-05
17221: 5.80653e-05
17222: 5.80619e-05
17223: 5.80585e-05
17224: 5.80552e-05
17225: 5.80518e-05
17226: 5.80484e-05
17227: 5.8045e-05
17228: 5.80417e-05
17229: 5.80383e-05
17230: 5.80349e-05
17231: 5.80316e-05
17232: 5.80282e-05
17233: 5.80248e-05
17234: 5.80215e-05
17235: 5.80181e-05
17236: 5.80147e-05
17237: 5.80114e-05
17238: 5.8008e-05
17239: 5.80046e-05
17240: 5.80013e-05
17241: 5.79979e-05
17242: 5.79945e-05
17243: 5.79912e-05
17244: 5.79878e-05
17245: 5.79845e-05
17246: 5.79811e-05
17247: 5.79777e-05
17248: 5.79744e-05
17249: 5.7971e-05
17250: 5.79677e-05
17251: 5.79643e-05
17252: 5.79609e-05
17253: 5.79576e-05
17254: 5.79542e-05
17255: 5.79509e-05
17256: 5.79475e-05
17257: 5.79441e-05
17258: 5.79408e-05
17259: 5.79374e-05
17260: 5.79341e-05
17261: 5.79307e-05
17262: 5.79274e-05
17263: 5.7924e-05
17264: 5.79206e-05
17265: 5.79173e-05
17266: 5.79139e-05
17267: 5.79106e-05
17268: 5.79072e-05
17269: 5.79039e-05
17270: 5.79005e-05
17271: 5.78972e-05
17272: 5.78938e-05
17273: 5.78905e-05
17274: 5.78871e-05
17275: 5.78838e-05
17276: 5.78804e-05
17277: 5.78771e-05
17278: 5.78737e-05
17279: 5.78704e-05
17280: 5.7867e-05
17281: 5.78637e-05
17282: 5.78603e-05
17283: 5.7857e-05
17284: 5.78536e-05
17285: 5.78503e-05
17286: 5.78469e-05
17287: 5.78436e-05
17288: 5.78402e-05
17289: 5.78369e-05
17290: 5.78336e-05
17291: 5.78302e-05
17292: 5.78269e-05
17293: 5.78235e-05
17294: 5.78202e-05
17295: 5.78168e-05
17296: 5.78135e-05
17297: 5.78102e-05
17298: 5.78068e-05
17299: 5.78035e-05
17300: 5.78001e-05
17301: 5.77968e-05
17302: 5.77934e-05
17303: 5.77901e-05
17304: 5.77868e-05
17305: 5.77834e-05
17306: 5.77801e-05
17307: 5.77768e-05
17308: 5.77734e-05
17309: 5.77701e-05
17310: 5.77667e-05
17311: 5.77634e-05
17312: 5.77601e-05
17313: 5.77567e-05
17314: 5.77534e-05
17315: 5.77501e-05
17316: 5.77467e-05
17317: 5.77434e-05
17318: 5.77401e-05
17319: 5.77367e-05
17320: 5.77334e-05
17321: 5.77301e-05
17322: 5.77267e-05
17323: 5.77234e-05
17324: 5.77201e-05
17325: 5.77167e-05
17326: 5.77134e-05
17327: 5.77101e-05
17328: 5.77067e-05
17329: 5.77034e-05
17330: 5.77001e-05
17331: 5.76967e-05
17332: 5.76934e-05
17333: 5.76901e-05
17334: 5.76868e-05
17335: 5.76834e-05
17336: 5.76801e-05
17337: 5.76768e-05
17338: 5.76735e-05
17339: 5.76701e-05
17340: 5.76668e-05
17341: 5.76635e-05
17342: 5.76602e-05
17343: 5.76568e-05
17344: 5.76535e-05
17345: 5.76502e-05
17346: 5.76469e-05
17347: 5.76435e-05
17348: 5.76402e-05
17349: 5.76369e-05
17350: 5.76336e-05
17351: 5.76302e-05
17352: 5.76269e-05
17353: 5.76236e-05
17354: 5.76203e-05
17355: 5.7617e-05
17356: 5.76136e-05
17357: 5.76103e-05
17358: 5.7607e-05
17359: 5.76037e-05
17360: 5.76004e-05
17361: 5.75971e-05
17362: 5.75937e-05
17363: 5.75904e-05
17364: 5.75871e-05
17365: 5.75838e-05
17366: 5.75805e-05
17367: 5.75772e-05
17368: 5.75738e-05
17369: 5.75705e-05
17370: 5.75672e-05
17371: 5.75639e-05
17372: 5.75606e-05
17373: 5.75573e-05
17374: 5.7554e-05
17375: 5.75506e-05
17376: 5.75473e-05
17377: 5.7544e-05
17378: 5.75407e-05
17379: 5.75374e-05
17380: 5.75341e-05
17381: 5.75308e-05
17382: 5.75275e-05
17383: 5.75242e-05
17384: 5.75209e-05
17385: 5.75175e-05
17386: 5.75142e-05
17387: 5.75109e-05
17388: 5.75076e-05
17389: 5.75043e-05
17390: 5.7501e-05
17391: 5.74977e-05
17392: 5.74944e-05
17393: 5.74911e-05
17394: 5.74878e-05
17395: 5.74845e-05
17396: 5.74812e-05
17397: 5.74779e-05
17398: 5.74746e-05
17399: 5.74713e-05
17400: 5.7468e-05
17401: 5.74647e-05
17402: 5.74614e-05
17403: 5.74581e-05
17404: 5.74548e-05
17405: 5.74515e-05
17406: 5.74482e-05
17407: 5.74449e-05
17408: 5.74416e-05
17409: 5.74383e-05
17410: 5.7435e-05
17411: 5.74317e-05
17412: 5.74284e-05
17413: 5.74251e-05
17414: 5.74218e-05
17415: 5.74185e-05
17416: 5.74152e-05
17417: 5.74119e-05
17418: 5.74086e-05
17419: 5.74053e-05
17420: 5.7402e-05
17421: 5.73987e-05
17422: 5.73954e-05
17423: 5.73921e-05
17424: 5.73888e-05
17425: 5.73855e-05
17426: 5.73822e-05
17427: 5.73789e-05
17428: 5.73756e-05
17429: 5.73723e-05
17430: 5.73691e-05
17431: 5.73658e-05
17432: 5.73625e-05
17433: 5.73592e-05
17434: 5.73559e-05
17435: 5.73526e-05
17436: 5.73493e-05
17437: 5.7346e-05
17438: 5.73427e-05
17439: 5.73394e-05
17440: 5.73362e-05
17441: 5.73329e-05
17442: 5.73296e-05
17443: 5.73263e-05
17444: 5.7323e-05
17445: 5.73197e-05
17446: 5.73164e-05
17447: 5.73132e-05
17448: 5.73099e-05
17449: 5.73066e-05
17450: 5.73033e-05
17451: 5.73e-05
17452: 5.72967e-05
17453: 5.72935e-05
17454: 5.72902e-05
17455: 5.72869e-05
17456: 5.72836e-05
17457: 5.72803e-05
17458: 5.7277e-05
17459: 5.72738e-05
17460: 5.72705e-05
17461: 5.72672e-05
17462: 5.72639e-05
17463: 5.72607e-05
17464: 5.72574e-05
17465: 5.72541e-05
17466: 5.72508e-05
17467: 5.72475e-05
17468: 5.72443e-05
17469: 5.7241e-05
17470: 5.72377e-05
17471: 5.72344e-05
17472: 5.72312e-05
17473: 5.72279e-05
17474: 5.72246e-05
17475: 5.72213e-05
17476: 5.72181e-05
17477: 5.72148e-05
17478: 5.72115e-05
17479: 5.72082e-05
17480: 5.7205e-05
17481: 5.72017e-05
17482: 5.71984e-05
17483: 5.71951e-05
17484: 5.71919e-05
17485: 5.71886e-05
17486: 5.71853e-05
17487: 5.71821e-05
17488: 5.71788e-05
17489: 5.71755e-05
17490: 5.71723e-05
17491: 5.7169e-05
17492: 5.71657e-05
17493: 5.71625e-05
17494: 5.71592e-05
17495: 5.71559e-05
17496: 5.71527e-05
17497: 5.71494e-05
17498: 5.71461e-05
17499: 5.71429e-05
17500: 5.71396e-05
17501: 5.71363e-05
17502: 5.71331e-05
17503: 5.71298e-05
17504: 5.71265e-05
17505: 5.71233e-05
17506: 5.712e-05
17507: 5.71167e-05
17508: 5.71135e-05
17509: 5.71102e-05
17510: 5.7107e-05
17511: 5.71037e-05
17512: 5.71004e-05
17513: 5.70972e-05
17514: 5.70939e-05
17515: 5.70907e-05
17516: 5.70874e-05
17517: 5.70841e-05
17518: 5.70809e-05
17519: 5.70776e-05
17520: 5.70744e-05
17521: 5.70711e-05
17522: 5.70679e-05
17523: 5.70646e-05
17524: 5.70613e-05
17525: 5.70581e-05
17526: 5.70548e-05
17527: 5.70516e-05
17528: 5.70483e-05
17529: 5.70451e-05
17530: 5.70418e-05
17531: 5.70386e-05
17532: 5.70353e-05
17533: 5.70321e-05
17534: 5.70288e-05
17535: 5.70255e-05
17536: 5.70223e-05
17537: 5.7019e-05
17538: 5.70158e-05
17539: 5.70125e-05
17540: 5.70093e-05
17541: 5.7006e-05
17542: 5.70028e-05
17543: 5.69995e-05
17544: 5.69963e-05
17545: 5.6993e-05
17546: 5.69898e-05
17547: 5.69866e-05
17548: 5.69833e-05
17549: 5.69801e-05
17550: 5.69768e-05
17551: 5.69736e-05
17552: 5.69703e-05
17553: 5.69671e-05
17554: 5.69638e-05
17555: 5.69606e-05
17556: 5.69573e-05
17557: 5.69541e-05
17558: 5.69509e-05
17559: 5.69476e-05
17560: 5.69444e-05
17561: 5.69411e-05
17562: 5.69379e-05
17563: 5.69346e-05
17564: 5.69314e-05
17565: 5.69282e-05
17566: 5.69249e-05
17567: 5.69217e-05
17568: 5.69184e-05
17569: 5.69152e-05
17570: 5.6912e-05
17571: 5.69087e-05
17572: 5.69055e-05
17573: 5.69022e-05
17574: 5.6899e-05
17575: 5.68958e-05
17576: 5.68925e-05
17577: 5.68893e-05
17578: 5.68861e-05
17579: 5.68828e-05
17580: 5.68796e-05
17581: 5.68764e-05
17582: 5.68731e-05
17583: 5.68699e-05
17584: 5.68666e-05
17585: 5.68634e-05
17586: 5.68602e-05
17587: 5.68569e-05
17588: 5.68537e-05
17589: 5.68505e-05
17590: 5.68473e-05
17591: 5.6844e-05
17592: 5.68408e-05
17593: 5.68376e-05
17594: 5.68343e-05
17595: 5.68311e-05
17596: 5.68279e-05
17597: 5.68246e-05
17598: 5.68214e-05
17599: 5.68182e-05
17600: 5.6815e-05
17601: 5.68117e-05
17602: 5.68085e-05
17603: 5.68053e-05
17604: 5.6802e-05
17605: 5.67988e-05
17606: 5.67956e-05
17607: 5.67924e-05
17608: 5.67891e-05
17609: 5.67859e-05
17610: 5.67827e-05
17611: 5.67795e-05
17612: 5.67762e-05
17613: 5.6773e-05
17614: 5.67698e-05
17615: 5.67666e-05
17616: 5.67634e-05
17617: 5.67601e-05
17618: 5.67569e-05
17619: 5.67537e-05
17620: 5.67505e-05
17621: 5.67472e-05
17622: 5.6744e-05
17623: 5.67408e-05
17624: 5.67376e-05
17625: 5.67344e-05
17626: 5.67312e-05
17627: 5.67279e-05
17628: 5.67247e-05
17629: 5.67215e-05
17630: 5.67183e-05
17631: 5.67151e-05
17632: 5.67118e-05
17633: 5.67086e-05
17634: 5.67054e-05
17635: 5.67022e-05
17636: 5.6699e-05
17637: 5.66958e-05
17638: 5.66926e-05
17639: 5.66893e-05
17640: 5.66861e-05
17641: 5.66829e-05
17642: 5.66797e-05
17643: 5.66765e-05
17644: 5.66733e-05
17645: 5.66701e-05
17646: 5.66669e-05
17647: 5.66636e-05
17648: 5.66604e-05
17649: 5.66572e-05
17650: 5.6654e-05
17651: 5.66508e-05
17652: 5.66476e-05
17653: 5.66444e-05
17654: 5.66412e-05
17655: 5.6638e-05
17656: 5.66348e-05
17657: 5.66316e-05
17658: 5.66283e-05
17659: 5.66251e-05
17660: 5.66219e-05
17661: 5.66187e-05
17662: 5.66155e-05
17663: 5.66123e-05
17664: 5.66091e-05
17665: 5.66059e-05
17666: 5.66027e-05
17667: 5.65995e-05
17668: 5.65963e-05
17669: 5.65931e-05
17670: 5.65899e-05
17671: 5.65867e-05
17672: 5.65835e-05
17673: 5.65803e-05
17674: 5.65771e-05
17675: 5.65739e-05
17676: 5.65707e-05
17677: 5.65675e-05
17678: 5.65643e-05
17679: 5.65611e-05
17680: 5.65579e-05
17681: 5.65547e-05
17682: 5.65515e-05
17683: 5.65483e-05
17684: 5.65451e-05
17685: 5.65419e-05
17686: 5.65387e-05
17687: 5.65355e-05
17688: 5.65323e-05
17689: 5.65291e-05
17690: 5.65259e-05
17691: 5.65227e-05
17692: 5.65195e-05
17693: 5.65163e-05
17694: 5.65131e-05
17695: 5.65099e-05
17696: 5.65068e-05
17697: 5.65036e-05
17698: 5.65004e-05
17699: 5.64972e-05
17700: 5.6494e-05
17701: 5.64908e-05
17702: 5.64876e-05
17703: 5.64844e-05
17704: 5.64812e-05
17705: 5.6478e-05
17706: 5.64748e-05
17707: 5.64717e-05
17708: 5.64685e-05
17709: 5.64653e-05
17710: 5.64621e-05
17711: 5.64589e-05
17712: 5.64557e-05
17713: 5.64525e-05
17714: 5.64493e-05
17715: 5.64462e-05
17716: 5.6443e-05
17717: 5.64398e-05
17718: 5.64366e-05
17719: 5.64334e-05
17720: 5.64302e-05
17721: 5.6427e-05
17722: 5.64239e-05
17723: 5.64207e-05
17724: 5.64175e-05
17725: 5.64143e-05
17726: 5.64111e-05
17727: 5.64079e-05
17728: 5.64048e-05
17729: 5.64016e-05
17730: 5.63984e-05
17731: 5.63952e-05
17732: 5.6392e-05
17733: 5.63889e-05
17734: 5.63857e-05
17735: 5.63825e-05
17736: 5.63793e-05
17737: 5.63761e-05
17738: 5.6373e-05
17739: 5.63698e-05
17740: 5.63666e-05
17741: 5.63634e-05
17742: 5.63603e-05
17743: 5.63571e-05
17744: 5.63539e-05
17745: 5.63507e-05
17746: 5.63476e-05
17747: 5.63444e-05
17748: 5.63412e-05
17749: 5.6338e-05
17750: 5.63349e-05
17751: 5.63317e-05
17752: 5.63285e-05
17753: 5.63253e-05
17754: 5.63222e-05
17755: 5.6319e-05
17756: 5.63158e-05
17757: 5.63126e-05
17758: 5.63095e-05
17759: 5.63063e-05
17760: 5.63031e-05
17761: 5.63e-05
17762: 5.62968e-05
17763: 5.62936e-05
17764: 5.62905e-05
17765: 5.62873e-05
17766: 5.62841e-05
17767: 5.6281e-05
17768: 5.62778e-05
17769: 5.62746e-05
17770: 5.62715e-05
17771: 5.62683e-05
17772: 5.62651e-05
17773: 5.6262e-05
17774: 5.62588e-05
17775: 5.62556e-05
17776: 5.62525e-05
17777: 5.62493e-05
17778: 5.62461e-05
17779: 5.6243e-05
17780: 5.62398e-05
17781: 5.62366e-05
17782: 5.62335e-05
17783: 5.62303e-05
17784: 5.62272e-05
17785: 5.6224e-05
17786: 5.62208e-05
17787: 5.62177e-05
17788: 5.62145e-05
17789: 5.62114e-05
17790: 5.62082e-05
17791: 5.6205e-05
17792: 5.62019e-05
17793: 5.61987e-05
17794: 5.61956e-05
17795: 5.61924e-05
17796: 5.61892e-05
17797: 5.61861e-05
17798: 5.61829e-05
17799: 5.61798e-05
17800: 5.61766e-05
17801: 5.61735e-05
17802: 5.61703e-05
17803: 5.61672e-05
17804: 5.6164e-05
17805: 5.61608e-05
17806: 5.61577e-05
17807: 5.61545e-05
17808: 5.61514e-05
17809: 5.61482e-05
17810: 5.61451e-05
17811: 5.61419e-05
17812: 5.61388e-05
17813: 5.61356e-05
17814: 5.61325e-05
17815: 5.61293e-05
17816: 5.61262e-05
17817: 5.6123e-05
17818: 5.61199e-05
17819: 5.61167e-05
17820: 5.61136e-05
17821: 5.61104e-05
17822: 5.61073e-05
17823: 5.61041e-05
17824: 5.6101e-05
17825: 5.60978e-05
17826: 5.60947e-05
17827: 5.60915e-05
17828: 5.60884e-05
17829: 5.60852e-05
17830: 5.60821e-05
17831: 5.6079e-05
17832: 5.60758e-05
17833: 5.60727e-05
17834: 5.60695e-05
17835: 5.60664e-05
17836: 5.60632e-05
17837: 5.60601e-05
17838: 5.6057e-05
17839: 5.60538e-05
17840: 5.60507e-05
17841: 5.60475e-05
17842: 5.60444e-05
17843: 5.60412e-05
17844: 5.60381e-05
17845: 5.6035e-05
17846: 5.60318e-05
17847: 5.60287e-05
17848: 5.60255e-05
17849: 5.60224e-05
17850: 5.60193e-05
17851: 5.60161e-05
17852: 5.6013e-05
17853: 5.60099e-05
17854: 5.60067e-05
17855: 5.60036e-05
17856: 5.60004e-05
17857: 5.59973e-05
17858: 5.59942e-05
17859: 5.5991e-05
17860: 5.59879e-05
17861: 5.59848e-05
17862: 5.59816e-05
17863: 5.59785e-05
17864: 5.59754e-05
17865: 5.59722e-05
17866: 5.59691e-05
17867: 5.5966e-05
17868: 5.59628e-05
17869: 5.59597e-05
17870: 5.59566e-05
17871: 5.59534e-05
17872: 5.59503e-05
17873: 5.59472e-05
17874: 5.59441e-05
17875: 5.59409e-05
17876: 5.59378e-05
17877: 5.59347e-05
17878: 5.59315e-05
17879: 5.59284e-05
17880: 5.59253e-05
17881: 5.59222e-05
17882: 5.5919e-05
17883: 5.59159e-05
17884: 5.59128e-05
17885: 5.59097e-05
17886: 5.59065e-05
17887: 5.59034e-05
17888: 5.59003e-05
17889: 5.58971e-05
17890: 5.5894e-05
17891: 5.58909e-05
17892: 5.58878e-05
17893: 5.58847e-05
17894: 5.58815e-05
17895: 5.58784e-05
17896: 5.58753e-05
17897: 5.58722e-05
17898: 5.5869e-05
17899: 5.58659e-05
17900: 5.58628e-05
17901: 5.58597e-05
17902: 5.58566e-05
17903: 5.58534e-05
17904: 5.58503e-05
17905: 5.58472e-05
17906: 5.58441e-05
17907: 5.5841e-05
17908: 5.58378e-05
17909: 5.58347e-05
17910: 5.58316e-05
17911: 5.58285e-05
17912: 5.58254e-05
17913: 5.58223e-05
17914: 5.58191e-05
17915: 5.5816e-05
17916: 5.58129e-05
17917: 5.58098e-05
17918: 5.58067e-05
17919: 5.58036e-05
17920: 5.58005e-05
17921: 5.57973e-05
17922: 5.57942e-05
17923: 5.57911e-05
17924: 5.5788e-05
17925: 5.57849e-05
17926: 5.57818e-05
17927: 5.57787e-05
17928: 5.57756e-05
17929: 5.57724e-05
17930: 5.57693e-05
17931: 5.57662e-05
17932: 5.57631e-05
17933: 5.576e-05
17934: 5.57569e-05
17935: 5.57538e-05
17936: 5.57507e-05
17937: 5.57476e-05
17938: 5.57445e-05
17939: 5.57414e-05
17940: 5.57383e-05
17941: 5.57351e-05
17942: 5.5732e-05
17943: 5.57289e-05
17944: 5.57258e-05
17945: 5.57227e-05
17946: 5.57196e-05
17947: 5.57165e-05
17948: 5.57134e-05
17949: 5.57103e-05
17950: 5.57072e-05
17951: 5.57041e-05
17952: 5.5701e-05
17953: 5.56979e-05
17954: 5.56948e-05
17955: 5.56917e-05
17956: 5.56886e-05
17957: 5.56855e-05
17958: 5.56824e-05
17959: 5.56793e-05
17960: 5.56762e-05
17961: 5.56731e-05
17962: 5.567e-05
17963: 5.56669e-05
17964: 5.56638e-05
17965: 5.56607e-05
17966: 5.56576e-05
17967: 5.56545e-05
17968: 5.56514e-05
17969: 5.56483e-05
17970: 5.56452e-05
17971: 5.56421e-05
17972: 5.5639e-05
17973: 5.56359e-05
17974: 5.56328e-05
17975: 5.56297e-05
17976: 5.56266e-05
17977: 5.56235e-05
17978: 5.56204e-05
17979: 5.56174e-05
17980: 5.56143e-05
17981: 5.56112e-05
17982: 5.56081e-05
17983: 5.5605e-05
17984: 5.56019e-05
17985: 5.55988e-05
17986: 5.55957e-05
17987: 5.55926e-05
17988: 5.55895e-05
17989: 5.55864e-05
17990: 5.55833e-05
17991: 5.55803e-05
17992: 5.55772e-05
17993: 5.55741e-05
17994: 5.5571e-05
17995: 5.55679e-05
17996: 5.55648e-05
17997: 5.55617e-05
17998: 5.55586e-05
17999: 5.55556e-05
18000: 5.55525e-05
18001: 5.55494e-05
18002: 5.55463e-05
18003: 5.55432e-05
18004: 5.55401e-05
18005: 5.5537e-05
18006: 5.5534e-05
18007: 5.55309e-05
18008: 5.55278e-05
18009: 5.55247e-05
18010: 5.55216e-05
18011: 5.55185e-05
18012: 5.55155e-05
18013: 5.55124e-05
18014: 5.55093e-05
18015: 5.55062e-05
18016: 5.55031e-05
18017: 5.55001e-05
18018: 5.5497e-05
18019: 5.54939e-05
18020: 5.54908e-05
18021: 5.54877e-05
18022: 5.54847e-05
18023: 5.54816e-05
18024: 5.54785e-05
18025: 5.54754e-05
18026: 5.54723e-05
18027: 5.54693e-05
18028: 5.54662e-05
18029: 5.54631e-05
18030: 5.546e-05
18031: 5.5457e-05
18032: 5.54539e-05
18033: 5.54508e-05
18034: 5.54477e-05
18035: 5.54447e-05
18036: 5.54416e-05
18037: 5.54385e-05
18038: 5.54354e-05
18039: 5.54324e-05
18040: 5.54293e-05
18041: 5.54262e-05
18042: 5.54232e-05
18043: 5.54201e-05
18044: 5.5417e-05
18045: 5.54139e-05
18046: 5.54109e-05
18047: 5.54078e-05
18048: 5.54047e-05
18049: 5.54017e-05
18050: 5.53986e-05
18051: 5.53955e-05
18052: 5.53925e-05
18053: 5.53894e-05
18054: 5.53863e-05
18055: 5.53833e-05
18056: 5.53802e-05
18057: 5.53771e-05
18058: 5.53741e-05
18059: 5.5371e-05
18060: 5.53679e-05
18061: 5.53649e-05
18062: 5.53618e-05
18063: 5.53587e-05
18064: 5.53557e-05
18065: 5.53526e-05
18066: 5.53495e-05
18067: 5.53465e-05
18068: 5.53434e-05
18069: 5.53403e-05
18070: 5.53373e-05
18071: 5.53342e-05
18072: 5.53312e-05
18073: 5.53281e-05
18074: 5.5325e-05
18075: 5.5322e-05
18076: 5.53189e-05
18077: 5.53159e-05
18078: 5.53128e-05
18079: 5.53097e-05
18080: 5.53067e-05
18081: 5.53036e-05
18082: 5.53006e-05
18083: 5.52975e-05
18084: 5.52944e-05
18085: 5.52914e-05
18086: 5.52883e-05
18087: 5.52853e-05
18088: 5.52822e-05
18089: 5.52792e-05
18090: 5.52761e-05
18091: 5.5273e-05
18092: 5.527e-05
18093: 5.52669e-05
18094: 5.52639e-05
18095: 5.52608e-05
18096: 5.52578e-05
18097: 5.52547e-05
18098: 5.52517e-05
18099: 5.52486e-05
18100: 5.52456e-05
18101: 5.52425e-05
18102: 5.52395e-05
18103: 5.52364e-05
18104: 5.52334e-05
18105: 5.52303e-05
18106: 5.52273e-05
18107: 5.52242e-05
18108: 5.52212e-05
18109: 5.52181e-05
18110: 5.52151e-05
18111: 5.5212e-05
18112: 5.5209e-05
18113: 5.52059e-05
18114: 5.52029e-05
18115: 5.51998e-05
18116: 5.51968e-05
18117: 5.51937e-05
18118: 5.51907e-05
18119: 5.51876e-05
18120: 5.51846e-05
18121: 5.51815e-05
18122: 5.51785e-05
18123: 5.51755e-05
18124: 5.51724e-05
18125: 5.51694e-05
18126: 5.51663e-05
18127: 5.51633e-05
18128: 5.51602e-05
18129: 5.51572e-05
18130: 5.51542e-05
18131: 5.51511e-05
18132: 5.51481e-05
18133: 5.5145e-05
18134: 5.5142e-05
18135: 5.5139e-05
18136: 5.51359e-05
18137: 5.51329e-05
18138: 5.51298e-05
18139: 5.51268e-05
18140: 5.51238e-05
18141: 5.51207e-05
18142: 5.51177e-05
18143: 5.51146e-05
18144: 5.51116e-05
18145: 5.51086e-05
18146: 5.51055e-05
18147: 5.51025e-05
18148: 5.50995e-05
18149: 5.50964e-05
18150: 5.50934e-05
18151: 5.50903e-05
18152: 5.50873e-05
18153: 5.50843e-05
18154: 5.50812e-05
18155: 5.50782e-05
18156: 5.50752e-05
18157: 5.50721e-05
18158: 5.50691e-05
18159: 5.50661e-05
18160: 5.5063e-05
18161: 5.506e-05
18162: 5.5057e-05
18163: 5.5054e-05
18164: 5.50509e-05
18165: 5.50479e-05
18166: 5.50449e-05
18167: 5.50418e-05
18168: 5.50388e-05
18169: 5.50358e-05
18170: 5.50327e-05
18171: 5.50297e-05
18172: 5.50267e-05
18173: 5.50237e-05
18174: 5.50206e-05
18175: 5.50176e-05
18176: 5.50146e-05
18177: 5.50116e-05
18178: 5.50085e-05
18179: 5.50055e-05
18180: 5.50025e-05
18181: 5.49995e-05
18182: 5.49964e-05
18183: 5.49934e-05
18184: 5.49904e-05
18185: 5.49874e-05
18186: 5.49843e-05
18187: 5.49813e-05
18188: 5.49783e-05
18189: 5.49753e-05
18190: 5.49722e-05
18191: 5.49692e-05
18192: 5.49662e-05
18193: 5.49632e-05
18194: 5.49602e-05
18195: 5.49571e-05
18196: 5.49541e-05
18197: 5.49511e-05
18198: 5.49481e-05
18199: 5.49451e-05
18200: 5.4942e-05
18201: 5.4939e-05
18202: 5.4936e-05
18203: 5.4933e-05
18204: 5.493e-05
18205: 5.49269e-05
18206: 5.49239e-05
18207: 5.49209e-05
18208: 5.49179e-05
18209: 5.49149e-05
18210: 5.49119e-05
18211: 5.49089e-05
18212: 5.49058e-05
18213: 5.49028e-05
18214: 5.48998e-05
18215: 5.48968e-05
18216: 5.48938e-05
18217: 5.48908e-05
18218: 5.48878e-05
18219: 5.48847e-05
18220: 5.48817e-05
18221: 5.48787e-05
18222: 5.48757e-05
18223: 5.48727e-05
18224: 5.48697e-05
18225: 5.48667e-05
18226: 5.48637e-05
18227: 5.48607e-05
18228: 5.48576e-05
18229: 5.48546e-05
18230: 5.48516e-05
18231: 5.48486e-05
18232: 5.48456e-05
18233: 5.48426e-05
18234: 5.48396e-05
18235: 5.48366e-05
18236: 5.48336e-05
18237: 5.48306e-05
18238: 5.48276e-05
18239: 5.48246e-05
18240: 5.48216e-05
18241: 5.48186e-05
18242: 5.48155e-05
18243: 5.48125e-05
18244: 5.48095e-05
18245: 5.48065e-05
18246: 5.48035e-05
18247: 5.48005e-05
18248: 5.47975e-05
18249: 5.47945e-05
18250: 5.47915e-05
18251: 5.47885e-05
18252: 5.47855e-05
18253: 5.47825e-05
18254: 5.47795e-05
18255: 5.47765e-05
18256: 5.47735e-05
18257: 5.47705e-05
18258: 5.47675e-05
18259: 5.47645e-05
18260: 5.47615e-05
18261: 5.47585e-05
18262: 5.47555e-05
18263: 5.47525e-05
18264: 5.47495e-05
18265: 5.47465e-05
18266: 5.47435e-05
18267: 5.47405e-05
18268: 5.47375e-05
18269: 5.47345e-05
18270: 5.47315e-05
18271: 5.47285e-05
18272: 5.47256e-05
18273: 5.47226e-05
18274: 5.47196e-05
18275: 5.47166e-05
18276: 5.47136e-05
18277: 5.47106e-05
18278: 5.47076e-05
18279: 5.47046e-05
18280: 5.47016e-05
18281: 5.46986e-05
18282: 5.46956e-05
18283: 5.46926e-05
18284: 5.46896e-05
18285: 5.46866e-05
18286: 5.46837e-05
18287: 5.46807e-05
18288: 5.46777e-05
18289: 5.46747e-05
18290: 5.46717e-05
18291: 5.46687e-05
18292: 5.46657e-05
18293: 5.46627e-05
18294: 5.46597e-05
18295: 5.46568e-05
18296: 5.46538e-05
18297: 5.46508e-05
18298: 5.46478e-05
18299: 5.46448e-05
18300: 5.46418e-05
18301: 5.46388e-05
18302: 5.46359e-05
18303: 5.46329e-05
18304: 5.46299e-05
18305: 5.46269e-05
18306: 5.46239e-05
18307: 5.46209e-05
18308: 5.46179e-05
18309: 5.4615e-05
18310: 5.4612e-05
18311: 5.4609e-05
18312: 5.4606e-05
18313: 5.4603e-05
18314: 5.46001e-05
18315: 5.45971e-05
18316: 5.45941e-05
18317: 5.45911e-05
18318: 5.45881e-05
18319: 5.45852e-05
18320: 5.45822e-05
18321: 5.45792e-05
18322: 5.45762e-05
18323: 5.45732e-05
18324: 5.45703e-05
18325: 5.45673e-05
18326: 5.45643e-05
18327: 5.45613e-05
18328: 5.45584e-05
18329: 5.45554e-05
18330: 5.45524e-05
18331: 5.45494e-05
18332: 5.45464e-05
18333: 5.45435e-05
18334: 5.45405e-05
18335: 5.45375e-05
18336: 5.45345e-05
18337: 5.45316e-05
18338: 5.45286e-05
18339: 5.45256e-05
18340: 5.45227e-05
18341: 5.45197e-05
18342: 5.45167e-05
18343: 5.45137e-05
18344: 5.45108e-05
18345: 5.45078e-05
18346: 5.45048e-05
18347: 5.45019e-05
18348: 5.44989e-05
18349: 5.44959e-05
18350: 5.44929e-05
18351: 5.449e-05
18352: 5.4487e-05
18353: 5.4484e-05
18354: 5.44811e-05
18355: 5.44781e-05
18356: 5.44751e-05
18357: 5.44722e-05
18358: 5.44692e-05
18359: 5.44662e-05
18360: 5.44633e-05
18361: 5.44603e-05
18362: 5.44573e-05
18363: 5.44544e-05
18364: 5.44514e-05
18365: 5.44484e-05
18366: 5.44455e-05
18367: 5.44425e-05
18368: 5.44395e-05
18369: 5.44366e-05
18370: 5.44336e-05
18371: 5.44307e-05
18372: 5.44277e-05
18373: 5.44247e-05
18374: 5.44218e-05
18375: 5.44188e-05
18376: 5.44158e-05
18377: 5.44129e-05
18378: 5.44099e-05
18379: 5.4407e-05
18380: 5.4404e-05
18381: 5.4401e-05
18382: 5.43981e-05
18383: 5.43951e-05
18384: 5.43922e-05
18385: 5.43892e-05
18386: 5.43863e-05
18387: 5.43833e-05
18388: 5.43803e-05
18389: 5.43774e-05
18390: 5.43744e-05
18391: 5.43715e-05
18392: 5.43685e-05
18393: 5.43656e-05
18394: 5.43626e-05
18395: 5.43596e-05
18396: 5.43567e-05
18397: 5.43537e-05
18398: 5.43508e-05
18399: 5.43478e-05
18400: 5.43449e-05
18401: 5.43419e-05
18402: 5.4339e-05
18403: 5.4336e-05
18404: 5.43331e-05
18405: 5.43301e-05
18406: 5.43272e-05
18407: 5.43242e-05
18408: 5.43213e-05
18409: 5.43183e-05
18410: 5.43154e-05
18411: 5.43124e-05
18412: 5.43095e-05
18413: 5.43065e-05
18414: 5.43036e-05
18415: 5.43006e-05
18416: 5.42977e-05
18417: 5.42947e-05
18418: 5.42918e-05
18419: 5.42888e-05
18420: 5.42859e-05
18421: 5.42829e-05
18422: 5.428e-05
18423: 5.4277e-05
18424: 5.42741e-05
18425: 5.42711e-05
18426: 5.42682e-05
18427: 5.42652e-05
18428: 5.42623e-05
18429: 5.42594e-05
18430: 5.42564e-05
18431: 5.42535e-05
18432: 5.42505e-05
18433: 5.42476e-05
18434: 5.42446e-05
18435: 5.42417e-05
18436: 5.42388e-05
18437: 5.42358e-05
18438: 5.42329e-05
18439: 5.42299e-05
18440: 5.4227e-05
18441: 5.42241e-05
18442: 5.42211e-05
18443: 5.42182e-05
18444: 5.42152e-05
18445: 5.42123e-05
18446: 5.42094e-05
18447: 5.42064e-05
18448: 5.42035e-05
18449: 5.42005e-05
18450: 5.41976e-05
18451: 5.41947e-05
18452: 5.41917e-05
18453: 5.41888e-05
18454: 5.41859e-05
18455: 5.41829e-05
18456: 5.418e-05
18457: 5.41771e-05
18458: 5.41741e-05
18459: 5.41712e-05
18460: 5.41682e-05
18461: 5.41653e-05
18462: 5.41624e-05
18463: 5.41594e-05
18464: 5.41565e-05
18465: 5.41536e-05
18466: 5.41506e-05
18467: 5.41477e-05
18468: 5.41448e-05
18469: 5.41419e-05
18470: 5.41389e-05
18471: 5.4136e-05
18472: 5.41331e-05
18473: 5.41301e-05
18474: 5.41272e-05
18475: 5.41243e-05
18476: 5.41213e-05
18477: 5.41184e-05
18478: 5.41155e-05
18479: 5.41126e-05
18480: 5.41096e-05
18481: 5.41067e-05
18482: 5.41038e-05
18483: 5.41008e-05
18484: 5.40979e-05
18485: 5.4095e-05
18486: 5.40921e-05
18487: 5.40891e-05
18488: 5.40862e-05
18489: 5.40833e-05
18490: 5.40804e-05
18491: 5.40774e-05
18492: 5.40745e-05
18493: 5.40716e-05
18494: 5.40687e-05
18495: 5.40657e-05
18496: 5.40628e-05
18497: 5.40599e-05
18498: 5.4057e-05
18499: 5.40541e-05
18500: 5.40511e-05
18501: 5.40482e-05
18502: 5.40453e-05
18503: 5.40424e-05
18504: 5.40394e-05
18505: 5.40365e-05
18506: 5.40336e-05
18507: 5.40307e-05
18508: 5.40278e-05
18509: 5.40249e-05
18510: 5.40219e-05
18511: 5.4019e-05
18512: 5.40161e-05
18513: 5.40132e-05
18514: 5.40103e-05
18515: 5.40073e-05
18516: 5.40044e-05
18517: 5.40015e-05
18518: 5.39986e-05
18519: 5.39957e-05
18520: 5.39928e-05
18521: 5.39898e-05
18522: 5.39869e-05
18523: 5.3984e-05
18524: 5.39811e-05
18525: 5.39782e-05
18526: 5.39753e-05
18527: 5.39724e-05
18528: 5.39695e-05
18529: 5.39665e-05
18530: 5.39636e-05
18531: 5.39607e-05
18532: 5.39578e-05
18533: 5.39549e-05
18534: 5.3952e-05
18535: 5.39491e-05
18536: 5.39462e-05
18537: 5.39433e-05
18538: 5.39403e-05
18539: 5.39374e-05
18540: 5.39345e-05
18541: 5.39316e-05
18542: 5.39287e-05
18543: 5.39258e-05
18544: 5.39229e-05
18545: 5.392e-05
18546: 5.39171e-05
18547: 5.39142e-05
18548: 5.39113e-05
18549: 5.39084e-05
18550: 5.39054e-05
18551: 5.39025e-05
18552: 5.38996e-05
18553: 5.38967e-05
18554: 5.38938e-05
18555: 5.38909e-05
18556: 5.3888e-05
18557: 5.38851e-05
18558: 5.38822e-05
18559: 5.38793e-05
18560: 5.38764e-05
18561: 5.38735e-05
18562: 5.38706e-05
18563: 5.38677e-05
18564: 5.38648e-05
18565: 5.38619e-05
18566: 5.3859e-05
18567: 5.38561e-05
18568: 5.38532e-05
18569: 5.38503e-05
18570: 5.38474e-05
18571: 5.38445e-05
18572: 5.38416e-05
18573: 5.38387e-05
18574: 5.38358e-05
18575: 5.38329e-05
18576: 5.383e-05
18577: 5.38271e-05
18578: 5.38242e-05
18579: 5.38213e-05
18580: 5.38184e-05
18581: 5.38155e-05
18582: 5.38126e-05
18583: 5.38097e-05
18584: 5.38068e-05
18585: 5.38039e-05
18586: 5.3801e-05
18587: 5.37981e-05
18588: 5.37953e-05
18589: 5.37924e-05
18590: 5.37895e-05
18591: 5.37866e-05
18592: 5.37837e-05
18593: 5.37808e-05
18594: 5.37779e-05
18595: 5.3775e-05
18596: 5.37721e-05
18597: 5.37692e-05
18598: 5.37663e-05
18599: 5.37634e-05
18600: 5.37606e-05
18601: 5.37577e-05
18602: 5.37548e-05
18603: 5.37519e-05
18604: 5.3749e-05
18605: 5.37461e-05
18606: 5.37432e-05
18607: 5.37403e-05
18608: 5.37374e-05
18609: 5.37346e-05
18610: 5.37317e-05
18611: 5.37288e-05
18612: 5.37259e-05
18613: 5.3723e-05
18614: 5.37201e-05
18615: 5.37172e-05
18616: 5.37143e-05
18617: 5.37115e-05
18618: 5.37086e-05
18619: 5.37057e-05
18620: 5.37028e-05
18621: 5.36999e-05
18622: 5.3697e-05
18623: 5.36942e-05
18624: 5.36913e-05
18625: 5.36884e-05
18626: 5.36855e-05
18627: 5.36826e-05
18628: 5.36797e-05
18629: 5.36769e-05
18630: 5.3674e-05
18631: 5.36711e-05
18632: 5.36682e-05
18633: 5.36653e-05
18634: 5.36625e-05
18635: 5.36596e-05
18636: 5.36567e-05
18637: 5.36538e-05
18638: 5.36509e-05
18639: 5.36481e-05
18640: 5.36452e-05
18641: 5.36423e-05
18642: 5.36394e-05
18643: 5.36366e-05
18644: 5.36337e-05
18645: 5.36308e-05
18646: 5.36279e-05
18647: 5.36251e-05
18648: 5.36222e-05
18649: 5.36193e-05
18650: 5.36164e-05
18651: 5.36136e-05
18652: 5.36107e-05
18653: 5.36078e-05
18654: 5.36049e-05
18655: 5.36021e-05
18656: 5.35992e-05
18657: 5.35963e-05
18658: 5.35934e-05
18659: 5.35906e-05
18660: 5.35877e-05
18661: 5.35848e-05
18662: 5.3582e-05
18663: 5.35791e-05
18664: 5.35762e-05
18665: 5.35733e-05
18666: 5.35705e-05
18667: 5.35676e-05
18668: 5.35647e-05
18669: 5.35619e-05
18670: 5.3559e-05
18671: 5.35561e-05
18672: 5.35533e-05
18673: 5.35504e-05
18674: 5.35475e-05
18675: 5.35447e-05
18676: 5.35418e-05
18677: 5.35389e-05
18678: 5.35361e-05
18679: 5.35332e-05
18680: 5.35303e-05
18681: 5.35275e-05
18682: 5.35246e-05
18683: 5.35217e-05
18684: 5.35189e-05
18685: 5.3516e-05
18686: 5.35131e-05
18687: 5.35103e-05
18688: 5.35074e-05
18689: 5.35045e-05
18690: 5.35017e-05
18691: 5.34988e-05
18692: 5.3496e-05
18693: 5.34931e-05
18694: 5.34902e-05
18695: 5.34874e-05
18696: 5.34845e-05
18697: 5.34817e-05
18698: 5.34788e-05
18699: 5.34759e-05
18700: 5.34731e-05
18701: 5.34702e-05
18702: 5.34674e-05
18703: 5.34645e-05
18704: 5.34616e-05
18705: 5.34588e-05
18706: 5.34559e-05
18707: 5.34531e-05
18708: 5.34502e-05
18709: 5.34474e-05
18710: 5.34445e-05
18711: 5.34416e-05
18712: 5.34388e-05
18713: 5.34359e-05
18714: 5.34331e-05
18715: 5.34302e-05
18716: 5.34274e-05
18717: 5.34245e-05
18718: 5.34217e-05
18719: 5.34188e-05
18720: 5.3416e-05
18721: 5.34131e-05
18722: 5.34102e-05
18723: 5.34074e-05
18724: 5.34045e-05
18725: 5.34017e-05
18726: 5.33988e-05
18727: 5.3396e-05
18728: 5.33931e-05
18729: 5.33903e-05
18730: 5.33874e-05
18731: 5.33846e-05
18732: 5.33817e-05
18733: 5.33789e-05
18734: 5.3376e-05
18735: 5.33732e-05
18736: 5.33703e-05
18737: 5.33675e-05
18738: 5.33646e-05
18739: 5.33618e-05
18740: 5.33589e-05
18741: 5.33561e-05
18742: 5.33533e-05
18743: 5.33504e-05
18744: 5.33476e-05
18745: 5.33447e-05
18746: 5.33419e-05
18747: 5.3339e-05
18748: 5.33362e-05
18749: 5.33333e-05
18750: 5.33305e-05
18751: 5.33276e-05
18752: 5.33248e-05
18753: 5.3322e-05
18754: 5.33191e-05
18755: 5.33163e-05
18756: 5.33134e-05
18757: 5.33106e-05
18758: 5.33077e-05
18759: 5.33049e-05
18760: 5.33021e-05
18761: 5.32992e-05
18762: 5.32964e-05
18763: 5.32935e-05
18764: 5.32907e-05
18765: 5.32879e-05
18766: 5.3285e-05
18767: 5.32822e-05
18768: 5.32793e-05
18769: 5.32765e-05
18770: 5.32737e-05
18771: 5.32708e-05
18772: 5.3268e-05
18773: 5.32652e-05
18774: 5.32623e-05
18775: 5.32595e-05
18776: 5.32566e-05
18777: 5.32538e-05
18778: 5.3251e-05
18779: 5.32481e-05
18780: 5.32453e-05
18781: 5.32425e-05
18782: 5.32396e-05
18783: 5.32368e-05
18784: 5.3234e-05
18785: 5.32311e-05
18786: 5.32283e-05
18787: 5.32255e-05
18788: 5.32226e-05
18789: 5.32198e-05
18790: 5.3217e-05
18791: 5.32141e-05
18792: 5.32113e-05
18793: 5.32085e-05
18794: 5.32056e-05
18795: 5.32028e-05
18796: 5.32e-05
18797: 5.31971e-05
18798: 5.31943e-05
18799: 5.31915e-05
18800: 5.31887e-05
18801: 5.31858e-05
18802: 5.3183e-05
18803: 5.31802e-05
18804: 5.31773e-05
18805: 5.31745e-05
18806: 5.31717e-05
18807: 5.31689e-05
18808: 5.3166e-05
18809: 5.31632e-05
18810: 5.31604e-05
18811: 5.31576e-05
18812: 5.31547e-05
18813: 5.31519e-05
18814: 5.31491e-05
18815: 5.31463e-05
18816: 5.31434e-05
18817: 5.31406e-05
18818: 5.31378e-05
18819: 5.3135e-05
18820: 5.31321e-05
18821: 5.31293e-05
18822: 5.31265e-05
18823: 5.31237e-05
18824: 5.31208e-05
18825: 5.3118e-05
18826: 5.31152e-05
18827: 5.31124e-05
18828: 5.31096e-05
18829: 5.31067e-05
18830: 5.31039e-05
18831: 5.31011e-05
18832: 5.30983e-05
18833: 5.30955e-05
18834: 5.30926e-05
18835: 5.30898e-05
18836: 5.3087e-05
18837: 5.30842e-05
18838: 5.30814e-05
18839: 5.30786e-05
18840: 5.30757e-05
18841: 5.30729e-05
18842: 5.30701e-05
18843: 5.30673e-05
18844: 5.30645e-05
18845: 5.30617e-05
18846: 5.30588e-05
18847: 5.3056e-05
18848: 5.30532e-05
18849: 5.30504e-05
18850: 5.30476e-05
18851: 5.30448e-05
18852: 5.3042e-05
18853: 5.30391e-05
18854: 5.30363e-05
18855: 5.30335e-05
18856: 5.30307e-05
18857: 5.30279e-05
18858: 5.30251e-05
18859: 5.30223e-05
18860: 5.30195e-05
18861: 5.30166e-05
18862: 5.30138e-05
18863: 5.3011e-05
18864: 5.30082e-05
18865: 5.30054e-05
18866: 5.30026e-05
18867: 5.29998e-05
18868: 5.2997e-05
18869: 5.29942e-05
18870: 5.29914e-05
18871: 5.29886e-05
18872: 5.29857e-05
18873: 5.29829e-05
18874: 5.29801e-05
18875: 5.29773e-05
18876: 5.29745e-05
18877: 5.29717e-05
18878: 5.29689e-05
18879: 5.29661e-05
18880: 5.29633e-05
18881: 5.29605e-05
18882: 5.29577e-05
18883: 5.29549e-05
18884: 5.29521e-05
18885: 5.29493e-05
18886: 5.29465e-05
18887: 5.29437e-05
18888: 5.29409e-05
18889: 5.29381e-05
18890: 5.29353e-05
18891: 5.29325e-05
18892: 5.29297e-05
18893: 5.29269e-05
18894: 5.29241e-05
18895: 5.29213e-05
18896: 5.29185e-05
18897: 5.29157e-05
18898: 5.29129e-05
18899: 5.29101e-05
18900: 5.29073e-05
18901: 5.29045e-05
18902: 5.29017e-05
18903: 5.28989e-05
18904: 5.28961e-05
18905: 5.28933e-05
18906: 5.28905e-05
18907: 5.28877e-05
18908: 5.28849e-05
18909: 5.28821e-05
18910: 5.28793e-05
18911: 5.28765e-05
18912: 5.28737e-05
18913: 5.28709e-05
18914: 5.28681e-05
18915: 5.28653e-05
18916: 5.28625e-05
18917: 5.28597e-05
18918: 5.28569e-05
18919: 5.28541e-05
18920: 5.28513e-05
18921: 5.28485e-05
18922: 5.28457e-05
18923: 5.2843e-05
18924: 5.28402e-05
18925: 5.28374e-05
18926: 5.28346e-05
18927: 5.28318e-05
18928: 5.2829e-05
18929: 5.28262e-05
18930: 5.28234e-05
18931: 5.28206e-05
18932: 5.28178e-05
18933: 5.2815e-05
18934: 5.28123e-05
18935: 5.28095e-05
18936: 5.28067e-05
18937: 5.28039e-05
18938: 5.28011e-05
18939: 5.27983e-05
18940: 5.27955e-05
18941: 5.27927e-05
18942: 5.27899e-05
18943: 5.27872e-05
18944: 5.27844e-05
18945: 5.27816e-05
18946: 5.27788e-05
18947: 5.2776e-05
18948: 5.27732e-05
18949: 5.27704e-05
18950: 5.27677e-05
18951: 5.27649e-05
18952: 5.27621e-05
18953: 5.27593e-05
18954: 5.27565e-05
18955: 5.27537e-05
18956: 5.2751e-05
18957: 5.27482e-05
18958: 5.27454e-05
18959: 5.27426e-05
18960: 5.27398e-05
18961: 5.27371e-05
18962: 5.27343e-05
18963: 5.27315e-05
18964: 5.27287e-05
18965: 5.27259e-05
18966: 5.27232e-05
18967: 5.27204e-05
18968: 5.27176e-05
18969: 5.27148e-05
18970: 5.2712e-05
18971: 5.27093e-05
18972: 5.27065e-05
18973: 5.27037e-05
18974: 5.27009e-05
18975: 5.26981e-05
18976: 5.26954e-05
18977: 5.26926e-05
18978: 5.26898e-05
18979: 5.2687e-05
18980: 5.26843e-05
18981: 5.26815e-05
18982: 5.26787e-05
18983: 5.26759e-05
18984: 5.26732e-05
18985: 5.26704e-05
18986: 5.26676e-05
18987: 5.26648e-05
18988: 5.26621e-05
18989: 5.26593e-05
18990: 5.26565e-05
18991: 5.26537e-05
18992: 5.2651e-05
18993: 5.26482e-05
18994: 5.26454e-05
18995: 5.26427e-05
18996: 5.26399e-05
18997: 5.26371e-05
18998: 5.26343e-05
18999: 5.26316e-05
19000: 5.26288e-05
19001: 5.2626e-05
19002: 5.26233e-05
19003: 5.26205e-05
19004: 5.26177e-05
19005: 5.2615e-05
19006: 5.26122e-05
19007: 5.26094e-05
19008: 5.26067e-05
19009: 5.26039e-05
19010: 5.26011e-05
19011: 5.25984e-05
19012: 5.25956e-05
19013: 5.25928e-05
19014: 5.25901e-05
19015: 5.25873e-05
19016: 5.25845e-05
19017: 5.25818e-05
19018: 5.2579e-05
19019: 5.25762e-05
19020: 5.25735e-05
19021: 5.25707e-05
19022: 5.25679e-05
19023: 5.25652e-05
19024: 5.25624e-05
19025: 5.25597e-05
19026: 5.25569e-05
19027: 5.25541e-05
19028: 5.25514e-05
19029: 5.25486e-05
19030: 5.25458e-05
19031: 5.25431e-05
19032: 5.25403e-05
19033: 5.25376e-05
19034: 5.25348e-05
19035: 5.2532e-05
19036: 5.25293e-05
19037: 5.25265e-05
19038: 5.25238e-05
19039: 5.2521e-05
19040: 5.25183e-05
19041: 5.25155e-05
19042: 5.25127e-05
19043: 5.251e-05
19044: 5.25072e-05
19045: 5.25045e-05
19046: 5.25017e-05
19047: 5.2499e-05
19048: 5.24962e-05
19049: 5.24934e-05
19050: 5.24907e-05
19051: 5.24879e-05
19052: 5.24852e-05
19053: 5.24824e-05
19054: 5.24797e-05
19055: 5.24769e-05
19056: 5.24742e-05
19057: 5.24714e-05
19058: 5.24686e-05
19059: 5.24659e-05
19060: 5.24631e-05
19061: 5.24604e-05
19062: 5.24576e-05
19063: 5.24549e-05
19064: 5.24521e-05
19065: 5.24494e-05
19066: 5.24466e-05
19067: 5.24439e-05
19068: 5.24411e-05
19069: 5.24384e-05
19070: 5.24356e-05
19071: 5.24329e-05
19072: 5.24301e-05
19073: 5.24274e-05
19074: 5.24246e-05
19075: 5.24219e-05
19076: 5.24191e-05
19077: 5.24164e-05
19078: 5.24136e-05
19079: 5.24109e-05
19080: 5.24082e-05
19081: 5.24054e-05
19082: 5.24027e-05
19083: 5.23999e-05
19084: 5.23972e-05
19085: 5.23944e-05
19086: 5.23917e-05
19087: 5.23889e-05
19088: 5.23862e-05
19089: 5.23834e-05
19090: 5.23807e-05
19091: 5.2378e-05
19092: 5.23752e-05
19093: 5.23725e-05
19094: 5.23697e-05
19095: 5.2367e-05
19096: 5.23642e-05
19097: 5.23615e-05
19098: 5.23588e-05
19099: 5.2356e-05
19100: 5.23533e-05
19101: 5.23505e-05
19102: 5.23478e-05
19103: 5.23451e-05
19104: 5.23423e-05
19105: 5.23396e-05
19106: 5.23368e-05
19107: 5.23341e-05
19108: 5.23314e-05
19109: 5.23286e-05
19110: 5.23259e-05
19111: 5.23231e-05
19112: 5.23204e-05
19113: 5.23177e-05
19114: 5.23149e-05
19115: 5.23122e-05
19116: 5.23095e-05
19117: 5.23067e-05
19118: 5.2304e-05
19119: 5.23013e-05
19120: 5.22985e-05
19121: 5.22958e-05
19122: 5.22931e-05
19123: 5.22903e-05
19124: 5.22876e-05
19125: 5.22848e-05
19126: 5.22821e-05
19127: 5.22794e-05
19128: 5.22766e-05
19129: 5.22739e-05
19130: 5.22712e-05
19131: 5.22685e-05
19132: 5.22657e-05
19133: 5.2263e-05
19134: 5.22603e-05
19135: 5.22575e-05
19136: 5.22548e-05
19137: 5.22521e-05
19138: 5.22493e-05
19139: 5.22466e-05
19140: 5.22439e-05
19141: 5.22411e-05
19142: 5.22384e-05
19143: 5.22357e-05
19144: 5.2233e-05
19145: 5.22302e-05
19146: 5.22275e-05
19147: 5.22248e-05
19148: 5.2222e-05
19149: 5.22193e-05
19150: 5.22166e-05
19151: 5.22139e-05
19152: 5.22111e-05
19153: 5.22084e-05
19154: 5.22057e-05
19155: 5.2203e-05
19156: 5.22002e-05
19157: 5.21975e-05
19158: 5.21948e-05
19159: 5.21921e-05
19160: 5.21893e-05
19161: 5.21866e-05
19162: 5.21839e-05
19163: 5.21812e-05
19164: 5.21785e-05
19165: 5.21757e-05
19166: 5.2173e-05
19167: 5.21703e-05
19168: 5.21676e-05
19169: 5.21648e-05
19170: 5.21621e-05
19171: 5.21594e-05
19172: 5.21567e-05
19173: 5.2154e-05
19174: 5.21512e-05
19175: 5.21485e-05
19176: 5.21458e-05
19177: 5.21431e-05
19178: 5.21404e-05
19179: 5.21376e-05
19180: 5.21349e-05
19181: 5.21322e-05
19182: 5.21295e-05
19183: 5.21268e-05
19184: 5.21241e-05
19185: 5.21213e-05
19186: 5.21186e-05
19187: 5.21159e-05
19188: 5.21132e-05
19189: 5.21105e-05
19190: 5.21078e-05
19191: 5.2105e-05
19192: 5.21023e-05
19193: 5.20996e-05
19194: 5.20969e-05
19195: 5.20942e-05
19196: 5.20915e-05
19197: 5.20888e-05
19198: 5.2086e-05
19199: 5.20833e-05
19200: 5.20806e-05
19201: 5.20779e-05
19202: 5.20752e-05
19203: 5.20725e-05
19204: 5.20698e-05
19205: 5.20671e-05
19206: 5.20644e-05
19207: 5.20616e-05
19208: 5.20589e-05
19209: 5.20562e-05
19210: 5.20535e-05
19211: 5.20508e-05
19212: 5.20481e-05
19213: 5.20454e-05
19214: 5.20427e-05
19215: 5.204e-05
19216: 5.20373e-05
19217: 5.20346e-05
19218: 5.20318e-05
19219: 5.20291e-05
19220: 5.20264e-05
19221: 5.20237e-05
19222: 5.2021e-05
19223: 5.20183e-05
19224: 5.20156e-05
19225: 5.20129e-05
19226: 5.20102e-05
19227: 5.20075e-05
19228: 5.20048e-05
19229: 5.20021e-05
19230: 5.19994e-05
19231: 5.19967e-05
19232: 5.1994e-05
19233: 5.19913e-05
19234: 5.19886e-05
19235: 5.19859e-05
19236: 5.19832e-05
19237: 5.19805e-05
19238: 5.19778e-05
19239: 5.19751e-05
19240: 5.19724e-05
19241: 5.19696e-05
19242: 5.19669e-05
19243: 5.19642e-05
19244: 5.19615e-05
19245: 5.19588e-05
19246: 5.19561e-05
19247: 5.19534e-05
19248: 5.19508e-05
19249: 5.19481e-05
19250: 5.19454e-05
19251: 5.19427e-05
19252: 5.194e-05
19253: 5.19373e-05
19254: 5.19346e-05
19255: 5.19319e-05
19256: 5.19292e-05
19257: 5.19265e-05
19258: 5.19238e-05
19259: 5.19211e-05
19260: 5.19184e-05
19261: 5.19157e-05
19262: 5.1913e-05
19263: 5.19103e-05
19264: 5.19076e-05
19265: 5.19049e-05
19266: 5.19022e-05
19267: 5.18995e-05
19268: 5.18968e-05
19269: 5.18941e-05
19270: 5.18914e-05
19271: 5.18888e-05
19272: 5.18861e-05
19273: 5.18834e-05
19274: 5.18807e-05
19275: 5.1878e-05
19276: 5.18753e-05
19277: 5.18726e-05
19278: 5.18699e-05
19279: 5.18672e-05
19280: 5.18645e-05
19281: 5.18618e-05
19282: 5.18592e-05
19283: 5.18565e-05
19284: 5.18538e-05
19285: 5.18511e-05
19286: 5.18484e-05
19287: 5.18457e-05
19288: 5.1843e-05
19289: 5.18403e-05
19290: 5.18376e-05
19291: 5.1835e-05
19292: 5.18323e-05
19293: 5.18296e-05
19294: 5.18269e-05
19295: 5.18242e-05
19296: 5.18215e-05
19297: 5.18188e-05
19298: 5.18162e-05
19299: 5.18135e-05
19300: 5.18108e-05
19301: 5.18081e-05
19302: 5.18054e-05
19303: 5.18027e-05
19304: 5.18001e-05
19305: 5.17974e-05
19306: 5.17947e-05
19307: 5.1792e-05
19308: 5.17893e-05
19309: 5.17866e-05
19310: 5.1784e-05
19311: 5.17813e-05
19312: 5.17786e-05
19313: 5.17759e-05
19314: 5.17732e-05
19315: 5.17706e-05
19316: 5.17679e-05
19317: 5.17652e-05
19318: 5.17625e-05
19319: 5.17598e-05
19320: 5.17572e-05
19321: 5.17545e-05
19322: 5.17518e-05
19323: 5.17491e-05
19324: 5.17464e-05
19325: 5.17438e-05
19326: 5.17411e-05
19327: 5.17384e-05
19328: 5.17357e-05
19329: 5.17331e-05
19330: 5.17304e-05
19331: 5.17277e-05
19332: 5.1725e-05
19333: 5.17224e-05
19334: 5.17197e-05
19335: 5.1717e-05
19336: 5.17143e-05
19337: 5.17117e-05
19338: 5.1709e-05
19339: 5.17063e-05
19340: 5.17036e-05
19341: 5.1701e-05
19342: 5.16983e-05
19343: 5.16956e-05
19344: 5.16929e-05
19345: 5.16903e-05
19346: 5.16876e-05
19347: 5.16849e-05
19348: 5.16823e-05
19349: 5.16796e-05
19350: 5.16769e-05
19351: 5.16742e-05
19352: 5.16716e-05
19353: 5.16689e-05
19354: 5.16662e-05
19355: 5.16636e-05
19356: 5.16609e-05
19357: 5.16582e-05
19358: 5.16556e-05
19359: 5.16529e-05
19360: 5.16502e-05
19361: 5.16476e-05
19362: 5.16449e-05
19363: 5.16422e-05
19364: 5.16396e-05
19365: 5.16369e-05
19366: 5.16342e-05
19367: 5.16316e-05
19368: 5.16289e-05
19369: 5.16262e-05
19370: 5.16236e-05
19371: 5.16209e-05
19372: 5.16182e-05
19373: 5.16156e-05
19374: 5.16129e-05
19375: 5.16102e-05
19376: 5.16076e-05
19377: 5.16049e-05
19378: 5.16022e-05
19379: 5.15996e-05
19380: 5.15969e-05
19381: 5.15943e-05
19382: 5.15916e-05
19383: 5.15889e-05
19384: 5.15863e-05
19385: 5.15836e-05
19386: 5.1581e-05
19387: 5.15783e-05
19388: 5.15756e-05
19389: 5.1573e-05
19390: 5.15703e-05
19391: 5.15677e-05
19392: 5.1565e-05
19393: 5.15623e-05
19394: 5.15597e-05
19395: 5.1557e-05
19396: 5.15544e-05
19397: 5.15517e-05
19398: 5.1549e-05
19399: 5.15464e-05
19400: 5.15437e-05
19401: 5.15411e-05
19402: 5.15384e-05
19403: 5.15358e-05
19404: 5.15331e-05
19405: 5.15305e-05
19406: 5.15278e-05
19407: 5.15251e-05
19408: 5.15225e-05
19409: 5.15198e-05
19410: 5.15172e-05
19411: 5.15145e-05
19412: 5.15119e-05
19413: 5.15092e-05
19414: 5.15066e-05
19415: 5.15039e-05
19416: 5.15013e-05
19417: 5.14986e-05
19418: 5.1496e-05
19419: 5.14933e-05
19420: 5.14907e-05
19421: 5.1488e-05
19422: 5.14854e-05
19423: 5.14827e-05
19424: 5.14801e-05
19425: 5.14774e-05
19426: 5.14748e-05
19427: 5.14721e-05
19428: 5.14695e-05
19429: 5.14668e-05
19430: 5.14642e-05
19431: 5.14615e-05
19432: 5.14589e-05
19433: 5.14562e-05
19434: 5.14536e-05
19435: 5.14509e-05
19436: 5.14483e-05
19437: 5.14456e-05
19438: 5.1443e-05
19439: 5.14403e-05
19440: 5.14377e-05
19441: 5.1435e-05
19442: 5.14324e-05
19443: 5.14297e-05
19444: 5.14271e-05
19445: 5.14245e-05
19446: 5.14218e-05
19447: 5.14192e-05
19448: 5.14165e-05
19449: 5.14139e-05
19450: 5.14112e-05
19451: 5.14086e-05
19452: 5.1406e-05
19453: 5.14033e-05
19454: 5.14007e-05
19455: 5.1398e-05
19456: 5.13954e-05
19457: 5.13927e-05
19458: 5.13901e-05
19459: 5.13875e-05
19460: 5.13848e-05
19461: 5.13822e-05
19462: 5.13795e-05
19463: 5.13769e-05
19464: 5.13743e-05
19465: 5.13716e-05
19466: 5.1369e-05
19467: 5.13663e-05
19468: 5.13637e-05
19469: 5.13611e-05
19470: 5.13584e-05
19471: 5.13558e-05
19472: 5.13532e-05
19473: 5.13505e-05
19474: 5.13479e-05
19475: 5.13452e-05
19476: 5.13426e-05
19477: 5.134e-05
19478: 5.13373e-05
19479: 5.13347e-05
19480: 5.13321e-05
19481: 5.13294e-05
19482: 5.13268e-05
19483: 5.13242e-05
19484: 5.13215e-05
19485: 5.13189e-05
19486: 5.13163e-05
19487: 5.13136e-05
19488: 5.1311e-05
19489: 5.13084e-05
19490: 5.13057e-05
19491: 5.13031e-05
19492: 5.13005e-05
19493: 5.12978e-05
19494: 5.12952e-05
19495: 5.12926e-05
19496: 5.12899e-05
19497: 5.12873e-05
19498: 5.12847e-05
19499: 5.12821e-05
19500: 5.12794e-05
19501: 5.12768e-05
19502: 5.12742e-05
19503: 5.12715e-05
19504: 5.12689e-05
19505: 5.12663e-05
19506: 5.12636e-05
19507: 5.1261e-05
19508: 5.12584e-05
19509: 5.12558e-05
19510: 5.12531e-05
19511: 5.12505e-05
19512: 5.12479e-05
19513: 5.12453e-05
19514: 5.12426e-05
19515: 5.124e-05
19516: 5.12374e-05
19517: 5.12348e-05
19518: 5.12321e-05
19519: 5.12295e-05
19520: 5.12269e-05
19521: 5.12243e-05
19522: 5.12216e-05
19523: 5.1219e-05
19524: 5.12164e-05
19525: 5.12138e-05
19526: 5.12111e-05
19527: 5.12085e-05
19528: 5.12059e-05
19529: 5.12033e-05
19530: 5.12007e-05
19531: 5.1198e-05
19532: 5.11954e-05
19533: 5.11928e-05
19534: 5.11902e-05
19535: 5.11876e-05
19536: 5.11849e-05
19537: 5.11823e-05
19538: 5.11797e-05
19539: 5.11771e-05
19540: 5.11745e-05
19541: 5.11718e-05
19542: 5.11692e-05
19543: 5.11666e-05
19544: 5.1164e-05
19545: 5.11614e-05
19546: 5.11587e-05
19547: 5.11561e-05
19548: 5.11535e-05
19549: 5.11509e-05
19550: 5.11483e-05
19551: 5.11457e-05
19552: 5.1143e-05
19553: 5.11404e-05
19554: 5.11378e-05
19555: 5.11352e-05
19556: 5.11326e-05
19557: 5.113e-05
19558: 5.11274e-05
19559: 5.11247e-05
19560: 5.11221e-05
19561: 5.11195e-05
19562: 5.11169e-05
19563: 5.11143e-05
19564: 5.11117e-05
19565: 5.11091e-05
19566: 5.11065e-05
19567: 5.11038e-05
19568: 5.11012e-05
19569: 5.10986e-05
19570: 5.1096e-05
19571: 5.10934e-05
19572: 5.10908e-05
19573: 5.10882e-05
19574: 5.10856e-05
19575: 5.1083e-05
19576: 5.10803e-05
19577: 5.10777e-05
19578: 5.10751e-05
19579: 5.10725e-05
19580: 5.10699e-05
19581: 5.10673e-05
19582: 5.10647e-05
19583: 5.10621e-05
19584: 5.10595e-05
19585: 5.10569e-05
19586: 5.10543e-05
19587: 5.10517e-05
19588: 5.10491e-05
19589: 5.10465e-05
19590: 5.10438e-05
19591: 5.10412e-05
19592: 5.10386e-05
19593: 5.1036e-05
19594: 5.10334e-05
19595: 5.10308e-05
19596: 5.10282e-05
19597: 5.10256e-05
19598: 5.1023e-05
19599: 5.10204e-05
19600: 5.10178e-05
19601: 5.10152e-05
19602: 5.10126e-05
19603: 5.101e-05
19604: 5.10074e-05
19605: 5.10048e-05
19606: 5.10022e-05
19607: 5.09996e-05
19608: 5.0997e-05
19609: 5.09944e-05
19610: 5.09918e-05
19611: 5.09892e-05
19612: 5.09866e-05
19613: 5.0984e-05
19614: 5.09814e-05
19615: 5.09788e-05
19616: 5.09762e-05
19617: 5.09736e-05
19618: 5.0971e-05
19619: 5.09684e-05
19620: 5.09658e-05
19621: 5.09632e-05
19622: 5.09606e-05
19623: 5.0958e-05
19624: 5.09554e-05
19625: 5.09528e-05
19626: 5.09502e-05
19627: 5.09476e-05
19628: 5.0945e-05
19629: 5.09424e-05
19630: 5.09398e-05
19631: 5.09372e-05
19632: 5.09347e-05
19633: 5.09321e-05
19634: 5.09295e-05
19635: 5.09269e-05
19636: 5.09243e-05
19637: 5.09217e-05
19638: 5.09191e-05
19639: 5.09165e-05
19640: 5.09139e-05
19641: 5.09113e-05
19642: 5.09087e-05
19643: 5.09061e-05
19644: 5.09035e-05
19645: 5.09009e-05
19646: 5.08984e-05
19647: 5.08958e-05
19648: 5.08932e-05
19649: 5.08906e-05
19650: 5.0888e-05
19651: 5.08854e-05
19652: 5.08828e-05
19653: 5.08802e-05
19654: 5.08776e-05
19655: 5.08751e-05
19656: 5.08725e-05
19657: 5.08699e-05
19658: 5.08673e-05
19659: 5.08647e-05
19660: 5.08621e-05
19661: 5.08595e-05
19662: 5.08569e-05
19663: 5.08544e-05
19664: 5.08518e-05
19665: 5.08492e-05
19666: 5.08466e-05
19667: 5.0844e-05
19668: 5.08414e-05
19669: 5.08388e-05
19670: 5.08363e-05
19671: 5.08337e-05
19672: 5.08311e-05
19673: 5.08285e-05
19674: 5.08259e-05
19675: 5.08233e-05
19676: 5.08208e-05
19677: 5.08182e-05
19678: 5.08156e-05
19679: 5.0813e-05
19680: 5.08104e-05
19681: 5.08078e-05
19682: 5.08053e-05
19683: 5.08027e-05
19684: 5.08001e-05
19685: 5.07975e-05
19686: 5.07949e-05
19687: 5.07924e-05
19688: 5.07898e-05
19689: 5.07872e-05
19690: 5.07846e-05
19691: 5.0782e-05
19692: 5.07795e-05
19693: 5.07769e-05
19694: 5.07743e-05
19695: 5.07717e-05
19696: 5.07692e-05
19697: 5.07666e-05
19698: 5.0764e-05
19699: 5.07614e-05
19700: 5.07588e-05
19701: 5.07563e-05
19702: 5.07537e-05
19703: 5.07511e-05
19704: 5.07485e-05
19705: 5.0746e-05
19706: 5.07434e-05
19707: 5.07408e-05
19708: 5.07382e-05
19709: 5.07357e-05
19710: 5.07331e-05
19711: 5.07305e-05
19712: 5.07279e-05
19713: 5.07254e-05
19714: 5.07228e-05
19715: 5.07202e-05
19716: 5.07177e-05
19717: 5.07151e-05
19718: 5.07125e-05
19719: 5.07099e-05
19720: 5.07074e-05
19721: 5.07048e-05
19722: 5.07022e-05
19723: 5.06997e-05
19724: 5.06971e-05
19725: 5.06945e-05
19726: 5.06919e-05
19727: 5.06894e-05
19728: 5.06868e-05
19729: 5.06842e-05
19730: 5.06817e-05
19731: 5.06791e-05
19732: 5.06765e-05
19733: 5.0674e-05
19734: 5.06714e-05
19735: 5.06688e-05
19736: 5.06663e-05
19737: 5.06637e-05
19738: 5.06611e-05
19739: 5.06586e-05
19740: 5.0656e-05
19741: 5.06534e-05
19742: 5.06509e-05
19743: 5.06483e-05
19744: 5.06457e-05
19745: 5.06432e-05
19746: 5.06406e-05
19747: 5.0638e-05
19748: 5.06355e-05
19749: 5.06329e-05
19750: 5.06303e-05
19751: 5.06278e-05
19752: 5.06252e-05
19753: 5.06227e-05
19754: 5.06201e-05
19755: 5.06175e-05
19756: 5.0615e-05
19757: 5.06124e-05
19758: 5.06098e-05
19759: 5.06073e-05
19760: 5.06047e-05
19761: 5.06022e-05
19762: 5.05996e-05
19763: 5.0597e-05
19764: 5.05945e-05
19765: 5.05919e-05
19766: 5.05894e-05
19767: 5.05868e-05
19768: 5.05842e-05
19769: 5.05817e-05
19770: 5.05791e-05
19771: 5.05766e-05
19772: 5.0574e-05
19773: 5.05715e-05
19774: 5.05689e-05
19775: 5.05663e-05
19776: 5.05638e-05
19777: 5.05612e-05
19778: 5.05587e-05
19779: 5.05561e-05
19780: 5.05536e-05
19781: 5.0551e-05
19782: 5.05485e-05
19783: 5.05459e-05
19784: 5.05433e-05
19785: 5.05408e-05
19786: 5.05382e-05
19787: 5.05357e-05
19788: 5.05331e-05
19789: 5.05306e-05
19790: 5.0528e-05
19791: 5.05255e-05
19792: 5.05229e-05
19793: 5.05204e-05
19794: 5.05178e-05
19795: 5.05153e-05
19796: 5.05127e-05
19797: 5.05102e-05
19798: 5.05076e-05
19799: 5.05051e-05
19800: 5.05025e-05
19801: 5.04999e-05
19802: 5.04974e-05
19803: 5.04948e-05
19804: 5.04923e-05
19805: 5.04898e-05
19806: 5.04872e-05
19807: 5.04847e-05
19808: 5.04821e-05
19809: 5.04796e-05
19810: 5.0477e-05
19811: 5.04745e-05
19812: 5.04719e-05
19813: 5.04694e-05
19814: 5.04668e-05
19815: 5.04643e-05
19816: 5.04617e-05
19817: 5.04592e-05
19818: 5.04566e-05
19819: 5.04541e-05
19820: 5.04515e-05
19821: 5.0449e-05
19822: 5.04465e-05
19823: 5.04439e-05
19824: 5.04414e-05
19825: 5.04388e-05
19826: 5.04363e-05
19827: 5.04337e-05
19828: 5.04312e-05
19829: 5.04286e-05
19830: 5.04261e-05
19831: 5.04236e-05
19832: 5.0421e-05
19833: 5.04185e-05
19834: 5.04159e-05
19835: 5.04134e-05
19836: 5.04108e-05
19837: 5.04083e-05
19838: 5.04058e-05
19839: 5.04032e-05
19840: 5.04007e-05
19841: 5.03981e-05
19842: 5.03956e-05
19843: 5.03931e-05
19844: 5.03905e-05
19845: 5.0388e-05
19846: 5.03854e-05
19847: 5.03829e-05
19848: 5.03804e-05
19849: 5.03778e-05
19850: 5.03753e-05
19851: 5.03728e-05
19852: 5.03702e-05
19853: 5.03677e-05
19854: 5.03651e-05
19855: 5.03626e-05
19856: 5.03601e-05
19857: 5.03575e-05
19858: 5.0355e-05
19859: 5.03525e-05
19860: 5.03499e-05
19861: 5.03474e-05
19862: 5.03449e-05
19863: 5.03423e-05
19864: 5.03398e-05
19865: 5.03373e-05
19866: 5.03347e-05
19867: 5.03322e-05
19868: 5.03297e-05
19869: 5.03271e-05
19870: 5.03246e-05
19871: 5.03221e-05
19872: 5.03195e-05
19873: 5.0317e-05
19874: 5.03145e-05
19875: 5.03119e-05
19876: 5.03094e-05
19877: 5.03069e-05
19878: 5.03043e-05
19879: 5.03018e-05
19880: 5.02993e-05
19881: 5.02968e-05
19882: 5.02942e-05
19883: 5.02917e-05
19884: 5.02892e-05
19885: 5.02866e-05
19886: 5.02841e-05
19887: 5.02816e-05
19888: 5.0279e-05
19889: 5.02765e-05
19890: 5.0274e-05
19891: 5.02715e-05
19892: 5.02689e-05
19893: 5.02664e-05
19894: 5.02639e-05
19895: 5.02614e-05
19896: 5.02588e-05
19897: 5.02563e-05
19898: 5.02538e-05
19899: 5.02513e-05
19900: 5.02487e-05
19901: 5.02462e-05
19902: 5.02437e-05
19903: 5.02412e-05
19904: 5.02386e-05
19905: 5.02361e-05
19906: 5.02336e-05
19907: 5.02311e-05
19908: 5.02285e-05
19909: 5.0226e-05
19910: 5.02235e-05
19911: 5.0221e-05
19912: 5.02185e-05
19913: 5.02159e-05
19914: 5.02134e-05
19915: 5.02109e-05
19916: 5.02084e-05
19917: 5.02058e-05
19918: 5.02033e-05
19919: 5.02008e-05
19920: 5.01983e-05
19921: 5.01958e-05
19922: 5.01932e-05
19923: 5.01907e-05
19924: 5.01882e-05
19925: 5.01857e-05
19926: 5.01832e-05
19927: 5.01807e-05
19928: 5.01781e-05
19929: 5.01756e-05
19930: 5.01731e-05
19931: 5.01706e-05
19932: 5.01681e-05
19933: 5.01655e-05
19934: 5.0163e-05
19935: 5.01605e-05
19936: 5.0158e-05
19937: 5.01555e-05
19938: 5.0153e-05
19939: 5.01505e-05
19940: 5.01479e-05
19941: 5.01454e-05
19942: 5.01429e-05
19943: 5.01404e-05
19944: 5.01379e-05
19945: 5.01354e-05
19946: 5.01329e-05
19947: 5.01303e-05
19948: 5.01278e-05
19949: 5.01253e-05
19950: 5.01228e-05
19951: 5.01203e-05
19952: 5.01178e-05
19953: 5.01153e-05
19954: 5.01128e-05
19955: 5.01102e-05
19956: 5.01077e-05
19957: 5.01052e-05
19958: 5.01027e-05
19959: 5.01002e-05
19960: 5.00977e-05
19961: 5.00952e-05
19962: 5.00927e-05
19963: 5.00902e-05
19964: 5.00877e-05
19965: 5.00851e-05
19966: 5.00826e-05
19967: 5.00801e-05
19968: 5.00776e-05
19969: 5.00751e-05
19970: 5.00726e-05
19971: 5.00701e-05
19972: 5.00676e-05
19973: 5.00651e-05
19974: 5.00626e-05
19975: 5.00601e-05
19976: 5.00576e-05
19977: 5.00551e-05
19978: 5.00526e-05
19979: 5.00501e-05
19980: 5.00475e-05
19981: 5.0045e-05
19982: 5.00425e-05
19983: 5.004e-05
19984: 5.00375e-05
19985: 5.0035e-05
19986: 5.00325e-05
19987: 5.003e-05
19988: 5.00275e-05
19989: 5.0025e-05
19990: 5.00225e-05
19991: 5.002e-05
19992: 5.00175e-05
19993: 5.0015e-05
19994: 5.00125e-05
19995: 5.001e-05
19996: 5.00075e-05
19997: 5.0005e-05
19998: 5.00025e-05
19999: 5e-05
20000: 4.99975e-05
20001: 4.9995e-05
20002: 4.99925e-05
20003: 4.999e-05
20004: 4.99875e-05
20005: 4.9985e-05
20006: 4.99825e-05
20007: 4.998e-05
20008: 4.99775e-05
20009: 4.9975e-05
20010: 4.99725e-05
20011: 4.997e-05
20012: 4.99675e-05
20013: 4.9965e-05
20014: 4.99625e-05
20015: 4.996e-05
20016: 4.99575e-05
20017: 4.9955e-05
20018: 4.99525e-05
20019: 4.995e-05
20020: 4.99476e-05
20021: 4.99451e-05
20022: 4.99426e-05
20023: 4.99401e-05
20024: 4.99376e-05
20025: 4.99351e-05
20026: 4.99326e-05
20027: 4.99301e-05
20028: 4.99276e-05
20029: 4.99251e-05
20030: 4.99226e-05
20031: 4.99201e-05
20032: 4.99176e-05
20033: 4.99151e-05
20034: 4.99127e-05
20035: 4.99102e-05
20036: 4.99077e-05
20037: 4.99052e-05
20038: 4.99027e-05
20039: 4.99002e-05
20040: 4.98977e-05
20041: 4.98952e-05
20042: 4.98927e-05
20043: 4.98902e-05
20044: 4.98878e-05
20045: 4.98853e-05
20046: 4.98828e-05
20047: 4.98803e-05
20048: 4.98778e-05
20049: 4.98753e-05
20050: 4.98728e-05
20051: 4.98703e-05
20052: 4.98679e-05
20053: 4.98654e-05
20054: 4.98629e-05
20055: 4.98604e-05
20056: 4.98579e-05
20057: 4.98554e-05
20058: 4.98529e-05
20059: 4.98504e-05
20060: 4.9848e-05
20061: 4.98455e-05
20062: 4.9843e-05
20063: 4.98405e-05
20064: 4.9838e-05
20065: 4.98355e-05
20066: 4.98331e-05
20067: 4.98306e-05
20068: 4.98281e-05
20069: 4.98256e-05
20070: 4.98231e-05
20071: 4.98206e-05
20072: 4.98182e-05
20073: 4.98157e-05
20074: 4.98132e-05
20075: 4.98107e-05
20076: 4.98082e-05
20077: 4.98058e-05
20078: 4.98033e-05
20079: 4.98008e-05
20080: 4.97983e-05
20081: 4.97958e-05
20082: 4.97934e-05
20083: 4.97909e-05
20084: 4.97884e-05
20085: 4.97859e-05
20086: 4.97834e-05
20087: 4.9781e-05
20088: 4.97785e-05
20089: 4.9776e-05
20090: 4.97735e-05
20091: 4.97711e-05
20092: 4.97686e-05
20093: 4.97661e-05
20094: 4.97636e-05
20095: 4.97611e-05
20096: 4.97587e-05
20097: 4.97562e-05
20098: 4.97537e-05
20099: 4.97512e-05
20100: 4.97488e-05
20101: 4.97463e-05
20102: 4.97438e-05
20103: 4.97413e-05
20104: 4.97389e-05
20105: 4.97364e-05
20106: 4.97339e-05
20107: 4.97315e-05
20108: 4.9729e-05
20109: 4.97265e-05
20110: 4.9724e-05
20111: 4.97216e-05
20112: 4.97191e-05
20113: 4.97166e-05
20114: 4.97141e-05
20115: 4.97117e-05
20116: 4.97092e-05
20117: 4.97067e-05
20118: 4.97043e-05
20119: 4.97018e-05
20120: 4.96993e-05
20121: 4.96968e-05
20122: 4.96944e-05
20123: 4.96919e-05
20124: 4.96894e-05
20125: 4.9687e-05
20126: 4.96845e-05
20127: 4.9682e-05
20128: 4.96796e-05
20129: 4.96771e-05
20130: 4.96746e-05
20131: 4.96722e-05
20132: 4.96697e-05
20133: 4.96672e-05
20134: 4.96648e-05
20135: 4.96623e-05
20136: 4.96598e-05
20137: 4.96574e-05
20138: 4.96549e-05
20139: 4.96524e-05
20140: 4.965e-05
20141: 4.96475e-05
20142: 4.9645e-05
20143: 4.96426e-05
20144: 4.96401e-05
20145: 4.96376e-05
20146: 4.96352e-05
20147: 4.96327e-05
20148: 4.96303e-05
20149: 4.96278e-05
20150: 4.96253e-05
20151: 4.96229e-05
20152: 4.96204e-05
20153: 4.96179e-05
20154: 4.96155e-05
20155: 4.9613e-05
20156: 4.96106e-05
20157: 4.96081e-05
20158: 4.96056e-05
20159: 4.96032e-05
20160: 4.96007e-05
20161: 4.95983e-05
20162: 4.95958e-05
20163: 4.95933e-05
20164: 4.95909e-05
20165: 4.95884e-05
20166: 4.9586e-05
20167: 4.95835e-05
20168: 4.9581e-05
20169: 4.95786e-05
20170: 4.95761e-05
20171: 4.95737e-05
20172: 4.95712e-05
20173: 4.95688e-05
20174: 4.95663e-05
20175: 4.95638e-05
20176: 4.95614e-05
20177: 4.95589e-05
20178: 4.95565e-05
20179: 4.9554e-05
20180: 4.95516e-05
20181: 4.95491e-05
20182: 4.95466e-05
20183: 4.95442e-05
20184: 4.95417e-05
20185: 4.95393e-05
20186: 4.95368e-05
20187: 4.95344e-05
20188: 4.95319e-05
20189: 4.95295e-05
20190: 4.9527e-05
20191: 4.95246e-05
20192: 4.95221e-05
20193: 4.95197e-05
20194: 4.95172e-05
20195: 4.95148e-05
20196: 4.95123e-05
20197: 4.95099e-05
20198: 4.95074e-05
20199: 4.9505e-05
20200: 4.95025e-05
20201: 4.95e-05
20202: 4.94976e-05
20203: 4.94951e-05
20204: 4.94927e-05
20205: 4.94903e-05
20206: 4.94878e-05
20207: 4.94854e-05
20208: 4.94829e-05
20209: 4.94805e-05
20210: 4.9478e-05
20211: 4.94756e-05
20212: 4.94731e-05
20213: 4.94707e-05
20214: 4.94682e-05
20215: 4.94658e-05
20216: 4.94633e-05
20217: 4.94609e-05
20218: 4.94584e-05
20219: 4.9456e-05
20220: 4.94535e-05
20221: 4.94511e-05
20222: 4.94486e-05
20223: 4.94462e-05
20224: 4.94438e-05
20225: 4.94413e-05
20226: 4.94389e-05
20227: 4.94364e-05
20228: 4.9434e-05
20229: 4.94315e-05
20230: 4.94291e-05
20231: 4.94267e-05
20232: 4.94242e-05
20233: 4.94218e-05
20234: 4.94193e-05
20235: 4.94169e-05
20236: 4.94144e-05
20237: 4.9412e-05
20238: 4.94096e-05
20239: 4.94071e-05
20240: 4.94047e-05
20241: 4.94022e-05
20242: 4.93998e-05
20243: 4.93974e-05
20244: 4.93949e-05
20245: 4.93925e-05
20246: 4.939e-05
20247: 4.93876e-05
20248: 4.93852e-05
20249: 4.93827e-05
20250: 4.93803e-05
20251: 4.93778e-05
20252: 4.93754e-05
20253: 4.9373e-05
20254: 4.93705e-05
20255: 4.93681e-05
20256: 4.93657e-05
20257: 4.93632e-05
20258: 4.93608e-05
20259: 4.93583e-05
20260: 4.93559e-05
20261: 4.93535e-05
20262: 4.9351e-05
20263: 4.93486e-05
20264: 4.93462e-05
20265: 4.93437e-05
20266: 4.93413e-05
20267: 4.93389e-05
20268: 4.93364e-05
20269: 4.9334e-05
20270: 4.93316e-05
20271: 4.93291e-05
20272: 4.93267e-05
20273: 4.93243e-05
20274: 4.93218e-05
20275: 4.93194e-05
20276: 4.9317e-05
20277: 4.93145e-05
20278: 4.93121e-05
20279: 4.93097e-05
20280: 4.93072e-05
20281: 4.93048e-05
20282: 4.93024e-05
20283: 4.92999e-05
20284: 4.92975e-05
20285: 4.92951e-05
20286: 4.92927e-05
20287: 4.92902e-05
20288: 4.92878e-05
20289: 4.92854e-05
20290: 4.92829e-05
20291: 4.92805e-05
20292: 4.92781e-05
20293: 4.92756e-05
20294: 4.92732e-05
20295: 4.92708e-05
20296: 4.92684e-05
20297: 4.92659e-05
20298: 4.92635e-05
20299: 4.92611e-05
20300: 4.92587e-05
20301: 4.92562e-05
20302: 4.92538e-05
20303: 4.92514e-05
20304: 4.9249e-05
20305: 4.92465e-05
20306: 4.92441e-05
20307: 4.92417e-05
20308: 4.92393e-05
20309: 4.92368e-05
20310: 4.92344e-05
20311: 4.9232e-05
20312: 4.92296e-05
20313: 4.92271e-05
20314: 4.92247e-05
20315: 4.92223e-05
20316: 4.92199e-05
20317: 4.92174e-05
20318: 4.9215e-05
20319: 4.92126e-05
20320: 4.92102e-05
20321: 4.92078e-05
20322: 4.92053e-05
20323: 4.92029e-05
20324: 4.92005e-05
20325: 4.91981e-05
20326: 4.91957e-05
20327: 4.91932e-05
20328: 4.91908e-05
20329: 4.91884e-05
20330: 4.9186e-05
20331: 4.91836e-05
20332: 4.91811e-05
20333: 4.91787e-05
20334: 4.91763e-05
20335: 4.91739e-05
20336: 4.91715e-05
20337: 4.9169e-05
20338: 4.91666e-05
20339: 4.91642e-05
20340: 4.91618e-05
20341: 4.91594e-05
20342: 4.9157e-05
20343: 4.91545e-05
20344: 4.91521e-05
20345: 4.91497e-05
20346: 4.91473e-05
20347: 4.91449e-05
20348: 4.91425e-05
20349: 4.914e-05
20350: 4.91376e-05
20351: 4.91352e-05
20352: 4.91328e-05
20353: 4.91304e-05
20354: 4.9128e-05
20355: 4.91256e-05
20356: 4.91232e-05
20357: 4.91207e-05
20358: 4.91183e-05
20359: 4.91159e-05
20360: 4.91135e-05
20361: 4.91111e-05
20362: 4.91087e-05
20363: 4.91063e-05
20364: 4.91039e-05
20365: 4.91014e-05
20366: 4.9099e-05
20367: 4.90966e-05
20368: 4.90942e-05
20369: 4.90918e-05
20370: 4.90894e-05
20371: 4.9087e-05
20372: 4.90846e-05
20373: 4.90822e-05
20374: 4.90798e-05
20375: 4.90773e-05
20376: 4.90749e-05
20377: 4.90725e-05
20378: 4.90701e-05
20379: 4.90677e-05
20380: 4.90653e-05
20381: 4.90629e-05
20382: 4.90605e-05
20383: 4.90581e-05
20384: 4.90557e-05
20385: 4.90533e-05
20386: 4.90509e-05
20387: 4.90485e-05
20388: 4.90461e-05
20389: 4.90436e-05
20390: 4.90412e-05
20391: 4.90388e-05
20392: 4.90364e-05
20393: 4.9034e-05
20394: 4.90316e-05
20395: 4.90292e-05
20396: 4.90268e-05
20397: 4.90244e-05
20398: 4.9022e-05
20399: 4.90196e-05
20400: 4.90172e-05
20401: 4.90148e-05
20402: 4.90124e-05
20403: 4.901e-05
20404: 4.90076e-05
20405: 4.90052e-05
20406: 4.90028e-05
20407: 4.90004e-05
20408: 4.8998e-05
20409: 4.89956e-05
20410: 4.89932e-05
20411: 4.89908e-05
20412: 4.89884e-05
20413: 4.8986e-05
20414: 4.89836e-05
20415: 4.89812e-05
20416: 4.89788e-05
20417: 4.89764e-05
20418: 4.8974e-05
20419: 4.89716e-05
20420: 4.89692e-05
20421: 4.89668e-05
20422: 4.89644e-05
20423: 4.8962e-05
20424: 4.89596e-05
20425: 4.89572e-05
20426: 4.89548e-05
20427: 4.89524e-05
20428: 4.895e-05
20429: 4.89476e-05
20430: 4.89452e-05
20431: 4.89428e-05
20432: 4.89404e-05
20433: 4.8938e-05
20434: 4.89356e-05
20435: 4.89333e-05
20436: 4.89309e-05
20437: 4.89285e-05
20438: 4.89261e-05
20439: 4.89237e-05
20440: 4.89213e-05
20441: 4.89189e-05
20442: 4.89165e-05
20443: 4.89141e-05
20444: 4.89117e-05
20445: 4.89093e-05
20446: 4.89069e-05
20447: 4.89045e-05
20448: 4.89021e-05
20449: 4.88998e-05
20450: 4.88974e-05
20451: 4.8895e-05
20452: 4.88926e-05
20453: 4.88902e-05
20454: 4.88878e-05
20455: 4.88854e-05
20456: 4.8883e-05
20457: 4.88806e-05
20458: 4.88782e-05
20459: 4.88759e-05
20460: 4.88735e-05
20461: 4.88711e-05
20462: 4.88687e-05
20463: 4.88663e-05
20464: 4.88639e-05
20465: 4.88615e-05
20466: 4.88591e-05
20467: 4.88568e-05
20468: 4.88544e-05
20469: 4.8852e-05
20470: 4.88496e-05
20471: 4.88472e-05
20472: 4.88448e-05
20473: 4.88424e-05
20474: 4.884e-05
20475: 4.88377e-05
20476: 4.88353e-05
20477: 4.88329e-05
20478: 4.88305e-05
20479: 4.88281e-05
20480: 4.88257e-05
20481: 4.88234e-05
20482: 4.8821e-05
20483: 4.88186e-05
20484: 4.88162e-05
20485: 4.88138e-05
20486: 4.88114e-05
20487: 4.88091e-05
20488: 4.88067e-05
20489: 4.88043e-05
20490: 4.88019e-05
20491: 4.87995e-05
20492: 4.87972e-05
20493: 4.87948e-05
20494: 4.87924e-05
20495: 4.879e-05
20496: 4.87876e-05
20497: 4.87852e-05
20498: 4.87829e-05
20499: 4.87805e-05
20500: 4.87781e-05
20501: 4.87757e-05
20502: 4.87734e-05
20503: 4.8771e-05
20504: 4.87686e-05
20505: 4.87662e-05
20506: 4.87638e-05
20507: 4.87615e-05
20508: 4.87591e-05
20509: 4.87567e-05
20510: 4.87543e-05
20511: 4.8752e-05
20512: 4.87496e-05
20513: 4.87472e-05
20514: 4.87448e-05
20515: 4.87424e-05
20516: 4.87401e-05
20517: 4.87377e-05
20518: 4.87353e-05
20519: 4.87329e-05
20520: 4.87306e-05
20521: 4.87282e-05
20522: 4.87258e-05
20523: 4.87234e-05
20524: 4.87211e-05
20525: 4.87187e-05
20526: 4.87163e-05
20527: 4.8714e-05
20528: 4.87116e-05
20529: 4.87092e-05
20530: 4.87068e-05
20531: 4.87045e-05
20532: 4.87021e-05
20533: 4.86997e-05
20534: 4.86973e-05
20535: 4.8695e-05
20536: 4.86926e-05
20537: 4.86902e-05
20538: 4.86879e-05
20539: 4.86855e-05
20540: 4.86831e-05
20541: 4.86808e-05
20542: 4.86784e-05
20543: 4.8676e-05
20544: 4.86736e-05
20545: 4.86713e-05
20546: 4.86689e-05
20547: 4.86665e-05
20548: 4.86642e-05
20549: 4.86618e-05
20550: 4.86594e-05
20551: 4.86571e-05
20552: 4.86547e-05
20553: 4.86523e-05
20554: 4.865e-05
20555: 4.86476e-05
20556: 4.86452e-05
20557: 4.86429e-05
20558: 4.86405e-05
20559: 4.86381e-05
20560: 4.86358e-05
20561: 4.86334e-05
20562: 4.8631e-05
20563: 4.86287e-05
20564: 4.86263e-05
20565: 4.86239e-05
20566: 4.86216e-05
20567: 4.86192e-05
20568: 4.86169e-05
20569: 4.86145e-05
20570: 4.86121e-05
20571: 4.86098e-05
20572: 4.86074e-05
20573: 4.8605e-05
20574: 4.86027e-05
20575: 4.86003e-05
20576: 4.85979e-05
20577: 4.85956e-05
20578: 4.85932e-05
20579: 4.85909e-05
20580: 4.85885e-05
20581: 4.85861e-05
20582: 4.85838e-05
20583: 4.85814e-05
20584: 4.85791e-05
20585: 4.85767e-05
20586: 4.85743e-05
20587: 4.8572e-05
20588: 4.85696e-05
20589: 4.85673e-05
20590: 4.85649e-05
20591: 4.85625e-05
20592: 4.85602e-05
20593: 4.85578e-05
20594: 4.85555e-05
20595: 4.85531e-05
20596: 4.85508e-05
20597: 4.85484e-05
20598: 4.8546e-05
20599: 4.85437e-05
20600: 4.85413e-05
20601: 4.8539e-05
20602: 4.85366e-05
20603: 4.85343e-05
20604: 4.85319e-05
20605: 4.85296e-05
20606: 4.85272e-05
20607: 4.85248e-05
20608: 4.85225e-05
20609: 4.85201e-05
20610: 4.85178e-05
20611: 4.85154e-05
20612: 4.85131e-05
20613: 4.85107e-05
20614: 4.85084e-05
20615: 4.8506e-05
20616: 4.85037e-05
20617: 4.85013e-05
20618: 4.8499e-05
20619: 4.84966e-05
20620: 4.84943e-05
20621: 4.84919e-05
20622: 4.84896e-05
20623: 4.84872e-05
20624: 4.84848e-05
20625: 4.84825e-05
20626: 4.84801e-05
20627: 4.84778e-05
20628: 4.84754e-05
20629: 4.84731e-05
20630: 4.84707e-05
20631: 4.84684e-05
20632: 4.8466e-05
20633: 4.84637e-05
20634: 4.84614e-05
20635: 4.8459e-05
20636: 4.84567e-05
20637: 4.84543e-05
20638: 4.8452e-05
20639: 4.84496e-05
20640: 4.84473e-05
20641: 4.84449e-05
20642: 4.84426e-05
20643: 4.84402e-05
20644: 4.84379e-05
20645: 4.84355e-05
20646: 4.84332e-05
20647: 4.84308e-05
20648: 4.84285e-05
20649: 4.84262e-05
20650: 4.84238e-05
20651: 4.84215e-05
20652: 4.84191e-05
20653: 4.84168e-05
20654: 4.84144e-05
20655: 4.84121e-05
20656: 4.84097e-05
20657: 4.84074e-05
20658: 4.84051e-05
20659: 4.84027e-05
20660: 4.84004e-05
20661: 4.8398e-05
20662: 4.83957e-05
20663: 4.83933e-05
20664: 4.8391e-05
20665: 4.83887e-05
20666: 4.83863e-05
20667: 4.8384e-05
20668: 4.83816e-05
20669: 4.83793e-05
20670: 4.8377e-05
20671: 4.83746e-05
20672: 4.83723e-05
20673: 4.83699e-05
20674: 4.83676e-05
20675: 4.83653e-05
20676: 4.83629e-05
20677: 4.83606e-05
20678: 4.83582e-05
20679: 4.83559e-05
20680: 4.83536e-05
20681: 4.83512e-05
20682: 4.83489e-05
20683: 4.83465e-05
20684: 4.83442e-05
20685: 4.83419e-05
20686: 4.83395e-05
20687: 4.83372e-05
20688: 4.83349e-05
20689: 4.83325e-05
20690: 4.83302e-05
20691: 4.83279e-05
20692: 4.83255e-05
20693: 4.83232e-05
20694: 4.83209e-05
20695: 4.83185e-05
20696: 4.83162e-05
20697: 4.83138e-05
20698: 4.83115e-05
20699: 4.83092e-05
20700: 4.83068e-05
20701: 4.83045e-05
20702: 4.83022e-05
20703: 4.82998e-05
20704: 4.82975e-05
20705: 4.82952e-05
20706: 4.82928e-05
20707: 4.82905e-05
20708: 4.82882e-05
20709: 4.82859e-05
20710: 4.82835e-05
20711: 4.82812e-05
20712: 4.82789e-05
20713: 4.82765e-05
20714: 4.82742e-05
20715: 4.82719e-05
20716: 4.82695e-05
20717: 4.82672e-05
20718: 4.82649e-05
20719: 4.82625e-05
20720: 4.82602e-05
20721: 4.82579e-05
20722: 4.82556e-05
20723: 4.82532e-05
20724: 4.82509e-05
20725: 4.82486e-05
20726: 4.82462e-05
20727: 4.82439e-05
20728: 4.82416e-05
20729: 4.82393e-05
20730: 4.82369e-05
20731: 4.82346e-05
20732: 4.82323e-05
20733: 4.823e-05
20734: 4.82276e-05
20735: 4.82253e-05
20736: 4.8223e-05
20737: 4.82207e-05
20738: 4.82183e-05
20739: 4.8216e-05
20740: 4.82137e-05
20741: 4.82114e-05
20742: 4.8209e-05
20743: 4.82067e-05
20744: 4.82044e-05
20745: 4.82021e-05
20746: 4.81997e-05
20747: 4.81974e-05
20748: 4.81951e-05
20749: 4.81928e-05
20750: 4.81904e-05
20751: 4.81881e-05
20752: 4.81858e-05
20753: 4.81835e-05
20754: 4.81812e-05
20755: 4.81788e-05
20756: 4.81765e-05
20757: 4.81742e-05
20758: 4.81719e-05
20759: 4.81696e-05
20760: 4.81672e-05
20761: 4.81649e-05
20762: 4.81626e-05
20763: 4.81603e-05
20764: 4.8158e-05
20765: 4.81556e-05
20766: 4.81533e-05
20767: 4.8151e-05
20768: 4.81487e-05
20769: 4.81464e-05
20770: 4.8144e-05
20771: 4.81417e-05
20772: 4.81394e-05
20773: 4.81371e-05
20774: 4.81348e-05
20775: 4.81325e-05
20776: 4.81301e-05
20777: 4.81278e-05
20778: 4.81255e-05
20779: 4.81232e-05
20780: 4.81209e-05
20781: 4.81186e-05
20782: 4.81162e-05
20783: 4.81139e-05
20784: 4.81116e-05
20785: 4.81093e-05
20786: 4.8107e-05
20787: 4.81047e-05
20788: 4.81024e-05
20789: 4.81e-05
20790: 4.80977e-05
20791: 4.80954e-05
20792: 4.80931e-05
20793: 4.80908e-05
20794: 4.80885e-05
20795: 4.80862e-05
20796: 4.80839e-05
20797: 4.80815e-05
20798: 4.80792e-05
20799: 4.80769e-05
20800: 4.80746e-05
20801: 4.80723e-05
20802: 4.807e-05
20803: 4.80677e-05
20804: 4.80654e-05
20805: 4.80631e-05
20806: 4.80607e-05
20807: 4.80584e-05
20808: 4.80561e-05
20809: 4.80538e-05
20810: 4.80515e-05
20811: 4.80492e-05
20812: 4.80469e-05
20813: 4.80446e-05
20814: 4.80423e-05
20815: 4.804e-05
20816: 4.80377e-05
20817: 4.80354e-05
20818: 4.8033e-05
20819: 4.80307e-05
20820: 4.80284e-05
20821: 4.80261e-05
20822: 4.80238e-05
20823: 4.80215e-05
20824: 4.80192e-05
20825: 4.80169e-05
20826: 4.80146e-05
20827: 4.80123e-05
20828: 4.801e-05
20829: 4.80077e-05
20830: 4.80054e-05
20831: 4.80031e-05
20832: 4.80008e-05
20833: 4.79985e-05
20834: 4.79962e-05
20835: 4.79939e-05
20836: 4.79916e-05
20837: 4.79893e-05
20838: 4.79869e-05
20839: 4.79846e-05
20840: 4.79823e-05
20841: 4.798e-05
20842: 4.79777e-05
20843: 4.79754e-05
20844: 4.79731e-05
20845: 4.79708e-05
20846: 4.79685e-05
20847: 4.79662e-05
20848: 4.79639e-05
20849: 4.79616e-05
20850: 4.79593e-05
20851: 4.7957e-05
20852: 4.79547e-05
20853: 4.79524e-05
20854: 4.79501e-05
20855: 4.79478e-05
20856: 4.79455e-05
20857: 4.79432e-05
20858: 4.79409e-05
20859: 4.79386e-05
20860: 4.79363e-05
20861: 4.7934e-05
20862: 4.79317e-05
20863: 4.79294e-05
20864: 4.79272e-05
20865: 4.79249e-05
20866: 4.79226e-05
20867: 4.79203e-05
20868: 4.7918e-05
20869: 4.79157e-05
20870: 4.79134e-05
20871: 4.79111e-05
20872: 4.79088e-05
20873: 4.79065e-05
20874: 4.79042e-05
20875: 4.79019e-05
20876: 4.78996e-05
20877: 4.78973e-05
20878: 4.7895e-05
20879: 4.78927e-05
20880: 4.78904e-05
20881: 4.78881e-05
20882: 4.78858e-05
20883: 4.78835e-05
20884: 4.78813e-05
20885: 4.7879e-05
20886: 4.78767e-05
20887: 4.78744e-05
20888: 4.78721e-05
20889: 4.78698e-05
20890: 4.78675e-05
20891: 4.78652e-05
20892: 4.78629e-05
20893: 4.78606e-05
20894: 4.78583e-05
20895: 4.7856e-05
20896: 4.78538e-05
20897: 4.78515e-05
20898: 4.78492e-05
20899: 4.78469e-05
20900: 4.78446e-05
20901: 4.78423e-05
20902: 4.784e-05
20903: 4.78377e-05
20904: 4.78354e-05
20905: 4.78332e-05
20906: 4.78309e-05
20907: 4.78286e-05
20908: 4.78263e-05
20909: 4.7824e-05
20910: 4.78217e-05
20911: 4.78194e-05
20912: 4.78171e-05
20913: 4.78149e-05
20914: 4.78126e-05
20915: 4.78103e-05
20916: 4.7808e-05
20917: 4.78057e-05
20918: 4.78034e-05
20919: 4.78011e-05
20920: 4.77989e-05
20921: 4.77966e-05
20922: 4.77943e-05
20923: 4.7792e-05
20924: 4.77897e-05
20925: 4.77874e-05
20926: 4.77852e-05
20927: 4.77829e-05
20928: 4.77806e-05
20929: 4.77783e-05
20930: 4.7776e-05
20931: 4.77737e-05
20932: 4.77715e-05
20933: 4.77692e-05
20934: 4.77669e-05
20935: 4.77646e-05
20936: 4.77623e-05
20937: 4.77601e-05
20938: 4.77578e-05
20939: 4.77555e-05
20940: 4.77532e-05
20941: 4.77509e-05
20942: 4.77487e-05
20943: 4.77464e-05
20944: 4.77441e-05
20945: 4.77418e-05
20946: 4.77395e-05
20947: 4.77373e-05
20948: 4.7735e-05
20949: 4.77327e-05
20950: 4.77304e-05
20951: 4.77281e-05
20952: 4.77259e-05
20953: 4.77236e-05
20954: 4.77213e-05
20955: 4.7719e-05
20956: 4.77168e-05
20957: 4.77145e-05
20958: 4.77122e-05
20959: 4.77099e-05
20960: 4.77076e-05
20961: 4.77054e-05
20962: 4.77031e-05
20963: 4.77008e-05
20964: 4.76985e-05
20965: 4.76963e-05
20966: 4.7694e-05
20967: 4.76917e-05
20968: 4.76894e-05
20969: 4.76872e-05
20970: 4.76849e-05
20971: 4.76826e-05
20972: 4.76804e-05
20973: 4.76781e-05
20974: 4.76758e-05
20975: 4.76735e-05
20976: 4.76713e-05
20977: 4.7669e-05
20978: 4.76667e-05
20979: 4.76644e-05
20980: 4.76622e-05
20981: 4.76599e-05
20982: 4.76576e-05
20983: 4.76554e-05
20984: 4.76531e-05
20985: 4.76508e-05
20986: 4.76485e-05
20987: 4.76463e-05
20988: 4.7644e-05
20989: 4.76417e-05
20990: 4.76395e-05
20991: 4.76372e-05
20992: 4.76349e-05
20993: 4.76327e-05
20994: 4.76304e-05
20995: 4.76281e-05
20996: 4.76259e-05
20997: 4.76236e-05
20998: 4.76213e-05
20999: 4.7619e-05
21000: 4.76168e-05
21001: 4.76145e-05
21002: 4.76122e-05
21003: 4.761e-05
21004: 4.76077e-05
21005: 4.76054e-05
21006: 4.76032e-05
21007: 4.76009e-05
21008: 4.75986e-05
21009: 4.75964e-05
21010: 4.75941e-05
21011: 4.75919e-05
21012: 4.75896e-05
21013: 4.75873e-05
21014: 4.75851e-05
21015: 4.75828e-05
21016: 4.75805e-05
21017: 4.75783e-05
21018: 4.7576e-05
21019: 4.75737e-05
21020: 4.75715e-05
21021: 4.75692e-05
21022: 4.7567e-05
21023: 4.75647e-05
21024: 4.75624e-05
21025: 4.75602e-05
21026: 4.75579e-05
21027: 4.75556e-05
21028: 4.75534e-05
21029: 4.75511e-05
21030: 4.75489e-05
21031: 4.75466e-05
21032: 4.75443e-05
21033: 4.75421e-05
21034: 4.75398e-05
21035: 4.75376e-05
21036: 4.75353e-05
21037: 4.7533e-05
21038: 4.75308e-05
21039: 4.75285e-05
21040: 4.75263e-05
21041: 4.7524e-05
21042: 4.75217e-05
21043: 4.75195e-05
21044: 4.75172e-05
21045: 4.7515e-05
21046: 4.75127e-05
21047: 4.75105e-05
21048: 4.75082e-05
21049: 4.75059e-05
21050: 4.75037e-05
21051: 4.75014e-05
21052: 4.74992e-05
21053: 4.74969e-05
21054: 4.74947e-05
21055: 4.74924e-05
21056: 4.74901e-05
21057: 4.74879e-05
21058: 4.74856e-05
21059: 4.74834e-05
21060: 4.74811e-05
21061: 4.74789e-05
21062: 4.74766e-05
21063: 4.74744e-05
21064: 4.74721e-05
21065: 4.74699e-05
21066: 4.74676e-05
21067: 4.74654e-05
21068: 4.74631e-05
21069: 4.74608e-05
21070: 4.74586e-05
21071: 4.74563e-05
21072: 4.74541e-05
21073: 4.74518e-05
21074: 4.74496e-05
21075: 4.74473e-05
21076: 4.74451e-05
21077: 4.74428e-05
21078: 4.74406e-05
21079: 4.74383e-05
21080: 4.74361e-05
21081: 4.74338e-05
21082: 4.74316e-05
21083: 4.74293e-05
21084: 4.74271e-05
21085: 4.74248e-05
21086: 4.74226e-05
21087: 4.74203e-05
21088: 4.74181e-05
21089: 4.74158e-05
21090: 4.74136e-05
21091: 4.74113e-05
21092: 4.74091e-05
21093: 4.74068e-05
21094: 4.74046e-05
21095: 4.74024e-05
21096: 4.74001e-05
21097: 4.73979e-05
21098: 4.73956e-05
21099: 4.73934e-05
21100: 4.73911e-05
21101: 4.73889e-05
21102: 4.73866e-05
21103: 4.73844e-05
21104: 4.73821e-05
21105: 4.73799e-05
21106: 4.73776e-05
21107: 4.73754e-05
21108: 4.73732e-05
21109: 4.73709e-05
21110: 4.73687e-05
21111: 4.73664e-05
21112: 4.73642e-05
21113: 4.73619e-05
21114: 4.73597e-05
21115: 4.73575e-05
21116: 4.73552e-05
21117: 4.7353e-05
21118: 4.73507e-05
21119: 4.73485e-05
21120: 4.73462e-05
21121: 4.7344e-05
21122: 4.73418e-05
21123: 4.73395e-05
21124: 4.73373e-05
21125: 4.7335e-05
21126: 4.73328e-05
21127: 4.73306e-05
21128: 4.73283e-05
21129: 4.73261e-05
21130: 4.73238e-05
21131: 4.73216e-05
21132: 4.73194e-05
21133: 4.73171e-05
21134: 4.73149e-05
21135: 4.73126e-05
21136: 4.73104e-05
21137: 4.73082e-05
21138: 4.73059e-05
21139: 4.73037e-05
21140: 4.73015e-05
21141: 4.72992e-05
21142: 4.7297e-05
21143: 4.72947e-05
21144: 4.72925e-05
21145: 4.72903e-05
21146: 4.7288e-05
21147: 4.72858e-05
21148: 4.72836e-05
21149: 4.72813e-05
21150: 4.72791e-05
21151: 4.72769e-05
21152: 4.72746e-05
21153: 4.72724e-05
21154: 4.72701e-05
21155: 4.72679e-05
21156: 4.72657e-05
21157: 4.72634e-05
21158: 4.72612e-05
21159: 4.7259e-05
21160: 4.72567e-05
21161: 4.72545e-05
21162: 4.72523e-05
21163: 4.725e-05
21164: 4.72478e-05
21165: 4.72456e-05
21166: 4.72434e-05
21167: 4.72411e-05
21168: 4.72389e-05
21169: 4.72367e-05
21170: 4.72344e-05
21171: 4.72322e-05
21172: 4.723e-05
21173: 4.72277e-05
21174: 4.72255e-05
21175: 4.72233e-05
21176: 4.7221e-05
21177: 4.72188e-05
21178: 4.72166e-05
21179: 4.72144e-05
21180: 4.72121e-05
21181: 4.72099e-05
21182: 4.72077e-05
21183: 4.72054e-05
21184: 4.72032e-05
21185: 4.7201e-05
21186: 4.71988e-05
21187: 4.71965e-05
21188: 4.71943e-05
21189: 4.71921e-05
21190: 4.71898e-05
21191: 4.71876e-05
21192: 4.71854e-05
21193: 4.71832e-05
21194: 4.71809e-05
21195: 4.71787e-05
21196: 4.71765e-05
21197: 4.71743e-05
21198: 4.7172e-05
21199: 4.71698e-05
21200: 4.71676e-05
21201: 4.71654e-05
21202: 4.71631e-05
21203: 4.71609e-05
21204: 4.71587e-05
21205: 4.71565e-05
21206: 4.71542e-05
21207: 4.7152e-05
21208: 4.71498e-05
21209: 4.71476e-05
21210: 4.71453e-05
21211: 4.71431e-05
21212: 4.71409e-05
21213: 4.71387e-05
21214: 4.71365e-05
21215: 4.71342e-05
21216: 4.7132e-05
21217: 4.71298e-05
21218: 4.71276e-05
21219: 4.71254e-05
21220: 4.71231e-05
21221: 4.71209e-05
21222: 4.71187e-05
21223: 4.71165e-05
21224: 4.71143e-05
21225: 4.7112e-05
21226: 4.71098e-05
21227: 4.71076e-05
21228: 4.71054e-05
21229: 4.71032e-05
21230: 4.71009e-05
21231: 4.70987e-05
21232: 4.70965e-05
21233: 4.70943e-05
21234: 4.70921e-05
21235: 4.70898e-05
21236: 4.70876e-05
21237: 4.70854e-05
21238: 4.70832e-05
21239: 4.7081e-05
21240: 4.70788e-05
21241: 4.70765e-05
21242: 4.70743e-05
21243: 4.70721e-05
21244: 4.70699e-05
21245: 4.70677e-05
21246: 4.70655e-05
21247: 4.70633e-05
21248: 4.7061e-05
21249: 4.70588e-05
21250: 4.70566e-05
21251: 4.70544e-05
21252: 4.70522e-05
21253: 4.705e-05
21254: 4.70478e-05
21255: 4.70455e-05
21256: 4.70433e-05
21257: 4.70411e-05
21258: 4.70389e-05
21259: 4.70367e-05
21260: 4.70345e-05
21261: 4.70323e-05
21262: 4.70301e-05
21263: 4.70278e-05
21264: 4.70256e-05
21265: 4.70234e-05
21266: 4.70212e-05
21267: 4.7019e-05
21268: 4.70168e-05
21269: 4.70146e-05
21270: 4.70124e-05
21271: 4.70102e-05
21272: 4.70079e-05
21273: 4.70057e-05
21274: 4.70035e-05
21275: 4.70013e-05
21276: 4.69991e-05
21277: 4.69969e-05
21278: 4.69947e-05
21279: 4.69925e-05
21280: 4.69903e-05
21281: 4.69881e-05
21282: 4.69859e-05
21283: 4.69836e-05
21284: 4.69814e-05
21285: 4.69792e-05
21286: 4.6977e-05
21287: 4.69748e-05
21288: 4.69726e-05
21289: 4.69704e-05
21290: 4.69682e-05
21291: 4.6966e-05
21292: 4.69638e-05
21293: 4.69616e-05
21294: 4.69594e-05
21295: 4.69572e-05
21296: 4.6955e-05
21297: 4.69528e-05
21298: 4.69506e-05
21299: 4.69484e-05
21300: 4.69462e-05
21301: 4.69439e-05
21302: 4.69417e-05
21303: 4.69395e-05
21304: 4.69373e-05
21305: 4.69351e-05
21306: 4.69329e-05
21307: 4.69307e-05
21308: 4.69285e-05
21309: 4.69263e-05
21310: 4.69241e-05
21311: 4.69219e-05
21312: 4.69197e-05
21313: 4.69175e-05
21314: 4.69153e-05
21315: 4.69131e-05
21316: 4.69109e-05
21317: 4.69087e-05
21318: 4.69065e-05
21319: 4.69043e-05
21320: 4.69021e-05
21321: 4.68999e-05
21322: 4.68977e-05
21323: 4.68955e-05
21324: 4.68933e-05
21325: 4.68911e-05
21326: 4.68889e-05
21327: 4.68867e-05
21328: 4.68845e-05
21329: 4.68823e-05
21330: 4.68801e-05
21331: 4.68779e-05
21332: 4.68757e-05
21333: 4.68735e-05
21334: 4.68713e-05
21335: 4.68691e-05
21336: 4.68669e-05
21337: 4.68647e-05
21338: 4.68626e-05
21339: 4.68604e-05
21340: 4.68582e-05
21341: 4.6856e-05
21342: 4.68538e-05
21343: 4.68516e-05
21344: 4.68494e-05
21345: 4.68472e-05
21346: 4.6845e-05
21347: 4.68428e-05
21348: 4.68406e-05
21349: 4.68384e-05
21350: 4.68362e-05
21351: 4.6834e-05
21352: 4.68318e-05
21353: 4.68296e-05
21354: 4.68274e-05
21355: 4.68252e-05
21356: 4.68231e-05
21357: 4.68209e-05
21358: 4.68187e-05
21359: 4.68165e-05
21360: 4.68143e-05
21361: 4.68121e-05
21362: 4.68099e-05
21363: 4.68077e-05
21364: 4.68055e-05
21365: 4.68033e-05
21366: 4.68011e-05
21367: 4.6799e-05
21368: 4.67968e-05
21369: 4.67946e-05
21370: 4.67924e-05
21371: 4.67902e-05
21372: 4.6788e-05
21373: 4.67858e-05
21374: 4.67836e-05
21375: 4.67814e-05
21376: 4.67792e-05
21377: 4.67771e-05
21378: 4.67749e-05
21379: 4.67727e-05
21380: 4.67705e-05
21381: 4.67683e-05
21382: 4.67661e-05
21383: 4.67639e-05
21384: 4.67617e-05
21385: 4.67596e-05
21386: 4.67574e-05
21387: 4.67552e-05
21388: 4.6753e-05
21389: 4.67508e-05
21390: 4.67486e-05
21391: 4.67464e-05
21392: 4.67443e-05
21393: 4.67421e-05
21394: 4.67399e-05
21395: 4.67377e-05
21396: 4.67355e-05
21397: 4.67333e-05
21398: 4.67312e-05
21399: 4.6729e-05
21400: 4.67268e-05
21401: 4.67246e-05
21402: 4.67224e-05
21403: 4.67202e-05
21404: 4.67181e-05
21405: 4.67159e-05
21406: 4.67137e-05
21407: 4.67115e-05
21408: 4.67093e-05
21409: 4.67071e-05
21410: 4.6705e-05
21411: 4.67028e-05
21412: 4.67006e-05
21413: 4.66984e-05
21414: 4.66962e-05
21415: 4.66941e-05
21416: 4.66919e-05
21417: 4.66897e-05
21418: 4.66875e-05
21419: 4.66853e-05
21420: 4.66832e-05
21421: 4.6681e-05
21422: 4.66788e-05
21423: 4.66766e-05
21424: 4.66744e-05
21425: 4.66723e-05
21426: 4.66701e-05
21427: 4.66679e-05
21428: 4.66657e-05
21429: 4.66636e-05
21430: 4.66614e-05
21431: 4.66592e-05
21432: 4.6657e-05
21433: 4.66548e-05
21434: 4.66527e-05
21435: 4.66505e-05
21436: 4.66483e-05
21437: 4.66461e-05
21438: 4.6644e-05
21439: 4.66418e-05
21440: 4.66396e-05
21441: 4.66374e-05
21442: 4.66353e-05
21443: 4.66331e-05
21444: 4.66309e-05
21445: 4.66287e-05
21446: 4.66266e-05
21447: 4.66244e-05
21448: 4.66222e-05
21449: 4.662e-05
21450: 4.66179e-05
21451: 4.66157e-05
21452: 4.66135e-05
21453: 4.66114e-05
21454: 4.66092e-05
21455: 4.6607e-05
21456: 4.66048e-05
21457: 4.66027e-05
21458: 4.66005e-05
21459: 4.65983e-05
21460: 4.65962e-05
21461: 4.6594e-05
21462: 4.65918e-05
21463: 4.65896e-05
21464: 4.65875e-05
21465: 4.65853e-05
21466: 4.65831e-05
21467: 4.6581e-05
21468: 4.65788e-05
21469: 4.65766e-05
21470: 4.65744e-05
21471: 4.65723e-05
21472: 4.65701e-05
21473: 4.65679e-05
21474: 4.65658e-05
21475: 4.65636e-05
21476: 4.65614e-05
21477: 4.65593e-05
21478: 4.65571e-05
21479: 4.65549e-05
21480: 4.65528e-05
21481: 4.65506e-05
21482: 4.65484e-05
21483: 4.65463e-05
21484: 4.65441e-05
21485: 4.65419e-05
21486: 4.65398e-05
21487: 4.65376e-05
21488: 4.65354e-05
21489: 4.65333e-05
21490: 4.65311e-05
21491: 4.65289e-05
21492: 4.65268e-05
21493: 4.65246e-05
21494: 4.65224e-05
21495: 4.65203e-05
21496: 4.65181e-05
21497: 4.6516e-05
21498: 4.65138e-05
21499: 4.65116e-05
21500: 4.65095e-05
21501: 4.65073e-05
21502: 4.65051e-05
21503: 4.6503e-05
21504: 4.65008e-05
21505: 4.64987e-05
21506: 4.64965e-05
21507: 4.64943e-05
21508: 4.64922e-05
21509: 4.649e-05
21510: 4.64878e-05
21511: 4.64857e-05
21512: 4.64835e-05
21513: 4.64814e-05
21514: 4.64792e-05
21515: 4.6477e-05
21516: 4.64749e-05
21517: 4.64727e-05
21518: 4.64706e-05
21519: 4.64684e-05
21520: 4.64662e-05
21521: 4.64641e-05
21522: 4.64619e-05
21523: 4.64598e-05
21524: 4.64576e-05
21525: 4.64554e-05
21526: 4.64533e-05
21527: 4.64511e-05
21528: 4.6449e-05
21529: 4.64468e-05
21530: 4.64447e-05
21531: 4.64425e-05
21532: 4.64403e-05
21533: 4.64382e-05
21534: 4.6436e-05
21535: 4.64339e-05
21536: 4.64317e-05
21537: 4.64296e-05
21538: 4.64274e-05
21539: 4.64253e-05
21540: 4.64231e-05
21541: 4.64209e-05
21542: 4.64188e-05
21543: 4.64166e-05
21544: 4.64145e-05
21545: 4.64123e-05
21546: 4.64102e-05
21547: 4.6408e-05
21548: 4.64059e-05
21549: 4.64037e-05
21550: 4.64016e-05
21551: 4.63994e-05
21552: 4.63973e-05
21553: 4.63951e-05
21554: 4.63929e-05
21555: 4.63908e-05
21556: 4.63886e-05
21557: 4.63865e-05
21558: 4.63843e-05
21559: 4.63822e-05
21560: 4.638e-05
21561: 4.63779e-05
21562: 4.63757e-05
21563: 4.63736e-05
21564: 4.63714e-05
21565: 4.63693e-05
21566: 4.63671e-05
21567: 4.6365e-05
21568: 4.63628e-05
21569: 4.63607e-05
21570: 4.63585e-05
21571: 4.63564e-05
21572: 4.63542e-05
21573: 4.63521e-05
21574: 4.63499e-05
21575: 4.63478e-05
21576: 4.63456e-05
21577: 4.63435e-05
21578: 4.63414e-05
21579: 4.63392e-05
21580: 4.63371e-05
21581: 4.63349e-05
21582: 4.63328e-05
21583: 4.63306e-05
21584: 4.63285e-05
21585: 4.63263e-05
21586: 4.63242e-05
21587: 4.6322e-05
21588: 4.63199e-05
21589: 4.63177e-05
21590: 4.63156e-05
21591: 4.63134e-05
21592: 4.63113e-05
21593: 4.63092e-05
21594: 4.6307e-05
21595: 4.63049e-05
21596: 4.63027e-05
21597: 4.63006e-05
21598: 4.62984e-05
21599: 4.62963e-05
21600: 4.62942e-05
21601: 4.6292e-05
21602: 4.62899e-05
21603: 4.62877e-05
21604: 4.62856e-05
21605: 4.62834e-05
21606: 4.62813e-05
21607: 4.62792e-05
21608: 4.6277e-05
21609: 4.62749e-05
21610: 4.62727e-05
21611: 4.62706e-05
21612: 4.62684e-05
21613: 4.62663e-05
21614: 4.62642e-05
21615: 4.6262e-05
21616: 4.62599e-05
21617: 4.62577e-05
21618: 4.62556e-05
21619: 4.62535e-05
21620: 4.62513e-05
21621: 4.62492e-05
21622: 4.62471e-05
21623: 4.62449e-05
21624: 4.62428e-05
21625: 4.62406e-05
21626: 4.62385e-05
21627: 4.62364e-05
21628: 4.62342e-05
21629: 4.62321e-05
21630: 4.62299e-05
21631: 4.62278e-05
21632: 4.62257e-05
21633: 4.62235e-05
21634: 4.62214e-05
21635: 4.62193e-05
21636: 4.62171e-05
21637: 4.6215e-05
21638: 4.62129e-05
21639: 4.62107e-05
21640: 4.62086e-05
21641: 4.62065e-05
21642: 4.62043e-05
21643: 4.62022e-05
21644: 4.62e-05
21645: 4.61979e-05
21646: 4.61958e-05
21647: 4.61936e-05
21648: 4.61915e-05
21649: 4.61894e-05
21650: 4.61872e-05
21651: 4.61851e-05
21652: 4.6183e-05
21653: 4.61808e-05
21654: 4.61787e-05
21655: 4.61766e-05
21656: 4.61744e-05
21657: 4.61723e-05
21658: 4.61702e-05
21659: 4.61681e-05
21660: 4.61659e-05
21661: 4.61638e-05
21662: 4.61617e-05
21663: 4.61595e-05
21664: 4.61574e-05
21665: 4.61553e-05
21666: 4.61531e-05
21667: 4.6151e-05
21668: 4.61489e-05
21669: 4.61467e-05
21670: 4.61446e-05
21671: 4.61425e-05
21672: 4.61404e-05
21673: 4.61382e-05
21674: 4.61361e-05
21675: 4.6134e-05
21676: 4.61318e-05
21677: 4.61297e-05
21678: 4.61276e-05
21679: 4.61255e-05
21680: 4.61233e-05
21681: 4.61212e-05
21682: 4.61191e-05
21683: 4.6117e-05
21684: 4.61148e-05
21685: 4.61127e-05
21686: 4.61106e-05
21687: 4.61084e-05
21688: 4.61063e-05
21689: 4.61042e-05
21690: 4.61021e-05
21691: 4.60999e-05
21692: 4.60978e-05
21693: 4.60957e-05
21694: 4.60936e-05
21695: 4.60914e-05
21696: 4.60893e-05
21697: 4.60872e-05
21698: 4.60851e-05
21699: 4.60829e-05
21700: 4.60808e-05
21701: 4.60787e-05
21702: 4.60766e-05
21703: 4.60745e-05
21704: 4.60723e-05
21705: 4.60702e-05
21706: 4.60681e-05
21707: 4.6066e-05
21708: 4.60638e-05
21709: 4.60617e-05
21710: 4.60596e-05
21711: 4.60575e-05
21712: 4.60554e-05
21713: 4.60532e-05
21714: 4.60511e-05
21715: 4.6049e-05
21716: 4.60469e-05
21717: 4.60448e-05
21718: 4.60426e-05
21719: 4.60405e-05
21720: 4.60384e-05
21721: 4.60363e-05
21722: 4.60342e-05
21723: 4.6032e-05
21724: 4.60299e-05
21725: 4.60278e-05
21726: 4.60257e-05
21727: 4.60236e-05
21728: 4.60214e-05
21729: 4.60193e-05
21730: 4.60172e-05
21731: 4.60151e-05
21732: 4.6013e-05
21733: 4.60109e-05
21734: 4.60087e-05
21735: 4.60066e-05
21736: 4.60045e-05
21737: 4.60024e-05
21738: 4.60003e-05
21739: 4.59982e-05
21740: 4.5996e-05
21741: 4.59939e-05
21742: 4.59918e-05
21743: 4.59897e-05
21744: 4.59876e-05
21745: 4.59855e-05
21746: 4.59834e-05
21747: 4.59812e-05
21748: 4.59791e-05
21749: 4.5977e-05
21750: 4.59749e-05
21751: 4.59728e-05
21752: 4.59707e-05
21753: 4.59686e-05
21754: 4.59664e-05
21755: 4.59643e-05
21756: 4.59622e-05
21757: 4.59601e-05
21758: 4.5958e-05
21759: 4.59559e-05
21760: 4.59538e-05
21761: 4.59517e-05
21762: 4.59495e-05
21763: 4.59474e-05
21764: 4.59453e-05
21765: 4.59432e-05
21766: 4.59411e-05
21767: 4.5939e-05
21768: 4.59369e-05
21769: 4.59348e-05
21770: 4.59327e-05
21771: 4.59306e-05
21772: 4.59284e-05
21773: 4.59263e-05
21774: 4.59242e-05
21775: 4.59221e-05
21776: 4.592e-05
21777: 4.59179e-05
21778: 4.59158e-05
21779: 4.59137e-05
21780: 4.59116e-05
21781: 4.59095e-05
21782: 4.59074e-05
21783: 4.59053e-05
21784: 4.59031e-05
21785: 4.5901e-05
21786: 4.58989e-05
21787: 4.58968e-05
21788: 4.58947e-05
21789: 4.58926e-05
21790: 4.58905e-05
21791: 4.58884e-05
21792: 4.58863e-05
21793: 4.58842e-05
21794: 4.58821e-05
21795: 4.588e-05
21796: 4.58779e-05
21797: 4.58758e-05
21798: 4.58737e-05
21799: 4.58716e-05
21800: 4.58695e-05
21801: 4.58674e-05
21802: 4.58652e-05
21803: 4.58631e-05
21804: 4.5861e-05
21805: 4.58589e-05
21806: 4.58568e-05
21807: 4.58547e-05
21808: 4.58526e-05
21809: 4.58505e-05
21810: 4.58484e-05
21811: 4.58463e-05
21812: 4.58442e-05
21813: 4.58421e-05
21814: 4.584e-05
21815: 4.58379e-05
21816: 4.58358e-05
21817: 4.58337e-05
21818: 4.58316e-05
21819: 4.58295e-05
21820: 4.58274e-05
21821: 4.58253e-05
21822: 4.58232e-05
21823: 4.58211e-05
21824: 4.5819e-05
21825: 4.58169e-05
21826: 4.58148e-05
21827: 4.58127e-05
21828: 4.58106e-05
21829: 4.58085e-05
21830: 4.58064e-05
21831: 4.58043e-05
21832: 4.58022e-05
21833: 4.58001e-05
21834: 4.5798e-05
21835: 4.57959e-05
21836: 4.57938e-05
21837: 4.57917e-05
21838: 4.57896e-05
21839: 4.57875e-05
21840: 4.57854e-05
21841: 4.57834e-05
21842: 4.57813e-05
21843: 4.57792e-05
21844: 4.57771e-05
21845: 4.5775e-05
21846: 4.57729e-05
21847: 4.57708e-05
21848: 4.57687e-05
21849: 4.57666e-05
21850: 4.57645e-05
21851: 4.57624e-05
21852: 4.57603e-05
21853: 4.57582e-05
21854: 4.57561e-05
21855: 4.5754e-05
21856: 4.57519e-05
21857: 4.57498e-05
21858: 4.57477e-05
21859: 4.57457e-05
21860: 4.57436e-05
21861: 4.57415e-05
21862: 4.57394e-05
21863: 4.57373e-05
21864: 4.57352e-05
21865: 4.57331e-05
21866: 4.5731e-05
21867: 4.57289e-05
21868: 4.57268e-05
21869: 4.57247e-05
21870: 4.57226e-05
21871: 4.57206e-05
21872: 4.57185e-05
21873: 4.57164e-05
21874: 4.57143e-05
21875: 4.57122e-05
21876: 4.57101e-05
21877: 4.5708e-05
21878: 4.57059e-05
21879: 4.57038e-05
21880: 4.57018e-05
21881: 4.56997e-05
21882: 4.56976e-05
21883: 4.56955e-05
21884: 4.56934e-05
21885: 4.56913e-05
21886: 4.56892e-05
21887: 4.56871e-05
21888: 4.5685e-05
21889: 4.5683e-05
21890: 4.56809e-05
21891: 4.56788e-05
21892: 4.56767e-05
21893: 4.56746e-05
21894: 4.56725e-05
21895: 4.56704e-05
21896: 4.56684e-05
21897: 4.56663e-05
21898: 4.56642e-05
21899: 4.56621e-05
21900: 4.566e-05
21901: 4.56579e-05
21902: 4.56558e-05
21903: 4.56538e-05
21904: 4.56517e-05
21905: 4.56496e-05
21906: 4.56475e-05
21907: 4.56454e-05
21908: 4.56433e-05
21909: 4.56413e-05
21910: 4.56392e-05
21911: 4.56371e-05
21912: 4.5635e-05
21913: 4.56329e-05
21914: 4.56308e-05
21915: 4.56288e-05
21916: 4.56267e-05
21917: 4.56246e-05
21918: 4.56225e-05
21919: 4.56204e-05
21920: 4.56184e-05
21921: 4.56163e-05
21922: 4.56142e-05
21923: 4.56121e-05
21924: 4.561e-05
21925: 4.5608e-05
21926: 4.56059e-05
21927: 4.56038e-05
21928: 4.56017e-05
21929: 4.55996e-05
21930: 4.55976e-05
21931: 4.55955e-05
21932: 4.55934e-05
21933: 4.55913e-05
21934: 4.55892e-05
21935: 4.55872e-05
21936: 4.55851e-05
21937: 4.5583e-05
21938: 4.55809e-05
21939: 4.55789e-05
21940: 4.55768e-05
21941: 4.55747e-05
21942: 4.55726e-05
21943: 4.55705e-05
21944: 4.55685e-05
21945: 4.55664e-05
21946: 4.55643e-05
21947: 4.55622e-05
21948: 4.55602e-05
21949: 4.55581e-05
21950: 4.5556e-05
21951: 4.55539e-05
21952: 4.55519e-05
21953: 4.55498e-05
21954: 4.55477e-05
21955: 4.55456e-05
21956: 4.55436e-05
21957: 4.55415e-05
21958: 4.55394e-05
21959: 4.55373e-05
21960: 4.55353e-05
21961: 4.55332e-05
21962: 4.55311e-05
21963: 4.5529e-05
21964: 4.5527e-05
21965: 4.55249e-05
21966: 4.55228e-05
21967: 4.55208e-05
21968: 4.55187e-05
21969: 4.55166e-05
21970: 4.55145e-05
21971: 4.55125e-05
21972: 4.55104e-05
21973: 4.55083e-05
21974: 4.55063e-05
21975: 4.55042e-05
21976: 4.55021e-05
21977: 4.55e-05
21978: 4.5498e-05
21979: 4.54959e-05
21980: 4.54938e-05
21981: 4.54918e-05
21982: 4.54897e-05
21983: 4.54876e-05
21984: 4.54856e-05
21985: 4.54835e-05
21986: 4.54814e-05
21987: 4.54794e-05
21988: 4.54773e-05
21989: 4.54752e-05
21990: 4.54731e-05
21991: 4.54711e-05
21992: 4.5469e-05
21993: 4.54669e-05
21994: 4.54649e-05
21995: 4.54628e-05
21996: 4.54607e-05
21997: 4.54587e-05
21998: 4.54566e-05
21999: 4.54545e-05
22000: 4.54525e-05
22001: 4.54504e-05
22002: 4.54483e-05
22003: 4.54463e-05
22004: 4.54442e-05
22005: 4.54422e-05
22006: 4.54401e-05
22007: 4.5438e-05
22008: 4.5436e-05
22009: 4.54339e-05
22010: 4.54318e-05
22011: 4.54298e-05
22012: 4.54277e-05
22013: 4.54256e-05
22014: 4.54236e-05
22015: 4.54215e-05
22016: 4.54194e-05
22017: 4.54174e-05
22018: 4.54153e-05
22019: 4.54133e-05
22020: 4.54112e-05
22021: 4.54091e-05
22022: 4.54071e-05
22023: 4.5405e-05
22024: 4.5403e-05
22025: 4.54009e-05
22026: 4.53988e-05
22027: 4.53968e-05
22028: 4.53947e-05
22029: 4.53926e-05
22030: 4.53906e-05
22031: 4.53885e-05
22032: 4.53865e-05
22033: 4.53844e-05
22034: 4.53823e-05
22035: 4.53803e-05
22036: 4.53782e-05
22037: 4.53762e-05
22038: 4.53741e-05
22039: 4.53721e-05
22040: 4.537e-05
22041: 4.53679e-05
22042: 4.53659e-05
22043: 4.53638e-05
22044: 4.53618e-05
22045: 4.53597e-05
22046: 4.53576e-05
22047: 4.53556e-05
22048: 4.53535e-05
22049: 4.53515e-05
22050: 4.53494e-05
22051: 4.53474e-05
22052: 4.53453e-05
22053: 4.53432e-05
22054: 4.53412e-05
22055: 4.53391e-05
22056: 4.53371e-05
22057: 4.5335e-05
22058: 4.5333e-05
22059: 4.53309e-05
22060: 4.53289e-05
22061: 4.53268e-05
22062: 4.53248e-05
22063: 4.53227e-05
22064: 4.53206e-05
22065: 4.53186e-05
22066: 4.53165e-05
22067: 4.53145e-05
22068: 4.53124e-05
22069: 4.53104e-05
22070: 4.53083e-05
22071: 4.53063e-05
22072: 4.53042e-05
22073: 4.53022e-05
22074: 4.53001e-05
22075: 4.52981e-05
22076: 4.5296e-05
22077: 4.5294e-05
22078: 4.52919e-05
22079: 4.52899e-05
22080: 4.52878e-05
22081: 4.52858e-05
22082: 4.52837e-05
22083: 4.52817e-05
22084: 4.52796e-05
22085: 4.52776e-05
22086: 4.52755e-05
22087: 4.52735e-05
22088: 4.52714e-05
22089: 4.52694e-05
22090: 4.52673e-05
22091: 4.52653e-05
22092: 4.52632e-05
22093: 4.52612e-05
22094: 4.52591e-05
22095: 4.52571e-05
22096: 4.5255e-05
22097: 4.5253e-05
22098: 4.52509e-05
22099: 4.52489e-05
22100: 4.52468e-05
22101: 4.52448e-05
22102: 4.52427e-05
22103: 4.52407e-05
22104: 4.52386e-05
22105: 4.52366e-05
22106: 4.52345e-05
22107: 4.52325e-05
22108: 4.52304e-05
22109: 4.52284e-05
22110: 4.52264e-05
22111: 4.52243e-05
22112: 4.52223e-05
22113: 4.52202e-05
22114: 4.52182e-05
22115: 4.52161e-05
22116: 4.52141e-05
22117: 4.5212e-05
22118: 4.521e-05
22119: 4.5208e-05
22120: 4.52059e-05
22121: 4.52039e-05
22122: 4.52018e-05
22123: 4.51998e-05
22124: 4.51977e-05
22125: 4.51957e-05
22126: 4.51937e-05
22127: 4.51916e-05
22128: 4.51896e-05
22129: 4.51875e-05
22130: 4.51855e-05
22131: 4.51834e-05
22132: 4.51814e-05
22133: 4.51794e-05
22134: 4.51773e-05
22135: 4.51753e-05
22136: 4.51732e-05
22137: 4.51712e-05
22138: 4.51692e-05
22139: 4.51671e-05
22140: 4.51651e-05
22141: 4.5163e-05
22142: 4.5161e-05
22143: 4.5159e-05
22144: 4.51569e-05
22145: 4.51549e-05
22146: 4.51528e-05
22147: 4.51508e-05
22148: 4.51488e-05
22149: 4.51467e-05
22150: 4.51447e-05
22151: 4.51427e-05
22152: 4.51406e-05
22153: 4.51386e-05
22154: 4.51365e-05
22155: 4.51345e-05
22156: 4.51325e-05
22157: 4.51304e-05
22158: 4.51284e-05
22159: 4.51264e-05
22160: 4.51243e-05
22161: 4.51223e-05
22162: 4.51202e-05
22163: 4.51182e-05
22164: 4.51162e-05
22165: 4.51141e-05
22166: 4.51121e-05
22167: 4.51101e-05
22168: 4.5108e-05
22169: 4.5106e-05
22170: 4.5104e-05
22171: 4.51019e-05
22172: 4.50999e-05
22173: 4.50979e-05
22174: 4.50958e-05
22175: 4.50938e-05
22176: 4.50918e-05
22177: 4.50897e-05
22178: 4.50877e-05
22179: 4.50857e-05
22180: 4.50836e-05
22181: 4.50816e-05
22182: 4.50796e-05
22183: 4.50775e-05
22184: 4.50755e-05
22185: 4.50735e-05
22186: 4.50714e-05
22187: 4.50694e-05
22188: 4.50674e-05
22189: 4.50653e-05
22190: 4.50633e-05
22191: 4.50613e-05
22192: 4.50593e-05
22193: 4.50572e-05
22194: 4.50552e-05
22195: 4.50532e-05
22196: 4.50511e-05
22197: 4.50491e-05
22198: 4.50471e-05
22199: 4.5045e-05
22200: 4.5043e-05
22201: 4.5041e-05
22202: 4.5039e-05
22203: 4.50369e-05
22204: 4.50349e-05
22205: 4.50329e-05
22206: 4.50308e-05
22207: 4.50288e-05
22208: 4.50268e-05
22209: 4.50248e-05
22210: 4.50227e-05
22211: 4.50207e-05
22212: 4.50187e-05
22213: 4.50167e-05
22214: 4.50146e-05
22215: 4.50126e-05
22216: 4.50106e-05
22217: 4.50086e-05
22218: 4.50065e-05
22219: 4.50045e-05
22220: 4.50025e-05
22221: 4.50005e-05
22222: 4.49984e-05
22223: 4.49964e-05
22224: 4.49944e-05
22225: 4.49924e-05
22226: 4.49903e-05
22227: 4.49883e-05
22228: 4.49863e-05
22229: 4.49843e-05
22230: 4.49822e-05
22231: 4.49802e-05
22232: 4.49782e-05
22233: 4.49762e-05
22234: 4.49741e-05
22235: 4.49721e-05
22236: 4.49701e-05
22237: 4.49681e-05
22238: 4.49661e-05
22239: 4.4964e-05
22240: 4.4962e-05
22241: 4.496e-05
22242: 4.4958e-05
22243: 4.49559e-05
22244: 4.49539e-05
22245: 4.49519e-05
22246: 4.49499e-05
22247: 4.49479e-05
22248: 4.49458e-05
22249: 4.49438e-05
22250: 4.49418e-05
22251: 4.49398e-05
22252: 4.49378e-05
22253: 4.49357e-05
22254: 4.49337e-05
22255: 4.49317e-05
22256: 4.49297e-05
22257: 4.49277e-05
22258: 4.49256e-05
22259: 4.49236e-05
22260: 4.49216e-05
22261: 4.49196e-05
22262: 4.49176e-05
22263: 4.49156e-05
22264: 4.49135e-05
22265: 4.49115e-05
22266: 4.49095e-05
22267: 4.49075e-05
22268: 4.49055e-05
22269: 4.49035e-05
22270: 4.49014e-05
22271: 4.48994e-05
22272: 4.48974e-05
22273: 4.48954e-05
22274: 4.48934e-05
22275: 4.48914e-05
22276: 4.48893e-05
22277: 4.48873e-05
22278: 4.48853e-05
22279: 4.48833e-05
22280: 4.48813e-05
22281: 4.48793e-05
22282: 4.48773e-05
22283: 4.48752e-05
22284: 4.48732e-05
22285: 4.48712e-05
22286: 4.48692e-05
22287: 4.48672e-05
22288: 4.48652e-05
22289: 4.48632e-05
22290: 4.48612e-05
22291: 4.48591e-05
22292: 4.48571e-05
22293: 4.48551e-05
22294: 4.48531e-05
22295: 4.48511e-05
22296: 4.48491e-05
22297: 4.48471e-05
22298: 4.48451e-05
22299: 4.4843e-05
22300: 4.4841e-05
22301: 4.4839e-05
22302: 4.4837e-05
22303: 4.4835e-05
22304: 4.4833e-05
22305: 4.4831e-05
22306: 4.4829e-05
22307: 4.4827e-05
22308: 4.4825e-05
22309: 4.48229e-05
22310: 4.48209e-05
22311: 4.48189e-05
22312: 4.48169e-05
22313: 4.48149e-05
22314: 4.48129e-05
22315: 4.48109e-05
22316: 4.48089e-05
22317: 4.48069e-05
22318: 4.48049e-05
22319: 4.48029e-05
22320: 4.48009e-05
22321: 4.47989e-05
22322: 4.47968e-05
22323: 4.47948e-05
22324: 4.47928e-05
22325: 4.47908e-05
22326: 4.47888e-05
22327: 4.47868e-05
22328: 4.47848e-05
22329: 4.47828e-05
22330: 4.47808e-05
22331: 4.47788e-05
22332: 4.47768e-05
22333: 4.47748e-05
22334: 4.47728e-05
22335: 4.47708e-05
22336: 4.47688e-05
22337: 4.47668e-05
22338: 4.47648e-05
22339: 4.47628e-05
22340: 4.47608e-05
22341: 4.47588e-05
22342: 4.47567e-05
22343: 4.47547e-05
22344: 4.47527e-05
22345: 4.47507e-05
22346: 4.47487e-05
22347: 4.47467e-05
22348: 4.47447e-05
22349: 4.47427e-05
22350: 4.47407e-05
22351: 4.47387e-05
22352: 4.47367e-05
22353: 4.47347e-05
22354: 4.47327e-05
22355: 4.47307e-05
22356: 4.47287e-05
22357: 4.47267e-05
22358: 4.47247e-05
22359: 4.47227e-05
22360: 4.47207e-05
22361: 4.47187e-05
22362: 4.47167e-05
22363: 4.47147e-05
22364: 4.47127e-05
22365: 4.47107e-05
22366: 4.47087e-05
22367: 4.47067e-05
22368: 4.47047e-05
22369: 4.47027e-05
22370: 4.47007e-05
22371: 4.46987e-05
22372: 4.46967e-05
22373: 4.46947e-05
22374: 4.46927e-05
22375: 4.46907e-05
22376: 4.46887e-05
22377: 4.46867e-05
22378: 4.46847e-05
22379: 4.46828e-05
22380: 4.46808e-05
22381: 4.46788e-05
22382: 4.46768e-05
22383: 4.46748e-05
22384: 4.46728e-05
22385: 4.46708e-05
22386: 4.46688e-05
22387: 4.46668e-05
22388: 4.46648e-05
22389: 4.46628e-05
22390: 4.46608e-05
22391: 4.46588e-05
22392: 4.46568e-05
22393: 4.46548e-05
22394: 4.46528e-05
22395: 4.46508e-05
22396: 4.46488e-05
22397: 4.46468e-05
22398: 4.46449e-05
22399: 4.46429e-05
22400: 4.46409e-05
22401: 4.46389e-05
22402: 4.46369e-05
22403: 4.46349e-05
22404: 4.46329e-05
22405: 4.46309e-05
22406: 4.46289e-05
22407: 4.46269e-05
22408: 4.46249e-05
22409: 4.46229e-05
22410: 4.46209e-05
22411: 4.4619e-05
22412: 4.4617e-05
22413: 4.4615e-05
22414: 4.4613e-05
22415: 4.4611e-05
22416: 4.4609e-05
22417: 4.4607e-05
22418: 4.4605e-05
22419: 4.4603e-05
22420: 4.4601e-05
22421: 4.45991e-05
22422: 4.45971e-05
22423: 4.45951e-05
22424: 4.45931e-05
22425: 4.45911e-05
22426: 4.45891e-05
22427: 4.45871e-05
22428: 4.45851e-05
22429: 4.45831e-05
22430: 4.45812e-05
22431: 4.45792e-05
22432: 4.45772e-05
22433: 4.45752e-05
22434: 4.45732e-05
22435: 4.45712e-05
22436: 4.45692e-05
22437: 4.45673e-05
22438: 4.45653e-05
22439: 4.45633e-05
22440: 4.45613e-05
22441: 4.45593e-05
22442: 4.45573e-05
22443: 4.45553e-05
22444: 4.45534e-05
22445: 4.45514e-05
22446: 4.45494e-05
22447: 4.45474e-05
22448: 4.45454e-05
22449: 4.45434e-05
22450: 4.45414e-05
22451: 4.45395e-05
22452: 4.45375e-05
22453: 4.45355e-05
22454: 4.45335e-05
22455: 4.45315e-05
22456: 4.45295e-05
22457: 4.45276e-05
22458: 4.45256e-05
22459: 4.45236e-05
22460: 4.45216e-05
22461: 4.45196e-05
22462: 4.45177e-05
22463: 4.45157e-05
22464: 4.45137e-05
22465: 4.45117e-05
22466: 4.45097e-05
22467: 4.45077e-05
22468: 4.45058e-05
22469: 4.45038e-05
22470: 4.45018e-05
22471: 4.44998e-05
22472: 4.44978e-05
22473: 4.44959e-05
22474: 4.44939e-05
22475: 4.44919e-05
22476: 4.44899e-05
22477: 4.44879e-05
22478: 4.4486e-05
22479: 4.4484e-05
22480: 4.4482e-05
22481: 4.448e-05
22482: 4.44781e-05
22483: 4.44761e-05
22484: 4.44741e-05
22485: 4.44721e-05
22486: 4.44701e-05
22487: 4.44682e-05
22488: 4.44662e-05
22489: 4.44642e-05
22490: 4.44622e-05
22491: 4.44603e-05
22492: 4.44583e-05
22493: 4.44563e-05
22494: 4.44543e-05
22495: 4.44523e-05
22496: 4.44504e-05
22497: 4.44484e-05
22498: 4.44464e-05
22499: 4.44444e-05
22500: 4.44425e-05
22501: 4.44405e-05
22502: 4.44385e-05
22503: 4.44365e-05
22504: 4.44346e-05
22505: 4.44326e-05
22506: 4.44306e-05
22507: 4.44286e-05
22508: 4.44267e-05
22509: 4.44247e-05
22510: 4.44227e-05
22511: 4.44208e-05
22512: 4.44188e-05
22513: 4.44168e-05
22514: 4.44148e-05
22515: 4.44129e-05
22516: 4.44109e-05
22517: 4.44089e-05
22518: 4.44069e-05
22519: 4.4405e-05
22520: 4.4403e-05
22521: 4.4401e-05
22522: 4.43991e-05
22523: 4.43971e-05
22524: 4.43951e-05
22525: 4.43931e-05
22526: 4.43912e-05
22527: 4.43892e-05
22528: 4.43872e-05
22529: 4.43853e-05
22530: 4.43833e-05
22531: 4.43813e-05
22532: 4.43794e-05
22533: 4.43774e-05
22534: 4.43754e-05
22535: 4.43734e-05
22536: 4.43715e-05
22537: 4.43695e-05
22538: 4.43675e-05
22539: 4.43656e-05
22540: 4.43636e-05
22541: 4.43616e-05
22542: 4.43597e-05
22543: 4.43577e-05
22544: 4.43557e-05
22545: 4.43538e-05
22546: 4.43518e-05
22547: 4.43498e-05
22548: 4.43479e-05
22549: 4.43459e-05
22550: 4.43439e-05
22551: 4.4342e-05
22552: 4.434e-05
22553: 4.4338e-05
22554: 4.43361e-05
22555: 4.43341e-05
22556: 4.43321e-05
22557: 4.43302e-05
22558: 4.43282e-05
22559: 4.43262e-05
22560: 4.43243e-05
22561: 4.43223e-05
22562: 4.43203e-05
22563: 4.43184e-05
22564: 4.43164e-05
22565: 4.43145e-05
22566: 4.43125e-05
22567: 4.43105e-05
22568: 4.43086e-05
22569: 4.43066e-05
22570: 4.43046e-05
22571: 4.43027e-05
22572: 4.43007e-05
22573: 4.42988e-05
22574: 4.42968e-05
22575: 4.42948e-05
22576: 4.42929e-05
22577: 4.42909e-05
22578: 4.42889e-05
22579: 4.4287e-05
22580: 4.4285e-05
22581: 4.42831e-05
22582: 4.42811e-05
22583: 4.42791e-05
22584: 4.42772e-05
22585: 4.42752e-05
22586: 4.42733e-05
22587: 4.42713e-05
22588: 4.42693e-05
22589: 4.42674e-05
22590: 4.42654e-05
22591: 4.42635e-05
22592: 4.42615e-05
22593: 4.42595e-05
22594: 4.42576e-05
22595: 4.42556e-05
22596: 4.42537e-05
22597: 4.42517e-05
22598: 4.42497e-05
22599: 4.42478e-05
22600: 4.42458e-05
22601: 4.42439e-05
22602: 4.42419e-05
22603: 4.424e-05
22604: 4.4238e-05
22605: 4.4236e-05
22606: 4.42341e-05
22607: 4.42321e-05
22608: 4.42302e-05
22609: 4.42282e-05
22610: 4.42263e-05
22611: 4.42243e-05
22612: 4.42223e-05
22613: 4.42204e-05
22614: 4.42184e-05
22615: 4.42165e-05
22616: 4.42145e-05
22617: 4.42126e-05
22618: 4.42106e-05
22619: 4.42087e-05
22620: 4.42067e-05
22621: 4.42048e-05
22622: 4.42028e-05
22623: 4.42008e-05
22624: 4.41989e-05
22625: 4.41969e-05
22626: 4.4195e-05
22627: 4.4193e-05
22628: 4.41911e-05
22629: 4.41891e-05
22630: 4.41872e-05
22631: 4.41852e-05
22632: 4.41833e-05
22633: 4.41813e-05
22634: 4.41794e-05
22635: 4.41774e-05
22636: 4.41755e-05
22637: 4.41735e-05
22638: 4.41716e-05
22639: 4.41696e-05
22640: 4.41677e-05
22641: 4.41657e-05
22642: 4.41638e-05
22643: 4.41618e-05
22644: 4.41599e-05
22645: 4.41579e-05
22646: 4.4156e-05
22647: 4.4154e-05
22648: 4.41521e-05
22649: 4.41501e-05
22650: 4.41482e-05
22651: 4.41462e-05
22652: 4.41443e-05
22653: 4.41423e-05
22654: 4.41404e-05
22655: 4.41384e-05
22656: 4.41365e-05
22657: 4.41345e-05
22658: 4.41326e-05
22659: 4.41306e-05
22660: 4.41287e-05
22661: 4.41267e-05
22662: 4.41248e-05
22663: 4.41228e-05
22664: 4.41209e-05
22665: 4.41189e-05
22666: 4.4117e-05
22667: 4.41151e-05
22668: 4.41131e-05
22669: 4.41112e-05
22670: 4.41092e-05
22671: 4.41073e-05
22672: 4.41053e-05
22673: 4.41034e-05
22674: 4.41014e-05
22675: 4.40995e-05
22676: 4.40975e-05
22677: 4.40956e-05
22678: 4.40937e-05
22679: 4.40917e-05
22680: 4.40898e-05
22681: 4.40878e-05
22682: 4.40859e-05
22683: 4.40839e-05
22684: 4.4082e-05
22685: 4.408e-05
22686: 4.40781e-05
22687: 4.40762e-05
22688: 4.40742e-05
22689: 4.40723e-05
22690: 4.40703e-05
22691: 4.40684e-05
22692: 4.40665e-05
22693: 4.40645e-05
22694: 4.40626e-05
22695: 4.40606e-05
22696: 4.40587e-05
22697: 4.40567e-05
22698: 4.40548e-05
22699: 4.40529e-05
22700: 4.40509e-05
22701: 4.4049e-05
22702: 4.4047e-05
22703: 4.40451e-05
22704: 4.40432e-05
22705: 4.40412e-05
22706: 4.40393e-05
22707: 4.40373e-05
22708: 4.40354e-05
22709: 4.40335e-05
22710: 4.40315e-05
22711: 4.40296e-05
22712: 4.40276e-05
22713: 4.40257e-05
22714: 4.40238e-05
22715: 4.40218e-05
22716: 4.40199e-05
22717: 4.4018e-05
22718: 4.4016e-05
22719: 4.40141e-05
22720: 4.40121e-05
22721: 4.40102e-05
22722: 4.40083e-05
22723: 4.40063e-05
22724: 4.40044e-05
22725: 4.40025e-05
22726: 4.40005e-05
22727: 4.39986e-05
22728: 4.39967e-05
22729: 4.39947e-05
22730: 4.39928e-05
22731: 4.39908e-05
22732: 4.39889e-05
22733: 4.3987e-05
22734: 4.3985e-05
22735: 4.39831e-05
22736: 4.39812e-05
22737: 4.39792e-05
22738: 4.39773e-05
22739: 4.39754e-05
22740: 4.39734e-05
22741: 4.39715e-05
22742: 4.39696e-05
22743: 4.39676e-05
22744: 4.39657e-05
22745: 4.39638e-05
22746: 4.39618e-05
22747: 4.39599e-05
22748: 4.3958e-05
22749: 4.3956e-05
22750: 4.39541e-05
22751: 4.39522e-05
22752: 4.39502e-05
22753: 4.39483e-05
22754: 4.39464e-05
22755: 4.39445e-05
22756: 4.39425e-05
22757: 4.39406e-05
22758: 4.39387e-05
22759: 4.39367e-05
22760: 4.39348e-05
22761: 4.39329e-05
22762: 4.39309e-05
22763: 4.3929e-05
22764: 4.39271e-05
22765: 4.39252e-05
22766: 4.39232e-05
22767: 4.39213e-05
22768: 4.39194e-05
22769: 4.39174e-05
22770: 4.39155e-05
22771: 4.39136e-05
22772: 4.39116e-05
22773: 4.39097e-05
22774: 4.39078e-05
22775: 4.39059e-05
22776: 4.39039e-05
22777: 4.3902e-05
22778: 4.39001e-05
22779: 4.38982e-05
22780: 4.38962e-05
22781: 4.38943e-05
22782: 4.38924e-05
22783: 4.38904e-05
22784: 4.38885e-05
22785: 4.38866e-05
22786: 4.38847e-05
22787: 4.38827e-05
22788: 4.38808e-05
22789: 4.38789e-05
22790: 4.3877e-05
22791: 4.3875e-05
22792: 4.38731e-05
22793: 4.38712e-05
22794: 4.38693e-05
22795: 4.38673e-05
22796: 4.38654e-05
22797: 4.38635e-05
22798: 4.38616e-05
22799: 4.38596e-05
22800: 4.38577e-05
22801: 4.38558e-05
22802: 4.38539e-05
22803: 4.3852e-05
22804: 4.385e-05
22805: 4.38481e-05
22806: 4.38462e-05
22807: 4.38443e-05
22808: 4.38423e-05
22809: 4.38404e-05
22810: 4.38385e-05
22811: 4.38366e-05
22812: 4.38347e-05
22813: 4.38327e-05
22814: 4.38308e-05
22815: 4.38289e-05
22816: 4.3827e-05
22817: 4.38251e-05
22818: 4.38231e-05
22819: 4.38212e-05
22820: 4.38193e-05
22821: 4.38174e-05
22822: 4.38154e-05
22823: 4.38135e-05
22824: 4.38116e-05
22825: 4.38097e-05
22826: 4.38078e-05
22827: 4.38059e-05
22828: 4.38039e-05
22829: 4.3802e-05
22830: 4.38001e-05
22831: 4.37982e-05
22832: 4.37963e-05
22833: 4.37943e-05
22834: 4.37924e-05
22835: 4.37905e-05
22836: 4.37886e-05
22837: 4.37867e-05
22838: 4.37848e-05
22839: 4.37828e-05
22840: 4.37809e-05
22841: 4.3779e-05
22842: 4.37771e-05
22843: 4.37752e-05
22844: 4.37733e-05
22845: 4.37713e-05
22846: 4.37694e-05
22847: 4.37675e-05
22848: 4.37656e-05
22849: 4.37637e-05
22850: 4.37618e-05
22851: 4.37598e-05
22852: 4.37579e-05
22853: 4.3756e-05
22854: 4.37541e-05
22855: 4.37522e-05
22856: 4.37503e-05
22857: 4.37484e-05
22858: 4.37464e-05
22859: 4.37445e-05
22860: 4.37426e-05
22861: 4.37407e-05
22862: 4.37388e-05
22863: 4.37369e-05
22864: 4.3735e-05
22865: 4.37331e-05
22866: 4.37311e-05
22867: 4.37292e-05
22868: 4.37273e-05
22869: 4.37254e-05
22870: 4.37235e-05
22871: 4.37216e-05
22872: 4.37197e-05
22873: 4.37178e-05
22874: 4.37158e-05
22875: 4.37139e-05
22876: 4.3712e-05
22877: 4.37101e-05
22878: 4.37082e-05
22879: 4.37063e-05
22880: 4.37044e-05
22881: 4.37025e-05
22882: 4.37006e-05
22883: 4.36987e-05
22884: 4.36967e-05
22885: 4.36948e-05
22886: 4.36929e-05
22887: 4.3691e-05
22888: 4.36891e-05
22889: 4.36872e-05
22890: 4.36853e-05
22891: 4.36834e-05
22892: 4.36815e-05
22893: 4.36796e-05
22894: 4.36777e-05
22895: 4.36758e-05
22896: 4.36738e-05
22897: 4.36719e-05
22898: 4.367e-05
22899: 4.36681e-05
22900: 4.36662e-05
22901: 4.36643e-05
22902: 4.36624e-05
22903: 4.36605e-05
22904: 4.36586e-05
22905: 4.36567e-05
22906: 4.36548e-05
22907: 4.36529e-05
22908: 4.3651e-05
22909: 4.36491e-05
22910: 4.36472e-05
22911: 4.36453e-05
22912: 4.36433e-05
22913: 4.36414e-05
22914: 4.36395e-05
22915: 4.36376e-05
22916: 4.36357e-05
22917: 4.36338e-05
22918: 4.36319e-05
22919: 4.363e-05
22920: 4.36281e-05
22921: 4.36262e-05
22922: 4.36243e-05
22923: 4.36224e-05
22924: 4.36205e-05
22925: 4.36186e-05
22926: 4.36167e-05
22927: 4.36148e-05
22928: 4.36129e-05
22929: 4.3611e-05
22930: 4.36091e-05
22931: 4.36072e-05
22932: 4.36053e-05
22933: 4.36034e-05
22934: 4.36015e-05
22935: 4.35996e-05
22936: 4.35977e-05
22937: 4.35958e-05
22938: 4.35939e-05
22939: 4.3592e-05
22940: 4.35901e-05
22941: 4.35882e-05
22942: 4.35863e-05
22943: 4.35844e-05
22944: 4.35825e-05
22945: 4.35806e-05
22946: 4.35787e-05
22947: 4.35768e-05
22948: 4.35749e-05
22949: 4.3573e-05
22950: 4.35711e-05
22951: 4.35692e-05
22952: 4.35673e-05
22953: 4.35654e-05
22954: 4.35635e-05
22955: 4.35616e-05
22956: 4.35597e-05
22957: 4.35578e-05
22958: 4.35559e-05
22959: 4.3554e-05
22960: 4.35521e-05
22961: 4.35502e-05
22962: 4.35483e-05
22963: 4.35464e-05
22964: 4.35445e-05
22965: 4.35426e-05
22966: 4.35407e-05
22967: 4.35388e-05
22968: 4.35369e-05
22969: 4.3535e-05
22970: 4.35332e-05
22971: 4.35313e-05
22972: 4.35294e-05
22973: 4.35275e-05
22974: 4.35256e-05
22975: 4.35237e-05
22976: 4.35218e-05
22977: 4.35199e-05
22978: 4.3518e-05
22979: 4.35161e-05
22980: 4.35142e-05
22981: 4.35123e-05
22982: 4.35104e-05
22983: 4.35085e-05
22984: 4.35066e-05
22985: 4.35047e-05
22986: 4.35028e-05
22987: 4.3501e-05
22988: 4.34991e-05
22989: 4.34972e-05
22990: 4.34953e-05
22991: 4.34934e-05
22992: 4.34915e-05
22993: 4.34896e-05
22994: 4.34877e-05
22995: 4.34858e-05
22996: 4.34839e-05
22997: 4.3482e-05
22998: 4.34802e-05
22999: 4.34783e-05
23000: 4.34764e-05
23001: 4.34745e-05
23002: 4.34726e-05
23003: 4.34707e-05
23004: 4.34688e-05
23005: 4.34669e-05
23006: 4.3465e-05
23007: 4.34631e-05
23008: 4.34613e-05
23009: 4.34594e-05
23010: 4.34575e-05
23011: 4.34556e-05
23012: 4.34537e-05
23013: 4.34518e-05
23014: 4.34499e-05
23015: 4.3448e-05
23016: 4.34461e-05
23017: 4.34443e-05
23018: 4.34424e-05
23019: 4.34405e-05
23020: 4.34386e-05
23021: 4.34367e-05
23022: 4.34348e-05
23023: 4.34329e-05
23024: 4.34311e-05
23025: 4.34292e-05
23026: 4.34273e-05
23027: 4.34254e-05
23028: 4.34235e-05
23029: 4.34216e-05
23030: 4.34197e-05
23031: 4.34179e-05
23032: 4.3416e-05
23033: 4.34141e-05
23034: 4.34122e-05
23035: 4.34103e-05
23036: 4.34084e-05
23037: 4.34065e-05
23038: 4.34047e-05
23039: 4.34028e-05
23040: 4.34009e-05
23041: 4.3399e-05
23042: 4.33971e-05
23043: 4.33952e-05
23044: 4.33934e-05
23045: 4.33915e-05
23046: 4.33896e-05
23047: 4.33877e-05
23048: 4.33858e-05
23049: 4.33839e-05
23050: 4.33821e-05
23051: 4.33802e-05
23052: 4.33783e-05
23053: 4.33764e-05
23054: 4.33745e-05
23055: 4.33727e-05
23056: 4.33708e-05
23057: 4.33689e-05
23058: 4.3367e-05
23059: 4.33651e-05
23060: 4.33633e-05
23061: 4.33614e-05
23062: 4.33595e-05
23063: 4.33576e-05
23064: 4.33557e-05
23065: 4.33539e-05
23066: 4.3352e-05
23067: 4.33501e-05
23068: 4.33482e-05
23069: 4.33463e-05
23070: 4.33445e-05
23071: 4.33426e-05
23072: 4.33407e-05
23073: 4.33388e-05
23074: 4.33369e-05
23075: 4.33351e-05
23076: 4.33332e-05
23077: 4.33313e-05
23078: 4.33294e-05
23079: 4.33276e-05
23080: 4.33257e-05
23081: 4.33238e-05
23082: 4.33219e-05
23083: 4.332e-05
23084: 4.33182e-05
23085: 4.33163e-05
23086: 4.33144e-05
23087: 4.33125e-05
23088: 4.33107e-05
23089: 4.33088e-05
23090: 4.33069e-05
23091: 4.3305e-05
23092: 4.33032e-05
23093: 4.33013e-05
23094: 4.32994e-05
23095: 4.32975e-05
23096: 4.32957e-05
23097: 4.32938e-05
23098: 4.32919e-05
23099: 4.329e-05
23100: 4.32882e-05
23101: 4.32863e-05
23102: 4.32844e-05
23103: 4.32825e-05
23104: 4.32807e-05
23105: 4.32788e-05
23106: 4.32769e-05
23107: 4.32751e-05
23108: 4.32732e-05
23109: 4.32713e-05
23110: 4.32694e-05
23111: 4.32676e-05
23112: 4.32657e-05
23113: 4.32638e-05
23114: 4.3262e-05
23115: 4.32601e-05
23116: 4.32582e-05
23117: 4.32563e-05
23118: 4.32545e-05
23119: 4.32526e-05
23120: 4.32507e-05
23121: 4.32489e-05
23122: 4.3247e-05
23123: 4.32451e-05
23124: 4.32432e-05
23125: 4.32414e-05
23126: 4.32395e-05
23127: 4.32376e-05
23128: 4.32358e-05
23129: 4.32339e-05
23130: 4.3232e-05
23131: 4.32302e-05
23132: 4.32283e-05
23133: 4.32264e-05
23134: 4.32246e-05
23135: 4.32227e-05
23136: 4.32208e-05
23137: 4.32189e-05
23138: 4.32171e-05
23139: 4.32152e-05
23140: 4.32133e-05
23141: 4.32115e-05
23142: 4.32096e-05
23143: 4.32077e-05
23144: 4.32059e-05
23145: 4.3204e-05
23146: 4.32021e-05
23147: 4.32003e-05
23148: 4.31984e-05
23149: 4.31965e-05
23150: 4.31947e-05
23151: 4.31928e-05
23152: 4.31909e-05
23153: 4.31891e-05
23154: 4.31872e-05
23155: 4.31854e-05
23156: 4.31835e-05
23157: 4.31816e-05
23158: 4.31798e-05
23159: 4.31779e-05
23160: 4.3176e-05
23161: 4.31742e-05
23162: 4.31723e-05
23163: 4.31704e-05
23164: 4.31686e-05
23165: 4.31667e-05
23166: 4.31648e-05
23167: 4.3163e-05
23168: 4.31611e-05
23169: 4.31593e-05
23170: 4.31574e-05
23171: 4.31555e-05
23172: 4.31537e-05
23173: 4.31518e-05
23174: 4.31499e-05
23175: 4.31481e-05
23176: 4.31462e-05
23177: 4.31444e-05
23178: 4.31425e-05
23179: 4.31406e-05
23180: 4.31388e-05
23181: 4.31369e-05
23182: 4.31351e-05
23183: 4.31332e-05
23184: 4.31313e-05
23185: 4.31295e-05
23186: 4.31276e-05
23187: 4.31258e-05
23188: 4.31239e-05
23189: 4.3122e-05
23190: 4.31202e-05
23191: 4.31183e-05
23192: 4.31165e-05
23193: 4.31146e-05
23194: 4.31127e-05
23195: 4.31109e-05
23196: 4.3109e-05
23197: 4.31072e-05
23198: 4.31053e-05
23199: 4.31034e-05
23200: 4.31016e-05
23201: 4.30997e-05
23202: 4.30979e-05
23203: 4.3096e-05
23204: 4.30942e-05
23205: 4.30923e-05
23206: 4.30904e-05
23207: 4.30886e-05
23208: 4.30867e-05
23209: 4.30849e-05
23210: 4.3083e-05
23211: 4.30812e-05
23212: 4.30793e-05
23213: 4.30775e-05
23214: 4.30756e-05
23215: 4.30737e-05
23216: 4.30719e-05
23217: 4.307e-05
23218: 4.30682e-05
23219: 4.30663e-05
23220: 4.30645e-05
23221: 4.30626e-05
23222: 4.30608e-05
23223: 4.30589e-05
23224: 4.30571e-05
23225: 4.30552e-05
23226: 4.30533e-05
23227: 4.30515e-05
23228: 4.30496e-05
23229: 4.30478e-05
23230: 4.30459e-05
23231: 4.30441e-05
23232: 4.30422e-05
23233: 4.30404e-05
23234: 4.30385e-05
23235: 4.30367e-05
23236: 4.30348e-05
23237: 4.3033e-05
23238: 4.30311e-05
23239: 4.30293e-05
23240: 4.30274e-05
23241: 4.30256e-05
23242: 4.30237e-05
23243: 4.30219e-05
23244: 4.302e-05
23245: 4.30182e-05
23246: 4.30163e-05
23247: 4.30145e-05
23248: 4.30126e-05
23249: 4.30108e-05
23250: 4.30089e-05
23251: 4.30071e-05
23252: 4.30052e-05
23253: 4.30034e-05
23254: 4.30015e-05
23255: 4.29997e-05
23256: 4.29978e-05
23257: 4.2996e-05
23258: 4.29941e-05
23259: 4.29923e-05
23260: 4.29904e-05
23261: 4.29886e-05
23262: 4.29867e-05
23263: 4.29849e-05
23264: 4.2983e-05
23265: 4.29812e-05
23266: 4.29793e-05
23267: 4.29775e-05
23268: 4.29756e-05
23269: 4.29738e-05
23270: 4.29719e-05
23271: 4.29701e-05
23272: 4.29682e-05
23273: 4.29664e-05
23274: 4.29646e-05
23275: 4.29627e-05
23276: 4.29609e-05
23277: 4.2959e-05
23278: 4.29572e-05
23279: 4.29553e-05
23280: 4.29535e-05
23281: 4.29516e-05
23282: 4.29498e-05
23283: 4.29479e-05
23284: 4.29461e-05
23285: 4.29443e-05
23286: 4.29424e-05
23287: 4.29406e-05
23288: 4.29387e-05
23289: 4.29369e-05
23290: 4.2935e-05
23291: 4.29332e-05
23292: 4.29314e-05
23293: 4.29295e-05
23294: 4.29277e-05
23295: 4.29258e-05
23296: 4.2924e-05
23297: 4.29221e-05
23298: 4.29203e-05
23299: 4.29185e-05
23300: 4.29166e-05
23301: 4.29148e-05
23302: 4.29129e-05
23303: 4.29111e-05
23304: 4.29092e-05
23305: 4.29074e-05
23306: 4.29056e-05
23307: 4.29037e-05
23308: 4.29019e-05
23309: 4.29e-05
23310: 4.28982e-05
23311: 4.28964e-05
23312: 4.28945e-05
23313: 4.28927e-05
23314: 4.28908e-05
23315: 4.2889e-05
23316: 4.28872e-05
23317: 4.28853e-05
23318: 4.28835e-05
23319: 4.28816e-05
23320: 4.28798e-05
23321: 4.2878e-05
23322: 4.28761e-05
23323: 4.28743e-05
23324: 4.28725e-05
23325: 4.28706e-05
23326: 4.28688e-05
23327: 4.28669e-05
23328: 4.28651e-05
23329: 4.28633e-05
23330: 4.28614e-05
23331: 4.28596e-05
23332: 4.28578e-05
23333: 4.28559e-05
23334: 4.28541e-05
23335: 4.28522e-05
23336: 4.28504e-05
23337: 4.28486e-05
23338: 4.28467e-05
23339: 4.28449e-05
23340: 4.28431e-05
23341: 4.28412e-05
23342: 4.28394e-05
23343: 4.28376e-05
23344: 4.28357e-05
23345: 4.28339e-05
23346: 4.28321e-05
23347: 4.28302e-05
23348: 4.28284e-05
23349: 4.28266e-05
23350: 4.28247e-05
23351: 4.28229e-05
23352: 4.28211e-05
23353: 4.28192e-05
23354: 4.28174e-05
23355: 4.28156e-05
23356: 4.28137e-05
23357: 4.28119e-05
23358: 4.28101e-05
23359: 4.28082e-05
23360: 4.28064e-05
23361: 4.28046e-05
23362: 4.28027e-05
23363: 4.28009e-05
23364: 4.27991e-05
23365: 4.27972e-05
23366: 4.27954e-05
23367: 4.27936e-05
23368: 4.27917e-05
23369: 4.27899e-05
23370: 4.27881e-05
23371: 4.27862e-05
23372: 4.27844e-05
23373: 4.27826e-05
23374: 4.27807e-05
23375: 4.27789e-05
23376: 4.27771e-05
23377: 4.27753e-05
23378: 4.27734e-05
23379: 4.27716e-05
23380: 4.27698e-05
23381: 4.27679e-05
23382: 4.27661e-05
23383: 4.27643e-05
23384: 4.27625e-05
23385: 4.27606e-05
23386: 4.27588e-05
23387: 4.2757e-05
23388: 4.27551e-05
23389: 4.27533e-05
23390: 4.27515e-05
23391: 4.27497e-05
23392: 4.27478e-05
23393: 4.2746e-05
23394: 4.27442e-05
23395: 4.27423e-05
23396: 4.27405e-05
23397: 4.27387e-05
23398: 4.27369e-05
23399: 4.2735e-05
23400: 4.27332e-05
23401: 4.27314e-05
23402: 4.27296e-05
23403: 4.27277e-05
23404: 4.27259e-05
23405: 4.27241e-05
23406: 4.27223e-05
23407: 4.27204e-05
23408: 4.27186e-05
23409: 4.27168e-05
23410: 4.2715e-05
23411: 4.27131e-05
23412: 4.27113e-05
23413: 4.27095e-05
23414: 4.27077e-05
23415: 4.27058e-05
23416: 4.2704e-05
23417: 4.27022e-05
23418: 4.27004e-05
23419: 4.26985e-05
23420: 4.26967e-05
23421: 4.26949e-05
23422: 4.26931e-05
23423: 4.26913e-05
23424: 4.26894e-05
23425: 4.26876e-05
23426: 4.26858e-05
23427: 4.2684e-05
23428: 4.26821e-05
23429: 4.26803e-05
23430: 4.26785e-05
23431: 4.26767e-05
23432: 4.26749e-05
23433: 4.2673e-05
23434: 4.26712e-05
23435: 4.26694e-05
23436: 4.26676e-05
23437: 4.26658e-05
23438: 4.26639e-05
23439: 4.26621e-05
23440: 4.26603e-05
23441: 4.26585e-05
23442: 4.26567e-05
23443: 4.26548e-05
23444: 4.2653e-05
23445: 4.26512e-05
23446: 4.26494e-05
23447: 4.26476e-05
23448: 4.26457e-05
23449: 4.26439e-05
23450: 4.26421e-05
23451: 4.26403e-05
23452: 4.26385e-05
23453: 4.26367e-05
23454: 4.26348e-05
23455: 4.2633e-05
23456: 4.26312e-05
23457: 4.26294e-05
23458: 4.26276e-05
23459: 4.26257e-05
23460: 4.26239e-05
23461: 4.26221e-05
23462: 4.26203e-05
23463: 4.26185e-05
23464: 4.26167e-05
23465: 4.26148e-05
23466: 4.2613e-05
23467: 4.26112e-05
23468: 4.26094e-05
23469: 4.26076e-05
23470: 4.26058e-05
23471: 4.2604e-05
23472: 4.26021e-05
23473: 4.26003e-05
23474: 4.25985e-05
23475: 4.25967e-05
23476: 4.25949e-05
23477: 4.25931e-05
23478: 4.25913e-05
23479: 4.25894e-05
23480: 4.25876e-05
23481: 4.25858e-05
23482: 4.2584e-05
23483: 4.25822e-05
23484: 4.25804e-05
23485: 4.25786e-05
23486: 4.25767e-05
23487: 4.25749e-05
23488: 4.25731e-05
23489: 4.25713e-05
23490: 4.25695e-05
23491: 4.25677e-05
23492: 4.25659e-05
23493: 4.25641e-05
23494: 4.25622e-05
23495: 4.25604e-05
23496: 4.25586e-05
23497: 4.25568e-05
23498: 4.2555e-05
23499: 4.25532e-05
23500: 4.25514e-05
23501: 4.25496e-05
23502: 4.25478e-05
23503: 4.25459e-05
23504: 4.25441e-05
23505: 4.25423e-05
23506: 4.25405e-05
23507: 4.25387e-05
23508: 4.25369e-05
23509: 4.25351e-05
23510: 4.25333e-05
23511: 4.25315e-05
23512: 4.25297e-05
23513: 4.25279e-05
23514: 4.2526e-05
23515: 4.25242e-05
23516: 4.25224e-05
23517: 4.25206e-05
23518: 4.25188e-05
23519: 4.2517e-05
23520: 4.25152e-05
23521: 4.25134e-05
23522: 4.25116e-05
23523: 4.25098e-05
23524: 4.2508e-05
23525: 4.25062e-05
23526: 4.25044e-05
23527: 4.25026e-05
23528: 4.25007e-05
23529: 4.24989e-05
23530: 4.24971e-05
23531: 4.24953e-05
23532: 4.24935e-05
23533: 4.24917e-05
23534: 4.24899e-05
23535: 4.24881e-05
23536: 4.24863e-05
23537: 4.24845e-05
23538: 4.24827e-05
23539: 4.24809e-05
23540: 4.24791e-05
23541: 4.24773e-05
23542: 4.24755e-05
23543: 4.24737e-05
23544: 4.24719e-05
23545: 4.24701e-05
23546: 4.24683e-05
23547: 4.24665e-05
23548: 4.24646e-05
23549: 4.24628e-05
23550: 4.2461e-05
23551: 4.24592e-05
23552: 4.24574e-05
23553: 4.24556e-05
23554: 4.24538e-05
23555: 4.2452e-05
23556: 4.24502e-05
23557: 4.24484e-05
23558: 4.24466e-05
23559: 4.24448e-05
23560: 4.2443e-05
23561: 4.24412e-05
23562: 4.24394e-05
23563: 4.24376e-05
23564: 4.24358e-05
23565: 4.2434e-05
23566: 4.24322e-05
23567: 4.24304e-05
23568: 4.24286e-05
23569: 4.24268e-05
23570: 4.2425e-05
23571: 4.24232e-05
23572: 4.24214e-05
23573: 4.24196e-05
23574: 4.24178e-05
23575: 4.2416e-05
23576: 4.24142e-05
23577: 4.24124e-05
23578: 4.24106e-05
23579: 4.24088e-05
23580: 4.2407e-05
23581: 4.24052e-05
23582: 4.24034e-05
23583: 4.24016e-05
23584: 4.23998e-05
23585: 4.2398e-05
23586: 4.23962e-05
23587: 4.23944e-05
23588: 4.23926e-05
23589: 4.23908e-05
23590: 4.2389e-05
23591: 4.23872e-05
23592: 4.23855e-05
23593: 4.23837e-05
23594: 4.23819e-05
23595: 4.23801e-05
23596: 4.23783e-05
23597: 4.23765e-05
23598: 4.23747e-05
23599: 4.23729e-05
23600: 4.23711e-05
23601: 4.23693e-05
23602: 4.23675e-05
23603: 4.23657e-05
23604: 4.23639e-05
23605: 4.23621e-05
23606: 4.23603e-05
23607: 4.23585e-05
23608: 4.23567e-05
23609: 4.23549e-05
23610: 4.23531e-05
23611: 4.23513e-05
23612: 4.23496e-05
23613: 4.23478e-05
23614: 4.2346e-05
23615: 4.23442e-05
23616: 4.23424e-05
23617: 4.23406e-05
23618: 4.23388e-05
23619: 4.2337e-05
23620: 4.23352e-05
23621: 4.23334e-05
23622: 4.23316e-05
23623: 4.23298e-05
23624: 4.2328e-05
23625: 4.23263e-05
23626: 4.23245e-05
23627: 4.23227e-05
23628: 4.23209e-05
23629: 4.23191e-05
23630: 4.23173e-05
23631: 4.23155e-05
23632: 4.23137e-05
23633: 4.23119e-05
23634: 4.23101e-05
23635: 4.23083e-05
23636: 4.23066e-05
23637: 4.23048e-05
23638: 4.2303e-05
23639: 4.23012e-05
23640: 4.22994e-05
23641: 4.22976e-05
23642: 4.22958e-05
23643: 4.2294e-05
23644: 4.22922e-05
23645: 4.22905e-05
23646: 4.22887e-05
23647: 4.22869e-05
23648: 4.22851e-05
23649: 4.22833e-05
23650: 4.22815e-05
23651: 4.22797e-05
23652: 4.22779e-05
23653: 4.22761e-05
23654: 4.22744e-05
23655: 4.22726e-05
23656: 4.22708e-05
23657: 4.2269e-05
23658: 4.22672e-05
23659: 4.22654e-05
23660: 4.22636e-05
23661: 4.22619e-05
23662: 4.22601e-05
23663: 4.22583e-05
23664: 4.22565e-05
23665: 4.22547e-05
23666: 4.22529e-05
23667: 4.22511e-05
23668: 4.22494e-05
23669: 4.22476e-05
23670: 4.22458e-05
23671: 4.2244e-05
23672: 4.22422e-05
23673: 4.22404e-05
23674: 4.22386e-05
23675: 4.22369e-05
23676: 4.22351e-05
23677: 4.22333e-05
23678: 4.22315e-05
23679: 4.22297e-05
23680: 4.22279e-05
23681: 4.22262e-05
23682: 4.22244e-05
23683: 4.22226e-05
23684: 4.22208e-05
23685: 4.2219e-05
23686: 4.22172e-05
23687: 4.22155e-05
23688: 4.22137e-05
23689: 4.22119e-05
23690: 4.22101e-05
23691: 4.22083e-05
23692: 4.22066e-05
23693: 4.22048e-05
23694: 4.2203e-05
23695: 4.22012e-05
23696: 4.21994e-05
23697: 4.21977e-05
23698: 4.21959e-05
23699: 4.21941e-05
23700: 4.21923e-05
23701: 4.21905e-05
23702: 4.21888e-05
23703: 4.2187e-05
23704: 4.21852e-05
23705: 4.21834e-05
23706: 4.21816e-05
23707: 4.21799e-05
23708: 4.21781e-05
23709: 4.21763e-05
23710: 4.21745e-05
23711: 4.21727e-05
23712: 4.2171e-05
23713: 4.21692e-05
23714: 4.21674e-05
23715: 4.21656e-05
23716: 4.21638e-05
23717: 4.21621e-05
23718: 4.21603e-05
23719: 4.21585e-05
23720: 4.21567e-05
23721: 4.2155e-05
23722: 4.21532e-05
23723: 4.21514e-05
23724: 4.21496e-05
23725: 4.21479e-05
23726: 4.21461e-05
23727: 4.21443e-05
23728: 4.21425e-05
23729: 4.21408e-05
23730: 4.2139e-05
23731: 4.21372e-05
23732: 4.21354e-05
23733: 4.21336e-05
23734: 4.21319e-05
23735: 4.21301e-05
23736: 4.21283e-05
23737: 4.21265e-05
23738: 4.21248e-05
23739: 4.2123e-05
23740: 4.21212e-05
23741: 4.21195e-05
23742: 4.21177e-05
23743: 4.21159e-05
23744: 4.21141e-05
23745: 4.21124e-05
23746: 4.21106e-05
23747: 4.21088e-05
23748: 4.2107e-05
23749: 4.21053e-05
23750: 4.21035e-05
23751: 4.21017e-05
23752: 4.20999e-05
23753: 4.20982e-05
23754: 4.20964e-05
23755: 4.20946e-05
23756: 4.20929e-05
23757: 4.20911e-05
23758: 4.20893e-05
23759: 4.20875e-05
23760: 4.20858e-05
23761: 4.2084e-05
23762: 4.20822e-05
23763: 4.20805e-05
23764: 4.20787e-05
23765: 4.20769e-05
23766: 4.20751e-05
23767: 4.20734e-05
23768: 4.20716e-05
23769: 4.20698e-05
23770: 4.20681e-05
23771: 4.20663e-05
23772: 4.20645e-05
23773: 4.20628e-05
23774: 4.2061e-05
23775: 4.20592e-05
23776: 4.20575e-05
23777: 4.20557e-05
23778: 4.20539e-05
23779: 4.20521e-05
23780: 4.20504e-05
23781: 4.20486e-05
23782: 4.20468e-05
23783: 4.20451e-05
23784: 4.20433e-05
23785: 4.20415e-05
23786: 4.20398e-05
23787: 4.2038e-05
23788: 4.20362e-05
23789: 4.20345e-05
23790: 4.20327e-05
23791: 4.20309e-05
23792: 4.20292e-05
23793: 4.20274e-05
23794: 4.20256e-05
23795: 4.20239e-05
23796: 4.20221e-05
23797: 4.20203e-05
23798: 4.20186e-05
23799: 4.20168e-05
23800: 4.2015e-05
23801: 4.20133e-05
23802: 4.20115e-05
23803: 4.20097e-05
23804: 4.2008e-05
23805: 4.20062e-05
23806: 4.20045e-05
23807: 4.20027e-05
23808: 4.20009e-05
23809: 4.19992e-05
23810: 4.19974e-05
23811: 4.19956e-05
23812: 4.19939e-05
23813: 4.19921e-05
23814: 4.19903e-05
23815: 4.19886e-05
23816: 4.19868e-05
23817: 4.19851e-05
23818: 4.19833e-05
23819: 4.19815e-05
23820: 4.19798e-05
23821: 4.1978e-05
23822: 4.19762e-05
23823: 4.19745e-05
23824: 4.19727e-05
23825: 4.1971e-05
23826: 4.19692e-05
23827: 4.19674e-05
23828: 4.19657e-05
23829: 4.19639e-05
23830: 4.19622e-05
23831: 4.19604e-05
23832: 4.19586e-05
23833: 4.19569e-05
23834: 4.19551e-05
23835: 4.19533e-05
23836: 4.19516e-05
23837: 4.19498e-05
23838: 4.19481e-05
23839: 4.19463e-05
23840: 4.19445e-05
23841: 4.19428e-05
23842: 4.1941e-05
23843: 4.19393e-05
23844: 4.19375e-05
23845: 4.19358e-05
23846: 4.1934e-05
23847: 4.19322e-05
23848: 4.19305e-05
23849: 4.19287e-05
23850: 4.1927e-05
23851: 4.19252e-05
23852: 4.19234e-05
23853: 4.19217e-05
23854: 4.19199e-05
23855: 4.19182e-05
23856: 4.19164e-05
23857: 4.19147e-05
23858: 4.19129e-05
23859: 4.19111e-05
23860: 4.19094e-05
23861: 4.19076e-05
23862: 4.19059e-05
23863: 4.19041e-05
23864: 4.19024e-05
23865: 4.19006e-05
23866: 4.18989e-05
23867: 4.18971e-05
23868: 4.18953e-05
23869: 4.18936e-05
23870: 4.18918e-05
23871: 4.18901e-05
23872: 4.18883e-05
23873: 4.18866e-05
23874: 4.18848e-05
23875: 4.18831e-05
23876: 4.18813e-05
23877: 4.18796e-05
23878: 4.18778e-05
23879: 4.1876e-05
23880: 4.18743e-05
23881: 4.18725e-05
23882: 4.18708e-05
23883: 4.1869e-05
23884: 4.18673e-05
23885: 4.18655e-05
23886: 4.18638e-05
23887: 4.1862e-05
23888: 4.18603e-05
23889: 4.18585e-05
23890: 4.18568e-05
23891: 4.1855e-05
23892: 4.18533e-05
23893: 4.18515e-05
23894: 4.18498e-05
23895: 4.1848e-05
23896: 4.18463e-05
23897: 4.18445e-05
23898: 4.18428e-05
23899: 4.1841e-05
23900: 4.18393e-05
23901: 4.18375e-05
23902: 4.18358e-05
23903: 4.1834e-05
23904: 4.18323e-05
23905: 4.18305e-05
23906: 4.18288e-05
23907: 4.1827e-05
23908: 4.18253e-05
23909: 4.18235e-05
23910: 4.18218e-05
23911: 4.182e-05
23912: 4.18183e-05
23913: 4.18165e-05
23914: 4.18148e-05
23915: 4.1813e-05
23916: 4.18113e-05
23917: 4.18095e-05
23918: 4.18078e-05
23919: 4.1806e-05
23920: 4.18043e-05
23921: 4.18025e-05
23922: 4.18008e-05
23923: 4.1799e-05
23924: 4.17973e-05
23925: 4.17955e-05
23926: 4.17938e-05
23927: 4.1792e-05
23928: 4.17903e-05
23929: 4.17885e-05
23930: 4.17868e-05
23931: 4.17851e-05
23932: 4.17833e-05
23933: 4.17816e-05
23934: 4.17798e-05
23935: 4.17781e-05
23936: 4.17763e-05
23937: 4.17746e-05
23938: 4.17728e-05
23939: 4.17711e-05
23940: 4.17693e-05
23941: 4.17676e-05
23942: 4.17659e-05
23943: 4.17641e-05
23944: 4.17624e-05
23945: 4.17606e-05
23946: 4.17589e-05
23947: 4.17571e-05
23948: 4.17554e-05
23949: 4.17537e-05
23950: 4.17519e-05
23951: 4.17502e-05
23952: 4.17484e-05
23953: 4.17467e-05
23954: 4.17449e-05
23955: 4.17432e-05
23956: 4.17415e-05
23957: 4.17397e-05
23958: 4.1738e-05
23959: 4.17362e-05
23960: 4.17345e-05
23961: 4.17327e-05
23962: 4.1731e-05
23963: 4.17293e-05
23964: 4.17275e-05
23965: 4.17258e-05
23966: 4.1724e-05
23967: 4.17223e-05
23968: 4.17206e-05
23969: 4.17188e-05
23970: 4.17171e-05
23971: 4.17153e-05
23972: 4.17136e-05
23973: 4.17119e-05
23974: 4.17101e-05
23975: 4.17084e-05
23976: 4.17066e-05
23977: 4.17049e-05
23978: 4.17032e-05
23979: 4.17014e-05
23980: 4.16997e-05
23981: 4.16979e-05
23982: 4.16962e-05
23983: 4.16945e-05
23984: 4.16927e-05
23985: 4.1691e-05
23986: 4.16892e-05
23987: 4.16875e-05
23988: 4.16858e-05
23989: 4.1684e-05
23990: 4.16823e-05
23991: 4.16806e-05
23992: 4.16788e-05
23993: 4.16771e-05
23994: 4.16753e-05
23995: 4.16736e-05
23996: 4.16719e-05
23997: 4.16701e-05
23998: 4.16684e-05
23999: 4.16667e-05
24000: 4.16649e-05
24001: 4.16632e-05
24002: 4.16615e-05
24003: 4.16597e-05
24004: 4.1658e-05
24005: 4.16563e-05
24006: 4.16545e-05
24007: 4.16528e-05
24008: 4.1651e-05
24009: 4.16493e-05
24010: 4.16476e-05
24011: 4.16458e-05
24012: 4.16441e-05
24013: 4.16424e-05
24014: 4.16406e-05
24015: 4.16389e-05
24016: 4.16372e-05
24017: 4.16354e-05
24018: 4.16337e-05
24019: 4.1632e-05
24020: 4.16302e-05
24021: 4.16285e-05
24022: 4.16268e-05
24023: 4.1625e-05
24024: 4.16233e-05
24025: 4.16216e-05
24026: 4.16198e-05
24027: 4.16181e-05
24028: 4.16164e-05
24029: 4.16146e-05
24030: 4.16129e-05
24031: 4.16112e-05
24032: 4.16095e-05
24033: 4.16077e-05
24034: 4.1606e-05
24035: 4.16043e-05
24036: 4.16025e-05
24037: 4.16008e-05
24038: 4.15991e-05
24039: 4.15973e-05
24040: 4.15956e-05
24041: 4.15939e-05
24042: 4.15921e-05
24043: 4.15904e-05
24044: 4.15887e-05
24045: 4.1587e-05
24046: 4.15852e-05
24047: 4.15835e-05
24048: 4.15818e-05
24049: 4.158e-05
24050: 4.15783e-05
24051: 4.15766e-05
24052: 4.15749e-05
24053: 4.15731e-05
24054: 4.15714e-05
24055: 4.15697e-05
24056: 4.15679e-05
24057: 4.15662e-05
24058: 4.15645e-05
24059: 4.15628e-05
24060: 4.1561e-05
24061: 4.15593e-05
24062: 4.15576e-05
24063: 4.15559e-05
24064: 4.15541e-05
24065: 4.15524e-05
24066: 4.15507e-05
24067: 4.15489e-05
24068: 4.15472e-05
24069: 4.15455e-05
24070: 4.15438e-05
24071: 4.1542e-05
24072: 4.15403e-05
24073: 4.15386e-05
24074: 4.15369e-05
24075: 4.15351e-05
24076: 4.15334e-05
24077: 4.15317e-05
24078: 4.153e-05
24079: 4.15282e-05
24080: 4.15265e-05
24081: 4.15248e-05
24082: 4.15231e-05
24083: 4.15213e-05
24084: 4.15196e-05
24085: 4.15179e-05
24086: 4.15162e-05
24087: 4.15144e-05
24088: 4.15127e-05
24089: 4.1511e-05
24090: 4.15093e-05
24091: 4.15076e-05
24092: 4.15058e-05
24093: 4.15041e-05
24094: 4.15024e-05
24095: 4.15007e-05
24096: 4.14989e-05
24097: 4.14972e-05
24098: 4.14955e-05
24099: 4.14938e-05
24100: 4.14921e-05
24101: 4.14903e-05
24102: 4.14886e-05
24103: 4.14869e-05
24104: 4.14852e-05
24105: 4.14834e-05
24106: 4.14817e-05
24107: 4.148e-05
24108: 4.14783e-05
24109: 4.14766e-05
24110: 4.14748e-05
24111: 4.14731e-05
24112: 4.14714e-05
24113: 4.14697e-05
24114: 4.1468e-05
24115: 4.14662e-05
24116: 4.14645e-05
24117: 4.14628e-05
24118: 4.14611e-05
24119: 4.14594e-05
24120: 4.14577e-05
24121: 4.14559e-05
24122: 4.14542e-05
24123: 4.14525e-05
24124: 4.14508e-05
24125: 4.14491e-05
24126: 4.14473e-05
24127: 4.14456e-05
24128: 4.14439e-05
24129: 4.14422e-05
24130: 4.14405e-05
24131: 4.14388e-05
24132: 4.1437e-05
24133: 4.14353e-05
24134: 4.14336e-05
24135: 4.14319e-05
24136: 4.14302e-05
24137: 4.14285e-05
24138: 4.14267e-05
24139: 4.1425e-05
24140: 4.14233e-05
24141: 4.14216e-05
24142: 4.14199e-05
24143: 4.14182e-05
24144: 4.14164e-05
24145: 4.14147e-05
24146: 4.1413e-05
24147: 4.14113e-05
24148: 4.14096e-05
24149: 4.14079e-05
24150: 4.14062e-05
24151: 4.14044e-05
24152: 4.14027e-05
24153: 4.1401e-05
24154: 4.13993e-05
24155: 4.13976e-05
24156: 4.13959e-05
24157: 4.13942e-05
24158: 4.13924e-05
24159: 4.13907e-05
24160: 4.1389e-05
24161: 4.13873e-05
24162: 4.13856e-05
24163: 4.13839e-05
24164: 4.13822e-05
24165: 4.13805e-05
24166: 4.13787e-05
24167: 4.1377e-05
24168: 4.13753e-05
24169: 4.13736e-05
24170: 4.13719e-05
24171: 4.13702e-05
24172: 4.13685e-05
24173: 4.13668e-05
24174: 4.1365e-05
24175: 4.13633e-05
24176: 4.13616e-05
24177: 4.13599e-05
24178: 4.13582e-05
24179: 4.13565e-05
24180: 4.13548e-05
24181: 4.13531e-05
24182: 4.13514e-05
24183: 4.13497e-05
24184: 4.13479e-05
24185: 4.13462e-05
24186: 4.13445e-05
24187: 4.13428e-05
24188: 4.13411e-05
24189: 4.13394e-05
24190: 4.13377e-05
24191: 4.1336e-05
24192: 4.13343e-05
24193: 4.13326e-05
24194: 4.13309e-05
24195: 4.13291e-05
24196: 4.13274e-05
24197: 4.13257e-05
24198: 4.1324e-05
24199: 4.13223e-05
24200: 4.13206e-05
24201: 4.13189e-05
24202: 4.13172e-05
24203: 4.13155e-05
24204: 4.13138e-05
24205: 4.13121e-05
24206: 4.13104e-05
24207: 4.13087e-05
24208: 4.1307e-05
24209: 4.13052e-05
24210: 4.13035e-05
24211: 4.13018e-05
24212: 4.13001e-05
24213: 4.12984e-05
24214: 4.12967e-05
24215: 4.1295e-05
24216: 4.12933e-05
24217: 4.12916e-05
24218: 4.12899e-05
24219: 4.12882e-05
24220: 4.12865e-05
24221: 4.12848e-05
24222: 4.12831e-05
24223: 4.12814e-05
24224: 4.12797e-05
24225: 4.1278e-05
24226: 4.12763e-05
24227: 4.12746e-05
24228: 4.12729e-05
24229: 4.12712e-05
24230: 4.12694e-05
24231: 4.12677e-05
24232: 4.1266e-05
24233: 4.12643e-05
24234: 4.12626e-05
24235: 4.12609e-05
24236: 4.12592e-05
24237: 4.12575e-05
24238: 4.12558e-05
24239: 4.12541e-05
24240: 4.12524e-05
24241: 4.12507e-05
24242: 4.1249e-05
24243: 4.12473e-05
24244: 4.12456e-05
24245: 4.12439e-05
24246: 4.12422e-05
24247: 4.12405e-05
24248: 4.12388e-05
24249: 4.12371e-05
24250: 4.12354e-05
24251: 4.12337e-05
24252: 4.1232e-05
24253: 4.12303e-05
24254: 4.12286e-05
24255: 4.12269e-05
24256: 4.12252e-05
24257: 4.12235e-05
24258: 4.12218e-05
24259: 4.12201e-05
24260: 4.12184e-05
24261: 4.12167e-05
24262: 4.1215e-05
24263: 4.12133e-05
24264: 4.12116e-05
24265: 4.12099e-05
24266: 4.12082e-05
24267: 4.12065e-05
24268: 4.12048e-05
24269: 4.12031e-05
24270: 4.12014e-05
24271: 4.11997e-05
24272: 4.1198e-05
24273: 4.11963e-05
24274: 4.11946e-05
24275: 4.11929e-05
24276: 4.11913e-05
24277: 4.11896e-05
24278: 4.11879e-05
24279: 4.11862e-05
24280: 4.11845e-05
24281: 4.11828e-05
24282: 4.11811e-05
24283: 4.11794e-05
24284: 4.11777e-05
24285: 4.1176e-05
24286: 4.11743e-05
24287: 4.11726e-05
24288: 4.11709e-05
24289: 4.11692e-05
24290: 4.11675e-05
24291: 4.11658e-05
24292: 4.11641e-05
24293: 4.11624e-05
24294: 4.11607e-05
24295: 4.1159e-05
24296: 4.11573e-05
24297: 4.11557e-05
24298: 4.1154e-05
24299: 4.11523e-05
24300: 4.11506e-05
24301: 4.11489e-05
24302: 4.11472e-05
24303: 4.11455e-05
24304: 4.11438e-05
24305: 4.11421e-05
24306: 4.11404e-05
24307: 4.11387e-05
24308: 4.1137e-05
24309: 4.11353e-05
24310: 4.11336e-05
24311: 4.1132e-05
24312: 4.11303e-05
24313: 4.11286e-05
24314: 4.11269e-05
24315: 4.11252e-05
24316: 4.11235e-05
24317: 4.11218e-05
24318: 4.11201e-05
24319: 4.11184e-05
24320: 4.11167e-05
24321: 4.1115e-05
24322: 4.11133e-05
24323: 4.11117e-05
24324: 4.111e-05
24325: 4.11083e-05
24326: 4.11066e-05
24327: 4.11049e-05
24328: 4.11032e-05
24329: 4.11015e-05
24330: 4.10998e-05
24331: 4.10981e-05
24332: 4.10965e-05
24333: 4.10948e-05
24334: 4.10931e-05
24335: 4.10914e-05
24336: 4.10897e-05
24337: 4.1088e-05
24338: 4.10863e-05
24339: 4.10846e-05
24340: 4.10829e-05
24341: 4.10813e-05
24342: 4.10796e-05
24343: 4.10779e-05
24344: 4.10762e-05
24345: 4.10745e-05
24346: 4.10728e-05
24347: 4.10711e-05
24348: 4.10694e-05
24349: 4.10678e-05
24350: 4.10661e-05
24351: 4.10644e-05
24352: 4.10627e-05
24353: 4.1061e-05
24354: 4.10593e-05
24355: 4.10576e-05
24356: 4.1056e-05
24357: 4.10543e-05
24358: 4.10526e-05
24359: 4.10509e-05
24360: 4.10492e-05
24361: 4.10475e-05
24362: 4.10458e-05
24363: 4.10442e-05
24364: 4.10425e-05
24365: 4.10408e-05
24366: 4.10391e-05
24367: 4.10374e-05
24368: 4.10357e-05
24369: 4.10341e-05
24370: 4.10324e-05
24371: 4.10307e-05
24372: 4.1029e-05
24373: 4.10273e-05
24374: 4.10256e-05
24375: 4.1024e-05
24376: 4.10223e-05
24377: 4.10206e-05
24378: 4.10189e-05
24379: 4.10172e-05
24380: 4.10155e-05
24381: 4.10139e-05
24382: 4.10122e-05
24383: 4.10105e-05
24384: 4.10088e-05
24385: 4.10071e-05
24386: 4.10055e-05
24387: 4.10038e-05
24388: 4.10021e-05
24389: 4.10004e-05
24390: 4.09987e-05
24391: 4.0997e-05
24392: 4.09954e-05
24393: 4.09937e-05
24394: 4.0992e-05
24395: 4.09903e-05
24396: 4.09886e-05
24397: 4.0987e-05
24398: 4.09853e-05
24399: 4.09836e-05
24400: 4.09819e-05
24401: 4.09802e-05
24402: 4.09786e-05
24403: 4.09769e-05
24404: 4.09752e-05
24405: 4.09735e-05
24406: 4.09719e-05
24407: 4.09702e-05
24408: 4.09685e-05
24409: 4.09668e-05
24410: 4.09651e-05
24411: 4.09635e-05
24412: 4.09618e-05
24413: 4.09601e-05
24414: 4.09584e-05
24415: 4.09567e-05
24416: 4.09551e-05
24417: 4.09534e-05
24418: 4.09517e-05
24419: 4.095e-05
24420: 4.09484e-05
24421: 4.09467e-05
24422: 4.0945e-05
24423: 4.09433e-05
24424: 4.09417e-05
24425: 4.094e-05
24426: 4.09383e-05
24427: 4.09366e-05
24428: 4.0935e-05
24429: 4.09333e-05
24430: 4.09316e-05
24431: 4.09299e-05
24432: 4.09283e-05
24433: 4.09266e-05
24434: 4.09249e-05
24435: 4.09232e-05
24436: 4.09216e-05
24437: 4.09199e-05
24438: 4.09182e-05
24439: 4.09165e-05
24440: 4.09149e-05
24441: 4.09132e-05
24442: 4.09115e-05
24443: 4.09098e-05
24444: 4.09082e-05
24445: 4.09065e-05
24446: 4.09048e-05
24447: 4.09031e-05
24448: 4.09015e-05
24449: 4.08998e-05
24450: 4.08981e-05
24451: 4.08965e-05
24452: 4.08948e-05
24453: 4.08931e-05
24454: 4.08914e-05
24455: 4.08898e-05
24456: 4.08881e-05
24457: 4.08864e-05
24458: 4.08847e-05
24459: 4.08831e-05
24460: 4.08814e-05
24461: 4.08797e-05
24462: 4.08781e-05
24463: 4.08764e-05
24464: 4.08747e-05
24465: 4.0873e-05
24466: 4.08714e-05
24467: 4.08697e-05
24468: 4.0868e-05
24469: 4.08664e-05
24470: 4.08647e-05
24471: 4.0863e-05
24472: 4.08614e-05
24473: 4.08597e-05
24474: 4.0858e-05
24475: 4.08563e-05
24476: 4.08547e-05
24477: 4.0853e-05
24478: 4.08513e-05
24479: 4.08497e-05
24480: 4.0848e-05
24481: 4.08463e-05
24482: 4.08447e-05
24483: 4.0843e-05
24484: 4.08413e-05
24485: 4.08397e-05
24486: 4.0838e-05
24487: 4.08363e-05
24488: 4.08347e-05
24489: 4.0833e-05
24490: 4.08313e-05
24491: 4.08297e-05
24492: 4.0828e-05
24493: 4.08263e-05
24494: 4.08247e-05
24495: 4.0823e-05
24496: 4.08213e-05
24497: 4.08197e-05
24498: 4.0818e-05
24499: 4.08163e-05
24500: 4.08147e-05
24501: 4.0813e-05
24502: 4.08113e-05
24503: 4.08097e-05
24504: 4.0808e-05
24505: 4.08063e-05
24506: 4.08047e-05
24507: 4.0803e-05
24508: 4.08013e-05
24509: 4.07997e-05
24510: 4.0798e-05
24511: 4.07963e-05
24512: 4.07947e-05
24513: 4.0793e-05
24514: 4.07914e-05
24515: 4.07897e-05
24516: 4.0788e-05
24517: 4.07864e-05
24518: 4.07847e-05
24519: 4.0783e-05
24520: 4.07814e-05
24521: 4.07797e-05
24522: 4.0778e-05
24523: 4.07764e-05
24524: 4.07747e-05
24525: 4.07731e-05
24526: 4.07714e-05
24527: 4.07697e-05
24528: 4.07681e-05
24529: 4.07664e-05
24530: 4.07647e-05
24531: 4.07631e-05
24532: 4.07614e-05
24533: 4.07598e-05
24534: 4.07581e-05
24535: 4.07564e-05
24536: 4.07548e-05
24537: 4.07531e-05
24538: 4.07515e-05
24539: 4.07498e-05
24540: 4.07481e-05
24541: 4.07465e-05
24542: 4.07448e-05
24543: 4.07432e-05
24544: 4.07415e-05
24545: 4.07398e-05
24546: 4.07382e-05
24547: 4.07365e-05
24548: 4.07349e-05
24549: 4.07332e-05
24550: 4.07315e-05
24551: 4.07299e-05
24552: 4.07282e-05
24553: 4.07266e-05
24554: 4.07249e-05
24555: 4.07232e-05
24556: 4.07216e-05
24557: 4.07199e-05
24558: 4.07183e-05
24559: 4.07166e-05
24560: 4.0715e-05
24561: 4.07133e-05
24562: 4.07116e-05
24563: 4.071e-05
24564: 4.07083e-05
24565: 4.07067e-05
24566: 4.0705e-05
24567: 4.07034e-05
24568: 4.07017e-05
24569: 4.07e-05
24570: 4.06984e-05
24571: 4.06967e-05
24572: 4.06951e-05
24573: 4.06934e-05
24574: 4.06918e-05
24575: 4.06901e-05
24576: 4.06884e-05
24577: 4.06868e-05
24578: 4.06851e-05
24579: 4.06835e-05
24580: 4.06818e-05
24581: 4.06802e-05
24582: 4.06785e-05
24583: 4.06769e-05
24584: 4.06752e-05
24585: 4.06736e-05
24586: 4.06719e-05
24587: 4.06702e-05
24588: 4.06686e-05
24589: 4.06669e-05
24590: 4.06653e-05
24591: 4.06636e-05
24592: 4.0662e-05
24593: 4.06603e-05
24594: 4.06587e-05
24595: 4.0657e-05
24596: 4.06554e-05
24597: 4.06537e-05
24598: 4.06521e-05
24599: 4.06504e-05
24600: 4.06488e-05
24601: 4.06471e-05
24602: 4.06454e-05
24603: 4.06438e-05
24604: 4.06421e-05
24605: 4.06405e-05
24606: 4.06388e-05
24607: 4.06372e-05
24608: 4.06355e-05
24609: 4.06339e-05
24610: 4.06322e-05
24611: 4.06306e-05
24612: 4.06289e-05
24613: 4.06273e-05
24614: 4.06256e-05
24615: 4.0624e-05
24616: 4.06223e-05
24617: 4.06207e-05
24618: 4.0619e-05
24619: 4.06174e-05
24620: 4.06157e-05
24621: 4.06141e-05
24622: 4.06124e-05
24623: 4.06108e-05
24624: 4.06091e-05
24625: 4.06075e-05
24626: 4.06058e-05
24627: 4.06042e-05
24628: 4.06025e-05
24629: 4.06009e-05
24630: 4.05992e-05
24631: 4.05976e-05
24632: 4.05959e-05
24633: 4.05943e-05
24634: 4.05927e-05
24635: 4.0591e-05
24636: 4.05894e-05
24637: 4.05877e-05
24638: 4.05861e-05
24639: 4.05844e-05
24640: 4.05828e-05
24641: 4.05811e-05
24642: 4.05795e-05
24643: 4.05778e-05
24644: 4.05762e-05
24645: 4.05745e-05
24646: 4.05729e-05
24647: 4.05712e-05
24648: 4.05696e-05
24649: 4.0568e-05
24650: 4.05663e-05
24651: 4.05647e-05
24652: 4.0563e-05
24653: 4.05614e-05
24654: 4.05597e-05
24655: 4.05581e-05
24656: 4.05564e-05
24657: 4.05548e-05
24658: 4.05531e-05
24659: 4.05515e-05
24660: 4.05499e-05
24661: 4.05482e-05
24662: 4.05466e-05
24663: 4.05449e-05
24664: 4.05433e-05
24665: 4.05416e-05
24666: 4.054e-05
24667: 4.05383e-05
24668: 4.05367e-05
24669: 4.05351e-05
24670: 4.05334e-05
24671: 4.05318e-05
24672: 4.05301e-05
24673: 4.05285e-05
24674: 4.05268e-05
24675: 4.05252e-05
24676: 4.05236e-05
24677: 4.05219e-05
24678: 4.05203e-05
24679: 4.05186e-05
24680: 4.0517e-05
24681: 4.05154e-05
24682: 4.05137e-05
24683: 4.05121e-05
24684: 4.05104e-05
24685: 4.05088e-05
24686: 4.05071e-05
24687: 4.05055e-05
24688: 4.05039e-05
24689: 4.05022e-05
24690: 4.05006e-05
24691: 4.04989e-05
24692: 4.04973e-05
24693: 4.04957e-05
24694: 4.0494e-05
24695: 4.04924e-05
24696: 4.04907e-05
24697: 4.04891e-05
24698: 4.04875e-05
24699: 4.04858e-05
24700: 4.04842e-05
24701: 4.04826e-05
24702: 4.04809e-05
24703: 4.04793e-05
24704: 4.04776e-05
24705: 4.0476e-05
24706: 4.04744e-05
24707: 4.04727e-05
24708: 4.04711e-05
24709: 4.04694e-05
24710: 4.04678e-05
24711: 4.04662e-05
24712: 4.04645e-05
24713: 4.04629e-05
24714: 4.04613e-05
24715: 4.04596e-05
24716: 4.0458e-05
24717: 4.04563e-05
24718: 4.04547e-05
24719: 4.04531e-05
24720: 4.04514e-05
24721: 4.04498e-05
24722: 4.04482e-05
24723: 4.04465e-05
24724: 4.04449e-05
24725: 4.04433e-05
24726: 4.04416e-05
24727: 4.044e-05
24728: 4.04384e-05
24729: 4.04367e-05
24730: 4.04351e-05
24731: 4.04334e-05
24732: 4.04318e-05
24733: 4.04302e-05
24734: 4.04285e-05
24735: 4.04269e-05
24736: 4.04253e-05
24737: 4.04236e-05
24738: 4.0422e-05
24739: 4.04204e-05
24740: 4.04187e-05
24741: 4.04171e-05
24742: 4.04155e-05
24743: 4.04138e-05
24744: 4.04122e-05
24745: 4.04106e-05
24746: 4.04089e-05
24747: 4.04073e-05
24748: 4.04057e-05
24749: 4.0404e-05
24750: 4.04024e-05
24751: 4.04008e-05
24752: 4.03991e-05
24753: 4.03975e-05
24754: 4.03959e-05
24755: 4.03942e-05
24756: 4.03926e-05
24757: 4.0391e-05
24758: 4.03894e-05
24759: 4.03877e-05
24760: 4.03861e-05
24761: 4.03845e-05
24762: 4.03828e-05
24763: 4.03812e-05
24764: 4.03796e-05
24765: 4.03779e-05
24766: 4.03763e-05
24767: 4.03747e-05
24768: 4.0373e-05
24769: 4.03714e-05
24770: 4.03698e-05
24771: 4.03682e-05
24772: 4.03665e-05
24773: 4.03649e-05
24774: 4.03633e-05
24775: 4.03616e-05
24776: 4.036e-05
24777: 4.03584e-05
24778: 4.03568e-05
24779: 4.03551e-05
24780: 4.03535e-05
24781: 4.03519e-05
24782: 4.03502e-05
24783: 4.03486e-05
24784: 4.0347e-05
24785: 4.03454e-05
24786: 4.03437e-05
24787: 4.03421e-05
24788: 4.03405e-05
24789: 4.03388e-05
24790: 4.03372e-05
24791: 4.03356e-05
24792: 4.0334e-05
24793: 4.03323e-05
24794: 4.03307e-05
24795: 4.03291e-05
24796: 4.03275e-05
24797: 4.03258e-05
24798: 4.03242e-05
24799: 4.03226e-05
24800: 4.0321e-05
24801: 4.03193e-05
24802: 4.03177e-05
24803: 4.03161e-05
24804: 4.03145e-05
24805: 4.03128e-05
24806: 4.03112e-05
24807: 4.03096e-05
24808: 4.0308e-05
24809: 4.03063e-05
24810: 4.03047e-05
24811: 4.03031e-05
24812: 4.03015e-05
24813: 4.02998e-05
24814: 4.02982e-05
24815: 4.02966e-05
24816: 4.0295e-05
24817: 4.02933e-05
24818: 4.02917e-05
24819: 4.02901e-05
24820: 4.02885e-05
24821: 4.02868e-05
24822: 4.02852e-05
24823: 4.02836e-05
24824: 4.0282e-05
24825: 4.02804e-05
24826: 4.02787e-05
24827: 4.02771e-05
24828: 4.02755e-05
24829: 4.02739e-05
24830: 4.02722e-05
24831: 4.02706e-05
24832: 4.0269e-05
24833: 4.02674e-05
24834: 4.02658e-05
24835: 4.02641e-05
24836: 4.02625e-05
24837: 4.02609e-05
24838: 4.02593e-05
24839: 4.02576e-05
24840: 4.0256e-05
24841: 4.02544e-05
24842: 4.02528e-05
24843: 4.02512e-05
24844: 4.02495e-05
24845: 4.02479e-05
24846: 4.02463e-05
24847: 4.02447e-05
24848: 4.02431e-05
24849: 4.02414e-05
24850: 4.02398e-05
24851: 4.02382e-05
24852: 4.02366e-05
24853: 4.0235e-05
24854: 4.02334e-05
24855: 4.02317e-05
24856: 4.02301e-05
24857: 4.02285e-05
24858: 4.02269e-05
24859: 4.02253e-05
24860: 4.02236e-05
24861: 4.0222e-05
24862: 4.02204e-05
24863: 4.02188e-05
24864: 4.02172e-05
24865: 4.02156e-05
24866: 4.02139e-05
24867: 4.02123e-05
24868: 4.02107e-05
24869: 4.02091e-05
24870: 4.02075e-05
24871: 4.02059e-05
24872: 4.02042e-05
24873: 4.02026e-05
24874: 4.0201e-05
24875: 4.01994e-05
24876: 4.01978e-05
24877: 4.01962e-05
24878: 4.01945e-05
24879: 4.01929e-05
24880: 4.01913e-05
24881: 4.01897e-05
24882: 4.01881e-05
24883: 4.01865e-05
24884: 4.01849e-05
24885: 4.01832e-05
24886: 4.01816e-05
24887: 4.018e-05
24888: 4.01784e-05
24889: 4.01768e-05
24890: 4.01752e-05
24891: 4.01735e-05
24892: 4.01719e-05
24893: 4.01703e-05
24894: 4.01687e-05
24895: 4.01671e-05
24896: 4.01655e-05
24897: 4.01639e-05
24898: 4.01623e-05
24899: 4.01606e-05
24900: 4.0159e-05
24901: 4.01574e-05
24902: 4.01558e-05
24903: 4.01542e-05
24904: 4.01526e-05
24905: 4.0151e-05
24906: 4.01494e-05
24907: 4.01477e-05
24908: 4.01461e-05
24909: 4.01445e-05
24910: 4.01429e-05
24911: 4.01413e-05
24912: 4.01397e-05
24913: 4.01381e-05
24914: 4.01365e-05
24915: 4.01349e-05
24916: 4.01332e-05
24917: 4.01316e-05
24918: 4.013e-05
24919: 4.01284e-05
24920: 4.01268e-05
24921: 4.01252e-05
24922: 4.01236e-05
24923: 4.0122e-05
24924: 4.01204e-05
24925: 4.01188e-05
24926: 4.01171e-05
24927: 4.01155e-05
24928: 4.01139e-05
24929: 4.01123e-05
24930: 4.01107e-05
24931: 4.01091e-05
24932: 4.01075e-05
24933: 4.01059e-05
24934: 4.01043e-05
24935: 4.01027e-05
24936: 4.01011e-05
24937: 4.00994e-05
24938: 4.00978e-05
24939: 4.00962e-05
24940: 4.00946e-05
24941: 4.0093e-05
24942: 4.00914e-05
24943: 4.00898e-05
24944: 4.00882e-05
24945: 4.00866e-05
24946: 4.0085e-05
24947: 4.00834e-05
24948: 4.00818e-05
24949: 4.00802e-05
24950: 4.00786e-05
24951: 4.00769e-05
24952: 4.00753e-05
24953: 4.00737e-05
24954: 4.00721e-05
24955: 4.00705e-05
24956: 4.00689e-05
24957: 4.00673e-05
24958: 4.00657e-05
24959: 4.00641e-05
24960: 4.00625e-05
24961: 4.00609e-05
24962: 4.00593e-05
24963: 4.00577e-05
24964: 4.00561e-05
24965: 4.00545e-05
24966: 4.00529e-05
24967: 4.00513e-05
24968: 4.00497e-05
24969: 4.00481e-05
24970: 4.00465e-05
24971: 4.00449e-05
24972: 4.00432e-05
24973: 4.00416e-05
24974: 4.004e-05
24975: 4.00384e-05
24976: 4.00368e-05
24977: 4.00352e-05
24978: 4.00336e-05
24979: 4.0032e-05
24980: 4.00304e-05
24981: 4.00288e-05
24982: 4.00272e-05
24983: 4.00256e-05
24984: 4.0024e-05
24985: 4.00224e-05
24986: 4.00208e-05
24987: 4.00192e-05
24988: 4.00176e-05
24989: 4.0016e-05
24990: 4.00144e-05
24991: 4.00128e-05
24992: 4.00112e-05
24993: 4.00096e-05
24994: 4.0008e-05
24995: 4.00064e-05
24996: 4.00048e-05
24997: 4.00032e-05
24998: 4.00016e-05
24999: 4e-05
25000: 3.99984e-05
25001: 3.99968e-05
25002: 3.99952e-05
25003: 3.99936e-05
25004: 3.9992e-05
25005: 3.99904e-05
25006: 3.99888e-05
25007: 3.99872e-05
25008: 3.99856e-05
25009: 3.9984e-05
25010: 3.99824e-05
25011: 3.99808e-05
25012: 3.99792e-05
25013: 3.99776e-05
25014: 3.9976e-05
25015: 3.99744e-05
25016: 3.99728e-05
25017: 3.99712e-05
25018: 3.99696e-05
25019: 3.9968e-05
25020: 3.99664e-05
25021: 3.99648e-05
25022: 3.99632e-05
25023: 3.99616e-05
25024: 3.996e-05
25025: 3.99584e-05
25026: 3.99568e-05
25027: 3.99553e-05
25028: 3.99537e-05
25029: 3.99521e-05
25030: 3.99505e-05
25031: 3.99489e-05
25032: 3.99473e-05
25033: 3.99457e-05
25034: 3.99441e-05
25035: 3.99425e-05
25036: 3.99409e-05
25037: 3.99393e-05
25038: 3.99377e-05
25039: 3.99361e-05
25040: 3.99345e-05
25041: 3.99329e-05
25042: 3.99313e-05
25043: 3.99297e-05
25044: 3.99281e-05
25045: 3.99265e-05
25046: 3.99249e-05
25047: 3.99233e-05
25048: 3.99218e-05
25049: 3.99202e-05
25050: 3.99186e-05
25051: 3.9917e-05
25052: 3.99154e-05
25053: 3.99138e-05
25054: 3.99122e-05
25055: 3.99106e-05
25056: 3.9909e-05
25057: 3.99074e-05
25058: 3.99058e-05
25059: 3.99042e-05
25060: 3.99026e-05
25061: 3.9901e-05
25062: 3.98995e-05
25063: 3.98979e-05
25064: 3.98963e-05
25065: 3.98947e-05
25066: 3.98931e-05
25067: 3.98915e-05
25068: 3.98899e-05
25069: 3.98883e-05
25070: 3.98867e-05
25071: 3.98851e-05
25072: 3.98835e-05
25073: 3.98819e-05
25074: 3.98804e-05
25075: 3.98788e-05
25076: 3.98772e-05
25077: 3.98756e-05
25078: 3.9874e-05
25079: 3.98724e-05
25080: 3.98708e-05
25081: 3.98692e-05
25082: 3.98676e-05
25083: 3.98661e-05
25084: 3.98645e-05
25085: 3.98629e-05
25086: 3.98613e-05
25087: 3.98597e-05
25088: 3.98581e-05
25089: 3.98565e-05
25090: 3.98549e-05
25091: 3.98533e-05
25092: 3.98518e-05
25093: 3.98502e-05
25094: 3.98486e-05
25095: 3.9847e-05
25096: 3.98454e-05
25097: 3.98438e-05
25098: 3.98422e-05
25099: 3.98406e-05
25100: 3.98391e-05
25101: 3.98375e-05
25102: 3.98359e-05
25103: 3.98343e-05
25104: 3.98327e-05
25105: 3.98311e-05
25106: 3.98295e-05
25107: 3.98279e-05
25108: 3.98264e-05
25109: 3.98248e-05
25110: 3.98232e-05
25111: 3.98216e-05
25112: 3.982e-05
25113: 3.98184e-05
25114: 3.98168e-05
25115: 3.98153e-05
25116: 3.98137e-05
25117: 3.98121e-05
25118: 3.98105e-05
25119: 3.98089e-05
25120: 3.98073e-05
25121: 3.98057e-05
25122: 3.98042e-05
25123: 3.98026e-05
25124: 3.9801e-05
25125: 3.97994e-05
25126: 3.97978e-05
25127: 3.97962e-05
25128: 3.97947e-05
25129: 3.97931e-05
25130: 3.97915e-05
25131: 3.97899e-05
25132: 3.97883e-05
25133: 3.97867e-05
25134: 3.97852e-05
25135: 3.97836e-05
25136: 3.9782e-05
25137: 3.97804e-05
25138: 3.97788e-05
25139: 3.97772e-05
25140: 3.97757e-05
25141: 3.97741e-05
25142: 3.97725e-05
25143: 3.97709e-05
25144: 3.97693e-05
25145: 3.97678e-05
25146: 3.97662e-05
25147: 3.97646e-05
25148: 3.9763e-05
25149: 3.97614e-05
25150: 3.97599e-05
25151: 3.97583e-05
25152: 3.97567e-05
25153: 3.97551e-05
25154: 3.97535e-05
25155: 3.97519e-05
25156: 3.97504e-05
25157: 3.97488e-05
25158: 3.97472e-05
25159: 3.97456e-05
25160: 3.9744e-05
25161: 3.97425e-05
25162: 3.97409e-05
25163: 3.97393e-05
25164: 3.97377e-05
25165: 3.97362e-05
25166: 3.97346e-05
25167: 3.9733e-05
25168: 3.97314e-05
25169: 3.97298e-05
25170: 3.97283e-05
25171: 3.97267e-05
25172: 3.97251e-05
25173: 3.97235e-05
25174: 3.97219e-05
25175: 3.97204e-05
25176: 3.97188e-05
25177: 3.97172e-05
25178: 3.97156e-05
25179: 3.97141e-05
25180: 3.97125e-05
25181: 3.97109e-05
25182: 3.97093e-05
25183: 3.97078e-05
25184: 3.97062e-05
25185: 3.97046e-05
25186: 3.9703e-05
25187: 3.97014e-05
25188: 3.96999e-05
25189: 3.96983e-05
25190: 3.96967e-05
25191: 3.96951e-05
25192: 3.96936e-05
25193: 3.9692e-05
25194: 3.96904e-05
25195: 3.96888e-05
25196: 3.96873e-05
25197: 3.96857e-05
25198: 3.96841e-05
25199: 3.96825e-05
25200: 3.9681e-05
25201: 3.96794e-05
25202: 3.96778e-05
25203: 3.96762e-05
25204: 3.96747e-05
25205: 3.96731e-05
25206: 3.96715e-05
25207: 3.96699e-05
25208: 3.96684e-05
25209: 3.96668e-05
25210: 3.96652e-05
25211: 3.96637e-05
25212: 3.96621e-05
25213: 3.96605e-05
25214: 3.96589e-05
25215: 3.96574e-05
25216: 3.96558e-05
25217: 3.96542e-05
25218: 3.96526e-05
25219: 3.96511e-05
25220: 3.96495e-05
25221: 3.96479e-05
25222: 3.96464e-05
25223: 3.96448e-05
25224: 3.96432e-05
25225: 3.96416e-05
25226: 3.96401e-05
25227: 3.96385e-05
25228: 3.96369e-05
25229: 3.96354e-05
25230: 3.96338e-05
25231: 3.96322e-05
25232: 3.96306e-05
25233: 3.96291e-05
25234: 3.96275e-05
25235: 3.96259e-05
25236: 3.96244e-05
25237: 3.96228e-05
25238: 3.96212e-05
25239: 3.96197e-05
25240: 3.96181e-05
25241: 3.96165e-05
25242: 3.96149e-05
25243: 3.96134e-05
25244: 3.96118e-05
25245: 3.96102e-05
25246: 3.96087e-05
25247: 3.96071e-05
25248: 3.96055e-05
25249: 3.9604e-05
25250: 3.96024e-05
25251: 3.96008e-05
25252: 3.95993e-05
25253: 3.95977e-05
25254: 3.95961e-05
25255: 3.95946e-05
25256: 3.9593e-05
25257: 3.95914e-05
25258: 3.95898e-05
25259: 3.95883e-05
25260: 3.95867e-05
25261: 3.95851e-05
25262: 3.95836e-05
25263: 3.9582e-05
25264: 3.95804e-05
25265: 3.95789e-05
25266: 3.95773e-05
25267: 3.95757e-05
25268: 3.95742e-05
25269: 3.95726e-05
25270: 3.9571e-05
25271: 3.95695e-05
25272: 3.95679e-05
25273: 3.95664e-05
25274: 3.95648e-05
25275: 3.95632e-05
25276: 3.95617e-05
25277: 3.95601e-05
25278: 3.95585e-05
25279: 3.9557e-05
25280: 3.95554e-05
25281: 3.95538e-05
25282: 3.95523e-05
25283: 3.95507e-05
25284: 3.95491e-05
25285: 3.95476e-05
25286: 3.9546e-05
25287: 3.95444e-05
25288: 3.95429e-05
25289: 3.95413e-05
25290: 3.95398e-05
25291: 3.95382e-05
25292: 3.95366e-05
25293: 3.95351e-05
25294: 3.95335e-05
25295: 3.95319e-05
25296: 3.95304e-05
25297: 3.95288e-05
25298: 3.95273e-05
25299: 3.95257e-05
25300: 3.95241e-05
25301: 3.95226e-05
25302: 3.9521e-05
25303: 3.95194e-05
25304: 3.95179e-05
25305: 3.95163e-05
25306: 3.95148e-05
25307: 3.95132e-05
25308: 3.95116e-05
25309: 3.95101e-05
25310: 3.95085e-05
25311: 3.9507e-05
25312: 3.95054e-05
25313: 3.95038e-05
25314: 3.95023e-05
25315: 3.95007e-05
25316: 3.94992e-05
25317: 3.94976e-05
25318: 3.9496e-05
25319: 3.94945e-05
25320: 3.94929e-05
25321: 3.94914e-05
25322: 3.94898e-05
25323: 3.94882e-05
25324: 3.94867e-05
25325: 3.94851e-05
25326: 3.94836e-05
25327: 3.9482e-05
25328: 3.94804e-05
25329: 3.94789e-05
25330: 3.94773e-05
25331: 3.94758e-05
25332: 3.94742e-05
25333: 3.94726e-05
25334: 3.94711e-05
25335: 3.94695e-05
25336: 3.9468e-05
25337: 3.94664e-05
25338: 3.94649e-05
25339: 3.94633e-05
25340: 3.94617e-05
25341: 3.94602e-05
25342: 3.94586e-05
25343: 3.94571e-05
25344: 3.94555e-05
25345: 3.9454e-05
25346: 3.94524e-05
25347: 3.94508e-05
25348: 3.94493e-05
25349: 3.94477e-05
25350: 3.94462e-05
25351: 3.94446e-05
25352: 3.94431e-05
25353: 3.94415e-05
25354: 3.944e-05
25355: 3.94384e-05
25356: 3.94368e-05
25357: 3.94353e-05
25358: 3.94337e-05
25359: 3.94322e-05
25360: 3.94306e-05
25361: 3.94291e-05
25362: 3.94275e-05
25363: 3.9426e-05
25364: 3.94244e-05
25365: 3.94228e-05
25366: 3.94213e-05
25367: 3.94197e-05
25368: 3.94182e-05
25369: 3.94166e-05
25370: 3.94151e-05
25371: 3.94135e-05
25372: 3.9412e-05
25373: 3.94104e-05
25374: 3.94089e-05
25375: 3.94073e-05
25376: 3.94058e-05
25377: 3.94042e-05
25378: 3.94027e-05
25379: 3.94011e-05
25380: 3.93996e-05
25381: 3.9398e-05
25382: 3.93964e-05
25383: 3.93949e-05
25384: 3.93933e-05
25385: 3.93918e-05
25386: 3.93902e-05
25387: 3.93887e-05
25388: 3.93871e-05
25389: 3.93856e-05
25390: 3.9384e-05
25391: 3.93825e-05
25392: 3.93809e-05
25393: 3.93794e-05
25394: 3.93778e-05
25395: 3.93763e-05
25396: 3.93747e-05
25397: 3.93732e-05
25398: 3.93716e-05
25399: 3.93701e-05
25400: 3.93685e-05
25401: 3.9367e-05
25402: 3.93654e-05
25403: 3.93639e-05
25404: 3.93623e-05
25405: 3.93608e-05
25406: 3.93592e-05
25407: 3.93577e-05
25408: 3.93561e-05
25409: 3.93546e-05
25410: 3.9353e-05
25411: 3.93515e-05
25412: 3.93499e-05
25413: 3.93484e-05
25414: 3.93468e-05
25415: 3.93453e-05
25416: 3.93437e-05
25417: 3.93422e-05
25418: 3.93407e-05
25419: 3.93391e-05
25420: 3.93376e-05
25421: 3.9336e-05
25422: 3.93345e-05
25423: 3.93329e-05
25424: 3.93314e-05
25425: 3.93298e-05
25426: 3.93283e-05
25427: 3.93267e-05
25428: 3.93252e-05
25429: 3.93236e-05
25430: 3.93221e-05
25431: 3.93205e-05
25432: 3.9319e-05
25433: 3.93174e-05
25434: 3.93159e-05
25435: 3.93144e-05
25436: 3.93128e-05
25437: 3.93113e-05
25438: 3.93097e-05
25439: 3.93082e-05
25440: 3.93066e-05
25441: 3.93051e-05
25442: 3.93035e-05
25443: 3.9302e-05
25444: 3.93005e-05
25445: 3.92989e-05
25446: 3.92974e-05
25447: 3.92958e-05
25448: 3.92943e-05
25449: 3.92927e-05
25450: 3.92912e-05
25451: 3.92896e-05
25452: 3.92881e-05
25453: 3.92866e-05
25454: 3.9285e-05
25455: 3.92835e-05
25456: 3.92819e-05
25457: 3.92804e-05
25458: 3.92788e-05
25459: 3.92773e-05
25460: 3.92758e-05
25461: 3.92742e-05
25462: 3.92727e-05
25463: 3.92711e-05
25464: 3.92696e-05
25465: 3.9268e-05
25466: 3.92665e-05
25467: 3.9265e-05
25468: 3.92634e-05
25469: 3.92619e-05
25470: 3.92603e-05
25471: 3.92588e-05
25472: 3.92573e-05
25473: 3.92557e-05
25474: 3.92542e-05
25475: 3.92526e-05
25476: 3.92511e-05
25477: 3.92495e-05
25478: 3.9248e-05
25479: 3.92465e-05
25480: 3.92449e-05
25481: 3.92434e-05
25482: 3.92418e-05
25483: 3.92403e-05
25484: 3.92388e-05
25485: 3.92372e-05
25486: 3.92357e-05
25487: 3.92341e-05
25488: 3.92326e-05
25489: 3.92311e-05
25490: 3.92295e-05
25491: 3.9228e-05
25492: 3.92265e-05
25493: 3.92249e-05
25494: 3.92234e-05
25495: 3.92218e-05
25496: 3.92203e-05
25497: 3.92188e-05
25498: 3.92172e-05
25499: 3.92157e-05
25500: 3.92141e-05
25501: 3.92126e-05
25502: 3.92111e-05
25503: 3.92095e-05
25504: 3.9208e-05
25505: 3.92065e-05
25506: 3.92049e-05
25507: 3.92034e-05
25508: 3.92019e-05
25509: 3.92003e-05
25510: 3.91988e-05
25511: 3.91972e-05
25512: 3.91957e-05
25513: 3.91942e-05
25514: 3.91926e-05
25515: 3.91911e-05
25516: 3.91896e-05
25517: 3.9188e-05
25518: 3.91865e-05
25519: 3.9185e-05
25520: 3.91834e-05
25521: 3.91819e-05
25522: 3.91803e-05
25523: 3.91788e-05
25524: 3.91773e-05
25525: 3.91757e-05
25526: 3.91742e-05
25527: 3.91727e-05
25528: 3.91711e-05
25529: 3.91696e-05
25530: 3.91681e-05
25531: 3.91665e-05
25532: 3.9165e-05
25533: 3.91635e-05
25534: 3.91619e-05
25535: 3.91604e-05
25536: 3.91589e-05
25537: 3.91573e-05
25538: 3.91558e-05
25539: 3.91543e-05
25540: 3.91527e-05
25541: 3.91512e-05
25542: 3.91497e-05
25543: 3.91481e-05
25544: 3.91466e-05
25545: 3.91451e-05
25546: 3.91435e-05
25547: 3.9142e-05
25548: 3.91405e-05
25549: 3.91389e-05
25550: 3.91374e-05
25551: 3.91359e-05
25552: 3.91343e-05
25553: 3.91328e-05
25554: 3.91313e-05
25555: 3.91298e-05
25556: 3.91282e-05
25557: 3.91267e-05
25558: 3.91252e-05
25559: 3.91236e-05
25560: 3.91221e-05
25561: 3.91206e-05
25562: 3.9119e-05
25563: 3.91175e-05
25564: 3.9116e-05
25565: 3.91144e-05
25566: 3.91129e-05
25567: 3.91114e-05
25568: 3.91099e-05
25569: 3.91083e-05
25570: 3.91068e-05
25571: 3.91053e-05
25572: 3.91037e-05
25573: 3.91022e-05
25574: 3.91007e-05
25575: 3.90992e-05
25576: 3.90976e-05
25577: 3.90961e-05
25578: 3.90946e-05
25579: 3.9093e-05
25580: 3.90915e-05
25581: 3.909e-05
25582: 3.90885e-05
25583: 3.90869e-05
25584: 3.90854e-05
25585: 3.90839e-05
25586: 3.90823e-05
25587: 3.90808e-05
25588: 3.90793e-05
25589: 3.90778e-05
25590: 3.90762e-05
25591: 3.90747e-05
25592: 3.90732e-05
25593: 3.90717e-05
25594: 3.90701e-05
25595: 3.90686e-05
25596: 3.90671e-05
25597: 3.90656e-05
25598: 3.9064e-05
25599: 3.90625e-05
25600: 3.9061e-05
25601: 3.90594e-05
25602: 3.90579e-05
25603: 3.90564e-05
25604: 3.90549e-05
25605: 3.90533e-05
25606: 3.90518e-05
25607: 3.90503e-05
25608: 3.90488e-05
25609: 3.90472e-05
25610: 3.90457e-05
25611: 3.90442e-05
25612: 3.90427e-05
25613: 3.90411e-05
25614: 3.90396e-05
25615: 3.90381e-05
25616: 3.90366e-05
25617: 3.90351e-05
25618: 3.90335e-05
25619: 3.9032e-05
25620: 3.90305e-05
25621: 3.9029e-05
25622: 3.90274e-05
25623: 3.90259e-05
25624: 3.90244e-05
25625: 3.90229e-05
25626: 3.90213e-05
25627: 3.90198e-05
25628: 3.90183e-05
25629: 3.90168e-05
25630: 3.90153e-05
25631: 3.90137e-05
25632: 3.90122e-05
25633: 3.90107e-05
25634: 3.90092e-05
25635: 3.90076e-05
25636: 3.90061e-05
25637: 3.90046e-05
25638: 3.90031e-05
25639: 3.90016e-05
25640: 3.9e-05
25641: 3.89985e-05
25642: 3.8997e-05
25643: 3.89955e-05
25644: 3.8994e-05
25645: 3.89924e-05
25646: 3.89909e-05
25647: 3.89894e-05
25648: 3.89879e-05
25649: 3.89864e-05
25650: 3.89848e-05
25651: 3.89833e-05
25652: 3.89818e-05
25653: 3.89803e-05
25654: 3.89788e-05
25655: 3.89772e-05
25656: 3.89757e-05
25657: 3.89742e-05
25658: 3.89727e-05
25659: 3.89712e-05
25660: 3.89696e-05
25661: 3.89681e-05
25662: 3.89666e-05
25663: 3.89651e-05
25664: 3.89636e-05
25665: 3.89621e-05
25666: 3.89605e-05
25667: 3.8959e-05
25668: 3.89575e-05
25669: 3.8956e-05
25670: 3.89545e-05
25671: 3.89529e-05
25672: 3.89514e-05
25673: 3.89499e-05
25674: 3.89484e-05
25675: 3.89469e-05
25676: 3.89454e-05
25677: 3.89438e-05
25678: 3.89423e-05
25679: 3.89408e-05
25680: 3.89393e-05
25681: 3.89378e-05
25682: 3.89363e-05
25683: 3.89347e-05
25684: 3.89332e-05
25685: 3.89317e-05
25686: 3.89302e-05
25687: 3.89287e-05
25688: 3.89272e-05
25689: 3.89257e-05
25690: 3.89241e-05
25691: 3.89226e-05
25692: 3.89211e-05
25693: 3.89196e-05
25694: 3.89181e-05
25695: 3.89166e-05
25696: 3.8915e-05
25697: 3.89135e-05
25698: 3.8912e-05
25699: 3.89105e-05
25700: 3.8909e-05
25701: 3.89075e-05
25702: 3.8906e-05
25703: 3.89045e-05
25704: 3.89029e-05
25705: 3.89014e-05
25706: 3.88999e-05
25707: 3.88984e-05
25708: 3.88969e-05
25709: 3.88954e-05
25710: 3.88939e-05
25711: 3.88923e-05
25712: 3.88908e-05
25713: 3.88893e-05
25714: 3.88878e-05
25715: 3.88863e-05
25716: 3.88848e-05
25717: 3.88833e-05
25718: 3.88818e-05
25719: 3.88802e-05
25720: 3.88787e-05
25721: 3.88772e-05
25722: 3.88757e-05
25723: 3.88742e-05
25724: 3.88727e-05
25725: 3.88712e-05
25726: 3.88697e-05
25727: 3.88682e-05
25728: 3.88666e-05
25729: 3.88651e-05
25730: 3.88636e-05
25731: 3.88621e-05
25732: 3.88606e-05
25733: 3.88591e-05
25734: 3.88576e-05
25735: 3.88561e-05
25736: 3.88546e-05
25737: 3.88531e-05
25738: 3.88515e-05
25739: 3.885e-05
25740: 3.88485e-05
25741: 3.8847e-05
25742: 3.88455e-05
25743: 3.8844e-05
25744: 3.88425e-05
25745: 3.8841e-05
25746: 3.88395e-05
25747: 3.8838e-05
25748: 3.88365e-05
25749: 3.8835e-05
25750: 3.88334e-05
25751: 3.88319e-05
25752: 3.88304e-05
25753: 3.88289e-05
25754: 3.88274e-05
25755: 3.88259e-05
25756: 3.88244e-05
25757: 3.88229e-05
25758: 3.88214e-05
25759: 3.88199e-05
25760: 3.88184e-05
25761: 3.88169e-05
25762: 3.88154e-05
25763: 3.88138e-05
25764: 3.88123e-05
25765: 3.88108e-05
25766: 3.88093e-05
25767: 3.88078e-05
25768: 3.88063e-05
25769: 3.88048e-05
25770: 3.88033e-05
25771: 3.88018e-05
25772: 3.88003e-05
25773: 3.87988e-05
25774: 3.87973e-05
25775: 3.87958e-05
25776: 3.87943e-05
25777: 3.87928e-05
25778: 3.87913e-05
25779: 3.87898e-05
25780: 3.87883e-05
25781: 3.87868e-05
25782: 3.87852e-05
25783: 3.87837e-05
25784: 3.87822e-05
25785: 3.87807e-05
25786: 3.87792e-05
25787: 3.87777e-05
25788: 3.87762e-05
25789: 3.87747e-05
25790: 3.87732e-05
25791: 3.87717e-05
25792: 3.87702e-05
25793: 3.87687e-05
25794: 3.87672e-05
25795: 3.87657e-05
25796: 3.87642e-05
25797: 3.87627e-05
25798: 3.87612e-05
25799: 3.87597e-05
25800: 3.87582e-05
25801: 3.87567e-05
25802: 3.87552e-05
25803: 3.87537e-05
25804: 3.87522e-05
25805: 3.87507e-05
25806: 3.87492e-05
25807: 3.87477e-05
25808: 3.87462e-05
25809: 3.87447e-05
25810: 3.87432e-05
25811: 3.87417e-05
25812: 3.87402e-05
25813: 3.87387e-05
25814: 3.87372e-05
25815: 3.87357e-05
25816: 3.87342e-05
25817: 3.87327e-05
25818: 3.87312e-05
25819: 3.87297e-05
25820: 3.87282e-05
25821: 3.87267e-05
25822: 3.87252e-05
25823: 3.87237e-05
25824: 3.87222e-05
25825: 3.87207e-05
25826: 3.87192e-05
25827: 3.87177e-05
25828: 3.87162e-05
25829: 3.87147e-05
25830: 3.87132e-05
25831: 3.87117e-05
25832: 3.87102e-05
25833: 3.87087e-05
25834: 3.87072e-05
25835: 3.87057e-05
25836: 3.87042e-05
25837: 3.87027e-05
25838: 3.87012e-05
25839: 3.86997e-05
25840: 3.86982e-05
25841: 3.86967e-05
25842: 3.86952e-05
25843: 3.86937e-05
25844: 3.86922e-05
25845: 3.86907e-05
25846: 3.86892e-05
25847: 3.86877e-05
25848: 3.86862e-05
25849: 3.86847e-05
25850: 3.86832e-05
25851: 3.86817e-05
25852: 3.86802e-05
25853: 3.86787e-05
25854: 3.86772e-05
25855: 3.86757e-05
25856: 3.86742e-05
25857: 3.86728e-05
25858: 3.86713e-05
25859: 3.86698e-05
25860: 3.86683e-05
25861: 3.86668e-05
25862: 3.86653e-05
25863: 3.86638e-05
25864: 3.86623e-05
25865: 3.86608e-05
25866: 3.86593e-05
25867: 3.86578e-05
25868: 3.86563e-05
25869: 3.86548e-05
25870: 3.86533e-05
25871: 3.86518e-05
25872: 3.86503e-05
25873: 3.86488e-05
25874: 3.86473e-05
25875: 3.86458e-05
25876: 3.86444e-05
25877: 3.86429e-05
25878: 3.86414e-05
25879: 3.86399e-05
25880: 3.86384e-05
25881: 3.86369e-05
25882: 3.86354e-05
25883: 3.86339e-05
25884: 3.86324e-05
25885: 3.86309e-05
25886: 3.86294e-05
25887: 3.86279e-05
25888: 3.86264e-05
25889: 3.8625e-05
25890: 3.86235e-05
25891: 3.8622e-05
25892: 3.86205e-05
25893: 3.8619e-05
25894: 3.86175e-05
25895: 3.8616e-05
25896: 3.86145e-05
25897: 3.8613e-05
25898: 3.86115e-05
25899: 3.861e-05
25900: 3.86085e-05
25901: 3.86071e-05
25902: 3.86056e-05
25903: 3.86041e-05
25904: 3.86026e-05
25905: 3.86011e-05
25906: 3.85996e-05
25907: 3.85981e-05
25908: 3.85966e-05
25909: 3.85951e-05
25910: 3.85936e-05
25911: 3.85922e-05
25912: 3.85907e-05
25913: 3.85892e-05
25914: 3.85877e-05
25915: 3.85862e-05
25916: 3.85847e-05
25917: 3.85832e-05
25918: 3.85817e-05
25919: 3.85802e-05
25920: 3.85788e-05
25921: 3.85773e-05
25922: 3.85758e-05
25923: 3.85743e-05
25924: 3.85728e-05
25925: 3.85713e-05
25926: 3.85698e-05
25927: 3.85683e-05
25928: 3.85669e-05
25929: 3.85654e-05
25930: 3.85639e-05
25931: 3.85624e-05
25932: 3.85609e-05
25933: 3.85594e-05
25934: 3.85579e-05
25935: 3.85564e-05
25936: 3.8555e-05
25937: 3.85535e-05
25938: 3.8552e-05
25939: 3.85505e-05
25940: 3.8549e-05
25941: 3.85475e-05
25942: 3.8546e-05
25943: 3.85446e-05
25944: 3.85431e-05
25945: 3.85416e-05
25946: 3.85401e-05
25947: 3.85386e-05
25948: 3.85371e-05
25949: 3.85356e-05
25950: 3.85342e-05
25951: 3.85327e-05
25952: 3.85312e-05
25953: 3.85297e-05
25954: 3.85282e-05
25955: 3.85267e-05
25956: 3.85253e-05
25957: 3.85238e-05
25958: 3.85223e-05
25959: 3.85208e-05
25960: 3.85193e-05
25961: 3.85178e-05
25962: 3.85164e-05
25963: 3.85149e-05
25964: 3.85134e-05
25965: 3.85119e-05
25966: 3.85104e-05
25967: 3.85089e-05
25968: 3.85075e-05
25969: 3.8506e-05
25970: 3.85045e-05
25971: 3.8503e-05
25972: 3.85015e-05
25973: 3.85e-05
25974: 3.84986e-05
25975: 3.84971e-05
25976: 3.84956e-05
25977: 3.84941e-05
25978: 3.84926e-05
25979: 3.84911e-05
25980: 3.84897e-05
25981: 3.84882e-05
25982: 3.84867e-05
25983: 3.84852e-05
25984: 3.84837e-05
25985: 3.84823e-05
25986: 3.84808e-05
25987: 3.84793e-05
25988: 3.84778e-05
25989: 3.84763e-05
25990: 3.84749e-05
25991: 3.84734e-05
25992: 3.84719e-05
25993: 3.84704e-05
25994: 3.84689e-05
25995: 3.84675e-05
25996: 3.8466e-05
25997: 3.84645e-05
25998: 3.8463e-05
25999: 3.84615e-05
26000: 3.84601e-05
26001: 3.84586e-05
26002: 3.84571e-05
26003: 3.84556e-05
26004: 3.84541e-05
26005: 3.84527e-05
26006: 3.84512e-05
26007: 3.84497e-05
26008: 3.84482e-05
26009: 3.84468e-05
26010: 3.84453e-05
26011: 3.84438e-05
26012: 3.84423e-05
26013: 3.84408e-05
26014: 3.84394e-05
26015: 3.84379e-05
26016: 3.84364e-05
26017: 3.84349e-05
26018: 3.84335e-05
26019: 3.8432e-05
26020: 3.84305e-05
26021: 3.8429e-05
26022: 3.84275e-05
26023: 3.84261e-05
26024: 3.84246e-05
26025: 3.84231e-05
26026: 3.84216e-05
26027: 3.84202e-05
26028: 3.84187e-05
26029: 3.84172e-05
26030: 3.84157e-05
26031: 3.84143e-05
26032: 3.84128e-05
26033: 3.84113e-05
26034: 3.84098e-05
26035: 3.84084e-05
26036: 3.84069e-05
26037: 3.84054e-05
26038: 3.84039e-05
26039: 3.84025e-05
26040: 3.8401e-05
26041: 3.83995e-05
26042: 3.8398e-05
26043: 3.83966e-05
26044: 3.83951e-05
26045: 3.83936e-05
26046: 3.83921e-05
26047: 3.83907e-05
26048: 3.83892e-05
26049: 3.83877e-05
26050: 3.83862e-05
26051: 3.83848e-05
26052: 3.83833e-05
26053: 3.83818e-05
26054: 3.83803e-05
26055: 3.83789e-05
26056: 3.83774e-05
26057: 3.83759e-05
26058: 3.83745e-05
26059: 3.8373e-05
26060: 3.83715e-05
26061: 3.837e-05
26062: 3.83686e-05
26063: 3.83671e-05
26064: 3.83656e-05
26065: 3.83642e-05
26066: 3.83627e-05
26067: 3.83612e-05
26068: 3.83597e-05
26069: 3.83583e-05
26070: 3.83568e-05
26071: 3.83553e-05
26072: 3.83539e-05
26073: 3.83524e-05
26074: 3.83509e-05
26075: 3.83494e-05
26076: 3.8348e-05
26077: 3.83465e-05
26078: 3.8345e-05
26079: 3.83436e-05
26080: 3.83421e-05
26081: 3.83406e-05
26082: 3.83391e-05
26083: 3.83377e-05
26084: 3.83362e-05
26085: 3.83347e-05
26086: 3.83333e-05
26087: 3.83318e-05
26088: 3.83303e-05
26089: 3.83289e-05
26090: 3.83274e-05
26091: 3.83259e-05
26092: 3.83245e-05
26093: 3.8323e-05
26094: 3.83215e-05
26095: 3.832e-05
26096: 3.83186e-05
26097: 3.83171e-05
26098: 3.83156e-05
26099: 3.83142e-05
26100: 3.83127e-05
26101: 3.83112e-05
26102: 3.83098e-05
26103: 3.83083e-05
26104: 3.83068e-05
26105: 3.83054e-05
26106: 3.83039e-05
26107: 3.83024e-05
26108: 3.8301e-05
26109: 3.82995e-05
26110: 3.8298e-05
26111: 3.82966e-05
26112: 3.82951e-05
26113: 3.82936e-05
26114: 3.82922e-05
26115: 3.82907e-05
26116: 3.82892e-05
26117: 3.82878e-05
26118: 3.82863e-05
26119: 3.82848e-05
26120: 3.82834e-05
26121: 3.82819e-05
26122: 3.82804e-05
26123: 3.8279e-05
26124: 3.82775e-05
26125: 3.8276e-05
26126: 3.82746e-05
26127: 3.82731e-05
26128: 3.82717e-05
26129: 3.82702e-05
26130: 3.82687e-05
26131: 3.82673e-05
26132: 3.82658e-05
26133: 3.82643e-05
26134: 3.82629e-05
26135: 3.82614e-05
26136: 3.82599e-05
26137: 3.82585e-05
26138: 3.8257e-05
26139: 3.82555e-05
26140: 3.82541e-05
26141: 3.82526e-05
26142: 3.82512e-05
26143: 3.82497e-05
26144: 3.82482e-05
26145: 3.82468e-05
26146: 3.82453e-05
26147: 3.82438e-05
26148: 3.82424e-05
26149: 3.82409e-05
26150: 3.82395e-05
26151: 3.8238e-05
26152: 3.82365e-05
26153: 3.82351e-05
26154: 3.82336e-05
26155: 3.82321e-05
26156: 3.82307e-05
26157: 3.82292e-05
26158: 3.82278e-05
26159: 3.82263e-05
26160: 3.82248e-05
26161: 3.82234e-05
26162: 3.82219e-05
26163: 3.82205e-05
26164: 3.8219e-05
26165: 3.82175e-05
26166: 3.82161e-05
26167: 3.82146e-05
26168: 3.82132e-05
26169: 3.82117e-05
26170: 3.82102e-05
26171: 3.82088e-05
26172: 3.82073e-05
26173: 3.82059e-05
26174: 3.82044e-05
26175: 3.82029e-05
26176: 3.82015e-05
26177: 3.82e-05
26178: 3.81986e-05
26179: 3.81971e-05
26180: 3.81956e-05
26181: 3.81942e-05
26182: 3.81927e-05
26183: 3.81913e-05
26184: 3.81898e-05
26185: 3.81883e-05
26186: 3.81869e-05
26187: 3.81854e-05
26188: 3.8184e-05
26189: 3.81825e-05
26190: 3.81811e-05
26191: 3.81796e-05
26192: 3.81781e-05
26193: 3.81767e-05
26194: 3.81752e-05
26195: 3.81738e-05
26196: 3.81723e-05
26197: 3.81709e-05
26198: 3.81694e-05
26199: 3.81679e-05
26200: 3.81665e-05
26201: 3.8165e-05
26202: 3.81636e-05
26203: 3.81621e-05
26204: 3.81607e-05
26205: 3.81592e-05
26206: 3.81577e-05
26207: 3.81563e-05
26208: 3.81548e-05
26209: 3.81534e-05
26210: 3.81519e-05
26211: 3.81505e-05
26212: 3.8149e-05
26213: 3.81476e-05
26214: 3.81461e-05
26215: 3.81446e-05
26216: 3.81432e-05
26217: 3.81417e-05
26218: 3.81403e-05
26219: 3.81388e-05
26220: 3.81374e-05
26221: 3.81359e-05
26222: 3.81345e-05
26223: 3.8133e-05
26224: 3.81316e-05
26225: 3.81301e-05
26226: 3.81286e-05
26227: 3.81272e-05
26228: 3.81257e-05
26229: 3.81243e-05
26230: 3.81228e-05
26231: 3.81214e-05
26232: 3.81199e-05
26233: 3.81185e-05
26234: 3.8117e-05
26235: 3.81156e-05
26236: 3.81141e-05
26237: 3.81127e-05
26238: 3.81112e-05
26239: 3.81098e-05
26240: 3.81083e-05
26241: 3.81069e-05
26242: 3.81054e-05
26243: 3.81039e-05
26244: 3.81025e-05
26245: 3.8101e-05
26246: 3.80996e-05
26247: 3.80981e-05
26248: 3.80967e-05
26249: 3.80952e-05
26250: 3.80938e-05
26251: 3.80923e-05
26252: 3.80909e-05
26253: 3.80894e-05
26254: 3.8088e-05
26255: 3.80865e-05
26256: 3.80851e-05
26257: 3.80836e-05
26258: 3.80822e-05
26259: 3.80807e-05
26260: 3.80793e-05
26261: 3.80778e-05
26262: 3.80764e-05
26263: 3.80749e-05
26264: 3.80735e-05
26265: 3.8072e-05
26266: 3.80706e-05
26267: 3.80691e-05
26268: 3.80677e-05
26269: 3.80662e-05
26270: 3.80648e-05
26271: 3.80633e-05
26272: 3.80619e-05
26273: 3.80604e-05
26274: 3.8059e-05
26275: 3.80575e-05
26276: 3.80561e-05
26277: 3.80546e-05
26278: 3.80532e-05
26279: 3.80518e-05
26280: 3.80503e-05
26281: 3.80489e-05
26282: 3.80474e-05
26283: 3.8046e-05
26284: 3.80445e-05
26285: 3.80431e-05
26286: 3.80416e-05
26287: 3.80402e-05
26288: 3.80387e-05
26289: 3.80373e-05
26290: 3.80358e-05
26291: 3.80344e-05
26292: 3.80329e-05
26293: 3.80315e-05
26294: 3.803e-05
26295: 3.80286e-05
26296: 3.80272e-05
26297: 3.80257e-05
26298: 3.80243e-05
26299: 3.80228e-05
26300: 3.80214e-05
26301: 3.80199e-05
26302: 3.80185e-05
26303: 3.8017e-05
26304: 3.80156e-05
26305: 3.80141e-05
26306: 3.80127e-05
26307: 3.80113e-05
26308: 3.80098e-05
26309: 3.80084e-05
26310: 3.80069e-05
26311: 3.80055e-05
26312: 3.8004e-05
26313: 3.80026e-05
26314: 3.80011e-05
26315: 3.79997e-05
26316: 3.79983e-05
26317: 3.79968e-05
26318: 3.79954e-05
26319: 3.79939e-05
26320: 3.79925e-05
26321: 3.7991e-05
26322: 3.79896e-05
26323: 3.79881e-05
26324: 3.79867e-05
26325: 3.79853e-05
26326: 3.79838e-05
26327: 3.79824e-05
26328: 3.79809e-05
26329: 3.79795e-05
26330: 3.7978e-05
26331: 3.79766e-05
26332: 3.79752e-05
26333: 3.79737e-05
26334: 3.79723e-05
26335: 3.79708e-05
26336: 3.79694e-05
26337: 3.7968e-05
26338: 3.79665e-05
26339: 3.79651e-05
26340: 3.79636e-05
26341: 3.79622e-05
26342: 3.79607e-05
26343: 3.79593e-05
26344: 3.79579e-05
26345: 3.79564e-05
26346: 3.7955e-05
26347: 3.79535e-05
26348: 3.79521e-05
26349: 3.79507e-05
26350: 3.79492e-05
26351: 3.79478e-05
26352: 3.79463e-05
26353: 3.79449e-05
26354: 3.79435e-05
26355: 3.7942e-05
26356: 3.79406e-05
26357: 3.79391e-05
26358: 3.79377e-05
26359: 3.79363e-05
26360: 3.79348e-05
26361: 3.79334e-05
26362: 3.7932e-05
26363: 3.79305e-05
26364: 3.79291e-05
26365: 3.79276e-05
26366: 3.79262e-05
26367: 3.79248e-05
26368: 3.79233e-05
26369: 3.79219e-05
26370: 3.79204e-05
26371: 3.7919e-05
26372: 3.79176e-05
26373: 3.79161e-05
26374: 3.79147e-05
26375: 3.79133e-05
26376: 3.79118e-05
26377: 3.79104e-05
26378: 3.79089e-05
26379: 3.79075e-05
26380: 3.79061e-05
26381: 3.79046e-05
26382: 3.79032e-05
26383: 3.79018e-05
26384: 3.79003e-05
26385: 3.78989e-05
26386: 3.78974e-05
26387: 3.7896e-05
26388: 3.78946e-05
26389: 3.78931e-05
26390: 3.78917e-05
26391: 3.78903e-05
26392: 3.78888e-05
26393: 3.78874e-05
26394: 3.7886e-05
26395: 3.78845e-05
26396: 3.78831e-05
26397: 3.78817e-05
26398: 3.78802e-05
26399: 3.78788e-05
26400: 3.78774e-05
26401: 3.78759e-05
26402: 3.78745e-05
26403: 3.7873e-05
26404: 3.78716e-05
26405: 3.78702e-05
26406: 3.78687e-05
26407: 3.78673e-05
26408: 3.78659e-05
26409: 3.78644e-05
26410: 3.7863e-05
26411: 3.78616e-05
26412: 3.78601e-05
26413: 3.78587e-05
26414: 3.78573e-05
26415: 3.78558e-05
26416: 3.78544e-05
26417: 3.7853e-05
26418: 3.78515e-05
26419: 3.78501e-05
26420: 3.78487e-05
26421: 3.78472e-05
26422: 3.78458e-05
26423: 3.78444e-05
26424: 3.7843e-05
26425: 3.78415e-05
26426: 3.78401e-05
26427: 3.78387e-05
26428: 3.78372e-05
26429: 3.78358e-05
26430: 3.78344e-05
26431: 3.78329e-05
26432: 3.78315e-05
26433: 3.78301e-05
26434: 3.78286e-05
26435: 3.78272e-05
26436: 3.78258e-05
26437: 3.78243e-05
26438: 3.78229e-05
26439: 3.78215e-05
26440: 3.78201e-05
26441: 3.78186e-05
26442: 3.78172e-05
26443: 3.78158e-05
26444: 3.78143e-05
26445: 3.78129e-05
26446: 3.78115e-05
26447: 3.781e-05
26448: 3.78086e-05
26449: 3.78072e-05
26450: 3.78058e-05
26451: 3.78043e-05
26452: 3.78029e-05
26453: 3.78015e-05
26454: 3.78e-05
26455: 3.77986e-05
26456: 3.77972e-05
26457: 3.77958e-05
26458: 3.77943e-05
26459: 3.77929e-05
26460: 3.77915e-05
26461: 3.779e-05
26462: 3.77886e-05
26463: 3.77872e-05
26464: 3.77858e-05
26465: 3.77843e-05
26466: 3.77829e-05
26467: 3.77815e-05
26468: 3.778e-05
26469: 3.77786e-05
26470: 3.77772e-05
26471: 3.77758e-05
26472: 3.77743e-05
26473: 3.77729e-05
26474: 3.77715e-05
26475: 3.77701e-05
26476: 3.77686e-05
26477: 3.77672e-05
26478: 3.77658e-05
26479: 3.77644e-05
26480: 3.77629e-05
26481: 3.77615e-05
26482: 3.77601e-05
26483: 3.77586e-05
26484: 3.77572e-05
26485: 3.77558e-05
26486: 3.77544e-05
26487: 3.77529e-05
26488: 3.77515e-05
26489: 3.77501e-05
26490: 3.77487e-05
26491: 3.77472e-05
26492: 3.77458e-05
26493: 3.77444e-05
26494: 3.7743e-05
26495: 3.77415e-05
26496: 3.77401e-05
26497: 3.77387e-05
26498: 3.77373e-05
26499: 3.77358e-05
26500: 3.77344e-05
26501: 3.7733e-05
26502: 3.77316e-05
26503: 3.77302e-05
26504: 3.77287e-05
26505: 3.77273e-05
26506: 3.77259e-05
26507: 3.77245e-05
26508: 3.7723e-05
26509: 3.77216e-05
26510: 3.77202e-05
26511: 3.77188e-05
26512: 3.77173e-05
26513: 3.77159e-05
26514: 3.77145e-05
26515: 3.77131e-05
26516: 3.77117e-05
26517: 3.77102e-05
26518: 3.77088e-05
26519: 3.77074e-05
26520: 3.7706e-05
26521: 3.77045e-05
26522: 3.77031e-05
26523: 3.77017e-05
26524: 3.77003e-05
26525: 3.76989e-05
26526: 3.76974e-05
26527: 3.7696e-05
26528: 3.76946e-05
26529: 3.76932e-05
26530: 3.76918e-05
26531: 3.76903e-05
26532: 3.76889e-05
26533: 3.76875e-05
26534: 3.76861e-05
26535: 3.76847e-05
26536: 3.76832e-05
26537: 3.76818e-05
26538: 3.76804e-05
26539: 3.7679e-05
26540: 3.76776e-05
26541: 3.76761e-05
26542: 3.76747e-05
26543: 3.76733e-05
26544: 3.76719e-05
26545: 3.76705e-05
26546: 3.7669e-05
26547: 3.76676e-05
26548: 3.76662e-05
26549: 3.76648e-05
26550: 3.76634e-05
26551: 3.76619e-05
26552: 3.76605e-05
26553: 3.76591e-05
26554: 3.76577e-05
26555: 3.76563e-05
26556: 3.76549e-05
26557: 3.76534e-05
26558: 3.7652e-05
26559: 3.76506e-05
26560: 3.76492e-05
26561: 3.76478e-05
26562: 3.76464e-05
26563: 3.76449e-05
26564: 3.76435e-05
26565: 3.76421e-05
26566: 3.76407e-05
26567: 3.76393e-05
26568: 3.76378e-05
26569: 3.76364e-05
26570: 3.7635e-05
26571: 3.76336e-05
26572: 3.76322e-05
26573: 3.76308e-05
26574: 3.76294e-05
26575: 3.76279e-05
26576: 3.76265e-05
26577: 3.76251e-05
26578: 3.76237e-05
26579: 3.76223e-05
26580: 3.76209e-05
26581: 3.76194e-05
26582: 3.7618e-05
26583: 3.76166e-05
26584: 3.76152e-05
26585: 3.76138e-05
26586: 3.76124e-05
26587: 3.7611e-05
26588: 3.76095e-05
26589: 3.76081e-05
26590: 3.76067e-05
26591: 3.76053e-05
26592: 3.76039e-05
26593: 3.76025e-05
26594: 3.76011e-05
26595: 3.75996e-05
26596: 3.75982e-05
26597: 3.75968e-05
26598: 3.75954e-05
26599: 3.7594e-05
26600: 3.75926e-05
26601: 3.75912e-05
26602: 3.75897e-05
26603: 3.75883e-05
26604: 3.75869e-05
26605: 3.75855e-05
26606: 3.75841e-05
26607: 3.75827e-05
26608: 3.75813e-05
26609: 3.75799e-05
26610: 3.75784e-05
26611: 3.7577e-05
26612: 3.75756e-05
26613: 3.75742e-05
26614: 3.75728e-05
26615: 3.75714e-05
26616: 3.757e-05
26617: 3.75686e-05
26618: 3.75672e-05
26619: 3.75657e-05
26620: 3.75643e-05
26621: 3.75629e-05
26622: 3.75615e-05
26623: 3.75601e-05
26624: 3.75587e-05
26625: 3.75573e-05
26626: 3.75559e-05
26627: 3.75545e-05
26628: 3.7553e-05
26629: 3.75516e-05
26630: 3.75502e-05
26631: 3.75488e-05
26632: 3.75474e-05
26633: 3.7546e-05
26634: 3.75446e-05
26635: 3.75432e-05
26636: 3.75418e-05
26637: 3.75404e-05
26638: 3.75389e-05
26639: 3.75375e-05
26640: 3.75361e-05
26641: 3.75347e-05
26642: 3.75333e-05
26643: 3.75319e-05
26644: 3.75305e-05
26645: 3.75291e-05
26646: 3.75277e-05
26647: 3.75263e-05
26648: 3.75249e-05
26649: 3.75235e-05
26650: 3.7522e-05
26651: 3.75206e-05
26652: 3.75192e-05
26653: 3.75178e-05
26654: 3.75164e-05
26655: 3.7515e-05
26656: 3.75136e-05
26657: 3.75122e-05
26658: 3.75108e-05
26659: 3.75094e-05
26660: 3.7508e-05
26661: 3.75066e-05
26662: 3.75052e-05
26663: 3.75038e-05
26664: 3.75023e-05
26665: 3.75009e-05
26666: 3.74995e-05
26667: 3.74981e-05
26668: 3.74967e-05
26669: 3.74953e-05
26670: 3.74939e-05
26671: 3.74925e-05
26672: 3.74911e-05
26673: 3.74897e-05
26674: 3.74883e-05
26675: 3.74869e-05
26676: 3.74855e-05
26677: 3.74841e-05
26678: 3.74827e-05
26679: 3.74813e-05
26680: 3.74799e-05
26681: 3.74784e-05
26682: 3.7477e-05
26683: 3.74756e-05
26684: 3.74742e-05
26685: 3.74728e-05
26686: 3.74714e-05
26687: 3.747e-05
26688: 3.74686e-05
26689: 3.74672e-05
26690: 3.74658e-05
26691: 3.74644e-05
26692: 3.7463e-05
26693: 3.74616e-05
26694: 3.74602e-05
26695: 3.74588e-05
26696: 3.74574e-05
26697: 3.7456e-05
26698: 3.74546e-05
26699: 3.74532e-05
26700: 3.74518e-05
26701: 3.74504e-05
26702: 3.7449e-05
26703: 3.74476e-05
26704: 3.74462e-05
26705: 3.74448e-05
26706: 3.74434e-05
26707: 3.7442e-05
26708: 3.74406e-05
26709: 3.74392e-05
26710: 3.74378e-05
26711: 3.74364e-05
26712: 3.7435e-05
26713: 3.74336e-05
26714: 3.74322e-05
26715: 3.74308e-05
26716: 3.74294e-05
26717: 3.7428e-05
26718: 3.74266e-05
26719: 3.74251e-05
26720: 3.74237e-05
26721: 3.74223e-05
26722: 3.74209e-05
26723: 3.74195e-05
26724: 3.74181e-05
26725: 3.74167e-05
26726: 3.74153e-05
26727: 3.74139e-05
26728: 3.74125e-05
26729: 3.74111e-05
26730: 3.74097e-05
26731: 3.74083e-05
26732: 3.7407e-05
26733: 3.74056e-05
26734: 3.74042e-05
26735: 3.74028e-05
26736: 3.74014e-05
26737: 3.74e-05
26738: 3.73986e-05
26739: 3.73972e-05
26740: 3.73958e-05
26741: 3.73944e-05
26742: 3.7393e-05
26743: 3.73916e-05
26744: 3.73902e-05
26745: 3.73888e-05
26746: 3.73874e-05
26747: 3.7386e-05
26748: 3.73846e-05
26749: 3.73832e-05
26750: 3.73818e-05
26751: 3.73804e-05
26752: 3.7379e-05
26753: 3.73776e-05
26754: 3.73762e-05
26755: 3.73748e-05
26756: 3.73734e-05
26757: 3.7372e-05
26758: 3.73706e-05
26759: 3.73692e-05
26760: 3.73678e-05
26761: 3.73664e-05
26762: 3.7365e-05
26763: 3.73636e-05
26764: 3.73622e-05
26765: 3.73608e-05
26766: 3.73594e-05
26767: 3.7358e-05
26768: 3.73566e-05
26769: 3.73552e-05
26770: 3.73539e-05
26771: 3.73525e-05
26772: 3.73511e-05
26773: 3.73497e-05
26774: 3.73483e-05
26775: 3.73469e-05
26776: 3.73455e-05
26777: 3.73441e-05
26778: 3.73427e-05
26779: 3.73413e-05
26780: 3.73399e-05
26781: 3.73385e-05
26782: 3.73371e-05
26783: 3.73357e-05
26784: 3.73343e-05
26785: 3.73329e-05
26786: 3.73315e-05
26787: 3.73301e-05
26788: 3.73288e-05
26789: 3.73274e-05
26790: 3.7326e-05
26791: 3.73246e-05
26792: 3.73232e-05
26793: 3.73218e-05
26794: 3.73204e-05
26795: 3.7319e-05
26796: 3.73176e-05
26797: 3.73162e-05
26798: 3.73148e-05
26799: 3.73134e-05
26800: 3.7312e-05
26801: 3.73106e-05
26802: 3.73093e-05
26803: 3.73079e-05
26804: 3.73065e-05
26805: 3.73051e-05
26806: 3.73037e-05
26807: 3.73023e-05
26808: 3.73009e-05
26809: 3.72995e-05
26810: 3.72981e-05
26811: 3.72967e-05
26812: 3.72953e-05
26813: 3.7294e-05
26814: 3.72926e-05
26815: 3.72912e-05
26816: 3.72898e-05
26817: 3.72884e-05
26818: 3.7287e-05
26819: 3.72856e-05
26820: 3.72842e-05
26821: 3.72828e-05
26822: 3.72814e-05
26823: 3.728e-05
26824: 3.72787e-05
26825: 3.72773e-05
26826: 3.72759e-05
26827: 3.72745e-05
26828: 3.72731e-05
26829: 3.72717e-05
26830: 3.72703e-05
26831: 3.72689e-05
26832: 3.72675e-05
26833: 3.72662e-05
26834: 3.72648e-05
26835: 3.72634e-05
26836: 3.7262e-05
26837: 3.72606e-05
26838: 3.72592e-05
26839: 3.72578e-05
26840: 3.72564e-05
26841: 3.7255e-05
26842: 3.72537e-05
26843: 3.72523e-05
26844: 3.72509e-05
26845: 3.72495e-05
26846: 3.72481e-05
26847: 3.72467e-05
26848: 3.72453e-05
26849: 3.72439e-05
26850: 3.72426e-05
26851: 3.72412e-05
26852: 3.72398e-05
26853: 3.72384e-05
26854: 3.7237e-05
26855: 3.72356e-05
26856: 3.72342e-05
26857: 3.72329e-05
26858: 3.72315e-05
26859: 3.72301e-05
26860: 3.72287e-05
26861: 3.72273e-05
26862: 3.72259e-05
26863: 3.72245e-05
26864: 3.72232e-05
26865: 3.72218e-05
26866: 3.72204e-05
26867: 3.7219e-05
26868: 3.72176e-05
26869: 3.72162e-05
26870: 3.72148e-05
26871: 3.72135e-05
26872: 3.72121e-05
26873: 3.72107e-05
26874: 3.72093e-05
26875: 3.72079e-05
26876: 3.72065e-05
26877: 3.72051e-05
26878: 3.72038e-05
26879: 3.72024e-05
26880: 3.7201e-05
26881: 3.71996e-05
26882: 3.71982e-05
26883: 3.71968e-05
26884: 3.71955e-05
26885: 3.71941e-05
26886: 3.71927e-05
26887: 3.71913e-05
26888: 3.71899e-05
26889: 3.71885e-05
26890: 3.71872e-05
26891: 3.71858e-05
26892: 3.71844e-05
26893: 3.7183e-05
26894: 3.71816e-05
26895: 3.71802e-05
26896: 3.71789e-05
26897: 3.71775e-05
26898: 3.71761e-05
26899: 3.71747e-05
26900: 3.71733e-05
26901: 3.7172e-05
26902: 3.71706e-05
26903: 3.71692e-05
26904: 3.71678e-05
26905: 3.71664e-05
26906: 3.7165e-05
26907: 3.71637e-05
26908: 3.71623e-05
26909: 3.71609e-05
26910: 3.71595e-05
26911: 3.71581e-05
26912: 3.71568e-05
26913: 3.71554e-05
26914: 3.7154e-05
26915: 3.71526e-05
26916: 3.71512e-05
26917: 3.71499e-05
26918: 3.71485e-05
26919: 3.71471e-05
26920: 3.71457e-05
26921: 3.71443e-05
26922: 3.7143e-05
26923: 3.71416e-05
26924: 3.71402e-05
26925: 3.71388e-05
26926: 3.71374e-05
26927: 3.71361e-05
26928: 3.71347e-05
26929: 3.71333e-05
26930: 3.71319e-05
26931: 3.71306e-05
26932: 3.71292e-05
26933: 3.71278e-05
26934: 3.71264e-05
26935: 3.7125e-05
26936: 3.71237e-05
26937: 3.71223e-05
26938: 3.71209e-05
26939: 3.71195e-05
26940: 3.71181e-05
26941: 3.71168e-05
26942: 3.71154e-05
26943: 3.7114e-05
26944: 3.71126e-05
26945: 3.71113e-05
26946: 3.71099e-05
26947: 3.71085e-05
26948: 3.71071e-05
26949: 3.71058e-05
26950: 3.71044e-05
26951: 3.7103e-05
26952: 3.71016e-05
26953: 3.71002e-05
26954: 3.70989e-05
26955: 3.70975e-05
26956: 3.70961e-05
26957: 3.70947e-05
26958: 3.70934e-05
26959: 3.7092e-05
26960: 3.70906e-05
26961: 3.70892e-05
26962: 3.70879e-05
26963: 3.70865e-05
26964: 3.70851e-05
26965: 3.70837e-05
26966: 3.70824e-05
26967: 3.7081e-05
26968: 3.70796e-05
26969: 3.70782e-05
26970: 3.70769e-05
26971: 3.70755e-05
26972: 3.70741e-05
26973: 3.70727e-05
26974: 3.70714e-05
26975: 3.707e-05
26976: 3.70686e-05
26977: 3.70672e-05
26978: 3.70659e-05
26979: 3.70645e-05
26980: 3.70631e-05
26981: 3.70617e-05
26982: 3.70604e-05
26983: 3.7059e-05
26984: 3.70576e-05
26985: 3.70563e-05
26986: 3.70549e-05
26987: 3.70535e-05
26988: 3.70521e-05
26989: 3.70508e-05
26990: 3.70494e-05
26991: 3.7048e-05
26992: 3.70466e-05
26993: 3.70453e-05
26994: 3.70439e-05
26995: 3.70425e-05
26996: 3.70412e-05
26997: 3.70398e-05
26998: 3.70384e-05
26999: 3.7037e-05
27000: 3.70357e-05
27001: 3.70343e-05
27002: 3.70329e-05
27003: 3.70316e-05
27004: 3.70302e-05
27005: 3.70288e-05
27006: 3.70274e-05
27007: 3.70261e-05
27008: 3.70247e-05
27009: 3.70233e-05
27010: 3.7022e-05
27011: 3.70206e-05
27012: 3.70192e-05
27013: 3.70178e-05
27014: 3.70165e-05
27015: 3.70151e-05
27016: 3.70137e-05
27017: 3.70124e-05
27018: 3.7011e-05
27019: 3.70096e-05
27020: 3.70083e-05
27021: 3.70069e-05
27022: 3.70055e-05
27023: 3.70041e-05
27024: 3.70028e-05
27025: 3.70014e-05
27026: 3.7e-05
27027: 3.69987e-05
27028: 3.69973e-05
27029: 3.69959e-05
27030: 3.69946e-05
27031: 3.69932e-05
27032: 3.69918e-05
27033: 3.69905e-05
27034: 3.69891e-05
27035: 3.69877e-05
27036: 3.69864e-05
27037: 3.6985e-05
27038: 3.69836e-05
27039: 3.69822e-05
27040: 3.69809e-05
27041: 3.69795e-05
27042: 3.69781e-05
27043: 3.69768e-05
27044: 3.69754e-05
27045: 3.6974e-05
27046: 3.69727e-05
27047: 3.69713e-05
27048: 3.69699e-05
27049: 3.69686e-05
27050: 3.69672e-05
27051: 3.69658e-05
27052: 3.69645e-05
27053: 3.69631e-05
27054: 3.69617e-05
27055: 3.69604e-05
27056: 3.6959e-05
27057: 3.69576e-05
27058: 3.69563e-05
27059: 3.69549e-05
27060: 3.69535e-05
27061: 3.69522e-05
27062: 3.69508e-05
27063: 3.69495e-05
27064: 3.69481e-05
27065: 3.69467e-05
27066: 3.69454e-05
27067: 3.6944e-05
27068: 3.69426e-05
27069: 3.69413e-05
27070: 3.69399e-05
27071: 3.69385e-05
27072: 3.69372e-05
27073: 3.69358e-05
27074: 3.69344e-05
27075: 3.69331e-05
27076: 3.69317e-05
27077: 3.69303e-05
27078: 3.6929e-05
27079: 3.69276e-05
27080: 3.69263e-05
27081: 3.69249e-05
27082: 3.69235e-05
27083: 3.69222e-05
27084: 3.69208e-05
27085: 3.69194e-05
27086: 3.69181e-05
27087: 3.69167e-05
27088: 3.69154e-05
27089: 3.6914e-05
27090: 3.69126e-05
27091: 3.69113e-05
27092: 3.69099e-05
27093: 3.69085e-05
27094: 3.69072e-05
27095: 3.69058e-05
27096: 3.69045e-05
27097: 3.69031e-05
27098: 3.69017e-05
27099: 3.69004e-05
27100: 3.6899e-05
27101: 3.68976e-05
27102: 3.68963e-05
27103: 3.68949e-05
27104: 3.68936e-05
27105: 3.68922e-05
27106: 3.68908e-05
27107: 3.68895e-05
27108: 3.68881e-05
27109: 3.68868e-05
27110: 3.68854e-05
27111: 3.6884e-05
27112: 3.68827e-05
27113: 3.68813e-05
27114: 3.688e-05
27115: 3.68786e-05
27116: 3.68772e-05
27117: 3.68759e-05
27118: 3.68745e-05
27119: 3.68732e-05
27120: 3.68718e-05
27121: 3.68704e-05
27122: 3.68691e-05
27123: 3.68677e-05
27124: 3.68664e-05
27125: 3.6865e-05
27126: 3.68636e-05
27127: 3.68623e-05
27128: 3.68609e-05
27129: 3.68596e-05
27130: 3.68582e-05
27131: 3.68568e-05
27132: 3.68555e-05
27133: 3.68541e-05
27134: 3.68528e-05
27135: 3.68514e-05
27136: 3.68501e-05
27137: 3.68487e-05
27138: 3.68473e-05
27139: 3.6846e-05
27140: 3.68446e-05
27141: 3.68433e-05
27142: 3.68419e-05
27143: 3.68406e-05
27144: 3.68392e-05
27145: 3.68378e-05
27146: 3.68365e-05
27147: 3.68351e-05
27148: 3.68338e-05
27149: 3.68324e-05
27150: 3.68311e-05
27151: 3.68297e-05
27152: 3.68283e-05
27153: 3.6827e-05
27154: 3.68256e-05
27155: 3.68243e-05
27156: 3.68229e-05
27157: 3.68216e-05
27158: 3.68202e-05
27159: 3.68189e-05
27160: 3.68175e-05
27161: 3.68161e-05
27162: 3.68148e-05
27163: 3.68134e-05
27164: 3.68121e-05
27165: 3.68107e-05
27166: 3.68094e-05
27167: 3.6808e-05
27168: 3.68067e-05
27169: 3.68053e-05
27170: 3.68039e-05
27171: 3.68026e-05
27172: 3.68012e-05
27173: 3.67999e-05
27174: 3.67985e-05
27175: 3.67972e-05
27176: 3.67958e-05
27177: 3.67945e-05
27178: 3.67931e-05
27179: 3.67918e-05
27180: 3.67904e-05
27181: 3.67891e-05
27182: 3.67877e-05
27183: 3.67863e-05
27184: 3.6785e-05
27185: 3.67836e-05
27186: 3.67823e-05
27187: 3.67809e-05
27188: 3.67796e-05
27189: 3.67782e-05
27190: 3.67769e-05
27191: 3.67755e-05
27192: 3.67742e-05
27193: 3.67728e-05
27194: 3.67715e-05
27195: 3.67701e-05
27196: 3.67688e-05
27197: 3.67674e-05
27198: 3.67661e-05
27199: 3.67647e-05
27200: 3.67634e-05
27201: 3.6762e-05
27202: 3.67607e-05
27203: 3.67593e-05
27204: 3.67579e-05
27205: 3.67566e-05
27206: 3.67552e-05
27207: 3.67539e-05
27208: 3.67525e-05
27209: 3.67512e-05
27210: 3.67498e-05
27211: 3.67485e-05
27212: 3.67471e-05
27213: 3.67458e-05
27214: 3.67444e-05
27215: 3.67431e-05
27216: 3.67417e-05
27217: 3.67404e-05
27218: 3.6739e-05
27219: 3.67377e-05
27220: 3.67363e-05
27221: 3.6735e-05
27222: 3.67336e-05
27223: 3.67323e-05
27224: 3.67309e-05
27225: 3.67296e-05
27226: 3.67282e-05
27227: 3.67269e-05
27228: 3.67255e-05
27229: 3.67242e-05
27230: 3.67229e-05
27231: 3.67215e-05
27232: 3.67202e-05
27233: 3.67188e-05
27234: 3.67175e-05
27235: 3.67161e-05
27236: 3.67148e-05
27237: 3.67134e-05
27238: 3.67121e-05
27239: 3.67107e-05
27240: 3.67094e-05
27241: 3.6708e-05
27242: 3.67067e-05
27243: 3.67053e-05
27244: 3.6704e-05
27245: 3.67026e-05
27246: 3.67013e-05
27247: 3.66999e-05
27248: 3.66986e-05
27249: 3.66972e-05
27250: 3.66959e-05
27251: 3.66946e-05
27252: 3.66932e-05
27253: 3.66919e-05
27254: 3.66905e-05
27255: 3.66892e-05
27256: 3.66878e-05
27257: 3.66865e-05
27258: 3.66851e-05
27259: 3.66838e-05
27260: 3.66824e-05
27261: 3.66811e-05
27262: 3.66797e-05
27263: 3.66784e-05
27264: 3.66771e-05
27265: 3.66757e-05
27266: 3.66744e-05
27267: 3.6673e-05
27268: 3.66717e-05
27269: 3.66703e-05
27270: 3.6669e-05
27271: 3.66676e-05
27272: 3.66663e-05
27273: 3.6665e-05
27274: 3.66636e-05
27275: 3.66623e-05
27276: 3.66609e-05
27277: 3.66596e-05
27278: 3.66582e-05
27279: 3.66569e-05
27280: 3.66555e-05
27281: 3.66542e-05
27282: 3.66529e-05
27283: 3.66515e-05
27284: 3.66502e-05
27285: 3.66488e-05
27286: 3.66475e-05
27287: 3.66461e-05
27288: 3.66448e-05
27289: 3.66435e-05
27290: 3.66421e-05
27291: 3.66408e-05
27292: 3.66394e-05
27293: 3.66381e-05
27294: 3.66367e-05
27295: 3.66354e-05
27296: 3.66341e-05
27297: 3.66327e-05
27298: 3.66314e-05
27299: 3.663e-05
27300: 3.66287e-05
27301: 3.66274e-05
27302: 3.6626e-05
27303: 3.66247e-05
27304: 3.66233e-05
27305: 3.6622e-05
27306: 3.66206e-05
27307: 3.66193e-05
27308: 3.6618e-05
27309: 3.66166e-05
27310: 3.66153e-05
27311: 3.66139e-05
27312: 3.66126e-05
27313: 3.66113e-05
27314: 3.66099e-05
27315: 3.66086e-05
27316: 3.66072e-05
27317: 3.66059e-05
27318: 3.66046e-05
27319: 3.66032e-05
27320: 3.66019e-05
27321: 3.66005e-05
27322: 3.65992e-05
27323: 3.65979e-05
27324: 3.65965e-05
27325: 3.65952e-05
27326: 3.65938e-05
27327: 3.65925e-05
27328: 3.65912e-05
27329: 3.65898e-05
27330: 3.65885e-05
27331: 3.65872e-05
27332: 3.65858e-05
27333: 3.65845e-05
27334: 3.65831e-05
27335: 3.65818e-05
27336: 3.65805e-05
27337: 3.65791e-05
27338: 3.65778e-05
27339: 3.65764e-05
27340: 3.65751e-05
27341: 3.65738e-05
27342: 3.65724e-05
27343: 3.65711e-05
27344: 3.65698e-05
27345: 3.65684e-05
27346: 3.65671e-05
27347: 3.65657e-05
27348: 3.65644e-05
27349: 3.65631e-05
27350: 3.65617e-05
27351: 3.65604e-05
27352: 3.65591e-05
27353: 3.65577e-05
27354: 3.65564e-05
27355: 3.65551e-05
27356: 3.65537e-05
27357: 3.65524e-05
27358: 3.6551e-05
27359: 3.65497e-05
27360: 3.65484e-05
27361: 3.6547e-05
27362: 3.65457e-05
27363: 3.65444e-05
27364: 3.6543e-05
27365: 3.65417e-05
27366: 3.65404e-05
27367: 3.6539e-05
27368: 3.65377e-05
27369: 3.65364e-05
27370: 3.6535e-05
27371: 3.65337e-05
27372: 3.65323e-05
27373: 3.6531e-05
27374: 3.65297e-05
27375: 3.65283e-05
27376: 3.6527e-05
27377: 3.65257e-05
27378: 3.65243e-05
27379: 3.6523e-05
27380: 3.65217e-05
27381: 3.65203e-05
27382: 3.6519e-05
27383: 3.65177e-05
27384: 3.65163e-05
27385: 3.6515e-05
27386: 3.65137e-05
27387: 3.65123e-05
27388: 3.6511e-05
27389: 3.65097e-05
27390: 3.65083e-05
27391: 3.6507e-05
27392: 3.65057e-05
27393: 3.65043e-05
27394: 3.6503e-05
27395: 3.65017e-05
27396: 3.65003e-05
27397: 3.6499e-05
27398: 3.64977e-05
27399: 3.64964e-05
27400: 3.6495e-05
27401: 3.64937e-05
27402: 3.64924e-05
27403: 3.6491e-05
27404: 3.64897e-05
27405: 3.64884e-05
27406: 3.6487e-05
27407: 3.64857e-05
27408: 3.64844e-05
27409: 3.6483e-05
27410: 3.64817e-05
27411: 3.64804e-05
27412: 3.6479e-05
27413: 3.64777e-05
27414: 3.64764e-05
27415: 3.64751e-05
27416: 3.64737e-05
27417: 3.64724e-05
27418: 3.64711e-05
27419: 3.64697e-05
27420: 3.64684e-05
27421: 3.64671e-05
27422: 3.64657e-05
27423: 3.64644e-05
27424: 3.64631e-05
27425: 3.64618e-05
27426: 3.64604e-05
27427: 3.64591e-05
27428: 3.64578e-05
27429: 3.64564e-05
27430: 3.64551e-05
27431: 3.64538e-05
27432: 3.64524e-05
27433: 3.64511e-05
27434: 3.64498e-05
27435: 3.64485e-05
27436: 3.64471e-05
27437: 3.64458e-05
27438: 3.64445e-05
27439: 3.64431e-05
27440: 3.64418e-05
27441: 3.64405e-05
27442: 3.64392e-05
27443: 3.64378e-05
27444: 3.64365e-05
27445: 3.64352e-05
27446: 3.64339e-05
27447: 3.64325e-05
27448: 3.64312e-05
27449: 3.64299e-05
27450: 3.64285e-05
27451: 3.64272e-05
27452: 3.64259e-05
27453: 3.64246e-05
27454: 3.64232e-05
27455: 3.64219e-05
27456: 3.64206e-05
27457: 3.64193e-05
27458: 3.64179e-05
27459: 3.64166e-05
27460: 3.64153e-05
27461: 3.6414e-05
27462: 3.64126e-05
27463: 3.64113e-05
27464: 3.641e-05
27465: 3.64087e-05
27466: 3.64073e-05
27467: 3.6406e-05
27468: 3.64047e-05
27469: 3.64033e-05
27470: 3.6402e-05
27471: 3.64007e-05
27472: 3.63994e-05
27473: 3.6398e-05
27474: 3.63967e-05
27475: 3.63954e-05
27476: 3.63941e-05
27477: 3.63928e-05
27478: 3.63914e-05
27479: 3.63901e-05
27480: 3.63888e-05
27481: 3.63875e-05
27482: 3.63861e-05
27483: 3.63848e-05
27484: 3.63835e-05
27485: 3.63822e-05
27486: 3.63808e-05
27487: 3.63795e-05
27488: 3.63782e-05
27489: 3.63769e-05
27490: 3.63755e-05
27491: 3.63742e-05
27492: 3.63729e-05
27493: 3.63716e-05
27494: 3.63702e-05
27495: 3.63689e-05
27496: 3.63676e-05
27497: 3.63663e-05
27498: 3.6365e-05
27499: 3.63636e-05
27500: 3.63623e-05
27501: 3.6361e-05
27502: 3.63597e-05
27503: 3.63583e-05
27504: 3.6357e-05
27505: 3.63557e-05
27506: 3.63544e-05
27507: 3.63531e-05
27508: 3.63517e-05
27509: 3.63504e-05
27510: 3.63491e-05
27511: 3.63478e-05
27512: 3.63465e-05
27513: 3.63451e-05
27514: 3.63438e-05
27515: 3.63425e-05
27516: 3.63412e-05
27517: 3.63399e-05
27518: 3.63385e-05
27519: 3.63372e-05
27520: 3.63359e-05
27521: 3.63346e-05
27522: 3.63332e-05
27523: 3.63319e-05
27524: 3.63306e-05
27525: 3.63293e-05
27526: 3.6328e-05
27527: 3.63266e-05
27528: 3.63253e-05
27529: 3.6324e-05
27530: 3.63227e-05
27531: 3.63214e-05
27532: 3.63201e-05
27533: 3.63187e-05
27534: 3.63174e-05
27535: 3.63161e-05
27536: 3.63148e-05
27537: 3.63135e-05
27538: 3.63121e-05
27539: 3.63108e-05
27540: 3.63095e-05
27541: 3.63082e-05
27542: 3.63069e-05
27543: 3.63055e-05
27544: 3.63042e-05
27545: 3.63029e-05
27546: 3.63016e-05
27547: 3.63003e-05
27548: 3.6299e-05
27549: 3.62976e-05
27550: 3.62963e-05
27551: 3.6295e-05
27552: 3.62937e-05
27553: 3.62924e-05
27554: 3.62911e-05
27555: 3.62897e-05
27556: 3.62884e-05
27557: 3.62871e-05
27558: 3.62858e-05
27559: 3.62845e-05
27560: 3.62832e-05
27561: 3.62818e-05
27562: 3.62805e-05
27563: 3.62792e-05
27564: 3.62779e-05
27565: 3.62766e-05
27566: 3.62753e-05
27567: 3.62739e-05
27568: 3.62726e-05
27569: 3.62713e-05
27570: 3.627e-05
27571: 3.62687e-05
27572: 3.62674e-05
27573: 3.6266e-05
27574: 3.62647e-05
27575: 3.62634e-05
27576: 3.62621e-05
27577: 3.62608e-05
27578: 3.62595e-05
27579: 3.62582e-05
27580: 3.62568e-05
27581: 3.62555e-05
27582: 3.62542e-05
27583: 3.62529e-05
27584: 3.62516e-05
27585: 3.62503e-05
27586: 3.6249e-05
27587: 3.62476e-05
27588: 3.62463e-05
27589: 3.6245e-05
27590: 3.62437e-05
27591: 3.62424e-05
27592: 3.62411e-05
27593: 3.62398e-05
27594: 3.62384e-05
27595: 3.62371e-05
27596: 3.62358e-05
27597: 3.62345e-05
27598: 3.62332e-05
27599: 3.62319e-05
27600: 3.62306e-05
27601: 3.62293e-05
27602: 3.62279e-05
27603: 3.62266e-05
27604: 3.62253e-05
27605: 3.6224e-05
27606: 3.62227e-05
27607: 3.62214e-05
27608: 3.62201e-05
27609: 3.62188e-05
27610: 3.62174e-05
27611: 3.62161e-05
27612: 3.62148e-05
27613: 3.62135e-05
27614: 3.62122e-05
27615: 3.62109e-05
27616: 3.62096e-05
27617: 3.62083e-05
27618: 3.6207e-05
27619: 3.62056e-05
27620: 3.62043e-05
27621: 3.6203e-05
27622: 3.62017e-05
27623: 3.62004e-05
27624: 3.61991e-05
27625: 3.61978e-05
27626: 3.61965e-05
27627: 3.61952e-05
27628: 3.61939e-05
27629: 3.61925e-05
27630: 3.61912e-05
27631: 3.61899e-05
27632: 3.61886e-05
27633: 3.61873e-05
27634: 3.6186e-05
27635: 3.61847e-05
27636: 3.61834e-05
27637: 3.61821e-05
27638: 3.61808e-05
27639: 3.61795e-05
27640: 3.61781e-05
27641: 3.61768e-05
27642: 3.61755e-05
27643: 3.61742e-05
27644: 3.61729e-05
27645: 3.61716e-05
27646: 3.61703e-05
27647: 3.6169e-05
27648: 3.61677e-05
27649: 3.61664e-05
27650: 3.61651e-05
27651: 3.61637e-05
27652: 3.61624e-05
27653: 3.61611e-05
27654: 3.61598e-05
27655: 3.61585e-05
27656: 3.61572e-05
27657: 3.61559e-05
27658: 3.61546e-05
27659: 3.61533e-05
27660: 3.6152e-05
27661: 3.61507e-05
27662: 3.61494e-05
27663: 3.61481e-05
27664: 3.61468e-05
27665: 3.61454e-05
27666: 3.61441e-05
27667: 3.61428e-05
27668: 3.61415e-05
27669: 3.61402e-05
27670: 3.61389e-05
27671: 3.61376e-05
27672: 3.61363e-05
27673: 3.6135e-05
27674: 3.61337e-05
27675: 3.61324e-05
27676: 3.61311e-05
27677: 3.61298e-05
27678: 3.61285e-05
27679: 3.61272e-05
27680: 3.61259e-05
27681: 3.61246e-05
27682: 3.61233e-05
27683: 3.61219e-05
27684: 3.61206e-05
27685: 3.61193e-05
27686: 3.6118e-05
27687: 3.61167e-05
27688: 3.61154e-05
27689: 3.61141e-05
27690: 3.61128e-05
27691: 3.61115e-05
27692: 3.61102e-05
27693: 3.61089e-05
27694: 3.61076e-05
27695: 3.61063e-05
27696: 3.6105e-05
27697: 3.61037e-05
27698: 3.61024e-05
27699: 3.61011e-05
27700: 3.60998e-05
27701: 3.60985e-05
27702: 3.60972e-05
27703: 3.60959e-05
27704: 3.60946e-05
27705: 3.60933e-05
27706: 3.6092e-05
27707: 3.60907e-05
27708: 3.60894e-05
27709: 3.60881e-05
27710: 3.60868e-05
27711: 3.60855e-05
27712: 3.60841e-05
27713: 3.60828e-05
27714: 3.60815e-05
27715: 3.60802e-05
27716: 3.60789e-05
27717: 3.60776e-05
27718: 3.60763e-05
27719: 3.6075e-05
27720: 3.60737e-05
27721: 3.60724e-05
27722: 3.60711e-05
27723: 3.60698e-05
27724: 3.60685e-05
27725: 3.60672e-05
27726: 3.60659e-05
27727: 3.60646e-05
27728: 3.60633e-05
27729: 3.6062e-05
27730: 3.60607e-05
27731: 3.60594e-05
27732: 3.60581e-05
27733: 3.60568e-05
27734: 3.60555e-05
27735: 3.60542e-05
27736: 3.60529e-05
27737: 3.60516e-05
27738: 3.60503e-05
27739: 3.6049e-05
27740: 3.60477e-05
27741: 3.60464e-05
27742: 3.60451e-05
27743: 3.60438e-05
27744: 3.60425e-05
27745: 3.60412e-05
27746: 3.60399e-05
27747: 3.60386e-05
27748: 3.60373e-05
27749: 3.6036e-05
27750: 3.60347e-05
27751: 3.60334e-05
27752: 3.60321e-05
27753: 3.60308e-05
27754: 3.60295e-05
27755: 3.60282e-05
27756: 3.60269e-05
27757: 3.60257e-05
27758: 3.60244e-05
27759: 3.60231e-05
27760: 3.60218e-05
27761: 3.60205e-05
27762: 3.60192e-05
27763: 3.60179e-05
27764: 3.60166e-05
27765: 3.60153e-05
27766: 3.6014e-05
27767: 3.60127e-05
27768: 3.60114e-05
27769: 3.60101e-05
27770: 3.60088e-05
27771: 3.60075e-05
27772: 3.60062e-05
27773: 3.60049e-05
27774: 3.60036e-05
27775: 3.60023e-05
27776: 3.6001e-05
27777: 3.59997e-05
27778: 3.59984e-05
27779: 3.59971e-05
27780: 3.59958e-05
27781: 3.59945e-05
27782: 3.59932e-05
27783: 3.59919e-05
27784: 3.59906e-05
27785: 3.59893e-05
27786: 3.59881e-05
27787: 3.59868e-05
27788: 3.59855e-05
27789: 3.59842e-05
27790: 3.59829e-05
27791: 3.59816e-05
27792: 3.59803e-05
27793: 3.5979e-05
27794: 3.59777e-05
27795: 3.59764e-05
27796: 3.59751e-05
27797: 3.59738e-05
27798: 3.59725e-05
27799: 3.59712e-05
27800: 3.59699e-05
27801: 3.59686e-05
27802: 3.59673e-05
27803: 3.5966e-05
27804: 3.59648e-05
27805: 3.59635e-05
27806: 3.59622e-05
27807: 3.59609e-05
27808: 3.59596e-05
27809: 3.59583e-05
27810: 3.5957e-05
27811: 3.59557e-05
27812: 3.59544e-05
27813: 3.59531e-05
27814: 3.59518e-05
27815: 3.59505e-05
27816: 3.59492e-05
27817: 3.59479e-05
27818: 3.59467e-05
27819: 3.59454e-05
27820: 3.59441e-05
27821: 3.59428e-05
27822: 3.59415e-05
27823: 3.59402e-05
27824: 3.59389e-05
27825: 3.59376e-05
27826: 3.59363e-05
27827: 3.5935e-05
27828: 3.59337e-05
27829: 3.59324e-05
27830: 3.59312e-05
27831: 3.59299e-05
27832: 3.59286e-05
27833: 3.59273e-05
27834: 3.5926e-05
27835: 3.59247e-05
27836: 3.59234e-05
27837: 3.59221e-05
27838: 3.59208e-05
27839: 3.59195e-05
27840: 3.59183e-05
27841: 3.5917e-05
27842: 3.59157e-05
27843: 3.59144e-05
27844: 3.59131e-05
27845: 3.59118e-05
27846: 3.59105e-05
27847: 3.59092e-05
27848: 3.59079e-05
27849: 3.59066e-05
27850: 3.59054e-05
27851: 3.59041e-05
27852: 3.59028e-05
27853: 3.59015e-05
27854: 3.59002e-05
27855: 3.58989e-05
27856: 3.58976e-05
27857: 3.58963e-05
27858: 3.5895e-05
27859: 3.58938e-05
27860: 3.58925e-05
27861: 3.58912e-05
27862: 3.58899e-05
27863: 3.58886e-05
27864: 3.58873e-05
27865: 3.5886e-05
27866: 3.58847e-05
27867: 3.58835e-05
27868: 3.58822e-05
27869: 3.58809e-05
27870: 3.58796e-05
27871: 3.58783e-05
27872: 3.5877e-05
27873: 3.58757e-05
27874: 3.58744e-05
27875: 3.58732e-05
27876: 3.58719e-05
27877: 3.58706e-05
27878: 3.58693e-05
27879: 3.5868e-05
27880: 3.58667e-05
27881: 3.58654e-05
27882: 3.58641e-05
27883: 3.58629e-05
27884: 3.58616e-05
27885: 3.58603e-05
27886: 3.5859e-05
27887: 3.58577e-05
27888: 3.58564e-05
27889: 3.58551e-05
27890: 3.58539e-05
27891: 3.58526e-05
27892: 3.58513e-05
27893: 3.585e-05
27894: 3.58487e-05
27895: 3.58474e-05
27896: 3.58461e-05
27897: 3.58449e-05
27898: 3.58436e-05
27899: 3.58423e-05
27900: 3.5841e-05
27901: 3.58397e-05
27902: 3.58384e-05
27903: 3.58372e-05
27904: 3.58359e-05
27905: 3.58346e-05
27906: 3.58333e-05
27907: 3.5832e-05
27908: 3.58307e-05
27909: 3.58295e-05
27910: 3.58282e-05
27911: 3.58269e-05
27912: 3.58256e-05
27913: 3.58243e-05
27914: 3.5823e-05
27915: 3.58218e-05
27916: 3.58205e-05
27917: 3.58192e-05
27918: 3.58179e-05
27919: 3.58166e-05
27920: 3.58153e-05
27921: 3.58141e-05
27922: 3.58128e-05
27923: 3.58115e-05
27924: 3.58102e-05
27925: 3.58089e-05
27926: 3.58076e-05
27927: 3.58064e-05
27928: 3.58051e-05
27929: 3.58038e-05
27930: 3.58025e-05
27931: 3.58012e-05
27932: 3.57999e-05
27933: 3.57987e-05
27934: 3.57974e-05
27935: 3.57961e-05
27936: 3.57948e-05
27937: 3.57935e-05
27938: 3.57923e-05
27939: 3.5791e-05
27940: 3.57897e-05
27941: 3.57884e-05
27942: 3.57871e-05
27943: 3.57859e-05
27944: 3.57846e-05
27945: 3.57833e-05
27946: 3.5782e-05
27947: 3.57807e-05
27948: 3.57795e-05
27949: 3.57782e-05
27950: 3.57769e-05
27951: 3.57756e-05
27952: 3.57743e-05
27953: 3.57731e-05
27954: 3.57718e-05
27955: 3.57705e-05
27956: 3.57692e-05
27957: 3.57679e-05
27958: 3.57667e-05
27959: 3.57654e-05
27960: 3.57641e-05
27961: 3.57628e-05
27962: 3.57615e-05
27963: 3.57603e-05
27964: 3.5759e-05
27965: 3.57577e-05
27966: 3.57564e-05
27967: 3.57551e-05
27968: 3.57539e-05
27969: 3.57526e-05
27970: 3.57513e-05
27971: 3.575e-05
27972: 3.57488e-05
27973: 3.57475e-05
27974: 3.57462e-05
27975: 3.57449e-05
27976: 3.57436e-05
27977: 3.57424e-05
27978: 3.57411e-05
27979: 3.57398e-05
27980: 3.57385e-05
27981: 3.57373e-05
27982: 3.5736e-05
27983: 3.57347e-05
27984: 3.57334e-05
27985: 3.57322e-05
27986: 3.57309e-05
27987: 3.57296e-05
27988: 3.57283e-05
27989: 3.5727e-05
27990: 3.57258e-05
27991: 3.57245e-05
27992: 3.57232e-05
27993: 3.57219e-05
27994: 3.57207e-05
27995: 3.57194e-05
27996: 3.57181e-05
27997: 3.57168e-05
27998: 3.57156e-05
27999: 3.57143e-05
28000: 3.5713e-05
28001: 3.57117e-05
28002: 3.57105e-05
28003: 3.57092e-05
28004: 3.57079e-05
28005: 3.57066e-05
28006: 3.57054e-05
28007: 3.57041e-05
28008: 3.57028e-05
28009: 3.57015e-05
28010: 3.57003e-05
28011: 3.5699e-05
28012: 3.56977e-05
28013: 3.56964e-05
28014: 3.56952e-05
28015: 3.56939e-05
28016: 3.56926e-05
28017: 3.56913e-05
28018: 3.56901e-05
28019: 3.56888e-05
28020: 3.56875e-05
28021: 3.56862e-05
28022: 3.5685e-05
28023: 3.56837e-05
28024: 3.56824e-05
28025: 3.56812e-05
28026: 3.56799e-05
28027: 3.56786e-05
28028: 3.56773e-05
28029: 3.56761e-05
28030: 3.56748e-05
28031: 3.56735e-05
28032: 3.56722e-05
28033: 3.5671e-05
28034: 3.56697e-05
28035: 3.56684e-05
28036: 3.56672e-05
28037: 3.56659e-05
28038: 3.56646e-05
28039: 3.56633e-05
28040: 3.56621e-05
28041: 3.56608e-05
28042: 3.56595e-05
28043: 3.56583e-05
28044: 3.5657e-05
28045: 3.56557e-05
28046: 3.56544e-05
28047: 3.56532e-05
28048: 3.56519e-05
28049: 3.56506e-05
28050: 3.56494e-05
28051: 3.56481e-05
28052: 3.56468e-05
28053: 3.56455e-05
28054: 3.56443e-05
28055: 3.5643e-05
28056: 3.56417e-05
28057: 3.56405e-05
28058: 3.56392e-05
28059: 3.56379e-05
28060: 3.56366e-05
28061: 3.56354e-05
28062: 3.56341e-05
28063: 3.56328e-05
28064: 3.56316e-05
28065: 3.56303e-05
28066: 3.5629e-05
28067: 3.56278e-05
28068: 3.56265e-05
28069: 3.56252e-05
28070: 3.5624e-05
28071: 3.56227e-05
28072: 3.56214e-05
28073: 3.56201e-05
28074: 3.56189e-05
28075: 3.56176e-05
28076: 3.56163e-05
28077: 3.56151e-05
28078: 3.56138e-05
28079: 3.56125e-05
28080: 3.56113e-05
28081: 3.561e-05
28082: 3.56087e-05
28083: 3.56075e-05
28084: 3.56062e-05
28085: 3.56049e-05
28086: 3.56037e-05
28087: 3.56024e-05
28088: 3.56011e-05
28089: 3.55999e-05
28090: 3.55986e-05
28091: 3.55973e-05
28092: 3.55961e-05
28093: 3.55948e-05
28094: 3.55935e-05
28095: 3.55923e-05
28096: 3.5591e-05
28097: 3.55897e-05
28098: 3.55885e-05
28099: 3.55872e-05
28100: 3.55859e-05
28101: 3.55847e-05
28102: 3.55834e-05
28103: 3.55821e-05
28104: 3.55809e-05
28105: 3.55796e-05
28106: 3.55783e-05
28107: 3.55771e-05
28108: 3.55758e-05
28109: 3.55745e-05
28110: 3.55733e-05
28111: 3.5572e-05
28112: 3.55707e-05
28113: 3.55695e-05
28114: 3.55682e-05
28115: 3.55669e-05
28116: 3.55657e-05
28117: 3.55644e-05
28118: 3.55631e-05
28119: 3.55619e-05
28120: 3.55606e-05
28121: 3.55593e-05
28122: 3.55581e-05
28123: 3.55568e-05
28124: 3.55556e-05
28125: 3.55543e-05
28126: 3.5553e-05
28127: 3.55518e-05
28128: 3.55505e-05
28129: 3.55492e-05
28130: 3.5548e-05
28131: 3.55467e-05
28132: 3.55454e-05
28133: 3.55442e-05
28134: 3.55429e-05
28135: 3.55417e-05
28136: 3.55404e-05
28137: 3.55391e-05
28138: 3.55379e-05
28139: 3.55366e-05
28140: 3.55353e-05
28141: 3.55341e-05
28142: 3.55328e-05
28143: 3.55316e-05
28144: 3.55303e-05
28145: 3.5529e-05
28146: 3.55278e-05
28147: 3.55265e-05
28148: 3.55252e-05
28149: 3.5524e-05
28150: 3.55227e-05
28151: 3.55215e-05
28152: 3.55202e-05
28153: 3.55189e-05
28154: 3.55177e-05
28155: 3.55164e-05
28156: 3.55151e-05
28157: 3.55139e-05
28158: 3.55126e-05
28159: 3.55114e-05
28160: 3.55101e-05
28161: 3.55088e-05
28162: 3.55076e-05
28163: 3.55063e-05
28164: 3.55051e-05
28165: 3.55038e-05
28166: 3.55025e-05
28167: 3.55013e-05
28168: 3.55e-05
28169: 3.54988e-05
28170: 3.54975e-05
28171: 3.54962e-05
28172: 3.5495e-05
28173: 3.54937e-05
28174: 3.54925e-05
28175: 3.54912e-05
28176: 3.54899e-05
28177: 3.54887e-05
28178: 3.54874e-05
28179: 3.54862e-05
28180: 3.54849e-05
28181: 3.54836e-05
28182: 3.54824e-05
28183: 3.54811e-05
28184: 3.54799e-05
28185: 3.54786e-05
28186: 3.54773e-05
28187: 3.54761e-05
28188: 3.54748e-05
28189: 3.54736e-05
28190: 3.54723e-05
28191: 3.54711e-05
28192: 3.54698e-05
28193: 3.54685e-05
28194: 3.54673e-05
28195: 3.5466e-05
28196: 3.54648e-05
28197: 3.54635e-05
28198: 3.54623e-05
28199: 3.5461e-05
28200: 3.54597e-05
28201: 3.54585e-05
28202: 3.54572e-05
28203: 3.5456e-05
28204: 3.54547e-05
28205: 3.54534e-05
28206: 3.54522e-05
28207: 3.54509e-05
28208: 3.54497e-05
28209: 3.54484e-05
28210: 3.54472e-05
28211: 3.54459e-05
28212: 3.54447e-05
28213: 3.54434e-05
28214: 3.54421e-05
28215: 3.54409e-05
28216: 3.54396e-05
28217: 3.54384e-05
28218: 3.54371e-05
28219: 3.54359e-05
28220: 3.54346e-05
28221: 3.54333e-05
28222: 3.54321e-05
28223: 3.54308e-05
28224: 3.54296e-05
28225: 3.54283e-05
28226: 3.54271e-05
28227: 3.54258e-05
28228: 3.54246e-05
28229: 3.54233e-05
28230: 3.54221e-05
28231: 3.54208e-05
28232: 3.54195e-05
28233: 3.54183e-05
28234: 3.5417e-05
28235: 3.54158e-05
28236: 3.54145e-05
28237: 3.54133e-05
28238: 3.5412e-05
28239: 3.54108e-05
28240: 3.54095e-05
28241: 3.54083e-05
28242: 3.5407e-05
28243: 3.54057e-05
28244: 3.54045e-05
28245: 3.54032e-05
28246: 3.5402e-05
28247: 3.54007e-05
28248: 3.53995e-05
28249: 3.53982e-05
28250: 3.5397e-05
28251: 3.53957e-05
28252: 3.53945e-05
28253: 3.53932e-05
28254: 3.5392e-05
28255: 3.53907e-05
28256: 3.53895e-05
28257: 3.53882e-05
28258: 3.5387e-05
28259: 3.53857e-05
28260: 3.53845e-05
28261: 3.53832e-05
28262: 3.53819e-05
28263: 3.53807e-05
28264: 3.53794e-05
28265: 3.53782e-05
28266: 3.53769e-05
28267: 3.53757e-05
28268: 3.53744e-05
28269: 3.53732e-05
28270: 3.53719e-05
28271: 3.53707e-05
28272: 3.53694e-05
28273: 3.53682e-05
28274: 3.53669e-05
28275: 3.53657e-05
28276: 3.53644e-05
28277: 3.53632e-05
28278: 3.53619e-05
28279: 3.53607e-05
28280: 3.53594e-05
28281: 3.53582e-05
28282: 3.53569e-05
28283: 3.53557e-05
28284: 3.53544e-05
28285: 3.53532e-05
28286: 3.53519e-05
28287: 3.53507e-05
28288: 3.53494e-05
28289: 3.53482e-05
28290: 3.53469e-05
28291: 3.53457e-05
28292: 3.53444e-05
28293: 3.53432e-05
28294: 3.53419e-05
28295: 3.53407e-05
28296: 3.53394e-05
28297: 3.53382e-05
28298: 3.53369e-05
28299: 3.53357e-05
28300: 3.53344e-05
28301: 3.53332e-05
28302: 3.53319e-05
28303: 3.53307e-05
28304: 3.53294e-05
28305: 3.53282e-05
28306: 3.5327e-05
28307: 3.53257e-05
28308: 3.53245e-05
28309: 3.53232e-05
28310: 3.5322e-05
28311: 3.53207e-05
28312: 3.53195e-05
28313: 3.53182e-05
28314: 3.5317e-05
28315: 3.53157e-05
28316: 3.53145e-05
28317: 3.53132e-05
28318: 3.5312e-05
28319: 3.53107e-05
28320: 3.53095e-05
28321: 3.53082e-05
28322: 3.5307e-05
28323: 3.53057e-05
28324: 3.53045e-05
28325: 3.53033e-05
28326: 3.5302e-05
28327: 3.53008e-05
28328: 3.52995e-05
28329: 3.52983e-05
28330: 3.5297e-05
28331: 3.52958e-05
28332: 3.52945e-05
28333: 3.52933e-05
28334: 3.5292e-05
28335: 3.52908e-05
28336: 3.52896e-05
28337: 3.52883e-05
28338: 3.52871e-05
28339: 3.52858e-05
28340: 3.52846e-05
28341: 3.52833e-05
28342: 3.52821e-05
28343: 3.52808e-05
28344: 3.52796e-05
28345: 3.52783e-05
28346: 3.52771e-05
28347: 3.52759e-05
28348: 3.52746e-05
28349: 3.52734e-05
28350: 3.52721e-05
28351: 3.52709e-05
28352: 3.52696e-05
28353: 3.52684e-05
28354: 3.52671e-05
28355: 3.52659e-05
28356: 3.52647e-05
28357: 3.52634e-05
28358: 3.52622e-05
28359: 3.52609e-05
28360: 3.52597e-05
28361: 3.52584e-05
28362: 3.52572e-05
28363: 3.5256e-05
28364: 3.52547e-05
28365: 3.52535e-05
28366: 3.52522e-05
28367: 3.5251e-05
28368: 3.52497e-05
28369: 3.52485e-05
28370: 3.52473e-05
28371: 3.5246e-05
28372: 3.52448e-05
28373: 3.52435e-05
28374: 3.52423e-05
28375: 3.5241e-05
28376: 3.52398e-05
28377: 3.52386e-05
28378: 3.52373e-05
28379: 3.52361e-05
28380: 3.52348e-05
28381: 3.52336e-05
28382: 3.52324e-05
28383: 3.52311e-05
28384: 3.52299e-05
28385: 3.52286e-05
28386: 3.52274e-05
28387: 3.52262e-05
28388: 3.52249e-05
28389: 3.52237e-05
28390: 3.52224e-05
28391: 3.52212e-05
28392: 3.52199e-05
28393: 3.52187e-05
28394: 3.52175e-05
28395: 3.52162e-05
28396: 3.5215e-05
28397: 3.52137e-05
28398: 3.52125e-05
28399: 3.52113e-05
28400: 3.521e-05
28401: 3.52088e-05
28402: 3.52075e-05
28403: 3.52063e-05
28404: 3.52051e-05
28405: 3.52038e-05
28406: 3.52026e-05
28407: 3.52014e-05
28408: 3.52001e-05
28409: 3.51989e-05
28410: 3.51976e-05
28411: 3.51964e-05
28412: 3.51952e-05
28413: 3.51939e-05
28414: 3.51927e-05
28415: 3.51914e-05
28416: 3.51902e-05
28417: 3.5189e-05
28418: 3.51877e-05
28419: 3.51865e-05
28420: 3.51853e-05
28421: 3.5184e-05
28422: 3.51828e-05
28423: 3.51815e-05
28424: 3.51803e-05
28425: 3.51791e-05
28426: 3.51778e-05
28427: 3.51766e-05
28428: 3.51753e-05
28429: 3.51741e-05
28430: 3.51729e-05
28431: 3.51716e-05
28432: 3.51704e-05
28433: 3.51692e-05
28434: 3.51679e-05
28435: 3.51667e-05
28436: 3.51655e-05
28437: 3.51642e-05
28438: 3.5163e-05
28439: 3.51617e-05
28440: 3.51605e-05
28441: 3.51593e-05
28442: 3.5158e-05
28443: 3.51568e-05
28444: 3.51556e-05
28445: 3.51543e-05
28446: 3.51531e-05
28447: 3.51519e-05
28448: 3.51506e-05
28449: 3.51494e-05
28450: 3.51481e-05
28451: 3.51469e-05
28452: 3.51457e-05
28453: 3.51444e-05
28454: 3.51432e-05
28455: 3.5142e-05
28456: 3.51407e-05
28457: 3.51395e-05
28458: 3.51383e-05
28459: 3.5137e-05
28460: 3.51358e-05
28461: 3.51346e-05
28462: 3.51333e-05
28463: 3.51321e-05
28464: 3.51309e-05
28465: 3.51296e-05
28466: 3.51284e-05
28467: 3.51272e-05
28468: 3.51259e-05
28469: 3.51247e-05
28470: 3.51235e-05
28471: 3.51222e-05
28472: 3.5121e-05
28473: 3.51198e-05
28474: 3.51185e-05
28475: 3.51173e-05
28476: 3.51161e-05
28477: 3.51148e-05
28478: 3.51136e-05
28479: 3.51124e-05
28480: 3.51111e-05
28481: 3.51099e-05
28482: 3.51087e-05
28483: 3.51074e-05
28484: 3.51062e-05
28485: 3.5105e-05
28486: 3.51037e-05
28487: 3.51025e-05
28488: 3.51013e-05
28489: 3.51e-05
28490: 3.50988e-05
28491: 3.50976e-05
28492: 3.50963e-05
28493: 3.50951e-05
28494: 3.50939e-05
28495: 3.50926e-05
28496: 3.50914e-05
28497: 3.50902e-05
28498: 3.5089e-05
28499: 3.50877e-05
28500: 3.50865e-05
28501: 3.50853e-05
28502: 3.5084e-05
28503: 3.50828e-05
28504: 3.50816e-05
28505: 3.50803e-05
28506: 3.50791e-05
28507: 3.50779e-05
28508: 3.50766e-05
28509: 3.50754e-05
28510: 3.50742e-05
28511: 3.5073e-05
28512: 3.50717e-05
28513: 3.50705e-05
28514: 3.50693e-05
28515: 3.5068e-05
28516: 3.50668e-05
28517: 3.50656e-05
28518: 3.50643e-05
28519: 3.50631e-05
28520: 3.50619e-05
28521: 3.50607e-05
28522: 3.50594e-05
28523: 3.50582e-05
28524: 3.5057e-05
28525: 3.50557e-05
28526: 3.50545e-05
28527: 3.50533e-05
28528: 3.50521e-05
28529: 3.50508e-05
28530: 3.50496e-05
28531: 3.50484e-05
28532: 3.50471e-05
28533: 3.50459e-05
28534: 3.50447e-05
28535: 3.50435e-05
28536: 3.50422e-05
28537: 3.5041e-05
28538: 3.50398e-05
28539: 3.50385e-05
28540: 3.50373e-05
28541: 3.50361e-05
28542: 3.50349e-05
28543: 3.50336e-05
28544: 3.50324e-05
28545: 3.50312e-05
28546: 3.503e-05
28547: 3.50287e-05
28548: 3.50275e-05
28549: 3.50263e-05
28550: 3.5025e-05
28551: 3.50238e-05
28552: 3.50226e-05
28553: 3.50214e-05
28554: 3.50201e-05
28555: 3.50189e-05
28556: 3.50177e-05
28557: 3.50165e-05
28558: 3.50152e-05
28559: 3.5014e-05
28560: 3.50128e-05
28561: 3.50116e-05
28562: 3.50103e-05
28563: 3.50091e-05
28564: 3.50079e-05
28565: 3.50067e-05
28566: 3.50054e-05
28567: 3.50042e-05
28568: 3.5003e-05
28569: 3.50018e-05
28570: 3.50005e-05
28571: 3.49993e-05
28572: 3.49981e-05
28573: 3.49969e-05
28574: 3.49956e-05
28575: 3.49944e-05
28576: 3.49932e-05
28577: 3.4992e-05
28578: 3.49907e-05
28579: 3.49895e-05
28580: 3.49883e-05
28581: 3.49871e-05
28582: 3.49858e-05
28583: 3.49846e-05
28584: 3.49834e-05
28585: 3.49822e-05
28586: 3.49809e-05
28587: 3.49797e-05
28588: 3.49785e-05
28589: 3.49773e-05
28590: 3.4976e-05
28591: 3.49748e-05
28592: 3.49736e-05
28593: 3.49724e-05
28594: 3.49711e-05
28595: 3.49699e-05
28596: 3.49687e-05
28597: 3.49675e-05
28598: 3.49663e-05
28599: 3.4965e-05
28600: 3.49638e-05
28601: 3.49626e-05
28602: 3.49614e-05
28603: 3.49601e-05
28604: 3.49589e-05
28605: 3.49577e-05
28606: 3.49565e-05
28607: 3.49553e-05
28608: 3.4954e-05
28609: 3.49528e-05
28610: 3.49516e-05
28611: 3.49504e-05
28612: 3.49491e-05
28613: 3.49479e-05
28614: 3.49467e-05
28615: 3.49455e-05
28616: 3.49443e-05
28617: 3.4943e-05
28618: 3.49418e-05
28619: 3.49406e-05
28620: 3.49394e-05
28621: 3.49382e-05
28622: 3.49369e-05
28623: 3.49357e-05
28624: 3.49345e-05
28625: 3.49333e-05
28626: 3.49321e-05
28627: 3.49308e-05
28628: 3.49296e-05
28629: 3.49284e-05
28630: 3.49272e-05
28631: 3.4926e-05
28632: 3.49247e-05
28633: 3.49235e-05
28634: 3.49223e-05
28635: 3.49211e-05
28636: 3.49199e-05
28637: 3.49186e-05
28638: 3.49174e-05
28639: 3.49162e-05
28640: 3.4915e-05
28641: 3.49138e-05
28642: 3.49125e-05
28643: 3.49113e-05
28644: 3.49101e-05
28645: 3.49089e-05
28646: 3.49077e-05
28647: 3.49065e-05
28648: 3.49052e-05
28649: 3.4904e-05
28650: 3.49028e-05
28651: 3.49016e-05
28652: 3.49004e-05
28653: 3.48991e-05
28654: 3.48979e-05
28655: 3.48967e-05
28656: 3.48955e-05
28657: 3.48943e-05
28658: 3.48931e-05
28659: 3.48918e-05
28660: 3.48906e-05
28661: 3.48894e-05
28662: 3.48882e-05
28663: 3.4887e-05
28664: 3.48857e-05
28665: 3.48845e-05
28666: 3.48833e-05
28667: 3.48821e-05
28668: 3.48809e-05
28669: 3.48797e-05
28670: 3.48784e-05
28671: 3.48772e-05
28672: 3.4876e-05
28673: 3.48748e-05
28674: 3.48736e-05
28675: 3.48724e-05
28676: 3.48712e-05
28677: 3.48699e-05
28678: 3.48687e-05
28679: 3.48675e-05
28680: 3.48663e-05
28681: 3.48651e-05
28682: 3.48639e-05
28683: 3.48626e-05
28684: 3.48614e-05
28685: 3.48602e-05
28686: 3.4859e-05
28687: 3.48578e-05
28688: 3.48566e-05
28689: 3.48554e-05
28690: 3.48541e-05
28691: 3.48529e-05
28692: 3.48517e-05
28693: 3.48505e-05
28694: 3.48493e-05
28695: 3.48481e-05
28696: 3.48468e-05
28697: 3.48456e-05
28698: 3.48444e-05
28699: 3.48432e-05
28700: 3.4842e-05
28701: 3.48408e-05
28702: 3.48396e-05
28703: 3.48384e-05
28704: 3.48371e-05
28705: 3.48359e-05
28706: 3.48347e-05
28707: 3.48335e-05
28708: 3.48323e-05
28709: 3.48311e-05
28710: 3.48299e-05
28711: 3.48286e-05
28712: 3.48274e-05
28713: 3.48262e-05
28714: 3.4825e-05
28715: 3.48238e-05
28716: 3.48226e-05
28717: 3.48214e-05
28718: 3.48202e-05
28719: 3.48189e-05
28720: 3.48177e-05
28721: 3.48165e-05
28722: 3.48153e-05
28723: 3.48141e-05
28724: 3.48129e-05
28725: 3.48117e-05
28726: 3.48105e-05
28727: 3.48092e-05
28728: 3.4808e-05
28729: 3.48068e-05
28730: 3.48056e-05
28731: 3.48044e-05
28732: 3.48032e-05
28733: 3.4802e-05
28734: 3.48008e-05
28735: 3.47996e-05
28736: 3.47983e-05
28737: 3.47971e-05
28738: 3.47959e-05
28739: 3.47947e-05
28740: 3.47935e-05
28741: 3.47923e-05
28742: 3.47911e-05
28743: 3.47899e-05
28744: 3.47887e-05
28745: 3.47874e-05
28746: 3.47862e-05
28747: 3.4785e-05
28748: 3.47838e-05
28749: 3.47826e-05
28750: 3.47814e-05
28751: 3.47802e-05
28752: 3.4779e-05
28753: 3.47778e-05
28754: 3.47766e-05
28755: 3.47754e-05
28756: 3.47741e-05
28757: 3.47729e-05
28758: 3.47717e-05
28759: 3.47705e-05
28760: 3.47693e-05
28761: 3.47681e-05
28762: 3.47669e-05
28763: 3.47657e-05
28764: 3.47645e-05
28765: 3.47633e-05
28766: 3.47621e-05
28767: 3.47608e-05
28768: 3.47596e-05
28769: 3.47584e-05
28770: 3.47572e-05
28771: 3.4756e-05
28772: 3.47548e-05
28773: 3.47536e-05
28774: 3.47524e-05
28775: 3.47512e-05
28776: 3.475e-05
28777: 3.47488e-05
28778: 3.47476e-05
28779: 3.47464e-05
28780: 3.47451e-05
28781: 3.47439e-05
28782: 3.47427e-05
28783: 3.47415e-05
28784: 3.47403e-05
28785: 3.47391e-05
28786: 3.47379e-05
28787: 3.47367e-05
28788: 3.47355e-05
28789: 3.47343e-05
28790: 3.47331e-05
28791: 3.47319e-05
28792: 3.47307e-05
28793: 3.47295e-05
28794: 3.47283e-05
28795: 3.4727e-05
28796: 3.47258e-05
28797: 3.47246e-05
28798: 3.47234e-05
28799: 3.47222e-05
28800: 3.4721e-05
28801: 3.47198e-05
28802: 3.47186e-05
28803: 3.47174e-05
28804: 3.47162e-05
28805: 3.4715e-05
28806: 3.47138e-05
28807: 3.47126e-05
28808: 3.47114e-05
28809: 3.47102e-05
28810: 3.4709e-05
28811: 3.47078e-05
28812: 3.47066e-05
28813: 3.47054e-05
28814: 3.47041e-05
28815: 3.47029e-05
28816: 3.47017e-05
28817: 3.47005e-05
28818: 3.46993e-05
28819: 3.46981e-05
28820: 3.46969e-05
28821: 3.46957e-05
28822: 3.46945e-05
28823: 3.46933e-05
28824: 3.46921e-05
28825: 3.46909e-05
28826: 3.46897e-05
28827: 3.46885e-05
28828: 3.46873e-05
28829: 3.46861e-05
28830: 3.46849e-05
28831: 3.46837e-05
28832: 3.46825e-05
28833: 3.46813e-05
28834: 3.46801e-05
28835: 3.46789e-05
28836: 3.46777e-05
28837: 3.46765e-05
28838: 3.46753e-05
28839: 3.46741e-05
28840: 3.46729e-05
28841: 3.46717e-05
28842: 3.46705e-05
28843: 3.46693e-05
28844: 3.46681e-05
28845: 3.46669e-05
28846: 3.46656e-05
28847: 3.46644e-05
28848: 3.46632e-05
28849: 3.4662e-05
28850: 3.46608e-05
28851: 3.46596e-05
28852: 3.46584e-05
28853: 3.46572e-05
28854: 3.4656e-05
28855: 3.46548e-05
28856: 3.46536e-05
28857: 3.46524e-05
28858: 3.46512e-05
28859: 3.465e-05
28860: 3.46488e-05
28861: 3.46476e-05
28862: 3.46464e-05
28863: 3.46452e-05
28864: 3.4644e-05
28865: 3.46428e-05
28866: 3.46416e-05
28867: 3.46404e-05
28868: 3.46392e-05
28869: 3.4638e-05
28870: 3.46368e-05
28871: 3.46356e-05
28872: 3.46344e-05
28873: 3.46332e-05
28874: 3.4632e-05
28875: 3.46308e-05
28876: 3.46296e-05
28877: 3.46284e-05
28878: 3.46272e-05
28879: 3.4626e-05
28880: 3.46248e-05
28881: 3.46236e-05
28882: 3.46224e-05
28883: 3.46212e-05
28884: 3.462e-05
28885: 3.46188e-05
28886: 3.46176e-05
28887: 3.46164e-05
28888: 3.46153e-05
28889: 3.46141e-05
28890: 3.46129e-05
28891: 3.46117e-05
28892: 3.46105e-05
28893: 3.46093e-05
28894: 3.46081e-05
28895: 3.46069e-05
28896: 3.46057e-05
28897: 3.46045e-05
28898: 3.46033e-05
28899: 3.46021e-05
28900: 3.46009e-05
28901: 3.45997e-05
28902: 3.45985e-05
28903: 3.45973e-05
28904: 3.45961e-05
28905: 3.45949e-05
28906: 3.45937e-05
28907: 3.45925e-05
28908: 3.45913e-05
28909: 3.45901e-05
28910: 3.45889e-05
28911: 3.45877e-05
28912: 3.45865e-05
28913: 3.45853e-05
28914: 3.45841e-05
28915: 3.45829e-05
28916: 3.45817e-05
28917: 3.45805e-05
28918: 3.45793e-05
28919: 3.45781e-05
28920: 3.4577e-05
28921: 3.45758e-05
28922: 3.45746e-05
28923: 3.45734e-05
28924: 3.45722e-05
28925: 3.4571e-05
28926: 3.45698e-05
28927: 3.45686e-05
28928: 3.45674e-05
28929: 3.45662e-05
28930: 3.4565e-05
28931: 3.45638e-05
28932: 3.45626e-05
28933: 3.45614e-05
28934: 3.45602e-05
28935: 3.4559e-05
28936: 3.45578e-05
28937: 3.45566e-05
28938: 3.45554e-05
28939: 3.45543e-05
28940: 3.45531e-05
28941: 3.45519e-05
28942: 3.45507e-05
28943: 3.45495e-05
28944: 3.45483e-05
28945: 3.45471e-05
28946: 3.45459e-05
28947: 3.45447e-05
28948: 3.45435e-05
28949: 3.45423e-05
28950: 3.45411e-05
28951: 3.45399e-05
28952: 3.45387e-05
28953: 3.45375e-05
28954: 3.45363e-05
28955: 3.45352e-05
28956: 3.4534e-05
28957: 3.45328e-05
28958: 3.45316e-05
28959: 3.45304e-05
28960: 3.45292e-05
28961: 3.4528e-05
28962: 3.45268e-05
28963: 3.45256e-05
28964: 3.45244e-05
28965: 3.45232e-05
28966: 3.4522e-05
28967: 3.45209e-05
28968: 3.45197e-05
28969: 3.45185e-05
28970: 3.45173e-05
28971: 3.45161e-05
28972: 3.45149e-05
28973: 3.45137e-05
28974: 3.45125e-05
28975: 3.45113e-05
28976: 3.45101e-05
28977: 3.45089e-05
28978: 3.45077e-05
28979: 3.45066e-05
28980: 3.45054e-05
28981: 3.45042e-05
28982: 3.4503e-05
28983: 3.45018e-05
28984: 3.45006e-05
28985: 3.44994e-05
28986: 3.44982e-05
28987: 3.4497e-05
28988: 3.44958e-05
28989: 3.44947e-05
28990: 3.44935e-05
28991: 3.44923e-05
28992: 3.44911e-05
28993: 3.44899e-05
28994: 3.44887e-05
28995: 3.44875e-05
28996: 3.44863e-05
28997: 3.44851e-05
28998: 3.44839e-05
28999: 3.44828e-05
29000: 3.44816e-05
29001: 3.44804e-05
29002: 3.44792e-05
29003: 3.4478e-05
29004: 3.44768e-05
29005: 3.44756e-05
29006: 3.44744e-05
29007: 3.44732e-05
29008: 3.44721e-05
29009: 3.44709e-05
29010: 3.44697e-05
29011: 3.44685e-05
29012: 3.44673e-05
29013: 3.44661e-05
29014: 3.44649e-05
29015: 3.44637e-05
29016: 3.44626e-05
29017: 3.44614e-05
29018: 3.44602e-05
29019: 3.4459e-05
29020: 3.44578e-05
29021: 3.44566e-05
29022: 3.44554e-05
29023: 3.44542e-05
29024: 3.44531e-05
29025: 3.44519e-05
29026: 3.44507e-05
29027: 3.44495e-05
29028: 3.44483e-05
29029: 3.44471e-05
29030: 3.44459e-05
29031: 3.44448e-05
29032: 3.44436e-05
29033: 3.44424e-05
29034: 3.44412e-05
29035: 3.444e-05
29036: 3.44388e-05
29037: 3.44376e-05
29038: 3.44364e-05
29039: 3.44353e-05
29040: 3.44341e-05
29041: 3.44329e-05
29042: 3.44317e-05
29043: 3.44305e-05
29044: 3.44293e-05
29045: 3.44281e-05
29046: 3.4427e-05
29047: 3.44258e-05
29048: 3.44246e-05
29049: 3.44234e-05
29050: 3.44222e-05
29051: 3.4421e-05
29052: 3.44199e-05
29053: 3.44187e-05
29054: 3.44175e-05
29055: 3.44163e-05
29056: 3.44151e-05
29057: 3.44139e-05
29058: 3.44127e-05
29059: 3.44116e-05
29060: 3.44104e-05
29061: 3.44092e-05
29062: 3.4408e-05
29063: 3.44068e-05
29064: 3.44056e-05
29065: 3.44045e-05
29066: 3.44033e-05
29067: 3.44021e-05
29068: 3.44009e-05
29069: 3.43997e-05
29070: 3.43985e-05
29071: 3.43974e-05
29072: 3.43962e-05
29073: 3.4395e-05
29074: 3.43938e-05
29075: 3.43926e-05
29076: 3.43914e-05
29077: 3.43903e-05
29078: 3.43891e-05
29079: 3.43879e-05
29080: 3.43867e-05
29081: 3.43855e-05
29082: 3.43843e-05
29083: 3.43832e-05
29084: 3.4382e-05
29085: 3.43808e-05
29086: 3.43796e-05
29087: 3.43784e-05
29088: 3.43773e-05
29089: 3.43761e-05
29090: 3.43749e-05
29091: 3.43737e-05
29092: 3.43725e-05
29093: 3.43713e-05
29094: 3.43702e-05
29095: 3.4369e-05
29096: 3.43678e-05
29097: 3.43666e-05
29098: 3.43654e-05
29099: 3.43643e-05
29100: 3.43631e-05
29101: 3.43619e-05
29102: 3.43607e-05
29103: 3.43595e-05
29104: 3.43584e-05
29105: 3.43572e-05
29106: 3.4356e-05
29107: 3.43548e-05
29108: 3.43536e-05
29109: 3.43525e-05
29110: 3.43513e-05
29111: 3.43501e-05
29112: 3.43489e-05
29113: 3.43477e-05
29114: 3.43466e-05
29115: 3.43454e-05
29116: 3.43442e-05
29117: 3.4343e-05
29118: 3.43418e-05
29119: 3.43407e-05
29120: 3.43395e-05
29121: 3.43383e-05
29122: 3.43371e-05
29123: 3.43359e-05
29124: 3.43348e-05
29125: 3.43336e-05
29126: 3.43324e-05
29127: 3.43312e-05
29128: 3.433e-05
29129: 3.43289e-05
29130: 3.43277e-05
29131: 3.43265e-05
29132: 3.43253e-05
29133: 3.43242e-05
29134: 3.4323e-05
29135: 3.43218e-05
29136: 3.43206e-05
29137: 3.43194e-05
29138: 3.43183e-05
29139: 3.43171e-05
29140: 3.43159e-05
29141: 3.43147e-05
29142: 3.43136e-05
29143: 3.43124e-05
29144: 3.43112e-05
29145: 3.431e-05
29146: 3.43088e-05
29147: 3.43077e-05
29148: 3.43065e-05
29149: 3.43053e-05
29150: 3.43041e-05
29151: 3.4303e-05
29152: 3.43018e-05
29153: 3.43006e-05
29154: 3.42994e-05
29155: 3.42983e-05
29156: 3.42971e-05
29157: 3.42959e-05
29158: 3.42947e-05
29159: 3.42936e-05
29160: 3.42924e-05
29161: 3.42912e-05
29162: 3.429e-05
29163: 3.42888e-05
29164: 3.42877e-05
29165: 3.42865e-05
29166: 3.42853e-05
29167: 3.42841e-05
29168: 3.4283e-05
29169: 3.42818e-05
29170: 3.42806e-05
29171: 3.42794e-05
29172: 3.42783e-05
29173: 3.42771e-05
29174: 3.42759e-05
29175: 3.42747e-05
29176: 3.42736e-05
29177: 3.42724e-05
29178: 3.42712e-05
29179: 3.427e-05
29180: 3.42689e-05
29181: 3.42677e-05
29182: 3.42665e-05
29183: 3.42654e-05
29184: 3.42642e-05
29185: 3.4263e-05
29186: 3.42618e-05
29187: 3.42607e-05
29188: 3.42595e-05
29189: 3.42583e-05
29190: 3.42571e-05
29191: 3.4256e-05
29192: 3.42548e-05
29193: 3.42536e-05
29194: 3.42524e-05
29195: 3.42513e-05
29196: 3.42501e-05
29197: 3.42489e-05
29198: 3.42477e-05
29199: 3.42466e-05
29200: 3.42454e-05
29201: 3.42442e-05
29202: 3.42431e-05
29203: 3.42419e-05
29204: 3.42407e-05
29205: 3.42395e-05
29206: 3.42384e-05
29207: 3.42372e-05
29208: 3.4236e-05
29209: 3.42349e-05
29210: 3.42337e-05
29211: 3.42325e-05
29212: 3.42313e-05
29213: 3.42302e-05
29214: 3.4229e-05
29215: 3.42278e-05
29216: 3.42266e-05
29217: 3.42255e-05
29218: 3.42243e-05
29219: 3.42231e-05
29220: 3.4222e-05
29221: 3.42208e-05
29222: 3.42196e-05
29223: 3.42185e-05
29224: 3.42173e-05
29225: 3.42161e-05
29226: 3.42149e-05
29227: 3.42138e-05
29228: 3.42126e-05
29229: 3.42114e-05
29230: 3.42103e-05
29231: 3.42091e-05
29232: 3.42079e-05
29233: 3.42067e-05
29234: 3.42056e-05
29235: 3.42044e-05
29236: 3.42032e-05
29237: 3.42021e-05
29238: 3.42009e-05
29239: 3.41997e-05
29240: 3.41986e-05
29241: 3.41974e-05
29242: 3.41962e-05
29243: 3.4195e-05
29244: 3.41939e-05
29245: 3.41927e-05
29246: 3.41915e-05
29247: 3.41904e-05
29248: 3.41892e-05
29249: 3.4188e-05
29250: 3.41869e-05
29251: 3.41857e-05
29252: 3.41845e-05
29253: 3.41834e-05
29254: 3.41822e-05
29255: 3.4181e-05
29256: 3.41799e-05
29257: 3.41787e-05
29258: 3.41775e-05
29259: 3.41763e-05
29260: 3.41752e-05
29261: 3.4174e-05
29262: 3.41728e-05
29263: 3.41717e-05
29264: 3.41705e-05
29265: 3.41693e-05
29266: 3.41682e-05
29267: 3.4167e-05
29268: 3.41658e-05
29269: 3.41647e-05
29270: 3.41635e-05
29271: 3.41623e-05
29272: 3.41612e-05
29273: 3.416e-05
29274: 3.41588e-05
29275: 3.41577e-05
29276: 3.41565e-05
29277: 3.41553e-05
29278: 3.41542e-05
29279: 3.4153e-05
29280: 3.41518e-05
29281: 3.41507e-05
29282: 3.41495e-05
29283: 3.41483e-05
29284: 3.41472e-05
29285: 3.4146e-05
29286: 3.41448e-05
29287: 3.41437e-05
29288: 3.41425e-05
29289: 3.41413e-05
29290: 3.41402e-05
29291: 3.4139e-05
29292: 3.41378e-05
29293: 3.41367e-05
29294: 3.41355e-05
29295: 3.41344e-05
29296: 3.41332e-05
29297: 3.4132e-05
29298: 3.41309e-05
29299: 3.41297e-05
29300: 3.41285e-05
29301: 3.41274e-05
29302: 3.41262e-05
29303: 3.4125e-05
29304: 3.41239e-05
29305: 3.41227e-05
29306: 3.41215e-05
29307: 3.41204e-05
29308: 3.41192e-05
29309: 3.4118e-05
29310: 3.41169e-05
29311: 3.41157e-05
29312: 3.41146e-05
29313: 3.41134e-05
29314: 3.41122e-05
29315: 3.41111e-05
29316: 3.41099e-05
29317: 3.41087e-05
29318: 3.41076e-05
29319: 3.41064e-05
29320: 3.41052e-05
29321: 3.41041e-05
29322: 3.41029e-05
29323: 3.41018e-05
29324: 3.41006e-05
29325: 3.40994e-05
29326: 3.40983e-05
29327: 3.40971e-05
29328: 3.40959e-05
29329: 3.40948e-05
29330: 3.40936e-05
29331: 3.40925e-05
29332: 3.40913e-05
29333: 3.40901e-05
29334: 3.4089e-05
29335: 3.40878e-05
29336: 3.40866e-05
29337: 3.40855e-05
29338: 3.40843e-05
29339: 3.40832e-05
29340: 3.4082e-05
29341: 3.40808e-05
29342: 3.40797e-05
29343: 3.40785e-05
29344: 3.40774e-05
29345: 3.40762e-05
29346: 3.4075e-05
29347: 3.40739e-05
29348: 3.40727e-05
29349: 3.40716e-05
29350: 3.40704e-05
29351: 3.40692e-05
29352: 3.40681e-05
29353: 3.40669e-05
29354: 3.40657e-05
29355: 3.40646e-05
29356: 3.40634e-05
29357: 3.40623e-05
29358: 3.40611e-05
29359: 3.40599e-05
29360: 3.40588e-05
29361: 3.40576e-05
29362: 3.40565e-05
29363: 3.40553e-05
29364: 3.40541e-05
29365: 3.4053e-05
29366: 3.40518e-05
29367: 3.40507e-05
29368: 3.40495e-05
29369: 3.40483e-05
29370: 3.40472e-05
29371: 3.4046e-05
29372: 3.40449e-05
29373: 3.40437e-05
29374: 3.40426e-05
29375: 3.40414e-05
29376: 3.40402e-05
29377: 3.40391e-05
29378: 3.40379e-05
29379: 3.40368e-05
29380: 3.40356e-05
29381: 3.40344e-05
29382: 3.40333e-05
29383: 3.40321e-05
29384: 3.4031e-05
29385: 3.40298e-05
29386: 3.40287e-05
29387: 3.40275e-05
29388: 3.40263e-05
29389: 3.40252e-05
29390: 3.4024e-05
29391: 3.40229e-05
29392: 3.40217e-05
29393: 3.40205e-05
29394: 3.40194e-05
29395: 3.40182e-05
29396: 3.40171e-05
29397: 3.40159e-05
29398: 3.40148e-05
29399: 3.40136e-05
29400: 3.40124e-05
29401: 3.40113e-05
29402: 3.40101e-05
29403: 3.4009e-05
29404: 3.40078e-05
29405: 3.40067e-05
29406: 3.40055e-05
29407: 3.40044e-05
29408: 3.40032e-05
29409: 3.4002e-05
29410: 3.40009e-05
29411: 3.39997e-05
29412: 3.39986e-05
29413: 3.39974e-05
29414: 3.39963e-05
29415: 3.39951e-05
29416: 3.39939e-05
29417: 3.39928e-05
29418: 3.39916e-05
29419: 3.39905e-05
29420: 3.39893e-05
29421: 3.39882e-05
29422: 3.3987e-05
29423: 3.39859e-05
29424: 3.39847e-05
29425: 3.39836e-05
29426: 3.39824e-05
29427: 3.39812e-05
29428: 3.39801e-05
29429: 3.39789e-05
29430: 3.39778e-05
29431: 3.39766e-05
29432: 3.39755e-05
29433: 3.39743e-05
29434: 3.39732e-05
29435: 3.3972e-05
29436: 3.39709e-05
29437: 3.39697e-05
29438: 3.39685e-05
29439: 3.39674e-05
29440: 3.39662e-05
29441: 3.39651e-05
29442: 3.39639e-05
29443: 3.39628e-05
29444: 3.39616e-05
29445: 3.39605e-05
29446: 3.39593e-05
29447: 3.39582e-05
29448: 3.3957e-05
29449: 3.39559e-05
29450: 3.39547e-05
29451: 3.39536e-05
29452: 3.39524e-05
29453: 3.39512e-05
29454: 3.39501e-05
29455: 3.39489e-05
29456: 3.39478e-05
29457: 3.39466e-05
29458: 3.39455e-05
29459: 3.39443e-05
29460: 3.39432e-05
29461: 3.3942e-05
29462: 3.39409e-05
29463: 3.39397e-05
29464: 3.39386e-05
29465: 3.39374e-05
29466: 3.39363e-05
29467: 3.39351e-05
29468: 3.3934e-05
29469: 3.39328e-05
29470: 3.39317e-05
29471: 3.39305e-05
29472: 3.39294e-05
29473: 3.39282e-05
29474: 3.39271e-05
29475: 3.39259e-05
29476: 3.39248e-05
29477: 3.39236e-05
29478: 3.39225e-05
29479: 3.39213e-05
29480: 3.39202e-05
29481: 3.3919e-05
29482: 3.39179e-05
29483: 3.39167e-05
29484: 3.39156e-05
29485: 3.39144e-05
29486: 3.39132e-05
29487: 3.39121e-05
29488: 3.39109e-05
29489: 3.39098e-05
29490: 3.39087e-05
29491: 3.39075e-05
29492: 3.39064e-05
29493: 3.39052e-05
29494: 3.39041e-05
29495: 3.39029e-05
29496: 3.39018e-05
29497: 3.39006e-05
29498: 3.38995e-05
29499: 3.38983e-05
29500: 3.38972e-05
29501: 3.3896e-05
29502: 3.38949e-05
29503: 3.38937e-05
29504: 3.38926e-05
29505: 3.38914e-05
29506: 3.38903e-05
29507: 3.38891e-05
29508: 3.3888e-05
29509: 3.38868e-05
29510: 3.38857e-05
29511: 3.38845e-05
29512: 3.38834e-05
29513: 3.38822e-05
29514: 3.38811e-05
29515: 3.38799e-05
29516: 3.38788e-05
29517: 3.38776e-05
29518: 3.38765e-05
29519: 3.38753e-05
29520: 3.38742e-05
29521: 3.3873e-05
29522: 3.38719e-05
29523: 3.38707e-05
29524: 3.38696e-05
29525: 3.38685e-05
29526: 3.38673e-05
29527: 3.38662e-05
29528: 3.3865e-05
29529: 3.38639e-05
29530: 3.38627e-05
29531: 3.38616e-05
29532: 3.38604e-05
29533: 3.38593e-05
29534: 3.38581e-05
29535: 3.3857e-05
29536: 3.38558e-05
29537: 3.38547e-05
29538: 3.38535e-05
29539: 3.38524e-05
29540: 3.38513e-05
29541: 3.38501e-05
29542: 3.3849e-05
29543: 3.38478e-05
29544: 3.38467e-05
29545: 3.38455e-05
29546: 3.38444e-05
29547: 3.38432e-05
29548: 3.38421e-05
29549: 3.38409e-05
29550: 3.38398e-05
29551: 3.38387e-05
29552: 3.38375e-05
29553: 3.38364e-05
29554: 3.38352e-05
29555: 3.38341e-05
29556: 3.38329e-05
29557: 3.38318e-05
29558: 3.38306e-05
29559: 3.38295e-05
29560: 3.38284e-05
29561: 3.38272e-05
29562: 3.38261e-05
29563: 3.38249e-05
29564: 3.38238e-05
29565: 3.38226e-05
29566: 3.38215e-05
29567: 3.38203e-05
29568: 3.38192e-05
29569: 3.38181e-05
29570: 3.38169e-05
29571: 3.38158e-05
29572: 3.38146e-05
29573: 3.38135e-05
29574: 3.38123e-05
29575: 3.38112e-05
29576: 3.38101e-05
29577: 3.38089e-05
29578: 3.38078e-05
29579: 3.38066e-05
29580: 3.38055e-05
29581: 3.38043e-05
29582: 3.38032e-05
29583: 3.38021e-05
29584: 3.38009e-05
29585: 3.37998e-05
29586: 3.37986e-05
29587: 3.37975e-05
29588: 3.37963e-05
29589: 3.37952e-05
29590: 3.37941e-05
29591: 3.37929e-05
29592: 3.37918e-05
29593: 3.37906e-05
29594: 3.37895e-05
29595: 3.37883e-05
29596: 3.37872e-05
29597: 3.37861e-05
29598: 3.37849e-05
29599: 3.37838e-05
29600: 3.37826e-05
29601: 3.37815e-05
29602: 3.37804e-05
29603: 3.37792e-05
29604: 3.37781e-05
29605: 3.37769e-05
29606: 3.37758e-05
29607: 3.37747e-05
29608: 3.37735e-05
29609: 3.37724e-05
29610: 3.37712e-05
29611: 3.37701e-05
29612: 3.3769e-05
29613: 3.37678e-05
29614: 3.37667e-05
29615: 3.37655e-05
29616: 3.37644e-05
29617: 3.37633e-05
29618: 3.37621e-05
29619: 3.3761e-05
29620: 3.37598e-05
29621: 3.37587e-05
29622: 3.37576e-05
29623: 3.37564e-05
29624: 3.37553e-05
29625: 3.37541e-05
29626: 3.3753e-05
29627: 3.37519e-05
29628: 3.37507e-05
29629: 3.37496e-05
29630: 3.37484e-05
29631: 3.37473e-05
29632: 3.37462e-05
29633: 3.3745e-05
29634: 3.37439e-05
29635: 3.37427e-05
29636: 3.37416e-05
29637: 3.37405e-05
29638: 3.37393e-05
29639: 3.37382e-05
29640: 3.37371e-05
29641: 3.37359e-05
29642: 3.37348e-05
29643: 3.37336e-05
29644: 3.37325e-05
29645: 3.37314e-05
29646: 3.37302e-05
29647: 3.37291e-05
29648: 3.3728e-05
29649: 3.37268e-05
29650: 3.37257e-05
29651: 3.37245e-05
29652: 3.37234e-05
29653: 3.37223e-05
29654: 3.37211e-05
29655: 3.372e-05
29656: 3.37189e-05
29657: 3.37177e-05
29658: 3.37166e-05
29659: 3.37154e-05
29660: 3.37143e-05
29661: 3.37132e-05
29662: 3.3712e-05
29663: 3.37109e-05
29664: 3.37098e-05
29665: 3.37086e-05
29666: 3.37075e-05
29667: 3.37064e-05
29668: 3.37052e-05
29669: 3.37041e-05
29670: 3.37029e-05
29671: 3.37018e-05
29672: 3.37007e-05
29673: 3.36995e-05
29674: 3.36984e-05
29675: 3.36973e-05
29676: 3.36961e-05
29677: 3.3695e-05
29678: 3.36939e-05
29679: 3.36927e-05
29680: 3.36916e-05
29681: 3.36905e-05
29682: 3.36893e-05
29683: 3.36882e-05
29684: 3.3687e-05
29685: 3.36859e-05
29686: 3.36848e-05
29687: 3.36836e-05
29688: 3.36825e-05
29689: 3.36814e-05
29690: 3.36802e-05
29691: 3.36791e-05
29692: 3.3678e-05
29693: 3.36768e-05
29694: 3.36757e-05
29695: 3.36746e-05
29696: 3.36734e-05
29697: 3.36723e-05
29698: 3.36712e-05
29699: 3.367e-05
29700: 3.36689e-05
29701: 3.36678e-05
29702: 3.36666e-05
29703: 3.36655e-05
29704: 3.36644e-05
29705: 3.36632e-05
29706: 3.36621e-05
29707: 3.3661e-05
29708: 3.36598e-05
29709: 3.36587e-05
29710: 3.36576e-05
29711: 3.36564e-05
29712: 3.36553e-05
29713: 3.36542e-05
29714: 3.3653e-05
29715: 3.36519e-05
29716: 3.36508e-05
29717: 3.36496e-05
29718: 3.36485e-05
29719: 3.36474e-05
29720: 3.36462e-05
29721: 3.36451e-05
29722: 3.3644e-05
29723: 3.36428e-05
29724: 3.36417e-05
29725: 3.36406e-05
29726: 3.36395e-05
29727: 3.36383e-05
29728: 3.36372e-05
29729: 3.36361e-05
29730: 3.36349e-05
29731: 3.36338e-05
29732: 3.36327e-05
29733: 3.36315e-05
29734: 3.36304e-05
29735: 3.36293e-05
29736: 3.36281e-05
29737: 3.3627e-05
29738: 3.36259e-05
29739: 3.36247e-05
29740: 3.36236e-05
29741: 3.36225e-05
29742: 3.36214e-05
29743: 3.36202e-05
29744: 3.36191e-05
29745: 3.3618e-05
29746: 3.36168e-05
29747: 3.36157e-05
29748: 3.36146e-05
29749: 3.36134e-05
29750: 3.36123e-05
29751: 3.36112e-05
29752: 3.36101e-05
29753: 3.36089e-05
29754: 3.36078e-05
29755: 3.36067e-05
29756: 3.36055e-05
29757: 3.36044e-05
29758: 3.36033e-05
29759: 3.36022e-05
29760: 3.3601e-05
29761: 3.35999e-05
29762: 3.35988e-05
29763: 3.35976e-05
29764: 3.35965e-05
29765: 3.35954e-05
29766: 3.35942e-05
29767: 3.35931e-05
29768: 3.3592e-05
29769: 3.35909e-05
29770: 3.35897e-05
29771: 3.35886e-05
29772: 3.35875e-05
29773: 3.35864e-05
29774: 3.35852e-05
29775: 3.35841e-05
29776: 3.3583e-05
29777: 3.35818e-05
29778: 3.35807e-05
29779: 3.35796e-05
29780: 3.35785e-05
29781: 3.35773e-05
29782: 3.35762e-05
29783: 3.35751e-05
29784: 3.35739e-05
29785: 3.35728e-05
29786: 3.35717e-05
29787: 3.35706e-05
29788: 3.35694e-05
29789: 3.35683e-05
29790: 3.35672e-05
29791: 3.35661e-05
29792: 3.35649e-05
29793: 3.35638e-05
29794: 3.35627e-05
29795: 3.35616e-05
29796: 3.35604e-05
29797: 3.35593e-05
29798: 3.35582e-05
29799: 3.3557e-05
29800: 3.35559e-05
29801: 3.35548e-05
29802: 3.35537e-05
29803: 3.35525e-05
29804: 3.35514e-05
29805: 3.35503e-05
29806: 3.35492e-05
29807: 3.3548e-05
29808: 3.35469e-05
29809: 3.35458e-05
29810: 3.35447e-05
29811: 3.35435e-05
29812: 3.35424e-05
29813: 3.35413e-05
29814: 3.35402e-05
29815: 3.3539e-05
29816: 3.35379e-05
29817: 3.35368e-05
29818: 3.35357e-05
29819: 3.35345e-05
29820: 3.35334e-05
29821: 3.35323e-05
29822: 3.35312e-05
29823: 3.353e-05
29824: 3.35289e-05
29825: 3.35278e-05
29826: 3.35267e-05
29827: 3.35255e-05
29828: 3.35244e-05
29829: 3.35233e-05
29830: 3.35222e-05
29831: 3.35211e-05
29832: 3.35199e-05
29833: 3.35188e-05
29834: 3.35177e-05
29835: 3.35166e-05
29836: 3.35154e-05
29837: 3.35143e-05
29838: 3.35132e-05
29839: 3.35121e-05
29840: 3.35109e-05
29841: 3.35098e-05
29842: 3.35087e-05
29843: 3.35076e-05
29844: 3.35064e-05
29845: 3.35053e-05
29846: 3.35042e-05
29847: 3.35031e-05
29848: 3.3502e-05
29849: 3.35008e-05
29850: 3.34997e-05
29851: 3.34986e-05
29852: 3.34975e-05
29853: 3.34963e-05
29854: 3.34952e-05
29855: 3.34941e-05
29856: 3.3493e-05
29857: 3.34919e-05
29858: 3.34907e-05
29859: 3.34896e-05
29860: 3.34885e-05
29861: 3.34874e-05
29862: 3.34863e-05
29863: 3.34851e-05
29864: 3.3484e-05
29865: 3.34829e-05
29866: 3.34818e-05
29867: 3.34806e-05
29868: 3.34795e-05
29869: 3.34784e-05
29870: 3.34773e-05
29871: 3.34762e-05
29872: 3.3475e-05
29873: 3.34739e-05
29874: 3.34728e-05
29875: 3.34717e-05
29876: 3.34706e-05
29877: 3.34694e-05
29878: 3.34683e-05
29879: 3.34672e-05
29880: 3.34661e-05
29881: 3.3465e-05
29882: 3.34638e-05
29883: 3.34627e-05
29884: 3.34616e-05
29885: 3.34605e-05
29886: 3.34594e-05
29887: 3.34582e-05
29888: 3.34571e-05
29889: 3.3456e-05
29890: 3.34549e-05
29891: 3.34538e-05
29892: 3.34526e-05
29893: 3.34515e-05
29894: 3.34504e-05
29895: 3.34493e-05
29896: 3.34482e-05
29897: 3.34471e-05
29898: 3.34459e-05
29899: 3.34448e-05
29900: 3.34437e-05
29901: 3.34426e-05
29902: 3.34415e-05
29903: 3.34403e-05
29904: 3.34392e-05
29905: 3.34381e-05
29906: 3.3437e-05
29907: 3.34359e-05
29908: 3.34348e-05
29909: 3.34336e-05
29910: 3.34325e-05
29911: 3.34314e-05
29912: 3.34303e-05
29913: 3.34292e-05
29914: 3.3428e-05
29915: 3.34269e-05
29916: 3.34258e-05
29917: 3.34247e-05
29918: 3.34236e-05
29919: 3.34225e-05
29920: 3.34213e-05
29921: 3.34202e-05
29922: 3.34191e-05
29923: 3.3418e-05
29924: 3.34169e-05
29925: 3.34158e-05
29926: 3.34146e-05
29927: 3.34135e-05
29928: 3.34124e-05
29929: 3.34113e-05
29930: 3.34102e-05
29931: 3.34091e-05
29932: 3.34079e-05
29933: 3.34068e-05
29934: 3.34057e-05
29935: 3.34046e-05
29936: 3.34035e-05
29937: 3.34024e-05
29938: 3.34012e-05
29939: 3.34001e-05
29940: 3.3399e-05
29941: 3.33979e-05
29942: 3.33968e-05
29943: 3.33957e-05
29944: 3.33946e-05
29945: 3.33934e-05
29946: 3.33923e-05
29947: 3.33912e-05
29948: 3.33901e-05
29949: 3.3389e-05
29950: 3.33879e-05
29951: 3.33868e-05
29952: 3.33856e-05
29953: 3.33845e-05
29954: 3.33834e-05
29955: 3.33823e-05
29956: 3.33812e-05
29957: 3.33801e-05
29958: 3.3379e-05
29959: 3.33778e-05
29960: 3.33767e-05
29961: 3.33756e-05
29962: 3.33745e-05
29963: 3.33734e-05
29964: 3.33723e-05
29965: 3.33712e-05
29966: 3.337e-05
29967: 3.33689e-05
29968: 3.33678e-05
29969: 3.33667e-05
29970: 3.33656e-05
29971: 3.33645e-05
29972: 3.33634e-05
29973: 3.33622e-05
29974: 3.33611e-05
29975: 3.336e-05
29976: 3.33589e-05
29977: 3.33578e-05
29978: 3.33567e-05
29979: 3.33556e-05
29980: 3.33545e-05
29981: 3.33533e-05
29982: 3.33522e-05
29983: 3.33511e-05
29984: 3.335e-05
29985: 3.33489e-05
29986: 3.33478e-05
29987: 3.33467e-05
29988: 3.33456e-05
29989: 3.33444e-05
29990: 3.33433e-05
29991: 3.33422e-05
29992: 3.33411e-05
29993: 3.334e-05
29994: 3.33389e-05
29995: 3.33378e-05
29996: 3.33367e-05
29997: 3.33356e-05
29998: 3.33344e-05
29999: 3.33333e-05
30000: 3.33322e-05
30001: 3.33311e-05
30002: 3.333e-05
30003: 3.33289e-05
30004: 3.33278e-05
30005: 3.33267e-05
30006: 3.33256e-05
30007: 3.33244e-05
30008: 3.33233e-05
30009: 3.33222e-05
30010: 3.33211e-05
30011: 3.332e-05
30012: 3.33189e-05
30013: 3.33178e-05
30014: 3.33167e-05
30015: 3.33156e-05
30016: 3.33145e-05
30017: 3.33133e-05
30018: 3.33122e-05
30019: 3.33111e-05
30020: 3.331e-05
30021: 3.33089e-05
30022: 3.33078e-05
30023: 3.33067e-05
30024: 3.33056e-05
30025: 3.33045e-05
30026: 3.33034e-05
30027: 3.33023e-05
30028: 3.33011e-05
30029: 3.33e-05
30030: 3.32989e-05
30031: 3.32978e-05
30032: 3.32967e-05
30033: 3.32956e-05
30034: 3.32945e-05
30035: 3.32934e-05
30036: 3.32923e-05
30037: 3.32912e-05
30038: 3.32901e-05
30039: 3.32889e-05
30040: 3.32878e-05
30041: 3.32867e-05
30042: 3.32856e-05
30043: 3.32845e-05
30044: 3.32834e-05
30045: 3.32823e-05
30046: 3.32812e-05
30047: 3.32801e-05
30048: 3.3279e-05
30049: 3.32779e-05
30050: 3.32768e-05
30051: 3.32757e-05
30052: 3.32745e-05
30053: 3.32734e-05
30054: 3.32723e-05
30055: 3.32712e-05
30056: 3.32701e-05
30057: 3.3269e-05
30058: 3.32679e-05
30059: 3.32668e-05
30060: 3.32657e-05
30061: 3.32646e-05
30062: 3.32635e-05
30063: 3.32624e-05
30064: 3.32613e-05
30065: 3.32602e-05
30066: 3.32591e-05
30067: 3.32579e-05
30068: 3.32568e-05
30069: 3.32557e-05
30070: 3.32546e-05
30071: 3.32535e-05
30072: 3.32524e-05
30073: 3.32513e-05
30074: 3.32502e-05
30075: 3.32491e-05
30076: 3.3248e-05
30077: 3.32469e-05
30078: 3.32458e-05
30079: 3.32447e-05
30080: 3.32436e-05
30081: 3.32425e-05
30082: 3.32414e-05
30083: 3.32403e-05
30084: 3.32392e-05
30085: 3.32381e-05
30086: 3.32369e-05
30087: 3.32358e-05
30088: 3.32347e-05
30089: 3.32336e-05
30090: 3.32325e-05
30091: 3.32314e-05
30092: 3.32303e-05
30093: 3.32292e-05
30094: 3.32281e-05
30095: 3.3227e-05
30096: 3.32259e-05
30097: 3.32248e-05
30098: 3.32237e-05
30099: 3.32226e-05
30100: 3.32215e-05
30101: 3.32204e-05
30102: 3.32193e-05
30103: 3.32182e-05
30104: 3.32171e-05
30105: 3.3216e-05
30106: 3.32149e-05
30107: 3.32138e-05
30108: 3.32127e-05
30109: 3.32116e-05
30110: 3.32105e-05
30111: 3.32094e-05
30112: 3.32082e-05
30113: 3.32071e-05
30114: 3.3206e-05
30115: 3.32049e-05
30116: 3.32038e-05
30117: 3.32027e-05
30118: 3.32016e-05
30119: 3.32005e-05
30120: 3.31994e-05
30121: 3.31983e-05
30122: 3.31972e-05
30123: 3.31961e-05
30124: 3.3195e-05
30125: 3.31939e-05
30126: 3.31928e-05
30127: 3.31917e-05
30128: 3.31906e-05
30129: 3.31895e-05
30130: 3.31884e-05
30131: 3.31873e-05
30132: 3.31862e-05
30133: 3.31851e-05
30134: 3.3184e-05
30135: 3.31829e-05
30136: 3.31818e-05
30137: 3.31807e-05
30138: 3.31796e-05
30139: 3.31785e-05
30140: 3.31774e-05
30141: 3.31763e-05
30142: 3.31752e-05
30143: 3.31741e-05
30144: 3.3173e-05
30145: 3.31719e-05
30146: 3.31708e-05
30147: 3.31697e-05
30148: 3.31686e-05
30149: 3.31675e-05
30150: 3.31664e-05
30151: 3.31653e-05
30152: 3.31642e-05
30153: 3.31631e-05
30154: 3.3162e-05
30155: 3.31609e-05
30156: 3.31598e-05
30157: 3.31587e-05
30158: 3.31576e-05
30159: 3.31565e-05
30160: 3.31554e-05
30161: 3.31543e-05
30162: 3.31532e-05
30163: 3.31521e-05
30164: 3.3151e-05
30165: 3.31499e-05
30166: 3.31488e-05
30167: 3.31477e-05
30168: 3.31466e-05
30169: 3.31455e-05
30170: 3.31444e-05
30171: 3.31433e-05
30172: 3.31422e-05
30173: 3.31411e-05
30174: 3.314e-05
30175: 3.31389e-05
30176: 3.31378e-05
30177: 3.31367e-05
30178: 3.31356e-05
30179: 3.31345e-05
30180: 3.31334e-05
30181: 3.31323e-05
30182: 3.31312e-05
30183: 3.31301e-05
30184: 3.3129e-05
30185: 3.31279e-05
30186: 3.31268e-05
30187: 3.31257e-05
30188: 3.31246e-05
30189: 3.31236e-05
30190: 3.31225e-05
30191: 3.31214e-05
30192: 3.31203e-05
30193: 3.31192e-05
30194: 3.31181e-05
30195: 3.3117e-05
30196: 3.31159e-05
30197: 3.31148e-05
30198: 3.31137e-05
30199: 3.31126e-05
30200: 3.31115e-05
30201: 3.31104e-05
30202: 3.31093e-05
30203: 3.31082e-05
30204: 3.31071e-05
30205: 3.3106e-05
30206: 3.31049e-05
30207: 3.31038e-05
30208: 3.31027e-05
30209: 3.31016e-05
30210: 3.31005e-05
30211: 3.30994e-05
30212: 3.30983e-05
30213: 3.30972e-05
30214: 3.30961e-05
30215: 3.3095e-05
30216: 3.3094e-05
30217: 3.30929e-05
30218: 3.30918e-05
30219: 3.30907e-05
30220: 3.30896e-05
30221: 3.30885e-05
30222: 3.30874e-05
30223: 3.30863e-05
30224: 3.30852e-05
30225: 3.30841e-05
30226: 3.3083e-05
30227: 3.30819e-05
30228: 3.30808e-05
30229: 3.30797e-05
30230: 3.30786e-05
30231: 3.30775e-05
30232: 3.30764e-05
30233: 3.30753e-05
30234: 3.30743e-05
30235: 3.30732e-05
30236: 3.30721e-05
30237: 3.3071e-05
30238: 3.30699e-05
30239: 3.30688e-05
30240: 3.30677e-05
30241: 3.30666e-05
30242: 3.30655e-05
30243: 3.30644e-05
30244: 3.30633e-05
30245: 3.30622e-05
30246: 3.30611e-05
30247: 3.306e-05
30248: 3.30589e-05
30249: 3.30579e-05
30250: 3.30568e-05
30251: 3.30557e-05
30252: 3.30546e-05
30253: 3.30535e-05
30254: 3.30524e-05
30255: 3.30513e-05
30256: 3.30502e-05
30257: 3.30491e-05
30258: 3.3048e-05
30259: 3.30469e-05
30260: 3.30458e-05
30261: 3.30447e-05
30262: 3.30437e-05
30263: 3.30426e-05
30264: 3.30415e-05
30265: 3.30404e-05
30266: 3.30393e-05
30267: 3.30382e-05
30268: 3.30371e-05
30269: 3.3036e-05
30270: 3.30349e-05
30271: 3.30338e-05
30272: 3.30327e-05
30273: 3.30316e-05
30274: 3.30306e-05
30275: 3.30295e-05
30276: 3.30284e-05
30277: 3.30273e-05
30278: 3.30262e-05
30279: 3.30251e-05
30280: 3.3024e-05
30281: 3.30229e-05
30282: 3.30218e-05
30283: 3.30207e-05
30284: 3.30196e-05
30285: 3.30186e-05
30286: 3.30175e-05
30287: 3.30164e-05
30288: 3.30153e-05
30289: 3.30142e-05
30290: 3.30131e-05
30291: 3.3012e-05
30292: 3.30109e-05
30293: 3.30098e-05
30294: 3.30087e-05
30295: 3.30077e-05
30296: 3.30066e-05
30297: 3.30055e-05
30298: 3.30044e-05
30299: 3.30033e-05
30300: 3.30022e-05
30301: 3.30011e-05
30302: 3.3e-05
30303: 3.29989e-05
30304: 3.29979e-05
30305: 3.29968e-05
30306: 3.29957e-05
30307: 3.29946e-05
30308: 3.29935e-05
30309: 3.29924e-05
30310: 3.29913e-05
30311: 3.29902e-05
30312: 3.29891e-05
30313: 3.29881e-05
30314: 3.2987e-05
30315: 3.29859e-05
30316: 3.29848e-05
30317: 3.29837e-05
30318: 3.29826e-05
30319: 3.29815e-05
30320: 3.29804e-05
30321: 3.29794e-05
30322: 3.29783e-05
30323: 3.29772e-05
30324: 3.29761e-05
30325: 3.2975e-05
30326: 3.29739e-05
30327: 3.29728e-05
30328: 3.29717e-05
30329: 3.29707e-05
30330: 3.29696e-05
30331: 3.29685e-05
30332: 3.29674e-05
30333: 3.29663e-05
30334: 3.29652e-05
30335: 3.29641e-05
30336: 3.2963e-05
30337: 3.2962e-05
30338: 3.29609e-05
30339: 3.29598e-05
30340: 3.29587e-05
30341: 3.29576e-05
30342: 3.29565e-05
30343: 3.29554e-05
30344: 3.29544e-05
30345: 3.29533e-05
30346: 3.29522e-05
30347: 3.29511e-05
30348: 3.295e-05
30349: 3.29489e-05
30350: 3.29478e-05
30351: 3.29468e-05
30352: 3.29457e-05
30353: 3.29446e-05
30354: 3.29435e-05
30355: 3.29424e-05
30356: 3.29413e-05
30357: 3.29402e-05
30358: 3.29392e-05
30359: 3.29381e-05
30360: 3.2937e-05
30361: 3.29359e-05
30362: 3.29348e-05
30363: 3.29337e-05
30364: 3.29327e-05
30365: 3.29316e-05
30366: 3.29305e-05
30367: 3.29294e-05
30368: 3.29283e-05
30369: 3.29272e-05
30370: 3.29261e-05
30371: 3.29251e-05
30372: 3.2924e-05
30373: 3.29229e-05
30374: 3.29218e-05
30375: 3.29207e-05
30376: 3.29196e-05
30377: 3.29186e-05
30378: 3.29175e-05
30379: 3.29164e-05
30380: 3.29153e-05
30381: 3.29142e-05
30382: 3.29131e-05
30383: 3.29121e-05
30384: 3.2911e-05
30385: 3.29099e-05
30386: 3.29088e-05
30387: 3.29077e-05
30388: 3.29066e-05
30389: 3.29056e-05
30390: 3.29045e-05
30391: 3.29034e-05
30392: 3.29023e-05
30393: 3.29012e-05
30394: 3.29001e-05
30395: 3.28991e-05
30396: 3.2898e-05
30397: 3.28969e-05
30398: 3.28958e-05
30399: 3.28947e-05
30400: 3.28937e-05
30401: 3.28926e-05
30402: 3.28915e-05
30403: 3.28904e-05
30404: 3.28893e-05
30405: 3.28882e-05
30406: 3.28872e-05
30407: 3.28861e-05
30408: 3.2885e-05
30409: 3.28839e-05
30410: 3.28828e-05
30411: 3.28818e-05
30412: 3.28807e-05
30413: 3.28796e-05
30414: 3.28785e-05
30415: 3.28774e-05
30416: 3.28764e-05
30417: 3.28753e-05
30418: 3.28742e-05
30419: 3.28731e-05
30420: 3.2872e-05
30421: 3.28709e-05
30422: 3.28699e-05
30423: 3.28688e-05
30424: 3.28677e-05
30425: 3.28666e-05
30426: 3.28655e-05
30427: 3.28645e-05
30428: 3.28634e-05
30429: 3.28623e-05
30430: 3.28612e-05
30431: 3.28601e-05
30432: 3.28591e-05
30433: 3.2858e-05
30434: 3.28569e-05
30435: 3.28558e-05
30436: 3.28547e-05
30437: 3.28537e-05
30438: 3.28526e-05
30439: 3.28515e-05
30440: 3.28504e-05
30441: 3.28494e-05
30442: 3.28483e-05
30443: 3.28472e-05
30444: 3.28461e-05
30445: 3.2845e-05
30446: 3.2844e-05
30447: 3.28429e-05
30448: 3.28418e-05
30449: 3.28407e-05
30450: 3.28396e-05
30451: 3.28386e-05
30452: 3.28375e-05
30453: 3.28364e-05
30454: 3.28353e-05
30455: 3.28343e-05
30456: 3.28332e-05
30457: 3.28321e-05
30458: 3.2831e-05
30459: 3.28299e-05
30460: 3.28289e-05
30461: 3.28278e-05
30462: 3.28267e-05
30463: 3.28256e-05
30464: 3.28246e-05
30465: 3.28235e-05
30466: 3.28224e-05
30467: 3.28213e-05
30468: 3.28202e-05
30469: 3.28192e-05
30470: 3.28181e-05
30471: 3.2817e-05
30472: 3.28159e-05
30473: 3.28149e-05
30474: 3.28138e-05
30475: 3.28127e-05
30476: 3.28116e-05
30477: 3.28106e-05
30478: 3.28095e-05
30479: 3.28084e-05
30480: 3.28073e-05
30481: 3.28062e-05
30482: 3.28052e-05
30483: 3.28041e-05
30484: 3.2803e-05
30485: 3.28019e-05
30486: 3.28009e-05
30487: 3.27998e-05
30488: 3.27987e-05
30489: 3.27976e-05
30490: 3.27966e-05
30491: 3.27955e-05
30492: 3.27944e-05
30493: 3.27933e-05
30494: 3.27923e-05
30495: 3.27912e-05
30496: 3.27901e-05
30497: 3.2789e-05
30498: 3.2788e-05
30499: 3.27869e-05
30500: 3.27858e-05
30501: 3.27847e-05
30502: 3.27837e-05
30503: 3.27826e-05
30504: 3.27815e-05
30505: 3.27804e-05
30506: 3.27794e-05
30507: 3.27783e-05
30508: 3.27772e-05
30509: 3.27761e-05
30510: 3.27751e-05
30511: 3.2774e-05
30512: 3.27729e-05
30513: 3.27718e-05
30514: 3.27708e-05
30515: 3.27697e-05
30516: 3.27686e-05
30517: 3.27675e-05
30518: 3.27665e-05
30519: 3.27654e-05
30520: 3.27643e-05
30521: 3.27633e-05
30522: 3.27622e-05
30523: 3.27611e-05
30524: 3.276e-05
30525: 3.2759e-05
30526: 3.27579e-05
30527: 3.27568e-05
30528: 3.27557e-05
30529: 3.27547e-05
30530: 3.27536e-05
30531: 3.27525e-05
30532: 3.27514e-05
30533: 3.27504e-05
30534: 3.27493e-05
30535: 3.27482e-05
30536: 3.27472e-05
30537: 3.27461e-05
30538: 3.2745e-05
30539: 3.27439e-05
30540: 3.27429e-05
30541: 3.27418e-05
30542: 3.27407e-05
30543: 3.27397e-05
30544: 3.27386e-05
30545: 3.27375e-05
30546: 3.27364e-05
30547: 3.27354e-05
30548: 3.27343e-05
30549: 3.27332e-05
30550: 3.27322e-05
30551: 3.27311e-05
30552: 3.273e-05
30553: 3.27289e-05
30554: 3.27279e-05
30555: 3.27268e-05
30556: 3.27257e-05
30557: 3.27247e-05
30558: 3.27236e-05
30559: 3.27225e-05
30560: 3.27214e-05
30561: 3.27204e-05
30562: 3.27193e-05
30563: 3.27182e-05
30564: 3.27172e-05
30565: 3.27161e-05
30566: 3.2715e-05
30567: 3.27139e-05
30568: 3.27129e-05
30569: 3.27118e-05
30570: 3.27107e-05
30571: 3.27097e-05
30572: 3.27086e-05
30573: 3.27075e-05
30574: 3.27065e-05
30575: 3.27054e-05
30576: 3.27043e-05
30577: 3.27033e-05
30578: 3.27022e-05
30579: 3.27011e-05
30580: 3.27e-05
30581: 3.2699e-05
30582: 3.26979e-05
30583: 3.26968e-05
30584: 3.26958e-05
30585: 3.26947e-05
30586: 3.26936e-05
30587: 3.26926e-05
30588: 3.26915e-05
30589: 3.26904e-05
30590: 3.26894e-05
30591: 3.26883e-05
30592: 3.26872e-05
30593: 3.26861e-05
30594: 3.26851e-05
30595: 3.2684e-05
30596: 3.26829e-05
30597: 3.26819e-05
30598: 3.26808e-05
30599: 3.26797e-05
30600: 3.26787e-05
30601: 3.26776e-05
30602: 3.26765e-05
30603: 3.26755e-05
30604: 3.26744e-05
30605: 3.26733e-05
30606: 3.26723e-05
30607: 3.26712e-05
30608: 3.26701e-05
30609: 3.26691e-05
30610: 3.2668e-05
30611: 3.26669e-05
30612: 3.26659e-05
30613: 3.26648e-05
30614: 3.26637e-05
30615: 3.26627e-05
30616: 3.26616e-05
30617: 3.26605e-05
30618: 3.26595e-05
30619: 3.26584e-05
30620: 3.26573e-05
30621: 3.26563e-05
30622: 3.26552e-05
30623: 3.26541e-05
30624: 3.26531e-05
30625: 3.2652e-05
30626: 3.26509e-05
30627: 3.26499e-05
30628: 3.26488e-05
30629: 3.26477e-05
30630: 3.26467e-05
30631: 3.26456e-05
30632: 3.26445e-05
30633: 3.26435e-05
30634: 3.26424e-05
30635: 3.26413e-05
30636: 3.26403e-05
30637: 3.26392e-05
30638: 3.26381e-05
30639: 3.26371e-05
30640: 3.2636e-05
30641: 3.26349e-05
30642: 3.26339e-05
30643: 3.26328e-05
30644: 3.26318e-05
30645: 3.26307e-05
30646: 3.26296e-05
30647: 3.26286e-05
30648: 3.26275e-05
30649: 3.26264e-05
30650: 3.26254e-05
30651: 3.26243e-05
30652: 3.26232e-05
30653: 3.26222e-05
30654: 3.26211e-05
30655: 3.262e-05
30656: 3.2619e-05
30657: 3.26179e-05
30658: 3.26168e-05
30659: 3.26158e-05
30660: 3.26147e-05
30661: 3.26137e-05
30662: 3.26126e-05
30663: 3.26115e-05
30664: 3.26105e-05
30665: 3.26094e-05
30666: 3.26083e-05
30667: 3.26073e-05
30668: 3.26062e-05
30669: 3.26052e-05
30670: 3.26041e-05
30671: 3.2603e-05
30672: 3.2602e-05
30673: 3.26009e-05
30674: 3.25998e-05
30675: 3.25988e-05
30676: 3.25977e-05
30677: 3.25966e-05
30678: 3.25956e-05
30679: 3.25945e-05
30680: 3.25935e-05
30681: 3.25924e-05
30682: 3.25913e-05
30683: 3.25903e-05
30684: 3.25892e-05
30685: 3.25882e-05
30686: 3.25871e-05
30687: 3.2586e-05
30688: 3.2585e-05
30689: 3.25839e-05
30690: 3.25828e-05
30691: 3.25818e-05
30692: 3.25807e-05
30693: 3.25797e-05
30694: 3.25786e-05
30695: 3.25775e-05
30696: 3.25765e-05
30697: 3.25754e-05
30698: 3.25744e-05
30699: 3.25733e-05
30700: 3.25722e-05
30701: 3.25712e-05
30702: 3.25701e-05
30703: 3.2569e-05
30704: 3.2568e-05
30705: 3.25669e-05
30706: 3.25659e-05
30707: 3.25648e-05
30708: 3.25637e-05
30709: 3.25627e-05
30710: 3.25616e-05
30711: 3.25606e-05
30712: 3.25595e-05
30713: 3.25584e-05
30714: 3.25574e-05
30715: 3.25563e-05
30716: 3.25553e-05
30717: 3.25542e-05
30718: 3.25531e-05
30719: 3.25521e-05
30720: 3.2551e-05
30721: 3.255e-05
30722: 3.25489e-05
30723: 3.25478e-05
30724: 3.25468e-05
30725: 3.25457e-05
30726: 3.25447e-05
30727: 3.25436e-05
30728: 3.25425e-05
30729: 3.25415e-05
30730: 3.25404e-05
30731: 3.25394e-05
30732: 3.25383e-05
30733: 3.25373e-05
30734: 3.25362e-05
30735: 3.25351e-05
30736: 3.25341e-05
30737: 3.2533e-05
30738: 3.2532e-05
30739: 3.25309e-05
30740: 3.25298e-05
30741: 3.25288e-05
30742: 3.25277e-05
30743: 3.25267e-05
30744: 3.25256e-05
30745: 3.25246e-05
30746: 3.25235e-05
30747: 3.25224e-05
30748: 3.25214e-05
30749: 3.25203e-05
30750: 3.25193e-05
30751: 3.25182e-05
30752: 3.25172e-05
30753: 3.25161e-05
30754: 3.2515e-05
30755: 3.2514e-05
30756: 3.25129e-05
30757: 3.25119e-05
30758: 3.25108e-05
30759: 3.25098e-05
30760: 3.25087e-05
30761: 3.25076e-05
30762: 3.25066e-05
30763: 3.25055e-05
30764: 3.25045e-05
30765: 3.25034e-05
30766: 3.25024e-05
30767: 3.25013e-05
30768: 3.25002e-05
30769: 3.24992e-05
30770: 3.24981e-05
30771: 3.24971e-05
30772: 3.2496e-05
30773: 3.2495e-05
30774: 3.24939e-05
30775: 3.24929e-05
30776: 3.24918e-05
30777: 3.24907e-05
30778: 3.24897e-05
30779: 3.24886e-05
30780: 3.24876e-05
30781: 3.24865e-05
30782: 3.24855e-05
30783: 3.24844e-05
30784: 3.24834e-05
30785: 3.24823e-05
30786: 3.24812e-05
30787: 3.24802e-05
30788: 3.24791e-05
30789: 3.24781e-05
30790: 3.2477e-05
30791: 3.2476e-05
30792: 3.24749e-05
30793: 3.24739e-05
30794: 3.24728e-05
30795: 3.24717e-05
30796: 3.24707e-05
30797: 3.24696e-05
30798: 3.24686e-05
30799: 3.24675e-05
30800: 3.24665e-05
30801: 3.24654e-05
30802: 3.24644e-05
30803: 3.24633e-05
30804: 3.24623e-05
30805: 3.24612e-05
30806: 3.24602e-05
30807: 3.24591e-05
30808: 3.2458e-05
30809: 3.2457e-05
30810: 3.24559e-05
30811: 3.24549e-05
30812: 3.24538e-05
30813: 3.24528e-05
30814: 3.24517e-05
30815: 3.24507e-05
30816: 3.24496e-05
30817: 3.24486e-05
30818: 3.24475e-05
30819: 3.24465e-05
30820: 3.24454e-05
30821: 3.24444e-05
30822: 3.24433e-05
30823: 3.24423e-05
30824: 3.24412e-05
30825: 3.24401e-05
30826: 3.24391e-05
30827: 3.2438e-05
30828: 3.2437e-05
30829: 3.24359e-05
30830: 3.24349e-05
30831: 3.24338e-05
30832: 3.24328e-05
30833: 3.24317e-05
30834: 3.24307e-05
30835: 3.24296e-05
30836: 3.24286e-05
30837: 3.24275e-05
30838: 3.24265e-05
30839: 3.24254e-05
30840: 3.24244e-05
30841: 3.24233e-05
30842: 3.24223e-05
30843: 3.24212e-05
30844: 3.24202e-05
30845: 3.24191e-05
30846: 3.24181e-05
30847: 3.2417e-05
30848: 3.2416e-05
30849: 3.24149e-05
30850: 3.24139e-05
30851: 3.24128e-05
30852: 3.24118e-05
30853: 3.24107e-05
30854: 3.24097e-05
30855: 3.24086e-05
30856: 3.24076e-05
30857: 3.24065e-05
30858: 3.24055e-05
30859: 3.24044e-05
30860: 3.24034e-05
30861: 3.24023e-05
30862: 3.24013e-05
30863: 3.24002e-05
30864: 3.23992e-05
30865: 3.23981e-05
30866: 3.23971e-05
30867: 3.2396e-05
30868: 3.2395e-05
30869: 3.23939e-05
30870: 3.23929e-05
30871: 3.23918e-05
30872: 3.23908e-05
30873: 3.23897e-05
30874: 3.23887e-05
30875: 3.23876e-05
30876: 3.23866e-05
30877: 3.23855e-05
30878: 3.23845e-05
30879: 3.23834e-05
30880: 3.23824e-05
30881: 3.23813e-05
30882: 3.23803e-05
30883: 3.23792e-05
30884: 3.23782e-05
30885: 3.23771e-05
30886: 3.23761e-05
30887: 3.2375e-05
30888: 3.2374e-05
30889: 3.23729e-05
30890: 3.23719e-05
30891: 3.23708e-05
30892: 3.23698e-05
30893: 3.23687e-05
30894: 3.23677e-05
30895: 3.23666e-05
30896: 3.23656e-05
30897: 3.23646e-05
30898: 3.23635e-05
30899: 3.23625e-05
30900: 3.23614e-05
30901: 3.23604e-05
30902: 3.23593e-05
30903: 3.23583e-05
30904: 3.23572e-05
30905: 3.23562e-05
30906: 3.23551e-05
30907: 3.23541e-05
30908: 3.2353e-05
30909: 3.2352e-05
30910: 3.23509e-05
30911: 3.23499e-05
30912: 3.23488e-05
30913: 3.23478e-05
30914: 3.23468e-05
30915: 3.23457e-05
30916: 3.23447e-05
30917: 3.23436e-05
30918: 3.23426e-05
30919: 3.23415e-05
30920: 3.23405e-05
30921: 3.23394e-05
30922: 3.23384e-05
30923: 3.23373e-05
30924: 3.23363e-05
30925: 3.23353e-05
30926: 3.23342e-05
30927: 3.23332e-05
30928: 3.23321e-05
30929: 3.23311e-05
30930: 3.233e-05
30931: 3.2329e-05
30932: 3.23279e-05
30933: 3.23269e-05
30934: 3.23258e-05
30935: 3.23248e-05
30936: 3.23238e-05
30937: 3.23227e-05
30938: 3.23217e-05
30939: 3.23206e-05
30940: 3.23196e-05
30941: 3.23185e-05
30942: 3.23175e-05
30943: 3.23164e-05
30944: 3.23154e-05
30945: 3.23144e-05
30946: 3.23133e-05
30947: 3.23123e-05
30948: 3.23112e-05
30949: 3.23102e-05
30950: 3.23091e-05
30951: 3.23081e-05
30952: 3.2307e-05
30953: 3.2306e-05
30954: 3.2305e-05
30955: 3.23039e-05
30956: 3.23029e-05
30957: 3.23018e-05
30958: 3.23008e-05
30959: 3.22997e-05
30960: 3.22987e-05
30961: 3.22977e-05
30962: 3.22966e-05
30963: 3.22956e-05
30964: 3.22945e-05
30965: 3.22935e-05
30966: 3.22924e-05
30967: 3.22914e-05
30968: 3.22904e-05
30969: 3.22893e-05
30970: 3.22883e-05
30971: 3.22872e-05
30972: 3.22862e-05
30973: 3.22851e-05
30974: 3.22841e-05
30975: 3.22831e-05
30976: 3.2282e-05
30977: 3.2281e-05
30978: 3.22799e-05
30979: 3.22789e-05
30980: 3.22778e-05
30981: 3.22768e-05
30982: 3.22758e-05
30983: 3.22747e-05
30984: 3.22737e-05
30985: 3.22726e-05
30986: 3.22716e-05
30987: 3.22706e-05
30988: 3.22695e-05
30989: 3.22685e-05
30990: 3.22674e-05
30991: 3.22664e-05
30992: 3.22654e-05
30993: 3.22643e-05
30994: 3.22633e-05
30995: 3.22622e-05
30996: 3.22612e-05
30997: 3.22601e-05
30998: 3.22591e-05
30999: 3.22581e-05
31000: 3.2257e-05
31001: 3.2256e-05
31002: 3.22549e-05
31003: 3.22539e-05
31004: 3.22529e-05
31005: 3.22518e-05
31006: 3.22508e-05
31007: 3.22497e-05
31008: 3.22487e-05
31009: 3.22477e-05
31010: 3.22466e-05
31011: 3.22456e-05
31012: 3.22445e-05
31013: 3.22435e-05
31014: 3.22425e-05
31015: 3.22414e-05
31016: 3.22404e-05
31017: 3.22393e-05
31018: 3.22383e-05
31019: 3.22373e-05
31020: 3.22362e-05
31021: 3.22352e-05
31022: 3.22341e-05
31023: 3.22331e-05
31024: 3.22321e-05
31025: 3.2231e-05
31026: 3.223e-05
31027: 3.2229e-05
31028: 3.22279e-05
31029: 3.22269e-05
31030: 3.22258e-05
31031: 3.22248e-05
31032: 3.22238e-05
31033: 3.22227e-05
31034: 3.22217e-05
31035: 3.22206e-05
31036: 3.22196e-05
31037: 3.22186e-05
31038: 3.22175e-05
31039: 3.22165e-05
31040: 3.22155e-05
31041: 3.22144e-05
31042: 3.22134e-05
31043: 3.22123e-05
31044: 3.22113e-05
31045: 3.22103e-05
31046: 3.22092e-05
31047: 3.22082e-05
31048: 3.22072e-05
31049: 3.22061e-05
31050: 3.22051e-05
31051: 3.2204e-05
31052: 3.2203e-05
31053: 3.2202e-05
31054: 3.22009e-05
31055: 3.21999e-05
31056: 3.21989e-05
31057: 3.21978e-05
31058: 3.21968e-05
31059: 3.21958e-05
31060: 3.21947e-05
31061: 3.21937e-05
31062: 3.21926e-05
31063: 3.21916e-05
31064: 3.21906e-05
31065: 3.21895e-05
31066: 3.21885e-05
31067: 3.21875e-05
31068: 3.21864e-05
31069: 3.21854e-05
31070: 3.21844e-05
31071: 3.21833e-05
31072: 3.21823e-05
31073: 3.21812e-05
31074: 3.21802e-05
31075: 3.21792e-05
31076: 3.21781e-05
31077: 3.21771e-05
31078: 3.21761e-05
31079: 3.2175e-05
31080: 3.2174e-05
31081: 3.2173e-05
31082: 3.21719e-05
31083: 3.21709e-05
31084: 3.21699e-05
31085: 3.21688e-05
31086: 3.21678e-05
31087: 3.21668e-05
31088: 3.21657e-05
31089: 3.21647e-05
31090: 3.21636e-05
31091: 3.21626e-05
31092: 3.21616e-05
31093: 3.21605e-05
31094: 3.21595e-05
31095: 3.21585e-05
31096: 3.21574e-05
31097: 3.21564e-05
31098: 3.21554e-05
31099: 3.21543e-05
31100: 3.21533e-05
31101: 3.21523e-05
31102: 3.21512e-05
31103: 3.21502e-05
31104: 3.21492e-05
31105: 3.21481e-05
31106: 3.21471e-05
31107: 3.21461e-05
31108: 3.2145e-05
31109: 3.2144e-05
31110: 3.2143e-05
31111: 3.21419e-05
31112: 3.21409e-05
31113: 3.21399e-05
31114: 3.21388e-05
31115: 3.21378e-05
31116: 3.21368e-05
31117: 3.21357e-05
31118: 3.21347e-05
31119: 3.21337e-05
31120: 3.21326e-05
31121: 3.21316e-05
31122: 3.21306e-05
31123: 3.21295e-05
31124: 3.21285e-05
31125: 3.21275e-05
31126: 3.21264e-05
31127: 3.21254e-05
31128: 3.21244e-05
31129: 3.21234e-05
31130: 3.21223e-05
31131: 3.21213e-05
31132: 3.21203e-05
31133: 3.21192e-05
31134: 3.21182e-05
31135: 3.21172e-05
31136: 3.21161e-05
31137: 3.21151e-05
31138: 3.21141e-05
31139: 3.2113e-05
31140: 3.2112e-05
31141: 3.2111e-05
31142: 3.21099e-05
31143: 3.21089e-05
31144: 3.21079e-05
31145: 3.21069e-05
31146: 3.21058e-05
31147: 3.21048e-05
31148: 3.21038e-05
31149: 3.21027e-05
31150: 3.21017e-05
31151: 3.21007e-05
31152: 3.20996e-05
31153: 3.20986e-05
31154: 3.20976e-05
31155: 3.20965e-05
31156: 3.20955e-05
31157: 3.20945e-05
31158: 3.20935e-05
31159: 3.20924e-05
31160: 3.20914e-05
31161: 3.20904e-05
31162: 3.20893e-05
31163: 3.20883e-05
31164: 3.20873e-05
31165: 3.20862e-05
31166: 3.20852e-05
31167: 3.20842e-05
31168: 3.20832e-05
31169: 3.20821e-05
31170: 3.20811e-05
31171: 3.20801e-05
31172: 3.2079e-05
31173: 3.2078e-05
31174: 3.2077e-05
31175: 3.2076e-05
31176: 3.20749e-05
31177: 3.20739e-05
31178: 3.20729e-05
31179: 3.20718e-05
31180: 3.20708e-05
31181: 3.20698e-05
31182: 3.20688e-05
31183: 3.20677e-05
31184: 3.20667e-05
31185: 3.20657e-05
31186: 3.20646e-05
31187: 3.20636e-05
31188: 3.20626e-05
31189: 3.20616e-05
31190: 3.20605e-05
31191: 3.20595e-05
31192: 3.20585e-05
31193: 3.20574e-05
31194: 3.20564e-05
31195: 3.20554e-05
31196: 3.20544e-05
31197: 3.20533e-05
31198: 3.20523e-05
31199: 3.20513e-05
31200: 3.20503e-05
31201: 3.20492e-05
31202: 3.20482e-05
31203: 3.20472e-05
31204: 3.20461e-05
31205: 3.20451e-05
31206: 3.20441e-05
31207: 3.20431e-05
31208: 3.2042e-05
31209: 3.2041e-05
31210: 3.204e-05
31211: 3.2039e-05
31212: 3.20379e-05
31213: 3.20369e-05
31214: 3.20359e-05
31215: 3.20349e-05
31216: 3.20338e-05
31217: 3.20328e-05
31218: 3.20318e-05
31219: 3.20307e-05
31220: 3.20297e-05
31221: 3.20287e-05
31222: 3.20277e-05
31223: 3.20266e-05
31224: 3.20256e-05
31225: 3.20246e-05
31226: 3.20236e-05
31227: 3.20225e-05
31228: 3.20215e-05
31229: 3.20205e-05
31230: 3.20195e-05
31231: 3.20184e-05
31232: 3.20174e-05
31233: 3.20164e-05
31234: 3.20154e-05
31235: 3.20143e-05
31236: 3.20133e-05
31237: 3.20123e-05
31238: 3.20113e-05
31239: 3.20102e-05
31240: 3.20092e-05
31241: 3.20082e-05
31242: 3.20072e-05
31243: 3.20061e-05
31244: 3.20051e-05
31245: 3.20041e-05
31246: 3.20031e-05
31247: 3.2002e-05
31248: 3.2001e-05
31249: 3.2e-05
31250: 3.1999e-05
31251: 3.1998e-05
31252: 3.19969e-05
31253: 3.19959e-05
31254: 3.19949e-05
31255: 3.19939e-05
31256: 3.19928e-05
31257: 3.19918e-05
31258: 3.19908e-05
31259: 3.19898e-05
31260: 3.19887e-05
31261: 3.19877e-05
31262: 3.19867e-05
31263: 3.19857e-05
31264: 3.19846e-05
31265: 3.19836e-05
31266: 3.19826e-05
31267: 3.19816e-05
31268: 3.19806e-05
31269: 3.19795e-05
31270: 3.19785e-05
31271: 3.19775e-05
31272: 3.19765e-05
31273: 3.19754e-05
31274: 3.19744e-05
31275: 3.19734e-05
31276: 3.19724e-05
31277: 3.19714e-05
31278: 3.19703e-05
31279: 3.19693e-05
31280: 3.19683e-05
31281: 3.19673e-05
31282: 3.19662e-05
31283: 3.19652e-05
31284: 3.19642e-05
31285: 3.19632e-05
31286: 3.19622e-05
31287: 3.19611e-05
31288: 3.19601e-05
31289: 3.19591e-05
31290: 3.19581e-05
31291: 3.1957e-05
31292: 3.1956e-05
31293: 3.1955e-05
31294: 3.1954e-05
31295: 3.1953e-05
31296: 3.19519e-05
31297: 3.19509e-05
31298: 3.19499e-05
31299: 3.19489e-05
31300: 3.19479e-05
31301: 3.19468e-05
31302: 3.19458e-05
31303: 3.19448e-05
31304: 3.19438e-05
31305: 3.19428e-05
31306: 3.19417e-05
31307: 3.19407e-05
31308: 3.19397e-05
31309: 3.19387e-05
31310: 3.19377e-05
31311: 3.19366e-05
31312: 3.19356e-05
31313: 3.19346e-05
31314: 3.19336e-05
31315: 3.19326e-05
31316: 3.19315e-05
31317: 3.19305e-05
31318: 3.19295e-05
31319: 3.19285e-05
31320: 3.19275e-05
31321: 3.19264e-05
31322: 3.19254e-05
31323: 3.19244e-05
31324: 3.19234e-05
31325: 3.19224e-05
31326: 3.19213e-05
31327: 3.19203e-05
31328: 3.19193e-05
31329: 3.19183e-05
31330: 3.19173e-05
31331: 3.19163e-05
31332: 3.19152e-05
31333: 3.19142e-05
31334: 3.19132e-05
31335: 3.19122e-05
31336: 3.19112e-05
31337: 3.19101e-05
31338: 3.19091e-05
31339: 3.19081e-05
31340: 3.19071e-05
31341: 3.19061e-05
31342: 3.19051e-05
31343: 3.1904e-05
31344: 3.1903e-05
31345: 3.1902e-05
31346: 3.1901e-05
31347: 3.19e-05
31348: 3.18989e-05
31349: 3.18979e-05
31350: 3.18969e-05
31351: 3.18959e-05
31352: 3.18949e-05
31353: 3.18939e-05
31354: 3.18928e-05
31355: 3.18918e-05
31356: 3.18908e-05
31357: 3.18898e-05
31358: 3.18888e-05
31359: 3.18878e-05
31360: 3.18867e-05
31361: 3.18857e-05
31362: 3.18847e-05
31363: 3.18837e-05
31364: 3.18827e-05
31365: 3.18817e-05
31366: 3.18806e-05
31367: 3.18796e-05
31368: 3.18786e-05
31369: 3.18776e-05
31370: 3.18766e-05
31371: 3.18756e-05
31372: 3.18745e-05
31373: 3.18735e-05
31374: 3.18725e-05
31375: 3.18715e-05
31376: 3.18705e-05
31377: 3.18695e-05
31378: 3.18684e-05
31379: 3.18674e-05
31380: 3.18664e-05
31381: 3.18654e-05
31382: 3.18644e-05
31383: 3.18634e-05
31384: 3.18624e-05
31385: 3.18613e-05
31386: 3.18603e-05
31387: 3.18593e-05
31388: 3.18583e-05
31389: 3.18573e-05
31390: 3.18563e-05
31391: 3.18552e-05
31392: 3.18542e-05
31393: 3.18532e-05
31394: 3.18522e-05
31395: 3.18512e-05
31396: 3.18502e-05
31397: 3.18492e-05
31398: 3.18481e-05
31399: 3.18471e-05
31400: 3.18461e-05
31401: 3.18451e-05
31402: 3.18441e-05
31403: 3.18431e-05
31404: 3.18421e-05
31405: 3.1841e-05
31406: 3.184e-05
31407: 3.1839e-05
31408: 3.1838e-05
31409: 3.1837e-05
31410: 3.1836e-05
31411: 3.1835e-05
31412: 3.1834e-05
31413: 3.18329e-05
31414: 3.18319e-05
31415: 3.18309e-05
31416: 3.18299e-05
31417: 3.18289e-05
31418: 3.18279e-05
31419: 3.18269e-05
31420: 3.18258e-05
31421: 3.18248e-05
31422: 3.18238e-05
31423: 3.18228e-05
31424: 3.18218e-05
31425: 3.18208e-05
31426: 3.18198e-05
31427: 3.18188e-05
31428: 3.18177e-05
31429: 3.18167e-05
31430: 3.18157e-05
31431: 3.18147e-05
31432: 3.18137e-05
31433: 3.18127e-05
31434: 3.18117e-05
31435: 3.18107e-05
31436: 3.18097e-05
31437: 3.18086e-05
31438: 3.18076e-05
31439: 3.18066e-05
31440: 3.18056e-05
31441: 3.18046e-05
31442: 3.18036e-05
31443: 3.18026e-05
31444: 3.18016e-05
31445: 3.18005e-05
31446: 3.17995e-05
31447: 3.17985e-05
31448: 3.17975e-05
31449: 3.17965e-05
31450: 3.17955e-05
31451: 3.17945e-05
31452: 3.17935e-05
31453: 3.17925e-05
31454: 3.17914e-05
31455: 3.17904e-05
31456: 3.17894e-05
31457: 3.17884e-05
31458: 3.17874e-05
31459: 3.17864e-05
31460: 3.17854e-05
31461: 3.17844e-05
31462: 3.17834e-05
31463: 3.17824e-05
31464: 3.17813e-05
31465: 3.17803e-05
31466: 3.17793e-05
31467: 3.17783e-05
31468: 3.17773e-05
31469: 3.17763e-05
31470: 3.17753e-05
31471: 3.17743e-05
31472: 3.17733e-05
31473: 3.17723e-05
31474: 3.17712e-05
31475: 3.17702e-05
31476: 3.17692e-05
31477: 3.17682e-05
31478: 3.17672e-05
31479: 3.17662e-05
31480: 3.17652e-05
31481: 3.17642e-05
31482: 3.17632e-05
31483: 3.17622e-05
31484: 3.17612e-05
31485: 3.17601e-05
31486: 3.17591e-05
31487: 3.17581e-05
31488: 3.17571e-05
31489: 3.17561e-05
31490: 3.17551e-05
31491: 3.17541e-05
31492: 3.17531e-05
31493: 3.17521e-05
31494: 3.17511e-05
31495: 3.17501e-05
31496: 3.17491e-05
31497: 3.1748e-05
31498: 3.1747e-05
31499: 3.1746e-05
31500: 3.1745e-05
31501: 3.1744e-05
31502: 3.1743e-05
31503: 3.1742e-05
31504: 3.1741e-05
31505: 3.174e-05
31506: 3.1739e-05
31507: 3.1738e-05
31508: 3.1737e-05
31509: 3.1736e-05
31510: 3.17349e-05
31511: 3.17339e-05
31512: 3.17329e-05
31513: 3.17319e-05
31514: 3.17309e-05
31515: 3.17299e-05
31516: 3.17289e-05
31517: 3.17279e-05
31518: 3.17269e-05
31519: 3.17259e-05
31520: 3.17249e-05
31521: 3.17239e-05
31522: 3.17229e-05
31523: 3.17219e-05
31524: 3.17209e-05
31525: 3.17199e-05
31526: 3.17188e-05
31527: 3.17178e-05
31528: 3.17168e-05
31529: 3.17158e-05
31530: 3.17148e-05
31531: 3.17138e-05
31532: 3.17128e-05
31533: 3.17118e-05
31534: 3.17108e-05
31535: 3.17098e-05
31536: 3.17088e-05
31537: 3.17078e-05
31538: 3.17068e-05
31539: 3.17058e-05
31540: 3.17048e-05
31541: 3.17038e-05
31542: 3.17028e-05
31543: 3.17017e-05
31544: 3.17007e-05
31545: 3.16997e-05
31546: 3.16987e-05
31547: 3.16977e-05
31548: 3.16967e-05
31549: 3.16957e-05
31550: 3.16947e-05
31551: 3.16937e-05
31552: 3.16927e-05
31553: 3.16917e-05
31554: 3.16907e-05
31555: 3.16897e-05
31556: 3.16887e-05
31557: 3.16877e-05
31558: 3.16867e-05
31559: 3.16857e-05
31560: 3.16847e-05
31561: 3.16837e-05
31562: 3.16827e-05
31563: 3.16817e-05
31564: 3.16807e-05
31565: 3.16797e-05
31566: 3.16787e-05
31567: 3.16776e-05
31568: 3.16766e-05
31569: 3.16756e-05
31570: 3.16746e-05
31571: 3.16736e-05
31572: 3.16726e-05
31573: 3.16716e-05
31574: 3.16706e-05
31575: 3.16696e-05
31576: 3.16686e-05
31577: 3.16676e-05
31578: 3.16666e-05
31579: 3.16656e-05
31580: 3.16646e-05
31581: 3.16636e-05
31582: 3.16626e-05
31583: 3.16616e-05
31584: 3.16606e-05
31585: 3.16596e-05
31586: 3.16586e-05
31587: 3.16576e-05
31588: 3.16566e-05
31589: 3.16556e-05
31590: 3.16546e-05
31591: 3.16536e-05
31592: 3.16526e-05
31593: 3.16516e-05
31594: 3.16506e-05
31595: 3.16496e-05
31596: 3.16486e-05
31597: 3.16476e-05
31598: 3.16466e-05
31599: 3.16456e-05
31600: 3.16446e-05
31601: 3.16436e-05
31602: 3.16426e-05
31603: 3.16416e-05
31604: 3.16406e-05
31605: 3.16396e-05
31606: 3.16386e-05
31607: 3.16376e-05
31608: 3.16366e-05
31609: 3.16356e-05
31610: 3.16346e-05
31611: 3.16336e-05
31612: 3.16326e-05
31613: 3.16316e-05
31614: 3.16306e-05
31615: 3.16296e-05
31616: 3.16286e-05
31617: 3.16276e-05
31618: 3.16266e-05
31619: 3.16256e-05
31620: 3.16246e-05
31621: 3.16236e-05
31622: 3.16226e-05
31623: 3.16216e-05
31624: 3.16206e-05
31625: 3.16196e-05
31626: 3.16186e-05
31627: 3.16176e-05
31628: 3.16166e-05
31629: 3.16156e-05
31630: 3.16146e-05
31631: 3.16136e-05
31632: 3.16126e-05
31633: 3.16116e-05
31634: 3.16106e-05
31635: 3.16096e-05
31636: 3.16086e-05
31637: 3.16076e-05
31638: 3.16066e-05
31639: 3.16056e-05
31640: 3.16046e-05
31641: 3.16036e-05
31642: 3.16026e-05
31643: 3.16016e-05
31644: 3.16006e-05
31645: 3.15996e-05
31646: 3.15986e-05
31647: 3.15976e-05
31648: 3.15966e-05
31649: 3.15956e-05
31650: 3.15946e-05
31651: 3.15936e-05
31652: 3.15926e-05
31653: 3.15916e-05
31654: 3.15906e-05
31655: 3.15896e-05
31656: 3.15886e-05
31657: 3.15876e-05
31658: 3.15866e-05
31659: 3.15856e-05
31660: 3.15846e-05
31661: 3.15836e-05
31662: 3.15826e-05
31663: 3.15816e-05
31664: 3.15806e-05
31665: 3.15796e-05
31666: 3.15786e-05
31667: 3.15776e-05
31668: 3.15766e-05
31669: 3.15756e-05
31670: 3.15746e-05
31671: 3.15736e-05
31672: 3.15726e-05
31673: 3.15716e-05
31674: 3.15706e-05
31675: 3.15696e-05
31676: 3.15686e-05
31677: 3.15676e-05
31678: 3.15667e-05
31679: 3.15657e-05
31680: 3.15647e-05
31681: 3.15637e-05
31682: 3.15627e-05
31683: 3.15617e-05
31684: 3.15607e-05
31685: 3.15597e-05
31686: 3.15587e-05
31687: 3.15577e-05
31688: 3.15567e-05
31689: 3.15557e-05
31690: 3.15547e-05
31691: 3.15537e-05
31692: 3.15527e-05
31693: 3.15517e-05
31694: 3.15507e-05
31695: 3.15497e-05
31696: 3.15487e-05
31697: 3.15477e-05
31698: 3.15467e-05
31699: 3.15457e-05
31700: 3.15447e-05
31701: 3.15438e-05
31702: 3.15428e-05
31703: 3.15418e-05
31704: 3.15408e-05
31705: 3.15398e-05
31706: 3.15388e-05
31707: 3.15378e-05
31708: 3.15368e-05
31709: 3.15358e-05
31710: 3.15348e-05
31711: 3.15338e-05
31712: 3.15328e-05
31713: 3.15318e-05
31714: 3.15308e-05
31715: 3.15298e-05
31716: 3.15288e-05
31717: 3.15278e-05
31718: 3.15268e-05
31719: 3.15259e-05
31720: 3.15249e-05
31721: 3.15239e-05
31722: 3.15229e-05
31723: 3.15219e-05
31724: 3.15209e-05
31725: 3.15199e-05
31726: 3.15189e-05
31727: 3.15179e-05
31728: 3.15169e-05
31729: 3.15159e-05
31730: 3.15149e-05
31731: 3.15139e-05
31732: 3.15129e-05
31733: 3.15119e-05
31734: 3.1511e-05
31735: 3.151e-05
31736: 3.1509e-05
31737: 3.1508e-05
31738: 3.1507e-05
31739: 3.1506e-05
31740: 3.1505e-05
31741: 3.1504e-05
31742: 3.1503e-05
31743: 3.1502e-05
31744: 3.1501e-05
31745: 3.15e-05
31746: 3.1499e-05
31747: 3.1498e-05
31748: 3.14971e-05
31749: 3.14961e-05
31750: 3.14951e-05
31751: 3.14941e-05
31752: 3.14931e-05
31753: 3.14921e-05
31754: 3.14911e-05
31755: 3.14901e-05
31756: 3.14891e-05
31757: 3.14881e-05
31758: 3.14871e-05
31759: 3.14861e-05
31760: 3.14852e-05
31761: 3.14842e-05
31762: 3.14832e-05
31763: 3.14822e-05
31764: 3.14812e-05
31765: 3.14802e-05
31766: 3.14792e-05
31767: 3.14782e-05
31768: 3.14772e-05
31769: 3.14762e-05
31770: 3.14752e-05
31771: 3.14743e-05
31772: 3.14733e-05
31773: 3.14723e-05
31774: 3.14713e-05
31775: 3.14703e-05
31776: 3.14693e-05
31777: 3.14683e-05
31778: 3.14673e-05
31779: 3.14663e-05
31780: 3.14653e-05
31781: 3.14644e-05
31782: 3.14634e-05
31783: 3.14624e-05
31784: 3.14614e-05
31785: 3.14604e-05
31786: 3.14594e-05
31787: 3.14584e-05
31788: 3.14574e-05
31789: 3.14564e-05
31790: 3.14554e-05
31791: 3.14545e-05
31792: 3.14535e-05
31793: 3.14525e-05
31794: 3.14515e-05
31795: 3.14505e-05
31796: 3.14495e-05
31797: 3.14485e-05
31798: 3.14475e-05
31799: 3.14465e-05
31800: 3.14456e-05
31801: 3.14446e-05
31802: 3.14436e-05
31803: 3.14426e-05
31804: 3.14416e-05
31805: 3.14406e-05
31806: 3.14396e-05
31807: 3.14386e-05
31808: 3.14376e-05
31809: 3.14367e-05
31810: 3.14357e-05
31811: 3.14347e-05
31812: 3.14337e-05
31813: 3.14327e-05
31814: 3.14317e-05
31815: 3.14307e-05
31816: 3.14297e-05
31817: 3.14288e-05
31818: 3.14278e-05
31819: 3.14268e-05
31820: 3.14258e-05
31821: 3.14248e-05
31822: 3.14238e-05
31823: 3.14228e-05
31824: 3.14218e-05
31825: 3.14209e-05
31826: 3.14199e-05
31827: 3.14189e-05
31828: 3.14179e-05
31829: 3.14169e-05
31830: 3.14159e-05
31831: 3.14149e-05
31832: 3.14139e-05
31833: 3.1413e-05
31834: 3.1412e-05
31835: 3.1411e-05
31836: 3.141e-05
31837: 3.1409e-05
31838: 3.1408e-05
31839: 3.1407e-05
31840: 3.1406e-05
31841: 3.14051e-05
31842: 3.14041e-05
31843: 3.14031e-05
31844: 3.14021e-05
31845: 3.14011e-05
31846: 3.14001e-05
31847: 3.13991e-05
31848: 3.13982e-05
31849: 3.13972e-05
31850: 3.13962e-05
31851: 3.13952e-05
31852: 3.13942e-05
31853: 3.13932e-05
31854: 3.13922e-05
31855: 3.13913e-05
31856: 3.13903e-05
31857: 3.13893e-05
31858: 3.13883e-05
31859: 3.13873e-05
31860: 3.13863e-05
31861: 3.13853e-05
31862: 3.13844e-05
31863: 3.13834e-05
31864: 3.13824e-05
31865: 3.13814e-05
31866: 3.13804e-05
31867: 3.13794e-05
31868: 3.13785e-05
31869: 3.13775e-05
31870: 3.13765e-05
31871: 3.13755e-05
31872: 3.13745e-05
31873: 3.13735e-05
31874: 3.13725e-05
31875: 3.13716e-05
31876: 3.13706e-05
31877: 3.13696e-05
31878: 3.13686e-05
31879: 3.13676e-05
31880: 3.13666e-05
31881: 3.13657e-05
31882: 3.13647e-05
31883: 3.13637e-05
31884: 3.13627e-05
31885: 3.13617e-05
31886: 3.13607e-05
31887: 3.13598e-05
31888: 3.13588e-05
31889: 3.13578e-05
31890: 3.13568e-05
31891: 3.13558e-05
31892: 3.13548e-05
31893: 3.13539e-05
31894: 3.13529e-05
31895: 3.13519e-05
31896: 3.13509e-05
31897: 3.13499e-05
31898: 3.13489e-05
31899: 3.1348e-05
31900: 3.1347e-05
31901: 3.1346e-05
31902: 3.1345e-05
31903: 3.1344e-05
31904: 3.1343e-05
31905: 3.13421e-05
31906: 3.13411e-05
31907: 3.13401e-05
31908: 3.13391e-05
31909: 3.13381e-05
31910: 3.13372e-05
31911: 3.13362e-05
31912: 3.13352e-05
31913: 3.13342e-05
31914: 3.13332e-05
31915: 3.13322e-05
31916: 3.13313e-05
31917: 3.13303e-05
31918: 3.13293e-05
31919: 3.13283e-05
31920: 3.13273e-05
31921: 3.13264e-05
31922: 3.13254e-05
31923: 3.13244e-05
31924: 3.13234e-05
31925: 3.13224e-05
31926: 3.13215e-05
31927: 3.13205e-05
31928: 3.13195e-05
31929: 3.13185e-05
31930: 3.13175e-05
31931: 3.13165e-05
31932: 3.13156e-05
31933: 3.13146e-05
31934: 3.13136e-05
31935: 3.13126e-05
31936: 3.13116e-05
31937: 3.13107e-05
31938: 3.13097e-05
31939: 3.13087e-05
31940: 3.13077e-05
31941: 3.13067e-05
31942: 3.13058e-05
31943: 3.13048e-05
31944: 3.13038e-05
31945: 3.13028e-05
31946: 3.13018e-05
31947: 3.13009e-05
31948: 3.12999e-05
31949: 3.12989e-05
31950: 3.12979e-05
31951: 3.12969e-05
31952: 3.1296e-05
31953: 3.1295e-05
31954: 3.1294e-05
31955: 3.1293e-05
31956: 3.1292e-05
31957: 3.12911e-05
31958: 3.12901e-05
31959: 3.12891e-05
31960: 3.12881e-05
31961: 3.12872e-05
31962: 3.12862e-05
31963: 3.12852e-05
31964: 3.12842e-05
31965: 3.12832e-05
31966: 3.12823e-05
31967: 3.12813e-05
31968: 3.12803e-05
31969: 3.12793e-05
31970: 3.12783e-05
31971: 3.12774e-05
31972: 3.12764e-05
31973: 3.12754e-05
31974: 3.12744e-05
31975: 3.12735e-05
31976: 3.12725e-05
31977: 3.12715e-05
31978: 3.12705e-05
31979: 3.12695e-05
31980: 3.12686e-05
31981: 3.12676e-05
31982: 3.12666e-05
31983: 3.12656e-05
31984: 3.12647e-05
31985: 3.12637e-05
31986: 3.12627e-05
31987: 3.12617e-05
31988: 3.12607e-05
31989: 3.12598e-05
31990: 3.12588e-05
31991: 3.12578e-05
31992: 3.12568e-05
31993: 3.12559e-05
31994: 3.12549e-05
31995: 3.12539e-05
31996: 3.12529e-05
31997: 3.1252e-05
31998: 3.1251e-05
31999: 3.125e-05
32000: 3.1249e-05
32001: 3.1248e-05
32002: 3.12471e-05
32003: 3.12461e-05
32004: 3.12451e-05
32005: 3.12441e-05
32006: 3.12432e-05
32007: 3.12422e-05
32008: 3.12412e-05
32009: 3.12402e-05
32010: 3.12393e-05
32011: 3.12383e-05
32012: 3.12373e-05
32013: 3.12363e-05
32014: 3.12354e-05
32015: 3.12344e-05
32016: 3.12334e-05
32017: 3.12324e-05
32018: 3.12315e-05
32019: 3.12305e-05
32020: 3.12295e-05
32021: 3.12285e-05
32022: 3.12276e-05
32023: 3.12266e-05
32024: 3.12256e-05
32025: 3.12246e-05
32026: 3.12237e-05
32027: 3.12227e-05
32028: 3.12217e-05
32029: 3.12207e-05
32030: 3.12198e-05
32031: 3.12188e-05
32032: 3.12178e-05
32033: 3.12168e-05
32034: 3.12159e-05
32035: 3.12149e-05
32036: 3.12139e-05
32037: 3.12129e-05
32038: 3.1212e-05
32039: 3.1211e-05
32040: 3.121e-05
32041: 3.1209e-05
32042: 3.12081e-05
32043: 3.12071e-05
32044: 3.12061e-05
32045: 3.12051e-05
32046: 3.12042e-05
32047: 3.12032e-05
32048: 3.12022e-05
32049: 3.12012e-05
32050: 3.12003e-05
32051: 3.11993e-05
32052: 3.11983e-05
32053: 3.11974e-05
32054: 3.11964e-05
32055: 3.11954e-05
32056: 3.11944e-05
32057: 3.11935e-05
32058: 3.11925e-05
32059: 3.11915e-05
32060: 3.11905e-05
32061: 3.11896e-05
32062: 3.11886e-05
32063: 3.11876e-05
32064: 3.11867e-05
32065: 3.11857e-05
32066: 3.11847e-05
32067: 3.11837e-05
32068: 3.11828e-05
32069: 3.11818e-05
32070: 3.11808e-05
32071: 3.11798e-05
32072: 3.11789e-05
32073: 3.11779e-05
32074: 3.11769e-05
32075: 3.1176e-05
32076: 3.1175e-05
32077: 3.1174e-05
32078: 3.1173e-05
32079: 3.11721e-05
32080: 3.11711e-05
32081: 3.11701e-05
32082: 3.11692e-05
32083: 3.11682e-05
32084: 3.11672e-05
32085: 3.11662e-05
32086: 3.11653e-05
32087: 3.11643e-05
32088: 3.11633e-05
32089: 3.11624e-05
32090: 3.11614e-05
32091: 3.11604e-05
32092: 3.11594e-05
32093: 3.11585e-05
32094: 3.11575e-05
32095: 3.11565e-05
32096: 3.11556e-05
32097: 3.11546e-05
32098: 3.11536e-05
32099: 3.11526e-05
32100: 3.11517e-05
32101: 3.11507e-05
32102: 3.11497e-05
32103: 3.11488e-05
32104: 3.11478e-05
32105: 3.11468e-05
32106: 3.11459e-05
32107: 3.11449e-05
32108: 3.11439e-05
32109: 3.11429e-05
32110: 3.1142e-05
32111: 3.1141e-05
32112: 3.114e-05
32113: 3.11391e-05
32114: 3.11381e-05
32115: 3.11371e-05
32116: 3.11362e-05
32117: 3.11352e-05
32118: 3.11342e-05
32119: 3.11333e-05
32120: 3.11323e-05
32121: 3.11313e-05
32122: 3.11303e-05
32123: 3.11294e-05
32124: 3.11284e-05
32125: 3.11274e-05
32126: 3.11265e-05
32127: 3.11255e-05
32128: 3.11245e-05
32129: 3.11236e-05
32130: 3.11226e-05
32131: 3.11216e-05
32132: 3.11207e-05
32133: 3.11197e-05
32134: 3.11187e-05
32135: 3.11177e-05
32136: 3.11168e-05
32137: 3.11158e-05
32138: 3.11148e-05
32139: 3.11139e-05
32140: 3.11129e-05
32141: 3.11119e-05
32142: 3.1111e-05
32143: 3.111e-05
32144: 3.1109e-05
32145: 3.11081e-05
32146: 3.11071e-05
32147: 3.11061e-05
32148: 3.11052e-05
32149: 3.11042e-05
32150: 3.11032e-05
32151: 3.11023e-05
32152: 3.11013e-05
32153: 3.11003e-05
32154: 3.10994e-05
32155: 3.10984e-05
32156: 3.10974e-05
32157: 3.10965e-05
32158: 3.10955e-05
32159: 3.10945e-05
32160: 3.10936e-05
32161: 3.10926e-05
32162: 3.10916e-05
32163: 3.10907e-05
32164: 3.10897e-05
32165: 3.10887e-05
32166: 3.10878e-05
32167: 3.10868e-05
32168: 3.10858e-05
32169: 3.10849e-05
32170: 3.10839e-05
32171: 3.10829e-05
32172: 3.1082e-05
32173: 3.1081e-05
32174: 3.108e-05
32175: 3.10791e-05
32176: 3.10781e-05
32177: 3.10771e-05
32178: 3.10762e-05
32179: 3.10752e-05
32180: 3.10742e-05
32181: 3.10733e-05
32182: 3.10723e-05
32183: 3.10713e-05
32184: 3.10704e-05
32185: 3.10694e-05
32186: 3.10684e-05
32187: 3.10675e-05
32188: 3.10665e-05
32189: 3.10655e-05
32190: 3.10646e-05
32191: 3.10636e-05
32192: 3.10627e-05
32193: 3.10617e-05
32194: 3.10607e-05
32195: 3.10598e-05
32196: 3.10588e-05
32197: 3.10578e-05
32198: 3.10569e-05
32199: 3.10559e-05
32200: 3.10549e-05
32201: 3.1054e-05
32202: 3.1053e-05
32203: 3.1052e-05
32204: 3.10511e-05
32205: 3.10501e-05
32206: 3.10492e-05
32207: 3.10482e-05
32208: 3.10472e-05
32209: 3.10463e-05
32210: 3.10453e-05
32211: 3.10443e-05
32212: 3.10434e-05
32213: 3.10424e-05
32214: 3.10414e-05
32215: 3.10405e-05
32216: 3.10395e-05
32217: 3.10385e-05
32218: 3.10376e-05
32219: 3.10366e-05
32220: 3.10357e-05
32221: 3.10347e-05
32222: 3.10337e-05
32223: 3.10328e-05
32224: 3.10318e-05
32225: 3.10308e-05
32226: 3.10299e-05
32227: 3.10289e-05
32228: 3.1028e-05
32229: 3.1027e-05
32230: 3.1026e-05
32231: 3.10251e-05
32232: 3.10241e-05
32233: 3.10231e-05
32234: 3.10222e-05
32235: 3.10212e-05
32236: 3.10203e-05
32237: 3.10193e-05
32238: 3.10183e-05
32239: 3.10174e-05
32240: 3.10164e-05
32241: 3.10154e-05
32242: 3.10145e-05
32243: 3.10135e-05
32244: 3.10126e-05
32245: 3.10116e-05
32246: 3.10106e-05
32247: 3.10097e-05
32248: 3.10087e-05
32249: 3.10078e-05
32250: 3.10068e-05
32251: 3.10058e-05
32252: 3.10049e-05
32253: 3.10039e-05
32254: 3.10029e-05
32255: 3.1002e-05
32256: 3.1001e-05
32257: 3.10001e-05
32258: 3.09991e-05
32259: 3.09981e-05
32260: 3.09972e-05
32261: 3.09962e-05
32262: 3.09953e-05
32263: 3.09943e-05
32264: 3.09933e-05
32265: 3.09924e-05
32266: 3.09914e-05
32267: 3.09905e-05
32268: 3.09895e-05
32269: 3.09885e-05
32270: 3.09876e-05
32271: 3.09866e-05
32272: 3.09857e-05
32273: 3.09847e-05
32274: 3.09837e-05
32275: 3.09828e-05
32276: 3.09818e-05
32277: 3.09809e-05
32278: 3.09799e-05
32279: 3.09789e-05
32280: 3.0978e-05
32281: 3.0977e-05
32282: 3.09761e-05
32283: 3.09751e-05
32284: 3.09741e-05
32285: 3.09732e-05
32286: 3.09722e-05
32287: 3.09713e-05
32288: 3.09703e-05
32289: 3.09693e-05
32290: 3.09684e-05
32291: 3.09674e-05
32292: 3.09665e-05
32293: 3.09655e-05
32294: 3.09645e-05
32295: 3.09636e-05
32296: 3.09626e-05
32297: 3.09617e-05
32298: 3.09607e-05
32299: 3.09598e-05
32300: 3.09588e-05
32301: 3.09578e-05
32302: 3.09569e-05
32303: 3.09559e-05
32304: 3.0955e-05
32305: 3.0954e-05
32306: 3.0953e-05
32307: 3.09521e-05
32308: 3.09511e-05
32309: 3.09502e-05
32310: 3.09492e-05
32311: 3.09483e-05
32312: 3.09473e-05
32313: 3.09463e-05
32314: 3.09454e-05
32315: 3.09444e-05
32316: 3.09435e-05
32317: 3.09425e-05
32318: 3.09416e-05
32319: 3.09406e-05
32320: 3.09396e-05
32321: 3.09387e-05
32322: 3.09377e-05
32323: 3.09368e-05
32324: 3.09358e-05
32325: 3.09349e-05
32326: 3.09339e-05
32327: 3.09329e-05
32328: 3.0932e-05
32329: 3.0931e-05
32330: 3.09301e-05
32331: 3.09291e-05
32332: 3.09282e-05
32333: 3.09272e-05
32334: 3.09262e-05
32335: 3.09253e-05
32336: 3.09243e-05
32337: 3.09234e-05
32338: 3.09224e-05
32339: 3.09215e-05
32340: 3.09205e-05
32341: 3.09195e-05
32342: 3.09186e-05
32343: 3.09176e-05
32344: 3.09167e-05
32345: 3.09157e-05
32346: 3.09148e-05
32347: 3.09138e-05
32348: 3.09129e-05
32349: 3.09119e-05
32350: 3.09109e-05
32351: 3.091e-05
32352: 3.0909e-05
32353: 3.09081e-05
32354: 3.09071e-05
32355: 3.09062e-05
32356: 3.09052e-05
32357: 3.09043e-05
32358: 3.09033e-05
32359: 3.09023e-05
32360: 3.09014e-05
32361: 3.09004e-05
32362: 3.08995e-05
32363: 3.08985e-05
32364: 3.08976e-05
32365: 3.08966e-05
32366: 3.08957e-05
32367: 3.08947e-05
32368: 3.08938e-05
32369: 3.08928e-05
32370: 3.08918e-05
32371: 3.08909e-05
32372: 3.08899e-05
32373: 3.0889e-05
32374: 3.0888e-05
32375: 3.08871e-05
32376: 3.08861e-05
32377: 3.08852e-05
32378: 3.08842e-05
32379: 3.08833e-05
32380: 3.08823e-05
32381: 3.08814e-05
32382: 3.08804e-05
32383: 3.08794e-05
32384: 3.08785e-05
32385: 3.08775e-05
32386: 3.08766e-05
32387: 3.08756e-05
32388: 3.08747e-05
32389: 3.08737e-05
32390: 3.08728e-05
32391: 3.08718e-05
32392: 3.08709e-05
32393: 3.08699e-05
32394: 3.0869e-05
32395: 3.0868e-05
32396: 3.08671e-05
32397: 3.08661e-05
32398: 3.08652e-05
32399: 3.08642e-05
32400: 3.08632e-05
32401: 3.08623e-05
32402: 3.08613e-05
32403: 3.08604e-05
32404: 3.08594e-05
32405: 3.08585e-05
32406: 3.08575e-05
32407: 3.08566e-05
32408: 3.08556e-05
32409: 3.08547e-05
32410: 3.08537e-05
32411: 3.08528e-05
32412: 3.08518e-05
32413: 3.08509e-05
32414: 3.08499e-05
32415: 3.0849e-05
32416: 3.0848e-05
32417: 3.08471e-05
32418: 3.08461e-05
32419: 3.08452e-05
32420: 3.08442e-05
32421: 3.08433e-05
32422: 3.08423e-05
32423: 3.08414e-05
32424: 3.08404e-05
32425: 3.08394e-05
32426: 3.08385e-05
32427: 3.08375e-05
32428: 3.08366e-05
32429: 3.08356e-05
32430: 3.08347e-05
32431: 3.08337e-05
32432: 3.08328e-05
32433: 3.08318e-05
32434: 3.08309e-05
32435: 3.08299e-05
32436: 3.0829e-05
32437: 3.0828e-05
32438: 3.08271e-05
32439: 3.08261e-05
32440: 3.08252e-05
32441: 3.08242e-05
32442: 3.08233e-05
32443: 3.08223e-05
32444: 3.08214e-05
32445: 3.08204e-05
32446: 3.08195e-05
32447: 3.08185e-05
32448: 3.08176e-05
32449: 3.08166e-05
32450: 3.08157e-05
32451: 3.08147e-05
32452: 3.08138e-05
32453: 3.08128e-05
32454: 3.08119e-05
32455: 3.08109e-05
32456: 3.081e-05
32457: 3.0809e-05
32458: 3.08081e-05
32459: 3.08071e-05
32460: 3.08062e-05
32461: 3.08052e-05
32462: 3.08043e-05
32463: 3.08034e-05
32464: 3.08024e-05
32465: 3.08015e-05
32466: 3.08005e-05
32467: 3.07996e-05
32468: 3.07986e-05
32469: 3.07977e-05
32470: 3.07967e-05
32471: 3.07958e-05
32472: 3.07948e-05
32473: 3.07939e-05
32474: 3.07929e-05
32475: 3.0792e-05
32476: 3.0791e-05
32477: 3.07901e-05
32478: 3.07891e-05
32479: 3.07882e-05
32480: 3.07872e-05
32481: 3.07863e-05
32482: 3.07853e-05
32483: 3.07844e-05
32484: 3.07834e-05
32485: 3.07825e-05
32486: 3.07815e-05
32487: 3.07806e-05
32488: 3.07796e-05
32489: 3.07787e-05
32490: 3.07778e-05
32491: 3.07768e-05
32492: 3.07759e-05
32493: 3.07749e-05
32494: 3.0774e-05
32495: 3.0773e-05
32496: 3.07721e-05
32497: 3.07711e-05
32498: 3.07702e-05
32499: 3.07692e-05
32500: 3.07683e-05
32501: 3.07673e-05
32502: 3.07664e-05
32503: 3.07654e-05
32504: 3.07645e-05
32505: 3.07636e-05
32506: 3.07626e-05
32507: 3.07617e-05
32508: 3.07607e-05
32509: 3.07598e-05
32510: 3.07588e-05
32511: 3.07579e-05
32512: 3.07569e-05
32513: 3.0756e-05
32514: 3.0755e-05
32515: 3.07541e-05
32516: 3.07531e-05
32517: 3.07522e-05
32518: 3.07513e-05
32519: 3.07503e-05
32520: 3.07494e-05
32521: 3.07484e-05
32522: 3.07475e-05
32523: 3.07465e-05
32524: 3.07456e-05
32525: 3.07446e-05
32526: 3.07437e-05
32527: 3.07427e-05
32528: 3.07418e-05
32529: 3.07409e-05
32530: 3.07399e-05
32531: 3.0739e-05
32532: 3.0738e-05
32533: 3.07371e-05
32534: 3.07361e-05
32535: 3.07352e-05
32536: 3.07342e-05
32537: 3.07333e-05
32538: 3.07324e-05
32539: 3.07314e-05
32540: 3.07305e-05
32541: 3.07295e-05
32542: 3.07286e-05
32543: 3.07276e-05
32544: 3.07267e-05
32545: 3.07257e-05
32546: 3.07248e-05
32547: 3.07239e-05
32548: 3.07229e-05
32549: 3.0722e-05
32550: 3.0721e-05
32551: 3.07201e-05
32552: 3.07191e-05
32553: 3.07182e-05
32554: 3.07172e-05
32555: 3.07163e-05
32556: 3.07154e-05
32557: 3.07144e-05
32558: 3.07135e-05
32559: 3.07125e-05
32560: 3.07116e-05
32561: 3.07106e-05
32562: 3.07097e-05
32563: 3.07088e-05
32564: 3.07078e-05
32565: 3.07069e-05
32566: 3.07059e-05
32567: 3.0705e-05
32568: 3.0704e-05
32569: 3.07031e-05
32570: 3.07022e-05
32571: 3.07012e-05
32572: 3.07003e-05
32573: 3.06993e-05
32574: 3.06984e-05
32575: 3.06974e-05
32576: 3.06965e-05
32577: 3.06956e-05
32578: 3.06946e-05
32579: 3.06937e-05
32580: 3.06927e-05
32581: 3.06918e-05
32582: 3.06909e-05
32583: 3.06899e-05
32584: 3.0689e-05
32585: 3.0688e-05
32586: 3.06871e-05
32587: 3.06861e-05
32588: 3.06852e-05
32589: 3.06843e-05
32590: 3.06833e-05
32591: 3.06824e-05
32592: 3.06814e-05
32593: 3.06805e-05
32594: 3.06796e-05
32595: 3.06786e-05
32596: 3.06777e-05
32597: 3.06767e-05
32598: 3.06758e-05
32599: 3.06748e-05
32600: 3.06739e-05
32601: 3.0673e-05
32602: 3.0672e-05
32603: 3.06711e-05
32604: 3.06701e-05
32605: 3.06692e-05
32606: 3.06683e-05
32607: 3.06673e-05
32608: 3.06664e-05
32609: 3.06654e-05
32610: 3.06645e-05
32611: 3.06636e-05
32612: 3.06626e-05
32613: 3.06617e-05
32614: 3.06607e-05
32615: 3.06598e-05
32616: 3.06589e-05
32617: 3.06579e-05
32618: 3.0657e-05
32619: 3.0656e-05
32620: 3.06551e-05
32621: 3.06542e-05
32622: 3.06532e-05
32623: 3.06523e-05
32624: 3.06513e-05
32625: 3.06504e-05
32626: 3.06495e-05
32627: 3.06485e-05
32628: 3.06476e-05
32629: 3.06466e-05
32630: 3.06457e-05
32631: 3.06448e-05
32632: 3.06438e-05
32633: 3.06429e-05
32634: 3.06419e-05
32635: 3.0641e-05
32636: 3.06401e-05
32637: 3.06391e-05
32638: 3.06382e-05
32639: 3.06373e-05
32640: 3.06363e-05
32641: 3.06354e-05
32642: 3.06344e-05
32643: 3.06335e-05
32644: 3.06326e-05
32645: 3.06316e-05
32646: 3.06307e-05
32647: 3.06297e-05
32648: 3.06288e-05
32649: 3.06279e-05
32650: 3.06269e-05
32651: 3.0626e-05
32652: 3.06251e-05
32653: 3.06241e-05
32654: 3.06232e-05
32655: 3.06222e-05
32656: 3.06213e-05
32657: 3.06204e-05
32658: 3.06194e-05
32659: 3.06185e-05
32660: 3.06176e-05
32661: 3.06166e-05
32662: 3.06157e-05
32663: 3.06147e-05
32664: 3.06138e-05
32665: 3.06129e-05
32666: 3.06119e-05
32667: 3.0611e-05
32668: 3.06101e-05
32669: 3.06091e-05
32670: 3.06082e-05
32671: 3.06072e-05
32672: 3.06063e-05
32673: 3.06054e-05
32674: 3.06044e-05
32675: 3.06035e-05
32676: 3.06026e-05
32677: 3.06016e-05
32678: 3.06007e-05
32679: 3.05998e-05
32680: 3.05988e-05
32681: 3.05979e-05
32682: 3.05969e-05
32683: 3.0596e-05
32684: 3.05951e-05
32685: 3.05941e-05
32686: 3.05932e-05
32687: 3.05923e-05
32688: 3.05913e-05
32689: 3.05904e-05
32690: 3.05895e-05
32691: 3.05885e-05
32692: 3.05876e-05
32693: 3.05867e-05
32694: 3.05857e-05
32695: 3.05848e-05
32696: 3.05838e-05
32697: 3.05829e-05
32698: 3.0582e-05
32699: 3.0581e-05
32700: 3.05801e-05
32701: 3.05792e-05
32702: 3.05782e-05
32703: 3.05773e-05
32704: 3.05764e-05
32705: 3.05754e-05
32706: 3.05745e-05
32707: 3.05736e-05
32708: 3.05726e-05
32709: 3.05717e-05
32710: 3.05708e-05
32711: 3.05698e-05
32712: 3.05689e-05
32713: 3.0568e-05
32714: 3.0567e-05
32715: 3.05661e-05
32716: 3.05651e-05
32717: 3.05642e-05
32718: 3.05633e-05
32719: 3.05623e-05
32720: 3.05614e-05
32721: 3.05605e-05
32722: 3.05595e-05
32723: 3.05586e-05
32724: 3.05577e-05
32725: 3.05567e-05
32726: 3.05558e-05
32727: 3.05549e-05
32728: 3.05539e-05
32729: 3.0553e-05
32730: 3.05521e-05
32731: 3.05511e-05
32732: 3.05502e-05
32733: 3.05493e-05
32734: 3.05483e-05
32735: 3.05474e-05
32736: 3.05465e-05
32737: 3.05455e-05
32738: 3.05446e-05
32739: 3.05437e-05
32740: 3.05427e-05
32741: 3.05418e-05
32742: 3.05409e-05
32743: 3.05399e-05
32744: 3.0539e-05
32745: 3.05381e-05
32746: 3.05371e-05
32747: 3.05362e-05
32748: 3.05353e-05
32749: 3.05344e-05
32750: 3.05334e-05
32751: 3.05325e-05
32752: 3.05316e-05
32753: 3.05306e-05
32754: 3.05297e-05
32755: 3.05288e-05
32756: 3.05278e-05
32757: 3.05269e-05
32758: 3.0526e-05
32759: 3.0525e-05
32760: 3.05241e-05
32761: 3.05232e-05
32762: 3.05222e-05
32763: 3.05213e-05
32764: 3.05204e-05
32765: 3.05194e-05
32766: 3.05185e-05
32767: 3.05176e-05
32768: 3.05166e-05
32769: 3.05157e-05
32770: 3.05148e-05
32771: 3.05139e-05
32772: 3.05129e-05
32773: 3.0512e-05
32774: 3.05111e-05
32775: 3.05101e-05
32776: 3.05092e-05
32777: 3.05083e-05
32778: 3.05073e-05
32779: 3.05064e-05
32780: 3.05055e-05
32781: 3.05045e-05
32782: 3.05036e-05
32783: 3.05027e-05
32784: 3.05018e-05
32785: 3.05008e-05
32786: 3.04999e-05
32787: 3.0499e-05
32788: 3.0498e-05
32789: 3.04971e-05
32790: 3.04962e-05
32791: 3.04952e-05
32792: 3.04943e-05
32793: 3.04934e-05
32794: 3.04925e-05
32795: 3.04915e-05
32796: 3.04906e-05
32797: 3.04897e-05
32798: 3.04887e-05
32799: 3.04878e-05
32800: 3.04869e-05
32801: 3.04859e-05
32802: 3.0485e-05
32803: 3.04841e-05
32804: 3.04832e-05
32805: 3.04822e-05
32806: 3.04813e-05
32807: 3.04804e-05
32808: 3.04794e-05
32809: 3.04785e-05
32810: 3.04776e-05
32811: 3.04767e-05
32812: 3.04757e-05
32813: 3.04748e-05
32814: 3.04739e-05
32815: 3.04729e-05
32816: 3.0472e-05
32817: 3.04711e-05
32818: 3.04702e-05
32819: 3.04692e-05
32820: 3.04683e-05
32821: 3.04674e-05
32822: 3.04664e-05
32823: 3.04655e-05
32824: 3.04646e-05
32825: 3.04637e-05
32826: 3.04627e-05
32827: 3.04618e-05
32828: 3.04609e-05
32829: 3.04599e-05
32830: 3.0459e-05
32831: 3.04581e-05
32832: 3.04572e-05
32833: 3.04562e-05
32834: 3.04553e-05
32835: 3.04544e-05
32836: 3.04535e-05
32837: 3.04525e-05
32838: 3.04516e-05
32839: 3.04507e-05
32840: 3.04497e-05
32841: 3.04488e-05
32842: 3.04479e-05
32843: 3.0447e-05
32844: 3.0446e-05
32845: 3.04451e-05
32846: 3.04442e-05
32847: 3.04433e-05
32848: 3.04423e-05
32849: 3.04414e-05
32850: 3.04405e-05
32851: 3.04395e-05
32852: 3.04386e-05
32853: 3.04377e-05
32854: 3.04368e-05
32855: 3.04358e-05
32856: 3.04349e-05
32857: 3.0434e-05
32858: 3.04331e-05
32859: 3.04321e-05
32860: 3.04312e-05
32861: 3.04303e-05
32862: 3.04294e-05
32863: 3.04284e-05
32864: 3.04275e-05
32865: 3.04266e-05
32866: 3.04257e-05
32867: 3.04247e-05
32868: 3.04238e-05
32869: 3.04229e-05
32870: 3.0422e-05
32871: 3.0421e-05
32872: 3.04201e-05
32873: 3.04192e-05
32874: 3.04183e-05
32875: 3.04173e-05
32876: 3.04164e-05
32877: 3.04155e-05
32878: 3.04146e-05
32879: 3.04136e-05
32880: 3.04127e-05
32881: 3.04118e-05
32882: 3.04109e-05
32883: 3.04099e-05
32884: 3.0409e-05
32885: 3.04081e-05
32886: 3.04072e-05
32887: 3.04062e-05
32888: 3.04053e-05
32889: 3.04044e-05
32890: 3.04035e-05
32891: 3.04025e-05
32892: 3.04016e-05
32893: 3.04007e-05
32894: 3.03998e-05
32895: 3.03988e-05
32896: 3.03979e-05
32897: 3.0397e-05
32898: 3.03961e-05
32899: 3.03951e-05
32900: 3.03942e-05
32901: 3.03933e-05
32902: 3.03924e-05
32903: 3.03914e-05
32904: 3.03905e-05
32905: 3.03896e-05
32906: 3.03887e-05
32907: 3.03877e-05
32908: 3.03868e-05
32909: 3.03859e-05
32910: 3.0385e-05
32911: 3.03841e-05
32912: 3.03831e-05
32913: 3.03822e-05
32914: 3.03813e-05
32915: 3.03804e-05
32916: 3.03794e-05
32917: 3.03785e-05
32918: 3.03776e-05
32919: 3.03767e-05
32920: 3.03757e-05
32921: 3.03748e-05
32922: 3.03739e-05
32923: 3.0373e-05
32924: 3.03721e-05
32925: 3.03711e-05
32926: 3.03702e-05
32927: 3.03693e-05
32928: 3.03684e-05
32929: 3.03674e-05
32930: 3.03665e-05
32931: 3.03656e-05
32932: 3.03647e-05
32933: 3.03638e-05
32934: 3.03628e-05
32935: 3.03619e-05
32936: 3.0361e-05
32937: 3.03601e-05
32938: 3.03591e-05
32939: 3.03582e-05
32940: 3.03573e-05
32941: 3.03564e-05
32942: 3.03555e-05
32943: 3.03545e-05
32944: 3.03536e-05
32945: 3.03527e-05
32946: 3.03518e-05
32947: 3.03509e-05
32948: 3.03499e-05
32949: 3.0349e-05
32950: 3.03481e-05
32951: 3.03472e-05
32952: 3.03463e-05
32953: 3.03453e-05
32954: 3.03444e-05
32955: 3.03435e-05
32956: 3.03426e-05
32957: 3.03416e-05
32958: 3.03407e-05
32959: 3.03398e-05
32960: 3.03389e-05
32961: 3.0338e-05
32962: 3.0337e-05
32963: 3.03361e-05
32964: 3.03352e-05
32965: 3.03343e-05
32966: 3.03334e-05
32967: 3.03324e-05
32968: 3.03315e-05
32969: 3.03306e-05
32970: 3.03297e-05
32971: 3.03288e-05
32972: 3.03278e-05
32973: 3.03269e-05
32974: 3.0326e-05
32975: 3.03251e-05
32976: 3.03242e-05
32977: 3.03232e-05
32978: 3.03223e-05
32979: 3.03214e-05
32980: 3.03205e-05
32981: 3.03196e-05
32982: 3.03186e-05
32983: 3.03177e-05
32984: 3.03168e-05
32985: 3.03159e-05
32986: 3.0315e-05
32987: 3.03141e-05
32988: 3.03131e-05
32989: 3.03122e-05
32990: 3.03113e-05
32991: 3.03104e-05
32992: 3.03095e-05
32993: 3.03085e-05
32994: 3.03076e-05
32995: 3.03067e-05
32996: 3.03058e-05
32997: 3.03049e-05
32998: 3.03039e-05
32999: 3.0303e-05
33000: 3.03021e-05
33001: 3.03012e-05
33002: 3.03003e-05
33003: 3.02994e-05
33004: 3.02984e-05
33005: 3.02975e-05
33006: 3.02966e-05
33007: 3.02957e-05
33008: 3.02948e-05
33009: 3.02939e-05
33010: 3.02929e-05
33011: 3.0292e-05
33012: 3.02911e-05
33013: 3.02902e-05
33014: 3.02893e-05
33015: 3.02883e-05
33016: 3.02874e-05
33017: 3.02865e-05
33018: 3.02856e-05
33019: 3.02847e-05
33020: 3.02838e-05
33021: 3.02828e-05
33022: 3.02819e-05
33023: 3.0281e-05
33024: 3.02801e-05
33025: 3.02792e-05
33026: 3.02783e-05
33027: 3.02773e-05
33028: 3.02764e-05
33029: 3.02755e-05
33030: 3.02746e-05
33031: 3.02737e-05
33032: 3.02728e-05
33033: 3.02718e-05
33034: 3.02709e-05
33035: 3.027e-05
33036: 3.02691e-05
33037: 3.02682e-05
33038: 3.02673e-05
33039: 3.02663e-05
33040: 3.02654e-05
33041: 3.02645e-05
33042: 3.02636e-05
33043: 3.02627e-05
33044: 3.02618e-05
33045: 3.02608e-05
33046: 3.02599e-05
33047: 3.0259e-05
33048: 3.02581e-05
33049: 3.02572e-05
33050: 3.02563e-05
33051: 3.02554e-05
33052: 3.02544e-05
33053: 3.02535e-05
33054: 3.02526e-05
33055: 3.02517e-05
33056: 3.02508e-05
33057: 3.02499e-05
33058: 3.02489e-05
33059: 3.0248e-05
33060: 3.02471e-05
33061: 3.02462e-05
33062: 3.02453e-05
33063: 3.02444e-05
33064: 3.02435e-05
33065: 3.02425e-05
33066: 3.02416e-05
33067: 3.02407e-05
33068: 3.02398e-05
33069: 3.02389e-05
33070: 3.0238e-05
33071: 3.02371e-05
33072: 3.02361e-05
33073: 3.02352e-05
33074: 3.02343e-05
33075: 3.02334e-05
33076: 3.02325e-05
33077: 3.02316e-05
33078: 3.02307e-05
33079: 3.02297e-05
33080: 3.02288e-05
33081: 3.02279e-05
33082: 3.0227e-05
33083: 3.02261e-05
33084: 3.02252e-05
33085: 3.02243e-05
33086: 3.02234e-05
33087: 3.02224e-05
33088: 3.02215e-05
33089: 3.02206e-05
33090: 3.02197e-05
33091: 3.02188e-05
33092: 3.02179e-05
33093: 3.0217e-05
33094: 3.0216e-05
33095: 3.02151e-05
33096: 3.02142e-05
33097: 3.02133e-05
33098: 3.02124e-05
33099: 3.02115e-05
33100: 3.02106e-05
33101: 3.02097e-05
33102: 3.02087e-05
33103: 3.02078e-05
33104: 3.02069e-05
33105: 3.0206e-05
33106: 3.02051e-05
33107: 3.02042e-05
33108: 3.02033e-05
33109: 3.02024e-05
33110: 3.02014e-05
33111: 3.02005e-05
33112: 3.01996e-05
33113: 3.01987e-05
33114: 3.01978e-05
33115: 3.01969e-05
33116: 3.0196e-05
33117: 3.01951e-05
33118: 3.01941e-05
33119: 3.01932e-05
33120: 3.01923e-05
33121: 3.01914e-05
33122: 3.01905e-05
33123: 3.01896e-05
33124: 3.01887e-05
33125: 3.01878e-05
33126: 3.01869e-05
33127: 3.01859e-05
33128: 3.0185e-05
33129: 3.01841e-05
33130: 3.01832e-05
33131: 3.01823e-05
33132: 3.01814e-05
33133: 3.01805e-05
33134: 3.01796e-05
33135: 3.01787e-05
33136: 3.01777e-05
33137: 3.01768e-05
33138: 3.01759e-05
33139: 3.0175e-05
33140: 3.01741e-05
33141: 3.01732e-05
33142: 3.01723e-05
33143: 3.01714e-05
33144: 3.01705e-05
33145: 3.01696e-05
33146: 3.01686e-05
33147: 3.01677e-05
33148: 3.01668e-05
33149: 3.01659e-05
33150: 3.0165e-05
33151: 3.01641e-05
33152: 3.01632e-05
33153: 3.01623e-05
33154: 3.01614e-05
33155: 3.01605e-05
33156: 3.01595e-05
33157: 3.01586e-05
33158: 3.01577e-05
33159: 3.01568e-05
33160: 3.01559e-05
33161: 3.0155e-05
33162: 3.01541e-05
33163: 3.01532e-05
33164: 3.01523e-05
33165: 3.01514e-05
33166: 3.01505e-05
33167: 3.01495e-05
33168: 3.01486e-05
33169: 3.01477e-05
33170: 3.01468e-05
33171: 3.01459e-05
33172: 3.0145e-05
33173: 3.01441e-05
33174: 3.01432e-05
33175: 3.01423e-05
33176: 3.01414e-05
33177: 3.01405e-05
33178: 3.01395e-05
33179: 3.01386e-05
33180: 3.01377e-05
33181: 3.01368e-05
33182: 3.01359e-05
33183: 3.0135e-05
33184: 3.01341e-05
33185: 3.01332e-05
33186: 3.01323e-05
33187: 3.01314e-05
33188: 3.01305e-05
33189: 3.01296e-05
33190: 3.01286e-05
33191: 3.01277e-05
33192: 3.01268e-05
33193: 3.01259e-05
33194: 3.0125e-05
33195: 3.01241e-05
33196: 3.01232e-05
33197: 3.01223e-05
33198: 3.01214e-05
33199: 3.01205e-05
33200: 3.01196e-05
33201: 3.01187e-05
33202: 3.01178e-05
33203: 3.01169e-05
33204: 3.01159e-05
33205: 3.0115e-05
33206: 3.01141e-05
33207: 3.01132e-05
33208: 3.01123e-05
33209: 3.01114e-05
33210: 3.01105e-05
33211: 3.01096e-05
33212: 3.01087e-05
33213: 3.01078e-05
33214: 3.01069e-05
33215: 3.0106e-05
33216: 3.01051e-05
33217: 3.01042e-05
33218: 3.01033e-05
33219: 3.01023e-05
33220: 3.01014e-05
33221: 3.01005e-05
33222: 3.00996e-05
33223: 3.00987e-05
33224: 3.00978e-05
33225: 3.00969e-05
33226: 3.0096e-05
33227: 3.00951e-05
33228: 3.00942e-05
33229: 3.00933e-05
33230: 3.00924e-05
33231: 3.00915e-05
33232: 3.00906e-05
33233: 3.00897e-05
33234: 3.00888e-05
33235: 3.00879e-05
33236: 3.0087e-05
33237: 3.0086e-05
33238: 3.00851e-05
33239: 3.00842e-05
33240: 3.00833e-05
33241: 3.00824e-05
33242: 3.00815e-05
33243: 3.00806e-05
33244: 3.00797e-05
33245: 3.00788e-05
33246: 3.00779e-05
33247: 3.0077e-05
33248: 3.00761e-05
33249: 3.00752e-05
33250: 3.00743e-05
33251: 3.00734e-05
33252: 3.00725e-05
33253: 3.00716e-05
33254: 3.00707e-05
33255: 3.00698e-05
33256: 3.00689e-05
33257: 3.0068e-05
33258: 3.0067e-05
33259: 3.00661e-05
33260: 3.00652e-05
33261: 3.00643e-05
33262: 3.00634e-05
33263: 3.00625e-05
33264: 3.00616e-05
33265: 3.00607e-05
33266: 3.00598e-05
33267: 3.00589e-05
33268: 3.0058e-05
33269: 3.00571e-05
33270: 3.00562e-05
33271: 3.00553e-05
33272: 3.00544e-05
33273: 3.00535e-05
33274: 3.00526e-05
33275: 3.00517e-05
33276: 3.00508e-05
33277: 3.00499e-05
33278: 3.0049e-05
33279: 3.00481e-05
33280: 3.00472e-05
33281: 3.00463e-05
33282: 3.00454e-05
33283: 3.00445e-05
33284: 3.00436e-05
33285: 3.00427e-05
33286: 3.00418e-05
33287: 3.00409e-05
33288: 3.004e-05
33289: 3.00391e-05
33290: 3.00381e-05
33291: 3.00372e-05
33292: 3.00363e-05
33293: 3.00354e-05
33294: 3.00345e-05
33295: 3.00336e-05
33296: 3.00327e-05
33297: 3.00318e-05
33298: 3.00309e-05
33299: 3.003e-05
33300: 3.00291e-05
33301: 3.00282e-05
33302: 3.00273e-05
33303: 3.00264e-05
33304: 3.00255e-05
33305: 3.00246e-05
33306: 3.00237e-05
33307: 3.00228e-05
33308: 3.00219e-05
33309: 3.0021e-05
33310: 3.00201e-05
33311: 3.00192e-05
33312: 3.00183e-05
33313: 3.00174e-05
33314: 3.00165e-05
33315: 3.00156e-05
33316: 3.00147e-05
33317: 3.00138e-05
33318: 3.00129e-05
33319: 3.0012e-05
33320: 3.00111e-05
33321: 3.00102e-05
33322: 3.00093e-05
33323: 3.00084e-05
33324: 3.00075e-05
33325: 3.00066e-05
33326: 3.00057e-05
33327: 3.00048e-05
33328: 3.00039e-05
33329: 3.0003e-05
33330: 3.00021e-05
33331: 3.00012e-05
33332: 3.00003e-05
33333: 2.99994e-05
33334: 2.99985e-05
33335: 2.99976e-05
33336: 2.99967e-05
33337: 2.99958e-05
33338: 2.99949e-05
33339: 2.9994e-05
33340: 2.99931e-05
33341: 2.99922e-05
33342: 2.99913e-05
33343: 2.99904e-05
33344: 2.99895e-05
33345: 2.99886e-05
33346: 2.99877e-05
33347: 2.99868e-05
33348: 2.99859e-05
33349: 2.9985e-05
33350: 2.99841e-05
33351: 2.99832e-05
33352: 2.99823e-05
33353: 2.99814e-05
33354: 2.99805e-05
33355: 2.99796e-05
33356: 2.99787e-05
33357: 2.99778e-05
33358: 2.99769e-05
33359: 2.9976e-05
33360: 2.99751e-05
33361: 2.99742e-05
33362: 2.99733e-05
33363: 2.99724e-05
33364: 2.99715e-05
33365: 2.99706e-05
33366: 2.99697e-05
33367: 2.99688e-05
33368: 2.99679e-05
33369: 2.9967e-05
33370: 2.99661e-05
33371: 2.99652e-05
33372: 2.99643e-05
33373: 2.99634e-05
33374: 2.99625e-05
33375: 2.99616e-05
33376: 2.99608e-05
33377: 2.99599e-05
33378: 2.9959e-05
33379: 2.99581e-05
33380: 2.99572e-05
33381: 2.99563e-05
33382: 2.99554e-05
33383: 2.99545e-05
33384: 2.99536e-05
33385: 2.99527e-05
33386: 2.99518e-05
33387: 2.99509e-05
33388: 2.995e-05
33389: 2.99491e-05
33390: 2.99482e-05
33391: 2.99473e-05
33392: 2.99464e-05
33393: 2.99455e-05
33394: 2.99446e-05
33395: 2.99437e-05
33396: 2.99428e-05
33397: 2.99419e-05
33398: 2.9941e-05
33399: 2.99401e-05
33400: 2.99392e-05
33401: 2.99383e-05
33402: 2.99374e-05
33403: 2.99365e-05
33404: 2.99356e-05
33405: 2.99347e-05
33406: 2.99338e-05
33407: 2.9933e-05
33408: 2.99321e-05
33409: 2.99312e-05
33410: 2.99303e-05
33411: 2.99294e-05
33412: 2.99285e-05
33413: 2.99276e-05
33414: 2.99267e-05
33415: 2.99258e-05
33416: 2.99249e-05
33417: 2.9924e-05
33418: 2.99231e-05
33419: 2.99222e-05
33420: 2.99213e-05
33421: 2.99204e-05
33422: 2.99195e-05
33423: 2.99186e-05
33424: 2.99177e-05
33425: 2.99168e-05
33426: 2.99159e-05
33427: 2.9915e-05
33428: 2.99141e-05
33429: 2.99133e-05
33430: 2.99124e-05
33431: 2.99115e-05
33432: 2.99106e-05
33433: 2.99097e-05
33434: 2.99088e-05
33435: 2.99079e-05
33436: 2.9907e-05
33437: 2.99061e-05
33438: 2.99052e-05
33439: 2.99043e-05
33440: 2.99034e-05
33441: 2.99025e-05
33442: 2.99016e-05
33443: 2.99007e-05
33444: 2.98998e-05
33445: 2.98989e-05
33446: 2.9898e-05
33447: 2.98972e-05
33448: 2.98963e-05
33449: 2.98954e-05
33450: 2.98945e-05
33451: 2.98936e-05
33452: 2.98927e-05
33453: 2.98918e-05
33454: 2.98909e-05
33455: 2.989e-05
33456: 2.98891e-05
33457: 2.98882e-05
33458: 2.98873e-05
33459: 2.98864e-05
33460: 2.98855e-05
33461: 2.98846e-05
33462: 2.98838e-05
33463: 2.98829e-05
33464: 2.9882e-05
33465: 2.98811e-05
33466: 2.98802e-05
33467: 2.98793e-05
33468: 2.98784e-05
33469: 2.98775e-05
33470: 2.98766e-05
33471: 2.98757e-05
33472: 2.98748e-05
33473: 2.98739e-05
33474: 2.9873e-05
33475: 2.98721e-05
33476: 2.98713e-05
33477: 2.98704e-05
33478: 2.98695e-05
33479: 2.98686e-05
33480: 2.98677e-05
33481: 2.98668e-05
33482: 2.98659e-05
33483: 2.9865e-05
33484: 2.98641e-05
33485: 2.98632e-05
33486: 2.98623e-05
33487: 2.98614e-05
33488: 2.98606e-05
33489: 2.98597e-05
33490: 2.98588e-05
33491: 2.98579e-05
33492: 2.9857e-05
33493: 2.98561e-05
33494: 2.98552e-05
33495: 2.98543e-05
33496: 2.98534e-05
33497: 2.98525e-05
33498: 2.98516e-05
33499: 2.98507e-05
33500: 2.98499e-05
33501: 2.9849e-05
33502: 2.98481e-05
33503: 2.98472e-05
33504: 2.98463e-05
33505: 2.98454e-05
33506: 2.98445e-05
33507: 2.98436e-05
33508: 2.98427e-05
33509: 2.98418e-05
33510: 2.98409e-05
33511: 2.98401e-05
33512: 2.98392e-05
33513: 2.98383e-05
33514: 2.98374e-05
33515: 2.98365e-05
33516: 2.98356e-05
33517: 2.98347e-05
33518: 2.98338e-05
33519: 2.98329e-05
33520: 2.9832e-05
33521: 2.98312e-05
33522: 2.98303e-05
33523: 2.98294e-05
33524: 2.98285e-05
33525: 2.98276e-05
33526: 2.98267e-05
33527: 2.98258e-05
33528: 2.98249e-05
33529: 2.9824e-05
33530: 2.98231e-05
33531: 2.98223e-05
33532: 2.98214e-05
33533: 2.98205e-05
33534: 2.98196e-05
33535: 2.98187e-05
33536: 2.98178e-05
33537: 2.98169e-05
33538: 2.9816e-05
33539: 2.98151e-05
33540: 2.98143e-05
33541: 2.98134e-05
33542: 2.98125e-05
33543: 2.98116e-05
33544: 2.98107e-05
33545: 2.98098e-05
33546: 2.98089e-05
33547: 2.9808e-05
33548: 2.98071e-05
33549: 2.98063e-05
33550: 2.98054e-05
33551: 2.98045e-05
33552: 2.98036e-05
33553: 2.98027e-05
33554: 2.98018e-05
33555: 2.98009e-05
33556: 2.98e-05
33557: 2.97992e-05
33558: 2.97983e-05
33559: 2.97974e-05
33560: 2.97965e-05
33561: 2.97956e-05
33562: 2.97947e-05
33563: 2.97938e-05
33564: 2.97929e-05
33565: 2.97921e-05
33566: 2.97912e-05
33567: 2.97903e-05
33568: 2.97894e-05
33569: 2.97885e-05
33570: 2.97876e-05
33571: 2.97867e-05
33572: 2.97858e-05
33573: 2.9785e-05
33574: 2.97841e-05
33575: 2.97832e-05
33576: 2.97823e-05
33577: 2.97814e-05
33578: 2.97805e-05
33579: 2.97796e-05
33580: 2.97787e-05
33581: 2.97779e-05
33582: 2.9777e-05
33583: 2.97761e-05
33584: 2.97752e-05
33585: 2.97743e-05
33586: 2.97734e-05
33587: 2.97725e-05
33588: 2.97717e-05
33589: 2.97708e-05
33590: 2.97699e-05
33591: 2.9769e-05
33592: 2.97681e-05
33593: 2.97672e-05
33594: 2.97663e-05
33595: 2.97654e-05
33596: 2.97646e-05
33597: 2.97637e-05
33598: 2.97628e-05
33599: 2.97619e-05
33600: 2.9761e-05
33601: 2.97601e-05
33602: 2.97592e-05
33603: 2.97584e-05
33604: 2.97575e-05
33605: 2.97566e-05
33606: 2.97557e-05
33607: 2.97548e-05
33608: 2.97539e-05
33609: 2.9753e-05
33610: 2.97522e-05
33611: 2.97513e-05
33612: 2.97504e-05
33613: 2.97495e-05
33614: 2.97486e-05
33615: 2.97477e-05
33616: 2.97469e-05
33617: 2.9746e-05
33618: 2.97451e-05
33619: 2.97442e-05
33620: 2.97433e-05
33621: 2.97424e-05
33622: 2.97415e-05
33623: 2.97407e-05
33624: 2.97398e-05
33625: 2.97389e-05
33626: 2.9738e-05
33627: 2.97371e-05
33628: 2.97362e-05
33629: 2.97354e-05
33630: 2.97345e-05
33631: 2.97336e-05
33632: 2.97327e-05
33633: 2.97318e-05
33634: 2.97309e-05
33635: 2.97301e-05
33636: 2.97292e-05
33637: 2.97283e-05
33638: 2.97274e-05
33639: 2.97265e-05
33640: 2.97256e-05
33641: 2.97247e-05
33642: 2.97239e-05
33643: 2.9723e-05
33644: 2.97221e-05
33645: 2.97212e-05
33646: 2.97203e-05
33647: 2.97194e-05
33648: 2.97186e-05
33649: 2.97177e-05
33650: 2.97168e-05
33651: 2.97159e-05
33652: 2.9715e-05
33653: 2.97141e-05
33654: 2.97133e-05
33655: 2.97124e-05
33656: 2.97115e-05
33657: 2.97106e-05
33658: 2.97097e-05
33659: 2.97089e-05
33660: 2.9708e-05
33661: 2.97071e-05
33662: 2.97062e-05
33663: 2.97053e-05
33664: 2.97044e-05
33665: 2.97036e-05
33666: 2.97027e-05
33667: 2.97018e-05
33668: 2.97009e-05
33669: 2.97e-05
33670: 2.96991e-05
33671: 2.96983e-05
33672: 2.96974e-05
33673: 2.96965e-05
33674: 2.96956e-05
33675: 2.96947e-05
33676: 2.96939e-05
33677: 2.9693e-05
33678: 2.96921e-05
33679: 2.96912e-05
33680: 2.96903e-05
33681: 2.96894e-05
33682: 2.96886e-05
33683: 2.96877e-05
33684: 2.96868e-05
33685: 2.96859e-05
33686: 2.9685e-05
33687: 2.96842e-05
33688: 2.96833e-05
33689: 2.96824e-05
33690: 2.96815e-05
33691: 2.96806e-05
33692: 2.96798e-05
33693: 2.96789e-05
33694: 2.9678e-05
33695: 2.96771e-05
33696: 2.96762e-05
33697: 2.96754e-05
33698: 2.96745e-05
33699: 2.96736e-05
33700: 2.96727e-05
33701: 2.96718e-05
33702: 2.96709e-05
33703: 2.96701e-05
33704: 2.96692e-05
33705: 2.96683e-05
33706: 2.96674e-05
33707: 2.96665e-05
33708: 2.96657e-05
33709: 2.96648e-05
33710: 2.96639e-05
33711: 2.9663e-05
33712: 2.96621e-05
33713: 2.96613e-05
33714: 2.96604e-05
33715: 2.96595e-05
33716: 2.96586e-05
33717: 2.96577e-05
33718: 2.96569e-05
33719: 2.9656e-05
33720: 2.96551e-05
33721: 2.96542e-05
33722: 2.96534e-05
33723: 2.96525e-05
33724: 2.96516e-05
33725: 2.96507e-05
33726: 2.96498e-05
33727: 2.9649e-05
33728: 2.96481e-05
33729: 2.96472e-05
33730: 2.96463e-05
33731: 2.96454e-05
33732: 2.96446e-05
33733: 2.96437e-05
33734: 2.96428e-05
33735: 2.96419e-05
33736: 2.9641e-05
33737: 2.96402e-05
33738: 2.96393e-05
33739: 2.96384e-05
33740: 2.96375e-05
33741: 2.96367e-05
33742: 2.96358e-05
33743: 2.96349e-05
33744: 2.9634e-05
33745: 2.96331e-05
33746: 2.96323e-05
33747: 2.96314e-05
33748: 2.96305e-05
33749: 2.96296e-05
33750: 2.96288e-05
33751: 2.96279e-05
33752: 2.9627e-05
33753: 2.96261e-05
33754: 2.96252e-05
33755: 2.96244e-05
33756: 2.96235e-05
33757: 2.96226e-05
33758: 2.96217e-05
33759: 2.96209e-05
33760: 2.962e-05
33761: 2.96191e-05
33762: 2.96182e-05
33763: 2.96173e-05
33764: 2.96165e-05
33765: 2.96156e-05
33766: 2.96147e-05
33767: 2.96138e-05
33768: 2.9613e-05
33769: 2.96121e-05
33770: 2.96112e-05
33771: 2.96103e-05
33772: 2.96095e-05
33773: 2.96086e-05
33774: 2.96077e-05
33775: 2.96068e-05
33776: 2.96059e-05
33777: 2.96051e-05
33778: 2.96042e-05
33779: 2.96033e-05
33780: 2.96024e-05
33781: 2.96016e-05
33782: 2.96007e-05
33783: 2.95998e-05
33784: 2.95989e-05
33785: 2.95981e-05
33786: 2.95972e-05
33787: 2.95963e-05
33788: 2.95954e-05
33789: 2.95946e-05
33790: 2.95937e-05
33791: 2.95928e-05
33792: 2.95919e-05
33793: 2.95911e-05
33794: 2.95902e-05
33795: 2.95893e-05
33796: 2.95884e-05
33797: 2.95875e-05
33798: 2.95867e-05
33799: 2.95858e-05
33800: 2.95849e-05
33801: 2.9584e-05
33802: 2.95832e-05
33803: 2.95823e-05
33804: 2.95814e-05
33805: 2.95805e-05
33806: 2.95797e-05
33807: 2.95788e-05
33808: 2.95779e-05
33809: 2.9577e-05
33810: 2.95762e-05
33811: 2.95753e-05
33812: 2.95744e-05
33813: 2.95735e-05
33814: 2.95727e-05
33815: 2.95718e-05
33816: 2.95709e-05
33817: 2.95701e-05
33818: 2.95692e-05
33819: 2.95683e-05
33820: 2.95674e-05
33821: 2.95666e-05
33822: 2.95657e-05
33823: 2.95648e-05
33824: 2.95639e-05
33825: 2.95631e-05
33826: 2.95622e-05
33827: 2.95613e-05
33828: 2.95604e-05
33829: 2.95596e-05
33830: 2.95587e-05
33831: 2.95578e-05
33832: 2.95569e-05
33833: 2.95561e-05
33834: 2.95552e-05
33835: 2.95543e-05
33836: 2.95534e-05
33837: 2.95526e-05
33838: 2.95517e-05
33839: 2.95508e-05
33840: 2.955e-05
33841: 2.95491e-05
33842: 2.95482e-05
33843: 2.95473e-05
33844: 2.95465e-05
33845: 2.95456e-05
33846: 2.95447e-05
33847: 2.95438e-05
33848: 2.9543e-05
33849: 2.95421e-05
33850: 2.95412e-05
33851: 2.95404e-05
33852: 2.95395e-05
33853: 2.95386e-05
33854: 2.95377e-05
33855: 2.95369e-05
33856: 2.9536e-05
33857: 2.95351e-05
33858: 2.95342e-05
33859: 2.95334e-05
33860: 2.95325e-05
33861: 2.95316e-05
33862: 2.95308e-05
33863: 2.95299e-05
33864: 2.9529e-05
33865: 2.95281e-05
33866: 2.95273e-05
33867: 2.95264e-05
33868: 2.95255e-05
33869: 2.95247e-05
33870: 2.95238e-05
33871: 2.95229e-05
33872: 2.9522e-05
33873: 2.95212e-05
33874: 2.95203e-05
33875: 2.95194e-05
33876: 2.95186e-05
33877: 2.95177e-05
33878: 2.95168e-05
33879: 2.95159e-05
33880: 2.95151e-05
33881: 2.95142e-05
33882: 2.95133e-05
33883: 2.95125e-05
33884: 2.95116e-05
33885: 2.95107e-05
33886: 2.95098e-05
33887: 2.9509e-05
33888: 2.95081e-05
33889: 2.95072e-05
33890: 2.95064e-05
33891: 2.95055e-05
33892: 2.95046e-05
33893: 2.95037e-05
33894: 2.95029e-05
33895: 2.9502e-05
33896: 2.95011e-05
33897: 2.95003e-05
33898: 2.94994e-05
33899: 2.94985e-05
33900: 2.94977e-05
33901: 2.94968e-05
33902: 2.94959e-05
33903: 2.9495e-05
33904: 2.94942e-05
33905: 2.94933e-05
33906: 2.94924e-05
33907: 2.94916e-05
33908: 2.94907e-05
33909: 2.94898e-05
33910: 2.9489e-05
33911: 2.94881e-05
33912: 2.94872e-05
33913: 2.94863e-05
33914: 2.94855e-05
33915: 2.94846e-05
33916: 2.94837e-05
33917: 2.94829e-05
33918: 2.9482e-05
33919: 2.94811e-05
33920: 2.94803e-05
33921: 2.94794e-05
33922: 2.94785e-05
33923: 2.94777e-05
33924: 2.94768e-05
33925: 2.94759e-05
33926: 2.9475e-05
33927: 2.94742e-05
33928: 2.94733e-05
33929: 2.94724e-05
33930: 2.94716e-05
33931: 2.94707e-05
33932: 2.94698e-05
33933: 2.9469e-05
33934: 2.94681e-05
33935: 2.94672e-05
33936: 2.94664e-05
33937: 2.94655e-05
33938: 2.94646e-05
33939: 2.94638e-05
33940: 2.94629e-05
33941: 2.9462e-05
33942: 2.94612e-05
33943: 2.94603e-05
33944: 2.94594e-05
33945: 2.94586e-05
33946: 2.94577e-05
33947: 2.94568e-05
33948: 2.94559e-05
33949: 2.94551e-05
33950: 2.94542e-05
33951: 2.94533e-05
33952: 2.94525e-05
33953: 2.94516e-05
33954: 2.94507e-05
33955: 2.94499e-05
33956: 2.9449e-05
33957: 2.94481e-05
33958: 2.94473e-05
33959: 2.94464e-05
33960: 2.94455e-05
33961: 2.94447e-05
33962: 2.94438e-05
33963: 2.94429e-05
33964: 2.94421e-05
33965: 2.94412e-05
33966: 2.94403e-05
33967: 2.94395e-05
33968: 2.94386e-05
33969: 2.94377e-05
33970: 2.94369e-05
33971: 2.9436e-05
33972: 2.94351e-05
33973: 2.94343e-05
33974: 2.94334e-05
33975: 2.94325e-05
33976: 2.94317e-05
33977: 2.94308e-05
33978: 2.94299e-05
33979: 2.94291e-05
33980: 2.94282e-05
33981: 2.94273e-05
33982: 2.94265e-05
33983: 2.94256e-05
33984: 2.94247e-05
33985: 2.94239e-05
33986: 2.9423e-05
33987: 2.94221e-05
33988: 2.94213e-05
33989: 2.94204e-05
33990: 2.94196e-05
33991: 2.94187e-05
33992: 2.94178e-05
33993: 2.9417e-05
33994: 2.94161e-05
33995: 2.94152e-05
33996: 2.94144e-05
33997: 2.94135e-05
33998: 2.94126e-05
33999: 2.94118e-05
34000: 2.94109e-05
34001: 2.941e-05
34002: 2.94092e-05
34003: 2.94083e-05
34004: 2.94074e-05
34005: 2.94066e-05
34006: 2.94057e-05
34007: 2.94048e-05
34008: 2.9404e-05
34009: 2.94031e-05
34010: 2.94023e-05
34011: 2.94014e-05
34012: 2.94005e-05
34013: 2.93997e-05
34014: 2.93988e-05
34015: 2.93979e-05
34016: 2.93971e-05
34017: 2.93962e-05
34018: 2.93953e-05
34019: 2.93945e-05
34020: 2.93936e-05
34021: 2.93927e-05
34022: 2.93919e-05
34023: 2.9391e-05
34024: 2.93902e-05
34025: 2.93893e-05
34026: 2.93884e-05
34027: 2.93876e-05
34028: 2.93867e-05
34029: 2.93858e-05
34030: 2.9385e-05
34031: 2.93841e-05
34032: 2.93832e-05
34033: 2.93824e-05
34034: 2.93815e-05
34035: 2.93807e-05
34036: 2.93798e-05
34037: 2.93789e-05
34038: 2.93781e-05
34039: 2.93772e-05
34040: 2.93763e-05
34041: 2.93755e-05
34042: 2.93746e-05
34043: 2.93738e-05
34044: 2.93729e-05
34045: 2.9372e-05
34046: 2.93712e-05
34047: 2.93703e-05
34048: 2.93694e-05
34049: 2.93686e-05
34050: 2.93677e-05
34051: 2.93669e-05
34052: 2.9366e-05
34053: 2.93651e-05
34054: 2.93643e-05
34055: 2.93634e-05
34056: 2.93625e-05
34057: 2.93617e-05
34058: 2.93608e-05
34059: 2.936e-05
34060: 2.93591e-05
34061: 2.93582e-05
34062: 2.93574e-05
34063: 2.93565e-05
34064: 2.93556e-05
34065: 2.93548e-05
34066: 2.93539e-05
34067: 2.93531e-05
34068: 2.93522e-05
34069: 2.93513e-05
34070: 2.93505e-05
34071: 2.93496e-05
34072: 2.93488e-05
34073: 2.93479e-05
34074: 2.9347e-05
34075: 2.93462e-05
34076: 2.93453e-05
34077: 2.93444e-05
34078: 2.93436e-05
34079: 2.93427e-05
34080: 2.93419e-05
34081: 2.9341e-05
34082: 2.93401e-05
34083: 2.93393e-05
34084: 2.93384e-05
34085: 2.93376e-05
34086: 2.93367e-05
34087: 2.93358e-05
34088: 2.9335e-05
34089: 2.93341e-05
34090: 2.93333e-05
34091: 2.93324e-05
34092: 2.93315e-05
34093: 2.93307e-05
34094: 2.93298e-05
34095: 2.9329e-05
34096: 2.93281e-05
34097: 2.93272e-05
34098: 2.93264e-05
34099: 2.93255e-05
34100: 2.93247e-05
34101: 2.93238e-05
34102: 2.93229e-05
34103: 2.93221e-05
34104: 2.93212e-05
34105: 2.93204e-05
34106: 2.93195e-05
34107: 2.93186e-05
34108: 2.93178e-05
34109: 2.93169e-05
34110: 2.93161e-05
34111: 2.93152e-05
34112: 2.93143e-05
34113: 2.93135e-05
34114: 2.93126e-05
34115: 2.93118e-05
34116: 2.93109e-05
34117: 2.931e-05
34118: 2.93092e-05
34119: 2.93083e-05
34120: 2.93075e-05
34121: 2.93066e-05
34122: 2.93057e-05
34123: 2.93049e-05
34124: 2.9304e-05
34125: 2.93032e-05
34126: 2.93023e-05
34127: 2.93015e-05
34128: 2.93006e-05
34129: 2.92997e-05
34130: 2.92989e-05
34131: 2.9298e-05
34132: 2.92972e-05
34133: 2.92963e-05
34134: 2.92954e-05
34135: 2.92946e-05
34136: 2.92937e-05
34137: 2.92929e-05
34138: 2.9292e-05
34139: 2.92912e-05
34140: 2.92903e-05
34141: 2.92894e-05
34142: 2.92886e-05
34143: 2.92877e-05
34144: 2.92869e-05
34145: 2.9286e-05
34146: 2.92851e-05
34147: 2.92843e-05
34148: 2.92834e-05
34149: 2.92826e-05
34150: 2.92817e-05
34151: 2.92809e-05
34152: 2.928e-05
34153: 2.92791e-05
34154: 2.92783e-05
34155: 2.92774e-05
34156: 2.92766e-05
34157: 2.92757e-05
34158: 2.92749e-05
34159: 2.9274e-05
34160: 2.92731e-05
34161: 2.92723e-05
34162: 2.92714e-05
34163: 2.92706e-05
34164: 2.92697e-05
34165: 2.92689e-05
34166: 2.9268e-05
34167: 2.92672e-05
34168: 2.92663e-05
34169: 2.92654e-05
34170: 2.92646e-05
34171: 2.92637e-05
34172: 2.92629e-05
34173: 2.9262e-05
34174: 2.92612e-05
34175: 2.92603e-05
34176: 2.92594e-05
34177: 2.92586e-05
34178: 2.92577e-05
34179: 2.92569e-05
34180: 2.9256e-05
34181: 2.92552e-05
34182: 2.92543e-05
34183: 2.92535e-05
34184: 2.92526e-05
34185: 2.92517e-05
34186: 2.92509e-05
34187: 2.925e-05
34188: 2.92492e-05
34189: 2.92483e-05
34190: 2.92475e-05
34191: 2.92466e-05
34192: 2.92458e-05
34193: 2.92449e-05
34194: 2.9244e-05
34195: 2.92432e-05
34196: 2.92423e-05
34197: 2.92415e-05
34198: 2.92406e-05
34199: 2.92398e-05
34200: 2.92389e-05
34201: 2.92381e-05
34202: 2.92372e-05
34203: 2.92363e-05
34204: 2.92355e-05
34205: 2.92346e-05
34206: 2.92338e-05
34207: 2.92329e-05
34208: 2.92321e-05
34209: 2.92312e-05
34210: 2.92304e-05
34211: 2.92295e-05
34212: 2.92287e-05
34213: 2.92278e-05
34214: 2.92269e-05
34215: 2.92261e-05
34216: 2.92252e-05
34217: 2.92244e-05
34218: 2.92235e-05
34219: 2.92227e-05
34220: 2.92218e-05
34221: 2.9221e-05
34222: 2.92201e-05
34223: 2.92193e-05
34224: 2.92184e-05
34225: 2.92176e-05
34226: 2.92167e-05
34227: 2.92158e-05
34228: 2.9215e-05
34229: 2.92141e-05
34230: 2.92133e-05
34231: 2.92124e-05
34232: 2.92116e-05
34233: 2.92107e-05
34234: 2.92099e-05
34235: 2.9209e-05
34236: 2.92082e-05
34237: 2.92073e-05
34238: 2.92065e-05
34239: 2.92056e-05
34240: 2.92048e-05
34241: 2.92039e-05
34242: 2.9203e-05
34243: 2.92022e-05
34244: 2.92013e-05
34245: 2.92005e-05
34246: 2.91996e-05
34247: 2.91988e-05
34248: 2.91979e-05
34249: 2.91971e-05
34250: 2.91962e-05
34251: 2.91954e-05
34252: 2.91945e-05
34253: 2.91937e-05
34254: 2.91928e-05
34255: 2.9192e-05
34256: 2.91911e-05
34257: 2.91903e-05
34258: 2.91894e-05
34259: 2.91886e-05
34260: 2.91877e-05
34261: 2.91869e-05
34262: 2.9186e-05
34263: 2.91852e-05
34264: 2.91843e-05
34265: 2.91834e-05
34266: 2.91826e-05
34267: 2.91817e-05
34268: 2.91809e-05
34269: 2.918e-05
34270: 2.91792e-05
34271: 2.91783e-05
34272: 2.91775e-05
34273: 2.91766e-05
34274: 2.91758e-05
34275: 2.91749e-05
34276: 2.91741e-05
34277: 2.91732e-05
34278: 2.91724e-05
34279: 2.91715e-05
34280: 2.91707e-05
34281: 2.91698e-05
34282: 2.9169e-05
34283: 2.91681e-05
34284: 2.91673e-05
34285: 2.91664e-05
34286: 2.91656e-05
34287: 2.91647e-05
34288: 2.91639e-05
34289: 2.9163e-05
34290: 2.91622e-05
34291: 2.91613e-05
34292: 2.91605e-05
34293: 2.91596e-05
34294: 2.91588e-05
34295: 2.91579e-05
34296: 2.91571e-05
34297: 2.91562e-05
34298: 2.91554e-05
34299: 2.91545e-05
34300: 2.91537e-05
34301: 2.91528e-05
34302: 2.9152e-05
34303: 2.91511e-05
34304: 2.91503e-05
34305: 2.91494e-05
34306: 2.91486e-05
34307: 2.91477e-05
34308: 2.91469e-05
34309: 2.9146e-05
34310: 2.91452e-05
34311: 2.91443e-05
34312: 2.91435e-05
34313: 2.91426e-05
34314: 2.91418e-05
34315: 2.91409e-05
34316: 2.91401e-05
34317: 2.91392e-05
34318: 2.91384e-05
34319: 2.91375e-05
34320: 2.91367e-05
34321: 2.91358e-05
34322: 2.9135e-05
34323: 2.91341e-05
34324: 2.91333e-05
34325: 2.91324e-05
34326: 2.91316e-05
34327: 2.91307e-05
34328: 2.91299e-05
34329: 2.9129e-05
34330: 2.91282e-05
34331: 2.91273e-05
34332: 2.91265e-05
34333: 2.91256e-05
34334: 2.91248e-05
34335: 2.9124e-05
34336: 2.91231e-05
34337: 2.91223e-05
34338: 2.91214e-05
34339: 2.91206e-05
34340: 2.91197e-05
34341: 2.91189e-05
34342: 2.9118e-05
34343: 2.91172e-05
34344: 2.91163e-05
34345: 2.91155e-05
34346: 2.91146e-05
34347: 2.91138e-05
34348: 2.91129e-05
34349: 2.91121e-05
34350: 2.91112e-05
34351: 2.91104e-05
34352: 2.91095e-05
34353: 2.91087e-05
34354: 2.91078e-05
34355: 2.9107e-05
34356: 2.91062e-05
34357: 2.91053e-05
34358: 2.91045e-05
34359: 2.91036e-05
34360: 2.91028e-05
34361: 2.91019e-05
34362: 2.91011e-05
34363: 2.91002e-05
34364: 2.90994e-05
34365: 2.90985e-05
34366: 2.90977e-05
34367: 2.90968e-05
34368: 2.9096e-05
34369: 2.90951e-05
34370: 2.90943e-05
34371: 2.90934e-05
34372: 2.90926e-05
34373: 2.90918e-05
34374: 2.90909e-05
34375: 2.90901e-05
34376: 2.90892e-05
34377: 2.90884e-05
34378: 2.90875e-05
34379: 2.90867e-05
34380: 2.90858e-05
34381: 2.9085e-05
34382: 2.90841e-05
34383: 2.90833e-05
34384: 2.90824e-05
34385: 2.90816e-05
34386: 2.90808e-05
34387: 2.90799e-05
34388: 2.90791e-05
34389: 2.90782e-05
34390: 2.90774e-05
34391: 2.90765e-05
34392: 2.90757e-05
34393: 2.90748e-05
34394: 2.9074e-05
34395: 2.90731e-05
34396: 2.90723e-05
34397: 2.90715e-05
34398: 2.90706e-05
34399: 2.90698e-05
34400: 2.90689e-05
34401: 2.90681e-05
34402: 2.90672e-05
34403: 2.90664e-05
34404: 2.90655e-05
34405: 2.90647e-05
34406: 2.90639e-05
34407: 2.9063e-05
34408: 2.90622e-05
34409: 2.90613e-05
34410: 2.90605e-05
34411: 2.90596e-05
34412: 2.90588e-05
34413: 2.90579e-05
34414: 2.90571e-05
34415: 2.90563e-05
34416: 2.90554e-05
34417: 2.90546e-05
34418: 2.90537e-05
34419: 2.90529e-05
34420: 2.9052e-05
34421: 2.90512e-05
34422: 2.90503e-05
34423: 2.90495e-05
34424: 2.90487e-05
34425: 2.90478e-05
34426: 2.9047e-05
34427: 2.90461e-05
34428: 2.90453e-05
34429: 2.90444e-05
34430: 2.90436e-05
34431: 2.90428e-05
34432: 2.90419e-05
34433: 2.90411e-05
34434: 2.90402e-05
34435: 2.90394e-05
34436: 2.90385e-05
34437: 2.90377e-05
34438: 2.90368e-05
34439: 2.9036e-05
34440: 2.90352e-05
34441: 2.90343e-05
34442: 2.90335e-05
34443: 2.90326e-05
34444: 2.90318e-05
34445: 2.90309e-05
34446: 2.90301e-05
34447: 2.90293e-05
34448: 2.90284e-05
34449: 2.90276e-05
34450: 2.90267e-05
34451: 2.90259e-05
34452: 2.9025e-05
34453: 2.90242e-05
34454: 2.90234e-05
34455: 2.90225e-05
34456: 2.90217e-05
34457: 2.90208e-05
34458: 2.902e-05
34459: 2.90192e-05
34460: 2.90183e-05
34461: 2.90175e-05
34462: 2.90166e-05
34463: 2.90158e-05
34464: 2.90149e-05
34465: 2.90141e-05
34466: 2.90133e-05
34467: 2.90124e-05
34468: 2.90116e-05
34469: 2.90107e-05
34470: 2.90099e-05
34471: 2.90091e-05
34472: 2.90082e-05
34473: 2.90074e-05
34474: 2.90065e-05
34475: 2.90057e-05
34476: 2.90048e-05
34477: 2.9004e-05
34478: 2.90032e-05
34479: 2.90023e-05
34480: 2.90015e-05
34481: 2.90006e-05
34482: 2.89998e-05
34483: 2.8999e-05
34484: 2.89981e-05
34485: 2.89973e-05
34486: 2.89964e-05
34487: 2.89956e-05
34488: 2.89948e-05
34489: 2.89939e-05
34490: 2.89931e-05
34491: 2.89922e-05
34492: 2.89914e-05
34493: 2.89905e-05
34494: 2.89897e-05
34495: 2.89889e-05
34496: 2.8988e-05
34497: 2.89872e-05
34498: 2.89863e-05
34499: 2.89855e-05
34500: 2.89847e-05
34501: 2.89838e-05
34502: 2.8983e-05
34503: 2.89821e-05
34504: 2.89813e-05
34505: 2.89805e-05
34506: 2.89796e-05
34507: 2.89788e-05
34508: 2.89779e-05
34509: 2.89771e-05
34510: 2.89763e-05
34511: 2.89754e-05
34512: 2.89746e-05
34513: 2.89737e-05
34514: 2.89729e-05
34515: 2.89721e-05
34516: 2.89712e-05
34517: 2.89704e-05
34518: 2.89696e-05
34519: 2.89687e-05
34520: 2.89679e-05
34521: 2.8967e-05
34522: 2.89662e-05
34523: 2.89654e-05
34524: 2.89645e-05
34525: 2.89637e-05
34526: 2.89628e-05
34527: 2.8962e-05
34528: 2.89612e-05
34529: 2.89603e-05
34530: 2.89595e-05
34531: 2.89586e-05
34532: 2.89578e-05
34533: 2.8957e-05
34534: 2.89561e-05
34535: 2.89553e-05
34536: 2.89545e-05
34537: 2.89536e-05
34538: 2.89528e-05
34539: 2.89519e-05
34540: 2.89511e-05
34541: 2.89503e-05
34542: 2.89494e-05
34543: 2.89486e-05
34544: 2.89477e-05
34545: 2.89469e-05
34546: 2.89461e-05
34547: 2.89452e-05
34548: 2.89444e-05
34549: 2.89436e-05
34550: 2.89427e-05
34551: 2.89419e-05
34552: 2.8941e-05
34553: 2.89402e-05
34554: 2.89394e-05
34555: 2.89385e-05
34556: 2.89377e-05
34557: 2.89369e-05
34558: 2.8936e-05
34559: 2.89352e-05
34560: 2.89343e-05
34561: 2.89335e-05
34562: 2.89327e-05
34563: 2.89318e-05
34564: 2.8931e-05
34565: 2.89302e-05
34566: 2.89293e-05
34567: 2.89285e-05
34568: 2.89277e-05
34569: 2.89268e-05
34570: 2.8926e-05
34571: 2.89251e-05
34572: 2.89243e-05
34573: 2.89235e-05
34574: 2.89226e-05
34575: 2.89218e-05
34576: 2.8921e-05
34577: 2.89201e-05
34578: 2.89193e-05
34579: 2.89184e-05
34580: 2.89176e-05
34581: 2.89168e-05
34582: 2.89159e-05
34583: 2.89151e-05
34584: 2.89143e-05
34585: 2.89134e-05
34586: 2.89126e-05
34587: 2.89118e-05
34588: 2.89109e-05
34589: 2.89101e-05
34590: 2.89093e-05
34591: 2.89084e-05
34592: 2.89076e-05
34593: 2.89067e-05
34594: 2.89059e-05
34595: 2.89051e-05
34596: 2.89042e-05
34597: 2.89034e-05
34598: 2.89026e-05
34599: 2.89017e-05
34600: 2.89009e-05
34601: 2.89001e-05
34602: 2.88992e-05
34603: 2.88984e-05
34604: 2.88976e-05
34605: 2.88967e-05
34606: 2.88959e-05
34607: 2.88951e-05
34608: 2.88942e-05
34609: 2.88934e-05
34610: 2.88925e-05
34611: 2.88917e-05
34612: 2.88909e-05
34613: 2.889e-05
34614: 2.88892e-05
34615: 2.88884e-05
34616: 2.88875e-05
34617: 2.88867e-05
34618: 2.88859e-05
34619: 2.8885e-05
34620: 2.88842e-05
34621: 2.88834e-05
34622: 2.88825e-05
34623: 2.88817e-05
34624: 2.88809e-05
34625: 2.888e-05
34626: 2.88792e-05
34627: 2.88784e-05
34628: 2.88775e-05
34629: 2.88767e-05
34630: 2.88759e-05
34631: 2.8875e-05
34632: 2.88742e-05
34633: 2.88734e-05
34634: 2.88725e-05
34635: 2.88717e-05
34636: 2.88709e-05
34637: 2.887e-05
34638: 2.88692e-05
34639: 2.88684e-05
34640: 2.88675e-05
34641: 2.88667e-05
34642: 2.88659e-05
34643: 2.8865e-05
34644: 2.88642e-05
34645: 2.88634e-05
34646: 2.88625e-05
34647: 2.88617e-05
34648: 2.88609e-05
34649: 2.886e-05
34650: 2.88592e-05
34651: 2.88584e-05
34652: 2.88575e-05
34653: 2.88567e-05
34654: 2.88559e-05
34655: 2.8855e-05
34656: 2.88542e-05
34657: 2.88534e-05
34658: 2.88525e-05
34659: 2.88517e-05
34660: 2.88509e-05
34661: 2.885e-05
34662: 2.88492e-05
34663: 2.88484e-05
34664: 2.88475e-05
34665: 2.88467e-05
34666: 2.88459e-05
34667: 2.8845e-05
34668: 2.88442e-05
34669: 2.88434e-05
34670: 2.88425e-05
34671: 2.88417e-05
34672: 2.88409e-05
34673: 2.88401e-05
34674: 2.88392e-05
34675: 2.88384e-05
34676: 2.88376e-05
34677: 2.88367e-05
34678: 2.88359e-05
34679: 2.88351e-05
34680: 2.88342e-05
34681: 2.88334e-05
34682: 2.88326e-05
34683: 2.88317e-05
34684: 2.88309e-05
34685: 2.88301e-05
34686: 2.88292e-05
34687: 2.88284e-05
34688: 2.88276e-05
34689: 2.88268e-05
34690: 2.88259e-05
34691: 2.88251e-05
34692: 2.88243e-05
34693: 2.88234e-05
34694: 2.88226e-05
34695: 2.88218e-05
34696: 2.88209e-05
34697: 2.88201e-05
34698: 2.88193e-05
34699: 2.88184e-05
34700: 2.88176e-05
34701: 2.88168e-05
34702: 2.8816e-05
34703: 2.88151e-05
34704: 2.88143e-05
34705: 2.88135e-05
34706: 2.88126e-05
34707: 2.88118e-05
34708: 2.8811e-05
34709: 2.88101e-05
34710: 2.88093e-05
34711: 2.88085e-05
34712: 2.88077e-05
34713: 2.88068e-05
34714: 2.8806e-05
34715: 2.88052e-05
34716: 2.88043e-05
34717: 2.88035e-05
34718: 2.88027e-05
34719: 2.88018e-05
34720: 2.8801e-05
34721: 2.88002e-05
34722: 2.87994e-05
34723: 2.87985e-05
34724: 2.87977e-05
34725: 2.87969e-05
34726: 2.8796e-05
34727: 2.87952e-05
34728: 2.87944e-05
34729: 2.87936e-05
34730: 2.87927e-05
34731: 2.87919e-05
34732: 2.87911e-05
34733: 2.87902e-05
34734: 2.87894e-05
34735: 2.87886e-05
34736: 2.87877e-05
34737: 2.87869e-05
34738: 2.87861e-05
34739: 2.87853e-05
34740: 2.87844e-05
34741: 2.87836e-05
34742: 2.87828e-05
34743: 2.87819e-05
34744: 2.87811e-05
34745: 2.87803e-05
34746: 2.87795e-05
34747: 2.87786e-05
34748: 2.87778e-05
34749: 2.8777e-05
34750: 2.87762e-05
34751: 2.87753e-05
34752: 2.87745e-05
34753: 2.87737e-05
34754: 2.87728e-05
34755: 2.8772e-05
34756: 2.87712e-05
34757: 2.87704e-05
34758: 2.87695e-05
34759: 2.87687e-05
34760: 2.87679e-05
34761: 2.8767e-05
34762: 2.87662e-05
34763: 2.87654e-05
34764: 2.87646e-05
34765: 2.87637e-05
34766: 2.87629e-05
34767: 2.87621e-05
34768: 2.87613e-05
34769: 2.87604e-05
34770: 2.87596e-05
34771: 2.87588e-05
34772: 2.87579e-05
34773: 2.87571e-05
34774: 2.87563e-05
34775: 2.87555e-05
34776: 2.87546e-05
34777: 2.87538e-05
34778: 2.8753e-05
34779: 2.87522e-05
34780: 2.87513e-05
34781: 2.87505e-05
34782: 2.87497e-05
34783: 2.87489e-05
34784: 2.8748e-05
34785: 2.87472e-05
34786: 2.87464e-05
34787: 2.87455e-05
34788: 2.87447e-05
34789: 2.87439e-05
34790: 2.87431e-05
34791: 2.87422e-05
34792: 2.87414e-05
34793: 2.87406e-05
34794: 2.87398e-05
34795: 2.87389e-05
34796: 2.87381e-05
34797: 2.87373e-05
34798: 2.87365e-05
34799: 2.87356e-05
34800: 2.87348e-05
34801: 2.8734e-05
34802: 2.87332e-05
34803: 2.87323e-05
34804: 2.87315e-05
34805: 2.87307e-05
34806: 2.87299e-05
34807: 2.8729e-05
34808: 2.87282e-05
34809: 2.87274e-05
34810: 2.87266e-05
34811: 2.87257e-05
34812: 2.87249e-05
34813: 2.87241e-05
34814: 2.87233e-05
34815: 2.87224e-05
34816: 2.87216e-05
34817: 2.87208e-05
34818: 2.872e-05
34819: 2.87191e-05
34820: 2.87183e-05
34821: 2.87175e-05
34822: 2.87167e-05
34823: 2.87158e-05
34824: 2.8715e-05
34825: 2.87142e-05
34826: 2.87134e-05
34827: 2.87125e-05
34828: 2.87117e-05
34829: 2.87109e-05
34830: 2.87101e-05
34831: 2.87092e-05
34832: 2.87084e-05
34833: 2.87076e-05
34834: 2.87068e-05
34835: 2.87059e-05
34836: 2.87051e-05
34837: 2.87043e-05
34838: 2.87035e-05
34839: 2.87026e-05
34840: 2.87018e-05
34841: 2.8701e-05
34842: 2.87002e-05
34843: 2.86993e-05
34844: 2.86985e-05
34845: 2.86977e-05
34846: 2.86969e-05
34847: 2.86961e-05
34848: 2.86952e-05
34849: 2.86944e-05
34850: 2.86936e-05
34851: 2.86928e-05
34852: 2.86919e-05
34853: 2.86911e-05
34854: 2.86903e-05
34855: 2.86895e-05
34856: 2.86886e-05
34857: 2.86878e-05
34858: 2.8687e-05
34859: 2.86862e-05
34860: 2.86854e-05
34861: 2.86845e-05
34862: 2.86837e-05
34863: 2.86829e-05
34864: 2.86821e-05
34865: 2.86812e-05
34866: 2.86804e-05
34867: 2.86796e-05
34868: 2.86788e-05
34869: 2.86779e-05
34870: 2.86771e-05
34871: 2.86763e-05
34872: 2.86755e-05
34873: 2.86747e-05
34874: 2.86738e-05
34875: 2.8673e-05
34876: 2.86722e-05
34877: 2.86714e-05
34878: 2.86705e-05
34879: 2.86697e-05
34880: 2.86689e-05
34881: 2.86681e-05
34882: 2.86673e-05
34883: 2.86664e-05
34884: 2.86656e-05
34885: 2.86648e-05
34886: 2.8664e-05
34887: 2.86632e-05
34888: 2.86623e-05
34889: 2.86615e-05
34890: 2.86607e-05
34891: 2.86599e-05
34892: 2.8659e-05
34893: 2.86582e-05
34894: 2.86574e-05
34895: 2.86566e-05
34896: 2.86558e-05
34897: 2.86549e-05
34898: 2.86541e-05
34899: 2.86533e-05
34900: 2.86525e-05
34901: 2.86517e-05
34902: 2.86508e-05
34903: 2.865e-05
34904: 2.86492e-05
34905: 2.86484e-05
34906: 2.86475e-05
34907: 2.86467e-05
34908: 2.86459e-05
34909: 2.86451e-05
34910: 2.86443e-05
34911: 2.86434e-05
34912: 2.86426e-05
34913: 2.86418e-05
34914: 2.8641e-05
34915: 2.86402e-05
34916: 2.86393e-05
34917: 2.86385e-05
34918: 2.86377e-05
34919: 2.86369e-05
34920: 2.86361e-05
34921: 2.86352e-05
34922: 2.86344e-05
34923: 2.86336e-05
34924: 2.86328e-05
34925: 2.8632e-05
34926: 2.86311e-05
34927: 2.86303e-05
34928: 2.86295e-05
34929: 2.86287e-05
34930: 2.86279e-05
34931: 2.8627e-05
34932: 2.86262e-05
34933: 2.86254e-05
34934: 2.86246e-05
34935: 2.86238e-05
34936: 2.86229e-05
34937: 2.86221e-05
34938: 2.86213e-05
34939: 2.86205e-05
34940: 2.86197e-05
34941: 2.86189e-05
34942: 2.8618e-05
34943: 2.86172e-05
34944: 2.86164e-05
34945: 2.86156e-05
34946: 2.86148e-05
34947: 2.86139e-05
34948: 2.86131e-05
34949: 2.86123e-05
34950: 2.86115e-05
34951: 2.86107e-05
34952: 2.86098e-05
34953: 2.8609e-05
34954: 2.86082e-05
34955: 2.86074e-05
34956: 2.86066e-05
34957: 2.86058e-05
34958: 2.86049e-05
34959: 2.86041e-05
34960: 2.86033e-05
34961: 2.86025e-05
34962: 2.86017e-05
34963: 2.86008e-05
34964: 2.86e-05
34965: 2.85992e-05
34966: 2.85984e-05
34967: 2.85976e-05
34968: 2.85968e-05
34969: 2.85959e-05
34970: 2.85951e-05
34971: 2.85943e-05
34972: 2.85935e-05
34973: 2.85927e-05
34974: 2.85919e-05
34975: 2.8591e-05
34976: 2.85902e-05
34977: 2.85894e-05
34978: 2.85886e-05
34979: 2.85878e-05
34980: 2.85869e-05
34981: 2.85861e-05
34982: 2.85853e-05
34983: 2.85845e-05
34984: 2.85837e-05
34985: 2.85829e-05
34986: 2.8582e-05
34987: 2.85812e-05
34988: 2.85804e-05
34989: 2.85796e-05
34990: 2.85788e-05
34991: 2.8578e-05
34992: 2.85771e-05
34993: 2.85763e-05
34994: 2.85755e-05
34995: 2.85747e-05
34996: 2.85739e-05
34997: 2.85731e-05
34998: 2.85722e-05
34999: 2.85714e-05
35000: 2.85706e-05
35001: 2.85698e-05
35002: 2.8569e-05
35003: 2.85682e-05
35004: 2.85673e-05
35005: 2.85665e-05
35006: 2.85657e-05
35007: 2.85649e-05
35008: 2.85641e-05
35009: 2.85633e-05
35010: 2.85625e-05
35011: 2.85616e-05
35012: 2.85608e-05
35013: 2.856e-05
35014: 2.85592e-05
35015: 2.85584e-05
35016: 2.85576e-05
35017: 2.85567e-05
35018: 2.85559e-05
35019: 2.85551e-05
35020: 2.85543e-05
35021: 2.85535e-05
35022: 2.85527e-05
35023: 2.85519e-05
35024: 2.8551e-05
35025: 2.85502e-05
35026: 2.85494e-05
35027: 2.85486e-05
35028: 2.85478e-05
35029: 2.8547e-05
35030: 2.85461e-05
35031: 2.85453e-05
35032: 2.85445e-05
35033: 2.85437e-05
35034: 2.85429e-05
35035: 2.85421e-05
35036: 2.85413e-05
35037: 2.85404e-05
35038: 2.85396e-05
35039: 2.85388e-05
35040: 2.8538e-05
35041: 2.85372e-05
35042: 2.85364e-05
35043: 2.85356e-05
35044: 2.85347e-05
35045: 2.85339e-05
35046: 2.85331e-05
35047: 2.85323e-05
35048: 2.85315e-05
35049: 2.85307e-05
35050: 2.85299e-05
35051: 2.8529e-05
35052: 2.85282e-05
35053: 2.85274e-05
35054: 2.85266e-05
35055: 2.85258e-05
35056: 2.8525e-05
35057: 2.85242e-05
35058: 2.85233e-05
35059: 2.85225e-05
35060: 2.85217e-05
35061: 2.85209e-05
35062: 2.85201e-05
35063: 2.85193e-05
35064: 2.85185e-05
35065: 2.85177e-05
35066: 2.85168e-05
35067: 2.8516e-05
35068: 2.85152e-05
35069: 2.85144e-05
35070: 2.85136e-05
35071: 2.85128e-05
35072: 2.8512e-05
35073: 2.85111e-05
35074: 2.85103e-05
35075: 2.85095e-05
35076: 2.85087e-05
35077: 2.85079e-05
35078: 2.85071e-05
35079: 2.85063e-05
35080: 2.85055e-05
35081: 2.85046e-05
35082: 2.85038e-05
35083: 2.8503e-05
35084: 2.85022e-05
35085: 2.85014e-05
35086: 2.85006e-05
35087: 2.84998e-05
35088: 2.8499e-05
35089: 2.84981e-05
35090: 2.84973e-05
35091: 2.84965e-05
35092: 2.84957e-05
35093: 2.84949e-05
35094: 2.84941e-05
35095: 2.84933e-05
35096: 2.84925e-05
35097: 2.84917e-05
35098: 2.84908e-05
35099: 2.849e-05
35100: 2.84892e-05
35101: 2.84884e-05
35102: 2.84876e-05
35103: 2.84868e-05
35104: 2.8486e-05
35105: 2.84852e-05
35106: 2.84843e-05
35107: 2.84835e-05
35108: 2.84827e-05
35109: 2.84819e-05
35110: 2.84811e-05
35111: 2.84803e-05
35112: 2.84795e-05
35113: 2.84787e-05
35114: 2.84779e-05
35115: 2.8477e-05
35116: 2.84762e-05
35117: 2.84754e-05
35118: 2.84746e-05
35119: 2.84738e-05
35120: 2.8473e-05
35121: 2.84722e-05
35122: 2.84714e-05
35123: 2.84706e-05
35124: 2.84698e-05
35125: 2.84689e-05
35126: 2.84681e-05
35127: 2.84673e-05
35128: 2.84665e-05
35129: 2.84657e-05
35130: 2.84649e-05
35131: 2.84641e-05
35132: 2.84633e-05
35133: 2.84625e-05
35134: 2.84616e-05
35135: 2.84608e-05
35136: 2.846e-05
35137: 2.84592e-05
35138: 2.84584e-05
35139: 2.84576e-05
35140: 2.84568e-05
35141: 2.8456e-05
35142: 2.84552e-05
35143: 2.84544e-05
35144: 2.84535e-05
35145: 2.84527e-05
35146: 2.84519e-05
35147: 2.84511e-05
35148: 2.84503e-05
35149: 2.84495e-05
35150: 2.84487e-05
35151: 2.84479e-05
35152: 2.84471e-05
35153: 2.84463e-05
35154: 2.84455e-05
35155: 2.84446e-05
35156: 2.84438e-05
35157: 2.8443e-05
35158: 2.84422e-05
35159: 2.84414e-05
35160: 2.84406e-05
35161: 2.84398e-05
35162: 2.8439e-05
35163: 2.84382e-05
35164: 2.84374e-05
35165: 2.84366e-05
35166: 2.84357e-05
35167: 2.84349e-05
35168: 2.84341e-05
35169: 2.84333e-05
35170: 2.84325e-05
35171: 2.84317e-05
35172: 2.84309e-05
35173: 2.84301e-05
35174: 2.84293e-05
35175: 2.84285e-05
35176: 2.84277e-05
35177: 2.84269e-05
35178: 2.8426e-05
35179: 2.84252e-05
35180: 2.84244e-05
35181: 2.84236e-05
35182: 2.84228e-05
35183: 2.8422e-05
35184: 2.84212e-05
35185: 2.84204e-05
35186: 2.84196e-05
35187: 2.84188e-05
35188: 2.8418e-05
35189: 2.84172e-05
35190: 2.84164e-05
35191: 2.84155e-05
35192: 2.84147e-05
35193: 2.84139e-05
35194: 2.84131e-05
35195: 2.84123e-05
35196: 2.84115e-05
35197: 2.84107e-05
35198: 2.84099e-05
35199: 2.84091e-05
35200: 2.84083e-05
35201: 2.84075e-05
35202: 2.84067e-05
35203: 2.84059e-05
35204: 2.84051e-05
35205: 2.84042e-05
35206: 2.84034e-05
35207: 2.84026e-05
35208: 2.84018e-05
35209: 2.8401e-05
35210: 2.84002e-05
35211: 2.83994e-05
35212: 2.83986e-05
35213: 2.83978e-05
35214: 2.8397e-05
35215: 2.83962e-05
35216: 2.83954e-05
35217: 2.83946e-05
35218: 2.83938e-05
35219: 2.8393e-05
35220: 2.83922e-05
35221: 2.83913e-05
35222: 2.83905e-05
35223: 2.83897e-05
35224: 2.83889e-05
35225: 2.83881e-05
35226: 2.83873e-05
35227: 2.83865e-05
35228: 2.83857e-05
35229: 2.83849e-05
35230: 2.83841e-05
35231: 2.83833e-05
35232: 2.83825e-05
35233: 2.83817e-05
35234: 2.83809e-05
35235: 2.83801e-05
35236: 2.83793e-05
35237: 2.83785e-05
35238: 2.83776e-05
35239: 2.83768e-05
35240: 2.8376e-05
35241: 2.83752e-05
35242: 2.83744e-05
35243: 2.83736e-05
35244: 2.83728e-05
35245: 2.8372e-05
35246: 2.83712e-05
35247: 2.83704e-05
35248: 2.83696e-05
35249: 2.83688e-05
35250: 2.8368e-05
35251: 2.83672e-05
35252: 2.83664e-05
35253: 2.83656e-05
35254: 2.83648e-05
35255: 2.8364e-05
35256: 2.83632e-05
35257: 2.83624e-05
35258: 2.83616e-05
35259: 2.83607e-05
35260: 2.83599e-05
35261: 2.83591e-05
35262: 2.83583e-05
35263: 2.83575e-05
35264: 2.83567e-05
35265: 2.83559e-05
35266: 2.83551e-05
35267: 2.83543e-05
35268: 2.83535e-05
35269: 2.83527e-05
35270: 2.83519e-05
35271: 2.83511e-05
35272: 2.83503e-05
35273: 2.83495e-05
35274: 2.83487e-05
35275: 2.83479e-05
35276: 2.83471e-05
35277: 2.83463e-05
35278: 2.83455e-05
35279: 2.83447e-05
35280: 2.83439e-05
35281: 2.83431e-05
35282: 2.83423e-05
35283: 2.83415e-05
35284: 2.83407e-05
35285: 2.83399e-05
35286: 2.8339e-05
35287: 2.83382e-05
35288: 2.83374e-05
35289: 2.83366e-05
35290: 2.83358e-05
35291: 2.8335e-05
35292: 2.83342e-05
35293: 2.83334e-05
35294: 2.83326e-05
35295: 2.83318e-05
35296: 2.8331e-05
35297: 2.83302e-05
35298: 2.83294e-05
35299: 2.83286e-05
35300: 2.83278e-05
35301: 2.8327e-05
35302: 2.83262e-05
35303: 2.83254e-05
35304: 2.83246e-05
35305: 2.83238e-05
35306: 2.8323e-05
35307: 2.83222e-05
35308: 2.83214e-05
35309: 2.83206e-05
35310: 2.83198e-05
35311: 2.8319e-05
35312: 2.83182e-05
35313: 2.83174e-05
35314: 2.83166e-05
35315: 2.83158e-05
35316: 2.8315e-05
35317: 2.83142e-05
35318: 2.83134e-05
35319: 2.83126e-05
35320: 2.83118e-05
35321: 2.8311e-05
35322: 2.83102e-05
35323: 2.83094e-05
35324: 2.83086e-05
35325: 2.83078e-05
35326: 2.8307e-05
35327: 2.83062e-05
35328: 2.83054e-05
35329: 2.83046e-05
35330: 2.83038e-05
35331: 2.8303e-05
35332: 2.83022e-05
35333: 2.83014e-05
35334: 2.83006e-05
35335: 2.82998e-05
35336: 2.8299e-05
35337: 2.82981e-05
35338: 2.82973e-05
35339: 2.82965e-05
35340: 2.82957e-05
35341: 2.82949e-05
35342: 2.82941e-05
35343: 2.82933e-05
35344: 2.82925e-05
35345: 2.82917e-05
35346: 2.82909e-05
35347: 2.82901e-05
35348: 2.82893e-05
35349: 2.82885e-05
35350: 2.82877e-05
35351: 2.82869e-05
35352: 2.82861e-05
35353: 2.82853e-05
35354: 2.82845e-05
35355: 2.82837e-05
35356: 2.82829e-05
35357: 2.82821e-05
35358: 2.82813e-05
35359: 2.82805e-05
35360: 2.82797e-05
35361: 2.82789e-05
35362: 2.82781e-05
35363: 2.82773e-05
35364: 2.82765e-05
35365: 2.82757e-05
35366: 2.82749e-05
35367: 2.82741e-05
35368: 2.82733e-05
35369: 2.82725e-05
35370: 2.82717e-05
35371: 2.82709e-05
35372: 2.82701e-05
35373: 2.82694e-05
35374: 2.82686e-05
35375: 2.82678e-05
35376: 2.8267e-05
35377: 2.82662e-05
35378: 2.82654e-05
35379: 2.82646e-05
35380: 2.82638e-05
35381: 2.8263e-05
35382: 2.82622e-05
35383: 2.82614e-05
35384: 2.82606e-05
35385: 2.82598e-05
35386: 2.8259e-05
35387: 2.82582e-05
35388: 2.82574e-05
35389: 2.82566e-05
35390: 2.82558e-05
35391: 2.8255e-05
35392: 2.82542e-05
35393: 2.82534e-05
35394: 2.82526e-05
35395: 2.82518e-05
35396: 2.8251e-05
35397: 2.82502e-05
35398: 2.82494e-05
35399: 2.82486e-05
35400: 2.82478e-05
35401: 2.8247e-05
35402: 2.82462e-05
35403: 2.82454e-05
35404: 2.82446e-05
35405: 2.82438e-05
35406: 2.8243e-05
35407: 2.82422e-05
35408: 2.82414e-05
35409: 2.82406e-05
35410: 2.82398e-05
35411: 2.8239e-05
35412: 2.82382e-05
35413: 2.82374e-05
35414: 2.82366e-05
35415: 2.82358e-05
35416: 2.8235e-05
35417: 2.82342e-05
35418: 2.82334e-05
35419: 2.82326e-05
35420: 2.82318e-05
35421: 2.8231e-05
35422: 2.82302e-05
35423: 2.82294e-05
35424: 2.82287e-05
35425: 2.82279e-05
35426: 2.82271e-05
35427: 2.82263e-05
35428: 2.82255e-05
35429: 2.82247e-05
35430: 2.82239e-05
35431: 2.82231e-05
35432: 2.82223e-05
35433: 2.82215e-05
35434: 2.82207e-05
35435: 2.82199e-05
35436: 2.82191e-05
35437: 2.82183e-05
35438: 2.82175e-05
35439: 2.82167e-05
35440: 2.82159e-05
35441: 2.82151e-05
35442: 2.82143e-05
35443: 2.82135e-05
35444: 2.82127e-05
35445: 2.82119e-05
35446: 2.82111e-05
35447: 2.82103e-05
35448: 2.82095e-05
35449: 2.82087e-05
35450: 2.82079e-05
35451: 2.82072e-05
35452: 2.82064e-05
35453: 2.82056e-05
35454: 2.82048e-05
35455: 2.8204e-05
35456: 2.82032e-05
35457: 2.82024e-05
35458: 2.82016e-05
35459: 2.82008e-05
35460: 2.82e-05
35461: 2.81992e-05
35462: 2.81984e-05
35463: 2.81976e-05
35464: 2.81968e-05
35465: 2.8196e-05
35466: 2.81952e-05
35467: 2.81944e-05
35468: 2.81936e-05
35469: 2.81928e-05
35470: 2.8192e-05
35471: 2.81912e-05
35472: 2.81905e-05
35473: 2.81897e-05
35474: 2.81889e-05
35475: 2.81881e-05
35476: 2.81873e-05
35477: 2.81865e-05
35478: 2.81857e-05
35479: 2.81849e-05
35480: 2.81841e-05
35481: 2.81833e-05
35482: 2.81825e-05
35483: 2.81817e-05
35484: 2.81809e-05
35485: 2.81801e-05
35486: 2.81793e-05
35487: 2.81785e-05
35488: 2.81777e-05
35489: 2.8177e-05
35490: 2.81762e-05
35491: 2.81754e-05
35492: 2.81746e-05
35493: 2.81738e-05
35494: 2.8173e-05
35495: 2.81722e-05
35496: 2.81714e-05
35497: 2.81706e-05
35498: 2.81698e-05
35499: 2.8169e-05
35500: 2.81682e-05
35501: 2.81674e-05
35502: 2.81666e-05
35503: 2.81658e-05
35504: 2.8165e-05
35505: 2.81643e-05
35506: 2.81635e-05
35507: 2.81627e-05
35508: 2.81619e-05
35509: 2.81611e-05
35510: 2.81603e-05
35511: 2.81595e-05
35512: 2.81587e-05
35513: 2.81579e-05
35514: 2.81571e-05
35515: 2.81563e-05
35516: 2.81555e-05
35517: 2.81547e-05
35518: 2.81539e-05
35519: 2.81532e-05
35520: 2.81524e-05
35521: 2.81516e-05
35522: 2.81508e-05
35523: 2.815e-05
35524: 2.81492e-05
35525: 2.81484e-05
35526: 2.81476e-05
35527: 2.81468e-05
35528: 2.8146e-05
35529: 2.81452e-05
35530: 2.81444e-05
35531: 2.81436e-05
35532: 2.81429e-05
35533: 2.81421e-05
35534: 2.81413e-05
35535: 2.81405e-05
35536: 2.81397e-05
35537: 2.81389e-05
35538: 2.81381e-05
35539: 2.81373e-05
35540: 2.81365e-05
35541: 2.81357e-05
35542: 2.81349e-05
35543: 2.81341e-05
35544: 2.81334e-05
35545: 2.81326e-05
35546: 2.81318e-05
35547: 2.8131e-05
35548: 2.81302e-05
35549: 2.81294e-05
35550: 2.81286e-05
35551: 2.81278e-05
35552: 2.8127e-05
35553: 2.81262e-05
35554: 2.81254e-05
35555: 2.81246e-05
35556: 2.81239e-05
35557: 2.81231e-05
35558: 2.81223e-05
35559: 2.81215e-05
35560: 2.81207e-05
35561: 2.81199e-05
35562: 2.81191e-05
35563: 2.81183e-05
35564: 2.81175e-05
35565: 2.81167e-05
35566: 2.8116e-05
35567: 2.81152e-05
35568: 2.81144e-05
35569: 2.81136e-05
35570: 2.81128e-05
35571: 2.8112e-05
35572: 2.81112e-05
35573: 2.81104e-05
35574: 2.81096e-05
35575: 2.81088e-05
35576: 2.8108e-05
35577: 2.81073e-05
35578: 2.81065e-05
35579: 2.81057e-05
35580: 2.81049e-05
35581: 2.81041e-05
35582: 2.81033e-05
35583: 2.81025e-05
35584: 2.81017e-05
35585: 2.81009e-05
35586: 2.81001e-05
35587: 2.80994e-05
35588: 2.80986e-05
35589: 2.80978e-05
35590: 2.8097e-05
35591: 2.80962e-05
35592: 2.80954e-05
35593: 2.80946e-05
35594: 2.80938e-05
35595: 2.8093e-05
35596: 2.80923e-05
35597: 2.80915e-05
35598: 2.80907e-05
35599: 2.80899e-05
35600: 2.80891e-05
35601: 2.80883e-05
35602: 2.80875e-05
35603: 2.80867e-05
35604: 2.80859e-05
35605: 2.80852e-05
35606: 2.80844e-05
35607: 2.80836e-05
35608: 2.80828e-05
35609: 2.8082e-05
35610: 2.80812e-05
35611: 2.80804e-05
35612: 2.80796e-05
35613: 2.80788e-05
35614: 2.80781e-05
35615: 2.80773e-05
35616: 2.80765e-05
35617: 2.80757e-05
35618: 2.80749e-05
35619: 2.80741e-05
35620: 2.80733e-05
35621: 2.80725e-05
35622: 2.80718e-05
35623: 2.8071e-05
35624: 2.80702e-05
35625: 2.80694e-05
35626: 2.80686e-05
35627: 2.80678e-05
35628: 2.8067e-05
35629: 2.80662e-05
35630: 2.80654e-05
35631: 2.80647e-05
35632: 2.80639e-05
35633: 2.80631e-05
35634: 2.80623e-05
35635: 2.80615e-05
35636: 2.80607e-05
35637: 2.80599e-05
35638: 2.80591e-05
35639: 2.80584e-05
35640: 2.80576e-05
35641: 2.80568e-05
35642: 2.8056e-05
35643: 2.80552e-05
35644: 2.80544e-05
35645: 2.80536e-05
35646: 2.80529e-05
35647: 2.80521e-05
35648: 2.80513e-05
35649: 2.80505e-05
35650: 2.80497e-05
35651: 2.80489e-05
35652: 2.80481e-05
35653: 2.80473e-05
35654: 2.80466e-05
35655: 2.80458e-05
35656: 2.8045e-05
35657: 2.80442e-05
35658: 2.80434e-05
35659: 2.80426e-05
35660: 2.80418e-05
35661: 2.80411e-05
35662: 2.80403e-05
35663: 2.80395e-05
35664: 2.80387e-05
35665: 2.80379e-05
35666: 2.80371e-05
35667: 2.80363e-05
35668: 2.80355e-05
35669: 2.80348e-05
35670: 2.8034e-05
35671: 2.80332e-05
35672: 2.80324e-05
35673: 2.80316e-05
35674: 2.80308e-05
35675: 2.803e-05
35676: 2.80293e-05
35677: 2.80285e-05
35678: 2.80277e-05
35679: 2.80269e-05
35680: 2.80261e-05
35681: 2.80253e-05
35682: 2.80245e-05
35683: 2.80238e-05
35684: 2.8023e-05
35685: 2.80222e-05
35686: 2.80214e-05
35687: 2.80206e-05
35688: 2.80198e-05
35689: 2.80191e-05
35690: 2.80183e-05
35691: 2.80175e-05
35692: 2.80167e-05
35693: 2.80159e-05
35694: 2.80151e-05
35695: 2.80143e-05
35696: 2.80136e-05
35697: 2.80128e-05
35698: 2.8012e-05
35699: 2.80112e-05
35700: 2.80104e-05
35701: 2.80096e-05
35702: 2.80089e-05
35703: 2.80081e-05
35704: 2.80073e-05
35705: 2.80065e-05
35706: 2.80057e-05
35707: 2.80049e-05
35708: 2.80041e-05
35709: 2.80034e-05
35710: 2.80026e-05
35711: 2.80018e-05
35712: 2.8001e-05
35713: 2.80002e-05
35714: 2.79994e-05
35715: 2.79987e-05
35716: 2.79979e-05
35717: 2.79971e-05
35718: 2.79963e-05
35719: 2.79955e-05
35720: 2.79947e-05
35721: 2.7994e-05
35722: 2.79932e-05
35723: 2.79924e-05
35724: 2.79916e-05
35725: 2.79908e-05
35726: 2.799e-05
35727: 2.79893e-05
35728: 2.79885e-05
35729: 2.79877e-05
35730: 2.79869e-05
35731: 2.79861e-05
35732: 2.79853e-05
35733: 2.79846e-05
35734: 2.79838e-05
35735: 2.7983e-05
35736: 2.79822e-05
35737: 2.79814e-05
35738: 2.79806e-05
35739: 2.79799e-05
35740: 2.79791e-05
35741: 2.79783e-05
35742: 2.79775e-05
35743: 2.79767e-05
35744: 2.79759e-05
35745: 2.79752e-05
35746: 2.79744e-05
35747: 2.79736e-05
35748: 2.79728e-05
35749: 2.7972e-05
35750: 2.79712e-05
35751: 2.79705e-05
35752: 2.79697e-05
35753: 2.79689e-05
35754: 2.79681e-05
35755: 2.79673e-05
35756: 2.79666e-05
35757: 2.79658e-05
35758: 2.7965e-05
35759: 2.79642e-05
35760: 2.79634e-05
35761: 2.79626e-05
35762: 2.79619e-05
35763: 2.79611e-05
35764: 2.79603e-05
35765: 2.79595e-05
35766: 2.79587e-05
35767: 2.7958e-05
35768: 2.79572e-05
35769: 2.79564e-05
35770: 2.79556e-05
35771: 2.79548e-05
35772: 2.7954e-05
35773: 2.79533e-05
35774: 2.79525e-05
35775: 2.79517e-05
35776: 2.79509e-05
35777: 2.79501e-05
35778: 2.79494e-05
35779: 2.79486e-05
35780: 2.79478e-05
35781: 2.7947e-05
35782: 2.79462e-05
35783: 2.79455e-05
35784: 2.79447e-05
35785: 2.79439e-05
35786: 2.79431e-05
35787: 2.79423e-05
35788: 2.79415e-05
35789: 2.79408e-05
35790: 2.794e-05
35791: 2.79392e-05
35792: 2.79384e-05
35793: 2.79376e-05
35794: 2.79369e-05
35795: 2.79361e-05
35796: 2.79353e-05
35797: 2.79345e-05
35798: 2.79337e-05
35799: 2.7933e-05
35800: 2.79322e-05
35801: 2.79314e-05
35802: 2.79306e-05
35803: 2.79298e-05
35804: 2.79291e-05
35805: 2.79283e-05
35806: 2.79275e-05
35807: 2.79267e-05
35808: 2.79259e-05
35809: 2.79252e-05
35810: 2.79244e-05
35811: 2.79236e-05
35812: 2.79228e-05
35813: 2.7922e-05
35814: 2.79213e-05
35815: 2.79205e-05
35816: 2.79197e-05
35817: 2.79189e-05
35818: 2.79181e-05
35819: 2.79174e-05
35820: 2.79166e-05
35821: 2.79158e-05
35822: 2.7915e-05
35823: 2.79142e-05
35824: 2.79135e-05
35825: 2.79127e-05
35826: 2.79119e-05
35827: 2.79111e-05
35828: 2.79104e-05
35829: 2.79096e-05
35830: 2.79088e-05
35831: 2.7908e-05
35832: 2.79072e-05
35833: 2.79065e-05
35834: 2.79057e-05
35835: 2.79049e-05
35836: 2.79041e-05
35837: 2.79033e-05
35838: 2.79026e-05
35839: 2.79018e-05
35840: 2.7901e-05
35841: 2.79002e-05
35842: 2.78995e-05
35843: 2.78987e-05
35844: 2.78979e-05
35845: 2.78971e-05
35846: 2.78963e-05
35847: 2.78956e-05
35848: 2.78948e-05
35849: 2.7894e-05
35850: 2.78932e-05
35851: 2.78924e-05
35852: 2.78917e-05
35853: 2.78909e-05
35854: 2.78901e-05
35855: 2.78893e-05
35856: 2.78886e-05
35857: 2.78878e-05
35858: 2.7887e-05
35859: 2.78862e-05
35860: 2.78854e-05
35861: 2.78847e-05
35862: 2.78839e-05
35863: 2.78831e-05
35864: 2.78823e-05
35865: 2.78816e-05
35866: 2.78808e-05
35867: 2.788e-05
35868: 2.78792e-05
35869: 2.78784e-05
35870: 2.78777e-05
35871: 2.78769e-05
35872: 2.78761e-05
35873: 2.78753e-05
35874: 2.78746e-05
35875: 2.78738e-05
35876: 2.7873e-05
35877: 2.78722e-05
35878: 2.78715e-05
35879: 2.78707e-05
35880: 2.78699e-05
35881: 2.78691e-05
35882: 2.78683e-05
35883: 2.78676e-05
35884: 2.78668e-05
35885: 2.7866e-05
35886: 2.78652e-05
35887: 2.78645e-05
35888: 2.78637e-05
35889: 2.78629e-05
35890: 2.78621e-05
35891: 2.78614e-05
35892: 2.78606e-05
35893: 2.78598e-05
35894: 2.7859e-05
35895: 2.78583e-05
35896: 2.78575e-05
35897: 2.78567e-05
35898: 2.78559e-05
35899: 2.78552e-05
35900: 2.78544e-05
35901: 2.78536e-05
35902: 2.78528e-05
35903: 2.7852e-05
35904: 2.78513e-05
35905: 2.78505e-05
35906: 2.78497e-05
35907: 2.78489e-05
35908: 2.78482e-05
35909: 2.78474e-05
35910: 2.78466e-05
35911: 2.78458e-05
35912: 2.78451e-05
35913: 2.78443e-05
35914: 2.78435e-05
35915: 2.78427e-05
35916: 2.7842e-05
35917: 2.78412e-05
35918: 2.78404e-05
35919: 2.78396e-05
35920: 2.78389e-05
35921: 2.78381e-05
35922: 2.78373e-05
35923: 2.78365e-05
35924: 2.78358e-05
35925: 2.7835e-05
35926: 2.78342e-05
35927: 2.78334e-05
35928: 2.78327e-05
35929: 2.78319e-05
35930: 2.78311e-05
35931: 2.78303e-05
35932: 2.78296e-05
35933: 2.78288e-05
35934: 2.7828e-05
35935: 2.78272e-05
35936: 2.78265e-05
35937: 2.78257e-05
35938: 2.78249e-05
35939: 2.78242e-05
35940: 2.78234e-05
35941: 2.78226e-05
35942: 2.78218e-05
35943: 2.78211e-05
35944: 2.78203e-05
35945: 2.78195e-05
35946: 2.78187e-05
35947: 2.7818e-05
35948: 2.78172e-05
35949: 2.78164e-05
35950: 2.78156e-05
35951: 2.78149e-05
35952: 2.78141e-05
35953: 2.78133e-05
35954: 2.78125e-05
35955: 2.78118e-05
35956: 2.7811e-05
35957: 2.78102e-05
35958: 2.78094e-05
35959: 2.78087e-05
35960: 2.78079e-05
35961: 2.78071e-05
35962: 2.78064e-05
35963: 2.78056e-05
35964: 2.78048e-05
35965: 2.7804e-05
35966: 2.78033e-05
35967: 2.78025e-05
35968: 2.78017e-05
35969: 2.78009e-05
35970: 2.78002e-05
35971: 2.77994e-05
35972: 2.77986e-05
35973: 2.77979e-05
35974: 2.77971e-05
35975: 2.77963e-05
35976: 2.77955e-05
35977: 2.77948e-05
35978: 2.7794e-05
35979: 2.77932e-05
35980: 2.77924e-05
35981: 2.77917e-05
35982: 2.77909e-05
35983: 2.77901e-05
35984: 2.77894e-05
35985: 2.77886e-05
35986: 2.77878e-05
35987: 2.7787e-05
35988: 2.77863e-05
35989: 2.77855e-05
35990: 2.77847e-05
35991: 2.7784e-05
35992: 2.77832e-05
35993: 2.77824e-05
35994: 2.77816e-05
35995: 2.77809e-05
35996: 2.77801e-05
35997: 2.77793e-05
35998: 2.77785e-05
35999: 2.77778e-05
36000: 2.7777e-05
36001: 2.77762e-05
36002: 2.77755e-05
36003: 2.77747e-05
36004: 2.77739e-05
36005: 2.77731e-05
36006: 2.77724e-05
36007: 2.77716e-05
36008: 2.77708e-05
36009: 2.77701e-05
36010: 2.77693e-05
36011: 2.77685e-05
36012: 2.77678e-05
36013: 2.7767e-05
36014: 2.77662e-05
36015: 2.77654e-05
36016: 2.77647e-05
36017: 2.77639e-05
36018: 2.77631e-05
36019: 2.77624e-05
36020: 2.77616e-05
36021: 2.77608e-05
36022: 2.776e-05
36023: 2.77593e-05
36024: 2.77585e-05
36025: 2.77577e-05
36026: 2.7757e-05
36027: 2.77562e-05
36028: 2.77554e-05
36029: 2.77546e-05
36030: 2.77539e-05
36031: 2.77531e-05
36032: 2.77523e-05
36033: 2.77516e-05
36034: 2.77508e-05
36035: 2.775e-05
36036: 2.77493e-05
36037: 2.77485e-05
36038: 2.77477e-05
36039: 2.77469e-05
36040: 2.77462e-05
36041: 2.77454e-05
36042: 2.77446e-05
36043: 2.77439e-05
36044: 2.77431e-05
36045: 2.77423e-05
36046: 2.77416e-05
36047: 2.77408e-05
36048: 2.774e-05
36049: 2.77393e-05
36050: 2.77385e-05
36051: 2.77377e-05
36052: 2.77369e-05
36053: 2.77362e-05
36054: 2.77354e-05
36055: 2.77346e-05
36056: 2.77339e-05
36057: 2.77331e-05
36058: 2.77323e-05
36059: 2.77316e-05
36060: 2.77308e-05
36061: 2.773e-05
36062: 2.77293e-05
36063: 2.77285e-05
36064: 2.77277e-05
36065: 2.77269e-05
36066: 2.77262e-05
36067: 2.77254e-05
36068: 2.77246e-05
36069: 2.77239e-05
36070: 2.77231e-05
36071: 2.77223e-05
36072: 2.77216e-05
36073: 2.77208e-05
36074: 2.772e-05
36075: 2.77193e-05
36076: 2.77185e-05
36077: 2.77177e-05
36078: 2.7717e-05
36079: 2.77162e-05
36080: 2.77154e-05
36081: 2.77146e-05
36082: 2.77139e-05
36083: 2.77131e-05
36084: 2.77123e-05
36085: 2.77116e-05
36086: 2.77108e-05
36087: 2.771e-05
36088: 2.77093e-05
36089: 2.77085e-05
36090: 2.77077e-05
36091: 2.7707e-05
36092: 2.77062e-05
36093: 2.77054e-05
36094: 2.77047e-05
36095: 2.77039e-05
36096: 2.77031e-05
36097: 2.77024e-05
36098: 2.77016e-05
36099: 2.77008e-05
36100: 2.77001e-05
36101: 2.76993e-05
36102: 2.76985e-05
36103: 2.76978e-05
36104: 2.7697e-05
36105: 2.76962e-05
36106: 2.76955e-05
36107: 2.76947e-05
36108: 2.76939e-05
36109: 2.76932e-05
36110: 2.76924e-05
36111: 2.76916e-05
36112: 2.76909e-05
36113: 2.76901e-05
36114: 2.76893e-05
36115: 2.76886e-05
36116: 2.76878e-05
36117: 2.7687e-05
36118: 2.76863e-05
36119: 2.76855e-05
36120: 2.76847e-05
36121: 2.7684e-05
36122: 2.76832e-05
36123: 2.76824e-05
36124: 2.76817e-05
36125: 2.76809e-05
36126: 2.76801e-05
36127: 2.76794e-05
36128: 2.76786e-05
36129: 2.76778e-05
36130: 2.76771e-05
36131: 2.76763e-05
36132: 2.76755e-05
36133: 2.76748e-05
36134: 2.7674e-05
36135: 2.76732e-05
36136: 2.76725e-05
36137: 2.76717e-05
36138: 2.76709e-05
36139: 2.76702e-05
36140: 2.76694e-05
36141: 2.76686e-05
36142: 2.76679e-05
36143: 2.76671e-05
36144: 2.76663e-05
36145: 2.76656e-05
36146: 2.76648e-05
36147: 2.7664e-05
36148: 2.76633e-05
36149: 2.76625e-05
36150: 2.76618e-05
36151: 2.7661e-05
36152: 2.76602e-05
36153: 2.76595e-05
36154: 2.76587e-05
36155: 2.76579e-05
36156: 2.76572e-05
36157: 2.76564e-05
36158: 2.76556e-05
36159: 2.76549e-05
36160: 2.76541e-05
36161: 2.76533e-05
36162: 2.76526e-05
36163: 2.76518e-05
36164: 2.7651e-05
36165: 2.76503e-05
36166: 2.76495e-05
36167: 2.76488e-05
36168: 2.7648e-05
36169: 2.76472e-05
36170: 2.76465e-05
36171: 2.76457e-05
36172: 2.76449e-05
36173: 2.76442e-05
36174: 2.76434e-05
36175: 2.76426e-05
36176: 2.76419e-05
36177: 2.76411e-05
36178: 2.76403e-05
36179: 2.76396e-05
36180: 2.76388e-05
36181: 2.76381e-05
36182: 2.76373e-05
36183: 2.76365e-05
36184: 2.76358e-05
36185: 2.7635e-05
36186: 2.76342e-05
36187: 2.76335e-05
36188: 2.76327e-05
36189: 2.76319e-05
36190: 2.76312e-05
36191: 2.76304e-05
36192: 2.76297e-05
36193: 2.76289e-05
36194: 2.76281e-05
36195: 2.76274e-05
36196: 2.76266e-05
36197: 2.76258e-05
36198: 2.76251e-05
36199: 2.76243e-05
36200: 2.76235e-05
36201: 2.76228e-05
36202: 2.7622e-05
36203: 2.76213e-05
36204: 2.76205e-05
36205: 2.76197e-05
36206: 2.7619e-05
36207: 2.76182e-05
36208: 2.76174e-05
36209: 2.76167e-05
36210: 2.76159e-05
36211: 2.76152e-05
36212: 2.76144e-05
36213: 2.76136e-05
36214: 2.76129e-05
36215: 2.76121e-05
36216: 2.76113e-05
36217: 2.76106e-05
36218: 2.76098e-05
36219: 2.76091e-05
36220: 2.76083e-05
36221: 2.76075e-05
36222: 2.76068e-05
36223: 2.7606e-05
36224: 2.76052e-05
36225: 2.76045e-05
36226: 2.76037e-05
36227: 2.7603e-05
36228: 2.76022e-05
36229: 2.76014e-05
36230: 2.76007e-05
36231: 2.75999e-05
36232: 2.75991e-05
36233: 2.75984e-05
36234: 2.75976e-05
36235: 2.75969e-05
36236: 2.75961e-05
36237: 2.75953e-05
36238: 2.75946e-05
36239: 2.75938e-05
36240: 2.75931e-05
36241: 2.75923e-05
36242: 2.75915e-05
36243: 2.75908e-05
36244: 2.759e-05
36245: 2.75893e-05
36246: 2.75885e-05
36247: 2.75877e-05
36248: 2.7587e-05
36249: 2.75862e-05
36250: 2.75854e-05
36251: 2.75847e-05
36252: 2.75839e-05
36253: 2.75832e-05
36254: 2.75824e-05
36255: 2.75816e-05
36256: 2.75809e-05
36257: 2.75801e-05
36258: 2.75794e-05
36259: 2.75786e-05
36260: 2.75778e-05
36261: 2.75771e-05
36262: 2.75763e-05
36263: 2.75756e-05
36264: 2.75748e-05
36265: 2.7574e-05
36266: 2.75733e-05
36267: 2.75725e-05
36268: 2.75718e-05
36269: 2.7571e-05
36270: 2.75702e-05
36271: 2.75695e-05
36272: 2.75687e-05
36273: 2.7568e-05
36274: 2.75672e-05
36275: 2.75664e-05
36276: 2.75657e-05
36277: 2.75649e-05
36278: 2.75642e-05
36279: 2.75634e-05
36280: 2.75626e-05
36281: 2.75619e-05
36282: 2.75611e-05
36283: 2.75604e-05
36284: 2.75596e-05
36285: 2.75588e-05
36286: 2.75581e-05
36287: 2.75573e-05
36288: 2.75566e-05
36289: 2.75558e-05
36290: 2.7555e-05
36291: 2.75543e-05
36292: 2.75535e-05
36293: 2.75528e-05
36294: 2.7552e-05
36295: 2.75512e-05
36296: 2.75505e-05
36297: 2.75497e-05
36298: 2.7549e-05
36299: 2.75482e-05
36300: 2.75475e-05
36301: 2.75467e-05
36302: 2.75459e-05
36303: 2.75452e-05
36304: 2.75444e-05
36305: 2.75437e-05
36306: 2.75429e-05
36307: 2.75421e-05
36308: 2.75414e-05
36309: 2.75406e-05
36310: 2.75399e-05
36311: 2.75391e-05
36312: 2.75383e-05
36313: 2.75376e-05
36314: 2.75368e-05
36315: 2.75361e-05
36316: 2.75353e-05
36317: 2.75346e-05
36318: 2.75338e-05
36319: 2.7533e-05
36320: 2.75323e-05
36321: 2.75315e-05
36322: 2.75308e-05
36323: 2.753e-05
36324: 2.75292e-05
36325: 2.75285e-05
36326: 2.75277e-05
36327: 2.7527e-05
36328: 2.75262e-05
36329: 2.75255e-05
36330: 2.75247e-05
36331: 2.75239e-05
36332: 2.75232e-05
36333: 2.75224e-05
36334: 2.75217e-05
36335: 2.75209e-05
36336: 2.75202e-05
36337: 2.75194e-05
36338: 2.75186e-05
36339: 2.75179e-05
36340: 2.75171e-05
36341: 2.75164e-05
36342: 2.75156e-05
36343: 2.75149e-05
36344: 2.75141e-05
36345: 2.75133e-05
36346: 2.75126e-05
36347: 2.75118e-05
36348: 2.75111e-05
36349: 2.75103e-05
36350: 2.75096e-05
36351: 2.75088e-05
36352: 2.7508e-05
36353: 2.75073e-05
36354: 2.75065e-05
36355: 2.75058e-05
36356: 2.7505e-05
36357: 2.75043e-05
36358: 2.75035e-05
36359: 2.75028e-05
36360: 2.7502e-05
36361: 2.75012e-05
36362: 2.75005e-05
36363: 2.74997e-05
36364: 2.7499e-05
36365: 2.74982e-05
36366: 2.74975e-05
36367: 2.74967e-05
36368: 2.74959e-05
36369: 2.74952e-05
36370: 2.74944e-05
36371: 2.74937e-05
36372: 2.74929e-05
36373: 2.74922e-05
36374: 2.74914e-05
36375: 2.74907e-05
36376: 2.74899e-05
36377: 2.74891e-05
36378: 2.74884e-05
36379: 2.74876e-05
36380: 2.74869e-05
36381: 2.74861e-05
36382: 2.74854e-05
36383: 2.74846e-05
36384: 2.74839e-05
36385: 2.74831e-05
36386: 2.74823e-05
36387: 2.74816e-05
36388: 2.74808e-05
36389: 2.74801e-05
36390: 2.74793e-05
36391: 2.74786e-05
36392: 2.74778e-05
36393: 2.74771e-05
36394: 2.74763e-05
36395: 2.74755e-05
36396: 2.74748e-05
36397: 2.7474e-05
36398: 2.74733e-05
36399: 2.74725e-05
36400: 2.74718e-05
36401: 2.7471e-05
36402: 2.74703e-05
36403: 2.74695e-05
36404: 2.74688e-05
36405: 2.7468e-05
36406: 2.74672e-05
36407: 2.74665e-05
36408: 2.74657e-05
36409: 2.7465e-05
36410: 2.74642e-05
36411: 2.74635e-05
36412: 2.74627e-05
36413: 2.7462e-05
36414: 2.74612e-05
36415: 2.74605e-05
36416: 2.74597e-05
36417: 2.74589e-05
36418: 2.74582e-05
36419: 2.74574e-05
36420: 2.74567e-05
36421: 2.74559e-05
36422: 2.74552e-05
36423: 2.74544e-05
36424: 2.74537e-05
36425: 2.74529e-05
36426: 2.74522e-05
36427: 2.74514e-05
36428: 2.74507e-05
36429: 2.74499e-05
36430: 2.74492e-05
36431: 2.74484e-05
36432: 2.74476e-05
36433: 2.74469e-05
36434: 2.74461e-05
36435: 2.74454e-05
36436: 2.74446e-05
36437: 2.74439e-05
36438: 2.74431e-05
36439: 2.74424e-05
36440: 2.74416e-05
36441: 2.74409e-05
36442: 2.74401e-05
36443: 2.74394e-05
36444: 2.74386e-05
36445: 2.74379e-05
36446: 2.74371e-05
36447: 2.74363e-05
36448: 2.74356e-05
36449: 2.74348e-05
36450: 2.74341e-05
36451: 2.74333e-05
36452: 2.74326e-05
36453: 2.74318e-05
36454: 2.74311e-05
36455: 2.74303e-05
36456: 2.74296e-05
36457: 2.74288e-05
36458: 2.74281e-05
36459: 2.74273e-05
36460: 2.74266e-05
36461: 2.74258e-05
36462: 2.74251e-05
36463: 2.74243e-05
36464: 2.74236e-05
36465: 2.74228e-05
36466: 2.74221e-05
36467: 2.74213e-05
36468: 2.74205e-05
36469: 2.74198e-05
36470: 2.7419e-05
36471: 2.74183e-05
36472: 2.74175e-05
36473: 2.74168e-05
36474: 2.7416e-05
36475: 2.74153e-05
36476: 2.74145e-05
36477: 2.74138e-05
36478: 2.7413e-05
36479: 2.74123e-05
36480: 2.74115e-05
36481: 2.74108e-05
36482: 2.741e-05
36483: 2.74093e-05
36484: 2.74085e-05
36485: 2.74078e-05
36486: 2.7407e-05
36487: 2.74063e-05
36488: 2.74055e-05
36489: 2.74048e-05
36490: 2.7404e-05
36491: 2.74033e-05
36492: 2.74025e-05
36493: 2.74018e-05
36494: 2.7401e-05
36495: 2.74003e-05
36496: 2.73995e-05
36497: 2.73988e-05
36498: 2.7398e-05
36499: 2.73973e-05
36500: 2.73965e-05
36501: 2.73958e-05
36502: 2.7395e-05
36503: 2.73943e-05
36504: 2.73935e-05
36505: 2.73928e-05
36506: 2.7392e-05
36507: 2.73913e-05
36508: 2.73905e-05
36509: 2.73898e-05
36510: 2.7389e-05
36511: 2.73883e-05
36512: 2.73875e-05
36513: 2.73868e-05
36514: 2.7386e-05
36515: 2.73853e-05
36516: 2.73845e-05
36517: 2.73838e-05
36518: 2.7383e-05
36519: 2.73823e-05
36520: 2.73815e-05
36521: 2.73808e-05
36522: 2.738e-05
36523: 2.73793e-05
36524: 2.73785e-05
36525: 2.73778e-05
36526: 2.7377e-05
36527: 2.73763e-05
36528: 2.73755e-05
36529: 2.73748e-05
36530: 2.7374e-05
36531: 2.73733e-05
36532: 2.73725e-05
36533: 2.73718e-05
36534: 2.7371e-05
36535: 2.73703e-05
36536: 2.73695e-05
36537: 2.73688e-05
36538: 2.7368e-05
36539: 2.73673e-05
36540: 2.73665e-05
36541: 2.73658e-05
36542: 2.7365e-05
36543: 2.73643e-05
36544: 2.73635e-05
36545: 2.73628e-05
36546: 2.7362e-05
36547: 2.73613e-05
36548: 2.73605e-05
36549: 2.73598e-05
36550: 2.7359e-05
36551: 2.73583e-05
36552: 2.73575e-05
36553: 2.73568e-05
36554: 2.7356e-05
36555: 2.73553e-05
36556: 2.73545e-05
36557: 2.73538e-05
36558: 2.7353e-05
36559: 2.73523e-05
36560: 2.73515e-05
36561: 2.73508e-05
36562: 2.73501e-05
36563: 2.73493e-05
36564: 2.73486e-05
36565: 2.73478e-05
36566: 2.73471e-05
36567: 2.73463e-05
36568: 2.73456e-05
36569: 2.73448e-05
36570: 2.73441e-05
36571: 2.73433e-05
36572: 2.73426e-05
36573: 2.73418e-05
36574: 2.73411e-05
36575: 2.73403e-05
36576: 2.73396e-05
36577: 2.73388e-05
36578: 2.73381e-05
36579: 2.73373e-05
36580: 2.73366e-05
36581: 2.73358e-05
36582: 2.73351e-05
36583: 2.73344e-05
36584: 2.73336e-05
36585: 2.73329e-05
36586: 2.73321e-05
36587: 2.73314e-05
36588: 2.73306e-05
36589: 2.73299e-05
36590: 2.73291e-05
36591: 2.73284e-05
36592: 2.73276e-05
36593: 2.73269e-05
36594: 2.73261e-05
36595: 2.73254e-05
36596: 2.73246e-05
36597: 2.73239e-05
36598: 2.73232e-05
36599: 2.73224e-05
36600: 2.73217e-05
36601: 2.73209e-05
36602: 2.73202e-05
36603: 2.73194e-05
36604: 2.73187e-05
36605: 2.73179e-05
36606: 2.73172e-05
36607: 2.73164e-05
36608: 2.73157e-05
36609: 2.73149e-05
36610: 2.73142e-05
36611: 2.73134e-05
36612: 2.73127e-05
36613: 2.7312e-05
36614: 2.73112e-05
36615: 2.73105e-05
36616: 2.73097e-05
36617: 2.7309e-05
36618: 2.73082e-05
36619: 2.73075e-05
36620: 2.73067e-05
36621: 2.7306e-05
36622: 2.73052e-05
36623: 2.73045e-05
36624: 2.73038e-05
36625: 2.7303e-05
36626: 2.73023e-05
36627: 2.73015e-05
36628: 2.73008e-05
36629: 2.73e-05
36630: 2.72993e-05
36631: 2.72985e-05
36632: 2.72978e-05
36633: 2.7297e-05
36634: 2.72963e-05
36635: 2.72956e-05
36636: 2.72948e-05
36637: 2.72941e-05
36638: 2.72933e-05
36639: 2.72926e-05
36640: 2.72918e-05
36641: 2.72911e-05
36642: 2.72903e-05
36643: 2.72896e-05
36644: 2.72889e-05
36645: 2.72881e-05
36646: 2.72874e-05
36647: 2.72866e-05
36648: 2.72859e-05
36649: 2.72851e-05
36650: 2.72844e-05
36651: 2.72836e-05
36652: 2.72829e-05
36653: 2.72822e-05
36654: 2.72814e-05
36655: 2.72807e-05
36656: 2.72799e-05
36657: 2.72792e-05
36658: 2.72784e-05
36659: 2.72777e-05
36660: 2.72769e-05
36661: 2.72762e-05
36662: 2.72755e-05
36663: 2.72747e-05
36664: 2.7274e-05
36665: 2.72732e-05
36666: 2.72725e-05
36667: 2.72717e-05
36668: 2.7271e-05
36669: 2.72702e-05
36670: 2.72695e-05
36671: 2.72688e-05
36672: 2.7268e-05
36673: 2.72673e-05
36674: 2.72665e-05
36675: 2.72658e-05
36676: 2.7265e-05
36677: 2.72643e-05
36678: 2.72636e-05
36679: 2.72628e-05
36680: 2.72621e-05
36681: 2.72613e-05
36682: 2.72606e-05
36683: 2.72598e-05
36684: 2.72591e-05
36685: 2.72584e-05
36686: 2.72576e-05
36687: 2.72569e-05
36688: 2.72561e-05
36689: 2.72554e-05
36690: 2.72546e-05
36691: 2.72539e-05
36692: 2.72532e-05
36693: 2.72524e-05
36694: 2.72517e-05
36695: 2.72509e-05
36696: 2.72502e-05
36697: 2.72494e-05
36698: 2.72487e-05
36699: 2.7248e-05
36700: 2.72472e-05
36701: 2.72465e-05
36702: 2.72457e-05
36703: 2.7245e-05
36704: 2.72442e-05
36705: 2.72435e-05
36706: 2.72428e-05
36707: 2.7242e-05
36708: 2.72413e-05
36709: 2.72405e-05
36710: 2.72398e-05
36711: 2.7239e-05
36712: 2.72383e-05
36713: 2.72376e-05
36714: 2.72368e-05
36715: 2.72361e-05
36716: 2.72353e-05
36717: 2.72346e-05
36718: 2.72339e-05
36719: 2.72331e-05
36720: 2.72324e-05
36721: 2.72316e-05
36722: 2.72309e-05
36723: 2.72301e-05
36724: 2.72294e-05
36725: 2.72287e-05
36726: 2.72279e-05
36727: 2.72272e-05
36728: 2.72264e-05
36729: 2.72257e-05
36730: 2.7225e-05
36731: 2.72242e-05
36732: 2.72235e-05
36733: 2.72227e-05
36734: 2.7222e-05
36735: 2.72213e-05
36736: 2.72205e-05
36737: 2.72198e-05
36738: 2.7219e-05
36739: 2.72183e-05
36740: 2.72175e-05
36741: 2.72168e-05
36742: 2.72161e-05
36743: 2.72153e-05
36744: 2.72146e-05
36745: 2.72138e-05
36746: 2.72131e-05
36747: 2.72124e-05
36748: 2.72116e-05
36749: 2.72109e-05
36750: 2.72101e-05
36751: 2.72094e-05
36752: 2.72087e-05
36753: 2.72079e-05
36754: 2.72072e-05
36755: 2.72064e-05
36756: 2.72057e-05
36757: 2.7205e-05
36758: 2.72042e-05
36759: 2.72035e-05
36760: 2.72027e-05
36761: 2.7202e-05
36762: 2.72013e-05
36763: 2.72005e-05
36764: 2.71998e-05
36765: 2.7199e-05
36766: 2.71983e-05
36767: 2.71976e-05
36768: 2.71968e-05
36769: 2.71961e-05
36770: 2.71953e-05
36771: 2.71946e-05
36772: 2.71939e-05
36773: 2.71931e-05
36774: 2.71924e-05
36775: 2.71916e-05
36776: 2.71909e-05
36777: 2.71902e-05
36778: 2.71894e-05
36779: 2.71887e-05
36780: 2.7188e-05
36781: 2.71872e-05
36782: 2.71865e-05
36783: 2.71857e-05
36784: 2.7185e-05
36785: 2.71843e-05
36786: 2.71835e-05
36787: 2.71828e-05
36788: 2.7182e-05
36789: 2.71813e-05
36790: 2.71806e-05
36791: 2.71798e-05
36792: 2.71791e-05
36793: 2.71783e-05
36794: 2.71776e-05
36795: 2.71769e-05
36796: 2.71761e-05
36797: 2.71754e-05
36798: 2.71747e-05
36799: 2.71739e-05
36800: 2.71732e-05
36801: 2.71724e-05
36802: 2.71717e-05
36803: 2.7171e-05
36804: 2.71702e-05
36805: 2.71695e-05
36806: 2.71687e-05
36807: 2.7168e-05
36808: 2.71673e-05
36809: 2.71665e-05
36810: 2.71658e-05
36811: 2.71651e-05
36812: 2.71643e-05
36813: 2.71636e-05
36814: 2.71628e-05
36815: 2.71621e-05
36816: 2.71614e-05
36817: 2.71606e-05
36818: 2.71599e-05
36819: 2.71592e-05
36820: 2.71584e-05
36821: 2.71577e-05
36822: 2.71569e-05
36823: 2.71562e-05
36824: 2.71555e-05
36825: 2.71547e-05
36826: 2.7154e-05
36827: 2.71533e-05
36828: 2.71525e-05
36829: 2.71518e-05
36830: 2.7151e-05
36831: 2.71503e-05
36832: 2.71496e-05
36833: 2.71488e-05
36834: 2.71481e-05
36835: 2.71474e-05
36836: 2.71466e-05
36837: 2.71459e-05
36838: 2.71451e-05
36839: 2.71444e-05
36840: 2.71437e-05
36841: 2.71429e-05
36842: 2.71422e-05
36843: 2.71415e-05
36844: 2.71407e-05
36845: 2.714e-05
36846: 2.71393e-05
36847: 2.71385e-05
36848: 2.71378e-05
36849: 2.7137e-05
36850: 2.71363e-05
36851: 2.71356e-05
36852: 2.71348e-05
36853: 2.71341e-05
36854: 2.71334e-05
36855: 2.71326e-05
36856: 2.71319e-05
36857: 2.71312e-05
36858: 2.71304e-05
36859: 2.71297e-05
36860: 2.71289e-05
36861: 2.71282e-05
36862: 2.71275e-05
36863: 2.71267e-05
36864: 2.7126e-05
36865: 2.71253e-05
36866: 2.71245e-05
36867: 2.71238e-05
36868: 2.71231e-05
36869: 2.71223e-05
36870: 2.71216e-05
36871: 2.71209e-05
36872: 2.71201e-05
36873: 2.71194e-05
36874: 2.71186e-05
36875: 2.71179e-05
36876: 2.71172e-05
36877: 2.71164e-05
36878: 2.71157e-05
36879: 2.7115e-05
36880: 2.71142e-05
36881: 2.71135e-05
36882: 2.71128e-05
36883: 2.7112e-05
36884: 2.71113e-05
36885: 2.71106e-05
36886: 2.71098e-05
36887: 2.71091e-05
36888: 2.71084e-05
36889: 2.71076e-05
36890: 2.71069e-05
36891: 2.71061e-05
36892: 2.71054e-05
36893: 2.71047e-05
36894: 2.71039e-05
36895: 2.71032e-05
36896: 2.71025e-05
36897: 2.71017e-05
36898: 2.7101e-05
36899: 2.71003e-05
36900: 2.70995e-05
36901: 2.70988e-05
36902: 2.70981e-05
36903: 2.70973e-05
36904: 2.70966e-05
36905: 2.70959e-05
36906: 2.70951e-05
36907: 2.70944e-05
36908: 2.70937e-05
36909: 2.70929e-05
36910: 2.70922e-05
36911: 2.70915e-05
36912: 2.70907e-05
36913: 2.709e-05
36914: 2.70893e-05
36915: 2.70885e-05
36916: 2.70878e-05
36917: 2.70871e-05
36918: 2.70863e-05
36919: 2.70856e-05
36920: 2.70849e-05
36921: 2.70841e-05
36922: 2.70834e-05
36923: 2.70827e-05
36924: 2.70819e-05
36925: 2.70812e-05
36926: 2.70805e-05
36927: 2.70797e-05
36928: 2.7079e-05
36929: 2.70783e-05
36930: 2.70775e-05
36931: 2.70768e-05
36932: 2.70761e-05
36933: 2.70753e-05
36934: 2.70746e-05
36935: 2.70739e-05
36936: 2.70731e-05
36937: 2.70724e-05
36938: 2.70717e-05
36939: 2.70709e-05
36940: 2.70702e-05
36941: 2.70695e-05
36942: 2.70687e-05
36943: 2.7068e-05
36944: 2.70673e-05
36945: 2.70665e-05
36946: 2.70658e-05
36947: 2.70651e-05
36948: 2.70643e-05
36949: 2.70636e-05
36950: 2.70629e-05
36951: 2.70621e-05
36952: 2.70614e-05
36953: 2.70607e-05
36954: 2.70599e-05
36955: 2.70592e-05
36956: 2.70585e-05
36957: 2.70577e-05
36958: 2.7057e-05
36959: 2.70563e-05
36960: 2.70555e-05
36961: 2.70548e-05
36962: 2.70541e-05
36963: 2.70533e-05
36964: 2.70526e-05
36965: 2.70519e-05
36966: 2.70512e-05
36967: 2.70504e-05
36968: 2.70497e-05
36969: 2.7049e-05
36970: 2.70482e-05
36971: 2.70475e-05
36972: 2.70468e-05
36973: 2.7046e-05
36974: 2.70453e-05
36975: 2.70446e-05
36976: 2.70438e-05
36977: 2.70431e-05
36978: 2.70424e-05
36979: 2.70416e-05
36980: 2.70409e-05
36981: 2.70402e-05
36982: 2.70395e-05
36983: 2.70387e-05
36984: 2.7038e-05
36985: 2.70373e-05
36986: 2.70365e-05
36987: 2.70358e-05
36988: 2.70351e-05
36989: 2.70343e-05
36990: 2.70336e-05
36991: 2.70329e-05
36992: 2.70321e-05
36993: 2.70314e-05
36994: 2.70307e-05
36995: 2.70299e-05
36996: 2.70292e-05
36997: 2.70285e-05
36998: 2.70278e-05
36999: 2.7027e-05
37000: 2.70263e-05
37001: 2.70256e-05
37002: 2.70248e-05
37003: 2.70241e-05
37004: 2.70234e-05
37005: 2.70226e-05
37006: 2.70219e-05
37007: 2.70212e-05
37008: 2.70205e-05
37009: 2.70197e-05
37010: 2.7019e-05
37011: 2.70183e-05
37012: 2.70175e-05
37013: 2.70168e-05
37014: 2.70161e-05
37015: 2.70153e-05
37016: 2.70146e-05
37017: 2.70139e-05
37018: 2.70132e-05
37019: 2.70124e-05
37020: 2.70117e-05
37021: 2.7011e-05
37022: 2.70102e-05
37023: 2.70095e-05
37024: 2.70088e-05
37025: 2.7008e-05
37026: 2.70073e-05
37027: 2.70066e-05
37028: 2.70059e-05
37029: 2.70051e-05
37030: 2.70044e-05
37031: 2.70037e-05
37032: 2.70029e-05
37033: 2.70022e-05
37034: 2.70015e-05
37035: 2.70008e-05
37036: 2.7e-05
37037: 2.69993e-05
37038: 2.69986e-05
37039: 2.69978e-05
37040: 2.69971e-05
37041: 2.69964e-05
37042: 2.69957e-05
37043: 2.69949e-05
37044: 2.69942e-05
37045: 2.69935e-05
37046: 2.69927e-05
37047: 2.6992e-05
37048: 2.69913e-05
37049: 2.69906e-05
37050: 2.69898e-05
37051: 2.69891e-05
37052: 2.69884e-05
37053: 2.69876e-05
37054: 2.69869e-05
37055: 2.69862e-05
37056: 2.69855e-05
37057: 2.69847e-05
37058: 2.6984e-05
37059: 2.69833e-05
37060: 2.69825e-05
37061: 2.69818e-05
37062: 2.69811e-05
37063: 2.69804e-05
37064: 2.69796e-05
37065: 2.69789e-05
37066: 2.69782e-05
37067: 2.69774e-05
37068: 2.69767e-05
37069: 2.6976e-05
37070: 2.69753e-05
37071: 2.69745e-05
37072: 2.69738e-05
37073: 2.69731e-05
37074: 2.69724e-05
37075: 2.69716e-05
37076: 2.69709e-05
37077: 2.69702e-05
37078: 2.69694e-05
37079: 2.69687e-05
37080: 2.6968e-05
37081: 2.69673e-05
37082: 2.69665e-05
37083: 2.69658e-05
37084: 2.69651e-05
37085: 2.69644e-05
37086: 2.69636e-05
37087: 2.69629e-05
37088: 2.69622e-05
37089: 2.69614e-05
37090: 2.69607e-05
37091: 2.696e-05
37092: 2.69593e-05
37093: 2.69585e-05
37094: 2.69578e-05
37095: 2.69571e-05
37096: 2.69564e-05
37097: 2.69556e-05
37098: 2.69549e-05
37099: 2.69542e-05
37100: 2.69535e-05
37101: 2.69527e-05
37102: 2.6952e-05
37103: 2.69513e-05
37104: 2.69505e-05
37105: 2.69498e-05
37106: 2.69491e-05
37107: 2.69484e-05
37108: 2.69476e-05
37109: 2.69469e-05
37110: 2.69462e-05
37111: 2.69455e-05
37112: 2.69447e-05
37113: 2.6944e-05
37114: 2.69433e-05
37115: 2.69426e-05
37116: 2.69418e-05
37117: 2.69411e-05
37118: 2.69404e-05
37119: 2.69397e-05
37120: 2.69389e-05
37121: 2.69382e-05
37122: 2.69375e-05
37123: 2.69368e-05
37124: 2.6936e-05
37125: 2.69353e-05
37126: 2.69346e-05
37127: 2.69339e-05
37128: 2.69331e-05
37129: 2.69324e-05
37130: 2.69317e-05
37131: 2.69309e-05
37132: 2.69302e-05
37133: 2.69295e-05
37134: 2.69288e-05
37135: 2.6928e-05
37136: 2.69273e-05
37137: 2.69266e-05
37138: 2.69259e-05
37139: 2.69251e-05
37140: 2.69244e-05
37141: 2.69237e-05
37142: 2.6923e-05
37143: 2.69222e-05
37144: 2.69215e-05
37145: 2.69208e-05
37146: 2.69201e-05
37147: 2.69193e-05
37148: 2.69186e-05
37149: 2.69179e-05
37150: 2.69172e-05
37151: 2.69165e-05
37152: 2.69157e-05
37153: 2.6915e-05
37154: 2.69143e-05
37155: 2.69136e-05
37156: 2.69128e-05
37157: 2.69121e-05
37158: 2.69114e-05
37159: 2.69107e-05
37160: 2.69099e-05
37161: 2.69092e-05
37162: 2.69085e-05
37163: 2.69078e-05
37164: 2.6907e-05
37165: 2.69063e-05
37166: 2.69056e-05
37167: 2.69049e-05
37168: 2.69041e-05
37169: 2.69034e-05
37170: 2.69027e-05
37171: 2.6902e-05
37172: 2.69012e-05
37173: 2.69005e-05
37174: 2.68998e-05
37175: 2.68991e-05
37176: 2.68984e-05
37177: 2.68976e-05
37178: 2.68969e-05
37179: 2.68962e-05
37180: 2.68955e-05
37181: 2.68947e-05
37182: 2.6894e-05
37183: 2.68933e-05
37184: 2.68926e-05
37185: 2.68918e-05
37186: 2.68911e-05
37187: 2.68904e-05
37188: 2.68897e-05
37189: 2.68889e-05
37190: 2.68882e-05
37191: 2.68875e-05
37192: 2.68868e-05
37193: 2.68861e-05
37194: 2.68853e-05
37195: 2.68846e-05
37196: 2.68839e-05
37197: 2.68832e-05
37198: 2.68824e-05
37199: 2.68817e-05
37200: 2.6881e-05
37201: 2.68803e-05
37202: 2.68796e-05
37203: 2.68788e-05
37204: 2.68781e-05
37205: 2.68774e-05
37206: 2.68767e-05
37207: 2.68759e-05
37208: 2.68752e-05
37209: 2.68745e-05
37210: 2.68738e-05
37211: 2.68731e-05
37212: 2.68723e-05
37213: 2.68716e-05
37214: 2.68709e-05
37215: 2.68702e-05
37216: 2.68694e-05
37217: 2.68687e-05
37218: 2.6868e-05
37219: 2.68673e-05
37220: 2.68666e-05
37221: 2.68658e-05
37222: 2.68651e-05
37223: 2.68644e-05
37224: 2.68637e-05
37225: 2.68629e-05
37226: 2.68622e-05
37227: 2.68615e-05
37228: 2.68608e-05
37229: 2.68601e-05
37230: 2.68593e-05
37231: 2.68586e-05
37232: 2.68579e-05
37233: 2.68572e-05
37234: 2.68565e-05
37235: 2.68557e-05
37236: 2.6855e-05
37237: 2.68543e-05
37238: 2.68536e-05
37239: 2.68528e-05
37240: 2.68521e-05
37241: 2.68514e-05
37242: 2.68507e-05
37243: 2.685e-05
37244: 2.68492e-05
37245: 2.68485e-05
37246: 2.68478e-05
37247: 2.68471e-05
37248: 2.68464e-05
37249: 2.68456e-05
37250: 2.68449e-05
37251: 2.68442e-05
37252: 2.68435e-05
37253: 2.68428e-05
37254: 2.6842e-05
37255: 2.68413e-05
37256: 2.68406e-05
37257: 2.68399e-05
37258: 2.68392e-05
37259: 2.68384e-05
37260: 2.68377e-05
37261: 2.6837e-05
37262: 2.68363e-05
37263: 2.68356e-05
37264: 2.68348e-05
37265: 2.68341e-05
37266: 2.68334e-05
37267: 2.68327e-05
37268: 2.6832e-05
37269: 2.68312e-05
37270: 2.68305e-05
37271: 2.68298e-05
37272: 2.68291e-05
37273: 2.68284e-05
37274: 2.68276e-05
37275: 2.68269e-05
37276: 2.68262e-05
37277: 2.68255e-05
37278: 2.68248e-05
37279: 2.6824e-05
37280: 2.68233e-05
37281: 2.68226e-05
37282: 2.68219e-05
37283: 2.68212e-05
37284: 2.68204e-05
37285: 2.68197e-05
37286: 2.6819e-05
37287: 2.68183e-05
37288: 2.68176e-05
37289: 2.68168e-05
37290: 2.68161e-05
37291: 2.68154e-05
37292: 2.68147e-05
37293: 2.6814e-05
37294: 2.68132e-05
37295: 2.68125e-05
37296: 2.68118e-05
37297: 2.68111e-05
37298: 2.68104e-05
37299: 2.68097e-05
37300: 2.68089e-05
37301: 2.68082e-05
37302: 2.68075e-05
37303: 2.68068e-05
37304: 2.68061e-05
37305: 2.68053e-05
37306: 2.68046e-05
37307: 2.68039e-05
37308: 2.68032e-05
37309: 2.68025e-05
37310: 2.68017e-05
37311: 2.6801e-05
37312: 2.68003e-05
37313: 2.67996e-05
37314: 2.67989e-05
37315: 2.67982e-05
37316: 2.67974e-05
37317: 2.67967e-05
37318: 2.6796e-05
37319: 2.67953e-05
37320: 2.67946e-05
37321: 2.67938e-05
37322: 2.67931e-05
37323: 2.67924e-05
37324: 2.67917e-05
37325: 2.6791e-05
37326: 2.67903e-05
37327: 2.67895e-05
37328: 2.67888e-05
37329: 2.67881e-05
37330: 2.67874e-05
37331: 2.67867e-05
37332: 2.6786e-05
37333: 2.67852e-05
37334: 2.67845e-05
37335: 2.67838e-05
37336: 2.67831e-05
37337: 2.67824e-05
37338: 2.67816e-05
37339: 2.67809e-05
37340: 2.67802e-05
37341: 2.67795e-05
37342: 2.67788e-05
37343: 2.67781e-05
37344: 2.67773e-05
37345: 2.67766e-05
37346: 2.67759e-05
37347: 2.67752e-05
37348: 2.67745e-05
37349: 2.67738e-05
37350: 2.6773e-05
37351: 2.67723e-05
37352: 2.67716e-05
37353: 2.67709e-05
37354: 2.67702e-05
37355: 2.67695e-05
37356: 2.67687e-05
37357: 2.6768e-05
37358: 2.67673e-05
37359: 2.67666e-05
37360: 2.67659e-05
37361: 2.67652e-05
37362: 2.67644e-05
37363: 2.67637e-05
37364: 2.6763e-05
37365: 2.67623e-05
37366: 2.67616e-05
37367: 2.67609e-05
37368: 2.67601e-05
37369: 2.67594e-05
37370: 2.67587e-05
37371: 2.6758e-05
37372: 2.67573e-05
37373: 2.67566e-05
37374: 2.67559e-05
37375: 2.67551e-05
37376: 2.67544e-05
37377: 2.67537e-05
37378: 2.6753e-05
37379: 2.67523e-05
37380: 2.67516e-05
37381: 2.67508e-05
37382: 2.67501e-05
37383: 2.67494e-05
37384: 2.67487e-05
37385: 2.6748e-05
37386: 2.67473e-05
37387: 2.67465e-05
37388: 2.67458e-05
37389: 2.67451e-05
37390: 2.67444e-05
37391: 2.67437e-05
37392: 2.6743e-05
37393: 2.67423e-05
37394: 2.67415e-05
37395: 2.67408e-05
37396: 2.67401e-05
37397: 2.67394e-05
37398: 2.67387e-05
37399: 2.6738e-05
37400: 2.67373e-05
37401: 2.67365e-05
37402: 2.67358e-05
37403: 2.67351e-05
37404: 2.67344e-05
37405: 2.67337e-05
37406: 2.6733e-05
37407: 2.67322e-05
37408: 2.67315e-05
37409: 2.67308e-05
37410: 2.67301e-05
37411: 2.67294e-05
37412: 2.67287e-05
37413: 2.6728e-05
37414: 2.67272e-05
37415: 2.67265e-05
37416: 2.67258e-05
37417: 2.67251e-05
37418: 2.67244e-05
37419: 2.67237e-05
37420: 2.6723e-05
37421: 2.67222e-05
37422: 2.67215e-05
37423: 2.67208e-05
37424: 2.67201e-05
37425: 2.67194e-05
37426: 2.67187e-05
37427: 2.6718e-05
37428: 2.67173e-05
37429: 2.67165e-05
37430: 2.67158e-05
37431: 2.67151e-05
37432: 2.67144e-05
37433: 2.67137e-05
37434: 2.6713e-05
37435: 2.67123e-05
37436: 2.67115e-05
37437: 2.67108e-05
37438: 2.67101e-05
37439: 2.67094e-05
37440: 2.67087e-05
37441: 2.6708e-05
37442: 2.67073e-05
37443: 2.67065e-05
37444: 2.67058e-05
37445: 2.67051e-05
37446: 2.67044e-05
37447: 2.67037e-05
37448: 2.6703e-05
37449: 2.67023e-05
37450: 2.67016e-05
37451: 2.67008e-05
37452: 2.67001e-05
37453: 2.66994e-05
37454: 2.66987e-05
37455: 2.6698e-05
37456: 2.66973e-05
37457: 2.66966e-05
37458: 2.66959e-05
37459: 2.66951e-05
37460: 2.66944e-05
37461: 2.66937e-05
37462: 2.6693e-05
37463: 2.66923e-05
37464: 2.66916e-05
37465: 2.66909e-05
37466: 2.66902e-05
37467: 2.66894e-05
37468: 2.66887e-05
37469: 2.6688e-05
37470: 2.66873e-05
37471: 2.66866e-05
37472: 2.66859e-05
37473: 2.66852e-05
37474: 2.66845e-05
37475: 2.66837e-05
37476: 2.6683e-05
37477: 2.66823e-05
37478: 2.66816e-05
37479: 2.66809e-05
37480: 2.66802e-05
37481: 2.66795e-05
37482: 2.66788e-05
37483: 2.6678e-05
37484: 2.66773e-05
37485: 2.66766e-05
37486: 2.66759e-05
37487: 2.66752e-05
37488: 2.66745e-05
37489: 2.66738e-05
37490: 2.66731e-05
37491: 2.66724e-05
37492: 2.66716e-05
37493: 2.66709e-05
37494: 2.66702e-05
37495: 2.66695e-05
37496: 2.66688e-05
37497: 2.66681e-05
37498: 2.66674e-05
37499: 2.66667e-05
37500: 2.6666e-05
37501: 2.66652e-05
37502: 2.66645e-05
37503: 2.66638e-05
37504: 2.66631e-05
37505: 2.66624e-05
37506: 2.66617e-05
37507: 2.6661e-05
37508: 2.66603e-05
37509: 2.66596e-05
37510: 2.66588e-05
37511: 2.66581e-05
37512: 2.66574e-05
37513: 2.66567e-05
37514: 2.6656e-05
37515: 2.66553e-05
37516: 2.66546e-05
37517: 2.66539e-05
37518: 2.66532e-05
37519: 2.66525e-05
37520: 2.66517e-05
37521: 2.6651e-05
37522: 2.66503e-05
37523: 2.66496e-05
37524: 2.66489e-05
37525: 2.66482e-05
37526: 2.66475e-05
37527: 2.66468e-05
37528: 2.66461e-05
37529: 2.66454e-05
37530: 2.66446e-05
37531: 2.66439e-05
37532: 2.66432e-05
37533: 2.66425e-05
37534: 2.66418e-05
37535: 2.66411e-05
37536: 2.66404e-05
37537: 2.66397e-05
37538: 2.6639e-05
37539: 2.66383e-05
37540: 2.66375e-05
37541: 2.66368e-05
37542: 2.66361e-05
37543: 2.66354e-05
37544: 2.66347e-05
37545: 2.6634e-05
37546: 2.66333e-05
37547: 2.66326e-05
37548: 2.66319e-05
37549: 2.66312e-05
37550: 2.66304e-05
37551: 2.66297e-05
37552: 2.6629e-05
37553: 2.66283e-05
37554: 2.66276e-05
37555: 2.66269e-05
37556: 2.66262e-05
37557: 2.66255e-05
37558: 2.66248e-05
37559: 2.66241e-05
37560: 2.66234e-05
37561: 2.66227e-05
37562: 2.66219e-05
37563: 2.66212e-05
37564: 2.66205e-05
37565: 2.66198e-05
37566: 2.66191e-05
37567: 2.66184e-05
37568: 2.66177e-05
37569: 2.6617e-05
37570: 2.66163e-05
37571: 2.66156e-05
37572: 2.66149e-05
37573: 2.66141e-05
37574: 2.66134e-05
37575: 2.66127e-05
37576: 2.6612e-05
37577: 2.66113e-05
37578: 2.66106e-05
37579: 2.66099e-05
37580: 2.66092e-05
37581: 2.66085e-05
37582: 2.66078e-05
37583: 2.66071e-05
37584: 2.66064e-05
37585: 2.66057e-05
37586: 2.66049e-05
37587: 2.66042e-05
37588: 2.66035e-05
37589: 2.66028e-05
37590: 2.66021e-05
37591: 2.66014e-05
37592: 2.66007e-05
37593: 2.66e-05
37594: 2.65993e-05
37595: 2.65986e-05
37596: 2.65979e-05
37597: 2.65972e-05
37598: 2.65965e-05
37599: 2.65957e-05
37600: 2.6595e-05
37601: 2.65943e-05
37602: 2.65936e-05
37603: 2.65929e-05
37604: 2.65922e-05
37605: 2.65915e-05
37606: 2.65908e-05
37607: 2.65901e-05
37608: 2.65894e-05
37609: 2.65887e-05
37610: 2.6588e-05
37611: 2.65873e-05
37612: 2.65866e-05
37613: 2.65858e-05
37614: 2.65851e-05
37615: 2.65844e-05
37616: 2.65837e-05
37617: 2.6583e-05
37618: 2.65823e-05
37619: 2.65816e-05
37620: 2.65809e-05
37621: 2.65802e-05
37622: 2.65795e-05
37623: 2.65788e-05
37624: 2.65781e-05
37625: 2.65774e-05
37626: 2.65767e-05
37627: 2.6576e-05
37628: 2.65752e-05
37629: 2.65745e-05
37630: 2.65738e-05
37631: 2.65731e-05
37632: 2.65724e-05
37633: 2.65717e-05
37634: 2.6571e-05
37635: 2.65703e-05
37636: 2.65696e-05
37637: 2.65689e-05
37638: 2.65682e-05
37639: 2.65675e-05
37640: 2.65668e-05
37641: 2.65661e-05
37642: 2.65654e-05
37643: 2.65647e-05
37644: 2.6564e-05
37645: 2.65632e-05
37646: 2.65625e-05
37647: 2.65618e-05
37648: 2.65611e-05
37649: 2.65604e-05
37650: 2.65597e-05
37651: 2.6559e-05
37652: 2.65583e-05
37653: 2.65576e-05
37654: 2.65569e-05
37655: 2.65562e-05
37656: 2.65555e-05
37657: 2.65548e-05
37658: 2.65541e-05
37659: 2.65534e-05
37660: 2.65527e-05
37661: 2.6552e-05
37662: 2.65513e-05
37663: 2.65506e-05
37664: 2.65498e-05
37665: 2.65491e-05
37666: 2.65484e-05
37667: 2.65477e-05
37668: 2.6547e-05
37669: 2.65463e-05
37670: 2.65456e-05
37671: 2.65449e-05
37672: 2.65442e-05
37673: 2.65435e-05
37674: 2.65428e-05
37675: 2.65421e-05
37676: 2.65414e-05
37677: 2.65407e-05
37678: 2.654e-05
37679: 2.65393e-05
37680: 2.65386e-05
37681: 2.65379e-05
37682: 2.65372e-05
37683: 2.65365e-05
37684: 2.65358e-05
37685: 2.65351e-05
37686: 2.65343e-05
37687: 2.65336e-05
37688: 2.65329e-05
37689: 2.65322e-05
37690: 2.65315e-05
37691: 2.65308e-05
37692: 2.65301e-05
37693: 2.65294e-05
37694: 2.65287e-05
37695: 2.6528e-05
37696: 2.65273e-05
37697: 2.65266e-05
37698: 2.65259e-05
37699: 2.65252e-05
37700: 2.65245e-05
37701: 2.65238e-05
37702: 2.65231e-05
37703: 2.65224e-05
37704: 2.65217e-05
37705: 2.6521e-05
37706: 2.65203e-05
37707: 2.65196e-05
37708: 2.65189e-05
37709: 2.65182e-05
37710: 2.65175e-05
37711: 2.65168e-05
37712: 2.65161e-05
37713: 2.65154e-05
37714: 2.65146e-05
37715: 2.65139e-05
37716: 2.65132e-05
37717: 2.65125e-05
37718: 2.65118e-05
37719: 2.65111e-05
37720: 2.65104e-05
37721: 2.65097e-05
37722: 2.6509e-05
37723: 2.65083e-05
37724: 2.65076e-05
37725: 2.65069e-05
37726: 2.65062e-05
37727: 2.65055e-05
37728: 2.65048e-05
37729: 2.65041e-05
37730: 2.65034e-05
37731: 2.65027e-05
37732: 2.6502e-05
37733: 2.65013e-05
37734: 2.65006e-05
37735: 2.64999e-05
37736: 2.64992e-05
37737: 2.64985e-05
37738: 2.64978e-05
37739: 2.64971e-05
37740: 2.64964e-05
37741: 2.64957e-05
37742: 2.6495e-05
37743: 2.64943e-05
37744: 2.64936e-05
37745: 2.64929e-05
37746: 2.64922e-05
37747: 2.64915e-05
37748: 2.64908e-05
37749: 2.64901e-05
37750: 2.64894e-05
37751: 2.64887e-05
37752: 2.6488e-05
37753: 2.64873e-05
37754: 2.64866e-05
37755: 2.64859e-05
37756: 2.64852e-05
37757: 2.64845e-05
37758: 2.64838e-05
37759: 2.64831e-05
37760: 2.64823e-05
37761: 2.64816e-05
37762: 2.64809e-05
37763: 2.64802e-05
37764: 2.64795e-05
37765: 2.64788e-05
37766: 2.64781e-05
37767: 2.64774e-05
37768: 2.64767e-05
37769: 2.6476e-05
37770: 2.64753e-05
37771: 2.64746e-05
37772: 2.64739e-05
37773: 2.64732e-05
37774: 2.64725e-05
37775: 2.64718e-05
37776: 2.64711e-05
37777: 2.64704e-05
37778: 2.64697e-05
37779: 2.6469e-05
37780: 2.64683e-05
37781: 2.64676e-05
37782: 2.64669e-05
37783: 2.64662e-05
37784: 2.64655e-05
37785: 2.64648e-05
37786: 2.64641e-05
37787: 2.64634e-05
37788: 2.64627e-05
37789: 2.6462e-05
37790: 2.64613e-05
37791: 2.64606e-05
37792: 2.64599e-05
37793: 2.64592e-05
37794: 2.64585e-05
37795: 2.64578e-05
37796: 2.64571e-05
37797: 2.64564e-05
37798: 2.64557e-05
37799: 2.6455e-05
37800: 2.64543e-05
37801: 2.64536e-05
37802: 2.64529e-05
37803: 2.64522e-05
37804: 2.64515e-05
37805: 2.64508e-05
37806: 2.64501e-05
37807: 2.64494e-05
37808: 2.64487e-05
37809: 2.6448e-05
37810: 2.64473e-05
37811: 2.64466e-05
37812: 2.64459e-05
37813: 2.64452e-05
37814: 2.64445e-05
37815: 2.64438e-05
37816: 2.64431e-05
37817: 2.64424e-05
37818: 2.64417e-05
37819: 2.6441e-05
37820: 2.64403e-05
37821: 2.64396e-05
37822: 2.64389e-05
37823: 2.64382e-05
37824: 2.64375e-05
37825: 2.64368e-05
37826: 2.64361e-05
37827: 2.64354e-05
37828: 2.64347e-05
37829: 2.6434e-05
37830: 2.64333e-05
37831: 2.64326e-05
37832: 2.6432e-05
37833: 2.64313e-05
37834: 2.64306e-05
37835: 2.64299e-05
37836: 2.64292e-05
37837: 2.64285e-05
37838: 2.64278e-05
37839: 2.64271e-05
37840: 2.64264e-05
37841: 2.64257e-05
37842: 2.6425e-05
37843: 2.64243e-05
37844: 2.64236e-05
37845: 2.64229e-05
37846: 2.64222e-05
37847: 2.64215e-05
37848: 2.64208e-05
37849: 2.64201e-05
37850: 2.64194e-05
37851: 2.64187e-05
37852: 2.6418e-05
37853: 2.64173e-05
37854: 2.64166e-05
37855: 2.64159e-05
37856: 2.64152e-05
37857: 2.64145e-05
37858: 2.64138e-05
37859: 2.64131e-05
37860: 2.64124e-05
37861: 2.64117e-05
37862: 2.6411e-05
37863: 2.64103e-05
37864: 2.64096e-05
37865: 2.64089e-05
37866: 2.64082e-05
37867: 2.64075e-05
37868: 2.64068e-05
37869: 2.64061e-05
37870: 2.64054e-05
37871: 2.64047e-05
37872: 2.6404e-05
37873: 2.64033e-05
37874: 2.64026e-05
37875: 2.64019e-05
37876: 2.64012e-05
37877: 2.64005e-05
37878: 2.63999e-05
37879: 2.63992e-05
37880: 2.63985e-05
37881: 2.63978e-05
37882: 2.63971e-05
37883: 2.63964e-05
37884: 2.63957e-05
37885: 2.6395e-05
37886: 2.63943e-05
37887: 2.63936e-05
37888: 2.63929e-05
37889: 2.63922e-05
37890: 2.63915e-05
37891: 2.63908e-05
37892: 2.63901e-05
37893: 2.63894e-05
37894: 2.63887e-05
37895: 2.6388e-05
37896: 2.63873e-05
37897: 2.63866e-05
37898: 2.63859e-05
37899: 2.63852e-05
37900: 2.63845e-05
37901: 2.63838e-05
37902: 2.63831e-05
37903: 2.63824e-05
37904: 2.63817e-05
37905: 2.6381e-05
37906: 2.63804e-05
37907: 2.63797e-05
37908: 2.6379e-05
37909: 2.63783e-05
37910: 2.63776e-05
37911: 2.63769e-05
37912: 2.63762e-05
37913: 2.63755e-05
37914: 2.63748e-05
37915: 2.63741e-05
37916: 2.63734e-05
37917: 2.63727e-05
37918: 2.6372e-05
37919: 2.63713e-05
37920: 2.63706e-05
37921: 2.63699e-05
37922: 2.63692e-05
37923: 2.63685e-05
37924: 2.63678e-05
37925: 2.63671e-05
37926: 2.63664e-05
37927: 2.63657e-05
37928: 2.63651e-05
37929: 2.63644e-05
37930: 2.63637e-05
37931: 2.6363e-05
37932: 2.63623e-05
37933: 2.63616e-05
37934: 2.63609e-05
37935: 2.63602e-05
37936: 2.63595e-05
37937: 2.63588e-05
37938: 2.63581e-05
37939: 2.63574e-05
37940: 2.63567e-05
37941: 2.6356e-05
37942: 2.63553e-05
37943: 2.63546e-05
37944: 2.63539e-05
37945: 2.63532e-05
37946: 2.63525e-05
37947: 2.63518e-05
37948: 2.63512e-05
37949: 2.63505e-05
37950: 2.63498e-05
37951: 2.63491e-05
37952: 2.63484e-05
37953: 2.63477e-05
37954: 2.6347e-05
37955: 2.63463e-05
37956: 2.63456e-05
37957: 2.63449e-05
37958: 2.63442e-05
37959: 2.63435e-05
37960: 2.63428e-05
37961: 2.63421e-05
37962: 2.63414e-05
37963: 2.63407e-05
37964: 2.63401e-05
37965: 2.63394e-05
37966: 2.63387e-05
37967: 2.6338e-05
37968: 2.63373e-05
37969: 2.63366e-05
37970: 2.63359e-05
37971: 2.63352e-05
37972: 2.63345e-05
37973: 2.63338e-05
37974: 2.63331e-05
37975: 2.63324e-05
37976: 2.63317e-05
37977: 2.6331e-05
37978: 2.63303e-05
37979: 2.63296e-05
37980: 2.6329e-05
37981: 2.63283e-05
37982: 2.63276e-05
37983: 2.63269e-05
37984: 2.63262e-05
37985: 2.63255e-05
37986: 2.63248e-05
37987: 2.63241e-05
37988: 2.63234e-05
37989: 2.63227e-05
37990: 2.6322e-05
37991: 2.63213e-05
37992: 2.63206e-05
37993: 2.63199e-05
37994: 2.63193e-05
37995: 2.63186e-05
37996: 2.63179e-05
37997: 2.63172e-05
37998: 2.63165e-05
37999: 2.63158e-05
38000: 2.63151e-05
38001: 2.63144e-05
38002: 2.63137e-05
38003: 2.6313e-05
38004: 2.63123e-05
38005: 2.63116e-05
38006: 2.63109e-05
38007: 2.63103e-05
38008: 2.63096e-05
38009: 2.63089e-05
38010: 2.63082e-05
38011: 2.63075e-05
38012: 2.63068e-05
38013: 2.63061e-05
38014: 2.63054e-05
38015: 2.63047e-05
38016: 2.6304e-05
38017: 2.63033e-05
38018: 2.63026e-05
38019: 2.63019e-05
38020: 2.63013e-05
38021: 2.63006e-05
38022: 2.62999e-05
38023: 2.62992e-05
38024: 2.62985e-05
38025: 2.62978e-05
38026: 2.62971e-05
38027: 2.62964e-05
38028: 2.62957e-05
38029: 2.6295e-05
38030: 2.62943e-05
38031: 2.62936e-05
38032: 2.6293e-05
38033: 2.62923e-05
38034: 2.62916e-05
38035: 2.62909e-05
38036: 2.62902e-05
38037: 2.62895e-05
38038: 2.62888e-05
38039: 2.62881e-05
38040: 2.62874e-05
38041: 2.62867e-05
38042: 2.6286e-05
38043: 2.62854e-05
38044: 2.62847e-05
38045: 2.6284e-05
38046: 2.62833e-05
38047: 2.62826e-05
38048: 2.62819e-05
38049: 2.62812e-05
38050: 2.62805e-05
38051: 2.62798e-05
38052: 2.62791e-05
38053: 2.62784e-05
38054: 2.62778e-05
38055: 2.62771e-05
38056: 2.62764e-05
38057: 2.62757e-05
38058: 2.6275e-05
38059: 2.62743e-05
38060: 2.62736e-05
38061: 2.62729e-05
38062: 2.62722e-05
38063: 2.62715e-05
38064: 2.62709e-05
38065: 2.62702e-05
38066: 2.62695e-05
38067: 2.62688e-05
38068: 2.62681e-05
38069: 2.62674e-05
38070: 2.62667e-05
38071: 2.6266e-05
38072: 2.62653e-05
38073: 2.62646e-05
38074: 2.6264e-05
38075: 2.62633e-05
38076: 2.62626e-05
38077: 2.62619e-05
38078: 2.62612e-05
38079: 2.62605e-05
38080: 2.62598e-05
38081: 2.62591e-05
38082: 2.62584e-05
38083: 2.62577e-05
38084: 2.62571e-05
38085: 2.62564e-05
38086: 2.62557e-05
38087: 2.6255e-05
38088: 2.62543e-05
38089: 2.62536e-05
38090: 2.62529e-05
38091: 2.62522e-05
38092: 2.62515e-05
38093: 2.62509e-05
38094: 2.62502e-05
38095: 2.62495e-05
38096: 2.62488e-05
38097: 2.62481e-05
38098: 2.62474e-05
38099: 2.62467e-05
38100: 2.6246e-05
38101: 2.62453e-05
38102: 2.62447e-05
38103: 2.6244e-05
38104: 2.62433e-05
38105: 2.62426e-05
38106: 2.62419e-05
38107: 2.62412e-05
38108: 2.62405e-05
38109: 2.62398e-05
38110: 2.62391e-05
38111: 2.62385e-05
38112: 2.62378e-05
38113: 2.62371e-05
38114: 2.62364e-05
38115: 2.62357e-05
38116: 2.6235e-05
38117: 2.62343e-05
38118: 2.62336e-05
38119: 2.62329e-05
38120: 2.62323e-05
38121: 2.62316e-05
38122: 2.62309e-05
38123: 2.62302e-05
38124: 2.62295e-05
38125: 2.62288e-05
38126: 2.62281e-05
38127: 2.62274e-05
38128: 2.62268e-05
38129: 2.62261e-05
38130: 2.62254e-05
38131: 2.62247e-05
38132: 2.6224e-05
38133: 2.62233e-05
38134: 2.62226e-05
38135: 2.62219e-05
38136: 2.62213e-05
38137: 2.62206e-05
38138: 2.62199e-05
38139: 2.62192e-05
38140: 2.62185e-05
38141: 2.62178e-05
38142: 2.62171e-05
38143: 2.62164e-05
38144: 2.62158e-05
38145: 2.62151e-05
38146: 2.62144e-05
38147: 2.62137e-05
38148: 2.6213e-05
38149: 2.62123e-05
38150: 2.62116e-05
38151: 2.62109e-05
38152: 2.62103e-05
38153: 2.62096e-05
38154: 2.62089e-05
38155: 2.62082e-05
38156: 2.62075e-05
38157: 2.62068e-05
38158: 2.62061e-05
38159: 2.62055e-05
38160: 2.62048e-05
38161: 2.62041e-05
38162: 2.62034e-05
38163: 2.62027e-05
38164: 2.6202e-05
38165: 2.62013e-05
38166: 2.62006e-05
38167: 2.62e-05
38168: 2.61993e-05
38169: 2.61986e-05
38170: 2.61979e-05
38171: 2.61972e-05
38172: 2.61965e-05
38173: 2.61958e-05
38174: 2.61952e-05
38175: 2.61945e-05
38176: 2.61938e-05
38177: 2.61931e-05
38178: 2.61924e-05
38179: 2.61917e-05
38180: 2.6191e-05
38181: 2.61904e-05
38182: 2.61897e-05
38183: 2.6189e-05
38184: 2.61883e-05
38185: 2.61876e-05
38186: 2.61869e-05
38187: 2.61862e-05
38188: 2.61856e-05
38189: 2.61849e-05
38190: 2.61842e-05
38191: 2.61835e-05
38192: 2.61828e-05
38193: 2.61821e-05
38194: 2.61814e-05
38195: 2.61808e-05
38196: 2.61801e-05
38197: 2.61794e-05
38198: 2.61787e-05
38199: 2.6178e-05
38200: 2.61773e-05
38201: 2.61766e-05
38202: 2.6176e-05
38203: 2.61753e-05
38204: 2.61746e-05
38205: 2.61739e-05
38206: 2.61732e-05
38207: 2.61725e-05
38208: 2.61718e-05
38209: 2.61712e-05
38210: 2.61705e-05
38211: 2.61698e-05
38212: 2.61691e-05
38213: 2.61684e-05
38214: 2.61677e-05
38215: 2.61671e-05
38216: 2.61664e-05
38217: 2.61657e-05
38218: 2.6165e-05
38219: 2.61643e-05
38220: 2.61636e-05
38221: 2.61629e-05
38222: 2.61623e-05
38223: 2.61616e-05
38224: 2.61609e-05
38225: 2.61602e-05
38226: 2.61595e-05
38227: 2.61588e-05
38228: 2.61582e-05
38229: 2.61575e-05
38230: 2.61568e-05
38231: 2.61561e-05
38232: 2.61554e-05
38233: 2.61547e-05
38234: 2.6154e-05
38235: 2.61534e-05
38236: 2.61527e-05
38237: 2.6152e-05
38238: 2.61513e-05
38239: 2.61506e-05
38240: 2.61499e-05
38241: 2.61493e-05
38242: 2.61486e-05
38243: 2.61479e-05
38244: 2.61472e-05
38245: 2.61465e-05
38246: 2.61458e-05
38247: 2.61452e-05
38248: 2.61445e-05
38249: 2.61438e-05
38250: 2.61431e-05
38251: 2.61424e-05
38252: 2.61417e-05
38253: 2.61411e-05
38254: 2.61404e-05
38255: 2.61397e-05
38256: 2.6139e-05
38257: 2.61383e-05
38258: 2.61376e-05
38259: 2.6137e-05
38260: 2.61363e-05
38261: 2.61356e-05
38262: 2.61349e-05
38263: 2.61342e-05
38264: 2.61335e-05
38265: 2.61329e-05
38266: 2.61322e-05
38267: 2.61315e-05
38268: 2.61308e-05
38269: 2.61301e-05
38270: 2.61294e-05
38271: 2.61288e-05
38272: 2.61281e-05
38273: 2.61274e-05
38274: 2.61267e-05
38275: 2.6126e-05
38276: 2.61253e-05
38277: 2.61247e-05
38278: 2.6124e-05
38279: 2.61233e-05
38280: 2.61226e-05
38281: 2.61219e-05
38282: 2.61213e-05
38283: 2.61206e-05
38284: 2.61199e-05
38285: 2.61192e-05
38286: 2.61185e-05
38287: 2.61178e-05
38288: 2.61172e-05
38289: 2.61165e-05
38290: 2.61158e-05
38291: 2.61151e-05
38292: 2.61144e-05
38293: 2.61138e-05
38294: 2.61131e-05
38295: 2.61124e-05
38296: 2.61117e-05
38297: 2.6111e-05
38298: 2.61103e-05
38299: 2.61097e-05
38300: 2.6109e-05
38301: 2.61083e-05
38302: 2.61076e-05
38303: 2.61069e-05
38304: 2.61063e-05
38305: 2.61056e-05
38306: 2.61049e-05
38307: 2.61042e-05
38308: 2.61035e-05
38309: 2.61028e-05
38310: 2.61022e-05
38311: 2.61015e-05
38312: 2.61008e-05
38313: 2.61001e-05
38314: 2.60994e-05
38315: 2.60988e-05
38316: 2.60981e-05
38317: 2.60974e-05
38318: 2.60967e-05
38319: 2.6096e-05
38320: 2.60954e-05
38321: 2.60947e-05
38322: 2.6094e-05
38323: 2.60933e-05
38324: 2.60926e-05
38325: 2.60919e-05
38326: 2.60913e-05
38327: 2.60906e-05
38328: 2.60899e-05
38329: 2.60892e-05
38330: 2.60885e-05
38331: 2.60879e-05
38332: 2.60872e-05
38333: 2.60865e-05
38334: 2.60858e-05
38335: 2.60851e-05
38336: 2.60845e-05
38337: 2.60838e-05
38338: 2.60831e-05
38339: 2.60824e-05
38340: 2.60817e-05
38341: 2.60811e-05
38342: 2.60804e-05
38343: 2.60797e-05
38344: 2.6079e-05
38345: 2.60783e-05
38346: 2.60777e-05
38347: 2.6077e-05
38348: 2.60763e-05
38349: 2.60756e-05
38350: 2.60749e-05
38351: 2.60743e-05
38352: 2.60736e-05
38353: 2.60729e-05
38354: 2.60722e-05
38355: 2.60715e-05
38356: 2.60709e-05
38357: 2.60702e-05
38358: 2.60695e-05
38359: 2.60688e-05
38360: 2.60681e-05
38361: 2.60675e-05
38362: 2.60668e-05
38363: 2.60661e-05
38364: 2.60654e-05
38365: 2.60647e-05
38366: 2.60641e-05
38367: 2.60634e-05
38368: 2.60627e-05
38369: 2.6062e-05
38370: 2.60613e-05
38371: 2.60607e-05
38372: 2.606e-05
38373: 2.60593e-05
38374: 2.60586e-05
38375: 2.6058e-05
38376: 2.60573e-05
38377: 2.60566e-05
38378: 2.60559e-05
38379: 2.60552e-05
38380: 2.60546e-05
38381: 2.60539e-05
38382: 2.60532e-05
38383: 2.60525e-05
38384: 2.60518e-05
38385: 2.60512e-05
38386: 2.60505e-05
38387: 2.60498e-05
38388: 2.60491e-05
38389: 2.60485e-05
38390: 2.60478e-05
38391: 2.60471e-05
38392: 2.60464e-05
38393: 2.60457e-05
38394: 2.60451e-05
38395: 2.60444e-05
38396: 2.60437e-05
38397: 2.6043e-05
38398: 2.60423e-05
38399: 2.60417e-05
38400: 2.6041e-05
38401: 2.60403e-05
38402: 2.60396e-05
38403: 2.6039e-05
38404: 2.60383e-05
38405: 2.60376e-05
38406: 2.60369e-05
38407: 2.60362e-05
38408: 2.60356e-05
38409: 2.60349e-05
38410: 2.60342e-05
38411: 2.60335e-05
38412: 2.60329e-05
38413: 2.60322e-05
38414: 2.60315e-05
38415: 2.60308e-05
38416: 2.60301e-05
38417: 2.60295e-05
38418: 2.60288e-05
38419: 2.60281e-05
38420: 2.60274e-05
38421: 2.60268e-05
38422: 2.60261e-05
38423: 2.60254e-05
38424: 2.60247e-05
38425: 2.6024e-05
38426: 2.60234e-05
38427: 2.60227e-05
38428: 2.6022e-05
38429: 2.60213e-05
38430: 2.60207e-05
38431: 2.602e-05
38432: 2.60193e-05
38433: 2.60186e-05
38434: 2.6018e-05
38435: 2.60173e-05
38436: 2.60166e-05
38437: 2.60159e-05
38438: 2.60152e-05
38439: 2.60146e-05
38440: 2.60139e-05
38441: 2.60132e-05
38442: 2.60125e-05
38443: 2.60119e-05
38444: 2.60112e-05
38445: 2.60105e-05
38446: 2.60098e-05
38447: 2.60092e-05
38448: 2.60085e-05
38449: 2.60078e-05
38450: 2.60071e-05
38451: 2.60064e-05
38452: 2.60058e-05
38453: 2.60051e-05
38454: 2.60044e-05
38455: 2.60037e-05
38456: 2.60031e-05
38457: 2.60024e-05
38458: 2.60017e-05
38459: 2.6001e-05
38460: 2.60004e-05
38461: 2.59997e-05
38462: 2.5999e-05
38463: 2.59983e-05
38464: 2.59977e-05
38465: 2.5997e-05
38466: 2.59963e-05
38467: 2.59956e-05
38468: 2.5995e-05
38469: 2.59943e-05
38470: 2.59936e-05
38471: 2.59929e-05
38472: 2.59923e-05
38473: 2.59916e-05
38474: 2.59909e-05
38475: 2.59902e-05
38476: 2.59896e-05
38477: 2.59889e-05
38478: 2.59882e-05
38479: 2.59875e-05
38480: 2.59869e-05
38481: 2.59862e-05
38482: 2.59855e-05
38483: 2.59848e-05
38484: 2.59841e-05
38485: 2.59835e-05
38486: 2.59828e-05
38487: 2.59821e-05
38488: 2.59814e-05
38489: 2.59808e-05
38490: 2.59801e-05
38491: 2.59794e-05
38492: 2.59787e-05
38493: 2.59781e-05
38494: 2.59774e-05
38495: 2.59767e-05
38496: 2.59761e-05
38497: 2.59754e-05
38498: 2.59747e-05
38499: 2.5974e-05
38500: 2.59734e-05
38501: 2.59727e-05
38502: 2.5972e-05
38503: 2.59713e-05
38504: 2.59707e-05
38505: 2.597e-05
38506: 2.59693e-05
38507: 2.59686e-05
38508: 2.5968e-05
38509: 2.59673e-05
38510: 2.59666e-05
38511: 2.59659e-05
38512: 2.59653e-05
38513: 2.59646e-05
38514: 2.59639e-05
38515: 2.59632e-05
38516: 2.59626e-05
38517: 2.59619e-05
38518: 2.59612e-05
38519: 2.59605e-05
38520: 2.59599e-05
38521: 2.59592e-05
38522: 2.59585e-05
38523: 2.59578e-05
38524: 2.59572e-05
38525: 2.59565e-05
38526: 2.59558e-05
38527: 2.59551e-05
38528: 2.59545e-05
38529: 2.59538e-05
38530: 2.59531e-05
38531: 2.59525e-05
38532: 2.59518e-05
38533: 2.59511e-05
38534: 2.59504e-05
38535: 2.59498e-05
38536: 2.59491e-05
38537: 2.59484e-05
38538: 2.59477e-05
38539: 2.59471e-05
38540: 2.59464e-05
38541: 2.59457e-05
38542: 2.5945e-05
38543: 2.59444e-05
38544: 2.59437e-05
38545: 2.5943e-05
38546: 2.59424e-05
38547: 2.59417e-05
38548: 2.5941e-05
38549: 2.59403e-05
38550: 2.59397e-05
38551: 2.5939e-05
38552: 2.59383e-05
38553: 2.59376e-05
38554: 2.5937e-05
38555: 2.59363e-05
38556: 2.59356e-05
38557: 2.5935e-05
38558: 2.59343e-05
38559: 2.59336e-05
38560: 2.59329e-05
38561: 2.59323e-05
38562: 2.59316e-05
38563: 2.59309e-05
38564: 2.59302e-05
38565: 2.59296e-05
38566: 2.59289e-05
38567: 2.59282e-05
38568: 2.59276e-05
38569: 2.59269e-05
38570: 2.59262e-05
38571: 2.59255e-05
38572: 2.59249e-05
38573: 2.59242e-05
38574: 2.59235e-05
38575: 2.59229e-05
38576: 2.59222e-05
38577: 2.59215e-05
38578: 2.59208e-05
38579: 2.59202e-05
38580: 2.59195e-05
38581: 2.59188e-05
38582: 2.59182e-05
38583: 2.59175e-05
38584: 2.59168e-05
38585: 2.59161e-05
38586: 2.59155e-05
38587: 2.59148e-05
38588: 2.59141e-05
38589: 2.59134e-05
38590: 2.59128e-05
38591: 2.59121e-05
38592: 2.59114e-05
38593: 2.59108e-05
38594: 2.59101e-05
38595: 2.59094e-05
38596: 2.59087e-05
38597: 2.59081e-05
38598: 2.59074e-05
38599: 2.59067e-05
38600: 2.59061e-05
38601: 2.59054e-05
38602: 2.59047e-05
38603: 2.59041e-05
38604: 2.59034e-05
38605: 2.59027e-05
38606: 2.5902e-05
38607: 2.59014e-05
38608: 2.59007e-05
38609: 2.59e-05
38610: 2.58994e-05
38611: 2.58987e-05
38612: 2.5898e-05
38613: 2.58973e-05
38614: 2.58967e-05
38615: 2.5896e-05
38616: 2.58953e-05
38617: 2.58947e-05
38618: 2.5894e-05
38619: 2.58933e-05
38620: 2.58926e-05
38621: 2.5892e-05
38622: 2.58913e-05
38623: 2.58906e-05
38624: 2.589e-05
38625: 2.58893e-05
38626: 2.58886e-05
38627: 2.5888e-05
38628: 2.58873e-05
38629: 2.58866e-05
38630: 2.58859e-05
38631: 2.58853e-05
38632: 2.58846e-05
38633: 2.58839e-05
38634: 2.58833e-05
38635: 2.58826e-05
38636: 2.58819e-05
38637: 2.58813e-05
38638: 2.58806e-05
38639: 2.58799e-05
38640: 2.58792e-05
38641: 2.58786e-05
38642: 2.58779e-05
38643: 2.58772e-05
38644: 2.58766e-05
38645: 2.58759e-05
38646: 2.58752e-05
38647: 2.58746e-05
38648: 2.58739e-05
38649: 2.58732e-05
38650: 2.58726e-05
38651: 2.58719e-05
38652: 2.58712e-05
38653: 2.58705e-05
38654: 2.58699e-05
38655: 2.58692e-05
38656: 2.58685e-05
38657: 2.58679e-05
38658: 2.58672e-05
38659: 2.58665e-05
38660: 2.58659e-05
38661: 2.58652e-05
38662: 2.58645e-05
38663: 2.58639e-05
38664: 2.58632e-05
38665: 2.58625e-05
38666: 2.58618e-05
38667: 2.58612e-05
38668: 2.58605e-05
38669: 2.58598e-05
38670: 2.58592e-05
38671: 2.58585e-05
38672: 2.58578e-05
38673: 2.58572e-05
38674: 2.58565e-05
38675: 2.58558e-05
38676: 2.58552e-05
38677: 2.58545e-05
38678: 2.58538e-05
38679: 2.58532e-05
38680: 2.58525e-05
38681: 2.58518e-05
38682: 2.58511e-05
38683: 2.58505e-05
38684: 2.58498e-05
38685: 2.58491e-05
38686: 2.58485e-05
38687: 2.58478e-05
38688: 2.58471e-05
38689: 2.58465e-05
38690: 2.58458e-05
38691: 2.58451e-05
38692: 2.58445e-05
38693: 2.58438e-05
38694: 2.58431e-05
38695: 2.58425e-05
38696: 2.58418e-05
38697: 2.58411e-05
38698: 2.58405e-05
38699: 2.58398e-05
38700: 2.58391e-05
38701: 2.58385e-05
38702: 2.58378e-05
38703: 2.58371e-05
38704: 2.58365e-05
38705: 2.58358e-05
38706: 2.58351e-05
38707: 2.58345e-05
38708: 2.58338e-05
38709: 2.58331e-05
38710: 2.58325e-05
38711: 2.58318e-05
38712: 2.58311e-05
38713: 2.58304e-05
38714: 2.58298e-05
38715: 2.58291e-05
38716: 2.58284e-05
38717: 2.58278e-05
38718: 2.58271e-05
38719: 2.58264e-05
38720: 2.58258e-05
38721: 2.58251e-05
38722: 2.58244e-05
38723: 2.58238e-05
38724: 2.58231e-05
38725: 2.58224e-05
38726: 2.58218e-05
38727: 2.58211e-05
38728: 2.58204e-05
38729: 2.58198e-05
38730: 2.58191e-05
38731: 2.58184e-05
38732: 2.58178e-05
38733: 2.58171e-05
38734: 2.58164e-05
38735: 2.58158e-05
38736: 2.58151e-05
38737: 2.58144e-05
38738: 2.58138e-05
38739: 2.58131e-05
38740: 2.58124e-05
38741: 2.58118e-05
38742: 2.58111e-05
38743: 2.58104e-05
38744: 2.58098e-05
38745: 2.58091e-05
38746: 2.58084e-05
38747: 2.58078e-05
38748: 2.58071e-05
38749: 2.58065e-05
38750: 2.58058e-05
38751: 2.58051e-05
38752: 2.58045e-05
38753: 2.58038e-05
38754: 2.58031e-05
38755: 2.58025e-05
38756: 2.58018e-05
38757: 2.58011e-05
38758: 2.58005e-05
38759: 2.57998e-05
38760: 2.57991e-05
38761: 2.57985e-05
38762: 2.57978e-05
38763: 2.57971e-05
38764: 2.57965e-05
38765: 2.57958e-05
38766: 2.57951e-05
38767: 2.57945e-05
38768: 2.57938e-05
38769: 2.57931e-05
38770: 2.57925e-05
38771: 2.57918e-05
38772: 2.57911e-05
38773: 2.57905e-05
38774: 2.57898e-05
38775: 2.57891e-05
38776: 2.57885e-05
38777: 2.57878e-05
38778: 2.57872e-05
38779: 2.57865e-05
38780: 2.57858e-05
38781: 2.57852e-05
38782: 2.57845e-05
38783: 2.57838e-05
38784: 2.57832e-05
38785: 2.57825e-05
38786: 2.57818e-05
38787: 2.57812e-05
38788: 2.57805e-05
38789: 2.57798e-05
38790: 2.57792e-05
38791: 2.57785e-05
38792: 2.57778e-05
38793: 2.57772e-05
38794: 2.57765e-05
38795: 2.57759e-05
38796: 2.57752e-05
38797: 2.57745e-05
38798: 2.57739e-05
38799: 2.57732e-05
38800: 2.57725e-05
38801: 2.57719e-05
38802: 2.57712e-05
38803: 2.57705e-05
38804: 2.57699e-05
38805: 2.57692e-05
38806: 2.57685e-05
38807: 2.57679e-05
38808: 2.57672e-05
38809: 2.57666e-05
38810: 2.57659e-05
38811: 2.57652e-05
38812: 2.57646e-05
38813: 2.57639e-05
38814: 2.57632e-05
38815: 2.57626e-05
38816: 2.57619e-05
38817: 2.57612e-05
38818: 2.57606e-05
38819: 2.57599e-05
38820: 2.57593e-05
38821: 2.57586e-05
38822: 2.57579e-05
38823: 2.57573e-05
38824: 2.57566e-05
38825: 2.57559e-05
38826: 2.57553e-05
38827: 2.57546e-05
38828: 2.57539e-05
38829: 2.57533e-05
38830: 2.57526e-05
38831: 2.5752e-05
38832: 2.57513e-05
38833: 2.57506e-05
38834: 2.575e-05
38835: 2.57493e-05
38836: 2.57486e-05
38837: 2.5748e-05
38838: 2.57473e-05
38839: 2.57467e-05
38840: 2.5746e-05
38841: 2.57453e-05
38842: 2.57447e-05
38843: 2.5744e-05
38844: 2.57433e-05
38845: 2.57427e-05
38846: 2.5742e-05
38847: 2.57414e-05
38848: 2.57407e-05
38849: 2.574e-05
38850: 2.57394e-05
38851: 2.57387e-05
38852: 2.5738e-05
38853: 2.57374e-05
38854: 2.57367e-05
38855: 2.57361e-05
38856: 2.57354e-05
38857: 2.57347e-05
38858: 2.57341e-05
38859: 2.57334e-05
38860: 2.57327e-05
38861: 2.57321e-05
38862: 2.57314e-05
38863: 2.57308e-05
38864: 2.57301e-05
38865: 2.57294e-05
38866: 2.57288e-05
38867: 2.57281e-05
38868: 2.57274e-05
38869: 2.57268e-05
38870: 2.57261e-05
38871: 2.57255e-05
38872: 2.57248e-05
38873: 2.57241e-05
38874: 2.57235e-05
38875: 2.57228e-05
38876: 2.57221e-05
38877: 2.57215e-05
38878: 2.57208e-05
38879: 2.57202e-05
38880: 2.57195e-05
38881: 2.57188e-05
38882: 2.57182e-05
38883: 2.57175e-05
38884: 2.57169e-05
38885: 2.57162e-05
38886: 2.57155e-05
38887: 2.57149e-05
38888: 2.57142e-05
38889: 2.57136e-05
38890: 2.57129e-05
38891: 2.57122e-05
38892: 2.57116e-05
38893: 2.57109e-05
38894: 2.57102e-05
38895: 2.57096e-05
38896: 2.57089e-05
38897: 2.57083e-05
38898: 2.57076e-05
38899: 2.57069e-05
38900: 2.57063e-05
38901: 2.57056e-05
38902: 2.5705e-05
38903: 2.57043e-05
38904: 2.57036e-05
38905: 2.5703e-05
38906: 2.57023e-05
38907: 2.57017e-05
38908: 2.5701e-05
38909: 2.57003e-05
38910: 2.56997e-05
38911: 2.5699e-05
38912: 2.56984e-05
38913: 2.56977e-05
38914: 2.5697e-05
38915: 2.56964e-05
38916: 2.56957e-05
38917: 2.56951e-05
38918: 2.56944e-05
38919: 2.56937e-05
38920: 2.56931e-05
38921: 2.56924e-05
38922: 2.56918e-05
38923: 2.56911e-05
38924: 2.56904e-05
38925: 2.56898e-05
38926: 2.56891e-05
38927: 2.56885e-05
38928: 2.56878e-05
38929: 2.56871e-05
38930: 2.56865e-05
38931: 2.56858e-05
38932: 2.56852e-05
38933: 2.56845e-05
38934: 2.56838e-05
38935: 2.56832e-05
38936: 2.56825e-05
38937: 2.56819e-05
38938: 2.56812e-05
38939: 2.56805e-05
38940: 2.56799e-05
38941: 2.56792e-05
38942: 2.56786e-05
38943: 2.56779e-05
38944: 2.56772e-05
38945: 2.56766e-05
38946: 2.56759e-05
38947: 2.56753e-05
38948: 2.56746e-05
38949: 2.56739e-05
38950: 2.56733e-05
38951: 2.56726e-05
38952: 2.5672e-05
38953: 2.56713e-05
38954: 2.56706e-05
38955: 2.567e-05
38956: 2.56693e-05
38957: 2.56687e-05
38958: 2.5668e-05
38959: 2.56674e-05
38960: 2.56667e-05
38961: 2.5666e-05
38962: 2.56654e-05
38963: 2.56647e-05
38964: 2.56641e-05
38965: 2.56634e-05
38966: 2.56627e-05
38967: 2.56621e-05
38968: 2.56614e-05
38969: 2.56608e-05
38970: 2.56601e-05
38971: 2.56594e-05
38972: 2.56588e-05
38973: 2.56581e-05
38974: 2.56575e-05
38975: 2.56568e-05
38976: 2.56562e-05
38977: 2.56555e-05
38978: 2.56548e-05
38979: 2.56542e-05
38980: 2.56535e-05
38981: 2.56529e-05
38982: 2.56522e-05
38983: 2.56515e-05
38984: 2.56509e-05
38985: 2.56502e-05
38986: 2.56496e-05
38987: 2.56489e-05
38988: 2.56483e-05
38989: 2.56476e-05
38990: 2.56469e-05
38991: 2.56463e-05
38992: 2.56456e-05
38993: 2.5645e-05
38994: 2.56443e-05
38995: 2.56437e-05
38996: 2.5643e-05
38997: 2.56423e-05
38998: 2.56417e-05
38999: 2.5641e-05
39000: 2.56404e-05
39001: 2.56397e-05
39002: 2.56391e-05
39003: 2.56384e-05
39004: 2.56377e-05
39005: 2.56371e-05
39006: 2.56364e-05
39007: 2.56358e-05
39008: 2.56351e-05
39009: 2.56345e-05
39010: 2.56338e-05
39011: 2.56331e-05
39012: 2.56325e-05
39013: 2.56318e-05
39014: 2.56312e-05
39015: 2.56305e-05
39016: 2.56299e-05
39017: 2.56292e-05
39018: 2.56285e-05
39019: 2.56279e-05
39020: 2.56272e-05
39021: 2.56266e-05
39022: 2.56259e-05
39023: 2.56253e-05
39024: 2.56246e-05
39025: 2.56239e-05
39026: 2.56233e-05
39027: 2.56226e-05
39028: 2.5622e-05
39029: 2.56213e-05
39030: 2.56207e-05
39031: 2.562e-05
39032: 2.56193e-05
39033: 2.56187e-05
39034: 2.5618e-05
39035: 2.56174e-05
39036: 2.56167e-05
39037: 2.56161e-05
39038: 2.56154e-05
39039: 2.56148e-05
39040: 2.56141e-05
39041: 2.56134e-05
39042: 2.56128e-05
39043: 2.56121e-05
39044: 2.56115e-05
39045: 2.56108e-05
39046: 2.56102e-05
39047: 2.56095e-05
39048: 2.56089e-05
39049: 2.56082e-05
39050: 2.56075e-05
39051: 2.56069e-05
39052: 2.56062e-05
39053: 2.56056e-05
39054: 2.56049e-05
39055: 2.56043e-05
39056: 2.56036e-05
39057: 2.56029e-05
39058: 2.56023e-05
39059: 2.56016e-05
39060: 2.5601e-05
39061: 2.56003e-05
39062: 2.55997e-05
39063: 2.5599e-05
39064: 2.55984e-05
39065: 2.55977e-05
39066: 2.55971e-05
39067: 2.55964e-05
39068: 2.55957e-05
39069: 2.55951e-05
39070: 2.55944e-05
39071: 2.55938e-05
39072: 2.55931e-05
39073: 2.55925e-05
39074: 2.55918e-05
39075: 2.55912e-05
39076: 2.55905e-05
39077: 2.55898e-05
39078: 2.55892e-05
39079: 2.55885e-05
39080: 2.55879e-05
39081: 2.55872e-05
39082: 2.55866e-05
39083: 2.55859e-05
39084: 2.55853e-05
39085: 2.55846e-05
39086: 2.5584e-05
39087: 2.55833e-05
39088: 2.55826e-05
39089: 2.5582e-05
39090: 2.55813e-05
39091: 2.55807e-05
39092: 2.558e-05
39093: 2.55794e-05
39094: 2.55787e-05
39095: 2.55781e-05
39096: 2.55774e-05
39097: 2.55768e-05
39098: 2.55761e-05
39099: 2.55754e-05
39100: 2.55748e-05
39101: 2.55741e-05
39102: 2.55735e-05
39103: 2.55728e-05
39104: 2.55722e-05
39105: 2.55715e-05
39106: 2.55709e-05
39107: 2.55702e-05
39108: 2.55696e-05
39109: 2.55689e-05
39110: 2.55683e-05
39111: 2.55676e-05
39112: 2.55669e-05
39113: 2.55663e-05
39114: 2.55656e-05
39115: 2.5565e-05
39116: 2.55643e-05
39117: 2.55637e-05
39118: 2.5563e-05
39119: 2.55624e-05
39120: 2.55617e-05
39121: 2.55611e-05
39122: 2.55604e-05
39123: 2.55598e-05
39124: 2.55591e-05
39125: 2.55585e-05
39126: 2.55578e-05
39127: 2.55571e-05
39128: 2.55565e-05
39129: 2.55558e-05
39130: 2.55552e-05
39131: 2.55545e-05
39132: 2.55539e-05
39133: 2.55532e-05
39134: 2.55526e-05
39135: 2.55519e-05
39136: 2.55513e-05
39137: 2.55506e-05
39138: 2.555e-05
39139: 2.55493e-05
39140: 2.55487e-05
39141: 2.5548e-05
39142: 2.55474e-05
39143: 2.55467e-05
39144: 2.5546e-05
39145: 2.55454e-05
39146: 2.55447e-05
39147: 2.55441e-05
39148: 2.55434e-05
39149: 2.55428e-05
39150: 2.55421e-05
39151: 2.55415e-05
39152: 2.55408e-05
39153: 2.55402e-05
39154: 2.55395e-05
39155: 2.55389e-05
39156: 2.55382e-05
39157: 2.55376e-05
39158: 2.55369e-05
39159: 2.55363e-05
39160: 2.55356e-05
39161: 2.5535e-05
39162: 2.55343e-05
39163: 2.55337e-05
39164: 2.5533e-05
39165: 2.55323e-05
39166: 2.55317e-05
39167: 2.5531e-05
39168: 2.55304e-05
39169: 2.55297e-05
39170: 2.55291e-05
39171: 2.55284e-05
39172: 2.55278e-05
39173: 2.55271e-05
39174: 2.55265e-05
39175: 2.55258e-05
39176: 2.55252e-05
39177: 2.55245e-05
39178: 2.55239e-05
39179: 2.55232e-05
39180: 2.55226e-05
39181: 2.55219e-05
39182: 2.55213e-05
39183: 2.55206e-05
39184: 2.552e-05
39185: 2.55193e-05
39186: 2.55187e-05
39187: 2.5518e-05
39188: 2.55174e-05
39189: 2.55167e-05
39190: 2.55161e-05
39191: 2.55154e-05
39192: 2.55148e-05
39193: 2.55141e-05
39194: 2.55135e-05
39195: 2.55128e-05
39196: 2.55122e-05
39197: 2.55115e-05
39198: 2.55109e-05
39199: 2.55102e-05
39200: 2.55096e-05
39201: 2.55089e-05
39202: 2.55083e-05
39203: 2.55076e-05
39204: 2.5507e-05
39205: 2.55063e-05
39206: 2.55056e-05
39207: 2.5505e-05
39208: 2.55043e-05
39209: 2.55037e-05
39210: 2.5503e-05
39211: 2.55024e-05
39212: 2.55017e-05
39213: 2.55011e-05
39214: 2.55004e-05
39215: 2.54998e-05
39216: 2.54991e-05
39217: 2.54985e-05
39218: 2.54978e-05
39219: 2.54972e-05
39220: 2.54965e-05
39221: 2.54959e-05
39222: 2.54952e-05
39223: 2.54946e-05
39224: 2.54939e-05
39225: 2.54933e-05
39226: 2.54926e-05
39227: 2.5492e-05
39228: 2.54913e-05
39229: 2.54907e-05
39230: 2.549e-05
39231: 2.54894e-05
39232: 2.54887e-05
39233: 2.54881e-05
39234: 2.54874e-05
39235: 2.54868e-05
39236: 2.54861e-05
39237: 2.54855e-05
39238: 2.54848e-05
39239: 2.54842e-05
39240: 2.54836e-05
39241: 2.54829e-05
39242: 2.54823e-05
39243: 2.54816e-05
39244: 2.5481e-05
39245: 2.54803e-05
39246: 2.54797e-05
39247: 2.5479e-05
39248: 2.54784e-05
39249: 2.54777e-05
39250: 2.54771e-05
39251: 2.54764e-05
39252: 2.54758e-05
39253: 2.54751e-05
39254: 2.54745e-05
39255: 2.54738e-05
39256: 2.54732e-05
39257: 2.54725e-05
39258: 2.54719e-05
39259: 2.54712e-05
39260: 2.54706e-05
39261: 2.54699e-05
39262: 2.54693e-05
39263: 2.54686e-05
39264: 2.5468e-05
39265: 2.54673e-05
39266: 2.54667e-05
39267: 2.5466e-05
39268: 2.54654e-05
39269: 2.54647e-05
39270: 2.54641e-05
39271: 2.54634e-05
39272: 2.54628e-05
39273: 2.54621e-05
39274: 2.54615e-05
39275: 2.54608e-05
39276: 2.54602e-05
39277: 2.54595e-05
39278: 2.54589e-05
39279: 2.54582e-05
39280: 2.54576e-05
39281: 2.5457e-05
39282: 2.54563e-05
39283: 2.54557e-05
39284: 2.5455e-05
39285: 2.54544e-05
39286: 2.54537e-05
39287: 2.54531e-05
39288: 2.54524e-05
39289: 2.54518e-05
39290: 2.54511e-05
39291: 2.54505e-05
39292: 2.54498e-05
39293: 2.54492e-05
39294: 2.54485e-05
39295: 2.54479e-05
39296: 2.54472e-05
39297: 2.54466e-05
39298: 2.54459e-05
39299: 2.54453e-05
39300: 2.54446e-05
39301: 2.5444e-05
39302: 2.54434e-05
39303: 2.54427e-05
39304: 2.54421e-05
39305: 2.54414e-05
39306: 2.54408e-05
39307: 2.54401e-05
39308: 2.54395e-05
39309: 2.54388e-05
39310: 2.54382e-05
39311: 2.54375e-05
39312: 2.54369e-05
39313: 2.54362e-05
39314: 2.54356e-05
39315: 2.54349e-05
39316: 2.54343e-05
39317: 2.54336e-05
39318: 2.5433e-05
39319: 2.54323e-05
39320: 2.54317e-05
39321: 2.54311e-05
39322: 2.54304e-05
39323: 2.54298e-05
39324: 2.54291e-05
39325: 2.54285e-05
39326: 2.54278e-05
39327: 2.54272e-05
39328: 2.54265e-05
39329: 2.54259e-05
39330: 2.54252e-05
39331: 2.54246e-05
39332: 2.54239e-05
39333: 2.54233e-05
39334: 2.54227e-05
39335: 2.5422e-05
39336: 2.54214e-05
39337: 2.54207e-05
39338: 2.54201e-05
39339: 2.54194e-05
39340: 2.54188e-05
39341: 2.54181e-05
39342: 2.54175e-05
39343: 2.54168e-05
39344: 2.54162e-05
39345: 2.54155e-05
39346: 2.54149e-05
39347: 2.54143e-05
39348: 2.54136e-05
39349: 2.5413e-05
39350: 2.54123e-05
39351: 2.54117e-05
39352: 2.5411e-05
39353: 2.54104e-05
39354: 2.54097e-05
39355: 2.54091e-05
39356: 2.54084e-05
39357: 2.54078e-05
39358: 2.54071e-05
39359: 2.54065e-05
39360: 2.54059e-05
39361: 2.54052e-05
39362: 2.54046e-05
39363: 2.54039e-05
39364: 2.54033e-05
39365: 2.54026e-05
39366: 2.5402e-05
39367: 2.54013e-05
39368: 2.54007e-05
39369: 2.54001e-05
39370: 2.53994e-05
39371: 2.53988e-05
39372: 2.53981e-05
39373: 2.53975e-05
39374: 2.53968e-05
39375: 2.53962e-05
39376: 2.53955e-05
39377: 2.53949e-05
39378: 2.53942e-05
39379: 2.53936e-05
39380: 2.5393e-05
39381: 2.53923e-05
39382: 2.53917e-05
39383: 2.5391e-05
39384: 2.53904e-05
39385: 2.53897e-05
39386: 2.53891e-05
39387: 2.53884e-05
39388: 2.53878e-05
39389: 2.53872e-05
39390: 2.53865e-05
39391: 2.53859e-05
39392: 2.53852e-05
39393: 2.53846e-05
39394: 2.53839e-05
39395: 2.53833e-05
39396: 2.53826e-05
39397: 2.5382e-05
39398: 2.53814e-05
39399: 2.53807e-05
39400: 2.53801e-05
39401: 2.53794e-05
39402: 2.53788e-05
39403: 2.53781e-05
39404: 2.53775e-05
39405: 2.53768e-05
39406: 2.53762e-05
39407: 2.53756e-05
39408: 2.53749e-05
39409: 2.53743e-05
39410: 2.53736e-05
39411: 2.5373e-05
39412: 2.53723e-05
39413: 2.53717e-05
39414: 2.53711e-05
39415: 2.53704e-05
39416: 2.53698e-05
39417: 2.53691e-05
39418: 2.53685e-05
39419: 2.53678e-05
39420: 2.53672e-05
39421: 2.53665e-05
39422: 2.53659e-05
39423: 2.53653e-05
39424: 2.53646e-05
39425: 2.5364e-05
39426: 2.53633e-05
39427: 2.53627e-05
39428: 2.5362e-05
39429: 2.53614e-05
39430: 2.53608e-05
39431: 2.53601e-05
39432: 2.53595e-05
39433: 2.53588e-05
39434: 2.53582e-05
39435: 2.53575e-05
39436: 2.53569e-05
39437: 2.53563e-05
39438: 2.53556e-05
39439: 2.5355e-05
39440: 2.53543e-05
39441: 2.53537e-05
39442: 2.5353e-05
39443: 2.53524e-05
39444: 2.53518e-05
39445: 2.53511e-05
39446: 2.53505e-05
39447: 2.53498e-05
39448: 2.53492e-05
39449: 2.53485e-05
39450: 2.53479e-05
39451: 2.53473e-05
39452: 2.53466e-05
39453: 2.5346e-05
39454: 2.53453e-05
39455: 2.53447e-05
39456: 2.5344e-05
39457: 2.53434e-05
39458: 2.53428e-05
39459: 2.53421e-05
39460: 2.53415e-05
39461: 2.53408e-05
39462: 2.53402e-05
39463: 2.53395e-05
39464: 2.53389e-05
39465: 2.53383e-05
39466: 2.53376e-05
39467: 2.5337e-05
39468: 2.53363e-05
39469: 2.53357e-05
39470: 2.53351e-05
39471: 2.53344e-05
39472: 2.53338e-05
39473: 2.53331e-05
39474: 2.53325e-05
39475: 2.53318e-05
39476: 2.53312e-05
39477: 2.53306e-05
39478: 2.53299e-05
39479: 2.53293e-05
39480: 2.53286e-05
39481: 2.5328e-05
39482: 2.53274e-05
39483: 2.53267e-05
39484: 2.53261e-05
39485: 2.53254e-05
39486: 2.53248e-05
39487: 2.53241e-05
39488: 2.53235e-05
39489: 2.53229e-05
39490: 2.53222e-05
39491: 2.53216e-05
39492: 2.53209e-05
39493: 2.53203e-05
39494: 2.53197e-05
39495: 2.5319e-05
39496: 2.53184e-05
39497: 2.53177e-05
39498: 2.53171e-05
39499: 2.53165e-05
39500: 2.53158e-05
39501: 2.53152e-05
39502: 2.53145e-05
39503: 2.53139e-05
39504: 2.53133e-05
39505: 2.53126e-05
39506: 2.5312e-05
39507: 2.53113e-05
39508: 2.53107e-05
39509: 2.531e-05
39510: 2.53094e-05
39511: 2.53088e-05
39512: 2.53081e-05
39513: 2.53075e-05
39514: 2.53068e-05
39515: 2.53062e-05
39516: 2.53056e-05
39517: 2.53049e-05
39518: 2.53043e-05
39519: 2.53036e-05
39520: 2.5303e-05
39521: 2.53024e-05
39522: 2.53017e-05
39523: 2.53011e-05
39524: 2.53004e-05
39525: 2.52998e-05
39526: 2.52992e-05
39527: 2.52985e-05
39528: 2.52979e-05
39529: 2.52972e-05
39530: 2.52966e-05
39531: 2.5296e-05
39532: 2.52953e-05
39533: 2.52947e-05
39534: 2.5294e-05
39535: 2.52934e-05
39536: 2.52928e-05
39537: 2.52921e-05
39538: 2.52915e-05
39539: 2.52908e-05
39540: 2.52902e-05
39541: 2.52896e-05
39542: 2.52889e-05
39543: 2.52883e-05
39544: 2.52876e-05
39545: 2.5287e-05
39546: 2.52864e-05
39547: 2.52857e-05
39548: 2.52851e-05
39549: 2.52845e-05
39550: 2.52838e-05
39551: 2.52832e-05
39552: 2.52825e-05
39553: 2.52819e-05
39554: 2.52813e-05
39555: 2.52806e-05
39556: 2.528e-05
39557: 2.52793e-05
39558: 2.52787e-05
39559: 2.52781e-05
39560: 2.52774e-05
39561: 2.52768e-05
39562: 2.52761e-05
39563: 2.52755e-05
39564: 2.52749e-05
39565: 2.52742e-05
39566: 2.52736e-05
39567: 2.52729e-05
39568: 2.52723e-05
39569: 2.52717e-05
39570: 2.5271e-05
39571: 2.52704e-05
39572: 2.52698e-05
39573: 2.52691e-05
39574: 2.52685e-05
39575: 2.52678e-05
39576: 2.52672e-05
39577: 2.52666e-05
39578: 2.52659e-05
39579: 2.52653e-05
39580: 2.52646e-05
39581: 2.5264e-05
39582: 2.52634e-05
39583: 2.52627e-05
39584: 2.52621e-05
39585: 2.52615e-05
39586: 2.52608e-05
39587: 2.52602e-05
39588: 2.52595e-05
39589: 2.52589e-05
39590: 2.52583e-05
39591: 2.52576e-05
39592: 2.5257e-05
39593: 2.52564e-05
39594: 2.52557e-05
39595: 2.52551e-05
39596: 2.52544e-05
39597: 2.52538e-05
39598: 2.52532e-05
39599: 2.52525e-05
39600: 2.52519e-05
39601: 2.52512e-05
39602: 2.52506e-05
39603: 2.525e-05
39604: 2.52493e-05
39605: 2.52487e-05
39606: 2.52481e-05
39607: 2.52474e-05
39608: 2.52468e-05
39609: 2.52461e-05
39610: 2.52455e-05
39611: 2.52449e-05
39612: 2.52442e-05
39613: 2.52436e-05
39614: 2.5243e-05
39615: 2.52423e-05
39616: 2.52417e-05
39617: 2.52411e-05
39618: 2.52404e-05
39619: 2.52398e-05
39620: 2.52391e-05
39621: 2.52385e-05
39622: 2.52379e-05
39623: 2.52372e-05
39624: 2.52366e-05
39625: 2.5236e-05
39626: 2.52353e-05
39627: 2.52347e-05
39628: 2.5234e-05
39629: 2.52334e-05
39630: 2.52328e-05
39631: 2.52321e-05
39632: 2.52315e-05
39633: 2.52309e-05
39634: 2.52302e-05
39635: 2.52296e-05
39636: 2.5229e-05
39637: 2.52283e-05
39638: 2.52277e-05
39639: 2.5227e-05
39640: 2.52264e-05
39641: 2.52258e-05
39642: 2.52251e-05
39643: 2.52245e-05
39644: 2.52239e-05
39645: 2.52232e-05
39646: 2.52226e-05
39647: 2.5222e-05
39648: 2.52213e-05
39649: 2.52207e-05
39650: 2.522e-05
39651: 2.52194e-05
39652: 2.52188e-05
39653: 2.52181e-05
39654: 2.52175e-05
39655: 2.52169e-05
39656: 2.52162e-05
39657: 2.52156e-05
39658: 2.5215e-05
39659: 2.52143e-05
39660: 2.52137e-05
39661: 2.52131e-05
39662: 2.52124e-05
39663: 2.52118e-05
39664: 2.52111e-05
39665: 2.52105e-05
39666: 2.52099e-05
39667: 2.52092e-05
39668: 2.52086e-05
39669: 2.5208e-05
39670: 2.52073e-05
39671: 2.52067e-05
39672: 2.52061e-05
39673: 2.52054e-05
39674: 2.52048e-05
39675: 2.52042e-05
39676: 2.52035e-05
39677: 2.52029e-05
39678: 2.52022e-05
39679: 2.52016e-05
39680: 2.5201e-05
39681: 2.52003e-05
39682: 2.51997e-05
39683: 2.51991e-05
39684: 2.51984e-05
39685: 2.51978e-05
39686: 2.51972e-05
39687: 2.51965e-05
39688: 2.51959e-05
39689: 2.51953e-05
39690: 2.51946e-05
39691: 2.5194e-05
39692: 2.51934e-05
39693: 2.51927e-05
39694: 2.51921e-05
39695: 2.51915e-05
39696: 2.51908e-05
39697: 2.51902e-05
39698: 2.51896e-05
39699: 2.51889e-05
39700: 2.51883e-05
39701: 2.51876e-05
39702: 2.5187e-05
39703: 2.51864e-05
39704: 2.51857e-05
39705: 2.51851e-05
39706: 2.51845e-05
39707: 2.51838e-05
39708: 2.51832e-05
39709: 2.51826e-05
39710: 2.51819e-05
39711: 2.51813e-05
39712: 2.51807e-05
39713: 2.518e-05
39714: 2.51794e-05
39715: 2.51788e-05
39716: 2.51781e-05
39717: 2.51775e-05
39718: 2.51769e-05
39719: 2.51762e-05
39720: 2.51756e-05
39721: 2.5175e-05
39722: 2.51743e-05
39723: 2.51737e-05
39724: 2.51731e-05
39725: 2.51724e-05
39726: 2.51718e-05
39727: 2.51712e-05
39728: 2.51705e-05
39729: 2.51699e-05
39730: 2.51693e-05
39731: 2.51686e-05
39732: 2.5168e-05
39733: 2.51674e-05
39734: 2.51667e-05
39735: 2.51661e-05
39736: 2.51655e-05
39737: 2.51648e-05
39738: 2.51642e-05
39739: 2.51636e-05
39740: 2.51629e-05
39741: 2.51623e-05
39742: 2.51617e-05
39743: 2.5161e-05
39744: 2.51604e-05
39745: 2.51598e-05
39746: 2.51591e-05
39747: 2.51585e-05
39748: 2.51579e-05
39749: 2.51572e-05
39750: 2.51566e-05
39751: 2.5156e-05
39752: 2.51553e-05
39753: 2.51547e-05
39754: 2.51541e-05
39755: 2.51534e-05
39756: 2.51528e-05
39757: 2.51522e-05
39758: 2.51515e-05
39759: 2.51509e-05
39760: 2.51503e-05
39761: 2.51496e-05
39762: 2.5149e-05
39763: 2.51484e-05
39764: 2.51477e-05
39765: 2.51471e-05
39766: 2.51465e-05
39767: 2.51458e-05
39768: 2.51452e-05
39769: 2.51446e-05
39770: 2.51439e-05
39771: 2.51433e-05
39772: 2.51427e-05
39773: 2.51421e-05
39774: 2.51414e-05
39775: 2.51408e-05
39776: 2.51402e-05
39777: 2.51395e-05
39778: 2.51389e-05
39779: 2.51383e-05
39780: 2.51376e-05
39781: 2.5137e-05
39782: 2.51364e-05
39783: 2.51357e-05
39784: 2.51351e-05
39785: 2.51345e-05
39786: 2.51338e-05
39787: 2.51332e-05
39788: 2.51326e-05
39789: 2.51319e-05
39790: 2.51313e-05
39791: 2.51307e-05
39792: 2.513e-05
39793: 2.51294e-05
39794: 2.51288e-05
39795: 2.51282e-05
39796: 2.51275e-05
39797: 2.51269e-05
39798: 2.51263e-05
39799: 2.51256e-05
39800: 2.5125e-05
39801: 2.51244e-05
39802: 2.51237e-05
39803: 2.51231e-05
39804: 2.51225e-05
39805: 2.51218e-05
39806: 2.51212e-05
39807: 2.51206e-05
39808: 2.51199e-05
39809: 2.51193e-05
39810: 2.51187e-05
39811: 2.51181e-05
39812: 2.51174e-05
39813: 2.51168e-05
39814: 2.51162e-05
39815: 2.51155e-05
39816: 2.51149e-05
39817: 2.51143e-05
39818: 2.51136e-05
39819: 2.5113e-05
39820: 2.51124e-05
39821: 2.51117e-05
39822: 2.51111e-05
39823: 2.51105e-05
39824: 2.51099e-05
39825: 2.51092e-05
39826: 2.51086e-05
39827: 2.5108e-05
39828: 2.51073e-05
39829: 2.51067e-05
39830: 2.51061e-05
39831: 2.51054e-05
39832: 2.51048e-05
39833: 2.51042e-05
39834: 2.51036e-05
39835: 2.51029e-05
39836: 2.51023e-05
39837: 2.51017e-05
39838: 2.5101e-05
39839: 2.51004e-05
39840: 2.50998e-05
39841: 2.50991e-05
39842: 2.50985e-05
39843: 2.50979e-05
39844: 2.50973e-05
39845: 2.50966e-05
39846: 2.5096e-05
39847: 2.50954e-05
39848: 2.50947e-05
39849: 2.50941e-05
39850: 2.50935e-05
39851: 2.50928e-05
39852: 2.50922e-05
39853: 2.50916e-05
39854: 2.5091e-05
39855: 2.50903e-05
39856: 2.50897e-05
39857: 2.50891e-05
39858: 2.50884e-05
39859: 2.50878e-05
39860: 2.50872e-05
39861: 2.50865e-05
39862: 2.50859e-05
39863: 2.50853e-05
39864: 2.50847e-05
39865: 2.5084e-05
39866: 2.50834e-05
39867: 2.50828e-05
39868: 2.50821e-05
39869: 2.50815e-05
39870: 2.50809e-05
39871: 2.50803e-05
39872: 2.50796e-05
39873: 2.5079e-05
39874: 2.50784e-05
39875: 2.50777e-05
39876: 2.50771e-05
39877: 2.50765e-05
39878: 2.50759e-05
39879: 2.50752e-05
39880: 2.50746e-05
39881: 2.5074e-05
39882: 2.50733e-05
39883: 2.50727e-05
39884: 2.50721e-05
39885: 2.50715e-05
39886: 2.50708e-05
39887: 2.50702e-05
39888: 2.50696e-05
39889: 2.50689e-05
39890: 2.50683e-05
39891: 2.50677e-05
39892: 2.50671e-05
39893: 2.50664e-05
39894: 2.50658e-05
39895: 2.50652e-05
39896: 2.50645e-05
39897: 2.50639e-05
39898: 2.50633e-05
39899: 2.50627e-05
39900: 2.5062e-05
39901: 2.50614e-05
39902: 2.50608e-05
39903: 2.50601e-05
39904: 2.50595e-05
39905: 2.50589e-05
39906: 2.50583e-05
39907: 2.50576e-05
39908: 2.5057e-05
39909: 2.50564e-05
39910: 2.50557e-05
39911: 2.50551e-05
39912: 2.50545e-05
39913: 2.50539e-05
39914: 2.50532e-05
39915: 2.50526e-05
39916: 2.5052e-05
39917: 2.50514e-05
39918: 2.50507e-05
39919: 2.50501e-05
39920: 2.50495e-05
39921: 2.50488e-05
39922: 2.50482e-05
39923: 2.50476e-05
39924: 2.5047e-05
39925: 2.50463e-05
39926: 2.50457e-05
39927: 2.50451e-05
39928: 2.50445e-05
39929: 2.50438e-05
39930: 2.50432e-05
39931: 2.50426e-05
39932: 2.50419e-05
39933: 2.50413e-05
39934: 2.50407e-05
39935: 2.50401e-05
39936: 2.50394e-05
39937: 2.50388e-05
39938: 2.50382e-05
39939: 2.50376e-05
39940: 2.50369e-05
39941: 2.50363e-05
39942: 2.50357e-05
39943: 2.5035e-05
39944: 2.50344e-05
39945: 2.50338e-05
39946: 2.50332e-05
39947: 2.50325e-05
39948: 2.50319e-05
39949: 2.50313e-05
39950: 2.50307e-05
39951: 2.503e-05
39952: 2.50294e-05
39953: 2.50288e-05
39954: 2.50282e-05
39955: 2.50275e-05
39956: 2.50269e-05
39957: 2.50263e-05
39958: 2.50257e-05
39959: 2.5025e-05
39960: 2.50244e-05
39961: 2.50238e-05
39962: 2.50231e-05
39963: 2.50225e-05
39964: 2.50219e-05
39965: 2.50213e-05
39966: 2.50206e-05
39967: 2.502e-05
39968: 2.50194e-05
39969: 2.50188e-05
39970: 2.50181e-05
39971: 2.50175e-05
39972: 2.50169e-05
39973: 2.50163e-05
39974: 2.50156e-05
39975: 2.5015e-05
39976: 2.50144e-05
39977: 2.50138e-05
39978: 2.50131e-05
39979: 2.50125e-05
39980: 2.50119e-05
39981: 2.50113e-05
39982: 2.50106e-05
39983: 2.501e-05
39984: 2.50094e-05
39985: 2.50088e-05
39986: 2.50081e-05
39987: 2.50075e-05
39988: 2.50069e-05
39989: 2.50063e-05
39990: 2.50056e-05
39991: 2.5005e-05
39992: 2.50044e-05
39993: 2.50038e-05
39994: 2.50031e-05
39995: 2.50025e-05
39996: 2.50019e-05
39997: 2.50013e-05
39998: 2.50006e-05
39999: 2.5e-05
40000: 2.49994e-05
40001: 2.49988e-05
40002: 2.49981e-05
40003: 2.49975e-05
40004: 2.49969e-05
40005: 2.49963e-05
40006: 2.49956e-05
40007: 2.4995e-05
40008: 2.49944e-05
40009: 2.49938e-05
40010: 2.49931e-05
40011: 2.49925e-05
40012: 2.49919e-05
40013: 2.49913e-05
40014: 2.49906e-05
40015: 2.499e-05
40016: 2.49894e-05
40017: 2.49888e-05
40018: 2.49881e-05
40019: 2.49875e-05
40020: 2.49869e-05
40021: 2.49863e-05
40022: 2.49856e-05
40023: 2.4985e-05
40024: 2.49844e-05
40025: 2.49838e-05
40026: 2.49831e-05
40027: 2.49825e-05
40028: 2.49819e-05
40029: 2.49813e-05
40030: 2.49806e-05
40031: 2.498e-05
40032: 2.49794e-05
40033: 2.49788e-05
40034: 2.49781e-05
40035: 2.49775e-05
40036: 2.49769e-05
40037: 2.49763e-05
40038: 2.49756e-05
40039: 2.4975e-05
40040: 2.49744e-05
40041: 2.49738e-05
40042: 2.49732e-05
40043: 2.49725e-05
40044: 2.49719e-05
40045: 2.49713e-05
40046: 2.49707e-05
40047: 2.497e-05
40048: 2.49694e-05
40049: 2.49688e-05
40050: 2.49682e-05
40051: 2.49675e-05
40052: 2.49669e-05
40053: 2.49663e-05
40054: 2.49657e-05
40055: 2.4965e-05
40056: 2.49644e-05
40057: 2.49638e-05
40058: 2.49632e-05
40059: 2.49626e-05
40060: 2.49619e-05
40061: 2.49613e-05
40062: 2.49607e-05
40063: 2.49601e-05
40064: 2.49594e-05
40065: 2.49588e-05
40066: 2.49582e-05
40067: 2.49576e-05
40068: 2.49569e-05
40069: 2.49563e-05
40070: 2.49557e-05
40071: 2.49551e-05
40072: 2.49545e-05
40073: 2.49538e-05
40074: 2.49532e-05
40075: 2.49526e-05
40076: 2.4952e-05
40077: 2.49513e-05
40078: 2.49507e-05
40079: 2.49501e-05
40080: 2.49495e-05
40081: 2.49489e-05
40082: 2.49482e-05
40083: 2.49476e-05
40084: 2.4947e-05
40085: 2.49464e-05
40086: 2.49457e-05
40087: 2.49451e-05
40088: 2.49445e-05
40089: 2.49439e-05
40090: 2.49433e-05
40091: 2.49426e-05
40092: 2.4942e-05
40093: 2.49414e-05
40094: 2.49408e-05
40095: 2.49401e-05
40096: 2.49395e-05
40097: 2.49389e-05
40098: 2.49383e-05
40099: 2.49377e-05
40100: 2.4937e-05
40101: 2.49364e-05
40102: 2.49358e-05
40103: 2.49352e-05
40104: 2.49345e-05
40105: 2.49339e-05
40106: 2.49333e-05
40107: 2.49327e-05
40108: 2.49321e-05
40109: 2.49314e-05
40110: 2.49308e-05
40111: 2.49302e-05
40112: 2.49296e-05
40113: 2.4929e-05
40114: 2.49283e-05
40115: 2.49277e-05
40116: 2.49271e-05
40117: 2.49265e-05
40118: 2.49258e-05
40119: 2.49252e-05
40120: 2.49246e-05
40121: 2.4924e-05
40122: 2.49234e-05
40123: 2.49227e-05
40124: 2.49221e-05
40125: 2.49215e-05
40126: 2.49209e-05
40127: 2.49203e-05
40128: 2.49196e-05
40129: 2.4919e-05
40130: 2.49184e-05
40131: 2.49178e-05
40132: 2.49172e-05
40133: 2.49165e-05
40134: 2.49159e-05
40135: 2.49153e-05
40136: 2.49147e-05
40137: 2.4914e-05
40138: 2.49134e-05
40139: 2.49128e-05
40140: 2.49122e-05
40141: 2.49116e-05
40142: 2.49109e-05
40143: 2.49103e-05
40144: 2.49097e-05
40145: 2.49091e-05
40146: 2.49085e-05
40147: 2.49078e-05
40148: 2.49072e-05
40149: 2.49066e-05
40150: 2.4906e-05
40151: 2.49054e-05
40152: 2.49047e-05
40153: 2.49041e-05
40154: 2.49035e-05
40155: 2.49029e-05
40156: 2.49023e-05
40157: 2.49016e-05
40158: 2.4901e-05
40159: 2.49004e-05
40160: 2.48998e-05
40161: 2.48992e-05
40162: 2.48985e-05
40163: 2.48979e-05
40164: 2.48973e-05
40165: 2.48967e-05
40166: 2.48961e-05
40167: 2.48954e-05
40168: 2.48948e-05
40169: 2.48942e-05
40170: 2.48936e-05
40171: 2.4893e-05
40172: 2.48923e-05
40173: 2.48917e-05
40174: 2.48911e-05
40175: 2.48905e-05
40176: 2.48899e-05
40177: 2.48892e-05
40178: 2.48886e-05
40179: 2.4888e-05
40180: 2.48874e-05
40181: 2.48868e-05
40182: 2.48861e-05
40183: 2.48855e-05
40184: 2.48849e-05
40185: 2.48843e-05
40186: 2.48837e-05
40187: 2.4883e-05
40188: 2.48824e-05
40189: 2.48818e-05
40190: 2.48812e-05
40191: 2.48806e-05
40192: 2.488e-05
40193: 2.48793e-05
40194: 2.48787e-05
40195: 2.48781e-05
40196: 2.48775e-05
40197: 2.48769e-05
40198: 2.48762e-05
40199: 2.48756e-05
40200: 2.4875e-05
40201: 2.48744e-05
40202: 2.48738e-05
40203: 2.48731e-05
40204: 2.48725e-05
40205: 2.48719e-05
40206: 2.48713e-05
40207: 2.48707e-05
40208: 2.48701e-05
40209: 2.48694e-05
40210: 2.48688e-05
40211: 2.48682e-05
40212: 2.48676e-05
40213: 2.4867e-05
40214: 2.48663e-05
40215: 2.48657e-05
40216: 2.48651e-05
40217: 2.48645e-05
40218: 2.48639e-05
40219: 2.48633e-05
40220: 2.48626e-05
40221: 2.4862e-05
40222: 2.48614e-05
40223: 2.48608e-05
40224: 2.48602e-05
40225: 2.48595e-05
40226: 2.48589e-05
40227: 2.48583e-05
40228: 2.48577e-05
40229: 2.48571e-05
40230: 2.48565e-05
40231: 2.48558e-05
40232: 2.48552e-05
40233: 2.48546e-05
40234: 2.4854e-05
40235: 2.48534e-05
40236: 2.48527e-05
40237: 2.48521e-05
40238: 2.48515e-05
40239: 2.48509e-05
40240: 2.48503e-05
40241: 2.48497e-05
40242: 2.4849e-05
40243: 2.48484e-05
40244: 2.48478e-05
40245: 2.48472e-05
40246: 2.48466e-05
40247: 2.4846e-05
40248: 2.48453e-05
40249: 2.48447e-05
40250: 2.48441e-05
40251: 2.48435e-05
40252: 2.48429e-05
40253: 2.48423e-05
40254: 2.48416e-05
40255: 2.4841e-05
40256: 2.48404e-05
40257: 2.48398e-05
40258: 2.48392e-05
40259: 2.48385e-05
40260: 2.48379e-05
40261: 2.48373e-05
40262: 2.48367e-05
40263: 2.48361e-05
40264: 2.48355e-05
40265: 2.48348e-05
40266: 2.48342e-05
40267: 2.48336e-05
40268: 2.4833e-05
40269: 2.48324e-05
40270: 2.48318e-05
40271: 2.48311e-05
40272: 2.48305e-05
40273: 2.48299e-05
40274: 2.48293e-05
40275: 2.48287e-05
40276: 2.48281e-05
40277: 2.48274e-05
40278: 2.48268e-05
40279: 2.48262e-05
40280: 2.48256e-05
40281: 2.4825e-05
40282: 2.48244e-05
40283: 2.48238e-05
40284: 2.48231e-05
40285: 2.48225e-05
40286: 2.48219e-05
40287: 2.48213e-05
40288: 2.48207e-05
40289: 2.48201e-05
40290: 2.48194e-05
40291: 2.48188e-05
40292: 2.48182e-05
40293: 2.48176e-05
40294: 2.4817e-05
40295: 2.48164e-05
40296: 2.48157e-05
40297: 2.48151e-05
40298: 2.48145e-05
40299: 2.48139e-05
40300: 2.48133e-05
40301: 2.48127e-05
40302: 2.4812e-05
40303: 2.48114e-05
40304: 2.48108e-05
40305: 2.48102e-05
40306: 2.48096e-05
40307: 2.4809e-05
40308: 2.48084e-05
40309: 2.48077e-05
40310: 2.48071e-05
40311: 2.48065e-05
40312: 2.48059e-05
40313: 2.48053e-05
40314: 2.48047e-05
40315: 2.4804e-05
40316: 2.48034e-05
40317: 2.48028e-05
40318: 2.48022e-05
40319: 2.48016e-05
40320: 2.4801e-05
40321: 2.48004e-05
40322: 2.47997e-05
40323: 2.47991e-05
40324: 2.47985e-05
40325: 2.47979e-05
40326: 2.47973e-05
40327: 2.47967e-05
40328: 2.47961e-05
40329: 2.47954e-05
40330: 2.47948e-05
40331: 2.47942e-05
40332: 2.47936e-05
40333: 2.4793e-05
40334: 2.47924e-05
40335: 2.47917e-05
40336: 2.47911e-05
40337: 2.47905e-05
40338: 2.47899e-05
40339: 2.47893e-05
40340: 2.47887e-05
40341: 2.47881e-05
40342: 2.47874e-05
40343: 2.47868e-05
40344: 2.47862e-05
40345: 2.47856e-05
40346: 2.4785e-05
40347: 2.47844e-05
40348: 2.47838e-05
40349: 2.47831e-05
40350: 2.47825e-05
40351: 2.47819e-05
40352: 2.47813e-05
40353: 2.47807e-05
40354: 2.47801e-05
40355: 2.47795e-05
40356: 2.47788e-05
40357: 2.47782e-05
40358: 2.47776e-05
40359: 2.4777e-05
40360: 2.47764e-05
40361: 2.47758e-05
40362: 2.47752e-05
40363: 2.47746e-05
40364: 2.47739e-05
40365: 2.47733e-05
40366: 2.47727e-05
40367: 2.47721e-05
40368: 2.47715e-05
40369: 2.47709e-05
40370: 2.47703e-05
40371: 2.47696e-05
40372: 2.4769e-05
40373: 2.47684e-05
40374: 2.47678e-05
40375: 2.47672e-05
40376: 2.47666e-05
40377: 2.4766e-05
40378: 2.47653e-05
40379: 2.47647e-05
40380: 2.47641e-05
40381: 2.47635e-05
40382: 2.47629e-05
40383: 2.47623e-05
40384: 2.47617e-05
40385: 2.47611e-05
40386: 2.47604e-05
40387: 2.47598e-05
40388: 2.47592e-05
40389: 2.47586e-05
40390: 2.4758e-05
40391: 2.47574e-05
40392: 2.47568e-05
40393: 2.47562e-05
40394: 2.47555e-05
40395: 2.47549e-05
40396: 2.47543e-05
40397: 2.47537e-05
40398: 2.47531e-05
40399: 2.47525e-05
40400: 2.47519e-05
40401: 2.47512e-05
40402: 2.47506e-05
40403: 2.475e-05
40404: 2.47494e-05
40405: 2.47488e-05
40406: 2.47482e-05
40407: 2.47476e-05
40408: 2.4747e-05
40409: 2.47463e-05
40410: 2.47457e-05
40411: 2.47451e-05
40412: 2.47445e-05
40413: 2.47439e-05
40414: 2.47433e-05
40415: 2.47427e-05
40416: 2.47421e-05
40417: 2.47415e-05
40418: 2.47408e-05
40419: 2.47402e-05
40420: 2.47396e-05
40421: 2.4739e-05
40422: 2.47384e-05
40423: 2.47378e-05
40424: 2.47372e-05
40425: 2.47366e-05
40426: 2.47359e-05
40427: 2.47353e-05
40428: 2.47347e-05
40429: 2.47341e-05
40430: 2.47335e-05
40431: 2.47329e-05
40432: 2.47323e-05
40433: 2.47317e-05
40434: 2.4731e-05
40435: 2.47304e-05
40436: 2.47298e-05
40437: 2.47292e-05
40438: 2.47286e-05
40439: 2.4728e-05
40440: 2.47274e-05
40441: 2.47268e-05
40442: 2.47262e-05
40443: 2.47255e-05
40444: 2.47249e-05
40445: 2.47243e-05
40446: 2.47237e-05
40447: 2.47231e-05
40448: 2.47225e-05
40449: 2.47219e-05
40450: 2.47213e-05
40451: 2.47207e-05
40452: 2.472e-05
40453: 2.47194e-05
40454: 2.47188e-05
40455: 2.47182e-05
40456: 2.47176e-05
40457: 2.4717e-05
40458: 2.47164e-05
40459: 2.47158e-05
40460: 2.47152e-05
40461: 2.47145e-05
40462: 2.47139e-05
40463: 2.47133e-05
40464: 2.47127e-05
40465: 2.47121e-05
40466: 2.47115e-05
40467: 2.47109e-05
40468: 2.47103e-05
40469: 2.47097e-05
40470: 2.47091e-05
40471: 2.47084e-05
40472: 2.47078e-05
40473: 2.47072e-05
40474: 2.47066e-05
40475: 2.4706e-05
40476: 2.47054e-05
40477: 2.47048e-05
40478: 2.47042e-05
40479: 2.47036e-05
40480: 2.47029e-05
40481: 2.47023e-05
40482: 2.47017e-05
40483: 2.47011e-05
40484: 2.47005e-05
40485: 2.46999e-05
40486: 2.46993e-05
40487: 2.46987e-05
40488: 2.46981e-05
40489: 2.46975e-05
40490: 2.46968e-05
40491: 2.46962e-05
40492: 2.46956e-05
40493: 2.4695e-05
40494: 2.46944e-05
40495: 2.46938e-05
40496: 2.46932e-05
40497: 2.46926e-05
40498: 2.4692e-05
40499: 2.46914e-05
40500: 2.46907e-05
40501: 2.46901e-05
40502: 2.46895e-05
40503: 2.46889e-05
40504: 2.46883e-05
40505: 2.46877e-05
40506: 2.46871e-05
40507: 2.46865e-05
40508: 2.46859e-05
40509: 2.46853e-05
40510: 2.46847e-05
40511: 2.4684e-05
40512: 2.46834e-05
40513: 2.46828e-05
40514: 2.46822e-05
40515: 2.46816e-05
40516: 2.4681e-05
40517: 2.46804e-05
40518: 2.46798e-05
40519: 2.46792e-05
40520: 2.46786e-05
40521: 2.4678e-05
40522: 2.46773e-05
40523: 2.46767e-05
40524: 2.46761e-05
40525: 2.46755e-05
40526: 2.46749e-05
40527: 2.46743e-05
40528: 2.46737e-05
40529: 2.46731e-05
40530: 2.46725e-05
40531: 2.46719e-05
40532: 2.46713e-05
40533: 2.46706e-05
40534: 2.467e-05
40535: 2.46694e-05
40536: 2.46688e-05
40537: 2.46682e-05
40538: 2.46676e-05
40539: 2.4667e-05
40540: 2.46664e-05
40541: 2.46658e-05
40542: 2.46652e-05
40543: 2.46646e-05
40544: 2.4664e-05
40545: 2.46633e-05
40546: 2.46627e-05
40547: 2.46621e-05
40548: 2.46615e-05
40549: 2.46609e-05
40550: 2.46603e-05
40551: 2.46597e-05
40552: 2.46591e-05
40553: 2.46585e-05
40554: 2.46579e-05
40555: 2.46573e-05
40556: 2.46567e-05
40557: 2.4656e-05
40558: 2.46554e-05
40559: 2.46548e-05
40560: 2.46542e-05
40561: 2.46536e-05
40562: 2.4653e-05
40563: 2.46524e-05
40564: 2.46518e-05
40565: 2.46512e-05
40566: 2.46506e-05
40567: 2.465e-05
40568: 2.46494e-05
40569: 2.46488e-05
40570: 2.46481e-05
40571: 2.46475e-05
40572: 2.46469e-05
40573: 2.46463e-05
40574: 2.46457e-05
40575: 2.46451e-05
40576: 2.46445e-05
40577: 2.46439e-05
40578: 2.46433e-05
40579: 2.46427e-05
40580: 2.46421e-05
40581: 2.46415e-05
40582: 2.46409e-05
40583: 2.46403e-05
40584: 2.46396e-05
40585: 2.4639e-05
40586: 2.46384e-05
40587: 2.46378e-05
40588: 2.46372e-05
40589: 2.46366e-05
40590: 2.4636e-05
40591: 2.46354e-05
40592: 2.46348e-05
40593: 2.46342e-05
40594: 2.46336e-05
40595: 2.4633e-05
40596: 2.46324e-05
40597: 2.46318e-05
40598: 2.46311e-05
40599: 2.46305e-05
40600: 2.46299e-05
40601: 2.46293e-05
40602: 2.46287e-05
40603: 2.46281e-05
40604: 2.46275e-05
40605: 2.46269e-05
40606: 2.46263e-05
40607: 2.46257e-05
40608: 2.46251e-05
40609: 2.46245e-05
40610: 2.46239e-05
40611: 2.46233e-05
40612: 2.46227e-05
40613: 2.46221e-05
40614: 2.46214e-05
40615: 2.46208e-05
40616: 2.46202e-05
40617: 2.46196e-05
40618: 2.4619e-05
40619: 2.46184e-05
40620: 2.46178e-05
40621: 2.46172e-05
40622: 2.46166e-05
40623: 2.4616e-05
40624: 2.46154e-05
40625: 2.46148e-05
40626: 2.46142e-05
40627: 2.46136e-05
40628: 2.4613e-05
40629: 2.46124e-05
40630: 2.46117e-05
40631: 2.46111e-05
40632: 2.46105e-05
40633: 2.46099e-05
40634: 2.46093e-05
40635: 2.46087e-05
40636: 2.46081e-05
40637: 2.46075e-05
40638: 2.46069e-05
40639: 2.46063e-05
40640: 2.46057e-05
40641: 2.46051e-05
40642: 2.46045e-05
40643: 2.46039e-05
40644: 2.46033e-05
40645: 2.46027e-05
40646: 2.46021e-05
40647: 2.46015e-05
40648: 2.46009e-05
40649: 2.46002e-05
40650: 2.45996e-05
40651: 2.4599e-05
40652: 2.45984e-05
40653: 2.45978e-05
40654: 2.45972e-05
40655: 2.45966e-05
40656: 2.4596e-05
40657: 2.45954e-05
40658: 2.45948e-05
40659: 2.45942e-05
40660: 2.45936e-05
40661: 2.4593e-05
40662: 2.45924e-05
40663: 2.45918e-05
40664: 2.45912e-05
40665: 2.45906e-05
40666: 2.459e-05
40667: 2.45894e-05
40668: 2.45888e-05
40669: 2.45881e-05
40670: 2.45875e-05
40671: 2.45869e-05
40672: 2.45863e-05
40673: 2.45857e-05
40674: 2.45851e-05
40675: 2.45845e-05
40676: 2.45839e-05
40677: 2.45833e-05
40678: 2.45827e-05
40679: 2.45821e-05
40680: 2.45815e-05
40681: 2.45809e-05
40682: 2.45803e-05
40683: 2.45797e-05
40684: 2.45791e-05
40685: 2.45785e-05
40686: 2.45779e-05
40687: 2.45773e-05
40688: 2.45767e-05
40689: 2.45761e-05
40690: 2.45755e-05
40691: 2.45749e-05
40692: 2.45743e-05
40693: 2.45736e-05
40694: 2.4573e-05
40695: 2.45724e-05
40696: 2.45718e-05
40697: 2.45712e-05
40698: 2.45706e-05
40699: 2.457e-05
40700: 2.45694e-05
40701: 2.45688e-05
40702: 2.45682e-05
40703: 2.45676e-05
40704: 2.4567e-05
40705: 2.45664e-05
40706: 2.45658e-05
40707: 2.45652e-05
40708: 2.45646e-05
40709: 2.4564e-05
40710: 2.45634e-05
40711: 2.45628e-05
40712: 2.45622e-05
40713: 2.45616e-05
40714: 2.4561e-05
40715: 2.45604e-05
40716: 2.45598e-05
40717: 2.45592e-05
40718: 2.45586e-05
40719: 2.4558e-05
40720: 2.45574e-05
40721: 2.45568e-05
40722: 2.45561e-05
40723: 2.45555e-05
40724: 2.45549e-05
40725: 2.45543e-05
40726: 2.45537e-05
40727: 2.45531e-05
40728: 2.45525e-05
40729: 2.45519e-05
40730: 2.45513e-05
40731: 2.45507e-05
40732: 2.45501e-05
40733: 2.45495e-05
40734: 2.45489e-05
40735: 2.45483e-05
40736: 2.45477e-05
40737: 2.45471e-05
40738: 2.45465e-05
40739: 2.45459e-05
40740: 2.45453e-05
40741: 2.45447e-05
40742: 2.45441e-05
40743: 2.45435e-05
40744: 2.45429e-05
40745: 2.45423e-05
40746: 2.45417e-05
40747: 2.45411e-05
40748: 2.45405e-05
40749: 2.45399e-05
40750: 2.45393e-05
40751: 2.45387e-05
40752: 2.45381e-05
40753: 2.45375e-05
40754: 2.45369e-05
40755: 2.45363e-05
40756: 2.45357e-05
40757: 2.45351e-05
40758: 2.45345e-05
40759: 2.45339e-05
40760: 2.45333e-05
40761: 2.45327e-05
40762: 2.45321e-05
40763: 2.45314e-05
40764: 2.45308e-05
40765: 2.45302e-05
40766: 2.45296e-05
40767: 2.4529e-05
40768: 2.45284e-05
40769: 2.45278e-05
40770: 2.45272e-05
40771: 2.45266e-05
40772: 2.4526e-05
40773: 2.45254e-05
40774: 2.45248e-05
40775: 2.45242e-05
40776: 2.45236e-05
40777: 2.4523e-05
40778: 2.45224e-05
40779: 2.45218e-05
40780: 2.45212e-05
40781: 2.45206e-05
40782: 2.452e-05
40783: 2.45194e-05
40784: 2.45188e-05
40785: 2.45182e-05
40786: 2.45176e-05
40787: 2.4517e-05
40788: 2.45164e-05
40789: 2.45158e-05
40790: 2.45152e-05
40791: 2.45146e-05
40792: 2.4514e-05
40793: 2.45134e-05
40794: 2.45128e-05
40795: 2.45122e-05
40796: 2.45116e-05
40797: 2.4511e-05
40798: 2.45104e-05
40799: 2.45098e-05
40800: 2.45092e-05
40801: 2.45086e-05
40802: 2.4508e-05
40803: 2.45074e-05
40804: 2.45068e-05
40805: 2.45062e-05
40806: 2.45056e-05
40807: 2.4505e-05
40808: 2.45044e-05
40809: 2.45038e-05
40810: 2.45032e-05
40811: 2.45026e-05
40812: 2.4502e-05
40813: 2.45014e-05
40814: 2.45008e-05
40815: 2.45002e-05
40816: 2.44996e-05
40817: 2.4499e-05
40818: 2.44984e-05
40819: 2.44978e-05
40820: 2.44972e-05
40821: 2.44966e-05
40822: 2.4496e-05
40823: 2.44954e-05
40824: 2.44948e-05
40825: 2.44942e-05
40826: 2.44936e-05
40827: 2.4493e-05
40828: 2.44924e-05
40829: 2.44918e-05
40830: 2.44912e-05
40831: 2.44906e-05
40832: 2.449e-05
40833: 2.44894e-05
40834: 2.44888e-05
40835: 2.44882e-05
40836: 2.44876e-05
40837: 2.4487e-05
40838: 2.44864e-05
40839: 2.44858e-05
40840: 2.44852e-05
40841: 2.44846e-05
40842: 2.4484e-05
40843: 2.44834e-05
40844: 2.44828e-05
40845: 2.44822e-05
40846: 2.44816e-05
40847: 2.4481e-05
40848: 2.44804e-05
40849: 2.44798e-05
40850: 2.44792e-05
40851: 2.44786e-05
40852: 2.4478e-05
40853: 2.44774e-05
40854: 2.44768e-05
40855: 2.44762e-05
40856: 2.44756e-05
40857: 2.4475e-05
40858: 2.44744e-05
40859: 2.44738e-05
40860: 2.44732e-05
40861: 2.44726e-05
40862: 2.4472e-05
40863: 2.44714e-05
40864: 2.44708e-05
40865: 2.44702e-05
40866: 2.44696e-05
40867: 2.4469e-05
40868: 2.44684e-05
40869: 2.44678e-05
40870: 2.44672e-05
40871: 2.44666e-05
40872: 2.4466e-05
40873: 2.44654e-05
40874: 2.44648e-05
40875: 2.44642e-05
40876: 2.44636e-05
40877: 2.4463e-05
40878: 2.44624e-05
40879: 2.44618e-05
40880: 2.44612e-05
40881: 2.44606e-05
40882: 2.446e-05
40883: 2.44594e-05
40884: 2.44588e-05
40885: 2.44582e-05
40886: 2.44577e-05
40887: 2.44571e-05
40888: 2.44565e-05
40889: 2.44559e-05
40890: 2.44553e-05
40891: 2.44547e-05
40892: 2.44541e-05
40893: 2.44535e-05
40894: 2.44529e-05
40895: 2.44523e-05
40896: 2.44517e-05
40897: 2.44511e-05
40898: 2.44505e-05
40899: 2.44499e-05
40900: 2.44493e-05
40901: 2.44487e-05
40902: 2.44481e-05
40903: 2.44475e-05
40904: 2.44469e-05
40905: 2.44463e-05
40906: 2.44457e-05
40907: 2.44451e-05
40908: 2.44445e-05
40909: 2.44439e-05
40910: 2.44433e-05
40911: 2.44427e-05
40912: 2.44421e-05
40913: 2.44415e-05
40914: 2.44409e-05
40915: 2.44403e-05
40916: 2.44397e-05
40917: 2.44391e-05
40918: 2.44385e-05
40919: 2.44379e-05
40920: 2.44373e-05
40921: 2.44367e-05
40922: 2.44361e-05
40923: 2.44355e-05
40924: 2.44349e-05
40925: 2.44343e-05
40926: 2.44337e-05
40927: 2.44332e-05
40928: 2.44326e-05
40929: 2.4432e-05
40930: 2.44314e-05
40931: 2.44308e-05
40932: 2.44302e-05
40933: 2.44296e-05
40934: 2.4429e-05
40935: 2.44284e-05
40936: 2.44278e-05
40937: 2.44272e-05
40938: 2.44266e-05
40939: 2.4426e-05
40940: 2.44254e-05
40941: 2.44248e-05
40942: 2.44242e-05
40943: 2.44236e-05
40944: 2.4423e-05
40945: 2.44224e-05
40946: 2.44218e-05
40947: 2.44212e-05
40948: 2.44206e-05
40949: 2.442e-05
40950: 2.44194e-05
40951: 2.44188e-05
40952: 2.44182e-05
40953: 2.44176e-05
40954: 2.4417e-05
40955: 2.44164e-05
40956: 2.44159e-05
40957: 2.44153e-05
40958: 2.44147e-05
40959: 2.44141e-05
40960: 2.44135e-05
40961: 2.44129e-05
40962: 2.44123e-05
40963: 2.44117e-05
40964: 2.44111e-05
40965: 2.44105e-05
40966: 2.44099e-05
40967: 2.44093e-05
40968: 2.44087e-05
40969: 2.44081e-05
40970: 2.44075e-05
40971: 2.44069e-05
40972: 2.44063e-05
40973: 2.44057e-05
40974: 2.44051e-05
40975: 2.44045e-05
40976: 2.44039e-05
40977: 2.44033e-05
40978: 2.44027e-05
40979: 2.44021e-05
40980: 2.44016e-05
40981: 2.4401e-05
40982: 2.44004e-05
40983: 2.43998e-05
40984: 2.43992e-05
40985: 2.43986e-05
40986: 2.4398e-05
40987: 2.43974e-05
40988: 2.43968e-05
40989: 2.43962e-05
40990: 2.43956e-05
40991: 2.4395e-05
40992: 2.43944e-05
40993: 2.43938e-05
40994: 2.43932e-05
40995: 2.43926e-05
40996: 2.4392e-05
40997: 2.43914e-05
40998: 2.43908e-05
40999: 2.43902e-05
41000: 2.43896e-05
41001: 2.43891e-05
41002: 2.43885e-05
41003: 2.43879e-05
41004: 2.43873e-05
41005: 2.43867e-05
41006: 2.43861e-05
41007: 2.43855e-05
41008: 2.43849e-05
41009: 2.43843e-05
41010: 2.43837e-05
41011: 2.43831e-05
41012: 2.43825e-05
41013: 2.43819e-05
41014: 2.43813e-05
41015: 2.43807e-05
41016: 2.43801e-05
41017: 2.43795e-05
41018: 2.43789e-05
41019: 2.43784e-05
41020: 2.43778e-05
41021: 2.43772e-05
41022: 2.43766e-05
41023: 2.4376e-05
41024: 2.43754e-05
41025: 2.43748e-05
41026: 2.43742e-05
41027: 2.43736e-05
41028: 2.4373e-05
41029: 2.43724e-05
41030: 2.43718e-05
41031: 2.43712e-05
41032: 2.43706e-05
41033: 2.437e-05
41034: 2.43694e-05
41035: 2.43688e-05
41036: 2.43683e-05
41037: 2.43677e-05
41038: 2.43671e-05
41039: 2.43665e-05
41040: 2.43659e-05
41041: 2.43653e-05
41042: 2.43647e-05
41043: 2.43641e-05
41044: 2.43635e-05
41045: 2.43629e-05
41046: 2.43623e-05
41047: 2.43617e-05
41048: 2.43611e-05
41049: 2.43605e-05
41050: 2.43599e-05
41051: 2.43593e-05
41052: 2.43588e-05
41053: 2.43582e-05
41054: 2.43576e-05
41055: 2.4357e-05
41056: 2.43564e-05
41057: 2.43558e-05
41058: 2.43552e-05
41059: 2.43546e-05
41060: 2.4354e-05
41061: 2.43534e-05
41062: 2.43528e-05
41063: 2.43522e-05
41064: 2.43516e-05
41065: 2.4351e-05
41066: 2.43505e-05
41067: 2.43499e-05
41068: 2.43493e-05
41069: 2.43487e-05
41070: 2.43481e-05
41071: 2.43475e-05
41072: 2.43469e-05
41073: 2.43463e-05
41074: 2.43457e-05
41075: 2.43451e-05
41076: 2.43445e-05
41077: 2.43439e-05
41078: 2.43433e-05
41079: 2.43427e-05
41080: 2.43422e-05
41081: 2.43416e-05
41082: 2.4341e-05
41083: 2.43404e-05
41084: 2.43398e-05
41085: 2.43392e-05
41086: 2.43386e-05
41087: 2.4338e-05
41088: 2.43374e-05
41089: 2.43368e-05
41090: 2.43362e-05
41091: 2.43356e-05
41092: 2.4335e-05
41093: 2.43345e-05
41094: 2.43339e-05
41095: 2.43333e-05
41096: 2.43327e-05
41097: 2.43321e-05
41098: 2.43315e-05
41099: 2.43309e-05
41100: 2.43303e-05
41101: 2.43297e-05
41102: 2.43291e-05
41103: 2.43285e-05
41104: 2.43279e-05
41105: 2.43273e-05
41106: 2.43268e-05
41107: 2.43262e-05
41108: 2.43256e-05
41109: 2.4325e-05
41110: 2.43244e-05
41111: 2.43238e-05
41112: 2.43232e-05
41113: 2.43226e-05
41114: 2.4322e-05
41115: 2.43214e-05
41116: 2.43208e-05
41117: 2.43202e-05
41118: 2.43197e-05
41119: 2.43191e-05
41120: 2.43185e-05
41121: 2.43179e-05
41122: 2.43173e-05
41123: 2.43167e-05
41124: 2.43161e-05
41125: 2.43155e-05
41126: 2.43149e-05
41127: 2.43143e-05
41128: 2.43137e-05
41129: 2.43132e-05
41130: 2.43126e-05
41131: 2.4312e-05
41132: 2.43114e-05
41133: 2.43108e-05
41134: 2.43102e-05
41135: 2.43096e-05
41136: 2.4309e-05
41137: 2.43084e-05
41138: 2.43078e-05
41139: 2.43072e-05
41140: 2.43067e-05
41141: 2.43061e-05
41142: 2.43055e-05
41143: 2.43049e-05
41144: 2.43043e-05
41145: 2.43037e-05
41146: 2.43031e-05
41147: 2.43025e-05
41148: 2.43019e-05
41149: 2.43013e-05
41150: 2.43007e-05
41151: 2.43002e-05
41152: 2.42996e-05
41153: 2.4299e-05
41154: 2.42984e-05
41155: 2.42978e-05
41156: 2.42972e-05
41157: 2.42966e-05
41158: 2.4296e-05
41159: 2.42954e-05
41160: 2.42948e-05
41161: 2.42943e-05
41162: 2.42937e-05
41163: 2.42931e-05
41164: 2.42925e-05
41165: 2.42919e-05
41166: 2.42913e-05
41167: 2.42907e-05
41168: 2.42901e-05
41169: 2.42895e-05
41170: 2.42889e-05
41171: 2.42884e-05
41172: 2.42878e-05
41173: 2.42872e-05
41174: 2.42866e-05
41175: 2.4286e-05
41176: 2.42854e-05
41177: 2.42848e-05
41178: 2.42842e-05
41179: 2.42836e-05
41180: 2.4283e-05
41181: 2.42825e-05
41182: 2.42819e-05
41183: 2.42813e-05
41184: 2.42807e-05
41185: 2.42801e-05
41186: 2.42795e-05
41187: 2.42789e-05
41188: 2.42783e-05
41189: 2.42777e-05
41190: 2.42771e-05
41191: 2.42766e-05
41192: 2.4276e-05
41193: 2.42754e-05
41194: 2.42748e-05
41195: 2.42742e-05
41196: 2.42736e-05
41197: 2.4273e-05
41198: 2.42724e-05
41199: 2.42718e-05
41200: 2.42713e-05
41201: 2.42707e-05
41202: 2.42701e-05
41203: 2.42695e-05
41204: 2.42689e-05
41205: 2.42683e-05
41206: 2.42677e-05
41207: 2.42671e-05
41208: 2.42665e-05
41209: 2.4266e-05
41210: 2.42654e-05
41211: 2.42648e-05
41212: 2.42642e-05
41213: 2.42636e-05
41214: 2.4263e-05
41215: 2.42624e-05
41216: 2.42618e-05
41217: 2.42612e-05
41218: 2.42607e-05
41219: 2.42601e-05
41220: 2.42595e-05
41221: 2.42589e-05
41222: 2.42583e-05
41223: 2.42577e-05
41224: 2.42571e-05
41225: 2.42565e-05
41226: 2.42559e-05
41227: 2.42554e-05
41228: 2.42548e-05
41229: 2.42542e-05
41230: 2.42536e-05
41231: 2.4253e-05
41232: 2.42524e-05
41233: 2.42518e-05
41234: 2.42512e-05
41235: 2.42507e-05
41236: 2.42501e-05
41237: 2.42495e-05
41238: 2.42489e-05
41239: 2.42483e-05
41240: 2.42477e-05
41241: 2.42471e-05
41242: 2.42465e-05
41243: 2.4246e-05
41244: 2.42454e-05
41245: 2.42448e-05
41246: 2.42442e-05
41247: 2.42436e-05
41248: 2.4243e-05
41249: 2.42424e-05
41250: 2.42418e-05
41251: 2.42412e-05
41252: 2.42407e-05
41253: 2.42401e-05
41254: 2.42395e-05
41255: 2.42389e-05
41256: 2.42383e-05
41257: 2.42377e-05
41258: 2.42371e-05
41259: 2.42365e-05
41260: 2.4236e-05
41261: 2.42354e-05
41262: 2.42348e-05
41263: 2.42342e-05
41264: 2.42336e-05
41265: 2.4233e-05
41266: 2.42324e-05
41267: 2.42319e-05
41268: 2.42313e-05
41269: 2.42307e-05
41270: 2.42301e-05
41271: 2.42295e-05
41272: 2.42289e-05
41273: 2.42283e-05
41274: 2.42277e-05
41275: 2.42272e-05
41276: 2.42266e-05
41277: 2.4226e-05
41278: 2.42254e-05
41279: 2.42248e-05
41280: 2.42242e-05
41281: 2.42236e-05
41282: 2.4223e-05
41283: 2.42225e-05
41284: 2.42219e-05
41285: 2.42213e-05
41286: 2.42207e-05
41287: 2.42201e-05
41288: 2.42195e-05
41289: 2.42189e-05
41290: 2.42184e-05
41291: 2.42178e-05
41292: 2.42172e-05
41293: 2.42166e-05
41294: 2.4216e-05
41295: 2.42154e-05
41296: 2.42148e-05
41297: 2.42142e-05
41298: 2.42137e-05
41299: 2.42131e-05
41300: 2.42125e-05
41301: 2.42119e-05
41302: 2.42113e-05
41303: 2.42107e-05
41304: 2.42101e-05
41305: 2.42096e-05
41306: 2.4209e-05
41307: 2.42084e-05
41308: 2.42078e-05
41309: 2.42072e-05
41310: 2.42066e-05
41311: 2.4206e-05
41312: 2.42055e-05
41313: 2.42049e-05
41314: 2.42043e-05
41315: 2.42037e-05
41316: 2.42031e-05
41317: 2.42025e-05
41318: 2.42019e-05
41319: 2.42014e-05
41320: 2.42008e-05
41321: 2.42002e-05
41322: 2.41996e-05
41323: 2.4199e-05
41324: 2.41984e-05
41325: 2.41978e-05
41326: 2.41973e-05
41327: 2.41967e-05
41328: 2.41961e-05
41329: 2.41955e-05
41330: 2.41949e-05
41331: 2.41943e-05
41332: 2.41937e-05
41333: 2.41932e-05
41334: 2.41926e-05
41335: 2.4192e-05
41336: 2.41914e-05
41337: 2.41908e-05
41338: 2.41902e-05
41339: 2.41896e-05
41340: 2.41891e-05
41341: 2.41885e-05
41342: 2.41879e-05
41343: 2.41873e-05
41344: 2.41867e-05
41345: 2.41861e-05
41346: 2.41856e-05
41347: 2.4185e-05
41348: 2.41844e-05
41349: 2.41838e-05
41350: 2.41832e-05
41351: 2.41826e-05
41352: 2.4182e-05
41353: 2.41815e-05
41354: 2.41809e-05
41355: 2.41803e-05
41356: 2.41797e-05
41357: 2.41791e-05
41358: 2.41785e-05
41359: 2.41779e-05
41360: 2.41774e-05
41361: 2.41768e-05
41362: 2.41762e-05
41363: 2.41756e-05
41364: 2.4175e-05
41365: 2.41744e-05
41366: 2.41739e-05
41367: 2.41733e-05
41368: 2.41727e-05
41369: 2.41721e-05
41370: 2.41715e-05
41371: 2.41709e-05
41372: 2.41704e-05
41373: 2.41698e-05
41374: 2.41692e-05
41375: 2.41686e-05
41376: 2.4168e-05
41377: 2.41674e-05
41378: 2.41668e-05
41379: 2.41663e-05
41380: 2.41657e-05
41381: 2.41651e-05
41382: 2.41645e-05
41383: 2.41639e-05
41384: 2.41633e-05
41385: 2.41628e-05
41386: 2.41622e-05
41387: 2.41616e-05
41388: 2.4161e-05
41389: 2.41604e-05
41390: 2.41598e-05
41391: 2.41593e-05
41392: 2.41587e-05
41393: 2.41581e-05
41394: 2.41575e-05
41395: 2.41569e-05
41396: 2.41563e-05
41397: 2.41558e-05
41398: 2.41552e-05
41399: 2.41546e-05
41400: 2.4154e-05
41401: 2.41534e-05
41402: 2.41528e-05
41403: 2.41523e-05
41404: 2.41517e-05
41405: 2.41511e-05
41406: 2.41505e-05
41407: 2.41499e-05
41408: 2.41493e-05
41409: 2.41488e-05
41410: 2.41482e-05
41411: 2.41476e-05
41412: 2.4147e-05
41413: 2.41464e-05
41414: 2.41458e-05
41415: 2.41453e-05
41416: 2.41447e-05
41417: 2.41441e-05
41418: 2.41435e-05
41419: 2.41429e-05
41420: 2.41423e-05
41421: 2.41418e-05
41422: 2.41412e-05
41423: 2.41406e-05
41424: 2.414e-05
41425: 2.41394e-05
41426: 2.41388e-05
41427: 2.41383e-05
41428: 2.41377e-05
41429: 2.41371e-05
41430: 2.41365e-05
41431: 2.41359e-05
41432: 2.41354e-05
41433: 2.41348e-05
41434: 2.41342e-05
41435: 2.41336e-05
41436: 2.4133e-05
41437: 2.41324e-05
41438: 2.41319e-05
41439: 2.41313e-05
41440: 2.41307e-05
41441: 2.41301e-05
41442: 2.41295e-05
41443: 2.41289e-05
41444: 2.41284e-05
41445: 2.41278e-05
41446: 2.41272e-05
41447: 2.41266e-05
41448: 2.4126e-05
41449: 2.41255e-05
41450: 2.41249e-05
41451: 2.41243e-05
41452: 2.41237e-05
41453: 2.41231e-05
41454: 2.41225e-05
41455: 2.4122e-05
41456: 2.41214e-05
41457: 2.41208e-05
41458: 2.41202e-05
41459: 2.41196e-05
41460: 2.41191e-05
41461: 2.41185e-05
41462: 2.41179e-05
41463: 2.41173e-05
41464: 2.41167e-05
41465: 2.41161e-05
41466: 2.41156e-05
41467: 2.4115e-05
41468: 2.41144e-05
41469: 2.41138e-05
41470: 2.41132e-05
41471: 2.41127e-05
41472: 2.41121e-05
41473: 2.41115e-05
41474: 2.41109e-05
41475: 2.41103e-05
41476: 2.41097e-05
41477: 2.41092e-05
41478: 2.41086e-05
41479: 2.4108e-05
41480: 2.41074e-05
41481: 2.41068e-05
41482: 2.41063e-05
41483: 2.41057e-05
41484: 2.41051e-05
41485: 2.41045e-05
41486: 2.41039e-05
41487: 2.41034e-05
41488: 2.41028e-05
41489: 2.41022e-05
41490: 2.41016e-05
41491: 2.4101e-05
41492: 2.41005e-05
41493: 2.40999e-05
41494: 2.40993e-05
41495: 2.40987e-05
41496: 2.40981e-05
41497: 2.40975e-05
41498: 2.4097e-05
41499: 2.40964e-05
41500: 2.40958e-05
41501: 2.40952e-05
41502: 2.40946e-05
41503: 2.40941e-05
41504: 2.40935e-05
41505: 2.40929e-05
41506: 2.40923e-05
41507: 2.40917e-05
41508: 2.40912e-05
41509: 2.40906e-05
41510: 2.409e-05
41511: 2.40894e-05
41512: 2.40888e-05
41513: 2.40883e-05
41514: 2.40877e-05
41515: 2.40871e-05
41516: 2.40865e-05
41517: 2.40859e-05
41518: 2.40854e-05
41519: 2.40848e-05
41520: 2.40842e-05
41521: 2.40836e-05
41522: 2.4083e-05
41523: 2.40825e-05
41524: 2.40819e-05
41525: 2.40813e-05
41526: 2.40807e-05
41527: 2.40801e-05
41528: 2.40796e-05
41529: 2.4079e-05
41530: 2.40784e-05
41531: 2.40778e-05
41532: 2.40772e-05
41533: 2.40767e-05
41534: 2.40761e-05
41535: 2.40755e-05
41536: 2.40749e-05
41537: 2.40743e-05
41538: 2.40738e-05
41539: 2.40732e-05
41540: 2.40726e-05
41541: 2.4072e-05
41542: 2.40714e-05
41543: 2.40709e-05
41544: 2.40703e-05
41545: 2.40697e-05
41546: 2.40691e-05
41547: 2.40685e-05
41548: 2.4068e-05
41549: 2.40674e-05
41550: 2.40668e-05
41551: 2.40662e-05
41552: 2.40657e-05
41553: 2.40651e-05
41554: 2.40645e-05
41555: 2.40639e-05
41556: 2.40633e-05
41557: 2.40628e-05
41558: 2.40622e-05
41559: 2.40616e-05
41560: 2.4061e-05
41561: 2.40604e-05
41562: 2.40599e-05
41563: 2.40593e-05
41564: 2.40587e-05
41565: 2.40581e-05
41566: 2.40575e-05
41567: 2.4057e-05
41568: 2.40564e-05
41569: 2.40558e-05
41570: 2.40552e-05
41571: 2.40547e-05
41572: 2.40541e-05
41573: 2.40535e-05
41574: 2.40529e-05
41575: 2.40523e-05
41576: 2.40518e-05
41577: 2.40512e-05
41578: 2.40506e-05
41579: 2.405e-05
41580: 2.40494e-05
41581: 2.40489e-05
41582: 2.40483e-05
41583: 2.40477e-05
41584: 2.40471e-05
41585: 2.40466e-05
41586: 2.4046e-05
41587: 2.40454e-05
41588: 2.40448e-05
41589: 2.40442e-05
41590: 2.40437e-05
41591: 2.40431e-05
41592: 2.40425e-05
41593: 2.40419e-05
41594: 2.40414e-05
41595: 2.40408e-05
41596: 2.40402e-05
41597: 2.40396e-05
41598: 2.4039e-05
41599: 2.40385e-05
41600: 2.40379e-05
41601: 2.40373e-05
41602: 2.40367e-05
41603: 2.40362e-05
41604: 2.40356e-05
41605: 2.4035e-05
41606: 2.40344e-05
41607: 2.40338e-05
41608: 2.40333e-05
41609: 2.40327e-05
41610: 2.40321e-05
41611: 2.40315e-05
41612: 2.4031e-05
41613: 2.40304e-05
41614: 2.40298e-05
41615: 2.40292e-05
41616: 2.40286e-05
41617: 2.40281e-05
41618: 2.40275e-05
41619: 2.40269e-05
41620: 2.40263e-05
41621: 2.40258e-05
41622: 2.40252e-05
41623: 2.40246e-05
41624: 2.4024e-05
41625: 2.40234e-05
41626: 2.40229e-05
41627: 2.40223e-05
41628: 2.40217e-05
41629: 2.40211e-05
41630: 2.40206e-05
41631: 2.402e-05
41632: 2.40194e-05
41633: 2.40188e-05
41634: 2.40183e-05
41635: 2.40177e-05
41636: 2.40171e-05
41637: 2.40165e-05
41638: 2.40159e-05
41639: 2.40154e-05
41640: 2.40148e-05
41641: 2.40142e-05
41642: 2.40136e-05
41643: 2.40131e-05
41644: 2.40125e-05
41645: 2.40119e-05
41646: 2.40113e-05
41647: 2.40108e-05
41648: 2.40102e-05
41649: 2.40096e-05
41650: 2.4009e-05
41651: 2.40085e-05
41652: 2.40079e-05
41653: 2.40073e-05
41654: 2.40067e-05
41655: 2.40061e-05
41656: 2.40056e-05
41657: 2.4005e-05
41658: 2.40044e-05
41659: 2.40038e-05
41660: 2.40033e-05
41661: 2.40027e-05
41662: 2.40021e-05
41663: 2.40015e-05
41664: 2.4001e-05
41665: 2.40004e-05
41666: 2.39998e-05
41667: 2.39992e-05
41668: 2.39987e-05
41669: 2.39981e-05
41670: 2.39975e-05
41671: 2.39969e-05
41672: 2.39964e-05
41673: 2.39958e-05
41674: 2.39952e-05
41675: 2.39946e-05
41676: 2.3994e-05
41677: 2.39935e-05
41678: 2.39929e-05
41679: 2.39923e-05
41680: 2.39917e-05
41681: 2.39912e-05
41682: 2.39906e-05
41683: 2.399e-05
41684: 2.39894e-05
41685: 2.39889e-05
41686: 2.39883e-05
41687: 2.39877e-05
41688: 2.39871e-05
41689: 2.39866e-05
41690: 2.3986e-05
41691: 2.39854e-05
41692: 2.39848e-05
41693: 2.39843e-05
41694: 2.39837e-05
41695: 2.39831e-05
41696: 2.39825e-05
41697: 2.3982e-05
41698: 2.39814e-05
41699: 2.39808e-05
41700: 2.39802e-05
41701: 2.39797e-05
41702: 2.39791e-05
41703: 2.39785e-05
41704: 2.39779e-05
41705: 2.39774e-05
41706: 2.39768e-05
41707: 2.39762e-05
41708: 2.39756e-05
41709: 2.39751e-05
41710: 2.39745e-05
41711: 2.39739e-05
41712: 2.39733e-05
41713: 2.39728e-05
41714: 2.39722e-05
41715: 2.39716e-05
41716: 2.3971e-05
41717: 2.39705e-05
41718: 2.39699e-05
41719: 2.39693e-05
41720: 2.39687e-05
41721: 2.39682e-05
41722: 2.39676e-05
41723: 2.3967e-05
41724: 2.39664e-05
41725: 2.39659e-05
41726: 2.39653e-05
41727: 2.39647e-05
41728: 2.39641e-05
41729: 2.39636e-05
41730: 2.3963e-05
41731: 2.39624e-05
41732: 2.39619e-05
41733: 2.39613e-05
41734: 2.39607e-05
41735: 2.39601e-05
41736: 2.39596e-05
41737: 2.3959e-05
41738: 2.39584e-05
41739: 2.39578e-05
41740: 2.39573e-05
41741: 2.39567e-05
41742: 2.39561e-05
41743: 2.39555e-05
41744: 2.3955e-05
41745: 2.39544e-05
41746: 2.39538e-05
41747: 2.39532e-05
41748: 2.39527e-05
41749: 2.39521e-05
41750: 2.39515e-05
41751: 2.39509e-05
41752: 2.39504e-05
41753: 2.39498e-05
41754: 2.39492e-05
41755: 2.39487e-05
41756: 2.39481e-05
41757: 2.39475e-05
41758: 2.39469e-05
41759: 2.39464e-05
41760: 2.39458e-05
41761: 2.39452e-05
41762: 2.39446e-05
41763: 2.39441e-05
41764: 2.39435e-05
41765: 2.39429e-05
41766: 2.39423e-05
41767: 2.39418e-05
41768: 2.39412e-05
41769: 2.39406e-05
41770: 2.39401e-05
41771: 2.39395e-05
41772: 2.39389e-05
41773: 2.39383e-05
41774: 2.39378e-05
41775: 2.39372e-05
41776: 2.39366e-05
41777: 2.3936e-05
41778: 2.39355e-05
41779: 2.39349e-05
41780: 2.39343e-05
41781: 2.39338e-05
41782: 2.39332e-05
41783: 2.39326e-05
41784: 2.3932e-05
41785: 2.39315e-05
41786: 2.39309e-05
41787: 2.39303e-05
41788: 2.39297e-05
41789: 2.39292e-05
41790: 2.39286e-05
41791: 2.3928e-05
41792: 2.39275e-05
41793: 2.39269e-05
41794: 2.39263e-05
41795: 2.39257e-05
41796: 2.39252e-05
41797: 2.39246e-05
41798: 2.3924e-05
41799: 2.39234e-05
41800: 2.39229e-05
41801: 2.39223e-05
41802: 2.39217e-05
41803: 2.39212e-05
41804: 2.39206e-05
41805: 2.392e-05
41806: 2.39194e-05
41807: 2.39189e-05
41808: 2.39183e-05
41809: 2.39177e-05
41810: 2.39172e-05
41811: 2.39166e-05
41812: 2.3916e-05
41813: 2.39154e-05
41814: 2.39149e-05
41815: 2.39143e-05
41816: 2.39137e-05
41817: 2.39131e-05
41818: 2.39126e-05
41819: 2.3912e-05
41820: 2.39114e-05
41821: 2.39109e-05
41822: 2.39103e-05
41823: 2.39097e-05
41824: 2.39091e-05
41825: 2.39086e-05
41826: 2.3908e-05
41827: 2.39074e-05
41828: 2.39069e-05
41829: 2.39063e-05
41830: 2.39057e-05
41831: 2.39051e-05
41832: 2.39046e-05
41833: 2.3904e-05
41834: 2.39034e-05
41835: 2.39029e-05
41836: 2.39023e-05
41837: 2.39017e-05
41838: 2.39011e-05
41839: 2.39006e-05
41840: 2.39e-05
41841: 2.38994e-05
41842: 2.38989e-05
41843: 2.38983e-05
41844: 2.38977e-05
41845: 2.38971e-05
41846: 2.38966e-05
41847: 2.3896e-05
41848: 2.38954e-05
41849: 2.38949e-05
41850: 2.38943e-05
41851: 2.38937e-05
41852: 2.38931e-05
41853: 2.38926e-05
41854: 2.3892e-05
41855: 2.38914e-05
41856: 2.38909e-05
41857: 2.38903e-05
41858: 2.38897e-05
41859: 2.38892e-05
41860: 2.38886e-05
41861: 2.3888e-05
41862: 2.38874e-05
41863: 2.38869e-05
41864: 2.38863e-05
41865: 2.38857e-05
41866: 2.38852e-05
41867: 2.38846e-05
41868: 2.3884e-05
41869: 2.38834e-05
41870: 2.38829e-05
41871: 2.38823e-05
41872: 2.38817e-05
41873: 2.38812e-05
41874: 2.38806e-05
41875: 2.388e-05
41876: 2.38795e-05
41877: 2.38789e-05
41878: 2.38783e-05
41879: 2.38777e-05
41880: 2.38772e-05
41881: 2.38766e-05
41882: 2.3876e-05
41883: 2.38755e-05
41884: 2.38749e-05
41885: 2.38743e-05
41886: 2.38738e-05
41887: 2.38732e-05
41888: 2.38726e-05
41889: 2.3872e-05
41890: 2.38715e-05
41891: 2.38709e-05
41892: 2.38703e-05
41893: 2.38698e-05
41894: 2.38692e-05
41895: 2.38686e-05
41896: 2.38681e-05
41897: 2.38675e-05
41898: 2.38669e-05
41899: 2.38663e-05
41900: 2.38658e-05
41901: 2.38652e-05
41902: 2.38646e-05
41903: 2.38641e-05
41904: 2.38635e-05
41905: 2.38629e-05
41906: 2.38624e-05
41907: 2.38618e-05
41908: 2.38612e-05
41909: 2.38607e-05
41910: 2.38601e-05
41911: 2.38595e-05
41912: 2.38589e-05
41913: 2.38584e-05
41914: 2.38578e-05
41915: 2.38572e-05
41916: 2.38567e-05
41917: 2.38561e-05
41918: 2.38555e-05
41919: 2.3855e-05
41920: 2.38544e-05
41921: 2.38538e-05
41922: 2.38533e-05
41923: 2.38527e-05
41924: 2.38521e-05
41925: 2.38515e-05
41926: 2.3851e-05
41927: 2.38504e-05
41928: 2.38498e-05
41929: 2.38493e-05
41930: 2.38487e-05
41931: 2.38481e-05
41932: 2.38476e-05
41933: 2.3847e-05
41934: 2.38464e-05
41935: 2.38459e-05
41936: 2.38453e-05
41937: 2.38447e-05
41938: 2.38442e-05
41939: 2.38436e-05
41940: 2.3843e-05
41941: 2.38424e-05
41942: 2.38419e-05
41943: 2.38413e-05
41944: 2.38407e-05
41945: 2.38402e-05
41946: 2.38396e-05
41947: 2.3839e-05
41948: 2.38385e-05
41949: 2.38379e-05
41950: 2.38373e-05
41951: 2.38368e-05
41952: 2.38362e-05
41953: 2.38356e-05
41954: 2.38351e-05
41955: 2.38345e-05
41956: 2.38339e-05
41957: 2.38334e-05
41958: 2.38328e-05
41959: 2.38322e-05
41960: 2.38317e-05
41961: 2.38311e-05
41962: 2.38305e-05
41963: 2.38299e-05
41964: 2.38294e-05
41965: 2.38288e-05
41966: 2.38282e-05
41967: 2.38277e-05
41968: 2.38271e-05
41969: 2.38265e-05
41970: 2.3826e-05
41971: 2.38254e-05
41972: 2.38248e-05
41973: 2.38243e-05
41974: 2.38237e-05
41975: 2.38231e-05
41976: 2.38226e-05
41977: 2.3822e-05
41978: 2.38214e-05
41979: 2.38209e-05
41980: 2.38203e-05
41981: 2.38197e-05
41982: 2.38192e-05
41983: 2.38186e-05
41984: 2.3818e-05
41985: 2.38175e-05
41986: 2.38169e-05
41987: 2.38163e-05
41988: 2.38158e-05
41989: 2.38152e-05
41990: 2.38146e-05
41991: 2.38141e-05
41992: 2.38135e-05
41993: 2.38129e-05
41994: 2.38124e-05
41995: 2.38118e-05
41996: 2.38112e-05
41997: 2.38107e-05
41998: 2.38101e-05
41999: 2.38095e-05
42000: 2.3809e-05
42001: 2.38084e-05
42002: 2.38078e-05
42003: 2.38073e-05
42004: 2.38067e-05
42005: 2.38061e-05
42006: 2.38056e-05
42007: 2.3805e-05
42008: 2.38044e-05
42009: 2.38039e-05
42010: 2.38033e-05
42011: 2.38027e-05
42012: 2.38022e-05
42013: 2.38016e-05
42014: 2.3801e-05
42015: 2.38005e-05
42016: 2.37999e-05
42017: 2.37993e-05
42018: 2.37988e-05
42019: 2.37982e-05
42020: 2.37976e-05
42021: 2.37971e-05
42022: 2.37965e-05
42023: 2.37959e-05
42024: 2.37954e-05
42025: 2.37948e-05
42026: 2.37942e-05
42027: 2.37937e-05
42028: 2.37931e-05
42029: 2.37925e-05
42030: 2.3792e-05
42031: 2.37914e-05
42032: 2.37908e-05
42033: 2.37903e-05
42034: 2.37897e-05
42035: 2.37891e-05
42036: 2.37886e-05
42037: 2.3788e-05
42038: 2.37874e-05
42039: 2.37869e-05
42040: 2.37863e-05
42041: 2.37857e-05
42042: 2.37852e-05
42043: 2.37846e-05
42044: 2.3784e-05
42045: 2.37835e-05
42046: 2.37829e-05
42047: 2.37823e-05
42048: 2.37818e-05
42049: 2.37812e-05
42050: 2.37806e-05
42051: 2.37801e-05
42052: 2.37795e-05
42053: 2.3779e-05
42054: 2.37784e-05
42055: 2.37778e-05
42056: 2.37773e-05
42057: 2.37767e-05
42058: 2.37761e-05
42059: 2.37756e-05
42060: 2.3775e-05
42061: 2.37744e-05
42062: 2.37739e-05
42063: 2.37733e-05
42064: 2.37727e-05
42065: 2.37722e-05
42066: 2.37716e-05
42067: 2.3771e-05
42068: 2.37705e-05
42069: 2.37699e-05
42070: 2.37693e-05
42071: 2.37688e-05
42072: 2.37682e-05
42073: 2.37676e-05
42074: 2.37671e-05
42075: 2.37665e-05
42076: 2.3766e-05
42077: 2.37654e-05
42078: 2.37648e-05
42079: 2.37643e-05
42080: 2.37637e-05
42081: 2.37631e-05
42082: 2.37626e-05
42083: 2.3762e-05
42084: 2.37614e-05
42085: 2.37609e-05
42086: 2.37603e-05
42087: 2.37597e-05
42088: 2.37592e-05
42089: 2.37586e-05
42090: 2.3758e-05
42091: 2.37575e-05
42092: 2.37569e-05
42093: 2.37564e-05
42094: 2.37558e-05
42095: 2.37552e-05
42096: 2.37547e-05
42097: 2.37541e-05
42098: 2.37535e-05
42099: 2.3753e-05
42100: 2.37524e-05
42101: 2.37518e-05
42102: 2.37513e-05
42103: 2.37507e-05
42104: 2.37501e-05
42105: 2.37496e-05
42106: 2.3749e-05
42107: 2.37485e-05
42108: 2.37479e-05
42109: 2.37473e-05
42110: 2.37468e-05
42111: 2.37462e-05
42112: 2.37456e-05
42113: 2.37451e-05
42114: 2.37445e-05
42115: 2.37439e-05
42116: 2.37434e-05
42117: 2.37428e-05
42118: 2.37423e-05
42119: 2.37417e-05
42120: 2.37411e-05
42121: 2.37406e-05
42122: 2.374e-05
42123: 2.37394e-05
42124: 2.37389e-05
42125: 2.37383e-05
42126: 2.37377e-05
42127: 2.37372e-05
42128: 2.37366e-05
42129: 2.37361e-05
42130: 2.37355e-05
42131: 2.37349e-05
42132: 2.37344e-05
42133: 2.37338e-05
42134: 2.37332e-05
42135: 2.37327e-05
42136: 2.37321e-05
42137: 2.37315e-05
42138: 2.3731e-05
42139: 2.37304e-05
42140: 2.37299e-05
42141: 2.37293e-05
42142: 2.37287e-05
42143: 2.37282e-05
42144: 2.37276e-05
42145: 2.3727e-05
42146: 2.37265e-05
42147: 2.37259e-05
42148: 2.37254e-05
42149: 2.37248e-05
42150: 2.37242e-05
42151: 2.37237e-05
42152: 2.37231e-05
42153: 2.37225e-05
42154: 2.3722e-05
42155: 2.37214e-05
42156: 2.37209e-05
42157: 2.37203e-05
42158: 2.37197e-05
42159: 2.37192e-05
42160: 2.37186e-05
42161: 2.3718e-05
42162: 2.37175e-05
42163: 2.37169e-05
42164: 2.37164e-05
42165: 2.37158e-05
42166: 2.37152e-05
42167: 2.37147e-05
42168: 2.37141e-05
42169: 2.37135e-05
42170: 2.3713e-05
42171: 2.37124e-05
42172: 2.37119e-05
42173: 2.37113e-05
42174: 2.37107e-05
42175: 2.37102e-05
42176: 2.37096e-05
42177: 2.3709e-05
42178: 2.37085e-05
42179: 2.37079e-05
42180: 2.37074e-05
42181: 2.37068e-05
42182: 2.37062e-05
42183: 2.37057e-05
42184: 2.37051e-05
42185: 2.37045e-05
42186: 2.3704e-05
42187: 2.37034e-05
42188: 2.37029e-05
42189: 2.37023e-05
42190: 2.37017e-05
42191: 2.37012e-05
42192: 2.37006e-05
42193: 2.37001e-05
42194: 2.36995e-05
42195: 2.36989e-05
42196: 2.36984e-05
42197: 2.36978e-05
42198: 2.36972e-05
42199: 2.36967e-05
42200: 2.36961e-05
42201: 2.36956e-05
42202: 2.3695e-05
42203: 2.36944e-05
42204: 2.36939e-05
42205: 2.36933e-05
42206: 2.36928e-05
42207: 2.36922e-05
42208: 2.36916e-05
42209: 2.36911e-05
42210: 2.36905e-05
42211: 2.36899e-05
42212: 2.36894e-05
42213: 2.36888e-05
42214: 2.36883e-05
42215: 2.36877e-05
42216: 2.36871e-05
42217: 2.36866e-05
42218: 2.3686e-05
42219: 2.36855e-05
42220: 2.36849e-05
42221: 2.36843e-05
42222: 2.36838e-05
42223: 2.36832e-05
42224: 2.36827e-05
42225: 2.36821e-05
42226: 2.36815e-05
42227: 2.3681e-05
42228: 2.36804e-05
42229: 2.36798e-05
42230: 2.36793e-05
42231: 2.36787e-05
42232: 2.36782e-05
42233: 2.36776e-05
42234: 2.3677e-05
42235: 2.36765e-05
42236: 2.36759e-05
42237: 2.36754e-05
42238: 2.36748e-05
42239: 2.36742e-05
42240: 2.36737e-05
42241: 2.36731e-05
42242: 2.36726e-05
42243: 2.3672e-05
42244: 2.36714e-05
42245: 2.36709e-05
42246: 2.36703e-05
42247: 2.36698e-05
42248: 2.36692e-05
42249: 2.36686e-05
42250: 2.36681e-05
42251: 2.36675e-05
42252: 2.3667e-05
42253: 2.36664e-05
42254: 2.36658e-05
42255: 2.36653e-05
42256: 2.36647e-05
42257: 2.36642e-05
42258: 2.36636e-05
42259: 2.3663e-05
42260: 2.36625e-05
42261: 2.36619e-05
42262: 2.36614e-05
42263: 2.36608e-05
42264: 2.36602e-05
42265: 2.36597e-05
42266: 2.36591e-05
42267: 2.36586e-05
42268: 2.3658e-05
42269: 2.36574e-05
42270: 2.36569e-05
42271: 2.36563e-05
42272: 2.36558e-05
42273: 2.36552e-05
42274: 2.36546e-05
42275: 2.36541e-05
42276: 2.36535e-05
42277: 2.3653e-05
42278: 2.36524e-05
42279: 2.36518e-05
42280: 2.36513e-05
42281: 2.36507e-05
42282: 2.36502e-05
42283: 2.36496e-05
42284: 2.3649e-05
42285: 2.36485e-05
42286: 2.36479e-05
42287: 2.36474e-05
42288: 2.36468e-05
42289: 2.36463e-05
42290: 2.36457e-05
42291: 2.36451e-05
42292: 2.36446e-05
42293: 2.3644e-05
42294: 2.36435e-05
42295: 2.36429e-05
42296: 2.36423e-05
42297: 2.36418e-05
42298: 2.36412e-05
42299: 2.36407e-05
42300: 2.36401e-05
42301: 2.36395e-05
42302: 2.3639e-05
42303: 2.36384e-05
42304: 2.36379e-05
42305: 2.36373e-05
42306: 2.36368e-05
42307: 2.36362e-05
42308: 2.36356e-05
42309: 2.36351e-05
42310: 2.36345e-05
42311: 2.3634e-05
42312: 2.36334e-05
42313: 2.36328e-05
42314: 2.36323e-05
42315: 2.36317e-05
42316: 2.36312e-05
42317: 2.36306e-05
42318: 2.363e-05
42319: 2.36295e-05
42320: 2.36289e-05
42321: 2.36284e-05
42322: 2.36278e-05
42323: 2.36273e-05
42324: 2.36267e-05
42325: 2.36261e-05
42326: 2.36256e-05
42327: 2.3625e-05
42328: 2.36245e-05
42329: 2.36239e-05
42330: 2.36233e-05
42331: 2.36228e-05
42332: 2.36222e-05
42333: 2.36217e-05
42334: 2.36211e-05
42335: 2.36206e-05
42336: 2.362e-05
42337: 2.36194e-05
42338: 2.36189e-05
42339: 2.36183e-05
42340: 2.36178e-05
42341: 2.36172e-05
42342: 2.36167e-05
42343: 2.36161e-05
42344: 2.36155e-05
42345: 2.3615e-05
42346: 2.36144e-05
42347: 2.36139e-05
42348: 2.36133e-05
42349: 2.36128e-05
42350: 2.36122e-05
42351: 2.36116e-05
42352: 2.36111e-05
42353: 2.36105e-05
42354: 2.361e-05
42355: 2.36094e-05
42356: 2.36088e-05
42357: 2.36083e-05
42358: 2.36077e-05
42359: 2.36072e-05
42360: 2.36066e-05
42361: 2.36061e-05
42362: 2.36055e-05
42363: 2.36049e-05
42364: 2.36044e-05
42365: 2.36038e-05
42366: 2.36033e-05
42367: 2.36027e-05
42368: 2.36022e-05
42369: 2.36016e-05
42370: 2.3601e-05
42371: 2.36005e-05
42372: 2.35999e-05
42373: 2.35994e-05
42374: 2.35988e-05
42375: 2.35983e-05
42376: 2.35977e-05
42377: 2.35971e-05
42378: 2.35966e-05
42379: 2.3596e-05
42380: 2.35955e-05
42381: 2.35949e-05
42382: 2.35944e-05
42383: 2.35938e-05
42384: 2.35933e-05
42385: 2.35927e-05
42386: 2.35921e-05
42387: 2.35916e-05
42388: 2.3591e-05
42389: 2.35905e-05
42390: 2.35899e-05
42391: 2.35894e-05
42392: 2.35888e-05
42393: 2.35882e-05
42394: 2.35877e-05
42395: 2.35871e-05
42396: 2.35866e-05
42397: 2.3586e-05
42398: 2.35855e-05
42399: 2.35849e-05
42400: 2.35843e-05
42401: 2.35838e-05
42402: 2.35832e-05
42403: 2.35827e-05
42404: 2.35821e-05
42405: 2.35816e-05
42406: 2.3581e-05
42407: 2.35805e-05
42408: 2.35799e-05
42409: 2.35793e-05
42410: 2.35788e-05
42411: 2.35782e-05
42412: 2.35777e-05
42413: 2.35771e-05
42414: 2.35766e-05
42415: 2.3576e-05
42416: 2.35755e-05
42417: 2.35749e-05
42418: 2.35743e-05
42419: 2.35738e-05
42420: 2.35732e-05
42421: 2.35727e-05
42422: 2.35721e-05
42423: 2.35716e-05
42424: 2.3571e-05
42425: 2.35705e-05
42426: 2.35699e-05
42427: 2.35693e-05
42428: 2.35688e-05
42429: 2.35682e-05
42430: 2.35677e-05
42431: 2.35671e-05
42432: 2.35666e-05
42433: 2.3566e-05
42434: 2.35655e-05
42435: 2.35649e-05
42436: 2.35643e-05
42437: 2.35638e-05
42438: 2.35632e-05
42439: 2.35627e-05
42440: 2.35621e-05
42441: 2.35616e-05
42442: 2.3561e-05
42443: 2.35605e-05
42444: 2.35599e-05
42445: 2.35593e-05
42446: 2.35588e-05
42447: 2.35582e-05
42448: 2.35577e-05
42449: 2.35571e-05
42450: 2.35566e-05
42451: 2.3556e-05
42452: 2.35555e-05
42453: 2.35549e-05
42454: 2.35544e-05
42455: 2.35538e-05
42456: 2.35532e-05
42457: 2.35527e-05
42458: 2.35521e-05
42459: 2.35516e-05
42460: 2.3551e-05
42461: 2.35505e-05
42462: 2.35499e-05
42463: 2.35494e-05
42464: 2.35488e-05
42465: 2.35483e-05
42466: 2.35477e-05
42467: 2.35471e-05
42468: 2.35466e-05
42469: 2.3546e-05
42470: 2.35455e-05
42471: 2.35449e-05
42472: 2.35444e-05
42473: 2.35438e-05
42474: 2.35433e-05
42475: 2.35427e-05
42476: 2.35422e-05
42477: 2.35416e-05
42478: 2.3541e-05
42479: 2.35405e-05
42480: 2.35399e-05
42481: 2.35394e-05
42482: 2.35388e-05
42483: 2.35383e-05
42484: 2.35377e-05
42485: 2.35372e-05
42486: 2.35366e-05
42487: 2.35361e-05
42488: 2.35355e-05
42489: 2.35349e-05
42490: 2.35344e-05
42491: 2.35338e-05
42492: 2.35333e-05
42493: 2.35327e-05
42494: 2.35322e-05
42495: 2.35316e-05
42496: 2.35311e-05
42497: 2.35305e-05
42498: 2.353e-05
42499: 2.35294e-05
42500: 2.35289e-05
42501: 2.35283e-05
42502: 2.35278e-05
42503: 2.35272e-05
42504: 2.35266e-05
42505: 2.35261e-05
42506: 2.35255e-05
42507: 2.3525e-05
42508: 2.35244e-05
42509: 2.35239e-05
42510: 2.35233e-05
42511: 2.35228e-05
42512: 2.35222e-05
42513: 2.35217e-05
42514: 2.35211e-05
42515: 2.35206e-05
42516: 2.352e-05
42517: 2.35195e-05
42518: 2.35189e-05
42519: 2.35183e-05
42520: 2.35178e-05
42521: 2.35172e-05
42522: 2.35167e-05
42523: 2.35161e-05
42524: 2.35156e-05
42525: 2.3515e-05
42526: 2.35145e-05
42527: 2.35139e-05
42528: 2.35134e-05
42529: 2.35128e-05
42530: 2.35123e-05
42531: 2.35117e-05
42532: 2.35112e-05
42533: 2.35106e-05
42534: 2.35101e-05
42535: 2.35095e-05
42536: 2.35089e-05
42537: 2.35084e-05
42538: 2.35078e-05
42539: 2.35073e-05
42540: 2.35067e-05
42541: 2.35062e-05
42542: 2.35056e-05
42543: 2.35051e-05
42544: 2.35045e-05
42545: 2.3504e-05
42546: 2.35034e-05
42547: 2.35029e-05
42548: 2.35023e-05
42549: 2.35018e-05
42550: 2.35012e-05
42551: 2.35007e-05
42552: 2.35001e-05
42553: 2.34996e-05
42554: 2.3499e-05
42555: 2.34984e-05
42556: 2.34979e-05
42557: 2.34973e-05
42558: 2.34968e-05
42559: 2.34962e-05
42560: 2.34957e-05
42561: 2.34951e-05
42562: 2.34946e-05
42563: 2.3494e-05
42564: 2.34935e-05
42565: 2.34929e-05
42566: 2.34924e-05
42567: 2.34918e-05
42568: 2.34913e-05
42569: 2.34907e-05
42570: 2.34902e-05
42571: 2.34896e-05
42572: 2.34891e-05
42573: 2.34885e-05
42574: 2.3488e-05
42575: 2.34874e-05
42576: 2.34869e-05
42577: 2.34863e-05
42578: 2.34858e-05
42579: 2.34852e-05
42580: 2.34847e-05
42581: 2.34841e-05
42582: 2.34835e-05
42583: 2.3483e-05
42584: 2.34824e-05
42585: 2.34819e-05
42586: 2.34813e-05
42587: 2.34808e-05
42588: 2.34802e-05
42589: 2.34797e-05
42590: 2.34791e-05
42591: 2.34786e-05
42592: 2.3478e-05
42593: 2.34775e-05
42594: 2.34769e-05
42595: 2.34764e-05
42596: 2.34758e-05
42597: 2.34753e-05
42598: 2.34747e-05
42599: 2.34742e-05
42600: 2.34736e-05
42601: 2.34731e-05
42602: 2.34725e-05
42603: 2.3472e-05
42604: 2.34714e-05
42605: 2.34709e-05
42606: 2.34703e-05
42607: 2.34698e-05
42608: 2.34692e-05
42609: 2.34687e-05
42610: 2.34681e-05
42611: 2.34676e-05
42612: 2.3467e-05
42613: 2.34665e-05
42614: 2.34659e-05
42615: 2.34654e-05
42616: 2.34648e-05
42617: 2.34643e-05
42618: 2.34637e-05
42619: 2.34632e-05
42620: 2.34626e-05
42621: 2.34621e-05
42622: 2.34615e-05
42623: 2.3461e-05
42624: 2.34604e-05
42625: 2.34599e-05
42626: 2.34593e-05
42627: 2.34588e-05
42628: 2.34582e-05
42629: 2.34577e-05
42630: 2.34571e-05
42631: 2.34566e-05
42632: 2.3456e-05
42633: 2.34555e-05
42634: 2.34549e-05
42635: 2.34544e-05
42636: 2.34538e-05
42637: 2.34533e-05
42638: 2.34527e-05
42639: 2.34522e-05
42640: 2.34516e-05
42641: 2.34511e-05
42642: 2.34505e-05
42643: 2.345e-05
42644: 2.34494e-05
42645: 2.34489e-05
42646: 2.34483e-05
42647: 2.34478e-05
42648: 2.34472e-05
42649: 2.34467e-05
42650: 2.34461e-05
42651: 2.34456e-05
42652: 2.3445e-05
42653: 2.34445e-05
42654: 2.34439e-05
42655: 2.34434e-05
42656: 2.34428e-05
42657: 2.34423e-05
42658: 2.34417e-05
42659: 2.34412e-05
42660: 2.34406e-05
42661: 2.34401e-05
42662: 2.34395e-05
42663: 2.3439e-05
42664: 2.34384e-05
42665: 2.34379e-05
42666: 2.34373e-05
42667: 2.34368e-05
42668: 2.34362e-05
42669: 2.34357e-05
42670: 2.34351e-05
42671: 2.34346e-05
42672: 2.3434e-05
42673: 2.34335e-05
42674: 2.34329e-05
42675: 2.34324e-05
42676: 2.34318e-05
42677: 2.34313e-05
42678: 2.34307e-05
42679: 2.34302e-05
42680: 2.34296e-05
42681: 2.34291e-05
42682: 2.34285e-05
42683: 2.3428e-05
42684: 2.34274e-05
42685: 2.34269e-05
42686: 2.34263e-05
42687: 2.34258e-05
42688: 2.34252e-05
42689: 2.34247e-05
42690: 2.34241e-05
42691: 2.34236e-05
42692: 2.3423e-05
42693: 2.34225e-05
42694: 2.34219e-05
42695: 2.34214e-05
42696: 2.34208e-05
42697: 2.34203e-05
42698: 2.34198e-05
42699: 2.34192e-05
42700: 2.34187e-05
42701: 2.34181e-05
42702: 2.34176e-05
42703: 2.3417e-05
42704: 2.34165e-05
42705: 2.34159e-05
42706: 2.34154e-05
42707: 2.34148e-05
42708: 2.34143e-05
42709: 2.34137e-05
42710: 2.34132e-05
42711: 2.34126e-05
42712: 2.34121e-05
42713: 2.34115e-05
42714: 2.3411e-05
42715: 2.34104e-05
42716: 2.34099e-05
42717: 2.34093e-05
42718: 2.34088e-05
42719: 2.34082e-05
42720: 2.34077e-05
42721: 2.34071e-05
42722: 2.34066e-05
42723: 2.3406e-05
42724: 2.34055e-05
42725: 2.3405e-05
42726: 2.34044e-05
42727: 2.34039e-05
42728: 2.34033e-05
42729: 2.34028e-05
42730: 2.34022e-05
42731: 2.34017e-05
42732: 2.34011e-05
42733: 2.34006e-05
42734: 2.34e-05
42735: 2.33995e-05
42736: 2.33989e-05
42737: 2.33984e-05
42738: 2.33978e-05
42739: 2.33973e-05
42740: 2.33967e-05
42741: 2.33962e-05
42742: 2.33956e-05
42743: 2.33951e-05
42744: 2.33945e-05
42745: 2.3394e-05
42746: 2.33935e-05
42747: 2.33929e-05
42748: 2.33924e-05
42749: 2.33918e-05
42750: 2.33913e-05
42751: 2.33907e-05
42752: 2.33902e-05
42753: 2.33896e-05
42754: 2.33891e-05
42755: 2.33885e-05
42756: 2.3388e-05
42757: 2.33874e-05
42758: 2.33869e-05
42759: 2.33863e-05
42760: 2.33858e-05
42761: 2.33852e-05
42762: 2.33847e-05
42763: 2.33842e-05
42764: 2.33836e-05
42765: 2.33831e-05
42766: 2.33825e-05
42767: 2.3382e-05
42768: 2.33814e-05
42769: 2.33809e-05
42770: 2.33803e-05
42771: 2.33798e-05
42772: 2.33792e-05
42773: 2.33787e-05
42774: 2.33781e-05
42775: 2.33776e-05
42776: 2.3377e-05
42777: 2.33765e-05
42778: 2.3376e-05
42779: 2.33754e-05
42780: 2.33749e-05
42781: 2.33743e-05
42782: 2.33738e-05
42783: 2.33732e-05
42784: 2.33727e-05
42785: 2.33721e-05
42786: 2.33716e-05
42787: 2.3371e-05
42788: 2.33705e-05
42789: 2.33699e-05
42790: 2.33694e-05
42791: 2.33689e-05
42792: 2.33683e-05
42793: 2.33678e-05
42794: 2.33672e-05
42795: 2.33667e-05
42796: 2.33661e-05
42797: 2.33656e-05
42798: 2.3365e-05
42799: 2.33645e-05
42800: 2.33639e-05
42801: 2.33634e-05
42802: 2.33628e-05
42803: 2.33623e-05
42804: 2.33618e-05
42805: 2.33612e-05
42806: 2.33607e-05
42807: 2.33601e-05
42808: 2.33596e-05
42809: 2.3359e-05
42810: 2.33585e-05
42811: 2.33579e-05
42812: 2.33574e-05
42813: 2.33568e-05
42814: 2.33563e-05
42815: 2.33558e-05
42816: 2.33552e-05
42817: 2.33547e-05
42818: 2.33541e-05
42819: 2.33536e-05
42820: 2.3353e-05
42821: 2.33525e-05
42822: 2.33519e-05
42823: 2.33514e-05
42824: 2.33508e-05
42825: 2.33503e-05
42826: 2.33498e-05
42827: 2.33492e-05
42828: 2.33487e-05
42829: 2.33481e-05
42830: 2.33476e-05
42831: 2.3347e-05
42832: 2.33465e-05
42833: 2.33459e-05
42834: 2.33454e-05
42835: 2.33449e-05
42836: 2.33443e-05
42837: 2.33438e-05
42838: 2.33432e-05
42839: 2.33427e-05
42840: 2.33421e-05
42841: 2.33416e-05
42842: 2.3341e-05
42843: 2.33405e-05
42844: 2.33399e-05
42845: 2.33394e-05
42846: 2.33389e-05
42847: 2.33383e-05
42848: 2.33378e-05
42849: 2.33372e-05
42850: 2.33367e-05
42851: 2.33361e-05
42852: 2.33356e-05
42853: 2.3335e-05
42854: 2.33345e-05
42855: 2.3334e-05
42856: 2.33334e-05
42857: 2.33329e-05
42858: 2.33323e-05
42859: 2.33318e-05
42860: 2.33312e-05
42861: 2.33307e-05
42862: 2.33301e-05
42863: 2.33296e-05
42864: 2.33291e-05
42865: 2.33285e-05
42866: 2.3328e-05
42867: 2.33274e-05
42868: 2.33269e-05
42869: 2.33263e-05
42870: 2.33258e-05
42871: 2.33252e-05
42872: 2.33247e-05
42873: 2.33242e-05
42874: 2.33236e-05
42875: 2.33231e-05
42876: 2.33225e-05
42877: 2.3322e-05
42878: 2.33214e-05
42879: 2.33209e-05
42880: 2.33204e-05
42881: 2.33198e-05
42882: 2.33193e-05
42883: 2.33187e-05
42884: 2.33182e-05
42885: 2.33176e-05
42886: 2.33171e-05
42887: 2.33165e-05
42888: 2.3316e-05
42889: 2.33155e-05
42890: 2.33149e-05
42891: 2.33144e-05
42892: 2.33138e-05
42893: 2.33133e-05
42894: 2.33127e-05
42895: 2.33122e-05
42896: 2.33117e-05
42897: 2.33111e-05
42898: 2.33106e-05
42899: 2.331e-05
42900: 2.33095e-05
42901: 2.33089e-05
42902: 2.33084e-05
42903: 2.33079e-05
42904: 2.33073e-05
42905: 2.33068e-05
42906: 2.33062e-05
42907: 2.33057e-05
42908: 2.33051e-05
42909: 2.33046e-05
42910: 2.3304e-05
42911: 2.33035e-05
42912: 2.3303e-05
42913: 2.33024e-05
42914: 2.33019e-05
42915: 2.33013e-05
42916: 2.33008e-05
42917: 2.33002e-05
42918: 2.32997e-05
42919: 2.32992e-05
42920: 2.32986e-05
42921: 2.32981e-05
42922: 2.32975e-05
42923: 2.3297e-05
42924: 2.32964e-05
42925: 2.32959e-05
42926: 2.32954e-05
42927: 2.32948e-05
42928: 2.32943e-05
42929: 2.32937e-05
42930: 2.32932e-05
42931: 2.32926e-05
42932: 2.32921e-05
42933: 2.32916e-05
42934: 2.3291e-05
42935: 2.32905e-05
42936: 2.32899e-05
42937: 2.32894e-05
42938: 2.32889e-05
42939: 2.32883e-05
42940: 2.32878e-05
42941: 2.32872e-05
42942: 2.32867e-05
42943: 2.32861e-05
42944: 2.32856e-05
42945: 2.32851e-05
42946: 2.32845e-05
42947: 2.3284e-05
42948: 2.32834e-05
42949: 2.32829e-05
42950: 2.32823e-05
42951: 2.32818e-05
42952: 2.32813e-05
42953: 2.32807e-05
42954: 2.32802e-05
42955: 2.32796e-05
42956: 2.32791e-05
42957: 2.32786e-05
42958: 2.3278e-05
42959: 2.32775e-05
42960: 2.32769e-05
42961: 2.32764e-05
42962: 2.32758e-05
42963: 2.32753e-05
42964: 2.32748e-05
42965: 2.32742e-05
42966: 2.32737e-05
42967: 2.32731e-05
42968: 2.32726e-05
42969: 2.32721e-05
42970: 2.32715e-05
42971: 2.3271e-05
42972: 2.32704e-05
42973: 2.32699e-05
42974: 2.32693e-05
42975: 2.32688e-05
42976: 2.32683e-05
42977: 2.32677e-05
42978: 2.32672e-05
42979: 2.32666e-05
42980: 2.32661e-05
42981: 2.32656e-05
42982: 2.3265e-05
42983: 2.32645e-05
42984: 2.32639e-05
42985: 2.32634e-05
42986: 2.32628e-05
42987: 2.32623e-05
42988: 2.32618e-05
42989: 2.32612e-05
42990: 2.32607e-05
42991: 2.32601e-05
42992: 2.32596e-05
42993: 2.32591e-05
42994: 2.32585e-05
42995: 2.3258e-05
42996: 2.32574e-05
42997: 2.32569e-05
42998: 2.32564e-05
42999: 2.32558e-05
43000: 2.32553e-05
43001: 2.32547e-05
43002: 2.32542e-05
43003: 2.32537e-05
43004: 2.32531e-05
43005: 2.32526e-05
43006: 2.3252e-05
43007: 2.32515e-05
43008: 2.32509e-05
43009: 2.32504e-05
43010: 2.32499e-05
43011: 2.32493e-05
43012: 2.32488e-05
43013: 2.32482e-05
43014: 2.32477e-05
43015: 2.32472e-05
43016: 2.32466e-05
43017: 2.32461e-05
43018: 2.32455e-05
43019: 2.3245e-05
43020: 2.32445e-05
43021: 2.32439e-05
43022: 2.32434e-05
43023: 2.32428e-05
43024: 2.32423e-05
43025: 2.32418e-05
43026: 2.32412e-05
43027: 2.32407e-05
43028: 2.32401e-05
43029: 2.32396e-05
43030: 2.32391e-05
43031: 2.32385e-05
43032: 2.3238e-05
43033: 2.32374e-05
43034: 2.32369e-05
43035: 2.32364e-05
43036: 2.32358e-05
43037: 2.32353e-05
43038: 2.32347e-05
43039: 2.32342e-05
43040: 2.32337e-05
43041: 2.32331e-05
43042: 2.32326e-05
43043: 2.3232e-05
43044: 2.32315e-05
43045: 2.3231e-05
43046: 2.32304e-05
43047: 2.32299e-05
43048: 2.32293e-05
43049: 2.32288e-05
43050: 2.32283e-05
43051: 2.32277e-05
43052: 2.32272e-05
43053: 2.32266e-05
43054: 2.32261e-05
43055: 2.32256e-05
43056: 2.3225e-05
43057: 2.32245e-05
43058: 2.32239e-05
43059: 2.32234e-05
43060: 2.32229e-05
43061: 2.32223e-05
43062: 2.32218e-05
43063: 2.32213e-05
43064: 2.32207e-05
43065: 2.32202e-05
43066: 2.32196e-05
43067: 2.32191e-05
43068: 2.32186e-05
43069: 2.3218e-05
43070: 2.32175e-05
43071: 2.32169e-05
43072: 2.32164e-05
43073: 2.32159e-05
43074: 2.32153e-05
43075: 2.32148e-05
43076: 2.32142e-05
43077: 2.32137e-05
43078: 2.32132e-05
43079: 2.32126e-05
43080: 2.32121e-05
43081: 2.32116e-05
43082: 2.3211e-05
43083: 2.32105e-05
43084: 2.32099e-05
43085: 2.32094e-05
43086: 2.32089e-05
43087: 2.32083e-05
43088: 2.32078e-05
43089: 2.32072e-05
43090: 2.32067e-05
43091: 2.32062e-05
43092: 2.32056e-05
43093: 2.32051e-05
43094: 2.32045e-05
43095: 2.3204e-05
43096: 2.32035e-05
43097: 2.32029e-05
43098: 2.32024e-05
43099: 2.32019e-05
43100: 2.32013e-05
43101: 2.32008e-05
43102: 2.32002e-05
43103: 2.31997e-05
43104: 2.31992e-05
43105: 2.31986e-05
43106: 2.31981e-05
43107: 2.31976e-05
43108: 2.3197e-05
43109: 2.31965e-05
43110: 2.31959e-05
43111: 2.31954e-05
43112: 2.31949e-05
43113: 2.31943e-05
43114: 2.31938e-05
43115: 2.31932e-05
43116: 2.31927e-05
43117: 2.31922e-05
43118: 2.31916e-05
43119: 2.31911e-05
43120: 2.31906e-05
43121: 2.319e-05
43122: 2.31895e-05
43123: 2.31889e-05
43124: 2.31884e-05
43125: 2.31879e-05
43126: 2.31873e-05
43127: 2.31868e-05
43128: 2.31863e-05
43129: 2.31857e-05
43130: 2.31852e-05
43131: 2.31846e-05
43132: 2.31841e-05
43133: 2.31836e-05
43134: 2.3183e-05
43135: 2.31825e-05
43136: 2.3182e-05
43137: 2.31814e-05
43138: 2.31809e-05
43139: 2.31803e-05
43140: 2.31798e-05
43141: 2.31793e-05
43142: 2.31787e-05
43143: 2.31782e-05
43144: 2.31777e-05
43145: 2.31771e-05
43146: 2.31766e-05
43147: 2.3176e-05
43148: 2.31755e-05
43149: 2.3175e-05
43150: 2.31744e-05
43151: 2.31739e-05
43152: 2.31734e-05
43153: 2.31728e-05
43154: 2.31723e-05
43155: 2.31717e-05
43156: 2.31712e-05
43157: 2.31707e-05
43158: 2.31701e-05
43159: 2.31696e-05
43160: 2.31691e-05
43161: 2.31685e-05
43162: 2.3168e-05
43163: 2.31675e-05
43164: 2.31669e-05
43165: 2.31664e-05
43166: 2.31658e-05
43167: 2.31653e-05
43168: 2.31648e-05
43169: 2.31642e-05
43170: 2.31637e-05
43171: 2.31632e-05
43172: 2.31626e-05
43173: 2.31621e-05
43174: 2.31616e-05
43175: 2.3161e-05
43176: 2.31605e-05
43177: 2.31599e-05
43178: 2.31594e-05
43179: 2.31589e-05
43180: 2.31583e-05
43181: 2.31578e-05
43182: 2.31573e-05
43183: 2.31567e-05
43184: 2.31562e-05
43185: 2.31557e-05
43186: 2.31551e-05
43187: 2.31546e-05
43188: 2.3154e-05
43189: 2.31535e-05
43190: 2.3153e-05
43191: 2.31524e-05
43192: 2.31519e-05
43193: 2.31514e-05
43194: 2.31508e-05
43195: 2.31503e-05
43196: 2.31498e-05
43197: 2.31492e-05
43198: 2.31487e-05
43199: 2.31481e-05
43200: 2.31476e-05
43201: 2.31471e-05
43202: 2.31465e-05
43203: 2.3146e-05
43204: 2.31455e-05
43205: 2.31449e-05
43206: 2.31444e-05
43207: 2.31439e-05
43208: 2.31433e-05
43209: 2.31428e-05
43210: 2.31423e-05
43211: 2.31417e-05
43212: 2.31412e-05
43213: 2.31406e-05
43214: 2.31401e-05
43215: 2.31396e-05
43216: 2.3139e-05
43217: 2.31385e-05
43218: 2.3138e-05
43219: 2.31374e-05
43220: 2.31369e-05
43221: 2.31364e-05
43222: 2.31358e-05
43223: 2.31353e-05
43224: 2.31348e-05
43225: 2.31342e-05
43226: 2.31337e-05
43227: 2.31332e-05
43228: 2.31326e-05
43229: 2.31321e-05
43230: 2.31315e-05
43231: 2.3131e-05
43232: 2.31305e-05
43233: 2.31299e-05
43234: 2.31294e-05
43235: 2.31289e-05
43236: 2.31283e-05
43237: 2.31278e-05
43238: 2.31273e-05
43239: 2.31267e-05
43240: 2.31262e-05
43241: 2.31257e-05
43242: 2.31251e-05
43243: 2.31246e-05
43244: 2.31241e-05
43245: 2.31235e-05
43246: 2.3123e-05
43247: 2.31225e-05
43248: 2.31219e-05
43249: 2.31214e-05
43250: 2.31209e-05
43251: 2.31203e-05
43252: 2.31198e-05
43253: 2.31192e-05
43254: 2.31187e-05
43255: 2.31182e-05
43256: 2.31176e-05
43257: 2.31171e-05
43258: 2.31166e-05
43259: 2.3116e-05
43260: 2.31155e-05
43261: 2.3115e-05
43262: 2.31144e-05
43263: 2.31139e-05
43264: 2.31134e-05
43265: 2.31128e-05
43266: 2.31123e-05
43267: 2.31118e-05
43268: 2.31112e-05
43269: 2.31107e-05
43270: 2.31102e-05
43271: 2.31096e-05
43272: 2.31091e-05
43273: 2.31086e-05
43274: 2.3108e-05
43275: 2.31075e-05
43276: 2.3107e-05
43277: 2.31064e-05
43278: 2.31059e-05
43279: 2.31054e-05
43280: 2.31048e-05
43281: 2.31043e-05
43282: 2.31038e-05
43283: 2.31032e-05
43284: 2.31027e-05
43285: 2.31022e-05
43286: 2.31016e-05
43287: 2.31011e-05
43288: 2.31006e-05
43289: 2.31e-05
43290: 2.30995e-05
43291: 2.3099e-05
43292: 2.30984e-05
43293: 2.30979e-05
43294: 2.30974e-05
43295: 2.30968e-05
43296: 2.30963e-05
43297: 2.30958e-05
43298: 2.30952e-05
43299: 2.30947e-05
43300: 2.30942e-05
43301: 2.30936e-05
43302: 2.30931e-05
43303: 2.30926e-05
43304: 2.3092e-05
43305: 2.30915e-05
43306: 2.3091e-05
43307: 2.30904e-05
43308: 2.30899e-05
43309: 2.30894e-05
43310: 2.30888e-05
43311: 2.30883e-05
43312: 2.30878e-05
43313: 2.30872e-05
43314: 2.30867e-05
43315: 2.30862e-05
43316: 2.30856e-05
43317: 2.30851e-05
43318: 2.30846e-05
43319: 2.3084e-05
43320: 2.30835e-05
43321: 2.3083e-05
43322: 2.30824e-05
43323: 2.30819e-05
43324: 2.30814e-05
43325: 2.30808e-05
43326: 2.30803e-05
43327: 2.30798e-05
43328: 2.30792e-05
43329: 2.30787e-05
43330: 2.30782e-05
43331: 2.30776e-05
43332: 2.30771e-05
43333: 2.30766e-05
43334: 2.3076e-05
43335: 2.30755e-05
43336: 2.3075e-05
43337: 2.30744e-05
43338: 2.30739e-05
43339: 2.30734e-05
43340: 2.30728e-05
43341: 2.30723e-05
43342: 2.30718e-05
43343: 2.30712e-05
43344: 2.30707e-05
43345: 2.30702e-05
43346: 2.30696e-05
43347: 2.30691e-05
43348: 2.30686e-05
43349: 2.30681e-05
43350: 2.30675e-05
43351: 2.3067e-05
43352: 2.30665e-05
43353: 2.30659e-05
43354: 2.30654e-05
43355: 2.30649e-05
43356: 2.30643e-05
43357: 2.30638e-05
43358: 2.30633e-05
43359: 2.30627e-05
43360: 2.30622e-05
43361: 2.30617e-05
43362: 2.30611e-05
43363: 2.30606e-05
43364: 2.30601e-05
43365: 2.30595e-05
43366: 2.3059e-05
43367: 2.30585e-05
43368: 2.30579e-05
43369: 2.30574e-05
43370: 2.30569e-05
43371: 2.30563e-05
43372: 2.30558e-05
43373: 2.30553e-05
43374: 2.30548e-05
43375: 2.30542e-05
43376: 2.30537e-05
43377: 2.30532e-05
43378: 2.30526e-05
43379: 2.30521e-05
43380: 2.30516e-05
43381: 2.3051e-05
43382: 2.30505e-05
43383: 2.305e-05
43384: 2.30494e-05
43385: 2.30489e-05
43386: 2.30484e-05
43387: 2.30478e-05
43388: 2.30473e-05
43389: 2.30468e-05
43390: 2.30463e-05
43391: 2.30457e-05
43392: 2.30452e-05
43393: 2.30447e-05
43394: 2.30441e-05
43395: 2.30436e-05
43396: 2.30431e-05
43397: 2.30425e-05
43398: 2.3042e-05
43399: 2.30415e-05
43400: 2.30409e-05
43401: 2.30404e-05
43402: 2.30399e-05
43403: 2.30394e-05
43404: 2.30388e-05
43405: 2.30383e-05
43406: 2.30378e-05
43407: 2.30372e-05
43408: 2.30367e-05
43409: 2.30362e-05
43410: 2.30356e-05
43411: 2.30351e-05
43412: 2.30346e-05
43413: 2.3034e-05
43414: 2.30335e-05
43415: 2.3033e-05
43416: 2.30325e-05
43417: 2.30319e-05
43418: 2.30314e-05
43419: 2.30309e-05
43420: 2.30303e-05
43421: 2.30298e-05
43422: 2.30293e-05
43423: 2.30287e-05
43424: 2.30282e-05
43425: 2.30277e-05
43426: 2.30271e-05
43427: 2.30266e-05
43428: 2.30261e-05
43429: 2.30256e-05
43430: 2.3025e-05
43431: 2.30245e-05
43432: 2.3024e-05
43433: 2.30234e-05
43434: 2.30229e-05
43435: 2.30224e-05
43436: 2.30218e-05
43437: 2.30213e-05
43438: 2.30208e-05
43439: 2.30203e-05
43440: 2.30197e-05
43441: 2.30192e-05
43442: 2.30187e-05
43443: 2.30181e-05
43444: 2.30176e-05
43445: 2.30171e-05
43446: 2.30165e-05
43447: 2.3016e-05
43448: 2.30155e-05
43449: 2.3015e-05
43450: 2.30144e-05
43451: 2.30139e-05
43452: 2.30134e-05
43453: 2.30128e-05
43454: 2.30123e-05
43455: 2.30118e-05
43456: 2.30113e-05
43457: 2.30107e-05
43458: 2.30102e-05
43459: 2.30097e-05
43460: 2.30091e-05
43461: 2.30086e-05
43462: 2.30081e-05
43463: 2.30075e-05
43464: 2.3007e-05
43465: 2.30065e-05
43466: 2.3006e-05
43467: 2.30054e-05
43468: 2.30049e-05
43469: 2.30044e-05
43470: 2.30038e-05
43471: 2.30033e-05
43472: 2.30028e-05
43473: 2.30023e-05
43474: 2.30017e-05
43475: 2.30012e-05
43476: 2.30007e-05
43477: 2.30001e-05
43478: 2.29996e-05
43479: 2.29991e-05
43480: 2.29986e-05
43481: 2.2998e-05
43482: 2.29975e-05
43483: 2.2997e-05
43484: 2.29964e-05
43485: 2.29959e-05
43486: 2.29954e-05
43487: 2.29948e-05
43488: 2.29943e-05
43489: 2.29938e-05
43490: 2.29933e-05
43491: 2.29927e-05
43492: 2.29922e-05
43493: 2.29917e-05
43494: 2.29911e-05
43495: 2.29906e-05
43496: 2.29901e-05
43497: 2.29896e-05
43498: 2.2989e-05
43499: 2.29885e-05
43500: 2.2988e-05
43501: 2.29874e-05
43502: 2.29869e-05
43503: 2.29864e-05
43504: 2.29859e-05
43505: 2.29853e-05
43506: 2.29848e-05
43507: 2.29843e-05
43508: 2.29838e-05
43509: 2.29832e-05
43510: 2.29827e-05
43511: 2.29822e-05
43512: 2.29816e-05
43513: 2.29811e-05
43514: 2.29806e-05
43515: 2.29801e-05
43516: 2.29795e-05
43517: 2.2979e-05
43518: 2.29785e-05
43519: 2.29779e-05
43520: 2.29774e-05
43521: 2.29769e-05
43522: 2.29764e-05
43523: 2.29758e-05
43524: 2.29753e-05
43525: 2.29748e-05
43526: 2.29742e-05
43527: 2.29737e-05
43528: 2.29732e-05
43529: 2.29727e-05
43530: 2.29721e-05
43531: 2.29716e-05
43532: 2.29711e-05
43533: 2.29706e-05
43534: 2.297e-05
43535: 2.29695e-05
43536: 2.2969e-05
43537: 2.29684e-05
43538: 2.29679e-05
43539: 2.29674e-05
43540: 2.29669e-05
43541: 2.29663e-05
43542: 2.29658e-05
43543: 2.29653e-05
43544: 2.29647e-05
43545: 2.29642e-05
43546: 2.29637e-05
43547: 2.29632e-05
43548: 2.29626e-05
43549: 2.29621e-05
43550: 2.29616e-05
43551: 2.29611e-05
43552: 2.29605e-05
43553: 2.296e-05
43554: 2.29595e-05
43555: 2.29589e-05
43556: 2.29584e-05
43557: 2.29579e-05
43558: 2.29574e-05
43559: 2.29568e-05
43560: 2.29563e-05
43561: 2.29558e-05
43562: 2.29553e-05
43563: 2.29547e-05
43564: 2.29542e-05
43565: 2.29537e-05
43566: 2.29532e-05
43567: 2.29526e-05
43568: 2.29521e-05
43569: 2.29516e-05
43570: 2.2951e-05
43571: 2.29505e-05
43572: 2.295e-05
43573: 2.29495e-05
43574: 2.29489e-05
43575: 2.29484e-05
43576: 2.29479e-05
43577: 2.29474e-05
43578: 2.29468e-05
43579: 2.29463e-05
43580: 2.29458e-05
43581: 2.29453e-05
43582: 2.29447e-05
43583: 2.29442e-05
43584: 2.29437e-05
43585: 2.29431e-05
43586: 2.29426e-05
43587: 2.29421e-05
43588: 2.29416e-05
43589: 2.2941e-05
43590: 2.29405e-05
43591: 2.294e-05
43592: 2.29395e-05
43593: 2.29389e-05
43594: 2.29384e-05
43595: 2.29379e-05
43596: 2.29374e-05
43597: 2.29368e-05
43598: 2.29363e-05
43599: 2.29358e-05
43600: 2.29353e-05
43601: 2.29347e-05
43602: 2.29342e-05
43603: 2.29337e-05
43604: 2.29331e-05
43605: 2.29326e-05
43606: 2.29321e-05
43607: 2.29316e-05
43608: 2.2931e-05
43609: 2.29305e-05
43610: 2.293e-05
43611: 2.29295e-05
43612: 2.29289e-05
43613: 2.29284e-05
43614: 2.29279e-05
43615: 2.29274e-05
43616: 2.29268e-05
43617: 2.29263e-05
43618: 2.29258e-05
43619: 2.29253e-05
43620: 2.29247e-05
43621: 2.29242e-05
43622: 2.29237e-05
43623: 2.29232e-05
43624: 2.29226e-05
43625: 2.29221e-05
43626: 2.29216e-05
43627: 2.29211e-05
43628: 2.29205e-05
43629: 2.292e-05
43630: 2.29195e-05
43631: 2.2919e-05
43632: 2.29184e-05
43633: 2.29179e-05
43634: 2.29174e-05
43635: 2.29169e-05
43636: 2.29163e-05
43637: 2.29158e-05
43638: 2.29153e-05
43639: 2.29148e-05
43640: 2.29142e-05
43641: 2.29137e-05
43642: 2.29132e-05
43643: 2.29127e-05
43644: 2.29121e-05
43645: 2.29116e-05
43646: 2.29111e-05
43647: 2.29106e-05
43648: 2.291e-05
43649: 2.29095e-05
43650: 2.2909e-05
43651: 2.29085e-05
43652: 2.29079e-05
43653: 2.29074e-05
43654: 2.29069e-05
43655: 2.29064e-05
43656: 2.29058e-05
43657: 2.29053e-05
43658: 2.29048e-05
43659: 2.29043e-05
43660: 2.29037e-05
43661: 2.29032e-05
43662: 2.29027e-05
43663: 2.29022e-05
43664: 2.29016e-05
43665: 2.29011e-05
43666: 2.29006e-05
43667: 2.29001e-05
43668: 2.28995e-05
43669: 2.2899e-05
43670: 2.28985e-05
43671: 2.2898e-05
43672: 2.28974e-05
43673: 2.28969e-05
43674: 2.28964e-05
43675: 2.28959e-05
43676: 2.28953e-05
43677: 2.28948e-05
43678: 2.28943e-05
43679: 2.28938e-05
43680: 2.28932e-05
43681: 2.28927e-05
43682: 2.28922e-05
43683: 2.28917e-05
43684: 2.28912e-05
43685: 2.28906e-05
43686: 2.28901e-05
43687: 2.28896e-05
43688: 2.28891e-05
43689: 2.28885e-05
43690: 2.2888e-05
43691: 2.28875e-05
43692: 2.2887e-05
43693: 2.28864e-05
43694: 2.28859e-05
43695: 2.28854e-05
43696: 2.28849e-05
43697: 2.28843e-05
43698: 2.28838e-05
43699: 2.28833e-05
43700: 2.28828e-05
43701: 2.28822e-05
43702: 2.28817e-05
43703: 2.28812e-05
43704: 2.28807e-05
43705: 2.28802e-05
43706: 2.28796e-05
43707: 2.28791e-05
43708: 2.28786e-05
43709: 2.28781e-05
43710: 2.28775e-05
43711: 2.2877e-05
43712: 2.28765e-05
43713: 2.2876e-05
43714: 2.28754e-05
43715: 2.28749e-05
43716: 2.28744e-05
43717: 2.28739e-05
43718: 2.28734e-05
43719: 2.28728e-05
43720: 2.28723e-05
43721: 2.28718e-05
43722: 2.28713e-05
43723: 2.28707e-05
43724: 2.28702e-05
43725: 2.28697e-05
43726: 2.28692e-05
43727: 2.28686e-05
43728: 2.28681e-05
43729: 2.28676e-05
43730: 2.28671e-05
43731: 2.28666e-05
43732: 2.2866e-05
43733: 2.28655e-05
43734: 2.2865e-05
43735: 2.28645e-05
43736: 2.28639e-05
43737: 2.28634e-05
43738: 2.28629e-05
43739: 2.28624e-05
43740: 2.28618e-05
43741: 2.28613e-05
43742: 2.28608e-05
43743: 2.28603e-05
43744: 2.28598e-05
43745: 2.28592e-05
43746: 2.28587e-05
43747: 2.28582e-05
43748: 2.28577e-05
43749: 2.28571e-05
43750: 2.28566e-05
43751: 2.28561e-05
43752: 2.28556e-05
43753: 2.28551e-05
43754: 2.28545e-05
43755: 2.2854e-05
43756: 2.28535e-05
43757: 2.2853e-05
43758: 2.28524e-05
43759: 2.28519e-05
43760: 2.28514e-05
43761: 2.28509e-05
43762: 2.28504e-05
43763: 2.28498e-05
43764: 2.28493e-05
43765: 2.28488e-05
43766: 2.28483e-05
43767: 2.28477e-05
43768: 2.28472e-05
43769: 2.28467e-05
43770: 2.28462e-05
43771: 2.28457e-05
43772: 2.28451e-05
43773: 2.28446e-05
43774: 2.28441e-05
43775: 2.28436e-05
43776: 2.2843e-05
43777: 2.28425e-05
43778: 2.2842e-05
43779: 2.28415e-05
43780: 2.2841e-05
43781: 2.28404e-05
43782: 2.28399e-05
43783: 2.28394e-05
43784: 2.28389e-05
43785: 2.28384e-05
43786: 2.28378e-05
43787: 2.28373e-05
43788: 2.28368e-05
43789: 2.28363e-05
43790: 2.28357e-05
43791: 2.28352e-05
43792: 2.28347e-05
43793: 2.28342e-05
43794: 2.28337e-05
43795: 2.28331e-05
43796: 2.28326e-05
43797: 2.28321e-05
43798: 2.28316e-05
43799: 2.28311e-05
43800: 2.28305e-05
43801: 2.283e-05
43802: 2.28295e-05
43803: 2.2829e-05
43804: 2.28284e-05
43805: 2.28279e-05
43806: 2.28274e-05
43807: 2.28269e-05
43808: 2.28264e-05
43809: 2.28258e-05
43810: 2.28253e-05
43811: 2.28248e-05
43812: 2.28243e-05
43813: 2.28238e-05
43814: 2.28232e-05
43815: 2.28227e-05
43816: 2.28222e-05
43817: 2.28217e-05
43818: 2.28212e-05
43819: 2.28206e-05
43820: 2.28201e-05
43821: 2.28196e-05
43822: 2.28191e-05
43823: 2.28185e-05
43824: 2.2818e-05
43825: 2.28175e-05
43826: 2.2817e-05
43827: 2.28165e-05
43828: 2.28159e-05
43829: 2.28154e-05
43830: 2.28149e-05
43831: 2.28144e-05
43832: 2.28139e-05
43833: 2.28133e-05
43834: 2.28128e-05
43835: 2.28123e-05
43836: 2.28118e-05
43837: 2.28113e-05
43838: 2.28107e-05
43839: 2.28102e-05
43840: 2.28097e-05
43841: 2.28092e-05
43842: 2.28087e-05
43843: 2.28081e-05
43844: 2.28076e-05
43845: 2.28071e-05
43846: 2.28066e-05
43847: 2.28061e-05
43848: 2.28055e-05
43849: 2.2805e-05
43850: 2.28045e-05
43851: 2.2804e-05
43852: 2.28035e-05
43853: 2.28029e-05
43854: 2.28024e-05
43855: 2.28019e-05
43856: 2.28014e-05
43857: 2.28009e-05
43858: 2.28003e-05
43859: 2.27998e-05
43860: 2.27993e-05
43861: 2.27988e-05
43862: 2.27983e-05
43863: 2.27977e-05
43864: 2.27972e-05
43865: 2.27967e-05
43866: 2.27962e-05
43867: 2.27957e-05
43868: 2.27951e-05
43869: 2.27946e-05
43870: 2.27941e-05
43871: 2.27936e-05
43872: 2.27931e-05
43873: 2.27925e-05
43874: 2.2792e-05
43875: 2.27915e-05
43876: 2.2791e-05
43877: 2.27905e-05
43878: 2.27899e-05
43879: 2.27894e-05
43880: 2.27889e-05
43881: 2.27884e-05
43882: 2.27879e-05
43883: 2.27873e-05
43884: 2.27868e-05
43885: 2.27863e-05
43886: 2.27858e-05
43887: 2.27853e-05
43888: 2.27848e-05
43889: 2.27842e-05
43890: 2.27837e-05
43891: 2.27832e-05
43892: 2.27827e-05
43893: 2.27822e-05
43894: 2.27816e-05
43895: 2.27811e-05
43896: 2.27806e-05
43897: 2.27801e-05
43898: 2.27796e-05
43899: 2.2779e-05
43900: 2.27785e-05
43901: 2.2778e-05
43902: 2.27775e-05
43903: 2.2777e-05
43904: 2.27764e-05
43905: 2.27759e-05
43906: 2.27754e-05
43907: 2.27749e-05
43908: 2.27744e-05
43909: 2.27739e-05
43910: 2.27733e-05
43911: 2.27728e-05
43912: 2.27723e-05
43913: 2.27718e-05
43914: 2.27713e-05
43915: 2.27707e-05
43916: 2.27702e-05
43917: 2.27697e-05
43918: 2.27692e-05
43919: 2.27687e-05
43920: 2.27682e-05
43921: 2.27676e-05
43922: 2.27671e-05
43923: 2.27666e-05
43924: 2.27661e-05
43925: 2.27656e-05
43926: 2.2765e-05
43927: 2.27645e-05
43928: 2.2764e-05
43929: 2.27635e-05
43930: 2.2763e-05
43931: 2.27625e-05
43932: 2.27619e-05
43933: 2.27614e-05
43934: 2.27609e-05
43935: 2.27604e-05
43936: 2.27599e-05
43937: 2.27593e-05
43938: 2.27588e-05
43939: 2.27583e-05
43940: 2.27578e-05
43941: 2.27573e-05
43942: 2.27568e-05
43943: 2.27562e-05
43944: 2.27557e-05
43945: 2.27552e-05
43946: 2.27547e-05
43947: 2.27542e-05
43948: 2.27536e-05
43949: 2.27531e-05
43950: 2.27526e-05
43951: 2.27521e-05
43952: 2.27516e-05
43953: 2.27511e-05
43954: 2.27505e-05
43955: 2.275e-05
43956: 2.27495e-05
43957: 2.2749e-05
43958: 2.27485e-05
43959: 2.2748e-05
43960: 2.27474e-05
43961: 2.27469e-05
43962: 2.27464e-05
43963: 2.27459e-05
43964: 2.27454e-05
43965: 2.27448e-05
43966: 2.27443e-05
43967: 2.27438e-05
43968: 2.27433e-05
43969: 2.27428e-05
43970: 2.27423e-05
43971: 2.27417e-05
43972: 2.27412e-05
43973: 2.27407e-05
43974: 2.27402e-05
43975: 2.27397e-05
43976: 2.27392e-05
43977: 2.27386e-05
43978: 2.27381e-05
43979: 2.27376e-05
43980: 2.27371e-05
43981: 2.27366e-05
43982: 2.27361e-05
43983: 2.27355e-05
43984: 2.2735e-05
43985: 2.27345e-05
43986: 2.2734e-05
43987: 2.27335e-05
43988: 2.2733e-05
43989: 2.27324e-05
43990: 2.27319e-05
43991: 2.27314e-05
43992: 2.27309e-05
43993: 2.27304e-05
43994: 2.27299e-05
43995: 2.27293e-05
43996: 2.27288e-05
43997: 2.27283e-05
43998: 2.27278e-05
43999: 2.27273e-05
44000: 2.27268e-05
44001: 2.27262e-05
44002: 2.27257e-05
44003: 2.27252e-05
44004: 2.27247e-05
44005: 2.27242e-05
44006: 2.27237e-05
44007: 2.27231e-05
44008: 2.27226e-05
44009: 2.27221e-05
44010: 2.27216e-05
44011: 2.27211e-05
44012: 2.27206e-05
44013: 2.272e-05
44014: 2.27195e-05
44015: 2.2719e-05
44016: 2.27185e-05
44017: 2.2718e-05
44018: 2.27175e-05
44019: 2.27169e-05
44020: 2.27164e-05
44021: 2.27159e-05
44022: 2.27154e-05
44023: 2.27149e-05
44024: 2.27144e-05
44025: 2.27139e-05
44026: 2.27133e-05
44027: 2.27128e-05
44028: 2.27123e-05
44029: 2.27118e-05
44030: 2.27113e-05
44031: 2.27108e-05
44032: 2.27102e-05
44033: 2.27097e-05
44034: 2.27092e-05
44035: 2.27087e-05
44036: 2.27082e-05
44037: 2.27077e-05
44038: 2.27071e-05
44039: 2.27066e-05
44040: 2.27061e-05
44041: 2.27056e-05
44042: 2.27051e-05
44043: 2.27046e-05
44044: 2.27041e-05
44045: 2.27035e-05
44046: 2.2703e-05
44047: 2.27025e-05
44048: 2.2702e-05
44049: 2.27015e-05
44050: 2.2701e-05
44051: 2.27004e-05
44052: 2.26999e-05
44053: 2.26994e-05
44054: 2.26989e-05
44055: 2.26984e-05
44056: 2.26979e-05
44057: 2.26974e-05
44058: 2.26968e-05
44059: 2.26963e-05
44060: 2.26958e-05
44061: 2.26953e-05
44062: 2.26948e-05
44063: 2.26943e-05
44064: 2.26937e-05
44065: 2.26932e-05
44066: 2.26927e-05
44067: 2.26922e-05
44068: 2.26917e-05
44069: 2.26912e-05
44070: 2.26907e-05
44071: 2.26901e-05
44072: 2.26896e-05
44073: 2.26891e-05
44074: 2.26886e-05
44075: 2.26881e-05
44076: 2.26876e-05
44077: 2.26871e-05
44078: 2.26865e-05
44079: 2.2686e-05
44080: 2.26855e-05
44081: 2.2685e-05
44082: 2.26845e-05
44083: 2.2684e-05
44084: 2.26835e-05
44085: 2.26829e-05
44086: 2.26824e-05
44087: 2.26819e-05
44088: 2.26814e-05
44089: 2.26809e-05
44090: 2.26804e-05
44091: 2.26799e-05
44092: 2.26793e-05
44093: 2.26788e-05
44094: 2.26783e-05
44095: 2.26778e-05
44096: 2.26773e-05
44097: 2.26768e-05
44098: 2.26763e-05
44099: 2.26757e-05
44100: 2.26752e-05
44101: 2.26747e-05
44102: 2.26742e-05
44103: 2.26737e-05
44104: 2.26732e-05
44105: 2.26727e-05
44106: 2.26721e-05
44107: 2.26716e-05
44108: 2.26711e-05
44109: 2.26706e-05
44110: 2.26701e-05
44111: 2.26696e-05
44112: 2.26691e-05
44113: 2.26685e-05
44114: 2.2668e-05
44115: 2.26675e-05
44116: 2.2667e-05
44117: 2.26665e-05
44118: 2.2666e-05
44119: 2.26655e-05
44120: 2.26649e-05
44121: 2.26644e-05
44122: 2.26639e-05
44123: 2.26634e-05
44124: 2.26629e-05
44125: 2.26624e-05
44126: 2.26619e-05
44127: 2.26613e-05
44128: 2.26608e-05
44129: 2.26603e-05
44130: 2.26598e-05
44131: 2.26593e-05
44132: 2.26588e-05
44133: 2.26583e-05
44134: 2.26578e-05
44135: 2.26572e-05
44136: 2.26567e-05
44137: 2.26562e-05
44138: 2.26557e-05
44139: 2.26552e-05
44140: 2.26547e-05
44141: 2.26542e-05
44142: 2.26536e-05
44143: 2.26531e-05
44144: 2.26526e-05
44145: 2.26521e-05
44146: 2.26516e-05
44147: 2.26511e-05
44148: 2.26506e-05
44149: 2.26501e-05
44150: 2.26495e-05
44151: 2.2649e-05
44152: 2.26485e-05
44153: 2.2648e-05
44154: 2.26475e-05
44155: 2.2647e-05
44156: 2.26465e-05
44157: 2.2646e-05
44158: 2.26454e-05
44159: 2.26449e-05
44160: 2.26444e-05
44161: 2.26439e-05
44162: 2.26434e-05
44163: 2.26429e-05
44164: 2.26424e-05
44165: 2.26419e-05
44166: 2.26413e-05
44167: 2.26408e-05
44168: 2.26403e-05
44169: 2.26398e-05
44170: 2.26393e-05
44171: 2.26388e-05
44172: 2.26383e-05
44173: 2.26378e-05
44174: 2.26372e-05
44175: 2.26367e-05
44176: 2.26362e-05
44177: 2.26357e-05
44178: 2.26352e-05
44179: 2.26347e-05
44180: 2.26342e-05
44181: 2.26337e-05
44182: 2.26331e-05
44183: 2.26326e-05
44184: 2.26321e-05
44185: 2.26316e-05
44186: 2.26311e-05
44187: 2.26306e-05
44188: 2.26301e-05
44189: 2.26296e-05
44190: 2.2629e-05
44191: 2.26285e-05
44192: 2.2628e-05
44193: 2.26275e-05
44194: 2.2627e-05
44195: 2.26265e-05
44196: 2.2626e-05
44197: 2.26255e-05
44198: 2.26249e-05
44199: 2.26244e-05
44200: 2.26239e-05
44201: 2.26234e-05
44202: 2.26229e-05
44203: 2.26224e-05
44204: 2.26219e-05
44205: 2.26214e-05
44206: 2.26209e-05
44207: 2.26203e-05
44208: 2.26198e-05
44209: 2.26193e-05
44210: 2.26188e-05
44211: 2.26183e-05
44212: 2.26178e-05
44213: 2.26173e-05
44214: 2.26168e-05
44215: 2.26162e-05
44216: 2.26157e-05
44217: 2.26152e-05
44218: 2.26147e-05
44219: 2.26142e-05
44220: 2.26137e-05
44221: 2.26132e-05
44222: 2.26127e-05
44223: 2.26122e-05
44224: 2.26116e-05
44225: 2.26111e-05
44226: 2.26106e-05
44227: 2.26101e-05
44228: 2.26096e-05
44229: 2.26091e-05
44230: 2.26086e-05
44231: 2.26081e-05
44232: 2.26076e-05
44233: 2.2607e-05
44234: 2.26065e-05
44235: 2.2606e-05
44236: 2.26055e-05
44237: 2.2605e-05
44238: 2.26045e-05
44239: 2.2604e-05
44240: 2.26035e-05
44241: 2.2603e-05
44242: 2.26024e-05
44243: 2.26019e-05
44244: 2.26014e-05
44245: 2.26009e-05
44246: 2.26004e-05
44247: 2.25999e-05
44248: 2.25994e-05
44249: 2.25989e-05
44250: 2.25984e-05
44251: 2.25978e-05
44252: 2.25973e-05
44253: 2.25968e-05
44254: 2.25963e-05
44255: 2.25958e-05
44256: 2.25953e-05
44257: 2.25948e-05
44258: 2.25943e-05
44259: 2.25938e-05
44260: 2.25933e-05
44261: 2.25927e-05
44262: 2.25922e-05
44263: 2.25917e-05
44264: 2.25912e-05
44265: 2.25907e-05
44266: 2.25902e-05
44267: 2.25897e-05
44268: 2.25892e-05
44269: 2.25887e-05
44270: 2.25882e-05
44271: 2.25876e-05
44272: 2.25871e-05
44273: 2.25866e-05
44274: 2.25861e-05
44275: 2.25856e-05
44276: 2.25851e-05
44277: 2.25846e-05
44278: 2.25841e-05
44279: 2.25836e-05
44280: 2.2583e-05
44281: 2.25825e-05
44282: 2.2582e-05
44283: 2.25815e-05
44284: 2.2581e-05
44285: 2.25805e-05
44286: 2.258e-05
44287: 2.25795e-05
44288: 2.2579e-05
44289: 2.25785e-05
44290: 2.2578e-05
44291: 2.25774e-05
44292: 2.25769e-05
44293: 2.25764e-05
44294: 2.25759e-05
44295: 2.25754e-05
44296: 2.25749e-05
44297: 2.25744e-05
44298: 2.25739e-05
44299: 2.25734e-05
44300: 2.25729e-05
44301: 2.25723e-05
44302: 2.25718e-05
44303: 2.25713e-05
44304: 2.25708e-05
44305: 2.25703e-05
44306: 2.25698e-05
44307: 2.25693e-05
44308: 2.25688e-05
44309: 2.25683e-05
44310: 2.25678e-05
44311: 2.25673e-05
44312: 2.25667e-05
44313: 2.25662e-05
44314: 2.25657e-05
44315: 2.25652e-05
44316: 2.25647e-05
44317: 2.25642e-05
44318: 2.25637e-05
44319: 2.25632e-05
44320: 2.25627e-05
44321: 2.25622e-05
44322: 2.25616e-05
44323: 2.25611e-05
44324: 2.25606e-05
44325: 2.25601e-05
44326: 2.25596e-05
44327: 2.25591e-05
44328: 2.25586e-05
44329: 2.25581e-05
44330: 2.25576e-05
44331: 2.25571e-05
44332: 2.25566e-05
44333: 2.25561e-05
44334: 2.25555e-05
44335: 2.2555e-05
44336: 2.25545e-05
44337: 2.2554e-05
44338: 2.25535e-05
44339: 2.2553e-05
44340: 2.25525e-05
44341: 2.2552e-05
44342: 2.25515e-05
44343: 2.2551e-05
44344: 2.25505e-05
44345: 2.25499e-05
44346: 2.25494e-05
44347: 2.25489e-05
44348: 2.25484e-05
44349: 2.25479e-05
44350: 2.25474e-05
44351: 2.25469e-05
44352: 2.25464e-05
44353: 2.25459e-05
44354: 2.25454e-05
44355: 2.25449e-05
44356: 2.25444e-05
44357: 2.25438e-05
44358: 2.25433e-05
44359: 2.25428e-05
44360: 2.25423e-05
44361: 2.25418e-05
44362: 2.25413e-05
44363: 2.25408e-05
44364: 2.25403e-05
44365: 2.25398e-05
44366: 2.25393e-05
44367: 2.25388e-05
44368: 2.25383e-05
44369: 2.25378e-05
44370: 2.25372e-05
44371: 2.25367e-05
44372: 2.25362e-05
44373: 2.25357e-05
44374: 2.25352e-05
44375: 2.25347e-05
44376: 2.25342e-05
44377: 2.25337e-05
44378: 2.25332e-05
44379: 2.25327e-05
44380: 2.25322e-05
44381: 2.25317e-05
44382: 2.25311e-05
44383: 2.25306e-05
44384: 2.25301e-05
44385: 2.25296e-05
44386: 2.25291e-05
44387: 2.25286e-05
44388: 2.25281e-05
44389: 2.25276e-05
44390: 2.25271e-05
44391: 2.25266e-05
44392: 2.25261e-05
44393: 2.25256e-05
44394: 2.25251e-05
44395: 2.25246e-05
44396: 2.2524e-05
44397: 2.25235e-05
44398: 2.2523e-05
44399: 2.25225e-05
44400: 2.2522e-05
44401: 2.25215e-05
44402: 2.2521e-05
44403: 2.25205e-05
44404: 2.252e-05
44405: 2.25195e-05
44406: 2.2519e-05
44407: 2.25185e-05
44408: 2.2518e-05
44409: 2.25175e-05
44410: 2.25169e-05
44411: 2.25164e-05
44412: 2.25159e-05
44413: 2.25154e-05
44414: 2.25149e-05
44415: 2.25144e-05
44416: 2.25139e-05
44417: 2.25134e-05
44418: 2.25129e-05
44419: 2.25124e-05
44420: 2.25119e-05
44421: 2.25114e-05
44422: 2.25109e-05
44423: 2.25104e-05
44424: 2.25098e-05
44425: 2.25093e-05
44426: 2.25088e-05
44427: 2.25083e-05
44428: 2.25078e-05
44429: 2.25073e-05
44430: 2.25068e-05
44431: 2.25063e-05
44432: 2.25058e-05
44433: 2.25053e-05
44434: 2.25048e-05
44435: 2.25043e-05
44436: 2.25038e-05
44437: 2.25033e-05
44438: 2.25028e-05
44439: 2.25023e-05
44440: 2.25017e-05
44441: 2.25012e-05
44442: 2.25007e-05
44443: 2.25002e-05
44444: 2.24997e-05
44445: 2.24992e-05
44446: 2.24987e-05
44447: 2.24982e-05
44448: 2.24977e-05
44449: 2.24972e-05
44450: 2.24967e-05
44451: 2.24962e-05
44452: 2.24957e-05
44453: 2.24952e-05
44454: 2.24947e-05
44455: 2.24942e-05
44456: 2.24936e-05
44457: 2.24931e-05
44458: 2.24926e-05
44459: 2.24921e-05
44460: 2.24916e-05
44461: 2.24911e-05
44462: 2.24906e-05
44463: 2.24901e-05
44464: 2.24896e-05
44465: 2.24891e-05
44466: 2.24886e-05
44467: 2.24881e-05
44468: 2.24876e-05
44469: 2.24871e-05
44470: 2.24866e-05
44471: 2.24861e-05
44472: 2.24856e-05
44473: 2.2485e-05
44474: 2.24845e-05
44475: 2.2484e-05
44476: 2.24835e-05
44477: 2.2483e-05
44478: 2.24825e-05
44479: 2.2482e-05
44480: 2.24815e-05
44481: 2.2481e-05
44482: 2.24805e-05
44483: 2.248e-05
44484: 2.24795e-05
44485: 2.2479e-05
44486: 2.24785e-05
44487: 2.2478e-05
44488: 2.24775e-05
44489: 2.2477e-05
44490: 2.24765e-05
44491: 2.2476e-05
44492: 2.24754e-05
44493: 2.24749e-05
44494: 2.24744e-05
44495: 2.24739e-05
44496: 2.24734e-05
44497: 2.24729e-05
44498: 2.24724e-05
44499: 2.24719e-05
44500: 2.24714e-05
44501: 2.24709e-05
44502: 2.24704e-05
44503: 2.24699e-05
44504: 2.24694e-05
44505: 2.24689e-05
44506: 2.24684e-05
44507: 2.24679e-05
44508: 2.24674e-05
44509: 2.24669e-05
44510: 2.24664e-05
44511: 2.24659e-05
44512: 2.24653e-05
44513: 2.24648e-05
44514: 2.24643e-05
44515: 2.24638e-05
44516: 2.24633e-05
44517: 2.24628e-05
44518: 2.24623e-05
44519: 2.24618e-05
44520: 2.24613e-05
44521: 2.24608e-05
44522: 2.24603e-05
44523: 2.24598e-05
44524: 2.24593e-05
44525: 2.24588e-05
44526: 2.24583e-05
44527: 2.24578e-05
44528: 2.24573e-05
44529: 2.24568e-05
44530: 2.24563e-05
44531: 2.24558e-05
44532: 2.24553e-05
44533: 2.24548e-05
44534: 2.24542e-05
44535: 2.24537e-05
44536: 2.24532e-05
44537: 2.24527e-05
44538: 2.24522e-05
44539: 2.24517e-05
44540: 2.24512e-05
44541: 2.24507e-05
44542: 2.24502e-05
44543: 2.24497e-05
44544: 2.24492e-05
44545: 2.24487e-05
44546: 2.24482e-05
44547: 2.24477e-05
44548: 2.24472e-05
44549: 2.24467e-05
44550: 2.24462e-05
44551: 2.24457e-05
44552: 2.24452e-05
44553: 2.24447e-05
44554: 2.24442e-05
44555: 2.24437e-05
44556: 2.24432e-05
44557: 2.24427e-05
44558: 2.24422e-05
44559: 2.24417e-05
44560: 2.24411e-05
44561: 2.24406e-05
44562: 2.24401e-05
44563: 2.24396e-05
44564: 2.24391e-05
44565: 2.24386e-05
44566: 2.24381e-05
44567: 2.24376e-05
44568: 2.24371e-05
44569: 2.24366e-05
44570: 2.24361e-05
44571: 2.24356e-05
44572: 2.24351e-05
44573: 2.24346e-05
44574: 2.24341e-05
44575: 2.24336e-05
44576: 2.24331e-05
44577: 2.24326e-05
44578: 2.24321e-05
44579: 2.24316e-05
44580: 2.24311e-05
44581: 2.24306e-05
44582: 2.24301e-05
44583: 2.24296e-05
44584: 2.24291e-05
44585: 2.24286e-05
44586: 2.24281e-05
44587: 2.24276e-05
44588: 2.24271e-05
44589: 2.24266e-05
44590: 2.24261e-05
44591: 2.24255e-05
44592: 2.2425e-05
44593: 2.24245e-05
44594: 2.2424e-05
44595: 2.24235e-05
44596: 2.2423e-05
44597: 2.24225e-05
44598: 2.2422e-05
44599: 2.24215e-05
44600: 2.2421e-05
44601: 2.24205e-05
44602: 2.242e-05
44603: 2.24195e-05
44604: 2.2419e-05
44605: 2.24185e-05
44606: 2.2418e-05
44607: 2.24175e-05
44608: 2.2417e-05
44609: 2.24165e-05
44610: 2.2416e-05
44611: 2.24155e-05
44612: 2.2415e-05
44613: 2.24145e-05
44614: 2.2414e-05
44615: 2.24135e-05
44616: 2.2413e-05
44617: 2.24125e-05
44618: 2.2412e-05
44619: 2.24115e-05
44620: 2.2411e-05
44621: 2.24105e-05
44622: 2.241e-05
44623: 2.24095e-05
44624: 2.2409e-05
44625: 2.24085e-05
44626: 2.2408e-05
44627: 2.24075e-05
44628: 2.2407e-05
44629: 2.24065e-05
44630: 2.2406e-05
44631: 2.24054e-05
44632: 2.24049e-05
44633: 2.24044e-05
44634: 2.24039e-05
44635: 2.24034e-05
44636: 2.24029e-05
44637: 2.24024e-05
44638: 2.24019e-05
44639: 2.24014e-05
44640: 2.24009e-05
44641: 2.24004e-05
44642: 2.23999e-05
44643: 2.23994e-05
44644: 2.23989e-05
44645: 2.23984e-05
44646: 2.23979e-05
44647: 2.23974e-05
44648: 2.23969e-05
44649: 2.23964e-05
44650: 2.23959e-05
44651: 2.23954e-05
44652: 2.23949e-05
44653: 2.23944e-05
44654: 2.23939e-05
44655: 2.23934e-05
44656: 2.23929e-05
44657: 2.23924e-05
44658: 2.23919e-05
44659: 2.23914e-05
44660: 2.23909e-05
44661: 2.23904e-05
44662: 2.23899e-05
44663: 2.23894e-05
44664: 2.23889e-05
44665: 2.23884e-05
44666: 2.23879e-05
44667: 2.23874e-05
44668: 2.23869e-05
44669: 2.23864e-05
44670: 2.23859e-05
44671: 2.23854e-05
44672: 2.23849e-05
44673: 2.23844e-05
44674: 2.23839e-05
44675: 2.23834e-05
44676: 2.23829e-05
44677: 2.23824e-05
44678: 2.23819e-05
44679: 2.23814e-05
44680: 2.23809e-05
44681: 2.23804e-05
44682: 2.23799e-05
44683: 2.23794e-05
44684: 2.23789e-05
44685: 2.23784e-05
44686: 2.23779e-05
44687: 2.23774e-05
44688: 2.23769e-05
44689: 2.23764e-05
44690: 2.23759e-05
44691: 2.23754e-05
44692: 2.23749e-05
44693: 2.23744e-05
44694: 2.23739e-05
44695: 2.23734e-05
44696: 2.23729e-05
44697: 2.23724e-05
44698: 2.23719e-05
44699: 2.23714e-05
44700: 2.23709e-05
44701: 2.23704e-05
44702: 2.23699e-05
44703: 2.23694e-05
44704: 2.23689e-05
44705: 2.23684e-05
44706: 2.23679e-05
44707: 2.23674e-05
44708: 2.23669e-05
44709: 2.23664e-05
44710: 2.23659e-05
44711: 2.23654e-05
44712: 2.23649e-05
44713: 2.23644e-05
44714: 2.23639e-05
44715: 2.23634e-05
44716: 2.23629e-05
44717: 2.23624e-05
44718: 2.23619e-05
44719: 2.23614e-05
44720: 2.23609e-05
44721: 2.23604e-05
44722: 2.23599e-05
44723: 2.23594e-05
44724: 2.23589e-05
44725: 2.23584e-05
44726: 2.23579e-05
44727: 2.23574e-05
44728: 2.23569e-05
44729: 2.23564e-05
44730: 2.23559e-05
44731: 2.23554e-05
44732: 2.23549e-05
44733: 2.23544e-05
44734: 2.23539e-05
44735: 2.23534e-05
44736: 2.23529e-05
44737: 2.23524e-05
44738: 2.23519e-05
44739: 2.23514e-05
44740: 2.23509e-05
44741: 2.23504e-05
44742: 2.23499e-05
44743: 2.23494e-05
44744: 2.23489e-05
44745: 2.23484e-05
44746: 2.23479e-05
44747: 2.23474e-05
44748: 2.23469e-05
44749: 2.23464e-05
44750: 2.23459e-05
44751: 2.23454e-05
44752: 2.23449e-05
44753: 2.23444e-05
44754: 2.23439e-05
44755: 2.23434e-05
44756: 2.23429e-05
44757: 2.23424e-05
44758: 2.23419e-05
44759: 2.23414e-05
44760: 2.23409e-05
44761: 2.23404e-05
44762: 2.23399e-05
44763: 2.23394e-05
44764: 2.23389e-05
44765: 2.23384e-05
44766: 2.23379e-05
44767: 2.23374e-05
44768: 2.23369e-05
44769: 2.23364e-05
44770: 2.23359e-05
44771: 2.23354e-05
44772: 2.23349e-05
44773: 2.23344e-05
44774: 2.23339e-05
44775: 2.23334e-05
44776: 2.23329e-05
44777: 2.23324e-05
44778: 2.23319e-05
44779: 2.23314e-05
44780: 2.23309e-05
44781: 2.23304e-05
44782: 2.23299e-05
44783: 2.23294e-05
44784: 2.23289e-05
44785: 2.23284e-05
44786: 2.23279e-05
44787: 2.23274e-05
44788: 2.23269e-05
44789: 2.23264e-05
44790: 2.23259e-05
44791: 2.23254e-05
44792: 2.23249e-05
44793: 2.23244e-05
44794: 2.23239e-05
44795: 2.23234e-05
44796: 2.23229e-05
44797: 2.23224e-05
44798: 2.23219e-05
44799: 2.23214e-05
44800: 2.23209e-05
44801: 2.23204e-05
44802: 2.23199e-05
44803: 2.23194e-05
44804: 2.23189e-05
44805: 2.23184e-05
44806: 2.23179e-05
44807: 2.23174e-05
44808: 2.23169e-05
44809: 2.23164e-05
44810: 2.23159e-05
44811: 2.23155e-05
44812: 2.2315e-05
44813: 2.23145e-05
44814: 2.2314e-05
44815: 2.23135e-05
44816: 2.2313e-05
44817: 2.23125e-05
44818: 2.2312e-05
44819: 2.23115e-05
44820: 2.2311e-05
44821: 2.23105e-05
44822: 2.231e-05
44823: 2.23095e-05
44824: 2.2309e-05
44825: 2.23085e-05
44826: 2.2308e-05
44827: 2.23075e-05
44828: 2.2307e-05
44829: 2.23065e-05
44830: 2.2306e-05
44831: 2.23055e-05
44832: 2.2305e-05
44833: 2.23045e-05
44834: 2.2304e-05
44835: 2.23035e-05
44836: 2.2303e-05
44837: 2.23025e-05
44838: 2.2302e-05
44839: 2.23015e-05
44840: 2.2301e-05
44841: 2.23005e-05
44842: 2.23e-05
44843: 2.22995e-05
44844: 2.2299e-05
44845: 2.22985e-05
44846: 2.2298e-05
44847: 2.22975e-05
44848: 2.2297e-05
44849: 2.22965e-05
44850: 2.2296e-05
44851: 2.22955e-05
44852: 2.22951e-05
44853: 2.22946e-05
44854: 2.22941e-05
44855: 2.22936e-05
44856: 2.22931e-05
44857: 2.22926e-05
44858: 2.22921e-05
44859: 2.22916e-05
44860: 2.22911e-05
44861: 2.22906e-05
44862: 2.22901e-05
44863: 2.22896e-05
44864: 2.22891e-05
44865: 2.22886e-05
44866: 2.22881e-05
44867: 2.22876e-05
44868: 2.22871e-05
44869: 2.22866e-05
44870: 2.22861e-05
44871: 2.22856e-05
44872: 2.22851e-05
44873: 2.22846e-05
44874: 2.22841e-05
44875: 2.22836e-05
44876: 2.22831e-05
44877: 2.22826e-05
44878: 2.22821e-05
44879: 2.22816e-05
44880: 2.22811e-05
44881: 2.22806e-05
44882: 2.22802e-05
44883: 2.22797e-05
44884: 2.22792e-05
44885: 2.22787e-05
44886: 2.22782e-05
44887: 2.22777e-05
44888: 2.22772e-05
44889: 2.22767e-05
44890: 2.22762e-05
44891: 2.22757e-05
44892: 2.22752e-05
44893: 2.22747e-05
44894: 2.22742e-05
44895: 2.22737e-05
44896: 2.22732e-05
44897: 2.22727e-05
44898: 2.22722e-05
44899: 2.22717e-05
44900: 2.22712e-05
44901: 2.22707e-05
44902: 2.22702e-05
44903: 2.22697e-05
44904: 2.22692e-05
44905: 2.22687e-05
44906: 2.22682e-05
44907: 2.22677e-05
44908: 2.22673e-05
44909: 2.22668e-05
44910: 2.22663e-05
44911: 2.22658e-05
44912: 2.22653e-05
44913: 2.22648e-05
44914: 2.22643e-05
44915: 2.22638e-05
44916: 2.22633e-05
44917: 2.22628e-05
44918: 2.22623e-05
44919: 2.22618e-05
44920: 2.22613e-05
44921: 2.22608e-05
44922: 2.22603e-05
44923: 2.22598e-05
44924: 2.22593e-05
44925: 2.22588e-05
44926: 2.22583e-05
44927: 2.22578e-05
44928: 2.22573e-05
44929: 2.22568e-05
44930: 2.22563e-05
44931: 2.22559e-05
44932: 2.22554e-05
44933: 2.22549e-05
44934: 2.22544e-05
44935: 2.22539e-05
44936: 2.22534e-05
44937: 2.22529e-05
44938: 2.22524e-05
44939: 2.22519e-05
44940: 2.22514e-05
44941: 2.22509e-05
44942: 2.22504e-05
44943: 2.22499e-05
44944: 2.22494e-05
44945: 2.22489e-05
44946: 2.22484e-05
44947: 2.22479e-05
44948: 2.22474e-05
44949: 2.22469e-05
44950: 2.22464e-05
44951: 2.2246e-05
44952: 2.22455e-05
44953: 2.2245e-05
44954: 2.22445e-05
44955: 2.2244e-05
44956: 2.22435e-05
44957: 2.2243e-05
44958: 2.22425e-05
44959: 2.2242e-05
44960: 2.22415e-05
44961: 2.2241e-05
44962: 2.22405e-05
44963: 2.224e-05
44964: 2.22395e-05
44965: 2.2239e-05
44966: 2.22385e-05
44967: 2.2238e-05
44968: 2.22375e-05
44969: 2.2237e-05
44970: 2.22366e-05
44971: 2.22361e-05
44972: 2.22356e-05
44973: 2.22351e-05
44974: 2.22346e-05
44975: 2.22341e-05
44976: 2.22336e-05
44977: 2.22331e-05
44978: 2.22326e-05
44979: 2.22321e-05
44980: 2.22316e-05
44981: 2.22311e-05
44982: 2.22306e-05
44983: 2.22301e-05
44984: 2.22296e-05
44985: 2.22291e-05
44986: 2.22286e-05
44987: 2.22281e-05
44988: 2.22277e-05
44989: 2.22272e-05
44990: 2.22267e-05
44991: 2.22262e-05
44992: 2.22257e-05
44993: 2.22252e-05
44994: 2.22247e-05
44995: 2.22242e-05
44996: 2.22237e-05
44997: 2.22232e-05
44998: 2.22227e-05
44999: 2.22222e-05
45000: 2.22217e-05
45001: 2.22212e-05
45002: 2.22207e-05
45003: 2.22202e-05
45004: 2.22198e-05
45005: 2.22193e-05
45006: 2.22188e-05
45007: 2.22183e-05
45008: 2.22178e-05
45009: 2.22173e-05
45010: 2.22168e-05
45011: 2.22163e-05
45012: 2.22158e-05
45013: 2.22153e-05
45014: 2.22148e-05
45015: 2.22143e-05
45016: 2.22138e-05
45017: 2.22133e-05
45018: 2.22128e-05
45019: 2.22124e-05
45020: 2.22119e-05
45021: 2.22114e-05
45022: 2.22109e-05
45023: 2.22104e-05
45024: 2.22099e-05
45025: 2.22094e-05
45026: 2.22089e-05
45027: 2.22084e-05
45028: 2.22079e-05
45029: 2.22074e-05
45030: 2.22069e-05
45031: 2.22064e-05
45032: 2.22059e-05
45033: 2.22054e-05
45034: 2.2205e-05
45035: 2.22045e-05
45036: 2.2204e-05
45037: 2.22035e-05
45038: 2.2203e-05
45039: 2.22025e-05
45040: 2.2202e-05
45041: 2.22015e-05
45042: 2.2201e-05
45043: 2.22005e-05
45044: 2.22e-05
45045: 2.21995e-05
45046: 2.2199e-05
45047: 2.21985e-05
45048: 2.21981e-05
45049: 2.21976e-05
45050: 2.21971e-05
45051: 2.21966e-05
45052: 2.21961e-05
45053: 2.21956e-05
45054: 2.21951e-05
45055: 2.21946e-05
45056: 2.21941e-05
45057: 2.21936e-05
45058: 2.21931e-05
45059: 2.21926e-05
45060: 2.21921e-05
45061: 2.21916e-05
45062: 2.21912e-05
45063: 2.21907e-05
45064: 2.21902e-05
45065: 2.21897e-05
45066: 2.21892e-05
45067: 2.21887e-05
45068: 2.21882e-05
45069: 2.21877e-05
45070: 2.21872e-05
45071: 2.21867e-05
45072: 2.21862e-05
45073: 2.21857e-05
45074: 2.21852e-05
45075: 2.21848e-05
45076: 2.21843e-05
45077: 2.21838e-05
45078: 2.21833e-05
45079: 2.21828e-05
45080: 2.21823e-05
45081: 2.21818e-05
45082: 2.21813e-05
45083: 2.21808e-05
45084: 2.21803e-05
45085: 2.21798e-05
45086: 2.21793e-05
45087: 2.21789e-05
45088: 2.21784e-05
45089: 2.21779e-05
45090: 2.21774e-05
45091: 2.21769e-05
45092: 2.21764e-05
45093: 2.21759e-05
45094: 2.21754e-05
45095: 2.21749e-05
45096: 2.21744e-05
45097: 2.21739e-05
45098: 2.21734e-05
45099: 2.21729e-05
45100: 2.21725e-05
45101: 2.2172e-05
45102: 2.21715e-05
45103: 2.2171e-05
45104: 2.21705e-05
45105: 2.217e-05
45106: 2.21695e-05
45107: 2.2169e-05
45108: 2.21685e-05
45109: 2.2168e-05
45110: 2.21675e-05
45111: 2.21671e-05
45112: 2.21666e-05
45113: 2.21661e-05
45114: 2.21656e-05
45115: 2.21651e-05
45116: 2.21646e-05
45117: 2.21641e-05
45118: 2.21636e-05
45119: 2.21631e-05
45120: 2.21626e-05
45121: 2.21621e-05
45122: 2.21616e-05
45123: 2.21612e-05
45124: 2.21607e-05
45125: 2.21602e-05
45126: 2.21597e-05
45127: 2.21592e-05
45128: 2.21587e-05
45129: 2.21582e-05
45130: 2.21577e-05
45131: 2.21572e-05
45132: 2.21567e-05
45133: 2.21562e-05
45134: 2.21558e-05
45135: 2.21553e-05
45136: 2.21548e-05
45137: 2.21543e-05
45138: 2.21538e-05
45139: 2.21533e-05
45140: 2.21528e-05
45141: 2.21523e-05
45142: 2.21518e-05
45143: 2.21513e-05
45144: 2.21508e-05
45145: 2.21504e-05
45146: 2.21499e-05
45147: 2.21494e-05
45148: 2.21489e-05
45149: 2.21484e-05
45150: 2.21479e-05
45151: 2.21474e-05
45152: 2.21469e-05
45153: 2.21464e-05
45154: 2.21459e-05
45155: 2.21455e-05
45156: 2.2145e-05
45157: 2.21445e-05
45158: 2.2144e-05
45159: 2.21435e-05
45160: 2.2143e-05
45161: 2.21425e-05
45162: 2.2142e-05
45163: 2.21415e-05
45164: 2.2141e-05
45165: 2.21405e-05
45166: 2.21401e-05
45167: 2.21396e-05
45168: 2.21391e-05
45169: 2.21386e-05
45170: 2.21381e-05
45171: 2.21376e-05
45172: 2.21371e-05
45173: 2.21366e-05
45174: 2.21361e-05
45175: 2.21356e-05
45176: 2.21352e-05
45177: 2.21347e-05
45178: 2.21342e-05
45179: 2.21337e-05
45180: 2.21332e-05
45181: 2.21327e-05
45182: 2.21322e-05
45183: 2.21317e-05
45184: 2.21312e-05
45185: 2.21307e-05
45186: 2.21303e-05
45187: 2.21298e-05
45188: 2.21293e-05
45189: 2.21288e-05
45190: 2.21283e-05
45191: 2.21278e-05
45192: 2.21273e-05
45193: 2.21268e-05
45194: 2.21263e-05
45195: 2.21259e-05
45196: 2.21254e-05
45197: 2.21249e-05
45198: 2.21244e-05
45199: 2.21239e-05
45200: 2.21234e-05
45201: 2.21229e-05
45202: 2.21224e-05
45203: 2.21219e-05
45204: 2.21214e-05
45205: 2.2121e-05
45206: 2.21205e-05
45207: 2.212e-05
45208: 2.21195e-05
45209: 2.2119e-05
45210: 2.21185e-05
45211: 2.2118e-05
45212: 2.21175e-05
45213: 2.2117e-05
45214: 2.21166e-05
45215: 2.21161e-05
45216: 2.21156e-05
45217: 2.21151e-05
45218: 2.21146e-05
45219: 2.21141e-05
45220: 2.21136e-05
45221: 2.21131e-05
45222: 2.21126e-05
45223: 2.21122e-05
45224: 2.21117e-05
45225: 2.21112e-05
45226: 2.21107e-05
45227: 2.21102e-05
45228: 2.21097e-05
45229: 2.21092e-05
45230: 2.21087e-05
45231: 2.21082e-05
45232: 2.21078e-05
45233: 2.21073e-05
45234: 2.21068e-05
45235: 2.21063e-05
45236: 2.21058e-05
45237: 2.21053e-05
45238: 2.21048e-05
45239: 2.21043e-05
45240: 2.21038e-05
45241: 2.21034e-05
45242: 2.21029e-05
45243: 2.21024e-05
45244: 2.21019e-05
45245: 2.21014e-05
45246: 2.21009e-05
45247: 2.21004e-05
45248: 2.20999e-05
45249: 2.20994e-05
45250: 2.2099e-05
45251: 2.20985e-05
45252: 2.2098e-05
45253: 2.20975e-05
45254: 2.2097e-05
45255: 2.20965e-05
45256: 2.2096e-05
45257: 2.20955e-05
45258: 2.20951e-05
45259: 2.20946e-05
45260: 2.20941e-05
45261: 2.20936e-05
45262: 2.20931e-05
45263: 2.20926e-05
45264: 2.20921e-05
45265: 2.20916e-05
45266: 2.20911e-05
45267: 2.20907e-05
45268: 2.20902e-05
45269: 2.20897e-05
45270: 2.20892e-05
45271: 2.20887e-05
45272: 2.20882e-05
45273: 2.20877e-05
45274: 2.20872e-05
45275: 2.20868e-05
45276: 2.20863e-05
45277: 2.20858e-05
45278: 2.20853e-05
45279: 2.20848e-05
45280: 2.20843e-05
45281: 2.20838e-05
45282: 2.20833e-05
45283: 2.20829e-05
45284: 2.20824e-05
45285: 2.20819e-05
45286: 2.20814e-05
45287: 2.20809e-05
45288: 2.20804e-05
45289: 2.20799e-05
45290: 2.20794e-05
45291: 2.2079e-05
45292: 2.20785e-05
45293: 2.2078e-05
45294: 2.20775e-05
45295: 2.2077e-05
45296: 2.20765e-05
45297: 2.2076e-05
45298: 2.20755e-05
45299: 2.20751e-05
45300: 2.20746e-05
45301: 2.20741e-05
45302: 2.20736e-05
45303: 2.20731e-05
45304: 2.20726e-05
45305: 2.20721e-05
45306: 2.20716e-05
45307: 2.20712e-05
45308: 2.20707e-05
45309: 2.20702e-05
45310: 2.20697e-05
45311: 2.20692e-05
45312: 2.20687e-05
45313: 2.20682e-05
45314: 2.20677e-05
45315: 2.20673e-05
45316: 2.20668e-05
45317: 2.20663e-05
45318: 2.20658e-05
45319: 2.20653e-05
45320: 2.20648e-05
45321: 2.20643e-05
45322: 2.20639e-05
45323: 2.20634e-05
45324: 2.20629e-05
45325: 2.20624e-05
45326: 2.20619e-05
45327: 2.20614e-05
45328: 2.20609e-05
45329: 2.20604e-05
45330: 2.206e-05
45331: 2.20595e-05
45332: 2.2059e-05
45333: 2.20585e-05
45334: 2.2058e-05
45335: 2.20575e-05
45336: 2.2057e-05
45337: 2.20566e-05
45338: 2.20561e-05
45339: 2.20556e-05
45340: 2.20551e-05
45341: 2.20546e-05
45342: 2.20541e-05
45343: 2.20536e-05
45344: 2.20531e-05
45345: 2.20527e-05
45346: 2.20522e-05
45347: 2.20517e-05
45348: 2.20512e-05
45349: 2.20507e-05
45350: 2.20502e-05
45351: 2.20497e-05
45352: 2.20493e-05
45353: 2.20488e-05
45354: 2.20483e-05
45355: 2.20478e-05
45356: 2.20473e-05
45357: 2.20468e-05
45358: 2.20463e-05
45359: 2.20459e-05
45360: 2.20454e-05
45361: 2.20449e-05
45362: 2.20444e-05
45363: 2.20439e-05
45364: 2.20434e-05
45365: 2.20429e-05
45366: 2.20425e-05
45367: 2.2042e-05
45368: 2.20415e-05
45369: 2.2041e-05
45370: 2.20405e-05
45371: 2.204e-05
45372: 2.20395e-05
45373: 2.20391e-05
45374: 2.20386e-05
45375: 2.20381e-05
45376: 2.20376e-05
45377: 2.20371e-05
45378: 2.20366e-05
45379: 2.20361e-05
45380: 2.20357e-05
45381: 2.20352e-05
45382: 2.20347e-05
45383: 2.20342e-05
45384: 2.20337e-05
45385: 2.20332e-05
45386: 2.20327e-05
45387: 2.20323e-05
45388: 2.20318e-05
45389: 2.20313e-05
45390: 2.20308e-05
45391: 2.20303e-05
45392: 2.20298e-05
45393: 2.20293e-05
45394: 2.20289e-05
45395: 2.20284e-05
45396: 2.20279e-05
45397: 2.20274e-05
45398: 2.20269e-05
45399: 2.20264e-05
45400: 2.20259e-05
45401: 2.20255e-05
45402: 2.2025e-05
45403: 2.20245e-05
45404: 2.2024e-05
45405: 2.20235e-05
45406: 2.2023e-05
45407: 2.20226e-05
45408: 2.20221e-05
45409: 2.20216e-05
45410: 2.20211e-05
45411: 2.20206e-05
45412: 2.20201e-05
45413: 2.20196e-05
45414: 2.20192e-05
45415: 2.20187e-05
45416: 2.20182e-05
45417: 2.20177e-05
45418: 2.20172e-05
45419: 2.20167e-05
45420: 2.20162e-05
45421: 2.20158e-05
45422: 2.20153e-05
45423: 2.20148e-05
45424: 2.20143e-05
45425: 2.20138e-05
45426: 2.20133e-05
45427: 2.20129e-05
45428: 2.20124e-05
45429: 2.20119e-05
45430: 2.20114e-05
45431: 2.20109e-05
45432: 2.20104e-05
45433: 2.20099e-05
45434: 2.20095e-05
45435: 2.2009e-05
45436: 2.20085e-05
45437: 2.2008e-05
45438: 2.20075e-05
45439: 2.2007e-05
45440: 2.20066e-05
45441: 2.20061e-05
45442: 2.20056e-05
45443: 2.20051e-05
45444: 2.20046e-05
45445: 2.20041e-05
45446: 2.20037e-05
45447: 2.20032e-05
45448: 2.20027e-05
45449: 2.20022e-05
45450: 2.20017e-05
45451: 2.20012e-05
45452: 2.20007e-05
45453: 2.20003e-05
45454: 2.19998e-05
45455: 2.19993e-05
45456: 2.19988e-05
45457: 2.19983e-05
45458: 2.19978e-05
45459: 2.19974e-05
45460: 2.19969e-05
45461: 2.19964e-05
45462: 2.19959e-05
45463: 2.19954e-05
45464: 2.19949e-05
45465: 2.19945e-05
45466: 2.1994e-05
45467: 2.19935e-05
45468: 2.1993e-05
45469: 2.19925e-05
45470: 2.1992e-05
45471: 2.19916e-05
45472: 2.19911e-05
45473: 2.19906e-05
45474: 2.19901e-05
45475: 2.19896e-05
45476: 2.19891e-05
45477: 2.19887e-05
45478: 2.19882e-05
45479: 2.19877e-05
45480: 2.19872e-05
45481: 2.19867e-05
45482: 2.19862e-05
45483: 2.19858e-05
45484: 2.19853e-05
45485: 2.19848e-05
45486: 2.19843e-05
45487: 2.19838e-05
45488: 2.19833e-05
45489: 2.19829e-05
45490: 2.19824e-05
45491: 2.19819e-05
45492: 2.19814e-05
45493: 2.19809e-05
45494: 2.19804e-05
45495: 2.198e-05
45496: 2.19795e-05
45497: 2.1979e-05
45498: 2.19785e-05
45499: 2.1978e-05
45500: 2.19775e-05
45501: 2.19771e-05
45502: 2.19766e-05
45503: 2.19761e-05
45504: 2.19756e-05
45505: 2.19751e-05
45506: 2.19746e-05
45507: 2.19742e-05
45508: 2.19737e-05
45509: 2.19732e-05
45510: 2.19727e-05
45511: 2.19722e-05
45512: 2.19717e-05
45513: 2.19713e-05
45514: 2.19708e-05
45515: 2.19703e-05
45516: 2.19698e-05
45517: 2.19693e-05
45518: 2.19688e-05
45519: 2.19684e-05
45520: 2.19679e-05
45521: 2.19674e-05
45522: 2.19669e-05
45523: 2.19664e-05
45524: 2.1966e-05
45525: 2.19655e-05
45526: 2.1965e-05
45527: 2.19645e-05
45528: 2.1964e-05
45529: 2.19635e-05
45530: 2.19631e-05
45531: 2.19626e-05
45532: 2.19621e-05
45533: 2.19616e-05
45534: 2.19611e-05
45535: 2.19606e-05
45536: 2.19602e-05
45537: 2.19597e-05
45538: 2.19592e-05
45539: 2.19587e-05
45540: 2.19582e-05
45541: 2.19578e-05
45542: 2.19573e-05
45543: 2.19568e-05
45544: 2.19563e-05
45545: 2.19558e-05
45546: 2.19553e-05
45547: 2.19549e-05
45548: 2.19544e-05
45549: 2.19539e-05
45550: 2.19534e-05
45551: 2.19529e-05
45552: 2.19525e-05
45553: 2.1952e-05
45554: 2.19515e-05
45555: 2.1951e-05
45556: 2.19505e-05
45557: 2.195e-05
45558: 2.19496e-05
45559: 2.19491e-05
45560: 2.19486e-05
45561: 2.19481e-05
45562: 2.19476e-05
45563: 2.19472e-05
45564: 2.19467e-05
45565: 2.19462e-05
45566: 2.19457e-05
45567: 2.19452e-05
45568: 2.19447e-05
45569: 2.19443e-05
45570: 2.19438e-05
45571: 2.19433e-05
45572: 2.19428e-05
45573: 2.19423e-05
45574: 2.19419e-05
45575: 2.19414e-05
45576: 2.19409e-05
45577: 2.19404e-05
45578: 2.19399e-05
45579: 2.19394e-05
45580: 2.1939e-05
45581: 2.19385e-05
45582: 2.1938e-05
45583: 2.19375e-05
45584: 2.1937e-05
45585: 2.19366e-05
45586: 2.19361e-05
45587: 2.19356e-05
45588: 2.19351e-05
45589: 2.19346e-05
45590: 2.19342e-05
45591: 2.19337e-05
45592: 2.19332e-05
45593: 2.19327e-05
45594: 2.19322e-05
45595: 2.19317e-05
45596: 2.19313e-05
45597: 2.19308e-05
45598: 2.19303e-05
45599: 2.19298e-05
45600: 2.19293e-05
45601: 2.19289e-05
45602: 2.19284e-05
45603: 2.19279e-05
45604: 2.19274e-05
45605: 2.19269e-05
45606: 2.19265e-05
45607: 2.1926e-05
45608: 2.19255e-05
45609: 2.1925e-05
45610: 2.19245e-05
45611: 2.19241e-05
45612: 2.19236e-05
45613: 2.19231e-05
45614: 2.19226e-05
45615: 2.19221e-05
45616: 2.19217e-05
45617: 2.19212e-05
45618: 2.19207e-05
45619: 2.19202e-05
45620: 2.19197e-05
45621: 2.19192e-05
45622: 2.19188e-05
45623: 2.19183e-05
45624: 2.19178e-05
45625: 2.19173e-05
45626: 2.19168e-05
45627: 2.19164e-05
45628: 2.19159e-05
45629: 2.19154e-05
45630: 2.19149e-05
45631: 2.19144e-05
45632: 2.1914e-05
45633: 2.19135e-05
45634: 2.1913e-05
45635: 2.19125e-05
45636: 2.1912e-05
45637: 2.19116e-05
45638: 2.19111e-05
45639: 2.19106e-05
45640: 2.19101e-05
45641: 2.19096e-05
45642: 2.19092e-05
45643: 2.19087e-05
45644: 2.19082e-05
45645: 2.19077e-05
45646: 2.19072e-05
45647: 2.19068e-05
45648: 2.19063e-05
45649: 2.19058e-05
45650: 2.19053e-05
45651: 2.19048e-05
45652: 2.19044e-05
45653: 2.19039e-05
45654: 2.19034e-05
45655: 2.19029e-05
45656: 2.19024e-05
45657: 2.1902e-05
45658: 2.19015e-05
45659: 2.1901e-05
45660: 2.19005e-05
45661: 2.19e-05
45662: 2.18996e-05
45663: 2.18991e-05
45664: 2.18986e-05
45665: 2.18981e-05
45666: 2.18977e-05
45667: 2.18972e-05
45668: 2.18967e-05
45669: 2.18962e-05
45670: 2.18957e-05
45671: 2.18953e-05
45672: 2.18948e-05
45673: 2.18943e-05
45674: 2.18938e-05
45675: 2.18933e-05
45676: 2.18929e-05
45677: 2.18924e-05
45678: 2.18919e-05
45679: 2.18914e-05
45680: 2.18909e-05
45681: 2.18905e-05
45682: 2.189e-05
45683: 2.18895e-05
45684: 2.1889e-05
45685: 2.18885e-05
45686: 2.18881e-05
45687: 2.18876e-05
45688: 2.18871e-05
45689: 2.18866e-05
45690: 2.18861e-05
45691: 2.18857e-05
45692: 2.18852e-05
45693: 2.18847e-05
45694: 2.18842e-05
45695: 2.18838e-05
45696: 2.18833e-05
45697: 2.18828e-05
45698: 2.18823e-05
45699: 2.18818e-05
45700: 2.18814e-05
45701: 2.18809e-05
45702: 2.18804e-05
45703: 2.18799e-05
45704: 2.18794e-05
45705: 2.1879e-05
45706: 2.18785e-05
45707: 2.1878e-05
45708: 2.18775e-05
45709: 2.18771e-05
45710: 2.18766e-05
45711: 2.18761e-05
45712: 2.18756e-05
45713: 2.18751e-05
45714: 2.18747e-05
45715: 2.18742e-05
45716: 2.18737e-05
45717: 2.18732e-05
45718: 2.18727e-05
45719: 2.18723e-05
45720: 2.18718e-05
45721: 2.18713e-05
45722: 2.18708e-05
45723: 2.18704e-05
45724: 2.18699e-05
45725: 2.18694e-05
45726: 2.18689e-05
45727: 2.18684e-05
45728: 2.1868e-05
45729: 2.18675e-05
45730: 2.1867e-05
45731: 2.18665e-05
45732: 2.1866e-05
45733: 2.18656e-05
45734: 2.18651e-05
45735: 2.18646e-05
45736: 2.18641e-05
45737: 2.18637e-05
45738: 2.18632e-05
45739: 2.18627e-05
45740: 2.18622e-05
45741: 2.18617e-05
45742: 2.18613e-05
45743: 2.18608e-05
45744: 2.18603e-05
45745: 2.18598e-05
45746: 2.18594e-05
45747: 2.18589e-05
45748: 2.18584e-05
45749: 2.18579e-05
45750: 2.18574e-05
45751: 2.1857e-05
45752: 2.18565e-05
45753: 2.1856e-05
45754: 2.18555e-05
45755: 2.18551e-05
45756: 2.18546e-05
45757: 2.18541e-05
45758: 2.18536e-05
45759: 2.18531e-05
45760: 2.18527e-05
45761: 2.18522e-05
45762: 2.18517e-05
45763: 2.18512e-05
45764: 2.18508e-05
45765: 2.18503e-05
45766: 2.18498e-05
45767: 2.18493e-05
45768: 2.18488e-05
45769: 2.18484e-05
45770: 2.18479e-05
45771: 2.18474e-05
45772: 2.18469e-05
45773: 2.18465e-05
45774: 2.1846e-05
45775: 2.18455e-05
45776: 2.1845e-05
45777: 2.18446e-05
45778: 2.18441e-05
45779: 2.18436e-05
45780: 2.18431e-05
45781: 2.18426e-05
45782: 2.18422e-05
45783: 2.18417e-05
45784: 2.18412e-05
45785: 2.18407e-05
45786: 2.18403e-05
45787: 2.18398e-05
45788: 2.18393e-05
45789: 2.18388e-05
45790: 2.18384e-05
45791: 2.18379e-05
45792: 2.18374e-05
45793: 2.18369e-05
45794: 2.18364e-05
45795: 2.1836e-05
45796: 2.18355e-05
45797: 2.1835e-05
45798: 2.18345e-05
45799: 2.18341e-05
45800: 2.18336e-05
45801: 2.18331e-05
45802: 2.18326e-05
45803: 2.18322e-05
45804: 2.18317e-05
45805: 2.18312e-05
45806: 2.18307e-05
45807: 2.18302e-05
45808: 2.18298e-05
45809: 2.18293e-05
45810: 2.18288e-05
45811: 2.18283e-05
45812: 2.18279e-05
45813: 2.18274e-05
45814: 2.18269e-05
45815: 2.18264e-05
45816: 2.1826e-05
45817: 2.18255e-05
45818: 2.1825e-05
45819: 2.18245e-05
45820: 2.18241e-05
45821: 2.18236e-05
45822: 2.18231e-05
45823: 2.18226e-05
45824: 2.18221e-05
45825: 2.18217e-05
45826: 2.18212e-05
45827: 2.18207e-05
45828: 2.18202e-05
45829: 2.18198e-05
45830: 2.18193e-05
45831: 2.18188e-05
45832: 2.18183e-05
45833: 2.18179e-05
45834: 2.18174e-05
45835: 2.18169e-05
45836: 2.18164e-05
45837: 2.1816e-05
45838: 2.18155e-05
45839: 2.1815e-05
45840: 2.18145e-05
45841: 2.18141e-05
45842: 2.18136e-05
45843: 2.18131e-05
45844: 2.18126e-05
45845: 2.18122e-05
45846: 2.18117e-05
45847: 2.18112e-05
45848: 2.18107e-05
45849: 2.18103e-05
45850: 2.18098e-05
45851: 2.18093e-05
45852: 2.18088e-05
45853: 2.18083e-05
45854: 2.18079e-05
45855: 2.18074e-05
45856: 2.18069e-05
45857: 2.18064e-05
45858: 2.1806e-05
45859: 2.18055e-05
45860: 2.1805e-05
45861: 2.18045e-05
45862: 2.18041e-05
45863: 2.18036e-05
45864: 2.18031e-05
45865: 2.18026e-05
45866: 2.18022e-05
45867: 2.18017e-05
45868: 2.18012e-05
45869: 2.18007e-05
45870: 2.18003e-05
45871: 2.17998e-05
45872: 2.17993e-05
45873: 2.17988e-05
45874: 2.17984e-05
45875: 2.17979e-05
45876: 2.17974e-05
45877: 2.17969e-05
45878: 2.17965e-05
45879: 2.1796e-05
45880: 2.17955e-05
45881: 2.1795e-05
45882: 2.17946e-05
45883: 2.17941e-05
45884: 2.17936e-05
45885: 2.17931e-05
45886: 2.17927e-05
45887: 2.17922e-05
45888: 2.17917e-05
45889: 2.17912e-05
45890: 2.17908e-05
45891: 2.17903e-05
45892: 2.17898e-05
45893: 2.17893e-05
45894: 2.17889e-05
45895: 2.17884e-05
45896: 2.17879e-05
45897: 2.17874e-05
45898: 2.1787e-05
45899: 2.17865e-05
45900: 2.1786e-05
45901: 2.17855e-05
45902: 2.17851e-05
45903: 2.17846e-05
45904: 2.17841e-05
45905: 2.17836e-05
45906: 2.17832e-05
45907: 2.17827e-05
45908: 2.17822e-05
45909: 2.17817e-05
45910: 2.17813e-05
45911: 2.17808e-05
45912: 2.17803e-05
45913: 2.17798e-05
45914: 2.17794e-05
45915: 2.17789e-05
45916: 2.17784e-05
45917: 2.1778e-05
45918: 2.17775e-05
45919: 2.1777e-05
45920: 2.17765e-05
45921: 2.17761e-05
45922: 2.17756e-05
45923: 2.17751e-05
45924: 2.17746e-05
45925: 2.17742e-05
45926: 2.17737e-05
45927: 2.17732e-05
45928: 2.17727e-05
45929: 2.17723e-05
45930: 2.17718e-05
45931: 2.17713e-05
45932: 2.17708e-05
45933: 2.17704e-05
45934: 2.17699e-05
45935: 2.17694e-05
45936: 2.17689e-05
45937: 2.17685e-05
45938: 2.1768e-05
45939: 2.17675e-05
45940: 2.1767e-05
45941: 2.17666e-05
45942: 2.17661e-05
45943: 2.17656e-05
45944: 2.17652e-05
45945: 2.17647e-05
45946: 2.17642e-05
45947: 2.17637e-05
45948: 2.17633e-05
45949: 2.17628e-05
45950: 2.17623e-05
45951: 2.17618e-05
45952: 2.17614e-05
45953: 2.17609e-05
45954: 2.17604e-05
45955: 2.17599e-05
45956: 2.17595e-05
45957: 2.1759e-05
45958: 2.17585e-05
45959: 2.17581e-05
45960: 2.17576e-05
45961: 2.17571e-05
45962: 2.17566e-05
45963: 2.17562e-05
45964: 2.17557e-05
45965: 2.17552e-05
45966: 2.17547e-05
45967: 2.17543e-05
45968: 2.17538e-05
45969: 2.17533e-05
45970: 2.17528e-05
45971: 2.17524e-05
45972: 2.17519e-05
45973: 2.17514e-05
45974: 2.1751e-05
45975: 2.17505e-05
45976: 2.175e-05
45977: 2.17495e-05
45978: 2.17491e-05
45979: 2.17486e-05
45980: 2.17481e-05
45981: 2.17476e-05
45982: 2.17472e-05
45983: 2.17467e-05
45984: 2.17462e-05
45985: 2.17457e-05
45986: 2.17453e-05
45987: 2.17448e-05
45988: 2.17443e-05
45989: 2.17439e-05
45990: 2.17434e-05
45991: 2.17429e-05
45992: 2.17424e-05
45993: 2.1742e-05
45994: 2.17415e-05
45995: 2.1741e-05
45996: 2.17405e-05
45997: 2.17401e-05
45998: 2.17396e-05
45999: 2.17391e-05
46000: 2.17387e-05
46001: 2.17382e-05
46002: 2.17377e-05
46003: 2.17372e-05
46004: 2.17368e-05
46005: 2.17363e-05
46006: 2.17358e-05
46007: 2.17354e-05
46008: 2.17349e-05
46009: 2.17344e-05
46010: 2.17339e-05
46011: 2.17335e-05
46012: 2.1733e-05
46013: 2.17325e-05
46014: 2.1732e-05
46015: 2.17316e-05
46016: 2.17311e-05
46017: 2.17306e-05
46018: 2.17302e-05
46019: 2.17297e-05
46020: 2.17292e-05
46021: 2.17287e-05
46022: 2.17283e-05
46023: 2.17278e-05
46024: 2.17273e-05
46025: 2.17269e-05
46026: 2.17264e-05
46027: 2.17259e-05
46028: 2.17254e-05
46029: 2.1725e-05
46030: 2.17245e-05
46031: 2.1724e-05
46032: 2.17235e-05
46033: 2.17231e-05
46034: 2.17226e-05
46035: 2.17221e-05
46036: 2.17217e-05
46037: 2.17212e-05
46038: 2.17207e-05
46039: 2.17202e-05
46040: 2.17198e-05
46041: 2.17193e-05
46042: 2.17188e-05
46043: 2.17184e-05
46044: 2.17179e-05
46045: 2.17174e-05
46046: 2.17169e-05
46047: 2.17165e-05
46048: 2.1716e-05
46049: 2.17155e-05
46050: 2.17151e-05
46051: 2.17146e-05
46052: 2.17141e-05
46053: 2.17136e-05
46054: 2.17132e-05
46055: 2.17127e-05
46056: 2.17122e-05
46057: 2.17118e-05
46058: 2.17113e-05
46059: 2.17108e-05
46060: 2.17103e-05
46061: 2.17099e-05
46062: 2.17094e-05
46063: 2.17089e-05
46064: 2.17085e-05
46065: 2.1708e-05
46066: 2.17075e-05
46067: 2.1707e-05
46068: 2.17066e-05
46069: 2.17061e-05
46070: 2.17056e-05
46071: 2.17052e-05
46072: 2.17047e-05
46073: 2.17042e-05
46074: 2.17037e-05
46075: 2.17033e-05
46076: 2.17028e-05
46077: 2.17023e-05
46078: 2.17019e-05
46079: 2.17014e-05
46080: 2.17009e-05
46081: 2.17004e-05
46082: 2.17e-05
46083: 2.16995e-05
46084: 2.1699e-05
46085: 2.16986e-05
46086: 2.16981e-05
46087: 2.16976e-05
46088: 2.16972e-05
46089: 2.16967e-05
46090: 2.16962e-05
46091: 2.16957e-05
46092: 2.16953e-05
46093: 2.16948e-05
46094: 2.16943e-05
46095: 2.16939e-05
46096: 2.16934e-05
46097: 2.16929e-05
46098: 2.16924e-05
46099: 2.1692e-05
46100: 2.16915e-05
46101: 2.1691e-05
46102: 2.16906e-05
46103: 2.16901e-05
46104: 2.16896e-05
46105: 2.16892e-05
46106: 2.16887e-05
46107: 2.16882e-05
46108: 2.16877e-05
46109: 2.16873e-05
46110: 2.16868e-05
46111: 2.16863e-05
46112: 2.16859e-05
46113: 2.16854e-05
46114: 2.16849e-05
46115: 2.16844e-05
46116: 2.1684e-05
46117: 2.16835e-05
46118: 2.1683e-05
46119: 2.16826e-05
46120: 2.16821e-05
46121: 2.16816e-05
46122: 2.16812e-05
46123: 2.16807e-05
46124: 2.16802e-05
46125: 2.16797e-05
46126: 2.16793e-05
46127: 2.16788e-05
46128: 2.16783e-05
46129: 2.16779e-05
46130: 2.16774e-05
46131: 2.16769e-05
46132: 2.16765e-05
46133: 2.1676e-05
46134: 2.16755e-05
46135: 2.1675e-05
46136: 2.16746e-05
46137: 2.16741e-05
46138: 2.16736e-05
46139: 2.16732e-05
46140: 2.16727e-05
46141: 2.16722e-05
46142: 2.16718e-05
46143: 2.16713e-05
46144: 2.16708e-05
46145: 2.16704e-05
46146: 2.16699e-05
46147: 2.16694e-05
46148: 2.16689e-05
46149: 2.16685e-05
46150: 2.1668e-05
46151: 2.16675e-05
46152: 2.16671e-05
46153: 2.16666e-05
46154: 2.16661e-05
46155: 2.16657e-05
46156: 2.16652e-05
46157: 2.16647e-05
46158: 2.16642e-05
46159: 2.16638e-05
46160: 2.16633e-05
46161: 2.16628e-05
46162: 2.16624e-05
46163: 2.16619e-05
46164: 2.16614e-05
46165: 2.1661e-05
46166: 2.16605e-05
46167: 2.166e-05
46168: 2.16596e-05
46169: 2.16591e-05
46170: 2.16586e-05
46171: 2.16581e-05
46172: 2.16577e-05
46173: 2.16572e-05
46174: 2.16567e-05
46175: 2.16563e-05
46176: 2.16558e-05
46177: 2.16553e-05
46178: 2.16549e-05
46179: 2.16544e-05
46180: 2.16539e-05
46181: 2.16535e-05
46182: 2.1653e-05
46183: 2.16525e-05
46184: 2.16521e-05
46185: 2.16516e-05
46186: 2.16511e-05
46187: 2.16506e-05
46188: 2.16502e-05
46189: 2.16497e-05
46190: 2.16492e-05
46191: 2.16488e-05
46192: 2.16483e-05
46193: 2.16478e-05
46194: 2.16474e-05
46195: 2.16469e-05
46196: 2.16464e-05
46197: 2.1646e-05
46198: 2.16455e-05
46199: 2.1645e-05
46200: 2.16446e-05
46201: 2.16441e-05
46202: 2.16436e-05
46203: 2.16431e-05
46204: 2.16427e-05
46205: 2.16422e-05
46206: 2.16417e-05
46207: 2.16413e-05
46208: 2.16408e-05
46209: 2.16403e-05
46210: 2.16399e-05
46211: 2.16394e-05
46212: 2.16389e-05
46213: 2.16385e-05
46214: 2.1638e-05
46215: 2.16375e-05
46216: 2.16371e-05
46217: 2.16366e-05
46218: 2.16361e-05
46219: 2.16357e-05
46220: 2.16352e-05
46221: 2.16347e-05
46222: 2.16343e-05
46223: 2.16338e-05
46224: 2.16333e-05
46225: 2.16328e-05
46226: 2.16324e-05
46227: 2.16319e-05
46228: 2.16314e-05
46229: 2.1631e-05
46230: 2.16305e-05
46231: 2.163e-05
46232: 2.16296e-05
46233: 2.16291e-05
46234: 2.16286e-05
46235: 2.16282e-05
46236: 2.16277e-05
46237: 2.16272e-05
46238: 2.16268e-05
46239: 2.16263e-05
46240: 2.16258e-05
46241: 2.16254e-05
46242: 2.16249e-05
46243: 2.16244e-05
46244: 2.1624e-05
46245: 2.16235e-05
46246: 2.1623e-05
46247: 2.16226e-05
46248: 2.16221e-05
46249: 2.16216e-05
46250: 2.16212e-05
46251: 2.16207e-05
46252: 2.16202e-05
46253: 2.16198e-05
46254: 2.16193e-05
46255: 2.16188e-05
46256: 2.16183e-05
46257: 2.16179e-05
46258: 2.16174e-05
46259: 2.16169e-05
46260: 2.16165e-05
46261: 2.1616e-05
46262: 2.16155e-05
46263: 2.16151e-05
46264: 2.16146e-05
46265: 2.16141e-05
46266: 2.16137e-05
46267: 2.16132e-05
46268: 2.16127e-05
46269: 2.16123e-05
46270: 2.16118e-05
46271: 2.16113e-05
46272: 2.16109e-05
46273: 2.16104e-05
46274: 2.16099e-05
46275: 2.16095e-05
46276: 2.1609e-05
46277: 2.16085e-05
46278: 2.16081e-05
46279: 2.16076e-05
46280: 2.16071e-05
46281: 2.16067e-05
46282: 2.16062e-05
46283: 2.16057e-05
46284: 2.16053e-05
46285: 2.16048e-05
46286: 2.16043e-05
46287: 2.16039e-05
46288: 2.16034e-05
46289: 2.16029e-05
46290: 2.16025e-05
46291: 2.1602e-05
46292: 2.16015e-05
46293: 2.16011e-05
46294: 2.16006e-05
46295: 2.16001e-05
46296: 2.15997e-05
46297: 2.15992e-05
46298: 2.15987e-05
46299: 2.15983e-05
46300: 2.15978e-05
46301: 2.15973e-05
46302: 2.15969e-05
46303: 2.15964e-05
46304: 2.15959e-05
46305: 2.15955e-05
46306: 2.1595e-05
46307: 2.15945e-05
46308: 2.15941e-05
46309: 2.15936e-05
46310: 2.15931e-05
46311: 2.15927e-05
46312: 2.15922e-05
46313: 2.15917e-05
46314: 2.15913e-05
46315: 2.15908e-05
46316: 2.15903e-05
46317: 2.15899e-05
46318: 2.15894e-05
46319: 2.15889e-05
46320: 2.15885e-05
46321: 2.1588e-05
46322: 2.15875e-05
46323: 2.15871e-05
46324: 2.15866e-05
46325: 2.15862e-05
46326: 2.15857e-05
46327: 2.15852e-05
46328: 2.15848e-05
46329: 2.15843e-05
46330: 2.15838e-05
46331: 2.15834e-05
46332: 2.15829e-05
46333: 2.15824e-05
46334: 2.1582e-05
46335: 2.15815e-05
46336: 2.1581e-05
46337: 2.15806e-05
46338: 2.15801e-05
46339: 2.15796e-05
46340: 2.15792e-05
46341: 2.15787e-05
46342: 2.15782e-05
46343: 2.15778e-05
46344: 2.15773e-05
46345: 2.15768e-05
46346: 2.15764e-05
46347: 2.15759e-05
46348: 2.15754e-05
46349: 2.1575e-05
46350: 2.15745e-05
46351: 2.1574e-05
46352: 2.15736e-05
46353: 2.15731e-05
46354: 2.15726e-05
46355: 2.15722e-05
46356: 2.15717e-05
46357: 2.15712e-05
46358: 2.15708e-05
46359: 2.15703e-05
46360: 2.15699e-05
46361: 2.15694e-05
46362: 2.15689e-05
46363: 2.15685e-05
46364: 2.1568e-05
46365: 2.15675e-05
46366: 2.15671e-05
46367: 2.15666e-05
46368: 2.15661e-05
46369: 2.15657e-05
46370: 2.15652e-05
46371: 2.15647e-05
46372: 2.15643e-05
46373: 2.15638e-05
46374: 2.15633e-05
46375: 2.15629e-05
46376: 2.15624e-05
46377: 2.15619e-05
46378: 2.15615e-05
46379: 2.1561e-05
46380: 2.15606e-05
46381: 2.15601e-05
46382: 2.15596e-05
46383: 2.15592e-05
46384: 2.15587e-05
46385: 2.15582e-05
46386: 2.15578e-05
46387: 2.15573e-05
46388: 2.15568e-05
46389: 2.15564e-05
46390: 2.15559e-05
46391: 2.15554e-05
46392: 2.1555e-05
46393: 2.15545e-05
46394: 2.1554e-05
46395: 2.15536e-05
46396: 2.15531e-05
46397: 2.15527e-05
46398: 2.15522e-05
46399: 2.15517e-05
46400: 2.15513e-05
46401: 2.15508e-05
46402: 2.15503e-05
46403: 2.15499e-05
46404: 2.15494e-05
46405: 2.15489e-05
46406: 2.15485e-05
46407: 2.1548e-05
46408: 2.15475e-05
46409: 2.15471e-05
46410: 2.15466e-05
46411: 2.15462e-05
46412: 2.15457e-05
46413: 2.15452e-05
46414: 2.15448e-05
46415: 2.15443e-05
46416: 2.15438e-05
46417: 2.15434e-05
46418: 2.15429e-05
46419: 2.15424e-05
46420: 2.1542e-05
46421: 2.15415e-05
46422: 2.1541e-05
46423: 2.15406e-05
46424: 2.15401e-05
46425: 2.15397e-05
46426: 2.15392e-05
46427: 2.15387e-05
46428: 2.15383e-05
46429: 2.15378e-05
46430: 2.15373e-05
46431: 2.15369e-05
46432: 2.15364e-05
46433: 2.15359e-05
46434: 2.15355e-05
46435: 2.1535e-05
46436: 2.15346e-05
46437: 2.15341e-05
46438: 2.15336e-05
46439: 2.15332e-05
46440: 2.15327e-05
46441: 2.15322e-05
46442: 2.15318e-05
46443: 2.15313e-05
46444: 2.15308e-05
46445: 2.15304e-05
46446: 2.15299e-05
46447: 2.15295e-05
46448: 2.1529e-05
46449: 2.15285e-05
46450: 2.15281e-05
46451: 2.15276e-05
46452: 2.15271e-05
46453: 2.15267e-05
46454: 2.15262e-05
46455: 2.15257e-05
46456: 2.15253e-05
46457: 2.15248e-05
46458: 2.15244e-05
46459: 2.15239e-05
46460: 2.15234e-05
46461: 2.1523e-05
46462: 2.15225e-05
46463: 2.1522e-05
46464: 2.15216e-05
46465: 2.15211e-05
46466: 2.15206e-05
46467: 2.15202e-05
46468: 2.15197e-05
46469: 2.15193e-05
46470: 2.15188e-05
46471: 2.15183e-05
46472: 2.15179e-05
46473: 2.15174e-05
46474: 2.15169e-05
46475: 2.15165e-05
46476: 2.1516e-05
46477: 2.15156e-05
46478: 2.15151e-05
46479: 2.15146e-05
46480: 2.15142e-05
46481: 2.15137e-05
46482: 2.15132e-05
46483: 2.15128e-05
46484: 2.15123e-05
46485: 2.15119e-05
46486: 2.15114e-05
46487: 2.15109e-05
46488: 2.15105e-05
46489: 2.151e-05
46490: 2.15095e-05
46491: 2.15091e-05
46492: 2.15086e-05
46493: 2.15082e-05
46494: 2.15077e-05
46495: 2.15072e-05
46496: 2.15068e-05
46497: 2.15063e-05
46498: 2.15058e-05
46499: 2.15054e-05
46500: 2.15049e-05
46501: 2.15045e-05
46502: 2.1504e-05
46503: 2.15035e-05
46504: 2.15031e-05
46505: 2.15026e-05
46506: 2.15021e-05
46507: 2.15017e-05
46508: 2.15012e-05
46509: 2.15008e-05
46510: 2.15003e-05
46511: 2.14998e-05
46512: 2.14994e-05
46513: 2.14989e-05
46514: 2.14984e-05
46515: 2.1498e-05
46516: 2.14975e-05
46517: 2.14971e-05
46518: 2.14966e-05
46519: 2.14961e-05
46520: 2.14957e-05
46521: 2.14952e-05
46522: 2.14947e-05
46523: 2.14943e-05
46524: 2.14938e-05
46525: 2.14934e-05
46526: 2.14929e-05
46527: 2.14924e-05
46528: 2.1492e-05
46529: 2.14915e-05
46530: 2.1491e-05
46531: 2.14906e-05
46532: 2.14901e-05
46533: 2.14897e-05
46534: 2.14892e-05
46535: 2.14887e-05
46536: 2.14883e-05
46537: 2.14878e-05
46538: 2.14874e-05
46539: 2.14869e-05
46540: 2.14864e-05
46541: 2.1486e-05
46542: 2.14855e-05
46543: 2.1485e-05
46544: 2.14846e-05
46545: 2.14841e-05
46546: 2.14837e-05
46547: 2.14832e-05
46548: 2.14827e-05
46549: 2.14823e-05
46550: 2.14818e-05
46551: 2.14814e-05
46552: 2.14809e-05
46553: 2.14804e-05
46554: 2.148e-05
46555: 2.14795e-05
46556: 2.1479e-05
46557: 2.14786e-05
46558: 2.14781e-05
46559: 2.14777e-05
46560: 2.14772e-05
46561: 2.14767e-05
46562: 2.14763e-05
46563: 2.14758e-05
46564: 2.14754e-05
46565: 2.14749e-05
46566: 2.14744e-05
46567: 2.1474e-05
46568: 2.14735e-05
46569: 2.14731e-05
46570: 2.14726e-05
46571: 2.14721e-05
46572: 2.14717e-05
46573: 2.14712e-05
46574: 2.14707e-05
46575: 2.14703e-05
46576: 2.14698e-05
46577: 2.14694e-05
46578: 2.14689e-05
46579: 2.14684e-05
46580: 2.1468e-05
46581: 2.14675e-05
46582: 2.14671e-05
46583: 2.14666e-05
46584: 2.14661e-05
46585: 2.14657e-05
46586: 2.14652e-05
46587: 2.14648e-05
46588: 2.14643e-05
46589: 2.14638e-05
46590: 2.14634e-05
46591: 2.14629e-05
46592: 2.14625e-05
46593: 2.1462e-05
46594: 2.14615e-05
46595: 2.14611e-05
46596: 2.14606e-05
46597: 2.14601e-05
46598: 2.14597e-05
46599: 2.14592e-05
46600: 2.14588e-05
46601: 2.14583e-05
46602: 2.14578e-05
46603: 2.14574e-05
46604: 2.14569e-05
46605: 2.14565e-05
46606: 2.1456e-05
46607: 2.14555e-05
46608: 2.14551e-05
46609: 2.14546e-05
46610: 2.14542e-05
46611: 2.14537e-05
46612: 2.14532e-05
46613: 2.14528e-05
46614: 2.14523e-05
46615: 2.14519e-05
46616: 2.14514e-05
46617: 2.14509e-05
46618: 2.14505e-05
46619: 2.145e-05
46620: 2.14496e-05
46621: 2.14491e-05
46622: 2.14486e-05
46623: 2.14482e-05
46624: 2.14477e-05
46625: 2.14473e-05
46626: 2.14468e-05
46627: 2.14463e-05
46628: 2.14459e-05
46629: 2.14454e-05
46630: 2.1445e-05
46631: 2.14445e-05
46632: 2.1444e-05
46633: 2.14436e-05
46634: 2.14431e-05
46635: 2.14427e-05
46636: 2.14422e-05
46637: 2.14417e-05
46638: 2.14413e-05
46639: 2.14408e-05
46640: 2.14404e-05
46641: 2.14399e-05
46642: 2.14394e-05
46643: 2.1439e-05
46644: 2.14385e-05
46645: 2.14381e-05
46646: 2.14376e-05
46647: 2.14371e-05
46648: 2.14367e-05
46649: 2.14362e-05
46650: 2.14358e-05
46651: 2.14353e-05
46652: 2.14348e-05
46653: 2.14344e-05
46654: 2.14339e-05
46655: 2.14335e-05
46656: 2.1433e-05
46657: 2.14326e-05
46658: 2.14321e-05
46659: 2.14316e-05
46660: 2.14312e-05
46661: 2.14307e-05
46662: 2.14303e-05
46663: 2.14298e-05
46664: 2.14293e-05
46665: 2.14289e-05
46666: 2.14284e-05
46667: 2.1428e-05
46668: 2.14275e-05
46669: 2.1427e-05
46670: 2.14266e-05
46671: 2.14261e-05
46672: 2.14257e-05
46673: 2.14252e-05
46674: 2.14247e-05
46675: 2.14243e-05
46676: 2.14238e-05
46677: 2.14234e-05
46678: 2.14229e-05
46679: 2.14225e-05
46680: 2.1422e-05
46681: 2.14215e-05
46682: 2.14211e-05
46683: 2.14206e-05
46684: 2.14202e-05
46685: 2.14197e-05
46686: 2.14192e-05
46687: 2.14188e-05
46688: 2.14183e-05
46689: 2.14179e-05
46690: 2.14174e-05
46691: 2.14169e-05
46692: 2.14165e-05
46693: 2.1416e-05
46694: 2.14156e-05
46695: 2.14151e-05
46696: 2.14147e-05
46697: 2.14142e-05
46698: 2.14137e-05
46699: 2.14133e-05
46700: 2.14128e-05
46701: 2.14124e-05
46702: 2.14119e-05
46703: 2.14114e-05
46704: 2.1411e-05
46705: 2.14105e-05
46706: 2.14101e-05
46707: 2.14096e-05
46708: 2.14092e-05
46709: 2.14087e-05
46710: 2.14082e-05
46711: 2.14078e-05
46712: 2.14073e-05
46713: 2.14069e-05
46714: 2.14064e-05
46715: 2.14059e-05
46716: 2.14055e-05
46717: 2.1405e-05
46718: 2.14046e-05
46719: 2.14041e-05
46720: 2.14037e-05
46721: 2.14032e-05
46722: 2.14027e-05
46723: 2.14023e-05
46724: 2.14018e-05
46725: 2.14014e-05
46726: 2.14009e-05
46727: 2.14004e-05
46728: 2.14e-05
46729: 2.13995e-05
46730: 2.13991e-05
46731: 2.13986e-05
46732: 2.13982e-05
46733: 2.13977e-05
46734: 2.13972e-05
46735: 2.13968e-05
46736: 2.13963e-05
46737: 2.13959e-05
46738: 2.13954e-05
46739: 2.1395e-05
46740: 2.13945e-05
46741: 2.1394e-05
46742: 2.13936e-05
46743: 2.13931e-05
46744: 2.13927e-05
46745: 2.13922e-05
46746: 2.13917e-05
46747: 2.13913e-05
46748: 2.13908e-05
46749: 2.13904e-05
46750: 2.13899e-05
46751: 2.13895e-05
46752: 2.1389e-05
46753: 2.13885e-05
46754: 2.13881e-05
46755: 2.13876e-05
46756: 2.13872e-05
46757: 2.13867e-05
46758: 2.13863e-05
46759: 2.13858e-05
46760: 2.13853e-05
46761: 2.13849e-05
46762: 2.13844e-05
46763: 2.1384e-05
46764: 2.13835e-05
46765: 2.13831e-05
46766: 2.13826e-05
46767: 2.13821e-05
46768: 2.13817e-05
46769: 2.13812e-05
46770: 2.13808e-05
46771: 2.13803e-05
46772: 2.13799e-05
46773: 2.13794e-05
46774: 2.13789e-05
46775: 2.13785e-05
46776: 2.1378e-05
46777: 2.13776e-05
46778: 2.13771e-05
46779: 2.13767e-05
46780: 2.13762e-05
46781: 2.13757e-05
46782: 2.13753e-05
46783: 2.13748e-05
46784: 2.13744e-05
46785: 2.13739e-05
46786: 2.13735e-05
46787: 2.1373e-05
46788: 2.13725e-05
46789: 2.13721e-05
46790: 2.13716e-05
46791: 2.13712e-05
46792: 2.13707e-05
46793: 2.13703e-05
46794: 2.13698e-05
46795: 2.13693e-05
46796: 2.13689e-05
46797: 2.13684e-05
46798: 2.1368e-05
46799: 2.13675e-05
46800: 2.13671e-05
46801: 2.13666e-05
46802: 2.13662e-05
46803: 2.13657e-05
46804: 2.13652e-05
46805: 2.13648e-05
46806: 2.13643e-05
46807: 2.13639e-05
46808: 2.13634e-05
46809: 2.1363e-05
46810: 2.13625e-05
46811: 2.1362e-05
46812: 2.13616e-05
46813: 2.13611e-05
46814: 2.13607e-05
46815: 2.13602e-05
46816: 2.13598e-05
46817: 2.13593e-05
46818: 2.13589e-05
46819: 2.13584e-05
46820: 2.13579e-05
46821: 2.13575e-05
46822: 2.1357e-05
46823: 2.13566e-05
46824: 2.13561e-05
46825: 2.13557e-05
46826: 2.13552e-05
46827: 2.13547e-05
46828: 2.13543e-05
46829: 2.13538e-05
46830: 2.13534e-05
46831: 2.13529e-05
46832: 2.13525e-05
46833: 2.1352e-05
46834: 2.13516e-05
46835: 2.13511e-05
46836: 2.13506e-05
46837: 2.13502e-05
46838: 2.13497e-05
46839: 2.13493e-05
46840: 2.13488e-05
46841: 2.13484e-05
46842: 2.13479e-05
46843: 2.13475e-05
46844: 2.1347e-05
46845: 2.13465e-05
46846: 2.13461e-05
46847: 2.13456e-05
46848: 2.13452e-05
46849: 2.13447e-05
46850: 2.13443e-05
46851: 2.13438e-05
46852: 2.13434e-05
46853: 2.13429e-05
46854: 2.13424e-05
46855: 2.1342e-05
46856: 2.13415e-05
46857: 2.13411e-05
46858: 2.13406e-05
46859: 2.13402e-05
46860: 2.13397e-05
46861: 2.13393e-05
46862: 2.13388e-05
46863: 2.13383e-05
46864: 2.13379e-05
46865: 2.13374e-05
46866: 2.1337e-05
46867: 2.13365e-05
46868: 2.13361e-05
46869: 2.13356e-05
46870: 2.13352e-05
46871: 2.13347e-05
46872: 2.13342e-05
46873: 2.13338e-05
46874: 2.13333e-05
46875: 2.13329e-05
46876: 2.13324e-05
46877: 2.1332e-05
46878: 2.13315e-05
46879: 2.13311e-05
46880: 2.13306e-05
46881: 2.13301e-05
46882: 2.13297e-05
46883: 2.13292e-05
46884: 2.13288e-05
46885: 2.13283e-05
46886: 2.13279e-05
46887: 2.13274e-05
46888: 2.1327e-05
46889: 2.13265e-05
46890: 2.13261e-05
46891: 2.13256e-05
46892: 2.13251e-05
46893: 2.13247e-05
46894: 2.13242e-05
46895: 2.13238e-05
46896: 2.13233e-05
46897: 2.13229e-05
46898: 2.13224e-05
46899: 2.1322e-05
46900: 2.13215e-05
46901: 2.13211e-05
46902: 2.13206e-05
46903: 2.13201e-05
46904: 2.13197e-05
46905: 2.13192e-05
46906: 2.13188e-05
46907: 2.13183e-05
46908: 2.13179e-05
46909: 2.13174e-05
46910: 2.1317e-05
46911: 2.13165e-05
46912: 2.13161e-05
46913: 2.13156e-05
46914: 2.13151e-05
46915: 2.13147e-05
46916: 2.13142e-05
46917: 2.13138e-05
46918: 2.13133e-05
46919: 2.13129e-05
46920: 2.13124e-05
46921: 2.1312e-05
46922: 2.13115e-05
46923: 2.13111e-05
46924: 2.13106e-05
46925: 2.13101e-05
46926: 2.13097e-05
46927: 2.13092e-05
46928: 2.13088e-05
46929: 2.13083e-05
46930: 2.13079e-05
46931: 2.13074e-05
46932: 2.1307e-05
46933: 2.13065e-05
46934: 2.13061e-05
46935: 2.13056e-05
46936: 2.13052e-05
46937: 2.13047e-05
46938: 2.13042e-05
46939: 2.13038e-05
46940: 2.13033e-05
46941: 2.13029e-05
46942: 2.13024e-05
46943: 2.1302e-05
46944: 2.13015e-05
46945: 2.13011e-05
46946: 2.13006e-05
46947: 2.13002e-05
46948: 2.12997e-05
46949: 2.12993e-05
46950: 2.12988e-05
46951: 2.12983e-05
46952: 2.12979e-05
46953: 2.12974e-05
46954: 2.1297e-05
46955: 2.12965e-05
46956: 2.12961e-05
46957: 2.12956e-05
46958: 2.12952e-05
46959: 2.12947e-05
46960: 2.12943e-05
46961: 2.12938e-05
46962: 2.12934e-05
46963: 2.12929e-05
46964: 2.12925e-05
46965: 2.1292e-05
46966: 2.12915e-05
46967: 2.12911e-05
46968: 2.12906e-05
46969: 2.12902e-05
46970: 2.12897e-05
46971: 2.12893e-05
46972: 2.12888e-05
46973: 2.12884e-05
46974: 2.12879e-05
46975: 2.12875e-05
46976: 2.1287e-05
46977: 2.12866e-05
46978: 2.12861e-05
46979: 2.12857e-05
46980: 2.12852e-05
46981: 2.12847e-05
46982: 2.12843e-05
46983: 2.12838e-05
46984: 2.12834e-05
46985: 2.12829e-05
46986: 2.12825e-05
46987: 2.1282e-05
46988: 2.12816e-05
46989: 2.12811e-05
46990: 2.12807e-05
46991: 2.12802e-05
46992: 2.12798e-05
46993: 2.12793e-05
46994: 2.12789e-05
46995: 2.12784e-05
46996: 2.1278e-05
46997: 2.12775e-05
46998: 2.1277e-05
46999: 2.12766e-05
47000: 2.12761e-05
47001: 2.12757e-05
47002: 2.12752e-05
47003: 2.12748e-05
47004: 2.12743e-05
47005: 2.12739e-05
47006: 2.12734e-05
47007: 2.1273e-05
47008: 2.12725e-05
47009: 2.12721e-05
47010: 2.12716e-05
47011: 2.12712e-05
47012: 2.12707e-05
47013: 2.12703e-05
47014: 2.12698e-05
47015: 2.12694e-05
47016: 2.12689e-05
47017: 2.12685e-05
47018: 2.1268e-05
47019: 2.12675e-05
47020: 2.12671e-05
47021: 2.12666e-05
47022: 2.12662e-05
47023: 2.12657e-05
47024: 2.12653e-05
47025: 2.12648e-05
47026: 2.12644e-05
47027: 2.12639e-05
47028: 2.12635e-05
47029: 2.1263e-05
47030: 2.12626e-05
47031: 2.12621e-05
47032: 2.12617e-05
47033: 2.12612e-05
47034: 2.12608e-05
47035: 2.12603e-05
47036: 2.12599e-05
47037: 2.12594e-05
47038: 2.1259e-05
47039: 2.12585e-05
47040: 2.12581e-05
47041: 2.12576e-05
47042: 2.12571e-05
47043: 2.12567e-05
47044: 2.12562e-05
47045: 2.12558e-05
47046: 2.12553e-05
47047: 2.12549e-05
47048: 2.12544e-05
47049: 2.1254e-05
47050: 2.12535e-05
47051: 2.12531e-05
47052: 2.12526e-05
47053: 2.12522e-05
47054: 2.12517e-05
47055: 2.12513e-05
47056: 2.12508e-05
47057: 2.12504e-05
47058: 2.12499e-05
47059: 2.12495e-05
47060: 2.1249e-05
47061: 2.12486e-05
47062: 2.12481e-05
47063: 2.12477e-05
47064: 2.12472e-05
47065: 2.12468e-05
47066: 2.12463e-05
47067: 2.12459e-05
47068: 2.12454e-05
47069: 2.1245e-05
47070: 2.12445e-05
47071: 2.12441e-05
47072: 2.12436e-05
47073: 2.12431e-05
47074: 2.12427e-05
47075: 2.12422e-05
47076: 2.12418e-05
47077: 2.12413e-05
47078: 2.12409e-05
47079: 2.12404e-05
47080: 2.124e-05
47081: 2.12395e-05
47082: 2.12391e-05
47083: 2.12386e-05
47084: 2.12382e-05
47085: 2.12377e-05
47086: 2.12373e-05
47087: 2.12368e-05
47088: 2.12364e-05
47089: 2.12359e-05
47090: 2.12355e-05
47091: 2.1235e-05
47092: 2.12346e-05
47093: 2.12341e-05
47094: 2.12337e-05
47095: 2.12332e-05
47096: 2.12328e-05
47097: 2.12323e-05
47098: 2.12319e-05
47099: 2.12314e-05
47100: 2.1231e-05
47101: 2.12305e-05
47102: 2.12301e-05
47103: 2.12296e-05
47104: 2.12292e-05
47105: 2.12287e-05
47106: 2.12283e-05
47107: 2.12278e-05
47108: 2.12274e-05
47109: 2.12269e-05
47110: 2.12265e-05
47111: 2.1226e-05
47112: 2.12256e-05
47113: 2.12251e-05
47114: 2.12247e-05
47115: 2.12242e-05
47116: 2.12238e-05
47117: 2.12233e-05
47118: 2.12229e-05
47119: 2.12224e-05
47120: 2.1222e-05
47121: 2.12215e-05
47122: 2.12211e-05
47123: 2.12206e-05
47124: 2.12202e-05
47125: 2.12197e-05
47126: 2.12193e-05
47127: 2.12188e-05
47128: 2.12184e-05
47129: 2.12179e-05
47130: 2.12175e-05
47131: 2.1217e-05
47132: 2.12166e-05
47133: 2.12161e-05
47134: 2.12157e-05
47135: 2.12152e-05
47136: 2.12148e-05
47137: 2.12143e-05
47138: 2.12139e-05
47139: 2.12134e-05
47140: 2.1213e-05
47141: 2.12125e-05
47142: 2.12121e-05
47143: 2.12116e-05
47144: 2.12112e-05
47145: 2.12107e-05
47146: 2.12103e-05
47147: 2.12098e-05
47148: 2.12094e-05
47149: 2.12089e-05
47150: 2.12085e-05
47151: 2.1208e-05
47152: 2.12076e-05
47153: 2.12071e-05
47154: 2.12067e-05
47155: 2.12062e-05
47156: 2.12058e-05
47157: 2.12053e-05
47158: 2.12049e-05
47159: 2.12044e-05
47160: 2.1204e-05
47161: 2.12035e-05
47162: 2.12031e-05
47163: 2.12026e-05
47164: 2.12022e-05
47165: 2.12017e-05
47166: 2.12013e-05
47167: 2.12008e-05
47168: 2.12004e-05
47169: 2.11999e-05
47170: 2.11995e-05
47171: 2.1199e-05
47172: 2.11986e-05
47173: 2.11981e-05
47174: 2.11977e-05
47175: 2.11972e-05
47176: 2.11968e-05
47177: 2.11963e-05
47178: 2.11959e-05
47179: 2.11954e-05
47180: 2.1195e-05
47181: 2.11945e-05
47182: 2.11941e-05
47183: 2.11936e-05
47184: 2.11932e-05
47185: 2.11927e-05
47186: 2.11923e-05
47187: 2.11918e-05
47188: 2.11914e-05
47189: 2.11909e-05
47190: 2.11905e-05
47191: 2.119e-05
47192: 2.11896e-05
47193: 2.11891e-05
47194: 2.11887e-05
47195: 2.11882e-05
47196: 2.11878e-05
47197: 2.11873e-05
47198: 2.11869e-05
47199: 2.11864e-05
47200: 2.1186e-05
47201: 2.11855e-05
47202: 2.11851e-05
47203: 2.11846e-05
47204: 2.11842e-05
47205: 2.11837e-05
47206: 2.11833e-05
47207: 2.11829e-05
47208: 2.11824e-05
47209: 2.1182e-05
47210: 2.11815e-05
47211: 2.11811e-05
47212: 2.11806e-05
47213: 2.11802e-05
47214: 2.11797e-05
47215: 2.11793e-05
47216: 2.11788e-05
47217: 2.11784e-05
47218: 2.11779e-05
47219: 2.11775e-05
47220: 2.1177e-05
47221: 2.11766e-05
47222: 2.11761e-05
47223: 2.11757e-05
47224: 2.11752e-05
47225: 2.11748e-05
47226: 2.11743e-05
47227: 2.11739e-05
47228: 2.11734e-05
47229: 2.1173e-05
47230: 2.11725e-05
47231: 2.11721e-05
47232: 2.11716e-05
47233: 2.11712e-05
47234: 2.11707e-05
47235: 2.11703e-05
47236: 2.11698e-05
47237: 2.11694e-05
47238: 2.11689e-05
47239: 2.11685e-05
47240: 2.11681e-05
47241: 2.11676e-05
47242: 2.11672e-05
47243: 2.11667e-05
47244: 2.11663e-05
47245: 2.11658e-05
47246: 2.11654e-05
47247: 2.11649e-05
47248: 2.11645e-05
47249: 2.1164e-05
47250: 2.11636e-05
47251: 2.11631e-05
47252: 2.11627e-05
47253: 2.11622e-05
47254: 2.11618e-05
47255: 2.11613e-05
47256: 2.11609e-05
47257: 2.11604e-05
47258: 2.116e-05
47259: 2.11595e-05
47260: 2.11591e-05
47261: 2.11586e-05
47262: 2.11582e-05
47263: 2.11578e-05
47264: 2.11573e-05
47265: 2.11569e-05
47266: 2.11564e-05
47267: 2.1156e-05
47268: 2.11555e-05
47269: 2.11551e-05
47270: 2.11546e-05
47271: 2.11542e-05
47272: 2.11537e-05
47273: 2.11533e-05
47274: 2.11528e-05
47275: 2.11524e-05
47276: 2.11519e-05
47277: 2.11515e-05
47278: 2.1151e-05
47279: 2.11506e-05
47280: 2.11501e-05
47281: 2.11497e-05
47282: 2.11493e-05
47283: 2.11488e-05
47284: 2.11484e-05
47285: 2.11479e-05
47286: 2.11475e-05
47287: 2.1147e-05
47288: 2.11466e-05
47289: 2.11461e-05
47290: 2.11457e-05
47291: 2.11452e-05
47292: 2.11448e-05
47293: 2.11443e-05
47294: 2.11439e-05
47295: 2.11434e-05
47296: 2.1143e-05
47297: 2.11425e-05
47298: 2.11421e-05
47299: 2.11416e-05
47300: 2.11412e-05
47301: 2.11408e-05
47302: 2.11403e-05
47303: 2.11399e-05
47304: 2.11394e-05
47305: 2.1139e-05
47306: 2.11385e-05
47307: 2.11381e-05
47308: 2.11376e-05
47309: 2.11372e-05
47310: 2.11367e-05
47311: 2.11363e-05
47312: 2.11358e-05
47313: 2.11354e-05
47314: 2.11349e-05
47315: 2.11345e-05
47316: 2.11341e-05
47317: 2.11336e-05
47318: 2.11332e-05
47319: 2.11327e-05
47320: 2.11323e-05
47321: 2.11318e-05
47322: 2.11314e-05
47323: 2.11309e-05
47324: 2.11305e-05
47325: 2.113e-05
47326: 2.11296e-05
47327: 2.11291e-05
47328: 2.11287e-05
47329: 2.11282e-05
47330: 2.11278e-05
47331: 2.11274e-05
47332: 2.11269e-05
47333: 2.11265e-05
47334: 2.1126e-05
47335: 2.11256e-05
47336: 2.11251e-05
47337: 2.11247e-05
47338: 2.11242e-05
47339: 2.11238e-05
47340: 2.11233e-05
47341: 2.11229e-05
47342: 2.11224e-05
47343: 2.1122e-05
47344: 2.11216e-05
47345: 2.11211e-05
47346: 2.11207e-05
47347: 2.11202e-05
47348: 2.11198e-05
47349: 2.11193e-05
47350: 2.11189e-05
47351: 2.11184e-05
47352: 2.1118e-05
47353: 2.11175e-05
47354: 2.11171e-05
47355: 2.11166e-05
47356: 2.11162e-05
47357: 2.11158e-05
47358: 2.11153e-05
47359: 2.11149e-05
47360: 2.11144e-05
47361: 2.1114e-05
47362: 2.11135e-05
47363: 2.11131e-05
47364: 2.11126e-05
47365: 2.11122e-05
47366: 2.11117e-05
47367: 2.11113e-05
47368: 2.11109e-05
47369: 2.11104e-05
47370: 2.111e-05
47371: 2.11095e-05
47372: 2.11091e-05
47373: 2.11086e-05
47374: 2.11082e-05
47375: 2.11077e-05
47376: 2.11073e-05
47377: 2.11068e-05
47378: 2.11064e-05
47379: 2.1106e-05
47380: 2.11055e-05
47381: 2.11051e-05
47382: 2.11046e-05
47383: 2.11042e-05
47384: 2.11037e-05
47385: 2.11033e-05
47386: 2.11028e-05
47387: 2.11024e-05
47388: 2.11019e-05
47389: 2.11015e-05
47390: 2.11011e-05
47391: 2.11006e-05
47392: 2.11002e-05
47393: 2.10997e-05
47394: 2.10993e-05
47395: 2.10988e-05
47396: 2.10984e-05
47397: 2.10979e-05
47398: 2.10975e-05
47399: 2.1097e-05
47400: 2.10966e-05
47401: 2.10962e-05
47402: 2.10957e-05
47403: 2.10953e-05
47404: 2.10948e-05
47405: 2.10944e-05
47406: 2.10939e-05
47407: 2.10935e-05
47408: 2.1093e-05
47409: 2.10926e-05
47410: 2.10922e-05
47411: 2.10917e-05
47412: 2.10913e-05
47413: 2.10908e-05
47414: 2.10904e-05
47415: 2.10899e-05
47416: 2.10895e-05
47417: 2.1089e-05
47418: 2.10886e-05
47419: 2.10881e-05
47420: 2.10877e-05
47421: 2.10873e-05
47422: 2.10868e-05
47423: 2.10864e-05
47424: 2.10859e-05
47425: 2.10855e-05
47426: 2.1085e-05
47427: 2.10846e-05
47428: 2.10841e-05
47429: 2.10837e-05
47430: 2.10833e-05
47431: 2.10828e-05
47432: 2.10824e-05
47433: 2.10819e-05
47434: 2.10815e-05
47435: 2.1081e-05
47436: 2.10806e-05
47437: 2.10801e-05
47438: 2.10797e-05
47439: 2.10793e-05
47440: 2.10788e-05
47441: 2.10784e-05
47442: 2.10779e-05
47443: 2.10775e-05
47444: 2.1077e-05
47445: 2.10766e-05
47446: 2.10761e-05
47447: 2.10757e-05
47448: 2.10753e-05
47449: 2.10748e-05
47450: 2.10744e-05
47451: 2.10739e-05
47452: 2.10735e-05
47453: 2.1073e-05
47454: 2.10726e-05
47455: 2.10722e-05
47456: 2.10717e-05
47457: 2.10713e-05
47458: 2.10708e-05
47459: 2.10704e-05
47460: 2.10699e-05
47461: 2.10695e-05
47462: 2.1069e-05
47463: 2.10686e-05
47464: 2.10682e-05
47465: 2.10677e-05
47466: 2.10673e-05
47467: 2.10668e-05
47468: 2.10664e-05
47469: 2.10659e-05
47470: 2.10655e-05
47471: 2.1065e-05
47472: 2.10646e-05
47473: 2.10642e-05
47474: 2.10637e-05
47475: 2.10633e-05
47476: 2.10628e-05
47477: 2.10624e-05
47478: 2.10619e-05
47479: 2.10615e-05
47480: 2.10611e-05
47481: 2.10606e-05
47482: 2.10602e-05
47483: 2.10597e-05
47484: 2.10593e-05
47485: 2.10588e-05
47486: 2.10584e-05
47487: 2.1058e-05
47488: 2.10575e-05
47489: 2.10571e-05
47490: 2.10566e-05
47491: 2.10562e-05
47492: 2.10557e-05
47493: 2.10553e-05
47494: 2.10548e-05
47495: 2.10544e-05
47496: 2.1054e-05
47497: 2.10535e-05
47498: 2.10531e-05
47499: 2.10526e-05
47500: 2.10522e-05
47501: 2.10517e-05
47502: 2.10513e-05
47503: 2.10509e-05
47504: 2.10504e-05
47505: 2.105e-05
47506: 2.10495e-05
47507: 2.10491e-05
47508: 2.10486e-05
47509: 2.10482e-05
47510: 2.10478e-05
47511: 2.10473e-05
47512: 2.10469e-05
47513: 2.10464e-05
47514: 2.1046e-05
47515: 2.10455e-05
47516: 2.10451e-05
47517: 2.10447e-05
47518: 2.10442e-05
47519: 2.10438e-05
47520: 2.10433e-05
47521: 2.10429e-05
47522: 2.10424e-05
47523: 2.1042e-05
47524: 2.10416e-05
47525: 2.10411e-05
47526: 2.10407e-05
47527: 2.10402e-05
47528: 2.10398e-05
47529: 2.10393e-05
47530: 2.10389e-05
47531: 2.10385e-05
47532: 2.1038e-05
47533: 2.10376e-05
47534: 2.10371e-05
47535: 2.10367e-05
47536: 2.10362e-05
47537: 2.10358e-05
47538: 2.10354e-05
47539: 2.10349e-05
47540: 2.10345e-05
47541: 2.1034e-05
47542: 2.10336e-05
47543: 2.10331e-05
47544: 2.10327e-05
47545: 2.10323e-05
47546: 2.10318e-05
47547: 2.10314e-05
47548: 2.10309e-05
47549: 2.10305e-05
47550: 2.10301e-05
47551: 2.10296e-05
47552: 2.10292e-05
47553: 2.10287e-05
47554: 2.10283e-05
47555: 2.10278e-05
47556: 2.10274e-05
47557: 2.1027e-05
47558: 2.10265e-05
47559: 2.10261e-05
47560: 2.10256e-05
47561: 2.10252e-05
47562: 2.10247e-05
47563: 2.10243e-05
47564: 2.10239e-05
47565: 2.10234e-05
47566: 2.1023e-05
47567: 2.10225e-05
47568: 2.10221e-05
47569: 2.10217e-05
47570: 2.10212e-05
47571: 2.10208e-05
47572: 2.10203e-05
47573: 2.10199e-05
47574: 2.10194e-05
47575: 2.1019e-05
47576: 2.10186e-05
47577: 2.10181e-05
47578: 2.10177e-05
47579: 2.10172e-05
47580: 2.10168e-05
47581: 2.10164e-05
47582: 2.10159e-05
47583: 2.10155e-05
47584: 2.1015e-05
47585: 2.10146e-05
47586: 2.10141e-05
47587: 2.10137e-05
47588: 2.10133e-05
47589: 2.10128e-05
47590: 2.10124e-05
47591: 2.10119e-05
47592: 2.10115e-05
47593: 2.10111e-05
47594: 2.10106e-05
47595: 2.10102e-05
47596: 2.10097e-05
47597: 2.10093e-05
47598: 2.10088e-05
47599: 2.10084e-05
47600: 2.1008e-05
47601: 2.10075e-05
47602: 2.10071e-05
47603: 2.10066e-05
47604: 2.10062e-05
47605: 2.10058e-05
47606: 2.10053e-05
47607: 2.10049e-05
47608: 2.10044e-05
47609: 2.1004e-05
47610: 2.10035e-05
47611: 2.10031e-05
47612: 2.10027e-05
47613: 2.10022e-05
47614: 2.10018e-05
47615: 2.10013e-05
47616: 2.10009e-05
47617: 2.10005e-05
47618: 2.1e-05
47619: 2.09996e-05
47620: 2.09991e-05
47621: 2.09987e-05
47622: 2.09983e-05
47623: 2.09978e-05
47624: 2.09974e-05
47625: 2.09969e-05
47626: 2.09965e-05
47627: 2.09961e-05
47628: 2.09956e-05
47629: 2.09952e-05
47630: 2.09947e-05
47631: 2.09943e-05
47632: 2.09938e-05
47633: 2.09934e-05
47634: 2.0993e-05
47635: 2.09925e-05
47636: 2.09921e-05
47637: 2.09916e-05
47638: 2.09912e-05
47639: 2.09908e-05
47640: 2.09903e-05
47641: 2.09899e-05
47642: 2.09894e-05
47643: 2.0989e-05
47644: 2.09886e-05
47645: 2.09881e-05
47646: 2.09877e-05
47647: 2.09872e-05
47648: 2.09868e-05
47649: 2.09864e-05
47650: 2.09859e-05
47651: 2.09855e-05
47652: 2.0985e-05
47653: 2.09846e-05
47654: 2.09842e-05
47655: 2.09837e-05
47656: 2.09833e-05
47657: 2.09828e-05
47658: 2.09824e-05
47659: 2.0982e-05
47660: 2.09815e-05
47661: 2.09811e-05
47662: 2.09806e-05
47663: 2.09802e-05
47664: 2.09798e-05
47665: 2.09793e-05
47666: 2.09789e-05
47667: 2.09784e-05
47668: 2.0978e-05
47669: 2.09776e-05
47670: 2.09771e-05
47671: 2.09767e-05
47672: 2.09762e-05
47673: 2.09758e-05
47674: 2.09754e-05
47675: 2.09749e-05
47676: 2.09745e-05
47677: 2.0974e-05
47678: 2.09736e-05
47679: 2.09732e-05
47680: 2.09727e-05
47681: 2.09723e-05
47682: 2.09718e-05
47683: 2.09714e-05
47684: 2.0971e-05
47685: 2.09705e-05
47686: 2.09701e-05
47687: 2.09696e-05
47688: 2.09692e-05
47689: 2.09688e-05
47690: 2.09683e-05
47691: 2.09679e-05
47692: 2.09674e-05
47693: 2.0967e-05
47694: 2.09666e-05
47695: 2.09661e-05
47696: 2.09657e-05
47697: 2.09652e-05
47698: 2.09648e-05
47699: 2.09644e-05
47700: 2.09639e-05
47701: 2.09635e-05
47702: 2.0963e-05
47703: 2.09626e-05
47704: 2.09622e-05
47705: 2.09617e-05
47706: 2.09613e-05
47707: 2.09608e-05
47708: 2.09604e-05
47709: 2.096e-05
47710: 2.09595e-05
47711: 2.09591e-05
47712: 2.09586e-05
47713: 2.09582e-05
47714: 2.09578e-05
47715: 2.09573e-05
47716: 2.09569e-05
47717: 2.09565e-05
47718: 2.0956e-05
47719: 2.09556e-05
47720: 2.09551e-05
47721: 2.09547e-05
47722: 2.09543e-05
47723: 2.09538e-05
47724: 2.09534e-05
47725: 2.09529e-05
47726: 2.09525e-05
47727: 2.09521e-05
47728: 2.09516e-05
47729: 2.09512e-05
47730: 2.09507e-05
47731: 2.09503e-05
47732: 2.09499e-05
47733: 2.09494e-05
47734: 2.0949e-05
47735: 2.09486e-05
47736: 2.09481e-05
47737: 2.09477e-05
47738: 2.09472e-05
47739: 2.09468e-05
47740: 2.09464e-05
47741: 2.09459e-05
47742: 2.09455e-05
47743: 2.0945e-05
47744: 2.09446e-05
47745: 2.09442e-05
47746: 2.09437e-05
47747: 2.09433e-05
47748: 2.09428e-05
47749: 2.09424e-05
47750: 2.0942e-05
47751: 2.09415e-05
47752: 2.09411e-05
47753: 2.09407e-05
47754: 2.09402e-05
47755: 2.09398e-05
47756: 2.09393e-05
47757: 2.09389e-05
47758: 2.09385e-05
47759: 2.0938e-05
47760: 2.09376e-05
47761: 2.09371e-05
47762: 2.09367e-05
47763: 2.09363e-05
47764: 2.09358e-05
47765: 2.09354e-05
47766: 2.0935e-05
47767: 2.09345e-05
47768: 2.09341e-05
47769: 2.09336e-05
47770: 2.09332e-05
47771: 2.09328e-05
47772: 2.09323e-05
47773: 2.09319e-05
47774: 2.09314e-05
47775: 2.0931e-05
47776: 2.09306e-05
47777: 2.09301e-05
47778: 2.09297e-05
47779: 2.09293e-05
47780: 2.09288e-05
47781: 2.09284e-05
47782: 2.09279e-05
47783: 2.09275e-05
47784: 2.09271e-05
47785: 2.09266e-05
47786: 2.09262e-05
47787: 2.09258e-05
47788: 2.09253e-05
47789: 2.09249e-05
47790: 2.09244e-05
47791: 2.0924e-05
47792: 2.09236e-05
47793: 2.09231e-05
47794: 2.09227e-05
47795: 2.09223e-05
47796: 2.09218e-05
47797: 2.09214e-05
47798: 2.09209e-05
47799: 2.09205e-05
47800: 2.09201e-05
47801: 2.09196e-05
47802: 2.09192e-05
47803: 2.09188e-05
47804: 2.09183e-05
47805: 2.09179e-05
47806: 2.09174e-05
47807: 2.0917e-05
47808: 2.09166e-05
47809: 2.09161e-05
47810: 2.09157e-05
47811: 2.09153e-05
47812: 2.09148e-05
47813: 2.09144e-05
47814: 2.09139e-05
47815: 2.09135e-05
47816: 2.09131e-05
47817: 2.09126e-05
47818: 2.09122e-05
47819: 2.09118e-05
47820: 2.09113e-05
47821: 2.09109e-05
47822: 2.09104e-05
47823: 2.091e-05
47824: 2.09096e-05
47825: 2.09091e-05
47826: 2.09087e-05
47827: 2.09083e-05
47828: 2.09078e-05
47829: 2.09074e-05
47830: 2.09069e-05
47831: 2.09065e-05
47832: 2.09061e-05
47833: 2.09056e-05
47834: 2.09052e-05
47835: 2.09048e-05
47836: 2.09043e-05
47837: 2.09039e-05
47838: 2.09034e-05
47839: 2.0903e-05
47840: 2.09026e-05
47841: 2.09021e-05
47842: 2.09017e-05
47843: 2.09013e-05
47844: 2.09008e-05
47845: 2.09004e-05
47846: 2.09e-05
47847: 2.08995e-05
47848: 2.08991e-05
47849: 2.08986e-05
47850: 2.08982e-05
47851: 2.08978e-05
47852: 2.08973e-05
47853: 2.08969e-05
47854: 2.08965e-05
47855: 2.0896e-05
47856: 2.08956e-05
47857: 2.08951e-05
47858: 2.08947e-05
47859: 2.08943e-05
47860: 2.08938e-05
47861: 2.08934e-05
47862: 2.0893e-05
47863: 2.08925e-05
47864: 2.08921e-05
47865: 2.08917e-05
47866: 2.08912e-05
47867: 2.08908e-05
47868: 2.08903e-05
47869: 2.08899e-05
47870: 2.08895e-05
47871: 2.0889e-05
47872: 2.08886e-05
47873: 2.08882e-05
47874: 2.08877e-05
47875: 2.08873e-05
47876: 2.08869e-05
47877: 2.08864e-05
47878: 2.0886e-05
47879: 2.08855e-05
47880: 2.08851e-05
47881: 2.08847e-05
47882: 2.08842e-05
47883: 2.08838e-05
47884: 2.08834e-05
47885: 2.08829e-05
47886: 2.08825e-05
47887: 2.08821e-05
47888: 2.08816e-05
47889: 2.08812e-05
47890: 2.08808e-05
47891: 2.08803e-05
47892: 2.08799e-05
47893: 2.08794e-05
47894: 2.0879e-05
47895: 2.08786e-05
47896: 2.08781e-05
47897: 2.08777e-05
47898: 2.08773e-05
47899: 2.08768e-05
47900: 2.08764e-05
47901: 2.0876e-05
47902: 2.08755e-05
47903: 2.08751e-05
47904: 2.08746e-05
47905: 2.08742e-05
47906: 2.08738e-05
47907: 2.08733e-05
47908: 2.08729e-05
47909: 2.08725e-05
47910: 2.0872e-05
47911: 2.08716e-05
47912: 2.08712e-05
47913: 2.08707e-05
47914: 2.08703e-05
47915: 2.08699e-05
47916: 2.08694e-05
47917: 2.0869e-05
47918: 2.08685e-05
47919: 2.08681e-05
47920: 2.08677e-05
47921: 2.08672e-05
47922: 2.08668e-05
47923: 2.08664e-05
47924: 2.08659e-05
47925: 2.08655e-05
47926: 2.08651e-05
47927: 2.08646e-05
47928: 2.08642e-05
47929: 2.08638e-05
47930: 2.08633e-05
47931: 2.08629e-05
47932: 2.08625e-05
47933: 2.0862e-05
47934: 2.08616e-05
47935: 2.08611e-05
47936: 2.08607e-05
47937: 2.08603e-05
47938: 2.08598e-05
47939: 2.08594e-05
47940: 2.0859e-05
47941: 2.08585e-05
47942: 2.08581e-05
47943: 2.08577e-05
47944: 2.08572e-05
47945: 2.08568e-05
47946: 2.08564e-05
47947: 2.08559e-05
47948: 2.08555e-05
47949: 2.08551e-05
47950: 2.08546e-05
47951: 2.08542e-05
47952: 2.08538e-05
47953: 2.08533e-05
47954: 2.08529e-05
47955: 2.08524e-05
47956: 2.0852e-05
47957: 2.08516e-05
47958: 2.08511e-05
47959: 2.08507e-05
47960: 2.08503e-05
47961: 2.08498e-05
47962: 2.08494e-05
47963: 2.0849e-05
47964: 2.08485e-05
47965: 2.08481e-05
47966: 2.08477e-05
47967: 2.08472e-05
47968: 2.08468e-05
47969: 2.08464e-05
47970: 2.08459e-05
47971: 2.08455e-05
47972: 2.08451e-05
47973: 2.08446e-05
47974: 2.08442e-05
47975: 2.08438e-05
47976: 2.08433e-05
47977: 2.08429e-05
47978: 2.08425e-05
47979: 2.0842e-05
47980: 2.08416e-05
47981: 2.08411e-05
47982: 2.08407e-05
47983: 2.08403e-05
47984: 2.08398e-05
47985: 2.08394e-05
47986: 2.0839e-05
47987: 2.08385e-05
47988: 2.08381e-05
47989: 2.08377e-05
47990: 2.08372e-05
47991: 2.08368e-05
47992: 2.08364e-05
47993: 2.08359e-05
47994: 2.08355e-05
47995: 2.08351e-05
47996: 2.08346e-05
47997: 2.08342e-05
47998: 2.08338e-05
47999: 2.08333e-05
48000: 2.08329e-05
48001: 2.08325e-05
48002: 2.0832e-05
48003: 2.08316e-05
48004: 2.08312e-05
48005: 2.08307e-05
48006: 2.08303e-05
48007: 2.08299e-05
48008: 2.08294e-05
48009: 2.0829e-05
48010: 2.08286e-05
48011: 2.08281e-05
48012: 2.08277e-05
48013: 2.08273e-05
48014: 2.08268e-05
48015: 2.08264e-05
48016: 2.0826e-05
48017: 2.08255e-05
48018: 2.08251e-05
48019: 2.08247e-05
48020: 2.08242e-05
48021: 2.08238e-05
48022: 2.08234e-05
48023: 2.08229e-05
48024: 2.08225e-05
48025: 2.08221e-05
48026: 2.08216e-05
48027: 2.08212e-05
48028: 2.08208e-05
48029: 2.08203e-05
48030: 2.08199e-05
48031: 2.08195e-05
48032: 2.0819e-05
48033: 2.08186e-05
48034: 2.08182e-05
48035: 2.08177e-05
48036: 2.08173e-05
48037: 2.08169e-05
48038: 2.08164e-05
48039: 2.0816e-05
48040: 2.08156e-05
48041: 2.08151e-05
48042: 2.08147e-05
48043: 2.08143e-05
48044: 2.08138e-05
48045: 2.08134e-05
48046: 2.0813e-05
48047: 2.08125e-05
48048: 2.08121e-05
48049: 2.08117e-05
48050: 2.08112e-05
48051: 2.08108e-05
48052: 2.08104e-05
48053: 2.08099e-05
48054: 2.08095e-05
48055: 2.08091e-05
48056: 2.08086e-05
48057: 2.08082e-05
48058: 2.08078e-05
48059: 2.08073e-05
48060: 2.08069e-05
48061: 2.08065e-05
48062: 2.0806e-05
48063: 2.08056e-05
48064: 2.08052e-05
48065: 2.08047e-05
48066: 2.08043e-05
48067: 2.08039e-05
48068: 2.08034e-05
48069: 2.0803e-05
48070: 2.08026e-05
48071: 2.08021e-05
48072: 2.08017e-05
48073: 2.08013e-05
48074: 2.08008e-05
48075: 2.08004e-05
48076: 2.08e-05
48077: 2.07995e-05
48078: 2.07991e-05
48079: 2.07987e-05
48080: 2.07982e-05
48081: 2.07978e-05
48082: 2.07974e-05
48083: 2.07969e-05
48084: 2.07965e-05
48085: 2.07961e-05
48086: 2.07956e-05
48087: 2.07952e-05
48088: 2.07948e-05
48089: 2.07943e-05
48090: 2.07939e-05
48091: 2.07935e-05
48092: 2.0793e-05
48093: 2.07926e-05
48094: 2.07922e-05
48095: 2.07917e-05
48096: 2.07913e-05
48097: 2.07909e-05
48098: 2.07905e-05
48099: 2.079e-05
48100: 2.07896e-05
48101: 2.07892e-05
48102: 2.07887e-05
48103: 2.07883e-05
48104: 2.07879e-05
48105: 2.07874e-05
48106: 2.0787e-05
48107: 2.07866e-05
48108: 2.07861e-05
48109: 2.07857e-05
48110: 2.07853e-05
48111: 2.07848e-05
48112: 2.07844e-05
48113: 2.0784e-05
48114: 2.07835e-05
48115: 2.07831e-05
48116: 2.07827e-05
48117: 2.07822e-05
48118: 2.07818e-05
48119: 2.07814e-05
48120: 2.07809e-05
48121: 2.07805e-05
48122: 2.07801e-05
48123: 2.07797e-05
48124: 2.07792e-05
48125: 2.07788e-05
48126: 2.07784e-05
48127: 2.07779e-05
48128: 2.07775e-05
48129: 2.07771e-05
48130: 2.07766e-05
48131: 2.07762e-05
48132: 2.07758e-05
48133: 2.07753e-05
48134: 2.07749e-05
48135: 2.07745e-05
48136: 2.0774e-05
48137: 2.07736e-05
48138: 2.07732e-05
48139: 2.07727e-05
48140: 2.07723e-05
48141: 2.07719e-05
48142: 2.07715e-05
48143: 2.0771e-05
48144: 2.07706e-05
48145: 2.07702e-05
48146: 2.07697e-05
48147: 2.07693e-05
48148: 2.07689e-05
48149: 2.07684e-05
48150: 2.0768e-05
48151: 2.07676e-05
48152: 2.07671e-05
48153: 2.07667e-05
48154: 2.07663e-05
48155: 2.07658e-05
48156: 2.07654e-05
48157: 2.0765e-05
48158: 2.07646e-05
48159: 2.07641e-05
48160: 2.07637e-05
48161: 2.07633e-05
48162: 2.07628e-05
48163: 2.07624e-05
48164: 2.0762e-05
48165: 2.07615e-05
48166: 2.07611e-05
48167: 2.07607e-05
48168: 2.07602e-05
48169: 2.07598e-05
48170: 2.07594e-05
48171: 2.07589e-05
48172: 2.07585e-05
48173: 2.07581e-05
48174: 2.07577e-05
48175: 2.07572e-05
48176: 2.07568e-05
48177: 2.07564e-05
48178: 2.07559e-05
48179: 2.07555e-05
48180: 2.07551e-05
48181: 2.07546e-05
48182: 2.07542e-05
48183: 2.07538e-05
48184: 2.07533e-05
48185: 2.07529e-05
48186: 2.07525e-05
48187: 2.07521e-05
48188: 2.07516e-05
48189: 2.07512e-05
48190: 2.07508e-05
48191: 2.07503e-05
48192: 2.07499e-05
48193: 2.07495e-05
48194: 2.0749e-05
48195: 2.07486e-05
48196: 2.07482e-05
48197: 2.07477e-05
48198: 2.07473e-05
48199: 2.07469e-05
48200: 2.07465e-05
48201: 2.0746e-05
48202: 2.07456e-05
48203: 2.07452e-05
48204: 2.07447e-05
48205: 2.07443e-05
48206: 2.07439e-05
48207: 2.07434e-05
48208: 2.0743e-05
48209: 2.07426e-05
48210: 2.07422e-05
48211: 2.07417e-05
48212: 2.07413e-05
48213: 2.07409e-05
48214: 2.07404e-05
48215: 2.074e-05
48216: 2.07396e-05
48217: 2.07391e-05
48218: 2.07387e-05
48219: 2.07383e-05
48220: 2.07379e-05
48221: 2.07374e-05
48222: 2.0737e-05
48223: 2.07366e-05
48224: 2.07361e-05
48225: 2.07357e-05
48226: 2.07353e-05
48227: 2.07348e-05
48228: 2.07344e-05
48229: 2.0734e-05
48230: 2.07336e-05
48231: 2.07331e-05
48232: 2.07327e-05
48233: 2.07323e-05
48234: 2.07318e-05
48235: 2.07314e-05
48236: 2.0731e-05
48237: 2.07305e-05
48238: 2.07301e-05
48239: 2.07297e-05
48240: 2.07293e-05
48241: 2.07288e-05
48242: 2.07284e-05
48243: 2.0728e-05
48244: 2.07275e-05
48245: 2.07271e-05
48246: 2.07267e-05
48247: 2.07262e-05
48248: 2.07258e-05
48249: 2.07254e-05
48250: 2.0725e-05
48251: 2.07245e-05
48252: 2.07241e-05
48253: 2.07237e-05
48254: 2.07232e-05
48255: 2.07228e-05
48256: 2.07224e-05
48257: 2.0722e-05
48258: 2.07215e-05
48259: 2.07211e-05
48260: 2.07207e-05
48261: 2.07202e-05
48262: 2.07198e-05
48263: 2.07194e-05
48264: 2.07189e-05
48265: 2.07185e-05
48266: 2.07181e-05
48267: 2.07177e-05
48268: 2.07172e-05
48269: 2.07168e-05
48270: 2.07164e-05
48271: 2.07159e-05
48272: 2.07155e-05
48273: 2.07151e-05
48274: 2.07147e-05
48275: 2.07142e-05
48276: 2.07138e-05
48277: 2.07134e-05
48278: 2.07129e-05
48279: 2.07125e-05
48280: 2.07121e-05
48281: 2.07117e-05
48282: 2.07112e-05
48283: 2.07108e-05
48284: 2.07104e-05
48285: 2.07099e-05
48286: 2.07095e-05
48287: 2.07091e-05
48288: 2.07087e-05
48289: 2.07082e-05
48290: 2.07078e-05
48291: 2.07074e-05
48292: 2.07069e-05
48293: 2.07065e-05
48294: 2.07061e-05
48295: 2.07056e-05
48296: 2.07052e-05
48297: 2.07048e-05
48298: 2.07044e-05
48299: 2.07039e-05
48300: 2.07035e-05
48301: 2.07031e-05
48302: 2.07026e-05
48303: 2.07022e-05
48304: 2.07018e-05
48305: 2.07014e-05
48306: 2.07009e-05
48307: 2.07005e-05
48308: 2.07001e-05
48309: 2.06996e-05
48310: 2.06992e-05
48311: 2.06988e-05
48312: 2.06984e-05
48313: 2.06979e-05
48314: 2.06975e-05
48315: 2.06971e-05
48316: 2.06966e-05
48317: 2.06962e-05
48318: 2.06958e-05
48319: 2.06954e-05
48320: 2.06949e-05
48321: 2.06945e-05
48322: 2.06941e-05
48323: 2.06937e-05
48324: 2.06932e-05
48325: 2.06928e-05
48326: 2.06924e-05
48327: 2.06919e-05
48328: 2.06915e-05
48329: 2.06911e-05
48330: 2.06907e-05
48331: 2.06902e-05
48332: 2.06898e-05
48333: 2.06894e-05
48334: 2.06889e-05
48335: 2.06885e-05
48336: 2.06881e-05
48337: 2.06877e-05
48338: 2.06872e-05
48339: 2.06868e-05
48340: 2.06864e-05
48341: 2.06859e-05
48342: 2.06855e-05
48343: 2.06851e-05
48344: 2.06847e-05
48345: 2.06842e-05
48346: 2.06838e-05
48347: 2.06834e-05
48348: 2.0683e-05
48349: 2.06825e-05
48350: 2.06821e-05
48351: 2.06817e-05
48352: 2.06812e-05
48353: 2.06808e-05
48354: 2.06804e-05
48355: 2.068e-05
48356: 2.06795e-05
48357: 2.06791e-05
48358: 2.06787e-05
48359: 2.06782e-05
48360: 2.06778e-05
48361: 2.06774e-05
48362: 2.0677e-05
48363: 2.06765e-05
48364: 2.06761e-05
48365: 2.06757e-05
48366: 2.06753e-05
48367: 2.06748e-05
48368: 2.06744e-05
48369: 2.0674e-05
48370: 2.06735e-05
48371: 2.06731e-05
48372: 2.06727e-05
48373: 2.06723e-05
48374: 2.06718e-05
48375: 2.06714e-05
48376: 2.0671e-05
48377: 2.06706e-05
48378: 2.06701e-05
48379: 2.06697e-05
48380: 2.06693e-05
48381: 2.06688e-05
48382: 2.06684e-05
48383: 2.0668e-05
48384: 2.06676e-05
48385: 2.06671e-05
48386: 2.06667e-05
48387: 2.06663e-05
48388: 2.06659e-05
48389: 2.06654e-05
48390: 2.0665e-05
48391: 2.06646e-05
48392: 2.06641e-05
48393: 2.06637e-05
48394: 2.06633e-05
48395: 2.06629e-05
48396: 2.06624e-05
48397: 2.0662e-05
48398: 2.06616e-05
48399: 2.06612e-05
48400: 2.06607e-05
48401: 2.06603e-05
48402: 2.06599e-05
48403: 2.06594e-05
48404: 2.0659e-05
48405: 2.06586e-05
48406: 2.06582e-05
48407: 2.06577e-05
48408: 2.06573e-05
48409: 2.06569e-05
48410: 2.06565e-05
48411: 2.0656e-05
48412: 2.06556e-05
48413: 2.06552e-05
48414: 2.06548e-05
48415: 2.06543e-05
48416: 2.06539e-05
48417: 2.06535e-05
48418: 2.0653e-05
48419: 2.06526e-05
48420: 2.06522e-05
48421: 2.06518e-05
48422: 2.06513e-05
48423: 2.06509e-05
48424: 2.06505e-05
48425: 2.06501e-05
48426: 2.06496e-05
48427: 2.06492e-05
48428: 2.06488e-05
48429: 2.06484e-05
48430: 2.06479e-05
48431: 2.06475e-05
48432: 2.06471e-05
48433: 2.06467e-05
48434: 2.06462e-05
48435: 2.06458e-05
48436: 2.06454e-05
48437: 2.06449e-05
48438: 2.06445e-05
48439: 2.06441e-05
48440: 2.06437e-05
48441: 2.06432e-05
48442: 2.06428e-05
48443: 2.06424e-05
48444: 2.0642e-05
48445: 2.06415e-05
48446: 2.06411e-05
48447: 2.06407e-05
48448: 2.06403e-05
48449: 2.06398e-05
48450: 2.06394e-05
48451: 2.0639e-05
48452: 2.06386e-05
48453: 2.06381e-05
48454: 2.06377e-05
48455: 2.06373e-05
48456: 2.06369e-05
48457: 2.06364e-05
48458: 2.0636e-05
48459: 2.06356e-05
48460: 2.06351e-05
48461: 2.06347e-05
48462: 2.06343e-05
48463: 2.06339e-05
48464: 2.06334e-05
48465: 2.0633e-05
48466: 2.06326e-05
48467: 2.06322e-05
48468: 2.06317e-05
48469: 2.06313e-05
48470: 2.06309e-05
48471: 2.06305e-05
48472: 2.063e-05
48473: 2.06296e-05
48474: 2.06292e-05
48475: 2.06288e-05
48476: 2.06283e-05
48477: 2.06279e-05
48478: 2.06275e-05
48479: 2.06271e-05
48480: 2.06266e-05
48481: 2.06262e-05
48482: 2.06258e-05
48483: 2.06254e-05
48484: 2.06249e-05
48485: 2.06245e-05
48486: 2.06241e-05
48487: 2.06237e-05
48488: 2.06232e-05
48489: 2.06228e-05
48490: 2.06224e-05
48491: 2.0622e-05
48492: 2.06215e-05
48493: 2.06211e-05
48494: 2.06207e-05
48495: 2.06203e-05
48496: 2.06198e-05
48497: 2.06194e-05
48498: 2.0619e-05
48499: 2.06186e-05
48500: 2.06181e-05
48501: 2.06177e-05
48502: 2.06173e-05
48503: 2.06169e-05
48504: 2.06164e-05
48505: 2.0616e-05
48506: 2.06156e-05
48507: 2.06152e-05
48508: 2.06147e-05
48509: 2.06143e-05
48510: 2.06139e-05
48511: 2.06135e-05
48512: 2.0613e-05
48513: 2.06126e-05
48514: 2.06122e-05
48515: 2.06118e-05
48516: 2.06113e-05
48517: 2.06109e-05
48518: 2.06105e-05
48519: 2.06101e-05
48520: 2.06096e-05
48521: 2.06092e-05
48522: 2.06088e-05
48523: 2.06084e-05
48524: 2.06079e-05
48525: 2.06075e-05
48526: 2.06071e-05
48527: 2.06067e-05
48528: 2.06062e-05
48529: 2.06058e-05
48530: 2.06054e-05
48531: 2.0605e-05
48532: 2.06045e-05
48533: 2.06041e-05
48534: 2.06037e-05
48535: 2.06033e-05
48536: 2.06028e-05
48537: 2.06024e-05
48538: 2.0602e-05
48539: 2.06016e-05
48540: 2.06011e-05
48541: 2.06007e-05
48542: 2.06003e-05
48543: 2.05999e-05
48544: 2.05994e-05
48545: 2.0599e-05
48546: 2.05986e-05
48547: 2.05982e-05
48548: 2.05977e-05
48549: 2.05973e-05
48550: 2.05969e-05
48551: 2.05965e-05
48552: 2.0596e-05
48553: 2.05956e-05
48554: 2.05952e-05
48555: 2.05948e-05
48556: 2.05944e-05
48557: 2.05939e-05
48558: 2.05935e-05
48559: 2.05931e-05
48560: 2.05927e-05
48561: 2.05922e-05
48562: 2.05918e-05
48563: 2.05914e-05
48564: 2.0591e-05
48565: 2.05905e-05
48566: 2.05901e-05
48567: 2.05897e-05
48568: 2.05893e-05
48569: 2.05888e-05
48570: 2.05884e-05
48571: 2.0588e-05
48572: 2.05876e-05
48573: 2.05871e-05
48574: 2.05867e-05
48575: 2.05863e-05
48576: 2.05859e-05
48577: 2.05855e-05
48578: 2.0585e-05
48579: 2.05846e-05
48580: 2.05842e-05
48581: 2.05838e-05
48582: 2.05833e-05
48583: 2.05829e-05
48584: 2.05825e-05
48585: 2.05821e-05
48586: 2.05816e-05
48587: 2.05812e-05
48588: 2.05808e-05
48589: 2.05804e-05
48590: 2.05799e-05
48591: 2.05795e-05
48592: 2.05791e-05
48593: 2.05787e-05
48594: 2.05782e-05
48595: 2.05778e-05
48596: 2.05774e-05
48597: 2.0577e-05
48598: 2.05766e-05
48599: 2.05761e-05
48600: 2.05757e-05
48601: 2.05753e-05
48602: 2.05749e-05
48603: 2.05744e-05
48604: 2.0574e-05
48605: 2.05736e-05
48606: 2.05732e-05
48607: 2.05727e-05
48608: 2.05723e-05
48609: 2.05719e-05
48610: 2.05715e-05
48611: 2.05711e-05
48612: 2.05706e-05
48613: 2.05702e-05
48614: 2.05698e-05
48615: 2.05694e-05
48616: 2.05689e-05
48617: 2.05685e-05
48618: 2.05681e-05
48619: 2.05677e-05
48620: 2.05672e-05
48621: 2.05668e-05
48622: 2.05664e-05
48623: 2.0566e-05
48624: 2.05656e-05
48625: 2.05651e-05
48626: 2.05647e-05
48627: 2.05643e-05
48628: 2.05639e-05
48629: 2.05634e-05
48630: 2.0563e-05
48631: 2.05626e-05
48632: 2.05622e-05
48633: 2.05617e-05
48634: 2.05613e-05
48635: 2.05609e-05
48636: 2.05605e-05
48637: 2.05601e-05
48638: 2.05596e-05
48639: 2.05592e-05
48640: 2.05588e-05
48641: 2.05584e-05
48642: 2.05579e-05
48643: 2.05575e-05
48644: 2.05571e-05
48645: 2.05567e-05
48646: 2.05563e-05
48647: 2.05558e-05
48648: 2.05554e-05
48649: 2.0555e-05
48650: 2.05546e-05
48651: 2.05541e-05
48652: 2.05537e-05
48653: 2.05533e-05
48654: 2.05529e-05
48655: 2.05524e-05
48656: 2.0552e-05
48657: 2.05516e-05
48658: 2.05512e-05
48659: 2.05508e-05
48660: 2.05503e-05
48661: 2.05499e-05
48662: 2.05495e-05
48663: 2.05491e-05
48664: 2.05486e-05
48665: 2.05482e-05
48666: 2.05478e-05
48667: 2.05474e-05
48668: 2.0547e-05
48669: 2.05465e-05
48670: 2.05461e-05
48671: 2.05457e-05
48672: 2.05453e-05
48673: 2.05448e-05
48674: 2.05444e-05
48675: 2.0544e-05
48676: 2.05436e-05
48677: 2.05432e-05
48678: 2.05427e-05
48679: 2.05423e-05
48680: 2.05419e-05
48681: 2.05415e-05
48682: 2.05411e-05
48683: 2.05406e-05
48684: 2.05402e-05
48685: 2.05398e-05
48686: 2.05394e-05
48687: 2.05389e-05
48688: 2.05385e-05
48689: 2.05381e-05
48690: 2.05377e-05
48691: 2.05373e-05
48692: 2.05368e-05
48693: 2.05364e-05
48694: 2.0536e-05
48695: 2.05356e-05
48696: 2.05351e-05
48697: 2.05347e-05
48698: 2.05343e-05
48699: 2.05339e-05
48700: 2.05335e-05
48701: 2.0533e-05
48702: 2.05326e-05
48703: 2.05322e-05
48704: 2.05318e-05
48705: 2.05314e-05
48706: 2.05309e-05
48707: 2.05305e-05
48708: 2.05301e-05
48709: 2.05297e-05
48710: 2.05292e-05
48711: 2.05288e-05
48712: 2.05284e-05
48713: 2.0528e-05
48714: 2.05276e-05
48715: 2.05271e-05
48716: 2.05267e-05
48717: 2.05263e-05
48718: 2.05259e-05
48719: 2.05255e-05
48720: 2.0525e-05
48721: 2.05246e-05
48722: 2.05242e-05
48723: 2.05238e-05
48724: 2.05233e-05
48725: 2.05229e-05
48726: 2.05225e-05
48727: 2.05221e-05
48728: 2.05217e-05
48729: 2.05212e-05
48730: 2.05208e-05
48731: 2.05204e-05
48732: 2.052e-05
48733: 2.05196e-05
48734: 2.05191e-05
48735: 2.05187e-05
48736: 2.05183e-05
48737: 2.05179e-05
48738: 2.05175e-05
48739: 2.0517e-05
48740: 2.05166e-05
48741: 2.05162e-05
48742: 2.05158e-05
48743: 2.05153e-05
48744: 2.05149e-05
48745: 2.05145e-05
48746: 2.05141e-05
48747: 2.05137e-05
48748: 2.05132e-05
48749: 2.05128e-05
48750: 2.05124e-05
48751: 2.0512e-05
48752: 2.05116e-05
48753: 2.05111e-05
48754: 2.05107e-05
48755: 2.05103e-05
48756: 2.05099e-05
48757: 2.05095e-05
48758: 2.0509e-05
48759: 2.05086e-05
48760: 2.05082e-05
48761: 2.05078e-05
48762: 2.05074e-05
48763: 2.05069e-05
48764: 2.05065e-05
48765: 2.05061e-05
48766: 2.05057e-05
48767: 2.05052e-05
48768: 2.05048e-05
48769: 2.05044e-05
48770: 2.0504e-05
48771: 2.05036e-05
48772: 2.05031e-05
48773: 2.05027e-05
48774: 2.05023e-05
48775: 2.05019e-05
48776: 2.05015e-05
48777: 2.0501e-05
48778: 2.05006e-05
48779: 2.05002e-05
48780: 2.04998e-05
48781: 2.04994e-05
48782: 2.04989e-05
48783: 2.04985e-05
48784: 2.04981e-05
48785: 2.04977e-05
48786: 2.04973e-05
48787: 2.04968e-05
48788: 2.04964e-05
48789: 2.0496e-05
48790: 2.04956e-05
48791: 2.04952e-05
48792: 2.04947e-05
48793: 2.04943e-05
48794: 2.04939e-05
48795: 2.04935e-05
48796: 2.04931e-05
48797: 2.04926e-05
48798: 2.04922e-05
48799: 2.04918e-05
48800: 2.04914e-05
48801: 2.0491e-05
48802: 2.04905e-05
48803: 2.04901e-05
48804: 2.04897e-05
48805: 2.04893e-05
48806: 2.04889e-05
48807: 2.04884e-05
48808: 2.0488e-05
48809: 2.04876e-05
48810: 2.04872e-05
48811: 2.04868e-05
48812: 2.04863e-05
48813: 2.04859e-05
48814: 2.04855e-05
48815: 2.04851e-05
48816: 2.04847e-05
48817: 2.04842e-05
48818: 2.04838e-05
48819: 2.04834e-05
48820: 2.0483e-05
48821: 2.04826e-05
48822: 2.04821e-05
48823: 2.04817e-05
48824: 2.04813e-05
48825: 2.04809e-05
48826: 2.04805e-05
48827: 2.04801e-05
48828: 2.04796e-05
48829: 2.04792e-05
48830: 2.04788e-05
48831: 2.04784e-05
48832: 2.0478e-05
48833: 2.04775e-05
48834: 2.04771e-05
48835: 2.04767e-05
48836: 2.04763e-05
48837: 2.04759e-05
48838: 2.04754e-05
48839: 2.0475e-05
48840: 2.04746e-05
48841: 2.04742e-05
48842: 2.04738e-05
48843: 2.04733e-05
48844: 2.04729e-05
48845: 2.04725e-05
48846: 2.04721e-05
48847: 2.04717e-05
48848: 2.04712e-05
48849: 2.04708e-05
48850: 2.04704e-05
48851: 2.047e-05
48852: 2.04696e-05
48853: 2.04692e-05
48854: 2.04687e-05
48855: 2.04683e-05
48856: 2.04679e-05
48857: 2.04675e-05
48858: 2.04671e-05
48859: 2.04666e-05
48860: 2.04662e-05
48861: 2.04658e-05
48862: 2.04654e-05
48863: 2.0465e-05
48864: 2.04645e-05
48865: 2.04641e-05
48866: 2.04637e-05
48867: 2.04633e-05
48868: 2.04629e-05
48869: 2.04625e-05
48870: 2.0462e-05
48871: 2.04616e-05
48872: 2.04612e-05
48873: 2.04608e-05
48874: 2.04604e-05
48875: 2.04599e-05
48876: 2.04595e-05
48877: 2.04591e-05
48878: 2.04587e-05
48879: 2.04583e-05
48880: 2.04578e-05
48881: 2.04574e-05
48882: 2.0457e-05
48883: 2.04566e-05
48884: 2.04562e-05
48885: 2.04558e-05
48886: 2.04553e-05
48887: 2.04549e-05
48888: 2.04545e-05
48889: 2.04541e-05
48890: 2.04537e-05
48891: 2.04532e-05
48892: 2.04528e-05
48893: 2.04524e-05
48894: 2.0452e-05
48895: 2.04516e-05
48896: 2.04512e-05
48897: 2.04507e-05
48898: 2.04503e-05
48899: 2.04499e-05
48900: 2.04495e-05
48901: 2.04491e-05
48902: 2.04486e-05
48903: 2.04482e-05
48904: 2.04478e-05
48905: 2.04474e-05
48906: 2.0447e-05
48907: 2.04466e-05
48908: 2.04461e-05
48909: 2.04457e-05
48910: 2.04453e-05
48911: 2.04449e-05
48912: 2.04445e-05
48913: 2.0444e-05
48914: 2.04436e-05
48915: 2.04432e-05
48916: 2.04428e-05
48917: 2.04424e-05
48918: 2.0442e-05
48919: 2.04415e-05
48920: 2.04411e-05
48921: 2.04407e-05
48922: 2.04403e-05
48923: 2.04399e-05
48924: 2.04394e-05
48925: 2.0439e-05
48926: 2.04386e-05
48927: 2.04382e-05
48928: 2.04378e-05
48929: 2.04374e-05
48930: 2.04369e-05
48931: 2.04365e-05
48932: 2.04361e-05
48933: 2.04357e-05
48934: 2.04353e-05
48935: 2.04349e-05
48936: 2.04344e-05
48937: 2.0434e-05
48938: 2.04336e-05
48939: 2.04332e-05
48940: 2.04328e-05
48941: 2.04323e-05
48942: 2.04319e-05
48943: 2.04315e-05
48944: 2.04311e-05
48945: 2.04307e-05
48946: 2.04303e-05
48947: 2.04298e-05
48948: 2.04294e-05
48949: 2.0429e-05
48950: 2.04286e-05
48951: 2.04282e-05
48952: 2.04278e-05
48953: 2.04273e-05
48954: 2.04269e-05
48955: 2.04265e-05
48956: 2.04261e-05
48957: 2.04257e-05
48958: 2.04253e-05
48959: 2.04248e-05
48960: 2.04244e-05
48961: 2.0424e-05
48962: 2.04236e-05
48963: 2.04232e-05
48964: 2.04228e-05
48965: 2.04223e-05
48966: 2.04219e-05
48967: 2.04215e-05
48968: 2.04211e-05
48969: 2.04207e-05
48970: 2.04202e-05
48971: 2.04198e-05
48972: 2.04194e-05
48973: 2.0419e-05
48974: 2.04186e-05
48975: 2.04182e-05
48976: 2.04177e-05
48977: 2.04173e-05
48978: 2.04169e-05
48979: 2.04165e-05
48980: 2.04161e-05
48981: 2.04157e-05
48982: 2.04152e-05
48983: 2.04148e-05
48984: 2.04144e-05
48985: 2.0414e-05
48986: 2.04136e-05
48987: 2.04132e-05
48988: 2.04127e-05
48989: 2.04123e-05
48990: 2.04119e-05
48991: 2.04115e-05
48992: 2.04111e-05
48993: 2.04107e-05
48994: 2.04102e-05
48995: 2.04098e-05
48996: 2.04094e-05
48997: 2.0409e-05
48998: 2.04086e-05
48999: 2.04082e-05
49000: 2.04077e-05
49001: 2.04073e-05
49002: 2.04069e-05
49003: 2.04065e-05
49004: 2.04061e-05
49005: 2.04057e-05
49006: 2.04052e-05
49007: 2.04048e-05
49008: 2.04044e-05
49009: 2.0404e-05
49010: 2.04036e-05
49011: 2.04032e-05
49012: 2.04028e-05
49013: 2.04023e-05
49014: 2.04019e-05
49015: 2.04015e-05
49016: 2.04011e-05
49017: 2.04007e-05
49018: 2.04003e-05
49019: 2.03998e-05
49020: 2.03994e-05
49021: 2.0399e-05
49022: 2.03986e-05
49023: 2.03982e-05
49024: 2.03978e-05
49025: 2.03973e-05
49026: 2.03969e-05
49027: 2.03965e-05
49028: 2.03961e-05
49029: 2.03957e-05
49030: 2.03953e-05
49031: 2.03948e-05
49032: 2.03944e-05
49033: 2.0394e-05
49034: 2.03936e-05
49035: 2.03932e-05
49036: 2.03928e-05
49037: 2.03923e-05
49038: 2.03919e-05
49039: 2.03915e-05
49040: 2.03911e-05
49041: 2.03907e-05
49042: 2.03903e-05
49043: 2.03899e-05
49044: 2.03894e-05
49045: 2.0389e-05
49046: 2.03886e-05
49047: 2.03882e-05
49048: 2.03878e-05
49049: 2.03874e-05
49050: 2.03869e-05
49051: 2.03865e-05
49052: 2.03861e-05
49053: 2.03857e-05
49054: 2.03853e-05
49055: 2.03849e-05
49056: 2.03845e-05
49057: 2.0384e-05
49058: 2.03836e-05
49059: 2.03832e-05
49060: 2.03828e-05
49061: 2.03824e-05
49062: 2.0382e-05
49063: 2.03815e-05
49064: 2.03811e-05
49065: 2.03807e-05
49066: 2.03803e-05
49067: 2.03799e-05
49068: 2.03795e-05
49069: 2.03791e-05
49070: 2.03786e-05
49071: 2.03782e-05
49072: 2.03778e-05
49073: 2.03774e-05
49074: 2.0377e-05
49075: 2.03766e-05
49076: 2.03761e-05
49077: 2.03757e-05
49078: 2.03753e-05
49079: 2.03749e-05
49080: 2.03745e-05
49081: 2.03741e-05
49082: 2.03737e-05
49083: 2.03732e-05
49084: 2.03728e-05
49085: 2.03724e-05
49086: 2.0372e-05
49087: 2.03716e-05
49088: 2.03712e-05
49089: 2.03707e-05
49090: 2.03703e-05
49091: 2.03699e-05
49092: 2.03695e-05
49093: 2.03691e-05
49094: 2.03687e-05
49095: 2.03683e-05
49096: 2.03678e-05
49097: 2.03674e-05
49098: 2.0367e-05
49099: 2.03666e-05
49100: 2.03662e-05
49101: 2.03658e-05
49102: 2.03654e-05
49103: 2.03649e-05
49104: 2.03645e-05
49105: 2.03641e-05
49106: 2.03637e-05
49107: 2.03633e-05
49108: 2.03629e-05
49109: 2.03625e-05
49110: 2.0362e-05
49111: 2.03616e-05
49112: 2.03612e-05
49113: 2.03608e-05
49114: 2.03604e-05
49115: 2.036e-05
49116: 2.03595e-05
49117: 2.03591e-05
49118: 2.03587e-05
49119: 2.03583e-05
49120: 2.03579e-05
49121: 2.03575e-05
49122: 2.03571e-05
49123: 2.03566e-05
49124: 2.03562e-05
49125: 2.03558e-05
49126: 2.03554e-05
49127: 2.0355e-05
49128: 2.03546e-05
49129: 2.03542e-05
49130: 2.03537e-05
49131: 2.03533e-05
49132: 2.03529e-05
49133: 2.03525e-05
49134: 2.03521e-05
49135: 2.03517e-05
49136: 2.03513e-05
49137: 2.03508e-05
49138: 2.03504e-05
49139: 2.035e-05
49140: 2.03496e-05
49141: 2.03492e-05
49142: 2.03488e-05
49143: 2.03484e-05
49144: 2.03479e-05
49145: 2.03475e-05
49146: 2.03471e-05
49147: 2.03467e-05
49148: 2.03463e-05
49149: 2.03459e-05
49150: 2.03455e-05
49151: 2.03451e-05
49152: 2.03446e-05
49153: 2.03442e-05
49154: 2.03438e-05
49155: 2.03434e-05
49156: 2.0343e-05
49157: 2.03426e-05
49158: 2.03422e-05
49159: 2.03417e-05
49160: 2.03413e-05
49161: 2.03409e-05
49162: 2.03405e-05
49163: 2.03401e-05
49164: 2.03397e-05
49165: 2.03393e-05
49166: 2.03388e-05
49167: 2.03384e-05
49168: 2.0338e-05
49169: 2.03376e-05
49170: 2.03372e-05
49171: 2.03368e-05
49172: 2.03364e-05
49173: 2.03359e-05
49174: 2.03355e-05
49175: 2.03351e-05
49176: 2.03347e-05
49177: 2.03343e-05
49178: 2.03339e-05
49179: 2.03335e-05
49180: 2.03331e-05
49181: 2.03326e-05
49182: 2.03322e-05
49183: 2.03318e-05
49184: 2.03314e-05
49185: 2.0331e-05
49186: 2.03306e-05
49187: 2.03302e-05
49188: 2.03297e-05
49189: 2.03293e-05
49190: 2.03289e-05
49191: 2.03285e-05
49192: 2.03281e-05
49193: 2.03277e-05
49194: 2.03273e-05
49195: 2.03269e-05
49196: 2.03264e-05
49197: 2.0326e-05
49198: 2.03256e-05
49199: 2.03252e-05
49200: 2.03248e-05
49201: 2.03244e-05
49202: 2.0324e-05
49203: 2.03236e-05
49204: 2.03231e-05
49205: 2.03227e-05
49206: 2.03223e-05
49207: 2.03219e-05
49208: 2.03215e-05
49209: 2.03211e-05
49210: 2.03207e-05
49211: 2.03202e-05
49212: 2.03198e-05
49213: 2.03194e-05
49214: 2.0319e-05
49215: 2.03186e-05
49216: 2.03182e-05
49217: 2.03178e-05
49218: 2.03174e-05
49219: 2.03169e-05
49220: 2.03165e-05
49221: 2.03161e-05
49222: 2.03157e-05
49223: 2.03153e-05
49224: 2.03149e-05
49225: 2.03145e-05
49226: 2.03141e-05
49227: 2.03136e-05
49228: 2.03132e-05
49229: 2.03128e-05
49230: 2.03124e-05
49231: 2.0312e-05
49232: 2.03116e-05
49233: 2.03112e-05
49234: 2.03108e-05
49235: 2.03103e-05
49236: 2.03099e-05
49237: 2.03095e-05
49238: 2.03091e-05
49239: 2.03087e-05
49240: 2.03083e-05
49241: 2.03079e-05
49242: 2.03075e-05
49243: 2.0307e-05
49244: 2.03066e-05
49245: 2.03062e-05
49246: 2.03058e-05
49247: 2.03054e-05
49248: 2.0305e-05
49249: 2.03046e-05
49250: 2.03042e-05
49251: 2.03037e-05
49252: 2.03033e-05
49253: 2.03029e-05
49254: 2.03025e-05
49255: 2.03021e-05
49256: 2.03017e-05
49257: 2.03013e-05
49258: 2.03009e-05
49259: 2.03004e-05
49260: 2.03e-05
49261: 2.02996e-05
49262: 2.02992e-05
49263: 2.02988e-05
49264: 2.02984e-05
49265: 2.0298e-05
49266: 2.02976e-05
49267: 2.02972e-05
49268: 2.02967e-05
49269: 2.02963e-05
49270: 2.02959e-05
49271: 2.02955e-05
49272: 2.02951e-05
49273: 2.02947e-05
49274: 2.02943e-05
49275: 2.02939e-05
49276: 2.02934e-05
49277: 2.0293e-05
49278: 2.02926e-05
49279: 2.02922e-05
49280: 2.02918e-05
49281: 2.02914e-05
49282: 2.0291e-05
49283: 2.02906e-05
49284: 2.02901e-05
49285: 2.02897e-05
49286: 2.02893e-05
49287: 2.02889e-05
49288: 2.02885e-05
49289: 2.02881e-05
49290: 2.02877e-05
49291: 2.02873e-05
49292: 2.02869e-05
49293: 2.02864e-05
49294: 2.0286e-05
49295: 2.02856e-05
49296: 2.02852e-05
49297: 2.02848e-05
49298: 2.02844e-05
49299: 2.0284e-05
49300: 2.02836e-05
49301: 2.02832e-05
49302: 2.02827e-05
49303: 2.02823e-05
49304: 2.02819e-05
49305: 2.02815e-05
49306: 2.02811e-05
49307: 2.02807e-05
49308: 2.02803e-05
49309: 2.02799e-05
49310: 2.02795e-05
49311: 2.0279e-05
49312: 2.02786e-05
49313: 2.02782e-05
49314: 2.02778e-05
49315: 2.02774e-05
49316: 2.0277e-05
49317: 2.02766e-05
49318: 2.02762e-05
49319: 2.02758e-05
49320: 2.02753e-05
49321: 2.02749e-05
49322: 2.02745e-05
49323: 2.02741e-05
49324: 2.02737e-05
49325: 2.02733e-05
49326: 2.02729e-05
49327: 2.02725e-05
49328: 2.02721e-05
49329: 2.02716e-05
49330: 2.02712e-05
49331: 2.02708e-05
49332: 2.02704e-05
49333: 2.027e-05
49334: 2.02696e-05
49335: 2.02692e-05
49336: 2.02688e-05
49337: 2.02684e-05
49338: 2.02679e-05
49339: 2.02675e-05
49340: 2.02671e-05
49341: 2.02667e-05
49342: 2.02663e-05
49343: 2.02659e-05
49344: 2.02655e-05
49345: 2.02651e-05
49346: 2.02647e-05
49347: 2.02642e-05
49348: 2.02638e-05
49349: 2.02634e-05
49350: 2.0263e-05
49351: 2.02626e-05
49352: 2.02622e-05
49353: 2.02618e-05
49354: 2.02614e-05
49355: 2.0261e-05
49356: 2.02606e-05
49357: 2.02601e-05
49358: 2.02597e-05
49359: 2.02593e-05
49360: 2.02589e-05
49361: 2.02585e-05
49362: 2.02581e-05
49363: 2.02577e-05
49364: 2.02573e-05
49365: 2.02569e-05
49366: 2.02564e-05
49367: 2.0256e-05
49368: 2.02556e-05
49369: 2.02552e-05
49370: 2.02548e-05
49371: 2.02544e-05
49372: 2.0254e-05
49373: 2.02536e-05
49374: 2.02532e-05
49375: 2.02528e-05
49376: 2.02523e-05
49377: 2.02519e-05
49378: 2.02515e-05
49379: 2.02511e-05
49380: 2.02507e-05
49381: 2.02503e-05
49382: 2.02499e-05
49383: 2.02495e-05
49384: 2.02491e-05
49385: 2.02487e-05
49386: 2.02482e-05
49387: 2.02478e-05
49388: 2.02474e-05
49389: 2.0247e-05
49390: 2.02466e-05
49391: 2.02462e-05
49392: 2.02458e-05
49393: 2.02454e-05
49394: 2.0245e-05
49395: 2.02446e-05
49396: 2.02441e-05
49397: 2.02437e-05
49398: 2.02433e-05
49399: 2.02429e-05
49400: 2.02425e-05
49401: 2.02421e-05
49402: 2.02417e-05
49403: 2.02413e-05
49404: 2.02409e-05
49405: 2.02405e-05
49406: 2.024e-05
49407: 2.02396e-05
49408: 2.02392e-05
49409: 2.02388e-05
49410: 2.02384e-05
49411: 2.0238e-05
49412: 2.02376e-05
49413: 2.02372e-05
49414: 2.02368e-05
49415: 2.02364e-05
49416: 2.0236e-05
49417: 2.02355e-05
49418: 2.02351e-05
49419: 2.02347e-05
49420: 2.02343e-05
49421: 2.02339e-05
49422: 2.02335e-05
49423: 2.02331e-05
49424: 2.02327e-05
49425: 2.02323e-05
49426: 2.02319e-05
49427: 2.02314e-05
49428: 2.0231e-05
49429: 2.02306e-05
49430: 2.02302e-05
49431: 2.02298e-05
49432: 2.02294e-05
49433: 2.0229e-05
49434: 2.02286e-05
49435: 2.02282e-05
49436: 2.02278e-05
49437: 2.02274e-05
49438: 2.02269e-05
49439: 2.02265e-05
49440: 2.02261e-05
49441: 2.02257e-05
49442: 2.02253e-05
49443: 2.02249e-05
49444: 2.02245e-05
49445: 2.02241e-05
49446: 2.02237e-05
49447: 2.02233e-05
49448: 2.02229e-05
49449: 2.02224e-05
49450: 2.0222e-05
49451: 2.02216e-05
49452: 2.02212e-05
49453: 2.02208e-05
49454: 2.02204e-05
49455: 2.022e-05
49456: 2.02196e-05
49457: 2.02192e-05
49458: 2.02188e-05
49459: 2.02184e-05
49460: 2.02179e-05
49461: 2.02175e-05
49462: 2.02171e-05
49463: 2.02167e-05
49464: 2.02163e-05
49465: 2.02159e-05
49466: 2.02155e-05
49467: 2.02151e-05
49468: 2.02147e-05
49469: 2.02143e-05
49470: 2.02139e-05
49471: 2.02135e-05
49472: 2.0213e-05
49473: 2.02126e-05
49474: 2.02122e-05
49475: 2.02118e-05
49476: 2.02114e-05
49477: 2.0211e-05
49478: 2.02106e-05
49479: 2.02102e-05
49480: 2.02098e-05
49481: 2.02094e-05
49482: 2.0209e-05
49483: 2.02086e-05
49484: 2.02081e-05
49485: 2.02077e-05
49486: 2.02073e-05
49487: 2.02069e-05
49488: 2.02065e-05
49489: 2.02061e-05
49490: 2.02057e-05
49491: 2.02053e-05
49492: 2.02049e-05
49493: 2.02045e-05
49494: 2.02041e-05
49495: 2.02037e-05
49496: 2.02032e-05
49497: 2.02028e-05
49498: 2.02024e-05
49499: 2.0202e-05
49500: 2.02016e-05
49501: 2.02012e-05
49502: 2.02008e-05
49503: 2.02004e-05
49504: 2.02e-05
49505: 2.01996e-05
49506: 2.01992e-05
49507: 2.01988e-05
49508: 2.01983e-05
49509: 2.01979e-05
49510: 2.01975e-05
49511: 2.01971e-05
49512: 2.01967e-05
49513: 2.01963e-05
49514: 2.01959e-05
49515: 2.01955e-05
49516: 2.01951e-05
49517: 2.01947e-05
49518: 2.01943e-05
49519: 2.01939e-05
49520: 2.01935e-05
49521: 2.0193e-05
49522: 2.01926e-05
49523: 2.01922e-05
49524: 2.01918e-05
49525: 2.01914e-05
49526: 2.0191e-05
49527: 2.01906e-05
49528: 2.01902e-05
49529: 2.01898e-05
49530: 2.01894e-05
49531: 2.0189e-05
49532: 2.01886e-05
49533: 2.01882e-05
49534: 2.01877e-05
49535: 2.01873e-05
49536: 2.01869e-05
49537: 2.01865e-05
49538: 2.01861e-05
49539: 2.01857e-05
49540: 2.01853e-05
49541: 2.01849e-05
49542: 2.01845e-05
49543: 2.01841e-05
49544: 2.01837e-05
49545: 2.01833e-05
49546: 2.01829e-05
49547: 2.01824e-05
49548: 2.0182e-05
49549: 2.01816e-05
49550: 2.01812e-05
49551: 2.01808e-05
49552: 2.01804e-05
49553: 2.018e-05
49554: 2.01796e-05
49555: 2.01792e-05
49556: 2.01788e-05
49557: 2.01784e-05
49558: 2.0178e-05
49559: 2.01776e-05
49560: 2.01772e-05
49561: 2.01767e-05
49562: 2.01763e-05
49563: 2.01759e-05
49564: 2.01755e-05
49565: 2.01751e-05
49566: 2.01747e-05
49567: 2.01743e-05
49568: 2.01739e-05
49569: 2.01735e-05
49570: 2.01731e-05
49571: 2.01727e-05
49572: 2.01723e-05
49573: 2.01719e-05
49574: 2.01715e-05
49575: 2.01711e-05
49576: 2.01706e-05
49577: 2.01702e-05
49578: 2.01698e-05
49579: 2.01694e-05
49580: 2.0169e-05
49581: 2.01686e-05
49582: 2.01682e-05
49583: 2.01678e-05
49584: 2.01674e-05
49585: 2.0167e-05
49586: 2.01666e-05
49587: 2.01662e-05
49588: 2.01658e-05
49589: 2.01654e-05
49590: 2.01649e-05
49591: 2.01645e-05
49592: 2.01641e-05
49593: 2.01637e-05
49594: 2.01633e-05
49595: 2.01629e-05
49596: 2.01625e-05
49597: 2.01621e-05
49598: 2.01617e-05
49599: 2.01613e-05
49600: 2.01609e-05
49601: 2.01605e-05
49602: 2.01601e-05
49603: 2.01597e-05
49604: 2.01593e-05
49605: 2.01589e-05
49606: 2.01584e-05
49607: 2.0158e-05
49608: 2.01576e-05
49609: 2.01572e-05
49610: 2.01568e-05
49611: 2.01564e-05
49612: 2.0156e-05
49613: 2.01556e-05
49614: 2.01552e-05
49615: 2.01548e-05
49616: 2.01544e-05
49617: 2.0154e-05
49618: 2.01536e-05
49619: 2.01532e-05
49620: 2.01528e-05
49621: 2.01524e-05
49622: 2.01519e-05
49623: 2.01515e-05
49624: 2.01511e-05
49625: 2.01507e-05
49626: 2.01503e-05
49627: 2.01499e-05
49628: 2.01495e-05
49629: 2.01491e-05
49630: 2.01487e-05
49631: 2.01483e-05
49632: 2.01479e-05
49633: 2.01475e-05
49634: 2.01471e-05
49635: 2.01467e-05
49636: 2.01463e-05
49637: 2.01459e-05
49638: 2.01455e-05
49639: 2.0145e-05
49640: 2.01446e-05
49641: 2.01442e-05
49642: 2.01438e-05
49643: 2.01434e-05
49644: 2.0143e-05
49645: 2.01426e-05
49646: 2.01422e-05
49647: 2.01418e-05
49648: 2.01414e-05
49649: 2.0141e-05
49650: 2.01406e-05
49651: 2.01402e-05
49652: 2.01398e-05
49653: 2.01394e-05
49654: 2.0139e-05
49655: 2.01386e-05
49656: 2.01381e-05
49657: 2.01377e-05
49658: 2.01373e-05
49659: 2.01369e-05
49660: 2.01365e-05
49661: 2.01361e-05
49662: 2.01357e-05
49663: 2.01353e-05
49664: 2.01349e-05
49665: 2.01345e-05
49666: 2.01341e-05
49667: 2.01337e-05
49668: 2.01333e-05
49669: 2.01329e-05
49670: 2.01325e-05
49671: 2.01321e-05
49672: 2.01317e-05
49673: 2.01313e-05
49674: 2.01309e-05
49675: 2.01304e-05
49676: 2.013e-05
49677: 2.01296e-05
49678: 2.01292e-05
49679: 2.01288e-05
49680: 2.01284e-05
49681: 2.0128e-05
49682: 2.01276e-05
49683: 2.01272e-05
49684: 2.01268e-05
49685: 2.01264e-05
49686: 2.0126e-05
49687: 2.01256e-05
49688: 2.01252e-05
49689: 2.01248e-05
49690: 2.01244e-05
49691: 2.0124e-05
49692: 2.01236e-05
49693: 2.01232e-05
49694: 2.01227e-05
49695: 2.01223e-05
49696: 2.01219e-05
49697: 2.01215e-05
49698: 2.01211e-05
49699: 2.01207e-05
49700: 2.01203e-05
49701: 2.01199e-05
49702: 2.01195e-05
49703: 2.01191e-05
49704: 2.01187e-05
49705: 2.01183e-05
49706: 2.01179e-05
49707: 2.01175e-05
49708: 2.01171e-05
49709: 2.01167e-05
49710: 2.01163e-05
49711: 2.01159e-05
49712: 2.01155e-05
49713: 2.01151e-05
49714: 2.01147e-05
49715: 2.01142e-05
49716: 2.01138e-05
49717: 2.01134e-05
49718: 2.0113e-05
49719: 2.01126e-05
49720: 2.01122e-05
49721: 2.01118e-05
49722: 2.01114e-05
49723: 2.0111e-05
49724: 2.01106e-05
49725: 2.01102e-05
49726: 2.01098e-05
49727: 2.01094e-05
49728: 2.0109e-05
49729: 2.01086e-05
49730: 2.01082e-05
49731: 2.01078e-05
49732: 2.01074e-05
49733: 2.0107e-05
49734: 2.01066e-05
49735: 2.01062e-05
49736: 2.01058e-05
49737: 2.01054e-05
49738: 2.01049e-05
49739: 2.01045e-05
49740: 2.01041e-05
49741: 2.01037e-05
49742: 2.01033e-05
49743: 2.01029e-05
49744: 2.01025e-05
49745: 2.01021e-05
49746: 2.01017e-05
49747: 2.01013e-05
49748: 2.01009e-05
49749: 2.01005e-05
49750: 2.01001e-05
49751: 2.00997e-05
49752: 2.00993e-05
49753: 2.00989e-05
49754: 2.00985e-05
49755: 2.00981e-05
49756: 2.00977e-05
49757: 2.00973e-05
49758: 2.00969e-05
49759: 2.00965e-05
49760: 2.00961e-05
49761: 2.00957e-05
49762: 2.00953e-05
49763: 2.00948e-05
49764: 2.00944e-05
49765: 2.0094e-05
49766: 2.00936e-05
49767: 2.00932e-05
49768: 2.00928e-05
49769: 2.00924e-05
49770: 2.0092e-05
49771: 2.00916e-05
49772: 2.00912e-05
49773: 2.00908e-05
49774: 2.00904e-05
49775: 2.009e-05
49776: 2.00896e-05
49777: 2.00892e-05
49778: 2.00888e-05
49779: 2.00884e-05
49780: 2.0088e-05
49781: 2.00876e-05
49782: 2.00872e-05
49783: 2.00868e-05
49784: 2.00864e-05
49785: 2.0086e-05
49786: 2.00856e-05
49787: 2.00852e-05
49788: 2.00848e-05
49789: 2.00844e-05
49790: 2.0084e-05
49791: 2.00835e-05
49792: 2.00831e-05
49793: 2.00827e-05
49794: 2.00823e-05
49795: 2.00819e-05
49796: 2.00815e-05
49797: 2.00811e-05
49798: 2.00807e-05
49799: 2.00803e-05
49800: 2.00799e-05
49801: 2.00795e-05
49802: 2.00791e-05
49803: 2.00787e-05
49804: 2.00783e-05
49805: 2.00779e-05
49806: 2.00775e-05
49807: 2.00771e-05
49808: 2.00767e-05
49809: 2.00763e-05
49810: 2.00759e-05
49811: 2.00755e-05
49812: 2.00751e-05
49813: 2.00747e-05
49814: 2.00743e-05
49815: 2.00739e-05
49816: 2.00735e-05
49817: 2.00731e-05
49818: 2.00727e-05
49819: 2.00723e-05
49820: 2.00719e-05
49821: 2.00715e-05
49822: 2.00711e-05
49823: 2.00706e-05
49824: 2.00702e-05
49825: 2.00698e-05
49826: 2.00694e-05
49827: 2.0069e-05
49828: 2.00686e-05
49829: 2.00682e-05
49830: 2.00678e-05
49831: 2.00674e-05
49832: 2.0067e-05
49833: 2.00666e-05
49834: 2.00662e-05
49835: 2.00658e-05
49836: 2.00654e-05
49837: 2.0065e-05
49838: 2.00646e-05
49839: 2.00642e-05
49840: 2.00638e-05
49841: 2.00634e-05
49842: 2.0063e-05
49843: 2.00626e-05
49844: 2.00622e-05
49845: 2.00618e-05
49846: 2.00614e-05
49847: 2.0061e-05
49848: 2.00606e-05
49849: 2.00602e-05
49850: 2.00598e-05
49851: 2.00594e-05
49852: 2.0059e-05
49853: 2.00586e-05
49854: 2.00582e-05
49855: 2.00578e-05
49856: 2.00574e-05
49857: 2.0057e-05
49858: 2.00566e-05
49859: 2.00562e-05
49860: 2.00558e-05
49861: 2.00554e-05
49862: 2.0055e-05
49863: 2.00545e-05
49864: 2.00541e-05
49865: 2.00537e-05
49866: 2.00533e-05
49867: 2.00529e-05
49868: 2.00525e-05
49869: 2.00521e-05
49870: 2.00517e-05
49871: 2.00513e-05
49872: 2.00509e-05
49873: 2.00505e-05
49874: 2.00501e-05
49875: 2.00497e-05
49876: 2.00493e-05
49877: 2.00489e-05
49878: 2.00485e-05
49879: 2.00481e-05
49880: 2.00477e-05
49881: 2.00473e-05
49882: 2.00469e-05
49883: 2.00465e-05
49884: 2.00461e-05
49885: 2.00457e-05
49886: 2.00453e-05
49887: 2.00449e-05
49888: 2.00445e-05
49889: 2.00441e-05
49890: 2.00437e-05
49891: 2.00433e-05
49892: 2.00429e-05
49893: 2.00425e-05
49894: 2.00421e-05
49895: 2.00417e-05
49896: 2.00413e-05
49897: 2.00409e-05
49898: 2.00405e-05
49899: 2.00401e-05
49900: 2.00397e-05
49901: 2.00393e-05
49902: 2.00389e-05
49903: 2.00385e-05
49904: 2.00381e-05
49905: 2.00377e-05
49906: 2.00373e-05
49907: 2.00369e-05
49908: 2.00365e-05
49909: 2.00361e-05
49910: 2.00357e-05
49911: 2.00353e-05
49912: 2.00349e-05
49913: 2.00345e-05
49914: 2.00341e-05
49915: 2.00337e-05
49916: 2.00333e-05
49917: 2.00329e-05
49918: 2.00325e-05
49919: 2.00321e-05
49920: 2.00317e-05
49921: 2.00312e-05
49922: 2.00308e-05
49923: 2.00304e-05
49924: 2.003e-05
49925: 2.00296e-05
49926: 2.00292e-05
49927: 2.00288e-05
49928: 2.00284e-05
49929: 2.0028e-05
49930: 2.00276e-05
49931: 2.00272e-05
49932: 2.00268e-05
49933: 2.00264e-05
49934: 2.0026e-05
49935: 2.00256e-05
49936: 2.00252e-05
49937: 2.00248e-05
49938: 2.00244e-05
49939: 2.0024e-05
49940: 2.00236e-05
49941: 2.00232e-05
49942: 2.00228e-05
49943: 2.00224e-05
49944: 2.0022e-05
49945: 2.00216e-05
49946: 2.00212e-05
49947: 2.00208e-05
49948: 2.00204e-05
49949: 2.002e-05
49950: 2.00196e-05
49951: 2.00192e-05
49952: 2.00188e-05
49953: 2.00184e-05
49954: 2.0018e-05
49955: 2.00176e-05
49956: 2.00172e-05
49957: 2.00168e-05
49958: 2.00164e-05
49959: 2.0016e-05
49960: 2.00156e-05
49961: 2.00152e-05
49962: 2.00148e-05
49963: 2.00144e-05
49964: 2.0014e-05
49965: 2.00136e-05
49966: 2.00132e-05
49967: 2.00128e-05
49968: 2.00124e-05
49969: 2.0012e-05
49970: 2.00116e-05
49971: 2.00112e-05
49972: 2.00108e-05
49973: 2.00104e-05
49974: 2.001e-05
49975: 2.00096e-05
49976: 2.00092e-05
49977: 2.00088e-05
49978: 2.00084e-05
49979: 2.0008e-05
49980: 2.00076e-05
49981: 2.00072e-05
49982: 2.00068e-05
49983: 2.00064e-05
49984: 2.0006e-05
49985: 2.00056e-05
49986: 2.00052e-05
49987: 2.00048e-05
49988: 2.00044e-05
49989: 2.0004e-05
49990: 2.00036e-05
49991: 2.00032e-05
49992: 2.00028e-05
49993: 2.00024e-05
49994: 2.0002e-05
49995: 2.00016e-05
49996: 2.00012e-05
49997: 2.00008e-05
49998: 2.00004e-05
49999: 2e-05
50000: 1.99996e-05
50001: 1.99992e-05
50002: 1.99988e-05
50003: 1.99984e-05
50004: 1.9998e-05
50005: 1.99976e-05
50006: 1.99972e-05
50007: 1.99968e-05
50008: 1.99964e-05
50009: 1.9996e-05
50010: 1.99956e-05
50011: 1.99952e-05
50012: 1.99948e-05
50013: 1.99944e-05
50014: 1.9994e-05
50015: 1.99936e-05
50016: 1.99932e-05
50017: 1.99928e-05
50018: 1.99924e-05
50019: 1.9992e-05
50020: 1.99916e-05
50021: 1.99912e-05
50022: 1.99908e-05
50023: 1.99904e-05
50024: 1.999e-05
50025: 1.99896e-05
50026: 1.99892e-05
50027: 1.99888e-05
50028: 1.99884e-05
50029: 1.9988e-05
50030: 1.99876e-05
50031: 1.99872e-05
50032: 1.99868e-05
50033: 1.99864e-05
50034: 1.9986e-05
50035: 1.99856e-05
50036: 1.99852e-05
50037: 1.99848e-05
50038: 1.99844e-05
50039: 1.9984e-05
50040: 1.99836e-05
50041: 1.99832e-05
50042: 1.99828e-05
50043: 1.99824e-05
50044: 1.9982e-05
50045: 1.99816e-05
50046: 1.99812e-05
50047: 1.99808e-05
50048: 1.99804e-05
50049: 1.998e-05
50050: 1.99796e-05
50051: 1.99792e-05
50052: 1.99788e-05
50053: 1.99784e-05
50054: 1.9978e-05
50055: 1.99776e-05
50056: 1.99772e-05
50057: 1.99768e-05
50058: 1.99764e-05
50059: 1.9976e-05
50060: 1.99756e-05
50061: 1.99752e-05
50062: 1.99748e-05
50063: 1.99744e-05
50064: 1.9974e-05
50065: 1.99736e-05
50066: 1.99732e-05
50067: 1.99728e-05
50068: 1.99724e-05
50069: 1.9972e-05
50070: 1.99716e-05
50071: 1.99712e-05
50072: 1.99708e-05
50073: 1.99704e-05
50074: 1.997e-05
50075: 1.99696e-05
50076: 1.99692e-05
50077: 1.99688e-05
50078: 1.99684e-05
50079: 1.99681e-05
50080: 1.99677e-05
50081: 1.99673e-05
50082: 1.99669e-05
50083: 1.99665e-05
50084: 1.99661e-05
50085: 1.99657e-05
50086: 1.99653e-05
50087: 1.99649e-05
50088: 1.99645e-05
50089: 1.99641e-05
50090: 1.99637e-05
50091: 1.99633e-05
50092: 1.99629e-05
50093: 1.99625e-05
50094: 1.99621e-05
50095: 1.99617e-05
50096: 1.99613e-05
50097: 1.99609e-05
50098: 1.99605e-05
50099: 1.99601e-05
50100: 1.99597e-05
50101: 1.99593e-05
50102: 1.99589e-05
50103: 1.99585e-05
50104: 1.99581e-05
50105: 1.99577e-05
50106: 1.99573e-05
50107: 1.99569e-05
50108: 1.99565e-05
50109: 1.99561e-05
50110: 1.99557e-05
50111: 1.99553e-05
50112: 1.99549e-05
50113: 1.99545e-05
50114: 1.99541e-05
50115: 1.99537e-05
50116: 1.99533e-05
50117: 1.99529e-05
50118: 1.99525e-05
50119: 1.99521e-05
50120: 1.99517e-05
50121: 1.99513e-05
50122: 1.99509e-05
50123: 1.99505e-05
50124: 1.99501e-05
50125: 1.99497e-05
50126: 1.99493e-05
50127: 1.99489e-05
50128: 1.99485e-05
50129: 1.99481e-05
50130: 1.99477e-05
50131: 1.99473e-05
50132: 1.99469e-05
50133: 1.99465e-05
50134: 1.99461e-05
50135: 1.99457e-05
50136: 1.99453e-05
50137: 1.9945e-05
50138: 1.99446e-05
50139: 1.99442e-05
50140: 1.99438e-05
50141: 1.99434e-05
50142: 1.9943e-05
50143: 1.99426e-05
50144: 1.99422e-05
50145: 1.99418e-05
50146: 1.99414e-05
50147: 1.9941e-05
50148: 1.99406e-05
50149: 1.99402e-05
50150: 1.99398e-05
50151: 1.99394e-05
50152: 1.9939e-05
50153: 1.99386e-05
50154: 1.99382e-05
50155: 1.99378e-05
50156: 1.99374e-05
50157: 1.9937e-05
50158: 1.99366e-05
50159: 1.99362e-05
50160: 1.99358e-05
50161: 1.99354e-05
50162: 1.9935e-05
50163: 1.99346e-05
50164: 1.99342e-05
50165: 1.99338e-05
50166: 1.99334e-05
50167: 1.9933e-05
50168: 1.99326e-05
50169: 1.99322e-05
50170: 1.99318e-05
50171: 1.99314e-05
50172: 1.9931e-05
50173: 1.99306e-05
50174: 1.99302e-05
50175: 1.99298e-05
50176: 1.99294e-05
50177: 1.99291e-05
50178: 1.99287e-05
50179: 1.99283e-05
50180: 1.99279e-05
50181: 1.99275e-05
50182: 1.99271e-05
50183: 1.99267e-05
50184: 1.99263e-05
50185: 1.99259e-05
50186: 1.99255e-05
50187: 1.99251e-05
50188: 1.99247e-05
50189: 1.99243e-05
50190: 1.99239e-05
50191: 1.99235e-05
50192: 1.99231e-05
50193: 1.99227e-05
50194: 1.99223e-05
50195: 1.99219e-05
50196: 1.99215e-05
50197: 1.99211e-05
50198: 1.99207e-05
50199: 1.99203e-05
50200: 1.99199e-05
50201: 1.99195e-05
50202: 1.99191e-05
50203: 1.99187e-05
50204: 1.99183e-05
50205: 1.99179e-05
50206: 1.99175e-05
50207: 1.99171e-05
50208: 1.99167e-05
50209: 1.99164e-05
50210: 1.9916e-05
50211: 1.99156e-05
50212: 1.99152e-05
50213: 1.99148e-05
50214: 1.99144e-05
50215: 1.9914e-05
50216: 1.99136e-05
50217: 1.99132e-05
50218: 1.99128e-05
50219: 1.99124e-05
50220: 1.9912e-05
50221: 1.99116e-05
50222: 1.99112e-05
50223: 1.99108e-05
50224: 1.99104e-05
50225: 1.991e-05
50226: 1.99096e-05
50227: 1.99092e-05
50228: 1.99088e-05
50229: 1.99084e-05
50230: 1.9908e-05
50231: 1.99076e-05
50232: 1.99072e-05
50233: 1.99068e-05
50234: 1.99064e-05
50235: 1.9906e-05
50236: 1.99056e-05
50237: 1.99053e-05
50238: 1.99049e-05
50239: 1.99045e-05
50240: 1.99041e-05
50241: 1.99037e-05
50242: 1.99033e-05
50243: 1.99029e-05
50244: 1.99025e-05
50245: 1.99021e-05
50246: 1.99017e-05
50247: 1.99013e-05
50248: 1.99009e-05
50249: 1.99005e-05
50250: 1.99001e-05
50251: 1.98997e-05
50252: 1.98993e-05
50253: 1.98989e-05
50254: 1.98985e-05
50255: 1.98981e-05
50256: 1.98977e-05
50257: 1.98973e-05
50258: 1.98969e-05
50259: 1.98965e-05
50260: 1.98961e-05
50261: 1.98957e-05
50262: 1.98954e-05
50263: 1.9895e-05
50264: 1.98946e-05
50265: 1.98942e-05
50266: 1.98938e-05
50267: 1.98934e-05
50268: 1.9893e-05
50269: 1.98926e-05
50270: 1.98922e-05
50271: 1.98918e-05
50272: 1.98914e-05
50273: 1.9891e-05
50274: 1.98906e-05
50275: 1.98902e-05
50276: 1.98898e-05
50277: 1.98894e-05
50278: 1.9889e-05
50279: 1.98886e-05
50280: 1.98882e-05
50281: 1.98878e-05
50282: 1.98874e-05
50283: 1.9887e-05
50284: 1.98866e-05
50285: 1.98863e-05
50286: 1.98859e-05
50287: 1.98855e-05
50288: 1.98851e-05
50289: 1.98847e-05
50290: 1.98843e-05
50291: 1.98839e-05
50292: 1.98835e-05
50293: 1.98831e-05
50294: 1.98827e-05
50295: 1.98823e-05
50296: 1.98819e-05
50297: 1.98815e-05
50298: 1.98811e-05
50299: 1.98807e-05
50300: 1.98803e-05
50301: 1.98799e-05
50302: 1.98795e-05
50303: 1.98791e-05
50304: 1.98787e-05
50305: 1.98783e-05
50306: 1.98779e-05
50307: 1.98776e-05
50308: 1.98772e-05
50309: 1.98768e-05
50310: 1.98764e-05
50311: 1.9876e-05
50312: 1.98756e-05
50313: 1.98752e-05
50314: 1.98748e-05
50315: 1.98744e-05
50316: 1.9874e-05
50317: 1.98736e-05
50318: 1.98732e-05
50319: 1.98728e-05
50320: 1.98724e-05
50321: 1.9872e-05
50322: 1.98716e-05
50323: 1.98712e-05
50324: 1.98708e-05
50325: 1.98704e-05
50326: 1.987e-05
50327: 1.98697e-05
50328: 1.98693e-05
50329: 1.98689e-05
50330: 1.98685e-05
50331: 1.98681e-05
50332: 1.98677e-05
50333: 1.98673e-05
50334: 1.98669e-05
50335: 1.98665e-05
50336: 1.98661e-05
50337: 1.98657e-05
50338: 1.98653e-05
50339: 1.98649e-05
50340: 1.98645e-05
50341: 1.98641e-05
50342: 1.98637e-05
50343: 1.98633e-05
50344: 1.98629e-05
50345: 1.98626e-05
50346: 1.98622e-05
50347: 1.98618e-05
50348: 1.98614e-05
50349: 1.9861e-05
50350: 1.98606e-05
50351: 1.98602e-05
50352: 1.98598e-05
50353: 1.98594e-05
50354: 1.9859e-05
50355: 1.98586e-05
50356: 1.98582e-05
50357: 1.98578e-05
50358: 1.98574e-05
50359: 1.9857e-05
50360: 1.98566e-05
50361: 1.98562e-05
50362: 1.98558e-05
50363: 1.98555e-05
50364: 1.98551e-05
50365: 1.98547e-05
50366: 1.98543e-05
50367: 1.98539e-05
50368: 1.98535e-05
50369: 1.98531e-05
50370: 1.98527e-05
50371: 1.98523e-05
50372: 1.98519e-05
50373: 1.98515e-05
50374: 1.98511e-05
50375: 1.98507e-05
50376: 1.98503e-05
50377: 1.98499e-05
50378: 1.98495e-05
50379: 1.98491e-05
50380: 1.98488e-05
50381: 1.98484e-05
50382: 1.9848e-05
50383: 1.98476e-05
50384: 1.98472e-05
50385: 1.98468e-05
50386: 1.98464e-05
50387: 1.9846e-05
50388: 1.98456e-05
50389: 1.98452e-05
50390: 1.98448e-05
50391: 1.98444e-05
50392: 1.9844e-05
50393: 1.98436e-05
50394: 1.98432e-05
50395: 1.98428e-05
50396: 1.98425e-05
50397: 1.98421e-05
50398: 1.98417e-05
50399: 1.98413e-05
50400: 1.98409e-05
50401: 1.98405e-05
50402: 1.98401e-05
50403: 1.98397e-05
50404: 1.98393e-05
50405: 1.98389e-05
50406: 1.98385e-05
50407: 1.98381e-05
50408: 1.98377e-05
50409: 1.98373e-05
50410: 1.98369e-05
50411: 1.98365e-05
50412: 1.98362e-05
50413: 1.98358e-05
50414: 1.98354e-05
50415: 1.9835e-05
50416: 1.98346e-05
50417: 1.98342e-05
50418: 1.98338e-05
50419: 1.98334e-05
50420: 1.9833e-05
50421: 1.98326e-05
50422: 1.98322e-05
50423: 1.98318e-05
50424: 1.98314e-05
50425: 1.9831e-05
50426: 1.98306e-05
50427: 1.98303e-05
50428: 1.98299e-05
50429: 1.98295e-05
50430: 1.98291e-05
50431: 1.98287e-05
50432: 1.98283e-05
50433: 1.98279e-05
50434: 1.98275e-05
50435: 1.98271e-05
50436: 1.98267e-05
50437: 1.98263e-05
50438: 1.98259e-05
50439: 1.98255e-05
50440: 1.98251e-05
50441: 1.98247e-05
50442: 1.98244e-05
50443: 1.9824e-05
50444: 1.98236e-05
50445: 1.98232e-05
50446: 1.98228e-05
50447: 1.98224e-05
50448: 1.9822e-05
50449: 1.98216e-05
50450: 1.98212e-05
50451: 1.98208e-05
50452: 1.98204e-05
50453: 1.982e-05
50454: 1.98196e-05
50455: 1.98192e-05
50456: 1.98189e-05
50457: 1.98185e-05
50458: 1.98181e-05
50459: 1.98177e-05
50460: 1.98173e-05
50461: 1.98169e-05
50462: 1.98165e-05
50463: 1.98161e-05
50464: 1.98157e-05
50465: 1.98153e-05
50466: 1.98149e-05
50467: 1.98145e-05
50468: 1.98141e-05
50469: 1.98138e-05
50470: 1.98134e-05
50471: 1.9813e-05
50472: 1.98126e-05
50473: 1.98122e-05
50474: 1.98118e-05
50475: 1.98114e-05
50476: 1.9811e-05
50477: 1.98106e-05
50478: 1.98102e-05
50479: 1.98098e-05
50480: 1.98094e-05
50481: 1.9809e-05
50482: 1.98086e-05
50483: 1.98083e-05
50484: 1.98079e-05
50485: 1.98075e-05
50486: 1.98071e-05
50487: 1.98067e-05
50488: 1.98063e-05
50489: 1.98059e-05
50490: 1.98055e-05
50491: 1.98051e-05
50492: 1.98047e-05
50493: 1.98043e-05
50494: 1.98039e-05
50495: 1.98035e-05
50496: 1.98032e-05
50497: 1.98028e-05
50498: 1.98024e-05
50499: 1.9802e-05
50500: 1.98016e-05
50501: 1.98012e-05
50502: 1.98008e-05
50503: 1.98004e-05
50504: 1.98e-05
50505: 1.97996e-05
50506: 1.97992e-05
50507: 1.97988e-05
50508: 1.97985e-05
50509: 1.97981e-05
50510: 1.97977e-05
50511: 1.97973e-05
50512: 1.97969e-05
50513: 1.97965e-05
50514: 1.97961e-05
50515: 1.97957e-05
50516: 1.97953e-05
50517: 1.97949e-05
50518: 1.97945e-05
50519: 1.97941e-05
50520: 1.97937e-05
50521: 1.97934e-05
50522: 1.9793e-05
50523: 1.97926e-05
50524: 1.97922e-05
50525: 1.97918e-05
50526: 1.97914e-05
50527: 1.9791e-05
50528: 1.97906e-05
50529: 1.97902e-05
50530: 1.97898e-05
50531: 1.97894e-05
50532: 1.9789e-05
50533: 1.97887e-05
50534: 1.97883e-05
50535: 1.97879e-05
50536: 1.97875e-05
50537: 1.97871e-05
50538: 1.97867e-05
50539: 1.97863e-05
50540: 1.97859e-05
50541: 1.97855e-05
50542: 1.97851e-05
50543: 1.97847e-05
50544: 1.97844e-05
50545: 1.9784e-05
50546: 1.97836e-05
50547: 1.97832e-05
50548: 1.97828e-05
50549: 1.97824e-05
50550: 1.9782e-05
50551: 1.97816e-05
50552: 1.97812e-05
50553: 1.97808e-05
50554: 1.97804e-05
50555: 1.978e-05
50556: 1.97797e-05
50557: 1.97793e-05
50558: 1.97789e-05
50559: 1.97785e-05
50560: 1.97781e-05
50561: 1.97777e-05
50562: 1.97773e-05
50563: 1.97769e-05
50564: 1.97765e-05
50565: 1.97761e-05
50566: 1.97757e-05
50567: 1.97754e-05
50568: 1.9775e-05
50569: 1.97746e-05
50570: 1.97742e-05
50571: 1.97738e-05
50572: 1.97734e-05
50573: 1.9773e-05
50574: 1.97726e-05
50575: 1.97722e-05
50576: 1.97718e-05
50577: 1.97714e-05
50578: 1.97711e-05
50579: 1.97707e-05
50580: 1.97703e-05
50581: 1.97699e-05
50582: 1.97695e-05
50583: 1.97691e-05
50584: 1.97687e-05
50585: 1.97683e-05
50586: 1.97679e-05
50587: 1.97675e-05
50588: 1.97671e-05
50589: 1.97668e-05
50590: 1.97664e-05
50591: 1.9766e-05
50592: 1.97656e-05
50593: 1.97652e-05
50594: 1.97648e-05
50595: 1.97644e-05
50596: 1.9764e-05
50597: 1.97636e-05
50598: 1.97632e-05
50599: 1.97628e-05
50600: 1.97625e-05
50601: 1.97621e-05
50602: 1.97617e-05
50603: 1.97613e-05
50604: 1.97609e-05
50605: 1.97605e-05
50606: 1.97601e-05
50607: 1.97597e-05
50608: 1.97593e-05
50609: 1.97589e-05
50610: 1.97586e-05
50611: 1.97582e-05
50612: 1.97578e-05
50613: 1.97574e-05
50614: 1.9757e-05
50615: 1.97566e-05
50616: 1.97562e-05
50617: 1.97558e-05
50618: 1.97554e-05
50619: 1.9755e-05
50620: 1.97546e-05
50621: 1.97543e-05
50622: 1.97539e-05
50623: 1.97535e-05
50624: 1.97531e-05
50625: 1.97527e-05
50626: 1.97523e-05
50627: 1.97519e-05
50628: 1.97515e-05
50629: 1.97511e-05
50630: 1.97507e-05
50631: 1.97504e-05
50632: 1.975e-05
50633: 1.97496e-05
50634: 1.97492e-05
50635: 1.97488e-05
50636: 1.97484e-05
50637: 1.9748e-05
50638: 1.97476e-05
50639: 1.97472e-05
50640: 1.97468e-05
50641: 1.97465e-05
50642: 1.97461e-05
50643: 1.97457e-05
50644: 1.97453e-05
50645: 1.97449e-05
50646: 1.97445e-05
50647: 1.97441e-05
50648: 1.97437e-05
50649: 1.97433e-05
50650: 1.97429e-05
50651: 1.97426e-05
50652: 1.97422e-05
50653: 1.97418e-05
50654: 1.97414e-05
50655: 1.9741e-05
50656: 1.97406e-05
50657: 1.97402e-05
50658: 1.97398e-05
50659: 1.97394e-05
50660: 1.9739e-05
50661: 1.97387e-05
50662: 1.97383e-05
50663: 1.97379e-05
50664: 1.97375e-05
50665: 1.97371e-05
50666: 1.97367e-05
50667: 1.97363e-05
50668: 1.97359e-05
50669: 1.97355e-05
50670: 1.97352e-05
50671: 1.97348e-05
50672: 1.97344e-05
50673: 1.9734e-05
50674: 1.97336e-05
50675: 1.97332e-05
50676: 1.97328e-05
50677: 1.97324e-05
50678: 1.9732e-05
50679: 1.97316e-05
50680: 1.97313e-05
50681: 1.97309e-05
50682: 1.97305e-05
50683: 1.97301e-05
50684: 1.97297e-05
50685: 1.97293e-05
50686: 1.97289e-05
50687: 1.97285e-05
50688: 1.97281e-05
50689: 1.97278e-05
50690: 1.97274e-05
50691: 1.9727e-05
50692: 1.97266e-05
50693: 1.97262e-05
50694: 1.97258e-05
50695: 1.97254e-05
50696: 1.9725e-05
50697: 1.97246e-05
50698: 1.97243e-05
50699: 1.97239e-05
50700: 1.97235e-05
50701: 1.97231e-05
50702: 1.97227e-05
50703: 1.97223e-05
50704: 1.97219e-05
50705: 1.97215e-05
50706: 1.97211e-05
50707: 1.97208e-05
50708: 1.97204e-05
50709: 1.972e-05
50710: 1.97196e-05
50711: 1.97192e-05
50712: 1.97188e-05
50713: 1.97184e-05
50714: 1.9718e-05
50715: 1.97176e-05
50716: 1.97173e-05
50717: 1.97169e-05
50718: 1.97165e-05
50719: 1.97161e-05
50720: 1.97157e-05
50721: 1.97153e-05
50722: 1.97149e-05
50723: 1.97145e-05
50724: 1.97141e-05
50725: 1.97138e-05
50726: 1.97134e-05
50727: 1.9713e-05
50728: 1.97126e-05
50729: 1.97122e-05
50730: 1.97118e-05
50731: 1.97114e-05
50732: 1.9711e-05
50733: 1.97106e-05
50734: 1.97103e-05
50735: 1.97099e-05
50736: 1.97095e-05
50737: 1.97091e-05
50738: 1.97087e-05
50739: 1.97083e-05
50740: 1.97079e-05
50741: 1.97075e-05
50742: 1.97072e-05
50743: 1.97068e-05
50744: 1.97064e-05
50745: 1.9706e-05
50746: 1.97056e-05
50747: 1.97052e-05
50748: 1.97048e-05
50749: 1.97044e-05
50750: 1.9704e-05
50751: 1.97037e-05
50752: 1.97033e-05
50753: 1.97029e-05
50754: 1.97025e-05
50755: 1.97021e-05
50756: 1.97017e-05
50757: 1.97013e-05
50758: 1.97009e-05
50759: 1.97006e-05
50760: 1.97002e-05
50761: 1.96998e-05
50762: 1.96994e-05
50763: 1.9699e-05
50764: 1.96986e-05
50765: 1.96982e-05
50766: 1.96978e-05
50767: 1.96974e-05
50768: 1.96971e-05
50769: 1.96967e-05
50770: 1.96963e-05
50771: 1.96959e-05
50772: 1.96955e-05
50773: 1.96951e-05
50774: 1.96947e-05
50775: 1.96943e-05
50776: 1.9694e-05
50777: 1.96936e-05
50778: 1.96932e-05
50779: 1.96928e-05
50780: 1.96924e-05
50781: 1.9692e-05
50782: 1.96916e-05
50783: 1.96912e-05
50784: 1.96909e-05
50785: 1.96905e-05
50786: 1.96901e-05
50787: 1.96897e-05
50788: 1.96893e-05
50789: 1.96889e-05
50790: 1.96885e-05
50791: 1.96881e-05
50792: 1.96878e-05
50793: 1.96874e-05
50794: 1.9687e-05
50795: 1.96866e-05
50796: 1.96862e-05
50797: 1.96858e-05
50798: 1.96854e-05
50799: 1.9685e-05
50800: 1.96847e-05
50801: 1.96843e-05
50802: 1.96839e-05
50803: 1.96835e-05
50804: 1.96831e-05
50805: 1.96827e-05
50806: 1.96823e-05
50807: 1.96819e-05
50808: 1.96816e-05
50809: 1.96812e-05
50810: 1.96808e-05
50811: 1.96804e-05
50812: 1.968e-05
50813: 1.96796e-05
50814: 1.96792e-05
50815: 1.96788e-05
50816: 1.96785e-05
50817: 1.96781e-05
50818: 1.96777e-05
50819: 1.96773e-05
50820: 1.96769e-05
50821: 1.96765e-05
50822: 1.96761e-05
50823: 1.96757e-05
50824: 1.96754e-05
50825: 1.9675e-05
50826: 1.96746e-05
50827: 1.96742e-05
50828: 1.96738e-05
50829: 1.96734e-05
50830: 1.9673e-05
50831: 1.96726e-05
50832: 1.96723e-05
50833: 1.96719e-05
50834: 1.96715e-05
50835: 1.96711e-05
50836: 1.96707e-05
50837: 1.96703e-05
50838: 1.96699e-05
50839: 1.96696e-05
50840: 1.96692e-05
50841: 1.96688e-05
50842: 1.96684e-05
50843: 1.9668e-05
50844: 1.96676e-05
50845: 1.96672e-05
50846: 1.96668e-05
50847: 1.96665e-05
50848: 1.96661e-05
50849: 1.96657e-05
50850: 1.96653e-05
50851: 1.96649e-05
50852: 1.96645e-05
50853: 1.96641e-05
50854: 1.96637e-05
50855: 1.96634e-05
50856: 1.9663e-05
50857: 1.96626e-05
50858: 1.96622e-05
50859: 1.96618e-05
50860: 1.96614e-05
50861: 1.9661e-05
50862: 1.96607e-05
50863: 1.96603e-05
50864: 1.96599e-05
50865: 1.96595e-05
50866: 1.96591e-05
50867: 1.96587e-05
50868: 1.96583e-05
50869: 1.9658e-05
50870: 1.96576e-05
50871: 1.96572e-05
50872: 1.96568e-05
50873: 1.96564e-05
50874: 1.9656e-05
50875: 1.96556e-05
50876: 1.96552e-05
50877: 1.96549e-05
50878: 1.96545e-05
50879: 1.96541e-05
50880: 1.96537e-05
50881: 1.96533e-05
50882: 1.96529e-05
50883: 1.96525e-05
50884: 1.96522e-05
50885: 1.96518e-05
50886: 1.96514e-05
50887: 1.9651e-05
50888: 1.96506e-05
50889: 1.96502e-05
50890: 1.96498e-05
50891: 1.96495e-05
50892: 1.96491e-05
50893: 1.96487e-05
50894: 1.96483e-05
50895: 1.96479e-05
50896: 1.96475e-05
50897: 1.96471e-05
50898: 1.96468e-05
50899: 1.96464e-05
50900: 1.9646e-05
50901: 1.96456e-05
50902: 1.96452e-05
50903: 1.96448e-05
50904: 1.96444e-05
50905: 1.9644e-05
50906: 1.96437e-05
50907: 1.96433e-05
50908: 1.96429e-05
50909: 1.96425e-05
50910: 1.96421e-05
50911: 1.96417e-05
50912: 1.96413e-05
50913: 1.9641e-05
50914: 1.96406e-05
50915: 1.96402e-05
50916: 1.96398e-05
50917: 1.96394e-05
50918: 1.9639e-05
50919: 1.96386e-05
50920: 1.96383e-05
50921: 1.96379e-05
50922: 1.96375e-05
50923: 1.96371e-05
50924: 1.96367e-05
50925: 1.96363e-05
50926: 1.96359e-05
50927: 1.96356e-05
50928: 1.96352e-05
50929: 1.96348e-05
50930: 1.96344e-05
50931: 1.9634e-05
50932: 1.96336e-05
50933: 1.96333e-05
50934: 1.96329e-05
50935: 1.96325e-05
50936: 1.96321e-05
50937: 1.96317e-05
50938: 1.96313e-05
50939: 1.96309e-05
50940: 1.96306e-05
50941: 1.96302e-05
50942: 1.96298e-05
50943: 1.96294e-05
50944: 1.9629e-05
50945: 1.96286e-05
50946: 1.96282e-05
50947: 1.96279e-05
50948: 1.96275e-05
50949: 1.96271e-05
50950: 1.96267e-05
50951: 1.96263e-05
50952: 1.96259e-05
50953: 1.96255e-05
50954: 1.96252e-05
50955: 1.96248e-05
50956: 1.96244e-05
50957: 1.9624e-05
50958: 1.96236e-05
50959: 1.96232e-05
50960: 1.96228e-05
50961: 1.96225e-05
50962: 1.96221e-05
50963: 1.96217e-05
50964: 1.96213e-05
50965: 1.96209e-05
50966: 1.96205e-05
50967: 1.96202e-05
50968: 1.96198e-05
50969: 1.96194e-05
50970: 1.9619e-05
50971: 1.96186e-05
50972: 1.96182e-05
50973: 1.96178e-05
50974: 1.96175e-05
50975: 1.96171e-05
50976: 1.96167e-05
50977: 1.96163e-05
50978: 1.96159e-05
50979: 1.96155e-05
50980: 1.96152e-05
50981: 1.96148e-05
50982: 1.96144e-05
50983: 1.9614e-05
50984: 1.96136e-05
50985: 1.96132e-05
50986: 1.96128e-05
50987: 1.96125e-05
50988: 1.96121e-05
50989: 1.96117e-05
50990: 1.96113e-05
50991: 1.96109e-05
50992: 1.96105e-05
50993: 1.96102e-05
50994: 1.96098e-05
50995: 1.96094e-05
50996: 1.9609e-05
50997: 1.96086e-05
50998: 1.96082e-05
50999: 1.96078e-05
51000: 1.96075e-05
51001: 1.96071e-05
51002: 1.96067e-05
51003: 1.96063e-05
51004: 1.96059e-05
51005: 1.96055e-05
51006: 1.96052e-05
51007: 1.96048e-05
51008: 1.96044e-05
51009: 1.9604e-05
51010: 1.96036e-05
51011: 1.96032e-05
51012: 1.96028e-05
51013: 1.96025e-05
51014: 1.96021e-05
51015: 1.96017e-05
51016: 1.96013e-05
51017: 1.96009e-05
51018: 1.96005e-05
51019: 1.96002e-05
51020: 1.95998e-05
51021: 1.95994e-05
51022: 1.9599e-05
51023: 1.95986e-05
51024: 1.95982e-05
51025: 1.95979e-05
51026: 1.95975e-05
51027: 1.95971e-05
51028: 1.95967e-05
51029: 1.95963e-05
51030: 1.95959e-05
51031: 1.95955e-05
51032: 1.95952e-05
51033: 1.95948e-05
51034: 1.95944e-05
51035: 1.9594e-05
51036: 1.95936e-05
51037: 1.95932e-05
51038: 1.95929e-05
51039: 1.95925e-05
51040: 1.95921e-05
51041: 1.95917e-05
51042: 1.95913e-05
51043: 1.95909e-05
51044: 1.95906e-05
51045: 1.95902e-05
51046: 1.95898e-05
51047: 1.95894e-05
51048: 1.9589e-05
51049: 1.95886e-05
51050: 1.95883e-05
51051: 1.95879e-05
51052: 1.95875e-05
51053: 1.95871e-05
51054: 1.95867e-05
51055: 1.95863e-05
51056: 1.9586e-05
51057: 1.95856e-05
51058: 1.95852e-05
51059: 1.95848e-05
51060: 1.95844e-05
51061: 1.9584e-05
51062: 1.95837e-05
51063: 1.95833e-05
51064: 1.95829e-05
51065: 1.95825e-05
51066: 1.95821e-05
51067: 1.95817e-05
51068: 1.95814e-05
51069: 1.9581e-05
51070: 1.95806e-05
51071: 1.95802e-05
51072: 1.95798e-05
51073: 1.95794e-05
51074: 1.95791e-05
51075: 1.95787e-05
51076: 1.95783e-05
51077: 1.95779e-05
51078: 1.95775e-05
51079: 1.95771e-05
51080: 1.95768e-05
51081: 1.95764e-05
51082: 1.9576e-05
51083: 1.95756e-05
51084: 1.95752e-05
51085: 1.95748e-05
51086: 1.95745e-05
51087: 1.95741e-05
51088: 1.95737e-05
51089: 1.95733e-05
51090: 1.95729e-05
51091: 1.95725e-05
51092: 1.95722e-05
51093: 1.95718e-05
51094: 1.95714e-05
51095: 1.9571e-05
51096: 1.95706e-05
51097: 1.95702e-05
51098: 1.95699e-05
51099: 1.95695e-05
51100: 1.95691e-05
51101: 1.95687e-05
51102: 1.95683e-05
51103: 1.95679e-05
51104: 1.95676e-05
51105: 1.95672e-05
51106: 1.95668e-05
51107: 1.95664e-05
51108: 1.9566e-05
51109: 1.95656e-05
51110: 1.95653e-05
51111: 1.95649e-05
51112: 1.95645e-05
51113: 1.95641e-05
51114: 1.95637e-05
51115: 1.95633e-05
51116: 1.9563e-05
51117: 1.95626e-05
51118: 1.95622e-05
51119: 1.95618e-05
51120: 1.95614e-05
51121: 1.95611e-05
51122: 1.95607e-05
51123: 1.95603e-05
51124: 1.95599e-05
51125: 1.95595e-05
51126: 1.95591e-05
51127: 1.95588e-05
51128: 1.95584e-05
51129: 1.9558e-05
51130: 1.95576e-05
51131: 1.95572e-05
51132: 1.95568e-05
51133: 1.95565e-05
51134: 1.95561e-05
51135: 1.95557e-05
51136: 1.95553e-05
51137: 1.95549e-05
51138: 1.95545e-05
51139: 1.95542e-05
51140: 1.95538e-05
51141: 1.95534e-05
51142: 1.9553e-05
51143: 1.95526e-05
51144: 1.95523e-05
51145: 1.95519e-05
51146: 1.95515e-05
51147: 1.95511e-05
51148: 1.95507e-05
51149: 1.95503e-05
51150: 1.955e-05
51151: 1.95496e-05
51152: 1.95492e-05
51153: 1.95488e-05
51154: 1.95484e-05
51155: 1.9548e-05
51156: 1.95477e-05
51157: 1.95473e-05
51158: 1.95469e-05
51159: 1.95465e-05
51160: 1.95461e-05
51161: 1.95458e-05
51162: 1.95454e-05
51163: 1.9545e-05
51164: 1.95446e-05
51165: 1.95442e-05
51166: 1.95438e-05
51167: 1.95435e-05
51168: 1.95431e-05
51169: 1.95427e-05
51170: 1.95423e-05
51171: 1.95419e-05
51172: 1.95416e-05
51173: 1.95412e-05
51174: 1.95408e-05
51175: 1.95404e-05
51176: 1.954e-05
51177: 1.95396e-05
51178: 1.95393e-05
51179: 1.95389e-05
51180: 1.95385e-05
51181: 1.95381e-05
51182: 1.95377e-05
51183: 1.95374e-05
51184: 1.9537e-05
51185: 1.95366e-05
51186: 1.95362e-05
51187: 1.95358e-05
51188: 1.95354e-05
51189: 1.95351e-05
51190: 1.95347e-05
51191: 1.95343e-05
51192: 1.95339e-05
51193: 1.95335e-05
51194: 1.95332e-05
51195: 1.95328e-05
51196: 1.95324e-05
51197: 1.9532e-05
51198: 1.95316e-05
51199: 1.95313e-05
51200: 1.95309e-05
51201: 1.95305e-05
51202: 1.95301e-05
51203: 1.95297e-05
51204: 1.95293e-05
51205: 1.9529e-05
51206: 1.95286e-05
51207: 1.95282e-05
51208: 1.95278e-05
51209: 1.95274e-05
51210: 1.95271e-05
51211: 1.95267e-05
51212: 1.95263e-05
51213: 1.95259e-05
51214: 1.95255e-05
51215: 1.95251e-05
51216: 1.95248e-05
51217: 1.95244e-05
51218: 1.9524e-05
51219: 1.95236e-05
51220: 1.95232e-05
51221: 1.95229e-05
51222: 1.95225e-05
51223: 1.95221e-05
51224: 1.95217e-05
51225: 1.95213e-05
51226: 1.9521e-05
51227: 1.95206e-05
51228: 1.95202e-05
51229: 1.95198e-05
51230: 1.95194e-05
51231: 1.95191e-05
51232: 1.95187e-05
51233: 1.95183e-05
51234: 1.95179e-05
51235: 1.95175e-05
51236: 1.95171e-05
51237: 1.95168e-05
51238: 1.95164e-05
51239: 1.9516e-05
51240: 1.95156e-05
51241: 1.95152e-05
51242: 1.95149e-05
51243: 1.95145e-05
51244: 1.95141e-05
51245: 1.95137e-05
51246: 1.95133e-05
51247: 1.9513e-05
51248: 1.95126e-05
51249: 1.95122e-05
51250: 1.95118e-05
51251: 1.95114e-05
51252: 1.95111e-05
51253: 1.95107e-05
51254: 1.95103e-05
51255: 1.95099e-05
51256: 1.95095e-05
51257: 1.95091e-05
51258: 1.95088e-05
51259: 1.95084e-05
51260: 1.9508e-05
51261: 1.95076e-05
51262: 1.95072e-05
51263: 1.95069e-05
51264: 1.95065e-05
51265: 1.95061e-05
51266: 1.95057e-05
51267: 1.95053e-05
51268: 1.9505e-05
51269: 1.95046e-05
51270: 1.95042e-05
51271: 1.95038e-05
51272: 1.95034e-05
51273: 1.95031e-05
51274: 1.95027e-05
51275: 1.95023e-05
51276: 1.95019e-05
51277: 1.95015e-05
51278: 1.95012e-05
51279: 1.95008e-05
51280: 1.95004e-05
51281: 1.95e-05
51282: 1.94996e-05
51283: 1.94993e-05
51284: 1.94989e-05
51285: 1.94985e-05
51286: 1.94981e-05
51287: 1.94977e-05
51288: 1.94974e-05
51289: 1.9497e-05
51290: 1.94966e-05
51291: 1.94962e-05
51292: 1.94958e-05
51293: 1.94955e-05
51294: 1.94951e-05
51295: 1.94947e-05
51296: 1.94943e-05
51297: 1.94939e-05
51298: 1.94936e-05
51299: 1.94932e-05
51300: 1.94928e-05
51301: 1.94924e-05
51302: 1.9492e-05
51303: 1.94917e-05
51304: 1.94913e-05
51305: 1.94909e-05
51306: 1.94905e-05
51307: 1.94901e-05
51308: 1.94898e-05
51309: 1.94894e-05
51310: 1.9489e-05
51311: 1.94886e-05
51312: 1.94882e-05
51313: 1.94879e-05
51314: 1.94875e-05
51315: 1.94871e-05
51316: 1.94867e-05
51317: 1.94863e-05
51318: 1.9486e-05
51319: 1.94856e-05
51320: 1.94852e-05
51321: 1.94848e-05
51322: 1.94844e-05
51323: 1.94841e-05
51324: 1.94837e-05
51325: 1.94833e-05
51326: 1.94829e-05
51327: 1.94825e-05
51328: 1.94822e-05
51329: 1.94818e-05
51330: 1.94814e-05
51331: 1.9481e-05
51332: 1.94806e-05
51333: 1.94803e-05
51334: 1.94799e-05
51335: 1.94795e-05
51336: 1.94791e-05
51337: 1.94787e-05
51338: 1.94784e-05
51339: 1.9478e-05
51340: 1.94776e-05
51341: 1.94772e-05
51342: 1.94769e-05
51343: 1.94765e-05
51344: 1.94761e-05
51345: 1.94757e-05
51346: 1.94753e-05
51347: 1.9475e-05
51348: 1.94746e-05
51349: 1.94742e-05
51350: 1.94738e-05
51351: 1.94734e-05
51352: 1.94731e-05
51353: 1.94727e-05
51354: 1.94723e-05
51355: 1.94719e-05
51356: 1.94715e-05
51357: 1.94712e-05
51358: 1.94708e-05
51359: 1.94704e-05
51360: 1.947e-05
51361: 1.94696e-05
51362: 1.94693e-05
51363: 1.94689e-05
51364: 1.94685e-05
51365: 1.94681e-05
51366: 1.94678e-05
51367: 1.94674e-05
51368: 1.9467e-05
51369: 1.94666e-05
51370: 1.94662e-05
51371: 1.94659e-05
51372: 1.94655e-05
51373: 1.94651e-05
51374: 1.94647e-05
51375: 1.94643e-05
51376: 1.9464e-05
51377: 1.94636e-05
51378: 1.94632e-05
51379: 1.94628e-05
51380: 1.94624e-05
51381: 1.94621e-05
51382: 1.94617e-05
51383: 1.94613e-05
51384: 1.94609e-05
51385: 1.94606e-05
51386: 1.94602e-05
51387: 1.94598e-05
51388: 1.94594e-05
51389: 1.9459e-05
51390: 1.94587e-05
51391: 1.94583e-05
51392: 1.94579e-05
51393: 1.94575e-05
51394: 1.94571e-05
51395: 1.94568e-05
51396: 1.94564e-05
51397: 1.9456e-05
51398: 1.94556e-05
51399: 1.94553e-05
51400: 1.94549e-05
51401: 1.94545e-05
51402: 1.94541e-05
51403: 1.94537e-05
51404: 1.94534e-05
51405: 1.9453e-05
51406: 1.94526e-05
51407: 1.94522e-05
51408: 1.94518e-05
51409: 1.94515e-05
51410: 1.94511e-05
51411: 1.94507e-05
51412: 1.94503e-05
51413: 1.945e-05
51414: 1.94496e-05
51415: 1.94492e-05
51416: 1.94488e-05
51417: 1.94484e-05
51418: 1.94481e-05
51419: 1.94477e-05
51420: 1.94473e-05
51421: 1.94469e-05
51422: 1.94466e-05
51423: 1.94462e-05
51424: 1.94458e-05
51425: 1.94454e-05
51426: 1.9445e-05
51427: 1.94447e-05
51428: 1.94443e-05
51429: 1.94439e-05
51430: 1.94435e-05
51431: 1.94431e-05
51432: 1.94428e-05
51433: 1.94424e-05
51434: 1.9442e-05
51435: 1.94416e-05
51436: 1.94413e-05
51437: 1.94409e-05
51438: 1.94405e-05
51439: 1.94401e-05
51440: 1.94397e-05
51441: 1.94394e-05
51442: 1.9439e-05
51443: 1.94386e-05
51444: 1.94382e-05
51445: 1.94379e-05
51446: 1.94375e-05
51447: 1.94371e-05
51448: 1.94367e-05
51449: 1.94363e-05
51450: 1.9436e-05
51451: 1.94356e-05
51452: 1.94352e-05
51453: 1.94348e-05
51454: 1.94345e-05
51455: 1.94341e-05
51456: 1.94337e-05
51457: 1.94333e-05
51458: 1.94329e-05
51459: 1.94326e-05
51460: 1.94322e-05
51461: 1.94318e-05
51462: 1.94314e-05
51463: 1.94311e-05
51464: 1.94307e-05
51465: 1.94303e-05
51466: 1.94299e-05
51467: 1.94295e-05
51468: 1.94292e-05
51469: 1.94288e-05
51470: 1.94284e-05
51471: 1.9428e-05
51472: 1.94277e-05
51473: 1.94273e-05
51474: 1.94269e-05
51475: 1.94265e-05
51476: 1.94262e-05
51477: 1.94258e-05
51478: 1.94254e-05
51479: 1.9425e-05
51480: 1.94246e-05
51481: 1.94243e-05
51482: 1.94239e-05
51483: 1.94235e-05
51484: 1.94231e-05
51485: 1.94228e-05
51486: 1.94224e-05
51487: 1.9422e-05
51488: 1.94216e-05
51489: 1.94212e-05
51490: 1.94209e-05
51491: 1.94205e-05
51492: 1.94201e-05
51493: 1.94197e-05
51494: 1.94194e-05
51495: 1.9419e-05
51496: 1.94186e-05
51497: 1.94182e-05
51498: 1.94179e-05
51499: 1.94175e-05
51500: 1.94171e-05
51501: 1.94167e-05
51502: 1.94163e-05
51503: 1.9416e-05
51504: 1.94156e-05
51505: 1.94152e-05
51506: 1.94148e-05
51507: 1.94145e-05
51508: 1.94141e-05
51509: 1.94137e-05
51510: 1.94133e-05
51511: 1.9413e-05
51512: 1.94126e-05
51513: 1.94122e-05
51514: 1.94118e-05
51515: 1.94114e-05
51516: 1.94111e-05
51517: 1.94107e-05
51518: 1.94103e-05
51519: 1.94099e-05
51520: 1.94096e-05
51521: 1.94092e-05
51522: 1.94088e-05
51523: 1.94084e-05
51524: 1.94081e-05
51525: 1.94077e-05
51526: 1.94073e-05
51527: 1.94069e-05
51528: 1.94065e-05
51529: 1.94062e-05
51530: 1.94058e-05
51531: 1.94054e-05
51532: 1.9405e-05
51533: 1.94047e-05
51534: 1.94043e-05
51535: 1.94039e-05
51536: 1.94035e-05
51537: 1.94032e-05
51538: 1.94028e-05
51539: 1.94024e-05
51540: 1.9402e-05
51541: 1.94017e-05
51542: 1.94013e-05
51543: 1.94009e-05
51544: 1.94005e-05
51545: 1.94001e-05
51546: 1.93998e-05
51547: 1.93994e-05
51548: 1.9399e-05
51549: 1.93986e-05
51550: 1.93983e-05
51551: 1.93979e-05
51552: 1.93975e-05
51553: 1.93971e-05
51554: 1.93968e-05
51555: 1.93964e-05
51556: 1.9396e-05
51557: 1.93956e-05
51558: 1.93953e-05
51559: 1.93949e-05
51560: 1.93945e-05
51561: 1.93941e-05
51562: 1.93938e-05
51563: 1.93934e-05
51564: 1.9393e-05
51565: 1.93926e-05
51566: 1.93922e-05
51567: 1.93919e-05
51568: 1.93915e-05
51569: 1.93911e-05
51570: 1.93907e-05
51571: 1.93904e-05
51572: 1.939e-05
51573: 1.93896e-05
51574: 1.93892e-05
51575: 1.93889e-05
51576: 1.93885e-05
51577: 1.93881e-05
51578: 1.93877e-05
51579: 1.93874e-05
51580: 1.9387e-05
51581: 1.93866e-05
51582: 1.93862e-05
51583: 1.93859e-05
51584: 1.93855e-05
51585: 1.93851e-05
51586: 1.93847e-05
51587: 1.93844e-05
51588: 1.9384e-05
51589: 1.93836e-05
51590: 1.93832e-05
51591: 1.93829e-05
51592: 1.93825e-05
51593: 1.93821e-05
51594: 1.93817e-05
51595: 1.93813e-05
51596: 1.9381e-05
51597: 1.93806e-05
51598: 1.93802e-05
51599: 1.93798e-05
51600: 1.93795e-05
51601: 3.87582e-05
51602: 3.87574e-05
51603: 3.87567e-05
51604: 3.87559e-05
51605: 3.87552e-05
51606: 3.87544e-05
51607: 3.87537e-05
51608: 3.87529e-05
51609: 3.87522e-05
51610: 3.87514e-05
51611: 3.87507e-05
51612: 3.87499e-05
51613: 3.87492e-05
51614: 3.87484e-05
51615: 3.87477e-05
51616: 3.87469e-05
51617: 3.87462e-05
51618: 3.87454e-05
51619: 3.87447e-05
51620: 3.87439e-05
51621: 3.87432e-05
51622: 3.87424e-05
51623: 3.87417e-05
51624: 3.87409e-05
51625: 3.87402e-05
51626: 3.87394e-05
51627: 3.87387e-05
51628: 3.87379e-05
51629: 3.87372e-05
51630: 3.87364e-05
51631: 3.87357e-05
51632: 3.87349e-05
51633: 3.87342e-05
51634: 3.87334e-05
51635: 3.87327e-05
51636: 3.87319e-05
51637: 3.87312e-05
51638: 3.87304e-05
51639: 3.87297e-05
51640: 3.87289e-05
51641: 3.87282e-05
51642: 3.87274e-05
51643: 3.87267e-05
51644: 3.87259e-05
51645: 3.87252e-05
51646: 3.87244e-05
51647: 3.87237e-05
51648: 3.87229e-05
51649: 3.87222e-05
51650: 3.87214e-05
51651: 3.87207e-05
51652: 3.87199e-05
51653: 3.87192e-05
51654: 3.87184e-05
51655: 3.87177e-05
51656: 3.87169e-05
51657: 3.87162e-05
51658: 3.87154e-05
51659: 3.87147e-05
51660: 3.87139e-05
51661: 3.87132e-05
51662: 3.87124e-05
51663: 3.87117e-05
51664: 3.87109e-05
51665: 3.87102e-05
51666: 3.87094e-05
51667: 3.87087e-05
51668: 3.87079e-05
51669: 3.87072e-05
51670: 3.87064e-05
51671: 3.87057e-05
51672: 3.87049e-05
51673: 3.87042e-05
51674: 3.87034e-05
51675: 3.87027e-05
51676: 3.87019e-05
51677: 3.87012e-05
51678: 3.87004e-05
51679: 3.86997e-05
51680: 3.86989e-05
51681: 3.86982e-05
51682: 3.86974e-05
51683: 3.86967e-05
51684: 3.86959e-05
51685: 3.86952e-05
51686: 3.86944e-05
51687: 3.86937e-05
51688: 3.8693e-05
51689: 3.86922e-05
51690: 3.86915e-05
51691: 3.86907e-05
51692: 3.869e-05
51693: 3.86892e-05
51694: 3.86885e-05
51695: 3.86877e-05
51696: 3.8687e-05
51697: 3.86862e-05
51698: 3.86855e-05
51699: 3.86847e-05
51700: 3.8684e-05
51701: 3.86832e-05
51702: 3.86825e-05
51703: 3.86817e-05
51704: 3.8681e-05
51705: 3.86802e-05
51706: 3.86795e-05
51707: 3.86787e-05
51708: 3.8678e-05
51709: 3.86772e-05
51710: 3.86765e-05
51711: 3.86757e-05
51712: 3.8675e-05
51713: 3.86742e-05
51714: 3.86735e-05
51715: 3.86728e-05
51716: 3.8672e-05
51717: 3.86713e-05
51718: 3.86705e-05
51719: 3.86698e-05
51720: 3.8669e-05
51721: 3.86683e-05
51722: 3.86675e-05
51723: 3.86668e-05
51724: 3.8666e-05
51725: 3.86653e-05
51726: 3.86645e-05
51727: 3.86638e-05
51728: 3.8663e-05
51729: 3.86623e-05
51730: 3.86615e-05
51731: 3.86608e-05
51732: 3.866e-05
51733: 3.86593e-05
51734: 3.86585e-05
51735: 3.86578e-05
51736: 3.86571e-05
51737: 3.86563e-05
51738: 3.86556e-05
51739: 3.86548e-05
51740: 3.86541e-05
51741: 3.86533e-05
51742: 3.86526e-05
51743: 3.86518e-05
51744: 3.86511e-05
51745: 3.86503e-05
51746: 3.86496e-05
51747: 3.86488e-05
51748: 3.86481e-05
51749: 3.86473e-05
51750: 3.86466e-05
51751: 3.86458e-05
51752: 3.86451e-05
51753: 3.86444e-05
51754: 3.86436e-05
51755: 3.86429e-05
51756: 3.86421e-05
51757: 3.86414e-05
51758: 3.86406e-05
51759: 3.86399e-05
51760: 3.86391e-05
51761: 3.86384e-05
51762: 3.86376e-05
51763: 3.86369e-05
51764: 3.86361e-05
51765: 3.86354e-05
51766: 3.86347e-05
51767: 3.86339e-05
51768: 3.86332e-05
51769: 3.86324e-05
51770: 3.86317e-05
51771: 3.86309e-05
51772: 3.86302e-05
51773: 3.86294e-05
51774: 3.86287e-05
51775: 3.86279e-05
51776: 3.86272e-05
51777: 3.86264e-05
51778: 3.86257e-05
51779: 3.8625e-05
51780: 3.86242e-05
51781: 3.86235e-05
51782: 3.86227e-05
51783: 3.8622e-05
51784: 3.86212e-05
51785: 3.86205e-05
51786: 3.86197e-05
51787: 3.8619e-05
51788: 3.86182e-05
51789: 3.86175e-05
51790: 3.86167e-05
51791: 3.8616e-05
51792: 3.86153e-05
51793: 3.86145e-05
51794: 3.86138e-05
51795: 3.8613e-05
51796: 3.86123e-05
51797: 3.86115e-05
51798: 3.86108e-05
51799: 3.861e-05
51800: 3.86093e-05
51801: 3.86085e-05
51802: 3.86078e-05
51803: 3.86071e-05
51804: 3.86063e-05
51805: 3.86056e-05
51806: 3.86048e-05
51807: 3.86041e-05
51808: 3.86033e-05
51809: 3.86026e-05
51810: 3.86018e-05
51811: 3.86011e-05
51812: 3.86004e-05
51813: 3.85996e-05
51814: 3.85989e-05
51815: 3.85981e-05
51816: 3.85974e-05
51817: 3.85966e-05
51818: 3.85959e-05
51819: 3.85951e-05
51820: 3.85944e-05
51821: 3.85936e-05
51822: 3.85929e-05
51823: 3.85922e-05
51824: 3.85914e-05
51825: 3.85907e-05
51826: 3.85899e-05
51827: 3.85892e-05
51828: 3.85884e-05
51829: 3.85877e-05
51830: 3.85869e-05
51831: 3.85862e-05
51832: 3.85855e-05
51833: 3.85847e-05
51834: 3.8584e-05
51835: 3.85832e-05
51836: 3.85825e-05
51837: 3.85817e-05
51838: 3.8581e-05
51839: 3.85802e-05
51840: 3.85795e-05
51841: 3.85788e-05
51842: 3.8578e-05
51843: 3.85773e-05
51844: 3.85765e-05
51845: 3.85758e-05
51846: 3.8575e-05
51847: 3.85743e-05
51848: 3.85736e-05
51849: 3.85728e-05
51850: 3.85721e-05
51851: 3.85713e-05
51852: 3.85706e-05
51853: 3.85698e-05
51854: 3.85691e-05
51855: 3.85683e-05
51856: 3.85676e-05
51857: 3.85669e-05
51858: 3.85661e-05
51859: 3.85654e-05
51860: 3.85646e-05
51861: 3.85639e-05
51862: 3.85631e-05
51863: 3.85624e-05
51864: 3.85617e-05
51865: 3.85609e-05
51866: 3.85602e-05
51867: 3.85594e-05
51868: 3.85587e-05
51869: 3.85579e-05
51870: 3.85572e-05
51871: 3.85564e-05
51872: 3.85557e-05
51873: 3.8555e-05
51874: 3.85542e-05
51875: 3.85535e-05
51876: 3.85527e-05
51877: 3.8552e-05
51878: 3.85512e-05
51879: 3.85505e-05
51880: 3.85498e-05
51881: 3.8549e-05
51882: 3.85483e-05
51883: 3.85475e-05
51884: 3.85468e-05
51885: 3.8546e-05
51886: 3.85453e-05
51887: 3.85446e-05
51888: 3.85438e-05
51889: 3.85431e-05
51890: 3.85423e-05
51891: 3.85416e-05
51892: 3.85408e-05
51893: 3.85401e-05
51894: 3.85394e-05
51895: 3.85386e-05
51896: 3.85379e-05
51897: 3.85371e-05
51898: 3.85364e-05
51899: 3.85356e-05
51900: 3.85349e-05
51901: 3.85342e-05
51902: 3.85334e-05
51903: 3.85327e-05
51904: 3.85319e-05
51905: 3.85312e-05
51906: 3.85304e-05
51907: 3.85297e-05
51908: 3.8529e-05
51909: 3.85282e-05
51910: 3.85275e-05
51911: 3.85267e-05
51912: 3.8526e-05
51913: 3.85253e-05
51914: 3.85245e-05
51915: 3.85238e-05
51916: 3.8523e-05
51917: 3.85223e-05
51918: 3.85215e-05
51919: 3.85208e-05
51920: 3.85201e-05
51921: 3.85193e-05
51922: 3.85186e-05
51923: 3.85178e-05
51924: 3.85171e-05
51925: 3.85164e-05
51926: 3.85156e-05
51927: 3.85149e-05
51928: 3.85141e-05
51929: 3.85134e-05
51930: 3.85126e-05
51931: 3.85119e-05
51932: 3.85112e-05
51933: 3.85104e-05
51934: 3.85097e-05
51935: 3.85089e-05
51936: 3.85082e-05
51937: 3.85075e-05
51938: 3.85067e-05
51939: 3.8506e-05
51940: 3.85052e-05
51941: 3.85045e-05
51942: 3.85037e-05
51943: 3.8503e-05
51944: 3.85023e-05
51945: 3.85015e-05
51946: 3.85008e-05
51947: 3.85e-05
51948: 3.84993e-05
51949: 3.84986e-05
51950: 3.84978e-05
51951: 3.84971e-05
51952: 3.84963e-05
51953: 3.84956e-05
51954: 3.84949e-05
51955: 3.84941e-05
51956: 3.84934e-05
51957: 3.84926e-05
51958: 3.84919e-05
51959: 3.84911e-05
51960: 3.84904e-05
51961: 3.84897e-05
51962: 3.84889e-05
51963: 3.84882e-05
51964: 3.84874e-05
51965: 3.84867e-05
51966: 3.8486e-05
51967: 3.84852e-05
51968: 3.84845e-05
51969: 3.84837e-05
51970: 3.8483e-05
51971: 3.84823e-05
51972: 3.84815e-05
51973: 3.84808e-05
51974: 3.848e-05
51975: 3.84793e-05
51976: 3.84786e-05
51977: 3.84778e-05
51978: 3.84771e-05
51979: 3.84763e-05
51980: 3.84756e-05
51981: 3.84749e-05
51982: 3.84741e-05
51983: 3.84734e-05
51984: 3.84726e-05
51985: 3.84719e-05
51986: 3.84712e-05
51987: 3.84704e-05
51988: 3.84697e-05
51989: 3.84689e-05
51990: 3.84682e-05
51991: 3.84675e-05
51992: 3.84667e-05
51993: 3.8466e-05
51994: 3.84652e-05
51995: 3.84645e-05
51996: 3.84638e-05
51997: 3.8463e-05
51998: 3.84623e-05
51999: 3.84615e-05
52000: 3.84608e-05
52001: 3.84601e-05
52002: 3.84593e-05
52003: 3.84586e-05
52004: 3.84578e-05
52005: 3.84571e-05
52006: 3.84564e-05
52007: 3.84556e-05
52008: 3.84549e-05
52009: 3.84541e-05
52010: 3.84534e-05
52011: 3.84527e-05
52012: 3.84519e-05
52013: 3.84512e-05
52014: 3.84504e-05
52015: 3.84497e-05
52016: 3.8449e-05
52017: 3.84482e-05
52018: 3.84475e-05
52019: 3.84468e-05
52020: 3.8446e-05
52021: 3.84453e-05
52022: 3.84445e-05
52023: 3.84438e-05
52024: 3.84431e-05
52025: 3.84423e-05
52026: 3.84416e-05
52027: 3.84408e-05
52028: 3.84401e-05
52029: 3.84394e-05
52030: 3.84386e-05
52031: 3.84379e-05
52032: 3.84371e-05
52033: 3.84364e-05
52034: 3.84357e-05
52035: 3.84349e-05
52036: 3.84342e-05
52037: 3.84335e-05
52038: 3.84327e-05
52039: 3.8432e-05
52040: 3.84312e-05
52041: 3.84305e-05
52042: 3.84298e-05
52043: 3.8429e-05
52044: 3.84283e-05
52045: 3.84275e-05
52046: 3.84268e-05
52047: 3.84261e-05
52048: 3.84253e-05
52049: 3.84246e-05
52050: 3.84239e-05
52051: 3.84231e-05
52052: 3.84224e-05
52053: 3.84216e-05
52054: 3.84209e-05
52055: 3.84202e-05
52056: 3.84194e-05
52057: 3.84187e-05
52058: 3.84179e-05
52059: 3.84172e-05
52060: 3.84165e-05
52061: 3.84157e-05
52062: 3.8415e-05
52063: 3.84143e-05
52064: 3.84135e-05
52065: 3.84128e-05
52066: 3.8412e-05
52067: 3.84113e-05
52068: 3.84106e-05
52069: 3.84098e-05
52070: 3.84091e-05
52071: 3.84084e-05
52072: 3.84076e-05
52073: 3.84069e-05
52074: 3.84061e-05
52075: 3.84054e-05
52076: 3.84047e-05
52077: 3.84039e-05
52078: 3.84032e-05
52079: 3.84025e-05
52080: 3.84017e-05
52081: 3.8401e-05
52082: 3.84002e-05
52083: 3.83995e-05
52084: 3.83988e-05
52085: 3.8398e-05
52086: 3.83973e-05
52087: 3.83966e-05
52088: 3.83958e-05
52089: 3.83951e-05
52090: 3.83943e-05
52091: 3.83936e-05
52092: 3.83929e-05
52093: 3.83921e-05
52094: 3.83914e-05
52095: 3.83907e-05
52096: 3.83899e-05
52097: 3.83892e-05
52098: 3.83885e-05
52099: 3.83877e-05
52100: 3.8387e-05
52101: 3.83862e-05
52102: 3.83855e-05
52103: 3.83848e-05
52104: 3.8384e-05
52105: 3.83833e-05
52106: 3.83826e-05
52107: 3.83818e-05
52108: 3.83811e-05
52109: 3.83803e-05
52110: 3.83796e-05
52111: 3.83789e-05
52112: 3.83781e-05
52113: 3.83774e-05
52114: 3.83767e-05
52115: 3.83759e-05
52116: 3.83752e-05
52117: 3.83745e-05
52118: 3.83737e-05
52119: 3.8373e-05
52120: 3.83722e-05
52121: 3.83715e-05
52122: 3.83708e-05
52123: 3.837e-05
52124: 3.83693e-05
52125: 3.83686e-05
52126: 3.83678e-05
52127: 3.83671e-05
52128: 3.83664e-05
52129: 3.83656e-05
52130: 3.83649e-05
52131: 3.83642e-05
52132: 3.83634e-05
52133: 3.83627e-05
52134: 3.83619e-05
52135: 3.83612e-05
52136: 3.83605e-05
52137: 3.83597e-05
52138: 3.8359e-05
52139: 3.83583e-05
52140: 3.83575e-05
52141: 3.83568e-05
52142: 3.83561e-05
52143: 3.83553e-05
52144: 3.83546e-05
52145: 3.83539e-05
52146: 3.83531e-05
52147: 3.83524e-05
52148: 3.83516e-05
52149: 3.83509e-05
52150: 3.83502e-05
52151: 3.83494e-05
52152: 3.83487e-05
52153: 3.8348e-05
52154: 3.83472e-05
52155: 3.83465e-05
52156: 3.83458e-05
52157: 3.8345e-05
52158: 3.83443e-05
52159: 3.83436e-05
52160: 3.83428e-05
52161: 3.83421e-05
52162: 3.83414e-05
52163: 3.83406e-05
52164: 3.83399e-05
52165: 3.83391e-05
52166: 3.83384e-05
52167: 3.83377e-05
52168: 3.83369e-05
52169: 3.83362e-05
52170: 3.83355e-05
52171: 3.83347e-05
52172: 3.8334e-05
52173: 3.83333e-05
52174: 3.83325e-05
52175: 3.83318e-05
52176: 3.83311e-05
52177: 3.83303e-05
52178: 3.83296e-05
52179: 3.83289e-05
52180: 3.83281e-05
52181: 3.83274e-05
52182: 3.83267e-05
52183: 3.83259e-05
52184: 3.83252e-05
52185: 3.83245e-05
52186: 3.83237e-05
52187: 3.8323e-05
52188: 3.83223e-05
52189: 3.83215e-05
52190: 3.83208e-05
52191: 3.832e-05
52192: 3.83193e-05
52193: 3.83186e-05
52194: 3.83178e-05
52195: 3.83171e-05
52196: 3.83164e-05
52197: 3.83156e-05
52198: 3.83149e-05
52199: 3.83142e-05
52200: 3.83134e-05
52201: 3.83127e-05
52202: 3.8312e-05
52203: 3.83112e-05
52204: 3.83105e-05
52205: 3.83098e-05
52206: 3.8309e-05
52207: 3.83083e-05
52208: 3.83076e-05
52209: 3.83068e-05
52210: 3.83061e-05
52211: 3.83054e-05
52212: 3.83046e-05
52213: 3.83039e-05
52214: 3.83032e-05
52215: 3.83024e-05
52216: 3.83017e-05
52217: 3.8301e-05
52218: 3.83002e-05
52219: 3.82995e-05
52220: 3.82988e-05
52221: 3.8298e-05
52222: 3.82973e-05
52223: 3.82966e-05
52224: 3.82958e-05
52225: 3.82951e-05
52226: 3.82944e-05
52227: 3.82936e-05
52228: 3.82929e-05
52229: 3.82922e-05
52230: 3.82914e-05
52231: 3.82907e-05
52232: 3.829e-05
52233: 3.82892e-05
52234: 3.82885e-05
52235: 3.82878e-05
52236: 3.8287e-05
52237: 3.82863e-05
52238: 3.82856e-05
52239: 3.82848e-05
52240: 3.82841e-05
52241: 3.82834e-05
52242: 3.82826e-05
52243: 3.82819e-05
52244: 3.82812e-05
52245: 3.82804e-05
52246: 3.82797e-05
52247: 3.8279e-05
52248: 3.82782e-05
52249: 3.82775e-05
52250: 3.82768e-05
52251: 3.8276e-05
52252: 3.82753e-05
52253: 3.82746e-05
52254: 3.82738e-05
52255: 3.82731e-05
52256: 3.82724e-05
52257: 3.82717e-05
52258: 3.82709e-05
52259: 3.82702e-05
52260: 3.82695e-05
52261: 3.82687e-05
52262: 3.8268e-05
52263: 3.82673e-05
52264: 3.82665e-05
52265: 3.82658e-05
52266: 3.82651e-05
52267: 3.82643e-05
52268: 3.82636e-05
52269: 3.82629e-05
52270: 3.82621e-05
52271: 3.82614e-05
52272: 3.82607e-05
52273: 3.82599e-05
52274: 3.82592e-05
52275: 3.82585e-05
52276: 3.82577e-05
52277: 3.8257e-05
52278: 3.82563e-05
52279: 3.82555e-05
52280: 3.82548e-05
52281: 3.82541e-05
52282: 3.82534e-05
52283: 3.82526e-05
52284: 3.82519e-05
52285: 3.82512e-05
52286: 3.82504e-05
52287: 3.82497e-05
52288: 3.8249e-05
52289: 3.82482e-05
52290: 3.82475e-05
52291: 3.82468e-05
52292: 3.8246e-05
52293: 3.82453e-05
52294: 3.82446e-05
52295: 3.82438e-05
52296: 3.82431e-05
52297: 3.82424e-05
52298: 3.82416e-05
52299: 3.82409e-05
52300: 3.82402e-05
52301: 3.82395e-05
52302: 3.82387e-05
52303: 3.8238e-05
52304: 3.82373e-05
52305: 3.82365e-05
52306: 3.82358e-05
52307: 3.82351e-05
52308: 3.82343e-05
52309: 3.82336e-05
52310: 3.82329e-05
52311: 3.82321e-05
52312: 3.82314e-05
52313: 3.82307e-05
52314: 3.823e-05
52315: 3.82292e-05
52316: 3.82285e-05
52317: 3.82278e-05
52318: 3.8227e-05
52319: 3.82263e-05
52320: 3.82256e-05
52321: 3.82248e-05
52322: 3.82241e-05
52323: 3.82234e-05
52324: 3.82226e-05
52325: 3.82219e-05
52326: 3.82212e-05
52327: 3.82205e-05
52328: 3.82197e-05
52329: 3.8219e-05
52330: 3.82183e-05
52331: 3.82175e-05
52332: 3.82168e-05
52333: 3.82161e-05
52334: 3.82153e-05
52335: 3.82146e-05
52336: 3.82139e-05
52337: 3.82132e-05
52338: 3.82124e-05
52339: 3.82117e-05
52340: 3.8211e-05
52341: 3.82102e-05
52342: 3.82095e-05
52343: 3.82088e-05
52344: 3.8208e-05
52345: 3.82073e-05
52346: 3.82066e-05
52347: 3.82059e-05
52348: 3.82051e-05
52349: 3.82044e-05
52350: 3.82037e-05
52351: 3.82029e-05
52352: 3.82022e-05
52353: 3.82015e-05
52354: 3.82007e-05
52355: 3.82e-05
52356: 3.81993e-05
52357: 3.81986e-05
52358: 3.81978e-05
52359: 3.81971e-05
52360: 3.81964e-05
52361: 3.81956e-05
52362: 3.81949e-05
52363: 3.81942e-05
52364: 3.81934e-05
52365: 3.81927e-05
52366: 3.8192e-05
52367: 3.81913e-05
52368: 3.81905e-05
52369: 3.81898e-05
52370: 3.81891e-05
52371: 3.81883e-05
52372: 3.81876e-05
52373: 3.81869e-05
52374: 3.81862e-05
52375: 3.81854e-05
52376: 3.81847e-05
52377: 3.8184e-05
52378: 3.81832e-05
52379: 3.81825e-05
52380: 3.81818e-05
52381: 3.81811e-05
52382: 3.81803e-05
52383: 3.81796e-05
52384: 3.81789e-05
52385: 3.81781e-05
52386: 3.81774e-05
52387: 3.81767e-05
52388: 3.8176e-05
52389: 3.81752e-05
52390: 3.81745e-05
52391: 3.81738e-05
52392: 3.8173e-05
52393: 3.81723e-05
52394: 3.81716e-05
52395: 3.81709e-05
52396: 3.81701e-05
52397: 3.81694e-05
52398: 3.81687e-05
52399: 3.81679e-05
52400: 3.81672e-05
52401: 3.81665e-05
52402: 3.81658e-05
52403: 3.8165e-05
52404: 3.81643e-05
52405: 3.81636e-05
52406: 3.81628e-05
52407: 3.81621e-05
52408: 3.81614e-05
52409: 3.81607e-05
52410: 3.81599e-05
52411: 3.81592e-05
52412: 3.81585e-05
52413: 3.81577e-05
52414: 3.8157e-05
52415: 3.81563e-05
52416: 3.81556e-05
52417: 3.81548e-05
52418: 3.81541e-05
52419: 3.81534e-05
52420: 3.81526e-05
52421: 3.81519e-05
52422: 3.81512e-05
52423: 3.81505e-05
52424: 3.81497e-05
52425: 3.8149e-05
52426: 3.81483e-05
52427: 3.81476e-05
52428: 3.81468e-05
52429: 3.81461e-05
52430: 3.81454e-05
52431: 3.81446e-05
52432: 3.81439e-05
52433: 3.81432e-05
52434: 3.81425e-05
52435: 3.81417e-05
52436: 3.8141e-05
52437: 3.81403e-05
52438: 3.81396e-05
52439: 3.81388e-05
52440: 3.81381e-05
52441: 3.81374e-05
52442: 3.81366e-05
52443: 3.81359e-05
52444: 3.81352e-05
52445: 3.81345e-05
52446: 3.81337e-05
52447: 3.8133e-05
52448: 3.81323e-05
52449: 3.81316e-05
52450: 3.81308e-05
52451: 3.81301e-05
52452: 3.81294e-05
52453: 3.81286e-05
52454: 3.81279e-05
52455: 3.81272e-05
52456: 3.81265e-05
52457: 3.81257e-05
52458: 3.8125e-05
52459: 3.81243e-05
52460: 3.81236e-05
52461: 3.81228e-05
52462: 3.81221e-05
52463: 3.81214e-05
52464: 3.81207e-05
52465: 3.81199e-05
52466: 3.81192e-05
52467: 3.81185e-05
52468: 3.81177e-05
52469: 3.8117e-05
52470: 3.81163e-05
52471: 3.81156e-05
52472: 3.81148e-05
52473: 3.81141e-05
52474: 3.81134e-05
52475: 3.81127e-05
52476: 3.81119e-05
52477: 3.81112e-05
52478: 3.81105e-05
52479: 3.81098e-05
52480: 3.8109e-05
52481: 3.81083e-05
52482: 3.81076e-05
52483: 3.81069e-05
52484: 3.81061e-05
52485: 3.81054e-05
52486: 3.81047e-05
52487: 3.81039e-05
52488: 3.81032e-05
52489: 3.81025e-05
52490: 3.81018e-05
52491: 3.8101e-05
52492: 3.81003e-05
52493: 3.80996e-05
52494: 3.80989e-05
52495: 3.80981e-05
52496: 3.80974e-05
52497: 3.80967e-05
52498: 3.8096e-05
52499: 3.80952e-05
52500: 3.80945e-05
52501: 3.80938e-05
52502: 3.80931e-05
52503: 3.80923e-05
52504: 3.80916e-05
52505: 3.80909e-05
52506: 3.80902e-05
52507: 3.80894e-05
52508: 3.80887e-05
52509: 3.8088e-05
52510: 3.80873e-05
52511: 3.80865e-05
52512: 3.80858e-05
52513: 3.80851e-05
52514: 3.80844e-05
52515: 3.80836e-05
52516: 3.80829e-05
52517: 3.80822e-05
52518: 3.80815e-05
52519: 3.80807e-05
52520: 3.808e-05
52521: 3.80793e-05
52522: 3.80786e-05
52523: 3.80778e-05
52524: 3.80771e-05
52525: 3.80764e-05
52526: 3.80757e-05
52527: 3.80749e-05
52528: 3.80742e-05
52529: 3.80735e-05
52530: 3.80728e-05
52531: 3.8072e-05
52532: 3.80713e-05
52533: 3.80706e-05
52534: 3.80699e-05
52535: 3.80691e-05
52536: 3.80684e-05
52537: 3.80677e-05
52538: 3.8067e-05
52539: 3.80662e-05
52540: 3.80655e-05
52541: 3.80648e-05
52542: 3.80641e-05
52543: 3.80633e-05
52544: 3.80626e-05
52545: 3.80619e-05
52546: 3.80612e-05
52547: 3.80604e-05
52548: 3.80597e-05
52549: 3.8059e-05
52550: 3.80583e-05
52551: 3.80575e-05
52552: 3.80568e-05
52553: 3.80561e-05
52554: 3.80554e-05
52555: 3.80546e-05
52556: 3.80539e-05
52557: 3.80532e-05
52558: 3.80525e-05
52559: 3.80518e-05
52560: 3.8051e-05
52561: 3.80503e-05
52562: 3.80496e-05
52563: 3.80489e-05
52564: 3.80481e-05
52565: 3.80474e-05
52566: 3.80467e-05
52567: 3.8046e-05
52568: 3.80452e-05
52569: 3.80445e-05
52570: 3.80438e-05
52571: 3.80431e-05
52572: 3.80423e-05
52573: 3.80416e-05
52574: 3.80409e-05
52575: 3.80402e-05
52576: 3.80394e-05
52577: 3.80387e-05
52578: 3.8038e-05
52579: 3.80373e-05
52580: 3.80366e-05
52581: 3.80358e-05
52582: 3.80351e-05
52583: 3.80344e-05
52584: 3.80337e-05
52585: 3.80329e-05
52586: 3.80322e-05
52587: 3.80315e-05
52588: 3.80308e-05
52589: 3.803e-05
52590: 3.80293e-05
52591: 3.80286e-05
52592: 3.80279e-05
52593: 3.80272e-05
52594: 3.80264e-05
52595: 3.80257e-05
52596: 3.8025e-05
52597: 3.80243e-05
52598: 3.80235e-05
52599: 3.80228e-05
52600: 3.80221e-05
52601: 3.80214e-05
52602: 3.80206e-05
52603: 3.80199e-05
52604: 3.80192e-05
52605: 3.80185e-05
52606: 3.80178e-05
52607: 3.8017e-05
52608: 3.80163e-05
52609: 3.80156e-05
52610: 3.80149e-05
52611: 3.80141e-05
52612: 3.80134e-05
52613: 3.80127e-05
52614: 3.8012e-05
52615: 3.80113e-05
52616: 3.80105e-05
52617: 3.80098e-05
52618: 3.80091e-05
52619: 3.80084e-05
52620: 3.80076e-05
52621: 3.80069e-05
52622: 3.80062e-05
52623: 3.80055e-05
52624: 3.80048e-05
52625: 3.8004e-05
52626: 3.80033e-05
52627: 3.80026e-05
52628: 3.80019e-05
52629: 3.80011e-05
52630: 3.80004e-05
52631: 3.79997e-05
52632: 3.7999e-05
52633: 3.79983e-05
52634: 3.79975e-05
52635: 3.79968e-05
52636: 3.79961e-05
52637: 3.79954e-05
52638: 3.79946e-05
52639: 3.79939e-05
52640: 3.79932e-05
52641: 3.79925e-05
52642: 3.79918e-05
52643: 3.7991e-05
52644: 3.79903e-05
52645: 3.79896e-05
52646: 3.79889e-05
52647: 3.79881e-05
52648: 3.79874e-05
52649: 3.79867e-05
52650: 3.7986e-05
52651: 3.79853e-05
52652: 3.79845e-05
52653: 3.79838e-05
52654: 3.79831e-05
52655: 3.79824e-05
52656: 3.79817e-05
52657: 3.79809e-05
52658: 3.79802e-05
52659: 3.79795e-05
52660: 3.79788e-05
52661: 3.7978e-05
52662: 3.79773e-05
52663: 3.79766e-05
52664: 3.79759e-05
52665: 3.79752e-05
52666: 3.79744e-05
52667: 3.79737e-05
52668: 3.7973e-05
52669: 3.79723e-05
52670: 3.79716e-05
52671: 3.79708e-05
52672: 3.79701e-05
52673: 3.79694e-05
52674: 3.79687e-05
52675: 3.7968e-05
52676: 3.79672e-05
52677: 3.79665e-05
52678: 3.79658e-05
52679: 3.79651e-05
52680: 3.79644e-05
52681: 3.79636e-05
52682: 3.79629e-05
52683: 3.79622e-05
52684: 3.79615e-05
52685: 3.79607e-05
52686: 3.796e-05
52687: 3.79593e-05
52688: 3.79586e-05
52689: 3.79579e-05
52690: 3.79571e-05
52691: 3.79564e-05
52692: 3.79557e-05
52693: 3.7955e-05
52694: 3.79543e-05
52695: 3.79535e-05
52696: 3.79528e-05
52697: 3.79521e-05
52698: 3.79514e-05
52699: 3.79507e-05
52700: 3.79499e-05
52701: 3.79492e-05
52702: 3.79485e-05
52703: 3.79478e-05
52704: 3.79471e-05
52705: 3.79463e-05
52706: 3.79456e-05
52707: 3.79449e-05
52708: 3.79442e-05
52709: 3.79435e-05
52710: 3.79427e-05
52711: 3.7942e-05
52712: 3.79413e-05
52713: 3.79406e-05
52714: 3.79399e-05
52715: 3.79391e-05
52716: 3.79384e-05
52717: 3.79377e-05
52718: 3.7937e-05
52719: 3.79363e-05
52720: 3.79355e-05
52721: 3.79348e-05
52722: 3.79341e-05
52723: 3.79334e-05
52724: 3.79327e-05
52725: 3.7932e-05
52726: 3.79312e-05
52727: 3.79305e-05
52728: 3.79298e-05
52729: 3.79291e-05
52730: 3.79284e-05
52731: 3.79276e-05
52732: 3.79269e-05
52733: 3.79262e-05
52734: 3.79255e-05
52735: 3.79248e-05
52736: 3.7924e-05
52737: 3.79233e-05
52738: 3.79226e-05
52739: 3.79219e-05
52740: 3.79212e-05
52741: 3.79204e-05
52742: 3.79197e-05
52743: 3.7919e-05
52744: 3.79183e-05
52745: 3.79176e-05
52746: 3.79168e-05
52747: 3.79161e-05
52748: 3.79154e-05
52749: 3.79147e-05
52750: 3.7914e-05
52751: 3.79133e-05
52752: 3.79125e-05
52753: 3.79118e-05
52754: 3.79111e-05
52755: 3.79104e-05
52756: 3.79097e-05
52757: 3.79089e-05
52758: 3.79082e-05
52759: 3.79075e-05
52760: 3.79068e-05
52761: 3.79061e-05
52762: 3.79054e-05
52763: 3.79046e-05
52764: 3.79039e-05
52765: 3.79032e-05
52766: 3.79025e-05
52767: 3.79018e-05
52768: 3.7901e-05
52769: 3.79003e-05
52770: 3.78996e-05
52771: 3.78989e-05
52772: 3.78982e-05
52773: 3.78974e-05
52774: 3.78967e-05
52775: 3.7896e-05
52776: 3.78953e-05
52777: 3.78946e-05
52778: 3.78939e-05
52779: 3.78931e-05
52780: 3.78924e-05
52781: 3.78917e-05
52782: 3.7891e-05
52783: 3.78903e-05
52784: 3.78896e-05
52785: 3.78888e-05
52786: 3.78881e-05
52787: 3.78874e-05
52788: 3.78867e-05
52789: 3.7886e-05
52790: 3.78852e-05
52791: 3.78845e-05
52792: 3.78838e-05
52793: 3.78831e-05
52794: 3.78824e-05
52795: 3.78817e-05
52796: 3.78809e-05
52797: 3.78802e-05
52798: 3.78795e-05
52799: 3.78788e-05
52800: 3.78781e-05
52801: 3.78774e-05
52802: 3.78766e-05
52803: 3.78759e-05
52804: 3.78752e-05
52805: 3.78745e-05
52806: 3.78738e-05
52807: 3.7873e-05
52808: 3.78723e-05
52809: 3.78716e-05
52810: 3.78709e-05
52811: 3.78702e-05
52812: 3.78695e-05
52813: 3.78687e-05
52814: 3.7868e-05
52815: 3.78673e-05
52816: 3.78666e-05
52817: 3.78659e-05
52818: 3.78652e-05
52819: 3.78644e-05
52820: 3.78637e-05
52821: 3.7863e-05
52822: 3.78623e-05
52823: 3.78616e-05
52824: 3.78609e-05
52825: 3.78601e-05
52826: 3.78594e-05
52827: 3.78587e-05
52828: 3.7858e-05
52829: 3.78573e-05
52830: 3.78566e-05
52831: 3.78558e-05
52832: 3.78551e-05
52833: 3.78544e-05
52834: 3.78537e-05
52835: 3.7853e-05
52836: 3.78523e-05
52837: 3.78515e-05
52838: 3.78508e-05
52839: 3.78501e-05
52840: 3.78494e-05
52841: 3.78487e-05
52842: 3.7848e-05
52843: 3.78472e-05
52844: 3.78465e-05
52845: 3.78458e-05
52846: 3.78451e-05
52847: 3.78444e-05
52848: 3.78437e-05
52849: 3.7843e-05
52850: 3.78422e-05
52851: 3.78415e-05
52852: 3.78408e-05
52853: 3.78401e-05
52854: 3.78394e-05
52855: 3.78387e-05
52856: 3.78379e-05
52857: 3.78372e-05
52858: 3.78365e-05
52859: 3.78358e-05
52860: 3.78351e-05
52861: 3.78344e-05
52862: 3.78336e-05
52863: 3.78329e-05
52864: 3.78322e-05
52865: 3.78315e-05
52866: 3.78308e-05
52867: 3.78301e-05
52868: 3.78294e-05
52869: 3.78286e-05
52870: 3.78279e-05
52871: 3.78272e-05
52872: 3.78265e-05
52873: 3.78258e-05
52874: 3.78251e-05
52875: 3.78243e-05
52876: 3.78236e-05
52877: 3.78229e-05
52878: 3.78222e-05
52879: 3.78215e-05
52880: 3.78208e-05
52881: 3.78201e-05
52882: 3.78193e-05
52883: 3.78186e-05
52884: 3.78179e-05
52885: 3.78172e-05
52886: 3.78165e-05
52887: 3.78158e-05
52888: 3.7815e-05
52889: 3.78143e-05
52890: 3.78136e-05
52891: 3.78129e-05
52892: 3.78122e-05
52893: 3.78115e-05
52894: 3.78108e-05
52895: 3.781e-05
52896: 3.78093e-05
52897: 3.78086e-05
52898: 3.78079e-05
52899: 3.78072e-05
52900: 3.78065e-05
52901: 3.78058e-05
52902: 3.7805e-05
52903: 3.78043e-05
52904: 3.78036e-05
52905: 3.78029e-05
52906: 3.78022e-05
52907: 3.78015e-05
52908: 3.78008e-05
52909: 3.78e-05
52910: 3.77993e-05
52911: 3.77986e-05
52912: 3.77979e-05
52913: 3.77972e-05
52914: 3.77965e-05
52915: 3.77958e-05
52916: 3.7795e-05
52917: 3.77943e-05
52918: 3.77936e-05
52919: 3.77929e-05
52920: 3.77922e-05
52921: 3.77915e-05
52922: 3.77908e-05
52923: 3.779e-05
52924: 3.77893e-05
52925: 3.77886e-05
52926: 3.77879e-05
52927: 3.77872e-05
52928: 3.77865e-05
52929: 3.77858e-05
52930: 3.7785e-05
52931: 3.77843e-05
52932: 3.77836e-05
52933: 3.77829e-05
52934: 3.77822e-05
52935: 3.77815e-05
52936: 3.77808e-05
52937: 3.778e-05
52938: 3.77793e-05
52939: 3.77786e-05
52940: 3.77779e-05
52941: 3.77772e-05
52942: 3.77765e-05
52943: 3.77758e-05
52944: 3.7775e-05
52945: 3.77743e-05
52946: 3.77736e-05
52947: 3.77729e-05
52948: 3.77722e-05
52949: 3.77715e-05
52950: 3.77708e-05
52951: 3.77701e-05
52952: 3.77693e-05
52953: 3.77686e-05
52954: 3.77679e-05
52955: 3.77672e-05
52956: 3.77665e-05
52957: 3.77658e-05
52958: 3.77651e-05
52959: 3.77644e-05
52960: 3.77636e-05
52961: 3.77629e-05
52962: 3.77622e-05
52963: 3.77615e-05
52964: 3.77608e-05
52965: 3.77601e-05
52966: 3.77594e-05
52967: 3.77586e-05
52968: 3.77579e-05
52969: 3.77572e-05
52970: 3.77565e-05
52971: 3.77558e-05
52972: 3.77551e-05
52973: 3.77544e-05
52974: 3.77537e-05
52975: 3.77529e-05
52976: 3.77522e-05
52977: 3.77515e-05
52978: 3.77508e-05
52979: 3.77501e-05
52980: 3.77494e-05
52981: 3.77487e-05
52982: 3.7748e-05
52983: 3.77472e-05
52984: 3.77465e-05
52985: 3.77458e-05
52986: 3.77451e-05
52987: 3.77444e-05
52988: 3.77437e-05
52989: 3.7743e-05
52990: 3.77423e-05
52991: 3.77415e-05
52992: 3.77408e-05
52993: 3.77401e-05
52994: 3.77394e-05
52995: 3.77387e-05
52996: 3.7738e-05
52997: 3.77373e-05
52998: 3.77366e-05
52999: 3.77358e-05
53000: 3.77351e-05
53001: 3.77344e-05
53002: 3.77337e-05
53003: 3.7733e-05
53004: 3.77323e-05
53005: 3.77316e-05
53006: 3.77309e-05
53007: 3.77302e-05
53008: 3.77294e-05
53009: 3.77287e-05
53010: 3.7728e-05
53011: 3.77273e-05
53012: 3.77266e-05
53013: 3.77259e-05
53014: 3.77252e-05
53015: 3.77245e-05
53016: 3.77237e-05
53017: 3.7723e-05
53018: 3.77223e-05
53019: 3.77216e-05
53020: 3.77209e-05
53021: 3.77202e-05
53022: 3.77195e-05
53023: 3.77188e-05
53024: 3.77181e-05
53025: 3.77173e-05
53026: 3.77166e-05
53027: 3.77159e-05
53028: 3.77152e-05
53029: 3.77145e-05
53030: 3.77138e-05
53031: 3.77131e-05
53032: 3.77124e-05
53033: 3.77117e-05
53034: 3.77109e-05
53035: 3.77102e-05
53036: 3.77095e-05
53037: 3.77088e-05
53038: 3.77081e-05
53039: 3.77074e-05
53040: 3.77067e-05
53041: 3.7706e-05
53042: 3.77053e-05
53043: 3.77045e-05
53044: 3.77038e-05
53045: 3.77031e-05
53046: 3.77024e-05
53047: 3.77017e-05
53048: 3.7701e-05
53049: 3.77003e-05
53050: 3.76996e-05
53051: 3.76989e-05
53052: 3.76982e-05
53053: 3.76974e-05
53054: 3.76967e-05
53055: 3.7696e-05
53056: 3.76953e-05
53057: 3.76946e-05
53058: 3.76939e-05
53059: 3.76932e-05
53060: 3.76925e-05
53061: 3.76918e-05
53062: 3.7691e-05
53063: 3.76903e-05
53064: 3.76896e-05
53065: 3.76889e-05
53066: 3.76882e-05
53067: 3.76875e-05
53068: 3.76868e-05
53069: 3.76861e-05
53070: 3.76854e-05
53071: 3.76847e-05
53072: 3.76839e-05
53073: 3.76832e-05
53074: 3.76825e-05
53075: 3.76818e-05
53076: 3.76811e-05
53077: 3.76804e-05
53078: 3.76797e-05
53079: 3.7679e-05
53080: 3.76783e-05
53081: 3.76776e-05
53082: 3.76768e-05
53083: 3.76761e-05
53084: 3.76754e-05
53085: 3.76747e-05
53086: 3.7674e-05
53087: 3.76733e-05
53088: 3.76726e-05
53089: 3.76719e-05
53090: 3.76712e-05
53091: 3.76705e-05
53092: 3.76697e-05
53093: 3.7669e-05
53094: 3.76683e-05
53095: 3.76676e-05
53096: 3.76669e-05
53097: 3.76662e-05
53098: 3.76655e-05
53099: 3.76648e-05
53100: 3.76641e-05
53101: 3.76634e-05
53102: 3.76627e-05
53103: 3.76619e-05
53104: 3.76612e-05
53105: 3.76605e-05
53106: 3.76598e-05
53107: 3.76591e-05
53108: 3.76584e-05
53109: 3.76577e-05
53110: 3.7657e-05
53111: 3.76563e-05
53112: 3.76556e-05
53113: 3.76549e-05
53114: 3.76541e-05
53115: 3.76534e-05
53116: 3.76527e-05
53117: 3.7652e-05
53118: 3.76513e-05
53119: 3.76506e-05
53120: 3.76499e-05
53121: 3.76492e-05
53122: 3.76485e-05
53123: 3.76478e-05
53124: 3.76471e-05
53125: 3.76464e-05
53126: 3.76456e-05
53127: 3.76449e-05
53128: 3.76442e-05
53129: 3.76435e-05
53130: 3.76428e-05
53131: 3.76421e-05
53132: 3.76414e-05
53133: 3.76407e-05
53134: 3.764e-05
53135: 3.76393e-05
53136: 3.76386e-05
53137: 3.76378e-05
53138: 3.76371e-05
53139: 3.76364e-05
53140: 3.76357e-05
53141: 3.7635e-05
53142: 3.76343e-05
53143: 3.76336e-05
53144: 3.76329e-05
53145: 3.76322e-05
53146: 3.76315e-05
53147: 3.76308e-05
53148: 3.76301e-05
53149: 3.76294e-05
53150: 3.76286e-05
53151: 3.76279e-05
53152: 3.76272e-05
53153: 3.76265e-05
53154: 3.76258e-05
53155: 3.76251e-05
53156: 3.76244e-05
53157: 3.76237e-05
53158: 3.7623e-05
53159: 3.76223e-05
53160: 3.76216e-05
53161: 3.76209e-05
53162: 3.76201e-05
53163: 3.76194e-05
53164: 3.76187e-05
53165: 3.7618e-05
53166: 3.76173e-05
53167: 3.76166e-05
53168: 3.76159e-05
53169: 3.76152e-05
53170: 3.76145e-05
53171: 3.76138e-05
53172: 3.76131e-05
53173: 3.76124e-05
53174: 3.76117e-05
53175: 3.7611e-05
53176: 3.76102e-05
53177: 3.76095e-05
53178: 3.76088e-05
53179: 3.76081e-05
53180: 3.76074e-05
53181: 3.76067e-05
53182: 3.7606e-05
53183: 3.76053e-05
53184: 3.76046e-05
53185: 3.76039e-05
53186: 3.76032e-05
53187: 3.76025e-05
53188: 3.76018e-05
53189: 3.76011e-05
53190: 3.76003e-05
53191: 3.75996e-05
53192: 3.75989e-05
53193: 3.75982e-05
53194: 3.75975e-05
53195: 3.75968e-05
53196: 3.75961e-05
53197: 3.75954e-05
53198: 3.75947e-05
53199: 3.7594e-05
53200: 3.75933e-05
53201: 3.75926e-05
53202: 3.75919e-05
53203: 3.75912e-05
53204: 3.75905e-05
53205: 3.75897e-05
53206: 3.7589e-05
53207: 3.75883e-05
53208: 3.75876e-05
53209: 3.75869e-05
53210: 3.75862e-05
53211: 3.75855e-05
53212: 3.75848e-05
53213: 3.75841e-05
53214: 3.75834e-05
53215: 3.75827e-05
53216: 3.7582e-05
53217: 3.75813e-05
53218: 3.75806e-05
53219: 3.75799e-05
53220: 3.75792e-05
53221: 3.75784e-05
53222: 3.75777e-05
53223: 3.7577e-05
53224: 3.75763e-05
53225: 3.75756e-05
53226: 3.75749e-05
53227: 3.75742e-05
53228: 3.75735e-05
53229: 3.75728e-05
53230: 3.75721e-05
53231: 3.75714e-05
53232: 3.75707e-05
53233: 3.757e-05
53234: 3.75693e-05
53235: 3.75686e-05
53236: 3.75679e-05
53237: 3.75672e-05
53238: 3.75664e-05
53239: 3.75657e-05
53240: 3.7565e-05
53241: 3.75643e-05
53242: 3.75636e-05
53243: 3.75629e-05
53244: 3.75622e-05
53245: 3.75615e-05
53246: 3.75608e-05
53247: 3.75601e-05
53248: 3.75594e-05
53249: 3.75587e-05
53250: 3.7558e-05
53251: 3.75573e-05
53252: 3.75566e-05
53253: 3.75559e-05
53254: 3.75552e-05
53255: 3.75545e-05
53256: 3.75537e-05
53257: 3.7553e-05
53258: 3.75523e-05
53259: 3.75516e-05
53260: 3.75509e-05
53261: 3.75502e-05
53262: 3.75495e-05
53263: 3.75488e-05
53264: 3.75481e-05
53265: 3.75474e-05
53266: 3.75467e-05
53267: 3.7546e-05
53268: 3.75453e-05
53269: 3.75446e-05
53270: 3.75439e-05
53271: 3.75432e-05
53272: 3.75425e-05
53273: 3.75418e-05
53274: 3.75411e-05
53275: 3.75404e-05
53276: 3.75397e-05
53277: 3.75389e-05
53278: 3.75382e-05
53279: 3.75375e-05
53280: 3.75368e-05
53281: 3.75361e-05
53282: 3.75354e-05
53283: 3.75347e-05
53284: 3.7534e-05
53285: 3.75333e-05
53286: 3.75326e-05
53287: 3.75319e-05
53288: 3.75312e-05
53289: 3.75305e-05
53290: 3.75298e-05
53291: 3.75291e-05
53292: 3.75284e-05
53293: 3.75277e-05
53294: 3.7527e-05
53295: 3.75263e-05
53296: 3.75256e-05
53297: 3.75249e-05
53298: 3.75242e-05
53299: 3.75235e-05
53300: 3.75227e-05
53301: 3.7522e-05
53302: 3.75213e-05
53303: 3.75206e-05
53304: 3.75199e-05
53305: 3.75192e-05
53306: 3.75185e-05
53307: 3.75178e-05
53308: 3.75171e-05
53309: 3.75164e-05
53310: 3.75157e-05
53311: 3.7515e-05
53312: 3.75143e-05
53313: 3.75136e-05
53314: 3.75129e-05
53315: 3.75122e-05
53316: 3.75115e-05
53317: 3.75108e-05
53318: 3.75101e-05
53319: 3.75094e-05
53320: 3.75087e-05
53321: 3.7508e-05
53322: 3.75073e-05
53323: 3.75066e-05
53324: 3.75059e-05
53325: 3.75052e-05
53326: 3.75045e-05
53327: 3.75038e-05
53328: 3.7503e-05
53329: 3.75023e-05
53330: 3.75016e-05
53331: 3.75009e-05
53332: 3.75002e-05
53333: 3.74995e-05
53334: 3.74988e-05
53335: 3.74981e-05
53336: 3.74974e-05
53337: 3.74967e-05
53338: 3.7496e-05
53339: 3.74953e-05
53340: 3.74946e-05
53341: 3.74939e-05
53342: 3.74932e-05
53343: 3.74925e-05
53344: 3.74918e-05
53345: 3.74911e-05
53346: 3.74904e-05
53347: 3.74897e-05
53348: 3.7489e-05
53349: 3.74883e-05
53350: 3.74876e-05
53351: 3.74869e-05
53352: 3.74862e-05
53353: 3.74855e-05
53354: 3.74848e-05
53355: 3.74841e-05
53356: 3.74834e-05
53357: 3.74827e-05
53358: 3.7482e-05
53359: 3.74813e-05
53360: 3.74806e-05
53361: 3.74799e-05
53362: 3.74792e-05
53363: 3.74784e-05
53364: 3.74777e-05
53365: 3.7477e-05
53366: 3.74763e-05
53367: 3.74756e-05
53368: 3.74749e-05
53369: 3.74742e-05
53370: 3.74735e-05
53371: 3.74728e-05
53372: 3.74721e-05
53373: 3.74714e-05
53374: 3.74707e-05
53375: 3.747e-05
53376: 3.74693e-05
53377: 3.74686e-05
53378: 3.74679e-05
53379: 3.74672e-05
53380: 3.74665e-05
53381: 3.74658e-05
53382: 3.74651e-05
53383: 3.74644e-05
53384: 3.74637e-05
53385: 3.7463e-05
53386: 3.74623e-05
53387: 3.74616e-05
53388: 3.74609e-05
53389: 3.74602e-05
53390: 3.74595e-05
53391: 3.74588e-05
53392: 3.74581e-05
53393: 3.74574e-05
53394: 3.74567e-05
53395: 3.7456e-05
53396: 3.74553e-05
53397: 3.74546e-05
53398: 3.74539e-05
53399: 3.74532e-05
53400: 3.74525e-05
53401: 3.74518e-05
53402: 3.74511e-05
53403: 3.74504e-05
53404: 3.74497e-05
53405: 3.7449e-05
53406: 3.74483e-05
53407: 3.74476e-05
53408: 3.74469e-05
53409: 3.74462e-05
53410: 3.74455e-05
53411: 3.74448e-05
53412: 3.74441e-05
53413: 3.74434e-05
53414: 3.74427e-05
53415: 3.7442e-05
53416: 3.74413e-05
53417: 3.74406e-05
53418: 3.74399e-05
53419: 3.74392e-05
53420: 3.74385e-05
53421: 3.74378e-05
53422: 3.74371e-05
53423: 3.74364e-05
53424: 3.74357e-05
53425: 3.7435e-05
53426: 3.74343e-05
53427: 3.74336e-05
53428: 3.74329e-05
53429: 3.74322e-05
53430: 3.74315e-05
53431: 3.74308e-05
53432: 3.74301e-05
53433: 3.74294e-05
53434: 3.74287e-05
53435: 3.7428e-05
53436: 3.74273e-05
53437: 3.74266e-05
53438: 3.74259e-05
53439: 3.74251e-05
53440: 3.74244e-05
53441: 3.74237e-05
53442: 3.7423e-05
53443: 3.74223e-05
53444: 3.74216e-05
53445: 3.74209e-05
53446: 3.74202e-05
53447: 3.74195e-05
53448: 3.74188e-05
53449: 3.74181e-05
53450: 3.74174e-05
53451: 3.74167e-05
53452: 3.7416e-05
53453: 3.74153e-05
53454: 3.74146e-05
53455: 3.74139e-05
53456: 3.74132e-05
53457: 3.74125e-05
53458: 3.74118e-05
53459: 3.74111e-05
53460: 3.74104e-05
53461: 3.74097e-05
53462: 3.7409e-05
53463: 3.74083e-05
53464: 3.74076e-05
53465: 3.7407e-05
53466: 3.74063e-05
53467: 3.74056e-05
53468: 3.74049e-05
53469: 3.74042e-05
53470: 3.74035e-05
53471: 3.74028e-05
53472: 3.74021e-05
53473: 3.74014e-05
53474: 3.74007e-05
53475: 3.74e-05
53476: 3.73993e-05
53477: 3.73986e-05
53478: 3.73979e-05
53479: 3.73972e-05
53480: 3.73965e-05
53481: 3.73958e-05
53482: 3.73951e-05
53483: 3.73944e-05
53484: 3.73937e-05
53485: 3.7393e-05
53486: 3.73923e-05
53487: 3.73916e-05
53488: 3.73909e-05
53489: 3.73902e-05
53490: 3.73895e-05
53491: 3.73888e-05
53492: 3.73881e-05
53493: 3.73874e-05
53494: 3.73867e-05
53495: 3.7386e-05
53496: 3.73853e-05
53497: 3.73846e-05
53498: 3.73839e-05
53499: 3.73832e-05
53500: 3.73825e-05
53501: 3.73818e-05
53502: 3.73811e-05
53503: 3.73804e-05
53504: 3.73797e-05
53505: 3.7379e-05
53506: 3.73783e-05
53507: 3.73776e-05
53508: 3.73769e-05
53509: 3.73762e-05
53510: 3.73755e-05
53511: 3.73748e-05
53512: 3.73741e-05
53513: 3.73734e-05
53514: 3.73727e-05
53515: 3.7372e-05
53516: 3.73713e-05
53517: 3.73706e-05
53518: 3.73699e-05
53519: 3.73692e-05
53520: 3.73685e-05
53521: 3.73678e-05
53522: 3.73671e-05
53523: 3.73664e-05
53524: 3.73657e-05
53525: 3.7365e-05
53526: 3.73643e-05
53527: 3.73636e-05
53528: 3.73629e-05
53529: 3.73622e-05
53530: 3.73615e-05
53531: 3.73608e-05
53532: 3.73601e-05
53533: 3.73594e-05
53534: 3.73587e-05
53535: 3.7358e-05
53536: 3.73573e-05
53537: 3.73566e-05
53538: 3.73559e-05
53539: 3.73552e-05
53540: 3.73546e-05
53541: 3.73539e-05
53542: 3.73532e-05
53543: 3.73525e-05
53544: 3.73518e-05
53545: 3.73511e-05
53546: 3.73504e-05
53547: 3.73497e-05
53548: 3.7349e-05
53549: 3.73483e-05
53550: 3.73476e-05
53551: 3.73469e-05
53552: 3.73462e-05
53553: 3.73455e-05
53554: 3.73448e-05
53555: 3.73441e-05
53556: 3.73434e-05
53557: 3.73427e-05
53558: 3.7342e-05
53559: 3.73413e-05
53560: 3.73406e-05
53561: 3.73399e-05
53562: 3.73392e-05
53563: 3.73385e-05
53564: 3.73378e-05
53565: 3.73371e-05
53566: 3.73364e-05
53567: 3.73357e-05
53568: 3.7335e-05
53569: 3.73343e-05
53570: 3.73336e-05
53571: 3.73329e-05
53572: 3.73322e-05
53573: 3.73315e-05
53574: 3.73308e-05
53575: 3.73301e-05
53576: 3.73295e-05
53577: 3.73288e-05
53578: 3.73281e-05
53579: 3.73274e-05
53580: 3.73267e-05
53581: 3.7326e-05
53582: 3.73253e-05
53583: 3.73246e-05
53584: 3.73239e-05
53585: 3.73232e-05
53586: 3.73225e-05
53587: 3.73218e-05
53588: 3.73211e-05
53589: 3.73204e-05
53590: 3.73197e-05
53591: 3.7319e-05
53592: 3.73183e-05
53593: 3.73176e-05
53594: 3.73169e-05
53595: 3.73162e-05
53596: 3.73155e-05
53597: 3.73148e-05
53598: 3.73141e-05
53599: 3.73134e-05
53600: 3.73127e-05
53601: 3.7312e-05
53602: 3.73113e-05
53603: 3.73106e-05
53604: 3.731e-05
53605: 3.73093e-05
53606: 3.73086e-05
53607: 3.73079e-05
53608: 3.73072e-05
53609: 3.73065e-05
53610: 3.73058e-05
53611: 3.73051e-05
53612: 3.73044e-05
53613: 3.73037e-05
53614: 3.7303e-05
53615: 3.73023e-05
53616: 3.73016e-05
53617: 3.73009e-05
53618: 3.73002e-05
53619: 3.72995e-05
53620: 3.72988e-05
53621: 3.72981e-05
53622: 3.72974e-05
53623: 3.72967e-05
53624: 3.7296e-05
53625: 3.72953e-05
53626: 3.72946e-05
53627: 3.7294e-05
53628: 3.72933e-05
53629: 3.72926e-05
53630: 3.72919e-05
53631: 3.72912e-05
53632: 3.72905e-05
53633: 3.72898e-05
53634: 3.72891e-05
53635: 3.72884e-05
53636: 3.72877e-05
53637: 3.7287e-05
53638: 3.72863e-05
53639: 3.72856e-05
53640: 3.72849e-05
53641: 3.72842e-05
53642: 3.72835e-05
53643: 3.72828e-05
53644: 3.72821e-05
53645: 3.72814e-05
53646: 3.72807e-05
53647: 3.728e-05
53648: 3.72794e-05
53649: 3.72787e-05
53650: 3.7278e-05
53651: 3.72773e-05
53652: 3.72766e-05
53653: 3.72759e-05
53654: 3.72752e-05
53655: 3.72745e-05
53656: 3.72738e-05
53657: 3.72731e-05
53658: 3.72724e-05
53659: 3.72717e-05
53660: 3.7271e-05
53661: 3.72703e-05
53662: 3.72696e-05
53663: 3.72689e-05
53664: 3.72682e-05
53665: 3.72675e-05
53666: 3.72668e-05
53667: 3.72662e-05
53668: 3.72655e-05
53669: 3.72648e-05
53670: 3.72641e-05
53671: 3.72634e-05
53672: 3.72627e-05
53673: 3.7262e-05
53674: 3.72613e-05
53675: 3.72606e-05
53676: 3.72599e-05
53677: 3.72592e-05
53678: 3.72585e-05
53679: 3.72578e-05
53680: 3.72571e-05
53681: 3.72564e-05
53682: 3.72557e-05
53683: 3.7255e-05
53684: 3.72544e-05
53685: 3.72537e-05
53686: 3.7253e-05
53687: 3.72523e-05
53688: 3.72516e-05
53689: 3.72509e-05
53690: 3.72502e-05
53691: 3.72495e-05
53692: 3.72488e-05
53693: 3.72481e-05
53694: 3.72474e-05
53695: 3.72467e-05
53696: 3.7246e-05
53697: 3.72453e-05
53698: 3.72446e-05
53699: 3.72439e-05
53700: 3.72433e-05
53701: 3.72426e-05
53702: 3.72419e-05
53703: 3.72412e-05
53704: 3.72405e-05
53705: 3.72398e-05
53706: 3.72391e-05
53707: 3.72384e-05
53708: 3.72377e-05
53709: 3.7237e-05
53710: 3.72363e-05
53711: 3.72356e-05
53712: 3.72349e-05
53713: 3.72342e-05
53714: 3.72335e-05
53715: 3.72329e-05
53716: 3.72322e-05
53717: 3.72315e-05
53718: 3.72308e-05
53719: 3.72301e-05
53720: 3.72294e-05
53721: 3.72287e-05
53722: 3.7228e-05
53723: 3.72273e-05
53724: 3.72266e-05
53725: 3.72259e-05
53726: 3.72252e-05
53727: 3.72245e-05
53728: 3.72238e-05
53729: 3.72232e-05
53730: 3.72225e-05
53731: 3.72218e-05
53732: 3.72211e-05
53733: 3.72204e-05
53734: 3.72197e-05
53735: 3.7219e-05
53736: 3.72183e-05
53737: 3.72176e-05
53738: 3.72169e-05
53739: 3.72162e-05
53740: 3.72155e-05
53741: 3.72148e-05
53742: 3.72141e-05
53743: 3.72135e-05
53744: 3.72128e-05
53745: 3.72121e-05
53746: 3.72114e-05
53747: 3.72107e-05
53748: 3.721e-05
53749: 3.72093e-05
53750: 3.72086e-05
53751: 3.72079e-05
53752: 3.72072e-05
53753: 3.72065e-05
53754: 3.72058e-05
53755: 3.72051e-05
53756: 3.72045e-05
53757: 3.72038e-05
53758: 3.72031e-05
53759: 3.72024e-05
53760: 3.72017e-05
53761: 3.7201e-05
53762: 3.72003e-05
53763: 3.71996e-05
53764: 3.71989e-05
53765: 3.71982e-05
53766: 3.71975e-05
53767: 3.71968e-05
53768: 3.71962e-05
53769: 3.71955e-05
53770: 3.71948e-05
53771: 3.71941e-05
53772: 3.71934e-05
53773: 3.71927e-05
53774: 3.7192e-05
53775: 3.71913e-05
53776: 3.71906e-05
53777: 3.71899e-05
53778: 3.71892e-05
53779: 3.71885e-05
53780: 3.71879e-05
53781: 3.71872e-05
53782: 3.71865e-05
53783: 3.71858e-05
53784: 3.71851e-05
53785: 3.71844e-05
53786: 3.71837e-05
53787: 3.7183e-05
53788: 3.71823e-05
53789: 3.71816e-05
53790: 3.71809e-05
53791: 3.71802e-05
53792: 3.71796e-05
53793: 3.71789e-05
53794: 3.71782e-05
53795: 3.71775e-05
53796: 3.71768e-05
53797: 3.71761e-05
53798: 3.71754e-05
53799: 3.71747e-05
53800: 3.7174e-05
53801: 3.71733e-05
53802: 3.71726e-05
53803: 3.7172e-05
53804: 3.71713e-05
53805: 3.71706e-05
53806: 3.71699e-05
53807: 3.71692e-05
53808: 3.71685e-05
53809: 3.71678e-05
53810: 3.71671e-05
53811: 3.71664e-05
53812: 3.71657e-05
53813: 3.7165e-05
53814: 3.71644e-05
53815: 3.71637e-05
53816: 3.7163e-05
53817: 3.71623e-05
53818: 3.71616e-05
53819: 3.71609e-05
53820: 3.71602e-05
53821: 3.71595e-05
53822: 3.71588e-05
53823: 3.71581e-05
53824: 3.71575e-05
53825: 3.71568e-05
53826: 3.71561e-05
53827: 3.71554e-05
53828: 3.71547e-05
53829: 3.7154e-05
53830: 3.71533e-05
53831: 3.71526e-05
53832: 3.71519e-05
53833: 3.71512e-05
53834: 3.71506e-05
53835: 3.71499e-05
53836: 3.71492e-05
53837: 3.71485e-05
53838: 3.71478e-05
53839: 3.71471e-05
53840: 3.71464e-05
53841: 3.71457e-05
53842: 3.7145e-05
53843: 3.71443e-05
53844: 3.71437e-05
53845: 3.7143e-05
53846: 3.71423e-05
53847: 3.71416e-05
53848: 3.71409e-05
53849: 3.71402e-05
53850: 3.71395e-05
53851: 3.71388e-05
53852: 3.71381e-05
53853: 3.71374e-05
53854: 3.71368e-05
53855: 3.71361e-05
53856: 3.71354e-05
53857: 3.71347e-05
53858: 3.7134e-05
53859: 3.71333e-05
53860: 3.71326e-05
53861: 3.71319e-05
53862: 3.71312e-05
53863: 3.71306e-05
53864: 3.71299e-05
53865: 3.71292e-05
53866: 3.71285e-05
53867: 3.71278e-05
53868: 3.71271e-05
53869: 3.71264e-05
53870: 3.71257e-05
53871: 3.7125e-05
53872: 3.71243e-05
53873: 3.71237e-05
53874: 3.7123e-05
53875: 3.71223e-05
53876: 3.71216e-05
53877: 3.71209e-05
53878: 3.71202e-05
53879: 3.71195e-05
53880: 3.71188e-05
53881: 3.71181e-05
53882: 3.71175e-05
53883: 3.71168e-05
53884: 3.71161e-05
53885: 3.71154e-05
53886: 3.71147e-05
53887: 3.7114e-05
53888: 3.71133e-05
53889: 3.71126e-05
53890: 3.71119e-05
53891: 3.71113e-05
53892: 3.71106e-05
53893: 3.71099e-05
53894: 3.71092e-05
53895: 3.71085e-05
53896: 3.71078e-05
53897: 3.71071e-05
53898: 3.71064e-05
53899: 3.71058e-05
53900: 3.71051e-05
53901: 3.71044e-05
53902: 3.71037e-05
53903: 3.7103e-05
53904: 3.71023e-05
53905: 3.71016e-05
53906: 3.71009e-05
53907: 3.71002e-05
53908: 3.70996e-05
53909: 3.70989e-05
53910: 3.70982e-05
53911: 3.70975e-05
53912: 3.70968e-05
53913: 3.70961e-05
53914: 3.70954e-05
53915: 3.70947e-05
53916: 3.70941e-05
53917: 3.70934e-05
53918: 3.70927e-05
53919: 3.7092e-05
53920: 3.70913e-05
53921: 3.70906e-05
53922: 3.70899e-05
53923: 3.70892e-05
53924: 3.70885e-05
53925: 3.70879e-05
53926: 3.70872e-05
53927: 3.70865e-05
53928: 3.70858e-05
53929: 3.70851e-05
53930: 3.70844e-05
53931: 3.70837e-05
53932: 3.7083e-05
53933: 3.70824e-05
53934: 3.70817e-05
53935: 3.7081e-05
53936: 3.70803e-05
53937: 3.70796e-05
53938: 3.70789e-05
53939: 3.70782e-05
53940: 3.70775e-05
53941: 3.70769e-05
53942: 3.70762e-05
53943: 3.70755e-05
53944: 3.70748e-05
53945: 3.70741e-05
53946: 3.70734e-05
53947: 3.70727e-05
53948: 3.7072e-05
53949: 3.70714e-05
53950: 3.70707e-05
53951: 3.707e-05
53952: 3.70693e-05
53953: 3.70686e-05
53954: 3.70679e-05
53955: 3.70672e-05
53956: 3.70666e-05
53957: 3.70659e-05
53958: 3.70652e-05
53959: 3.70645e-05
53960: 3.70638e-05
53961: 3.70631e-05
53962: 3.70624e-05
53963: 3.70617e-05
53964: 3.70611e-05
53965: 3.70604e-05
53966: 3.70597e-05
53967: 3.7059e-05
53968: 3.70583e-05
53969: 3.70576e-05
53970: 3.70569e-05
53971: 3.70563e-05
53972: 3.70556e-05
53973: 3.70549e-05
53974: 3.70542e-05
53975: 3.70535e-05
53976: 3.70528e-05
53977: 3.70521e-05
53978: 3.70514e-05
53979: 3.70508e-05
53980: 3.70501e-05
53981: 3.70494e-05
53982: 3.70487e-05
53983: 3.7048e-05
53984: 3.70473e-05
53985: 3.70466e-05
53986: 3.7046e-05
53987: 3.70453e-05
53988: 3.70446e-05
53989: 3.70439e-05
53990: 3.70432e-05
53991: 3.70425e-05
53992: 3.70418e-05
53993: 3.70412e-05
53994: 3.70405e-05
53995: 3.70398e-05
53996: 3.70391e-05
53997: 3.70384e-05
53998: 3.70377e-05
53999: 3.7037e-05
54000: 3.70364e-05
54001: 3.70357e-05
54002: 3.7035e-05
54003: 3.70343e-05
54004: 3.70336e-05
54005: 3.70329e-05
54006: 3.70322e-05
54007: 3.70316e-05
54008: 3.70309e-05
54009: 3.70302e-05
54010: 3.70295e-05
54011: 3.70288e-05
54012: 3.70281e-05
54013: 3.70274e-05
54014: 3.70268e-05
54015: 3.70261e-05
54016: 3.70254e-05
54017: 3.70247e-05
54018: 3.7024e-05
54019: 3.70233e-05
54020: 3.70226e-05
54021: 3.7022e-05
54022: 3.70213e-05
54023: 3.70206e-05
54024: 3.70199e-05
54025: 3.70192e-05
54026: 3.70185e-05
54027: 3.70178e-05
54028: 3.70172e-05
54029: 3.70165e-05
54030: 3.70158e-05
54031: 3.70151e-05
54032: 3.70144e-05
54033: 3.70137e-05
54034: 3.7013e-05
54035: 3.70124e-05
54036: 3.70117e-05
54037: 3.7011e-05
54038: 3.70103e-05
54039: 3.70096e-05
54040: 3.70089e-05
54041: 3.70083e-05
54042: 3.70076e-05
54043: 3.70069e-05
54044: 3.70062e-05
54045: 3.70055e-05
54046: 3.70048e-05
54047: 3.70041e-05
54048: 3.70035e-05
54049: 3.70028e-05
54050: 3.70021e-05
54051: 3.70014e-05
54052: 3.70007e-05
54053: 3.7e-05
54054: 3.69994e-05
54055: 3.69987e-05
54056: 3.6998e-05
54057: 3.69973e-05
54058: 3.69966e-05
54059: 3.69959e-05
54060: 3.69952e-05
54061: 3.69946e-05
54062: 3.69939e-05
54063: 3.69932e-05
54064: 3.69925e-05
54065: 3.69918e-05
54066: 3.69911e-05
54067: 3.69905e-05
54068: 3.69898e-05
54069: 3.69891e-05
54070: 3.69884e-05
54071: 3.69877e-05
54072: 3.6987e-05
54073: 3.69864e-05
54074: 3.69857e-05
54075: 3.6985e-05
54076: 3.69843e-05
54077: 3.69836e-05
54078: 3.69829e-05
54079: 3.69822e-05
54080: 3.69816e-05
54081: 3.69809e-05
54082: 3.69802e-05
54083: 3.69795e-05
54084: 3.69788e-05
54085: 3.69781e-05
54086: 3.69775e-05
54087: 3.69768e-05
54088: 3.69761e-05
54089: 3.69754e-05
54090: 3.69747e-05
54091: 3.6974e-05
54092: 3.69734e-05
54093: 3.69727e-05
54094: 3.6972e-05
54095: 3.69713e-05
54096: 3.69706e-05
54097: 3.69699e-05
54098: 3.69693e-05
54099: 3.69686e-05
54100: 3.69679e-05
54101: 3.69672e-05
54102: 3.69665e-05
54103: 3.69658e-05
54104: 3.69652e-05
54105: 3.69645e-05
54106: 3.69638e-05
54107: 3.69631e-05
54108: 3.69624e-05
54109: 3.69617e-05
54110: 3.69611e-05
54111: 3.69604e-05
54112: 3.69597e-05
54113: 3.6959e-05
54114: 3.69583e-05
54115: 3.69576e-05
54116: 3.6957e-05
54117: 3.69563e-05
54118: 3.69556e-05
54119: 3.69549e-05
54120: 3.69542e-05
54121: 3.69535e-05
54122: 3.69529e-05
54123: 3.69522e-05
54124: 3.69515e-05
54125: 3.69508e-05
54126: 3.69501e-05
54127: 3.69495e-05
54128: 3.69488e-05
54129: 3.69481e-05
54130: 3.69474e-05
54131: 3.69467e-05
54132: 3.6946e-05
54133: 3.69454e-05
54134: 3.69447e-05
54135: 3.6944e-05
54136: 3.69433e-05
54137: 3.69426e-05
54138: 3.69419e-05
54139: 3.69413e-05
54140: 3.69406e-05
54141: 3.69399e-05
54142: 3.69392e-05
54143: 3.69385e-05
54144: 3.69379e-05
54145: 3.69372e-05
54146: 3.69365e-05
54147: 3.69358e-05
54148: 3.69351e-05
54149: 3.69344e-05
54150: 3.69338e-05
54151: 3.69331e-05
54152: 3.69324e-05
54153: 3.69317e-05
54154: 3.6931e-05
54155: 3.69303e-05
54156: 3.69297e-05
54157: 3.6929e-05
54158: 3.69283e-05
54159: 3.69276e-05
54160: 3.69269e-05
54161: 3.69263e-05
54162: 3.69256e-05
54163: 3.69249e-05
54164: 3.69242e-05
54165: 3.69235e-05
54166: 3.69228e-05
54167: 3.69222e-05
54168: 3.69215e-05
54169: 3.69208e-05
54170: 3.69201e-05
54171: 3.69194e-05
54172: 3.69188e-05
54173: 3.69181e-05
54174: 3.69174e-05
54175: 3.69167e-05
54176: 3.6916e-05
54177: 3.69154e-05
54178: 3.69147e-05
54179: 3.6914e-05
54180: 3.69133e-05
54181: 3.69126e-05
54182: 3.69119e-05
54183: 3.69113e-05
54184: 3.69106e-05
54185: 3.69099e-05
54186: 3.69092e-05
54187: 3.69085e-05
54188: 3.69079e-05
54189: 3.69072e-05
54190: 3.69065e-05
54191: 3.69058e-05
54192: 3.69051e-05
54193: 3.69045e-05
54194: 3.69038e-05
54195: 3.69031e-05
54196: 3.69024e-05
54197: 3.69017e-05
54198: 3.6901e-05
54199: 3.69004e-05
54200: 3.68997e-05
54201: 3.6899e-05
54202: 3.68983e-05
54203: 3.68976e-05
54204: 3.6897e-05
54205: 3.68963e-05
54206: 3.68956e-05
54207: 3.68949e-05
54208: 3.68942e-05
54209: 3.68936e-05
54210: 3.68929e-05
54211: 3.68922e-05
54212: 3.68915e-05
54213: 3.68908e-05
54214: 3.68902e-05
54215: 3.68895e-05
54216: 3.68888e-05
54217: 3.68881e-05
54218: 3.68874e-05
54219: 3.68868e-05
54220: 3.68861e-05
54221: 3.68854e-05
54222: 3.68847e-05
54223: 3.6884e-05
54224: 3.68834e-05
54225: 3.68827e-05
54226: 3.6882e-05
54227: 3.68813e-05
54228: 3.68806e-05
54229: 3.688e-05
54230: 3.68793e-05
54231: 3.68786e-05
54232: 3.68779e-05
54233: 3.68772e-05
54234: 3.68766e-05
54235: 3.68759e-05
54236: 3.68752e-05
54237: 3.68745e-05
54238: 3.68738e-05
54239: 3.68732e-05
54240: 3.68725e-05
54241: 3.68718e-05
54242: 3.68711e-05
54243: 3.68704e-05
54244: 3.68698e-05
54245: 3.68691e-05
54246: 3.68684e-05
54247: 3.68677e-05
54248: 3.6867e-05
54249: 3.68664e-05
54250: 3.68657e-05
54251: 3.6865e-05
54252: 3.68643e-05
54253: 3.68636e-05
54254: 3.6863e-05
54255: 3.68623e-05
54256: 3.68616e-05
54257: 3.68609e-05
54258: 3.68602e-05
54259: 3.68596e-05
54260: 3.68589e-05
54261: 3.68582e-05
54262: 3.68575e-05
54263: 3.68568e-05
54264: 3.68562e-05
54265: 3.68555e-05
54266: 3.68548e-05
54267: 3.68541e-05
54268: 3.68535e-05
54269: 3.68528e-05
54270: 3.68521e-05
54271: 3.68514e-05
54272: 3.68507e-05
54273: 3.68501e-05
54274: 3.68494e-05
54275: 3.68487e-05
54276: 3.6848e-05
54277: 3.68473e-05
54278: 3.68467e-05
54279: 3.6846e-05
54280: 3.68453e-05
54281: 3.68446e-05
54282: 3.68439e-05
54283: 3.68433e-05
54284: 3.68426e-05
54285: 3.68419e-05
54286: 3.68412e-05
54287: 3.68406e-05
54288: 3.68399e-05
54289: 3.68392e-05
54290: 3.68385e-05
54291: 3.68378e-05
54292: 3.68372e-05
54293: 3.68365e-05
54294: 3.68358e-05
54295: 3.68351e-05
54296: 3.68344e-05
54297: 3.68338e-05
54298: 3.68331e-05
54299: 3.68324e-05
54300: 3.68317e-05
54301: 3.68311e-05
54302: 3.68304e-05
54303: 3.68297e-05
54304: 3.6829e-05
54305: 3.68283e-05
54306: 3.68277e-05
54307: 3.6827e-05
54308: 3.68263e-05
54309: 3.68256e-05
54310: 3.6825e-05
54311: 3.68243e-05
54312: 3.68236e-05
54313: 3.68229e-05
54314: 3.68222e-05
54315: 3.68216e-05
54316: 3.68209e-05
54317: 3.68202e-05
54318: 3.68195e-05
54319: 3.68189e-05
54320: 3.68182e-05
54321: 3.68175e-05
54322: 3.68168e-05
54323: 3.68161e-05
54324: 3.68155e-05
54325: 3.68148e-05
54326: 3.68141e-05
54327: 3.68134e-05
54328: 3.68128e-05
54329: 3.68121e-05
54330: 3.68114e-05
54331: 3.68107e-05
54332: 3.681e-05
54333: 3.68094e-05
54334: 3.68087e-05
54335: 3.6808e-05
54336: 3.68073e-05
54337: 3.68067e-05
54338: 3.6806e-05
54339: 3.68053e-05
54340: 3.68046e-05
54341: 3.68039e-05
54342: 3.68033e-05
54343: 3.68026e-05
54344: 3.68019e-05
54345: 3.68012e-05
54346: 3.68006e-05
54347: 3.67999e-05
54348: 3.67992e-05
54349: 3.67985e-05
54350: 3.67979e-05
54351: 3.67972e-05
54352: 3.67965e-05
54353: 3.67958e-05
54354: 3.67951e-05
54355: 3.67945e-05
54356: 3.67938e-05
54357: 3.67931e-05
54358: 3.67924e-05
54359: 3.67918e-05
54360: 3.67911e-05
54361: 3.67904e-05
54362: 3.67897e-05
54363: 3.67891e-05
54364: 3.67884e-05
54365: 3.67877e-05
54366: 3.6787e-05
54367: 3.67863e-05
54368: 3.67857e-05
54369: 3.6785e-05
54370: 3.67843e-05
54371: 3.67836e-05
54372: 3.6783e-05
54373: 3.67823e-05
54374: 3.67816e-05
54375: 3.67809e-05
54376: 3.67803e-05
54377: 3.67796e-05
54378: 3.67789e-05
54379: 3.67782e-05
54380: 3.67776e-05
54381: 3.67769e-05
54382: 3.67762e-05
54383: 3.67755e-05
54384: 3.67748e-05
54385: 3.67742e-05
54386: 3.67735e-05
54387: 3.67728e-05
54388: 3.67721e-05
54389: 3.67715e-05
54390: 3.67708e-05
54391: 3.67701e-05
54392: 3.67694e-05
54393: 3.67688e-05
54394: 3.67681e-05
54395: 3.67674e-05
54396: 3.67667e-05
54397: 3.67661e-05
54398: 3.67654e-05
54399: 3.67647e-05
54400: 3.6764e-05
54401: 3.67634e-05
54402: 3.67627e-05
54403: 3.6762e-05
54404: 3.67613e-05
54405: 3.67607e-05
54406: 3.676e-05
54407: 3.67593e-05
54408: 3.67586e-05
54409: 3.67579e-05
54410: 3.67573e-05
54411: 3.67566e-05
54412: 3.67559e-05
54413: 3.67552e-05
54414: 3.67546e-05
54415: 3.67539e-05
54416: 3.67532e-05
54417: 3.67525e-05
54418: 3.67519e-05
54419: 3.67512e-05
54420: 3.67505e-05
54421: 3.67498e-05
54422: 3.67492e-05
54423: 3.67485e-05
54424: 3.67478e-05
54425: 3.67471e-05
54426: 3.67465e-05
54427: 3.67458e-05
54428: 3.67451e-05
54429: 3.67444e-05
54430: 3.67438e-05
54431: 3.67431e-05
54432: 3.67424e-05
54433: 3.67417e-05
54434: 3.67411e-05
54435: 3.67404e-05
54436: 3.67397e-05
54437: 3.6739e-05
54438: 3.67384e-05
54439: 3.67377e-05
54440: 3.6737e-05
54441: 3.67363e-05
54442: 3.67357e-05
54443: 3.6735e-05
54444: 3.67343e-05
54445: 3.67336e-05
54446: 3.6733e-05
54447: 3.67323e-05
54448: 3.67316e-05
54449: 3.67309e-05
54450: 3.67303e-05
54451: 3.67296e-05
54452: 3.67289e-05
54453: 3.67282e-05
54454: 3.67276e-05
54455: 3.67269e-05
54456: 3.67262e-05
54457: 3.67255e-05
54458: 3.67249e-05
54459: 3.67242e-05
54460: 3.67235e-05
54461: 3.67229e-05
54462: 3.67222e-05
54463: 3.67215e-05
54464: 3.67208e-05
54465: 3.67202e-05
54466: 3.67195e-05
54467: 3.67188e-05
54468: 3.67181e-05
54469: 3.67175e-05
54470: 3.67168e-05
54471: 3.67161e-05
54472: 3.67154e-05
54473: 3.67148e-05
54474: 3.67141e-05
54475: 3.67134e-05
54476: 3.67127e-05
54477: 3.67121e-05
54478: 3.67114e-05
54479: 3.67107e-05
54480: 3.671e-05
54481: 3.67094e-05
54482: 3.67087e-05
54483: 3.6708e-05
54484: 3.67074e-05
54485: 3.67067e-05
54486: 3.6706e-05
54487: 3.67053e-05
54488: 3.67047e-05
54489: 3.6704e-05
54490: 3.67033e-05
54491: 3.67026e-05
54492: 3.6702e-05
54493: 3.67013e-05
54494: 3.67006e-05
54495: 3.66999e-05
54496: 3.66993e-05
54497: 3.66986e-05
54498: 3.66979e-05
54499: 3.66972e-05
54500: 3.66966e-05
54501: 3.66959e-05
54502: 3.66952e-05
54503: 3.66946e-05
54504: 3.66939e-05
54505: 3.66932e-05
54506: 3.66925e-05
54507: 3.66919e-05
54508: 3.66912e-05
54509: 3.66905e-05
54510: 3.66898e-05
54511: 3.66892e-05
54512: 3.66885e-05
54513: 3.66878e-05
54514: 3.66872e-05
54515: 3.66865e-05
54516: 3.66858e-05
54517: 3.66851e-05
54518: 3.66845e-05
54519: 3.66838e-05
54520: 3.66831e-05
54521: 3.66824e-05
54522: 3.66818e-05
54523: 3.66811e-05
54524: 3.66804e-05
54525: 3.66797e-05
54526: 3.66791e-05
54527: 3.66784e-05
54528: 3.66777e-05
54529: 3.66771e-05
54530: 3.66764e-05
54531: 3.66757e-05
54532: 3.6675e-05
54533: 3.66744e-05
54534: 3.66737e-05
54535: 3.6673e-05
54536: 3.66724e-05
54537: 3.66717e-05
54538: 3.6671e-05
54539: 3.66703e-05
54540: 3.66697e-05
54541: 3.6669e-05
54542: 3.66683e-05
54543: 3.66676e-05
54544: 3.6667e-05
54545: 3.66663e-05
54546: 3.66656e-05
54547: 3.6665e-05
54548: 3.66643e-05
54549: 3.66636e-05
54550: 3.66629e-05
54551: 3.66623e-05
54552: 3.66616e-05
54553: 3.66609e-05
54554: 3.66603e-05
54555: 3.66596e-05
54556: 3.66589e-05
54557: 3.66582e-05
54558: 3.66576e-05
54559: 3.66569e-05
54560: 3.66562e-05
54561: 3.66555e-05
54562: 3.66549e-05
54563: 3.66542e-05
54564: 3.66535e-05
54565: 3.66529e-05
54566: 3.66522e-05
54567: 3.66515e-05
54568: 3.66508e-05
54569: 3.66502e-05
54570: 3.66495e-05
54571: 3.66488e-05
54572: 3.66482e-05
54573: 3.66475e-05
54574: 3.66468e-05
54575: 3.66461e-05
54576: 3.66455e-05
54577: 3.66448e-05
54578: 3.66441e-05
54579: 3.66435e-05
54580: 3.66428e-05
54581: 3.66421e-05
54582: 3.66414e-05
54583: 3.66408e-05
54584: 3.66401e-05
54585: 3.66394e-05
54586: 3.66388e-05
54587: 3.66381e-05
54588: 3.66374e-05
54589: 3.66367e-05
54590: 3.66361e-05
54591: 3.66354e-05
54592: 3.66347e-05
54593: 3.66341e-05
54594: 3.66334e-05
54595: 3.66327e-05
54596: 3.6632e-05
54597: 3.66314e-05
54598: 3.66307e-05
54599: 3.663e-05
54600: 3.66294e-05
54601: 3.66287e-05
54602: 3.6628e-05
54603: 3.66274e-05
54604: 3.66267e-05
54605: 3.6626e-05
54606: 3.66253e-05
54607: 3.66247e-05
54608: 3.6624e-05
54609: 3.66233e-05
54610: 3.66227e-05
54611: 3.6622e-05
54612: 3.66213e-05
54613: 3.66206e-05
54614: 3.662e-05
54615: 3.66193e-05
54616: 3.66186e-05
54617: 3.6618e-05
54618: 3.66173e-05
54619: 3.66166e-05
54620: 3.6616e-05
54621: 3.66153e-05
54622: 3.66146e-05
54623: 3.66139e-05
54624: 3.66133e-05
54625: 3.66126e-05
54626: 3.66119e-05
54627: 3.66113e-05
54628: 3.66106e-05
54629: 3.66099e-05
54630: 3.66093e-05
54631: 3.66086e-05
54632: 3.66079e-05
54633: 3.66072e-05
54634: 3.66066e-05
54635: 3.66059e-05
54636: 3.66052e-05
54637: 3.66046e-05
54638: 3.66039e-05
54639: 3.66032e-05
54640: 3.66026e-05
54641: 3.66019e-05
54642: 3.66012e-05
54643: 3.66005e-05
54644: 3.65999e-05
54645: 3.65992e-05
54646: 3.65985e-05
54647: 3.65979e-05
54648: 3.65972e-05
54649: 3.65965e-05
54650: 3.65959e-05
54651: 3.65952e-05
54652: 3.65945e-05
54653: 3.65938e-05
54654: 3.65932e-05
54655: 3.65925e-05
54656: 3.65918e-05
54657: 3.65912e-05
54658: 3.65905e-05
54659: 3.65898e-05
54660: 3.65892e-05
54661: 3.65885e-05
54662: 3.65878e-05
54663: 3.65872e-05
54664: 3.65865e-05
54665: 3.65858e-05
54666: 3.65851e-05
54667: 3.65845e-05
54668: 3.65838e-05
54669: 3.65831e-05
54670: 3.65825e-05
54671: 3.65818e-05
54672: 3.65811e-05
54673: 3.65805e-05
54674: 3.65798e-05
54675: 3.65791e-05
54676: 3.65785e-05
54677: 3.65778e-05
54678: 3.65771e-05
54679: 3.65764e-05
54680: 3.65758e-05
54681: 3.65751e-05
54682: 3.65744e-05
54683: 3.65738e-05
54684: 3.65731e-05
54685: 3.65724e-05
54686: 3.65718e-05
54687: 3.65711e-05
54688: 3.65704e-05
54689: 3.65698e-05
54690: 3.65691e-05
54691: 3.65684e-05
54692: 3.65678e-05
54693: 3.65671e-05
54694: 3.65664e-05
54695: 3.65657e-05
54696: 3.65651e-05
54697: 3.65644e-05
54698: 3.65637e-05
54699: 3.65631e-05
54700: 3.65624e-05
54701: 3.65617e-05
54702: 3.65611e-05
54703: 3.65604e-05
54704: 3.65597e-05
54705: 3.65591e-05
54706: 3.65584e-05
54707: 3.65577e-05
54708: 3.65571e-05
54709: 3.65564e-05
54710: 3.65557e-05
54711: 3.65551e-05
54712: 3.65544e-05
54713: 3.65537e-05
54714: 3.6553e-05
54715: 3.65524e-05
54716: 3.65517e-05
54717: 3.6551e-05
54718: 3.65504e-05
54719: 3.65497e-05
54720: 3.6549e-05
54721: 3.65484e-05
54722: 3.65477e-05
54723: 3.6547e-05
54724: 3.65464e-05
54725: 3.65457e-05
54726: 3.6545e-05
54727: 3.65444e-05
54728: 3.65437e-05
54729: 3.6543e-05
54730: 3.65424e-05
54731: 3.65417e-05
54732: 3.6541e-05
54733: 3.65404e-05
54734: 3.65397e-05
54735: 3.6539e-05
54736: 3.65384e-05
54737: 3.65377e-05
54738: 3.6537e-05
54739: 3.65364e-05
54740: 3.65357e-05
54741: 3.6535e-05
54742: 3.65344e-05
54743: 3.65337e-05
54744: 3.6533e-05
54745: 3.65323e-05
54746: 3.65317e-05
54747: 3.6531e-05
54748: 3.65303e-05
54749: 3.65297e-05
54750: 3.6529e-05
54751: 3.65283e-05
54752: 3.65277e-05
54753: 3.6527e-05
54754: 3.65263e-05
54755: 3.65257e-05
54756: 3.6525e-05
54757: 3.65243e-05
54758: 3.65237e-05
54759: 3.6523e-05
54760: 3.65223e-05
54761: 3.65217e-05
54762: 3.6521e-05
54763: 3.65203e-05
54764: 3.65197e-05
54765: 3.6519e-05
54766: 3.65183e-05
54767: 3.65177e-05
54768: 3.6517e-05
54769: 3.65163e-05
54770: 3.65157e-05
54771: 3.6515e-05
54772: 3.65143e-05
54773: 3.65137e-05
54774: 3.6513e-05
54775: 3.65123e-05
54776: 3.65117e-05
54777: 3.6511e-05
54778: 3.65103e-05
54779: 3.65097e-05
54780: 3.6509e-05
54781: 3.65083e-05
54782: 3.65077e-05
54783: 3.6507e-05
54784: 3.65063e-05
54785: 3.65057e-05
54786: 3.6505e-05
54787: 3.65043e-05
54788: 3.65037e-05
54789: 3.6503e-05
54790: 3.65023e-05
54791: 3.65017e-05
54792: 3.6501e-05
54793: 3.65003e-05
54794: 3.64997e-05
54795: 3.6499e-05
54796: 3.64983e-05
54797: 3.64977e-05
54798: 3.6497e-05
54799: 3.64964e-05
54800: 3.64957e-05
54801: 3.6495e-05
54802: 3.64944e-05
54803: 3.64937e-05
54804: 3.6493e-05
54805: 3.64924e-05
54806: 3.64917e-05
54807: 3.6491e-05
54808: 3.64904e-05
54809: 3.64897e-05
54810: 3.6489e-05
54811: 3.64884e-05
54812: 3.64877e-05
54813: 3.6487e-05
54814: 3.64864e-05
54815: 3.64857e-05
54816: 3.6485e-05
54817: 3.64844e-05
54818: 3.64837e-05
54819: 3.6483e-05
54820: 3.64824e-05
54821: 3.64817e-05
54822: 3.6481e-05
54823: 3.64804e-05
54824: 3.64797e-05
54825: 3.6479e-05
54826: 3.64784e-05
54827: 3.64777e-05
54828: 3.6477e-05
54829: 3.64764e-05
54830: 3.64757e-05
54831: 3.64751e-05
54832: 3.64744e-05
54833: 3.64737e-05
54834: 3.64731e-05
54835: 3.64724e-05
54836: 3.64717e-05
54837: 3.64711e-05
54838: 3.64704e-05
54839: 3.64697e-05
54840: 3.64691e-05
54841: 3.64684e-05
54842: 3.64677e-05
54843: 3.64671e-05
54844: 3.64664e-05
54845: 3.64657e-05
54846: 3.64651e-05
54847: 3.64644e-05
54848: 3.64637e-05
54849: 3.64631e-05
54850: 3.64624e-05
54851: 3.64618e-05
54852: 3.64611e-05
54853: 3.64604e-05
54854: 3.64598e-05
54855: 3.64591e-05
54856: 3.64584e-05
54857: 3.64578e-05
54858: 3.64571e-05
54859: 3.64564e-05
54860: 3.64558e-05
54861: 3.64551e-05
54862: 3.64544e-05
54863: 3.64538e-05
54864: 3.64531e-05
54865: 3.64524e-05
54866: 3.64518e-05
54867: 3.64511e-05
54868: 3.64505e-05
54869: 3.64498e-05
54870: 3.64491e-05
54871: 3.64485e-05
54872: 3.64478e-05
54873: 3.64471e-05
54874: 3.64465e-05
54875: 3.64458e-05
54876: 3.64451e-05
54877: 3.64445e-05
54878: 3.64438e-05
54879: 3.64431e-05
54880: 3.64425e-05
54881: 3.64418e-05
54882: 3.64412e-05
54883: 3.64405e-05
54884: 3.64398e-05
54885: 3.64392e-05
54886: 3.64385e-05
54887: 3.64378e-05
54888: 3.64372e-05
54889: 3.64365e-05
54890: 3.64358e-05
54891: 3.64352e-05
54892: 3.64345e-05
54893: 3.64339e-05
54894: 3.64332e-05
54895: 3.64325e-05
54896: 3.64319e-05
54897: 3.64312e-05
54898: 3.64305e-05
54899: 3.64299e-05
54900: 3.64292e-05
54901: 3.64285e-05
54902: 3.64279e-05
54903: 3.64272e-05
54904: 3.64266e-05
54905: 3.64259e-05
54906: 3.64252e-05
54907: 3.64246e-05
54908: 3.64239e-05
54909: 3.64232e-05
54910: 3.64226e-05
54911: 3.64219e-05
54912: 3.64212e-05
54913: 3.64206e-05
54914: 3.64199e-05
54915: 3.64193e-05
54916: 3.64186e-05
54917: 3.64179e-05
54918: 3.64173e-05
54919: 3.64166e-05
54920: 3.64159e-05
54921: 3.64153e-05
54922: 3.64146e-05
54923: 3.6414e-05
54924: 3.64133e-05
54925: 3.64126e-05
54926: 3.6412e-05
54927: 3.64113e-05
54928: 3.64106e-05
54929: 3.641e-05
54930: 3.64093e-05
54931: 3.64087e-05
54932: 3.6408e-05
54933: 3.64073e-05
54934: 3.64067e-05
54935: 3.6406e-05
54936: 3.64053e-05
54937: 3.64047e-05
54938: 3.6404e-05
54939: 3.64033e-05
54940: 3.64027e-05
54941: 3.6402e-05
54942: 3.64014e-05
54943: 3.64007e-05
54944: 3.64e-05
54945: 3.63994e-05
54946: 3.63987e-05
54947: 3.6398e-05
54948: 3.63974e-05
54949: 3.63967e-05
54950: 3.63961e-05
54951: 3.63954e-05
54952: 3.63947e-05
54953: 3.63941e-05
54954: 3.63934e-05
54955: 3.63928e-05
54956: 3.63921e-05
54957: 3.63914e-05
54958: 3.63908e-05
54959: 3.63901e-05
54960: 3.63894e-05
54961: 3.63888e-05
54962: 3.63881e-05
54963: 3.63875e-05
54964: 3.63868e-05
54965: 3.63861e-05
54966: 3.63855e-05
54967: 3.63848e-05
54968: 3.63841e-05
54969: 3.63835e-05
54970: 3.63828e-05
54971: 3.63822e-05
54972: 3.63815e-05
54973: 3.63808e-05
54974: 3.63802e-05
54975: 3.63795e-05
54976: 3.63788e-05
54977: 3.63782e-05
54978: 3.63775e-05
54979: 3.63769e-05
54980: 3.63762e-05
54981: 3.63755e-05
54982: 3.63749e-05
54983: 3.63742e-05
54984: 3.63736e-05
54985: 3.63729e-05
54986: 3.63722e-05
54987: 3.63716e-05
54988: 3.63709e-05
54989: 3.63702e-05
54990: 3.63696e-05
54991: 3.63689e-05
54992: 3.63683e-05
54993: 3.63676e-05
54994: 3.63669e-05
54995: 3.63663e-05
54996: 3.63656e-05
54997: 3.6365e-05
54998: 3.63643e-05
54999: 3.63636e-05
55000: 3.6363e-05
55001: 3.63623e-05
55002: 3.63617e-05
55003: 3.6361e-05
55004: 3.63603e-05
55005: 3.63597e-05
55006: 3.6359e-05
55007: 3.63583e-05
55008: 3.63577e-05
55009: 3.6357e-05
55010: 3.63564e-05
55011: 3.63557e-05
55012: 3.6355e-05
55013: 3.63544e-05
55014: 3.63537e-05
55015: 3.63531e-05
55016: 3.63524e-05
55017: 3.63517e-05
55018: 3.63511e-05
55019: 3.63504e-05
55020: 3.63498e-05
55021: 3.63491e-05
55022: 3.63484e-05
55023: 3.63478e-05
55024: 3.63471e-05
55025: 3.63465e-05
55026: 3.63458e-05
55027: 3.63451e-05
55028: 3.63445e-05
55029: 3.63438e-05
55030: 3.63432e-05
55031: 3.63425e-05
55032: 3.63418e-05
55033: 3.63412e-05
55034: 3.63405e-05
55035: 3.63399e-05
55036: 3.63392e-05
55037: 3.63385e-05
55038: 3.63379e-05
55039: 3.63372e-05
55040: 3.63365e-05
55041: 3.63359e-05
55042: 3.63352e-05
55043: 3.63346e-05
55044: 3.63339e-05
55045: 3.63332e-05
55046: 3.63326e-05
55047: 3.63319e-05
55048: 3.63313e-05
55049: 3.63306e-05
55050: 3.63299e-05
55051: 3.63293e-05
55052: 3.63286e-05
55053: 3.6328e-05
55054: 3.63273e-05
55055: 3.63266e-05
55056: 3.6326e-05
55057: 3.63253e-05
55058: 3.63247e-05
55059: 3.6324e-05
55060: 3.63234e-05
55061: 3.63227e-05
55062: 3.6322e-05
55063: 3.63214e-05
55064: 3.63207e-05
55065: 3.63201e-05
55066: 3.63194e-05
55067: 3.63187e-05
55068: 3.63181e-05
55069: 3.63174e-05
55070: 3.63168e-05
55071: 3.63161e-05
55072: 3.63154e-05
55073: 3.63148e-05
55074: 3.63141e-05
55075: 3.63135e-05
55076: 3.63128e-05
55077: 3.63121e-05
55078: 3.63115e-05
55079: 3.63108e-05
55080: 3.63102e-05
55081: 3.63095e-05
55082: 3.63088e-05
55083: 3.63082e-05
55084: 3.63075e-05
55085: 3.63069e-05
55086: 3.63062e-05
55087: 3.63055e-05
55088: 3.63049e-05
55089: 3.63042e-05
55090: 3.63036e-05
55091: 3.63029e-05
55092: 3.63023e-05
55093: 3.63016e-05
55094: 3.63009e-05
55095: 3.63003e-05
55096: 3.62996e-05
55097: 3.6299e-05
55098: 3.62983e-05
55099: 3.62976e-05
55100: 3.6297e-05
55101: 3.62963e-05
55102: 3.62957e-05
55103: 3.6295e-05
55104: 3.62943e-05
55105: 3.62937e-05
55106: 3.6293e-05
55107: 3.62924e-05
55108: 3.62917e-05
55109: 3.62911e-05
55110: 3.62904e-05
55111: 3.62897e-05
55112: 3.62891e-05
55113: 3.62884e-05
55114: 3.62878e-05
55115: 3.62871e-05
55116: 3.62864e-05
55117: 3.62858e-05
55118: 3.62851e-05
55119: 3.62845e-05
55120: 3.62838e-05
55121: 3.62832e-05
55122: 3.62825e-05
55123: 3.62818e-05
55124: 3.62812e-05
55125: 3.62805e-05
55126: 3.62799e-05
55127: 3.62792e-05
55128: 3.62785e-05
55129: 3.62779e-05
55130: 3.62772e-05
55131: 3.62766e-05
55132: 3.62759e-05
55133: 3.62753e-05
55134: 3.62746e-05
55135: 3.62739e-05
55136: 3.62733e-05
55137: 3.62726e-05
55138: 3.6272e-05
55139: 3.62713e-05
55140: 3.62707e-05
55141: 3.627e-05
55142: 3.62693e-05
55143: 3.62687e-05
55144: 3.6268e-05
55145: 3.62674e-05
55146: 3.62667e-05
55147: 3.6266e-05
55148: 3.62654e-05
55149: 3.62647e-05
55150: 3.62641e-05
55151: 3.62634e-05
55152: 3.62628e-05
55153: 3.62621e-05
55154: 3.62614e-05
55155: 3.62608e-05
55156: 3.62601e-05
55157: 3.62595e-05
55158: 3.62588e-05
55159: 3.62582e-05
55160: 3.62575e-05
55161: 3.62568e-05
55162: 3.62562e-05
55163: 3.62555e-05
55164: 3.62549e-05
55165: 3.62542e-05
55166: 3.62536e-05
55167: 3.62529e-05
55168: 3.62522e-05
55169: 3.62516e-05
55170: 3.62509e-05
55171: 3.62503e-05
55172: 3.62496e-05
55173: 3.6249e-05
55174: 3.62483e-05
55175: 3.62476e-05
55176: 3.6247e-05
55177: 3.62463e-05
55178: 3.62457e-05
55179: 3.6245e-05
55180: 3.62444e-05
55181: 3.62437e-05
55182: 3.6243e-05
55183: 3.62424e-05
55184: 3.62417e-05
55185: 3.62411e-05
55186: 3.62404e-05
55187: 3.62398e-05
55188: 3.62391e-05
55189: 3.62384e-05
55190: 3.62378e-05
55191: 3.62371e-05
55192: 3.62365e-05
55193: 3.62358e-05
55194: 3.62352e-05
55195: 3.62345e-05
55196: 3.62339e-05
55197: 3.62332e-05
55198: 3.62325e-05
55199: 3.62319e-05
55200: 3.62312e-05
55201: 3.62306e-05
55202: 3.62299e-05
55203: 3.62293e-05
55204: 3.62286e-05
55205: 3.62279e-05
55206: 3.62273e-05
55207: 3.62266e-05
55208: 3.6226e-05
55209: 3.62253e-05
55210: 3.62247e-05
55211: 3.6224e-05
55212: 3.62234e-05
55213: 3.62227e-05
55214: 3.6222e-05
55215: 3.62214e-05
55216: 3.62207e-05
55217: 3.62201e-05
55218: 3.62194e-05
55219: 3.62188e-05
55220: 3.62181e-05
55221: 3.62174e-05
55222: 3.62168e-05
55223: 3.62161e-05
55224: 3.62155e-05
55225: 3.62148e-05
55226: 3.62142e-05
55227: 3.62135e-05
55228: 3.62129e-05
55229: 3.62122e-05
55230: 3.62115e-05
55231: 3.62109e-05
55232: 3.62102e-05
55233: 3.62096e-05
55234: 3.62089e-05
55235: 3.62083e-05
55236: 3.62076e-05
55237: 3.6207e-05
55238: 3.62063e-05
55239: 3.62056e-05
55240: 3.6205e-05
55241: 3.62043e-05
55242: 3.62037e-05
55243: 3.6203e-05
55244: 3.62024e-05
55245: 3.62017e-05
55246: 3.62011e-05
55247: 3.62004e-05
55248: 3.61998e-05
55249: 3.61991e-05
55250: 3.61984e-05
55251: 3.61978e-05
55252: 3.61971e-05
55253: 3.61965e-05
55254: 3.61958e-05
55255: 3.61952e-05
55256: 3.61945e-05
55257: 3.61939e-05
55258: 3.61932e-05
55259: 3.61925e-05
55260: 3.61919e-05
55261: 3.61912e-05
55262: 3.61906e-05
55263: 3.61899e-05
55264: 3.61893e-05
55265: 3.61886e-05
55266: 3.6188e-05
55267: 3.61873e-05
55268: 3.61867e-05
55269: 3.6186e-05
55270: 3.61853e-05
55271: 3.61847e-05
55272: 3.6184e-05
55273: 3.61834e-05
55274: 3.61827e-05
55275: 3.61821e-05
55276: 3.61814e-05
55277: 3.61808e-05
55278: 3.61801e-05
55279: 3.61795e-05
55280: 3.61788e-05
55281: 3.61781e-05
55282: 3.61775e-05
55283: 3.61768e-05
55284: 3.61762e-05
55285: 3.61755e-05
55286: 3.61749e-05
55287: 3.61742e-05
55288: 3.61736e-05
55289: 3.61729e-05
55290: 3.61723e-05
55291: 3.61716e-05
55292: 3.61709e-05
55293: 3.61703e-05
55294: 3.61696e-05
55295: 3.6169e-05
55296: 3.61683e-05
55297: 3.61677e-05
55298: 3.6167e-05
55299: 3.61664e-05
55300: 3.61657e-05
55301: 3.61651e-05
55302: 3.61644e-05
55303: 3.61637e-05
55304: 3.61631e-05
55305: 3.61624e-05
55306: 3.61618e-05
55307: 3.61611e-05
55308: 3.61605e-05
55309: 3.61598e-05
55310: 3.61592e-05
55311: 3.61585e-05
55312: 3.61579e-05
55313: 3.61572e-05
55314: 3.61566e-05
55315: 3.61559e-05
55316: 3.61553e-05
55317: 3.61546e-05
55318: 3.61539e-05
55319: 3.61533e-05
55320: 3.61526e-05
55321: 3.6152e-05
55322: 3.61513e-05
55323: 3.61507e-05
55324: 3.615e-05
55325: 3.61494e-05
55326: 3.61487e-05
55327: 3.61481e-05
55328: 3.61474e-05
55329: 3.61468e-05
55330: 3.61461e-05
55331: 3.61454e-05
55332: 3.61448e-05
55333: 3.61441e-05
55334: 3.61435e-05
55335: 3.61428e-05
55336: 3.61422e-05
55337: 3.61415e-05
55338: 3.61409e-05
55339: 3.61402e-05
55340: 3.61396e-05
55341: 3.61389e-05
55342: 3.61383e-05
55343: 3.61376e-05
55344: 3.6137e-05
55345: 3.61363e-05
55346: 3.61357e-05
55347: 3.6135e-05
55348: 3.61343e-05
55349: 3.61337e-05
55350: 3.6133e-05
55351: 3.61324e-05
55352: 3.61317e-05
55353: 3.61311e-05
55354: 3.61304e-05
55355: 3.61298e-05
55356: 3.61291e-05
55357: 3.61285e-05
55358: 3.61278e-05
55359: 3.61272e-05
55360: 3.61265e-05
55361: 3.61259e-05
55362: 3.61252e-05
55363: 3.61246e-05
55364: 3.61239e-05
55365: 3.61233e-05
55366: 3.61226e-05
55367: 3.61219e-05
55368: 3.61213e-05
55369: 3.61206e-05
55370: 3.612e-05
55371: 3.61193e-05
55372: 3.61187e-05
55373: 3.6118e-05
55374: 3.61174e-05
55375: 3.61167e-05
55376: 3.61161e-05
55377: 3.61154e-05
55378: 3.61148e-05
55379: 3.61141e-05
55380: 3.61135e-05
55381: 3.61128e-05
55382: 3.61122e-05
55383: 3.61115e-05
55384: 3.61109e-05
55385: 3.61102e-05
55386: 3.61096e-05
55387: 3.61089e-05
55388: 3.61083e-05
55389: 3.61076e-05
55390: 3.61069e-05
55391: 3.61063e-05
55392: 3.61056e-05
55393: 3.6105e-05
55394: 3.61043e-05
55395: 3.61037e-05
55396: 3.6103e-05
55397: 3.61024e-05
55398: 3.61017e-05
55399: 3.61011e-05
55400: 3.61004e-05
55401: 3.60998e-05
55402: 3.60991e-05
55403: 3.60985e-05
55404: 3.60978e-05
55405: 3.60972e-05
55406: 3.60965e-05
55407: 3.60959e-05
55408: 3.60952e-05
55409: 3.60946e-05
55410: 3.60939e-05
55411: 3.60933e-05
55412: 3.60926e-05
55413: 3.6092e-05
55414: 3.60913e-05
55415: 3.60907e-05
55416: 3.609e-05
55417: 3.60894e-05
55418: 3.60887e-05
55419: 3.60881e-05
55420: 3.60874e-05
55421: 3.60868e-05
55422: 3.60861e-05
55423: 3.60855e-05
55424: 3.60848e-05
55425: 3.60841e-05
55426: 3.60835e-05
55427: 3.60828e-05
55428: 3.60822e-05
55429: 3.60815e-05
55430: 3.60809e-05
55431: 3.60802e-05
55432: 3.60796e-05
55433: 3.60789e-05
55434: 3.60783e-05
55435: 3.60776e-05
55436: 3.6077e-05
55437: 3.60763e-05
55438: 3.60757e-05
55439: 3.6075e-05
55440: 3.60744e-05
55441: 3.60737e-05
55442: 3.60731e-05
55443: 3.60724e-05
55444: 3.60718e-05
55445: 3.60711e-05
55446: 3.60705e-05
55447: 3.60698e-05
55448: 3.60692e-05
55449: 3.60685e-05
55450: 3.60679e-05
55451: 3.60672e-05
55452: 3.60666e-05
55453: 3.60659e-05
55454: 3.60653e-05
55455: 3.60646e-05
55456: 3.6064e-05
55457: 3.60633e-05
55458: 3.60627e-05
55459: 3.6062e-05
55460: 3.60614e-05
55461: 3.60607e-05
55462: 3.60601e-05
55463: 3.60594e-05
55464: 3.60588e-05
55465: 3.60581e-05
55466: 3.60575e-05
55467: 3.60568e-05
55468: 3.60562e-05
55469: 3.60555e-05
55470: 3.60549e-05
55471: 3.60542e-05
55472: 3.60536e-05
55473: 3.60529e-05
55474: 3.60523e-05
55475: 3.60516e-05
55476: 3.6051e-05
55477: 3.60503e-05
55478: 3.60497e-05
55479: 3.6049e-05
55480: 3.60484e-05
55481: 3.60477e-05
55482: 3.60471e-05
55483: 3.60464e-05
55484: 3.60458e-05
55485: 3.60451e-05
55486: 3.60445e-05
55487: 3.60438e-05
55488: 3.60432e-05
55489: 3.60425e-05
55490: 3.60419e-05
55491: 3.60412e-05
55492: 3.60406e-05
55493: 3.60399e-05
55494: 3.60393e-05
55495: 3.60386e-05
55496: 3.6038e-05
55497: 3.60373e-05
55498: 3.60367e-05
55499: 3.6036e-05
55500: 3.60354e-05
55501: 3.60347e-05
55502: 3.60341e-05
55503: 3.60334e-05
55504: 3.60328e-05
55505: 3.60321e-05
55506: 3.60315e-05
55507: 3.60308e-05
55508: 3.60302e-05
55509: 3.60295e-05
55510: 3.60289e-05
55511: 3.60282e-05
55512: 3.60276e-05
55513: 3.60269e-05
55514: 3.60263e-05
55515: 3.60257e-05
55516: 3.6025e-05
55517: 3.60244e-05
55518: 3.60237e-05
55519: 3.60231e-05
55520: 3.60224e-05
55521: 3.60218e-05
55522: 3.60211e-05
55523: 3.60205e-05
55524: 3.60198e-05
55525: 3.60192e-05
55526: 3.60185e-05
55527: 3.60179e-05
55528: 3.60172e-05
55529: 3.60166e-05
55530: 3.60159e-05
55531: 3.60153e-05
55532: 3.60146e-05
55533: 3.6014e-05
55534: 3.60133e-05
55535: 3.60127e-05
55536: 3.6012e-05
55537: 3.60114e-05
55538: 3.60107e-05
55539: 3.60101e-05
55540: 3.60094e-05
55541: 3.60088e-05
55542: 3.60081e-05
55543: 3.60075e-05
55544: 3.60068e-05
55545: 3.60062e-05
55546: 3.60055e-05
55547: 3.60049e-05
55548: 3.60042e-05
55549: 3.60036e-05
55550: 3.6003e-05
55551: 3.60023e-05
55552: 3.60017e-05
55553: 3.6001e-05
55554: 3.60004e-05
55555: 3.59997e-05
55556: 3.59991e-05
55557: 3.59984e-05
55558: 3.59978e-05
55559: 3.59971e-05
55560: 3.59965e-05
55561: 3.59958e-05
55562: 3.59952e-05
55563: 3.59945e-05
55564: 3.59939e-05
55565: 3.59932e-05
55566: 3.59926e-05
55567: 3.59919e-05
55568: 3.59913e-05
55569: 3.59906e-05
55570: 3.599e-05
55571: 3.59893e-05
55572: 3.59887e-05
55573: 3.59881e-05
55574: 3.59874e-05
55575: 3.59868e-05
55576: 3.59861e-05
55577: 3.59855e-05
55578: 3.59848e-05
55579: 3.59842e-05
55580: 3.59835e-05
55581: 3.59829e-05
55582: 3.59822e-05
55583: 3.59816e-05
55584: 3.59809e-05
55585: 3.59803e-05
55586: 3.59796e-05
55587: 3.5979e-05
55588: 3.59783e-05
55589: 3.59777e-05
55590: 3.5977e-05
55591: 3.59764e-05
55592: 3.59758e-05
55593: 3.59751e-05
55594: 3.59745e-05
55595: 3.59738e-05
55596: 3.59732e-05
55597: 3.59725e-05
55598: 3.59719e-05
55599: 3.59712e-05
55600: 3.59706e-05
55601: 3.59699e-05
55602: 3.59693e-05
55603: 3.59686e-05
55604: 3.5968e-05
55605: 3.59673e-05
55606: 3.59667e-05
55607: 3.5966e-05
55608: 3.59654e-05
55609: 3.59648e-05
55610: 3.59641e-05
55611: 3.59635e-05
55612: 3.59628e-05
55613: 3.59622e-05
55614: 3.59615e-05
55615: 3.59609e-05
55616: 3.59602e-05
55617: 3.59596e-05
55618: 3.59589e-05
55619: 3.59583e-05
55620: 3.59576e-05
55621: 3.5957e-05
55622: 3.59563e-05
55623: 3.59557e-05
55624: 3.59551e-05
55625: 3.59544e-05
55626: 3.59538e-05
55627: 3.59531e-05
55628: 3.59525e-05
55629: 3.59518e-05
55630: 3.59512e-05
55631: 3.59505e-05
55632: 3.59499e-05
55633: 3.59492e-05
55634: 3.59486e-05
55635: 3.59479e-05
55636: 3.59473e-05
55637: 3.59467e-05
55638: 3.5946e-05
55639: 3.59454e-05
55640: 3.59447e-05
55641: 3.59441e-05
55642: 3.59434e-05
55643: 3.59428e-05
55644: 3.59421e-05
55645: 3.59415e-05
55646: 3.59408e-05
55647: 3.59402e-05
55648: 3.59395e-05
55649: 3.59389e-05
55650: 3.59383e-05
55651: 3.59376e-05
55652: 3.5937e-05
55653: 3.59363e-05
55654: 3.59357e-05
55655: 3.5935e-05
55656: 3.59344e-05
55657: 3.59337e-05
55658: 3.59331e-05
55659: 3.59324e-05
55660: 3.59318e-05
55661: 3.59312e-05
55662: 3.59305e-05
55663: 3.59299e-05
55664: 3.59292e-05
55665: 3.59286e-05
55666: 3.59279e-05
55667: 3.59273e-05
55668: 3.59266e-05
55669: 3.5926e-05
55670: 3.59253e-05
55671: 3.59247e-05
55672: 3.59241e-05
55673: 3.59234e-05
55674: 3.59228e-05
55675: 3.59221e-05
55676: 3.59215e-05
55677: 3.59208e-05
55678: 3.59202e-05
55679: 3.59195e-05
55680: 3.59189e-05
55681: 3.59183e-05
55682: 3.59176e-05
55683: 3.5917e-05
55684: 3.59163e-05
55685: 3.59157e-05
55686: 3.5915e-05
55687: 3.59144e-05
55688: 3.59137e-05
55689: 3.59131e-05
55690: 3.59124e-05
55691: 3.59118e-05
55692: 3.59112e-05
55693: 3.59105e-05
55694: 3.59099e-05
55695: 3.59092e-05
55696: 3.59086e-05
55697: 3.59079e-05
55698: 3.59073e-05
55699: 3.59066e-05
55700: 3.5906e-05
55701: 3.59054e-05
55702: 3.59047e-05
55703: 3.59041e-05
55704: 3.59034e-05
55705: 3.59028e-05
55706: 3.59021e-05
55707: 3.59015e-05
55708: 3.59008e-05
55709: 3.59002e-05
55710: 3.58996e-05
55711: 3.58989e-05
55712: 3.58983e-05
55713: 3.58976e-05
55714: 3.5897e-05
55715: 3.58963e-05
55716: 3.58957e-05
55717: 3.5895e-05
55718: 3.58944e-05
55719: 3.58938e-05
55720: 3.58931e-05
55721: 3.58925e-05
55722: 3.58918e-05
55723: 3.58912e-05
55724: 3.58905e-05
55725: 3.58899e-05
55726: 3.58892e-05
55727: 3.58886e-05
55728: 3.5888e-05
55729: 3.58873e-05
55730: 3.58867e-05
55731: 3.5886e-05
55732: 3.58854e-05
55733: 3.58847e-05
55734: 3.58841e-05
55735: 3.58835e-05
55736: 3.58828e-05
55737: 3.58822e-05
55738: 3.58815e-05
55739: 3.58809e-05
55740: 3.58802e-05
55741: 3.58796e-05
55742: 3.58789e-05
55743: 3.58783e-05
55744: 3.58777e-05
55745: 3.5877e-05
55746: 3.58764e-05
55747: 3.58757e-05
55748: 3.58751e-05
55749: 3.58744e-05
55750: 3.58738e-05
55751: 3.58732e-05
55752: 3.58725e-05
55753: 3.58719e-05
55754: 3.58712e-05
55755: 3.58706e-05
55756: 3.58699e-05
55757: 3.58693e-05
55758: 3.58686e-05
55759: 3.5868e-05
55760: 3.58674e-05
55761: 3.58667e-05
55762: 3.58661e-05
55763: 3.58654e-05
55764: 3.58648e-05
55765: 3.58641e-05
55766: 3.58635e-05
55767: 3.58629e-05
55768: 3.58622e-05
55769: 3.58616e-05
55770: 3.58609e-05
55771: 3.58603e-05
55772: 3.58596e-05
55773: 3.5859e-05
55774: 3.58584e-05
55775: 3.58577e-05
55776: 3.58571e-05
55777: 3.58564e-05
55778: 3.58558e-05
55779: 3.58551e-05
55780: 3.58545e-05
55781: 3.58539e-05
55782: 3.58532e-05
55783: 3.58526e-05
55784: 3.58519e-05
55785: 3.58513e-05
55786: 3.58506e-05
55787: 3.585e-05
55788: 3.58494e-05
55789: 3.58487e-05
55790: 3.58481e-05
55791: 3.58474e-05
55792: 3.58468e-05
55793: 3.58461e-05
55794: 3.58455e-05
55795: 3.58449e-05
55796: 3.58442e-05
55797: 3.58436e-05
55798: 3.58429e-05
55799: 3.58423e-05
55800: 3.58417e-05
55801: 3.5841e-05
55802: 3.58404e-05
55803: 3.58397e-05
55804: 3.58391e-05
55805: 3.58384e-05
55806: 3.58378e-05
55807: 3.58372e-05
55808: 3.58365e-05
55809: 3.58359e-05
55810: 3.58352e-05
55811: 3.58346e-05
55812: 3.58339e-05
55813: 3.58333e-05
55814: 3.58327e-05
55815: 3.5832e-05
55816: 3.58314e-05
55817: 3.58307e-05
55818: 3.58301e-05
55819: 3.58295e-05
55820: 3.58288e-05
55821: 3.58282e-05
55822: 3.58275e-05
55823: 3.58269e-05
55824: 3.58262e-05
55825: 3.58256e-05
55826: 3.5825e-05
55827: 3.58243e-05
55828: 3.58237e-05
55829: 3.5823e-05
55830: 3.58224e-05
55831: 3.58218e-05
55832: 3.58211e-05
55833: 3.58205e-05
55834: 3.58198e-05
55835: 3.58192e-05
55836: 3.58185e-05
55837: 3.58179e-05
55838: 3.58173e-05
55839: 3.58166e-05
55840: 3.5816e-05
55841: 3.58153e-05
55842: 3.58147e-05
55843: 3.58141e-05
55844: 3.58134e-05
55845: 3.58128e-05
55846: 3.58121e-05
55847: 3.58115e-05
55848: 3.58108e-05
55849: 3.58102e-05
55850: 3.58096e-05
55851: 3.58089e-05
55852: 3.58083e-05
55853: 3.58076e-05
55854: 3.5807e-05
55855: 3.58064e-05
55856: 3.58057e-05
55857: 3.58051e-05
55858: 3.58044e-05
55859: 3.58038e-05
55860: 3.58032e-05
55861: 3.58025e-05
55862: 3.58019e-05
55863: 3.58012e-05
55864: 3.58006e-05
55865: 3.57999e-05
55866: 3.57993e-05
55867: 3.57987e-05
55868: 3.5798e-05
55869: 3.57974e-05
55870: 3.57967e-05
55871: 3.57961e-05
55872: 3.57955e-05
55873: 3.57948e-05
55874: 3.57942e-05
55875: 3.57935e-05
55876: 3.57929e-05
55877: 3.57923e-05
55878: 3.57916e-05
55879: 3.5791e-05
55880: 3.57903e-05
55881: 3.57897e-05
55882: 3.57891e-05
55883: 3.57884e-05
55884: 3.57878e-05
55885: 3.57871e-05
55886: 3.57865e-05
55887: 3.57859e-05
55888: 3.57852e-05
55889: 3.57846e-05
55890: 3.57839e-05
55891: 3.57833e-05
55892: 3.57827e-05
55893: 3.5782e-05
55894: 3.57814e-05
55895: 3.57807e-05
55896: 3.57801e-05
55897: 3.57795e-05
55898: 3.57788e-05
55899: 3.57782e-05
55900: 3.57775e-05
55901: 3.57769e-05
55902: 3.57763e-05
55903: 3.57756e-05
55904: 3.5775e-05
55905: 3.57743e-05
55906: 3.57737e-05
55907: 3.57731e-05
55908: 3.57724e-05
55909: 3.57718e-05
55910: 3.57711e-05
55911: 3.57705e-05
55912: 3.57699e-05
55913: 3.57692e-05
55914: 3.57686e-05
55915: 3.57679e-05
55916: 3.57673e-05
55917: 3.57667e-05
55918: 3.5766e-05
55919: 3.57654e-05
55920: 3.57647e-05
55921: 3.57641e-05
55922: 3.57635e-05
55923: 3.57628e-05
55924: 3.57622e-05
55925: 3.57615e-05
55926: 3.57609e-05
55927: 3.57603e-05
55928: 3.57596e-05
55929: 3.5759e-05
55930: 3.57583e-05
55931: 3.57577e-05
55932: 3.57571e-05
55933: 3.57564e-05
55934: 3.57558e-05
55935: 3.57551e-05
55936: 3.57545e-05
55937: 3.57539e-05
55938: 3.57532e-05
55939: 3.57526e-05
55940: 3.5752e-05
55941: 3.57513e-05
55942: 3.57507e-05
55943: 3.575e-05
55944: 3.57494e-05
55945: 3.57488e-05
55946: 3.57481e-05
55947: 3.57475e-05
55948: 3.57468e-05
55949: 3.57462e-05
55950: 3.57456e-05
55951: 3.57449e-05
55952: 3.57443e-05
55953: 3.57436e-05
55954: 3.5743e-05
55955: 3.57424e-05
55956: 3.57417e-05
55957: 3.57411e-05
55958: 3.57405e-05
55959: 3.57398e-05
55960: 3.57392e-05
55961: 3.57385e-05
55962: 3.57379e-05
55963: 3.57373e-05
55964: 3.57366e-05
55965: 3.5736e-05
55966: 3.57353e-05
55967: 3.57347e-05
55968: 3.57341e-05
55969: 3.57334e-05
55970: 3.57328e-05
55971: 3.57322e-05
55972: 3.57315e-05
55973: 3.57309e-05
55974: 3.57302e-05
55975: 3.57296e-05
55976: 3.5729e-05
55977: 3.57283e-05
55978: 3.57277e-05
55979: 3.5727e-05
55980: 3.57264e-05
55981: 3.57258e-05
55982: 3.57251e-05
55983: 3.57245e-05
55984: 3.57239e-05
55985: 3.57232e-05
55986: 3.57226e-05
55987: 3.57219e-05
55988: 3.57213e-05
55989: 3.57207e-05
55990: 3.572e-05
55991: 3.57194e-05
55992: 3.57188e-05
55993: 3.57181e-05
55994: 3.57175e-05
55995: 3.57168e-05
55996: 3.57162e-05
55997: 3.57156e-05
55998: 3.57149e-05
55999: 3.57143e-05
56000: 3.57136e-05
56001: 3.5713e-05
56002: 3.57124e-05
56003: 3.57117e-05
56004: 3.57111e-05
56005: 3.57105e-05
56006: 3.57098e-05
56007: 3.57092e-05
56008: 3.57085e-05
56009: 3.57079e-05
56010: 3.57073e-05
56011: 3.57066e-05
56012: 3.5706e-05
56013: 3.57054e-05
56014: 3.57047e-05
56015: 3.57041e-05
56016: 3.57034e-05
56017: 3.57028e-05
56018: 3.57022e-05
56019: 3.57015e-05
56020: 3.57009e-05
56021: 3.57003e-05
56022: 3.56996e-05
56023: 3.5699e-05
56024: 3.56983e-05
56025: 3.56977e-05
56026: 3.56971e-05
56027: 3.56964e-05
56028: 3.56958e-05
56029: 3.56952e-05
56030: 3.56945e-05
56031: 3.56939e-05
56032: 3.56933e-05
56033: 3.56926e-05
56034: 3.5692e-05
56035: 3.56913e-05
56036: 3.56907e-05
56037: 3.56901e-05
56038: 3.56894e-05
56039: 3.56888e-05
56040: 3.56882e-05
56041: 3.56875e-05
56042: 3.56869e-05
56043: 3.56862e-05
56044: 3.56856e-05
56045: 3.5685e-05
56046: 3.56843e-05
56047: 3.56837e-05
56048: 3.56831e-05
56049: 3.56824e-05
56050: 3.56818e-05
56051: 3.56812e-05
56052: 3.56805e-05
56053: 3.56799e-05
56054: 3.56792e-05
56055: 3.56786e-05
56056: 3.5678e-05
56057: 3.56773e-05
56058: 3.56767e-05
56059: 3.56761e-05
56060: 3.56754e-05
56061: 3.56748e-05
56062: 3.56742e-05
56063: 3.56735e-05
56064: 3.56729e-05
56065: 3.56722e-05
56066: 3.56716e-05
56067: 3.5671e-05
56068: 3.56703e-05
56069: 3.56697e-05
56070: 3.56691e-05
56071: 3.56684e-05
56072: 3.56678e-05
56073: 3.56672e-05
56074: 3.56665e-05
56075: 3.56659e-05
56076: 3.56652e-05
56077: 3.56646e-05
56078: 3.5664e-05
56079: 3.56633e-05
56080: 3.56627e-05
56081: 3.56621e-05
56082: 3.56614e-05
56083: 3.56608e-05
56084: 3.56602e-05
56085: 3.56595e-05
56086: 3.56589e-05
56087: 3.56583e-05
56088: 3.56576e-05
56089: 3.5657e-05
56090: 3.56563e-05
56091: 3.56557e-05
56092: 3.56551e-05
56093: 3.56544e-05
56094: 3.56538e-05
56095: 3.56532e-05
56096: 3.56525e-05
56097: 3.56519e-05
56098: 3.56513e-05
56099: 3.56506e-05
56100: 3.565e-05
56101: 3.56494e-05
56102: 3.56487e-05
56103: 3.56481e-05
56104: 3.56474e-05
56105: 3.56468e-05
56106: 3.56462e-05
56107: 3.56455e-05
56108: 3.56449e-05
56109: 3.56443e-05
56110: 3.56436e-05
56111: 3.5643e-05
56112: 3.56424e-05
56113: 3.56417e-05
56114: 3.56411e-05
56115: 3.56405e-05
56116: 3.56398e-05
56117: 3.56392e-05
56118: 3.56386e-05
56119: 3.56379e-05
56120: 3.56373e-05
56121: 3.56366e-05
56122: 3.5636e-05
56123: 3.56354e-05
56124: 3.56347e-05
56125: 3.56341e-05
56126: 3.56335e-05
56127: 3.56328e-05
56128: 3.56322e-05
56129: 3.56316e-05
56130: 3.56309e-05
56131: 3.56303e-05
56132: 3.56297e-05
56133: 3.5629e-05
56134: 3.56284e-05
56135: 3.56278e-05
56136: 3.56271e-05
56137: 3.56265e-05
56138: 3.56259e-05
56139: 3.56252e-05
56140: 3.56246e-05
56141: 3.5624e-05
56142: 3.56233e-05
56143: 3.56227e-05
56144: 3.56221e-05
56145: 3.56214e-05
56146: 3.56208e-05
56147: 3.56201e-05
56148: 3.56195e-05
56149: 3.56189e-05
56150: 3.56182e-05
56151: 3.56176e-05
56152: 3.5617e-05
56153: 3.56163e-05
56154: 3.56157e-05
56155: 3.56151e-05
56156: 3.56144e-05
56157: 3.56138e-05
56158: 3.56132e-05
56159: 3.56125e-05
56160: 3.56119e-05
56161: 3.56113e-05
56162: 3.56106e-05
56163: 3.561e-05
56164: 3.56094e-05
56165: 3.56087e-05
56166: 3.56081e-05
56167: 3.56075e-05
56168: 3.56068e-05
56169: 3.56062e-05
56170: 3.56056e-05
56171: 3.56049e-05
56172: 3.56043e-05
56173: 3.56037e-05
56174: 3.5603e-05
56175: 3.56024e-05
56176: 3.56018e-05
56177: 3.56011e-05
56178: 3.56005e-05
56179: 3.55999e-05
56180: 3.55992e-05
56181: 3.55986e-05
56182: 3.5598e-05
56183: 3.55973e-05
56184: 3.55967e-05
56185: 3.55961e-05
56186: 3.55954e-05
56187: 3.55948e-05
56188: 3.55942e-05
56189: 3.55935e-05
56190: 3.55929e-05
56191: 3.55923e-05
56192: 3.55916e-05
56193: 3.5591e-05
56194: 3.55904e-05
56195: 3.55897e-05
56196: 3.55891e-05
56197: 3.55885e-05
56198: 3.55878e-05
56199: 3.55872e-05
56200: 3.55866e-05
56201: 3.55859e-05
56202: 3.55853e-05
56203: 3.55847e-05
56204: 3.5584e-05
56205: 3.55834e-05
56206: 3.55828e-05
56207: 3.55821e-05
56208: 3.55815e-05
56209: 3.55809e-05
56210: 3.55802e-05
56211: 3.55796e-05
56212: 3.5579e-05
56213: 3.55783e-05
56214: 3.55777e-05
56215: 3.55771e-05
56216: 3.55764e-05
56217: 3.55758e-05
56218: 3.55752e-05
56219: 3.55745e-05
56220: 3.55739e-05
56221: 3.55733e-05
56222: 3.55726e-05
56223: 3.5572e-05
56224: 3.55714e-05
56225: 3.55707e-05
56226: 3.55701e-05
56227: 3.55695e-05
56228: 3.55688e-05
56229: 3.55682e-05
56230: 3.55676e-05
56231: 3.55669e-05
56232: 3.55663e-05
56233: 3.55657e-05
56234: 3.5565e-05
56235: 3.55644e-05
56236: 3.55638e-05
56237: 3.55631e-05
56238: 3.55625e-05
56239: 3.55619e-05
56240: 3.55612e-05
56241: 3.55606e-05
56242: 3.556e-05
56243: 3.55593e-05
56244: 3.55587e-05
56245: 3.55581e-05
56246: 3.55575e-05
56247: 3.55568e-05
56248: 3.55562e-05
56249: 3.55556e-05
56250: 3.55549e-05
56251: 3.55543e-05
56252: 3.55537e-05
56253: 3.5553e-05
56254: 3.55524e-05
56255: 3.55518e-05
56256: 3.55511e-05
56257: 3.55505e-05
56258: 3.55499e-05
56259: 3.55492e-05
56260: 3.55486e-05
56261: 3.5548e-05
56262: 3.55473e-05
56263: 3.55467e-05
56264: 3.55461e-05
56265: 3.55454e-05
56266: 3.55448e-05
56267: 3.55442e-05
56268: 3.55435e-05
56269: 3.55429e-05
56270: 3.55423e-05
56271: 3.55417e-05
56272: 3.5541e-05
56273: 3.55404e-05
56274: 3.55398e-05
56275: 3.55391e-05
56276: 3.55385e-05
56277: 3.55379e-05
56278: 3.55372e-05
56279: 3.55366e-05
56280: 3.5536e-05
56281: 3.55353e-05
56282: 3.55347e-05
56283: 3.55341e-05
56284: 3.55334e-05
56285: 3.55328e-05
56286: 3.55322e-05
56287: 3.55316e-05
56288: 3.55309e-05
56289: 3.55303e-05
56290: 3.55297e-05
56291: 3.5529e-05
56292: 3.55284e-05
56293: 3.55278e-05
56294: 3.55271e-05
56295: 3.55265e-05
56296: 3.55259e-05
56297: 3.55252e-05
56298: 3.55246e-05
56299: 3.5524e-05
56300: 3.55233e-05
56301: 3.55227e-05
56302: 3.55221e-05
56303: 3.55215e-05
56304: 3.55208e-05
56305: 3.55202e-05
56306: 3.55196e-05
56307: 3.55189e-05
56308: 3.55183e-05
56309: 3.55177e-05
56310: 3.5517e-05
56311: 3.55164e-05
56312: 3.55158e-05
56313: 3.55151e-05
56314: 3.55145e-05
56315: 3.55139e-05
56316: 3.55133e-05
56317: 3.55126e-05
56318: 3.5512e-05
56319: 3.55114e-05
56320: 3.55107e-05
56321: 3.55101e-05
56322: 3.55095e-05
56323: 3.55088e-05
56324: 3.55082e-05
56325: 3.55076e-05
56326: 3.5507e-05
56327: 3.55063e-05
56328: 3.55057e-05
56329: 3.55051e-05
56330: 3.55044e-05
56331: 3.55038e-05
56332: 3.55032e-05
56333: 3.55025e-05
56334: 3.55019e-05
56335: 3.55013e-05
56336: 3.55006e-05
56337: 3.55e-05
56338: 3.54994e-05
56339: 3.54988e-05
56340: 3.54981e-05
56341: 3.54975e-05
56342: 3.54969e-05
56343: 3.54962e-05
56344: 3.54956e-05
56345: 3.5495e-05
56346: 3.54943e-05
56347: 3.54937e-05
56348: 3.54931e-05
56349: 3.54925e-05
56350: 3.54918e-05
56351: 3.54912e-05
56352: 3.54906e-05
56353: 3.54899e-05
56354: 3.54893e-05
56355: 3.54887e-05
56356: 3.5488e-05
56357: 3.54874e-05
56358: 3.54868e-05
56359: 3.54862e-05
56360: 3.54855e-05
56361: 3.54849e-05
56362: 3.54843e-05
56363: 3.54836e-05
56364: 3.5483e-05
56365: 3.54824e-05
56366: 3.54818e-05
56367: 3.54811e-05
56368: 3.54805e-05
56369: 3.54799e-05
56370: 3.54792e-05
56371: 3.54786e-05
56372: 3.5478e-05
56373: 3.54773e-05
56374: 3.54767e-05
56375: 3.54761e-05
56376: 3.54755e-05
56377: 3.54748e-05
56378: 3.54742e-05
56379: 3.54736e-05
56380: 3.54729e-05
56381: 3.54723e-05
56382: 3.54717e-05
56383: 3.54711e-05
56384: 3.54704e-05
56385: 3.54698e-05
56386: 3.54692e-05
56387: 3.54685e-05
56388: 3.54679e-05
56389: 3.54673e-05
56390: 3.54667e-05
56391: 3.5466e-05
56392: 3.54654e-05
56393: 3.54648e-05
56394: 3.54641e-05
56395: 3.54635e-05
56396: 3.54629e-05
56397: 3.54623e-05
56398: 3.54616e-05
56399: 3.5461e-05
56400: 3.54604e-05
56401: 3.54597e-05
56402: 3.54591e-05
56403: 3.54585e-05
56404: 3.54578e-05
56405: 3.54572e-05
56406: 3.54566e-05
56407: 3.5456e-05
56408: 3.54553e-05
56409: 3.54547e-05
56410: 3.54541e-05
56411: 3.54534e-05
56412: 3.54528e-05
56413: 3.54522e-05
56414: 3.54516e-05
56415: 3.54509e-05
56416: 3.54503e-05
56417: 3.54497e-05
56418: 3.54491e-05
56419: 3.54484e-05
56420: 3.54478e-05
56421: 3.54472e-05
56422: 3.54465e-05
56423: 3.54459e-05
56424: 3.54453e-05
56425: 3.54447e-05
56426: 3.5444e-05
56427: 3.54434e-05
56428: 3.54428e-05
56429: 3.54421e-05
56430: 3.54415e-05
56431: 3.54409e-05
56432: 3.54403e-05
56433: 3.54396e-05
56434: 3.5439e-05
56435: 3.54384e-05
56436: 3.54377e-05
56437: 3.54371e-05
56438: 3.54365e-05
56439: 3.54359e-05
56440: 3.54352e-05
56441: 3.54346e-05
56442: 3.5434e-05
56443: 3.54333e-05
56444: 3.54327e-05
56445: 3.54321e-05
56446: 3.54315e-05
56447: 3.54308e-05
56448: 3.54302e-05
56449: 3.54296e-05
56450: 3.5429e-05
56451: 3.54283e-05
56452: 3.54277e-05
56453: 3.54271e-05
56454: 3.54264e-05
56455: 3.54258e-05
56456: 3.54252e-05
56457: 3.54246e-05
56458: 3.54239e-05
56459: 3.54233e-05
56460: 3.54227e-05
56461: 3.54221e-05
56462: 3.54214e-05
56463: 3.54208e-05
56464: 3.54202e-05
56465: 3.54195e-05
56466: 3.54189e-05
56467: 3.54183e-05
56468: 3.54177e-05
56469: 3.5417e-05
56470: 3.54164e-05
56471: 3.54158e-05
56472: 3.54152e-05
56473: 3.54145e-05
56474: 3.54139e-05
56475: 3.54133e-05
56476: 3.54126e-05
56477: 3.5412e-05
56478: 3.54114e-05
56479: 3.54108e-05
56480: 3.54101e-05
56481: 3.54095e-05
56482: 3.54089e-05
56483: 3.54083e-05
56484: 3.54076e-05
56485: 3.5407e-05
56486: 3.54064e-05
56487: 3.54057e-05
56488: 3.54051e-05
56489: 3.54045e-05
56490: 3.54039e-05
56491: 3.54032e-05
56492: 3.54026e-05
56493: 3.5402e-05
56494: 3.54014e-05
56495: 3.54007e-05
56496: 3.54001e-05
56497: 3.53995e-05
56498: 3.53989e-05
56499: 3.53982e-05
56500: 3.53976e-05
56501: 3.5397e-05
56502: 3.53964e-05
56503: 3.53957e-05
56504: 3.53951e-05
56505: 3.53945e-05
56506: 3.53938e-05
56507: 3.53932e-05
56508: 3.53926e-05
56509: 3.5392e-05
56510: 3.53913e-05
56511: 3.53907e-05
56512: 3.53901e-05
56513: 3.53895e-05
56514: 3.53888e-05
56515: 3.53882e-05
56516: 3.53876e-05
56517: 3.5387e-05
56518: 3.53863e-05
56519: 3.53857e-05
56520: 3.53851e-05
56521: 3.53845e-05
56522: 3.53838e-05
56523: 3.53832e-05
56524: 3.53826e-05
56525: 3.53819e-05
56526: 3.53813e-05
56527: 3.53807e-05
56528: 3.53801e-05
56529: 3.53794e-05
56530: 3.53788e-05
56531: 3.53782e-05
56532: 3.53776e-05
56533: 3.53769e-05
56534: 3.53763e-05
56535: 3.53757e-05
56536: 3.53751e-05
56537: 3.53744e-05
56538: 3.53738e-05
56539: 3.53732e-05
56540: 3.53726e-05
56541: 3.53719e-05
56542: 3.53713e-05
56543: 3.53707e-05
56544: 3.53701e-05
56545: 3.53694e-05
56546: 3.53688e-05
56547: 3.53682e-05
56548: 3.53676e-05
56549: 3.53669e-05
56550: 3.53663e-05
56551: 3.53657e-05
56552: 3.53651e-05
56553: 3.53644e-05
56554: 3.53638e-05
56555: 3.53632e-05
56556: 3.53626e-05
56557: 3.53619e-05
56558: 3.53613e-05
56559: 3.53607e-05
56560: 3.53601e-05
56561: 3.53594e-05
56562: 3.53588e-05
56563: 3.53582e-05
56564: 3.53576e-05
56565: 3.53569e-05
56566: 3.53563e-05
56567: 3.53557e-05
56568: 3.53551e-05
56569: 3.53544e-05
56570: 3.53538e-05
56571: 3.53532e-05
56572: 3.53526e-05
56573: 3.53519e-05
56574: 3.53513e-05
56575: 3.53507e-05
56576: 3.53501e-05
56577: 3.53494e-05
56578: 3.53488e-05
56579: 3.53482e-05
56580: 3.53476e-05
56581: 3.53469e-05
56582: 3.53463e-05
56583: 3.53457e-05
56584: 3.53451e-05
56585: 3.53444e-05
56586: 3.53438e-05
56587: 3.53432e-05
56588: 3.53426e-05
56589: 3.53419e-05
56590: 3.53413e-05
56591: 3.53407e-05
56592: 3.53401e-05
56593: 3.53394e-05
56594: 3.53388e-05
56595: 3.53382e-05
56596: 3.53376e-05
56597: 3.53369e-05
56598: 3.53363e-05
56599: 3.53357e-05
56600: 3.53351e-05
56601: 3.53344e-05
56602: 3.53338e-05
56603: 3.53332e-05
56604: 3.53326e-05
56605: 3.53319e-05
56606: 3.53313e-05
56607: 3.53307e-05
56608: 3.53301e-05
56609: 3.53294e-05
56610: 3.53288e-05
56611: 3.53282e-05
56612: 3.53276e-05
56613: 3.5327e-05
56614: 3.53263e-05
56615: 3.53257e-05
56616: 3.53251e-05
56617: 3.53245e-05
56618: 3.53238e-05
56619: 3.53232e-05
56620: 3.53226e-05
56621: 3.5322e-05
56622: 3.53213e-05
56623: 3.53207e-05
56624: 3.53201e-05
56625: 3.53195e-05
56626: 3.53188e-05
56627: 3.53182e-05
56628: 3.53176e-05
56629: 3.5317e-05
56630: 3.53163e-05
56631: 3.53157e-05
56632: 3.53151e-05
56633: 3.53145e-05
56634: 3.53139e-05
56635: 3.53132e-05
56636: 3.53126e-05
56637: 3.5312e-05
56638: 3.53114e-05
56639: 3.53107e-05
56640: 3.53101e-05
56641: 3.53095e-05
56642: 3.53089e-05
56643: 3.53082e-05
56644: 3.53076e-05
56645: 3.5307e-05
56646: 3.53064e-05
56647: 3.53057e-05
56648: 3.53051e-05
56649: 3.53045e-05
56650: 3.53039e-05
56651: 3.53033e-05
56652: 3.53026e-05
56653: 3.5302e-05
56654: 3.53014e-05
56655: 3.53008e-05
56656: 3.53001e-05
56657: 3.52995e-05
56658: 3.52989e-05
56659: 3.52983e-05
56660: 3.52976e-05
56661: 3.5297e-05
56662: 3.52964e-05
56663: 3.52958e-05
56664: 3.52952e-05
56665: 3.52945e-05
56666: 3.52939e-05
56667: 3.52933e-05
56668: 3.52927e-05
56669: 3.5292e-05
56670: 3.52914e-05
56671: 3.52908e-05
56672: 3.52902e-05
56673: 3.52896e-05
56674: 3.52889e-05
56675: 3.52883e-05
56676: 3.52877e-05
56677: 3.52871e-05
56678: 3.52864e-05
56679: 3.52858e-05
56680: 3.52852e-05
56681: 3.52846e-05
56682: 3.52839e-05
56683: 3.52833e-05
56684: 3.52827e-05
56685: 3.52821e-05
56686: 3.52815e-05
56687: 3.52808e-05
56688: 3.52802e-05
56689: 3.52796e-05
56690: 3.5279e-05
56691: 3.52783e-05
56692: 3.52777e-05
56693: 3.52771e-05
56694: 3.52765e-05
56695: 3.52759e-05
56696: 3.52752e-05
56697: 3.52746e-05
56698: 3.5274e-05
56699: 3.52734e-05
56700: 3.52727e-05
56701: 3.52721e-05
56702: 3.52715e-05
56703: 3.52709e-05
56704: 3.52703e-05
56705: 3.52696e-05
56706: 3.5269e-05
56707: 3.52684e-05
56708: 3.52678e-05
56709: 3.52671e-05
56710: 3.52665e-05
56711: 3.52659e-05
56712: 3.52653e-05
56713: 3.52647e-05
56714: 3.5264e-05
56715: 3.52634e-05
56716: 3.52628e-05
56717: 3.52622e-05
56718: 3.52616e-05
56719: 3.52609e-05
56720: 3.52603e-05
56721: 3.52597e-05
56722: 3.52591e-05
56723: 3.52584e-05
56724: 3.52578e-05
56725: 3.52572e-05
56726: 3.52566e-05
56727: 3.5256e-05
56728: 3.52553e-05
56729: 3.52547e-05
56730: 3.52541e-05
56731: 3.52535e-05
56732: 3.52529e-05
56733: 3.52522e-05
56734: 3.52516e-05
56735: 3.5251e-05
56736: 3.52504e-05
56737: 3.52497e-05
56738: 3.52491e-05
56739: 3.52485e-05
56740: 3.52479e-05
56741: 3.52473e-05
56742: 3.52466e-05
56743: 3.5246e-05
56744: 3.52454e-05
56745: 3.52448e-05
56746: 3.52442e-05
56747: 3.52435e-05
56748: 3.52429e-05
56749: 3.52423e-05
56750: 3.52417e-05
56751: 3.5241e-05
56752: 3.52404e-05
56753: 3.52398e-05
56754: 3.52392e-05
56755: 3.52386e-05
56756: 3.52379e-05
56757: 3.52373e-05
56758: 3.52367e-05
56759: 3.52361e-05
56760: 3.52355e-05
56761: 3.52348e-05
56762: 3.52342e-05
56763: 3.52336e-05
56764: 3.5233e-05
56765: 3.52324e-05
56766: 3.52317e-05
56767: 3.52311e-05
56768: 3.52305e-05
56769: 3.52299e-05
56770: 3.52293e-05
56771: 3.52286e-05
56772: 3.5228e-05
56773: 3.52274e-05
56774: 3.52268e-05
56775: 3.52262e-05
56776: 3.52255e-05
56777: 3.52249e-05
56778: 3.52243e-05
56779: 3.52237e-05
56780: 3.5223e-05
56781: 3.52224e-05
56782: 3.52218e-05
56783: 3.52212e-05
56784: 3.52206e-05
56785: 3.52199e-05
56786: 3.52193e-05
56787: 3.52187e-05
56788: 3.52181e-05
56789: 3.52175e-05
56790: 3.52168e-05
56791: 3.52162e-05
56792: 3.52156e-05
56793: 3.5215e-05
56794: 3.52144e-05
56795: 3.52137e-05
56796: 3.52131e-05
56797: 3.52125e-05
56798: 3.52119e-05
56799: 3.52113e-05
56800: 3.52106e-05
56801: 3.521e-05
56802: 3.52094e-05
56803: 3.52088e-05
56804: 3.52082e-05
56805: 3.52075e-05
56806: 3.52069e-05
56807: 3.52063e-05
56808: 3.52057e-05
56809: 3.52051e-05
56810: 3.52044e-05
56811: 3.52038e-05
56812: 3.52032e-05
56813: 3.52026e-05
56814: 3.5202e-05
56815: 3.52014e-05
56816: 3.52007e-05
56817: 3.52001e-05
56818: 3.51995e-05
56819: 3.51989e-05
56820: 3.51983e-05
56821: 3.51976e-05
56822: 3.5197e-05
56823: 3.51964e-05
56824: 3.51958e-05
56825: 3.51952e-05
56826: 3.51945e-05
56827: 3.51939e-05
56828: 3.51933e-05
56829: 3.51927e-05
56830: 3.51921e-05
56831: 3.51914e-05
56832: 3.51908e-05
56833: 3.51902e-05
56834: 3.51896e-05
56835: 3.5189e-05
56836: 3.51883e-05
56837: 3.51877e-05
56838: 3.51871e-05
56839: 3.51865e-05
56840: 3.51859e-05
56841: 3.51853e-05
56842: 3.51846e-05
56843: 3.5184e-05
56844: 3.51834e-05
56845: 3.51828e-05
56846: 3.51822e-05
56847: 3.51815e-05
56848: 3.51809e-05
56849: 3.51803e-05
56850: 3.51797e-05
56851: 3.51791e-05
56852: 3.51784e-05
56853: 3.51778e-05
56854: 3.51772e-05
56855: 3.51766e-05
56856: 3.5176e-05
56857: 3.51753e-05
56858: 3.51747e-05
56859: 3.51741e-05
56860: 3.51735e-05
56861: 3.51729e-05
56862: 3.51723e-05
56863: 3.51716e-05
56864: 3.5171e-05
56865: 3.51704e-05
56866: 3.51698e-05
56867: 3.51692e-05
56868: 3.51685e-05
56869: 3.51679e-05
56870: 3.51673e-05
56871: 3.51667e-05
56872: 3.51661e-05
56873: 3.51655e-05
56874: 3.51648e-05
56875: 3.51642e-05
56876: 3.51636e-05
56877: 3.5163e-05
56878: 3.51624e-05
56879: 3.51617e-05
56880: 3.51611e-05
56881: 3.51605e-05
56882: 3.51599e-05
56883: 3.51593e-05
56884: 3.51587e-05
56885: 3.5158e-05
56886: 3.51574e-05
56887: 3.51568e-05
56888: 3.51562e-05
56889: 3.51556e-05
56890: 3.51549e-05
56891: 3.51543e-05
56892: 3.51537e-05
56893: 3.51531e-05
56894: 3.51525e-05
56895: 3.51519e-05
56896: 3.51512e-05
56897: 3.51506e-05
56898: 3.515e-05
56899: 3.51494e-05
56900: 3.51488e-05
56901: 3.51481e-05
56902: 3.51475e-05
56903: 3.51469e-05
56904: 3.51463e-05
56905: 3.51457e-05
56906: 3.51451e-05
56907: 3.51444e-05
56908: 3.51438e-05
56909: 3.51432e-05
56910: 3.51426e-05
56911: 3.5142e-05
56912: 3.51414e-05
56913: 3.51407e-05
56914: 3.51401e-05
56915: 3.51395e-05
56916: 3.51389e-05
56917: 3.51383e-05
56918: 3.51377e-05
56919: 3.5137e-05
56920: 3.51364e-05
56921: 3.51358e-05
56922: 3.51352e-05
56923: 3.51346e-05
56924: 3.51339e-05
56925: 3.51333e-05
56926: 3.51327e-05
56927: 3.51321e-05
56928: 3.51315e-05
56929: 3.51309e-05
56930: 3.51302e-05
56931: 3.51296e-05
56932: 3.5129e-05
56933: 3.51284e-05
56934: 3.51278e-05
56935: 3.51272e-05
56936: 3.51265e-05
56937: 3.51259e-05
56938: 3.51253e-05
56939: 3.51247e-05
56940: 3.51241e-05
56941: 3.51235e-05
56942: 3.51228e-05
56943: 3.51222e-05
56944: 3.51216e-05
56945: 3.5121e-05
56946: 3.51204e-05
56947: 3.51198e-05
56948: 3.51191e-05
56949: 3.51185e-05
56950: 3.51179e-05
56951: 3.51173e-05
56952: 3.51167e-05
56953: 3.51161e-05
56954: 3.51154e-05
56955: 3.51148e-05
56956: 3.51142e-05
56957: 3.51136e-05
56958: 3.5113e-05
56959: 3.51124e-05
56960: 3.51117e-05
56961: 3.51111e-05
56962: 3.51105e-05
56963: 3.51099e-05
56964: 3.51093e-05
56965: 3.51087e-05
56966: 3.5108e-05
56967: 3.51074e-05
56968: 3.51068e-05
56969: 3.51062e-05
56970: 3.51056e-05
56971: 3.5105e-05
56972: 3.51043e-05
56973: 3.51037e-05
56974: 3.51031e-05
56975: 3.51025e-05
56976: 3.51019e-05
56977: 3.51013e-05
56978: 3.51007e-05
56979: 3.51e-05
56980: 3.50994e-05
56981: 3.50988e-05
56982: 3.50982e-05
56983: 3.50976e-05
56984: 3.5097e-05
56985: 3.50963e-05
56986: 3.50957e-05
56987: 3.50951e-05
56988: 3.50945e-05
56989: 3.50939e-05
56990: 3.50933e-05
56991: 3.50926e-05
56992: 3.5092e-05
56993: 3.50914e-05
56994: 3.50908e-05
56995: 3.50902e-05
56996: 3.50896e-05
56997: 3.5089e-05
56998: 3.50883e-05
56999: 3.50877e-05
57000: 3.50871e-05
57001: 3.50865e-05
57002: 3.50859e-05
57003: 3.50853e-05
57004: 3.50846e-05
57005: 3.5084e-05
57006: 3.50834e-05
57007: 3.50828e-05
57008: 3.50822e-05
57009: 3.50816e-05
57010: 3.50809e-05
57011: 3.50803e-05
57012: 3.50797e-05
57013: 3.50791e-05
57014: 3.50785e-05
57015: 3.50779e-05
57016: 3.50773e-05
57017: 3.50766e-05
57018: 3.5076e-05
57019: 3.50754e-05
57020: 3.50748e-05
57021: 3.50742e-05
57022: 3.50736e-05
57023: 3.5073e-05
57024: 3.50723e-05
57025: 3.50717e-05
57026: 3.50711e-05
57027: 3.50705e-05
57028: 3.50699e-05
57029: 3.50693e-05
57030: 3.50686e-05
57031: 3.5068e-05
57032: 3.50674e-05
57033: 3.50668e-05
57034: 3.50662e-05
57035: 3.50656e-05
57036: 3.5065e-05
57037: 3.50643e-05
57038: 3.50637e-05
57039: 3.50631e-05
57040: 3.50625e-05
57041: 3.50619e-05
57042: 3.50613e-05
57043: 3.50607e-05
57044: 3.506e-05
57045: 3.50594e-05
57046: 3.50588e-05
57047: 3.50582e-05
57048: 3.50576e-05
57049: 3.5057e-05
57050: 3.50564e-05
57051: 3.50557e-05
57052: 3.50551e-05
57053: 3.50545e-05
57054: 3.50539e-05
57055: 3.50533e-05
57056: 3.50527e-05
57057: 3.50521e-05
57058: 3.50514e-05
57059: 3.50508e-05
57060: 3.50502e-05
57061: 3.50496e-05
57062: 3.5049e-05
57063: 3.50484e-05
57064: 3.50478e-05
57065: 3.50471e-05
57066: 3.50465e-05
57067: 3.50459e-05
57068: 3.50453e-05
57069: 3.50447e-05
57070: 3.50441e-05
57071: 3.50435e-05
57072: 3.50428e-05
57073: 3.50422e-05
57074: 3.50416e-05
57075: 3.5041e-05
57076: 3.50404e-05
57077: 3.50398e-05
57078: 3.50392e-05
57079: 3.50385e-05
57080: 3.50379e-05
57081: 3.50373e-05
57082: 3.50367e-05
57083: 3.50361e-05
57084: 3.50355e-05
57085: 3.50349e-05
57086: 3.50342e-05
57087: 3.50336e-05
57088: 3.5033e-05
57089: 3.50324e-05
57090: 3.50318e-05
57091: 3.50312e-05
57092: 3.50306e-05
57093: 3.503e-05
57094: 3.50293e-05
57095: 3.50287e-05
57096: 3.50281e-05
57097: 3.50275e-05
57098: 3.50269e-05
57099: 3.50263e-05
57100: 3.50257e-05
57101: 3.5025e-05
57102: 3.50244e-05
57103: 3.50238e-05
57104: 3.50232e-05
57105: 3.50226e-05
57106: 3.5022e-05
57107: 3.50214e-05
57108: 3.50207e-05
57109: 3.50201e-05
57110: 3.50195e-05
57111: 3.50189e-05
57112: 3.50183e-05
57113: 3.50177e-05
57114: 3.50171e-05
57115: 3.50165e-05
57116: 3.50158e-05
57117: 3.50152e-05
57118: 3.50146e-05
57119: 3.5014e-05
57120: 3.50134e-05
57121: 3.50128e-05
57122: 3.50122e-05
57123: 3.50116e-05
57124: 3.50109e-05
57125: 3.50103e-05
57126: 3.50097e-05
57127: 3.50091e-05
57128: 3.50085e-05
57129: 3.50079e-05
57130: 3.50073e-05
57131: 3.50067e-05
57132: 3.5006e-05
57133: 3.50054e-05
57134: 3.50048e-05
57135: 3.50042e-05
57136: 3.50036e-05
57137: 3.5003e-05
57138: 3.50024e-05
57139: 3.50018e-05
57140: 3.50011e-05
57141: 3.50005e-05
57142: 3.49999e-05
57143: 3.49993e-05
57144: 3.49987e-05
57145: 3.49981e-05
57146: 3.49975e-05
57147: 3.49969e-05
57148: 3.49962e-05
57149: 3.49956e-05
57150: 3.4995e-05
57151: 3.49944e-05
57152: 3.49938e-05
57153: 3.49932e-05
57154: 3.49926e-05
57155: 3.4992e-05
57156: 3.49913e-05
57157: 3.49907e-05
57158: 3.49901e-05
57159: 3.49895e-05
57160: 3.49889e-05
57161: 3.49883e-05
57162: 3.49877e-05
57163: 3.49871e-05
57164: 3.49864e-05
57165: 3.49858e-05
57166: 3.49852e-05
57167: 3.49846e-05
57168: 3.4984e-05
57169: 3.49834e-05
57170: 3.49828e-05
57171: 3.49822e-05
57172: 3.49815e-05
57173: 3.49809e-05
57174: 3.49803e-05
57175: 3.49797e-05
57176: 3.49791e-05
57177: 3.49785e-05
57178: 3.49779e-05
57179: 3.49773e-05
57180: 3.49767e-05
57181: 3.4976e-05
57182: 3.49754e-05
57183: 3.49748e-05
57184: 3.49742e-05
57185: 3.49736e-05
57186: 3.4973e-05
57187: 3.49724e-05
57188: 3.49718e-05
57189: 3.49711e-05
57190: 3.49705e-05
57191: 3.49699e-05
57192: 3.49693e-05
57193: 3.49687e-05
57194: 3.49681e-05
57195: 3.49675e-05
57196: 3.49669e-05
57197: 3.49663e-05
57198: 3.49656e-05
57199: 3.4965e-05
57200: 3.49644e-05
57201: 3.49638e-05
57202: 3.49632e-05
57203: 3.49626e-05
57204: 3.4962e-05
57205: 3.49614e-05
57206: 3.49608e-05
57207: 3.49601e-05
57208: 3.49595e-05
57209: 3.49589e-05
57210: 3.49583e-05
57211: 3.49577e-05
57212: 3.49571e-05
57213: 3.49565e-05
57214: 3.49559e-05
57215: 3.49553e-05
57216: 3.49546e-05
57217: 3.4954e-05
57218: 3.49534e-05
57219: 3.49528e-05
57220: 3.49522e-05
57221: 3.49516e-05
57222: 3.4951e-05
57223: 3.49504e-05
57224: 3.49498e-05
57225: 3.49491e-05
57226: 3.49485e-05
57227: 3.49479e-05
57228: 3.49473e-05
57229: 3.49467e-05
57230: 3.49461e-05
57231: 3.49455e-05
57232: 3.49449e-05
57233: 3.49443e-05
57234: 3.49437e-05
57235: 3.4943e-05
57236: 3.49424e-05
57237: 3.49418e-05
57238: 3.49412e-05
57239: 3.49406e-05
57240: 3.494e-05
57241: 3.49394e-05
57242: 3.49388e-05
57243: 3.49382e-05
57244: 3.49375e-05
57245: 3.49369e-05
57246: 3.49363e-05
57247: 3.49357e-05
57248: 3.49351e-05
57249: 3.49345e-05
57250: 3.49339e-05
57251: 3.49333e-05
57252: 3.49327e-05
57253: 3.49321e-05
57254: 3.49314e-05
57255: 3.49308e-05
57256: 3.49302e-05
57257: 3.49296e-05
57258: 3.4929e-05
57259: 3.49284e-05
57260: 3.49278e-05
57261: 3.49272e-05
57262: 3.49266e-05
57263: 3.4926e-05
57264: 3.49253e-05
57265: 3.49247e-05
57266: 3.49241e-05
57267: 3.49235e-05
57268: 3.49229e-05
57269: 3.49223e-05
57270: 3.49217e-05
57271: 3.49211e-05
57272: 3.49205e-05
57273: 3.49199e-05
57274: 3.49192e-05
57275: 3.49186e-05
57276: 3.4918e-05
57277: 3.49174e-05
57278: 3.49168e-05
57279: 3.49162e-05
57280: 3.49156e-05
57281: 3.4915e-05
57282: 3.49144e-05
57283: 3.49138e-05
57284: 3.49132e-05
57285: 3.49125e-05
57286: 3.49119e-05
57287: 3.49113e-05
57288: 3.49107e-05
57289: 3.49101e-05
57290: 3.49095e-05
57291: 3.49089e-05
57292: 3.49083e-05
57293: 3.49077e-05
57294: 3.49071e-05
57295: 3.49065e-05
57296: 3.49058e-05
57297: 3.49052e-05
57298: 3.49046e-05
57299: 3.4904e-05
57300: 3.49034e-05
57301: 3.49028e-05
57302: 3.49022e-05
57303: 3.49016e-05
57304: 3.4901e-05
57305: 3.49004e-05
57306: 3.48998e-05
57307: 3.48991e-05
57308: 3.48985e-05
57309: 3.48979e-05
57310: 3.48973e-05
57311: 3.48967e-05
57312: 3.48961e-05
57313: 3.48955e-05
57314: 3.48949e-05
57315: 3.48943e-05
57316: 3.48937e-05
57317: 3.48931e-05
57318: 3.48924e-05
57319: 3.48918e-05
57320: 3.48912e-05
57321: 3.48906e-05
57322: 3.489e-05
57323: 3.48894e-05
57324: 3.48888e-05
57325: 3.48882e-05
57326: 3.48876e-05
57327: 3.4887e-05
57328: 3.48864e-05
57329: 3.48857e-05
57330: 3.48851e-05
57331: 3.48845e-05
57332: 3.48839e-05
57333: 3.48833e-05
57334: 3.48827e-05
57335: 3.48821e-05
57336: 3.48815e-05
57337: 3.48809e-05
57338: 3.48803e-05
57339: 3.48797e-05
57340: 3.48791e-05
57341: 3.48784e-05
57342: 3.48778e-05
57343: 3.48772e-05
57344: 3.48766e-05
57345: 3.4876e-05
57346: 3.48754e-05
57347: 3.48748e-05
57348: 3.48742e-05
57349: 3.48736e-05
57350: 3.4873e-05
57351: 3.48724e-05
57352: 3.48718e-05
57353: 3.48712e-05
57354: 3.48705e-05
57355: 3.48699e-05
57356: 3.48693e-05
57357: 3.48687e-05
57358: 3.48681e-05
57359: 3.48675e-05
57360: 3.48669e-05
57361: 3.48663e-05
57362: 3.48657e-05
57363: 3.48651e-05
57364: 3.48645e-05
57365: 3.48639e-05
57366: 3.48632e-05
57367: 3.48626e-05
57368: 3.4862e-05
57369: 3.48614e-05
57370: 3.48608e-05
57371: 3.48602e-05
57372: 3.48596e-05
57373: 3.4859e-05
57374: 3.48584e-05
57375: 3.48578e-05
57376: 3.48572e-05
57377: 3.48566e-05
57378: 3.4856e-05
57379: 3.48554e-05
57380: 3.48547e-05
57381: 3.48541e-05
57382: 3.48535e-05
57383: 3.48529e-05
57384: 3.48523e-05
57385: 3.48517e-05
57386: 3.48511e-05
57387: 3.48505e-05
57388: 3.48499e-05
57389: 3.48493e-05
57390: 3.48487e-05
57391: 3.48481e-05
57392: 3.48475e-05
57393: 3.48468e-05
57394: 3.48462e-05
57395: 3.48456e-05
57396: 3.4845e-05
57397: 3.48444e-05
57398: 3.48438e-05
57399: 3.48432e-05
57400: 3.48426e-05
57401: 3.4842e-05
57402: 3.48414e-05
57403: 3.48408e-05
57404: 3.48402e-05
57405: 3.48396e-05
57406: 3.4839e-05
57407: 3.48384e-05
57408: 3.48377e-05
57409: 3.48371e-05
57410: 3.48365e-05
57411: 3.48359e-05
57412: 3.48353e-05
57413: 3.48347e-05
57414: 3.48341e-05
57415: 3.48335e-05
57416: 3.48329e-05
57417: 3.48323e-05
57418: 3.48317e-05
57419: 3.48311e-05
57420: 3.48305e-05
57421: 3.48299e-05
57422: 3.48292e-05
57423: 3.48286e-05
57424: 3.4828e-05
57425: 3.48274e-05
57426: 3.48268e-05
57427: 3.48262e-05
57428: 3.48256e-05
57429: 3.4825e-05
57430: 3.48244e-05
57431: 3.48238e-05
57432: 3.48232e-05
57433: 3.48226e-05
57434: 3.4822e-05
57435: 3.48214e-05
57436: 3.48208e-05
57437: 3.48202e-05
57438: 3.48195e-05
57439: 3.48189e-05
57440: 3.48183e-05
57441: 3.48177e-05
57442: 3.48171e-05
57443: 3.48165e-05
57444: 3.48159e-05
57445: 3.48153e-05
57446: 3.48147e-05
57447: 3.48141e-05
57448: 3.48135e-05
57449: 3.48129e-05
57450: 3.48123e-05
57451: 3.48117e-05
57452: 3.48111e-05
57453: 3.48105e-05
57454: 3.48099e-05
57455: 3.48092e-05
57456: 3.48086e-05
57457: 3.4808e-05
57458: 3.48074e-05
57459: 3.48068e-05
57460: 3.48062e-05
57461: 3.48056e-05
57462: 3.4805e-05
57463: 3.48044e-05
57464: 3.48038e-05
57465: 3.48032e-05
57466: 3.48026e-05
57467: 3.4802e-05
57468: 3.48014e-05
57469: 3.48008e-05
57470: 3.48002e-05
57471: 3.47996e-05
57472: 3.47989e-05
57473: 3.47983e-05
57474: 3.47977e-05
57475: 3.47971e-05
57476: 3.47965e-05
57477: 3.47959e-05
57478: 3.47953e-05
57479: 3.47947e-05
57480: 3.47941e-05
57481: 3.47935e-05
57482: 3.47929e-05
57483: 3.47923e-05
57484: 3.47917e-05
57485: 3.47911e-05
57486: 3.47905e-05
57487: 3.47899e-05
57488: 3.47893e-05
57489: 3.47887e-05
57490: 3.47881e-05
57491: 3.47874e-05
57492: 3.47868e-05
57493: 3.47862e-05
57494: 3.47856e-05
57495: 3.4785e-05
57496: 3.47844e-05
57497: 3.47838e-05
57498: 3.47832e-05
57499: 3.47826e-05
57500: 3.4782e-05
57501: 3.47814e-05
57502: 3.47808e-05
57503: 3.47802e-05
57504: 3.47796e-05
57505: 3.4779e-05
57506: 3.47784e-05
57507: 3.47778e-05
57508: 3.47772e-05
57509: 3.47766e-05
57510: 3.4776e-05
57511: 3.47754e-05
57512: 3.47747e-05
57513: 3.47741e-05
57514: 3.47735e-05
57515: 3.47729e-05
57516: 3.47723e-05
57517: 3.47717e-05
57518: 3.47711e-05
57519: 3.47705e-05
57520: 3.47699e-05
57521: 3.47693e-05
57522: 3.47687e-05
57523: 3.47681e-05
57524: 3.47675e-05
57525: 3.47669e-05
57526: 3.47663e-05
57527: 3.47657e-05
57528: 3.47651e-05
57529: 3.47645e-05
57530: 3.47639e-05
57531: 3.47633e-05
57532: 3.47627e-05
57533: 3.47621e-05
57534: 3.47614e-05
57535: 3.47608e-05
57536: 3.47602e-05
57537: 3.47596e-05
57538: 3.4759e-05
57539: 3.47584e-05
57540: 3.47578e-05
57541: 3.47572e-05
57542: 3.47566e-05
57543: 3.4756e-05
57544: 3.47554e-05
57545: 3.47548e-05
57546: 3.47542e-05
57547: 3.47536e-05
57548: 3.4753e-05
57549: 3.47524e-05
57550: 3.47518e-05
57551: 3.47512e-05
57552: 3.47506e-05
57553: 3.475e-05
57554: 3.47494e-05
57555: 3.47488e-05
57556: 3.47482e-05
57557: 3.47476e-05
57558: 3.4747e-05
57559: 3.47464e-05
57560: 3.47457e-05
57561: 3.47451e-05
57562: 3.47445e-05
57563: 3.47439e-05
57564: 3.47433e-05
57565: 3.47427e-05
57566: 3.47421e-05
57567: 3.47415e-05
57568: 3.47409e-05
57569: 3.47403e-05
57570: 3.47397e-05
57571: 3.47391e-05
57572: 3.47385e-05
57573: 3.47379e-05
57574: 3.47373e-05
57575: 3.47367e-05
57576: 3.47361e-05
57577: 3.47355e-05
57578: 3.47349e-05
57579: 3.47343e-05
57580: 3.47337e-05
57581: 3.47331e-05
57582: 3.47325e-05
57583: 3.47319e-05
57584: 3.47313e-05
57585: 3.47307e-05
57586: 3.47301e-05
57587: 3.47295e-05
57588: 3.47289e-05
57589: 3.47283e-05
57590: 3.47276e-05
57591: 3.4727e-05
57592: 3.47264e-05
57593: 3.47258e-05
57594: 3.47252e-05
57595: 3.47246e-05
57596: 3.4724e-05
57597: 3.47234e-05
57598: 3.47228e-05
57599: 3.47222e-05
57600: 3.47216e-05
57601: 3.4721e-05
57602: 3.47204e-05
57603: 3.47198e-05
57604: 3.47192e-05
57605: 3.47186e-05
57606: 3.4718e-05
57607: 3.47174e-05
57608: 3.47168e-05
57609: 3.47162e-05
57610: 3.47156e-05
57611: 3.4715e-05
57612: 3.47144e-05
57613: 3.47138e-05
57614: 3.47132e-05
57615: 3.47126e-05
57616: 3.4712e-05
57617: 3.47114e-05
57618: 3.47108e-05
57619: 3.47102e-05
57620: 3.47096e-05
57621: 3.4709e-05
57622: 3.47084e-05
57623: 3.47078e-05
57624: 3.47072e-05
57625: 3.47066e-05
57626: 3.4706e-05
57627: 3.47054e-05
57628: 3.47047e-05
57629: 3.47041e-05
57630: 3.47035e-05
57631: 3.47029e-05
57632: 3.47023e-05
57633: 3.47017e-05
57634: 3.47011e-05
57635: 3.47005e-05
57636: 3.46999e-05
57637: 3.46993e-05
57638: 3.46987e-05
57639: 3.46981e-05
57640: 3.46975e-05
57641: 3.46969e-05
57642: 3.46963e-05
57643: 3.46957e-05
57644: 3.46951e-05
57645: 3.46945e-05
57646: 3.46939e-05
57647: 3.46933e-05
57648: 3.46927e-05
57649: 3.46921e-05
57650: 3.46915e-05
57651: 3.46909e-05
57652: 3.46903e-05
57653: 3.46897e-05
57654: 3.46891e-05
57655: 3.46885e-05
57656: 3.46879e-05
57657: 3.46873e-05
57658: 3.46867e-05
57659: 3.46861e-05
57660: 3.46855e-05
57661: 3.46849e-05
57662: 3.46843e-05
57663: 3.46837e-05
57664: 3.46831e-05
57665: 3.46825e-05
57666: 3.46819e-05
57667: 3.46813e-05
57668: 3.46807e-05
57669: 3.46801e-05
57670: 3.46795e-05
57671: 3.46789e-05
57672: 3.46783e-05
57673: 3.46777e-05
57674: 3.46771e-05
57675: 3.46765e-05
57676: 3.46759e-05
57677: 3.46753e-05
57678: 3.46747e-05
57679: 3.46741e-05
57680: 3.46735e-05
57681: 3.46729e-05
57682: 3.46723e-05
57683: 3.46717e-05
57684: 3.46711e-05
57685: 3.46705e-05
57686: 3.46699e-05
57687: 3.46693e-05
57688: 3.46687e-05
57689: 3.46681e-05
57690: 3.46675e-05
57691: 3.46669e-05
57692: 3.46663e-05
57693: 3.46656e-05
57694: 3.4665e-05
57695: 3.46644e-05
57696: 3.46638e-05
57697: 3.46632e-05
57698: 3.46626e-05
57699: 3.4662e-05
57700: 3.46614e-05
57701: 3.46608e-05
57702: 3.46602e-05
57703: 3.46596e-05
57704: 3.4659e-05
57705: 3.46584e-05
57706: 3.46578e-05
57707: 3.46572e-05
57708: 3.46566e-05
57709: 3.4656e-05
57710: 3.46554e-05
57711: 3.46548e-05
57712: 3.46542e-05
57713: 3.46536e-05
57714: 3.4653e-05
57715: 3.46524e-05
57716: 3.46518e-05
57717: 3.46512e-05
57718: 3.46506e-05
57719: 3.465e-05
57720: 3.46494e-05
57721: 3.46488e-05
57722: 3.46482e-05
57723: 3.46476e-05
57724: 3.4647e-05
57725: 3.46464e-05
57726: 3.46458e-05
57727: 3.46452e-05
57728: 3.46446e-05
57729: 3.4644e-05
57730: 3.46434e-05
57731: 3.46428e-05
57732: 3.46422e-05
57733: 3.46416e-05
57734: 3.4641e-05
57735: 3.46404e-05
57736: 3.46398e-05
57737: 3.46392e-05
57738: 3.46386e-05
57739: 3.4638e-05
57740: 3.46374e-05
57741: 3.46368e-05
57742: 3.46362e-05
57743: 3.46356e-05
57744: 3.4635e-05
57745: 3.46344e-05
57746: 3.46338e-05
57747: 3.46332e-05
57748: 3.46326e-05
57749: 3.4632e-05
57750: 3.46314e-05
57751: 3.46308e-05
57752: 3.46302e-05
57753: 3.46296e-05
57754: 3.4629e-05
57755: 3.46284e-05
57756: 3.46278e-05
57757: 3.46272e-05
57758: 3.46266e-05
57759: 3.4626e-05
57760: 3.46254e-05
57761: 3.46248e-05
57762: 3.46242e-05
57763: 3.46236e-05
57764: 3.4623e-05
57765: 3.46224e-05
57766: 3.46218e-05
57767: 3.46212e-05
57768: 3.46206e-05
57769: 3.462e-05
57770: 3.46194e-05
57771: 3.46188e-05
57772: 3.46182e-05
57773: 3.46176e-05
57774: 3.4617e-05
57775: 3.46164e-05
57776: 3.46159e-05
57777: 3.46153e-05
57778: 3.46147e-05
57779: 3.46141e-05
57780: 3.46135e-05
57781: 3.46129e-05
57782: 3.46123e-05
57783: 3.46117e-05
57784: 3.46111e-05
57785: 3.46105e-05
57786: 3.46099e-05
57787: 3.46093e-05
57788: 3.46087e-05
57789: 3.46081e-05
57790: 3.46075e-05
57791: 3.46069e-05
57792: 3.46063e-05
57793: 3.46057e-05
57794: 3.46051e-05
57795: 3.46045e-05
57796: 3.46039e-05
57797: 3.46033e-05
57798: 3.46027e-05
57799: 3.46021e-05
57800: 3.46015e-05
57801: 3.46009e-05
57802: 3.46003e-05
57803: 3.45997e-05
57804: 3.45991e-05
57805: 3.45985e-05
57806: 3.45979e-05
57807: 3.45973e-05
57808: 3.45967e-05
57809: 3.45961e-05
57810: 3.45955e-05
57811: 3.45949e-05
57812: 3.45943e-05
57813: 3.45937e-05
57814: 3.45931e-05
57815: 3.45925e-05
57816: 3.45919e-05
57817: 3.45913e-05
57818: 3.45907e-05
57819: 3.45901e-05
57820: 3.45895e-05
57821: 3.45889e-05
57822: 3.45883e-05
57823: 3.45877e-05
57824: 3.45871e-05
57825: 3.45865e-05
57826: 3.45859e-05
57827: 3.45853e-05
57828: 3.45847e-05
57829: 3.45841e-05
57830: 3.45835e-05
57831: 3.45829e-05
57832: 3.45823e-05
57833: 3.45817e-05
57834: 3.45811e-05
57835: 3.45805e-05
57836: 3.45799e-05
57837: 3.45793e-05
57838: 3.45787e-05
57839: 3.45781e-05
57840: 3.45775e-05
57841: 3.4577e-05
57842: 3.45764e-05
57843: 3.45758e-05
57844: 3.45752e-05
57845: 3.45746e-05
57846: 3.4574e-05
57847: 3.45734e-05
57848: 3.45728e-05
57849: 3.45722e-05
57850: 3.45716e-05
57851: 3.4571e-05
57852: 3.45704e-05
57853: 3.45698e-05
57854: 3.45692e-05
57855: 3.45686e-05
57856: 3.4568e-05
57857: 3.45674e-05
57858: 3.45668e-05
57859: 3.45662e-05
57860: 3.45656e-05
57861: 3.4565e-05
57862: 3.45644e-05
57863: 3.45638e-05
57864: 3.45632e-05
57865: 3.45626e-05
57866: 3.4562e-05
57867: 3.45614e-05
57868: 3.45608e-05
57869: 3.45602e-05
57870: 3.45596e-05
57871: 3.4559e-05
57872: 3.45584e-05
57873: 3.45578e-05
57874: 3.45572e-05
57875: 3.45566e-05
57876: 3.4556e-05
57877: 3.45554e-05
57878: 3.45548e-05
57879: 3.45543e-05
57880: 3.45537e-05
57881: 3.45531e-05
57882: 3.45525e-05
57883: 3.45519e-05
57884: 3.45513e-05
57885: 3.45507e-05
57886: 3.45501e-05
57887: 3.45495e-05
57888: 3.45489e-05
57889: 3.45483e-05
57890: 3.45477e-05
57891: 3.45471e-05
57892: 3.45465e-05
57893: 3.45459e-05
57894: 3.45453e-05
57895: 3.45447e-05
57896: 3.45441e-05
57897: 3.45435e-05
57898: 3.45429e-05
57899: 3.45423e-05
57900: 3.45417e-05
57901: 3.45411e-05
57902: 3.45405e-05
57903: 3.45399e-05
57904: 3.45393e-05
57905: 3.45387e-05
57906: 3.45381e-05
57907: 3.45375e-05
57908: 3.45369e-05
57909: 3.45363e-05
57910: 3.45358e-05
57911: 3.45352e-05
57912: 3.45346e-05
57913: 3.4534e-05
57914: 3.45334e-05
57915: 3.45328e-05
57916: 3.45322e-05
57917: 3.45316e-05
57918: 3.4531e-05
57919: 3.45304e-05
57920: 3.45298e-05
57921: 3.45292e-05
57922: 3.45286e-05
57923: 3.4528e-05
57924: 3.45274e-05
57925: 3.45268e-05
57926: 3.45262e-05
57927: 3.45256e-05
57928: 3.4525e-05
57929: 3.45244e-05
57930: 3.45238e-05
57931: 3.45232e-05
57932: 3.45226e-05
57933: 3.4522e-05
57934: 3.45214e-05
57935: 3.45209e-05
57936: 3.45203e-05
57937: 3.45197e-05
57938: 3.45191e-05
57939: 3.45185e-05
57940: 3.45179e-05
57941: 3.45173e-05
57942: 3.45167e-05
57943: 3.45161e-05
57944: 3.45155e-05
57945: 3.45149e-05
57946: 3.45143e-05
57947: 3.45137e-05
57948: 3.45131e-05
57949: 3.45125e-05
57950: 3.45119e-05
57951: 3.45113e-05
57952: 3.45107e-05
57953: 3.45101e-05
57954: 3.45095e-05
57955: 3.45089e-05
57956: 3.45083e-05
57957: 3.45077e-05
57958: 3.45072e-05
57959: 3.45066e-05
57960: 3.4506e-05
57961: 3.45054e-05
57962: 3.45048e-05
57963: 3.45042e-05
57964: 3.45036e-05
57965: 3.4503e-05
57966: 3.45024e-05
57967: 3.45018e-05
57968: 3.45012e-05
57969: 3.45006e-05
57970: 3.45e-05
57971: 3.44994e-05
57972: 3.44988e-05
57973: 3.44982e-05
57974: 3.44976e-05
57975: 3.4497e-05
57976: 3.44964e-05
57977: 3.44958e-05
57978: 3.44952e-05
57979: 3.44947e-05
57980: 3.44941e-05
57981: 3.44935e-05
57982: 3.44929e-05
57983: 3.44923e-05
57984: 3.44917e-05
57985: 3.44911e-05
57986: 3.44905e-05
57987: 3.44899e-05
57988: 3.44893e-05
57989: 3.44887e-05
57990: 3.44881e-05
57991: 3.44875e-05
57992: 3.44869e-05
57993: 3.44863e-05
57994: 3.44857e-05
57995: 3.44851e-05
57996: 3.44845e-05
57997: 3.44839e-05
57998: 3.44834e-05
57999: 3.44828e-05
58000: 3.44822e-05
58001: 3.44816e-05
58002: 3.4481e-05
58003: 3.44804e-05
58004: 3.44798e-05
58005: 3.44792e-05
58006: 3.44786e-05
58007: 3.4478e-05
58008: 3.44774e-05
58009: 3.44768e-05
58010: 3.44762e-05
58011: 3.44756e-05
58012: 3.4475e-05
58013: 3.44744e-05
58014: 3.44738e-05
58015: 3.44732e-05
58016: 3.44727e-05
58017: 3.44721e-05
58018: 3.44715e-05
58019: 3.44709e-05
58020: 3.44703e-05
58021: 3.44697e-05
58022: 3.44691e-05
58023: 3.44685e-05
58024: 3.44679e-05
58025: 3.44673e-05
58026: 3.44667e-05
58027: 3.44661e-05
58028: 3.44655e-05
58029: 3.44649e-05
58030: 3.44643e-05
58031: 3.44637e-05
58032: 3.44632e-05
58033: 3.44626e-05
58034: 3.4462e-05
58035: 3.44614e-05
58036: 3.44608e-05
58037: 3.44602e-05
58038: 3.44596e-05
58039: 3.4459e-05
58040: 3.44584e-05
58041: 3.44578e-05
58042: 3.44572e-05
58043: 3.44566e-05
58044: 3.4456e-05
58045: 3.44554e-05
58046: 3.44548e-05
58047: 3.44542e-05
58048: 3.44537e-05
58049: 3.44531e-05
58050: 3.44525e-05
58051: 3.44519e-05
58052: 3.44513e-05
58053: 3.44507e-05
58054: 3.44501e-05
58055: 3.44495e-05
58056: 3.44489e-05
58057: 3.44483e-05
58058: 3.44477e-05
58059: 3.44471e-05
58060: 3.44465e-05
58061: 3.44459e-05
58062: 3.44453e-05
58063: 3.44448e-05
58064: 3.44442e-05
58065: 3.44436e-05
58066: 3.4443e-05
58067: 3.44424e-05
58068: 3.44418e-05
58069: 3.44412e-05
58070: 3.44406e-05
58071: 3.444e-05
58072: 3.44394e-05
58073: 3.44388e-05
58074: 3.44382e-05
58075: 3.44376e-05
58076: 3.4437e-05
58077: 3.44364e-05
58078: 3.44359e-05
58079: 3.44353e-05
58080: 3.44347e-05
58081: 3.44341e-05
58082: 3.44335e-05
58083: 3.44329e-05
58084: 3.44323e-05
58085: 3.44317e-05
58086: 3.44311e-05
58087: 3.44305e-05
58088: 3.44299e-05
58089: 3.44293e-05
58090: 3.44287e-05
58091: 3.44281e-05
58092: 3.44276e-05
58093: 3.4427e-05
58094: 3.44264e-05
58095: 3.44258e-05
58096: 3.44252e-05
58097: 3.44246e-05
58098: 3.4424e-05
58099: 3.44234e-05
58100: 3.44228e-05
58101: 3.44222e-05
58102: 3.44216e-05
58103: 3.4421e-05
58104: 3.44204e-05
58105: 3.44199e-05
58106: 3.44193e-05
58107: 3.44187e-05
58108: 3.44181e-05
58109: 3.44175e-05
58110: 3.44169e-05
58111: 3.44163e-05
58112: 3.44157e-05
58113: 3.44151e-05
58114: 3.44145e-05
58115: 3.44139e-05
58116: 3.44133e-05
58117: 3.44127e-05
58118: 3.44122e-05
58119: 3.44116e-05
58120: 3.4411e-05
58121: 3.44104e-05
58122: 3.44098e-05
58123: 3.44092e-05
58124: 3.44086e-05
58125: 3.4408e-05
58126: 3.44074e-05
58127: 3.44068e-05
58128: 3.44062e-05
58129: 3.44056e-05
58130: 3.44051e-05
58131: 3.44045e-05
58132: 3.44039e-05
58133: 3.44033e-05
58134: 3.44027e-05
58135: 3.44021e-05
58136: 3.44015e-05
58137: 3.44009e-05
58138: 3.44003e-05
58139: 3.43997e-05
58140: 3.43991e-05
58141: 3.43985e-05
58142: 3.43979e-05
58143: 3.43974e-05
58144: 3.43968e-05
58145: 3.43962e-05
58146: 3.43956e-05
58147: 3.4395e-05
58148: 3.43944e-05
58149: 3.43938e-05
58150: 3.43932e-05
58151: 3.43926e-05
58152: 3.4392e-05
58153: 3.43914e-05
58154: 3.43909e-05
58155: 3.43903e-05
58156: 3.43897e-05
58157: 3.43891e-05
58158: 3.43885e-05
58159: 3.43879e-05
58160: 3.43873e-05
58161: 3.43867e-05
58162: 3.43861e-05
58163: 3.43855e-05
58164: 3.43849e-05
58165: 3.43843e-05
58166: 3.43838e-05
58167: 3.43832e-05
58168: 3.43826e-05
58169: 3.4382e-05
58170: 3.43814e-05
58171: 3.43808e-05
58172: 3.43802e-05
58173: 3.43796e-05
58174: 3.4379e-05
58175: 3.43784e-05
58176: 3.43778e-05
58177: 3.43773e-05
58178: 3.43767e-05
58179: 3.43761e-05
58180: 3.43755e-05
58181: 3.43749e-05
58182: 3.43743e-05
58183: 3.43737e-05
58184: 3.43731e-05
58185: 3.43725e-05
58186: 3.43719e-05
58187: 3.43713e-05
58188: 3.43708e-05
58189: 3.43702e-05
58190: 3.43696e-05
58191: 3.4369e-05
58192: 3.43684e-05
58193: 3.43678e-05
58194: 3.43672e-05
58195: 3.43666e-05
58196: 3.4366e-05
58197: 3.43654e-05
58198: 3.43649e-05
58199: 3.43643e-05
58200: 3.43637e-05
58201: 3.43631e-05
58202: 3.43625e-05
58203: 3.43619e-05
58204: 3.43613e-05
58205: 3.43607e-05
58206: 3.43601e-05
58207: 3.43595e-05
58208: 3.43589e-05
58209: 3.43584e-05
58210: 3.43578e-05
58211: 3.43572e-05
58212: 3.43566e-05
58213: 3.4356e-05
58214: 3.43554e-05
58215: 3.43548e-05
58216: 3.43542e-05
58217: 3.43536e-05
58218: 3.4353e-05
58219: 3.43525e-05
58220: 3.43519e-05
58221: 3.43513e-05
58222: 3.43507e-05
58223: 3.43501e-05
58224: 3.43495e-05
58225: 3.43489e-05
58226: 3.43483e-05
58227: 3.43477e-05
58228: 3.43471e-05
58229: 3.43466e-05
58230: 3.4346e-05
58231: 3.43454e-05
58232: 3.43448e-05
58233: 3.43442e-05
58234: 3.43436e-05
58235: 3.4343e-05
58236: 3.43424e-05
58237: 3.43418e-05
58238: 3.43412e-05
58239: 3.43407e-05
58240: 3.43401e-05
58241: 3.43395e-05
58242: 3.43389e-05
58243: 3.43383e-05
58244: 3.43377e-05
58245: 3.43371e-05
58246: 3.43365e-05
58247: 3.43359e-05
58248: 3.43354e-05
58249: 3.43348e-05
58250: 3.43342e-05
58251: 3.43336e-05
58252: 3.4333e-05
58253: 3.43324e-05
58254: 3.43318e-05
58255: 3.43312e-05
58256: 3.43306e-05
58257: 3.433e-05
58258: 3.43295e-05
58259: 3.43289e-05
58260: 3.43283e-05
58261: 3.43277e-05
58262: 3.43271e-05
58263: 3.43265e-05
58264: 3.43259e-05
58265: 3.43253e-05
58266: 3.43247e-05
58267: 3.43242e-05
58268: 3.43236e-05
58269: 3.4323e-05
58270: 3.43224e-05
58271: 3.43218e-05
58272: 3.43212e-05
58273: 3.43206e-05
58274: 3.432e-05
58275: 3.43194e-05
58276: 3.43189e-05
58277: 3.43183e-05
58278: 3.43177e-05
58279: 3.43171e-05
58280: 3.43165e-05
58281: 3.43159e-05
58282: 3.43153e-05
58283: 3.43147e-05
58284: 3.43141e-05
58285: 3.43136e-05
58286: 3.4313e-05
58287: 3.43124e-05
58288: 3.43118e-05
58289: 3.43112e-05
58290: 3.43106e-05
58291: 3.431e-05
58292: 3.43094e-05
58293: 3.43088e-05
58294: 3.43083e-05
58295: 3.43077e-05
58296: 3.43071e-05
58297: 3.43065e-05
58298: 3.43059e-05
58299: 3.43053e-05
58300: 3.43047e-05
58301: 3.43041e-05
58302: 3.43036e-05
58303: 3.4303e-05
58304: 3.43024e-05
58305: 3.43018e-05
58306: 3.43012e-05
58307: 3.43006e-05
58308: 3.43e-05
58309: 3.42994e-05
58310: 3.42988e-05
58311: 3.42983e-05
58312: 3.42977e-05
58313: 3.42971e-05
58314: 3.42965e-05
58315: 3.42959e-05
58316: 3.42953e-05
58317: 3.42947e-05
58318: 3.42941e-05
58319: 3.42936e-05
58320: 3.4293e-05
58321: 3.42924e-05
58322: 3.42918e-05
58323: 3.42912e-05
58324: 3.42906e-05
58325: 3.429e-05
58326: 3.42894e-05
58327: 3.42888e-05
58328: 3.42883e-05
58329: 3.42877e-05
58330: 3.42871e-05
58331: 3.42865e-05
58332: 3.42859e-05
58333: 3.42853e-05
58334: 3.42847e-05
58335: 3.42841e-05
58336: 3.42836e-05
58337: 3.4283e-05
58338: 3.42824e-05
58339: 3.42818e-05
58340: 3.42812e-05
58341: 3.42806e-05
58342: 3.428e-05
58343: 3.42794e-05
58344: 3.42789e-05
58345: 3.42783e-05
58346: 3.42777e-05
58347: 3.42771e-05
58348: 3.42765e-05
58349: 3.42759e-05
58350: 3.42753e-05
58351: 3.42747e-05
58352: 3.42742e-05
58353: 3.42736e-05
58354: 3.4273e-05
58355: 3.42724e-05
58356: 3.42718e-05
58357: 3.42712e-05
58358: 3.42706e-05
58359: 3.427e-05
58360: 3.42695e-05
58361: 3.42689e-05
58362: 3.42683e-05
58363: 3.42677e-05
58364: 3.42671e-05
58365: 3.42665e-05
58366: 3.42659e-05
58367: 3.42654e-05
58368: 3.42648e-05
58369: 3.42642e-05
58370: 3.42636e-05
58371: 3.4263e-05
58372: 3.42624e-05
58373: 3.42618e-05
58374: 3.42612e-05
58375: 3.42607e-05
58376: 3.42601e-05
58377: 3.42595e-05
58378: 3.42589e-05
58379: 3.42583e-05
58380: 3.42577e-05
58381: 3.42571e-05
58382: 3.42565e-05
58383: 3.4256e-05
58384: 3.42554e-05
58385: 3.42548e-05
58386: 3.42542e-05
58387: 3.42536e-05
58388: 3.4253e-05
58389: 3.42524e-05
58390: 3.42519e-05
58391: 3.42513e-05
58392: 3.42507e-05
58393: 3.42501e-05
58394: 3.42495e-05
58395: 3.42489e-05
58396: 3.42483e-05
58397: 3.42477e-05
58398: 3.42472e-05
58399: 3.42466e-05
58400: 3.4246e-05
58401: 3.42454e-05
58402: 3.42448e-05
58403: 3.42442e-05
58404: 3.42436e-05
58405: 3.42431e-05
58406: 3.42425e-05
58407: 3.42419e-05
58408: 3.42413e-05
58409: 3.42407e-05
58410: 3.42401e-05
58411: 3.42395e-05
58412: 3.4239e-05
58413: 3.42384e-05
58414: 3.42378e-05
58415: 3.42372e-05
58416: 3.42366e-05
58417: 3.4236e-05
58418: 3.42354e-05
58419: 3.42349e-05
58420: 3.42343e-05
58421: 3.42337e-05
58422: 3.42331e-05
58423: 3.42325e-05
58424: 3.42319e-05
58425: 3.42313e-05
58426: 3.42307e-05
58427: 3.42302e-05
58428: 3.42296e-05
58429: 3.4229e-05
58430: 3.42284e-05
58431: 3.42278e-05
58432: 3.42272e-05
58433: 3.42266e-05
58434: 3.42261e-05
58435: 3.42255e-05
58436: 3.42249e-05
58437: 3.42243e-05
58438: 3.42237e-05
58439: 3.42231e-05
58440: 3.42225e-05
58441: 3.4222e-05
58442: 3.42214e-05
58443: 3.42208e-05
58444: 3.42202e-05
58445: 3.42196e-05
58446: 3.4219e-05
58447: 3.42185e-05
58448: 3.42179e-05
58449: 3.42173e-05
58450: 3.42167e-05
58451: 3.42161e-05
58452: 3.42155e-05
58453: 3.42149e-05
58454: 3.42144e-05
58455: 3.42138e-05
58456: 3.42132e-05
58457: 3.42126e-05
58458: 3.4212e-05
58459: 3.42114e-05
58460: 3.42108e-05
58461: 3.42103e-05
58462: 3.42097e-05
58463: 3.42091e-05
58464: 3.42085e-05
58465: 3.42079e-05
58466: 3.42073e-05
58467: 3.42067e-05
58468: 3.42062e-05
58469: 3.42056e-05
58470: 3.4205e-05
58471: 3.42044e-05
58472: 3.42038e-05
58473: 3.42032e-05
58474: 3.42027e-05
58475: 3.42021e-05
58476: 3.42015e-05
58477: 3.42009e-05
58478: 3.42003e-05
58479: 3.41997e-05
58480: 3.41991e-05
58481: 3.41986e-05
58482: 3.4198e-05
58483: 3.41974e-05
58484: 3.41968e-05
58485: 3.41962e-05
58486: 3.41956e-05
58487: 3.4195e-05
58488: 3.41945e-05
58489: 3.41939e-05
58490: 3.41933e-05
58491: 3.41927e-05
58492: 3.41921e-05
58493: 3.41915e-05
58494: 3.4191e-05
58495: 3.41904e-05
58496: 3.41898e-05
58497: 3.41892e-05
58498: 3.41886e-05
58499: 3.4188e-05
58500: 3.41874e-05
58501: 3.41869e-05
58502: 3.41863e-05
58503: 3.41857e-05
58504: 3.41851e-05
58505: 3.41845e-05
58506: 3.41839e-05
58507: 3.41834e-05
58508: 3.41828e-05
58509: 3.41822e-05
58510: 3.41816e-05
58511: 3.4181e-05
58512: 3.41804e-05
58513: 3.41799e-05
58514: 3.41793e-05
58515: 3.41787e-05
58516: 3.41781e-05
58517: 3.41775e-05
58518: 3.41769e-05
58519: 3.41763e-05
58520: 3.41758e-05
58521: 3.41752e-05
58522: 3.41746e-05
58523: 3.4174e-05
58524: 3.41734e-05
58525: 3.41728e-05
58526: 3.41723e-05
58527: 3.41717e-05
58528: 3.41711e-05
58529: 3.41705e-05
58530: 3.41699e-05
58531: 3.41693e-05
58532: 3.41688e-05
58533: 3.41682e-05
58534: 3.41676e-05
58535: 3.4167e-05
58536: 3.41664e-05
58537: 3.41658e-05
58538: 3.41653e-05
58539: 3.41647e-05
58540: 3.41641e-05
58541: 3.41635e-05
58542: 3.41629e-05
58543: 3.41623e-05
58544: 3.41618e-05
58545: 3.41612e-05
58546: 3.41606e-05
58547: 3.416e-05
58548: 3.41594e-05
58549: 3.41588e-05
58550: 3.41583e-05
58551: 3.41577e-05
58552: 3.41571e-05
58553: 3.41565e-05
58554: 3.41559e-05
58555: 3.41553e-05
58556: 3.41548e-05
58557: 3.41542e-05
58558: 3.41536e-05
58559: 3.4153e-05
58560: 3.41524e-05
58561: 3.41518e-05
58562: 3.41513e-05
58563: 3.41507e-05
58564: 3.41501e-05
58565: 3.41495e-05
58566: 3.41489e-05
58567: 3.41483e-05
58568: 3.41478e-05
58569: 3.41472e-05
58570: 3.41466e-05
58571: 3.4146e-05
58572: 3.41454e-05
58573: 3.41448e-05
58574: 3.41443e-05
58575: 3.41437e-05
58576: 3.41431e-05
58577: 3.41425e-05
58578: 3.41419e-05
58579: 3.41413e-05
58580: 3.41408e-05
58581: 3.41402e-05
58582: 3.41396e-05
58583: 3.4139e-05
58584: 3.41384e-05
58585: 3.41378e-05
58586: 3.41373e-05
58587: 3.41367e-05
58588: 3.41361e-05
58589: 3.41355e-05
58590: 3.41349e-05
58591: 3.41344e-05
58592: 3.41338e-05
58593: 3.41332e-05
58594: 3.41326e-05
58595: 3.4132e-05
58596: 3.41314e-05
58597: 3.41309e-05
58598: 3.41303e-05
58599: 3.41297e-05
58600: 3.41291e-05
58601: 3.41285e-05
58602: 3.41279e-05
58603: 3.41274e-05
58604: 3.41268e-05
58605: 3.41262e-05
58606: 3.41256e-05
58607: 3.4125e-05
58608: 3.41245e-05
58609: 3.41239e-05
58610: 3.41233e-05
58611: 3.41227e-05
58612: 3.41221e-05
58613: 3.41215e-05
58614: 3.4121e-05
58615: 3.41204e-05
58616: 3.41198e-05
58617: 3.41192e-05
58618: 3.41186e-05
58619: 3.4118e-05
58620: 3.41175e-05
58621: 3.41169e-05
58622: 3.41163e-05
58623: 3.41157e-05
58624: 3.41151e-05
58625: 3.41146e-05
58626: 3.4114e-05
58627: 3.41134e-05
58628: 3.41128e-05
58629: 3.41122e-05
58630: 3.41116e-05
58631: 3.41111e-05
58632: 3.41105e-05
58633: 3.41099e-05
58634: 3.41093e-05
58635: 3.41087e-05
58636: 3.41082e-05
58637: 3.41076e-05
58638: 3.4107e-05
58639: 3.41064e-05
58640: 3.41058e-05
58641: 3.41052e-05
58642: 3.41047e-05
58643: 3.41041e-05
58644: 3.41035e-05
58645: 3.41029e-05
58646: 3.41023e-05
58647: 3.41018e-05
58648: 3.41012e-05
58649: 3.41006e-05
58650: 3.41e-05
58651: 3.40994e-05
58652: 3.40989e-05
58653: 3.40983e-05
58654: 3.40977e-05
58655: 3.40971e-05
58656: 3.40965e-05
58657: 3.40959e-05
58658: 3.40954e-05
58659: 3.40948e-05
58660: 3.40942e-05
58661: 3.40936e-05
58662: 3.4093e-05
58663: 3.40925e-05
58664: 3.40919e-05
58665: 3.40913e-05
58666: 3.40907e-05
58667: 3.40901e-05
58668: 3.40896e-05
58669: 3.4089e-05
58670: 3.40884e-05
58671: 3.40878e-05
58672: 3.40872e-05
58673: 3.40866e-05
58674: 3.40861e-05
58675: 3.40855e-05
58676: 3.40849e-05
58677: 3.40843e-05
58678: 3.40837e-05
58679: 3.40832e-05
58680: 3.40826e-05
58681: 3.4082e-05
58682: 3.40814e-05
58683: 3.40808e-05
58684: 3.40803e-05
58685: 3.40797e-05
58686: 3.40791e-05
58687: 3.40785e-05
58688: 3.40779e-05
58689: 3.40774e-05
58690: 3.40768e-05
58691: 3.40762e-05
58692: 3.40756e-05
58693: 3.4075e-05
58694: 3.40745e-05
58695: 3.40739e-05
58696: 3.40733e-05
58697: 3.40727e-05
58698: 3.40721e-05
58699: 3.40716e-05
58700: 3.4071e-05
58701: 3.40704e-05
58702: 3.40698e-05
58703: 3.40692e-05
58704: 3.40686e-05
58705: 3.40681e-05
58706: 3.40675e-05
58707: 3.40669e-05
58708: 3.40663e-05
58709: 3.40657e-05
58710: 3.40652e-05
58711: 3.40646e-05
58712: 3.4064e-05
58713: 3.40634e-05
58714: 3.40628e-05
58715: 3.40623e-05
58716: 3.40617e-05
58717: 3.40611e-05
58718: 3.40605e-05
58719: 3.40599e-05
58720: 3.40594e-05
58721: 3.40588e-05
58722: 3.40582e-05
58723: 3.40576e-05
58724: 3.4057e-05
58725: 3.40565e-05
58726: 3.40559e-05
58727: 3.40553e-05
58728: 3.40547e-05
58729: 3.40541e-05
58730: 3.40536e-05
58731: 3.4053e-05
58732: 3.40524e-05
58733: 3.40518e-05
58734: 3.40512e-05
58735: 3.40507e-05
58736: 3.40501e-05
58737: 3.40495e-05
58738: 3.40489e-05
58739: 3.40483e-05
58740: 3.40478e-05
58741: 3.40472e-05
58742: 3.40466e-05
58743: 3.4046e-05
58744: 3.40455e-05
58745: 3.40449e-05
58746: 3.40443e-05
58747: 3.40437e-05
58748: 3.40431e-05
58749: 3.40426e-05
58750: 3.4042e-05
58751: 3.40414e-05
58752: 3.40408e-05
58753: 3.40402e-05
58754: 3.40397e-05
58755: 3.40391e-05
58756: 3.40385e-05
58757: 3.40379e-05
58758: 3.40373e-05
58759: 3.40368e-05
58760: 3.40362e-05
58761: 3.40356e-05
58762: 3.4035e-05
58763: 3.40344e-05
58764: 3.40339e-05
58765: 3.40333e-05
58766: 3.40327e-05
58767: 3.40321e-05
58768: 3.40315e-05
58769: 3.4031e-05
58770: 3.40304e-05
58771: 3.40298e-05
58772: 3.40292e-05
58773: 3.40287e-05
58774: 3.40281e-05
58775: 3.40275e-05
58776: 3.40269e-05
58777: 3.40263e-05
58778: 3.40258e-05
58779: 3.40252e-05
58780: 3.40246e-05
58781: 3.4024e-05
58782: 3.40234e-05
58783: 3.40229e-05
58784: 3.40223e-05
58785: 3.40217e-05
58786: 3.40211e-05
58787: 3.40205e-05
58788: 3.402e-05
58789: 3.40194e-05
58790: 3.40188e-05
58791: 3.40182e-05
58792: 3.40177e-05
58793: 3.40171e-05
58794: 3.40165e-05
58795: 3.40159e-05
58796: 3.40153e-05
58797: 3.40148e-05
58798: 3.40142e-05
58799: 3.40136e-05
58800: 3.4013e-05
58801: 3.40124e-05
58802: 3.40119e-05
58803: 3.40113e-05
58804: 3.40107e-05
58805: 3.40101e-05
58806: 3.40096e-05
58807: 3.4009e-05
58808: 3.40084e-05
58809: 3.40078e-05
58810: 3.40072e-05
58811: 3.40067e-05
58812: 3.40061e-05
58813: 3.40055e-05
58814: 3.40049e-05
58815: 3.40044e-05
58816: 3.40038e-05
58817: 3.40032e-05
58818: 3.40026e-05
58819: 3.4002e-05
58820: 3.40015e-05
58821: 3.40009e-05
58822: 3.40003e-05
58823: 3.39997e-05
58824: 3.39992e-05
58825: 3.39986e-05
58826: 3.3998e-05
58827: 3.39974e-05
58828: 3.39968e-05
58829: 3.39963e-05
58830: 3.39957e-05
58831: 3.39951e-05
58832: 3.39945e-05
58833: 3.39939e-05
58834: 3.39934e-05
58835: 3.39928e-05
58836: 3.39922e-05
58837: 3.39916e-05
58838: 3.39911e-05
58839: 3.39905e-05
58840: 3.39899e-05
58841: 3.39893e-05
58842: 3.39887e-05
58843: 3.39882e-05
58844: 3.39876e-05
58845: 3.3987e-05
58846: 3.39864e-05
58847: 3.39859e-05
58848: 3.39853e-05
58849: 3.39847e-05
58850: 3.39841e-05
58851: 3.39836e-05
58852: 3.3983e-05
58853: 3.39824e-05
58854: 3.39818e-05
58855: 3.39812e-05
58856: 3.39807e-05
58857: 3.39801e-05
58858: 3.39795e-05
58859: 3.39789e-05
58860: 3.39784e-05
58861: 3.39778e-05
58862: 3.39772e-05
58863: 3.39766e-05
58864: 3.3976e-05
58865: 3.39755e-05
58866: 3.39749e-05
58867: 3.39743e-05
58868: 3.39737e-05
58869: 3.39732e-05
58870: 3.39726e-05
58871: 3.3972e-05
58872: 3.39714e-05
58873: 3.39709e-05
58874: 3.39703e-05
58875: 3.39697e-05
58876: 3.39691e-05
58877: 3.39685e-05
58878: 3.3968e-05
58879: 3.39674e-05
58880: 3.39668e-05
58881: 3.39662e-05
58882: 3.39657e-05
58883: 3.39651e-05
58884: 3.39645e-05
58885: 3.39639e-05
58886: 3.39634e-05
58887: 3.39628e-05
58888: 3.39622e-05
58889: 3.39616e-05
58890: 3.3961e-05
58891: 3.39605e-05
58892: 3.39599e-05
58893: 3.39593e-05
58894: 3.39587e-05
58895: 3.39582e-05
58896: 3.39576e-05
58897: 3.3957e-05
58898: 3.39564e-05
58899: 3.39559e-05
58900: 3.39553e-05
58901: 3.39547e-05
58902: 3.39541e-05
58903: 3.39536e-05
58904: 3.3953e-05
58905: 3.39524e-05
58906: 3.39518e-05
58907: 3.39512e-05
58908: 3.39507e-05
58909: 3.39501e-05
58910: 3.39495e-05
58911: 3.39489e-05
58912: 3.39484e-05
58913: 3.39478e-05
58914: 3.39472e-05
58915: 3.39466e-05
58916: 3.39461e-05
58917: 3.39455e-05
58918: 3.39449e-05
58919: 3.39443e-05
58920: 3.39438e-05
58921: 3.39432e-05
58922: 3.39426e-05
58923: 3.3942e-05
58924: 3.39415e-05
58925: 3.39409e-05
58926: 3.39403e-05
58927: 3.39397e-05
58928: 3.39391e-05
58929: 3.39386e-05
58930: 3.3938e-05
58931: 3.39374e-05
58932: 3.39368e-05
58933: 3.39363e-05
58934: 3.39357e-05
58935: 3.39351e-05
58936: 3.39345e-05
58937: 3.3934e-05
58938: 3.39334e-05
58939: 3.39328e-05
58940: 3.39322e-05
58941: 3.39317e-05
58942: 3.39311e-05
58943: 3.39305e-05
58944: 3.39299e-05
58945: 3.39294e-05
58946: 3.39288e-05
58947: 3.39282e-05
58948: 3.39276e-05
58949: 3.39271e-05
58950: 3.39265e-05
58951: 3.39259e-05
58952: 3.39253e-05
58953: 3.39248e-05
58954: 3.39242e-05
58955: 3.39236e-05
58956: 3.3923e-05
58957: 3.39225e-05
58958: 3.39219e-05
58959: 3.39213e-05
58960: 3.39207e-05
58961: 3.39202e-05
58962: 3.39196e-05
58963: 3.3919e-05
58964: 3.39184e-05
58965: 3.39179e-05
58966: 3.39173e-05
58967: 3.39167e-05
58968: 3.39161e-05
58969: 3.39156e-05
58970: 3.3915e-05
58971: 3.39144e-05
58972: 3.39138e-05
58973: 3.39132e-05
58974: 3.39127e-05
58975: 3.39121e-05
58976: 3.39115e-05
58977: 3.39109e-05
58978: 3.39104e-05
58979: 3.39098e-05
58980: 3.39092e-05
58981: 3.39087e-05
58982: 3.39081e-05
58983: 3.39075e-05
58984: 3.39069e-05
58985: 3.39064e-05
58986: 3.39058e-05
58987: 3.39052e-05
58988: 3.39046e-05
58989: 3.39041e-05
58990: 3.39035e-05
58991: 3.39029e-05
58992: 3.39023e-05
58993: 3.39018e-05
58994: 3.39012e-05
58995: 3.39006e-05
58996: 3.39e-05
58997: 3.38995e-05
58998: 3.38989e-05
58999: 3.38983e-05
59000: 3.38977e-05
59001: 3.38972e-05
59002: 3.38966e-05
59003: 3.3896e-05
59004: 3.38954e-05
59005: 3.38949e-05
59006: 3.38943e-05
59007: 3.38937e-05
59008: 3.38931e-05
59009: 3.38926e-05
59010: 3.3892e-05
59011: 3.38914e-05
59012: 3.38908e-05
59013: 3.38903e-05
59014: 3.38897e-05
59015: 3.38891e-05
59016: 3.38885e-05
59017: 3.3888e-05
59018: 3.38874e-05
59019: 3.38868e-05
59020: 3.38862e-05
59021: 3.38857e-05
59022: 3.38851e-05
59023: 3.38845e-05
59024: 3.38839e-05
59025: 3.38834e-05
59026: 3.38828e-05
59027: 3.38822e-05
59028: 3.38817e-05
59029: 3.38811e-05
59030: 3.38805e-05
59031: 3.38799e-05
59032: 3.38794e-05
59033: 3.38788e-05
59034: 3.38782e-05
59035: 3.38776e-05
59036: 3.38771e-05
59037: 3.38765e-05
59038: 3.38759e-05
59039: 3.38753e-05
59040: 3.38748e-05
59041: 3.38742e-05
59042: 3.38736e-05
59043: 3.3873e-05
59044: 3.38725e-05
59045: 3.38719e-05
59046: 3.38713e-05
59047: 3.38707e-05
59048: 3.38702e-05
59049: 3.38696e-05
59050: 3.3869e-05
59051: 3.38685e-05
59052: 3.38679e-05
59053: 3.38673e-05
59054: 3.38667e-05
59055: 3.38662e-05
59056: 3.38656e-05
59057: 3.3865e-05
59058: 3.38644e-05
59059: 3.38639e-05
59060: 3.38633e-05
59061: 3.38627e-05
59062: 3.38621e-05
59063: 3.38616e-05
59064: 3.3861e-05
59065: 3.38604e-05
59066: 3.38599e-05
59067: 3.38593e-05
59068: 3.38587e-05
59069: 3.38581e-05
59070: 3.38576e-05
59071: 3.3857e-05
59072: 3.38564e-05
59073: 3.38558e-05
59074: 3.38553e-05
59075: 3.38547e-05
59076: 3.38541e-05
59077: 3.38535e-05
59078: 3.3853e-05
59079: 3.38524e-05
59080: 3.38518e-05
59081: 3.38513e-05
59082: 3.38507e-05
59083: 3.38501e-05
59084: 3.38495e-05
59085: 3.3849e-05
59086: 3.38484e-05
59087: 3.38478e-05
59088: 3.38472e-05
59089: 3.38467e-05
59090: 3.38461e-05
59091: 3.38455e-05
59092: 3.3845e-05
59093: 3.38444e-05
59094: 3.38438e-05
59095: 3.38432e-05
59096: 3.38427e-05
59097: 3.38421e-05
59098: 3.38415e-05
59099: 3.38409e-05
59100: 3.38404e-05
59101: 3.38398e-05
59102: 3.38392e-05
59103: 3.38387e-05
59104: 3.38381e-05
59105: 3.38375e-05
59106: 3.38369e-05
59107: 3.38364e-05
59108: 3.38358e-05
59109: 3.38352e-05
59110: 3.38347e-05
59111: 3.38341e-05
59112: 3.38335e-05
59113: 3.38329e-05
59114: 3.38324e-05
59115: 3.38318e-05
59116: 3.38312e-05
59117: 3.38306e-05
59118: 3.38301e-05
59119: 3.38295e-05
59120: 3.38289e-05
59121: 3.38284e-05
59122: 3.38278e-05
59123: 3.38272e-05
59124: 3.38266e-05
59125: 3.38261e-05
59126: 3.38255e-05
59127: 3.38249e-05
59128: 3.38244e-05
59129: 3.38238e-05
59130: 3.38232e-05
59131: 3.38226e-05
59132: 3.38221e-05
59133: 3.38215e-05
59134: 3.38209e-05
59135: 3.38203e-05
59136: 3.38198e-05
59137: 3.38192e-05
59138: 3.38186e-05
59139: 3.38181e-05
59140: 3.38175e-05
59141: 3.38169e-05
59142: 3.38163e-05
59143: 3.38158e-05
59144: 3.38152e-05
59145: 3.38146e-05
59146: 3.38141e-05
59147: 3.38135e-05
59148: 3.38129e-05
59149: 3.38123e-05
59150: 3.38118e-05
59151: 3.38112e-05
59152: 3.38106e-05
59153: 3.38101e-05
59154: 3.38095e-05
59155: 3.38089e-05
59156: 3.38083e-05
59157: 3.38078e-05
59158: 3.38072e-05
59159: 3.38066e-05
59160: 3.38061e-05
59161: 3.38055e-05
59162: 3.38049e-05
59163: 3.38043e-05
59164: 3.38038e-05
59165: 3.38032e-05
59166: 3.38026e-05
59167: 3.38021e-05
59168: 3.38015e-05
59169: 3.38009e-05
59170: 3.38003e-05
59171: 3.37998e-05
59172: 3.37992e-05
59173: 3.37986e-05
59174: 3.37981e-05
59175: 3.37975e-05
59176: 3.37969e-05
59177: 3.37963e-05
59178: 3.37958e-05
59179: 3.37952e-05
59180: 3.37946e-05
59181: 3.37941e-05
59182: 3.37935e-05
59183: 3.37929e-05
59184: 3.37923e-05
59185: 3.37918e-05
59186: 3.37912e-05
59187: 3.37906e-05
59188: 3.37901e-05
59189: 3.37895e-05
59190: 3.37889e-05
59191: 3.37883e-05
59192: 3.37878e-05
59193: 3.37872e-05
59194: 3.37866e-05
59195: 3.37861e-05
59196: 3.37855e-05
59197: 3.37849e-05
59198: 3.37844e-05
59199: 3.37838e-05
59200: 3.37832e-05
59201: 3.37826e-05
59202: 3.37821e-05
59203: 3.37815e-05
59204: 3.37809e-05
59205: 3.37804e-05
59206: 3.37798e-05
59207: 3.37792e-05
59208: 3.37786e-05
59209: 3.37781e-05
59210: 3.37775e-05
59211: 3.37769e-05
59212: 3.37764e-05
59213: 3.37758e-05
59214: 3.37752e-05
59215: 3.37747e-05
59216: 3.37741e-05
59217: 3.37735e-05
59218: 3.37729e-05
59219: 3.37724e-05
59220: 3.37718e-05
59221: 3.37712e-05
59222: 3.37707e-05
59223: 3.37701e-05
59224: 3.37695e-05
59225: 3.3769e-05
59226: 3.37684e-05
59227: 3.37678e-05
59228: 3.37672e-05
59229: 3.37667e-05
59230: 3.37661e-05
59231: 3.37655e-05
59232: 3.3765e-05
59233: 3.37644e-05
59234: 3.37638e-05
59235: 3.37633e-05
59236: 3.37627e-05
59237: 3.37621e-05
59238: 3.37615e-05
59239: 3.3761e-05
59240: 3.37604e-05
59241: 3.37598e-05
59242: 3.37593e-05
59243: 3.37587e-05
59244: 3.37581e-05
59245: 3.37576e-05
59246: 3.3757e-05
59247: 3.37564e-05
59248: 3.37558e-05
59249: 3.37553e-05
59250: 3.37547e-05
59251: 3.37541e-05
59252: 3.37536e-05
59253: 3.3753e-05
59254: 3.37524e-05
59255: 3.37519e-05
59256: 3.37513e-05
59257: 3.37507e-05
59258: 3.37501e-05
59259: 3.37496e-05
59260: 3.3749e-05
59261: 3.37484e-05
59262: 3.37479e-05
59263: 3.37473e-05
59264: 3.37467e-05
59265: 3.37462e-05
59266: 3.37456e-05
59267: 3.3745e-05
59268: 3.37445e-05
59269: 3.37439e-05
59270: 3.37433e-05
59271: 3.37427e-05
59272: 3.37422e-05
59273: 3.37416e-05
59274: 3.3741e-05
59275: 3.37405e-05
59276: 3.37399e-05
59277: 3.37393e-05
59278: 3.37388e-05
59279: 3.37382e-05
59280: 3.37376e-05
59281: 3.37371e-05
59282: 3.37365e-05
59283: 3.37359e-05
59284: 3.37353e-05
59285: 3.37348e-05
59286: 3.37342e-05
59287: 3.37336e-05
59288: 3.37331e-05
59289: 3.37325e-05
59290: 3.37319e-05
59291: 3.37314e-05
59292: 3.37308e-05
59293: 3.37302e-05
59294: 3.37297e-05
59295: 3.37291e-05
59296: 3.37285e-05
59297: 3.3728e-05
59298: 3.37274e-05
59299: 3.37268e-05
59300: 3.37262e-05
59301: 3.37257e-05
59302: 3.37251e-05
59303: 3.37245e-05
59304: 3.3724e-05
59305: 3.37234e-05
59306: 3.37228e-05
59307: 3.37223e-05
59308: 3.37217e-05
59309: 3.37211e-05
59310: 3.37206e-05
59311: 3.372e-05
59312: 3.37194e-05
59313: 3.37189e-05
59314: 3.37183e-05
59315: 3.37177e-05
59316: 3.37171e-05
59317: 3.37166e-05
59318: 3.3716e-05
59319: 3.37154e-05
59320: 3.37149e-05
59321: 3.37143e-05
59322: 3.37137e-05
59323: 3.37132e-05
59324: 3.37126e-05
59325: 3.3712e-05
59326: 3.37115e-05
59327: 3.37109e-05
59328: 3.37103e-05
59329: 3.37098e-05
59330: 3.37092e-05
59331: 3.37086e-05
59332: 3.37081e-05
59333: 3.37075e-05
59334: 3.37069e-05
59335: 3.37064e-05
59336: 3.37058e-05
59337: 3.37052e-05
59338: 3.37046e-05
59339: 3.37041e-05
59340: 3.37035e-05
59341: 3.37029e-05
59342: 3.37024e-05
59343: 3.37018e-05
59344: 3.37012e-05
59345: 3.37007e-05
59346: 3.37001e-05
59347: 3.36995e-05
59348: 3.3699e-05
59349: 3.36984e-05
59350: 3.36978e-05
59351: 3.36973e-05
59352: 3.36967e-05
59353: 3.36961e-05
59354: 3.36956e-05
59355: 3.3695e-05
59356: 3.36944e-05
59357: 3.36939e-05
59358: 3.36933e-05
59359: 3.36927e-05
59360: 3.36922e-05
59361: 3.36916e-05
59362: 3.3691e-05
59363: 3.36905e-05
59364: 3.36899e-05
59365: 3.36893e-05
59366: 3.36887e-05
59367: 3.36882e-05
59368: 3.36876e-05
59369: 3.3687e-05
59370: 3.36865e-05
59371: 3.36859e-05
59372: 3.36853e-05
59373: 3.36848e-05
59374: 3.36842e-05
59375: 3.36836e-05
59376: 3.36831e-05
59377: 3.36825e-05
59378: 3.36819e-05
59379: 3.36814e-05
59380: 3.36808e-05
59381: 3.36802e-05
59382: 3.36797e-05
59383: 3.36791e-05
59384: 3.36785e-05
59385: 3.3678e-05
59386: 3.36774e-05
59387: 3.36768e-05
59388: 3.36763e-05
59389: 3.36757e-05
59390: 3.36751e-05
59391: 3.36746e-05
59392: 3.3674e-05
59393: 3.36734e-05
59394: 3.36729e-05
59395: 3.36723e-05
59396: 3.36717e-05
59397: 3.36712e-05
59398: 3.36706e-05
59399: 3.367e-05
59400: 3.36695e-05
59401: 3.36689e-05
59402: 3.36683e-05
59403: 3.36678e-05
59404: 3.36672e-05
59405: 3.36666e-05
59406: 3.36661e-05
59407: 3.36655e-05
59408: 3.36649e-05
59409: 3.36644e-05
59410: 3.36638e-05
59411: 3.36632e-05
59412: 3.36627e-05
59413: 3.36621e-05
59414: 3.36615e-05
59415: 3.3661e-05
59416: 3.36604e-05
59417: 3.36598e-05
59418: 3.36593e-05
59419: 3.36587e-05
59420: 3.36581e-05
59421: 3.36576e-05
59422: 3.3657e-05
59423: 3.36564e-05
59424: 3.36559e-05
59425: 3.36553e-05
59426: 3.36547e-05
59427: 3.36542e-05
59428: 3.36536e-05
59429: 3.3653e-05
59430: 3.36525e-05
59431: 3.36519e-05
59432: 3.36513e-05
59433: 3.36508e-05
59434: 3.36502e-05
59435: 3.36496e-05
59436: 3.36491e-05
59437: 3.36485e-05
59438: 3.36479e-05
59439: 3.36474e-05
59440: 3.36468e-05
59441: 3.36462e-05
59442: 3.36457e-05
59443: 3.36451e-05
59444: 3.36445e-05
59445: 3.3644e-05
59446: 3.36434e-05
59447: 3.36428e-05
59448: 3.36423e-05
59449: 3.36417e-05
59450: 3.36411e-05
59451: 3.36406e-05
59452: 3.364e-05
59453: 3.36395e-05
59454: 3.36389e-05
59455: 3.36383e-05
59456: 3.36378e-05
59457: 3.36372e-05
59458: 3.36366e-05
59459: 3.36361e-05
59460: 3.36355e-05
59461: 3.36349e-05
59462: 3.36344e-05
59463: 3.36338e-05
59464: 3.36332e-05
59465: 3.36327e-05
59466: 3.36321e-05
59467: 3.36315e-05
59468: 3.3631e-05
59469: 3.36304e-05
59470: 3.36298e-05
59471: 3.36293e-05
59472: 3.36287e-05
59473: 3.36281e-05
59474: 3.36276e-05
59475: 3.3627e-05
59476: 3.36264e-05
59477: 3.36259e-05
59478: 3.36253e-05
59479: 3.36247e-05
59480: 3.36242e-05
59481: 3.36236e-05
59482: 3.36231e-05
59483: 3.36225e-05
59484: 3.36219e-05
59485: 3.36214e-05
59486: 3.36208e-05
59487: 3.36202e-05
59488: 3.36197e-05
59489: 3.36191e-05
59490: 3.36185e-05
59491: 3.3618e-05
59492: 3.36174e-05
59493: 3.36168e-05
59494: 3.36163e-05
59495: 3.36157e-05
59496: 3.36151e-05
59497: 3.36146e-05
59498: 3.3614e-05
59499: 3.36134e-05
59500: 3.36129e-05
59501: 3.36123e-05
59502: 3.36118e-05
59503: 3.36112e-05
59504: 3.36106e-05
59505: 3.36101e-05
59506: 3.36095e-05
59507: 3.36089e-05
59508: 3.36084e-05
59509: 3.36078e-05
59510: 3.36072e-05
59511: 3.36067e-05
59512: 3.36061e-05
59513: 3.36055e-05
59514: 3.3605e-05
59515: 3.36044e-05
59516: 3.36038e-05
59517: 3.36033e-05
59518: 3.36027e-05
59519: 3.36022e-05
59520: 3.36016e-05
59521: 3.3601e-05
59522: 3.36005e-05
59523: 3.35999e-05
59524: 3.35993e-05
59525: 3.35988e-05
59526: 3.35982e-05
59527: 3.35976e-05
59528: 3.35971e-05
59529: 3.35965e-05
59530: 3.35959e-05
59531: 3.35954e-05
59532: 3.35948e-05
59533: 3.35942e-05
59534: 3.35937e-05
59535: 3.35931e-05
59536: 3.35926e-05
59537: 3.3592e-05
59538: 3.35914e-05
59539: 3.35909e-05
59540: 3.35903e-05
59541: 3.35897e-05
59542: 3.35892e-05
59543: 3.35886e-05
59544: 3.3588e-05
59545: 3.35875e-05
59546: 3.35869e-05
59547: 3.35864e-05
59548: 3.35858e-05
59549: 3.35852e-05
59550: 3.35847e-05
59551: 3.35841e-05
59552: 3.35835e-05
59553: 3.3583e-05
59554: 3.35824e-05
59555: 3.35818e-05
59556: 3.35813e-05
59557: 3.35807e-05
59558: 3.35801e-05
59559: 3.35796e-05
59560: 3.3579e-05
59561: 3.35785e-05
59562: 3.35779e-05
59563: 3.35773e-05
59564: 3.35768e-05
59565: 3.35762e-05
59566: 3.35756e-05
59567: 3.35751e-05
59568: 3.35745e-05
59569: 3.35739e-05
59570: 3.35734e-05
59571: 3.35728e-05
59572: 3.35723e-05
59573: 3.35717e-05
59574: 3.35711e-05
59575: 3.35706e-05
59576: 3.357e-05
59577: 3.35694e-05
59578: 3.35689e-05
59579: 3.35683e-05
59580: 3.35677e-05
59581: 3.35672e-05
59582: 3.35666e-05
59583: 3.35661e-05
59584: 3.35655e-05
59585: 3.35649e-05
59586: 3.35644e-05
59587: 3.35638e-05
59588: 3.35632e-05
59589: 3.35627e-05
59590: 3.35621e-05
59591: 3.35616e-05
59592: 3.3561e-05
59593: 3.35604e-05
59594: 3.35599e-05
59595: 3.35593e-05
59596: 3.35587e-05
59597: 3.35582e-05
59598: 3.35576e-05
59599: 3.3557e-05
59600: 3.35565e-05
59601: 3.35559e-05
59602: 3.35554e-05
59603: 3.35548e-05
59604: 3.35542e-05
59605: 3.35537e-05
59606: 3.35531e-05
59607: 3.35525e-05
59608: 3.3552e-05
59609: 3.35514e-05
59610: 3.35509e-05
59611: 3.35503e-05
59612: 3.35497e-05
59613: 3.35492e-05
59614: 3.35486e-05
59615: 3.3548e-05
59616: 3.35475e-05
59617: 3.35469e-05
59618: 3.35464e-05
59619: 3.35458e-05
59620: 3.35452e-05
59621: 3.35447e-05
59622: 3.35441e-05
59623: 3.35435e-05
59624: 3.3543e-05
59625: 3.35424e-05
59626: 3.35419e-05
59627: 3.35413e-05
59628: 3.35407e-05
59629: 3.35402e-05
59630: 3.35396e-05
59631: 3.3539e-05
59632: 3.35385e-05
59633: 3.35379e-05
59634: 3.35374e-05
59635: 3.35368e-05
59636: 3.35362e-05
59637: 3.35357e-05
59638: 3.35351e-05
59639: 3.35345e-05
59640: 3.3534e-05
59641: 3.35334e-05
59642: 3.35329e-05
59643: 3.35323e-05
59644: 3.35317e-05
59645: 3.35312e-05
59646: 3.35306e-05
59647: 3.353e-05
59648: 3.35295e-05
59649: 3.35289e-05
59650: 3.35284e-05
59651: 3.35278e-05
59652: 3.35272e-05
59653: 3.35267e-05
59654: 3.35261e-05
59655: 3.35255e-05
59656: 3.3525e-05
59657: 3.35244e-05
59658: 3.35239e-05
59659: 3.35233e-05
59660: 3.35227e-05
59661: 3.35222e-05
59662: 3.35216e-05
59663: 3.35211e-05
59664: 3.35205e-05
59665: 3.35199e-05
59666: 3.35194e-05
59667: 3.35188e-05
59668: 3.35182e-05
59669: 3.35177e-05
59670: 3.35171e-05
59671: 3.35166e-05
59672: 3.3516e-05
59673: 3.35154e-05
59674: 3.35149e-05
59675: 3.35143e-05
59676: 3.35137e-05
59677: 3.35132e-05
59678: 3.35126e-05
59679: 3.35121e-05
59680: 3.35115e-05
59681: 3.35109e-05
59682: 3.35104e-05
59683: 3.35098e-05
59684: 3.35093e-05
59685: 3.35087e-05
59686: 3.35081e-05
59687: 3.35076e-05
59688: 3.3507e-05
59689: 3.35064e-05
59690: 3.35059e-05
59691: 3.35053e-05
59692: 3.35048e-05
59693: 3.35042e-05
59694: 3.35036e-05
59695: 3.35031e-05
59696: 3.35025e-05
59697: 3.3502e-05
59698: 3.35014e-05
59699: 3.35008e-05
59700: 3.35003e-05
59701: 3.34997e-05
59702: 3.34992e-05
59703: 3.34986e-05
59704: 3.3498e-05
59705: 3.34975e-05
59706: 3.34969e-05
59707: 3.34963e-05
59708: 3.34958e-05
59709: 3.34952e-05
59710: 3.34947e-05
59711: 3.34941e-05
59712: 3.34935e-05
59713: 3.3493e-05
59714: 3.34924e-05
59715: 3.34919e-05
59716: 3.34913e-05
59717: 3.34907e-05
59718: 3.34902e-05
59719: 3.34896e-05
59720: 3.34891e-05
59721: 3.34885e-05
59722: 3.34879e-05
59723: 3.34874e-05
59724: 3.34868e-05
59725: 3.34863e-05
59726: 3.34857e-05
59727: 3.34851e-05
59728: 3.34846e-05
59729: 3.3484e-05
59730: 3.34835e-05
59731: 3.34829e-05
59732: 3.34823e-05
59733: 3.34818e-05
59734: 3.34812e-05
59735: 3.34806e-05
59736: 3.34801e-05
59737: 3.34795e-05
59738: 3.3479e-05
59739: 3.34784e-05
59740: 3.34778e-05
59741: 3.34773e-05
59742: 3.34767e-05
59743: 3.34762e-05
59744: 3.34756e-05
59745: 3.3475e-05
59746: 3.34745e-05
59747: 3.34739e-05
59748: 3.34734e-05
59749: 3.34728e-05
59750: 3.34722e-05
59751: 3.34717e-05
59752: 3.34711e-05
59753: 3.34706e-05
59754: 3.347e-05
59755: 3.34694e-05
59756: 3.34689e-05
59757: 3.34683e-05
59758: 3.34678e-05
59759: 3.34672e-05
59760: 3.34666e-05
59761: 3.34661e-05
59762: 3.34655e-05
59763: 3.3465e-05
59764: 3.34644e-05
59765: 3.34638e-05
59766: 3.34633e-05
59767: 3.34627e-05
59768: 3.34622e-05
59769: 3.34616e-05
59770: 3.3461e-05
59771: 3.34605e-05
59772: 3.34599e-05
59773: 3.34594e-05
59774: 3.34588e-05
59775: 3.34582e-05
59776: 3.34577e-05
59777: 3.34571e-05
59778: 3.34566e-05
59779: 3.3456e-05
59780: 3.34554e-05
59781: 3.34549e-05
59782: 3.34543e-05
59783: 3.34538e-05
59784: 3.34532e-05
59785: 3.34526e-05
59786: 3.34521e-05
59787: 3.34515e-05
59788: 3.3451e-05
59789: 3.34504e-05
59790: 3.34499e-05
59791: 3.34493e-05
59792: 3.34487e-05
59793: 3.34482e-05
59794: 3.34476e-05
59795: 3.34471e-05
59796: 3.34465e-05
59797: 3.34459e-05
59798: 3.34454e-05
59799: 3.34448e-05
59800: 3.34443e-05
59801: 3.34437e-05
59802: 3.34431e-05
59803: 3.34426e-05
59804: 3.3442e-05
59805: 3.34415e-05
59806: 3.34409e-05
59807: 3.34403e-05
59808: 3.34398e-05
59809: 3.34392e-05
59810: 3.34387e-05
59811: 3.34381e-05
59812: 3.34375e-05
59813: 3.3437e-05
59814: 3.34364e-05
59815: 3.34359e-05
59816: 3.34353e-05
59817: 3.34348e-05
59818: 3.34342e-05
59819: 3.34336e-05
59820: 3.34331e-05
59821: 3.34325e-05
59822: 3.3432e-05
59823: 3.34314e-05
59824: 3.34308e-05
59825: 3.34303e-05
59826: 3.34297e-05
59827: 3.34292e-05
59828: 3.34286e-05
59829: 3.3428e-05
59830: 3.34275e-05
59831: 3.34269e-05
59832: 3.34264e-05
59833: 3.34258e-05
59834: 3.34253e-05
59835: 3.34247e-05
59836: 3.34241e-05
59837: 3.34236e-05
59838: 3.3423e-05
59839: 3.34225e-05
59840: 3.34219e-05
59841: 3.34213e-05
59842: 3.34208e-05
59843: 3.34202e-05
59844: 3.34197e-05
59845: 3.34191e-05
59846: 3.34186e-05
59847: 3.3418e-05
59848: 3.34174e-05
59849: 3.34169e-05
59850: 3.34163e-05
59851: 3.34158e-05
59852: 3.34152e-05
59853: 3.34146e-05
59854: 3.34141e-05
59855: 3.34135e-05
59856: 3.3413e-05
59857: 3.34124e-05
59858: 3.34119e-05
59859: 3.34113e-05
59860: 3.34107e-05
59861: 3.34102e-05
59862: 3.34096e-05
59863: 3.34091e-05
59864: 3.34085e-05
59865: 3.34079e-05
59866: 3.34074e-05
59867: 3.34068e-05
59868: 3.34063e-05
59869: 3.34057e-05
59870: 3.34052e-05
59871: 3.34046e-05
59872: 3.3404e-05
59873: 3.34035e-05
59874: 3.34029e-05
59875: 3.34024e-05
59876: 3.34018e-05
59877: 3.34012e-05
59878: 3.34007e-05
59879: 3.34001e-05
59880: 3.33996e-05
59881: 3.3399e-05
59882: 3.33985e-05
59883: 3.33979e-05
59884: 3.33973e-05
59885: 3.33968e-05
59886: 3.33962e-05
59887: 3.33957e-05
59888: 3.33951e-05
59889: 3.33946e-05
59890: 3.3394e-05
59891: 3.33934e-05
59892: 3.33929e-05
59893: 3.33923e-05
59894: 3.33918e-05
59895: 3.33912e-05
59896: 3.33907e-05
59897: 3.33901e-05
59898: 3.33895e-05
59899: 3.3389e-05
59900: 3.33884e-05
59901: 3.33879e-05
59902: 3.33873e-05
59903: 3.33868e-05
59904: 3.33862e-05
59905: 3.33856e-05
59906: 3.33851e-05
59907: 3.33845e-05
59908: 3.3384e-05
59909: 3.33834e-05
59910: 3.33829e-05
59911: 3.33823e-05
59912: 3.33817e-05
59913: 3.33812e-05
59914: 3.33806e-05
59915: 3.33801e-05
59916: 3.33795e-05
59917: 3.3379e-05
59918: 3.33784e-05
59919: 3.33778e-05
59920: 3.33773e-05
59921: 3.33767e-05
59922: 3.33762e-05
59923: 3.33756e-05
59924: 3.33751e-05
59925: 3.33745e-05
59926: 3.33739e-05
59927: 3.33734e-05
59928: 3.33728e-05
59929: 3.33723e-05
59930: 3.33717e-05
59931: 3.33712e-05
59932: 3.33706e-05
59933: 3.337e-05
59934: 3.33695e-05
59935: 3.33689e-05
59936: 3.33684e-05
59937: 3.33678e-05
59938: 3.33673e-05
59939: 3.33667e-05
59940: 3.33661e-05
59941: 3.33656e-05
59942: 3.3365e-05
59943: 3.33645e-05
59944: 3.33639e-05
59945: 3.33634e-05
59946: 3.33628e-05
59947: 3.33622e-05
59948: 3.33617e-05
59949: 3.33611e-05
59950: 3.33606e-05
59951: 3.336e-05
59952: 3.33595e-05
59953: 3.33589e-05
59954: 3.33584e-05
59955: 3.33578e-05
59956: 3.33572e-05
59957: 3.33567e-05
59958: 3.33561e-05
59959: 3.33556e-05
59960: 3.3355e-05
59961: 3.33545e-05
59962: 3.33539e-05
59963: 3.33533e-05
59964: 3.33528e-05
59965: 3.33522e-05
59966: 3.33517e-05
59967: 3.33511e-05
59968: 3.33506e-05
59969: 3.335e-05
59970: 3.33495e-05
59971: 3.33489e-05
59972: 3.33483e-05
59973: 3.33478e-05
59974: 3.33472e-05
59975: 3.33467e-05
59976: 3.33461e-05
59977: 3.33456e-05
59978: 3.3345e-05
59979: 3.33444e-05
59980: 3.33439e-05
59981: 3.33433e-05
59982: 3.33428e-05
59983: 3.33422e-05
59984: 3.33417e-05
59985: 3.33411e-05
59986: 3.33406e-05
59987: 3.334e-05
59988: 3.33394e-05
59989: 3.33389e-05
59990: 3.33383e-05
59991: 3.33378e-05
59992: 3.33372e-05
59993: 3.33367e-05
59994: 3.33361e-05
59995: 3.33356e-05
59996: 3.3335e-05
59997: 3.33344e-05
59998: 3.33339e-05
59999: 3.33333e-05
60000: 3.33328e-05
60001: 3.33322e-05
60002: 3.33317e-05
60003: 3.33311e-05
60004: 3.33306e-05
60005: 3.333e-05
60006: 3.33294e-05
60007: 3.33289e-05
60008: 3.33283e-05
60009: 3.33278e-05
60010: 3.33272e-05
60011: 3.33267e-05
60012: 3.33261e-05
60013: 3.33256e-05
60014: 3.3325e-05
60015: 3.33244e-05
60016: 3.33239e-05
60017: 3.33233e-05
60018: 3.33228e-05
60019: 3.33222e-05
60020: 3.33217e-05
60021: 3.33211e-05
60022: 3.33206e-05
60023: 3.332e-05
60024: 3.33195e-05
60025: 3.33189e-05
60026: 3.33183e-05
60027: 3.33178e-05
60028: 3.33172e-05
60029: 3.33167e-05
60030: 3.33161e-05
60031: 3.33156e-05
60032: 3.3315e-05
60033: 3.33145e-05
60034: 3.33139e-05
60035: 3.33133e-05
60036: 3.33128e-05
60037: 3.33122e-05
60038: 3.33117e-05
60039: 3.33111e-05
60040: 3.33106e-05
60041: 3.331e-05
60042: 3.33095e-05
60043: 3.33089e-05
60044: 3.33084e-05
60045: 3.33078e-05
60046: 3.33072e-05
60047: 3.33067e-05
60048: 3.33061e-05
60049: 3.33056e-05
60050: 3.3305e-05
60051: 3.33045e-05
60052: 3.33039e-05
60053: 3.33034e-05
60054: 3.33028e-05
60055: 3.33023e-05
60056: 3.33017e-05
60057: 3.33011e-05
60058: 3.33006e-05
60059: 3.33e-05
60060: 3.32995e-05
60061: 3.32989e-05
60062: 3.32984e-05
60063: 3.32978e-05
60064: 3.32973e-05
60065: 3.32967e-05
60066: 3.32962e-05
60067: 3.32956e-05
60068: 3.3295e-05
60069: 3.32945e-05
60070: 3.32939e-05
60071: 3.32934e-05
60072: 3.32928e-05
60073: 3.32923e-05
60074: 3.32917e-05
60075: 3.32912e-05
60076: 3.32906e-05
60077: 3.32901e-05
60078: 3.32895e-05
60079: 3.32889e-05
60080: 3.32884e-05
60081: 3.32878e-05
60082: 3.32873e-05
60083: 3.32867e-05
60084: 3.32862e-05
60085: 3.32856e-05
60086: 3.32851e-05
60087: 3.32845e-05
60088: 3.3284e-05
60089: 3.32834e-05
60090: 3.32829e-05
60091: 3.32823e-05
60092: 3.32817e-05
60093: 3.32812e-05
60094: 3.32806e-05
60095: 3.32801e-05
60096: 3.32795e-05
60097: 3.3279e-05
60098: 3.32784e-05
60099: 3.32779e-05
60100: 3.32773e-05
60101: 3.32768e-05
60102: 3.32762e-05
60103: 3.32757e-05
60104: 3.32751e-05
60105: 3.32745e-05
60106: 3.3274e-05
60107: 3.32734e-05
60108: 3.32729e-05
60109: 3.32723e-05
60110: 3.32718e-05
60111: 3.32712e-05
60112: 3.32707e-05
60113: 3.32701e-05
60114: 3.32696e-05
60115: 3.3269e-05
60116: 3.32685e-05
60117: 3.32679e-05
60118: 3.32674e-05
60119: 3.32668e-05
60120: 3.32662e-05
60121: 3.32657e-05
60122: 3.32651e-05
60123: 3.32646e-05
60124: 3.3264e-05
60125: 3.32635e-05
60126: 3.32629e-05
60127: 3.32624e-05
60128: 3.32618e-05
60129: 3.32613e-05
60130: 3.32607e-05
60131: 3.32602e-05
60132: 3.32596e-05
60133: 3.32591e-05
60134: 3.32585e-05
60135: 3.32579e-05
60136: 3.32574e-05
60137: 3.32568e-05
60138: 3.32563e-05
60139: 3.32557e-05
60140: 3.32552e-05
60141: 3.32546e-05
60142: 3.32541e-05
60143: 3.32535e-05
60144: 3.3253e-05
60145: 3.32524e-05
60146: 3.32519e-05
60147: 3.32513e-05
60148: 3.32508e-05
60149: 3.32502e-05
60150: 3.32497e-05
60151: 3.32491e-05
60152: 3.32485e-05
60153: 3.3248e-05
60154: 3.32474e-05
60155: 3.32469e-05
60156: 3.32463e-05
60157: 3.32458e-05
60158: 3.32452e-05
60159: 3.32447e-05
60160: 3.32441e-05
60161: 3.32436e-05
60162: 3.3243e-05
60163: 3.32425e-05
60164: 3.32419e-05
60165: 3.32414e-05
60166: 3.32408e-05
60167: 3.32403e-05
60168: 3.32397e-05
60169: 3.32392e-05
60170: 3.32386e-05
60171: 3.32381e-05
60172: 3.32375e-05
60173: 3.32369e-05
60174: 3.32364e-05
60175: 3.32358e-05
60176: 3.32353e-05
60177: 3.32347e-05
60178: 3.32342e-05
60179: 3.32336e-05
60180: 3.32331e-05
60181: 3.32325e-05
60182: 3.3232e-05
60183: 3.32314e-05
60184: 3.32309e-05
60185: 3.32303e-05
60186: 3.32298e-05
60187: 3.32292e-05
60188: 3.32287e-05
60189: 3.32281e-05
60190: 3.32276e-05
60191: 3.3227e-05
60192: 3.32265e-05
60193: 3.32259e-05
60194: 3.32254e-05
60195: 3.32248e-05
60196: 3.32242e-05
60197: 3.32237e-05
60198: 3.32231e-05
60199: 3.32226e-05
60200: 3.3222e-05
60201: 3.32215e-05
60202: 3.32209e-05
60203: 3.32204e-05
60204: 3.32198e-05
60205: 3.32193e-05
60206: 3.32187e-05
60207: 3.32182e-05
60208: 3.32176e-05
60209: 3.32171e-05
60210: 3.32165e-05
60211: 3.3216e-05
60212: 3.32154e-05
60213: 3.32149e-05
60214: 3.32143e-05
60215: 3.32138e-05
60216: 3.32132e-05
60217: 3.32127e-05
60218: 3.32121e-05
60219: 3.32116e-05
60220: 3.3211e-05
60221: 3.32105e-05
60222: 3.32099e-05
60223: 3.32094e-05
60224: 3.32088e-05
60225: 3.32082e-05
60226: 3.32077e-05
60227: 3.32071e-05
60228: 3.32066e-05
60229: 3.3206e-05
60230: 3.32055e-05
60231: 3.32049e-05
60232: 3.32044e-05
60233: 3.32038e-05
60234: 3.32033e-05
60235: 3.32027e-05
60236: 3.32022e-05
60237: 3.32016e-05
60238: 3.32011e-05
60239: 3.32005e-05
60240: 3.32e-05
60241: 3.31994e-05
60242: 3.31989e-05
60243: 3.31983e-05
60244: 3.31978e-05
60245: 3.31972e-05
60246: 3.31967e-05
60247: 3.31961e-05
60248: 3.31956e-05
60249: 3.3195e-05
60250: 3.31945e-05
60251: 3.31939e-05
60252: 3.31934e-05
60253: 3.31928e-05
60254: 3.31923e-05
60255: 3.31917e-05
60256: 3.31912e-05
60257: 3.31906e-05
60258: 3.31901e-05
60259: 3.31895e-05
60260: 3.3189e-05
60261: 3.31884e-05
60262: 3.31879e-05
60263: 3.31873e-05
60264: 3.31868e-05
60265: 3.31862e-05
60266: 3.31857e-05
60267: 3.31851e-05
60268: 3.31846e-05
60269: 3.3184e-05
60270: 3.31835e-05
60271: 3.31829e-05
60272: 3.31824e-05
60273: 3.31818e-05
60274: 3.31813e-05
60275: 3.31807e-05
60276: 3.31802e-05
60277: 3.31796e-05
60278: 3.31791e-05
60279: 3.31785e-05
60280: 3.31779e-05
60281: 3.31774e-05
60282: 3.31768e-05
60283: 3.31763e-05
60284: 3.31757e-05
60285: 3.31752e-05
60286: 3.31746e-05
60287: 3.31741e-05
60288: 3.31735e-05
60289: 3.3173e-05
60290: 3.31724e-05
60291: 3.31719e-05
60292: 3.31713e-05
60293: 3.31708e-05
60294: 3.31702e-05
60295: 3.31697e-05
60296: 3.31691e-05
60297: 3.31686e-05
60298: 3.3168e-05
60299: 3.31675e-05
60300: 3.31669e-05
60301: 3.31664e-05
60302: 3.31658e-05
60303: 3.31653e-05
60304: 3.31647e-05
60305: 3.31642e-05
60306: 3.31636e-05
60307: 3.31631e-05
60308: 3.31625e-05
60309: 3.3162e-05
60310: 3.31614e-05
60311: 3.31609e-05
60312: 3.31603e-05
60313: 3.31598e-05
60314: 3.31592e-05
60315: 3.31587e-05
60316: 3.31581e-05
60317: 3.31576e-05
60318: 3.3157e-05
60319: 3.31565e-05
60320: 3.31559e-05
60321: 3.31554e-05
60322: 3.31548e-05
60323: 3.31543e-05
60324: 3.31538e-05
60325: 3.31532e-05
60326: 3.31527e-05
60327: 3.31521e-05
60328: 3.31516e-05
60329: 3.3151e-05
60330: 3.31505e-05
60331: 3.31499e-05
60332: 3.31494e-05
60333: 3.31488e-05
60334: 3.31483e-05
60335: 3.31477e-05
60336: 3.31472e-05
60337: 3.31466e-05
60338: 3.31461e-05
60339: 3.31455e-05
60340: 3.3145e-05
60341: 3.31444e-05
60342: 3.31439e-05
60343: 3.31433e-05
60344: 3.31428e-05
60345: 3.31422e-05
60346: 3.31417e-05
60347: 3.31411e-05
60348: 3.31406e-05
60349: 3.314e-05
60350: 3.31395e-05
60351: 3.31389e-05
60352: 3.31384e-05
60353: 3.31378e-05
60354: 3.31373e-05
60355: 3.31367e-05
60356: 3.31362e-05
60357: 3.31356e-05
60358: 3.31351e-05
60359: 3.31345e-05
60360: 3.3134e-05
60361: 3.31334e-05
60362: 3.31329e-05
60363: 3.31323e-05
60364: 3.31318e-05
60365: 3.31312e-05
60366: 3.31307e-05
60367: 3.31301e-05
60368: 3.31296e-05
60369: 3.3129e-05
60370: 3.31285e-05
60371: 3.31279e-05
60372: 3.31274e-05
60373: 3.31268e-05
60374: 3.31263e-05
60375: 3.31257e-05
60376: 3.31252e-05
60377: 3.31246e-05
60378: 3.31241e-05
60379: 3.31236e-05
60380: 3.3123e-05
60381: 3.31225e-05
60382: 3.31219e-05
60383: 3.31214e-05
60384: 3.31208e-05
60385: 3.31203e-05
60386: 3.31197e-05
60387: 3.31192e-05
60388: 3.31186e-05
60389: 3.31181e-05
60390: 3.31175e-05
60391: 3.3117e-05
60392: 3.31164e-05
60393: 3.31159e-05
60394: 3.31153e-05
60395: 3.31148e-05
60396: 3.31142e-05
60397: 3.31137e-05
60398: 3.31131e-05
60399: 3.31126e-05
60400: 3.3112e-05
60401: 3.31115e-05
60402: 3.31109e-05
60403: 3.31104e-05
60404: 3.31098e-05
60405: 3.31093e-05
60406: 3.31087e-05
60407: 3.31082e-05
60408: 3.31076e-05
60409: 3.31071e-05
60410: 3.31066e-05
60411: 3.3106e-05
60412: 3.31055e-05
60413: 3.31049e-05
60414: 3.31044e-05
60415: 3.31038e-05
60416: 3.31033e-05
60417: 3.31027e-05
60418: 3.31022e-05
60419: 3.31016e-05
60420: 3.31011e-05
60421: 3.31005e-05
60422: 3.31e-05
60423: 3.30994e-05
60424: 3.30989e-05
60425: 3.30983e-05
60426: 3.30978e-05
60427: 3.30972e-05
60428: 3.30967e-05
60429: 3.30961e-05
60430: 3.30956e-05
60431: 3.3095e-05
60432: 3.30945e-05
60433: 3.3094e-05
60434: 3.30934e-05
60435: 3.30929e-05
60436: 3.30923e-05
60437: 3.30918e-05
60438: 3.30912e-05
60439: 3.30907e-05
60440: 3.30901e-05
60441: 3.30896e-05
60442: 3.3089e-05
60443: 3.30885e-05
60444: 3.30879e-05
60445: 3.30874e-05
60446: 3.30868e-05
60447: 3.30863e-05
60448: 3.30857e-05
60449: 3.30852e-05
60450: 3.30846e-05
60451: 3.30841e-05
60452: 3.30836e-05
60453: 3.3083e-05
60454: 3.30825e-05
60455: 3.30819e-05
60456: 3.30814e-05
60457: 3.30808e-05
60458: 3.30803e-05
60459: 3.30797e-05
60460: 3.30792e-05
60461: 3.30786e-05
60462: 3.30781e-05
60463: 3.30775e-05
60464: 3.3077e-05
60465: 3.30764e-05
60466: 3.30759e-05
60467: 3.30753e-05
60468: 3.30748e-05
60469: 3.30743e-05
60470: 3.30737e-05
60471: 3.30732e-05
60472: 3.30726e-05
60473: 3.30721e-05
60474: 3.30715e-05
60475: 3.3071e-05
60476: 3.30704e-05
60477: 3.30699e-05
60478: 3.30693e-05
60479: 3.30688e-05
60480: 3.30682e-05
60481: 3.30677e-05
60482: 3.30671e-05
60483: 3.30666e-05
60484: 3.3066e-05
60485: 3.30655e-05
60486: 3.3065e-05
60487: 3.30644e-05
60488: 3.30639e-05
60489: 3.30633e-05
60490: 3.30628e-05
60491: 3.30622e-05
60492: 3.30617e-05
60493: 3.30611e-05
60494: 3.30606e-05
60495: 3.306e-05
60496: 3.30595e-05
60497: 3.30589e-05
60498: 3.30584e-05
60499: 3.30579e-05
60500: 3.30573e-05
60501: 3.30568e-05
60502: 3.30562e-05
60503: 3.30557e-05
60504: 3.30551e-05
60505: 3.30546e-05
60506: 3.3054e-05
60507: 3.30535e-05
60508: 3.30529e-05
60509: 3.30524e-05
60510: 3.30518e-05
60511: 3.30513e-05
60512: 3.30507e-05
60513: 3.30502e-05
60514: 3.30497e-05
60515: 3.30491e-05
60516: 3.30486e-05
60517: 3.3048e-05
60518: 3.30475e-05
60519: 3.30469e-05
60520: 3.30464e-05
60521: 3.30458e-05
60522: 3.30453e-05
60523: 3.30447e-05
60524: 3.30442e-05
60525: 3.30437e-05
60526: 3.30431e-05
60527: 3.30426e-05
60528: 3.3042e-05
60529: 3.30415e-05
60530: 3.30409e-05
60531: 3.30404e-05
60532: 3.30398e-05
60533: 3.30393e-05
60534: 3.30387e-05
60535: 3.30382e-05
60536: 3.30376e-05
60537: 3.30371e-05
60538: 3.30366e-05
60539: 3.3036e-05
60540: 3.30355e-05
60541: 3.30349e-05
60542: 3.30344e-05
60543: 3.30338e-05
60544: 3.30333e-05
60545: 3.30327e-05
60546: 3.30322e-05
60547: 3.30316e-05
60548: 3.30311e-05
60549: 3.30306e-05
60550: 3.303e-05
60551: 3.30295e-05
60552: 3.30289e-05
60553: 3.30284e-05
60554: 3.30278e-05
60555: 3.30273e-05
60556: 3.30267e-05
60557: 3.30262e-05
60558: 3.30256e-05
60559: 3.30251e-05
60560: 3.30246e-05
60561: 3.3024e-05
60562: 3.30235e-05
60563: 3.30229e-05
60564: 3.30224e-05
60565: 3.30218e-05
60566: 3.30213e-05
60567: 3.30207e-05
60568: 3.30202e-05
60569: 3.30196e-05
60570: 3.30191e-05
60571: 3.30186e-05
60572: 3.3018e-05
60573: 3.30175e-05
60574: 3.30169e-05
60575: 3.30164e-05
60576: 3.30158e-05
60577: 3.30153e-05
60578: 3.30147e-05
60579: 3.30142e-05
60580: 3.30137e-05
60581: 3.30131e-05
60582: 3.30126e-05
60583: 3.3012e-05
60584: 3.30115e-05
60585: 3.30109e-05
60586: 3.30104e-05
60587: 3.30098e-05
60588: 3.30093e-05
60589: 3.30087e-05
60590: 3.30082e-05
60591: 3.30077e-05
60592: 3.30071e-05
60593: 3.30066e-05
60594: 3.3006e-05
60595: 3.30055e-05
60596: 3.30049e-05
60597: 3.30044e-05
60598: 3.30038e-05
60599: 3.30033e-05
60600: 3.30028e-05
60601: 3.30022e-05
60602: 3.30017e-05
60603: 3.30011e-05
60604: 3.30006e-05
60605: 3.3e-05
60606: 3.29995e-05
60607: 3.29989e-05
60608: 3.29984e-05
60609: 3.29979e-05
60610: 3.29973e-05
60611: 3.29968e-05
60612: 3.29962e-05
60613: 3.29957e-05
60614: 3.29951e-05
60615: 3.29946e-05
60616: 3.2994e-05
60617: 3.29935e-05
60618: 3.2993e-05
60619: 3.29924e-05
60620: 3.29919e-05
60621: 3.29913e-05
60622: 3.29908e-05
60623: 3.29902e-05
60624: 3.29897e-05
60625: 3.29891e-05
60626: 3.29886e-05
60627: 3.29881e-05
60628: 3.29875e-05
60629: 3.2987e-05
60630: 3.29864e-05
60631: 3.29859e-05
60632: 3.29853e-05
60633: 3.29848e-05
60634: 3.29843e-05
60635: 3.29837e-05
60636: 3.29832e-05
60637: 3.29826e-05
60638: 3.29821e-05
60639: 3.29815e-05
60640: 3.2981e-05
60641: 3.29804e-05
60642: 3.29799e-05
60643: 3.29794e-05
60644: 3.29788e-05
60645: 3.29783e-05
60646: 3.29777e-05
60647: 3.29772e-05
60648: 3.29766e-05
60649: 3.29761e-05
60650: 3.29755e-05
60651: 3.2975e-05
60652: 3.29745e-05
60653: 3.29739e-05
60654: 3.29734e-05
60655: 3.29728e-05
60656: 3.29723e-05
60657: 3.29717e-05
60658: 3.29712e-05
60659: 3.29707e-05
60660: 3.29701e-05
60661: 3.29696e-05
60662: 3.2969e-05
60663: 3.29685e-05
60664: 3.29679e-05
60665: 3.29674e-05
60666: 3.29669e-05
60667: 3.29663e-05
60668: 3.29658e-05
60669: 3.29652e-05
60670: 3.29647e-05
60671: 3.29641e-05
60672: 3.29636e-05
60673: 3.2963e-05
60674: 3.29625e-05
60675: 3.2962e-05
60676: 3.29614e-05
60677: 3.29609e-05
60678: 3.29603e-05
60679: 3.29598e-05
60680: 3.29592e-05
60681: 3.29587e-05
60682: 3.29582e-05
60683: 3.29576e-05
60684: 3.29571e-05
60685: 3.29565e-05
60686: 3.2956e-05
60687: 3.29554e-05
60688: 3.29549e-05
60689: 3.29544e-05
60690: 3.29538e-05
60691: 3.29533e-05
60692: 3.29527e-05
60693: 3.29522e-05
60694: 3.29516e-05
60695: 3.29511e-05
60696: 3.29506e-05
60697: 3.295e-05
60698: 3.29495e-05
60699: 3.29489e-05
60700: 3.29484e-05
60701: 3.29478e-05
60702: 3.29473e-05
60703: 3.29468e-05
60704: 3.29462e-05
60705: 3.29457e-05
60706: 3.29451e-05
60707: 3.29446e-05
60708: 3.2944e-05
60709: 3.29435e-05
60710: 3.2943e-05
60711: 3.29424e-05
60712: 3.29419e-05
60713: 3.29413e-05
60714: 3.29408e-05
60715: 3.29402e-05
60716: 3.29397e-05
60717: 3.29392e-05
60718: 3.29386e-05
60719: 3.29381e-05
60720: 3.29375e-05
60721: 3.2937e-05
60722: 3.29364e-05
60723: 3.29359e-05
60724: 3.29354e-05
60725: 3.29348e-05
60726: 3.29343e-05
60727: 3.29337e-05
60728: 3.29332e-05
60729: 3.29327e-05
60730: 3.29321e-05
60731: 3.29316e-05
60732: 3.2931e-05
60733: 3.29305e-05
60734: 3.29299e-05
60735: 3.29294e-05
60736: 3.29289e-05
60737: 3.29283e-05
60738: 3.29278e-05
60739: 3.29272e-05
60740: 3.29267e-05
60741: 3.29261e-05
60742: 3.29256e-05
60743: 3.29251e-05
60744: 3.29245e-05
60745: 3.2924e-05
60746: 3.29234e-05
60747: 3.29229e-05
60748: 3.29224e-05
60749: 3.29218e-05
60750: 3.29213e-05
60751: 3.29207e-05
60752: 3.29202e-05
60753: 3.29196e-05
60754: 3.29191e-05
60755: 3.29186e-05
60756: 3.2918e-05
60757: 3.29175e-05
60758: 3.29169e-05
60759: 3.29164e-05
60760: 3.29159e-05
60761: 3.29153e-05
60762: 3.29148e-05
60763: 3.29142e-05
60764: 3.29137e-05
60765: 3.29131e-05
60766: 3.29126e-05
60767: 3.29121e-05
60768: 3.29115e-05
60769: 3.2911e-05
60770: 3.29104e-05
60771: 3.29099e-05
60772: 3.29094e-05
60773: 3.29088e-05
60774: 3.29083e-05
60775: 3.29077e-05
60776: 3.29072e-05
60777: 3.29066e-05
60778: 3.29061e-05
60779: 3.29056e-05
60780: 3.2905e-05
60781: 3.29045e-05
60782: 3.29039e-05
60783: 3.29034e-05
60784: 3.29029e-05
60785: 3.29023e-05
60786: 3.29018e-05
60787: 3.29012e-05
60788: 3.29007e-05
60789: 3.29001e-05
60790: 3.28996e-05
60791: 3.28991e-05
60792: 3.28985e-05
60793: 3.2898e-05
60794: 3.28974e-05
60795: 3.28969e-05
60796: 3.28964e-05
60797: 3.28958e-05
60798: 3.28953e-05
60799: 3.28947e-05
60800: 3.28942e-05
60801: 3.28937e-05
60802: 3.28931e-05
60803: 3.28926e-05
60804: 3.2892e-05
60805: 3.28915e-05
60806: 3.2891e-05
60807: 3.28904e-05
60808: 3.28899e-05
60809: 3.28893e-05
60810: 3.28888e-05
60811: 3.28882e-05
60812: 3.28877e-05
60813: 3.28872e-05
60814: 3.28866e-05
60815: 3.28861e-05
60816: 3.28855e-05
60817: 3.2885e-05
60818: 3.28845e-05
60819: 3.28839e-05
60820: 3.28834e-05
60821: 3.28828e-05
60822: 3.28823e-05
60823: 3.28818e-05
60824: 3.28812e-05
60825: 3.28807e-05
60826: 3.28801e-05
60827: 3.28796e-05
60828: 3.28791e-05
60829: 3.28785e-05
60830: 3.2878e-05
60831: 3.28774e-05
60832: 3.28769e-05
60833: 3.28764e-05
60834: 3.28758e-05
60835: 3.28753e-05
60836: 3.28747e-05
60837: 3.28742e-05
60838: 3.28737e-05
60839: 3.28731e-05
60840: 3.28726e-05
60841: 3.2872e-05
60842: 3.28715e-05
60843: 3.28709e-05
60844: 3.28704e-05
60845: 3.28699e-05
60846: 3.28693e-05
60847: 3.28688e-05
60848: 3.28682e-05
60849: 3.28677e-05
60850: 3.28672e-05
60851: 3.28666e-05
60852: 3.28661e-05
60853: 3.28655e-05
60854: 3.2865e-05
60855: 3.28645e-05
60856: 3.28639e-05
60857: 3.28634e-05
60858: 3.28628e-05
60859: 3.28623e-05
60860: 3.28618e-05
60861: 3.28612e-05
60862: 3.28607e-05
60863: 3.28601e-05
60864: 3.28596e-05
60865: 3.28591e-05
60866: 3.28585e-05
60867: 3.2858e-05
60868: 3.28574e-05
60869: 3.28569e-05
60870: 3.28564e-05
60871: 3.28558e-05
60872: 3.28553e-05
60873: 3.28547e-05
60874: 3.28542e-05
60875: 3.28537e-05
60876: 3.28531e-05
60877: 3.28526e-05
60878: 3.28521e-05
60879: 3.28515e-05
60880: 3.2851e-05
60881: 3.28504e-05
60882: 3.28499e-05
60883: 3.28494e-05
60884: 3.28488e-05
60885: 3.28483e-05
60886: 3.28477e-05
60887: 3.28472e-05
60888: 3.28467e-05
60889: 3.28461e-05
60890: 3.28456e-05
60891: 3.2845e-05
60892: 3.28445e-05
60893: 3.2844e-05
60894: 3.28434e-05
60895: 3.28429e-05
60896: 3.28423e-05
60897: 3.28418e-05
60898: 3.28413e-05
60899: 3.28407e-05
60900: 3.28402e-05
60901: 3.28396e-05
60902: 3.28391e-05
60903: 3.28386e-05
60904: 3.2838e-05
60905: 3.28375e-05
60906: 3.28369e-05
60907: 3.28364e-05
60908: 3.28359e-05
60909: 3.28353e-05
60910: 3.28348e-05
60911: 3.28343e-05
60912: 3.28337e-05
60913: 3.28332e-05
60914: 3.28326e-05
60915: 3.28321e-05
60916: 3.28316e-05
60917: 3.2831e-05
60918: 3.28305e-05
60919: 3.28299e-05
60920: 3.28294e-05
60921: 3.28289e-05
60922: 3.28283e-05
60923: 3.28278e-05
60924: 3.28272e-05
60925: 3.28267e-05
60926: 3.28262e-05
60927: 3.28256e-05
60928: 3.28251e-05
60929: 3.28246e-05
60930: 3.2824e-05
60931: 3.28235e-05
60932: 3.28229e-05
60933: 3.28224e-05
60934: 3.28219e-05
60935: 3.28213e-05
60936: 3.28208e-05
60937: 3.28202e-05
60938: 3.28197e-05
60939: 3.28192e-05
60940: 3.28186e-05
60941: 3.28181e-05
60942: 3.28176e-05
60943: 3.2817e-05
60944: 3.28165e-05
60945: 3.28159e-05
60946: 3.28154e-05
60947: 3.28149e-05
60948: 3.28143e-05
60949: 3.28138e-05
60950: 3.28132e-05
60951: 3.28127e-05
60952: 3.28122e-05
60953: 3.28116e-05
60954: 3.28111e-05
60955: 3.28106e-05
60956: 3.281e-05
60957: 3.28095e-05
60958: 3.28089e-05
60959: 3.28084e-05
60960: 3.28079e-05
60961: 3.28073e-05
60962: 3.28068e-05
60963: 3.28062e-05
60964: 3.28057e-05
60965: 3.28052e-05
60966: 3.28046e-05
60967: 3.28041e-05
60968: 3.28036e-05
60969: 3.2803e-05
60970: 3.28025e-05
60971: 3.28019e-05
60972: 3.28014e-05
60973: 3.28009e-05
60974: 3.28003e-05
60975: 3.27998e-05
60976: 3.27993e-05
60977: 3.27987e-05
60978: 3.27982e-05
60979: 3.27976e-05
60980: 3.27971e-05
60981: 3.27966e-05
60982: 3.2796e-05
60983: 3.27955e-05
60984: 3.27949e-05
60985: 3.27944e-05
60986: 3.27939e-05
60987: 3.27933e-05
60988: 3.27928e-05
60989: 3.27923e-05
60990: 3.27917e-05
60991: 3.27912e-05
60992: 3.27906e-05
60993: 3.27901e-05
60994: 3.27896e-05
60995: 3.2789e-05
60996: 3.27885e-05
60997: 3.2788e-05
60998: 3.27874e-05
60999: 3.27869e-05
61000: 3.27863e-05
61001: 3.27858e-05
61002: 3.27853e-05
61003: 3.27847e-05
61004: 3.27842e-05
61005: 3.27837e-05
61006: 3.27831e-05
61007: 3.27826e-05
61008: 3.2782e-05
61009: 3.27815e-05
61010: 3.2781e-05
61011: 3.27804e-05
61012: 3.27799e-05
61013: 3.27794e-05
61014: 3.27788e-05
61015: 3.27783e-05
61016: 3.27778e-05
61017: 3.27772e-05
61018: 3.27767e-05
61019: 3.27761e-05
61020: 3.27756e-05
61021: 3.27751e-05
61022: 3.27745e-05
61023: 3.2774e-05
61024: 3.27735e-05
61025: 3.27729e-05
61026: 3.27724e-05
61027: 3.27718e-05
61028: 3.27713e-05
61029: 3.27708e-05
61030: 3.27702e-05
61031: 3.27697e-05
61032: 3.27692e-05
61033: 3.27686e-05
61034: 3.27681e-05
61035: 3.27675e-05
61036: 3.2767e-05
61037: 3.27665e-05
61038: 3.27659e-05
61039: 3.27654e-05
61040: 3.27649e-05
61041: 3.27643e-05
61042: 3.27638e-05
61043: 3.27633e-05
61044: 3.27627e-05
61045: 3.27622e-05
61046: 3.27616e-05
61047: 3.27611e-05
61048: 3.27606e-05
61049: 3.276e-05
61050: 3.27595e-05
61051: 3.2759e-05
61052: 3.27584e-05
61053: 3.27579e-05
61054: 3.27573e-05
61055: 3.27568e-05
61056: 3.27563e-05
61057: 3.27557e-05
61058: 3.27552e-05
61059: 3.27547e-05
61060: 3.27541e-05
61061: 3.27536e-05
61062: 3.27531e-05
61063: 3.27525e-05
61064: 3.2752e-05
61065: 3.27514e-05
61066: 3.27509e-05
61067: 3.27504e-05
61068: 3.27498e-05
61069: 3.27493e-05
61070: 3.27488e-05
61071: 3.27482e-05
61072: 3.27477e-05
61073: 3.27472e-05
61074: 3.27466e-05
61075: 3.27461e-05
61076: 3.27456e-05
61077: 3.2745e-05
61078: 3.27445e-05
61079: 3.27439e-05
61080: 3.27434e-05
61081: 3.27429e-05
61082: 3.27423e-05
61083: 3.27418e-05
61084: 3.27413e-05
61085: 3.27407e-05
61086: 3.27402e-05
61087: 3.27397e-05
61088: 3.27391e-05
61089: 3.27386e-05
61090: 3.2738e-05
61091: 3.27375e-05
61092: 3.2737e-05
61093: 3.27364e-05
61094: 3.27359e-05
61095: 3.27354e-05
61096: 3.27348e-05
61097: 3.27343e-05
61098: 3.27338e-05
61099: 3.27332e-05
61100: 3.27327e-05
61101: 3.27322e-05
61102: 3.27316e-05
61103: 3.27311e-05
61104: 3.27305e-05
61105: 3.273e-05
61106: 3.27295e-05
61107: 3.27289e-05
61108: 3.27284e-05
61109: 3.27279e-05
61110: 3.27273e-05
61111: 3.27268e-05
61112: 3.27263e-05
61113: 3.27257e-05
61114: 3.27252e-05
61115: 3.27247e-05
61116: 3.27241e-05
61117: 3.27236e-05
61118: 3.2723e-05
61119: 3.27225e-05
61120: 3.2722e-05
61121: 3.27214e-05
61122: 3.27209e-05
61123: 3.27204e-05
61124: 3.27198e-05
61125: 3.27193e-05
61126: 3.27188e-05
61127: 3.27182e-05
61128: 3.27177e-05
61129: 3.27172e-05
61130: 3.27166e-05
61131: 3.27161e-05
61132: 3.27156e-05
61133: 3.2715e-05
61134: 3.27145e-05
61135: 3.27139e-05
61136: 3.27134e-05
61137: 3.27129e-05
61138: 3.27123e-05
61139: 3.27118e-05
61140: 3.27113e-05
61141: 3.27107e-05
61142: 3.27102e-05
61143: 3.27097e-05
61144: 3.27091e-05
61145: 3.27086e-05
61146: 3.27081e-05
61147: 3.27075e-05
61148: 3.2707e-05
61149: 3.27065e-05
61150: 3.27059e-05
61151: 3.27054e-05
61152: 3.27049e-05
61153: 3.27043e-05
61154: 3.27038e-05
61155: 3.27033e-05
61156: 3.27027e-05
61157: 3.27022e-05
61158: 3.27016e-05
61159: 3.27011e-05
61160: 3.27006e-05
61161: 3.27e-05
61162: 3.26995e-05
61163: 3.2699e-05
61164: 3.26984e-05
61165: 3.26979e-05
61166: 3.26974e-05
61167: 3.26968e-05
61168: 3.26963e-05
61169: 3.26958e-05
61170: 3.26952e-05
61171: 3.26947e-05
61172: 3.26942e-05
61173: 3.26936e-05
61174: 3.26931e-05
61175: 3.26926e-05
61176: 3.2692e-05
61177: 3.26915e-05
61178: 3.2691e-05
61179: 3.26904e-05
61180: 3.26899e-05
61181: 3.26894e-05
61182: 3.26888e-05
61183: 3.26883e-05
61184: 3.26878e-05
61185: 3.26872e-05
61186: 3.26867e-05
61187: 3.26861e-05
61188: 3.26856e-05
61189: 3.26851e-05
61190: 3.26845e-05
61191: 3.2684e-05
61192: 3.26835e-05
61193: 3.26829e-05
61194: 3.26824e-05
61195: 3.26819e-05
61196: 3.26813e-05
61197: 3.26808e-05
61198: 3.26803e-05
61199: 3.26797e-05
61200: 3.26792e-05
61201: 3.26787e-05
61202: 3.26781e-05
61203: 3.26776e-05
61204: 3.26771e-05
61205: 3.26765e-05
61206: 3.2676e-05
61207: 3.26755e-05
61208: 3.26749e-05
61209: 3.26744e-05
61210: 3.26739e-05
61211: 3.26733e-05
61212: 3.26728e-05
61213: 3.26723e-05
61214: 3.26717e-05
61215: 3.26712e-05
61216: 3.26707e-05
61217: 3.26701e-05
61218: 3.26696e-05
61219: 3.26691e-05
61220: 3.26685e-05
61221: 3.2668e-05
61222: 3.26675e-05
61223: 3.26669e-05
61224: 3.26664e-05
61225: 3.26659e-05
61226: 3.26653e-05
61227: 3.26648e-05
61228: 3.26643e-05
61229: 3.26637e-05
61230: 3.26632e-05
61231: 3.26627e-05
61232: 3.26621e-05
61233: 3.26616e-05
61234: 3.26611e-05
61235: 3.26605e-05
61236: 3.266e-05
61237: 3.26595e-05
61238: 3.26589e-05
61239: 3.26584e-05
61240: 3.26579e-05
61241: 3.26573e-05
61242: 3.26568e-05
61243: 3.26563e-05
61244: 3.26557e-05
61245: 3.26552e-05
61246: 3.26547e-05
61247: 3.26541e-05
61248: 3.26536e-05
61249: 3.26531e-05
61250: 3.26525e-05
61251: 3.2652e-05
61252: 3.26515e-05
61253: 3.26509e-05
61254: 3.26504e-05
61255: 3.26499e-05
61256: 3.26493e-05
61257: 3.26488e-05
61258: 3.26483e-05
61259: 3.26477e-05
61260: 3.26472e-05
61261: 3.26467e-05
61262: 3.26461e-05
61263: 3.26456e-05
61264: 3.26451e-05
61265: 3.26445e-05
61266: 3.2644e-05
61267: 3.26435e-05
61268: 3.26429e-05
61269: 3.26424e-05
61270: 3.26419e-05
61271: 3.26413e-05
61272: 3.26408e-05
61273: 3.26403e-05
61274: 3.26397e-05
61275: 3.26392e-05
61276: 3.26387e-05
61277: 3.26381e-05
61278: 3.26376e-05
61279: 3.26371e-05
61280: 3.26365e-05
61281: 3.2636e-05
61282: 3.26355e-05
61283: 3.26349e-05
61284: 3.26344e-05
61285: 3.26339e-05
61286: 3.26333e-05
61287: 3.26328e-05
61288: 3.26323e-05
61289: 3.26318e-05
61290: 3.26312e-05
61291: 3.26307e-05
61292: 3.26302e-05
61293: 3.26296e-05
61294: 3.26291e-05
61295: 3.26286e-05
61296: 3.2628e-05
61297: 3.26275e-05
61298: 3.2627e-05
61299: 3.26264e-05
61300: 3.26259e-05
61301: 3.26254e-05
61302: 3.26248e-05
61303: 3.26243e-05
61304: 3.26238e-05
61305: 3.26232e-05
61306: 3.26227e-05
61307: 3.26222e-05
61308: 3.26216e-05
61309: 3.26211e-05
61310: 3.26206e-05
61311: 3.262e-05
61312: 3.26195e-05
61313: 3.2619e-05
61314: 3.26184e-05
61315: 3.26179e-05
61316: 3.26174e-05
61317: 3.26168e-05
61318: 3.26163e-05
61319: 3.26158e-05
61320: 3.26153e-05
61321: 3.26147e-05
61322: 3.26142e-05
61323: 3.26137e-05
61324: 3.26131e-05
61325: 3.26126e-05
61326: 3.26121e-05
61327: 3.26115e-05
61328: 3.2611e-05
61329: 3.26105e-05
61330: 3.26099e-05
61331: 3.26094e-05
61332: 3.26089e-05
61333: 3.26083e-05
61334: 3.26078e-05
61335: 3.26073e-05
61336: 3.26067e-05
61337: 3.26062e-05
61338: 3.26057e-05
61339: 3.26052e-05
61340: 3.26046e-05
61341: 3.26041e-05
61342: 3.26036e-05
61343: 3.2603e-05
61344: 3.26025e-05
61345: 3.2602e-05
61346: 3.26014e-05
61347: 3.26009e-05
61348: 3.26004e-05
61349: 3.25998e-05
61350: 3.25993e-05
61351: 3.25988e-05
61352: 3.25982e-05
61353: 3.25977e-05
61354: 3.25972e-05
61355: 3.25966e-05
61356: 3.25961e-05
61357: 3.25956e-05
61358: 3.25951e-05
61359: 3.25945e-05
61360: 3.2594e-05
61361: 3.25935e-05
61362: 3.25929e-05
61363: 3.25924e-05
61364: 3.25919e-05
61365: 3.25913e-05
61366: 3.25908e-05
61367: 3.25903e-05
61368: 3.25897e-05
61369: 3.25892e-05
61370: 3.25887e-05
61371: 3.25882e-05
61372: 3.25876e-05
61373: 3.25871e-05
61374: 3.25866e-05
61375: 3.2586e-05
61376: 3.25855e-05
61377: 3.2585e-05
61378: 3.25844e-05
61379: 3.25839e-05
61380: 3.25834e-05
61381: 3.25828e-05
61382: 3.25823e-05
61383: 3.25818e-05
61384: 3.25812e-05
61385: 3.25807e-05
61386: 3.25802e-05
61387: 3.25797e-05
61388: 3.25791e-05
61389: 3.25786e-05
61390: 3.25781e-05
61391: 3.25775e-05
61392: 3.2577e-05
61393: 3.25765e-05
61394: 3.25759e-05
61395: 3.25754e-05
61396: 3.25749e-05
61397: 3.25744e-05
61398: 3.25738e-05
61399: 3.25733e-05
61400: 3.25728e-05
61401: 3.25722e-05
61402: 3.25717e-05
61403: 3.25712e-05
61404: 3.25706e-05
61405: 3.25701e-05
61406: 3.25696e-05
61407: 3.2569e-05
61408: 3.25685e-05
61409: 3.2568e-05
61410: 3.25675e-05
61411: 3.25669e-05
61412: 3.25664e-05
61413: 3.25659e-05
61414: 3.25653e-05
61415: 3.25648e-05
61416: 3.25643e-05
61417: 3.25637e-05
61418: 3.25632e-05
61419: 3.25627e-05
61420: 3.25622e-05
61421: 3.25616e-05
61422: 3.25611e-05
61423: 3.25606e-05
61424: 3.256e-05
61425: 3.25595e-05
61426: 3.2559e-05
61427: 3.25584e-05
61428: 3.25579e-05
61429: 3.25574e-05
61430: 3.25569e-05
61431: 3.25563e-05
61432: 3.25558e-05
61433: 3.25553e-05
61434: 3.25547e-05
61435: 3.25542e-05
61436: 3.25537e-05
61437: 3.25531e-05
61438: 3.25526e-05
61439: 3.25521e-05
61440: 3.25516e-05
61441: 3.2551e-05
61442: 3.25505e-05
61443: 3.255e-05
61444: 3.25494e-05
61445: 3.25489e-05
61446: 3.25484e-05
61447: 3.25478e-05
61448: 3.25473e-05
61449: 3.25468e-05
61450: 3.25463e-05
61451: 3.25457e-05
61452: 3.25452e-05
61453: 3.25447e-05
61454: 3.25441e-05
61455: 3.25436e-05
61456: 3.25431e-05
61457: 3.25425e-05
61458: 3.2542e-05
61459: 3.25415e-05
61460: 3.2541e-05
61461: 3.25404e-05
61462: 3.25399e-05
61463: 3.25394e-05
61464: 3.25388e-05
61465: 3.25383e-05
61466: 3.25378e-05
61467: 3.25373e-05
61468: 3.25367e-05
61469: 3.25362e-05
61470: 3.25357e-05
61471: 3.25351e-05
61472: 3.25346e-05
61473: 3.25341e-05
61474: 3.25336e-05
61475: 3.2533e-05
61476: 3.25325e-05
61477: 3.2532e-05
61478: 3.25314e-05
61479: 3.25309e-05
61480: 3.25304e-05
61481: 3.25298e-05
61482: 3.25293e-05
61483: 3.25288e-05
61484: 3.25283e-05
61485: 3.25277e-05
61486: 3.25272e-05
61487: 3.25267e-05
61488: 3.25261e-05
61489: 3.25256e-05
61490: 3.25251e-05
61491: 3.25246e-05
61492: 3.2524e-05
61493: 3.25235e-05
61494: 3.2523e-05
61495: 3.25224e-05
61496: 3.25219e-05
61497: 3.25214e-05
61498: 3.25209e-05
61499: 3.25203e-05
61500: 3.25198e-05
61501: 3.25193e-05
61502: 3.25187e-05
61503: 3.25182e-05
61504: 3.25177e-05
61505: 3.25172e-05
61506: 3.25166e-05
61507: 3.25161e-05
61508: 3.25156e-05
61509: 3.2515e-05
61510: 3.25145e-05
61511: 3.2514e-05
61512: 3.25135e-05
61513: 3.25129e-05
61514: 3.25124e-05
61515: 3.25119e-05
61516: 3.25113e-05
61517: 3.25108e-05
61518: 3.25103e-05
61519: 3.25098e-05
61520: 3.25092e-05
61521: 3.25087e-05
61522: 3.25082e-05
61523: 3.25076e-05
61524: 3.25071e-05
61525: 3.25066e-05
61526: 3.25061e-05
61527: 3.25055e-05
61528: 3.2505e-05
61529: 3.25045e-05
61530: 3.25039e-05
61531: 3.25034e-05
61532: 3.25029e-05
61533: 3.25024e-05
61534: 3.25018e-05
61535: 3.25013e-05
61536: 3.25008e-05
61537: 3.25002e-05
61538: 3.24997e-05
61539: 3.24992e-05
61540: 3.24987e-05
61541: 3.24981e-05
61542: 3.24976e-05
61543: 3.24971e-05
61544: 3.24965e-05
61545: 3.2496e-05
61546: 3.24955e-05
61547: 3.2495e-05
61548: 3.24944e-05
61549: 3.24939e-05
61550: 3.24934e-05
61551: 3.24929e-05
61552: 3.24923e-05
61553: 3.24918e-05
61554: 3.24913e-05
61555: 3.24907e-05
61556: 3.24902e-05
61557: 3.24897e-05
61558: 3.24892e-05
61559: 3.24886e-05
61560: 3.24881e-05
61561: 3.24876e-05
61562: 3.2487e-05
61563: 3.24865e-05
61564: 3.2486e-05
61565: 3.24855e-05
61566: 3.24849e-05
61567: 3.24844e-05
61568: 3.24839e-05
61569: 3.24834e-05
61570: 3.24828e-05
61571: 3.24823e-05
61572: 3.24818e-05
61573: 3.24812e-05
61574: 3.24807e-05
61575: 3.24802e-05
61576: 3.24797e-05
61577: 3.24791e-05
61578: 3.24786e-05
61579: 3.24781e-05
61580: 3.24775e-05
61581: 3.2477e-05
61582: 3.24765e-05
61583: 3.2476e-05
61584: 3.24754e-05
61585: 3.24749e-05
61586: 3.24744e-05
61587: 3.24739e-05
61588: 3.24733e-05
61589: 3.24728e-05
61590: 3.24723e-05
61591: 3.24717e-05
61592: 3.24712e-05
61593: 3.24707e-05
61594: 3.24702e-05
61595: 3.24696e-05
61596: 3.24691e-05
61597: 3.24686e-05
61598: 3.24681e-05
61599: 3.24675e-05
61600: 3.2467e-05
61601: 3.24665e-05
61602: 3.2466e-05
61603: 3.24654e-05
61604: 3.24649e-05
61605: 3.24644e-05
61606: 3.24638e-05
61607: 3.24633e-05
61608: 3.24628e-05
61609: 3.24623e-05
61610: 3.24617e-05
61611: 3.24612e-05
61612: 3.24607e-05
61613: 3.24602e-05
61614: 3.24596e-05
61615: 3.24591e-05
61616: 3.24586e-05
61617: 3.2458e-05
61618: 3.24575e-05
61619: 3.2457e-05
61620: 3.24565e-05
61621: 3.24559e-05
61622: 3.24554e-05
61623: 3.24549e-05
61624: 3.24544e-05
61625: 3.24538e-05
61626: 3.24533e-05
61627: 3.24528e-05
61628: 3.24523e-05
61629: 3.24517e-05
61630: 3.24512e-05
61631: 3.24507e-05
61632: 3.24501e-05
61633: 3.24496e-05
61634: 3.24491e-05
61635: 3.24486e-05
61636: 3.2448e-05
61637: 3.24475e-05
61638: 3.2447e-05
61639: 3.24465e-05
61640: 3.24459e-05
61641: 3.24454e-05
61642: 3.24449e-05
61643: 3.24444e-05
61644: 3.24438e-05
61645: 3.24433e-05
61646: 3.24428e-05
61647: 3.24423e-05
61648: 3.24417e-05
61649: 3.24412e-05
61650: 3.24407e-05
61651: 3.24401e-05
61652: 3.24396e-05
61653: 3.24391e-05
61654: 3.24386e-05
61655: 3.2438e-05
61656: 3.24375e-05
61657: 3.2437e-05
61658: 3.24365e-05
61659: 3.24359e-05
61660: 3.24354e-05
61661: 3.24349e-05
61662: 3.24344e-05
61663: 3.24338e-05
61664: 3.24333e-05
61665: 3.24328e-05
61666: 3.24323e-05
61667: 3.24317e-05
61668: 3.24312e-05
61669: 3.24307e-05
61670: 3.24302e-05
61671: 3.24296e-05
61672: 3.24291e-05
61673: 3.24286e-05
61674: 3.24281e-05
61675: 3.24275e-05
61676: 3.2427e-05
61677: 3.24265e-05
61678: 3.24259e-05
61679: 3.24254e-05
61680: 3.24249e-05
61681: 3.24244e-05
61682: 3.24238e-05
61683: 3.24233e-05
61684: 3.24228e-05
61685: 3.24223e-05
61686: 3.24217e-05
61687: 3.24212e-05
61688: 3.24207e-05
61689: 3.24202e-05
61690: 3.24196e-05
61691: 3.24191e-05
61692: 3.24186e-05
61693: 3.24181e-05
61694: 3.24175e-05
61695: 3.2417e-05
61696: 3.24165e-05
61697: 3.2416e-05
61698: 3.24154e-05
61699: 3.24149e-05
61700: 3.24144e-05
61701: 3.24139e-05
61702: 3.24133e-05
61703: 3.24128e-05
61704: 3.24123e-05
61705: 3.24118e-05
61706: 3.24112e-05
61707: 3.24107e-05
61708: 3.24102e-05
61709: 3.24097e-05
61710: 3.24091e-05
61711: 3.24086e-05
61712: 3.24081e-05
61713: 3.24076e-05
61714: 3.2407e-05
61715: 3.24065e-05
61716: 3.2406e-05
61717: 3.24055e-05
61718: 3.24049e-05
61719: 3.24044e-05
61720: 3.24039e-05
61721: 3.24034e-05
61722: 3.24028e-05
61723: 3.24023e-05
61724: 3.24018e-05
61725: 3.24013e-05
61726: 3.24007e-05
61727: 3.24002e-05
61728: 3.23997e-05
61729: 3.23992e-05
61730: 3.23986e-05
61731: 3.23981e-05
61732: 3.23976e-05
61733: 3.23971e-05
61734: 3.23965e-05
61735: 3.2396e-05
61736: 3.23955e-05
61737: 3.2395e-05
61738: 3.23944e-05
61739: 3.23939e-05
61740: 3.23934e-05
61741: 3.23929e-05
61742: 3.23923e-05
61743: 3.23918e-05
61744: 3.23913e-05
61745: 3.23908e-05
61746: 3.23902e-05
61747: 3.23897e-05
61748: 3.23892e-05
61749: 3.23887e-05
61750: 3.23881e-05
61751: 3.23876e-05
61752: 3.23871e-05
61753: 3.23866e-05
61754: 3.2386e-05
61755: 3.23855e-05
61756: 3.2385e-05
61757: 3.23845e-05
61758: 3.23839e-05
61759: 3.23834e-05
61760: 3.23829e-05
61761: 3.23824e-05
61762: 3.23818e-05
61763: 3.23813e-05
61764: 3.23808e-05
61765: 3.23803e-05
61766: 3.23797e-05
61767: 3.23792e-05
61768: 3.23787e-05
61769: 3.23782e-05
61770: 3.23777e-05
61771: 3.23771e-05
61772: 3.23766e-05
61773: 3.23761e-05
61774: 3.23756e-05
61775: 3.2375e-05
61776: 3.23745e-05
61777: 3.2374e-05
61778: 3.23735e-05
61779: 3.23729e-05
61780: 3.23724e-05
61781: 3.23719e-05
61782: 3.23714e-05
61783: 3.23708e-05
61784: 3.23703e-05
61785: 3.23698e-05
61786: 3.23693e-05
61787: 3.23687e-05
61788: 3.23682e-05
61789: 3.23677e-05
61790: 3.23672e-05
61791: 3.23666e-05
61792: 3.23661e-05
61793: 3.23656e-05
61794: 3.23651e-05
61795: 3.23646e-05
61796: 3.2364e-05
61797: 3.23635e-05
61798: 3.2363e-05
61799: 3.23625e-05
61800: 3.23619e-05
61801: 3.23614e-05
61802: 3.23609e-05
61803: 3.23604e-05
61804: 3.23598e-05
61805: 3.23593e-05
61806: 3.23588e-05
61807: 3.23583e-05
61808: 3.23577e-05
61809: 3.23572e-05
61810: 3.23567e-05
61811: 3.23562e-05
61812: 3.23557e-05
61813: 3.23551e-05
61814: 3.23546e-05
61815: 3.23541e-05
61816: 3.23536e-05
61817: 3.2353e-05
61818: 3.23525e-05
61819: 3.2352e-05
61820: 3.23515e-05
61821: 3.23509e-05
61822: 3.23504e-05
61823: 3.23499e-05
61824: 3.23494e-05
61825: 3.23488e-05
61826: 3.23483e-05
61827: 3.23478e-05
61828: 3.23473e-05
61829: 3.23468e-05
61830: 3.23462e-05
61831: 3.23457e-05
61832: 3.23452e-05
61833: 3.23447e-05
61834: 3.23441e-05
61835: 3.23436e-05
61836: 3.23431e-05
61837: 3.23426e-05
61838: 3.2342e-05
61839: 3.23415e-05
61840: 3.2341e-05
61841: 3.23405e-05
61842: 3.234e-05
61843: 3.23394e-05
61844: 3.23389e-05
61845: 3.23384e-05
61846: 3.23379e-05
61847: 3.23373e-05
61848: 3.23368e-05
61849: 3.23363e-05
61850: 3.23358e-05
61851: 3.23353e-05
61852: 3.23347e-05
61853: 3.23342e-05
61854: 3.23337e-05
61855: 3.23332e-05
61856: 3.23326e-05
61857: 3.23321e-05
61858: 3.23316e-05
61859: 3.23311e-05
61860: 3.23305e-05
61861: 3.233e-05
61862: 3.23295e-05
61863: 3.2329e-05
61864: 3.23285e-05
61865: 3.23279e-05
61866: 3.23274e-05
61867: 3.23269e-05
61868: 3.23264e-05
61869: 3.23258e-05
61870: 3.23253e-05
61871: 3.23248e-05
61872: 3.23243e-05
61873: 3.23238e-05
61874: 3.23232e-05
61875: 3.23227e-05
61876: 3.23222e-05
61877: 3.23217e-05
61878: 3.23211e-05
61879: 3.23206e-05
61880: 3.23201e-05
61881: 3.23196e-05
61882: 3.23191e-05
61883: 3.23185e-05
61884: 3.2318e-05
61885: 3.23175e-05
61886: 3.2317e-05
61887: 3.23164e-05
61888: 3.23159e-05
61889: 3.23154e-05
61890: 3.23149e-05
61891: 3.23144e-05
61892: 3.23138e-05
61893: 3.23133e-05
61894: 3.23128e-05
61895: 3.23123e-05
61896: 3.23117e-05
61897: 3.23112e-05
61898: 3.23107e-05
61899: 3.23102e-05
61900: 3.23097e-05
61901: 3.23091e-05
61902: 3.23086e-05
61903: 3.23081e-05
61904: 3.23076e-05
61905: 3.2307e-05
61906: 3.23065e-05
61907: 3.2306e-05
61908: 3.23055e-05
61909: 3.2305e-05
61910: 3.23044e-05
61911: 3.23039e-05
61912: 3.23034e-05
61913: 3.23029e-05
61914: 3.23023e-05
61915: 3.23018e-05
61916: 3.23013e-05
61917: 3.23008e-05
61918: 3.23003e-05
61919: 3.22997e-05
61920: 3.22992e-05
61921: 3.22987e-05
61922: 3.22982e-05
61923: 3.22977e-05
61924: 3.22971e-05
61925: 3.22966e-05
61926: 3.22961e-05
61927: 3.22956e-05
61928: 3.2295e-05
61929: 3.22945e-05
61930: 3.2294e-05
61931: 3.22935e-05
61932: 3.2293e-05
61933: 3.22924e-05
61934: 3.22919e-05
61935: 3.22914e-05
61936: 3.22909e-05
61937: 3.22904e-05
61938: 3.22898e-05
61939: 3.22893e-05
61940: 3.22888e-05
61941: 3.22883e-05
61942: 3.22877e-05
61943: 3.22872e-05
61944: 3.22867e-05
61945: 3.22862e-05
61946: 3.22857e-05
61947: 3.22851e-05
61948: 3.22846e-05
61949: 3.22841e-05
61950: 3.22836e-05
61951: 3.22831e-05
61952: 3.22825e-05
61953: 3.2282e-05
61954: 3.22815e-05
61955: 3.2281e-05
61956: 3.22805e-05
61957: 3.22799e-05
61958: 3.22794e-05
61959: 3.22789e-05
61960: 3.22784e-05
61961: 3.22778e-05
61962: 3.22773e-05
61963: 3.22768e-05
61964: 3.22763e-05
61965: 3.22758e-05
61966: 3.22752e-05
61967: 3.22747e-05
61968: 3.22742e-05
61969: 3.22737e-05
61970: 3.22732e-05
61971: 3.22726e-05
61972: 3.22721e-05
61973: 3.22716e-05
61974: 3.22711e-05
61975: 3.22706e-05
61976: 3.227e-05
61977: 3.22695e-05
61978: 3.2269e-05
61979: 3.22685e-05
61980: 3.2268e-05
61981: 3.22674e-05
61982: 3.22669e-05
61983: 3.22664e-05
61984: 3.22659e-05
61985: 3.22654e-05
61986: 3.22648e-05
61987: 3.22643e-05
61988: 3.22638e-05
61989: 3.22633e-05
61990: 3.22627e-05
61991: 3.22622e-05
61992: 3.22617e-05
61993: 3.22612e-05
61994: 3.22607e-05
61995: 3.22601e-05
61996: 3.22596e-05
61997: 3.22591e-05
61998: 3.22586e-05
61999: 3.22581e-05
62000: 3.22575e-05
62001: 3.2257e-05
62002: 3.22565e-05
62003: 3.2256e-05
62004: 3.22555e-05
62005: 3.22549e-05
62006: 3.22544e-05
62007: 3.22539e-05
62008: 3.22534e-05
62009: 3.22529e-05
62010: 3.22523e-05
62011: 3.22518e-05
62012: 3.22513e-05
62013: 3.22508e-05
62014: 3.22503e-05
62015: 3.22497e-05
62016: 3.22492e-05
62017: 3.22487e-05
62018: 3.22482e-05
62019: 3.22477e-05
62020: 3.22471e-05
62021: 3.22466e-05
62022: 3.22461e-05
62023: 3.22456e-05
62024: 3.22451e-05
62025: 3.22445e-05
62026: 3.2244e-05
62027: 3.22435e-05
62028: 3.2243e-05
62029: 3.22425e-05
62030: 3.22419e-05
62031: 3.22414e-05
62032: 3.22409e-05
62033: 3.22404e-05
62034: 3.22399e-05
62035: 3.22393e-05
62036: 3.22388e-05
62037: 3.22383e-05
62038: 3.22378e-05
62039: 3.22373e-05
62040: 3.22367e-05
62041: 3.22362e-05
62042: 3.22357e-05
62043: 3.22352e-05
62044: 3.22347e-05
62045: 3.22341e-05
62046: 3.22336e-05
62047: 3.22331e-05
62048: 3.22326e-05
62049: 3.22321e-05
62050: 3.22316e-05
62051: 3.2231e-05
62052: 3.22305e-05
62053: 3.223e-05
62054: 3.22295e-05
62055: 3.2229e-05
62056: 3.22284e-05
62057: 3.22279e-05
62058: 3.22274e-05
62059: 3.22269e-05
62060: 3.22264e-05
62061: 3.22258e-05
62062: 3.22253e-05
62063: 3.22248e-05
62064: 3.22243e-05
62065: 3.22238e-05
62066: 3.22232e-05
62067: 3.22227e-05
62068: 3.22222e-05
62069: 3.22217e-05
62070: 3.22212e-05
62071: 3.22206e-05
62072: 3.22201e-05
62073: 3.22196e-05
62074: 3.22191e-05
62075: 3.22186e-05
62076: 3.22181e-05
62077: 3.22175e-05
62078: 3.2217e-05
62079: 3.22165e-05
62080: 3.2216e-05
62081: 3.22155e-05
62082: 3.22149e-05
62083: 3.22144e-05
62084: 3.22139e-05
62085: 3.22134e-05
62086: 3.22129e-05
62087: 3.22123e-05
62088: 3.22118e-05
62089: 3.22113e-05
62090: 3.22108e-05
62091: 3.22103e-05
62092: 3.22097e-05
62093: 3.22092e-05
62094: 3.22087e-05
62095: 3.22082e-05
62096: 3.22077e-05
62097: 3.22072e-05
62098: 3.22066e-05
62099: 3.22061e-05
62100: 3.22056e-05
62101: 3.22051e-05
62102: 3.22046e-05
62103: 3.2204e-05
62104: 3.22035e-05
62105: 3.2203e-05
62106: 3.22025e-05
62107: 3.2202e-05
62108: 3.22015e-05
62109: 3.22009e-05
62110: 3.22004e-05
62111: 3.21999e-05
62112: 3.21994e-05
62113: 3.21989e-05
62114: 3.21983e-05
62115: 3.21978e-05
62116: 3.21973e-05
62117: 3.21968e-05
62118: 3.21963e-05
62119: 3.21958e-05
62120: 3.21952e-05
62121: 3.21947e-05
62122: 3.21942e-05
62123: 3.21937e-05
62124: 3.21932e-05
62125: 3.21926e-05
62126: 3.21921e-05
62127: 3.21916e-05
62128: 3.21911e-05
62129: 3.21906e-05
62130: 3.21901e-05
62131: 3.21895e-05
62132: 3.2189e-05
62133: 3.21885e-05
62134: 3.2188e-05
62135: 3.21875e-05
62136: 3.21869e-05
62137: 3.21864e-05
62138: 3.21859e-05
62139: 3.21854e-05
62140: 3.21849e-05
62141: 3.21844e-05
62142: 3.21838e-05
62143: 3.21833e-05
62144: 3.21828e-05
62145: 3.21823e-05
62146: 3.21818e-05
62147: 3.21812e-05
62148: 3.21807e-05
62149: 3.21802e-05
62150: 3.21797e-05
62151: 3.21792e-05
62152: 3.21787e-05
62153: 3.21781e-05
62154: 3.21776e-05
62155: 3.21771e-05
62156: 3.21766e-05
62157: 3.21761e-05
62158: 3.21755e-05
62159: 3.2175e-05
62160: 3.21745e-05
62161: 3.2174e-05
62162: 3.21735e-05
62163: 3.2173e-05
62164: 3.21724e-05
62165: 3.21719e-05
62166: 3.21714e-05
62167: 3.21709e-05
62168: 3.21704e-05
62169: 3.21699e-05
62170: 3.21693e-05
62171: 3.21688e-05
62172: 3.21683e-05
62173: 3.21678e-05
62174: 3.21673e-05
62175: 3.21668e-05
62176: 3.21662e-05
62177: 3.21657e-05
62178: 3.21652e-05
62179: 3.21647e-05
62180: 3.21642e-05
62181: 3.21636e-05
62182: 3.21631e-05
62183: 3.21626e-05
62184: 3.21621e-05
62185: 3.21616e-05
62186: 3.21611e-05
62187: 3.21605e-05
62188: 3.216e-05
62189: 3.21595e-05
62190: 3.2159e-05
62191: 3.21585e-05
62192: 3.2158e-05
62193: 3.21574e-05
62194: 3.21569e-05
62195: 3.21564e-05
62196: 3.21559e-05
62197: 3.21554e-05
62198: 3.21549e-05
62199: 3.21543e-05
62200: 3.21538e-05
62201: 3.21533e-05
62202: 3.21528e-05
62203: 3.21523e-05
62204: 3.21518e-05
62205: 3.21512e-05
62206: 3.21507e-05
62207: 3.21502e-05
62208: 3.21497e-05
62209: 3.21492e-05
62210: 3.21487e-05
62211: 3.21481e-05
62212: 3.21476e-05
62213: 3.21471e-05
62214: 3.21466e-05
62215: 3.21461e-05
62216: 3.21456e-05
62217: 3.2145e-05
62218: 3.21445e-05
62219: 3.2144e-05
62220: 3.21435e-05
62221: 3.2143e-05
62222: 3.21425e-05
62223: 3.21419e-05
62224: 3.21414e-05
62225: 3.21409e-05
62226: 3.21404e-05
62227: 3.21399e-05
62228: 3.21394e-05
62229: 3.21388e-05
62230: 3.21383e-05
62231: 3.21378e-05
62232: 3.21373e-05
62233: 3.21368e-05
62234: 3.21363e-05
62235: 3.21357e-05
62236: 3.21352e-05
62237: 3.21347e-05
62238: 3.21342e-05
62239: 3.21337e-05
62240: 3.21332e-05
62241: 3.21326e-05
62242: 3.21321e-05
62243: 3.21316e-05
62244: 3.21311e-05
62245: 3.21306e-05
62246: 3.21301e-05
62247: 3.21295e-05
62248: 3.2129e-05
62249: 3.21285e-05
62250: 3.2128e-05
62251: 3.21275e-05
62252: 3.2127e-05
62253: 3.21264e-05
62254: 3.21259e-05
62255: 3.21254e-05
62256: 3.21249e-05
62257: 3.21244e-05
62258: 3.21239e-05
62259: 3.21234e-05
62260: 3.21228e-05
62261: 3.21223e-05
62262: 3.21218e-05
62263: 3.21213e-05
62264: 3.21208e-05
62265: 3.21203e-05
62266: 3.21197e-05
62267: 3.21192e-05
62268: 3.21187e-05
62269: 3.21182e-05
62270: 3.21177e-05
62271: 3.21172e-05
62272: 3.21166e-05
62273: 3.21161e-05
62274: 3.21156e-05
62275: 3.21151e-05
62276: 3.21146e-05
62277: 3.21141e-05
62278: 3.21136e-05
62279: 3.2113e-05
62280: 3.21125e-05
62281: 3.2112e-05
62282: 3.21115e-05
62283: 3.2111e-05
62284: 3.21105e-05
62285: 3.21099e-05
62286: 3.21094e-05
62287: 3.21089e-05
62288: 3.21084e-05
62289: 3.21079e-05
62290: 3.21074e-05
62291: 3.21069e-05
62292: 3.21063e-05
62293: 3.21058e-05
62294: 3.21053e-05
62295: 3.21048e-05
62296: 3.21043e-05
62297: 3.21038e-05
62298: 3.21032e-05
62299: 3.21027e-05
62300: 3.21022e-05
62301: 3.21017e-05
62302: 3.21012e-05
62303: 3.21007e-05
62304: 3.21002e-05
62305: 3.20996e-05
62306: 3.20991e-05
62307: 3.20986e-05
62308: 3.20981e-05
62309: 3.20976e-05
62310: 3.20971e-05
62311: 3.20965e-05
62312: 3.2096e-05
62313: 3.20955e-05
62314: 3.2095e-05
62315: 3.20945e-05
62316: 3.2094e-05
62317: 3.20935e-05
62318: 3.20929e-05
62319: 3.20924e-05
62320: 3.20919e-05
62321: 3.20914e-05
62322: 3.20909e-05
62323: 3.20904e-05
62324: 3.20899e-05
62325: 3.20893e-05
62326: 3.20888e-05
62327: 3.20883e-05
62328: 3.20878e-05
62329: 3.20873e-05
62330: 3.20868e-05
62331: 3.20862e-05
62332: 3.20857e-05
62333: 3.20852e-05
62334: 3.20847e-05
62335: 3.20842e-05
62336: 3.20837e-05
62337: 3.20832e-05
62338: 3.20826e-05
62339: 3.20821e-05
62340: 3.20816e-05
62341: 3.20811e-05
62342: 3.20806e-05
62343: 3.20801e-05
62344: 3.20796e-05
62345: 3.2079e-05
62346: 3.20785e-05
62347: 3.2078e-05
62348: 3.20775e-05
62349: 3.2077e-05
62350: 3.20765e-05
62351: 3.2076e-05
62352: 3.20754e-05
62353: 3.20749e-05
62354: 3.20744e-05
62355: 3.20739e-05
62356: 3.20734e-05
62357: 3.20729e-05
62358: 3.20724e-05
62359: 3.20718e-05
62360: 3.20713e-05
62361: 3.20708e-05
62362: 3.20703e-05
62363: 3.20698e-05
62364: 3.20693e-05
62365: 3.20688e-05
62366: 3.20682e-05
62367: 3.20677e-05
62368: 3.20672e-05
62369: 3.20667e-05
62370: 3.20662e-05
62371: 3.20657e-05
62372: 3.20652e-05
62373: 3.20646e-05
62374: 3.20641e-05
62375: 3.20636e-05
62376: 3.20631e-05
62377: 3.20626e-05
62378: 3.20621e-05
62379: 3.20616e-05
62380: 3.2061e-05
62381: 3.20605e-05
62382: 3.206e-05
62383: 3.20595e-05
62384: 3.2059e-05
62385: 3.20585e-05
62386: 3.2058e-05
62387: 3.20574e-05
62388: 3.20569e-05
62389: 3.20564e-05
62390: 3.20559e-05
62391: 3.20554e-05
62392: 3.20549e-05
62393: 3.20544e-05
62394: 3.20539e-05
62395: 3.20533e-05
62396: 3.20528e-05
62397: 3.20523e-05
62398: 3.20518e-05
62399: 3.20513e-05
62400: 3.20508e-05
62401: 3.20503e-05
62402: 3.20497e-05
62403: 3.20492e-05
62404: 3.20487e-05
62405: 3.20482e-05
62406: 3.20477e-05
62407: 3.20472e-05
62408: 3.20467e-05
62409: 3.20461e-05
62410: 3.20456e-05
62411: 3.20451e-05
62412: 3.20446e-05
62413: 3.20441e-05
62414: 3.20436e-05
62415: 3.20431e-05
62416: 3.20426e-05
62417: 3.2042e-05
62418: 3.20415e-05
62419: 3.2041e-05
62420: 3.20405e-05
62421: 3.204e-05
62422: 3.20395e-05
62423: 3.2039e-05
62424: 3.20384e-05
62425: 3.20379e-05
62426: 3.20374e-05
62427: 3.20369e-05
62428: 3.20364e-05
62429: 3.20359e-05
62430: 3.20354e-05
62431: 3.20349e-05
62432: 3.20343e-05
62433: 3.20338e-05
62434: 3.20333e-05
62435: 3.20328e-05
62436: 3.20323e-05
62437: 3.20318e-05
62438: 3.20313e-05
62439: 3.20307e-05
62440: 3.20302e-05
62441: 3.20297e-05
62442: 3.20292e-05
62443: 3.20287e-05
62444: 3.20282e-05
62445: 3.20277e-05
62446: 3.20272e-05
62447: 3.20266e-05
62448: 3.20261e-05
62449: 3.20256e-05
62450: 3.20251e-05
62451: 3.20246e-05
62452: 3.20241e-05
62453: 3.20236e-05
62454: 3.20231e-05
62455: 3.20225e-05
62456: 3.2022e-05
62457: 3.20215e-05
62458: 3.2021e-05
62459: 3.20205e-05
62460: 3.202e-05
62461: 3.20195e-05
62462: 3.2019e-05
62463: 3.20184e-05
62464: 3.20179e-05
62465: 3.20174e-05
62466: 3.20169e-05
62467: 3.20164e-05
62468: 3.20159e-05
62469: 3.20154e-05
62470: 3.20149e-05
62471: 3.20143e-05
62472: 3.20138e-05
62473: 3.20133e-05
62474: 3.20128e-05
62475: 3.20123e-05
62476: 3.20118e-05
62477: 3.20113e-05
62478: 3.20108e-05
62479: 3.20102e-05
62480: 3.20097e-05
62481: 3.20092e-05
62482: 3.20087e-05
62483: 3.20082e-05
62484: 3.20077e-05
62485: 3.20072e-05
62486: 3.20067e-05
62487: 3.20061e-05
62488: 3.20056e-05
62489: 3.20051e-05
62490: 3.20046e-05
62491: 3.20041e-05
62492: 3.20036e-05
62493: 3.20031e-05
62494: 3.20026e-05
62495: 3.2002e-05
62496: 3.20015e-05
62497: 3.2001e-05
62498: 3.20005e-05
62499: 3.2e-05
62500: 3.19995e-05
62501: 3.1999e-05
62502: 3.19985e-05
62503: 3.1998e-05
62504: 3.19974e-05
62505: 3.19969e-05
62506: 3.19964e-05
62507: 3.19959e-05
62508: 3.19954e-05
62509: 3.19949e-05
62510: 3.19944e-05
62511: 3.19939e-05
62512: 3.19933e-05
62513: 3.19928e-05
62514: 3.19923e-05
62515: 3.19918e-05
62516: 3.19913e-05
62517: 3.19908e-05
62518: 3.19903e-05
62519: 3.19898e-05
62520: 3.19893e-05
62521: 3.19887e-05
62522: 3.19882e-05
62523: 3.19877e-05
62524: 3.19872e-05
62525: 3.19867e-05
62526: 3.19862e-05
62527: 3.19857e-05
62528: 3.19852e-05
62529: 3.19846e-05
62530: 3.19841e-05
62531: 3.19836e-05
62532: 3.19831e-05
62533: 3.19826e-05
62534: 3.19821e-05
62535: 3.19816e-05
62536: 3.19811e-05
62537: 3.19806e-05
62538: 3.198e-05
62539: 3.19795e-05
62540: 3.1979e-05
62541: 3.19785e-05
62542: 3.1978e-05
62543: 3.19775e-05
62544: 3.1977e-05
62545: 3.19765e-05
62546: 3.1976e-05
62547: 3.19754e-05
62548: 3.19749e-05
62549: 3.19744e-05
62550: 3.19739e-05
62551: 3.19734e-05
62552: 3.19729e-05
62553: 3.19724e-05
62554: 3.19719e-05
62555: 3.19714e-05
62556: 3.19708e-05
62557: 3.19703e-05
62558: 3.19698e-05
62559: 3.19693e-05
62560: 3.19688e-05
62561: 3.19683e-05
62562: 3.19678e-05
62563: 3.19673e-05
62564: 3.19668e-05
62565: 3.19662e-05
62566: 3.19657e-05
62567: 3.19652e-05
62568: 3.19647e-05
62569: 3.19642e-05
62570: 3.19637e-05
62571: 3.19632e-05
62572: 3.19627e-05
62573: 3.19622e-05
62574: 3.19616e-05
62575: 3.19611e-05
62576: 3.19606e-05
62577: 3.19601e-05
62578: 3.19596e-05
62579: 3.19591e-05
62580: 3.19586e-05
62581: 3.19581e-05
62582: 3.19576e-05
62583: 3.1957e-05
62584: 3.19565e-05
62585: 3.1956e-05
62586: 3.19555e-05
62587: 3.1955e-05
62588: 3.19545e-05
62589: 3.1954e-05
62590: 3.19535e-05
62591: 3.1953e-05
62592: 3.19525e-05
62593: 3.19519e-05
62594: 3.19514e-05
62595: 3.19509e-05
62596: 3.19504e-05
62597: 3.19499e-05
62598: 3.19494e-05
62599: 3.19489e-05
62600: 3.19484e-05
62601: 3.19479e-05
62602: 3.19474e-05
62603: 3.19468e-05
62604: 3.19463e-05
62605: 3.19458e-05
62606: 3.19453e-05
62607: 3.19448e-05
62608: 3.19443e-05
62609: 3.19438e-05
62610: 3.19433e-05
62611: 3.19428e-05
62612: 3.19422e-05
62613: 3.19417e-05
62614: 3.19412e-05
62615: 3.19407e-05
62616: 3.19402e-05
62617: 3.19397e-05
62618: 3.19392e-05
62619: 3.19387e-05
62620: 3.19382e-05
62621: 3.19377e-05
62622: 3.19371e-05
62623: 3.19366e-05
62624: 3.19361e-05
62625: 3.19356e-05
62626: 3.19351e-05
62627: 3.19346e-05
62628: 3.19341e-05
62629: 3.19336e-05
62630: 3.19331e-05
62631: 3.19326e-05
62632: 3.1932e-05
62633: 3.19315e-05
62634: 3.1931e-05
62635: 3.19305e-05
62636: 3.193e-05
62637: 3.19295e-05
62638: 3.1929e-05
62639: 3.19285e-05
62640: 3.1928e-05
62641: 3.19275e-05
62642: 3.1927e-05
62643: 3.19264e-05
62644: 3.19259e-05
62645: 3.19254e-05
62646: 3.19249e-05
62647: 3.19244e-05
62648: 3.19239e-05
62649: 3.19234e-05
62650: 3.19229e-05
62651: 3.19224e-05
62652: 3.19219e-05
62653: 3.19213e-05
62654: 3.19208e-05
62655: 3.19203e-05
62656: 3.19198e-05
62657: 3.19193e-05
62658: 3.19188e-05
62659: 3.19183e-05
62660: 3.19178e-05
62661: 3.19173e-05
62662: 3.19168e-05
62663: 3.19163e-05
62664: 3.19157e-05
62665: 3.19152e-05
62666: 3.19147e-05
62667: 3.19142e-05
62668: 3.19137e-05
62669: 3.19132e-05
62670: 3.19127e-05
62671: 3.19122e-05
62672: 3.19117e-05
62673: 3.19112e-05
62674: 3.19107e-05
62675: 3.19101e-05
62676: 3.19096e-05
62677: 3.19091e-05
62678: 3.19086e-05
62679: 3.19081e-05
62680: 3.19076e-05
62681: 3.19071e-05
62682: 3.19066e-05
62683: 3.19061e-05
62684: 3.19056e-05
62685: 3.19051e-05
62686: 3.19045e-05
62687: 3.1904e-05
62688: 3.19035e-05
62689: 3.1903e-05
62690: 3.19025e-05
62691: 3.1902e-05
62692: 3.19015e-05
62693: 3.1901e-05
62694: 3.19005e-05
62695: 3.19e-05
62696: 3.18995e-05
62697: 3.18989e-05
62698: 3.18984e-05
62699: 3.18979e-05
62700: 3.18974e-05
62701: 3.18969e-05
62702: 3.18964e-05
62703: 3.18959e-05
62704: 3.18954e-05
62705: 3.18949e-05
62706: 3.18944e-05
62707: 3.18939e-05
62708: 3.18933e-05
62709: 3.18928e-05
62710: 3.18923e-05
62711: 3.18918e-05
62712: 3.18913e-05
62713: 3.18908e-05
62714: 3.18903e-05
62715: 3.18898e-05
62716: 3.18893e-05
62717: 3.18888e-05
62718: 3.18883e-05
62719: 3.18878e-05
62720: 3.18872e-05
62721: 3.18867e-05
62722: 3.18862e-05
62723: 3.18857e-05
62724: 3.18852e-05
62725: 3.18847e-05
62726: 3.18842e-05
62727: 3.18837e-05
62728: 3.18832e-05
62729: 3.18827e-05
62730: 3.18822e-05
62731: 3.18817e-05
62732: 3.18811e-05
62733: 3.18806e-05
62734: 3.18801e-05
62735: 3.18796e-05
62736: 3.18791e-05
62737: 3.18786e-05
62738: 3.18781e-05
62739: 3.18776e-05
62740: 3.18771e-05
62741: 3.18766e-05
62742: 3.18761e-05
62743: 3.18756e-05
62744: 3.1875e-05
62745: 3.18745e-05
62746: 3.1874e-05
62747: 3.18735e-05
62748: 3.1873e-05
62749: 3.18725e-05
62750: 3.1872e-05
62751: 3.18715e-05
62752: 3.1871e-05
62753: 3.18705e-05
62754: 3.187e-05
62755: 3.18695e-05
62756: 3.1869e-05
62757: 3.18684e-05
62758: 3.18679e-05
62759: 3.18674e-05
62760: 3.18669e-05
62761: 3.18664e-05
62762: 3.18659e-05
62763: 3.18654e-05
62764: 3.18649e-05
62765: 3.18644e-05
62766: 3.18639e-05
62767: 3.18634e-05
62768: 3.18629e-05
62769: 3.18624e-05
62770: 3.18618e-05
62771: 3.18613e-05
62772: 3.18608e-05
62773: 3.18603e-05
62774: 3.18598e-05
62775: 3.18593e-05
62776: 3.18588e-05
62777: 3.18583e-05
62778: 3.18578e-05
62779: 3.18573e-05
62780: 3.18568e-05
62781: 3.18563e-05
62782: 3.18558e-05
62783: 3.18552e-05
62784: 3.18547e-05
62785: 3.18542e-05
62786: 3.18537e-05
62787: 3.18532e-05
62788: 3.18527e-05
62789: 3.18522e-05
62790: 3.18517e-05
62791: 3.18512e-05
62792: 3.18507e-05
62793: 3.18502e-05
62794: 3.18497e-05
62795: 3.18492e-05
62796: 3.18487e-05
62797: 3.18481e-05
62798: 3.18476e-05
62799: 3.18471e-05
62800: 3.18466e-05
62801: 3.18461e-05
62802: 3.18456e-05
62803: 3.18451e-05
62804: 3.18446e-05
62805: 3.18441e-05
62806: 3.18436e-05
62807: 3.18431e-05
62808: 3.18426e-05
62809: 3.18421e-05
62810: 3.18416e-05
62811: 3.1841e-05
62812: 3.18405e-05
62813: 3.184e-05
62814: 3.18395e-05
62815: 3.1839e-05
62816: 3.18385e-05
62817: 3.1838e-05
62818: 3.18375e-05
62819: 3.1837e-05
62820: 3.18365e-05
62821: 3.1836e-05
62822: 3.18355e-05
62823: 3.1835e-05
62824: 3.18345e-05
62825: 3.1834e-05
62826: 3.18334e-05
62827: 3.18329e-05
62828: 3.18324e-05
62829: 3.18319e-05
62830: 3.18314e-05
62831: 3.18309e-05
62832: 3.18304e-05
62833: 3.18299e-05
62834: 3.18294e-05
62835: 3.18289e-05
62836: 3.18284e-05
62837: 3.18279e-05
62838: 3.18274e-05
62839: 3.18269e-05
62840: 3.18264e-05
62841: 3.18258e-05
62842: 3.18253e-05
62843: 3.18248e-05
62844: 3.18243e-05
62845: 3.18238e-05
62846: 3.18233e-05
62847: 3.18228e-05
62848: 3.18223e-05
62849: 3.18218e-05
62850: 3.18213e-05
62851: 3.18208e-05
62852: 3.18203e-05
62853: 3.18198e-05
62854: 3.18193e-05
62855: 3.18188e-05
62856: 3.18183e-05
62857: 3.18177e-05
62858: 3.18172e-05
62859: 3.18167e-05
62860: 3.18162e-05
62861: 3.18157e-05
62862: 3.18152e-05
62863: 3.18147e-05
62864: 3.18142e-05
62865: 3.18137e-05
62866: 3.18132e-05
62867: 3.18127e-05
62868: 3.18122e-05
62869: 3.18117e-05
62870: 3.18112e-05
62871: 3.18107e-05
62872: 3.18102e-05
62873: 3.18097e-05
62874: 3.18091e-05
62875: 3.18086e-05
62876: 3.18081e-05
62877: 3.18076e-05
62878: 3.18071e-05
62879: 3.18066e-05
62880: 3.18061e-05
62881: 3.18056e-05
62882: 3.18051e-05
62883: 3.18046e-05
62884: 3.18041e-05
62885: 3.18036e-05
62886: 3.18031e-05
62887: 3.18026e-05
62888: 3.18021e-05
62889: 3.18016e-05
62890: 3.18011e-05
62891: 3.18005e-05
62892: 3.18e-05
62893: 3.17995e-05
62894: 3.1799e-05
62895: 3.17985e-05
62896: 3.1798e-05
62897: 3.17975e-05
62898: 3.1797e-05
62899: 3.17965e-05
62900: 3.1796e-05
62901: 3.17955e-05
62902: 3.1795e-05
62903: 3.17945e-05
62904: 3.1794e-05
62905: 3.17935e-05
62906: 3.1793e-05
62907: 3.17925e-05
62908: 3.1792e-05
62909: 3.17914e-05
62910: 3.17909e-05
62911: 3.17904e-05
62912: 3.17899e-05
62913: 3.17894e-05
62914: 3.17889e-05
62915: 3.17884e-05
62916: 3.17879e-05
62917: 3.17874e-05
62918: 3.17869e-05
62919: 3.17864e-05
62920: 3.17859e-05
62921: 3.17854e-05
62922: 3.17849e-05
62923: 3.17844e-05
62924: 3.17839e-05
62925: 3.17834e-05
62926: 3.17829e-05
62927: 3.17824e-05
62928: 3.17818e-05
62929: 3.17813e-05
62930: 3.17808e-05
62931: 3.17803e-05
62932: 3.17798e-05
62933: 3.17793e-05
62934: 3.17788e-05
62935: 3.17783e-05
62936: 3.17778e-05
62937: 3.17773e-05
62938: 3.17768e-05
62939: 3.17763e-05
62940: 3.17758e-05
62941: 3.17753e-05
62942: 3.17748e-05
62943: 3.17743e-05
62944: 3.17738e-05
62945: 3.17733e-05
62946: 3.17728e-05
62947: 3.17723e-05
62948: 3.17718e-05
62949: 3.17712e-05
62950: 3.17707e-05
62951: 3.17702e-05
62952: 3.17697e-05
62953: 3.17692e-05
62954: 3.17687e-05
62955: 3.17682e-05
62956: 3.17677e-05
62957: 3.17672e-05
62958: 3.17667e-05
62959: 3.17662e-05
62960: 3.17657e-05
62961: 3.17652e-05
62962: 3.17647e-05
62963: 3.17642e-05
62964: 3.17637e-05
62965: 3.17632e-05
62966: 3.17627e-05
62967: 3.17622e-05
62968: 3.17617e-05
62969: 3.17612e-05
62970: 3.17607e-05
62971: 3.17601e-05
62972: 3.17596e-05
62973: 3.17591e-05
62974: 3.17586e-05
62975: 3.17581e-05
62976: 3.17576e-05
62977: 3.17571e-05
62978: 3.17566e-05
62979: 3.17561e-05
62980: 3.17556e-05
62981: 3.17551e-05
62982: 3.17546e-05
62983: 3.17541e-05
62984: 3.17536e-05
62985: 3.17531e-05
62986: 3.17526e-05
62987: 3.17521e-05
62988: 3.17516e-05
62989: 3.17511e-05
62990: 3.17506e-05
62991: 3.17501e-05
62992: 3.17496e-05
62993: 3.17491e-05
62994: 3.17486e-05
62995: 3.1748e-05
62996: 3.17475e-05
62997: 3.1747e-05
62998: 3.17465e-05
62999: 3.1746e-05
63000: 3.17455e-05
63001: 3.1745e-05
63002: 3.17445e-05
63003: 3.1744e-05
63004: 3.17435e-05
63005: 3.1743e-05
63006: 3.17425e-05
63007: 3.1742e-05
63008: 3.17415e-05
63009: 3.1741e-05
63010: 3.17405e-05
63011: 3.174e-05
63012: 3.17395e-05
63013: 3.1739e-05
63014: 3.17385e-05
63015: 3.1738e-05
63016: 3.17375e-05
63017: 3.1737e-05
63018: 3.17365e-05
63019: 3.1736e-05
63020: 3.17355e-05
63021: 3.17349e-05
63022: 3.17344e-05
63023: 3.17339e-05
63024: 3.17334e-05
63025: 3.17329e-05
63026: 3.17324e-05
63027: 3.17319e-05
63028: 3.17314e-05
63029: 3.17309e-05
63030: 3.17304e-05
63031: 3.17299e-05
63032: 3.17294e-05
63033: 3.17289e-05
63034: 3.17284e-05
63035: 3.17279e-05
63036: 3.17274e-05
63037: 3.17269e-05
63038: 3.17264e-05
63039: 3.17259e-05
63040: 3.17254e-05
63041: 3.17249e-05
63042: 3.17244e-05
63043: 3.17239e-05
63044: 3.17234e-05
63045: 3.17229e-05
63046: 3.17224e-05
63047: 3.17219e-05
63048: 3.17214e-05
63049: 3.17209e-05
63050: 3.17204e-05
63051: 3.17199e-05
63052: 3.17193e-05
63053: 3.17188e-05
63054: 3.17183e-05
63055: 3.17178e-05
63056: 3.17173e-05
63057: 3.17168e-05
63058: 3.17163e-05
63059: 3.17158e-05
63060: 3.17153e-05
63061: 3.17148e-05
63062: 3.17143e-05
63063: 3.17138e-05
63064: 3.17133e-05
63065: 3.17128e-05
63066: 3.17123e-05
63067: 3.17118e-05
63068: 3.17113e-05
63069: 3.17108e-05
63070: 3.17103e-05
63071: 3.17098e-05
63072: 3.17093e-05
63073: 3.17088e-05
63074: 3.17083e-05
63075: 3.17078e-05
63076: 3.17073e-05
63077: 3.17068e-05
63078: 3.17063e-05
63079: 3.17058e-05
63080: 3.17053e-05
63081: 3.17048e-05
63082: 3.17043e-05
63083: 3.17038e-05
63084: 3.17033e-05
63085: 3.17028e-05
63086: 3.17023e-05
63087: 3.17017e-05
63088: 3.17012e-05
63089: 3.17007e-05
63090: 3.17002e-05
63091: 3.16997e-05
63092: 3.16992e-05
63093: 3.16987e-05
63094: 3.16982e-05
63095: 3.16977e-05
63096: 3.16972e-05
63097: 3.16967e-05
63098: 3.16962e-05
63099: 3.16957e-05
63100: 3.16952e-05
63101: 3.16947e-05
63102: 3.16942e-05
63103: 3.16937e-05
63104: 3.16932e-05
63105: 3.16927e-05
63106: 3.16922e-05
63107: 3.16917e-05
63108: 3.16912e-05
63109: 3.16907e-05
63110: 3.16902e-05
63111: 3.16897e-05
63112: 3.16892e-05
63113: 3.16887e-05
63114: 3.16882e-05
63115: 3.16877e-05
63116: 3.16872e-05
63117: 3.16867e-05
63118: 3.16862e-05
63119: 3.16857e-05
63120: 3.16852e-05
63121: 3.16847e-05
63122: 3.16842e-05
63123: 3.16837e-05
63124: 3.16832e-05
63125: 3.16827e-05
63126: 3.16822e-05
63127: 3.16817e-05
63128: 3.16812e-05
63129: 3.16807e-05
63130: 3.16802e-05
63131: 3.16797e-05
63132: 3.16792e-05
63133: 3.16787e-05
63134: 3.16781e-05
63135: 3.16776e-05
63136: 3.16771e-05
63137: 3.16766e-05
63138: 3.16761e-05
63139: 3.16756e-05
63140: 3.16751e-05
63141: 3.16746e-05
63142: 3.16741e-05
63143: 3.16736e-05
63144: 3.16731e-05
63145: 3.16726e-05
63146: 3.16721e-05
63147: 3.16716e-05
63148: 3.16711e-05
63149: 3.16706e-05
63150: 3.16701e-05
63151: 3.16696e-05
63152: 3.16691e-05
63153: 3.16686e-05
63154: 3.16681e-05
63155: 3.16676e-05
63156: 3.16671e-05
63157: 3.16666e-05
63158: 3.16661e-05
63159: 3.16656e-05
63160: 3.16651e-05
63161: 3.16646e-05
63162: 3.16641e-05
63163: 3.16636e-05
63164: 3.16631e-05
63165: 3.16626e-05
63166: 3.16621e-05
63167: 3.16616e-05
63168: 3.16611e-05
63169: 3.16606e-05
63170: 3.16601e-05
63171: 3.16596e-05
63172: 3.16591e-05
63173: 3.16586e-05
63174: 3.16581e-05
63175: 3.16576e-05
63176: 3.16571e-05
63177: 3.16566e-05
63178: 3.16561e-05
63179: 3.16556e-05
63180: 3.16551e-05
63181: 3.16546e-05
63182: 3.16541e-05
63183: 3.16536e-05
63184: 3.16531e-05
63185: 3.16526e-05
63186: 3.16521e-05
63187: 3.16516e-05
63188: 3.16511e-05
63189: 3.16506e-05
63190: 3.16501e-05
63191: 3.16496e-05
63192: 3.16491e-05
63193: 3.16486e-05
63194: 3.16481e-05
63195: 3.16476e-05
63196: 3.16471e-05
63197: 3.16466e-05
63198: 3.16461e-05
63199: 3.16456e-05
63200: 3.16451e-05
63201: 3.16446e-05
63202: 3.16441e-05
63203: 3.16436e-05
63204: 3.16431e-05
63205: 3.16426e-05
63206: 3.16421e-05
63207: 3.16416e-05
63208: 3.16411e-05
63209: 3.16406e-05
63210: 3.16401e-05
63211: 3.16396e-05
63212: 3.16391e-05
63213: 3.16386e-05
63214: 3.16381e-05
63215: 3.16376e-05
63216: 3.16371e-05
63217: 3.16366e-05
63218: 3.16361e-05
63219: 3.16356e-05
63220: 3.16351e-05
63221: 3.16346e-05
63222: 3.16341e-05
63223: 3.16336e-05
63224: 3.16331e-05
63225: 3.16326e-05
63226: 3.16321e-05
63227: 3.16316e-05
63228: 3.16311e-05
63229: 3.16306e-05
63230: 3.16301e-05
63231: 3.16296e-05
63232: 3.16291e-05
63233: 3.16286e-05
63234: 3.16281e-05
63235: 3.16276e-05
63236: 3.16271e-05
63237: 3.16266e-05
63238: 3.16261e-05
63239: 3.16256e-05
63240: 3.16251e-05
63241: 3.16246e-05
63242: 3.16241e-05
63243: 3.16236e-05
63244: 3.16231e-05
63245: 3.16226e-05
63246: 3.16221e-05
63247: 3.16216e-05
63248: 3.16211e-05
63249: 3.16206e-05
63250: 3.16201e-05
63251: 3.16196e-05
63252: 3.16191e-05
63253: 3.16186e-05
63254: 3.16181e-05
63255: 3.16176e-05
63256: 3.16171e-05
63257: 3.16166e-05
63258: 3.16161e-05
63259: 3.16156e-05
63260: 3.16151e-05
63261: 3.16146e-05
63262: 3.16141e-05
63263: 3.16136e-05
63264: 3.16131e-05
63265: 3.16126e-05
63266: 3.16121e-05
63267: 3.16116e-05
63268: 3.16111e-05
63269: 3.16106e-05
63270: 3.16101e-05
63271: 3.16096e-05
63272: 3.16091e-05
63273: 3.16086e-05
63274: 3.16081e-05
63275: 3.16076e-05
63276: 3.16071e-05
63277: 3.16066e-05
63278: 3.16061e-05
63279: 3.16056e-05
63280: 3.16051e-05
63281: 3.16046e-05
63282: 3.16041e-05
63283: 3.16036e-05
63284: 3.16031e-05
63285: 3.16026e-05
63286: 3.16021e-05
63287: 3.16016e-05
63288: 3.16011e-05
63289: 3.16006e-05
63290: 3.16001e-05
63291: 3.15996e-05
63292: 3.15991e-05
63293: 3.15986e-05
63294: 3.15981e-05
63295: 3.15976e-05
63296: 3.15971e-05
63297: 3.15966e-05
63298: 3.15961e-05
63299: 3.15956e-05
63300: 3.15951e-05
63301: 3.15946e-05
63302: 3.15941e-05
63303: 3.15936e-05
63304: 3.15931e-05
63305: 3.15926e-05
63306: 3.15921e-05
63307: 3.15916e-05
63308: 3.15911e-05
63309: 3.15906e-05
63310: 3.15901e-05
63311: 3.15896e-05
63312: 3.15891e-05
63313: 3.15886e-05
63314: 3.15881e-05
63315: 3.15876e-05
63316: 3.15871e-05
63317: 3.15866e-05
63318: 3.15861e-05
63319: 3.15856e-05
63320: 3.15851e-05
63321: 3.15846e-05
63322: 3.15841e-05
63323: 3.15836e-05
63324: 3.15831e-05
63325: 3.15826e-05
63326: 3.15821e-05
63327: 3.15816e-05
63328: 3.15811e-05
63329: 3.15806e-05
63330: 3.15801e-05
63331: 3.15796e-05
63332: 3.15791e-05
63333: 3.15786e-05
63334: 3.15781e-05
63335: 3.15776e-05
63336: 3.15771e-05
63337: 3.15766e-05
63338: 3.15761e-05
63339: 3.15756e-05
63340: 3.15751e-05
63341: 3.15746e-05
63342: 3.15741e-05
63343: 3.15736e-05
63344: 3.15731e-05
63345: 3.15726e-05
63346: 3.15721e-05
63347: 3.15716e-05
63348: 3.15711e-05
63349: 3.15706e-05
63350: 3.15701e-05
63351: 3.15696e-05
63352: 3.15691e-05
63353: 3.15686e-05
63354: 3.15681e-05
63355: 3.15676e-05
63356: 3.15672e-05
63357: 3.15667e-05
63358: 3.15662e-05
63359: 3.15657e-05
63360: 3.15652e-05
63361: 3.15647e-05
63362: 3.15642e-05
63363: 3.15637e-05
63364: 3.15632e-05
63365: 3.15627e-05
63366: 3.15622e-05
63367: 3.15617e-05
63368: 3.15612e-05
63369: 3.15607e-05
63370: 3.15602e-05
63371: 3.15597e-05
63372: 3.15592e-05
63373: 3.15587e-05
63374: 3.15582e-05
63375: 3.15577e-05
63376: 3.15572e-05
63377: 3.15567e-05
63378: 3.15562e-05
63379: 3.15557e-05
63380: 3.15552e-05
63381: 3.15547e-05
63382: 3.15542e-05
63383: 3.15537e-05
63384: 3.15532e-05
63385: 3.15527e-05
63386: 3.15522e-05
63387: 3.15517e-05
63388: 3.15512e-05
63389: 3.15507e-05
63390: 3.15502e-05
63391: 3.15497e-05
63392: 3.15492e-05
63393: 3.15487e-05
63394: 3.15482e-05
63395: 3.15477e-05
63396: 3.15472e-05
63397: 3.15467e-05
63398: 3.15462e-05
63399: 3.15457e-05
63400: 3.15452e-05
63401: 3.15447e-05
63402: 3.15442e-05
63403: 3.15438e-05
63404: 3.15433e-05
63405: 3.15428e-05
63406: 3.15423e-05
63407: 3.15418e-05
63408: 3.15413e-05
63409: 3.15408e-05
63410: 3.15403e-05
63411: 3.15398e-05
63412: 3.15393e-05
63413: 3.15388e-05
63414: 3.15383e-05
63415: 3.15378e-05
63416: 3.15373e-05
63417: 3.15368e-05
63418: 3.15363e-05
63419: 3.15358e-05
63420: 3.15353e-05
63421: 3.15348e-05
63422: 3.15343e-05
63423: 3.15338e-05
63424: 3.15333e-05
63425: 3.15328e-05
63426: 3.15323e-05
63427: 3.15318e-05
63428: 3.15313e-05
63429: 3.15308e-05
63430: 3.15303e-05
63431: 3.15298e-05
63432: 3.15293e-05
63433: 3.15288e-05
63434: 3.15283e-05
63435: 3.15278e-05
63436: 3.15273e-05
63437: 3.15268e-05
63438: 3.15263e-05
63439: 3.15259e-05
63440: 3.15254e-05
63441: 3.15249e-05
63442: 3.15244e-05
63443: 3.15239e-05
63444: 3.15234e-05
63445: 3.15229e-05
63446: 3.15224e-05
63447: 3.15219e-05
63448: 3.15214e-05
63449: 3.15209e-05
63450: 3.15204e-05
63451: 3.15199e-05
63452: 3.15194e-05
63453: 3.15189e-05
63454: 3.15184e-05
63455: 3.15179e-05
63456: 3.15174e-05
63457: 3.15169e-05
63458: 3.15164e-05
63459: 3.15159e-05
63460: 3.15154e-05
63461: 3.15149e-05
63462: 3.15144e-05
63463: 3.15139e-05
63464: 3.15134e-05
63465: 3.15129e-05
63466: 3.15124e-05
63467: 3.15119e-05
63468: 3.15114e-05
63469: 3.1511e-05
63470: 3.15105e-05
63471: 3.151e-05
63472: 3.15095e-05
63473: 3.1509e-05
63474: 3.15085e-05
63475: 3.1508e-05
63476: 3.15075e-05
63477: 3.1507e-05
63478: 3.15065e-05
63479: 3.1506e-05
63480: 3.15055e-05
63481: 3.1505e-05
63482: 3.15045e-05
63483: 3.1504e-05
63484: 3.15035e-05
63485: 3.1503e-05
63486: 3.15025e-05
63487: 3.1502e-05
63488: 3.15015e-05
63489: 3.1501e-05
63490: 3.15005e-05
63491: 3.15e-05
63492: 3.14995e-05
63493: 3.1499e-05
63494: 3.14985e-05
63495: 3.1498e-05
63496: 3.14976e-05
63497: 3.14971e-05
63498: 3.14966e-05
63499: 3.14961e-05
63500: 3.14956e-05
63501: 3.14951e-05
63502: 3.14946e-05
63503: 3.14941e-05
63504: 3.14936e-05
63505: 3.14931e-05
63506: 3.14926e-05
63507: 3.14921e-05
63508: 3.14916e-05
63509: 3.14911e-05
63510: 3.14906e-05
63511: 3.14901e-05
63512: 3.14896e-05
63513: 3.14891e-05
63514: 3.14886e-05
63515: 3.14881e-05
63516: 3.14876e-05
63517: 3.14871e-05
63518: 3.14866e-05
63519: 3.14861e-05
63520: 3.14857e-05
63521: 3.14852e-05
63522: 3.14847e-05
63523: 3.14842e-05
63524: 3.14837e-05
63525: 3.14832e-05
63526: 3.14827e-05
63527: 3.14822e-05
63528: 3.14817e-05
63529: 3.14812e-05
63530: 3.14807e-05
63531: 3.14802e-05
63532: 3.14797e-05
63533: 3.14792e-05
63534: 3.14787e-05
63535: 3.14782e-05
63536: 3.14777e-05
63537: 3.14772e-05
63538: 3.14767e-05
63539: 3.14762e-05
63540: 3.14757e-05
63541: 3.14752e-05
63542: 3.14747e-05
63543: 3.14743e-05
63544: 3.14738e-05
63545: 3.14733e-05
63546: 3.14728e-05
63547: 3.14723e-05
63548: 3.14718e-05
63549: 3.14713e-05
63550: 3.14708e-05
63551: 3.14703e-05
63552: 3.14698e-05
63553: 3.14693e-05
63554: 3.14688e-05
63555: 3.14683e-05
63556: 3.14678e-05
63557: 3.14673e-05
63558: 3.14668e-05
63559: 3.14663e-05
63560: 3.14658e-05
63561: 3.14653e-05
63562: 3.14648e-05
63563: 3.14644e-05
63564: 3.14639e-05
63565: 3.14634e-05
63566: 3.14629e-05
63567: 3.14624e-05
63568: 3.14619e-05
63569: 3.14614e-05
63570: 3.14609e-05
63571: 3.14604e-05
63572: 3.14599e-05
63573: 3.14594e-05
63574: 3.14589e-05
63575: 3.14584e-05
63576: 3.14579e-05
63577: 3.14574e-05
63578: 3.14569e-05
63579: 3.14564e-05
63580: 3.14559e-05
63581: 3.14554e-05
63582: 3.14549e-05
63583: 3.14545e-05
63584: 3.1454e-05
63585: 3.14535e-05
63586: 3.1453e-05
63587: 3.14525e-05
63588: 3.1452e-05
63589: 3.14515e-05
63590: 3.1451e-05
63591: 3.14505e-05
63592: 3.145e-05
63593: 3.14495e-05
63594: 3.1449e-05
63595: 3.14485e-05
63596: 3.1448e-05
63597: 3.14475e-05
63598: 3.1447e-05
63599: 3.14465e-05
63600: 3.1446e-05
63601: 3.14456e-05
63602: 3.14451e-05
63603: 3.14446e-05
63604: 3.14441e-05
63605: 3.14436e-05
63606: 3.14431e-05
63607: 3.14426e-05
63608: 3.14421e-05
63609: 3.14416e-05
63610: 3.14411e-05
63611: 3.14406e-05
63612: 3.14401e-05
63613: 3.14396e-05
63614: 3.14391e-05
63615: 3.14386e-05
63616: 3.14381e-05
63617: 3.14376e-05
63618: 3.14371e-05
63619: 3.14367e-05
63620: 3.14362e-05
63621: 3.14357e-05
63622: 3.14352e-05
63623: 3.14347e-05
63624: 3.14342e-05
63625: 3.14337e-05
63626: 3.14332e-05
63627: 3.14327e-05
63628: 3.14322e-05
63629: 3.14317e-05
63630: 3.14312e-05
63631: 3.14307e-05
63632: 3.14302e-05
63633: 3.14297e-05
63634: 3.14292e-05
63635: 3.14288e-05
63636: 3.14283e-05
63637: 3.14278e-05
63638: 3.14273e-05
63639: 3.14268e-05
63640: 3.14263e-05
63641: 3.14258e-05
63642: 3.14253e-05
63643: 3.14248e-05
63644: 3.14243e-05
63645: 3.14238e-05
63646: 3.14233e-05
63647: 3.14228e-05
63648: 3.14223e-05
63649: 3.14218e-05
63650: 3.14213e-05
63651: 3.14209e-05
63652: 3.14204e-05
63653: 3.14199e-05
63654: 3.14194e-05
63655: 3.14189e-05
63656: 3.14184e-05
63657: 3.14179e-05
63658: 3.14174e-05
63659: 3.14169e-05
63660: 3.14164e-05
63661: 3.14159e-05
63662: 3.14154e-05
63663: 3.14149e-05
63664: 3.14144e-05
63665: 3.14139e-05
63666: 3.14134e-05
63667: 3.1413e-05
63668: 3.14125e-05
63669: 3.1412e-05
63670: 3.14115e-05
63671: 3.1411e-05
63672: 3.14105e-05
63673: 3.141e-05
63674: 3.14095e-05
63675: 3.1409e-05
63676: 3.14085e-05
63677: 3.1408e-05
63678: 3.14075e-05
63679: 3.1407e-05
63680: 3.14065e-05
63681: 3.1406e-05
63682: 3.14056e-05
63683: 3.14051e-05
63684: 3.14046e-05
63685: 3.14041e-05
63686: 3.14036e-05
63687: 3.14031e-05
63688: 3.14026e-05
63689: 3.14021e-05
63690: 3.14016e-05
63691: 3.14011e-05
63692: 3.14006e-05
63693: 3.14001e-05
63694: 3.13996e-05
63695: 3.13991e-05
63696: 3.13987e-05
63697: 3.13982e-05
63698: 3.13977e-05
63699: 3.13972e-05
63700: 3.13967e-05
63701: 3.13962e-05
63702: 3.13957e-05
63703: 3.13952e-05
63704: 3.13947e-05
63705: 3.13942e-05
63706: 3.13937e-05
63707: 3.13932e-05
63708: 3.13927e-05
63709: 3.13922e-05
63710: 3.13918e-05
63711: 3.13913e-05
63712: 3.13908e-05
63713: 3.13903e-05
63714: 3.13898e-05
63715: 3.13893e-05
63716: 3.13888e-05
63717: 3.13883e-05
63718: 3.13878e-05
63719: 3.13873e-05
63720: 3.13868e-05
63721: 3.13863e-05
63722: 3.13858e-05
63723: 3.13853e-05
63724: 3.13849e-05
63725: 3.13844e-05
63726: 3.13839e-05
63727: 3.13834e-05
63728: 3.13829e-05
63729: 3.13824e-05
63730: 3.13819e-05
63731: 3.13814e-05
63732: 3.13809e-05
63733: 3.13804e-05
63734: 3.13799e-05
63735: 3.13794e-05
63736: 3.13789e-05
63737: 3.13785e-05
63738: 3.1378e-05
63739: 3.13775e-05
63740: 3.1377e-05
63741: 3.13765e-05
63742: 3.1376e-05
63743: 3.13755e-05
63744: 3.1375e-05
63745: 3.13745e-05
63746: 3.1374e-05
63747: 3.13735e-05
63748: 3.1373e-05
63749: 3.13725e-05
63750: 3.13721e-05
63751: 3.13716e-05
63752: 3.13711e-05
63753: 3.13706e-05
63754: 3.13701e-05
63755: 3.13696e-05
63756: 3.13691e-05
63757: 3.13686e-05
63758: 3.13681e-05
63759: 3.13676e-05
63760: 3.13671e-05
63761: 3.13666e-05
63762: 3.13662e-05
63763: 3.13657e-05
63764: 3.13652e-05
63765: 3.13647e-05
63766: 3.13642e-05
63767: 3.13637e-05
63768: 3.13632e-05
63769: 3.13627e-05
63770: 3.13622e-05
63771: 3.13617e-05
63772: 3.13612e-05
63773: 3.13607e-05
63774: 3.13603e-05
63775: 3.13598e-05
63776: 3.13593e-05
63777: 3.13588e-05
63778: 3.13583e-05
63779: 3.13578e-05
63780: 3.13573e-05
63781: 3.13568e-05
63782: 3.13563e-05
63783: 3.13558e-05
63784: 3.13553e-05
63785: 3.13548e-05
63786: 3.13544e-05
63787: 3.13539e-05
63788: 3.13534e-05
63789: 3.13529e-05
63790: 3.13524e-05
63791: 3.13519e-05
63792: 3.13514e-05
63793: 3.13509e-05
63794: 3.13504e-05
63795: 3.13499e-05
63796: 3.13494e-05
63797: 3.13489e-05
63798: 3.13485e-05
63799: 3.1348e-05
63800: 3.13475e-05
63801: 3.1347e-05
63802: 3.13465e-05
63803: 3.1346e-05
63804: 3.13455e-05
63805: 3.1345e-05
63806: 3.13445e-05
63807: 3.1344e-05
63808: 3.13435e-05
63809: 3.1343e-05
63810: 3.13426e-05
63811: 3.13421e-05
63812: 3.13416e-05
63813: 3.13411e-05
63814: 3.13406e-05
63815: 3.13401e-05
63816: 3.13396e-05
63817: 3.13391e-05
63818: 3.13386e-05
63819: 3.13381e-05
63820: 3.13376e-05
63821: 3.13372e-05
63822: 3.13367e-05
63823: 3.13362e-05
63824: 3.13357e-05
63825: 3.13352e-05
63826: 3.13347e-05
63827: 3.13342e-05
63828: 3.13337e-05
63829: 3.13332e-05
63830: 3.13327e-05
63831: 3.13322e-05
63832: 3.13318e-05
63833: 3.13313e-05
63834: 3.13308e-05
63835: 3.13303e-05
63836: 3.13298e-05
63837: 3.13293e-05
63838: 3.13288e-05
63839: 3.13283e-05
63840: 3.13278e-05
63841: 3.13273e-05
63842: 3.13268e-05
63843: 3.13264e-05
63844: 3.13259e-05
63845: 3.13254e-05
63846: 3.13249e-05
63847: 3.13244e-05
63848: 3.13239e-05
63849: 3.13234e-05
63850: 3.13229e-05
63851: 3.13224e-05
63852: 3.13219e-05
63853: 3.13215e-05
63854: 3.1321e-05
63855: 3.13205e-05
63856: 3.132e-05
63857: 3.13195e-05
63858: 3.1319e-05
63859: 3.13185e-05
63860: 3.1318e-05
63861: 3.13175e-05
63862: 3.1317e-05
63863: 3.13165e-05
63864: 3.13161e-05
63865: 3.13156e-05
63866: 3.13151e-05
63867: 3.13146e-05
63868: 3.13141e-05
63869: 3.13136e-05
63870: 3.13131e-05
63871: 3.13126e-05
63872: 3.13121e-05
63873: 3.13116e-05
63874: 3.13112e-05
63875: 3.13107e-05
63876: 3.13102e-05
63877: 3.13097e-05
63878: 3.13092e-05
63879: 3.13087e-05
63880: 3.13082e-05
63881: 3.13077e-05
63882: 3.13072e-05
63883: 3.13067e-05
63884: 3.13063e-05
63885: 3.13058e-05
63886: 3.13053e-05
63887: 3.13048e-05
63888: 3.13043e-05
63889: 3.13038e-05
63890: 3.13033e-05
63891: 3.13028e-05
63892: 3.13023e-05
63893: 3.13018e-05
63894: 3.13014e-05
63895: 3.13009e-05
63896: 3.13004e-05
63897: 3.12999e-05
63898: 3.12994e-05
63899: 3.12989e-05
63900: 3.12984e-05
63901: 3.12979e-05
63902: 3.12974e-05
63903: 3.12969e-05
63904: 3.12965e-05
63905: 3.1296e-05
63906: 3.12955e-05
63907: 3.1295e-05
63908: 3.12945e-05
63909: 3.1294e-05
63910: 3.12935e-05
63911: 3.1293e-05
63912: 3.12925e-05
63913: 3.1292e-05
63914: 3.12916e-05
63915: 3.12911e-05
63916: 3.12906e-05
63917: 3.12901e-05
63918: 3.12896e-05
63919: 3.12891e-05
63920: 3.12886e-05
63921: 3.12881e-05
63922: 3.12876e-05
63923: 3.12872e-05
63924: 3.12867e-05
63925: 3.12862e-05
63926: 3.12857e-05
63927: 3.12852e-05
63928: 3.12847e-05
63929: 3.12842e-05
63930: 3.12837e-05
63931: 3.12832e-05
63932: 3.12827e-05
63933: 3.12823e-05
63934: 3.12818e-05
63935: 3.12813e-05
63936: 3.12808e-05
63937: 3.12803e-05
63938: 3.12798e-05
63939: 3.12793e-05
63940: 3.12788e-05
63941: 3.12783e-05
63942: 3.12779e-05
63943: 3.12774e-05
63944: 3.12769e-05
63945: 3.12764e-05
63946: 3.12759e-05
63947: 3.12754e-05
63948: 3.12749e-05
63949: 3.12744e-05
63950: 3.12739e-05
63951: 3.12735e-05
63952: 3.1273e-05
63953: 3.12725e-05
63954: 3.1272e-05
63955: 3.12715e-05
63956: 3.1271e-05
63957: 3.12705e-05
63958: 3.127e-05
63959: 3.12695e-05
63960: 3.12691e-05
63961: 3.12686e-05
63962: 3.12681e-05
63963: 3.12676e-05
63964: 3.12671e-05
63965: 3.12666e-05
63966: 3.12661e-05
63967: 3.12656e-05
63968: 3.12651e-05
63969: 3.12647e-05
63970: 3.12642e-05
63971: 3.12637e-05
63972: 3.12632e-05
63973: 3.12627e-05
63974: 3.12622e-05
63975: 3.12617e-05
63976: 3.12612e-05
63977: 3.12607e-05
63978: 3.12603e-05
63979: 3.12598e-05
63980: 3.12593e-05
63981: 3.12588e-05
63982: 3.12583e-05
63983: 3.12578e-05
63984: 3.12573e-05
63985: 3.12568e-05
63986: 3.12563e-05
63987: 3.12559e-05
63988: 3.12554e-05
63989: 3.12549e-05
63990: 3.12544e-05
63991: 3.12539e-05
63992: 3.12534e-05
63993: 3.12529e-05
63994: 3.12524e-05
63995: 3.1252e-05
63996: 3.12515e-05
63997: 3.1251e-05
63998: 3.12505e-05
63999: 3.125e-05
64000: 3.12495e-05
64001: 3.1249e-05
64002: 3.12485e-05
64003: 3.1248e-05
64004: 3.12476e-05
64005: 3.12471e-05
64006: 3.12466e-05
64007: 3.12461e-05
64008: 3.12456e-05
64009: 3.12451e-05
64010: 3.12446e-05
64011: 3.12441e-05
64012: 3.12437e-05
64013: 3.12432e-05
64014: 3.12427e-05
64015: 3.12422e-05
64016: 3.12417e-05
64017: 3.12412e-05
64018: 3.12407e-05
64019: 3.12402e-05
64020: 3.12397e-05
64021: 3.12393e-05
64022: 3.12388e-05
64023: 3.12383e-05
64024: 3.12378e-05
64025: 3.12373e-05
64026: 3.12368e-05
64027: 3.12363e-05
64028: 3.12358e-05
64029: 3.12354e-05
64030: 3.12349e-05
64031: 3.12344e-05
64032: 3.12339e-05
64033: 3.12334e-05
64034: 3.12329e-05
64035: 3.12324e-05
64036: 3.12319e-05
64037: 3.12315e-05
64038: 3.1231e-05
64039: 3.12305e-05
64040: 3.123e-05
64041: 3.12295e-05
64042: 3.1229e-05
64043: 3.12285e-05
64044: 3.1228e-05
64045: 3.12276e-05
64046: 3.12271e-05
64047: 3.12266e-05
64048: 3.12261e-05
64049: 3.12256e-05
64050: 3.12251e-05
64051: 3.12246e-05
64052: 3.12241e-05
64053: 3.12237e-05
64054: 3.12232e-05
64055: 3.12227e-05
64056: 3.12222e-05
64057: 3.12217e-05
64058: 3.12212e-05
64059: 3.12207e-05
64060: 3.12202e-05
64061: 3.12198e-05
64062: 3.12193e-05
64063: 3.12188e-05
64064: 3.12183e-05
64065: 3.12178e-05
64066: 3.12173e-05
64067: 3.12168e-05
64068: 3.12163e-05
64069: 3.12159e-05
64070: 3.12154e-05
64071: 3.12149e-05
64072: 3.12144e-05
64073: 3.12139e-05
64074: 3.12134e-05
64075: 3.12129e-05
64076: 3.12124e-05
64077: 3.1212e-05
64078: 3.12115e-05
64079: 3.1211e-05
64080: 3.12105e-05
64081: 3.121e-05
64082: 3.12095e-05
64083: 3.1209e-05
64084: 3.12086e-05
64085: 3.12081e-05
64086: 3.12076e-05
64087: 3.12071e-05
64088: 3.12066e-05
64089: 3.12061e-05
64090: 3.12056e-05
64091: 3.12051e-05
64092: 3.12047e-05
64093: 3.12042e-05
64094: 3.12037e-05
64095: 3.12032e-05
64096: 3.12027e-05
64097: 3.12022e-05
64098: 3.12017e-05
64099: 3.12012e-05
64100: 3.12008e-05
64101: 3.12003e-05
64102: 3.11998e-05
64103: 3.11993e-05
64104: 3.11988e-05
64105: 3.11983e-05
64106: 3.11978e-05
64107: 3.11974e-05
64108: 3.11969e-05
64109: 3.11964e-05
64110: 3.11959e-05
64111: 3.11954e-05
64112: 3.11949e-05
64113: 3.11944e-05
64114: 3.11939e-05
64115: 3.11935e-05
64116: 3.1193e-05
64117: 3.11925e-05
64118: 3.1192e-05
64119: 3.11915e-05
64120: 3.1191e-05
64121: 3.11905e-05
64122: 3.11901e-05
64123: 3.11896e-05
64124: 3.11891e-05
64125: 3.11886e-05
64126: 3.11881e-05
64127: 3.11876e-05
64128: 3.11871e-05
64129: 3.11867e-05
64130: 3.11862e-05
64131: 3.11857e-05
64132: 3.11852e-05
64133: 3.11847e-05
64134: 3.11842e-05
64135: 3.11837e-05
64136: 3.11832e-05
64137: 3.11828e-05
64138: 3.11823e-05
64139: 3.11818e-05
64140: 3.11813e-05
64141: 3.11808e-05
64142: 3.11803e-05
64143: 3.11798e-05
64144: 3.11794e-05
64145: 3.11789e-05
64146: 3.11784e-05
64147: 3.11779e-05
64148: 3.11774e-05
64149: 3.11769e-05
64150: 3.11764e-05
64151: 3.1176e-05
64152: 3.11755e-05
64153: 3.1175e-05
64154: 3.11745e-05
64155: 3.1174e-05
64156: 3.11735e-05
64157: 3.1173e-05
64158: 3.11726e-05
64159: 3.11721e-05
64160: 3.11716e-05
64161: 3.11711e-05
64162: 3.11706e-05
64163: 3.11701e-05
64164: 3.11696e-05
64165: 3.11692e-05
64166: 3.11687e-05
64167: 3.11682e-05
64168: 3.11677e-05
64169: 3.11672e-05
64170: 3.11667e-05
64171: 3.11662e-05
64172: 3.11658e-05
64173: 3.11653e-05
64174: 3.11648e-05
64175: 3.11643e-05
64176: 3.11638e-05
64177: 3.11633e-05
64178: 3.11628e-05
64179: 3.11624e-05
64180: 3.11619e-05
64181: 3.11614e-05
64182: 3.11609e-05
64183: 3.11604e-05
64184: 3.11599e-05
64185: 3.11594e-05
64186: 3.1159e-05
64187: 3.11585e-05
64188: 3.1158e-05
64189: 3.11575e-05
64190: 3.1157e-05
64191: 3.11565e-05
64192: 3.1156e-05
64193: 3.11556e-05
64194: 3.11551e-05
64195: 3.11546e-05
64196: 3.11541e-05
64197: 3.11536e-05
64198: 3.11531e-05
64199: 3.11526e-05
64200: 3.11522e-05
64201: 3.11517e-05
64202: 3.11512e-05
64203: 3.11507e-05
64204: 3.11502e-05
64205: 3.11497e-05
64206: 3.11493e-05
64207: 3.11488e-05
64208: 3.11483e-05
64209: 3.11478e-05
64210: 3.11473e-05
64211: 3.11468e-05
64212: 3.11463e-05
64213: 3.11459e-05
64214: 3.11454e-05
64215: 3.11449e-05
64216: 3.11444e-05
64217: 3.11439e-05
64218: 3.11434e-05
64219: 3.11429e-05
64220: 3.11425e-05
64221: 3.1142e-05
64222: 3.11415e-05
64223: 3.1141e-05
64224: 3.11405e-05
64225: 3.114e-05
64226: 3.11396e-05
64227: 3.11391e-05
64228: 3.11386e-05
64229: 3.11381e-05
64230: 3.11376e-05
64231: 3.11371e-05
64232: 3.11366e-05
64233: 3.11362e-05
64234: 3.11357e-05
64235: 3.11352e-05
64236: 3.11347e-05
64237: 3.11342e-05
64238: 3.11337e-05
64239: 3.11333e-05
64240: 3.11328e-05
64241: 3.11323e-05
64242: 3.11318e-05
64243: 3.11313e-05
64244: 3.11308e-05
64245: 3.11303e-05
64246: 3.11299e-05
64247: 3.11294e-05
64248: 3.11289e-05
64249: 3.11284e-05
64250: 3.11279e-05
64251: 3.11274e-05
64252: 3.1127e-05
64253: 3.11265e-05
64254: 3.1126e-05
64255: 3.11255e-05
64256: 3.1125e-05
64257: 3.11245e-05
64258: 3.1124e-05
64259: 3.11236e-05
64260: 3.11231e-05
64261: 3.11226e-05
64262: 3.11221e-05
64263: 3.11216e-05
64264: 3.11211e-05
64265: 3.11207e-05
64266: 3.11202e-05
64267: 3.11197e-05
64268: 3.11192e-05
64269: 3.11187e-05
64270: 3.11182e-05
64271: 3.11177e-05
64272: 3.11173e-05
64273: 3.11168e-05
64274: 3.11163e-05
64275: 3.11158e-05
64276: 3.11153e-05
64277: 3.11148e-05
64278: 3.11144e-05
64279: 3.11139e-05
64280: 3.11134e-05
64281: 3.11129e-05
64282: 3.11124e-05
64283: 3.11119e-05
64284: 3.11115e-05
64285: 3.1111e-05
64286: 3.11105e-05
64287: 3.111e-05
64288: 3.11095e-05
64289: 3.1109e-05
64290: 3.11086e-05
64291: 3.11081e-05
64292: 3.11076e-05
64293: 3.11071e-05
64294: 3.11066e-05
64295: 3.11061e-05
64296: 3.11057e-05
64297: 3.11052e-05
64298: 3.11047e-05
64299: 3.11042e-05
64300: 3.11037e-05
64301: 3.11032e-05
64302: 3.11027e-05
64303: 3.11023e-05
64304: 3.11018e-05
64305: 3.11013e-05
64306: 3.11008e-05
64307: 3.11003e-05
64308: 3.10998e-05
64309: 3.10994e-05
64310: 3.10989e-05
64311: 3.10984e-05
64312: 3.10979e-05
64313: 3.10974e-05
64314: 3.10969e-05
64315: 3.10965e-05
64316: 3.1096e-05
64317: 3.10955e-05
64318: 3.1095e-05
64319: 3.10945e-05
64320: 3.1094e-05
64321: 3.10936e-05
64322: 3.10931e-05
64323: 3.10926e-05
64324: 3.10921e-05
64325: 3.10916e-05
64326: 3.10911e-05
64327: 3.10907e-05
64328: 3.10902e-05
64329: 3.10897e-05
64330: 3.10892e-05
64331: 3.10887e-05
64332: 3.10882e-05
64333: 3.10878e-05
64334: 3.10873e-05
64335: 3.10868e-05
64336: 3.10863e-05
64337: 3.10858e-05
64338: 3.10853e-05
64339: 3.10849e-05
64340: 3.10844e-05
64341: 3.10839e-05
64342: 3.10834e-05
64343: 3.10829e-05
64344: 3.10824e-05
64345: 3.1082e-05
64346: 3.10815e-05
64347: 3.1081e-05
64348: 3.10805e-05
64349: 3.108e-05
64350: 3.10795e-05
64351: 3.10791e-05
64352: 3.10786e-05
64353: 3.10781e-05
64354: 3.10776e-05
64355: 3.10771e-05
64356: 3.10767e-05
64357: 3.10762e-05
64358: 3.10757e-05
64359: 3.10752e-05
64360: 3.10747e-05
64361: 3.10742e-05
64362: 3.10738e-05
64363: 3.10733e-05
64364: 3.10728e-05
64365: 3.10723e-05
64366: 3.10718e-05
64367: 3.10713e-05
64368: 3.10709e-05
64369: 3.10704e-05
64370: 3.10699e-05
64371: 3.10694e-05
64372: 3.10689e-05
64373: 3.10684e-05
64374: 3.1068e-05
64375: 3.10675e-05
64376: 3.1067e-05
64377: 3.10665e-05
64378: 3.1066e-05
64379: 3.10655e-05
64380: 3.10651e-05
64381: 3.10646e-05
64382: 3.10641e-05
64383: 3.10636e-05
64384: 3.10631e-05
64385: 3.10627e-05
64386: 3.10622e-05
64387: 3.10617e-05
64388: 3.10612e-05
64389: 3.10607e-05
64390: 3.10602e-05
64391: 3.10598e-05
64392: 3.10593e-05
64393: 3.10588e-05
64394: 3.10583e-05
64395: 3.10578e-05
64396: 3.10573e-05
64397: 3.10569e-05
64398: 3.10564e-05
64399: 3.10559e-05
64400: 3.10554e-05
64401: 3.10549e-05
64402: 3.10545e-05
64403: 3.1054e-05
64404: 3.10535e-05
64405: 3.1053e-05
64406: 3.10525e-05
64407: 3.1052e-05
64408: 3.10516e-05
64409: 3.10511e-05
64410: 3.10506e-05
64411: 3.10501e-05
64412: 3.10496e-05
64413: 3.10492e-05
64414: 3.10487e-05
64415: 3.10482e-05
64416: 3.10477e-05
64417: 3.10472e-05
64418: 3.10467e-05
64419: 3.10463e-05
64420: 3.10458e-05
64421: 3.10453e-05
64422: 3.10448e-05
64423: 3.10443e-05
64424: 3.10438e-05
64425: 3.10434e-05
64426: 3.10429e-05
64427: 3.10424e-05
64428: 3.10419e-05
64429: 3.10414e-05
64430: 3.1041e-05
64431: 3.10405e-05
64432: 3.104e-05
64433: 3.10395e-05
64434: 3.1039e-05
64435: 3.10385e-05
64436: 3.10381e-05
64437: 3.10376e-05
64438: 3.10371e-05
64439: 3.10366e-05
64440: 3.10361e-05
64441: 3.10357e-05
64442: 3.10352e-05
64443: 3.10347e-05
64444: 3.10342e-05
64445: 3.10337e-05
64446: 3.10333e-05
64447: 3.10328e-05
64448: 3.10323e-05
64449: 3.10318e-05
64450: 3.10313e-05
64451: 3.10308e-05
64452: 3.10304e-05
64453: 3.10299e-05
64454: 3.10294e-05
64455: 3.10289e-05
64456: 3.10284e-05
64457: 3.1028e-05
64458: 3.10275e-05
64459: 3.1027e-05
64460: 3.10265e-05
64461: 3.1026e-05
64462: 3.10255e-05
64463: 3.10251e-05
64464: 3.10246e-05
64465: 3.10241e-05
64466: 3.10236e-05
64467: 3.10231e-05
64468: 3.10227e-05
64469: 3.10222e-05
64470: 3.10217e-05
64471: 3.10212e-05
64472: 3.10207e-05
64473: 3.10203e-05
64474: 3.10198e-05
64475: 3.10193e-05
64476: 3.10188e-05
64477: 3.10183e-05
64478: 3.10179e-05
64479: 3.10174e-05
64480: 3.10169e-05
64481: 3.10164e-05
64482: 3.10159e-05
64483: 3.10154e-05
64484: 3.1015e-05
64485: 3.10145e-05
64486: 3.1014e-05
64487: 3.10135e-05
64488: 3.1013e-05
64489: 3.10126e-05
64490: 3.10121e-05
64491: 3.10116e-05
64492: 3.10111e-05
64493: 3.10106e-05
64494: 3.10102e-05
64495: 3.10097e-05
64496: 3.10092e-05
64497: 3.10087e-05
64498: 3.10082e-05
64499: 3.10078e-05
64500: 3.10073e-05
64501: 3.10068e-05
64502: 3.10063e-05
64503: 3.10058e-05
64504: 3.10053e-05
64505: 3.10049e-05
64506: 3.10044e-05
64507: 3.10039e-05
64508: 3.10034e-05
64509: 3.10029e-05
64510: 3.10025e-05
64511: 3.1002e-05
64512: 3.10015e-05
64513: 3.1001e-05
64514: 3.10005e-05
64515: 3.10001e-05
64516: 3.09996e-05
64517: 3.09991e-05
64518: 3.09986e-05
64519: 3.09981e-05
64520: 3.09977e-05
64521: 3.09972e-05
64522: 3.09967e-05
64523: 3.09962e-05
64524: 3.09957e-05
64525: 3.09953e-05
64526: 3.09948e-05
64527: 3.09943e-05
64528: 3.09938e-05
64529: 3.09933e-05
64530: 3.09929e-05
64531: 3.09924e-05
64532: 3.09919e-05
64533: 3.09914e-05
64534: 3.09909e-05
64535: 3.09905e-05
64536: 3.099e-05
64537: 3.09895e-05
64538: 3.0989e-05
64539: 3.09885e-05
64540: 3.09881e-05
64541: 3.09876e-05
64542: 3.09871e-05
64543: 3.09866e-05
64544: 3.09861e-05
64545: 3.09857e-05
64546: 3.09852e-05
64547: 3.09847e-05
64548: 3.09842e-05
64549: 3.09837e-05
64550: 3.09833e-05
64551: 3.09828e-05
64552: 3.09823e-05
64553: 3.09818e-05
64554: 3.09813e-05
64555: 3.09809e-05
64556: 3.09804e-05
64557: 3.09799e-05
64558: 3.09794e-05
64559: 3.09789e-05
64560: 3.09785e-05
64561: 3.0978e-05
64562: 3.09775e-05
64563: 3.0977e-05
64564: 3.09765e-05
64565: 3.09761e-05
64566: 3.09756e-05
64567: 3.09751e-05
64568: 3.09746e-05
64569: 3.09741e-05
64570: 3.09737e-05
64571: 3.09732e-05
64572: 3.09727e-05
64573: 3.09722e-05
64574: 3.09717e-05
64575: 3.09713e-05
64576: 3.09708e-05
64577: 3.09703e-05
64578: 3.09698e-05
64579: 3.09693e-05
64580: 3.09689e-05
64581: 3.09684e-05
64582: 3.09679e-05
64583: 3.09674e-05
64584: 3.09669e-05
64585: 3.09665e-05
64586: 3.0966e-05
64587: 3.09655e-05
64588: 3.0965e-05
64589: 3.09645e-05
64590: 3.09641e-05
64591: 3.09636e-05
64592: 3.09631e-05
64593: 3.09626e-05
64594: 3.09621e-05
64595: 3.09617e-05
64596: 3.09612e-05
64597: 3.09607e-05
64598: 3.09602e-05
64599: 3.09598e-05
64600: 3.09593e-05
64601: 3.09588e-05
64602: 3.09583e-05
64603: 3.09578e-05
64604: 3.09574e-05
64605: 3.09569e-05
64606: 3.09564e-05
64607: 3.09559e-05
64608: 3.09554e-05
64609: 3.0955e-05
64610: 3.09545e-05
64611: 3.0954e-05
64612: 3.09535e-05
64613: 3.0953e-05
64614: 3.09526e-05
64615: 3.09521e-05
64616: 3.09516e-05
64617: 3.09511e-05
64618: 3.09506e-05
64619: 3.09502e-05
64620: 3.09497e-05
64621: 3.09492e-05
64622: 3.09487e-05
64623: 3.09483e-05
64624: 3.09478e-05
64625: 3.09473e-05
64626: 3.09468e-05
64627: 3.09463e-05
64628: 3.09459e-05
64629: 3.09454e-05
64630: 3.09449e-05
64631: 3.09444e-05
64632: 3.09439e-05
64633: 3.09435e-05
64634: 3.0943e-05
64635: 3.09425e-05
64636: 3.0942e-05
64637: 3.09416e-05
64638: 3.09411e-05
64639: 3.09406e-05
64640: 3.09401e-05
64641: 3.09396e-05
64642: 3.09392e-05
64643: 3.09387e-05
64644: 3.09382e-05
64645: 3.09377e-05
64646: 3.09372e-05
64647: 3.09368e-05
64648: 3.09363e-05
64649: 3.09358e-05
64650: 3.09353e-05
64651: 3.09349e-05
64652: 3.09344e-05
64653: 3.09339e-05
64654: 3.09334e-05
64655: 3.09329e-05
64656: 3.09325e-05
64657: 3.0932e-05
64658: 3.09315e-05
64659: 3.0931e-05
64660: 3.09305e-05
64661: 3.09301e-05
64662: 3.09296e-05
64663: 3.09291e-05
64664: 3.09286e-05
64665: 3.09282e-05
64666: 3.09277e-05
64667: 3.09272e-05
64668: 3.09267e-05
64669: 3.09262e-05
64670: 3.09258e-05
64671: 3.09253e-05
64672: 3.09248e-05
64673: 3.09243e-05
64674: 3.09239e-05
64675: 3.09234e-05
64676: 3.09229e-05
64677: 3.09224e-05
64678: 3.09219e-05
64679: 3.09215e-05
64680: 3.0921e-05
64681: 3.09205e-05
64682: 3.092e-05
64683: 3.09195e-05
64684: 3.09191e-05
64685: 3.09186e-05
64686: 3.09181e-05
64687: 3.09176e-05
64688: 3.09172e-05
64689: 3.09167e-05
64690: 3.09162e-05
64691: 3.09157e-05
64692: 3.09152e-05
64693: 3.09148e-05
64694: 3.09143e-05
64695: 3.09138e-05
64696: 3.09133e-05
64697: 3.09129e-05
64698: 3.09124e-05
64699: 3.09119e-05
64700: 3.09114e-05
64701: 3.09109e-05
64702: 3.09105e-05
64703: 3.091e-05
64704: 3.09095e-05
64705: 3.0909e-05
64706: 3.09086e-05
64707: 3.09081e-05
64708: 3.09076e-05
64709: 3.09071e-05
64710: 3.09066e-05
64711: 3.09062e-05
64712: 3.09057e-05
64713: 3.09052e-05
64714: 3.09047e-05
64715: 3.09043e-05
64716: 3.09038e-05
64717: 3.09033e-05
64718: 3.09028e-05
64719: 3.09023e-05
64720: 3.09019e-05
64721: 3.09014e-05
64722: 3.09009e-05
64723: 3.09004e-05
64724: 3.09e-05
64725: 3.08995e-05
64726: 3.0899e-05
64727: 3.08985e-05
64728: 3.08981e-05
64729: 3.08976e-05
64730: 3.08971e-05
64731: 3.08966e-05
64732: 3.08961e-05
64733: 3.08957e-05
64734: 3.08952e-05
64735: 3.08947e-05
64736: 3.08942e-05
64737: 3.08938e-05
64738: 3.08933e-05
64739: 3.08928e-05
64740: 3.08923e-05
64741: 3.08918e-05
64742: 3.08914e-05
64743: 3.08909e-05
64744: 3.08904e-05
64745: 3.08899e-05
64746: 3.08895e-05
64747: 3.0889e-05
64748: 3.08885e-05
64749: 3.0888e-05
64750: 3.08876e-05
64751: 3.08871e-05
64752: 3.08866e-05
64753: 3.08861e-05
64754: 3.08856e-05
64755: 3.08852e-05
64756: 3.08847e-05
64757: 3.08842e-05
64758: 3.08837e-05
64759: 3.08833e-05
64760: 3.08828e-05
64761: 3.08823e-05
64762: 3.08818e-05
64763: 3.08814e-05
64764: 3.08809e-05
64765: 3.08804e-05
64766: 3.08799e-05
64767: 3.08794e-05
64768: 3.0879e-05
64769: 3.08785e-05
64770: 3.0878e-05
64771: 3.08775e-05
64772: 3.08771e-05
64773: 3.08766e-05
64774: 3.08761e-05
64775: 3.08756e-05
64776: 3.08752e-05
64777: 3.08747e-05
64778: 3.08742e-05
64779: 3.08737e-05
64780: 3.08732e-05
64781: 3.08728e-05
64782: 3.08723e-05
64783: 3.08718e-05
64784: 3.08713e-05
64785: 3.08709e-05
64786: 3.08704e-05
64787: 3.08699e-05
64788: 3.08694e-05
64789: 3.0869e-05
64790: 3.08685e-05
64791: 3.0868e-05
64792: 3.08675e-05
64793: 3.08671e-05
64794: 3.08666e-05
64795: 3.08661e-05
64796: 3.08656e-05
64797: 3.08652e-05
64798: 3.08647e-05
64799: 3.08642e-05
64800: 3.08637e-05
64801: 3.08632e-05
64802: 3.08628e-05
64803: 3.08623e-05
64804: 3.08618e-05
64805: 3.08613e-05
64806: 3.08609e-05
64807: 3.08604e-05
64808: 3.08599e-05
64809: 3.08594e-05
64810: 3.0859e-05
64811: 3.08585e-05
64812: 3.0858e-05
64813: 3.08575e-05
64814: 3.08571e-05
64815: 3.08566e-05
64816: 3.08561e-05
64817: 3.08556e-05
64818: 3.08552e-05
64819: 3.08547e-05
64820: 3.08542e-05
64821: 3.08537e-05
64822: 3.08532e-05
64823: 3.08528e-05
64824: 3.08523e-05
64825: 3.08518e-05
64826: 3.08513e-05
64827: 3.08509e-05
64828: 3.08504e-05
64829: 3.08499e-05
64830: 3.08494e-05
64831: 3.0849e-05
64832: 3.08485e-05
64833: 3.0848e-05
64834: 3.08475e-05
64835: 3.08471e-05
64836: 3.08466e-05
64837: 3.08461e-05
64838: 3.08456e-05
64839: 3.08452e-05
64840: 3.08447e-05
64841: 3.08442e-05
64842: 3.08437e-05
64843: 3.08433e-05
64844: 3.08428e-05
64845: 3.08423e-05
64846: 3.08418e-05
64847: 3.08414e-05
64848: 3.08409e-05
64849: 3.08404e-05
64850: 3.08399e-05
64851: 3.08394e-05
64852: 3.0839e-05
64853: 3.08385e-05
64854: 3.0838e-05
64855: 3.08375e-05
64856: 3.08371e-05
64857: 3.08366e-05
64858: 3.08361e-05
64859: 3.08356e-05
64860: 3.08352e-05
64861: 3.08347e-05
64862: 3.08342e-05
64863: 3.08337e-05
64864: 3.08333e-05
64865: 3.08328e-05
64866: 3.08323e-05
64867: 3.08318e-05
64868: 3.08314e-05
64869: 3.08309e-05
64870: 3.08304e-05
64871: 3.08299e-05
64872: 3.08295e-05
64873: 3.0829e-05
64874: 3.08285e-05
64875: 3.0828e-05
64876: 3.08276e-05
64877: 3.08271e-05
64878: 3.08266e-05
64879: 3.08261e-05
64880: 3.08257e-05
64881: 3.08252e-05
64882: 3.08247e-05
64883: 3.08242e-05
64884: 3.08238e-05
64885: 3.08233e-05
64886: 3.08228e-05
64887: 3.08223e-05
64888: 3.08219e-05
64889: 3.08214e-05
64890: 3.08209e-05
64891: 3.08204e-05
64892: 3.082e-05
64893: 3.08195e-05
64894: 3.0819e-05
64895: 3.08185e-05
64896: 3.08181e-05
64897: 3.08176e-05
64898: 3.08171e-05
64899: 3.08166e-05
64900: 3.08162e-05
64901: 3.08157e-05
64902: 3.08152e-05
64903: 3.08147e-05
64904: 3.08143e-05
64905: 3.08138e-05
64906: 3.08133e-05
64907: 3.08128e-05
64908: 3.08124e-05
64909: 3.08119e-05
64910: 3.08114e-05
64911: 3.08109e-05
64912: 3.08105e-05
64913: 3.081e-05
64914: 3.08095e-05
64915: 3.0809e-05
64916: 3.08086e-05
64917: 3.08081e-05
64918: 3.08076e-05
64919: 3.08071e-05
64920: 3.08067e-05
64921: 3.08062e-05
64922: 3.08057e-05
64923: 3.08052e-05
64924: 3.08048e-05
64925: 3.08043e-05
64926: 3.08038e-05
64927: 3.08034e-05
64928: 3.08029e-05
64929: 3.08024e-05
64930: 3.08019e-05
64931: 3.08015e-05
64932: 3.0801e-05
64933: 3.08005e-05
64934: 3.08e-05
64935: 3.07996e-05
64936: 3.07991e-05
64937: 3.07986e-05
64938: 3.07981e-05
64939: 3.07977e-05
64940: 3.07972e-05
64941: 3.07967e-05
64942: 3.07962e-05
64943: 3.07958e-05
64944: 3.07953e-05
64945: 3.07948e-05
64946: 3.07943e-05
64947: 3.07939e-05
64948: 3.07934e-05
64949: 3.07929e-05
64950: 3.07924e-05
64951: 3.0792e-05
64952: 3.07915e-05
64953: 3.0791e-05
64954: 3.07905e-05
64955: 3.07901e-05
64956: 3.07896e-05
64957: 3.07891e-05
64958: 3.07887e-05
64959: 3.07882e-05
64960: 3.07877e-05
64961: 3.07872e-05
64962: 3.07868e-05
64963: 3.07863e-05
64964: 3.07858e-05
64965: 3.07853e-05
64966: 3.07849e-05
64967: 3.07844e-05
64968: 3.07839e-05
64969: 3.07834e-05
64970: 3.0783e-05
64971: 3.07825e-05
64972: 3.0782e-05
64973: 3.07815e-05
64974: 3.07811e-05
64975: 3.07806e-05
64976: 3.07801e-05
64977: 3.07796e-05
64978: 3.07792e-05
64979: 3.07787e-05
64980: 3.07782e-05
64981: 3.07778e-05
64982: 3.07773e-05
64983: 3.07768e-05
64984: 3.07763e-05
64985: 3.07759e-05
64986: 3.07754e-05
64987: 3.07749e-05
64988: 3.07744e-05
64989: 3.0774e-05
64990: 3.07735e-05
64991: 3.0773e-05
64992: 3.07725e-05
64993: 3.07721e-05
64994: 3.07716e-05
64995: 3.07711e-05
64996: 3.07707e-05
64997: 3.07702e-05
64998: 3.07697e-05
64999: 3.07692e-05
65000: 3.07688e-05
65001: 3.07683e-05
65002: 3.07678e-05
65003: 3.07673e-05
65004: 3.07669e-05
65005: 3.07664e-05
65006: 3.07659e-05
65007: 3.07654e-05
65008: 3.0765e-05
65009: 3.07645e-05
65010: 3.0764e-05
65011: 3.07636e-05
65012: 3.07631e-05
65013: 3.07626e-05
65014: 3.07621e-05
65015: 3.07617e-05
65016: 3.07612e-05
65017: 3.07607e-05
65018: 3.07602e-05
65019: 3.07598e-05
65020: 3.07593e-05
65021: 3.07588e-05
65022: 3.07583e-05
65023: 3.07579e-05
65024: 3.07574e-05
65025: 3.07569e-05
65026: 3.07565e-05
65027: 3.0756e-05
65028: 3.07555e-05
65029: 3.0755e-05
65030: 3.07546e-05
65031: 3.07541e-05
65032: 3.07536e-05
65033: 3.07531e-05
65034: 3.07527e-05
65035: 3.07522e-05
65036: 3.07517e-05
65037: 3.07513e-05
65038: 3.07508e-05
65039: 3.07503e-05
65040: 3.07498e-05
65041: 3.07494e-05
65042: 3.07489e-05
65043: 3.07484e-05
65044: 3.07479e-05
65045: 3.07475e-05
65046: 3.0747e-05
65047: 3.07465e-05
65048: 3.07461e-05
65049: 3.07456e-05
65050: 3.07451e-05
65051: 3.07446e-05
65052: 3.07442e-05
65053: 3.07437e-05
65054: 3.07432e-05
65055: 3.07427e-05
65056: 3.07423e-05
65057: 3.07418e-05
65058: 3.07413e-05
65059: 3.07409e-05
65060: 3.07404e-05
65061: 3.07399e-05
65062: 3.07394e-05
65063: 3.0739e-05
65064: 3.07385e-05
65065: 3.0738e-05
65066: 3.07375e-05
65067: 3.07371e-05
65068: 3.07366e-05
65069: 3.07361e-05
65070: 3.07357e-05
65071: 3.07352e-05
65072: 3.07347e-05
65073: 3.07342e-05
65074: 3.07338e-05
65075: 3.07333e-05
65076: 3.07328e-05
65077: 3.07324e-05
65078: 3.07319e-05
65079: 3.07314e-05
65080: 3.07309e-05
65081: 3.07305e-05
65082: 3.073e-05
65083: 3.07295e-05
65084: 3.0729e-05
65085: 3.07286e-05
65086: 3.07281e-05
65087: 3.07276e-05
65088: 3.07272e-05
65089: 3.07267e-05
65090: 3.07262e-05
65091: 3.07257e-05
65092: 3.07253e-05
65093: 3.07248e-05
65094: 3.07243e-05
65095: 3.07239e-05
65096: 3.07234e-05
65097: 3.07229e-05
65098: 3.07224e-05
65099: 3.0722e-05
65100: 3.07215e-05
65101: 3.0721e-05
65102: 3.07206e-05
65103: 3.07201e-05
65104: 3.07196e-05
65105: 3.07191e-05
65106: 3.07187e-05
65107: 3.07182e-05
65108: 3.07177e-05
65109: 3.07172e-05
65110: 3.07168e-05
65111: 3.07163e-05
65112: 3.07158e-05
65113: 3.07154e-05
65114: 3.07149e-05
65115: 3.07144e-05
65116: 3.07139e-05
65117: 3.07135e-05
65118: 3.0713e-05
65119: 3.07125e-05
65120: 3.07121e-05
65121: 3.07116e-05
65122: 3.07111e-05
65123: 3.07106e-05
65124: 3.07102e-05
65125: 3.07097e-05
65126: 3.07092e-05
65127: 3.07088e-05
65128: 3.07083e-05
65129: 3.07078e-05
65130: 3.07073e-05
65131: 3.07069e-05
65132: 3.07064e-05
65133: 3.07059e-05
65134: 3.07055e-05
65135: 3.0705e-05
65136: 3.07045e-05
65137: 3.0704e-05
65138: 3.07036e-05
65139: 3.07031e-05
65140: 3.07026e-05
65141: 3.07022e-05
65142: 3.07017e-05
65143: 3.07012e-05
65144: 3.07007e-05
65145: 3.07003e-05
65146: 3.06998e-05
65147: 3.06993e-05
65148: 3.06989e-05
65149: 3.06984e-05
65150: 3.06979e-05
65151: 3.06974e-05
65152: 3.0697e-05
65153: 3.06965e-05
65154: 3.0696e-05
65155: 3.06956e-05
65156: 3.06951e-05
65157: 3.06946e-05
65158: 3.06941e-05
65159: 3.06937e-05
65160: 3.06932e-05
65161: 3.06927e-05
65162: 3.06923e-05
65163: 3.06918e-05
65164: 3.06913e-05
65165: 3.06909e-05
65166: 3.06904e-05
65167: 3.06899e-05
65168: 3.06894e-05
65169: 3.0689e-05
65170: 3.06885e-05
65171: 3.0688e-05
65172: 3.06876e-05
65173: 3.06871e-05
65174: 3.06866e-05
65175: 3.06861e-05
65176: 3.06857e-05
65177: 3.06852e-05
65178: 3.06847e-05
65179: 3.06843e-05
65180: 3.06838e-05
65181: 3.06833e-05
65182: 3.06828e-05
65183: 3.06824e-05
65184: 3.06819e-05
65185: 3.06814e-05
65186: 3.0681e-05
65187: 3.06805e-05
65188: 3.068e-05
65189: 3.06796e-05
65190: 3.06791e-05
65191: 3.06786e-05
65192: 3.06781e-05
65193: 3.06777e-05
65194: 3.06772e-05
65195: 3.06767e-05
65196: 3.06763e-05
65197: 3.06758e-05
65198: 3.06753e-05
65199: 3.06748e-05
65200: 3.06744e-05
65201: 3.06739e-05
65202: 3.06734e-05
65203: 3.0673e-05
65204: 3.06725e-05
65205: 3.0672e-05
65206: 3.06716e-05
65207: 3.06711e-05
65208: 3.06706e-05
65209: 3.06701e-05
65210: 3.06697e-05
65211: 3.06692e-05
65212: 3.06687e-05
65213: 3.06683e-05
65214: 3.06678e-05
65215: 3.06673e-05
65216: 3.06669e-05
65217: 3.06664e-05
65218: 3.06659e-05
65219: 3.06654e-05
65220: 3.0665e-05
65221: 3.06645e-05
65222: 3.0664e-05
65223: 3.06636e-05
65224: 3.06631e-05
65225: 3.06626e-05
65226: 3.06621e-05
65227: 3.06617e-05
65228: 3.06612e-05
65229: 3.06607e-05
65230: 3.06603e-05
65231: 3.06598e-05
65232: 3.06593e-05
65233: 3.06589e-05
65234: 3.06584e-05
65235: 3.06579e-05
65236: 3.06574e-05
65237: 3.0657e-05
65238: 3.06565e-05
65239: 3.0656e-05
65240: 3.06556e-05
65241: 3.06551e-05
65242: 3.06546e-05
65243: 3.06542e-05
65244: 3.06537e-05
65245: 3.06532e-05
65246: 3.06528e-05
65247: 3.06523e-05
65248: 3.06518e-05
65249: 3.06513e-05
65250: 3.06509e-05
65251: 3.06504e-05
65252: 3.06499e-05
65253: 3.06495e-05
65254: 3.0649e-05
65255: 3.06485e-05
65256: 3.06481e-05
65257: 3.06476e-05
65258: 3.06471e-05
65259: 3.06466e-05
65260: 3.06462e-05
65261: 3.06457e-05
65262: 3.06452e-05
65263: 3.06448e-05
65264: 3.06443e-05
65265: 3.06438e-05
65266: 3.06434e-05
65267: 3.06429e-05
65268: 3.06424e-05
65269: 3.06419e-05
65270: 3.06415e-05
65271: 3.0641e-05
65272: 3.06405e-05
65273: 3.06401e-05
65274: 3.06396e-05
65275: 3.06391e-05
65276: 3.06387e-05
65277: 3.06382e-05
65278: 3.06377e-05
65279: 3.06373e-05
65280: 3.06368e-05
65281: 3.06363e-05
65282: 3.06358e-05
65283: 3.06354e-05
65284: 3.06349e-05
65285: 3.06344e-05
65286: 3.0634e-05
65287: 3.06335e-05
65288: 3.0633e-05
65289: 3.06326e-05
65290: 3.06321e-05
65291: 3.06316e-05
65292: 3.06312e-05
65293: 3.06307e-05
65294: 3.06302e-05
65295: 3.06297e-05
65296: 3.06293e-05
65297: 3.06288e-05
65298: 3.06283e-05
65299: 3.06279e-05
65300: 3.06274e-05
65301: 3.06269e-05
65302: 3.06265e-05
65303: 3.0626e-05
65304: 3.06255e-05
65305: 3.06251e-05
65306: 3.06246e-05
65307: 3.06241e-05
65308: 3.06237e-05
65309: 3.06232e-05
65310: 3.06227e-05
65311: 3.06222e-05
65312: 3.06218e-05
65313: 3.06213e-05
65314: 3.06208e-05
65315: 3.06204e-05
65316: 3.06199e-05
65317: 3.06194e-05
65318: 3.0619e-05
65319: 3.06185e-05
65320: 3.0618e-05
65321: 3.06176e-05
65322: 3.06171e-05
65323: 3.06166e-05
65324: 3.06162e-05
65325: 3.06157e-05
65326: 3.06152e-05
65327: 3.06147e-05
65328: 3.06143e-05
65329: 3.06138e-05
65330: 3.06133e-05
65331: 3.06129e-05
65332: 3.06124e-05
65333: 3.06119e-05
65334: 3.06115e-05
65335: 3.0611e-05
65336: 3.06105e-05
65337: 3.06101e-05
65338: 3.06096e-05
65339: 3.06091e-05
65340: 3.06087e-05
65341: 3.06082e-05
65342: 3.06077e-05
65343: 3.06072e-05
65344: 3.06068e-05
65345: 3.06063e-05
65346: 3.06058e-05
65347: 3.06054e-05
65348: 3.06049e-05
65349: 3.06044e-05
65350: 3.0604e-05
65351: 3.06035e-05
65352: 3.0603e-05
65353: 3.06026e-05
65354: 3.06021e-05
65355: 3.06016e-05
65356: 3.06012e-05
65357: 3.06007e-05
65358: 3.06002e-05
65359: 3.05998e-05
65360: 3.05993e-05
65361: 3.05988e-05
65362: 3.05984e-05
65363: 3.05979e-05
65364: 3.05974e-05
65365: 3.05969e-05
65366: 3.05965e-05
65367: 3.0596e-05
65368: 3.05955e-05
65369: 3.05951e-05
65370: 3.05946e-05
65371: 3.05941e-05
65372: 3.05937e-05
65373: 3.05932e-05
65374: 3.05927e-05
65375: 3.05923e-05
65376: 3.05918e-05
65377: 3.05913e-05
65378: 3.05909e-05
65379: 3.05904e-05
65380: 3.05899e-05
65381: 3.05895e-05
65382: 3.0589e-05
65383: 3.05885e-05
65384: 3.05881e-05
65385: 3.05876e-05
65386: 3.05871e-05
65387: 3.05867e-05
65388: 3.05862e-05
65389: 3.05857e-05
65390: 3.05852e-05
65391: 3.05848e-05
65392: 3.05843e-05
65393: 3.05838e-05
65394: 3.05834e-05
65395: 3.05829e-05
65396: 3.05824e-05
65397: 3.0582e-05
65398: 3.05815e-05
65399: 3.0581e-05
65400: 3.05806e-05
65401: 3.05801e-05
65402: 3.05796e-05
65403: 3.05792e-05
65404: 3.05787e-05
65405: 3.05782e-05
65406: 3.05778e-05
65407: 3.05773e-05
65408: 3.05768e-05
65409: 3.05764e-05
65410: 3.05759e-05
65411: 3.05754e-05
65412: 3.0575e-05
65413: 3.05745e-05
65414: 3.0574e-05
65415: 3.05736e-05
65416: 3.05731e-05
65417: 3.05726e-05
65418: 3.05722e-05
65419: 3.05717e-05
65420: 3.05712e-05
65421: 3.05708e-05
65422: 3.05703e-05
65423: 3.05698e-05
65424: 3.05694e-05
65425: 3.05689e-05
65426: 3.05684e-05
65427: 3.0568e-05
65428: 3.05675e-05
65429: 3.0567e-05
65430: 3.05666e-05
65431: 3.05661e-05
65432: 3.05656e-05
65433: 3.05651e-05
65434: 3.05647e-05
65435: 3.05642e-05
65436: 3.05637e-05
65437: 3.05633e-05
65438: 3.05628e-05
65439: 3.05623e-05
65440: 3.05619e-05
65441: 3.05614e-05
65442: 3.05609e-05
65443: 3.05605e-05
65444: 3.056e-05
65445: 3.05595e-05
65446: 3.05591e-05
65447: 3.05586e-05
65448: 3.05581e-05
65449: 3.05577e-05
65450: 3.05572e-05
65451: 3.05567e-05
65452: 3.05563e-05
65453: 3.05558e-05
65454: 3.05553e-05
65455: 3.05549e-05
65456: 3.05544e-05
65457: 3.05539e-05
65458: 3.05535e-05
65459: 3.0553e-05
65460: 3.05525e-05
65461: 3.05521e-05
65462: 3.05516e-05
65463: 3.05511e-05
65464: 3.05507e-05
65465: 3.05502e-05
65466: 3.05497e-05
65467: 3.05493e-05
65468: 3.05488e-05
65469: 3.05483e-05
65470: 3.05479e-05
65471: 3.05474e-05
65472: 3.05469e-05
65473: 3.05465e-05
65474: 3.0546e-05
65475: 3.05455e-05
65476: 3.05451e-05
65477: 3.05446e-05
65478: 3.05441e-05
65479: 3.05437e-05
65480: 3.05432e-05
65481: 3.05427e-05
65482: 3.05423e-05
65483: 3.05418e-05
65484: 3.05413e-05
65485: 3.05409e-05
65486: 3.05404e-05
65487: 3.05399e-05
65488: 3.05395e-05
65489: 3.0539e-05
65490: 3.05385e-05
65491: 3.05381e-05
65492: 3.05376e-05
65493: 3.05371e-05
65494: 3.05367e-05
65495: 3.05362e-05
65496: 3.05357e-05
65497: 3.05353e-05
65498: 3.05348e-05
65499: 3.05344e-05
65500: 3.05339e-05
65501: 3.05334e-05
65502: 3.0533e-05
65503: 3.05325e-05
65504: 3.0532e-05
65505: 3.05316e-05
65506: 3.05311e-05
65507: 3.05306e-05
65508: 3.05302e-05
65509: 3.05297e-05
65510: 3.05292e-05
65511: 3.05288e-05
65512: 3.05283e-05
65513: 3.05278e-05
65514: 3.05274e-05
65515: 3.05269e-05
65516: 3.05264e-05
65517: 3.0526e-05
65518: 3.05255e-05
65519: 3.0525e-05
65520: 3.05246e-05
65521: 3.05241e-05
65522: 3.05236e-05
65523: 3.05232e-05
65524: 3.05227e-05
65525: 3.05222e-05
65526: 3.05218e-05
65527: 3.05213e-05
65528: 3.05208e-05
65529: 3.05204e-05
65530: 3.05199e-05
65531: 3.05194e-05
65532: 3.0519e-05
65533: 3.05185e-05
65534: 3.0518e-05
65535: 3.05176e-05
65536: 3.05171e-05
65537: 3.05166e-05
65538: 3.05162e-05
65539: 3.05157e-05
65540: 3.05152e-05
65541: 3.05148e-05
65542: 3.05143e-05
65543: 3.05139e-05
65544: 3.05134e-05
65545: 3.05129e-05
65546: 3.05125e-05
65547: 3.0512e-05
65548: 3.05115e-05
65549: 3.05111e-05
65550: 3.05106e-05
65551: 3.05101e-05
65552: 3.05097e-05
65553: 3.05092e-05
65554: 3.05087e-05
65555: 3.05083e-05
65556: 3.05078e-05
65557: 3.05073e-05
65558: 3.05069e-05
65559: 3.05064e-05
65560: 3.05059e-05
65561: 3.05055e-05
65562: 3.0505e-05
65563: 3.05045e-05
65564: 3.05041e-05
65565: 3.05036e-05
65566: 3.05031e-05
65567: 3.05027e-05
65568: 3.05022e-05
65569: 3.05018e-05
65570: 3.05013e-05
65571: 3.05008e-05
65572: 3.05004e-05
65573: 3.04999e-05
65574: 3.04994e-05
65575: 3.0499e-05
65576: 3.04985e-05
65577: 3.0498e-05
65578: 3.04976e-05
65579: 3.04971e-05
65580: 3.04966e-05
65581: 3.04962e-05
65582: 3.04957e-05
65583: 3.04952e-05
65584: 3.04948e-05
65585: 3.04943e-05
65586: 3.04938e-05
65587: 3.04934e-05
65588: 3.04929e-05
65589: 3.04925e-05
65590: 3.0492e-05
65591: 3.04915e-05
65592: 3.04911e-05
65593: 3.04906e-05
65594: 3.04901e-05
65595: 3.04897e-05
65596: 3.04892e-05
65597: 3.04887e-05
65598: 3.04883e-05
65599: 3.04878e-05
65600: 3.04873e-05
65601: 3.04869e-05
65602: 3.04864e-05
65603: 3.04859e-05
65604: 3.04855e-05
65605: 3.0485e-05
65606: 3.04846e-05
65607: 3.04841e-05
65608: 3.04836e-05
65609: 3.04832e-05
65610: 3.04827e-05
65611: 3.04822e-05
65612: 3.04818e-05
65613: 3.04813e-05
65614: 3.04808e-05
65615: 3.04804e-05
65616: 3.04799e-05
65617: 3.04794e-05
65618: 3.0479e-05
65619: 3.04785e-05
65620: 3.0478e-05
65621: 3.04776e-05
65622: 3.04771e-05
65623: 3.04767e-05
65624: 3.04762e-05
65625: 3.04757e-05
65626: 3.04753e-05
65627: 3.04748e-05
65628: 3.04743e-05
65629: 3.04739e-05
65630: 3.04734e-05
65631: 3.04729e-05
65632: 3.04725e-05
65633: 3.0472e-05
65634: 3.04715e-05
65635: 3.04711e-05
65636: 3.04706e-05
65637: 3.04702e-05
65638: 3.04697e-05
65639: 3.04692e-05
65640: 3.04688e-05
65641: 3.04683e-05
65642: 3.04678e-05
65643: 3.04674e-05
65644: 3.04669e-05
65645: 3.04664e-05
65646: 3.0466e-05
65647: 3.04655e-05
65648: 3.0465e-05
65649: 3.04646e-05
65650: 3.04641e-05
65651: 3.04637e-05
65652: 3.04632e-05
65653: 3.04627e-05
65654: 3.04623e-05
65655: 3.04618e-05
65656: 3.04613e-05
65657: 3.04609e-05
65658: 3.04604e-05
65659: 3.04599e-05
65660: 3.04595e-05
65661: 3.0459e-05
65662: 3.04586e-05
65663: 3.04581e-05
65664: 3.04576e-05
65665: 3.04572e-05
65666: 3.04567e-05
65667: 3.04562e-05
65668: 3.04558e-05
65669: 3.04553e-05
65670: 3.04548e-05
65671: 3.04544e-05
65672: 3.04539e-05
65673: 3.04535e-05
65674: 3.0453e-05
65675: 3.04525e-05
65676: 3.04521e-05
65677: 3.04516e-05
65678: 3.04511e-05
65679: 3.04507e-05
65680: 3.04502e-05
65681: 3.04497e-05
65682: 3.04493e-05
65683: 3.04488e-05
65684: 3.04484e-05
65685: 3.04479e-05
65686: 3.04474e-05
65687: 3.0447e-05
65688: 3.04465e-05
65689: 3.0446e-05
65690: 3.04456e-05
65691: 3.04451e-05
65692: 3.04446e-05
65693: 3.04442e-05
65694: 3.04437e-05
65695: 3.04433e-05
65696: 3.04428e-05
65697: 3.04423e-05
65698: 3.04419e-05
65699: 3.04414e-05
65700: 3.04409e-05
65701: 3.04405e-05
65702: 3.044e-05
65703: 3.04395e-05
65704: 3.04391e-05
65705: 3.04386e-05
65706: 3.04382e-05
65707: 3.04377e-05
65708: 3.04372e-05
65709: 3.04368e-05
65710: 3.04363e-05
65711: 3.04358e-05
65712: 3.04354e-05
65713: 3.04349e-05
65714: 3.04345e-05
65715: 3.0434e-05
65716: 3.04335e-05
65717: 3.04331e-05
65718: 3.04326e-05
65719: 3.04321e-05
65720: 3.04317e-05
65721: 3.04312e-05
65722: 3.04307e-05
65723: 3.04303e-05
65724: 3.04298e-05
65725: 3.04294e-05
65726: 3.04289e-05
65727: 3.04284e-05
65728: 3.0428e-05
65729: 3.04275e-05
65730: 3.0427e-05
65731: 3.04266e-05
65732: 3.04261e-05
65733: 3.04257e-05
65734: 3.04252e-05
65735: 3.04247e-05
65736: 3.04243e-05
65737: 3.04238e-05
65738: 3.04233e-05
65739: 3.04229e-05
65740: 3.04224e-05
65741: 3.0422e-05
65742: 3.04215e-05
65743: 3.0421e-05
65744: 3.04206e-05
65745: 3.04201e-05
65746: 3.04196e-05
65747: 3.04192e-05
65748: 3.04187e-05
65749: 3.04183e-05
65750: 3.04178e-05
65751: 3.04173e-05
65752: 3.04169e-05
65753: 3.04164e-05
65754: 3.04159e-05
65755: 3.04155e-05
65756: 3.0415e-05
65757: 3.04146e-05
65758: 3.04141e-05
65759: 3.04136e-05
65760: 3.04132e-05
65761: 3.04127e-05
65762: 3.04122e-05
65763: 3.04118e-05
65764: 3.04113e-05
65765: 3.04109e-05
65766: 3.04104e-05
65767: 3.04099e-05
65768: 3.04095e-05
65769: 3.0409e-05
65770: 3.04085e-05
65771: 3.04081e-05
65772: 3.04076e-05
65773: 3.04072e-05
65774: 3.04067e-05
65775: 3.04062e-05
65776: 3.04058e-05
65777: 3.04053e-05
65778: 3.04048e-05
65779: 3.04044e-05
65780: 3.04039e-05
65781: 3.04035e-05
65782: 3.0403e-05
65783: 3.04025e-05
65784: 3.04021e-05
65785: 3.04016e-05
65786: 3.04011e-05
65787: 3.04007e-05
65788: 3.04002e-05
65789: 3.03998e-05
65790: 3.03993e-05
65791: 3.03988e-05
65792: 3.03984e-05
65793: 3.03979e-05
65794: 3.03974e-05
65795: 3.0397e-05
65796: 3.03965e-05
65797: 3.03961e-05
65798: 3.03956e-05
65799: 3.03951e-05
65800: 3.03947e-05
65801: 3.03942e-05
65802: 3.03938e-05
65803: 3.03933e-05
65804: 3.03928e-05
65805: 3.03924e-05
65806: 3.03919e-05
65807: 3.03914e-05
65808: 3.0391e-05
65809: 3.03905e-05
65810: 3.03901e-05
65811: 3.03896e-05
65812: 3.03891e-05
65813: 3.03887e-05
65814: 3.03882e-05
65815: 3.03877e-05
65816: 3.03873e-05
65817: 3.03868e-05
65818: 3.03864e-05
65819: 3.03859e-05
65820: 3.03854e-05
65821: 3.0385e-05
65822: 3.03845e-05
65823: 3.03841e-05
65824: 3.03836e-05
65825: 3.03831e-05
65826: 3.03827e-05
65827: 3.03822e-05
65828: 3.03817e-05
65829: 3.03813e-05
65830: 3.03808e-05
65831: 3.03804e-05
65832: 3.03799e-05
65833: 3.03794e-05
65834: 3.0379e-05
65835: 3.03785e-05
65836: 3.03781e-05
65837: 3.03776e-05
65838: 3.03771e-05
65839: 3.03767e-05
65840: 3.03762e-05
65841: 3.03757e-05
65842: 3.03753e-05
65843: 3.03748e-05
65844: 3.03744e-05
65845: 3.03739e-05
65846: 3.03734e-05
65847: 3.0373e-05
65848: 3.03725e-05
65849: 3.03721e-05
65850: 3.03716e-05
65851: 3.03711e-05
65852: 3.03707e-05
65853: 3.03702e-05
65854: 3.03698e-05
65855: 3.03693e-05
65856: 3.03688e-05
65857: 3.03684e-05
65858: 3.03679e-05
65859: 3.03674e-05
65860: 3.0367e-05
65861: 3.03665e-05
65862: 3.03661e-05
65863: 3.03656e-05
65864: 3.03651e-05
65865: 3.03647e-05
65866: 3.03642e-05
65867: 3.03638e-05
65868: 3.03633e-05
65869: 3.03628e-05
65870: 3.03624e-05
65871: 3.03619e-05
65872: 3.03615e-05
65873: 3.0361e-05
65874: 3.03605e-05
65875: 3.03601e-05
65876: 3.03596e-05
65877: 3.03591e-05
65878: 3.03587e-05
65879: 3.03582e-05
65880: 3.03578e-05
65881: 3.03573e-05
65882: 3.03568e-05
65883: 3.03564e-05
65884: 3.03559e-05
65885: 3.03555e-05
65886: 3.0355e-05
65887: 3.03545e-05
65888: 3.03541e-05
65889: 3.03536e-05
65890: 3.03532e-05
65891: 3.03527e-05
65892: 3.03522e-05
65893: 3.03518e-05
65894: 3.03513e-05
65895: 3.03509e-05
65896: 3.03504e-05
65897: 3.03499e-05
65898: 3.03495e-05
65899: 3.0349e-05
65900: 3.03486e-05
65901: 3.03481e-05
65902: 3.03476e-05
65903: 3.03472e-05
65904: 3.03467e-05
65905: 3.03463e-05
65906: 3.03458e-05
65907: 3.03453e-05
65908: 3.03449e-05
65909: 3.03444e-05
65910: 3.03439e-05
65911: 3.03435e-05
65912: 3.0343e-05
65913: 3.03426e-05
65914: 3.03421e-05
65915: 3.03416e-05
65916: 3.03412e-05
65917: 3.03407e-05
65918: 3.03403e-05
65919: 3.03398e-05
65920: 3.03393e-05
65921: 3.03389e-05
65922: 3.03384e-05
65923: 3.0338e-05
65924: 3.03375e-05
65925: 3.0337e-05
65926: 3.03366e-05
65927: 3.03361e-05
65928: 3.03357e-05
65929: 3.03352e-05
65930: 3.03347e-05
65931: 3.03343e-05
65932: 3.03338e-05
65933: 3.03334e-05
65934: 3.03329e-05
65935: 3.03324e-05
65936: 3.0332e-05
65937: 3.03315e-05
65938: 3.03311e-05
65939: 3.03306e-05
65940: 3.03301e-05
65941: 3.03297e-05
65942: 3.03292e-05
65943: 3.03288e-05
65944: 3.03283e-05
65945: 3.03278e-05
65946: 3.03274e-05
65947: 3.03269e-05
65948: 3.03265e-05
65949: 3.0326e-05
65950: 3.03255e-05
65951: 3.03251e-05
65952: 3.03246e-05
65953: 3.03242e-05
65954: 3.03237e-05
65955: 3.03232e-05
65956: 3.03228e-05
65957: 3.03223e-05
65958: 3.03219e-05
65959: 3.03214e-05
65960: 3.03209e-05
65961: 3.03205e-05
65962: 3.032e-05
65963: 3.03196e-05
65964: 3.03191e-05
65965: 3.03186e-05
65966: 3.03182e-05
65967: 3.03177e-05
65968: 3.03173e-05
65969: 3.03168e-05
65970: 3.03164e-05
65971: 3.03159e-05
65972: 3.03154e-05
65973: 3.0315e-05
65974: 3.03145e-05
65975: 3.03141e-05
65976: 3.03136e-05
65977: 3.03131e-05
65978: 3.03127e-05
65979: 3.03122e-05
65980: 3.03118e-05
65981: 3.03113e-05
65982: 3.03108e-05
65983: 3.03104e-05
65984: 3.03099e-05
65985: 3.03095e-05
65986: 3.0309e-05
65987: 3.03085e-05
65988: 3.03081e-05
65989: 3.03076e-05
65990: 3.03072e-05
65991: 3.03067e-05
65992: 3.03062e-05
65993: 3.03058e-05
65994: 3.03053e-05
65995: 3.03049e-05
65996: 3.03044e-05
65997: 3.03039e-05
65998: 3.03035e-05
65999: 3.0303e-05
66000: 3.03026e-05
66001: 3.03021e-05
66002: 3.03017e-05
66003: 3.03012e-05
66004: 3.03007e-05
66005: 3.03003e-05
66006: 3.02998e-05
66007: 3.02994e-05
66008: 3.02989e-05
66009: 3.02984e-05
66010: 3.0298e-05
66011: 3.02975e-05
66012: 3.02971e-05
66013: 3.02966e-05
66014: 3.02961e-05
66015: 3.02957e-05
66016: 3.02952e-05
66017: 3.02948e-05
66018: 3.02943e-05
66019: 3.02939e-05
66020: 3.02934e-05
66021: 3.02929e-05
66022: 3.02925e-05
66023: 3.0292e-05
66024: 3.02916e-05
66025: 3.02911e-05
66026: 3.02906e-05
66027: 3.02902e-05
66028: 3.02897e-05
66029: 3.02893e-05
66030: 3.02888e-05
66031: 3.02883e-05
66032: 3.02879e-05
66033: 3.02874e-05
66034: 3.0287e-05
66035: 3.02865e-05
66036: 3.02861e-05
66037: 3.02856e-05
66038: 3.02851e-05
66039: 3.02847e-05
66040: 3.02842e-05
66041: 3.02838e-05
66042: 3.02833e-05
66043: 3.02828e-05
66044: 3.02824e-05
66045: 3.02819e-05
66046: 3.02815e-05
66047: 3.0281e-05
66048: 3.02805e-05
66049: 3.02801e-05
66050: 3.02796e-05
66051: 3.02792e-05
66052: 3.02787e-05
66053: 3.02783e-05
66054: 3.02778e-05
66055: 3.02773e-05
66056: 3.02769e-05
66057: 3.02764e-05
66058: 3.0276e-05
66059: 3.02755e-05
66060: 3.0275e-05
66061: 3.02746e-05
66062: 3.02741e-05
66063: 3.02737e-05
66064: 3.02732e-05
66065: 3.02728e-05
66066: 3.02723e-05
66067: 3.02718e-05
66068: 3.02714e-05
66069: 3.02709e-05
66070: 3.02705e-05
66071: 3.027e-05
66072: 3.02696e-05
66073: 3.02691e-05
66074: 3.02686e-05
66075: 3.02682e-05
66076: 3.02677e-05
66077: 3.02673e-05
66078: 3.02668e-05
66079: 3.02663e-05
66080: 3.02659e-05
66081: 3.02654e-05
66082: 3.0265e-05
66083: 3.02645e-05
66084: 3.02641e-05
66085: 3.02636e-05
66086: 3.02631e-05
66087: 3.02627e-05
66088: 3.02622e-05
66089: 3.02618e-05
66090: 3.02613e-05
66091: 3.02608e-05
66092: 3.02604e-05
66093: 3.02599e-05
66094: 3.02595e-05
66095: 3.0259e-05
66096: 3.02586e-05
66097: 3.02581e-05
66098: 3.02576e-05
66099: 3.02572e-05
66100: 3.02567e-05
66101: 3.02563e-05
66102: 3.02558e-05
66103: 3.02554e-05
66104: 3.02549e-05
66105: 3.02544e-05
66106: 3.0254e-05
66107: 3.02535e-05
66108: 3.02531e-05
66109: 3.02526e-05
66110: 3.02522e-05
66111: 3.02517e-05
66112: 3.02512e-05
66113: 3.02508e-05
66114: 3.02503e-05
66115: 3.02499e-05
66116: 3.02494e-05
66117: 3.02489e-05
66118: 3.02485e-05
66119: 3.0248e-05
66120: 3.02476e-05
66121: 3.02471e-05
66122: 3.02467e-05
66123: 3.02462e-05
66124: 3.02457e-05
66125: 3.02453e-05
66126: 3.02448e-05
66127: 3.02444e-05
66128: 3.02439e-05
66129: 3.02435e-05
66130: 3.0243e-05
66131: 3.02425e-05
66132: 3.02421e-05
66133: 3.02416e-05
66134: 3.02412e-05
66135: 3.02407e-05
66136: 3.02403e-05
66137: 3.02398e-05
66138: 3.02393e-05
66139: 3.02389e-05
66140: 3.02384e-05
66141: 3.0238e-05
66142: 3.02375e-05
66143: 3.02371e-05
66144: 3.02366e-05
66145: 3.02361e-05
66146: 3.02357e-05
66147: 3.02352e-05
66148: 3.02348e-05
66149: 3.02343e-05
66150: 3.02339e-05
66151: 3.02334e-05
66152: 3.02329e-05
66153: 3.02325e-05
66154: 3.0232e-05
66155: 3.02316e-05
66156: 3.02311e-05
66157: 3.02307e-05
66158: 3.02302e-05
66159: 3.02297e-05
66160: 3.02293e-05
66161: 3.02288e-05
66162: 3.02284e-05
66163: 3.02279e-05
66164: 3.02275e-05
66165: 3.0227e-05
66166: 3.02265e-05
66167: 3.02261e-05
66168: 3.02256e-05
66169: 3.02252e-05
66170: 3.02247e-05
66171: 3.02243e-05
66172: 3.02238e-05
66173: 3.02234e-05
66174: 3.02229e-05
66175: 3.02224e-05
66176: 3.0222e-05
66177: 3.02215e-05
66178: 3.02211e-05
66179: 3.02206e-05
66180: 3.02202e-05
66181: 3.02197e-05
66182: 3.02192e-05
66183: 3.02188e-05
66184: 3.02183e-05
66185: 3.02179e-05
66186: 3.02174e-05
66187: 3.0217e-05
66188: 3.02165e-05
66189: 3.0216e-05
66190: 3.02156e-05
66191: 3.02151e-05
66192: 3.02147e-05
66193: 3.02142e-05
66194: 3.02138e-05
66195: 3.02133e-05
66196: 3.02128e-05
66197: 3.02124e-05
66198: 3.02119e-05
66199: 3.02115e-05
66200: 3.0211e-05
66201: 3.02106e-05
66202: 3.02101e-05
66203: 3.02097e-05
66204: 3.02092e-05
66205: 3.02087e-05
66206: 3.02083e-05
66207: 3.02078e-05
66208: 3.02074e-05
66209: 3.02069e-05
66210: 3.02065e-05
66211: 3.0206e-05
66212: 3.02055e-05
66213: 3.02051e-05
66214: 3.02046e-05
66215: 3.02042e-05
66216: 3.02037e-05
66217: 3.02033e-05
66218: 3.02028e-05
66219: 3.02024e-05
66220: 3.02019e-05
66221: 3.02014e-05
66222: 3.0201e-05
66223: 3.02005e-05
66224: 3.02001e-05
66225: 3.01996e-05
66226: 3.01992e-05
66227: 3.01987e-05
66228: 3.01983e-05
66229: 3.01978e-05
66230: 3.01973e-05
66231: 3.01969e-05
66232: 3.01964e-05
66233: 3.0196e-05
66234: 3.01955e-05
66235: 3.01951e-05
66236: 3.01946e-05
66237: 3.01941e-05
66238: 3.01937e-05
66239: 3.01932e-05
66240: 3.01928e-05
66241: 3.01923e-05
66242: 3.01919e-05
66243: 3.01914e-05
66244: 3.0191e-05
66245: 3.01905e-05
66246: 3.019e-05
66247: 3.01896e-05
66248: 3.01891e-05
66249: 3.01887e-05
66250: 3.01882e-05
66251: 3.01878e-05
66252: 3.01873e-05
66253: 3.01869e-05
66254: 3.01864e-05
66255: 3.01859e-05
66256: 3.01855e-05
66257: 3.0185e-05
66258: 3.01846e-05
66259: 3.01841e-05
66260: 3.01837e-05
66261: 3.01832e-05
66262: 3.01828e-05
66263: 3.01823e-05
66264: 3.01818e-05
66265: 3.01814e-05
66266: 3.01809e-05
66267: 3.01805e-05
66268: 3.018e-05
66269: 3.01796e-05
66270: 3.01791e-05
66271: 3.01787e-05
66272: 3.01782e-05
66273: 3.01777e-05
66274: 3.01773e-05
66275: 3.01768e-05
66276: 3.01764e-05
66277: 3.01759e-05
66278: 3.01755e-05
66279: 3.0175e-05
66280: 3.01746e-05
66281: 3.01741e-05
66282: 3.01736e-05
66283: 3.01732e-05
66284: 3.01727e-05
66285: 3.01723e-05
66286: 3.01718e-05
66287: 3.01714e-05
66288: 3.01709e-05
66289: 3.01705e-05
66290: 3.017e-05
66291: 3.01696e-05
66292: 3.01691e-05
66293: 3.01686e-05
66294: 3.01682e-05
66295: 3.01677e-05
66296: 3.01673e-05
66297: 3.01668e-05
66298: 3.01664e-05
66299: 3.01659e-05
66300: 3.01655e-05
66301: 3.0165e-05
66302: 3.01645e-05
66303: 3.01641e-05
66304: 3.01636e-05
66305: 3.01632e-05
66306: 3.01627e-05
66307: 3.01623e-05
66308: 3.01618e-05
66309: 3.01614e-05
66310: 3.01609e-05
66311: 3.01605e-05
66312: 3.016e-05
66313: 3.01595e-05
66314: 3.01591e-05
66315: 3.01586e-05
66316: 3.01582e-05
66317: 3.01577e-05
66318: 3.01573e-05
66319: 3.01568e-05
66320: 3.01564e-05
66321: 3.01559e-05
66322: 3.01555e-05
66323: 3.0155e-05
66324: 3.01545e-05
66325: 3.01541e-05
66326: 3.01536e-05
66327: 3.01532e-05
66328: 3.01527e-05
66329: 3.01523e-05
66330: 3.01518e-05
66331: 3.01514e-05
66332: 3.01509e-05
66333: 3.01505e-05
66334: 3.015e-05
66335: 3.01495e-05
66336: 3.01491e-05
66337: 3.01486e-05
66338: 3.01482e-05
66339: 3.01477e-05
66340: 3.01473e-05
66341: 3.01468e-05
66342: 3.01464e-05
66343: 3.01459e-05
66344: 3.01455e-05
66345: 3.0145e-05
66346: 3.01445e-05
66347: 3.01441e-05
66348: 3.01436e-05
66349: 3.01432e-05
66350: 3.01427e-05
66351: 3.01423e-05
66352: 3.01418e-05
66353: 3.01414e-05
66354: 3.01409e-05
66355: 3.01405e-05
66356: 3.014e-05
66357: 3.01395e-05
66358: 3.01391e-05
66359: 3.01386e-05
66360: 3.01382e-05
66361: 3.01377e-05
66362: 3.01373e-05
66363: 3.01368e-05
66364: 3.01364e-05
66365: 3.01359e-05
66366: 3.01355e-05
66367: 3.0135e-05
66368: 3.01346e-05
66369: 3.01341e-05
66370: 3.01336e-05
66371: 3.01332e-05
66372: 3.01327e-05
66373: 3.01323e-05
66374: 3.01318e-05
66375: 3.01314e-05
66376: 3.01309e-05
66377: 3.01305e-05
66378: 3.013e-05
66379: 3.01296e-05
66380: 3.01291e-05
66381: 3.01286e-05
66382: 3.01282e-05
66383: 3.01277e-05
66384: 3.01273e-05
66385: 3.01268e-05
66386: 3.01264e-05
66387: 3.01259e-05
66388: 3.01255e-05
66389: 3.0125e-05
66390: 3.01246e-05
66391: 3.01241e-05
66392: 3.01237e-05
66393: 3.01232e-05
66394: 3.01228e-05
66395: 3.01223e-05
66396: 3.01218e-05
66397: 3.01214e-05
66398: 3.01209e-05
66399: 3.01205e-05
66400: 3.012e-05
66401: 3.01196e-05
66402: 3.01191e-05
66403: 3.01187e-05
66404: 3.01182e-05
66405: 3.01178e-05
66406: 3.01173e-05
66407: 3.01169e-05
66408: 3.01164e-05
66409: 3.01159e-05
66410: 3.01155e-05
66411: 3.0115e-05
66412: 3.01146e-05
66413: 3.01141e-05
66414: 3.01137e-05
66415: 3.01132e-05
66416: 3.01128e-05
66417: 3.01123e-05
66418: 3.01119e-05
66419: 3.01114e-05
66420: 3.0111e-05
66421: 3.01105e-05
66422: 3.01101e-05
66423: 3.01096e-05
66424: 3.01091e-05
66425: 3.01087e-05
66426: 3.01082e-05
66427: 3.01078e-05
66428: 3.01073e-05
66429: 3.01069e-05
66430: 3.01064e-05
66431: 3.0106e-05
66432: 3.01055e-05
66433: 3.01051e-05
66434: 3.01046e-05
66435: 3.01042e-05
66436: 3.01037e-05
66437: 3.01033e-05
66438: 3.01028e-05
66439: 3.01023e-05
66440: 3.01019e-05
66441: 3.01014e-05
66442: 3.0101e-05
66443: 3.01005e-05
66444: 3.01001e-05
66445: 3.00996e-05
66446: 3.00992e-05
66447: 3.00987e-05
66448: 3.00983e-05
66449: 3.00978e-05
66450: 3.00974e-05
66451: 3.00969e-05
66452: 3.00965e-05
66453: 3.0096e-05
66454: 3.00956e-05
66455: 3.00951e-05
66456: 3.00946e-05
66457: 3.00942e-05
66458: 3.00937e-05
66459: 3.00933e-05
66460: 3.00928e-05
66461: 3.00924e-05
66462: 3.00919e-05
66463: 3.00915e-05
66464: 3.0091e-05
66465: 3.00906e-05
66466: 3.00901e-05
66467: 3.00897e-05
66468: 3.00892e-05
66469: 3.00888e-05
66470: 3.00883e-05
66471: 3.00879e-05
66472: 3.00874e-05
66473: 3.0087e-05
66474: 3.00865e-05
66475: 3.0086e-05
66476: 3.00856e-05
66477: 3.00851e-05
66478: 3.00847e-05
66479: 3.00842e-05
66480: 3.00838e-05
66481: 3.00833e-05
66482: 3.00829e-05
66483: 3.00824e-05
66484: 3.0082e-05
66485: 3.00815e-05
66486: 3.00811e-05
66487: 3.00806e-05
66488: 3.00802e-05
66489: 3.00797e-05
66490: 3.00793e-05
66491: 3.00788e-05
66492: 3.00784e-05
66493: 3.00779e-05
66494: 3.00774e-05
66495: 3.0077e-05
66496: 3.00765e-05
66497: 3.00761e-05
66498: 3.00756e-05
66499: 3.00752e-05
66500: 3.00747e-05
66501: 3.00743e-05
66502: 3.00738e-05
66503: 3.00734e-05
66504: 3.00729e-05
66505: 3.00725e-05
66506: 3.0072e-05
66507: 3.00716e-05
66508: 3.00711e-05
66509: 3.00707e-05
66510: 3.00702e-05
66511: 3.00698e-05
66512: 3.00693e-05
66513: 3.00689e-05
66514: 3.00684e-05
66515: 3.0068e-05
66516: 3.00675e-05
66517: 3.0067e-05
66518: 3.00666e-05
66519: 3.00661e-05
66520: 3.00657e-05
66521: 3.00652e-05
66522: 3.00648e-05
66523: 3.00643e-05
66524: 3.00639e-05
66525: 3.00634e-05
66526: 3.0063e-05
66527: 3.00625e-05
66528: 3.00621e-05
66529: 3.00616e-05
66530: 3.00612e-05
66531: 3.00607e-05
66532: 3.00603e-05
66533: 3.00598e-05
66534: 3.00594e-05
66535: 3.00589e-05
66536: 3.00585e-05
66537: 3.0058e-05
66538: 3.00576e-05
66539: 3.00571e-05
66540: 3.00567e-05
66541: 3.00562e-05
66542: 3.00558e-05
66543: 3.00553e-05
66544: 3.00549e-05
66545: 3.00544e-05
66546: 3.00539e-05
66547: 3.00535e-05
66548: 3.0053e-05
66549: 3.00526e-05
66550: 3.00521e-05
66551: 3.00517e-05
66552: 3.00512e-05
66553: 3.00508e-05
66554: 3.00503e-05
66555: 3.00499e-05
66556: 3.00494e-05
66557: 3.0049e-05
66558: 3.00485e-05
66559: 3.00481e-05
66560: 3.00476e-05
66561: 3.00472e-05
66562: 3.00467e-05
66563: 3.00463e-05
66564: 3.00458e-05
66565: 3.00454e-05
66566: 3.00449e-05
66567: 3.00445e-05
66568: 3.0044e-05
66569: 3.00436e-05
66570: 3.00431e-05
66571: 3.00427e-05
66572: 3.00422e-05
66573: 3.00418e-05
66574: 3.00413e-05
66575: 3.00409e-05
66576: 3.00404e-05
66577: 3.004e-05
66578: 3.00395e-05
66579: 3.00391e-05
66580: 3.00386e-05
66581: 3.00381e-05
66582: 3.00377e-05
66583: 3.00372e-05
66584: 3.00368e-05
66585: 3.00363e-05
66586: 3.00359e-05
66587: 3.00354e-05
66588: 3.0035e-05
66589: 3.00345e-05
66590: 3.00341e-05
66591: 3.00336e-05
66592: 3.00332e-05
66593: 3.00327e-05
66594: 3.00323e-05
66595: 3.00318e-05
66596: 3.00314e-05
66597: 3.00309e-05
66598: 3.00305e-05
66599: 3.003e-05
66600: 3.00296e-05
66601: 3.00291e-05
66602: 3.00287e-05
66603: 3.00282e-05
66604: 3.00278e-05
66605: 3.00273e-05
66606: 3.00269e-05
66607: 3.00264e-05
66608: 3.0026e-05
66609: 3.00255e-05
66610: 3.00251e-05
66611: 3.00246e-05
66612: 3.00242e-05
66613: 3.00237e-05
66614: 3.00233e-05
66615: 3.00228e-05
66616: 3.00224e-05
66617: 3.00219e-05
66618: 3.00215e-05
66619: 3.0021e-05
66620: 3.00206e-05
66621: 3.00201e-05
66622: 3.00197e-05
66623: 3.00192e-05
66624: 3.00188e-05
66625: 3.00183e-05
66626: 3.00179e-05
66627: 3.00174e-05
66628: 3.0017e-05
66629: 3.00165e-05
66630: 3.00161e-05
66631: 3.00156e-05
66632: 3.00152e-05
66633: 3.00147e-05
66634: 3.00143e-05
66635: 3.00138e-05
66636: 3.00134e-05
66637: 3.00129e-05
66638: 3.00125e-05
66639: 3.0012e-05
66640: 3.00116e-05
66641: 3.00111e-05
66642: 3.00107e-05
66643: 3.00102e-05
66644: 3.00098e-05
66645: 3.00093e-05
66646: 3.00089e-05
66647: 3.00084e-05
66648: 3.0008e-05
66649: 3.00075e-05
66650: 3.00071e-05
66651: 3.00066e-05
66652: 3.00062e-05
66653: 3.00057e-05
66654: 3.00053e-05
66655: 3.00048e-05
66656: 3.00044e-05
66657: 3.00039e-05
66658: 3.00035e-05
66659: 3.0003e-05
66660: 3.00026e-05
66661: 3.00021e-05
66662: 3.00017e-05
66663: 3.00012e-05
66664: 3.00008e-05
66665: 3.00003e-05
66666: 2.99999e-05
66667: 2.99994e-05
66668: 2.9999e-05
66669: 2.99985e-05
66670: 2.99981e-05
66671: 2.99976e-05
66672: 2.99972e-05
66673: 2.99967e-05
66674: 2.99963e-05
66675: 2.99958e-05
66676: 2.99954e-05
66677: 2.99949e-05
66678: 2.99945e-05
66679: 2.9994e-05
66680: 2.99936e-05
66681: 2.99931e-05
66682: 2.99927e-05
66683: 2.99922e-05
66684: 2.99918e-05
66685: 2.99913e-05
66686: 2.99909e-05
66687: 2.99904e-05
66688: 2.999e-05
66689: 2.99895e-05
66690: 2.99891e-05
66691: 2.99886e-05
66692: 2.99882e-05
66693: 2.99877e-05
66694: 2.99873e-05
66695: 2.99868e-05
66696: 2.99864e-05
66697: 2.99859e-05
66698: 2.99855e-05
66699: 2.9985e-05
66700: 2.99846e-05
66701: 2.99841e-05
66702: 2.99837e-05
66703: 2.99832e-05
66704: 2.99828e-05
66705: 2.99823e-05
66706: 2.99819e-05
66707: 2.99814e-05
66708: 2.9981e-05
66709: 2.99805e-05
66710: 2.99801e-05
66711: 2.99796e-05
66712: 2.99792e-05
66713: 2.99787e-05
66714: 2.99783e-05
66715: 2.99778e-05
66716: 2.99774e-05
66717: 2.99769e-05
66718: 2.99765e-05
66719: 2.9976e-05
66720: 2.99756e-05
66721: 2.99751e-05
66722: 2.99747e-05
66723: 2.99742e-05
66724: 2.99738e-05
66725: 2.99733e-05
66726: 2.99729e-05
66727: 2.99724e-05
66728: 2.9972e-05
66729: 2.99715e-05
66730: 2.99711e-05
66731: 2.99706e-05
66732: 2.99702e-05
66733: 2.99697e-05
66734: 2.99693e-05
66735: 2.99688e-05
66736: 2.99684e-05
66737: 2.99679e-05
66738: 2.99675e-05
66739: 2.9967e-05
66740: 2.99666e-05
66741: 2.99661e-05
66742: 2.99657e-05
66743: 2.99652e-05
66744: 2.99648e-05
66745: 2.99643e-05
66746: 2.99639e-05
66747: 2.99634e-05
66748: 2.9963e-05
66749: 2.99625e-05
66750: 2.99621e-05
66751: 2.99616e-05
66752: 2.99612e-05
66753: 2.99608e-05
66754: 2.99603e-05
66755: 2.99599e-05
66756: 2.99594e-05
66757: 2.9959e-05
66758: 2.99585e-05
66759: 2.99581e-05
66760: 2.99576e-05
66761: 2.99572e-05
66762: 2.99567e-05
66763: 2.99563e-05
66764: 2.99558e-05
66765: 2.99554e-05
66766: 2.99549e-05
66767: 2.99545e-05
66768: 2.9954e-05
66769: 2.99536e-05
66770: 2.99531e-05
66771: 2.99527e-05
66772: 2.99522e-05
66773: 2.99518e-05
66774: 2.99513e-05
66775: 2.99509e-05
66776: 2.99504e-05
66777: 2.995e-05
66778: 2.99495e-05
66779: 2.99491e-05
66780: 2.99486e-05
66781: 2.99482e-05
66782: 2.99477e-05
66783: 2.99473e-05
66784: 2.99468e-05
66785: 2.99464e-05
66786: 2.99459e-05
66787: 2.99455e-05
66788: 2.99451e-05
66789: 2.99446e-05
66790: 2.99442e-05
66791: 2.99437e-05
66792: 2.99433e-05
66793: 2.99428e-05
66794: 2.99424e-05
66795: 2.99419e-05
66796: 2.99415e-05
66797: 2.9941e-05
66798: 2.99406e-05
66799: 2.99401e-05
66800: 2.99397e-05
66801: 2.99392e-05
66802: 2.99388e-05
66803: 2.99383e-05
66804: 2.99379e-05
66805: 2.99374e-05
66806: 2.9937e-05
66807: 2.99365e-05
66808: 2.99361e-05
66809: 2.99356e-05
66810: 2.99352e-05
66811: 2.99347e-05
66812: 2.99343e-05
66813: 2.99338e-05
66814: 2.99334e-05
66815: 2.9933e-05
66816: 2.99325e-05
66817: 2.99321e-05
66818: 2.99316e-05
66819: 2.99312e-05
66820: 2.99307e-05
66821: 2.99303e-05
66822: 2.99298e-05
66823: 2.99294e-05
66824: 2.99289e-05
66825: 2.99285e-05
66826: 2.9928e-05
66827: 2.99276e-05
66828: 2.99271e-05
66829: 2.99267e-05
66830: 2.99262e-05
66831: 2.99258e-05
66832: 2.99253e-05
66833: 2.99249e-05
66834: 2.99244e-05
66835: 2.9924e-05
66836: 2.99235e-05
66837: 2.99231e-05
66838: 2.99226e-05
66839: 2.99222e-05
66840: 2.99218e-05
66841: 2.99213e-05
66842: 2.99209e-05
66843: 2.99204e-05
66844: 2.992e-05
66845: 2.99195e-05
66846: 2.99191e-05
66847: 2.99186e-05
66848: 2.99182e-05
66849: 2.99177e-05
66850: 2.99173e-05
66851: 2.99168e-05
66852: 2.99164e-05
66853: 2.99159e-05
66854: 2.99155e-05
66855: 2.9915e-05
66856: 2.99146e-05
66857: 2.99141e-05
66858: 2.99137e-05
66859: 2.99133e-05
66860: 2.99128e-05
66861: 2.99124e-05
66862: 2.99119e-05
66863: 2.99115e-05
66864: 2.9911e-05
66865: 2.99106e-05
66866: 2.99101e-05
66867: 2.99097e-05
66868: 2.99092e-05
66869: 2.99088e-05
66870: 2.99083e-05
66871: 2.99079e-05
66872: 2.99074e-05
66873: 2.9907e-05
66874: 2.99065e-05
66875: 2.99061e-05
66876: 2.99056e-05
66877: 2.99052e-05
66878: 2.99048e-05
66879: 2.99043e-05
66880: 2.99039e-05
66881: 2.99034e-05
66882: 2.9903e-05
66883: 2.99025e-05
66884: 2.99021e-05
66885: 2.99016e-05
66886: 2.99012e-05
66887: 2.99007e-05
66888: 2.99003e-05
66889: 2.98998e-05
66890: 2.98994e-05
66891: 2.98989e-05
66892: 2.98985e-05
66893: 2.9898e-05
66894: 2.98976e-05
66895: 2.98972e-05
66896: 2.98967e-05
66897: 2.98963e-05
66898: 2.98958e-05
66899: 2.98954e-05
66900: 2.98949e-05
66901: 2.98945e-05
66902: 2.9894e-05
66903: 2.98936e-05
66904: 2.98931e-05
66905: 2.98927e-05
66906: 2.98922e-05
66907: 2.98918e-05
66908: 2.98913e-05
66909: 2.98909e-05
66910: 2.98905e-05
66911: 2.989e-05
66912: 2.98896e-05
66913: 2.98891e-05
66914: 2.98887e-05
66915: 2.98882e-05
66916: 2.98878e-05
66917: 2.98873e-05
66918: 2.98869e-05
66919: 2.98864e-05
66920: 2.9886e-05
66921: 2.98855e-05
66922: 2.98851e-05
66923: 2.98846e-05
66924: 2.98842e-05
66925: 2.98838e-05
66926: 2.98833e-05
66927: 2.98829e-05
66928: 2.98824e-05
66929: 2.9882e-05
66930: 2.98815e-05
66931: 2.98811e-05
66932: 2.98806e-05
66933: 2.98802e-05
66934: 2.98797e-05
66935: 2.98793e-05
66936: 2.98788e-05
66937: 2.98784e-05
66938: 2.98779e-05
66939: 2.98775e-05
66940: 2.98771e-05
66941: 2.98766e-05
66942: 2.98762e-05
66943: 2.98757e-05
66944: 2.98753e-05
66945: 2.98748e-05
66946: 2.98744e-05
66947: 2.98739e-05
66948: 2.98735e-05
66949: 2.9873e-05
66950: 2.98726e-05
66951: 2.98721e-05
66952: 2.98717e-05
66953: 2.98713e-05
66954: 2.98708e-05
66955: 2.98704e-05
66956: 2.98699e-05
66957: 2.98695e-05
66958: 2.9869e-05
66959: 2.98686e-05
66960: 2.98681e-05
66961: 2.98677e-05
66962: 2.98672e-05
66963: 2.98668e-05
66964: 2.98663e-05
66965: 2.98659e-05
66966: 2.98655e-05
66967: 2.9865e-05
66968: 2.98646e-05
66969: 2.98641e-05
66970: 2.98637e-05
66971: 2.98632e-05
66972: 2.98628e-05
66973: 2.98623e-05
66974: 2.98619e-05
66975: 2.98614e-05
66976: 2.9861e-05
66977: 2.98606e-05
66978: 2.98601e-05
66979: 2.98597e-05
66980: 2.98592e-05
66981: 2.98588e-05
66982: 2.98583e-05
66983: 2.98579e-05
66984: 2.98574e-05
66985: 2.9857e-05
66986: 2.98565e-05
66987: 2.98561e-05
66988: 2.98556e-05
66989: 2.98552e-05
66990: 2.98548e-05
66991: 2.98543e-05
66992: 2.98539e-05
66993: 2.98534e-05
66994: 2.9853e-05
66995: 2.98525e-05
66996: 2.98521e-05
66997: 2.98516e-05
66998: 2.98512e-05
66999: 2.98507e-05
67000: 2.98503e-05
67001: 2.98499e-05
67002: 2.98494e-05
67003: 2.9849e-05
67004: 2.98485e-05
67005: 2.98481e-05
67006: 2.98476e-05
67007: 2.98472e-05
67008: 2.98467e-05
67009: 2.98463e-05
67010: 2.98458e-05
67011: 2.98454e-05
67012: 2.9845e-05
67013: 2.98445e-05
67014: 2.98441e-05
67015: 2.98436e-05
67016: 2.98432e-05
67017: 2.98427e-05
67018: 2.98423e-05
67019: 2.98418e-05
67020: 2.98414e-05
67021: 2.98409e-05
67022: 2.98405e-05
67023: 2.98401e-05
67024: 2.98396e-05
67025: 2.98392e-05
67026: 2.98387e-05
67027: 2.98383e-05
67028: 2.98378e-05
67029: 2.98374e-05
67030: 2.98369e-05
67031: 2.98365e-05
67032: 2.98361e-05
67033: 2.98356e-05
67034: 2.98352e-05
67035: 2.98347e-05
67036: 2.98343e-05
67037: 2.98338e-05
67038: 2.98334e-05
67039: 2.98329e-05
67040: 2.98325e-05
67041: 2.9832e-05
67042: 2.98316e-05
67043: 2.98312e-05
67044: 2.98307e-05
67045: 2.98303e-05
67046: 2.98298e-05
67047: 2.98294e-05
67048: 2.98289e-05
67049: 2.98285e-05
67050: 2.9828e-05
67051: 2.98276e-05
67052: 2.98272e-05
67053: 2.98267e-05
67054: 2.98263e-05
67055: 2.98258e-05
67056: 2.98254e-05
67057: 2.98249e-05
67058: 2.98245e-05
67059: 2.9824e-05
67060: 2.98236e-05
67061: 2.98231e-05
67062: 2.98227e-05
67063: 2.98223e-05
67064: 2.98218e-05
67065: 2.98214e-05
67066: 2.98209e-05
67067: 2.98205e-05
67068: 2.982e-05
67069: 2.98196e-05
67070: 2.98191e-05
67071: 2.98187e-05
67072: 2.98183e-05
67073: 2.98178e-05
67074: 2.98174e-05
67075: 2.98169e-05
67076: 2.98165e-05
67077: 2.9816e-05
67078: 2.98156e-05
67079: 2.98151e-05
67080: 2.98147e-05
67081: 2.98143e-05
67082: 2.98138e-05
67083: 2.98134e-05
67084: 2.98129e-05
67085: 2.98125e-05
67086: 2.9812e-05
67087: 2.98116e-05
67088: 2.98111e-05
67089: 2.98107e-05
67090: 2.98103e-05
67091: 2.98098e-05
67092: 2.98094e-05
67093: 2.98089e-05
67094: 2.98085e-05
67095: 2.9808e-05
67096: 2.98076e-05
67097: 2.98071e-05
67098: 2.98067e-05
67099: 2.98063e-05
67100: 2.98058e-05
67101: 2.98054e-05
67102: 2.98049e-05
67103: 2.98045e-05
67104: 2.9804e-05
67105: 2.98036e-05
67106: 2.98032e-05
67107: 2.98027e-05
67108: 2.98023e-05
67109: 2.98018e-05
67110: 2.98014e-05
67111: 2.98009e-05
67112: 2.98005e-05
67113: 2.98e-05
67114: 2.97996e-05
67115: 2.97992e-05
67116: 2.97987e-05
67117: 2.97983e-05
67118: 2.97978e-05
67119: 2.97974e-05
67120: 2.97969e-05
67121: 2.97965e-05
67122: 2.9796e-05
67123: 2.97956e-05
67124: 2.97952e-05
67125: 2.97947e-05
67126: 2.97943e-05
67127: 2.97938e-05
67128: 2.97934e-05
67129: 2.97929e-05
67130: 2.97925e-05
67131: 2.97921e-05
67132: 2.97916e-05
67133: 2.97912e-05
67134: 2.97907e-05
67135: 2.97903e-05
67136: 2.97898e-05
67137: 2.97894e-05
67138: 2.97889e-05
67139: 2.97885e-05
67140: 2.97881e-05
67141: 2.97876e-05
67142: 2.97872e-05
67143: 2.97867e-05
67144: 2.97863e-05
67145: 2.97858e-05
67146: 2.97854e-05
67147: 2.9785e-05
67148: 2.97845e-05
67149: 2.97841e-05
67150: 2.97836e-05
67151: 2.97832e-05
67152: 2.97827e-05
67153: 2.97823e-05
67154: 2.97818e-05
67155: 2.97814e-05
67156: 2.9781e-05
67157: 2.97805e-05
67158: 2.97801e-05
67159: 2.97796e-05
67160: 2.97792e-05
67161: 2.97787e-05
67162: 2.97783e-05
67163: 2.97779e-05
67164: 2.97774e-05
67165: 2.9777e-05
67166: 2.97765e-05
67167: 2.97761e-05
67168: 2.97756e-05
67169: 2.97752e-05
67170: 2.97748e-05
67171: 2.97743e-05
67172: 2.97739e-05
67173: 2.97734e-05
67174: 2.9773e-05
67175: 2.97725e-05
67176: 2.97721e-05
67177: 2.97717e-05
67178: 2.97712e-05
67179: 2.97708e-05
67180: 2.97703e-05
67181: 2.97699e-05
67182: 2.97694e-05
67183: 2.9769e-05
67184: 2.97685e-05
67185: 2.97681e-05
67186: 2.97677e-05
67187: 2.97672e-05
67188: 2.97668e-05
67189: 2.97663e-05
67190: 2.97659e-05
67191: 2.97654e-05
67192: 2.9765e-05
67193: 2.97646e-05
67194: 2.97641e-05
67195: 2.97637e-05
67196: 2.97632e-05
67197: 2.97628e-05
67198: 2.97623e-05
67199: 2.97619e-05
67200: 2.97615e-05
67201: 2.9761e-05
67202: 2.97606e-05
67203: 2.97601e-05
67204: 2.97597e-05
67205: 2.97592e-05
67206: 2.97588e-05
67207: 2.97584e-05
67208: 2.97579e-05
67209: 2.97575e-05
67210: 2.9757e-05
67211: 2.97566e-05
67212: 2.97561e-05
67213: 2.97557e-05
67214: 2.97553e-05
67215: 2.97548e-05
67216: 2.97544e-05
67217: 2.97539e-05
67218: 2.97535e-05
67219: 2.9753e-05
67220: 2.97526e-05
67221: 2.97522e-05
67222: 2.97517e-05
67223: 2.97513e-05
67224: 2.97508e-05
67225: 2.97504e-05
67226: 2.975e-05
67227: 2.97495e-05
67228: 2.97491e-05
67229: 2.97486e-05
67230: 2.97482e-05
67231: 2.97477e-05
67232: 2.97473e-05
67233: 2.97469e-05
67234: 2.97464e-05
67235: 2.9746e-05
67236: 2.97455e-05
67237: 2.97451e-05
67238: 2.97446e-05
67239: 2.97442e-05
67240: 2.97438e-05
67241: 2.97433e-05
67242: 2.97429e-05
67243: 2.97424e-05
67244: 2.9742e-05
67245: 2.97415e-05
67246: 2.97411e-05
67247: 2.97407e-05
67248: 2.97402e-05
67249: 2.97398e-05
67250: 2.97393e-05
67251: 2.97389e-05
67252: 2.97385e-05
67253: 2.9738e-05
67254: 2.97376e-05
67255: 2.97371e-05
67256: 2.97367e-05
67257: 2.97362e-05
67258: 2.97358e-05
67259: 2.97354e-05
67260: 2.97349e-05
67261: 2.97345e-05
67262: 2.9734e-05
67263: 2.97336e-05
67264: 2.97331e-05
67265: 2.97327e-05
67266: 2.97323e-05
67267: 2.97318e-05
67268: 2.97314e-05
67269: 2.97309e-05
67270: 2.97305e-05
67271: 2.97301e-05
67272: 2.97296e-05
67273: 2.97292e-05
67274: 2.97287e-05
67275: 2.97283e-05
67276: 2.97278e-05
67277: 2.97274e-05
67278: 2.9727e-05
67279: 2.97265e-05
67280: 2.97261e-05
67281: 2.97256e-05
67282: 2.97252e-05
67283: 2.97247e-05
67284: 2.97243e-05
67285: 2.97239e-05
67286: 2.97234e-05
67287: 2.9723e-05
67288: 2.97225e-05
67289: 2.97221e-05
67290: 2.97217e-05
67291: 2.97212e-05
67292: 2.97208e-05
67293: 2.97203e-05
67294: 2.97199e-05
67295: 2.97194e-05
67296: 2.9719e-05
67297: 2.97186e-05
67298: 2.97181e-05
67299: 2.97177e-05
67300: 2.97172e-05
67301: 2.97168e-05
67302: 2.97164e-05
67303: 2.97159e-05
67304: 2.97155e-05
67305: 2.9715e-05
67306: 2.97146e-05
67307: 2.97141e-05
67308: 2.97137e-05
67309: 2.97133e-05
67310: 2.97128e-05
67311: 2.97124e-05
67312: 2.97119e-05
67313: 2.97115e-05
67314: 2.97111e-05
67315: 2.97106e-05
67316: 2.97102e-05
67317: 2.97097e-05
67318: 2.97093e-05
67319: 2.97089e-05
67320: 2.97084e-05
67321: 2.9708e-05
67322: 2.97075e-05
67323: 2.97071e-05
67324: 2.97066e-05
67325: 2.97062e-05
67326: 2.97058e-05
67327: 2.97053e-05
67328: 2.97049e-05
67329: 2.97044e-05
67330: 2.9704e-05
67331: 2.97036e-05
67332: 2.97031e-05
67333: 2.97027e-05
67334: 2.97022e-05
67335: 2.97018e-05
67336: 2.97014e-05
67337: 2.97009e-05
67338: 2.97005e-05
67339: 2.97e-05
67340: 2.96996e-05
67341: 2.96991e-05
67342: 2.96987e-05
67343: 2.96983e-05
67344: 2.96978e-05
67345: 2.96974e-05
67346: 2.96969e-05
67347: 2.96965e-05
67348: 2.96961e-05
67349: 2.96956e-05
67350: 2.96952e-05
67351: 2.96947e-05
67352: 2.96943e-05
67353: 2.96939e-05
67354: 2.96934e-05
67355: 2.9693e-05
67356: 2.96925e-05
67357: 2.96921e-05
67358: 2.96917e-05
67359: 2.96912e-05
67360: 2.96908e-05
67361: 2.96903e-05
67362: 2.96899e-05
67363: 2.96894e-05
67364: 2.9689e-05
67365: 2.96886e-05
67366: 2.96881e-05
67367: 2.96877e-05
67368: 2.96872e-05
67369: 2.96868e-05
67370: 2.96864e-05
67371: 2.96859e-05
67372: 2.96855e-05
67373: 2.9685e-05
67374: 2.96846e-05
67375: 2.96842e-05
67376: 2.96837e-05
67377: 2.96833e-05
67378: 2.96828e-05
67379: 2.96824e-05
67380: 2.9682e-05
67381: 2.96815e-05
67382: 2.96811e-05
67383: 2.96806e-05
67384: 2.96802e-05
67385: 2.96798e-05
67386: 2.96793e-05
67387: 2.96789e-05
67388: 2.96784e-05
67389: 2.9678e-05
67390: 2.96776e-05
67391: 2.96771e-05
67392: 2.96767e-05
67393: 2.96762e-05
67394: 2.96758e-05
67395: 2.96754e-05
67396: 2.96749e-05
67397: 2.96745e-05
67398: 2.9674e-05
67399: 2.96736e-05
67400: 2.96732e-05
67401: 2.96727e-05
67402: 2.96723e-05
67403: 2.96718e-05
67404: 2.96714e-05
67405: 2.96709e-05
67406: 2.96705e-05
67407: 2.96701e-05
67408: 2.96696e-05
67409: 2.96692e-05
67410: 2.96687e-05
67411: 2.96683e-05
67412: 2.96679e-05
67413: 2.96674e-05
67414: 2.9667e-05
67415: 2.96665e-05
67416: 2.96661e-05
67417: 2.96657e-05
67418: 2.96652e-05
67419: 2.96648e-05
67420: 2.96643e-05
67421: 2.96639e-05
67422: 2.96635e-05
67423: 2.9663e-05
67424: 2.96626e-05
67425: 2.96621e-05
67426: 2.96617e-05
67427: 2.96613e-05
67428: 2.96608e-05
67429: 2.96604e-05
67430: 2.96599e-05
67431: 2.96595e-05
67432: 2.96591e-05
67433: 2.96586e-05
67434: 2.96582e-05
67435: 2.96577e-05
67436: 2.96573e-05
67437: 2.96569e-05
67438: 2.96564e-05
67439: 2.9656e-05
67440: 2.96556e-05
67441: 2.96551e-05
67442: 2.96547e-05
67443: 2.96542e-05
67444: 2.96538e-05
67445: 2.96534e-05
67446: 2.96529e-05
67447: 2.96525e-05
67448: 2.9652e-05
67449: 2.96516e-05
67450: 2.96512e-05
67451: 2.96507e-05
67452: 2.96503e-05
67453: 2.96498e-05
67454: 2.96494e-05
67455: 2.9649e-05
67456: 2.96485e-05
67457: 2.96481e-05
67458: 2.96476e-05
67459: 2.96472e-05
67460: 2.96468e-05
67461: 2.96463e-05
67462: 2.96459e-05
67463: 2.96454e-05
67464: 2.9645e-05
67465: 2.96446e-05
67466: 2.96441e-05
67467: 2.96437e-05
67468: 2.96432e-05
67469: 2.96428e-05
67470: 2.96424e-05
67471: 2.96419e-05
67472: 2.96415e-05
67473: 2.9641e-05
67474: 2.96406e-05
67475: 2.96402e-05
67476: 2.96397e-05
67477: 2.96393e-05
67478: 2.96389e-05
67479: 2.96384e-05
67480: 2.9638e-05
67481: 2.96375e-05
67482: 2.96371e-05
67483: 2.96367e-05
67484: 2.96362e-05
67485: 2.96358e-05
67486: 2.96353e-05
67487: 2.96349e-05
67488: 2.96345e-05
67489: 2.9634e-05
67490: 2.96336e-05
67491: 2.96331e-05
67492: 2.96327e-05
67493: 2.96323e-05
67494: 2.96318e-05
67495: 2.96314e-05
67496: 2.96309e-05
67497: 2.96305e-05
67498: 2.96301e-05
67499: 2.96296e-05
67500: 2.96292e-05
67501: 2.96288e-05
67502: 2.96283e-05
67503: 2.96279e-05
67504: 2.96274e-05
67505: 2.9627e-05
67506: 2.96266e-05
67507: 2.96261e-05
67508: 2.96257e-05
67509: 2.96252e-05
67510: 2.96248e-05
67511: 2.96244e-05
67512: 2.96239e-05
67513: 2.96235e-05
67514: 2.9623e-05
67515: 2.96226e-05
67516: 2.96222e-05
67517: 2.96217e-05
67518: 2.96213e-05
67519: 2.96209e-05
67520: 2.96204e-05
67521: 2.962e-05
67522: 2.96195e-05
67523: 2.96191e-05
67524: 2.96187e-05
67525: 2.96182e-05
67526: 2.96178e-05
67527: 2.96173e-05
67528: 2.96169e-05
67529: 2.96165e-05
67530: 2.9616e-05
67531: 2.96156e-05
67532: 2.96152e-05
67533: 2.96147e-05
67534: 2.96143e-05
67535: 2.96138e-05
67536: 2.96134e-05
67537: 2.9613e-05
67538: 2.96125e-05
67539: 2.96121e-05
67540: 2.96116e-05
67541: 2.96112e-05
67542: 2.96108e-05
67543: 2.96103e-05
67544: 2.96099e-05
67545: 2.96095e-05
67546: 2.9609e-05
67547: 2.96086e-05
67548: 2.96081e-05
67549: 2.96077e-05
67550: 2.96073e-05
67551: 2.96068e-05
67552: 2.96064e-05
67553: 2.96059e-05
67554: 2.96055e-05
67555: 2.96051e-05
67556: 2.96046e-05
67557: 2.96042e-05
67558: 2.96038e-05
67559: 2.96033e-05
67560: 2.96029e-05
67561: 2.96024e-05
67562: 2.9602e-05
67563: 2.96016e-05
67564: 2.96011e-05
67565: 2.96007e-05
67566: 2.96002e-05
67567: 2.95998e-05
67568: 2.95994e-05
67569: 2.95989e-05
67570: 2.95985e-05
67571: 2.95981e-05
67572: 2.95976e-05
67573: 2.95972e-05
67574: 2.95967e-05
67575: 2.95963e-05
67576: 2.95959e-05
67577: 2.95954e-05
67578: 2.9595e-05
67579: 2.95946e-05
67580: 2.95941e-05
67581: 2.95937e-05
67582: 2.95932e-05
67583: 2.95928e-05
67584: 2.95924e-05
67585: 2.95919e-05
67586: 2.95915e-05
67587: 2.95911e-05
67588: 2.95906e-05
67589: 2.95902e-05
67590: 2.95897e-05
67591: 2.95893e-05
67592: 2.95889e-05
67593: 2.95884e-05
67594: 2.9588e-05
67595: 2.95875e-05
67596: 2.95871e-05
67597: 2.95867e-05
67598: 2.95862e-05
67599: 2.95858e-05
67600: 2.95854e-05
67601: 2.95849e-05
67602: 2.95845e-05
67603: 2.9584e-05
67604: 2.95836e-05
67605: 2.95832e-05
67606: 2.95827e-05
67607: 2.95823e-05
67608: 2.95819e-05
67609: 2.95814e-05
67610: 2.9581e-05
67611: 2.95805e-05
67612: 2.95801e-05
67613: 2.95797e-05
67614: 2.95792e-05
67615: 2.95788e-05
67616: 2.95784e-05
67617: 2.95779e-05
67618: 2.95775e-05
67619: 2.9577e-05
67620: 2.95766e-05
67621: 2.95762e-05
67622: 2.95757e-05
67623: 2.95753e-05
67624: 2.95749e-05
67625: 2.95744e-05
67626: 2.9574e-05
67627: 2.95735e-05
67628: 2.95731e-05
67629: 2.95727e-05
67630: 2.95722e-05
67631: 2.95718e-05
67632: 2.95714e-05
67633: 2.95709e-05
67634: 2.95705e-05
67635: 2.95701e-05
67636: 2.95696e-05
67637: 2.95692e-05
67638: 2.95687e-05
67639: 2.95683e-05
67640: 2.95679e-05
67641: 2.95674e-05
67642: 2.9567e-05
67643: 2.95666e-05
67644: 2.95661e-05
67645: 2.95657e-05
67646: 2.95652e-05
67647: 2.95648e-05
67648: 2.95644e-05
67649: 2.95639e-05
67650: 2.95635e-05
67651: 2.95631e-05
67652: 2.95626e-05
67653: 2.95622e-05
67654: 2.95617e-05
67655: 2.95613e-05
67656: 2.95609e-05
67657: 2.95604e-05
67658: 2.956e-05
67659: 2.95596e-05
67660: 2.95591e-05
67661: 2.95587e-05
67662: 2.95583e-05
67663: 2.95578e-05
67664: 2.95574e-05
67665: 2.95569e-05
67666: 2.95565e-05
67667: 2.95561e-05
67668: 2.95556e-05
67669: 2.95552e-05
67670: 2.95548e-05
67671: 2.95543e-05
67672: 2.95539e-05
67673: 2.95534e-05
67674: 2.9553e-05
67675: 2.95526e-05
67676: 2.95521e-05
67677: 2.95517e-05
67678: 2.95513e-05
67679: 2.95508e-05
67680: 2.95504e-05
67681: 2.955e-05
67682: 2.95495e-05
67683: 2.95491e-05
67684: 2.95486e-05
67685: 2.95482e-05
67686: 2.95478e-05
67687: 2.95473e-05
67688: 2.95469e-05
67689: 2.95465e-05
67690: 2.9546e-05
67691: 2.95456e-05
67692: 2.95452e-05
67693: 2.95447e-05
67694: 2.95443e-05
67695: 2.95438e-05
67696: 2.95434e-05
67697: 2.9543e-05
67698: 2.95425e-05
67699: 2.95421e-05
67700: 2.95417e-05
67701: 2.95412e-05
67702: 2.95408e-05
67703: 2.95404e-05
67704: 2.95399e-05
67705: 2.95395e-05
67706: 2.9539e-05
67707: 2.95386e-05
67708: 2.95382e-05
67709: 2.95377e-05
67710: 2.95373e-05
67711: 2.95369e-05
67712: 2.95364e-05
67713: 2.9536e-05
67714: 2.95356e-05
67715: 2.95351e-05
67716: 2.95347e-05
67717: 2.95342e-05
67718: 2.95338e-05
67719: 2.95334e-05
67720: 2.95329e-05
67721: 2.95325e-05
67722: 2.95321e-05
67723: 2.95316e-05
67724: 2.95312e-05
67725: 2.95308e-05
67726: 2.95303e-05
67727: 2.95299e-05
67728: 2.95294e-05
67729: 2.9529e-05
67730: 2.95286e-05
67731: 2.95281e-05
67732: 2.95277e-05
67733: 2.95273e-05
67734: 2.95268e-05
67735: 2.95264e-05
67736: 2.9526e-05
67737: 2.95255e-05
67738: 2.95251e-05
67739: 2.95247e-05
67740: 2.95242e-05
67741: 2.95238e-05
67742: 2.95233e-05
67743: 2.95229e-05
67744: 2.95225e-05
67745: 2.9522e-05
67746: 2.95216e-05
67747: 2.95212e-05
67748: 2.95207e-05
67749: 2.95203e-05
67750: 2.95199e-05
67751: 2.95194e-05
67752: 2.9519e-05
67753: 2.95186e-05
67754: 2.95181e-05
67755: 2.95177e-05
67756: 2.95172e-05
67757: 2.95168e-05
67758: 2.95164e-05
67759: 2.95159e-05
67760: 2.95155e-05
67761: 2.95151e-05
67762: 2.95146e-05
67763: 2.95142e-05
67764: 2.95138e-05
67765: 2.95133e-05
67766: 2.95129e-05
67767: 2.95125e-05
67768: 2.9512e-05
67769: 2.95116e-05
67770: 2.95111e-05
67771: 2.95107e-05
67772: 2.95103e-05
67773: 2.95098e-05
67774: 2.95094e-05
67775: 2.9509e-05
67776: 2.95085e-05
67777: 2.95081e-05
67778: 2.95077e-05
67779: 2.95072e-05
67780: 2.95068e-05
67781: 2.95064e-05
67782: 2.95059e-05
67783: 2.95055e-05
67784: 2.95051e-05
67785: 2.95046e-05
67786: 2.95042e-05
67787: 2.95037e-05
67788: 2.95033e-05
67789: 2.95029e-05
67790: 2.95024e-05
67791: 2.9502e-05
67792: 2.95016e-05
67793: 2.95011e-05
67794: 2.95007e-05
67795: 2.95003e-05
67796: 2.94998e-05
67797: 2.94994e-05
67798: 2.9499e-05
67799: 2.94985e-05
67800: 2.94981e-05
67801: 2.94977e-05
67802: 2.94972e-05
67803: 2.94968e-05
67804: 2.94963e-05
67805: 2.94959e-05
67806: 2.94955e-05
67807: 2.9495e-05
67808: 2.94946e-05
67809: 2.94942e-05
67810: 2.94937e-05
67811: 2.94933e-05
67812: 2.94929e-05
67813: 2.94924e-05
67814: 2.9492e-05
67815: 2.94916e-05
67816: 2.94911e-05
67817: 2.94907e-05
67818: 2.94903e-05
67819: 2.94898e-05
67820: 2.94894e-05
67821: 2.9489e-05
67822: 2.94885e-05
67823: 2.94881e-05
67824: 2.94877e-05
67825: 2.94872e-05
67826: 2.94868e-05
67827: 2.94863e-05
67828: 2.94859e-05
67829: 2.94855e-05
67830: 2.9485e-05
67831: 2.94846e-05
67832: 2.94842e-05
67833: 2.94837e-05
67834: 2.94833e-05
67835: 2.94829e-05
67836: 2.94824e-05
67837: 2.9482e-05
67838: 2.94816e-05
67839: 2.94811e-05
67840: 2.94807e-05
67841: 2.94803e-05
67842: 2.94798e-05
67843: 2.94794e-05
67844: 2.9479e-05
67845: 2.94785e-05
67846: 2.94781e-05
67847: 2.94777e-05
67848: 2.94772e-05
67849: 2.94768e-05
67850: 2.94764e-05
67851: 2.94759e-05
67852: 2.94755e-05
67853: 2.9475e-05
67854: 2.94746e-05
67855: 2.94742e-05
67856: 2.94737e-05
67857: 2.94733e-05
67858: 2.94729e-05
67859: 2.94724e-05
67860: 2.9472e-05
67861: 2.94716e-05
67862: 2.94711e-05
67863: 2.94707e-05
67864: 2.94703e-05
67865: 2.94698e-05
67866: 2.94694e-05
67867: 2.9469e-05
67868: 2.94685e-05
67869: 2.94681e-05
67870: 2.94677e-05
67871: 2.94672e-05
67872: 2.94668e-05
67873: 2.94664e-05
67874: 2.94659e-05
67875: 2.94655e-05
67876: 2.94651e-05
67877: 2.94646e-05
67878: 2.94642e-05
67879: 2.94638e-05
67880: 2.94633e-05
67881: 2.94629e-05
67882: 2.94625e-05
67883: 2.9462e-05
67884: 2.94616e-05
67885: 2.94612e-05
67886: 2.94607e-05
67887: 2.94603e-05
67888: 2.94599e-05
67889: 2.94594e-05
67890: 2.9459e-05
67891: 2.94586e-05
67892: 2.94581e-05
67893: 2.94577e-05
67894: 2.94573e-05
67895: 2.94568e-05
67896: 2.94564e-05
67897: 2.94559e-05
67898: 2.94555e-05
67899: 2.94551e-05
67900: 2.94546e-05
67901: 2.94542e-05
67902: 2.94538e-05
67903: 2.94533e-05
67904: 2.94529e-05
67905: 2.94525e-05
67906: 2.9452e-05
67907: 2.94516e-05
67908: 2.94512e-05
67909: 2.94507e-05
67910: 2.94503e-05
67911: 2.94499e-05
67912: 2.94494e-05
67913: 2.9449e-05
67914: 2.94486e-05
67915: 2.94481e-05
67916: 2.94477e-05
67917: 2.94473e-05
67918: 2.94468e-05
67919: 2.94464e-05
67920: 2.9446e-05
67921: 2.94455e-05
67922: 2.94451e-05
67923: 2.94447e-05
67924: 2.94442e-05
67925: 2.94438e-05
67926: 2.94434e-05
67927: 2.94429e-05
67928: 2.94425e-05
67929: 2.94421e-05
67930: 2.94416e-05
67931: 2.94412e-05
67932: 2.94408e-05
67933: 2.94403e-05
67934: 2.94399e-05
67935: 2.94395e-05
67936: 2.9439e-05
67937: 2.94386e-05
67938: 2.94382e-05
67939: 2.94377e-05
67940: 2.94373e-05
67941: 2.94369e-05
67942: 2.94364e-05
67943: 2.9436e-05
67944: 2.94356e-05
67945: 2.94351e-05
67946: 2.94347e-05
67947: 2.94343e-05
67948: 2.94338e-05
67949: 2.94334e-05
67950: 2.9433e-05
67951: 2.94325e-05
67952: 2.94321e-05
67953: 2.94317e-05
67954: 2.94312e-05
67955: 2.94308e-05
67956: 2.94304e-05
67957: 2.94299e-05
67958: 2.94295e-05
67959: 2.94291e-05
67960: 2.94286e-05
67961: 2.94282e-05
67962: 2.94278e-05
67963: 2.94273e-05
67964: 2.94269e-05
67965: 2.94265e-05
67966: 2.9426e-05
67967: 2.94256e-05
67968: 2.94252e-05
67969: 2.94247e-05
67970: 2.94243e-05
67971: 2.94239e-05
67972: 2.94234e-05
67973: 2.9423e-05
67974: 2.94226e-05
67975: 2.94221e-05
67976: 2.94217e-05
67977: 2.94213e-05
67978: 2.94209e-05
67979: 2.94204e-05
67980: 2.942e-05
67981: 2.94196e-05
67982: 2.94191e-05
67983: 2.94187e-05
67984: 2.94183e-05
67985: 2.94178e-05
67986: 2.94174e-05
67987: 2.9417e-05
67988: 2.94165e-05
67989: 2.94161e-05
67990: 2.94157e-05
67991: 2.94152e-05
67992: 2.94148e-05
67993: 2.94144e-05
67994: 2.94139e-05
67995: 2.94135e-05
67996: 2.94131e-05
67997: 2.94126e-05
67998: 2.94122e-05
67999: 2.94118e-05
68000: 2.94113e-05
68001: 2.94109e-05
68002: 2.94105e-05
68003: 2.941e-05
68004: 2.94096e-05
68005: 2.94092e-05
68006: 2.94087e-05
68007: 2.94083e-05
68008: 2.94079e-05
68009: 2.94074e-05
68010: 2.9407e-05
68011: 2.94066e-05
68012: 2.94061e-05
68013: 2.94057e-05
68014: 2.94053e-05
68015: 2.94048e-05
68016: 2.94044e-05
68017: 2.9404e-05
68018: 2.94035e-05
68019: 2.94031e-05
68020: 2.94027e-05
68021: 2.94023e-05
68022: 2.94018e-05
68023: 2.94014e-05
68024: 2.9401e-05
68025: 2.94005e-05
68026: 2.94001e-05
68027: 2.93997e-05
68028: 2.93992e-05
68029: 2.93988e-05
68030: 2.93984e-05
68031: 2.93979e-05
68032: 2.93975e-05
68033: 2.93971e-05
68034: 2.93966e-05
68035: 2.93962e-05
68036: 2.93958e-05
68037: 2.93953e-05
68038: 2.93949e-05
68039: 2.93945e-05
68040: 2.9394e-05
68041: 2.93936e-05
68042: 2.93932e-05
68043: 2.93927e-05
68044: 2.93923e-05
68045: 2.93919e-05
68046: 2.93915e-05
68047: 2.9391e-05
68048: 2.93906e-05
68049: 2.93902e-05
68050: 2.93897e-05
68051: 2.93893e-05
68052: 2.93889e-05
68053: 2.93884e-05
68054: 2.9388e-05
68055: 2.93876e-05
68056: 2.93871e-05
68057: 2.93867e-05
68058: 2.93863e-05
68059: 2.93858e-05
68060: 2.93854e-05
68061: 2.9385e-05
68062: 2.93845e-05
68063: 2.93841e-05
68064: 2.93837e-05
68065: 2.93832e-05
68066: 2.93828e-05
68067: 2.93824e-05
68068: 2.9382e-05
68069: 2.93815e-05
68070: 2.93811e-05
68071: 2.93807e-05
68072: 2.93802e-05
68073: 2.93798e-05
68074: 2.93794e-05
68075: 2.93789e-05
68076: 2.93785e-05
68077: 2.93781e-05
68078: 2.93776e-05
68079: 2.93772e-05
68080: 2.93768e-05
68081: 2.93763e-05
68082: 2.93759e-05
68083: 2.93755e-05
68084: 2.9375e-05
68085: 2.93746e-05
68086: 2.93742e-05
68087: 2.93738e-05
68088: 2.93733e-05
68089: 2.93729e-05
68090: 2.93725e-05
68091: 2.9372e-05
68092: 2.93716e-05
68093: 2.93712e-05
68094: 2.93707e-05
68095: 2.93703e-05
68096: 2.93699e-05
68097: 2.93694e-05
68098: 2.9369e-05
68099: 2.93686e-05
68100: 2.93681e-05
68101: 2.93677e-05
68102: 2.93673e-05
68103: 2.93669e-05
68104: 2.93664e-05
68105: 2.9366e-05
68106: 2.93656e-05
68107: 2.93651e-05
68108: 2.93647e-05
68109: 2.93643e-05
68110: 2.93638e-05
68111: 2.93634e-05
68112: 2.9363e-05
68113: 2.93625e-05
68114: 2.93621e-05
68115: 2.93617e-05
68116: 2.93612e-05
68117: 2.93608e-05
68118: 2.93604e-05
68119: 2.936e-05
68120: 2.93595e-05
68121: 2.93591e-05
68122: 2.93587e-05
68123: 2.93582e-05
68124: 2.93578e-05
68125: 2.93574e-05
68126: 2.93569e-05
68127: 2.93565e-05
68128: 2.93561e-05
68129: 2.93556e-05
68130: 2.93552e-05
68131: 2.93548e-05
68132: 2.93544e-05
68133: 2.93539e-05
68134: 2.93535e-05
68135: 2.93531e-05
68136: 2.93526e-05
68137: 2.93522e-05
68138: 2.93518e-05
68139: 2.93513e-05
68140: 2.93509e-05
68141: 2.93505e-05
68142: 2.935e-05
68143: 2.93496e-05
68144: 2.93492e-05
68145: 2.93488e-05
68146: 2.93483e-05
68147: 2.93479e-05
68148: 2.93475e-05
68149: 2.9347e-05
68150: 2.93466e-05
68151: 2.93462e-05
68152: 2.93457e-05
68153: 2.93453e-05
68154: 2.93449e-05
68155: 2.93444e-05
68156: 2.9344e-05
68157: 2.93436e-05
68158: 2.93432e-05
68159: 2.93427e-05
68160: 2.93423e-05
68161: 2.93419e-05
68162: 2.93414e-05
68163: 2.9341e-05
68164: 2.93406e-05
68165: 2.93401e-05
68166: 2.93397e-05
68167: 2.93393e-05
68168: 2.93388e-05
68169: 2.93384e-05
68170: 2.9338e-05
68171: 2.93376e-05
68172: 2.93371e-05
68173: 2.93367e-05
68174: 2.93363e-05
68175: 2.93358e-05
68176: 2.93354e-05
68177: 2.9335e-05
68178: 2.93345e-05
68179: 2.93341e-05
68180: 2.93337e-05
68181: 2.93333e-05
68182: 2.93328e-05
68183: 2.93324e-05
68184: 2.9332e-05
68185: 2.93315e-05
68186: 2.93311e-05
68187: 2.93307e-05
68188: 2.93302e-05
68189: 2.93298e-05
68190: 2.93294e-05
68191: 2.9329e-05
68192: 2.93285e-05
68193: 2.93281e-05
68194: 2.93277e-05
68195: 2.93272e-05
68196: 2.93268e-05
68197: 2.93264e-05
68198: 2.93259e-05
68199: 2.93255e-05
68200: 2.93251e-05
68201: 2.93247e-05
68202: 2.93242e-05
68203: 2.93238e-05
68204: 2.93234e-05
68205: 2.93229e-05
68206: 2.93225e-05
68207: 2.93221e-05
68208: 2.93216e-05
68209: 2.93212e-05
68210: 2.93208e-05
68211: 2.93204e-05
68212: 2.93199e-05
68213: 2.93195e-05
68214: 2.93191e-05
68215: 2.93186e-05
68216: 2.93182e-05
68217: 2.93178e-05
68218: 2.93173e-05
68219: 2.93169e-05
68220: 2.93165e-05
68221: 2.93161e-05
68222: 2.93156e-05
68223: 2.93152e-05
68224: 2.93148e-05
68225: 2.93143e-05
68226: 2.93139e-05
68227: 2.93135e-05
68228: 2.9313e-05
68229: 2.93126e-05
68230: 2.93122e-05
68231: 2.93118e-05
68232: 2.93113e-05
68233: 2.93109e-05
68234: 2.93105e-05
68235: 2.931e-05
68236: 2.93096e-05
68237: 2.93092e-05
68238: 2.93088e-05
68239: 2.93083e-05
68240: 2.93079e-05
68241: 2.93075e-05
68242: 2.9307e-05
68243: 2.93066e-05
68244: 2.93062e-05
68245: 2.93057e-05
68246: 2.93053e-05
68247: 2.93049e-05
68248: 2.93045e-05
68249: 2.9304e-05
68250: 2.93036e-05
68251: 2.93032e-05
68252: 2.93027e-05
68253: 2.93023e-05
68254: 2.93019e-05
68255: 2.93015e-05
68256: 2.9301e-05
68257: 2.93006e-05
68258: 2.93002e-05
68259: 2.92997e-05
68260: 2.92993e-05
68261: 2.92989e-05
68262: 2.92984e-05
68263: 2.9298e-05
68264: 2.92976e-05
68265: 2.92972e-05
68266: 2.92967e-05
68267: 2.92963e-05
68268: 2.92959e-05
68269: 2.92954e-05
68270: 2.9295e-05
68271: 2.92946e-05
68272: 2.92942e-05
68273: 2.92937e-05
68274: 2.92933e-05
68275: 2.92929e-05
68276: 2.92924e-05
68277: 2.9292e-05
68278: 2.92916e-05
68279: 2.92912e-05
68280: 2.92907e-05
68281: 2.92903e-05
68282: 2.92899e-05
68283: 2.92894e-05
68284: 2.9289e-05
68285: 2.92886e-05
68286: 2.92882e-05
68287: 2.92877e-05
68288: 2.92873e-05
68289: 2.92869e-05
68290: 2.92864e-05
68291: 2.9286e-05
68292: 2.92856e-05
68293: 2.92851e-05
68294: 2.92847e-05
68295: 2.92843e-05
68296: 2.92839e-05
68297: 2.92834e-05
68298: 2.9283e-05
68299: 2.92826e-05
68300: 2.92821e-05
68301: 2.92817e-05
68302: 2.92813e-05
68303: 2.92809e-05
68304: 2.92804e-05
68305: 2.928e-05
68306: 2.92796e-05
68307: 2.92791e-05
68308: 2.92787e-05
68309: 2.92783e-05
68310: 2.92779e-05
68311: 2.92774e-05
68312: 2.9277e-05
68313: 2.92766e-05
68314: 2.92761e-05
68315: 2.92757e-05
68316: 2.92753e-05
68317: 2.92749e-05
68318: 2.92744e-05
68319: 2.9274e-05
68320: 2.92736e-05
68321: 2.92731e-05
68322: 2.92727e-05
68323: 2.92723e-05
68324: 2.92719e-05
68325: 2.92714e-05
68326: 2.9271e-05
68327: 2.92706e-05
68328: 2.92701e-05
68329: 2.92697e-05
68330: 2.92693e-05
68331: 2.92689e-05
68332: 2.92684e-05
68333: 2.9268e-05
68334: 2.92676e-05
68335: 2.92672e-05
68336: 2.92667e-05
68337: 2.92663e-05
68338: 2.92659e-05
68339: 2.92654e-05
68340: 2.9265e-05
68341: 2.92646e-05
68342: 2.92642e-05
68343: 2.92637e-05
68344: 2.92633e-05
68345: 2.92629e-05
68346: 2.92624e-05
68347: 2.9262e-05
68348: 2.92616e-05
68349: 2.92612e-05
68350: 2.92607e-05
68351: 2.92603e-05
68352: 2.92599e-05
68353: 2.92594e-05
68354: 2.9259e-05
68355: 2.92586e-05
68356: 2.92582e-05
68357: 2.92577e-05
68358: 2.92573e-05
68359: 2.92569e-05
68360: 2.92564e-05
68361: 2.9256e-05
68362: 2.92556e-05
68363: 2.92552e-05
68364: 2.92547e-05
68365: 2.92543e-05
68366: 2.92539e-05
68367: 2.92535e-05
68368: 2.9253e-05
68369: 2.92526e-05
68370: 2.92522e-05
68371: 2.92517e-05
68372: 2.92513e-05
68373: 2.92509e-05
68374: 2.92505e-05
68375: 2.925e-05
68376: 2.92496e-05
68377: 2.92492e-05
68378: 2.92487e-05
68379: 2.92483e-05
68380: 2.92479e-05
68381: 2.92475e-05
68382: 2.9247e-05
68383: 2.92466e-05
68384: 2.92462e-05
68385: 2.92458e-05
68386: 2.92453e-05
68387: 2.92449e-05
68388: 2.92445e-05
68389: 2.9244e-05
68390: 2.92436e-05
68391: 2.92432e-05
68392: 2.92428e-05
68393: 2.92423e-05
68394: 2.92419e-05
68395: 2.92415e-05
68396: 2.9241e-05
68397: 2.92406e-05
68398: 2.92402e-05
68399: 2.92398e-05
68400: 2.92393e-05
68401: 2.92389e-05
68402: 2.92385e-05
68403: 2.92381e-05
68404: 2.92376e-05
68405: 2.92372e-05
68406: 2.92368e-05
68407: 2.92363e-05
68408: 2.92359e-05
68409: 2.92355e-05
68410: 2.92351e-05
68411: 2.92346e-05
68412: 2.92342e-05
68413: 2.92338e-05
68414: 2.92334e-05
68415: 2.92329e-05
68416: 2.92325e-05
68417: 2.92321e-05
68418: 2.92316e-05
68419: 2.92312e-05
68420: 2.92308e-05
68421: 2.92304e-05
68422: 2.92299e-05
68423: 2.92295e-05
68424: 2.92291e-05
68425: 2.92287e-05
68426: 2.92282e-05
68427: 2.92278e-05
68428: 2.92274e-05
68429: 2.92269e-05
68430: 2.92265e-05
68431: 2.92261e-05
68432: 2.92257e-05
68433: 2.92252e-05
68434: 2.92248e-05
68435: 2.92244e-05
68436: 2.9224e-05
68437: 2.92235e-05
68438: 2.92231e-05
68439: 2.92227e-05
68440: 2.92222e-05
68441: 2.92218e-05
68442: 2.92214e-05
68443: 2.9221e-05
68444: 2.92205e-05
68445: 2.92201e-05
68446: 2.92197e-05
68447: 2.92193e-05
68448: 2.92188e-05
68449: 2.92184e-05
68450: 2.9218e-05
68451: 2.92176e-05
68452: 2.92171e-05
68453: 2.92167e-05
68454: 2.92163e-05
68455: 2.92158e-05
68456: 2.92154e-05
68457: 2.9215e-05
68458: 2.92146e-05
68459: 2.92141e-05
68460: 2.92137e-05
68461: 2.92133e-05
68462: 2.92129e-05
68463: 2.92124e-05
68464: 2.9212e-05
68465: 2.92116e-05
68466: 2.92112e-05
68467: 2.92107e-05
68468: 2.92103e-05
68469: 2.92099e-05
68470: 2.92094e-05
68471: 2.9209e-05
68472: 2.92086e-05
68473: 2.92082e-05
68474: 2.92077e-05
68475: 2.92073e-05
68476: 2.92069e-05
68477: 2.92065e-05
68478: 2.9206e-05
68479: 2.92056e-05
68480: 2.92052e-05
68481: 2.92048e-05
68482: 2.92043e-05
68483: 2.92039e-05
68484: 2.92035e-05
68485: 2.9203e-05
68486: 2.92026e-05
68487: 2.92022e-05
68488: 2.92018e-05
68489: 2.92013e-05
68490: 2.92009e-05
68491: 2.92005e-05
68492: 2.92001e-05
68493: 2.91996e-05
68494: 2.91992e-05
68495: 2.91988e-05
68496: 2.91984e-05
68497: 2.91979e-05
68498: 2.91975e-05
68499: 2.91971e-05
68500: 2.91967e-05
68501: 2.91962e-05
68502: 2.91958e-05
68503: 2.91954e-05
68504: 2.91949e-05
68505: 2.91945e-05
68506: 2.91941e-05
68507: 2.91937e-05
68508: 2.91932e-05
68509: 2.91928e-05
68510: 2.91924e-05
68511: 2.9192e-05
68512: 2.91915e-05
68513: 2.91911e-05
68514: 2.91907e-05
68515: 2.91903e-05
68516: 2.91898e-05
68517: 2.91894e-05
68518: 2.9189e-05
68519: 2.91886e-05
68520: 2.91881e-05
68521: 2.91877e-05
68522: 2.91873e-05
68523: 2.91869e-05
68524: 2.91864e-05
68525: 2.9186e-05
68526: 2.91856e-05
68527: 2.91852e-05
68528: 2.91847e-05
68529: 2.91843e-05
68530: 2.91839e-05
68531: 2.91834e-05
68532: 2.9183e-05
68533: 2.91826e-05
68534: 2.91822e-05
68535: 2.91817e-05
68536: 2.91813e-05
68537: 2.91809e-05
68538: 2.91805e-05
68539: 2.918e-05
68540: 2.91796e-05
68541: 2.91792e-05
68542: 2.91788e-05
68543: 2.91783e-05
68544: 2.91779e-05
68545: 2.91775e-05
68546: 2.91771e-05
68547: 2.91766e-05
68548: 2.91762e-05
68549: 2.91758e-05
68550: 2.91754e-05
68551: 2.91749e-05
68552: 2.91745e-05
68553: 2.91741e-05
68554: 2.91737e-05
68555: 2.91732e-05
68556: 2.91728e-05
68557: 2.91724e-05
68558: 2.9172e-05
68559: 2.91715e-05
68560: 2.91711e-05
68561: 2.91707e-05
68562: 2.91703e-05
68563: 2.91698e-05
68564: 2.91694e-05
68565: 2.9169e-05
68566: 2.91686e-05
68567: 2.91681e-05
68568: 2.91677e-05
68569: 2.91673e-05
68570: 2.91668e-05
68571: 2.91664e-05
68572: 2.9166e-05
68573: 2.91656e-05
68574: 2.91651e-05
68575: 2.91647e-05
68576: 2.91643e-05
68577: 2.91639e-05
68578: 2.91634e-05
68579: 2.9163e-05
68580: 2.91626e-05
68581: 2.91622e-05
68582: 2.91617e-05
68583: 2.91613e-05
68584: 2.91609e-05
68585: 2.91605e-05
68586: 2.916e-05
68587: 2.91596e-05
68588: 2.91592e-05
68589: 2.91588e-05
68590: 2.91583e-05
68591: 2.91579e-05
68592: 2.91575e-05
68593: 2.91571e-05
68594: 2.91566e-05
68595: 2.91562e-05
68596: 2.91558e-05
68597: 2.91554e-05
68598: 2.91549e-05
68599: 2.91545e-05
68600: 2.91541e-05
68601: 2.91537e-05
68602: 2.91532e-05
68603: 2.91528e-05
68604: 2.91524e-05
68605: 2.9152e-05
68606: 2.91515e-05
68607: 2.91511e-05
68608: 2.91507e-05
68609: 2.91503e-05
68610: 2.91498e-05
68611: 2.91494e-05
68612: 2.9149e-05
68613: 2.91486e-05
68614: 2.91481e-05
68615: 2.91477e-05
68616: 2.91473e-05
68617: 2.91469e-05
68618: 2.91464e-05
68619: 2.9146e-05
68620: 2.91456e-05
68621: 2.91452e-05
68622: 2.91447e-05
68623: 2.91443e-05
68624: 2.91439e-05
68625: 2.91435e-05
68626: 2.9143e-05
68627: 2.91426e-05
68628: 2.91422e-05
68629: 2.91418e-05
68630: 2.91414e-05
68631: 2.91409e-05
68632: 2.91405e-05
68633: 2.91401e-05
68634: 2.91397e-05
68635: 2.91392e-05
68636: 2.91388e-05
68637: 2.91384e-05
68638: 2.9138e-05
68639: 2.91375e-05
68640: 2.91371e-05
68641: 2.91367e-05
68642: 2.91363e-05
68643: 2.91358e-05
68644: 2.91354e-05
68645: 2.9135e-05
68646: 2.91346e-05
68647: 2.91341e-05
68648: 2.91337e-05
68649: 2.91333e-05
68650: 2.91329e-05
68651: 2.91324e-05
68652: 2.9132e-05
68653: 2.91316e-05
68654: 2.91312e-05
68655: 2.91307e-05
68656: 2.91303e-05
68657: 2.91299e-05
68658: 2.91295e-05
68659: 2.9129e-05
68660: 2.91286e-05
68661: 2.91282e-05
68662: 2.91278e-05
68663: 2.91273e-05
68664: 2.91269e-05
68665: 2.91265e-05
68666: 2.91261e-05
68667: 2.91256e-05
68668: 2.91252e-05
68669: 2.91248e-05
68670: 2.91244e-05
68671: 2.9124e-05
68672: 2.91235e-05
68673: 2.91231e-05
68674: 2.91227e-05
68675: 2.91223e-05
68676: 2.91218e-05
68677: 2.91214e-05
68678: 2.9121e-05
68679: 2.91206e-05
68680: 2.91201e-05
68681: 2.91197e-05
68682: 2.91193e-05
68683: 2.91189e-05
68684: 2.91184e-05
68685: 2.9118e-05
68686: 2.91176e-05
68687: 2.91172e-05
68688: 2.91167e-05
68689: 2.91163e-05
68690: 2.91159e-05
68691: 2.91155e-05
68692: 2.9115e-05
68693: 2.91146e-05
68694: 2.91142e-05
68695: 2.91138e-05
68696: 2.91134e-05
68697: 2.91129e-05
68698: 2.91125e-05
68699: 2.91121e-05
68700: 2.91117e-05
68701: 2.91112e-05
68702: 2.91108e-05
68703: 2.91104e-05
68704: 2.911e-05
68705: 2.91095e-05
68706: 2.91091e-05
68707: 2.91087e-05
68708: 2.91083e-05
68709: 2.91078e-05
68710: 2.91074e-05
68711: 2.9107e-05
68712: 2.91066e-05
68713: 2.91062e-05
68714: 2.91057e-05
68715: 2.91053e-05
68716: 2.91049e-05
68717: 2.91045e-05
68718: 2.9104e-05
68719: 2.91036e-05
68720: 2.91032e-05
68721: 2.91028e-05
68722: 2.91023e-05
68723: 2.91019e-05
68724: 2.91015e-05
68725: 2.91011e-05
68726: 2.91006e-05
68727: 2.91002e-05
68728: 2.90998e-05
68729: 2.90994e-05
68730: 2.9099e-05
68731: 2.90985e-05
68732: 2.90981e-05
68733: 2.90977e-05
68734: 2.90973e-05
68735: 2.90968e-05
68736: 2.90964e-05
68737: 2.9096e-05
68738: 2.90956e-05
68739: 2.90951e-05
68740: 2.90947e-05
68741: 2.90943e-05
68742: 2.90939e-05
68743: 2.90934e-05
68744: 2.9093e-05
68745: 2.90926e-05
68746: 2.90922e-05
68747: 2.90918e-05
68748: 2.90913e-05
68749: 2.90909e-05
68750: 2.90905e-05
68751: 2.90901e-05
68752: 2.90896e-05
68753: 2.90892e-05
68754: 2.90888e-05
68755: 2.90884e-05
68756: 2.90879e-05
68757: 2.90875e-05
68758: 2.90871e-05
68759: 2.90867e-05
68760: 2.90863e-05
68761: 2.90858e-05
68762: 2.90854e-05
68763: 2.9085e-05
68764: 2.90846e-05
68765: 2.90841e-05
68766: 2.90837e-05
68767: 2.90833e-05
68768: 2.90829e-05
68769: 2.90824e-05
68770: 2.9082e-05
68771: 2.90816e-05
68772: 2.90812e-05
68773: 2.90808e-05
68774: 2.90803e-05
68775: 2.90799e-05
68776: 2.90795e-05
68777: 2.90791e-05
68778: 2.90786e-05
68779: 2.90782e-05
68780: 2.90778e-05
68781: 2.90774e-05
68782: 2.9077e-05
68783: 2.90765e-05
68784: 2.90761e-05
68785: 2.90757e-05
68786: 2.90753e-05
68787: 2.90748e-05
68788: 2.90744e-05
68789: 2.9074e-05
68790: 2.90736e-05
68791: 2.90731e-05
68792: 2.90727e-05
68793: 2.90723e-05
68794: 2.90719e-05
68795: 2.90715e-05
68796: 2.9071e-05
68797: 2.90706e-05
68798: 2.90702e-05
68799: 2.90698e-05
68800: 2.90693e-05
68801: 2.90689e-05
68802: 2.90685e-05
68803: 2.90681e-05
68804: 2.90677e-05
68805: 2.90672e-05
68806: 2.90668e-05
68807: 2.90664e-05
68808: 2.9066e-05
68809: 2.90655e-05
68810: 2.90651e-05
68811: 2.90647e-05
68812: 2.90643e-05
68813: 2.90639e-05
68814: 2.90634e-05
68815: 2.9063e-05
68816: 2.90626e-05
68817: 2.90622e-05
68818: 2.90617e-05
68819: 2.90613e-05
68820: 2.90609e-05
68821: 2.90605e-05
68822: 2.90601e-05
68823: 2.90596e-05
68824: 2.90592e-05
68825: 2.90588e-05
68826: 2.90584e-05
68827: 2.90579e-05
68828: 2.90575e-05
68829: 2.90571e-05
68830: 2.90567e-05
68831: 2.90563e-05
68832: 2.90558e-05
68833: 2.90554e-05
68834: 2.9055e-05
68835: 2.90546e-05
68836: 2.90541e-05
68837: 2.90537e-05
68838: 2.90533e-05
68839: 2.90529e-05
68840: 2.90525e-05
68841: 2.9052e-05
68842: 2.90516e-05
68843: 2.90512e-05
68844: 2.90508e-05
68845: 2.90503e-05
68846: 2.90499e-05
68847: 2.90495e-05
68848: 2.90491e-05
68849: 2.90487e-05
68850: 2.90482e-05
68851: 2.90478e-05
68852: 2.90474e-05
68853: 2.9047e-05
68854: 2.90465e-05
68855: 2.90461e-05
68856: 2.90457e-05
68857: 2.90453e-05
68858: 2.90449e-05
68859: 2.90444e-05
68860: 2.9044e-05
68861: 2.90436e-05
68862: 2.90432e-05
68863: 2.90428e-05
68864: 2.90423e-05
68865: 2.90419e-05
68866: 2.90415e-05
68867: 2.90411e-05
68868: 2.90406e-05
68869: 2.90402e-05
68870: 2.90398e-05
68871: 2.90394e-05
68872: 2.9039e-05
68873: 2.90385e-05
68874: 2.90381e-05
68875: 2.90377e-05
68876: 2.90373e-05
68877: 2.90368e-05
68878: 2.90364e-05
68879: 2.9036e-05
68880: 2.90356e-05
68881: 2.90352e-05
68882: 2.90347e-05
68883: 2.90343e-05
68884: 2.90339e-05
68885: 2.90335e-05
68886: 2.90331e-05
68887: 2.90326e-05
68888: 2.90322e-05
68889: 2.90318e-05
68890: 2.90314e-05
68891: 2.90309e-05
68892: 2.90305e-05
68893: 2.90301e-05
68894: 2.90297e-05
68895: 2.90293e-05
68896: 2.90288e-05
68897: 2.90284e-05
68898: 2.9028e-05
68899: 2.90276e-05
68900: 2.90272e-05
68901: 2.90267e-05
68902: 2.90263e-05
68903: 2.90259e-05
68904: 2.90255e-05
68905: 2.9025e-05
68906: 2.90246e-05
68907: 2.90242e-05
68908: 2.90238e-05
68909: 2.90234e-05
68910: 2.90229e-05
68911: 2.90225e-05
68912: 2.90221e-05
68913: 2.90217e-05
68914: 2.90213e-05
68915: 2.90208e-05
68916: 2.90204e-05
68917: 2.902e-05
68918: 2.90196e-05
68919: 2.90192e-05
68920: 2.90187e-05
68921: 2.90183e-05
68922: 2.90179e-05
68923: 2.90175e-05
68924: 2.9017e-05
68925: 2.90166e-05
68926: 2.90162e-05
68927: 2.90158e-05
68928: 2.90154e-05
68929: 2.90149e-05
68930: 2.90145e-05
68931: 2.90141e-05
68932: 2.90137e-05
68933: 2.90133e-05
68934: 2.90128e-05
68935: 2.90124e-05
68936: 2.9012e-05
68937: 2.90116e-05
68938: 2.90112e-05
68939: 2.90107e-05
68940: 2.90103e-05
68941: 2.90099e-05
68942: 2.90095e-05
68943: 2.90091e-05
68944: 2.90086e-05
68945: 2.90082e-05
68946: 2.90078e-05
68947: 2.90074e-05
68948: 2.90069e-05
68949: 2.90065e-05
68950: 2.90061e-05
68951: 2.90057e-05
68952: 2.90053e-05
68953: 2.90048e-05
68954: 2.90044e-05
68955: 2.9004e-05
68956: 2.90036e-05
68957: 2.90032e-05
68958: 2.90027e-05
68959: 2.90023e-05
68960: 2.90019e-05
68961: 2.90015e-05
68962: 2.90011e-05
68963: 2.90006e-05
68964: 2.90002e-05
68965: 2.89998e-05
68966: 2.89994e-05
68967: 2.8999e-05
68968: 2.89985e-05
68969: 2.89981e-05
68970: 2.89977e-05
68971: 2.89973e-05
68972: 2.89969e-05
68973: 2.89964e-05
68974: 2.8996e-05
68975: 2.89956e-05
68976: 2.89952e-05
68977: 2.89948e-05
68978: 2.89943e-05
68979: 2.89939e-05
68980: 2.89935e-05
68981: 2.89931e-05
68982: 2.89927e-05
68983: 2.89922e-05
68984: 2.89918e-05
68985: 2.89914e-05
68986: 2.8991e-05
68987: 2.89905e-05
68988: 2.89901e-05
68989: 2.89897e-05
68990: 2.89893e-05
68991: 2.89889e-05
68992: 2.89884e-05
68993: 2.8988e-05
68994: 2.89876e-05
68995: 2.89872e-05
68996: 2.89868e-05
68997: 2.89863e-05
68998: 2.89859e-05
68999: 2.89855e-05
69000: 2.89851e-05
69001: 2.89847e-05
69002: 2.89842e-05
69003: 2.89838e-05
69004: 2.89834e-05
69005: 2.8983e-05
69006: 2.89826e-05
69007: 2.89821e-05
69008: 2.89817e-05
69009: 2.89813e-05
69010: 2.89809e-05
69011: 2.89805e-05
69012: 2.898e-05
69013: 2.89796e-05
69014: 2.89792e-05
69015: 2.89788e-05
69016: 2.89784e-05
69017: 2.89779e-05
69018: 2.89775e-05
69019: 2.89771e-05
69020: 2.89767e-05
69021: 2.89763e-05
69022: 2.89758e-05
69023: 2.89754e-05
69024: 2.8975e-05
69025: 2.89746e-05
69026: 2.89742e-05
69027: 2.89737e-05
69028: 2.89733e-05
69029: 2.89729e-05
69030: 2.89725e-05
69031: 2.89721e-05
69032: 2.89717e-05
69033: 2.89712e-05
69034: 2.89708e-05
69035: 2.89704e-05
69036: 2.897e-05
69037: 2.89696e-05
69038: 2.89691e-05
69039: 2.89687e-05
69040: 2.89683e-05
69041: 2.89679e-05
69042: 2.89675e-05
69043: 2.8967e-05
69044: 2.89666e-05
69045: 2.89662e-05
69046: 2.89658e-05
69047: 2.89654e-05
69048: 2.89649e-05
69049: 2.89645e-05
69050: 2.89641e-05
69051: 2.89637e-05
69052: 2.89633e-05
69053: 2.89628e-05
69054: 2.89624e-05
69055: 2.8962e-05
69056: 2.89616e-05
69057: 2.89612e-05
69058: 2.89607e-05
69059: 2.89603e-05
69060: 2.89599e-05
69061: 2.89595e-05
69062: 2.89591e-05
69063: 2.89586e-05
69064: 2.89582e-05
69065: 2.89578e-05
69066: 2.89574e-05
69067: 2.8957e-05
69068: 2.89566e-05
69069: 2.89561e-05
69070: 2.89557e-05
69071: 2.89553e-05
69072: 2.89549e-05
69073: 2.89545e-05
69074: 2.8954e-05
69075: 2.89536e-05
69076: 2.89532e-05
69077: 2.89528e-05
69078: 2.89524e-05
69079: 2.89519e-05
69080: 2.89515e-05
69081: 2.89511e-05
69082: 2.89507e-05
69083: 2.89503e-05
69084: 2.89498e-05
69085: 2.89494e-05
69086: 2.8949e-05
69087: 2.89486e-05
69088: 2.89482e-05
69089: 2.89477e-05
69090: 2.89473e-05
69091: 2.89469e-05
69092: 2.89465e-05
69093: 2.89461e-05
69094: 2.89457e-05
69095: 2.89452e-05
69096: 2.89448e-05
69097: 2.89444e-05
69098: 2.8944e-05
69099: 2.89436e-05
69100: 2.89431e-05
69101: 2.89427e-05
69102: 2.89423e-05
69103: 2.89419e-05
69104: 2.89415e-05
69105: 2.8941e-05
69106: 2.89406e-05
69107: 2.89402e-05
69108: 2.89398e-05
69109: 2.89394e-05
69110: 2.8939e-05
69111: 2.89385e-05
69112: 2.89381e-05
69113: 2.89377e-05
69114: 2.89373e-05
69115: 2.89369e-05
69116: 2.89364e-05
69117: 2.8936e-05
69118: 2.89356e-05
69119: 2.89352e-05
69120: 2.89348e-05
69121: 2.89343e-05
69122: 2.89339e-05
69123: 2.89335e-05
69124: 2.89331e-05
69125: 2.89327e-05
69126: 2.89323e-05
69127: 2.89318e-05
69128: 2.89314e-05
69129: 2.8931e-05
69130: 2.89306e-05
69131: 2.89302e-05
69132: 2.89297e-05
69133: 2.89293e-05
69134: 2.89289e-05
69135: 2.89285e-05
69136: 2.89281e-05
69137: 2.89277e-05
69138: 2.89272e-05
69139: 2.89268e-05
69140: 2.89264e-05
69141: 2.8926e-05
69142: 2.89256e-05
69143: 2.89251e-05
69144: 2.89247e-05
69145: 2.89243e-05
69146: 2.89239e-05
69147: 2.89235e-05
69148: 2.89231e-05
69149: 2.89226e-05
69150: 2.89222e-05
69151: 2.89218e-05
69152: 2.89214e-05
69153: 2.8921e-05
69154: 2.89205e-05
69155: 2.89201e-05
69156: 2.89197e-05
69157: 2.89193e-05
69158: 2.89189e-05
69159: 2.89184e-05
69160: 2.8918e-05
69161: 2.89176e-05
69162: 2.89172e-05
69163: 2.89168e-05
69164: 2.89164e-05
69165: 2.89159e-05
69166: 2.89155e-05
69167: 2.89151e-05
69168: 2.89147e-05
69169: 2.89143e-05
69170: 2.89139e-05
69171: 2.89134e-05
69172: 2.8913e-05
69173: 2.89126e-05
69174: 2.89122e-05
69175: 2.89118e-05
69176: 2.89113e-05
69177: 2.89109e-05
69178: 2.89105e-05
69179: 2.89101e-05
69180: 2.89097e-05
69181: 2.89093e-05
69182: 2.89088e-05
69183: 2.89084e-05
69184: 2.8908e-05
69185: 2.89076e-05
69186: 2.89072e-05
69187: 2.89067e-05
69188: 2.89063e-05
69189: 2.89059e-05
69190: 2.89055e-05
69191: 2.89051e-05
69192: 2.89047e-05
69193: 2.89042e-05
69194: 2.89038e-05
69195: 2.89034e-05
69196: 2.8903e-05
69197: 2.89026e-05
69198: 2.89022e-05
69199: 2.89017e-05
69200: 2.89013e-05
69201: 2.89009e-05
69202: 2.89005e-05
69203: 2.89001e-05
69204: 2.88996e-05
69205: 2.88992e-05
69206: 2.88988e-05
69207: 2.88984e-05
69208: 2.8898e-05
69209: 2.88976e-05
69210: 2.88971e-05
69211: 2.88967e-05
69212: 2.88963e-05
69213: 2.88959e-05
69214: 2.88955e-05
69215: 2.88951e-05
69216: 2.88946e-05
69217: 2.88942e-05
69218: 2.88938e-05
69219: 2.88934e-05
69220: 2.8893e-05
69221: 2.88925e-05
69222: 2.88921e-05
69223: 2.88917e-05
69224: 2.88913e-05
69225: 2.88909e-05
69226: 2.88905e-05
69227: 2.889e-05
69228: 2.88896e-05
69229: 2.88892e-05
69230: 2.88888e-05
69231: 2.88884e-05
69232: 2.8888e-05
69233: 2.88875e-05
69234: 2.88871e-05
69235: 2.88867e-05
69236: 2.88863e-05
69237: 2.88859e-05
69238: 2.88855e-05
69239: 2.8885e-05
69240: 2.88846e-05
69241: 2.88842e-05
69242: 2.88838e-05
69243: 2.88834e-05
69244: 2.8883e-05
69245: 2.88825e-05
69246: 2.88821e-05
69247: 2.88817e-05
69248: 2.88813e-05
69249: 2.88809e-05
69250: 2.88804e-05
69251: 2.888e-05
69252: 2.88796e-05
69253: 2.88792e-05
69254: 2.88788e-05
69255: 2.88784e-05
69256: 2.88779e-05
69257: 2.88775e-05
69258: 2.88771e-05
69259: 2.88767e-05
69260: 2.88763e-05
69261: 2.88759e-05
69262: 2.88754e-05
69263: 2.8875e-05
69264: 2.88746e-05
69265: 2.88742e-05
69266: 2.88738e-05
69267: 2.88734e-05
69268: 2.88729e-05
69269: 2.88725e-05
69270: 2.88721e-05
69271: 2.88717e-05
69272: 2.88713e-05
69273: 2.88709e-05
69274: 2.88704e-05
69275: 2.887e-05
69276: 2.88696e-05
69277: 2.88692e-05
69278: 2.88688e-05
69279: 2.88684e-05
69280: 2.88679e-05
69281: 2.88675e-05
69282: 2.88671e-05
69283: 2.88667e-05
69284: 2.88663e-05
69285: 2.88659e-05
69286: 2.88654e-05
69287: 2.8865e-05
69288: 2.88646e-05
69289: 2.88642e-05
69290: 2.88638e-05
69291: 2.88634e-05
69292: 2.88629e-05
69293: 2.88625e-05
69294: 2.88621e-05
69295: 2.88617e-05
69296: 2.88613e-05
69297: 2.88609e-05
69298: 2.88604e-05
69299: 2.886e-05
69300: 2.88596e-05
69301: 2.88592e-05
69302: 2.88588e-05
69303: 2.88584e-05
69304: 2.88579e-05
69305: 2.88575e-05
69306: 2.88571e-05
69307: 2.88567e-05
69308: 2.88563e-05
69309: 2.88559e-05
69310: 2.88554e-05
69311: 2.8855e-05
69312: 2.88546e-05
69313: 2.88542e-05
69314: 2.88538e-05
69315: 2.88534e-05
69316: 2.8853e-05
69317: 2.88525e-05
69318: 2.88521e-05
69319: 2.88517e-05
69320: 2.88513e-05
69321: 2.88509e-05
69322: 2.88505e-05
69323: 2.885e-05
69324: 2.88496e-05
69325: 2.88492e-05
69326: 2.88488e-05
69327: 2.88484e-05
69328: 2.8848e-05
69329: 2.88475e-05
69330: 2.88471e-05
69331: 2.88467e-05
69332: 2.88463e-05
69333: 2.88459e-05
69334: 2.88455e-05
69335: 2.8845e-05
69336: 2.88446e-05
69337: 2.88442e-05
69338: 2.88438e-05
69339: 2.88434e-05
69340: 2.8843e-05
69341: 2.88425e-05
69342: 2.88421e-05
69343: 2.88417e-05
69344: 2.88413e-05
69345: 2.88409e-05
69346: 2.88405e-05
69347: 2.88401e-05
69348: 2.88396e-05
69349: 2.88392e-05
69350: 2.88388e-05
69351: 2.88384e-05
69352: 2.8838e-05
69353: 2.88376e-05
69354: 2.88371e-05
69355: 2.88367e-05
69356: 2.88363e-05
69357: 2.88359e-05
69358: 2.88355e-05
69359: 2.88351e-05
69360: 2.88346e-05
69361: 2.88342e-05
69362: 2.88338e-05
69363: 2.88334e-05
69364: 2.8833e-05
69365: 2.88326e-05
69366: 2.88322e-05
69367: 2.88317e-05
69368: 2.88313e-05
69369: 2.88309e-05
69370: 2.88305e-05
69371: 2.88301e-05
69372: 2.88297e-05
69373: 2.88292e-05
69374: 2.88288e-05
69375: 2.88284e-05
69376: 2.8828e-05
69377: 2.88276e-05
69378: 2.88272e-05
69379: 2.88268e-05
69380: 2.88263e-05
69381: 2.88259e-05
69382: 2.88255e-05
69383: 2.88251e-05
69384: 2.88247e-05
69385: 2.88243e-05
69386: 2.88238e-05
69387: 2.88234e-05
69388: 2.8823e-05
69389: 2.88226e-05
69390: 2.88222e-05
69391: 2.88218e-05
69392: 2.88214e-05
69393: 2.88209e-05
69394: 2.88205e-05
69395: 2.88201e-05
69396: 2.88197e-05
69397: 2.88193e-05
69398: 2.88189e-05
69399: 2.88184e-05
69400: 2.8818e-05
69401: 2.88176e-05
69402: 2.88172e-05
69403: 2.88168e-05
69404: 2.88164e-05
69405: 2.8816e-05
69406: 2.88155e-05
69407: 2.88151e-05
69408: 2.88147e-05
69409: 2.88143e-05
69410: 2.88139e-05
69411: 2.88135e-05
69412: 2.8813e-05
69413: 2.88126e-05
69414: 2.88122e-05
69415: 2.88118e-05
69416: 2.88114e-05
69417: 2.8811e-05
69418: 2.88106e-05
69419: 2.88101e-05
69420: 2.88097e-05
69421: 2.88093e-05
69422: 2.88089e-05
69423: 2.88085e-05
69424: 2.88081e-05
69425: 2.88077e-05
69426: 2.88072e-05
69427: 2.88068e-05
69428: 2.88064e-05
69429: 2.8806e-05
69430: 2.88056e-05
69431: 2.88052e-05
69432: 2.88047e-05
69433: 2.88043e-05
69434: 2.88039e-05
69435: 2.88035e-05
69436: 2.88031e-05
69437: 2.88027e-05
69438: 2.88023e-05
69439: 2.88018e-05
69440: 2.88014e-05
69441: 2.8801e-05
69442: 2.88006e-05
69443: 2.88002e-05
69444: 2.87998e-05
69445: 2.87994e-05
69446: 2.87989e-05
69447: 2.87985e-05
69448: 2.87981e-05
69449: 2.87977e-05
69450: 2.87973e-05
69451: 2.87969e-05
69452: 2.87965e-05
69453: 2.8796e-05
69454: 2.87956e-05
69455: 2.87952e-05
69456: 2.87948e-05
69457: 2.87944e-05
69458: 2.8794e-05
69459: 2.87936e-05
69460: 2.87931e-05
69461: 2.87927e-05
69462: 2.87923e-05
69463: 2.87919e-05
69464: 2.87915e-05
69465: 2.87911e-05
69466: 2.87906e-05
69467: 2.87902e-05
69468: 2.87898e-05
69469: 2.87894e-05
69470: 2.8789e-05
69471: 2.87886e-05
69472: 2.87882e-05
69473: 2.87877e-05
69474: 2.87873e-05
69475: 2.87869e-05
69476: 2.87865e-05
69477: 2.87861e-05
69478: 2.87857e-05
69479: 2.87853e-05
69480: 2.87848e-05
69481: 2.87844e-05
69482: 2.8784e-05
69483: 2.87836e-05
69484: 2.87832e-05
69485: 2.87828e-05
69486: 2.87824e-05
69487: 2.87819e-05
69488: 2.87815e-05
69489: 2.87811e-05
69490: 2.87807e-05
69491: 2.87803e-05
69492: 2.87799e-05
69493: 2.87795e-05
69494: 2.8779e-05
69495: 2.87786e-05
69496: 2.87782e-05
69497: 2.87778e-05
69498: 2.87774e-05
69499: 2.8777e-05
69500: 2.87766e-05
69501: 2.87762e-05
69502: 2.87757e-05
69503: 2.87753e-05
69504: 2.87749e-05
69505: 2.87745e-05
69506: 2.87741e-05
69507: 2.87737e-05
69508: 2.87733e-05
69509: 2.87728e-05
69510: 2.87724e-05
69511: 2.8772e-05
69512: 2.87716e-05
69513: 2.87712e-05
69514: 2.87708e-05
69515: 2.87704e-05
69516: 2.87699e-05
69517: 2.87695e-05
69518: 2.87691e-05
69519: 2.87687e-05
69520: 2.87683e-05
69521: 2.87679e-05
69522: 2.87675e-05
69523: 2.8767e-05
69524: 2.87666e-05
69525: 2.87662e-05
69526: 2.87658e-05
69527: 2.87654e-05
69528: 2.8765e-05
69529: 2.87646e-05
69530: 2.87641e-05
69531: 2.87637e-05
69532: 2.87633e-05
69533: 2.87629e-05
69534: 2.87625e-05
69535: 2.87621e-05
69536: 2.87617e-05
69537: 2.87613e-05
69538: 2.87608e-05
69539: 2.87604e-05
69540: 2.876e-05
69541: 2.87596e-05
69542: 2.87592e-05
69543: 2.87588e-05
69544: 2.87584e-05
69545: 2.87579e-05
69546: 2.87575e-05
69547: 2.87571e-05
69548: 2.87567e-05
69549: 2.87563e-05
69550: 2.87559e-05
69551: 2.87555e-05
69552: 2.87551e-05
69553: 2.87546e-05
69554: 2.87542e-05
69555: 2.87538e-05
69556: 2.87534e-05
69557: 2.8753e-05
69558: 2.87526e-05
69559: 2.87522e-05
69560: 2.87517e-05
69561: 2.87513e-05
69562: 2.87509e-05
69563: 2.87505e-05
69564: 2.87501e-05
69565: 2.87497e-05
69566: 2.87493e-05
69567: 2.87489e-05
69568: 2.87484e-05
69569: 2.8748e-05
69570: 2.87476e-05
69571: 2.87472e-05
69572: 2.87468e-05
69573: 2.87464e-05
69574: 2.8746e-05
69575: 2.87455e-05
69576: 2.87451e-05
69577: 2.87447e-05
69578: 2.87443e-05
69579: 2.87439e-05
69580: 2.87435e-05
69581: 2.87431e-05
69582: 2.87427e-05
69583: 2.87422e-05
69584: 2.87418e-05
69585: 2.87414e-05
69586: 2.8741e-05
69587: 2.87406e-05
69588: 2.87402e-05
69589: 2.87398e-05
69590: 2.87393e-05
69591: 2.87389e-05
69592: 2.87385e-05
69593: 2.87381e-05
69594: 2.87377e-05
69595: 2.87373e-05
69596: 2.87369e-05
69597: 2.87365e-05
69598: 2.8736e-05
69599: 2.87356e-05
69600: 2.87352e-05
69601: 2.87348e-05
69602: 2.87344e-05
69603: 2.8734e-05
69604: 2.87336e-05
69605: 2.87332e-05
69606: 2.87327e-05
69607: 2.87323e-05
69608: 2.87319e-05
69609: 2.87315e-05
69610: 2.87311e-05
69611: 2.87307e-05
69612: 2.87303e-05
69613: 2.87299e-05
69614: 2.87294e-05
69615: 2.8729e-05
69616: 2.87286e-05
69617: 2.87282e-05
69618: 2.87278e-05
69619: 2.87274e-05
69620: 2.8727e-05
69621: 2.87266e-05
69622: 2.87261e-05
69623: 2.87257e-05
69624: 2.87253e-05
69625: 2.87249e-05
69626: 2.87245e-05
69627: 2.87241e-05
69628: 2.87237e-05
69629: 2.87233e-05
69630: 2.87228e-05
69631: 2.87224e-05
69632: 2.8722e-05
69633: 2.87216e-05
69634: 2.87212e-05
69635: 2.87208e-05
69636: 2.87204e-05
69637: 2.872e-05
69638: 2.87195e-05
69639: 2.87191e-05
69640: 2.87187e-05
69641: 2.87183e-05
69642: 2.87179e-05
69643: 2.87175e-05
69644: 2.87171e-05
69645: 2.87167e-05
69646: 2.87162e-05
69647: 2.87158e-05
69648: 2.87154e-05
69649: 2.8715e-05
69650: 2.87146e-05
69651: 2.87142e-05
69652: 2.87138e-05
69653: 2.87134e-05
69654: 2.87129e-05
69655: 2.87125e-05
69656: 2.87121e-05
69657: 2.87117e-05
69658: 2.87113e-05
69659: 2.87109e-05
69660: 2.87105e-05
69661: 2.87101e-05
69662: 2.87096e-05
69663: 2.87092e-05
69664: 2.87088e-05
69665: 2.87084e-05
69666: 2.8708e-05
69667: 2.87076e-05
69668: 2.87072e-05
69669: 2.87068e-05
69670: 2.87063e-05
69671: 2.87059e-05
69672: 2.87055e-05
69673: 2.87051e-05
69674: 2.87047e-05
69675: 2.87043e-05
69676: 2.87039e-05
69677: 2.87035e-05
69678: 2.87031e-05
69679: 2.87026e-05
69680: 2.87022e-05
69681: 2.87018e-05
69682: 2.87014e-05
69683: 2.8701e-05
69684: 2.87006e-05
69685: 2.87002e-05
69686: 2.86998e-05
69687: 2.86993e-05
69688: 2.86989e-05
69689: 2.86985e-05
69690: 2.86981e-05
69691: 2.86977e-05
69692: 2.86973e-05
69693: 2.86969e-05
69694: 2.86965e-05
69695: 2.86961e-05
69696: 2.86956e-05
69697: 2.86952e-05
69698: 2.86948e-05
69699: 2.86944e-05
69700: 2.8694e-05
69701: 2.86936e-05
69702: 2.86932e-05
69703: 2.86928e-05
69704: 2.86923e-05
69705: 2.86919e-05
69706: 2.86915e-05
69707: 2.86911e-05
69708: 2.86907e-05
69709: 2.86903e-05
69710: 2.86899e-05
69711: 2.86895e-05
69712: 2.86891e-05
69713: 2.86886e-05
69714: 2.86882e-05
69715: 2.86878e-05
69716: 2.86874e-05
69717: 2.8687e-05
69718: 2.86866e-05
69719: 2.86862e-05
69720: 2.86858e-05
69721: 2.86854e-05
69722: 2.86849e-05
69723: 2.86845e-05
69724: 2.86841e-05
69725: 2.86837e-05
69726: 2.86833e-05
69727: 2.86829e-05
69728: 2.86825e-05
69729: 2.86821e-05
69730: 2.86816e-05
69731: 2.86812e-05
69732: 2.86808e-05
69733: 2.86804e-05
69734: 2.868e-05
69735: 2.86796e-05
69736: 2.86792e-05
69737: 2.86788e-05
69738: 2.86784e-05
69739: 2.86779e-05
69740: 2.86775e-05
69741: 2.86771e-05
69742: 2.86767e-05
69743: 2.86763e-05
69744: 2.86759e-05
69745: 2.86755e-05
69746: 2.86751e-05
69747: 2.86747e-05
69748: 2.86742e-05
69749: 2.86738e-05
69750: 2.86734e-05
69751: 2.8673e-05
69752: 2.86726e-05
69753: 2.86722e-05
69754: 2.86718e-05
69755: 2.86714e-05
69756: 2.8671e-05
69757: 2.86705e-05
69758: 2.86701e-05
69759: 2.86697e-05
69760: 2.86693e-05
69761: 2.86689e-05
69762: 2.86685e-05
69763: 2.86681e-05
69764: 2.86677e-05
69765: 2.86673e-05
69766: 2.86668e-05
69767: 2.86664e-05
69768: 2.8666e-05
69769: 2.86656e-05
69770: 2.86652e-05
69771: 2.86648e-05
69772: 2.86644e-05
69773: 2.8664e-05
69774: 2.86636e-05
69775: 2.86632e-05
69776: 2.86627e-05
69777: 2.86623e-05
69778: 2.86619e-05
69779: 2.86615e-05
69780: 2.86611e-05
69781: 2.86607e-05
69782: 2.86603e-05
69783: 2.86599e-05
69784: 2.86595e-05
69785: 2.8659e-05
69786: 2.86586e-05
69787: 2.86582e-05
69788: 2.86578e-05
69789: 2.86574e-05
69790: 2.8657e-05
69791: 2.86566e-05
69792: 2.86562e-05
69793: 2.86558e-05
69794: 2.86553e-05
69795: 2.86549e-05
69796: 2.86545e-05
69797: 2.86541e-05
69798: 2.86537e-05
69799: 2.86533e-05
69800: 2.86529e-05
69801: 2.86525e-05
69802: 2.86521e-05
69803: 2.86517e-05
69804: 2.86512e-05
69805: 2.86508e-05
69806: 2.86504e-05
69807: 2.865e-05
69808: 2.86496e-05
69809: 2.86492e-05
69810: 2.86488e-05
69811: 2.86484e-05
69812: 2.8648e-05
69813: 2.86475e-05
69814: 2.86471e-05
69815: 2.86467e-05
69816: 2.86463e-05
69817: 2.86459e-05
69818: 2.86455e-05
69819: 2.86451e-05
69820: 2.86447e-05
69821: 2.86443e-05
69822: 2.86439e-05
69823: 2.86434e-05
69824: 2.8643e-05
69825: 2.86426e-05
69826: 2.86422e-05
69827: 2.86418e-05
69828: 2.86414e-05
69829: 2.8641e-05
69830: 2.86406e-05
69831: 2.86402e-05
69832: 2.86398e-05
69833: 2.86393e-05
69834: 2.86389e-05
69835: 2.86385e-05
69836: 2.86381e-05
69837: 2.86377e-05
69838: 2.86373e-05
69839: 2.86369e-05
69840: 2.86365e-05
69841: 2.86361e-05
69842: 2.86357e-05
69843: 2.86352e-05
69844: 2.86348e-05
69845: 2.86344e-05
69846: 2.8634e-05
69847: 2.86336e-05
69848: 2.86332e-05
69849: 2.86328e-05
69850: 2.86324e-05
69851: 2.8632e-05
69852: 2.86316e-05
69853: 2.86311e-05
69854: 2.86307e-05
69855: 2.86303e-05
69856: 2.86299e-05
69857: 2.86295e-05
69858: 2.86291e-05
69859: 2.86287e-05
69860: 2.86283e-05
69861: 2.86279e-05
69862: 2.86275e-05
69863: 2.8627e-05
69864: 2.86266e-05
69865: 2.86262e-05
69866: 2.86258e-05
69867: 2.86254e-05
69868: 2.8625e-05
69869: 2.86246e-05
69870: 2.86242e-05
69871: 2.86238e-05
69872: 2.86234e-05
69873: 2.86229e-05
69874: 2.86225e-05
69875: 2.86221e-05
69876: 2.86217e-05
69877: 2.86213e-05
69878: 2.86209e-05
69879: 2.86205e-05
69880: 2.86201e-05
69881: 2.86197e-05
69882: 2.86193e-05
69883: 2.86189e-05
69884: 2.86184e-05
69885: 2.8618e-05
69886: 2.86176e-05
69887: 2.86172e-05
69888: 2.86168e-05
69889: 2.86164e-05
69890: 2.8616e-05
69891: 2.86156e-05
69892: 2.86152e-05
69893: 2.86148e-05
69894: 2.86144e-05
69895: 2.86139e-05
69896: 2.86135e-05
69897: 2.86131e-05
69898: 2.86127e-05
69899: 2.86123e-05
69900: 2.86119e-05
69901: 2.86115e-05
69902: 2.86111e-05
69903: 2.86107e-05
69904: 2.86103e-05
69905: 2.86098e-05
69906: 2.86094e-05
69907: 2.8609e-05
69908: 2.86086e-05
69909: 2.86082e-05
69910: 2.86078e-05
69911: 2.86074e-05
69912: 2.8607e-05
69913: 2.86066e-05
69914: 2.86062e-05
69915: 2.86058e-05
69916: 2.86053e-05
69917: 2.86049e-05
69918: 2.86045e-05
69919: 2.86041e-05
69920: 2.86037e-05
69921: 2.86033e-05
69922: 2.86029e-05
69923: 2.86025e-05
69924: 2.86021e-05
69925: 2.86017e-05
69926: 2.86013e-05
69927: 2.86008e-05
69928: 2.86004e-05
69929: 2.86e-05
69930: 2.85996e-05
69931: 2.85992e-05
69932: 2.85988e-05
69933: 2.85984e-05
69934: 2.8598e-05
69935: 2.85976e-05
69936: 2.85972e-05
69937: 2.85968e-05
69938: 2.85963e-05
69939: 2.85959e-05
69940: 2.85955e-05
69941: 2.85951e-05
69942: 2.85947e-05
69943: 2.85943e-05
69944: 2.85939e-05
69945: 2.85935e-05
69946: 2.85931e-05
69947: 2.85927e-05
69948: 2.85923e-05
69949: 2.85919e-05
69950: 2.85914e-05
69951: 2.8591e-05
69952: 2.85906e-05
69953: 2.85902e-05
69954: 2.85898e-05
69955: 2.85894e-05
69956: 2.8589e-05
69957: 2.85886e-05
69958: 2.85882e-05
69959: 2.85878e-05
69960: 2.85874e-05
69961: 2.85869e-05
69962: 2.85865e-05
69963: 2.85861e-05
69964: 2.85857e-05
69965: 2.85853e-05
69966: 2.85849e-05
69967: 2.85845e-05
69968: 2.85841e-05
69969: 2.85837e-05
69970: 2.85833e-05
69971: 2.85829e-05
69972: 2.85825e-05
69973: 2.8582e-05
69974: 2.85816e-05
69975: 2.85812e-05
69976: 2.85808e-05
69977: 2.85804e-05
69978: 2.858e-05
69979: 2.85796e-05
69980: 2.85792e-05
69981: 2.85788e-05
69982: 2.85784e-05
69983: 2.8578e-05
69984: 2.85776e-05
69985: 2.85771e-05
69986: 2.85767e-05
69987: 2.85763e-05
69988: 2.85759e-05
69989: 2.85755e-05
69990: 2.85751e-05
69991: 2.85747e-05
69992: 2.85743e-05
69993: 2.85739e-05
69994: 2.85735e-05
69995: 2.85731e-05
69996: 2.85727e-05
69997: 2.85722e-05
69998: 2.85718e-05
69999: 2.85714e-05
70000: 2.8571e-05
70001: 2.85706e-05
70002: 2.85702e-05
70003: 2.85698e-05
70004: 2.85694e-05
70005: 2.8569e-05
70006: 2.85686e-05
70007: 2.85682e-05
70008: 2.85678e-05
70009: 2.85673e-05
70010: 2.85669e-05
70011: 2.85665e-05
70012: 2.85661e-05
70013: 2.85657e-05
70014: 2.85653e-05
70015: 2.85649e-05
70016: 2.85645e-05
70017: 2.85641e-05
70018: 2.85637e-05
70019: 2.85633e-05
70020: 2.85629e-05
70021: 2.85625e-05
70022: 2.8562e-05
70023: 2.85616e-05
70024: 2.85612e-05
70025: 2.85608e-05
70026: 2.85604e-05
70027: 2.856e-05
70028: 2.85596e-05
70029: 2.85592e-05
70030: 2.85588e-05
70031: 2.85584e-05
70032: 2.8558e-05
70033: 2.85576e-05
70034: 2.85571e-05
70035: 2.85567e-05
70036: 2.85563e-05
70037: 2.85559e-05
70038: 2.85555e-05
70039: 2.85551e-05
70040: 2.85547e-05
70041: 2.85543e-05
70042: 2.85539e-05
70043: 2.85535e-05
70044: 2.85531e-05
70045: 2.85527e-05
70046: 2.85523e-05
70047: 2.85519e-05
70048: 2.85514e-05
70049: 2.8551e-05
70050: 2.85506e-05
70051: 2.85502e-05
70052: 2.85498e-05
70053: 2.85494e-05
70054: 2.8549e-05
70055: 2.85486e-05
70056: 2.85482e-05
70057: 2.85478e-05
70058: 2.85474e-05
70059: 2.8547e-05
70060: 2.85466e-05
70061: 2.85461e-05
70062: 2.85457e-05
70063: 2.85453e-05
70064: 2.85449e-05
70065: 2.85445e-05
70066: 2.85441e-05
70067: 2.85437e-05
70068: 2.85433e-05
70069: 2.85429e-05
70070: 2.85425e-05
70071: 2.85421e-05
70072: 2.85417e-05
70073: 2.85413e-05
70074: 2.85408e-05
70075: 2.85404e-05
70076: 2.854e-05
70077: 2.85396e-05
70078: 2.85392e-05
70079: 2.85388e-05
70080: 2.85384e-05
70081: 2.8538e-05
70082: 2.85376e-05
70083: 2.85372e-05
70084: 2.85368e-05
70085: 2.85364e-05
70086: 2.8536e-05
70087: 2.85356e-05
70088: 2.85351e-05
70089: 2.85347e-05
70090: 2.85343e-05
70091: 2.85339e-05
70092: 2.85335e-05
70093: 2.85331e-05
70094: 2.85327e-05
70095: 2.85323e-05
70096: 2.85319e-05
70097: 2.85315e-05
70098: 2.85311e-05
70099: 2.85307e-05
70100: 2.85303e-05
70101: 2.85299e-05
70102: 2.85294e-05
70103: 2.8529e-05
70104: 2.85286e-05
70105: 2.85282e-05
70106: 2.85278e-05
70107: 2.85274e-05
70108: 2.8527e-05
70109: 2.85266e-05
70110: 2.85262e-05
70111: 2.85258e-05
70112: 2.85254e-05
70113: 2.8525e-05
70114: 2.85246e-05
70115: 2.85242e-05
70116: 2.85238e-05
70117: 2.85233e-05
70118: 2.85229e-05
70119: 2.85225e-05
70120: 2.85221e-05
70121: 2.85217e-05
70122: 2.85213e-05
70123: 2.85209e-05
70124: 2.85205e-05
70125: 2.85201e-05
70126: 2.85197e-05
70127: 2.85193e-05
70128: 2.85189e-05
70129: 2.85185e-05
70130: 2.85181e-05
70131: 2.85177e-05
70132: 2.85172e-05
70133: 2.85168e-05
70134: 2.85164e-05
70135: 2.8516e-05
70136: 2.85156e-05
70137: 2.85152e-05
70138: 2.85148e-05
70139: 2.85144e-05
70140: 2.8514e-05
70141: 2.85136e-05
70142: 2.85132e-05
70143: 2.85128e-05
70144: 2.85124e-05
70145: 2.8512e-05
70146: 2.85116e-05
70147: 2.85111e-05
70148: 2.85107e-05
70149: 2.85103e-05
70150: 2.85099e-05
70151: 2.85095e-05
70152: 2.85091e-05
70153: 2.85087e-05
70154: 2.85083e-05
70155: 2.85079e-05
70156: 2.85075e-05
70157: 2.85071e-05
70158: 2.85067e-05
70159: 2.85063e-05
70160: 2.85059e-05
70161: 2.85055e-05
70162: 2.85051e-05
70163: 2.85046e-05
70164: 2.85042e-05
70165: 2.85038e-05
70166: 2.85034e-05
70167: 2.8503e-05
70168: 2.85026e-05
70169: 2.85022e-05
70170: 2.85018e-05
70171: 2.85014e-05
70172: 2.8501e-05
70173: 2.85006e-05
70174: 2.85002e-05
70175: 2.84998e-05
70176: 2.84994e-05
70177: 2.8499e-05
70178: 2.84986e-05
70179: 2.84981e-05
70180: 2.84977e-05
70181: 2.84973e-05
70182: 2.84969e-05
70183: 2.84965e-05
70184: 2.84961e-05
70185: 2.84957e-05
70186: 2.84953e-05
70187: 2.84949e-05
70188: 2.84945e-05
70189: 2.84941e-05
70190: 2.84937e-05
70191: 2.84933e-05
70192: 2.84929e-05
70193: 2.84925e-05
70194: 2.84921e-05
70195: 2.84917e-05
70196: 2.84912e-05
70197: 2.84908e-05
70198: 2.84904e-05
70199: 2.849e-05
70200: 2.84896e-05
70201: 2.84892e-05
70202: 2.84888e-05
70203: 2.84884e-05
70204: 2.8488e-05
70205: 2.84876e-05
70206: 2.84872e-05
70207: 2.84868e-05
70208: 2.84864e-05
70209: 2.8486e-05
70210: 2.84856e-05
70211: 2.84852e-05
70212: 2.84848e-05
70213: 2.84843e-05
70214: 2.84839e-05
70215: 2.84835e-05
70216: 2.84831e-05
70217: 2.84827e-05
70218: 2.84823e-05
70219: 2.84819e-05
70220: 2.84815e-05
70221: 2.84811e-05
70222: 2.84807e-05
70223: 2.84803e-05
70224: 2.84799e-05
70225: 2.84795e-05
70226: 2.84791e-05
70227: 2.84787e-05
70228: 2.84783e-05
70229: 2.84779e-05
70230: 2.84775e-05
70231: 2.8477e-05
70232: 2.84766e-05
70233: 2.84762e-05
70234: 2.84758e-05
70235: 2.84754e-05
70236: 2.8475e-05
70237: 2.84746e-05
70238: 2.84742e-05
70239: 2.84738e-05
70240: 2.84734e-05
70241: 2.8473e-05
70242: 2.84726e-05
70243: 2.84722e-05
70244: 2.84718e-05
70245: 2.84714e-05
70246: 2.8471e-05
70247: 2.84706e-05
70248: 2.84702e-05
70249: 2.84698e-05
70250: 2.84693e-05
70251: 2.84689e-05
70252: 2.84685e-05
70253: 2.84681e-05
70254: 2.84677e-05
70255: 2.84673e-05
70256: 2.84669e-05
70257: 2.84665e-05
70258: 2.84661e-05
70259: 2.84657e-05
70260: 2.84653e-05
70261: 2.84649e-05
70262: 2.84645e-05
70263: 2.84641e-05
70264: 2.84637e-05
70265: 2.84633e-05
70266: 2.84629e-05
70267: 2.84625e-05
70268: 2.84621e-05
70269: 2.84616e-05
70270: 2.84612e-05
70271: 2.84608e-05
70272: 2.84604e-05
70273: 2.846e-05
70274: 2.84596e-05
70275: 2.84592e-05
70276: 2.84588e-05
70277: 2.84584e-05
70278: 2.8458e-05
70279: 2.84576e-05
70280: 2.84572e-05
70281: 2.84568e-05
70282: 2.84564e-05
70283: 2.8456e-05
70284: 2.84556e-05
70285: 2.84552e-05
70286: 2.84548e-05
70287: 2.84544e-05
70288: 2.8454e-05
70289: 2.84535e-05
70290: 2.84531e-05
70291: 2.84527e-05
70292: 2.84523e-05
70293: 2.84519e-05
70294: 2.84515e-05
70295: 2.84511e-05
70296: 2.84507e-05
70297: 2.84503e-05
70298: 2.84499e-05
70299: 2.84495e-05
70300: 2.84491e-05
70301: 2.84487e-05
70302: 2.84483e-05
70303: 2.84479e-05
70304: 2.84475e-05
70305: 2.84471e-05
70306: 2.84467e-05
70307: 2.84463e-05
70308: 2.84459e-05
70309: 2.84455e-05
70310: 2.84451e-05
70311: 2.84446e-05
70312: 2.84442e-05
70313: 2.84438e-05
70314: 2.84434e-05
70315: 2.8443e-05
70316: 2.84426e-05
70317: 2.84422e-05
70318: 2.84418e-05
70319: 2.84414e-05
70320: 2.8441e-05
70321: 2.84406e-05
70322: 2.84402e-05
70323: 2.84398e-05
70324: 2.84394e-05
70325: 2.8439e-05
70326: 2.84386e-05
70327: 2.84382e-05
70328: 2.84378e-05
70329: 2.84374e-05
70330: 2.8437e-05
70331: 2.84366e-05
70332: 2.84362e-05
70333: 2.84357e-05
70334: 2.84353e-05
70335: 2.84349e-05
70336: 2.84345e-05
70337: 2.84341e-05
70338: 2.84337e-05
70339: 2.84333e-05
70340: 2.84329e-05
70341: 2.84325e-05
70342: 2.84321e-05
70343: 2.84317e-05
70344: 2.84313e-05
70345: 2.84309e-05
70346: 2.84305e-05
70347: 2.84301e-05
70348: 2.84297e-05
70349: 2.84293e-05
70350: 2.84289e-05
70351: 2.84285e-05
70352: 2.84281e-05
70353: 2.84277e-05
70354: 2.84273e-05
70355: 2.84269e-05
70356: 2.84265e-05
70357: 2.8426e-05
70358: 2.84256e-05
70359: 2.84252e-05
70360: 2.84248e-05
70361: 2.84244e-05
70362: 2.8424e-05
70363: 2.84236e-05
70364: 2.84232e-05
70365: 2.84228e-05
70366: 2.84224e-05
70367: 2.8422e-05
70368: 2.84216e-05
70369: 2.84212e-05
70370: 2.84208e-05
70371: 2.84204e-05
70372: 2.842e-05
70373: 2.84196e-05
70374: 2.84192e-05
70375: 2.84188e-05
70376: 2.84184e-05
70377: 2.8418e-05
70378: 2.84176e-05
70379: 2.84172e-05
70380: 2.84168e-05
70381: 2.84164e-05
70382: 2.8416e-05
70383: 2.84155e-05
70384: 2.84151e-05
70385: 2.84147e-05
70386: 2.84143e-05
70387: 2.84139e-05
70388: 2.84135e-05
70389: 2.84131e-05
70390: 2.84127e-05
70391: 2.84123e-05
70392: 2.84119e-05
70393: 2.84115e-05
70394: 2.84111e-05
70395: 2.84107e-05
70396: 2.84103e-05
70397: 2.84099e-05
70398: 2.84095e-05
70399: 2.84091e-05
70400: 2.84087e-05
70401: 2.84083e-05
70402: 2.84079e-05
70403: 2.84075e-05
70404: 2.84071e-05
70405: 2.84067e-05
70406: 2.84063e-05
70407: 2.84059e-05
70408: 2.84055e-05
70409: 2.84051e-05
70410: 2.84047e-05
70411: 2.84042e-05
70412: 2.84038e-05
70413: 2.84034e-05
70414: 2.8403e-05
70415: 2.84026e-05
70416: 2.84022e-05
70417: 2.84018e-05
70418: 2.84014e-05
70419: 2.8401e-05
70420: 2.84006e-05
70421: 2.84002e-05
70422: 2.83998e-05
70423: 2.83994e-05
70424: 2.8399e-05
70425: 2.83986e-05
70426: 2.83982e-05
70427: 2.83978e-05
70428: 2.83974e-05
70429: 2.8397e-05
70430: 2.83966e-05
70431: 2.83962e-05
70432: 2.83958e-05
70433: 2.83954e-05
70434: 2.8395e-05
70435: 2.83946e-05
70436: 2.83942e-05
70437: 2.83938e-05
70438: 2.83934e-05
70439: 2.8393e-05
70440: 2.83926e-05
70441: 2.83922e-05
70442: 2.83917e-05
70443: 2.83913e-05
70444: 2.83909e-05
70445: 2.83905e-05
70446: 2.83901e-05
70447: 2.83897e-05
70448: 2.83893e-05
70449: 2.83889e-05
70450: 2.83885e-05
70451: 2.83881e-05
70452: 2.83877e-05
70453: 2.83873e-05
70454: 2.83869e-05
70455: 2.83865e-05
70456: 2.83861e-05
70457: 2.83857e-05
70458: 2.83853e-05
70459: 2.83849e-05
70460: 2.83845e-05
70461: 2.83841e-05
70462: 2.83837e-05
70463: 2.83833e-05
70464: 2.83829e-05
70465: 2.83825e-05
70466: 2.83821e-05
70467: 2.83817e-05
70468: 2.83813e-05
70469: 2.83809e-05
70470: 2.83805e-05
70471: 2.83801e-05
70472: 2.83797e-05
70473: 2.83793e-05
70474: 2.83789e-05
70475: 2.83785e-05
70476: 2.83781e-05
70477: 2.83776e-05
70478: 2.83772e-05
70479: 2.83768e-05
70480: 2.83764e-05
70481: 2.8376e-05
70482: 2.83756e-05
70483: 2.83752e-05
70484: 2.83748e-05
70485: 2.83744e-05
70486: 2.8374e-05
70487: 2.83736e-05
70488: 2.83732e-05
70489: 2.83728e-05
70490: 2.83724e-05
70491: 2.8372e-05
70492: 2.83716e-05
70493: 2.83712e-05
70494: 2.83708e-05
70495: 2.83704e-05
70496: 2.837e-05
70497: 2.83696e-05
70498: 2.83692e-05
70499: 2.83688e-05
70500: 2.83684e-05
70501: 2.8368e-05
70502: 2.83676e-05
70503: 2.83672e-05
70504: 2.83668e-05
70505: 2.83664e-05
70506: 2.8366e-05
70507: 2.83656e-05
70508: 2.83652e-05
70509: 2.83648e-05
70510: 2.83644e-05
70511: 2.8364e-05
70512: 2.83636e-05
70513: 2.83632e-05
70514: 2.83628e-05
70515: 2.83624e-05
70516: 2.8362e-05
70517: 2.83616e-05
70518: 2.83612e-05
70519: 2.83607e-05
70520: 2.83603e-05
70521: 2.83599e-05
70522: 2.83595e-05
70523: 2.83591e-05
70524: 2.83587e-05
70525: 2.83583e-05
70526: 2.83579e-05
70527: 2.83575e-05
70528: 2.83571e-05
70529: 2.83567e-05
70530: 2.83563e-05
70531: 2.83559e-05
70532: 2.83555e-05
70533: 2.83551e-05
70534: 2.83547e-05
70535: 2.83543e-05
70536: 2.83539e-05
70537: 2.83535e-05
70538: 2.83531e-05
70539: 2.83527e-05
70540: 2.83523e-05
70541: 2.83519e-05
70542: 2.83515e-05
70543: 2.83511e-05
70544: 2.83507e-05
70545: 2.83503e-05
70546: 2.83499e-05
70547: 2.83495e-05
70548: 2.83491e-05
70549: 2.83487e-05
70550: 2.83483e-05
70551: 2.83479e-05
70552: 2.83475e-05
70553: 2.83471e-05
70554: 2.83467e-05
70555: 2.83463e-05
70556: 2.83459e-05
70557: 2.83455e-05
70558: 2.83451e-05
70559: 2.83447e-05
70560: 2.83443e-05
70561: 2.83439e-05
70562: 2.83435e-05
70563: 2.83431e-05
70564: 2.83427e-05
70565: 2.83423e-05
70566: 2.83419e-05
70567: 2.83415e-05
70568: 2.83411e-05
70569: 2.83407e-05
70570: 2.83403e-05
70571: 2.83399e-05
70572: 2.83394e-05
70573: 2.8339e-05
70574: 2.83386e-05
70575: 2.83382e-05
70576: 2.83378e-05
70577: 2.83374e-05
70578: 2.8337e-05
70579: 2.83366e-05
70580: 2.83362e-05
70581: 2.83358e-05
70582: 2.83354e-05
70583: 2.8335e-05
70584: 2.83346e-05
70585: 2.83342e-05
70586: 2.83338e-05
70587: 2.83334e-05
70588: 2.8333e-05
70589: 2.83326e-05
70590: 2.83322e-05
70591: 2.83318e-05
70592: 2.83314e-05
70593: 2.8331e-05
70594: 2.83306e-05
70595: 2.83302e-05
70596: 2.83298e-05
70597: 2.83294e-05
70598: 2.8329e-05
70599: 2.83286e-05
70600: 2.83282e-05
70601: 2.83278e-05
70602: 2.83274e-05
70603: 2.8327e-05
70604: 2.83266e-05
70605: 2.83262e-05
70606: 2.83258e-05
70607: 2.83254e-05
70608: 2.8325e-05
70609: 2.83246e-05
70610: 2.83242e-05
70611: 2.83238e-05
70612: 2.83234e-05
70613: 2.8323e-05
70614: 2.83226e-05
70615: 2.83222e-05
70616: 2.83218e-05
70617: 2.83214e-05
70618: 2.8321e-05
70619: 2.83206e-05
70620: 2.83202e-05
70621: 2.83198e-05
70622: 2.83194e-05
70623: 2.8319e-05
70624: 2.83186e-05
70625: 2.83182e-05
70626: 2.83178e-05
70627: 2.83174e-05
70628: 2.8317e-05
70629: 2.83166e-05
70630: 2.83162e-05
70631: 2.83158e-05
70632: 2.83154e-05
70633: 2.8315e-05
70634: 2.83146e-05
70635: 2.83142e-05
70636: 2.83138e-05
70637: 2.83134e-05
70638: 2.8313e-05
70639: 2.83126e-05
70640: 2.83122e-05
70641: 2.83118e-05
70642: 2.83114e-05
70643: 2.8311e-05
70644: 2.83106e-05
70645: 2.83102e-05
70646: 2.83098e-05
70647: 2.83094e-05
70648: 2.8309e-05
70649: 2.83086e-05
70650: 2.83082e-05
70651: 2.83078e-05
70652: 2.83074e-05
70653: 2.8307e-05
70654: 2.83066e-05
70655: 2.83062e-05
70656: 2.83058e-05
70657: 2.83054e-05
70658: 2.8305e-05
70659: 2.83046e-05
70660: 2.83042e-05
70661: 2.83038e-05
70662: 2.83034e-05
70663: 2.8303e-05
70664: 2.83026e-05
70665: 2.83022e-05
70666: 2.83018e-05
70667: 2.83014e-05
70668: 2.8301e-05
70669: 2.83006e-05
70670: 2.83002e-05
70671: 2.82998e-05
70672: 2.82994e-05
70673: 2.8299e-05
70674: 2.82985e-05
70675: 2.82981e-05
70676: 2.82977e-05
70677: 2.82973e-05
70678: 2.82969e-05
70679: 2.82965e-05
70680: 2.82961e-05
70681: 2.82957e-05
70682: 2.82953e-05
70683: 2.82949e-05
70684: 2.82945e-05
70685: 2.82941e-05
70686: 2.82937e-05
70687: 2.82933e-05
70688: 2.82929e-05
70689: 2.82925e-05
70690: 2.82921e-05
70691: 2.82917e-05
70692: 2.82913e-05
70693: 2.82909e-05
70694: 2.82905e-05
70695: 2.82901e-05
70696: 2.82897e-05
70697: 2.82893e-05
70698: 2.82889e-05
70699: 2.82885e-05
70700: 2.82881e-05
70701: 2.82877e-05
70702: 2.82873e-05
70703: 2.82869e-05
70704: 2.82865e-05
70705: 2.82861e-05
70706: 2.82857e-05
70707: 2.82853e-05
70708: 2.82849e-05
70709: 2.82845e-05
70710: 2.82841e-05
70711: 2.82837e-05
70712: 2.82833e-05
70713: 2.82829e-05
70714: 2.82825e-05
70715: 2.82821e-05
70716: 2.82817e-05
70717: 2.82813e-05
70718: 2.82809e-05
70719: 2.82805e-05
70720: 2.82801e-05
70721: 2.82797e-05
70722: 2.82793e-05
70723: 2.82789e-05
70724: 2.82785e-05
70725: 2.82781e-05
70726: 2.82777e-05
70727: 2.82773e-05
70728: 2.82769e-05
70729: 2.82765e-05
70730: 2.82761e-05
70731: 2.82757e-05
70732: 2.82753e-05
70733: 2.82749e-05
70734: 2.82745e-05
70735: 2.82741e-05
70736: 2.82737e-05
70737: 2.82733e-05
70738: 2.82729e-05
70739: 2.82725e-05
70740: 2.82721e-05
70741: 2.82717e-05
70742: 2.82713e-05
70743: 2.82709e-05
70744: 2.82705e-05
70745: 2.82701e-05
70746: 2.82697e-05
70747: 2.82694e-05
70748: 2.8269e-05
70749: 2.82686e-05
70750: 2.82682e-05
70751: 2.82678e-05
70752: 2.82674e-05
70753: 2.8267e-05
70754: 2.82666e-05
70755: 2.82662e-05
70756: 2.82658e-05
70757: 2.82654e-05
70758: 2.8265e-05
70759: 2.82646e-05
70760: 2.82642e-05
70761: 2.82638e-05
70762: 2.82634e-05
70763: 2.8263e-05
70764: 2.82626e-05
70765: 2.82622e-05
70766: 2.82618e-05
70767: 2.82614e-05
70768: 2.8261e-05
70769: 2.82606e-05
70770: 2.82602e-05
70771: 2.82598e-05
70772: 2.82594e-05
70773: 2.8259e-05
70774: 2.82586e-05
70775: 2.82582e-05
70776: 2.82578e-05
70777: 2.82574e-05
70778: 2.8257e-05
70779: 2.82566e-05
70780: 2.82562e-05
70781: 2.82558e-05
70782: 2.82554e-05
70783: 2.8255e-05
70784: 2.82546e-05
70785: 2.82542e-05
70786: 2.82538e-05
70787: 2.82534e-05
70788: 2.8253e-05
70789: 2.82526e-05
70790: 2.82522e-05
70791: 2.82518e-05
70792: 2.82514e-05
70793: 2.8251e-05
70794: 2.82506e-05
70795: 2.82502e-05
70796: 2.82498e-05
70797: 2.82494e-05
70798: 2.8249e-05
70799: 2.82486e-05
70800: 2.82482e-05
70801: 2.82478e-05
70802: 2.82474e-05
70803: 2.8247e-05
70804: 2.82466e-05
70805: 2.82462e-05
70806: 2.82458e-05
70807: 2.82454e-05
70808: 2.8245e-05
70809: 2.82446e-05
70810: 2.82442e-05
70811: 2.82438e-05
70812: 2.82434e-05
70813: 2.8243e-05
70814: 2.82426e-05
70815: 2.82422e-05
70816: 2.82418e-05
70817: 2.82414e-05
70818: 2.8241e-05
70819: 2.82406e-05
70820: 2.82402e-05
70821: 2.82398e-05
70822: 2.82394e-05
70823: 2.8239e-05
70824: 2.82386e-05
70825: 2.82382e-05
70826: 2.82378e-05
70827: 2.82374e-05
70828: 2.8237e-05
70829: 2.82366e-05
70830: 2.82362e-05
70831: 2.82358e-05
70832: 2.82354e-05
70833: 2.8235e-05
70834: 2.82346e-05
70835: 2.82342e-05
70836: 2.82338e-05
70837: 2.82334e-05
70838: 2.8233e-05
70839: 2.82326e-05
70840: 2.82322e-05
70841: 2.82318e-05
70842: 2.82314e-05
70843: 2.8231e-05
70844: 2.82306e-05
70845: 2.82302e-05
70846: 2.82298e-05
70847: 2.82294e-05
70848: 2.82291e-05
70849: 2.82287e-05
70850: 2.82283e-05
70851: 2.82279e-05
70852: 2.82275e-05
70853: 2.82271e-05
70854: 2.82267e-05
70855: 2.82263e-05
70856: 2.82259e-05
70857: 2.82255e-05
70858: 2.82251e-05
70859: 2.82247e-05
70860: 2.82243e-05
70861: 2.82239e-05
70862: 2.82235e-05
70863: 2.82231e-05
70864: 2.82227e-05
70865: 2.82223e-05
70866: 2.82219e-05
70867: 2.82215e-05
70868: 2.82211e-05
70869: 2.82207e-05
70870: 2.82203e-05
70871: 2.82199e-05
70872: 2.82195e-05
70873: 2.82191e-05
70874: 2.82187e-05
70875: 2.82183e-05
70876: 2.82179e-05
70877: 2.82175e-05
70878: 2.82171e-05
70879: 2.82167e-05
70880: 2.82163e-05
70881: 2.82159e-05
70882: 2.82155e-05
70883: 2.82151e-05
70884: 2.82147e-05
70885: 2.82143e-05
70886: 2.82139e-05
70887: 2.82135e-05
70888: 2.82131e-05
70889: 2.82127e-05
70890: 2.82123e-05
70891: 2.82119e-05
70892: 2.82115e-05
70893: 2.82111e-05
70894: 2.82107e-05
70895: 2.82103e-05
70896: 2.82099e-05
70897: 2.82095e-05
70898: 2.82091e-05
70899: 2.82087e-05
70900: 2.82083e-05
70901: 2.82079e-05
70902: 2.82076e-05
70903: 2.82072e-05
70904: 2.82068e-05
70905: 2.82064e-05
70906: 2.8206e-05
70907: 2.82056e-05
70908: 2.82052e-05
70909: 2.82048e-05
70910: 2.82044e-05
70911: 2.8204e-05
70912: 2.82036e-05
70913: 2.82032e-05
70914: 2.82028e-05
70915: 2.82024e-05
70916: 2.8202e-05
70917: 2.82016e-05
70918: 2.82012e-05
70919: 2.82008e-05
70920: 2.82004e-05
70921: 2.82e-05
70922: 2.81996e-05
70923: 2.81992e-05
70924: 2.81988e-05
70925: 2.81984e-05
70926: 2.8198e-05
70927: 2.81976e-05
70928: 2.81972e-05
70929: 2.81968e-05
70930: 2.81964e-05
70931: 2.8196e-05
70932: 2.81956e-05
70933: 2.81952e-05
70934: 2.81948e-05
70935: 2.81944e-05
70936: 2.8194e-05
70937: 2.81936e-05
70938: 2.81932e-05
70939: 2.81928e-05
70940: 2.81924e-05
70941: 2.8192e-05
70942: 2.81916e-05
70943: 2.81912e-05
70944: 2.81909e-05
70945: 2.81905e-05
70946: 2.81901e-05
70947: 2.81897e-05
70948: 2.81893e-05
70949: 2.81889e-05
70950: 2.81885e-05
70951: 2.81881e-05
70952: 2.81877e-05
70953: 2.81873e-05
70954: 2.81869e-05
70955: 2.81865e-05
70956: 2.81861e-05
70957: 2.81857e-05
70958: 2.81853e-05
70959: 2.81849e-05
70960: 2.81845e-05
70961: 2.81841e-05
70962: 2.81837e-05
70963: 2.81833e-05
70964: 2.81829e-05
70965: 2.81825e-05
70966: 2.81821e-05
70967: 2.81817e-05
70968: 2.81813e-05
70969: 2.81809e-05
70970: 2.81805e-05
70971: 2.81801e-05
70972: 2.81797e-05
70973: 2.81793e-05
70974: 2.81789e-05
70975: 2.81785e-05
70976: 2.81781e-05
70977: 2.81777e-05
70978: 2.81773e-05
70979: 2.8177e-05
70980: 2.81766e-05
70981: 2.81762e-05
70982: 2.81758e-05
70983: 2.81754e-05
70984: 2.8175e-05
70985: 2.81746e-05
70986: 2.81742e-05
70987: 2.81738e-05
70988: 2.81734e-05
70989: 2.8173e-05
70990: 2.81726e-05
70991: 2.81722e-05
70992: 2.81718e-05
70993: 2.81714e-05
70994: 2.8171e-05
70995: 2.81706e-05
70996: 2.81702e-05
70997: 2.81698e-05
70998: 2.81694e-05
70999: 2.8169e-05
71000: 2.81686e-05
71001: 2.81682e-05
71002: 2.81678e-05
71003: 2.81674e-05
71004: 2.8167e-05
71005: 2.81666e-05
71006: 2.81662e-05
71007: 2.81658e-05
71008: 2.81654e-05
71009: 2.8165e-05
71010: 2.81647e-05
71011: 2.81643e-05
71012: 2.81639e-05
71013: 2.81635e-05
71014: 2.81631e-05
71015: 2.81627e-05
71016: 2.81623e-05
71017: 2.81619e-05
71018: 2.81615e-05
71019: 2.81611e-05
71020: 2.81607e-05
71021: 2.81603e-05
71022: 2.81599e-05
71023: 2.81595e-05
71024: 2.81591e-05
71025: 2.81587e-05
71026: 2.81583e-05
71027: 2.81579e-05
71028: 2.81575e-05
71029: 2.81571e-05
71030: 2.81567e-05
71031: 2.81563e-05
71032: 2.81559e-05
71033: 2.81555e-05
71034: 2.81551e-05
71035: 2.81547e-05
71036: 2.81543e-05
71037: 2.81539e-05
71038: 2.81535e-05
71039: 2.81532e-05
71040: 2.81528e-05
71041: 2.81524e-05
71042: 2.8152e-05
71043: 2.81516e-05
71044: 2.81512e-05
71045: 2.81508e-05
71046: 2.81504e-05
71047: 2.815e-05
71048: 2.81496e-05
71049: 2.81492e-05
71050: 2.81488e-05
71051: 2.81484e-05
71052: 2.8148e-05
71053: 2.81476e-05
71054: 2.81472e-05
71055: 2.81468e-05
71056: 2.81464e-05
71057: 2.8146e-05
71058: 2.81456e-05
71059: 2.81452e-05
71060: 2.81448e-05
71061: 2.81444e-05
71062: 2.8144e-05
71063: 2.81436e-05
71064: 2.81432e-05
71065: 2.81429e-05
71066: 2.81425e-05
71067: 2.81421e-05
71068: 2.81417e-05
71069: 2.81413e-05
71070: 2.81409e-05
71071: 2.81405e-05
71072: 2.81401e-05
71073: 2.81397e-05
71074: 2.81393e-05
71075: 2.81389e-05
71076: 2.81385e-05
71077: 2.81381e-05
71078: 2.81377e-05
71079: 2.81373e-05
71080: 2.81369e-05
71081: 2.81365e-05
71082: 2.81361e-05
71083: 2.81357e-05
71084: 2.81353e-05
71085: 2.81349e-05
71086: 2.81345e-05
71087: 2.81341e-05
71088: 2.81337e-05
71089: 2.81334e-05
71090: 2.8133e-05
71091: 2.81326e-05
71092: 2.81322e-05
71093: 2.81318e-05
71094: 2.81314e-05
71095: 2.8131e-05
71096: 2.81306e-05
71097: 2.81302e-05
71098: 2.81298e-05
71099: 2.81294e-05
71100: 2.8129e-05
71101: 2.81286e-05
71102: 2.81282e-05
71103: 2.81278e-05
71104: 2.81274e-05
71105: 2.8127e-05
71106: 2.81266e-05
71107: 2.81262e-05
71108: 2.81258e-05
71109: 2.81254e-05
71110: 2.8125e-05
71111: 2.81246e-05
71112: 2.81243e-05
71113: 2.81239e-05
71114: 2.81235e-05
71115: 2.81231e-05
71116: 2.81227e-05
71117: 2.81223e-05
71118: 2.81219e-05
71119: 2.81215e-05
71120: 2.81211e-05
71121: 2.81207e-05
71122: 2.81203e-05
71123: 2.81199e-05
71124: 2.81195e-05
71125: 2.81191e-05
71126: 2.81187e-05
71127: 2.81183e-05
71128: 2.81179e-05
71129: 2.81175e-05
71130: 2.81171e-05
71131: 2.81167e-05
71132: 2.81163e-05
71133: 2.8116e-05
71134: 2.81156e-05
71135: 2.81152e-05
71136: 2.81148e-05
71137: 2.81144e-05
71138: 2.8114e-05
71139: 2.81136e-05
71140: 2.81132e-05
71141: 2.81128e-05
71142: 2.81124e-05
71143: 2.8112e-05
71144: 2.81116e-05
71145: 2.81112e-05
71146: 2.81108e-05
71147: 2.81104e-05
71148: 2.811e-05
71149: 2.81096e-05
71150: 2.81092e-05
71151: 2.81088e-05
71152: 2.81084e-05
71153: 2.8108e-05
71154: 2.81077e-05
71155: 2.81073e-05
71156: 2.81069e-05
71157: 2.81065e-05
71158: 2.81061e-05
71159: 2.81057e-05
71160: 2.81053e-05
71161: 2.81049e-05
71162: 2.81045e-05
71163: 2.81041e-05
71164: 2.81037e-05
71165: 2.81033e-05
71166: 2.81029e-05
71167: 2.81025e-05
71168: 2.81021e-05
71169: 2.81017e-05
71170: 2.81013e-05
71171: 2.81009e-05
71172: 2.81005e-05
71173: 2.81001e-05
71174: 2.80998e-05
71175: 2.80994e-05
71176: 2.8099e-05
71177: 2.80986e-05
71178: 2.80982e-05
71179: 2.80978e-05
71180: 2.80974e-05
71181: 2.8097e-05
71182: 2.80966e-05
71183: 2.80962e-05
71184: 2.80958e-05
71185: 2.80954e-05
71186: 2.8095e-05
71187: 2.80946e-05
71188: 2.80942e-05
71189: 2.80938e-05
71190: 2.80934e-05
71191: 2.8093e-05
71192: 2.80926e-05
71193: 2.80923e-05
71194: 2.80919e-05
71195: 2.80915e-05
71196: 2.80911e-05
71197: 2.80907e-05
71198: 2.80903e-05
71199: 2.80899e-05
71200: 2.80895e-05
71201: 2.80891e-05
71202: 2.80887e-05
71203: 2.80883e-05
71204: 2.80879e-05
71205: 2.80875e-05
71206: 2.80871e-05
71207: 2.80867e-05
71208: 2.80863e-05
71209: 2.80859e-05
71210: 2.80855e-05
71211: 2.80852e-05
71212: 2.80848e-05
71213: 2.80844e-05
71214: 2.8084e-05
71215: 2.80836e-05
71216: 2.80832e-05
71217: 2.80828e-05
71218: 2.80824e-05
71219: 2.8082e-05
71220: 2.80816e-05
71221: 2.80812e-05
71222: 2.80808e-05
71223: 2.80804e-05
71224: 2.808e-05
71225: 2.80796e-05
71226: 2.80792e-05
71227: 2.80788e-05
71228: 2.80785e-05
71229: 2.80781e-05
71230: 2.80777e-05
71231: 2.80773e-05
71232: 2.80769e-05
71233: 2.80765e-05
71234: 2.80761e-05
71235: 2.80757e-05
71236: 2.80753e-05
71237: 2.80749e-05
71238: 2.80745e-05
71239: 2.80741e-05
71240: 2.80737e-05
71241: 2.80733e-05
71242: 2.80729e-05
71243: 2.80725e-05
71244: 2.80721e-05
71245: 2.80718e-05
71246: 2.80714e-05
71247: 2.8071e-05
71248: 2.80706e-05
71249: 2.80702e-05
71250: 2.80698e-05
71251: 2.80694e-05
71252: 2.8069e-05
71253: 2.80686e-05
71254: 2.80682e-05
71255: 2.80678e-05
71256: 2.80674e-05
71257: 2.8067e-05
71258: 2.80666e-05
71259: 2.80662e-05
71260: 2.80658e-05
71261: 2.80654e-05
71262: 2.80651e-05
71263: 2.80647e-05
71264: 2.80643e-05
71265: 2.80639e-05
71266: 2.80635e-05
71267: 2.80631e-05
71268: 2.80627e-05
71269: 2.80623e-05
71270: 2.80619e-05
71271: 2.80615e-05
71272: 2.80611e-05
71273: 2.80607e-05
71274: 2.80603e-05
71275: 2.80599e-05
71276: 2.80595e-05
71277: 2.80591e-05
71278: 2.80588e-05
71279: 2.80584e-05
71280: 2.8058e-05
71281: 2.80576e-05
71282: 2.80572e-05
71283: 2.80568e-05
71284: 2.80564e-05
71285: 2.8056e-05
71286: 2.80556e-05
71287: 2.80552e-05
71288: 2.80548e-05
71289: 2.80544e-05
71290: 2.8054e-05
71291: 2.80536e-05
71292: 2.80532e-05
71293: 2.80529e-05
71294: 2.80525e-05
71295: 2.80521e-05
71296: 2.80517e-05
71297: 2.80513e-05
71298: 2.80509e-05
71299: 2.80505e-05
71300: 2.80501e-05
71301: 2.80497e-05
71302: 2.80493e-05
71303: 2.80489e-05
71304: 2.80485e-05
71305: 2.80481e-05
71306: 2.80477e-05
71307: 2.80473e-05
71308: 2.8047e-05
71309: 2.80466e-05
71310: 2.80462e-05
71311: 2.80458e-05
71312: 2.80454e-05
71313: 2.8045e-05
71314: 2.80446e-05
71315: 2.80442e-05
71316: 2.80438e-05
71317: 2.80434e-05
71318: 2.8043e-05
71319: 2.80426e-05
71320: 2.80422e-05
71321: 2.80418e-05
71322: 2.80414e-05
71323: 2.80411e-05
71324: 2.80407e-05
71325: 2.80403e-05
71326: 2.80399e-05
71327: 2.80395e-05
71328: 2.80391e-05
71329: 2.80387e-05
71330: 2.80383e-05
71331: 2.80379e-05
71332: 2.80375e-05
71333: 2.80371e-05
71334: 2.80367e-05
71335: 2.80363e-05
71336: 2.80359e-05
71337: 2.80355e-05
71338: 2.80352e-05
71339: 2.80348e-05
71340: 2.80344e-05
71341: 2.8034e-05
71342: 2.80336e-05
71343: 2.80332e-05
71344: 2.80328e-05
71345: 2.80324e-05
71346: 2.8032e-05
71347: 2.80316e-05
71348: 2.80312e-05
71349: 2.80308e-05
71350: 2.80304e-05
71351: 2.803e-05
71352: 2.80297e-05
71353: 2.80293e-05
71354: 2.80289e-05
71355: 2.80285e-05
71356: 2.80281e-05
71357: 2.80277e-05
71358: 2.80273e-05
71359: 2.80269e-05
71360: 2.80265e-05
71361: 2.80261e-05
71362: 2.80257e-05
71363: 2.80253e-05
71364: 2.80249e-05
71365: 2.80245e-05
71366: 2.80242e-05
71367: 2.80238e-05
71368: 2.80234e-05
71369: 2.8023e-05
71370: 2.80226e-05
71371: 2.80222e-05
71372: 2.80218e-05
71373: 2.80214e-05
71374: 2.8021e-05
71375: 2.80206e-05
71376: 2.80202e-05
71377: 2.80198e-05
71378: 2.80194e-05
71379: 2.80191e-05
71380: 2.80187e-05
71381: 2.80183e-05
71382: 2.80179e-05
71383: 2.80175e-05
71384: 2.80171e-05
71385: 2.80167e-05
71386: 2.80163e-05
71387: 2.80159e-05
71388: 2.80155e-05
71389: 2.80151e-05
71390: 2.80147e-05
71391: 2.80143e-05
71392: 2.8014e-05
71393: 2.80136e-05
71394: 2.80132e-05
71395: 2.80128e-05
71396: 2.80124e-05
71397: 2.8012e-05
71398: 2.80116e-05
71399: 2.80112e-05
71400: 2.80108e-05
71401: 2.80104e-05
71402: 2.801e-05
71403: 2.80096e-05
71404: 2.80092e-05
71405: 2.80089e-05
71406: 2.80085e-05
71407: 2.80081e-05
71408: 2.80077e-05
71409: 2.80073e-05
71410: 2.80069e-05
71411: 2.80065e-05
71412: 2.80061e-05
71413: 2.80057e-05
71414: 2.80053e-05
71415: 2.80049e-05
71416: 2.80045e-05
71417: 2.80041e-05
71418: 2.80038e-05
71419: 2.80034e-05
71420: 2.8003e-05
71421: 2.80026e-05
71422: 2.80022e-05
71423: 2.80018e-05
71424: 2.80014e-05
71425: 2.8001e-05
71426: 2.80006e-05
71427: 2.80002e-05
71428: 2.79998e-05
71429: 2.79994e-05
71430: 2.7999e-05
71431: 2.79987e-05
71432: 2.79983e-05
71433: 2.79979e-05
71434: 2.79975e-05
71435: 2.79971e-05
71436: 2.79967e-05
71437: 2.79963e-05
71438: 2.79959e-05
71439: 2.79955e-05
71440: 2.79951e-05
71441: 2.79947e-05
71442: 2.79943e-05
71443: 2.7994e-05
71444: 2.79936e-05
71445: 2.79932e-05
71446: 2.79928e-05
71447: 2.79924e-05
71448: 2.7992e-05
71449: 2.79916e-05
71450: 2.79912e-05
71451: 2.79908e-05
71452: 2.79904e-05
71453: 2.799e-05
71454: 2.79896e-05
71455: 2.79893e-05
71456: 2.79889e-05
71457: 2.79885e-05
71458: 2.79881e-05
71459: 2.79877e-05
71460: 2.79873e-05
71461: 2.79869e-05
71462: 2.79865e-05
71463: 2.79861e-05
71464: 2.79857e-05
71465: 2.79853e-05
71466: 2.79849e-05
71467: 2.79846e-05
71468: 2.79842e-05
71469: 2.79838e-05
71470: 2.79834e-05
71471: 2.7983e-05
71472: 2.79826e-05
71473: 2.79822e-05
71474: 2.79818e-05
71475: 2.79814e-05
71476: 2.7981e-05
71477: 2.79806e-05
71478: 2.79802e-05
71479: 2.79799e-05
71480: 2.79795e-05
71481: 2.79791e-05
71482: 2.79787e-05
71483: 2.79783e-05
71484: 2.79779e-05
71485: 2.79775e-05
71486: 2.79771e-05
71487: 2.79767e-05
71488: 2.79763e-05
71489: 2.79759e-05
71490: 2.79755e-05
71491: 2.79752e-05
71492: 2.79748e-05
71493: 2.79744e-05
71494: 2.7974e-05
71495: 2.79736e-05
71496: 2.79732e-05
71497: 2.79728e-05
71498: 2.79724e-05
71499: 2.7972e-05
71500: 2.79716e-05
71501: 2.79712e-05
71502: 2.79709e-05
71503: 2.79705e-05
71504: 2.79701e-05
71505: 2.79697e-05
71506: 2.79693e-05
71507: 2.79689e-05
71508: 2.79685e-05
71509: 2.79681e-05
71510: 2.79677e-05
71511: 2.79673e-05
71512: 2.79669e-05
71513: 2.79666e-05
71514: 2.79662e-05
71515: 2.79658e-05
71516: 2.79654e-05
71517: 2.7965e-05
71518: 2.79646e-05
71519: 2.79642e-05
71520: 2.79638e-05
71521: 2.79634e-05
71522: 2.7963e-05
71523: 2.79626e-05
71524: 2.79623e-05
71525: 2.79619e-05
71526: 2.79615e-05
71527: 2.79611e-05
71528: 2.79607e-05
71529: 2.79603e-05
71530: 2.79599e-05
71531: 2.79595e-05
71532: 2.79591e-05
71533: 2.79587e-05
71534: 2.79583e-05
71535: 2.7958e-05
71536: 2.79576e-05
71537: 2.79572e-05
71538: 2.79568e-05
71539: 2.79564e-05
71540: 2.7956e-05
71541: 2.79556e-05
71542: 2.79552e-05
71543: 2.79548e-05
71544: 2.79544e-05
71545: 2.7954e-05
71546: 2.79537e-05
71547: 2.79533e-05
71548: 2.79529e-05
71549: 2.79525e-05
71550: 2.79521e-05
71551: 2.79517e-05
71552: 2.79513e-05
71553: 2.79509e-05
71554: 2.79505e-05
71555: 2.79501e-05
71556: 2.79497e-05
71557: 2.79494e-05
71558: 2.7949e-05
71559: 2.79486e-05
71560: 2.79482e-05
71561: 2.79478e-05
71562: 2.79474e-05
71563: 2.7947e-05
71564: 2.79466e-05
71565: 2.79462e-05
71566: 2.79458e-05
71567: 2.79455e-05
71568: 2.79451e-05
71569: 2.79447e-05
71570: 2.79443e-05
71571: 2.79439e-05
71572: 2.79435e-05
71573: 2.79431e-05
71574: 2.79427e-05
71575: 2.79423e-05
71576: 2.79419e-05
71577: 2.79415e-05
71578: 2.79412e-05
71579: 2.79408e-05
71580: 2.79404e-05
71581: 2.794e-05
71582: 2.79396e-05
71583: 2.79392e-05
71584: 2.79388e-05
71585: 2.79384e-05
71586: 2.7938e-05
71587: 2.79376e-05
71588: 2.79373e-05
71589: 2.79369e-05
71590: 2.79365e-05
71591: 2.79361e-05
71592: 2.79357e-05
71593: 2.79353e-05
71594: 2.79349e-05
71595: 2.79345e-05
71596: 2.79341e-05
71597: 2.79337e-05
71598: 2.79334e-05
71599: 2.7933e-05
71600: 2.79326e-05
71601: 2.79322e-05
71602: 2.79318e-05
71603: 2.79314e-05
71604: 2.7931e-05
71605: 2.79306e-05
71606: 2.79302e-05
71607: 2.79298e-05
71608: 2.79295e-05
71609: 2.79291e-05
71610: 2.79287e-05
71611: 2.79283e-05
71612: 2.79279e-05
71613: 2.79275e-05
71614: 2.79271e-05
71615: 2.79267e-05
71616: 2.79263e-05
71617: 2.79259e-05
71618: 2.79256e-05
71619: 2.79252e-05
71620: 2.79248e-05
71621: 2.79244e-05
71622: 2.7924e-05
71623: 2.79236e-05
71624: 2.79232e-05
71625: 2.79228e-05
71626: 2.79224e-05
71627: 2.7922e-05
71628: 2.79217e-05
71629: 2.79213e-05
71630: 2.79209e-05
71631: 2.79205e-05
71632: 2.79201e-05
71633: 2.79197e-05
71634: 2.79193e-05
71635: 2.79189e-05
71636: 2.79185e-05
71637: 2.79181e-05
71638: 2.79178e-05
71639: 2.79174e-05
71640: 2.7917e-05
71641: 2.79166e-05
71642: 2.79162e-05
71643: 2.79158e-05
71644: 2.79154e-05
71645: 2.7915e-05
71646: 2.79146e-05
71647: 2.79142e-05
71648: 2.79139e-05
71649: 2.79135e-05
71650: 2.79131e-05
71651: 2.79127e-05
71652: 2.79123e-05
71653: 2.79119e-05
71654: 2.79115e-05
71655: 2.79111e-05
71656: 2.79107e-05
71657: 2.79104e-05
71658: 2.791e-05
71659: 2.79096e-05
71660: 2.79092e-05
71661: 2.79088e-05
71662: 2.79084e-05
71663: 2.7908e-05
71664: 2.79076e-05
71665: 2.79072e-05
71666: 2.79068e-05
71667: 2.79065e-05
71668: 2.79061e-05
71669: 2.79057e-05
71670: 2.79053e-05
71671: 2.79049e-05
71672: 2.79045e-05
71673: 2.79041e-05
71674: 2.79037e-05
71675: 2.79033e-05
71676: 2.7903e-05
71677: 2.79026e-05
71678: 2.79022e-05
71679: 2.79018e-05
71680: 2.79014e-05
71681: 2.7901e-05
71682: 2.79006e-05
71683: 2.79002e-05
71684: 2.78998e-05
71685: 2.78995e-05
71686: 2.78991e-05
71687: 2.78987e-05
71688: 2.78983e-05
71689: 2.78979e-05
71690: 2.78975e-05
71691: 2.78971e-05
71692: 2.78967e-05
71693: 2.78963e-05
71694: 2.78959e-05
71695: 2.78956e-05
71696: 2.78952e-05
71697: 2.78948e-05
71698: 2.78944e-05
71699: 2.7894e-05
71700: 2.78936e-05
71701: 2.78932e-05
71702: 2.78928e-05
71703: 2.78924e-05
71704: 2.78921e-05
71705: 2.78917e-05
71706: 2.78913e-05
71707: 2.78909e-05
71708: 2.78905e-05
71709: 2.78901e-05
71710: 2.78897e-05
71711: 2.78893e-05
71712: 2.78889e-05
71713: 2.78886e-05
71714: 2.78882e-05
71715: 2.78878e-05
71716: 2.78874e-05
71717: 2.7887e-05
71718: 2.78866e-05
71719: 2.78862e-05
71720: 2.78858e-05
71721: 2.78854e-05
71722: 2.78851e-05
71723: 2.78847e-05
71724: 2.78843e-05
71725: 2.78839e-05
71726: 2.78835e-05
71727: 2.78831e-05
71728: 2.78827e-05
71729: 2.78823e-05
71730: 2.78819e-05
71731: 2.78816e-05
71732: 2.78812e-05
71733: 2.78808e-05
71734: 2.78804e-05
71735: 2.788e-05
71736: 2.78796e-05
71737: 2.78792e-05
71738: 2.78788e-05
71739: 2.78784e-05
71740: 2.78781e-05
71741: 2.78777e-05
71742: 2.78773e-05
71743: 2.78769e-05
71744: 2.78765e-05
71745: 2.78761e-05
71746: 2.78757e-05
71747: 2.78753e-05
71748: 2.7875e-05
71749: 2.78746e-05
71750: 2.78742e-05
71751: 2.78738e-05
71752: 2.78734e-05
71753: 2.7873e-05
71754: 2.78726e-05
71755: 2.78722e-05
71756: 2.78718e-05
71757: 2.78715e-05
71758: 2.78711e-05
71759: 2.78707e-05
71760: 2.78703e-05
71761: 2.78699e-05
71762: 2.78695e-05
71763: 2.78691e-05
71764: 2.78687e-05
71765: 2.78683e-05
71766: 2.7868e-05
71767: 2.78676e-05
71768: 2.78672e-05
71769: 2.78668e-05
71770: 2.78664e-05
71771: 2.7866e-05
71772: 2.78656e-05
71773: 2.78652e-05
71774: 2.78649e-05
71775: 2.78645e-05
71776: 2.78641e-05
71777: 2.78637e-05
71778: 2.78633e-05
71779: 2.78629e-05
71780: 2.78625e-05
71781: 2.78621e-05
71782: 2.78617e-05
71783: 2.78614e-05
71784: 2.7861e-05
71785: 2.78606e-05
71786: 2.78602e-05
71787: 2.78598e-05
71788: 2.78594e-05
71789: 2.7859e-05
71790: 2.78586e-05
71791: 2.78583e-05
71792: 2.78579e-05
71793: 2.78575e-05
71794: 2.78571e-05
71795: 2.78567e-05
71796: 2.78563e-05
71797: 2.78559e-05
71798: 2.78555e-05
71799: 2.78552e-05
71800: 2.78548e-05
71801: 2.78544e-05
71802: 2.7854e-05
71803: 2.78536e-05
71804: 2.78532e-05
71805: 2.78528e-05
71806: 2.78524e-05
71807: 2.7852e-05
71808: 2.78517e-05
71809: 2.78513e-05
71810: 2.78509e-05
71811: 2.78505e-05
71812: 2.78501e-05
71813: 2.78497e-05
71814: 2.78493e-05
71815: 2.78489e-05
71816: 2.78486e-05
71817: 2.78482e-05
71818: 2.78478e-05
71819: 2.78474e-05
71820: 2.7847e-05
71821: 2.78466e-05
71822: 2.78462e-05
71823: 2.78458e-05
71824: 2.78455e-05
71825: 2.78451e-05
71826: 2.78447e-05
71827: 2.78443e-05
71828: 2.78439e-05
71829: 2.78435e-05
71830: 2.78431e-05
71831: 2.78427e-05
71832: 2.78424e-05
71833: 2.7842e-05
71834: 2.78416e-05
71835: 2.78412e-05
71836: 2.78408e-05
71837: 2.78404e-05
71838: 2.784e-05
71839: 2.78396e-05
71840: 2.78393e-05
71841: 2.78389e-05
71842: 2.78385e-05
71843: 2.78381e-05
71844: 2.78377e-05
71845: 2.78373e-05
71846: 2.78369e-05
71847: 2.78365e-05
71848: 2.78362e-05
71849: 2.78358e-05
71850: 2.78354e-05
71851: 2.7835e-05
71852: 2.78346e-05
71853: 2.78342e-05
71854: 2.78338e-05
71855: 2.78334e-05
71856: 2.78331e-05
71857: 2.78327e-05
71858: 2.78323e-05
71859: 2.78319e-05
71860: 2.78315e-05
71861: 2.78311e-05
71862: 2.78307e-05
71863: 2.78303e-05
71864: 2.783e-05
71865: 2.78296e-05
71866: 2.78292e-05
71867: 2.78288e-05
71868: 2.78284e-05
71869: 2.7828e-05
71870: 2.78276e-05
71871: 2.78272e-05
71872: 2.78269e-05
71873: 2.78265e-05
71874: 2.78261e-05
71875: 2.78257e-05
71876: 2.78253e-05
71877: 2.78249e-05
71878: 2.78245e-05
71879: 2.78242e-05
71880: 2.78238e-05
71881: 2.78234e-05
71882: 2.7823e-05
71883: 2.78226e-05
71884: 2.78222e-05
71885: 2.78218e-05
71886: 2.78214e-05
71887: 2.78211e-05
71888: 2.78207e-05
71889: 2.78203e-05
71890: 2.78199e-05
71891: 2.78195e-05
71892: 2.78191e-05
71893: 2.78187e-05
71894: 2.78183e-05
71895: 2.7818e-05
71896: 2.78176e-05
71897: 2.78172e-05
71898: 2.78168e-05
71899: 2.78164e-05
71900: 2.7816e-05
71901: 2.78156e-05
71902: 2.78153e-05
71903: 2.78149e-05
71904: 2.78145e-05
71905: 2.78141e-05
71906: 2.78137e-05
71907: 2.78133e-05
71908: 2.78129e-05
71909: 2.78125e-05
71910: 2.78122e-05
71911: 2.78118e-05
71912: 2.78114e-05
71913: 2.7811e-05
71914: 2.78106e-05
71915: 2.78102e-05
71916: 2.78098e-05
71917: 2.78094e-05
71918: 2.78091e-05
71919: 2.78087e-05
71920: 2.78083e-05
71921: 2.78079e-05
71922: 2.78075e-05
71923: 2.78071e-05
71924: 2.78067e-05
71925: 2.78064e-05
71926: 2.7806e-05
71927: 2.78056e-05
71928: 2.78052e-05
71929: 2.78048e-05
71930: 2.78044e-05
71931: 2.7804e-05
71932: 2.78037e-05
71933: 2.78033e-05
71934: 2.78029e-05
71935: 2.78025e-05
71936: 2.78021e-05
71937: 2.78017e-05
71938: 2.78013e-05
71939: 2.78009e-05
71940: 2.78006e-05
71941: 2.78002e-05
71942: 2.77998e-05
71943: 2.77994e-05
71944: 2.7799e-05
71945: 2.77986e-05
71946: 2.77982e-05
71947: 2.77979e-05
71948: 2.77975e-05
71949: 2.77971e-05
71950: 2.77967e-05
71951: 2.77963e-05
71952: 2.77959e-05
71953: 2.77955e-05
71954: 2.77951e-05
71955: 2.77948e-05
71956: 2.77944e-05
71957: 2.7794e-05
71958: 2.77936e-05
71959: 2.77932e-05
71960: 2.77928e-05
71961: 2.77924e-05
71962: 2.77921e-05
71963: 2.77917e-05
71964: 2.77913e-05
71965: 2.77909e-05
71966: 2.77905e-05
71967: 2.77901e-05
71968: 2.77897e-05
71969: 2.77894e-05
71970: 2.7789e-05
71971: 2.77886e-05
71972: 2.77882e-05
71973: 2.77878e-05
71974: 2.77874e-05
71975: 2.7787e-05
71976: 2.77867e-05
71977: 2.77863e-05
71978: 2.77859e-05
71979: 2.77855e-05
71980: 2.77851e-05
71981: 2.77847e-05
71982: 2.77843e-05
71983: 2.7784e-05
71984: 2.77836e-05
71985: 2.77832e-05
71986: 2.77828e-05
71987: 2.77824e-05
71988: 2.7782e-05
71989: 2.77816e-05
71990: 2.77813e-05
71991: 2.77809e-05
71992: 2.77805e-05
71993: 2.77801e-05
71994: 2.77797e-05
71995: 2.77793e-05
71996: 2.77789e-05
71997: 2.77785e-05
71998: 2.77782e-05
71999: 2.77778e-05
72000: 2.77774e-05
72001: 2.7777e-05
72002: 2.77766e-05
72003: 2.77762e-05
72004: 2.77758e-05
72005: 2.77755e-05
72006: 2.77751e-05
72007: 2.77747e-05
72008: 2.77743e-05
72009: 2.77739e-05
72010: 2.77735e-05
72011: 2.77731e-05
72012: 2.77728e-05
72013: 2.77724e-05
72014: 2.7772e-05
72015: 2.77716e-05
72016: 2.77712e-05
72017: 2.77708e-05
72018: 2.77704e-05
72019: 2.77701e-05
72020: 2.77697e-05
72021: 2.77693e-05
72022: 2.77689e-05
72023: 2.77685e-05
72024: 2.77681e-05
72025: 2.77678e-05
72026: 2.77674e-05
72027: 2.7767e-05
72028: 2.77666e-05
72029: 2.77662e-05
72030: 2.77658e-05
72031: 2.77654e-05
72032: 2.77651e-05
72033: 2.77647e-05
72034: 2.77643e-05
72035: 2.77639e-05
72036: 2.77635e-05
72037: 2.77631e-05
72038: 2.77627e-05
72039: 2.77624e-05
72040: 2.7762e-05
72041: 2.77616e-05
72042: 2.77612e-05
72043: 2.77608e-05
72044: 2.77604e-05
72045: 2.776e-05
72046: 2.77597e-05
72047: 2.77593e-05
72048: 2.77589e-05
72049: 2.77585e-05
72050: 2.77581e-05
72051: 2.77577e-05
72052: 2.77573e-05
72053: 2.7757e-05
72054: 2.77566e-05
72055: 2.77562e-05
72056: 2.77558e-05
72057: 2.77554e-05
72058: 2.7755e-05
72059: 2.77546e-05
72060: 2.77543e-05
72061: 2.77539e-05
72062: 2.77535e-05
72063: 2.77531e-05
72064: 2.77527e-05
72065: 2.77523e-05
72066: 2.7752e-05
72067: 2.77516e-05
72068: 2.77512e-05
72069: 2.77508e-05
72070: 2.77504e-05
72071: 2.775e-05
72072: 2.77496e-05
72073: 2.77493e-05
72074: 2.77489e-05
72075: 2.77485e-05
72076: 2.77481e-05
72077: 2.77477e-05
72078: 2.77473e-05
72079: 2.77469e-05
72080: 2.77466e-05
72081: 2.77462e-05
72082: 2.77458e-05
72083: 2.77454e-05
72084: 2.7745e-05
72085: 2.77446e-05
72086: 2.77443e-05
72087: 2.77439e-05
72088: 2.77435e-05
72089: 2.77431e-05
72090: 2.77427e-05
72091: 2.77423e-05
72092: 2.77419e-05
72093: 2.77416e-05
72094: 2.77412e-05
72095: 2.77408e-05
72096: 2.77404e-05
72097: 2.774e-05
72098: 2.77396e-05
72099: 2.77393e-05
72100: 2.77389e-05
72101: 2.77385e-05
72102: 2.77381e-05
72103: 2.77377e-05
72104: 2.77373e-05
72105: 2.77369e-05
72106: 2.77366e-05
72107: 2.77362e-05
72108: 2.77358e-05
72109: 2.77354e-05
72110: 2.7735e-05
72111: 2.77346e-05
72112: 2.77343e-05
72113: 2.77339e-05
72114: 2.77335e-05
72115: 2.77331e-05
72116: 2.77327e-05
72117: 2.77323e-05
72118: 2.77319e-05
72119: 2.77316e-05
72120: 2.77312e-05
72121: 2.77308e-05
72122: 2.77304e-05
72123: 2.773e-05
72124: 2.77296e-05
72125: 2.77293e-05
72126: 2.77289e-05
72127: 2.77285e-05
72128: 2.77281e-05
72129: 2.77277e-05
72130: 2.77273e-05
72131: 2.77269e-05
72132: 2.77266e-05
72133: 2.77262e-05
72134: 2.77258e-05
72135: 2.77254e-05
72136: 2.7725e-05
72137: 2.77246e-05
72138: 2.77243e-05
72139: 2.77239e-05
72140: 2.77235e-05
72141: 2.77231e-05
72142: 2.77227e-05
72143: 2.77223e-05
72144: 2.77219e-05
72145: 2.77216e-05
72146: 2.77212e-05
72147: 2.77208e-05
72148: 2.77204e-05
72149: 2.772e-05
72150: 2.77196e-05
72151: 2.77193e-05
72152: 2.77189e-05
72153: 2.77185e-05
72154: 2.77181e-05
72155: 2.77177e-05
72156: 2.77173e-05
72157: 2.7717e-05
72158: 2.77166e-05
72159: 2.77162e-05
72160: 2.77158e-05
72161: 2.77154e-05
72162: 2.7715e-05
72163: 2.77146e-05
72164: 2.77143e-05
72165: 2.77139e-05
72166: 2.77135e-05
72167: 2.77131e-05
72168: 2.77127e-05
72169: 2.77123e-05
72170: 2.7712e-05
72171: 2.77116e-05
72172: 2.77112e-05
72173: 2.77108e-05
72174: 2.77104e-05
72175: 2.771e-05
72176: 2.77097e-05
72177: 2.77093e-05
72178: 2.77089e-05
72179: 2.77085e-05
72180: 2.77081e-05
72181: 2.77077e-05
72182: 2.77074e-05
72183: 2.7707e-05
72184: 2.77066e-05
72185: 2.77062e-05
72186: 2.77058e-05
72187: 2.77054e-05
72188: 2.77051e-05
72189: 2.77047e-05
72190: 2.77043e-05
72191: 2.77039e-05
72192: 2.77035e-05
72193: 2.77031e-05
72194: 2.77027e-05
72195: 2.77024e-05
72196: 2.7702e-05
72197: 2.77016e-05
72198: 2.77012e-05
72199: 2.77008e-05
72200: 2.77004e-05
72201: 2.77001e-05
72202: 2.76997e-05
72203: 2.76993e-05
72204: 2.76989e-05
72205: 2.76985e-05
72206: 2.76981e-05
72207: 2.76978e-05
72208: 2.76974e-05
72209: 2.7697e-05
72210: 2.76966e-05
72211: 2.76962e-05
72212: 2.76958e-05
72213: 2.76955e-05
72214: 2.76951e-05
72215: 2.76947e-05
72216: 2.76943e-05
72217: 2.76939e-05
72218: 2.76935e-05
72219: 2.76932e-05
72220: 2.76928e-05
72221: 2.76924e-05
72222: 2.7692e-05
72223: 2.76916e-05
72224: 2.76912e-05
72225: 2.76909e-05
72226: 2.76905e-05
72227: 2.76901e-05
72228: 2.76897e-05
72229: 2.76893e-05
72230: 2.76889e-05
72231: 2.76886e-05
72232: 2.76882e-05
72233: 2.76878e-05
72234: 2.76874e-05
72235: 2.7687e-05
72236: 2.76866e-05
72237: 2.76863e-05
72238: 2.76859e-05
72239: 2.76855e-05
72240: 2.76851e-05
72241: 2.76847e-05
72242: 2.76843e-05
72243: 2.7684e-05
72244: 2.76836e-05
72245: 2.76832e-05
72246: 2.76828e-05
72247: 2.76824e-05
72248: 2.7682e-05
72249: 2.76817e-05
72250: 2.76813e-05
72251: 2.76809e-05
72252: 2.76805e-05
72253: 2.76801e-05
72254: 2.76797e-05
72255: 2.76794e-05
72256: 2.7679e-05
72257: 2.76786e-05
72258: 2.76782e-05
72259: 2.76778e-05
72260: 2.76774e-05
72261: 2.76771e-05
72262: 2.76767e-05
72263: 2.76763e-05
72264: 2.76759e-05
72265: 2.76755e-05
72266: 2.76751e-05
72267: 2.76748e-05
72268: 2.76744e-05
72269: 2.7674e-05
72270: 2.76736e-05
72271: 2.76732e-05
72272: 2.76729e-05
72273: 2.76725e-05
72274: 2.76721e-05
72275: 2.76717e-05
72276: 2.76713e-05
72277: 2.76709e-05
72278: 2.76706e-05
72279: 2.76702e-05
72280: 2.76698e-05
72281: 2.76694e-05
72282: 2.7669e-05
72283: 2.76686e-05
72284: 2.76683e-05
72285: 2.76679e-05
72286: 2.76675e-05
72287: 2.76671e-05
72288: 2.76667e-05
72289: 2.76663e-05
72290: 2.7666e-05
72291: 2.76656e-05
72292: 2.76652e-05
72293: 2.76648e-05
72294: 2.76644e-05
72295: 2.7664e-05
72296: 2.76637e-05
72297: 2.76633e-05
72298: 2.76629e-05
72299: 2.76625e-05
72300: 2.76621e-05
72301: 2.76618e-05
72302: 2.76614e-05
72303: 2.7661e-05
72304: 2.76606e-05
72305: 2.76602e-05
72306: 2.76598e-05
72307: 2.76595e-05
72308: 2.76591e-05
72309: 2.76587e-05
72310: 2.76583e-05
72311: 2.76579e-05
72312: 2.76575e-05
72313: 2.76572e-05
72314: 2.76568e-05
72315: 2.76564e-05
72316: 2.7656e-05
72317: 2.76556e-05
72318: 2.76552e-05
72319: 2.76549e-05
72320: 2.76545e-05
72321: 2.76541e-05
72322: 2.76537e-05
72323: 2.76533e-05
72324: 2.7653e-05
72325: 2.76526e-05
72326: 2.76522e-05
72327: 2.76518e-05
72328: 2.76514e-05
72329: 2.7651e-05
72330: 2.76507e-05
72331: 2.76503e-05
72332: 2.76499e-05
72333: 2.76495e-05
72334: 2.76491e-05
72335: 2.76488e-05
72336: 2.76484e-05
72337: 2.7648e-05
72338: 2.76476e-05
72339: 2.76472e-05
72340: 2.76468e-05
72341: 2.76465e-05
72342: 2.76461e-05
72343: 2.76457e-05
72344: 2.76453e-05
72345: 2.76449e-05
72346: 2.76445e-05
72347: 2.76442e-05
72348: 2.76438e-05
72349: 2.76434e-05
72350: 2.7643e-05
72351: 2.76426e-05
72352: 2.76423e-05
72353: 2.76419e-05
72354: 2.76415e-05
72355: 2.76411e-05
72356: 2.76407e-05
72357: 2.76403e-05
72358: 2.764e-05
72359: 2.76396e-05
72360: 2.76392e-05
72361: 2.76388e-05
72362: 2.76384e-05
72363: 2.76381e-05
72364: 2.76377e-05
72365: 2.76373e-05
72366: 2.76369e-05
72367: 2.76365e-05
72368: 2.76361e-05
72369: 2.76358e-05
72370: 2.76354e-05
72371: 2.7635e-05
72372: 2.76346e-05
72373: 2.76342e-05
72374: 2.76339e-05
72375: 2.76335e-05
72376: 2.76331e-05
72377: 2.76327e-05
72378: 2.76323e-05
72379: 2.76319e-05
72380: 2.76316e-05
72381: 2.76312e-05
72382: 2.76308e-05
72383: 2.76304e-05
72384: 2.763e-05
72385: 2.76297e-05
72386: 2.76293e-05
72387: 2.76289e-05
72388: 2.76285e-05
72389: 2.76281e-05
72390: 2.76277e-05
72391: 2.76274e-05
72392: 2.7627e-05
72393: 2.76266e-05
72394: 2.76262e-05
72395: 2.76258e-05
72396: 2.76255e-05
72397: 2.76251e-05
72398: 2.76247e-05
72399: 2.76243e-05
72400: 2.76239e-05
72401: 2.76235e-05
72402: 2.76232e-05
72403: 2.76228e-05
72404: 2.76224e-05
72405: 2.7622e-05
72406: 2.76216e-05
72407: 2.76213e-05
72408: 2.76209e-05
72409: 2.76205e-05
72410: 2.76201e-05
72411: 2.76197e-05
72412: 2.76194e-05
72413: 2.7619e-05
72414: 2.76186e-05
72415: 2.76182e-05
72416: 2.76178e-05
72417: 2.76174e-05
72418: 2.76171e-05
72419: 2.76167e-05
72420: 2.76163e-05
72421: 2.76159e-05
72422: 2.76155e-05
72423: 2.76152e-05
72424: 2.76148e-05
72425: 2.76144e-05
72426: 2.7614e-05
72427: 2.76136e-05
72428: 2.76132e-05
72429: 2.76129e-05
72430: 2.76125e-05
72431: 2.76121e-05
72432: 2.76117e-05
72433: 2.76113e-05
72434: 2.7611e-05
72435: 2.76106e-05
72436: 2.76102e-05
72437: 2.76098e-05
72438: 2.76094e-05
72439: 2.76091e-05
72440: 2.76087e-05
72441: 2.76083e-05
72442: 2.76079e-05
72443: 2.76075e-05
72444: 2.76072e-05
72445: 2.76068e-05
72446: 2.76064e-05
72447: 2.7606e-05
72448: 2.76056e-05
72449: 2.76052e-05
72450: 2.76049e-05
72451: 2.76045e-05
72452: 2.76041e-05
72453: 2.76037e-05
72454: 2.76033e-05
72455: 2.7603e-05
72456: 2.76026e-05
72457: 2.76022e-05
72458: 2.76018e-05
72459: 2.76014e-05
72460: 2.76011e-05
72461: 2.76007e-05
72462: 2.76003e-05
72463: 2.75999e-05
72464: 2.75995e-05
72465: 2.75991e-05
72466: 2.75988e-05
72467: 2.75984e-05
72468: 2.7598e-05
72469: 2.75976e-05
72470: 2.75972e-05
72471: 2.75969e-05
72472: 2.75965e-05
72473: 2.75961e-05
72474: 2.75957e-05
72475: 2.75953e-05
72476: 2.7595e-05
72477: 2.75946e-05
72478: 2.75942e-05
72479: 2.75938e-05
72480: 2.75934e-05
72481: 2.75931e-05
72482: 2.75927e-05
72483: 2.75923e-05
72484: 2.75919e-05
72485: 2.75915e-05
72486: 2.75912e-05
72487: 2.75908e-05
72488: 2.75904e-05
72489: 2.759e-05
72490: 2.75896e-05
72491: 2.75893e-05
72492: 2.75889e-05
72493: 2.75885e-05
72494: 2.75881e-05
72495: 2.75877e-05
72496: 2.75873e-05
72497: 2.7587e-05
72498: 2.75866e-05
72499: 2.75862e-05
72500: 2.75858e-05
72501: 2.75854e-05
72502: 2.75851e-05
72503: 2.75847e-05
72504: 2.75843e-05
72505: 2.75839e-05
72506: 2.75835e-05
72507: 2.75832e-05
72508: 2.75828e-05
72509: 2.75824e-05
72510: 2.7582e-05
72511: 2.75816e-05
72512: 2.75813e-05
72513: 2.75809e-05
72514: 2.75805e-05
72515: 2.75801e-05
72516: 2.75797e-05
72517: 2.75794e-05
72518: 2.7579e-05
72519: 2.75786e-05
72520: 2.75782e-05
72521: 2.75778e-05
72522: 2.75775e-05
72523: 2.75771e-05
72524: 2.75767e-05
72525: 2.75763e-05
72526: 2.75759e-05
72527: 2.75756e-05
72528: 2.75752e-05
72529: 2.75748e-05
72530: 2.75744e-05
72531: 2.7574e-05
72532: 2.75737e-05
72533: 2.75733e-05
72534: 2.75729e-05
72535: 2.75725e-05
72536: 2.75721e-05
72537: 2.75718e-05
72538: 2.75714e-05
72539: 2.7571e-05
72540: 2.75706e-05
72541: 2.75702e-05
72542: 2.75699e-05
72543: 2.75695e-05
72544: 2.75691e-05
72545: 2.75687e-05
72546: 2.75683e-05
72547: 2.7568e-05
72548: 2.75676e-05
72549: 2.75672e-05
72550: 2.75668e-05
72551: 2.75664e-05
72552: 2.75661e-05
72553: 2.75657e-05
72554: 2.75653e-05
72555: 2.75649e-05
72556: 2.75645e-05
72557: 2.75642e-05
72558: 2.75638e-05
72559: 2.75634e-05
72560: 2.7563e-05
72561: 2.75626e-05
72562: 2.75623e-05
72563: 2.75619e-05
72564: 2.75615e-05
72565: 2.75611e-05
72566: 2.75607e-05
72567: 2.75604e-05
72568: 2.756e-05
72569: 2.75596e-05
72570: 2.75592e-05
72571: 2.75588e-05
72572: 2.75585e-05
72573: 2.75581e-05
72574: 2.75577e-05
72575: 2.75573e-05
72576: 2.75569e-05
72577: 2.75566e-05
72578: 2.75562e-05
72579: 2.75558e-05
72580: 2.75554e-05
72581: 2.7555e-05
72582: 2.75547e-05
72583: 2.75543e-05
72584: 2.75539e-05
72585: 2.75535e-05
72586: 2.75531e-05
72587: 2.75528e-05
72588: 2.75524e-05
72589: 2.7552e-05
72590: 2.75516e-05
72591: 2.75512e-05
72592: 2.75509e-05
72593: 2.75505e-05
72594: 2.75501e-05
72595: 2.75497e-05
72596: 2.75493e-05
72597: 2.7549e-05
72598: 2.75486e-05
72599: 2.75482e-05
72600: 2.75478e-05
72601: 2.75475e-05
72602: 2.75471e-05
72603: 2.75467e-05
72604: 2.75463e-05
72605: 2.75459e-05
72606: 2.75456e-05
72607: 2.75452e-05
72608: 2.75448e-05
72609: 2.75444e-05
72610: 2.7544e-05
72611: 2.75437e-05
72612: 2.75433e-05
72613: 2.75429e-05
72614: 2.75425e-05
72615: 2.75421e-05
72616: 2.75418e-05
72617: 2.75414e-05
72618: 2.7541e-05
72619: 2.75406e-05
72620: 2.75402e-05
72621: 2.75399e-05
72622: 2.75395e-05
72623: 2.75391e-05
72624: 2.75387e-05
72625: 2.75383e-05
72626: 2.7538e-05
72627: 2.75376e-05
72628: 2.75372e-05
72629: 2.75368e-05
72630: 2.75365e-05
72631: 2.75361e-05
72632: 2.75357e-05
72633: 2.75353e-05
72634: 2.75349e-05
72635: 2.75346e-05
72636: 2.75342e-05
72637: 2.75338e-05
72638: 2.75334e-05
72639: 2.7533e-05
72640: 2.75327e-05
72641: 2.75323e-05
72642: 2.75319e-05
72643: 2.75315e-05
72644: 2.75311e-05
72645: 2.75308e-05
72646: 2.75304e-05
72647: 2.753e-05
72648: 2.75296e-05
72649: 2.75292e-05
72650: 2.75289e-05
72651: 2.75285e-05
72652: 2.75281e-05
72653: 2.75277e-05
72654: 2.75274e-05
72655: 2.7527e-05
72656: 2.75266e-05
72657: 2.75262e-05
72658: 2.75258e-05
72659: 2.75255e-05
72660: 2.75251e-05
72661: 2.75247e-05
72662: 2.75243e-05
72663: 2.75239e-05
72664: 2.75236e-05
72665: 2.75232e-05
72666: 2.75228e-05
72667: 2.75224e-05
72668: 2.75221e-05
72669: 2.75217e-05
72670: 2.75213e-05
72671: 2.75209e-05
72672: 2.75205e-05
72673: 2.75202e-05
72674: 2.75198e-05
72675: 2.75194e-05
72676: 2.7519e-05
72677: 2.75186e-05
72678: 2.75183e-05
72679: 2.75179e-05
72680: 2.75175e-05
72681: 2.75171e-05
72682: 2.75168e-05
72683: 2.75164e-05
72684: 2.7516e-05
72685: 2.75156e-05
72686: 2.75152e-05
72687: 2.75149e-05
72688: 2.75145e-05
72689: 2.75141e-05
72690: 2.75137e-05
72691: 2.75133e-05
72692: 2.7513e-05
72693: 2.75126e-05
72694: 2.75122e-05
72695: 2.75118e-05
72696: 2.75115e-05
72697: 2.75111e-05
72698: 2.75107e-05
72699: 2.75103e-05
72700: 2.75099e-05
72701: 2.75096e-05
72702: 2.75092e-05
72703: 2.75088e-05
72704: 2.75084e-05
72705: 2.7508e-05
72706: 2.75077e-05
72707: 2.75073e-05
72708: 2.75069e-05
72709: 2.75065e-05
72710: 2.75062e-05
72711: 2.75058e-05
72712: 2.75054e-05
72713: 2.7505e-05
72714: 2.75046e-05
72715: 2.75043e-05
72716: 2.75039e-05
72717: 2.75035e-05
72718: 2.75031e-05
72719: 2.75028e-05
72720: 2.75024e-05
72721: 2.7502e-05
72722: 2.75016e-05
72723: 2.75012e-05
72724: 2.75009e-05
72725: 2.75005e-05
72726: 2.75001e-05
72727: 2.74997e-05
72728: 2.74993e-05
72729: 2.7499e-05
72730: 2.74986e-05
72731: 2.74982e-05
72732: 2.74978e-05
72733: 2.74975e-05
72734: 2.74971e-05
72735: 2.74967e-05
72736: 2.74963e-05
72737: 2.74959e-05
72738: 2.74956e-05
72739: 2.74952e-05
72740: 2.74948e-05
72741: 2.74944e-05
72742: 2.74941e-05
72743: 2.74937e-05
72744: 2.74933e-05
72745: 2.74929e-05
72746: 2.74925e-05
72747: 2.74922e-05
72748: 2.74918e-05
72749: 2.74914e-05
72750: 2.7491e-05
72751: 2.74907e-05
72752: 2.74903e-05
72753: 2.74899e-05
72754: 2.74895e-05
72755: 2.74891e-05
72756: 2.74888e-05
72757: 2.74884e-05
72758: 2.7488e-05
72759: 2.74876e-05
72760: 2.74873e-05
72761: 2.74869e-05
72762: 2.74865e-05
72763: 2.74861e-05
72764: 2.74857e-05
72765: 2.74854e-05
72766: 2.7485e-05
72767: 2.74846e-05
72768: 2.74842e-05
72769: 2.74839e-05
72770: 2.74835e-05
72771: 2.74831e-05
72772: 2.74827e-05
72773: 2.74823e-05
72774: 2.7482e-05
72775: 2.74816e-05
72776: 2.74812e-05
72777: 2.74808e-05
72778: 2.74805e-05
72779: 2.74801e-05
72780: 2.74797e-05
72781: 2.74793e-05
72782: 2.74789e-05
72783: 2.74786e-05
72784: 2.74782e-05
72785: 2.74778e-05
72786: 2.74774e-05
72787: 2.74771e-05
72788: 2.74767e-05
72789: 2.74763e-05
72790: 2.74759e-05
72791: 2.74755e-05
72792: 2.74752e-05
72793: 2.74748e-05
72794: 2.74744e-05
72795: 2.7474e-05
72796: 2.74737e-05
72797: 2.74733e-05
72798: 2.74729e-05
72799: 2.74725e-05
72800: 2.74722e-05
72801: 2.74718e-05
72802: 2.74714e-05
72803: 2.7471e-05
72804: 2.74706e-05
72805: 2.74703e-05
72806: 2.74699e-05
72807: 2.74695e-05
72808: 2.74691e-05
72809: 2.74688e-05
72810: 2.74684e-05
72811: 2.7468e-05
72812: 2.74676e-05
72813: 2.74672e-05
72814: 2.74669e-05
72815: 2.74665e-05
72816: 2.74661e-05
72817: 2.74657e-05
72818: 2.74654e-05
72819: 2.7465e-05
72820: 2.74646e-05
72821: 2.74642e-05
72822: 2.74639e-05
72823: 2.74635e-05
72824: 2.74631e-05
72825: 2.74627e-05
72826: 2.74623e-05
72827: 2.7462e-05
72828: 2.74616e-05
72829: 2.74612e-05
72830: 2.74608e-05
72831: 2.74605e-05
72832: 2.74601e-05
72833: 2.74597e-05
72834: 2.74593e-05
72835: 2.74589e-05
72836: 2.74586e-05
72837: 2.74582e-05
72838: 2.74578e-05
72839: 2.74574e-05
72840: 2.74571e-05
72841: 2.74567e-05
72842: 2.74563e-05
72843: 2.74559e-05
72844: 2.74556e-05
72845: 2.74552e-05
72846: 2.74548e-05
72847: 2.74544e-05
72848: 2.7454e-05
72849: 2.74537e-05
72850: 2.74533e-05
72851: 2.74529e-05
72852: 2.74525e-05
72853: 2.74522e-05
72854: 2.74518e-05
72855: 2.74514e-05
72856: 2.7451e-05
72857: 2.74507e-05
72858: 2.74503e-05
72859: 2.74499e-05
72860: 2.74495e-05
72861: 2.74492e-05
72862: 2.74488e-05
72863: 2.74484e-05
72864: 2.7448e-05
72865: 2.74476e-05
72866: 2.74473e-05
72867: 2.74469e-05
72868: 2.74465e-05
72869: 2.74461e-05
72870: 2.74458e-05
72871: 2.74454e-05
72872: 2.7445e-05
72873: 2.74446e-05
72874: 2.74443e-05
72875: 2.74439e-05
72876: 2.74435e-05
72877: 2.74431e-05
72878: 2.74427e-05
72879: 2.74424e-05
72880: 2.7442e-05
72881: 2.74416e-05
72882: 2.74412e-05
72883: 2.74409e-05
72884: 2.74405e-05
72885: 2.74401e-05
72886: 2.74397e-05
72887: 2.74394e-05
72888: 2.7439e-05
72889: 2.74386e-05
72890: 2.74382e-05
72891: 2.74379e-05
72892: 2.74375e-05
72893: 2.74371e-05
72894: 2.74367e-05
72895: 2.74363e-05
72896: 2.7436e-05
72897: 2.74356e-05
72898: 2.74352e-05
72899: 2.74348e-05
72900: 2.74345e-05
72901: 2.74341e-05
72902: 2.74337e-05
72903: 2.74333e-05
72904: 2.7433e-05
72905: 2.74326e-05
72906: 2.74322e-05
72907: 2.74318e-05
72908: 2.74315e-05
72909: 2.74311e-05
72910: 2.74307e-05
72911: 2.74303e-05
72912: 2.743e-05
72913: 2.74296e-05
72914: 2.74292e-05
72915: 2.74288e-05
72916: 2.74284e-05
72917: 2.74281e-05
72918: 2.74277e-05
72919: 2.74273e-05
72920: 2.74269e-05
72921: 2.74266e-05
72922: 2.74262e-05
72923: 2.74258e-05
72924: 2.74254e-05
72925: 2.74251e-05
72926: 2.74247e-05
72927: 2.74243e-05
72928: 2.74239e-05
72929: 2.74236e-05
72930: 2.74232e-05
72931: 2.74228e-05
72932: 2.74224e-05
72933: 2.74221e-05
72934: 2.74217e-05
72935: 2.74213e-05
72936: 2.74209e-05
72937: 2.74205e-05
72938: 2.74202e-05
72939: 2.74198e-05
72940: 2.74194e-05
72941: 2.7419e-05
72942: 2.74187e-05
72943: 2.74183e-05
72944: 2.74179e-05
72945: 2.74175e-05
72946: 2.74172e-05
72947: 2.74168e-05
72948: 2.74164e-05
72949: 2.7416e-05
72950: 2.74157e-05
72951: 2.74153e-05
72952: 2.74149e-05
72953: 2.74145e-05
72954: 2.74142e-05
72955: 2.74138e-05
72956: 2.74134e-05
72957: 2.7413e-05
72958: 2.74127e-05
72959: 2.74123e-05
72960: 2.74119e-05
72961: 2.74115e-05
72962: 2.74112e-05
72963: 2.74108e-05
72964: 2.74104e-05
72965: 2.741e-05
72966: 2.74097e-05
72967: 2.74093e-05
72968: 2.74089e-05
72969: 2.74085e-05
72970: 2.74081e-05
72971: 2.74078e-05
72972: 2.74074e-05
72973: 2.7407e-05
72974: 2.74066e-05
72975: 2.74063e-05
72976: 2.74059e-05
72977: 2.74055e-05
72978: 2.74051e-05
72979: 2.74048e-05
72980: 2.74044e-05
72981: 2.7404e-05
72982: 2.74036e-05
72983: 2.74033e-05
72984: 2.74029e-05
72985: 2.74025e-05
72986: 2.74021e-05
72987: 2.74018e-05
72988: 2.74014e-05
72989: 2.7401e-05
72990: 2.74006e-05
72991: 2.74003e-05
72992: 2.73999e-05
72993: 2.73995e-05
72994: 2.73991e-05
72995: 2.73988e-05
72996: 2.73984e-05
72997: 2.7398e-05
72998: 2.73976e-05
72999: 2.73973e-05
73000: 2.73969e-05
73001: 2.73965e-05
73002: 2.73961e-05
73003: 2.73958e-05
73004: 2.73954e-05
73005: 2.7395e-05
73006: 2.73946e-05
73007: 2.73943e-05
73008: 2.73939e-05
73009: 2.73935e-05
73010: 2.73931e-05
73011: 2.73928e-05
73012: 2.73924e-05
73013: 2.7392e-05
73014: 2.73916e-05
73015: 2.73913e-05
73016: 2.73909e-05
73017: 2.73905e-05
73018: 2.73901e-05
73019: 2.73898e-05
73020: 2.73894e-05
73021: 2.7389e-05
73022: 2.73886e-05
73023: 2.73883e-05
73024: 2.73879e-05
73025: 2.73875e-05
73026: 2.73871e-05
73027: 2.73868e-05
73028: 2.73864e-05
73029: 2.7386e-05
73030: 2.73856e-05
73031: 2.73853e-05
73032: 2.73849e-05
73033: 2.73845e-05
73034: 2.73841e-05
73035: 2.73838e-05
73036: 2.73834e-05
73037: 2.7383e-05
73038: 2.73826e-05
73039: 2.73823e-05
73040: 2.73819e-05
73041: 2.73815e-05
73042: 2.73811e-05
73043: 2.73808e-05
73044: 2.73804e-05
73045: 2.738e-05
73046: 2.73796e-05
73047: 2.73793e-05
73048: 2.73789e-05
73049: 2.73785e-05
73050: 2.73781e-05
73051: 2.73778e-05
73052: 2.73774e-05
73053: 2.7377e-05
73054: 2.73766e-05
73055: 2.73763e-05
73056: 2.73759e-05
73057: 2.73755e-05
73058: 2.73751e-05
73059: 2.73748e-05
73060: 2.73744e-05
73061: 2.7374e-05
73062: 2.73736e-05
73063: 2.73733e-05
73064: 2.73729e-05
73065: 2.73725e-05
73066: 2.73721e-05
73067: 2.73718e-05
73068: 2.73714e-05
73069: 2.7371e-05
73070: 2.73706e-05
73071: 2.73703e-05
73072: 2.73699e-05
73073: 2.73695e-05
73074: 2.73691e-05
73075: 2.73688e-05
73076: 2.73684e-05
73077: 2.7368e-05
73078: 2.73676e-05
73079: 2.73673e-05
73080: 2.73669e-05
73081: 2.73665e-05
73082: 2.73661e-05
73083: 2.73658e-05
73084: 2.73654e-05
73085: 2.7365e-05
73086: 2.73646e-05
73087: 2.73643e-05
73088: 2.73639e-05
73089: 2.73635e-05
73090: 2.73632e-05
73091: 2.73628e-05
73092: 2.73624e-05
73093: 2.7362e-05
73094: 2.73617e-05
73095: 2.73613e-05
73096: 2.73609e-05
73097: 2.73605e-05
73098: 2.73602e-05
73099: 2.73598e-05
73100: 2.73594e-05
73101: 2.7359e-05
73102: 2.73587e-05
73103: 2.73583e-05
73104: 2.73579e-05
73105: 2.73575e-05
73106: 2.73572e-05
73107: 2.73568e-05
73108: 2.73564e-05
73109: 2.7356e-05
73110: 2.73557e-05
73111: 2.73553e-05
73112: 2.73549e-05
73113: 2.73545e-05
73114: 2.73542e-05
73115: 2.73538e-05
73116: 2.73534e-05
73117: 2.7353e-05
73118: 2.73527e-05
73119: 2.73523e-05
73120: 2.73519e-05
73121: 2.73515e-05
73122: 2.73512e-05
73123: 2.73508e-05
73124: 2.73504e-05
73125: 2.73501e-05
73126: 2.73497e-05
73127: 2.73493e-05
73128: 2.73489e-05
73129: 2.73486e-05
73130: 2.73482e-05
73131: 2.73478e-05
73132: 2.73474e-05
73133: 2.73471e-05
73134: 2.73467e-05
73135: 2.73463e-05
73136: 2.73459e-05
73137: 2.73456e-05
73138: 2.73452e-05
73139: 2.73448e-05
73140: 2.73444e-05
73141: 2.73441e-05
73142: 2.73437e-05
73143: 2.73433e-05
73144: 2.73429e-05
73145: 2.73426e-05
73146: 2.73422e-05
73147: 2.73418e-05
73148: 2.73415e-05
73149: 2.73411e-05
73150: 2.73407e-05
73151: 2.73403e-05
73152: 2.734e-05
73153: 2.73396e-05
73154: 2.73392e-05
73155: 2.73388e-05
73156: 2.73385e-05
73157: 2.73381e-05
73158: 2.73377e-05
73159: 2.73373e-05
73160: 2.7337e-05
73161: 2.73366e-05
73162: 2.73362e-05
73163: 2.73358e-05
73164: 2.73355e-05
73165: 2.73351e-05
73166: 2.73347e-05
73167: 2.73344e-05
73168: 2.7334e-05
73169: 2.73336e-05
73170: 2.73332e-05
73171: 2.73329e-05
73172: 2.73325e-05
73173: 2.73321e-05
73174: 2.73317e-05
73175: 2.73314e-05
73176: 2.7331e-05
73177: 2.73306e-05
73178: 2.73302e-05
73179: 2.73299e-05
73180: 2.73295e-05
73181: 2.73291e-05
73182: 2.73288e-05
73183: 2.73284e-05
73184: 2.7328e-05
73185: 2.73276e-05
73186: 2.73273e-05
73187: 2.73269e-05
73188: 2.73265e-05
73189: 2.73261e-05
73190: 2.73258e-05
73191: 2.73254e-05
73192: 2.7325e-05
73193: 2.73246e-05
73194: 2.73243e-05
73195: 2.73239e-05
73196: 2.73235e-05
73197: 2.73232e-05
73198: 2.73228e-05
73199: 2.73224e-05
73200: 2.7322e-05
73201: 2.73217e-05
73202: 2.73213e-05
73203: 2.73209e-05
73204: 2.73205e-05
73205: 2.73202e-05
73206: 2.73198e-05
73207: 2.73194e-05
73208: 2.7319e-05
73209: 2.73187e-05
73210: 2.73183e-05
73211: 2.73179e-05
73212: 2.73176e-05
73213: 2.73172e-05
73214: 2.73168e-05
73215: 2.73164e-05
73216: 2.73161e-05
73217: 2.73157e-05
73218: 2.73153e-05
73219: 2.73149e-05
73220: 2.73146e-05
73221: 2.73142e-05
73222: 2.73138e-05
73223: 2.73134e-05
73224: 2.73131e-05
73225: 2.73127e-05
73226: 2.73123e-05
73227: 2.7312e-05
73228: 2.73116e-05
73229: 2.73112e-05
73230: 2.73108e-05
73231: 2.73105e-05
73232: 2.73101e-05
73233: 2.73097e-05
73234: 2.73093e-05
73235: 2.7309e-05
73236: 2.73086e-05
73237: 2.73082e-05
73238: 2.73079e-05
73239: 2.73075e-05
73240: 2.73071e-05
73241: 2.73067e-05
73242: 2.73064e-05
73243: 2.7306e-05
73244: 2.73056e-05
73245: 2.73052e-05
73246: 2.73049e-05
73247: 2.73045e-05
73248: 2.73041e-05
73249: 2.73038e-05
73250: 2.73034e-05
73251: 2.7303e-05
73252: 2.73026e-05
73253: 2.73023e-05
73254: 2.73019e-05
73255: 2.73015e-05
73256: 2.73011e-05
73257: 2.73008e-05
73258: 2.73004e-05
73259: 2.73e-05
73260: 2.72997e-05
73261: 2.72993e-05
73262: 2.72989e-05
73263: 2.72985e-05
73264: 2.72982e-05
73265: 2.72978e-05
73266: 2.72974e-05
73267: 2.7297e-05
73268: 2.72967e-05
73269: 2.72963e-05
73270: 2.72959e-05
73271: 2.72956e-05
73272: 2.72952e-05
73273: 2.72948e-05
73274: 2.72944e-05
73275: 2.72941e-05
73276: 2.72937e-05
73277: 2.72933e-05
73278: 2.72929e-05
73279: 2.72926e-05
73280: 2.72922e-05
73281: 2.72918e-05
73282: 2.72915e-05
73283: 2.72911e-05
73284: 2.72907e-05
73285: 2.72903e-05
73286: 2.729e-05
73287: 2.72896e-05
73288: 2.72892e-05
73289: 2.72889e-05
73290: 2.72885e-05
73291: 2.72881e-05
73292: 2.72877e-05
73293: 2.72874e-05
73294: 2.7287e-05
73295: 2.72866e-05
73296: 2.72862e-05
73297: 2.72859e-05
73298: 2.72855e-05
73299: 2.72851e-05
73300: 2.72848e-05
73301: 2.72844e-05
73302: 2.7284e-05
73303: 2.72836e-05
73304: 2.72833e-05
73305: 2.72829e-05
73306: 2.72825e-05
73307: 2.72822e-05
73308: 2.72818e-05
73309: 2.72814e-05
73310: 2.7281e-05
73311: 2.72807e-05
73312: 2.72803e-05
73313: 2.72799e-05
73314: 2.72795e-05
73315: 2.72792e-05
73316: 2.72788e-05
73317: 2.72784e-05
73318: 2.72781e-05
73319: 2.72777e-05
73320: 2.72773e-05
73321: 2.72769e-05
73322: 2.72766e-05
73323: 2.72762e-05
73324: 2.72758e-05
73325: 2.72755e-05
73326: 2.72751e-05
73327: 2.72747e-05
73328: 2.72743e-05
73329: 2.7274e-05
73330: 2.72736e-05
73331: 2.72732e-05
73332: 2.72729e-05
73333: 2.72725e-05
73334: 2.72721e-05
73335: 2.72717e-05
73336: 2.72714e-05
73337: 2.7271e-05
73338: 2.72706e-05
73339: 2.72702e-05
73340: 2.72699e-05
73341: 2.72695e-05
73342: 2.72691e-05
73343: 2.72688e-05
73344: 2.72684e-05
73345: 2.7268e-05
73346: 2.72676e-05
73347: 2.72673e-05
73348: 2.72669e-05
73349: 2.72665e-05
73350: 2.72662e-05
73351: 2.72658e-05
73352: 2.72654e-05
73353: 2.7265e-05
73354: 2.72647e-05
73355: 2.72643e-05
73356: 2.72639e-05
73357: 2.72636e-05
73358: 2.72632e-05
73359: 2.72628e-05
73360: 2.72624e-05
73361: 2.72621e-05
73362: 2.72617e-05
73363: 2.72613e-05
73364: 2.7261e-05
73365: 2.72606e-05
73366: 2.72602e-05
73367: 2.72598e-05
73368: 2.72595e-05
73369: 2.72591e-05
73370: 2.72587e-05
73371: 2.72584e-05
73372: 2.7258e-05
73373: 2.72576e-05
73374: 2.72572e-05
73375: 2.72569e-05
73376: 2.72565e-05
73377: 2.72561e-05
73378: 2.72558e-05
73379: 2.72554e-05
73380: 2.7255e-05
73381: 2.72546e-05
73382: 2.72543e-05
73383: 2.72539e-05
73384: 2.72535e-05
73385: 2.72532e-05
73386: 2.72528e-05
73387: 2.72524e-05
73388: 2.7252e-05
73389: 2.72517e-05
73390: 2.72513e-05
73391: 2.72509e-05
73392: 2.72506e-05
73393: 2.72502e-05
73394: 2.72498e-05
73395: 2.72494e-05
73396: 2.72491e-05
73397: 2.72487e-05
73398: 2.72483e-05
73399: 2.7248e-05
73400: 2.72476e-05
73401: 2.72472e-05
73402: 2.72468e-05
73403: 2.72465e-05
73404: 2.72461e-05
73405: 2.72457e-05
73406: 2.72454e-05
73407: 2.7245e-05
73408: 2.72446e-05
73409: 2.72442e-05
73410: 2.72439e-05
73411: 2.72435e-05
73412: 2.72431e-05
73413: 2.72428e-05
73414: 2.72424e-05
73415: 2.7242e-05
73416: 2.72416e-05
73417: 2.72413e-05
73418: 2.72409e-05
73419: 2.72405e-05
73420: 2.72402e-05
73421: 2.72398e-05
73422: 2.72394e-05
73423: 2.7239e-05
73424: 2.72387e-05
73425: 2.72383e-05
73426: 2.72379e-05
73427: 2.72376e-05
73428: 2.72372e-05
73429: 2.72368e-05
73430: 2.72365e-05
73431: 2.72361e-05
73432: 2.72357e-05
73433: 2.72353e-05
73434: 2.7235e-05
73435: 2.72346e-05
73436: 2.72342e-05
73437: 2.72339e-05
73438: 2.72335e-05
73439: 2.72331e-05
73440: 2.72327e-05
73441: 2.72324e-05
73442: 2.7232e-05
73443: 2.72316e-05
73444: 2.72313e-05
73445: 2.72309e-05
73446: 2.72305e-05
73447: 2.72301e-05
73448: 2.72298e-05
73449: 2.72294e-05
73450: 2.7229e-05
73451: 2.72287e-05
73452: 2.72283e-05
73453: 2.72279e-05
73454: 2.72276e-05
73455: 2.72272e-05
73456: 2.72268e-05
73457: 2.72264e-05
73458: 2.72261e-05
73459: 2.72257e-05
73460: 2.72253e-05
73461: 2.7225e-05
73462: 2.72246e-05
73463: 2.72242e-05
73464: 2.72238e-05
73465: 2.72235e-05
73466: 2.72231e-05
73467: 2.72227e-05
73468: 2.72224e-05
73469: 2.7222e-05
73470: 2.72216e-05
73471: 2.72213e-05
73472: 2.72209e-05
73473: 2.72205e-05
73474: 2.72201e-05
73475: 2.72198e-05
73476: 2.72194e-05
73477: 2.7219e-05
73478: 2.72187e-05
73479: 2.72183e-05
73480: 2.72179e-05
73481: 2.72175e-05
73482: 2.72172e-05
73483: 2.72168e-05
73484: 2.72164e-05
73485: 2.72161e-05
73486: 2.72157e-05
73487: 2.72153e-05
73488: 2.7215e-05
73489: 2.72146e-05
73490: 2.72142e-05
73491: 2.72138e-05
73492: 2.72135e-05
73493: 2.72131e-05
73494: 2.72127e-05
73495: 2.72124e-05
73496: 2.7212e-05
73497: 2.72116e-05
73498: 2.72113e-05
73499: 2.72109e-05
73500: 2.72105e-05
73501: 2.72101e-05
73502: 2.72098e-05
73503: 2.72094e-05
73504: 2.7209e-05
73505: 2.72087e-05
73506: 2.72083e-05
73507: 2.72079e-05
73508: 2.72076e-05
73509: 2.72072e-05
73510: 2.72068e-05
73511: 2.72064e-05
73512: 2.72061e-05
73513: 2.72057e-05
73514: 2.72053e-05
73515: 2.7205e-05
73516: 2.72046e-05
73517: 2.72042e-05
73518: 2.72039e-05
73519: 2.72035e-05
73520: 2.72031e-05
73521: 2.72027e-05
73522: 2.72024e-05
73523: 2.7202e-05
73524: 2.72016e-05
73525: 2.72013e-05
73526: 2.72009e-05
73527: 2.72005e-05
73528: 2.72002e-05
73529: 2.71998e-05
73530: 2.71994e-05
73531: 2.7199e-05
73532: 2.71987e-05
73533: 2.71983e-05
73534: 2.71979e-05
73535: 2.71976e-05
73536: 2.71972e-05
73537: 2.71968e-05
73538: 2.71965e-05
73539: 2.71961e-05
73540: 2.71957e-05
73541: 2.71953e-05
73542: 2.7195e-05
73543: 2.71946e-05
73544: 2.71942e-05
73545: 2.71939e-05
73546: 2.71935e-05
73547: 2.71931e-05
73548: 2.71928e-05
73549: 2.71924e-05
73550: 2.7192e-05
73551: 2.71916e-05
73552: 2.71913e-05
73553: 2.71909e-05
73554: 2.71905e-05
73555: 2.71902e-05
73556: 2.71898e-05
73557: 2.71894e-05
73558: 2.71891e-05
73559: 2.71887e-05
73560: 2.71883e-05
73561: 2.7188e-05
73562: 2.71876e-05
73563: 2.71872e-05
73564: 2.71868e-05
73565: 2.71865e-05
73566: 2.71861e-05
73567: 2.71857e-05
73568: 2.71854e-05
73569: 2.7185e-05
73570: 2.71846e-05
73571: 2.71843e-05
73572: 2.71839e-05
73573: 2.71835e-05
73574: 2.71831e-05
73575: 2.71828e-05
73576: 2.71824e-05
73577: 2.7182e-05
73578: 2.71817e-05
73579: 2.71813e-05
73580: 2.71809e-05
73581: 2.71806e-05
73582: 2.71802e-05
73583: 2.71798e-05
73584: 2.71795e-05
73585: 2.71791e-05
73586: 2.71787e-05
73587: 2.71783e-05
73588: 2.7178e-05
73589: 2.71776e-05
73590: 2.71772e-05
73591: 2.71769e-05
73592: 2.71765e-05
73593: 2.71761e-05
73594: 2.71758e-05
73595: 2.71754e-05
73596: 2.7175e-05
73597: 2.71747e-05
73598: 2.71743e-05
73599: 2.71739e-05
73600: 2.71735e-05
73601: 2.71732e-05
73602: 2.71728e-05
73603: 2.71724e-05
73604: 2.71721e-05
73605: 2.71717e-05
73606: 2.71713e-05
73607: 2.7171e-05
73608: 2.71706e-05
73609: 2.71702e-05
73610: 2.71699e-05
73611: 2.71695e-05
73612: 2.71691e-05
73613: 2.71687e-05
73614: 2.71684e-05
73615: 2.7168e-05
73616: 2.71676e-05
73617: 2.71673e-05
73618: 2.71669e-05
73619: 2.71665e-05
73620: 2.71662e-05
73621: 2.71658e-05
73622: 2.71654e-05
73623: 2.71651e-05
73624: 2.71647e-05
73625: 2.71643e-05
73626: 2.71639e-05
73627: 2.71636e-05
73628: 2.71632e-05
73629: 2.71628e-05
73630: 2.71625e-05
73631: 2.71621e-05
73632: 2.71617e-05
73633: 2.71614e-05
73634: 2.7161e-05
73635: 2.71606e-05
73636: 2.71603e-05
73637: 2.71599e-05
73638: 2.71595e-05
73639: 2.71592e-05
73640: 2.71588e-05
73641: 2.71584e-05
73642: 2.7158e-05
73643: 2.71577e-05
73644: 2.71573e-05
73645: 2.71569e-05
73646: 2.71566e-05
73647: 2.71562e-05
73648: 2.71558e-05
73649: 2.71555e-05
73650: 2.71551e-05
73651: 2.71547e-05
73652: 2.71544e-05
73653: 2.7154e-05
73654: 2.71536e-05
73655: 2.71533e-05
73656: 2.71529e-05
73657: 2.71525e-05
73658: 2.71521e-05
73659: 2.71518e-05
73660: 2.71514e-05
73661: 2.7151e-05
73662: 2.71507e-05
73663: 2.71503e-05
73664: 2.71499e-05
73665: 2.71496e-05
73666: 2.71492e-05
73667: 2.71488e-05
73668: 2.71485e-05
73669: 2.71481e-05
73670: 2.71477e-05
73671: 2.71474e-05
73672: 2.7147e-05
73673: 2.71466e-05
73674: 2.71463e-05
73675: 2.71459e-05
73676: 2.71455e-05
73677: 2.71451e-05
73678: 2.71448e-05
73679: 2.71444e-05
73680: 2.7144e-05
73681: 2.71437e-05
73682: 2.71433e-05
73683: 2.71429e-05
73684: 2.71426e-05
73685: 2.71422e-05
73686: 2.71418e-05
73687: 2.71415e-05
73688: 2.71411e-05
73689: 2.71407e-05
73690: 2.71404e-05
73691: 2.714e-05
73692: 2.71396e-05
73693: 2.71393e-05
73694: 2.71389e-05
73695: 2.71385e-05
73696: 2.71381e-05
73697: 2.71378e-05
73698: 2.71374e-05
73699: 2.7137e-05
73700: 2.71367e-05
73701: 2.71363e-05
73702: 2.71359e-05
73703: 2.71356e-05
73704: 2.71352e-05
73705: 2.71348e-05
73706: 2.71345e-05
73707: 2.71341e-05
73708: 2.71337e-05
73709: 2.71334e-05
73710: 2.7133e-05
73711: 2.71326e-05
73712: 2.71323e-05
73713: 2.71319e-05
73714: 2.71315e-05
73715: 2.71312e-05
73716: 2.71308e-05
73717: 2.71304e-05
73718: 2.713e-05
73719: 2.71297e-05
73720: 2.71293e-05
73721: 2.71289e-05
73722: 2.71286e-05
73723: 2.71282e-05
73724: 2.71278e-05
73725: 2.71275e-05
73726: 2.71271e-05
73727: 2.71267e-05
73728: 2.71264e-05
73729: 2.7126e-05
73730: 2.71256e-05
73731: 2.71253e-05
73732: 2.71249e-05
73733: 2.71245e-05
73734: 2.71242e-05
73735: 2.71238e-05
73736: 2.71234e-05
73737: 2.71231e-05
73738: 2.71227e-05
73739: 2.71223e-05
73740: 2.7122e-05
73741: 2.71216e-05
73742: 2.71212e-05
73743: 2.71209e-05
73744: 2.71205e-05
73745: 2.71201e-05
73746: 2.71197e-05
73747: 2.71194e-05
73748: 2.7119e-05
73749: 2.71186e-05
73750: 2.71183e-05
73751: 2.71179e-05
73752: 2.71175e-05
73753: 2.71172e-05
73754: 2.71168e-05
73755: 2.71164e-05
73756: 2.71161e-05
73757: 2.71157e-05
73758: 2.71153e-05
73759: 2.7115e-05
73760: 2.71146e-05
73761: 2.71142e-05
73762: 2.71139e-05
73763: 2.71135e-05
73764: 2.71131e-05
73765: 2.71128e-05
73766: 2.71124e-05
73767: 2.7112e-05
73768: 2.71117e-05
73769: 2.71113e-05
73770: 2.71109e-05
73771: 2.71106e-05
73772: 2.71102e-05
73773: 2.71098e-05
73774: 2.71095e-05
73775: 2.71091e-05
73776: 2.71087e-05
73777: 2.71084e-05
73778: 2.7108e-05
73779: 2.71076e-05
73780: 2.71072e-05
73781: 2.71069e-05
73782: 2.71065e-05
73783: 2.71061e-05
73784: 2.71058e-05
73785: 2.71054e-05
73786: 2.7105e-05
73787: 2.71047e-05
73788: 2.71043e-05
73789: 2.71039e-05
73790: 2.71036e-05
73791: 2.71032e-05
73792: 2.71028e-05
73793: 2.71025e-05
73794: 2.71021e-05
73795: 2.71017e-05
73796: 2.71014e-05
73797: 2.7101e-05
73798: 2.71006e-05
73799: 2.71003e-05
73800: 2.70999e-05
73801: 2.70995e-05
73802: 2.70992e-05
73803: 2.70988e-05
73804: 2.70984e-05
73805: 2.70981e-05
73806: 2.70977e-05
73807: 2.70973e-05
73808: 2.7097e-05
73809: 2.70966e-05
73810: 2.70962e-05
73811: 2.70959e-05
73812: 2.70955e-05
73813: 2.70951e-05
73814: 2.70948e-05
73815: 2.70944e-05
73816: 2.7094e-05
73817: 2.70937e-05
73818: 2.70933e-05
73819: 2.70929e-05
73820: 2.70926e-05
73821: 2.70922e-05
73822: 2.70918e-05
73823: 2.70915e-05
73824: 2.70911e-05
73825: 2.70907e-05
73826: 2.70904e-05
73827: 2.709e-05
73828: 2.70896e-05
73829: 2.70893e-05
73830: 2.70889e-05
73831: 2.70885e-05
73832: 2.70882e-05
73833: 2.70878e-05
73834: 2.70874e-05
73835: 2.70871e-05
73836: 2.70867e-05
73837: 2.70863e-05
73838: 2.7086e-05
73839: 2.70856e-05
73840: 2.70852e-05
73841: 2.70849e-05
73842: 2.70845e-05
73843: 2.70841e-05
73844: 2.70838e-05
73845: 2.70834e-05
73846: 2.7083e-05
73847: 2.70827e-05
73848: 2.70823e-05
73849: 2.70819e-05
73850: 2.70816e-05
73851: 2.70812e-05
73852: 2.70808e-05
73853: 2.70805e-05
73854: 2.70801e-05
73855: 2.70797e-05
73856: 2.70794e-05
73857: 2.7079e-05
73858: 2.70786e-05
73859: 2.70783e-05
73860: 2.70779e-05
73861: 2.70775e-05
73862: 2.70772e-05
73863: 2.70768e-05
73864: 2.70764e-05
73865: 2.70761e-05
73866: 2.70757e-05
73867: 2.70753e-05
73868: 2.7075e-05
73869: 2.70746e-05
73870: 2.70742e-05
73871: 2.70739e-05
73872: 2.70735e-05
73873: 2.70731e-05
73874: 2.70728e-05
73875: 2.70724e-05
73876: 2.7072e-05
73877: 2.70717e-05
73878: 2.70713e-05
73879: 2.70709e-05
73880: 2.70706e-05
73881: 2.70702e-05
73882: 2.70698e-05
73883: 2.70695e-05
73884: 2.70691e-05
73885: 2.70687e-05
73886: 2.70684e-05
73887: 2.7068e-05
73888: 2.70676e-05
73889: 2.70673e-05
73890: 2.70669e-05
73891: 2.70665e-05
73892: 2.70662e-05
73893: 2.70658e-05
73894: 2.70654e-05
73895: 2.70651e-05
73896: 2.70647e-05
73897: 2.70643e-05
73898: 2.7064e-05
73899: 2.70636e-05
73900: 2.70632e-05
73901: 2.70629e-05
73902: 2.70625e-05
73903: 2.70621e-05
73904: 2.70618e-05
73905: 2.70614e-05
73906: 2.7061e-05
73907: 2.70607e-05
73908: 2.70603e-05
73909: 2.70599e-05
73910: 2.70596e-05
73911: 2.70592e-05
73912: 2.70588e-05
73913: 2.70585e-05
73914: 2.70581e-05
73915: 2.70577e-05
73916: 2.70574e-05
73917: 2.7057e-05
73918: 2.70566e-05
73919: 2.70563e-05
73920: 2.70559e-05
73921: 2.70555e-05
73922: 2.70552e-05
73923: 2.70548e-05
73924: 2.70544e-05
73925: 2.70541e-05
73926: 2.70537e-05
73927: 2.70533e-05
73928: 2.7053e-05
73929: 2.70526e-05
73930: 2.70523e-05
73931: 2.70519e-05
73932: 2.70515e-05
73933: 2.70512e-05
73934: 2.70508e-05
73935: 2.70504e-05
73936: 2.70501e-05
73937: 2.70497e-05
73938: 2.70493e-05
73939: 2.7049e-05
73940: 2.70486e-05
73941: 2.70482e-05
73942: 2.70479e-05
73943: 2.70475e-05
73944: 2.70471e-05
73945: 2.70468e-05
73946: 2.70464e-05
73947: 2.7046e-05
73948: 2.70457e-05
73949: 2.70453e-05
73950: 2.70449e-05
73951: 2.70446e-05
73952: 2.70442e-05
73953: 2.70438e-05
73954: 2.70435e-05
73955: 2.70431e-05
73956: 2.70427e-05
73957: 2.70424e-05
73958: 2.7042e-05
73959: 2.70416e-05
73960: 2.70413e-05
73961: 2.70409e-05
73962: 2.70405e-05
73963: 2.70402e-05
73964: 2.70398e-05
73965: 2.70395e-05
73966: 2.70391e-05
73967: 2.70387e-05
73968: 2.70384e-05
73969: 2.7038e-05
73970: 2.70376e-05
73971: 2.70373e-05
73972: 2.70369e-05
73973: 2.70365e-05
73974: 2.70362e-05
73975: 2.70358e-05
73976: 2.70354e-05
73977: 2.70351e-05
73978: 2.70347e-05
73979: 2.70343e-05
73980: 2.7034e-05
73981: 2.70336e-05
73982: 2.70332e-05
73983: 2.70329e-05
73984: 2.70325e-05
73985: 2.70321e-05
73986: 2.70318e-05
73987: 2.70314e-05
73988: 2.7031e-05
73989: 2.70307e-05
73990: 2.70303e-05
73991: 2.70299e-05
73992: 2.70296e-05
73993: 2.70292e-05
73994: 2.70289e-05
73995: 2.70285e-05
73996: 2.70281e-05
73997: 2.70278e-05
73998: 2.70274e-05
73999: 2.7027e-05
74000: 2.70267e-05
74001: 2.70263e-05
74002: 2.70259e-05
74003: 2.70256e-05
74004: 2.70252e-05
74005: 2.70248e-05
74006: 2.70245e-05
74007: 2.70241e-05
74008: 2.70237e-05
74009: 2.70234e-05
74010: 2.7023e-05
74011: 2.70226e-05
74012: 2.70223e-05
74013: 2.70219e-05
74014: 2.70215e-05
74015: 2.70212e-05
74016: 2.70208e-05
74017: 2.70205e-05
74018: 2.70201e-05
74019: 2.70197e-05
74020: 2.70194e-05
74021: 2.7019e-05
74022: 2.70186e-05
74023: 2.70183e-05
74024: 2.70179e-05
74025: 2.70175e-05
74026: 2.70172e-05
74027: 2.70168e-05
74028: 2.70164e-05
74029: 2.70161e-05
74030: 2.70157e-05
74031: 2.70153e-05
74032: 2.7015e-05
74033: 2.70146e-05
74034: 2.70143e-05
74035: 2.70139e-05
74036: 2.70135e-05
74037: 2.70132e-05
74038: 2.70128e-05
74039: 2.70124e-05
74040: 2.70121e-05
74041: 2.70117e-05
74042: 2.70113e-05
74043: 2.7011e-05
74044: 2.70106e-05
74045: 2.70102e-05
74046: 2.70099e-05
74047: 2.70095e-05
74048: 2.70091e-05
74049: 2.70088e-05
74050: 2.70084e-05
74051: 2.7008e-05
74052: 2.70077e-05
74053: 2.70073e-05
74054: 2.7007e-05
74055: 2.70066e-05
74056: 2.70062e-05
74057: 2.70059e-05
74058: 2.70055e-05
74059: 2.70051e-05
74060: 2.70048e-05
74061: 2.70044e-05
74062: 2.7004e-05
74063: 2.70037e-05
74064: 2.70033e-05
74065: 2.70029e-05
74066: 2.70026e-05
74067: 2.70022e-05
74068: 2.70018e-05
74069: 2.70015e-05
74070: 2.70011e-05
74071: 2.70008e-05
74072: 2.70004e-05
74073: 2.7e-05
74074: 2.69997e-05
74075: 2.69993e-05
74076: 2.69989e-05
74077: 2.69986e-05
74078: 2.69982e-05
74079: 2.69978e-05
74080: 2.69975e-05
74081: 2.69971e-05
74082: 2.69967e-05
74083: 2.69964e-05
74084: 2.6996e-05
74085: 2.69957e-05
74086: 2.69953e-05
74087: 2.69949e-05
74088: 2.69946e-05
74089: 2.69942e-05
74090: 2.69938e-05
74091: 2.69935e-05
74092: 2.69931e-05
74093: 2.69927e-05
74094: 2.69924e-05
74095: 2.6992e-05
74096: 2.69916e-05
74097: 2.69913e-05
74098: 2.69909e-05
74099: 2.69906e-05
74100: 2.69902e-05
74101: 2.69898e-05
74102: 2.69895e-05
74103: 2.69891e-05
74104: 2.69887e-05
74105: 2.69884e-05
74106: 2.6988e-05
74107: 2.69876e-05
74108: 2.69873e-05
74109: 2.69869e-05
74110: 2.69865e-05
74111: 2.69862e-05
74112: 2.69858e-05
74113: 2.69855e-05
74114: 2.69851e-05
74115: 2.69847e-05
74116: 2.69844e-05
74117: 2.6984e-05
74118: 2.69836e-05
74119: 2.69833e-05
74120: 2.69829e-05
74121: 2.69825e-05
74122: 2.69822e-05
74123: 2.69818e-05
74124: 2.69815e-05
74125: 2.69811e-05
74126: 2.69807e-05
74127: 2.69804e-05
74128: 2.698e-05
74129: 2.69796e-05
74130: 2.69793e-05
74131: 2.69789e-05
74132: 2.69785e-05
74133: 2.69782e-05
74134: 2.69778e-05
74135: 2.69774e-05
74136: 2.69771e-05
74137: 2.69767e-05
74138: 2.69764e-05
74139: 2.6976e-05
74140: 2.69756e-05
74141: 2.69753e-05
74142: 2.69749e-05
74143: 2.69745e-05
74144: 2.69742e-05
74145: 2.69738e-05
74146: 2.69734e-05
74147: 2.69731e-05
74148: 2.69727e-05
74149: 2.69724e-05
74150: 2.6972e-05
74151: 2.69716e-05
74152: 2.69713e-05
74153: 2.69709e-05
74154: 2.69705e-05
74155: 2.69702e-05
74156: 2.69698e-05
74157: 2.69694e-05
74158: 2.69691e-05
74159: 2.69687e-05
74160: 2.69684e-05
74161: 2.6968e-05
74162: 2.69676e-05
74163: 2.69673e-05
74164: 2.69669e-05
74165: 2.69665e-05
74166: 2.69662e-05
74167: 2.69658e-05
74168: 2.69654e-05
74169: 2.69651e-05
74170: 2.69647e-05
74171: 2.69644e-05
74172: 2.6964e-05
74173: 2.69636e-05
74174: 2.69633e-05
74175: 2.69629e-05
74176: 2.69625e-05
74177: 2.69622e-05
74178: 2.69618e-05
74179: 2.69614e-05
74180: 2.69611e-05
74181: 2.69607e-05
74182: 2.69604e-05
74183: 2.696e-05
74184: 2.69596e-05
74185: 2.69593e-05
74186: 2.69589e-05
74187: 2.69585e-05
74188: 2.69582e-05
74189: 2.69578e-05
74190: 2.69574e-05
74191: 2.69571e-05
74192: 2.69567e-05
74193: 2.69564e-05
74194: 2.6956e-05
74195: 2.69556e-05
74196: 2.69553e-05
74197: 2.69549e-05
74198: 2.69545e-05
74199: 2.69542e-05
74200: 2.69538e-05
74201: 2.69535e-05
74202: 2.69531e-05
74203: 2.69527e-05
74204: 2.69524e-05
74205: 2.6952e-05
74206: 2.69516e-05
74207: 2.69513e-05
74208: 2.69509e-05
74209: 2.69505e-05
74210: 2.69502e-05
74211: 2.69498e-05
74212: 2.69495e-05
74213: 2.69491e-05
74214: 2.69487e-05
74215: 2.69484e-05
74216: 2.6948e-05
74217: 2.69476e-05
74218: 2.69473e-05
74219: 2.69469e-05
74220: 2.69466e-05
74221: 2.69462e-05
74222: 2.69458e-05
74223: 2.69455e-05
74224: 2.69451e-05
74225: 2.69447e-05
74226: 2.69444e-05
74227: 2.6944e-05
74228: 2.69436e-05
74229: 2.69433e-05
74230: 2.69429e-05
74231: 2.69426e-05
74232: 2.69422e-05
74233: 2.69418e-05
74234: 2.69415e-05
74235: 2.69411e-05
74236: 2.69407e-05
74237: 2.69404e-05
74238: 2.694e-05
74239: 2.69397e-05
74240: 2.69393e-05
74241: 2.69389e-05
74242: 2.69386e-05
74243: 2.69382e-05
74244: 2.69378e-05
74245: 2.69375e-05
74246: 2.69371e-05
74247: 2.69368e-05
74248: 2.69364e-05
74249: 2.6936e-05
74250: 2.69357e-05
74251: 2.69353e-05
74252: 2.69349e-05
74253: 2.69346e-05
74254: 2.69342e-05
74255: 2.69339e-05
74256: 2.69335e-05
74257: 2.69331e-05
74258: 2.69328e-05
74259: 2.69324e-05
74260: 2.6932e-05
74261: 2.69317e-05
74262: 2.69313e-05
74263: 2.69309e-05
74264: 2.69306e-05
74265: 2.69302e-05
74266: 2.69299e-05
74267: 2.69295e-05
74268: 2.69291e-05
74269: 2.69288e-05
74270: 2.69284e-05
74271: 2.6928e-05
74272: 2.69277e-05
74273: 2.69273e-05
74274: 2.6927e-05
74275: 2.69266e-05
74276: 2.69262e-05
74277: 2.69259e-05
74278: 2.69255e-05
74279: 2.69251e-05
74280: 2.69248e-05
74281: 2.69244e-05
74282: 2.69241e-05
74283: 2.69237e-05
74284: 2.69233e-05
74285: 2.6923e-05
74286: 2.69226e-05
74287: 2.69222e-05
74288: 2.69219e-05
74289: 2.69215e-05
74290: 2.69212e-05
74291: 2.69208e-05
74292: 2.69204e-05
74293: 2.69201e-05
74294: 2.69197e-05
74295: 2.69193e-05
74296: 2.6919e-05
74297: 2.69186e-05
74298: 2.69183e-05
74299: 2.69179e-05
74300: 2.69175e-05
74301: 2.69172e-05
74302: 2.69168e-05
74303: 2.69165e-05
74304: 2.69161e-05
74305: 2.69157e-05
74306: 2.69154e-05
74307: 2.6915e-05
74308: 2.69146e-05
74309: 2.69143e-05
74310: 2.69139e-05
74311: 2.69136e-05
74312: 2.69132e-05
74313: 2.69128e-05
74314: 2.69125e-05
74315: 2.69121e-05
74316: 2.69117e-05
74317: 2.69114e-05
74318: 2.6911e-05
74319: 2.69107e-05
74320: 2.69103e-05
74321: 2.69099e-05
74322: 2.69096e-05
74323: 2.69092e-05
74324: 2.69088e-05
74325: 2.69085e-05
74326: 2.69081e-05
74327: 2.69078e-05
74328: 2.69074e-05
74329: 2.6907e-05
74330: 2.69067e-05
74331: 2.69063e-05
74332: 2.6906e-05
74333: 2.69056e-05
74334: 2.69052e-05
74335: 2.69049e-05
74336: 2.69045e-05
74337: 2.69041e-05
74338: 2.69038e-05
74339: 2.69034e-05
74340: 2.69031e-05
74341: 2.69027e-05
74342: 2.69023e-05
74343: 2.6902e-05
74344: 2.69016e-05
74345: 2.69012e-05
74346: 2.69009e-05
74347: 2.69005e-05
74348: 2.69002e-05
74349: 2.68998e-05
74350: 2.68994e-05
74351: 2.68991e-05
74352: 2.68987e-05
74353: 2.68984e-05
74354: 2.6898e-05
74355: 2.68976e-05
74356: 2.68973e-05
74357: 2.68969e-05
74358: 2.68965e-05
74359: 2.68962e-05
74360: 2.68958e-05
74361: 2.68955e-05
74362: 2.68951e-05
74363: 2.68947e-05
74364: 2.68944e-05
74365: 2.6894e-05
74366: 2.68936e-05
74367: 2.68933e-05
74368: 2.68929e-05
74369: 2.68926e-05
74370: 2.68922e-05
74371: 2.68918e-05
74372: 2.68915e-05
74373: 2.68911e-05
74374: 2.68908e-05
74375: 2.68904e-05
74376: 2.689e-05
74377: 2.68897e-05
74378: 2.68893e-05
74379: 2.68889e-05
74380: 2.68886e-05
74381: 2.68882e-05
74382: 2.68879e-05
74383: 2.68875e-05
74384: 2.68871e-05
74385: 2.68868e-05
74386: 2.68864e-05
74387: 2.68861e-05
74388: 2.68857e-05
74389: 2.68853e-05
74390: 2.6885e-05
74391: 2.68846e-05
74392: 2.68842e-05
74393: 2.68839e-05
74394: 2.68835e-05
74395: 2.68832e-05
74396: 2.68828e-05
74397: 2.68824e-05
74398: 2.68821e-05
74399: 2.68817e-05
74400: 2.68814e-05
74401: 2.6881e-05
74402: 2.68806e-05
74403: 2.68803e-05
74404: 2.68799e-05
74405: 2.68796e-05
74406: 2.68792e-05
74407: 2.68788e-05
74408: 2.68785e-05
74409: 2.68781e-05
74410: 2.68777e-05
74411: 2.68774e-05
74412: 2.6877e-05
74413: 2.68767e-05
74414: 2.68763e-05
74415: 2.68759e-05
74416: 2.68756e-05
74417: 2.68752e-05
74418: 2.68749e-05
74419: 2.68745e-05
74420: 2.68741e-05
74421: 2.68738e-05
74422: 2.68734e-05
74423: 2.68731e-05
74424: 2.68727e-05
74425: 2.68723e-05
74426: 2.6872e-05
74427: 2.68716e-05
74428: 2.68712e-05
74429: 2.68709e-05
74430: 2.68705e-05
74431: 2.68702e-05
74432: 2.68698e-05
74433: 2.68694e-05
74434: 2.68691e-05
74435: 2.68687e-05
74436: 2.68684e-05
74437: 2.6868e-05
74438: 2.68676e-05
74439: 2.68673e-05
74440: 2.68669e-05
74441: 2.68666e-05
74442: 2.68662e-05
74443: 2.68658e-05
74444: 2.68655e-05
74445: 2.68651e-05
74446: 2.68647e-05
74447: 2.68644e-05
74448: 2.6864e-05
74449: 2.68637e-05
74450: 2.68633e-05
74451: 2.68629e-05
74452: 2.68626e-05
74453: 2.68622e-05
74454: 2.68619e-05
74455: 2.68615e-05
74456: 2.68611e-05
74457: 2.68608e-05
74458: 2.68604e-05
74459: 2.68601e-05
74460: 2.68597e-05
74461: 2.68593e-05
74462: 2.6859e-05
74463: 2.68586e-05
74464: 2.68583e-05
74465: 2.68579e-05
74466: 2.68575e-05
74467: 2.68572e-05
74468: 2.68568e-05
74469: 2.68565e-05
74470: 2.68561e-05
74471: 2.68557e-05
74472: 2.68554e-05
74473: 2.6855e-05
74474: 2.68546e-05
74475: 2.68543e-05
74476: 2.68539e-05
74477: 2.68536e-05
74478: 2.68532e-05
74479: 2.68528e-05
74480: 2.68525e-05
74481: 2.68521e-05
74482: 2.68518e-05
74483: 2.68514e-05
74484: 2.6851e-05
74485: 2.68507e-05
74486: 2.68503e-05
74487: 2.685e-05
74488: 2.68496e-05
74489: 2.68492e-05
74490: 2.68489e-05
74491: 2.68485e-05
74492: 2.68482e-05
74493: 2.68478e-05
74494: 2.68474e-05
74495: 2.68471e-05
74496: 2.68467e-05
74497: 2.68464e-05
74498: 2.6846e-05
74499: 2.68456e-05
74500: 2.68453e-05
74501: 2.68449e-05
74502: 2.68446e-05
74503: 2.68442e-05
74504: 2.68438e-05
74505: 2.68435e-05
74506: 2.68431e-05
74507: 2.68428e-05
74508: 2.68424e-05
74509: 2.6842e-05
74510: 2.68417e-05
74511: 2.68413e-05
74512: 2.6841e-05
74513: 2.68406e-05
74514: 2.68402e-05
74515: 2.68399e-05
74516: 2.68395e-05
74517: 2.68392e-05
74518: 2.68388e-05
74519: 2.68384e-05
74520: 2.68381e-05
74521: 2.68377e-05
74522: 2.68374e-05
74523: 2.6837e-05
74524: 2.68366e-05
74525: 2.68363e-05
74526: 2.68359e-05
74527: 2.68356e-05
74528: 2.68352e-05
74529: 2.68348e-05
74530: 2.68345e-05
74531: 2.68341e-05
74532: 2.68338e-05
74533: 2.68334e-05
74534: 2.6833e-05
74535: 2.68327e-05
74536: 2.68323e-05
74537: 2.6832e-05
74538: 2.68316e-05
74539: 2.68312e-05
74540: 2.68309e-05
74541: 2.68305e-05
74542: 2.68302e-05
74543: 2.68298e-05
74544: 2.68294e-05
74545: 2.68291e-05
74546: 2.68287e-05
74547: 2.68284e-05
74548: 2.6828e-05
74549: 2.68276e-05
74550: 2.68273e-05
74551: 2.68269e-05
74552: 2.68266e-05
74553: 2.68262e-05
74554: 2.68258e-05
74555: 2.68255e-05
74556: 2.68251e-05
74557: 2.68248e-05
74558: 2.68244e-05
74559: 2.6824e-05
74560: 2.68237e-05
74561: 2.68233e-05
74562: 2.6823e-05
74563: 2.68226e-05
74564: 2.68222e-05
74565: 2.68219e-05
74566: 2.68215e-05
74567: 2.68212e-05
74568: 2.68208e-05
74569: 2.68204e-05
74570: 2.68201e-05
74571: 2.68197e-05
74572: 2.68194e-05
74573: 2.6819e-05
74574: 2.68186e-05
74575: 2.68183e-05
74576: 2.68179e-05
74577: 2.68176e-05
74578: 2.68172e-05
74579: 2.68168e-05
74580: 2.68165e-05
74581: 2.68161e-05
74582: 2.68158e-05
74583: 2.68154e-05
74584: 2.6815e-05
74585: 2.68147e-05
74586: 2.68143e-05
74587: 2.6814e-05
74588: 2.68136e-05
74589: 2.68132e-05
74590: 2.68129e-05
74591: 2.68125e-05
74592: 2.68122e-05
74593: 2.68118e-05
74594: 2.68114e-05
74595: 2.68111e-05
74596: 2.68107e-05
74597: 2.68104e-05
74598: 2.681e-05
74599: 2.68097e-05
74600: 2.68093e-05
74601: 2.68089e-05
74602: 2.68086e-05
74603: 2.68082e-05
74604: 2.68079e-05
74605: 2.68075e-05
74606: 2.68071e-05
74607: 2.68068e-05
74608: 2.68064e-05
74609: 2.68061e-05
74610: 2.68057e-05
74611: 2.68053e-05
74612: 2.6805e-05
74613: 2.68046e-05
74614: 2.68043e-05
74615: 2.68039e-05
74616: 2.68035e-05
74617: 2.68032e-05
74618: 2.68028e-05
74619: 2.68025e-05
74620: 2.68021e-05
74621: 2.68017e-05
74622: 2.68014e-05
74623: 2.6801e-05
74624: 2.68007e-05
74625: 2.68003e-05
74626: 2.68e-05
74627: 2.67996e-05
74628: 2.67992e-05
74629: 2.67989e-05
74630: 2.67985e-05
74631: 2.67982e-05
74632: 2.67978e-05
74633: 2.67974e-05
74634: 2.67971e-05
74635: 2.67967e-05
74636: 2.67964e-05
74637: 2.6796e-05
74638: 2.67956e-05
74639: 2.67953e-05
74640: 2.67949e-05
74641: 2.67946e-05
74642: 2.67942e-05
74643: 2.67938e-05
74644: 2.67935e-05
74645: 2.67931e-05
74646: 2.67928e-05
74647: 2.67924e-05
74648: 2.67921e-05
74649: 2.67917e-05
74650: 2.67913e-05
74651: 2.6791e-05
74652: 2.67906e-05
74653: 2.67903e-05
74654: 2.67899e-05
74655: 2.67895e-05
74656: 2.67892e-05
74657: 2.67888e-05
74658: 2.67885e-05
74659: 2.67881e-05
74660: 2.67877e-05
74661: 2.67874e-05
74662: 2.6787e-05
74663: 2.67867e-05
74664: 2.67863e-05
74665: 2.6786e-05
74666: 2.67856e-05
74667: 2.67852e-05
74668: 2.67849e-05
74669: 2.67845e-05
74670: 2.67842e-05
74671: 2.67838e-05
74672: 2.67834e-05
74673: 2.67831e-05
74674: 2.67827e-05
74675: 2.67824e-05
74676: 2.6782e-05
74677: 2.67816e-05
74678: 2.67813e-05
74679: 2.67809e-05
74680: 2.67806e-05
74681: 2.67802e-05
74682: 2.67799e-05
74683: 2.67795e-05
74684: 2.67791e-05
74685: 2.67788e-05
74686: 2.67784e-05
74687: 2.67781e-05
74688: 2.67777e-05
74689: 2.67773e-05
74690: 2.6777e-05
74691: 2.67766e-05
74692: 2.67763e-05
74693: 2.67759e-05
74694: 2.67756e-05
74695: 2.67752e-05
74696: 2.67748e-05
74697: 2.67745e-05
74698: 2.67741e-05
74699: 2.67738e-05
74700: 2.67734e-05
74701: 2.6773e-05
74702: 2.67727e-05
74703: 2.67723e-05
74704: 2.6772e-05
74705: 2.67716e-05
74706: 2.67713e-05
74707: 2.67709e-05
74708: 2.67705e-05
74709: 2.67702e-05
74710: 2.67698e-05
74711: 2.67695e-05
74712: 2.67691e-05
74713: 2.67687e-05
74714: 2.67684e-05
74715: 2.6768e-05
74716: 2.67677e-05
74717: 2.67673e-05
74718: 2.6767e-05
74719: 2.67666e-05
74720: 2.67662e-05
74721: 2.67659e-05
74722: 2.67655e-05
74723: 2.67652e-05
74724: 2.67648e-05
74725: 2.67644e-05
74726: 2.67641e-05
74727: 2.67637e-05
74728: 2.67634e-05
74729: 2.6763e-05
74730: 2.67627e-05
74731: 2.67623e-05
74732: 2.67619e-05
74733: 2.67616e-05
74734: 2.67612e-05
74735: 2.67609e-05
74736: 2.67605e-05
74737: 2.67601e-05
74738: 2.67598e-05
74739: 2.67594e-05
74740: 2.67591e-05
74741: 2.67587e-05
74742: 2.67584e-05
74743: 2.6758e-05
74744: 2.67576e-05
74745: 2.67573e-05
74746: 2.67569e-05
74747: 2.67566e-05
74748: 2.67562e-05
74749: 2.67559e-05
74750: 2.67555e-05
74751: 2.67551e-05
74752: 2.67548e-05
74753: 2.67544e-05
74754: 2.67541e-05
74755: 2.67537e-05
74756: 2.67533e-05
74757: 2.6753e-05
74758: 2.67526e-05
74759: 2.67523e-05
74760: 2.67519e-05
74761: 2.67516e-05
74762: 2.67512e-05
74763: 2.67508e-05
74764: 2.67505e-05
74765: 2.67501e-05
74766: 2.67498e-05
74767: 2.67494e-05
74768: 2.67491e-05
74769: 2.67487e-05
74770: 2.67483e-05
74771: 2.6748e-05
74772: 2.67476e-05
74773: 2.67473e-05
74774: 2.67469e-05
74775: 2.67465e-05
74776: 2.67462e-05
74777: 2.67458e-05
74778: 2.67455e-05
74779: 2.67451e-05
74780: 2.67448e-05
74781: 2.67444e-05
74782: 2.6744e-05
74783: 2.67437e-05
74784: 2.67433e-05
74785: 2.6743e-05
74786: 2.67426e-05
74787: 2.67423e-05
74788: 2.67419e-05
74789: 2.67415e-05
74790: 2.67412e-05
74791: 2.67408e-05
74792: 2.67405e-05
74793: 2.67401e-05
74794: 2.67398e-05
74795: 2.67394e-05
74796: 2.6739e-05
74797: 2.67387e-05
74798: 2.67383e-05
74799: 2.6738e-05
74800: 2.67376e-05
74801: 2.67373e-05
74802: 2.67369e-05
74803: 2.67365e-05
74804: 2.67362e-05
74805: 2.67358e-05
74806: 2.67355e-05
74807: 2.67351e-05
74808: 2.67348e-05
74809: 2.67344e-05
74810: 2.6734e-05
74811: 2.67337e-05
74812: 2.67333e-05
74813: 2.6733e-05
74814: 2.67326e-05
74815: 2.67322e-05
74816: 2.67319e-05
74817: 2.67315e-05
74818: 2.67312e-05
74819: 2.67308e-05
74820: 2.67305e-05
74821: 2.67301e-05
74822: 2.67297e-05
74823: 2.67294e-05
74824: 2.6729e-05
74825: 2.67287e-05
74826: 2.67283e-05
74827: 2.6728e-05
74828: 2.67276e-05
74829: 2.67272e-05
74830: 2.67269e-05
74831: 2.67265e-05
74832: 2.67262e-05
74833: 2.67258e-05
74834: 2.67255e-05
74835: 2.67251e-05
74836: 2.67247e-05
74837: 2.67244e-05
74838: 2.6724e-05
74839: 2.67237e-05
74840: 2.67233e-05
74841: 2.6723e-05
74842: 2.67226e-05
74843: 2.67222e-05
74844: 2.67219e-05
74845: 2.67215e-05
74846: 2.67212e-05
74847: 2.67208e-05
74848: 2.67205e-05
74849: 2.67201e-05
74850: 2.67197e-05
74851: 2.67194e-05
74852: 2.6719e-05
74853: 2.67187e-05
74854: 2.67183e-05
74855: 2.6718e-05
74856: 2.67176e-05
74857: 2.67173e-05
74858: 2.67169e-05
74859: 2.67165e-05
74860: 2.67162e-05
74861: 2.67158e-05
74862: 2.67155e-05
74863: 2.67151e-05
74864: 2.67148e-05
74865: 2.67144e-05
74866: 2.6714e-05
74867: 2.67137e-05
74868: 2.67133e-05
74869: 2.6713e-05
74870: 2.67126e-05
74871: 2.67123e-05
74872: 2.67119e-05
74873: 2.67115e-05
74874: 2.67112e-05
74875: 2.67108e-05
74876: 2.67105e-05
74877: 2.67101e-05
74878: 2.67098e-05
74879: 2.67094e-05
74880: 2.6709e-05
74881: 2.67087e-05
74882: 2.67083e-05
74883: 2.6708e-05
74884: 2.67076e-05
74885: 2.67073e-05
74886: 2.67069e-05
74887: 2.67065e-05
74888: 2.67062e-05
74889: 2.67058e-05
74890: 2.67055e-05
74891: 2.67051e-05
74892: 2.67048e-05
74893: 2.67044e-05
74894: 2.67041e-05
74895: 2.67037e-05
74896: 2.67033e-05
74897: 2.6703e-05
74898: 2.67026e-05
74899: 2.67023e-05
74900: 2.67019e-05
74901: 2.67016e-05
74902: 2.67012e-05
74903: 2.67008e-05
74904: 2.67005e-05
74905: 2.67001e-05
74906: 2.66998e-05
74907: 2.66994e-05
74908: 2.66991e-05
74909: 2.66987e-05
74910: 2.66983e-05
74911: 2.6698e-05
74912: 2.66976e-05
74913: 2.66973e-05
74914: 2.66969e-05
74915: 2.66966e-05
74916: 2.66962e-05
74917: 2.66959e-05
74918: 2.66955e-05
74919: 2.66951e-05
74920: 2.66948e-05
74921: 2.66944e-05
74922: 2.66941e-05
74923: 2.66937e-05
74924: 2.66934e-05
74925: 2.6693e-05
74926: 2.66926e-05
74927: 2.66923e-05
74928: 2.66919e-05
74929: 2.66916e-05
74930: 2.66912e-05
74931: 2.66909e-05
74932: 2.66905e-05
74933: 2.66902e-05
74934: 2.66898e-05
74935: 2.66894e-05
74936: 2.66891e-05
74937: 2.66887e-05
74938: 2.66884e-05
74939: 2.6688e-05
74940: 2.66877e-05
74941: 2.66873e-05
74942: 2.66869e-05
74943: 2.66866e-05
74944: 2.66862e-05
74945: 2.66859e-05
74946: 2.66855e-05
74947: 2.66852e-05
74948: 2.66848e-05
74949: 2.66845e-05
74950: 2.66841e-05
74951: 2.66837e-05
74952: 2.66834e-05
74953: 2.6683e-05
74954: 2.66827e-05
74955: 2.66823e-05
74956: 2.6682e-05
74957: 2.66816e-05
74958: 2.66813e-05
74959: 2.66809e-05
74960: 2.66805e-05
74961: 2.66802e-05
74962: 2.66798e-05
74963: 2.66795e-05
74964: 2.66791e-05
74965: 2.66788e-05
74966: 2.66784e-05
74967: 2.6678e-05
74968: 2.66777e-05
74969: 2.66773e-05
74970: 2.6677e-05
74971: 2.66766e-05
74972: 2.66763e-05
74973: 2.66759e-05
74974: 2.66756e-05
74975: 2.66752e-05
74976: 2.66748e-05
74977: 2.66745e-05
74978: 2.66741e-05
74979: 2.66738e-05
74980: 2.66734e-05
74981: 2.66731e-05
74982: 2.66727e-05
74983: 2.66724e-05
74984: 2.6672e-05
74985: 2.66716e-05
74986: 2.66713e-05
74987: 2.66709e-05
74988: 2.66706e-05
74989: 2.66702e-05
74990: 2.66699e-05
74991: 2.66695e-05
74992: 2.66692e-05
74993: 2.66688e-05
74994: 2.66684e-05
74995: 2.66681e-05
74996: 2.66677e-05
74997: 2.66674e-05
74998: 2.6667e-05
74999: 2.66667e-05
75000: 2.66663e-05
75001: 2.6666e-05
75002: 2.66656e-05
75003: 2.66652e-05
75004: 2.66649e-05
75005: 2.66645e-05
75006: 2.66642e-05
75007: 2.66638e-05
75008: 2.66635e-05
75009: 2.66631e-05
75010: 2.66628e-05
75011: 2.66624e-05
75012: 2.6662e-05
75013: 2.66617e-05
75014: 2.66613e-05
75015: 2.6661e-05
75016: 2.66606e-05
75017: 2.66603e-05
75018: 2.66599e-05
75019: 2.66596e-05
75020: 2.66592e-05
75021: 2.66588e-05
75022: 2.66585e-05
75023: 2.66581e-05
75024: 2.66578e-05
75025: 2.66574e-05
75026: 2.66571e-05
75027: 2.66567e-05
75028: 2.66564e-05
75029: 2.6656e-05
75030: 2.66556e-05
75031: 2.66553e-05
75032: 2.66549e-05
75033: 2.66546e-05
75034: 2.66542e-05
75035: 2.66539e-05
75036: 2.66535e-05
75037: 2.66532e-05
75038: 2.66528e-05
75039: 2.66525e-05
75040: 2.66521e-05
75041: 2.66517e-05
75042: 2.66514e-05
75043: 2.6651e-05
75044: 2.66507e-05
75045: 2.66503e-05
75046: 2.665e-05
75047: 2.66496e-05
75048: 2.66493e-05
75049: 2.66489e-05
75050: 2.66485e-05
75051: 2.66482e-05
75052: 2.66478e-05
75053: 2.66475e-05
75054: 2.66471e-05
75055: 2.66468e-05
75056: 2.66464e-05
75057: 2.66461e-05
75058: 2.66457e-05
75059: 2.66454e-05
75060: 2.6645e-05
75061: 2.66446e-05
75062: 2.66443e-05
75063: 2.66439e-05
75064: 2.66436e-05
75065: 2.66432e-05
75066: 2.66429e-05
75067: 2.66425e-05
75068: 2.66422e-05
75069: 2.66418e-05
75070: 2.66414e-05
75071: 2.66411e-05
75072: 2.66407e-05
75073: 2.66404e-05
75074: 2.664e-05
75075: 2.66397e-05
75076: 2.66393e-05
75077: 2.6639e-05
75078: 2.66386e-05
75079: 2.66383e-05
75080: 2.66379e-05
75081: 2.66375e-05
75082: 2.66372e-05
75083: 2.66368e-05
75084: 2.66365e-05
75085: 2.66361e-05
75086: 2.66358e-05
75087: 2.66354e-05
75088: 2.66351e-05
75089: 2.66347e-05
75090: 2.66344e-05
75091: 2.6634e-05
75092: 2.66336e-05
75093: 2.66333e-05
75094: 2.66329e-05
75095: 2.66326e-05
75096: 2.66322e-05
75097: 2.66319e-05
75098: 2.66315e-05
75099: 2.66312e-05
75100: 2.66308e-05
75101: 2.66304e-05
75102: 2.66301e-05
75103: 2.66297e-05
75104: 2.66294e-05
75105: 2.6629e-05
75106: 2.66287e-05
75107: 2.66283e-05
75108: 2.6628e-05
75109: 2.66276e-05
75110: 2.66273e-05
75111: 2.66269e-05
75112: 2.66265e-05
75113: 2.66262e-05
75114: 2.66258e-05
75115: 2.66255e-05
75116: 2.66251e-05
75117: 2.66248e-05
75118: 2.66244e-05
75119: 2.66241e-05
75120: 2.66237e-05
75121: 2.66234e-05
75122: 2.6623e-05
75123: 2.66227e-05
75124: 2.66223e-05
75125: 2.66219e-05
75126: 2.66216e-05
75127: 2.66212e-05
75128: 2.66209e-05
75129: 2.66205e-05
75130: 2.66202e-05
75131: 2.66198e-05
75132: 2.66195e-05
75133: 2.66191e-05
75134: 2.66188e-05
75135: 2.66184e-05
75136: 2.6618e-05
75137: 2.66177e-05
75138: 2.66173e-05
75139: 2.6617e-05
75140: 2.66166e-05
75141: 2.66163e-05
75142: 2.66159e-05
75143: 2.66156e-05
75144: 2.66152e-05
75145: 2.66149e-05
75146: 2.66145e-05
75147: 2.66141e-05
75148: 2.66138e-05
75149: 2.66134e-05
75150: 2.66131e-05
75151: 2.66127e-05
75152: 2.66124e-05
75153: 2.6612e-05
75154: 2.66117e-05
75155: 2.66113e-05
75156: 2.6611e-05
75157: 2.66106e-05
75158: 2.66103e-05
75159: 2.66099e-05
75160: 2.66095e-05
75161: 2.66092e-05
75162: 2.66088e-05
75163: 2.66085e-05
75164: 2.66081e-05
75165: 2.66078e-05
75166: 2.66074e-05
75167: 2.66071e-05
75168: 2.66067e-05
75169: 2.66064e-05
75170: 2.6606e-05
75171: 2.66057e-05
75172: 2.66053e-05
75173: 2.66049e-05
75174: 2.66046e-05
75175: 2.66042e-05
75176: 2.66039e-05
75177: 2.66035e-05
75178: 2.66032e-05
75179: 2.66028e-05
75180: 2.66025e-05
75181: 2.66021e-05
75182: 2.66018e-05
75183: 2.66014e-05
75184: 2.66011e-05
75185: 2.66007e-05
75186: 2.66003e-05
75187: 2.66e-05
75188: 2.65996e-05
75189: 2.65993e-05
75190: 2.65989e-05
75191: 2.65986e-05
75192: 2.65982e-05
75193: 2.65979e-05
75194: 2.65975e-05
75195: 2.65972e-05
75196: 2.65968e-05
75197: 2.65965e-05
75198: 2.65961e-05
75199: 2.65957e-05
75200: 2.65954e-05
75201: 2.6595e-05
75202: 2.65947e-05
75203: 2.65943e-05
75204: 2.6594e-05
75205: 2.65936e-05
75206: 2.65933e-05
75207: 2.65929e-05
75208: 2.65926e-05
75209: 2.65922e-05
75210: 2.65919e-05
75211: 2.65915e-05
75212: 2.65911e-05
75213: 2.65908e-05
75214: 2.65904e-05
75215: 2.65901e-05
75216: 2.65897e-05
75217: 2.65894e-05
75218: 2.6589e-05
75219: 2.65887e-05
75220: 2.65883e-05
75221: 2.6588e-05
75222: 2.65876e-05
75223: 2.65873e-05
75224: 2.65869e-05
75225: 2.65866e-05
75226: 2.65862e-05
75227: 2.65858e-05
75228: 2.65855e-05
75229: 2.65851e-05
75230: 2.65848e-05
75231: 2.65844e-05
75232: 2.65841e-05
75233: 2.65837e-05
75234: 2.65834e-05
75235: 2.6583e-05
75236: 2.65827e-05
75237: 2.65823e-05
75238: 2.6582e-05
75239: 2.65816e-05
75240: 2.65813e-05
75241: 2.65809e-05
75242: 2.65805e-05
75243: 2.65802e-05
75244: 2.65798e-05
75245: 2.65795e-05
75246: 2.65791e-05
75247: 2.65788e-05
75248: 2.65784e-05
75249: 2.65781e-05
75250: 2.65777e-05
75251: 2.65774e-05
75252: 2.6577e-05
75253: 2.65767e-05
75254: 2.65763e-05
75255: 2.6576e-05
75256: 2.65756e-05
75257: 2.65752e-05
75258: 2.65749e-05
75259: 2.65745e-05
75260: 2.65742e-05
75261: 2.65738e-05
75262: 2.65735e-05
75263: 2.65731e-05
75264: 2.65728e-05
75265: 2.65724e-05
75266: 2.65721e-05
75267: 2.65717e-05
75268: 2.65714e-05
75269: 2.6571e-05
75270: 2.65707e-05
75271: 2.65703e-05
75272: 2.657e-05
75273: 2.65696e-05
75274: 2.65692e-05
75275: 2.65689e-05
75276: 2.65685e-05
75277: 2.65682e-05
75278: 2.65678e-05
75279: 2.65675e-05
75280: 2.65671e-05
75281: 2.65668e-05
75282: 2.65664e-05
75283: 2.65661e-05
75284: 2.65657e-05
75285: 2.65654e-05
75286: 2.6565e-05
75287: 2.65647e-05
75288: 2.65643e-05
75289: 2.6564e-05
75290: 2.65636e-05
75291: 2.65632e-05
75292: 2.65629e-05
75293: 2.65625e-05
75294: 2.65622e-05
75295: 2.65618e-05
75296: 2.65615e-05
75297: 2.65611e-05
75298: 2.65608e-05
75299: 2.65604e-05
75300: 2.65601e-05
75301: 2.65597e-05
75302: 2.65594e-05
75303: 2.6559e-05
75304: 2.65587e-05
75305: 2.65583e-05
75306: 2.6558e-05
75307: 2.65576e-05
75308: 2.65573e-05
75309: 2.65569e-05
75310: 2.65565e-05
75311: 2.65562e-05
75312: 2.65558e-05
75313: 2.65555e-05
75314: 2.65551e-05
75315: 2.65548e-05
75316: 2.65544e-05
75317: 2.65541e-05
75318: 2.65537e-05
75319: 2.65534e-05
75320: 2.6553e-05
75321: 2.65527e-05
75322: 2.65523e-05
75323: 2.6552e-05
75324: 2.65516e-05
75325: 2.65513e-05
75326: 2.65509e-05
75327: 2.65506e-05
75328: 2.65502e-05
75329: 2.65498e-05
75330: 2.65495e-05
75331: 2.65491e-05
75332: 2.65488e-05
75333: 2.65484e-05
75334: 2.65481e-05
75335: 2.65477e-05
75336: 2.65474e-05
75337: 2.6547e-05
75338: 2.65467e-05
75339: 2.65463e-05
75340: 2.6546e-05
75341: 2.65456e-05
75342: 2.65453e-05
75343: 2.65449e-05
75344: 2.65446e-05
75345: 2.65442e-05
75346: 2.65439e-05
75347: 2.65435e-05
75348: 2.65432e-05
75349: 2.65428e-05
75350: 2.65424e-05
75351: 2.65421e-05
75352: 2.65417e-05
75353: 2.65414e-05
75354: 2.6541e-05
75355: 2.65407e-05
75356: 2.65403e-05
75357: 2.654e-05
75358: 2.65396e-05
75359: 2.65393e-05
75360: 2.65389e-05
75361: 2.65386e-05
75362: 2.65382e-05
75363: 2.65379e-05
75364: 2.65375e-05
75365: 2.65372e-05
75366: 2.65368e-05
75367: 2.65365e-05
75368: 2.65361e-05
75369: 2.65358e-05
75370: 2.65354e-05
75371: 2.65351e-05
75372: 2.65347e-05
75373: 2.65343e-05
75374: 2.6534e-05
75375: 2.65336e-05
75376: 2.65333e-05
75377: 2.65329e-05
75378: 2.65326e-05
75379: 2.65322e-05
75380: 2.65319e-05
75381: 2.65315e-05
75382: 2.65312e-05
75383: 2.65308e-05
75384: 2.65305e-05
75385: 2.65301e-05
75386: 2.65298e-05
75387: 2.65294e-05
75388: 2.65291e-05
75389: 2.65287e-05
75390: 2.65284e-05
75391: 2.6528e-05
75392: 2.65277e-05
75393: 2.65273e-05
75394: 2.6527e-05
75395: 2.65266e-05
75396: 2.65263e-05
75397: 2.65259e-05
75398: 2.65256e-05
75399: 2.65252e-05
75400: 2.65248e-05
75401: 2.65245e-05
75402: 2.65241e-05
75403: 2.65238e-05
75404: 2.65234e-05
75405: 2.65231e-05
75406: 2.65227e-05
75407: 2.65224e-05
75408: 2.6522e-05
75409: 2.65217e-05
75410: 2.65213e-05
75411: 2.6521e-05
75412: 2.65206e-05
75413: 2.65203e-05
75414: 2.65199e-05
75415: 2.65196e-05
75416: 2.65192e-05
75417: 2.65189e-05
75418: 2.65185e-05
75419: 2.65182e-05
75420: 2.65178e-05
75421: 2.65175e-05
75422: 2.65171e-05
75423: 2.65168e-05
75424: 2.65164e-05
75425: 2.65161e-05
75426: 2.65157e-05
75427: 2.65154e-05
75428: 2.6515e-05
75429: 2.65146e-05
75430: 2.65143e-05
75431: 2.65139e-05
75432: 2.65136e-05
75433: 2.65132e-05
75434: 2.65129e-05
75435: 2.65125e-05
75436: 2.65122e-05
75437: 2.65118e-05
75438: 2.65115e-05
75439: 2.65111e-05
75440: 2.65108e-05
75441: 2.65104e-05
75442: 2.65101e-05
75443: 2.65097e-05
75444: 2.65094e-05
75445: 2.6509e-05
75446: 2.65087e-05
75447: 2.65083e-05
75448: 2.6508e-05
75449: 2.65076e-05
75450: 2.65073e-05
75451: 2.65069e-05
75452: 2.65066e-05
75453: 2.65062e-05
75454: 2.65059e-05
75455: 2.65055e-05
75456: 2.65052e-05
75457: 2.65048e-05
75458: 2.65045e-05
75459: 2.65041e-05
75460: 2.65038e-05
75461: 2.65034e-05
75462: 2.65031e-05
75463: 2.65027e-05
75464: 2.65024e-05
75465: 2.6502e-05
75466: 2.65016e-05
75467: 2.65013e-05
75468: 2.65009e-05
75469: 2.65006e-05
75470: 2.65002e-05
75471: 2.64999e-05
75472: 2.64995e-05
75473: 2.64992e-05
75474: 2.64988e-05
75475: 2.64985e-05
75476: 2.64981e-05
75477: 2.64978e-05
75478: 2.64974e-05
75479: 2.64971e-05
75480: 2.64967e-05
75481: 2.64964e-05
75482: 2.6496e-05
75483: 2.64957e-05
75484: 2.64953e-05
75485: 2.6495e-05
75486: 2.64946e-05
75487: 2.64943e-05
75488: 2.64939e-05
75489: 2.64936e-05
75490: 2.64932e-05
75491: 2.64929e-05
75492: 2.64925e-05
75493: 2.64922e-05
75494: 2.64918e-05
75495: 2.64915e-05
75496: 2.64911e-05
75497: 2.64908e-05
75498: 2.64904e-05
75499: 2.64901e-05
75500: 2.64897e-05
75501: 2.64894e-05
75502: 2.6489e-05
75503: 2.64887e-05
75504: 2.64883e-05
75505: 2.6488e-05
75506: 2.64876e-05
75507: 2.64873e-05
75508: 2.64869e-05
75509: 2.64866e-05
75510: 2.64862e-05
75511: 2.64859e-05
75512: 2.64855e-05
75513: 2.64852e-05
75514: 2.64848e-05
75515: 2.64845e-05
75516: 2.64841e-05
75517: 2.64838e-05
75518: 2.64834e-05
75519: 2.64831e-05
75520: 2.64827e-05
75521: 2.64823e-05
75522: 2.6482e-05
75523: 2.64816e-05
75524: 2.64813e-05
75525: 2.64809e-05
75526: 2.64806e-05
75527: 2.64802e-05
75528: 2.64799e-05
75529: 2.64795e-05
75530: 2.64792e-05
75531: 2.64788e-05
75532: 2.64785e-05
75533: 2.64781e-05
75534: 2.64778e-05
75535: 2.64774e-05
75536: 2.64771e-05
75537: 2.64767e-05
75538: 2.64764e-05
75539: 2.6476e-05
75540: 2.64757e-05
75541: 2.64753e-05
75542: 2.6475e-05
75543: 2.64746e-05
75544: 2.64743e-05
75545: 2.64739e-05
75546: 2.64736e-05
75547: 2.64732e-05
75548: 2.64729e-05
75549: 2.64725e-05
75550: 2.64722e-05
75551: 2.64718e-05
75552: 2.64715e-05
75553: 2.64711e-05
75554: 2.64708e-05
75555: 2.64704e-05
75556: 2.64701e-05
75557: 2.64697e-05
75558: 2.64694e-05
75559: 2.6469e-05
75560: 2.64687e-05
75561: 2.64683e-05
75562: 2.6468e-05
75563: 2.64676e-05
75564: 2.64673e-05
75565: 2.64669e-05
75566: 2.64666e-05
75567: 2.64662e-05
75568: 2.64659e-05
75569: 2.64655e-05
75570: 2.64652e-05
75571: 2.64648e-05
75572: 2.64645e-05
75573: 2.64641e-05
75574: 2.64638e-05
75575: 2.64634e-05
75576: 2.64631e-05
75577: 2.64627e-05
75578: 2.64624e-05
75579: 2.6462e-05
75580: 2.64617e-05
75581: 2.64613e-05
75582: 2.6461e-05
75583: 2.64606e-05
75584: 2.64603e-05
75585: 2.64599e-05
75586: 2.64596e-05
75587: 2.64592e-05
75588: 2.64589e-05
75589: 2.64585e-05
75590: 2.64582e-05
75591: 2.64578e-05
75592: 2.64575e-05
75593: 2.64571e-05
75594: 2.64568e-05
75595: 2.64564e-05
75596: 2.64561e-05
75597: 2.64557e-05
75598: 2.64554e-05
75599: 2.6455e-05
75600: 2.64547e-05
75601: 2.64543e-05
75602: 2.6454e-05
75603: 2.64536e-05
75604: 2.64533e-05
75605: 2.64529e-05
75606: 2.64526e-05
75607: 2.64522e-05
75608: 2.64519e-05
75609: 2.64515e-05
75610: 2.64512e-05
75611: 2.64508e-05
75612: 2.64505e-05
75613: 2.64501e-05
75614: 2.64498e-05
75615: 2.64494e-05
75616: 2.64491e-05
75617: 2.64487e-05
75618: 2.64484e-05
75619: 2.6448e-05
75620: 2.64477e-05
75621: 2.64473e-05
75622: 2.6447e-05
75623: 2.64466e-05
75624: 2.64463e-05
75625: 2.64459e-05
75626: 2.64456e-05
75627: 2.64452e-05
75628: 2.64449e-05
75629: 2.64445e-05
75630: 2.64442e-05
75631: 2.64438e-05
75632: 2.64435e-05
75633: 2.64431e-05
75634: 2.64428e-05
75635: 2.64424e-05
75636: 2.64421e-05
75637: 2.64417e-05
75638: 2.64414e-05
75639: 2.6441e-05
75640: 2.64407e-05
75641: 2.64403e-05
75642: 2.644e-05
75643: 2.64396e-05
75644: 2.64393e-05
75645: 2.64389e-05
75646: 2.64386e-05
75647: 2.64382e-05
75648: 2.64379e-05
75649: 2.64375e-05
75650: 2.64372e-05
75651: 2.64368e-05
75652: 2.64365e-05
75653: 2.64361e-05
75654: 2.64358e-05
75655: 2.64354e-05
75656: 2.64351e-05
75657: 2.64347e-05
75658: 2.64344e-05
75659: 2.6434e-05
75660: 2.64337e-05
75661: 2.64333e-05
75662: 2.6433e-05
75663: 2.64326e-05
75664: 2.64323e-05
75665: 2.6432e-05
75666: 2.64316e-05
75667: 2.64313e-05
75668: 2.64309e-05
75669: 2.64306e-05
75670: 2.64302e-05
75671: 2.64299e-05
75672: 2.64295e-05
75673: 2.64292e-05
75674: 2.64288e-05
75675: 2.64285e-05
75676: 2.64281e-05
75677: 2.64278e-05
75678: 2.64274e-05
75679: 2.64271e-05
75680: 2.64267e-05
75681: 2.64264e-05
75682: 2.6426e-05
75683: 2.64257e-05
75684: 2.64253e-05
75685: 2.6425e-05
75686: 2.64246e-05
75687: 2.64243e-05
75688: 2.64239e-05
75689: 2.64236e-05
75690: 2.64232e-05
75691: 2.64229e-05
75692: 2.64225e-05
75693: 2.64222e-05
75694: 2.64218e-05
75695: 2.64215e-05
75696: 2.64211e-05
75697: 2.64208e-05
75698: 2.64204e-05
75699: 2.64201e-05
75700: 2.64197e-05
75701: 2.64194e-05
75702: 2.6419e-05
75703: 2.64187e-05
75704: 2.64183e-05
75705: 2.6418e-05
75706: 2.64176e-05
75707: 2.64173e-05
75708: 2.64169e-05
75709: 2.64166e-05
75710: 2.64162e-05
75711: 2.64159e-05
75712: 2.64155e-05
75713: 2.64152e-05
75714: 2.64148e-05
75715: 2.64145e-05
75716: 2.64141e-05
75717: 2.64138e-05
75718: 2.64134e-05
75719: 2.64131e-05
75720: 2.64128e-05
75721: 2.64124e-05
75722: 2.64121e-05
75723: 2.64117e-05
75724: 2.64114e-05
75725: 2.6411e-05
75726: 2.64107e-05
75727: 2.64103e-05
75728: 2.641e-05
75729: 2.64096e-05
75730: 2.64093e-05
75731: 2.64089e-05
75732: 2.64086e-05
75733: 2.64082e-05
75734: 2.64079e-05
75735: 2.64075e-05
75736: 2.64072e-05
75737: 2.64068e-05
75738: 2.64065e-05
75739: 2.64061e-05
75740: 2.64058e-05
75741: 2.64054e-05
75742: 2.64051e-05
75743: 2.64047e-05
75744: 2.64044e-05
75745: 2.6404e-05
75746: 2.64037e-05
75747: 2.64033e-05
75748: 2.6403e-05
75749: 2.64026e-05
75750: 2.64023e-05
75751: 2.64019e-05
75752: 2.64016e-05
75753: 2.64012e-05
75754: 2.64009e-05
75755: 2.64005e-05
75756: 2.64002e-05
75757: 2.63999e-05
75758: 2.63995e-05
75759: 2.63992e-05
75760: 2.63988e-05
75761: 2.63985e-05
75762: 2.63981e-05
75763: 2.63978e-05
75764: 2.63974e-05
75765: 2.63971e-05
75766: 2.63967e-05
75767: 2.63964e-05
75768: 2.6396e-05
75769: 2.63957e-05
75770: 2.63953e-05
75771: 2.6395e-05
75772: 2.63946e-05
75773: 2.63943e-05
75774: 2.63939e-05
75775: 2.63936e-05
75776: 2.63932e-05
75777: 2.63929e-05
75778: 2.63925e-05
75779: 2.63922e-05
75780: 2.63918e-05
75781: 2.63915e-05
75782: 2.63911e-05
75783: 2.63908e-05
75784: 2.63904e-05
75785: 2.63901e-05
75786: 2.63898e-05
75787: 2.63894e-05
75788: 2.63891e-05
75789: 2.63887e-05
75790: 2.63884e-05
75791: 2.6388e-05
75792: 2.63877e-05
75793: 2.63873e-05
75794: 2.6387e-05
75795: 2.63866e-05
75796: 2.63863e-05
75797: 2.63859e-05
75798: 2.63856e-05
75799: 2.63852e-05
75800: 2.63849e-05
75801: 2.63845e-05
75802: 2.63842e-05
75803: 2.63838e-05
75804: 2.63835e-05
75805: 2.63831e-05
75806: 2.63828e-05
75807: 2.63824e-05
75808: 2.63821e-05
75809: 2.63817e-05
75810: 2.63814e-05
75811: 2.6381e-05
75812: 2.63807e-05
75813: 2.63804e-05
75814: 2.638e-05
75815: 2.63797e-05
75816: 2.63793e-05
75817: 2.6379e-05
75818: 2.63786e-05
75819: 2.63783e-05
75820: 2.63779e-05
75821: 2.63776e-05
75822: 2.63772e-05
75823: 2.63769e-05
75824: 2.63765e-05
75825: 2.63762e-05
75826: 2.63758e-05
75827: 2.63755e-05
75828: 2.63751e-05
75829: 2.63748e-05
75830: 2.63744e-05
75831: 2.63741e-05
75832: 2.63737e-05
75833: 2.63734e-05
75834: 2.6373e-05
75835: 2.63727e-05
75836: 2.63724e-05
75837: 2.6372e-05
75838: 2.63717e-05
75839: 2.63713e-05
75840: 2.6371e-05
75841: 2.63706e-05
75842: 2.63703e-05
75843: 2.63699e-05
75844: 2.63696e-05
75845: 2.63692e-05
75846: 2.63689e-05
75847: 2.63685e-05
75848: 2.63682e-05
75849: 2.63678e-05
75850: 2.63675e-05
75851: 2.63671e-05
75852: 2.63668e-05
75853: 2.63664e-05
75854: 2.63661e-05
75855: 2.63657e-05
75856: 2.63654e-05
75857: 2.63651e-05
75858: 2.63647e-05
75859: 2.63644e-05
75860: 2.6364e-05
75861: 2.63637e-05
75862: 2.63633e-05
75863: 2.6363e-05
75864: 2.63626e-05
75865: 2.63623e-05
75866: 2.63619e-05
75867: 2.63616e-05
75868: 2.63612e-05
75869: 2.63609e-05
75870: 2.63605e-05
75871: 2.63602e-05
75872: 2.63598e-05
75873: 2.63595e-05
75874: 2.63591e-05
75875: 2.63588e-05
75876: 2.63584e-05
75877: 2.63581e-05
75878: 2.63578e-05
75879: 2.63574e-05
75880: 2.63571e-05
75881: 2.63567e-05
75882: 2.63564e-05
75883: 2.6356e-05
75884: 2.63557e-05
75885: 2.63553e-05
75886: 2.6355e-05
75887: 2.63546e-05
75888: 2.63543e-05
75889: 2.63539e-05
75890: 2.63536e-05
75891: 2.63532e-05
75892: 2.63529e-05
75893: 2.63525e-05
75894: 2.63522e-05
75895: 2.63518e-05
75896: 2.63515e-05
75897: 2.63512e-05
75898: 2.63508e-05
75899: 2.63505e-05
75900: 2.63501e-05
75901: 2.63498e-05
75902: 2.63494e-05
75903: 2.63491e-05
75904: 2.63487e-05
75905: 2.63484e-05
75906: 2.6348e-05
75907: 2.63477e-05
75908: 2.63473e-05
75909: 2.6347e-05
75910: 2.63466e-05
75911: 2.63463e-05
75912: 2.63459e-05
75913: 2.63456e-05
75914: 2.63453e-05
75915: 2.63449e-05
75916: 2.63446e-05
75917: 2.63442e-05
75918: 2.63439e-05
75919: 2.63435e-05
75920: 2.63432e-05
75921: 2.63428e-05
75922: 2.63425e-05
75923: 2.63421e-05
75924: 2.63418e-05
75925: 2.63414e-05
75926: 2.63411e-05
75927: 2.63407e-05
75928: 2.63404e-05
75929: 2.63401e-05
75930: 2.63397e-05
75931: 2.63394e-05
75932: 2.6339e-05
75933: 2.63387e-05
75934: 2.63383e-05
75935: 2.6338e-05
75936: 2.63376e-05
75937: 2.63373e-05
75938: 2.63369e-05
75939: 2.63366e-05
75940: 2.63362e-05
75941: 2.63359e-05
75942: 2.63355e-05
75943: 2.63352e-05
75944: 2.63348e-05
75945: 2.63345e-05
75946: 2.63342e-05
75947: 2.63338e-05
75948: 2.63335e-05
75949: 2.63331e-05
75950: 2.63328e-05
75951: 2.63324e-05
75952: 2.63321e-05
75953: 2.63317e-05
75954: 2.63314e-05
75955: 2.6331e-05
75956: 2.63307e-05
75957: 2.63303e-05
75958: 2.633e-05
75959: 2.63296e-05
75960: 2.63293e-05
75961: 2.6329e-05
75962: 2.63286e-05
75963: 2.63283e-05
75964: 2.63279e-05
75965: 2.63276e-05
75966: 2.63272e-05
75967: 2.63269e-05
75968: 2.63265e-05
75969: 2.63262e-05
75970: 2.63258e-05
75971: 2.63255e-05
75972: 2.63251e-05
75973: 2.63248e-05
75974: 2.63244e-05
75975: 2.63241e-05
75976: 2.63238e-05
75977: 2.63234e-05
75978: 2.63231e-05
75979: 2.63227e-05
75980: 2.63224e-05
75981: 2.6322e-05
75982: 2.63217e-05
75983: 2.63213e-05
75984: 2.6321e-05
75985: 2.63206e-05
75986: 2.63203e-05
75987: 2.63199e-05
75988: 2.63196e-05
75989: 2.63193e-05
75990: 2.63189e-05
75991: 2.63186e-05
75992: 2.63182e-05
75993: 2.63179e-05
75994: 2.63175e-05
75995: 2.63172e-05
75996: 2.63168e-05
75997: 2.63165e-05
75998: 2.63161e-05
75999: 2.63158e-05
76000: 2.63154e-05
76001: 2.63151e-05
76002: 2.63148e-05
76003: 2.63144e-05
76004: 2.63141e-05
76005: 2.63137e-05
76006: 2.63134e-05
76007: 2.6313e-05
76008: 2.63127e-05
76009: 2.63123e-05
76010: 2.6312e-05
76011: 2.63116e-05
76012: 2.63113e-05
76013: 2.63109e-05
76014: 2.63106e-05
76015: 2.63103e-05
76016: 2.63099e-05
76017: 2.63096e-05
76018: 2.63092e-05
76019: 2.63089e-05
76020: 2.63085e-05
76021: 2.63082e-05
76022: 2.63078e-05
76023: 2.63075e-05
76024: 2.63071e-05
76025: 2.63068e-05
76026: 2.63064e-05
76027: 2.63061e-05
76028: 2.63058e-05
76029: 2.63054e-05
76030: 2.63051e-05
76031: 2.63047e-05
76032: 2.63044e-05
76033: 2.6304e-05
76034: 2.63037e-05
76035: 2.63033e-05
76036: 2.6303e-05
76037: 2.63026e-05
76038: 2.63023e-05
76039: 2.63019e-05
76040: 2.63016e-05
76041: 2.63013e-05
76042: 2.63009e-05
76043: 2.63006e-05
76044: 2.63002e-05
76045: 2.62999e-05
76046: 2.62995e-05
76047: 2.62992e-05
76048: 2.62988e-05
76049: 2.62985e-05
76050: 2.62981e-05
76051: 2.62978e-05
76052: 2.62975e-05
76053: 2.62971e-05
76054: 2.62968e-05
76055: 2.62964e-05
76056: 2.62961e-05
76057: 2.62957e-05
76058: 2.62954e-05
76059: 2.6295e-05
76060: 2.62947e-05
76061: 2.62943e-05
76062: 2.6294e-05
76063: 2.62936e-05
76064: 2.62933e-05
76065: 2.6293e-05
76066: 2.62926e-05
76067: 2.62923e-05
76068: 2.62919e-05
76069: 2.62916e-05
76070: 2.62912e-05
76071: 2.62909e-05
76072: 2.62905e-05
76073: 2.62902e-05
76074: 2.62898e-05
76075: 2.62895e-05
76076: 2.62892e-05
76077: 2.62888e-05
76078: 2.62885e-05
76079: 2.62881e-05
76080: 2.62878e-05
76081: 2.62874e-05
76082: 2.62871e-05
76083: 2.62867e-05
76084: 2.62864e-05
76085: 2.6286e-05
76086: 2.62857e-05
76087: 2.62854e-05
76088: 2.6285e-05
76089: 2.62847e-05
76090: 2.62843e-05
76091: 2.6284e-05
76092: 2.62836e-05
76093: 2.62833e-05
76094: 2.62829e-05
76095: 2.62826e-05
76096: 2.62822e-05
76097: 2.62819e-05
76098: 2.62816e-05
76099: 2.62812e-05
76100: 2.62809e-05
76101: 2.62805e-05
76102: 2.62802e-05
76103: 2.62798e-05
76104: 2.62795e-05
76105: 2.62791e-05
76106: 2.62788e-05
76107: 2.62784e-05
76108: 2.62781e-05
76109: 2.62778e-05
76110: 2.62774e-05
76111: 2.62771e-05
76112: 2.62767e-05
76113: 2.62764e-05
76114: 2.6276e-05
76115: 2.62757e-05
76116: 2.62753e-05
76117: 2.6275e-05
76118: 2.62746e-05
76119: 2.62743e-05
76120: 2.6274e-05
76121: 2.62736e-05
76122: 2.62733e-05
76123: 2.62729e-05
76124: 2.62726e-05
76125: 2.62722e-05
76126: 2.62719e-05
76127: 2.62715e-05
76128: 2.62712e-05
76129: 2.62709e-05
76130: 2.62705e-05
76131: 2.62702e-05
76132: 2.62698e-05
76133: 2.62695e-05
76134: 2.62691e-05
76135: 2.62688e-05
76136: 2.62684e-05
76137: 2.62681e-05
76138: 2.62677e-05
76139: 2.62674e-05
76140: 2.62671e-05
76141: 2.62667e-05
76142: 2.62664e-05
76143: 2.6266e-05
76144: 2.62657e-05
76145: 2.62653e-05
76146: 2.6265e-05
76147: 2.62646e-05
76148: 2.62643e-05
76149: 2.6264e-05
76150: 2.62636e-05
76151: 2.62633e-05
76152: 2.62629e-05
76153: 2.62626e-05
76154: 2.62622e-05
76155: 2.62619e-05
76156: 2.62615e-05
76157: 2.62612e-05
76158: 2.62608e-05
76159: 2.62605e-05
76160: 2.62602e-05
76161: 2.62598e-05
76162: 2.62595e-05
76163: 2.62591e-05
76164: 2.62588e-05
76165: 2.62584e-05
76166: 2.62581e-05
76167: 2.62577e-05
76168: 2.62574e-05
76169: 2.62571e-05
76170: 2.62567e-05
76171: 2.62564e-05
76172: 2.6256e-05
76173: 2.62557e-05
76174: 2.62553e-05
76175: 2.6255e-05
76176: 2.62546e-05
76177: 2.62543e-05
76178: 2.6254e-05
76179: 2.62536e-05
76180: 2.62533e-05
76181: 2.62529e-05
76182: 2.62526e-05
76183: 2.62522e-05
76184: 2.62519e-05
76185: 2.62515e-05
76186: 2.62512e-05
76187: 2.62509e-05
76188: 2.62505e-05
76189: 2.62502e-05
76190: 2.62498e-05
76191: 2.62495e-05
76192: 2.62491e-05
76193: 2.62488e-05
76194: 2.62484e-05
76195: 2.62481e-05
76196: 2.62478e-05
76197: 2.62474e-05
76198: 2.62471e-05
76199: 2.62467e-05
76200: 2.62464e-05
76201: 2.6246e-05
76202: 2.62457e-05
76203: 2.62453e-05
76204: 2.6245e-05
76205: 2.62447e-05
76206: 2.62443e-05
76207: 2.6244e-05
76208: 2.62436e-05
76209: 2.62433e-05
76210: 2.62429e-05
76211: 2.62426e-05
76212: 2.62422e-05
76213: 2.62419e-05
76214: 2.62416e-05
76215: 2.62412e-05
76216: 2.62409e-05
76217: 2.62405e-05
76218: 2.62402e-05
76219: 2.62398e-05
76220: 2.62395e-05
76221: 2.62391e-05
76222: 2.62388e-05
76223: 2.62385e-05
76224: 2.62381e-05
76225: 2.62378e-05
76226: 2.62374e-05
76227: 2.62371e-05
76228: 2.62367e-05
76229: 2.62364e-05
76230: 2.6236e-05
76231: 2.62357e-05
76232: 2.62354e-05
76233: 2.6235e-05
76234: 2.62347e-05
76235: 2.62343e-05
76236: 2.6234e-05
76237: 2.62336e-05
76238: 2.62333e-05
76239: 2.62329e-05
76240: 2.62326e-05
76241: 2.62323e-05
76242: 2.62319e-05
76243: 2.62316e-05
76244: 2.62312e-05
76245: 2.62309e-05
76246: 2.62305e-05
76247: 2.62302e-05
76248: 2.62299e-05
76249: 2.62295e-05
76250: 2.62292e-05
76251: 2.62288e-05
76252: 2.62285e-05
76253: 2.62281e-05
76254: 2.62278e-05
76255: 2.62274e-05
76256: 2.62271e-05
76257: 2.62268e-05
76258: 2.62264e-05
76259: 2.62261e-05
76260: 2.62257e-05
76261: 2.62254e-05
76262: 2.6225e-05
76263: 2.62247e-05
76264: 2.62243e-05
76265: 2.6224e-05
76266: 2.62237e-05
76267: 2.62233e-05
76268: 2.6223e-05
76269: 2.62226e-05
76270: 2.62223e-05
76271: 2.62219e-05
76272: 2.62216e-05
76273: 2.62213e-05
76274: 2.62209e-05
76275: 2.62206e-05
76276: 2.62202e-05
76277: 2.62199e-05
76278: 2.62195e-05
76279: 2.62192e-05
76280: 2.62188e-05
76281: 2.62185e-05
76282: 2.62182e-05
76283: 2.62178e-05
76284: 2.62175e-05
76285: 2.62171e-05
76286: 2.62168e-05
76287: 2.62164e-05
76288: 2.62161e-05
76289: 2.62158e-05
76290: 2.62154e-05
76291: 2.62151e-05
76292: 2.62147e-05
76293: 2.62144e-05
76294: 2.6214e-05
76295: 2.62137e-05
76296: 2.62134e-05
76297: 2.6213e-05
76298: 2.62127e-05
76299: 2.62123e-05
76300: 2.6212e-05
76301: 2.62116e-05
76302: 2.62113e-05
76303: 2.62109e-05
76304: 2.62106e-05
76305: 2.62103e-05
76306: 2.62099e-05
76307: 2.62096e-05
76308: 2.62092e-05
76309: 2.62089e-05
76310: 2.62085e-05
76311: 2.62082e-05
76312: 2.62079e-05
76313: 2.62075e-05
76314: 2.62072e-05
76315: 2.62068e-05
76316: 2.62065e-05
76317: 2.62061e-05
76318: 2.62058e-05
76319: 2.62055e-05
76320: 2.62051e-05
76321: 2.62048e-05
76322: 2.62044e-05
76323: 2.62041e-05
76324: 2.62037e-05
76325: 2.62034e-05
76326: 2.6203e-05
76327: 2.62027e-05
76328: 2.62024e-05
76329: 2.6202e-05
76330: 2.62017e-05
76331: 2.62013e-05
76332: 2.6201e-05
76333: 2.62006e-05
76334: 2.62003e-05
76335: 2.62e-05
76336: 2.61996e-05
76337: 2.61993e-05
76338: 2.61989e-05
76339: 2.61986e-05
76340: 2.61982e-05
76341: 2.61979e-05
76342: 2.61976e-05
76343: 2.61972e-05
76344: 2.61969e-05
76345: 2.61965e-05
76346: 2.61962e-05
76347: 2.61958e-05
76348: 2.61955e-05
76349: 2.61952e-05
76350: 2.61948e-05
76351: 2.61945e-05
76352: 2.61941e-05
76353: 2.61938e-05
76354: 2.61934e-05
76355: 2.61931e-05
76356: 2.61928e-05
76357: 2.61924e-05
76358: 2.61921e-05
76359: 2.61917e-05
76360: 2.61914e-05
76361: 2.6191e-05
76362: 2.61907e-05
76363: 2.61904e-05
76364: 2.619e-05
76365: 2.61897e-05
76366: 2.61893e-05
76367: 2.6189e-05
76368: 2.61886e-05
76369: 2.61883e-05
76370: 2.6188e-05
76371: 2.61876e-05
76372: 2.61873e-05
76373: 2.61869e-05
76374: 2.61866e-05
76375: 2.61862e-05
76376: 2.61859e-05
76377: 2.61856e-05
76378: 2.61852e-05
76379: 2.61849e-05
76380: 2.61845e-05
76381: 2.61842e-05
76382: 2.61838e-05
76383: 2.61835e-05
76384: 2.61832e-05
76385: 2.61828e-05
76386: 2.61825e-05
76387: 2.61821e-05
76388: 2.61818e-05
76389: 2.61814e-05
76390: 2.61811e-05
76391: 2.61808e-05
76392: 2.61804e-05
76393: 2.61801e-05
76394: 2.61797e-05
76395: 2.61794e-05
76396: 2.6179e-05
76397: 2.61787e-05
76398: 2.61784e-05
76399: 2.6178e-05
76400: 2.61777e-05
76401: 2.61773e-05
76402: 2.6177e-05
76403: 2.61766e-05
76404: 2.61763e-05
76405: 2.6176e-05
76406: 2.61756e-05
76407: 2.61753e-05
76408: 2.61749e-05
76409: 2.61746e-05
76410: 2.61742e-05
76411: 2.61739e-05
76412: 2.61736e-05
76413: 2.61732e-05
76414: 2.61729e-05
76415: 2.61725e-05
76416: 2.61722e-05
76417: 2.61718e-05
76418: 2.61715e-05
76419: 2.61712e-05
76420: 2.61708e-05
76421: 2.61705e-05
76422: 2.61701e-05
76423: 2.61698e-05
76424: 2.61694e-05
76425: 2.61691e-05
76426: 2.61688e-05
76427: 2.61684e-05
76428: 2.61681e-05
76429: 2.61677e-05
76430: 2.61674e-05
76431: 2.61671e-05
76432: 2.61667e-05
76433: 2.61664e-05
76434: 2.6166e-05
76435: 2.61657e-05
76436: 2.61653e-05
76437: 2.6165e-05
76438: 2.61647e-05
76439: 2.61643e-05
76440: 2.6164e-05
76441: 2.61636e-05
76442: 2.61633e-05
76443: 2.61629e-05
76444: 2.61626e-05
76445: 2.61623e-05
76446: 2.61619e-05
76447: 2.61616e-05
76448: 2.61612e-05
76449: 2.61609e-05
76450: 2.61605e-05
76451: 2.61602e-05
76452: 2.61599e-05
76453: 2.61595e-05
76454: 2.61592e-05
76455: 2.61588e-05
76456: 2.61585e-05
76457: 2.61582e-05
76458: 2.61578e-05
76459: 2.61575e-05
76460: 2.61571e-05
76461: 2.61568e-05
76462: 2.61564e-05
76463: 2.61561e-05
76464: 2.61558e-05
76465: 2.61554e-05
76466: 2.61551e-05
76467: 2.61547e-05
76468: 2.61544e-05
76469: 2.6154e-05
76470: 2.61537e-05
76471: 2.61534e-05
76472: 2.6153e-05
76473: 2.61527e-05
76474: 2.61523e-05
76475: 2.6152e-05
76476: 2.61517e-05
76477: 2.61513e-05
76478: 2.6151e-05
76479: 2.61506e-05
76480: 2.61503e-05
76481: 2.61499e-05
76482: 2.61496e-05
76483: 2.61493e-05
76484: 2.61489e-05
76485: 2.61486e-05
76486: 2.61482e-05
76487: 2.61479e-05
76488: 2.61476e-05
76489: 2.61472e-05
76490: 2.61469e-05
76491: 2.61465e-05
76492: 2.61462e-05
76493: 2.61458e-05
76494: 2.61455e-05
76495: 2.61452e-05
76496: 2.61448e-05
76497: 2.61445e-05
76498: 2.61441e-05
76499: 2.61438e-05
76500: 2.61434e-05
76501: 2.61431e-05
76502: 2.61428e-05
76503: 2.61424e-05
76504: 2.61421e-05
76505: 2.61417e-05
76506: 2.61414e-05
76507: 2.61411e-05
76508: 2.61407e-05
76509: 2.61404e-05
76510: 2.614e-05
76511: 2.61397e-05
76512: 2.61393e-05
76513: 2.6139e-05
76514: 2.61387e-05
76515: 2.61383e-05
76516: 2.6138e-05
76517: 2.61376e-05
76518: 2.61373e-05
76519: 2.6137e-05
76520: 2.61366e-05
76521: 2.61363e-05
76522: 2.61359e-05
76523: 2.61356e-05
76524: 2.61352e-05
76525: 2.61349e-05
76526: 2.61346e-05
76527: 2.61342e-05
76528: 2.61339e-05
76529: 2.61335e-05
76530: 2.61332e-05
76531: 2.61329e-05
76532: 2.61325e-05
76533: 2.61322e-05
76534: 2.61318e-05
76535: 2.61315e-05
76536: 2.61312e-05
76537: 2.61308e-05
76538: 2.61305e-05
76539: 2.61301e-05
76540: 2.61298e-05
76541: 2.61294e-05
76542: 2.61291e-05
76543: 2.61288e-05
76544: 2.61284e-05
76545: 2.61281e-05
76546: 2.61277e-05
76547: 2.61274e-05
76548: 2.61271e-05
76549: 2.61267e-05
76550: 2.61264e-05
76551: 2.6126e-05
76552: 2.61257e-05
76553: 2.61253e-05
76554: 2.6125e-05
76555: 2.61247e-05
76556: 2.61243e-05
76557: 2.6124e-05
76558: 2.61236e-05
76559: 2.61233e-05
76560: 2.6123e-05
76561: 2.61226e-05
76562: 2.61223e-05
76563: 2.61219e-05
76564: 2.61216e-05
76565: 2.61213e-05
76566: 2.61209e-05
76567: 2.61206e-05
76568: 2.61202e-05
76569: 2.61199e-05
76570: 2.61195e-05
76571: 2.61192e-05
76572: 2.61189e-05
76573: 2.61185e-05
76574: 2.61182e-05
76575: 2.61178e-05
76576: 2.61175e-05
76577: 2.61172e-05
76578: 2.61168e-05
76579: 2.61165e-05
76580: 2.61161e-05
76581: 2.61158e-05
76582: 2.61155e-05
76583: 2.61151e-05
76584: 2.61148e-05
76585: 2.61144e-05
76586: 2.61141e-05
76587: 2.61138e-05
76588: 2.61134e-05
76589: 2.61131e-05
76590: 2.61127e-05
76591: 2.61124e-05
76592: 2.6112e-05
76593: 2.61117e-05
76594: 2.61114e-05
76595: 2.6111e-05
76596: 2.61107e-05
76597: 2.61103e-05
76598: 2.611e-05
76599: 2.61097e-05
76600: 2.61093e-05
76601: 2.6109e-05
76602: 2.61086e-05
76603: 2.61083e-05
76604: 2.6108e-05
76605: 2.61076e-05
76606: 2.61073e-05
76607: 2.61069e-05
76608: 2.61066e-05
76609: 2.61063e-05
76610: 2.61059e-05
76611: 2.61056e-05
76612: 2.61052e-05
76613: 2.61049e-05
76614: 2.61045e-05
76615: 2.61042e-05
76616: 2.61039e-05
76617: 2.61035e-05
76618: 2.61032e-05
76619: 2.61028e-05
76620: 2.61025e-05
76621: 2.61022e-05
76622: 2.61018e-05
76623: 2.61015e-05
76624: 2.61011e-05
76625: 2.61008e-05
76626: 2.61005e-05
76627: 2.61001e-05
76628: 2.60998e-05
76629: 2.60994e-05
76630: 2.60991e-05
76631: 2.60988e-05
76632: 2.60984e-05
76633: 2.60981e-05
76634: 2.60977e-05
76635: 2.60974e-05
76636: 2.60971e-05
76637: 2.60967e-05
76638: 2.60964e-05
76639: 2.6096e-05
76640: 2.60957e-05
76641: 2.60954e-05
76642: 2.6095e-05
76643: 2.60947e-05
76644: 2.60943e-05
76645: 2.6094e-05
76646: 2.60937e-05
76647: 2.60933e-05
76648: 2.6093e-05
76649: 2.60926e-05
76650: 2.60923e-05
76651: 2.60919e-05
76652: 2.60916e-05
76653: 2.60913e-05
76654: 2.60909e-05
76655: 2.60906e-05
76656: 2.60902e-05
76657: 2.60899e-05
76658: 2.60896e-05
76659: 2.60892e-05
76660: 2.60889e-05
76661: 2.60885e-05
76662: 2.60882e-05
76663: 2.60879e-05
76664: 2.60875e-05
76665: 2.60872e-05
76666: 2.60868e-05
76667: 2.60865e-05
76668: 2.60862e-05
76669: 2.60858e-05
76670: 2.60855e-05
76671: 2.60851e-05
76672: 2.60848e-05
76673: 2.60845e-05
76674: 2.60841e-05
76675: 2.60838e-05
76676: 2.60834e-05
76677: 2.60831e-05
76678: 2.60828e-05
76679: 2.60824e-05
76680: 2.60821e-05
76681: 2.60817e-05
76682: 2.60814e-05
76683: 2.60811e-05
76684: 2.60807e-05
76685: 2.60804e-05
76686: 2.608e-05
76687: 2.60797e-05
76688: 2.60794e-05
76689: 2.6079e-05
76690: 2.60787e-05
76691: 2.60783e-05
76692: 2.6078e-05
76693: 2.60777e-05
76694: 2.60773e-05
76695: 2.6077e-05
76696: 2.60766e-05
76697: 2.60763e-05
76698: 2.6076e-05
76699: 2.60756e-05
76700: 2.60753e-05
76701: 2.60749e-05
76702: 2.60746e-05
76703: 2.60743e-05
76704: 2.60739e-05
76705: 2.60736e-05
76706: 2.60732e-05
76707: 2.60729e-05
76708: 2.60726e-05
76709: 2.60722e-05
76710: 2.60719e-05
76711: 2.60715e-05
76712: 2.60712e-05
76713: 2.60709e-05
76714: 2.60705e-05
76715: 2.60702e-05
76716: 2.60698e-05
76717: 2.60695e-05
76718: 2.60692e-05
76719: 2.60688e-05
76720: 2.60685e-05
76721: 2.60681e-05
76722: 2.60678e-05
76723: 2.60675e-05
76724: 2.60671e-05
76725: 2.60668e-05
76726: 2.60664e-05
76727: 2.60661e-05
76728: 2.60658e-05
76729: 2.60654e-05
76730: 2.60651e-05
76731: 2.60647e-05
76732: 2.60644e-05
76733: 2.60641e-05
76734: 2.60637e-05
76735: 2.60634e-05
76736: 2.6063e-05
76737: 2.60627e-05
76738: 2.60624e-05
76739: 2.6062e-05
76740: 2.60617e-05
76741: 2.60613e-05
76742: 2.6061e-05
76743: 2.60607e-05
76744: 2.60603e-05
76745: 2.606e-05
76746: 2.60597e-05
76747: 2.60593e-05
76748: 2.6059e-05
76749: 2.60586e-05
76750: 2.60583e-05
76751: 2.6058e-05
76752: 2.60576e-05
76753: 2.60573e-05
76754: 2.60569e-05
76755: 2.60566e-05
76756: 2.60563e-05
76757: 2.60559e-05
76758: 2.60556e-05
76759: 2.60552e-05
76760: 2.60549e-05
76761: 2.60546e-05
76762: 2.60542e-05
76763: 2.60539e-05
76764: 2.60535e-05
76765: 2.60532e-05
76766: 2.60529e-05
76767: 2.60525e-05
76768: 2.60522e-05
76769: 2.60518e-05
76770: 2.60515e-05
76771: 2.60512e-05
76772: 2.60508e-05
76773: 2.60505e-05
76774: 2.60501e-05
76775: 2.60498e-05
76776: 2.60495e-05
76777: 2.60491e-05
76778: 2.60488e-05
76779: 2.60485e-05
76780: 2.60481e-05
76781: 2.60478e-05
76782: 2.60474e-05
76783: 2.60471e-05
76784: 2.60468e-05
76785: 2.60464e-05
76786: 2.60461e-05
76787: 2.60457e-05
76788: 2.60454e-05
76789: 2.60451e-05
76790: 2.60447e-05
76791: 2.60444e-05
76792: 2.6044e-05
76793: 2.60437e-05
76794: 2.60434e-05
76795: 2.6043e-05
76796: 2.60427e-05
76797: 2.60423e-05
76798: 2.6042e-05
76799: 2.60417e-05
76800: 2.60413e-05
76801: 2.6041e-05
76802: 2.60406e-05
76803: 2.60403e-05
76804: 2.604e-05
76805: 2.60396e-05
76806: 2.60393e-05
76807: 2.6039e-05
76808: 2.60386e-05
76809: 2.60383e-05
76810: 2.60379e-05
76811: 2.60376e-05
76812: 2.60373e-05
76813: 2.60369e-05
76814: 2.60366e-05
76815: 2.60362e-05
76816: 2.60359e-05
76817: 2.60356e-05
76818: 2.60352e-05
76819: 2.60349e-05
76820: 2.60345e-05
76821: 2.60342e-05
76822: 2.60339e-05
76823: 2.60335e-05
76824: 2.60332e-05
76825: 2.60329e-05
76826: 2.60325e-05
76827: 2.60322e-05
76828: 2.60318e-05
76829: 2.60315e-05
76830: 2.60312e-05
76831: 2.60308e-05
76832: 2.60305e-05
76833: 2.60301e-05
76834: 2.60298e-05
76835: 2.60295e-05
76836: 2.60291e-05
76837: 2.60288e-05
76838: 2.60284e-05
76839: 2.60281e-05
76840: 2.60278e-05
76841: 2.60274e-05
76842: 2.60271e-05
76843: 2.60268e-05
76844: 2.60264e-05
76845: 2.60261e-05
76846: 2.60257e-05
76847: 2.60254e-05
76848: 2.60251e-05
76849: 2.60247e-05
76850: 2.60244e-05
76851: 2.6024e-05
76852: 2.60237e-05
76853: 2.60234e-05
76854: 2.6023e-05
76855: 2.60227e-05
76856: 2.60224e-05
76857: 2.6022e-05
76858: 2.60217e-05
76859: 2.60213e-05
76860: 2.6021e-05
76861: 2.60207e-05
76862: 2.60203e-05
76863: 2.602e-05
76864: 2.60196e-05
76865: 2.60193e-05
76866: 2.6019e-05
76867: 2.60186e-05
76868: 2.60183e-05
76869: 2.6018e-05
76870: 2.60176e-05
76871: 2.60173e-05
76872: 2.60169e-05
76873: 2.60166e-05
76874: 2.60163e-05
76875: 2.60159e-05
76876: 2.60156e-05
76877: 2.60152e-05
76878: 2.60149e-05
76879: 2.60146e-05
76880: 2.60142e-05
76881: 2.60139e-05
76882: 2.60136e-05
76883: 2.60132e-05
76884: 2.60129e-05
76885: 2.60125e-05
76886: 2.60122e-05
76887: 2.60119e-05
76888: 2.60115e-05
76889: 2.60112e-05
76890: 2.60108e-05
76891: 2.60105e-05
76892: 2.60102e-05
76893: 2.60098e-05
76894: 2.60095e-05
76895: 2.60092e-05
76896: 2.60088e-05
76897: 2.60085e-05
76898: 2.60081e-05
76899: 2.60078e-05
76900: 2.60075e-05
76901: 2.60071e-05
76902: 2.60068e-05
76903: 2.60064e-05
76904: 2.60061e-05
76905: 2.60058e-05
76906: 2.60054e-05
76907: 2.60051e-05
76908: 2.60048e-05
76909: 2.60044e-05
76910: 2.60041e-05
76911: 2.60037e-05
76912: 2.60034e-05
76913: 2.60031e-05
76914: 2.60027e-05
76915: 2.60024e-05
76916: 2.60021e-05
76917: 2.60017e-05
76918: 2.60014e-05
76919: 2.6001e-05
76920: 2.60007e-05
76921: 2.60004e-05
76922: 2.6e-05
76923: 2.59997e-05
76924: 2.59994e-05
76925: 2.5999e-05
76926: 2.59987e-05
76927: 2.59983e-05
76928: 2.5998e-05
76929: 2.59977e-05
76930: 2.59973e-05
76931: 2.5997e-05
76932: 2.59966e-05
76933: 2.59963e-05
76934: 2.5996e-05
76935: 2.59956e-05
76936: 2.59953e-05
76937: 2.5995e-05
76938: 2.59946e-05
76939: 2.59943e-05
76940: 2.59939e-05
76941: 2.59936e-05
76942: 2.59933e-05
76943: 2.59929e-05
76944: 2.59926e-05
76945: 2.59923e-05
76946: 2.59919e-05
76947: 2.59916e-05
76948: 2.59912e-05
76949: 2.59909e-05
76950: 2.59906e-05
76951: 2.59902e-05
76952: 2.59899e-05
76953: 2.59896e-05
76954: 2.59892e-05
76955: 2.59889e-05
76956: 2.59885e-05
76957: 2.59882e-05
76958: 2.59879e-05
76959: 2.59875e-05
76960: 2.59872e-05
76961: 2.59869e-05
76962: 2.59865e-05
76963: 2.59862e-05
76964: 2.59858e-05
76965: 2.59855e-05
76966: 2.59852e-05
76967: 2.59848e-05
76968: 2.59845e-05
76969: 2.59841e-05
76970: 2.59838e-05
76971: 2.59835e-05
76972: 2.59831e-05
76973: 2.59828e-05
76974: 2.59825e-05
76975: 2.59821e-05
76976: 2.59818e-05
76977: 2.59814e-05
76978: 2.59811e-05
76979: 2.59808e-05
76980: 2.59804e-05
76981: 2.59801e-05
76982: 2.59798e-05
76983: 2.59794e-05
76984: 2.59791e-05
76985: 2.59787e-05
76986: 2.59784e-05
76987: 2.59781e-05
76988: 2.59777e-05
76989: 2.59774e-05
76990: 2.59771e-05
76991: 2.59767e-05
76992: 2.59764e-05
76993: 2.59761e-05
76994: 2.59757e-05
76995: 2.59754e-05
76996: 2.5975e-05
76997: 2.59747e-05
76998: 2.59744e-05
76999: 2.5974e-05
77000: 2.59737e-05
77001: 2.59734e-05
77002: 2.5973e-05
77003: 2.59727e-05
77004: 2.59723e-05
77005: 2.5972e-05
77006: 2.59717e-05
77007: 2.59713e-05
77008: 2.5971e-05
77009: 2.59707e-05
77010: 2.59703e-05
77011: 2.597e-05
77012: 2.59696e-05
77013: 2.59693e-05
77014: 2.5969e-05
77015: 2.59686e-05
77016: 2.59683e-05
77017: 2.5968e-05
77018: 2.59676e-05
77019: 2.59673e-05
77020: 2.59669e-05
77021: 2.59666e-05
77022: 2.59663e-05
77023: 2.59659e-05
77024: 2.59656e-05
77025: 2.59653e-05
77026: 2.59649e-05
77027: 2.59646e-05
77028: 2.59642e-05
77029: 2.59639e-05
77030: 2.59636e-05
77031: 2.59632e-05
77032: 2.59629e-05
77033: 2.59626e-05
77034: 2.59622e-05
77035: 2.59619e-05
77036: 2.59616e-05
77037: 2.59612e-05
77038: 2.59609e-05
77039: 2.59605e-05
77040: 2.59602e-05
77041: 2.59599e-05
77042: 2.59595e-05
77043: 2.59592e-05
77044: 2.59589e-05
77045: 2.59585e-05
77046: 2.59582e-05
77047: 2.59578e-05
77048: 2.59575e-05
77049: 2.59572e-05
77050: 2.59568e-05
77051: 2.59565e-05
77052: 2.59562e-05
77053: 2.59558e-05
77054: 2.59555e-05
77055: 2.59551e-05
77056: 2.59548e-05
77057: 2.59545e-05
77058: 2.59541e-05
77059: 2.59538e-05
77060: 2.59535e-05
77061: 2.59531e-05
77062: 2.59528e-05
77063: 2.59525e-05
77064: 2.59521e-05
77065: 2.59518e-05
77066: 2.59514e-05
77067: 2.59511e-05
77068: 2.59508e-05
77069: 2.59504e-05
77070: 2.59501e-05
77071: 2.59498e-05
77072: 2.59494e-05
77073: 2.59491e-05
77074: 2.59488e-05
77075: 2.59484e-05
77076: 2.59481e-05
77077: 2.59477e-05
77078: 2.59474e-05
77079: 2.59471e-05
77080: 2.59467e-05
77081: 2.59464e-05
77082: 2.59461e-05
77083: 2.59457e-05
77084: 2.59454e-05
77085: 2.5945e-05
77086: 2.59447e-05
77087: 2.59444e-05
77088: 2.5944e-05
77089: 2.59437e-05
77090: 2.59434e-05
77091: 2.5943e-05
77092: 2.59427e-05
77093: 2.59424e-05
77094: 2.5942e-05
77095: 2.59417e-05
77096: 2.59413e-05
77097: 2.5941e-05
77098: 2.59407e-05
77099: 2.59403e-05
77100: 2.594e-05
77101: 2.59397e-05
77102: 2.59393e-05
77103: 2.5939e-05
77104: 2.59387e-05
77105: 2.59383e-05
77106: 2.5938e-05
77107: 2.59376e-05
77108: 2.59373e-05
77109: 2.5937e-05
77110: 2.59366e-05
77111: 2.59363e-05
77112: 2.5936e-05
77113: 2.59356e-05
77114: 2.59353e-05
77115: 2.5935e-05
77116: 2.59346e-05
77117: 2.59343e-05
77118: 2.59339e-05
77119: 2.59336e-05
77120: 2.59333e-05
77121: 2.59329e-05
77122: 2.59326e-05
77123: 2.59323e-05
77124: 2.59319e-05
77125: 2.59316e-05
77126: 2.59313e-05
77127: 2.59309e-05
77128: 2.59306e-05
77129: 2.59302e-05
77130: 2.59299e-05
77131: 2.59296e-05
77132: 2.59292e-05
77133: 2.59289e-05
77134: 2.59286e-05
77135: 2.59282e-05
77136: 2.59279e-05
77137: 2.59276e-05
77138: 2.59272e-05
77139: 2.59269e-05
77140: 2.59266e-05
77141: 2.59262e-05
77142: 2.59259e-05
77143: 2.59255e-05
77144: 2.59252e-05
77145: 2.59249e-05
77146: 2.59245e-05
77147: 2.59242e-05
77148: 2.59239e-05
77149: 2.59235e-05
77150: 2.59232e-05
77151: 2.59229e-05
77152: 2.59225e-05
77153: 2.59222e-05
77154: 2.59218e-05
77155: 2.59215e-05
77156: 2.59212e-05
77157: 2.59208e-05
77158: 2.59205e-05
77159: 2.59202e-05
77160: 2.59198e-05
77161: 2.59195e-05
77162: 2.59192e-05
77163: 2.59188e-05
77164: 2.59185e-05
77165: 2.59182e-05
77166: 2.59178e-05
77167: 2.59175e-05
77168: 2.59171e-05
77169: 2.59168e-05
77170: 2.59165e-05
77171: 2.59161e-05
77172: 2.59158e-05
77173: 2.59155e-05
77174: 2.59151e-05
77175: 2.59148e-05
77176: 2.59145e-05
77177: 2.59141e-05
77178: 2.59138e-05
77179: 2.59134e-05
77180: 2.59131e-05
77181: 2.59128e-05
77182: 2.59124e-05
77183: 2.59121e-05
77184: 2.59118e-05
77185: 2.59114e-05
77186: 2.59111e-05
77187: 2.59108e-05
77188: 2.59104e-05
77189: 2.59101e-05
77190: 2.59098e-05
77191: 2.59094e-05
77192: 2.59091e-05
77193: 2.59087e-05
77194: 2.59084e-05
77195: 2.59081e-05
77196: 2.59077e-05
77197: 2.59074e-05
77198: 2.59071e-05
77199: 2.59067e-05
77200: 2.59064e-05
77201: 2.59061e-05
77202: 2.59057e-05
77203: 2.59054e-05
77204: 2.59051e-05
77205: 2.59047e-05
77206: 2.59044e-05
77207: 2.59041e-05
77208: 2.59037e-05
77209: 2.59034e-05
77210: 2.5903e-05
77211: 2.59027e-05
77212: 2.59024e-05
77213: 2.5902e-05
77214: 2.59017e-05
77215: 2.59014e-05
77216: 2.5901e-05
77217: 2.59007e-05
77218: 2.59004e-05
77219: 2.59e-05
77220: 2.58997e-05
77221: 2.58994e-05
77222: 2.5899e-05
77223: 2.58987e-05
77224: 2.58983e-05
77225: 2.5898e-05
77226: 2.58977e-05
77227: 2.58973e-05
77228: 2.5897e-05
77229: 2.58967e-05
77230: 2.58963e-05
77231: 2.5896e-05
77232: 2.58957e-05
77233: 2.58953e-05
77234: 2.5895e-05
77235: 2.58947e-05
77236: 2.58943e-05
77237: 2.5894e-05
77238: 2.58937e-05
77239: 2.58933e-05
77240: 2.5893e-05
77241: 2.58926e-05
77242: 2.58923e-05
77243: 2.5892e-05
77244: 2.58916e-05
77245: 2.58913e-05
77246: 2.5891e-05
77247: 2.58906e-05
77248: 2.58903e-05
77249: 2.589e-05
77250: 2.58896e-05
77251: 2.58893e-05
77252: 2.5889e-05
77253: 2.58886e-05
77254: 2.58883e-05
77255: 2.5888e-05
77256: 2.58876e-05
77257: 2.58873e-05
77258: 2.5887e-05
77259: 2.58866e-05
77260: 2.58863e-05
77261: 2.58859e-05
77262: 2.58856e-05
77263: 2.58853e-05
77264: 2.58849e-05
77265: 2.58846e-05
77266: 2.58843e-05
77267: 2.58839e-05
77268: 2.58836e-05
77269: 2.58833e-05
77270: 2.58829e-05
77271: 2.58826e-05
77272: 2.58823e-05
77273: 2.58819e-05
77274: 2.58816e-05
77275: 2.58813e-05
77276: 2.58809e-05
77277: 2.58806e-05
77278: 2.58803e-05
77279: 2.58799e-05
77280: 2.58796e-05
77281: 2.58792e-05
77282: 2.58789e-05
77283: 2.58786e-05
77284: 2.58782e-05
77285: 2.58779e-05
77286: 2.58776e-05
77287: 2.58772e-05
77288: 2.58769e-05
77289: 2.58766e-05
77290: 2.58762e-05
77291: 2.58759e-05
77292: 2.58756e-05
77293: 2.58752e-05
77294: 2.58749e-05
77295: 2.58746e-05
77296: 2.58742e-05
77297: 2.58739e-05
77298: 2.58736e-05
77299: 2.58732e-05
77300: 2.58729e-05
77301: 2.58726e-05
77302: 2.58722e-05
77303: 2.58719e-05
77304: 2.58715e-05
77305: 2.58712e-05
77306: 2.58709e-05
77307: 2.58705e-05
77308: 2.58702e-05
77309: 2.58699e-05
77310: 2.58695e-05
77311: 2.58692e-05
77312: 2.58689e-05
77313: 2.58685e-05
77314: 2.58682e-05
77315: 2.58679e-05
77316: 2.58675e-05
77317: 2.58672e-05
77318: 2.58669e-05
77319: 2.58665e-05
77320: 2.58662e-05
77321: 2.58659e-05
77322: 2.58655e-05
77323: 2.58652e-05
77324: 2.58649e-05
77325: 2.58645e-05
77326: 2.58642e-05
77327: 2.58639e-05
77328: 2.58635e-05
77329: 2.58632e-05
77330: 2.58628e-05
77331: 2.58625e-05
77332: 2.58622e-05
77333: 2.58618e-05
77334: 2.58615e-05
77335: 2.58612e-05
77336: 2.58608e-05
77337: 2.58605e-05
77338: 2.58602e-05
77339: 2.58598e-05
77340: 2.58595e-05
77341: 2.58592e-05
77342: 2.58588e-05
77343: 2.58585e-05
77344: 2.58582e-05
77345: 2.58578e-05
77346: 2.58575e-05
77347: 2.58572e-05
77348: 2.58568e-05
77349: 2.58565e-05
77350: 2.58562e-05
77351: 2.58558e-05
77352: 2.58555e-05
77353: 2.58552e-05
77354: 2.58548e-05
77355: 2.58545e-05
77356: 2.58542e-05
77357: 2.58538e-05
77358: 2.58535e-05
77359: 2.58532e-05
77360: 2.58528e-05
77361: 2.58525e-05
77362: 2.58522e-05
77363: 2.58518e-05
77364: 2.58515e-05
77365: 2.58511e-05
77366: 2.58508e-05
77367: 2.58505e-05
77368: 2.58501e-05
77369: 2.58498e-05
77370: 2.58495e-05
77371: 2.58491e-05
77372: 2.58488e-05
77373: 2.58485e-05
77374: 2.58481e-05
77375: 2.58478e-05
77376: 2.58475e-05
77377: 2.58471e-05
77378: 2.58468e-05
77379: 2.58465e-05
77380: 2.58461e-05
77381: 2.58458e-05
77382: 2.58455e-05
77383: 2.58451e-05
77384: 2.58448e-05
77385: 2.58445e-05
77386: 2.58441e-05
77387: 2.58438e-05
77388: 2.58435e-05
77389: 2.58431e-05
77390: 2.58428e-05
77391: 2.58425e-05
77392: 2.58421e-05
77393: 2.58418e-05
77394: 2.58415e-05
77395: 2.58411e-05
77396: 2.58408e-05
77397: 2.58405e-05
77398: 2.58401e-05
77399: 2.58398e-05
77400: 2.58395e-05
77401: 2.58391e-05
77402: 2.58388e-05
77403: 2.58385e-05
77404: 2.58381e-05
77405: 2.58378e-05
77406: 2.58375e-05
77407: 2.58371e-05
77408: 2.58368e-05
77409: 2.58365e-05
77410: 2.58361e-05
77411: 2.58358e-05
77412: 2.58355e-05
77413: 2.58351e-05
77414: 2.58348e-05
77415: 2.58345e-05
77416: 2.58341e-05
77417: 2.58338e-05
77418: 2.58335e-05
77419: 2.58331e-05
77420: 2.58328e-05
77421: 2.58325e-05
77422: 2.58321e-05
77423: 2.58318e-05
77424: 2.58314e-05
77425: 2.58311e-05
77426: 2.58308e-05
77427: 2.58304e-05
77428: 2.58301e-05
77429: 2.58298e-05
77430: 2.58294e-05
77431: 2.58291e-05
77432: 2.58288e-05
77433: 2.58284e-05
77434: 2.58281e-05
77435: 2.58278e-05
77436: 2.58274e-05
77437: 2.58271e-05
77438: 2.58268e-05
77439: 2.58264e-05
77440: 2.58261e-05
77441: 2.58258e-05
77442: 2.58254e-05
77443: 2.58251e-05
77444: 2.58248e-05
77445: 2.58244e-05
77446: 2.58241e-05
77447: 2.58238e-05
77448: 2.58234e-05
77449: 2.58231e-05
77450: 2.58228e-05
77451: 2.58224e-05
77452: 2.58221e-05
77453: 2.58218e-05
77454: 2.58214e-05
77455: 2.58211e-05
77456: 2.58208e-05
77457: 2.58204e-05
77458: 2.58201e-05
77459: 2.58198e-05
77460: 2.58194e-05
77461: 2.58191e-05
77462: 2.58188e-05
77463: 2.58184e-05
77464: 2.58181e-05
77465: 2.58178e-05
77466: 2.58174e-05
77467: 2.58171e-05
77468: 2.58168e-05
77469: 2.58164e-05
77470: 2.58161e-05
77471: 2.58158e-05
77472: 2.58154e-05
77473: 2.58151e-05
77474: 2.58148e-05
77475: 2.58144e-05
77476: 2.58141e-05
77477: 2.58138e-05
77478: 2.58134e-05
77479: 2.58131e-05
77480: 2.58128e-05
77481: 2.58124e-05
77482: 2.58121e-05
77483: 2.58118e-05
77484: 2.58114e-05
77485: 2.58111e-05
77486: 2.58108e-05
77487: 2.58104e-05
77488: 2.58101e-05
77489: 2.58098e-05
77490: 2.58094e-05
77491: 2.58091e-05
77492: 2.58088e-05
77493: 2.58084e-05
77494: 2.58081e-05
77495: 2.58078e-05
77496: 2.58075e-05
77497: 2.58071e-05
77498: 2.58068e-05
77499: 2.58065e-05
77500: 2.58061e-05
77501: 2.58058e-05
77502: 2.58055e-05
77503: 2.58051e-05
77504: 2.58048e-05
77505: 2.58045e-05
77506: 2.58041e-05
77507: 2.58038e-05
77508: 2.58035e-05
77509: 2.58031e-05
77510: 2.58028e-05
77511: 2.58025e-05
77512: 2.58021e-05
77513: 2.58018e-05
77514: 2.58015e-05
77515: 2.58011e-05
77516: 2.58008e-05
77517: 2.58005e-05
77518: 2.58001e-05
77519: 2.57998e-05
77520: 2.57995e-05
77521: 2.57991e-05
77522: 2.57988e-05
77523: 2.57985e-05
77524: 2.57981e-05
77525: 2.57978e-05
77526: 2.57975e-05
77527: 2.57971e-05
77528: 2.57968e-05
77529: 2.57965e-05
77530: 2.57961e-05
77531: 2.57958e-05
77532: 2.57955e-05
77533: 2.57951e-05
77534: 2.57948e-05
77535: 2.57945e-05
77536: 2.57941e-05
77537: 2.57938e-05
77538: 2.57935e-05
77539: 2.57931e-05
77540: 2.57928e-05
77541: 2.57925e-05
77542: 2.57921e-05
77543: 2.57918e-05
77544: 2.57915e-05
77545: 2.57911e-05
77546: 2.57908e-05
77547: 2.57905e-05
77548: 2.57901e-05
77549: 2.57898e-05
77550: 2.57895e-05
77551: 2.57891e-05
77552: 2.57888e-05
77553: 2.57885e-05
77554: 2.57882e-05
77555: 2.57878e-05
77556: 2.57875e-05
77557: 2.57872e-05
77558: 2.57868e-05
77559: 2.57865e-05
77560: 2.57862e-05
77561: 2.57858e-05
77562: 2.57855e-05
77563: 2.57852e-05
77564: 2.57848e-05
77565: 2.57845e-05
77566: 2.57842e-05
77567: 2.57838e-05
77568: 2.57835e-05
77569: 2.57832e-05
77570: 2.57828e-05
77571: 2.57825e-05
77572: 2.57822e-05
77573: 2.57818e-05
77574: 2.57815e-05
77575: 2.57812e-05
77576: 2.57808e-05
77577: 2.57805e-05
77578: 2.57802e-05
77579: 2.57798e-05
77580: 2.57795e-05
77581: 2.57792e-05
77582: 2.57788e-05
77583: 2.57785e-05
77584: 2.57782e-05
77585: 2.57778e-05
77586: 2.57775e-05
77587: 2.57772e-05
77588: 2.57768e-05
77589: 2.57765e-05
77590: 2.57762e-05
77591: 2.57759e-05
77592: 2.57755e-05
77593: 2.57752e-05
77594: 2.57749e-05
77595: 2.57745e-05
77596: 2.57742e-05
77597: 2.57739e-05
77598: 2.57735e-05
77599: 2.57732e-05
77600: 2.57729e-05
77601: 2.57725e-05
77602: 2.57722e-05
77603: 2.57719e-05
77604: 2.57715e-05
77605: 2.57712e-05
77606: 2.57709e-05
77607: 2.57705e-05
77608: 2.57702e-05
77609: 2.57699e-05
77610: 2.57695e-05
77611: 2.57692e-05
77612: 2.57689e-05
77613: 2.57685e-05
77614: 2.57682e-05
77615: 2.57679e-05
77616: 2.57676e-05
77617: 2.57672e-05
77618: 2.57669e-05
77619: 2.57666e-05
77620: 2.57662e-05
77621: 2.57659e-05
77622: 2.57656e-05
77623: 2.57652e-05
77624: 2.57649e-05
77625: 2.57646e-05
77626: 2.57642e-05
77627: 2.57639e-05
77628: 2.57636e-05
77629: 2.57632e-05
77630: 2.57629e-05
77631: 2.57626e-05
77632: 2.57622e-05
77633: 2.57619e-05
77634: 2.57616e-05
77635: 2.57612e-05
77636: 2.57609e-05
77637: 2.57606e-05
77638: 2.57602e-05
77639: 2.57599e-05
77640: 2.57596e-05
77641: 2.57593e-05
77642: 2.57589e-05
77643: 2.57586e-05
77644: 2.57583e-05
77645: 2.57579e-05
77646: 2.57576e-05
77647: 2.57573e-05
77648: 2.57569e-05
77649: 2.57566e-05
77650: 2.57563e-05
77651: 2.57559e-05
77652: 2.57556e-05
77653: 2.57553e-05
77654: 2.57549e-05
77655: 2.57546e-05
77656: 2.57543e-05
77657: 2.57539e-05
77658: 2.57536e-05
77659: 2.57533e-05
77660: 2.5753e-05
77661: 2.57526e-05
77662: 2.57523e-05
77663: 2.5752e-05
77664: 2.57516e-05
77665: 2.57513e-05
77666: 2.5751e-05
77667: 2.57506e-05
77668: 2.57503e-05
77669: 2.575e-05
77670: 2.57496e-05
77671: 2.57493e-05
77672: 2.5749e-05
77673: 2.57486e-05
77674: 2.57483e-05
77675: 2.5748e-05
77676: 2.57476e-05
77677: 2.57473e-05
77678: 2.5747e-05
77679: 2.57467e-05
77680: 2.57463e-05
77681: 2.5746e-05
77682: 2.57457e-05
77683: 2.57453e-05
77684: 2.5745e-05
77685: 2.57447e-05
77686: 2.57443e-05
77687: 2.5744e-05
77688: 2.57437e-05
77689: 2.57433e-05
77690: 2.5743e-05
77691: 2.57427e-05
77692: 2.57423e-05
77693: 2.5742e-05
77694: 2.57417e-05
77695: 2.57414e-05
77696: 2.5741e-05
77697: 2.57407e-05
77698: 2.57404e-05
77699: 2.574e-05
77700: 2.57397e-05
77701: 2.57394e-05
77702: 2.5739e-05
77703: 2.57387e-05
77704: 2.57384e-05
77705: 2.5738e-05
77706: 2.57377e-05
77707: 2.57374e-05
77708: 2.5737e-05
77709: 2.57367e-05
77710: 2.57364e-05
77711: 2.57361e-05
77712: 2.57357e-05
77713: 2.57354e-05
77714: 2.57351e-05
77715: 2.57347e-05
77716: 2.57344e-05
77717: 2.57341e-05
77718: 2.57337e-05
77719: 2.57334e-05
77720: 2.57331e-05
77721: 2.57327e-05
77722: 2.57324e-05
77723: 2.57321e-05
77724: 2.57317e-05
77725: 2.57314e-05
77726: 2.57311e-05
77727: 2.57308e-05
77728: 2.57304e-05
77729: 2.57301e-05
77730: 2.57298e-05
77731: 2.57294e-05
77732: 2.57291e-05
77733: 2.57288e-05
77734: 2.57284e-05
77735: 2.57281e-05
77736: 2.57278e-05
77737: 2.57274e-05
77738: 2.57271e-05
77739: 2.57268e-05
77740: 2.57265e-05
77741: 2.57261e-05
77742: 2.57258e-05
77743: 2.57255e-05
77744: 2.57251e-05
77745: 2.57248e-05
77746: 2.57245e-05
77747: 2.57241e-05
77748: 2.57238e-05
77749: 2.57235e-05
77750: 2.57231e-05
77751: 2.57228e-05
77752: 2.57225e-05
77753: 2.57221e-05
77754: 2.57218e-05
77755: 2.57215e-05
77756: 2.57212e-05
77757: 2.57208e-05
77758: 2.57205e-05
77759: 2.57202e-05
77760: 2.57198e-05
77761: 2.57195e-05
77762: 2.57192e-05
77763: 2.57188e-05
77764: 2.57185e-05
77765: 2.57182e-05
77766: 2.57178e-05
77767: 2.57175e-05
77768: 2.57172e-05
77769: 2.57169e-05
77770: 2.57165e-05
77771: 2.57162e-05
77772: 2.57159e-05
77773: 2.57155e-05
77774: 2.57152e-05
77775: 2.57149e-05
77776: 2.57145e-05
77777: 2.57142e-05
77778: 2.57139e-05
77779: 2.57136e-05
77780: 2.57132e-05
77781: 2.57129e-05
77782: 2.57126e-05
77783: 2.57122e-05
77784: 2.57119e-05
77785: 2.57116e-05
77786: 2.57112e-05
77787: 2.57109e-05
77788: 2.57106e-05
77789: 2.57102e-05
77790: 2.57099e-05
77791: 2.57096e-05
77792: 2.57093e-05
77793: 2.57089e-05
77794: 2.57086e-05
77795: 2.57083e-05
77796: 2.57079e-05
77797: 2.57076e-05
77798: 2.57073e-05
77799: 2.57069e-05
77800: 2.57066e-05
77801: 2.57063e-05
77802: 2.57059e-05
77803: 2.57056e-05
77804: 2.57053e-05
77805: 2.5705e-05
77806: 2.57046e-05
77807: 2.57043e-05
77808: 2.5704e-05
77809: 2.57036e-05
77810: 2.57033e-05
77811: 2.5703e-05
77812: 2.57026e-05
77813: 2.57023e-05
77814: 2.5702e-05
77815: 2.57017e-05
77816: 2.57013e-05
77817: 2.5701e-05
77818: 2.57007e-05
77819: 2.57003e-05
77820: 2.57e-05
77821: 2.56997e-05
77822: 2.56993e-05
77823: 2.5699e-05
77824: 2.56987e-05
77825: 2.56984e-05
77826: 2.5698e-05
77827: 2.56977e-05
77828: 2.56974e-05
77829: 2.5697e-05
77830: 2.56967e-05
77831: 2.56964e-05
77832: 2.5696e-05
77833: 2.56957e-05
77834: 2.56954e-05
77835: 2.56951e-05
77836: 2.56947e-05
77837: 2.56944e-05
77838: 2.56941e-05
77839: 2.56937e-05
77840: 2.56934e-05
77841: 2.56931e-05
77842: 2.56927e-05
77843: 2.56924e-05
77844: 2.56921e-05
77845: 2.56918e-05
77846: 2.56914e-05
77847: 2.56911e-05
77848: 2.56908e-05
77849: 2.56904e-05
77850: 2.56901e-05
77851: 2.56898e-05
77852: 2.56894e-05
77853: 2.56891e-05
77854: 2.56888e-05
77855: 2.56885e-05
77856: 2.56881e-05
77857: 2.56878e-05
77858: 2.56875e-05
77859: 2.56871e-05
77860: 2.56868e-05
77861: 2.56865e-05
77862: 2.56861e-05
77863: 2.56858e-05
77864: 2.56855e-05
77865: 2.56852e-05
77866: 2.56848e-05
77867: 2.56845e-05
77868: 2.56842e-05
77869: 2.56838e-05
77870: 2.56835e-05
77871: 2.56832e-05
77872: 2.56828e-05
77873: 2.56825e-05
77874: 2.56822e-05
77875: 2.56819e-05
77876: 2.56815e-05
77877: 2.56812e-05
77878: 2.56809e-05
77879: 2.56805e-05
77880: 2.56802e-05
77881: 2.56799e-05
77882: 2.56795e-05
77883: 2.56792e-05
77884: 2.56789e-05
77885: 2.56786e-05
77886: 2.56782e-05
77887: 2.56779e-05
77888: 2.56776e-05
77889: 2.56772e-05
77890: 2.56769e-05
77891: 2.56766e-05
77892: 2.56762e-05
77893: 2.56759e-05
77894: 2.56756e-05
77895: 2.56753e-05
77896: 2.56749e-05
77897: 2.56746e-05
77898: 2.56743e-05
77899: 2.56739e-05
77900: 2.56736e-05
77901: 2.56733e-05
77902: 2.5673e-05
77903: 2.56726e-05
77904: 2.56723e-05
77905: 2.5672e-05
77906: 2.56716e-05
77907: 2.56713e-05
77908: 2.5671e-05
77909: 2.56706e-05
77910: 2.56703e-05
77911: 2.567e-05
77912: 2.56697e-05
77913: 2.56693e-05
77914: 2.5669e-05
77915: 2.56687e-05
77916: 2.56683e-05
77917: 2.5668e-05
77918: 2.56677e-05
77919: 2.56674e-05
77920: 2.5667e-05
77921: 2.56667e-05
77922: 2.56664e-05
77923: 2.5666e-05
77924: 2.56657e-05
77925: 2.56654e-05
77926: 2.5665e-05
77927: 2.56647e-05
77928: 2.56644e-05
77929: 2.56641e-05
77930: 2.56637e-05
77931: 2.56634e-05
77932: 2.56631e-05
77933: 2.56627e-05
77934: 2.56624e-05
77935: 2.56621e-05
77936: 2.56618e-05
77937: 2.56614e-05
77938: 2.56611e-05
77939: 2.56608e-05
77940: 2.56604e-05
77941: 2.56601e-05
77942: 2.56598e-05
77943: 2.56594e-05
77944: 2.56591e-05
77945: 2.56588e-05
77946: 2.56585e-05
77947: 2.56581e-05
77948: 2.56578e-05
77949: 2.56575e-05
77950: 2.56571e-05
77951: 2.56568e-05
77952: 2.56565e-05
77953: 2.56562e-05
77954: 2.56558e-05
77955: 2.56555e-05
77956: 2.56552e-05
77957: 2.56548e-05
77958: 2.56545e-05
77959: 2.56542e-05
77960: 2.56539e-05
77961: 2.56535e-05
77962: 2.56532e-05
77963: 2.56529e-05
77964: 2.56525e-05
77965: 2.56522e-05
77966: 2.56519e-05
77967: 2.56515e-05
77968: 2.56512e-05
77969: 2.56509e-05
77970: 2.56506e-05
77971: 2.56502e-05
77972: 2.56499e-05
77973: 2.56496e-05
77974: 2.56492e-05
77975: 2.56489e-05
77976: 2.56486e-05
77977: 2.56483e-05
77978: 2.56479e-05
77979: 2.56476e-05
77980: 2.56473e-05
77981: 2.56469e-05
77982: 2.56466e-05
77983: 2.56463e-05
77984: 2.5646e-05
77985: 2.56456e-05
77986: 2.56453e-05
77987: 2.5645e-05
77988: 2.56446e-05
77989: 2.56443e-05
77990: 2.5644e-05
77991: 2.56437e-05
77992: 2.56433e-05
77993: 2.5643e-05
77994: 2.56427e-05
77995: 2.56423e-05
77996: 2.5642e-05
77997: 2.56417e-05
77998: 2.56414e-05
77999: 2.5641e-05
78000: 2.56407e-05
78001: 2.56404e-05
78002: 2.564e-05
78003: 2.56397e-05
78004: 2.56394e-05
78005: 2.56391e-05
78006: 2.56387e-05
78007: 2.56384e-05
78008: 2.56381e-05
78009: 2.56377e-05
78010: 2.56374e-05
78011: 2.56371e-05
78012: 2.56368e-05
78013: 2.56364e-05
78014: 2.56361e-05
78015: 2.56358e-05
78016: 2.56354e-05
78017: 2.56351e-05
78018: 2.56348e-05
78019: 2.56345e-05
78020: 2.56341e-05
78021: 2.56338e-05
78022: 2.56335e-05
78023: 2.56331e-05
78024: 2.56328e-05
78025: 2.56325e-05
78026: 2.56322e-05
78027: 2.56318e-05
78028: 2.56315e-05
78029: 2.56312e-05
78030: 2.56308e-05
78031: 2.56305e-05
78032: 2.56302e-05
78033: 2.56299e-05
78034: 2.56295e-05
78035: 2.56292e-05
78036: 2.56289e-05
78037: 2.56285e-05
78038: 2.56282e-05
78039: 2.56279e-05
78040: 2.56276e-05
78041: 2.56272e-05
78042: 2.56269e-05
78043: 2.56266e-05
78044: 2.56262e-05
78045: 2.56259e-05
78046: 2.56256e-05
78047: 2.56253e-05
78048: 2.56249e-05
78049: 2.56246e-05
78050: 2.56243e-05
78051: 2.56239e-05
78052: 2.56236e-05
78053: 2.56233e-05
78054: 2.5623e-05
78055: 2.56226e-05
78056: 2.56223e-05
78057: 2.5622e-05
78058: 2.56216e-05
78059: 2.56213e-05
78060: 2.5621e-05
78061: 2.56207e-05
78062: 2.56203e-05
78063: 2.562e-05
78064: 2.56197e-05
78065: 2.56193e-05
78066: 2.5619e-05
78067: 2.56187e-05
78068: 2.56184e-05
78069: 2.5618e-05
78070: 2.56177e-05
78071: 2.56174e-05
78072: 2.56171e-05
78073: 2.56167e-05
78074: 2.56164e-05
78075: 2.56161e-05
78076: 2.56157e-05
78077: 2.56154e-05
78078: 2.56151e-05
78079: 2.56148e-05
78080: 2.56144e-05
78081: 2.56141e-05
78082: 2.56138e-05
78083: 2.56134e-05
78084: 2.56131e-05
78085: 2.56128e-05
78086: 2.56125e-05
78087: 2.56121e-05
78088: 2.56118e-05
78089: 2.56115e-05
78090: 2.56111e-05
78091: 2.56108e-05
78092: 2.56105e-05
78093: 2.56102e-05
78094: 2.56098e-05
78095: 2.56095e-05
78096: 2.56092e-05
78097: 2.56089e-05
78098: 2.56085e-05
78099: 2.56082e-05
78100: 2.56079e-05
78101: 2.56075e-05
78102: 2.56072e-05
78103: 2.56069e-05
78104: 2.56066e-05
78105: 2.56062e-05
78106: 2.56059e-05
78107: 2.56056e-05
78108: 2.56052e-05
78109: 2.56049e-05
78110: 2.56046e-05
78111: 2.56043e-05
78112: 2.56039e-05
78113: 2.56036e-05
78114: 2.56033e-05
78115: 2.56029e-05
78116: 2.56026e-05
78117: 2.56023e-05
78118: 2.5602e-05
78119: 2.56016e-05
78120: 2.56013e-05
78121: 2.5601e-05
78122: 2.56007e-05
78123: 2.56003e-05
78124: 2.56e-05
78125: 2.55997e-05
78126: 2.55993e-05
78127: 2.5599e-05
78128: 2.55987e-05
78129: 2.55984e-05
78130: 2.5598e-05
78131: 2.55977e-05
78132: 2.55974e-05
78133: 2.55971e-05
78134: 2.55967e-05
78135: 2.55964e-05
78136: 2.55961e-05
78137: 2.55957e-05
78138: 2.55954e-05
78139: 2.55951e-05
78140: 2.55948e-05
78141: 2.55944e-05
78142: 2.55941e-05
78143: 2.55938e-05
78144: 2.55934e-05
78145: 2.55931e-05
78146: 2.55928e-05
78147: 2.55925e-05
78148: 2.55921e-05
78149: 2.55918e-05
78150: 2.55915e-05
78151: 2.55912e-05
78152: 2.55908e-05
78153: 2.55905e-05
78154: 2.55902e-05
78155: 2.55898e-05
78156: 2.55895e-05
78157: 2.55892e-05
78158: 2.55889e-05
78159: 2.55885e-05
78160: 2.55882e-05
78161: 2.55879e-05
78162: 2.55876e-05
78163: 2.55872e-05
78164: 2.55869e-05
78165: 2.55866e-05
78166: 2.55862e-05
78167: 2.55859e-05
78168: 2.55856e-05
78169: 2.55853e-05
78170: 2.55849e-05
78171: 2.55846e-05
78172: 2.55843e-05
78173: 2.5584e-05
78174: 2.55836e-05
78175: 2.55833e-05
78176: 2.5583e-05
78177: 2.55826e-05
78178: 2.55823e-05
78179: 2.5582e-05
78180: 2.55817e-05
78181: 2.55813e-05
78182: 2.5581e-05
78183: 2.55807e-05
78184: 2.55804e-05
78185: 2.558e-05
78186: 2.55797e-05
78187: 2.55794e-05
78188: 2.5579e-05
78189: 2.55787e-05
78190: 2.55784e-05
78191: 2.55781e-05
78192: 2.55777e-05
78193: 2.55774e-05
78194: 2.55771e-05
78195: 2.55768e-05
78196: 2.55764e-05
78197: 2.55761e-05
78198: 2.55758e-05
78199: 2.55754e-05
78200: 2.55751e-05
78201: 2.55748e-05
78202: 2.55745e-05
78203: 2.55741e-05
78204: 2.55738e-05
78205: 2.55735e-05
78206: 2.55732e-05
78207: 2.55728e-05
78208: 2.55725e-05
78209: 2.55722e-05
78210: 2.55719e-05
78211: 2.55715e-05
78212: 2.55712e-05
78213: 2.55709e-05
78214: 2.55705e-05
78215: 2.55702e-05
78216: 2.55699e-05
78217: 2.55696e-05
78218: 2.55692e-05
78219: 2.55689e-05
78220: 2.55686e-05
78221: 2.55683e-05
78222: 2.55679e-05
78223: 2.55676e-05
78224: 2.55673e-05
78225: 2.55669e-05
78226: 2.55666e-05
78227: 2.55663e-05
78228: 2.5566e-05
78229: 2.55656e-05
78230: 2.55653e-05
78231: 2.5565e-05
78232: 2.55647e-05
78233: 2.55643e-05
78234: 2.5564e-05
78235: 2.55637e-05
78236: 2.55634e-05
78237: 2.5563e-05
78238: 2.55627e-05
78239: 2.55624e-05
78240: 2.5562e-05
78241: 2.55617e-05
78242: 2.55614e-05
78243: 2.55611e-05
78244: 2.55607e-05
78245: 2.55604e-05
78246: 2.55601e-05
78247: 2.55598e-05
78248: 2.55594e-05
78249: 2.55591e-05
78250: 2.55588e-05
78251: 2.55585e-05
78252: 2.55581e-05
78253: 2.55578e-05
78254: 2.55575e-05
78255: 2.55571e-05
78256: 2.55568e-05
78257: 2.55565e-05
78258: 2.55562e-05
78259: 2.55558e-05
78260: 2.55555e-05
78261: 2.55552e-05
78262: 2.55549e-05
78263: 2.55545e-05
78264: 2.55542e-05
78265: 2.55539e-05
78266: 2.55536e-05
78267: 2.55532e-05
78268: 2.55529e-05
78269: 2.55526e-05
78270: 2.55522e-05
78271: 2.55519e-05
78272: 2.55516e-05
78273: 2.55513e-05
78274: 2.55509e-05
78275: 2.55506e-05
78276: 2.55503e-05
78277: 2.555e-05
78278: 2.55496e-05
78279: 2.55493e-05
78280: 2.5549e-05
78281: 2.55487e-05
78282: 2.55483e-05
78283: 2.5548e-05
78284: 2.55477e-05
78285: 2.55474e-05
78286: 2.5547e-05
78287: 2.55467e-05
78288: 2.55464e-05
78289: 2.5546e-05
78290: 2.55457e-05
78291: 2.55454e-05
78292: 2.55451e-05
78293: 2.55447e-05
78294: 2.55444e-05
78295: 2.55441e-05
78296: 2.55438e-05
78297: 2.55434e-05
78298: 2.55431e-05
78299: 2.55428e-05
78300: 2.55425e-05
78301: 2.55421e-05
78302: 2.55418e-05
78303: 2.55415e-05
78304: 2.55412e-05
78305: 2.55408e-05
78306: 2.55405e-05
78307: 2.55402e-05
78308: 2.55398e-05
78309: 2.55395e-05
78310: 2.55392e-05
78311: 2.55389e-05
78312: 2.55385e-05
78313: 2.55382e-05
78314: 2.55379e-05
78315: 2.55376e-05
78316: 2.55372e-05
78317: 2.55369e-05
78318: 2.55366e-05
78319: 2.55363e-05
78320: 2.55359e-05
78321: 2.55356e-05
78322: 2.55353e-05
78323: 2.5535e-05
78324: 2.55346e-05
78325: 2.55343e-05
78326: 2.5534e-05
78327: 2.55337e-05
78328: 2.55333e-05
78329: 2.5533e-05
78330: 2.55327e-05
78331: 2.55323e-05
78332: 2.5532e-05
78333: 2.55317e-05
78334: 2.55314e-05
78335: 2.5531e-05
78336: 2.55307e-05
78337: 2.55304e-05
78338: 2.55301e-05
78339: 2.55297e-05
78340: 2.55294e-05
78341: 2.55291e-05
78342: 2.55288e-05
78343: 2.55284e-05
78344: 2.55281e-05
78345: 2.55278e-05
78346: 2.55275e-05
78347: 2.55271e-05
78348: 2.55268e-05
78349: 2.55265e-05
78350: 2.55262e-05
78351: 2.55258e-05
78352: 2.55255e-05
78353: 2.55252e-05
78354: 2.55249e-05
78355: 2.55245e-05
78356: 2.55242e-05
78357: 2.55239e-05
78358: 2.55236e-05
78359: 2.55232e-05
78360: 2.55229e-05
78361: 2.55226e-05
78362: 2.55222e-05
78363: 2.55219e-05
78364: 2.55216e-05
78365: 2.55213e-05
78366: 2.55209e-05
78367: 2.55206e-05
78368: 2.55203e-05
78369: 2.552e-05
78370: 2.55196e-05
78371: 2.55193e-05
78372: 2.5519e-05
78373: 2.55187e-05
78374: 2.55183e-05
78375: 2.5518e-05
78376: 2.55177e-05
78377: 2.55174e-05
78378: 2.5517e-05
78379: 2.55167e-05
78380: 2.55164e-05
78381: 2.55161e-05
78382: 2.55157e-05
78383: 2.55154e-05
78384: 2.55151e-05
78385: 2.55148e-05
78386: 2.55144e-05
78387: 2.55141e-05
78388: 2.55138e-05
78389: 2.55135e-05
78390: 2.55131e-05
78391: 2.55128e-05
78392: 2.55125e-05
78393: 2.55122e-05
78394: 2.55118e-05
78395: 2.55115e-05
78396: 2.55112e-05
78397: 2.55109e-05
78398: 2.55105e-05
78399: 2.55102e-05
78400: 2.55099e-05
78401: 2.55096e-05
78402: 2.55092e-05
78403: 2.55089e-05
78404: 2.55086e-05
78405: 2.55083e-05
78406: 2.55079e-05
78407: 2.55076e-05
78408: 2.55073e-05
78409: 2.5507e-05
78410: 2.55066e-05
78411: 2.55063e-05
78412: 2.5506e-05
78413: 2.55056e-05
78414: 2.55053e-05
78415: 2.5505e-05
78416: 2.55047e-05
78417: 2.55043e-05
78418: 2.5504e-05
78419: 2.55037e-05
78420: 2.55034e-05
78421: 2.5503e-05
78422: 2.55027e-05
78423: 2.55024e-05
78424: 2.55021e-05
78425: 2.55017e-05
78426: 2.55014e-05
78427: 2.55011e-05
78428: 2.55008e-05
78429: 2.55004e-05
78430: 2.55001e-05
78431: 2.54998e-05
78432: 2.54995e-05
78433: 2.54991e-05
78434: 2.54988e-05
78435: 2.54985e-05
78436: 2.54982e-05
78437: 2.54978e-05
78438: 2.54975e-05
78439: 2.54972e-05
78440: 2.54969e-05
78441: 2.54965e-05
78442: 2.54962e-05
78443: 2.54959e-05
78444: 2.54956e-05
78445: 2.54952e-05
78446: 2.54949e-05
78447: 2.54946e-05
78448: 2.54943e-05
78449: 2.54939e-05
78450: 2.54936e-05
78451: 2.54933e-05
78452: 2.5493e-05
78453: 2.54926e-05
78454: 2.54923e-05
78455: 2.5492e-05
78456: 2.54917e-05
78457: 2.54913e-05
78458: 2.5491e-05
78459: 2.54907e-05
78460: 2.54904e-05
78461: 2.549e-05
78462: 2.54897e-05
78463: 2.54894e-05
78464: 2.54891e-05
78465: 2.54887e-05
78466: 2.54884e-05
78467: 2.54881e-05
78468: 2.54878e-05
78469: 2.54874e-05
78470: 2.54871e-05
78471: 2.54868e-05
78472: 2.54865e-05
78473: 2.54861e-05
78474: 2.54858e-05
78475: 2.54855e-05
78476: 2.54852e-05
78477: 2.54848e-05
78478: 2.54845e-05
78479: 2.54842e-05
78480: 2.54839e-05
78481: 2.54836e-05
78482: 2.54832e-05
78483: 2.54829e-05
78484: 2.54826e-05
78485: 2.54823e-05
78486: 2.54819e-05
78487: 2.54816e-05
78488: 2.54813e-05
78489: 2.5481e-05
78490: 2.54806e-05
78491: 2.54803e-05
78492: 2.548e-05
78493: 2.54797e-05
78494: 2.54793e-05
78495: 2.5479e-05
78496: 2.54787e-05
78497: 2.54784e-05
78498: 2.5478e-05
78499: 2.54777e-05
78500: 2.54774e-05
78501: 2.54771e-05
78502: 2.54767e-05
78503: 2.54764e-05
78504: 2.54761e-05
78505: 2.54758e-05
78506: 2.54754e-05
78507: 2.54751e-05
78508: 2.54748e-05
78509: 2.54745e-05
78510: 2.54741e-05
78511: 2.54738e-05
78512: 2.54735e-05
78513: 2.54732e-05
78514: 2.54728e-05
78515: 2.54725e-05
78516: 2.54722e-05
78517: 2.54719e-05
78518: 2.54715e-05
78519: 2.54712e-05
78520: 2.54709e-05
78521: 2.54706e-05
78522: 2.54702e-05
78523: 2.54699e-05
78524: 2.54696e-05
78525: 2.54693e-05
78526: 2.54689e-05
78527: 2.54686e-05
78528: 2.54683e-05
78529: 2.5468e-05
78530: 2.54676e-05
78531: 2.54673e-05
78532: 2.5467e-05
78533: 2.54667e-05
78534: 2.54664e-05
78535: 2.5466e-05
78536: 2.54657e-05
78537: 2.54654e-05
78538: 2.54651e-05
78539: 2.54647e-05
78540: 2.54644e-05
78541: 2.54641e-05
78542: 2.54638e-05
78543: 2.54634e-05
78544: 2.54631e-05
78545: 2.54628e-05
78546: 2.54625e-05
78547: 2.54621e-05
78548: 2.54618e-05
78549: 2.54615e-05
78550: 2.54612e-05
78551: 2.54608e-05
78552: 2.54605e-05
78553: 2.54602e-05
78554: 2.54599e-05
78555: 2.54595e-05
78556: 2.54592e-05
78557: 2.54589e-05
78558: 2.54586e-05
78559: 2.54582e-05
78560: 2.54579e-05
78561: 2.54576e-05
78562: 2.54573e-05
78563: 2.5457e-05
78564: 2.54566e-05
78565: 2.54563e-05
78566: 2.5456e-05
78567: 2.54557e-05
78568: 2.54553e-05
78569: 2.5455e-05
78570: 2.54547e-05
78571: 2.54544e-05
78572: 2.5454e-05
78573: 2.54537e-05
78574: 2.54534e-05
78575: 2.54531e-05
78576: 2.54527e-05
78577: 2.54524e-05
78578: 2.54521e-05
78579: 2.54518e-05
78580: 2.54514e-05
78581: 2.54511e-05
78582: 2.54508e-05
78583: 2.54505e-05
78584: 2.54501e-05
78585: 2.54498e-05
78586: 2.54495e-05
78587: 2.54492e-05
78588: 2.54489e-05
78589: 2.54485e-05
78590: 2.54482e-05
78591: 2.54479e-05
78592: 2.54476e-05
78593: 2.54472e-05
78594: 2.54469e-05
78595: 2.54466e-05
78596: 2.54463e-05
78597: 2.54459e-05
78598: 2.54456e-05
78599: 2.54453e-05
78600: 2.5445e-05
78601: 2.54446e-05
78602: 2.54443e-05
78603: 2.5444e-05
78604: 2.54437e-05
78605: 2.54434e-05
78606: 2.5443e-05
78607: 2.54427e-05
78608: 2.54424e-05
78609: 2.54421e-05
78610: 2.54417e-05
78611: 2.54414e-05
78612: 2.54411e-05
78613: 2.54408e-05
78614: 2.54404e-05
78615: 2.54401e-05
78616: 2.54398e-05
78617: 2.54395e-05
78618: 2.54391e-05
78619: 2.54388e-05
78620: 2.54385e-05
78621: 2.54382e-05
78622: 2.54378e-05
78623: 2.54375e-05
78624: 2.54372e-05
78625: 2.54369e-05
78626: 2.54366e-05
78627: 2.54362e-05
78628: 2.54359e-05
78629: 2.54356e-05
78630: 2.54353e-05
78631: 2.54349e-05
78632: 2.54346e-05
78633: 2.54343e-05
78634: 2.5434e-05
78635: 2.54336e-05
78636: 2.54333e-05
78637: 2.5433e-05
78638: 2.54327e-05
78639: 2.54323e-05
78640: 2.5432e-05
78641: 2.54317e-05
78642: 2.54314e-05
78643: 2.54311e-05
78644: 2.54307e-05
78645: 2.54304e-05
78646: 2.54301e-05
78647: 2.54298e-05
78648: 2.54294e-05
78649: 2.54291e-05
78650: 2.54288e-05
78651: 2.54285e-05
78652: 2.54281e-05
78653: 2.54278e-05
78654: 2.54275e-05
78655: 2.54272e-05
78656: 2.54269e-05
78657: 2.54265e-05
78658: 2.54262e-05
78659: 2.54259e-05
78660: 2.54256e-05
78661: 2.54252e-05
78662: 2.54249e-05
78663: 2.54246e-05
78664: 2.54243e-05
78665: 2.54239e-05
78666: 2.54236e-05
78667: 2.54233e-05
78668: 2.5423e-05
78669: 2.54227e-05
78670: 2.54223e-05
78671: 2.5422e-05
78672: 2.54217e-05
78673: 2.54214e-05
78674: 2.5421e-05
78675: 2.54207e-05
78676: 2.54204e-05
78677: 2.54201e-05
78678: 2.54197e-05
78679: 2.54194e-05
78680: 2.54191e-05
78681: 2.54188e-05
78682: 2.54185e-05
78683: 2.54181e-05
78684: 2.54178e-05
78685: 2.54175e-05
78686: 2.54172e-05
78687: 2.54168e-05
78688: 2.54165e-05
78689: 2.54162e-05
78690: 2.54159e-05
78691: 2.54155e-05
78692: 2.54152e-05
78693: 2.54149e-05
78694: 2.54146e-05
78695: 2.54143e-05
78696: 2.54139e-05
78697: 2.54136e-05
78698: 2.54133e-05
78699: 2.5413e-05
78700: 2.54126e-05
78701: 2.54123e-05
78702: 2.5412e-05
78703: 2.54117e-05
78704: 2.54113e-05
78705: 2.5411e-05
78706: 2.54107e-05
78707: 2.54104e-05
78708: 2.54101e-05
78709: 2.54097e-05
78710: 2.54094e-05
78711: 2.54091e-05
78712: 2.54088e-05
78713: 2.54084e-05
78714: 2.54081e-05
78715: 2.54078e-05
78716: 2.54075e-05
78717: 2.54071e-05
78718: 2.54068e-05
78719: 2.54065e-05
78720: 2.54062e-05
78721: 2.54059e-05
78722: 2.54055e-05
78723: 2.54052e-05
78724: 2.54049e-05
78725: 2.54046e-05
78726: 2.54042e-05
78727: 2.54039e-05
78728: 2.54036e-05
78729: 2.54033e-05
78730: 2.5403e-05
78731: 2.54026e-05
78732: 2.54023e-05
78733: 2.5402e-05
78734: 2.54017e-05
78735: 2.54013e-05
78736: 2.5401e-05
78737: 2.54007e-05
78738: 2.54004e-05
78739: 2.54001e-05
78740: 2.53997e-05
78741: 2.53994e-05
78742: 2.53991e-05
78743: 2.53988e-05
78744: 2.53984e-05
78745: 2.53981e-05
78746: 2.53978e-05
78747: 2.53975e-05
78748: 2.53971e-05
78749: 2.53968e-05
78750: 2.53965e-05
78751: 2.53962e-05
78752: 2.53959e-05
78753: 2.53955e-05
78754: 2.53952e-05
78755: 2.53949e-05
78756: 2.53946e-05
78757: 2.53942e-05
78758: 2.53939e-05
78759: 2.53936e-05
78760: 2.53933e-05
78761: 2.5393e-05
78762: 2.53926e-05
78763: 2.53923e-05
78764: 2.5392e-05
78765: 2.53917e-05
78766: 2.53913e-05
78767: 2.5391e-05
78768: 2.53907e-05
78769: 2.53904e-05
78770: 2.53901e-05
78771: 2.53897e-05
78772: 2.53894e-05
78773: 2.53891e-05
78774: 2.53888e-05
78775: 2.53884e-05
78776: 2.53881e-05
78777: 2.53878e-05
78778: 2.53875e-05
78779: 2.53872e-05
78780: 2.53868e-05
78781: 2.53865e-05
78782: 2.53862e-05
78783: 2.53859e-05
78784: 2.53855e-05
78785: 2.53852e-05
78786: 2.53849e-05
78787: 2.53846e-05
78788: 2.53843e-05
78789: 2.53839e-05
78790: 2.53836e-05
78791: 2.53833e-05
78792: 2.5383e-05
78793: 2.53826e-05
78794: 2.53823e-05
78795: 2.5382e-05
78796: 2.53817e-05
78797: 2.53814e-05
78798: 2.5381e-05
78799: 2.53807e-05
78800: 2.53804e-05
78801: 2.53801e-05
78802: 2.53797e-05
78803: 2.53794e-05
78804: 2.53791e-05
78805: 2.53788e-05
78806: 2.53785e-05
78807: 2.53781e-05
78808: 2.53778e-05
78809: 2.53775e-05
78810: 2.53772e-05
78811: 2.53768e-05
78812: 2.53765e-05
78813: 2.53762e-05
78814: 2.53759e-05
78815: 2.53756e-05
78816: 2.53752e-05
78817: 2.53749e-05
78818: 2.53746e-05
78819: 2.53743e-05
78820: 2.53739e-05
78821: 2.53736e-05
78822: 2.53733e-05
78823: 2.5373e-05
78824: 2.53727e-05
78825: 2.53723e-05
78826: 2.5372e-05
78827: 2.53717e-05
78828: 2.53714e-05
78829: 2.53711e-05
78830: 2.53707e-05
78831: 2.53704e-05
78832: 2.53701e-05
78833: 2.53698e-05
78834: 2.53694e-05
78835: 2.53691e-05
78836: 2.53688e-05
78837: 2.53685e-05
78838: 2.53682e-05
78839: 2.53678e-05
78840: 2.53675e-05
78841: 2.53672e-05
78842: 2.53669e-05
78843: 2.53665e-05
78844: 2.53662e-05
78845: 2.53659e-05
78846: 2.53656e-05
78847: 2.53653e-05
78848: 2.53649e-05
78849: 2.53646e-05
78850: 2.53643e-05
78851: 2.5364e-05
78852: 2.53637e-05
78853: 2.53633e-05
78854: 2.5363e-05
78855: 2.53627e-05
78856: 2.53624e-05
78857: 2.5362e-05
78858: 2.53617e-05
78859: 2.53614e-05
78860: 2.53611e-05
78861: 2.53608e-05
78862: 2.53604e-05
78863: 2.53601e-05
78864: 2.53598e-05
78865: 2.53595e-05
78866: 2.53591e-05
78867: 2.53588e-05
78868: 2.53585e-05
78869: 2.53582e-05
78870: 2.53579e-05
78871: 2.53575e-05
78872: 2.53572e-05
78873: 2.53569e-05
78874: 2.53566e-05
78875: 2.53563e-05
78876: 2.53559e-05
78877: 2.53556e-05
78878: 2.53553e-05
78879: 2.5355e-05
78880: 2.53546e-05
78881: 2.53543e-05
78882: 2.5354e-05
78883: 2.53537e-05
78884: 2.53534e-05
78885: 2.5353e-05
78886: 2.53527e-05
78887: 2.53524e-05
78888: 2.53521e-05
78889: 2.53518e-05
78890: 2.53514e-05
78891: 2.53511e-05
78892: 2.53508e-05
78893: 2.53505e-05
78894: 2.53501e-05
78895: 2.53498e-05
78896: 2.53495e-05
78897: 2.53492e-05
78898: 2.53489e-05
78899: 2.53485e-05
78900: 2.53482e-05
78901: 2.53479e-05
78902: 2.53476e-05
78903: 2.53473e-05
78904: 2.53469e-05
78905: 2.53466e-05
78906: 2.53463e-05
78907: 2.5346e-05
78908: 2.53457e-05
78909: 2.53453e-05
78910: 2.5345e-05
78911: 2.53447e-05
78912: 2.53444e-05
78913: 2.5344e-05
78914: 2.53437e-05
78915: 2.53434e-05
78916: 2.53431e-05
78917: 2.53428e-05
78918: 2.53424e-05
78919: 2.53421e-05
78920: 2.53418e-05
78921: 2.53415e-05
78922: 2.53412e-05
78923: 2.53408e-05
78924: 2.53405e-05
78925: 2.53402e-05
78926: 2.53399e-05
78927: 2.53395e-05
78928: 2.53392e-05
78929: 2.53389e-05
78930: 2.53386e-05
78931: 2.53383e-05
78932: 2.53379e-05
78933: 2.53376e-05
78934: 2.53373e-05
78935: 2.5337e-05
78936: 2.53367e-05
78937: 2.53363e-05
78938: 2.5336e-05
78939: 2.53357e-05
78940: 2.53354e-05
78941: 2.53351e-05
78942: 2.53347e-05
78943: 2.53344e-05
78944: 2.53341e-05
78945: 2.53338e-05
78946: 2.53335e-05
78947: 2.53331e-05
78948: 2.53328e-05
78949: 2.53325e-05
78950: 2.53322e-05
78951: 2.53318e-05
78952: 2.53315e-05
78953: 2.53312e-05
78954: 2.53309e-05
78955: 2.53306e-05
78956: 2.53302e-05
78957: 2.53299e-05
78958: 2.53296e-05
78959: 2.53293e-05
78960: 2.5329e-05
78961: 2.53286e-05
78962: 2.53283e-05
78963: 2.5328e-05
78964: 2.53277e-05
78965: 2.53274e-05
78966: 2.5327e-05
78967: 2.53267e-05
78968: 2.53264e-05
78969: 2.53261e-05
78970: 2.53258e-05
78971: 2.53254e-05
78972: 2.53251e-05
78973: 2.53248e-05
78974: 2.53245e-05
78975: 2.53241e-05
78976: 2.53238e-05
78977: 2.53235e-05
78978: 2.53232e-05
78979: 2.53229e-05
78980: 2.53225e-05
78981: 2.53222e-05
78982: 2.53219e-05
78983: 2.53216e-05
78984: 2.53213e-05
78985: 2.53209e-05
78986: 2.53206e-05
78987: 2.53203e-05
78988: 2.532e-05
78989: 2.53197e-05
78990: 2.53193e-05
78991: 2.5319e-05
78992: 2.53187e-05
78993: 2.53184e-05
78994: 2.53181e-05
78995: 2.53177e-05
78996: 2.53174e-05
78997: 2.53171e-05
78998: 2.53168e-05
78999: 2.53165e-05
79000: 2.53161e-05
79001: 2.53158e-05
79002: 2.53155e-05
79003: 2.53152e-05
79004: 2.53149e-05
79005: 2.53145e-05
79006: 2.53142e-05
79007: 2.53139e-05
79008: 2.53136e-05
79009: 2.53133e-05
79010: 2.53129e-05
79011: 2.53126e-05
79012: 2.53123e-05
79013: 2.5312e-05
79014: 2.53116e-05
79015: 2.53113e-05
79016: 2.5311e-05
79017: 2.53107e-05
79018: 2.53104e-05
79019: 2.531e-05
79020: 2.53097e-05
79021: 2.53094e-05
79022: 2.53091e-05
79023: 2.53088e-05
79024: 2.53084e-05
79025: 2.53081e-05
79026: 2.53078e-05
79027: 2.53075e-05
79028: 2.53072e-05
79029: 2.53068e-05
79030: 2.53065e-05
79031: 2.53062e-05
79032: 2.53059e-05
79033: 2.53056e-05
79034: 2.53052e-05
79035: 2.53049e-05
79036: 2.53046e-05
79037: 2.53043e-05
79038: 2.5304e-05
79039: 2.53036e-05
79040: 2.53033e-05
79041: 2.5303e-05
79042: 2.53027e-05
79043: 2.53024e-05
79044: 2.5302e-05
79045: 2.53017e-05
79046: 2.53014e-05
79047: 2.53011e-05
79048: 2.53008e-05
79049: 2.53004e-05
79050: 2.53001e-05
79051: 2.52998e-05
79052: 2.52995e-05
79053: 2.52992e-05
79054: 2.52988e-05
79055: 2.52985e-05
79056: 2.52982e-05
79057: 2.52979e-05
79058: 2.52976e-05
79059: 2.52972e-05
79060: 2.52969e-05
79061: 2.52966e-05
79062: 2.52963e-05
79063: 2.5296e-05
79064: 2.52956e-05
79065: 2.52953e-05
79066: 2.5295e-05
79067: 2.52947e-05
79068: 2.52944e-05
79069: 2.5294e-05
79070: 2.52937e-05
79071: 2.52934e-05
79072: 2.52931e-05
79073: 2.52928e-05
79074: 2.52924e-05
79075: 2.52921e-05
79076: 2.52918e-05
79077: 2.52915e-05
79078: 2.52912e-05
79079: 2.52908e-05
79080: 2.52905e-05
79081: 2.52902e-05
79082: 2.52899e-05
79083: 2.52896e-05
79084: 2.52892e-05
79085: 2.52889e-05
79086: 2.52886e-05
79087: 2.52883e-05
79088: 2.5288e-05
79089: 2.52876e-05
79090: 2.52873e-05
79091: 2.5287e-05
79092: 2.52867e-05
79093: 2.52864e-05
79094: 2.5286e-05
79095: 2.52857e-05
79096: 2.52854e-05
79097: 2.52851e-05
79098: 2.52848e-05
79099: 2.52845e-05
79100: 2.52841e-05
79101: 2.52838e-05
79102: 2.52835e-05
79103: 2.52832e-05
79104: 2.52829e-05
79105: 2.52825e-05
79106: 2.52822e-05
79107: 2.52819e-05
79108: 2.52816e-05
79109: 2.52813e-05
79110: 2.52809e-05
79111: 2.52806e-05
79112: 2.52803e-05
79113: 2.528e-05
79114: 2.52797e-05
79115: 2.52793e-05
79116: 2.5279e-05
79117: 2.52787e-05
79118: 2.52784e-05
79119: 2.52781e-05
79120: 2.52777e-05
79121: 2.52774e-05
79122: 2.52771e-05
79123: 2.52768e-05
79124: 2.52765e-05
79125: 2.52761e-05
79126: 2.52758e-05
79127: 2.52755e-05
79128: 2.52752e-05
79129: 2.52749e-05
79130: 2.52745e-05
79131: 2.52742e-05
79132: 2.52739e-05
79133: 2.52736e-05
79134: 2.52733e-05
79135: 2.52729e-05
79136: 2.52726e-05
79137: 2.52723e-05
79138: 2.5272e-05
79139: 2.52717e-05
79140: 2.52714e-05
79141: 2.5271e-05
79142: 2.52707e-05
79143: 2.52704e-05
79144: 2.52701e-05
79145: 2.52698e-05
79146: 2.52694e-05
79147: 2.52691e-05
79148: 2.52688e-05
79149: 2.52685e-05
79150: 2.52682e-05
79151: 2.52678e-05
79152: 2.52675e-05
79153: 2.52672e-05
79154: 2.52669e-05
79155: 2.52666e-05
79156: 2.52662e-05
79157: 2.52659e-05
79158: 2.52656e-05
79159: 2.52653e-05
79160: 2.5265e-05
79161: 2.52646e-05
79162: 2.52643e-05
79163: 2.5264e-05
79164: 2.52637e-05
79165: 2.52634e-05
79166: 2.52631e-05
79167: 2.52627e-05
79168: 2.52624e-05
79169: 2.52621e-05
79170: 2.52618e-05
79171: 2.52615e-05
79172: 2.52611e-05
79173: 2.52608e-05
79174: 2.52605e-05
79175: 2.52602e-05
79176: 2.52599e-05
79177: 2.52595e-05
79178: 2.52592e-05
79179: 2.52589e-05
79180: 2.52586e-05
79181: 2.52583e-05
79182: 2.52579e-05
79183: 2.52576e-05
79184: 2.52573e-05
79185: 2.5257e-05
79186: 2.52567e-05
79187: 2.52564e-05
79188: 2.5256e-05
79189: 2.52557e-05
79190: 2.52554e-05
79191: 2.52551e-05
79192: 2.52548e-05
79193: 2.52544e-05
79194: 2.52541e-05
79195: 2.52538e-05
79196: 2.52535e-05
79197: 2.52532e-05
79198: 2.52528e-05
79199: 2.52525e-05
79200: 2.52522e-05
79201: 2.52519e-05
79202: 2.52516e-05
79203: 2.52512e-05
79204: 2.52509e-05
79205: 2.52506e-05
79206: 2.52503e-05
79207: 2.525e-05
79208: 2.52497e-05
79209: 2.52493e-05
79210: 2.5249e-05
79211: 2.52487e-05
79212: 2.52484e-05
79213: 2.52481e-05
79214: 2.52477e-05
79215: 2.52474e-05
79216: 2.52471e-05
79217: 2.52468e-05
79218: 2.52465e-05
79219: 2.52461e-05
79220: 2.52458e-05
79221: 2.52455e-05
79222: 2.52452e-05
79223: 2.52449e-05
79224: 2.52446e-05
79225: 2.52442e-05
79226: 2.52439e-05
79227: 2.52436e-05
79228: 2.52433e-05
79229: 2.5243e-05
79230: 2.52426e-05
79231: 2.52423e-05
79232: 2.5242e-05
79233: 2.52417e-05
79234: 2.52414e-05
79235: 2.52411e-05
79236: 2.52407e-05
79237: 2.52404e-05
79238: 2.52401e-05
79239: 2.52398e-05
79240: 2.52395e-05
79241: 2.52391e-05
79242: 2.52388e-05
79243: 2.52385e-05
79244: 2.52382e-05
79245: 2.52379e-05
79246: 2.52375e-05
79247: 2.52372e-05
79248: 2.52369e-05
79249: 2.52366e-05
79250: 2.52363e-05
79251: 2.5236e-05
79252: 2.52356e-05
79253: 2.52353e-05
79254: 2.5235e-05
79255: 2.52347e-05
79256: 2.52344e-05
79257: 2.5234e-05
79258: 2.52337e-05
79259: 2.52334e-05
79260: 2.52331e-05
79261: 2.52328e-05
79262: 2.52325e-05
79263: 2.52321e-05
79264: 2.52318e-05
79265: 2.52315e-05
79266: 2.52312e-05
79267: 2.52309e-05
79268: 2.52305e-05
79269: 2.52302e-05
79270: 2.52299e-05
79271: 2.52296e-05
79272: 2.52293e-05
79273: 2.5229e-05
79274: 2.52286e-05
79275: 2.52283e-05
79276: 2.5228e-05
79277: 2.52277e-05
79278: 2.52274e-05
79279: 2.5227e-05
79280: 2.52267e-05
79281: 2.52264e-05
79282: 2.52261e-05
79283: 2.52258e-05
79284: 2.52255e-05
79285: 2.52251e-05
79286: 2.52248e-05
79287: 2.52245e-05
79288: 2.52242e-05
79289: 2.52239e-05
79290: 2.52235e-05
79291: 2.52232e-05
79292: 2.52229e-05
79293: 2.52226e-05
79294: 2.52223e-05
79295: 2.5222e-05
79296: 2.52216e-05
79297: 2.52213e-05
79298: 2.5221e-05
79299: 2.52207e-05
79300: 2.52204e-05
79301: 2.522e-05
79302: 2.52197e-05
79303: 2.52194e-05
79304: 2.52191e-05
79305: 2.52188e-05
79306: 2.52185e-05
79307: 2.52181e-05
79308: 2.52178e-05
79309: 2.52175e-05
79310: 2.52172e-05
79311: 2.52169e-05
79312: 2.52165e-05
79313: 2.52162e-05
79314: 2.52159e-05
79315: 2.52156e-05
79316: 2.52153e-05
79317: 2.5215e-05
79318: 2.52146e-05
79319: 2.52143e-05
79320: 2.5214e-05
79321: 2.52137e-05
79322: 2.52134e-05
79323: 2.52131e-05
79324: 2.52127e-05
79325: 2.52124e-05
79326: 2.52121e-05
79327: 2.52118e-05
79328: 2.52115e-05
79329: 2.52111e-05
79330: 2.52108e-05
79331: 2.52105e-05
79332: 2.52102e-05
79333: 2.52099e-05
79334: 2.52096e-05
79335: 2.52092e-05
79336: 2.52089e-05
79337: 2.52086e-05
79338: 2.52083e-05
79339: 2.5208e-05
79340: 2.52076e-05
79341: 2.52073e-05
79342: 2.5207e-05
79343: 2.52067e-05
79344: 2.52064e-05
79345: 2.52061e-05
79346: 2.52057e-05
79347: 2.52054e-05
79348: 2.52051e-05
79349: 2.52048e-05
79350: 2.52045e-05
79351: 2.52042e-05
79352: 2.52038e-05
79353: 2.52035e-05
79354: 2.52032e-05
79355: 2.52029e-05
79356: 2.52026e-05
79357: 2.52022e-05
79358: 2.52019e-05
79359: 2.52016e-05
79360: 2.52013e-05
79361: 2.5201e-05
79362: 2.52007e-05
79363: 2.52003e-05
79364: 2.52e-05
79365: 2.51997e-05
79366: 2.51994e-05
79367: 2.51991e-05
79368: 2.51988e-05
79369: 2.51984e-05
79370: 2.51981e-05
79371: 2.51978e-05
79372: 2.51975e-05
79373: 2.51972e-05
79374: 2.51969e-05
79375: 2.51965e-05
79376: 2.51962e-05
79377: 2.51959e-05
79378: 2.51956e-05
79379: 2.51953e-05
79380: 2.51949e-05
79381: 2.51946e-05
79382: 2.51943e-05
79383: 2.5194e-05
79384: 2.51937e-05
79385: 2.51934e-05
79386: 2.5193e-05
79387: 2.51927e-05
79388: 2.51924e-05
79389: 2.51921e-05
79390: 2.51918e-05
79391: 2.51915e-05
79392: 2.51911e-05
79393: 2.51908e-05
79394: 2.51905e-05
79395: 2.51902e-05
79396: 2.51899e-05
79397: 2.51896e-05
79398: 2.51892e-05
79399: 2.51889e-05
79400: 2.51886e-05
79401: 2.51883e-05
79402: 2.5188e-05
79403: 2.51876e-05
79404: 2.51873e-05
79405: 2.5187e-05
79406: 2.51867e-05
79407: 2.51864e-05
79408: 2.51861e-05
79409: 2.51857e-05
79410: 2.51854e-05
79411: 2.51851e-05
79412: 2.51848e-05
79413: 2.51845e-05
79414: 2.51842e-05
79415: 2.51838e-05
79416: 2.51835e-05
79417: 2.51832e-05
79418: 2.51829e-05
79419: 2.51826e-05
79420: 2.51823e-05
79421: 2.51819e-05
79422: 2.51816e-05
79423: 2.51813e-05
79424: 2.5181e-05
79425: 2.51807e-05
79426: 2.51804e-05
79427: 2.518e-05
79428: 2.51797e-05
79429: 2.51794e-05
79430: 2.51791e-05
79431: 2.51788e-05
79432: 2.51785e-05
79433: 2.51781e-05
79434: 2.51778e-05
79435: 2.51775e-05
79436: 2.51772e-05
79437: 2.51769e-05
79438: 2.51766e-05
79439: 2.51762e-05
79440: 2.51759e-05
79441: 2.51756e-05
79442: 2.51753e-05
79443: 2.5175e-05
79444: 2.51746e-05
79445: 2.51743e-05
79446: 2.5174e-05
79447: 2.51737e-05
79448: 2.51734e-05
79449: 2.51731e-05
79450: 2.51727e-05
79451: 2.51724e-05
79452: 2.51721e-05
79453: 2.51718e-05
79454: 2.51715e-05
79455: 2.51712e-05
79456: 2.51708e-05
79457: 2.51705e-05
79458: 2.51702e-05
79459: 2.51699e-05
79460: 2.51696e-05
79461: 2.51693e-05
79462: 2.51689e-05
79463: 2.51686e-05
79464: 2.51683e-05
79465: 2.5168e-05
79466: 2.51677e-05
79467: 2.51674e-05
79468: 2.5167e-05
79469: 2.51667e-05
79470: 2.51664e-05
79471: 2.51661e-05
79472: 2.51658e-05
79473: 2.51655e-05
79474: 2.51651e-05
79475: 2.51648e-05
79476: 2.51645e-05
79477: 2.51642e-05
79478: 2.51639e-05
79479: 2.51636e-05
79480: 2.51632e-05
79481: 2.51629e-05
79482: 2.51626e-05
79483: 2.51623e-05
79484: 2.5162e-05
79485: 2.51617e-05
79486: 2.51613e-05
79487: 2.5161e-05
79488: 2.51607e-05
79489: 2.51604e-05
79490: 2.51601e-05
79491: 2.51598e-05
79492: 2.51594e-05
79493: 2.51591e-05
79494: 2.51588e-05
79495: 2.51585e-05
79496: 2.51582e-05
79497: 2.51579e-05
79498: 2.51575e-05
79499: 2.51572e-05
79500: 2.51569e-05
79501: 2.51566e-05
79502: 2.51563e-05
79503: 2.5156e-05
79504: 2.51557e-05
79505: 2.51553e-05
79506: 2.5155e-05
79507: 2.51547e-05
79508: 2.51544e-05
79509: 2.51541e-05
79510: 2.51538e-05
79511: 2.51534e-05
79512: 2.51531e-05
79513: 2.51528e-05
79514: 2.51525e-05
79515: 2.51522e-05
79516: 2.51519e-05
79517: 2.51515e-05
79518: 2.51512e-05
79519: 2.51509e-05
79520: 2.51506e-05
79521: 2.51503e-05
79522: 2.515e-05
79523: 2.51496e-05
79524: 2.51493e-05
79525: 2.5149e-05
79526: 2.51487e-05
79527: 2.51484e-05
79528: 2.51481e-05
79529: 2.51477e-05
79530: 2.51474e-05
79531: 2.51471e-05
79532: 2.51468e-05
79533: 2.51465e-05
79534: 2.51462e-05
79535: 2.51458e-05
79536: 2.51455e-05
79537: 2.51452e-05
79538: 2.51449e-05
79539: 2.51446e-05
79540: 2.51443e-05
79541: 2.51439e-05
79542: 2.51436e-05
79543: 2.51433e-05
79544: 2.5143e-05
79545: 2.51427e-05
79546: 2.51424e-05
79547: 2.51421e-05
79548: 2.51417e-05
79549: 2.51414e-05
79550: 2.51411e-05
79551: 2.51408e-05
79552: 2.51405e-05
79553: 2.51402e-05
79554: 2.51398e-05
79555: 2.51395e-05
79556: 2.51392e-05
79557: 2.51389e-05
79558: 2.51386e-05
79559: 2.51383e-05
79560: 2.51379e-05
79561: 2.51376e-05
79562: 2.51373e-05
79563: 2.5137e-05
79564: 2.51367e-05
79565: 2.51364e-05
79566: 2.5136e-05
79567: 2.51357e-05
79568: 2.51354e-05
79569: 2.51351e-05
79570: 2.51348e-05
79571: 2.51345e-05
79572: 2.51342e-05
79573: 2.51338e-05
79574: 2.51335e-05
79575: 2.51332e-05
79576: 2.51329e-05
79577: 2.51326e-05
79578: 2.51323e-05
79579: 2.51319e-05
79580: 2.51316e-05
79581: 2.51313e-05
79582: 2.5131e-05
79583: 2.51307e-05
79584: 2.51304e-05
79585: 2.513e-05
79586: 2.51297e-05
79587: 2.51294e-05
79588: 2.51291e-05
79589: 2.51288e-05
79590: 2.51285e-05
79591: 2.51282e-05
79592: 2.51278e-05
79593: 2.51275e-05
79594: 2.51272e-05
79595: 2.51269e-05
79596: 2.51266e-05
79597: 2.51263e-05
79598: 2.51259e-05
79599: 2.51256e-05
79600: 2.51253e-05
79601: 2.5125e-05
79602: 2.51247e-05
79603: 2.51244e-05
79604: 2.5124e-05
79605: 2.51237e-05
79606: 2.51234e-05
79607: 2.51231e-05
79608: 2.51228e-05
79609: 2.51225e-05
79610: 2.51222e-05
79611: 2.51218e-05
79612: 2.51215e-05
79613: 2.51212e-05
79614: 2.51209e-05
79615: 2.51206e-05
79616: 2.51203e-05
79617: 2.51199e-05
79618: 2.51196e-05
79619: 2.51193e-05
79620: 2.5119e-05
79621: 2.51187e-05
79622: 2.51184e-05
79623: 2.51181e-05
79624: 2.51177e-05
79625: 2.51174e-05
79626: 2.51171e-05
79627: 2.51168e-05
79628: 2.51165e-05
79629: 2.51162e-05
79630: 2.51158e-05
79631: 2.51155e-05
79632: 2.51152e-05
79633: 2.51149e-05
79634: 2.51146e-05
79635: 2.51143e-05
79636: 2.5114e-05
79637: 2.51136e-05
79638: 2.51133e-05
79639: 2.5113e-05
79640: 2.51127e-05
79641: 2.51124e-05
79642: 2.51121e-05
79643: 2.51117e-05
79644: 2.51114e-05
79645: 2.51111e-05
79646: 2.51108e-05
79647: 2.51105e-05
79648: 2.51102e-05
79649: 2.51099e-05
79650: 2.51095e-05
79651: 2.51092e-05
79652: 2.51089e-05
79653: 2.51086e-05
79654: 2.51083e-05
79655: 2.5108e-05
79656: 2.51076e-05
79657: 2.51073e-05
79658: 2.5107e-05
79659: 2.51067e-05
79660: 2.51064e-05
79661: 2.51061e-05
79662: 2.51058e-05
79663: 2.51054e-05
79664: 2.51051e-05
79665: 2.51048e-05
79666: 2.51045e-05
79667: 2.51042e-05
79668: 2.51039e-05
79669: 2.51036e-05
79670: 2.51032e-05
79671: 2.51029e-05
79672: 2.51026e-05
79673: 2.51023e-05
79674: 2.5102e-05
79675: 2.51017e-05
79676: 2.51013e-05
79677: 2.5101e-05
79678: 2.51007e-05
79679: 2.51004e-05
79680: 2.51001e-05
79681: 2.50998e-05
79682: 2.50995e-05
79683: 2.50991e-05
79684: 2.50988e-05
79685: 2.50985e-05
79686: 2.50982e-05
79687: 2.50979e-05
79688: 2.50976e-05
79689: 2.50973e-05
79690: 2.50969e-05
79691: 2.50966e-05
79692: 2.50963e-05
79693: 2.5096e-05
79694: 2.50957e-05
79695: 2.50954e-05
79696: 2.5095e-05
79697: 2.50947e-05
79698: 2.50944e-05
79699: 2.50941e-05
79700: 2.50938e-05
79701: 2.50935e-05
79702: 2.50932e-05
79703: 2.50928e-05
79704: 2.50925e-05
79705: 2.50922e-05
79706: 2.50919e-05
79707: 2.50916e-05
79708: 2.50913e-05
79709: 2.5091e-05
79710: 2.50906e-05
79711: 2.50903e-05
79712: 2.509e-05
79713: 2.50897e-05
79714: 2.50894e-05
79715: 2.50891e-05
79716: 2.50888e-05
79717: 2.50884e-05
79718: 2.50881e-05
79719: 2.50878e-05
79720: 2.50875e-05
79721: 2.50872e-05
79722: 2.50869e-05
79723: 2.50865e-05
79724: 2.50862e-05
79725: 2.50859e-05
79726: 2.50856e-05
79727: 2.50853e-05
79728: 2.5085e-05
79729: 2.50847e-05
79730: 2.50843e-05
79731: 2.5084e-05
79732: 2.50837e-05
79733: 2.50834e-05
79734: 2.50831e-05
79735: 2.50828e-05
79736: 2.50825e-05
79737: 2.50821e-05
79738: 2.50818e-05
79739: 2.50815e-05
79740: 2.50812e-05
79741: 2.50809e-05
79742: 2.50806e-05
79743: 2.50803e-05
79744: 2.50799e-05
79745: 2.50796e-05
79746: 2.50793e-05
79747: 2.5079e-05
79748: 2.50787e-05
79749: 2.50784e-05
79750: 2.50781e-05
79751: 2.50777e-05
79752: 2.50774e-05
79753: 2.50771e-05
79754: 2.50768e-05
79755: 2.50765e-05
79756: 2.50762e-05
79757: 2.50759e-05
79758: 2.50755e-05
79759: 2.50752e-05
79760: 2.50749e-05
79761: 2.50746e-05
79762: 2.50743e-05
79763: 2.5074e-05
79764: 2.50737e-05
79765: 2.50733e-05
79766: 2.5073e-05
79767: 2.50727e-05
79768: 2.50724e-05
79769: 2.50721e-05
79770: 2.50718e-05
79771: 2.50715e-05
79772: 2.50711e-05
79773: 2.50708e-05
79774: 2.50705e-05
79775: 2.50702e-05
79776: 2.50699e-05
79777: 2.50696e-05
79778: 2.50693e-05
79779: 2.50689e-05
79780: 2.50686e-05
79781: 2.50683e-05
79782: 2.5068e-05
79783: 2.50677e-05
79784: 2.50674e-05
79785: 2.50671e-05
79786: 2.50667e-05
79787: 2.50664e-05
79788: 2.50661e-05
79789: 2.50658e-05
79790: 2.50655e-05
79791: 2.50652e-05
79792: 2.50649e-05
79793: 2.50645e-05
79794: 2.50642e-05
79795: 2.50639e-05
79796: 2.50636e-05
79797: 2.50633e-05
79798: 2.5063e-05
79799: 2.50627e-05
79800: 2.50623e-05
79801: 2.5062e-05
79802: 2.50617e-05
79803: 2.50614e-05
79804: 2.50611e-05
79805: 2.50608e-05
79806: 2.50605e-05
79807: 2.50601e-05
79808: 2.50598e-05
79809: 2.50595e-05
79810: 2.50592e-05
79811: 2.50589e-05
79812: 2.50586e-05
79813: 2.50583e-05
79814: 2.50579e-05
79815: 2.50576e-05
79816: 2.50573e-05
79817: 2.5057e-05
79818: 2.50567e-05
79819: 2.50564e-05
79820: 2.50561e-05
79821: 2.50557e-05
79822: 2.50554e-05
79823: 2.50551e-05
79824: 2.50548e-05
79825: 2.50545e-05
79826: 2.50542e-05
79827: 2.50539e-05
79828: 2.50536e-05
79829: 2.50532e-05
79830: 2.50529e-05
79831: 2.50526e-05
79832: 2.50523e-05
79833: 2.5052e-05
79834: 2.50517e-05
79835: 2.50514e-05
79836: 2.5051e-05
79837: 2.50507e-05
79838: 2.50504e-05
79839: 2.50501e-05
79840: 2.50498e-05
79841: 2.50495e-05
79842: 2.50492e-05
79843: 2.50488e-05
79844: 2.50485e-05
79845: 2.50482e-05
79846: 2.50479e-05
79847: 2.50476e-05
79848: 2.50473e-05
79849: 2.5047e-05
79850: 2.50466e-05
79851: 2.50463e-05
79852: 2.5046e-05
79853: 2.50457e-05
79854: 2.50454e-05
79855: 2.50451e-05
79856: 2.50448e-05
79857: 2.50445e-05
79858: 2.50441e-05
79859: 2.50438e-05
79860: 2.50435e-05
79861: 2.50432e-05
79862: 2.50429e-05
79863: 2.50426e-05
79864: 2.50423e-05
79865: 2.50419e-05
79866: 2.50416e-05
79867: 2.50413e-05
79868: 2.5041e-05
79869: 2.50407e-05
79870: 2.50404e-05
79871: 2.50401e-05
79872: 2.50398e-05
79873: 2.50394e-05
79874: 2.50391e-05
79875: 2.50388e-05
79876: 2.50385e-05
79877: 2.50382e-05
79878: 2.50379e-05
79879: 2.50376e-05
79880: 2.50372e-05
79881: 2.50369e-05
79882: 2.50366e-05
79883: 2.50363e-05
79884: 2.5036e-05
79885: 2.50357e-05
79886: 2.50354e-05
79887: 2.5035e-05
79888: 2.50347e-05
79889: 2.50344e-05
79890: 2.50341e-05
79891: 2.50338e-05
79892: 2.50335e-05
79893: 2.50332e-05
79894: 2.50329e-05
79895: 2.50325e-05
79896: 2.50322e-05
79897: 2.50319e-05
79898: 2.50316e-05
79899: 2.50313e-05
79900: 2.5031e-05
79901: 2.50307e-05
79902: 2.50303e-05
79903: 2.503e-05
79904: 2.50297e-05
79905: 2.50294e-05
79906: 2.50291e-05
79907: 2.50288e-05
79908: 2.50285e-05
79909: 2.50282e-05
79910: 2.50278e-05
79911: 2.50275e-05
79912: 2.50272e-05
79913: 2.50269e-05
79914: 2.50266e-05
79915: 2.50263e-05
79916: 2.5026e-05
79917: 2.50257e-05
79918: 2.50253e-05
79919: 2.5025e-05
79920: 2.50247e-05
79921: 2.50244e-05
79922: 2.50241e-05
79923: 2.50238e-05
79924: 2.50235e-05
79925: 2.50231e-05
79926: 2.50228e-05
79927: 2.50225e-05
79928: 2.50222e-05
79929: 2.50219e-05
79930: 2.50216e-05
79931: 2.50213e-05
79932: 2.5021e-05
79933: 2.50206e-05
79934: 2.50203e-05
79935: 2.502e-05
79936: 2.50197e-05
79937: 2.50194e-05
79938: 2.50191e-05
79939: 2.50188e-05
79940: 2.50185e-05
79941: 2.50181e-05
79942: 2.50178e-05
79943: 2.50175e-05
79944: 2.50172e-05
79945: 2.50169e-05
79946: 2.50166e-05
79947: 2.50163e-05
79948: 2.50159e-05
79949: 2.50156e-05
79950: 2.50153e-05
79951: 2.5015e-05
79952: 2.50147e-05
79953: 2.50144e-05
79954: 2.50141e-05
79955: 2.50138e-05
79956: 2.50134e-05
79957: 2.50131e-05
79958: 2.50128e-05
79959: 2.50125e-05
79960: 2.50122e-05
79961: 2.50119e-05
79962: 2.50116e-05
79963: 2.50113e-05
79964: 2.50109e-05
79965: 2.50106e-05
79966: 2.50103e-05
79967: 2.501e-05
79968: 2.50097e-05
79969: 2.50094e-05
79970: 2.50091e-05
79971: 2.50088e-05
79972: 2.50084e-05
79973: 2.50081e-05
79974: 2.50078e-05
79975: 2.50075e-05
79976: 2.50072e-05
79977: 2.50069e-05
79978: 2.50066e-05
79979: 2.50063e-05
79980: 2.50059e-05
79981: 2.50056e-05
79982: 2.50053e-05
79983: 2.5005e-05
79984: 2.50047e-05
79985: 2.50044e-05
79986: 2.50041e-05
79987: 2.50038e-05
79988: 2.50034e-05
79989: 2.50031e-05
79990: 2.50028e-05
79991: 2.50025e-05
79992: 2.50022e-05
79993: 2.50019e-05
79994: 2.50016e-05
79995: 2.50013e-05
79996: 2.50009e-05
79997: 2.50006e-05
79998: 2.50003e-05
79999: 2.5e-05
80000: 2.49997e-05
80001: 2.49994e-05
80002: 2.49991e-05
80003: 2.49988e-05
80004: 2.49984e-05
80005: 2.49981e-05
80006: 2.49978e-05
80007: 2.49975e-05
80008: 2.49972e-05
80009: 2.49969e-05
80010: 2.49966e-05
80011: 2.49963e-05
80012: 2.49959e-05
80013: 2.49956e-05
80014: 2.49953e-05
80015: 2.4995e-05
80016: 2.49947e-05
80017: 2.49944e-05
80018: 2.49941e-05
80019: 2.49938e-05
80020: 2.49934e-05
80021: 2.49931e-05
80022: 2.49928e-05
80023: 2.49925e-05
80024: 2.49922e-05
80025: 2.49919e-05
80026: 2.49916e-05
80027: 2.49913e-05
80028: 2.49909e-05
80029: 2.49906e-05
80030: 2.49903e-05
80031: 2.499e-05
80032: 2.49897e-05
80033: 2.49894e-05
80034: 2.49891e-05
80035: 2.49888e-05
80036: 2.49884e-05
80037: 2.49881e-05
80038: 2.49878e-05
80039: 2.49875e-05
80040: 2.49872e-05
80041: 2.49869e-05
80042: 2.49866e-05
80043: 2.49863e-05
80044: 2.49859e-05
80045: 2.49856e-05
80046: 2.49853e-05
80047: 2.4985e-05
80048: 2.49847e-05
80049: 2.49844e-05
80050: 2.49841e-05
80051: 2.49838e-05
80052: 2.49834e-05
80053: 2.49831e-05
80054: 2.49828e-05
80055: 2.49825e-05
80056: 2.49822e-05
80057: 2.49819e-05
80058: 2.49816e-05
80059: 2.49813e-05
80060: 2.4981e-05
80061: 2.49806e-05
80062: 2.49803e-05
80063: 2.498e-05
80064: 2.49797e-05
80065: 2.49794e-05
80066: 2.49791e-05
80067: 2.49788e-05
80068: 2.49785e-05
80069: 2.49781e-05
80070: 2.49778e-05
80071: 2.49775e-05
80072: 2.49772e-05
80073: 2.49769e-05
80074: 2.49766e-05
80075: 2.49763e-05
80076: 2.4976e-05
80077: 2.49756e-05
80078: 2.49753e-05
80079: 2.4975e-05
80080: 2.49747e-05
80081: 2.49744e-05
80082: 2.49741e-05
80083: 2.49738e-05
80084: 2.49735e-05
80085: 2.49732e-05
80086: 2.49728e-05
80087: 2.49725e-05
80088: 2.49722e-05
80089: 2.49719e-05
80090: 2.49716e-05
80091: 2.49713e-05
80092: 2.4971e-05
80093: 2.49707e-05
80094: 2.49703e-05
80095: 2.497e-05
80096: 2.49697e-05
80097: 2.49694e-05
80098: 2.49691e-05
80099: 2.49688e-05
80100: 2.49685e-05
80101: 2.49682e-05
80102: 2.49679e-05
80103: 2.49675e-05
80104: 2.49672e-05
80105: 2.49669e-05
80106: 2.49666e-05
80107: 2.49663e-05
80108: 2.4966e-05
80109: 2.49657e-05
80110: 2.49654e-05
80111: 2.4965e-05
80112: 2.49647e-05
80113: 2.49644e-05
80114: 2.49641e-05
80115: 2.49638e-05
80116: 2.49635e-05
80117: 2.49632e-05
80118: 2.49629e-05
80119: 2.49626e-05
80120: 2.49622e-05
80121: 2.49619e-05
80122: 2.49616e-05
80123: 2.49613e-05
80124: 2.4961e-05
80125: 2.49607e-05
80126: 2.49604e-05
80127: 2.49601e-05
80128: 2.49598e-05
80129: 2.49594e-05
80130: 2.49591e-05
80131: 2.49588e-05
80132: 2.49585e-05
80133: 2.49582e-05
80134: 2.49579e-05
80135: 2.49576e-05
80136: 2.49573e-05
80137: 2.49569e-05
80138: 2.49566e-05
80139: 2.49563e-05
80140: 2.4956e-05
80141: 2.49557e-05
80142: 2.49554e-05
80143: 2.49551e-05
80144: 2.49548e-05
80145: 2.49545e-05
80146: 2.49541e-05
80147: 2.49538e-05
80148: 2.49535e-05
80149: 2.49532e-05
80150: 2.49529e-05
80151: 2.49526e-05
80152: 2.49523e-05
80153: 2.4952e-05
80154: 2.49517e-05
80155: 2.49513e-05
80156: 2.4951e-05
80157: 2.49507e-05
80158: 2.49504e-05
80159: 2.49501e-05
80160: 2.49498e-05
80161: 2.49495e-05
80162: 2.49492e-05
80163: 2.49489e-05
80164: 2.49485e-05
80165: 2.49482e-05
80166: 2.49479e-05
80167: 2.49476e-05
80168: 2.49473e-05
80169: 2.4947e-05
80170: 2.49467e-05
80171: 2.49464e-05
80172: 2.49461e-05
80173: 2.49457e-05
80174: 2.49454e-05
80175: 2.49451e-05
80176: 2.49448e-05
80177: 2.49445e-05
80178: 2.49442e-05
80179: 2.49439e-05
80180: 2.49436e-05
80181: 2.49433e-05
80182: 2.49429e-05
80183: 2.49426e-05
80184: 2.49423e-05
80185: 2.4942e-05
80186: 2.49417e-05
80187: 2.49414e-05
80188: 2.49411e-05
80189: 2.49408e-05
80190: 2.49405e-05
80191: 2.49401e-05
80192: 2.49398e-05
80193: 2.49395e-05
80194: 2.49392e-05
80195: 2.49389e-05
80196: 2.49386e-05
80197: 2.49383e-05
80198: 2.4938e-05
80199: 2.49377e-05
80200: 2.49373e-05
80201: 2.4937e-05
80202: 2.49367e-05
80203: 2.49364e-05
80204: 2.49361e-05
80205: 2.49358e-05
80206: 2.49355e-05
80207: 2.49352e-05
80208: 2.49349e-05
80209: 2.49345e-05
80210: 2.49342e-05
80211: 2.49339e-05
80212: 2.49336e-05
80213: 2.49333e-05
80214: 2.4933e-05
80215: 2.49327e-05
80216: 2.49324e-05
80217: 2.49321e-05
80218: 2.49317e-05
80219: 2.49314e-05
80220: 2.49311e-05
80221: 2.49308e-05
80222: 2.49305e-05
80223: 2.49302e-05
80224: 2.49299e-05
80225: 2.49296e-05
80226: 2.49293e-05
80227: 2.4929e-05
80228: 2.49286e-05
80229: 2.49283e-05
80230: 2.4928e-05
80231: 2.49277e-05
80232: 2.49274e-05
80233: 2.49271e-05
80234: 2.49268e-05
80235: 2.49265e-05
80236: 2.49262e-05
80237: 2.49258e-05
80238: 2.49255e-05
80239: 2.49252e-05
80240: 2.49249e-05
80241: 2.49246e-05
80242: 2.49243e-05
80243: 2.4924e-05
80244: 2.49237e-05
80245: 2.49234e-05
80246: 2.49231e-05
80247: 2.49227e-05
80248: 2.49224e-05
80249: 2.49221e-05
80250: 2.49218e-05
80251: 2.49215e-05
80252: 2.49212e-05
80253: 2.49209e-05
80254: 2.49206e-05
80255: 2.49203e-05
80256: 2.49199e-05
80257: 2.49196e-05
80258: 2.49193e-05
80259: 2.4919e-05
80260: 2.49187e-05
80261: 2.49184e-05
80262: 2.49181e-05
80263: 2.49178e-05
80264: 2.49175e-05
80265: 2.49172e-05
80266: 2.49168e-05
80267: 2.49165e-05
80268: 2.49162e-05
80269: 2.49159e-05
80270: 2.49156e-05
80271: 2.49153e-05
80272: 2.4915e-05
80273: 2.49147e-05
80274: 2.49144e-05
80275: 2.4914e-05
80276: 2.49137e-05
80277: 2.49134e-05
80278: 2.49131e-05
80279: 2.49128e-05
80280: 2.49125e-05
80281: 2.49122e-05
80282: 2.49119e-05
80283: 2.49116e-05
80284: 2.49113e-05
80285: 2.49109e-05
80286: 2.49106e-05
80287: 2.49103e-05
80288: 2.491e-05
80289: 2.49097e-05
80290: 2.49094e-05
80291: 2.49091e-05
80292: 2.49088e-05
80293: 2.49085e-05
80294: 2.49082e-05
80295: 2.49078e-05
80296: 2.49075e-05
80297: 2.49072e-05
80298: 2.49069e-05
80299: 2.49066e-05
80300: 2.49063e-05
80301: 2.4906e-05
80302: 2.49057e-05
80303: 2.49054e-05
80304: 2.4905e-05
80305: 2.49047e-05
80306: 2.49044e-05
80307: 2.49041e-05
80308: 2.49038e-05
80309: 2.49035e-05
80310: 2.49032e-05
80311: 2.49029e-05
80312: 2.49026e-05
80313: 2.49023e-05
80314: 2.49019e-05
80315: 2.49016e-05
80316: 2.49013e-05
80317: 2.4901e-05
80318: 2.49007e-05
80319: 2.49004e-05
80320: 2.49001e-05
80321: 2.48998e-05
80322: 2.48995e-05
80323: 2.48992e-05
80324: 2.48988e-05
80325: 2.48985e-05
80326: 2.48982e-05
80327: 2.48979e-05
80328: 2.48976e-05
80329: 2.48973e-05
80330: 2.4897e-05
80331: 2.48967e-05
80332: 2.48964e-05
80333: 2.48961e-05
80334: 2.48957e-05
80335: 2.48954e-05
80336: 2.48951e-05
80337: 2.48948e-05
80338: 2.48945e-05
80339: 2.48942e-05
80340: 2.48939e-05
80341: 2.48936e-05
80342: 2.48933e-05
80343: 2.4893e-05
80344: 2.48927e-05
80345: 2.48923e-05
80346: 2.4892e-05
80347: 2.48917e-05
80348: 2.48914e-05
80349: 2.48911e-05
80350: 2.48908e-05
80351: 2.48905e-05
80352: 2.48902e-05
80353: 2.48899e-05
80354: 2.48896e-05
80355: 2.48892e-05
80356: 2.48889e-05
80357: 2.48886e-05
80358: 2.48883e-05
80359: 2.4888e-05
80360: 2.48877e-05
80361: 2.48874e-05
80362: 2.48871e-05
80363: 2.48868e-05
80364: 2.48865e-05
80365: 2.48861e-05
80366: 2.48858e-05
80367: 2.48855e-05
80368: 2.48852e-05
80369: 2.48849e-05
80370: 2.48846e-05
80371: 2.48843e-05
80372: 2.4884e-05
80373: 2.48837e-05
80374: 2.48834e-05
80375: 2.4883e-05
80376: 2.48827e-05
80377: 2.48824e-05
80378: 2.48821e-05
80379: 2.48818e-05
80380: 2.48815e-05
80381: 2.48812e-05
80382: 2.48809e-05
80383: 2.48806e-05
80384: 2.48803e-05
80385: 2.488e-05
80386: 2.48796e-05
80387: 2.48793e-05
80388: 2.4879e-05
80389: 2.48787e-05
80390: 2.48784e-05
80391: 2.48781e-05
80392: 2.48778e-05
80393: 2.48775e-05
80394: 2.48772e-05
80395: 2.48769e-05
80396: 2.48766e-05
80397: 2.48762e-05
80398: 2.48759e-05
80399: 2.48756e-05
80400: 2.48753e-05
80401: 2.4875e-05
80402: 2.48747e-05
80403: 2.48744e-05
80404: 2.48741e-05
80405: 2.48738e-05
80406: 2.48735e-05
80407: 2.48731e-05
80408: 2.48728e-05
80409: 2.48725e-05
80410: 2.48722e-05
80411: 2.48719e-05
80412: 2.48716e-05
80413: 2.48713e-05
80414: 2.4871e-05
80415: 2.48707e-05
80416: 2.48704e-05
80417: 2.48701e-05
80418: 2.48697e-05
80419: 2.48694e-05
80420: 2.48691e-05
80421: 2.48688e-05
80422: 2.48685e-05
80423: 2.48682e-05
80424: 2.48679e-05
80425: 2.48676e-05
80426: 2.48673e-05
80427: 2.4867e-05
80428: 2.48667e-05
80429: 2.48663e-05
80430: 2.4866e-05
80431: 2.48657e-05
80432: 2.48654e-05
80433: 2.48651e-05
80434: 2.48648e-05
80435: 2.48645e-05
80436: 2.48642e-05
80437: 2.48639e-05
80438: 2.48636e-05
80439: 2.48633e-05
80440: 2.48629e-05
80441: 2.48626e-05
80442: 2.48623e-05
80443: 2.4862e-05
80444: 2.48617e-05
80445: 2.48614e-05
80446: 2.48611e-05
80447: 2.48608e-05
80448: 2.48605e-05
80449: 2.48602e-05
80450: 2.48599e-05
80451: 2.48595e-05
80452: 2.48592e-05
80453: 2.48589e-05
80454: 2.48586e-05
80455: 2.48583e-05
80456: 2.4858e-05
80457: 2.48577e-05
80458: 2.48574e-05
80459: 2.48571e-05
80460: 2.48568e-05
80461: 2.48565e-05
80462: 2.48561e-05
80463: 2.48558e-05
80464: 2.48555e-05
80465: 2.48552e-05
80466: 2.48549e-05
80467: 2.48546e-05
80468: 2.48543e-05
80469: 2.4854e-05
80470: 2.48537e-05
80471: 2.48534e-05
80472: 2.48531e-05
80473: 2.48527e-05
80474: 2.48524e-05
80475: 2.48521e-05
80476: 2.48518e-05
80477: 2.48515e-05
80478: 2.48512e-05
80479: 2.48509e-05
80480: 2.48506e-05
80481: 2.48503e-05
80482: 2.485e-05
80483: 2.48497e-05
80484: 2.48494e-05
80485: 2.4849e-05
80486: 2.48487e-05
80487: 2.48484e-05
80488: 2.48481e-05
80489: 2.48478e-05
80490: 2.48475e-05
80491: 2.48472e-05
80492: 2.48469e-05
80493: 2.48466e-05
80494: 2.48463e-05
80495: 2.4846e-05
80496: 2.48456e-05
80497: 2.48453e-05
80498: 2.4845e-05
80499: 2.48447e-05
80500: 2.48444e-05
80501: 2.48441e-05
80502: 2.48438e-05
80503: 2.48435e-05
80504: 2.48432e-05
80505: 2.48429e-05
80506: 2.48426e-05
80507: 2.48423e-05
80508: 2.48419e-05
80509: 2.48416e-05
80510: 2.48413e-05
80511: 2.4841e-05
80512: 2.48407e-05
80513: 2.48404e-05
80514: 2.48401e-05
80515: 2.48398e-05
80516: 2.48395e-05
80517: 2.48392e-05
80518: 2.48389e-05
80519: 2.48385e-05
80520: 2.48382e-05
80521: 2.48379e-05
80522: 2.48376e-05
80523: 2.48373e-05
80524: 2.4837e-05
80525: 2.48367e-05
80526: 2.48364e-05
80527: 2.48361e-05
80528: 2.48358e-05
80529: 2.48355e-05
80530: 2.48352e-05
80531: 2.48348e-05
80532: 2.48345e-05
80533: 2.48342e-05
80534: 2.48339e-05
80535: 2.48336e-05
80536: 2.48333e-05
80537: 2.4833e-05
80538: 2.48327e-05
80539: 2.48324e-05
80540: 2.48321e-05
80541: 2.48318e-05
80542: 2.48315e-05
80543: 2.48311e-05
80544: 2.48308e-05
80545: 2.48305e-05
80546: 2.48302e-05
80547: 2.48299e-05
80548: 2.48296e-05
80549: 2.48293e-05
80550: 2.4829e-05
80551: 2.48287e-05
80552: 2.48284e-05
80553: 2.48281e-05
80554: 2.48278e-05
80555: 2.48274e-05
80556: 2.48271e-05
80557: 2.48268e-05
80558: 2.48265e-05
80559: 2.48262e-05
80560: 2.48259e-05
80561: 2.48256e-05
80562: 2.48253e-05
80563: 2.4825e-05
80564: 2.48247e-05
80565: 2.48244e-05
80566: 2.48241e-05
80567: 2.48238e-05
80568: 2.48234e-05
80569: 2.48231e-05
80570: 2.48228e-05
80571: 2.48225e-05
80572: 2.48222e-05
80573: 2.48219e-05
80574: 2.48216e-05
80575: 2.48213e-05
80576: 2.4821e-05
80577: 2.48207e-05
80578: 2.48204e-05
80579: 2.48201e-05
80580: 2.48197e-05
80581: 2.48194e-05
80582: 2.48191e-05
80583: 2.48188e-05
80584: 2.48185e-05
80585: 2.48182e-05
80586: 2.48179e-05
80587: 2.48176e-05
80588: 2.48173e-05
80589: 2.4817e-05
80590: 2.48167e-05
80591: 2.48164e-05
80592: 2.48161e-05
80593: 2.48157e-05
80594: 2.48154e-05
80595: 2.48151e-05
80596: 2.48148e-05
80597: 2.48145e-05
80598: 2.48142e-05
80599: 2.48139e-05
80600: 2.48136e-05
80601: 2.48133e-05
80602: 2.4813e-05
80603: 2.48127e-05
80604: 2.48124e-05
80605: 2.4812e-05
80606: 2.48117e-05
80607: 2.48114e-05
80608: 2.48111e-05
80609: 2.48108e-05
80610: 2.48105e-05
80611: 2.48102e-05
80612: 2.48099e-05
80613: 2.48096e-05
80614: 2.48093e-05
80615: 2.4809e-05
80616: 2.48087e-05
80617: 2.48084e-05
80618: 2.4808e-05
80619: 2.48077e-05
80620: 2.48074e-05
80621: 2.48071e-05
80622: 2.48068e-05
80623: 2.48065e-05
80624: 2.48062e-05
80625: 2.48059e-05
80626: 2.48056e-05
80627: 2.48053e-05
80628: 2.4805e-05
80629: 2.48047e-05
80630: 2.48044e-05
80631: 2.4804e-05
80632: 2.48037e-05
80633: 2.48034e-05
80634: 2.48031e-05
80635: 2.48028e-05
80636: 2.48025e-05
80637: 2.48022e-05
80638: 2.48019e-05
80639: 2.48016e-05
80640: 2.48013e-05
80641: 2.4801e-05
80642: 2.48007e-05
80643: 2.48004e-05
80644: 2.48e-05
80645: 2.47997e-05
80646: 2.47994e-05
80647: 2.47991e-05
80648: 2.47988e-05
80649: 2.47985e-05
80650: 2.47982e-05
80651: 2.47979e-05
80652: 2.47976e-05
80653: 2.47973e-05
80654: 2.4797e-05
80655: 2.47967e-05
80656: 2.47964e-05
80657: 2.47961e-05
80658: 2.47957e-05
80659: 2.47954e-05
80660: 2.47951e-05
80661: 2.47948e-05
80662: 2.47945e-05
80663: 2.47942e-05
80664: 2.47939e-05
80665: 2.47936e-05
80666: 2.47933e-05
80667: 2.4793e-05
80668: 2.47927e-05
80669: 2.47924e-05
80670: 2.47921e-05
80671: 2.47917e-05
80672: 2.47914e-05
80673: 2.47911e-05
80674: 2.47908e-05
80675: 2.47905e-05
80676: 2.47902e-05
80677: 2.47899e-05
80678: 2.47896e-05
80679: 2.47893e-05
80680: 2.4789e-05
80681: 2.47887e-05
80682: 2.47884e-05
80683: 2.47881e-05
80684: 2.47878e-05
80685: 2.47874e-05
80686: 2.47871e-05
80687: 2.47868e-05
80688: 2.47865e-05
80689: 2.47862e-05
80690: 2.47859e-05
80691: 2.47856e-05
80692: 2.47853e-05
80693: 2.4785e-05
80694: 2.47847e-05
80695: 2.47844e-05
80696: 2.47841e-05
80697: 2.47838e-05
80698: 2.47835e-05
80699: 2.47831e-05
80700: 2.47828e-05
80701: 2.47825e-05
80702: 2.47822e-05
80703: 2.47819e-05
80704: 2.47816e-05
80705: 2.47813e-05
80706: 2.4781e-05
80707: 2.47807e-05
80708: 2.47804e-05
80709: 2.47801e-05
80710: 2.47798e-05
80711: 2.47795e-05
80712: 2.47792e-05
80713: 2.47788e-05
80714: 2.47785e-05
80715: 2.47782e-05
80716: 2.47779e-05
80717: 2.47776e-05
80718: 2.47773e-05
80719: 2.4777e-05
80720: 2.47767e-05
80721: 2.47764e-05
80722: 2.47761e-05
80723: 2.47758e-05
80724: 2.47755e-05
80725: 2.47752e-05
80726: 2.47749e-05
80727: 2.47746e-05
80728: 2.47742e-05
80729: 2.47739e-05
80730: 2.47736e-05
80731: 2.47733e-05
80732: 2.4773e-05
80733: 2.47727e-05
80734: 2.47724e-05
80735: 2.47721e-05
80736: 2.47718e-05
80737: 2.47715e-05
80738: 2.47712e-05
80739: 2.47709e-05
80740: 2.47706e-05
80741: 2.47703e-05
80742: 2.47699e-05
80743: 2.47696e-05
80744: 2.47693e-05
80745: 2.4769e-05
80746: 2.47687e-05
80747: 2.47684e-05
80748: 2.47681e-05
80749: 2.47678e-05
80750: 2.47675e-05
80751: 2.47672e-05
80752: 2.47669e-05
80753: 2.47666e-05
80754: 2.47663e-05
80755: 2.4766e-05
80756: 2.47657e-05
80757: 2.47653e-05
80758: 2.4765e-05
80759: 2.47647e-05
80760: 2.47644e-05
80761: 2.47641e-05
80762: 2.47638e-05
80763: 2.47635e-05
80764: 2.47632e-05
80765: 2.47629e-05
80766: 2.47626e-05
80767: 2.47623e-05
80768: 2.4762e-05
80769: 2.47617e-05
80770: 2.47614e-05
80771: 2.47611e-05
80772: 2.47607e-05
80773: 2.47604e-05
80774: 2.47601e-05
80775: 2.47598e-05
80776: 2.47595e-05
80777: 2.47592e-05
80778: 2.47589e-05
80779: 2.47586e-05
80780: 2.47583e-05
80781: 2.4758e-05
80782: 2.47577e-05
80783: 2.47574e-05
80784: 2.47571e-05
80785: 2.47568e-05
80786: 2.47565e-05
80787: 2.47562e-05
80788: 2.47558e-05
80789: 2.47555e-05
80790: 2.47552e-05
80791: 2.47549e-05
80792: 2.47546e-05
80793: 2.47543e-05
80794: 2.4754e-05
80795: 2.47537e-05
80796: 2.47534e-05
80797: 2.47531e-05
80798: 2.47528e-05
80799: 2.47525e-05
80800: 2.47522e-05
80801: 2.47519e-05
80802: 2.47516e-05
80803: 2.47512e-05
80804: 2.47509e-05
80805: 2.47506e-05
80806: 2.47503e-05
80807: 2.475e-05
80808: 2.47497e-05
80809: 2.47494e-05
80810: 2.47491e-05
80811: 2.47488e-05
80812: 2.47485e-05
80813: 2.47482e-05
80814: 2.47479e-05
80815: 2.47476e-05
80816: 2.47473e-05
80817: 2.4747e-05
80818: 2.47467e-05
80819: 2.47463e-05
80820: 2.4746e-05
80821: 2.47457e-05
80822: 2.47454e-05
80823: 2.47451e-05
80824: 2.47448e-05
80825: 2.47445e-05
80826: 2.47442e-05
80827: 2.47439e-05
80828: 2.47436e-05
80829: 2.47433e-05
80830: 2.4743e-05
80831: 2.47427e-05
80832: 2.47424e-05
80833: 2.47421e-05
80834: 2.47418e-05
80835: 2.47415e-05
80836: 2.47411e-05
80837: 2.47408e-05
80838: 2.47405e-05
80839: 2.47402e-05
80840: 2.47399e-05
80841: 2.47396e-05
80842: 2.47393e-05
80843: 2.4739e-05
80844: 2.47387e-05
80845: 2.47384e-05
80846: 2.47381e-05
80847: 2.47378e-05
80848: 2.47375e-05
80849: 2.47372e-05
80850: 2.47369e-05
80851: 2.47366e-05
80852: 2.47362e-05
80853: 2.47359e-05
80854: 2.47356e-05
80855: 2.47353e-05
80856: 2.4735e-05
80857: 2.47347e-05
80858: 2.47344e-05
80859: 2.47341e-05
80860: 2.47338e-05
80861: 2.47335e-05
80862: 2.47332e-05
80863: 2.47329e-05
80864: 2.47326e-05
80865: 2.47323e-05
80866: 2.4732e-05
80867: 2.47317e-05
80868: 2.47314e-05
80869: 2.4731e-05
80870: 2.47307e-05
80871: 2.47304e-05
80872: 2.47301e-05
80873: 2.47298e-05
80874: 2.47295e-05
80875: 2.47292e-05
80876: 2.47289e-05
80877: 2.47286e-05
80878: 2.47283e-05
80879: 2.4728e-05
80880: 2.47277e-05
80881: 2.47274e-05
80882: 2.47271e-05
80883: 2.47268e-05
80884: 2.47265e-05
80885: 2.47262e-05
80886: 2.47259e-05
80887: 2.47255e-05
80888: 2.47252e-05
80889: 2.47249e-05
80890: 2.47246e-05
80891: 2.47243e-05
80892: 2.4724e-05
80893: 2.47237e-05
80894: 2.47234e-05
80895: 2.47231e-05
80896: 2.47228e-05
80897: 2.47225e-05
80898: 2.47222e-05
80899: 2.47219e-05
80900: 2.47216e-05
80901: 2.47213e-05
80902: 2.4721e-05
80903: 2.47207e-05
80904: 2.47204e-05
80905: 2.472e-05
80906: 2.47197e-05
80907: 2.47194e-05
80908: 2.47191e-05
80909: 2.47188e-05
80910: 2.47185e-05
80911: 2.47182e-05
80912: 2.47179e-05
80913: 2.47176e-05
80914: 2.47173e-05
80915: 2.4717e-05
80916: 2.47167e-05
80917: 2.47164e-05
80918: 2.47161e-05
80919: 2.47158e-05
80920: 2.47155e-05
80921: 2.47152e-05
80922: 2.47149e-05
80923: 2.47145e-05
80924: 2.47142e-05
80925: 2.47139e-05
80926: 2.47136e-05
80927: 2.47133e-05
80928: 2.4713e-05
80929: 2.47127e-05
80930: 2.47124e-05
80931: 2.47121e-05
80932: 2.47118e-05
80933: 2.47115e-05
80934: 2.47112e-05
80935: 2.47109e-05
80936: 2.47106e-05
80937: 2.47103e-05
80938: 2.471e-05
80939: 2.47097e-05
80940: 2.47094e-05
80941: 2.47091e-05
80942: 2.47087e-05
80943: 2.47084e-05
80944: 2.47081e-05
80945: 2.47078e-05
80946: 2.47075e-05
80947: 2.47072e-05
80948: 2.47069e-05
80949: 2.47066e-05
80950: 2.47063e-05
80951: 2.4706e-05
80952: 2.47057e-05
80953: 2.47054e-05
80954: 2.47051e-05
80955: 2.47048e-05
80956: 2.47045e-05
80957: 2.47042e-05
80958: 2.47039e-05
80959: 2.47036e-05
80960: 2.47033e-05
80961: 2.47029e-05
80962: 2.47026e-05
80963: 2.47023e-05
80964: 2.4702e-05
80965: 2.47017e-05
80966: 2.47014e-05
80967: 2.47011e-05
80968: 2.47008e-05
80969: 2.47005e-05
80970: 2.47002e-05
80971: 2.46999e-05
80972: 2.46996e-05
80973: 2.46993e-05
80974: 2.4699e-05
80975: 2.46987e-05
80976: 2.46984e-05
80977: 2.46981e-05
80978: 2.46978e-05
80979: 2.46975e-05
80980: 2.46972e-05
80981: 2.46968e-05
80982: 2.46965e-05
80983: 2.46962e-05
80984: 2.46959e-05
80985: 2.46956e-05
80986: 2.46953e-05
80987: 2.4695e-05
80988: 2.46947e-05
80989: 2.46944e-05
80990: 2.46941e-05
80991: 2.46938e-05
80992: 2.46935e-05
80993: 2.46932e-05
80994: 2.46929e-05
80995: 2.46926e-05
80996: 2.46923e-05
80997: 2.4692e-05
80998: 2.46917e-05
80999: 2.46914e-05
81000: 2.46911e-05
81001: 2.46907e-05
81002: 2.46904e-05
81003: 2.46901e-05
81004: 2.46898e-05
81005: 2.46895e-05
81006: 2.46892e-05
81007: 2.46889e-05
81008: 2.46886e-05
81009: 2.46883e-05
81010: 2.4688e-05
81011: 2.46877e-05
81012: 2.46874e-05
81013: 2.46871e-05
81014: 2.46868e-05
81015: 2.46865e-05
81016: 2.46862e-05
81017: 2.46859e-05
81018: 2.46856e-05
81019: 2.46853e-05
81020: 2.4685e-05
81021: 2.46847e-05
81022: 2.46843e-05
81023: 2.4684e-05
81024: 2.46837e-05
81025: 2.46834e-05
81026: 2.46831e-05
81027: 2.46828e-05
81028: 2.46825e-05
81029: 2.46822e-05
81030: 2.46819e-05
81031: 2.46816e-05
81032: 2.46813e-05
81033: 2.4681e-05
81034: 2.46807e-05
81035: 2.46804e-05
81036: 2.46801e-05
81037: 2.46798e-05
81038: 2.46795e-05
81039: 2.46792e-05
81040: 2.46789e-05
81041: 2.46786e-05
81042: 2.46783e-05
81043: 2.4678e-05
81044: 2.46776e-05
81045: 2.46773e-05
81046: 2.4677e-05
81047: 2.46767e-05
81048: 2.46764e-05
81049: 2.46761e-05
81050: 2.46758e-05
81051: 2.46755e-05
81052: 2.46752e-05
81053: 2.46749e-05
81054: 2.46746e-05
81055: 2.46743e-05
81056: 2.4674e-05
81057: 2.46737e-05
81058: 2.46734e-05
81059: 2.46731e-05
81060: 2.46728e-05
81061: 2.46725e-05
81062: 2.46722e-05
81063: 2.46719e-05
81064: 2.46716e-05
81065: 2.46713e-05
81066: 2.4671e-05
81067: 2.46706e-05
81068: 2.46703e-05
81069: 2.467e-05
81070: 2.46697e-05
81071: 2.46694e-05
81072: 2.46691e-05
81073: 2.46688e-05
81074: 2.46685e-05
81075: 2.46682e-05
81076: 2.46679e-05
81077: 2.46676e-05
81078: 2.46673e-05
81079: 2.4667e-05
81080: 2.46667e-05
81081: 2.46664e-05
81082: 2.46661e-05
81083: 2.46658e-05
81084: 2.46655e-05
81085: 2.46652e-05
81086: 2.46649e-05
81087: 2.46646e-05
81088: 2.46643e-05
81089: 2.4664e-05
81090: 2.46636e-05
81091: 2.46633e-05
81092: 2.4663e-05
81093: 2.46627e-05
81094: 2.46624e-05
81095: 2.46621e-05
81096: 2.46618e-05
81097: 2.46615e-05
81098: 2.46612e-05
81099: 2.46609e-05
81100: 2.46606e-05
81101: 2.46603e-05
81102: 2.466e-05
81103: 2.46597e-05
81104: 2.46594e-05
81105: 2.46591e-05
81106: 2.46588e-05
81107: 2.46585e-05
81108: 2.46582e-05
81109: 2.46579e-05
81110: 2.46576e-05
81111: 2.46573e-05
81112: 2.4657e-05
81113: 2.46567e-05
81114: 2.46564e-05
81115: 2.4656e-05
81116: 2.46557e-05
81117: 2.46554e-05
81118: 2.46551e-05
81119: 2.46548e-05
81120: 2.46545e-05
81121: 2.46542e-05
81122: 2.46539e-05
81123: 2.46536e-05
81124: 2.46533e-05
81125: 2.4653e-05
81126: 2.46527e-05
81127: 2.46524e-05
81128: 2.46521e-05
81129: 2.46518e-05
81130: 2.46515e-05
81131: 2.46512e-05
81132: 2.46509e-05
81133: 2.46506e-05
81134: 2.46503e-05
81135: 2.465e-05
81136: 2.46497e-05
81137: 2.46494e-05
81138: 2.46491e-05
81139: 2.46488e-05
81140: 2.46485e-05
81141: 2.46481e-05
81142: 2.46478e-05
81143: 2.46475e-05
81144: 2.46472e-05
81145: 2.46469e-05
81146: 2.46466e-05
81147: 2.46463e-05
81148: 2.4646e-05
81149: 2.46457e-05
81150: 2.46454e-05
81151: 2.46451e-05
81152: 2.46448e-05
81153: 2.46445e-05
81154: 2.46442e-05
81155: 2.46439e-05
81156: 2.46436e-05
81157: 2.46433e-05
81158: 2.4643e-05
81159: 2.46427e-05
81160: 2.46424e-05
81161: 2.46421e-05
81162: 2.46418e-05
81163: 2.46415e-05
81164: 2.46412e-05
81165: 2.46409e-05
81166: 2.46406e-05
81167: 2.46403e-05
81168: 2.46399e-05
81169: 2.46396e-05
81170: 2.46393e-05
81171: 2.4639e-05
81172: 2.46387e-05
81173: 2.46384e-05
81174: 2.46381e-05
81175: 2.46378e-05
81176: 2.46375e-05
81177: 2.46372e-05
81178: 2.46369e-05
81179: 2.46366e-05
81180: 2.46363e-05
81181: 2.4636e-05
81182: 2.46357e-05
81183: 2.46354e-05
81184: 2.46351e-05
81185: 2.46348e-05
81186: 2.46345e-05
81187: 2.46342e-05
81188: 2.46339e-05
81189: 2.46336e-05
81190: 2.46333e-05
81191: 2.4633e-05
81192: 2.46327e-05
81193: 2.46324e-05
81194: 2.46321e-05
81195: 2.46318e-05
81196: 2.46315e-05
81197: 2.46311e-05
81198: 2.46308e-05
81199: 2.46305e-05
81200: 2.46302e-05
81201: 2.46299e-05
81202: 2.46296e-05
81203: 2.46293e-05
81204: 2.4629e-05
81205: 2.46287e-05
81206: 2.46284e-05
81207: 2.46281e-05
81208: 2.46278e-05
81209: 2.46275e-05
81210: 2.46272e-05
81211: 2.46269e-05
81212: 2.46266e-05
81213: 2.46263e-05
81214: 2.4626e-05
81215: 2.46257e-05
81216: 2.46254e-05
81217: 2.46251e-05
81218: 2.46248e-05
81219: 2.46245e-05
81220: 2.46242e-05
81221: 2.46239e-05
81222: 2.46236e-05
81223: 2.46233e-05
81224: 2.4623e-05
81225: 2.46227e-05
81226: 2.46224e-05
81227: 2.46221e-05
81228: 2.46217e-05
81229: 2.46214e-05
81230: 2.46211e-05
81231: 2.46208e-05
81232: 2.46205e-05
81233: 2.46202e-05
81234: 2.46199e-05
81235: 2.46196e-05
81236: 2.46193e-05
81237: 2.4619e-05
81238: 2.46187e-05
81239: 2.46184e-05
81240: 2.46181e-05
81241: 2.46178e-05
81242: 2.46175e-05
81243: 2.46172e-05
81244: 2.46169e-05
81245: 2.46166e-05
81246: 2.46163e-05
81247: 2.4616e-05
81248: 2.46157e-05
81249: 2.46154e-05
81250: 2.46151e-05
81251: 2.46148e-05
81252: 2.46145e-05
81253: 2.46142e-05
81254: 2.46139e-05
81255: 2.46136e-05
81256: 2.46133e-05
81257: 2.4613e-05
81258: 2.46127e-05
81259: 2.46124e-05
81260: 2.46121e-05
81261: 2.46117e-05
81262: 2.46114e-05
81263: 2.46111e-05
81264: 2.46108e-05
81265: 2.46105e-05
81266: 2.46102e-05
81267: 2.46099e-05
81268: 2.46096e-05
81269: 2.46093e-05
81270: 2.4609e-05
81271: 2.46087e-05
81272: 2.46084e-05
81273: 2.46081e-05
81274: 2.46078e-05
81275: 2.46075e-05
81276: 2.46072e-05
81277: 2.46069e-05
81278: 2.46066e-05
81279: 2.46063e-05
81280: 2.4606e-05
81281: 2.46057e-05
81282: 2.46054e-05
81283: 2.46051e-05
81284: 2.46048e-05
81285: 2.46045e-05
81286: 2.46042e-05
81287: 2.46039e-05
81288: 2.46036e-05
81289: 2.46033e-05
81290: 2.4603e-05
81291: 2.46027e-05
81292: 2.46024e-05
81293: 2.46021e-05
81294: 2.46018e-05
81295: 2.46015e-05
81296: 2.46012e-05
81297: 2.46009e-05
81298: 2.46005e-05
81299: 2.46002e-05
81300: 2.45999e-05
81301: 2.45996e-05
81302: 2.45993e-05
81303: 2.4599e-05
81304: 2.45987e-05
81305: 2.45984e-05
81306: 2.45981e-05
81307: 2.45978e-05
81308: 2.45975e-05
81309: 2.45972e-05
81310: 2.45969e-05
81311: 2.45966e-05
81312: 2.45963e-05
81313: 2.4596e-05
81314: 2.45957e-05
81315: 2.45954e-05
81316: 2.45951e-05
81317: 2.45948e-05
81318: 2.45945e-05
81319: 2.45942e-05
81320: 2.45939e-05
81321: 2.45936e-05
81322: 2.45933e-05
81323: 2.4593e-05
81324: 2.45927e-05
81325: 2.45924e-05
81326: 2.45921e-05
81327: 2.45918e-05
81328: 2.45915e-05
81329: 2.45912e-05
81330: 2.45909e-05
81331: 2.45906e-05
81332: 2.45903e-05
81333: 2.459e-05
81334: 2.45897e-05
81335: 2.45894e-05
81336: 2.45891e-05
81337: 2.45888e-05
81338: 2.45885e-05
81339: 2.45881e-05
81340: 2.45878e-05
81341: 2.45875e-05
81342: 2.45872e-05
81343: 2.45869e-05
81344: 2.45866e-05
81345: 2.45863e-05
81346: 2.4586e-05
81347: 2.45857e-05
81348: 2.45854e-05
81349: 2.45851e-05
81350: 2.45848e-05
81351: 2.45845e-05
81352: 2.45842e-05
81353: 2.45839e-05
81354: 2.45836e-05
81355: 2.45833e-05
81356: 2.4583e-05
81357: 2.45827e-05
81358: 2.45824e-05
81359: 2.45821e-05
81360: 2.45818e-05
81361: 2.45815e-05
81362: 2.45812e-05
81363: 2.45809e-05
81364: 2.45806e-05
81365: 2.45803e-05
81366: 2.458e-05
81367: 2.45797e-05
81368: 2.45794e-05
81369: 2.45791e-05
81370: 2.45788e-05
81371: 2.45785e-05
81372: 2.45782e-05
81373: 2.45779e-05
81374: 2.45776e-05
81375: 2.45773e-05
81376: 2.4577e-05
81377: 2.45767e-05
81378: 2.45764e-05
81379: 2.45761e-05
81380: 2.45758e-05
81381: 2.45755e-05
81382: 2.45752e-05
81383: 2.45749e-05
81384: 2.45746e-05
81385: 2.45743e-05
81386: 2.45739e-05
81387: 2.45736e-05
81388: 2.45733e-05
81389: 2.4573e-05
81390: 2.45727e-05
81391: 2.45724e-05
81392: 2.45721e-05
81393: 2.45718e-05
81394: 2.45715e-05
81395: 2.45712e-05
81396: 2.45709e-05
81397: 2.45706e-05
81398: 2.45703e-05
81399: 2.457e-05
81400: 2.45697e-05
81401: 2.45694e-05
81402: 2.45691e-05
81403: 2.45688e-05
81404: 2.45685e-05
81405: 2.45682e-05
81406: 2.45679e-05
81407: 2.45676e-05
81408: 2.45673e-05
81409: 2.4567e-05
81410: 2.45667e-05
81411: 2.45664e-05
81412: 2.45661e-05
81413: 2.45658e-05
81414: 2.45655e-05
81415: 2.45652e-05
81416: 2.45649e-05
81417: 2.45646e-05
81418: 2.45643e-05
81419: 2.4564e-05
81420: 2.45637e-05
81421: 2.45634e-05
81422: 2.45631e-05
81423: 2.45628e-05
81424: 2.45625e-05
81425: 2.45622e-05
81426: 2.45619e-05
81427: 2.45616e-05
81428: 2.45613e-05
81429: 2.4561e-05
81430: 2.45607e-05
81431: 2.45604e-05
81432: 2.45601e-05
81433: 2.45598e-05
81434: 2.45595e-05
81435: 2.45592e-05
81436: 2.45589e-05
81437: 2.45586e-05
81438: 2.45583e-05
81439: 2.4558e-05
81440: 2.45577e-05
81441: 2.45574e-05
81442: 2.45571e-05
81443: 2.45568e-05
81444: 2.45564e-05
81445: 2.45561e-05
81446: 2.45558e-05
81447: 2.45555e-05
81448: 2.45552e-05
81449: 2.45549e-05
81450: 2.45546e-05
81451: 2.45543e-05
81452: 2.4554e-05
81453: 2.45537e-05
81454: 2.45534e-05
81455: 2.45531e-05
81456: 2.45528e-05
81457: 2.45525e-05
81458: 2.45522e-05
81459: 2.45519e-05
81460: 2.45516e-05
81461: 2.45513e-05
81462: 2.4551e-05
81463: 2.45507e-05
81464: 2.45504e-05
81465: 2.45501e-05
81466: 2.45498e-05
81467: 2.45495e-05
81468: 2.45492e-05
81469: 2.45489e-05
81470: 2.45486e-05
81471: 2.45483e-05
81472: 2.4548e-05
81473: 2.45477e-05
81474: 2.45474e-05
81475: 2.45471e-05
81476: 2.45468e-05
81477: 2.45465e-05
81478: 2.45462e-05
81479: 2.45459e-05
81480: 2.45456e-05
81481: 2.45453e-05
81482: 2.4545e-05
81483: 2.45447e-05
81484: 2.45444e-05
81485: 2.45441e-05
81486: 2.45438e-05
81487: 2.45435e-05
81488: 2.45432e-05
81489: 2.45429e-05
81490: 2.45426e-05
81491: 2.45423e-05
81492: 2.4542e-05
81493: 2.45417e-05
81494: 2.45414e-05
81495: 2.45411e-05
81496: 2.45408e-05
81497: 2.45405e-05
81498: 2.45402e-05
81499: 2.45399e-05
81500: 2.45396e-05
81501: 2.45393e-05
81502: 2.4539e-05
81503: 2.45387e-05
81504: 2.45384e-05
81505: 2.45381e-05
81506: 2.45378e-05
81507: 2.45375e-05
81508: 2.45372e-05
81509: 2.45369e-05
81510: 2.45366e-05
81511: 2.45363e-05
81512: 2.4536e-05
81513: 2.45357e-05
81514: 2.45354e-05
81515: 2.45351e-05
81516: 2.45348e-05
81517: 2.45345e-05
81518: 2.45342e-05
81519: 2.45339e-05
81520: 2.45336e-05
81521: 2.45333e-05
81522: 2.4533e-05
81523: 2.45327e-05
81524: 2.45324e-05
81525: 2.45321e-05
81526: 2.45318e-05
81527: 2.45314e-05
81528: 2.45311e-05
81529: 2.45308e-05
81530: 2.45305e-05
81531: 2.45302e-05
81532: 2.45299e-05
81533: 2.45296e-05
81534: 2.45293e-05
81535: 2.4529e-05
81536: 2.45287e-05
81537: 2.45284e-05
81538: 2.45281e-05
81539: 2.45278e-05
81540: 2.45275e-05
81541: 2.45272e-05
81542: 2.45269e-05
81543: 2.45266e-05
81544: 2.45263e-05
81545: 2.4526e-05
81546: 2.45257e-05
81547: 2.45254e-05
81548: 2.45251e-05
81549: 2.45248e-05
81550: 2.45245e-05
81551: 2.45242e-05
81552: 2.45239e-05
81553: 2.45236e-05
81554: 2.45233e-05
81555: 2.4523e-05
81556: 2.45227e-05
81557: 2.45224e-05
81558: 2.45221e-05
81559: 2.45218e-05
81560: 2.45215e-05
81561: 2.45212e-05
81562: 2.45209e-05
81563: 2.45206e-05
81564: 2.45203e-05
81565: 2.452e-05
81566: 2.45197e-05
81567: 2.45194e-05
81568: 2.45191e-05
81569: 2.45188e-05
81570: 2.45185e-05
81571: 2.45182e-05
81572: 2.45179e-05
81573: 2.45176e-05
81574: 2.45173e-05
81575: 2.4517e-05
81576: 2.45167e-05
81577: 2.45164e-05
81578: 2.45161e-05
81579: 2.45158e-05
81580: 2.45155e-05
81581: 2.45152e-05
81582: 2.45149e-05
81583: 2.45146e-05
81584: 2.45143e-05
81585: 2.4514e-05
81586: 2.45137e-05
81587: 2.45134e-05
81588: 2.45131e-05
81589: 2.45128e-05
81590: 2.45125e-05
81591: 2.45122e-05
81592: 2.45119e-05
81593: 2.45116e-05
81594: 2.45113e-05
81595: 2.4511e-05
81596: 2.45107e-05
81597: 2.45104e-05
81598: 2.45101e-05
81599: 2.45098e-05
81600: 2.45095e-05
81601: 2.45092e-05
81602: 2.45089e-05
81603: 2.45086e-05
81604: 2.45083e-05
81605: 2.4508e-05
81606: 2.45077e-05
81607: 2.45074e-05
81608: 2.45071e-05
81609: 2.45068e-05
81610: 2.45065e-05
81611: 2.45062e-05
81612: 2.45059e-05
81613: 2.45056e-05
81614: 2.45053e-05
81615: 2.4505e-05
81616: 2.45047e-05
81617: 2.45044e-05
81618: 2.45041e-05
81619: 2.45038e-05
81620: 2.45035e-05
81621: 2.45032e-05
81622: 2.45029e-05
81623: 2.45026e-05
81624: 2.45023e-05
81625: 2.4502e-05
81626: 2.45017e-05
81627: 2.45014e-05
81628: 2.45011e-05
81629: 2.45008e-05
81630: 2.45005e-05
81631: 2.45002e-05
81632: 2.44999e-05
81633: 2.44996e-05
81634: 2.44993e-05
81635: 2.4499e-05
81636: 2.44987e-05
81637: 2.44984e-05
81638: 2.44981e-05
81639: 2.44978e-05
81640: 2.44975e-05
81641: 2.44972e-05
81642: 2.44969e-05
81643: 2.44966e-05
81644: 2.44963e-05
81645: 2.4496e-05
81646: 2.44957e-05
81647: 2.44954e-05
81648: 2.44951e-05
81649: 2.44948e-05
81650: 2.44945e-05
81651: 2.44942e-05
81652: 2.44939e-05
81653: 2.44936e-05
81654: 2.44933e-05
81655: 2.4493e-05
81656: 2.44927e-05
81657: 2.44924e-05
81658: 2.44921e-05
81659: 2.44918e-05
81660: 2.44915e-05
81661: 2.44912e-05
81662: 2.44909e-05
81663: 2.44906e-05
81664: 2.44903e-05
81665: 2.449e-05
81666: 2.44897e-05
81667: 2.44894e-05
81668: 2.44891e-05
81669: 2.44888e-05
81670: 2.44885e-05
81671: 2.44882e-05
81672: 2.44879e-05
81673: 2.44876e-05
81674: 2.44873e-05
81675: 2.4487e-05
81676: 2.44867e-05
81677: 2.44864e-05
81678: 2.44861e-05
81679: 2.44858e-05
81680: 2.44855e-05
81681: 2.44852e-05
81682: 2.44849e-05
81683: 2.44846e-05
81684: 2.44843e-05
81685: 2.4484e-05
81686: 2.44837e-05
81687: 2.44834e-05
81688: 2.44831e-05
81689: 2.44828e-05
81690: 2.44825e-05
81691: 2.44822e-05
81692: 2.44819e-05
81693: 2.44816e-05
81694: 2.44813e-05
81695: 2.4481e-05
81696: 2.44807e-05
81697: 2.44804e-05
81698: 2.44801e-05
81699: 2.44798e-05
81700: 2.44795e-05
81701: 2.44792e-05
81702: 2.44789e-05
81703: 2.44786e-05
81704: 2.44783e-05
81705: 2.4478e-05
81706: 2.44777e-05
81707: 2.44774e-05
81708: 2.44771e-05
81709: 2.44768e-05
81710: 2.44765e-05
81711: 2.44762e-05
81712: 2.44759e-05
81713: 2.44756e-05
81714: 2.44753e-05
81715: 2.4475e-05
81716: 2.44747e-05
81717: 2.44744e-05
81718: 2.44741e-05
81719: 2.44738e-05
81720: 2.44735e-05
81721: 2.44732e-05
81722: 2.44729e-05
81723: 2.44726e-05
81724: 2.44723e-05
81725: 2.4472e-05
81726: 2.44717e-05
81727: 2.44714e-05
81728: 2.44711e-05
81729: 2.44708e-05
81730: 2.44705e-05
81731: 2.44702e-05
81732: 2.44699e-05
81733: 2.44696e-05
81734: 2.44693e-05
81735: 2.4469e-05
81736: 2.44687e-05
81737: 2.44684e-05
81738: 2.44681e-05
81739: 2.44678e-05
81740: 2.44675e-05
81741: 2.44672e-05
81742: 2.44669e-05
81743: 2.44666e-05
81744: 2.44663e-05
81745: 2.4466e-05
81746: 2.44657e-05
81747: 2.44654e-05
81748: 2.44651e-05
81749: 2.44648e-05
81750: 2.44645e-05
81751: 2.44642e-05
81752: 2.44639e-05
81753: 2.44636e-05
81754: 2.44633e-05
81755: 2.4463e-05
81756: 2.44627e-05
81757: 2.44624e-05
81758: 2.44621e-05
81759: 2.44618e-05
81760: 2.44615e-05
81761: 2.44612e-05
81762: 2.44609e-05
81763: 2.44606e-05
81764: 2.44603e-05
81765: 2.446e-05
81766: 2.44597e-05
81767: 2.44594e-05
81768: 2.44591e-05
81769: 2.44588e-05
81770: 2.44585e-05
81771: 2.44582e-05
81772: 2.4458e-05
81773: 2.44577e-05
81774: 2.44574e-05
81775: 2.44571e-05
81776: 2.44568e-05
81777: 2.44565e-05
81778: 2.44562e-05
81779: 2.44559e-05
81780: 2.44556e-05
81781: 2.44553e-05
81782: 2.4455e-05
81783: 2.44547e-05
81784: 2.44544e-05
81785: 2.44541e-05
81786: 2.44538e-05
81787: 2.44535e-05
81788: 2.44532e-05
81789: 2.44529e-05
81790: 2.44526e-05
81791: 2.44523e-05
81792: 2.4452e-05
81793: 2.44517e-05
81794: 2.44514e-05
81795: 2.44511e-05
81796: 2.44508e-05
81797: 2.44505e-05
81798: 2.44502e-05
81799: 2.44499e-05
81800: 2.44496e-05
81801: 2.44493e-05
81802: 2.4449e-05
81803: 2.44487e-05
81804: 2.44484e-05
81805: 2.44481e-05
81806: 2.44478e-05
81807: 2.44475e-05
81808: 2.44472e-05
81809: 2.44469e-05
81810: 2.44466e-05
81811: 2.44463e-05
81812: 2.4446e-05
81813: 2.44457e-05
81814: 2.44454e-05
81815: 2.44451e-05
81816: 2.44448e-05
81817: 2.44445e-05
81818: 2.44442e-05
81819: 2.44439e-05
81820: 2.44436e-05
81821: 2.44433e-05
81822: 2.4443e-05
81823: 2.44427e-05
81824: 2.44424e-05
81825: 2.44421e-05
81826: 2.44418e-05
81827: 2.44415e-05
81828: 2.44412e-05
81829: 2.44409e-05
81830: 2.44406e-05
81831: 2.44403e-05
81832: 2.444e-05
81833: 2.44397e-05
81834: 2.44394e-05
81835: 2.44391e-05
81836: 2.44388e-05
81837: 2.44385e-05
81838: 2.44382e-05
81839: 2.44379e-05
81840: 2.44376e-05
81841: 2.44373e-05
81842: 2.4437e-05
81843: 2.44367e-05
81844: 2.44364e-05
81845: 2.44361e-05
81846: 2.44358e-05
81847: 2.44355e-05
81848: 2.44352e-05
81849: 2.44349e-05
81850: 2.44346e-05
81851: 2.44343e-05
81852: 2.4434e-05
81853: 2.44337e-05
81854: 2.44334e-05
81855: 2.44332e-05
81856: 2.44329e-05
81857: 2.44326e-05
81858: 2.44323e-05
81859: 2.4432e-05
81860: 2.44317e-05
81861: 2.44314e-05
81862: 2.44311e-05
81863: 2.44308e-05
81864: 2.44305e-05
81865: 2.44302e-05
81866: 2.44299e-05
81867: 2.44296e-05
81868: 2.44293e-05
81869: 2.4429e-05
81870: 2.44287e-05
81871: 2.44284e-05
81872: 2.44281e-05
81873: 2.44278e-05
81874: 2.44275e-05
81875: 2.44272e-05
81876: 2.44269e-05
81877: 2.44266e-05
81878: 2.44263e-05
81879: 2.4426e-05
81880: 2.44257e-05
81881: 2.44254e-05
81882: 2.44251e-05
81883: 2.44248e-05
81884: 2.44245e-05
81885: 2.44242e-05
81886: 2.44239e-05
81887: 2.44236e-05
81888: 2.44233e-05
81889: 2.4423e-05
81890: 2.44227e-05
81891: 2.44224e-05
81892: 2.44221e-05
81893: 2.44218e-05
81894: 2.44215e-05
81895: 2.44212e-05
81896: 2.44209e-05
81897: 2.44206e-05
81898: 2.44203e-05
81899: 2.442e-05
81900: 2.44197e-05
81901: 2.44194e-05
81902: 2.44191e-05
81903: 2.44188e-05
81904: 2.44185e-05
81905: 2.44182e-05
81906: 2.44179e-05
81907: 2.44176e-05
81908: 2.44173e-05
81909: 2.4417e-05
81910: 2.44167e-05
81911: 2.44164e-05
81912: 2.44161e-05
81913: 2.44159e-05
81914: 2.44156e-05
81915: 2.44153e-05
81916: 2.4415e-05
81917: 2.44147e-05
81918: 2.44144e-05
81919: 2.44141e-05
81920: 2.44138e-05
81921: 2.44135e-05
81922: 2.44132e-05
81923: 2.44129e-05
81924: 2.44126e-05
81925: 2.44123e-05
81926: 2.4412e-05
81927: 2.44117e-05
81928: 2.44114e-05
81929: 2.44111e-05
81930: 2.44108e-05
81931: 2.44105e-05
81932: 2.44102e-05
81933: 2.44099e-05
81934: 2.44096e-05
81935: 2.44093e-05
81936: 2.4409e-05
81937: 2.44087e-05
81938: 2.44084e-05
81939: 2.44081e-05
81940: 2.44078e-05
81941: 2.44075e-05
81942: 2.44072e-05
81943: 2.44069e-05
81944: 2.44066e-05
81945: 2.44063e-05
81946: 2.4406e-05
81947: 2.44057e-05
81948: 2.44054e-05
81949: 2.44051e-05
81950: 2.44048e-05
81951: 2.44045e-05
81952: 2.44042e-05
81953: 2.44039e-05
81954: 2.44036e-05
81955: 2.44033e-05
81956: 2.4403e-05
81957: 2.44027e-05
81958: 2.44024e-05
81959: 2.44021e-05
81960: 2.44018e-05
81961: 2.44016e-05
81962: 2.44013e-05
81963: 2.4401e-05
81964: 2.44007e-05
81965: 2.44004e-05
81966: 2.44001e-05
81967: 2.43998e-05
81968: 2.43995e-05
81969: 2.43992e-05
81970: 2.43989e-05
81971: 2.43986e-05
81972: 2.43983e-05
81973: 2.4398e-05
81974: 2.43977e-05
81975: 2.43974e-05
81976: 2.43971e-05
81977: 2.43968e-05
81978: 2.43965e-05
81979: 2.43962e-05
81980: 2.43959e-05
81981: 2.43956e-05
81982: 2.43953e-05
81983: 2.4395e-05
81984: 2.43947e-05
81985: 2.43944e-05
81986: 2.43941e-05
81987: 2.43938e-05
81988: 2.43935e-05
81989: 2.43932e-05
81990: 2.43929e-05
81991: 2.43926e-05
81992: 2.43923e-05
81993: 2.4392e-05
81994: 2.43917e-05
81995: 2.43914e-05
81996: 2.43911e-05
81997: 2.43908e-05
81998: 2.43905e-05
81999: 2.43902e-05
82000: 2.43899e-05
82001: 2.43896e-05
82002: 2.43894e-05
82003: 2.43891e-05
82004: 2.43888e-05
82005: 2.43885e-05
82006: 2.43882e-05
82007: 2.43879e-05
82008: 2.43876e-05
82009: 2.43873e-05
82010: 2.4387e-05
82011: 2.43867e-05
82012: 2.43864e-05
82013: 2.43861e-05
82014: 2.43858e-05
82015: 2.43855e-05
82016: 2.43852e-05
82017: 2.43849e-05
82018: 2.43846e-05
82019: 2.43843e-05
82020: 2.4384e-05
82021: 2.43837e-05
82022: 2.43834e-05
82023: 2.43831e-05
82024: 2.43828e-05
82025: 2.43825e-05
82026: 2.43822e-05
82027: 2.43819e-05
82028: 2.43816e-05
82029: 2.43813e-05
82030: 2.4381e-05
82031: 2.43807e-05
82032: 2.43804e-05
82033: 2.43801e-05
82034: 2.43798e-05
82035: 2.43795e-05
82036: 2.43792e-05
82037: 2.43789e-05
82038: 2.43786e-05
82039: 2.43784e-05
82040: 2.43781e-05
82041: 2.43778e-05
82042: 2.43775e-05
82043: 2.43772e-05
82044: 2.43769e-05
82045: 2.43766e-05
82046: 2.43763e-05
82047: 2.4376e-05
82048: 2.43757e-05
82049: 2.43754e-05
82050: 2.43751e-05
82051: 2.43748e-05
82052: 2.43745e-05
82053: 2.43742e-05
82054: 2.43739e-05
82055: 2.43736e-05
82056: 2.43733e-05
82057: 2.4373e-05
82058: 2.43727e-05
82059: 2.43724e-05
82060: 2.43721e-05
82061: 2.43718e-05
82062: 2.43715e-05
82063: 2.43712e-05
82064: 2.43709e-05
82065: 2.43706e-05
82066: 2.43703e-05
82067: 2.437e-05
82068: 2.43697e-05
82069: 2.43694e-05
82070: 2.43691e-05
82071: 2.43688e-05
82072: 2.43685e-05
82073: 2.43683e-05
82074: 2.4368e-05
82075: 2.43677e-05
82076: 2.43674e-05
82077: 2.43671e-05
82078: 2.43668e-05
82079: 2.43665e-05
82080: 2.43662e-05
82081: 2.43659e-05
82082: 2.43656e-05
82083: 2.43653e-05
82084: 2.4365e-05
82085: 2.43647e-05
82086: 2.43644e-05
82087: 2.43641e-05
82088: 2.43638e-05
82089: 2.43635e-05
82090: 2.43632e-05
82091: 2.43629e-05
82092: 2.43626e-05
82093: 2.43623e-05
82094: 2.4362e-05
82095: 2.43617e-05
82096: 2.43614e-05
82097: 2.43611e-05
82098: 2.43608e-05
82099: 2.43605e-05
82100: 2.43602e-05
82101: 2.43599e-05
82102: 2.43596e-05
82103: 2.43593e-05
82104: 2.43591e-05
82105: 2.43588e-05
82106: 2.43585e-05
82107: 2.43582e-05
82108: 2.43579e-05
82109: 2.43576e-05
82110: 2.43573e-05
82111: 2.4357e-05
82112: 2.43567e-05
82113: 2.43564e-05
82114: 2.43561e-05
82115: 2.43558e-05
82116: 2.43555e-05
82117: 2.43552e-05
82118: 2.43549e-05
82119: 2.43546e-05
82120: 2.43543e-05
82121: 2.4354e-05
82122: 2.43537e-05
82123: 2.43534e-05
82124: 2.43531e-05
82125: 2.43528e-05
82126: 2.43525e-05
82127: 2.43522e-05
82128: 2.43519e-05
82129: 2.43516e-05
82130: 2.43513e-05
82131: 2.4351e-05
82132: 2.43507e-05
82133: 2.43505e-05
82134: 2.43502e-05
82135: 2.43499e-05
82136: 2.43496e-05
82137: 2.43493e-05
82138: 2.4349e-05
82139: 2.43487e-05
82140: 2.43484e-05
82141: 2.43481e-05
82142: 2.43478e-05
82143: 2.43475e-05
82144: 2.43472e-05
82145: 2.43469e-05
82146: 2.43466e-05
82147: 2.43463e-05
82148: 2.4346e-05
82149: 2.43457e-05
82150: 2.43454e-05
82151: 2.43451e-05
82152: 2.43448e-05
82153: 2.43445e-05
82154: 2.43442e-05
82155: 2.43439e-05
82156: 2.43436e-05
82157: 2.43433e-05
82158: 2.4343e-05
82159: 2.43427e-05
82160: 2.43424e-05
82161: 2.43422e-05
82162: 2.43419e-05
82163: 2.43416e-05
82164: 2.43413e-05
82165: 2.4341e-05
82166: 2.43407e-05
82167: 2.43404e-05
82168: 2.43401e-05
82169: 2.43398e-05
82170: 2.43395e-05
82171: 2.43392e-05
82172: 2.43389e-05
82173: 2.43386e-05
82174: 2.43383e-05
82175: 2.4338e-05
82176: 2.43377e-05
82177: 2.43374e-05
82178: 2.43371e-05
82179: 2.43368e-05
82180: 2.43365e-05
82181: 2.43362e-05
82182: 2.43359e-05
82183: 2.43356e-05
82184: 2.43353e-05
82185: 2.4335e-05
82186: 2.43347e-05
82187: 2.43345e-05
82188: 2.43342e-05
82189: 2.43339e-05
82190: 2.43336e-05
82191: 2.43333e-05
82192: 2.4333e-05
82193: 2.43327e-05
82194: 2.43324e-05
82195: 2.43321e-05
82196: 2.43318e-05
82197: 2.43315e-05
82198: 2.43312e-05
82199: 2.43309e-05
82200: 2.43306e-05
82201: 2.43303e-05
82202: 2.433e-05
82203: 2.43297e-05
82204: 2.43294e-05
82205: 2.43291e-05
82206: 2.43288e-05
82207: 2.43285e-05
82208: 2.43282e-05
82209: 2.43279e-05
82210: 2.43276e-05
82211: 2.43273e-05
82212: 2.43271e-05
82213: 2.43268e-05
82214: 2.43265e-05
82215: 2.43262e-05
82216: 2.43259e-05
82217: 2.43256e-05
82218: 2.43253e-05
82219: 2.4325e-05
82220: 2.43247e-05
82221: 2.43244e-05
82222: 2.43241e-05
82223: 2.43238e-05
82224: 2.43235e-05
82225: 2.43232e-05
82226: 2.43229e-05
82227: 2.43226e-05
82228: 2.43223e-05
82229: 2.4322e-05
82230: 2.43217e-05
82231: 2.43214e-05
82232: 2.43211e-05
82233: 2.43208e-05
82234: 2.43205e-05
82235: 2.43202e-05
82236: 2.432e-05
82237: 2.43197e-05
82238: 2.43194e-05
82239: 2.43191e-05
82240: 2.43188e-05
82241: 2.43185e-05
82242: 2.43182e-05
82243: 2.43179e-05
82244: 2.43176e-05
82245: 2.43173e-05
82246: 2.4317e-05
82247: 2.43167e-05
82248: 2.43164e-05
82249: 2.43161e-05
82250: 2.43158e-05
82251: 2.43155e-05
82252: 2.43152e-05
82253: 2.43149e-05
82254: 2.43146e-05
82255: 2.43143e-05
82256: 2.4314e-05
82257: 2.43137e-05
82258: 2.43134e-05
82259: 2.43132e-05
82260: 2.43129e-05
82261: 2.43126e-05
82262: 2.43123e-05
82263: 2.4312e-05
82264: 2.43117e-05
82265: 2.43114e-05
82266: 2.43111e-05
82267: 2.43108e-05
82268: 2.43105e-05
82269: 2.43102e-05
82270: 2.43099e-05
82271: 2.43096e-05
82272: 2.43093e-05
82273: 2.4309e-05
82274: 2.43087e-05
82275: 2.43084e-05
82276: 2.43081e-05
82277: 2.43078e-05
82278: 2.43075e-05
82279: 2.43072e-05
82280: 2.43069e-05
82281: 2.43067e-05
82282: 2.43064e-05
82283: 2.43061e-05
82284: 2.43058e-05
82285: 2.43055e-05
82286: 2.43052e-05
82287: 2.43049e-05
82288: 2.43046e-05
82289: 2.43043e-05
82290: 2.4304e-05
82291: 2.43037e-05
82292: 2.43034e-05
82293: 2.43031e-05
82294: 2.43028e-05
82295: 2.43025e-05
82296: 2.43022e-05
82297: 2.43019e-05
82298: 2.43016e-05
82299: 2.43013e-05
82300: 2.4301e-05
82301: 2.43007e-05
82302: 2.43005e-05
82303: 2.43002e-05
82304: 2.42999e-05
82305: 2.42996e-05
82306: 2.42993e-05
82307: 2.4299e-05
82308: 2.42987e-05
82309: 2.42984e-05
82310: 2.42981e-05
82311: 2.42978e-05
82312: 2.42975e-05
82313: 2.42972e-05
82314: 2.42969e-05
82315: 2.42966e-05
82316: 2.42963e-05
82317: 2.4296e-05
82318: 2.42957e-05
82319: 2.42954e-05
82320: 2.42951e-05
82321: 2.42948e-05
82322: 2.42945e-05
82323: 2.42943e-05
82324: 2.4294e-05
82325: 2.42937e-05
82326: 2.42934e-05
82327: 2.42931e-05
82328: 2.42928e-05
82329: 2.42925e-05
82330: 2.42922e-05
82331: 2.42919e-05
82332: 2.42916e-05
82333: 2.42913e-05
82334: 2.4291e-05
82335: 2.42907e-05
82336: 2.42904e-05
82337: 2.42901e-05
82338: 2.42898e-05
82339: 2.42895e-05
82340: 2.42892e-05
82341: 2.42889e-05
82342: 2.42886e-05
82343: 2.42884e-05
82344: 2.42881e-05
82345: 2.42878e-05
82346: 2.42875e-05
82347: 2.42872e-05
82348: 2.42869e-05
82349: 2.42866e-05
82350: 2.42863e-05
82351: 2.4286e-05
82352: 2.42857e-05
82353: 2.42854e-05
82354: 2.42851e-05
82355: 2.42848e-05
82356: 2.42845e-05
82357: 2.42842e-05
82358: 2.42839e-05
82359: 2.42836e-05
82360: 2.42833e-05
82361: 2.4283e-05
82362: 2.42827e-05
82363: 2.42825e-05
82364: 2.42822e-05
82365: 2.42819e-05
82366: 2.42816e-05
82367: 2.42813e-05
82368: 2.4281e-05
82369: 2.42807e-05
82370: 2.42804e-05
82371: 2.42801e-05
82372: 2.42798e-05
82373: 2.42795e-05
82374: 2.42792e-05
82375: 2.42789e-05
82376: 2.42786e-05
82377: 2.42783e-05
82378: 2.4278e-05
82379: 2.42777e-05
82380: 2.42774e-05
82381: 2.42771e-05
82382: 2.42769e-05
82383: 2.42766e-05
82384: 2.42763e-05
82385: 2.4276e-05
82386: 2.42757e-05
82387: 2.42754e-05
82388: 2.42751e-05
82389: 2.42748e-05
82390: 2.42745e-05
82391: 2.42742e-05
82392: 2.42739e-05
82393: 2.42736e-05
82394: 2.42733e-05
82395: 2.4273e-05
82396: 2.42727e-05
82397: 2.42724e-05
82398: 2.42721e-05
82399: 2.42718e-05
82400: 2.42716e-05
82401: 2.42713e-05
82402: 2.4271e-05
82403: 2.42707e-05
82404: 2.42704e-05
82405: 2.42701e-05
82406: 2.42698e-05
82407: 2.42695e-05
82408: 2.42692e-05
82409: 2.42689e-05
82410: 2.42686e-05
82411: 2.42683e-05
82412: 2.4268e-05
82413: 2.42677e-05
82414: 2.42674e-05
82415: 2.42671e-05
82416: 2.42668e-05
82417: 2.42665e-05
82418: 2.42662e-05
82419: 2.4266e-05
82420: 2.42657e-05
82421: 2.42654e-05
82422: 2.42651e-05
82423: 2.42648e-05
82424: 2.42645e-05
82425: 2.42642e-05
82426: 2.42639e-05
82427: 2.42636e-05
82428: 2.42633e-05
82429: 2.4263e-05
82430: 2.42627e-05
82431: 2.42624e-05
82432: 2.42621e-05
82433: 2.42618e-05
82434: 2.42615e-05
82435: 2.42612e-05
82436: 2.4261e-05
82437: 2.42607e-05
82438: 2.42604e-05
82439: 2.42601e-05
82440: 2.42598e-05
82441: 2.42595e-05
82442: 2.42592e-05
82443: 2.42589e-05
82444: 2.42586e-05
82445: 2.42583e-05
82446: 2.4258e-05
82447: 2.42577e-05
82448: 2.42574e-05
82449: 2.42571e-05
82450: 2.42568e-05
82451: 2.42565e-05
82452: 2.42562e-05
82453: 2.42559e-05
82454: 2.42557e-05
82455: 2.42554e-05
82456: 2.42551e-05
82457: 2.42548e-05
82458: 2.42545e-05
82459: 2.42542e-05
82460: 2.42539e-05
82461: 2.42536e-05
82462: 2.42533e-05
82463: 2.4253e-05
82464: 2.42527e-05
82465: 2.42524e-05
82466: 2.42521e-05
82467: 2.42518e-05
82468: 2.42515e-05
82469: 2.42512e-05
82470: 2.42509e-05
82471: 2.42507e-05
82472: 2.42504e-05
82473: 2.42501e-05
82474: 2.42498e-05
82475: 2.42495e-05
82476: 2.42492e-05
82477: 2.42489e-05
82478: 2.42486e-05
82479: 2.42483e-05
82480: 2.4248e-05
82481: 2.42477e-05
82482: 2.42474e-05
82483: 2.42471e-05
82484: 2.42468e-05
82485: 2.42465e-05
82486: 2.42462e-05
82487: 2.4246e-05
82488: 2.42457e-05
82489: 2.42454e-05
82490: 2.42451e-05
82491: 2.42448e-05
82492: 2.42445e-05
82493: 2.42442e-05
82494: 2.42439e-05
82495: 2.42436e-05
82496: 2.42433e-05
82497: 2.4243e-05
82498: 2.42427e-05
82499: 2.42424e-05
82500: 2.42421e-05
82501: 2.42418e-05
82502: 2.42415e-05
82503: 2.42412e-05
82504: 2.4241e-05
82505: 2.42407e-05
82506: 2.42404e-05
82507: 2.42401e-05
82508: 2.42398e-05
82509: 2.42395e-05
82510: 2.42392e-05
82511: 2.42389e-05
82512: 2.42386e-05
82513: 2.42383e-05
82514: 2.4238e-05
82515: 2.42377e-05
82516: 2.42374e-05
82517: 2.42371e-05
82518: 2.42368e-05
82519: 2.42365e-05
82520: 2.42363e-05
82521: 2.4236e-05
82522: 2.42357e-05
82523: 2.42354e-05
82524: 2.42351e-05
82525: 2.42348e-05
82526: 2.42345e-05
82527: 2.42342e-05
82528: 2.42339e-05
82529: 2.42336e-05
82530: 2.42333e-05
82531: 2.4233e-05
82532: 2.42327e-05
82533: 2.42324e-05
82534: 2.42321e-05
82535: 2.42319e-05
82536: 2.42316e-05
82537: 2.42313e-05
82538: 2.4231e-05
82539: 2.42307e-05
82540: 2.42304e-05
82541: 2.42301e-05
82542: 2.42298e-05
82543: 2.42295e-05
82544: 2.42292e-05
82545: 2.42289e-05
82546: 2.42286e-05
82547: 2.42283e-05
82548: 2.4228e-05
82549: 2.42277e-05
82550: 2.42274e-05
82551: 2.42272e-05
82552: 2.42269e-05
82553: 2.42266e-05
82554: 2.42263e-05
82555: 2.4226e-05
82556: 2.42257e-05
82557: 2.42254e-05
82558: 2.42251e-05
82559: 2.42248e-05
82560: 2.42245e-05
82561: 2.42242e-05
82562: 2.42239e-05
82563: 2.42236e-05
82564: 2.42233e-05
82565: 2.4223e-05
82566: 2.42228e-05
82567: 2.42225e-05
82568: 2.42222e-05
82569: 2.42219e-05
82570: 2.42216e-05
82571: 2.42213e-05
82572: 2.4221e-05
82573: 2.42207e-05
82574: 2.42204e-05
82575: 2.42201e-05
82576: 2.42198e-05
82577: 2.42195e-05
82578: 2.42192e-05
82579: 2.42189e-05
82580: 2.42186e-05
82581: 2.42184e-05
82582: 2.42181e-05
82583: 2.42178e-05
82584: 2.42175e-05
82585: 2.42172e-05
82586: 2.42169e-05
82587: 2.42166e-05
82588: 2.42163e-05
82589: 2.4216e-05
82590: 2.42157e-05
82591: 2.42154e-05
82592: 2.42151e-05
82593: 2.42148e-05
82594: 2.42145e-05
82595: 2.42142e-05
82596: 2.4214e-05
82597: 2.42137e-05
82598: 2.42134e-05
82599: 2.42131e-05
82600: 2.42128e-05
82601: 2.42125e-05
82602: 2.42122e-05
82603: 2.42119e-05
82604: 2.42116e-05
82605: 2.42113e-05
82606: 2.4211e-05
82607: 2.42107e-05
82608: 2.42104e-05
82609: 2.42101e-05
82610: 2.42099e-05
82611: 2.42096e-05
82612: 2.42093e-05
82613: 2.4209e-05
82614: 2.42087e-05
82615: 2.42084e-05
82616: 2.42081e-05
82617: 2.42078e-05
82618: 2.42075e-05
82619: 2.42072e-05
82620: 2.42069e-05
82621: 2.42066e-05
82622: 2.42063e-05
82623: 2.4206e-05
82624: 2.42057e-05
82625: 2.42055e-05
82626: 2.42052e-05
82627: 2.42049e-05
82628: 2.42046e-05
82629: 2.42043e-05
82630: 2.4204e-05
82631: 2.42037e-05
82632: 2.42034e-05
82633: 2.42031e-05
82634: 2.42028e-05
82635: 2.42025e-05
82636: 2.42022e-05
82637: 2.42019e-05
82638: 2.42016e-05
82639: 2.42014e-05
82640: 2.42011e-05
82641: 2.42008e-05
82642: 2.42005e-05
82643: 2.42002e-05
82644: 2.41999e-05
82645: 2.41996e-05
82646: 2.41993e-05
82647: 2.4199e-05
82648: 2.41987e-05
82649: 2.41984e-05
82650: 2.41981e-05
82651: 2.41978e-05
82652: 2.41975e-05
82653: 2.41973e-05
82654: 2.4197e-05
82655: 2.41967e-05
82656: 2.41964e-05
82657: 2.41961e-05
82658: 2.41958e-05
82659: 2.41955e-05
82660: 2.41952e-05
82661: 2.41949e-05
82662: 2.41946e-05
82663: 2.41943e-05
82664: 2.4194e-05
82665: 2.41937e-05
82666: 2.41935e-05
82667: 2.41932e-05
82668: 2.41929e-05
82669: 2.41926e-05
82670: 2.41923e-05
82671: 2.4192e-05
82672: 2.41917e-05
82673: 2.41914e-05
82674: 2.41911e-05
82675: 2.41908e-05
82676: 2.41905e-05
82677: 2.41902e-05
82678: 2.41899e-05
82679: 2.41896e-05
82680: 2.41894e-05
82681: 2.41891e-05
82682: 2.41888e-05
82683: 2.41885e-05
82684: 2.41882e-05
82685: 2.41879e-05
82686: 2.41876e-05
82687: 2.41873e-05
82688: 2.4187e-05
82689: 2.41867e-05
82690: 2.41864e-05
82691: 2.41861e-05
82692: 2.41858e-05
82693: 2.41856e-05
82694: 2.41853e-05
82695: 2.4185e-05
82696: 2.41847e-05
82697: 2.41844e-05
82698: 2.41841e-05
82699: 2.41838e-05
82700: 2.41835e-05
82701: 2.41832e-05
82702: 2.41829e-05
82703: 2.41826e-05
82704: 2.41823e-05
82705: 2.4182e-05
82706: 2.41818e-05
82707: 2.41815e-05
82708: 2.41812e-05
82709: 2.41809e-05
82710: 2.41806e-05
82711: 2.41803e-05
82712: 2.418e-05
82713: 2.41797e-05
82714: 2.41794e-05
82715: 2.41791e-05
82716: 2.41788e-05
82717: 2.41785e-05
82718: 2.41782e-05
82719: 2.41779e-05
82720: 2.41777e-05
82721: 2.41774e-05
82722: 2.41771e-05
82723: 2.41768e-05
82724: 2.41765e-05
82725: 2.41762e-05
82726: 2.41759e-05
82727: 2.41756e-05
82728: 2.41753e-05
82729: 2.4175e-05
82730: 2.41747e-05
82731: 2.41744e-05
82732: 2.41742e-05
82733: 2.41739e-05
82734: 2.41736e-05
82735: 2.41733e-05
82736: 2.4173e-05
82737: 2.41727e-05
82738: 2.41724e-05
82739: 2.41721e-05
82740: 2.41718e-05
82741: 2.41715e-05
82742: 2.41712e-05
82743: 2.41709e-05
82744: 2.41706e-05
82745: 2.41704e-05
82746: 2.41701e-05
82747: 2.41698e-05
82748: 2.41695e-05
82749: 2.41692e-05
82750: 2.41689e-05
82751: 2.41686e-05
82752: 2.41683e-05
82753: 2.4168e-05
82754: 2.41677e-05
82755: 2.41674e-05
82756: 2.41671e-05
82757: 2.41668e-05
82758: 2.41666e-05
82759: 2.41663e-05
82760: 2.4166e-05
82761: 2.41657e-05
82762: 2.41654e-05
82763: 2.41651e-05
82764: 2.41648e-05
82765: 2.41645e-05
82766: 2.41642e-05
82767: 2.41639e-05
82768: 2.41636e-05
82769: 2.41633e-05
82770: 2.41631e-05
82771: 2.41628e-05
82772: 2.41625e-05
82773: 2.41622e-05
82774: 2.41619e-05
82775: 2.41616e-05
82776: 2.41613e-05
82777: 2.4161e-05
82778: 2.41607e-05
82779: 2.41604e-05
82780: 2.41601e-05
82781: 2.41598e-05
82782: 2.41595e-05
82783: 2.41593e-05
82784: 2.4159e-05
82785: 2.41587e-05
82786: 2.41584e-05
82787: 2.41581e-05
82788: 2.41578e-05
82789: 2.41575e-05
82790: 2.41572e-05
82791: 2.41569e-05
82792: 2.41566e-05
82793: 2.41563e-05
82794: 2.4156e-05
82795: 2.41558e-05
82796: 2.41555e-05
82797: 2.41552e-05
82798: 2.41549e-05
82799: 2.41546e-05
82800: 2.41543e-05
82801: 2.4154e-05
82802: 2.41537e-05
82803: 2.41534e-05
82804: 2.41531e-05
82805: 2.41528e-05
82806: 2.41525e-05
82807: 2.41523e-05
82808: 2.4152e-05
82809: 2.41517e-05
82810: 2.41514e-05
82811: 2.41511e-05
82812: 2.41508e-05
82813: 2.41505e-05
82814: 2.41502e-05
82815: 2.41499e-05
82816: 2.41496e-05
82817: 2.41493e-05
82818: 2.4149e-05
82819: 2.41488e-05
82820: 2.41485e-05
82821: 2.41482e-05
82822: 2.41479e-05
82823: 2.41476e-05
82824: 2.41473e-05
82825: 2.4147e-05
82826: 2.41467e-05
82827: 2.41464e-05
82828: 2.41461e-05
82829: 2.41458e-05
82830: 2.41455e-05
82831: 2.41453e-05
82832: 2.4145e-05
82833: 2.41447e-05
82834: 2.41444e-05
82835: 2.41441e-05
82836: 2.41438e-05
82837: 2.41435e-05
82838: 2.41432e-05
82839: 2.41429e-05
82840: 2.41426e-05
82841: 2.41423e-05
82842: 2.41421e-05
82843: 2.41418e-05
82844: 2.41415e-05
82845: 2.41412e-05
82846: 2.41409e-05
82847: 2.41406e-05
82848: 2.41403e-05
82849: 2.414e-05
82850: 2.41397e-05
82851: 2.41394e-05
82852: 2.41391e-05
82853: 2.41388e-05
82854: 2.41386e-05
82855: 2.41383e-05
82856: 2.4138e-05
82857: 2.41377e-05
82858: 2.41374e-05
82859: 2.41371e-05
82860: 2.41368e-05
82861: 2.41365e-05
82862: 2.41362e-05
82863: 2.41359e-05
82864: 2.41356e-05
82865: 2.41354e-05
82866: 2.41351e-05
82867: 2.41348e-05
82868: 2.41345e-05
82869: 2.41342e-05
82870: 2.41339e-05
82871: 2.41336e-05
82872: 2.41333e-05
82873: 2.4133e-05
82874: 2.41327e-05
82875: 2.41324e-05
82876: 2.41321e-05
82877: 2.41319e-05
82878: 2.41316e-05
82879: 2.41313e-05
82880: 2.4131e-05
82881: 2.41307e-05
82882: 2.41304e-05
82883: 2.41301e-05
82884: 2.41298e-05
82885: 2.41295e-05
82886: 2.41292e-05
82887: 2.41289e-05
82888: 2.41287e-05
82889: 2.41284e-05
82890: 2.41281e-05
82891: 2.41278e-05
82892: 2.41275e-05
82893: 2.41272e-05
82894: 2.41269e-05
82895: 2.41266e-05
82896: 2.41263e-05
82897: 2.4126e-05
82898: 2.41257e-05
82899: 2.41255e-05
82900: 2.41252e-05
82901: 2.41249e-05
82902: 2.41246e-05
82903: 2.41243e-05
82904: 2.4124e-05
82905: 2.41237e-05
82906: 2.41234e-05
82907: 2.41231e-05
82908: 2.41228e-05
82909: 2.41225e-05
82910: 2.41223e-05
82911: 2.4122e-05
82912: 2.41217e-05
82913: 2.41214e-05
82914: 2.41211e-05
82915: 2.41208e-05
82916: 2.41205e-05
82917: 2.41202e-05
82918: 2.41199e-05
82919: 2.41196e-05
82920: 2.41193e-05
82921: 2.41191e-05
82922: 2.41188e-05
82923: 2.41185e-05
82924: 2.41182e-05
82925: 2.41179e-05
82926: 2.41176e-05
82927: 2.41173e-05
82928: 2.4117e-05
82929: 2.41167e-05
82930: 2.41164e-05
82931: 2.41161e-05
82932: 2.41159e-05
82933: 2.41156e-05
82934: 2.41153e-05
82935: 2.4115e-05
82936: 2.41147e-05
82937: 2.41144e-05
82938: 2.41141e-05
82939: 2.41138e-05
82940: 2.41135e-05
82941: 2.41132e-05
82942: 2.41129e-05
82943: 2.41127e-05
82944: 2.41124e-05
82945: 2.41121e-05
82946: 2.41118e-05
82947: 2.41115e-05
82948: 2.41112e-05
82949: 2.41109e-05
82950: 2.41106e-05
82951: 2.41103e-05
82952: 2.411e-05
82953: 2.41097e-05
82954: 2.41095e-05
82955: 2.41092e-05
82956: 2.41089e-05
82957: 2.41086e-05
82958: 2.41083e-05
82959: 2.4108e-05
82960: 2.41077e-05
82961: 2.41074e-05
82962: 2.41071e-05
82963: 2.41068e-05
82964: 2.41066e-05
82965: 2.41063e-05
82966: 2.4106e-05
82967: 2.41057e-05
82968: 2.41054e-05
82969: 2.41051e-05
82970: 2.41048e-05
82971: 2.41045e-05
82972: 2.41042e-05
82973: 2.41039e-05
82974: 2.41036e-05
82975: 2.41034e-05
82976: 2.41031e-05
82977: 2.41028e-05
82978: 2.41025e-05
82979: 2.41022e-05
82980: 2.41019e-05
82981: 2.41016e-05
82982: 2.41013e-05
82983: 2.4101e-05
82984: 2.41007e-05
82985: 2.41005e-05
82986: 2.41002e-05
82987: 2.40999e-05
82988: 2.40996e-05
82989: 2.40993e-05
82990: 2.4099e-05
82991: 2.40987e-05
82992: 2.40984e-05
82993: 2.40981e-05
82994: 2.40978e-05
82995: 2.40975e-05
82996: 2.40973e-05
82997: 2.4097e-05
82998: 2.40967e-05
82999: 2.40964e-05
83000: 2.40961e-05
83001: 2.40958e-05
83002: 2.40955e-05
83003: 2.40952e-05
83004: 2.40949e-05
83005: 2.40946e-05
83006: 2.40944e-05
83007: 2.40941e-05
83008: 2.40938e-05
83009: 2.40935e-05
83010: 2.40932e-05
83011: 2.40929e-05
83012: 2.40926e-05
83013: 2.40923e-05
83014: 2.4092e-05
83015: 2.40917e-05
83016: 2.40915e-05
83017: 2.40912e-05
83018: 2.40909e-05
83019: 2.40906e-05
83020: 2.40903e-05
83021: 2.409e-05
83022: 2.40897e-05
83023: 2.40894e-05
83024: 2.40891e-05
83025: 2.40888e-05
83026: 2.40885e-05
83027: 2.40883e-05
83028: 2.4088e-05
83029: 2.40877e-05
83030: 2.40874e-05
83031: 2.40871e-05
83032: 2.40868e-05
83033: 2.40865e-05
83034: 2.40862e-05
83035: 2.40859e-05
83036: 2.40856e-05
83037: 2.40854e-05
83038: 2.40851e-05
83039: 2.40848e-05
83040: 2.40845e-05
83041: 2.40842e-05
83042: 2.40839e-05
83043: 2.40836e-05
83044: 2.40833e-05
83045: 2.4083e-05
83046: 2.40827e-05
83047: 2.40825e-05
83048: 2.40822e-05
83049: 2.40819e-05
83050: 2.40816e-05
83051: 2.40813e-05
83052: 2.4081e-05
83053: 2.40807e-05
83054: 2.40804e-05
83055: 2.40801e-05
83056: 2.40798e-05
83057: 2.40796e-05
83058: 2.40793e-05
83059: 2.4079e-05
83060: 2.40787e-05
83061: 2.40784e-05
83062: 2.40781e-05
83063: 2.40778e-05
83064: 2.40775e-05
83065: 2.40772e-05
83066: 2.40769e-05
83067: 2.40767e-05
83068: 2.40764e-05
83069: 2.40761e-05
83070: 2.40758e-05
83071: 2.40755e-05
83072: 2.40752e-05
83073: 2.40749e-05
83074: 2.40746e-05
83075: 2.40743e-05
83076: 2.40741e-05
83077: 2.40738e-05
83078: 2.40735e-05
83079: 2.40732e-05
83080: 2.40729e-05
83081: 2.40726e-05
83082: 2.40723e-05
83083: 2.4072e-05
83084: 2.40717e-05
83085: 2.40714e-05
83086: 2.40712e-05
83087: 2.40709e-05
83088: 2.40706e-05
83089: 2.40703e-05
83090: 2.407e-05
83091: 2.40697e-05
83092: 2.40694e-05
83093: 2.40691e-05
83094: 2.40688e-05
83095: 2.40685e-05
83096: 2.40683e-05
83097: 2.4068e-05
83098: 2.40677e-05
83099: 2.40674e-05
83100: 2.40671e-05
83101: 2.40668e-05
83102: 2.40665e-05
83103: 2.40662e-05
83104: 2.40659e-05
83105: 2.40657e-05
83106: 2.40654e-05
83107: 2.40651e-05
83108: 2.40648e-05
83109: 2.40645e-05
83110: 2.40642e-05
83111: 2.40639e-05
83112: 2.40636e-05
83113: 2.40633e-05
83114: 2.4063e-05
83115: 2.40628e-05
83116: 2.40625e-05
83117: 2.40622e-05
83118: 2.40619e-05
83119: 2.40616e-05
83120: 2.40613e-05
83121: 2.4061e-05
83122: 2.40607e-05
83123: 2.40604e-05
83124: 2.40602e-05
83125: 2.40599e-05
83126: 2.40596e-05
83127: 2.40593e-05
83128: 2.4059e-05
83129: 2.40587e-05
83130: 2.40584e-05
83131: 2.40581e-05
83132: 2.40578e-05
83133: 2.40575e-05
83134: 2.40573e-05
83135: 2.4057e-05
83136: 2.40567e-05
83137: 2.40564e-05
83138: 2.40561e-05
83139: 2.40558e-05
83140: 2.40555e-05
83141: 2.40552e-05
83142: 2.40549e-05
83143: 2.40547e-05
83144: 2.40544e-05
83145: 2.40541e-05
83146: 2.40538e-05
83147: 2.40535e-05
83148: 2.40532e-05
83149: 2.40529e-05
83150: 2.40526e-05
83151: 2.40523e-05
83152: 2.4052e-05
83153: 2.40518e-05
83154: 2.40515e-05
83155: 2.40512e-05
83156: 2.40509e-05
83157: 2.40506e-05
83158: 2.40503e-05
83159: 2.405e-05
83160: 2.40497e-05
83161: 2.40494e-05
83162: 2.40492e-05
83163: 2.40489e-05
83164: 2.40486e-05
83165: 2.40483e-05
83166: 2.4048e-05
83167: 2.40477e-05
83168: 2.40474e-05
83169: 2.40471e-05
83170: 2.40468e-05
83171: 2.40466e-05
83172: 2.40463e-05
83173: 2.4046e-05
83174: 2.40457e-05
83175: 2.40454e-05
83176: 2.40451e-05
83177: 2.40448e-05
83178: 2.40445e-05
83179: 2.40442e-05
83180: 2.4044e-05
83181: 2.40437e-05
83182: 2.40434e-05
83183: 2.40431e-05
83184: 2.40428e-05
83185: 2.40425e-05
83186: 2.40422e-05
83187: 2.40419e-05
83188: 2.40416e-05
83189: 2.40414e-05
83190: 2.40411e-05
83191: 2.40408e-05
83192: 2.40405e-05
83193: 2.40402e-05
83194: 2.40399e-05
83195: 2.40396e-05
83196: 2.40393e-05
83197: 2.4039e-05
83198: 2.40388e-05
83199: 2.40385e-05
83200: 2.40382e-05
83201: 2.40379e-05
83202: 2.40376e-05
83203: 2.40373e-05
83204: 2.4037e-05
83205: 2.40367e-05
83206: 2.40364e-05
83207: 2.40362e-05
83208: 2.40359e-05
83209: 2.40356e-05
83210: 2.40353e-05
83211: 2.4035e-05
83212: 2.40347e-05
83213: 2.40344e-05
83214: 2.40341e-05
83215: 2.40338e-05
83216: 2.40336e-05
83217: 2.40333e-05
83218: 2.4033e-05
83219: 2.40327e-05
83220: 2.40324e-05
83221: 2.40321e-05
83222: 2.40318e-05
83223: 2.40315e-05
83224: 2.40312e-05
83225: 2.4031e-05
83226: 2.40307e-05
83227: 2.40304e-05
83228: 2.40301e-05
83229: 2.40298e-05
83230: 2.40295e-05
83231: 2.40292e-05
83232: 2.40289e-05
83233: 2.40286e-05
83234: 2.40284e-05
83235: 2.40281e-05
83236: 2.40278e-05
83237: 2.40275e-05
83238: 2.40272e-05
83239: 2.40269e-05
83240: 2.40266e-05
83241: 2.40263e-05
83242: 2.4026e-05
83243: 2.40258e-05
83244: 2.40255e-05
83245: 2.40252e-05
83246: 2.40249e-05
83247: 2.40246e-05
83248: 2.40243e-05
83249: 2.4024e-05
83250: 2.40237e-05
83251: 2.40234e-05
83252: 2.40232e-05
83253: 2.40229e-05
83254: 2.40226e-05
83255: 2.40223e-05
83256: 2.4022e-05
83257: 2.40217e-05
83258: 2.40214e-05
83259: 2.40211e-05
83260: 2.40209e-05
83261: 2.40206e-05
83262: 2.40203e-05
83263: 2.402e-05
83264: 2.40197e-05
83265: 2.40194e-05
83266: 2.40191e-05
83267: 2.40188e-05
83268: 2.40185e-05
83269: 2.40183e-05
83270: 2.4018e-05
83271: 2.40177e-05
83272: 2.40174e-05
83273: 2.40171e-05
83274: 2.40168e-05
83275: 2.40165e-05
83276: 2.40162e-05
83277: 2.40159e-05
83278: 2.40157e-05
83279: 2.40154e-05
83280: 2.40151e-05
83281: 2.40148e-05
83282: 2.40145e-05
83283: 2.40142e-05
83284: 2.40139e-05
83285: 2.40136e-05
83286: 2.40134e-05
83287: 2.40131e-05
83288: 2.40128e-05
83289: 2.40125e-05
83290: 2.40122e-05
83291: 2.40119e-05
83292: 2.40116e-05
83293: 2.40113e-05
83294: 2.4011e-05
83295: 2.40108e-05
83296: 2.40105e-05
83297: 2.40102e-05
83298: 2.40099e-05
83299: 2.40096e-05
83300: 2.40093e-05
83301: 2.4009e-05
83302: 2.40087e-05
83303: 2.40085e-05
83304: 2.40082e-05
83305: 2.40079e-05
83306: 2.40076e-05
83307: 2.40073e-05
83308: 2.4007e-05
83309: 2.40067e-05
83310: 2.40064e-05
83311: 2.40061e-05
83312: 2.40059e-05
83313: 2.40056e-05
83314: 2.40053e-05
83315: 2.4005e-05
83316: 2.40047e-05
83317: 2.40044e-05
83318: 2.40041e-05
83319: 2.40038e-05
83320: 2.40036e-05
83321: 2.40033e-05
83322: 2.4003e-05
83323: 2.40027e-05
83324: 2.40024e-05
83325: 2.40021e-05
83326: 2.40018e-05
83327: 2.40015e-05
83328: 2.40012e-05
83329: 2.4001e-05
83330: 2.40007e-05
83331: 2.40004e-05
83332: 2.40001e-05
83333: 2.39998e-05
83334: 2.39995e-05
83335: 2.39992e-05
83336: 2.39989e-05
83337: 2.39987e-05
83338: 2.39984e-05
83339: 2.39981e-05
83340: 2.39978e-05
83341: 2.39975e-05
83342: 2.39972e-05
83343: 2.39969e-05
83344: 2.39966e-05
83345: 2.39964e-05
83346: 2.39961e-05
83347: 2.39958e-05
83348: 2.39955e-05
83349: 2.39952e-05
83350: 2.39949e-05
83351: 2.39946e-05
83352: 2.39943e-05
83353: 2.3994e-05
83354: 2.39938e-05
83355: 2.39935e-05
83356: 2.39932e-05
83357: 2.39929e-05
83358: 2.39926e-05
83359: 2.39923e-05
83360: 2.3992e-05
83361: 2.39917e-05
83362: 2.39915e-05
83363: 2.39912e-05
83364: 2.39909e-05
83365: 2.39906e-05
83366: 2.39903e-05
83367: 2.399e-05
83368: 2.39897e-05
83369: 2.39894e-05
83370: 2.39892e-05
83371: 2.39889e-05
83372: 2.39886e-05
83373: 2.39883e-05
83374: 2.3988e-05
83375: 2.39877e-05
83376: 2.39874e-05
83377: 2.39871e-05
83378: 2.39869e-05
83379: 2.39866e-05
83380: 2.39863e-05
83381: 2.3986e-05
83382: 2.39857e-05
83383: 2.39854e-05
83384: 2.39851e-05
83385: 2.39848e-05
83386: 2.39846e-05
83387: 2.39843e-05
83388: 2.3984e-05
83389: 2.39837e-05
83390: 2.39834e-05
83391: 2.39831e-05
83392: 2.39828e-05
83393: 2.39825e-05
83394: 2.39823e-05
83395: 2.3982e-05
83396: 2.39817e-05
83397: 2.39814e-05
83398: 2.39811e-05
83399: 2.39808e-05
83400: 2.39805e-05
83401: 2.39802e-05
83402: 2.398e-05
83403: 2.39797e-05
83404: 2.39794e-05
83405: 2.39791e-05
83406: 2.39788e-05
83407: 2.39785e-05
83408: 2.39782e-05
83409: 2.39779e-05
83410: 2.39777e-05
83411: 2.39774e-05
83412: 2.39771e-05
83413: 2.39768e-05
83414: 2.39765e-05
83415: 2.39762e-05
83416: 2.39759e-05
83417: 2.39756e-05
83418: 2.39754e-05
83419: 2.39751e-05
83420: 2.39748e-05
83421: 2.39745e-05
83422: 2.39742e-05
83423: 2.39739e-05
83424: 2.39736e-05
83425: 2.39733e-05
83426: 2.39731e-05
83427: 2.39728e-05
83428: 2.39725e-05
83429: 2.39722e-05
83430: 2.39719e-05
83431: 2.39716e-05
83432: 2.39713e-05
83433: 2.3971e-05
83434: 2.39708e-05
83435: 2.39705e-05
83436: 2.39702e-05
83437: 2.39699e-05
83438: 2.39696e-05
83439: 2.39693e-05
83440: 2.3969e-05
83441: 2.39687e-05
83442: 2.39685e-05
83443: 2.39682e-05
83444: 2.39679e-05
83445: 2.39676e-05
83446: 2.39673e-05
83447: 2.3967e-05
83448: 2.39667e-05
83449: 2.39664e-05
83450: 2.39662e-05
83451: 2.39659e-05
83452: 2.39656e-05
83453: 2.39653e-05
83454: 2.3965e-05
83455: 2.39647e-05
83456: 2.39644e-05
83457: 2.39641e-05
83458: 2.39639e-05
83459: 2.39636e-05
83460: 2.39633e-05
83461: 2.3963e-05
83462: 2.39627e-05
83463: 2.39624e-05
83464: 2.39621e-05
83465: 2.39619e-05
83466: 2.39616e-05
83467: 2.39613e-05
83468: 2.3961e-05
83469: 2.39607e-05
83470: 2.39604e-05
83471: 2.39601e-05
83472: 2.39598e-05
83473: 2.39596e-05
83474: 2.39593e-05
83475: 2.3959e-05
83476: 2.39587e-05
83477: 2.39584e-05
83478: 2.39581e-05
83479: 2.39578e-05
83480: 2.39575e-05
83481: 2.39573e-05
83482: 2.3957e-05
83483: 2.39567e-05
83484: 2.39564e-05
83485: 2.39561e-05
83486: 2.39558e-05
83487: 2.39555e-05
83488: 2.39553e-05
83489: 2.3955e-05
83490: 2.39547e-05
83491: 2.39544e-05
83492: 2.39541e-05
83493: 2.39538e-05
83494: 2.39535e-05
83495: 2.39532e-05
83496: 2.3953e-05
83497: 2.39527e-05
83498: 2.39524e-05
83499: 2.39521e-05
83500: 2.39518e-05
83501: 2.39515e-05
83502: 2.39512e-05
83503: 2.39509e-05
83504: 2.39507e-05
83505: 2.39504e-05
83506: 2.39501e-05
83507: 2.39498e-05
83508: 2.39495e-05
83509: 2.39492e-05
83510: 2.39489e-05
83511: 2.39487e-05
83512: 2.39484e-05
83513: 2.39481e-05
83514: 2.39478e-05
83515: 2.39475e-05
83516: 2.39472e-05
83517: 2.39469e-05
83518: 2.39466e-05
83519: 2.39464e-05
83520: 2.39461e-05
83521: 2.39458e-05
83522: 2.39455e-05
83523: 2.39452e-05
83524: 2.39449e-05
83525: 2.39446e-05
83526: 2.39444e-05
83527: 2.39441e-05
83528: 2.39438e-05
83529: 2.39435e-05
83530: 2.39432e-05
83531: 2.39429e-05
83532: 2.39426e-05
83533: 2.39423e-05
83534: 2.39421e-05
83535: 2.39418e-05
83536: 2.39415e-05
83537: 2.39412e-05
83538: 2.39409e-05
83539: 2.39406e-05
83540: 2.39403e-05
83541: 2.39401e-05
83542: 2.39398e-05
83543: 2.39395e-05
83544: 2.39392e-05
83545: 2.39389e-05
83546: 2.39386e-05
83547: 2.39383e-05
83548: 2.3938e-05
83549: 2.39378e-05
83550: 2.39375e-05
83551: 2.39372e-05
83552: 2.39369e-05
83553: 2.39366e-05
83554: 2.39363e-05
83555: 2.3936e-05
83556: 2.39358e-05
83557: 2.39355e-05
83558: 2.39352e-05
83559: 2.39349e-05
83560: 2.39346e-05
83561: 2.39343e-05
83562: 2.3934e-05
83563: 2.39338e-05
83564: 2.39335e-05
83565: 2.39332e-05
83566: 2.39329e-05
83567: 2.39326e-05
83568: 2.39323e-05
83569: 2.3932e-05
83570: 2.39317e-05
83571: 2.39315e-05
83572: 2.39312e-05
83573: 2.39309e-05
83574: 2.39306e-05
83575: 2.39303e-05
83576: 2.393e-05
83577: 2.39297e-05
83578: 2.39295e-05
83579: 2.39292e-05
83580: 2.39289e-05
83581: 2.39286e-05
83582: 2.39283e-05
83583: 2.3928e-05
83584: 2.39277e-05
83585: 2.39275e-05
83586: 2.39272e-05
83587: 2.39269e-05
83588: 2.39266e-05
83589: 2.39263e-05
83590: 2.3926e-05
83591: 2.39257e-05
83592: 2.39254e-05
83593: 2.39252e-05
83594: 2.39249e-05
83595: 2.39246e-05
83596: 2.39243e-05
83597: 2.3924e-05
83598: 2.39237e-05
83599: 2.39234e-05
83600: 2.39232e-05
83601: 2.39229e-05
83602: 2.39226e-05
83603: 2.39223e-05
83604: 2.3922e-05
83605: 2.39217e-05
83606: 2.39214e-05
83607: 2.39212e-05
83608: 2.39209e-05
83609: 2.39206e-05
83610: 2.39203e-05
83611: 2.392e-05
83612: 2.39197e-05
83613: 2.39194e-05
83614: 2.39192e-05
83615: 2.39189e-05
83616: 2.39186e-05
83617: 2.39183e-05
83618: 2.3918e-05
83619: 2.39177e-05
83620: 2.39174e-05
83621: 2.39172e-05
83622: 2.39169e-05
83623: 2.39166e-05
83624: 2.39163e-05
83625: 2.3916e-05
83626: 2.39157e-05
83627: 2.39154e-05
83628: 2.39151e-05
83629: 2.39149e-05
83630: 2.39146e-05
83631: 2.39143e-05
83632: 2.3914e-05
83633: 2.39137e-05
83634: 2.39134e-05
83635: 2.39131e-05
83636: 2.39129e-05
83637: 2.39126e-05
83638: 2.39123e-05
83639: 2.3912e-05
83640: 2.39117e-05
83641: 2.39114e-05
83642: 2.39111e-05
83643: 2.39109e-05
83644: 2.39106e-05
83645: 2.39103e-05
83646: 2.391e-05
83647: 2.39097e-05
83648: 2.39094e-05
83649: 2.39091e-05
83650: 2.39089e-05
83651: 2.39086e-05
83652: 2.39083e-05
83653: 2.3908e-05
83654: 2.39077e-05
83655: 2.39074e-05
83656: 2.39071e-05
83657: 2.39069e-05
83658: 2.39066e-05
83659: 2.39063e-05
83660: 2.3906e-05
83661: 2.39057e-05
83662: 2.39054e-05
83663: 2.39051e-05
83664: 2.39049e-05
83665: 2.39046e-05
83666: 2.39043e-05
83667: 2.3904e-05
83668: 2.39037e-05
83669: 2.39034e-05
83670: 2.39031e-05
83671: 2.39029e-05
83672: 2.39026e-05
83673: 2.39023e-05
83674: 2.3902e-05
83675: 2.39017e-05
83676: 2.39014e-05
83677: 2.39011e-05
83678: 2.39009e-05
83679: 2.39006e-05
83680: 2.39003e-05
83681: 2.39e-05
83682: 2.38997e-05
83683: 2.38994e-05
83684: 2.38991e-05
83685: 2.38989e-05
83686: 2.38986e-05
83687: 2.38983e-05
83688: 2.3898e-05
83689: 2.38977e-05
83690: 2.38974e-05
83691: 2.38971e-05
83692: 2.38969e-05
83693: 2.38966e-05
83694: 2.38963e-05
83695: 2.3896e-05
83696: 2.38957e-05
83697: 2.38954e-05
83698: 2.38951e-05
83699: 2.38949e-05
83700: 2.38946e-05
83701: 2.38943e-05
83702: 2.3894e-05
83703: 2.38937e-05
83704: 2.38934e-05
83705: 2.38931e-05
83706: 2.38929e-05
83707: 2.38926e-05
83708: 2.38923e-05
83709: 2.3892e-05
83710: 2.38917e-05
83711: 2.38914e-05
83712: 2.38912e-05
83713: 2.38909e-05
83714: 2.38906e-05
83715: 2.38903e-05
83716: 2.389e-05
83717: 2.38897e-05
83718: 2.38894e-05
83719: 2.38892e-05
83720: 2.38889e-05
83721: 2.38886e-05
83722: 2.38883e-05
83723: 2.3888e-05
83724: 2.38877e-05
83725: 2.38874e-05
83726: 2.38872e-05
83727: 2.38869e-05
83728: 2.38866e-05
83729: 2.38863e-05
83730: 2.3886e-05
83731: 2.38857e-05
83732: 2.38854e-05
83733: 2.38852e-05
83734: 2.38849e-05
83735: 2.38846e-05
83736: 2.38843e-05
83737: 2.3884e-05
83738: 2.38837e-05
83739: 2.38834e-05
83740: 2.38832e-05
83741: 2.38829e-05
83742: 2.38826e-05
83743: 2.38823e-05
83744: 2.3882e-05
83745: 2.38817e-05
83746: 2.38815e-05
83747: 2.38812e-05
83748: 2.38809e-05
83749: 2.38806e-05
83750: 2.38803e-05
83751: 2.388e-05
83752: 2.38797e-05
83753: 2.38795e-05
83754: 2.38792e-05
83755: 2.38789e-05
83756: 2.38786e-05
83757: 2.38783e-05
83758: 2.3878e-05
83759: 2.38777e-05
83760: 2.38775e-05
83761: 2.38772e-05
83762: 2.38769e-05
83763: 2.38766e-05
83764: 2.38763e-05
83765: 2.3876e-05
83766: 2.38758e-05
83767: 2.38755e-05
83768: 2.38752e-05
83769: 2.38749e-05
83770: 2.38746e-05
83771: 2.38743e-05
83772: 2.3874e-05
83773: 2.38738e-05
83774: 2.38735e-05
83775: 2.38732e-05
83776: 2.38729e-05
83777: 2.38726e-05
83778: 2.38723e-05
83779: 2.3872e-05
83780: 2.38718e-05
83781: 2.38715e-05
83782: 2.38712e-05
83783: 2.38709e-05
83784: 2.38706e-05
83785: 2.38703e-05
83786: 2.38701e-05
83787: 2.38698e-05
83788: 2.38695e-05
83789: 2.38692e-05
83790: 2.38689e-05
83791: 2.38686e-05
83792: 2.38683e-05
83793: 2.38681e-05
83794: 2.38678e-05
83795: 2.38675e-05
83796: 2.38672e-05
83797: 2.38669e-05
83798: 2.38666e-05
83799: 2.38663e-05
83800: 2.38661e-05
83801: 2.38658e-05
83802: 2.38655e-05
83803: 2.38652e-05
83804: 2.38649e-05
83805: 2.38646e-05
83806: 2.38644e-05
83807: 2.38641e-05
83808: 2.38638e-05
83809: 2.38635e-05
83810: 2.38632e-05
83811: 2.38629e-05
83812: 2.38626e-05
83813: 2.38624e-05
83814: 2.38621e-05
83815: 2.38618e-05
83816: 2.38615e-05
83817: 2.38612e-05
83818: 2.38609e-05
83819: 2.38607e-05
83820: 2.38604e-05
83821: 2.38601e-05
83822: 2.38598e-05
83823: 2.38595e-05
83824: 2.38592e-05
83825: 2.38589e-05
83826: 2.38587e-05
83827: 2.38584e-05
83828: 2.38581e-05
83829: 2.38578e-05
83830: 2.38575e-05
83831: 2.38572e-05
83832: 2.3857e-05
83833: 2.38567e-05
83834: 2.38564e-05
83835: 2.38561e-05
83836: 2.38558e-05
83837: 2.38555e-05
83838: 2.38552e-05
83839: 2.3855e-05
83840: 2.38547e-05
83841: 2.38544e-05
83842: 2.38541e-05
83843: 2.38538e-05
83844: 2.38535e-05
83845: 2.38533e-05
83846: 2.3853e-05
83847: 2.38527e-05
83848: 2.38524e-05
83849: 2.38521e-05
83850: 2.38518e-05
83851: 2.38515e-05
83852: 2.38513e-05
83853: 2.3851e-05
83854: 2.38507e-05
83855: 2.38504e-05
83856: 2.38501e-05
83857: 2.38498e-05
83858: 2.38496e-05
83859: 2.38493e-05
83860: 2.3849e-05
83861: 2.38487e-05
83862: 2.38484e-05
83863: 2.38481e-05
83864: 2.38479e-05
83865: 2.38476e-05
83866: 2.38473e-05
83867: 2.3847e-05
83868: 2.38467e-05
83869: 2.38464e-05
83870: 2.38461e-05
83871: 2.38459e-05
83872: 2.38456e-05
83873: 2.38453e-05
83874: 2.3845e-05
83875: 2.38447e-05
83876: 2.38444e-05
83877: 2.38442e-05
83878: 2.38439e-05
83879: 2.38436e-05
83880: 2.38433e-05
83881: 2.3843e-05
83882: 2.38427e-05
83883: 2.38424e-05
83884: 2.38422e-05
83885: 2.38419e-05
83886: 2.38416e-05
83887: 2.38413e-05
83888: 2.3841e-05
83889: 2.38407e-05
83890: 2.38405e-05
83891: 2.38402e-05
83892: 2.38399e-05
83893: 2.38396e-05
83894: 2.38393e-05
83895: 2.3839e-05
83896: 2.38388e-05
83897: 2.38385e-05
83898: 2.38382e-05
83899: 2.38379e-05
83900: 2.38376e-05
83901: 2.38373e-05
83902: 2.3837e-05
83903: 2.38368e-05
83904: 2.38365e-05
83905: 2.38362e-05
83906: 2.38359e-05
83907: 2.38356e-05
83908: 2.38353e-05
83909: 2.38351e-05
83910: 2.38348e-05
83911: 2.38345e-05
83912: 2.38342e-05
83913: 2.38339e-05
83914: 2.38336e-05
83915: 2.38334e-05
83916: 2.38331e-05
83917: 2.38328e-05
83918: 2.38325e-05
83919: 2.38322e-05
83920: 2.38319e-05
83921: 2.38317e-05
83922: 2.38314e-05
83923: 2.38311e-05
83924: 2.38308e-05
83925: 2.38305e-05
83926: 2.38302e-05
83927: 2.38299e-05
83928: 2.38297e-05
83929: 2.38294e-05
83930: 2.38291e-05
83931: 2.38288e-05
83932: 2.38285e-05
83933: 2.38282e-05
83934: 2.3828e-05
83935: 2.38277e-05
83936: 2.38274e-05
83937: 2.38271e-05
83938: 2.38268e-05
83939: 2.38265e-05
83940: 2.38263e-05
83941: 2.3826e-05
83942: 2.38257e-05
83943: 2.38254e-05
83944: 2.38251e-05
83945: 2.38248e-05
83946: 2.38246e-05
83947: 2.38243e-05
83948: 2.3824e-05
83949: 2.38237e-05
83950: 2.38234e-05
83951: 2.38231e-05
83952: 2.38229e-05
83953: 2.38226e-05
83954: 2.38223e-05
83955: 2.3822e-05
83956: 2.38217e-05
83957: 2.38214e-05
83958: 2.38212e-05
83959: 2.38209e-05
83960: 2.38206e-05
83961: 2.38203e-05
83962: 2.382e-05
83963: 2.38197e-05
83964: 2.38194e-05
83965: 2.38192e-05
83966: 2.38189e-05
83967: 2.38186e-05
83968: 2.38183e-05
83969: 2.3818e-05
83970: 2.38177e-05
83971: 2.38175e-05
83972: 2.38172e-05
83973: 2.38169e-05
83974: 2.38166e-05
83975: 2.38163e-05
83976: 2.3816e-05
83977: 2.38158e-05
83978: 2.38155e-05
83979: 2.38152e-05
83980: 2.38149e-05
83981: 2.38146e-05
83982: 2.38143e-05
83983: 2.38141e-05
83984: 2.38138e-05
83985: 2.38135e-05
83986: 2.38132e-05
83987: 2.38129e-05
83988: 2.38126e-05
83989: 2.38124e-05
83990: 2.38121e-05
83991: 2.38118e-05
83992: 2.38115e-05
83993: 2.38112e-05
83994: 2.38109e-05
83995: 2.38107e-05
83996: 2.38104e-05
83997: 2.38101e-05
83998: 2.38098e-05
83999: 2.38095e-05
84000: 2.38092e-05
84001: 2.3809e-05
84002: 2.38087e-05
84003: 2.38084e-05
84004: 2.38081e-05
84005: 2.38078e-05
84006: 2.38075e-05
84007: 2.38073e-05
84008: 2.3807e-05
84009: 2.38067e-05
84010: 2.38064e-05
84011: 2.38061e-05
84012: 2.38058e-05
84013: 2.38056e-05
84014: 2.38053e-05
84015: 2.3805e-05
84016: 2.38047e-05
84017: 2.38044e-05
84018: 2.38041e-05
84019: 2.38039e-05
84020: 2.38036e-05
84021: 2.38033e-05
84022: 2.3803e-05
84023: 2.38027e-05
84024: 2.38024e-05
84025: 2.38022e-05
84026: 2.38019e-05
84027: 2.38016e-05
84028: 2.38013e-05
84029: 2.3801e-05
84030: 2.38007e-05
84031: 2.38005e-05
84032: 2.38002e-05
84033: 2.37999e-05
84034: 2.37996e-05
84035: 2.37993e-05
84036: 2.3799e-05
84037: 2.37988e-05
84038: 2.37985e-05
84039: 2.37982e-05
84040: 2.37979e-05
84041: 2.37976e-05
84042: 2.37973e-05
84043: 2.37971e-05
84044: 2.37968e-05
84045: 2.37965e-05
84046: 2.37962e-05
84047: 2.37959e-05
84048: 2.37956e-05
84049: 2.37954e-05
84050: 2.37951e-05
84051: 2.37948e-05
84052: 2.37945e-05
84053: 2.37942e-05
84054: 2.37939e-05
84055: 2.37937e-05
84056: 2.37934e-05
84057: 2.37931e-05
84058: 2.37928e-05
84059: 2.37925e-05
84060: 2.37922e-05
84061: 2.3792e-05
84062: 2.37917e-05
84063: 2.37914e-05
84064: 2.37911e-05
84065: 2.37908e-05
84066: 2.37905e-05
84067: 2.37903e-05
84068: 2.379e-05
84069: 2.37897e-05
84070: 2.37894e-05
84071: 2.37891e-05
84072: 2.37889e-05
84073: 2.37886e-05
84074: 2.37883e-05
84075: 2.3788e-05
84076: 2.37877e-05
84077: 2.37874e-05
84078: 2.37872e-05
84079: 2.37869e-05
84080: 2.37866e-05
84081: 2.37863e-05
84082: 2.3786e-05
84083: 2.37857e-05
84084: 2.37855e-05
84085: 2.37852e-05
84086: 2.37849e-05
84087: 2.37846e-05
84088: 2.37843e-05
84089: 2.3784e-05
84090: 2.37838e-05
84091: 2.37835e-05
84092: 2.37832e-05
84093: 2.37829e-05
84094: 2.37826e-05
84095: 2.37823e-05
84096: 2.37821e-05
84097: 2.37818e-05
84098: 2.37815e-05
84099: 2.37812e-05
84100: 2.37809e-05
84101: 2.37806e-05
84102: 2.37804e-05
84103: 2.37801e-05
84104: 2.37798e-05
84105: 2.37795e-05
84106: 2.37792e-05
84107: 2.3779e-05
84108: 2.37787e-05
84109: 2.37784e-05
84110: 2.37781e-05
84111: 2.37778e-05
84112: 2.37775e-05
84113: 2.37773e-05
84114: 2.3777e-05
84115: 2.37767e-05
84116: 2.37764e-05
84117: 2.37761e-05
84118: 2.37758e-05
84119: 2.37756e-05
84120: 2.37753e-05
84121: 2.3775e-05
84122: 2.37747e-05
84123: 2.37744e-05
84124: 2.37741e-05
84125: 2.37739e-05
84126: 2.37736e-05
84127: 2.37733e-05
84128: 2.3773e-05
84129: 2.37727e-05
84130: 2.37725e-05
84131: 2.37722e-05
84132: 2.37719e-05
84133: 2.37716e-05
84134: 2.37713e-05
84135: 2.3771e-05
84136: 2.37708e-05
84137: 2.37705e-05
84138: 2.37702e-05
84139: 2.37699e-05
84140: 2.37696e-05
84141: 2.37693e-05
84142: 2.37691e-05
84143: 2.37688e-05
84144: 2.37685e-05
84145: 2.37682e-05
84146: 2.37679e-05
84147: 2.37676e-05
84148: 2.37674e-05
84149: 2.37671e-05
84150: 2.37668e-05
84151: 2.37665e-05
84152: 2.37662e-05
84153: 2.3766e-05
84154: 2.37657e-05
84155: 2.37654e-05
84156: 2.37651e-05
84157: 2.37648e-05
84158: 2.37645e-05
84159: 2.37643e-05
84160: 2.3764e-05
84161: 2.37637e-05
84162: 2.37634e-05
84163: 2.37631e-05
84164: 2.37628e-05
84165: 2.37626e-05
84166: 2.37623e-05
84167: 2.3762e-05
84168: 2.37617e-05
84169: 2.37614e-05
84170: 2.37612e-05
84171: 2.37609e-05
84172: 2.37606e-05
84173: 2.37603e-05
84174: 2.376e-05
84175: 2.37597e-05
84176: 2.37595e-05
84177: 2.37592e-05
84178: 2.37589e-05
84179: 2.37586e-05
84180: 2.37583e-05
84181: 2.3758e-05
84182: 2.37578e-05
84183: 2.37575e-05
84184: 2.37572e-05
84185: 2.37569e-05
84186: 2.37566e-05
84187: 2.37564e-05
84188: 2.37561e-05
84189: 2.37558e-05
84190: 2.37555e-05
84191: 2.37552e-05
84192: 2.37549e-05
84193: 2.37547e-05
84194: 2.37544e-05
84195: 2.37541e-05
84196: 2.37538e-05
84197: 2.37535e-05
84198: 2.37533e-05
84199: 2.3753e-05
84200: 2.37527e-05
84201: 2.37524e-05
84202: 2.37521e-05
84203: 2.37518e-05
84204: 2.37516e-05
84205: 2.37513e-05
84206: 2.3751e-05
84207: 2.37507e-05
84208: 2.37504e-05
84209: 2.37501e-05
84210: 2.37499e-05
84211: 2.37496e-05
84212: 2.37493e-05
84213: 2.3749e-05
84214: 2.37487e-05
84215: 2.37485e-05
84216: 2.37482e-05
84217: 2.37479e-05
84218: 2.37476e-05
84219: 2.37473e-05
84220: 2.3747e-05
84221: 2.37468e-05
84222: 2.37465e-05
84223: 2.37462e-05
84224: 2.37459e-05
84225: 2.37456e-05
84226: 2.37454e-05
84227: 2.37451e-05
84228: 2.37448e-05
84229: 2.37445e-05
84230: 2.37442e-05
84231: 2.37439e-05
84232: 2.37437e-05
84233: 2.37434e-05
84234: 2.37431e-05
84235: 2.37428e-05
84236: 2.37425e-05
84237: 2.37423e-05
84238: 2.3742e-05
84239: 2.37417e-05
84240: 2.37414e-05
84241: 2.37411e-05
84242: 2.37408e-05
84243: 2.37406e-05
84244: 2.37403e-05
84245: 2.374e-05
84246: 2.37397e-05
84247: 2.37394e-05
84248: 2.37392e-05
84249: 2.37389e-05
84250: 2.37386e-05
84251: 2.37383e-05
84252: 2.3738e-05
84253: 2.37377e-05
84254: 2.37375e-05
84255: 2.37372e-05
84256: 2.37369e-05
84257: 2.37366e-05
84258: 2.37363e-05
84259: 2.37361e-05
84260: 2.37358e-05
84261: 2.37355e-05
84262: 2.37352e-05
84263: 2.37349e-05
84264: 2.37346e-05
84265: 2.37344e-05
84266: 2.37341e-05
84267: 2.37338e-05
84268: 2.37335e-05
84269: 2.37332e-05
84270: 2.3733e-05
84271: 2.37327e-05
84272: 2.37324e-05
84273: 2.37321e-05
84274: 2.37318e-05
84275: 2.37315e-05
84276: 2.37313e-05
84277: 2.3731e-05
84278: 2.37307e-05
84279: 2.37304e-05
84280: 2.37301e-05
84281: 2.37299e-05
84282: 2.37296e-05
84283: 2.37293e-05
84284: 2.3729e-05
84285: 2.37287e-05
84286: 2.37285e-05
84287: 2.37282e-05
84288: 2.37279e-05
84289: 2.37276e-05
84290: 2.37273e-05
84291: 2.3727e-05
84292: 2.37268e-05
84293: 2.37265e-05
84294: 2.37262e-05
84295: 2.37259e-05
84296: 2.37256e-05
84297: 2.37254e-05
84298: 2.37251e-05
84299: 2.37248e-05
84300: 2.37245e-05
84301: 2.37242e-05
84302: 2.37239e-05
84303: 2.37237e-05
84304: 2.37234e-05
84305: 2.37231e-05
84306: 2.37228e-05
84307: 2.37225e-05
84308: 2.37223e-05
84309: 2.3722e-05
84310: 2.37217e-05
84311: 2.37214e-05
84312: 2.37211e-05
84313: 2.37209e-05
84314: 2.37206e-05
84315: 2.37203e-05
84316: 2.372e-05
84317: 2.37197e-05
84318: 2.37194e-05
84319: 2.37192e-05
84320: 2.37189e-05
84321: 2.37186e-05
84322: 2.37183e-05
84323: 2.3718e-05
84324: 2.37178e-05
84325: 2.37175e-05
84326: 2.37172e-05
84327: 2.37169e-05
84328: 2.37166e-05
84329: 2.37164e-05
84330: 2.37161e-05
84331: 2.37158e-05
84332: 2.37155e-05
84333: 2.37152e-05
84334: 2.37149e-05
84335: 2.37147e-05
84336: 2.37144e-05
84337: 2.37141e-05
84338: 2.37138e-05
84339: 2.37135e-05
84340: 2.37133e-05
84341: 2.3713e-05
84342: 2.37127e-05
84343: 2.37124e-05
84344: 2.37121e-05
84345: 2.37119e-05
84346: 2.37116e-05
84347: 2.37113e-05
84348: 2.3711e-05
84349: 2.37107e-05
84350: 2.37104e-05
84351: 2.37102e-05
84352: 2.37099e-05
84353: 2.37096e-05
84354: 2.37093e-05
84355: 2.3709e-05
84356: 2.37088e-05
84357: 2.37085e-05
84358: 2.37082e-05
84359: 2.37079e-05
84360: 2.37076e-05
84361: 2.37074e-05
84362: 2.37071e-05
84363: 2.37068e-05
84364: 2.37065e-05
84365: 2.37062e-05
84366: 2.3706e-05
84367: 2.37057e-05
84368: 2.37054e-05
84369: 2.37051e-05
84370: 2.37048e-05
84371: 2.37045e-05
84372: 2.37043e-05
84373: 2.3704e-05
84374: 2.37037e-05
84375: 2.37034e-05
84376: 2.37031e-05
84377: 2.37029e-05
84378: 2.37026e-05
84379: 2.37023e-05
84380: 2.3702e-05
84381: 2.37017e-05
84382: 2.37015e-05
84383: 2.37012e-05
84384: 2.37009e-05
84385: 2.37006e-05
84386: 2.37003e-05
84387: 2.37001e-05
84388: 2.36998e-05
84389: 2.36995e-05
84390: 2.36992e-05
84391: 2.36989e-05
84392: 2.36986e-05
84393: 2.36984e-05
84394: 2.36981e-05
84395: 2.36978e-05
84396: 2.36975e-05
84397: 2.36972e-05
84398: 2.3697e-05
84399: 2.36967e-05
84400: 2.36964e-05
84401: 2.36961e-05
84402: 2.36958e-05
84403: 2.36956e-05
84404: 2.36953e-05
84405: 2.3695e-05
84406: 2.36947e-05
84407: 2.36944e-05
84408: 2.36942e-05
84409: 2.36939e-05
84410: 2.36936e-05
84411: 2.36933e-05
84412: 2.3693e-05
84413: 2.36928e-05
84414: 2.36925e-05
84415: 2.36922e-05
84416: 2.36919e-05
84417: 2.36916e-05
84418: 2.36913e-05
84419: 2.36911e-05
84420: 2.36908e-05
84421: 2.36905e-05
84422: 2.36902e-05
84423: 2.36899e-05
84424: 2.36897e-05
84425: 2.36894e-05
84426: 2.36891e-05
84427: 2.36888e-05
84428: 2.36885e-05
84429: 2.36883e-05
84430: 2.3688e-05
84431: 2.36877e-05
84432: 2.36874e-05
84433: 2.36871e-05
84434: 2.36869e-05
84435: 2.36866e-05
84436: 2.36863e-05
84437: 2.3686e-05
84438: 2.36857e-05
84439: 2.36855e-05
84440: 2.36852e-05
84441: 2.36849e-05
84442: 2.36846e-05
84443: 2.36843e-05
84444: 2.36841e-05
84445: 2.36838e-05
84446: 2.36835e-05
84447: 2.36832e-05
84448: 2.36829e-05
84449: 2.36827e-05
84450: 2.36824e-05
84451: 2.36821e-05
84452: 2.36818e-05
84453: 2.36815e-05
84454: 2.36813e-05
84455: 2.3681e-05
84456: 2.36807e-05
84457: 2.36804e-05
84458: 2.36801e-05
84459: 2.36798e-05
84460: 2.36796e-05
84461: 2.36793e-05
84462: 2.3679e-05
84463: 2.36787e-05
84464: 2.36784e-05
84465: 2.36782e-05
84466: 2.36779e-05
84467: 2.36776e-05
84468: 2.36773e-05
84469: 2.3677e-05
84470: 2.36768e-05
84471: 2.36765e-05
84472: 2.36762e-05
84473: 2.36759e-05
84474: 2.36756e-05
84475: 2.36754e-05
84476: 2.36751e-05
84477: 2.36748e-05
84478: 2.36745e-05
84479: 2.36742e-05
84480: 2.3674e-05
84481: 2.36737e-05
84482: 2.36734e-05
84483: 2.36731e-05
84484: 2.36728e-05
84485: 2.36726e-05
84486: 2.36723e-05
84487: 2.3672e-05
84488: 2.36717e-05
84489: 2.36714e-05
84490: 2.36712e-05
84491: 2.36709e-05
84492: 2.36706e-05
84493: 2.36703e-05
84494: 2.367e-05
84495: 2.36698e-05
84496: 2.36695e-05
84497: 2.36692e-05
84498: 2.36689e-05
84499: 2.36686e-05
84500: 2.36684e-05
84501: 2.36681e-05
84502: 2.36678e-05
84503: 2.36675e-05
84504: 2.36672e-05
84505: 2.3667e-05
84506: 2.36667e-05
84507: 2.36664e-05
84508: 2.36661e-05
84509: 2.36658e-05
84510: 2.36656e-05
84511: 2.36653e-05
84512: 2.3665e-05
84513: 2.36647e-05
84514: 2.36644e-05
84515: 2.36642e-05
84516: 2.36639e-05
84517: 2.36636e-05
84518: 2.36633e-05
84519: 2.3663e-05
84520: 2.36628e-05
84521: 2.36625e-05
84522: 2.36622e-05
84523: 2.36619e-05
84524: 2.36616e-05
84525: 2.36614e-05
84526: 2.36611e-05
84527: 2.36608e-05
84528: 2.36605e-05
84529: 2.36602e-05
84530: 2.366e-05
84531: 2.36597e-05
84532: 2.36594e-05
84533: 2.36591e-05
84534: 2.36588e-05
84535: 2.36586e-05
84536: 2.36583e-05
84537: 2.3658e-05
84538: 2.36577e-05
84539: 2.36574e-05
84540: 2.36572e-05
84541: 2.36569e-05
84542: 2.36566e-05
84543: 2.36563e-05
84544: 2.3656e-05
84545: 2.36558e-05
84546: 2.36555e-05
84547: 2.36552e-05
84548: 2.36549e-05
84549: 2.36546e-05
84550: 2.36544e-05
84551: 2.36541e-05
84552: 2.36538e-05
84553: 2.36535e-05
84554: 2.36532e-05
84555: 2.3653e-05
84556: 2.36527e-05
84557: 2.36524e-05
84558: 2.36521e-05
84559: 2.36518e-05
84560: 2.36516e-05
84561: 2.36513e-05
84562: 2.3651e-05
84563: 2.36507e-05
84564: 2.36504e-05
84565: 2.36502e-05
84566: 2.36499e-05
84567: 2.36496e-05
84568: 2.36493e-05
84569: 2.3649e-05
84570: 2.36488e-05
84571: 2.36485e-05
84572: 2.36482e-05
84573: 2.36479e-05
84574: 2.36477e-05
84575: 2.36474e-05
84576: 2.36471e-05
84577: 2.36468e-05
84578: 2.36465e-05
84579: 2.36463e-05
84580: 2.3646e-05
84581: 2.36457e-05
84582: 2.36454e-05
84583: 2.36451e-05
84584: 2.36449e-05
84585: 2.36446e-05
84586: 2.36443e-05
84587: 2.3644e-05
84588: 2.36437e-05
84589: 2.36435e-05
84590: 2.36432e-05
84591: 2.36429e-05
84592: 2.36426e-05
84593: 2.36423e-05
84594: 2.36421e-05
84595: 2.36418e-05
84596: 2.36415e-05
84597: 2.36412e-05
84598: 2.36409e-05
84599: 2.36407e-05
84600: 2.36404e-05
84601: 2.36401e-05
84602: 2.36398e-05
84603: 2.36395e-05
84604: 2.36393e-05
84605: 2.3639e-05
84606: 2.36387e-05
84607: 2.36384e-05
84608: 2.36381e-05
84609: 2.36379e-05
84610: 2.36376e-05
84611: 2.36373e-05
84612: 2.3637e-05
84613: 2.36368e-05
84614: 2.36365e-05
84615: 2.36362e-05
84616: 2.36359e-05
84617: 2.36356e-05
84618: 2.36354e-05
84619: 2.36351e-05
84620: 2.36348e-05
84621: 2.36345e-05
84622: 2.36342e-05
84623: 2.3634e-05
84624: 2.36337e-05
84625: 2.36334e-05
84626: 2.36331e-05
84627: 2.36328e-05
84628: 2.36326e-05
84629: 2.36323e-05
84630: 2.3632e-05
84631: 2.36317e-05
84632: 2.36314e-05
84633: 2.36312e-05
84634: 2.36309e-05
84635: 2.36306e-05
84636: 2.36303e-05
84637: 2.363e-05
84638: 2.36298e-05
84639: 2.36295e-05
84640: 2.36292e-05
84641: 2.36289e-05
84642: 2.36287e-05
84643: 2.36284e-05
84644: 2.36281e-05
84645: 2.36278e-05
84646: 2.36275e-05
84647: 2.36273e-05
84648: 2.3627e-05
84649: 2.36267e-05
84650: 2.36264e-05
84651: 2.36261e-05
84652: 2.36259e-05
84653: 2.36256e-05
84654: 2.36253e-05
84655: 2.3625e-05
84656: 2.36247e-05
84657: 2.36245e-05
84658: 2.36242e-05
84659: 2.36239e-05
84660: 2.36236e-05
84661: 2.36233e-05
84662: 2.36231e-05
84663: 2.36228e-05
84664: 2.36225e-05
84665: 2.36222e-05
84666: 2.3622e-05
84667: 2.36217e-05
84668: 2.36214e-05
84669: 2.36211e-05
84670: 2.36208e-05
84671: 2.36206e-05
84672: 2.36203e-05
84673: 2.362e-05
84674: 2.36197e-05
84675: 2.36194e-05
84676: 2.36192e-05
84677: 2.36189e-05
84678: 2.36186e-05
84679: 2.36183e-05
84680: 2.3618e-05
84681: 2.36178e-05
84682: 2.36175e-05
84683: 2.36172e-05
84684: 2.36169e-05
84685: 2.36167e-05
84686: 2.36164e-05
84687: 2.36161e-05
84688: 2.36158e-05
84689: 2.36155e-05
84690: 2.36153e-05
84691: 2.3615e-05
84692: 2.36147e-05
84693: 2.36144e-05
84694: 2.36141e-05
84695: 2.36139e-05
84696: 2.36136e-05
84697: 2.36133e-05
84698: 2.3613e-05
84699: 2.36128e-05
84700: 2.36125e-05
84701: 2.36122e-05
84702: 2.36119e-05
84703: 2.36116e-05
84704: 2.36114e-05
84705: 2.36111e-05
84706: 2.36108e-05
84707: 2.36105e-05
84708: 2.36102e-05
84709: 2.361e-05
84710: 2.36097e-05
84711: 2.36094e-05
84712: 2.36091e-05
84713: 2.36088e-05
84714: 2.36086e-05
84715: 2.36083e-05
84716: 2.3608e-05
84717: 2.36077e-05
84718: 2.36075e-05
84719: 2.36072e-05
84720: 2.36069e-05
84721: 2.36066e-05
84722: 2.36063e-05
84723: 2.36061e-05
84724: 2.36058e-05
84725: 2.36055e-05
84726: 2.36052e-05
84727: 2.36049e-05
84728: 2.36047e-05
84729: 2.36044e-05
84730: 2.36041e-05
84731: 2.36038e-05
84732: 2.36036e-05
84733: 2.36033e-05
84734: 2.3603e-05
84735: 2.36027e-05
84736: 2.36024e-05
84737: 2.36022e-05
84738: 2.36019e-05
84739: 2.36016e-05
84740: 2.36013e-05
84741: 2.3601e-05
84742: 2.36008e-05
84743: 2.36005e-05
84744: 2.36002e-05
84745: 2.35999e-05
84746: 2.35997e-05
84747: 2.35994e-05
84748: 2.35991e-05
84749: 2.35988e-05
84750: 2.35985e-05
84751: 2.35983e-05
84752: 2.3598e-05
84753: 2.35977e-05
84754: 2.35974e-05
84755: 2.35971e-05
84756: 2.35969e-05
84757: 2.35966e-05
84758: 2.35963e-05
84759: 2.3596e-05
84760: 2.35958e-05
84761: 2.35955e-05
84762: 2.35952e-05
84763: 2.35949e-05
84764: 2.35946e-05
84765: 2.35944e-05
84766: 2.35941e-05
84767: 2.35938e-05
84768: 2.35935e-05
84769: 2.35933e-05
84770: 2.3593e-05
84771: 2.35927e-05
84772: 2.35924e-05
84773: 2.35921e-05
84774: 2.35919e-05
84775: 2.35916e-05
84776: 2.35913e-05
84777: 2.3591e-05
84778: 2.35907e-05
84779: 2.35905e-05
84780: 2.35902e-05
84781: 2.35899e-05
84782: 2.35896e-05
84783: 2.35894e-05
84784: 2.35891e-05
84785: 2.35888e-05
84786: 2.35885e-05
84787: 2.35882e-05
84788: 2.3588e-05
84789: 2.35877e-05
84790: 2.35874e-05
84791: 2.35871e-05
84792: 2.35869e-05
84793: 2.35866e-05
84794: 2.35863e-05
84795: 2.3586e-05
84796: 2.35857e-05
84797: 2.35855e-05
84798: 2.35852e-05
84799: 2.35849e-05
84800: 2.35846e-05
84801: 2.35843e-05
84802: 2.35841e-05
84803: 2.35838e-05
84804: 2.35835e-05
84805: 2.35832e-05
84806: 2.3583e-05
84807: 2.35827e-05
84808: 2.35824e-05
84809: 2.35821e-05
84810: 2.35818e-05
84811: 2.35816e-05
84812: 2.35813e-05
84813: 2.3581e-05
84814: 2.35807e-05
84815: 2.35805e-05
84816: 2.35802e-05
84817: 2.35799e-05
84818: 2.35796e-05
84819: 2.35793e-05
84820: 2.35791e-05
84821: 2.35788e-05
84822: 2.35785e-05
84823: 2.35782e-05
84824: 2.3578e-05
84825: 2.35777e-05
84826: 2.35774e-05
84827: 2.35771e-05
84828: 2.35768e-05
84829: 2.35766e-05
84830: 2.35763e-05
84831: 2.3576e-05
84832: 2.35757e-05
84833: 2.35755e-05
84834: 2.35752e-05
84835: 2.35749e-05
84836: 2.35746e-05
84837: 2.35743e-05
84838: 2.35741e-05
84839: 2.35738e-05
84840: 2.35735e-05
84841: 2.35732e-05
84842: 2.3573e-05
84843: 2.35727e-05
84844: 2.35724e-05
84845: 2.35721e-05
84846: 2.35718e-05
84847: 2.35716e-05
84848: 2.35713e-05
84849: 2.3571e-05
84850: 2.35707e-05
84851: 2.35705e-05
84852: 2.35702e-05
84853: 2.35699e-05
84854: 2.35696e-05
84855: 2.35693e-05
84856: 2.35691e-05
84857: 2.35688e-05
84858: 2.35685e-05
84859: 2.35682e-05
84860: 2.3568e-05
84861: 2.35677e-05
84862: 2.35674e-05
84863: 2.35671e-05
84864: 2.35668e-05
84865: 2.35666e-05
84866: 2.35663e-05
84867: 2.3566e-05
84868: 2.35657e-05
84869: 2.35655e-05
84870: 2.35652e-05
84871: 2.35649e-05
84872: 2.35646e-05
84873: 2.35643e-05
84874: 2.35641e-05
84875: 2.35638e-05
84876: 2.35635e-05
84877: 2.35632e-05
84878: 2.3563e-05
84879: 2.35627e-05
84880: 2.35624e-05
84881: 2.35621e-05
84882: 2.35618e-05
84883: 2.35616e-05
84884: 2.35613e-05
84885: 2.3561e-05
84886: 2.35607e-05
84887: 2.35605e-05
84888: 2.35602e-05
84889: 2.35599e-05
84890: 2.35596e-05
84891: 2.35593e-05
84892: 2.35591e-05
84893: 2.35588e-05
84894: 2.35585e-05
84895: 2.35582e-05
84896: 2.3558e-05
84897: 2.35577e-05
84898: 2.35574e-05
84899: 2.35571e-05
84900: 2.35568e-05
84901: 2.35566e-05
84902: 2.35563e-05
84903: 2.3556e-05
84904: 2.35557e-05
84905: 2.35555e-05
84906: 2.35552e-05
84907: 2.35549e-05
84908: 2.35546e-05
84909: 2.35544e-05
84910: 2.35541e-05
84911: 2.35538e-05
84912: 2.35535e-05
84913: 2.35532e-05
84914: 2.3553e-05
84915: 2.35527e-05
84916: 2.35524e-05
84917: 2.35521e-05
84918: 2.35519e-05
84919: 2.35516e-05
84920: 2.35513e-05
84921: 2.3551e-05
84922: 2.35507e-05
84923: 2.35505e-05
84924: 2.35502e-05
84925: 2.35499e-05
84926: 2.35496e-05
84927: 2.35494e-05
84928: 2.35491e-05
84929: 2.35488e-05
84930: 2.35485e-05
84931: 2.35483e-05
84932: 2.3548e-05
84933: 2.35477e-05
84934: 2.35474e-05
84935: 2.35471e-05
84936: 2.35469e-05
84937: 2.35466e-05
84938: 2.35463e-05
84939: 2.3546e-05
84940: 2.35458e-05
84941: 2.35455e-05
84942: 2.35452e-05
84943: 2.35449e-05
84944: 2.35446e-05
84945: 2.35444e-05
84946: 2.35441e-05
84947: 2.35438e-05
84948: 2.35435e-05
84949: 2.35433e-05
84950: 2.3543e-05
84951: 2.35427e-05
84952: 2.35424e-05
84953: 2.35422e-05
84954: 2.35419e-05
84955: 2.35416e-05
84956: 2.35413e-05
84957: 2.3541e-05
84958: 2.35408e-05
84959: 2.35405e-05
84960: 2.35402e-05
84961: 2.35399e-05
84962: 2.35397e-05
84963: 2.35394e-05
84964: 2.35391e-05
84965: 2.35388e-05
84966: 2.35386e-05
84967: 2.35383e-05
84968: 2.3538e-05
84969: 2.35377e-05
84970: 2.35374e-05
84971: 2.35372e-05
84972: 2.35369e-05
84973: 2.35366e-05
84974: 2.35363e-05
84975: 2.35361e-05
84976: 2.35358e-05
84977: 2.35355e-05
84978: 2.35352e-05
84979: 2.35349e-05
84980: 2.35347e-05
84981: 2.35344e-05
84982: 2.35341e-05
84983: 2.35338e-05
84984: 2.35336e-05
84985: 2.35333e-05
84986: 2.3533e-05
84987: 2.35327e-05
84988: 2.35325e-05
84989: 2.35322e-05
84990: 2.35319e-05
84991: 2.35316e-05
84992: 2.35313e-05
84993: 2.35311e-05
84994: 2.35308e-05
84995: 2.35305e-05
84996: 2.35302e-05
84997: 2.353e-05
84998: 2.35297e-05
84999: 2.35294e-05
85000: 2.35291e-05
85001: 2.35289e-05
85002: 2.35286e-05
85003: 2.35283e-05
85004: 2.3528e-05
85005: 2.35278e-05
85006: 2.35275e-05
85007: 2.35272e-05
85008: 2.35269e-05
85009: 2.35266e-05
85010: 2.35264e-05
85011: 2.35261e-05
85012: 2.35258e-05
85013: 2.35255e-05
85014: 2.35253e-05
85015: 2.3525e-05
85016: 2.35247e-05
85017: 2.35244e-05
85018: 2.35242e-05
85019: 2.35239e-05
85020: 2.35236e-05
85021: 2.35233e-05
85022: 2.3523e-05
85023: 2.35228e-05
85024: 2.35225e-05
85025: 2.35222e-05
85026: 2.35219e-05
85027: 2.35217e-05
85028: 2.35214e-05
85029: 2.35211e-05
85030: 2.35208e-05
85031: 2.35206e-05
85032: 2.35203e-05
85033: 2.352e-05
85034: 2.35197e-05
85035: 2.35195e-05
85036: 2.35192e-05
85037: 2.35189e-05
85038: 2.35186e-05
85039: 2.35183e-05
85040: 2.35181e-05
85041: 2.35178e-05
85042: 2.35175e-05
85043: 2.35172e-05
85044: 2.3517e-05
85045: 2.35167e-05
85046: 2.35164e-05
85047: 2.35161e-05
85048: 2.35159e-05
85049: 2.35156e-05
85050: 2.35153e-05
85051: 2.3515e-05
85052: 2.35147e-05
85053: 2.35145e-05
85054: 2.35142e-05
85055: 2.35139e-05
85056: 2.35136e-05
85057: 2.35134e-05
85058: 2.35131e-05
85059: 2.35128e-05
85060: 2.35125e-05
85061: 2.35123e-05
85062: 2.3512e-05
85063: 2.35117e-05
85064: 2.35114e-05
85065: 2.35112e-05
85066: 2.35109e-05
85067: 2.35106e-05
85068: 2.35103e-05
85069: 2.35101e-05
85070: 2.35098e-05
85071: 2.35095e-05
85072: 2.35092e-05
85073: 2.35089e-05
85074: 2.35087e-05
85075: 2.35084e-05
85076: 2.35081e-05
85077: 2.35078e-05
85078: 2.35076e-05
85079: 2.35073e-05
85080: 2.3507e-05
85081: 2.35067e-05
85082: 2.35065e-05
85083: 2.35062e-05
85084: 2.35059e-05
85085: 2.35056e-05
85086: 2.35054e-05
85087: 2.35051e-05
85088: 2.35048e-05
85089: 2.35045e-05
85090: 2.35042e-05
85091: 2.3504e-05
85092: 2.35037e-05
85093: 2.35034e-05
85094: 2.35031e-05
85095: 2.35029e-05
85096: 2.35026e-05
85097: 2.35023e-05
85098: 2.3502e-05
85099: 2.35018e-05
85100: 2.35015e-05
85101: 2.35012e-05
85102: 2.35009e-05
85103: 2.35007e-05
85104: 2.35004e-05
85105: 2.35001e-05
85106: 2.34998e-05
85107: 2.34996e-05
85108: 2.34993e-05
85109: 2.3499e-05
85110: 2.34987e-05
85111: 2.34984e-05
85112: 2.34982e-05
85113: 2.34979e-05
85114: 2.34976e-05
85115: 2.34973e-05
85116: 2.34971e-05
85117: 2.34968e-05
85118: 2.34965e-05
85119: 2.34962e-05
85120: 2.3496e-05
85121: 2.34957e-05
85122: 2.34954e-05
85123: 2.34951e-05
85124: 2.34949e-05
85125: 2.34946e-05
85126: 2.34943e-05
85127: 2.3494e-05
85128: 2.34938e-05
85129: 2.34935e-05
85130: 2.34932e-05
85131: 2.34929e-05
85132: 2.34927e-05
85133: 2.34924e-05
85134: 2.34921e-05
85135: 2.34918e-05
85136: 2.34915e-05
85137: 2.34913e-05
85138: 2.3491e-05
85139: 2.34907e-05
85140: 2.34904e-05
85141: 2.34902e-05
85142: 2.34899e-05
85143: 2.34896e-05
85144: 2.34893e-05
85145: 2.34891e-05
85146: 2.34888e-05
85147: 2.34885e-05
85148: 2.34882e-05
85149: 2.3488e-05
85150: 2.34877e-05
85151: 2.34874e-05
85152: 2.34871e-05
85153: 2.34869e-05
85154: 2.34866e-05
85155: 2.34863e-05
85156: 2.3486e-05
85157: 2.34858e-05
85158: 2.34855e-05
85159: 2.34852e-05
85160: 2.34849e-05
85161: 2.34847e-05
85162: 2.34844e-05
85163: 2.34841e-05
85164: 2.34838e-05
85165: 2.34835e-05
85166: 2.34833e-05
85167: 2.3483e-05
85168: 2.34827e-05
85169: 2.34824e-05
85170: 2.34822e-05
85171: 2.34819e-05
85172: 2.34816e-05
85173: 2.34813e-05
85174: 2.34811e-05
85175: 2.34808e-05
85176: 2.34805e-05
85177: 2.34802e-05
85178: 2.348e-05
85179: 2.34797e-05
85180: 2.34794e-05
85181: 2.34791e-05
85182: 2.34789e-05
85183: 2.34786e-05
85184: 2.34783e-05
85185: 2.3478e-05
85186: 2.34778e-05
85187: 2.34775e-05
85188: 2.34772e-05
85189: 2.34769e-05
85190: 2.34767e-05
85191: 2.34764e-05
85192: 2.34761e-05
85193: 2.34758e-05
85194: 2.34756e-05
85195: 2.34753e-05
85196: 2.3475e-05
85197: 2.34747e-05
85198: 2.34745e-05
85199: 2.34742e-05
85200: 2.34739e-05
85201: 2.34736e-05
85202: 2.34734e-05
85203: 2.34731e-05
85204: 2.34728e-05
85205: 2.34725e-05
85206: 2.34722e-05
85207: 2.3472e-05
85208: 2.34717e-05
85209: 2.34714e-05
85210: 2.34711e-05
85211: 2.34709e-05
85212: 2.34706e-05
85213: 2.34703e-05
85214: 2.347e-05
85215: 2.34698e-05
85216: 2.34695e-05
85217: 2.34692e-05
85218: 2.34689e-05
85219: 2.34687e-05
85220: 2.34684e-05
85221: 2.34681e-05
85222: 2.34678e-05
85223: 2.34676e-05
85224: 2.34673e-05
85225: 2.3467e-05
85226: 2.34667e-05
85227: 2.34665e-05
85228: 2.34662e-05
85229: 2.34659e-05
85230: 2.34656e-05
85231: 2.34654e-05
85232: 2.34651e-05
85233: 2.34648e-05
85234: 2.34645e-05
85235: 2.34643e-05
85236: 2.3464e-05
85237: 2.34637e-05
85238: 2.34634e-05
85239: 2.34632e-05
85240: 2.34629e-05
85241: 2.34626e-05
85242: 2.34623e-05
85243: 2.34621e-05
85244: 2.34618e-05
85245: 2.34615e-05
85246: 2.34612e-05
85247: 2.3461e-05
85248: 2.34607e-05
85249: 2.34604e-05
85250: 2.34601e-05
85251: 2.34599e-05
85252: 2.34596e-05
85253: 2.34593e-05
85254: 2.3459e-05
85255: 2.34588e-05
85256: 2.34585e-05
85257: 2.34582e-05
85258: 2.34579e-05
85259: 2.34577e-05
85260: 2.34574e-05
85261: 2.34571e-05
85262: 2.34568e-05
85263: 2.34566e-05
85264: 2.34563e-05
85265: 2.3456e-05
85266: 2.34557e-05
85267: 2.34555e-05
85268: 2.34552e-05
85269: 2.34549e-05
85270: 2.34546e-05
85271: 2.34544e-05
85272: 2.34541e-05
85273: 2.34538e-05
85274: 2.34535e-05
85275: 2.34533e-05
85276: 2.3453e-05
85277: 2.34527e-05
85278: 2.34524e-05
85279: 2.34522e-05
85280: 2.34519e-05
85281: 2.34516e-05
85282: 2.34513e-05
85283: 2.34511e-05
85284: 2.34508e-05
85285: 2.34505e-05
85286: 2.34502e-05
85287: 2.345e-05
85288: 2.34497e-05
85289: 2.34494e-05
85290: 2.34491e-05
85291: 2.34489e-05
85292: 2.34486e-05
85293: 2.34483e-05
85294: 2.3448e-05
85295: 2.34478e-05
85296: 2.34475e-05
85297: 2.34472e-05
85298: 2.34469e-05
85299: 2.34467e-05
85300: 2.34464e-05
85301: 2.34461e-05
85302: 2.34458e-05
85303: 2.34456e-05
85304: 2.34453e-05
85305: 2.3445e-05
85306: 2.34447e-05
85307: 2.34445e-05
85308: 2.34442e-05
85309: 2.34439e-05
85310: 2.34436e-05
85311: 2.34434e-05
85312: 2.34431e-05
85313: 2.34428e-05
85314: 2.34425e-05
85315: 2.34423e-05
85316: 2.3442e-05
85317: 2.34417e-05
85318: 2.34414e-05
85319: 2.34412e-05
85320: 2.34409e-05
85321: 2.34406e-05
85322: 2.34403e-05
85323: 2.34401e-05
85324: 2.34398e-05
85325: 2.34395e-05
85326: 2.34392e-05
85327: 2.3439e-05
85328: 2.34387e-05
85329: 2.34384e-05
85330: 2.34381e-05
85331: 2.34379e-05
85332: 2.34376e-05
85333: 2.34373e-05
85334: 2.3437e-05
85335: 2.34368e-05
85336: 2.34365e-05
85337: 2.34362e-05
85338: 2.34359e-05
85339: 2.34357e-05
85340: 2.34354e-05
85341: 2.34351e-05
85342: 2.34348e-05
85343: 2.34346e-05
85344: 2.34343e-05
85345: 2.3434e-05
85346: 2.34337e-05
85347: 2.34335e-05
85348: 2.34332e-05
85349: 2.34329e-05
85350: 2.34326e-05
85351: 2.34324e-05
85352: 2.34321e-05
85353: 2.34318e-05
85354: 2.34316e-05
85355: 2.34313e-05
85356: 2.3431e-05
85357: 2.34307e-05
85358: 2.34305e-05
85359: 2.34302e-05
85360: 2.34299e-05
85361: 2.34296e-05
85362: 2.34294e-05
85363: 2.34291e-05
85364: 2.34288e-05
85365: 2.34285e-05
85366: 2.34283e-05
85367: 2.3428e-05
85368: 2.34277e-05
85369: 2.34274e-05
85370: 2.34272e-05
85371: 2.34269e-05
85372: 2.34266e-05
85373: 2.34263e-05
85374: 2.34261e-05
85375: 2.34258e-05
85376: 2.34255e-05
85377: 2.34252e-05
85378: 2.3425e-05
85379: 2.34247e-05
85380: 2.34244e-05
85381: 2.34241e-05
85382: 2.34239e-05
85383: 2.34236e-05
85384: 2.34233e-05
85385: 2.3423e-05
85386: 2.34228e-05
85387: 2.34225e-05
85388: 2.34222e-05
85389: 2.34219e-05
85390: 2.34217e-05
85391: 2.34214e-05
85392: 2.34211e-05
85393: 2.34208e-05
85394: 2.34206e-05
85395: 2.34203e-05
85396: 2.342e-05
85397: 2.34198e-05
85398: 2.34195e-05
85399: 2.34192e-05
85400: 2.34189e-05
85401: 2.34187e-05
85402: 2.34184e-05
85403: 2.34181e-05
85404: 2.34178e-05
85405: 2.34176e-05
85406: 2.34173e-05
85407: 2.3417e-05
85408: 2.34167e-05
85409: 2.34165e-05
85410: 2.34162e-05
85411: 2.34159e-05
85412: 2.34156e-05
85413: 2.34154e-05
85414: 2.34151e-05
85415: 2.34148e-05
85416: 2.34145e-05
85417: 2.34143e-05
85418: 2.3414e-05
85419: 2.34137e-05
85420: 2.34134e-05
85421: 2.34132e-05
85422: 2.34129e-05
85423: 2.34126e-05
85424: 2.34124e-05
85425: 2.34121e-05
85426: 2.34118e-05
85427: 2.34115e-05
85428: 2.34113e-05
85429: 2.3411e-05
85430: 2.34107e-05
85431: 2.34104e-05
85432: 2.34102e-05
85433: 2.34099e-05
85434: 2.34096e-05
85435: 2.34093e-05
85436: 2.34091e-05
85437: 2.34088e-05
85438: 2.34085e-05
85439: 2.34082e-05
85440: 2.3408e-05
85441: 2.34077e-05
85442: 2.34074e-05
85443: 2.34071e-05
85444: 2.34069e-05
85445: 2.34066e-05
85446: 2.34063e-05
85447: 2.3406e-05
85448: 2.34058e-05
85449: 2.34055e-05
85450: 2.34052e-05
85451: 2.3405e-05
85452: 2.34047e-05
85453: 2.34044e-05
85454: 2.34041e-05
85455: 2.34039e-05
85456: 2.34036e-05
85457: 2.34033e-05
85458: 2.3403e-05
85459: 2.34028e-05
85460: 2.34025e-05
85461: 2.34022e-05
85462: 2.34019e-05
85463: 2.34017e-05
85464: 2.34014e-05
85465: 2.34011e-05
85466: 2.34008e-05
85467: 2.34006e-05
85468: 2.34003e-05
85469: 2.34e-05
85470: 2.33997e-05
85471: 2.33995e-05
85472: 2.33992e-05
85473: 2.33989e-05
85474: 2.33987e-05
85475: 2.33984e-05
85476: 2.33981e-05
85477: 2.33978e-05
85478: 2.33976e-05
85479: 2.33973e-05
85480: 2.3397e-05
85481: 2.33967e-05
85482: 2.33965e-05
85483: 2.33962e-05
85484: 2.33959e-05
85485: 2.33956e-05
85486: 2.33954e-05
85487: 2.33951e-05
85488: 2.33948e-05
85489: 2.33945e-05
85490: 2.33943e-05
85491: 2.3394e-05
85492: 2.33937e-05
85493: 2.33935e-05
85494: 2.33932e-05
85495: 2.33929e-05
85496: 2.33926e-05
85497: 2.33924e-05
85498: 2.33921e-05
85499: 2.33918e-05
85500: 2.33915e-05
85501: 2.33913e-05
85502: 2.3391e-05
85503: 2.33907e-05
85504: 2.33904e-05
85505: 2.33902e-05
85506: 2.33899e-05
85507: 2.33896e-05
85508: 2.33894e-05
85509: 2.33891e-05
85510: 2.33888e-05
85511: 2.33885e-05
85512: 2.33883e-05
85513: 2.3388e-05
85514: 2.33877e-05
85515: 2.33874e-05
85516: 2.33872e-05
85517: 2.33869e-05
85518: 2.33866e-05
85519: 2.33863e-05
85520: 2.33861e-05
85521: 2.33858e-05
85522: 2.33855e-05
85523: 2.33852e-05
85524: 2.3385e-05
85525: 2.33847e-05
85526: 2.33844e-05
85527: 2.33842e-05
85528: 2.33839e-05
85529: 2.33836e-05
85530: 2.33833e-05
85531: 2.33831e-05
85532: 2.33828e-05
85533: 2.33825e-05
85534: 2.33822e-05
85535: 2.3382e-05
85536: 2.33817e-05
85537: 2.33814e-05
85538: 2.33811e-05
85539: 2.33809e-05
85540: 2.33806e-05
85541: 2.33803e-05
85542: 2.33801e-05
85543: 2.33798e-05
85544: 2.33795e-05
85545: 2.33792e-05
85546: 2.3379e-05
85547: 2.33787e-05
85548: 2.33784e-05
85549: 2.33781e-05
85550: 2.33779e-05
85551: 2.33776e-05
85552: 2.33773e-05
85553: 2.3377e-05
85554: 2.33768e-05
85555: 2.33765e-05
85556: 2.33762e-05
85557: 2.3376e-05
85558: 2.33757e-05
85559: 2.33754e-05
85560: 2.33751e-05
85561: 2.33749e-05
85562: 2.33746e-05
85563: 2.33743e-05
85564: 2.3374e-05
85565: 2.33738e-05
85566: 2.33735e-05
85567: 2.33732e-05
85568: 2.3373e-05
85569: 2.33727e-05
85570: 2.33724e-05
85571: 2.33721e-05
85572: 2.33719e-05
85573: 2.33716e-05
85574: 2.33713e-05
85575: 2.3371e-05
85576: 2.33708e-05
85577: 2.33705e-05
85578: 2.33702e-05
85579: 2.33699e-05
85580: 2.33697e-05
85581: 2.33694e-05
85582: 2.33691e-05
85583: 2.33689e-05
85584: 2.33686e-05
85585: 2.33683e-05
85586: 2.3368e-05
85587: 2.33678e-05
85588: 2.33675e-05
85589: 2.33672e-05
85590: 2.33669e-05
85591: 2.33667e-05
85592: 2.33664e-05
85593: 2.33661e-05
85594: 2.33659e-05
85595: 2.33656e-05
85596: 2.33653e-05
85597: 2.3365e-05
85598: 2.33648e-05
85599: 2.33645e-05
85600: 2.33642e-05
85601: 2.33639e-05
85602: 2.33637e-05
85603: 2.33634e-05
85604: 2.33631e-05
85605: 2.33628e-05
85606: 2.33626e-05
85607: 2.33623e-05
85608: 2.3362e-05
85609: 2.33618e-05
85610: 2.33615e-05
85611: 2.33612e-05
85612: 2.33609e-05
85613: 2.33607e-05
85614: 2.33604e-05
85615: 2.33601e-05
85616: 2.33598e-05
85617: 2.33596e-05
85618: 2.33593e-05
85619: 2.3359e-05
85620: 2.33588e-05
85621: 2.33585e-05
85622: 2.33582e-05
85623: 2.33579e-05
85624: 2.33577e-05
85625: 2.33574e-05
85626: 2.33571e-05
85627: 2.33568e-05
85628: 2.33566e-05
85629: 2.33563e-05
85630: 2.3356e-05
85631: 2.33558e-05
85632: 2.33555e-05
85633: 2.33552e-05
85634: 2.33549e-05
85635: 2.33547e-05
85636: 2.33544e-05
85637: 2.33541e-05
85638: 2.33538e-05
85639: 2.33536e-05
85640: 2.33533e-05
85641: 2.3353e-05
85642: 2.33528e-05
85643: 2.33525e-05
85644: 2.33522e-05
85645: 2.33519e-05
85646: 2.33517e-05
85647: 2.33514e-05
85648: 2.33511e-05
85649: 2.33508e-05
85650: 2.33506e-05
85651: 2.33503e-05
85652: 2.335e-05
85653: 2.33498e-05
85654: 2.33495e-05
85655: 2.33492e-05
85656: 2.33489e-05
85657: 2.33487e-05
85658: 2.33484e-05
85659: 2.33481e-05
85660: 2.33478e-05
85661: 2.33476e-05
85662: 2.33473e-05
85663: 2.3347e-05
85664: 2.33468e-05
85665: 2.33465e-05
85666: 2.33462e-05
85667: 2.33459e-05
85668: 2.33457e-05
85669: 2.33454e-05
85670: 2.33451e-05
85671: 2.33449e-05
85672: 2.33446e-05
85673: 2.33443e-05
85674: 2.3344e-05
85675: 2.33438e-05
85676: 2.33435e-05
85677: 2.33432e-05
85678: 2.33429e-05
85679: 2.33427e-05
85680: 2.33424e-05
85681: 2.33421e-05
85682: 2.33419e-05
85683: 2.33416e-05
85684: 2.33413e-05
85685: 2.3341e-05
85686: 2.33408e-05
85687: 2.33405e-05
85688: 2.33402e-05
85689: 2.33399e-05
85690: 2.33397e-05
85691: 2.33394e-05
85692: 2.33391e-05
85693: 2.33389e-05
85694: 2.33386e-05
85695: 2.33383e-05
85696: 2.3338e-05
85697: 2.33378e-05
85698: 2.33375e-05
85699: 2.33372e-05
85700: 2.3337e-05
85701: 2.33367e-05
85702: 2.33364e-05
85703: 2.33361e-05
85704: 2.33359e-05
85705: 2.33356e-05
85706: 2.33353e-05
85707: 2.3335e-05
85708: 2.33348e-05
85709: 2.33345e-05
85710: 2.33342e-05
85711: 2.3334e-05
85712: 2.33337e-05
85713: 2.33334e-05
85714: 2.33331e-05
85715: 2.33329e-05
85716: 2.33326e-05
85717: 2.33323e-05
85718: 2.33321e-05
85719: 2.33318e-05
85720: 2.33315e-05
85721: 2.33312e-05
85722: 2.3331e-05
85723: 2.33307e-05
85724: 2.33304e-05
85725: 2.33301e-05
85726: 2.33299e-05
85727: 2.33296e-05
85728: 2.33293e-05
85729: 2.33291e-05
85730: 2.33288e-05
85731: 2.33285e-05
85732: 2.33282e-05
85733: 2.3328e-05
85734: 2.33277e-05
85735: 2.33274e-05
85736: 2.33272e-05
85737: 2.33269e-05
85738: 2.33266e-05
85739: 2.33263e-05
85740: 2.33261e-05
85741: 2.33258e-05
85742: 2.33255e-05
85743: 2.33252e-05
85744: 2.3325e-05
85745: 2.33247e-05
85746: 2.33244e-05
85747: 2.33242e-05
85748: 2.33239e-05
85749: 2.33236e-05
85750: 2.33233e-05
85751: 2.33231e-05
85752: 2.33228e-05
85753: 2.33225e-05
85754: 2.33223e-05
85755: 2.3322e-05
85756: 2.33217e-05
85757: 2.33214e-05
85758: 2.33212e-05
85759: 2.33209e-05
85760: 2.33206e-05
85761: 2.33204e-05
85762: 2.33201e-05
85763: 2.33198e-05
85764: 2.33195e-05
85765: 2.33193e-05
85766: 2.3319e-05
85767: 2.33187e-05
85768: 2.33184e-05
85769: 2.33182e-05
85770: 2.33179e-05
85771: 2.33176e-05
85772: 2.33174e-05
85773: 2.33171e-05
85774: 2.33168e-05
85775: 2.33165e-05
85776: 2.33163e-05
85777: 2.3316e-05
85778: 2.33157e-05
85779: 2.33155e-05
85780: 2.33152e-05
85781: 2.33149e-05
85782: 2.33146e-05
85783: 2.33144e-05
85784: 2.33141e-05
85785: 2.33138e-05
85786: 2.33136e-05
85787: 2.33133e-05
85788: 2.3313e-05
85789: 2.33127e-05
85790: 2.33125e-05
85791: 2.33122e-05
85792: 2.33119e-05
85793: 2.33117e-05
85794: 2.33114e-05
85795: 2.33111e-05
85796: 2.33108e-05
85797: 2.33106e-05
85798: 2.33103e-05
85799: 2.331e-05
85800: 2.33098e-05
85801: 2.33095e-05
85802: 2.33092e-05
85803: 2.33089e-05
85804: 2.33087e-05
85805: 2.33084e-05
85806: 2.33081e-05
85807: 2.33079e-05
85808: 2.33076e-05
85809: 2.33073e-05
85810: 2.3307e-05
85811: 2.33068e-05
85812: 2.33065e-05
85813: 2.33062e-05
85814: 2.33059e-05
85815: 2.33057e-05
85816: 2.33054e-05
85817: 2.33051e-05
85818: 2.33049e-05
85819: 2.33046e-05
85820: 2.33043e-05
85821: 2.3304e-05
85822: 2.33038e-05
85823: 2.33035e-05
85824: 2.33032e-05
85825: 2.3303e-05
85826: 2.33027e-05
85827: 2.33024e-05
85828: 2.33021e-05
85829: 2.33019e-05
85830: 2.33016e-05
85831: 2.33013e-05
85832: 2.33011e-05
85833: 2.33008e-05
85834: 2.33005e-05
85835: 2.33002e-05
85836: 2.33e-05
85837: 2.32997e-05
85838: 2.32994e-05
85839: 2.32992e-05
85840: 2.32989e-05
85841: 2.32986e-05
85842: 2.32983e-05
85843: 2.32981e-05
85844: 2.32978e-05
85845: 2.32975e-05
85846: 2.32973e-05
85847: 2.3297e-05
85848: 2.32967e-05
85849: 2.32964e-05
85850: 2.32962e-05
85851: 2.32959e-05
85852: 2.32956e-05
85853: 2.32954e-05
85854: 2.32951e-05
85855: 2.32948e-05
85856: 2.32945e-05
85857: 2.32943e-05
85858: 2.3294e-05
85859: 2.32937e-05
85860: 2.32935e-05
85861: 2.32932e-05
85862: 2.32929e-05
85863: 2.32926e-05
85864: 2.32924e-05
85865: 2.32921e-05
85866: 2.32918e-05
85867: 2.32916e-05
85868: 2.32913e-05
85869: 2.3291e-05
85870: 2.32908e-05
85871: 2.32905e-05
85872: 2.32902e-05
85873: 2.32899e-05
85874: 2.32897e-05
85875: 2.32894e-05
85876: 2.32891e-05
85877: 2.32889e-05
85878: 2.32886e-05
85879: 2.32883e-05
85880: 2.3288e-05
85881: 2.32878e-05
85882: 2.32875e-05
85883: 2.32872e-05
85884: 2.3287e-05
85885: 2.32867e-05
85886: 2.32864e-05
85887: 2.32861e-05
85888: 2.32859e-05
85889: 2.32856e-05
85890: 2.32853e-05
85891: 2.32851e-05
85892: 2.32848e-05
85893: 2.32845e-05
85894: 2.32842e-05
85895: 2.3284e-05
85896: 2.32837e-05
85897: 2.32834e-05
85898: 2.32832e-05
85899: 2.32829e-05
85900: 2.32826e-05
85901: 2.32823e-05
85902: 2.32821e-05
85903: 2.32818e-05
85904: 2.32815e-05
85905: 2.32813e-05
85906: 2.3281e-05
85907: 2.32807e-05
85908: 2.32804e-05
85909: 2.32802e-05
85910: 2.32799e-05
85911: 2.32796e-05
85912: 2.32794e-05
85913: 2.32791e-05
85914: 2.32788e-05
85915: 2.32786e-05
85916: 2.32783e-05
85917: 2.3278e-05
85918: 2.32777e-05
85919: 2.32775e-05
85920: 2.32772e-05
85921: 2.32769e-05
85922: 2.32767e-05
85923: 2.32764e-05
85924: 2.32761e-05
85925: 2.32758e-05
85926: 2.32756e-05
85927: 2.32753e-05
85928: 2.3275e-05
85929: 2.32748e-05
85930: 2.32745e-05
85931: 2.32742e-05
85932: 2.32739e-05
85933: 2.32737e-05
85934: 2.32734e-05
85935: 2.32731e-05
85936: 2.32729e-05
85937: 2.32726e-05
85938: 2.32723e-05
85939: 2.32721e-05
85940: 2.32718e-05
85941: 2.32715e-05
85942: 2.32712e-05
85943: 2.3271e-05
85944: 2.32707e-05
85945: 2.32704e-05
85946: 2.32702e-05
85947: 2.32699e-05
85948: 2.32696e-05
85949: 2.32693e-05
85950: 2.32691e-05
85951: 2.32688e-05
85952: 2.32685e-05
85953: 2.32683e-05
85954: 2.3268e-05
85955: 2.32677e-05
85956: 2.32674e-05
85957: 2.32672e-05
85958: 2.32669e-05
85959: 2.32666e-05
85960: 2.32664e-05
85961: 2.32661e-05
85962: 2.32658e-05
85963: 2.32656e-05
85964: 2.32653e-05
85965: 2.3265e-05
85966: 2.32647e-05
85967: 2.32645e-05
85968: 2.32642e-05
85969: 2.32639e-05
85970: 2.32637e-05
85971: 2.32634e-05
85972: 2.32631e-05
85973: 2.32628e-05
85974: 2.32626e-05
85975: 2.32623e-05
85976: 2.3262e-05
85977: 2.32618e-05
85978: 2.32615e-05
85979: 2.32612e-05
85980: 2.3261e-05
85981: 2.32607e-05
85982: 2.32604e-05
85983: 2.32601e-05
85984: 2.32599e-05
85985: 2.32596e-05
85986: 2.32593e-05
85987: 2.32591e-05
85988: 2.32588e-05
85989: 2.32585e-05
85990: 2.32582e-05
85991: 2.3258e-05
85992: 2.32577e-05
85993: 2.32574e-05
85994: 2.32572e-05
85995: 2.32569e-05
85996: 2.32566e-05
85997: 2.32564e-05
85998: 2.32561e-05
85999: 2.32558e-05
86000: 2.32555e-05
86001: 2.32553e-05
86002: 2.3255e-05
86003: 2.32547e-05
86004: 2.32545e-05
86005: 2.32542e-05
86006: 2.32539e-05
86007: 2.32537e-05
86008: 2.32534e-05
86009: 2.32531e-05
86010: 2.32528e-05
86011: 2.32526e-05
86012: 2.32523e-05
86013: 2.3252e-05
86014: 2.32518e-05
86015: 2.32515e-05
86016: 2.32512e-05
86017: 2.32509e-05
86018: 2.32507e-05
86019: 2.32504e-05
86020: 2.32501e-05
86021: 2.32499e-05
86022: 2.32496e-05
86023: 2.32493e-05
86024: 2.32491e-05
86025: 2.32488e-05
86026: 2.32485e-05
86027: 2.32482e-05
86028: 2.3248e-05
86029: 2.32477e-05
86030: 2.32474e-05
86031: 2.32472e-05
86032: 2.32469e-05
86033: 2.32466e-05
86034: 2.32464e-05
86035: 2.32461e-05
86036: 2.32458e-05
86037: 2.32455e-05
86038: 2.32453e-05
86039: 2.3245e-05
86040: 2.32447e-05
86041: 2.32445e-05
86042: 2.32442e-05
86043: 2.32439e-05
86044: 2.32437e-05
86045: 2.32434e-05
86046: 2.32431e-05
86047: 2.32428e-05
86048: 2.32426e-05
86049: 2.32423e-05
86050: 2.3242e-05
86051: 2.32418e-05
86052: 2.32415e-05
86053: 2.32412e-05
86054: 2.3241e-05
86055: 2.32407e-05
86056: 2.32404e-05
86057: 2.32401e-05
86058: 2.32399e-05
86059: 2.32396e-05
86060: 2.32393e-05
86061: 2.32391e-05
86062: 2.32388e-05
86063: 2.32385e-05
86064: 2.32383e-05
86065: 2.3238e-05
86066: 2.32377e-05
86067: 2.32374e-05
86068: 2.32372e-05
86069: 2.32369e-05
86070: 2.32366e-05
86071: 2.32364e-05
86072: 2.32361e-05
86073: 2.32358e-05
86074: 2.32356e-05
86075: 2.32353e-05
86076: 2.3235e-05
86077: 2.32347e-05
86078: 2.32345e-05
86079: 2.32342e-05
86080: 2.32339e-05
86081: 2.32337e-05
86082: 2.32334e-05
86083: 2.32331e-05
86084: 2.32329e-05
86085: 2.32326e-05
86086: 2.32323e-05
86087: 2.3232e-05
86088: 2.32318e-05
86089: 2.32315e-05
86090: 2.32312e-05
86091: 2.3231e-05
86092: 2.32307e-05
86093: 2.32304e-05
86094: 2.32302e-05
86095: 2.32299e-05
86096: 2.32296e-05
86097: 2.32293e-05
86098: 2.32291e-05
86099: 2.32288e-05
86100: 2.32285e-05
86101: 2.32283e-05
86102: 2.3228e-05
86103: 2.32277e-05
86104: 2.32275e-05
86105: 2.32272e-05
86106: 2.32269e-05
86107: 2.32266e-05
86108: 2.32264e-05
86109: 2.32261e-05
86110: 2.32258e-05
86111: 2.32256e-05
86112: 2.32253e-05
86113: 2.3225e-05
86114: 2.32248e-05
86115: 2.32245e-05
86116: 2.32242e-05
86117: 2.32239e-05
86118: 2.32237e-05
86119: 2.32234e-05
86120: 2.32231e-05
86121: 2.32229e-05
86122: 2.32226e-05
86123: 2.32223e-05
86124: 2.32221e-05
86125: 2.32218e-05
86126: 2.32215e-05
86127: 2.32213e-05
86128: 2.3221e-05
86129: 2.32207e-05
86130: 2.32204e-05
86131: 2.32202e-05
86132: 2.32199e-05
86133: 2.32196e-05
86134: 2.32194e-05
86135: 2.32191e-05
86136: 2.32188e-05
86137: 2.32186e-05
86138: 2.32183e-05
86139: 2.3218e-05
86140: 2.32177e-05
86141: 2.32175e-05
86142: 2.32172e-05
86143: 2.32169e-05
86144: 2.32167e-05
86145: 2.32164e-05
86146: 2.32161e-05
86147: 2.32159e-05
86148: 2.32156e-05
86149: 2.32153e-05
86150: 2.32151e-05
86151: 2.32148e-05
86152: 2.32145e-05
86153: 2.32142e-05
86154: 2.3214e-05
86155: 2.32137e-05
86156: 2.32134e-05
86157: 2.32132e-05
86158: 2.32129e-05
86159: 2.32126e-05
86160: 2.32124e-05
86161: 2.32121e-05
86162: 2.32118e-05
86163: 2.32116e-05
86164: 2.32113e-05
86165: 2.3211e-05
86166: 2.32107e-05
86167: 2.32105e-05
86168: 2.32102e-05
86169: 2.32099e-05
86170: 2.32097e-05
86171: 2.32094e-05
86172: 2.32091e-05
86173: 2.32089e-05
86174: 2.32086e-05
86175: 2.32083e-05
86176: 2.3208e-05
86177: 2.32078e-05
86178: 2.32075e-05
86179: 2.32072e-05
86180: 2.3207e-05
86181: 2.32067e-05
86182: 2.32064e-05
86183: 2.32062e-05
86184: 2.32059e-05
86185: 2.32056e-05
86186: 2.32054e-05
86187: 2.32051e-05
86188: 2.32048e-05
86189: 2.32045e-05
86190: 2.32043e-05
86191: 2.3204e-05
86192: 2.32037e-05
86193: 2.32035e-05
86194: 2.32032e-05
86195: 2.32029e-05
86196: 2.32027e-05
86197: 2.32024e-05
86198: 2.32021e-05
86199: 2.32019e-05
86200: 2.32016e-05
86201: 2.32013e-05
86202: 2.3201e-05
86203: 2.32008e-05
86204: 2.32005e-05
86205: 2.32002e-05
86206: 2.32e-05
86207: 2.31997e-05
86208: 2.31994e-05
86209: 2.31992e-05
86210: 2.31989e-05
86211: 2.31986e-05
86212: 2.31984e-05
86213: 2.31981e-05
86214: 2.31978e-05
86215: 2.31976e-05
86216: 2.31973e-05
86217: 2.3197e-05
86218: 2.31967e-05
86219: 2.31965e-05
86220: 2.31962e-05
86221: 2.31959e-05
86222: 2.31957e-05
86223: 2.31954e-05
86224: 2.31951e-05
86225: 2.31949e-05
86226: 2.31946e-05
86227: 2.31943e-05
86228: 2.31941e-05
86229: 2.31938e-05
86230: 2.31935e-05
86231: 2.31932e-05
86232: 2.3193e-05
86233: 2.31927e-05
86234: 2.31924e-05
86235: 2.31922e-05
86236: 2.31919e-05
86237: 2.31916e-05
86238: 2.31914e-05
86239: 2.31911e-05
86240: 2.31908e-05
86241: 2.31906e-05
86242: 2.31903e-05
86243: 2.319e-05
86244: 2.31898e-05
86245: 2.31895e-05
86246: 2.31892e-05
86247: 2.31889e-05
86248: 2.31887e-05
86249: 2.31884e-05
86250: 2.31881e-05
86251: 2.31879e-05
86252: 2.31876e-05
86253: 2.31873e-05
86254: 2.31871e-05
86255: 2.31868e-05
86256: 2.31865e-05
86257: 2.31863e-05
86258: 2.3186e-05
86259: 2.31857e-05
86260: 2.31854e-05
86261: 2.31852e-05
86262: 2.31849e-05
86263: 2.31846e-05
86264: 2.31844e-05
86265: 2.31841e-05
86266: 2.31838e-05
86267: 2.31836e-05
86268: 2.31833e-05
86269: 2.3183e-05
86270: 2.31828e-05
86271: 2.31825e-05
86272: 2.31822e-05
86273: 2.3182e-05
86274: 2.31817e-05
86275: 2.31814e-05
86276: 2.31811e-05
86277: 2.31809e-05
86278: 2.31806e-05
86279: 2.31803e-05
86280: 2.31801e-05
86281: 2.31798e-05
86282: 2.31795e-05
86283: 2.31793e-05
86284: 2.3179e-05
86285: 2.31787e-05
86286: 2.31785e-05
86287: 2.31782e-05
86288: 2.31779e-05
86289: 2.31777e-05
86290: 2.31774e-05
86291: 2.31771e-05
86292: 2.31769e-05
86293: 2.31766e-05
86294: 2.31763e-05
86295: 2.3176e-05
86296: 2.31758e-05
86297: 2.31755e-05
86298: 2.31752e-05
86299: 2.3175e-05
86300: 2.31747e-05
86301: 2.31744e-05
86302: 2.31742e-05
86303: 2.31739e-05
86304: 2.31736e-05
86305: 2.31734e-05
86306: 2.31731e-05
86307: 2.31728e-05
86308: 2.31726e-05
86309: 2.31723e-05
86310: 2.3172e-05
86311: 2.31717e-05
86312: 2.31715e-05
86313: 2.31712e-05
86314: 2.31709e-05
86315: 2.31707e-05
86316: 2.31704e-05
86317: 2.31701e-05
86318: 2.31699e-05
86319: 2.31696e-05
86320: 2.31693e-05
86321: 2.31691e-05
86322: 2.31688e-05
86323: 2.31685e-05
86324: 2.31683e-05
86325: 2.3168e-05
86326: 2.31677e-05
86327: 2.31675e-05
86328: 2.31672e-05
86329: 2.31669e-05
86330: 2.31666e-05
86331: 2.31664e-05
86332: 2.31661e-05
86333: 2.31658e-05
86334: 2.31656e-05
86335: 2.31653e-05
86336: 2.3165e-05
86337: 2.31648e-05
86338: 2.31645e-05
86339: 2.31642e-05
86340: 2.3164e-05
86341: 2.31637e-05
86342: 2.31634e-05
86343: 2.31632e-05
86344: 2.31629e-05
86345: 2.31626e-05
86346: 2.31624e-05
86347: 2.31621e-05
86348: 2.31618e-05
86349: 2.31616e-05
86350: 2.31613e-05
86351: 2.3161e-05
86352: 2.31607e-05
86353: 2.31605e-05
86354: 2.31602e-05
86355: 2.31599e-05
86356: 2.31597e-05
86357: 2.31594e-05
86358: 2.31591e-05
86359: 2.31589e-05
86360: 2.31586e-05
86361: 2.31583e-05
86362: 2.31581e-05
86363: 2.31578e-05
86364: 2.31575e-05
86365: 2.31573e-05
86366: 2.3157e-05
86367: 2.31567e-05
86368: 2.31565e-05
86369: 2.31562e-05
86370: 2.31559e-05
86371: 2.31557e-05
86372: 2.31554e-05
86373: 2.31551e-05
86374: 2.31548e-05
86375: 2.31546e-05
86376: 2.31543e-05
86377: 2.3154e-05
86378: 2.31538e-05
86379: 2.31535e-05
86380: 2.31532e-05
86381: 2.3153e-05
86382: 2.31527e-05
86383: 2.31524e-05
86384: 2.31522e-05
86385: 2.31519e-05
86386: 2.31516e-05
86387: 2.31514e-05
86388: 2.31511e-05
86389: 2.31508e-05
86390: 2.31506e-05
86391: 2.31503e-05
86392: 2.315e-05
86393: 2.31498e-05
86394: 2.31495e-05
86395: 2.31492e-05
86396: 2.3149e-05
86397: 2.31487e-05
86398: 2.31484e-05
86399: 2.31481e-05
86400: 2.31479e-05
86401: 2.31476e-05
86402: 2.31473e-05
86403: 2.31471e-05
86404: 2.31468e-05
86405: 2.31465e-05
86406: 2.31463e-05
86407: 2.3146e-05
86408: 2.31457e-05
86409: 2.31455e-05
86410: 2.31452e-05
86411: 2.31449e-05
86412: 2.31447e-05
86413: 2.31444e-05
86414: 2.31441e-05
86415: 2.31439e-05
86416: 2.31436e-05
86417: 2.31433e-05
86418: 2.31431e-05
86419: 2.31428e-05
86420: 2.31425e-05
86421: 2.31423e-05
86422: 2.3142e-05
86423: 2.31417e-05
86424: 2.31415e-05
86425: 2.31412e-05
86426: 2.31409e-05
86427: 2.31406e-05
86428: 2.31404e-05
86429: 2.31401e-05
86430: 2.31398e-05
86431: 2.31396e-05
86432: 2.31393e-05
86433: 2.3139e-05
86434: 2.31388e-05
86435: 2.31385e-05
86436: 2.31382e-05
86437: 2.3138e-05
86438: 2.31377e-05
86439: 2.31374e-05
86440: 2.31372e-05
86441: 2.31369e-05
86442: 2.31366e-05
86443: 2.31364e-05
86444: 2.31361e-05
86445: 2.31358e-05
86446: 2.31356e-05
86447: 2.31353e-05
86448: 2.3135e-05
86449: 2.31348e-05
86450: 2.31345e-05
86451: 2.31342e-05
86452: 2.3134e-05
86453: 2.31337e-05
86454: 2.31334e-05
86455: 2.31332e-05
86456: 2.31329e-05
86457: 2.31326e-05
86458: 2.31324e-05
86459: 2.31321e-05
86460: 2.31318e-05
86461: 2.31315e-05
86462: 2.31313e-05
86463: 2.3131e-05
86464: 2.31307e-05
86465: 2.31305e-05
86466: 2.31302e-05
86467: 2.31299e-05
86468: 2.31297e-05
86469: 2.31294e-05
86470: 2.31291e-05
86471: 2.31289e-05
86472: 2.31286e-05
86473: 2.31283e-05
86474: 2.31281e-05
86475: 2.31278e-05
86476: 2.31275e-05
86477: 2.31273e-05
86478: 2.3127e-05
86479: 2.31267e-05
86480: 2.31265e-05
86481: 2.31262e-05
86482: 2.31259e-05
86483: 2.31257e-05
86484: 2.31254e-05
86485: 2.31251e-05
86486: 2.31249e-05
86487: 2.31246e-05
86488: 2.31243e-05
86489: 2.31241e-05
86490: 2.31238e-05
86491: 2.31235e-05
86492: 2.31233e-05
86493: 2.3123e-05
86494: 2.31227e-05
86495: 2.31225e-05
86496: 2.31222e-05
86497: 2.31219e-05
86498: 2.31217e-05
86499: 2.31214e-05
86500: 2.31211e-05
86501: 2.31209e-05
86502: 2.31206e-05
86503: 2.31203e-05
86504: 2.31201e-05
86505: 2.31198e-05
86506: 2.31195e-05
86507: 2.31192e-05
86508: 2.3119e-05
86509: 2.31187e-05
86510: 2.31184e-05
86511: 2.31182e-05
86512: 2.31179e-05
86513: 2.31176e-05
86514: 2.31174e-05
86515: 2.31171e-05
86516: 2.31168e-05
86517: 2.31166e-05
86518: 2.31163e-05
86519: 2.3116e-05
86520: 2.31158e-05
86521: 2.31155e-05
86522: 2.31152e-05
86523: 2.3115e-05
86524: 2.31147e-05
86525: 2.31144e-05
86526: 2.31142e-05
86527: 2.31139e-05
86528: 2.31136e-05
86529: 2.31134e-05
86530: 2.31131e-05
86531: 2.31128e-05
86532: 2.31126e-05
86533: 2.31123e-05
86534: 2.3112e-05
86535: 2.31118e-05
86536: 2.31115e-05
86537: 2.31112e-05
86538: 2.3111e-05
86539: 2.31107e-05
86540: 2.31104e-05
86541: 2.31102e-05
86542: 2.31099e-05
86543: 2.31096e-05
86544: 2.31094e-05
86545: 2.31091e-05
86546: 2.31088e-05
86547: 2.31086e-05
86548: 2.31083e-05
86549: 2.3108e-05
86550: 2.31078e-05
86551: 2.31075e-05
86552: 2.31072e-05
86553: 2.3107e-05
86554: 2.31067e-05
86555: 2.31064e-05
86556: 2.31062e-05
86557: 2.31059e-05
86558: 2.31056e-05
86559: 2.31054e-05
86560: 2.31051e-05
86561: 2.31048e-05
86562: 2.31046e-05
86563: 2.31043e-05
86564: 2.3104e-05
86565: 2.31038e-05
86566: 2.31035e-05
86567: 2.31032e-05
86568: 2.3103e-05
86569: 2.31027e-05
86570: 2.31024e-05
86571: 2.31022e-05
86572: 2.31019e-05
86573: 2.31016e-05
86574: 2.31014e-05
86575: 2.31011e-05
86576: 2.31008e-05
86577: 2.31006e-05
86578: 2.31003e-05
86579: 2.31e-05
86580: 2.30998e-05
86581: 2.30995e-05
86582: 2.30992e-05
86583: 2.3099e-05
86584: 2.30987e-05
86585: 2.30984e-05
86586: 2.30982e-05
86587: 2.30979e-05
86588: 2.30976e-05
86589: 2.30974e-05
86590: 2.30971e-05
86591: 2.30968e-05
86592: 2.30966e-05
86593: 2.30963e-05
86594: 2.3096e-05
86595: 2.30958e-05
86596: 2.30955e-05
86597: 2.30952e-05
86598: 2.3095e-05
86599: 2.30947e-05
86600: 2.30944e-05
86601: 2.30942e-05
86602: 2.30939e-05
86603: 2.30936e-05
86604: 2.30934e-05
86605: 2.30931e-05
86606: 2.30928e-05
86607: 2.30926e-05
86608: 2.30923e-05
86609: 2.3092e-05
86610: 2.30918e-05
86611: 2.30915e-05
86612: 2.30912e-05
86613: 2.3091e-05
86614: 2.30907e-05
86615: 2.30904e-05
86616: 2.30902e-05
86617: 2.30899e-05
86618: 2.30896e-05
86619: 2.30894e-05
86620: 2.30891e-05
86621: 2.30888e-05
86622: 2.30886e-05
86623: 2.30883e-05
86624: 2.3088e-05
86625: 2.30878e-05
86626: 2.30875e-05
86627: 2.30872e-05
86628: 2.3087e-05
86629: 2.30867e-05
86630: 2.30864e-05
86631: 2.30862e-05
86632: 2.30859e-05
86633: 2.30856e-05
86634: 2.30854e-05
86635: 2.30851e-05
86636: 2.30848e-05
86637: 2.30846e-05
86638: 2.30843e-05
86639: 2.3084e-05
86640: 2.30838e-05
86641: 2.30835e-05
86642: 2.30832e-05
86643: 2.3083e-05
86644: 2.30827e-05
86645: 2.30824e-05
86646: 2.30822e-05
86647: 2.30819e-05
86648: 2.30816e-05
86649: 2.30814e-05
86650: 2.30811e-05
86651: 2.30808e-05
86652: 2.30806e-05
86653: 2.30803e-05
86654: 2.308e-05
86655: 2.30798e-05
86656: 2.30795e-05
86657: 2.30792e-05
86658: 2.3079e-05
86659: 2.30787e-05
86660: 2.30784e-05
86661: 2.30782e-05
86662: 2.30779e-05
86663: 2.30776e-05
86664: 2.30774e-05
86665: 2.30771e-05
86666: 2.30768e-05
86667: 2.30766e-05
86668: 2.30763e-05
86669: 2.3076e-05
86670: 2.30758e-05
86671: 2.30755e-05
86672: 2.30752e-05
86673: 2.3075e-05
86674: 2.30747e-05
86675: 2.30744e-05
86676: 2.30742e-05
86677: 2.30739e-05
86678: 2.30736e-05
86679: 2.30734e-05
86680: 2.30731e-05
86681: 2.30728e-05
86682: 2.30726e-05
86683: 2.30723e-05
86684: 2.3072e-05
86685: 2.30718e-05
86686: 2.30715e-05
86687: 2.30712e-05
86688: 2.3071e-05
86689: 2.30707e-05
86690: 2.30704e-05
86691: 2.30702e-05
86692: 2.30699e-05
86693: 2.30696e-05
86694: 2.30694e-05
86695: 2.30691e-05
86696: 2.30688e-05
86697: 2.30686e-05
86698: 2.30683e-05
86699: 2.30681e-05
86700: 2.30678e-05
86701: 2.30675e-05
86702: 2.30673e-05
86703: 2.3067e-05
86704: 2.30667e-05
86705: 2.30665e-05
86706: 2.30662e-05
86707: 2.30659e-05
86708: 2.30657e-05
86709: 2.30654e-05
86710: 2.30651e-05
86711: 2.30649e-05
86712: 2.30646e-05
86713: 2.30643e-05
86714: 2.30641e-05
86715: 2.30638e-05
86716: 2.30635e-05
86717: 2.30633e-05
86718: 2.3063e-05
86719: 2.30627e-05
86720: 2.30625e-05
86721: 2.30622e-05
86722: 2.30619e-05
86723: 2.30617e-05
86724: 2.30614e-05
86725: 2.30611e-05
86726: 2.30609e-05
86727: 2.30606e-05
86728: 2.30603e-05
86729: 2.30601e-05
86730: 2.30598e-05
86731: 2.30595e-05
86732: 2.30593e-05
86733: 2.3059e-05
86734: 2.30587e-05
86735: 2.30585e-05
86736: 2.30582e-05
86737: 2.30579e-05
86738: 2.30577e-05
86739: 2.30574e-05
86740: 2.30571e-05
86741: 2.30569e-05
86742: 2.30566e-05
86743: 2.30563e-05
86744: 2.30561e-05
86745: 2.30558e-05
86746: 2.30556e-05
86747: 2.30553e-05
86748: 2.3055e-05
86749: 2.30548e-05
86750: 2.30545e-05
86751: 2.30542e-05
86752: 2.3054e-05
86753: 2.30537e-05
86754: 2.30534e-05
86755: 2.30532e-05
86756: 2.30529e-05
86757: 2.30526e-05
86758: 2.30524e-05
86759: 2.30521e-05
86760: 2.30518e-05
86761: 2.30516e-05
86762: 2.30513e-05
86763: 2.3051e-05
86764: 2.30508e-05
86765: 2.30505e-05
86766: 2.30502e-05
86767: 2.305e-05
86768: 2.30497e-05
86769: 2.30494e-05
86770: 2.30492e-05
86771: 2.30489e-05
86772: 2.30486e-05
86773: 2.30484e-05
86774: 2.30481e-05
86775: 2.30478e-05
86776: 2.30476e-05
86777: 2.30473e-05
86778: 2.30471e-05
86779: 2.30468e-05
86780: 2.30465e-05
86781: 2.30463e-05
86782: 2.3046e-05
86783: 2.30457e-05
86784: 2.30455e-05
86785: 2.30452e-05
86786: 2.30449e-05
86787: 2.30447e-05
86788: 2.30444e-05
86789: 2.30441e-05
86790: 2.30439e-05
86791: 2.30436e-05
86792: 2.30433e-05
86793: 2.30431e-05
86794: 2.30428e-05
86795: 2.30425e-05
86796: 2.30423e-05
86797: 2.3042e-05
86798: 2.30417e-05
86799: 2.30415e-05
86800: 2.30412e-05
86801: 2.30409e-05
86802: 2.30407e-05
86803: 2.30404e-05
86804: 2.30401e-05
86805: 2.30399e-05
86806: 2.30396e-05
86807: 2.30394e-05
86808: 2.30391e-05
86809: 2.30388e-05
86810: 2.30386e-05
86811: 2.30383e-05
86812: 2.3038e-05
86813: 2.30378e-05
86814: 2.30375e-05
86815: 2.30372e-05
86816: 2.3037e-05
86817: 2.30367e-05
86818: 2.30364e-05
86819: 2.30362e-05
86820: 2.30359e-05
86821: 2.30356e-05
86822: 2.30354e-05
86823: 2.30351e-05
86824: 2.30348e-05
86825: 2.30346e-05
86826: 2.30343e-05
86827: 2.3034e-05
86828: 2.30338e-05
86829: 2.30335e-05
86830: 2.30332e-05
86831: 2.3033e-05
86832: 2.30327e-05
86833: 2.30325e-05
86834: 2.30322e-05
86835: 2.30319e-05
86836: 2.30317e-05
86837: 2.30314e-05
86838: 2.30311e-05
86839: 2.30309e-05
86840: 2.30306e-05
86841: 2.30303e-05
86842: 2.30301e-05
86843: 2.30298e-05
86844: 2.30295e-05
86845: 2.30293e-05
86846: 2.3029e-05
86847: 2.30287e-05
86848: 2.30285e-05
86849: 2.30282e-05
86850: 2.30279e-05
86851: 2.30277e-05
86852: 2.30274e-05
86853: 2.30271e-05
86854: 2.30269e-05
86855: 2.30266e-05
86856: 2.30264e-05
86857: 2.30261e-05
86858: 2.30258e-05
86859: 2.30256e-05
86860: 2.30253e-05
86861: 2.3025e-05
86862: 2.30248e-05
86863: 2.30245e-05
86864: 2.30242e-05
86865: 2.3024e-05
86866: 2.30237e-05
86867: 2.30234e-05
86868: 2.30232e-05
86869: 2.30229e-05
86870: 2.30226e-05
86871: 2.30224e-05
86872: 2.30221e-05
86873: 2.30218e-05
86874: 2.30216e-05
86875: 2.30213e-05
86876: 2.30211e-05
86877: 2.30208e-05
86878: 2.30205e-05
86879: 2.30203e-05
86880: 2.302e-05
86881: 2.30197e-05
86882: 2.30195e-05
86883: 2.30192e-05
86884: 2.30189e-05
86885: 2.30187e-05
86886: 2.30184e-05
86887: 2.30181e-05
86888: 2.30179e-05
86889: 2.30176e-05
86890: 2.30173e-05
86891: 2.30171e-05
86892: 2.30168e-05
86893: 2.30165e-05
86894: 2.30163e-05
86895: 2.3016e-05
86896: 2.30158e-05
86897: 2.30155e-05
86898: 2.30152e-05
86899: 2.3015e-05
86900: 2.30147e-05
86901: 2.30144e-05
86902: 2.30142e-05
86903: 2.30139e-05
86904: 2.30136e-05
86905: 2.30134e-05
86906: 2.30131e-05
86907: 2.30128e-05
86908: 2.30126e-05
86909: 2.30123e-05
86910: 2.3012e-05
86911: 2.30118e-05
86912: 2.30115e-05
86913: 2.30113e-05
86914: 2.3011e-05
86915: 2.30107e-05
86916: 2.30105e-05
86917: 2.30102e-05
86918: 2.30099e-05
86919: 2.30097e-05
86920: 2.30094e-05
86921: 2.30091e-05
86922: 2.30089e-05
86923: 2.30086e-05
86924: 2.30083e-05
86925: 2.30081e-05
86926: 2.30078e-05
86927: 2.30075e-05
86928: 2.30073e-05
86929: 2.3007e-05
86930: 2.30068e-05
86931: 2.30065e-05
86932: 2.30062e-05
86933: 2.3006e-05
86934: 2.30057e-05
86935: 2.30054e-05
86936: 2.30052e-05
86937: 2.30049e-05
86938: 2.30046e-05
86939: 2.30044e-05
86940: 2.30041e-05
86941: 2.30038e-05
86942: 2.30036e-05
86943: 2.30033e-05
86944: 2.3003e-05
86945: 2.30028e-05
86946: 2.30025e-05
86947: 2.30023e-05
86948: 2.3002e-05
86949: 2.30017e-05
86950: 2.30015e-05
86951: 2.30012e-05
86952: 2.30009e-05
86953: 2.30007e-05
86954: 2.30004e-05
86955: 2.30001e-05
86956: 2.29999e-05
86957: 2.29996e-05
86958: 2.29993e-05
86959: 2.29991e-05
86960: 2.29988e-05
86961: 2.29986e-05
86962: 2.29983e-05
86963: 2.2998e-05
86964: 2.29978e-05
86965: 2.29975e-05
86966: 2.29972e-05
86967: 2.2997e-05
86968: 2.29967e-05
86969: 2.29964e-05
86970: 2.29962e-05
86971: 2.29959e-05
86972: 2.29956e-05
86973: 2.29954e-05
86974: 2.29951e-05
86975: 2.29948e-05
86976: 2.29946e-05
86977: 2.29943e-05
86978: 2.29941e-05
86979: 2.29938e-05
86980: 2.29935e-05
86981: 2.29933e-05
86982: 2.2993e-05
86983: 2.29927e-05
86984: 2.29925e-05
86985: 2.29922e-05
86986: 2.29919e-05
86987: 2.29917e-05
86988: 2.29914e-05
86989: 2.29911e-05
86990: 2.29909e-05
86991: 2.29906e-05
86992: 2.29904e-05
86993: 2.29901e-05
86994: 2.29898e-05
86995: 2.29896e-05
86996: 2.29893e-05
86997: 2.2989e-05
86998: 2.29888e-05
86999: 2.29885e-05
87000: 2.29882e-05
87001: 2.2988e-05
87002: 2.29877e-05
87003: 2.29874e-05
87004: 2.29872e-05
87005: 2.29869e-05
87006: 2.29867e-05
87007: 2.29864e-05
87008: 2.29861e-05
87009: 2.29859e-05
87010: 2.29856e-05
87011: 2.29853e-05
87012: 2.29851e-05
87013: 2.29848e-05
87014: 2.29845e-05
87015: 2.29843e-05
87016: 2.2984e-05
87017: 2.29838e-05
87018: 2.29835e-05
87019: 2.29832e-05
87020: 2.2983e-05
87021: 2.29827e-05
87022: 2.29824e-05
87023: 2.29822e-05
87024: 2.29819e-05
87025: 2.29816e-05
87026: 2.29814e-05
87027: 2.29811e-05
87028: 2.29808e-05
87029: 2.29806e-05
87030: 2.29803e-05
87031: 2.29801e-05
87032: 2.29798e-05
87033: 2.29795e-05
87034: 2.29793e-05
87035: 2.2979e-05
87036: 2.29787e-05
87037: 2.29785e-05
87038: 2.29782e-05
87039: 2.29779e-05
87040: 2.29777e-05
87041: 2.29774e-05
87042: 2.29771e-05
87043: 2.29769e-05
87044: 2.29766e-05
87045: 2.29764e-05
87046: 2.29761e-05
87047: 2.29758e-05
87048: 2.29756e-05
87049: 2.29753e-05
87050: 2.2975e-05
87051: 2.29748e-05
87052: 2.29745e-05
87053: 2.29742e-05
87054: 2.2974e-05
87055: 2.29737e-05
87056: 2.29735e-05
87057: 2.29732e-05
87058: 2.29729e-05
87059: 2.29727e-05
87060: 2.29724e-05
87061: 2.29721e-05
87062: 2.29719e-05
87063: 2.29716e-05
87064: 2.29713e-05
87065: 2.29711e-05
87066: 2.29708e-05
87067: 2.29706e-05
87068: 2.29703e-05
87069: 2.297e-05
87070: 2.29698e-05
87071: 2.29695e-05
87072: 2.29692e-05
87073: 2.2969e-05
87074: 2.29687e-05
87075: 2.29684e-05
87076: 2.29682e-05
87077: 2.29679e-05
87078: 2.29677e-05
87079: 2.29674e-05
87080: 2.29671e-05
87081: 2.29669e-05
87082: 2.29666e-05
87083: 2.29663e-05
87084: 2.29661e-05
87085: 2.29658e-05
87086: 2.29655e-05
87087: 2.29653e-05
87088: 2.2965e-05
87089: 2.29647e-05
87090: 2.29645e-05
87091: 2.29642e-05
87092: 2.2964e-05
87093: 2.29637e-05
87094: 2.29634e-05
87095: 2.29632e-05
87096: 2.29629e-05
87097: 2.29626e-05
87098: 2.29624e-05
87099: 2.29621e-05
87100: 2.29618e-05
87101: 2.29616e-05
87102: 2.29613e-05
87103: 2.29611e-05
87104: 2.29608e-05
87105: 2.29605e-05
87106: 2.29603e-05
87107: 2.296e-05
87108: 2.29597e-05
87109: 2.29595e-05
87110: 2.29592e-05
87111: 2.29589e-05
87112: 2.29587e-05
87113: 2.29584e-05
87114: 2.29582e-05
87115: 2.29579e-05
87116: 2.29576e-05
87117: 2.29574e-05
87118: 2.29571e-05
87119: 2.29568e-05
87120: 2.29566e-05
87121: 2.29563e-05
87122: 2.29561e-05
87123: 2.29558e-05
87124: 2.29555e-05
87125: 2.29553e-05
87126: 2.2955e-05
87127: 2.29547e-05
87128: 2.29545e-05
87129: 2.29542e-05
87130: 2.29539e-05
87131: 2.29537e-05
87132: 2.29534e-05
87133: 2.29532e-05
87134: 2.29529e-05
87135: 2.29526e-05
87136: 2.29524e-05
87137: 2.29521e-05
87138: 2.29518e-05
87139: 2.29516e-05
87140: 2.29513e-05
87141: 2.2951e-05
87142: 2.29508e-05
87143: 2.29505e-05
87144: 2.29503e-05
87145: 2.295e-05
87146: 2.29497e-05
87147: 2.29495e-05
87148: 2.29492e-05
87149: 2.29489e-05
87150: 2.29487e-05
87151: 2.29484e-05
87152: 2.29481e-05
87153: 2.29479e-05
87154: 2.29476e-05
87155: 2.29474e-05
87156: 2.29471e-05
87157: 2.29468e-05
87158: 2.29466e-05
87159: 2.29463e-05
87160: 2.2946e-05
87161: 2.29458e-05
87162: 2.29455e-05
87163: 2.29453e-05
87164: 2.2945e-05
87165: 2.29447e-05
87166: 2.29445e-05
87167: 2.29442e-05
87168: 2.29439e-05
87169: 2.29437e-05
87170: 2.29434e-05
87171: 2.29431e-05
87172: 2.29429e-05
87173: 2.29426e-05
87174: 2.29424e-05
87175: 2.29421e-05
87176: 2.29418e-05
87177: 2.29416e-05
87178: 2.29413e-05
87179: 2.2941e-05
87180: 2.29408e-05
87181: 2.29405e-05
87182: 2.29403e-05
87183: 2.294e-05
87184: 2.29397e-05
87185: 2.29395e-05
87186: 2.29392e-05
87187: 2.29389e-05
87188: 2.29387e-05
87189: 2.29384e-05
87190: 2.29381e-05
87191: 2.29379e-05
87192: 2.29376e-05
87193: 2.29374e-05
87194: 2.29371e-05
87195: 2.29368e-05
87196: 2.29366e-05
87197: 2.29363e-05
87198: 2.2936e-05
87199: 2.29358e-05
87200: 2.29355e-05
87201: 2.29353e-05
87202: 2.2935e-05
87203: 2.29347e-05
87204: 2.29345e-05
87205: 2.29342e-05
87206: 2.29339e-05
87207: 2.29337e-05
87208: 2.29334e-05
87209: 2.29331e-05
87210: 2.29329e-05
87211: 2.29326e-05
87212: 2.29324e-05
87213: 2.29321e-05
87214: 2.29318e-05
87215: 2.29316e-05
87216: 2.29313e-05
87217: 2.2931e-05
87218: 2.29308e-05
87219: 2.29305e-05
87220: 2.29303e-05
87221: 2.293e-05
87222: 2.29297e-05
87223: 2.29295e-05
87224: 2.29292e-05
87225: 2.29289e-05
87226: 2.29287e-05
87227: 2.29284e-05
87228: 2.29282e-05
87229: 2.29279e-05
87230: 2.29276e-05
87231: 2.29274e-05
87232: 2.29271e-05
87233: 2.29268e-05
87234: 2.29266e-05
87235: 2.29263e-05
87236: 2.29261e-05
87237: 2.29258e-05
87238: 2.29255e-05
87239: 2.29253e-05
87240: 2.2925e-05
87241: 2.29247e-05
87242: 2.29245e-05
87243: 2.29242e-05
87244: 2.29239e-05
87245: 2.29237e-05
87246: 2.29234e-05
87247: 2.29232e-05
87248: 2.29229e-05
87249: 2.29226e-05
87250: 2.29224e-05
87251: 2.29221e-05
87252: 2.29218e-05
87253: 2.29216e-05
87254: 2.29213e-05
87255: 2.29211e-05
87256: 2.29208e-05
87257: 2.29205e-05
87258: 2.29203e-05
87259: 2.292e-05
87260: 2.29197e-05
87261: 2.29195e-05
87262: 2.29192e-05
87263: 2.2919e-05
87264: 2.29187e-05
87265: 2.29184e-05
87266: 2.29182e-05
87267: 2.29179e-05
87268: 2.29176e-05
87269: 2.29174e-05
87270: 2.29171e-05
87271: 2.29169e-05
87272: 2.29166e-05
87273: 2.29163e-05
87274: 2.29161e-05
87275: 2.29158e-05
87276: 2.29155e-05
87277: 2.29153e-05
87278: 2.2915e-05
87279: 2.29148e-05
87280: 2.29145e-05
87281: 2.29142e-05
87282: 2.2914e-05
87283: 2.29137e-05
87284: 2.29134e-05
87285: 2.29132e-05
87286: 2.29129e-05
87287: 2.29127e-05
87288: 2.29124e-05
87289: 2.29121e-05
87290: 2.29119e-05
87291: 2.29116e-05
87292: 2.29113e-05
87293: 2.29111e-05
87294: 2.29108e-05
87295: 2.29106e-05
87296: 2.29103e-05
87297: 2.291e-05
87298: 2.29098e-05
87299: 2.29095e-05
87300: 2.29092e-05
87301: 2.2909e-05
87302: 2.29087e-05
87303: 2.29085e-05
87304: 2.29082e-05
87305: 2.29079e-05
87306: 2.29077e-05
87307: 2.29074e-05
87308: 2.29071e-05
87309: 2.29069e-05
87310: 2.29066e-05
87311: 2.29064e-05
87312: 2.29061e-05
87313: 2.29058e-05
87314: 2.29056e-05
87315: 2.29053e-05
87316: 2.2905e-05
87317: 2.29048e-05
87318: 2.29045e-05
87319: 2.29043e-05
87320: 2.2904e-05
87321: 2.29037e-05
87322: 2.29035e-05
87323: 2.29032e-05
87324: 2.29029e-05
87325: 2.29027e-05
87326: 2.29024e-05
87327: 2.29022e-05
87328: 2.29019e-05
87329: 2.29016e-05
87330: 2.29014e-05
87331: 2.29011e-05
87332: 2.29009e-05
87333: 2.29006e-05
87334: 2.29003e-05
87335: 2.29001e-05
87336: 2.28998e-05
87337: 2.28995e-05
87338: 2.28993e-05
87339: 2.2899e-05
87340: 2.28988e-05
87341: 2.28985e-05
87342: 2.28982e-05
87343: 2.2898e-05
87344: 2.28977e-05
87345: 2.28974e-05
87346: 2.28972e-05
87347: 2.28969e-05
87348: 2.28967e-05
87349: 2.28964e-05
87350: 2.28961e-05
87351: 2.28959e-05
87352: 2.28956e-05
87353: 2.28953e-05
87354: 2.28951e-05
87355: 2.28948e-05
87356: 2.28946e-05
87357: 2.28943e-05
87358: 2.2894e-05
87359: 2.28938e-05
87360: 2.28935e-05
87361: 2.28932e-05
87362: 2.2893e-05
87363: 2.28927e-05
87364: 2.28925e-05
87365: 2.28922e-05
87366: 2.28919e-05
87367: 2.28917e-05
87368: 2.28914e-05
87369: 2.28912e-05
87370: 2.28909e-05
87371: 2.28906e-05
87372: 2.28904e-05
87373: 2.28901e-05
87374: 2.28898e-05
87375: 2.28896e-05
87376: 2.28893e-05
87377: 2.28891e-05
87378: 2.28888e-05
87379: 2.28885e-05
87380: 2.28883e-05
87381: 2.2888e-05
87382: 2.28877e-05
87383: 2.28875e-05
87384: 2.28872e-05
87385: 2.2887e-05
87386: 2.28867e-05
87387: 2.28864e-05
87388: 2.28862e-05
87389: 2.28859e-05
87390: 2.28857e-05
87391: 2.28854e-05
87392: 2.28851e-05
87393: 2.28849e-05
87394: 2.28846e-05
87395: 2.28843e-05
87396: 2.28841e-05
87397: 2.28838e-05
87398: 2.28836e-05
87399: 2.28833e-05
87400: 2.2883e-05
87401: 2.28828e-05
87402: 2.28825e-05
87403: 2.28822e-05
87404: 2.2882e-05
87405: 2.28817e-05
87406: 2.28815e-05
87407: 2.28812e-05
87408: 2.28809e-05
87409: 2.28807e-05
87410: 2.28804e-05
87411: 2.28802e-05
87412: 2.28799e-05
87413: 2.28796e-05
87414: 2.28794e-05
87415: 2.28791e-05
87416: 2.28788e-05
87417: 2.28786e-05
87418: 2.28783e-05
87419: 2.28781e-05
87420: 2.28778e-05
87421: 2.28775e-05
87422: 2.28773e-05
87423: 2.2877e-05
87424: 2.28768e-05
87425: 2.28765e-05
87426: 2.28762e-05
87427: 2.2876e-05
87428: 2.28757e-05
87429: 2.28754e-05
87430: 2.28752e-05
87431: 2.28749e-05
87432: 2.28747e-05
87433: 2.28744e-05
87434: 2.28741e-05
87435: 2.28739e-05
87436: 2.28736e-05
87437: 2.28734e-05
87438: 2.28731e-05
87439: 2.28728e-05
87440: 2.28726e-05
87441: 2.28723e-05
87442: 2.2872e-05
87443: 2.28718e-05
87444: 2.28715e-05
87445: 2.28713e-05
87446: 2.2871e-05
87447: 2.28707e-05
87448: 2.28705e-05
87449: 2.28702e-05
87450: 2.287e-05
87451: 2.28697e-05
87452: 2.28694e-05
87453: 2.28692e-05
87454: 2.28689e-05
87455: 2.28686e-05
87456: 2.28684e-05
87457: 2.28681e-05
87458: 2.28679e-05
87459: 2.28676e-05
87460: 2.28673e-05
87461: 2.28671e-05
87462: 2.28668e-05
87463: 2.28666e-05
87464: 2.28663e-05
87465: 2.2866e-05
87466: 2.28658e-05
87467: 2.28655e-05
87468: 2.28652e-05
87469: 2.2865e-05
87470: 2.28647e-05
87471: 2.28645e-05
87472: 2.28642e-05
87473: 2.28639e-05
87474: 2.28637e-05
87475: 2.28634e-05
87476: 2.28632e-05
87477: 2.28629e-05
87478: 2.28626e-05
87479: 2.28624e-05
87480: 2.28621e-05
87481: 2.28618e-05
87482: 2.28616e-05
87483: 2.28613e-05
87484: 2.28611e-05
87485: 2.28608e-05
87486: 2.28605e-05
87487: 2.28603e-05
87488: 2.286e-05
87489: 2.28598e-05
87490: 2.28595e-05
87491: 2.28592e-05
87492: 2.2859e-05
87493: 2.28587e-05
87494: 2.28584e-05
87495: 2.28582e-05
87496: 2.28579e-05
87497: 2.28577e-05
87498: 2.28574e-05
87499: 2.28571e-05
87500: 2.28569e-05
87501: 2.28566e-05
87502: 2.28564e-05
87503: 2.28561e-05
87504: 2.28558e-05
87505: 2.28556e-05
87506: 2.28553e-05
87507: 2.28551e-05
87508: 2.28548e-05
87509: 2.28545e-05
87510: 2.28543e-05
87511: 2.2854e-05
87512: 2.28537e-05
87513: 2.28535e-05
87514: 2.28532e-05
87515: 2.2853e-05
87516: 2.28527e-05
87517: 2.28524e-05
87518: 2.28522e-05
87519: 2.28519e-05
87520: 2.28517e-05
87521: 2.28514e-05
87522: 2.28511e-05
87523: 2.28509e-05
87524: 2.28506e-05
87525: 2.28504e-05
87526: 2.28501e-05
87527: 2.28498e-05
87528: 2.28496e-05
87529: 2.28493e-05
87530: 2.2849e-05
87531: 2.28488e-05
87532: 2.28485e-05
87533: 2.28483e-05
87534: 2.2848e-05
87535: 2.28477e-05
87536: 2.28475e-05
87537: 2.28472e-05
87538: 2.2847e-05
87539: 2.28467e-05
87540: 2.28464e-05
87541: 2.28462e-05
87542: 2.28459e-05
87543: 2.28457e-05
87544: 2.28454e-05
87545: 2.28451e-05
87546: 2.28449e-05
87547: 2.28446e-05
87548: 2.28444e-05
87549: 2.28441e-05
87550: 2.28438e-05
87551: 2.28436e-05
87552: 2.28433e-05
87553: 2.2843e-05
87554: 2.28428e-05
87555: 2.28425e-05
87556: 2.28423e-05
87557: 2.2842e-05
87558: 2.28417e-05
87559: 2.28415e-05
87560: 2.28412e-05
87561: 2.2841e-05
87562: 2.28407e-05
87563: 2.28404e-05
87564: 2.28402e-05
87565: 2.28399e-05
87566: 2.28397e-05
87567: 2.28394e-05
87568: 2.28391e-05
87569: 2.28389e-05
87570: 2.28386e-05
87571: 2.28384e-05
87572: 2.28381e-05
87573: 2.28378e-05
87574: 2.28376e-05
87575: 2.28373e-05
87576: 2.2837e-05
87577: 2.28368e-05
87578: 2.28365e-05
87579: 2.28363e-05
87580: 2.2836e-05
87581: 2.28357e-05
87582: 2.28355e-05
87583: 2.28352e-05
87584: 2.2835e-05
87585: 2.28347e-05
87586: 2.28344e-05
87587: 2.28342e-05
87588: 2.28339e-05
87589: 2.28337e-05
87590: 2.28334e-05
87591: 2.28331e-05
87592: 2.28329e-05
87593: 2.28326e-05
87594: 2.28324e-05
87595: 2.28321e-05
87596: 2.28318e-05
87597: 2.28316e-05
87598: 2.28313e-05
87599: 2.28311e-05
87600: 2.28308e-05
87601: 2.28305e-05
87602: 2.28303e-05
87603: 2.283e-05
87604: 2.28297e-05
87605: 2.28295e-05
87606: 2.28292e-05
87607: 2.2829e-05
87608: 2.28287e-05
87609: 2.28284e-05
87610: 2.28282e-05
87611: 2.28279e-05
87612: 2.28277e-05
87613: 2.28274e-05
87614: 2.28271e-05
87615: 2.28269e-05
87616: 2.28266e-05
87617: 2.28264e-05
87618: 2.28261e-05
87619: 2.28258e-05
87620: 2.28256e-05
87621: 2.28253e-05
87622: 2.28251e-05
87623: 2.28248e-05
87624: 2.28245e-05
87625: 2.28243e-05
87626: 2.2824e-05
87627: 2.28238e-05
87628: 2.28235e-05
87629: 2.28232e-05
87630: 2.2823e-05
87631: 2.28227e-05
87632: 2.28225e-05
87633: 2.28222e-05
87634: 2.28219e-05
87635: 2.28217e-05
87636: 2.28214e-05
87637: 2.28212e-05
87638: 2.28209e-05
87639: 2.28206e-05
87640: 2.28204e-05
87641: 2.28201e-05
87642: 2.28198e-05
87643: 2.28196e-05
87644: 2.28193e-05
87645: 2.28191e-05
87646: 2.28188e-05
87647: 2.28185e-05
87648: 2.28183e-05
87649: 2.2818e-05
87650: 2.28178e-05
87651: 2.28175e-05
87652: 2.28172e-05
87653: 2.2817e-05
87654: 2.28167e-05
87655: 2.28165e-05
87656: 2.28162e-05
87657: 2.28159e-05
87658: 2.28157e-05
87659: 2.28154e-05
87660: 2.28152e-05
87661: 2.28149e-05
87662: 2.28146e-05
87663: 2.28144e-05
87664: 2.28141e-05
87665: 2.28139e-05
87666: 2.28136e-05
87667: 2.28133e-05
87668: 2.28131e-05
87669: 2.28128e-05
87670: 2.28126e-05
87671: 2.28123e-05
87672: 2.2812e-05
87673: 2.28118e-05
87674: 2.28115e-05
87675: 2.28113e-05
87676: 2.2811e-05
87677: 2.28107e-05
87678: 2.28105e-05
87679: 2.28102e-05
87680: 2.281e-05
87681: 2.28097e-05
87682: 2.28094e-05
87683: 2.28092e-05
87684: 2.28089e-05
87685: 2.28087e-05
87686: 2.28084e-05
87687: 2.28081e-05
87688: 2.28079e-05
87689: 2.28076e-05
87690: 2.28074e-05
87691: 2.28071e-05
87692: 2.28068e-05
87693: 2.28066e-05
87694: 2.28063e-05
87695: 2.28061e-05
87696: 2.28058e-05
87697: 2.28055e-05
87698: 2.28053e-05
87699: 2.2805e-05
87700: 2.28048e-05
87701: 2.28045e-05
87702: 2.28042e-05
87703: 2.2804e-05
87704: 2.28037e-05
87705: 2.28035e-05
87706: 2.28032e-05
87707: 2.28029e-05
87708: 2.28027e-05
87709: 2.28024e-05
87710: 2.28022e-05
87711: 2.28019e-05
87712: 2.28016e-05
87713: 2.28014e-05
87714: 2.28011e-05
87715: 2.28009e-05
87716: 2.28006e-05
87717: 2.28003e-05
87718: 2.28001e-05
87719: 2.27998e-05
87720: 2.27996e-05
87721: 2.27993e-05
87722: 2.2799e-05
87723: 2.27988e-05
87724: 2.27985e-05
87725: 2.27983e-05
87726: 2.2798e-05
87727: 2.27977e-05
87728: 2.27975e-05
87729: 2.27972e-05
87730: 2.2797e-05
87731: 2.27967e-05
87732: 2.27964e-05
87733: 2.27962e-05
87734: 2.27959e-05
87735: 2.27957e-05
87736: 2.27954e-05
87737: 2.27951e-05
87738: 2.27949e-05
87739: 2.27946e-05
87740: 2.27944e-05
87741: 2.27941e-05
87742: 2.27938e-05
87743: 2.27936e-05
87744: 2.27933e-05
87745: 2.27931e-05
87746: 2.27928e-05
87747: 2.27925e-05
87748: 2.27923e-05
87749: 2.2792e-05
87750: 2.27918e-05
87751: 2.27915e-05
87752: 2.27912e-05
87753: 2.2791e-05
87754: 2.27907e-05
87755: 2.27905e-05
87756: 2.27902e-05
87757: 2.27899e-05
87758: 2.27897e-05
87759: 2.27894e-05
87760: 2.27892e-05
87761: 2.27889e-05
87762: 2.27886e-05
87763: 2.27884e-05
87764: 2.27881e-05
87765: 2.27879e-05
87766: 2.27876e-05
87767: 2.27873e-05
87768: 2.27871e-05
87769: 2.27868e-05
87770: 2.27866e-05
87771: 2.27863e-05
87772: 2.27861e-05
87773: 2.27858e-05
87774: 2.27855e-05
87775: 2.27853e-05
87776: 2.2785e-05
87777: 2.27848e-05
87778: 2.27845e-05
87779: 2.27842e-05
87780: 2.2784e-05
87781: 2.27837e-05
87782: 2.27835e-05
87783: 2.27832e-05
87784: 2.27829e-05
87785: 2.27827e-05
87786: 2.27824e-05
87787: 2.27822e-05
87788: 2.27819e-05
87789: 2.27816e-05
87790: 2.27814e-05
87791: 2.27811e-05
87792: 2.27809e-05
87793: 2.27806e-05
87794: 2.27803e-05
87795: 2.27801e-05
87796: 2.27798e-05
87797: 2.27796e-05
87798: 2.27793e-05
87799: 2.2779e-05
87800: 2.27788e-05
87801: 2.27785e-05
87802: 2.27783e-05
87803: 2.2778e-05
87804: 2.27777e-05
87805: 2.27775e-05
87806: 2.27772e-05
87807: 2.2777e-05
87808: 2.27767e-05
87809: 2.27764e-05
87810: 2.27762e-05
87811: 2.27759e-05
87812: 2.27757e-05
87813: 2.27754e-05
87814: 2.27752e-05
87815: 2.27749e-05
87816: 2.27746e-05
87817: 2.27744e-05
87818: 2.27741e-05
87819: 2.27739e-05
87820: 2.27736e-05
87821: 2.27733e-05
87822: 2.27731e-05
87823: 2.27728e-05
87824: 2.27726e-05
87825: 2.27723e-05
87826: 2.2772e-05
87827: 2.27718e-05
87828: 2.27715e-05
87829: 2.27713e-05
87830: 2.2771e-05
87831: 2.27707e-05
87832: 2.27705e-05
87833: 2.27702e-05
87834: 2.277e-05
87835: 2.27697e-05
87836: 2.27694e-05
87837: 2.27692e-05
87838: 2.27689e-05
87839: 2.27687e-05
87840: 2.27684e-05
87841: 2.27682e-05
87842: 2.27679e-05
87843: 2.27676e-05
87844: 2.27674e-05
87845: 2.27671e-05
87846: 2.27669e-05
87847: 2.27666e-05
87848: 2.27663e-05
87849: 2.27661e-05
87850: 2.27658e-05
87851: 2.27656e-05
87852: 2.27653e-05
87853: 2.2765e-05
87854: 2.27648e-05
87855: 2.27645e-05
87856: 2.27643e-05
87857: 2.2764e-05
87858: 2.27637e-05
87859: 2.27635e-05
87860: 2.27632e-05
87861: 2.2763e-05
87862: 2.27627e-05
87863: 2.27625e-05
87864: 2.27622e-05
87865: 2.27619e-05
87866: 2.27617e-05
87867: 2.27614e-05
87868: 2.27612e-05
87869: 2.27609e-05
87870: 2.27606e-05
87871: 2.27604e-05
87872: 2.27601e-05
87873: 2.27599e-05
87874: 2.27596e-05
87875: 2.27593e-05
87876: 2.27591e-05
87877: 2.27588e-05
87878: 2.27586e-05
87879: 2.27583e-05
87880: 2.2758e-05
87881: 2.27578e-05
87882: 2.27575e-05
87883: 2.27573e-05
87884: 2.2757e-05
87885: 2.27568e-05
87886: 2.27565e-05
87887: 2.27562e-05
87888: 2.2756e-05
87889: 2.27557e-05
87890: 2.27555e-05
87891: 2.27552e-05
87892: 2.27549e-05
87893: 2.27547e-05
87894: 2.27544e-05
87895: 2.27542e-05
87896: 2.27539e-05
87897: 2.27536e-05
87898: 2.27534e-05
87899: 2.27531e-05
87900: 2.27529e-05
87901: 2.27526e-05
87902: 2.27524e-05
87903: 2.27521e-05
87904: 2.27518e-05
87905: 2.27516e-05
87906: 2.27513e-05
87907: 2.27511e-05
87908: 2.27508e-05
87909: 2.27505e-05
87910: 2.27503e-05
87911: 2.275e-05
87912: 2.27498e-05
87913: 2.27495e-05
87914: 2.27492e-05
87915: 2.2749e-05
87916: 2.27487e-05
87917: 2.27485e-05
87918: 2.27482e-05
87919: 2.2748e-05
87920: 2.27477e-05
87921: 2.27474e-05
87922: 2.27472e-05
87923: 2.27469e-05
87924: 2.27467e-05
87925: 2.27464e-05
87926: 2.27461e-05
87927: 2.27459e-05
87928: 2.27456e-05
87929: 2.27454e-05
87930: 2.27451e-05
87931: 2.27448e-05
87932: 2.27446e-05
87933: 2.27443e-05
87934: 2.27441e-05
87935: 2.27438e-05
87936: 2.27436e-05
87937: 2.27433e-05
87938: 2.2743e-05
87939: 2.27428e-05
87940: 2.27425e-05
87941: 2.27423e-05
87942: 2.2742e-05
87943: 2.27417e-05
87944: 2.27415e-05
87945: 2.27412e-05
87946: 2.2741e-05
87947: 2.27407e-05
87948: 2.27405e-05
87949: 2.27402e-05
87950: 2.27399e-05
87951: 2.27397e-05
87952: 2.27394e-05
87953: 2.27392e-05
87954: 2.27389e-05
87955: 2.27386e-05
87956: 2.27384e-05
87957: 2.27381e-05
87958: 2.27379e-05
87959: 2.27376e-05
87960: 2.27373e-05
87961: 2.27371e-05
87962: 2.27368e-05
87963: 2.27366e-05
87964: 2.27363e-05
87965: 2.27361e-05
87966: 2.27358e-05
87967: 2.27355e-05
87968: 2.27353e-05
87969: 2.2735e-05
87970: 2.27348e-05
87971: 2.27345e-05
87972: 2.27342e-05
87973: 2.2734e-05
87974: 2.27337e-05
87975: 2.27335e-05
87976: 2.27332e-05
87977: 2.2733e-05
87978: 2.27327e-05
87979: 2.27324e-05
87980: 2.27322e-05
87981: 2.27319e-05
87982: 2.27317e-05
87983: 2.27314e-05
87984: 2.27311e-05
87985: 2.27309e-05
87986: 2.27306e-05
87987: 2.27304e-05
87988: 2.27301e-05
87989: 2.27299e-05
87990: 2.27296e-05
87991: 2.27293e-05
87992: 2.27291e-05
87993: 2.27288e-05
87994: 2.27286e-05
87995: 2.27283e-05
87996: 2.2728e-05
87997: 2.27278e-05
87998: 2.27275e-05
87999: 2.27273e-05
88000: 2.2727e-05
88001: 2.27268e-05
88002: 2.27265e-05
88003: 2.27262e-05
88004: 2.2726e-05
88005: 2.27257e-05
88006: 2.27255e-05
88007: 2.27252e-05
88008: 2.27249e-05
88009: 2.27247e-05
88010: 2.27244e-05
88011: 2.27242e-05
88012: 2.27239e-05
88013: 2.27237e-05
88014: 2.27234e-05
88015: 2.27231e-05
88016: 2.27229e-05
88017: 2.27226e-05
88018: 2.27224e-05
88019: 2.27221e-05
88020: 2.27219e-05
88021: 2.27216e-05
88022: 2.27213e-05
88023: 2.27211e-05
88024: 2.27208e-05
88025: 2.27206e-05
88026: 2.27203e-05
88027: 2.272e-05
88028: 2.27198e-05
88029: 2.27195e-05
88030: 2.27193e-05
88031: 2.2719e-05
88032: 2.27188e-05
88033: 2.27185e-05
88034: 2.27182e-05
88035: 2.2718e-05
88036: 2.27177e-05
88037: 2.27175e-05
88038: 2.27172e-05
88039: 2.27169e-05
88040: 2.27167e-05
88041: 2.27164e-05
88042: 2.27162e-05
88043: 2.27159e-05
88044: 2.27157e-05
88045: 2.27154e-05
88046: 2.27151e-05
88047: 2.27149e-05
88048: 2.27146e-05
88049: 2.27144e-05
88050: 2.27141e-05
88051: 2.27139e-05
88052: 2.27136e-05
88053: 2.27133e-05
88054: 2.27131e-05
88055: 2.27128e-05
88056: 2.27126e-05
88057: 2.27123e-05
88058: 2.2712e-05
88059: 2.27118e-05
88060: 2.27115e-05
88061: 2.27113e-05
88062: 2.2711e-05
88063: 2.27108e-05
88064: 2.27105e-05
88065: 2.27102e-05
88066: 2.271e-05
88067: 2.27097e-05
88068: 2.27095e-05
88069: 2.27092e-05
88070: 2.2709e-05
88071: 2.27087e-05
88072: 2.27084e-05
88073: 2.27082e-05
88074: 2.27079e-05
88075: 2.27077e-05
88076: 2.27074e-05
88077: 2.27071e-05
88078: 2.27069e-05
88079: 2.27066e-05
88080: 2.27064e-05
88081: 2.27061e-05
88082: 2.27059e-05
88083: 2.27056e-05
88084: 2.27053e-05
88085: 2.27051e-05
88086: 2.27048e-05
88087: 2.27046e-05
88088: 2.27043e-05
88089: 2.27041e-05
88090: 2.27038e-05
88091: 2.27035e-05
88092: 2.27033e-05
88093: 2.2703e-05
88094: 2.27028e-05
88095: 2.27025e-05
88096: 2.27022e-05
88097: 2.2702e-05
88098: 2.27017e-05
88099: 2.27015e-05
88100: 2.27012e-05
88101: 2.2701e-05
88102: 2.27007e-05
88103: 2.27004e-05
88104: 2.27002e-05
88105: 2.26999e-05
88106: 2.26997e-05
88107: 2.26994e-05
88108: 2.26992e-05
88109: 2.26989e-05
88110: 2.26986e-05
88111: 2.26984e-05
88112: 2.26981e-05
88113: 2.26979e-05
88114: 2.26976e-05
88115: 2.26974e-05
88116: 2.26971e-05
88117: 2.26968e-05
88118: 2.26966e-05
88119: 2.26963e-05
88120: 2.26961e-05
88121: 2.26958e-05
88122: 2.26956e-05
88123: 2.26953e-05
88124: 2.2695e-05
88125: 2.26948e-05
88126: 2.26945e-05
88127: 2.26943e-05
88128: 2.2694e-05
88129: 2.26937e-05
88130: 2.26935e-05
88131: 2.26932e-05
88132: 2.2693e-05
88133: 2.26927e-05
88134: 2.26925e-05
88135: 2.26922e-05
88136: 2.26919e-05
88137: 2.26917e-05
88138: 2.26914e-05
88139: 2.26912e-05
88140: 2.26909e-05
88141: 2.26907e-05
88142: 2.26904e-05
88143: 2.26901e-05
88144: 2.26899e-05
88145: 2.26896e-05
88146: 2.26894e-05
88147: 2.26891e-05
88148: 2.26889e-05
88149: 2.26886e-05
88150: 2.26883e-05
88151: 2.26881e-05
88152: 2.26878e-05
88153: 2.26876e-05
88154: 2.26873e-05
88155: 2.26871e-05
88156: 2.26868e-05
88157: 2.26865e-05
88158: 2.26863e-05
88159: 2.2686e-05
88160: 2.26858e-05
88161: 2.26855e-05
88162: 2.26853e-05
88163: 2.2685e-05
88164: 2.26847e-05
88165: 2.26845e-05
88166: 2.26842e-05
88167: 2.2684e-05
88168: 2.26837e-05
88169: 2.26835e-05
88170: 2.26832e-05
88171: 2.26829e-05
88172: 2.26827e-05
88173: 2.26824e-05
88174: 2.26822e-05
88175: 2.26819e-05
88176: 2.26817e-05
88177: 2.26814e-05
88178: 2.26811e-05
88179: 2.26809e-05
88180: 2.26806e-05
88181: 2.26804e-05
88182: 2.26801e-05
88183: 2.26799e-05
88184: 2.26796e-05
88185: 2.26793e-05
88186: 2.26791e-05
88187: 2.26788e-05
88188: 2.26786e-05
88189: 2.26783e-05
88190: 2.26781e-05
88191: 2.26778e-05
88192: 2.26775e-05
88193: 2.26773e-05
88194: 2.2677e-05
88195: 2.26768e-05
88196: 2.26765e-05
88197: 2.26763e-05
88198: 2.2676e-05
88199: 2.26757e-05
88200: 2.26755e-05
88201: 2.26752e-05
88202: 2.2675e-05
88203: 2.26747e-05
88204: 2.26745e-05
88205: 2.26742e-05
88206: 2.26739e-05
88207: 2.26737e-05
88208: 2.26734e-05
88209: 2.26732e-05
88210: 2.26729e-05
88211: 2.26727e-05
88212: 2.26724e-05
88213: 2.26721e-05
88214: 2.26719e-05
88215: 2.26716e-05
88216: 2.26714e-05
88217: 2.26711e-05
88218: 2.26709e-05
88219: 2.26706e-05
88220: 2.26703e-05
88221: 2.26701e-05
88222: 2.26698e-05
88223: 2.26696e-05
88224: 2.26693e-05
88225: 2.26691e-05
88226: 2.26688e-05
88227: 2.26685e-05
88228: 2.26683e-05
88229: 2.2668e-05
88230: 2.26678e-05
88231: 2.26675e-05
88232: 2.26673e-05
88233: 2.2667e-05
88234: 2.26667e-05
88235: 2.26665e-05
88236: 2.26662e-05
88237: 2.2666e-05
88238: 2.26657e-05
88239: 2.26655e-05
88240: 2.26652e-05
88241: 2.26649e-05
88242: 2.26647e-05
88243: 2.26644e-05
88244: 2.26642e-05
88245: 2.26639e-05
88246: 2.26637e-05
88247: 2.26634e-05
88248: 2.26631e-05
88249: 2.26629e-05
88250: 2.26626e-05
88251: 2.26624e-05
88252: 2.26621e-05
88253: 2.26619e-05
88254: 2.26616e-05
88255: 2.26613e-05
88256: 2.26611e-05
88257: 2.26608e-05
88258: 2.26606e-05
88259: 2.26603e-05
88260: 2.26601e-05
88261: 2.26598e-05
88262: 2.26596e-05
88263: 2.26593e-05
88264: 2.2659e-05
88265: 2.26588e-05
88266: 2.26585e-05
88267: 2.26583e-05
88268: 2.2658e-05
88269: 2.26578e-05
88270: 2.26575e-05
88271: 2.26572e-05
88272: 2.2657e-05
88273: 2.26567e-05
88274: 2.26565e-05
88275: 2.26562e-05
88276: 2.2656e-05
88277: 2.26557e-05
88278: 2.26554e-05
88279: 2.26552e-05
88280: 2.26549e-05
88281: 2.26547e-05
88282: 2.26544e-05
88283: 2.26542e-05
88284: 2.26539e-05
88285: 2.26536e-05
88286: 2.26534e-05
88287: 2.26531e-05
88288: 2.26529e-05
88289: 2.26526e-05
88290: 2.26524e-05
88291: 2.26521e-05
88292: 2.26519e-05
88293: 2.26516e-05
88294: 2.26513e-05
88295: 2.26511e-05
88296: 2.26508e-05
88297: 2.26506e-05
88298: 2.26503e-05
88299: 2.26501e-05
88300: 2.26498e-05
88301: 2.26495e-05
88302: 2.26493e-05
88303: 2.2649e-05
88304: 2.26488e-05
88305: 2.26485e-05
88306: 2.26483e-05
88307: 2.2648e-05
88308: 2.26477e-05
88309: 2.26475e-05
88310: 2.26472e-05
88311: 2.2647e-05
88312: 2.26467e-05
88313: 2.26465e-05
88314: 2.26462e-05
88315: 2.2646e-05
88316: 2.26457e-05
88317: 2.26454e-05
88318: 2.26452e-05
88319: 2.26449e-05
88320: 2.26447e-05
88321: 2.26444e-05
88322: 2.26442e-05
88323: 2.26439e-05
88324: 2.26436e-05
88325: 2.26434e-05
88326: 2.26431e-05
88327: 2.26429e-05
88328: 2.26426e-05
88329: 2.26424e-05
88330: 2.26421e-05
88331: 2.26419e-05
88332: 2.26416e-05
88333: 2.26413e-05
88334: 2.26411e-05
88335: 2.26408e-05
88336: 2.26406e-05
88337: 2.26403e-05
88338: 2.26401e-05
88339: 2.26398e-05
88340: 2.26395e-05
88341: 2.26393e-05
88342: 2.2639e-05
88343: 2.26388e-05
88344: 2.26385e-05
88345: 2.26383e-05
88346: 2.2638e-05
88347: 2.26378e-05
88348: 2.26375e-05
88349: 2.26372e-05
88350: 2.2637e-05
88351: 2.26367e-05
88352: 2.26365e-05
88353: 2.26362e-05
88354: 2.2636e-05
88355: 2.26357e-05
88356: 2.26354e-05
88357: 2.26352e-05
88358: 2.26349e-05
88359: 2.26347e-05
88360: 2.26344e-05
88361: 2.26342e-05
88362: 2.26339e-05
88363: 2.26337e-05
88364: 2.26334e-05
88365: 2.26331e-05
88366: 2.26329e-05
88367: 2.26326e-05
88368: 2.26324e-05
88369: 2.26321e-05
88370: 2.26319e-05
88371: 2.26316e-05
88372: 2.26313e-05
88373: 2.26311e-05
88374: 2.26308e-05
88375: 2.26306e-05
88376: 2.26303e-05
88377: 2.26301e-05
88378: 2.26298e-05
88379: 2.26296e-05
88380: 2.26293e-05
88381: 2.2629e-05
88382: 2.26288e-05
88383: 2.26285e-05
88384: 2.26283e-05
88385: 2.2628e-05
88386: 2.26278e-05
88387: 2.26275e-05
88388: 2.26272e-05
88389: 2.2627e-05
88390: 2.26267e-05
88391: 2.26265e-05
88392: 2.26262e-05
88393: 2.2626e-05
88394: 2.26257e-05
88395: 2.26255e-05
88396: 2.26252e-05
88397: 2.26249e-05
88398: 2.26247e-05
88399: 2.26244e-05
88400: 2.26242e-05
88401: 2.26239e-05
88402: 2.26237e-05
88403: 2.26234e-05
88404: 2.26232e-05
88405: 2.26229e-05
88406: 2.26226e-05
88407: 2.26224e-05
88408: 2.26221e-05
88409: 2.26219e-05
88410: 2.26216e-05
88411: 2.26214e-05
88412: 2.26211e-05
88413: 2.26209e-05
88414: 2.26206e-05
88415: 2.26203e-05
88416: 2.26201e-05
88417: 2.26198e-05
88418: 2.26196e-05
88419: 2.26193e-05
88420: 2.26191e-05
88421: 2.26188e-05
88422: 2.26185e-05
88423: 2.26183e-05
88424: 2.2618e-05
88425: 2.26178e-05
88426: 2.26175e-05
88427: 2.26173e-05
88428: 2.2617e-05
88429: 2.26168e-05
88430: 2.26165e-05
88431: 2.26162e-05
88432: 2.2616e-05
88433: 2.26157e-05
88434: 2.26155e-05
88435: 2.26152e-05
88436: 2.2615e-05
88437: 2.26147e-05
88438: 2.26145e-05
88439: 2.26142e-05
88440: 2.26139e-05
88441: 2.26137e-05
88442: 2.26134e-05
88443: 2.26132e-05
88444: 2.26129e-05
88445: 2.26127e-05
88446: 2.26124e-05
88447: 2.26122e-05
88448: 2.26119e-05
88449: 2.26116e-05
88450: 2.26114e-05
88451: 2.26111e-05
88452: 2.26109e-05
88453: 2.26106e-05
88454: 2.26104e-05
88455: 2.26101e-05
88456: 2.26099e-05
88457: 2.26096e-05
88458: 2.26093e-05
88459: 2.26091e-05
88460: 2.26088e-05
88461: 2.26086e-05
88462: 2.26083e-05
88463: 2.26081e-05
88464: 2.26078e-05
88465: 2.26076e-05
88466: 2.26073e-05
88467: 2.2607e-05
88468: 2.26068e-05
88469: 2.26065e-05
88470: 2.26063e-05
88471: 2.2606e-05
88472: 2.26058e-05
88473: 2.26055e-05
88474: 2.26053e-05
88475: 2.2605e-05
88476: 2.26047e-05
88477: 2.26045e-05
88478: 2.26042e-05
88479: 2.2604e-05
88480: 2.26037e-05
88481: 2.26035e-05
88482: 2.26032e-05
88483: 2.2603e-05
88484: 2.26027e-05
88485: 2.26024e-05
88486: 2.26022e-05
88487: 2.26019e-05
88488: 2.26017e-05
88489: 2.26014e-05
88490: 2.26012e-05
88491: 2.26009e-05
88492: 2.26007e-05
88493: 2.26004e-05
88494: 2.26001e-05
88495: 2.25999e-05
88496: 2.25996e-05
88497: 2.25994e-05
88498: 2.25991e-05
88499: 2.25989e-05
88500: 2.25986e-05
88501: 2.25984e-05
88502: 2.25981e-05
88503: 2.25978e-05
88504: 2.25976e-05
88505: 2.25973e-05
88506: 2.25971e-05
88507: 2.25968e-05
88508: 2.25966e-05
88509: 2.25963e-05
88510: 2.25961e-05
88511: 2.25958e-05
88512: 2.25956e-05
88513: 2.25953e-05
88514: 2.2595e-05
88515: 2.25948e-05
88516: 2.25945e-05
88517: 2.25943e-05
88518: 2.2594e-05
88519: 2.25938e-05
88520: 2.25935e-05
88521: 2.25933e-05
88522: 2.2593e-05
88523: 2.25927e-05
88524: 2.25925e-05
88525: 2.25922e-05
88526: 2.2592e-05
88527: 2.25917e-05
88528: 2.25915e-05
88529: 2.25912e-05
88530: 2.2591e-05
88531: 2.25907e-05
88532: 2.25904e-05
88533: 2.25902e-05
88534: 2.25899e-05
88535: 2.25897e-05
88536: 2.25894e-05
88537: 2.25892e-05
88538: 2.25889e-05
88539: 2.25887e-05
88540: 2.25884e-05
88541: 2.25882e-05
88542: 2.25879e-05
88543: 2.25876e-05
88544: 2.25874e-05
88545: 2.25871e-05
88546: 2.25869e-05
88547: 2.25866e-05
88548: 2.25864e-05
88549: 2.25861e-05
88550: 2.25859e-05
88551: 2.25856e-05
88552: 2.25853e-05
88553: 2.25851e-05
88554: 2.25848e-05
88555: 2.25846e-05
88556: 2.25843e-05
88557: 2.25841e-05
88558: 2.25838e-05
88559: 2.25836e-05
88560: 2.25833e-05
88561: 2.2583e-05
88562: 2.25828e-05
88563: 2.25825e-05
88564: 2.25823e-05
88565: 2.2582e-05
88566: 2.25818e-05
88567: 2.25815e-05
88568: 2.25813e-05
88569: 2.2581e-05
88570: 2.25808e-05
88571: 2.25805e-05
88572: 2.25802e-05
88573: 2.258e-05
88574: 2.25797e-05
88575: 2.25795e-05
88576: 2.25792e-05
88577: 2.2579e-05
88578: 2.25787e-05
88579: 2.25785e-05
88580: 2.25782e-05
88581: 2.2578e-05
88582: 2.25777e-05
88583: 2.25774e-05
88584: 2.25772e-05
88585: 2.25769e-05
88586: 2.25767e-05
88587: 2.25764e-05
88588: 2.25762e-05
88589: 2.25759e-05
88590: 2.25757e-05
88591: 2.25754e-05
88592: 2.25751e-05
88593: 2.25749e-05
88594: 2.25746e-05
88595: 2.25744e-05
88596: 2.25741e-05
88597: 2.25739e-05
88598: 2.25736e-05
88599: 2.25734e-05
88600: 2.25731e-05
88601: 2.25729e-05
88602: 2.25726e-05
88603: 2.25723e-05
88604: 2.25721e-05
88605: 2.25718e-05
88606: 2.25716e-05
88607: 2.25713e-05
88608: 2.25711e-05
88609: 2.25708e-05
88610: 2.25706e-05
88611: 2.25703e-05
88612: 2.25701e-05
88613: 2.25698e-05
88614: 2.25695e-05
88615: 2.25693e-05
88616: 2.2569e-05
88617: 2.25688e-05
88618: 2.25685e-05
88619: 2.25683e-05
88620: 2.2568e-05
88621: 2.25678e-05
88622: 2.25675e-05
88623: 2.25673e-05
88624: 2.2567e-05
88625: 2.25667e-05
88626: 2.25665e-05
88627: 2.25662e-05
88628: 2.2566e-05
88629: 2.25657e-05
88630: 2.25655e-05
88631: 2.25652e-05
88632: 2.2565e-05
88633: 2.25647e-05
88634: 2.25644e-05
88635: 2.25642e-05
88636: 2.25639e-05
88637: 2.25637e-05
88638: 2.25634e-05
88639: 2.25632e-05
88640: 2.25629e-05
88641: 2.25627e-05
88642: 2.25624e-05
88643: 2.25622e-05
88644: 2.25619e-05
88645: 2.25616e-05
88646: 2.25614e-05
88647: 2.25611e-05
88648: 2.25609e-05
88649: 2.25606e-05
88650: 2.25604e-05
88651: 2.25601e-05
88652: 2.25599e-05
88653: 2.25596e-05
88654: 2.25594e-05
88655: 2.25591e-05
88656: 2.25589e-05
88657: 2.25586e-05
88658: 2.25583e-05
88659: 2.25581e-05
88660: 2.25578e-05
88661: 2.25576e-05
88662: 2.25573e-05
88663: 2.25571e-05
88664: 2.25568e-05
88665: 2.25566e-05
88666: 2.25563e-05
88667: 2.25561e-05
88668: 2.25558e-05
88669: 2.25555e-05
88670: 2.25553e-05
88671: 2.2555e-05
88672: 2.25548e-05
88673: 2.25545e-05
88674: 2.25543e-05
88675: 2.2554e-05
88676: 2.25538e-05
88677: 2.25535e-05
88678: 2.25533e-05
88679: 2.2553e-05
88680: 2.25527e-05
88681: 2.25525e-05
88682: 2.25522e-05
88683: 2.2552e-05
88684: 2.25517e-05
88685: 2.25515e-05
88686: 2.25512e-05
88687: 2.2551e-05
88688: 2.25507e-05
88689: 2.25505e-05
88690: 2.25502e-05
88691: 2.25499e-05
88692: 2.25497e-05
88693: 2.25494e-05
88694: 2.25492e-05
88695: 2.25489e-05
88696: 2.25487e-05
88697: 2.25484e-05
88698: 2.25482e-05
88699: 2.25479e-05
88700: 2.25477e-05
88701: 2.25474e-05
88702: 2.25472e-05
88703: 2.25469e-05
88704: 2.25466e-05
88705: 2.25464e-05
88706: 2.25461e-05
88707: 2.25459e-05
88708: 2.25456e-05
88709: 2.25454e-05
88710: 2.25451e-05
88711: 2.25449e-05
88712: 2.25446e-05
88713: 2.25444e-05
88714: 2.25441e-05
88715: 2.25438e-05
88716: 2.25436e-05
88717: 2.25433e-05
88718: 2.25431e-05
88719: 2.25428e-05
88720: 2.25426e-05
88721: 2.25423e-05
88722: 2.25421e-05
88723: 2.25418e-05
88724: 2.25416e-05
88725: 2.25413e-05
88726: 2.25411e-05
88727: 2.25408e-05
88728: 2.25405e-05
88729: 2.25403e-05
88730: 2.254e-05
88731: 2.25398e-05
88732: 2.25395e-05
88733: 2.25393e-05
88734: 2.2539e-05
88735: 2.25388e-05
88736: 2.25385e-05
88737: 2.25383e-05
88738: 2.2538e-05
88739: 2.25378e-05
88740: 2.25375e-05
88741: 2.25372e-05
88742: 2.2537e-05
88743: 2.25367e-05
88744: 2.25365e-05
88745: 2.25362e-05
88746: 2.2536e-05
88747: 2.25357e-05
88748: 2.25355e-05
88749: 2.25352e-05
88750: 2.2535e-05
88751: 2.25347e-05
88752: 2.25344e-05
88753: 2.25342e-05
88754: 2.25339e-05
88755: 2.25337e-05
88756: 2.25334e-05
88757: 2.25332e-05
88758: 2.25329e-05
88759: 2.25327e-05
88760: 2.25324e-05
88761: 2.25322e-05
88762: 2.25319e-05
88763: 2.25317e-05
88764: 2.25314e-05
88765: 2.25311e-05
88766: 2.25309e-05
88767: 2.25306e-05
88768: 2.25304e-05
88769: 2.25301e-05
88770: 2.25299e-05
88771: 2.25296e-05
88772: 2.25294e-05
88773: 2.25291e-05
88774: 2.25289e-05
88775: 2.25286e-05
88776: 2.25284e-05
88777: 2.25281e-05
88778: 2.25279e-05
88779: 2.25276e-05
88780: 2.25273e-05
88781: 2.25271e-05
88782: 2.25268e-05
88783: 2.25266e-05
88784: 2.25263e-05
88785: 2.25261e-05
88786: 2.25258e-05
88787: 2.25256e-05
88788: 2.25253e-05
88789: 2.25251e-05
88790: 2.25248e-05
88791: 2.25246e-05
88792: 2.25243e-05
88793: 2.2524e-05
88794: 2.25238e-05
88795: 2.25235e-05
88796: 2.25233e-05
88797: 2.2523e-05
88798: 2.25228e-05
88799: 2.25225e-05
88800: 2.25223e-05
88801: 2.2522e-05
88802: 2.25218e-05
88803: 2.25215e-05
88804: 2.25213e-05
88805: 2.2521e-05
88806: 2.25207e-05
88807: 2.25205e-05
88808: 2.25202e-05
88809: 2.252e-05
88810: 2.25197e-05
88811: 2.25195e-05
88812: 2.25192e-05
88813: 2.2519e-05
88814: 2.25187e-05
88815: 2.25185e-05
88816: 2.25182e-05
88817: 2.2518e-05
88818: 2.25177e-05
88819: 2.25175e-05
88820: 2.25172e-05
88821: 2.25169e-05
88822: 2.25167e-05
88823: 2.25164e-05
88824: 2.25162e-05
88825: 2.25159e-05
88826: 2.25157e-05
88827: 2.25154e-05
88828: 2.25152e-05
88829: 2.25149e-05
88830: 2.25147e-05
88831: 2.25144e-05
88832: 2.25142e-05
88833: 2.25139e-05
88834: 2.25136e-05
88835: 2.25134e-05
88836: 2.25131e-05
88837: 2.25129e-05
88838: 2.25126e-05
88839: 2.25124e-05
88840: 2.25121e-05
88841: 2.25119e-05
88842: 2.25116e-05
88843: 2.25114e-05
88844: 2.25111e-05
88845: 2.25109e-05
88846: 2.25106e-05
88847: 2.25104e-05
88848: 2.25101e-05
88849: 2.25098e-05
88850: 2.25096e-05
88851: 2.25093e-05
88852: 2.25091e-05
88853: 2.25088e-05
88854: 2.25086e-05
88855: 2.25083e-05
88856: 2.25081e-05
88857: 2.25078e-05
88858: 2.25076e-05
88859: 2.25073e-05
88860: 2.25071e-05
88861: 2.25068e-05
88862: 2.25066e-05
88863: 2.25063e-05
88864: 2.2506e-05
88865: 2.25058e-05
88866: 2.25055e-05
88867: 2.25053e-05
88868: 2.2505e-05
88869: 2.25048e-05
88870: 2.25045e-05
88871: 2.25043e-05
88872: 2.2504e-05
88873: 2.25038e-05
88874: 2.25035e-05
88875: 2.25033e-05
88876: 2.2503e-05
88877: 2.25028e-05
88878: 2.25025e-05
88879: 2.25023e-05
88880: 2.2502e-05
88881: 2.25017e-05
88882: 2.25015e-05
88883: 2.25012e-05
88884: 2.2501e-05
88885: 2.25007e-05
88886: 2.25005e-05
88887: 2.25002e-05
88888: 2.25e-05
88889: 2.24997e-05
88890: 2.24995e-05
88891: 2.24992e-05
88892: 2.2499e-05
88893: 2.24987e-05
88894: 2.24985e-05
88895: 2.24982e-05
88896: 2.24979e-05
88897: 2.24977e-05
88898: 2.24974e-05
88899: 2.24972e-05
88900: 2.24969e-05
88901: 2.24967e-05
88902: 2.24964e-05
88903: 2.24962e-05
88904: 2.24959e-05
88905: 2.24957e-05
88906: 2.24954e-05
88907: 2.24952e-05
88908: 2.24949e-05
88909: 2.24947e-05
88910: 2.24944e-05
88911: 2.24942e-05
88912: 2.24939e-05
88913: 2.24936e-05
88914: 2.24934e-05
88915: 2.24931e-05
88916: 2.24929e-05
88917: 2.24926e-05
88918: 2.24924e-05
88919: 2.24921e-05
88920: 2.24919e-05
88921: 2.24916e-05
88922: 2.24914e-05
88923: 2.24911e-05
88924: 2.24909e-05
88925: 2.24906e-05
88926: 2.24904e-05
88927: 2.24901e-05
88928: 2.24899e-05
88929: 2.24896e-05
88930: 2.24893e-05
88931: 2.24891e-05
88932: 2.24888e-05
88933: 2.24886e-05
88934: 2.24883e-05
88935: 2.24881e-05
88936: 2.24878e-05
88937: 2.24876e-05
88938: 2.24873e-05
88939: 2.24871e-05
88940: 2.24868e-05
88941: 2.24866e-05
88942: 2.24863e-05
88943: 2.24861e-05
88944: 2.24858e-05
88945: 2.24856e-05
88946: 2.24853e-05
88947: 2.2485e-05
88948: 2.24848e-05
88949: 2.24845e-05
88950: 2.24843e-05
88951: 2.2484e-05
88952: 2.24838e-05
88953: 2.24835e-05
88954: 2.24833e-05
88955: 2.2483e-05
88956: 2.24828e-05
88957: 2.24825e-05
88958: 2.24823e-05
88959: 2.2482e-05
88960: 2.24818e-05
88961: 2.24815e-05
88962: 2.24813e-05
88963: 2.2481e-05
88964: 2.24808e-05
88965: 2.24805e-05
88966: 2.24802e-05
88967: 2.248e-05
88968: 2.24797e-05
88969: 2.24795e-05
88970: 2.24792e-05
88971: 2.2479e-05
88972: 2.24787e-05
88973: 2.24785e-05
88974: 2.24782e-05
88975: 2.2478e-05
88976: 2.24777e-05
88977: 2.24775e-05
88978: 2.24772e-05
88979: 2.2477e-05
88980: 2.24767e-05
88981: 2.24765e-05
88982: 2.24762e-05
88983: 2.2476e-05
88984: 2.24757e-05
88985: 2.24754e-05
88986: 2.24752e-05
88987: 2.24749e-05
88988: 2.24747e-05
88989: 2.24744e-05
88990: 2.24742e-05
88991: 2.24739e-05
88992: 2.24737e-05
88993: 2.24734e-05
88994: 2.24732e-05
88995: 2.24729e-05
88996: 2.24727e-05
88997: 2.24724e-05
88998: 2.24722e-05
88999: 2.24719e-05
89000: 2.24717e-05
89001: 2.24714e-05
89002: 2.24712e-05
89003: 2.24709e-05
89004: 2.24706e-05
89005: 2.24704e-05
89006: 2.24701e-05
89007: 2.24699e-05
89008: 2.24696e-05
89009: 2.24694e-05
89010: 2.24691e-05
89011: 2.24689e-05
89012: 2.24686e-05
89013: 2.24684e-05
89014: 2.24681e-05
89015: 2.24679e-05
89016: 2.24676e-05
89017: 2.24674e-05
89018: 2.24671e-05
89019: 2.24669e-05
89020: 2.24666e-05
89021: 2.24664e-05
89022: 2.24661e-05
89023: 2.24659e-05
89024: 2.24656e-05
89025: 2.24653e-05
89026: 2.24651e-05
89027: 2.24648e-05
89028: 2.24646e-05
89029: 2.24643e-05
89030: 2.24641e-05
89031: 2.24638e-05
89032: 2.24636e-05
89033: 2.24633e-05
89034: 2.24631e-05
89035: 2.24628e-05
89036: 2.24626e-05
89037: 2.24623e-05
89038: 2.24621e-05
89039: 2.24618e-05
89040: 2.24616e-05
89041: 2.24613e-05
89042: 2.24611e-05
89043: 2.24608e-05
89044: 2.24606e-05
89045: 2.24603e-05
89046: 2.246e-05
89047: 2.24598e-05
89048: 2.24595e-05
89049: 2.24593e-05
89050: 2.2459e-05
89051: 2.24588e-05
89052: 2.24585e-05
89053: 2.24583e-05
89054: 2.2458e-05
89055: 2.24578e-05
89056: 2.24575e-05
89057: 2.24573e-05
89058: 2.2457e-05
89059: 2.24568e-05
89060: 2.24565e-05
89061: 2.24563e-05
89062: 2.2456e-05
89063: 2.24558e-05
89064: 2.24555e-05
89065: 2.24553e-05
89066: 2.2455e-05
89067: 2.24548e-05
89068: 2.24545e-05
89069: 2.24542e-05
89070: 2.2454e-05
89071: 2.24537e-05
89072: 2.24535e-05
89073: 2.24532e-05
89074: 2.2453e-05
89075: 2.24527e-05
89076: 2.24525e-05
89077: 2.24522e-05
89078: 2.2452e-05
89079: 2.24517e-05
89080: 2.24515e-05
89081: 2.24512e-05
89082: 2.2451e-05
89083: 2.24507e-05
89084: 2.24505e-05
89085: 2.24502e-05
89086: 2.245e-05
89087: 2.24497e-05
89088: 2.24495e-05
89089: 2.24492e-05
89090: 2.2449e-05
89091: 2.24487e-05
89092: 2.24485e-05
89093: 2.24482e-05
89094: 2.24479e-05
89095: 2.24477e-05
89096: 2.24474e-05
89097: 2.24472e-05
89098: 2.24469e-05
89099: 2.24467e-05
89100: 2.24464e-05
89101: 2.24462e-05
89102: 2.24459e-05
89103: 2.24457e-05
89104: 2.24454e-05
89105: 2.24452e-05
89106: 2.24449e-05
89107: 2.24447e-05
89108: 2.24444e-05
89109: 2.24442e-05
89110: 2.24439e-05
89111: 2.24437e-05
89112: 2.24434e-05
89113: 2.24432e-05
89114: 2.24429e-05
89115: 2.24427e-05
89116: 2.24424e-05
89117: 2.24422e-05
89118: 2.24419e-05
89119: 2.24417e-05
89120: 2.24414e-05
89121: 2.24411e-05
89122: 2.24409e-05
89123: 2.24406e-05
89124: 2.24404e-05
89125: 2.24401e-05
89126: 2.24399e-05
89127: 2.24396e-05
89128: 2.24394e-05
89129: 2.24391e-05
89130: 2.24389e-05
89131: 2.24386e-05
89132: 2.24384e-05
89133: 2.24381e-05
89134: 2.24379e-05
89135: 2.24376e-05
89136: 2.24374e-05
89137: 2.24371e-05
89138: 2.24369e-05
89139: 2.24366e-05
89140: 2.24364e-05
89141: 2.24361e-05
89142: 2.24359e-05
89143: 2.24356e-05
89144: 2.24354e-05
89145: 2.24351e-05
89146: 2.24349e-05
89147: 2.24346e-05
89148: 2.24344e-05
89149: 2.24341e-05
89150: 2.24338e-05
89151: 2.24336e-05
89152: 2.24333e-05
89153: 2.24331e-05
89154: 2.24328e-05
89155: 2.24326e-05
89156: 2.24323e-05
89157: 2.24321e-05
89158: 2.24318e-05
89159: 2.24316e-05
89160: 2.24313e-05
89161: 2.24311e-05
89162: 2.24308e-05
89163: 2.24306e-05
89164: 2.24303e-05
89165: 2.24301e-05
89166: 2.24298e-05
89167: 2.24296e-05
89168: 2.24293e-05
89169: 2.24291e-05
89170: 2.24288e-05
89171: 2.24286e-05
89172: 2.24283e-05
89173: 2.24281e-05
89174: 2.24278e-05
89175: 2.24276e-05
89176: 2.24273e-05
89177: 2.24271e-05
89178: 2.24268e-05
89179: 2.24266e-05
89180: 2.24263e-05
89181: 2.24261e-05
89182: 2.24258e-05
89183: 2.24255e-05
89184: 2.24253e-05
89185: 2.2425e-05
89186: 2.24248e-05
89187: 2.24245e-05
89188: 2.24243e-05
89189: 2.2424e-05
89190: 2.24238e-05
89191: 2.24235e-05
89192: 2.24233e-05
89193: 2.2423e-05
89194: 2.24228e-05
89195: 2.24225e-05
89196: 2.24223e-05
89197: 2.2422e-05
89198: 2.24218e-05
89199: 2.24215e-05
89200: 2.24213e-05
89201: 2.2421e-05
89202: 2.24208e-05
89203: 2.24205e-05
89204: 2.24203e-05
89205: 2.242e-05
89206: 2.24198e-05
89207: 2.24195e-05
89208: 2.24193e-05
89209: 2.2419e-05
89210: 2.24188e-05
89211: 2.24185e-05
89212: 2.24183e-05
89213: 2.2418e-05
89214: 2.24178e-05
89215: 2.24175e-05
89216: 2.24173e-05
89217: 2.2417e-05
89218: 2.24167e-05
89219: 2.24165e-05
89220: 2.24162e-05
89221: 2.2416e-05
89222: 2.24157e-05
89223: 2.24155e-05
89224: 2.24152e-05
89225: 2.2415e-05
89226: 2.24147e-05
89227: 2.24145e-05
89228: 2.24142e-05
89229: 2.2414e-05
89230: 2.24137e-05
89231: 2.24135e-05
89232: 2.24132e-05
89233: 2.2413e-05
89234: 2.24127e-05
89235: 2.24125e-05
89236: 2.24122e-05
89237: 2.2412e-05
89238: 2.24117e-05
89239: 2.24115e-05
89240: 2.24112e-05
89241: 2.2411e-05
89242: 2.24107e-05
89243: 2.24105e-05
89244: 2.24102e-05
89245: 2.241e-05
89246: 2.24097e-05
89247: 2.24095e-05
89248: 2.24092e-05
89249: 2.2409e-05
89250: 2.24087e-05
89251: 2.24085e-05
89252: 2.24082e-05
89253: 2.2408e-05
89254: 2.24077e-05
89255: 2.24075e-05
89256: 2.24072e-05
89257: 2.2407e-05
89258: 2.24067e-05
89259: 2.24065e-05
89260: 2.24062e-05
89261: 2.2406e-05
89262: 2.24057e-05
89263: 2.24054e-05
89264: 2.24052e-05
89265: 2.24049e-05
89266: 2.24047e-05
89267: 2.24044e-05
89268: 2.24042e-05
89269: 2.24039e-05
89270: 2.24037e-05
89271: 2.24034e-05
89272: 2.24032e-05
89273: 2.24029e-05
89274: 2.24027e-05
89275: 2.24024e-05
89276: 2.24022e-05
89277: 2.24019e-05
89278: 2.24017e-05
89279: 2.24014e-05
89280: 2.24012e-05
89281: 2.24009e-05
89282: 2.24007e-05
89283: 2.24004e-05
89284: 2.24002e-05
89285: 2.23999e-05
89286: 2.23997e-05
89287: 2.23994e-05
89288: 2.23992e-05
89289: 2.23989e-05
89290: 2.23987e-05
89291: 2.23984e-05
89292: 2.23982e-05
89293: 2.23979e-05
89294: 2.23977e-05
89295: 2.23974e-05
89296: 2.23972e-05
89297: 2.23969e-05
89298: 2.23967e-05
89299: 2.23964e-05
89300: 2.23962e-05
89301: 2.23959e-05
89302: 2.23957e-05
89303: 2.23954e-05
89304: 2.23952e-05
89305: 2.23949e-05
89306: 2.23947e-05
89307: 2.23944e-05
89308: 2.23942e-05
89309: 2.23939e-05
89310: 2.23937e-05
89311: 2.23934e-05
89312: 2.23932e-05
89313: 2.23929e-05
89314: 2.23927e-05
89315: 2.23924e-05
89316: 2.23922e-05
89317: 2.23919e-05
89318: 2.23917e-05
89319: 2.23914e-05
89320: 2.23912e-05
89321: 2.23909e-05
89322: 2.23906e-05
89323: 2.23904e-05
89324: 2.23901e-05
89325: 2.23899e-05
89326: 2.23896e-05
89327: 2.23894e-05
89328: 2.23891e-05
89329: 2.23889e-05
89330: 2.23886e-05
89331: 2.23884e-05
89332: 2.23881e-05
89333: 2.23879e-05
89334: 2.23876e-05
89335: 2.23874e-05
89336: 2.23871e-05
89337: 2.23869e-05
89338: 2.23866e-05
89339: 2.23864e-05
89340: 2.23861e-05
89341: 2.23859e-05
89342: 2.23856e-05
89343: 2.23854e-05
89344: 2.23851e-05
89345: 2.23849e-05
89346: 2.23846e-05
89347: 2.23844e-05
89348: 2.23841e-05
89349: 2.23839e-05
89350: 2.23836e-05
89351: 2.23834e-05
89352: 2.23831e-05
89353: 2.23829e-05
89354: 2.23826e-05
89355: 2.23824e-05
89356: 2.23821e-05
89357: 2.23819e-05
89358: 2.23816e-05
89359: 2.23814e-05
89360: 2.23811e-05
89361: 2.23809e-05
89362: 2.23806e-05
89363: 2.23804e-05
89364: 2.23801e-05
89365: 2.23799e-05
89366: 2.23796e-05
89367: 2.23794e-05
89368: 2.23791e-05
89369: 2.23789e-05
89370: 2.23786e-05
89371: 2.23784e-05
89372: 2.23781e-05
89373: 2.23779e-05
89374: 2.23776e-05
89375: 2.23774e-05
89376: 2.23771e-05
89377: 2.23769e-05
89378: 2.23766e-05
89379: 2.23764e-05
89380: 2.23761e-05
89381: 2.23759e-05
89382: 2.23756e-05
89383: 2.23754e-05
89384: 2.23751e-05
89385: 2.23749e-05
89386: 2.23746e-05
89387: 2.23744e-05
89388: 2.23741e-05
89389: 2.23739e-05
89390: 2.23736e-05
89391: 2.23734e-05
89392: 2.23731e-05
89393: 2.23729e-05
89394: 2.23726e-05
89395: 2.23724e-05
89396: 2.23721e-05
89397: 2.23719e-05
89398: 2.23716e-05
89399: 2.23714e-05
89400: 2.23711e-05
89401: 2.23709e-05
89402: 2.23706e-05
89403: 2.23704e-05
89404: 2.23701e-05
89405: 2.23699e-05
89406: 2.23696e-05
89407: 2.23694e-05
89408: 2.23691e-05
89409: 2.23689e-05
89410: 2.23686e-05
89411: 2.23684e-05
89412: 2.23681e-05
89413: 2.23679e-05
89414: 2.23676e-05
89415: 2.23674e-05
89416: 2.23671e-05
89417: 2.23669e-05
89418: 2.23666e-05
89419: 2.23664e-05
89420: 2.23661e-05
89421: 2.23659e-05
89422: 2.23656e-05
89423: 2.23654e-05
89424: 2.23651e-05
89425: 2.23649e-05
89426: 2.23646e-05
89427: 2.23644e-05
89428: 2.23641e-05
89429: 2.23639e-05
89430: 2.23636e-05
89431: 2.23634e-05
89432: 2.23631e-05
89433: 2.23629e-05
89434: 2.23626e-05
89435: 2.23624e-05
89436: 2.23621e-05
89437: 2.23619e-05
89438: 2.23616e-05
89439: 2.23614e-05
89440: 2.23611e-05
89441: 2.23609e-05
89442: 2.23606e-05
89443: 2.23604e-05
89444: 2.23601e-05
89445: 2.23599e-05
89446: 2.23596e-05
89447: 2.23594e-05
89448: 2.23591e-05
89449: 2.23589e-05
89450: 2.23586e-05
89451: 2.23584e-05
89452: 2.23581e-05
89453: 2.23579e-05
89454: 2.23576e-05
89455: 2.23574e-05
89456: 2.23571e-05
89457: 2.23569e-05
89458: 2.23566e-05
89459: 2.23564e-05
89460: 2.23561e-05
89461: 2.23559e-05
89462: 2.23556e-05
89463: 2.23554e-05
89464: 2.23551e-05
89465: 2.23549e-05
89466: 2.23546e-05
89467: 2.23544e-05
89468: 2.23541e-05
89469: 2.23539e-05
89470: 2.23536e-05
89471: 2.23534e-05
89472: 2.23531e-05
89473: 2.23529e-05
89474: 2.23526e-05
89475: 2.23524e-05
89476: 2.23521e-05
89477: 2.23519e-05
89478: 2.23516e-05
89479: 2.23514e-05
89480: 2.23511e-05
89481: 2.23509e-05
89482: 2.23506e-05
89483: 2.23504e-05
89484: 2.23501e-05
89485: 2.23499e-05
89486: 2.23496e-05
89487: 2.23494e-05
89488: 2.23491e-05
89489: 2.23489e-05
89490: 2.23486e-05
89491: 2.23484e-05
89492: 2.23481e-05
89493: 2.23479e-05
89494: 2.23476e-05
89495: 2.23474e-05
89496: 2.23471e-05
89497: 2.23469e-05
89498: 2.23466e-05
89499: 2.23464e-05
89500: 2.23461e-05
89501: 2.23459e-05
89502: 2.23456e-05
89503: 2.23454e-05
89504: 2.23451e-05
89505: 2.23449e-05
89506: 2.23446e-05
89507: 2.23444e-05
89508: 2.23441e-05
89509: 2.23439e-05
89510: 2.23436e-05
89511: 2.23434e-05
89512: 2.23431e-05
89513: 2.23429e-05
89514: 2.23426e-05
89515: 2.23424e-05
89516: 2.23421e-05
89517: 2.23419e-05
89518: 2.23416e-05
89519: 2.23414e-05
89520: 2.23411e-05
89521: 2.23409e-05
89522: 2.23406e-05
89523: 2.23404e-05
89524: 2.23401e-05
89525: 2.23399e-05
89526: 2.23396e-05
89527: 2.23394e-05
89528: 2.23391e-05
89529: 2.23389e-05
89530: 2.23386e-05
89531: 2.23384e-05
89532: 2.23381e-05
89533: 2.23379e-05
89534: 2.23376e-05
89535: 2.23374e-05
89536: 2.23371e-05
89537: 2.23369e-05
89538: 2.23366e-05
89539: 2.23364e-05
89540: 2.23361e-05
89541: 2.23359e-05
89542: 2.23356e-05
89543: 2.23354e-05
89544: 2.23351e-05
89545: 2.23349e-05
89546: 2.23346e-05
89547: 2.23344e-05
89548: 2.23341e-05
89549: 2.23339e-05
89550: 2.23336e-05
89551: 2.23334e-05
89552: 2.23331e-05
89553: 2.23329e-05
89554: 2.23326e-05
89555: 2.23324e-05
89556: 2.23321e-05
89557: 2.23319e-05
89558: 2.23316e-05
89559: 2.23314e-05
89560: 2.23311e-05
89561: 2.23309e-05
89562: 2.23306e-05
89563: 2.23304e-05
89564: 2.23302e-05
89565: 2.23299e-05
89566: 2.23297e-05
89567: 2.23294e-05
89568: 2.23292e-05
89569: 2.23289e-05
89570: 2.23287e-05
89571: 2.23284e-05
89572: 2.23282e-05
89573: 2.23279e-05
89574: 2.23277e-05
89575: 2.23274e-05
89576: 2.23272e-05
89577: 2.23269e-05
89578: 2.23267e-05
89579: 2.23264e-05
89580: 2.23262e-05
89581: 2.23259e-05
89582: 2.23257e-05
89583: 2.23254e-05
89584: 2.23252e-05
89585: 2.23249e-05
89586: 2.23247e-05
89587: 2.23244e-05
89588: 2.23242e-05
89589: 2.23239e-05
89590: 2.23237e-05
89591: 2.23234e-05
89592: 2.23232e-05
89593: 2.23229e-05
89594: 2.23227e-05
89595: 2.23224e-05
89596: 2.23222e-05
89597: 2.23219e-05
89598: 2.23217e-05
89599: 2.23214e-05
89600: 2.23212e-05
89601: 2.23209e-05
89602: 2.23207e-05
89603: 2.23204e-05
89604: 2.23202e-05
89605: 2.23199e-05
89606: 2.23197e-05
89607: 2.23194e-05
89608: 2.23192e-05
89609: 2.23189e-05
89610: 2.23187e-05
89611: 2.23184e-05
89612: 2.23182e-05
89613: 2.23179e-05
89614: 2.23177e-05
89615: 2.23174e-05
89616: 2.23172e-05
89617: 2.23169e-05
89618: 2.23167e-05
89619: 2.23164e-05
89620: 2.23162e-05
89621: 2.23159e-05
89622: 2.23157e-05
89623: 2.23155e-05
89624: 2.23152e-05
89625: 2.2315e-05
89626: 2.23147e-05
89627: 2.23145e-05
89628: 2.23142e-05
89629: 2.2314e-05
89630: 2.23137e-05
89631: 2.23135e-05
89632: 2.23132e-05
89633: 2.2313e-05
89634: 2.23127e-05
89635: 2.23125e-05
89636: 2.23122e-05
89637: 2.2312e-05
89638: 2.23117e-05
89639: 2.23115e-05
89640: 2.23112e-05
89641: 2.2311e-05
89642: 2.23107e-05
89643: 2.23105e-05
89644: 2.23102e-05
89645: 2.231e-05
89646: 2.23097e-05
89647: 2.23095e-05
89648: 2.23092e-05
89649: 2.2309e-05
89650: 2.23087e-05
89651: 2.23085e-05
89652: 2.23082e-05
89653: 2.2308e-05
89654: 2.23077e-05
89655: 2.23075e-05
89656: 2.23072e-05
89657: 2.2307e-05
89658: 2.23067e-05
89659: 2.23065e-05
89660: 2.23062e-05
89661: 2.2306e-05
89662: 2.23057e-05
89663: 2.23055e-05
89664: 2.23052e-05
89665: 2.2305e-05
89666: 2.23047e-05
89667: 2.23045e-05
89668: 2.23043e-05
89669: 2.2304e-05
89670: 2.23038e-05
89671: 2.23035e-05
89672: 2.23033e-05
89673: 2.2303e-05
89674: 2.23028e-05
89675: 2.23025e-05
89676: 2.23023e-05
89677: 2.2302e-05
89678: 2.23018e-05
89679: 2.23015e-05
89680: 2.23013e-05
89681: 2.2301e-05
89682: 2.23008e-05
89683: 2.23005e-05
89684: 2.23003e-05
89685: 2.23e-05
89686: 2.22998e-05
89687: 2.22995e-05
89688: 2.22993e-05
89689: 2.2299e-05
89690: 2.22988e-05
89691: 2.22985e-05
89692: 2.22983e-05
89693: 2.2298e-05
89694: 2.22978e-05
89695: 2.22975e-05
89696: 2.22973e-05
89697: 2.2297e-05
89698: 2.22968e-05
89699: 2.22965e-05
89700: 2.22963e-05
89701: 2.2296e-05
89702: 2.22958e-05
89703: 2.22955e-05
89704: 2.22953e-05
89705: 2.22951e-05
89706: 2.22948e-05
89707: 2.22946e-05
89708: 2.22943e-05
89709: 2.22941e-05
89710: 2.22938e-05
89711: 2.22936e-05
89712: 2.22933e-05
89713: 2.22931e-05
89714: 2.22928e-05
89715: 2.22926e-05
89716: 2.22923e-05
89717: 2.22921e-05
89718: 2.22918e-05
89719: 2.22916e-05
89720: 2.22913e-05
89721: 2.22911e-05
89722: 2.22908e-05
89723: 2.22906e-05
89724: 2.22903e-05
89725: 2.22901e-05
89726: 2.22898e-05
89727: 2.22896e-05
89728: 2.22893e-05
89729: 2.22891e-05
89730: 2.22888e-05
89731: 2.22886e-05
89732: 2.22883e-05
89733: 2.22881e-05
89734: 2.22878e-05
89735: 2.22876e-05
89736: 2.22874e-05
89737: 2.22871e-05
89738: 2.22869e-05
89739: 2.22866e-05
89740: 2.22864e-05
89741: 2.22861e-05
89742: 2.22859e-05
89743: 2.22856e-05
89744: 2.22854e-05
89745: 2.22851e-05
89746: 2.22849e-05
89747: 2.22846e-05
89748: 2.22844e-05
89749: 2.22841e-05
89750: 2.22839e-05
89751: 2.22836e-05
89752: 2.22834e-05
89753: 2.22831e-05
89754: 2.22829e-05
89755: 2.22826e-05
89756: 2.22824e-05
89757: 2.22821e-05
89758: 2.22819e-05
89759: 2.22816e-05
89760: 2.22814e-05
89761: 2.22811e-05
89762: 2.22809e-05
89763: 2.22806e-05
89764: 2.22804e-05
89765: 2.22802e-05
89766: 2.22799e-05
89767: 2.22797e-05
89768: 2.22794e-05
89769: 2.22792e-05
89770: 2.22789e-05
89771: 2.22787e-05
89772: 2.22784e-05
89773: 2.22782e-05
89774: 2.22779e-05
89775: 2.22777e-05
89776: 2.22774e-05
89777: 2.22772e-05
89778: 2.22769e-05
89779: 2.22767e-05
89780: 2.22764e-05
89781: 2.22762e-05
89782: 2.22759e-05
89783: 2.22757e-05
89784: 2.22754e-05
89785: 2.22752e-05
89786: 2.22749e-05
89787: 2.22747e-05
89788: 2.22744e-05
89789: 2.22742e-05
89790: 2.22739e-05
89791: 2.22737e-05
89792: 2.22735e-05
89793: 2.22732e-05
89794: 2.2273e-05
89795: 2.22727e-05
89796: 2.22725e-05
89797: 2.22722e-05
89798: 2.2272e-05
89799: 2.22717e-05
89800: 2.22715e-05
89801: 2.22712e-05
89802: 2.2271e-05
89803: 2.22707e-05
89804: 2.22705e-05
89805: 2.22702e-05
89806: 2.227e-05
89807: 2.22697e-05
89808: 2.22695e-05
89809: 2.22692e-05
89810: 2.2269e-05
89811: 2.22687e-05
89812: 2.22685e-05
89813: 2.22682e-05
89814: 2.2268e-05
89815: 2.22677e-05
89816: 2.22675e-05
89817: 2.22673e-05
89818: 2.2267e-05
89819: 2.22668e-05
89820: 2.22665e-05
89821: 2.22663e-05
89822: 2.2266e-05
89823: 2.22658e-05
89824: 2.22655e-05
89825: 2.22653e-05
89826: 2.2265e-05
89827: 2.22648e-05
89828: 2.22645e-05
89829: 2.22643e-05
89830: 2.2264e-05
89831: 2.22638e-05
89832: 2.22635e-05
89833: 2.22633e-05
89834: 2.2263e-05
89835: 2.22628e-05
89836: 2.22625e-05
89837: 2.22623e-05
89838: 2.2262e-05
89839: 2.22618e-05
89840: 2.22616e-05
89841: 2.22613e-05
89842: 2.22611e-05
89843: 2.22608e-05
89844: 2.22606e-05
89845: 2.22603e-05
89846: 2.22601e-05
89847: 2.22598e-05
89848: 2.22596e-05
89849: 2.22593e-05
89850: 2.22591e-05
89851: 2.22588e-05
89852: 2.22586e-05
89853: 2.22583e-05
89854: 2.22581e-05
89855: 2.22578e-05
89856: 2.22576e-05
89857: 2.22573e-05
89858: 2.22571e-05
89859: 2.22568e-05
89860: 2.22566e-05
89861: 2.22563e-05
89862: 2.22561e-05
89863: 2.22559e-05
89864: 2.22556e-05
89865: 2.22554e-05
89866: 2.22551e-05
89867: 2.22549e-05
89868: 2.22546e-05
89869: 2.22544e-05
89870: 2.22541e-05
89871: 2.22539e-05
89872: 2.22536e-05
89873: 2.22534e-05
89874: 2.22531e-05
89875: 2.22529e-05
89876: 2.22526e-05
89877: 2.22524e-05
89878: 2.22521e-05
89879: 2.22519e-05
89880: 2.22516e-05
89881: 2.22514e-05
89882: 2.22511e-05
89883: 2.22509e-05
89884: 2.22507e-05
89885: 2.22504e-05
89886: 2.22502e-05
89887: 2.22499e-05
89888: 2.22497e-05
89889: 2.22494e-05
89890: 2.22492e-05
89891: 2.22489e-05
89892: 2.22487e-05
89893: 2.22484e-05
89894: 2.22482e-05
89895: 2.22479e-05
89896: 2.22477e-05
89897: 2.22474e-05
89898: 2.22472e-05
89899: 2.22469e-05
89900: 2.22467e-05
89901: 2.22464e-05
89902: 2.22462e-05
89903: 2.2246e-05
89904: 2.22457e-05
89905: 2.22455e-05
89906: 2.22452e-05
89907: 2.2245e-05
89908: 2.22447e-05
89909: 2.22445e-05
89910: 2.22442e-05
89911: 2.2244e-05
89912: 2.22437e-05
89913: 2.22435e-05
89914: 2.22432e-05
89915: 2.2243e-05
89916: 2.22427e-05
89917: 2.22425e-05
89918: 2.22422e-05
89919: 2.2242e-05
89920: 2.22417e-05
89921: 2.22415e-05
89922: 2.22413e-05
89923: 2.2241e-05
89924: 2.22408e-05
89925: 2.22405e-05
89926: 2.22403e-05
89927: 2.224e-05
89928: 2.22398e-05
89929: 2.22395e-05
89930: 2.22393e-05
89931: 2.2239e-05
89932: 2.22388e-05
89933: 2.22385e-05
89934: 2.22383e-05
89935: 2.2238e-05
89936: 2.22378e-05
89937: 2.22375e-05
89938: 2.22373e-05
89939: 2.2237e-05
89940: 2.22368e-05
89941: 2.22366e-05
89942: 2.22363e-05
89943: 2.22361e-05
89944: 2.22358e-05
89945: 2.22356e-05
89946: 2.22353e-05
89947: 2.22351e-05
89948: 2.22348e-05
89949: 2.22346e-05
89950: 2.22343e-05
89951: 2.22341e-05
89952: 2.22338e-05
89953: 2.22336e-05
89954: 2.22333e-05
89955: 2.22331e-05
89956: 2.22328e-05
89957: 2.22326e-05
89958: 2.22324e-05
89959: 2.22321e-05
89960: 2.22319e-05
89961: 2.22316e-05
89962: 2.22314e-05
89963: 2.22311e-05
89964: 2.22309e-05
89965: 2.22306e-05
89966: 2.22304e-05
89967: 2.22301e-05
89968: 2.22299e-05
89969: 2.22296e-05
89970: 2.22294e-05
89971: 2.22291e-05
89972: 2.22289e-05
89973: 2.22286e-05
89974: 2.22284e-05
89975: 2.22281e-05
89976: 2.22279e-05
89977: 2.22277e-05
89978: 2.22274e-05
89979: 2.22272e-05
89980: 2.22269e-05
89981: 2.22267e-05
89982: 2.22264e-05
89983: 2.22262e-05
89984: 2.22259e-05
89985: 2.22257e-05
89986: 2.22254e-05
89987: 2.22252e-05
89988: 2.22249e-05
89989: 2.22247e-05
89990: 2.22244e-05
89991: 2.22242e-05
89992: 2.2224e-05
89993: 2.22237e-05
89994: 2.22235e-05
89995: 2.22232e-05
89996: 2.2223e-05
89997: 2.22227e-05
89998: 2.22225e-05
89999: 2.22222e-05
90000: 2.2222e-05
90001: 2.22217e-05
90002: 2.22215e-05
90003: 2.22212e-05
90004: 2.2221e-05
90005: 2.22207e-05
90006: 2.22205e-05
90007: 2.22202e-05
90008: 2.222e-05
90009: 2.22198e-05
90010: 2.22195e-05
90011: 2.22193e-05
90012: 2.2219e-05
90013: 2.22188e-05
90014: 2.22185e-05
90015: 2.22183e-05
90016: 2.2218e-05
90017: 2.22178e-05
90018: 2.22175e-05
90019: 2.22173e-05
90020: 2.2217e-05
90021: 2.22168e-05
90022: 2.22165e-05
90023: 2.22163e-05
90024: 2.22161e-05
90025: 2.22158e-05
90026: 2.22156e-05
90027: 2.22153e-05
90028: 2.22151e-05
90029: 2.22148e-05
90030: 2.22146e-05
90031: 2.22143e-05
90032: 2.22141e-05
90033: 2.22138e-05
90034: 2.22136e-05
90035: 2.22133e-05
90036: 2.22131e-05
90037: 2.22128e-05
90038: 2.22126e-05
90039: 2.22124e-05
90040: 2.22121e-05
90041: 2.22119e-05
90042: 2.22116e-05
90043: 2.22114e-05
90044: 2.22111e-05
90045: 2.22109e-05
90046: 2.22106e-05
90047: 2.22104e-05
90048: 2.22101e-05
90049: 2.22099e-05
90050: 2.22096e-05
90051: 2.22094e-05
90052: 2.22091e-05
90053: 2.22089e-05
90054: 2.22087e-05
90055: 2.22084e-05
90056: 2.22082e-05
90057: 2.22079e-05
90058: 2.22077e-05
90059: 2.22074e-05
90060: 2.22072e-05
90061: 2.22069e-05
90062: 2.22067e-05
90063: 2.22064e-05
90064: 2.22062e-05
90065: 2.22059e-05
90066: 2.22057e-05
90067: 2.22054e-05
90068: 2.22052e-05
90069: 2.2205e-05
90070: 2.22047e-05
90071: 2.22045e-05
90072: 2.22042e-05
90073: 2.2204e-05
90074: 2.22037e-05
90075: 2.22035e-05
90076: 2.22032e-05
90077: 2.2203e-05
90078: 2.22027e-05
90079: 2.22025e-05
90080: 2.22022e-05
90081: 2.2202e-05
90082: 2.22017e-05
90083: 2.22015e-05
90084: 2.22013e-05
90085: 2.2201e-05
90086: 2.22008e-05
90087: 2.22005e-05
90088: 2.22003e-05
90089: 2.22e-05
90090: 2.21998e-05
90091: 2.21995e-05
90092: 2.21993e-05
90093: 2.2199e-05
90094: 2.21988e-05
90095: 2.21985e-05
90096: 2.21983e-05
90097: 2.21981e-05
90098: 2.21978e-05
90099: 2.21976e-05
90100: 2.21973e-05
90101: 2.21971e-05
90102: 2.21968e-05
90103: 2.21966e-05
90104: 2.21963e-05
90105: 2.21961e-05
90106: 2.21958e-05
90107: 2.21956e-05
90108: 2.21953e-05
90109: 2.21951e-05
90110: 2.21948e-05
90111: 2.21946e-05
90112: 2.21944e-05
90113: 2.21941e-05
90114: 2.21939e-05
90115: 2.21936e-05
90116: 2.21934e-05
90117: 2.21931e-05
90118: 2.21929e-05
90119: 2.21926e-05
90120: 2.21924e-05
90121: 2.21921e-05
90122: 2.21919e-05
90123: 2.21916e-05
90124: 2.21914e-05
90125: 2.21912e-05
90126: 2.21909e-05
90127: 2.21907e-05
90128: 2.21904e-05
90129: 2.21902e-05
90130: 2.21899e-05
90131: 2.21897e-05
90132: 2.21894e-05
90133: 2.21892e-05
90134: 2.21889e-05
90135: 2.21887e-05
90136: 2.21884e-05
90137: 2.21882e-05
90138: 2.2188e-05
90139: 2.21877e-05
90140: 2.21875e-05
90141: 2.21872e-05
90142: 2.2187e-05
90143: 2.21867e-05
90144: 2.21865e-05
90145: 2.21862e-05
90146: 2.2186e-05
90147: 2.21857e-05
90148: 2.21855e-05
90149: 2.21852e-05
90150: 2.2185e-05
90151: 2.21848e-05
90152: 2.21845e-05
90153: 2.21843e-05
90154: 2.2184e-05
90155: 2.21838e-05
90156: 2.21835e-05
90157: 2.21833e-05
90158: 2.2183e-05
90159: 2.21828e-05
90160: 2.21825e-05
90161: 2.21823e-05
90162: 2.2182e-05
90163: 2.21818e-05
90164: 2.21816e-05
90165: 2.21813e-05
90166: 2.21811e-05
90167: 2.21808e-05
90168: 2.21806e-05
90169: 2.21803e-05
90170: 2.21801e-05
90171: 2.21798e-05
90172: 2.21796e-05
90173: 2.21793e-05
90174: 2.21791e-05
90175: 2.21789e-05
90176: 2.21786e-05
90177: 2.21784e-05
90178: 2.21781e-05
90179: 2.21779e-05
90180: 2.21776e-05
90181: 2.21774e-05
90182: 2.21771e-05
90183: 2.21769e-05
90184: 2.21766e-05
90185: 2.21764e-05
90186: 2.21761e-05
90187: 2.21759e-05
90188: 2.21757e-05
90189: 2.21754e-05
90190: 2.21752e-05
90191: 2.21749e-05
90192: 2.21747e-05
90193: 2.21744e-05
90194: 2.21742e-05
90195: 2.21739e-05
90196: 2.21737e-05
90197: 2.21734e-05
90198: 2.21732e-05
90199: 2.21729e-05
90200: 2.21727e-05
90201: 2.21725e-05
90202: 2.21722e-05
90203: 2.2172e-05
90204: 2.21717e-05
90205: 2.21715e-05
90206: 2.21712e-05
90207: 2.2171e-05
90208: 2.21707e-05
90209: 2.21705e-05
90210: 2.21702e-05
90211: 2.217e-05
90212: 2.21698e-05
90213: 2.21695e-05
90214: 2.21693e-05
90215: 2.2169e-05
90216: 2.21688e-05
90217: 2.21685e-05
90218: 2.21683e-05
90219: 2.2168e-05
90220: 2.21678e-05
90221: 2.21675e-05
90222: 2.21673e-05
90223: 2.21671e-05
90224: 2.21668e-05
90225: 2.21666e-05
90226: 2.21663e-05
90227: 2.21661e-05
90228: 2.21658e-05
90229: 2.21656e-05
90230: 2.21653e-05
90231: 2.21651e-05
90232: 2.21648e-05
90233: 2.21646e-05
90234: 2.21643e-05
90235: 2.21641e-05
90236: 2.21639e-05
90237: 2.21636e-05
90238: 2.21634e-05
90239: 2.21631e-05
90240: 2.21629e-05
90241: 2.21626e-05
90242: 2.21624e-05
90243: 2.21621e-05
90244: 2.21619e-05
90245: 2.21616e-05
90246: 2.21614e-05
90247: 2.21612e-05
90248: 2.21609e-05
90249: 2.21607e-05
90250: 2.21604e-05
90251: 2.21602e-05
90252: 2.21599e-05
90253: 2.21597e-05
90254: 2.21594e-05
90255: 2.21592e-05
90256: 2.21589e-05
90257: 2.21587e-05
90258: 2.21585e-05
90259: 2.21582e-05
90260: 2.2158e-05
90261: 2.21577e-05
90262: 2.21575e-05
90263: 2.21572e-05
90264: 2.2157e-05
90265: 2.21567e-05
90266: 2.21565e-05
90267: 2.21562e-05
90268: 2.2156e-05
90269: 2.21558e-05
90270: 2.21555e-05
90271: 2.21553e-05
90272: 2.2155e-05
90273: 2.21548e-05
90274: 2.21545e-05
90275: 2.21543e-05
90276: 2.2154e-05
90277: 2.21538e-05
90278: 2.21535e-05
90279: 2.21533e-05
90280: 2.21531e-05
90281: 2.21528e-05
90282: 2.21526e-05
90283: 2.21523e-05
90284: 2.21521e-05
90285: 2.21518e-05
90286: 2.21516e-05
90287: 2.21513e-05
90288: 2.21511e-05
90289: 2.21508e-05
90290: 2.21506e-05
90291: 2.21504e-05
90292: 2.21501e-05
90293: 2.21499e-05
90294: 2.21496e-05
90295: 2.21494e-05
90296: 2.21491e-05
90297: 2.21489e-05
90298: 2.21486e-05
90299: 2.21484e-05
90300: 2.21481e-05
90301: 2.21479e-05
90302: 2.21477e-05
90303: 2.21474e-05
90304: 2.21472e-05
90305: 2.21469e-05
90306: 2.21467e-05
90307: 2.21464e-05
90308: 2.21462e-05
90309: 2.21459e-05
90310: 2.21457e-05
90311: 2.21455e-05
90312: 2.21452e-05
90313: 2.2145e-05
90314: 2.21447e-05
90315: 2.21445e-05
90316: 2.21442e-05
90317: 2.2144e-05
90318: 2.21437e-05
90319: 2.21435e-05
90320: 2.21432e-05
90321: 2.2143e-05
90322: 2.21428e-05
90323: 2.21425e-05
90324: 2.21423e-05
90325: 2.2142e-05
90326: 2.21418e-05
90327: 2.21415e-05
90328: 2.21413e-05
90329: 2.2141e-05
90330: 2.21408e-05
90331: 2.21405e-05
90332: 2.21403e-05
90333: 2.21401e-05
90334: 2.21398e-05
90335: 2.21396e-05
90336: 2.21393e-05
90337: 2.21391e-05
90338: 2.21388e-05
90339: 2.21386e-05
90340: 2.21383e-05
90341: 2.21381e-05
90342: 2.21379e-05
90343: 2.21376e-05
90344: 2.21374e-05
90345: 2.21371e-05
90346: 2.21369e-05
90347: 2.21366e-05
90348: 2.21364e-05
90349: 2.21361e-05
90350: 2.21359e-05
90351: 2.21356e-05
90352: 2.21354e-05
90353: 2.21352e-05
90354: 2.21349e-05
90355: 2.21347e-05
90356: 2.21344e-05
90357: 2.21342e-05
90358: 2.21339e-05
90359: 2.21337e-05
90360: 2.21334e-05
90361: 2.21332e-05
90362: 2.2133e-05
90363: 2.21327e-05
90364: 2.21325e-05
90365: 2.21322e-05
90366: 2.2132e-05
90367: 2.21317e-05
90368: 2.21315e-05
90369: 2.21312e-05
90370: 2.2131e-05
90371: 2.21307e-05
90372: 2.21305e-05
90373: 2.21303e-05
90374: 2.213e-05
90375: 2.21298e-05
90376: 2.21295e-05
90377: 2.21293e-05
90378: 2.2129e-05
90379: 2.21288e-05
90380: 2.21285e-05
90381: 2.21283e-05
90382: 2.21281e-05
90383: 2.21278e-05
90384: 2.21276e-05
90385: 2.21273e-05
90386: 2.21271e-05
90387: 2.21268e-05
90388: 2.21266e-05
90389: 2.21263e-05
90390: 2.21261e-05
90391: 2.21259e-05
90392: 2.21256e-05
90393: 2.21254e-05
90394: 2.21251e-05
90395: 2.21249e-05
90396: 2.21246e-05
90397: 2.21244e-05
90398: 2.21241e-05
90399: 2.21239e-05
90400: 2.21236e-05
90401: 2.21234e-05
90402: 2.21232e-05
90403: 2.21229e-05
90404: 2.21227e-05
90405: 2.21224e-05
90406: 2.21222e-05
90407: 2.21219e-05
90408: 2.21217e-05
90409: 2.21214e-05
90410: 2.21212e-05
90411: 2.2121e-05
90412: 2.21207e-05
90413: 2.21205e-05
90414: 2.21202e-05
90415: 2.212e-05
90416: 2.21197e-05
90417: 2.21195e-05
90418: 2.21192e-05
90419: 2.2119e-05
90420: 2.21188e-05
90421: 2.21185e-05
90422: 2.21183e-05
90423: 2.2118e-05
90424: 2.21178e-05
90425: 2.21175e-05
90426: 2.21173e-05
90427: 2.2117e-05
90428: 2.21168e-05
90429: 2.21166e-05
90430: 2.21163e-05
90431: 2.21161e-05
90432: 2.21158e-05
90433: 2.21156e-05
90434: 2.21153e-05
90435: 2.21151e-05
90436: 2.21148e-05
90437: 2.21146e-05
90438: 2.21144e-05
90439: 2.21141e-05
90440: 2.21139e-05
90441: 2.21136e-05
90442: 2.21134e-05
90443: 2.21131e-05
90444: 2.21129e-05
90445: 2.21126e-05
90446: 2.21124e-05
90447: 2.21122e-05
90448: 2.21119e-05
90449: 2.21117e-05
90450: 2.21114e-05
90451: 2.21112e-05
90452: 2.21109e-05
90453: 2.21107e-05
90454: 2.21104e-05
90455: 2.21102e-05
90456: 2.211e-05
90457: 2.21097e-05
90458: 2.21095e-05
90459: 2.21092e-05
90460: 2.2109e-05
90461: 2.21087e-05
90462: 2.21085e-05
90463: 2.21082e-05
90464: 2.2108e-05
90465: 2.21078e-05
90466: 2.21075e-05
90467: 2.21073e-05
90468: 2.2107e-05
90469: 2.21068e-05
90470: 2.21065e-05
90471: 2.21063e-05
90472: 2.2106e-05
90473: 2.21058e-05
90474: 2.21056e-05
90475: 2.21053e-05
90476: 2.21051e-05
90477: 2.21048e-05
90478: 2.21046e-05
90479: 2.21043e-05
90480: 2.21041e-05
90481: 2.21038e-05
90482: 2.21036e-05
90483: 2.21034e-05
90484: 2.21031e-05
90485: 2.21029e-05
90486: 2.21026e-05
90487: 2.21024e-05
90488: 2.21021e-05
90489: 2.21019e-05
90490: 2.21016e-05
90491: 2.21014e-05
90492: 2.21012e-05
90493: 2.21009e-05
90494: 2.21007e-05
90495: 2.21004e-05
90496: 2.21002e-05
90497: 2.20999e-05
90498: 2.20997e-05
90499: 2.20994e-05
90500: 2.20992e-05
90501: 2.2099e-05
90502: 2.20987e-05
90503: 2.20985e-05
90504: 2.20982e-05
90505: 2.2098e-05
90506: 2.20977e-05
90507: 2.20975e-05
90508: 2.20972e-05
90509: 2.2097e-05
90510: 2.20968e-05
90511: 2.20965e-05
90512: 2.20963e-05
90513: 2.2096e-05
90514: 2.20958e-05
90515: 2.20955e-05
90516: 2.20953e-05
90517: 2.20951e-05
90518: 2.20948e-05
90519: 2.20946e-05
90520: 2.20943e-05
90521: 2.20941e-05
90522: 2.20938e-05
90523: 2.20936e-05
90524: 2.20933e-05
90525: 2.20931e-05
90526: 2.20929e-05
90527: 2.20926e-05
90528: 2.20924e-05
90529: 2.20921e-05
90530: 2.20919e-05
90531: 2.20916e-05
90532: 2.20914e-05
90533: 2.20911e-05
90534: 2.20909e-05
90535: 2.20907e-05
90536: 2.20904e-05
90537: 2.20902e-05
90538: 2.20899e-05
90539: 2.20897e-05
90540: 2.20894e-05
90541: 2.20892e-05
90542: 2.2089e-05
90543: 2.20887e-05
90544: 2.20885e-05
90545: 2.20882e-05
90546: 2.2088e-05
90547: 2.20877e-05
90548: 2.20875e-05
90549: 2.20872e-05
90550: 2.2087e-05
90551: 2.20868e-05
90552: 2.20865e-05
90553: 2.20863e-05
90554: 2.2086e-05
90555: 2.20858e-05
90556: 2.20855e-05
90557: 2.20853e-05
90558: 2.2085e-05
90559: 2.20848e-05
90560: 2.20846e-05
90561: 2.20843e-05
90562: 2.20841e-05
90563: 2.20838e-05
90564: 2.20836e-05
90565: 2.20833e-05
90566: 2.20831e-05
90567: 2.20829e-05
90568: 2.20826e-05
90569: 2.20824e-05
90570: 2.20821e-05
90571: 2.20819e-05
90572: 2.20816e-05
90573: 2.20814e-05
90574: 2.20811e-05
90575: 2.20809e-05
90576: 2.20807e-05
90577: 2.20804e-05
90578: 2.20802e-05
90579: 2.20799e-05
90580: 2.20797e-05
90581: 2.20794e-05
90582: 2.20792e-05
90583: 2.2079e-05
90584: 2.20787e-05
90585: 2.20785e-05
90586: 2.20782e-05
90587: 2.2078e-05
90588: 2.20777e-05
90589: 2.20775e-05
90590: 2.20772e-05
90591: 2.2077e-05
90592: 2.20768e-05
90593: 2.20765e-05
90594: 2.20763e-05
90595: 2.2076e-05
90596: 2.20758e-05
90597: 2.20755e-05
90598: 2.20753e-05
90599: 2.20751e-05
90600: 2.20748e-05
90601: 2.20746e-05
90602: 2.20743e-05
90603: 2.20741e-05
90604: 2.20738e-05
90605: 2.20736e-05
90606: 2.20733e-05
90607: 2.20731e-05
90608: 2.20729e-05
90609: 2.20726e-05
90610: 2.20724e-05
90611: 2.20721e-05
90612: 2.20719e-05
90613: 2.20716e-05
90614: 2.20714e-05
90615: 2.20712e-05
90616: 2.20709e-05
90617: 2.20707e-05
90618: 2.20704e-05
90619: 2.20702e-05
90620: 2.20699e-05
90621: 2.20697e-05
90622: 2.20695e-05
90623: 2.20692e-05
90624: 2.2069e-05
90625: 2.20687e-05
90626: 2.20685e-05
90627: 2.20682e-05
90628: 2.2068e-05
90629: 2.20677e-05
90630: 2.20675e-05
90631: 2.20673e-05
90632: 2.2067e-05
90633: 2.20668e-05
90634: 2.20665e-05
90635: 2.20663e-05
90636: 2.2066e-05
90637: 2.20658e-05
90638: 2.20656e-05
90639: 2.20653e-05
90640: 2.20651e-05
90641: 2.20648e-05
90642: 2.20646e-05
90643: 2.20643e-05
90644: 2.20641e-05
90645: 2.20639e-05
90646: 2.20636e-05
90647: 2.20634e-05
90648: 2.20631e-05
90649: 2.20629e-05
90650: 2.20626e-05
90651: 2.20624e-05
90652: 2.20621e-05
90653: 2.20619e-05
90654: 2.20617e-05
90655: 2.20614e-05
90656: 2.20612e-05
90657: 2.20609e-05
90658: 2.20607e-05
90659: 2.20604e-05
90660: 2.20602e-05
90661: 2.206e-05
90662: 2.20597e-05
90663: 2.20595e-05
90664: 2.20592e-05
90665: 2.2059e-05
90666: 2.20587e-05
90667: 2.20585e-05
90668: 2.20583e-05
90669: 2.2058e-05
90670: 2.20578e-05
90671: 2.20575e-05
90672: 2.20573e-05
90673: 2.2057e-05
90674: 2.20568e-05
90675: 2.20566e-05
90676: 2.20563e-05
90677: 2.20561e-05
90678: 2.20558e-05
90679: 2.20556e-05
90680: 2.20553e-05
90681: 2.20551e-05
90682: 2.20549e-05
90683: 2.20546e-05
90684: 2.20544e-05
90685: 2.20541e-05
90686: 2.20539e-05
90687: 2.20536e-05
90688: 2.20534e-05
90689: 2.20531e-05
90690: 2.20529e-05
90691: 2.20527e-05
90692: 2.20524e-05
90693: 2.20522e-05
90694: 2.20519e-05
90695: 2.20517e-05
90696: 2.20514e-05
90697: 2.20512e-05
90698: 2.2051e-05
90699: 2.20507e-05
90700: 2.20505e-05
90701: 2.20502e-05
90702: 2.205e-05
90703: 2.20497e-05
90704: 2.20495e-05
90705: 2.20493e-05
90706: 2.2049e-05
90707: 2.20488e-05
90708: 2.20485e-05
90709: 2.20483e-05
90710: 2.2048e-05
90711: 2.20478e-05
90712: 2.20476e-05
90713: 2.20473e-05
90714: 2.20471e-05
90715: 2.20468e-05
90716: 2.20466e-05
90717: 2.20463e-05
90718: 2.20461e-05
90719: 2.20459e-05
90720: 2.20456e-05
90721: 2.20454e-05
90722: 2.20451e-05
90723: 2.20449e-05
90724: 2.20446e-05
90725: 2.20444e-05
90726: 2.20442e-05
90727: 2.20439e-05
90728: 2.20437e-05
90729: 2.20434e-05
90730: 2.20432e-05
90731: 2.20429e-05
90732: 2.20427e-05
90733: 2.20425e-05
90734: 2.20422e-05
90735: 2.2042e-05
90736: 2.20417e-05
90737: 2.20415e-05
90738: 2.20412e-05
90739: 2.2041e-05
90740: 2.20408e-05
90741: 2.20405e-05
90742: 2.20403e-05
90743: 2.204e-05
90744: 2.20398e-05
90745: 2.20395e-05
90746: 2.20393e-05
90747: 2.20391e-05
90748: 2.20388e-05
90749: 2.20386e-05
90750: 2.20383e-05
90751: 2.20381e-05
90752: 2.20378e-05
90753: 2.20376e-05
90754: 2.20374e-05
90755: 2.20371e-05
90756: 2.20369e-05
90757: 2.20366e-05
90758: 2.20364e-05
90759: 2.20361e-05
90760: 2.20359e-05
90761: 2.20357e-05
90762: 2.20354e-05
90763: 2.20352e-05
90764: 2.20349e-05
90765: 2.20347e-05
90766: 2.20344e-05
90767: 2.20342e-05
90768: 2.2034e-05
90769: 2.20337e-05
90770: 2.20335e-05
90771: 2.20332e-05
90772: 2.2033e-05
90773: 2.20327e-05
90774: 2.20325e-05
90775: 2.20323e-05
90776: 2.2032e-05
90777: 2.20318e-05
90778: 2.20315e-05
90779: 2.20313e-05
90780: 2.2031e-05
90781: 2.20308e-05
90782: 2.20306e-05
90783: 2.20303e-05
90784: 2.20301e-05
90785: 2.20298e-05
90786: 2.20296e-05
90787: 2.20293e-05
90788: 2.20291e-05
90789: 2.20289e-05
90790: 2.20286e-05
90791: 2.20284e-05
90792: 2.20281e-05
90793: 2.20279e-05
90794: 2.20276e-05
90795: 2.20274e-05
90796: 2.20272e-05
90797: 2.20269e-05
90798: 2.20267e-05
90799: 2.20264e-05
90800: 2.20262e-05
90801: 2.20259e-05
90802: 2.20257e-05
90803: 2.20255e-05
90804: 2.20252e-05
90805: 2.2025e-05
90806: 2.20247e-05
90807: 2.20245e-05
90808: 2.20242e-05
90809: 2.2024e-05
90810: 2.20238e-05
90811: 2.20235e-05
90812: 2.20233e-05
90813: 2.2023e-05
90814: 2.20228e-05
90815: 2.20226e-05
90816: 2.20223e-05
90817: 2.20221e-05
90818: 2.20218e-05
90819: 2.20216e-05
90820: 2.20213e-05
90821: 2.20211e-05
90822: 2.20209e-05
90823: 2.20206e-05
90824: 2.20204e-05
90825: 2.20201e-05
90826: 2.20199e-05
90827: 2.20196e-05
90828: 2.20194e-05
90829: 2.20192e-05
90830: 2.20189e-05
90831: 2.20187e-05
90832: 2.20184e-05
90833: 2.20182e-05
90834: 2.20179e-05
90835: 2.20177e-05
90836: 2.20175e-05
90837: 2.20172e-05
90838: 2.2017e-05
90839: 2.20167e-05
90840: 2.20165e-05
90841: 2.20162e-05
90842: 2.2016e-05
90843: 2.20158e-05
90844: 2.20155e-05
90845: 2.20153e-05
90846: 2.2015e-05
90847: 2.20148e-05
90848: 2.20146e-05
90849: 2.20143e-05
90850: 2.20141e-05
90851: 2.20138e-05
90852: 2.20136e-05
90853: 2.20133e-05
90854: 2.20131e-05
90855: 2.20129e-05
90856: 2.20126e-05
90857: 2.20124e-05
90858: 2.20121e-05
90859: 2.20119e-05
90860: 2.20116e-05
90861: 2.20114e-05
90862: 2.20112e-05
90863: 2.20109e-05
90864: 2.20107e-05
90865: 2.20104e-05
90866: 2.20102e-05
90867: 2.20099e-05
90868: 2.20097e-05
90869: 2.20095e-05
90870: 2.20092e-05
90871: 2.2009e-05
90872: 2.20087e-05
90873: 2.20085e-05
90874: 2.20083e-05
90875: 2.2008e-05
90876: 2.20078e-05
90877: 2.20075e-05
90878: 2.20073e-05
90879: 2.2007e-05
90880: 2.20068e-05
90881: 2.20066e-05
90882: 2.20063e-05
90883: 2.20061e-05
90884: 2.20058e-05
90885: 2.20056e-05
90886: 2.20053e-05
90887: 2.20051e-05
90888: 2.20049e-05
90889: 2.20046e-05
90890: 2.20044e-05
90891: 2.20041e-05
90892: 2.20039e-05
90893: 2.20037e-05
90894: 2.20034e-05
90895: 2.20032e-05
90896: 2.20029e-05
90897: 2.20027e-05
90898: 2.20024e-05
90899: 2.20022e-05
90900: 2.2002e-05
90901: 2.20017e-05
90902: 2.20015e-05
90903: 2.20012e-05
90904: 2.2001e-05
90905: 2.20007e-05
90906: 2.20005e-05
90907: 2.20003e-05
90908: 2.2e-05
90909: 2.19998e-05
90910: 2.19995e-05
90911: 2.19993e-05
90912: 2.19991e-05
90913: 2.19988e-05
90914: 2.19986e-05
90915: 2.19983e-05
90916: 2.19981e-05
90917: 2.19978e-05
90918: 2.19976e-05
90919: 2.19974e-05
90920: 2.19971e-05
90921: 2.19969e-05
90922: 2.19966e-05
90923: 2.19964e-05
90924: 2.19962e-05
90925: 2.19959e-05
90926: 2.19957e-05
90927: 2.19954e-05
90928: 2.19952e-05
90929: 2.19949e-05
90930: 2.19947e-05
90931: 2.19945e-05
90932: 2.19942e-05
90933: 2.1994e-05
90934: 2.19937e-05
90935: 2.19935e-05
90936: 2.19932e-05
90937: 2.1993e-05
90938: 2.19928e-05
90939: 2.19925e-05
90940: 2.19923e-05
90941: 2.1992e-05
90942: 2.19918e-05
90943: 2.19916e-05
90944: 2.19913e-05
90945: 2.19911e-05
90946: 2.19908e-05
90947: 2.19906e-05
90948: 2.19903e-05
90949: 2.19901e-05
90950: 2.19899e-05
90951: 2.19896e-05
90952: 2.19894e-05
90953: 2.19891e-05
90954: 2.19889e-05
90955: 2.19887e-05
90956: 2.19884e-05
90957: 2.19882e-05
90958: 2.19879e-05
90959: 2.19877e-05
90960: 2.19874e-05
90961: 2.19872e-05
90962: 2.1987e-05
90963: 2.19867e-05
90964: 2.19865e-05
90965: 2.19862e-05
90966: 2.1986e-05
90967: 2.19858e-05
90968: 2.19855e-05
90969: 2.19853e-05
90970: 2.1985e-05
90971: 2.19848e-05
90972: 2.19845e-05
90973: 2.19843e-05
90974: 2.19841e-05
90975: 2.19838e-05
90976: 2.19836e-05
90977: 2.19833e-05
90978: 2.19831e-05
90979: 2.19829e-05
90980: 2.19826e-05
90981: 2.19824e-05
90982: 2.19821e-05
90983: 2.19819e-05
90984: 2.19816e-05
90985: 2.19814e-05
90986: 2.19812e-05
90987: 2.19809e-05
90988: 2.19807e-05
90989: 2.19804e-05
90990: 2.19802e-05
90991: 2.198e-05
90992: 2.19797e-05
90993: 2.19795e-05
90994: 2.19792e-05
90995: 2.1979e-05
90996: 2.19787e-05
90997: 2.19785e-05
90998: 2.19783e-05
90999: 2.1978e-05
91000: 2.19778e-05
91001: 2.19775e-05
91002: 2.19773e-05
91003: 2.19771e-05
91004: 2.19768e-05
91005: 2.19766e-05
91006: 2.19763e-05
91007: 2.19761e-05
91008: 2.19758e-05
91009: 2.19756e-05
91010: 2.19754e-05
91011: 2.19751e-05
91012: 2.19749e-05
91013: 2.19746e-05
91014: 2.19744e-05
91015: 2.19742e-05
91016: 2.19739e-05
91017: 2.19737e-05
91018: 2.19734e-05
91019: 2.19732e-05
91020: 2.1973e-05
91021: 2.19727e-05
91022: 2.19725e-05
91023: 2.19722e-05
91024: 2.1972e-05
91025: 2.19717e-05
91026: 2.19715e-05
91027: 2.19713e-05
91028: 2.1971e-05
91029: 2.19708e-05
91030: 2.19705e-05
91031: 2.19703e-05
91032: 2.19701e-05
91033: 2.19698e-05
91034: 2.19696e-05
91035: 2.19693e-05
91036: 2.19691e-05
91037: 2.19688e-05
91038: 2.19686e-05
91039: 2.19684e-05
91040: 2.19681e-05
91041: 2.19679e-05
91042: 2.19676e-05
91043: 2.19674e-05
91044: 2.19672e-05
91045: 2.19669e-05
91046: 2.19667e-05
91047: 2.19664e-05
91048: 2.19662e-05
91049: 2.1966e-05
91050: 2.19657e-05
91051: 2.19655e-05
91052: 2.19652e-05
91053: 2.1965e-05
91054: 2.19647e-05
91055: 2.19645e-05
91056: 2.19643e-05
91057: 2.1964e-05
91058: 2.19638e-05
91059: 2.19635e-05
91060: 2.19633e-05
91061: 2.19631e-05
91062: 2.19628e-05
91063: 2.19626e-05
91064: 2.19623e-05
91065: 2.19621e-05
91066: 2.19619e-05
91067: 2.19616e-05
91068: 2.19614e-05
91069: 2.19611e-05
91070: 2.19609e-05
91071: 2.19606e-05
91072: 2.19604e-05
91073: 2.19602e-05
91074: 2.19599e-05
91075: 2.19597e-05
91076: 2.19594e-05
91077: 2.19592e-05
91078: 2.1959e-05
91079: 2.19587e-05
91080: 2.19585e-05
91081: 2.19582e-05
91082: 2.1958e-05
91083: 2.19578e-05
91084: 2.19575e-05
91085: 2.19573e-05
91086: 2.1957e-05
91087: 2.19568e-05
91088: 2.19565e-05
91089: 2.19563e-05
91090: 2.19561e-05
91091: 2.19558e-05
91092: 2.19556e-05
91093: 2.19553e-05
91094: 2.19551e-05
91095: 2.19549e-05
91096: 2.19546e-05
91097: 2.19544e-05
91098: 2.19541e-05
91099: 2.19539e-05
91100: 2.19537e-05
91101: 2.19534e-05
91102: 2.19532e-05
91103: 2.19529e-05
91104: 2.19527e-05
91105: 2.19525e-05
91106: 2.19522e-05
91107: 2.1952e-05
91108: 2.19517e-05
91109: 2.19515e-05
91110: 2.19512e-05
91111: 2.1951e-05
91112: 2.19508e-05
91113: 2.19505e-05
91114: 2.19503e-05
91115: 2.195e-05
91116: 2.19498e-05
91117: 2.19496e-05
91118: 2.19493e-05
91119: 2.19491e-05
91120: 2.19488e-05
91121: 2.19486e-05
91122: 2.19484e-05
91123: 2.19481e-05
91124: 2.19479e-05
91125: 2.19476e-05
91126: 2.19474e-05
91127: 2.19472e-05
91128: 2.19469e-05
91129: 2.19467e-05
91130: 2.19464e-05
91131: 2.19462e-05
91132: 2.19459e-05
91133: 2.19457e-05
91134: 2.19455e-05
91135: 2.19452e-05
91136: 2.1945e-05
91137: 2.19447e-05
91138: 2.19445e-05
91139: 2.19443e-05
91140: 2.1944e-05
91141: 2.19438e-05
91142: 2.19435e-05
91143: 2.19433e-05
91144: 2.19431e-05
91145: 2.19428e-05
91146: 2.19426e-05
91147: 2.19423e-05
91148: 2.19421e-05
91149: 2.19419e-05
91150: 2.19416e-05
91151: 2.19414e-05
91152: 2.19411e-05
91153: 2.19409e-05
91154: 2.19407e-05
91155: 2.19404e-05
91156: 2.19402e-05
91157: 2.19399e-05
91158: 2.19397e-05
91159: 2.19394e-05
91160: 2.19392e-05
91161: 2.1939e-05
91162: 2.19387e-05
91163: 2.19385e-05
91164: 2.19382e-05
91165: 2.1938e-05
91166: 2.19378e-05
91167: 2.19375e-05
91168: 2.19373e-05
91169: 2.1937e-05
91170: 2.19368e-05
91171: 2.19366e-05
91172: 2.19363e-05
91173: 2.19361e-05
91174: 2.19358e-05
91175: 2.19356e-05
91176: 2.19354e-05
91177: 2.19351e-05
91178: 2.19349e-05
91179: 2.19346e-05
91180: 2.19344e-05
91181: 2.19342e-05
91182: 2.19339e-05
91183: 2.19337e-05
91184: 2.19334e-05
91185: 2.19332e-05
91186: 2.1933e-05
91187: 2.19327e-05
91188: 2.19325e-05
91189: 2.19322e-05
91190: 2.1932e-05
91191: 2.19317e-05
91192: 2.19315e-05
91193: 2.19313e-05
91194: 2.1931e-05
91195: 2.19308e-05
91196: 2.19305e-05
91197: 2.19303e-05
91198: 2.19301e-05
91199: 2.19298e-05
91200: 2.19296e-05
91201: 2.19293e-05
91202: 2.19291e-05
91203: 2.19289e-05
91204: 2.19286e-05
91205: 2.19284e-05
91206: 2.19281e-05
91207: 2.19279e-05
91208: 2.19277e-05
91209: 2.19274e-05
91210: 2.19272e-05
91211: 2.19269e-05
91212: 2.19267e-05
91213: 2.19265e-05
91214: 2.19262e-05
91215: 2.1926e-05
91216: 2.19257e-05
91217: 2.19255e-05
91218: 2.19253e-05
91219: 2.1925e-05
91220: 2.19248e-05
91221: 2.19245e-05
91222: 2.19243e-05
91223: 2.19241e-05
91224: 2.19238e-05
91225: 2.19236e-05
91226: 2.19233e-05
91227: 2.19231e-05
91228: 2.19229e-05
91229: 2.19226e-05
91230: 2.19224e-05
91231: 2.19221e-05
91232: 2.19219e-05
91233: 2.19217e-05
91234: 2.19214e-05
91235: 2.19212e-05
91236: 2.19209e-05
91237: 2.19207e-05
91238: 2.19205e-05
91239: 2.19202e-05
91240: 2.192e-05
91241: 2.19197e-05
91242: 2.19195e-05
91243: 2.19192e-05
91244: 2.1919e-05
91245: 2.19188e-05
91246: 2.19185e-05
91247: 2.19183e-05
91248: 2.1918e-05
91249: 2.19178e-05
91250: 2.19176e-05
91251: 2.19173e-05
91252: 2.19171e-05
91253: 2.19168e-05
91254: 2.19166e-05
91255: 2.19164e-05
91256: 2.19161e-05
91257: 2.19159e-05
91258: 2.19156e-05
91259: 2.19154e-05
91260: 2.19152e-05
91261: 2.19149e-05
91262: 2.19147e-05
91263: 2.19144e-05
91264: 2.19142e-05
91265: 2.1914e-05
91266: 2.19137e-05
91267: 2.19135e-05
91268: 2.19132e-05
91269: 2.1913e-05
91270: 2.19128e-05
91271: 2.19125e-05
91272: 2.19123e-05
91273: 2.1912e-05
91274: 2.19118e-05
91275: 2.19116e-05
91276: 2.19113e-05
91277: 2.19111e-05
91278: 2.19108e-05
91279: 2.19106e-05
91280: 2.19104e-05
91281: 2.19101e-05
91282: 2.19099e-05
91283: 2.19096e-05
91284: 2.19094e-05
91285: 2.19092e-05
91286: 2.19089e-05
91287: 2.19087e-05
91288: 2.19084e-05
91289: 2.19082e-05
91290: 2.1908e-05
91291: 2.19077e-05
91292: 2.19075e-05
91293: 2.19072e-05
91294: 2.1907e-05
91295: 2.19068e-05
91296: 2.19065e-05
91297: 2.19063e-05
91298: 2.1906e-05
91299: 2.19058e-05
91300: 2.19056e-05
91301: 2.19053e-05
91302: 2.19051e-05
91303: 2.19048e-05
91304: 2.19046e-05
91305: 2.19044e-05
91306: 2.19041e-05
91307: 2.19039e-05
91308: 2.19036e-05
91309: 2.19034e-05
91310: 2.19032e-05
91311: 2.19029e-05
91312: 2.19027e-05
91313: 2.19024e-05
91314: 2.19022e-05
91315: 2.1902e-05
91316: 2.19017e-05
91317: 2.19015e-05
91318: 2.19012e-05
91319: 2.1901e-05
91320: 2.19008e-05
91321: 2.19005e-05
91322: 2.19003e-05
91323: 2.19e-05
91324: 2.18998e-05
91325: 2.18996e-05
91326: 2.18993e-05
91327: 2.18991e-05
91328: 2.18988e-05
91329: 2.18986e-05
91330: 2.18984e-05
91331: 2.18981e-05
91332: 2.18979e-05
91333: 2.18977e-05
91334: 2.18974e-05
91335: 2.18972e-05
91336: 2.18969e-05
91337: 2.18967e-05
91338: 2.18965e-05
91339: 2.18962e-05
91340: 2.1896e-05
91341: 2.18957e-05
91342: 2.18955e-05
91343: 2.18953e-05
91344: 2.1895e-05
91345: 2.18948e-05
91346: 2.18945e-05
91347: 2.18943e-05
91348: 2.18941e-05
91349: 2.18938e-05
91350: 2.18936e-05
91351: 2.18933e-05
91352: 2.18931e-05
91353: 2.18929e-05
91354: 2.18926e-05
91355: 2.18924e-05
91356: 2.18921e-05
91357: 2.18919e-05
91358: 2.18917e-05
91359: 2.18914e-05
91360: 2.18912e-05
91361: 2.18909e-05
91362: 2.18907e-05
91363: 2.18905e-05
91364: 2.18902e-05
91365: 2.189e-05
91366: 2.18897e-05
91367: 2.18895e-05
91368: 2.18893e-05
91369: 2.1889e-05
91370: 2.18888e-05
91371: 2.18885e-05
91372: 2.18883e-05
91373: 2.18881e-05
91374: 2.18878e-05
91375: 2.18876e-05
91376: 2.18873e-05
91377: 2.18871e-05
91378: 2.18869e-05
91379: 2.18866e-05
91380: 2.18864e-05
91381: 2.18861e-05
91382: 2.18859e-05
91383: 2.18857e-05
91384: 2.18854e-05
91385: 2.18852e-05
91386: 2.1885e-05
91387: 2.18847e-05
91388: 2.18845e-05
91389: 2.18842e-05
91390: 2.1884e-05
91391: 2.18838e-05
91392: 2.18835e-05
91393: 2.18833e-05
91394: 2.1883e-05
91395: 2.18828e-05
91396: 2.18826e-05
91397: 2.18823e-05
91398: 2.18821e-05
91399: 2.18818e-05
91400: 2.18816e-05
91401: 2.18814e-05
91402: 2.18811e-05
91403: 2.18809e-05
91404: 2.18806e-05
91405: 2.18804e-05
91406: 2.18802e-05
91407: 2.18799e-05
91408: 2.18797e-05
91409: 2.18794e-05
91410: 2.18792e-05
91411: 2.1879e-05
91412: 2.18787e-05
91413: 2.18785e-05
91414: 2.18782e-05
91415: 2.1878e-05
91416: 2.18778e-05
91417: 2.18775e-05
91418: 2.18773e-05
91419: 2.18771e-05
91420: 2.18768e-05
91421: 2.18766e-05
91422: 2.18763e-05
91423: 2.18761e-05
91424: 2.18759e-05
91425: 2.18756e-05
91426: 2.18754e-05
91427: 2.18751e-05
91428: 2.18749e-05
91429: 2.18747e-05
91430: 2.18744e-05
91431: 2.18742e-05
91432: 2.18739e-05
91433: 2.18737e-05
91434: 2.18735e-05
91435: 2.18732e-05
91436: 2.1873e-05
91437: 2.18727e-05
91438: 2.18725e-05
91439: 2.18723e-05
91440: 2.1872e-05
91441: 2.18718e-05
91442: 2.18715e-05
91443: 2.18713e-05
91444: 2.18711e-05
91445: 2.18708e-05
91446: 2.18706e-05
91447: 2.18704e-05
91448: 2.18701e-05
91449: 2.18699e-05
91450: 2.18696e-05
91451: 2.18694e-05
91452: 2.18692e-05
91453: 2.18689e-05
91454: 2.18687e-05
91455: 2.18684e-05
91456: 2.18682e-05
91457: 2.1868e-05
91458: 2.18677e-05
91459: 2.18675e-05
91460: 2.18672e-05
91461: 2.1867e-05
91462: 2.18668e-05
91463: 2.18665e-05
91464: 2.18663e-05
91465: 2.1866e-05
91466: 2.18658e-05
91467: 2.18656e-05
91468: 2.18653e-05
91469: 2.18651e-05
91470: 2.18649e-05
91471: 2.18646e-05
91472: 2.18644e-05
91473: 2.18641e-05
91474: 2.18639e-05
91475: 2.18637e-05
91476: 2.18634e-05
91477: 2.18632e-05
91478: 2.18629e-05
91479: 2.18627e-05
91480: 2.18625e-05
91481: 2.18622e-05
91482: 2.1862e-05
91483: 2.18617e-05
91484: 2.18615e-05
91485: 2.18613e-05
91486: 2.1861e-05
91487: 2.18608e-05
91488: 2.18606e-05
91489: 2.18603e-05
91490: 2.18601e-05
91491: 2.18598e-05
91492: 2.18596e-05
91493: 2.18594e-05
91494: 2.18591e-05
91495: 2.18589e-05
91496: 2.18586e-05
91497: 2.18584e-05
91498: 2.18582e-05
91499: 2.18579e-05
91500: 2.18577e-05
91501: 2.18574e-05
91502: 2.18572e-05
91503: 2.1857e-05
91504: 2.18567e-05
91505: 2.18565e-05
91506: 2.18563e-05
91507: 2.1856e-05
91508: 2.18558e-05
91509: 2.18555e-05
91510: 2.18553e-05
91511: 2.18551e-05
91512: 2.18548e-05
91513: 2.18546e-05
91514: 2.18543e-05
91515: 2.18541e-05
91516: 2.18539e-05
91517: 2.18536e-05
91518: 2.18534e-05
91519: 2.18531e-05
91520: 2.18529e-05
91521: 2.18527e-05
91522: 2.18524e-05
91523: 2.18522e-05
91524: 2.1852e-05
91525: 2.18517e-05
91526: 2.18515e-05
91527: 2.18512e-05
91528: 2.1851e-05
91529: 2.18508e-05
91530: 2.18505e-05
91531: 2.18503e-05
91532: 2.185e-05
91533: 2.18498e-05
91534: 2.18496e-05
91535: 2.18493e-05
91536: 2.18491e-05
91537: 2.18488e-05
91538: 2.18486e-05
91539: 2.18484e-05
91540: 2.18481e-05
91541: 2.18479e-05
91542: 2.18477e-05
91543: 2.18474e-05
91544: 2.18472e-05
91545: 2.18469e-05
91546: 2.18467e-05
91547: 2.18465e-05
91548: 2.18462e-05
91549: 2.1846e-05
91550: 2.18457e-05
91551: 2.18455e-05
91552: 2.18453e-05
91553: 2.1845e-05
91554: 2.18448e-05
91555: 2.18446e-05
91556: 2.18443e-05
91557: 2.18441e-05
91558: 2.18438e-05
91559: 2.18436e-05
91560: 2.18434e-05
91561: 2.18431e-05
91562: 2.18429e-05
91563: 2.18426e-05
91564: 2.18424e-05
91565: 2.18422e-05
91566: 2.18419e-05
91567: 2.18417e-05
91568: 2.18415e-05
91569: 2.18412e-05
91570: 2.1841e-05
91571: 2.18407e-05
91572: 2.18405e-05
91573: 2.18403e-05
91574: 2.184e-05
91575: 2.18398e-05
91576: 2.18395e-05
91577: 2.18393e-05
91578: 2.18391e-05
91579: 2.18388e-05
91580: 2.18386e-05
91581: 2.18384e-05
91582: 2.18381e-05
91583: 2.18379e-05
91584: 2.18376e-05
91585: 2.18374e-05
91586: 2.18372e-05
91587: 2.18369e-05
91588: 2.18367e-05
91589: 2.18364e-05
91590: 2.18362e-05
91591: 2.1836e-05
91592: 2.18357e-05
91593: 2.18355e-05
91594: 2.18353e-05
91595: 2.1835e-05
91596: 2.18348e-05
91597: 2.18345e-05
91598: 2.18343e-05
91599: 2.18341e-05
91600: 2.18338e-05
91601: 2.18336e-05
91602: 2.18333e-05
91603: 2.18331e-05
91604: 2.18329e-05
91605: 2.18326e-05
91606: 2.18324e-05
91607: 2.18322e-05
91608: 2.18319e-05
91609: 2.18317e-05
91610: 2.18314e-05
91611: 2.18312e-05
91612: 2.1831e-05
91613: 2.18307e-05
91614: 2.18305e-05
91615: 2.18302e-05
91616: 2.183e-05
91617: 2.18298e-05
91618: 2.18295e-05
91619: 2.18293e-05
91620: 2.18291e-05
91621: 2.18288e-05
91622: 2.18286e-05
91623: 2.18283e-05
91624: 2.18281e-05
91625: 2.18279e-05
91626: 2.18276e-05
91627: 2.18274e-05
91628: 2.18272e-05
91629: 2.18269e-05
91630: 2.18267e-05
91631: 2.18264e-05
91632: 2.18262e-05
91633: 2.1826e-05
91634: 2.18257e-05
91635: 2.18255e-05
91636: 2.18252e-05
91637: 2.1825e-05
91638: 2.18248e-05
91639: 2.18245e-05
91640: 2.18243e-05
91641: 2.18241e-05
91642: 2.18238e-05
91643: 2.18236e-05
91644: 2.18233e-05
91645: 2.18231e-05
91646: 2.18229e-05
91647: 2.18226e-05
91648: 2.18224e-05
91649: 2.18221e-05
91650: 2.18219e-05
91651: 2.18217e-05
91652: 2.18214e-05
91653: 2.18212e-05
91654: 2.1821e-05
91655: 2.18207e-05
91656: 2.18205e-05
91657: 2.18202e-05
91658: 2.182e-05
91659: 2.18198e-05
91660: 2.18195e-05
91661: 2.18193e-05
91662: 2.18191e-05
91663: 2.18188e-05
91664: 2.18186e-05
91665: 2.18183e-05
91666: 2.18181e-05
91667: 2.18179e-05
91668: 2.18176e-05
91669: 2.18174e-05
91670: 2.18172e-05
91671: 2.18169e-05
91672: 2.18167e-05
91673: 2.18164e-05
91674: 2.18162e-05
91675: 2.1816e-05
91676: 2.18157e-05
91677: 2.18155e-05
91678: 2.18152e-05
91679: 2.1815e-05
91680: 2.18148e-05
91681: 2.18145e-05
91682: 2.18143e-05
91683: 2.18141e-05
91684: 2.18138e-05
91685: 2.18136e-05
91686: 2.18133e-05
91687: 2.18131e-05
91688: 2.18129e-05
91689: 2.18126e-05
91690: 2.18124e-05
91691: 2.18122e-05
91692: 2.18119e-05
91693: 2.18117e-05
91694: 2.18114e-05
91695: 2.18112e-05
91696: 2.1811e-05
91697: 2.18107e-05
91698: 2.18105e-05
91699: 2.18103e-05
91700: 2.181e-05
91701: 2.18098e-05
91702: 2.18095e-05
91703: 2.18093e-05
91704: 2.18091e-05
91705: 2.18088e-05
91706: 2.18086e-05
91707: 2.18083e-05
91708: 2.18081e-05
91709: 2.18079e-05
91710: 2.18076e-05
91711: 2.18074e-05
91712: 2.18072e-05
91713: 2.18069e-05
91714: 2.18067e-05
91715: 2.18064e-05
91716: 2.18062e-05
91717: 2.1806e-05
91718: 2.18057e-05
91719: 2.18055e-05
91720: 2.18053e-05
91721: 2.1805e-05
91722: 2.18048e-05
91723: 2.18045e-05
91724: 2.18043e-05
91725: 2.18041e-05
91726: 2.18038e-05
91727: 2.18036e-05
91728: 2.18034e-05
91729: 2.18031e-05
91730: 2.18029e-05
91731: 2.18026e-05
91732: 2.18024e-05
91733: 2.18022e-05
91734: 2.18019e-05
91735: 2.18017e-05
91736: 2.18015e-05
91737: 2.18012e-05
91738: 2.1801e-05
91739: 2.18007e-05
91740: 2.18005e-05
91741: 2.18003e-05
91742: 2.18e-05
91743: 2.17998e-05
91744: 2.17996e-05
91745: 2.17993e-05
91746: 2.17991e-05
91747: 2.17988e-05
91748: 2.17986e-05
91749: 2.17984e-05
91750: 2.17981e-05
91751: 2.17979e-05
91752: 2.17977e-05
91753: 2.17974e-05
91754: 2.17972e-05
91755: 2.17969e-05
91756: 2.17967e-05
91757: 2.17965e-05
91758: 2.17962e-05
91759: 2.1796e-05
91760: 2.17958e-05
91761: 2.17955e-05
91762: 2.17953e-05
91763: 2.1795e-05
91764: 2.17948e-05
91765: 2.17946e-05
91766: 2.17943e-05
91767: 2.17941e-05
91768: 2.17939e-05
91769: 2.17936e-05
91770: 2.17934e-05
91771: 2.17931e-05
91772: 2.17929e-05
91773: 2.17927e-05
91774: 2.17924e-05
91775: 2.17922e-05
91776: 2.1792e-05
91777: 2.17917e-05
91778: 2.17915e-05
91779: 2.17912e-05
91780: 2.1791e-05
91781: 2.17908e-05
91782: 2.17905e-05
91783: 2.17903e-05
91784: 2.17901e-05
91785: 2.17898e-05
91786: 2.17896e-05
91787: 2.17893e-05
91788: 2.17891e-05
91789: 2.17889e-05
91790: 2.17886e-05
91791: 2.17884e-05
91792: 2.17882e-05
91793: 2.17879e-05
91794: 2.17877e-05
91795: 2.17874e-05
91796: 2.17872e-05
91797: 2.1787e-05
91798: 2.17867e-05
91799: 2.17865e-05
91800: 2.17863e-05
91801: 2.1786e-05
91802: 2.17858e-05
91803: 2.17855e-05
91804: 2.17853e-05
91805: 2.17851e-05
91806: 2.17848e-05
91807: 2.17846e-05
91808: 2.17844e-05
91809: 2.17841e-05
91810: 2.17839e-05
91811: 2.17836e-05
91812: 2.17834e-05
91813: 2.17832e-05
91814: 2.17829e-05
91815: 2.17827e-05
91816: 2.17825e-05
91817: 2.17822e-05
91818: 2.1782e-05
91819: 2.17817e-05
91820: 2.17815e-05
91821: 2.17813e-05
91822: 2.1781e-05
91823: 2.17808e-05
91824: 2.17806e-05
91825: 2.17803e-05
91826: 2.17801e-05
91827: 2.17798e-05
91828: 2.17796e-05
91829: 2.17794e-05
91830: 2.17791e-05
91831: 2.17789e-05
91832: 2.17787e-05
91833: 2.17784e-05
91834: 2.17782e-05
91835: 2.1778e-05
91836: 2.17777e-05
91837: 2.17775e-05
91838: 2.17772e-05
91839: 2.1777e-05
91840: 2.17768e-05
91841: 2.17765e-05
91842: 2.17763e-05
91843: 2.17761e-05
91844: 2.17758e-05
91845: 2.17756e-05
91846: 2.17753e-05
91847: 2.17751e-05
91848: 2.17749e-05
91849: 2.17746e-05
91850: 2.17744e-05
91851: 2.17742e-05
91852: 2.17739e-05
91853: 2.17737e-05
91854: 2.17734e-05
91855: 2.17732e-05
91856: 2.1773e-05
91857: 2.17727e-05
91858: 2.17725e-05
91859: 2.17723e-05
91860: 2.1772e-05
91861: 2.17718e-05
91862: 2.17716e-05
91863: 2.17713e-05
91864: 2.17711e-05
91865: 2.17708e-05
91866: 2.17706e-05
91867: 2.17704e-05
91868: 2.17701e-05
91869: 2.17699e-05
91870: 2.17697e-05
91871: 2.17694e-05
91872: 2.17692e-05
91873: 2.17689e-05
91874: 2.17687e-05
91875: 2.17685e-05
91876: 2.17682e-05
91877: 2.1768e-05
91878: 2.17678e-05
91879: 2.17675e-05
91880: 2.17673e-05
91881: 2.1767e-05
91882: 2.17668e-05
91883: 2.17666e-05
91884: 2.17663e-05
91885: 2.17661e-05
91886: 2.17659e-05
91887: 2.17656e-05
91888: 2.17654e-05
91889: 2.17652e-05
91890: 2.17649e-05
91891: 2.17647e-05
91892: 2.17644e-05
91893: 2.17642e-05
91894: 2.1764e-05
91895: 2.17637e-05
91896: 2.17635e-05
91897: 2.17633e-05
91898: 2.1763e-05
91899: 2.17628e-05
91900: 2.17625e-05
91901: 2.17623e-05
91902: 2.17621e-05
91903: 2.17618e-05
91904: 2.17616e-05
91905: 2.17614e-05
91906: 2.17611e-05
91907: 2.17609e-05
91908: 2.17607e-05
91909: 2.17604e-05
91910: 2.17602e-05
91911: 2.17599e-05
91912: 2.17597e-05
91913: 2.17595e-05
91914: 2.17592e-05
91915: 2.1759e-05
91916: 2.17588e-05
91917: 2.17585e-05
91918: 2.17583e-05
91919: 2.17581e-05
91920: 2.17578e-05
91921: 2.17576e-05
91922: 2.17573e-05
91923: 2.17571e-05
91924: 2.17569e-05
91925: 2.17566e-05
91926: 2.17564e-05
91927: 2.17562e-05
91928: 2.17559e-05
91929: 2.17557e-05
91930: 2.17554e-05
91931: 2.17552e-05
91932: 2.1755e-05
91933: 2.17547e-05
91934: 2.17545e-05
91935: 2.17543e-05
91936: 2.1754e-05
91937: 2.17538e-05
91938: 2.17536e-05
91939: 2.17533e-05
91940: 2.17531e-05
91941: 2.17528e-05
91942: 2.17526e-05
91943: 2.17524e-05
91944: 2.17521e-05
91945: 2.17519e-05
91946: 2.17517e-05
91947: 2.17514e-05
91948: 2.17512e-05
91949: 2.1751e-05
91950: 2.17507e-05
91951: 2.17505e-05
91952: 2.17502e-05
91953: 2.175e-05
91954: 2.17498e-05
91955: 2.17495e-05
91956: 2.17493e-05
91957: 2.17491e-05
91958: 2.17488e-05
91959: 2.17486e-05
91960: 2.17483e-05
91961: 2.17481e-05
91962: 2.17479e-05
91963: 2.17476e-05
91964: 2.17474e-05
91965: 2.17472e-05
91966: 2.17469e-05
91967: 2.17467e-05
91968: 2.17465e-05
91969: 2.17462e-05
91970: 2.1746e-05
91971: 2.17457e-05
91972: 2.17455e-05
91973: 2.17453e-05
91974: 2.1745e-05
91975: 2.17448e-05
91976: 2.17446e-05
91977: 2.17443e-05
91978: 2.17441e-05
91979: 2.17439e-05
91980: 2.17436e-05
91981: 2.17434e-05
91982: 2.17431e-05
91983: 2.17429e-05
91984: 2.17427e-05
91985: 2.17424e-05
91986: 2.17422e-05
91987: 2.1742e-05
91988: 2.17417e-05
91989: 2.17415e-05
91990: 2.17413e-05
91991: 2.1741e-05
91992: 2.17408e-05
91993: 2.17405e-05
91994: 2.17403e-05
91995: 2.17401e-05
91996: 2.17398e-05
91997: 2.17396e-05
91998: 2.17394e-05
91999: 2.17391e-05
92000: 2.17389e-05
92001: 2.17387e-05
92002: 2.17384e-05
92003: 2.17382e-05
92004: 2.17379e-05
92005: 2.17377e-05
92006: 2.17375e-05
92007: 2.17372e-05
92008: 2.1737e-05
92009: 2.17368e-05
92010: 2.17365e-05
92011: 2.17363e-05
92012: 2.17361e-05
92013: 2.17358e-05
92014: 2.17356e-05
92015: 2.17354e-05
92016: 2.17351e-05
92017: 2.17349e-05
92018: 2.17346e-05
92019: 2.17344e-05
92020: 2.17342e-05
92021: 2.17339e-05
92022: 2.17337e-05
92023: 2.17335e-05
92024: 2.17332e-05
92025: 2.1733e-05
92026: 2.17328e-05
92027: 2.17325e-05
92028: 2.17323e-05
92029: 2.1732e-05
92030: 2.17318e-05
92031: 2.17316e-05
92032: 2.17313e-05
92033: 2.17311e-05
92034: 2.17309e-05
92035: 2.17306e-05
92036: 2.17304e-05
92037: 2.17302e-05
92038: 2.17299e-05
92039: 2.17297e-05
92040: 2.17294e-05
92041: 2.17292e-05
92042: 2.1729e-05
92043: 2.17287e-05
92044: 2.17285e-05
92045: 2.17283e-05
92046: 2.1728e-05
92047: 2.17278e-05
92048: 2.17276e-05
92049: 2.17273e-05
92050: 2.17271e-05
92051: 2.17269e-05
92052: 2.17266e-05
92053: 2.17264e-05
92054: 2.17261e-05
92055: 2.17259e-05
92056: 2.17257e-05
92057: 2.17254e-05
92058: 2.17252e-05
92059: 2.1725e-05
92060: 2.17247e-05
92061: 2.17245e-05
92062: 2.17243e-05
92063: 2.1724e-05
92064: 2.17238e-05
92065: 2.17235e-05
92066: 2.17233e-05
92067: 2.17231e-05
92068: 2.17228e-05
92069: 2.17226e-05
92070: 2.17224e-05
92071: 2.17221e-05
92072: 2.17219e-05
92073: 2.17217e-05
92074: 2.17214e-05
92075: 2.17212e-05
92076: 2.1721e-05
92077: 2.17207e-05
92078: 2.17205e-05
92079: 2.17202e-05
92080: 2.172e-05
92081: 2.17198e-05
92082: 2.17195e-05
92083: 2.17193e-05
92084: 2.17191e-05
92085: 2.17188e-05
92086: 2.17186e-05
92087: 2.17184e-05
92088: 2.17181e-05
92089: 2.17179e-05
92090: 2.17176e-05
92091: 2.17174e-05
92092: 2.17172e-05
92093: 2.17169e-05
92094: 2.17167e-05
92095: 2.17165e-05
92096: 2.17162e-05
92097: 2.1716e-05
92098: 2.17158e-05
92099: 2.17155e-05
92100: 2.17153e-05
92101: 2.17151e-05
92102: 2.17148e-05
92103: 2.17146e-05
92104: 2.17143e-05
92105: 2.17141e-05
92106: 2.17139e-05
92107: 2.17136e-05
92108: 2.17134e-05
92109: 2.17132e-05
92110: 2.17129e-05
92111: 2.17127e-05
92112: 2.17125e-05
92113: 2.17122e-05
92114: 2.1712e-05
92115: 2.17118e-05
92116: 2.17115e-05
92117: 2.17113e-05
92118: 2.1711e-05
92119: 2.17108e-05
92120: 2.17106e-05
92121: 2.17103e-05
92122: 2.17101e-05
92123: 2.17099e-05
92124: 2.17096e-05
92125: 2.17094e-05
92126: 2.17092e-05
92127: 2.17089e-05
92128: 2.17087e-05
92129: 2.17085e-05
92130: 2.17082e-05
92131: 2.1708e-05
92132: 2.17077e-05
92133: 2.17075e-05
92134: 2.17073e-05
92135: 2.1707e-05
92136: 2.17068e-05
92137: 2.17066e-05
92138: 2.17063e-05
92139: 2.17061e-05
92140: 2.17059e-05
92141: 2.17056e-05
92142: 2.17054e-05
92143: 2.17052e-05
92144: 2.17049e-05
92145: 2.17047e-05
92146: 2.17045e-05
92147: 2.17042e-05
92148: 2.1704e-05
92149: 2.17037e-05
92150: 2.17035e-05
92151: 2.17033e-05
92152: 2.1703e-05
92153: 2.17028e-05
92154: 2.17026e-05
92155: 2.17023e-05
92156: 2.17021e-05
92157: 2.17019e-05
92158: 2.17016e-05
92159: 2.17014e-05
92160: 2.17012e-05
92161: 2.17009e-05
92162: 2.17007e-05
92163: 2.17004e-05
92164: 2.17002e-05
92165: 2.17e-05
92166: 2.16997e-05
92167: 2.16995e-05
92168: 2.16993e-05
92169: 2.1699e-05
92170: 2.16988e-05
92171: 2.16986e-05
92172: 2.16983e-05
92173: 2.16981e-05
92174: 2.16979e-05
92175: 2.16976e-05
92176: 2.16974e-05
92177: 2.16972e-05
92178: 2.16969e-05
92179: 2.16967e-05
92180: 2.16964e-05
92181: 2.16962e-05
92182: 2.1696e-05
92183: 2.16957e-05
92184: 2.16955e-05
92185: 2.16953e-05
92186: 2.1695e-05
92187: 2.16948e-05
92188: 2.16946e-05
92189: 2.16943e-05
92190: 2.16941e-05
92191: 2.16939e-05
92192: 2.16936e-05
92193: 2.16934e-05
92194: 2.16932e-05
92195: 2.16929e-05
92196: 2.16927e-05
92197: 2.16924e-05
92198: 2.16922e-05
92199: 2.1692e-05
92200: 2.16917e-05
92201: 2.16915e-05
92202: 2.16913e-05
92203: 2.1691e-05
92204: 2.16908e-05
92205: 2.16906e-05
92206: 2.16903e-05
92207: 2.16901e-05
92208: 2.16899e-05
92209: 2.16896e-05
92210: 2.16894e-05
92211: 2.16892e-05
92212: 2.16889e-05
92213: 2.16887e-05
92214: 2.16884e-05
92215: 2.16882e-05
92216: 2.1688e-05
92217: 2.16877e-05
92218: 2.16875e-05
92219: 2.16873e-05
92220: 2.1687e-05
92221: 2.16868e-05
92222: 2.16866e-05
92223: 2.16863e-05
92224: 2.16861e-05
92225: 2.16859e-05
92226: 2.16856e-05
92227: 2.16854e-05
92228: 2.16852e-05
92229: 2.16849e-05
92230: 2.16847e-05
92231: 2.16844e-05
92232: 2.16842e-05
92233: 2.1684e-05
92234: 2.16837e-05
92235: 2.16835e-05
92236: 2.16833e-05
92237: 2.1683e-05
92238: 2.16828e-05
92239: 2.16826e-05
92240: 2.16823e-05
92241: 2.16821e-05
92242: 2.16819e-05
92243: 2.16816e-05
92244: 2.16814e-05
92245: 2.16812e-05
92246: 2.16809e-05
92247: 2.16807e-05
92248: 2.16805e-05
92249: 2.16802e-05
92250: 2.168e-05
92251: 2.16797e-05
92252: 2.16795e-05
92253: 2.16793e-05
92254: 2.1679e-05
92255: 2.16788e-05
92256: 2.16786e-05
92257: 2.16783e-05
92258: 2.16781e-05
92259: 2.16779e-05
92260: 2.16776e-05
92261: 2.16774e-05
92262: 2.16772e-05
92263: 2.16769e-05
92264: 2.16767e-05
92265: 2.16765e-05
92266: 2.16762e-05
92267: 2.1676e-05
92268: 2.16758e-05
92269: 2.16755e-05
92270: 2.16753e-05
92271: 2.1675e-05
92272: 2.16748e-05
92273: 2.16746e-05
92274: 2.16743e-05
92275: 2.16741e-05
92276: 2.16739e-05
92277: 2.16736e-05
92278: 2.16734e-05
92279: 2.16732e-05
92280: 2.16729e-05
92281: 2.16727e-05
92282: 2.16725e-05
92283: 2.16722e-05
92284: 2.1672e-05
92285: 2.16718e-05
92286: 2.16715e-05
92287: 2.16713e-05
92288: 2.16711e-05
92289: 2.16708e-05
92290: 2.16706e-05
92291: 2.16704e-05
92292: 2.16701e-05
92293: 2.16699e-05
92294: 2.16696e-05
92295: 2.16694e-05
92296: 2.16692e-05
92297: 2.16689e-05
92298: 2.16687e-05
92299: 2.16685e-05
92300: 2.16682e-05
92301: 2.1668e-05
92302: 2.16678e-05
92303: 2.16675e-05
92304: 2.16673e-05
92305: 2.16671e-05
92306: 2.16668e-05
92307: 2.16666e-05
92308: 2.16664e-05
92309: 2.16661e-05
92310: 2.16659e-05
92311: 2.16657e-05
92312: 2.16654e-05
92313: 2.16652e-05
92314: 2.1665e-05
92315: 2.16647e-05
92316: 2.16645e-05
92317: 2.16642e-05
92318: 2.1664e-05
92319: 2.16638e-05
92320: 2.16635e-05
92321: 2.16633e-05
92322: 2.16631e-05
92323: 2.16628e-05
92324: 2.16626e-05
92325: 2.16624e-05
92326: 2.16621e-05
92327: 2.16619e-05
92328: 2.16617e-05
92329: 2.16614e-05
92330: 2.16612e-05
92331: 2.1661e-05
92332: 2.16607e-05
92333: 2.16605e-05
92334: 2.16603e-05
92335: 2.166e-05
92336: 2.16598e-05
92337: 2.16596e-05
92338: 2.16593e-05
92339: 2.16591e-05
92340: 2.16589e-05
92341: 2.16586e-05
92342: 2.16584e-05
92343: 2.16581e-05
92344: 2.16579e-05
92345: 2.16577e-05
92346: 2.16574e-05
92347: 2.16572e-05
92348: 2.1657e-05
92349: 2.16567e-05
92350: 2.16565e-05
92351: 2.16563e-05
92352: 2.1656e-05
92353: 2.16558e-05
92354: 2.16556e-05
92355: 2.16553e-05
92356: 2.16551e-05
92357: 2.16549e-05
92358: 2.16546e-05
92359: 2.16544e-05
92360: 2.16542e-05
92361: 2.16539e-05
92362: 2.16537e-05
92363: 2.16535e-05
92364: 2.16532e-05
92365: 2.1653e-05
92366: 2.16528e-05
92367: 2.16525e-05
92368: 2.16523e-05
92369: 2.16521e-05
92370: 2.16518e-05
92371: 2.16516e-05
92372: 2.16513e-05
92373: 2.16511e-05
92374: 2.16509e-05
92375: 2.16506e-05
92376: 2.16504e-05
92377: 2.16502e-05
92378: 2.16499e-05
92379: 2.16497e-05
92380: 2.16495e-05
92381: 2.16492e-05
92382: 2.1649e-05
92383: 2.16488e-05
92384: 2.16485e-05
92385: 2.16483e-05
92386: 2.16481e-05
92387: 2.16478e-05
92388: 2.16476e-05
92389: 2.16474e-05
92390: 2.16471e-05
92391: 2.16469e-05
92392: 2.16467e-05
92393: 2.16464e-05
92394: 2.16462e-05
92395: 2.1646e-05
92396: 2.16457e-05
92397: 2.16455e-05
92398: 2.16453e-05
92399: 2.1645e-05
92400: 2.16448e-05
92401: 2.16446e-05
92402: 2.16443e-05
92403: 2.16441e-05
92404: 2.16439e-05
92405: 2.16436e-05
92406: 2.16434e-05
92407: 2.16431e-05
92408: 2.16429e-05
92409: 2.16427e-05
92410: 2.16424e-05
92411: 2.16422e-05
92412: 2.1642e-05
92413: 2.16417e-05
92414: 2.16415e-05
92415: 2.16413e-05
92416: 2.1641e-05
92417: 2.16408e-05
92418: 2.16406e-05
92419: 2.16403e-05
92420: 2.16401e-05
92421: 2.16399e-05
92422: 2.16396e-05
92423: 2.16394e-05
92424: 2.16392e-05
92425: 2.16389e-05
92426: 2.16387e-05
92427: 2.16385e-05
92428: 2.16382e-05
92429: 2.1638e-05
92430: 2.16378e-05
92431: 2.16375e-05
92432: 2.16373e-05
92433: 2.16371e-05
92434: 2.16368e-05
92435: 2.16366e-05
92436: 2.16364e-05
92437: 2.16361e-05
92438: 2.16359e-05
92439: 2.16357e-05
92440: 2.16354e-05
92441: 2.16352e-05
92442: 2.1635e-05
92443: 2.16347e-05
92444: 2.16345e-05
92445: 2.16343e-05
92446: 2.1634e-05
92447: 2.16338e-05
92448: 2.16335e-05
92449: 2.16333e-05
92450: 2.16331e-05
92451: 2.16328e-05
92452: 2.16326e-05
92453: 2.16324e-05
92454: 2.16321e-05
92455: 2.16319e-05
92456: 2.16317e-05
92457: 2.16314e-05
92458: 2.16312e-05
92459: 2.1631e-05
92460: 2.16307e-05
92461: 2.16305e-05
92462: 2.16303e-05
92463: 2.163e-05
92464: 2.16298e-05
92465: 2.16296e-05
92466: 2.16293e-05
92467: 2.16291e-05
92468: 2.16289e-05
92469: 2.16286e-05
92470: 2.16284e-05
92471: 2.16282e-05
92472: 2.16279e-05
92473: 2.16277e-05
92474: 2.16275e-05
92475: 2.16272e-05
92476: 2.1627e-05
92477: 2.16268e-05
92478: 2.16265e-05
92479: 2.16263e-05
92480: 2.16261e-05
92481: 2.16258e-05
92482: 2.16256e-05
92483: 2.16254e-05
92484: 2.16251e-05
92485: 2.16249e-05
92486: 2.16247e-05
92487: 2.16244e-05
92488: 2.16242e-05
92489: 2.1624e-05
92490: 2.16237e-05
92491: 2.16235e-05
92492: 2.16233e-05
92493: 2.1623e-05
92494: 2.16228e-05
92495: 2.16226e-05
92496: 2.16223e-05
92497: 2.16221e-05
92498: 2.16219e-05
92499: 2.16216e-05
92500: 2.16214e-05
92501: 2.16212e-05
92502: 2.16209e-05
92503: 2.16207e-05
92504: 2.16205e-05
92505: 2.16202e-05
92506: 2.162e-05
92507: 2.16198e-05
92508: 2.16195e-05
92509: 2.16193e-05
92510: 2.16191e-05
92511: 2.16188e-05
92512: 2.16186e-05
92513: 2.16183e-05
92514: 2.16181e-05
92515: 2.16179e-05
92516: 2.16176e-05
92517: 2.16174e-05
92518: 2.16172e-05
92519: 2.16169e-05
92520: 2.16167e-05
92521: 2.16165e-05
92522: 2.16162e-05
92523: 2.1616e-05
92524: 2.16158e-05
92525: 2.16155e-05
92526: 2.16153e-05
92527: 2.16151e-05
92528: 2.16148e-05
92529: 2.16146e-05
92530: 2.16144e-05
92531: 2.16141e-05
92532: 2.16139e-05
92533: 2.16137e-05
92534: 2.16134e-05
92535: 2.16132e-05
92536: 2.1613e-05
92537: 2.16127e-05
92538: 2.16125e-05
92539: 2.16123e-05
92540: 2.1612e-05
92541: 2.16118e-05
92542: 2.16116e-05
92543: 2.16113e-05
92544: 2.16111e-05
92545: 2.16109e-05
92546: 2.16106e-05
92547: 2.16104e-05
92548: 2.16102e-05
92549: 2.16099e-05
92550: 2.16097e-05
92551: 2.16095e-05
92552: 2.16092e-05
92553: 2.1609e-05
92554: 2.16088e-05
92555: 2.16085e-05
92556: 2.16083e-05
92557: 2.16081e-05
92558: 2.16078e-05
92559: 2.16076e-05
92560: 2.16074e-05
92561: 2.16071e-05
92562: 2.16069e-05
92563: 2.16067e-05
92564: 2.16064e-05
92565: 2.16062e-05
92566: 2.1606e-05
92567: 2.16057e-05
92568: 2.16055e-05
92569: 2.16053e-05
92570: 2.1605e-05
92571: 2.16048e-05
92572: 2.16046e-05
92573: 2.16043e-05
92574: 2.16041e-05
92575: 2.16039e-05
92576: 2.16036e-05
92577: 2.16034e-05
92578: 2.16032e-05
92579: 2.16029e-05
92580: 2.16027e-05
92581: 2.16025e-05
92582: 2.16022e-05
92583: 2.1602e-05
92584: 2.16018e-05
92585: 2.16015e-05
92586: 2.16013e-05
92587: 2.16011e-05
92588: 2.16008e-05
92589: 2.16006e-05
92590: 2.16004e-05
92591: 2.16001e-05
92592: 2.15999e-05
92593: 2.15997e-05
92594: 2.15994e-05
92595: 2.15992e-05
92596: 2.1599e-05
92597: 2.15987e-05
92598: 2.15985e-05
92599: 2.15983e-05
92600: 2.1598e-05
92601: 2.15978e-05
92602: 2.15976e-05
92603: 2.15973e-05
92604: 2.15971e-05
92605: 2.15969e-05
92606: 2.15966e-05
92607: 2.15964e-05
92608: 2.15962e-05
92609: 2.15959e-05
92610: 2.15957e-05
92611: 2.15955e-05
92612: 2.15952e-05
92613: 2.1595e-05
92614: 2.15948e-05
92615: 2.15945e-05
92616: 2.15943e-05
92617: 2.15941e-05
92618: 2.15938e-05
92619: 2.15936e-05
92620: 2.15934e-05
92621: 2.15931e-05
92622: 2.15929e-05
92623: 2.15927e-05
92624: 2.15924e-05
92625: 2.15922e-05
92626: 2.1592e-05
92627: 2.15917e-05
92628: 2.15915e-05
92629: 2.15913e-05
92630: 2.1591e-05
92631: 2.15908e-05
92632: 2.15906e-05
92633: 2.15903e-05
92634: 2.15901e-05
92635: 2.15899e-05
92636: 2.15896e-05
92637: 2.15894e-05
92638: 2.15892e-05
92639: 2.15889e-05
92640: 2.15887e-05
92641: 2.15885e-05
92642: 2.15882e-05
92643: 2.1588e-05
92644: 2.15878e-05
92645: 2.15875e-05
92646: 2.15873e-05
92647: 2.15871e-05
92648: 2.15868e-05
92649: 2.15866e-05
92650: 2.15864e-05
92651: 2.15862e-05
92652: 2.15859e-05
92653: 2.15857e-05
92654: 2.15855e-05
92655: 2.15852e-05
92656: 2.1585e-05
92657: 2.15848e-05
92658: 2.15845e-05
92659: 2.15843e-05
92660: 2.15841e-05
92661: 2.15838e-05
92662: 2.15836e-05
92663: 2.15834e-05
92664: 2.15831e-05
92665: 2.15829e-05
92666: 2.15827e-05
92667: 2.15824e-05
92668: 2.15822e-05
92669: 2.1582e-05
92670: 2.15817e-05
92671: 2.15815e-05
92672: 2.15813e-05
92673: 2.1581e-05
92674: 2.15808e-05
92675: 2.15806e-05
92676: 2.15803e-05
92677: 2.15801e-05
92678: 2.15799e-05
92679: 2.15796e-05
92680: 2.15794e-05
92681: 2.15792e-05
92682: 2.15789e-05
92683: 2.15787e-05
92684: 2.15785e-05
92685: 2.15782e-05
92686: 2.1578e-05
92687: 2.15778e-05
92688: 2.15775e-05
92689: 2.15773e-05
92690: 2.15771e-05
92691: 2.15768e-05
92692: 2.15766e-05
92693: 2.15764e-05
92694: 2.15761e-05
92695: 2.15759e-05
92696: 2.15757e-05
92697: 2.15754e-05
92698: 2.15752e-05
92699: 2.1575e-05
92700: 2.15747e-05
92701: 2.15745e-05
92702: 2.15743e-05
92703: 2.1574e-05
92704: 2.15738e-05
92705: 2.15736e-05
92706: 2.15733e-05
92707: 2.15731e-05
92708: 2.15729e-05
92709: 2.15726e-05
92710: 2.15724e-05
92711: 2.15722e-05
92712: 2.15719e-05
92713: 2.15717e-05
92714: 2.15715e-05
92715: 2.15712e-05
92716: 2.1571e-05
92717: 2.15708e-05
92718: 2.15706e-05
92719: 2.15703e-05
92720: 2.15701e-05
92721: 2.15699e-05
92722: 2.15696e-05
92723: 2.15694e-05
92724: 2.15692e-05
92725: 2.15689e-05
92726: 2.15687e-05
92727: 2.15685e-05
92728: 2.15682e-05
92729: 2.1568e-05
92730: 2.15678e-05
92731: 2.15675e-05
92732: 2.15673e-05
92733: 2.15671e-05
92734: 2.15668e-05
92735: 2.15666e-05
92736: 2.15664e-05
92737: 2.15661e-05
92738: 2.15659e-05
92739: 2.15657e-05
92740: 2.15654e-05
92741: 2.15652e-05
92742: 2.1565e-05
92743: 2.15647e-05
92744: 2.15645e-05
92745: 2.15643e-05
92746: 2.1564e-05
92747: 2.15638e-05
92748: 2.15636e-05
92749: 2.15633e-05
92750: 2.15631e-05
92751: 2.15629e-05
92752: 2.15626e-05
92753: 2.15624e-05
92754: 2.15622e-05
92755: 2.15619e-05
92756: 2.15617e-05
92757: 2.15615e-05
92758: 2.15613e-05
92759: 2.1561e-05
92760: 2.15608e-05
92761: 2.15606e-05
92762: 2.15603e-05
92763: 2.15601e-05
92764: 2.15599e-05
92765: 2.15596e-05
92766: 2.15594e-05
92767: 2.15592e-05
92768: 2.15589e-05
92769: 2.15587e-05
92770: 2.15585e-05
92771: 2.15582e-05
92772: 2.1558e-05
92773: 2.15578e-05
92774: 2.15575e-05
92775: 2.15573e-05
92776: 2.15571e-05
92777: 2.15568e-05
92778: 2.15566e-05
92779: 2.15564e-05
92780: 2.15561e-05
92781: 2.15559e-05
92782: 2.15557e-05
92783: 2.15554e-05
92784: 2.15552e-05
92785: 2.1555e-05
92786: 2.15547e-05
92787: 2.15545e-05
92788: 2.15543e-05
92789: 2.1554e-05
92790: 2.15538e-05
92791: 2.15536e-05
92792: 2.15533e-05
92793: 2.15531e-05
92794: 2.15529e-05
92795: 2.15527e-05
92796: 2.15524e-05
92797: 2.15522e-05
92798: 2.1552e-05
92799: 2.15517e-05
92800: 2.15515e-05
92801: 2.15513e-05
92802: 2.1551e-05
92803: 2.15508e-05
92804: 2.15506e-05
92805: 2.15503e-05
92806: 2.15501e-05
92807: 2.15499e-05
92808: 2.15496e-05
92809: 2.15494e-05
92810: 2.15492e-05
92811: 2.15489e-05
92812: 2.15487e-05
92813: 2.15485e-05
92814: 2.15482e-05
92815: 2.1548e-05
92816: 2.15478e-05
92817: 2.15475e-05
92818: 2.15473e-05
92819: 2.15471e-05
92820: 2.15468e-05
92821: 2.15466e-05
92822: 2.15464e-05
92823: 2.15462e-05
92824: 2.15459e-05
92825: 2.15457e-05
92826: 2.15455e-05
92827: 2.15452e-05
92828: 2.1545e-05
92829: 2.15448e-05
92830: 2.15445e-05
92831: 2.15443e-05
92832: 2.15441e-05
92833: 2.15438e-05
92834: 2.15436e-05
92835: 2.15434e-05
92836: 2.15431e-05
92837: 2.15429e-05
92838: 2.15427e-05
92839: 2.15424e-05
92840: 2.15422e-05
92841: 2.1542e-05
92842: 2.15417e-05
92843: 2.15415e-05
92844: 2.15413e-05
92845: 2.1541e-05
92846: 2.15408e-05
92847: 2.15406e-05
92848: 2.15404e-05
92849: 2.15401e-05
92850: 2.15399e-05
92851: 2.15397e-05
92852: 2.15394e-05
92853: 2.15392e-05
92854: 2.1539e-05
92855: 2.15387e-05
92856: 2.15385e-05
92857: 2.15383e-05
92858: 2.1538e-05
92859: 2.15378e-05
92860: 2.15376e-05
92861: 2.15373e-05
92862: 2.15371e-05
92863: 2.15369e-05
92864: 2.15366e-05
92865: 2.15364e-05
92866: 2.15362e-05
92867: 2.15359e-05
92868: 2.15357e-05
92869: 2.15355e-05
92870: 2.15352e-05
92871: 2.1535e-05
92872: 2.15348e-05
92873: 2.15346e-05
92874: 2.15343e-05
92875: 2.15341e-05
92876: 2.15339e-05
92877: 2.15336e-05
92878: 2.15334e-05
92879: 2.15332e-05
92880: 2.15329e-05
92881: 2.15327e-05
92882: 2.15325e-05
92883: 2.15322e-05
92884: 2.1532e-05
92885: 2.15318e-05
92886: 2.15315e-05
92887: 2.15313e-05
92888: 2.15311e-05
92889: 2.15308e-05
92890: 2.15306e-05
92891: 2.15304e-05
92892: 2.15301e-05
92893: 2.15299e-05
92894: 2.15297e-05
92895: 2.15295e-05
92896: 2.15292e-05
92897: 2.1529e-05
92898: 2.15288e-05
92899: 2.15285e-05
92900: 2.15283e-05
92901: 2.15281e-05
92902: 2.15278e-05
92903: 2.15276e-05
92904: 2.15274e-05
92905: 2.15271e-05
92906: 2.15269e-05
92907: 2.15267e-05
92908: 2.15264e-05
92909: 2.15262e-05
92910: 2.1526e-05
92911: 2.15257e-05
92912: 2.15255e-05
92913: 2.15253e-05
92914: 2.1525e-05
92915: 2.15248e-05
92916: 2.15246e-05
92917: 2.15244e-05
92918: 2.15241e-05
92919: 2.15239e-05
92920: 2.15237e-05
92921: 2.15234e-05
92922: 2.15232e-05
92923: 2.1523e-05
92924: 2.15227e-05
92925: 2.15225e-05
92926: 2.15223e-05
92927: 2.1522e-05
92928: 2.15218e-05
92929: 2.15216e-05
92930: 2.15213e-05
92931: 2.15211e-05
92932: 2.15209e-05
92933: 2.15206e-05
92934: 2.15204e-05
92935: 2.15202e-05
92936: 2.152e-05
92937: 2.15197e-05
92938: 2.15195e-05
92939: 2.15193e-05
92940: 2.1519e-05
92941: 2.15188e-05
92942: 2.15186e-05
92943: 2.15183e-05
92944: 2.15181e-05
92945: 2.15179e-05
92946: 2.15176e-05
92947: 2.15174e-05
92948: 2.15172e-05
92949: 2.15169e-05
92950: 2.15167e-05
92951: 2.15165e-05
92952: 2.15163e-05
92953: 2.1516e-05
92954: 2.15158e-05
92955: 2.15156e-05
92956: 2.15153e-05
92957: 2.15151e-05
92958: 2.15149e-05
92959: 2.15146e-05
92960: 2.15144e-05
92961: 2.15142e-05
92962: 2.15139e-05
92963: 2.15137e-05
92964: 2.15135e-05
92965: 2.15132e-05
92966: 2.1513e-05
92967: 2.15128e-05
92968: 2.15125e-05
92969: 2.15123e-05
92970: 2.15121e-05
92971: 2.15119e-05
92972: 2.15116e-05
92973: 2.15114e-05
92974: 2.15112e-05
92975: 2.15109e-05
92976: 2.15107e-05
92977: 2.15105e-05
92978: 2.15102e-05
92979: 2.151e-05
92980: 2.15098e-05
92981: 2.15095e-05
92982: 2.15093e-05
92983: 2.15091e-05
92984: 2.15088e-05
92985: 2.15086e-05
92986: 2.15084e-05
92987: 2.15082e-05
92988: 2.15079e-05
92989: 2.15077e-05
92990: 2.15075e-05
92991: 2.15072e-05
92992: 2.1507e-05
92993: 2.15068e-05
92994: 2.15065e-05
92995: 2.15063e-05
92996: 2.15061e-05
92997: 2.15058e-05
92998: 2.15056e-05
92999: 2.15054e-05
93000: 2.15051e-05
93001: 2.15049e-05
93002: 2.15047e-05
93003: 2.15045e-05
93004: 2.15042e-05
93005: 2.1504e-05
93006: 2.15038e-05
93007: 2.15035e-05
93008: 2.15033e-05
93009: 2.15031e-05
93010: 2.15028e-05
93011: 2.15026e-05
93012: 2.15024e-05
93013: 2.15021e-05
93014: 2.15019e-05
93015: 2.15017e-05
93016: 2.15014e-05
93017: 2.15012e-05
93018: 2.1501e-05
93019: 2.15008e-05
93020: 2.15005e-05
93021: 2.15003e-05
93022: 2.15001e-05
93023: 2.14998e-05
93024: 2.14996e-05
93025: 2.14994e-05
93026: 2.14991e-05
93027: 2.14989e-05
93028: 2.14987e-05
93029: 2.14984e-05
93030: 2.14982e-05
93031: 2.1498e-05
93032: 2.14977e-05
93033: 2.14975e-05
93034: 2.14973e-05
93035: 2.14971e-05
93036: 2.14968e-05
93037: 2.14966e-05
93038: 2.14964e-05
93039: 2.14961e-05
93040: 2.14959e-05
93041: 2.14957e-05
93042: 2.14954e-05
93043: 2.14952e-05
93044: 2.1495e-05
93045: 2.14947e-05
93046: 2.14945e-05
93047: 2.14943e-05
93048: 2.14941e-05
93049: 2.14938e-05
93050: 2.14936e-05
93051: 2.14934e-05
93052: 2.14931e-05
93053: 2.14929e-05
93054: 2.14927e-05
93055: 2.14924e-05
93056: 2.14922e-05
93057: 2.1492e-05
93058: 2.14917e-05
93059: 2.14915e-05
93060: 2.14913e-05
93061: 2.1491e-05
93062: 2.14908e-05
93063: 2.14906e-05
93064: 2.14904e-05
93065: 2.14901e-05
93066: 2.14899e-05
93067: 2.14897e-05
93068: 2.14894e-05
93069: 2.14892e-05
93070: 2.1489e-05
93071: 2.14887e-05
93072: 2.14885e-05
93073: 2.14883e-05
93074: 2.1488e-05
93075: 2.14878e-05
93076: 2.14876e-05
93077: 2.14874e-05
93078: 2.14871e-05
93079: 2.14869e-05
93080: 2.14867e-05
93081: 2.14864e-05
93082: 2.14862e-05
93083: 2.1486e-05
93084: 2.14857e-05
93085: 2.14855e-05
93086: 2.14853e-05
93087: 2.1485e-05
93088: 2.14848e-05
93089: 2.14846e-05
93090: 2.14844e-05
93091: 2.14841e-05
93092: 2.14839e-05
93093: 2.14837e-05
93094: 2.14834e-05
93095: 2.14832e-05
93096: 2.1483e-05
93097: 2.14827e-05
93098: 2.14825e-05
93099: 2.14823e-05
93100: 2.1482e-05
93101: 2.14818e-05
93102: 2.14816e-05
93103: 2.14814e-05
93104: 2.14811e-05
93105: 2.14809e-05
93106: 2.14807e-05
93107: 2.14804e-05
93108: 2.14802e-05
93109: 2.148e-05
93110: 2.14797e-05
93111: 2.14795e-05
93112: 2.14793e-05
93113: 2.1479e-05
93114: 2.14788e-05
93115: 2.14786e-05
93116: 2.14784e-05
93117: 2.14781e-05
93118: 2.14779e-05
93119: 2.14777e-05
93120: 2.14774e-05
93121: 2.14772e-05
93122: 2.1477e-05
93123: 2.14767e-05
93124: 2.14765e-05
93125: 2.14763e-05
93126: 2.1476e-05
93127: 2.14758e-05
93128: 2.14756e-05
93129: 2.14754e-05
93130: 2.14751e-05
93131: 2.14749e-05
93132: 2.14747e-05
93133: 2.14744e-05
93134: 2.14742e-05
93135: 2.1474e-05
93136: 2.14737e-05
93137: 2.14735e-05
93138: 2.14733e-05
93139: 2.14731e-05
93140: 2.14728e-05
93141: 2.14726e-05
93142: 2.14724e-05
93143: 2.14721e-05
93144: 2.14719e-05
93145: 2.14717e-05
93146: 2.14714e-05
93147: 2.14712e-05
93148: 2.1471e-05
93149: 2.14707e-05
93150: 2.14705e-05
93151: 2.14703e-05
93152: 2.14701e-05
93153: 2.14698e-05
93154: 2.14696e-05
93155: 2.14694e-05
93156: 2.14691e-05
93157: 2.14689e-05
93158: 2.14687e-05
93159: 2.14684e-05
93160: 2.14682e-05
93161: 2.1468e-05
93162: 2.14678e-05
93163: 2.14675e-05
93164: 2.14673e-05
93165: 2.14671e-05
93166: 2.14668e-05
93167: 2.14666e-05
93168: 2.14664e-05
93169: 2.14661e-05
93170: 2.14659e-05
93171: 2.14657e-05
93172: 2.14654e-05
93173: 2.14652e-05
93174: 2.1465e-05
93175: 2.14648e-05
93176: 2.14645e-05
93177: 2.14643e-05
93178: 2.14641e-05
93179: 2.14638e-05
93180: 2.14636e-05
93181: 2.14634e-05
93182: 2.14631e-05
93183: 2.14629e-05
93184: 2.14627e-05
93185: 2.14625e-05
93186: 2.14622e-05
93187: 2.1462e-05
93188: 2.14618e-05
93189: 2.14615e-05
93190: 2.14613e-05
93191: 2.14611e-05
93192: 2.14608e-05
93193: 2.14606e-05
93194: 2.14604e-05
93195: 2.14601e-05
93196: 2.14599e-05
93197: 2.14597e-05
93198: 2.14595e-05
93199: 2.14592e-05
93200: 2.1459e-05
93201: 2.14588e-05
93202: 2.14585e-05
93203: 2.14583e-05
93204: 2.14581e-05
93205: 2.14578e-05
93206: 2.14576e-05
93207: 2.14574e-05
93208: 2.14572e-05
93209: 2.14569e-05
93210: 2.14567e-05
93211: 2.14565e-05
93212: 2.14562e-05
93213: 2.1456e-05
93214: 2.14558e-05
93215: 2.14555e-05
93216: 2.14553e-05
93217: 2.14551e-05
93218: 2.14549e-05
93219: 2.14546e-05
93220: 2.14544e-05
93221: 2.14542e-05
93222: 2.14539e-05
93223: 2.14537e-05
93224: 2.14535e-05
93225: 2.14532e-05
93226: 2.1453e-05
93227: 2.14528e-05
93228: 2.14526e-05
93229: 2.14523e-05
93230: 2.14521e-05
93231: 2.14519e-05
93232: 2.14516e-05
93233: 2.14514e-05
93234: 2.14512e-05
93235: 2.14509e-05
93236: 2.14507e-05
93237: 2.14505e-05
93238: 2.14503e-05
93239: 2.145e-05
93240: 2.14498e-05
93241: 2.14496e-05
93242: 2.14493e-05
93243: 2.14491e-05
93244: 2.14489e-05
93245: 2.14486e-05
93246: 2.14484e-05
93247: 2.14482e-05
93248: 2.1448e-05
93249: 2.14477e-05
93250: 2.14475e-05
93251: 2.14473e-05
93252: 2.1447e-05
93253: 2.14468e-05
93254: 2.14466e-05
93255: 2.14463e-05
93256: 2.14461e-05
93257: 2.14459e-05
93258: 2.14457e-05
93259: 2.14454e-05
93260: 2.14452e-05
93261: 2.1445e-05
93262: 2.14447e-05
93263: 2.14445e-05
93264: 2.14443e-05
93265: 2.1444e-05
93266: 2.14438e-05
93267: 2.14436e-05
93268: 2.14434e-05
93269: 2.14431e-05
93270: 2.14429e-05
93271: 2.14427e-05
93272: 2.14424e-05
93273: 2.14422e-05
93274: 2.1442e-05
93275: 2.14417e-05
93276: 2.14415e-05
93277: 2.14413e-05
93278: 2.14411e-05
93279: 2.14408e-05
93280: 2.14406e-05
93281: 2.14404e-05
93282: 2.14401e-05
93283: 2.14399e-05
93284: 2.14397e-05
93285: 2.14394e-05
93286: 2.14392e-05
93287: 2.1439e-05
93288: 2.14388e-05
93289: 2.14385e-05
93290: 2.14383e-05
93291: 2.14381e-05
93292: 2.14378e-05
93293: 2.14376e-05
93294: 2.14374e-05
93295: 2.14371e-05
93296: 2.14369e-05
93297: 2.14367e-05
93298: 2.14365e-05
93299: 2.14362e-05
93300: 2.1436e-05
93301: 2.14358e-05
93302: 2.14355e-05
93303: 2.14353e-05
93304: 2.14351e-05
93305: 2.14348e-05
93306: 2.14346e-05
93307: 2.14344e-05
93308: 2.14342e-05
93309: 2.14339e-05
93310: 2.14337e-05
93311: 2.14335e-05
93312: 2.14332e-05
93313: 2.1433e-05
93314: 2.14328e-05
93315: 2.14326e-05
93316: 2.14323e-05
93317: 2.14321e-05
93318: 2.14319e-05
93319: 2.14316e-05
93320: 2.14314e-05
93321: 2.14312e-05
93322: 2.14309e-05
93323: 2.14307e-05
93324: 2.14305e-05
93325: 2.14303e-05
93326: 2.143e-05
93327: 2.14298e-05
93328: 2.14296e-05
93329: 2.14293e-05
93330: 2.14291e-05
93331: 2.14289e-05
93332: 2.14286e-05
93333: 2.14284e-05
93334: 2.14282e-05
93335: 2.1428e-05
93336: 2.14277e-05
93337: 2.14275e-05
93338: 2.14273e-05
93339: 2.1427e-05
93340: 2.14268e-05
93341: 2.14266e-05
93342: 2.14264e-05
93343: 2.14261e-05
93344: 2.14259e-05
93345: 2.14257e-05
93346: 2.14254e-05
93347: 2.14252e-05
93348: 2.1425e-05
93349: 2.14247e-05
93350: 2.14245e-05
93351: 2.14243e-05
93352: 2.14241e-05
93353: 2.14238e-05
93354: 2.14236e-05
93355: 2.14234e-05
93356: 2.14231e-05
93357: 2.14229e-05
93358: 2.14227e-05
93359: 2.14225e-05
93360: 2.14222e-05
93361: 2.1422e-05
93362: 2.14218e-05
93363: 2.14215e-05
93364: 2.14213e-05
93365: 2.14211e-05
93366: 2.14208e-05
93367: 2.14206e-05
93368: 2.14204e-05
93369: 2.14202e-05
93370: 2.14199e-05
93371: 2.14197e-05
93372: 2.14195e-05
93373: 2.14192e-05
93374: 2.1419e-05
93375: 2.14188e-05
93376: 2.14186e-05
93377: 2.14183e-05
93378: 2.14181e-05
93379: 2.14179e-05
93380: 2.14176e-05
93381: 2.14174e-05
93382: 2.14172e-05
93383: 2.14169e-05
93384: 2.14167e-05
93385: 2.14165e-05
93386: 2.14163e-05
93387: 2.1416e-05
93388: 2.14158e-05
93389: 2.14156e-05
93390: 2.14153e-05
93391: 2.14151e-05
93392: 2.14149e-05
93393: 2.14147e-05
93394: 2.14144e-05
93395: 2.14142e-05
93396: 2.1414e-05
93397: 2.14137e-05
93398: 2.14135e-05
93399: 2.14133e-05
93400: 2.1413e-05
93401: 2.14128e-05
93402: 2.14126e-05
93403: 2.14124e-05
93404: 2.14121e-05
93405: 2.14119e-05
93406: 2.14117e-05
93407: 2.14114e-05
93408: 2.14112e-05
93409: 2.1411e-05
93410: 2.14108e-05
93411: 2.14105e-05
93412: 2.14103e-05
93413: 2.14101e-05
93414: 2.14098e-05
93415: 2.14096e-05
93416: 2.14094e-05
93417: 2.14092e-05
93418: 2.14089e-05
93419: 2.14087e-05
93420: 2.14085e-05
93421: 2.14082e-05
93422: 2.1408e-05
93423: 2.14078e-05
93424: 2.14075e-05
93425: 2.14073e-05
93426: 2.14071e-05
93427: 2.14069e-05
93428: 2.14066e-05
93429: 2.14064e-05
93430: 2.14062e-05
93431: 2.14059e-05
93432: 2.14057e-05
93433: 2.14055e-05
93434: 2.14053e-05
93435: 2.1405e-05
93436: 2.14048e-05
93437: 2.14046e-05
93438: 2.14043e-05
93439: 2.14041e-05
93440: 2.14039e-05
93441: 2.14037e-05
93442: 2.14034e-05
93443: 2.14032e-05
93444: 2.1403e-05
93445: 2.14027e-05
93446: 2.14025e-05
93447: 2.14023e-05
93448: 2.1402e-05
93449: 2.14018e-05
93450: 2.14016e-05
93451: 2.14014e-05
93452: 2.14011e-05
93453: 2.14009e-05
93454: 2.14007e-05
93455: 2.14004e-05
93456: 2.14002e-05
93457: 2.14e-05
93458: 2.13998e-05
93459: 2.13995e-05
93460: 2.13993e-05
93461: 2.13991e-05
93462: 2.13988e-05
93463: 2.13986e-05
93464: 2.13984e-05
93465: 2.13982e-05
93466: 2.13979e-05
93467: 2.13977e-05
93468: 2.13975e-05
93469: 2.13972e-05
93470: 2.1397e-05
93471: 2.13968e-05
93472: 2.13966e-05
93473: 2.13963e-05
93474: 2.13961e-05
93475: 2.13959e-05
93476: 2.13956e-05
93477: 2.13954e-05
93478: 2.13952e-05
93479: 2.1395e-05
93480: 2.13947e-05
93481: 2.13945e-05
93482: 2.13943e-05
93483: 2.1394e-05
93484: 2.13938e-05
93485: 2.13936e-05
93486: 2.13933e-05
93487: 2.13931e-05
93488: 2.13929e-05
93489: 2.13927e-05
93490: 2.13924e-05
93491: 2.13922e-05
93492: 2.1392e-05
93493: 2.13917e-05
93494: 2.13915e-05
93495: 2.13913e-05
93496: 2.13911e-05
93497: 2.13908e-05
93498: 2.13906e-05
93499: 2.13904e-05
93500: 2.13901e-05
93501: 2.13899e-05
93502: 2.13897e-05
93503: 2.13895e-05
93504: 2.13892e-05
93505: 2.1389e-05
93506: 2.13888e-05
93507: 2.13885e-05
93508: 2.13883e-05
93509: 2.13881e-05
93510: 2.13879e-05
93511: 2.13876e-05
93512: 2.13874e-05
93513: 2.13872e-05
93514: 2.13869e-05
93515: 2.13867e-05
93516: 2.13865e-05
93517: 2.13863e-05
93518: 2.1386e-05
93519: 2.13858e-05
93520: 2.13856e-05
93521: 2.13853e-05
93522: 2.13851e-05
93523: 2.13849e-05
93524: 2.13847e-05
93525: 2.13844e-05
93526: 2.13842e-05
93527: 2.1384e-05
93528: 2.13837e-05
93529: 2.13835e-05
93530: 2.13833e-05
93531: 2.13831e-05
93532: 2.13828e-05
93533: 2.13826e-05
93534: 2.13824e-05
93535: 2.13821e-05
93536: 2.13819e-05
93537: 2.13817e-05
93538: 2.13815e-05
93539: 2.13812e-05
93540: 2.1381e-05
93541: 2.13808e-05
93542: 2.13805e-05
93543: 2.13803e-05
93544: 2.13801e-05
93545: 2.13799e-05
93546: 2.13796e-05
93547: 2.13794e-05
93548: 2.13792e-05
93549: 2.13789e-05
93550: 2.13787e-05
93551: 2.13785e-05
93552: 2.13783e-05
93553: 2.1378e-05
93554: 2.13778e-05
93555: 2.13776e-05
93556: 2.13773e-05
93557: 2.13771e-05
93558: 2.13769e-05
93559: 2.13767e-05
93560: 2.13764e-05
93561: 2.13762e-05
93562: 2.1376e-05
93563: 2.13757e-05
93564: 2.13755e-05
93565: 2.13753e-05
93566: 2.13751e-05
93567: 2.13748e-05
93568: 2.13746e-05
93569: 2.13744e-05
93570: 2.13741e-05
93571: 2.13739e-05
93572: 2.13737e-05
93573: 2.13735e-05
93574: 2.13732e-05
93575: 2.1373e-05
93576: 2.13728e-05
93577: 2.13725e-05
93578: 2.13723e-05
93579: 2.13721e-05
93580: 2.13719e-05
93581: 2.13716e-05
93582: 2.13714e-05
93583: 2.13712e-05
93584: 2.13709e-05
93585: 2.13707e-05
93586: 2.13705e-05
93587: 2.13703e-05
93588: 2.137e-05
93589: 2.13698e-05
93590: 2.13696e-05
93591: 2.13693e-05
93592: 2.13691e-05
93593: 2.13689e-05
93594: 2.13687e-05
93595: 2.13684e-05
93596: 2.13682e-05
93597: 2.1368e-05
93598: 2.13677e-05
93599: 2.13675e-05
93600: 2.13673e-05
93601: 2.13671e-05
93602: 2.13668e-05
93603: 2.13666e-05
93604: 2.13664e-05
93605: 2.13662e-05
93606: 2.13659e-05
93607: 2.13657e-05
93608: 2.13655e-05
93609: 2.13652e-05
93610: 2.1365e-05
93611: 2.13648e-05
93612: 2.13646e-05
93613: 2.13643e-05
93614: 2.13641e-05
93615: 2.13639e-05
93616: 2.13636e-05
93617: 2.13634e-05
93618: 2.13632e-05
93619: 2.1363e-05
93620: 2.13627e-05
93621: 2.13625e-05
93622: 2.13623e-05
93623: 2.1362e-05
93624: 2.13618e-05
93625: 2.13616e-05
93626: 2.13614e-05
93627: 2.13611e-05
93628: 2.13609e-05
93629: 2.13607e-05
93630: 2.13604e-05
93631: 2.13602e-05
93632: 2.136e-05
93633: 2.13598e-05
93634: 2.13595e-05
93635: 2.13593e-05
93636: 2.13591e-05
93637: 2.13589e-05
93638: 2.13586e-05
93639: 2.13584e-05
93640: 2.13582e-05
93641: 2.13579e-05
93642: 2.13577e-05
93643: 2.13575e-05
93644: 2.13573e-05
93645: 2.1357e-05
93646: 2.13568e-05
93647: 2.13566e-05
93648: 2.13563e-05
93649: 2.13561e-05
93650: 2.13559e-05
93651: 2.13557e-05
93652: 2.13554e-05
93653: 2.13552e-05
93654: 2.1355e-05
93655: 2.13547e-05
93656: 2.13545e-05
93657: 2.13543e-05
93658: 2.13541e-05
93659: 2.13538e-05
93660: 2.13536e-05
93661: 2.13534e-05
93662: 2.13531e-05
93663: 2.13529e-05
93664: 2.13527e-05
93665: 2.13525e-05
93666: 2.13522e-05
93667: 2.1352e-05
93668: 2.13518e-05
93669: 2.13516e-05
93670: 2.13513e-05
93671: 2.13511e-05
93672: 2.13509e-05
93673: 2.13506e-05
93674: 2.13504e-05
93675: 2.13502e-05
93676: 2.135e-05
93677: 2.13497e-05
93678: 2.13495e-05
93679: 2.13493e-05
93680: 2.1349e-05
93681: 2.13488e-05
93682: 2.13486e-05
93683: 2.13484e-05
93684: 2.13481e-05
93685: 2.13479e-05
93686: 2.13477e-05
93687: 2.13475e-05
93688: 2.13472e-05
93689: 2.1347e-05
93690: 2.13468e-05
93691: 2.13465e-05
93692: 2.13463e-05
93693: 2.13461e-05
93694: 2.13459e-05
93695: 2.13456e-05
93696: 2.13454e-05
93697: 2.13452e-05
93698: 2.13449e-05
93699: 2.13447e-05
93700: 2.13445e-05
93701: 2.13443e-05
93702: 2.1344e-05
93703: 2.13438e-05
93704: 2.13436e-05
93705: 2.13434e-05
93706: 2.13431e-05
93707: 2.13429e-05
93708: 2.13427e-05
93709: 2.13424e-05
93710: 2.13422e-05
93711: 2.1342e-05
93712: 2.13418e-05
93713: 2.13415e-05
93714: 2.13413e-05
93715: 2.13411e-05
93716: 2.13408e-05
93717: 2.13406e-05
93718: 2.13404e-05
93719: 2.13402e-05
93720: 2.13399e-05
93721: 2.13397e-05
93722: 2.13395e-05
93723: 2.13393e-05
93724: 2.1339e-05
93725: 2.13388e-05
93726: 2.13386e-05
93727: 2.13383e-05
93728: 2.13381e-05
93729: 2.13379e-05
93730: 2.13377e-05
93731: 2.13374e-05
93732: 2.13372e-05
93733: 2.1337e-05
93734: 2.13367e-05
93735: 2.13365e-05
93736: 2.13363e-05
93737: 2.13361e-05
93738: 2.13358e-05
93739: 2.13356e-05
93740: 2.13354e-05
93741: 2.13352e-05
93742: 2.13349e-05
93743: 2.13347e-05
93744: 2.13345e-05
93745: 2.13342e-05
93746: 2.1334e-05
93747: 2.13338e-05
93748: 2.13336e-05
93749: 2.13333e-05
93750: 2.13331e-05
93751: 2.13329e-05
93752: 2.13327e-05
93753: 2.13324e-05
93754: 2.13322e-05
93755: 2.1332e-05
93756: 2.13317e-05
93757: 2.13315e-05
93758: 2.13313e-05
93759: 2.13311e-05
93760: 2.13308e-05
93761: 2.13306e-05
93762: 2.13304e-05
93763: 2.13301e-05
93764: 2.13299e-05
93765: 2.13297e-05
93766: 2.13295e-05
93767: 2.13292e-05
93768: 2.1329e-05
93769: 2.13288e-05
93770: 2.13286e-05
93771: 2.13283e-05
93772: 2.13281e-05
93773: 2.13279e-05
93774: 2.13276e-05
93775: 2.13274e-05
93776: 2.13272e-05
93777: 2.1327e-05
93778: 2.13267e-05
93779: 2.13265e-05
93780: 2.13263e-05
93781: 2.13261e-05
93782: 2.13258e-05
93783: 2.13256e-05
93784: 2.13254e-05
93785: 2.13251e-05
93786: 2.13249e-05
93787: 2.13247e-05
93788: 2.13245e-05
93789: 2.13242e-05
93790: 2.1324e-05
93791: 2.13238e-05
93792: 2.13236e-05
93793: 2.13233e-05
93794: 2.13231e-05
93795: 2.13229e-05
93796: 2.13226e-05
93797: 2.13224e-05
93798: 2.13222e-05
93799: 2.1322e-05
93800: 2.13217e-05
93801: 2.13215e-05
93802: 2.13213e-05
93803: 2.13211e-05
93804: 2.13208e-05
93805: 2.13206e-05
93806: 2.13204e-05
93807: 2.13201e-05
93808: 2.13199e-05
93809: 2.13197e-05
93810: 2.13195e-05
93811: 2.13192e-05
93812: 2.1319e-05
93813: 2.13188e-05
93814: 2.13186e-05
93815: 2.13183e-05
93816: 2.13181e-05
93817: 2.13179e-05
93818: 2.13176e-05
93819: 2.13174e-05
93820: 2.13172e-05
93821: 2.1317e-05
93822: 2.13167e-05
93823: 2.13165e-05
93824: 2.13163e-05
93825: 2.13161e-05
93826: 2.13158e-05
93827: 2.13156e-05
93828: 2.13154e-05
93829: 2.13151e-05
93830: 2.13149e-05
93831: 2.13147e-05
93832: 2.13145e-05
93833: 2.13142e-05
93834: 2.1314e-05
93835: 2.13138e-05
93836: 2.13136e-05
93837: 2.13133e-05
93838: 2.13131e-05
93839: 2.13129e-05
93840: 2.13126e-05
93841: 2.13124e-05
93842: 2.13122e-05
93843: 2.1312e-05
93844: 2.13117e-05
93845: 2.13115e-05
93846: 2.13113e-05
93847: 2.13111e-05
93848: 2.13108e-05
93849: 2.13106e-05
93850: 2.13104e-05
93851: 2.13101e-05
93852: 2.13099e-05
93853: 2.13097e-05
93854: 2.13095e-05
93855: 2.13092e-05
93856: 2.1309e-05
93857: 2.13088e-05
93858: 2.13086e-05
93859: 2.13083e-05
93860: 2.13081e-05
93861: 2.13079e-05
93862: 2.13077e-05
93863: 2.13074e-05
93864: 2.13072e-05
93865: 2.1307e-05
93866: 2.13067e-05
93867: 2.13065e-05
93868: 2.13063e-05
93869: 2.13061e-05
93870: 2.13058e-05
93871: 2.13056e-05
93872: 2.13054e-05
93873: 2.13052e-05
93874: 2.13049e-05
93875: 2.13047e-05
93876: 2.13045e-05
93877: 2.13042e-05
93878: 2.1304e-05
93879: 2.13038e-05
93880: 2.13036e-05
93881: 2.13033e-05
93882: 2.13031e-05
93883: 2.13029e-05
93884: 2.13027e-05
93885: 2.13024e-05
93886: 2.13022e-05
93887: 2.1302e-05
93888: 2.13017e-05
93889: 2.13015e-05
93890: 2.13013e-05
93891: 2.13011e-05
93892: 2.13008e-05
93893: 2.13006e-05
93894: 2.13004e-05
93895: 2.13002e-05
93896: 2.12999e-05
93897: 2.12997e-05
93898: 2.12995e-05
93899: 2.12993e-05
93900: 2.1299e-05
93901: 2.12988e-05
93902: 2.12986e-05
93903: 2.12983e-05
93904: 2.12981e-05
93905: 2.12979e-05
93906: 2.12977e-05
93907: 2.12974e-05
93908: 2.12972e-05
93909: 2.1297e-05
93910: 2.12968e-05
93911: 2.12965e-05
93912: 2.12963e-05
93913: 2.12961e-05
93914: 2.12959e-05
93915: 2.12956e-05
93916: 2.12954e-05
93917: 2.12952e-05
93918: 2.12949e-05
93919: 2.12947e-05
93920: 2.12945e-05
93921: 2.12943e-05
93922: 2.1294e-05
93923: 2.12938e-05
93924: 2.12936e-05
93925: 2.12934e-05
93926: 2.12931e-05
93927: 2.12929e-05
93928: 2.12927e-05
93929: 2.12925e-05
93930: 2.12922e-05
93931: 2.1292e-05
93932: 2.12918e-05
93933: 2.12915e-05
93934: 2.12913e-05
93935: 2.12911e-05
93936: 2.12909e-05
93937: 2.12906e-05
93938: 2.12904e-05
93939: 2.12902e-05
93940: 2.129e-05
93941: 2.12897e-05
93942: 2.12895e-05
93943: 2.12893e-05
93944: 2.12891e-05
93945: 2.12888e-05
93946: 2.12886e-05
93947: 2.12884e-05
93948: 2.12881e-05
93949: 2.12879e-05
93950: 2.12877e-05
93951: 2.12875e-05
93952: 2.12872e-05
93953: 2.1287e-05
93954: 2.12868e-05
93955: 2.12866e-05
93956: 2.12863e-05
93957: 2.12861e-05
93958: 2.12859e-05
93959: 2.12857e-05
93960: 2.12854e-05
93961: 2.12852e-05
93962: 2.1285e-05
93963: 2.12847e-05
93964: 2.12845e-05
93965: 2.12843e-05
93966: 2.12841e-05
93967: 2.12838e-05
93968: 2.12836e-05
93969: 2.12834e-05
93970: 2.12832e-05
93971: 2.12829e-05
93972: 2.12827e-05
93973: 2.12825e-05
93974: 2.12823e-05
93975: 2.1282e-05
93976: 2.12818e-05
93977: 2.12816e-05
93978: 2.12814e-05
93979: 2.12811e-05
93980: 2.12809e-05
93981: 2.12807e-05
93982: 2.12804e-05
93983: 2.12802e-05
93984: 2.128e-05
93985: 2.12798e-05
93986: 2.12795e-05
93987: 2.12793e-05
93988: 2.12791e-05
93989: 2.12789e-05
93990: 2.12786e-05
93991: 2.12784e-05
93992: 2.12782e-05
93993: 2.1278e-05
93994: 2.12777e-05
93995: 2.12775e-05
93996: 2.12773e-05
93997: 2.1277e-05
93998: 2.12768e-05
93999: 2.12766e-05
94000: 2.12764e-05
94001: 2.12761e-05
94002: 2.12759e-05
94003: 2.12757e-05
94004: 2.12755e-05
94005: 2.12752e-05
94006: 2.1275e-05
94007: 2.12748e-05
94008: 2.12746e-05
94009: 2.12743e-05
94010: 2.12741e-05
94011: 2.12739e-05
94012: 2.12737e-05
94013: 2.12734e-05
94014: 2.12732e-05
94015: 2.1273e-05
94016: 2.12727e-05
94017: 2.12725e-05
94018: 2.12723e-05
94019: 2.12721e-05
94020: 2.12718e-05
94021: 2.12716e-05
94022: 2.12714e-05
94023: 2.12712e-05
94024: 2.12709e-05
94025: 2.12707e-05
94026: 2.12705e-05
94027: 2.12703e-05
94028: 2.127e-05
94029: 2.12698e-05
94030: 2.12696e-05
94031: 2.12694e-05
94032: 2.12691e-05
94033: 2.12689e-05
94034: 2.12687e-05
94035: 2.12685e-05
94036: 2.12682e-05
94037: 2.1268e-05
94038: 2.12678e-05
94039: 2.12675e-05
94040: 2.12673e-05
94041: 2.12671e-05
94042: 2.12669e-05
94043: 2.12666e-05
94044: 2.12664e-05
94045: 2.12662e-05
94046: 2.1266e-05
94047: 2.12657e-05
94048: 2.12655e-05
94049: 2.12653e-05
94050: 2.12651e-05
94051: 2.12648e-05
94052: 2.12646e-05
94053: 2.12644e-05
94054: 2.12642e-05
94055: 2.12639e-05
94056: 2.12637e-05
94057: 2.12635e-05
94058: 2.12632e-05
94059: 2.1263e-05
94060: 2.12628e-05
94061: 2.12626e-05
94062: 2.12623e-05
94063: 2.12621e-05
94064: 2.12619e-05
94065: 2.12617e-05
94066: 2.12614e-05
94067: 2.12612e-05
94068: 2.1261e-05
94069: 2.12608e-05
94070: 2.12605e-05
94071: 2.12603e-05
94072: 2.12601e-05
94073: 2.12599e-05
94074: 2.12596e-05
94075: 2.12594e-05
94076: 2.12592e-05
94077: 2.1259e-05
94078: 2.12587e-05
94079: 2.12585e-05
94080: 2.12583e-05
94081: 2.12581e-05
94082: 2.12578e-05
94083: 2.12576e-05
94084: 2.12574e-05
94085: 2.12571e-05
94086: 2.12569e-05
94087: 2.12567e-05
94088: 2.12565e-05
94089: 2.12562e-05
94090: 2.1256e-05
94091: 2.12558e-05
94092: 2.12556e-05
94093: 2.12553e-05
94094: 2.12551e-05
94095: 2.12549e-05
94096: 2.12547e-05
94097: 2.12544e-05
94098: 2.12542e-05
94099: 2.1254e-05
94100: 2.12538e-05
94101: 2.12535e-05
94102: 2.12533e-05
94103: 2.12531e-05
94104: 2.12529e-05
94105: 2.12526e-05
94106: 2.12524e-05
94107: 2.12522e-05
94108: 2.1252e-05
94109: 2.12517e-05
94110: 2.12515e-05
94111: 2.12513e-05
94112: 2.1251e-05
94113: 2.12508e-05
94114: 2.12506e-05
94115: 2.12504e-05
94116: 2.12501e-05
94117: 2.12499e-05
94118: 2.12497e-05
94119: 2.12495e-05
94120: 2.12492e-05
94121: 2.1249e-05
94122: 2.12488e-05
94123: 2.12486e-05
94124: 2.12483e-05
94125: 2.12481e-05
94126: 2.12479e-05
94127: 2.12477e-05
94128: 2.12474e-05
94129: 2.12472e-05
94130: 2.1247e-05
94131: 2.12468e-05
94132: 2.12465e-05
94133: 2.12463e-05
94134: 2.12461e-05
94135: 2.12459e-05
94136: 2.12456e-05
94137: 2.12454e-05
94138: 2.12452e-05
94139: 2.1245e-05
94140: 2.12447e-05
94141: 2.12445e-05
94142: 2.12443e-05
94143: 2.12441e-05
94144: 2.12438e-05
94145: 2.12436e-05
94146: 2.12434e-05
94147: 2.12431e-05
94148: 2.12429e-05
94149: 2.12427e-05
94150: 2.12425e-05
94151: 2.12422e-05
94152: 2.1242e-05
94153: 2.12418e-05
94154: 2.12416e-05
94155: 2.12413e-05
94156: 2.12411e-05
94157: 2.12409e-05
94158: 2.12407e-05
94159: 2.12404e-05
94160: 2.12402e-05
94161: 2.124e-05
94162: 2.12398e-05
94163: 2.12395e-05
94164: 2.12393e-05
94165: 2.12391e-05
94166: 2.12389e-05
94167: 2.12386e-05
94168: 2.12384e-05
94169: 2.12382e-05
94170: 2.1238e-05
94171: 2.12377e-05
94172: 2.12375e-05
94173: 2.12373e-05
94174: 2.12371e-05
94175: 2.12368e-05
94176: 2.12366e-05
94177: 2.12364e-05
94178: 2.12362e-05
94179: 2.12359e-05
94180: 2.12357e-05
94181: 2.12355e-05
94182: 2.12353e-05
94183: 2.1235e-05
94184: 2.12348e-05
94185: 2.12346e-05
94186: 2.12344e-05
94187: 2.12341e-05
94188: 2.12339e-05
94189: 2.12337e-05
94190: 2.12335e-05
94191: 2.12332e-05
94192: 2.1233e-05
94193: 2.12328e-05
94194: 2.12325e-05
94195: 2.12323e-05
94196: 2.12321e-05
94197: 2.12319e-05
94198: 2.12316e-05
94199: 2.12314e-05
94200: 2.12312e-05
94201: 2.1231e-05
94202: 2.12307e-05
94203: 2.12305e-05
94204: 2.12303e-05
94205: 2.12301e-05
94206: 2.12298e-05
94207: 2.12296e-05
94208: 2.12294e-05
94209: 2.12292e-05
94210: 2.12289e-05
94211: 2.12287e-05
94212: 2.12285e-05
94213: 2.12283e-05
94214: 2.1228e-05
94215: 2.12278e-05
94216: 2.12276e-05
94217: 2.12274e-05
94218: 2.12271e-05
94219: 2.12269e-05
94220: 2.12267e-05
94221: 2.12265e-05
94222: 2.12262e-05
94223: 2.1226e-05
94224: 2.12258e-05
94225: 2.12256e-05
94226: 2.12253e-05
94227: 2.12251e-05
94228: 2.12249e-05
94229: 2.12247e-05
94230: 2.12244e-05
94231: 2.12242e-05
94232: 2.1224e-05
94233: 2.12238e-05
94234: 2.12235e-05
94235: 2.12233e-05
94236: 2.12231e-05
94237: 2.12229e-05
94238: 2.12226e-05
94239: 2.12224e-05
94240: 2.12222e-05
94241: 2.1222e-05
94242: 2.12217e-05
94243: 2.12215e-05
94244: 2.12213e-05
94245: 2.12211e-05
94246: 2.12208e-05
94247: 2.12206e-05
94248: 2.12204e-05
94249: 2.12202e-05
94250: 2.12199e-05
94251: 2.12197e-05
94252: 2.12195e-05
94253: 2.12193e-05
94254: 2.1219e-05
94255: 2.12188e-05
94256: 2.12186e-05
94257: 2.12184e-05
94258: 2.12181e-05
94259: 2.12179e-05
94260: 2.12177e-05
94261: 2.12175e-05
94262: 2.12172e-05
94263: 2.1217e-05
94264: 2.12168e-05
94265: 2.12166e-05
94266: 2.12163e-05
94267: 2.12161e-05
94268: 2.12159e-05
94269: 2.12157e-05
94270: 2.12154e-05
94271: 2.12152e-05
94272: 2.1215e-05
94273: 2.12148e-05
94274: 2.12145e-05
94275: 2.12143e-05
94276: 2.12141e-05
94277: 2.12139e-05
94278: 2.12136e-05
94279: 2.12134e-05
94280: 2.12132e-05
94281: 2.1213e-05
94282: 2.12127e-05
94283: 2.12125e-05
94284: 2.12123e-05
94285: 2.12121e-05
94286: 2.12118e-05
94287: 2.12116e-05
94288: 2.12114e-05
94289: 2.12112e-05
94290: 2.12109e-05
94291: 2.12107e-05
94292: 2.12105e-05
94293: 2.12103e-05
94294: 2.121e-05
94295: 2.12098e-05
94296: 2.12096e-05
94297: 2.12094e-05
94298: 2.12091e-05
94299: 2.12089e-05
94300: 2.12087e-05
94301: 2.12085e-05
94302: 2.12082e-05
94303: 2.1208e-05
94304: 2.12078e-05
94305: 2.12076e-05
94306: 2.12073e-05
94307: 2.12071e-05
94308: 2.12069e-05
94309: 2.12067e-05
94310: 2.12064e-05
94311: 2.12062e-05
94312: 2.1206e-05
94313: 2.12058e-05
94314: 2.12055e-05
94315: 2.12053e-05
94316: 2.12051e-05
94317: 2.12049e-05
94318: 2.12046e-05
94319: 2.12044e-05
94320: 2.12042e-05
94321: 2.1204e-05
94322: 2.12037e-05
94323: 2.12035e-05
94324: 2.12033e-05
94325: 2.12031e-05
94326: 2.12028e-05
94327: 2.12026e-05
94328: 2.12024e-05
94329: 2.12022e-05
94330: 2.12019e-05
94331: 2.12017e-05
94332: 2.12015e-05
94333: 2.12013e-05
94334: 2.1201e-05
94335: 2.12008e-05
94336: 2.12006e-05
94337: 2.12004e-05
94338: 2.12001e-05
94339: 2.11999e-05
94340: 2.11997e-05
94341: 2.11995e-05
94342: 2.11992e-05
94343: 2.1199e-05
94344: 2.11988e-05
94345: 2.11986e-05
94346: 2.11983e-05
94347: 2.11981e-05
94348: 2.11979e-05
94349: 2.11977e-05
94350: 2.11974e-05
94351: 2.11972e-05
94352: 2.1197e-05
94353: 2.11968e-05
94354: 2.11965e-05
94355: 2.11963e-05
94356: 2.11961e-05
94357: 2.11959e-05
94358: 2.11956e-05
94359: 2.11954e-05
94360: 2.11952e-05
94361: 2.1195e-05
94362: 2.11947e-05
94363: 2.11945e-05
94364: 2.11943e-05
94365: 2.11941e-05
94366: 2.11938e-05
94367: 2.11936e-05
94368: 2.11934e-05
94369: 2.11932e-05
94370: 2.1193e-05
94371: 2.11927e-05
94372: 2.11925e-05
94373: 2.11923e-05
94374: 2.11921e-05
94375: 2.11918e-05
94376: 2.11916e-05
94377: 2.11914e-05
94378: 2.11912e-05
94379: 2.11909e-05
94380: 2.11907e-05
94381: 2.11905e-05
94382: 2.11903e-05
94383: 2.119e-05
94384: 2.11898e-05
94385: 2.11896e-05
94386: 2.11894e-05
94387: 2.11891e-05
94388: 2.11889e-05
94389: 2.11887e-05
94390: 2.11885e-05
94391: 2.11882e-05
94392: 2.1188e-05
94393: 2.11878e-05
94394: 2.11876e-05
94395: 2.11873e-05
94396: 2.11871e-05
94397: 2.11869e-05
94398: 2.11867e-05
94399: 2.11864e-05
94400: 2.11862e-05
94401: 2.1186e-05
94402: 2.11858e-05
94403: 2.11855e-05
94404: 2.11853e-05
94405: 2.11851e-05
94406: 2.11849e-05
94407: 2.11846e-05
94408: 2.11844e-05
94409: 2.11842e-05
94410: 2.1184e-05
94411: 2.11837e-05
94412: 2.11835e-05
94413: 2.11833e-05
94414: 2.11831e-05
94415: 2.11829e-05
94416: 2.11826e-05
94417: 2.11824e-05
94418: 2.11822e-05
94419: 2.1182e-05
94420: 2.11817e-05
94421: 2.11815e-05
94422: 2.11813e-05
94423: 2.11811e-05
94424: 2.11808e-05
94425: 2.11806e-05
94426: 2.11804e-05
94427: 2.11802e-05
94428: 2.11799e-05
94429: 2.11797e-05
94430: 2.11795e-05
94431: 2.11793e-05
94432: 2.1179e-05
94433: 2.11788e-05
94434: 2.11786e-05
94435: 2.11784e-05
94436: 2.11781e-05
94437: 2.11779e-05
94438: 2.11777e-05
94439: 2.11775e-05
94440: 2.11772e-05
94441: 2.1177e-05
94442: 2.11768e-05
94443: 2.11766e-05
94444: 2.11763e-05
94445: 2.11761e-05
94446: 2.11759e-05
94447: 2.11757e-05
94448: 2.11754e-05
94449: 2.11752e-05
94450: 2.1175e-05
94451: 2.11748e-05
94452: 2.11746e-05
94453: 2.11743e-05
94454: 2.11741e-05
94455: 2.11739e-05
94456: 2.11737e-05
94457: 2.11734e-05
94458: 2.11732e-05
94459: 2.1173e-05
94460: 2.11728e-05
94461: 2.11725e-05
94462: 2.11723e-05
94463: 2.11721e-05
94464: 2.11719e-05
94465: 2.11716e-05
94466: 2.11714e-05
94467: 2.11712e-05
94468: 2.1171e-05
94469: 2.11707e-05
94470: 2.11705e-05
94471: 2.11703e-05
94472: 2.11701e-05
94473: 2.11698e-05
94474: 2.11696e-05
94475: 2.11694e-05
94476: 2.11692e-05
94477: 2.11689e-05
94478: 2.11687e-05
94479: 2.11685e-05
94480: 2.11683e-05
94481: 2.11681e-05
94482: 2.11678e-05
94483: 2.11676e-05
94484: 2.11674e-05
94485: 2.11672e-05
94486: 2.11669e-05
94487: 2.11667e-05
94488: 2.11665e-05
94489: 2.11663e-05
94490: 2.1166e-05
94491: 2.11658e-05
94492: 2.11656e-05
94493: 2.11654e-05
94494: 2.11651e-05
94495: 2.11649e-05
94496: 2.11647e-05
94497: 2.11645e-05
94498: 2.11642e-05
94499: 2.1164e-05
94500: 2.11638e-05
94501: 2.11636e-05
94502: 2.11633e-05
94503: 2.11631e-05
94504: 2.11629e-05
94505: 2.11627e-05
94506: 2.11625e-05
94507: 2.11622e-05
94508: 2.1162e-05
94509: 2.11618e-05
94510: 2.11616e-05
94511: 2.11613e-05
94512: 2.11611e-05
94513: 2.11609e-05
94514: 2.11607e-05
94515: 2.11604e-05
94516: 2.11602e-05
94517: 2.116e-05
94518: 2.11598e-05
94519: 2.11595e-05
94520: 2.11593e-05
94521: 2.11591e-05
94522: 2.11589e-05
94523: 2.11586e-05
94524: 2.11584e-05
94525: 2.11582e-05
94526: 2.1158e-05
94527: 2.11578e-05
94528: 2.11575e-05
94529: 2.11573e-05
94530: 2.11571e-05
94531: 2.11569e-05
94532: 2.11566e-05
94533: 2.11564e-05
94534: 2.11562e-05
94535: 2.1156e-05
94536: 2.11557e-05
94537: 2.11555e-05
94538: 2.11553e-05
94539: 2.11551e-05
94540: 2.11548e-05
94541: 2.11546e-05
94542: 2.11544e-05
94543: 2.11542e-05
94544: 2.11539e-05
94545: 2.11537e-05
94546: 2.11535e-05
94547: 2.11533e-05
94548: 2.11531e-05
94549: 2.11528e-05
94550: 2.11526e-05
94551: 2.11524e-05
94552: 2.11522e-05
94553: 2.11519e-05
94554: 2.11517e-05
94555: 2.11515e-05
94556: 2.11513e-05
94557: 2.1151e-05
94558: 2.11508e-05
94559: 2.11506e-05
94560: 2.11504e-05
94561: 2.11501e-05
94562: 2.11499e-05
94563: 2.11497e-05
94564: 2.11495e-05
94565: 2.11493e-05
94566: 2.1149e-05
94567: 2.11488e-05
94568: 2.11486e-05
94569: 2.11484e-05
94570: 2.11481e-05
94571: 2.11479e-05
94572: 2.11477e-05
94573: 2.11475e-05
94574: 2.11472e-05
94575: 2.1147e-05
94576: 2.11468e-05
94577: 2.11466e-05
94578: 2.11463e-05
94579: 2.11461e-05
94580: 2.11459e-05
94581: 2.11457e-05
94582: 2.11454e-05
94583: 2.11452e-05
94584: 2.1145e-05
94585: 2.11448e-05
94586: 2.11446e-05
94587: 2.11443e-05
94588: 2.11441e-05
94589: 2.11439e-05
94590: 2.11437e-05
94591: 2.11434e-05
94592: 2.11432e-05
94593: 2.1143e-05
94594: 2.11428e-05
94595: 2.11425e-05
94596: 2.11423e-05
94597: 2.11421e-05
94598: 2.11419e-05
94599: 2.11416e-05
94600: 2.11414e-05
94601: 2.11412e-05
94602: 2.1141e-05
94603: 2.11408e-05
94604: 2.11405e-05
94605: 2.11403e-05
94606: 2.11401e-05
94607: 2.11399e-05
94608: 2.11396e-05
94609: 2.11394e-05
94610: 2.11392e-05
94611: 2.1139e-05
94612: 2.11387e-05
94613: 2.11385e-05
94614: 2.11383e-05
94615: 2.11381e-05
94616: 2.11379e-05
94617: 2.11376e-05
94618: 2.11374e-05
94619: 2.11372e-05
94620: 2.1137e-05
94621: 2.11367e-05
94622: 2.11365e-05
94623: 2.11363e-05
94624: 2.11361e-05
94625: 2.11358e-05
94626: 2.11356e-05
94627: 2.11354e-05
94628: 2.11352e-05
94629: 2.11349e-05
94630: 2.11347e-05
94631: 2.11345e-05
94632: 2.11343e-05
94633: 2.11341e-05
94634: 2.11338e-05
94635: 2.11336e-05
94636: 2.11334e-05
94637: 2.11332e-05
94638: 2.11329e-05
94639: 2.11327e-05
94640: 2.11325e-05
94641: 2.11323e-05
94642: 2.1132e-05
94643: 2.11318e-05
94644: 2.11316e-05
94645: 2.11314e-05
94646: 2.11312e-05
94647: 2.11309e-05
94648: 2.11307e-05
94649: 2.11305e-05
94650: 2.11303e-05
94651: 2.113e-05
94652: 2.11298e-05
94653: 2.11296e-05
94654: 2.11294e-05
94655: 2.11291e-05
94656: 2.11289e-05
94657: 2.11287e-05
94658: 2.11285e-05
94659: 2.11282e-05
94660: 2.1128e-05
94661: 2.11278e-05
94662: 2.11276e-05
94663: 2.11274e-05
94664: 2.11271e-05
94665: 2.11269e-05
94666: 2.11267e-05
94667: 2.11265e-05
94668: 2.11262e-05
94669: 2.1126e-05
94670: 2.11258e-05
94671: 2.11256e-05
94672: 2.11253e-05
94673: 2.11251e-05
94674: 2.11249e-05
94675: 2.11247e-05
94676: 2.11245e-05
94677: 2.11242e-05
94678: 2.1124e-05
94679: 2.11238e-05
94680: 2.11236e-05
94681: 2.11233e-05
94682: 2.11231e-05
94683: 2.11229e-05
94684: 2.11227e-05
94685: 2.11224e-05
94686: 2.11222e-05
94687: 2.1122e-05
94688: 2.11218e-05
94689: 2.11216e-05
94690: 2.11213e-05
94691: 2.11211e-05
94692: 2.11209e-05
94693: 2.11207e-05
94694: 2.11204e-05
94695: 2.11202e-05
94696: 2.112e-05
94697: 2.11198e-05
94698: 2.11195e-05
94699: 2.11193e-05
94700: 2.11191e-05
94701: 2.11189e-05
94702: 2.11187e-05
94703: 2.11184e-05
94704: 2.11182e-05
94705: 2.1118e-05
94706: 2.11178e-05
94707: 2.11175e-05
94708: 2.11173e-05
94709: 2.11171e-05
94710: 2.11169e-05
94711: 2.11166e-05
94712: 2.11164e-05
94713: 2.11162e-05
94714: 2.1116e-05
94715: 2.11158e-05
94716: 2.11155e-05
94717: 2.11153e-05
94718: 2.11151e-05
94719: 2.11149e-05
94720: 2.11146e-05
94721: 2.11144e-05
94722: 2.11142e-05
94723: 2.1114e-05
94724: 2.11138e-05
94725: 2.11135e-05
94726: 2.11133e-05
94727: 2.11131e-05
94728: 2.11129e-05
94729: 2.11126e-05
94730: 2.11124e-05
94731: 2.11122e-05
94732: 2.1112e-05
94733: 2.11117e-05
94734: 2.11115e-05
94735: 2.11113e-05
94736: 2.11111e-05
94737: 2.11109e-05
94738: 2.11106e-05
94739: 2.11104e-05
94740: 2.11102e-05
94741: 2.111e-05
94742: 2.11097e-05
94743: 2.11095e-05
94744: 2.11093e-05
94745: 2.11091e-05
94746: 2.11088e-05
94747: 2.11086e-05
94748: 2.11084e-05
94749: 2.11082e-05
94750: 2.1108e-05
94751: 2.11077e-05
94752: 2.11075e-05
94753: 2.11073e-05
94754: 2.11071e-05
94755: 2.11068e-05
94756: 2.11066e-05
94757: 2.11064e-05
94758: 2.11062e-05
94759: 2.1106e-05
94760: 2.11057e-05
94761: 2.11055e-05
94762: 2.11053e-05
94763: 2.11051e-05
94764: 2.11048e-05
94765: 2.11046e-05
94766: 2.11044e-05
94767: 2.11042e-05
94768: 2.11039e-05
94769: 2.11037e-05
94770: 2.11035e-05
94771: 2.11033e-05
94772: 2.11031e-05
94773: 2.11028e-05
94774: 2.11026e-05
94775: 2.11024e-05
94776: 2.11022e-05
94777: 2.11019e-05
94778: 2.11017e-05
94779: 2.11015e-05
94780: 2.11013e-05
94781: 2.11011e-05
94782: 2.11008e-05
94783: 2.11006e-05
94784: 2.11004e-05
94785: 2.11002e-05
94786: 2.10999e-05
94787: 2.10997e-05
94788: 2.10995e-05
94789: 2.10993e-05
94790: 2.1099e-05
94791: 2.10988e-05
94792: 2.10986e-05
94793: 2.10984e-05
94794: 2.10982e-05
94795: 2.10979e-05
94796: 2.10977e-05
94797: 2.10975e-05
94798: 2.10973e-05
94799: 2.1097e-05
94800: 2.10968e-05
94801: 2.10966e-05
94802: 2.10964e-05
94803: 2.10962e-05
94804: 2.10959e-05
94805: 2.10957e-05
94806: 2.10955e-05
94807: 2.10953e-05
94808: 2.1095e-05
94809: 2.10948e-05
94810: 2.10946e-05
94811: 2.10944e-05
94812: 2.10942e-05
94813: 2.10939e-05
94814: 2.10937e-05
94815: 2.10935e-05
94816: 2.10933e-05
94817: 2.1093e-05
94818: 2.10928e-05
94819: 2.10926e-05
94820: 2.10924e-05
94821: 2.10922e-05
94822: 2.10919e-05
94823: 2.10917e-05
94824: 2.10915e-05
94825: 2.10913e-05
94826: 2.1091e-05
94827: 2.10908e-05
94828: 2.10906e-05
94829: 2.10904e-05
94830: 2.10901e-05
94831: 2.10899e-05
94832: 2.10897e-05
94833: 2.10895e-05
94834: 2.10893e-05
94835: 2.1089e-05
94836: 2.10888e-05
94837: 2.10886e-05
94838: 2.10884e-05
94839: 2.10881e-05
94840: 2.10879e-05
94841: 2.10877e-05
94842: 2.10875e-05
94843: 2.10873e-05
94844: 2.1087e-05
94845: 2.10868e-05
94846: 2.10866e-05
94847: 2.10864e-05
94848: 2.10861e-05
94849: 2.10859e-05
94850: 2.10857e-05
94851: 2.10855e-05
94852: 2.10853e-05
94853: 2.1085e-05
94854: 2.10848e-05
94855: 2.10846e-05
94856: 2.10844e-05
94857: 2.10841e-05
94858: 2.10839e-05
94859: 2.10837e-05
94860: 2.10835e-05
94861: 2.10833e-05
94862: 2.1083e-05
94863: 2.10828e-05
94864: 2.10826e-05
94865: 2.10824e-05
94866: 2.10821e-05
94867: 2.10819e-05
94868: 2.10817e-05
94869: 2.10815e-05
94870: 2.10813e-05
94871: 2.1081e-05
94872: 2.10808e-05
94873: 2.10806e-05
94874: 2.10804e-05
94875: 2.10801e-05
94876: 2.10799e-05
94877: 2.10797e-05
94878: 2.10795e-05
94879: 2.10793e-05
94880: 2.1079e-05
94881: 2.10788e-05
94882: 2.10786e-05
94883: 2.10784e-05
94884: 2.10781e-05
94885: 2.10779e-05
94886: 2.10777e-05
94887: 2.10775e-05
94888: 2.10773e-05
94889: 2.1077e-05
94890: 2.10768e-05
94891: 2.10766e-05
94892: 2.10764e-05
94893: 2.10761e-05
94894: 2.10759e-05
94895: 2.10757e-05
94896: 2.10755e-05
94897: 2.10753e-05
94898: 2.1075e-05
94899: 2.10748e-05
94900: 2.10746e-05
94901: 2.10744e-05
94902: 2.10741e-05
94903: 2.10739e-05
94904: 2.10737e-05
94905: 2.10735e-05
94906: 2.10733e-05
94907: 2.1073e-05
94908: 2.10728e-05
94909: 2.10726e-05
94910: 2.10724e-05
94911: 2.10722e-05
94912: 2.10719e-05
94913: 2.10717e-05
94914: 2.10715e-05
94915: 2.10713e-05
94916: 2.1071e-05
94917: 2.10708e-05
94918: 2.10706e-05
94919: 2.10704e-05
94920: 2.10702e-05
94921: 2.10699e-05
94922: 2.10697e-05
94923: 2.10695e-05
94924: 2.10693e-05
94925: 2.1069e-05
94926: 2.10688e-05
94927: 2.10686e-05
94928: 2.10684e-05
94929: 2.10682e-05
94930: 2.10679e-05
94931: 2.10677e-05
94932: 2.10675e-05
94933: 2.10673e-05
94934: 2.1067e-05
94935: 2.10668e-05
94936: 2.10666e-05
94937: 2.10664e-05
94938: 2.10662e-05
94939: 2.10659e-05
94940: 2.10657e-05
94941: 2.10655e-05
94942: 2.10653e-05
94943: 2.1065e-05
94944: 2.10648e-05
94945: 2.10646e-05
94946: 2.10644e-05
94947: 2.10642e-05
94948: 2.10639e-05
94949: 2.10637e-05
94950: 2.10635e-05
94951: 2.10633e-05
94952: 2.10631e-05
94953: 2.10628e-05
94954: 2.10626e-05
94955: 2.10624e-05
94956: 2.10622e-05
94957: 2.10619e-05
94958: 2.10617e-05
94959: 2.10615e-05
94960: 2.10613e-05
94961: 2.10611e-05
94962: 2.10608e-05
94963: 2.10606e-05
94964: 2.10604e-05
94965: 2.10602e-05
94966: 2.10599e-05
94967: 2.10597e-05
94968: 2.10595e-05
94969: 2.10593e-05
94970: 2.10591e-05
94971: 2.10588e-05
94972: 2.10586e-05
94973: 2.10584e-05
94974: 2.10582e-05
94975: 2.1058e-05
94976: 2.10577e-05
94977: 2.10575e-05
94978: 2.10573e-05
94979: 2.10571e-05
94980: 2.10568e-05
94981: 2.10566e-05
94982: 2.10564e-05
94983: 2.10562e-05
94984: 2.1056e-05
94985: 2.10557e-05
94986: 2.10555e-05
94987: 2.10553e-05
94988: 2.10551e-05
94989: 2.10548e-05
94990: 2.10546e-05
94991: 2.10544e-05
94992: 2.10542e-05
94993: 2.1054e-05
94994: 2.10537e-05
94995: 2.10535e-05
94996: 2.10533e-05
94997: 2.10531e-05
94998: 2.10529e-05
94999: 2.10526e-05
95000: 2.10524e-05
95001: 2.10522e-05
95002: 2.1052e-05
95003: 2.10517e-05
95004: 2.10515e-05
95005: 2.10513e-05
95006: 2.10511e-05
95007: 2.10509e-05
95008: 2.10506e-05
95009: 2.10504e-05
95010: 2.10502e-05
95011: 2.105e-05
95012: 2.10498e-05
95013: 2.10495e-05
95014: 2.10493e-05
95015: 2.10491e-05
95016: 2.10489e-05
95017: 2.10486e-05
95018: 2.10484e-05
95019: 2.10482e-05
95020: 2.1048e-05
95021: 2.10478e-05
95022: 2.10475e-05
95023: 2.10473e-05
95024: 2.10471e-05
95025: 2.10469e-05
95026: 2.10466e-05
95027: 2.10464e-05
95028: 2.10462e-05
95029: 2.1046e-05
95030: 2.10458e-05
95031: 2.10455e-05
95032: 2.10453e-05
95033: 2.10451e-05
95034: 2.10449e-05
95035: 2.10447e-05
95036: 2.10444e-05
95037: 2.10442e-05
95038: 2.1044e-05
95039: 2.10438e-05
95040: 2.10435e-05
95041: 2.10433e-05
95042: 2.10431e-05
95043: 2.10429e-05
95044: 2.10427e-05
95045: 2.10424e-05
95046: 2.10422e-05
95047: 2.1042e-05
95048: 2.10418e-05
95049: 2.10416e-05
95050: 2.10413e-05
95051: 2.10411e-05
95052: 2.10409e-05
95053: 2.10407e-05
95054: 2.10405e-05
95055: 2.10402e-05
95056: 2.104e-05
95057: 2.10398e-05
95058: 2.10396e-05
95059: 2.10393e-05
95060: 2.10391e-05
95061: 2.10389e-05
95062: 2.10387e-05
95063: 2.10385e-05
95064: 2.10382e-05
95065: 2.1038e-05
95066: 2.10378e-05
95067: 2.10376e-05
95068: 2.10374e-05
95069: 2.10371e-05
95070: 2.10369e-05
95071: 2.10367e-05
95072: 2.10365e-05
95073: 2.10362e-05
95074: 2.1036e-05
95075: 2.10358e-05
95076: 2.10356e-05
95077: 2.10354e-05
95078: 2.10351e-05
95079: 2.10349e-05
95080: 2.10347e-05
95081: 2.10345e-05
95082: 2.10343e-05
95083: 2.1034e-05
95084: 2.10338e-05
95085: 2.10336e-05
95086: 2.10334e-05
95087: 2.10331e-05
95088: 2.10329e-05
95089: 2.10327e-05
95090: 2.10325e-05
95091: 2.10323e-05
95092: 2.1032e-05
95093: 2.10318e-05
95094: 2.10316e-05
95095: 2.10314e-05
95096: 2.10312e-05
95097: 2.10309e-05
95098: 2.10307e-05
95099: 2.10305e-05
95100: 2.10303e-05
95101: 2.10301e-05
95102: 2.10298e-05
95103: 2.10296e-05
95104: 2.10294e-05
95105: 2.10292e-05
95106: 2.10289e-05
95107: 2.10287e-05
95108: 2.10285e-05
95109: 2.10283e-05
95110: 2.10281e-05
95111: 2.10278e-05
95112: 2.10276e-05
95113: 2.10274e-05
95114: 2.10272e-05
95115: 2.1027e-05
95116: 2.10267e-05
95117: 2.10265e-05
95118: 2.10263e-05
95119: 2.10261e-05
95120: 2.10259e-05
95121: 2.10256e-05
95122: 2.10254e-05
95123: 2.10252e-05
95124: 2.1025e-05
95125: 2.10247e-05
95126: 2.10245e-05
95127: 2.10243e-05
95128: 2.10241e-05
95129: 2.10239e-05
95130: 2.10236e-05
95131: 2.10234e-05
95132: 2.10232e-05
95133: 2.1023e-05
95134: 2.10228e-05
95135: 2.10225e-05
95136: 2.10223e-05
95137: 2.10221e-05
95138: 2.10219e-05
95139: 2.10217e-05
95140: 2.10214e-05
95141: 2.10212e-05
95142: 2.1021e-05
95143: 2.10208e-05
95144: 2.10205e-05
95145: 2.10203e-05
95146: 2.10201e-05
95147: 2.10199e-05
95148: 2.10197e-05
95149: 2.10194e-05
95150: 2.10192e-05
95151: 2.1019e-05
95152: 2.10188e-05
95153: 2.10186e-05
95154: 2.10183e-05
95155: 2.10181e-05
95156: 2.10179e-05
95157: 2.10177e-05
95158: 2.10175e-05
95159: 2.10172e-05
95160: 2.1017e-05
95161: 2.10168e-05
95162: 2.10166e-05
95163: 2.10164e-05
95164: 2.10161e-05
95165: 2.10159e-05
95166: 2.10157e-05
95167: 2.10155e-05
95168: 2.10152e-05
95169: 2.1015e-05
95170: 2.10148e-05
95171: 2.10146e-05
95172: 2.10144e-05
95173: 2.10141e-05
95174: 2.10139e-05
95175: 2.10137e-05
95176: 2.10135e-05
95177: 2.10133e-05
95178: 2.1013e-05
95179: 2.10128e-05
95180: 2.10126e-05
95181: 2.10124e-05
95182: 2.10122e-05
95183: 2.10119e-05
95184: 2.10117e-05
95185: 2.10115e-05
95186: 2.10113e-05
95187: 2.10111e-05
95188: 2.10108e-05
95189: 2.10106e-05
95190: 2.10104e-05
95191: 2.10102e-05
95192: 2.10099e-05
95193: 2.10097e-05
95194: 2.10095e-05
95195: 2.10093e-05
95196: 2.10091e-05
95197: 2.10088e-05
95198: 2.10086e-05
95199: 2.10084e-05
95200: 2.10082e-05
95201: 2.1008e-05
95202: 2.10077e-05
95203: 2.10075e-05
95204: 2.10073e-05
95205: 2.10071e-05
95206: 2.10069e-05
95207: 2.10066e-05
95208: 2.10064e-05
95209: 2.10062e-05
95210: 2.1006e-05
95211: 2.10058e-05
95212: 2.10055e-05
95213: 2.10053e-05
95214: 2.10051e-05
95215: 2.10049e-05
95216: 2.10047e-05
95217: 2.10044e-05
95218: 2.10042e-05
95219: 2.1004e-05
95220: 2.10038e-05
95221: 2.10035e-05
95222: 2.10033e-05
95223: 2.10031e-05
95224: 2.10029e-05
95225: 2.10027e-05
95226: 2.10024e-05
95227: 2.10022e-05
95228: 2.1002e-05
95229: 2.10018e-05
95230: 2.10016e-05
95231: 2.10013e-05
95232: 2.10011e-05
95233: 2.10009e-05
95234: 2.10007e-05
95235: 2.10005e-05
95236: 2.10002e-05
95237: 2.1e-05
95238: 2.09998e-05
95239: 2.09996e-05
95240: 2.09994e-05
95241: 2.09991e-05
95242: 2.09989e-05
95243: 2.09987e-05
95244: 2.09985e-05
95245: 2.09983e-05
95246: 2.0998e-05
95247: 2.09978e-05
95248: 2.09976e-05
95249: 2.09974e-05
95250: 2.09972e-05
95251: 2.09969e-05
95252: 2.09967e-05
95253: 2.09965e-05
95254: 2.09963e-05
95255: 2.09961e-05
95256: 2.09958e-05
95257: 2.09956e-05
95258: 2.09954e-05
95259: 2.09952e-05
95260: 2.0995e-05
95261: 2.09947e-05
95262: 2.09945e-05
95263: 2.09943e-05
95264: 2.09941e-05
95265: 2.09938e-05
95266: 2.09936e-05
95267: 2.09934e-05
95268: 2.09932e-05
95269: 2.0993e-05
95270: 2.09927e-05
95271: 2.09925e-05
95272: 2.09923e-05
95273: 2.09921e-05
95274: 2.09919e-05
95275: 2.09916e-05
95276: 2.09914e-05
95277: 2.09912e-05
95278: 2.0991e-05
95279: 2.09908e-05
95280: 2.09905e-05
95281: 2.09903e-05
95282: 2.09901e-05
95283: 2.09899e-05
95284: 2.09897e-05
95285: 2.09894e-05
95286: 2.09892e-05
95287: 2.0989e-05
95288: 2.09888e-05
95289: 2.09886e-05
95290: 2.09883e-05
95291: 2.09881e-05
95292: 2.09879e-05
95293: 2.09877e-05
95294: 2.09875e-05
95295: 2.09872e-05
95296: 2.0987e-05
95297: 2.09868e-05
95298: 2.09866e-05
95299: 2.09864e-05
95300: 2.09861e-05
95301: 2.09859e-05
95302: 2.09857e-05
95303: 2.09855e-05
95304: 2.09853e-05
95305: 2.0985e-05
95306: 2.09848e-05
95307: 2.09846e-05
95308: 2.09844e-05
95309: 2.09842e-05
95310: 2.09839e-05
95311: 2.09837e-05
95312: 2.09835e-05
95313: 2.09833e-05
95314: 2.09831e-05
95315: 2.09828e-05
95316: 2.09826e-05
95317: 2.09824e-05
95318: 2.09822e-05
95319: 2.0982e-05
95320: 2.09817e-05
95321: 2.09815e-05
95322: 2.09813e-05
95323: 2.09811e-05
95324: 2.09809e-05
95325: 2.09806e-05
95326: 2.09804e-05
95327: 2.09802e-05
95328: 2.098e-05
95329: 2.09798e-05
95330: 2.09795e-05
95331: 2.09793e-05
95332: 2.09791e-05
95333: 2.09789e-05
95334: 2.09787e-05
95335: 2.09784e-05
95336: 2.09782e-05
95337: 2.0978e-05
95338: 2.09778e-05
95339: 2.09776e-05
95340: 2.09773e-05
95341: 2.09771e-05
95342: 2.09769e-05
95343: 2.09767e-05
95344: 2.09765e-05
95345: 2.09762e-05
95346: 2.0976e-05
95347: 2.09758e-05
95348: 2.09756e-05
95349: 2.09754e-05
95350: 2.09751e-05
95351: 2.09749e-05
95352: 2.09747e-05
95353: 2.09745e-05
95354: 2.09743e-05
95355: 2.0974e-05
95356: 2.09738e-05
95357: 2.09736e-05
95358: 2.09734e-05
95359: 2.09732e-05
95360: 2.09729e-05
95361: 2.09727e-05
95362: 2.09725e-05
95363: 2.09723e-05
95364: 2.09721e-05
95365: 2.09718e-05
95366: 2.09716e-05
95367: 2.09714e-05
95368: 2.09712e-05
95369: 2.0971e-05
95370: 2.09707e-05
95371: 2.09705e-05
95372: 2.09703e-05
95373: 2.09701e-05
95374: 2.09699e-05
95375: 2.09696e-05
95376: 2.09694e-05
95377: 2.09692e-05
95378: 2.0969e-05
95379: 2.09688e-05
95380: 2.09685e-05
95381: 2.09683e-05
95382: 2.09681e-05
95383: 2.09679e-05
95384: 2.09677e-05
95385: 2.09674e-05
95386: 2.09672e-05
95387: 2.0967e-05
95388: 2.09668e-05
95389: 2.09666e-05
95390: 2.09663e-05
95391: 2.09661e-05
95392: 2.09659e-05
95393: 2.09657e-05
95394: 2.09655e-05
95395: 2.09652e-05
95396: 2.0965e-05
95397: 2.09648e-05
95398: 2.09646e-05
95399: 2.09644e-05
95400: 2.09641e-05
95401: 2.09639e-05
95402: 2.09637e-05
95403: 2.09635e-05
95404: 2.09633e-05
95405: 2.0963e-05
95406: 2.09628e-05
95407: 2.09626e-05
95408: 2.09624e-05
95409: 2.09622e-05
95410: 2.09619e-05
95411: 2.09617e-05
95412: 2.09615e-05
95413: 2.09613e-05
95414: 2.09611e-05
95415: 2.09608e-05
95416: 2.09606e-05
95417: 2.09604e-05
95418: 2.09602e-05
95419: 2.096e-05
95420: 2.09597e-05
95421: 2.09595e-05
95422: 2.09593e-05
95423: 2.09591e-05
95424: 2.09589e-05
95425: 2.09586e-05
95426: 2.09584e-05
95427: 2.09582e-05
95428: 2.0958e-05
95429: 2.09578e-05
95430: 2.09576e-05
95431: 2.09573e-05
95432: 2.09571e-05
95433: 2.09569e-05
95434: 2.09567e-05
95435: 2.09565e-05
95436: 2.09562e-05
95437: 2.0956e-05
95438: 2.09558e-05
95439: 2.09556e-05
95440: 2.09554e-05
95441: 2.09551e-05
95442: 2.09549e-05
95443: 2.09547e-05
95444: 2.09545e-05
95445: 2.09543e-05
95446: 2.0954e-05
95447: 2.09538e-05
95448: 2.09536e-05
95449: 2.09534e-05
95450: 2.09532e-05
95451: 2.09529e-05
95452: 2.09527e-05
95453: 2.09525e-05
95454: 2.09523e-05
95455: 2.09521e-05
95456: 2.09518e-05
95457: 2.09516e-05
95458: 2.09514e-05
95459: 2.09512e-05
95460: 2.0951e-05
95461: 2.09507e-05
95462: 2.09505e-05
95463: 2.09503e-05
95464: 2.09501e-05
95465: 2.09499e-05
95466: 2.09496e-05
95467: 2.09494e-05
95468: 2.09492e-05
95469: 2.0949e-05
95470: 2.09488e-05
95471: 2.09486e-05
95472: 2.09483e-05
95473: 2.09481e-05
95474: 2.09479e-05
95475: 2.09477e-05
95476: 2.09475e-05
95477: 2.09472e-05
95478: 2.0947e-05
95479: 2.09468e-05
95480: 2.09466e-05
95481: 2.09464e-05
95482: 2.09461e-05
95483: 2.09459e-05
95484: 2.09457e-05
95485: 2.09455e-05
95486: 2.09453e-05
95487: 2.0945e-05
95488: 2.09448e-05
95489: 2.09446e-05
95490: 2.09444e-05
95491: 2.09442e-05
95492: 2.09439e-05
95493: 2.09437e-05
95494: 2.09435e-05
95495: 2.09433e-05
95496: 2.09431e-05
95497: 2.09428e-05
95498: 2.09426e-05
95499: 2.09424e-05
95500: 2.09422e-05
95501: 2.0942e-05
95502: 2.09418e-05
95503: 2.09415e-05
95504: 2.09413e-05
95505: 2.09411e-05
95506: 2.09409e-05
95507: 2.09407e-05
95508: 2.09404e-05
95509: 2.09402e-05
95510: 2.094e-05
95511: 2.09398e-05
95512: 2.09396e-05
95513: 2.09393e-05
95514: 2.09391e-05
95515: 2.09389e-05
95516: 2.09387e-05
95517: 2.09385e-05
95518: 2.09382e-05
95519: 2.0938e-05
95520: 2.09378e-05
95521: 2.09376e-05
95522: 2.09374e-05
95523: 2.09371e-05
95524: 2.09369e-05
95525: 2.09367e-05
95526: 2.09365e-05
95527: 2.09363e-05
95528: 2.09361e-05
95529: 2.09358e-05
95530: 2.09356e-05
95531: 2.09354e-05
95532: 2.09352e-05
95533: 2.0935e-05
95534: 2.09347e-05
95535: 2.09345e-05
95536: 2.09343e-05
95537: 2.09341e-05
95538: 2.09339e-05
95539: 2.09336e-05
95540: 2.09334e-05
95541: 2.09332e-05
95542: 2.0933e-05
95543: 2.09328e-05
95544: 2.09325e-05
95545: 2.09323e-05
95546: 2.09321e-05
95547: 2.09319e-05
95548: 2.09317e-05
95549: 2.09314e-05
95550: 2.09312e-05
95551: 2.0931e-05
95552: 2.09308e-05
95553: 2.09306e-05
95554: 2.09304e-05
95555: 2.09301e-05
95556: 2.09299e-05
95557: 2.09297e-05
95558: 2.09295e-05
95559: 2.09293e-05
95560: 2.0929e-05
95561: 2.09288e-05
95562: 2.09286e-05
95563: 2.09284e-05
95564: 2.09282e-05
95565: 2.09279e-05
95566: 2.09277e-05
95567: 2.09275e-05
95568: 2.09273e-05
95569: 2.09271e-05
95570: 2.09269e-05
95571: 2.09266e-05
95572: 2.09264e-05
95573: 2.09262e-05
95574: 2.0926e-05
95575: 2.09258e-05
95576: 2.09255e-05
95577: 2.09253e-05
95578: 2.09251e-05
95579: 2.09249e-05
95580: 2.09247e-05
95581: 2.09244e-05
95582: 2.09242e-05
95583: 2.0924e-05
95584: 2.09238e-05
95585: 2.09236e-05
95586: 2.09233e-05
95587: 2.09231e-05
95588: 2.09229e-05
95589: 2.09227e-05
95590: 2.09225e-05
95591: 2.09223e-05
95592: 2.0922e-05
95593: 2.09218e-05
95594: 2.09216e-05
95595: 2.09214e-05
95596: 2.09212e-05
95597: 2.09209e-05
95598: 2.09207e-05
95599: 2.09205e-05
95600: 2.09203e-05
95601: 2.09201e-05
95602: 2.09198e-05
95603: 2.09196e-05
95604: 2.09194e-05
95605: 2.09192e-05
95606: 2.0919e-05
95607: 2.09188e-05
95608: 2.09185e-05
95609: 2.09183e-05
95610: 2.09181e-05
95611: 2.09179e-05
95612: 2.09177e-05
95613: 2.09174e-05
95614: 2.09172e-05
95615: 2.0917e-05
95616: 2.09168e-05
95617: 2.09166e-05
95618: 2.09163e-05
95619: 2.09161e-05
95620: 2.09159e-05
95621: 2.09157e-05
95622: 2.09155e-05
95623: 2.09153e-05
95624: 2.0915e-05
95625: 2.09148e-05
95626: 2.09146e-05
95627: 2.09144e-05
95628: 2.09142e-05
95629: 2.09139e-05
95630: 2.09137e-05
95631: 2.09135e-05
95632: 2.09133e-05
95633: 2.09131e-05
95634: 2.09128e-05
95635: 2.09126e-05
95636: 2.09124e-05
95637: 2.09122e-05
95638: 2.0912e-05
95639: 2.09118e-05
95640: 2.09115e-05
95641: 2.09113e-05
95642: 2.09111e-05
95643: 2.09109e-05
95644: 2.09107e-05
95645: 2.09104e-05
95646: 2.09102e-05
95647: 2.091e-05
95648: 2.09098e-05
95649: 2.09096e-05
95650: 2.09093e-05
95651: 2.09091e-05
95652: 2.09089e-05
95653: 2.09087e-05
95654: 2.09085e-05
95655: 2.09083e-05
95656: 2.0908e-05
95657: 2.09078e-05
95658: 2.09076e-05
95659: 2.09074e-05
95660: 2.09072e-05
95661: 2.09069e-05
95662: 2.09067e-05
95663: 2.09065e-05
95664: 2.09063e-05
95665: 2.09061e-05
95666: 2.09059e-05
95667: 2.09056e-05
95668: 2.09054e-05
95669: 2.09052e-05
95670: 2.0905e-05
95671: 2.09048e-05
95672: 2.09045e-05
95673: 2.09043e-05
95674: 2.09041e-05
95675: 2.09039e-05
95676: 2.09037e-05
95677: 2.09034e-05
95678: 2.09032e-05
95679: 2.0903e-05
95680: 2.09028e-05
95681: 2.09026e-05
95682: 2.09024e-05
95683: 2.09021e-05
95684: 2.09019e-05
95685: 2.09017e-05
95686: 2.09015e-05
95687: 2.09013e-05
95688: 2.0901e-05
95689: 2.09008e-05
95690: 2.09006e-05
95691: 2.09004e-05
95692: 2.09002e-05
95693: 2.09e-05
95694: 2.08997e-05
95695: 2.08995e-05
95696: 2.08993e-05
95697: 2.08991e-05
95698: 2.08989e-05
95699: 2.08986e-05
95700: 2.08984e-05
95701: 2.08982e-05
95702: 2.0898e-05
95703: 2.08978e-05
95704: 2.08975e-05
95705: 2.08973e-05
95706: 2.08971e-05
95707: 2.08969e-05
95708: 2.08967e-05
95709: 2.08965e-05
95710: 2.08962e-05
95711: 2.0896e-05
95712: 2.08958e-05
95713: 2.08956e-05
95714: 2.08954e-05
95715: 2.08951e-05
95716: 2.08949e-05
95717: 2.08947e-05
95718: 2.08945e-05
95719: 2.08943e-05
95720: 2.08941e-05
95721: 2.08938e-05
95722: 2.08936e-05
95723: 2.08934e-05
95724: 2.08932e-05
95725: 2.0893e-05
95726: 2.08927e-05
95727: 2.08925e-05
95728: 2.08923e-05
95729: 2.08921e-05
95730: 2.08919e-05
95731: 2.08917e-05
95732: 2.08914e-05
95733: 2.08912e-05
95734: 2.0891e-05
95735: 2.08908e-05
95736: 2.08906e-05
95737: 2.08903e-05
95738: 2.08901e-05
95739: 2.08899e-05
95740: 2.08897e-05
95741: 2.08895e-05
95742: 2.08893e-05
95743: 2.0889e-05
95744: 2.08888e-05
95745: 2.08886e-05
95746: 2.08884e-05
95747: 2.08882e-05
95748: 2.08879e-05
95749: 2.08877e-05
95750: 2.08875e-05
95751: 2.08873e-05
95752: 2.08871e-05
95753: 2.08869e-05
95754: 2.08866e-05
95755: 2.08864e-05
95756: 2.08862e-05
95757: 2.0886e-05
95758: 2.08858e-05
95759: 2.08855e-05
95760: 2.08853e-05
95761: 2.08851e-05
95762: 2.08849e-05
95763: 2.08847e-05
95764: 2.08845e-05
95765: 2.08842e-05
95766: 2.0884e-05
95767: 2.08838e-05
95768: 2.08836e-05
95769: 2.08834e-05
95770: 2.08831e-05
95771: 2.08829e-05
95772: 2.08827e-05
95773: 2.08825e-05
95774: 2.08823e-05
95775: 2.08821e-05
95776: 2.08818e-05
95777: 2.08816e-05
95778: 2.08814e-05
95779: 2.08812e-05
95780: 2.0881e-05
95781: 2.08808e-05
95782: 2.08805e-05
95783: 2.08803e-05
95784: 2.08801e-05
95785: 2.08799e-05
95786: 2.08797e-05
95787: 2.08794e-05
95788: 2.08792e-05
95789: 2.0879e-05
95790: 2.08788e-05
95791: 2.08786e-05
95792: 2.08784e-05
95793: 2.08781e-05
95794: 2.08779e-05
95795: 2.08777e-05
95796: 2.08775e-05
95797: 2.08773e-05
95798: 2.0877e-05
95799: 2.08768e-05
95800: 2.08766e-05
95801: 2.08764e-05
95802: 2.08762e-05
95803: 2.0876e-05
95804: 2.08757e-05
95805: 2.08755e-05
95806: 2.08753e-05
95807: 2.08751e-05
95808: 2.08749e-05
95809: 2.08746e-05
95810: 2.08744e-05
95811: 2.08742e-05
95812: 2.0874e-05
95813: 2.08738e-05
95814: 2.08736e-05
95815: 2.08733e-05
95816: 2.08731e-05
95817: 2.08729e-05
95818: 2.08727e-05
95819: 2.08725e-05
95820: 2.08723e-05
95821: 2.0872e-05
95822: 2.08718e-05
95823: 2.08716e-05
95824: 2.08714e-05
95825: 2.08712e-05
95826: 2.08709e-05
95827: 2.08707e-05
95828: 2.08705e-05
95829: 2.08703e-05
95830: 2.08701e-05
95831: 2.08699e-05
95832: 2.08696e-05
95833: 2.08694e-05
95834: 2.08692e-05
95835: 2.0869e-05
95836: 2.08688e-05
95837: 2.08685e-05
95838: 2.08683e-05
95839: 2.08681e-05
95840: 2.08679e-05
95841: 2.08677e-05
95842: 2.08675e-05
95843: 2.08672e-05
95844: 2.0867e-05
95845: 2.08668e-05
95846: 2.08666e-05
95847: 2.08664e-05
95848: 2.08662e-05
95849: 2.08659e-05
95850: 2.08657e-05
95851: 2.08655e-05
95852: 2.08653e-05
95853: 2.08651e-05
95854: 2.08648e-05
95855: 2.08646e-05
95856: 2.08644e-05
95857: 2.08642e-05
95858: 2.0864e-05
95859: 2.08638e-05
95860: 2.08635e-05
95861: 2.08633e-05
95862: 2.08631e-05
95863: 2.08629e-05
95864: 2.08627e-05
95865: 2.08625e-05
95866: 2.08622e-05
95867: 2.0862e-05
95868: 2.08618e-05
95869: 2.08616e-05
95870: 2.08614e-05
95871: 2.08611e-05
95872: 2.08609e-05
95873: 2.08607e-05
95874: 2.08605e-05
95875: 2.08603e-05
95876: 2.08601e-05
95877: 2.08598e-05
95878: 2.08596e-05
95879: 2.08594e-05
95880: 2.08592e-05
95881: 2.0859e-05
95882: 2.08588e-05
95883: 2.08585e-05
95884: 2.08583e-05
95885: 2.08581e-05
95886: 2.08579e-05
95887: 2.08577e-05
95888: 2.08574e-05
95889: 2.08572e-05
95890: 2.0857e-05
95891: 2.08568e-05
95892: 2.08566e-05
95893: 2.08564e-05
95894: 2.08561e-05
95895: 2.08559e-05
95896: 2.08557e-05
95897: 2.08555e-05
95898: 2.08553e-05
95899: 2.08551e-05
95900: 2.08548e-05
95901: 2.08546e-05
95902: 2.08544e-05
95903: 2.08542e-05
95904: 2.0854e-05
95905: 2.08538e-05
95906: 2.08535e-05
95907: 2.08533e-05
95908: 2.08531e-05
95909: 2.08529e-05
95910: 2.08527e-05
95911: 2.08524e-05
95912: 2.08522e-05
95913: 2.0852e-05
95914: 2.08518e-05
95915: 2.08516e-05
95916: 2.08514e-05
95917: 2.08511e-05
95918: 2.08509e-05
95919: 2.08507e-05
95920: 2.08505e-05
95921: 2.08503e-05
95922: 2.08501e-05
95923: 2.08498e-05
95924: 2.08496e-05
95925: 2.08494e-05
95926: 2.08492e-05
95927: 2.0849e-05
95928: 2.08488e-05
95929: 2.08485e-05
95930: 2.08483e-05
95931: 2.08481e-05
95932: 2.08479e-05
95933: 2.08477e-05
95934: 2.08474e-05
95935: 2.08472e-05
95936: 2.0847e-05
95937: 2.08468e-05
95938: 2.08466e-05
95939: 2.08464e-05
95940: 2.08461e-05
95941: 2.08459e-05
95942: 2.08457e-05
95943: 2.08455e-05
95944: 2.08453e-05
95945: 2.08451e-05
95946: 2.08448e-05
95947: 2.08446e-05
95948: 2.08444e-05
95949: 2.08442e-05
95950: 2.0844e-05
95951: 2.08438e-05
95952: 2.08435e-05
95953: 2.08433e-05
95954: 2.08431e-05
95955: 2.08429e-05
95956: 2.08427e-05
95957: 2.08425e-05
95958: 2.08422e-05
95959: 2.0842e-05
95960: 2.08418e-05
95961: 2.08416e-05
95962: 2.08414e-05
95963: 2.08411e-05
95964: 2.08409e-05
95965: 2.08407e-05
95966: 2.08405e-05
95967: 2.08403e-05
95968: 2.08401e-05
95969: 2.08398e-05
95970: 2.08396e-05
95971: 2.08394e-05
95972: 2.08392e-05
95973: 2.0839e-05
95974: 2.08388e-05
95975: 2.08385e-05
95976: 2.08383e-05
95977: 2.08381e-05
95978: 2.08379e-05
95979: 2.08377e-05
95980: 2.08375e-05
95981: 2.08372e-05
95982: 2.0837e-05
95983: 2.08368e-05
95984: 2.08366e-05
95985: 2.08364e-05
95986: 2.08362e-05
95987: 2.08359e-05
95988: 2.08357e-05
95989: 2.08355e-05
95990: 2.08353e-05
95991: 2.08351e-05
95992: 2.08349e-05
95993: 2.08346e-05
95994: 2.08344e-05
95995: 2.08342e-05
95996: 2.0834e-05
95997: 2.08338e-05
95998: 2.08336e-05
95999: 2.08333e-05
96000: 2.08331e-05
96001: 2.08329e-05
96002: 2.08327e-05
96003: 2.08325e-05
96004: 2.08322e-05
96005: 2.0832e-05
96006: 2.08318e-05
96007: 2.08316e-05
96008: 2.08314e-05
96009: 2.08312e-05
96010: 2.08309e-05
96011: 2.08307e-05
96012: 2.08305e-05
96013: 2.08303e-05
96014: 2.08301e-05
96015: 2.08299e-05
96016: 2.08296e-05
96017: 2.08294e-05
96018: 2.08292e-05
96019: 2.0829e-05
96020: 2.08288e-05
96021: 2.08286e-05
96022: 2.08283e-05
96023: 2.08281e-05
96024: 2.08279e-05
96025: 2.08277e-05
96026: 2.08275e-05
96027: 2.08273e-05
96028: 2.0827e-05
96029: 2.08268e-05
96030: 2.08266e-05
96031: 2.08264e-05
96032: 2.08262e-05
96033: 2.0826e-05
96034: 2.08257e-05
96035: 2.08255e-05
96036: 2.08253e-05
96037: 2.08251e-05
96038: 2.08249e-05
96039: 2.08247e-05
96040: 2.08244e-05
96041: 2.08242e-05
96042: 2.0824e-05
96043: 2.08238e-05
96044: 2.08236e-05
96045: 2.08234e-05
96046: 2.08231e-05
96047: 2.08229e-05
96048: 2.08227e-05
96049: 2.08225e-05
96050: 2.08223e-05
96051: 2.08221e-05
96052: 2.08218e-05
96053: 2.08216e-05
96054: 2.08214e-05
96055: 2.08212e-05
96056: 2.0821e-05
96057: 2.08208e-05
96058: 2.08205e-05
96059: 2.08203e-05
96060: 2.08201e-05
96061: 2.08199e-05
96062: 2.08197e-05
96063: 2.08195e-05
96064: 2.08192e-05
96065: 2.0819e-05
96066: 2.08188e-05
96067: 2.08186e-05
96068: 2.08184e-05
96069: 2.08182e-05
96070: 2.08179e-05
96071: 2.08177e-05
96072: 2.08175e-05
96073: 2.08173e-05
96074: 2.08171e-05
96075: 2.08169e-05
96076: 2.08166e-05
96077: 2.08164e-05
96078: 2.08162e-05
96079: 2.0816e-05
96080: 2.08158e-05
96081: 2.08156e-05
96082: 2.08153e-05
96083: 2.08151e-05
96084: 2.08149e-05
96085: 2.08147e-05
96086: 2.08145e-05
96087: 2.08143e-05
96088: 2.0814e-05
96089: 2.08138e-05
96090: 2.08136e-05
96091: 2.08134e-05
96092: 2.08132e-05
96093: 2.0813e-05
96094: 2.08127e-05
96095: 2.08125e-05
96096: 2.08123e-05
96097: 2.08121e-05
96098: 2.08119e-05
96099: 2.08117e-05
96100: 2.08114e-05
96101: 2.08112e-05
96102: 2.0811e-05
96103: 2.08108e-05
96104: 2.08106e-05
96105: 2.08104e-05
96106: 2.08101e-05
96107: 2.08099e-05
96108: 2.08097e-05
96109: 2.08095e-05
96110: 2.08093e-05
96111: 2.08091e-05
96112: 2.08088e-05
96113: 2.08086e-05
96114: 2.08084e-05
96115: 2.08082e-05
96116: 2.0808e-05
96117: 2.08078e-05
96118: 2.08075e-05
96119: 2.08073e-05
96120: 2.08071e-05
96121: 2.08069e-05
96122: 2.08067e-05
96123: 2.08065e-05
96124: 2.08062e-05
96125: 2.0806e-05
96126: 2.08058e-05
96127: 2.08056e-05
96128: 2.08054e-05
96129: 2.08052e-05
96130: 2.08049e-05
96131: 2.08047e-05
96132: 2.08045e-05
96133: 2.08043e-05
96134: 2.08041e-05
96135: 2.08039e-05
96136: 2.08036e-05
96137: 2.08034e-05
96138: 2.08032e-05
96139: 2.0803e-05
96140: 2.08028e-05
96141: 2.08026e-05
96142: 2.08023e-05
96143: 2.08021e-05
96144: 2.08019e-05
96145: 2.08017e-05
96146: 2.08015e-05
96147: 2.08013e-05
96148: 2.0801e-05
96149: 2.08008e-05
96150: 2.08006e-05
96151: 2.08004e-05
96152: 2.08002e-05
96153: 2.08e-05
96154: 2.07998e-05
96155: 2.07995e-05
96156: 2.07993e-05
96157: 2.07991e-05
96158: 2.07989e-05
96159: 2.07987e-05
96160: 2.07985e-05
96161: 2.07982e-05
96162: 2.0798e-05
96163: 2.07978e-05
96164: 2.07976e-05
96165: 2.07974e-05
96166: 2.07972e-05
96167: 2.07969e-05
96168: 2.07967e-05
96169: 2.07965e-05
96170: 2.07963e-05
96171: 2.07961e-05
96172: 2.07959e-05
96173: 2.07956e-05
96174: 2.07954e-05
96175: 2.07952e-05
96176: 2.0795e-05
96177: 2.07948e-05
96178: 2.07946e-05
96179: 2.07943e-05
96180: 2.07941e-05
96181: 2.07939e-05
96182: 2.07937e-05
96183: 2.07935e-05
96184: 2.07933e-05
96185: 2.0793e-05
96186: 2.07928e-05
96187: 2.07926e-05
96188: 2.07924e-05
96189: 2.07922e-05
96190: 2.0792e-05
96191: 2.07917e-05
96192: 2.07915e-05
96193: 2.07913e-05
96194: 2.07911e-05
96195: 2.07909e-05
96196: 2.07907e-05
96197: 2.07905e-05
96198: 2.07902e-05
96199: 2.079e-05
96200: 2.07898e-05
96201: 2.07896e-05
96202: 2.07894e-05
96203: 2.07892e-05
96204: 2.07889e-05
96205: 2.07887e-05
96206: 2.07885e-05
96207: 2.07883e-05
96208: 2.07881e-05
96209: 2.07879e-05
96210: 2.07876e-05
96211: 2.07874e-05
96212: 2.07872e-05
96213: 2.0787e-05
96214: 2.07868e-05
96215: 2.07866e-05
96216: 2.07863e-05
96217: 2.07861e-05
96218: 2.07859e-05
96219: 2.07857e-05
96220: 2.07855e-05
96221: 2.07853e-05
96222: 2.07851e-05
96223: 2.07848e-05
96224: 2.07846e-05
96225: 2.07844e-05
96226: 2.07842e-05
96227: 2.0784e-05
96228: 2.07838e-05
96229: 2.07835e-05
96230: 2.07833e-05
96231: 2.07831e-05
96232: 2.07829e-05
96233: 2.07827e-05
96234: 2.07825e-05
96235: 2.07822e-05
96236: 2.0782e-05
96237: 2.07818e-05
96238: 2.07816e-05
96239: 2.07814e-05
96240: 2.07812e-05
96241: 2.07809e-05
96242: 2.07807e-05
96243: 2.07805e-05
96244: 2.07803e-05
96245: 2.07801e-05
96246: 2.07799e-05
96247: 2.07797e-05
96248: 2.07794e-05
96249: 2.07792e-05
96250: 2.0779e-05
96251: 2.07788e-05
96252: 2.07786e-05
96253: 2.07784e-05
96254: 2.07781e-05
96255: 2.07779e-05
96256: 2.07777e-05
96257: 2.07775e-05
96258: 2.07773e-05
96259: 2.07771e-05
96260: 2.07768e-05
96261: 2.07766e-05
96262: 2.07764e-05
96263: 2.07762e-05
96264: 2.0776e-05
96265: 2.07758e-05
96266: 2.07756e-05
96267: 2.07753e-05
96268: 2.07751e-05
96269: 2.07749e-05
96270: 2.07747e-05
96271: 2.07745e-05
96272: 2.07743e-05
96273: 2.0774e-05
96274: 2.07738e-05
96275: 2.07736e-05
96276: 2.07734e-05
96277: 2.07732e-05
96278: 2.0773e-05
96279: 2.07727e-05
96280: 2.07725e-05
96281: 2.07723e-05
96282: 2.07721e-05
96283: 2.07719e-05
96284: 2.07717e-05
96285: 2.07715e-05
96286: 2.07712e-05
96287: 2.0771e-05
96288: 2.07708e-05
96289: 2.07706e-05
96290: 2.07704e-05
96291: 2.07702e-05
96292: 2.07699e-05
96293: 2.07697e-05
96294: 2.07695e-05
96295: 2.07693e-05
96296: 2.07691e-05
96297: 2.07689e-05
96298: 2.07686e-05
96299: 2.07684e-05
96300: 2.07682e-05
96301: 2.0768e-05
96302: 2.07678e-05
96303: 2.07676e-05
96304: 2.07674e-05
96305: 2.07671e-05
96306: 2.07669e-05
96307: 2.07667e-05
96308: 2.07665e-05
96309: 2.07663e-05
96310: 2.07661e-05
96311: 2.07658e-05
96312: 2.07656e-05
96313: 2.07654e-05
96314: 2.07652e-05
96315: 2.0765e-05
96316: 2.07648e-05
96317: 2.07646e-05
96318: 2.07643e-05
96319: 2.07641e-05
96320: 2.07639e-05
96321: 2.07637e-05
96322: 2.07635e-05
96323: 2.07633e-05
96324: 2.0763e-05
96325: 2.07628e-05
96326: 2.07626e-05
96327: 2.07624e-05
96328: 2.07622e-05
96329: 2.0762e-05
96330: 2.07617e-05
96331: 2.07615e-05
96332: 2.07613e-05
96333: 2.07611e-05
96334: 2.07609e-05
96335: 2.07607e-05
96336: 2.07605e-05
96337: 2.07602e-05
96338: 2.076e-05
96339: 2.07598e-05
96340: 2.07596e-05
96341: 2.07594e-05
96342: 2.07592e-05
96343: 2.07589e-05
96344: 2.07587e-05
96345: 2.07585e-05
96346: 2.07583e-05
96347: 2.07581e-05
96348: 2.07579e-05
96349: 2.07577e-05
96350: 2.07574e-05
96351: 2.07572e-05
96352: 2.0757e-05
96353: 2.07568e-05
96354: 2.07566e-05
96355: 2.07564e-05
96356: 2.07561e-05
96357: 2.07559e-05
96358: 2.07557e-05
96359: 2.07555e-05
96360: 2.07553e-05
96361: 2.07551e-05
96362: 2.07549e-05
96363: 2.07546e-05
96364: 2.07544e-05
96365: 2.07542e-05
96366: 2.0754e-05
96367: 2.07538e-05
96368: 2.07536e-05
96369: 2.07533e-05
96370: 2.07531e-05
96371: 2.07529e-05
96372: 2.07527e-05
96373: 2.07525e-05
96374: 2.07523e-05
96375: 2.07521e-05
96376: 2.07518e-05
96377: 2.07516e-05
96378: 2.07514e-05
96379: 2.07512e-05
96380: 2.0751e-05
96381: 2.07508e-05
96382: 2.07505e-05
96383: 2.07503e-05
96384: 2.07501e-05
96385: 2.07499e-05
96386: 2.07497e-05
96387: 2.07495e-05
96388: 2.07493e-05
96389: 2.0749e-05
96390: 2.07488e-05
96391: 2.07486e-05
96392: 2.07484e-05
96393: 2.07482e-05
96394: 2.0748e-05
96395: 2.07477e-05
96396: 2.07475e-05
96397: 2.07473e-05
96398: 2.07471e-05
96399: 2.07469e-05
96400: 2.07467e-05
96401: 2.07465e-05
96402: 2.07462e-05
96403: 2.0746e-05
96404: 2.07458e-05
96405: 2.07456e-05
96406: 2.07454e-05
96407: 2.07452e-05
96408: 2.0745e-05
96409: 2.07447e-05
96410: 2.07445e-05
96411: 2.07443e-05
96412: 2.07441e-05
96413: 2.07439e-05
96414: 2.07437e-05
96415: 2.07434e-05
96416: 2.07432e-05
96417: 2.0743e-05
96418: 2.07428e-05
96419: 2.07426e-05
96420: 2.07424e-05
96421: 2.07422e-05
96422: 2.07419e-05
96423: 2.07417e-05
96424: 2.07415e-05
96425: 2.07413e-05
96426: 2.07411e-05
96427: 2.07409e-05
96428: 2.07406e-05
96429: 2.07404e-05
96430: 2.07402e-05
96431: 2.074e-05
96432: 2.07398e-05
96433: 2.07396e-05
96434: 2.07394e-05
96435: 2.07391e-05
96436: 2.07389e-05
96437: 2.07387e-05
96438: 2.07385e-05
96439: 2.07383e-05
96440: 2.07381e-05
96441: 2.07379e-05
96442: 2.07376e-05
96443: 2.07374e-05
96444: 2.07372e-05
96445: 2.0737e-05
96446: 2.07368e-05
96447: 2.07366e-05
96448: 2.07363e-05
96449: 2.07361e-05
96450: 2.07359e-05
96451: 2.07357e-05
96452: 2.07355e-05
96453: 2.07353e-05
96454: 2.07351e-05
96455: 2.07348e-05
96456: 2.07346e-05
96457: 2.07344e-05
96458: 2.07342e-05
96459: 2.0734e-05
96460: 2.07338e-05
96461: 2.07336e-05
96462: 2.07333e-05
96463: 2.07331e-05
96464: 2.07329e-05
96465: 2.07327e-05
96466: 2.07325e-05
96467: 2.07323e-05
96468: 2.0732e-05
96469: 2.07318e-05
96470: 2.07316e-05
96471: 2.07314e-05
96472: 2.07312e-05
96473: 2.0731e-05
96474: 2.07308e-05
96475: 2.07305e-05
96476: 2.07303e-05
96477: 2.07301e-05
96478: 2.07299e-05
96479: 2.07297e-05
96480: 2.07295e-05
96481: 2.07293e-05
96482: 2.0729e-05
96483: 2.07288e-05
96484: 2.07286e-05
96485: 2.07284e-05
96486: 2.07282e-05
96487: 2.0728e-05
96488: 2.07278e-05
96489: 2.07275e-05
96490: 2.07273e-05
96491: 2.07271e-05
96492: 2.07269e-05
96493: 2.07267e-05
96494: 2.07265e-05
96495: 2.07262e-05
96496: 2.0726e-05
96497: 2.07258e-05
96498: 2.07256e-05
96499: 2.07254e-05
96500: 2.07252e-05
96501: 2.0725e-05
96502: 2.07247e-05
96503: 2.07245e-05
96504: 2.07243e-05
96505: 2.07241e-05
96506: 2.07239e-05
96507: 2.07237e-05
96508: 2.07235e-05
96509: 2.07232e-05
96510: 2.0723e-05
96511: 2.07228e-05
96512: 2.07226e-05
96513: 2.07224e-05
96514: 2.07222e-05
96515: 2.0722e-05
96516: 2.07217e-05
96517: 2.07215e-05
96518: 2.07213e-05
96519: 2.07211e-05
96520: 2.07209e-05
96521: 2.07207e-05
96522: 2.07205e-05
96523: 2.07202e-05
96524: 2.072e-05
96525: 2.07198e-05
96526: 2.07196e-05
96527: 2.07194e-05
96528: 2.07192e-05
96529: 2.07189e-05
96530: 2.07187e-05
96531: 2.07185e-05
96532: 2.07183e-05
96533: 2.07181e-05
96534: 2.07179e-05
96535: 2.07177e-05
96536: 2.07174e-05
96537: 2.07172e-05
96538: 2.0717e-05
96539: 2.07168e-05
96540: 2.07166e-05
96541: 2.07164e-05
96542: 2.07162e-05
96543: 2.07159e-05
96544: 2.07157e-05
96545: 2.07155e-05
96546: 2.07153e-05
96547: 2.07151e-05
96548: 2.07149e-05
96549: 2.07147e-05
96550: 2.07144e-05
96551: 2.07142e-05
96552: 2.0714e-05
96553: 2.07138e-05
96554: 2.07136e-05
96555: 2.07134e-05
96556: 2.07132e-05
96557: 2.07129e-05
96558: 2.07127e-05
96559: 2.07125e-05
96560: 2.07123e-05
96561: 2.07121e-05
96562: 2.07119e-05
96563: 2.07117e-05
96564: 2.07114e-05
96565: 2.07112e-05
96566: 2.0711e-05
96567: 2.07108e-05
96568: 2.07106e-05
96569: 2.07104e-05
96570: 2.07102e-05
96571: 2.07099e-05
96572: 2.07097e-05
96573: 2.07095e-05
96574: 2.07093e-05
96575: 2.07091e-05
96576: 2.07089e-05
96577: 2.07087e-05
96578: 2.07084e-05
96579: 2.07082e-05
96580: 2.0708e-05
96581: 2.07078e-05
96582: 2.07076e-05
96583: 2.07074e-05
96584: 2.07071e-05
96585: 2.07069e-05
96586: 2.07067e-05
96587: 2.07065e-05
96588: 2.07063e-05
96589: 2.07061e-05
96590: 2.07059e-05
96591: 2.07056e-05
96592: 2.07054e-05
96593: 2.07052e-05
96594: 2.0705e-05
96595: 2.07048e-05
96596: 2.07046e-05
96597: 2.07044e-05
96598: 2.07041e-05
96599: 2.07039e-05
96600: 2.07037e-05
96601: 2.07035e-05
96602: 2.07033e-05
96603: 2.07031e-05
96604: 2.07029e-05
96605: 2.07026e-05
96606: 2.07024e-05
96607: 2.07022e-05
96608: 2.0702e-05
96609: 2.07018e-05
96610: 2.07016e-05
96611: 2.07014e-05
96612: 2.07011e-05
96613: 2.07009e-05
96614: 2.07007e-05
96615: 2.07005e-05
96616: 2.07003e-05
96617: 2.07001e-05
96618: 2.06999e-05
96619: 2.06996e-05
96620: 2.06994e-05
96621: 2.06992e-05
96622: 2.0699e-05
96623: 2.06988e-05
96624: 2.06986e-05
96625: 2.06984e-05
96626: 2.06981e-05
96627: 2.06979e-05
96628: 2.06977e-05
96629: 2.06975e-05
96630: 2.06973e-05
96631: 2.06971e-05
96632: 2.06969e-05
96633: 2.06966e-05
96634: 2.06964e-05
96635: 2.06962e-05
96636: 2.0696e-05
96637: 2.06958e-05
96638: 2.06956e-05
96639: 2.06954e-05
96640: 2.06952e-05
96641: 2.06949e-05
96642: 2.06947e-05
96643: 2.06945e-05
96644: 2.06943e-05
96645: 2.06941e-05
96646: 2.06939e-05
96647: 2.06937e-05
96648: 2.06934e-05
96649: 2.06932e-05
96650: 2.0693e-05
96651: 2.06928e-05
96652: 2.06926e-05
96653: 2.06924e-05
96654: 2.06922e-05
96655: 2.06919e-05
96656: 2.06917e-05
96657: 2.06915e-05
96658: 2.06913e-05
96659: 2.06911e-05
96660: 2.06909e-05
96661: 2.06907e-05
96662: 2.06904e-05
96663: 2.06902e-05
96664: 2.069e-05
96665: 2.06898e-05
96666: 2.06896e-05
96667: 2.06894e-05
96668: 2.06892e-05
96669: 2.06889e-05
96670: 2.06887e-05
96671: 2.06885e-05
96672: 2.06883e-05
96673: 2.06881e-05
96674: 2.06879e-05
96675: 2.06877e-05
96676: 2.06874e-05
96677: 2.06872e-05
96678: 2.0687e-05
96679: 2.06868e-05
96680: 2.06866e-05
96681: 2.06864e-05
96682: 2.06862e-05
96683: 2.06859e-05
96684: 2.06857e-05
96685: 2.06855e-05
96686: 2.06853e-05
96687: 2.06851e-05
96688: 2.06849e-05
96689: 2.06847e-05
96690: 2.06844e-05
96691: 2.06842e-05
96692: 2.0684e-05
96693: 2.06838e-05
96694: 2.06836e-05
96695: 2.06834e-05
96696: 2.06832e-05
96697: 2.0683e-05
96698: 2.06827e-05
96699: 2.06825e-05
96700: 2.06823e-05
96701: 2.06821e-05
96702: 2.06819e-05
96703: 2.06817e-05
96704: 2.06815e-05
96705: 2.06812e-05
96706: 2.0681e-05
96707: 2.06808e-05
96708: 2.06806e-05
96709: 2.06804e-05
96710: 2.06802e-05
96711: 2.068e-05
96712: 2.06797e-05
96713: 2.06795e-05
96714: 2.06793e-05
96715: 2.06791e-05
96716: 2.06789e-05
96717: 2.06787e-05
96718: 2.06785e-05
96719: 2.06782e-05
96720: 2.0678e-05
96721: 2.06778e-05
96722: 2.06776e-05
96723: 2.06774e-05
96724: 2.06772e-05
96725: 2.0677e-05
96726: 2.06768e-05
96727: 2.06765e-05
96728: 2.06763e-05
96729: 2.06761e-05
96730: 2.06759e-05
96731: 2.06757e-05
96732: 2.06755e-05
96733: 2.06753e-05
96734: 2.0675e-05
96735: 2.06748e-05
96736: 2.06746e-05
96737: 2.06744e-05
96738: 2.06742e-05
96739: 2.0674e-05
96740: 2.06738e-05
96741: 2.06735e-05
96742: 2.06733e-05
96743: 2.06731e-05
96744: 2.06729e-05
96745: 2.06727e-05
96746: 2.06725e-05
96747: 2.06723e-05
96748: 2.0672e-05
96749: 2.06718e-05
96750: 2.06716e-05
96751: 2.06714e-05
96752: 2.06712e-05
96753: 2.0671e-05
96754: 2.06708e-05
96755: 2.06706e-05
96756: 2.06703e-05
96757: 2.06701e-05
96758: 2.06699e-05
96759: 2.06697e-05
96760: 2.06695e-05
96761: 2.06693e-05
96762: 2.06691e-05
96763: 2.06688e-05
96764: 2.06686e-05
96765: 2.06684e-05
96766: 2.06682e-05
96767: 2.0668e-05
96768: 2.06678e-05
96769: 2.06676e-05
96770: 2.06673e-05
96771: 2.06671e-05
96772: 2.06669e-05
96773: 2.06667e-05
96774: 2.06665e-05
96775: 2.06663e-05
96776: 2.06661e-05
96777: 2.06659e-05
96778: 2.06656e-05
96779: 2.06654e-05
96780: 2.06652e-05
96781: 2.0665e-05
96782: 2.06648e-05
96783: 2.06646e-05
96784: 2.06644e-05
96785: 2.06641e-05
96786: 2.06639e-05
96787: 2.06637e-05
96788: 2.06635e-05
96789: 2.06633e-05
96790: 2.06631e-05
96791: 2.06629e-05
96792: 2.06627e-05
96793: 2.06624e-05
96794: 2.06622e-05
96795: 2.0662e-05
96796: 2.06618e-05
96797: 2.06616e-05
96798: 2.06614e-05
96799: 2.06612e-05
96800: 2.06609e-05
96801: 2.06607e-05
96802: 2.06605e-05
96803: 2.06603e-05
96804: 2.06601e-05
96805: 2.06599e-05
96806: 2.06597e-05
96807: 2.06594e-05
96808: 2.06592e-05
96809: 2.0659e-05
96810: 2.06588e-05
96811: 2.06586e-05
96812: 2.06584e-05
96813: 2.06582e-05
96814: 2.0658e-05
96815: 2.06577e-05
96816: 2.06575e-05
96817: 2.06573e-05
96818: 2.06571e-05
96819: 2.06569e-05
96820: 2.06567e-05
96821: 2.06565e-05
96822: 2.06562e-05
96823: 2.0656e-05
96824: 2.06558e-05
96825: 2.06556e-05
96826: 2.06554e-05
96827: 2.06552e-05
96828: 2.0655e-05
96829: 2.06548e-05
96830: 2.06545e-05
96831: 2.06543e-05
96832: 2.06541e-05
96833: 2.06539e-05
96834: 2.06537e-05
96835: 2.06535e-05
96836: 2.06533e-05
96837: 2.0653e-05
96838: 2.06528e-05
96839: 2.06526e-05
96840: 2.06524e-05
96841: 2.06522e-05
96842: 2.0652e-05
96843: 2.06518e-05
96844: 2.06516e-05
96845: 2.06513e-05
96846: 2.06511e-05
96847: 2.06509e-05
96848: 2.06507e-05
96849: 2.06505e-05
96850: 2.06503e-05
96851: 2.06501e-05
96852: 2.06499e-05
96853: 2.06496e-05
96854: 2.06494e-05
96855: 2.06492e-05
96856: 2.0649e-05
96857: 2.06488e-05
96858: 2.06486e-05
96859: 2.06484e-05
96860: 2.06481e-05
96861: 2.06479e-05
96862: 2.06477e-05
96863: 2.06475e-05
96864: 2.06473e-05
96865: 2.06471e-05
96866: 2.06469e-05
96867: 2.06467e-05
96868: 2.06464e-05
96869: 2.06462e-05
96870: 2.0646e-05
96871: 2.06458e-05
96872: 2.06456e-05
96873: 2.06454e-05
96874: 2.06452e-05
96875: 2.06449e-05
96876: 2.06447e-05
96877: 2.06445e-05
96878: 2.06443e-05
96879: 2.06441e-05
96880: 2.06439e-05
96881: 2.06437e-05
96882: 2.06435e-05
96883: 2.06432e-05
96884: 2.0643e-05
96885: 2.06428e-05
96886: 2.06426e-05
96887: 2.06424e-05
96888: 2.06422e-05
96889: 2.0642e-05
96890: 2.06418e-05
96891: 2.06415e-05
96892: 2.06413e-05
96893: 2.06411e-05
96894: 2.06409e-05
96895: 2.06407e-05
96896: 2.06405e-05
96897: 2.06403e-05
96898: 2.064e-05
96899: 2.06398e-05
96900: 2.06396e-05
96901: 2.06394e-05
96902: 2.06392e-05
96903: 2.0639e-05
96904: 2.06388e-05
96905: 2.06386e-05
96906: 2.06383e-05
96907: 2.06381e-05
96908: 2.06379e-05
96909: 2.06377e-05
96910: 2.06375e-05
96911: 2.06373e-05
96912: 2.06371e-05
96913: 2.06369e-05
96914: 2.06366e-05
96915: 2.06364e-05
96916: 2.06362e-05
96917: 2.0636e-05
96918: 2.06358e-05
96919: 2.06356e-05
96920: 2.06354e-05
96921: 2.06351e-05
96922: 2.06349e-05
96923: 2.06347e-05
96924: 2.06345e-05
96925: 2.06343e-05
96926: 2.06341e-05
96927: 2.06339e-05
96928: 2.06337e-05
96929: 2.06334e-05
96930: 2.06332e-05
96931: 2.0633e-05
96932: 2.06328e-05
96933: 2.06326e-05
96934: 2.06324e-05
96935: 2.06322e-05
96936: 2.0632e-05
96937: 2.06317e-05
96938: 2.06315e-05
96939: 2.06313e-05
96940: 2.06311e-05
96941: 2.06309e-05
96942: 2.06307e-05
96943: 2.06305e-05
96944: 2.06303e-05
96945: 2.063e-05
96946: 2.06298e-05
96947: 2.06296e-05
96948: 2.06294e-05
96949: 2.06292e-05
96950: 2.0629e-05
96951: 2.06288e-05
96952: 2.06286e-05
96953: 2.06283e-05
96954: 2.06281e-05
96955: 2.06279e-05
96956: 2.06277e-05
96957: 2.06275e-05
96958: 2.06273e-05
96959: 2.06271e-05
96960: 2.06268e-05
96961: 2.06266e-05
96962: 2.06264e-05
96963: 2.06262e-05
96964: 2.0626e-05
96965: 2.06258e-05
96966: 2.06256e-05
96967: 2.06254e-05
96968: 2.06251e-05
96969: 2.06249e-05
96970: 2.06247e-05
96971: 2.06245e-05
96972: 2.06243e-05
96973: 2.06241e-05
96974: 2.06239e-05
96975: 2.06237e-05
96976: 2.06234e-05
96977: 2.06232e-05
96978: 2.0623e-05
96979: 2.06228e-05
96980: 2.06226e-05
96981: 2.06224e-05
96982: 2.06222e-05
96983: 2.0622e-05
96984: 2.06217e-05
96985: 2.06215e-05
96986: 2.06213e-05
96987: 2.06211e-05
96988: 2.06209e-05
96989: 2.06207e-05
96990: 2.06205e-05
96991: 2.06203e-05
96992: 2.062e-05
96993: 2.06198e-05
96994: 2.06196e-05
96995: 2.06194e-05
96996: 2.06192e-05
96997: 2.0619e-05
96998: 2.06188e-05
96999: 2.06186e-05
97000: 2.06183e-05
97001: 2.06181e-05
97002: 2.06179e-05
97003: 2.06177e-05
97004: 2.06175e-05
97005: 2.06173e-05
97006: 2.06171e-05
97007: 2.06169e-05
97008: 2.06166e-05
97009: 2.06164e-05
97010: 2.06162e-05
97011: 2.0616e-05
97012: 2.06158e-05
97013: 2.06156e-05
97014: 2.06154e-05
97015: 2.06152e-05
97016: 2.06149e-05
97017: 2.06147e-05
97018: 2.06145e-05
97019: 2.06143e-05
97020: 2.06141e-05
97021: 2.06139e-05
97022: 2.06137e-05
97023: 2.06135e-05
97024: 2.06132e-05
97025: 2.0613e-05
97026: 2.06128e-05
97027: 2.06126e-05
97028: 2.06124e-05
97029: 2.06122e-05
97030: 2.0612e-05
97031: 2.06118e-05
97032: 2.06115e-05
97033: 2.06113e-05
97034: 2.06111e-05
97035: 2.06109e-05
97036: 2.06107e-05
97037: 2.06105e-05
97038: 2.06103e-05
97039: 2.06101e-05
97040: 2.06098e-05
97041: 2.06096e-05
97042: 2.06094e-05
97043: 2.06092e-05
97044: 2.0609e-05
97045: 2.06088e-05
97046: 2.06086e-05
97047: 2.06084e-05
97048: 2.06081e-05
97049: 2.06079e-05
97050: 2.06077e-05
97051: 2.06075e-05
97052: 2.06073e-05
97053: 2.06071e-05
97054: 2.06069e-05
97055: 2.06067e-05
97056: 2.06064e-05
97057: 2.06062e-05
97058: 2.0606e-05
97059: 2.06058e-05
97060: 2.06056e-05
97061: 2.06054e-05
97062: 2.06052e-05
97063: 2.0605e-05
97064: 2.06047e-05
97065: 2.06045e-05
97066: 2.06043e-05
97067: 2.06041e-05
97068: 2.06039e-05
97069: 2.06037e-05
97070: 2.06035e-05
97071: 2.06033e-05
97072: 2.06031e-05
97073: 2.06028e-05
97074: 2.06026e-05
97075: 2.06024e-05
97076: 2.06022e-05
97077: 2.0602e-05
97078: 2.06018e-05
97079: 2.06016e-05
97080: 2.06014e-05
97081: 2.06011e-05
97082: 2.06009e-05
97083: 2.06007e-05
97084: 2.06005e-05
97085: 2.06003e-05
97086: 2.06001e-05
97087: 2.05999e-05
97088: 2.05997e-05
97089: 2.05994e-05
97090: 2.05992e-05
97091: 2.0599e-05
97092: 2.05988e-05
97093: 2.05986e-05
97094: 2.05984e-05
97095: 2.05982e-05
97096: 2.0598e-05
97097: 2.05977e-05
97098: 2.05975e-05
97099: 2.05973e-05
97100: 2.05971e-05
97101: 2.05969e-05
97102: 2.05967e-05
97103: 2.05965e-05
97104: 2.05963e-05
97105: 2.0596e-05
97106: 2.05958e-05
97107: 2.05956e-05
97108: 2.05954e-05
97109: 2.05952e-05
97110: 2.0595e-05
97111: 2.05948e-05
97112: 2.05946e-05
97113: 2.05944e-05
97114: 2.05941e-05
97115: 2.05939e-05
97116: 2.05937e-05
97117: 2.05935e-05
97118: 2.05933e-05
97119: 2.05931e-05
97120: 2.05929e-05
97121: 2.05927e-05
97122: 2.05924e-05
97123: 2.05922e-05
97124: 2.0592e-05
97125: 2.05918e-05
97126: 2.05916e-05
97127: 2.05914e-05
97128: 2.05912e-05
97129: 2.0591e-05
97130: 2.05907e-05
97131: 2.05905e-05
97132: 2.05903e-05
97133: 2.05901e-05
97134: 2.05899e-05
97135: 2.05897e-05
97136: 2.05895e-05
97137: 2.05893e-05
97138: 2.05891e-05
97139: 2.05888e-05
97140: 2.05886e-05
97141: 2.05884e-05
97142: 2.05882e-05
97143: 2.0588e-05
97144: 2.05878e-05
97145: 2.05876e-05
97146: 2.05874e-05
97147: 2.05871e-05
97148: 2.05869e-05
97149: 2.05867e-05
97150: 2.05865e-05
97151: 2.05863e-05
97152: 2.05861e-05
97153: 2.05859e-05
97154: 2.05857e-05
97155: 2.05855e-05
97156: 2.05852e-05
97157: 2.0585e-05
97158: 2.05848e-05
97159: 2.05846e-05
97160: 2.05844e-05
97161: 2.05842e-05
97162: 2.0584e-05
97163: 2.05838e-05
97164: 2.05835e-05
97165: 2.05833e-05
97166: 2.05831e-05
97167: 2.05829e-05
97168: 2.05827e-05
97169: 2.05825e-05
97170: 2.05823e-05
97171: 2.05821e-05
97172: 2.05818e-05
97173: 2.05816e-05
97174: 2.05814e-05
97175: 2.05812e-05
97176: 2.0581e-05
97177: 2.05808e-05
97178: 2.05806e-05
97179: 2.05804e-05
97180: 2.05802e-05
97181: 2.05799e-05
97182: 2.05797e-05
97183: 2.05795e-05
97184: 2.05793e-05
97185: 2.05791e-05
97186: 2.05789e-05
97187: 2.05787e-05
97188: 2.05785e-05
97189: 2.05782e-05
97190: 2.0578e-05
97191: 2.05778e-05
97192: 2.05776e-05
97193: 2.05774e-05
97194: 2.05772e-05
97195: 2.0577e-05
97196: 2.05768e-05
97197: 2.05766e-05
97198: 2.05763e-05
97199: 2.05761e-05
97200: 2.05759e-05
97201: 2.05757e-05
97202: 2.05755e-05
97203: 2.05753e-05
97204: 2.05751e-05
97205: 2.05749e-05
97206: 2.05746e-05
97207: 2.05744e-05
97208: 2.05742e-05
97209: 2.0574e-05
97210: 2.05738e-05
97211: 2.05736e-05
97212: 2.05734e-05
97213: 2.05732e-05
97214: 2.0573e-05
97215: 2.05727e-05
97216: 2.05725e-05
97217: 2.05723e-05
97218: 2.05721e-05
97219: 2.05719e-05
97220: 2.05717e-05
97221: 2.05715e-05
97222: 2.05713e-05
97223: 2.05711e-05
97224: 2.05708e-05
97225: 2.05706e-05
97226: 2.05704e-05
97227: 2.05702e-05
97228: 2.057e-05
97229: 2.05698e-05
97230: 2.05696e-05
97231: 2.05694e-05
97232: 2.05691e-05
97233: 2.05689e-05
97234: 2.05687e-05
97235: 2.05685e-05
97236: 2.05683e-05
97237: 2.05681e-05
97238: 2.05679e-05
97239: 2.05677e-05
97240: 2.05675e-05
97241: 2.05672e-05
97242: 2.0567e-05
97243: 2.05668e-05
97244: 2.05666e-05
97245: 2.05664e-05
97246: 2.05662e-05
97247: 2.0566e-05
97248: 2.05658e-05
97249: 2.05656e-05
97250: 2.05653e-05
97251: 2.05651e-05
97252: 2.05649e-05
97253: 2.05647e-05
97254: 2.05645e-05
97255: 2.05643e-05
97256: 2.05641e-05
97257: 2.05639e-05
97258: 2.05636e-05
97259: 2.05634e-05
97260: 2.05632e-05
97261: 2.0563e-05
97262: 2.05628e-05
97263: 2.05626e-05
97264: 2.05624e-05
97265: 2.05622e-05
97266: 2.0562e-05
97267: 2.05617e-05
97268: 2.05615e-05
97269: 2.05613e-05
97270: 2.05611e-05
97271: 2.05609e-05
97272: 2.05607e-05
97273: 2.05605e-05
97274: 2.05603e-05
97275: 2.05601e-05
97276: 2.05598e-05
97277: 2.05596e-05
97278: 2.05594e-05
97279: 2.05592e-05
97280: 2.0559e-05
97281: 2.05588e-05
97282: 2.05586e-05
97283: 2.05584e-05
97284: 2.05582e-05
97285: 2.05579e-05
97286: 2.05577e-05
97287: 2.05575e-05
97288: 2.05573e-05
97289: 2.05571e-05
97290: 2.05569e-05
97291: 2.05567e-05
97292: 2.05565e-05
97293: 2.05563e-05
97294: 2.0556e-05
97295: 2.05558e-05
97296: 2.05556e-05
97297: 2.05554e-05
97298: 2.05552e-05
97299: 2.0555e-05
97300: 2.05548e-05
97301: 2.05546e-05
97302: 2.05544e-05
97303: 2.05541e-05
97304: 2.05539e-05
97305: 2.05537e-05
97306: 2.05535e-05
97307: 2.05533e-05
97308: 2.05531e-05
97309: 2.05529e-05
97310: 2.05527e-05
97311: 2.05524e-05
97312: 2.05522e-05
97313: 2.0552e-05
97314: 2.05518e-05
97315: 2.05516e-05
97316: 2.05514e-05
97317: 2.05512e-05
97318: 2.0551e-05
97319: 2.05508e-05
97320: 2.05505e-05
97321: 2.05503e-05
97322: 2.05501e-05
97323: 2.05499e-05
97324: 2.05497e-05
97325: 2.05495e-05
97326: 2.05493e-05
97327: 2.05491e-05
97328: 2.05489e-05
97329: 2.05486e-05
97330: 2.05484e-05
97331: 2.05482e-05
97332: 2.0548e-05
97333: 2.05478e-05
97334: 2.05476e-05
97335: 2.05474e-05
97336: 2.05472e-05
97337: 2.0547e-05
97338: 2.05467e-05
97339: 2.05465e-05
97340: 2.05463e-05
97341: 2.05461e-05
97342: 2.05459e-05
97343: 2.05457e-05
97344: 2.05455e-05
97345: 2.05453e-05
97346: 2.05451e-05
97347: 2.05448e-05
97348: 2.05446e-05
97349: 2.05444e-05
97350: 2.05442e-05
97351: 2.0544e-05
97352: 2.05438e-05
97353: 2.05436e-05
97354: 2.05434e-05
97355: 2.05432e-05
97356: 2.0543e-05
97357: 2.05427e-05
97358: 2.05425e-05
97359: 2.05423e-05
97360: 2.05421e-05
97361: 2.05419e-05
97362: 2.05417e-05
97363: 2.05415e-05
97364: 2.05413e-05
97365: 2.05411e-05
97366: 2.05408e-05
97367: 2.05406e-05
97368: 2.05404e-05
97369: 2.05402e-05
97370: 2.054e-05
97371: 2.05398e-05
97372: 2.05396e-05
97373: 2.05394e-05
97374: 2.05392e-05
97375: 2.05389e-05
97376: 2.05387e-05
97377: 2.05385e-05
97378: 2.05383e-05
97379: 2.05381e-05
97380: 2.05379e-05
97381: 2.05377e-05
97382: 2.05375e-05
97383: 2.05373e-05
97384: 2.0537e-05
97385: 2.05368e-05
97386: 2.05366e-05
97387: 2.05364e-05
97388: 2.05362e-05
97389: 2.0536e-05
97390: 2.05358e-05
97391: 2.05356e-05
97392: 2.05354e-05
97393: 2.05351e-05
97394: 2.05349e-05
97395: 2.05347e-05
97396: 2.05345e-05
97397: 2.05343e-05
97398: 2.05341e-05
97399: 2.05339e-05
97400: 2.05337e-05
97401: 2.05335e-05
97402: 2.05332e-05
97403: 2.0533e-05
97404: 2.05328e-05
97405: 2.05326e-05
97406: 2.05324e-05
97407: 2.05322e-05
97408: 2.0532e-05
97409: 2.05318e-05
97410: 2.05316e-05
97411: 2.05314e-05
97412: 2.05311e-05
97413: 2.05309e-05
97414: 2.05307e-05
97415: 2.05305e-05
97416: 2.05303e-05
97417: 2.05301e-05
97418: 2.05299e-05
97419: 2.05297e-05
97420: 2.05295e-05
97421: 2.05292e-05
97422: 2.0529e-05
97423: 2.05288e-05
97424: 2.05286e-05
97425: 2.05284e-05
97426: 2.05282e-05
97427: 2.0528e-05
97428: 2.05278e-05
97429: 2.05276e-05
97430: 2.05273e-05
97431: 2.05271e-05
97432: 2.05269e-05
97433: 2.05267e-05
97434: 2.05265e-05
97435: 2.05263e-05
97436: 2.05261e-05
97437: 2.05259e-05
97438: 2.05257e-05
97439: 2.05255e-05
97440: 2.05252e-05
97441: 2.0525e-05
97442: 2.05248e-05
97443: 2.05246e-05
97444: 2.05244e-05
97445: 2.05242e-05
97446: 2.0524e-05
97447: 2.05238e-05
97448: 2.05236e-05
97449: 2.05233e-05
97450: 2.05231e-05
97451: 2.05229e-05
97452: 2.05227e-05
97453: 2.05225e-05
97454: 2.05223e-05
97455: 2.05221e-05
97456: 2.05219e-05
97457: 2.05217e-05
97458: 2.05215e-05
97459: 2.05212e-05
97460: 2.0521e-05
97461: 2.05208e-05
97462: 2.05206e-05
97463: 2.05204e-05
97464: 2.05202e-05
97465: 2.052e-05
97466: 2.05198e-05
97467: 2.05196e-05
97468: 2.05193e-05
97469: 2.05191e-05
97470: 2.05189e-05
97471: 2.05187e-05
97472: 2.05185e-05
97473: 2.05183e-05
97474: 2.05181e-05
97475: 2.05179e-05
97476: 2.05177e-05
97477: 2.05175e-05
97478: 2.05172e-05
97479: 2.0517e-05
97480: 2.05168e-05
97481: 2.05166e-05
97482: 2.05164e-05
97483: 2.05162e-05
97484: 2.0516e-05
97485: 2.05158e-05
97486: 2.05156e-05
97487: 2.05153e-05
97488: 2.05151e-05
97489: 2.05149e-05
97490: 2.05147e-05
97491: 2.05145e-05
97492: 2.05143e-05
97493: 2.05141e-05
97494: 2.05139e-05
97495: 2.05137e-05
97496: 2.05135e-05
97497: 2.05132e-05
97498: 2.0513e-05
97499: 2.05128e-05
97500: 2.05126e-05
97501: 2.05124e-05
97502: 2.05122e-05
97503: 2.0512e-05
97504: 2.05118e-05
97505: 2.05116e-05
97506: 2.05113e-05
97507: 2.05111e-05
97508: 2.05109e-05
97509: 2.05107e-05
97510: 2.05105e-05
97511: 2.05103e-05
97512: 2.05101e-05
97513: 2.05099e-05
97514: 2.05097e-05
97515: 2.05095e-05
97516: 2.05092e-05
97517: 2.0509e-05
97518: 2.05088e-05
97519: 2.05086e-05
97520: 2.05084e-05
97521: 2.05082e-05
97522: 2.0508e-05
97523: 2.05078e-05
97524: 2.05076e-05
97525: 2.05074e-05
97526: 2.05071e-05
97527: 2.05069e-05
97528: 2.05067e-05
97529: 2.05065e-05
97530: 2.05063e-05
97531: 2.05061e-05
97532: 2.05059e-05
97533: 2.05057e-05
97534: 2.05055e-05
97535: 2.05052e-05
97536: 2.0505e-05
97537: 2.05048e-05
97538: 2.05046e-05
97539: 2.05044e-05
97540: 2.05042e-05
97541: 2.0504e-05
97542: 2.05038e-05
97543: 2.05036e-05
97544: 2.05034e-05
97545: 2.05031e-05
97546: 2.05029e-05
97547: 2.05027e-05
97548: 2.05025e-05
97549: 2.05023e-05
97550: 2.05021e-05
97551: 2.05019e-05
97552: 2.05017e-05
97553: 2.05015e-05
97554: 2.05013e-05
97555: 2.0501e-05
97556: 2.05008e-05
97557: 2.05006e-05
97558: 2.05004e-05
97559: 2.05002e-05
97560: 2.05e-05
97561: 2.04998e-05
97562: 2.04996e-05
97563: 2.04994e-05
97564: 2.04992e-05
97565: 2.04989e-05
97566: 2.04987e-05
97567: 2.04985e-05
97568: 2.04983e-05
97569: 2.04981e-05
97570: 2.04979e-05
97571: 2.04977e-05
97572: 2.04975e-05
97573: 2.04973e-05
97574: 2.04971e-05
97575: 2.04968e-05
97576: 2.04966e-05
97577: 2.04964e-05
97578: 2.04962e-05
97579: 2.0496e-05
97580: 2.04958e-05
97581: 2.04956e-05
97582: 2.04954e-05
97583: 2.04952e-05
97584: 2.0495e-05
97585: 2.04947e-05
97586: 2.04945e-05
97587: 2.04943e-05
97588: 2.04941e-05
97589: 2.04939e-05
97590: 2.04937e-05
97591: 2.04935e-05
97592: 2.04933e-05
97593: 2.04931e-05
97594: 2.04929e-05
97595: 2.04926e-05
97596: 2.04924e-05
97597: 2.04922e-05
97598: 2.0492e-05
97599: 2.04918e-05
97600: 2.04916e-05
97601: 2.04914e-05
97602: 2.04912e-05
97603: 2.0491e-05
97604: 2.04908e-05
97605: 2.04905e-05
97606: 2.04903e-05
97607: 2.04901e-05
97608: 2.04899e-05
97609: 2.04897e-05
97610: 2.04895e-05
97611: 2.04893e-05
97612: 2.04891e-05
97613: 2.04889e-05
97614: 2.04887e-05
97615: 2.04884e-05
97616: 2.04882e-05
97617: 2.0488e-05
97618: 2.04878e-05
97619: 2.04876e-05
97620: 2.04874e-05
97621: 2.04872e-05
97622: 2.0487e-05
97623: 2.04868e-05
97624: 2.04866e-05
97625: 2.04863e-05
97626: 2.04861e-05
97627: 2.04859e-05
97628: 2.04857e-05
97629: 2.04855e-05
97630: 2.04853e-05
97631: 2.04851e-05
97632: 2.04849e-05
97633: 2.04847e-05
97634: 2.04845e-05
97635: 2.04842e-05
97636: 2.0484e-05
97637: 2.04838e-05
97638: 2.04836e-05
97639: 2.04834e-05
97640: 2.04832e-05
97641: 2.0483e-05
97642: 2.04828e-05
97643: 2.04826e-05
97644: 2.04824e-05
97645: 2.04821e-05
97646: 2.04819e-05
97647: 2.04817e-05
97648: 2.04815e-05
97649: 2.04813e-05
97650: 2.04811e-05
97651: 2.04809e-05
97652: 2.04807e-05
97653: 2.04805e-05
97654: 2.04803e-05
97655: 2.04801e-05
97656: 2.04798e-05
97657: 2.04796e-05
97658: 2.04794e-05
97659: 2.04792e-05
97660: 2.0479e-05
97661: 2.04788e-05
97662: 2.04786e-05
97663: 2.04784e-05
97664: 2.04782e-05
97665: 2.0478e-05
97666: 2.04777e-05
97667: 2.04775e-05
97668: 2.04773e-05
97669: 2.04771e-05
97670: 2.04769e-05
97671: 2.04767e-05
97672: 2.04765e-05
97673: 2.04763e-05
97674: 2.04761e-05
97675: 2.04759e-05
97676: 2.04756e-05
97677: 2.04754e-05
97678: 2.04752e-05
97679: 2.0475e-05
97680: 2.04748e-05
97681: 2.04746e-05
97682: 2.04744e-05
97683: 2.04742e-05
97684: 2.0474e-05
97685: 2.04738e-05
97686: 2.04736e-05
97687: 2.04733e-05
97688: 2.04731e-05
97689: 2.04729e-05
97690: 2.04727e-05
97691: 2.04725e-05
97692: 2.04723e-05
97693: 2.04721e-05
97694: 2.04719e-05
97695: 2.04717e-05
97696: 2.04715e-05
97697: 2.04712e-05
97698: 2.0471e-05
97699: 2.04708e-05
97700: 2.04706e-05
97701: 2.04704e-05
97702: 2.04702e-05
97703: 2.047e-05
97704: 2.04698e-05
97705: 2.04696e-05
97706: 2.04694e-05
97707: 2.04692e-05
97708: 2.04689e-05
97709: 2.04687e-05
97710: 2.04685e-05
97711: 2.04683e-05
97712: 2.04681e-05
97713: 2.04679e-05
97714: 2.04677e-05
97715: 2.04675e-05
97716: 2.04673e-05
97717: 2.04671e-05
97718: 2.04668e-05
97719: 2.04666e-05
97720: 2.04664e-05
97721: 2.04662e-05
97722: 2.0466e-05
97723: 2.04658e-05
97724: 2.04656e-05
97725: 2.04654e-05
97726: 2.04652e-05
97727: 2.0465e-05
97728: 2.04648e-05
97729: 2.04645e-05
97730: 2.04643e-05
97731: 2.04641e-05
97732: 2.04639e-05
97733: 2.04637e-05
97734: 2.04635e-05
97735: 2.04633e-05
97736: 2.04631e-05
97737: 2.04629e-05
97738: 2.04627e-05
97739: 2.04625e-05
97740: 2.04622e-05
97741: 2.0462e-05
97742: 2.04618e-05
97743: 2.04616e-05
97744: 2.04614e-05
97745: 2.04612e-05
97746: 2.0461e-05
97747: 2.04608e-05
97748: 2.04606e-05
97749: 2.04604e-05
97750: 2.04601e-05
97751: 2.04599e-05
97752: 2.04597e-05
97753: 2.04595e-05
97754: 2.04593e-05
97755: 2.04591e-05
97756: 2.04589e-05
97757: 2.04587e-05
97758: 2.04585e-05
97759: 2.04583e-05
97760: 2.04581e-05
97761: 2.04578e-05
97762: 2.04576e-05
97763: 2.04574e-05
97764: 2.04572e-05
97765: 2.0457e-05
97766: 2.04568e-05
97767: 2.04566e-05
97768: 2.04564e-05
97769: 2.04562e-05
97770: 2.0456e-05
97771: 2.04558e-05
97772: 2.04555e-05
97773: 2.04553e-05
97774: 2.04551e-05
97775: 2.04549e-05
97776: 2.04547e-05
97777: 2.04545e-05
97778: 2.04543e-05
97779: 2.04541e-05
97780: 2.04539e-05
97781: 2.04537e-05
97782: 2.04535e-05
97783: 2.04532e-05
97784: 2.0453e-05
97785: 2.04528e-05
97786: 2.04526e-05
97787: 2.04524e-05
97788: 2.04522e-05
97789: 2.0452e-05
97790: 2.04518e-05
97791: 2.04516e-05
97792: 2.04514e-05
97793: 2.04512e-05
97794: 2.04509e-05
97795: 2.04507e-05
97796: 2.04505e-05
97797: 2.04503e-05
97798: 2.04501e-05
97799: 2.04499e-05
97800: 2.04497e-05
97801: 2.04495e-05
97802: 2.04493e-05
97803: 2.04491e-05
97804: 2.04489e-05
97805: 2.04486e-05
97806: 2.04484e-05
97807: 2.04482e-05
97808: 2.0448e-05
97809: 2.04478e-05
97810: 2.04476e-05
97811: 2.04474e-05
97812: 2.04472e-05
97813: 2.0447e-05
97814: 2.04468e-05
97815: 2.04466e-05
97816: 2.04463e-05
97817: 2.04461e-05
97818: 2.04459e-05
97819: 2.04457e-05
97820: 2.04455e-05
97821: 2.04453e-05
97822: 2.04451e-05
97823: 2.04449e-05
97824: 2.04447e-05
97825: 2.04445e-05
97826: 2.04443e-05
97827: 2.0444e-05
97828: 2.04438e-05
97829: 2.04436e-05
97830: 2.04434e-05
97831: 2.04432e-05
97832: 2.0443e-05
97833: 2.04428e-05
97834: 2.04426e-05
97835: 2.04424e-05
97836: 2.04422e-05
97837: 2.0442e-05
97838: 2.04417e-05
97839: 2.04415e-05
97840: 2.04413e-05
97841: 2.04411e-05
97842: 2.04409e-05
97843: 2.04407e-05
97844: 2.04405e-05
97845: 2.04403e-05
97846: 2.04401e-05
97847: 2.04399e-05
97848: 2.04397e-05
97849: 2.04394e-05
97850: 2.04392e-05
97851: 2.0439e-05
97852: 2.04388e-05
97853: 2.04386e-05
97854: 2.04384e-05
97855: 2.04382e-05
97856: 2.0438e-05
97857: 2.04378e-05
97858: 2.04376e-05
97859: 2.04374e-05
97860: 2.04372e-05
97861: 2.04369e-05
97862: 2.04367e-05
97863: 2.04365e-05
97864: 2.04363e-05
97865: 2.04361e-05
97866: 2.04359e-05
97867: 2.04357e-05
97868: 2.04355e-05
97869: 2.04353e-05
97870: 2.04351e-05
97871: 2.04349e-05
97872: 2.04346e-05
97873: 2.04344e-05
97874: 2.04342e-05
97875: 2.0434e-05
97876: 2.04338e-05
97877: 2.04336e-05
97878: 2.04334e-05
97879: 2.04332e-05
97880: 2.0433e-05
97881: 2.04328e-05
97882: 2.04326e-05
97883: 2.04323e-05
97884: 2.04321e-05
97885: 2.04319e-05
97886: 2.04317e-05
97887: 2.04315e-05
97888: 2.04313e-05
97889: 2.04311e-05
97890: 2.04309e-05
97891: 2.04307e-05
97892: 2.04305e-05
97893: 2.04303e-05
97894: 2.04301e-05
97895: 2.04298e-05
97896: 2.04296e-05
97897: 2.04294e-05
97898: 2.04292e-05
97899: 2.0429e-05
97900: 2.04288e-05
97901: 2.04286e-05
97902: 2.04284e-05
97903: 2.04282e-05
97904: 2.0428e-05
97905: 2.04278e-05
97906: 2.04275e-05
97907: 2.04273e-05
97908: 2.04271e-05
97909: 2.04269e-05
97910: 2.04267e-05
97911: 2.04265e-05
97912: 2.04263e-05
97913: 2.04261e-05
97914: 2.04259e-05
97915: 2.04257e-05
97916: 2.04255e-05
97917: 2.04253e-05
97918: 2.0425e-05
97919: 2.04248e-05
97920: 2.04246e-05
97921: 2.04244e-05
97922: 2.04242e-05
97923: 2.0424e-05
97924: 2.04238e-05
97925: 2.04236e-05
97926: 2.04234e-05
97927: 2.04232e-05
97928: 2.0423e-05
97929: 2.04228e-05
97930: 2.04225e-05
97931: 2.04223e-05
97932: 2.04221e-05
97933: 2.04219e-05
97934: 2.04217e-05
97935: 2.04215e-05
97936: 2.04213e-05
97937: 2.04211e-05
97938: 2.04209e-05
97939: 2.04207e-05
97940: 2.04205e-05
97941: 2.04202e-05
97942: 2.042e-05
97943: 2.04198e-05
97944: 2.04196e-05
97945: 2.04194e-05
97946: 2.04192e-05
97947: 2.0419e-05
97948: 2.04188e-05
97949: 2.04186e-05
97950: 2.04184e-05
97951: 2.04182e-05
97952: 2.0418e-05
97953: 2.04177e-05
97954: 2.04175e-05
97955: 2.04173e-05
97956: 2.04171e-05
97957: 2.04169e-05
97958: 2.04167e-05
97959: 2.04165e-05
97960: 2.04163e-05
97961: 2.04161e-05
97962: 2.04159e-05
97963: 2.04157e-05
97964: 2.04155e-05
97965: 2.04152e-05
97966: 2.0415e-05
97967: 2.04148e-05
97968: 2.04146e-05
97969: 2.04144e-05
97970: 2.04142e-05
97971: 2.0414e-05
97972: 2.04138e-05
97973: 2.04136e-05
97974: 2.04134e-05
97975: 2.04132e-05
97976: 2.0413e-05
97977: 2.04127e-05
97978: 2.04125e-05
97979: 2.04123e-05
97980: 2.04121e-05
97981: 2.04119e-05
97982: 2.04117e-05
97983: 2.04115e-05
97984: 2.04113e-05
97985: 2.04111e-05
97986: 2.04109e-05
97987: 2.04107e-05
97988: 2.04105e-05
97989: 2.04102e-05
97990: 2.041e-05
97991: 2.04098e-05
97992: 2.04096e-05
97993: 2.04094e-05
97994: 2.04092e-05
97995: 2.0409e-05
97996: 2.04088e-05
97997: 2.04086e-05
97998: 2.04084e-05
97999: 2.04082e-05
98000: 2.0408e-05
98001: 2.04077e-05
98002: 2.04075e-05
98003: 2.04073e-05
98004: 2.04071e-05
98005: 2.04069e-05
98006: 2.04067e-05
98007: 2.04065e-05
98008: 2.04063e-05
98009: 2.04061e-05
98010: 2.04059e-05
98011: 2.04057e-05
98012: 2.04055e-05
98013: 2.04052e-05
98014: 2.0405e-05
98015: 2.04048e-05
98016: 2.04046e-05
98017: 2.04044e-05
98018: 2.04042e-05
98019: 2.0404e-05
98020: 2.04038e-05
98021: 2.04036e-05
98022: 2.04034e-05
98023: 2.04032e-05
98024: 2.0403e-05
98025: 2.04028e-05
98026: 2.04025e-05
98027: 2.04023e-05
98028: 2.04021e-05
98029: 2.04019e-05
98030: 2.04017e-05
98031: 2.04015e-05
98032: 2.04013e-05
98033: 2.04011e-05
98034: 2.04009e-05
98035: 2.04007e-05
98036: 2.04005e-05
98037: 2.04003e-05
98038: 2.04e-05
98039: 2.03998e-05
98040: 2.03996e-05
98041: 2.03994e-05
98042: 2.03992e-05
98043: 2.0399e-05
98044: 2.03988e-05
98045: 2.03986e-05
98046: 2.03984e-05
98047: 2.03982e-05
98048: 2.0398e-05
98049: 2.03978e-05
98050: 2.03975e-05
98051: 2.03973e-05
98052: 2.03971e-05
98053: 2.03969e-05
98054: 2.03967e-05
98055: 2.03965e-05
98056: 2.03963e-05
98057: 2.03961e-05
98058: 2.03959e-05
98059: 2.03957e-05
98060: 2.03955e-05
98061: 2.03953e-05
98062: 2.03951e-05
98063: 2.03948e-05
98064: 2.03946e-05
98065: 2.03944e-05
98066: 2.03942e-05
98067: 2.0394e-05
98068: 2.03938e-05
98069: 2.03936e-05
98070: 2.03934e-05
98071: 2.03932e-05
98072: 2.0393e-05
98073: 2.03928e-05
98074: 2.03926e-05
98075: 2.03923e-05
98076: 2.03921e-05
98077: 2.03919e-05
98078: 2.03917e-05
98079: 2.03915e-05
98080: 2.03913e-05
98081: 2.03911e-05
98082: 2.03909e-05
98083: 2.03907e-05
98084: 2.03905e-05
98085: 2.03903e-05
98086: 2.03901e-05
98087: 2.03899e-05
98088: 2.03896e-05
98089: 2.03894e-05
98090: 2.03892e-05
98091: 2.0389e-05
98092: 2.03888e-05
98093: 2.03886e-05
98094: 2.03884e-05
98095: 2.03882e-05
98096: 2.0388e-05
98097: 2.03878e-05
98098: 2.03876e-05
98099: 2.03874e-05
98100: 2.03872e-05
98101: 2.03869e-05
98102: 2.03867e-05
98103: 2.03865e-05
98104: 2.03863e-05
98105: 2.03861e-05
98106: 2.03859e-05
98107: 2.03857e-05
98108: 2.03855e-05
98109: 2.03853e-05
98110: 2.03851e-05
98111: 2.03849e-05
98112: 2.03847e-05
98113: 2.03845e-05
98114: 2.03842e-05
98115: 2.0384e-05
98116: 2.03838e-05
98117: 2.03836e-05
98118: 2.03834e-05
98119: 2.03832e-05
98120: 2.0383e-05
98121: 2.03828e-05
98122: 2.03826e-05
98123: 2.03824e-05
98124: 2.03822e-05
98125: 2.0382e-05
98126: 2.03818e-05
98127: 2.03815e-05
98128: 2.03813e-05
98129: 2.03811e-05
98130: 2.03809e-05
98131: 2.03807e-05
98132: 2.03805e-05
98133: 2.03803e-05
98134: 2.03801e-05
98135: 2.03799e-05
98136: 2.03797e-05
98137: 2.03795e-05
98138: 2.03793e-05
98139: 2.03791e-05
98140: 2.03788e-05
98141: 2.03786e-05
98142: 2.03784e-05
98143: 2.03782e-05
98144: 2.0378e-05
98145: 2.03778e-05
98146: 2.03776e-05
98147: 2.03774e-05
98148: 2.03772e-05
98149: 2.0377e-05
98150: 2.03768e-05
98151: 2.03766e-05
98152: 2.03764e-05
98153: 2.03761e-05
98154: 2.03759e-05
98155: 2.03757e-05
98156: 2.03755e-05
98157: 2.03753e-05
98158: 2.03751e-05
98159: 2.03749e-05
98160: 2.03747e-05
98161: 2.03745e-05
98162: 2.03743e-05
98163: 2.03741e-05
98164: 2.03739e-05
98165: 2.03737e-05
98166: 2.03734e-05
98167: 2.03732e-05
98168: 2.0373e-05
98169: 2.03728e-05
98170: 2.03726e-05
98171: 2.03724e-05
98172: 2.03722e-05
98173: 2.0372e-05
98174: 2.03718e-05
98175: 2.03716e-05
98176: 2.03714e-05
98177: 2.03712e-05
98178: 2.0371e-05
98179: 2.03707e-05
98180: 2.03705e-05
98181: 2.03703e-05
98182: 2.03701e-05
98183: 2.03699e-05
98184: 2.03697e-05
98185: 2.03695e-05
98186: 2.03693e-05
98187: 2.03691e-05
98188: 2.03689e-05
98189: 2.03687e-05
98190: 2.03685e-05
98191: 2.03683e-05
98192: 2.03681e-05
98193: 2.03678e-05
98194: 2.03676e-05
98195: 2.03674e-05
98196: 2.03672e-05
98197: 2.0367e-05
98198: 2.03668e-05
98199: 2.03666e-05
98200: 2.03664e-05
98201: 2.03662e-05
98202: 2.0366e-05
98203: 2.03658e-05
98204: 2.03656e-05
98205: 2.03654e-05
98206: 2.03651e-05
98207: 2.03649e-05
98208: 2.03647e-05
98209: 2.03645e-05
98210: 2.03643e-05
98211: 2.03641e-05
98212: 2.03639e-05
98213: 2.03637e-05
98214: 2.03635e-05
98215: 2.03633e-05
98216: 2.03631e-05
98217: 2.03629e-05
98218: 2.03627e-05
98219: 2.03625e-05
98220: 2.03622e-05
98221: 2.0362e-05
98222: 2.03618e-05
98223: 2.03616e-05
98224: 2.03614e-05
98225: 2.03612e-05
98226: 2.0361e-05
98227: 2.03608e-05
98228: 2.03606e-05
98229: 2.03604e-05
98230: 2.03602e-05
98231: 2.036e-05
98232: 2.03598e-05
98233: 2.03595e-05
98234: 2.03593e-05
98235: 2.03591e-05
98236: 2.03589e-05
98237: 2.03587e-05
98238: 2.03585e-05
98239: 2.03583e-05
98240: 2.03581e-05
98241: 2.03579e-05
98242: 2.03577e-05
98243: 2.03575e-05
98244: 2.03573e-05
98245: 2.03571e-05
98246: 2.03569e-05
98247: 2.03566e-05
98248: 2.03564e-05
98249: 2.03562e-05
98250: 2.0356e-05
98251: 2.03558e-05
98252: 2.03556e-05
98253: 2.03554e-05
98254: 2.03552e-05
98255: 2.0355e-05
98256: 2.03548e-05
98257: 2.03546e-05
98258: 2.03544e-05
98259: 2.03542e-05
98260: 2.0354e-05
98261: 2.03537e-05
98262: 2.03535e-05
98263: 2.03533e-05
98264: 2.03531e-05
98265: 2.03529e-05
98266: 2.03527e-05
98267: 2.03525e-05
98268: 2.03523e-05
98269: 2.03521e-05
98270: 2.03519e-05
98271: 2.03517e-05
98272: 2.03515e-05
98273: 2.03513e-05
98274: 2.03511e-05
98275: 2.03508e-05
98276: 2.03506e-05
98277: 2.03504e-05
98278: 2.03502e-05
98279: 2.035e-05
98280: 2.03498e-05
98281: 2.03496e-05
98282: 2.03494e-05
98283: 2.03492e-05
98284: 2.0349e-05
98285: 2.03488e-05
98286: 2.03486e-05
98287: 2.03484e-05
98288: 2.03482e-05
98289: 2.03479e-05
98290: 2.03477e-05
98291: 2.03475e-05
98292: 2.03473e-05
98293: 2.03471e-05
98294: 2.03469e-05
98295: 2.03467e-05
98296: 2.03465e-05
98297: 2.03463e-05
98298: 2.03461e-05
98299: 2.03459e-05
98300: 2.03457e-05
98301: 2.03455e-05
98302: 2.03453e-05
98303: 2.03451e-05
98304: 2.03448e-05
98305: 2.03446e-05
98306: 2.03444e-05
98307: 2.03442e-05
98308: 2.0344e-05
98309: 2.03438e-05
98310: 2.03436e-05
98311: 2.03434e-05
98312: 2.03432e-05
98313: 2.0343e-05
98314: 2.03428e-05
98315: 2.03426e-05
98316: 2.03424e-05
98317: 2.03422e-05
98318: 2.03419e-05
98319: 2.03417e-05
98320: 2.03415e-05
98321: 2.03413e-05
98322: 2.03411e-05
98323: 2.03409e-05
98324: 2.03407e-05
98325: 2.03405e-05
98326: 2.03403e-05
98327: 2.03401e-05
98328: 2.03399e-05
98329: 2.03397e-05
98330: 2.03395e-05
98331: 2.03393e-05
98332: 2.03391e-05
98333: 2.03388e-05
98334: 2.03386e-05
98335: 2.03384e-05
98336: 2.03382e-05
98337: 2.0338e-05
98338: 2.03378e-05
98339: 2.03376e-05
98340: 2.03374e-05
98341: 2.03372e-05
98342: 2.0337e-05
98343: 2.03368e-05
98344: 2.03366e-05
98345: 2.03364e-05
98346: 2.03362e-05
98347: 2.03359e-05
98348: 2.03357e-05
98349: 2.03355e-05
98350: 2.03353e-05
98351: 2.03351e-05
98352: 2.03349e-05
98353: 2.03347e-05
98354: 2.03345e-05
98355: 2.03343e-05
98356: 2.03341e-05
98357: 2.03339e-05
98358: 2.03337e-05
98359: 2.03335e-05
98360: 2.03333e-05
98361: 2.03331e-05
98362: 2.03328e-05
98363: 2.03326e-05
98364: 2.03324e-05
98365: 2.03322e-05
98366: 2.0332e-05
98367: 2.03318e-05
98368: 2.03316e-05
98369: 2.03314e-05
98370: 2.03312e-05
98371: 2.0331e-05
98372: 2.03308e-05
98373: 2.03306e-05
98374: 2.03304e-05
98375: 2.03302e-05
98376: 2.033e-05
98377: 2.03297e-05
98378: 2.03295e-05
98379: 2.03293e-05
98380: 2.03291e-05
98381: 2.03289e-05
98382: 2.03287e-05
98383: 2.03285e-05
98384: 2.03283e-05
98385: 2.03281e-05
98386: 2.03279e-05
98387: 2.03277e-05
98388: 2.03275e-05
98389: 2.03273e-05
98390: 2.03271e-05
98391: 2.03269e-05
98392: 2.03266e-05
98393: 2.03264e-05
98394: 2.03262e-05
98395: 2.0326e-05
98396: 2.03258e-05
98397: 2.03256e-05
98398: 2.03254e-05
98399: 2.03252e-05
98400: 2.0325e-05
98401: 2.03248e-05
98402: 2.03246e-05
98403: 2.03244e-05
98404: 2.03242e-05
98405: 2.0324e-05
98406: 2.03238e-05
98407: 2.03236e-05
98408: 2.03233e-05
98409: 2.03231e-05
98410: 2.03229e-05
98411: 2.03227e-05
98412: 2.03225e-05
98413: 2.03223e-05
98414: 2.03221e-05
98415: 2.03219e-05
98416: 2.03217e-05
98417: 2.03215e-05
98418: 2.03213e-05
98419: 2.03211e-05
98420: 2.03209e-05
98421: 2.03207e-05
98422: 2.03205e-05
98423: 2.03202e-05
98424: 2.032e-05
98425: 2.03198e-05
98426: 2.03196e-05
98427: 2.03194e-05
98428: 2.03192e-05
98429: 2.0319e-05
98430: 2.03188e-05
98431: 2.03186e-05
98432: 2.03184e-05
98433: 2.03182e-05
98434: 2.0318e-05
98435: 2.03178e-05
98436: 2.03176e-05
98437: 2.03174e-05
98438: 2.03172e-05
98439: 2.03169e-05
98440: 2.03167e-05
98441: 2.03165e-05
98442: 2.03163e-05
98443: 2.03161e-05
98444: 2.03159e-05
98445: 2.03157e-05
98446: 2.03155e-05
98447: 2.03153e-05
98448: 2.03151e-05
98449: 2.03149e-05
98450: 2.03147e-05
98451: 2.03145e-05
98452: 2.03143e-05
98453: 2.03141e-05
98454: 2.03138e-05
98455: 2.03136e-05
98456: 2.03134e-05
98457: 2.03132e-05
98458: 2.0313e-05
98459: 2.03128e-05
98460: 2.03126e-05
98461: 2.03124e-05
98462: 2.03122e-05
98463: 2.0312e-05
98464: 2.03118e-05
98465: 2.03116e-05
98466: 2.03114e-05
98467: 2.03112e-05
98468: 2.0311e-05
98469: 2.03108e-05
98470: 2.03105e-05
98471: 2.03103e-05
98472: 2.03101e-05
98473: 2.03099e-05
98474: 2.03097e-05
98475: 2.03095e-05
98476: 2.03093e-05
98477: 2.03091e-05
98478: 2.03089e-05
98479: 2.03087e-05
98480: 2.03085e-05
98481: 2.03083e-05
98482: 2.03081e-05
98483: 2.03079e-05
98484: 2.03077e-05
98485: 2.03075e-05
98486: 2.03072e-05
98487: 2.0307e-05
98488: 2.03068e-05
98489: 2.03066e-05
98490: 2.03064e-05
98491: 2.03062e-05
98492: 2.0306e-05
98493: 2.03058e-05
98494: 2.03056e-05
98495: 2.03054e-05
98496: 2.03052e-05
98497: 2.0305e-05
98498: 2.03048e-05
98499: 2.03046e-05
98500: 2.03044e-05
98501: 2.03042e-05
98502: 2.0304e-05
98503: 2.03037e-05
98504: 2.03035e-05
98505: 2.03033e-05
98506: 2.03031e-05
98507: 2.03029e-05
98508: 2.03027e-05
98509: 2.03025e-05
98510: 2.03023e-05
98511: 2.03021e-05
98512: 2.03019e-05
98513: 2.03017e-05
98514: 2.03015e-05
98515: 2.03013e-05
98516: 2.03011e-05
98517: 2.03009e-05
98518: 2.03007e-05
98519: 2.03004e-05
98520: 2.03002e-05
98521: 2.03e-05
98522: 2.02998e-05
98523: 2.02996e-05
98524: 2.02994e-05
98525: 2.02992e-05
98526: 2.0299e-05
98527: 2.02988e-05
98528: 2.02986e-05
98529: 2.02984e-05
98530: 2.02982e-05
98531: 2.0298e-05
98532: 2.02978e-05
98533: 2.02976e-05
98534: 2.02974e-05
98535: 2.02972e-05
98536: 2.02969e-05
98537: 2.02967e-05
98538: 2.02965e-05
98539: 2.02963e-05
98540: 2.02961e-05
98541: 2.02959e-05
98542: 2.02957e-05
98543: 2.02955e-05
98544: 2.02953e-05
98545: 2.02951e-05
98546: 2.02949e-05
98547: 2.02947e-05
98548: 2.02945e-05
98549: 2.02943e-05
98550: 2.02941e-05
98551: 2.02939e-05
98552: 2.02936e-05
98553: 2.02934e-05
98554: 2.02932e-05
98555: 2.0293e-05
98556: 2.02928e-05
98557: 2.02926e-05
98558: 2.02924e-05
98559: 2.02922e-05
98560: 2.0292e-05
98561: 2.02918e-05
98562: 2.02916e-05
98563: 2.02914e-05
98564: 2.02912e-05
98565: 2.0291e-05
98566: 2.02908e-05
98567: 2.02906e-05
98568: 2.02904e-05
98569: 2.02901e-05
98570: 2.02899e-05
98571: 2.02897e-05
98572: 2.02895e-05
98573: 2.02893e-05
98574: 2.02891e-05
98575: 2.02889e-05
98576: 2.02887e-05
98577: 2.02885e-05
98578: 2.02883e-05
98579: 2.02881e-05
98580: 2.02879e-05
98581: 2.02877e-05
98582: 2.02875e-05
98583: 2.02873e-05
98584: 2.02871e-05
98585: 2.02869e-05
98586: 2.02867e-05
98587: 2.02864e-05
98588: 2.02862e-05
98589: 2.0286e-05
98590: 2.02858e-05
98591: 2.02856e-05
98592: 2.02854e-05
98593: 2.02852e-05
98594: 2.0285e-05
98595: 2.02848e-05
98596: 2.02846e-05
98597: 2.02844e-05
98598: 2.02842e-05
98599: 2.0284e-05
98600: 2.02838e-05
98601: 2.02836e-05
98602: 2.02834e-05
98603: 2.02832e-05
98604: 2.02829e-05
98605: 2.02827e-05
98606: 2.02825e-05
98607: 2.02823e-05
98608: 2.02821e-05
98609: 2.02819e-05
98610: 2.02817e-05
98611: 2.02815e-05
98612: 2.02813e-05
98613: 2.02811e-05
98614: 2.02809e-05
98615: 2.02807e-05
98616: 2.02805e-05
98617: 2.02803e-05
98618: 2.02801e-05
98619: 2.02799e-05
98620: 2.02797e-05
98621: 2.02795e-05
98622: 2.02792e-05
98623: 2.0279e-05
98624: 2.02788e-05
98625: 2.02786e-05
98626: 2.02784e-05
98627: 2.02782e-05
98628: 2.0278e-05
98629: 2.02778e-05
98630: 2.02776e-05
98631: 2.02774e-05
98632: 2.02772e-05
98633: 2.0277e-05
98634: 2.02768e-05
98635: 2.02766e-05
98636: 2.02764e-05
98637: 2.02762e-05
98638: 2.0276e-05
98639: 2.02758e-05
98640: 2.02755e-05
98641: 2.02753e-05
98642: 2.02751e-05
98643: 2.02749e-05
98644: 2.02747e-05
98645: 2.02745e-05
98646: 2.02743e-05
98647: 2.02741e-05
98648: 2.02739e-05
98649: 2.02737e-05
98650: 2.02735e-05
98651: 2.02733e-05
98652: 2.02731e-05
98653: 2.02729e-05
98654: 2.02727e-05
98655: 2.02725e-05
98656: 2.02723e-05
98657: 2.02721e-05
98658: 2.02718e-05
98659: 2.02716e-05
98660: 2.02714e-05
98661: 2.02712e-05
98662: 2.0271e-05
98663: 2.02708e-05
98664: 2.02706e-05
98665: 2.02704e-05
98666: 2.02702e-05
98667: 2.027e-05
98668: 2.02698e-05
98669: 2.02696e-05
98670: 2.02694e-05
98671: 2.02692e-05
98672: 2.0269e-05
98673: 2.02688e-05
98674: 2.02686e-05
98675: 2.02684e-05
98676: 2.02681e-05
98677: 2.02679e-05
98678: 2.02677e-05
98679: 2.02675e-05
98680: 2.02673e-05
98681: 2.02671e-05
98682: 2.02669e-05
98683: 2.02667e-05
98684: 2.02665e-05
98685: 2.02663e-05
98686: 2.02661e-05
98687: 2.02659e-05
98688: 2.02657e-05
98689: 2.02655e-05
98690: 2.02653e-05
98691: 2.02651e-05
98692: 2.02649e-05
98693: 2.02647e-05
98694: 2.02645e-05
98695: 2.02642e-05
98696: 2.0264e-05
98697: 2.02638e-05
98698: 2.02636e-05
98699: 2.02634e-05
98700: 2.02632e-05
98701: 2.0263e-05
98702: 2.02628e-05
98703: 2.02626e-05
98704: 2.02624e-05
98705: 2.02622e-05
98706: 2.0262e-05
98707: 2.02618e-05
98708: 2.02616e-05
98709: 2.02614e-05
98710: 2.02612e-05
98711: 2.0261e-05
98712: 2.02608e-05
98713: 2.02606e-05
98714: 2.02603e-05
98715: 2.02601e-05
98716: 2.02599e-05
98717: 2.02597e-05
98718: 2.02595e-05
98719: 2.02593e-05
98720: 2.02591e-05
98721: 2.02589e-05
98722: 2.02587e-05
98723: 2.02585e-05
98724: 2.02583e-05
98725: 2.02581e-05
98726: 2.02579e-05
98727: 2.02577e-05
98728: 2.02575e-05
98729: 2.02573e-05
98730: 2.02571e-05
98731: 2.02569e-05
98732: 2.02567e-05
98733: 2.02564e-05
98734: 2.02562e-05
98735: 2.0256e-05
98736: 2.02558e-05
98737: 2.02556e-05
98738: 2.02554e-05
98739: 2.02552e-05
98740: 2.0255e-05
98741: 2.02548e-05
98742: 2.02546e-05
98743: 2.02544e-05
98744: 2.02542e-05
98745: 2.0254e-05
98746: 2.02538e-05
98747: 2.02536e-05
98748: 2.02534e-05
98749: 2.02532e-05
98750: 2.0253e-05
98751: 2.02528e-05
98752: 2.02525e-05
98753: 2.02523e-05
98754: 2.02521e-05
98755: 2.02519e-05
98756: 2.02517e-05
98757: 2.02515e-05
98758: 2.02513e-05
98759: 2.02511e-05
98760: 2.02509e-05
98761: 2.02507e-05
98762: 2.02505e-05
98763: 2.02503e-05
98764: 2.02501e-05
98765: 2.02499e-05
98766: 2.02497e-05
98767: 2.02495e-05
98768: 2.02493e-05
98769: 2.02491e-05
98770: 2.02489e-05
98771: 2.02487e-05
98772: 2.02484e-05
98773: 2.02482e-05
98774: 2.0248e-05
98775: 2.02478e-05
98776: 2.02476e-05
98777: 2.02474e-05
98778: 2.02472e-05
98779: 2.0247e-05
98780: 2.02468e-05
98781: 2.02466e-05
98782: 2.02464e-05
98783: 2.02462e-05
98784: 2.0246e-05
98785: 2.02458e-05
98786: 2.02456e-05
98787: 2.02454e-05
98788: 2.02452e-05
98789: 2.0245e-05
98790: 2.02448e-05
98791: 2.02446e-05
98792: 2.02443e-05
98793: 2.02441e-05
98794: 2.02439e-05
98795: 2.02437e-05
98796: 2.02435e-05
98797: 2.02433e-05
98798: 2.02431e-05
98799: 2.02429e-05
98800: 2.02427e-05
98801: 2.02425e-05
98802: 2.02423e-05
98803: 2.02421e-05
98804: 2.02419e-05
98805: 2.02417e-05
98806: 2.02415e-05
98807: 2.02413e-05
98808: 2.02411e-05
98809: 2.02409e-05
98810: 2.02407e-05
98811: 2.02405e-05
98812: 2.02403e-05
98813: 2.024e-05
98814: 2.02398e-05
98815: 2.02396e-05
98816: 2.02394e-05
98817: 2.02392e-05
98818: 2.0239e-05
98819: 2.02388e-05
98820: 2.02386e-05
98821: 2.02384e-05
98822: 2.02382e-05
98823: 2.0238e-05
98824: 2.02378e-05
98825: 2.02376e-05
98826: 2.02374e-05
98827: 2.02372e-05
98828: 2.0237e-05
98829: 2.02368e-05
98830: 2.02366e-05
98831: 2.02364e-05
98832: 2.02362e-05
98833: 2.0236e-05
98834: 2.02357e-05
98835: 2.02355e-05
98836: 2.02353e-05
98837: 2.02351e-05
98838: 2.02349e-05
98839: 2.02347e-05
98840: 2.02345e-05
98841: 2.02343e-05
98842: 2.02341e-05
98843: 2.02339e-05
98844: 2.02337e-05
98845: 2.02335e-05
98846: 2.02333e-05
98847: 2.02331e-05
98848: 2.02329e-05
98849: 2.02327e-05
98850: 2.02325e-05
98851: 2.02323e-05
98852: 2.02321e-05
98853: 2.02319e-05
98854: 2.02317e-05
98855: 2.02314e-05
98856: 2.02312e-05
98857: 2.0231e-05
98858: 2.02308e-05
98859: 2.02306e-05
98860: 2.02304e-05
98861: 2.02302e-05
98862: 2.023e-05
98863: 2.02298e-05
98864: 2.02296e-05
98865: 2.02294e-05
98866: 2.02292e-05
98867: 2.0229e-05
98868: 2.02288e-05
98869: 2.02286e-05
98870: 2.02284e-05
98871: 2.02282e-05
98872: 2.0228e-05
98873: 2.02278e-05
98874: 2.02276e-05
98875: 2.02274e-05
98876: 2.02272e-05
98877: 2.02269e-05
98878: 2.02267e-05
98879: 2.02265e-05
98880: 2.02263e-05
98881: 2.02261e-05
98882: 2.02259e-05
98883: 2.02257e-05
98884: 2.02255e-05
98885: 2.02253e-05
98886: 2.02251e-05
98887: 2.02249e-05
98888: 2.02247e-05
98889: 2.02245e-05
98890: 2.02243e-05
98891: 2.02241e-05
98892: 2.02239e-05
98893: 2.02237e-05
98894: 2.02235e-05
98895: 2.02233e-05
98896: 2.02231e-05
98897: 2.02229e-05
98898: 2.02227e-05
98899: 2.02224e-05
98900: 2.02222e-05
98901: 2.0222e-05
98902: 2.02218e-05
98903: 2.02216e-05
98904: 2.02214e-05
98905: 2.02212e-05
98906: 2.0221e-05
98907: 2.02208e-05
98908: 2.02206e-05
98909: 2.02204e-05
98910: 2.02202e-05
98911: 2.022e-05
98912: 2.02198e-05
98913: 2.02196e-05
98914: 2.02194e-05
98915: 2.02192e-05
98916: 2.0219e-05
98917: 2.02188e-05
98918: 2.02186e-05
98919: 2.02184e-05
98920: 2.02182e-05
98921: 2.02179e-05
98922: 2.02177e-05
98923: 2.02175e-05
98924: 2.02173e-05
98925: 2.02171e-05
98926: 2.02169e-05
98927: 2.02167e-05
98928: 2.02165e-05
98929: 2.02163e-05
98930: 2.02161e-05
98931: 2.02159e-05
98932: 2.02157e-05
98933: 2.02155e-05
98934: 2.02153e-05
98935: 2.02151e-05
98936: 2.02149e-05
98937: 2.02147e-05
98938: 2.02145e-05
98939: 2.02143e-05
98940: 2.02141e-05
98941: 2.02139e-05
98942: 2.02137e-05
98943: 2.02135e-05
98944: 2.02132e-05
98945: 2.0213e-05
98946: 2.02128e-05
98947: 2.02126e-05
98948: 2.02124e-05
98949: 2.02122e-05
98950: 2.0212e-05
98951: 2.02118e-05
98952: 2.02116e-05
98953: 2.02114e-05
98954: 2.02112e-05
98955: 2.0211e-05
98956: 2.02108e-05
98957: 2.02106e-05
98958: 2.02104e-05
98959: 2.02102e-05
98960: 2.021e-05
98961: 2.02098e-05
98962: 2.02096e-05
98963: 2.02094e-05
98964: 2.02092e-05
98965: 2.0209e-05
98966: 2.02088e-05
98967: 2.02086e-05
98968: 2.02083e-05
98969: 2.02081e-05
98970: 2.02079e-05
98971: 2.02077e-05
98972: 2.02075e-05
98973: 2.02073e-05
98974: 2.02071e-05
98975: 2.02069e-05
98976: 2.02067e-05
98977: 2.02065e-05
98978: 2.02063e-05
98979: 2.02061e-05
98980: 2.02059e-05
98981: 2.02057e-05
98982: 2.02055e-05
98983: 2.02053e-05
98984: 2.02051e-05
98985: 2.02049e-05
98986: 2.02047e-05
98987: 2.02045e-05
98988: 2.02043e-05
98989: 2.02041e-05
98990: 2.02039e-05
98991: 2.02037e-05
98992: 2.02034e-05
98993: 2.02032e-05
98994: 2.0203e-05
98995: 2.02028e-05
98996: 2.02026e-05
98997: 2.02024e-05
98998: 2.02022e-05
98999: 2.0202e-05
99000: 2.02018e-05
99001: 2.02016e-05
99002: 2.02014e-05
99003: 2.02012e-05
99004: 2.0201e-05
99005: 2.02008e-05
99006: 2.02006e-05
99007: 2.02004e-05
99008: 2.02002e-05
99009: 2.02e-05
99010: 2.01998e-05
99011: 2.01996e-05
99012: 2.01994e-05
99013: 2.01992e-05
99014: 2.0199e-05
99015: 2.01988e-05
99016: 2.01986e-05
99017: 2.01983e-05
99018: 2.01981e-05
99019: 2.01979e-05
99020: 2.01977e-05
99021: 2.01975e-05
99022: 2.01973e-05
99023: 2.01971e-05
99024: 2.01969e-05
99025: 2.01967e-05
99026: 2.01965e-05
99027: 2.01963e-05
99028: 2.01961e-05
99029: 2.01959e-05
99030: 2.01957e-05
99031: 2.01955e-05
99032: 2.01953e-05
99033: 2.01951e-05
99034: 2.01949e-05
99035: 2.01947e-05
99036: 2.01945e-05
99037: 2.01943e-05
99038: 2.01941e-05
99039: 2.01939e-05
99040: 2.01937e-05
99041: 2.01935e-05
99042: 2.01932e-05
99043: 2.0193e-05
99044: 2.01928e-05
99045: 2.01926e-05
99046: 2.01924e-05
99047: 2.01922e-05
99048: 2.0192e-05
99049: 2.01918e-05
99050: 2.01916e-05
99051: 2.01914e-05
99052: 2.01912e-05
99053: 2.0191e-05
99054: 2.01908e-05
99055: 2.01906e-05
99056: 2.01904e-05
99057: 2.01902e-05
99058: 2.019e-05
99059: 2.01898e-05
99060: 2.01896e-05
99061: 2.01894e-05
99062: 2.01892e-05
99063: 2.0189e-05
99064: 2.01888e-05
99065: 2.01886e-05
99066: 2.01884e-05
99067: 2.01882e-05
99068: 2.01879e-05
99069: 2.01877e-05
99070: 2.01875e-05
99071: 2.01873e-05
99072: 2.01871e-05
99073: 2.01869e-05
99074: 2.01867e-05
99075: 2.01865e-05
99076: 2.01863e-05
99077: 2.01861e-05
99078: 2.01859e-05
99079: 2.01857e-05
99080: 2.01855e-05
99081: 2.01853e-05
99082: 2.01851e-05
99083: 2.01849e-05
99084: 2.01847e-05
99085: 2.01845e-05
99086: 2.01843e-05
99087: 2.01841e-05
99088: 2.01839e-05
99089: 2.01837e-05
99090: 2.01835e-05
99091: 2.01833e-05
99092: 2.01831e-05
99093: 2.01829e-05
99094: 2.01827e-05
99095: 2.01824e-05
99096: 2.01822e-05
99097: 2.0182e-05
99098: 2.01818e-05
99099: 2.01816e-05
99100: 2.01814e-05
99101: 2.01812e-05
99102: 2.0181e-05
99103: 2.01808e-05
99104: 2.01806e-05
99105: 2.01804e-05
99106: 2.01802e-05
99107: 2.018e-05
99108: 2.01798e-05
99109: 2.01796e-05
99110: 2.01794e-05
99111: 2.01792e-05
99112: 2.0179e-05
99113: 2.01788e-05
99114: 2.01786e-05
99115: 2.01784e-05
99116: 2.01782e-05
99117: 2.0178e-05
99118: 2.01778e-05
99119: 2.01776e-05
99120: 2.01774e-05
99121: 2.01772e-05
99122: 2.0177e-05
99123: 2.01767e-05
99124: 2.01765e-05
99125: 2.01763e-05
99126: 2.01761e-05
99127: 2.01759e-05
99128: 2.01757e-05
99129: 2.01755e-05
99130: 2.01753e-05
99131: 2.01751e-05
99132: 2.01749e-05
99133: 2.01747e-05
99134: 2.01745e-05
99135: 2.01743e-05
99136: 2.01741e-05
99137: 2.01739e-05
99138: 2.01737e-05
99139: 2.01735e-05
99140: 2.01733e-05
99141: 2.01731e-05
99142: 2.01729e-05
99143: 2.01727e-05
99144: 2.01725e-05
99145: 2.01723e-05
99146: 2.01721e-05
99147: 2.01719e-05
99148: 2.01717e-05
99149: 2.01715e-05
99150: 2.01713e-05
99151: 2.01711e-05
99152: 2.01708e-05
99153: 2.01706e-05
99154: 2.01704e-05
99155: 2.01702e-05
99156: 2.017e-05
99157: 2.01698e-05
99158: 2.01696e-05
99159: 2.01694e-05
99160: 2.01692e-05
99161: 2.0169e-05
99162: 2.01688e-05
99163: 2.01686e-05
99164: 2.01684e-05
99165: 2.01682e-05
99166: 2.0168e-05
99167: 2.01678e-05
99168: 2.01676e-05
99169: 2.01674e-05
99170: 2.01672e-05
99171: 2.0167e-05
99172: 2.01668e-05
99173: 2.01666e-05
99174: 2.01664e-05
99175: 2.01662e-05
99176: 2.0166e-05
99177: 2.01658e-05
99178: 2.01656e-05
99179: 2.01654e-05
99180: 2.01652e-05
99181: 2.01649e-05
99182: 2.01647e-05
99183: 2.01645e-05
99184: 2.01643e-05
99185: 2.01641e-05
99186: 2.01639e-05
99187: 2.01637e-05
99188: 2.01635e-05
99189: 2.01633e-05
99190: 2.01631e-05
99191: 2.01629e-05
99192: 2.01627e-05
99193: 2.01625e-05
99194: 2.01623e-05
99195: 2.01621e-05
99196: 2.01619e-05
99197: 2.01617e-05
99198: 2.01615e-05
99199: 2.01613e-05
99200: 2.01611e-05
99201: 2.01609e-05
99202: 2.01607e-05
99203: 2.01605e-05
99204: 2.01603e-05
99205: 2.01601e-05
99206: 2.01599e-05
99207: 2.01597e-05
99208: 2.01595e-05
99209: 2.01593e-05
99210: 2.01591e-05
99211: 2.01589e-05
99212: 2.01586e-05
99213: 2.01584e-05
99214: 2.01582e-05
99215: 2.0158e-05
99216: 2.01578e-05
99217: 2.01576e-05
99218: 2.01574e-05
99219: 2.01572e-05
99220: 2.0157e-05
99221: 2.01568e-05
99222: 2.01566e-05
99223: 2.01564e-05
99224: 2.01562e-05
99225: 2.0156e-05
99226: 2.01558e-05
99227: 2.01556e-05
99228: 2.01554e-05
99229: 2.01552e-05
99230: 2.0155e-05
99231: 2.01548e-05
99232: 2.01546e-05
99233: 2.01544e-05
99234: 2.01542e-05
99235: 2.0154e-05
99236: 2.01538e-05
99237: 2.01536e-05
99238: 2.01534e-05
99239: 2.01532e-05
99240: 2.0153e-05
99241: 2.01528e-05
99242: 2.01526e-05
99243: 2.01524e-05
99244: 2.01521e-05
99245: 2.01519e-05
99246: 2.01517e-05
99247: 2.01515e-05
99248: 2.01513e-05
99249: 2.01511e-05
99250: 2.01509e-05
99251: 2.01507e-05
99252: 2.01505e-05
99253: 2.01503e-05
99254: 2.01501e-05
99255: 2.01499e-05
99256: 2.01497e-05
99257: 2.01495e-05
99258: 2.01493e-05
99259: 2.01491e-05
99260: 2.01489e-05
99261: 2.01487e-05
99262: 2.01485e-05
99263: 2.01483e-05
99264: 2.01481e-05
99265: 2.01479e-05
99266: 2.01477e-05
99267: 2.01475e-05
99268: 2.01473e-05
99269: 2.01471e-05
99270: 2.01469e-05
99271: 2.01467e-05
99272: 2.01465e-05
99273: 2.01463e-05
99274: 2.01461e-05
99275: 2.01459e-05
99276: 2.01457e-05
99277: 2.01455e-05
99278: 2.01452e-05
99279: 2.0145e-05
99280: 2.01448e-05
99281: 2.01446e-05
99282: 2.01444e-05
99283: 2.01442e-05
99284: 2.0144e-05
99285: 2.01438e-05
99286: 2.01436e-05
99287: 2.01434e-05
99288: 2.01432e-05
99289: 2.0143e-05
99290: 2.01428e-05
99291: 2.01426e-05
99292: 2.01424e-05
99293: 2.01422e-05
99294: 2.0142e-05
99295: 2.01418e-05
99296: 2.01416e-05
99297: 2.01414e-05
99298: 2.01412e-05
99299: 2.0141e-05
99300: 2.01408e-05
99301: 2.01406e-05
99302: 2.01404e-05
99303: 2.01402e-05
99304: 2.014e-05
99305: 2.01398e-05
99306: 2.01396e-05
99307: 2.01394e-05
99308: 2.01392e-05
99309: 2.0139e-05
99310: 2.01388e-05
99311: 2.01386e-05
99312: 2.01384e-05
99313: 2.01381e-05
99314: 2.01379e-05
99315: 2.01377e-05
99316: 2.01375e-05
99317: 2.01373e-05
99318: 2.01371e-05
99319: 2.01369e-05
99320: 2.01367e-05
99321: 2.01365e-05
99322: 2.01363e-05
99323: 2.01361e-05
99324: 2.01359e-05
99325: 2.01357e-05
99326: 2.01355e-05
99327: 2.01353e-05
99328: 2.01351e-05
99329: 2.01349e-05
99330: 2.01347e-05
99331: 2.01345e-05
99332: 2.01343e-05
99333: 2.01341e-05
99334: 2.01339e-05
99335: 2.01337e-05
99336: 2.01335e-05
99337: 2.01333e-05
99338: 2.01331e-05
99339: 2.01329e-05
99340: 2.01327e-05
99341: 2.01325e-05
99342: 2.01323e-05
99343: 2.01321e-05
99344: 2.01319e-05
99345: 2.01317e-05
99346: 2.01315e-05
99347: 2.01313e-05
99348: 2.01311e-05
99349: 2.01309e-05
99350: 2.01306e-05
99351: 2.01304e-05
99352: 2.01302e-05
99353: 2.013e-05
99354: 2.01298e-05
99355: 2.01296e-05
99356: 2.01294e-05
99357: 2.01292e-05
99358: 2.0129e-05
99359: 2.01288e-05
99360: 2.01286e-05
99361: 2.01284e-05
99362: 2.01282e-05
99363: 2.0128e-05
99364: 2.01278e-05
99365: 2.01276e-05
99366: 2.01274e-05
99367: 2.01272e-05
99368: 2.0127e-05
99369: 2.01268e-05
99370: 2.01266e-05
99371: 2.01264e-05
99372: 2.01262e-05
99373: 2.0126e-05
99374: 2.01258e-05
99375: 2.01256e-05
99376: 2.01254e-05
99377: 2.01252e-05
99378: 2.0125e-05
99379: 2.01248e-05
99380: 2.01246e-05
99381: 2.01244e-05
99382: 2.01242e-05
99383: 2.0124e-05
99384: 2.01238e-05
99385: 2.01236e-05
99386: 2.01234e-05
99387: 2.01232e-05
99388: 2.0123e-05
99389: 2.01227e-05
99390: 2.01225e-05
99391: 2.01223e-05
99392: 2.01221e-05
99393: 2.01219e-05
99394: 2.01217e-05
99395: 2.01215e-05
99396: 2.01213e-05
99397: 2.01211e-05
99398: 2.01209e-05
99399: 2.01207e-05
99400: 2.01205e-05
99401: 2.01203e-05
99402: 2.01201e-05
99403: 2.01199e-05
99404: 2.01197e-05
99405: 2.01195e-05
99406: 2.01193e-05
99407: 2.01191e-05
99408: 2.01189e-05
99409: 2.01187e-05
99410: 2.01185e-05
99411: 2.01183e-05
99412: 2.01181e-05
99413: 2.01179e-05
99414: 2.01177e-05
99415: 2.01175e-05
99416: 2.01173e-05
99417: 2.01171e-05
99418: 2.01169e-05
99419: 2.01167e-05
99420: 2.01165e-05
99421: 2.01163e-05
99422: 2.01161e-05
99423: 2.01159e-05
99424: 2.01157e-05
99425: 2.01155e-05
99426: 2.01153e-05
99427: 2.01151e-05
99428: 2.01149e-05
99429: 2.01147e-05
99430: 2.01145e-05
99431: 2.01142e-05
99432: 2.0114e-05
99433: 2.01138e-05
99434: 2.01136e-05
99435: 2.01134e-05
99436: 2.01132e-05
99437: 2.0113e-05
99438: 2.01128e-05
99439: 2.01126e-05
99440: 2.01124e-05
99441: 2.01122e-05
99442: 2.0112e-05
99443: 2.01118e-05
99444: 2.01116e-05
99445: 2.01114e-05
99446: 2.01112e-05
99447: 2.0111e-05
99448: 2.01108e-05
99449: 2.01106e-05
99450: 2.01104e-05
99451: 2.01102e-05
99452: 2.011e-05
99453: 2.01098e-05
99454: 2.01096e-05
99455: 2.01094e-05
99456: 2.01092e-05
99457: 2.0109e-05
99458: 2.01088e-05
99459: 2.01086e-05
99460: 2.01084e-05
99461: 2.01082e-05
99462: 2.0108e-05
99463: 2.01078e-05
99464: 2.01076e-05
99465: 2.01074e-05
99466: 2.01072e-05
99467: 2.0107e-05
99468: 2.01068e-05
99469: 2.01066e-05
99470: 2.01064e-05
99471: 2.01062e-05
99472: 2.0106e-05
99473: 2.01058e-05
99474: 2.01056e-05
99475: 2.01054e-05
99476: 2.01051e-05
99477: 2.01049e-05
99478: 2.01047e-05
99479: 2.01045e-05
99480: 2.01043e-05
99481: 2.01041e-05
99482: 2.01039e-05
99483: 2.01037e-05
99484: 2.01035e-05
99485: 2.01033e-05
99486: 2.01031e-05
99487: 2.01029e-05
99488: 2.01027e-05
99489: 2.01025e-05
99490: 2.01023e-05
99491: 2.01021e-05
99492: 2.01019e-05
99493: 2.01017e-05
99494: 2.01015e-05
99495: 2.01013e-05
99496: 2.01011e-05
99497: 2.01009e-05
99498: 2.01007e-05
99499: 2.01005e-05
99500: 2.01003e-05
99501: 2.01001e-05
99502: 2.00999e-05
99503: 2.00997e-05
99504: 2.00995e-05
99505: 2.00993e-05
99506: 2.00991e-05
99507: 2.00989e-05
99508: 2.00987e-05
99509: 2.00985e-05
99510: 2.00983e-05
99511: 2.00981e-05
99512: 2.00979e-05
99513: 2.00977e-05
99514: 2.00975e-05
99515: 2.00973e-05
99516: 2.00971e-05
99517: 2.00969e-05
99518: 2.00967e-05
99519: 2.00965e-05
99520: 2.00963e-05
99521: 2.00961e-05
99522: 2.00959e-05
99523: 2.00957e-05
99524: 2.00955e-05
99525: 2.00953e-05
99526: 2.0095e-05
99527: 2.00948e-05
99528: 2.00946e-05
99529: 2.00944e-05
99530: 2.00942e-05
99531: 2.0094e-05
99532: 2.00938e-05
99533: 2.00936e-05
99534: 2.00934e-05
99535: 2.00932e-05
99536: 2.0093e-05
99537: 2.00928e-05
99538: 2.00926e-05
99539: 2.00924e-05
99540: 2.00922e-05
99541: 2.0092e-05
99542: 2.00918e-05
99543: 2.00916e-05
99544: 2.00914e-05
99545: 2.00912e-05
99546: 2.0091e-05
99547: 2.00908e-05
99548: 2.00906e-05
99549: 2.00904e-05
99550: 2.00902e-05
99551: 2.009e-05
99552: 2.00898e-05
99553: 2.00896e-05
99554: 2.00894e-05
99555: 2.00892e-05
99556: 2.0089e-05
99557: 2.00888e-05
99558: 2.00886e-05
99559: 2.00884e-05
99560: 2.00882e-05
99561: 2.0088e-05
99562: 2.00878e-05
99563: 2.00876e-05
99564: 2.00874e-05
99565: 2.00872e-05
99566: 2.0087e-05
99567: 2.00868e-05
99568: 2.00866e-05
99569: 2.00864e-05
99570: 2.00862e-05
99571: 2.0086e-05
99572: 2.00858e-05
99573: 2.00856e-05
99574: 2.00854e-05
99575: 2.00852e-05
99576: 2.0085e-05
99577: 2.00848e-05
99578: 2.00846e-05
99579: 2.00844e-05
99580: 2.00842e-05
99581: 2.0084e-05
99582: 2.00837e-05
99583: 2.00835e-05
99584: 2.00833e-05
99585: 2.00831e-05
99586: 2.00829e-05
99587: 2.00827e-05
99588: 2.00825e-05
99589: 2.00823e-05
99590: 2.00821e-05
99591: 2.00819e-05
99592: 2.00817e-05
99593: 2.00815e-05
99594: 2.00813e-05
99595: 2.00811e-05
99596: 2.00809e-05
99597: 2.00807e-05
99598: 2.00805e-05
99599: 2.00803e-05
99600: 2.00801e-05
99601: 2.00799e-05
99602: 2.00797e-05
99603: 2.00795e-05
99604: 2.00793e-05
99605: 2.00791e-05
99606: 2.00789e-05
99607: 2.00787e-05
99608: 2.00785e-05
99609: 2.00783e-05
99610: 2.00781e-05
99611: 2.00779e-05
99612: 2.00777e-05
99613: 2.00775e-05
99614: 2.00773e-05
99615: 2.00771e-05
99616: 2.00769e-05
99617: 2.00767e-05
99618: 2.00765e-05
99619: 2.00763e-05
99620: 2.00761e-05
99621: 2.00759e-05
99622: 2.00757e-05
99623: 2.00755e-05
99624: 2.00753e-05
99625: 2.00751e-05
99626: 2.00749e-05
99627: 2.00747e-05
99628: 2.00745e-05
99629: 2.00743e-05
99630: 2.00741e-05
99631: 2.00739e-05
99632: 2.00737e-05
99633: 2.00735e-05
99634: 2.00733e-05
99635: 2.00731e-05
99636: 2.00729e-05
99637: 2.00727e-05
99638: 2.00725e-05
99639: 2.00723e-05
99640: 2.00721e-05
99641: 2.00719e-05
99642: 2.00717e-05
99643: 2.00715e-05
99644: 2.00713e-05
99645: 2.00711e-05
99646: 2.00709e-05
99647: 2.00706e-05
99648: 2.00704e-05
99649: 2.00702e-05
99650: 2.007e-05
99651: 2.00698e-05
99652: 2.00696e-05
99653: 2.00694e-05
99654: 2.00692e-05
99655: 2.0069e-05
99656: 2.00688e-05
99657: 2.00686e-05
99658: 2.00684e-05
99659: 2.00682e-05
99660: 2.0068e-05
99661: 2.00678e-05
99662: 2.00676e-05
99663: 2.00674e-05
99664: 2.00672e-05
99665: 2.0067e-05
99666: 2.00668e-05
99667: 2.00666e-05
99668: 2.00664e-05
99669: 2.00662e-05
99670: 2.0066e-05
99671: 2.00658e-05
99672: 2.00656e-05
99673: 2.00654e-05
99674: 2.00652e-05
99675: 2.0065e-05
99676: 2.00648e-05
99677: 2.00646e-05
99678: 2.00644e-05
99679: 2.00642e-05
99680: 2.0064e-05
99681: 2.00638e-05
99682: 2.00636e-05
99683: 2.00634e-05
99684: 2.00632e-05
99685: 2.0063e-05
99686: 2.00628e-05
99687: 2.00626e-05
99688: 2.00624e-05
99689: 2.00622e-05
99690: 2.0062e-05
99691: 2.00618e-05
99692: 2.00616e-05
99693: 2.00614e-05
99694: 2.00612e-05
99695: 2.0061e-05
99696: 2.00608e-05
99697: 2.00606e-05
99698: 2.00604e-05
99699: 2.00602e-05
99700: 2.006e-05
99701: 2.00598e-05
99702: 2.00596e-05
99703: 2.00594e-05
99704: 2.00592e-05
99705: 2.0059e-05
99706: 2.00588e-05
99707: 2.00586e-05
99708: 2.00584e-05
99709: 2.00582e-05
99710: 2.0058e-05
99711: 2.00578e-05
99712: 2.00576e-05
99713: 2.00574e-05
99714: 2.00572e-05
99715: 2.0057e-05
99716: 2.00568e-05
99717: 2.00566e-05
99718: 2.00564e-05
99719: 2.00562e-05
99720: 2.0056e-05
99721: 2.00558e-05
99722: 2.00556e-05
99723: 2.00554e-05
99724: 2.00552e-05
99725: 2.0055e-05
99726: 2.00547e-05
99727: 2.00545e-05
99728: 2.00543e-05
99729: 2.00541e-05
99730: 2.00539e-05
99731: 2.00537e-05
99732: 2.00535e-05
99733: 2.00533e-05
99734: 2.00531e-05
99735: 2.00529e-05
99736: 2.00527e-05
99737: 2.00525e-05
99738: 2.00523e-05
99739: 2.00521e-05
99740: 2.00519e-05
99741: 2.00517e-05
99742: 2.00515e-05
99743: 2.00513e-05
99744: 2.00511e-05
99745: 2.00509e-05
99746: 2.00507e-05
99747: 2.00505e-05
99748: 2.00503e-05
99749: 2.00501e-05
99750: 2.00499e-05
99751: 2.00497e-05
99752: 2.00495e-05
99753: 2.00493e-05
99754: 2.00491e-05
99755: 2.00489e-05
99756: 2.00487e-05
99757: 2.00485e-05
99758: 2.00483e-05
99759: 2.00481e-05
99760: 2.00479e-05
99761: 2.00477e-05
99762: 2.00475e-05
99763: 2.00473e-05
99764: 2.00471e-05
99765: 2.00469e-05
99766: 2.00467e-05
99767: 2.00465e-05
99768: 2.00463e-05
99769: 2.00461e-05
99770: 2.00459e-05
99771: 2.00457e-05
99772: 2.00455e-05
99773: 2.00453e-05
99774: 2.00451e-05
99775: 2.00449e-05
99776: 2.00447e-05
99777: 2.00445e-05
99778: 2.00443e-05
99779: 2.00441e-05
99780: 2.00439e-05
99781: 2.00437e-05
99782: 2.00435e-05
99783: 2.00433e-05
99784: 2.00431e-05
99785: 2.00429e-05
99786: 2.00427e-05
99787: 2.00425e-05
99788: 2.00423e-05
99789: 2.00421e-05
99790: 2.00419e-05
99791: 2.00417e-05
99792: 2.00415e-05
99793: 2.00413e-05
99794: 2.00411e-05
99795: 2.00409e-05
99796: 2.00407e-05
99797: 2.00405e-05
99798: 2.00403e-05
99799: 2.00401e-05
99800: 2.00399e-05
99801: 2.00397e-05
99802: 2.00395e-05
99803: 2.00393e-05
99804: 2.00391e-05
99805: 2.00389e-05
99806: 2.00387e-05
99807: 2.00385e-05
99808: 2.00383e-05
99809: 2.00381e-05
99810: 2.00379e-05
99811: 2.00377e-05
99812: 2.00375e-05
99813: 2.00373e-05
99814: 2.00371e-05
99815: 2.00369e-05
99816: 2.00367e-05
99817: 2.00365e-05
99818: 2.00363e-05
99819: 2.00361e-05
99820: 2.00359e-05
99821: 2.00357e-05
99822: 2.00355e-05
99823: 2.00353e-05
99824: 2.00351e-05
99825: 2.00349e-05
99826: 2.00347e-05
99827: 2.00345e-05
99828: 2.00343e-05
99829: 2.00341e-05
99830: 2.00339e-05
99831: 2.00337e-05
99832: 2.00335e-05
99833: 2.00333e-05
99834: 2.00331e-05
99835: 2.00329e-05
99836: 2.00327e-05
99837: 2.00325e-05
99838: 2.00323e-05
99839: 2.00321e-05
99840: 2.00319e-05
99841: 2.00317e-05
99842: 2.00314e-05
99843: 2.00312e-05
99844: 2.0031e-05
99845: 2.00308e-05
99846: 2.00306e-05
99847: 2.00304e-05
99848: 2.00302e-05
99849: 2.003e-05
99850: 2.00298e-05
99851: 2.00296e-05
99852: 2.00294e-05
99853: 2.00292e-05
99854: 2.0029e-05
99855: 2.00288e-05
99856: 2.00286e-05
99857: 2.00284e-05
99858: 2.00282e-05
99859: 2.0028e-05
99860: 2.00278e-05
99861: 2.00276e-05
99862: 2.00274e-05
99863: 2.00272e-05
99864: 2.0027e-05
99865: 2.00268e-05
99866: 2.00266e-05
99867: 2.00264e-05
99868: 2.00262e-05
99869: 2.0026e-05
99870: 2.00258e-05
99871: 2.00256e-05
99872: 2.00254e-05
99873: 2.00252e-05
99874: 2.0025e-05
99875: 2.00248e-05
99876: 2.00246e-05
99877: 2.00244e-05
99878: 2.00242e-05
99879: 2.0024e-05
99880: 2.00238e-05
99881: 2.00236e-05
99882: 2.00234e-05
99883: 2.00232e-05
99884: 2.0023e-05
99885: 2.00228e-05
99886: 2.00226e-05
99887: 2.00224e-05
99888: 2.00222e-05
99889: 2.0022e-05
99890: 2.00218e-05
99891: 2.00216e-05
99892: 2.00214e-05
99893: 2.00212e-05
99894: 2.0021e-05
99895: 2.00208e-05
99896: 2.00206e-05
99897: 2.00204e-05
99898: 2.00202e-05
99899: 2.002e-05
99900: 2.00198e-05
99901: 2.00196e-05
99902: 2.00194e-05
99903: 2.00192e-05
99904: 2.0019e-05
99905: 2.00188e-05
99906: 2.00186e-05
99907: 2.00184e-05
99908: 2.00182e-05
99909: 2.0018e-05
99910: 2.00178e-05
99911: 2.00176e-05
99912: 2.00174e-05
99913: 2.00172e-05
99914: 2.0017e-05
99915: 2.00168e-05
99916: 2.00166e-05
99917: 2.00164e-05
99918: 2.00162e-05
99919: 2.0016e-05
99920: 2.00158e-05
99921: 2.00156e-05
99922: 2.00154e-05
99923: 2.00152e-05
99924: 2.0015e-05
99925: 2.00148e-05
99926: 2.00146e-05
99927: 2.00144e-05
99928: 2.00142e-05
99929: 2.0014e-05
99930: 2.00138e-05
99931: 2.00136e-05
99932: 2.00134e-05
99933: 2.00132e-05
99934: 2.0013e-05
99935: 2.00128e-05
99936: 2.00126e-05
99937: 2.00124e-05
99938: 2.00122e-05
99939: 2.0012e-05
99940: 2.00118e-05
99941: 2.00116e-05
99942: 2.00114e-05
99943: 2.00112e-05
99944: 2.0011e-05
99945: 2.00108e-05
99946: 2.00106e-05
99947: 2.00104e-05
99948: 2.00102e-05
99949: 2.001e-05
99950: 2.00098e-05
99951: 2.00096e-05
99952: 2.00094e-05
99953: 2.00092e-05
99954: 2.0009e-05
99955: 2.00088e-05
99956: 2.00086e-05
99957: 2.00084e-05
99958: 2.00082e-05
99959: 2.0008e-05
99960: 2.00078e-05
99961: 2.00076e-05
99962: 2.00074e-05
99963: 2.00072e-05
99964: 2.0007e-05
99965: 2.00068e-05
99966: 2.00066e-05
99967: 2.00064e-05
99968: 2.00062e-05
99969: 2.0006e-05
99970: 2.00058e-05
99971: 2.00056e-05
99972: 2.00054e-05
99973: 2.00052e-05
99974: 2.0005e-05
99975: 2.00048e-05
99976: 2.00046e-05
99977: 2.00044e-05
99978: 2.00042e-05
99979: 2.0004e-05
99980: 2.00038e-05
99981: 2.00036e-05
99982: 2.00034e-05
99983: 2.00032e-05
99984: 2.0003e-05
99985: 2.00028e-05
99986: 2.00026e-05
99987: 2.00024e-05
99988: 2.00022e-05
99989: 2.0002e-05
99990: 2.00018e-05
99991: 2.00016e-05
99992: 2.00014e-05
99993: 2.00012e-05
99994: 2.0001e-05
99995: 2.00008e-05
99996: 2.00006e-05
99997: 2.00004e-05
99998: 2.00002e-05
99999: 2e-05
