0: 0
1: 0
2: 0
3: 0
4: 0.2
5: 0.333333
6: 0.428571
7: 0.5
8: 0.555556
9: 0.6
10: 0.636364
11: 0.666667
12: 0.692308
13: 0.714286
14: 0.733333
15: 0.75
16: 0.764706
17: 0.777778
18: 0.789474
19: 0.8
20: 0.809524
21: 0.818182
22: 0.826087
23: 0.833333
24: 0.84
25: 0.846154
26: 0.851852
27: 0.857143
28: 0.862069
29: 0.866667
30: 0.870968
31: 0.875
32: 0.878788
33: 0.882353
34: 0.885714
35: 0.888889
36: 0.891892
37: 0.894737
38: 0.897436
39: 0.9
40: 0.902439
41: 0.904762
42: 0.906977
43: 0.909091
44: 0.911111
45: 0.913043
46: 0.914894
47: 0.916667
48: 0.918367
49: 0.92
50: 0.901961
51: 0.884615
52: 0.867925
53: 0.851852
54: 0.854545
55: 0.857143
56: 0.859649
57: 0.862069
58: 0.864407
59: 0.866667
60: 0.868852
61: 0.870968
62: 0.873016
63: 0.875
64: 0.876923
65: 0.863636
66: 0.865672
67: 0.867647
68: 0.869565
69: 0.871429
70: 0.873239
71: 0.861111
72: 0.849315
73: 0.851351
74: 0.853333
75: 0.855263
76: 0.857143
77: 0.858974
78: 0.860759
79: 0.8625
80: 0.864198
81: 0.865854
82: 0.86747
83: 0.869048
84: 0.870588
85: 0.872093
86: 0.862069
87: 0.863636
88: 0.865169
89: 0.866667
90: 0.868132
91: 0.869565
92: 0.870968
93: 0.87234
94: 0.873684
95: 0.875
96: 0.876289
97: 0.877551
98: 0.878788
99: 0.87
100: 0.861386
101: 0.862745
102: 0.864078
103: 0.865385
104: 0.866667
105: 0.867925
106: 0.869159
107: 0.87037
108: 0.87156
109: 0.872727
110: 0.873874
111: 0.875
112: 0.876106
113: 0.877193
114: 0.878261
115: 0.87931
116: 0.880342
117: 0.881356
118: 0.882353
119: 0.883333
120: 0.884298
121: 0.885246
122: 0.886179
123: 0.887097
124: 0.888
125: 0.880952
126: 0.874016
127: 0.875
128: 0.875969
129: 0.876923
130: 0.877863
131: 0.878788
132: 0.879699
133: 0.880597
134: 0.881481
135: 0.882353
136: 0.883212
137: 0.884058
138: 0.884892
139: 0.885714
140: 0.886525
141: 0.887324
142: 0.888112
143: 0.888889
144: 0.889655
145: 0.883562
146: 0.884354
147: 0.878378
148: 0.879195
149: 0.88
150: 0.880795
151: 0.881579
152: 0.882353
153: 0.883117
154: 0.883871
155: 0.884615
156: 0.88535
157: 0.886076
158: 0.886792
159: 0.88125
160: 0.881988
161: 0.882716
162: 0.883436
163: 0.884146
164: 0.884848
165: 0.885542
166: 0.886228
167: 0.886905
168: 0.887574
169: 0.888235
170: 0.888889
171: 0.889535
172: 0.890173
173: 0.890805
174: 0.891429
175: 0.892045
176: 0.892655
177: 0.893258
178: 0.893855
179: 0.894444
180: 0.895028
181: 0.895604
182: 0.896175
183: 0.896739
184: 0.897297
185: 0.892473
186: 0.893048
187: 0.893617
188: 0.89418
189: 0.894737
190: 0.895288
191: 0.895833
192: 0.896373
193: 0.896907
194: 0.897436
195: 0.897959
196: 0.898477
197: 0.89899
198: 0.899497
199: 0.9
200: 0.900498
201: 0.90099
202: 0.901478
203: 0.901961
204: 0.902439
205: 0.902913
206: 0.903382
207: 0.903846
208: 0.899522
209: 0.895238
210: 0.890995
211: 0.891509
212: 0.892019
213: 0.892523
214: 0.893023
215: 0.893519
216: 0.894009
217: 0.894495
218: 0.894977
219: 0.895455
220: 0.895928
221: 0.896396
222: 0.896861
223: 0.897321
224: 0.897778
225: 0.89823
226: 0.898678
227: 0.894737
228: 0.895197
229: 0.895652
230: 0.896104
231: 0.896552
232: 0.896996
233: 0.897436
234: 0.897872
235: 0.898305
236: 0.898734
237: 0.89916
238: 0.899582
239: 0.9
240: 0.900415
241: 0.900826
242: 0.901235
243: 0.901639
244: 0.902041
245: 0.902439
246: 0.902834
247: 0.899194
248: 0.895582
249: 0.892
250: 0.89243
251: 0.892857
252: 0.893281
253: 0.893701
254: 0.894118
255: 0.894531
256: 0.894942
257: 0.895349
258: 0.895753
259: 0.896154
260: 0.896552
261: 0.896947
262: 0.897338
263: 0.897727
264: 0.898113
265: 0.898496
266: 0.898876
267: 0.899254
268: 0.899628
269: 0.9
270: 0.900369
271: 0.897059
272: 0.893773
273: 0.890511
274: 0.890909
275: 0.891304
276: 0.891697
277: 0.892086
278: 0.892473
279: 0.892857
280: 0.893238
281: 0.893617
282: 0.890459
283: 0.887324
284: 0.887719
285: 0.888112
286: 0.888502
287: 0.888889
288: 0.889273
289: 0.889655
290: 0.890034
291: 0.890411
292: 0.890785
293: 0.891156
294: 0.891525
295: 0.891892
296: 0.892256
297: 0.892617
298: 0.892977
299: 0.893333
300: 0.893688
301: 0.89404
302: 0.894389
303: 0.894737
304: 0.895082
305: 0.895425
306: 0.895765
307: 0.896104
308: 0.89644
309: 0.896774
310: 0.897106
311: 0.897436
312: 0.897764
313: 0.898089
314: 0.898413
315: 0.898734
316: 0.899054
317: 0.899371
318: 0.899687
319: 0.9
320: 0.900312
321: 0.900621
322: 0.897833
323: 0.898148
324: 0.898462
325: 0.898773
326: 0.899083
327: 0.89939
328: 0.899696
329: 0.9
330: 0.900302
331: 0.900602
332: 0.900901
333: 0.901198
334: 0.901493
335: 0.901786
336: 0.902077
337: 0.902367
338: 0.902655
339: 0.902941
340: 0.903226
341: 0.903509
342: 0.90379
343: 0.90407
344: 0.904348
345: 0.904624
346: 0.904899
347: 0.905172
348: 0.905444
349: 0.905714
350: 0.905983
351: 0.90625
352: 0.906516
353: 0.90678
354: 0.907042
355: 0.907303
356: 0.907563
357: 0.907821
358: 0.908078
359: 0.908333
360: 0.908587
361: 0.90884
362: 0.909091
363: 0.909341
364: 0.909589
365: 0.909836
366: 0.910082
367: 0.910326
368: 0.910569
369: 0.910811
370: 0.908356
371: 0.908602
372: 0.908847
373: 0.909091
374: 0.909333
375: 0.909574
376: 0.909814
377: 0.910053
378: 0.91029
379: 0.910526
380: 0.910761
381: 0.910995
382: 0.911227
383: 0.911458
384: 0.911688
385: 0.911917
386: 0.912145
387: 0.912371
388: 0.912596
389: 0.912821
390: 0.913043
391: 0.913265
392: 0.913486
393: 0.913706
394: 0.913924
395: 0.914141
396: 0.914358
397: 0.914573
398: 0.914787
399: 0.915
400: 0.915212
401: 0.915423
402: 0.915633
403: 0.915842
404: 0.916049
405: 0.916256
406: 0.916462
407: 0.916667
408: 0.91687
409: 0.917073
410: 0.917275
411: 0.917476
412: 0.917676
413: 0.917874
414: 0.918072
415: 0.918269
416: 0.918465
417: 0.91866
418: 0.918854
419: 0.919048
420: 0.91924
421: 0.919431
422: 0.919622
423: 0.919811
424: 0.92
425: 0.920188
426: 0.920375
427: 0.920561
428: 0.920746
429: 0.92093
430: 0.921114
431: 0.921296
432: 0.921478
433: 0.921659
434: 0.921839
435: 0.922018
436: 0.922197
437: 0.922374
438: 0.922551
439: 0.922727
440: 0.922902
441: 0.923077
442: 0.923251
443: 0.923423
444: 0.923596
445: 0.923767
446: 0.923937
447: 0.921875
448: 0.922049
449: 0.922222
450: 0.922395
451: 0.922566
452: 0.922737
453: 0.922907
454: 0.923077
455: 0.923246
456: 0.921225
457: 0.921397
458: 0.921569
459: 0.921739
460: 0.921909
461: 0.922078
462: 0.922246
463: 0.922414
464: 0.922581
465: 0.922747
466: 0.922912
467: 0.923077
468: 0.923241
469: 0.923404
470: 0.923567
471: 0.923729
472: 0.92389
473: 0.924051
474: 0.924211
475: 0.92437
476: 0.924528
477: 0.924686
478: 0.924843
479: 0.925
480: 0.925156
481: 0.925311
482: 0.925466
483: 0.92562
484: 0.925773
485: 0.925926
486: 0.926078
487: 0.92623
488: 0.92638
489: 0.926531
490: 0.92668
491: 0.924797
492: 0.922921
493: 0.923077
494: 0.923232
495: 0.921371
496: 0.921529
497: 0.921687
498: 0.921844
499: 0.922
500: 0.922156
501: 0.922311
502: 0.922465
503: 0.922619
504: 0.922772
505: 0.922925
506: 0.923077
507: 0.923228
508: 0.923379
509: 0.923529
510: 0.923679
511: 0.923828
512: 0.923977
513: 0.924125
514: 0.924272
515: 0.924419
516: 0.924565
517: 0.92471
518: 0.924855
519: 0.925
520: 0.925144
521: 0.925287
522: 0.92543
523: 0.925573
524: 0.925714
525: 0.925856
526: 0.925996
527: 0.926136
528: 0.926276
529: 0.926415
530: 0.926554
531: 0.926692
532: 0.926829
533: 0.926966
534: 0.927103
535: 0.927239
536: 0.927374
537: 0.927509
538: 0.927644
539: 0.925926
540: 0.926063
541: 0.926199
542: 0.926335
543: 0.926471
544: 0.926606
545: 0.92674
546: 0.926874
547: 0.927007
548: 0.925319
549: 0.923636
550: 0.923775
551: 0.923913
552: 0.924051
553: 0.924188
554: 0.924324
555: 0.922662
556: 0.922801
557: 0.922939
558: 0.923077
559: 0.923214
560: 0.923351
561: 0.923488
562: 0.923623
563: 0.923759
564: 0.923894
565: 0.924028
566: 0.924162
567: 0.924296
568: 0.924429
569: 0.924561
570: 0.924694
571: 0.924825
572: 0.924956
573: 0.925087
574: 0.925217
575: 0.925347
576: 0.925477
577: 0.925606
578: 0.925734
579: 0.925862
580: 0.92599
581: 0.926117
582: 0.926244
583: 0.92637
584: 0.926496
585: 0.926621
586: 0.926746
587: 0.926871
588: 0.926995
589: 0.927119
590: 0.927242
591: 0.927365
592: 0.927487
593: 0.927609
594: 0.927731
595: 0.927852
596: 0.927973
597: 0.928094
598: 0.928214
599: 0.928333
600: 0.928453
601: 0.928571
602: 0.92869
603: 0.928808
604: 0.928926
605: 0.929043
606: 0.92916
607: 0.929276
608: 0.929392
609: 0.929508
610: 0.929624
611: 0.929739
612: 0.929853
613: 0.929967
614: 0.930081
615: 0.930195
616: 0.930308
617: 0.930421
618: 0.930533
619: 0.930645
620: 0.930757
621: 0.930868
622: 0.930979
623: 0.93109
624: 0.9312
625: 0.93131
626: 0.931419
627: 0.931529
628: 0.931638
629: 0.931746
630: 0.931854
631: 0.931962
632: 0.93207
633: 0.932177
634: 0.932283
635: 0.93239
636: 0.932496
637: 0.932602
638: 0.932707
639: 0.932813
640: 0.932917
641: 0.933022
642: 0.933126
643: 0.93323
644: 0.933333
645: 0.931889
646: 0.930448
647: 0.929012
648: 0.927581
649: 0.927692
650: 0.927803
651: 0.927914
652: 0.928025
653: 0.928135
654: 0.928244
655: 0.928354
656: 0.928463
657: 0.928571
658: 0.92868
659: 0.928788
660: 0.928896
661: 0.929003
662: 0.92911
663: 0.929217
664: 0.929323
665: 0.929429
666: 0.929535
667: 0.929641
668: 0.929746
669: 0.929851
670: 0.929955
671: 0.93006
672: 0.930163
673: 0.930267
674: 0.93037
675: 0.930473
676: 0.930576
677: 0.930678
678: 0.930781
679: 0.930882
680: 0.930984
681: 0.931085
682: 0.931186
683: 0.931287
684: 0.931387
685: 0.931487
686: 0.931587
687: 0.931686
688: 0.931785
689: 0.931884
690: 0.931983
691: 0.932081
692: 0.932179
693: 0.932277
694: 0.932374
695: 0.931034
696: 0.929699
697: 0.929799
698: 0.928469
699: 0.928571
700: 0.928673
701: 0.928775
702: 0.928876
703: 0.928977
704: 0.929078
705: 0.929178
706: 0.929279
707: 0.929379
708: 0.929478
709: 0.929577
710: 0.929677
711: 0.929775
712: 0.929874
713: 0.929972
714: 0.93007
715: 0.930168
716: 0.930265
717: 0.930362
718: 0.930459
719: 0.930556
720: 0.930652
721: 0.930748
722: 0.930844
723: 0.930939
724: 0.931034
725: 0.931129
726: 0.931224
727: 0.931319
728: 0.931413
729: 0.931507
730: 0.930233
731: 0.930328
732: 0.930423
733: 0.930518
734: 0.930612
735: 0.930707
736: 0.930801
737: 0.930894
738: 0.930988
739: 0.931081
740: 0.931174
741: 0.931267
742: 0.931359
743: 0.931452
744: 0.931544
745: 0.931635
746: 0.931727
747: 0.931818
748: 0.931909
749: 0.932
750: 0.932091
751: 0.930851
752: 0.930943
753: 0.929708
754: 0.929801
755: 0.929894
756: 0.928666
757: 0.92876
758: 0.928854
759: 0.928947
760: 0.929041
761: 0.929134
762: 0.929227
763: 0.929319
764: 0.929412
765: 0.928198
766: 0.928292
767: 0.928385
768: 0.928479
769: 0.928571
770: 0.928664
771: 0.928756
772: 0.928849
773: 0.927649
774: 0.926452
775: 0.925258
776: 0.924067
777: 0.922879
778: 0.922978
779: 0.923077
780: 0.923175
781: 0.923274
782: 0.923372
783: 0.923469
784: 0.923567
785: 0.923664
786: 0.923761
787: 0.923858
788: 0.923954
789: 0.924051
790: 0.924147
791: 0.924242
792: 0.924338
793: 0.924433
794: 0.924528
795: 0.924623
796: 0.924718
797: 0.924812
798: 0.924906
799: 0.925
800: 0.925094
801: 0.925187
802: 0.92528
803: 0.924129
804: 0.924224
805: 0.924318
806: 0.924411
807: 0.924505
808: 0.924598
809: 0.924691
810: 0.924784
811: 0.924877
812: 0.924969
813: 0.925061
814: 0.925153
815: 0.925245
816: 0.925337
817: 0.925428
818: 0.925519
819: 0.92561
820: 0.9257
821: 0.925791
822: 0.925881
823: 0.925971
824: 0.926061
825: 0.92615
826: 0.926239
827: 0.926329
828: 0.926417
829: 0.926506
830: 0.926594
831: 0.926683
832: 0.926771
833: 0.926859
834: 0.926946
835: 0.927033
836: 0.927121
837: 0.927208
838: 0.927294
839: 0.927381
840: 0.927467
841: 0.927553
842: 0.927639
843: 0.927725
844: 0.927811
845: 0.927896
846: 0.927981
847: 0.928066
848: 0.928151
849: 0.928235
850: 0.92832
851: 0.928404
852: 0.928488
853: 0.928571
854: 0.928655
855: 0.928738
856: 0.928821
857: 0.928904
858: 0.928987
859: 0.92907
860: 0.929152
861: 0.929234
862: 0.929316
863: 0.929398
864: 0.928324
865: 0.927252
866: 0.926182
867: 0.926267
868: 0.926352
869: 0.926437
870: 0.926521
871: 0.926606
872: 0.92669
873: 0.926773
874: 0.926857
875: 0.926941
876: 0.927024
877: 0.927107
878: 0.92719
879: 0.927273
880: 0.927355
881: 0.927438
882: 0.92752
883: 0.927602
884: 0.927684
885: 0.927765
886: 0.927847
887: 0.927928
888: 0.928009
889: 0.92809
890: 0.928171
891: 0.928251
892: 0.928331
893: 0.927293
894: 0.927374
895: 0.927455
896: 0.927536
897: 0.927617
898: 0.927697
899: 0.927778
900: 0.927858
901: 0.927938
902: 0.928018
903: 0.928097
904: 0.928177
905: 0.928256
906: 0.928335
907: 0.928414
908: 0.928493
909: 0.928571
910: 0.92865
911: 0.928728
912: 0.928806
913: 0.928884
914: 0.928962
915: 0.929039
916: 0.929117
917: 0.929194
918: 0.929271
919: 0.929348
920: 0.929425
921: 0.929501
922: 0.929577
923: 0.929654
924: 0.92973
925: 0.929806
926: 0.928803
927: 0.927802
928: 0.926803
929: 0.925806
930: 0.925886
931: 0.925966
932: 0.926045
933: 0.926124
934: 0.926203
935: 0.926282
936: 0.926361
937: 0.926439
938: 0.925453
939: 0.925532
940: 0.925611
941: 0.92569
942: 0.925769
943: 0.925847
944: 0.925926
945: 0.926004
946: 0.926082
947: 0.92616
948: 0.926238
949: 0.926316
950: 0.926393
951: 0.926471
952: 0.926548
953: 0.926625
954: 0.926702
955: 0.926778
956: 0.926855
957: 0.926931
958: 0.927007
959: 0.927083
960: 0.927159
961: 0.927235
962: 0.92731
963: 0.927386
964: 0.927461
965: 0.927536
966: 0.927611
967: 0.927686
968: 0.927761
969: 0.927835
970: 0.927909
971: 0.927984
972: 0.928058
973: 0.928131
974: 0.928205
975: 0.928279
976: 0.928352
977: 0.928425
978: 0.928498
979: 0.928571
980: 0.928644
981: 0.928717
982: 0.928789
983: 0.927846
984: 0.927919
985: 0.927992
986: 0.928065
987: 0.928138
988: 0.92821
989: 0.927273
990: 0.926337
991: 0.925403
992: 0.925478
993: 0.925553
994: 0.925628
995: 0.925703
996: 0.925777
997: 0.925852
998: 0.925926
999: 0.926
1000: 0.926074
1001: 0.926148
1002: 0.926221
1003: 0.926295
1004: 0.926368
1005: 0.926441
1006: 0.926514
1007: 0.926587
1008: 0.92666
1009: 0.926733
1010: 0.926805
1011: 0.926877
1012: 0.92695
1013: 0.927022
1014: 0.927094
1015: 0.927165
1016: 0.927237
1017: 0.927308
1018: 0.92738
1019: 0.927451
1020: 0.927522
1021: 0.927593
1022: 0.927664
1023: 0.927734
1024: 0.927805
1025: 0.926901
1026: 0.925998
1027: 0.925097
1028: 0.92517
1029: 0.925243
1030: 0.925315
1031: 0.925388
1032: 0.92546
1033: 0.925532
1034: 0.925604
1035: 0.92471
1036: 0.924783
1037: 0.924855
1038: 0.924928
1039: 0.925
1040: 0.925072
1041: 0.925144
1042: 0.925216
1043: 0.925287
1044: 0.925359
1045: 0.92543
1046: 0.925501
1047: 0.925573
1048: 0.925643
1049: 0.925714
1050: 0.925785
1051: 0.925856
1052: 0.925926
1053: 0.925996
1054: 0.925118
1055: 0.925189
1056: 0.92526
1057: 0.925331
1058: 0.925401
1059: 0.925472
1060: 0.925542
1061: 0.925612
1062: 0.925682
1063: 0.925752
1064: 0.925822
1065: 0.925891
1066: 0.925961
1067: 0.92603
1068: 0.926099
1069: 0.926168
1070: 0.926237
1071: 0.926306
1072: 0.926375
1073: 0.926443
1074: 0.926512
1075: 0.92658
1076: 0.926648
1077: 0.926716
1078: 0.926784
1079: 0.926852
1080: 0.92692
1081: 0.926987
1082: 0.927054
1083: 0.926199
1084: 0.925346
1085: 0.925414
1086: 0.925483
1087: 0.925551
1088: 0.92562
1089: 0.925688
1090: 0.925756
1091: 0.925824
1092: 0.925892
1093: 0.92596
1094: 0.926027
1095: 0.926095
1096: 0.926162
1097: 0.92623
1098: 0.926297
1099: 0.926364
1100: 0.926431
1101: 0.926497
1102: 0.926564
1103: 0.92663
1104: 0.926697
1105: 0.926763
1106: 0.926829
1107: 0.926895
1108: 0.926961
1109: 0.927027
1110: 0.927093
1111: 0.927158
1112: 0.927224
1113: 0.927289
1114: 0.927354
1115: 0.927419
1116: 0.927484
1117: 0.927549
1118: 0.927614
1119: 0.927679
1120: 0.927743
1121: 0.927807
1122: 0.927872
1123: 0.927936
1124: 0.928
1125: 0.928064
1126: 0.928128
1127: 0.928191
1128: 0.928255
1129: 0.928319
1130: 0.928382
1131: 0.928445
1132: 0.928508
1133: 0.928571
1134: 0.928634
1135: 0.928697
1136: 0.92876
1137: 0.928822
1138: 0.928885
1139: 0.928947
1140: 0.92901
1141: 0.929072
1142: 0.929134
1143: 0.929196
1144: 0.929258
1145: 0.929319
1146: 0.929381
1147: 0.929443
1148: 0.929504
1149: 0.929565
1150: 0.929626
1151: 0.929688
1152: 0.929748
1153: 0.929809
1154: 0.92987
1155: 0.929931
1156: 0.929991
1157: 0.930052
1158: 0.930112
1159: 0.930172
1160: 0.930233
1161: 0.930293
1162: 0.930353
1163: 0.930412
1164: 0.929614
1165: 0.928816
1166: 0.928877
1167: 0.928938
1168: 0.928999
1169: 0.92906
1170: 0.92912
1171: 0.928328
1172: 0.927536
1173: 0.926746
1174: 0.925957
1175: 0.92517
1176: 0.924384
1177: 0.923599
1178: 0.922816
1179: 0.922881
1180: 0.922947
1181: 0.923012
1182: 0.923077
1183: 0.923142
1184: 0.923207
1185: 0.922428
1186: 0.922494
1187: 0.922559
1188: 0.922624
1189: 0.922689
1190: 0.922754
1191: 0.922819
1192: 0.922883
1193: 0.922948
1194: 0.923013
1195: 0.923077
1196: 0.923141
1197: 0.923205
1198: 0.922435
1199: 0.9225
1200: 0.922565
1201: 0.922629
1202: 0.922693
1203: 0.922757
1204: 0.922822
1205: 0.922886
1206: 0.922949
1207: 0.923013
1208: 0.923077
1209: 0.92314
1210: 0.923204
1211: 0.923267
1212: 0.923331
1213: 0.923394
1214: 0.923457
1215: 0.92352
1216: 0.923583
1217: 0.923645
1218: 0.923708
1219: 0.922951
1220: 0.923014
1221: 0.923077
1222: 0.92314
1223: 0.923203
1224: 0.923265
1225: 0.923328
1226: 0.92339
1227: 0.923453
1228: 0.923515
1229: 0.923577
1230: 0.923639
1231: 0.923701
1232: 0.923763
1233: 0.923825
1234: 0.923887
1235: 0.923948
1236: 0.92401
1237: 0.924071
1238: 0.924132
1239: 0.924194
1240: 0.924255
1241: 0.924316
1242: 0.923572
1243: 0.923633
1244: 0.923695
1245: 0.923756
1246: 0.923817
1247: 0.923077
1248: 0.923139
1249: 0.9232
1250: 0.923261
1251: 0.923323
1252: 0.923384
1253: 0.923445
1254: 0.923506
1255: 0.923567
1256: 0.923628
1257: 0.923688
1258: 0.923749
1259: 0.92381
1260: 0.92387
1261: 0.92393
1262: 0.92399
1263: 0.924051
1264: 0.92332
1265: 0.922591
1266: 0.921863
1267: 0.921924
1268: 0.921986
1269: 0.922047
1270: 0.922109
1271: 0.92217
1272: 0.921445
1273: 0.921507
1274: 0.921569
1275: 0.92163
1276: 0.921691
1277: 0.921753
1278: 0.921814
1279: 0.921875
1280: 0.921936
1281: 0.921997
1282: 0.922058
1283: 0.92134
1284: 0.921401
1285: 0.921462
1286: 0.921523
1287: 0.921584
1288: 0.921645
1289: 0.921705
1290: 0.921766
1291: 0.921827
1292: 0.921887
1293: 0.921947
1294: 0.922008
1295: 0.922068
1296: 0.922128
1297: 0.922188
1298: 0.922248
1299: 0.922308
1300: 0.922367
1301: 0.922427
1302: 0.922487
1303: 0.922546
1304: 0.922605
1305: 0.922665
1306: 0.922724
1307: 0.922783
1308: 0.922842
1309: 0.922137
1310: 0.921434
1311: 0.921494
1312: 0.921554
1313: 0.921613
1314: 0.921673
1315: 0.921733
1316: 0.921792
1317: 0.921851
1318: 0.921911
1319: 0.92197
1320: 0.922029
1321: 0.921331
1322: 0.920635
1323: 0.91994
1324: 0.92
1325: 0.92006
1326: 0.920121
1327: 0.920181
1328: 0.920241
1329: 0.920301
1330: 0.919609
1331: 0.91967
1332: 0.91973
1333: 0.91979
1334: 0.91985
1335: 0.91991
1336: 0.91997
1337: 0.92003
1338: 0.92009
1339: 0.920149
1340: 0.920209
1341: 0.920268
1342: 0.920328
1343: 0.920387
1344: 0.920446
1345: 0.920505
1346: 0.920564
1347: 0.920623
1348: 0.920682
1349: 0.920741
1350: 0.920799
1351: 0.920858
1352: 0.920916
1353: 0.920975
1354: 0.921033
1355: 0.921091
1356: 0.920413
1357: 0.920471
1358: 0.92053
1359: 0.920588
1360: 0.920647
1361: 0.920705
1362: 0.920763
1363: 0.920821
1364: 0.920879
1365: 0.920937
1366: 0.920995
1367: 0.921053
1368: 0.92111
1369: 0.921168
1370: 0.921225
1371: 0.921283
1372: 0.92134
1373: 0.921397
1374: 0.921455
1375: 0.921512
1376: 0.921569
1377: 0.921626
1378: 0.921682
1379: 0.921739
1380: 0.921796
1381: 0.921852
1382: 0.921909
1383: 0.921965
1384: 0.922022
1385: 0.922078
1386: 0.922134
1387: 0.92219
1388: 0.922246
1389: 0.922302
1390: 0.921639
1391: 0.921695
1392: 0.921752
1393: 0.921808
1394: 0.921864
1395: 0.92192
1396: 0.921976
1397: 0.922031
1398: 0.922087
1399: 0.922143
1400: 0.922198
1401: 0.922254
1402: 0.922309
1403: 0.922365
1404: 0.92242
1405: 0.922475
1406: 0.92253
1407: 0.922585
1408: 0.92264
1409: 0.922695
1410: 0.92275
1411: 0.922805
1412: 0.922859
1413: 0.922914
1414: 0.922968
1415: 0.923023
1416: 0.923077
1417: 0.923131
1418: 0.923185
1419: 0.923239
1420: 0.923293
1421: 0.923347
1422: 0.923401
1423: 0.923455
1424: 0.923509
1425: 0.923562
1426: 0.923616
1427: 0.923669
1428: 0.923723
1429: 0.923776
1430: 0.923829
1431: 0.923883
1432: 0.923936
1433: 0.923989
1434: 0.924042
1435: 0.924095
1436: 0.924148
1437: 0.9242
1438: 0.924253
1439: 0.924306
1440: 0.924358
1441: 0.924411
1442: 0.924463
1443: 0.924515
1444: 0.924567
1445: 0.92462
1446: 0.924672
1447: 0.924724
1448: 0.924776
1449: 0.924828
1450: 0.924879
1451: 0.924931
1452: 0.924983
1453: 0.925034
1454: 0.925086
1455: 0.925137
1456: 0.925189
1457: 0.92524
1458: 0.925291
1459: 0.925342
1460: 0.925394
1461: 0.925445
1462: 0.925496
1463: 0.925546
1464: 0.925597
1465: 0.925648
1466: 0.925699
1467: 0.925749
1468: 0.9258
1469: 0.92585
1470: 0.925901
1471: 0.925951
1472: 0.926001
1473: 0.926052
1474: 0.926102
1475: 0.926152
1476: 0.926202
1477: 0.926252
1478: 0.926302
1479: 0.926351
1480: 0.926401
1481: 0.926451
1482: 0.9265
1483: 0.92655
1484: 0.926599
1485: 0.926649
1486: 0.926698
1487: 0.926747
1488: 0.926797
1489: 0.926846
1490: 0.926895
1491: 0.926944
1492: 0.926993
1493: 0.927041
1494: 0.92709
1495: 0.927139
1496: 0.927188
1497: 0.927236
1498: 0.927285
1499: 0.927333
1500: 0.927382
1501: 0.92743
1502: 0.927478
1503: 0.927527
1504: 0.927575
1505: 0.927623
1506: 0.927671
1507: 0.927719
1508: 0.927767
1509: 0.927815
1510: 0.927862
1511: 0.927249
1512: 0.926636
1513: 0.926684
1514: 0.926733
1515: 0.926781
1516: 0.926829
1517: 0.926877
1518: 0.926926
1519: 0.926974
1520: 0.927022
1521: 0.92707
1522: 0.927118
1523: 0.927165
1524: 0.926557
1525: 0.926606
1526: 0.926654
1527: 0.926702
1528: 0.92675
1529: 0.926797
1530: 0.926845
1531: 0.926893
1532: 0.926941
1533: 0.926988
1534: 0.927036
1535: 0.927083
1536: 0.92648
1537: 0.926528
1538: 0.926576
1539: 0.926623
1540: 0.926671
1541: 0.926719
1542: 0.926766
1543: 0.926813
1544: 0.926861
1545: 0.926261
1546: 0.925663
1547: 0.925065
1548: 0.924467
1549: 0.924516
1550: 0.924565
1551: 0.924613
1552: 0.924662
1553: 0.92471
1554: 0.924759
1555: 0.924807
1556: 0.924855
1557: 0.924904
1558: 0.924952
1559: 0.925
1560: 0.924407
1561: 0.923816
1562: 0.923864
1563: 0.923913
1564: 0.923962
1565: 0.92401
1566: 0.924059
1567: 0.924107
1568: 0.924156
1569: 0.924204
1570: 0.924252
1571: 0.9243
1572: 0.924348
1573: 0.924396
1574: 0.924444
1575: 0.924492
1576: 0.92454
1577: 0.924588
1578: 0.924636
1579: 0.924684
1580: 0.924731
1581: 0.924779
1582: 0.924826
1583: 0.924874
1584: 0.924921
1585: 0.924968
1586: 0.925016
1587: 0.925063
1588: 0.92511
1589: 0.925157
1590: 0.925204
1591: 0.925251
1592: 0.925298
1593: 0.925345
1594: 0.925392
1595: 0.925439
1596: 0.925485
1597: 0.925532
1598: 0.925578
1599: 0.925625
1600: 0.925671
1601: 0.925718
1602: 0.925764
1603: 0.92581
1604: 0.925857
1605: 0.925903
1606: 0.925949
1607: 0.925995
1608: 0.926041
1609: 0.926087
1610: 0.926133
1611: 0.926179
1612: 0.925604
1613: 0.925651
1614: 0.925697
1615: 0.925743
1616: 0.925788
1617: 0.925834
1618: 0.92588
1619: 0.925926
1620: 0.925972
1621: 0.926017
1622: 0.926063
1623: 0.926108
1624: 0.926154
1625: 0.926199
1626: 0.926245
1627: 0.92629
1628: 0.926335
1629: 0.92638
1630: 0.925812
1631: 0.925245
1632: 0.924679
1633: 0.924725
1634: 0.924771
1635: 0.924817
1636: 0.924863
1637: 0.924298
1638: 0.924344
1639: 0.92439
1640: 0.924436
1641: 0.924482
1642: 0.924528
1643: 0.924574
1644: 0.92462
1645: 0.924666
1646: 0.924712
1647: 0.92415
1648: 0.92359
1649: 0.923636
1650: 0.923683
1651: 0.923729
1652: 0.923775
1653: 0.923821
1654: 0.923867
1655: 0.923913
1656: 0.923959
1657: 0.923402
1658: 0.922845
1659: 0.922892
1660: 0.922336
1661: 0.922383
1662: 0.922429
1663: 0.921875
1664: 0.921922
1665: 0.921969
1666: 0.922016
1667: 0.922062
1668: 0.922109
1669: 0.922156
1670: 0.922202
1671: 0.922249
1672: 0.922295
1673: 0.922342
1674: 0.922388
1675: 0.922434
1676: 0.922481
1677: 0.922527
1678: 0.921977
1679: 0.922024
1680: 0.92207
1681: 0.922117
1682: 0.922163
1683: 0.922209
1684: 0.922255
1685: 0.922301
1686: 0.922347
1687: 0.922393
1688: 0.922439
1689: 0.922485
1690: 0.922531
1691: 0.922577
1692: 0.922623
1693: 0.922078
1694: 0.922124
1695: 0.92217
1696: 0.922216
1697: 0.922261
1698: 0.922307
1699: 0.922353
1700: 0.922399
1701: 0.922444
1702: 0.92249
1703: 0.922535
1704: 0.922581
1705: 0.922626
1706: 0.922671
1707: 0.922717
1708: 0.922762
1709: 0.922807
1710: 0.922852
1711: 0.922897
1712: 0.922942
1713: 0.922987
1714: 0.922449
1715: 0.922494
1716: 0.922539
1717: 0.922584
1718: 0.922629
1719: 0.922674
1720: 0.922719
1721: 0.922764
1722: 0.922809
1723: 0.922854
1724: 0.922899
1725: 0.922943
1726: 0.922988
1727: 0.923032
1728: 0.923077
1729: 0.923121
1730: 0.923166
1731: 0.92321
1732: 0.923254
1733: 0.923299
1734: 0.923343
1735: 0.923387
1736: 0.923431
1737: 0.923475
1738: 0.923519
1739: 0.923563
1740: 0.923607
1741: 0.923651
1742: 0.923695
1743: 0.923739
1744: 0.923782
1745: 0.923826
1746: 0.923869
1747: 0.923913
1748: 0.923957
1749: 0.924
1750: 0.924043
1751: 0.924087
1752: 0.92413
1753: 0.924173
1754: 0.924217
1755: 0.92426
1756: 0.924303
1757: 0.924346
1758: 0.924389
1759: 0.923864
1760: 0.923907
1761: 0.92395
1762: 0.923993
1763: 0.924036
1764: 0.924079
1765: 0.924122
1766: 0.924165
1767: 0.924208
1768: 0.924251
1769: 0.924294
1770: 0.924337
1771: 0.924379
1772: 0.924422
1773: 0.924464
1774: 0.924507
1775: 0.92455
1776: 0.924592
1777: 0.924634
1778: 0.924677
1779: 0.924719
1780: 0.924761
1781: 0.924804
1782: 0.924846
1783: 0.924888
1784: 0.92493
1785: 0.924972
1786: 0.925014
1787: 0.925056
1788: 0.925098
1789: 0.92514
1790: 0.925181
1791: 0.925223
1792: 0.925265
1793: 0.925307
1794: 0.925348
1795: 0.92539
1796: 0.925431
1797: 0.925473
1798: 0.925514
1799: 0.925556
1800: 0.925597
1801: 0.925638
1802: 0.925679
1803: 0.925721
1804: 0.925762
1805: 0.925803
1806: 0.925844
1807: 0.925885
1808: 0.925926
1809: 0.925967
1810: 0.926008
1811: 0.926049
1812: 0.926089
1813: 0.92613
1814: 0.926171
1815: 0.926211
1816: 0.926252
1817: 0.926293
1818: 0.926333
1819: 0.926374
1820: 0.926414
1821: 0.926454
1822: 0.926495
1823: 0.926535
1824: 0.926575
1825: 0.926616
1826: 0.926656
1827: 0.926696
1828: 0.926736
1829: 0.926776
1830: 0.926816
1831: 0.926856
1832: 0.926896
1833: 0.926936
1834: 0.926431
1835: 0.926471
1836: 0.926511
1837: 0.926551
1838: 0.926591
1839: 0.92663
1840: 0.92667
1841: 0.92671
1842: 0.92675
1843: 0.92679
1844: 0.926829
1845: 0.926869
1846: 0.926909
1847: 0.926948
1848: 0.926988
1849: 0.927027
1850: 0.927066
1851: 0.927106
1852: 0.926606
1853: 0.926645
1854: 0.926685
1855: 0.926724
1856: 0.926764
1857: 0.926803
1858: 0.926842
1859: 0.926882
1860: 0.926921
1861: 0.92696
1862: 0.926999
1863: 0.927039
1864: 0.927078
1865: 0.927117
1866: 0.927156
1867: 0.927195
1868: 0.927234
1869: 0.927273
1870: 0.927312
1871: 0.92735
1872: 0.927389
1873: 0.927428
1874: 0.927467
1875: 0.927505
1876: 0.927544
1877: 0.927583
1878: 0.927621
1879: 0.92766
1880: 0.927698
1881: 0.927736
1882: 0.927775
1883: 0.927813
1884: 0.927851
1885: 0.92789
1886: 0.927928
1887: 0.927966
1888: 0.928004
1889: 0.928042
1890: 0.92808
1891: 0.928118
1892: 0.928156
1893: 0.928194
1894: 0.928232
1895: 0.92827
1896: 0.928308
1897: 0.928346
1898: 0.928383
1899: 0.928421
1900: 0.928459
1901: 0.927971
1902: 0.928008
1903: 0.928046
1904: 0.928084
1905: 0.928122
1906: 0.928159
1907: 0.928197
1908: 0.928235
1909: 0.928272
1910: 0.92831
1911: 0.928347
1912: 0.928385
1913: 0.928422
1914: 0.92846
1915: 0.928497
1916: 0.928534
1917: 0.928571
1918: 0.928609
1919: 0.928646
1920: 0.928683
1921: 0.92872
1922: 0.928757
1923: 0.928794
1924: 0.928831
1925: 0.928868
1926: 0.928905
1927: 0.928942
1928: 0.928979
1929: 0.929016
1930: 0.929052
1931: 0.929089
1932: 0.928608
1933: 0.928645
1934: 0.928682
1935: 0.928719
1936: 0.928756
1937: 0.928793
1938: 0.928829
1939: 0.928866
1940: 0.928903
1941: 0.928939
1942: 0.928976
1943: 0.929012
1944: 0.929049
1945: 0.929085
1946: 0.929122
1947: 0.929158
1948: 0.929194
1949: 0.929231
1950: 0.929267
1951: 0.929303
1952: 0.929339
1953: 0.929376
1954: 0.929412
1955: 0.928937
1956: 0.928462
1957: 0.928498
1958: 0.928535
1959: 0.928571
1960: 0.928608
1961: 0.928644
1962: 0.928681
1963: 0.928717
1964: 0.928753
1965: 0.928789
1966: 0.928826
1967: 0.928862
1968: 0.928898
1969: 0.928934
1970: 0.92897
1971: 0.929006
1972: 0.929042
1973: 0.929078
1974: 0.928608
1975: 0.928138
1976: 0.927668
1977: 0.927705
1978: 0.927741
1979: 0.927778
1980: 0.927814
1981: 0.927851
1982: 0.927887
1983: 0.927923
1984: 0.92796
1985: 0.927996
1986: 0.928032
1987: 0.928068
1988: 0.928105
1989: 0.928141
1990: 0.928177
1991: 0.928213
1992: 0.928249
1993: 0.928285
1994: 0.92782
1995: 0.927856
1996: 0.927892
1997: 0.927928
1998: 0.927964
1999: 0.928
2000: 0.928036
2001: 0.928072
2002: 0.928108
2003: 0.928144
2004: 0.92818
2005: 0.928215
2006: 0.928251
2007: 0.928287
2008: 0.928323
2009: 0.928358
2010: 0.928394
2011: 0.928429
2012: 0.928465
2013: 0.9285
2014: 0.928536
2015: 0.928075
2016: 0.928111
2017: 0.928147
2018: 0.928182
2019: 0.928218
2020: 0.928253
2021: 0.928289
2022: 0.928324
2023: 0.92836
2024: 0.928395
2025: 0.92843
2026: 0.928466
2027: 0.928501
2028: 0.928536
2029: 0.928571
2030: 0.928607
2031: 0.928642
2032: 0.928677
2033: 0.92822
2034: 0.928256
2035: 0.928291
2036: 0.928326
2037: 0.928361
2038: 0.928396
2039: 0.928431
2040: 0.928466
2041: 0.928501
2042: 0.928536
2043: 0.928571
2044: 0.928606
2045: 0.928641
2046: 0.928676
2047: 0.928711
2048: 0.928746
2049: 0.92878
2050: 0.928815
2051: 0.92885
2052: 0.928885
2053: 0.928919
2054: 0.928954
2055: 0.928988
2056: 0.929023
2057: 0.929057
2058: 0.929092
2059: 0.929126
2060: 0.929161
2061: 0.929195
2062: 0.929229
2063: 0.929264
2064: 0.929298
2065: 0.929332
2066: 0.929366
2067: 0.9294
2068: 0.929435
2069: 0.929469
2070: 0.929503
2071: 0.929537
2072: 0.929571
2073: 0.929605
2074: 0.929639
2075: 0.929672
2076: 0.929706
2077: 0.92974
2078: 0.929774
2079: 0.929808
2080: 0.929841
2081: 0.929875
2082: 0.929909
2083: 0.929942
2084: 0.929976
2085: 0.93001
2086: 0.930043
2087: 0.930077
2088: 0.93011
2089: 0.930144
2090: 0.930177
2091: 0.93021
2092: 0.930244
2093: 0.930277
2094: 0.93031
2095: 0.930344
2096: 0.930377
2097: 0.93041
2098: 0.930443
2099: 0.930476
2100: 0.930509
2101: 0.930542
2102: 0.930575
2103: 0.930608
2104: 0.930641
2105: 0.930674
2106: 0.930707
2107: 0.93074
2108: 0.930773
2109: 0.930806
2110: 0.930838
2111: 0.930871
2112: 0.930904
2113: 0.930937
2114: 0.930969
2115: 0.931002
2116: 0.931034
2117: 0.931067
2118: 0.9311
2119: 0.931132
2120: 0.931165
2121: 0.931197
2122: 0.931229
2123: 0.931262
2124: 0.931294
2125: 0.931326
2126: 0.931359
2127: 0.931391
2128: 0.931423
2129: 0.931455
2130: 0.931488
2131: 0.93152
2132: 0.931552
2133: 0.931584
2134: 0.931616
2135: 0.931648
2136: 0.93168
2137: 0.931712
2138: 0.931744
2139: 0.931776
2140: 0.931808
2141: 0.931839
2142: 0.931871
2143: 0.931903
2144: 0.931935
2145: 0.931966
2146: 0.931998
2147: 0.93203
2148: 0.932061
2149: 0.932093
2150: 0.932125
2151: 0.932156
2152: 0.932188
2153: 0.932219
2154: 0.932251
2155: 0.932282
2156: 0.932313
2157: 0.932345
2158: 0.932376
2159: 0.932407
2160: 0.932439
2161: 0.93247
2162: 0.932501
2163: 0.932532
2164: 0.932564
2165: 0.932595
2166: 0.932626
2167: 0.932657
2168: 0.932688
2169: 0.932719
2170: 0.93275
2171: 0.932781
2172: 0.932812
2173: 0.932843
2174: 0.932874
2175: 0.932904
2176: 0.932935
2177: 0.932966
2178: 0.932997
2179: 0.933028
2180: 0.933058
2181: 0.933089
2182: 0.93312
2183: 0.93315
2184: 0.933181
2185: 0.933211
2186: 0.933242
2187: 0.933272
2188: 0.933303
2189: 0.933333
2190: 0.933364
2191: 0.933394
2192: 0.933425
2193: 0.933455
2194: 0.933485
2195: 0.933515
2196: 0.933546
2197: 0.933576
2198: 0.933606
2199: 0.933636
2200: 0.933667
2201: 0.933697
2202: 0.933727
2203: 0.933757
2204: 0.933787
2205: 0.933817
2206: 0.933847
2207: 0.933877
2208: 0.933907
2209: 0.933937
2210: 0.933967
2211: 0.933996
2212: 0.934026
2213: 0.934056
2214: 0.934086
2215: 0.934116
2216: 0.934145
2217: 0.934175
2218: 0.934205
2219: 0.934234
2220: 0.934264
2221: 0.934293
2222: 0.934323
2223: 0.933903
2224: 0.933933
2225: 0.933962
2226: 0.933992
2227: 0.934022
2228: 0.934051
2229: 0.934081
2230: 0.93411
2231: 0.93414
2232: 0.934169
2233: 0.934199
2234: 0.934228
2235: 0.934258
2236: 0.934287
2237: 0.934316
2238: 0.934346
2239: 0.934375
2240: 0.934404
2241: 0.934434
2242: 0.934463
2243: 0.934492
2244: 0.934521
2245: 0.93455
2246: 0.934579
2247: 0.934609
2248: 0.934638
2249: 0.934667
2250: 0.934696
2251: 0.934725
2252: 0.934754
2253: 0.934783
2254: 0.934812
2255: 0.93484
2256: 0.934869
2257: 0.934898
2258: 0.934927
2259: 0.934956
2260: 0.934985
2261: 0.935013
2262: 0.935042
2263: 0.935071
2264: 0.935099
2265: 0.935128
2266: 0.935157
2267: 0.935185
2268: 0.935214
2269: 0.935242
2270: 0.935271
2271: 0.935299
2272: 0.935328
2273: 0.935356
2274: 0.935385
2275: 0.935413
2276: 0.935441
2277: 0.93547
2278: 0.935498
2279: 0.935526
2280: 0.935555
2281: 0.935583
2282: 0.935611
2283: 0.935639
2284: 0.935667
2285: 0.935696
2286: 0.935724
2287: 0.935752
2288: 0.93578
2289: 0.935808
2290: 0.935836
2291: 0.935864
2292: 0.935892
2293: 0.93592
2294: 0.935948
2295: 0.935976
2296: 0.936003
2297: 0.936031
2298: 0.936059
2299: 0.936087
2300: 0.936115
2301: 0.936142
2302: 0.93617
2303: 0.936198
2304: 0.936226
2305: 0.936253
2306: 0.936281
2307: 0.936308
2308: 0.936336
2309: 0.936364
2310: 0.936391
2311: 0.936419
2312: 0.936446
2313: 0.936474
2314: 0.936501
2315: 0.936528
2316: 0.936556
2317: 0.936583
2318: 0.936611
2319: 0.936638
2320: 0.936665
2321: 0.936693
2322: 0.93672
2323: 0.936747
2324: 0.936774
2325: 0.936801
2326: 0.936829
2327: 0.936856
2328: 0.936883
2329: 0.93691
2330: 0.936937
2331: 0.936964
2332: 0.936991
2333: 0.937018
2334: 0.937045
2335: 0.937072
2336: 0.937099
2337: 0.937126
2338: 0.937153
2339: 0.937179
2340: 0.937206
2341: 0.937233
2342: 0.93726
2343: 0.937287
2344: 0.937313
2345: 0.93734
2346: 0.937367
2347: 0.937394
2348: 0.93742
2349: 0.937447
2350: 0.937473
2351: 0.9375
2352: 0.937527
2353: 0.937553
2354: 0.93758
2355: 0.937606
2356: 0.937633
2357: 0.937659
2358: 0.937685
2359: 0.937712
2360: 0.937738
2361: 0.937765
2362: 0.937791
2363: 0.937817
2364: 0.937844
2365: 0.93787
2366: 0.937896
2367: 0.937922
2368: 0.937949
2369: 0.937975
2370: 0.938001
2371: 0.938027
2372: 0.938053
2373: 0.938079
2374: 0.938105
2375: 0.938131
2376: 0.938157
2377: 0.938183
2378: 0.938209
2379: 0.938235
2380: 0.938261
2381: 0.938287
2382: 0.938313
2383: 0.938339
2384: 0.938365
2385: 0.938391
2386: 0.938416
2387: 0.938442
2388: 0.938468
2389: 0.938494
2390: 0.938519
2391: 0.938545
2392: 0.938571
2393: 0.938596
2394: 0.938622
2395: 0.938648
2396: 0.938673
2397: 0.938699
2398: 0.938724
2399: 0.93875
2400: 0.938776
2401: 0.938801
2402: 0.938826
2403: 0.938852
2404: 0.938877
2405: 0.938903
2406: 0.938928
2407: 0.938953
2408: 0.938979
2409: 0.939004
2410: 0.939029
2411: 0.939055
2412: 0.93908
2413: 0.939105
2414: 0.93913
2415: 0.939156
2416: 0.939181
2417: 0.939206
2418: 0.939231
2419: 0.939256
2420: 0.939281
2421: 0.939306
2422: 0.939331
2423: 0.939356
2424: 0.939381
2425: 0.939406
2426: 0.939431
2427: 0.939456
2428: 0.939481
2429: 0.939506
2430: 0.939531
2431: 0.939556
2432: 0.939581
2433: 0.939606
2434: 0.93963
2435: 0.939655
2436: 0.93968
2437: 0.939705
2438: 0.939729
2439: 0.939754
2440: 0.939779
2441: 0.939803
2442: 0.939828
2443: 0.939853
2444: 0.939877
2445: 0.939902
2446: 0.939926
2447: 0.939951
2448: 0.939976
2449: 0.94
2450: 0.940024
2451: 0.940049
2452: 0.940073
2453: 0.940098
2454: 0.940122
2455: 0.940147
2456: 0.940171
2457: 0.940195
2458: 0.94022
2459: 0.940244
2460: 0.940268
2461: 0.940292
2462: 0.940317
2463: 0.940341
2464: 0.940365
2465: 0.940389
2466: 0.940413
2467: 0.940438
2468: 0.940462
2469: 0.940486
2470: 0.94051
2471: 0.940534
2472: 0.940558
2473: 0.940582
2474: 0.940606
2475: 0.94063
2476: 0.940654
2477: 0.940678
2478: 0.940702
2479: 0.940726
2480: 0.94075
2481: 0.940774
2482: 0.940797
2483: 0.940821
2484: 0.940845
2485: 0.940869
2486: 0.940893
2487: 0.940916
2488: 0.94094
2489: 0.940964
2490: 0.940988
2491: 0.941011
2492: 0.941035
2493: 0.941059
2494: 0.941082
2495: 0.941106
2496: 0.941129
2497: 0.941153
2498: 0.941176
2499: 0.9412
2500: 0.941224
2501: 0.941247
2502: 0.94127
2503: 0.941294
2504: 0.941317
2505: 0.941341
2506: 0.941364
2507: 0.941388
2508: 0.941411
2509: 0.941434
2510: 0.941458
2511: 0.941481
2512: 0.941504
2513: 0.941527
2514: 0.941551
2515: 0.941574
2516: 0.941597
2517: 0.94162
2518: 0.941644
2519: 0.941667
2520: 0.94169
2521: 0.941713
2522: 0.941736
2523: 0.941759
2524: 0.941782
2525: 0.941805
2526: 0.941828
2527: 0.941851
2528: 0.941874
2529: 0.941897
2530: 0.94192
2531: 0.941943
2532: 0.941966
2533: 0.941989
2534: 0.942012
2535: 0.942035
2536: 0.942058
2537: 0.94208
2538: 0.942103
2539: 0.942126
2540: 0.942149
2541: 0.942172
2542: 0.942194
2543: 0.942217
2544: 0.94224
2545: 0.942262
2546: 0.942285
2547: 0.942308
2548: 0.94233
2549: 0.942353
2550: 0.942376
2551: 0.942398
2552: 0.942421
2553: 0.942443
2554: 0.942466
2555: 0.942488
2556: 0.942511
2557: 0.942533
2558: 0.942556
2559: 0.942578
2560: 0.942601
2561: 0.942623
2562: 0.942645
2563: 0.942668
2564: 0.94269
2565: 0.942712
2566: 0.942735
2567: 0.942757
2568: 0.942779
2569: 0.942802
2570: 0.942824
2571: 0.942846
2572: 0.942868
2573: 0.94289
2574: 0.942913
2575: 0.942935
2576: 0.942957
2577: 0.942979
2578: 0.943001
2579: 0.943023
2580: 0.943045
2581: 0.943067
2582: 0.943089
2583: 0.943111
2584: 0.943133
2585: 0.943155
2586: 0.943177
2587: 0.943199
2588: 0.943221
2589: 0.943243
2590: 0.943265
2591: 0.943287
2592: 0.943309
2593: 0.943331
2594: 0.943353
2595: 0.943374
2596: 0.943396
2597: 0.943418
2598: 0.94344
2599: 0.943462
2600: 0.943483
2601: 0.943505
2602: 0.943527
2603: 0.943548
2604: 0.94357
2605: 0.943592
2606: 0.943613
2607: 0.943635
2608: 0.943657
2609: 0.943678
2610: 0.9437
2611: 0.943721
2612: 0.943743
2613: 0.943764
2614: 0.943786
2615: 0.943807
2616: 0.943829
2617: 0.94385
2618: 0.943872
2619: 0.943893
2620: 0.943915
2621: 0.943936
2622: 0.943957
2623: 0.943979
2624: 0.944
2625: 0.944021
2626: 0.944043
2627: 0.944064
2628: 0.944085
2629: 0.944106
2630: 0.944128
2631: 0.944149
2632: 0.94417
2633: 0.944191
2634: 0.944213
2635: 0.944234
2636: 0.944255
2637: 0.944276
2638: 0.944297
2639: 0.944318
2640: 0.944339
2641: 0.94436
2642: 0.944381
2643: 0.944402
2644: 0.944423
2645: 0.944444
2646: 0.944465
2647: 0.944486
2648: 0.944507
2649: 0.944528
2650: 0.944549
2651: 0.94457
2652: 0.944591
2653: 0.944612
2654: 0.944633
2655: 0.944654
2656: 0.944674
2657: 0.944695
2658: 0.944716
2659: 0.944737
2660: 0.944758
2661: 0.944778
2662: 0.944799
2663: 0.94482
2664: 0.944841
2665: 0.944861
2666: 0.944882
2667: 0.944903
2668: 0.944923
2669: 0.944944
2670: 0.944964
2671: 0.944985
2672: 0.945006
2673: 0.945026
2674: 0.945047
2675: 0.945067
2676: 0.945088
2677: 0.945108
2678: 0.945129
2679: 0.945149
2680: 0.94517
2681: 0.94519
2682: 0.945211
2683: 0.945231
2684: 0.945251
2685: 0.945272
2686: 0.945292
2687: 0.945312
2688: 0.945333
2689: 0.945353
2690: 0.945373
2691: 0.945394
2692: 0.945414
2693: 0.945434
2694: 0.945455
2695: 0.945475
2696: 0.945495
2697: 0.945515
2698: 0.945535
2699: 0.945556
2700: 0.945576
2701: 0.945596
2702: 0.945616
2703: 0.945636
2704: 0.945656
2705: 0.945676
2706: 0.945696
2707: 0.945347
2708: 0.945367
2709: 0.945387
2710: 0.945408
2711: 0.945428
2712: 0.945448
2713: 0.945468
2714: 0.945488
2715: 0.945508
2716: 0.945528
2717: 0.945548
2718: 0.945568
2719: 0.945588
2720: 0.945608
2721: 0.945628
2722: 0.945648
2723: 0.945668
2724: 0.945688
2725: 0.945708
2726: 0.945728
2727: 0.945748
2728: 0.945768
2729: 0.945788
2730: 0.945807
2731: 0.945827
2732: 0.945847
2733: 0.945867
2734: 0.945887
2735: 0.945906
2736: 0.945926
2737: 0.945946
2738: 0.945966
2739: 0.945985
2740: 0.946005
2741: 0.946025
2742: 0.946044
2743: 0.946064
2744: 0.946084
2745: 0.946103
2746: 0.946123
2747: 0.946143
2748: 0.946162
2749: 0.946182
2750: 0.946201
2751: 0.946221
2752: 0.94624
2753: 0.94626
2754: 0.946279
2755: 0.946299
2756: 0.946318
2757: 0.946338
2758: 0.946357
2759: 0.946377
2760: 0.946396
2761: 0.946416
2762: 0.946435
2763: 0.946454
2764: 0.946474
2765: 0.946493
2766: 0.946512
2767: 0.946532
2768: 0.946551
2769: 0.94657
2770: 0.94659
2771: 0.946609
2772: 0.946628
2773: 0.946647
2774: 0.946667
2775: 0.946686
2776: 0.946705
2777: 0.946724
2778: 0.946743
2779: 0.946763
2780: 0.946782
2781: 0.946801
2782: 0.94682
2783: 0.946839
2784: 0.946858
2785: 0.946877
2786: 0.946896
2787: 0.946915
2788: 0.946934
2789: 0.946953
2790: 0.946972
2791: 0.946991
2792: 0.94701
2793: 0.947029
2794: 0.947048
2795: 0.947067
2796: 0.947086
2797: 0.947105
2798: 0.947124
2799: 0.947143
2800: 0.947162
2801: 0.947181
2802: 0.947199
2803: 0.947218
2804: 0.947237
2805: 0.947256
2806: 0.947275
2807: 0.947293
2808: 0.947312
2809: 0.947331
2810: 0.94735
2811: 0.947368
2812: 0.947387
2813: 0.947406
2814: 0.947425
2815: 0.947443
2816: 0.947462
2817: 0.94748
2818: 0.947499
2819: 0.947518
2820: 0.947536
2821: 0.947555
2822: 0.947574
2823: 0.947592
2824: 0.947611
2825: 0.947629
2826: 0.947648
2827: 0.947666
2828: 0.947685
2829: 0.947703
2830: 0.947722
2831: 0.94774
2832: 0.947759
2833: 0.947777
2834: 0.947795
2835: 0.947814
2836: 0.947832
2837: 0.947851
2838: 0.947869
2839: 0.947887
2840: 0.947906
2841: 0.947924
2842: 0.947942
2843: 0.947961
2844: 0.947979
2845: 0.947997
2846: 0.948015
2847: 0.948034
2848: 0.948052
2849: 0.94807
2850: 0.948088
2851: 0.948107
2852: 0.948125
2853: 0.948143
2854: 0.948161
2855: 0.948179
2856: 0.948197
2857: 0.948216
2858: 0.948234
2859: 0.948252
2860: 0.94827
2861: 0.948288
2862: 0.948306
2863: 0.948324
2864: 0.948342
2865: 0.94836
2866: 0.948378
2867: 0.948396
2868: 0.948414
2869: 0.948432
2870: 0.94845
2871: 0.948468
2872: 0.948486
2873: 0.948504
2874: 0.948522
2875: 0.94854
2876: 0.948558
2877: 0.948575
2878: 0.948593
2879: 0.948611
2880: 0.948629
2881: 0.948647
2882: 0.948665
2883: 0.948682
2884: 0.9487
2885: 0.948718
2886: 0.948736
2887: 0.948753
2888: 0.948771
2889: 0.948789
2890: 0.948807
2891: 0.948824
2892: 0.948842
2893: 0.94886
2894: 0.948877
2895: 0.948895
2896: 0.948913
2897: 0.94893
2898: 0.948948
2899: 0.948966
2900: 0.948983
2901: 0.949001
2902: 0.949018
2903: 0.949036
2904: 0.949053
2905: 0.949071
2906: 0.949088
2907: 0.949106
2908: 0.949123
2909: 0.949141
2910: 0.949158
2911: 0.949176
2912: 0.949193
2913: 0.949211
2914: 0.949228
2915: 0.949246
2916: 0.949263
2917: 0.94928
2918: 0.949298
2919: 0.949315
2920: 0.949332
2921: 0.94935
2922: 0.949367
2923: 0.949384
2924: 0.949402
2925: 0.949419
2926: 0.949436
2927: 0.949454
2928: 0.949471
2929: 0.949488
2930: 0.949505
2931: 0.949523
2932: 0.94954
2933: 0.949557
2934: 0.949574
2935: 0.949591
2936: 0.949608
2937: 0.949626
2938: 0.949643
2939: 0.94966
2940: 0.949677
2941: 0.949694
2942: 0.949371
2943: 0.949049
2944: 0.948727
2945: 0.948744
2946: 0.948761
2947: 0.948779
2948: 0.948796
2949: 0.948814
2950: 0.948831
2951: 0.948848
2952: 0.948866
2953: 0.948883
2954: 0.9489
2955: 0.948917
2956: 0.948935
2957: 0.948952
2958: 0.948969
2959: 0.948986
2960: 0.949004
2961: 0.949021
2962: 0.949038
2963: 0.949055
2964: 0.949073
2965: 0.94909
2966: 0.949107
2967: 0.949124
2968: 0.949141
2969: 0.949158
2970: 0.949175
2971: 0.949192
2972: 0.94921
2973: 0.949227
2974: 0.949244
2975: 0.949261
2976: 0.949278
2977: 0.949295
2978: 0.949312
2979: 0.949329
2980: 0.949346
2981: 0.949363
2982: 0.94938
2983: 0.949397
2984: 0.949414
2985: 0.949431
2986: 0.949448
2987: 0.949465
2988: 0.949481
2989: 0.949498
2990: 0.949515
2991: 0.949532
2992: 0.949549
2993: 0.949566
2994: 0.949583
2995: 0.949599
2996: 0.949616
2997: 0.949633
2998: 0.94965
2999: 0.949667
3000: 0.949683
3001: 0.9497
3002: 0.949717
3003: 0.949734
3004: 0.94975
3005: 0.949767
3006: 0.949784
3007: 0.949801
3008: 0.949817
3009: 0.949834
3010: 0.949851
3011: 0.949867
3012: 0.949884
3013: 0.9499
3014: 0.949585
3015: 0.949602
3016: 0.949619
3017: 0.949636
3018: 0.949652
3019: 0.949669
3020: 0.949686
3021: 0.949702
3022: 0.949719
3023: 0.949735
3024: 0.949752
3025: 0.949769
3026: 0.949785
3027: 0.949802
3028: 0.949818
3029: 0.949835
3030: 0.949852
3031: 0.949868
3032: 0.949885
3033: 0.949901
3034: 0.949918
3035: 0.949934
3036: 0.949951
3037: 0.949967
3038: 0.949984
3039: 0.95
3040: 0.950016
3041: 0.950033
3042: 0.950049
3043: 0.950066
3044: 0.950082
3045: 0.950098
3046: 0.950115
3047: 0.950131
3048: 0.950148
3049: 0.950164
3050: 0.95018
3051: 0.950197
3052: 0.950213
3053: 0.950229
3054: 0.950245
3055: 0.950262
3056: 0.950278
3057: 0.950294
3058: 0.950311
3059: 0.950327
3060: 0.950343
3061: 0.950359
3062: 0.950375
3063: 0.950392
3064: 0.950408
3065: 0.950424
3066: 0.95044
3067: 0.950456
3068: 0.950472
3069: 0.950489
3070: 0.950505
3071: 0.950521
3072: 0.950537
3073: 0.950553
3074: 0.950569
3075: 0.950585
3076: 0.950601
3077: 0.950617
3078: 0.950633
3079: 0.950649
3080: 0.950665
3081: 0.950681
3082: 0.950697
3083: 0.950713
3084: 0.950729
3085: 0.950745
3086: 0.950761
3087: 0.950777
3088: 0.950793
3089: 0.950809
3090: 0.950825
3091: 0.950841
3092: 0.950857
3093: 0.950873
3094: 0.950889
3095: 0.950904
3096: 0.95092
3097: 0.950936
3098: 0.950952
3099: 0.950968
3100: 0.950984
3101: 0.950999
3102: 0.951015
3103: 0.951031
3104: 0.951047
3105: 0.951062
3106: 0.951078
3107: 0.951094
3108: 0.95111
3109: 0.951125
3110: 0.951141
3111: 0.951157
3112: 0.951173
3113: 0.951188
3114: 0.951204
3115: 0.95122
3116: 0.951235
3117: 0.951251
3118: 0.951266
3119: 0.951282
3120: 0.951298
3121: 0.951313
3122: 0.951329
3123: 0.951344
3124: 0.95136
3125: 0.951376
3126: 0.951391
3127: 0.951407
3128: 0.951422
3129: 0.951438
3130: 0.951453
3131: 0.951469
3132: 0.951484
3133: 0.9515
3134: 0.951515
3135: 0.951531
3136: 0.951546
3137: 0.951562
3138: 0.951577
3139: 0.951592
3140: 0.951608
3141: 0.951623
3142: 0.951639
3143: 0.951654
3144: 0.951669
3145: 0.951685
3146: 0.9517
3147: 0.951715
3148: 0.951731
3149: 0.951746
3150: 0.951761
3151: 0.951777
3152: 0.951792
3153: 0.951807
3154: 0.951823
3155: 0.951838
3156: 0.951853
3157: 0.951868
3158: 0.951884
3159: 0.951899
3160: 0.951914
3161: 0.951929
3162: 0.951944
3163: 0.95196
3164: 0.951975
3165: 0.95199
3166: 0.952005
3167: 0.95202
3168: 0.952035
3169: 0.95205
3170: 0.952066
3171: 0.952081
3172: 0.952096
3173: 0.952111
3174: 0.952126
3175: 0.952141
3176: 0.952156
3177: 0.952171
3178: 0.952186
3179: 0.952201
3180: 0.952216
3181: 0.952231
3182: 0.952246
3183: 0.952261
3184: 0.952276
3185: 0.952291
3186: 0.952306
3187: 0.952321
3188: 0.952336
3189: 0.952351
3190: 0.952366
3191: 0.952381
3192: 0.952396
3193: 0.952411
3194: 0.952426
3195: 0.952441
3196: 0.952455
3197: 0.95247
3198: 0.952485
3199: 0.9525
3200: 0.952515
3201: 0.95253
3202: 0.952544
3203: 0.952559
3204: 0.952574
3205: 0.952589
3206: 0.952604
3207: 0.952618
3208: 0.952633
3209: 0.952648
3210: 0.952663
3211: 0.952677
3212: 0.952692
3213: 0.952707
3214: 0.952722
3215: 0.952736
3216: 0.952751
3217: 0.952766
3218: 0.95278
3219: 0.952795
3220: 0.95281
3221: 0.952824
3222: 0.952839
3223: 0.952854
3224: 0.952868
3225: 0.952883
3226: 0.952588
3227: 0.952602
3228: 0.952617
3229: 0.952632
3230: 0.952646
3231: 0.952661
3232: 0.952676
3233: 0.95269
3234: 0.952705
3235: 0.952719
3236: 0.952734
3237: 0.952749
3238: 0.952763
3239: 0.952469
3240: 0.952484
3241: 0.952498
3242: 0.952513
3243: 0.952528
3244: 0.952542
3245: 0.952557
3246: 0.952572
3247: 0.952586
3248: 0.952601
3249: 0.952615
3250: 0.95263
3251: 0.952645
3252: 0.952659
3253: 0.952674
3254: 0.952688
3255: 0.952703
3256: 0.952717
3257: 0.952732
3258: 0.952746
3259: 0.952761
3260: 0.952775
3261: 0.95279
3262: 0.952804
3263: 0.952819
3264: 0.952833
3265: 0.952848
3266: 0.952862
3267: 0.952876
3268: 0.952891
3269: 0.952905
3270: 0.95292
3271: 0.952934
3272: 0.952948
3273: 0.952963
3274: 0.952977
3275: 0.952991
3276: 0.953006
3277: 0.95302
3278: 0.953034
3279: 0.953049
3280: 0.953063
3281: 0.953077
3282: 0.953092
3283: 0.953106
3284: 0.95312
3285: 0.953135
3286: 0.953149
3287: 0.953163
3288: 0.953177
3289: 0.953191
3290: 0.953206
3291: 0.95322
3292: 0.953234
3293: 0.953248
3294: 0.953263
3295: 0.953277
3296: 0.953291
3297: 0.953305
3298: 0.953319
3299: 0.953333
3300: 0.953347
3301: 0.953362
3302: 0.953376
3303: 0.95339
3304: 0.953404
3305: 0.953418
3306: 0.953432
3307: 0.953446
3308: 0.95346
3309: 0.953474
3310: 0.953488
3311: 0.953502
3312: 0.953516
3313: 0.95353
3314: 0.953544
3315: 0.953559
3316: 0.953573
3317: 0.953586
3318: 0.9536
3319: 0.953614
3320: 0.953628
3321: 0.953642
3322: 0.953656
3323: 0.95367
3324: 0.953684
3325: 0.953698
3326: 0.953712
3327: 0.953726
3328: 0.95374
3329: 0.953754
3330: 0.953768
3331: 0.953782
3332: 0.953795
3333: 0.953809
3334: 0.953823
3335: 0.953837
3336: 0.953851
3337: 0.953865
3338: 0.953878
3339: 0.953892
3340: 0.953906
3341: 0.95392
3342: 0.953934
3343: 0.953947
3344: 0.953961
3345: 0.953975
3346: 0.953989
3347: 0.954002
3348: 0.954016
3349: 0.95403
3350: 0.954044
3351: 0.954057
3352: 0.954071
3353: 0.954085
3354: 0.954098
3355: 0.954112
3356: 0.954126
3357: 0.954139
3358: 0.954153
3359: 0.954167
3360: 0.95418
3361: 0.954194
3362: 0.954208
3363: 0.954221
3364: 0.954235
3365: 0.954248
3366: 0.954262
3367: 0.954276
3368: 0.954289
3369: 0.954303
3370: 0.954316
3371: 0.95433
3372: 0.954343
3373: 0.954357
3374: 0.95437
3375: 0.954384
3376: 0.954397
3377: 0.954411
3378: 0.954424
3379: 0.954438
3380: 0.954451
3381: 0.954465
3382: 0.954478
3383: 0.954492
3384: 0.954505
3385: 0.954519
3386: 0.954532
3387: 0.954545
3388: 0.954559
3389: 0.954572
3390: 0.954586
3391: 0.954599
3392: 0.954612
3393: 0.954626
3394: 0.954639
3395: 0.954653
3396: 0.954666
3397: 0.954679
3398: 0.954693
3399: 0.954706
3400: 0.954719
3401: 0.954733
3402: 0.954746
3403: 0.954759
3404: 0.954772
3405: 0.954786
3406: 0.954799
3407: 0.954812
3408: 0.954825
3409: 0.954839
3410: 0.954852
3411: 0.954865
3412: 0.954878
3413: 0.954892
3414: 0.954905
3415: 0.954918
3416: 0.954931
3417: 0.954944
3418: 0.954958
3419: 0.954971
3420: 0.954984
3421: 0.954997
3422: 0.95501
3423: 0.955023
3424: 0.955036
3425: 0.95505
3426: 0.955063
3427: 0.955076
3428: 0.955089
3429: 0.955102
3430: 0.955115
3431: 0.955128
3432: 0.955141
3433: 0.955154
3434: 0.955167
3435: 0.95518
3436: 0.955193
3437: 0.955207
3438: 0.95522
3439: 0.955233
3440: 0.955246
3441: 0.955259
3442: 0.955272
3443: 0.955285
3444: 0.955298
3445: 0.955311
3446: 0.955323
3447: 0.955336
3448: 0.955349
3449: 0.955362
3450: 0.955375
3451: 0.955388
3452: 0.955401
3453: 0.955414
3454: 0.955427
3455: 0.95544
3456: 0.955453
3457: 0.955466
3458: 0.955478
3459: 0.955491
3460: 0.955504
3461: 0.955517
3462: 0.95553
3463: 0.955543
3464: 0.955556
3465: 0.955568
3466: 0.955581
3467: 0.955594
3468: 0.955607
3469: 0.95562
3470: 0.955632
3471: 0.955645
3472: 0.955658
3473: 0.955671
3474: 0.955683
3475: 0.955696
3476: 0.955709
3477: 0.955722
3478: 0.955734
3479: 0.955747
3480: 0.95576
3481: 0.955773
3482: 0.955785
3483: 0.955798
3484: 0.955811
3485: 0.955823
3486: 0.955836
3487: 0.955849
3488: 0.955861
3489: 0.955874
3490: 0.955887
3491: 0.955899
3492: 0.955912
3493: 0.955924
3494: 0.955937
3495: 0.95595
3496: 0.955962
3497: 0.955975
3498: 0.955987
3499: 0.956
3500: 0.956013
3501: 0.956025
3502: 0.956038
3503: 0.95605
3504: 0.956063
3505: 0.956075
3506: 0.956088
3507: 0.9561
3508: 0.956113
3509: 0.956125
3510: 0.956138
3511: 0.95615
3512: 0.956163
3513: 0.956175
3514: 0.956188
3515: 0.9562
3516: 0.956213
3517: 0.956225
3518: 0.956238
3519: 0.95625
3520: 0.956262
3521: 0.956275
3522: 0.956287
3523: 0.9563
3524: 0.956028
3525: 0.956041
3526: 0.956053
3527: 0.956066
3528: 0.956078
3529: 0.956091
3530: 0.956103
3531: 0.956116
3532: 0.956128
3533: 0.95614
3534: 0.956153
3535: 0.956165
3536: 0.956178
3537: 0.95619
3538: 0.956202
3539: 0.956215
3540: 0.956227
3541: 0.956239
3542: 0.956252
3543: 0.956264
3544: 0.956276
3545: 0.956289
3546: 0.956301
3547: 0.956313
3548: 0.956326
3549: 0.956338
3550: 0.95635
3551: 0.956363
3552: 0.956375
3553: 0.956387
3554: 0.956399
3555: 0.956412
3556: 0.956424
3557: 0.956436
3558: 0.956448
3559: 0.956461
3560: 0.956473
3561: 0.956485
3562: 0.956497
3563: 0.95651
3564: 0.956522
3565: 0.956534
3566: 0.956546
3567: 0.956558
3568: 0.95657
3569: 0.956583
3570: 0.956595
3571: 0.956607
3572: 0.956619
3573: 0.956631
3574: 0.956643
3575: 0.956655
3576: 0.956668
3577: 0.95668
3578: 0.956692
3579: 0.956704
3580: 0.956716
3581: 0.956728
3582: 0.95674
3583: 0.956752
3584: 0.956764
3585: 0.956776
3586: 0.956788
3587: 0.9568
3588: 0.956812
3589: 0.956825
3590: 0.956837
3591: 0.956849
3592: 0.956861
3593: 0.956873
3594: 0.956885
3595: 0.956897
3596: 0.956909
3597: 0.956921
3598: 0.956932
3599: 0.956944
3600: 0.956956
3601: 0.956968
3602: 0.95698
3603: 0.956992
3604: 0.957004
3605: 0.957016
3606: 0.957028
3607: 0.95704
3608: 0.957052
3609: 0.957064
3610: 0.957076
3611: 0.957087
3612: 0.957099
3613: 0.957111
3614: 0.957123
3615: 0.957135
3616: 0.957147
3617: 0.957159
3618: 0.95717
3619: 0.957182
3620: 0.957194
3621: 0.957206
3622: 0.957218
3623: 0.95723
3624: 0.957241
3625: 0.957253
3626: 0.957265
3627: 0.957277
3628: 0.957289
3629: 0.9573
3630: 0.957312
3631: 0.957324
3632: 0.957336
3633: 0.957347
3634: 0.957359
3635: 0.957371
3636: 0.957382
3637: 0.957394
3638: 0.957406
3639: 0.957418
3640: 0.957429
3641: 0.957441
3642: 0.957453
3643: 0.957464
3644: 0.957476
3645: 0.957488
3646: 0.957499
3647: 0.957511
3648: 0.957523
3649: 0.957534
3650: 0.957546
3651: 0.957558
3652: 0.957569
3653: 0.957581
3654: 0.957592
3655: 0.957604
3656: 0.957616
3657: 0.957627
3658: 0.957639
3659: 0.95765
3660: 0.957662
3661: 0.957673
3662: 0.957685
3663: 0.957697
3664: 0.957708
3665: 0.95772
3666: 0.957731
3667: 0.957743
3668: 0.957754
3669: 0.957766
3670: 0.957777
3671: 0.957789
3672: 0.9578
3673: 0.957812
3674: 0.957823
3675: 0.957835
3676: 0.957846
3677: 0.957858
3678: 0.957869
3679: 0.95788
3680: 0.957892
3681: 0.957903
3682: 0.957915
3683: 0.957926
3684: 0.957938
3685: 0.957949
3686: 0.957689
3687: 0.957701
3688: 0.957712
3689: 0.957724
3690: 0.957735
3691: 0.957746
3692: 0.957758
3693: 0.957769
3694: 0.957781
3695: 0.957792
3696: 0.957804
3697: 0.957815
3698: 0.957826
3699: 0.957838
3700: 0.957849
3701: 0.957861
3702: 0.957872
3703: 0.957883
3704: 0.957895
3705: 0.957906
3706: 0.957917
3707: 0.957929
3708: 0.95794
3709: 0.957951
3710: 0.957963
3711: 0.957974
3712: 0.957985
3713: 0.957997
3714: 0.958008
3715: 0.958019
3716: 0.958031
3717: 0.958042
3718: 0.958053
3719: 0.958065
3720: 0.958076
3721: 0.958087
3722: 0.958098
3723: 0.95811
3724: 0.958121
3725: 0.958132
3726: 0.958143
3727: 0.958155
3728: 0.958166
3729: 0.958177
3730: 0.958188
3731: 0.958199
3732: 0.958211
3733: 0.958222
3734: 0.958233
3735: 0.958244
3736: 0.958255
3737: 0.958266
3738: 0.958278
3739: 0.958289
3740: 0.9583
3741: 0.958311
3742: 0.958322
3743: 0.958333
3744: 0.958344
3745: 0.958356
3746: 0.958367
3747: 0.958378
3748: 0.958389
3749: 0.9584
3750: 0.958411
3751: 0.958422
3752: 0.958433
3753: 0.958444
3754: 0.958455
3755: 0.958466
3756: 0.958478
3757: 0.958489
3758: 0.9585
3759: 0.958511
3760: 0.958522
3761: 0.958533
3762: 0.958544
3763: 0.958555
3764: 0.958566
3765: 0.958577
3766: 0.958588
3767: 0.958599
3768: 0.95861
3769: 0.958621
3770: 0.958632
3771: 0.958643
3772: 0.958654
3773: 0.958665
3774: 0.958675
3775: 0.958686
3776: 0.958697
3777: 0.958708
3778: 0.958719
3779: 0.95873
3780: 0.958741
3781: 0.958752
3782: 0.958763
3783: 0.958774
3784: 0.958785
3785: 0.958796
3786: 0.958806
3787: 0.958817
3788: 0.958828
3789: 0.958839
3790: 0.95885
3791: 0.958861
3792: 0.958872
3793: 0.958882
3794: 0.958893
3795: 0.958904
3796: 0.958915
3797: 0.958926
3798: 0.958937
3799: 0.958947
3800: 0.958958
3801: 0.958969
3802: 0.95898
3803: 0.958991
3804: 0.959001
3805: 0.959012
3806: 0.959023
3807: 0.959034
3808: 0.959044
3809: 0.959055
3810: 0.959066
3811: 0.959077
3812: 0.959087
3813: 0.959098
3814: 0.959109
3815: 0.959119
3816: 0.95913
3817: 0.959141
3818: 0.959152
3819: 0.959162
3820: 0.959173
3821: 0.959184
3822: 0.959194
3823: 0.959205
3824: 0.959216
3825: 0.959226
3826: 0.959237
3827: 0.959248
3828: 0.959258
3829: 0.959269
3830: 0.95928
3831: 0.95929
3832: 0.959301
3833: 0.959311
3834: 0.959322
3835: 0.959333
3836: 0.959343
3837: 0.959354
3838: 0.959364
3839: 0.959375
3840: 0.959386
3841: 0.959396
3842: 0.959407
3843: 0.959417
3844: 0.959428
3845: 0.959438
3846: 0.959449
3847: 0.959459
3848: 0.95947
3849: 0.959481
3850: 0.959491
3851: 0.959502
3852: 0.959512
3853: 0.959523
3854: 0.959533
3855: 0.959544
3856: 0.959554
3857: 0.959565
3858: 0.959575
3859: 0.959585
3860: 0.959596
3861: 0.959606
3862: 0.959617
3863: 0.959627
3864: 0.959638
3865: 0.959648
3866: 0.959659
3867: 0.959669
3868: 0.95968
3869: 0.95969
3870: 0.9597
3871: 0.959711
3872: 0.959721
3873: 0.959732
3874: 0.959742
3875: 0.959752
3876: 0.959763
3877: 0.959773
3878: 0.959783
3879: 0.959794
3880: 0.959804
3881: 0.959815
3882: 0.959825
3883: 0.959835
3884: 0.959846
3885: 0.959856
3886: 0.959866
3887: 0.959877
3888: 0.959887
3889: 0.959897
3890: 0.959907
3891: 0.959918
3892: 0.959928
3893: 0.959938
3894: 0.959949
3895: 0.959959
3896: 0.959969
3897: 0.959979
3898: 0.95999
3899: 0.96
3900: 0.96001
3901: 0.960021
3902: 0.960031
3903: 0.960041
3904: 0.960051
3905: 0.960061
3906: 0.960072
3907: 0.960082
3908: 0.960092
3909: 0.960102
3910: 0.960113
3911: 0.960123
3912: 0.960133
3913: 0.960143
3914: 0.960153
3915: 0.960163
3916: 0.960174
3917: 0.960184
3918: 0.960194
3919: 0.960204
3920: 0.960214
3921: 0.960224
3922: 0.960235
3923: 0.960245
3924: 0.960255
3925: 0.960265
3926: 0.960275
3927: 0.960285
3928: 0.960295
3929: 0.960305
3930: 0.960315
3931: 0.960326
3932: 0.960336
3933: 0.960346
3934: 0.960356
3935: 0.960366
3936: 0.960376
3937: 0.960386
3938: 0.960396
3939: 0.960406
3940: 0.960416
3941: 0.960426
3942: 0.960436
3943: 0.960446
3944: 0.960456
3945: 0.960466
3946: 0.960476
3947: 0.960486
3948: 0.960496
3949: 0.960506
3950: 0.960516
3951: 0.960526
3952: 0.960536
3953: 0.960546
3954: 0.960556
3955: 0.960566
3956: 0.960576
3957: 0.960586
3958: 0.960596
3959: 0.960606
3960: 0.960616
3961: 0.960626
3962: 0.960636
3963: 0.960646
3964: 0.960656
3965: 0.960666
3966: 0.960676
3967: 0.960685
3968: 0.960695
3969: 0.960705
3970: 0.960715
3971: 0.960725
3972: 0.960735
3973: 0.960745
3974: 0.960755
3975: 0.960765
3976: 0.960774
3977: 0.960784
3978: 0.960794
3979: 0.960804
3980: 0.960814
3981: 0.960824
3982: 0.960834
3983: 0.960843
3984: 0.960853
3985: 0.960863
3986: 0.960873
3987: 0.960883
3988: 0.960892
3989: 0.960902
3990: 0.960912
3991: 0.960922
3992: 0.960932
3993: 0.960941
3994: 0.960951
3995: 0.960961
3996: 0.960971
3997: 0.96098
3998: 0.96099
3999: 0.961
4000: 0.96101
4001: 0.961019
4002: 0.961029
4003: 0.961039
4004: 0.961049
4005: 0.961058
4006: 0.961068
4007: 0.961078
4008: 0.961088
4009: 0.961097
4010: 0.961107
4011: 0.961117
4012: 0.961126
4013: 0.961136
4014: 0.961146
4015: 0.961155
4016: 0.961165
4017: 0.961175
4018: 0.961184
4019: 0.961194
4020: 0.961204
4021: 0.961213
4022: 0.961223
4023: 0.961233
4024: 0.961242
4025: 0.961252
4026: 0.961261
4027: 0.961271
4028: 0.961281
4029: 0.96129
4030: 0.9613
4031: 0.96131
4032: 0.961319
4033: 0.961329
4034: 0.961338
4035: 0.961348
4036: 0.961357
4037: 0.961367
4038: 0.961377
4039: 0.961386
4040: 0.961396
4041: 0.961405
4042: 0.961415
4043: 0.961424
4044: 0.961434
4045: 0.961443
4046: 0.961453
4047: 0.961462
4048: 0.961472
4049: 0.961481
4050: 0.961491
4051: 0.9615
4052: 0.96151
4053: 0.961519
4054: 0.961529
4055: 0.961538
4056: 0.961548
4057: 0.961557
4058: 0.961567
4059: 0.961576
4060: 0.961586
4061: 0.961595
4062: 0.961605
4063: 0.961614
4064: 0.961624
4065: 0.961633
4066: 0.961642
4067: 0.961652
4068: 0.961661
4069: 0.961671
4070: 0.96168
4071: 0.96169
4072: 0.961699
4073: 0.961708
4074: 0.961718
4075: 0.961727
4076: 0.961737
4077: 0.961746
4078: 0.961755
4079: 0.961765
4080: 0.961774
4081: 0.961783
4082: 0.961793
4083: 0.961802
4084: 0.961812
4085: 0.961821
4086: 0.96183
4087: 0.96184
4088: 0.961849
4089: 0.961858
4090: 0.961868
4091: 0.961877
4092: 0.961886
4093: 0.961895
4094: 0.961905
4095: 0.961914
4096: 0.961923
4097: 0.961933
4098: 0.961942
4099: 0.961951
4100: 0.96196
4101: 0.96197
4102: 0.961979
4103: 0.961988
4104: 0.961998
4105: 0.962007
4106: 0.962016
4107: 0.962025
4108: 0.962035
4109: 0.962044
4110: 0.962053
4111: 0.962062
4112: 0.962071
4113: 0.962081
4114: 0.96209
4115: 0.962099
4116: 0.962108
4117: 0.962118
4118: 0.962127
4119: 0.962136
4120: 0.962145
4121: 0.962154
4122: 0.962163
4123: 0.962173
4124: 0.962182
4125: 0.962191
4126: 0.9622
4127: 0.962209
4128: 0.962218
4129: 0.962228
4130: 0.962237
4131: 0.962246
4132: 0.962255
4133: 0.962264
4134: 0.962273
4135: 0.962282
4136: 0.962292
4137: 0.962301
4138: 0.96231
4139: 0.962319
4140: 0.962328
4141: 0.962337
4142: 0.962346
4143: 0.962355
4144: 0.962364
4145: 0.962373
4146: 0.962382
4147: 0.962392
4148: 0.962401
4149: 0.96241
4150: 0.962419
4151: 0.962428
4152: 0.962437
4153: 0.962446
4154: 0.962455
4155: 0.962464
4156: 0.962473
4157: 0.962482
4158: 0.962491
4159: 0.9625
4160: 0.962509
4161: 0.962518
4162: 0.962527
4163: 0.962536
4164: 0.962545
4165: 0.962554
4166: 0.962563
4167: 0.962572
4168: 0.962581
4169: 0.96259
4170: 0.962599
4171: 0.962608
4172: 0.962617
4173: 0.962626
4174: 0.962635
4175: 0.962644
4176: 0.962653
4177: 0.962662
4178: 0.96267
4179: 0.962679
4180: 0.962688
4181: 0.962697
4182: 0.962706
4183: 0.962715
4184: 0.962724
4185: 0.962733
4186: 0.962742
4187: 0.962751
4188: 0.96276
4189: 0.962768
4190: 0.962777
4191: 0.962786
4192: 0.962795
4193: 0.962804
4194: 0.962813
4195: 0.962822
4196: 0.962831
4197: 0.962839
4198: 0.962848
4199: 0.962857
4200: 0.962866
4201: 0.962875
4202: 0.962884
4203: 0.962892
4204: 0.962901
4205: 0.96291
4206: 0.962919
4207: 0.962928
4208: 0.962937
4209: 0.962945
4210: 0.962954
4211: 0.962963
4212: 0.962972
4213: 0.962981
4214: 0.962989
4215: 0.962998
4216: 0.963007
4217: 0.963016
4218: 0.963024
4219: 0.963033
4220: 0.963042
4221: 0.963051
4222: 0.963059
4223: 0.963068
4224: 0.963077
4225: 0.963086
4226: 0.963094
4227: 0.963103
4228: 0.963112
4229: 0.963121
4230: 0.963129
4231: 0.963138
4232: 0.963147
4233: 0.963155
4234: 0.963164
4235: 0.963173
4236: 0.963181
4237: 0.96319
4238: 0.963199
4239: 0.963208
4240: 0.963216
4241: 0.963225
4242: 0.963234
4243: 0.963242
4244: 0.963251
4245: 0.96326
4246: 0.963268
4247: 0.963277
4248: 0.963285
4249: 0.963294
4250: 0.963303
4251: 0.963311
4252: 0.96332
4253: 0.963329
4254: 0.963337
4255: 0.963346
4256: 0.963354
4257: 0.963363
4258: 0.963372
4259: 0.96338
4260: 0.963389
4261: 0.963397
4262: 0.963406
4263: 0.963415
4264: 0.963423
4265: 0.963432
4266: 0.96344
4267: 0.963449
4268: 0.963457
4269: 0.963466
4270: 0.963475
4271: 0.963483
4272: 0.963492
4273: 0.9635
4274: 0.963509
4275: 0.963517
4276: 0.963526
4277: 0.963534
4278: 0.963543
4279: 0.963551
4280: 0.96356
4281: 0.963568
4282: 0.963577
4283: 0.963585
4284: 0.963594
4285: 0.963602
4286: 0.963611
4287: 0.963619
4288: 0.963628
4289: 0.963636
4290: 0.963645
4291: 0.963653
4292: 0.963662
4293: 0.96367
4294: 0.963679
4295: 0.963687
4296: 0.963696
4297: 0.963704
4298: 0.963712
4299: 0.963721
4300: 0.963729
4301: 0.963738
4302: 0.963746
4303: 0.963755
4304: 0.963763
4305: 0.963771
4306: 0.96378
4307: 0.963788
4308: 0.963797
4309: 0.963805
4310: 0.963814
4311: 0.963822
4312: 0.96383
4313: 0.963839
4314: 0.963847
4315: 0.963855
4316: 0.963864
4317: 0.963872
4318: 0.963881
4319: 0.963889
4320: 0.963897
4321: 0.963906
4322: 0.963914
4323: 0.963922
4324: 0.963931
4325: 0.963939
4326: 0.963947
4327: 0.963956
4328: 0.963964
4329: 0.963972
4330: 0.963981
4331: 0.963989
4332: 0.963997
4333: 0.964006
4334: 0.964014
4335: 0.964022
4336: 0.96403
4337: 0.964039
4338: 0.964047
4339: 0.964055
4340: 0.964064
4341: 0.964072
4342: 0.96408
4343: 0.964088
4344: 0.964097
4345: 0.964105
4346: 0.964113
4347: 0.964121
4348: 0.96413
4349: 0.964138
4350: 0.964146
4351: 0.964154
4352: 0.964163
4353: 0.964171
4354: 0.964179
4355: 0.964187
4356: 0.964196
4357: 0.964204
4358: 0.964212
4359: 0.96422
4360: 0.964228
4361: 0.964237
4362: 0.964245
4363: 0.964253
4364: 0.964261
4365: 0.964269
4366: 0.964278
4367: 0.964286
4368: 0.964294
4369: 0.964302
4370: 0.96431
4371: 0.964318
4372: 0.964327
4373: 0.964335
4374: 0.964343
4375: 0.964351
4376: 0.964359
4377: 0.964367
4378: 0.964375
4379: 0.964384
4380: 0.964392
4381: 0.9644
4382: 0.964408
4383: 0.964416
4384: 0.964424
4385: 0.964432
4386: 0.96444
4387: 0.964448
4388: 0.964457
4389: 0.964465
4390: 0.964473
4391: 0.964481
4392: 0.964489
4393: 0.964497
4394: 0.964505
4395: 0.964513
4396: 0.964521
4397: 0.964529
4398: 0.964537
4399: 0.964545
4400: 0.964554
4401: 0.964562
4402: 0.96457
4403: 0.964578
4404: 0.964586
4405: 0.964594
4406: 0.964602
4407: 0.96461
4408: 0.964618
4409: 0.964626
4410: 0.964634
4411: 0.964642
4412: 0.96465
4413: 0.964658
4414: 0.964666
4415: 0.964674
4416: 0.964682
4417: 0.96469
4418: 0.964698
4419: 0.964706
4420: 0.964714
4421: 0.964722
4422: 0.96473
4423: 0.964738
4424: 0.964746
4425: 0.964754
4426: 0.964762
4427: 0.96477
4428: 0.964778
4429: 0.964786
4430: 0.964794
4431: 0.964801
4432: 0.964809
4433: 0.964817
4434: 0.964825
4435: 0.964833
4436: 0.964841
4437: 0.964849
4438: 0.964857
4439: 0.964865
4440: 0.964873
4441: 0.964881
4442: 0.964889
4443: 0.964896
4444: 0.964904
4445: 0.964912
4446: 0.96492
4447: 0.964928
4448: 0.964936
4449: 0.964944
4450: 0.964952
4451: 0.96496
4452: 0.964967
4453: 0.964975
4454: 0.964983
4455: 0.964991
4456: 0.964999
4457: 0.965007
4458: 0.965015
4459: 0.965022
4460: 0.96503
4461: 0.965038
4462: 0.965046
4463: 0.965054
4464: 0.965062
4465: 0.965069
4466: 0.965077
4467: 0.965085
4468: 0.965093
4469: 0.965101
4470: 0.965108
4471: 0.965116
4472: 0.965124
4473: 0.965132
4474: 0.96514
4475: 0.965147
4476: 0.965155
4477: 0.965163
4478: 0.965171
4479: 0.965179
4480: 0.965186
4481: 0.965194
4482: 0.965202
4483: 0.96521
4484: 0.965217
4485: 0.965225
4486: 0.965233
4487: 0.965241
4488: 0.965248
4489: 0.965256
4490: 0.965264
4491: 0.965272
4492: 0.965279
4493: 0.965287
4494: 0.965295
4495: 0.965302
4496: 0.96531
4497: 0.965318
4498: 0.965326
4499: 0.965333
4500: 0.965341
4501: 0.965349
4502: 0.965356
4503: 0.965364
4504: 0.965372
4505: 0.965379
4506: 0.965387
4507: 0.965395
4508: 0.965403
4509: 0.96541
4510: 0.965418
4511: 0.965426
4512: 0.965433
4513: 0.965441
4514: 0.965449
4515: 0.965456
4516: 0.965464
4517: 0.965471
4518: 0.965479
4519: 0.965487
4520: 0.965494
4521: 0.965502
4522: 0.96551
4523: 0.965517
4524: 0.965525
4525: 0.965532
4526: 0.96554
4527: 0.965548
4528: 0.965555
4529: 0.965563
4530: 0.965571
4531: 0.965578
4532: 0.965586
4533: 0.965593
4534: 0.965601
4535: 0.965608
4536: 0.965616
4537: 0.965624
4538: 0.965631
4539: 0.965639
4540: 0.965646
4541: 0.965654
4542: 0.965661
4543: 0.965669
4544: 0.965677
4545: 0.965684
4546: 0.965692
4547: 0.965699
4548: 0.965707
4549: 0.965714
4550: 0.965722
4551: 0.965729
4552: 0.965737
4553: 0.965744
4554: 0.965752
4555: 0.965759
4556: 0.965767
4557: 0.965774
4558: 0.965782
4559: 0.965789
4560: 0.965797
4561: 0.965804
4562: 0.965812
4563: 0.965819
4564: 0.965827
4565: 0.965834
4566: 0.965842
4567: 0.965849
4568: 0.965857
4569: 0.965864
4570: 0.965872
4571: 0.965879
4572: 0.965887
4573: 0.965894
4574: 0.965902
4575: 0.965909
4576: 0.965917
4577: 0.965924
4578: 0.965931
4579: 0.965939
4580: 0.965946
4581: 0.965954
4582: 0.965961
4583: 0.965969
4584: 0.965976
4585: 0.965983
4586: 0.965991
4587: 0.965998
4588: 0.966006
4589: 0.966013
4590: 0.96602
4591: 0.966028
4592: 0.966035
4593: 0.966043
4594: 0.96605
4595: 0.966057
4596: 0.966065
4597: 0.966072
4598: 0.96608
4599: 0.966087
4600: 0.966094
4601: 0.966102
4602: 0.966109
4603: 0.966116
4604: 0.966124
4605: 0.966131
4606: 0.966138
4607: 0.966146
4608: 0.966153
4609: 0.966161
4610: 0.966168
4611: 0.966175
4612: 0.966183
4613: 0.96619
4614: 0.966197
4615: 0.966205
4616: 0.966212
4617: 0.966219
4618: 0.966226
4619: 0.966234
4620: 0.966241
4621: 0.966248
4622: 0.966256
4623: 0.966263
4624: 0.96627
4625: 0.966278
4626: 0.966285
4627: 0.966292
4628: 0.966299
4629: 0.966307
4630: 0.966314
4631: 0.966321
4632: 0.966329
4633: 0.966336
4634: 0.966343
4635: 0.96635
4636: 0.966358
4637: 0.966365
4638: 0.966372
4639: 0.966379
4640: 0.966387
4641: 0.966394
4642: 0.966401
4643: 0.966408
4644: 0.966416
4645: 0.966423
4646: 0.96643
4647: 0.966437
4648: 0.966444
4649: 0.966452
4650: 0.966459
4651: 0.966466
4652: 0.966473
4653: 0.96648
4654: 0.966488
4655: 0.966495
4656: 0.966502
4657: 0.966509
4658: 0.966516
4659: 0.966524
4660: 0.966531
4661: 0.966538
4662: 0.966545
4663: 0.966552
4664: 0.966559
4665: 0.966567
4666: 0.966574
4667: 0.966581
4668: 0.966588
4669: 0.966595
4670: 0.966602
4671: 0.96661
4672: 0.966617
4673: 0.966624
4674: 0.966631
4675: 0.966638
4676: 0.966645
4677: 0.966652
4678: 0.96666
4679: 0.966667
4680: 0.966674
4681: 0.966681
4682: 0.966688
4683: 0.966695
4684: 0.966702
4685: 0.966709
4686: 0.966716
4687: 0.966724
4688: 0.966731
4689: 0.966738
4690: 0.966745
4691: 0.966752
4692: 0.966759
4693: 0.966766
4694: 0.966773
4695: 0.96678
4696: 0.966787
4697: 0.966794
4698: 0.966801
4699: 0.966809
4700: 0.966816
4701: 0.966823
4702: 0.96683
4703: 0.966837
4704: 0.966844
4705: 0.966851
4706: 0.966858
4707: 0.966865
4708: 0.966872
4709: 0.966879
4710: 0.966886
4711: 0.966893
4712: 0.9669
4713: 0.966907
4714: 0.966914
4715: 0.966921
4716: 0.966928
4717: 0.966935
4718: 0.966942
4719: 0.966949
4720: 0.966956
4721: 0.966963
4722: 0.96697
4723: 0.966977
4724: 0.966984
4725: 0.966991
4726: 0.966998
4727: 0.967005
4728: 0.967012
4729: 0.967019
4730: 0.967026
4731: 0.967033
4732: 0.96704
4733: 0.967047
4734: 0.967054
4735: 0.967061
4736: 0.967068
4737: 0.967075
4738: 0.967082
4739: 0.967089
4740: 0.967096
4741: 0.967102
4742: 0.967109
4743: 0.967116
4744: 0.967123
4745: 0.96713
4746: 0.967137
4747: 0.967144
4748: 0.967151
4749: 0.967158
4750: 0.967165
4751: 0.967172
4752: 0.967179
4753: 0.967186
4754: 0.967192
4755: 0.967199
4756: 0.967206
4757: 0.967213
4758: 0.96722
4759: 0.967227
4760: 0.967234
4761: 0.967241
4762: 0.967248
4763: 0.967254
4764: 0.967261
4765: 0.967268
4766: 0.967275
4767: 0.967282
4768: 0.967289
4769: 0.967296
4770: 0.967302
4771: 0.967309
4772: 0.967316
4773: 0.967323
4774: 0.96733
4775: 0.967337
4776: 0.967344
4777: 0.96735
4778: 0.967357
4779: 0.967364
4780: 0.967371
4781: 0.967378
4782: 0.967384
4783: 0.967182
4784: 0.96698
4785: 0.966987
4786: 0.966994
4787: 0.967001
4788: 0.967008
4789: 0.967015
4790: 0.967021
4791: 0.967028
4792: 0.967035
4793: 0.967042
4794: 0.967049
4795: 0.967056
4796: 0.967063
4797: 0.96707
4798: 0.967076
4799: 0.967083
4800: 0.96709
4801: 0.967097
4802: 0.967104
4803: 0.967111
4804: 0.967118
4805: 0.967124
4806: 0.967131
4807: 0.967138
4808: 0.967145
4809: 0.967152
4810: 0.967159
4811: 0.967165
4812: 0.967172
4813: 0.967179
4814: 0.967186
4815: 0.967193
4816: 0.9672
4817: 0.967206
4818: 0.967213
4819: 0.96722
4820: 0.967227
4821: 0.967234
4822: 0.96724
4823: 0.967247
4824: 0.967254
4825: 0.967261
4826: 0.967267
4827: 0.967274
4828: 0.967281
4829: 0.967288
4830: 0.967295
4831: 0.967301
4832: 0.967308
4833: 0.967315
4834: 0.967322
4835: 0.967328
4836: 0.967335
4837: 0.967342
4838: 0.967349
4839: 0.967355
4840: 0.967362
4841: 0.967369
4842: 0.967376
4843: 0.967382
4844: 0.967389
4845: 0.967396
4846: 0.967403
4847: 0.967409
4848: 0.967416
4849: 0.967423
4850: 0.967429
4851: 0.967436
4852: 0.967443
4853: 0.96745
4854: 0.967456
4855: 0.967463
4856: 0.96747
4857: 0.967476
4858: 0.967483
4859: 0.96749
4860: 0.967496
4861: 0.967503
4862: 0.96751
4863: 0.967516
4864: 0.967523
4865: 0.96753
4866: 0.967536
4867: 0.967543
4868: 0.96755
4869: 0.967556
4870: 0.967563
4871: 0.96757
4872: 0.967576
4873: 0.967583
4874: 0.96759
4875: 0.967596
4876: 0.967603
4877: 0.96761
4878: 0.967616
4879: 0.967623
4880: 0.96763
4881: 0.967636
4882: 0.967643
4883: 0.967649
4884: 0.967656
4885: 0.967663
4886: 0.967669
4887: 0.967676
4888: 0.967683
4889: 0.967689
4890: 0.967696
4891: 0.967702
4892: 0.967709
4893: 0.967716
4894: 0.967722
4895: 0.967729
4896: 0.967735
4897: 0.967742
4898: 0.967749
4899: 0.967755
4900: 0.967762
4901: 0.967768
4902: 0.967775
4903: 0.967781
4904: 0.967788
4905: 0.967795
4906: 0.967801
4907: 0.967808
4908: 0.967814
4909: 0.967821
4910: 0.967827
4911: 0.967834
4912: 0.96784
4913: 0.967847
4914: 0.967854
4915: 0.96786
4916: 0.967867
4917: 0.967873
4918: 0.96788
4919: 0.967886
4920: 0.967893
4921: 0.967899
4922: 0.967906
4923: 0.967912
4924: 0.967919
4925: 0.967925
4926: 0.967932
4927: 0.967938
4928: 0.967945
4929: 0.967951
4930: 0.967958
4931: 0.967964
4932: 0.967971
4933: 0.967977
4934: 0.967984
4935: 0.96799
4936: 0.967997
4937: 0.968003
4938: 0.96801
4939: 0.968016
4940: 0.968023
4941: 0.968029
4942: 0.968036
4943: 0.968042
4944: 0.968049
4945: 0.968055
4946: 0.968061
4947: 0.968068
4948: 0.968074
4949: 0.968081
4950: 0.968087
4951: 0.968094
4952: 0.9681
4953: 0.968107
4954: 0.968113
4955: 0.968119
4956: 0.968126
4957: 0.968132
4958: 0.968139
4959: 0.968145
4960: 0.968152
4961: 0.968158
4962: 0.968164
4963: 0.968171
4964: 0.968177
4965: 0.968184
4966: 0.96819
4967: 0.968196
4968: 0.968203
4969: 0.968209
4970: 0.968216
4971: 0.968222
4972: 0.968228
4973: 0.968235
4974: 0.968241
4975: 0.968248
4976: 0.968254
4977: 0.96826
4978: 0.968267
4979: 0.968273
4980: 0.968279
4981: 0.968286
4982: 0.968292
4983: 0.968299
4984: 0.968305
4985: 0.968311
4986: 0.968318
4987: 0.968324
4988: 0.96833
4989: 0.968337
4990: 0.968343
4991: 0.968349
4992: 0.968356
4993: 0.968362
4994: 0.968368
4995: 0.968375
4996: 0.968381
4997: 0.968387
4998: 0.968394
4999: 0.9684
5000: 0.968406
5001: 0.968413
5002: 0.968419
5003: 0.968425
5004: 0.968432
5005: 0.968438
5006: 0.968444
5007: 0.96845
5008: 0.968457
5009: 0.968463
5010: 0.968469
5011: 0.968476
5012: 0.968482
5013: 0.968488
5014: 0.968495
5015: 0.968501
5016: 0.968507
5017: 0.968513
5018: 0.96852
5019: 0.968526
5020: 0.968532
5021: 0.968538
5022: 0.968545
5023: 0.968551
5024: 0.968557
5025: 0.968563
5026: 0.96857
5027: 0.968576
5028: 0.968582
5029: 0.968588
5030: 0.968595
5031: 0.968601
5032: 0.968607
5033: 0.968613
5034: 0.96862
5035: 0.968626
5036: 0.968632
5037: 0.968638
5038: 0.968645
5039: 0.968651
5040: 0.968657
5041: 0.968663
5042: 0.968669
5043: 0.968676
5044: 0.968682
5045: 0.968688
5046: 0.968694
5047: 0.9687
5048: 0.968707
5049: 0.968713
5050: 0.968719
5051: 0.968725
5052: 0.968731
5053: 0.968738
5054: 0.968744
5055: 0.96875
5056: 0.968756
5057: 0.968762
5058: 0.968769
5059: 0.968775
5060: 0.968781
5061: 0.968787
5062: 0.968793
5063: 0.968799
5064: 0.968806
5065: 0.968812
5066: 0.968818
5067: 0.968824
5068: 0.96883
5069: 0.968836
5070: 0.968842
5071: 0.968849
5072: 0.968855
5073: 0.968861
5074: 0.968867
5075: 0.968873
5076: 0.968879
5077: 0.968885
5078: 0.968892
5079: 0.968898
5080: 0.968904
5081: 0.96891
5082: 0.968916
5083: 0.968922
5084: 0.968928
5085: 0.968934
5086: 0.96894
5087: 0.968947
5088: 0.968953
5089: 0.968959
5090: 0.968965
5091: 0.968971
5092: 0.968977
5093: 0.968983
5094: 0.968989
5095: 0.968995
5096: 0.969001
5097: 0.969007
5098: 0.969014
5099: 0.96902
5100: 0.969026
5101: 0.969032
5102: 0.969038
5103: 0.969044
5104: 0.96905
5105: 0.969056
5106: 0.969062
5107: 0.969068
5108: 0.969074
5109: 0.96908
5110: 0.969086
5111: 0.969092
5112: 0.969098
5113: 0.969104
5114: 0.96911
5115: 0.969116
5116: 0.969123
5117: 0.969129
5118: 0.969135
5119: 0.969141
5120: 0.969147
5121: 0.969153
5122: 0.969159
5123: 0.969165
5124: 0.969171
5125: 0.969177
5126: 0.969183
5127: 0.969189
5128: 0.969195
5129: 0.969201
5130: 0.969207
5131: 0.969213
5132: 0.969219
5133: 0.969225
5134: 0.969231
5135: 0.969237
5136: 0.969243
5137: 0.969249
5138: 0.969255
5139: 0.969261
5140: 0.969267
5141: 0.969273
5142: 0.969279
5143: 0.969285
5144: 0.969291
5145: 0.969297
5146: 0.969303
5147: 0.969308
5148: 0.969314
5149: 0.96932
5150: 0.969326
5151: 0.969332
5152: 0.969338
5153: 0.969344
5154: 0.96935
5155: 0.969356
5156: 0.969362
5157: 0.969368
5158: 0.969374
5159: 0.96938
5160: 0.969386
5161: 0.969392
5162: 0.969398
5163: 0.969404
5164: 0.969409
5165: 0.969415
5166: 0.969421
5167: 0.969427
5168: 0.969433
5169: 0.969439
5170: 0.969445
5171: 0.969451
5172: 0.969457
5173: 0.969463
5174: 0.969469
5175: 0.969474
5176: 0.96948
5177: 0.969486
5178: 0.969492
5179: 0.969498
5180: 0.969504
5181: 0.96951
5182: 0.969516
5183: 0.969522
5184: 0.969527
5185: 0.969533
5186: 0.969539
5187: 0.969545
5188: 0.969551
5189: 0.969557
5190: 0.969563
5191: 0.969569
5192: 0.969574
5193: 0.96958
5194: 0.969586
5195: 0.969592
5196: 0.969598
5197: 0.969604
5198: 0.96961
5199: 0.969615
5200: 0.969621
5201: 0.969627
5202: 0.969633
5203: 0.969639
5204: 0.969645
5205: 0.96965
5206: 0.969656
5207: 0.969662
5208: 0.969668
5209: 0.969674
5210: 0.96968
5211: 0.969685
5212: 0.969691
5213: 0.969697
5214: 0.969703
5215: 0.969709
5216: 0.969714
5217: 0.96972
5218: 0.969726
5219: 0.969732
5220: 0.969738
5221: 0.969743
5222: 0.969749
5223: 0.969755
5224: 0.969761
5225: 0.969767
5226: 0.969772
5227: 0.969778
5228: 0.969784
5229: 0.96979
5230: 0.969795
5231: 0.969801
5232: 0.969807
5233: 0.969813
5234: 0.969819
5235: 0.969824
5236: 0.96983
5237: 0.969836
5238: 0.969842
5239: 0.969847
5240: 0.969853
5241: 0.969859
5242: 0.969865
5243: 0.96987
5244: 0.969876
5245: 0.969882
5246: 0.969888
5247: 0.969893
5248: 0.969899
5249: 0.969905
5250: 0.96991
5251: 0.969916
5252: 0.969922
5253: 0.969928
5254: 0.969933
5255: 0.969939
5256: 0.969945
5257: 0.969951
5258: 0.969956
5259: 0.969962
5260: 0.969968
5261: 0.969973
5262: 0.969979
5263: 0.969985
5264: 0.969991
5265: 0.969996
5266: 0.970002
5267: 0.970008
5268: 0.970013
5269: 0.970019
5270: 0.970025
5271: 0.97003
5272: 0.970036
5273: 0.970042
5274: 0.970047
5275: 0.970053
5276: 0.970059
5277: 0.970064
5278: 0.97007
5279: 0.970076
5280: 0.970081
5281: 0.970087
5282: 0.970093
5283: 0.970098
5284: 0.970104
5285: 0.97011
5286: 0.970115
5287: 0.970121
5288: 0.970127
5289: 0.970132
5290: 0.970138
5291: 0.970144
5292: 0.970149
5293: 0.970155
5294: 0.970161
5295: 0.970166
5296: 0.970172
5297: 0.970177
5298: 0.970183
5299: 0.970189
5300: 0.970194
5301: 0.9702
5302: 0.970206
5303: 0.970211
5304: 0.970217
5305: 0.970222
5306: 0.970228
5307: 0.970234
5308: 0.970239
5309: 0.970245
5310: 0.97025
5311: 0.970256
5312: 0.970262
5313: 0.970267
5314: 0.970273
5315: 0.970278
5316: 0.970284
5317: 0.97029
5318: 0.970295
5319: 0.970301
5320: 0.970306
5321: 0.970312
5322: 0.970317
5323: 0.970323
5324: 0.970329
5325: 0.970334
5326: 0.97034
5327: 0.970345
5328: 0.970351
5329: 0.970356
5330: 0.970362
5331: 0.970368
5332: 0.970373
5333: 0.970379
5334: 0.970384
5335: 0.97039
5336: 0.970395
5337: 0.970401
5338: 0.970406
5339: 0.970412
5340: 0.970418
5341: 0.970423
5342: 0.970429
5343: 0.970434
5344: 0.97044
5345: 0.970445
5346: 0.970451
5347: 0.970456
5348: 0.970462
5349: 0.970467
5350: 0.970473
5351: 0.970478
5352: 0.970484
5353: 0.970489
5354: 0.970495
5355: 0.9705
5356: 0.970506
5357: 0.970511
5358: 0.970517
5359: 0.970522
5360: 0.970528
5361: 0.970533
5362: 0.970539
5363: 0.970544
5364: 0.97055
5365: 0.970555
5366: 0.970561
5367: 0.970566
5368: 0.970572
5369: 0.970577
5370: 0.970583
5371: 0.970588
5372: 0.970594
5373: 0.970599
5374: 0.970605
5375: 0.97061
5376: 0.970616
5377: 0.970621
5378: 0.970627
5379: 0.970632
5380: 0.970637
5381: 0.970643
5382: 0.970648
5383: 0.970654
5384: 0.970659
5385: 0.970665
5386: 0.97067
5387: 0.970676
5388: 0.970681
5389: 0.970686
5390: 0.970692
5391: 0.970697
5392: 0.970703
5393: 0.970708
5394: 0.970714
5395: 0.970719
5396: 0.970724
5397: 0.97073
5398: 0.970735
5399: 0.970741
5400: 0.970746
5401: 0.970752
5402: 0.970757
5403: 0.970762
5404: 0.970768
5405: 0.970773
5406: 0.970779
5407: 0.970784
5408: 0.970789
5409: 0.970795
5410: 0.9708
5411: 0.970806
5412: 0.970811
5413: 0.970816
5414: 0.970822
5415: 0.970827
5416: 0.970833
5417: 0.970838
5418: 0.970843
5419: 0.970849
5420: 0.970854
5421: 0.970859
5422: 0.970865
5423: 0.97087
5424: 0.970876
5425: 0.970881
5426: 0.970886
5427: 0.970892
5428: 0.970897
5429: 0.970902
5430: 0.970908
5431: 0.970913
5432: 0.970918
5433: 0.970924
5434: 0.970929
5435: 0.970935
5436: 0.97094
5437: 0.970945
5438: 0.970951
5439: 0.970956
5440: 0.970961
5441: 0.970967
5442: 0.970972
5443: 0.970977
5444: 0.970983
5445: 0.970988
5446: 0.97081
5447: 0.970815
5448: 0.97082
5449: 0.970826
5450: 0.970831
5451: 0.970836
5452: 0.970842
5453: 0.970847
5454: 0.970852
5455: 0.970858
5456: 0.970863
5457: 0.970868
5458: 0.970874
5459: 0.970879
5460: 0.970884
5461: 0.97089
5462: 0.970895
5463: 0.9709
5464: 0.970906
5465: 0.970911
5466: 0.970916
5467: 0.970922
5468: 0.970927
5469: 0.970932
5470: 0.970938
5471: 0.970943
5472: 0.970948
5473: 0.970954
5474: 0.970959
5475: 0.970964
5476: 0.97097
5477: 0.970975
5478: 0.97098
5479: 0.970985
5480: 0.970991
5481: 0.970996
5482: 0.971001
5483: 0.971007
5484: 0.971012
5485: 0.971017
5486: 0.971022
5487: 0.971028
5488: 0.971033
5489: 0.971038
5490: 0.971044
5491: 0.971049
5492: 0.971054
5493: 0.971059
5494: 0.971065
5495: 0.97107
5496: 0.971075
5497: 0.97108
5498: 0.971086
5499: 0.971091
5500: 0.971096
5501: 0.971101
5502: 0.971107
5503: 0.971112
5504: 0.971117
5505: 0.971122
5506: 0.971128
5507: 0.971133
5508: 0.971138
5509: 0.971143
5510: 0.971149
5511: 0.971154
5512: 0.971159
5513: 0.971164
5514: 0.97117
5515: 0.971175
5516: 0.97118
5517: 0.971185
5518: 0.97119
5519: 0.971196
5520: 0.971201
5521: 0.971206
5522: 0.971211
5523: 0.971217
5524: 0.971222
5525: 0.971227
5526: 0.971232
5527: 0.971237
5528: 0.971243
5529: 0.971248
5530: 0.971253
5531: 0.971258
5532: 0.971263
5533: 0.971269
5534: 0.971274
5535: 0.971279
5536: 0.971284
5537: 0.971289
5538: 0.971294
5539: 0.9713
5540: 0.971305
5541: 0.97113
5542: 0.971135
5543: 0.97114
5544: 0.971145
5545: 0.97115
5546: 0.971156
5547: 0.971161
5548: 0.971166
5549: 0.971171
5550: 0.971176
5551: 0.971182
5552: 0.971187
5553: 0.971192
5554: 0.971197
5555: 0.971202
5556: 0.971207
5557: 0.971213
5558: 0.971218
5559: 0.971223
5560: 0.971228
5561: 0.971233
5562: 0.971239
5563: 0.971244
5564: 0.971249
5565: 0.971254
5566: 0.971259
5567: 0.971264
5568: 0.97127
5569: 0.971275
5570: 0.97128
5571: 0.971285
5572: 0.97129
5573: 0.971295
5574: 0.9713
5575: 0.971306
5576: 0.971311
5577: 0.971316
5578: 0.971321
5579: 0.971326
5580: 0.971331
5581: 0.971336
5582: 0.971342
5583: 0.971347
5584: 0.971352
5585: 0.971357
5586: 0.971362
5587: 0.971367
5588: 0.971372
5589: 0.971377
5590: 0.971383
5591: 0.971388
5592: 0.971393
5593: 0.971398
5594: 0.971403
5595: 0.971408
5596: 0.971413
5597: 0.971418
5598: 0.971423
5599: 0.971429
5600: 0.971434
5601: 0.971439
5602: 0.971444
5603: 0.971449
5604: 0.971454
5605: 0.971459
5606: 0.971464
5607: 0.971469
5608: 0.971474
5609: 0.97148
5610: 0.971485
5611: 0.97149
5612: 0.971495
5613: 0.9715
5614: 0.971505
5615: 0.97151
5616: 0.971515
5617: 0.97152
5618: 0.971525
5619: 0.97153
5620: 0.971535
5621: 0.97154
5622: 0.971545
5623: 0.97155
5624: 0.971556
5625: 0.971561
5626: 0.971566
5627: 0.971571
5628: 0.971576
5629: 0.971581
5630: 0.971586
5631: 0.971591
5632: 0.971596
5633: 0.971601
5634: 0.971606
5635: 0.971611
5636: 0.971616
5637: 0.971621
5638: 0.971626
5639: 0.971631
5640: 0.971636
5641: 0.971641
5642: 0.971646
5643: 0.971651
5644: 0.971656
5645: 0.971661
5646: 0.971666
5647: 0.971671
5648: 0.971676
5649: 0.971681
5650: 0.971686
5651: 0.971691
5652: 0.971696
5653: 0.971701
5654: 0.971706
5655: 0.971711
5656: 0.971716
5657: 0.971721
5658: 0.971726
5659: 0.971731
5660: 0.971736
5661: 0.971741
5662: 0.971746
5663: 0.971751
5664: 0.971756
5665: 0.971761
5666: 0.971766
5667: 0.971771
5668: 0.971776
5669: 0.971781
5670: 0.971786
5671: 0.971791
5672: 0.971796
5673: 0.971801
5674: 0.971806
5675: 0.971811
5676: 0.971816
5677: 0.971821
5678: 0.971826
5679: 0.971831
5680: 0.971836
5681: 0.971841
5682: 0.971846
5683: 0.971851
5684: 0.971856
5685: 0.971861
5686: 0.971866
5687: 0.971871
5688: 0.971876
5689: 0.97188
5690: 0.971885
5691: 0.97189
5692: 0.971895
5693: 0.9719
5694: 0.971905
5695: 0.97191
5696: 0.971915
5697: 0.97192
5698: 0.971925
5699: 0.97193
5700: 0.971935
5701: 0.97194
5702: 0.971945
5703: 0.97195
5704: 0.971954
5705: 0.971959
5706: 0.971964
5707: 0.971969
5708: 0.971974
5709: 0.971979
5710: 0.971984
5711: 0.971989
5712: 0.971994
5713: 0.971999
5714: 0.972003
5715: 0.972008
5716: 0.972013
5717: 0.972018
5718: 0.972023
5719: 0.972028
5720: 0.972033
5721: 0.972038
5722: 0.972043
5723: 0.972048
5724: 0.972052
5725: 0.972057
5726: 0.972062
5727: 0.972067
5728: 0.972072
5729: 0.972077
5730: 0.972082
5731: 0.972087
5732: 0.972091
5733: 0.972096
5734: 0.972101
5735: 0.972106
5736: 0.972111
5737: 0.972116
5738: 0.972121
5739: 0.972125
5740: 0.97213
5741: 0.972135
5742: 0.97214
5743: 0.972145
5744: 0.97215
5745: 0.972155
5746: 0.972159
5747: 0.972164
5748: 0.972169
5749: 0.972174
5750: 0.972179
5751: 0.972184
5752: 0.972188
5753: 0.972193
5754: 0.972198
5755: 0.972203
5756: 0.972208
5757: 0.972213
5758: 0.972217
5759: 0.972222
5760: 0.972227
5761: 0.972232
5762: 0.972237
5763: 0.972241
5764: 0.972246
5765: 0.972251
5766: 0.972256
5767: 0.972261
5768: 0.972266
5769: 0.97227
5770: 0.972275
5771: 0.97228
5772: 0.972285
5773: 0.97229
5774: 0.972294
5775: 0.972299
5776: 0.972304
5777: 0.972309
5778: 0.972314
5779: 0.972318
5780: 0.972323
5781: 0.972328
5782: 0.972333
5783: 0.972337
5784: 0.972342
5785: 0.972347
5786: 0.972352
5787: 0.972357
5788: 0.972361
5789: 0.972366
5790: 0.972371
5791: 0.972376
5792: 0.97238
5793: 0.972385
5794: 0.97239
5795: 0.972395
5796: 0.9724
5797: 0.972404
5798: 0.972409
5799: 0.972414
5800: 0.972419
5801: 0.972423
5802: 0.972428
5803: 0.972433
5804: 0.972438
5805: 0.972442
5806: 0.972447
5807: 0.972452
5808: 0.972457
5809: 0.972461
5810: 0.972466
5811: 0.972471
5812: 0.972475
5813: 0.97248
5814: 0.972485
5815: 0.97249
5816: 0.972494
5817: 0.972499
5818: 0.972504
5819: 0.972509
5820: 0.972513
5821: 0.972518
5822: 0.972523
5823: 0.972527
5824: 0.972532
5825: 0.972537
5826: 0.972542
5827: 0.972546
5828: 0.972551
5829: 0.972556
5830: 0.97256
5831: 0.972565
5832: 0.97257
5833: 0.972575
5834: 0.972579
5835: 0.972584
5836: 0.972589
5837: 0.972593
5838: 0.972598
5839: 0.972603
5840: 0.972607
5841: 0.972612
5842: 0.972617
5843: 0.972621
5844: 0.972626
5845: 0.972631
5846: 0.972465
5847: 0.972298
5848: 0.972303
5849: 0.972308
5850: 0.972312
5851: 0.972317
5852: 0.972322
5853: 0.972327
5854: 0.972331
5855: 0.972336
5856: 0.972341
5857: 0.972346
5858: 0.97235
5859: 0.972355
5860: 0.97236
5861: 0.972364
5862: 0.972369
5863: 0.972374
5864: 0.972379
5865: 0.972383
5866: 0.972388
5867: 0.972393
5868: 0.972397
5869: 0.972402
5870: 0.972407
5871: 0.972411
5872: 0.972416
5873: 0.972421
5874: 0.972426
5875: 0.97243
5876: 0.972435
5877: 0.97244
5878: 0.972444
5879: 0.972449
5880: 0.972454
5881: 0.972458
5882: 0.972463
5883: 0.972468
5884: 0.972472
5885: 0.972477
5886: 0.972482
5887: 0.972486
5888: 0.972491
5889: 0.972496
5890: 0.9725
5891: 0.972505
5892: 0.97251
5893: 0.972514
5894: 0.972519
5895: 0.972524
5896: 0.972528
5897: 0.972533
5898: 0.972538
5899: 0.972542
5900: 0.972547
5901: 0.972552
5902: 0.972556
5903: 0.972561
5904: 0.972566
5905: 0.97257
5906: 0.972575
5907: 0.97258
5908: 0.972584
5909: 0.972589
5910: 0.972593
5911: 0.972429
5912: 0.972434
5913: 0.972438
5914: 0.972443
5915: 0.972448
5916: 0.972452
5917: 0.972457
5918: 0.972462
5919: 0.972466
5920: 0.972471
5921: 0.972476
5922: 0.97248
5923: 0.972485
5924: 0.972489
5925: 0.972494
5926: 0.972499
5927: 0.972503
5928: 0.972508
5929: 0.972513
5930: 0.972517
5931: 0.972522
5932: 0.972527
5933: 0.972531
5934: 0.972536
5935: 0.97254
5936: 0.972545
5937: 0.97255
5938: 0.972554
5939: 0.972559
5940: 0.972564
5941: 0.972568
5942: 0.972573
5943: 0.972577
5944: 0.972582
5945: 0.972587
5946: 0.972591
5947: 0.972596
5948: 0.9726
5949: 0.972605
5950: 0.97261
5951: 0.972614
5952: 0.972619
5953: 0.972623
5954: 0.972628
5955: 0.972633
5956: 0.972637
5957: 0.972642
5958: 0.972646
5959: 0.972651
5960: 0.972656
5961: 0.97266
5962: 0.972665
5963: 0.972669
5964: 0.972674
5965: 0.972679
5966: 0.972683
5967: 0.972688
5968: 0.972692
5969: 0.972697
5970: 0.972701
5971: 0.972706
5972: 0.972711
5973: 0.972715
5974: 0.97272
5975: 0.972724
5976: 0.972729
5977: 0.972733
5978: 0.972738
5979: 0.972742
5980: 0.972747
5981: 0.972752
5982: 0.972756
5983: 0.972761
5984: 0.972765
5985: 0.97277
5986: 0.972774
5987: 0.972779
5988: 0.972783
5989: 0.972788
5990: 0.972793
5991: 0.972797
5992: 0.972802
5993: 0.972806
5994: 0.972811
5995: 0.972815
5996: 0.97282
5997: 0.972824
5998: 0.972829
5999: 0.972833
6000: 0.972838
6001: 0.972842
6002: 0.972847
6003: 0.972851
6004: 0.972856
6005: 0.97286
6006: 0.972865
6007: 0.97287
6008: 0.972874
6009: 0.972879
6010: 0.972883
6011: 0.972888
6012: 0.972892
6013: 0.972897
6014: 0.972901
6015: 0.972906
6016: 0.97291
6017: 0.972915
6018: 0.972919
6019: 0.972924
6020: 0.972928
6021: 0.972933
6022: 0.972937
6023: 0.972942
6024: 0.972946
6025: 0.972951
6026: 0.972955
6027: 0.97296
6028: 0.972964
6029: 0.972968
6030: 0.972973
6031: 0.972977
6032: 0.972982
6033: 0.972986
6034: 0.972991
6035: 0.972995
6036: 0.973
6037: 0.973004
6038: 0.973009
6039: 0.973013
6040: 0.973018
6041: 0.973022
6042: 0.973027
6043: 0.973031
6044: 0.973036
6045: 0.97304
6046: 0.973044
6047: 0.973049
6048: 0.973053
6049: 0.973058
6050: 0.973062
6051: 0.973067
6052: 0.973071
6053: 0.973076
6054: 0.97308
6055: 0.973085
6056: 0.973089
6057: 0.973093
6058: 0.973098
6059: 0.973102
6060: 0.973107
6061: 0.973111
6062: 0.973116
6063: 0.97312
6064: 0.973124
6065: 0.973129
6066: 0.973133
6067: 0.973138
6068: 0.973142
6069: 0.973147
6070: 0.973151
6071: 0.973155
6072: 0.97316
6073: 0.973164
6074: 0.973169
6075: 0.973173
6076: 0.973178
6077: 0.973182
6078: 0.973186
6079: 0.973191
6080: 0.973195
6081: 0.9732
6082: 0.973204
6083: 0.973208
6084: 0.973213
6085: 0.973217
6086: 0.973222
6087: 0.973226
6088: 0.97323
6089: 0.973235
6090: 0.973239
6091: 0.973244
6092: 0.973248
6093: 0.973252
6094: 0.973257
6095: 0.973261
6096: 0.973266
6097: 0.97327
6098: 0.973274
6099: 0.973115
6100: 0.973119
6101: 0.973124
6102: 0.973128
6103: 0.973132
6104: 0.973137
6105: 0.973141
6106: 0.973146
6107: 0.97315
6108: 0.973154
6109: 0.973159
6110: 0.973163
6111: 0.973168
6112: 0.973172
6113: 0.973176
6114: 0.973181
6115: 0.973185
6116: 0.973189
6117: 0.973194
6118: 0.973198
6119: 0.973203
6120: 0.973207
6121: 0.973211
6122: 0.973216
6123: 0.97322
6124: 0.973224
6125: 0.973229
6126: 0.973233
6127: 0.973238
6128: 0.973242
6129: 0.973246
6130: 0.973251
6131: 0.973255
6132: 0.973259
6133: 0.973264
6134: 0.973268
6135: 0.973272
6136: 0.973277
6137: 0.973281
6138: 0.973286
6139: 0.97329
6140: 0.973294
6141: 0.973299
6142: 0.973303
6143: 0.973307
6144: 0.973312
6145: 0.973316
6146: 0.97332
6147: 0.973325
6148: 0.973329
6149: 0.973333
6150: 0.973338
6151: 0.973342
6152: 0.973346
6153: 0.973351
6154: 0.973355
6155: 0.973359
6156: 0.973364
6157: 0.973368
6158: 0.973372
6159: 0.973377
6160: 0.973381
6161: 0.973385
6162: 0.97339
6163: 0.973394
6164: 0.973398
6165: 0.973403
6166: 0.973407
6167: 0.973411
6168: 0.973415
6169: 0.97342
6170: 0.973424
6171: 0.973428
6172: 0.973433
6173: 0.973437
6174: 0.973441
6175: 0.973446
6176: 0.97345
6177: 0.973454
6178: 0.973458
6179: 0.973463
6180: 0.973467
6181: 0.973471
6182: 0.973476
6183: 0.97348
6184: 0.973484
6185: 0.973489
6186: 0.973493
6187: 0.973497
6188: 0.973501
6189: 0.973506
6190: 0.97351
6191: 0.973514
6192: 0.973518
6193: 0.973523
6194: 0.973527
6195: 0.973531
6196: 0.973536
6197: 0.97354
6198: 0.973544
6199: 0.973548
6200: 0.973553
6201: 0.973557
6202: 0.973561
6203: 0.973565
6204: 0.97357
6205: 0.973574
6206: 0.973578
6207: 0.973582
6208: 0.973587
6209: 0.973591
6210: 0.973595
6211: 0.973599
6212: 0.973604
6213: 0.973608
6214: 0.973612
6215: 0.973616
6216: 0.973621
6217: 0.973625
6218: 0.973629
6219: 0.973633
6220: 0.973638
6221: 0.973642
6222: 0.973646
6223: 0.97365
6224: 0.973655
6225: 0.973659
6226: 0.973663
6227: 0.973667
6228: 0.973672
6229: 0.973676
6230: 0.97368
6231: 0.973684
6232: 0.973688
6233: 0.973693
6234: 0.973697
6235: 0.973701
6236: 0.973705
6237: 0.97371
6238: 0.973714
6239: 0.973718
6240: 0.973722
6241: 0.973726
6242: 0.973731
6243: 0.973735
6244: 0.973739
6245: 0.973743
6246: 0.973747
6247: 0.973752
6248: 0.973756
6249: 0.97376
6250: 0.973764
6251: 0.973768
6252: 0.973773
6253: 0.973777
6254: 0.973781
6255: 0.973785
6256: 0.973789
6257: 0.973794
6258: 0.973798
6259: 0.973802
6260: 0.973806
6261: 0.97381
6262: 0.973814
6263: 0.973819
6264: 0.973823
6265: 0.973827
6266: 0.973831
6267: 0.973835
6268: 0.97384
6269: 0.973844
6270: 0.973848
6271: 0.973852
6272: 0.973856
6273: 0.97386
6274: 0.973865
6275: 0.973869
6276: 0.973873
6277: 0.973877
6278: 0.973881
6279: 0.973885
6280: 0.97389
6281: 0.973894
6282: 0.973898
6283: 0.973902
6284: 0.973906
6285: 0.97391
6286: 0.973914
6287: 0.973919
6288: 0.973923
6289: 0.973927
6290: 0.973931
6291: 0.973935
6292: 0.973939
6293: 0.973943
6294: 0.973948
6295: 0.973952
6296: 0.973956
6297: 0.97396
6298: 0.973964
6299: 0.973968
6300: 0.973972
6301: 0.973977
6302: 0.973981
6303: 0.973985
6304: 0.973989
6305: 0.973993
6306: 0.973997
6307: 0.974001
6308: 0.974005
6309: 0.97401
6310: 0.974014
6311: 0.974018
6312: 0.974022
6313: 0.974026
6314: 0.97403
6315: 0.974034
6316: 0.974038
6317: 0.974042
6318: 0.974047
6319: 0.974051
6320: 0.974055
6321: 0.974059
6322: 0.974063
6323: 0.974067
6324: 0.974071
6325: 0.974075
6326: 0.974079
6327: 0.974083
6328: 0.974088
6329: 0.974092
6330: 0.974096
6331: 0.9741
6332: 0.974104
6333: 0.974108
6334: 0.974112
6335: 0.974116
6336: 0.97412
6337: 0.974124
6338: 0.974128
6339: 0.974132
6340: 0.974137
6341: 0.974141
6342: 0.974145
6343: 0.974149
6344: 0.974153
6345: 0.974157
6346: 0.974161
6347: 0.974165
6348: 0.974169
6349: 0.974173
6350: 0.974177
6351: 0.974181
6352: 0.974185
6353: 0.974189
6354: 0.974194
6355: 0.974198
6356: 0.974202
6357: 0.974206
6358: 0.97421
6359: 0.974214
6360: 0.974218
6361: 0.974222
6362: 0.974226
6363: 0.97423
6364: 0.974234
6365: 0.974238
6366: 0.974242
6367: 0.974246
6368: 0.97425
6369: 0.974254
6370: 0.974258
6371: 0.974262
6372: 0.974266
6373: 0.97427
6374: 0.974275
6375: 0.974279
6376: 0.974283
6377: 0.974287
6378: 0.974291
6379: 0.974295
6380: 0.974299
6381: 0.974303
6382: 0.974307
6383: 0.974311
6384: 0.974315
6385: 0.974319
6386: 0.974323
6387: 0.974327
6388: 0.974331
6389: 0.974335
6390: 0.974339
6391: 0.974343
6392: 0.974347
6393: 0.974351
6394: 0.974355
6395: 0.974359
6396: 0.974363
6397: 0.974367
6398: 0.974371
6399: 0.974375
6400: 0.974379
6401: 0.974383
6402: 0.974387
6403: 0.974391
6404: 0.974395
6405: 0.974399
6406: 0.974403
6407: 0.974407
6408: 0.974411
6409: 0.974415
6410: 0.974419
6411: 0.974423
6412: 0.974427
6413: 0.974431
6414: 0.974435
6415: 0.974439
6416: 0.974443
6417: 0.974447
6418: 0.974451
6419: 0.974455
6420: 0.974459
6421: 0.974463
6422: 0.974467
6423: 0.974471
6424: 0.974475
6425: 0.974479
6426: 0.974483
6427: 0.974487
6428: 0.974491
6429: 0.974495
6430: 0.974499
6431: 0.974502
6432: 0.974506
6433: 0.97451
6434: 0.974514
6435: 0.974518
6436: 0.974522
6437: 0.974526
6438: 0.97453
6439: 0.974534
6440: 0.974538
6441: 0.974542
6442: 0.974546
6443: 0.97455
6444: 0.974554
6445: 0.974558
6446: 0.974562
6447: 0.974566
6448: 0.97457
6449: 0.974574
6450: 0.974578
6451: 0.974582
6452: 0.974585
6453: 0.974589
6454: 0.974593
6455: 0.974597
6456: 0.974601
6457: 0.974605
6458: 0.974609
6459: 0.974613
6460: 0.974617
6461: 0.974621
6462: 0.974625
6463: 0.974629
6464: 0.974633
6465: 0.974637
6466: 0.97464
6467: 0.974644
6468: 0.974648
6469: 0.974652
6470: 0.974656
6471: 0.97466
6472: 0.974664
6473: 0.974668
6474: 0.974672
6475: 0.974676
6476: 0.97468
6477: 0.974684
6478: 0.974687
6479: 0.974691
6480: 0.974695
6481: 0.974699
6482: 0.974703
6483: 0.974707
6484: 0.974711
6485: 0.974715
6486: 0.974719
6487: 0.974723
6488: 0.974726
6489: 0.97473
6490: 0.974734
6491: 0.974738
6492: 0.974742
6493: 0.974746
6494: 0.97475
6495: 0.974754
6496: 0.974758
6497: 0.974761
6498: 0.974765
6499: 0.974769
6500: 0.974773
6501: 0.974777
6502: 0.974781
6503: 0.974785
6504: 0.974789
6505: 0.974792
6506: 0.974796
6507: 0.9748
6508: 0.974804
6509: 0.974808
6510: 0.974812
6511: 0.974816
6512: 0.97482
6513: 0.974823
6514: 0.974827
6515: 0.974831
6516: 0.974835
6517: 0.974839
6518: 0.974843
6519: 0.974847
6520: 0.97485
6521: 0.974854
6522: 0.974858
6523: 0.974862
6524: 0.974866
6525: 0.97487
6526: 0.974874
6527: 0.974877
6528: 0.974881
6529: 0.974885
6530: 0.974889
6531: 0.974893
6532: 0.974897
6533: 0.974901
6534: 0.974904
6535: 0.974908
6536: 0.974912
6537: 0.974916
6538: 0.97492
6539: 0.974924
6540: 0.974927
6541: 0.974931
6542: 0.974935
6543: 0.974939
6544: 0.974943
6545: 0.974947
6546: 0.97495
6547: 0.974954
6548: 0.974958
6549: 0.974962
6550: 0.974966
6551: 0.974969
6552: 0.974973
6553: 0.974977
6554: 0.974981
6555: 0.974985
6556: 0.974989
6557: 0.974992
6558: 0.974996
6559: 0.975
6560: 0.975004
6561: 0.975008
6562: 0.975011
6563: 0.975015
6564: 0.975019
6565: 0.975023
6566: 0.975027
6567: 0.97503
6568: 0.975034
6569: 0.975038
6570: 0.975042
6571: 0.975046
6572: 0.975049
6573: 0.975053
6574: 0.975057
6575: 0.975061
6576: 0.975065
6577: 0.975068
6578: 0.975072
6579: 0.975076
6580: 0.97508
6581: 0.975084
6582: 0.975087
6583: 0.975091
6584: 0.975095
6585: 0.975099
6586: 0.975102
6587: 0.975106
6588: 0.97511
6589: 0.975114
6590: 0.975118
6591: 0.975121
6592: 0.975125
6593: 0.975129
6594: 0.975133
6595: 0.975136
6596: 0.97514
6597: 0.975144
6598: 0.975148
6599: 0.975152
6600: 0.975155
6601: 0.975159
6602: 0.975163
6603: 0.975167
6604: 0.97517
6605: 0.975174
6606: 0.975178
6607: 0.975182
6608: 0.975185
6609: 0.975189
6610: 0.975193
6611: 0.975197
6612: 0.9752
6613: 0.975204
6614: 0.975208
6615: 0.975212
6616: 0.975215
6617: 0.975219
6618: 0.975223
6619: 0.975227
6620: 0.97523
6621: 0.975234
6622: 0.975238
6623: 0.975242
6624: 0.975245
6625: 0.975249
6626: 0.975253
6627: 0.975256
6628: 0.97526
6629: 0.975264
6630: 0.975268
6631: 0.975271
6632: 0.975275
6633: 0.975279
6634: 0.975283
6635: 0.975286
6636: 0.97529
6637: 0.975294
6638: 0.975297
6639: 0.975301
6640: 0.975305
6641: 0.975309
6642: 0.975312
6643: 0.975316
6644: 0.97532
6645: 0.975324
6646: 0.975327
6647: 0.975331
6648: 0.975335
6649: 0.975338
6650: 0.975342
6651: 0.975346
6652: 0.975349
6653: 0.975353
6654: 0.975357
6655: 0.975361
6656: 0.975364
6657: 0.975368
6658: 0.975372
6659: 0.975375
6660: 0.975379
6661: 0.975383
6662: 0.975386
6663: 0.97539
6664: 0.975394
6665: 0.975398
6666: 0.975401
6667: 0.975405
6668: 0.975409
6669: 0.975412
6670: 0.975416
6671: 0.97542
6672: 0.975423
6673: 0.975427
6674: 0.975431
6675: 0.975434
6676: 0.975438
6677: 0.975442
6678: 0.975445
6679: 0.975449
6680: 0.975453
6681: 0.975456
6682: 0.97546
6683: 0.975464
6684: 0.975467
6685: 0.975471
6686: 0.975475
6687: 0.975478
6688: 0.975482
6689: 0.975486
6690: 0.975489
6691: 0.975493
6692: 0.975497
6693: 0.9755
6694: 0.975504
6695: 0.975508
6696: 0.975511
6697: 0.975515
6698: 0.975519
6699: 0.975522
6700: 0.975526
6701: 0.97553
6702: 0.975533
6703: 0.975537
6704: 0.975541
6705: 0.975544
6706: 0.975548
6707: 0.975552
6708: 0.975555
6709: 0.975559
6710: 0.975563
6711: 0.975566
6712: 0.97557
6713: 0.975573
6714: 0.975577
6715: 0.975581
6716: 0.975584
6717: 0.975588
6718: 0.975592
6719: 0.975595
6720: 0.975599
6721: 0.975602
6722: 0.975457
6723: 0.975461
6724: 0.975465
6725: 0.975468
6726: 0.975472
6727: 0.975476
6728: 0.975479
6729: 0.975483
6730: 0.975487
6731: 0.97549
6732: 0.975494
6733: 0.975497
6734: 0.975501
6735: 0.975505
6736: 0.975508
6737: 0.975512
6738: 0.975516
6739: 0.975519
6740: 0.975523
6741: 0.975527
6742: 0.97553
6743: 0.975534
6744: 0.975537
6745: 0.975541
6746: 0.975545
6747: 0.975548
6748: 0.975552
6749: 0.975556
6750: 0.975559
6751: 0.975563
6752: 0.975566
6753: 0.97557
6754: 0.975574
6755: 0.975577
6756: 0.975581
6757: 0.975584
6758: 0.975588
6759: 0.975592
6760: 0.975595
6761: 0.975599
6762: 0.975603
6763: 0.975606
6764: 0.97561
6765: 0.975613
6766: 0.975617
6767: 0.975621
6768: 0.975624
6769: 0.975628
6770: 0.975631
6771: 0.975635
6772: 0.975639
6773: 0.975642
6774: 0.975646
6775: 0.975649
6776: 0.975653
6777: 0.975657
6778: 0.97566
6779: 0.975664
6780: 0.975667
6781: 0.975671
6782: 0.975527
6783: 0.975531
6784: 0.975534
6785: 0.975538
6786: 0.975541
6787: 0.975545
6788: 0.975549
6789: 0.975552
6790: 0.975556
6791: 0.975559
6792: 0.975563
6793: 0.975567
6794: 0.97557
6795: 0.975574
6796: 0.975577
6797: 0.975581
6798: 0.975585
6799: 0.975588
6800: 0.975592
6801: 0.975595
6802: 0.975599
6803: 0.975603
6804: 0.975606
6805: 0.97561
6806: 0.975613
6807: 0.975617
6808: 0.975621
6809: 0.975624
6810: 0.975628
6811: 0.975631
6812: 0.975635
6813: 0.975638
6814: 0.975642
6815: 0.975646
6816: 0.975649
6817: 0.975653
6818: 0.975656
6819: 0.97566
6820: 0.975663
6821: 0.975667
6822: 0.975671
6823: 0.975528
6824: 0.975531
6825: 0.975535
6826: 0.975538
6827: 0.975542
6828: 0.975545
6829: 0.975549
6830: 0.975553
6831: 0.975556
6832: 0.97556
6833: 0.975563
6834: 0.975567
6835: 0.975571
6836: 0.975574
6837: 0.975578
6838: 0.975581
6839: 0.975585
6840: 0.975588
6841: 0.975592
6842: 0.975595
6843: 0.975599
6844: 0.975603
6845: 0.975606
6846: 0.97561
6847: 0.975613
6848: 0.975617
6849: 0.97562
6850: 0.975624
6851: 0.975628
6852: 0.975631
6853: 0.975635
6854: 0.975638
6855: 0.975642
6856: 0.975645
6857: 0.975649
6858: 0.975652
6859: 0.975656
6860: 0.97566
6861: 0.975663
6862: 0.975667
6863: 0.97567
6864: 0.975674
6865: 0.975677
6866: 0.975681
6867: 0.975684
6868: 0.975688
6869: 0.975691
6870: 0.975695
6871: 0.975698
6872: 0.975702
6873: 0.975706
6874: 0.975709
6875: 0.975713
6876: 0.975716
6877: 0.97572
6878: 0.975723
6879: 0.975727
6880: 0.97573
6881: 0.975734
6882: 0.975737
6883: 0.975741
6884: 0.975744
6885: 0.975748
6886: 0.975751
6887: 0.975755
6888: 0.975758
6889: 0.975762
6890: 0.975765
6891: 0.975769
6892: 0.975773
6893: 0.975776
6894: 0.97578
6895: 0.975783
6896: 0.975787
6897: 0.97579
6898: 0.975794
6899: 0.975797
6900: 0.975801
6901: 0.975804
6902: 0.975808
6903: 0.975811
6904: 0.975815
6905: 0.975818
6906: 0.975822
6907: 0.975825
6908: 0.975829
6909: 0.975832
6910: 0.975836
6911: 0.975839
6912: 0.975843
6913: 0.975846
6914: 0.97585
6915: 0.975853
6916: 0.975857
6917: 0.97586
6918: 0.975864
6919: 0.975867
6920: 0.975871
6921: 0.975874
6922: 0.975878
6923: 0.975881
6924: 0.975884
6925: 0.975888
6926: 0.975891
6927: 0.975895
6928: 0.975898
6929: 0.975902
6930: 0.975905
6931: 0.975909
6932: 0.975912
6933: 0.975916
6934: 0.975919
6935: 0.975923
6936: 0.975926
6937: 0.97593
6938: 0.975933
6939: 0.975937
6940: 0.97594
6941: 0.975944
6942: 0.975947
6943: 0.97595
6944: 0.975954
6945: 0.975957
6946: 0.975961
6947: 0.975964
6948: 0.975968
6949: 0.975971
6950: 0.975975
6951: 0.975978
6952: 0.975982
6953: 0.975985
6954: 0.975988
6955: 0.975992
6956: 0.975995
6957: 0.975999
6958: 0.976002
6959: 0.976006
6960: 0.976009
6961: 0.976013
6962: 0.976016
6963: 0.97602
6964: 0.976023
6965: 0.976026
6966: 0.97603
6967: 0.976033
6968: 0.976037
6969: 0.97604
6970: 0.976044
6971: 0.976047
6972: 0.97605
6973: 0.976054
6974: 0.976057
6975: 0.976061
6976: 0.976064
6977: 0.976068
6978: 0.976071
6979: 0.976074
6980: 0.976078
6981: 0.976081
6982: 0.976085
6983: 0.976088
6984: 0.976092
6985: 0.976095
6986: 0.976098
6987: 0.976102
6988: 0.976105
6989: 0.976109
6990: 0.976112
6991: 0.976116
6992: 0.976119
6993: 0.976122
6994: 0.976126
6995: 0.976129
6996: 0.976133
6997: 0.976136
6998: 0.976139
6999: 0.976143
7000: 0.976146
7001: 0.97615
7002: 0.976153
7003: 0.976156
7004: 0.97616
7005: 0.976163
7006: 0.976167
7007: 0.97617
7008: 0.976173
7009: 0.976177
7010: 0.97618
7011: 0.976184
7012: 0.976187
7013: 0.97619
7014: 0.976194
7015: 0.976197
7016: 0.976201
7017: 0.976204
7018: 0.976207
7019: 0.976211
7020: 0.976214
7021: 0.976218
7022: 0.976221
7023: 0.976224
7024: 0.976228
7025: 0.976231
7026: 0.976235
7027: 0.976238
7028: 0.976241
7029: 0.976245
7030: 0.976248
7031: 0.976251
7032: 0.976255
7033: 0.976258
7034: 0.976262
7035: 0.976265
7036: 0.976268
7037: 0.976272
7038: 0.976275
7039: 0.976278
7040: 0.976282
7041: 0.976285
7042: 0.976289
7043: 0.976292
7044: 0.976295
7045: 0.976299
7046: 0.976302
7047: 0.976305
7048: 0.976309
7049: 0.976312
7050: 0.976315
7051: 0.976319
7052: 0.976322
7053: 0.976325
7054: 0.976329
7055: 0.976332
7056: 0.976336
7057: 0.976339
7058: 0.976342
7059: 0.976346
7060: 0.976349
7061: 0.976352
7062: 0.976356
7063: 0.976359
7064: 0.976362
7065: 0.976366
7066: 0.976369
7067: 0.976372
7068: 0.976376
7069: 0.976379
7070: 0.976382
7071: 0.976386
7072: 0.976389
7073: 0.976392
7074: 0.976396
7075: 0.976399
7076: 0.976402
7077: 0.976406
7078: 0.976409
7079: 0.976412
7080: 0.976416
7081: 0.976419
7082: 0.976422
7083: 0.976426
7084: 0.976429
7085: 0.976432
7086: 0.976436
7087: 0.976439
7088: 0.976442
7089: 0.976446
7090: 0.976449
7091: 0.976452
7092: 0.976456
7093: 0.976459
7094: 0.976462
7095: 0.976466
7096: 0.976469
7097: 0.976472
7098: 0.976476
7099: 0.976479
7100: 0.976482
7101: 0.976485
7102: 0.976489
7103: 0.976492
7104: 0.976495
7105: 0.976499
7106: 0.976502
7107: 0.976505
7108: 0.976509
7109: 0.976512
7110: 0.976515
7111: 0.976519
7112: 0.976522
7113: 0.976525
7114: 0.976528
7115: 0.976532
7116: 0.976535
7117: 0.976538
7118: 0.976542
7119: 0.976545
7120: 0.976548
7121: 0.976552
7122: 0.976555
7123: 0.976558
7124: 0.976561
7125: 0.976565
7126: 0.976568
7127: 0.976571
7128: 0.976575
7129: 0.976578
7130: 0.976581
7131: 0.976584
7132: 0.976588
7133: 0.976591
7134: 0.976594
7135: 0.976598
7136: 0.976601
7137: 0.976604
7138: 0.976607
7139: 0.976611
7140: 0.976474
7141: 0.976477
7142: 0.97648
7143: 0.976484
7144: 0.976487
7145: 0.97649
7146: 0.976494
7147: 0.976497
7148: 0.9765
7149: 0.976503
7150: 0.976507
7151: 0.97651
7152: 0.976513
7153: 0.976517
7154: 0.97652
7155: 0.976523
7156: 0.976526
7157: 0.97653
7158: 0.976533
7159: 0.976536
7160: 0.97654
7161: 0.976543
7162: 0.976546
7163: 0.976549
7164: 0.976553
7165: 0.976556
7166: 0.976559
7167: 0.976562
7168: 0.976566
7169: 0.976569
7170: 0.976572
7171: 0.976576
7172: 0.976579
7173: 0.976582
7174: 0.976585
7175: 0.976589
7176: 0.976592
7177: 0.976595
7178: 0.976598
7179: 0.976602
7180: 0.976605
7181: 0.976608
7182: 0.976611
7183: 0.976615
7184: 0.976618
7185: 0.976621
7186: 0.976624
7187: 0.976628
7188: 0.976631
7189: 0.976634
7190: 0.976637
7191: 0.976641
7192: 0.976644
7193: 0.976647
7194: 0.97665
7195: 0.976654
7196: 0.976657
7197: 0.97666
7198: 0.976663
7199: 0.976667
7200: 0.97667
7201: 0.976673
7202: 0.976676
7203: 0.97668
7204: 0.976683
7205: 0.976686
7206: 0.976689
7207: 0.976693
7208: 0.976696
7209: 0.976699
7210: 0.976702
7211: 0.976705
7212: 0.976709
7213: 0.976712
7214: 0.976715
7215: 0.976718
7216: 0.976722
7217: 0.976725
7218: 0.976728
7219: 0.976731
7220: 0.976735
7221: 0.976738
7222: 0.976741
7223: 0.976744
7224: 0.976747
7225: 0.976751
7226: 0.976754
7227: 0.976757
7228: 0.97676
7229: 0.976763
7230: 0.976767
7231: 0.97677
7232: 0.976773
7233: 0.976776
7234: 0.97678
7235: 0.976783
7236: 0.976786
7237: 0.976789
7238: 0.976792
7239: 0.976796
7240: 0.976799
7241: 0.976802
7242: 0.976805
7243: 0.976808
7244: 0.976812
7245: 0.976815
7246: 0.976818
7247: 0.976821
7248: 0.976824
7249: 0.976828
7250: 0.976831
7251: 0.976834
7252: 0.976837
7253: 0.97684
7254: 0.976844
7255: 0.976847
7256: 0.97685
7257: 0.976853
7258: 0.976856
7259: 0.97686
7260: 0.976863
7261: 0.976866
7262: 0.976869
7263: 0.976872
7264: 0.976875
7265: 0.976879
7266: 0.976882
7267: 0.976885
7268: 0.976888
7269: 0.976891
7270: 0.976895
7271: 0.976898
7272: 0.976901
7273: 0.976904
7274: 0.976907
7275: 0.97691
7276: 0.976914
7277: 0.976917
7278: 0.97692
7279: 0.976923
7280: 0.976926
7281: 0.976929
7282: 0.976933
7283: 0.976936
7284: 0.976939
7285: 0.976942
7286: 0.976945
7287: 0.976948
7288: 0.976952
7289: 0.976955
7290: 0.976958
7291: 0.976961
7292: 0.976964
7293: 0.976967
7294: 0.976971
7295: 0.976974
7296: 0.976977
7297: 0.97698
7298: 0.976983
7299: 0.976986
7300: 0.976989
7301: 0.976993
7302: 0.976996
7303: 0.976999
7304: 0.977002
7305: 0.977005
7306: 0.977008
7307: 0.977011
7308: 0.977015
7309: 0.977018
7310: 0.977021
7311: 0.977024
7312: 0.977027
7313: 0.97703
7314: 0.977033
7315: 0.977037
7316: 0.97704
7317: 0.977043
7318: 0.977046
7319: 0.977049
7320: 0.977052
7321: 0.977055
7322: 0.977059
7323: 0.977062
7324: 0.977065
7325: 0.977068
7326: 0.977071
7327: 0.977074
7328: 0.977077
7329: 0.97708
7330: 0.977084
7331: 0.977087
7332: 0.97709
7333: 0.977093
7334: 0.977096
7335: 0.977099
7336: 0.977102
7337: 0.977105
7338: 0.977109
7339: 0.977112
7340: 0.977115
7341: 0.977118
7342: 0.977121
7343: 0.977124
7344: 0.977127
7345: 0.97713
7346: 0.977134
7347: 0.977137
7348: 0.97714
7349: 0.977143
7350: 0.977146
7351: 0.977149
7352: 0.977152
7353: 0.977155
7354: 0.977158
7355: 0.977162
7356: 0.977165
7357: 0.977168
7358: 0.977171
7359: 0.977174
7360: 0.977177
7361: 0.97718
7362: 0.977183
7363: 0.977186
7364: 0.977189
7365: 0.977193
7366: 0.977196
7367: 0.977199
7368: 0.977202
7369: 0.977205
7370: 0.977208
7371: 0.977211
7372: 0.977214
7373: 0.977217
7374: 0.97722
7375: 0.977223
7376: 0.977227
7377: 0.97723
7378: 0.977233
7379: 0.977236
7380: 0.977239
7381: 0.977242
7382: 0.977245
7383: 0.977248
7384: 0.977251
7385: 0.977254
7386: 0.977257
7387: 0.97726
7388: 0.977263
7389: 0.977267
7390: 0.97727
7391: 0.977273
7392: 0.977276
7393: 0.977279
7394: 0.977282
7395: 0.977285
7396: 0.977288
7397: 0.977291
7398: 0.977294
7399: 0.977297
7400: 0.9773
7401: 0.977303
7402: 0.977306
7403: 0.97731
7404: 0.977313
7405: 0.977316
7406: 0.977319
7407: 0.977322
7408: 0.977325
7409: 0.977328
7410: 0.977331
7411: 0.977334
7412: 0.977337
7413: 0.97734
7414: 0.977343
7415: 0.977346
7416: 0.977349
7417: 0.977352
7418: 0.977355
7419: 0.977358
7420: 0.977362
7421: 0.977365
7422: 0.977368
7423: 0.977371
7424: 0.977374
7425: 0.977377
7426: 0.97738
7427: 0.977383
7428: 0.977386
7429: 0.977389
7430: 0.977392
7431: 0.977395
7432: 0.977398
7433: 0.977401
7434: 0.977404
7435: 0.977407
7436: 0.97741
7437: 0.977413
7438: 0.977416
7439: 0.977419
7440: 0.977422
7441: 0.977425
7442: 0.977428
7443: 0.977297
7444: 0.9773
7445: 0.977303
7446: 0.977306
7447: 0.977309
7448: 0.977312
7449: 0.977315
7450: 0.977318
7451: 0.977322
7452: 0.977325
7453: 0.977328
7454: 0.977331
7455: 0.977334
7456: 0.977337
7457: 0.97734
7458: 0.977343
7459: 0.977346
7460: 0.977349
7461: 0.977352
7462: 0.977355
7463: 0.977358
7464: 0.977361
7465: 0.977364
7466: 0.977367
7467: 0.97737
7468: 0.977373
7469: 0.977376
7470: 0.977379
7471: 0.977382
7472: 0.977385
7473: 0.977388
7474: 0.977391
7475: 0.977394
7476: 0.977397
7477: 0.9774
7478: 0.977403
7479: 0.977406
7480: 0.977409
7481: 0.977412
7482: 0.977415
7483: 0.977418
7484: 0.977422
7485: 0.977425
7486: 0.977428
7487: 0.977431
7488: 0.977434
7489: 0.977437
7490: 0.97744
7491: 0.977443
7492: 0.977446
7493: 0.977449
7494: 0.977452
7495: 0.977455
7496: 0.977458
7497: 0.977461
7498: 0.977464
7499: 0.977467
7500: 0.97747
7501: 0.977473
7502: 0.977476
7503: 0.977479
7504: 0.977482
7505: 0.977485
7506: 0.977488
7507: 0.977491
7508: 0.977494
7509: 0.977497
7510: 0.9775
7511: 0.977503
7512: 0.977506
7513: 0.977509
7514: 0.977512
7515: 0.977515
7516: 0.977518
7517: 0.977521
7518: 0.977524
7519: 0.977527
7520: 0.97753
7521: 0.977533
7522: 0.977536
7523: 0.977539
7524: 0.977542
7525: 0.977545
7526: 0.977547
7527: 0.97755
7528: 0.977553
7529: 0.977556
7530: 0.977559
7531: 0.977562
7532: 0.977565
7533: 0.977568
7534: 0.977571
7535: 0.977574
7536: 0.977577
7537: 0.97758
7538: 0.977583
7539: 0.977586
7540: 0.977589
7541: 0.977592
7542: 0.977595
7543: 0.977598
7544: 0.977601
7545: 0.977604
7546: 0.977607
7547: 0.97761
7548: 0.977613
7549: 0.977616
7550: 0.977619
7551: 0.977622
7552: 0.977625
7553: 0.977628
7554: 0.977631
7555: 0.977634
7556: 0.977637
7557: 0.97764
7558: 0.977643
7559: 0.977646
7560: 0.977648
7561: 0.977651
7562: 0.977654
7563: 0.977657
7564: 0.97766
7565: 0.977663
7566: 0.977666
7567: 0.977669
7568: 0.977672
7569: 0.977675
7570: 0.977678
7571: 0.977681
7572: 0.977684
7573: 0.977687
7574: 0.97769
7575: 0.977693
7576: 0.977696
7577: 0.977699
7578: 0.977702
7579: 0.977704
7580: 0.977707
7581: 0.97771
7582: 0.977713
7583: 0.977716
7584: 0.977719
7585: 0.977722
7586: 0.977725
7587: 0.977728
7588: 0.977731
7589: 0.977734
7590: 0.977737
7591: 0.97774
7592: 0.977743
7593: 0.977746
7594: 0.977749
7595: 0.977751
7596: 0.977754
7597: 0.977757
7598: 0.97776
7599: 0.977763
7600: 0.977766
7601: 0.977769
7602: 0.977772
7603: 0.977775
7604: 0.977778
7605: 0.977781
7606: 0.977784
7607: 0.977787
7608: 0.977789
7609: 0.977792
7610: 0.977795
7611: 0.977798
7612: 0.977801
7613: 0.977804
7614: 0.977807
7615: 0.97781
7616: 0.977813
7617: 0.977816
7618: 0.977819
7619: 0.977822
7620: 0.977824
7621: 0.977827
7622: 0.97783
7623: 0.977833
7624: 0.977836
7625: 0.977839
7626: 0.977842
7627: 0.977845
7628: 0.977848
7629: 0.977851
7630: 0.977853
7631: 0.977856
7632: 0.977859
7633: 0.977862
7634: 0.977865
7635: 0.977868
7636: 0.977871
7637: 0.977874
7638: 0.977877
7639: 0.97788
7640: 0.977882
7641: 0.977885
7642: 0.977888
7643: 0.977891
7644: 0.977894
7645: 0.977897
7646: 0.9779
7647: 0.977903
7648: 0.977906
7649: 0.977908
7650: 0.977911
7651: 0.977914
7652: 0.977917
7653: 0.97792
7654: 0.977923
7655: 0.977926
7656: 0.977929
7657: 0.977932
7658: 0.977934
7659: 0.977937
7660: 0.97794
7661: 0.977943
7662: 0.977946
7663: 0.977949
7664: 0.977952
7665: 0.977955
7666: 0.977957
7667: 0.97796
7668: 0.977963
7669: 0.977966
7670: 0.977969
7671: 0.977972
7672: 0.977975
7673: 0.977978
7674: 0.97798
7675: 0.977983
7676: 0.977986
7677: 0.977989
7678: 0.977992
7679: 0.977995
7680: 0.977998
7681: 0.978001
7682: 0.978003
7683: 0.978006
7684: 0.978009
7685: 0.978012
7686: 0.978015
7687: 0.978018
7688: 0.978021
7689: 0.978023
7690: 0.978026
7691: 0.978029
7692: 0.978032
7693: 0.978035
7694: 0.978038
7695: 0.978041
7696: 0.978043
7697: 0.978046
7698: 0.978049
7699: 0.978052
7700: 0.978055
7701: 0.978058
7702: 0.97806
7703: 0.978063
7704: 0.978066
7705: 0.978069
7706: 0.978072
7707: 0.978075
7708: 0.978078
7709: 0.97808
7710: 0.978083
7711: 0.978086
7712: 0.978089
7713: 0.978092
7714: 0.978095
7715: 0.978097
7716: 0.9781
7717: 0.978103
7718: 0.978106
7719: 0.978109
7720: 0.978112
7721: 0.978114
7722: 0.978117
7723: 0.97812
7724: 0.978123
7725: 0.978126
7726: 0.978129
7727: 0.978131
7728: 0.978134
7729: 0.978137
7730: 0.97814
7731: 0.978143
7732: 0.978146
7733: 0.978148
7734: 0.978151
7735: 0.978154
7736: 0.978157
7737: 0.97816
7738: 0.978163
7739: 0.978165
7740: 0.978168
7741: 0.978171
7742: 0.978174
7743: 0.978177
7744: 0.978179
7745: 0.978182
7746: 0.978185
7747: 0.978188
7748: 0.978191
7749: 0.978194
7750: 0.978196
7751: 0.978199
7752: 0.978202
7753: 0.978205
7754: 0.978208
7755: 0.97821
7756: 0.978213
7757: 0.978216
7758: 0.978219
7759: 0.978222
7760: 0.978224
7761: 0.978227
7762: 0.97823
7763: 0.978233
7764: 0.978236
7765: 0.978238
7766: 0.978241
7767: 0.978244
7768: 0.978247
7769: 0.97825
7770: 0.978252
7771: 0.978255
7772: 0.978258
7773: 0.978261
7774: 0.978264
7775: 0.978266
7776: 0.978269
7777: 0.978272
7778: 0.978275
7779: 0.978278
7780: 0.97828
7781: 0.978283
7782: 0.978286
7783: 0.978289
7784: 0.978292
7785: 0.978294
7786: 0.978297
7787: 0.9783
7788: 0.978303
7789: 0.978306
7790: 0.978308
7791: 0.978311
7792: 0.978314
7793: 0.978317
7794: 0.978319
7795: 0.978322
7796: 0.978325
7797: 0.978328
7798: 0.978331
7799: 0.978333
7800: 0.978208
7801: 0.978211
7802: 0.978214
7803: 0.978216
7804: 0.978219
7805: 0.978222
7806: 0.978225
7807: 0.978227
7808: 0.97823
7809: 0.978233
7810: 0.978236
7811: 0.978239
7812: 0.978241
7813: 0.978244
7814: 0.978247
7815: 0.97825
7816: 0.978253
7817: 0.978255
7818: 0.978258
7819: 0.978261
7820: 0.978264
7821: 0.978266
7822: 0.978269
7823: 0.978272
7824: 0.978275
7825: 0.978278
7826: 0.97828
7827: 0.978283
7828: 0.978286
7829: 0.978289
7830: 0.978291
7831: 0.978294
7832: 0.978297
7833: 0.9783
7834: 0.978302
7835: 0.978305
7836: 0.978308
7837: 0.978311
7838: 0.978314
7839: 0.978316
7840: 0.978319
7841: 0.978322
7842: 0.978325
7843: 0.978327
7844: 0.97833
7845: 0.978333
7846: 0.978336
7847: 0.978338
7848: 0.978214
7849: 0.978217
7850: 0.978219
7851: 0.978222
7852: 0.978225
7853: 0.978228
7854: 0.97823
7855: 0.978233
7856: 0.978236
7857: 0.978239
7858: 0.978242
7859: 0.978244
7860: 0.978247
7861: 0.97825
7862: 0.978253
7863: 0.978255
7864: 0.978258
7865: 0.978261
7866: 0.978264
7867: 0.978266
7868: 0.978269
7869: 0.978272
7870: 0.978275
7871: 0.978277
7872: 0.97828
7873: 0.978283
7874: 0.978286
7875: 0.978288
7876: 0.978291
7877: 0.978294
7878: 0.978297
7879: 0.978299
7880: 0.978302
7881: 0.978305
7882: 0.978308
7883: 0.978311
7884: 0.978313
7885: 0.978316
7886: 0.978319
7887: 0.978322
7888: 0.978324
7889: 0.978327
7890: 0.97833
7891: 0.978332
7892: 0.978335
7893: 0.978338
7894: 0.978341
7895: 0.978343
7896: 0.978346
7897: 0.978349
7898: 0.978352
7899: 0.978354
7900: 0.978357
7901: 0.97836
7902: 0.978363
7903: 0.978365
7904: 0.978368
7905: 0.978371
7906: 0.978374
7907: 0.978376
7908: 0.978379
7909: 0.978382
7910: 0.978385
7911: 0.978387
7912: 0.97839
7913: 0.978393
7914: 0.978395
7915: 0.978398
7916: 0.978401
7917: 0.978404
7918: 0.978406
7919: 0.978409
7920: 0.978412
7921: 0.978415
7922: 0.978417
7923: 0.97842
7924: 0.978423
7925: 0.978425
7926: 0.978428
7927: 0.978431
7928: 0.978434
7929: 0.978436
7930: 0.978439
7931: 0.978442
7932: 0.978444
7933: 0.978447
7934: 0.97845
7935: 0.978453
7936: 0.978455
7937: 0.978458
7938: 0.978461
7939: 0.978463
7940: 0.978466
7941: 0.978469
7942: 0.978472
7943: 0.978474
7944: 0.978477
7945: 0.97848
7946: 0.978482
7947: 0.978485
7948: 0.978488
7949: 0.978491
7950: 0.978493
7951: 0.978496
7952: 0.978499
7953: 0.978501
7954: 0.978504
7955: 0.978507
7956: 0.978509
7957: 0.978512
7958: 0.978515
7959: 0.978518
7960: 0.97852
7961: 0.978523
7962: 0.978526
7963: 0.978528
7964: 0.978531
7965: 0.978534
7966: 0.978536
7967: 0.978539
7968: 0.978542
7969: 0.978545
7970: 0.978547
7971: 0.97855
7972: 0.978553
7973: 0.978555
7974: 0.978558
7975: 0.978561
7976: 0.978563
7977: 0.978566
7978: 0.978569
7979: 0.978571
7980: 0.978574
7981: 0.978577
7982: 0.978579
7983: 0.978582
7984: 0.978585
7985: 0.978588
7986: 0.97859
7987: 0.978593
7988: 0.978596
7989: 0.978598
7990: 0.978601
7991: 0.978604
7992: 0.978606
7993: 0.978609
7994: 0.978612
7995: 0.978614
7996: 0.978617
7997: 0.97862
7998: 0.978622
7999: 0.978625
8000: 0.978628
8001: 0.97863
8002: 0.978633
8003: 0.978636
8004: 0.978638
8005: 0.978641
8006: 0.978644
8007: 0.978646
8008: 0.978649
8009: 0.978652
8010: 0.978654
8011: 0.978657
8012: 0.97866
8013: 0.978662
8014: 0.978665
8015: 0.978668
8016: 0.97867
8017: 0.978673
8018: 0.978676
8019: 0.978678
8020: 0.978681
8021: 0.978684
8022: 0.978686
8023: 0.978689
8024: 0.978692
8025: 0.978694
8026: 0.978697
8027: 0.9787
8028: 0.978702
8029: 0.978705
8030: 0.978708
8031: 0.97871
8032: 0.978713
8033: 0.978715
8034: 0.978718
8035: 0.978721
8036: 0.978723
8037: 0.978726
8038: 0.978729
8039: 0.978731
8040: 0.978734
8041: 0.978737
8042: 0.978739
8043: 0.978742
8044: 0.978745
8045: 0.978747
8046: 0.97875
8047: 0.978752
8048: 0.978755
8049: 0.978758
8050: 0.97876
8051: 0.978763
8052: 0.978766
8053: 0.978768
8054: 0.978771
8055: 0.978774
8056: 0.978776
8057: 0.978779
8058: 0.978781
8059: 0.978784
8060: 0.978787
8061: 0.978789
8062: 0.978792
8063: 0.978795
8064: 0.978797
8065: 0.9788
8066: 0.978803
8067: 0.978805
8068: 0.978808
8069: 0.97881
8070: 0.978813
8071: 0.978816
8072: 0.978818
8073: 0.978821
8074: 0.978824
8075: 0.978826
8076: 0.978829
8077: 0.978831
8078: 0.978834
8079: 0.978837
8080: 0.978839
8081: 0.978842
8082: 0.978844
8083: 0.978847
8084: 0.97885
8085: 0.978852
8086: 0.978855
8087: 0.978858
8088: 0.97886
8089: 0.978863
8090: 0.978865
8091: 0.978868
8092: 0.978871
8093: 0.978873
8094: 0.978876
8095: 0.978878
8096: 0.978881
8097: 0.978884
8098: 0.978886
8099: 0.978889
8100: 0.978891
8101: 0.978894
8102: 0.978897
8103: 0.978899
8104: 0.978902
8105: 0.978905
8106: 0.978907
8107: 0.97891
8108: 0.978912
8109: 0.978915
8110: 0.978918
8111: 0.97892
8112: 0.978923
8113: 0.978925
8114: 0.978928
8115: 0.978931
8116: 0.978933
8117: 0.978936
8118: 0.978938
8119: 0.978941
8120: 0.978943
8121: 0.978946
8122: 0.978949
8123: 0.978951
8124: 0.978954
8125: 0.978956
8126: 0.978959
8127: 0.978962
8128: 0.978964
8129: 0.978967
8130: 0.978969
8131: 0.978972
8132: 0.978975
8133: 0.978977
8134: 0.97898
8135: 0.978982
8136: 0.978985
8137: 0.978987
8138: 0.97899
8139: 0.978993
8140: 0.978995
8141: 0.978998
8142: 0.979
8143: 0.979003
8144: 0.979006
8145: 0.979008
8146: 0.979011
8147: 0.979013
8148: 0.979016
8149: 0.979018
8150: 0.979021
8151: 0.979024
8152: 0.979026
8153: 0.979029
8154: 0.979031
8155: 0.979034
8156: 0.979036
8157: 0.979039
8158: 0.979042
8159: 0.979044
8160: 0.979047
8161: 0.979049
8162: 0.979052
8163: 0.979054
8164: 0.979057
8165: 0.97906
8166: 0.979062
8167: 0.979065
8168: 0.979067
8169: 0.97907
8170: 0.979072
8171: 0.979075
8172: 0.979077
8173: 0.97908
8174: 0.979083
8175: 0.979085
8176: 0.979088
8177: 0.97909
8178: 0.979093
8179: 0.979095
8180: 0.979098
8181: 0.9791
8182: 0.979103
8183: 0.979106
8184: 0.979108
8185: 0.979111
8186: 0.979113
8187: 0.979116
8188: 0.979118
8189: 0.979121
8190: 0.979123
8191: 0.979126
8192: 0.979129
8193: 0.979131
8194: 0.979134
8195: 0.979136
8196: 0.979139
8197: 0.979141
8198: 0.979144
8199: 0.979146
8200: 0.979027
8201: 0.97903
8202: 0.979032
8203: 0.979035
8204: 0.979037
8205: 0.97904
8206: 0.979042
8207: 0.979045
8208: 0.979047
8209: 0.97905
8210: 0.979052
8211: 0.979055
8212: 0.979058
8213: 0.97906
8214: 0.979063
8215: 0.979065
8216: 0.979068
8217: 0.97907
8218: 0.979073
8219: 0.979075
8220: 0.979078
8221: 0.979081
8222: 0.979083
8223: 0.979086
8224: 0.979088
8225: 0.979091
8226: 0.979093
8227: 0.979096
8228: 0.979098
8229: 0.979101
8230: 0.979103
8231: 0.979106
8232: 0.979108
8233: 0.979111
8234: 0.979114
8235: 0.979116
8236: 0.979119
8237: 0.979121
8238: 0.979124
8239: 0.979126
8240: 0.979129
8241: 0.979131
8242: 0.979134
8243: 0.979136
8244: 0.979139
8245: 0.979141
8246: 0.979144
8247: 0.979146
8248: 0.979149
8249: 0.979152
8250: 0.979154
8251: 0.979157
8252: 0.979159
8253: 0.979162
8254: 0.979164
8255: 0.979167
8256: 0.979169
8257: 0.979172
8258: 0.979174
8259: 0.979177
8260: 0.979179
8261: 0.979182
8262: 0.979184
8263: 0.979187
8264: 0.979189
8265: 0.979192
8266: 0.979194
8267: 0.979197
8268: 0.979199
8269: 0.979202
8270: 0.979204
8271: 0.979207
8272: 0.979209
8273: 0.979212
8274: 0.979215
8275: 0.979217
8276: 0.97922
8277: 0.979222
8278: 0.979225
8279: 0.979227
8280: 0.97923
8281: 0.979232
8282: 0.979235
8283: 0.979237
8284: 0.97924
8285: 0.979242
8286: 0.979245
8287: 0.979247
8288: 0.97925
8289: 0.979252
8290: 0.979255
8291: 0.979257
8292: 0.97926
8293: 0.979262
8294: 0.979265
8295: 0.979267
8296: 0.97927
8297: 0.979272
8298: 0.979275
8299: 0.979277
8300: 0.97928
8301: 0.979282
8302: 0.979285
8303: 0.979287
8304: 0.97929
8305: 0.979292
8306: 0.979295
8307: 0.979297
8308: 0.9793
8309: 0.979302
8310: 0.979305
8311: 0.979307
8312: 0.97931
8313: 0.979312
8314: 0.979314
8315: 0.979317
8316: 0.979319
8317: 0.979322
8318: 0.979324
8319: 0.979327
8320: 0.979329
8321: 0.979332
8322: 0.979334
8323: 0.979337
8324: 0.979339
8325: 0.979342
8326: 0.979344
8327: 0.979347
8328: 0.979349
8329: 0.979352
8330: 0.979354
8331: 0.979357
8332: 0.979359
8333: 0.979362
8334: 0.979364
8335: 0.979367
8336: 0.979369
8337: 0.979372
8338: 0.979374
8339: 0.979376
8340: 0.979379
8341: 0.979381
8342: 0.979384
8343: 0.979386
8344: 0.979389
8345: 0.979391
8346: 0.979394
8347: 0.979396
8348: 0.979399
8349: 0.979401
8350: 0.979404
8351: 0.979406
8352: 0.979409
8353: 0.979411
8354: 0.979414
8355: 0.979416
8356: 0.979418
8357: 0.979421
8358: 0.979423
8359: 0.979426
8360: 0.979428
8361: 0.979431
8362: 0.979433
8363: 0.979436
8364: 0.979438
8365: 0.979441
8366: 0.979443
8367: 0.979446
8368: 0.979448
8369: 0.97945
8370: 0.979453
8371: 0.979455
8372: 0.979458
8373: 0.97946
8374: 0.979463
8375: 0.979465
8376: 0.979468
8377: 0.97947
8378: 0.979472
8379: 0.979475
8380: 0.979477
8381: 0.97948
8382: 0.979482
8383: 0.979485
8384: 0.979487
8385: 0.97949
8386: 0.979492
8387: 0.979495
8388: 0.979497
8389: 0.979499
8390: 0.979502
8391: 0.979504
8392: 0.979507
8393: 0.979509
8394: 0.979512
8395: 0.979514
8396: 0.979516
8397: 0.979519
8398: 0.979521
8399: 0.979524
8400: 0.979526
8401: 0.979529
8402: 0.979531
8403: 0.979534
8404: 0.979536
8405: 0.979538
8406: 0.979541
8407: 0.979543
8408: 0.979546
8409: 0.979548
8410: 0.979551
8411: 0.979553
8412: 0.979555
8413: 0.979558
8414: 0.97956
8415: 0.979563
8416: 0.979565
8417: 0.979568
8418: 0.97957
8419: 0.979572
8420: 0.979575
8421: 0.979577
8422: 0.97958
8423: 0.979582
8424: 0.979585
8425: 0.979587
8426: 0.979589
8427: 0.979592
8428: 0.979594
8429: 0.979597
8430: 0.979599
8431: 0.979602
8432: 0.979604
8433: 0.979606
8434: 0.979609
8435: 0.979611
8436: 0.979614
8437: 0.979616
8438: 0.979618
8439: 0.979621
8440: 0.979623
8441: 0.979626
8442: 0.979628
8443: 0.979631
8444: 0.979633
8445: 0.979635
8446: 0.979638
8447: 0.97964
8448: 0.979643
8449: 0.979645
8450: 0.979647
8451: 0.97965
8452: 0.979652
8453: 0.979655
8454: 0.979657
8455: 0.979659
8456: 0.979662
8457: 0.979664
8458: 0.979667
8459: 0.979669
8460: 0.979671
8461: 0.979674
8462: 0.979676
8463: 0.979679
8464: 0.979681
8465: 0.979683
8466: 0.979686
8467: 0.979688
8468: 0.979691
8469: 0.979693
8470: 0.979695
8471: 0.979698
8472: 0.9797
8473: 0.979703
8474: 0.979705
8475: 0.979707
8476: 0.97971
8477: 0.979712
8478: 0.979715
8479: 0.979717
8480: 0.979719
8481: 0.979722
8482: 0.979724
8483: 0.979727
8484: 0.979729
8485: 0.979731
8486: 0.979734
8487: 0.979736
8488: 0.979738
8489: 0.979741
8490: 0.979743
8491: 0.979746
8492: 0.979748
8493: 0.97975
8494: 0.979753
8495: 0.979755
8496: 0.979758
8497: 0.97976
8498: 0.979762
8499: 0.979765
8500: 0.979767
8501: 0.979769
8502: 0.979772
8503: 0.979774
8504: 0.979777
8505: 0.979779
8506: 0.979781
8507: 0.979784
8508: 0.979786
8509: 0.979788
8510: 0.979791
8511: 0.979793
8512: 0.979796
8513: 0.979798
8514: 0.9798
8515: 0.979803
8516: 0.979805
8517: 0.979807
8518: 0.97981
8519: 0.979812
8520: 0.979815
8521: 0.979817
8522: 0.979819
8523: 0.979822
8524: 0.979824
8525: 0.979826
8526: 0.979829
8527: 0.979831
8528: 0.979834
8529: 0.979836
8530: 0.979838
8531: 0.979841
8532: 0.979843
8533: 0.979845
8534: 0.979848
8535: 0.97985
8536: 0.979852
8537: 0.979855
8538: 0.979857
8539: 0.979859
8540: 0.979862
8541: 0.979864
8542: 0.979867
8543: 0.979869
8544: 0.979871
8545: 0.979874
8546: 0.979876
8547: 0.979878
8548: 0.979881
8549: 0.979883
8550: 0.979885
8551: 0.979888
8552: 0.97989
8553: 0.979892
8554: 0.979895
8555: 0.979897
8556: 0.979899
8557: 0.979902
8558: 0.979904
8559: 0.979907
8560: 0.979909
8561: 0.979911
8562: 0.979914
8563: 0.979916
8564: 0.979918
8565: 0.979921
8566: 0.979923
8567: 0.979925
8568: 0.979928
8569: 0.97993
8570: 0.979932
8571: 0.979935
8572: 0.979937
8573: 0.979939
8574: 0.979942
8575: 0.979944
8576: 0.979946
8577: 0.979949
8578: 0.979951
8579: 0.979953
8580: 0.979956
8581: 0.979958
8582: 0.97996
8583: 0.979963
8584: 0.979965
8585: 0.979967
8586: 0.97997
8587: 0.979972
8588: 0.979974
8589: 0.979977
8590: 0.979979
8591: 0.979981
8592: 0.979984
8593: 0.979986
8594: 0.979988
8595: 0.979991
8596: 0.979993
8597: 0.979995
8598: 0.979998
8599: 0.98
8600: 0.980002
8601: 0.980005
8602: 0.980007
8603: 0.980009
8604: 0.980012
8605: 0.980014
8606: 0.980016
8607: 0.980019
8608: 0.980021
8609: 0.980023
8610: 0.980026
8611: 0.980028
8612: 0.98003
8613: 0.980033
8614: 0.980035
8615: 0.980037
8616: 0.980039
8617: 0.980042
8618: 0.980044
8619: 0.980046
8620: 0.980049
8621: 0.980051
8622: 0.980053
8623: 0.980056
8624: 0.980058
8625: 0.98006
8626: 0.980063
8627: 0.980065
8628: 0.980067
8629: 0.98007
8630: 0.980072
8631: 0.980074
8632: 0.980076
8633: 0.980079
8634: 0.980081
8635: 0.980083
8636: 0.980086
8637: 0.980088
8638: 0.98009
8639: 0.980093
8640: 0.980095
8641: 0.980097
8642: 0.9801
8643: 0.980102
8644: 0.980104
8645: 0.980106
8646: 0.980109
8647: 0.980111
8648: 0.980113
8649: 0.980116
8650: 0.980118
8651: 0.98012
8652: 0.980123
8653: 0.980125
8654: 0.980127
8655: 0.980129
8656: 0.980132
8657: 0.980134
8658: 0.980136
8659: 0.980139
8660: 0.980141
8661: 0.980143
8662: 0.980145
8663: 0.980148
8664: 0.98015
8665: 0.980152
8666: 0.980155
8667: 0.980157
8668: 0.980159
8669: 0.980161
8670: 0.980164
8671: 0.980166
8672: 0.980168
8673: 0.980171
8674: 0.980173
8675: 0.980175
8676: 0.980177
8677: 0.98018
8678: 0.980182
8679: 0.980184
8680: 0.980187
8681: 0.980189
8682: 0.980191
8683: 0.980193
8684: 0.980196
8685: 0.980198
8686: 0.9802
8687: 0.980203
8688: 0.980205
8689: 0.980207
8690: 0.980209
8691: 0.980212
8692: 0.980214
8693: 0.980216
8694: 0.980219
8695: 0.980221
8696: 0.980223
8697: 0.980225
8698: 0.980228
8699: 0.98023
8700: 0.980232
8701: 0.980234
8702: 0.980237
8703: 0.980239
8704: 0.980241
8705: 0.980244
8706: 0.980246
8707: 0.980248
8708: 0.98025
8709: 0.980253
8710: 0.980255
8711: 0.980257
8712: 0.980259
8713: 0.980262
8714: 0.980264
8715: 0.980266
8716: 0.980268
8717: 0.980271
8718: 0.980273
8719: 0.980275
8720: 0.980277
8721: 0.98028
8722: 0.980282
8723: 0.980284
8724: 0.980287
8725: 0.980289
8726: 0.980291
8727: 0.980293
8728: 0.980296
8729: 0.980298
8730: 0.9803
8731: 0.980302
8732: 0.980305
8733: 0.980307
8734: 0.980309
8735: 0.980311
8736: 0.980314
8737: 0.980316
8738: 0.980318
8739: 0.98032
8740: 0.980323
8741: 0.980325
8742: 0.980327
8743: 0.980329
8744: 0.980332
8745: 0.980334
8746: 0.980336
8747: 0.980338
8748: 0.980341
8749: 0.980343
8750: 0.980345
8751: 0.980347
8752: 0.98035
8753: 0.980352
8754: 0.980354
8755: 0.980356
8756: 0.980359
8757: 0.980361
8758: 0.980363
8759: 0.980365
8760: 0.980368
8761: 0.98037
8762: 0.980372
8763: 0.980374
8764: 0.980376
8765: 0.980379
8766: 0.980381
8767: 0.980383
8768: 0.980385
8769: 0.980388
8770: 0.98039
8771: 0.980392
8772: 0.980394
8773: 0.980397
8774: 0.980399
8775: 0.980401
8776: 0.980403
8777: 0.980406
8778: 0.980408
8779: 0.98041
8780: 0.980412
8781: 0.980414
8782: 0.980417
8783: 0.980419
8784: 0.980421
8785: 0.980423
8786: 0.980426
8787: 0.980428
8788: 0.98043
8789: 0.980432
8790: 0.980435
8791: 0.980437
8792: 0.980439
8793: 0.980441
8794: 0.980443
8795: 0.980446
8796: 0.980448
8797: 0.98045
8798: 0.980452
8799: 0.980455
8800: 0.980457
8801: 0.980459
8802: 0.980461
8803: 0.980463
8804: 0.980466
8805: 0.980468
8806: 0.98047
8807: 0.980472
8808: 0.980475
8809: 0.980477
8810: 0.980479
8811: 0.980481
8812: 0.980483
8813: 0.980486
8814: 0.980488
8815: 0.98049
8816: 0.980492
8817: 0.980494
8818: 0.980497
8819: 0.980499
8820: 0.980501
8821: 0.980503
8822: 0.980505
8823: 0.980508
8824: 0.98051
8825: 0.980512
8826: 0.980514
8827: 0.980517
8828: 0.980519
8829: 0.980521
8830: 0.980523
8831: 0.980525
8832: 0.980528
8833: 0.98053
8834: 0.980532
8835: 0.980534
8836: 0.980536
8837: 0.980539
8838: 0.980541
8839: 0.980543
8840: 0.980545
8841: 0.980547
8842: 0.98055
8843: 0.980552
8844: 0.980554
8845: 0.980556
8846: 0.980558
8847: 0.980561
8848: 0.980563
8849: 0.980565
8850: 0.980567
8851: 0.980569
8852: 0.980572
8853: 0.980574
8854: 0.980576
8855: 0.980578
8856: 0.98058
8857: 0.980583
8858: 0.980585
8859: 0.980587
8860: 0.980589
8861: 0.980591
8862: 0.980593
8863: 0.980596
8864: 0.980598
8865: 0.9806
8866: 0.980602
8867: 0.980604
8868: 0.980607
8869: 0.980609
8870: 0.980611
8871: 0.980613
8872: 0.980615
8873: 0.980618
8874: 0.98062
8875: 0.980622
8876: 0.980624
8877: 0.980514
8878: 0.980516
8879: 0.980518
8880: 0.98052
8881: 0.980522
8882: 0.980525
8883: 0.980527
8884: 0.980529
8885: 0.980531
8886: 0.980533
8887: 0.980536
8888: 0.980538
8889: 0.98054
8890: 0.980542
8891: 0.980544
8892: 0.980546
8893: 0.980549
8894: 0.980551
8895: 0.980553
8896: 0.980555
8897: 0.980557
8898: 0.98056
8899: 0.980562
8900: 0.980564
8901: 0.980566
8902: 0.980568
8903: 0.980571
8904: 0.980573
8905: 0.980575
8906: 0.980577
8907: 0.980579
8908: 0.980581
8909: 0.980584
8910: 0.980586
8911: 0.980588
8912: 0.98059
8913: 0.980592
8914: 0.980595
8915: 0.980597
8916: 0.980599
8917: 0.980601
8918: 0.980603
8919: 0.980605
8920: 0.980608
8921: 0.98061
8922: 0.980612
8923: 0.980614
8924: 0.980616
8925: 0.980618
8926: 0.980621
8927: 0.980623
8928: 0.980625
8929: 0.980627
8930: 0.980629
8931: 0.980631
8932: 0.980634
8933: 0.980636
8934: 0.980638
8935: 0.98064
8936: 0.980642
8937: 0.980644
8938: 0.980647
8939: 0.980649
8940: 0.980539
8941: 0.980541
8942: 0.980543
8943: 0.980546
8944: 0.980548
8945: 0.98055
8946: 0.980552
8947: 0.980554
8948: 0.980556
8949: 0.980559
8950: 0.980561
8951: 0.980563
8952: 0.980565
8953: 0.980567
8954: 0.98057
8955: 0.980572
8956: 0.980574
8957: 0.980576
8958: 0.980578
8959: 0.98058
8960: 0.980583
8961: 0.980585
8962: 0.980587
8963: 0.980589
8964: 0.980591
8965: 0.980593
8966: 0.980596
8967: 0.980598
8968: 0.9806
8969: 0.980602
8970: 0.980604
8971: 0.980606
8972: 0.980608
8973: 0.980611
8974: 0.980613
8975: 0.980615
8976: 0.980617
8977: 0.980619
8978: 0.980621
8979: 0.980624
8980: 0.980626
8981: 0.980628
8982: 0.98063
8983: 0.980632
8984: 0.980634
8985: 0.980637
8986: 0.980639
8987: 0.980641
8988: 0.980643
8989: 0.980645
8990: 0.980647
8991: 0.980649
8992: 0.980652
8993: 0.980654
8994: 0.980656
8995: 0.980658
8996: 0.98066
8997: 0.980662
8998: 0.980665
8999: 0.980667
9000: 0.980669
9001: 0.980671
9002: 0.980673
9003: 0.980675
9004: 0.980677
9005: 0.98068
9006: 0.980682
9007: 0.980684
9008: 0.980686
9009: 0.980688
9010: 0.98069
9011: 0.980692
9012: 0.980695
9013: 0.980697
9014: 0.980699
9015: 0.980701
9016: 0.980703
9017: 0.980705
9018: 0.980707
9019: 0.98071
9020: 0.980712
9021: 0.980714
9022: 0.980716
9023: 0.980718
9024: 0.98072
9025: 0.980722
9026: 0.980724
9027: 0.980727
9028: 0.980729
9029: 0.980731
9030: 0.980733
9031: 0.980735
9032: 0.980737
9033: 0.980739
9034: 0.980742
9035: 0.980744
9036: 0.980746
9037: 0.980748
9038: 0.98075
9039: 0.980752
9040: 0.980754
9041: 0.980756
9042: 0.980759
9043: 0.980761
9044: 0.980763
9045: 0.980765
9046: 0.980767
9047: 0.980769
9048: 0.980771
9049: 0.980773
9050: 0.980776
9051: 0.980778
9052: 0.98078
9053: 0.980782
9054: 0.980784
9055: 0.980786
9056: 0.980788
9057: 0.98079
9058: 0.980793
9059: 0.980795
9060: 0.980797
9061: 0.980799
9062: 0.980801
9063: 0.980803
9064: 0.980805
9065: 0.980807
9066: 0.98081
9067: 0.980812
9068: 0.980814
9069: 0.980816
9070: 0.980818
9071: 0.98082
9072: 0.980822
9073: 0.980824
9074: 0.980826
9075: 0.980829
9076: 0.980831
9077: 0.980833
9078: 0.980835
9079: 0.980837
9080: 0.980839
9081: 0.980841
9082: 0.980843
9083: 0.980845
9084: 0.980848
9085: 0.98085
9086: 0.980852
9087: 0.980854
9088: 0.980856
9089: 0.980858
9090: 0.98086
9091: 0.980862
9092: 0.980864
9093: 0.980867
9094: 0.980869
9095: 0.980871
9096: 0.980873
9097: 0.980875
9098: 0.980877
9099: 0.980879
9100: 0.980881
9101: 0.980883
9102: 0.980885
9103: 0.980888
9104: 0.98089
9105: 0.980892
9106: 0.980894
9107: 0.980896
9108: 0.980898
9109: 0.9809
9110: 0.980902
9111: 0.980904
9112: 0.980906
9113: 0.980908
9114: 0.980911
9115: 0.980913
9116: 0.980915
9117: 0.980917
9118: 0.980919
9119: 0.980921
9120: 0.980923
9121: 0.980925
9122: 0.980927
9123: 0.980929
9124: 0.980932
9125: 0.980934
9126: 0.980936
9127: 0.980938
9128: 0.98094
9129: 0.980942
9130: 0.980944
9131: 0.980946
9132: 0.980948
9133: 0.98095
9134: 0.980952
9135: 0.980954
9136: 0.980957
9137: 0.980959
9138: 0.980961
9139: 0.980963
9140: 0.980965
9141: 0.980967
9142: 0.980969
9143: 0.980971
9144: 0.980973
9145: 0.980975
9146: 0.980977
9147: 0.980979
9148: 0.980982
9149: 0.980984
9150: 0.980986
9151: 0.980988
9152: 0.98099
9153: 0.980992
9154: 0.980994
9155: 0.980996
9156: 0.980998
9157: 0.981
9158: 0.981002
9159: 0.981004
9160: 0.981006
9161: 0.981009
9162: 0.981011
9163: 0.981013
9164: 0.981015
9165: 0.981017
9166: 0.981019
9167: 0.981021
9168: 0.981023
9169: 0.981025
9170: 0.981027
9171: 0.981029
9172: 0.981031
9173: 0.981033
9174: 0.981035
9175: 0.981037
9176: 0.98104
9177: 0.981042
9178: 0.981044
9179: 0.981046
9180: 0.981048
9181: 0.98105
9182: 0.981052
9183: 0.981054
9184: 0.981056
9185: 0.981058
9186: 0.98106
9187: 0.981062
9188: 0.981064
9189: 0.981066
9190: 0.981068
9191: 0.98107
9192: 0.981073
9193: 0.981075
9194: 0.981077
9195: 0.981079
9196: 0.981081
9197: 0.981083
9198: 0.981085
9199: 0.981087
9200: 0.981089
9201: 0.981091
9202: 0.981093
9203: 0.981095
9204: 0.981097
9205: 0.981099
9206: 0.981101
9207: 0.981103
9208: 0.981105
9209: 0.981107
9210: 0.98111
9211: 0.981112
9212: 0.981114
9213: 0.981116
9214: 0.981118
9215: 0.98112
9216: 0.981122
9217: 0.981124
9218: 0.981126
9219: 0.981128
9220: 0.98113
9221: 0.981132
9222: 0.981134
9223: 0.981136
9224: 0.981138
9225: 0.98114
9226: 0.981142
9227: 0.981144
9228: 0.981146
9229: 0.981148
9230: 0.98115
9231: 0.981153
9232: 0.981155
9233: 0.981157
9234: 0.981159
9235: 0.981161
9236: 0.981163
9237: 0.981165
9238: 0.981167
9239: 0.981169
9240: 0.981171
9241: 0.981173
9242: 0.981175
9243: 0.981177
9244: 0.981179
9245: 0.981181
9246: 0.981183
9247: 0.981185
9248: 0.981187
9249: 0.981189
9250: 0.981191
9251: 0.981193
9252: 0.981195
9253: 0.981197
9254: 0.981199
9255: 0.981201
9256: 0.981203
9257: 0.981205
9258: 0.981207
9259: 0.98121
9260: 0.981212
9261: 0.981214
9262: 0.981216
9263: 0.981218
9264: 0.98122
9265: 0.981222
9266: 0.981224
9267: 0.981226
9268: 0.981228
9269: 0.98123
9270: 0.981232
9271: 0.981234
9272: 0.981236
9273: 0.981238
9274: 0.98124
9275: 0.981242
9276: 0.981244
9277: 0.981246
9278: 0.981248
9279: 0.98125
9280: 0.981252
9281: 0.981254
9282: 0.981256
9283: 0.981258
9284: 0.98126
9285: 0.981262
9286: 0.981264
9287: 0.981266
9288: 0.981268
9289: 0.98127
9290: 0.981272
9291: 0.981274
9292: 0.981276
9293: 0.981278
9294: 0.98128
9295: 0.981282
9296: 0.981284
9297: 0.981286
9298: 0.981288
9299: 0.98129
9300: 0.981292
9301: 0.981294
9302: 0.981296
9303: 0.981298
9304: 0.9813
9305: 0.981302
9306: 0.981304
9307: 0.981306
9308: 0.981308
9309: 0.98131
9310: 0.981312
9311: 0.981314
9312: 0.981316
9313: 0.981318
9314: 0.98132
9315: 0.981322
9316: 0.981324
9317: 0.981326
9318: 0.981328
9319: 0.98133
9320: 0.981332
9321: 0.981334
9322: 0.981336
9323: 0.981338
9324: 0.98134
9325: 0.981342
9326: 0.981344
9327: 0.981346
9328: 0.981348
9329: 0.98135
9330: 0.981352
9331: 0.981354
9332: 0.981356
9333: 0.981358
9334: 0.98136
9335: 0.981362
9336: 0.981364
9337: 0.981366
9338: 0.981368
9339: 0.98137
9340: 0.981372
9341: 0.981374
9342: 0.981376
9343: 0.981378
9344: 0.98138
9345: 0.981382
9346: 0.981384
9347: 0.981386
9348: 0.981388
9349: 0.98139
9350: 0.981392
9351: 0.981394
9352: 0.981396
9353: 0.981398
9354: 0.9814
9355: 0.981402
9356: 0.981404
9357: 0.981406
9358: 0.981408
9359: 0.98141
9360: 0.981412
9361: 0.981414
9362: 0.981416
9363: 0.981418
9364: 0.98142
9365: 0.981422
9366: 0.981424
9367: 0.981426
9368: 0.981428
9369: 0.98143
9370: 0.981325
9371: 0.981327
9372: 0.981329
9373: 0.981331
9374: 0.981333
9375: 0.981335
9376: 0.981337
9377: 0.981339
9378: 0.981341
9379: 0.981343
9380: 0.981345
9381: 0.981347
9382: 0.981349
9383: 0.981351
9384: 0.981353
9385: 0.981355
9386: 0.981357
9387: 0.981359
9388: 0.981361
9389: 0.981363
9390: 0.981365
9391: 0.981367
9392: 0.981369
9393: 0.981371
9394: 0.981373
9395: 0.981375
9396: 0.981377
9397: 0.981379
9398: 0.981381
9399: 0.981383
9400: 0.981385
9401: 0.981387
9402: 0.981389
9403: 0.981391
9404: 0.981393
9405: 0.981395
9406: 0.981397
9407: 0.981399
9408: 0.981401
9409: 0.981403
9410: 0.981405
9411: 0.981407
9412: 0.981409
9413: 0.981411
9414: 0.981413
9415: 0.981415
9416: 0.981417
9417: 0.981419
9418: 0.981421
9419: 0.981423
9420: 0.981424
9421: 0.981426
9422: 0.981428
9423: 0.98143
9424: 0.981432
9425: 0.981434
9426: 0.981436
9427: 0.981438
9428: 0.98144
9429: 0.981442
9430: 0.981444
9431: 0.981446
9432: 0.981448
9433: 0.98145
9434: 0.981452
9435: 0.981454
9436: 0.981456
9437: 0.981458
9438: 0.98146
9439: 0.981462
9440: 0.981464
9441: 0.981466
9442: 0.981468
9443: 0.98147
9444: 0.981472
9445: 0.981474
9446: 0.981476
9447: 0.981478
9448: 0.98148
9449: 0.981481
9450: 0.981483
9451: 0.981485
9452: 0.981487
9453: 0.981489
9454: 0.981491
9455: 0.981493
9456: 0.981495
9457: 0.981497
9458: 0.981499
9459: 0.981501
9460: 0.981503
9461: 0.981505
9462: 0.981507
9463: 0.981509
9464: 0.981511
9465: 0.981513
9466: 0.981515
9467: 0.981517
9468: 0.981519
9469: 0.981521
9470: 0.981523
9471: 0.981524
9472: 0.981526
9473: 0.981528
9474: 0.98153
9475: 0.981532
9476: 0.981534
9477: 0.981536
9478: 0.981538
9479: 0.98154
9480: 0.981542
9481: 0.981544
9482: 0.981546
9483: 0.981548
9484: 0.98155
9485: 0.981552
9486: 0.981554
9487: 0.981556
9488: 0.981558
9489: 0.98156
9490: 0.981561
9491: 0.981563
9492: 0.981565
9493: 0.981567
9494: 0.981569
9495: 0.981571
9496: 0.981573
9497: 0.981575
9498: 0.981577
9499: 0.981579
9500: 0.981581
9501: 0.981583
9502: 0.981585
9503: 0.981587
9504: 0.981589
9505: 0.981591
9506: 0.981593
9507: 0.981594
9508: 0.981596
9509: 0.981598
9510: 0.9816
9511: 0.981602
9512: 0.981604
9513: 0.981606
9514: 0.981608
9515: 0.98161
9516: 0.981612
9517: 0.981614
9518: 0.981616
9519: 0.981618
9520: 0.98162
9521: 0.981622
9522: 0.981623
9523: 0.981625
9524: 0.981627
9525: 0.981629
9526: 0.981631
9527: 0.981633
9528: 0.981635
9529: 0.981637
9530: 0.981639
9531: 0.981641
9532: 0.981643
9533: 0.981645
9534: 0.981647
9535: 0.981648
9536: 0.98165
9537: 0.981652
9538: 0.981654
9539: 0.981656
9540: 0.981658
9541: 0.98166
9542: 0.981662
9543: 0.981664
9544: 0.981666
9545: 0.981668
9546: 0.98167
9547: 0.981672
9548: 0.981673
9549: 0.981675
9550: 0.981677
9551: 0.981679
9552: 0.981681
9553: 0.981683
9554: 0.981685
9555: 0.981687
9556: 0.981689
9557: 0.981691
9558: 0.981693
9559: 0.981695
9560: 0.981696
9561: 0.981698
9562: 0.9817
9563: 0.981702
9564: 0.981704
9565: 0.981706
9566: 0.981708
9567: 0.98171
9568: 0.981712
9569: 0.981714
9570: 0.981716
9571: 0.981718
9572: 0.981719
9573: 0.981721
9574: 0.981723
9575: 0.981725
9576: 0.981727
9577: 0.981729
9578: 0.981731
9579: 0.981733
9580: 0.981735
9581: 0.981737
9582: 0.981738
9583: 0.98174
9584: 0.981742
9585: 0.981744
9586: 0.981746
9587: 0.981748
9588: 0.98175
9589: 0.981752
9590: 0.981754
9591: 0.981756
9592: 0.981758
9593: 0.981759
9594: 0.981761
9595: 0.981763
9596: 0.981765
9597: 0.981767
9598: 0.981769
9599: 0.981771
9600: 0.981773
9601: 0.981775
9602: 0.981777
9603: 0.981778
9604: 0.98178
9605: 0.981782
9606: 0.981784
9607: 0.981786
9608: 0.981788
9609: 0.98179
9610: 0.981792
9611: 0.981794
9612: 0.981795
9613: 0.981797
9614: 0.981799
9615: 0.981801
9616: 0.981803
9617: 0.981805
9618: 0.981807
9619: 0.981809
9620: 0.981811
9621: 0.981813
9622: 0.981814
9623: 0.981816
9624: 0.981818
9625: 0.98182
9626: 0.981822
9627: 0.981824
9628: 0.981826
9629: 0.981828
9630: 0.98183
9631: 0.981831
9632: 0.981833
9633: 0.981835
9634: 0.981837
9635: 0.981839
9636: 0.981841
9637: 0.981843
9638: 0.981845
9639: 0.981846
9640: 0.981848
9641: 0.98185
9642: 0.981852
9643: 0.981854
9644: 0.981856
9645: 0.981858
9646: 0.98186
9647: 0.981862
9648: 0.981863
9649: 0.981865
9650: 0.981867
9651: 0.981869
9652: 0.981871
9653: 0.981873
9654: 0.981875
9655: 0.981877
9656: 0.981878
9657: 0.98188
9658: 0.981882
9659: 0.981884
9660: 0.981886
9661: 0.981888
9662: 0.98189
9663: 0.981892
9664: 0.981893
9665: 0.981895
9666: 0.981897
9667: 0.981899
9668: 0.981901
9669: 0.981903
9670: 0.981905
9671: 0.981907
9672: 0.981908
9673: 0.98191
9674: 0.981912
9675: 0.981914
9676: 0.981916
9677: 0.981918
9678: 0.98192
9679: 0.981921
9680: 0.981923
9681: 0.981925
9682: 0.981927
9683: 0.981929
9684: 0.981931
9685: 0.981933
9686: 0.981935
9687: 0.981936
9688: 0.981938
9689: 0.98194
9690: 0.981942
9691: 0.981944
9692: 0.981946
9693: 0.981948
9694: 0.981949
9695: 0.981951
9696: 0.981953
9697: 0.981955
9698: 0.981957
9699: 0.981959
9700: 0.981961
9701: 0.981962
9702: 0.981964
9703: 0.981966
9704: 0.981968
9705: 0.98197
9706: 0.981972
9707: 0.981974
9708: 0.981975
9709: 0.981977
9710: 0.981979
9711: 0.981981
9712: 0.981983
9713: 0.981985
9714: 0.981987
9715: 0.981988
9716: 0.98199
9717: 0.981992
9718: 0.981994
9719: 0.981996
9720: 0.981998
9721: 0.982
9722: 0.982001
9723: 0.982003
9724: 0.982005
9725: 0.982007
9726: 0.982009
9727: 0.982011
9728: 0.982013
9729: 0.982014
9730: 0.982016
9731: 0.982018
9732: 0.98202
9733: 0.982022
9734: 0.982024
9735: 0.982025
9736: 0.982027
9737: 0.982029
9738: 0.982031
9739: 0.982033
9740: 0.982035
9741: 0.982037
9742: 0.982038
9743: 0.98204
9744: 0.982042
9745: 0.982044
9746: 0.982046
9747: 0.982048
9748: 0.982049
9749: 0.982051
9750: 0.982053
9751: 0.982055
9752: 0.982057
9753: 0.982059
9754: 0.98206
9755: 0.982062
9756: 0.982064
9757: 0.982066
9758: 0.982068
9759: 0.98207
9760: 0.982072
9761: 0.982073
9762: 0.982075
9763: 0.982077
9764: 0.982079
9765: 0.982081
9766: 0.982083
9767: 0.982084
9768: 0.982086
9769: 0.982088
9770: 0.98209
9771: 0.982092
9772: 0.982094
9773: 0.982095
9774: 0.982097
9775: 0.982099
9776: 0.982101
9777: 0.982103
9778: 0.982105
9779: 0.982106
9780: 0.982108
9781: 0.98211
9782: 0.982112
9783: 0.982114
9784: 0.982115
9785: 0.982117
9786: 0.982119
9787: 0.982121
9788: 0.982123
9789: 0.982125
9790: 0.982126
9791: 0.982128
9792: 0.98213
9793: 0.982132
9794: 0.982134
9795: 0.982136
9796: 0.982137
9797: 0.982139
9798: 0.982141
9799: 0.982143
9800: 0.982145
9801: 0.982147
9802: 0.982046
9803: 0.982048
9804: 0.98205
9805: 0.982052
9806: 0.982054
9807: 0.982055
9808: 0.982057
9809: 0.982059
9810: 0.982061
9811: 0.982063
9812: 0.982065
9813: 0.982066
9814: 0.982068
9815: 0.98207
9816: 0.982072
9817: 0.982074
9818: 0.982076
9819: 0.982077
9820: 0.982079
9821: 0.982081
9822: 0.982083
9823: 0.982085
9824: 0.982087
9825: 0.982088
9826: 0.98209
9827: 0.982092
9828: 0.982094
9829: 0.982096
9830: 0.982097
9831: 0.982099
9832: 0.982101
9833: 0.982103
9834: 0.982105
9835: 0.982107
9836: 0.982108
9837: 0.98211
9838: 0.982112
9839: 0.982114
9840: 0.982116
9841: 0.982117
9842: 0.982119
9843: 0.982121
9844: 0.982123
9845: 0.982125
9846: 0.982127
9847: 0.982128
9848: 0.98213
9849: 0.982132
9850: 0.982134
9851: 0.982136
9852: 0.982137
9853: 0.982139
9854: 0.982141
9855: 0.982143
9856: 0.982145
9857: 0.982146
9858: 0.982148
9859: 0.98215
9860: 0.982152
9861: 0.982154
9862: 0.982156
9863: 0.982157
9864: 0.982159
9865: 0.982161
9866: 0.982163
9867: 0.982165
9868: 0.982166
9869: 0.982168
9870: 0.98217
9871: 0.982172
9872: 0.982174
9873: 0.982175
9874: 0.982177
9875: 0.982179
9876: 0.982181
9877: 0.982183
9878: 0.982184
9879: 0.982186
9880: 0.982188
9881: 0.98219
9882: 0.982192
9883: 0.982193
9884: 0.982195
9885: 0.982197
9886: 0.982199
9887: 0.982201
9888: 0.982202
9889: 0.982204
9890: 0.982206
9891: 0.982208
9892: 0.98221
9893: 0.982211
9894: 0.982213
9895: 0.982215
9896: 0.982217
9897: 0.982219
9898: 0.98222
9899: 0.982222
9900: 0.982224
9901: 0.982226
9902: 0.982228
9903: 0.982229
9904: 0.982231
9905: 0.982233
9906: 0.982235
9907: 0.982237
9908: 0.982238
9909: 0.98224
9910: 0.982242
9911: 0.982244
9912: 0.982246
9913: 0.982247
9914: 0.982249
9915: 0.982251
9916: 0.982253
9917: 0.982254
9918: 0.982256
9919: 0.982258
9920: 0.98226
9921: 0.982262
9922: 0.982263
9923: 0.982265
9924: 0.982267
9925: 0.982269
9926: 0.982271
9927: 0.982272
9928: 0.982274
9929: 0.982276
9930: 0.982278
9931: 0.98228
9932: 0.982281
9933: 0.982283
9934: 0.982285
9935: 0.982287
9936: 0.982288
9937: 0.98229
9938: 0.982292
9939: 0.982294
9940: 0.982296
9941: 0.982297
9942: 0.982299
9943: 0.982301
9944: 0.982303
9945: 0.982304
9946: 0.982306
9947: 0.982308
9948: 0.98231
9949: 0.982312
9950: 0.982313
9951: 0.982315
9952: 0.982317
9953: 0.982319
9954: 0.98232
9955: 0.982322
9956: 0.982324
9957: 0.982326
9958: 0.982328
9959: 0.982329
9960: 0.982331
9961: 0.982333
9962: 0.982335
9963: 0.982336
9964: 0.982338
9965: 0.98234
9966: 0.982342
9967: 0.982343
9968: 0.982345
9969: 0.982347
9970: 0.982349
9971: 0.982351
9972: 0.982352
9973: 0.982354
9974: 0.982356
9975: 0.982358
9976: 0.982359
9977: 0.982361
9978: 0.982363
9979: 0.982365
9980: 0.982366
9981: 0.982368
9982: 0.98237
9983: 0.982372
9984: 0.982374
9985: 0.982375
9986: 0.982377
9987: 0.982379
9988: 0.982381
9989: 0.982382
9990: 0.982384
9991: 0.982386
9992: 0.982388
9993: 0.982389
9994: 0.982391
9995: 0.982393
9996: 0.982395
9997: 0.982396
9998: 0.982398
9999: 0.9824
10000: 0.982402
10001: 0.982404
10002: 0.982405
10003: 0.982407
10004: 0.982409
10005: 0.982411
10006: 0.982412
10007: 0.982414
10008: 0.982416
10009: 0.982418
10010: 0.982419
10011: 0.982421
10012: 0.982423
10013: 0.982425
10014: 0.982426
10015: 0.982428
10016: 0.98243
10017: 0.982432
10018: 0.982433
10019: 0.982435
10020: 0.982437
10021: 0.982439
10022: 0.98244
10023: 0.982442
10024: 0.982444
10025: 0.982446
10026: 0.982447
10027: 0.982449
10028: 0.982451
10029: 0.982453
10030: 0.982454
10031: 0.982456
10032: 0.982458
10033: 0.98246
10034: 0.982461
10035: 0.982463
10036: 0.982465
10037: 0.982467
10038: 0.982468
10039: 0.98247
10040: 0.982472
10041: 0.982474
10042: 0.982475
10043: 0.982477
10044: 0.982479
10045: 0.982481
10046: 0.982482
10047: 0.982484
10048: 0.982486
10049: 0.982488
10050: 0.982489
10051: 0.982491
10052: 0.982493
10053: 0.982495
10054: 0.982496
10055: 0.982498
10056: 0.9825
10057: 0.982501
10058: 0.982503
10059: 0.982505
10060: 0.982507
10061: 0.982508
10062: 0.98251
10063: 0.982512
10064: 0.982514
10065: 0.982515
10066: 0.982517
10067: 0.982519
10068: 0.982521
10069: 0.982522
10070: 0.982524
10071: 0.982526
10072: 0.982528
10073: 0.982529
10074: 0.982531
10075: 0.982533
10076: 0.982534
10077: 0.982536
10078: 0.982538
10079: 0.98254
10080: 0.982541
10081: 0.982543
10082: 0.982545
10083: 0.982547
10084: 0.982548
10085: 0.98255
10086: 0.982552
10087: 0.982554
10088: 0.982555
10089: 0.982557
10090: 0.982559
10091: 0.98256
10092: 0.982562
10093: 0.982564
10094: 0.982566
10095: 0.982567
10096: 0.982569
10097: 0.982571
10098: 0.982573
10099: 0.982574
10100: 0.982576
10101: 0.982578
10102: 0.982579
10103: 0.982581
10104: 0.982583
10105: 0.982585
10106: 0.982586
10107: 0.982588
10108: 0.98259
10109: 0.982591
10110: 0.982593
10111: 0.982595
10112: 0.982597
10113: 0.982598
10114: 0.9826
10115: 0.982602
10116: 0.982604
10117: 0.982605
10118: 0.982607
10119: 0.982609
10120: 0.98261
10121: 0.982612
10122: 0.982614
10123: 0.982616
10124: 0.982617
10125: 0.982619
10126: 0.982621
10127: 0.982622
10128: 0.982624
10129: 0.982626
10130: 0.982628
10131: 0.982629
10132: 0.982631
10133: 0.982633
10134: 0.982634
10135: 0.982636
10136: 0.982638
10137: 0.98264
10138: 0.982641
10139: 0.982643
10140: 0.982645
10141: 0.982646
10142: 0.982648
10143: 0.98265
10144: 0.982652
10145: 0.982653
10146: 0.982655
10147: 0.982657
10148: 0.982658
10149: 0.98266
10150: 0.982662
10151: 0.982664
10152: 0.982665
10153: 0.982667
10154: 0.982669
10155: 0.98267
10156: 0.982672
10157: 0.982674
10158: 0.982675
10159: 0.982677
10160: 0.982679
10161: 0.982681
10162: 0.982682
10163: 0.982684
10164: 0.982686
10165: 0.982687
10166: 0.982689
10167: 0.982691
10168: 0.982692
10169: 0.982694
10170: 0.982696
10171: 0.982698
10172: 0.982699
10173: 0.982701
10174: 0.982703
10175: 0.982704
10176: 0.982706
10177: 0.982708
10178: 0.982709
10179: 0.982711
10180: 0.982713
10181: 0.982715
10182: 0.982716
10183: 0.982718
10184: 0.98272
10185: 0.982721
10186: 0.982723
10187: 0.982725
10188: 0.982726
10189: 0.982728
10190: 0.98273
10191: 0.982732
10192: 0.982733
10193: 0.982735
10194: 0.982737
10195: 0.982738
10196: 0.98274
10197: 0.982742
10198: 0.982743
10199: 0.982745
10200: 0.982747
10201: 0.982748
10202: 0.98275
10203: 0.982752
10204: 0.982656
10205: 0.982559
10206: 0.982561
10207: 0.982563
10208: 0.982564
10209: 0.982566
10210: 0.982568
10211: 0.98257
10212: 0.982571
10213: 0.982573
10214: 0.982575
10215: 0.982576
10216: 0.982578
10217: 0.98258
10218: 0.982581
10219: 0.982583
10220: 0.982585
10221: 0.982587
10222: 0.982588
10223: 0.98259
10224: 0.982592
10225: 0.982593
10226: 0.982595
10227: 0.982597
10228: 0.982598
10229: 0.9826
10230: 0.982602
10231: 0.982604
10232: 0.982605
10233: 0.982607
10234: 0.982609
10235: 0.98261
10236: 0.982612
10237: 0.982614
10238: 0.982615
10239: 0.982617
10240: 0.982619
10241: 0.982621
10242: 0.982622
10243: 0.982624
10244: 0.982626
10245: 0.982627
10246: 0.982629
10247: 0.982631
10248: 0.982632
10249: 0.982634
10250: 0.982636
10251: 0.982638
10252: 0.982639
10253: 0.982641
10254: 0.982643
10255: 0.982644
10256: 0.982646
10257: 0.982648
10258: 0.982649
10259: 0.982651
10260: 0.982653
10261: 0.982654
10262: 0.982656
10263: 0.982658
10264: 0.98266
10265: 0.982661
10266: 0.982663
10267: 0.982665
10268: 0.982666
10269: 0.982668
10270: 0.98267
10271: 0.982671
10272: 0.982673
10273: 0.982675
10274: 0.982676
10275: 0.982678
10276: 0.98268
10277: 0.982681
10278: 0.982683
10279: 0.982685
10280: 0.982687
10281: 0.982688
10282: 0.98269
10283: 0.982692
10284: 0.982693
10285: 0.982695
10286: 0.982697
10287: 0.982698
10288: 0.9827
10289: 0.982702
10290: 0.982703
10291: 0.982705
10292: 0.982707
10293: 0.982708
10294: 0.98271
10295: 0.982712
10296: 0.982713
10297: 0.982715
10298: 0.982717
10299: 0.982718
10300: 0.98272
10301: 0.982722
10302: 0.982723
10303: 0.982725
10304: 0.982727
10305: 0.982729
10306: 0.98273
10307: 0.982732
10308: 0.982734
10309: 0.982735
10310: 0.982737
10311: 0.982739
10312: 0.98274
10313: 0.982742
10314: 0.982744
10315: 0.982745
10316: 0.982747
10317: 0.982749
10318: 0.98275
10319: 0.982752
10320: 0.982754
10321: 0.982755
10322: 0.982757
10323: 0.982759
10324: 0.98276
10325: 0.982762
10326: 0.982764
10327: 0.982765
10328: 0.982767
10329: 0.982769
10330: 0.98277
10331: 0.982772
10332: 0.982774
10333: 0.982775
10334: 0.982777
10335: 0.982779
10336: 0.98278
10337: 0.982782
10338: 0.982784
10339: 0.982785
10340: 0.982787
10341: 0.982789
10342: 0.98279
10343: 0.982792
10344: 0.982794
10345: 0.982795
10346: 0.982797
10347: 0.982799
10348: 0.9828
10349: 0.982802
10350: 0.982804
10351: 0.982805
10352: 0.982807
10353: 0.982809
10354: 0.98281
10355: 0.982812
10356: 0.982814
10357: 0.982815
10358: 0.982817
10359: 0.982819
10360: 0.98282
10361: 0.982822
10362: 0.982824
10363: 0.982825
10364: 0.982827
10365: 0.982828
10366: 0.98283
10367: 0.982832
10368: 0.982833
10369: 0.982835
10370: 0.982837
10371: 0.982838
10372: 0.98284
10373: 0.982842
10374: 0.982843
10375: 0.982845
10376: 0.982847
10377: 0.982848
10378: 0.98285
10379: 0.982852
10380: 0.982853
10381: 0.982855
10382: 0.982857
10383: 0.982858
10384: 0.98286
10385: 0.982862
10386: 0.982863
10387: 0.982865
10388: 0.982866
10389: 0.982868
10390: 0.98287
10391: 0.982871
10392: 0.982777
10393: 0.982682
10394: 0.982684
10395: 0.982686
10396: 0.982687
10397: 0.982689
10398: 0.982691
10399: 0.982692
10400: 0.982694
10401: 0.982696
10402: 0.982697
10403: 0.982699
10404: 0.982701
10405: 0.982702
10406: 0.982704
10407: 0.982706
10408: 0.982707
10409: 0.982709
10410: 0.982711
10411: 0.982712
10412: 0.982714
10413: 0.982716
10414: 0.982717
10415: 0.982719
10416: 0.982721
10417: 0.982722
10418: 0.982724
10419: 0.982726
10420: 0.982727
10421: 0.982729
10422: 0.98273
10423: 0.982732
10424: 0.982734
10425: 0.982735
10426: 0.982737
10427: 0.982739
10428: 0.98274
10429: 0.982742
10430: 0.982744
10431: 0.982745
10432: 0.982747
10433: 0.982749
10434: 0.98275
10435: 0.982752
10436: 0.982754
10437: 0.982755
10438: 0.982757
10439: 0.982759
10440: 0.98276
10441: 0.982762
10442: 0.982764
10443: 0.982765
10444: 0.982767
10445: 0.982769
10446: 0.98277
10447: 0.982772
10448: 0.982773
10449: 0.982775
10450: 0.982777
10451: 0.982778
10452: 0.98278
10453: 0.982782
10454: 0.982783
10455: 0.982785
10456: 0.982787
10457: 0.982788
10458: 0.98279
10459: 0.982792
10460: 0.982793
10461: 0.982795
10462: 0.982797
10463: 0.982798
10464: 0.9828
10465: 0.982801
10466: 0.982803
10467: 0.982805
10468: 0.982806
10469: 0.982808
10470: 0.98281
10471: 0.982811
10472: 0.982813
10473: 0.982815
10474: 0.982816
10475: 0.982818
10476: 0.98282
10477: 0.982821
10478: 0.982823
10479: 0.982824
10480: 0.982826
10481: 0.982828
10482: 0.982829
10483: 0.982831
10484: 0.982833
10485: 0.982834
10486: 0.982836
10487: 0.982838
10488: 0.982839
10489: 0.982841
10490: 0.982842
10491: 0.982844
10492: 0.982846
10493: 0.982847
10494: 0.982849
10495: 0.982851
10496: 0.982852
10497: 0.982854
10498: 0.982856
10499: 0.982857
10500: 0.982859
10501: 0.98286
10502: 0.982862
10503: 0.982864
10504: 0.982865
10505: 0.982867
10506: 0.982869
10507: 0.98287
10508: 0.982872
10509: 0.982873
10510: 0.982875
10511: 0.982877
10512: 0.982878
10513: 0.98288
10514: 0.982882
10515: 0.982883
10516: 0.982885
10517: 0.982886
10518: 0.982888
10519: 0.98289
10520: 0.982891
10521: 0.982893
10522: 0.982895
10523: 0.982896
10524: 0.982898
10525: 0.982899
10526: 0.982901
10527: 0.982903
10528: 0.982809
10529: 0.982716
10530: 0.982718
10531: 0.982719
10532: 0.982721
10533: 0.982723
10534: 0.982724
10535: 0.982726
10536: 0.982728
10537: 0.982729
10538: 0.982731
10539: 0.982732
10540: 0.982734
10541: 0.982736
10542: 0.982737
10543: 0.982739
10544: 0.982741
10545: 0.982742
10546: 0.982744
10547: 0.982746
10548: 0.982747
10549: 0.982749
10550: 0.98275
10551: 0.982752
10552: 0.982754
10553: 0.982755
10554: 0.982757
10555: 0.982759
10556: 0.98276
10557: 0.982762
10558: 0.982764
10559: 0.982765
10560: 0.982767
10561: 0.982768
10562: 0.98277
10563: 0.982772
10564: 0.982773
10565: 0.982775
10566: 0.982777
10567: 0.982778
10568: 0.98278
10569: 0.982781
10570: 0.982783
10571: 0.982785
10572: 0.982786
10573: 0.982788
10574: 0.98279
10575: 0.982791
10576: 0.982793
10577: 0.982794
10578: 0.982796
10579: 0.982798
10580: 0.982799
10581: 0.982801
10582: 0.982803
10583: 0.982804
10584: 0.982806
10585: 0.982807
10586: 0.982809
10587: 0.982811
10588: 0.982812
10589: 0.982814
10590: 0.982816
10591: 0.982817
10592: 0.982819
10593: 0.98282
10594: 0.982822
10595: 0.982824
10596: 0.982825
10597: 0.982827
10598: 0.982829
10599: 0.98283
10600: 0.982832
10601: 0.982833
10602: 0.982835
10603: 0.982837
10604: 0.982838
10605: 0.98284
10606: 0.982842
10607: 0.982843
10608: 0.982845
10609: 0.982846
10610: 0.982848
10611: 0.98285
10612: 0.982851
10613: 0.982853
10614: 0.982854
10615: 0.982856
10616: 0.982858
10617: 0.982859
10618: 0.982861
10619: 0.982863
10620: 0.982864
10621: 0.982866
10622: 0.982867
10623: 0.982869
10624: 0.982871
10625: 0.982872
10626: 0.982874
10627: 0.982875
10628: 0.982877
10629: 0.982879
10630: 0.98288
10631: 0.982882
10632: 0.982883
10633: 0.982885
10634: 0.982887
10635: 0.982888
10636: 0.98289
10637: 0.982892
10638: 0.982893
10639: 0.982895
10640: 0.982896
10641: 0.982898
10642: 0.9829
10643: 0.982901
10644: 0.982903
10645: 0.982904
10646: 0.982906
10647: 0.982908
10648: 0.982909
10649: 0.982911
10650: 0.982912
10651: 0.982914
10652: 0.982916
10653: 0.982917
10654: 0.982919
10655: 0.98292
10656: 0.982922
10657: 0.982924
10658: 0.982925
10659: 0.982927
10660: 0.982928
10661: 0.98293
10662: 0.982932
10663: 0.982933
10664: 0.982935
10665: 0.982936
10666: 0.982938
10667: 0.98294
10668: 0.982941
10669: 0.982943
10670: 0.982944
10671: 0.982946
10672: 0.982948
10673: 0.982949
10674: 0.982951
10675: 0.982952
10676: 0.982954
10677: 0.982956
10678: 0.982957
10679: 0.982959
10680: 0.98296
10681: 0.982962
10682: 0.982964
10683: 0.982965
10684: 0.982967
10685: 0.982968
10686: 0.98297
10687: 0.982972
10688: 0.982973
10689: 0.982975
10690: 0.982976
10691: 0.982978
10692: 0.98298
10693: 0.982981
10694: 0.982983
10695: 0.982984
10696: 0.982986
10697: 0.982987
10698: 0.982989
10699: 0.982991
10700: 0.982899
10701: 0.9829
10702: 0.982902
10703: 0.982904
10704: 0.982905
10705: 0.982907
10706: 0.982908
10707: 0.98291
10708: 0.982912
10709: 0.982913
10710: 0.982915
10711: 0.982916
10712: 0.982918
10713: 0.98292
10714: 0.982921
10715: 0.982923
10716: 0.982924
10717: 0.982926
10718: 0.982928
10719: 0.982929
10720: 0.982931
10721: 0.982932
10722: 0.982934
10723: 0.982935
10724: 0.982937
10725: 0.982939
10726: 0.98294
10727: 0.982942
10728: 0.982943
10729: 0.982945
10730: 0.982947
10731: 0.982948
10732: 0.98295
10733: 0.982951
10734: 0.982953
10735: 0.982955
10736: 0.982956
10737: 0.982958
10738: 0.982959
10739: 0.982961
10740: 0.982962
10741: 0.982964
10742: 0.982966
10743: 0.982967
10744: 0.982969
10745: 0.98297
10746: 0.982972
10747: 0.982974
10748: 0.982975
10749: 0.982977
10750: 0.982978
10751: 0.98298
10752: 0.982981
10753: 0.982983
10754: 0.982985
10755: 0.982986
10756: 0.982988
10757: 0.982989
10758: 0.982991
10759: 0.982993
10760: 0.982994
10761: 0.982996
10762: 0.982997
10763: 0.982999
10764: 0.983
10765: 0.983002
10766: 0.983004
10767: 0.983005
10768: 0.983007
10769: 0.983008
10770: 0.98301
10771: 0.983012
10772: 0.983013
10773: 0.983015
10774: 0.983016
10775: 0.983018
10776: 0.983019
10777: 0.983021
10778: 0.983023
10779: 0.983024
10780: 0.983026
10781: 0.983027
10782: 0.983029
10783: 0.98303
10784: 0.983032
10785: 0.983034
10786: 0.983035
10787: 0.983037
10788: 0.983038
10789: 0.98304
10790: 0.983041
10791: 0.983043
10792: 0.983045
10793: 0.983046
10794: 0.983048
10795: 0.983049
10796: 0.983051
10797: 0.983052
10798: 0.983054
10799: 0.983056
10800: 0.983057
10801: 0.983059
10802: 0.982968
10803: 0.982969
10804: 0.982971
10805: 0.982972
10806: 0.982974
10807: 0.982976
10808: 0.982977
10809: 0.982979
10810: 0.98298
10811: 0.982982
10812: 0.982983
10813: 0.982985
10814: 0.982987
10815: 0.982988
10816: 0.98299
10817: 0.982991
10818: 0.982993
10819: 0.982994
10820: 0.982996
10821: 0.982998
10822: 0.982999
10823: 0.983001
10824: 0.983002
10825: 0.983004
10826: 0.983005
10827: 0.983007
10828: 0.983009
10829: 0.98301
10830: 0.983012
10831: 0.983013
10832: 0.983015
10833: 0.983016
10834: 0.983018
10835: 0.98302
10836: 0.983021
10837: 0.983023
10838: 0.983024
10839: 0.983026
10840: 0.983027
10841: 0.983029
10842: 0.983031
10843: 0.983032
10844: 0.983034
10845: 0.983035
10846: 0.983037
10847: 0.983038
10848: 0.98304
10849: 0.983041
10850: 0.983043
10851: 0.983045
10852: 0.983046
10853: 0.983048
10854: 0.983049
10855: 0.983051
10856: 0.983052
10857: 0.983054
10858: 0.983056
10859: 0.983057
10860: 0.983059
10861: 0.98306
10862: 0.983062
10863: 0.983063
10864: 0.983065
10865: 0.983066
10866: 0.983068
10867: 0.98307
10868: 0.983071
10869: 0.983073
10870: 0.983074
10871: 0.983076
10872: 0.983077
10873: 0.983079
10874: 0.98308
10875: 0.983082
10876: 0.983084
10877: 0.983085
10878: 0.983087
10879: 0.983088
10880: 0.98309
10881: 0.983091
10882: 0.983093
10883: 0.983094
10884: 0.983096
10885: 0.983098
10886: 0.983099
10887: 0.983101
10888: 0.983102
10889: 0.983104
10890: 0.983105
10891: 0.983107
10892: 0.983108
10893: 0.98311
10894: 0.983112
10895: 0.983113
10896: 0.983115
10897: 0.983116
10898: 0.983118
10899: 0.983119
10900: 0.983121
10901: 0.983122
10902: 0.983124
10903: 0.983125
10904: 0.983127
10905: 0.983129
10906: 0.98313
10907: 0.983132
10908: 0.983133
10909: 0.983135
10910: 0.983136
10911: 0.983138
10912: 0.983139
10913: 0.983141
10914: 0.983142
10915: 0.983144
10916: 0.983146
10917: 0.983147
10918: 0.983149
10919: 0.98315
10920: 0.983152
10921: 0.983153
10922: 0.983155
10923: 0.983156
10924: 0.983158
10925: 0.983159
10926: 0.983161
10927: 0.983163
10928: 0.983164
10929: 0.983166
10930: 0.983167
10931: 0.983169
10932: 0.98317
10933: 0.983172
10934: 0.983173
10935: 0.983175
10936: 0.983176
10937: 0.983178
10938: 0.983179
10939: 0.983181
10940: 0.983183
10941: 0.983184
10942: 0.983186
10943: 0.983187
10944: 0.983189
10945: 0.98319
10946: 0.983192
10947: 0.983193
10948: 0.983195
10949: 0.983196
10950: 0.983198
10951: 0.983199
10952: 0.983201
10953: 0.983202
10954: 0.983204
10955: 0.983114
10956: 0.983116
10957: 0.983117
10958: 0.983119
10959: 0.98312
10960: 0.983122
10961: 0.983124
10962: 0.983125
10963: 0.983127
10964: 0.983128
10965: 0.98313
10966: 0.983131
10967: 0.983133
10968: 0.983134
10969: 0.983136
10970: 0.983137
10971: 0.983139
10972: 0.98314
10973: 0.983142
10974: 0.983144
10975: 0.983145
10976: 0.983147
10977: 0.983148
10978: 0.98315
10979: 0.983151
10980: 0.983153
10981: 0.983154
10982: 0.983156
10983: 0.983157
10984: 0.983159
10985: 0.98316
10986: 0.983162
10987: 0.983163
10988: 0.983165
10989: 0.983167
10990: 0.983168
10991: 0.98317
10992: 0.983171
10993: 0.983173
10994: 0.983174
10995: 0.983176
10996: 0.983177
10997: 0.983179
10998: 0.98318
10999: 0.983182
11000: 0.983183
11001: 0.983185
11002: 0.983186
11003: 0.983188
11004: 0.983189
11005: 0.983191
11006: 0.983193
11007: 0.983194
11008: 0.983196
11009: 0.983197
11010: 0.983199
11011: 0.9832
11012: 0.983202
11013: 0.983203
11014: 0.983205
11015: 0.983206
11016: 0.983208
11017: 0.983209
11018: 0.983211
11019: 0.983212
11020: 0.983214
11021: 0.983215
11022: 0.983217
11023: 0.983218
11024: 0.98322
11025: 0.983221
11026: 0.983223
11027: 0.983225
11028: 0.983226
11029: 0.983228
11030: 0.983229
11031: 0.983231
11032: 0.983232
11033: 0.983234
11034: 0.983235
11035: 0.983237
11036: 0.983238
11037: 0.98324
11038: 0.983241
11039: 0.983243
11040: 0.983244
11041: 0.983246
11042: 0.983247
11043: 0.983249
11044: 0.98325
11045: 0.983252
11046: 0.983253
11047: 0.983255
11048: 0.983256
11049: 0.983258
11050: 0.983259
11051: 0.983261
11052: 0.983262
11053: 0.983264
11054: 0.983265
11055: 0.983267
11056: 0.983269
11057: 0.98327
11058: 0.983272
11059: 0.983273
11060: 0.983275
11061: 0.983276
11062: 0.983278
11063: 0.983279
11064: 0.983281
11065: 0.983282
11066: 0.983284
11067: 0.983285
11068: 0.983287
11069: 0.983288
11070: 0.98329
11071: 0.983291
11072: 0.983293
11073: 0.983294
11074: 0.983296
11075: 0.983297
11076: 0.983299
11077: 0.9833
11078: 0.983302
11079: 0.983303
11080: 0.983305
11081: 0.983306
11082: 0.983308
11083: 0.983309
11084: 0.983311
11085: 0.983312
11086: 0.983314
11087: 0.983315
11088: 0.983317
11089: 0.983318
11090: 0.98332
11091: 0.983231
11092: 0.983233
11093: 0.983234
11094: 0.983236
11095: 0.983237
11096: 0.983239
11097: 0.98324
11098: 0.983242
11099: 0.983243
11100: 0.983245
11101: 0.983246
11102: 0.983248
11103: 0.983249
11104: 0.983251
11105: 0.983252
11106: 0.983254
11107: 0.983255
11108: 0.983257
11109: 0.983258
11110: 0.98326
11111: 0.983261
11112: 0.983263
11113: 0.983264
11114: 0.983266
11115: 0.983267
11116: 0.983269
11117: 0.98327
11118: 0.983272
11119: 0.983273
11120: 0.983275
11121: 0.983276
11122: 0.983278
11123: 0.98319
11124: 0.983191
11125: 0.983193
11126: 0.983194
11127: 0.983196
11128: 0.983197
11129: 0.983199
11130: 0.9832
11131: 0.983202
11132: 0.983203
11133: 0.983205
11134: 0.983206
11135: 0.983208
11136: 0.983209
11137: 0.983211
11138: 0.983212
11139: 0.983214
11140: 0.983215
11141: 0.983217
11142: 0.983218
11143: 0.98322
11144: 0.983221
11145: 0.983223
11146: 0.983224
11147: 0.983226
11148: 0.983227
11149: 0.983229
11150: 0.98323
11151: 0.983232
11152: 0.983233
11153: 0.983235
11154: 0.983236
11155: 0.983238
11156: 0.983239
11157: 0.983241
11158: 0.983242
11159: 0.983244
11160: 0.983245
11161: 0.983247
11162: 0.983248
11163: 0.98325
11164: 0.983251
11165: 0.983253
11166: 0.983254
11167: 0.983256
11168: 0.983257
11169: 0.983259
11170: 0.98326
11171: 0.983262
11172: 0.983263
11173: 0.983265
11174: 0.983266
11175: 0.983268
11176: 0.983269
11177: 0.983271
11178: 0.983272
11179: 0.983274
11180: 0.983275
11181: 0.983277
11182: 0.983278
11183: 0.98328
11184: 0.983281
11185: 0.983283
11186: 0.983284
11187: 0.983286
11188: 0.983287
11189: 0.983289
11190: 0.98329
11191: 0.983292
11192: 0.983293
11193: 0.983295
11194: 0.983296
11195: 0.983298
11196: 0.983299
11197: 0.983301
11198: 0.983302
11199: 0.983304
11200: 0.983305
11201: 0.983307
11202: 0.983308
11203: 0.98331
11204: 0.983311
11205: 0.983313
11206: 0.983314
11207: 0.983315
11208: 0.983317
11209: 0.983318
11210: 0.98332
11211: 0.983321
11212: 0.983323
11213: 0.983324
11214: 0.983326
11215: 0.983327
11216: 0.983329
11217: 0.98333
11218: 0.983332
11219: 0.983333
11220: 0.983335
11221: 0.983336
11222: 0.983338
11223: 0.983339
11224: 0.983341
11225: 0.983342
11226: 0.983344
11227: 0.983345
11228: 0.983347
11229: 0.983348
11230: 0.98335
11231: 0.983351
11232: 0.983353
11233: 0.983354
11234: 0.983356
11235: 0.983357
11236: 0.983359
11237: 0.98336
11238: 0.983362
11239: 0.983363
11240: 0.983364
11241: 0.983366
11242: 0.983367
11243: 0.983369
11244: 0.98337
11245: 0.983372
11246: 0.983373
11247: 0.983375
11248: 0.983376
11249: 0.983378
11250: 0.983379
11251: 0.983381
11252: 0.983382
11253: 0.983384
11254: 0.983385
11255: 0.983387
11256: 0.983388
11257: 0.98339
11258: 0.983391
11259: 0.983393
11260: 0.983394
11261: 0.983395
11262: 0.983397
11263: 0.983398
11264: 0.9834
11265: 0.983401
11266: 0.983403
11267: 0.983404
11268: 0.983406
11269: 0.983407
11270: 0.983409
11271: 0.98341
11272: 0.983412
11273: 0.983413
11274: 0.983415
11275: 0.983416
11276: 0.983418
11277: 0.983419
11278: 0.983421
11279: 0.983422
11280: 0.983423
11281: 0.983425
11282: 0.983426
11283: 0.983428
11284: 0.983429
11285: 0.983431
11286: 0.983432
11287: 0.983434
11288: 0.983435
11289: 0.983437
11290: 0.98335
11291: 0.983262
11292: 0.983175
11293: 0.983177
11294: 0.983178
11295: 0.98318
11296: 0.983181
11297: 0.983183
11298: 0.983184
11299: 0.983186
11300: 0.983187
11301: 0.983189
11302: 0.98319
11303: 0.983192
11304: 0.983193
11305: 0.983195
11306: 0.983196
11307: 0.983198
11308: 0.983199
11309: 0.983201
11310: 0.983202
11311: 0.983204
11312: 0.983205
11313: 0.983207
11314: 0.983208
11315: 0.98321
11316: 0.983211
11317: 0.983213
11318: 0.983214
11319: 0.983216
11320: 0.983217
11321: 0.983219
11322: 0.98322
11323: 0.983221
11324: 0.983223
11325: 0.983224
11326: 0.983226
11327: 0.983227
11328: 0.983229
11329: 0.98323
11330: 0.983232
11331: 0.983233
11332: 0.983235
11333: 0.983236
11334: 0.983238
11335: 0.983239
11336: 0.983241
11337: 0.983242
11338: 0.983244
11339: 0.983245
11340: 0.983247
11341: 0.983248
11342: 0.98325
11343: 0.983251
11344: 0.983253
11345: 0.983254
11346: 0.983255
11347: 0.983257
11348: 0.983258
11349: 0.98326
11350: 0.983261
11351: 0.983263
11352: 0.983264
11353: 0.983266
11354: 0.983267
11355: 0.983269
11356: 0.98327
11357: 0.983272
11358: 0.983273
11359: 0.983275
11360: 0.983276
11361: 0.983278
11362: 0.983279
11363: 0.983281
11364: 0.983282
11365: 0.983283
11366: 0.983285
11367: 0.983286
11368: 0.983288
11369: 0.983289
11370: 0.983291
11371: 0.983292
11372: 0.983294
11373: 0.983295
11374: 0.983297
11375: 0.983298
11376: 0.9833
11377: 0.983301
11378: 0.983303
11379: 0.983304
11380: 0.983306
11381: 0.983307
11382: 0.983308
11383: 0.98331
11384: 0.983311
11385: 0.983313
11386: 0.983314
11387: 0.983316
11388: 0.983317
11389: 0.983319
11390: 0.98332
11391: 0.983322
11392: 0.983323
11393: 0.983325
11394: 0.983326
11395: 0.983327
11396: 0.983329
11397: 0.98333
11398: 0.983332
11399: 0.983333
11400: 0.983335
11401: 0.983336
11402: 0.983338
11403: 0.983339
11404: 0.983341
11405: 0.983342
11406: 0.983344
11407: 0.983345
11408: 0.983346
11409: 0.983348
11410: 0.983349
11411: 0.983351
11412: 0.983352
11413: 0.983354
11414: 0.983355
11415: 0.983357
11416: 0.983358
11417: 0.98336
11418: 0.983361
11419: 0.983363
11420: 0.983364
11421: 0.983365
11422: 0.983367
11423: 0.983368
11424: 0.98337
11425: 0.983371
11426: 0.983373
11427: 0.983374
11428: 0.983376
11429: 0.983377
11430: 0.983379
11431: 0.98338
11432: 0.983381
11433: 0.983383
11434: 0.983384
11435: 0.983386
11436: 0.983387
11437: 0.983389
11438: 0.98339
11439: 0.983392
11440: 0.983393
11441: 0.983395
11442: 0.983396
11443: 0.983397
11444: 0.983399
11445: 0.9834
11446: 0.983402
11447: 0.983403
11448: 0.983405
11449: 0.983406
11450: 0.983408
11451: 0.983409
11452: 0.98341
11453: 0.983412
11454: 0.983413
11455: 0.983415
11456: 0.983416
11457: 0.983418
11458: 0.983419
11459: 0.983421
11460: 0.983422
11461: 0.983423
11462: 0.983425
11463: 0.983426
11464: 0.983428
11465: 0.983429
11466: 0.983431
11467: 0.983432
11468: 0.983434
11469: 0.983435
11470: 0.983436
11471: 0.983438
11472: 0.983439
11473: 0.983441
11474: 0.983442
11475: 0.983444
11476: 0.983445
11477: 0.983447
11478: 0.983448
11479: 0.983449
11480: 0.983451
11481: 0.983452
11482: 0.983454
11483: 0.983455
11484: 0.983457
11485: 0.983458
11486: 0.98346
11487: 0.983461
11488: 0.983462
11489: 0.983464
11490: 0.983465
11491: 0.983467
11492: 0.983468
11493: 0.98347
11494: 0.983471
11495: 0.983473
11496: 0.983474
11497: 0.983475
11498: 0.983477
11499: 0.983478
11500: 0.98348
11501: 0.983481
11502: 0.983483
11503: 0.983484
11504: 0.983485
11505: 0.983487
11506: 0.983488
11507: 0.98349
11508: 0.983491
11509: 0.983493
11510: 0.983494
11511: 0.983495
11512: 0.983497
11513: 0.983498
11514: 0.9835
11515: 0.983501
11516: 0.983503
11517: 0.983504
11518: 0.983506
11519: 0.983507
11520: 0.983508
11521: 0.98351
11522: 0.983511
11523: 0.983513
11524: 0.983514
11525: 0.983516
11526: 0.983517
11527: 0.983518
11528: 0.98352
11529: 0.983521
11530: 0.983523
11531: 0.983524
11532: 0.983526
11533: 0.983527
11534: 0.983528
11535: 0.98353
11536: 0.983531
11537: 0.983533
11538: 0.983534
11539: 0.983536
11540: 0.983537
11541: 0.983538
11542: 0.98354
11543: 0.983541
11544: 0.983543
11545: 0.983544
11546: 0.983546
11547: 0.983547
11548: 0.983548
11549: 0.98355
11550: 0.983551
11551: 0.983553
11552: 0.983554
11553: 0.983555
11554: 0.983557
11555: 0.983472
11556: 0.983473
11557: 0.983475
11558: 0.983476
11559: 0.983478
11560: 0.983479
11561: 0.98348
11562: 0.983482
11563: 0.983483
11564: 0.983485
11565: 0.983486
11566: 0.983488
11567: 0.983489
11568: 0.98349
11569: 0.983492
11570: 0.983493
11571: 0.983495
11572: 0.983496
11573: 0.983497
11574: 0.983499
11575: 0.9835
11576: 0.983502
11577: 0.983503
11578: 0.983505
11579: 0.983506
11580: 0.983507
11581: 0.983509
11582: 0.98351
11583: 0.983512
11584: 0.983513
11585: 0.983515
11586: 0.983516
11587: 0.983517
11588: 0.983519
11589: 0.98352
11590: 0.983522
11591: 0.983523
11592: 0.983525
11593: 0.983526
11594: 0.983527
11595: 0.983529
11596: 0.98353
11597: 0.983532
11598: 0.983533
11599: 0.983534
11600: 0.983536
11601: 0.983537
11602: 0.983539
11603: 0.98354
11604: 0.983542
11605: 0.983543
11606: 0.983544
11607: 0.983546
11608: 0.983547
11609: 0.983549
11610: 0.98355
11611: 0.983551
11612: 0.983553
11613: 0.983554
11614: 0.983556
11615: 0.983557
11616: 0.983559
11617: 0.98356
11618: 0.983561
11619: 0.983563
11620: 0.983564
11621: 0.983566
11622: 0.983567
11623: 0.983568
11624: 0.98357
11625: 0.983571
11626: 0.983573
11627: 0.983574
11628: 0.983576
11629: 0.983577
11630: 0.983578
11631: 0.98358
11632: 0.983581
11633: 0.983583
11634: 0.983584
11635: 0.983585
11636: 0.983587
11637: 0.983588
11638: 0.98359
11639: 0.983591
11640: 0.983592
11641: 0.983594
11642: 0.983595
11643: 0.983597
11644: 0.983598
11645: 0.9836
11646: 0.983601
11647: 0.983602
11648: 0.983604
11649: 0.983605
11650: 0.983607
11651: 0.983608
11652: 0.983609
11653: 0.983611
11654: 0.983612
11655: 0.983614
11656: 0.983615
11657: 0.983616
11658: 0.983618
11659: 0.983619
11660: 0.983621
11661: 0.983622
11662: 0.983623
11663: 0.983625
11664: 0.983626
11665: 0.983628
11666: 0.983629
11667: 0.98363
11668: 0.983632
11669: 0.983633
11670: 0.983635
11671: 0.983636
11672: 0.983637
11673: 0.983639
11674: 0.98364
11675: 0.983642
11676: 0.983643
11677: 0.983644
11678: 0.983646
11679: 0.983647
11680: 0.983649
11681: 0.98365
11682: 0.983651
11683: 0.983653
11684: 0.983654
11685: 0.983656
11686: 0.983657
11687: 0.983658
11688: 0.98366
11689: 0.983661
11690: 0.983663
11691: 0.983664
11692: 0.983665
11693: 0.983667
11694: 0.983668
11695: 0.98367
11696: 0.983671
11697: 0.983672
11698: 0.983674
11699: 0.983675
11700: 0.983677
11701: 0.983678
11702: 0.983679
11703: 0.983681
11704: 0.983682
11705: 0.983684
11706: 0.983685
11707: 0.983686
11708: 0.983688
11709: 0.983689
11710: 0.983691
11711: 0.983692
11712: 0.983693
11713: 0.983695
11714: 0.983696
11715: 0.983698
11716: 0.983699
11717: 0.9837
11718: 0.983702
11719: 0.983703
11720: 0.983704
11721: 0.983706
11722: 0.983707
11723: 0.983709
11724: 0.98371
11725: 0.983711
11726: 0.983713
11727: 0.983714
11728: 0.983716
11729: 0.983717
11730: 0.983718
11731: 0.98372
11732: 0.983721
11733: 0.983723
11734: 0.983724
11735: 0.983725
11736: 0.983727
11737: 0.983728
11738: 0.983729
11739: 0.983731
11740: 0.983732
11741: 0.983734
11742: 0.983735
11743: 0.983736
11744: 0.983738
11745: 0.983739
11746: 0.983741
11747: 0.983742
11748: 0.983743
11749: 0.983745
11750: 0.983746
11751: 0.983747
11752: 0.983749
11753: 0.98375
11754: 0.983752
11755: 0.983753
11756: 0.983754
11757: 0.983756
11758: 0.983757
11759: 0.983759
11760: 0.98376
11761: 0.983761
11762: 0.983763
11763: 0.983764
11764: 0.983765
11765: 0.983767
11766: 0.983768
11767: 0.98377
11768: 0.983771
11769: 0.983772
11770: 0.983774
11771: 0.983775
11772: 0.983776
11773: 0.983778
11774: 0.983779
11775: 0.983781
11776: 0.983782
11777: 0.983783
11778: 0.983785
11779: 0.983786
11780: 0.983787
11781: 0.983789
11782: 0.98379
11783: 0.983792
11784: 0.983793
11785: 0.983794
11786: 0.983796
11787: 0.983797
11788: 0.983798
11789: 0.9838
11790: 0.983801
11791: 0.983803
11792: 0.983804
11793: 0.983805
11794: 0.983807
11795: 0.983808
11796: 0.983809
11797: 0.983811
11798: 0.983812
11799: 0.983814
11800: 0.983815
11801: 0.983816
11802: 0.983818
11803: 0.983819
11804: 0.98382
11805: 0.983822
11806: 0.983823
11807: 0.983825
11808: 0.983826
11809: 0.983827
11810: 0.983829
11811: 0.98383
11812: 0.983831
11813: 0.983833
11814: 0.983834
11815: 0.983835
11816: 0.983837
11817: 0.983838
11818: 0.98384
11819: 0.983841
11820: 0.983842
11821: 0.983844
11822: 0.983845
11823: 0.983846
11824: 0.983848
11825: 0.983849
11826: 0.983851
11827: 0.983852
11828: 0.983853
11829: 0.983855
11830: 0.983856
11831: 0.983857
11832: 0.983859
11833: 0.98386
11834: 0.983861
11835: 0.983863
11836: 0.983864
11837: 0.983866
11838: 0.983867
11839: 0.983868
11840: 0.98387
11841: 0.983871
11842: 0.983872
11843: 0.983874
11844: 0.983875
11845: 0.983876
11846: 0.983878
11847: 0.983879
11848: 0.98388
11849: 0.983882
11850: 0.983883
11851: 0.983885
11852: 0.983886
11853: 0.983887
11854: 0.983889
11855: 0.98389
11856: 0.983891
11857: 0.983893
11858: 0.983894
11859: 0.983895
11860: 0.983897
11861: 0.983898
11862: 0.9839
11863: 0.983901
11864: 0.983902
11865: 0.983904
11866: 0.983905
11867: 0.983906
11868: 0.983908
11869: 0.983909
11870: 0.98391
11871: 0.983912
11872: 0.983913
11873: 0.983914
11874: 0.983916
11875: 0.983917
11876: 0.983918
11877: 0.98392
11878: 0.983921
11879: 0.983923
11880: 0.983924
11881: 0.983925
11882: 0.983927
11883: 0.983928
11884: 0.983929
11885: 0.983931
11886: 0.983932
11887: 0.983933
11888: 0.983935
11889: 0.983936
11890: 0.983937
11891: 0.983939
11892: 0.98394
11893: 0.983941
11894: 0.983943
11895: 0.983944
11896: 0.983946
11897: 0.983947
11898: 0.983948
11899: 0.98395
11900: 0.983951
11901: 0.983952
11902: 0.983954
11903: 0.983955
11904: 0.983956
11905: 0.983958
11906: 0.983959
11907: 0.98396
11908: 0.983962
11909: 0.983963
11910: 0.983964
11911: 0.983966
11912: 0.983967
11913: 0.983968
11914: 0.98397
11915: 0.983971
11916: 0.983972
11917: 0.983974
11918: 0.983975
11919: 0.983977
11920: 0.983978
11921: 0.983979
11922: 0.983981
11923: 0.983982
11924: 0.983983
11925: 0.983985
11926: 0.983986
11927: 0.983987
11928: 0.983989
11929: 0.98399
11930: 0.983991
11931: 0.983993
11932: 0.983994
11933: 0.983995
11934: 0.983997
11935: 0.983998
11936: 0.983999
11937: 0.984001
11938: 0.984002
11939: 0.984003
11940: 0.984005
11941: 0.984006
11942: 0.984007
11943: 0.984009
11944: 0.98401
11945: 0.984011
11946: 0.984013
11947: 0.984014
11948: 0.984015
11949: 0.984017
11950: 0.984018
11951: 0.984019
11952: 0.984021
11953: 0.984022
11954: 0.984023
11955: 0.984025
11956: 0.984026
11957: 0.984027
11958: 0.984029
11959: 0.98403
11960: 0.984031
11961: 0.984033
11962: 0.984034
11963: 0.984035
11964: 0.984037
11965: 0.984038
11966: 0.984039
11967: 0.984041
11968: 0.984042
11969: 0.984043
11970: 0.984045
11971: 0.984046
11972: 0.984047
11973: 0.984049
11974: 0.98405
11975: 0.984051
11976: 0.984053
11977: 0.984054
11978: 0.984055
11979: 0.984057
11980: 0.984058
11981: 0.984059
11982: 0.984061
11983: 0.984062
11984: 0.984063
11985: 0.984065
11986: 0.984066
11987: 0.984067
11988: 0.984069
11989: 0.98407
11990: 0.984071
11991: 0.984073
11992: 0.984074
11993: 0.984075
11994: 0.984077
11995: 0.984078
11996: 0.984079
11997: 0.984081
11998: 0.984082
11999: 0.984083
12000: 0.984085
12001: 0.984003
12002: 0.983921
12003: 0.983922
12004: 0.983923
12005: 0.983925
12006: 0.983926
12007: 0.983927
12008: 0.983929
12009: 0.98393
12010: 0.983931
12011: 0.983933
12012: 0.983934
12013: 0.983935
12014: 0.983854
12015: 0.983855
12016: 0.983856
12017: 0.983858
12018: 0.983859
12019: 0.98386
12020: 0.983862
12021: 0.983863
12022: 0.983864
12023: 0.983866
12024: 0.983867
12025: 0.983868
12026: 0.98387
12027: 0.983871
12028: 0.983872
12029: 0.983874
12030: 0.983875
12031: 0.983876
12032: 0.983878
12033: 0.983879
12034: 0.98388
12035: 0.983882
12036: 0.983883
12037: 0.983884
12038: 0.983886
12039: 0.983887
12040: 0.983888
12041: 0.98389
12042: 0.983891
12043: 0.983892
12044: 0.983894
12045: 0.983895
12046: 0.983896
12047: 0.983898
12048: 0.983899
12049: 0.9839
12050: 0.983902
12051: 0.983903
12052: 0.983904
12053: 0.983906
12054: 0.983907
12055: 0.983908
12056: 0.98391
12057: 0.983911
12058: 0.983912
12059: 0.983914
12060: 0.983915
12061: 0.983916
12062: 0.983918
12063: 0.983919
12064: 0.98392
12065: 0.983922
12066: 0.983923
12067: 0.983924
12068: 0.983926
12069: 0.983927
12070: 0.983928
12071: 0.98393
12072: 0.983931
12073: 0.983932
12074: 0.983934
12075: 0.983935
12076: 0.983936
12077: 0.983938
12078: 0.983939
12079: 0.98394
12080: 0.983942
12081: 0.983943
12082: 0.983944
12083: 0.983946
12084: 0.983947
12085: 0.983948
12086: 0.98395
12087: 0.983951
12088: 0.983952
12089: 0.983954
12090: 0.983955
12091: 0.983956
12092: 0.983958
12093: 0.983959
12094: 0.98396
12095: 0.983962
12096: 0.983963
12097: 0.983964
12098: 0.983966
12099: 0.983967
12100: 0.983968
12101: 0.98397
12102: 0.983971
12103: 0.983972
12104: 0.983974
12105: 0.983975
12106: 0.983976
12107: 0.983978
12108: 0.983979
12109: 0.98398
12110: 0.983982
12111: 0.983983
12112: 0.983984
12113: 0.983985
12114: 0.983987
12115: 0.983988
12116: 0.983989
12117: 0.983991
12118: 0.983992
12119: 0.983993
12120: 0.983995
12121: 0.983996
12122: 0.983997
12123: 0.983999
12124: 0.984
12125: 0.984001
12126: 0.984003
12127: 0.984004
12128: 0.984005
12129: 0.984007
12130: 0.984008
12131: 0.984009
12132: 0.984011
12133: 0.984012
12134: 0.984013
12135: 0.984015
12136: 0.984016
12137: 0.984017
12138: 0.984018
12139: 0.98402
12140: 0.984021
12141: 0.984022
12142: 0.984024
12143: 0.984025
12144: 0.984026
12145: 0.984028
12146: 0.984029
12147: 0.98403
12148: 0.984032
12149: 0.984033
12150: 0.984034
12151: 0.984036
12152: 0.984037
12153: 0.984038
12154: 0.984039
12155: 0.984041
12156: 0.984042
12157: 0.984043
12158: 0.984045
12159: 0.984046
12160: 0.984047
12161: 0.984049
12162: 0.98405
12163: 0.984051
12164: 0.984053
12165: 0.984054
12166: 0.984055
12167: 0.984057
12168: 0.984058
12169: 0.984059
12170: 0.98406
12171: 0.984062
12172: 0.984063
12173: 0.984064
12174: 0.984066
12175: 0.984067
12176: 0.984068
12177: 0.98407
12178: 0.984071
12179: 0.984072
12180: 0.984074
12181: 0.984075
12182: 0.984076
12183: 0.984077
12184: 0.984079
12185: 0.98408
12186: 0.984081
12187: 0.984083
12188: 0.984084
12189: 0.984085
12190: 0.984087
12191: 0.984088
12192: 0.984089
12193: 0.984091
12194: 0.984092
12195: 0.984093
12196: 0.984094
12197: 0.984096
12198: 0.984097
12199: 0.984098
12200: 0.9841
12201: 0.984101
12202: 0.984102
12203: 0.984104
12204: 0.984105
12205: 0.984106
12206: 0.984107
12207: 0.984109
12208: 0.98411
12209: 0.984111
12210: 0.984113
12211: 0.984114
12212: 0.984115
12213: 0.984117
12214: 0.984118
12215: 0.984119
12216: 0.98412
12217: 0.984122
12218: 0.984123
12219: 0.984124
12220: 0.984126
12221: 0.984127
12222: 0.984128
12223: 0.98413
12224: 0.984131
12225: 0.984132
12226: 0.984133
12227: 0.984135
12228: 0.984136
12229: 0.984137
12230: 0.984139
12231: 0.98414
12232: 0.984141
12233: 0.984143
12234: 0.984144
12235: 0.984145
12236: 0.984146
12237: 0.984148
12238: 0.984149
12239: 0.98415
12240: 0.984152
12241: 0.984153
12242: 0.984154
12243: 0.984156
12244: 0.984157
12245: 0.984158
12246: 0.984159
12247: 0.984161
12248: 0.984162
12249: 0.984163
12250: 0.984165
12251: 0.984166
12252: 0.984167
12253: 0.984168
12254: 0.98417
12255: 0.984171
12256: 0.984172
12257: 0.984174
12258: 0.984175
12259: 0.984176
12260: 0.984177
12261: 0.984179
12262: 0.98418
12263: 0.984181
12264: 0.984183
12265: 0.984102
12266: 0.984104
12267: 0.984105
12268: 0.984106
12269: 0.984108
12270: 0.984109
12271: 0.98411
12272: 0.984111
12273: 0.984113
12274: 0.984114
12275: 0.984115
12276: 0.984117
12277: 0.984118
12278: 0.984119
12279: 0.984121
12280: 0.984122
12281: 0.984123
12282: 0.984124
12283: 0.984126
12284: 0.984127
12285: 0.984128
12286: 0.98413
12287: 0.984131
12288: 0.984132
12289: 0.984133
12290: 0.984135
12291: 0.984136
12292: 0.984137
12293: 0.984139
12294: 0.98414
12295: 0.984141
12296: 0.984142
12297: 0.984144
12298: 0.984145
12299: 0.984146
12300: 0.984148
12301: 0.984149
12302: 0.98415
12303: 0.984151
12304: 0.984153
12305: 0.984154
12306: 0.984155
12307: 0.984157
12308: 0.984158
12309: 0.984159
12310: 0.984161
12311: 0.984162
12312: 0.984163
12313: 0.984164
12314: 0.984166
12315: 0.984167
12316: 0.984168
12317: 0.98417
12318: 0.984171
12319: 0.984172
12320: 0.984173
12321: 0.984175
12322: 0.984176
12323: 0.984177
12324: 0.984178
12325: 0.98418
12326: 0.984181
12327: 0.984182
12328: 0.984184
12329: 0.984185
12330: 0.984186
12331: 0.984187
12332: 0.984189
12333: 0.98419
12334: 0.984191
12335: 0.984193
12336: 0.984194
12337: 0.984195
12338: 0.984196
12339: 0.984198
12340: 0.984199
12341: 0.9842
12342: 0.984202
12343: 0.984203
12344: 0.984204
12345: 0.984205
12346: 0.984207
12347: 0.984208
12348: 0.984209
12349: 0.984211
12350: 0.984212
12351: 0.984213
12352: 0.984214
12353: 0.984216
12354: 0.984217
12355: 0.984218
12356: 0.984219
12357: 0.984221
12358: 0.984222
12359: 0.984223
12360: 0.984225
12361: 0.984226
12362: 0.984227
12363: 0.984228
12364: 0.98423
12365: 0.984231
12366: 0.984232
12367: 0.984234
12368: 0.984154
12369: 0.984155
12370: 0.984156
12371: 0.984158
12372: 0.984159
12373: 0.98416
12374: 0.984162
12375: 0.984163
12376: 0.984164
12377: 0.984165
12378: 0.984167
12379: 0.984168
12380: 0.984169
12381: 0.984171
12382: 0.984172
12383: 0.984173
12384: 0.984174
12385: 0.984176
12386: 0.984177
12387: 0.984178
12388: 0.98418
12389: 0.984181
12390: 0.984182
12391: 0.984183
12392: 0.984185
12393: 0.984186
12394: 0.984187
12395: 0.984188
12396: 0.98419
12397: 0.984191
12398: 0.984192
12399: 0.984194
12400: 0.984195
12401: 0.984196
12402: 0.984197
12403: 0.984199
12404: 0.9842
12405: 0.984201
12406: 0.984202
12407: 0.984204
12408: 0.984205
12409: 0.984206
12410: 0.984208
12411: 0.984209
12412: 0.98421
12413: 0.984211
12414: 0.984213
12415: 0.984214
12416: 0.984215
12417: 0.984216
12418: 0.984218
12419: 0.984219
12420: 0.98422
12421: 0.984222
12422: 0.984223
12423: 0.984224
12424: 0.984225
12425: 0.984227
12426: 0.984228
12427: 0.984229
12428: 0.98423
12429: 0.984232
12430: 0.984233
12431: 0.984234
12432: 0.984236
12433: 0.984237
12434: 0.984238
12435: 0.984239
12436: 0.984241
12437: 0.984242
12438: 0.984243
12439: 0.984244
12440: 0.984246
12441: 0.984247
12442: 0.984248
12443: 0.984249
12444: 0.984251
12445: 0.984252
12446: 0.984253
12447: 0.984254
12448: 0.984256
12449: 0.984257
12450: 0.984258
12451: 0.98426
12452: 0.984261
12453: 0.984262
12454: 0.984263
12455: 0.984265
12456: 0.984266
12457: 0.984267
12458: 0.984268
12459: 0.98427
12460: 0.984271
12461: 0.984272
12462: 0.984273
12463: 0.984275
12464: 0.984276
12465: 0.984277
12466: 0.984278
12467: 0.98428
12468: 0.984281
12469: 0.984282
12470: 0.984284
12471: 0.984285
12472: 0.984286
12473: 0.984287
12474: 0.984289
12475: 0.98429
12476: 0.984291
12477: 0.984292
12478: 0.984294
12479: 0.984295
12480: 0.984296
12481: 0.984297
12482: 0.984299
12483: 0.9843
12484: 0.984301
12485: 0.984302
12486: 0.984304
12487: 0.984305
12488: 0.984306
12489: 0.984307
12490: 0.984309
12491: 0.98431
12492: 0.984311
12493: 0.984312
12494: 0.984314
12495: 0.984315
12496: 0.984316
12497: 0.984317
12498: 0.984319
12499: 0.98432
12500: 0.984321
12501: 0.984323
12502: 0.984324
12503: 0.984325
12504: 0.984326
12505: 0.984328
12506: 0.984329
12507: 0.98433
12508: 0.984331
12509: 0.984333
12510: 0.984334
12511: 0.984335
12512: 0.984336
12513: 0.984338
12514: 0.984339
12515: 0.98434
12516: 0.984341
12517: 0.984343
12518: 0.984344
12519: 0.984345
12520: 0.984346
12521: 0.984348
12522: 0.984349
12523: 0.98435
12524: 0.984351
12525: 0.984353
12526: 0.984354
12527: 0.984355
12528: 0.984356
12529: 0.984358
12530: 0.984359
12531: 0.98436
12532: 0.984361
12533: 0.984363
12534: 0.984364
12535: 0.984365
12536: 0.984366
12537: 0.984368
12538: 0.984369
12539: 0.98437
12540: 0.984371
12541: 0.984373
12542: 0.984374
12543: 0.984375
12544: 0.984376
12545: 0.984377
12546: 0.984379
12547: 0.98438
12548: 0.984381
12549: 0.984382
12550: 0.984384
12551: 0.984385
12552: 0.984386
12553: 0.984387
12554: 0.984389
12555: 0.98439
12556: 0.984391
12557: 0.984392
12558: 0.984394
12559: 0.984395
12560: 0.984396
12561: 0.984397
12562: 0.984399
12563: 0.9844
12564: 0.984401
12565: 0.984402
12566: 0.984404
12567: 0.984405
12568: 0.984406
12569: 0.984407
12570: 0.984409
12571: 0.98441
12572: 0.984411
12573: 0.984412
12574: 0.984414
12575: 0.984415
12576: 0.984416
12577: 0.984417
12578: 0.984418
12579: 0.98442
12580: 0.984421
12581: 0.984422
12582: 0.984423
12583: 0.984425
12584: 0.984426
12585: 0.984427
12586: 0.984428
12587: 0.98443
12588: 0.984431
12589: 0.984432
12590: 0.984433
12591: 0.984435
12592: 0.984436
12593: 0.984437
12594: 0.984438
12595: 0.98444
12596: 0.984441
12597: 0.984442
12598: 0.984443
12599: 0.984444
12600: 0.984446
12601: 0.984447
12602: 0.984448
12603: 0.984449
12604: 0.984451
12605: 0.984452
12606: 0.984453
12607: 0.984454
12608: 0.984456
12609: 0.984457
12610: 0.984458
12611: 0.984459
12612: 0.98446
12613: 0.984462
12614: 0.984463
12615: 0.984464
12616: 0.984465
12617: 0.984467
12618: 0.984468
12619: 0.984469
12620: 0.98447
12621: 0.984472
12622: 0.984473
12623: 0.984474
12624: 0.984475
12625: 0.984476
12626: 0.984478
12627: 0.984479
12628: 0.98448
12629: 0.984481
12630: 0.984483
12631: 0.984484
12632: 0.984485
12633: 0.984486
12634: 0.984488
12635: 0.984489
12636: 0.98449
12637: 0.984491
12638: 0.984492
12639: 0.984494
12640: 0.984495
12641: 0.984496
12642: 0.984497
12643: 0.984499
12644: 0.9845
12645: 0.984501
12646: 0.984502
12647: 0.984503
12648: 0.984505
12649: 0.984506
12650: 0.984507
12651: 0.984508
12652: 0.98451
12653: 0.984511
12654: 0.984512
12655: 0.984513
12656: 0.984514
12657: 0.984516
12658: 0.984517
12659: 0.984518
12660: 0.984519
12661: 0.984521
12662: 0.984522
12663: 0.984523
12664: 0.984524
12665: 0.984526
12666: 0.984527
12667: 0.984528
12668: 0.984529
12669: 0.98453
12670: 0.984532
12671: 0.984533
12672: 0.984534
12673: 0.984535
12674: 0.984536
12675: 0.984538
12676: 0.984539
12677: 0.98454
12678: 0.984541
12679: 0.984543
12680: 0.984544
12681: 0.984545
12682: 0.984546
12683: 0.984547
12684: 0.984549
12685: 0.98455
12686: 0.984551
12687: 0.984552
12688: 0.984554
12689: 0.984555
12690: 0.984556
12691: 0.984557
12692: 0.984558
12693: 0.98456
12694: 0.984561
12695: 0.984562
12696: 0.984563
12697: 0.984564
12698: 0.984566
12699: 0.984567
12700: 0.984568
12701: 0.984569
12702: 0.984571
12703: 0.984572
12704: 0.984573
12705: 0.984574
12706: 0.984575
12707: 0.984577
12708: 0.984578
12709: 0.984579
12710: 0.98458
12711: 0.984581
12712: 0.984583
12713: 0.984584
12714: 0.984585
12715: 0.984586
12716: 0.984588
12717: 0.984589
12718: 0.98459
12719: 0.984591
12720: 0.984592
12721: 0.984594
12722: 0.984595
12723: 0.984596
12724: 0.984597
12725: 0.984598
12726: 0.9846
12727: 0.984601
12728: 0.984602
12729: 0.984603
12730: 0.984605
12731: 0.984606
12732: 0.984607
12733: 0.984608
12734: 0.984609
12735: 0.984611
12736: 0.984612
12737: 0.984613
12738: 0.984614
12739: 0.984615
12740: 0.984617
12741: 0.984618
12742: 0.984619
12743: 0.98462
12744: 0.984621
12745: 0.984623
12746: 0.984624
12747: 0.984625
12748: 0.984626
12749: 0.984627
12750: 0.984629
12751: 0.98463
12752: 0.984631
12753: 0.984632
12754: 0.984633
12755: 0.984635
12756: 0.984636
12757: 0.984637
12758: 0.984638
12759: 0.984639
12760: 0.984641
12761: 0.984642
12762: 0.984643
12763: 0.984644
12764: 0.984646
12765: 0.984647
12766: 0.984648
12767: 0.984649
12768: 0.98465
12769: 0.984652
12770: 0.984653
12771: 0.984654
12772: 0.984655
12773: 0.984656
12774: 0.984658
12775: 0.984659
12776: 0.98466
12777: 0.984661
12778: 0.984662
12779: 0.984664
12780: 0.984665
12781: 0.984666
12782: 0.984667
12783: 0.984668
12784: 0.98467
12785: 0.984671
12786: 0.984672
12787: 0.984673
12788: 0.984674
12789: 0.984676
12790: 0.984677
12791: 0.984678
12792: 0.984679
12793: 0.98468
12794: 0.984682
12795: 0.984683
12796: 0.984684
12797: 0.984685
12798: 0.984686
12799: 0.984688
12800: 0.984689
12801: 0.98469
12802: 0.984691
12803: 0.984692
12804: 0.984693
12805: 0.984695
12806: 0.984696
12807: 0.984697
12808: 0.984698
12809: 0.984699
12810: 0.984701
12811: 0.984702
12812: 0.984703
12813: 0.984704
12814: 0.984705
12815: 0.984707
12816: 0.984708
12817: 0.984709
12818: 0.98471
12819: 0.984711
12820: 0.984713
12821: 0.984714
12822: 0.984715
12823: 0.984716
12824: 0.984717
12825: 0.984719
12826: 0.98472
12827: 0.984721
12828: 0.984722
12829: 0.984723
12830: 0.984724
12831: 0.984726
12832: 0.984727
12833: 0.984728
12834: 0.984729
12835: 0.98473
12836: 0.984732
12837: 0.984733
12838: 0.984734
12839: 0.984735
12840: 0.984736
12841: 0.984738
12842: 0.984739
12843: 0.98474
12844: 0.984741
12845: 0.984742
12846: 0.984744
12847: 0.984745
12848: 0.984746
12849: 0.984747
12850: 0.984748
12851: 0.984749
12852: 0.984751
12853: 0.984752
12854: 0.984753
12855: 0.984754
12856: 0.984755
12857: 0.984757
12858: 0.984758
12859: 0.984759
12860: 0.98476
12861: 0.984761
12862: 0.984762
12863: 0.984764
12864: 0.984765
12865: 0.984766
12866: 0.984767
12867: 0.984768
12868: 0.98477
12869: 0.984771
12870: 0.984772
12871: 0.984773
12872: 0.984774
12873: 0.984776
12874: 0.984777
12875: 0.984778
12876: 0.984779
12877: 0.98478
12878: 0.984781
12879: 0.984783
12880: 0.984784
12881: 0.984785
12882: 0.984786
12883: 0.984787
12884: 0.984789
12885: 0.98479
12886: 0.984791
12887: 0.984792
12888: 0.984793
12889: 0.984794
12890: 0.984796
12891: 0.984797
12892: 0.984798
12893: 0.984799
12894: 0.9848
12895: 0.984801
12896: 0.984803
12897: 0.984804
12898: 0.984805
12899: 0.984806
12900: 0.984807
12901: 0.984809
12902: 0.98481
12903: 0.984811
12904: 0.984812
12905: 0.984813
12906: 0.984814
12907: 0.984816
12908: 0.984817
12909: 0.984818
12910: 0.984819
12911: 0.98482
12912: 0.984821
12913: 0.984823
12914: 0.984824
12915: 0.984825
12916: 0.984826
12917: 0.984827
12918: 0.984829
12919: 0.98483
12920: 0.984831
12921: 0.984832
12922: 0.984833
12923: 0.984834
12924: 0.984836
12925: 0.984837
12926: 0.984838
12927: 0.984839
12928: 0.98484
12929: 0.984841
12930: 0.984843
12931: 0.984844
12932: 0.984845
12933: 0.984846
12934: 0.984847
12935: 0.984848
12936: 0.98485
12937: 0.984851
12938: 0.984852
12939: 0.984853
12940: 0.984854
12941: 0.984856
12942: 0.984857
12943: 0.984858
12944: 0.984859
12945: 0.98486
12946: 0.984861
12947: 0.984863
12948: 0.984864
12949: 0.984865
12950: 0.984866
12951: 0.984867
12952: 0.984868
12953: 0.98487
12954: 0.984871
12955: 0.984872
12956: 0.984873
12957: 0.984874
12958: 0.984875
12959: 0.984877
12960: 0.984878
12961: 0.984879
12962: 0.98488
12963: 0.984881
12964: 0.984882
12965: 0.984884
12966: 0.984885
12967: 0.984886
12968: 0.984887
12969: 0.984888
12970: 0.984889
12971: 0.984891
12972: 0.984892
12973: 0.984893
12974: 0.984894
12975: 0.984895
12976: 0.984896
12977: 0.984898
12978: 0.984899
12979: 0.9849
12980: 0.984901
12981: 0.984902
12982: 0.984903
12983: 0.984904
12984: 0.984906
12985: 0.984907
12986: 0.984908
12987: 0.984909
12988: 0.98491
12989: 0.984911
12990: 0.984913
12991: 0.984914
12992: 0.984915
12993: 0.984916
12994: 0.984917
12995: 0.984918
12996: 0.98492
12997: 0.984921
12998: 0.984922
12999: 0.984923
13000: 0.984924
13001: 0.984925
13002: 0.984927
13003: 0.984928
13004: 0.984929
13005: 0.98493
13006: 0.984931
13007: 0.984932
13008: 0.984934
13009: 0.984935
13010: 0.984936
13011: 0.984937
13012: 0.984938
13013: 0.984939
13014: 0.98494
13015: 0.984942
13016: 0.984943
13017: 0.984944
13018: 0.984945
13019: 0.984946
13020: 0.984947
13021: 0.984949
13022: 0.98495
13023: 0.984951
13024: 0.984952
13025: 0.984953
13026: 0.984954
13027: 0.984955
13028: 0.984957
13029: 0.984958
13030: 0.984959
13031: 0.98496
13032: 0.984961
13033: 0.984962
13034: 0.984964
13035: 0.984965
13036: 0.984966
13037: 0.984967
13038: 0.984968
13039: 0.984969
13040: 0.98497
13041: 0.984972
13042: 0.984973
13043: 0.984974
13044: 0.984975
13045: 0.984976
13046: 0.984977
13047: 0.984979
13048: 0.98498
13049: 0.984981
13050: 0.984982
13051: 0.984983
13052: 0.984984
13053: 0.984985
13054: 0.984987
13055: 0.984988
13056: 0.984989
13057: 0.98499
13058: 0.984991
13059: 0.984992
13060: 0.984993
13061: 0.984995
13062: 0.984996
13063: 0.984997
13064: 0.984998
13065: 0.984999
13066: 0.985
13067: 0.985002
13068: 0.985003
13069: 0.985004
13070: 0.985005
13071: 0.985006
13072: 0.985007
13073: 0.985008
13074: 0.98501
13075: 0.985011
13076: 0.985012
13077: 0.985013
13078: 0.985014
13079: 0.985015
13080: 0.985016
13081: 0.985018
13082: 0.985019
13083: 0.98502
13084: 0.985021
13085: 0.985022
13086: 0.985023
13087: 0.985024
13088: 0.985026
13089: 0.985027
13090: 0.985028
13091: 0.985029
13092: 0.98503
13093: 0.985031
13094: 0.985032
13095: 0.985034
13096: 0.985035
13097: 0.985036
13098: 0.985037
13099: 0.985038
13100: 0.985039
13101: 0.98504
13102: 0.985042
13103: 0.985043
13104: 0.985044
13105: 0.985045
13106: 0.985046
13107: 0.985047
13108: 0.985048
13109: 0.98505
13110: 0.985051
13111: 0.985052
13112: 0.985053
13113: 0.985054
13114: 0.985055
13115: 0.985056
13116: 0.985058
13117: 0.985059
13118: 0.98506
13119: 0.985061
13120: 0.985062
13121: 0.985063
13122: 0.985064
13123: 0.985066
13124: 0.985067
13125: 0.985068
13126: 0.985069
13127: 0.98507
13128: 0.985071
13129: 0.985072
13130: 0.985073
13131: 0.985075
13132: 0.985076
13133: 0.985077
13134: 0.985078
13135: 0.985079
13136: 0.98508
13137: 0.985081
13138: 0.985083
13139: 0.985084
13140: 0.985085
13141: 0.985086
13142: 0.985087
13143: 0.985088
13144: 0.985089
13145: 0.985091
13146: 0.985092
13147: 0.985093
13148: 0.985094
13149: 0.985095
13150: 0.985096
13151: 0.985097
13152: 0.985098
13153: 0.9851
13154: 0.985101
13155: 0.985102
13156: 0.985103
13157: 0.985104
13158: 0.985105
13159: 0.985106
13160: 0.985108
13161: 0.985109
13162: 0.98511
13163: 0.985111
13164: 0.985112
13165: 0.985113
13166: 0.985114
13167: 0.985115
13168: 0.985117
13169: 0.985118
13170: 0.985119
13171: 0.98512
13172: 0.985121
13173: 0.985122
13174: 0.985123
13175: 0.985124
13176: 0.985126
13177: 0.985127
13178: 0.985128
13179: 0.985129
13180: 0.98513
13181: 0.985131
13182: 0.985132
13183: 0.985133
13184: 0.985135
13185: 0.985136
13186: 0.985137
13187: 0.985138
13188: 0.985139
13189: 0.98514
13190: 0.985141
13191: 0.985143
13192: 0.985144
13193: 0.985145
13194: 0.985146
13195: 0.985147
13196: 0.985148
13197: 0.985149
13198: 0.98515
13199: 0.985152
13200: 0.985153
13201: 0.985154
13202: 0.985155
13203: 0.985156
13204: 0.985157
13205: 0.985158
13206: 0.985159
13207: 0.985161
13208: 0.985162
13209: 0.985163
13210: 0.985164
13211: 0.985165
13212: 0.985166
13213: 0.985167
13214: 0.985168
13215: 0.985169
13216: 0.985171
13217: 0.985172
13218: 0.985173
13219: 0.985174
13220: 0.985175
13221: 0.985176
13222: 0.985177
13223: 0.985178
13224: 0.98518
13225: 0.985181
13226: 0.985182
13227: 0.985183
13228: 0.985184
13229: 0.985185
13230: 0.985186
13231: 0.985187
13232: 0.985189
13233: 0.98519
13234: 0.985191
13235: 0.985192
13236: 0.985193
13237: 0.985194
13238: 0.985195
13239: 0.985196
13240: 0.985197
13241: 0.985199
13242: 0.9852
13243: 0.985201
13244: 0.985202
13245: 0.985203
13246: 0.985204
13247: 0.985205
13248: 0.985206
13249: 0.985208
13250: 0.985209
13251: 0.98521
13252: 0.985211
13253: 0.985212
13254: 0.985213
13255: 0.985214
13256: 0.985215
13257: 0.985216
13258: 0.985218
13259: 0.985219
13260: 0.98522
13261: 0.985221
13262: 0.985222
13263: 0.985223
13264: 0.985224
13265: 0.985225
13266: 0.985227
13267: 0.985228
13268: 0.985229
13269: 0.98523
13270: 0.985231
13271: 0.985232
13272: 0.985233
13273: 0.985234
13274: 0.985235
13275: 0.985237
13276: 0.985238
13277: 0.985239
13278: 0.98524
13279: 0.985241
13280: 0.985242
13281: 0.985243
13282: 0.985244
13283: 0.985245
13284: 0.985247
13285: 0.985248
13286: 0.985249
13287: 0.98525
13288: 0.985251
13289: 0.985252
13290: 0.985253
13291: 0.985179
13292: 0.98518
13293: 0.985181
13294: 0.985182
13295: 0.985184
13296: 0.985185
13297: 0.985186
13298: 0.985187
13299: 0.985188
13300: 0.985189
13301: 0.98519
13302: 0.985191
13303: 0.985192
13304: 0.985194
13305: 0.985195
13306: 0.985196
13307: 0.985197
13308: 0.985198
13309: 0.985199
13310: 0.9852
13311: 0.985201
13312: 0.985202
13313: 0.985204
13314: 0.985205
13315: 0.985206
13316: 0.985207
13317: 0.985208
13318: 0.985209
13319: 0.98521
13320: 0.985211
13321: 0.985212
13322: 0.985214
13323: 0.985215
13324: 0.985216
13325: 0.985217
13326: 0.985218
13327: 0.985219
13328: 0.98522
13329: 0.985221
13330: 0.985222
13331: 0.985224
13332: 0.985225
13333: 0.985226
13334: 0.985227
13335: 0.985228
13336: 0.985229
13337: 0.98523
13338: 0.985231
13339: 0.985232
13340: 0.985233
13341: 0.985235
13342: 0.985236
13343: 0.985237
13344: 0.985238
13345: 0.985239
13346: 0.98524
13347: 0.985241
13348: 0.985242
13349: 0.985243
13350: 0.98517
13351: 0.985171
13352: 0.985172
13353: 0.985173
13354: 0.985174
13355: 0.985175
13356: 0.985176
13357: 0.985177
13358: 0.985179
13359: 0.98518
13360: 0.985181
13361: 0.985182
13362: 0.985183
13363: 0.985184
13364: 0.985185
13365: 0.985186
13366: 0.985187
13367: 0.985189
13368: 0.98519
13369: 0.985191
13370: 0.985192
13371: 0.985193
13372: 0.985194
13373: 0.985195
13374: 0.985196
13375: 0.985197
13376: 0.985198
13377: 0.9852
13378: 0.985201
13379: 0.985202
13380: 0.985203
13381: 0.985204
13382: 0.985205
13383: 0.985206
13384: 0.985207
13385: 0.985208
13386: 0.98521
13387: 0.985211
13388: 0.985212
13389: 0.985213
13390: 0.985214
13391: 0.985215
13392: 0.985216
13393: 0.985217
13394: 0.985218
13395: 0.985219
13396: 0.985221
13397: 0.985222
13398: 0.985223
13399: 0.985224
13400: 0.985225
13401: 0.985226
13402: 0.985227
13403: 0.985228
13404: 0.985229
13405: 0.98523
13406: 0.985232
13407: 0.985233
13408: 0.985234
13409: 0.985235
13410: 0.985236
13411: 0.985237
13412: 0.985238
13413: 0.985239
13414: 0.98524
13415: 0.985242
13416: 0.985243
13417: 0.985244
13418: 0.985245
13419: 0.985246
13420: 0.985247
13421: 0.985248
13422: 0.985249
13423: 0.98525
13424: 0.985251
13425: 0.985252
13426: 0.985254
13427: 0.985255
13428: 0.985256
13429: 0.985257
13430: 0.985258
13431: 0.985259
13432: 0.98526
13433: 0.985261
13434: 0.985262
13435: 0.985263
13436: 0.985265
13437: 0.985266
13438: 0.985267
13439: 0.985268
13440: 0.985269
13441: 0.98527
13442: 0.985271
13443: 0.985272
13444: 0.985273
13445: 0.985274
13446: 0.985276
13447: 0.985277
13448: 0.985278
13449: 0.985279
13450: 0.98528
13451: 0.985281
13452: 0.985282
13453: 0.985283
13454: 0.985284
13455: 0.985285
13456: 0.985286
13457: 0.985288
13458: 0.985289
13459: 0.98529
13460: 0.985291
13461: 0.985292
13462: 0.985293
13463: 0.985294
13464: 0.985295
13465: 0.985296
13466: 0.985297
13467: 0.985298
13468: 0.9853
13469: 0.985301
13470: 0.985302
13471: 0.985303
13472: 0.985304
13473: 0.985305
13474: 0.985306
13475: 0.985307
13476: 0.985308
13477: 0.985309
13478: 0.98531
13479: 0.985312
13480: 0.985313
13481: 0.985314
13482: 0.985315
13483: 0.985316
13484: 0.985317
13485: 0.985318
13486: 0.985319
13487: 0.98532
13488: 0.985321
13489: 0.985322
13490: 0.985324
13491: 0.985325
13492: 0.985326
13493: 0.985327
13494: 0.985328
13495: 0.985329
13496: 0.98533
13497: 0.985331
13498: 0.985332
13499: 0.985333
13500: 0.985334
13501: 0.985336
13502: 0.985337
13503: 0.985338
13504: 0.985339
13505: 0.98534
13506: 0.985341
13507: 0.985342
13508: 0.985343
13509: 0.985344
13510: 0.985345
13511: 0.985346
13512: 0.985347
13513: 0.985349
13514: 0.98535
13515: 0.985351
13516: 0.985352
13517: 0.985353
13518: 0.985354
13519: 0.985355
13520: 0.985356
13521: 0.985357
13522: 0.985358
13523: 0.985359
13524: 0.98536
13525: 0.985362
13526: 0.985363
13527: 0.985364
13528: 0.985365
13529: 0.985366
13530: 0.985367
13531: 0.985368
13532: 0.985369
13533: 0.98537
13534: 0.985371
13535: 0.985372
13536: 0.985373
13537: 0.985375
13538: 0.985376
13539: 0.985377
13540: 0.985378
13541: 0.985379
13542: 0.98538
13543: 0.985381
13544: 0.985382
13545: 0.985383
13546: 0.985384
13547: 0.985385
13548: 0.985386
13549: 0.985387
13550: 0.985389
13551: 0.98539
13552: 0.985391
13553: 0.985392
13554: 0.985393
13555: 0.985394
13556: 0.985395
13557: 0.985396
13558: 0.985397
13559: 0.985398
13560: 0.985399
13561: 0.9854
13562: 0.985401
13563: 0.985403
13564: 0.985404
13565: 0.985405
13566: 0.985406
13567: 0.985407
13568: 0.985408
13569: 0.985409
13570: 0.98541
13571: 0.985411
13572: 0.985412
13573: 0.985413
13574: 0.985414
13575: 0.985415
13576: 0.985417
13577: 0.985418
13578: 0.985419
13579: 0.98542
13580: 0.985421
13581: 0.985422
13582: 0.985423
13583: 0.985424
13584: 0.985425
13585: 0.985426
13586: 0.985427
13587: 0.985428
13588: 0.985429
13589: 0.98543
13590: 0.985432
13591: 0.985433
13592: 0.985434
13593: 0.985435
13594: 0.985436
13595: 0.985437
13596: 0.985438
13597: 0.985439
13598: 0.98544
13599: 0.985441
13600: 0.985442
13601: 0.985443
13602: 0.985444
13603: 0.985445
13604: 0.985447
13605: 0.985448
13606: 0.985449
13607: 0.98545
13608: 0.985451
13609: 0.985452
13610: 0.985453
13611: 0.985454
13612: 0.985455
13613: 0.985456
13614: 0.985457
13615: 0.985385
13616: 0.985386
13617: 0.985387
13618: 0.985388
13619: 0.985389
13620: 0.98539
13621: 0.985391
13622: 0.985392
13623: 0.985393
13624: 0.985394
13625: 0.985396
13626: 0.985397
13627: 0.985398
13628: 0.985399
13629: 0.9854
13630: 0.985401
13631: 0.985402
13632: 0.985403
13633: 0.985404
13634: 0.985405
13635: 0.985406
13636: 0.985407
13637: 0.985408
13638: 0.985409
13639: 0.985411
13640: 0.985412
13641: 0.985413
13642: 0.985414
13643: 0.985415
13644: 0.985416
13645: 0.985417
13646: 0.985418
13647: 0.985419
13648: 0.98542
13649: 0.985421
13650: 0.985422
13651: 0.985423
13652: 0.985424
13653: 0.985426
13654: 0.985427
13655: 0.985428
13656: 0.985429
13657: 0.98543
13658: 0.985431
13659: 0.985432
13660: 0.985433
13661: 0.985434
13662: 0.985435
13663: 0.985436
13664: 0.985437
13665: 0.985438
13666: 0.985439
13667: 0.98544
13668: 0.985442
13669: 0.985443
13670: 0.985444
13671: 0.985445
13672: 0.985446
13673: 0.985447
13674: 0.985448
13675: 0.985449
13676: 0.98545
13677: 0.985451
13678: 0.985452
13679: 0.985453
13680: 0.985454
13681: 0.985455
13682: 0.985456
13683: 0.985457
13684: 0.985459
13685: 0.98546
13686: 0.985461
13687: 0.985462
13688: 0.985463
13689: 0.985464
13690: 0.985465
13691: 0.985466
13692: 0.985467
13693: 0.985468
13694: 0.985469
13695: 0.98547
13696: 0.985471
13697: 0.985472
13698: 0.985473
13699: 0.985474
13700: 0.985476
13701: 0.985477
13702: 0.985478
13703: 0.985479
13704: 0.98548
13705: 0.985481
13706: 0.985482
13707: 0.985483
13708: 0.985484
13709: 0.985485
13710: 0.985486
13711: 0.985487
13712: 0.985488
13713: 0.985489
13714: 0.98549
13715: 0.985491
13716: 0.985492
13717: 0.985494
13718: 0.985495
13719: 0.985496
13720: 0.985497
13721: 0.985498
13722: 0.985499
13723: 0.9855
13724: 0.985501
13725: 0.985502
13726: 0.985503
13727: 0.985504
13728: 0.985505
13729: 0.985506
13730: 0.985507
13731: 0.985508
13732: 0.985509
13733: 0.98551
13734: 0.985511
13735: 0.985513
13736: 0.985514
13737: 0.985515
13738: 0.985516
13739: 0.985517
13740: 0.985518
13741: 0.985519
13742: 0.98552
13743: 0.985521
13744: 0.985522
13745: 0.985523
13746: 0.985524
13747: 0.985525
13748: 0.985526
13749: 0.985527
13750: 0.985528
13751: 0.985529
13752: 0.98553
13753: 0.985531
13754: 0.985533
13755: 0.985534
13756: 0.985535
13757: 0.985536
13758: 0.985537
13759: 0.985538
13760: 0.985539
13761: 0.98554
13762: 0.985541
13763: 0.985542
13764: 0.985543
13765: 0.985544
13766: 0.985545
13767: 0.985546
13768: 0.985547
13769: 0.985548
13770: 0.985549
13771: 0.98555
13772: 0.985551
13773: 0.985552
13774: 0.985554
13775: 0.985555
13776: 0.985556
13777: 0.985557
13778: 0.985558
13779: 0.985559
13780: 0.98556
13781: 0.985561
13782: 0.985562
13783: 0.985563
13784: 0.985564
13785: 0.985565
13786: 0.985566
13787: 0.985567
13788: 0.985568
13789: 0.985569
13790: 0.98557
13791: 0.985571
13792: 0.985572
13793: 0.985573
13794: 0.985574
13795: 0.985576
13796: 0.985577
13797: 0.985578
13798: 0.985579
13799: 0.98558
13800: 0.985581
13801: 0.985582
13802: 0.985583
13803: 0.985584
13804: 0.985585
13805: 0.985586
13806: 0.985587
13807: 0.985588
13808: 0.985589
13809: 0.98559
13810: 0.985591
13811: 0.985592
13812: 0.985521
13813: 0.98545
13814: 0.985451
13815: 0.985452
13816: 0.985453
13817: 0.985454
13818: 0.985455
13819: 0.985456
13820: 0.985457
13821: 0.985458
13822: 0.985459
13823: 0.985388
13824: 0.985389
13825: 0.98539
13826: 0.985391
13827: 0.985392
13828: 0.985393
13829: 0.985394
13830: 0.985395
13831: 0.985396
13832: 0.985397
13833: 0.985398
13834: 0.985399
13835: 0.9854
13836: 0.985401
13837: 0.985403
13838: 0.985404
13839: 0.985405
13840: 0.985406
13841: 0.985407
13842: 0.985408
13843: 0.985409
13844: 0.98541
13845: 0.985411
13846: 0.985412
13847: 0.985413
13848: 0.985414
13849: 0.985415
13850: 0.985416
13851: 0.985417
13852: 0.985418
13853: 0.985419
13854: 0.98542
13855: 0.985421
13856: 0.985423
13857: 0.985424
13858: 0.985425
13859: 0.985426
13860: 0.985427
13861: 0.985428
13862: 0.985429
13863: 0.98543
13864: 0.985431
13865: 0.985432
13866: 0.985433
13867: 0.985434
13868: 0.985435
13869: 0.985436
13870: 0.985437
13871: 0.985438
13872: 0.985439
13873: 0.98544
13874: 0.985441
13875: 0.985442
13876: 0.985444
13877: 0.985445
13878: 0.985446
13879: 0.985447
13880: 0.985448
13881: 0.985449
13882: 0.98545
13883: 0.985451
13884: 0.985452
13885: 0.985453
13886: 0.985454
13887: 0.985455
13888: 0.985456
13889: 0.985457
13890: 0.985458
13891: 0.985459
13892: 0.98546
13893: 0.985461
13894: 0.985462
13895: 0.985463
13896: 0.985464
13897: 0.985466
13898: 0.985467
13899: 0.985468
13900: 0.985469
13901: 0.98547
13902: 0.985471
13903: 0.985472
13904: 0.985473
13905: 0.985474
13906: 0.985475
13907: 0.985476
13908: 0.985477
13909: 0.985478
13910: 0.985479
13911: 0.98548
13912: 0.985481
13913: 0.985482
13914: 0.985483
13915: 0.985484
13916: 0.985485
13917: 0.985486
13918: 0.985487
13919: 0.985489
13920: 0.98549
13921: 0.985491
13922: 0.985492
13923: 0.985493
13924: 0.985494
13925: 0.985495
13926: 0.985496
13927: 0.985497
13928: 0.985498
13929: 0.985499
13930: 0.9855
13931: 0.985501
13932: 0.985502
13933: 0.985503
13934: 0.985504
13935: 0.985505
13936: 0.985506
13937: 0.985507
13938: 0.985508
13939: 0.985509
13940: 0.98551
13941: 0.985511
13942: 0.985512
13943: 0.985513
13944: 0.985515
13945: 0.985516
13946: 0.985517
13947: 0.985518
13948: 0.985519
13949: 0.98552
13950: 0.985521
13951: 0.985522
13952: 0.985523
13953: 0.985524
13954: 0.985525
13955: 0.985526
13956: 0.985527
13957: 0.985528
13958: 0.985529
13959: 0.98553
13960: 0.985531
13961: 0.985532
13962: 0.985533
13963: 0.985534
13964: 0.985535
13965: 0.985536
13966: 0.985537
13967: 0.985538
13968: 0.985539
13969: 0.98554
13970: 0.985541
13971: 0.985543
13972: 0.985544
13973: 0.985545
13974: 0.985546
13975: 0.985547
13976: 0.985548
13977: 0.985549
13978: 0.98555
13979: 0.985551
13980: 0.985552
13981: 0.985553
13982: 0.985554
13983: 0.985555
13984: 0.985556
13985: 0.985557
13986: 0.985558
13987: 0.985559
13988: 0.98556
13989: 0.985561
13990: 0.985562
13991: 0.985563
13992: 0.985564
13993: 0.985565
13994: 0.985566
13995: 0.985567
13996: 0.985568
13997: 0.985569
13998: 0.98557
13999: 0.985571
14000: 0.985572
14001: 0.985573
14002: 0.985575
14003: 0.985576
14004: 0.985577
14005: 0.985578
14006: 0.985579
14007: 0.98558
14008: 0.985581
14009: 0.985582
14010: 0.985583
14011: 0.985584
14012: 0.985585
14013: 0.985586
14014: 0.985587
14015: 0.985588
14016: 0.985589
14017: 0.98559
14018: 0.985591
14019: 0.985592
14020: 0.985593
14021: 0.985594
14022: 0.985595
14023: 0.985596
14024: 0.985597
14025: 0.985598
14026: 0.985599
14027: 0.9856
14028: 0.985601
14029: 0.985602
14030: 0.985603
14031: 0.985604
14032: 0.985605
14033: 0.985606
14034: 0.985607
14035: 0.985608
14036: 0.985609
14037: 0.98561
14038: 0.985612
14039: 0.985613
14040: 0.985614
14041: 0.985615
14042: 0.985616
14043: 0.985617
14044: 0.985618
14045: 0.985619
14046: 0.98562
14047: 0.985621
14048: 0.985622
14049: 0.985623
14050: 0.985624
14051: 0.985625
14052: 0.985626
14053: 0.985627
14054: 0.985628
14055: 0.985629
14056: 0.98563
14057: 0.985631
14058: 0.985632
14059: 0.985633
14060: 0.985634
14061: 0.985635
14062: 0.985636
14063: 0.985637
14064: 0.985638
14065: 0.985639
14066: 0.98564
14067: 0.985641
14068: 0.985642
14069: 0.985643
14070: 0.985644
14071: 0.985645
14072: 0.985646
14073: 0.985647
14074: 0.985648
14075: 0.985649
14076: 0.98565
14077: 0.985651
14078: 0.985652
14079: 0.985653
14080: 0.985654
14081: 0.985655
14082: 0.985656
14083: 0.985657
14084: 0.985659
14085: 0.98566
14086: 0.985661
14087: 0.985662
14088: 0.985663
14089: 0.985664
14090: 0.985665
14091: 0.985666
14092: 0.985667
14093: 0.985668
14094: 0.985669
14095: 0.98567
14096: 0.985671
14097: 0.985672
14098: 0.985673
14099: 0.985674
14100: 0.985675
14101: 0.985676
14102: 0.985677
14103: 0.985678
14104: 0.985679
14105: 0.98568
14106: 0.985681
14107: 0.985682
14108: 0.985683
14109: 0.985684
14110: 0.985685
14111: 0.985686
14112: 0.985687
14113: 0.985688
14114: 0.985689
14115: 0.98569
14116: 0.985691
14117: 0.985692
14118: 0.985693
14119: 0.985694
14120: 0.985695
14121: 0.985696
14122: 0.985697
14123: 0.985698
14124: 0.985699
14125: 0.9857
14126: 0.985701
14127: 0.985702
14128: 0.985703
14129: 0.985704
14130: 0.985705
14131: 0.985706
14132: 0.985707
14133: 0.985708
14134: 0.985709
14135: 0.98571
14136: 0.985711
14137: 0.985712
14138: 0.985713
14139: 0.985714
14140: 0.985715
14141: 0.985716
14142: 0.985717
14143: 0.985718
14144: 0.985719
14145: 0.98572
14146: 0.985721
14147: 0.985722
14148: 0.985723
14149: 0.985724
14150: 0.985725
14151: 0.985726
14152: 0.985727
14153: 0.985728
14154: 0.985729
14155: 0.98573
14156: 0.985731
14157: 0.985732
14158: 0.985733
14159: 0.985734
14160: 0.985735
14161: 0.985736
14162: 0.985737
14163: 0.985738
14164: 0.985739
14165: 0.985741
14166: 0.985742
14167: 0.985743
14168: 0.985744
14169: 0.985745
14170: 0.985746
14171: 0.985747
14172: 0.985748
14173: 0.985749
14174: 0.98575
14175: 0.985751
14176: 0.985752
14177: 0.985753
14178: 0.985754
14179: 0.985755
14180: 0.985756
14181: 0.985757
14182: 0.985758
14183: 0.985759
14184: 0.98576
14185: 0.985761
14186: 0.985762
14187: 0.985763
14188: 0.985764
14189: 0.985765
14190: 0.985766
14191: 0.985767
14192: 0.985768
14193: 0.985769
14194: 0.98577
14195: 0.985771
14196: 0.985772
14197: 0.985773
14198: 0.985774
14199: 0.985775
14200: 0.985776
14201: 0.985777
14202: 0.985778
14203: 0.985779
14204: 0.98578
14205: 0.985781
14206: 0.985782
14207: 0.985783
14208: 0.985784
14209: 0.985785
14210: 0.985786
14211: 0.985787
14212: 0.985788
14213: 0.985789
14214: 0.98579
14215: 0.985791
14216: 0.985792
14217: 0.985793
14218: 0.985794
14219: 0.985795
14220: 0.985796
14221: 0.985797
14222: 0.985798
14223: 0.985799
14224: 0.9858
14225: 0.985801
14226: 0.985802
14227: 0.985803
14228: 0.985804
14229: 0.985805
14230: 0.985806
14231: 0.985807
14232: 0.985808
14233: 0.985809
14234: 0.98581
14235: 0.985811
14236: 0.985812
14237: 0.985813
14238: 0.985814
14239: 0.985815
14240: 0.985816
14241: 0.985817
14242: 0.985818
14243: 0.985819
14244: 0.98582
14245: 0.985821
14246: 0.985822
14247: 0.985823
14248: 0.985824
14249: 0.985825
14250: 0.985826
14251: 0.985827
14252: 0.985828
14253: 0.985829
14254: 0.98583
14255: 0.985831
14256: 0.985832
14257: 0.985833
14258: 0.985834
14259: 0.985835
14260: 0.985835
14261: 0.985836
14262: 0.985837
14263: 0.985838
14264: 0.985839
14265: 0.98584
14266: 0.985841
14267: 0.985842
14268: 0.985843
14269: 0.985844
14270: 0.985845
14271: 0.985846
14272: 0.985847
14273: 0.985848
14274: 0.985849
14275: 0.98585
14276: 0.985851
14277: 0.985852
14278: 0.985853
14279: 0.985854
14280: 0.985855
14281: 0.985856
14282: 0.985857
14283: 0.985858
14284: 0.985859
14285: 0.98586
14286: 0.985861
14287: 0.985862
14288: 0.985863
14289: 0.985864
14290: 0.985865
14291: 0.985866
14292: 0.985867
14293: 0.985868
14294: 0.985869
14295: 0.98587
14296: 0.985871
14297: 0.985872
14298: 0.985873
14299: 0.985874
14300: 0.985875
14301: 0.985876
14302: 0.985877
14303: 0.985878
14304: 0.985879
14305: 0.98588
14306: 0.985881
14307: 0.985882
14308: 0.985883
14309: 0.985884
14310: 0.985885
14311: 0.985886
14312: 0.985887
14313: 0.985888
14314: 0.985889
14315: 0.98589
14316: 0.985891
14317: 0.985892
14318: 0.985893
14319: 0.985894
14320: 0.985895
14321: 0.985896
14322: 0.985897
14323: 0.985898
14324: 0.985899
14325: 0.9859
14326: 0.985901
14327: 0.985902
14328: 0.985903
14329: 0.985904
14330: 0.985905
14331: 0.985906
14332: 0.985907
14333: 0.985908
14334: 0.985909
14335: 0.98591
14336: 0.985911
14337: 0.985912
14338: 0.985913
14339: 0.985914
14340: 0.985915
14341: 0.985915
14342: 0.985916
14343: 0.985917
14344: 0.985918
14345: 0.985919
14346: 0.98592
14347: 0.985921
14348: 0.985922
14349: 0.985923
14350: 0.985924
14351: 0.985925
14352: 0.985926
14353: 0.985927
14354: 0.985928
14355: 0.985929
14356: 0.98593
14357: 0.985931
14358: 0.985932
14359: 0.985933
14360: 0.985934
14361: 0.985935
14362: 0.985936
14363: 0.985937
14364: 0.985938
14365: 0.985939
14366: 0.98594
14367: 0.985941
14368: 0.985942
14369: 0.985943
14370: 0.985944
14371: 0.985875
14372: 0.985876
14373: 0.985877
14374: 0.985878
14375: 0.985879
14376: 0.98588
14377: 0.985881
14378: 0.985882
14379: 0.985883
14380: 0.985884
14381: 0.985885
14382: 0.985886
14383: 0.985887
14384: 0.985888
14385: 0.985889
14386: 0.98589
14387: 0.985891
14388: 0.985892
14389: 0.985893
14390: 0.985894
14391: 0.985895
14392: 0.985896
14393: 0.985897
14394: 0.985898
14395: 0.985899
14396: 0.9859
14397: 0.985901
14398: 0.985902
14399: 0.985903
14400: 0.985904
14401: 0.985905
14402: 0.985906
14403: 0.985907
14404: 0.985908
14405: 0.985909
14406: 0.98591
14407: 0.985911
14408: 0.985912
14409: 0.985913
14410: 0.985914
14411: 0.985915
14412: 0.985915
14413: 0.985916
14414: 0.985917
14415: 0.985918
14416: 0.985919
14417: 0.98592
14418: 0.985921
14419: 0.985922
14420: 0.985923
14421: 0.985924
14422: 0.985925
14423: 0.985926
14424: 0.985927
14425: 0.985928
14426: 0.985929
14427: 0.98593
14428: 0.985931
14429: 0.985932
14430: 0.985933
14431: 0.985934
14432: 0.985935
14433: 0.985936
14434: 0.985937
14435: 0.985938
14436: 0.985939
14437: 0.98594
14438: 0.985941
14439: 0.985942
14440: 0.985943
14441: 0.985944
14442: 0.985945
14443: 0.985946
14444: 0.985947
14445: 0.985948
14446: 0.985949
14447: 0.98595
14448: 0.985951
14449: 0.985952
14450: 0.985953
14451: 0.985954
14452: 0.985954
14453: 0.985955
14454: 0.985956
14455: 0.985957
14456: 0.985958
14457: 0.985959
14458: 0.98596
14459: 0.985961
14460: 0.985962
14461: 0.985963
14462: 0.985964
14463: 0.985965
14464: 0.985966
14465: 0.985967
14466: 0.985968
14467: 0.985969
14468: 0.98597
14469: 0.985971
14470: 0.985972
14471: 0.985973
14472: 0.985974
14473: 0.985975
14474: 0.985976
14475: 0.985977
14476: 0.985978
14477: 0.985979
14478: 0.98598
14479: 0.985981
14480: 0.985982
14481: 0.985983
14482: 0.985984
14483: 0.985985
14484: 0.985916
14485: 0.985917
14486: 0.985918
14487: 0.985919
14488: 0.98592
14489: 0.985921
14490: 0.985922
14491: 0.985923
14492: 0.985924
14493: 0.985925
14494: 0.985926
14495: 0.985927
14496: 0.985928
14497: 0.985929
14498: 0.98593
14499: 0.985931
14500: 0.985932
14501: 0.985933
14502: 0.985934
14503: 0.985935
14504: 0.985936
14505: 0.985937
14506: 0.985938
14507: 0.985939
14508: 0.98594
14509: 0.985941
14510: 0.985942
14511: 0.985943
14512: 0.985944
14513: 0.985945
14514: 0.985946
14515: 0.985947
14516: 0.985948
14517: 0.985948
14518: 0.985949
14519: 0.98595
14520: 0.985951
14521: 0.985952
14522: 0.985953
14523: 0.985954
14524: 0.985955
14525: 0.985956
14526: 0.985957
14527: 0.985958
14528: 0.985959
14529: 0.98596
14530: 0.985961
14531: 0.985962
14532: 0.985963
14533: 0.985964
14534: 0.985965
14535: 0.985966
14536: 0.985967
14537: 0.985968
14538: 0.985969
14539: 0.98597
14540: 0.985971
14541: 0.985972
14542: 0.985973
14543: 0.985974
14544: 0.985975
14545: 0.985976
14546: 0.985976
14547: 0.985977
14548: 0.985978
14549: 0.985979
14550: 0.98598
14551: 0.985981
14552: 0.985982
14553: 0.985983
14554: 0.985984
14555: 0.985985
14556: 0.985986
14557: 0.985987
14558: 0.985988
14559: 0.985989
14560: 0.98599
14561: 0.985991
14562: 0.985992
14563: 0.985993
14564: 0.985994
14565: 0.985995
14566: 0.985996
14567: 0.985997
14568: 0.985998
14569: 0.985999
14570: 0.986
14571: 0.986001
14572: 0.986002
14573: 0.986002
14574: 0.986003
14575: 0.986004
14576: 0.986005
14577: 0.986006
14578: 0.986007
14579: 0.986008
14580: 0.986009
14581: 0.98601
14582: 0.986011
14583: 0.986012
14584: 0.986013
14585: 0.986014
14586: 0.986015
14587: 0.986016
14588: 0.986017
14589: 0.986018
14590: 0.986019
14591: 0.98602
14592: 0.986021
14593: 0.986022
14594: 0.986023
14595: 0.986024
14596: 0.986025
14597: 0.986025
14598: 0.986026
14599: 0.986027
14600: 0.986028
14601: 0.986029
14602: 0.98603
14603: 0.986031
14604: 0.986032
14605: 0.986033
14606: 0.986034
14607: 0.986035
14608: 0.986036
14609: 0.986037
14610: 0.986038
14611: 0.986039
14612: 0.98604
14613: 0.986041
14614: 0.986042
14615: 0.986043
14616: 0.986044
14617: 0.986045
14618: 0.986046
14619: 0.986047
14620: 0.986047
14621: 0.986048
14622: 0.986049
14623: 0.98605
14624: 0.986051
14625: 0.986052
14626: 0.986053
14627: 0.986054
14628: 0.986055
14629: 0.986056
14630: 0.986057
14631: 0.986058
14632: 0.986059
14633: 0.98606
14634: 0.986061
14635: 0.986062
14636: 0.986063
14637: 0.986064
14638: 0.986065
14639: 0.986066
14640: 0.986067
14641: 0.986067
14642: 0.986068
14643: 0.986069
14644: 0.98607
14645: 0.986071
14646: 0.986072
14647: 0.986073
14648: 0.986074
14649: 0.986075
14650: 0.986076
14651: 0.986077
14652: 0.986078
14653: 0.986079
14654: 0.98608
14655: 0.986081
14656: 0.986082
14657: 0.986083
14658: 0.986084
14659: 0.986085
14660: 0.986086
14661: 0.986086
14662: 0.986087
14663: 0.986088
14664: 0.986089
14665: 0.98609
14666: 0.986091
14667: 0.986092
14668: 0.986093
14669: 0.986094
14670: 0.986095
14671: 0.986096
14672: 0.986097
14673: 0.986098
14674: 0.986099
14675: 0.9861
14676: 0.986101
14677: 0.986102
14678: 0.986103
14679: 0.986104
14680: 0.986104
14681: 0.986105
14682: 0.986106
14683: 0.986107
14684: 0.986108
14685: 0.986109
14686: 0.98611
14687: 0.986111
14688: 0.986112
14689: 0.986113
14690: 0.986114
14691: 0.986115
14692: 0.986116
14693: 0.986117
14694: 0.986118
14695: 0.986119
14696: 0.98612
14697: 0.986121
14698: 0.986122
14699: 0.986122
14700: 0.986123
14701: 0.986124
14702: 0.986125
14703: 0.986126
14704: 0.986127
14705: 0.986128
14706: 0.986129
14707: 0.98613
14708: 0.986131
14709: 0.986132
14710: 0.986133
14711: 0.986134
14712: 0.986135
14713: 0.986136
14714: 0.986137
14715: 0.986138
14716: 0.986138
14717: 0.986139
14718: 0.98614
14719: 0.986141
14720: 0.986142
14721: 0.986143
14722: 0.986144
14723: 0.986145
14724: 0.986146
14725: 0.986147
14726: 0.986148
14727: 0.986149
14728: 0.98615
14729: 0.986151
14730: 0.986152
14731: 0.986153
14732: 0.986154
14733: 0.986154
14734: 0.986155
14735: 0.986156
14736: 0.986157
14737: 0.986158
14738: 0.986159
14739: 0.98616
14740: 0.986161
14741: 0.986162
14742: 0.986163
14743: 0.986164
14744: 0.986165
14745: 0.986166
14746: 0.986167
14747: 0.986168
14748: 0.986169
14749: 0.986169
14750: 0.98617
14751: 0.986171
14752: 0.986172
14753: 0.986173
14754: 0.986174
14755: 0.986175
14756: 0.986176
14757: 0.986177
14758: 0.986178
14759: 0.986179
14760: 0.98618
14761: 0.986181
14762: 0.986182
14763: 0.986183
14764: 0.986184
14765: 0.986184
14766: 0.986185
14767: 0.986186
14768: 0.986187
14769: 0.986188
14770: 0.986189
14771: 0.98619
14772: 0.986191
14773: 0.986192
14774: 0.986193
14775: 0.986194
14776: 0.986195
14777: 0.986196
14778: 0.986197
14779: 0.986198
14780: 0.986198
14781: 0.986199
14782: 0.9862
14783: 0.986201
14784: 0.986202
14785: 0.986203
14786: 0.986204
14787: 0.986205
14788: 0.986206
14789: 0.986207
14790: 0.986208
14791: 0.986209
14792: 0.98621
14793: 0.986211
14794: 0.986212
14795: 0.986212
14796: 0.986213
14797: 0.986214
14798: 0.986215
14799: 0.986216
14800: 0.986217
14801: 0.986218
14802: 0.986219
14803: 0.98622
14804: 0.986221
14805: 0.986222
14806: 0.986223
14807: 0.986224
14808: 0.986225
14809: 0.986226
14810: 0.986226
14811: 0.986227
14812: 0.986228
14813: 0.986229
14814: 0.98623
14815: 0.986231
14816: 0.986232
14817: 0.986233
14818: 0.986234
14819: 0.986235
14820: 0.986236
14821: 0.986237
14822: 0.986238
14823: 0.986239
14824: 0.986239
14825: 0.98624
14826: 0.986241
14827: 0.986242
14828: 0.986243
14829: 0.986244
14830: 0.986245
14831: 0.986246
14832: 0.986247
14833: 0.986248
14834: 0.986249
14835: 0.98625
14836: 0.986251
14837: 0.986252
14838: 0.986252
14839: 0.986253
14840: 0.986254
14841: 0.986255
14842: 0.986256
14843: 0.986257
14844: 0.986258
14845: 0.986259
14846: 0.98626
14847: 0.986261
14848: 0.986262
14849: 0.986263
14850: 0.986264
14851: 0.986264
14852: 0.986265
14853: 0.986266
14854: 0.986267
14855: 0.986268
14856: 0.986269
14857: 0.98627
14858: 0.986271
14859: 0.986272
14860: 0.986273
14861: 0.986274
14862: 0.986275
14863: 0.986276
14864: 0.986276
14865: 0.986277
14866: 0.986278
14867: 0.986279
14868: 0.98628
14869: 0.986281
14870: 0.986282
14871: 0.986283
14872: 0.986284
14873: 0.986285
14874: 0.986286
14875: 0.986287
14876: 0.986288
14877: 0.986288
14878: 0.986289
14879: 0.98629
14880: 0.986291
14881: 0.986292
14882: 0.986293
14883: 0.986294
14884: 0.986295
14885: 0.986296
14886: 0.986297
14887: 0.986298
14888: 0.986299
14889: 0.9863
14890: 0.9863
14891: 0.986301
14892: 0.986302
14893: 0.986303
14894: 0.986304
14895: 0.986305
14896: 0.986306
14897: 0.986307
14898: 0.986308
14899: 0.986309
14900: 0.98631
14901: 0.986311
14902: 0.986311
14903: 0.986312
14904: 0.986313
14905: 0.986314
14906: 0.986315
14907: 0.986316
14908: 0.986317
14909: 0.986318
14910: 0.986319
14911: 0.98632
14912: 0.986321
14913: 0.986322
14914: 0.986322
14915: 0.986323
14916: 0.986324
14917: 0.986325
14918: 0.986326
14919: 0.986327
14920: 0.986328
14921: 0.986329
14922: 0.98633
14923: 0.986331
14924: 0.986332
14925: 0.986333
14926: 0.986333
14927: 0.986334
14928: 0.986335
14929: 0.986336
14930: 0.986337
14931: 0.986338
14932: 0.986339
14933: 0.98634
14934: 0.986341
14935: 0.986342
14936: 0.986343
14937: 0.986344
14938: 0.986344
14939: 0.986345
14940: 0.986346
14941: 0.986347
14942: 0.986348
14943: 0.986349
14944: 0.98635
14945: 0.986351
14946: 0.986352
14947: 0.986353
14948: 0.986354
14949: 0.986355
14950: 0.986355
14951: 0.986356
14952: 0.986357
14953: 0.986358
14954: 0.986359
14955: 0.98636
14956: 0.986361
14957: 0.986362
14958: 0.986363
14959: 0.986364
14960: 0.986365
14961: 0.986365
14962: 0.986366
14963: 0.986367
14964: 0.986368
14965: 0.986369
14966: 0.98637
14967: 0.986371
14968: 0.986372
14969: 0.986373
14970: 0.986374
14971: 0.986375
14972: 0.986375
14973: 0.986376
14974: 0.986377
14975: 0.986378
14976: 0.986379
14977: 0.98638
14978: 0.986381
14979: 0.986382
14980: 0.986383
14981: 0.986384
14982: 0.986385
14983: 0.986385
14984: 0.986386
14985: 0.986387
14986: 0.986388
14987: 0.986389
14988: 0.98639
14989: 0.986391
14990: 0.986392
14991: 0.986393
14992: 0.986394
14993: 0.986395
14994: 0.986395
14995: 0.986396
14996: 0.986397
14997: 0.986398
14998: 0.986399
14999: 0.9864
15000: 0.986401
15001: 0.986402
15002: 0.986403
15003: 0.986404
15004: 0.986405
15005: 0.986405
15006: 0.986406
15007: 0.986407
15008: 0.986408
15009: 0.986409
15010: 0.98641
15011: 0.986411
15012: 0.986412
15013: 0.986413
15014: 0.986414
15015: 0.986414
15016: 0.986415
15017: 0.986416
15018: 0.986417
15019: 0.986418
15020: 0.986419
15021: 0.98642
15022: 0.986421
15023: 0.986422
15024: 0.986423
15025: 0.986424
15026: 0.986424
15027: 0.986425
15028: 0.986426
15029: 0.986427
15030: 0.986428
15031: 0.986429
15032: 0.98643
15033: 0.986431
15034: 0.986432
15035: 0.986433
15036: 0.986433
15037: 0.986434
15038: 0.986435
15039: 0.986436
15040: 0.986437
15041: 0.986438
15042: 0.986439
15043: 0.98644
15044: 0.986441
15045: 0.986442
15046: 0.986442
15047: 0.986443
15048: 0.986444
15049: 0.986445
15050: 0.986446
15051: 0.986447
15052: 0.986448
15053: 0.986449
15054: 0.98645
15055: 0.986451
15056: 0.986451
15057: 0.986452
15058: 0.986453
15059: 0.986454
15060: 0.986455
15061: 0.986456
15062: 0.986457
15063: 0.986458
15064: 0.986459
15065: 0.98646
15066: 0.98646
15067: 0.986461
15068: 0.986462
15069: 0.986463
15070: 0.986464
15071: 0.986465
15072: 0.986466
15073: 0.986467
15074: 0.986468
15075: 0.986469
15076: 0.986469
15077: 0.98647
15078: 0.986471
15079: 0.986472
15080: 0.986473
15081: 0.986474
15082: 0.986475
15083: 0.986476
15084: 0.986477
15085: 0.986478
15086: 0.986478
15087: 0.986479
15088: 0.98648
15089: 0.986481
15090: 0.986482
15091: 0.986483
15092: 0.986484
15093: 0.986485
15094: 0.986486
15095: 0.986486
15096: 0.986487
15097: 0.986488
15098: 0.986489
15099: 0.98649
15100: 0.986491
15101: 0.986492
15102: 0.986493
15103: 0.986494
15104: 0.986495
15105: 0.986495
15106: 0.986496
15107: 0.986497
15108: 0.986498
15109: 0.986499
15110: 0.9865
15111: 0.986501
15112: 0.986502
15113: 0.986503
15114: 0.986503
15115: 0.986504
15116: 0.986505
15117: 0.986506
15118: 0.986507
15119: 0.986508
15120: 0.986509
15121: 0.98651
15122: 0.986511
15123: 0.986512
15124: 0.986512
15125: 0.986513
15126: 0.986514
15127: 0.986515
15128: 0.986516
15129: 0.986517
15130: 0.986518
15131: 0.986519
15132: 0.98652
15133: 0.98652
15134: 0.986521
15135: 0.986522
15136: 0.986523
15137: 0.986524
15138: 0.986525
15139: 0.986526
15140: 0.986527
15141: 0.986528
15142: 0.986528
15143: 0.986529
15144: 0.98653
15145: 0.986531
15146: 0.986532
15147: 0.986533
15148: 0.986534
15149: 0.986535
15150: 0.986536
15151: 0.986536
15152: 0.986537
15153: 0.986538
15154: 0.986539
15155: 0.98654
15156: 0.986541
15157: 0.986542
15158: 0.986543
15159: 0.986544
15160: 0.986544
15161: 0.986545
15162: 0.986546
15163: 0.986547
15164: 0.986548
15165: 0.986549
15166: 0.98655
15167: 0.986551
15168: 0.986552
15169: 0.986552
15170: 0.986553
15171: 0.986554
15172: 0.986555
15173: 0.986556
15174: 0.986557
15175: 0.986558
15176: 0.986559
15177: 0.986559
15178: 0.98656
15179: 0.986561
15180: 0.986562
15181: 0.986563
15182: 0.986564
15183: 0.986565
15184: 0.986566
15185: 0.986567
15186: 0.986567
15187: 0.986568
15188: 0.986569
15189: 0.98657
15190: 0.986571
15191: 0.986572
15192: 0.986573
15193: 0.986574
15194: 0.986575
15195: 0.986575
15196: 0.986576
15197: 0.986577
15198: 0.986578
15199: 0.986579
15200: 0.98658
15201: 0.986581
15202: 0.986582
15203: 0.986582
15204: 0.986583
15205: 0.986584
15206: 0.986585
15207: 0.986586
15208: 0.986587
15209: 0.986588
15210: 0.986589
15211: 0.98659
15212: 0.98659
15213: 0.986591
15214: 0.986592
15215: 0.986593
15216: 0.986594
15217: 0.986595
15218: 0.986596
15219: 0.986597
15220: 0.986597
15221: 0.986598
15222: 0.986599
15223: 0.9866
15224: 0.986601
15225: 0.986602
15226: 0.986603
15227: 0.986604
15228: 0.986605
15229: 0.986605
15230: 0.986606
15231: 0.986607
15232: 0.986608
15233: 0.986609
15234: 0.98661
15235: 0.986611
15236: 0.986612
15237: 0.986612
15238: 0.986613
15239: 0.986614
15240: 0.986615
15241: 0.986616
15242: 0.986617
15243: 0.986618
15244: 0.986619
15245: 0.986619
15246: 0.98662
15247: 0.986621
15248: 0.986622
15249: 0.986623
15250: 0.986624
15251: 0.986625
15252: 0.986626
15253: 0.986626
15254: 0.986627
15255: 0.986628
15256: 0.986629
15257: 0.98663
15258: 0.986631
15259: 0.986632
15260: 0.986633
15261: 0.986633
15262: 0.986634
15263: 0.986635
15264: 0.986636
15265: 0.986637
15266: 0.986638
15267: 0.986639
15268: 0.98664
15269: 0.98664
15270: 0.986641
15271: 0.986642
15272: 0.986643
15273: 0.986644
15274: 0.986645
15275: 0.986646
15276: 0.986647
15277: 0.986647
15278: 0.986648
15279: 0.986649
15280: 0.986585
15281: 0.986586
15282: 0.986586
15283: 0.986587
15284: 0.986588
15285: 0.986589
15286: 0.98659
15287: 0.986591
15288: 0.986592
15289: 0.986593
15290: 0.986593
15291: 0.986594
15292: 0.986595
15293: 0.986596
15294: 0.986597
15295: 0.986598
15296: 0.986599
15297: 0.9866
15298: 0.9866
15299: 0.986601
15300: 0.986602
15301: 0.986603
15302: 0.986604
15303: 0.986605
15304: 0.986606
15305: 0.986607
15306: 0.986607
15307: 0.986608
15308: 0.986609
15309: 0.98661
15310: 0.986611
15311: 0.986612
15312: 0.986613
15313: 0.986614
15314: 0.986614
15315: 0.986615
15316: 0.986616
15317: 0.986617
15318: 0.986618
15319: 0.986619
15320: 0.98662
15321: 0.986621
15322: 0.986621
15323: 0.986622
15324: 0.986623
15325: 0.986624
15326: 0.986625
15327: 0.986626
15328: 0.986627
15329: 0.986628
15330: 0.986628
15331: 0.986629
15332: 0.98663
15333: 0.986631
15334: 0.986632
15335: 0.986633
15336: 0.986634
15337: 0.986635
15338: 0.98657
15339: 0.986506
15340: 0.986507
15341: 0.986508
15342: 0.986509
15343: 0.986509
15344: 0.98651
15345: 0.986511
15346: 0.986512
15347: 0.986513
15348: 0.986514
15349: 0.986515
15350: 0.986516
15351: 0.986516
15352: 0.986517
15353: 0.986518
15354: 0.986519
15355: 0.98652
15356: 0.986521
15357: 0.986522
15358: 0.986523
15359: 0.986523
15360: 0.986524
15361: 0.986525
15362: 0.986526
15363: 0.986527
15364: 0.986528
15365: 0.986529
15366: 0.98653
15367: 0.98653
15368: 0.986531
15369: 0.986532
15370: 0.986533
15371: 0.986534
15372: 0.986535
15373: 0.986536
15374: 0.986537
15375: 0.986537
15376: 0.986538
15377: 0.986539
15378: 0.98654
15379: 0.986541
15380: 0.986542
15381: 0.986543
15382: 0.986544
15383: 0.986544
15384: 0.986545
15385: 0.986546
15386: 0.986547
15387: 0.986548
15388: 0.986549
15389: 0.986485
15390: 0.986486
15391: 0.986486
15392: 0.986487
15393: 0.986488
15394: 0.986489
15395: 0.98649
15396: 0.986491
15397: 0.986492
15398: 0.986493
15399: 0.986494
15400: 0.986494
15401: 0.986495
15402: 0.986496
15403: 0.986497
15404: 0.986498
15405: 0.986499
15406: 0.9865
15407: 0.986501
15408: 0.986501
15409: 0.986502
15410: 0.986503
15411: 0.986504
15412: 0.986505
15413: 0.986506
15414: 0.986507
15415: 0.986508
15416: 0.986508
15417: 0.986509
15418: 0.98651
15419: 0.986511
15420: 0.986512
15421: 0.986513
15422: 0.986514
15423: 0.986515
15424: 0.986515
15425: 0.986516
15426: 0.986452
15427: 0.986453
15428: 0.986454
15429: 0.986455
15430: 0.986456
15431: 0.986457
15432: 0.986458
15433: 0.986458
15434: 0.986459
15435: 0.98646
15436: 0.986461
15437: 0.986462
15438: 0.986463
15439: 0.986464
15440: 0.986465
15441: 0.986465
15442: 0.986466
15443: 0.986467
15444: 0.986468
15445: 0.986469
15446: 0.98647
15447: 0.986471
15448: 0.986472
15449: 0.986472
15450: 0.986473
15451: 0.986474
15452: 0.986475
15453: 0.986476
15454: 0.986477
15455: 0.986478
15456: 0.986479
15457: 0.986479
15458: 0.98648
15459: 0.986481
15460: 0.986482
15461: 0.986483
15462: 0.986484
15463: 0.986485
15464: 0.986486
15465: 0.986486
15466: 0.986487
15467: 0.986488
15468: 0.986489
15469: 0.98649
15470: 0.986491
15471: 0.986492
15472: 0.986493
15473: 0.986493
15474: 0.986494
15475: 0.986495
15476: 0.986496
15477: 0.986497
15478: 0.986498
15479: 0.986499
15480: 0.9865
15481: 0.9865
15482: 0.986501
15483: 0.986502
15484: 0.986503
15485: 0.986504
15486: 0.986505
15487: 0.986506
15488: 0.986507
15489: 0.986507
15490: 0.986508
15491: 0.986509
15492: 0.98651
15493: 0.986511
15494: 0.986512
15495: 0.986513
15496: 0.986514
15497: 0.986514
15498: 0.986515
15499: 0.986516
15500: 0.986517
15501: 0.986518
15502: 0.986519
15503: 0.98652
15504: 0.98652
15505: 0.986521
15506: 0.986522
15507: 0.986523
15508: 0.986524
15509: 0.986525
15510: 0.986526
15511: 0.986527
15512: 0.986527
15513: 0.986528
15514: 0.986529
15515: 0.98653
15516: 0.986531
15517: 0.986532
15518: 0.986533
15519: 0.986534
15520: 0.986534
15521: 0.986535
15522: 0.986536
15523: 0.986537
15524: 0.986538
15525: 0.986539
15526: 0.98654
15527: 0.98654
15528: 0.986541
15529: 0.986542
15530: 0.986543
15531: 0.986544
15532: 0.986545
15533: 0.986546
15534: 0.986547
15535: 0.986547
15536: 0.986548
15537: 0.986549
15538: 0.98655
15539: 0.986551
15540: 0.986552
15541: 0.986488
15542: 0.986489
15543: 0.98649
15544: 0.986491
15545: 0.986492
15546: 0.986493
15547: 0.986493
15548: 0.986494
15549: 0.986495
15550: 0.986496
15551: 0.986497
15552: 0.986498
15553: 0.986499
15554: 0.9865
15555: 0.9865
15556: 0.986501
15557: 0.986502
15558: 0.986503
15559: 0.986504
15560: 0.986505
15561: 0.986506
15562: 0.986506
15563: 0.986507
15564: 0.986508
15565: 0.986509
15566: 0.98651
15567: 0.986511
15568: 0.986512
15569: 0.986513
15570: 0.986513
15571: 0.986514
15572: 0.986515
15573: 0.986516
15574: 0.986517
15575: 0.986518
15576: 0.986519
15577: 0.986519
15578: 0.98652
15579: 0.986521
15580: 0.986522
15581: 0.986523
15582: 0.986524
15583: 0.986525
15584: 0.986526
15585: 0.986526
15586: 0.986527
15587: 0.986528
15588: 0.986529
15589: 0.98653
15590: 0.986531
15591: 0.986532
15592: 0.986532
15593: 0.986533
15594: 0.986534
15595: 0.986535
15596: 0.986536
15597: 0.986537
15598: 0.986538
15599: 0.986538
15600: 0.986539
15601: 0.98654
15602: 0.986541
15603: 0.986542
15604: 0.986543
15605: 0.986544
15606: 0.986544
15607: 0.986545
15608: 0.986546
15609: 0.986547
15610: 0.986548
15611: 0.986549
15612: 0.98655
15613: 0.986551
15614: 0.986551
15615: 0.986552
15616: 0.986553
15617: 0.986554
15618: 0.986555
15619: 0.986556
15620: 0.986557
15621: 0.986557
15622: 0.986558
15623: 0.986559
15624: 0.98656
15625: 0.986497
15626: 0.986498
15627: 0.986499
15628: 0.986499
15629: 0.9865
15630: 0.986501
15631: 0.986502
15632: 0.986503
15633: 0.986504
15634: 0.986505
15635: 0.986506
15636: 0.986506
15637: 0.986507
15638: 0.986508
15639: 0.986509
15640: 0.98651
15641: 0.986511
15642: 0.986512
15643: 0.986512
15644: 0.986513
15645: 0.986514
15646: 0.986515
15647: 0.986516
15648: 0.986517
15649: 0.986518
15650: 0.986518
15651: 0.986519
15652: 0.98652
15653: 0.986521
15654: 0.986522
15655: 0.986523
15656: 0.986524
15657: 0.986524
15658: 0.986525
15659: 0.986526
15660: 0.986527
15661: 0.986528
15662: 0.986529
15663: 0.98653
15664: 0.98653
15665: 0.986531
15666: 0.986532
15667: 0.986533
15668: 0.986534
15669: 0.986535
15670: 0.986536
15671: 0.986536
15672: 0.986537
15673: 0.986538
15674: 0.986539
15675: 0.98654
15676: 0.986541
15677: 0.986542
15678: 0.986543
15679: 0.986543
15680: 0.986544
15681: 0.986545
15682: 0.986546
15683: 0.986547
15684: 0.986548
15685: 0.986549
15686: 0.986549
15687: 0.98655
15688: 0.986551
15689: 0.986552
15690: 0.986553
15691: 0.986554
15692: 0.986555
15693: 0.986555
15694: 0.986556
15695: 0.986557
15696: 0.986558
15697: 0.986559
15698: 0.98656
15699: 0.986561
15700: 0.986561
15701: 0.986562
15702: 0.986563
15703: 0.986564
15704: 0.986565
15705: 0.986566
15706: 0.986566
15707: 0.986567
15708: 0.986568
15709: 0.986569
15710: 0.98657
15711: 0.986571
15712: 0.986572
15713: 0.986572
15714: 0.986573
15715: 0.986574
15716: 0.986575
15717: 0.986576
15718: 0.986577
15719: 0.986578
15720: 0.986578
15721: 0.986579
15722: 0.98658
15723: 0.986581
15724: 0.986582
15725: 0.986583
15726: 0.986584
15727: 0.986584
15728: 0.986585
15729: 0.986586
15730: 0.986587
15731: 0.986588
15732: 0.986589
15733: 0.98659
15734: 0.98659
15735: 0.986591
15736: 0.986592
15737: 0.986593
15738: 0.986594
15739: 0.986595
15740: 0.986596
15741: 0.986596
15742: 0.986597
15743: 0.986598
15744: 0.986599
15745: 0.9866
15746: 0.986601
15747: 0.986601
15748: 0.986602
15749: 0.986603
15750: 0.986604
15751: 0.986605
15752: 0.986606
15753: 0.986607
15754: 0.986607
15755: 0.986608
15756: 0.986609
15757: 0.98661
15758: 0.986611
15759: 0.986612
15760: 0.986613
15761: 0.986613
15762: 0.986614
15763: 0.986615
15764: 0.986616
15765: 0.986617
15766: 0.986618
15767: 0.986618
15768: 0.986619
15769: 0.98662
15770: 0.986621
15771: 0.986622
15772: 0.986623
15773: 0.986624
15774: 0.986624
15775: 0.986625
15776: 0.986626
15777: 0.986627
15778: 0.986628
15779: 0.986629
15780: 0.986629
15781: 0.98663
15782: 0.986631
15783: 0.986632
15784: 0.986633
15785: 0.986634
15786: 0.986635
15787: 0.986635
15788: 0.986636
15789: 0.986637
15790: 0.986638
15791: 0.986639
15792: 0.98664
15793: 0.98664
15794: 0.986641
15795: 0.986642
15796: 0.986643
15797: 0.986644
15798: 0.986645
15799: 0.986646
15800: 0.986646
15801: 0.986647
15802: 0.986648
15803: 0.986649
15804: 0.98665
15805: 0.986651
15806: 0.986651
15807: 0.986652
15808: 0.986653
15809: 0.986654
15810: 0.986655
15811: 0.986656
15812: 0.986657
15813: 0.986657
15814: 0.986658
15815: 0.986659
15816: 0.98666
15817: 0.986661
15818: 0.986662
15819: 0.986662
15820: 0.986663
15821: 0.986664
15822: 0.986665
15823: 0.986666
15824: 0.986667
15825: 0.986668
15826: 0.986668
15827: 0.986669
15828: 0.98667
15829: 0.986671
15830: 0.986672
15831: 0.986673
15832: 0.986673
15833: 0.986674
15834: 0.986675
15835: 0.986676
15836: 0.986677
15837: 0.986678
15838: 0.986678
15839: 0.986679
15840: 0.98668
15841: 0.986681
15842: 0.986682
15843: 0.986683
15844: 0.986683
15845: 0.986684
15846: 0.986685
15847: 0.986686
15848: 0.986687
15849: 0.986688
15850: 0.986689
15851: 0.986689
15852: 0.98669
15853: 0.986691
15854: 0.986692
15855: 0.986693
15856: 0.986694
15857: 0.986694
15858: 0.986695
15859: 0.986696
15860: 0.986697
15861: 0.986698
15862: 0.986699
15863: 0.986699
15864: 0.9867
15865: 0.986701
15866: 0.986702
15867: 0.986703
15868: 0.986704
15869: 0.986704
15870: 0.986705
15871: 0.986706
15872: 0.986707
15873: 0.986708
15874: 0.986709
15875: 0.986709
15876: 0.98671
15877: 0.986711
15878: 0.986712
15879: 0.986713
15880: 0.986714
15881: 0.986715
15882: 0.986715
15883: 0.986716
15884: 0.986717
15885: 0.986718
15886: 0.986719
15887: 0.98672
15888: 0.98672
15889: 0.986721
15890: 0.986722
15891: 0.986723
15892: 0.986724
15893: 0.986725
15894: 0.986725
15895: 0.986726
15896: 0.986727
15897: 0.986728
15898: 0.986729
15899: 0.98673
15900: 0.98673
15901: 0.986731
15902: 0.986732
15903: 0.986733
15904: 0.986734
15905: 0.986735
15906: 0.986735
15907: 0.986736
15908: 0.986737
15909: 0.986738
15910: 0.986739
15911: 0.98674
15912: 0.98674
15913: 0.986741
15914: 0.986742
15915: 0.986743
15916: 0.986744
15917: 0.986745
15918: 0.986745
15919: 0.986746
15920: 0.986747
15921: 0.986748
15922: 0.986749
15923: 0.98675
15924: 0.98675
15925: 0.986751
15926: 0.986752
15927: 0.986753
15928: 0.986754
15929: 0.986755
15930: 0.986755
15931: 0.986756
15932: 0.986757
15933: 0.986758
15934: 0.986759
15935: 0.98676
15936: 0.98676
15937: 0.986761
15938: 0.986762
15939: 0.986763
15940: 0.986764
15941: 0.986765
15942: 0.986765
15943: 0.986766
15944: 0.986767
15945: 0.986768
15946: 0.986769
15947: 0.98677
15948: 0.98677
15949: 0.986771
15950: 0.986772
15951: 0.986773
15952: 0.986774
15953: 0.986774
15954: 0.986775
15955: 0.986776
15956: 0.986777
15957: 0.986778
15958: 0.986779
15959: 0.986779
15960: 0.98678
15961: 0.986781
15962: 0.986782
15963: 0.986783
15964: 0.986784
15965: 0.986784
15966: 0.986785
15967: 0.986786
15968: 0.986787
15969: 0.986788
15970: 0.986789
15971: 0.986789
15972: 0.98679
15973: 0.986791
15974: 0.986792
15975: 0.986793
15976: 0.986794
15977: 0.986794
15978: 0.986795
15979: 0.986796
15980: 0.986797
15981: 0.986798
15982: 0.986798
15983: 0.986799
15984: 0.9868
15985: 0.986801
15986: 0.986802
15987: 0.986803
15988: 0.986803
15989: 0.986804
15990: 0.986805
15991: 0.986806
15992: 0.986807
15993: 0.986808
15994: 0.986808
15995: 0.986809
15996: 0.98681
15997: 0.986811
15998: 0.986812
15999: 0.986812
16000: 0.986813
16001: 0.986814
16002: 0.986815
16003: 0.986816
16004: 0.986817
16005: 0.986817
16006: 0.986818
16007: 0.986819
16008: 0.98682
16009: 0.986821
16010: 0.986822
16011: 0.986822
16012: 0.986823
16013: 0.986824
16014: 0.986825
16015: 0.986826
16016: 0.986826
16017: 0.986827
16018: 0.986828
16019: 0.986829
16020: 0.98683
16021: 0.986831
16022: 0.986831
16023: 0.986832
16024: 0.986833
16025: 0.986834
16026: 0.986835
16027: 0.986836
16028: 0.986836
16029: 0.986837
16030: 0.986838
16031: 0.986839
16032: 0.98684
16033: 0.98684
16034: 0.986841
16035: 0.986842
16036: 0.986843
16037: 0.986844
16038: 0.986845
16039: 0.986845
16040: 0.986846
16041: 0.986847
16042: 0.986848
16043: 0.986849
16044: 0.986849
16045: 0.98685
16046: 0.986851
16047: 0.986852
16048: 0.986853
16049: 0.986854
16050: 0.986854
16051: 0.986855
16052: 0.986856
16053: 0.986857
16054: 0.986858
16055: 0.986858
16056: 0.986859
16057: 0.98686
16058: 0.986861
16059: 0.986862
16060: 0.986863
16061: 0.986863
16062: 0.986864
16063: 0.986865
16064: 0.986866
16065: 0.986867
16066: 0.986867
16067: 0.986868
16068: 0.986869
16069: 0.98687
16070: 0.986871
16071: 0.986872
16072: 0.98681
16073: 0.986811
16074: 0.986812
16075: 0.986813
16076: 0.986813
16077: 0.986814
16078: 0.986815
16079: 0.986816
16080: 0.986817
16081: 0.986818
16082: 0.986818
16083: 0.986819
16084: 0.98682
16085: 0.986821
16086: 0.986822
16087: 0.986822
16088: 0.986823
16089: 0.986824
16090: 0.986825
16091: 0.986826
16092: 0.986827
16093: 0.986827
16094: 0.986828
16095: 0.986829
16096: 0.98683
16097: 0.986831
16098: 0.986831
16099: 0.986832
16100: 0.986833
16101: 0.986834
16102: 0.986835
16103: 0.986836
16104: 0.986836
16105: 0.986837
16106: 0.986838
16107: 0.986839
16108: 0.98684
16109: 0.98684
16110: 0.986841
16111: 0.986842
16112: 0.986843
16113: 0.986844
16114: 0.986845
16115: 0.986845
16116: 0.986846
16117: 0.986847
16118: 0.986848
16119: 0.986849
16120: 0.986849
16121: 0.98685
16122: 0.986851
16123: 0.986852
16124: 0.986853
16125: 0.986854
16126: 0.986854
16127: 0.986855
16128: 0.986856
16129: 0.986857
16130: 0.986858
16131: 0.986858
16132: 0.986859
16133: 0.98686
16134: 0.986861
16135: 0.986862
16136: 0.986862
16137: 0.986863
16138: 0.986864
16139: 0.986865
16140: 0.986866
16141: 0.986867
16142: 0.986867
16143: 0.986868
16144: 0.986869
16145: 0.98687
16146: 0.986871
16147: 0.986871
16148: 0.986872
16149: 0.986873
16150: 0.986874
16151: 0.986875
16152: 0.986876
16153: 0.986876
16154: 0.986877
16155: 0.986878
16156: 0.986879
16157: 0.98688
16158: 0.98688
16159: 0.986881
16160: 0.986882
16161: 0.986883
16162: 0.986884
16163: 0.986884
16164: 0.986885
16165: 0.986886
16166: 0.986887
16167: 0.986888
16168: 0.986888
16169: 0.986889
16170: 0.98689
16171: 0.986891
16172: 0.986892
16173: 0.986893
16174: 0.986893
16175: 0.986894
16176: 0.986895
16177: 0.986896
16178: 0.986897
16179: 0.986897
16180: 0.986898
16181: 0.986899
16182: 0.9869
16183: 0.986901
16184: 0.986901
16185: 0.986902
16186: 0.986903
16187: 0.986904
16188: 0.986905
16189: 0.986905
16190: 0.986906
16191: 0.986907
16192: 0.986908
16193: 0.986909
16194: 0.98691
16195: 0.98691
16196: 0.986911
16197: 0.986912
16198: 0.986913
16199: 0.986914
16200: 0.986914
16201: 0.986915
16202: 0.986916
16203: 0.986917
16204: 0.986918
16205: 0.986918
16206: 0.986919
16207: 0.98692
16208: 0.986921
16209: 0.986922
16210: 0.986922
16211: 0.986923
16212: 0.986924
16213: 0.986925
16214: 0.986926
16215: 0.986926
16216: 0.986927
16217: 0.986928
16218: 0.986929
16219: 0.98693
16220: 0.986931
16221: 0.986931
16222: 0.986932
16223: 0.986933
16224: 0.986934
16225: 0.986935
16226: 0.986935
16227: 0.986936
16228: 0.986937
16229: 0.986938
16230: 0.986939
16231: 0.986939
16232: 0.98694
16233: 0.986941
16234: 0.986942
16235: 0.986943
16236: 0.986943
16237: 0.986944
16238: 0.986945
16239: 0.986946
16240: 0.986947
16241: 0.986947
16242: 0.986887
16243: 0.986887
16244: 0.986888
16245: 0.986889
16246: 0.98689
16247: 0.986891
16248: 0.986892
16249: 0.986892
16250: 0.986893
16251: 0.986894
16252: 0.986895
16253: 0.986896
16254: 0.986896
16255: 0.986897
16256: 0.986898
16257: 0.986899
16258: 0.9869
16259: 0.9869
16260: 0.986901
16261: 0.986902
16262: 0.986903
16263: 0.986904
16264: 0.986904
16265: 0.986905
16266: 0.986906
16267: 0.986907
16268: 0.986908
16269: 0.986908
16270: 0.986909
16271: 0.98691
16272: 0.986911
16273: 0.986912
16274: 0.986912
16275: 0.986913
16276: 0.986914
16277: 0.986915
16278: 0.986916
16279: 0.986916
16280: 0.986917
16281: 0.986918
16282: 0.986919
16283: 0.98692
16284: 0.98692
16285: 0.986921
16286: 0.986922
16287: 0.986923
16288: 0.986924
16289: 0.986924
16290: 0.986925
16291: 0.986926
16292: 0.986927
16293: 0.986928
16294: 0.986929
16295: 0.986929
16296: 0.98693
16297: 0.986931
16298: 0.986932
16299: 0.986933
16300: 0.986933
16301: 0.986934
16302: 0.986935
16303: 0.986936
16304: 0.986937
16305: 0.986937
16306: 0.986938
16307: 0.986939
16308: 0.98694
16309: 0.986941
16310: 0.986941
16311: 0.986942
16312: 0.986943
16313: 0.986944
16314: 0.986945
16315: 0.986945
16316: 0.986946
16317: 0.986947
16318: 0.986948
16319: 0.986949
16320: 0.986949
16321: 0.98695
16322: 0.986951
16323: 0.986952
16324: 0.986953
16325: 0.986953
16326: 0.986954
16327: 0.986955
16328: 0.986956
16329: 0.986957
16330: 0.986957
16331: 0.986958
16332: 0.986959
16333: 0.98696
16334: 0.986961
16335: 0.986961
16336: 0.986962
16337: 0.986963
16338: 0.986964
16339: 0.986965
16340: 0.986965
16341: 0.986966
16342: 0.986967
16343: 0.986968
16344: 0.986968
16345: 0.986969
16346: 0.98697
16347: 0.986971
16348: 0.986972
16349: 0.986972
16350: 0.986973
16351: 0.986974
16352: 0.986975
16353: 0.986976
16354: 0.986976
16355: 0.986977
16356: 0.986978
16357: 0.986979
16358: 0.98698
16359: 0.98698
16360: 0.986981
16361: 0.986982
16362: 0.986983
16363: 0.986984
16364: 0.986984
16365: 0.986985
16366: 0.986986
16367: 0.986987
16368: 0.986988
16369: 0.986988
16370: 0.986989
16371: 0.98699
16372: 0.986991
16373: 0.986992
16374: 0.986992
16375: 0.986993
16376: 0.986994
16377: 0.986995
16378: 0.986996
16379: 0.986996
16380: 0.986997
16381: 0.986998
16382: 0.986999
16383: 0.987
16384: 0.987
16385: 0.987001
16386: 0.987002
16387: 0.987003
16388: 0.987003
16389: 0.987004
16390: 0.987005
16391: 0.987006
16392: 0.987007
16393: 0.987007
16394: 0.987008
16395: 0.987009
16396: 0.98701
16397: 0.987011
16398: 0.987011
16399: 0.987012
16400: 0.987013
16401: 0.987014
16402: 0.987015
16403: 0.987015
16404: 0.987016
16405: 0.987017
16406: 0.987018
16407: 0.987019
16408: 0.987019
16409: 0.98702
16410: 0.987021
16411: 0.987022
16412: 0.987022
16413: 0.987023
16414: 0.987024
16415: 0.987025
16416: 0.987026
16417: 0.987026
16418: 0.987027
16419: 0.987028
16420: 0.987029
16421: 0.98703
16422: 0.98703
16423: 0.987031
16424: 0.987032
16425: 0.987033
16426: 0.987034
16427: 0.987034
16428: 0.987035
16429: 0.987036
16430: 0.987037
16431: 0.987037
16432: 0.987038
16433: 0.987039
16434: 0.98704
16435: 0.987041
16436: 0.987041
16437: 0.987042
16438: 0.987043
16439: 0.987044
16440: 0.987045
16441: 0.987045
16442: 0.987046
16443: 0.987047
16444: 0.987048
16445: 0.987049
16446: 0.987049
16447: 0.98705
16448: 0.987051
16449: 0.987052
16450: 0.987052
16451: 0.987053
16452: 0.987054
16453: 0.987055
16454: 0.987056
16455: 0.987056
16456: 0.987057
16457: 0.987058
16458: 0.987059
16459: 0.98706
16460: 0.98706
16461: 0.987061
16462: 0.987062
16463: 0.987063
16464: 0.987063
16465: 0.987064
16466: 0.987065
16467: 0.987066
16468: 0.987067
16469: 0.987067
16470: 0.987068
16471: 0.987069
16472: 0.98707
16473: 0.987071
16474: 0.987071
16475: 0.987072
16476: 0.987073
16477: 0.987074
16478: 0.987074
16479: 0.987075
16480: 0.987076
16481: 0.987077
16482: 0.987078
16483: 0.987078
16484: 0.987079
16485: 0.98708
16486: 0.987081
16487: 0.987082
16488: 0.987082
16489: 0.987083
16490: 0.987084
16491: 0.987085
16492: 0.987085
16493: 0.987086
16494: 0.987087
16495: 0.987088
16496: 0.987089
16497: 0.987089
16498: 0.98709
16499: 0.987091
16500: 0.987092
16501: 0.987092
16502: 0.987093
16503: 0.987094
16504: 0.987095
16505: 0.987096
16506: 0.987096
16507: 0.987097
16508: 0.987098
16509: 0.987099
16510: 0.9871
16511: 0.9871
16512: 0.987101
16513: 0.987102
16514: 0.987103
16515: 0.987103
16516: 0.987104
16517: 0.987105
16518: 0.987106
16519: 0.987107
16520: 0.987107
16521: 0.987108
16522: 0.987109
16523: 0.98711
16524: 0.98711
16525: 0.987111
16526: 0.987112
16527: 0.987113
16528: 0.987114
16529: 0.987114
16530: 0.987115
16531: 0.987116
16532: 0.987117
16533: 0.987117
16534: 0.987118
16535: 0.987119
16536: 0.98712
16537: 0.987121
16538: 0.987121
16539: 0.987122
16540: 0.987123
16541: 0.987124
16542: 0.987124
16543: 0.987125
16544: 0.987126
16545: 0.987127
16546: 0.987128
16547: 0.987128
16548: 0.987129
16549: 0.98713
16550: 0.987131
16551: 0.987131
16552: 0.987132
16553: 0.987133
16554: 0.987134
16555: 0.987135
16556: 0.987135
16557: 0.987136
16558: 0.987137
16559: 0.987138
16560: 0.987138
16561: 0.987139
16562: 0.98714
16563: 0.987141
16564: 0.987142
16565: 0.987142
16566: 0.987143
16567: 0.987144
16568: 0.987145
16569: 0.987145
16570: 0.987146
16571: 0.987147
16572: 0.987148
16573: 0.987149
16574: 0.987149
16575: 0.98715
16576: 0.987151
16577: 0.987152
16578: 0.987152
16579: 0.987153
16580: 0.987154
16581: 0.987155
16582: 0.987156
16583: 0.987156
16584: 0.987157
16585: 0.987158
16586: 0.987159
16587: 0.987159
16588: 0.98716
16589: 0.987161
16590: 0.987162
16591: 0.987162
16592: 0.987163
16593: 0.987164
16594: 0.987165
16595: 0.987166
16596: 0.987166
16597: 0.987167
16598: 0.987168
16599: 0.987169
16600: 0.987169
16601: 0.98717
16602: 0.987171
16603: 0.987172
16604: 0.987173
16605: 0.987173
16606: 0.987174
16607: 0.987175
16608: 0.987176
16609: 0.987176
16610: 0.987177
16611: 0.987178
16612: 0.987179
16613: 0.987179
16614: 0.98718
16615: 0.987181
16616: 0.987182
16617: 0.987183
16618: 0.987183
16619: 0.987184
16620: 0.987185
16621: 0.987186
16622: 0.987186
16623: 0.987187
16624: 0.987188
16625: 0.987189
16626: 0.98719
16627: 0.98719
16628: 0.987191
16629: 0.987192
16630: 0.987193
16631: 0.987193
16632: 0.987194
16633: 0.987195
16634: 0.987196
16635: 0.987196
16636: 0.987197
16637: 0.987198
16638: 0.987199
16639: 0.9872
16640: 0.9872
16641: 0.987201
16642: 0.987202
16643: 0.987203
16644: 0.987203
16645: 0.987204
16646: 0.987205
16647: 0.987206
16648: 0.987206
16649: 0.987207
16650: 0.987208
16651: 0.987209
16652: 0.98721
16653: 0.98721
16654: 0.987211
16655: 0.987212
16656: 0.987213
16657: 0.987213
16658: 0.987214
16659: 0.987215
16660: 0.987216
16661: 0.987216
16662: 0.987217
16663: 0.987218
16664: 0.987219
16665: 0.987219
16666: 0.98722
16667: 0.987221
16668: 0.987222
16669: 0.987223
16670: 0.987223
16671: 0.987224
16672: 0.987225
16673: 0.987226
16674: 0.987226
16675: 0.987227
16676: 0.987228
16677: 0.987229
16678: 0.987229
16679: 0.98723
16680: 0.987231
16681: 0.987232
16682: 0.987233
16683: 0.987233
16684: 0.987234
16685: 0.987175
16686: 0.987176
16687: 0.987176
16688: 0.987177
16689: 0.987178
16690: 0.987179
16691: 0.987179
16692: 0.98718
16693: 0.987181
16694: 0.987182
16695: 0.987183
16696: 0.987183
16697: 0.987184
16698: 0.987185
16699: 0.987186
16700: 0.987186
16701: 0.987187
16702: 0.987188
16703: 0.987189
16704: 0.987189
16705: 0.98719
16706: 0.987191
16707: 0.987192
16708: 0.987193
16709: 0.987193
16710: 0.987194
16711: 0.987195
16712: 0.987196
16713: 0.987196
16714: 0.987197
16715: 0.987198
16716: 0.987199
16717: 0.987199
16718: 0.9872
16719: 0.987201
16720: 0.987202
16721: 0.987202
16722: 0.987203
16723: 0.987204
16724: 0.987205
16725: 0.987206
16726: 0.987206
16727: 0.987207
16728: 0.987208
16729: 0.987209
16730: 0.987209
16731: 0.98721
16732: 0.987211
16733: 0.987212
16734: 0.987212
16735: 0.987213
16736: 0.987214
16737: 0.987215
16738: 0.987215
16739: 0.987216
16740: 0.987217
16741: 0.987218
16742: 0.987219
16743: 0.987219
16744: 0.98722
16745: 0.987221
16746: 0.987222
16747: 0.987222
16748: 0.987223
16749: 0.987224
16750: 0.987225
16751: 0.987225
16752: 0.987226
16753: 0.987227
16754: 0.987228
16755: 0.987228
16756: 0.987229
16757: 0.98723
16758: 0.987231
16759: 0.987232
16760: 0.987232
16761: 0.987233
16762: 0.987234
16763: 0.987235
16764: 0.987235
16765: 0.987236
16766: 0.987237
16767: 0.987238
16768: 0.987238
16769: 0.987239
16770: 0.98724
16771: 0.987241
16772: 0.987241
16773: 0.987242
16774: 0.987243
16775: 0.987244
16776: 0.987244
16777: 0.987245
16778: 0.987246
16779: 0.987247
16780: 0.987247
16781: 0.987248
16782: 0.987249
16783: 0.98725
16784: 0.987251
16785: 0.987251
16786: 0.987252
16787: 0.987253
16788: 0.987254
16789: 0.987254
16790: 0.987255
16791: 0.987256
16792: 0.987257
16793: 0.987257
16794: 0.987258
16795: 0.987259
16796: 0.98726
16797: 0.98726
16798: 0.987261
16799: 0.987262
16800: 0.987263
16801: 0.987263
16802: 0.987264
16803: 0.987265
16804: 0.987266
16805: 0.987266
16806: 0.987267
16807: 0.987268
16808: 0.987269
16809: 0.987269
16810: 0.98727
16811: 0.987271
16812: 0.987272
16813: 0.987273
16814: 0.987273
16815: 0.987274
16816: 0.987275
16817: 0.987276
16818: 0.987276
16819: 0.987277
16820: 0.987278
16821: 0.987279
16822: 0.987279
16823: 0.98728
16824: 0.987281
16825: 0.987282
16826: 0.987282
16827: 0.987283
16828: 0.987284
16829: 0.987285
16830: 0.987285
16831: 0.987286
16832: 0.987287
16833: 0.987288
16834: 0.987288
16835: 0.987289
16836: 0.98729
16837: 0.987291
16838: 0.987291
16839: 0.987292
16840: 0.987293
16841: 0.987294
16842: 0.987294
16843: 0.987295
16844: 0.987296
16845: 0.987297
16846: 0.987297
16847: 0.987298
16848: 0.987299
16849: 0.9873
16850: 0.9873
16851: 0.987301
16852: 0.987302
16853: 0.987303
16854: 0.987303
16855: 0.987304
16856: 0.987305
16857: 0.987306
16858: 0.987306
16859: 0.987307
16860: 0.987308
16861: 0.987309
16862: 0.987309
16863: 0.98731
16864: 0.987311
16865: 0.987312
16866: 0.987313
16867: 0.987313
16868: 0.987314
16869: 0.987315
16870: 0.987316
16871: 0.987316
16872: 0.987317
16873: 0.987318
16874: 0.987319
16875: 0.987319
16876: 0.98732
16877: 0.987321
16878: 0.987322
16879: 0.987322
16880: 0.987323
16881: 0.987324
16882: 0.987325
16883: 0.987325
16884: 0.987326
16885: 0.987327
16886: 0.987328
16887: 0.987328
16888: 0.987329
16889: 0.98733
16890: 0.987331
16891: 0.987331
16892: 0.987332
16893: 0.987333
16894: 0.987334
16895: 0.987334
16896: 0.987335
16897: 0.987336
16898: 0.987337
16899: 0.987337
16900: 0.987338
16901: 0.987339
16902: 0.98734
16903: 0.98734
16904: 0.987341
16905: 0.987342
16906: 0.987343
16907: 0.987343
16908: 0.987344
16909: 0.987345
16910: 0.987346
16911: 0.987346
16912: 0.987347
16913: 0.987348
16914: 0.987349
16915: 0.987349
16916: 0.98735
16917: 0.987351
16918: 0.987351
16919: 0.987352
16920: 0.987353
16921: 0.987354
16922: 0.987354
16923: 0.987355
16924: 0.987356
16925: 0.987357
16926: 0.987357
16927: 0.987358
16928: 0.987359
16929: 0.98736
16930: 0.98736
16931: 0.987361
16932: 0.987362
16933: 0.987363
16934: 0.987363
16935: 0.987364
16936: 0.987365
16937: 0.987366
16938: 0.987366
16939: 0.987367
16940: 0.987368
16941: 0.987369
16942: 0.987369
16943: 0.98737
16944: 0.987371
16945: 0.987372
16946: 0.987372
16947: 0.987373
16948: 0.987374
16949: 0.987375
16950: 0.987375
16951: 0.987376
16952: 0.987377
16953: 0.987378
16954: 0.987378
16955: 0.987379
16956: 0.98738
16957: 0.987381
16958: 0.987381
16959: 0.987382
16960: 0.987383
16961: 0.987384
16962: 0.987384
16963: 0.987385
16964: 0.987386
16965: 0.987387
16966: 0.987387
16967: 0.987388
16968: 0.987389
16969: 0.98739
16970: 0.98739
16971: 0.987391
16972: 0.987392
16973: 0.987392
16974: 0.987393
16975: 0.987394
16976: 0.987395
16977: 0.987395
16978: 0.987396
16979: 0.987397
16980: 0.987398
16981: 0.987398
16982: 0.987399
16983: 0.9874
16984: 0.987401
16985: 0.987401
16986: 0.987402
16987: 0.987403
16988: 0.987404
16989: 0.987404
16990: 0.987405
16991: 0.987406
16992: 0.987407
16993: 0.987407
16994: 0.987408
16995: 0.987409
16996: 0.98741
16997: 0.98741
16998: 0.987411
16999: 0.987412
17000: 0.987413
17001: 0.987413
17002: 0.987414
17003: 0.987415
17004: 0.987415
17005: 0.987416
17006: 0.987417
17007: 0.987418
17008: 0.987418
17009: 0.987419
17010: 0.98742
17011: 0.987421
17012: 0.987421
17013: 0.987422
17014: 0.987423
17015: 0.987424
17016: 0.987424
17017: 0.987425
17018: 0.987426
17019: 0.987427
17020: 0.987427
17021: 0.987428
17022: 0.987429
17023: 0.98743
17024: 0.98743
17025: 0.987431
17026: 0.987432
17027: 0.987432
17028: 0.987433
17029: 0.987434
17030: 0.987435
17031: 0.987435
17032: 0.987436
17033: 0.987437
17034: 0.987438
17035: 0.987438
17036: 0.987439
17037: 0.98744
17038: 0.987441
17039: 0.987441
17040: 0.987442
17041: 0.987443
17042: 0.987444
17043: 0.987444
17044: 0.987445
17045: 0.987446
17046: 0.987446
17047: 0.987447
17048: 0.987448
17049: 0.987449
17050: 0.987449
17051: 0.98745
17052: 0.987451
17053: 0.987452
17054: 0.987452
17055: 0.987453
17056: 0.987454
17057: 0.987455
17058: 0.987455
17059: 0.987456
17060: 0.987457
17061: 0.987458
17062: 0.987458
17063: 0.987459
17064: 0.98746
17065: 0.98746
17066: 0.987461
17067: 0.987462
17068: 0.987463
17069: 0.987463
17070: 0.987464
17071: 0.987465
17072: 0.987466
17073: 0.987466
17074: 0.987467
17075: 0.987468
17076: 0.987469
17077: 0.987469
17078: 0.98747
17079: 0.987471
17080: 0.987471
17081: 0.987472
17082: 0.987473
17083: 0.987474
17084: 0.987474
17085: 0.987475
17086: 0.987476
17087: 0.987477
17088: 0.987477
17089: 0.987478
17090: 0.987479
17091: 0.98748
17092: 0.98748
17093: 0.987481
17094: 0.987482
17095: 0.987482
17096: 0.987483
17097: 0.987484
17098: 0.987485
17099: 0.987485
17100: 0.987486
17101: 0.987487
17102: 0.987488
17103: 0.987488
17104: 0.987489
17105: 0.98749
17106: 0.987491
17107: 0.987491
17108: 0.987492
17109: 0.987493
17110: 0.987493
17111: 0.987494
17112: 0.987495
17113: 0.987496
17114: 0.987496
17115: 0.987497
17116: 0.987498
17117: 0.987499
17118: 0.987499
17119: 0.9875
17120: 0.987501
17121: 0.987501
17122: 0.987502
17123: 0.987503
17124: 0.987504
17125: 0.987504
17126: 0.987505
17127: 0.987506
17128: 0.987507
17129: 0.987507
17130: 0.987508
17131: 0.987509
17132: 0.987509
17133: 0.98751
17134: 0.987511
17135: 0.987512
17136: 0.987512
17137: 0.987513
17138: 0.987514
17139: 0.987515
17140: 0.987515
17141: 0.987516
17142: 0.987517
17143: 0.987517
17144: 0.987518
17145: 0.987519
17146: 0.98752
17147: 0.98752
17148: 0.987521
17149: 0.987522
17150: 0.987523
17151: 0.987523
17152: 0.987524
17153: 0.987525
17154: 0.987526
17155: 0.987526
17156: 0.987527
17157: 0.987528
17158: 0.987528
17159: 0.987529
17160: 0.98753
17161: 0.987531
17162: 0.987531
17163: 0.987532
17164: 0.987533
17165: 0.987533
17166: 0.987534
17167: 0.987535
17168: 0.987536
17169: 0.987536
17170: 0.987537
17171: 0.987538
17172: 0.987539
17173: 0.987539
17174: 0.98754
17175: 0.987541
17176: 0.987541
17177: 0.987542
17178: 0.987543
17179: 0.987544
17180: 0.987544
17181: 0.987545
17182: 0.987546
17183: 0.987547
17184: 0.987547
17185: 0.987548
17186: 0.987549
17187: 0.987549
17188: 0.98755
17189: 0.987551
17190: 0.987552
17191: 0.987552
17192: 0.987553
17193: 0.987554
17194: 0.987555
17195: 0.987555
17196: 0.987556
17197: 0.987557
17198: 0.987557
17199: 0.987558
17200: 0.987559
17201: 0.98756
17202: 0.98756
17203: 0.987561
17204: 0.987562
17205: 0.987562
17206: 0.987563
17207: 0.987564
17208: 0.987565
17209: 0.987565
17210: 0.987566
17211: 0.987567
17212: 0.987568
17213: 0.987568
17214: 0.987569
17215: 0.98757
17216: 0.98757
17217: 0.987571
17218: 0.987572
17219: 0.987573
17220: 0.987573
17221: 0.987574
17222: 0.987575
17223: 0.987575
17224: 0.987576
17225: 0.987577
17226: 0.987578
17227: 0.987578
17228: 0.987579
17229: 0.98758
17230: 0.987581
17231: 0.987581
17232: 0.987582
17233: 0.987583
17234: 0.987583
17235: 0.987584
17236: 0.987585
17237: 0.987586
17238: 0.987586
17239: 0.987587
17240: 0.987588
17241: 0.987588
17242: 0.987589
17243: 0.98759
17244: 0.987591
17245: 0.987591
17246: 0.987592
17247: 0.987593
17248: 0.987593
17249: 0.987594
17250: 0.987595
17251: 0.987596
17252: 0.987596
17253: 0.987597
17254: 0.987598
17255: 0.987599
17256: 0.987599
17257: 0.9876
17258: 0.987601
17259: 0.987601
17260: 0.987602
17261: 0.987603
17262: 0.987604
17263: 0.987604
17264: 0.987605
17265: 0.987606
17266: 0.987606
17267: 0.987607
17268: 0.987608
17269: 0.987609
17270: 0.987609
17271: 0.98761
17272: 0.987611
17273: 0.987611
17274: 0.987612
17275: 0.987613
17276: 0.987614
17277: 0.987614
17278: 0.987615
17279: 0.987616
17280: 0.987616
17281: 0.987617
17282: 0.987618
17283: 0.987619
17284: 0.987619
17285: 0.98762
17286: 0.987621
17287: 0.987621
17288: 0.987622
17289: 0.987623
17290: 0.987566
17291: 0.987567
17292: 0.987567
17293: 0.987568
17294: 0.987569
17295: 0.987569
17296: 0.98757
17297: 0.987571
17298: 0.987572
17299: 0.987572
17300: 0.987573
17301: 0.987574
17302: 0.987574
17303: 0.987575
17304: 0.987576
17305: 0.987577
17306: 0.987577
17307: 0.987578
17308: 0.987579
17309: 0.987579
17310: 0.98758
17311: 0.987581
17312: 0.987582
17313: 0.987582
17314: 0.987583
17315: 0.987584
17316: 0.987584
17317: 0.987585
17318: 0.987586
17319: 0.987587
17320: 0.987587
17321: 0.987588
17322: 0.987589
17323: 0.987589
17324: 0.98759
17325: 0.987591
17326: 0.987592
17327: 0.987592
17328: 0.987593
17329: 0.987594
17330: 0.987594
17331: 0.987595
17332: 0.987596
17333: 0.987597
17334: 0.987597
17335: 0.987598
17336: 0.987599
17337: 0.987599
17338: 0.9876
17339: 0.987601
17340: 0.987602
17341: 0.987602
17342: 0.987603
17343: 0.987604
17344: 0.987604
17345: 0.987605
17346: 0.987606
17347: 0.987607
17348: 0.987607
17349: 0.987608
17350: 0.987609
17351: 0.987609
17352: 0.98761
17353: 0.987611
17354: 0.987612
17355: 0.987612
17356: 0.987613
17357: 0.987614
17358: 0.987614
17359: 0.987615
17360: 0.987616
17361: 0.987617
17362: 0.987617
17363: 0.987618
17364: 0.987619
17365: 0.987619
17366: 0.98762
17367: 0.987621
17368: 0.987622
17369: 0.987622
17370: 0.987623
17371: 0.987624
17372: 0.987624
17373: 0.987625
17374: 0.987626
17375: 0.987627
17376: 0.987627
17377: 0.987628
17378: 0.987629
17379: 0.987629
17380: 0.98763
17381: 0.987631
17382: 0.987632
17383: 0.987632
17384: 0.987633
17385: 0.987634
17386: 0.987634
17387: 0.987635
17388: 0.987636
17389: 0.987637
17390: 0.987637
17391: 0.987638
17392: 0.987639
17393: 0.987639
17394: 0.98764
17395: 0.987641
17396: 0.987642
17397: 0.987642
17398: 0.987643
17399: 0.987644
17400: 0.987644
17401: 0.987645
17402: 0.987646
17403: 0.987647
17404: 0.987647
17405: 0.987648
17406: 0.987649
17407: 0.987649
17408: 0.98765
17409: 0.987651
17410: 0.987651
17411: 0.987652
17412: 0.987653
17413: 0.987654
17414: 0.987654
17415: 0.987655
17416: 0.987656
17417: 0.987656
17418: 0.987657
17419: 0.987658
17420: 0.987659
17421: 0.987659
17422: 0.98766
17423: 0.987661
17424: 0.987661
17425: 0.987662
17426: 0.987663
17427: 0.987664
17428: 0.987664
17429: 0.987665
17430: 0.987666
17431: 0.987666
17432: 0.987667
17433: 0.987668
17434: 0.987668
17435: 0.987669
17436: 0.98767
17437: 0.987671
17438: 0.987671
17439: 0.987672
17440: 0.987673
17441: 0.987673
17442: 0.987674
17443: 0.987675
17444: 0.987676
17445: 0.987676
17446: 0.987677
17447: 0.987678
17448: 0.987678
17449: 0.987679
17450: 0.98768
17451: 0.98768
17452: 0.987681
17453: 0.987682
17454: 0.987683
17455: 0.987683
17456: 0.987684
17457: 0.987685
17458: 0.987685
17459: 0.987686
17460: 0.987687
17461: 0.987688
17462: 0.987688
17463: 0.987689
17464: 0.98769
17465: 0.98769
17466: 0.987691
17467: 0.987692
17468: 0.987692
17469: 0.987693
17470: 0.987694
17471: 0.987695
17472: 0.987695
17473: 0.987696
17474: 0.987697
17475: 0.987697
17476: 0.987698
17477: 0.987699
17478: 0.9877
17479: 0.9877
17480: 0.987701
17481: 0.987702
17482: 0.987702
17483: 0.987703
17484: 0.987704
17485: 0.987704
17486: 0.987705
17487: 0.987706
17488: 0.987707
17489: 0.987707
17490: 0.987708
17491: 0.987709
17492: 0.987709
17493: 0.98771
17494: 0.987711
17495: 0.987711
17496: 0.987712
17497: 0.987713
17498: 0.987714
17499: 0.987714
17500: 0.987715
17501: 0.987716
17502: 0.987716
17503: 0.987717
17504: 0.987718
17505: 0.987718
17506: 0.987719
17507: 0.98772
17508: 0.987721
17509: 0.987721
17510: 0.987722
17511: 0.987723
17512: 0.987723
17513: 0.987724
17514: 0.987725
17515: 0.987726
17516: 0.987726
17517: 0.987727
17518: 0.987728
17519: 0.987728
17520: 0.987729
17521: 0.98773
17522: 0.98773
17523: 0.987731
17524: 0.987732
17525: 0.987733
17526: 0.987733
17527: 0.987734
17528: 0.987735
17529: 0.987735
17530: 0.987736
17531: 0.987737
17532: 0.987737
17533: 0.987738
17534: 0.987739
17535: 0.98774
17536: 0.98774
17537: 0.987741
17538: 0.987742
17539: 0.987742
17540: 0.987743
17541: 0.987744
17542: 0.987744
17543: 0.987745
17544: 0.987746
17545: 0.987746
17546: 0.987747
17547: 0.987748
17548: 0.987749
17549: 0.987749
17550: 0.98775
17551: 0.987751
17552: 0.987751
17553: 0.987752
17554: 0.987753
17555: 0.987753
17556: 0.987754
17557: 0.987755
17558: 0.987756
17559: 0.987756
17560: 0.987757
17561: 0.987758
17562: 0.987758
17563: 0.987759
17564: 0.98776
17565: 0.98776
17566: 0.987761
17567: 0.987762
17568: 0.987763
17569: 0.987763
17570: 0.987764
17571: 0.987765
17572: 0.987765
17573: 0.987766
17574: 0.987767
17575: 0.987767
17576: 0.987768
17577: 0.987769
17578: 0.987769
17579: 0.98777
17580: 0.987771
17581: 0.987772
17582: 0.987772
17583: 0.987773
17584: 0.987774
17585: 0.987774
17586: 0.987775
17587: 0.987776
17588: 0.987776
17589: 0.987777
17590: 0.987778
17591: 0.987779
17592: 0.987779
17593: 0.98778
17594: 0.987781
17595: 0.987781
17596: 0.987782
17597: 0.987783
17598: 0.987783
17599: 0.987784
17600: 0.987785
17601: 0.987785
17602: 0.987786
17603: 0.987787
17604: 0.987788
17605: 0.987788
17606: 0.987789
17607: 0.98779
17608: 0.98779
17609: 0.987791
17610: 0.987792
17611: 0.987792
17612: 0.987793
17613: 0.987794
17614: 0.987794
17615: 0.987795
17616: 0.987796
17617: 0.987797
17618: 0.987797
17619: 0.987798
17620: 0.987799
17621: 0.987799
17622: 0.9878
17623: 0.987801
17624: 0.987801
17625: 0.987802
17626: 0.987803
17627: 0.987803
17628: 0.987804
17629: 0.987805
17630: 0.987806
17631: 0.987806
17632: 0.987807
17633: 0.987808
17634: 0.987808
17635: 0.987809
17636: 0.98781
17637: 0.98781
17638: 0.987811
17639: 0.987812
17640: 0.987812
17641: 0.987813
17642: 0.987814
17643: 0.987815
17644: 0.987815
17645: 0.987816
17646: 0.987817
17647: 0.987817
17648: 0.987818
17649: 0.987819
17650: 0.987819
17651: 0.98782
17652: 0.987821
17653: 0.987821
17654: 0.987822
17655: 0.987823
17656: 0.987824
17657: 0.987824
17658: 0.987825
17659: 0.987826
17660: 0.987826
17661: 0.987827
17662: 0.987828
17663: 0.987828
17664: 0.987829
17665: 0.98783
17666: 0.98783
17667: 0.987831
17668: 0.987832
17669: 0.987832
17670: 0.987833
17671: 0.987834
17672: 0.987835
17673: 0.987835
17674: 0.987836
17675: 0.987837
17676: 0.987837
17677: 0.987838
17678: 0.987839
17679: 0.987839
17680: 0.98784
17681: 0.987841
17682: 0.987841
17683: 0.987842
17684: 0.987843
17685: 0.987843
17686: 0.987844
17687: 0.987845
17688: 0.987846
17689: 0.987846
17690: 0.987847
17691: 0.987848
17692: 0.987848
17693: 0.987849
17694: 0.98785
17695: 0.98785
17696: 0.987851
17697: 0.987852
17698: 0.987852
17699: 0.987853
17700: 0.987854
17701: 0.987854
17702: 0.987855
17703: 0.987856
17704: 0.987857
17705: 0.987857
17706: 0.987858
17707: 0.987859
17708: 0.987859
17709: 0.98786
17710: 0.987861
17711: 0.987861
17712: 0.987862
17713: 0.987863
17714: 0.987863
17715: 0.987864
17716: 0.987865
17717: 0.987865
17718: 0.987866
17719: 0.987867
17720: 0.987868
17721: 0.987868
17722: 0.987869
17723: 0.98787
17724: 0.98787
17725: 0.987871
17726: 0.987872
17727: 0.987872
17728: 0.987873
17729: 0.987874
17730: 0.987874
17731: 0.987875
17732: 0.987876
17733: 0.987876
17734: 0.987877
17735: 0.987878
17736: 0.987878
17737: 0.987879
17738: 0.98788
17739: 0.98788
17740: 0.987881
17741: 0.987882
17742: 0.987883
17743: 0.987883
17744: 0.987884
17745: 0.987885
17746: 0.987885
17747: 0.987886
17748: 0.987887
17749: 0.987887
17750: 0.987888
17751: 0.987889
17752: 0.987889
17753: 0.98789
17754: 0.987891
17755: 0.987891
17756: 0.987892
17757: 0.987893
17758: 0.987893
17759: 0.987894
17760: 0.987895
17761: 0.987896
17762: 0.987896
17763: 0.987897
17764: 0.987898
17765: 0.987898
17766: 0.987899
17767: 0.9879
17768: 0.9879
17769: 0.987901
17770: 0.987902
17771: 0.987902
17772: 0.987903
17773: 0.987904
17774: 0.987904
17775: 0.987905
17776: 0.987906
17777: 0.987906
17778: 0.987907
17779: 0.987908
17780: 0.987908
17781: 0.987909
17782: 0.98791
17783: 0.98791
17784: 0.987911
17785: 0.987912
17786: 0.987913
17787: 0.987913
17788: 0.987914
17789: 0.987915
17790: 0.987915
17791: 0.987916
17792: 0.987917
17793: 0.987917
17794: 0.987918
17795: 0.987919
17796: 0.987919
17797: 0.98792
17798: 0.987921
17799: 0.987921
17800: 0.987922
17801: 0.987923
17802: 0.987923
17803: 0.987924
17804: 0.987925
17805: 0.987925
17806: 0.987926
17807: 0.987927
17808: 0.987927
17809: 0.987928
17810: 0.987929
17811: 0.987929
17812: 0.98793
17813: 0.987931
17814: 0.987932
17815: 0.987932
17816: 0.987933
17817: 0.987934
17818: 0.987934
17819: 0.987935
17820: 0.987936
17821: 0.987936
17822: 0.987937
17823: 0.987938
17824: 0.987938
17825: 0.987939
17826: 0.98794
17827: 0.98794
17828: 0.987941
17829: 0.987942
17830: 0.987942
17831: 0.987943
17832: 0.987944
17833: 0.987944
17834: 0.987945
17835: 0.987946
17836: 0.987946
17837: 0.987947
17838: 0.987948
17839: 0.987948
17840: 0.987949
17841: 0.98795
17842: 0.98795
17843: 0.987951
17844: 0.987952
17845: 0.987952
17846: 0.987953
17847: 0.987954
17848: 0.987955
17849: 0.987955
17850: 0.987956
17851: 0.987957
17852: 0.987957
17853: 0.987958
17854: 0.987959
17855: 0.987959
17856: 0.98796
17857: 0.987961
17858: 0.987961
17859: 0.987962
17860: 0.987963
17861: 0.987963
17862: 0.987964
17863: 0.987965
17864: 0.987909
17865: 0.98791
17866: 0.987911
17867: 0.987911
17868: 0.987912
17869: 0.987913
17870: 0.987913
17871: 0.987914
17872: 0.987915
17873: 0.987915
17874: 0.987916
17875: 0.987917
17876: 0.987917
17877: 0.987918
17878: 0.987919
17879: 0.987919
17880: 0.98792
17881: 0.987921
17882: 0.987921
17883: 0.987922
17884: 0.987923
17885: 0.987924
17886: 0.987924
17887: 0.987925
17888: 0.987926
17889: 0.987926
17890: 0.987927
17891: 0.987928
17892: 0.987928
17893: 0.987929
17894: 0.98793
17895: 0.98793
17896: 0.987931
17897: 0.987932
17898: 0.987932
17899: 0.987933
17900: 0.987934
17901: 0.987934
17902: 0.987935
17903: 0.987936
17904: 0.987936
17905: 0.987937
17906: 0.987938
17907: 0.987938
17908: 0.987939
17909: 0.98794
17910: 0.98794
17911: 0.987941
17912: 0.987942
17913: 0.987942
17914: 0.987943
17915: 0.987944
17916: 0.987944
17917: 0.987945
17918: 0.987946
17919: 0.987946
17920: 0.987947
17921: 0.987948
17922: 0.987948
17923: 0.987949
17924: 0.98795
17925: 0.98795
17926: 0.987951
17927: 0.987952
17928: 0.987952
17929: 0.987953
17930: 0.987954
17931: 0.987954
17932: 0.987955
17933: 0.987956
17934: 0.987957
17935: 0.987957
17936: 0.987958
17937: 0.987959
17938: 0.987959
17939: 0.98796
17940: 0.987961
17941: 0.987961
17942: 0.987962
17943: 0.987963
17944: 0.987963
17945: 0.987964
17946: 0.987965
17947: 0.987965
17948: 0.987966
17949: 0.987967
17950: 0.987967
17951: 0.987968
17952: 0.987969
17953: 0.987969
17954: 0.98797
17955: 0.987971
17956: 0.987971
17957: 0.987972
17958: 0.987973
17959: 0.987973
17960: 0.987974
17961: 0.987975
17962: 0.987975
17963: 0.987976
17964: 0.987977
17965: 0.987977
17966: 0.987978
17967: 0.987979
17968: 0.987979
17969: 0.98798
17970: 0.987981
17971: 0.987981
17972: 0.987982
17973: 0.987983
17974: 0.987983
17975: 0.987984
17976: 0.987985
17977: 0.987985
17978: 0.987986
17979: 0.987987
17980: 0.987987
17981: 0.987988
17982: 0.987989
17983: 0.987989
17984: 0.98799
17985: 0.987991
17986: 0.987991
17987: 0.987992
17988: 0.987993
17989: 0.987993
17990: 0.987994
17991: 0.987995
17992: 0.987995
17993: 0.987996
17994: 0.987997
17995: 0.987997
17996: 0.987998
17997: 0.987999
17998: 0.987999
17999: 0.988
18000: 0.988001
18001: 0.988001
18002: 0.988002
18003: 0.988003
18004: 0.988003
18005: 0.988004
18006: 0.988005
18007: 0.988005
18008: 0.988006
18009: 0.988007
18010: 0.988007
18011: 0.988008
18012: 0.988009
18013: 0.988009
18014: 0.98801
18015: 0.988011
18016: 0.988011
18017: 0.988012
18018: 0.988013
18019: 0.988013
18020: 0.988014
18021: 0.988015
18022: 0.988015
18023: 0.988016
18024: 0.988017
18025: 0.988017
18026: 0.988018
18027: 0.988019
18028: 0.988019
18029: 0.98802
18030: 0.988021
18031: 0.988021
18032: 0.988022
18033: 0.988023
18034: 0.988023
18035: 0.988024
18036: 0.988025
18037: 0.988025
18038: 0.988026
18039: 0.988027
18040: 0.988027
18041: 0.988028
18042: 0.988029
18043: 0.988029
18044: 0.98803
18045: 0.988031
18046: 0.988031
18047: 0.988032
18048: 0.988033
18049: 0.988033
18050: 0.988034
18051: 0.988035
18052: 0.98798
18053: 0.987981
18054: 0.987981
18055: 0.987982
18056: 0.987982
18057: 0.987983
18058: 0.987984
18059: 0.987984
18060: 0.987985
18061: 0.987986
18062: 0.987986
18063: 0.987987
18064: 0.987988
18065: 0.987988
18066: 0.987989
18067: 0.98799
18068: 0.98799
18069: 0.987991
18070: 0.987992
18071: 0.987992
18072: 0.987993
18073: 0.987994
18074: 0.987994
18075: 0.987995
18076: 0.987996
18077: 0.987996
18078: 0.987997
18079: 0.987998
18080: 0.987998
18081: 0.987999
18082: 0.988
18083: 0.988
18084: 0.988001
18085: 0.988002
18086: 0.988002
18087: 0.988003
18088: 0.988004
18089: 0.988004
18090: 0.988005
18091: 0.988006
18092: 0.988006
18093: 0.988007
18094: 0.988008
18095: 0.988008
18096: 0.988009
18097: 0.98801
18098: 0.98801
18099: 0.988011
18100: 0.988012
18101: 0.988012
18102: 0.988013
18103: 0.988014
18104: 0.988014
18105: 0.988015
18106: 0.988016
18107: 0.988016
18108: 0.988017
18109: 0.988018
18110: 0.988018
18111: 0.988019
18112: 0.98802
18113: 0.98802
18114: 0.988021
18115: 0.988022
18116: 0.988022
18117: 0.988023
18118: 0.988024
18119: 0.988024
18120: 0.988025
18121: 0.988026
18122: 0.988026
18123: 0.988027
18124: 0.988028
18125: 0.988028
18126: 0.988029
18127: 0.98803
18128: 0.98803
18129: 0.988031
18130: 0.988032
18131: 0.988032
18132: 0.988033
18133: 0.988034
18134: 0.988034
18135: 0.988035
18136: 0.988036
18137: 0.988036
18138: 0.988037
18139: 0.988037
18140: 0.988038
18141: 0.988039
18142: 0.988039
18143: 0.98804
18144: 0.988041
18145: 0.988041
18146: 0.988042
18147: 0.988043
18148: 0.988043
18149: 0.988044
18150: 0.988045
18151: 0.988045
18152: 0.988046
18153: 0.988047
18154: 0.988047
18155: 0.988048
18156: 0.988049
18157: 0.988049
18158: 0.98805
18159: 0.988051
18160: 0.988051
18161: 0.988052
18162: 0.988053
18163: 0.988053
18164: 0.988054
18165: 0.988055
18166: 0.988055
18167: 0.988056
18168: 0.988057
18169: 0.988057
18170: 0.988058
18171: 0.988059
18172: 0.988059
18173: 0.98806
18174: 0.988061
18175: 0.988061
18176: 0.988062
18177: 0.988062
18178: 0.988063
18179: 0.988064
18180: 0.988064
18181: 0.988065
18182: 0.988066
18183: 0.988066
18184: 0.988067
18185: 0.988068
18186: 0.988068
18187: 0.988069
18188: 0.98807
18189: 0.98807
18190: 0.988071
18191: 0.988072
18192: 0.988072
18193: 0.988073
18194: 0.988074
18195: 0.988074
18196: 0.988075
18197: 0.988076
18198: 0.988076
18199: 0.988077
18200: 0.988078
18201: 0.988078
18202: 0.988079
18203: 0.98808
18204: 0.98808
18205: 0.988081
18206: 0.988082
18207: 0.988082
18208: 0.988083
18209: 0.988083
18210: 0.988084
18211: 0.988085
18212: 0.988085
18213: 0.988086
18214: 0.988087
18215: 0.988087
18216: 0.988088
18217: 0.988089
18218: 0.988089
18219: 0.98809
18220: 0.988091
18221: 0.988091
18222: 0.988092
18223: 0.988093
18224: 0.988093
18225: 0.988094
18226: 0.988095
18227: 0.988095
18228: 0.988096
18229: 0.988097
18230: 0.988097
18231: 0.988098
18232: 0.988099
18233: 0.988099
18234: 0.9881
18235: 0.9881
18236: 0.988101
18237: 0.988102
18238: 0.988102
18239: 0.988103
18240: 0.988104
18241: 0.988104
18242: 0.988105
18243: 0.988106
18244: 0.988106
18245: 0.988107
18246: 0.988108
18247: 0.988108
18248: 0.988109
18249: 0.98811
18250: 0.98811
18251: 0.988111
18252: 0.988112
18253: 0.988112
18254: 0.988113
18255: 0.988113
18256: 0.988114
18257: 0.988115
18258: 0.988115
18259: 0.988116
18260: 0.988117
18261: 0.988117
18262: 0.988118
18263: 0.988119
18264: 0.988119
18265: 0.98812
18266: 0.988121
18267: 0.988121
18268: 0.988122
18269: 0.988123
18270: 0.988123
18271: 0.988124
18272: 0.988125
18273: 0.988125
18274: 0.988126
18275: 0.988127
18276: 0.988127
18277: 0.988128
18278: 0.988128
18279: 0.988129
18280: 0.98813
18281: 0.98813
18282: 0.988131
18283: 0.988132
18284: 0.988132
18285: 0.988133
18286: 0.988134
18287: 0.988134
18288: 0.988135
18289: 0.988136
18290: 0.988136
18291: 0.988137
18292: 0.988138
18293: 0.988138
18294: 0.988139
18295: 0.988139
18296: 0.98814
18297: 0.988141
18298: 0.988087
18299: 0.988087
18300: 0.988088
18301: 0.988089
18302: 0.988089
18303: 0.98809
18304: 0.988091
18305: 0.988091
18306: 0.988092
18307: 0.988093
18308: 0.988093
18309: 0.988094
18310: 0.988095
18311: 0.988095
18312: 0.988096
18313: 0.988097
18314: 0.988097
18315: 0.988098
18316: 0.988098
18317: 0.988099
18318: 0.9881
18319: 0.9881
18320: 0.988101
18321: 0.988102
18322: 0.988102
18323: 0.988103
18324: 0.988104
18325: 0.988104
18326: 0.988105
18327: 0.988106
18328: 0.988106
18329: 0.988107
18330: 0.988108
18331: 0.988108
18332: 0.988109
18333: 0.98811
18334: 0.98811
18335: 0.988111
18336: 0.988111
18337: 0.988112
18338: 0.988113
18339: 0.988113
18340: 0.988114
18341: 0.988115
18342: 0.988115
18343: 0.988116
18344: 0.988117
18345: 0.988117
18346: 0.988118
18347: 0.988119
18348: 0.988119
18349: 0.98812
18350: 0.988121
18351: 0.988121
18352: 0.988122
18353: 0.988122
18354: 0.988123
18355: 0.988124
18356: 0.988124
18357: 0.988125
18358: 0.988126
18359: 0.988126
18360: 0.988127
18361: 0.988128
18362: 0.988128
18363: 0.988129
18364: 0.98813
18365: 0.98813
18366: 0.988131
18367: 0.988132
18368: 0.988132
18369: 0.988133
18370: 0.988133
18371: 0.988134
18372: 0.988135
18373: 0.988135
18374: 0.988136
18375: 0.988137
18376: 0.988137
18377: 0.988138
18378: 0.988139
18379: 0.988139
18380: 0.98814
18381: 0.988141
18382: 0.988141
18383: 0.988142
18384: 0.988143
18385: 0.988143
18386: 0.988144
18387: 0.988144
18388: 0.988145
18389: 0.988146
18390: 0.988146
18391: 0.988147
18392: 0.988148
18393: 0.988148
18394: 0.988149
18395: 0.98815
18396: 0.98815
18397: 0.988151
18398: 0.988152
18399: 0.988152
18400: 0.988153
18401: 0.988153
18402: 0.988154
18403: 0.988155
18404: 0.988155
18405: 0.988156
18406: 0.988157
18407: 0.988157
18408: 0.988158
18409: 0.988159
18410: 0.988159
18411: 0.98816
18412: 0.988161
18413: 0.988161
18414: 0.988162
18415: 0.988162
18416: 0.988163
18417: 0.988164
18418: 0.988164
18419: 0.988165
18420: 0.988166
18421: 0.988166
18422: 0.988167
18423: 0.988168
18424: 0.988168
18425: 0.988169
18426: 0.98817
18427: 0.98817
18428: 0.988171
18429: 0.988171
18430: 0.988172
18431: 0.988173
18432: 0.988173
18433: 0.988174
18434: 0.988175
18435: 0.988175
18436: 0.988176
18437: 0.988177
18438: 0.988177
18439: 0.988178
18440: 0.988179
18441: 0.988179
18442: 0.98818
18443: 0.98818
18444: 0.988181
18445: 0.988182
18446: 0.988182
18447: 0.988183
18448: 0.988184
18449: 0.988184
18450: 0.988185
18451: 0.988186
18452: 0.988186
18453: 0.988187
18454: 0.988187
18455: 0.988188
18456: 0.988189
18457: 0.988189
18458: 0.98819
18459: 0.988191
18460: 0.988191
18461: 0.988192
18462: 0.988193
18463: 0.988193
18464: 0.988194
18465: 0.988195
18466: 0.988195
18467: 0.988196
18468: 0.988196
18469: 0.988197
18470: 0.988198
18471: 0.988198
18472: 0.988199
18473: 0.9882
18474: 0.9882
18475: 0.988201
18476: 0.988202
18477: 0.988202
18478: 0.988203
18479: 0.988203
18480: 0.988204
18481: 0.988205
18482: 0.988205
18483: 0.988206
18484: 0.988207
18485: 0.988207
18486: 0.988208
18487: 0.988209
18488: 0.988209
18489: 0.98821
18490: 0.98821
18491: 0.988211
18492: 0.988212
18493: 0.988212
18494: 0.988213
18495: 0.988214
18496: 0.988214
18497: 0.988215
18498: 0.988216
18499: 0.988216
18500: 0.988217
18501: 0.988217
18502: 0.988218
18503: 0.988219
18504: 0.988219
18505: 0.98822
18506: 0.988221
18507: 0.988221
18508: 0.988222
18509: 0.988223
18510: 0.988223
18511: 0.988224
18512: 0.988224
18513: 0.988225
18514: 0.988226
18515: 0.988226
18516: 0.988227
18517: 0.988228
18518: 0.988228
18519: 0.988229
18520: 0.98823
18521: 0.98823
18522: 0.988231
18523: 0.988231
18524: 0.988232
18525: 0.988233
18526: 0.988233
18527: 0.988234
18528: 0.988235
18529: 0.988235
18530: 0.988236
18531: 0.988237
18532: 0.988237
18533: 0.988238
18534: 0.988238
18535: 0.988239
18536: 0.98824
18537: 0.98824
18538: 0.988241
18539: 0.988242
18540: 0.988242
18541: 0.988243
18542: 0.988244
18543: 0.988244
18544: 0.988245
18545: 0.988245
18546: 0.988246
18547: 0.988247
18548: 0.988247
18549: 0.988248
18550: 0.988249
18551: 0.988249
18552: 0.98825
18553: 0.988251
18554: 0.988251
18555: 0.988252
18556: 0.988252
18557: 0.988253
18558: 0.988254
18559: 0.988254
18560: 0.988255
18561: 0.988256
18562: 0.988256
18563: 0.988257
18564: 0.988257
18565: 0.988258
18566: 0.988259
18567: 0.988259
18568: 0.98826
18569: 0.988261
18570: 0.988261
18571: 0.988262
18572: 0.988263
18573: 0.988263
18574: 0.988264
18575: 0.988264
18576: 0.988265
18577: 0.988266
18578: 0.988266
18579: 0.988267
18580: 0.988268
18581: 0.988268
18582: 0.988269
18583: 0.988269
18584: 0.98827
18585: 0.988271
18586: 0.988271
18587: 0.988272
18588: 0.988273
18589: 0.988273
18590: 0.988274
18591: 0.988275
18592: 0.988275
18593: 0.988276
18594: 0.988276
18595: 0.988277
18596: 0.988278
18597: 0.988278
18598: 0.988279
18599: 0.98828
18600: 0.98828
18601: 0.988281
18602: 0.988281
18603: 0.988282
18604: 0.988283
18605: 0.988283
18606: 0.988284
18607: 0.988285
18608: 0.988285
18609: 0.988286
18610: 0.988286
18611: 0.988287
18612: 0.988288
18613: 0.988288
18614: 0.988289
18615: 0.98829
18616: 0.98829
18617: 0.988291
18618: 0.988292
18619: 0.988292
18620: 0.988293
18621: 0.988293
18622: 0.988294
18623: 0.988295
18624: 0.988295
18625: 0.988296
18626: 0.988297
18627: 0.988297
18628: 0.988298
18629: 0.988298
18630: 0.988299
18631: 0.9883
18632: 0.9883
18633: 0.988301
18634: 0.988302
18635: 0.988302
18636: 0.988303
18637: 0.988303
18638: 0.988304
18639: 0.988305
18640: 0.988305
18641: 0.988306
18642: 0.988307
18643: 0.988307
18644: 0.988308
18645: 0.988308
18646: 0.988309
18647: 0.98831
18648: 0.98831
18649: 0.988311
18650: 0.988312
18651: 0.988312
18652: 0.988313
18653: 0.988313
18654: 0.988314
18655: 0.988315
18656: 0.988315
18657: 0.988316
18658: 0.988317
18659: 0.988317
18660: 0.988318
18661: 0.988319
18662: 0.988319
18663: 0.98832
18664: 0.98832
18665: 0.988321
18666: 0.988322
18667: 0.988322
18668: 0.988323
18669: 0.988324
18670: 0.988324
18671: 0.988325
18672: 0.988325
18673: 0.988326
18674: 0.988327
18675: 0.988327
18676: 0.988328
18677: 0.988329
18678: 0.988329
18679: 0.98833
18680: 0.98833
18681: 0.988331
18682: 0.988332
18683: 0.988332
18684: 0.988333
18685: 0.988334
18686: 0.988334
18687: 0.988335
18688: 0.988335
18689: 0.988336
18690: 0.988337
18691: 0.988337
18692: 0.988338
18693: 0.988339
18694: 0.988339
18695: 0.98834
18696: 0.98834
18697: 0.988341
18698: 0.988342
18699: 0.988342
18700: 0.988343
18701: 0.988343
18702: 0.988344
18703: 0.988345
18704: 0.988345
18705: 0.988346
18706: 0.988347
18707: 0.988347
18708: 0.988348
18709: 0.988348
18710: 0.988349
18711: 0.98835
18712: 0.98835
18713: 0.988351
18714: 0.988352
18715: 0.988352
18716: 0.988353
18717: 0.988353
18718: 0.988354
18719: 0.988355
18720: 0.988355
18721: 0.988356
18722: 0.988357
18723: 0.988357
18724: 0.988358
18725: 0.988358
18726: 0.988359
18727: 0.98836
18728: 0.98836
18729: 0.988361
18730: 0.988362
18731: 0.988362
18732: 0.988363
18733: 0.988363
18734: 0.988364
18735: 0.988365
18736: 0.988365
18737: 0.988366
18738: 0.988367
18739: 0.988367
18740: 0.988368
18741: 0.988368
18742: 0.988369
18743: 0.98837
18744: 0.98837
18745: 0.988371
18746: 0.988371
18747: 0.988372
18748: 0.988373
18749: 0.988373
18750: 0.988374
18751: 0.988375
18752: 0.988375
18753: 0.988376
18754: 0.988376
18755: 0.988377
18756: 0.988378
18757: 0.988378
18758: 0.988379
18759: 0.98838
18760: 0.98838
18761: 0.988381
18762: 0.988381
18763: 0.988382
18764: 0.988383
18765: 0.988383
18766: 0.988384
18767: 0.988384
18768: 0.988385
18769: 0.988386
18770: 0.988386
18771: 0.988387
18772: 0.988388
18773: 0.988388
18774: 0.988389
18775: 0.988389
18776: 0.98839
18777: 0.988391
18778: 0.988391
18779: 0.988392
18780: 0.988393
18781: 0.988393
18782: 0.988394
18783: 0.988394
18784: 0.988395
18785: 0.988396
18786: 0.988396
18787: 0.988397
18788: 0.988397
18789: 0.988398
18790: 0.988399
18791: 0.988399
18792: 0.9884
18793: 0.988401
18794: 0.988401
18795: 0.988402
18796: 0.988402
18797: 0.988403
18798: 0.988404
18799: 0.988404
18800: 0.988405
18801: 0.988405
18802: 0.988406
18803: 0.988407
18804: 0.988407
18805: 0.988408
18806: 0.988409
18807: 0.988409
18808: 0.98841
18809: 0.98841
18810: 0.988411
18811: 0.988412
18812: 0.988412
18813: 0.988413
18814: 0.988413
18815: 0.988414
18816: 0.988415
18817: 0.988415
18818: 0.988416
18819: 0.988417
18820: 0.988417
18821: 0.988418
18822: 0.988418
18823: 0.988419
18824: 0.98842
18825: 0.98842
18826: 0.988421
18827: 0.988421
18828: 0.988422
18829: 0.988423
18830: 0.988423
18831: 0.988424
18832: 0.988425
18833: 0.988425
18834: 0.988426
18835: 0.988426
18836: 0.988427
18837: 0.988428
18838: 0.988428
18839: 0.988429
18840: 0.988429
18841: 0.98843
18842: 0.988431
18843: 0.988431
18844: 0.988432
18845: 0.988433
18846: 0.988433
18847: 0.988434
18848: 0.988434
18849: 0.988435
18850: 0.988436
18851: 0.988436
18852: 0.988437
18853: 0.988437
18854: 0.988438
18855: 0.988439
18856: 0.988439
18857: 0.98844
18858: 0.988441
18859: 0.988441
18860: 0.988442
18861: 0.988442
18862: 0.988443
18863: 0.988444
18864: 0.988444
18865: 0.988445
18866: 0.988445
18867: 0.988446
18868: 0.988447
18869: 0.988447
18870: 0.988448
18871: 0.988448
18872: 0.988449
18873: 0.98845
18874: 0.98845
18875: 0.988451
18876: 0.988452
18877: 0.988452
18878: 0.988453
18879: 0.988453
18880: 0.988454
18881: 0.988455
18882: 0.988455
18883: 0.988456
18884: 0.988456
18885: 0.988457
18886: 0.988458
18887: 0.988458
18888: 0.988459
18889: 0.98846
18890: 0.98846
18891: 0.988461
18892: 0.988461
18893: 0.988462
18894: 0.988463
18895: 0.988463
18896: 0.988464
18897: 0.988464
18898: 0.988465
18899: 0.988466
18900: 0.988466
18901: 0.988467
18902: 0.988467
18903: 0.988468
18904: 0.988469
18905: 0.988469
18906: 0.98847
18907: 0.98847
18908: 0.988471
18909: 0.988472
18910: 0.988472
18911: 0.988473
18912: 0.988474
18913: 0.988474
18914: 0.988475
18915: 0.988475
18916: 0.988476
18917: 0.988477
18918: 0.988477
18919: 0.988478
18920: 0.988478
18921: 0.988479
18922: 0.98848
18923: 0.98848
18924: 0.988481
18925: 0.988481
18926: 0.988482
18927: 0.988483
18928: 0.988483
18929: 0.988484
18930: 0.988484
18931: 0.988485
18932: 0.988486
18933: 0.988486
18934: 0.988487
18935: 0.988488
18936: 0.988488
18937: 0.988489
18938: 0.988489
18939: 0.98849
18940: 0.988491
18941: 0.988491
18942: 0.988492
18943: 0.988492
18944: 0.988493
18945: 0.988494
18946: 0.988494
18947: 0.988495
18948: 0.988495
18949: 0.988496
18950: 0.988497
18951: 0.988497
18952: 0.988498
18953: 0.988498
18954: 0.988499
18955: 0.9885
18956: 0.9885
18957: 0.988501
18958: 0.988502
18959: 0.988502
18960: 0.988503
18961: 0.988503
18962: 0.988504
18963: 0.988505
18964: 0.988505
18965: 0.988506
18966: 0.988506
18967: 0.988507
18968: 0.988508
18969: 0.988508
18970: 0.988509
18971: 0.988509
18972: 0.98851
18973: 0.988511
18974: 0.988511
18975: 0.988512
18976: 0.988512
18977: 0.988513
18978: 0.988514
18979: 0.988514
18980: 0.988515
18981: 0.988515
18982: 0.988516
18983: 0.988517
18984: 0.988517
18985: 0.988518
18986: 0.988518
18987: 0.988519
18988: 0.98852
18989: 0.98852
18990: 0.988521
18991: 0.988521
18992: 0.988522
18993: 0.988523
18994: 0.988523
18995: 0.988524
18996: 0.988525
18997: 0.988525
18998: 0.988526
18999: 0.988526
19000: 0.988527
19001: 0.988528
19002: 0.988528
19003: 0.988529
19004: 0.988529
19005: 0.98853
19006: 0.988531
19007: 0.988531
19008: 0.988532
19009: 0.988532
19010: 0.988533
19011: 0.988534
19012: 0.988534
19013: 0.988535
19014: 0.988535
19015: 0.988536
19016: 0.988537
19017: 0.988537
19018: 0.988538
19019: 0.988538
19020: 0.988539
19021: 0.98854
19022: 0.98854
19023: 0.988541
19024: 0.988489
19025: 0.988489
19026: 0.98849
19027: 0.988491
19028: 0.988491
19029: 0.988492
19030: 0.988492
19031: 0.988493
19032: 0.988494
19033: 0.988494
19034: 0.988495
19035: 0.988495
19036: 0.988496
19037: 0.988497
19038: 0.988497
19039: 0.988498
19040: 0.988499
19041: 0.988499
19042: 0.9885
19043: 0.9885
19044: 0.988501
19045: 0.988502
19046: 0.988502
19047: 0.988503
19048: 0.988503
19049: 0.988504
19050: 0.988505
19051: 0.988505
19052: 0.988506
19053: 0.988506
19054: 0.988507
19055: 0.988508
19056: 0.988508
19057: 0.988509
19058: 0.988509
19059: 0.98851
19060: 0.988511
19061: 0.988511
19062: 0.988512
19063: 0.988512
19064: 0.988513
19065: 0.988514
19066: 0.988514
19067: 0.988515
19068: 0.988515
19069: 0.988516
19070: 0.988517
19071: 0.988517
19072: 0.988518
19073: 0.988518
19074: 0.988519
19075: 0.98852
19076: 0.98852
19077: 0.988521
19078: 0.988521
19079: 0.988522
19080: 0.988523
19081: 0.988523
19082: 0.988524
19083: 0.988524
19084: 0.988525
19085: 0.988526
19086: 0.988526
19087: 0.988527
19088: 0.988527
19089: 0.988528
19090: 0.988529
19091: 0.988529
19092: 0.98853
19093: 0.98853
19094: 0.988531
19095: 0.988532
19096: 0.988532
19097: 0.988533
19098: 0.988533
19099: 0.988534
19100: 0.988535
19101: 0.988535
19102: 0.988536
19103: 0.988536
19104: 0.988537
19105: 0.988538
19106: 0.988538
19107: 0.988486
19108: 0.988487
19109: 0.988488
19110: 0.988488
19111: 0.988489
19112: 0.98849
19113: 0.98849
19114: 0.988491
19115: 0.988491
19116: 0.988492
19117: 0.988493
19118: 0.988493
19119: 0.988494
19120: 0.988494
19121: 0.988495
19122: 0.988496
19123: 0.988496
19124: 0.988497
19125: 0.988497
19126: 0.988498
19127: 0.988499
19128: 0.988499
19129: 0.9885
19130: 0.9885
19131: 0.988501
19132: 0.988502
19133: 0.988502
19134: 0.988503
19135: 0.988503
19136: 0.988504
19137: 0.988505
19138: 0.988505
19139: 0.988506
19140: 0.988506
19141: 0.988507
19142: 0.988508
19143: 0.988508
19144: 0.988509
19145: 0.988509
19146: 0.98851
19147: 0.988511
19148: 0.988511
19149: 0.988512
19150: 0.988512
19151: 0.988513
19152: 0.988514
19153: 0.988514
19154: 0.988515
19155: 0.988515
19156: 0.988516
19157: 0.988517
19158: 0.988517
19159: 0.988518
19160: 0.988518
19161: 0.988519
19162: 0.98852
19163: 0.98852
19164: 0.988521
19165: 0.988521
19166: 0.988522
19167: 0.988523
19168: 0.988523
19169: 0.988524
19170: 0.988524
19171: 0.988525
19172: 0.988526
19173: 0.988526
19174: 0.988527
19175: 0.988527
19176: 0.988528
19177: 0.988529
19178: 0.988529
19179: 0.98853
19180: 0.98853
19181: 0.988531
19182: 0.988532
19183: 0.988532
19184: 0.988533
19185: 0.988533
19186: 0.988534
19187: 0.988535
19188: 0.988535
19189: 0.988536
19190: 0.988536
19191: 0.988537
19192: 0.988537
19193: 0.988538
19194: 0.988539
19195: 0.988539
19196: 0.98854
19197: 0.98854
19198: 0.988541
19199: 0.988542
19200: 0.988542
19201: 0.988543
19202: 0.988543
19203: 0.988544
19204: 0.988545
19205: 0.988545
19206: 0.988546
19207: 0.988546
19208: 0.988547
19209: 0.988548
19210: 0.988548
19211: 0.988549
19212: 0.988549
19213: 0.98855
19214: 0.988551
19215: 0.988551
19216: 0.988552
19217: 0.988552
19218: 0.988553
19219: 0.988554
19220: 0.988554
19221: 0.988555
19222: 0.988555
19223: 0.988556
19224: 0.988557
19225: 0.988557
19226: 0.988558
19227: 0.988558
19228: 0.988559
19229: 0.98856
19230: 0.98856
19231: 0.988561
19232: 0.988561
19233: 0.988562
19234: 0.988563
19235: 0.988563
19236: 0.988564
19237: 0.988564
19238: 0.988565
19239: 0.988565
19240: 0.988566
19241: 0.988567
19242: 0.988567
19243: 0.988568
19244: 0.988568
19245: 0.988569
19246: 0.98857
19247: 0.98857
19248: 0.988571
19249: 0.988571
19250: 0.988572
19251: 0.988573
19252: 0.988573
19253: 0.988574
19254: 0.988574
19255: 0.988575
19256: 0.988576
19257: 0.988576
19258: 0.988577
19259: 0.988577
19260: 0.988578
19261: 0.988579
19262: 0.988579
19263: 0.98858
19264: 0.98858
19265: 0.988581
19266: 0.988582
19267: 0.988582
19268: 0.988583
19269: 0.988583
19270: 0.988584
19271: 0.988584
19272: 0.988585
19273: 0.988586
19274: 0.988586
19275: 0.988587
19276: 0.988587
19277: 0.988588
19278: 0.988589
19279: 0.988589
19280: 0.98859
19281: 0.98859
19282: 0.988591
19283: 0.988592
19284: 0.988592
19285: 0.988593
19286: 0.988593
19287: 0.988594
19288: 0.988595
19289: 0.988595
19290: 0.988596
19291: 0.988596
19292: 0.988597
19293: 0.988597
19294: 0.988598
19295: 0.988599
19296: 0.988599
19297: 0.9886
19298: 0.9886
19299: 0.988601
19300: 0.988602
19301: 0.988602
19302: 0.988603
19303: 0.988603
19304: 0.988604
19305: 0.988605
19306: 0.988605
19307: 0.988606
19308: 0.988606
19309: 0.988607
19310: 0.988608
19311: 0.988608
19312: 0.988609
19313: 0.988609
19314: 0.98861
19315: 0.98861
19316: 0.988611
19317: 0.988612
19318: 0.988612
19319: 0.988613
19320: 0.988613
19321: 0.988614
19322: 0.988615
19323: 0.988615
19324: 0.988616
19325: 0.988616
19326: 0.988617
19327: 0.988618
19328: 0.988618
19329: 0.988619
19330: 0.988619
19331: 0.98862
19332: 0.98862
19333: 0.988621
19334: 0.988622
19335: 0.988622
19336: 0.988623
19337: 0.988623
19338: 0.988624
19339: 0.988625
19340: 0.988625
19341: 0.988626
19342: 0.988626
19343: 0.988627
19344: 0.988628
19345: 0.988628
19346: 0.988629
19347: 0.988629
19348: 0.98863
19349: 0.98863
19350: 0.988631
19351: 0.988632
19352: 0.988632
19353: 0.988633
19354: 0.988633
19355: 0.988634
19356: 0.988635
19357: 0.988635
19358: 0.988636
19359: 0.988636
19360: 0.988637
19361: 0.988638
19362: 0.988638
19363: 0.988639
19364: 0.988639
19365: 0.98864
19366: 0.98864
19367: 0.988641
19368: 0.988642
19369: 0.988642
19370: 0.988643
19371: 0.988643
19372: 0.988644
19373: 0.988645
19374: 0.988645
19375: 0.988646
19376: 0.988646
19377: 0.988647
19378: 0.988648
19379: 0.988648
19380: 0.988649
19381: 0.988649
19382: 0.98865
19383: 0.98865
19384: 0.988651
19385: 0.988652
19386: 0.988652
19387: 0.988653
19388: 0.988653
19389: 0.988654
19390: 0.988655
19391: 0.988655
19392: 0.988656
19393: 0.988656
19394: 0.988657
19395: 0.988657
19396: 0.988658
19397: 0.988659
19398: 0.988659
19399: 0.98866
19400: 0.98866
19401: 0.988661
19402: 0.988662
19403: 0.988662
19404: 0.988663
19405: 0.988663
19406: 0.988664
19407: 0.988664
19408: 0.988665
19409: 0.988666
19410: 0.988666
19411: 0.988667
19412: 0.988667
19413: 0.988668
19414: 0.988669
19415: 0.988669
19416: 0.98867
19417: 0.98867
19418: 0.988671
19419: 0.988671
19420: 0.988672
19421: 0.988673
19422: 0.988673
19423: 0.988674
19424: 0.988674
19425: 0.988675
19426: 0.988676
19427: 0.988676
19428: 0.988677
19429: 0.988677
19430: 0.988678
19431: 0.988678
19432: 0.988679
19433: 0.98868
19434: 0.98868
19435: 0.988681
19436: 0.988681
19437: 0.988682
19438: 0.988683
19439: 0.988683
19440: 0.988684
19441: 0.988684
19442: 0.988685
19443: 0.988685
19444: 0.988686
19445: 0.988687
19446: 0.988687
19447: 0.988688
19448: 0.988688
19449: 0.988689
19450: 0.98869
19451: 0.98869
19452: 0.988691
19453: 0.988691
19454: 0.988692
19455: 0.988692
19456: 0.988693
19457: 0.988694
19458: 0.988694
19459: 0.988695
19460: 0.988695
19461: 0.988696
19462: 0.988697
19463: 0.988697
19464: 0.988698
19465: 0.988698
19466: 0.988699
19467: 0.988699
19468: 0.9887
19469: 0.988701
19470: 0.988701
19471: 0.988702
19472: 0.988702
19473: 0.988703
19474: 0.988703
19475: 0.988704
19476: 0.988705
19477: 0.988705
19478: 0.988706
19479: 0.988706
19480: 0.988707
19481: 0.988708
19482: 0.988708
19483: 0.988709
19484: 0.988709
19485: 0.98871
19486: 0.98871
19487: 0.988711
19488: 0.988712
19489: 0.988712
19490: 0.988713
19491: 0.988713
19492: 0.988714
19493: 0.988714
19494: 0.988715
19495: 0.988716
19496: 0.988716
19497: 0.988717
19498: 0.988717
19499: 0.988718
19500: 0.988719
19501: 0.988719
19502: 0.98872
19503: 0.98872
19504: 0.988721
19505: 0.988721
19506: 0.988722
19507: 0.988723
19508: 0.988723
19509: 0.988724
19510: 0.988724
19511: 0.988725
19512: 0.988725
19513: 0.988726
19514: 0.988727
19515: 0.988727
19516: 0.988728
19517: 0.988728
19518: 0.988729
19519: 0.98873
19520: 0.98873
19521: 0.988731
19522: 0.988731
19523: 0.988732
19524: 0.988732
19525: 0.988733
19526: 0.988734
19527: 0.988734
19528: 0.988735
19529: 0.988735
19530: 0.988736
19531: 0.988736
19532: 0.988737
19533: 0.988738
19534: 0.988738
19535: 0.988739
19536: 0.988739
19537: 0.98874
19538: 0.98874
19539: 0.988741
19540: 0.988742
19541: 0.988742
19542: 0.988743
19543: 0.988743
19544: 0.988744
19545: 0.988745
19546: 0.988745
19547: 0.988746
19548: 0.988746
19549: 0.988747
19550: 0.988747
19551: 0.988748
19552: 0.988749
19553: 0.988749
19554: 0.98875
19555: 0.98875
19556: 0.988751
19557: 0.988751
19558: 0.988752
19559: 0.988753
19560: 0.988753
19561: 0.988754
19562: 0.988754
19563: 0.988755
19564: 0.988755
19565: 0.988756
19566: 0.988757
19567: 0.988757
19568: 0.988758
19569: 0.988758
19570: 0.988759
19571: 0.988759
19572: 0.98876
19573: 0.988761
19574: 0.988761
19575: 0.988762
19576: 0.988762
19577: 0.988763
19578: 0.988763
19579: 0.988764
19580: 0.988765
19581: 0.988765
19582: 0.988766
19583: 0.988766
19584: 0.988767
19585: 0.988767
19586: 0.988768
19587: 0.988769
19588: 0.988769
19589: 0.98877
19590: 0.98877
19591: 0.988771
19592: 0.988772
19593: 0.988772
19594: 0.988773
19595: 0.988773
19596: 0.988774
19597: 0.988774
19598: 0.988775
19599: 0.988776
19600: 0.988776
19601: 0.988777
19602: 0.988777
19603: 0.988778
19604: 0.988778
19605: 0.988779
19606: 0.98878
19607: 0.98878
19608: 0.988781
19609: 0.988781
19610: 0.988782
19611: 0.988782
19612: 0.988783
19613: 0.988784
19614: 0.988784
19615: 0.988785
19616: 0.988785
19617: 0.988786
19618: 0.988786
19619: 0.988787
19620: 0.988788
19621: 0.988788
19622: 0.988789
19623: 0.988789
19624: 0.98879
19625: 0.98879
19626: 0.988791
19627: 0.988792
19628: 0.988792
19629: 0.988793
19630: 0.988793
19631: 0.988794
19632: 0.988794
19633: 0.988795
19634: 0.988796
19635: 0.988796
19636: 0.988797
19637: 0.988797
19638: 0.988798
19639: 0.988798
19640: 0.988799
19641: 0.9888
19642: 0.9888
19643: 0.988801
19644: 0.988801
19645: 0.988802
19646: 0.988802
19647: 0.988803
19648: 0.988804
19649: 0.988804
19650: 0.988805
19651: 0.988805
19652: 0.988806
19653: 0.988806
19654: 0.988807
19655: 0.988807
19656: 0.988808
19657: 0.988809
19658: 0.988809
19659: 0.98881
19660: 0.98881
19661: 0.988811
19662: 0.988811
19663: 0.988812
19664: 0.988813
19665: 0.988813
19666: 0.988814
19667: 0.988814
19668: 0.988815
19669: 0.988815
19670: 0.988816
19671: 0.988817
19672: 0.988817
19673: 0.988818
19674: 0.988818
19675: 0.988819
19676: 0.988819
19677: 0.98882
19678: 0.988821
19679: 0.988821
19680: 0.988822
19681: 0.988822
19682: 0.988823
19683: 0.988823
19684: 0.988824
19685: 0.988825
19686: 0.988825
19687: 0.988826
19688: 0.988826
19689: 0.988827
19690: 0.988827
19691: 0.988828
19692: 0.988829
19693: 0.988829
19694: 0.98883
19695: 0.98883
19696: 0.988831
19697: 0.988831
19698: 0.988832
19699: 0.988832
19700: 0.988833
19701: 0.988834
19702: 0.988834
19703: 0.988835
19704: 0.988835
19705: 0.988836
19706: 0.988836
19707: 0.988837
19708: 0.988838
19709: 0.988838
19710: 0.988839
19711: 0.988839
19712: 0.98884
19713: 0.98884
19714: 0.988841
19715: 0.988842
19716: 0.988842
19717: 0.988843
19718: 0.988843
19719: 0.988844
19720: 0.988844
19721: 0.988845
19722: 0.988846
19723: 0.988846
19724: 0.988847
19725: 0.988847
19726: 0.988848
19727: 0.988848
19728: 0.988849
19729: 0.988849
19730: 0.98885
19731: 0.988851
19732: 0.988851
19733: 0.988852
19734: 0.988852
19735: 0.988853
19736: 0.988853
19737: 0.988854
19738: 0.988855
19739: 0.988855
19740: 0.988856
19741: 0.988856
19742: 0.988857
19743: 0.988857
19744: 0.988858
19745: 0.988859
19746: 0.988859
19747: 0.98886
19748: 0.98886
19749: 0.988861
19750: 0.988861
19751: 0.988862
19752: 0.988862
19753: 0.988863
19754: 0.988864
19755: 0.988864
19756: 0.988865
19757: 0.988865
19758: 0.988866
19759: 0.988866
19760: 0.988867
19761: 0.988868
19762: 0.988868
19763: 0.988869
19764: 0.988869
19765: 0.98887
19766: 0.98887
19767: 0.988871
19768: 0.988871
19769: 0.988872
19770: 0.988873
19771: 0.988873
19772: 0.988874
19773: 0.988874
19774: 0.988875
19775: 0.988875
19776: 0.988876
19777: 0.988877
19778: 0.988877
19779: 0.988878
19780: 0.988878
19781: 0.988879
19782: 0.988879
19783: 0.98888
19784: 0.98888
19785: 0.988881
19786: 0.988882
19787: 0.988882
19788: 0.988883
19789: 0.988883
19790: 0.988884
19791: 0.988884
19792: 0.988885
19793: 0.988886
19794: 0.988886
19795: 0.988887
19796: 0.988887
19797: 0.988888
19798: 0.988888
19799: 0.988889
19800: 0.988889
19801: 0.98889
19802: 0.988891
19803: 0.988891
19804: 0.988892
19805: 0.988892
19806: 0.988893
19807: 0.988893
19808: 0.988894
19809: 0.988894
19810: 0.988895
19811: 0.988896
19812: 0.988896
19813: 0.988897
19814: 0.988897
19815: 0.988898
19816: 0.988898
19817: 0.988899
19818: 0.9889
19819: 0.9889
19820: 0.988901
19821: 0.988901
19822: 0.988902
19823: 0.988902
19824: 0.988903
19825: 0.988903
19826: 0.988904
19827: 0.988905
19828: 0.988905
19829: 0.988906
19830: 0.988906
19831: 0.988907
19832: 0.988907
19833: 0.988908
19834: 0.988908
19835: 0.988909
19836: 0.98891
19837: 0.98891
19838: 0.988911
19839: 0.988911
19840: 0.988912
19841: 0.988912
19842: 0.988913
19843: 0.988914
19844: 0.988914
19845: 0.988915
19846: 0.988915
19847: 0.988916
19848: 0.988916
19849: 0.988917
19850: 0.988917
19851: 0.988918
19852: 0.988919
19853: 0.988919
19854: 0.98892
19855: 0.98892
19856: 0.988921
19857: 0.988921
19858: 0.988922
19859: 0.988922
19860: 0.988923
19861: 0.988873
19862: 0.988874
19863: 0.988874
19864: 0.988875
19865: 0.988875
19866: 0.988876
19867: 0.988877
19868: 0.988877
19869: 0.988878
19870: 0.988878
19871: 0.988879
19872: 0.988879
19873: 0.98888
19874: 0.988881
19875: 0.988881
19876: 0.988882
19877: 0.988832
19878: 0.988832
19879: 0.988833
19880: 0.988834
19881: 0.988834
19882: 0.988835
19883: 0.988835
19884: 0.988836
19885: 0.988836
19886: 0.988837
19887: 0.988837
19888: 0.988838
19889: 0.988839
19890: 0.988839
19891: 0.98884
19892: 0.98884
19893: 0.988841
19894: 0.988841
19895: 0.988842
19896: 0.988843
19897: 0.988843
19898: 0.988844
19899: 0.988844
19900: 0.988845
19901: 0.988845
19902: 0.988846
19903: 0.988846
19904: 0.988847
19905: 0.988848
19906: 0.988848
19907: 0.988849
19908: 0.988849
19909: 0.98885
19910: 0.98885
19911: 0.988851
19912: 0.988852
19913: 0.988852
19914: 0.988853
19915: 0.988853
19916: 0.988854
19917: 0.988854
19918: 0.988855
19919: 0.988855
19920: 0.988856
19921: 0.988857
19922: 0.988857
19923: 0.988858
19924: 0.988858
19925: 0.988859
19926: 0.988859
19927: 0.98886
19928: 0.98886
19929: 0.988861
19930: 0.988862
19931: 0.988862
19932: 0.988863
19933: 0.988863
19934: 0.988864
19935: 0.988864
19936: 0.988865
19937: 0.988865
19938: 0.988866
19939: 0.988867
19940: 0.988867
19941: 0.988868
19942: 0.988868
19943: 0.988869
19944: 0.988869
19945: 0.98887
19946: 0.988871
19947: 0.988871
19948: 0.988872
19949: 0.988872
19950: 0.988873
19951: 0.988873
19952: 0.988874
19953: 0.988874
19954: 0.988875
19955: 0.988876
19956: 0.988876
19957: 0.988877
19958: 0.988877
19959: 0.988878
19960: 0.988878
19961: 0.988879
19962: 0.988879
19963: 0.98888
19964: 0.988881
19965: 0.988881
19966: 0.988882
19967: 0.988882
19968: 0.988883
19969: 0.988883
19970: 0.988884
19971: 0.988884
19972: 0.988885
19973: 0.988886
19974: 0.988886
19975: 0.988887
19976: 0.988887
19977: 0.988888
19978: 0.988888
19979: 0.988889
19980: 0.988889
19981: 0.98889
19982: 0.988891
19983: 0.988891
19984: 0.988892
19985: 0.988892
19986: 0.988893
19987: 0.988893
19988: 0.988894
19989: 0.988894
19990: 0.988895
19991: 0.988896
19992: 0.988896
19993: 0.988897
19994: 0.988897
19995: 0.988898
19996: 0.988898
19997: 0.988899
19998: 0.988899
19999: 0.9889
20000: 0.988901
20001: 0.988901
20002: 0.988902
20003: 0.988902
20004: 0.988903
20005: 0.988903
20006: 0.988904
20007: 0.988904
20008: 0.988905
20009: 0.988906
20010: 0.988906
20011: 0.988907
20012: 0.988907
20013: 0.988908
20014: 0.988908
20015: 0.988909
20016: 0.988909
20017: 0.98891
20018: 0.988911
20019: 0.988911
20020: 0.988912
20021: 0.988912
20022: 0.988913
20023: 0.988913
20024: 0.988914
20025: 0.988914
20026: 0.988915
20027: 0.988916
20028: 0.988916
20029: 0.988917
20030: 0.988917
20031: 0.988918
20032: 0.988918
20033: 0.988919
20034: 0.988919
20035: 0.98892
20036: 0.98892
20037: 0.988921
20038: 0.988922
20039: 0.988922
20040: 0.988923
20041: 0.988923
20042: 0.988924
20043: 0.988924
20044: 0.988925
20045: 0.988925
20046: 0.988926
20047: 0.988927
20048: 0.988927
20049: 0.988928
20050: 0.988928
20051: 0.988929
20052: 0.988929
20053: 0.98893
20054: 0.98893
20055: 0.988931
20056: 0.988932
20057: 0.988932
20058: 0.988933
20059: 0.988933
20060: 0.988934
20061: 0.988934
20062: 0.988935
20063: 0.988935
20064: 0.988936
20065: 0.988937
20066: 0.988937
20067: 0.988938
20068: 0.988938
20069: 0.988939
20070: 0.988939
20071: 0.98894
20072: 0.98894
20073: 0.988941
20074: 0.988941
20075: 0.988942
20076: 0.988943
20077: 0.988943
20078: 0.988944
20079: 0.988944
20080: 0.988945
20081: 0.988945
20082: 0.988946
20083: 0.988946
20084: 0.988947
20085: 0.988948
20086: 0.988948
20087: 0.988949
20088: 0.988949
20089: 0.98895
20090: 0.98895
20091: 0.988951
20092: 0.988951
20093: 0.988952
20094: 0.988952
20095: 0.988953
20096: 0.988954
20097: 0.988954
20098: 0.988955
20099: 0.988955
20100: 0.988956
20101: 0.988956
20102: 0.988957
20103: 0.988957
20104: 0.988958
20105: 0.988959
20106: 0.988959
20107: 0.98896
20108: 0.98896
20109: 0.988961
20110: 0.988961
20111: 0.988962
20112: 0.988962
20113: 0.988963
20114: 0.988963
20115: 0.988964
20116: 0.988965
20117: 0.988965
20118: 0.988966
20119: 0.988966
20120: 0.988967
20121: 0.988967
20122: 0.988968
20123: 0.988968
20124: 0.988969
20125: 0.988969
20126: 0.98897
20127: 0.988971
20128: 0.988971
20129: 0.988972
20130: 0.988972
20131: 0.988973
20132: 0.988973
20133: 0.988974
20134: 0.988925
20135: 0.988925
20136: 0.988926
20137: 0.988926
20138: 0.988927
20139: 0.988928
20140: 0.988928
20141: 0.988929
20142: 0.988929
20143: 0.98893
20144: 0.98893
20145: 0.988931
20146: 0.988931
20147: 0.988932
20148: 0.988932
20149: 0.988933
20150: 0.988934
20151: 0.988934
20152: 0.988935
20153: 0.988935
20154: 0.988936
20155: 0.988936
20156: 0.988937
20157: 0.988937
20158: 0.988938
20159: 0.988938
20160: 0.988939
20161: 0.98894
20162: 0.98894
20163: 0.988941
20164: 0.988941
20165: 0.988942
20166: 0.988942
20167: 0.988943
20168: 0.988943
20169: 0.988944
20170: 0.988945
20171: 0.988945
20172: 0.988946
20173: 0.988946
20174: 0.988947
20175: 0.988947
20176: 0.988948
20177: 0.988948
20178: 0.988949
20179: 0.988949
20180: 0.98895
20181: 0.988951
20182: 0.988951
20183: 0.988952
20184: 0.988952
20185: 0.988953
20186: 0.988904
20187: 0.988904
20188: 0.988905
20189: 0.988905
20190: 0.988906
20191: 0.988906
20192: 0.988907
20193: 0.988908
20194: 0.988908
20195: 0.988909
20196: 0.988909
20197: 0.98891
20198: 0.98891
20199: 0.988911
20200: 0.988911
20201: 0.988912
20202: 0.988913
20203: 0.988913
20204: 0.988914
20205: 0.988914
20206: 0.988915
20207: 0.988915
20208: 0.988916
20209: 0.988916
20210: 0.988917
20211: 0.988917
20212: 0.988918
20213: 0.988919
20214: 0.988919
20215: 0.98892
20216: 0.98892
20217: 0.988921
20218: 0.988921
20219: 0.988922
20220: 0.988922
20221: 0.988923
20222: 0.988924
20223: 0.988924
20224: 0.988925
20225: 0.988925
20226: 0.988926
20227: 0.988926
20228: 0.988927
20229: 0.988927
20230: 0.988928
20231: 0.988928
20232: 0.988929
20233: 0.98893
20234: 0.98893
20235: 0.988931
20236: 0.988931
20237: 0.988932
20238: 0.988932
20239: 0.988933
20240: 0.988933
20241: 0.988934
20242: 0.988934
20243: 0.988935
20244: 0.988936
20245: 0.988936
20246: 0.988937
20247: 0.988937
20248: 0.988938
20249: 0.988938
20250: 0.988939
20251: 0.988939
20252: 0.98894
20253: 0.98894
20254: 0.988941
20255: 0.988942
20256: 0.988942
20257: 0.988943
20258: 0.988943
20259: 0.988944
20260: 0.988944
20261: 0.988945
20262: 0.988945
20263: 0.988946
20264: 0.988946
20265: 0.988947
20266: 0.988948
20267: 0.988948
20268: 0.988949
20269: 0.988949
20270: 0.98895
20271: 0.98895
20272: 0.988951
20273: 0.988951
20274: 0.988952
20275: 0.988952
20276: 0.988953
20277: 0.988954
20278: 0.988954
20279: 0.988955
20280: 0.988955
20281: 0.988956
20282: 0.988956
20283: 0.988957
20284: 0.988957
20285: 0.988958
20286: 0.988958
20287: 0.988959
20288: 0.98896
20289: 0.98896
20290: 0.988961
20291: 0.988961
20292: 0.988962
20293: 0.988962
20294: 0.988963
20295: 0.988963
20296: 0.988964
20297: 0.988964
20298: 0.988965
20299: 0.988966
20300: 0.988966
20301: 0.988967
20302: 0.988967
20303: 0.988968
20304: 0.988968
20305: 0.988969
20306: 0.988969
20307: 0.98897
20308: 0.98897
20309: 0.988971
20310: 0.988971
20311: 0.988972
20312: 0.988973
20313: 0.988973
20314: 0.988974
20315: 0.988974
20316: 0.988975
20317: 0.988975
20318: 0.988976
20319: 0.988976
20320: 0.988977
20321: 0.988977
20322: 0.988978
20323: 0.988979
20324: 0.988979
20325: 0.98898
20326: 0.98898
20327: 0.988981
20328: 0.988981
20329: 0.988982
20330: 0.988982
20331: 0.988983
20332: 0.988983
20333: 0.988984
20334: 0.988985
20335: 0.988985
20336: 0.988986
20337: 0.988986
20338: 0.988987
20339: 0.988987
20340: 0.988988
20341: 0.988988
20342: 0.988989
20343: 0.988989
20344: 0.98899
20345: 0.98899
20346: 0.988991
20347: 0.988992
20348: 0.988992
20349: 0.988993
20350: 0.988993
20351: 0.988994
20352: 0.988994
20353: 0.988995
20354: 0.988995
20355: 0.988996
20356: 0.988996
20357: 0.988997
20358: 0.988997
20359: 0.988998
20360: 0.988999
20361: 0.988999
20362: 0.989
20363: 0.989
20364: 0.989001
20365: 0.989001
20366: 0.989002
20367: 0.989002
20368: 0.989003
20369: 0.989003
20370: 0.989004
20371: 0.989005
20372: 0.989005
20373: 0.989006
20374: 0.989006
20375: 0.989007
20376: 0.989007
20377: 0.989008
20378: 0.989008
20379: 0.989009
20380: 0.989009
20381: 0.98901
20382: 0.98901
20383: 0.989011
20384: 0.989012
20385: 0.989012
20386: 0.989013
20387: 0.989013
20388: 0.989014
20389: 0.989014
20390: 0.989015
20391: 0.989015
20392: 0.989016
20393: 0.989016
20394: 0.989017
20395: 0.989017
20396: 0.989018
20397: 0.989019
20398: 0.989019
20399: 0.98902
20400: 0.98902
20401: 0.989021
20402: 0.989021
20403: 0.989022
20404: 0.989022
20405: 0.989023
20406: 0.989023
20407: 0.989024
20408: 0.989024
20409: 0.989025
20410: 0.989026
20411: 0.989026
20412: 0.989027
20413: 0.989027
20414: 0.989028
20415: 0.989028
20416: 0.989029
20417: 0.989029
20418: 0.98903
20419: 0.98903
20420: 0.989031
20421: 0.989031
20422: 0.989032
20423: 0.989033
20424: 0.989033
20425: 0.989034
20426: 0.989034
20427: 0.989035
20428: 0.989035
20429: 0.989036
20430: 0.989036
20431: 0.989037
20432: 0.989037
20433: 0.989038
20434: 0.989038
20435: 0.989039
20436: 0.989039
20437: 0.98904
20438: 0.989041
20439: 0.989041
20440: 0.989042
20441: 0.989042
20442: 0.989043
20443: 0.989043
20444: 0.989044
20445: 0.989044
20446: 0.989045
20447: 0.989045
20448: 0.989046
20449: 0.989046
20450: 0.989047
20451: 0.989048
20452: 0.989048
20453: 0.989049
20454: 0.989049
20455: 0.98905
20456: 0.98905
20457: 0.989051
20458: 0.989051
20459: 0.989052
20460: 0.989052
20461: 0.989004
20462: 0.989005
20463: 0.989005
20464: 0.989006
20465: 0.989006
20466: 0.989007
20467: 0.989007
20468: 0.989008
20469: 0.989008
20470: 0.989009
20471: 0.989009
20472: 0.98901
20473: 0.98901
20474: 0.989011
20475: 0.989012
20476: 0.989012
20477: 0.989013
20478: 0.989013
20479: 0.989014
20480: 0.989014
20481: 0.989015
20482: 0.989015
20483: 0.989016
20484: 0.989016
20485: 0.989017
20486: 0.989017
20487: 0.989018
20488: 0.989018
20489: 0.989019
20490: 0.98902
20491: 0.98902
20492: 0.989021
20493: 0.989021
20494: 0.989022
20495: 0.989022
20496: 0.989023
20497: 0.989023
20498: 0.989024
20499: 0.989024
20500: 0.989025
20501: 0.989025
20502: 0.989026
20503: 0.989027
20504: 0.989027
20505: 0.989028
20506: 0.989028
20507: 0.989029
20508: 0.989029
20509: 0.98903
20510: 0.98903
20511: 0.989031
20512: 0.989031
20513: 0.989032
20514: 0.989032
20515: 0.989033
20516: 0.989033
20517: 0.989034
20518: 0.989035
20519: 0.989035
20520: 0.989036
20521: 0.989036
20522: 0.989037
20523: 0.989037
20524: 0.989038
20525: 0.989038
20526: 0.989039
20527: 0.989039
20528: 0.98904
20529: 0.98904
20530: 0.989041
20531: 0.989041
20532: 0.989042
20533: 0.989043
20534: 0.989043
20535: 0.989044
20536: 0.989044
20537: 0.989045
20538: 0.989045
20539: 0.989046
20540: 0.989046
20541: 0.989047
20542: 0.989047
20543: 0.989048
20544: 0.989048
20545: 0.989049
20546: 0.989049
20547: 0.98905
20548: 0.989051
20549: 0.989051
20550: 0.989052
20551: 0.989052
20552: 0.989053
20553: 0.989053
20554: 0.989054
20555: 0.989054
20556: 0.989055
20557: 0.989055
20558: 0.989056
20559: 0.989056
20560: 0.989057
20561: 0.989057
20562: 0.989058
20563: 0.989059
20564: 0.989059
20565: 0.98906
20566: 0.98906
20567: 0.989061
20568: 0.989061
20569: 0.989062
20570: 0.989062
20571: 0.989063
20572: 0.989063
20573: 0.989064
20574: 0.989064
20575: 0.989065
20576: 0.989065
20577: 0.989066
20578: 0.989067
20579: 0.989067
20580: 0.989068
20581: 0.989068
20582: 0.989069
20583: 0.989069
20584: 0.98907
20585: 0.98907
20586: 0.989071
20587: 0.989071
20588: 0.989072
20589: 0.989072
20590: 0.989073
20591: 0.989073
20592: 0.989074
20593: 0.989074
20594: 0.989075
20595: 0.989076
20596: 0.989076
20597: 0.989077
20598: 0.989077
20599: 0.989078
20600: 0.989078
20601: 0.989079
20602: 0.989079
20603: 0.98908
20604: 0.98908
20605: 0.989081
20606: 0.989081
20607: 0.989082
20608: 0.989082
20609: 0.989083
20610: 0.989083
20611: 0.989084
20612: 0.989085
20613: 0.989085
20614: 0.989086
20615: 0.989086
20616: 0.989087
20617: 0.989087
20618: 0.989088
20619: 0.989088
20620: 0.989089
20621: 0.989089
20622: 0.98909
20623: 0.98909
20624: 0.989091
20625: 0.989091
20626: 0.989092
20627: 0.989092
20628: 0.989093
20629: 0.989094
20630: 0.989094
20631: 0.989095
20632: 0.989095
20633: 0.989096
20634: 0.989096
20635: 0.989097
20636: 0.989097
20637: 0.989098
20638: 0.989098
20639: 0.989099
20640: 0.989099
20641: 0.9891
20642: 0.9891
20643: 0.989101
20644: 0.989101
20645: 0.989102
20646: 0.989103
20647: 0.989103
20648: 0.989104
20649: 0.989104
20650: 0.989105
20651: 0.989105
20652: 0.989106
20653: 0.989106
20654: 0.989058
20655: 0.98901
20656: 0.989011
20657: 0.989012
20658: 0.989012
20659: 0.989013
20660: 0.989013
20661: 0.989014
20662: 0.989014
20663: 0.989015
20664: 0.989015
20665: 0.989016
20666: 0.989016
20667: 0.989017
20668: 0.989017
20669: 0.989018
20670: 0.989018
20671: 0.989019
20672: 0.989019
20673: 0.98902
20674: 0.989021
20675: 0.989021
20676: 0.989022
20677: 0.989022
20678: 0.989023
20679: 0.989023
20680: 0.989024
20681: 0.989024
20682: 0.989025
20683: 0.989025
20684: 0.989026
20685: 0.989026
20686: 0.989027
20687: 0.989027
20688: 0.989028
20689: 0.989029
20690: 0.989029
20691: 0.98903
20692: 0.98903
20693: 0.989031
20694: 0.989031
20695: 0.989032
20696: 0.989032
20697: 0.989033
20698: 0.989033
20699: 0.989034
20700: 0.989034
20701: 0.989035
20702: 0.989035
20703: 0.989036
20704: 0.989036
20705: 0.989037
20706: 0.989038
20707: 0.989038
20708: 0.989039
20709: 0.989039
20710: 0.98904
20711: 0.98904
20712: 0.989041
20713: 0.989041
20714: 0.989042
20715: 0.989042
20716: 0.989043
20717: 0.989043
20718: 0.989044
20719: 0.988996
20720: 0.988948
20721: 0.988949
20722: 0.988949
20723: 0.98895
20724: 0.988951
20725: 0.988951
20726: 0.988952
20727: 0.988952
20728: 0.988953
20729: 0.988953
20730: 0.988954
20731: 0.988954
20732: 0.988955
20733: 0.988955
20734: 0.988956
20735: 0.988956
20736: 0.988957
20737: 0.988957
20738: 0.988958
20739: 0.988959
20740: 0.988959
20741: 0.98896
20742: 0.98896
20743: 0.988961
20744: 0.988961
20745: 0.988962
20746: 0.988962
20747: 0.988963
20748: 0.988963
20749: 0.988964
20750: 0.988964
20751: 0.988965
20752: 0.988965
20753: 0.988966
20754: 0.988967
20755: 0.988967
20756: 0.988968
20757: 0.988968
20758: 0.988969
20759: 0.988969
20760: 0.98897
20761: 0.98897
20762: 0.988971
20763: 0.988971
20764: 0.988972
20765: 0.988972
20766: 0.988973
20767: 0.988973
20768: 0.988974
20769: 0.988974
20770: 0.988975
20771: 0.988976
20772: 0.988976
20773: 0.988977
20774: 0.988977
20775: 0.988978
20776: 0.988978
20777: 0.988979
20778: 0.988979
20779: 0.98898
20780: 0.98898
20781: 0.988981
20782: 0.988981
20783: 0.988982
20784: 0.988982
20785: 0.988983
20786: 0.988983
20787: 0.988984
20788: 0.988985
20789: 0.988985
20790: 0.988986
20791: 0.988986
20792: 0.988987
20793: 0.988987
20794: 0.988988
20795: 0.988988
20796: 0.988989
20797: 0.988989
20798: 0.98899
20799: 0.98899
20800: 0.988991
20801: 0.988991
20802: 0.988992
20803: 0.988993
20804: 0.988993
20805: 0.988994
20806: 0.988994
20807: 0.988995
20808: 0.988995
20809: 0.988996
20810: 0.988996
20811: 0.988997
20812: 0.988997
20813: 0.988998
20814: 0.988998
20815: 0.988999
20816: 0.988999
20817: 0.989
20818: 0.989
20819: 0.989001
20820: 0.989001
20821: 0.989002
20822: 0.989003
20823: 0.989003
20824: 0.989004
20825: 0.989004
20826: 0.989005
20827: 0.989005
20828: 0.989006
20829: 0.989006
20830: 0.989007
20831: 0.989007
20832: 0.989008
20833: 0.989008
20834: 0.989009
20835: 0.989009
20836: 0.98901
20837: 0.98901
20838: 0.989011
20839: 0.989012
20840: 0.989012
20841: 0.989013
20842: 0.989013
20843: 0.989014
20844: 0.989014
20845: 0.989015
20846: 0.989015
20847: 0.989016
20848: 0.989016
20849: 0.989017
20850: 0.989017
20851: 0.989018
20852: 0.989018
20853: 0.989019
20854: 0.989019
20855: 0.98902
20856: 0.98902
20857: 0.989021
20858: 0.989022
20859: 0.989022
20860: 0.989023
20861: 0.989023
20862: 0.989024
20863: 0.989024
20864: 0.989025
20865: 0.989025
20866: 0.989026
20867: 0.989026
20868: 0.989027
20869: 0.989027
20870: 0.989028
20871: 0.989028
20872: 0.989029
20873: 0.989029
20874: 0.98903
20875: 0.98903
20876: 0.989031
20877: 0.989032
20878: 0.989032
20879: 0.989033
20880: 0.989033
20881: 0.989034
20882: 0.989034
20883: 0.989035
20884: 0.989035
20885: 0.989036
20886: 0.989036
20887: 0.989037
20888: 0.989037
20889: 0.989038
20890: 0.989038
20891: 0.989039
20892: 0.989039
20893: 0.98904
20894: 0.98904
20895: 0.989041
20896: 0.989041
20897: 0.989042
20898: 0.989043
20899: 0.989043
20900: 0.989044
20901: 0.989044
20902: 0.989045
20903: 0.989045
20904: 0.989046
20905: 0.989046
20906: 0.989047
20907: 0.989047
20908: 0.989048
20909: 0.989048
20910: 0.989049
20911: 0.989049
20912: 0.98905
20913: 0.98905
20914: 0.989051
20915: 0.989051
20916: 0.989052
20917: 0.989052
20918: 0.989053
20919: 0.989054
20920: 0.989054
20921: 0.989055
20922: 0.989055
20923: 0.989056
20924: 0.989056
20925: 0.989057
20926: 0.989057
20927: 0.989058
20928: 0.989058
20929: 0.989059
20930: 0.989059
20931: 0.98906
20932: 0.98906
20933: 0.989061
20934: 0.989061
20935: 0.989062
20936: 0.989062
20937: 0.989063
20938: 0.989063
20939: 0.989064
20940: 0.989065
20941: 0.989065
20942: 0.989066
20943: 0.989066
20944: 0.989067
20945: 0.989067
20946: 0.989068
20947: 0.989068
20948: 0.989069
20949: 0.989069
20950: 0.98907
20951: 0.98907
20952: 0.989071
20953: 0.989071
20954: 0.989072
20955: 0.989072
20956: 0.989073
20957: 0.989073
20958: 0.989074
20959: 0.989074
20960: 0.989075
20961: 0.989075
20962: 0.989076
20963: 0.989077
20964: 0.989077
20965: 0.989078
20966: 0.989078
20967: 0.989079
20968: 0.989079
20969: 0.98908
20970: 0.98908
20971: 0.989081
20972: 0.989081
20973: 0.989082
20974: 0.989082
20975: 0.989083
20976: 0.989083
20977: 0.989084
20978: 0.989084
20979: 0.989085
20980: 0.989085
20981: 0.989086
20982: 0.989086
20983: 0.989087
20984: 0.989087
20985: 0.989088
20986: 0.989088
20987: 0.989089
20988: 0.98909
20989: 0.98909
20990: 0.989091
20991: 0.989091
20992: 0.989092
20993: 0.989092
20994: 0.989093
20995: 0.989093
20996: 0.989094
20997: 0.989094
20998: 0.989095
20999: 0.989095
21000: 0.989096
21001: 0.989096
21002: 0.989097
21003: 0.989097
21004: 0.989098
21005: 0.989098
21006: 0.989099
21007: 0.989099
21008: 0.9891
21009: 0.9891
21010: 0.989101
21011: 0.989101
21012: 0.989102
21013: 0.989103
21014: 0.989103
21015: 0.989104
21016: 0.989104
21017: 0.989105
21018: 0.989105
21019: 0.989106
21020: 0.989106
21021: 0.989107
21022: 0.989107
21023: 0.989108
21024: 0.989108
21025: 0.989109
21026: 0.989109
21027: 0.98911
21028: 0.98911
21029: 0.989111
21030: 0.989111
21031: 0.989112
21032: 0.989112
21033: 0.989113
21034: 0.989113
21035: 0.989114
21036: 0.989114
21037: 0.989115
21038: 0.989115
21039: 0.989116
21040: 0.989116
21041: 0.989117
21042: 0.989118
21043: 0.989118
21044: 0.989119
21045: 0.989119
21046: 0.98912
21047: 0.98912
21048: 0.989121
21049: 0.989121
21050: 0.989122
21051: 0.989122
21052: 0.989123
21053: 0.989123
21054: 0.989124
21055: 0.989124
21056: 0.989125
21057: 0.989125
21058: 0.989126
21059: 0.989126
21060: 0.989127
21061: 0.989127
21062: 0.989128
21063: 0.989128
21064: 0.989129
21065: 0.989129
21066: 0.98913
21067: 0.98913
21068: 0.989131
21069: 0.989131
21070: 0.989132
21071: 0.989132
21072: 0.989133
21073: 0.989134
21074: 0.989134
21075: 0.989135
21076: 0.989135
21077: 0.989136
21078: 0.989136
21079: 0.989137
21080: 0.989137
21081: 0.989138
21082: 0.989138
21083: 0.989139
21084: 0.989139
21085: 0.98914
21086: 0.98914
21087: 0.989141
21088: 0.989141
21089: 0.989142
21090: 0.989142
21091: 0.989143
21092: 0.989143
21093: 0.989144
21094: 0.989144
21095: 0.989145
21096: 0.989145
21097: 0.989146
21098: 0.989146
21099: 0.989147
21100: 0.989147
21101: 0.989148
21102: 0.989148
21103: 0.989149
21104: 0.989149
21105: 0.98915
21106: 0.989151
21107: 0.989151
21108: 0.989152
21109: 0.989152
21110: 0.989153
21111: 0.989153
21112: 0.989154
21113: 0.989154
21114: 0.989155
21115: 0.989155
21116: 0.989156
21117: 0.989156
21118: 0.989157
21119: 0.989157
21120: 0.989158
21121: 0.989158
21122: 0.989159
21123: 0.989159
21124: 0.98916
21125: 0.98916
21126: 0.989161
21127: 0.989161
21128: 0.989162
21129: 0.989162
21130: 0.989163
21131: 0.989163
21132: 0.989164
21133: 0.989164
21134: 0.989165
21135: 0.989165
21136: 0.989166
21137: 0.989166
21138: 0.989167
21139: 0.989167
21140: 0.989168
21141: 0.989168
21142: 0.989169
21143: 0.98917
21144: 0.98917
21145: 0.989171
21146: 0.989171
21147: 0.989172
21148: 0.989172
21149: 0.989173
21150: 0.989173
21151: 0.989174
21152: 0.989174
21153: 0.989175
21154: 0.989175
21155: 0.989176
21156: 0.989176
21157: 0.989177
21158: 0.989177
21159: 0.989178
21160: 0.989178
21161: 0.989179
21162: 0.989179
21163: 0.98918
21164: 0.98918
21165: 0.989181
21166: 0.989181
21167: 0.989182
21168: 0.989182
21169: 0.989183
21170: 0.989183
21171: 0.989184
21172: 0.989184
21173: 0.989185
21174: 0.989185
21175: 0.989186
21176: 0.989186
21177: 0.989187
21178: 0.989187
21179: 0.989188
21180: 0.989188
21181: 0.989189
21182: 0.989189
21183: 0.98919
21184: 0.98919
21185: 0.989191
21186: 0.989191
21187: 0.989192
21188: 0.989193
21189: 0.989193
21190: 0.989194
21191: 0.989194
21192: 0.989195
21193: 0.989195
21194: 0.989196
21195: 0.989196
21196: 0.989197
21197: 0.989197
21198: 0.989198
21199: 0.989198
21200: 0.989199
21201: 0.989199
21202: 0.9892
21203: 0.9892
21204: 0.989201
21205: 0.989201
21206: 0.989202
21207: 0.989202
21208: 0.989203
21209: 0.989203
21210: 0.989204
21211: 0.989204
21212: 0.989205
21213: 0.989205
21214: 0.989206
21215: 0.989206
21216: 0.989207
21217: 0.989207
21218: 0.989208
21219: 0.989208
21220: 0.989209
21221: 0.989209
21222: 0.98921
21223: 0.98921
21224: 0.989211
21225: 0.989211
21226: 0.989212
21227: 0.989212
21228: 0.989213
21229: 0.989213
21230: 0.989214
21231: 0.989214
21232: 0.989215
21233: 0.989215
21234: 0.989216
21235: 0.989216
21236: 0.989217
21237: 0.989217
21238: 0.989218
21239: 0.989218
21240: 0.989219
21241: 0.989219
21242: 0.98922
21243: 0.98922
21244: 0.989221
21245: 0.989222
21246: 0.989222
21247: 0.989223
21248: 0.989223
21249: 0.989224
21250: 0.989224
21251: 0.989225
21252: 0.989225
21253: 0.989226
21254: 0.989226
21255: 0.989227
21256: 0.989227
21257: 0.989228
21258: 0.989228
21259: 0.989229
21260: 0.989229
21261: 0.98923
21262: 0.98923
21263: 0.989231
21264: 0.989231
21265: 0.989232
21266: 0.989232
21267: 0.989233
21268: 0.989233
21269: 0.989234
21270: 0.989234
21271: 0.989235
21272: 0.989235
21273: 0.989236
21274: 0.989236
21275: 0.989237
21276: 0.989237
21277: 0.989238
21278: 0.989238
21279: 0.989239
21280: 0.989239
21281: 0.98924
21282: 0.98924
21283: 0.989241
21284: 0.989241
21285: 0.989242
21286: 0.989242
21287: 0.989243
21288: 0.989243
21289: 0.989244
21290: 0.989244
21291: 0.989245
21292: 0.989245
21293: 0.989246
21294: 0.989246
21295: 0.989247
21296: 0.989247
21297: 0.989248
21298: 0.989248
21299: 0.989249
21300: 0.989249
21301: 0.98925
21302: 0.98925
21303: 0.989251
21304: 0.989251
21305: 0.989252
21306: 0.989252
21307: 0.989253
21308: 0.989253
21309: 0.989254
21310: 0.989254
21311: 0.989255
21312: 0.989255
21313: 0.989256
21314: 0.989256
21315: 0.989257
21316: 0.989257
21317: 0.989258
21318: 0.989258
21319: 0.989259
21320: 0.989259
21321: 0.98926
21322: 0.98926
21323: 0.989261
21324: 0.989261
21325: 0.989262
21326: 0.989262
21327: 0.989263
21328: 0.989263
21329: 0.989264
21330: 0.989264
21331: 0.989265
21332: 0.989265
21333: 0.989266
21334: 0.989266
21335: 0.989267
21336: 0.989267
21337: 0.989268
21338: 0.989268
21339: 0.989269
21340: 0.989269
21341: 0.98927
21342: 0.98927
21343: 0.989271
21344: 0.989271
21345: 0.989272
21346: 0.989272
21347: 0.989273
21348: 0.989274
21349: 0.989274
21350: 0.989275
21351: 0.989275
21352: 0.989276
21353: 0.989276
21354: 0.989277
21355: 0.989277
21356: 0.989278
21357: 0.989278
21358: 0.989279
21359: 0.989279
21360: 0.98928
21361: 0.98928
21362: 0.989281
21363: 0.989281
21364: 0.989282
21365: 0.989282
21366: 0.989283
21367: 0.989283
21368: 0.989284
21369: 0.989284
21370: 0.989285
21371: 0.989285
21372: 0.989286
21373: 0.989286
21374: 0.989287
21375: 0.989287
21376: 0.989288
21377: 0.989288
21378: 0.989289
21379: 0.989289
21380: 0.98929
21381: 0.98929
21382: 0.989291
21383: 0.989291
21384: 0.989292
21385: 0.989292
21386: 0.989293
21387: 0.989293
21388: 0.989294
21389: 0.989294
21390: 0.989295
21391: 0.989295
21392: 0.989296
21393: 0.989296
21394: 0.989297
21395: 0.989297
21396: 0.989298
21397: 0.989298
21398: 0.989299
21399: 0.989299
21400: 0.9893
21401: 0.9893
21402: 0.989301
21403: 0.989301
21404: 0.989302
21405: 0.989302
21406: 0.989303
21407: 0.989303
21408: 0.989304
21409: 0.989304
21410: 0.989305
21411: 0.989305
21412: 0.989306
21413: 0.989306
21414: 0.989307
21415: 0.989307
21416: 0.989308
21417: 0.989308
21418: 0.989309
21419: 0.989309
21420: 0.98931
21421: 0.98931
21422: 0.989311
21423: 0.989311
21424: 0.989312
21425: 0.989312
21426: 0.989313
21427: 0.989313
21428: 0.989314
21429: 0.989314
21430: 0.989315
21431: 0.989315
21432: 0.989316
21433: 0.989316
21434: 0.989317
21435: 0.989317
21436: 0.989318
21437: 0.989318
21438: 0.989319
21439: 0.989319
21440: 0.98932
21441: 0.98932
21442: 0.989321
21443: 0.989321
21444: 0.989322
21445: 0.989322
21446: 0.989323
21447: 0.989323
21448: 0.989324
21449: 0.989324
21450: 0.989325
21451: 0.989325
21452: 0.989326
21453: 0.989326
21454: 0.989326
21455: 0.989327
21456: 0.989327
21457: 0.989328
21458: 0.989328
21459: 0.989329
21460: 0.989329
21461: 0.98933
21462: 0.98933
21463: 0.989331
21464: 0.989331
21465: 0.989332
21466: 0.989332
21467: 0.989333
21468: 0.989333
21469: 0.989334
21470: 0.989334
21471: 0.989335
21472: 0.989335
21473: 0.989336
21474: 0.989336
21475: 0.989337
21476: 0.989337
21477: 0.989338
21478: 0.989338
21479: 0.989339
21480: 0.989339
21481: 0.98934
21482: 0.98934
21483: 0.989341
21484: 0.989341
21485: 0.989342
21486: 0.989342
21487: 0.989343
21488: 0.989343
21489: 0.989344
21490: 0.989344
21491: 0.989345
21492: 0.989345
21493: 0.989346
21494: 0.989346
21495: 0.989347
21496: 0.989347
21497: 0.989348
21498: 0.989348
21499: 0.989349
21500: 0.989349
21501: 0.98935
21502: 0.98935
21503: 0.989351
21504: 0.989351
21505: 0.989352
21506: 0.989352
21507: 0.989353
21508: 0.989353
21509: 0.989354
21510: 0.989354
21511: 0.989355
21512: 0.989355
21513: 0.989356
21514: 0.989356
21515: 0.989357
21516: 0.989357
21517: 0.989358
21518: 0.989358
21519: 0.989359
21520: 0.989359
21521: 0.98936
21522: 0.98936
21523: 0.989361
21524: 0.989361
21525: 0.989362
21526: 0.989362
21527: 0.989363
21528: 0.989363
21529: 0.989364
21530: 0.989364
21531: 0.989365
21532: 0.989365
21533: 0.989366
21534: 0.989366
21535: 0.98932
21536: 0.989321
21537: 0.989321
21538: 0.989322
21539: 0.989322
21540: 0.989323
21541: 0.989323
21542: 0.989324
21543: 0.989324
21544: 0.989325
21545: 0.989325
21546: 0.989326
21547: 0.989326
21548: 0.989327
21549: 0.989327
21550: 0.989328
21551: 0.989282
21552: 0.989282
21553: 0.989283
21554: 0.989283
21555: 0.989284
21556: 0.989284
21557: 0.989285
21558: 0.989285
21559: 0.989286
21560: 0.989286
21561: 0.989287
21562: 0.989287
21563: 0.989288
21564: 0.989288
21565: 0.989242
21566: 0.989243
21567: 0.989243
21568: 0.989244
21569: 0.989244
21570: 0.989245
21571: 0.989245
21572: 0.989246
21573: 0.989246
21574: 0.989247
21575: 0.989247
21576: 0.989248
21577: 0.989248
21578: 0.989249
21579: 0.989249
21580: 0.98925
21581: 0.98925
21582: 0.989251
21583: 0.989251
21584: 0.989252
21585: 0.989252
21586: 0.989253
21587: 0.989253
21588: 0.989254
21589: 0.989254
21590: 0.989255
21591: 0.989255
21592: 0.989256
21593: 0.989256
21594: 0.989257
21595: 0.989257
21596: 0.989258
21597: 0.989258
21598: 0.989259
21599: 0.989259
21600: 0.98926
21601: 0.98926
21602: 0.989261
21603: 0.989261
21604: 0.989262
21605: 0.989262
21606: 0.989263
21607: 0.989263
21608: 0.989264
21609: 0.989264
21610: 0.989265
21611: 0.989265
21612: 0.989266
21613: 0.989266
21614: 0.989267
21615: 0.989267
21616: 0.989268
21617: 0.989268
21618: 0.989269
21619: 0.989269
21620: 0.98927
21621: 0.98927
21622: 0.989271
21623: 0.989271
21624: 0.989272
21625: 0.989272
21626: 0.989273
21627: 0.989273
21628: 0.989274
21629: 0.989274
21630: 0.989275
21631: 0.989275
21632: 0.989276
21633: 0.989276
21634: 0.989277
21635: 0.989277
21636: 0.989278
21637: 0.989278
21638: 0.989279
21639: 0.989279
21640: 0.98928
21641: 0.98928
21642: 0.989281
21643: 0.989281
21644: 0.989282
21645: 0.989282
21646: 0.989283
21647: 0.989283
21648: 0.989284
21649: 0.989284
21650: 0.989285
21651: 0.989285
21652: 0.989286
21653: 0.989286
21654: 0.989287
21655: 0.989287
21656: 0.989288
21657: 0.989288
21658: 0.989289
21659: 0.989289
21660: 0.98929
21661: 0.98929
21662: 0.98929
21663: 0.989291
21664: 0.989291
21665: 0.989292
21666: 0.989292
21667: 0.989293
21668: 0.989293
21669: 0.989294
21670: 0.989294
21671: 0.989295
21672: 0.989295
21673: 0.989296
21674: 0.989296
21675: 0.989297
21676: 0.989297
21677: 0.989298
21678: 0.989298
21679: 0.989299
21680: 0.989299
21681: 0.9893
21682: 0.9893
21683: 0.989301
21684: 0.989301
21685: 0.989302
21686: 0.989302
21687: 0.989303
21688: 0.989303
21689: 0.989304
21690: 0.989304
21691: 0.989305
21692: 0.989305
21693: 0.989306
21694: 0.989306
21695: 0.989307
21696: 0.989307
21697: 0.989308
21698: 0.989308
21699: 0.989309
21700: 0.989309
21701: 0.98931
21702: 0.98931
21703: 0.989311
21704: 0.989311
21705: 0.989312
21706: 0.989312
21707: 0.989313
21708: 0.989313
21709: 0.989314
21710: 0.989314
21711: 0.989315
21712: 0.989315
21713: 0.989316
21714: 0.989316
21715: 0.989317
21716: 0.989317
21717: 0.989318
21718: 0.989318
21719: 0.989319
21720: 0.989319
21721: 0.98932
21722: 0.98932
21723: 0.989321
21724: 0.989321
21725: 0.989322
21726: 0.989322
21727: 0.989323
21728: 0.989323
21729: 0.989324
21730: 0.989324
21731: 0.989324
21732: 0.989325
21733: 0.989325
21734: 0.989326
21735: 0.989326
21736: 0.989327
21737: 0.989327
21738: 0.989328
21739: 0.989328
21740: 0.989329
21741: 0.989329
21742: 0.98933
21743: 0.98933
21744: 0.989331
21745: 0.989331
21746: 0.989332
21747: 0.989332
21748: 0.989333
21749: 0.989333
21750: 0.989334
21751: 0.989334
21752: 0.989335
21753: 0.989335
21754: 0.989336
21755: 0.989336
21756: 0.989337
21757: 0.989337
21758: 0.989338
21759: 0.989338
21760: 0.989339
21761: 0.989339
21762: 0.98934
21763: 0.98934
21764: 0.989341
21765: 0.989341
21766: 0.989342
21767: 0.989342
21768: 0.989343
21769: 0.989343
21770: 0.989344
21771: 0.989344
21772: 0.989345
21773: 0.989345
21774: 0.989346
21775: 0.989346
21776: 0.989347
21777: 0.989347
21778: 0.989348
21779: 0.989348
21780: 0.989349
21781: 0.989349
21782: 0.989349
21783: 0.98935
21784: 0.98935
21785: 0.989351
21786: 0.989351
21787: 0.989352
21788: 0.989352
21789: 0.989353
21790: 0.989353
21791: 0.989354
21792: 0.989354
21793: 0.989355
21794: 0.989355
21795: 0.989356
21796: 0.989356
21797: 0.989357
21798: 0.989357
21799: 0.989358
21800: 0.989358
21801: 0.989359
21802: 0.989359
21803: 0.98936
21804: 0.98936
21805: 0.989361
21806: 0.989361
21807: 0.989362
21808: 0.989362
21809: 0.989363
21810: 0.989363
21811: 0.989364
21812: 0.989364
21813: 0.989365
21814: 0.989365
21815: 0.989366
21816: 0.989366
21817: 0.989367
21818: 0.989367
21819: 0.989368
21820: 0.989368
21821: 0.989369
21822: 0.989369
21823: 0.98937
21824: 0.98937
21825: 0.98937
21826: 0.989371
21827: 0.989371
21828: 0.989372
21829: 0.989372
21830: 0.989373
21831: 0.989373
21832: 0.989374
21833: 0.989374
21834: 0.989375
21835: 0.989375
21836: 0.989376
21837: 0.989376
21838: 0.989377
21839: 0.989377
21840: 0.989378
21841: 0.989378
21842: 0.989379
21843: 0.989379
21844: 0.98938
21845: 0.98938
21846: 0.989381
21847: 0.989381
21848: 0.989382
21849: 0.989382
21850: 0.989383
21851: 0.989383
21852: 0.989384
21853: 0.989384
21854: 0.989385
21855: 0.989385
21856: 0.989386
21857: 0.989386
21858: 0.989387
21859: 0.989387
21860: 0.989387
21861: 0.989388
21862: 0.989388
21863: 0.989389
21864: 0.989389
21865: 0.98939
21866: 0.98939
21867: 0.989391
21868: 0.989391
21869: 0.989392
21870: 0.989392
21871: 0.989393
21872: 0.989393
21873: 0.989394
21874: 0.989394
21875: 0.989395
21876: 0.989395
21877: 0.989396
21878: 0.989396
21879: 0.989397
21880: 0.989397
21881: 0.989398
21882: 0.989398
21883: 0.989399
21884: 0.989399
21885: 0.9894
21886: 0.9894
21887: 0.989401
21888: 0.989401
21889: 0.989402
21890: 0.989402
21891: 0.989403
21892: 0.989403
21893: 0.989403
21894: 0.989404
21895: 0.989404
21896: 0.989405
21897: 0.989405
21898: 0.989406
21899: 0.989406
21900: 0.989407
21901: 0.989407
21902: 0.989408
21903: 0.989408
21904: 0.989409
21905: 0.989409
21906: 0.98941
21907: 0.98941
21908: 0.989411
21909: 0.989411
21910: 0.989412
21911: 0.989412
21912: 0.989413
21913: 0.989413
21914: 0.989414
21915: 0.989414
21916: 0.989415
21917: 0.989415
21918: 0.989416
21919: 0.989416
21920: 0.989417
21921: 0.989417
21922: 0.989418
21923: 0.989418
21924: 0.989418
21925: 0.989419
21926: 0.989419
21927: 0.98942
21928: 0.98942
21929: 0.989421
21930: 0.989421
21931: 0.989422
21932: 0.989422
21933: 0.989423
21934: 0.989423
21935: 0.989424
21936: 0.989424
21937: 0.989425
21938: 0.989425
21939: 0.989426
21940: 0.989426
21941: 0.989427
21942: 0.989427
21943: 0.989428
21944: 0.989428
21945: 0.989429
21946: 0.989429
21947: 0.98943
21948: 0.98943
21949: 0.989431
21950: 0.989431
21951: 0.989431
21952: 0.989432
21953: 0.989432
21954: 0.989433
21955: 0.989433
21956: 0.989434
21957: 0.989434
21958: 0.989435
21959: 0.989435
21960: 0.989436
21961: 0.989436
21962: 0.989437
21963: 0.989437
21964: 0.989438
21965: 0.989438
21966: 0.989439
21967: 0.989439
21968: 0.98944
21969: 0.98944
21970: 0.989441
21971: 0.989441
21972: 0.989442
21973: 0.989442
21974: 0.989443
21975: 0.989443
21976: 0.989444
21977: 0.989444
21978: 0.989444
21979: 0.989445
21980: 0.989445
21981: 0.989446
21982: 0.989446
21983: 0.989447
21984: 0.989447
21985: 0.989448
21986: 0.989448
21987: 0.989449
21988: 0.989449
21989: 0.98945
21990: 0.98945
21991: 0.989451
21992: 0.989451
21993: 0.989452
21994: 0.989452
21995: 0.989453
21996: 0.989453
21997: 0.989454
21998: 0.989454
21999: 0.989455
22000: 0.989455
22001: 0.989456
22002: 0.989456
22003: 0.989456
22004: 0.989457
22005: 0.989457
22006: 0.989458
22007: 0.989458
22008: 0.989459
22009: 0.989459
22010: 0.98946
22011: 0.98946
22012: 0.989461
22013: 0.989461
22014: 0.989462
22015: 0.989462
22016: 0.989463
22017: 0.989463
22018: 0.989464
22019: 0.989464
22020: 0.989465
22021: 0.989465
22022: 0.989466
22023: 0.989466
22024: 0.989467
22025: 0.989422
22026: 0.989422
22027: 0.989423
22028: 0.989423
22029: 0.989424
22030: 0.989424
22031: 0.989424
22032: 0.989425
22033: 0.989425
22034: 0.989426
22035: 0.989426
22036: 0.989427
22037: 0.989427
22038: 0.989428
22039: 0.989428
22040: 0.989429
22041: 0.989429
22042: 0.98943
22043: 0.98943
22044: 0.989431
22045: 0.989431
22046: 0.989432
22047: 0.989432
22048: 0.989433
22049: 0.989433
22050: 0.989434
22051: 0.989434
22052: 0.989435
22053: 0.989435
22054: 0.989436
22055: 0.989436
22056: 0.989436
22057: 0.989437
22058: 0.989437
22059: 0.989438
22060: 0.989438
22061: 0.989439
22062: 0.989439
22063: 0.98944
22064: 0.98944
22065: 0.989441
22066: 0.989441
22067: 0.989442
22068: 0.989442
22069: 0.989443
22070: 0.989443
22071: 0.989444
22072: 0.989444
22073: 0.989445
22074: 0.989445
22075: 0.989446
22076: 0.989446
22077: 0.989447
22078: 0.989447
22079: 0.989447
22080: 0.989448
22081: 0.989448
22082: 0.989449
22083: 0.989449
22084: 0.98945
22085: 0.98945
22086: 0.989451
22087: 0.989451
22088: 0.989452
22089: 0.989452
22090: 0.989453
22091: 0.989453
22092: 0.989454
22093: 0.989454
22094: 0.989455
22095: 0.989455
22096: 0.989456
22097: 0.989456
22098: 0.989457
22099: 0.989457
22100: 0.989457
22101: 0.989458
22102: 0.989458
22103: 0.989459
22104: 0.989459
22105: 0.98946
22106: 0.98946
22107: 0.989461
22108: 0.989461
22109: 0.989462
22110: 0.989462
22111: 0.989463
22112: 0.989463
22113: 0.989464
22114: 0.989464
22115: 0.989465
22116: 0.989465
22117: 0.989466
22118: 0.989466
22119: 0.989467
22120: 0.989467
22121: 0.989467
22122: 0.989468
22123: 0.989468
22124: 0.989469
22125: 0.989469
22126: 0.98947
22127: 0.98947
22128: 0.989471
22129: 0.989471
22130: 0.989472
22131: 0.989472
22132: 0.989473
22133: 0.989473
22134: 0.989474
22135: 0.989474
22136: 0.989475
22137: 0.989475
22138: 0.989476
22139: 0.989476
22140: 0.989477
22141: 0.989477
22142: 0.989477
22143: 0.989478
22144: 0.989478
22145: 0.989479
22146: 0.989479
22147: 0.98948
22148: 0.98948
22149: 0.989481
22150: 0.989481
22151: 0.989482
22152: 0.989482
22153: 0.989483
22154: 0.989483
22155: 0.989484
22156: 0.989484
22157: 0.989485
22158: 0.989485
22159: 0.989486
22160: 0.989486
22161: 0.989487
22162: 0.989487
22163: 0.989487
22164: 0.989488
22165: 0.989488
22166: 0.989489
22167: 0.989489
22168: 0.98949
22169: 0.98949
22170: 0.989491
22171: 0.989491
22172: 0.989492
22173: 0.989492
22174: 0.989493
22175: 0.989493
22176: 0.989494
22177: 0.989494
22178: 0.989495
22179: 0.989495
22180: 0.989496
22181: 0.989496
22182: 0.989496
22183: 0.989497
22184: 0.989497
22185: 0.989498
22186: 0.989498
22187: 0.989499
22188: 0.989499
22189: 0.9895
22190: 0.9895
22191: 0.989501
22192: 0.989501
22193: 0.989502
22194: 0.989502
22195: 0.989503
22196: 0.989503
22197: 0.989504
22198: 0.989504
22199: 0.989505
22200: 0.989505
22201: 0.989505
22202: 0.989506
22203: 0.989506
22204: 0.989507
22205: 0.989507
22206: 0.989508
22207: 0.989508
22208: 0.989509
22209: 0.989509
22210: 0.98951
22211: 0.98951
22212: 0.989511
22213: 0.989511
22214: 0.989512
22215: 0.989512
22216: 0.989513
22217: 0.989513
22218: 0.989513
22219: 0.989514
22220: 0.989514
22221: 0.989515
22222: 0.989515
22223: 0.989516
22224: 0.989516
22225: 0.989517
22226: 0.989517
22227: 0.989518
22228: 0.989518
22229: 0.989519
22230: 0.989519
22231: 0.98952
22232: 0.98952
22233: 0.989521
22234: 0.989521
22235: 0.989521
22236: 0.989522
22237: 0.989522
22238: 0.989523
22239: 0.989523
22240: 0.989524
22241: 0.989524
22242: 0.989525
22243: 0.989525
22244: 0.989526
22245: 0.989526
22246: 0.989527
22247: 0.989527
22248: 0.989528
22249: 0.989528
22250: 0.989529
22251: 0.989529
22252: 0.98953
22253: 0.98953
22254: 0.98953
22255: 0.989531
22256: 0.989531
22257: 0.989532
22258: 0.989532
22259: 0.989533
22260: 0.989533
22261: 0.989534
22262: 0.989534
22263: 0.989535
22264: 0.989535
22265: 0.989536
22266: 0.989536
22267: 0.989537
22268: 0.989537
22269: 0.989537
22270: 0.989538
22271: 0.989538
22272: 0.989539
22273: 0.989539
22274: 0.98954
22275: 0.98954
22276: 0.989541
22277: 0.989541
22278: 0.989542
22279: 0.989542
22280: 0.989543
22281: 0.989543
22282: 0.989544
22283: 0.989544
22284: 0.989545
22285: 0.989545
22286: 0.989545
22287: 0.989546
22288: 0.989546
22289: 0.989547
22290: 0.989547
22291: 0.989548
22292: 0.989548
22293: 0.989549
22294: 0.989549
22295: 0.98955
22296: 0.98955
22297: 0.989551
22298: 0.989551
22299: 0.989552
22300: 0.989552
22301: 0.989553
22302: 0.989553
22303: 0.989553
22304: 0.989554
22305: 0.989554
22306: 0.989555
22307: 0.989555
22308: 0.989556
22309: 0.989556
22310: 0.989557
22311: 0.989557
22312: 0.989558
22313: 0.989558
22314: 0.989559
22315: 0.989559
22316: 0.98956
22317: 0.98956
22318: 0.98956
22319: 0.989561
22320: 0.989561
22321: 0.989562
22322: 0.989562
22323: 0.989563
22324: 0.989563
22325: 0.989564
22326: 0.989564
22327: 0.989565
22328: 0.989565
22329: 0.989566
22330: 0.989566
22331: 0.989567
22332: 0.989567
22333: 0.989567
22334: 0.989568
22335: 0.989568
22336: 0.989569
22337: 0.989569
22338: 0.98957
22339: 0.98957
22340: 0.989571
22341: 0.989571
22342: 0.989572
22343: 0.989572
22344: 0.989573
22345: 0.989573
22346: 0.989574
22347: 0.989574
22348: 0.989574
22349: 0.989575
22350: 0.989575
22351: 0.989576
22352: 0.989576
22353: 0.989577
22354: 0.989577
22355: 0.989578
22356: 0.989578
22357: 0.989579
22358: 0.989579
22359: 0.98958
22360: 0.98958
22361: 0.989581
22362: 0.989581
22363: 0.989581
22364: 0.989582
22365: 0.989582
22366: 0.989583
22367: 0.989583
22368: 0.989584
22369: 0.989584
22370: 0.989585
22371: 0.989585
22372: 0.989586
22373: 0.989586
22374: 0.989587
22375: 0.989587
22376: 0.989588
22377: 0.989588
22378: 0.989588
22379: 0.989589
22380: 0.989589
22381: 0.98959
22382: 0.98959
22383: 0.989591
22384: 0.989591
22385: 0.989592
22386: 0.989592
22387: 0.989593
22388: 0.989593
22389: 0.989594
22390: 0.989594
22391: 0.989594
22392: 0.989595
22393: 0.989595
22394: 0.989596
22395: 0.989596
22396: 0.989597
22397: 0.989597
22398: 0.989598
22399: 0.989598
22400: 0.989599
22401: 0.989599
22402: 0.9896
22403: 0.9896
22404: 0.989601
22405: 0.989601
22406: 0.989557
22407: 0.989557
22408: 0.989558
22409: 0.989558
22410: 0.989559
22411: 0.989559
22412: 0.98956
22413: 0.98956
22414: 0.989561
22415: 0.989561
22416: 0.989561
22417: 0.989562
22418: 0.989562
22419: 0.989563
22420: 0.989563
22421: 0.989564
22422: 0.989564
22423: 0.989565
22424: 0.989565
22425: 0.989566
22426: 0.989566
22427: 0.989567
22428: 0.989567
22429: 0.989568
22430: 0.989568
22431: 0.989568
22432: 0.989569
22433: 0.989569
22434: 0.98957
22435: 0.98957
22436: 0.989571
22437: 0.989571
22438: 0.989572
22439: 0.989572
22440: 0.989573
22441: 0.989573
22442: 0.989574
22443: 0.989574
22444: 0.989575
22445: 0.989575
22446: 0.989575
22447: 0.989576
22448: 0.989576
22449: 0.989577
22450: 0.989577
22451: 0.989578
22452: 0.989578
22453: 0.989579
22454: 0.989579
22455: 0.98958
22456: 0.98958
22457: 0.989581
22458: 0.989581
22459: 0.989581
22460: 0.989582
22461: 0.989582
22462: 0.989583
22463: 0.989583
22464: 0.989584
22465: 0.989584
22466: 0.989585
22467: 0.989585
22468: 0.989586
22469: 0.989586
22470: 0.989587
22471: 0.989587
22472: 0.989588
22473: 0.989588
22474: 0.989588
22475: 0.989589
22476: 0.989589
22477: 0.98959
22478: 0.98959
22479: 0.989591
22480: 0.989591
22481: 0.989592
22482: 0.989592
22483: 0.989593
22484: 0.989593
22485: 0.989594
22486: 0.989594
22487: 0.989594
22488: 0.989595
22489: 0.989595
22490: 0.989596
22491: 0.989596
22492: 0.989597
22493: 0.989597
22494: 0.989598
22495: 0.989598
22496: 0.989599
22497: 0.989599
22498: 0.9896
22499: 0.9896
22500: 0.9896
22501: 0.989601
22502: 0.989601
22503: 0.989602
22504: 0.989602
22505: 0.989603
22506: 0.989603
22507: 0.989604
22508: 0.989604
22509: 0.989605
22510: 0.989605
22511: 0.989606
22512: 0.989606
22513: 0.989606
22514: 0.989607
22515: 0.989607
22516: 0.989608
22517: 0.989608
22518: 0.989609
22519: 0.989609
22520: 0.98961
22521: 0.98961
22522: 0.989611
22523: 0.989611
22524: 0.989612
22525: 0.989612
22526: 0.989612
22527: 0.989613
22528: 0.989613
22529: 0.989614
22530: 0.989614
22531: 0.989615
22532: 0.989615
22533: 0.989616
22534: 0.989616
22535: 0.989617
22536: 0.989617
22537: 0.989618
22538: 0.989618
22539: 0.989618
22540: 0.989619
22541: 0.989619
22542: 0.98962
22543: 0.98962
22544: 0.989621
22545: 0.989621
22546: 0.989622
22547: 0.989622
22548: 0.989623
22549: 0.989623
22550: 0.989624
22551: 0.989624
22552: 0.989624
22553: 0.989625
22554: 0.989625
22555: 0.989626
22556: 0.989626
22557: 0.989627
22558: 0.989627
22559: 0.989628
22560: 0.989628
22561: 0.989629
22562: 0.989629
22563: 0.989629
22564: 0.98963
22565: 0.98963
22566: 0.989631
22567: 0.989631
22568: 0.989632
22569: 0.989632
22570: 0.989633
22571: 0.989633
22572: 0.989634
22573: 0.989634
22574: 0.989635
22575: 0.989635
22576: 0.989635
22577: 0.989636
22578: 0.989636
22579: 0.989637
22580: 0.989637
22581: 0.989638
22582: 0.989638
22583: 0.989639
22584: 0.989639
22585: 0.98964
22586: 0.98964
22587: 0.989641
22588: 0.989641
22589: 0.989641
22590: 0.989642
22591: 0.989642
22592: 0.989643
22593: 0.989643
22594: 0.989644
22595: 0.989644
22596: 0.989645
22597: 0.989645
22598: 0.989646
22599: 0.989646
22600: 0.989646
22601: 0.989647
22602: 0.989647
22603: 0.989648
22604: 0.989648
22605: 0.989649
22606: 0.989649
22607: 0.98965
22608: 0.98965
22609: 0.989651
22610: 0.989651
22611: 0.989652
22612: 0.989652
22613: 0.989652
22614: 0.989653
22615: 0.989653
22616: 0.989654
22617: 0.989654
22618: 0.989655
22619: 0.989655
22620: 0.989656
22621: 0.989656
22622: 0.989657
22623: 0.989657
22624: 0.989657
22625: 0.989658
22626: 0.989658
22627: 0.989659
22628: 0.989659
22629: 0.98966
22630: 0.98966
22631: 0.989661
22632: 0.989661
22633: 0.989662
22634: 0.989662
22635: 0.989662
22636: 0.989663
22637: 0.989663
22638: 0.989664
22639: 0.989664
22640: 0.989665
22641: 0.989665
22642: 0.989666
22643: 0.989666
22644: 0.989667
22645: 0.989667
22646: 0.989668
22647: 0.989668
22648: 0.989668
22649: 0.989669
22650: 0.989669
22651: 0.98967
22652: 0.98967
22653: 0.989671
22654: 0.989671
22655: 0.989672
22656: 0.989672
22657: 0.989673
22658: 0.989673
22659: 0.989673
22660: 0.989674
22661: 0.989674
22662: 0.989675
22663: 0.989675
22664: 0.989676
22665: 0.989676
22666: 0.989677
22667: 0.989677
22668: 0.989678
22669: 0.989678
22670: 0.989678
22671: 0.989679
22672: 0.989679
22673: 0.98968
22674: 0.98968
22675: 0.989681
22676: 0.989681
22677: 0.989682
22678: 0.989682
22679: 0.989683
22680: 0.989683
22681: 0.989683
22682: 0.989684
22683: 0.989684
22684: 0.989685
22685: 0.989685
22686: 0.989686
22687: 0.989686
22688: 0.989687
22689: 0.989687
22690: 0.989688
22691: 0.989688
22692: 0.989688
22693: 0.989689
22694: 0.989689
22695: 0.98969
22696: 0.98969
22697: 0.989691
22698: 0.989691
22699: 0.989692
22700: 0.989692
22701: 0.989693
22702: 0.989693
22703: 0.989693
22704: 0.989694
22705: 0.989694
22706: 0.989695
22707: 0.989695
22708: 0.989696
22709: 0.989696
22710: 0.989697
22711: 0.989697
22712: 0.989698
22713: 0.989698
22714: 0.989698
22715: 0.989699
22716: 0.989699
22717: 0.9897
22718: 0.9897
22719: 0.989701
22720: 0.989701
22721: 0.989702
22722: 0.989702
22723: 0.989703
22724: 0.989703
22725: 0.989703
22726: 0.989704
22727: 0.989704
22728: 0.989705
22729: 0.989705
22730: 0.989706
22731: 0.989706
22732: 0.989707
22733: 0.989707
22734: 0.989707
22735: 0.989708
22736: 0.989708
22737: 0.989709
22738: 0.989709
22739: 0.98971
22740: 0.98971
22741: 0.989711
22742: 0.989711
22743: 0.989712
22744: 0.989712
22745: 0.989712
22746: 0.989713
22747: 0.989713
22748: 0.989714
22749: 0.989714
22750: 0.989715
22751: 0.989715
22752: 0.989716
22753: 0.989716
22754: 0.989717
22755: 0.989717
22756: 0.989717
22757: 0.989718
22758: 0.989718
22759: 0.989719
22760: 0.989719
22761: 0.98972
22762: 0.98972
22763: 0.989721
22764: 0.989721
22765: 0.989722
22766: 0.989722
22767: 0.989722
22768: 0.989723
22769: 0.989723
22770: 0.989724
22771: 0.989724
22772: 0.989725
22773: 0.989725
22774: 0.989726
22775: 0.989726
22776: 0.989726
22777: 0.989727
22778: 0.989727
22779: 0.989728
22780: 0.989728
22781: 0.989729
22782: 0.989729
22783: 0.98973
22784: 0.98973
22785: 0.989731
22786: 0.989731
22787: 0.989731
22788: 0.989732
22789: 0.989732
22790: 0.989733
22791: 0.989733
22792: 0.989734
22793: 0.989734
22794: 0.989735
22795: 0.989735
22796: 0.989735
22797: 0.989736
22798: 0.989736
22799: 0.989737
22800: 0.989737
22801: 0.989738
22802: 0.989738
22803: 0.989739
22804: 0.989739
22805: 0.98974
22806: 0.98974
22807: 0.98974
22808: 0.989741
22809: 0.989741
22810: 0.989742
22811: 0.989742
22812: 0.989743
22813: 0.989743
22814: 0.989744
22815: 0.989744
22816: 0.989744
22817: 0.989745
22818: 0.989745
22819: 0.989746
22820: 0.989746
22821: 0.989747
22822: 0.989747
22823: 0.989748
22824: 0.989748
22825: 0.989749
22826: 0.989749
22827: 0.989749
22828: 0.98975
22829: 0.98975
22830: 0.989751
22831: 0.989751
22832: 0.989752
22833: 0.989752
22834: 0.989753
22835: 0.989753
22836: 0.989753
22837: 0.989754
22838: 0.989754
22839: 0.989755
22840: 0.989755
22841: 0.989756
22842: 0.989756
22843: 0.989757
22844: 0.989757
22845: 0.989758
22846: 0.989758
22847: 0.989758
22848: 0.989759
22849: 0.989759
22850: 0.98976
22851: 0.98976
22852: 0.989761
22853: 0.989761
22854: 0.989762
22855: 0.989762
22856: 0.989762
22857: 0.989763
22858: 0.989763
22859: 0.989764
22860: 0.989764
22861: 0.989765
22862: 0.989765
22863: 0.989766
22864: 0.989766
22865: 0.989766
22866: 0.989767
22867: 0.989767
22868: 0.989768
22869: 0.989768
22870: 0.989769
22871: 0.989769
22872: 0.98977
22873: 0.98977
22874: 0.98977
22875: 0.989771
22876: 0.989771
22877: 0.989772
22878: 0.989772
22879: 0.989773
22880: 0.989773
22881: 0.989774
22882: 0.989774
22883: 0.989775
22884: 0.989775
22885: 0.989775
22886: 0.989776
22887: 0.989776
22888: 0.989777
22889: 0.989777
22890: 0.989778
22891: 0.989778
22892: 0.989779
22893: 0.989779
22894: 0.989779
22895: 0.98978
22896: 0.98978
22897: 0.989781
22898: 0.989781
22899: 0.989782
22900: 0.989782
22901: 0.989783
22902: 0.989783
22903: 0.989783
22904: 0.989784
22905: 0.989784
22906: 0.989785
22907: 0.989785
22908: 0.989786
22909: 0.989786
22910: 0.989787
22911: 0.989787
22912: 0.989787
22913: 0.989788
22914: 0.989788
22915: 0.989789
22916: 0.989789
22917: 0.98979
22918: 0.98979
22919: 0.989791
22920: 0.989791
22921: 0.989791
22922: 0.989792
22923: 0.989792
22924: 0.989793
22925: 0.989793
22926: 0.989794
22927: 0.989794
22928: 0.989795
22929: 0.989795
22930: 0.989795
22931: 0.989796
22932: 0.989796
22933: 0.989797
22934: 0.989797
22935: 0.989798
22936: 0.989798
22937: 0.989799
22938: 0.989799
22939: 0.989799
22940: 0.9898
22941: 0.9898
22942: 0.989801
22943: 0.989801
22944: 0.989802
22945: 0.989802
22946: 0.989803
22947: 0.989803
22948: 0.989803
22949: 0.989804
22950: 0.989804
22951: 0.989805
22952: 0.989805
22953: 0.989806
22954: 0.989806
22955: 0.989807
22956: 0.989807
22957: 0.989807
22958: 0.989808
22959: 0.989808
22960: 0.989809
22961: 0.989809
22962: 0.98981
22963: 0.98981
22964: 0.989811
22965: 0.989811
22966: 0.989811
22967: 0.989812
22968: 0.989812
22969: 0.989813
22970: 0.989813
22971: 0.989814
22972: 0.989814
22973: 0.989815
22974: 0.989815
22975: 0.989815
22976: 0.989816
22977: 0.989816
22978: 0.989817
22979: 0.989817
22980: 0.989818
22981: 0.989818
22982: 0.989819
22983: 0.989819
22984: 0.989819
22985: 0.98982
22986: 0.98982
22987: 0.989821
22988: 0.989821
22989: 0.989822
22990: 0.989822
22991: 0.989823
22992: 0.989823
22993: 0.989823
22994: 0.989824
22995: 0.989824
22996: 0.989825
22997: 0.989825
22998: 0.989826
22999: 0.989826
23000: 0.989827
23001: 0.989827
23002: 0.989784
23003: 0.989784
23004: 0.989785
23005: 0.989785
23006: 0.989786
23007: 0.989786
23008: 0.989787
23009: 0.989787
23010: 0.989787
23011: 0.989788
23012: 0.989788
23013: 0.989789
23014: 0.989789
23015: 0.98979
23016: 0.98979
23017: 0.989791
23018: 0.989791
23019: 0.989791
23020: 0.989792
23021: 0.989792
23022: 0.989793
23023: 0.989793
23024: 0.989794
23025: 0.989794
23026: 0.989795
23027: 0.989795
23028: 0.989795
23029: 0.989796
23030: 0.989796
23031: 0.989797
23032: 0.989797
23033: 0.989798
23034: 0.989798
23035: 0.989799
23036: 0.989799
23037: 0.989799
23038: 0.9898
23039: 0.9898
23040: 0.989801
23041: 0.989801
23042: 0.989802
23043: 0.989802
23044: 0.989803
23045: 0.989803
23046: 0.989803
23047: 0.989804
23048: 0.989804
23049: 0.989805
23050: 0.989805
23051: 0.989806
23052: 0.989806
23053: 0.989807
23054: 0.989807
23055: 0.989807
23056: 0.989808
23057: 0.989808
23058: 0.989809
23059: 0.989809
23060: 0.98981
23061: 0.98981
23062: 0.989811
23063: 0.989811
23064: 0.989811
23065: 0.989812
23066: 0.989812
23067: 0.989813
23068: 0.989813
23069: 0.989814
23070: 0.989814
23071: 0.989814
23072: 0.989815
23073: 0.989815
23074: 0.989816
23075: 0.989816
23076: 0.989817
23077: 0.989817
23078: 0.989818
23079: 0.989818
23080: 0.989818
23081: 0.989819
23082: 0.989819
23083: 0.98982
23084: 0.98982
23085: 0.989821
23086: 0.989821
23087: 0.989822
23088: 0.989822
23089: 0.989822
23090: 0.989823
23091: 0.989823
23092: 0.989824
23093: 0.989824
23094: 0.989825
23095: 0.989825
23096: 0.989826
23097: 0.989826
23098: 0.989826
23099: 0.989827
23100: 0.989827
23101: 0.989828
23102: 0.989828
23103: 0.989829
23104: 0.989829
23105: 0.989829
23106: 0.98983
23107: 0.98983
23108: 0.989831
23109: 0.989831
23110: 0.989832
23111: 0.989832
23112: 0.989833
23113: 0.989833
23114: 0.989833
23115: 0.989834
23116: 0.989834
23117: 0.989835
23118: 0.989835
23119: 0.989836
23120: 0.989836
23121: 0.989837
23122: 0.989837
23123: 0.989837
23124: 0.989838
23125: 0.989838
23126: 0.989839
23127: 0.989839
23128: 0.98984
23129: 0.98984
23130: 0.98984
23131: 0.989841
23132: 0.989841
23133: 0.989842
23134: 0.989842
23135: 0.989843
23136: 0.989843
23137: 0.989844
23138: 0.989844
23139: 0.989844
23140: 0.989845
23141: 0.989845
23142: 0.989846
23143: 0.989846
23144: 0.989847
23145: 0.989847
23146: 0.989847
23147: 0.989848
23148: 0.989848
23149: 0.989849
23150: 0.989849
23151: 0.98985
23152: 0.98985
23153: 0.989851
23154: 0.989851
23155: 0.989851
23156: 0.989852
23157: 0.989852
23158: 0.989853
23159: 0.989853
23160: 0.989854
23161: 0.989854
23162: 0.989855
23163: 0.989855
23164: 0.989855
23165: 0.989856
23166: 0.989856
23167: 0.989857
23168: 0.989857
23169: 0.989858
23170: 0.989858
23171: 0.989858
23172: 0.989859
23173: 0.989859
23174: 0.98986
23175: 0.98986
23176: 0.989861
23177: 0.989861
23178: 0.989862
23179: 0.989862
23180: 0.989862
23181: 0.989863
23182: 0.989863
23183: 0.989864
23184: 0.989864
23185: 0.989865
23186: 0.989865
23187: 0.989865
23188: 0.989866
23189: 0.989866
23190: 0.989867
23191: 0.989867
23192: 0.989868
23193: 0.989868
23194: 0.989869
23195: 0.989869
23196: 0.989869
23197: 0.98987
23198: 0.98987
23199: 0.989871
23200: 0.989871
23201: 0.989872
23202: 0.989872
23203: 0.989872
23204: 0.989873
23205: 0.989873
23206: 0.989874
23207: 0.989874
23208: 0.989875
23209: 0.989875
23210: 0.989875
23211: 0.989876
23212: 0.989876
23213: 0.989877
23214: 0.989877
23215: 0.989878
23216: 0.989878
23217: 0.989879
23218: 0.989879
23219: 0.989879
23220: 0.98988
23221: 0.98988
23222: 0.989881
23223: 0.989881
23224: 0.989882
23225: 0.989882
23226: 0.989882
23227: 0.989883
23228: 0.989883
23229: 0.989884
23230: 0.989884
23231: 0.989885
23232: 0.989885
23233: 0.989886
23234: 0.989886
23235: 0.989886
23236: 0.989887
23237: 0.989887
23238: 0.989888
23239: 0.989888
23240: 0.989889
23241: 0.989889
23242: 0.989889
23243: 0.98989
23244: 0.98989
23245: 0.989891
23246: 0.989891
23247: 0.989892
23248: 0.989892
23249: 0.989892
23250: 0.989893
23251: 0.989893
23252: 0.989894
23253: 0.989894
23254: 0.989895
23255: 0.989895
23256: 0.989896
23257: 0.989896
23258: 0.989896
23259: 0.989897
23260: 0.989897
23261: 0.989898
23262: 0.989898
23263: 0.989899
23264: 0.989899
23265: 0.989899
23266: 0.9899
23267: 0.9899
23268: 0.989901
23269: 0.989901
23270: 0.989902
23271: 0.989902
23272: 0.989902
23273: 0.989903
23274: 0.989903
23275: 0.989904
23276: 0.989904
23277: 0.989905
23278: 0.989905
23279: 0.989905
23280: 0.989906
23281: 0.989906
23282: 0.989907
23283: 0.989907
23284: 0.989908
23285: 0.989908
23286: 0.989909
23287: 0.989909
23288: 0.989909
23289: 0.98991
23290: 0.98991
23291: 0.989911
23292: 0.989911
23293: 0.989912
23294: 0.989912
23295: 0.989912
23296: 0.989913
23297: 0.989913
23298: 0.989914
23299: 0.989914
23300: 0.989915
23301: 0.989915
23302: 0.989915
23303: 0.989916
23304: 0.989916
23305: 0.989917
23306: 0.989917
23307: 0.989918
23308: 0.989918
23309: 0.989918
23310: 0.989919
23311: 0.989919
23312: 0.98992
23313: 0.98992
23314: 0.989921
23315: 0.989921
23316: 0.989922
23317: 0.989922
23318: 0.989922
23319: 0.989923
23320: 0.989923
23321: 0.989924
23322: 0.989924
23323: 0.989925
23324: 0.989925
23325: 0.989925
23326: 0.989926
23327: 0.989926
23328: 0.989927
23329: 0.989927
23330: 0.989928
23331: 0.989928
23332: 0.989928
23333: 0.989929
23334: 0.989929
23335: 0.98993
23336: 0.98993
23337: 0.989931
23338: 0.989931
23339: 0.989931
23340: 0.989932
23341: 0.989932
23342: 0.989933
23343: 0.989933
23344: 0.989934
23345: 0.989934
23346: 0.989934
23347: 0.989935
23348: 0.989935
23349: 0.989936
23350: 0.989936
23351: 0.989937
23352: 0.989937
23353: 0.989937
23354: 0.989938
23355: 0.989938
23356: 0.989939
23357: 0.989939
23358: 0.98994
23359: 0.98994
23360: 0.98994
23361: 0.989941
23362: 0.989941
23363: 0.989942
23364: 0.989942
23365: 0.989943
23366: 0.989943
23367: 0.989944
23368: 0.989944
23369: 0.989944
23370: 0.989945
23371: 0.989945
23372: 0.989946
23373: 0.989946
23374: 0.989947
23375: 0.989947
23376: 0.989947
23377: 0.989948
23378: 0.989948
23379: 0.989949
23380: 0.989949
23381: 0.98995
23382: 0.98995
23383: 0.98995
23384: 0.989951
23385: 0.989951
23386: 0.989952
23387: 0.989952
23388: 0.989953
23389: 0.989953
23390: 0.989953
23391: 0.989954
23392: 0.989954
23393: 0.989955
23394: 0.989955
23395: 0.989956
23396: 0.989956
23397: 0.989956
23398: 0.989957
23399: 0.989957
23400: 0.989958
23401: 0.989958
23402: 0.989959
23403: 0.989959
23404: 0.989959
23405: 0.98996
23406: 0.98996
23407: 0.989961
23408: 0.989961
23409: 0.989962
23410: 0.989962
23411: 0.989962
23412: 0.989963
23413: 0.989963
23414: 0.989964
23415: 0.989964
23416: 0.989965
23417: 0.989965
23418: 0.989965
23419: 0.989966
23420: 0.989966
23421: 0.989967
23422: 0.989967
23423: 0.989968
23424: 0.989968
23425: 0.989968
23426: 0.989969
23427: 0.989969
23428: 0.98997
23429: 0.98997
23430: 0.989971
23431: 0.989971
23432: 0.989971
23433: 0.989972
23434: 0.989972
23435: 0.989973
23436: 0.989973
23437: 0.989974
23438: 0.989974
23439: 0.989974
23440: 0.989975
23441: 0.989975
23442: 0.989976
23443: 0.989976
23444: 0.989977
23445: 0.989977
23446: 0.989977
23447: 0.989978
23448: 0.989978
23449: 0.989979
23450: 0.989979
23451: 0.98998
23452: 0.98998
23453: 0.98998
23454: 0.989981
23455: 0.989981
23456: 0.989982
23457: 0.989982
23458: 0.989983
23459: 0.989983
23460: 0.989983
23461: 0.989984
23462: 0.989984
23463: 0.989985
23464: 0.989985
23465: 0.989986
23466: 0.989986
23467: 0.989986
23468: 0.989987
23469: 0.989987
23470: 0.989988
23471: 0.989988
23472: 0.989988
23473: 0.989989
23474: 0.989989
23475: 0.98999
23476: 0.98999
23477: 0.989991
23478: 0.989948
23479: 0.989949
23480: 0.989949
23481: 0.98995
23482: 0.98995
23483: 0.989951
23484: 0.989951
23485: 0.989951
23486: 0.989952
23487: 0.989952
23488: 0.989953
23489: 0.989953
23490: 0.989954
23491: 0.989954
23492: 0.989954
23493: 0.989955
23494: 0.989955
23495: 0.989956
23496: 0.989956
23497: 0.989957
23498: 0.989957
23499: 0.989957
23500: 0.989958
23501: 0.989958
23502: 0.989959
23503: 0.989959
23504: 0.98996
23505: 0.98996
23506: 0.98996
23507: 0.989961
23508: 0.989961
23509: 0.989962
23510: 0.989962
23511: 0.989963
23512: 0.989963
23513: 0.989963
23514: 0.989964
23515: 0.989964
23516: 0.989965
23517: 0.989965
23518: 0.989966
23519: 0.989966
23520: 0.989966
23521: 0.989967
23522: 0.989967
23523: 0.989968
23524: 0.989968
23525: 0.989969
23526: 0.989969
23527: 0.989969
23528: 0.98997
23529: 0.98997
23530: 0.989971
23531: 0.989971
23532: 0.989972
23533: 0.989972
23534: 0.989972
23535: 0.989973
23536: 0.989973
23537: 0.989974
23538: 0.989974
23539: 0.989975
23540: 0.989975
23541: 0.989975
23542: 0.989976
23543: 0.989976
23544: 0.989977
23545: 0.989977
23546: 0.989977
23547: 0.989978
23548: 0.989978
23549: 0.989979
23550: 0.989979
23551: 0.98998
23552: 0.98998
23553: 0.98998
23554: 0.989981
23555: 0.989981
23556: 0.989982
23557: 0.989982
23558: 0.989983
23559: 0.989983
23560: 0.989983
23561: 0.989984
23562: 0.989984
23563: 0.989985
23564: 0.989985
23565: 0.989986
23566: 0.989986
23567: 0.989986
23568: 0.989987
23569: 0.989987
23570: 0.989988
23571: 0.989988
23572: 0.989989
23573: 0.989989
23574: 0.989989
23575: 0.98999
23576: 0.98999
23577: 0.989991
23578: 0.989991
23579: 0.989992
23580: 0.989992
23581: 0.989992
23582: 0.989993
23583: 0.989993
23584: 0.989994
23585: 0.989994
23586: 0.989994
23587: 0.989995
23588: 0.989995
23589: 0.989996
23590: 0.989996
23591: 0.989997
23592: 0.989997
23593: 0.989997
23594: 0.989998
23595: 0.989998
23596: 0.989999
23597: 0.989999
23598: 0.99
23599: 0.99
23600: 0.99
23601: 0.990001
23602: 0.990001
23603: 0.990002
23604: 0.990002
23605: 0.990003
23606: 0.990003
23607: 0.990003
23608: 0.990004
23609: 0.990004
23610: 0.990005
23611: 0.990005
23612: 0.990006
23613: 0.990006
23614: 0.990006
23615: 0.990007
23616: 0.990007
23617: 0.990008
23618: 0.990008
23619: 0.990008
23620: 0.990009
23621: 0.990009
23622: 0.99001
23623: 0.99001
23624: 0.990011
23625: 0.990011
23626: 0.990011
23627: 0.990012
23628: 0.990012
23629: 0.990013
23630: 0.990013
23631: 0.990014
23632: 0.990014
23633: 0.990014
23634: 0.990015
23635: 0.990015
23636: 0.990016
23637: 0.990016
23638: 0.990016
23639: 0.990017
23640: 0.990017
23641: 0.990018
23642: 0.990018
23643: 0.990019
23644: 0.990019
23645: 0.990019
23646: 0.99002
23647: 0.99002
23648: 0.990021
23649: 0.990021
23650: 0.990022
23651: 0.990022
23652: 0.990022
23653: 0.990023
23654: 0.990023
23655: 0.990024
23656: 0.990024
23657: 0.990025
23658: 0.990025
23659: 0.990025
23660: 0.990026
23661: 0.990026
23662: 0.990027
23663: 0.990027
23664: 0.990027
23665: 0.990028
23666: 0.990028
23667: 0.990029
23668: 0.990029
23669: 0.99003
23670: 0.99003
23671: 0.99003
23672: 0.990031
23673: 0.990031
23674: 0.990032
23675: 0.990032
23676: 0.990033
23677: 0.990033
23678: 0.990033
23679: 0.990034
23680: 0.990034
23681: 0.990035
23682: 0.990035
23683: 0.990035
23684: 0.990036
23685: 0.990036
23686: 0.990037
23687: 0.990037
23688: 0.990038
23689: 0.990038
23690: 0.990038
23691: 0.990039
23692: 0.990039
23693: 0.99004
23694: 0.99004
23695: 0.990041
23696: 0.990041
23697: 0.990041
23698: 0.990042
23699: 0.990042
23700: 0.990043
23701: 0.990043
23702: 0.990043
23703: 0.990044
23704: 0.990044
23705: 0.990045
23706: 0.990045
23707: 0.990046
23708: 0.990046
23709: 0.990046
23710: 0.990047
23711: 0.990047
23712: 0.990048
23713: 0.990048
23714: 0.990048
23715: 0.990049
23716: 0.990049
23717: 0.99005
23718: 0.99005
23719: 0.990051
23720: 0.990051
23721: 0.990051
23722: 0.990052
23723: 0.990052
23724: 0.990053
23725: 0.990053
23726: 0.990054
23727: 0.990054
23728: 0.990054
23729: 0.990055
23730: 0.990055
23731: 0.990056
23732: 0.990056
23733: 0.990056
23734: 0.990057
23735: 0.990057
23736: 0.990058
23737: 0.990058
23738: 0.990059
23739: 0.990059
23740: 0.990059
23741: 0.99006
23742: 0.99006
23743: 0.990061
23744: 0.990061
23745: 0.990061
23746: 0.990062
23747: 0.990062
23748: 0.990063
23749: 0.990063
23750: 0.990064
23751: 0.990064
23752: 0.990064
23753: 0.990065
23754: 0.990065
23755: 0.990066
23756: 0.990066
23757: 0.990067
23758: 0.990067
23759: 0.990067
23760: 0.990068
23761: 0.990068
23762: 0.990069
23763: 0.990069
23764: 0.990069
23765: 0.99007
23766: 0.99007
23767: 0.990071
23768: 0.990071
23769: 0.990072
23770: 0.990072
23771: 0.990072
23772: 0.990073
23773: 0.990073
23774: 0.990074
23775: 0.990074
23776: 0.990074
23777: 0.990075
23778: 0.990075
23779: 0.990076
23780: 0.990076
23781: 0.990077
23782: 0.990077
23783: 0.990077
23784: 0.990078
23785: 0.990078
23786: 0.990079
23787: 0.990079
23788: 0.990079
23789: 0.99008
23790: 0.99008
23791: 0.990081
23792: 0.990081
23793: 0.990082
23794: 0.990082
23795: 0.990082
23796: 0.990083
23797: 0.990083
23798: 0.990084
23799: 0.990084
23800: 0.990084
23801: 0.990085
23802: 0.990085
23803: 0.990086
23804: 0.990086
23805: 0.990087
23806: 0.990087
23807: 0.990087
23808: 0.990088
23809: 0.990088
23810: 0.990089
23811: 0.990089
23812: 0.990089
23813: 0.99009
23814: 0.99009
23815: 0.990091
23816: 0.990091
23817: 0.990092
23818: 0.990092
23819: 0.990092
23820: 0.990093
23821: 0.990093
23822: 0.990094
23823: 0.990094
23824: 0.990094
23825: 0.990095
23826: 0.990095
23827: 0.990096
23828: 0.990096
23829: 0.990097
23830: 0.990097
23831: 0.990097
23832: 0.990098
23833: 0.990098
23834: 0.990099
23835: 0.990099
23836: 0.990099
23837: 0.9901
23838: 0.9901
23839: 0.990101
23840: 0.990101
23841: 0.990102
23842: 0.990102
23843: 0.990102
23844: 0.990103
23845: 0.990103
23846: 0.990104
23847: 0.990104
23848: 0.990104
23849: 0.990105
23850: 0.990105
23851: 0.990106
23852: 0.990106
23853: 0.990106
23854: 0.990107
23855: 0.990107
23856: 0.990108
23857: 0.990108
23858: 0.990109
23859: 0.990109
23860: 0.990109
23861: 0.99011
23862: 0.99011
23863: 0.990111
23864: 0.990111
23865: 0.990111
23866: 0.990112
23867: 0.990112
23868: 0.990113
23869: 0.990113
23870: 0.990114
23871: 0.990114
23872: 0.990114
23873: 0.990115
23874: 0.990115
23875: 0.990116
23876: 0.990116
23877: 0.990116
23878: 0.990117
23879: 0.990117
23880: 0.990118
23881: 0.990118
23882: 0.990118
23883: 0.990119
23884: 0.990119
23885: 0.99012
23886: 0.99012
23887: 0.990121
23888: 0.990121
23889: 0.990121
23890: 0.990122
23891: 0.990122
23892: 0.990123
23893: 0.990123
23894: 0.990123
23895: 0.990124
23896: 0.990124
23897: 0.990125
23898: 0.990125
23899: 0.990126
23900: 0.990126
23901: 0.990126
23902: 0.990127
23903: 0.990127
23904: 0.990128
23905: 0.990128
23906: 0.990128
23907: 0.990129
23908: 0.990129
23909: 0.99013
23910: 0.99013
23911: 0.99013
23912: 0.990131
23913: 0.990131
23914: 0.990132
23915: 0.990132
23916: 0.990133
23917: 0.990133
23918: 0.990133
23919: 0.990134
23920: 0.990134
23921: 0.990135
23922: 0.990135
23923: 0.990135
23924: 0.990136
23925: 0.990136
23926: 0.990137
23927: 0.990137
23928: 0.990137
23929: 0.990138
23930: 0.990138
23931: 0.990139
23932: 0.990139
23933: 0.99014
23934: 0.99014
23935: 0.99014
23936: 0.990141
23937: 0.990141
23938: 0.990142
23939: 0.990142
23940: 0.990142
23941: 0.990143
23942: 0.990143
23943: 0.990144
23944: 0.990144
23945: 0.990144
23946: 0.990145
23947: 0.990145
23948: 0.990146
23949: 0.990146
23950: 0.990147
23951: 0.990147
23952: 0.990147
23953: 0.990148
23954: 0.990148
23955: 0.990149
23956: 0.990149
23957: 0.990149
23958: 0.99015
23959: 0.99015
23960: 0.990151
23961: 0.990151
23962: 0.990151
23963: 0.990152
23964: 0.990152
23965: 0.990153
23966: 0.990153
23967: 0.990154
23968: 0.990154
23969: 0.990154
23970: 0.990155
23971: 0.990155
23972: 0.990156
23973: 0.990156
23974: 0.990156
23975: 0.990157
23976: 0.990157
23977: 0.990158
23978: 0.990158
23979: 0.990158
23980: 0.990159
23981: 0.990159
23982: 0.99016
23983: 0.99016
23984: 0.990161
23985: 0.990161
23986: 0.990161
23987: 0.990162
23988: 0.990162
23989: 0.990163
23990: 0.990163
23991: 0.990163
23992: 0.990164
23993: 0.990164
23994: 0.990165
23995: 0.990165
23996: 0.990165
23997: 0.990166
23998: 0.990166
23999: 0.990167
24000: 0.990167
24001: 0.990167
24002: 0.990168
24003: 0.990168
24004: 0.990169
24005: 0.990169
24006: 0.99017
24007: 0.99017
24008: 0.99017
24009: 0.990171
24010: 0.990171
24011: 0.990172
24012: 0.990172
24013: 0.990172
24014: 0.990173
24015: 0.990173
24016: 0.990174
24017: 0.990174
24018: 0.990174
24019: 0.990175
24020: 0.990175
24021: 0.990176
24022: 0.990176
24023: 0.990176
24024: 0.990177
24025: 0.990177
24026: 0.990178
24027: 0.990178
24028: 0.990179
24029: 0.990179
24030: 0.990179
24031: 0.99018
24032: 0.99018
24033: 0.990181
24034: 0.990181
24035: 0.990181
24036: 0.990182
24037: 0.990182
24038: 0.990183
24039: 0.990183
24040: 0.990183
24041: 0.990184
24042: 0.990184
24043: 0.990185
24044: 0.990185
24045: 0.990185
24046: 0.990186
24047: 0.990186
24048: 0.990187
24049: 0.990187
24050: 0.990188
24051: 0.990188
24052: 0.990188
24053: 0.990189
24054: 0.990189
24055: 0.99019
24056: 0.99019
24057: 0.99019
24058: 0.990191
24059: 0.990191
24060: 0.990192
24061: 0.990192
24062: 0.990192
24063: 0.990193
24064: 0.990193
24065: 0.990194
24066: 0.990194
24067: 0.990194
24068: 0.990195
24069: 0.990195
24070: 0.990196
24071: 0.990196
24072: 0.990196
24073: 0.990197
24074: 0.990197
24075: 0.990198
24076: 0.990198
24077: 0.990199
24078: 0.990199
24079: 0.990199
24080: 0.9902
24081: 0.9902
24082: 0.990201
24083: 0.990201
24084: 0.990201
24085: 0.990202
24086: 0.990202
24087: 0.990203
24088: 0.990203
24089: 0.990203
24090: 0.990204
24091: 0.990204
24092: 0.990205
24093: 0.990205
24094: 0.990205
24095: 0.990206
24096: 0.990206
24097: 0.990207
24098: 0.990207
24099: 0.990207
24100: 0.990208
24101: 0.990208
24102: 0.990209
24103: 0.990209
24104: 0.99021
24105: 0.99021
24106: 0.99021
24107: 0.990211
24108: 0.990211
24109: 0.990212
24110: 0.990212
24111: 0.990212
24112: 0.990213
24113: 0.990213
24114: 0.990214
24115: 0.990214
24116: 0.990214
24117: 0.990215
24118: 0.990215
24119: 0.990216
24120: 0.990216
24121: 0.990216
24122: 0.990217
24123: 0.990217
24124: 0.990218
24125: 0.990218
24126: 0.990218
24127: 0.990219
24128: 0.990219
24129: 0.99022
24130: 0.99022
24131: 0.99022
24132: 0.990221
24133: 0.990221
24134: 0.990222
24135: 0.990222
24136: 0.990222
24137: 0.990223
24138: 0.990223
24139: 0.990224
24140: 0.990224
24141: 0.990225
24142: 0.990225
24143: 0.990225
24144: 0.990226
24145: 0.990226
24146: 0.990227
24147: 0.990227
24148: 0.990227
24149: 0.990228
24150: 0.990228
24151: 0.990229
24152: 0.990229
24153: 0.990229
24154: 0.99023
24155: 0.99023
24156: 0.990231
24157: 0.990231
24158: 0.990231
24159: 0.990232
24160: 0.990232
24161: 0.990233
24162: 0.990233
24163: 0.990233
24164: 0.990234
24165: 0.990234
24166: 0.990235
24167: 0.990235
24168: 0.990235
24169: 0.990236
24170: 0.990236
24171: 0.990237
24172: 0.990196
24173: 0.990196
24174: 0.990196
24175: 0.990197
24176: 0.990197
24177: 0.990198
24178: 0.990198
24179: 0.990199
24180: 0.990199
24181: 0.990199
24182: 0.9902
24183: 0.9902
24184: 0.990201
24185: 0.990201
24186: 0.990201
24187: 0.990202
24188: 0.990202
24189: 0.990203
24190: 0.990203
24191: 0.990203
24192: 0.990204
24193: 0.990204
24194: 0.990205
24195: 0.990205
24196: 0.990205
24197: 0.990206
24198: 0.990206
24199: 0.990207
24200: 0.990207
24201: 0.990207
24202: 0.990208
24203: 0.990208
24204: 0.990209
24205: 0.990209
24206: 0.990209
24207: 0.99021
24208: 0.99021
24209: 0.990211
24210: 0.990211
24211: 0.990211
24212: 0.990212
24213: 0.990212
24214: 0.990213
24215: 0.990213
24216: 0.990213
24217: 0.990214
24218: 0.990214
24219: 0.990215
24220: 0.990215
24221: 0.990216
24222: 0.990216
24223: 0.990216
24224: 0.990217
24225: 0.990217
24226: 0.990218
24227: 0.990218
24228: 0.990218
24229: 0.990219
24230: 0.990219
24231: 0.99022
24232: 0.99022
24233: 0.99022
24234: 0.990221
24235: 0.990221
24236: 0.990222
24237: 0.990222
24238: 0.990222
24239: 0.990223
24240: 0.990223
24241: 0.990224
24242: 0.990224
24243: 0.990224
24244: 0.990225
24245: 0.990225
24246: 0.990226
24247: 0.990226
24248: 0.990226
24249: 0.990227
24250: 0.990227
24251: 0.990228
24252: 0.990228
24253: 0.990228
24254: 0.990229
24255: 0.990229
24256: 0.99023
24257: 0.99023
24258: 0.99023
24259: 0.990231
24260: 0.990231
24261: 0.990232
24262: 0.990232
24263: 0.990232
24264: 0.990233
24265: 0.990233
24266: 0.990234
24267: 0.990234
24268: 0.990234
24269: 0.990235
24270: 0.990235
24271: 0.990236
24272: 0.990236
24273: 0.990236
24274: 0.990237
24275: 0.990237
24276: 0.990238
24277: 0.990238
24278: 0.990238
24279: 0.990239
24280: 0.990239
24281: 0.99024
24282: 0.99024
24283: 0.99024
24284: 0.990241
24285: 0.990241
24286: 0.990242
24287: 0.990242
24288: 0.990242
24289: 0.990243
24290: 0.990243
24291: 0.990244
24292: 0.990244
24293: 0.990245
24294: 0.990245
24295: 0.990245
24296: 0.990246
24297: 0.990246
24298: 0.990247
24299: 0.990247
24300: 0.990247
24301: 0.990248
24302: 0.990248
24303: 0.990249
24304: 0.990249
24305: 0.990208
24306: 0.990209
24307: 0.990209
24308: 0.990209
24309: 0.99021
24310: 0.99021
24311: 0.990211
24312: 0.990211
24313: 0.990211
24314: 0.990212
24315: 0.990212
24316: 0.990213
24317: 0.990213
24318: 0.990213
24319: 0.990214
24320: 0.990214
24321: 0.990215
24322: 0.990215
24323: 0.990215
24324: 0.990216
24325: 0.990216
24326: 0.990217
24327: 0.990217
24328: 0.990217
24329: 0.990218
24330: 0.990218
24331: 0.990219
24332: 0.990219
24333: 0.990219
24334: 0.99022
24335: 0.99022
24336: 0.990221
24337: 0.990221
24338: 0.990221
24339: 0.990222
24340: 0.990222
24341: 0.990223
24342: 0.990223
24343: 0.990223
24344: 0.990224
24345: 0.990224
24346: 0.990225
24347: 0.990225
24348: 0.990225
24349: 0.990226
24350: 0.990226
24351: 0.990227
24352: 0.990227
24353: 0.990227
24354: 0.990228
24355: 0.990228
24356: 0.990229
24357: 0.990229
24358: 0.990229
24359: 0.99023
24360: 0.99023
24361: 0.990231
24362: 0.990231
24363: 0.990231
24364: 0.990232
24365: 0.990232
24366: 0.990233
24367: 0.990233
24368: 0.990233
24369: 0.990234
24370: 0.990234
24371: 0.990235
24372: 0.990235
24373: 0.990235
24374: 0.990236
24375: 0.990236
24376: 0.990237
24377: 0.990237
24378: 0.990237
24379: 0.990238
24380: 0.990238
24381: 0.990239
24382: 0.990239
24383: 0.99024
24384: 0.99024
24385: 0.99024
24386: 0.990241
24387: 0.990241
24388: 0.990242
24389: 0.990242
24390: 0.990242
24391: 0.990243
24392: 0.990243
24393: 0.990244
24394: 0.990244
24395: 0.990244
24396: 0.990245
24397: 0.990245
24398: 0.990246
24399: 0.990246
24400: 0.990246
24401: 0.990247
24402: 0.990247
24403: 0.990248
24404: 0.990248
24405: 0.990248
24406: 0.990249
24407: 0.990249
24408: 0.990249
24409: 0.99025
24410: 0.99025
24411: 0.990251
24412: 0.990251
24413: 0.990251
24414: 0.990252
24415: 0.990252
24416: 0.990253
24417: 0.990253
24418: 0.990253
24419: 0.990254
24420: 0.990254
24421: 0.990255
24422: 0.990255
24423: 0.990255
24424: 0.990256
24425: 0.990256
24426: 0.990257
24427: 0.990257
24428: 0.990257
24429: 0.990258
24430: 0.990258
24431: 0.990259
24432: 0.990259
24433: 0.990259
24434: 0.99026
24435: 0.99026
24436: 0.990261
24437: 0.990261
24438: 0.990261
24439: 0.990262
24440: 0.990262
24441: 0.990263
24442: 0.990263
24443: 0.990263
24444: 0.990264
24445: 0.990264
24446: 0.990265
24447: 0.990265
24448: 0.990265
24449: 0.990266
24450: 0.990266
24451: 0.990267
24452: 0.990267
24453: 0.990267
24454: 0.990268
24455: 0.990268
24456: 0.990269
24457: 0.990269
24458: 0.990269
24459: 0.99027
24460: 0.99027
24461: 0.990271
24462: 0.990271
24463: 0.990271
24464: 0.990272
24465: 0.990272
24466: 0.990273
24467: 0.990273
24468: 0.990273
24469: 0.990274
24470: 0.990274
24471: 0.990275
24472: 0.990275
24473: 0.990275
24474: 0.990276
24475: 0.990276
24476: 0.990277
24477: 0.990277
24478: 0.990277
24479: 0.990278
24480: 0.990278
24481: 0.990279
24482: 0.990279
24483: 0.990279
24484: 0.99028
24485: 0.99028
24486: 0.990281
24487: 0.990281
24488: 0.990281
24489: 0.990282
24490: 0.990282
24491: 0.990283
24492: 0.990283
24493: 0.990283
24494: 0.990284
24495: 0.990284
24496: 0.990285
24497: 0.990285
24498: 0.990285
24499: 0.990286
24500: 0.990286
24501: 0.990287
24502: 0.990287
24503: 0.990287
24504: 0.990288
24505: 0.990288
24506: 0.990288
24507: 0.990289
24508: 0.990289
24509: 0.99029
24510: 0.99029
24511: 0.99029
24512: 0.990291
24513: 0.990291
24514: 0.990292
24515: 0.990292
24516: 0.990292
24517: 0.990293
24518: 0.990293
24519: 0.990294
24520: 0.990294
24521: 0.990294
24522: 0.990295
24523: 0.990295
24524: 0.990296
24525: 0.990296
24526: 0.990296
24527: 0.990297
24528: 0.990297
24529: 0.990298
24530: 0.990298
24531: 0.990298
24532: 0.990299
24533: 0.990299
24534: 0.9903
24535: 0.9903
24536: 0.9903
24537: 0.990301
24538: 0.990301
24539: 0.990302
24540: 0.990302
24541: 0.990302
24542: 0.990303
24543: 0.990303
24544: 0.990304
24545: 0.990304
24546: 0.990304
24547: 0.990305
24548: 0.990305
24549: 0.990305
24550: 0.990306
24551: 0.990306
24552: 0.990307
24553: 0.990307
24554: 0.990307
24555: 0.990308
24556: 0.990308
24557: 0.990309
24558: 0.990309
24559: 0.990309
24560: 0.99031
24561: 0.99031
24562: 0.990311
24563: 0.990311
24564: 0.990311
24565: 0.990312
24566: 0.990312
24567: 0.990313
24568: 0.990313
24569: 0.990313
24570: 0.990314
24571: 0.990314
24572: 0.990315
24573: 0.990315
24574: 0.990315
24575: 0.990316
24576: 0.990316
24577: 0.990317
24578: 0.990317
24579: 0.990317
24580: 0.990318
24581: 0.990318
24582: 0.990319
24583: 0.990319
24584: 0.990319
24585: 0.99032
24586: 0.99032
24587: 0.99032
24588: 0.990321
24589: 0.990321
24590: 0.990322
24591: 0.990322
24592: 0.990322
24593: 0.990323
24594: 0.990323
24595: 0.990324
24596: 0.990324
24597: 0.990324
24598: 0.990325
24599: 0.990325
24600: 0.990326
24601: 0.990326
24602: 0.990326
24603: 0.990327
24604: 0.990327
24605: 0.990328
24606: 0.990328
24607: 0.990328
24608: 0.990329
24609: 0.990329
24610: 0.99033
24611: 0.99033
24612: 0.99033
24613: 0.990331
24614: 0.990331
24615: 0.990331
24616: 0.990332
24617: 0.990332
24618: 0.990333
24619: 0.990333
24620: 0.990333
24621: 0.990334
24622: 0.990334
24623: 0.990335
24624: 0.990335
24625: 0.990335
24626: 0.990336
24627: 0.990336
24628: 0.990337
24629: 0.990337
24630: 0.990337
24631: 0.990338
24632: 0.990338
24633: 0.990339
24634: 0.990339
24635: 0.990339
24636: 0.99034
24637: 0.99034
24638: 0.990341
24639: 0.990341
24640: 0.990341
24641: 0.990342
24642: 0.990342
24643: 0.990342
24644: 0.990343
24645: 0.990343
24646: 0.990344
24647: 0.990344
24648: 0.990344
24649: 0.990345
24650: 0.990345
24651: 0.990305
24652: 0.990305
24653: 0.990306
24654: 0.990306
24655: 0.990307
24656: 0.990307
24657: 0.990307
24658: 0.990308
24659: 0.990308
24660: 0.990309
24661: 0.990309
24662: 0.990309
24663: 0.99031
24664: 0.99031
24665: 0.990311
24666: 0.990311
24667: 0.990311
24668: 0.990312
24669: 0.990312
24670: 0.990313
24671: 0.990313
24672: 0.990313
24673: 0.990314
24674: 0.990314
24675: 0.990314
24676: 0.990315
24677: 0.990315
24678: 0.990316
24679: 0.990316
24680: 0.990316
24681: 0.990317
24682: 0.990317
24683: 0.990318
24684: 0.990318
24685: 0.990318
24686: 0.990319
24687: 0.990319
24688: 0.99032
24689: 0.99032
24690: 0.99032
24691: 0.990321
24692: 0.990321
24693: 0.990322
24694: 0.990322
24695: 0.990322
24696: 0.990323
24697: 0.990323
24698: 0.990323
24699: 0.990324
24700: 0.990324
24701: 0.990325
24702: 0.990325
24703: 0.990325
24704: 0.990326
24705: 0.990326
24706: 0.990327
24707: 0.990327
24708: 0.990327
24709: 0.990328
24710: 0.990328
24711: 0.990329
24712: 0.990329
24713: 0.990329
24714: 0.99033
24715: 0.99033
24716: 0.990331
24717: 0.990331
24718: 0.990331
24719: 0.990332
24720: 0.990332
24721: 0.990332
24722: 0.990333
24723: 0.990333
24724: 0.990334
24725: 0.990334
24726: 0.990334
24727: 0.990335
24728: 0.990335
24729: 0.990336
24730: 0.990336
24731: 0.990336
24732: 0.990337
24733: 0.990337
24734: 0.990338
24735: 0.990338
24736: 0.990338
24737: 0.990339
24738: 0.990339
24739: 0.99034
24740: 0.99034
24741: 0.99034
24742: 0.990341
24743: 0.990341
24744: 0.990341
24745: 0.990342
24746: 0.990342
24747: 0.990343
24748: 0.990343
24749: 0.990343
24750: 0.990344
24751: 0.990344
24752: 0.990345
24753: 0.990345
24754: 0.990345
24755: 0.990346
24756: 0.990346
24757: 0.990347
24758: 0.990347
24759: 0.990347
24760: 0.990348
24761: 0.990348
24762: 0.990349
24763: 0.990349
24764: 0.990349
24765: 0.99035
24766: 0.99035
24767: 0.99035
24768: 0.990351
24769: 0.990351
24770: 0.990311
24771: 0.990312
24772: 0.990312
24773: 0.990312
24774: 0.990313
24775: 0.990313
24776: 0.990314
24777: 0.990314
24778: 0.990314
24779: 0.990315
24780: 0.990315
24781: 0.990316
24782: 0.990316
24783: 0.990316
24784: 0.990317
24785: 0.990317
24786: 0.990318
24787: 0.990318
24788: 0.990318
24789: 0.990319
24790: 0.990319
24791: 0.990319
24792: 0.99032
24793: 0.99032
24794: 0.990321
24795: 0.990321
24796: 0.990321
24797: 0.990322
24798: 0.990322
24799: 0.990323
24800: 0.990323
24801: 0.990323
24802: 0.990324
24803: 0.990324
24804: 0.990325
24805: 0.990325
24806: 0.990325
24807: 0.990326
24808: 0.990326
24809: 0.990326
24810: 0.990327
24811: 0.990327
24812: 0.990328
24813: 0.990328
24814: 0.990328
24815: 0.990329
24816: 0.990329
24817: 0.99033
24818: 0.99033
24819: 0.99033
24820: 0.990331
24821: 0.990331
24822: 0.990332
24823: 0.990332
24824: 0.990332
24825: 0.990333
24826: 0.990333
24827: 0.990333
24828: 0.990334
24829: 0.990334
24830: 0.990335
24831: 0.990335
24832: 0.990335
24833: 0.990336
24834: 0.990336
24835: 0.990337
24836: 0.990337
24837: 0.990337
24838: 0.990338
24839: 0.990338
24840: 0.990339
24841: 0.990339
24842: 0.990339
24843: 0.99034
24844: 0.99034
24845: 0.99034
24846: 0.990341
24847: 0.990341
24848: 0.990342
24849: 0.990342
24850: 0.990342
24851: 0.990343
24852: 0.990343
24853: 0.990344
24854: 0.990344
24855: 0.990344
24856: 0.990345
24857: 0.990345
24858: 0.990346
24859: 0.990346
24860: 0.990346
24861: 0.990347
24862: 0.990347
24863: 0.990347
24864: 0.990348
24865: 0.990348
24866: 0.990349
24867: 0.990349
24868: 0.990349
24869: 0.99035
24870: 0.99035
24871: 0.990351
24872: 0.990351
24873: 0.990351
24874: 0.990352
24875: 0.990352
24876: 0.990353
24877: 0.990353
24878: 0.990353
24879: 0.990354
24880: 0.990354
24881: 0.990354
24882: 0.990355
24883: 0.990355
24884: 0.990356
24885: 0.990356
24886: 0.990356
24887: 0.990357
24888: 0.990357
24889: 0.990358
24890: 0.990358
24891: 0.990358
24892: 0.990359
24893: 0.990359
24894: 0.99036
24895: 0.99036
24896: 0.99036
24897: 0.990361
24898: 0.990361
24899: 0.990361
24900: 0.990362
24901: 0.990362
24902: 0.990363
24903: 0.990363
24904: 0.990363
24905: 0.990364
24906: 0.990364
24907: 0.990365
24908: 0.990365
24909: 0.990365
24910: 0.990366
24911: 0.990366
24912: 0.990366
24913: 0.990367
24914: 0.990367
24915: 0.990368
24916: 0.990368
24917: 0.990368
24918: 0.990369
24919: 0.990369
24920: 0.99037
24921: 0.99037
24922: 0.99037
24923: 0.990371
24924: 0.990371
24925: 0.990371
24926: 0.990372
24927: 0.990372
24928: 0.990373
24929: 0.990373
24930: 0.990373
24931: 0.990374
24932: 0.990374
24933: 0.990375
24934: 0.990375
24935: 0.990375
24936: 0.990376
24937: 0.990376
24938: 0.990377
24939: 0.990377
24940: 0.990377
24941: 0.990378
24942: 0.990378
24943: 0.990378
24944: 0.990379
24945: 0.990379
24946: 0.99038
24947: 0.99038
24948: 0.99038
24949: 0.990381
24950: 0.990381
24951: 0.990382
24952: 0.990382
24953: 0.990382
24954: 0.990383
24955: 0.990383
24956: 0.990383
24957: 0.990384
24958: 0.990384
24959: 0.990385
24960: 0.990385
24961: 0.990385
24962: 0.990386
24963: 0.990386
24964: 0.990387
24965: 0.990387
24966: 0.990387
24967: 0.990388
24968: 0.990388
24969: 0.990388
24970: 0.990389
24971: 0.990389
24972: 0.99039
24973: 0.99039
24974: 0.99039
24975: 0.990391
24976: 0.990391
24977: 0.990392
24978: 0.990352
24979: 0.990352
24980: 0.990353
24981: 0.990353
24982: 0.990353
24983: 0.990354
24984: 0.990354
24985: 0.990355
24986: 0.990355
24987: 0.990355
24988: 0.990356
24989: 0.990356
24990: 0.990357
24991: 0.990357
24992: 0.990357
24993: 0.990358
24994: 0.990358
24995: 0.990358
24996: 0.990359
24997: 0.990359
24998: 0.99036
24999: 0.99036
25000: 0.99036
25001: 0.990361
25002: 0.990361
25003: 0.990362
25004: 0.990362
25005: 0.990362
25006: 0.990363
25007: 0.990363
25008: 0.990363
25009: 0.990364
25010: 0.990364
25011: 0.990365
25012: 0.990365
25013: 0.990365
25014: 0.990366
25015: 0.990366
25016: 0.990367
25017: 0.990367
25018: 0.990367
25019: 0.990368
25020: 0.990368
25021: 0.990368
25022: 0.990369
25023: 0.990369
25024: 0.99037
25025: 0.99037
25026: 0.99037
25027: 0.990371
25028: 0.990371
25029: 0.990372
25030: 0.990372
25031: 0.990372
25032: 0.990373
25033: 0.990373
25034: 0.990373
25035: 0.990374
25036: 0.990374
25037: 0.990375
25038: 0.990375
25039: 0.990375
25040: 0.990376
25041: 0.990376
25042: 0.990377
25043: 0.990377
25044: 0.990377
25045: 0.990378
25046: 0.990378
25047: 0.990378
25048: 0.990379
25049: 0.990379
25050: 0.99038
25051: 0.99038
25052: 0.99038
25053: 0.990381
25054: 0.990381
25055: 0.990382
25056: 0.990382
25057: 0.990382
25058: 0.990383
25059: 0.990383
25060: 0.990383
25061: 0.990384
25062: 0.990384
25063: 0.990385
25064: 0.990385
25065: 0.990385
25066: 0.990386
25067: 0.990386
25068: 0.990387
25069: 0.990387
25070: 0.990387
25071: 0.990388
25072: 0.990388
25073: 0.990388
25074: 0.990389
25075: 0.990389
25076: 0.99039
25077: 0.99039
25078: 0.99039
25079: 0.990391
25080: 0.990391
25081: 0.990392
25082: 0.990392
25083: 0.990392
25084: 0.990393
25085: 0.990393
25086: 0.990393
25087: 0.990394
25088: 0.990394
25089: 0.990395
25090: 0.990395
25091: 0.990395
25092: 0.990396
25093: 0.990396
25094: 0.990396
25095: 0.990397
25096: 0.990397
25097: 0.990398
25098: 0.990398
25099: 0.990398
25100: 0.990399
25101: 0.990399
25102: 0.9904
25103: 0.9904
25104: 0.9904
25105: 0.990401
25106: 0.990401
25107: 0.990401
25108: 0.990402
25109: 0.990402
25110: 0.990403
25111: 0.990403
25112: 0.990403
25113: 0.990404
25114: 0.990404
25115: 0.990405
25116: 0.990405
25117: 0.990405
25118: 0.990406
25119: 0.990406
25120: 0.990406
25121: 0.990407
25122: 0.990407
25123: 0.990408
25124: 0.990408
25125: 0.990408
25126: 0.990409
25127: 0.990409
25128: 0.990409
25129: 0.99041
25130: 0.99041
25131: 0.990411
25132: 0.990411
25133: 0.990411
25134: 0.990412
25135: 0.990412
25136: 0.990413
25137: 0.990413
25138: 0.990413
25139: 0.990414
25140: 0.990414
25141: 0.990414
25142: 0.990415
25143: 0.990415
25144: 0.990416
25145: 0.990416
25146: 0.990416
25147: 0.990417
25148: 0.990417
25149: 0.990417
25150: 0.990418
25151: 0.990418
25152: 0.990419
25153: 0.990419
25154: 0.990419
25155: 0.99042
25156: 0.99042
25157: 0.990421
25158: 0.990421
25159: 0.990382
25160: 0.990382
25161: 0.990382
25162: 0.990383
25163: 0.990383
25164: 0.990383
25165: 0.990384
25166: 0.990384
25167: 0.990385
25168: 0.990385
25169: 0.990385
25170: 0.990386
25171: 0.990386
25172: 0.990387
25173: 0.990387
25174: 0.990387
25175: 0.990388
25176: 0.990388
25177: 0.990388
25178: 0.990389
25179: 0.990389
25180: 0.99039
25181: 0.99039
25182: 0.99039
25183: 0.990391
25184: 0.990391
25185: 0.990391
25186: 0.990392
25187: 0.990392
25188: 0.990393
25189: 0.990393
25190: 0.990393
25191: 0.990394
25192: 0.990394
25193: 0.990395
25194: 0.990395
25195: 0.990395
25196: 0.990396
25197: 0.990396
25198: 0.990396
25199: 0.990397
25200: 0.990397
25201: 0.990398
25202: 0.990398
25203: 0.990398
25204: 0.990399
25205: 0.990399
25206: 0.990399
25207: 0.9904
25208: 0.9904
25209: 0.990401
25210: 0.990401
25211: 0.990401
25212: 0.990402
25213: 0.990402
25214: 0.990403
25215: 0.990403
25216: 0.990403
25217: 0.990404
25218: 0.990404
25219: 0.990404
25220: 0.990405
25221: 0.990405
25222: 0.990406
25223: 0.990406
25224: 0.990406
25225: 0.990367
25226: 0.990367
25227: 0.990368
25228: 0.990368
25229: 0.990369
25230: 0.990369
25231: 0.990369
25232: 0.99037
25233: 0.99037
25234: 0.990371
25235: 0.990371
25236: 0.990371
25237: 0.990372
25238: 0.990372
25239: 0.990372
25240: 0.990373
25241: 0.990373
25242: 0.990374
25243: 0.990374
25244: 0.990374
25245: 0.990375
25246: 0.990375
25247: 0.990375
25248: 0.990376
25249: 0.990376
25250: 0.990377
25251: 0.990377
25252: 0.990377
25253: 0.990378
25254: 0.990378
25255: 0.990379
25256: 0.990379
25257: 0.990379
25258: 0.99038
25259: 0.99038
25260: 0.99038
25261: 0.990381
25262: 0.990381
25263: 0.990382
25264: 0.990382
25265: 0.990382
25266: 0.990383
25267: 0.990383
25268: 0.990383
25269: 0.990384
25270: 0.990384
25271: 0.990385
25272: 0.990385
25273: 0.990385
25274: 0.990386
25275: 0.990386
25276: 0.990387
25277: 0.990387
25278: 0.990387
25279: 0.990388
25280: 0.990388
25281: 0.990388
25282: 0.990389
25283: 0.990389
25284: 0.99039
25285: 0.99039
25286: 0.99039
25287: 0.990391
25288: 0.990391
25289: 0.990391
25290: 0.990392
25291: 0.990392
25292: 0.990393
25293: 0.990393
25294: 0.990393
25295: 0.990394
25296: 0.990394
25297: 0.990394
25298: 0.990395
25299: 0.990395
25300: 0.990396
25301: 0.990396
25302: 0.990396
25303: 0.990397
25304: 0.990397
25305: 0.990398
25306: 0.990398
25307: 0.990398
25308: 0.990399
25309: 0.990399
25310: 0.990399
25311: 0.9904
25312: 0.9904
25313: 0.990401
25314: 0.990401
25315: 0.990401
25316: 0.990402
25317: 0.990402
25318: 0.990402
25319: 0.990403
25320: 0.990403
25321: 0.990404
25322: 0.990404
25323: 0.990404
25324: 0.990405
25325: 0.990405
25326: 0.990405
25327: 0.990406
25328: 0.990406
25329: 0.990407
25330: 0.990407
25331: 0.990407
25332: 0.990408
25333: 0.990408
25334: 0.990409
25335: 0.990409
25336: 0.990409
25337: 0.99041
25338: 0.99041
25339: 0.99041
25340: 0.990411
25341: 0.990411
25342: 0.990412
25343: 0.990412
25344: 0.990412
25345: 0.990413
25346: 0.990413
25347: 0.990413
25348: 0.990414
25349: 0.990414
25350: 0.990415
25351: 0.990415
25352: 0.990415
25353: 0.990416
25354: 0.990416
25355: 0.990416
25356: 0.990417
25357: 0.990417
25358: 0.990418
25359: 0.990418
25360: 0.990418
25361: 0.990419
25362: 0.990419
25363: 0.990419
25364: 0.99042
25365: 0.99042
25366: 0.990421
25367: 0.990421
25368: 0.990421
25369: 0.990422
25370: 0.990422
25371: 0.990423
25372: 0.990423
25373: 0.990423
25374: 0.990424
25375: 0.990424
25376: 0.990424
25377: 0.990425
25378: 0.990425
25379: 0.990426
25380: 0.990426
25381: 0.990426
25382: 0.990427
25383: 0.990427
25384: 0.990427
25385: 0.990428
25386: 0.990428
25387: 0.990429
25388: 0.990429
25389: 0.990429
25390: 0.99043
25391: 0.99043
25392: 0.99043
25393: 0.990431
25394: 0.990431
25395: 0.990432
25396: 0.990432
25397: 0.990432
25398: 0.990433
25399: 0.990433
25400: 0.990433
25401: 0.990434
25402: 0.990434
25403: 0.990435
25404: 0.990435
25405: 0.990435
25406: 0.990436
25407: 0.990436
25408: 0.990436
25409: 0.990437
25410: 0.990437
25411: 0.990438
25412: 0.990438
25413: 0.990438
25414: 0.990439
25415: 0.990439
25416: 0.990439
25417: 0.99044
25418: 0.99044
25419: 0.990441
25420: 0.990441
25421: 0.990441
25422: 0.990442
25423: 0.990442
25424: 0.990442
25425: 0.990443
25426: 0.990443
25427: 0.990444
25428: 0.990444
25429: 0.990444
25430: 0.990445
25431: 0.990445
25432: 0.990445
25433: 0.990446
25434: 0.990446
25435: 0.990447
25436: 0.990447
25437: 0.990447
25438: 0.990448
25439: 0.990448
25440: 0.990448
25441: 0.990449
25442: 0.990449
25443: 0.99045
25444: 0.99045
25445: 0.99045
25446: 0.990451
25447: 0.990451
25448: 0.990451
25449: 0.990452
25450: 0.990452
25451: 0.990453
25452: 0.990453
25453: 0.990453
25454: 0.990454
25455: 0.990454
25456: 0.990454
25457: 0.990455
25458: 0.990455
25459: 0.990456
25460: 0.990456
25461: 0.990456
25462: 0.990457
25463: 0.990457
25464: 0.990457
25465: 0.990458
25466: 0.990458
25467: 0.990459
25468: 0.990459
25469: 0.990459
25470: 0.99046
25471: 0.99046
25472: 0.99046
25473: 0.990461
25474: 0.990461
25475: 0.990462
25476: 0.990462
25477: 0.990462
25478: 0.990463
25479: 0.990463
25480: 0.990463
25481: 0.990464
25482: 0.990464
25483: 0.990465
25484: 0.990465
25485: 0.990465
25486: 0.990466
25487: 0.990466
25488: 0.990466
25489: 0.990467
25490: 0.990467
25491: 0.990468
25492: 0.990468
25493: 0.990468
25494: 0.990469
25495: 0.990469
25496: 0.990469
25497: 0.99047
25498: 0.99047
25499: 0.990471
25500: 0.990471
25501: 0.990471
25502: 0.990472
25503: 0.990472
25504: 0.990472
25505: 0.990473
25506: 0.990473
25507: 0.990474
25508: 0.990474
25509: 0.990474
25510: 0.990475
25511: 0.990475
25512: 0.990475
25513: 0.990476
25514: 0.990476
25515: 0.990477
25516: 0.990477
25517: 0.990477
25518: 0.990478
25519: 0.990478
25520: 0.990478
25521: 0.990479
25522: 0.990479
25523: 0.99048
25524: 0.99048
25525: 0.99048
25526: 0.990481
25527: 0.990481
25528: 0.990481
25529: 0.990482
25530: 0.990482
25531: 0.990483
25532: 0.990483
25533: 0.990483
25534: 0.990484
25535: 0.990484
25536: 0.990484
25537: 0.990485
25538: 0.990485
25539: 0.990486
25540: 0.990486
25541: 0.990486
25542: 0.990487
25543: 0.990487
25544: 0.990487
25545: 0.990488
25546: 0.990488
25547: 0.990488
25548: 0.990489
25549: 0.990489
25550: 0.99049
25551: 0.99049
25552: 0.99049
25553: 0.990491
25554: 0.990491
25555: 0.990491
25556: 0.990492
25557: 0.990492
25558: 0.990493
25559: 0.990493
25560: 0.990493
25561: 0.990494
25562: 0.990494
25563: 0.990494
25564: 0.990495
25565: 0.990495
25566: 0.990496
25567: 0.990496
25568: 0.990496
25569: 0.990497
25570: 0.990497
25571: 0.990497
25572: 0.990498
25573: 0.990498
25574: 0.990499
25575: 0.990499
25576: 0.990499
25577: 0.9905
25578: 0.9905
25579: 0.9905
25580: 0.990501
25581: 0.990501
25582: 0.990502
25583: 0.990502
25584: 0.990502
25585: 0.990503
25586: 0.990503
25587: 0.990503
25588: 0.990504
25589: 0.990504
25590: 0.990504
25591: 0.990505
25592: 0.990505
25593: 0.990506
25594: 0.990506
25595: 0.990506
25596: 0.990507
25597: 0.990507
25598: 0.990507
25599: 0.990508
25600: 0.990508
25601: 0.990509
25602: 0.990509
25603: 0.990509
25604: 0.99051
25605: 0.99051
25606: 0.99051
25607: 0.990511
25608: 0.990511
25609: 0.990512
25610: 0.990512
25611: 0.990512
25612: 0.990513
25613: 0.990513
25614: 0.990513
25615: 0.990514
25616: 0.990514
25617: 0.990514
25618: 0.990515
25619: 0.990515
25620: 0.990516
25621: 0.990516
25622: 0.990516
25623: 0.990517
25624: 0.990517
25625: 0.990517
25626: 0.990518
25627: 0.990518
25628: 0.990519
25629: 0.990519
25630: 0.990519
25631: 0.99052
25632: 0.99052
25633: 0.99052
25634: 0.990521
25635: 0.990521
25636: 0.990522
25637: 0.990522
25638: 0.990522
25639: 0.990523
25640: 0.990523
25641: 0.990523
25642: 0.990524
25643: 0.990524
25644: 0.990524
25645: 0.990525
25646: 0.990525
25647: 0.990526
25648: 0.990526
25649: 0.990526
25650: 0.990527
25651: 0.990527
25652: 0.990527
25653: 0.990528
25654: 0.990528
25655: 0.990529
25656: 0.990529
25657: 0.990529
25658: 0.99053
25659: 0.99053
25660: 0.99053
25661: 0.990531
25662: 0.990531
25663: 0.990531
25664: 0.990532
25665: 0.990532
25666: 0.990533
25667: 0.990533
25668: 0.990533
25669: 0.990534
25670: 0.990534
25671: 0.990534
25672: 0.990535
25673: 0.990535
25674: 0.990536
25675: 0.990536
25676: 0.990536
25677: 0.990537
25678: 0.990537
25679: 0.990537
25680: 0.990538
25681: 0.990538
25682: 0.990538
25683: 0.990539
25684: 0.990539
25685: 0.99054
25686: 0.99054
25687: 0.99054
25688: 0.990541
25689: 0.990541
25690: 0.990541
25691: 0.990542
25692: 0.990542
25693: 0.990543
25694: 0.990543
25695: 0.990543
25696: 0.990544
25697: 0.990544
25698: 0.990544
25699: 0.990545
25700: 0.990545
25701: 0.990545
25702: 0.990546
25703: 0.990546
25704: 0.990547
25705: 0.990547
25706: 0.990547
25707: 0.990548
25708: 0.990548
25709: 0.990548
25710: 0.990549
25711: 0.990549
25712: 0.99055
25713: 0.99055
25714: 0.99055
25715: 0.990551
25716: 0.990551
25717: 0.990551
25718: 0.990552
25719: 0.990552
25720: 0.990552
25721: 0.990553
25722: 0.990553
25723: 0.990554
25724: 0.990554
25725: 0.990554
25726: 0.990555
25727: 0.990555
25728: 0.990555
25729: 0.990556
25730: 0.990556
25731: 0.990557
25732: 0.990557
25733: 0.990557
25734: 0.990558
25735: 0.990558
25736: 0.990558
25737: 0.990559
25738: 0.990559
25739: 0.990559
25740: 0.99056
25741: 0.99056
25742: 0.990561
25743: 0.990561
25744: 0.990561
25745: 0.990562
25746: 0.990562
25747: 0.990562
25748: 0.990563
25749: 0.990563
25750: 0.990563
25751: 0.990564
25752: 0.990564
25753: 0.990565
25754: 0.990565
25755: 0.990565
25756: 0.990566
25757: 0.990566
25758: 0.990566
25759: 0.990567
25760: 0.990567
25761: 0.990568
25762: 0.990568
25763: 0.990568
25764: 0.990569
25765: 0.990569
25766: 0.990569
25767: 0.99057
25768: 0.99057
25769: 0.99057
25770: 0.990532
25771: 0.990532
25772: 0.990533
25773: 0.990533
25774: 0.990533
25775: 0.990534
25776: 0.990534
25777: 0.990535
25778: 0.990535
25779: 0.990535
25780: 0.990536
25781: 0.990536
25782: 0.990536
25783: 0.990537
25784: 0.990537
25785: 0.990538
25786: 0.990538
25787: 0.990538
25788: 0.990539
25789: 0.990539
25790: 0.990539
25791: 0.99054
25792: 0.99054
25793: 0.99054
25794: 0.990541
25795: 0.990541
25796: 0.990542
25797: 0.990542
25798: 0.990542
25799: 0.990543
25800: 0.990543
25801: 0.990543
25802: 0.990544
25803: 0.990544
25804: 0.990544
25805: 0.990545
25806: 0.990545
25807: 0.990546
25808: 0.990546
25809: 0.990546
25810: 0.990547
25811: 0.990547
25812: 0.990547
25813: 0.990548
25814: 0.990548
25815: 0.99051
25816: 0.99051
25817: 0.99051
25818: 0.990511
25819: 0.990511
25820: 0.990512
25821: 0.990512
25822: 0.990512
25823: 0.990513
25824: 0.990513
25825: 0.990513
25826: 0.990514
25827: 0.990514
25828: 0.990515
25829: 0.990515
25830: 0.990515
25831: 0.990516
25832: 0.990516
25833: 0.990516
25834: 0.990517
25835: 0.990517
25836: 0.990517
25837: 0.990518
25838: 0.990518
25839: 0.990519
25840: 0.990519
25841: 0.990519
25842: 0.99052
25843: 0.99052
25844: 0.99052
25845: 0.990521
25846: 0.990482
25847: 0.990483
25848: 0.990483
25849: 0.990484
25850: 0.990484
25851: 0.990484
25852: 0.990485
25853: 0.990485
25854: 0.990485
25855: 0.990486
25856: 0.990486
25857: 0.990487
25858: 0.990487
25859: 0.990487
25860: 0.990488
25861: 0.990488
25862: 0.990488
25863: 0.990489
25864: 0.990489
25865: 0.990489
25866: 0.99049
25867: 0.99049
25868: 0.990491
25869: 0.990491
25870: 0.990491
25871: 0.990492
25872: 0.990492
25873: 0.990492
25874: 0.990493
25875: 0.990493
25876: 0.990493
25877: 0.990494
25878: 0.990494
25879: 0.990495
25880: 0.990495
25881: 0.990495
25882: 0.990496
25883: 0.990496
25884: 0.990496
25885: 0.990497
25886: 0.990497
25887: 0.990498
25888: 0.990498
25889: 0.990498
25890: 0.990499
25891: 0.990499
25892: 0.990499
25893: 0.9905
25894: 0.9905
25895: 0.9905
25896: 0.990501
25897: 0.990501
25898: 0.990502
25899: 0.990502
25900: 0.990502
25901: 0.990503
25902: 0.990503
25903: 0.990503
25904: 0.990504
25905: 0.990504
25906: 0.990504
25907: 0.990505
25908: 0.990505
25909: 0.990506
25910: 0.990506
25911: 0.990506
25912: 0.990507
25913: 0.990507
25914: 0.990507
25915: 0.990508
25916: 0.990508
25917: 0.990509
25918: 0.990509
25919: 0.990509
25920: 0.99051
25921: 0.99051
25922: 0.99051
25923: 0.990511
25924: 0.990511
25925: 0.990511
25926: 0.990512
25927: 0.990512
25928: 0.990513
25929: 0.990513
25930: 0.990513
25931: 0.990514
25932: 0.990514
25933: 0.990514
25934: 0.990515
25935: 0.990515
25936: 0.990515
25937: 0.990516
25938: 0.990516
25939: 0.990517
25940: 0.990517
25941: 0.990517
25942: 0.990518
25943: 0.990518
25944: 0.990518
25945: 0.990519
25946: 0.990519
25947: 0.99052
25948: 0.99052
25949: 0.99052
25950: 0.990521
25951: 0.990521
25952: 0.990521
25953: 0.990522
25954: 0.990522
25955: 0.990522
25956: 0.990523
25957: 0.990523
25958: 0.990485
25959: 0.990485
25960: 0.990486
25961: 0.990486
25962: 0.990486
25963: 0.990487
25964: 0.990487
25965: 0.990488
25966: 0.990488
25967: 0.990488
25968: 0.990489
25969: 0.990489
25970: 0.990489
25971: 0.99049
25972: 0.99049
25973: 0.99049
25974: 0.990491
25975: 0.990491
25976: 0.990492
25977: 0.990492
25978: 0.990492
25979: 0.990493
25980: 0.990493
25981: 0.990493
25982: 0.990494
25983: 0.990494
25984: 0.990495
25985: 0.990495
25986: 0.990495
25987: 0.990496
25988: 0.990496
25989: 0.990496
25990: 0.990497
25991: 0.990497
25992: 0.990497
25993: 0.990498
25994: 0.990498
25995: 0.990499
25996: 0.990499
25997: 0.990499
25998: 0.9905
25999: 0.9905
26000: 0.9905
26001: 0.990501
26002: 0.990501
26003: 0.990501
26004: 0.990502
26005: 0.990502
26006: 0.990503
26007: 0.990503
26008: 0.990503
26009: 0.990504
26010: 0.990504
26011: 0.990504
26012: 0.990505
26013: 0.990505
26014: 0.990505
26015: 0.990506
26016: 0.990506
26017: 0.990507
26018: 0.990507
26019: 0.990507
26020: 0.990508
26021: 0.990508
26022: 0.990508
26023: 0.990509
26024: 0.990509
26025: 0.990509
26026: 0.99051
26027: 0.99051
26028: 0.990511
26029: 0.990511
26030: 0.990511
26031: 0.990512
26032: 0.990512
26033: 0.990512
26034: 0.990513
26035: 0.990513
26036: 0.990514
26037: 0.990514
26038: 0.990514
26039: 0.990515
26040: 0.990515
26041: 0.990515
26042: 0.990516
26043: 0.990516
26044: 0.990516
26045: 0.990517
26046: 0.990517
26047: 0.990518
26048: 0.990518
26049: 0.990518
26050: 0.990519
26051: 0.990519
26052: 0.990519
26053: 0.99052
26054: 0.99052
26055: 0.99052
26056: 0.990521
26057: 0.990521
26058: 0.990522
26059: 0.990522
26060: 0.990522
26061: 0.990523
26062: 0.990523
26063: 0.990523
26064: 0.990524
26065: 0.990524
26066: 0.990524
26067: 0.990525
26068: 0.990525
26069: 0.990526
26070: 0.990526
26071: 0.990526
26072: 0.990527
26073: 0.990527
26074: 0.990527
26075: 0.990528
26076: 0.990528
26077: 0.990528
26078: 0.990529
26079: 0.990529
26080: 0.99053
26081: 0.99053
26082: 0.99053
26083: 0.990531
26084: 0.990531
26085: 0.990531
26086: 0.990532
26087: 0.990532
26088: 0.990532
26089: 0.990533
26090: 0.990533
26091: 0.990533
26092: 0.990534
26093: 0.990534
26094: 0.990535
26095: 0.990535
26096: 0.990535
26097: 0.990536
26098: 0.990536
26099: 0.990536
26100: 0.990537
26101: 0.990537
26102: 0.990537
26103: 0.990538
26104: 0.990538
26105: 0.990539
26106: 0.990539
26107: 0.990539
26108: 0.99054
26109: 0.99054
26110: 0.99054
26111: 0.990541
26112: 0.990541
26113: 0.990541
26114: 0.990542
26115: 0.990504
26116: 0.990504
26117: 0.990505
26118: 0.990505
26119: 0.990505
26120: 0.990506
26121: 0.990506
26122: 0.990506
26123: 0.990507
26124: 0.990507
26125: 0.990508
26126: 0.990508
26127: 0.990508
26128: 0.990509
26129: 0.990509
26130: 0.990509
26131: 0.99051
26132: 0.99051
26133: 0.99051
26134: 0.990511
26135: 0.990511
26136: 0.990512
26137: 0.990512
26138: 0.990512
26139: 0.990513
26140: 0.990513
26141: 0.990513
26142: 0.990514
26143: 0.990514
26144: 0.990514
26145: 0.990515
26146: 0.990515
26147: 0.990516
26148: 0.990516
26149: 0.990516
26150: 0.990517
26151: 0.990517
26152: 0.990517
26153: 0.990518
26154: 0.990518
26155: 0.990518
26156: 0.990519
26157: 0.990519
26158: 0.99052
26159: 0.99052
26160: 0.99052
26161: 0.990521
26162: 0.990521
26163: 0.990521
26164: 0.990522
26165: 0.990522
26166: 0.990522
26167: 0.990523
26168: 0.990523
26169: 0.990524
26170: 0.990524
26171: 0.990524
26172: 0.990525
26173: 0.990525
26174: 0.990525
26175: 0.990526
26176: 0.990526
26177: 0.990526
26178: 0.990527
26179: 0.990527
26180: 0.990527
26181: 0.990528
26182: 0.990528
26183: 0.990529
26184: 0.990529
26185: 0.990529
26186: 0.99053
26187: 0.99053
26188: 0.99053
26189: 0.990531
26190: 0.990531
26191: 0.990531
26192: 0.990532
26193: 0.990532
26194: 0.990533
26195: 0.990533
26196: 0.990533
26197: 0.990534
26198: 0.990534
26199: 0.990534
26200: 0.990535
26201: 0.990535
26202: 0.990535
26203: 0.990536
26204: 0.990536
26205: 0.990537
26206: 0.990537
26207: 0.990537
26208: 0.990538
26209: 0.990538
26210: 0.990538
26211: 0.990539
26212: 0.990539
26213: 0.990539
26214: 0.99054
26215: 0.99054
26216: 0.99054
26217: 0.990541
26218: 0.990541
26219: 0.990542
26220: 0.990542
26221: 0.990542
26222: 0.990543
26223: 0.990543
26224: 0.990543
26225: 0.990544
26226: 0.990544
26227: 0.990544
26228: 0.990545
26229: 0.990545
26230: 0.990546
26231: 0.990546
26232: 0.990546
26233: 0.990547
26234: 0.990547
26235: 0.990547
26236: 0.990548
26237: 0.990548
26238: 0.990548
26239: 0.990549
26240: 0.990549
26241: 0.99055
26242: 0.99055
26243: 0.99055
26244: 0.990551
26245: 0.990551
26246: 0.990551
26247: 0.990552
26248: 0.990552
26249: 0.990552
26250: 0.990553
26251: 0.990553
26252: 0.990553
26253: 0.990554
26254: 0.990554
26255: 0.990555
26256: 0.990555
26257: 0.990555
26258: 0.990556
26259: 0.990556
26260: 0.990556
26261: 0.990557
26262: 0.990557
26263: 0.990557
26264: 0.990558
26265: 0.990558
26266: 0.990558
26267: 0.990559
26268: 0.990559
26269: 0.99056
26270: 0.99056
26271: 0.99056
26272: 0.990561
26273: 0.990561
26274: 0.990561
26275: 0.990562
26276: 0.990562
26277: 0.990562
26278: 0.990563
26279: 0.990563
26280: 0.990564
26281: 0.990564
26282: 0.990564
26283: 0.990565
26284: 0.990565
26285: 0.990565
26286: 0.990566
26287: 0.990566
26288: 0.990566
26289: 0.990567
26290: 0.990567
26291: 0.990567
26292: 0.990568
26293: 0.990568
26294: 0.990569
26295: 0.990569
26296: 0.990569
26297: 0.99057
26298: 0.99057
26299: 0.99057
26300: 0.990571
26301: 0.990571
26302: 0.990571
26303: 0.990572
26304: 0.990572
26305: 0.990572
26306: 0.990573
26307: 0.990573
26308: 0.990574
26309: 0.990574
26310: 0.990574
26311: 0.990575
26312: 0.990575
26313: 0.990575
26314: 0.990576
26315: 0.990576
26316: 0.990576
26317: 0.990577
26318: 0.990577
26319: 0.990578
26320: 0.990578
26321: 0.990578
26322: 0.990579
26323: 0.990579
26324: 0.990579
26325: 0.99058
26326: 0.99058
26327: 0.99058
26328: 0.990581
26329: 0.990581
26330: 0.990581
26331: 0.990582
26332: 0.990582
26333: 0.990583
26334: 0.990583
26335: 0.990583
26336: 0.990584
26337: 0.990584
26338: 0.990584
26339: 0.990585
26340: 0.990585
26341: 0.990585
26342: 0.990586
26343: 0.990586
26344: 0.990586
26345: 0.990587
26346: 0.990587
26347: 0.990588
26348: 0.990588
26349: 0.990588
26350: 0.990589
26351: 0.990589
26352: 0.990589
26353: 0.99059
26354: 0.99059
26355: 0.99059
26356: 0.990591
26357: 0.990591
26358: 0.990591
26359: 0.990592
26360: 0.990592
26361: 0.990593
26362: 0.990593
26363: 0.990593
26364: 0.990594
26365: 0.990594
26366: 0.990594
26367: 0.990595
26368: 0.990595
26369: 0.990595
26370: 0.990596
26371: 0.990596
26372: 0.990596
26373: 0.990597
26374: 0.990597
26375: 0.990598
26376: 0.990598
26377: 0.990598
26378: 0.990599
26379: 0.990599
26380: 0.990599
26381: 0.9906
26382: 0.9906
26383: 0.9906
26384: 0.990601
26385: 0.990601
26386: 0.990601
26387: 0.990602
26388: 0.990602
26389: 0.990603
26390: 0.990603
26391: 0.990603
26392: 0.990604
26393: 0.990604
26394: 0.990604
26395: 0.990605
26396: 0.990605
26397: 0.990605
26398: 0.990606
26399: 0.990606
26400: 0.990606
26401: 0.990607
26402: 0.990607
26403: 0.990607
26404: 0.990608
26405: 0.990608
26406: 0.990609
26407: 0.990609
26408: 0.990609
26409: 0.99061
26410: 0.99061
26411: 0.99061
26412: 0.990611
26413: 0.990611
26414: 0.990611
26415: 0.990612
26416: 0.990612
26417: 0.990612
26418: 0.990613
26419: 0.990613
26420: 0.990614
26421: 0.990614
26422: 0.990614
26423: 0.990615
26424: 0.990615
26425: 0.990615
26426: 0.990616
26427: 0.990616
26428: 0.990616
26429: 0.990617
26430: 0.990617
26431: 0.990617
26432: 0.990618
26433: 0.990618
26434: 0.990618
26435: 0.990619
26436: 0.990619
26437: 0.99062
26438: 0.99062
26439: 0.99062
26440: 0.990621
26441: 0.990621
26442: 0.990621
26443: 0.990622
26444: 0.990622
26445: 0.990622
26446: 0.990623
26447: 0.990623
26448: 0.990623
26449: 0.990624
26450: 0.990624
26451: 0.990625
26452: 0.990625
26453: 0.990625
26454: 0.990626
26455: 0.990626
26456: 0.990626
26457: 0.990627
26458: 0.990627
26459: 0.990627
26460: 0.990628
26461: 0.990628
26462: 0.990628
26463: 0.990629
26464: 0.990629
26465: 0.990629
26466: 0.99063
26467: 0.99063
26468: 0.990631
26469: 0.990631
26470: 0.990631
26471: 0.990632
26472: 0.990632
26473: 0.990632
26474: 0.990633
26475: 0.990633
26476: 0.990633
26477: 0.990634
26478: 0.990634
26479: 0.990634
26480: 0.990635
26481: 0.990635
26482: 0.990636
26483: 0.990636
26484: 0.990636
26485: 0.990637
26486: 0.990637
26487: 0.990637
26488: 0.990638
26489: 0.990638
26490: 0.990638
26491: 0.990639
26492: 0.990639
26493: 0.990639
26494: 0.99064
26495: 0.99064
26496: 0.99064
26497: 0.990641
26498: 0.990641
26499: 0.990642
26500: 0.990642
26501: 0.990642
26502: 0.990643
26503: 0.990643
26504: 0.990643
26505: 0.990644
26506: 0.990644
26507: 0.990644
26508: 0.990645
26509: 0.990645
26510: 0.990645
26511: 0.990646
26512: 0.990646
26513: 0.990646
26514: 0.990647
26515: 0.990647
26516: 0.990648
26517: 0.990648
26518: 0.990648
26519: 0.990649
26520: 0.990649
26521: 0.990649
26522: 0.99065
26523: 0.99065
26524: 0.99065
26525: 0.990651
26526: 0.990651
26527: 0.990651
26528: 0.990652
26529: 0.990652
26530: 0.990652
26531: 0.990653
26532: 0.990653
26533: 0.990654
26534: 0.990654
26535: 0.990654
26536: 0.990655
26537: 0.990655
26538: 0.990655
26539: 0.990656
26540: 0.990656
26541: 0.990656
26542: 0.990657
26543: 0.990657
26544: 0.990657
26545: 0.990658
26546: 0.990658
26547: 0.990658
26548: 0.990659
26549: 0.990659
26550: 0.990659
26551: 0.99066
26552: 0.99066
26553: 0.990661
26554: 0.990661
26555: 0.990661
26556: 0.990662
26557: 0.990662
26558: 0.990662
26559: 0.990663
26560: 0.990663
26561: 0.990663
26562: 0.990664
26563: 0.990664
26564: 0.990664
26565: 0.990665
26566: 0.990665
26567: 0.990665
26568: 0.990666
26569: 0.990666
26570: 0.990667
26571: 0.990667
26572: 0.990667
26573: 0.990668
26574: 0.990668
26575: 0.990668
26576: 0.990669
26577: 0.990669
26578: 0.990669
26579: 0.99067
26580: 0.99067
26581: 0.99067
26582: 0.990671
26583: 0.990671
26584: 0.990671
26585: 0.990672
26586: 0.990672
26587: 0.990672
26588: 0.990673
26589: 0.990673
26590: 0.990674
26591: 0.990674
26592: 0.990674
26593: 0.990675
26594: 0.990675
26595: 0.990675
26596: 0.990676
26597: 0.990676
26598: 0.990676
26599: 0.990677
26600: 0.990677
26601: 0.990677
26602: 0.990678
26603: 0.990678
26604: 0.990678
26605: 0.990679
26606: 0.990679
26607: 0.990679
26608: 0.99068
26609: 0.99068
26610: 0.990681
26611: 0.990681
26612: 0.990681
26613: 0.990682
26614: 0.990682
26615: 0.990682
26616: 0.990683
26617: 0.990683
26618: 0.990683
26619: 0.990684
26620: 0.990684
26621: 0.990684
26622: 0.990685
26623: 0.990685
26624: 0.990685
26625: 0.990686
26626: 0.990686
26627: 0.990686
26628: 0.990687
26629: 0.990687
26630: 0.990688
26631: 0.990688
26632: 0.990688
26633: 0.990689
26634: 0.990689
26635: 0.990689
26636: 0.99069
26637: 0.99069
26638: 0.99069
26639: 0.990691
26640: 0.990691
26641: 0.990691
26642: 0.990692
26643: 0.990692
26644: 0.990692
26645: 0.990693
26646: 0.990693
26647: 0.990693
26648: 0.990694
26649: 0.990694
26650: 0.990695
26651: 0.990695
26652: 0.990695
26653: 0.990696
26654: 0.990696
26655: 0.990696
26656: 0.990697
26657: 0.990697
26658: 0.990697
26659: 0.990698
26660: 0.990698
26661: 0.990698
26662: 0.990699
26663: 0.990699
26664: 0.990699
26665: 0.9907
26666: 0.9907
26667: 0.9907
26668: 0.990701
26669: 0.990701
26670: 0.990702
26671: 0.990702
26672: 0.990702
26673: 0.990703
26674: 0.990703
26675: 0.990703
26676: 0.990704
26677: 0.990704
26678: 0.990704
26679: 0.990705
26680: 0.990705
26681: 0.990705
26682: 0.990706
26683: 0.990706
26684: 0.990706
26685: 0.990707
26686: 0.990707
26687: 0.990707
26688: 0.990708
26689: 0.990708
26690: 0.990671
26691: 0.990671
26692: 0.990672
26693: 0.990672
26694: 0.990672
26695: 0.990673
26696: 0.990673
26697: 0.990673
26698: 0.990674
26699: 0.990674
26700: 0.990675
26701: 0.990675
26702: 0.990675
26703: 0.990676
26704: 0.990676
26705: 0.990676
26706: 0.990677
26707: 0.990677
26708: 0.990677
26709: 0.990678
26710: 0.990678
26711: 0.990678
26712: 0.990679
26713: 0.990679
26714: 0.990679
26715: 0.99068
26716: 0.99068
26717: 0.99068
26718: 0.990681
26719: 0.990681
26720: 0.990681
26721: 0.990682
26722: 0.990682
26723: 0.990683
26724: 0.990683
26725: 0.990683
26726: 0.990684
26727: 0.990684
26728: 0.990684
26729: 0.990685
26730: 0.990685
26731: 0.990685
26732: 0.990686
26733: 0.990686
26734: 0.990686
26735: 0.990687
26736: 0.990687
26737: 0.990687
26738: 0.990688
26739: 0.990688
26740: 0.990688
26741: 0.990689
26742: 0.990689
26743: 0.99069
26744: 0.99069
26745: 0.99069
26746: 0.990691
26747: 0.990691
26748: 0.990691
26749: 0.990692
26750: 0.990692
26751: 0.990692
26752: 0.990693
26753: 0.990693
26754: 0.990693
26755: 0.990694
26756: 0.990694
26757: 0.990694
26758: 0.990695
26759: 0.990695
26760: 0.990695
26761: 0.990696
26762: 0.990696
26763: 0.990696
26764: 0.990697
26765: 0.990697
26766: 0.990698
26767: 0.990698
26768: 0.990698
26769: 0.990699
26770: 0.990699
26771: 0.990699
26772: 0.9907
26773: 0.9907
26774: 0.9907
26775: 0.990701
26776: 0.990701
26777: 0.990701
26778: 0.990702
26779: 0.990702
26780: 0.990702
26781: 0.990703
26782: 0.990703
26783: 0.990703
26784: 0.990704
26785: 0.990704
26786: 0.990704
26787: 0.990705
26788: 0.990705
26789: 0.990705
26790: 0.990706
26791: 0.990706
26792: 0.990707
26793: 0.990707
26794: 0.990707
26795: 0.990708
26796: 0.990708
26797: 0.990708
26798: 0.990709
26799: 0.990709
26800: 0.990709
26801: 0.99071
26802: 0.99071
26803: 0.99071
26804: 0.990711
26805: 0.990711
26806: 0.990711
26807: 0.990712
26808: 0.990712
26809: 0.990712
26810: 0.990713
26811: 0.990713
26812: 0.990713
26813: 0.990714
26814: 0.990714
26815: 0.990714
26816: 0.990715
26817: 0.990715
26818: 0.990716
26819: 0.990716
26820: 0.990716
26821: 0.990717
26822: 0.990717
26823: 0.990717
26824: 0.990718
26825: 0.990718
26826: 0.990718
26827: 0.990719
26828: 0.990719
26829: 0.990719
26830: 0.99072
26831: 0.99072
26832: 0.99072
26833: 0.990721
26834: 0.990721
26835: 0.990721
26836: 0.990722
26837: 0.990722
26838: 0.990722
26839: 0.990723
26840: 0.990723
26841: 0.990723
26842: 0.990724
26843: 0.990724
26844: 0.990725
26845: 0.990725
26846: 0.990725
26847: 0.990726
26848: 0.990726
26849: 0.990726
26850: 0.990727
26851: 0.990727
26852: 0.990727
26853: 0.990728
26854: 0.990728
26855: 0.990728
26856: 0.990729
26857: 0.990729
26858: 0.990729
26859: 0.99073
26860: 0.99073
26861: 0.99073
26862: 0.990731
26863: 0.990731
26864: 0.990731
26865: 0.990732
26866: 0.990732
26867: 0.990732
26868: 0.990733
26869: 0.990733
26870: 0.990734
26871: 0.990734
26872: 0.990734
26873: 0.990735
26874: 0.990735
26875: 0.990735
26876: 0.990736
26877: 0.990736
26878: 0.990736
26879: 0.990737
26880: 0.990737
26881: 0.990737
26882: 0.990738
26883: 0.990738
26884: 0.990738
26885: 0.990739
26886: 0.990739
26887: 0.990739
26888: 0.99074
26889: 0.99074
26890: 0.99074
26891: 0.990741
26892: 0.990741
26893: 0.990741
26894: 0.990742
26895: 0.990742
26896: 0.990742
26897: 0.990743
26898: 0.990743
26899: 0.990743
26900: 0.990744
26901: 0.990744
26902: 0.990745
26903: 0.990745
26904: 0.990745
26905: 0.990746
26906: 0.990746
26907: 0.990746
26908: 0.990747
26909: 0.990747
26910: 0.990747
26911: 0.990748
26912: 0.990748
26913: 0.990748
26914: 0.990749
26915: 0.990749
26916: 0.990749
26917: 0.99075
26918: 0.99075
26919: 0.99075
26920: 0.990751
26921: 0.990751
26922: 0.990751
26923: 0.990752
26924: 0.990752
26925: 0.990752
26926: 0.990753
26927: 0.990753
26928: 0.990753
26929: 0.990754
26930: 0.990754
26931: 0.990754
26932: 0.990755
26933: 0.990755
26934: 0.990756
26935: 0.990756
26936: 0.990756
26937: 0.990757
26938: 0.990757
26939: 0.990757
26940: 0.990758
26941: 0.990758
26942: 0.990758
26943: 0.990759
26944: 0.990759
26945: 0.990759
26946: 0.99076
26947: 0.99076
26948: 0.99076
26949: 0.990761
26950: 0.990761
26951: 0.990761
26952: 0.990762
26953: 0.990762
26954: 0.990762
26955: 0.990763
26956: 0.990763
26957: 0.990763
26958: 0.990764
26959: 0.990764
26960: 0.990764
26961: 0.990765
26962: 0.990765
26963: 0.990765
26964: 0.990766
26965: 0.990766
26966: 0.990766
26967: 0.990767
26968: 0.990767
26969: 0.990768
26970: 0.990768
26971: 0.990768
26972: 0.990769
26973: 0.990769
26974: 0.990769
26975: 0.99077
26976: 0.99077
26977: 0.99077
26978: 0.990771
26979: 0.990771
26980: 0.990771
26981: 0.990772
26982: 0.990772
26983: 0.990772
26984: 0.990773
26985: 0.990773
26986: 0.990773
26987: 0.990774
26988: 0.990774
26989: 0.990774
26990: 0.990775
26991: 0.990775
26992: 0.990775
26993: 0.990776
26994: 0.990776
26995: 0.990776
26996: 0.990777
26997: 0.990777
26998: 0.990777
26999: 0.990778
27000: 0.990778
27001: 0.990778
27002: 0.990779
27003: 0.990779
27004: 0.990779
27005: 0.99078
27006: 0.99078
27007: 0.990781
27008: 0.990781
27009: 0.990781
27010: 0.990782
27011: 0.990782
27012: 0.990782
27013: 0.990783
27014: 0.990783
27015: 0.990783
27016: 0.990784
27017: 0.990784
27018: 0.990784
27019: 0.990785
27020: 0.990785
27021: 0.990785
27022: 0.990786
27023: 0.990786
27024: 0.990786
27025: 0.990787
27026: 0.990787
27027: 0.990787
27028: 0.990788
27029: 0.990788
27030: 0.990788
27031: 0.990789
27032: 0.990789
27033: 0.990789
27034: 0.99079
27035: 0.99079
27036: 0.99079
27037: 0.990791
27038: 0.990791
27039: 0.990791
27040: 0.990792
27041: 0.990792
27042: 0.990792
27043: 0.990793
27044: 0.990793
27045: 0.990793
27046: 0.990794
27047: 0.990794
27048: 0.990794
27049: 0.990795
27050: 0.990795
27051: 0.990796
27052: 0.990796
27053: 0.990796
27054: 0.990797
27055: 0.990797
27056: 0.990797
27057: 0.990798
27058: 0.990798
27059: 0.990798
27060: 0.990799
27061: 0.990799
27062: 0.990799
27063: 0.9908
27064: 0.9908
27065: 0.9908
27066: 0.990801
27067: 0.990801
27068: 0.990801
27069: 0.990802
27070: 0.990802
27071: 0.990802
27072: 0.990803
27073: 0.990803
27074: 0.990803
27075: 0.990804
27076: 0.990804
27077: 0.990804
27078: 0.990805
27079: 0.990805
27080: 0.990805
27081: 0.990806
27082: 0.990806
27083: 0.990806
27084: 0.990807
27085: 0.990807
27086: 0.990807
27087: 0.990808
27088: 0.990808
27089: 0.990808
27090: 0.990809
27091: 0.990809
27092: 0.990809
27093: 0.99081
27094: 0.99081
27095: 0.99081
27096: 0.990811
27097: 0.990811
27098: 0.990811
27099: 0.990812
27100: 0.990812
27101: 0.990812
27102: 0.990813
27103: 0.990813
27104: 0.990814
27105: 0.990814
27106: 0.990814
27107: 0.990815
27108: 0.990815
27109: 0.990815
27110: 0.990816
27111: 0.990816
27112: 0.990816
27113: 0.990817
27114: 0.990817
27115: 0.990817
27116: 0.990818
27117: 0.990818
27118: 0.990818
27119: 0.990819
27120: 0.990819
27121: 0.990819
27122: 0.99082
27123: 0.99082
27124: 0.99082
27125: 0.990821
27126: 0.990821
27127: 0.990821
27128: 0.990822
27129: 0.990822
27130: 0.990822
27131: 0.990823
27132: 0.990823
27133: 0.990823
27134: 0.990824
27135: 0.990824
27136: 0.990824
27137: 0.990825
27138: 0.990825
27139: 0.990825
27140: 0.990826
27141: 0.990826
27142: 0.990826
27143: 0.990827
27144: 0.990827
27145: 0.990827
27146: 0.990828
27147: 0.990828
27148: 0.990828
27149: 0.990829
27150: 0.990829
27151: 0.990829
27152: 0.99083
27153: 0.99083
27154: 0.99083
27155: 0.990831
27156: 0.990831
27157: 0.990831
27158: 0.990832
27159: 0.990832
27160: 0.990832
27161: 0.990833
27162: 0.990833
27163: 0.990833
27164: 0.990834
27165: 0.990834
27166: 0.990834
27167: 0.990835
27168: 0.990835
27169: 0.990835
27170: 0.990836
27171: 0.990836
27172: 0.990836
27173: 0.990837
27174: 0.990837
27175: 0.990838
27176: 0.990838
27177: 0.990838
27178: 0.990839
27179: 0.990839
27180: 0.990839
27181: 0.99084
27182: 0.99084
27183: 0.99084
27184: 0.990841
27185: 0.990841
27186: 0.990841
27187: 0.990842
27188: 0.990842
27189: 0.990842
27190: 0.990843
27191: 0.990843
27192: 0.990843
27193: 0.990844
27194: 0.990844
27195: 0.990844
27196: 0.990845
27197: 0.990845
27198: 0.990845
27199: 0.990846
27200: 0.990846
27201: 0.990846
27202: 0.990847
27203: 0.990847
27204: 0.990847
27205: 0.990848
27206: 0.990848
27207: 0.990848
27208: 0.990849
27209: 0.990849
27210: 0.990849
27211: 0.99085
27212: 0.99085
27213: 0.99085
27214: 0.990851
27215: 0.990851
27216: 0.990851
27217: 0.990852
27218: 0.990852
27219: 0.990852
27220: 0.990853
27221: 0.990853
27222: 0.990853
27223: 0.990854
27224: 0.990854
27225: 0.990854
27226: 0.990855
27227: 0.990855
27228: 0.990855
27229: 0.990856
27230: 0.990856
27231: 0.990856
27232: 0.990857
27233: 0.990857
27234: 0.990857
27235: 0.990858
27236: 0.990858
27237: 0.990858
27238: 0.990859
27239: 0.990859
27240: 0.990859
27241: 0.99086
27242: 0.99086
27243: 0.99086
27244: 0.990861
27245: 0.990861
27246: 0.990861
27247: 0.990862
27248: 0.990862
27249: 0.990862
27250: 0.990863
27251: 0.990863
27252: 0.990863
27253: 0.990864
27254: 0.990864
27255: 0.990864
27256: 0.990865
27257: 0.990865
27258: 0.990865
27259: 0.990866
27260: 0.990866
27261: 0.990866
27262: 0.990867
27263: 0.990867
27264: 0.990867
27265: 0.990868
27266: 0.990868
27267: 0.990868
27268: 0.990869
27269: 0.990869
27270: 0.990869
27271: 0.99087
27272: 0.99087
27273: 0.99087
27274: 0.990871
27275: 0.990871
27276: 0.990871
27277: 0.990872
27278: 0.990872
27279: 0.990872
27280: 0.990873
27281: 0.990873
27282: 0.990873
27283: 0.990874
27284: 0.990874
27285: 0.990874
27286: 0.990875
27287: 0.990875
27288: 0.990875
27289: 0.990876
27290: 0.990876
27291: 0.990876
27292: 0.990877
27293: 0.990877
27294: 0.990877
27295: 0.990878
27296: 0.990878
27297: 0.990878
27298: 0.990879
27299: 0.990879
27300: 0.990879
27301: 0.99088
27302: 0.99088
27303: 0.99088
27304: 0.990881
27305: 0.990881
27306: 0.990881
27307: 0.990882
27308: 0.990846
27309: 0.990846
27310: 0.990846
27311: 0.990847
27312: 0.990847
27313: 0.990847
27314: 0.990848
27315: 0.990848
27316: 0.990848
27317: 0.990849
27318: 0.990849
27319: 0.990849
27320: 0.99085
27321: 0.99085
27322: 0.99085
27323: 0.990851
27324: 0.990851
27325: 0.990851
27326: 0.990852
27327: 0.990852
27328: 0.990852
27329: 0.990853
27330: 0.990853
27331: 0.990853
27332: 0.990854
27333: 0.990854
27334: 0.990854
27335: 0.990855
27336: 0.990855
27337: 0.990855
27338: 0.990856
27339: 0.990856
27340: 0.990856
27341: 0.990857
27342: 0.990857
27343: 0.990857
27344: 0.990858
27345: 0.990858
27346: 0.990858
27347: 0.990859
27348: 0.990859
27349: 0.990859
27350: 0.99086
27351: 0.99086
27352: 0.99086
27353: 0.990861
27354: 0.990861
27355: 0.990861
27356: 0.990862
27357: 0.990862
27358: 0.990862
27359: 0.990863
27360: 0.990863
27361: 0.990863
27362: 0.990864
27363: 0.990864
27364: 0.990864
27365: 0.990865
27366: 0.990865
27367: 0.990865
27368: 0.990866
27369: 0.990866
27370: 0.990866
27371: 0.990867
27372: 0.990867
27373: 0.990867
27374: 0.990868
27375: 0.990868
27376: 0.990868
27377: 0.990869
27378: 0.990869
27379: 0.990869
27380: 0.99087
27381: 0.99087
27382: 0.99087
27383: 0.990871
27384: 0.990871
27385: 0.990871
27386: 0.990872
27387: 0.990872
27388: 0.990872
27389: 0.990873
27390: 0.990873
27391: 0.990873
27392: 0.990874
27393: 0.990874
27394: 0.990874
27395: 0.990875
27396: 0.990875
27397: 0.990875
27398: 0.990876
27399: 0.990876
27400: 0.990876
27401: 0.990877
27402: 0.990877
27403: 0.990877
27404: 0.990878
27405: 0.990878
27406: 0.990878
27407: 0.990879
27408: 0.990879
27409: 0.990879
27410: 0.99088
27411: 0.99088
27412: 0.99088
27413: 0.990881
27414: 0.990881
27415: 0.990881
27416: 0.990882
27417: 0.990882
27418: 0.990882
27419: 0.990883
27420: 0.990883
27421: 0.990883
27422: 0.990884
27423: 0.990884
27424: 0.990884
27425: 0.990885
27426: 0.990885
27427: 0.990885
27428: 0.990886
27429: 0.990886
27430: 0.990886
27431: 0.990887
27432: 0.990887
27433: 0.990887
27434: 0.990888
27435: 0.990888
27436: 0.990888
27437: 0.990889
27438: 0.990889
27439: 0.990889
27440: 0.99089
27441: 0.99089
27442: 0.99089
27443: 0.990891
27444: 0.990891
27445: 0.990891
27446: 0.990892
27447: 0.990892
27448: 0.990892
27449: 0.990893
27450: 0.990893
27451: 0.990893
27452: 0.990894
27453: 0.990894
27454: 0.990894
27455: 0.990895
27456: 0.990895
27457: 0.990895
27458: 0.990896
27459: 0.990896
27460: 0.990896
27461: 0.990897
27462: 0.990897
27463: 0.990897
27464: 0.990898
27465: 0.990898
27466: 0.990898
27467: 0.990899
27468: 0.990899
27469: 0.990899
27470: 0.990899
27471: 0.9909
27472: 0.9909
27473: 0.9909
27474: 0.990901
27475: 0.990901
27476: 0.990901
27477: 0.990902
27478: 0.990902
27479: 0.990902
27480: 0.990903
27481: 0.990903
27482: 0.990903
27483: 0.990904
27484: 0.990904
27485: 0.990904
27486: 0.990905
27487: 0.990905
27488: 0.990905
27489: 0.990906
27490: 0.990906
27491: 0.990906
27492: 0.990907
27493: 0.990907
27494: 0.990907
27495: 0.990908
27496: 0.990908
27497: 0.990908
27498: 0.990909
27499: 0.990909
27500: 0.990909
27501: 0.99091
27502: 0.99091
27503: 0.99091
27504: 0.990911
27505: 0.990911
27506: 0.990911
27507: 0.990912
27508: 0.990912
27509: 0.990912
27510: 0.990913
27511: 0.990913
27512: 0.990913
27513: 0.990914
27514: 0.990914
27515: 0.990914
27516: 0.990915
27517: 0.990915
27518: 0.990915
27519: 0.990916
27520: 0.990916
27521: 0.990916
27522: 0.990917
27523: 0.990917
27524: 0.990917
27525: 0.990918
27526: 0.990918
27527: 0.990918
27528: 0.990919
27529: 0.990919
27530: 0.990919
27531: 0.99092
27532: 0.99092
27533: 0.99092
27534: 0.990921
27535: 0.990921
27536: 0.990921
27537: 0.990922
27538: 0.990922
27539: 0.990922
27540: 0.990923
27541: 0.990923
27542: 0.990923
27543: 0.990924
27544: 0.990924
27545: 0.990924
27546: 0.990925
27547: 0.990925
27548: 0.990925
27549: 0.990926
27550: 0.990926
27551: 0.990926
27552: 0.990927
27553: 0.990927
27554: 0.990927
27555: 0.990928
27556: 0.990928
27557: 0.990928
27558: 0.990929
27559: 0.990929
27560: 0.990929
27561: 0.99093
27562: 0.99093
27563: 0.99093
27564: 0.990931
27565: 0.990931
27566: 0.990931
27567: 0.990932
27568: 0.990932
27569: 0.990932
27570: 0.990933
27571: 0.990933
27572: 0.990933
27573: 0.990933
27574: 0.990934
27575: 0.990934
27576: 0.990934
27577: 0.990935
27578: 0.990935
27579: 0.990935
27580: 0.990936
27581: 0.990936
27582: 0.990936
27583: 0.990937
27584: 0.990937
27585: 0.990937
27586: 0.990938
27587: 0.990938
27588: 0.990938
27589: 0.990939
27590: 0.990939
27591: 0.990939
27592: 0.99094
27593: 0.99094
27594: 0.99094
27595: 0.990941
27596: 0.990941
27597: 0.990941
27598: 0.990942
27599: 0.990942
27600: 0.990942
27601: 0.990943
27602: 0.990943
27603: 0.990943
27604: 0.990944
27605: 0.990944
27606: 0.990944
27607: 0.990945
27608: 0.990945
27609: 0.990945
27610: 0.990946
27611: 0.990946
27612: 0.990946
27613: 0.990947
27614: 0.990947
27615: 0.990947
27616: 0.990948
27617: 0.990948
27618: 0.990948
27619: 0.990949
27620: 0.990949
27621: 0.990913
27622: 0.990877
27623: 0.990841
27624: 0.990842
27625: 0.990842
27626: 0.990842
27627: 0.990843
27628: 0.990843
27629: 0.990843
27630: 0.990844
27631: 0.990844
27632: 0.990844
27633: 0.990845
27634: 0.990845
27635: 0.990845
27636: 0.990846
27637: 0.990846
27638: 0.990846
27639: 0.990847
27640: 0.990847
27641: 0.990847
27642: 0.990848
27643: 0.990848
27644: 0.990848
27645: 0.990849
27646: 0.990849
27647: 0.990849
27648: 0.99085
27649: 0.99085
27650: 0.99085
27651: 0.990851
27652: 0.990851
27653: 0.990851
27654: 0.990852
27655: 0.990852
27656: 0.990852
27657: 0.990853
27658: 0.990853
27659: 0.990853
27660: 0.990854
27661: 0.990854
27662: 0.990854
27663: 0.990855
27664: 0.990855
27665: 0.990855
27666: 0.990856
27667: 0.990856
27668: 0.990856
27669: 0.990857
27670: 0.990857
27671: 0.990857
27672: 0.990858
27673: 0.990858
27674: 0.990858
27675: 0.990859
27676: 0.990859
27677: 0.990859
27678: 0.990859
27679: 0.99086
27680: 0.99086
27681: 0.99086
27682: 0.990861
27683: 0.990861
27684: 0.990861
27685: 0.990862
27686: 0.990862
27687: 0.990862
27688: 0.990863
27689: 0.990863
27690: 0.990863
27691: 0.990864
27692: 0.990864
27693: 0.990864
27694: 0.990865
27695: 0.990865
27696: 0.990865
27697: 0.990866
27698: 0.990866
27699: 0.990866
27700: 0.990867
27701: 0.990867
27702: 0.990867
27703: 0.990868
27704: 0.990868
27705: 0.990868
27706: 0.990869
27707: 0.990869
27708: 0.990869
27709: 0.99087
27710: 0.99087
27711: 0.99087
27712: 0.990871
27713: 0.990871
27714: 0.990871
27715: 0.990872
27716: 0.990872
27717: 0.990872
27718: 0.990873
27719: 0.990873
27720: 0.990873
27721: 0.990874
27722: 0.990874
27723: 0.990874
27724: 0.990875
27725: 0.990875
27726: 0.990875
27727: 0.990876
27728: 0.990876
27729: 0.990876
27730: 0.990877
27731: 0.990877
27732: 0.990877
27733: 0.990878
27734: 0.990878
27735: 0.990878
27736: 0.990879
27737: 0.990879
27738: 0.990879
27739: 0.99088
27740: 0.99088
27741: 0.99088
27742: 0.990881
27743: 0.990881
27744: 0.990881
27745: 0.990882
27746: 0.990882
27747: 0.990882
27748: 0.990883
27749: 0.990883
27750: 0.990883
27751: 0.990884
27752: 0.990884
27753: 0.990884
27754: 0.990885
27755: 0.990885
27756: 0.990885
27757: 0.990886
27758: 0.990886
27759: 0.990886
27760: 0.990886
27761: 0.990887
27762: 0.990887
27763: 0.990887
27764: 0.990888
27765: 0.990888
27766: 0.990888
27767: 0.990889
27768: 0.990889
27769: 0.990889
27770: 0.99089
27771: 0.99089
27772: 0.99089
27773: 0.990891
27774: 0.990891
27775: 0.990891
27776: 0.990892
27777: 0.990892
27778: 0.990892
27779: 0.990893
27780: 0.990893
27781: 0.990893
27782: 0.990894
27783: 0.990894
27784: 0.990894
27785: 0.990895
27786: 0.990895
27787: 0.990895
27788: 0.990896
27789: 0.990896
27790: 0.990896
27791: 0.990897
27792: 0.990897
27793: 0.990897
27794: 0.990898
27795: 0.990898
27796: 0.990898
27797: 0.990899
27798: 0.990899
27799: 0.990899
27800: 0.9909
27801: 0.9909
27802: 0.9909
27803: 0.990901
27804: 0.990901
27805: 0.990901
27806: 0.990902
27807: 0.990902
27808: 0.990902
27809: 0.990903
27810: 0.990903
27811: 0.990903
27812: 0.990904
27813: 0.990904
27814: 0.990904
27815: 0.990905
27816: 0.990905
27817: 0.990905
27818: 0.990905
27819: 0.990906
27820: 0.990906
27821: 0.990906
27822: 0.990907
27823: 0.990907
27824: 0.990907
27825: 0.990908
27826: 0.990908
27827: 0.990908
27828: 0.990909
27829: 0.990909
27830: 0.990909
27831: 0.99091
27832: 0.99091
27833: 0.99091
27834: 0.990911
27835: 0.990911
27836: 0.990911
27837: 0.990912
27838: 0.990912
27839: 0.990912
27840: 0.990913
27841: 0.990913
27842: 0.990913
27843: 0.990914
27844: 0.990914
27845: 0.990914
27846: 0.990915
27847: 0.990915
27848: 0.990915
27849: 0.990916
27850: 0.990916
27851: 0.990916
27852: 0.990917
27853: 0.990917
27854: 0.990917
27855: 0.990918
27856: 0.990918
27857: 0.990918
27858: 0.990919
27859: 0.990919
27860: 0.990919
27861: 0.99092
27862: 0.99092
27863: 0.99092
27864: 0.990921
27865: 0.990921
27866: 0.990921
27867: 0.990921
27868: 0.990922
27869: 0.990922
27870: 0.990922
27871: 0.990923
27872: 0.990923
27873: 0.990923
27874: 0.990924
27875: 0.990924
27876: 0.990924
27877: 0.990925
27878: 0.990925
27879: 0.990925
27880: 0.990926
27881: 0.990926
27882: 0.990926
27883: 0.990927
27884: 0.990927
27885: 0.990927
27886: 0.990928
27887: 0.990928
27888: 0.990928
27889: 0.990929
27890: 0.990929
27891: 0.990929
27892: 0.99093
27893: 0.99093
27894: 0.99093
27895: 0.990931
27896: 0.990931
27897: 0.990931
27898: 0.990932
27899: 0.990932
27900: 0.990932
27901: 0.990933
27902: 0.990933
27903: 0.990933
27904: 0.990934
27905: 0.990934
27906: 0.990934
27907: 0.990934
27908: 0.990935
27909: 0.990935
27910: 0.990935
27911: 0.990936
27912: 0.990936
27913: 0.990936
27914: 0.990937
27915: 0.990937
27916: 0.990937
27917: 0.990938
27918: 0.990938
27919: 0.990938
27920: 0.990939
27921: 0.990939
27922: 0.990939
27923: 0.99094
27924: 0.99094
27925: 0.99094
27926: 0.990941
27927: 0.990941
27928: 0.990941
27929: 0.990942
27930: 0.990942
27931: 0.990942
27932: 0.990943
27933: 0.990943
27934: 0.990943
27935: 0.990944
27936: 0.990944
27937: 0.990944
27938: 0.990945
27939: 0.990945
27940: 0.990945
27941: 0.990946
27942: 0.990946
27943: 0.990946
27944: 0.990947
27945: 0.990947
27946: 0.990947
27947: 0.990947
27948: 0.990948
27949: 0.990948
27950: 0.990948
27951: 0.990949
27952: 0.990949
27953: 0.990949
27954: 0.99095
27955: 0.99095
27956: 0.99095
27957: 0.990951
27958: 0.990951
27959: 0.990951
27960: 0.990952
27961: 0.990952
27962: 0.990952
27963: 0.990953
27964: 0.990953
27965: 0.990953
27966: 0.990954
27967: 0.990954
27968: 0.990954
27969: 0.990955
27970: 0.990955
27971: 0.990955
27972: 0.990956
27973: 0.990956
27974: 0.990956
27975: 0.990957
27976: 0.990957
27977: 0.990957
27978: 0.990958
27979: 0.990958
27980: 0.990958
27981: 0.990958
27982: 0.990959
27983: 0.990959
27984: 0.990959
27985: 0.99096
27986: 0.99096
27987: 0.99096
27988: 0.990961
27989: 0.990961
27990: 0.990961
27991: 0.990962
27992: 0.990962
27993: 0.990962
27994: 0.990963
27995: 0.990963
27996: 0.990963
27997: 0.990964
27998: 0.990964
27999: 0.990964
28000: 0.990965
28001: 0.990965
28002: 0.990965
28003: 0.990966
28004: 0.990966
28005: 0.990966
28006: 0.990967
28007: 0.990967
28008: 0.990967
28009: 0.990968
28010: 0.990968
28011: 0.990968
28012: 0.990968
28013: 0.990969
28014: 0.990969
28015: 0.990969
28016: 0.99097
28017: 0.99097
28018: 0.99097
28019: 0.990971
28020: 0.990971
28021: 0.990971
28022: 0.990972
28023: 0.990972
28024: 0.990972
28025: 0.990973
28026: 0.990973
28027: 0.990973
28028: 0.990974
28029: 0.990974
28030: 0.990974
28031: 0.990975
28032: 0.990975
28033: 0.990975
28034: 0.990976
28035: 0.990976
28036: 0.990976
28037: 0.990977
28038: 0.990977
28039: 0.990977
28040: 0.990977
28041: 0.990978
28042: 0.990978
28043: 0.990978
28044: 0.990979
28045: 0.990979
28046: 0.990979
28047: 0.99098
28048: 0.99098
28049: 0.99098
28050: 0.990981
28051: 0.990981
28052: 0.990981
28053: 0.990982
28054: 0.990982
28055: 0.990982
28056: 0.990983
28057: 0.990983
28058: 0.990983
28059: 0.990984
28060: 0.990984
28061: 0.990984
28062: 0.990985
28063: 0.990985
28064: 0.990985
28065: 0.990986
28066: 0.990986
28067: 0.990986
28068: 0.990986
28069: 0.990987
28070: 0.990987
28071: 0.990987
28072: 0.990988
28073: 0.990988
28074: 0.990988
28075: 0.990989
28076: 0.990989
28077: 0.990989
28078: 0.99099
28079: 0.99099
28080: 0.99099
28081: 0.990991
28082: 0.990991
28083: 0.990991
28084: 0.990992
28085: 0.990992
28086: 0.990992
28087: 0.990993
28088: 0.990993
28089: 0.990993
28090: 0.990994
28091: 0.990994
28092: 0.990994
28093: 0.990995
28094: 0.990995
28095: 0.990995
28096: 0.990995
28097: 0.990996
28098: 0.990996
28099: 0.990996
28100: 0.990997
28101: 0.990997
28102: 0.990997
28103: 0.990998
28104: 0.990998
28105: 0.990998
28106: 0.990999
28107: 0.990999
28108: 0.990999
28109: 0.991
28110: 0.991
28111: 0.991
28112: 0.991001
28113: 0.991001
28114: 0.991001
28115: 0.991002
28116: 0.991002
28117: 0.991002
28118: 0.991003
28119: 0.991003
28120: 0.991003
28121: 0.991003
28122: 0.991004
28123: 0.991004
28124: 0.991004
28125: 0.991005
28126: 0.991005
28127: 0.991005
28128: 0.991006
28129: 0.991006
28130: 0.991006
28131: 0.991007
28132: 0.991007
28133: 0.991007
28134: 0.991008
28135: 0.991008
28136: 0.991008
28137: 0.991009
28138: 0.991009
28139: 0.991009
28140: 0.99101
28141: 0.99101
28142: 0.99101
28143: 0.991011
28144: 0.991011
28145: 0.991011
28146: 0.991011
28147: 0.991012
28148: 0.991012
28149: 0.991012
28150: 0.991013
28151: 0.991013
28152: 0.991013
28153: 0.991014
28154: 0.991014
28155: 0.991014
28156: 0.991015
28157: 0.991015
28158: 0.991015
28159: 0.991016
28160: 0.991016
28161: 0.991016
28162: 0.991017
28163: 0.991017
28164: 0.991017
28165: 0.991018
28166: 0.991018
28167: 0.991018
28168: 0.991018
28169: 0.991019
28170: 0.991019
28171: 0.991019
28172: 0.99102
28173: 0.99102
28174: 0.99102
28175: 0.991021
28176: 0.991021
28177: 0.991021
28178: 0.991022
28179: 0.991022
28180: 0.991022
28181: 0.991023
28182: 0.991023
28183: 0.991023
28184: 0.991024
28185: 0.991024
28186: 0.991024
28187: 0.991025
28188: 0.991025
28189: 0.991025
28190: 0.991026
28191: 0.991026
28192: 0.991026
28193: 0.990991
28194: 0.990991
28195: 0.990992
28196: 0.990992
28197: 0.990992
28198: 0.990993
28199: 0.990993
28200: 0.990993
28201: 0.990994
28202: 0.990994
28203: 0.990994
28204: 0.990995
28205: 0.990995
28206: 0.990995
28207: 0.990995
28208: 0.990996
28209: 0.990996
28210: 0.990996
28211: 0.990997
28212: 0.990997
28213: 0.990997
28214: 0.990998
28215: 0.990998
28216: 0.990998
28217: 0.990999
28218: 0.990999
28219: 0.990999
28220: 0.991
28221: 0.991
28222: 0.991
28223: 0.991001
28224: 0.991001
28225: 0.991001
28226: 0.991002
28227: 0.991002
28228: 0.991002
28229: 0.991002
28230: 0.991003
28231: 0.991003
28232: 0.991003
28233: 0.991004
28234: 0.991004
28235: 0.991004
28236: 0.991005
28237: 0.991005
28238: 0.991005
28239: 0.991006
28240: 0.991006
28241: 0.991006
28242: 0.991007
28243: 0.991007
28244: 0.991007
28245: 0.991008
28246: 0.991008
28247: 0.991008
28248: 0.991009
28249: 0.991009
28250: 0.991009
28251: 0.991009
28252: 0.99101
28253: 0.99101
28254: 0.99101
28255: 0.991011
28256: 0.991011
28257: 0.991011
28258: 0.991012
28259: 0.991012
28260: 0.991012
28261: 0.991013
28262: 0.991013
28263: 0.991013
28264: 0.991014
28265: 0.991014
28266: 0.991014
28267: 0.991015
28268: 0.991015
28269: 0.991015
28270: 0.991016
28271: 0.991016
28272: 0.991016
28273: 0.991016
28274: 0.991017
28275: 0.991017
28276: 0.991017
28277: 0.991018
28278: 0.991018
28279: 0.991018
28280: 0.991019
28281: 0.991019
28282: 0.991019
28283: 0.99102
28284: 0.99102
28285: 0.99102
28286: 0.991021
28287: 0.991021
28288: 0.991021
28289: 0.991022
28290: 0.991022
28291: 0.991022
28292: 0.991023
28293: 0.991023
28294: 0.991023
28295: 0.991023
28296: 0.991024
28297: 0.991024
28298: 0.991024
28299: 0.991025
28300: 0.991025
28301: 0.991025
28302: 0.991026
28303: 0.991026
28304: 0.991026
28305: 0.991027
28306: 0.991027
28307: 0.991027
28308: 0.991028
28309: 0.991028
28310: 0.991028
28311: 0.991029
28312: 0.991029
28313: 0.991029
28314: 0.991029
28315: 0.99103
28316: 0.99103
28317: 0.99103
28318: 0.991031
28319: 0.991031
28320: 0.991031
28321: 0.991032
28322: 0.991032
28323: 0.991032
28324: 0.991033
28325: 0.991033
28326: 0.991033
28327: 0.991034
28328: 0.991034
28329: 0.991034
28330: 0.991035
28331: 0.991035
28332: 0.991035
28333: 0.991036
28334: 0.991036
28335: 0.991036
28336: 0.991036
28337: 0.991037
28338: 0.991037
28339: 0.991037
28340: 0.991038
28341: 0.991038
28342: 0.991038
28343: 0.991039
28344: 0.991039
28345: 0.991039
28346: 0.99104
28347: 0.99104
28348: 0.99104
28349: 0.991041
28350: 0.991041
28351: 0.991041
28352: 0.991042
28353: 0.991042
28354: 0.991042
28355: 0.991042
28356: 0.991043
28357: 0.991043
28358: 0.991043
28359: 0.991044
28360: 0.991044
28361: 0.991044
28362: 0.991045
28363: 0.991045
28364: 0.991045
28365: 0.991046
28366: 0.991046
28367: 0.991046
28368: 0.991047
28369: 0.991047
28370: 0.991047
28371: 0.991048
28372: 0.991048
28373: 0.991048
28374: 0.991048
28375: 0.991049
28376: 0.991049
28377: 0.991049
28378: 0.99105
28379: 0.99105
28380: 0.99105
28381: 0.991051
28382: 0.991051
28383: 0.991051
28384: 0.991052
28385: 0.991017
28386: 0.991017
28387: 0.991017
28388: 0.991018
28389: 0.991018
28390: 0.991018
28391: 0.991019
28392: 0.991019
28393: 0.991019
28394: 0.99102
28395: 0.99102
28396: 0.99102
28397: 0.99102
28398: 0.991021
28399: 0.991021
28400: 0.991021
28401: 0.991022
28402: 0.991022
28403: 0.991022
28404: 0.991023
28405: 0.991023
28406: 0.991023
28407: 0.991024
28408: 0.991024
28409: 0.991024
28410: 0.991025
28411: 0.991025
28412: 0.991025
28413: 0.991026
28414: 0.991026
28415: 0.991026
28416: 0.991026
28417: 0.991027
28418: 0.991027
28419: 0.991027
28420: 0.991028
28421: 0.991028
28422: 0.991028
28423: 0.991029
28424: 0.991029
28425: 0.991029
28426: 0.99103
28427: 0.99103
28428: 0.99103
28429: 0.991031
28430: 0.991031
28431: 0.991031
28432: 0.991032
28433: 0.991032
28434: 0.991032
28435: 0.991032
28436: 0.991033
28437: 0.991033
28438: 0.991033
28439: 0.991034
28440: 0.991034
28441: 0.991034
28442: 0.991035
28443: 0.991035
28444: 0.991035
28445: 0.991036
28446: 0.991036
28447: 0.991036
28448: 0.991037
28449: 0.991037
28450: 0.991037
28451: 0.991038
28452: 0.991038
28453: 0.991038
28454: 0.991038
28455: 0.991039
28456: 0.991039
28457: 0.991039
28458: 0.99104
28459: 0.99104
28460: 0.99104
28461: 0.991041
28462: 0.991041
28463: 0.991041
28464: 0.991042
28465: 0.991042
28466: 0.991042
28467: 0.991043
28468: 0.991043
28469: 0.991043
28470: 0.991044
28471: 0.991044
28472: 0.991044
28473: 0.991044
28474: 0.991045
28475: 0.991045
28476: 0.991045
28477: 0.991046
28478: 0.991046
28479: 0.991046
28480: 0.991047
28481: 0.991047
28482: 0.991047
28483: 0.991048
28484: 0.991048
28485: 0.991048
28486: 0.991049
28487: 0.991049
28488: 0.991049
28489: 0.991049
28490: 0.99105
28491: 0.99105
28492: 0.99105
28493: 0.991051
28494: 0.991051
28495: 0.991051
28496: 0.991052
28497: 0.991052
28498: 0.991052
28499: 0.991053
28500: 0.991053
28501: 0.991053
28502: 0.991054
28503: 0.991054
28504: 0.991054
28505: 0.991055
28506: 0.991055
28507: 0.991055
28508: 0.991055
28509: 0.991056
28510: 0.991056
28511: 0.991056
28512: 0.991057
28513: 0.991057
28514: 0.991057
28515: 0.991058
28516: 0.991058
28517: 0.991058
28518: 0.991059
28519: 0.991059
28520: 0.991059
28521: 0.99106
28522: 0.99106
28523: 0.99106
28524: 0.99106
28525: 0.991061
28526: 0.991061
28527: 0.991061
28528: 0.991062
28529: 0.991062
28530: 0.991062
28531: 0.991063
28532: 0.991063
28533: 0.991063
28534: 0.991064
28535: 0.991064
28536: 0.991064
28537: 0.991065
28538: 0.991065
28539: 0.991065
28540: 0.991065
28541: 0.991066
28542: 0.991066
28543: 0.991066
28544: 0.991067
28545: 0.991067
28546: 0.991067
28547: 0.991068
28548: 0.991068
28549: 0.991068
28550: 0.991069
28551: 0.991069
28552: 0.991069
28553: 0.99107
28554: 0.99107
28555: 0.99107
28556: 0.99107
28557: 0.991071
28558: 0.991071
28559: 0.991071
28560: 0.991072
28561: 0.991072
28562: 0.991072
28563: 0.991073
28564: 0.991073
28565: 0.991073
28566: 0.991074
28567: 0.991074
28568: 0.991074
28569: 0.991075
28570: 0.991075
28571: 0.991075
28572: 0.991075
28573: 0.991076
28574: 0.991076
28575: 0.991076
28576: 0.991077
28577: 0.991077
28578: 0.991077
28579: 0.991078
28580: 0.991078
28581: 0.991078
28582: 0.991079
28583: 0.991079
28584: 0.991079
28585: 0.99108
28586: 0.99108
28587: 0.99108
28588: 0.99108
28589: 0.991081
28590: 0.991081
28591: 0.991081
28592: 0.991082
28593: 0.991082
28594: 0.991082
28595: 0.991083
28596: 0.991083
28597: 0.991083
28598: 0.991084
28599: 0.991084
28600: 0.991084
28601: 0.991085
28602: 0.991085
28603: 0.991085
28604: 0.991085
28605: 0.991086
28606: 0.991086
28607: 0.991086
28608: 0.991087
28609: 0.991087
28610: 0.991087
28611: 0.991088
28612: 0.991088
28613: 0.991088
28614: 0.991089
28615: 0.991089
28616: 0.991089
28617: 0.99109
28618: 0.99109
28619: 0.99109
28620: 0.99109
28621: 0.991091
28622: 0.991091
28623: 0.991091
28624: 0.991092
28625: 0.991092
28626: 0.991092
28627: 0.991093
28628: 0.991093
28629: 0.991093
28630: 0.991094
28631: 0.991094
28632: 0.991094
28633: 0.991095
28634: 0.991095
28635: 0.991095
28636: 0.991095
28637: 0.991096
28638: 0.991096
28639: 0.991096
28640: 0.991097
28641: 0.991097
28642: 0.991097
28643: 0.991098
28644: 0.991098
28645: 0.991098
28646: 0.991099
28647: 0.991099
28648: 0.991099
28649: 0.991099
28650: 0.9911
28651: 0.9911
28652: 0.9911
28653: 0.991101
28654: 0.991101
28655: 0.991101
28656: 0.991102
28657: 0.991102
28658: 0.991102
28659: 0.991103
28660: 0.991103
28661: 0.991103
28662: 0.991104
28663: 0.991104
28664: 0.991104
28665: 0.991104
28666: 0.991105
28667: 0.991105
28668: 0.991105
28669: 0.991106
28670: 0.991106
28671: 0.991106
28672: 0.991107
28673: 0.991107
28674: 0.991072
28675: 0.991073
28676: 0.991073
28677: 0.991073
28678: 0.991074
28679: 0.991074
28680: 0.991074
28681: 0.991075
28682: 0.991075
28683: 0.991075
28684: 0.991075
28685: 0.991076
28686: 0.991076
28687: 0.991076
28688: 0.991077
28689: 0.991077
28690: 0.991077
28691: 0.991078
28692: 0.991078
28693: 0.991078
28694: 0.991079
28695: 0.991079
28696: 0.991079
28697: 0.99108
28698: 0.99108
28699: 0.99108
28700: 0.99108
28701: 0.991081
28702: 0.991081
28703: 0.991081
28704: 0.991082
28705: 0.991082
28706: 0.991082
28707: 0.991083
28708: 0.991083
28709: 0.991083
28710: 0.991084
28711: 0.991084
28712: 0.991084
28713: 0.991084
28714: 0.991085
28715: 0.991085
28716: 0.991085
28717: 0.991086
28718: 0.991086
28719: 0.991086
28720: 0.991087
28721: 0.991087
28722: 0.991087
28723: 0.991088
28724: 0.991088
28725: 0.991088
28726: 0.991089
28727: 0.991089
28728: 0.991089
28729: 0.991089
28730: 0.99109
28731: 0.99109
28732: 0.99109
28733: 0.991091
28734: 0.991091
28735: 0.991091
28736: 0.991092
28737: 0.991092
28738: 0.991092
28739: 0.991093
28740: 0.991093
28741: 0.991093
28742: 0.991093
28743: 0.991094
28744: 0.991094
28745: 0.991094
28746: 0.991095
28747: 0.991095
28748: 0.991095
28749: 0.991096
28750: 0.991096
28751: 0.991096
28752: 0.991097
28753: 0.991097
28754: 0.991097
28755: 0.991098
28756: 0.991098
28757: 0.991098
28758: 0.991098
28759: 0.991099
28760: 0.991099
28761: 0.991099
28762: 0.9911
28763: 0.9911
28764: 0.9911
28765: 0.991101
28766: 0.991101
28767: 0.991101
28768: 0.991102
28769: 0.991102
28770: 0.991102
28771: 0.991102
28772: 0.991103
28773: 0.991103
28774: 0.991103
28775: 0.991104
28776: 0.991104
28777: 0.991104
28778: 0.991105
28779: 0.991105
28780: 0.991105
28781: 0.991106
28782: 0.991106
28783: 0.991106
28784: 0.991106
28785: 0.991107
28786: 0.991107
28787: 0.991107
28788: 0.991108
28789: 0.991108
28790: 0.991108
28791: 0.991109
28792: 0.991109
28793: 0.991109
28794: 0.99111
28795: 0.99111
28796: 0.99111
28797: 0.99111
28798: 0.991111
28799: 0.991111
28800: 0.991111
28801: 0.991112
28802: 0.991112
28803: 0.991112
28804: 0.991113
28805: 0.991113
28806: 0.991113
28807: 0.991114
28808: 0.991114
28809: 0.991114
28810: 0.991115
28811: 0.991115
28812: 0.991115
28813: 0.991115
28814: 0.991116
28815: 0.991116
28816: 0.991116
28817: 0.991117
28818: 0.991117
28819: 0.991117
28820: 0.991118
28821: 0.991118
28822: 0.991118
28823: 0.991119
28824: 0.991119
28825: 0.991119
28826: 0.991119
28827: 0.99112
28828: 0.99112
28829: 0.99112
28830: 0.991121
28831: 0.991121
28832: 0.991121
28833: 0.991122
28834: 0.991122
28835: 0.991122
28836: 0.991123
28837: 0.991123
28838: 0.991123
28839: 0.991123
28840: 0.991124
28841: 0.991124
28842: 0.991124
28843: 0.99109
28844: 0.99109
28845: 0.991091
28846: 0.991091
28847: 0.991091
28848: 0.991092
28849: 0.991092
28850: 0.991092
28851: 0.991092
28852: 0.991093
28853: 0.991093
28854: 0.991093
28855: 0.991094
28856: 0.991094
28857: 0.991094
28858: 0.991095
28859: 0.991095
28860: 0.991095
28861: 0.991096
28862: 0.991096
28863: 0.991096
28864: 0.991096
28865: 0.991097
28866: 0.991097
28867: 0.991097
28868: 0.991098
28869: 0.991098
28870: 0.991098
28871: 0.991099
28872: 0.991099
28873: 0.991099
28874: 0.9911
28875: 0.9911
28876: 0.9911
28877: 0.9911
28878: 0.991101
28879: 0.991101
28880: 0.991101
28881: 0.991102
28882: 0.991102
28883: 0.991102
28884: 0.991103
28885: 0.991103
28886: 0.991103
28887: 0.991104
28888: 0.991104
28889: 0.991104
28890: 0.991104
28891: 0.991105
28892: 0.991105
28893: 0.991105
28894: 0.991106
28895: 0.991106
28896: 0.991106
28897: 0.991107
28898: 0.991107
28899: 0.991107
28900: 0.991108
28901: 0.991108
28902: 0.991108
28903: 0.991108
28904: 0.991109
28905: 0.991109
28906: 0.991109
28907: 0.99111
28908: 0.99111
28909: 0.99111
28910: 0.991111
28911: 0.991111
28912: 0.991111
28913: 0.991112
28914: 0.991112
28915: 0.991112
28916: 0.991112
28917: 0.991113
28918: 0.991113
28919: 0.991113
28920: 0.991114
28921: 0.991114
28922: 0.991114
28923: 0.991115
28924: 0.991115
28925: 0.991115
28926: 0.991116
28927: 0.991116
28928: 0.991116
28929: 0.991116
28930: 0.991117
28931: 0.991117
28932: 0.991117
28933: 0.991118
28934: 0.991118
28935: 0.991118
28936: 0.991119
28937: 0.991119
28938: 0.991119
28939: 0.99112
28940: 0.99112
28941: 0.99112
28942: 0.99112
28943: 0.991121
28944: 0.991121
28945: 0.991121
28946: 0.991122
28947: 0.991122
28948: 0.991122
28949: 0.991123
28950: 0.991123
28951: 0.991123
28952: 0.991124
28953: 0.991124
28954: 0.991124
28955: 0.991124
28956: 0.991125
28957: 0.991125
28958: 0.991125
28959: 0.991126
28960: 0.991126
28961: 0.991126
28962: 0.991127
28963: 0.991127
28964: 0.991127
28965: 0.991128
28966: 0.991128
28967: 0.991128
28968: 0.991128
28969: 0.991129
28970: 0.991129
28971: 0.991129
28972: 0.99113
28973: 0.99113
28974: 0.99113
28975: 0.991131
28976: 0.991131
28977: 0.991131
28978: 0.991132
28979: 0.991132
28980: 0.991132
28981: 0.991132
28982: 0.991133
28983: 0.991133
28984: 0.991133
28985: 0.991134
28986: 0.991134
28987: 0.991134
28988: 0.991135
28989: 0.991135
28990: 0.991135
28991: 0.991135
28992: 0.991136
28993: 0.991136
28994: 0.991136
28995: 0.991137
28996: 0.991137
28997: 0.991137
28998: 0.991138
28999: 0.991138
29000: 0.991138
29001: 0.991139
29002: 0.991139
29003: 0.991139
29004: 0.991139
29005: 0.99114
29006: 0.99114
29007: 0.99114
29008: 0.991141
29009: 0.991141
29010: 0.991141
29011: 0.991142
29012: 0.991142
29013: 0.991142
29014: 0.991143
29015: 0.991143
29016: 0.991143
29017: 0.991143
29018: 0.991144
29019: 0.991144
29020: 0.991144
29021: 0.991145
29022: 0.991145
29023: 0.991145
29024: 0.991146
29025: 0.991146
29026: 0.991146
29027: 0.991146
29028: 0.991147
29029: 0.991147
29030: 0.991147
29031: 0.991148
29032: 0.991148
29033: 0.991148
29034: 0.991149
29035: 0.991149
29036: 0.991149
29037: 0.99115
29038: 0.99115
29039: 0.99115
29040: 0.99115
29041: 0.991151
29042: 0.991151
29043: 0.991151
29044: 0.991152
29045: 0.991152
29046: 0.991152
29047: 0.991153
29048: 0.991153
29049: 0.991153
29050: 0.991153
29051: 0.991154
29052: 0.991154
29053: 0.991154
29054: 0.991155
29055: 0.991155
29056: 0.991155
29057: 0.991156
29058: 0.991156
29059: 0.991156
29060: 0.991157
29061: 0.991157
29062: 0.991157
29063: 0.991157
29064: 0.991158
29065: 0.991158
29066: 0.991158
29067: 0.991159
29068: 0.991159
29069: 0.991159
29070: 0.99116
29071: 0.99116
29072: 0.99116
29073: 0.99116
29074: 0.991161
29075: 0.991161
29076: 0.991161
29077: 0.991162
29078: 0.991162
29079: 0.991162
29080: 0.991163
29081: 0.991163
29082: 0.991163
29083: 0.991164
29084: 0.991164
29085: 0.991164
29086: 0.991164
29087: 0.991165
29088: 0.991165
29089: 0.991165
29090: 0.991166
29091: 0.991166
29092: 0.991166
29093: 0.991167
29094: 0.991167
29095: 0.991167
29096: 0.991167
29097: 0.991168
29098: 0.991168
29099: 0.991168
29100: 0.991169
29101: 0.991169
29102: 0.991169
29103: 0.99117
29104: 0.99117
29105: 0.99117
29106: 0.991171
29107: 0.991171
29108: 0.991171
29109: 0.991171
29110: 0.991172
29111: 0.991172
29112: 0.991172
29113: 0.991173
29114: 0.991173
29115: 0.991173
29116: 0.991174
29117: 0.991174
29118: 0.991174
29119: 0.991174
29120: 0.991175
29121: 0.991175
29122: 0.991175
29123: 0.991176
29124: 0.991176
29125: 0.991176
29126: 0.991177
29127: 0.991177
29128: 0.991177
29129: 0.991177
29130: 0.991178
29131: 0.991178
29132: 0.991178
29133: 0.991179
29134: 0.991179
29135: 0.991179
29136: 0.99118
29137: 0.99118
29138: 0.99118
29139: 0.991181
29140: 0.991181
29141: 0.991181
29142: 0.991181
29143: 0.991182
29144: 0.991182
29145: 0.991182
29146: 0.991183
29147: 0.991183
29148: 0.991183
29149: 0.991184
29150: 0.991184
29151: 0.991184
29152: 0.991184
29153: 0.991185
29154: 0.991185
29155: 0.991185
29156: 0.991186
29157: 0.991186
29158: 0.991186
29159: 0.991187
29160: 0.991187
29161: 0.991187
29162: 0.991187
29163: 0.991188
29164: 0.991188
29165: 0.991188
29166: 0.991189
29167: 0.991189
29168: 0.991189
29169: 0.99119
29170: 0.99119
29171: 0.99119
29172: 0.99119
29173: 0.991191
29174: 0.991191
29175: 0.991191
29176: 0.991192
29177: 0.991192
29178: 0.991192
29179: 0.991193
29180: 0.991193
29181: 0.991193
29182: 0.991194
29183: 0.991194
29184: 0.991194
29185: 0.991194
29186: 0.991195
29187: 0.991195
29188: 0.991195
29189: 0.991196
29190: 0.991196
29191: 0.991196
29192: 0.991197
29193: 0.991197
29194: 0.991197
29195: 0.991197
29196: 0.991198
29197: 0.991198
29198: 0.991198
29199: 0.991199
29200: 0.991199
29201: 0.991199
29202: 0.9912
29203: 0.9912
29204: 0.9912
29205: 0.9912
29206: 0.991201
29207: 0.991201
29208: 0.991201
29209: 0.991202
29210: 0.991202
29211: 0.991202
29212: 0.991203
29213: 0.991203
29214: 0.991203
29215: 0.991203
29216: 0.991204
29217: 0.991204
29218: 0.991204
29219: 0.991205
29220: 0.991205
29221: 0.991205
29222: 0.991206
29223: 0.991206
29224: 0.991206
29225: 0.991206
29226: 0.991207
29227: 0.991173
29228: 0.991173
29229: 0.991173
29230: 0.991174
29231: 0.991174
29232: 0.991174
29233: 0.991175
29234: 0.991175
29235: 0.991175
29236: 0.991176
29237: 0.991176
29238: 0.991176
29239: 0.991176
29240: 0.991177
29241: 0.991177
29242: 0.991177
29243: 0.991178
29244: 0.991178
29245: 0.991178
29246: 0.991179
29247: 0.991179
29248: 0.991145
29249: 0.991145
29250: 0.991146
29251: 0.991146
29252: 0.991146
29253: 0.991147
29254: 0.991147
29255: 0.991147
29256: 0.991147
29257: 0.991148
29258: 0.991148
29259: 0.991148
29260: 0.991149
29261: 0.991149
29262: 0.991149
29263: 0.99115
29264: 0.99115
29265: 0.99115
29266: 0.99115
29267: 0.991151
29268: 0.991151
29269: 0.991151
29270: 0.991152
29271: 0.991152
29272: 0.991152
29273: 0.991153
29274: 0.991153
29275: 0.991153
29276: 0.991153
29277: 0.991154
29278: 0.991154
29279: 0.991154
29280: 0.991155
29281: 0.991155
29282: 0.991155
29283: 0.991156
29284: 0.991156
29285: 0.991156
29286: 0.991156
29287: 0.991157
29288: 0.991157
29289: 0.991157
29290: 0.991158
29291: 0.991158
29292: 0.991158
29293: 0.991159
29294: 0.991159
29295: 0.991159
29296: 0.99116
29297: 0.99116
29298: 0.99116
29299: 0.99116
29300: 0.991161
29301: 0.991161
29302: 0.991161
29303: 0.991162
29304: 0.991162
29305: 0.991162
29306: 0.991163
29307: 0.991163
29308: 0.991163
29309: 0.991163
29310: 0.991164
29311: 0.991164
29312: 0.991164
29313: 0.991165
29314: 0.991165
29315: 0.991165
29316: 0.991166
29317: 0.991166
29318: 0.991166
29319: 0.991166
29320: 0.991167
29321: 0.991167
29322: 0.991167
29323: 0.991168
29324: 0.991168
29325: 0.991168
29326: 0.991169
29327: 0.991169
29328: 0.991169
29329: 0.991169
29330: 0.99117
29331: 0.99117
29332: 0.99117
29333: 0.991171
29334: 0.991171
29335: 0.991171
29336: 0.991172
29337: 0.991172
29338: 0.991172
29339: 0.991172
29340: 0.991173
29341: 0.991173
29342: 0.991173
29343: 0.991174
29344: 0.991174
29345: 0.991174
29346: 0.991175
29347: 0.991175
29348: 0.991175
29349: 0.991175
29350: 0.991176
29351: 0.991176
29352: 0.991176
29353: 0.991177
29354: 0.991177
29355: 0.991177
29356: 0.991178
29357: 0.991178
29358: 0.991178
29359: 0.991178
29360: 0.991179
29361: 0.991179
29362: 0.991179
29363: 0.99118
29364: 0.99118
29365: 0.99118
29366: 0.991181
29367: 0.991181
29368: 0.991181
29369: 0.991181
29370: 0.991182
29371: 0.991182
29372: 0.991182
29373: 0.991183
29374: 0.991183
29375: 0.991183
29376: 0.991184
29377: 0.991184
29378: 0.991184
29379: 0.991184
29380: 0.991185
29381: 0.991185
29382: 0.991185
29383: 0.991186
29384: 0.991186
29385: 0.991186
29386: 0.991187
29387: 0.991187
29388: 0.991187
29389: 0.991187
29390: 0.991188
29391: 0.991188
29392: 0.991188
29393: 0.991189
29394: 0.991189
29395: 0.991189
29396: 0.99119
29397: 0.99119
29398: 0.99119
29399: 0.99119
29400: 0.991191
29401: 0.991191
29402: 0.991191
29403: 0.991192
29404: 0.991192
29405: 0.991192
29406: 0.991193
29407: 0.991193
29408: 0.991193
29409: 0.991193
29410: 0.991194
29411: 0.991194
29412: 0.991194
29413: 0.991195
29414: 0.991195
29415: 0.991195
29416: 0.991196
29417: 0.991196
29418: 0.991162
29419: 0.991162
29420: 0.991163
29421: 0.991163
29422: 0.991163
29423: 0.991164
29424: 0.991164
29425: 0.991164
29426: 0.991165
29427: 0.991165
29428: 0.991165
29429: 0.991165
29430: 0.991166
29431: 0.991166
29432: 0.991166
29433: 0.991167
29434: 0.991167
29435: 0.991167
29436: 0.991168
29437: 0.991168
29438: 0.991168
29439: 0.991168
29440: 0.991169
29441: 0.991169
29442: 0.991169
29443: 0.99117
29444: 0.99117
29445: 0.99117
29446: 0.991171
29447: 0.991171
29448: 0.991171
29449: 0.991171
29450: 0.991172
29451: 0.991172
29452: 0.991172
29453: 0.991173
29454: 0.991173
29455: 0.991173
29456: 0.991174
29457: 0.991174
29458: 0.991174
29459: 0.991174
29460: 0.991175
29461: 0.991175
29462: 0.991175
29463: 0.991176
29464: 0.991176
29465: 0.991176
29466: 0.991177
29467: 0.991177
29468: 0.991177
29469: 0.991177
29470: 0.991178
29471: 0.991178
29472: 0.991178
29473: 0.991179
29474: 0.991179
29475: 0.991179
29476: 0.99118
29477: 0.99118
29478: 0.99118
29479: 0.99118
29480: 0.991181
29481: 0.991181
29482: 0.991181
29483: 0.991182
29484: 0.991182
29485: 0.991182
29486: 0.991183
29487: 0.991183
29488: 0.991183
29489: 0.991183
29490: 0.991184
29491: 0.991184
29492: 0.991184
29493: 0.991185
29494: 0.991185
29495: 0.991185
29496: 0.991186
29497: 0.991186
29498: 0.991186
29499: 0.991186
29500: 0.991187
29501: 0.991187
29502: 0.991187
29503: 0.991188
29504: 0.991188
29505: 0.991188
29506: 0.991189
29507: 0.991189
29508: 0.991189
29509: 0.991189
29510: 0.99119
29511: 0.99119
29512: 0.99119
29513: 0.991191
29514: 0.991191
29515: 0.991191
29516: 0.991192
29517: 0.991192
29518: 0.991192
29519: 0.991192
29520: 0.991193
29521: 0.991193
29522: 0.991193
29523: 0.991194
29524: 0.991194
29525: 0.991194
29526: 0.991194
29527: 0.991195
29528: 0.991195
29529: 0.991195
29530: 0.991196
29531: 0.991196
29532: 0.991196
29533: 0.991197
29534: 0.991197
29535: 0.991197
29536: 0.991197
29537: 0.991198
29538: 0.991198
29539: 0.991198
29540: 0.991199
29541: 0.991199
29542: 0.991199
29543: 0.9912
29544: 0.9912
29545: 0.9912
29546: 0.9912
29547: 0.991201
29548: 0.991201
29549: 0.991201
29550: 0.991202
29551: 0.991202
29552: 0.991202
29553: 0.991203
29554: 0.991203
29555: 0.991203
29556: 0.991203
29557: 0.991204
29558: 0.99117
29559: 0.991171
29560: 0.991171
29561: 0.991171
29562: 0.991171
29563: 0.991172
29564: 0.991172
29565: 0.991172
29566: 0.991173
29567: 0.991173
29568: 0.991173
29569: 0.991173
29570: 0.991174
29571: 0.991174
29572: 0.991174
29573: 0.991141
29574: 0.991141
29575: 0.991141
29576: 0.991142
29577: 0.991142
29578: 0.991142
29579: 0.991143
29580: 0.991143
29581: 0.991143
29582: 0.991144
29583: 0.991144
29584: 0.991144
29585: 0.991144
29586: 0.991145
29587: 0.991145
29588: 0.991145
29589: 0.991146
29590: 0.991146
29591: 0.991146
29592: 0.991147
29593: 0.991147
29594: 0.991147
29595: 0.991147
29596: 0.991148
29597: 0.991148
29598: 0.991148
29599: 0.991149
29600: 0.991149
29601: 0.991149
29602: 0.99115
29603: 0.99115
29604: 0.99115
29605: 0.99115
29606: 0.991151
29607: 0.991151
29608: 0.991151
29609: 0.991152
29610: 0.991152
29611: 0.991152
29612: 0.991153
29613: 0.991153
29614: 0.991153
29615: 0.991153
29616: 0.991154
29617: 0.991154
29618: 0.991154
29619: 0.991155
29620: 0.991155
29621: 0.991121
29622: 0.991088
29623: 0.991088
29624: 0.991089
29625: 0.991089
29626: 0.991089
29627: 0.99109
29628: 0.99109
29629: 0.99109
29630: 0.99109
29631: 0.991091
29632: 0.991091
29633: 0.991091
29634: 0.991092
29635: 0.991092
29636: 0.991092
29637: 0.991093
29638: 0.991093
29639: 0.991093
29640: 0.991093
29641: 0.991094
29642: 0.991094
29643: 0.991094
29644: 0.991095
29645: 0.991095
29646: 0.991095
29647: 0.991096
29648: 0.991096
29649: 0.991096
29650: 0.991096
29651: 0.991097
29652: 0.991097
29653: 0.991097
29654: 0.991098
29655: 0.991098
29656: 0.991098
29657: 0.991099
29658: 0.991099
29659: 0.991099
29660: 0.991099
29661: 0.9911
29662: 0.9911
29663: 0.9911
29664: 0.991101
29665: 0.991101
29666: 0.991101
29667: 0.991102
29668: 0.991102
29669: 0.991102
29670: 0.991102
29671: 0.991103
29672: 0.991103
29673: 0.991103
29674: 0.991104
29675: 0.991104
29676: 0.991104
29677: 0.991105
29678: 0.991105
29679: 0.991105
29680: 0.991105
29681: 0.991106
29682: 0.991106
29683: 0.991106
29684: 0.991107
29685: 0.991107
29686: 0.991107
29687: 0.991108
29688: 0.991108
29689: 0.991108
29690: 0.991108
29691: 0.991109
29692: 0.991109
29693: 0.991109
29694: 0.99111
29695: 0.99111
29696: 0.99111
29697: 0.991111
29698: 0.991111
29699: 0.991111
29700: 0.991111
29701: 0.991112
29702: 0.991112
29703: 0.991112
29704: 0.991113
29705: 0.991113
29706: 0.991113
29707: 0.991114
29708: 0.991114
29709: 0.991114
29710: 0.991114
29711: 0.991115
29712: 0.991115
29713: 0.991115
29714: 0.991116
29715: 0.991116
29716: 0.991116
29717: 0.991116
29718: 0.991117
29719: 0.991117
29720: 0.991117
29721: 0.991118
29722: 0.991118
29723: 0.991118
29724: 0.991119
29725: 0.991119
29726: 0.991119
29727: 0.991119
29728: 0.99112
29729: 0.99112
29730: 0.99112
29731: 0.991121
29732: 0.991121
29733: 0.991121
29734: 0.991122
29735: 0.991122
29736: 0.991122
29737: 0.991122
29738: 0.991123
29739: 0.991123
29740: 0.991123
29741: 0.991124
29742: 0.991124
29743: 0.991124
29744: 0.991125
29745: 0.991125
29746: 0.991125
29747: 0.991125
29748: 0.991126
29749: 0.991126
29750: 0.991126
29751: 0.991127
29752: 0.991127
29753: 0.991127
29754: 0.991128
29755: 0.991128
29756: 0.991128
29757: 0.991128
29758: 0.991129
29759: 0.991129
29760: 0.991129
29761: 0.99113
29762: 0.99113
29763: 0.99113
29764: 0.991131
29765: 0.991131
29766: 0.991131
29767: 0.991131
29768: 0.991132
29769: 0.991132
29770: 0.991132
29771: 0.991133
29772: 0.991133
29773: 0.991133
29774: 0.991134
29775: 0.991134
29776: 0.991134
29777: 0.991134
29778: 0.991135
29779: 0.991135
29780: 0.991135
29781: 0.991136
29782: 0.991136
29783: 0.991136
29784: 0.991136
29785: 0.991137
29786: 0.991137
29787: 0.991137
29788: 0.991138
29789: 0.991138
29790: 0.991138
29791: 0.991139
29792: 0.991139
29793: 0.991139
29794: 0.991139
29795: 0.99114
29796: 0.99114
29797: 0.99114
29798: 0.991141
29799: 0.991141
29800: 0.991141
29801: 0.991142
29802: 0.991142
29803: 0.991142
29804: 0.991142
29805: 0.991143
29806: 0.991143
29807: 0.991143
29808: 0.991144
29809: 0.991144
29810: 0.991144
29811: 0.991145
29812: 0.991145
29813: 0.991145
29814: 0.991145
29815: 0.991146
29816: 0.991146
29817: 0.991146
29818: 0.991147
29819: 0.991147
29820: 0.991147
29821: 0.991147
29822: 0.991148
29823: 0.991148
29824: 0.991148
29825: 0.991149
29826: 0.991149
29827: 0.991149
29828: 0.99115
29829: 0.99115
29830: 0.99115
29831: 0.99115
29832: 0.991151
29833: 0.991151
29834: 0.991151
29835: 0.991152
29836: 0.991152
29837: 0.991152
29838: 0.991153
29839: 0.991153
29840: 0.991153
29841: 0.991153
29842: 0.991154
29843: 0.991154
29844: 0.991154
29845: 0.991155
29846: 0.991155
29847: 0.991155
29848: 0.991155
29849: 0.991156
29850: 0.991156
29851: 0.991156
29852: 0.991157
29853: 0.991157
29854: 0.991157
29855: 0.991158
29856: 0.991158
29857: 0.991158
29858: 0.991158
29859: 0.991159
29860: 0.991159
29861: 0.991159
29862: 0.99116
29863: 0.99116
29864: 0.99116
29865: 0.991161
29866: 0.991161
29867: 0.991161
29868: 0.991161
29869: 0.991162
29870: 0.991162
29871: 0.991162
29872: 0.991163
29873: 0.991163
29874: 0.991163
29875: 0.991163
29876: 0.991164
29877: 0.991164
29878: 0.991164
29879: 0.991165
29880: 0.991165
29881: 0.991165
29882: 0.991166
29883: 0.991166
29884: 0.991166
29885: 0.991166
29886: 0.991167
29887: 0.991167
29888: 0.991167
29889: 0.991168
29890: 0.991168
29891: 0.991168
29892: 0.991169
29893: 0.991169
29894: 0.991169
29895: 0.991169
29896: 0.99117
29897: 0.99117
29898: 0.99117
29899: 0.991171
29900: 0.991171
29901: 0.991171
29902: 0.991171
29903: 0.991172
29904: 0.991172
29905: 0.991172
29906: 0.991173
29907: 0.991173
29908: 0.991173
29909: 0.991174
29910: 0.991174
29911: 0.991174
29912: 0.991174
29913: 0.991175
29914: 0.991175
29915: 0.991175
29916: 0.991176
29917: 0.991176
29918: 0.991176
29919: 0.991176
29920: 0.991177
29921: 0.991177
29922: 0.991177
29923: 0.991178
29924: 0.991178
29925: 0.991178
29926: 0.991179
29927: 0.991179
29928: 0.991179
29929: 0.991179
29930: 0.99118
29931: 0.99118
29932: 0.99118
29933: 0.991181
29934: 0.991181
29935: 0.991181
29936: 0.991181
29937: 0.991182
29938: 0.991182
29939: 0.991182
29940: 0.991183
29941: 0.991183
29942: 0.991183
29943: 0.991184
29944: 0.991184
29945: 0.991184
29946: 0.991184
29947: 0.991185
29948: 0.991185
29949: 0.991185
29950: 0.991186
29951: 0.991186
29952: 0.991186
29953: 0.991186
29954: 0.991187
29955: 0.991187
29956: 0.991187
29957: 0.991188
29958: 0.991188
29959: 0.991188
29960: 0.991189
29961: 0.991189
29962: 0.991189
29963: 0.991189
29964: 0.99119
29965: 0.99119
29966: 0.99119
29967: 0.991191
29968: 0.991191
29969: 0.991191
29970: 0.991191
29971: 0.991192
29972: 0.991192
29973: 0.991192
29974: 0.991193
29975: 0.991193
29976: 0.991193
29977: 0.991194
29978: 0.991194
29979: 0.991194
29980: 0.991194
29981: 0.991195
29982: 0.991195
29983: 0.991195
29984: 0.991196
29985: 0.991196
29986: 0.991196
29987: 0.991196
29988: 0.991197
29989: 0.991197
29990: 0.991197
29991: 0.991198
29992: 0.991198
29993: 0.991198
29994: 0.991199
29995: 0.991199
29996: 0.991199
29997: 0.991199
29998: 0.9912
29999: 0.9912
30000: 0.9912
30001: 0.991201
30002: 0.991201
30003: 0.991201
30004: 0.991201
30005: 0.991202
30006: 0.991202
30007: 0.991202
30008: 0.991203
30009: 0.991203
30010: 0.991203
30011: 0.991204
30012: 0.991204
30013: 0.991204
30014: 0.991204
30015: 0.991205
30016: 0.991205
30017: 0.991205
30018: 0.991206
30019: 0.991206
30020: 0.991206
30021: 0.991206
30022: 0.991207
30023: 0.991207
30024: 0.991207
30025: 0.991208
30026: 0.991208
30027: 0.991208
30028: 0.991208
30029: 0.991209
30030: 0.991209
30031: 0.991209
30032: 0.99121
30033: 0.99121
30034: 0.99121
30035: 0.991211
30036: 0.991211
30037: 0.991211
30038: 0.991211
30039: 0.991212
30040: 0.991212
30041: 0.991212
30042: 0.991213
30043: 0.991213
30044: 0.991213
30045: 0.991213
30046: 0.991214
30047: 0.991214
30048: 0.991214
30049: 0.991215
30050: 0.991215
30051: 0.991215
30052: 0.991216
30053: 0.991216
30054: 0.991216
30055: 0.991216
30056: 0.991217
30057: 0.991217
30058: 0.991217
30059: 0.991218
30060: 0.991218
30061: 0.991218
30062: 0.991218
30063: 0.991219
30064: 0.991219
30065: 0.991219
30066: 0.99122
30067: 0.99122
30068: 0.99122
30069: 0.99122
30070: 0.991221
30071: 0.991221
30072: 0.991221
30073: 0.991222
30074: 0.991222
30075: 0.991222
30076: 0.991223
30077: 0.991223
30078: 0.991223
30079: 0.991223
30080: 0.991224
30081: 0.991224
30082: 0.991224
30083: 0.991225
30084: 0.991225
30085: 0.991225
30086: 0.991225
30087: 0.991226
30088: 0.991226
30089: 0.991226
30090: 0.991227
30091: 0.991227
30092: 0.991227
30093: 0.991227
30094: 0.991228
30095: 0.991228
30096: 0.991228
30097: 0.991229
30098: 0.991229
30099: 0.991229
30100: 0.99123
30101: 0.99123
30102: 0.99123
30103: 0.99123
30104: 0.991231
30105: 0.991231
30106: 0.991231
30107: 0.991232
30108: 0.991232
30109: 0.991232
30110: 0.991232
30111: 0.991233
30112: 0.991233
30113: 0.991233
30114: 0.991234
30115: 0.991234
30116: 0.991234
30117: 0.991234
30118: 0.991235
30119: 0.991235
30120: 0.991235
30121: 0.991236
30122: 0.991236
30123: 0.991236
30124: 0.991237
30125: 0.991237
30126: 0.991237
30127: 0.991237
30128: 0.991238
30129: 0.991238
30130: 0.991238
30131: 0.991239
30132: 0.991239
30133: 0.991239
30134: 0.991239
30135: 0.99124
30136: 0.99124
30137: 0.99124
30138: 0.991241
30139: 0.991241
30140: 0.991241
30141: 0.991241
30142: 0.991242
30143: 0.991242
30144: 0.991242
30145: 0.991243
30146: 0.991243
30147: 0.991243
30148: 0.991243
30149: 0.991244
30150: 0.991244
30151: 0.991244
30152: 0.991245
30153: 0.991245
30154: 0.991245
30155: 0.991246
30156: 0.991246
30157: 0.991246
30158: 0.991246
30159: 0.991247
30160: 0.991247
30161: 0.991247
30162: 0.991248
30163: 0.991248
30164: 0.991248
30165: 0.991248
30166: 0.991249
30167: 0.991249
30168: 0.991249
30169: 0.99125
30170: 0.99125
30171: 0.99125
30172: 0.99125
30173: 0.991251
30174: 0.991251
30175: 0.991251
30176: 0.991252
30177: 0.991252
30178: 0.991252
30179: 0.991252
30180: 0.991253
30181: 0.991253
30182: 0.991253
30183: 0.991254
30184: 0.991254
30185: 0.991254
30186: 0.991255
30187: 0.991255
30188: 0.991255
30189: 0.991255
30190: 0.991256
30191: 0.991256
30192: 0.991256
30193: 0.991257
30194: 0.991257
30195: 0.991257
30196: 0.991257
30197: 0.991258
30198: 0.991258
30199: 0.991258
30200: 0.991259
30201: 0.991259
30202: 0.991259
30203: 0.991259
30204: 0.99126
30205: 0.99126
30206: 0.99126
30207: 0.991261
30208: 0.991261
30209: 0.991261
30210: 0.991261
30211: 0.991262
30212: 0.991262
30213: 0.991262
30214: 0.991263
30215: 0.991263
30216: 0.991263
30217: 0.991263
30218: 0.991264
30219: 0.991264
30220: 0.991264
30221: 0.991265
30222: 0.991265
30223: 0.991265
30224: 0.991266
30225: 0.991266
30226: 0.991266
30227: 0.991266
30228: 0.991267
30229: 0.991267
30230: 0.991267
30231: 0.991268
30232: 0.991268
30233: 0.991268
30234: 0.991268
30235: 0.991269
30236: 0.991269
30237: 0.991269
30238: 0.99127
30239: 0.99127
30240: 0.99127
30241: 0.99127
30242: 0.991271
30243: 0.991271
30244: 0.991271
30245: 0.991272
30246: 0.991272
30247: 0.991272
30248: 0.991272
30249: 0.991273
30250: 0.991273
30251: 0.991273
30252: 0.991274
30253: 0.991274
30254: 0.991274
30255: 0.991274
30256: 0.991275
30257: 0.991275
30258: 0.991275
30259: 0.991276
30260: 0.991276
30261: 0.991276
30262: 0.991276
30263: 0.991277
30264: 0.991277
30265: 0.991277
30266: 0.991278
30267: 0.991278
30268: 0.991278
30269: 0.991278
30270: 0.991279
30271: 0.991279
30272: 0.991279
30273: 0.99128
30274: 0.99128
30275: 0.99128
30276: 0.991281
30277: 0.991281
30278: 0.991281
30279: 0.991281
30280: 0.991282
30281: 0.991282
30282: 0.991282
30283: 0.991283
30284: 0.991283
30285: 0.991283
30286: 0.991283
30287: 0.991284
30288: 0.991284
30289: 0.991284
30290: 0.991285
30291: 0.991285
30292: 0.991285
30293: 0.991285
30294: 0.991286
30295: 0.991286
30296: 0.991286
30297: 0.991287
30298: 0.991287
30299: 0.991287
30300: 0.991287
30301: 0.991288
30302: 0.991288
30303: 0.991288
30304: 0.991289
30305: 0.991289
30306: 0.991289
30307: 0.991289
30308: 0.99129
30309: 0.99129
30310: 0.99129
30311: 0.991291
30312: 0.991291
30313: 0.991291
30314: 0.991291
30315: 0.991292
30316: 0.991292
30317: 0.991292
30318: 0.991293
30319: 0.991293
30320: 0.991293
30321: 0.991293
30322: 0.991294
30323: 0.991294
30324: 0.991294
30325: 0.991295
30326: 0.991295
30327: 0.991295
30328: 0.991295
30329: 0.991296
30330: 0.991296
30331: 0.991296
30332: 0.991297
30333: 0.991297
30334: 0.991297
30335: 0.991297
30336: 0.991298
30337: 0.991298
30338: 0.991298
30339: 0.991299
30340: 0.991299
30341: 0.991299
30342: 0.991299
30343: 0.9913
30344: 0.9913
30345: 0.9913
30346: 0.991301
30347: 0.991301
30348: 0.991301
30349: 0.991301
30350: 0.991302
30351: 0.991302
30352: 0.991302
30353: 0.991303
30354: 0.991303
30355: 0.991303
30356: 0.991303
30357: 0.991304
30358: 0.991304
30359: 0.991304
30360: 0.991305
30361: 0.991305
30362: 0.991305
30363: 0.991305
30364: 0.991306
30365: 0.991306
30366: 0.991306
30367: 0.991307
30368: 0.991307
30369: 0.991307
30370: 0.991307
30371: 0.991308
30372: 0.991308
30373: 0.991308
30374: 0.991309
30375: 0.991309
30376: 0.991309
30377: 0.99131
30378: 0.99131
30379: 0.99131
30380: 0.99131
30381: 0.991311
30382: 0.991311
30383: 0.991311
30384: 0.991312
30385: 0.991312
30386: 0.991312
30387: 0.991312
30388: 0.991313
30389: 0.991313
30390: 0.991313
30391: 0.991314
30392: 0.991314
30393: 0.991314
30394: 0.991314
30395: 0.991315
30396: 0.991315
30397: 0.991315
30398: 0.991316
30399: 0.991316
30400: 0.991316
30401: 0.991316
30402: 0.991317
30403: 0.991317
30404: 0.991317
30405: 0.991318
30406: 0.991318
30407: 0.991318
30408: 0.991318
30409: 0.991319
30410: 0.991319
30411: 0.991319
30412: 0.99132
30413: 0.99132
30414: 0.99132
30415: 0.99132
30416: 0.991321
30417: 0.991321
30418: 0.991321
30419: 0.991321
30420: 0.991322
30421: 0.991322
30422: 0.991322
30423: 0.991323
30424: 0.991323
30425: 0.991323
30426: 0.991323
30427: 0.991324
30428: 0.991324
30429: 0.991324
30430: 0.991325
30431: 0.991325
30432: 0.991325
30433: 0.991325
30434: 0.991326
30435: 0.991326
30436: 0.991326
30437: 0.991327
30438: 0.991327
30439: 0.991327
30440: 0.991327
30441: 0.991328
30442: 0.991328
30443: 0.991328
30444: 0.991329
30445: 0.991329
30446: 0.991329
30447: 0.991329
30448: 0.99133
30449: 0.99133
30450: 0.99133
30451: 0.991331
30452: 0.991331
30453: 0.991331
30454: 0.991331
30455: 0.991332
30456: 0.991332
30457: 0.991332
30458: 0.991333
30459: 0.991333
30460: 0.991333
30461: 0.991333
30462: 0.991334
30463: 0.991334
30464: 0.991334
30465: 0.991335
30466: 0.991335
30467: 0.991335
30468: 0.991335
30469: 0.991336
30470: 0.991336
30471: 0.991336
30472: 0.991337
30473: 0.991337
30474: 0.991337
30475: 0.991337
30476: 0.991338
30477: 0.991338
30478: 0.991338
30479: 0.991339
30480: 0.991339
30481: 0.991339
30482: 0.991339
30483: 0.99134
30484: 0.99134
30485: 0.99134
30486: 0.991341
30487: 0.991341
30488: 0.991341
30489: 0.991341
30490: 0.991342
30491: 0.991342
30492: 0.991342
30493: 0.991343
30494: 0.991343
30495: 0.991343
30496: 0.991343
30497: 0.991344
30498: 0.991344
30499: 0.991344
30500: 0.991345
30501: 0.991345
30502: 0.991345
30503: 0.991345
30504: 0.991346
30505: 0.991346
30506: 0.991346
30507: 0.991347
30508: 0.991347
30509: 0.991347
30510: 0.991347
30511: 0.991348
30512: 0.991348
30513: 0.991348
30514: 0.991349
30515: 0.991349
30516: 0.991349
30517: 0.991349
30518: 0.99135
30519: 0.99135
30520: 0.99135
30521: 0.991351
30522: 0.991351
30523: 0.991351
30524: 0.991351
30525: 0.991352
30526: 0.991352
30527: 0.991352
30528: 0.991352
30529: 0.991353
30530: 0.991353
30531: 0.991353
30532: 0.991354
30533: 0.991354
30534: 0.991354
30535: 0.991354
30536: 0.991355
30537: 0.991355
30538: 0.991355
30539: 0.991356
30540: 0.991356
30541: 0.991356
30542: 0.991356
30543: 0.991357
30544: 0.991357
30545: 0.991357
30546: 0.991358
30547: 0.991358
30548: 0.991358
30549: 0.991358
30550: 0.991359
30551: 0.991359
30552: 0.991359
30553: 0.99136
30554: 0.99136
30555: 0.99136
30556: 0.99136
30557: 0.991361
30558: 0.991361
30559: 0.991361
30560: 0.991362
30561: 0.991362
30562: 0.991362
30563: 0.991362
30564: 0.991363
30565: 0.991363
30566: 0.991363
30567: 0.991364
30568: 0.991364
30569: 0.991364
30570: 0.991364
30571: 0.991365
30572: 0.991365
30573: 0.991365
30574: 0.991365
30575: 0.991366
30576: 0.991366
30577: 0.991366
30578: 0.991367
30579: 0.991367
30580: 0.991367
30581: 0.991367
30582: 0.991368
30583: 0.991368
30584: 0.991368
30585: 0.991369
30586: 0.991369
30587: 0.991369
30588: 0.991369
30589: 0.99137
30590: 0.99137
30591: 0.99137
30592: 0.991371
30593: 0.991371
30594: 0.991371
30595: 0.991371
30596: 0.991372
30597: 0.991372
30598: 0.991372
30599: 0.991373
30600: 0.991373
30601: 0.991373
30602: 0.991373
30603: 0.991374
30604: 0.991374
30605: 0.991374
30606: 0.991375
30607: 0.991375
30608: 0.991375
30609: 0.991375
30610: 0.991376
30611: 0.991376
30612: 0.991376
30613: 0.991376
30614: 0.991377
30615: 0.991377
30616: 0.991377
30617: 0.991378
30618: 0.991378
30619: 0.991378
30620: 0.991378
30621: 0.991379
30622: 0.991379
30623: 0.991379
30624: 0.99138
30625: 0.99138
30626: 0.99138
30627: 0.99138
30628: 0.991381
30629: 0.991381
30630: 0.991381
30631: 0.991382
30632: 0.991382
30633: 0.991382
30634: 0.991382
30635: 0.991383
30636: 0.991383
30637: 0.991383
30638: 0.991384
30639: 0.991384
30640: 0.991384
30641: 0.991384
30642: 0.991385
30643: 0.991385
30644: 0.991385
30645: 0.991385
30646: 0.991386
30647: 0.991386
30648: 0.991386
30649: 0.991387
30650: 0.991387
30651: 0.991387
30652: 0.991387
30653: 0.991388
30654: 0.991388
30655: 0.991388
30656: 0.991389
30657: 0.991389
30658: 0.991389
30659: 0.991389
30660: 0.99139
30661: 0.99139
30662: 0.99139
30663: 0.991391
30664: 0.991391
30665: 0.991391
30666: 0.991391
30667: 0.991392
30668: 0.991392
30669: 0.991392
30670: 0.991393
30671: 0.991393
30672: 0.991393
30673: 0.991393
30674: 0.991394
30675: 0.991394
30676: 0.991394
30677: 0.991394
30678: 0.991395
30679: 0.991395
30680: 0.991395
30681: 0.991396
30682: 0.991396
30683: 0.991396
30684: 0.991396
30685: 0.991397
30686: 0.991397
30687: 0.991397
30688: 0.991398
30689: 0.991398
30690: 0.991398
30691: 0.991398
30692: 0.991399
30693: 0.991399
30694: 0.991399
30695: 0.9914
30696: 0.9914
30697: 0.9914
30698: 0.9914
30699: 0.991401
30700: 0.991401
30701: 0.991401
30702: 0.991401
30703: 0.991402
30704: 0.991402
30705: 0.991402
30706: 0.991403
30707: 0.991403
30708: 0.991403
30709: 0.991403
30710: 0.991404
30711: 0.991404
30712: 0.991404
30713: 0.991405
30714: 0.991405
30715: 0.991405
30716: 0.991405
30717: 0.991406
30718: 0.991406
30719: 0.991406
30720: 0.991407
30721: 0.991407
30722: 0.991407
30723: 0.991407
30724: 0.991408
30725: 0.991408
30726: 0.991408
30727: 0.991408
30728: 0.991409
30729: 0.991409
30730: 0.991409
30731: 0.99141
30732: 0.99141
30733: 0.99141
30734: 0.99141
30735: 0.991411
30736: 0.991411
30737: 0.991411
30738: 0.991412
30739: 0.991412
30740: 0.991412
30741: 0.991412
30742: 0.991413
30743: 0.991413
30744: 0.991413
30745: 0.991414
30746: 0.991414
30747: 0.991414
30748: 0.991414
30749: 0.991415
30750: 0.991415
30751: 0.991415
30752: 0.991415
30753: 0.991416
30754: 0.991416
30755: 0.991416
30756: 0.991417
30757: 0.991417
30758: 0.991417
30759: 0.991417
30760: 0.991418
30761: 0.991418
30762: 0.991418
30763: 0.991419
30764: 0.991419
30765: 0.991419
30766: 0.991419
30767: 0.99142
30768: 0.99142
30769: 0.99142
30770: 0.99142
30771: 0.991421
30772: 0.991421
30773: 0.991421
30774: 0.991422
30775: 0.991422
30776: 0.991422
30777: 0.991422
30778: 0.991423
30779: 0.991423
30780: 0.991423
30781: 0.991424
30782: 0.991424
30783: 0.991424
30784: 0.991424
30785: 0.991425
30786: 0.991425
30787: 0.991425
30788: 0.991426
30789: 0.991426
30790: 0.991426
30791: 0.991426
30792: 0.991427
30793: 0.991427
30794: 0.991427
30795: 0.991427
30796: 0.991428
30797: 0.991428
30798: 0.991428
30799: 0.991429
30800: 0.991429
30801: 0.991429
30802: 0.991429
30803: 0.99143
30804: 0.99143
30805: 0.99143
30806: 0.991431
30807: 0.991431
30808: 0.991431
30809: 0.991431
30810: 0.991432
30811: 0.991432
30812: 0.991432
30813: 0.991432
30814: 0.991433
30815: 0.991433
30816: 0.991433
30817: 0.991434
30818: 0.991434
30819: 0.991434
30820: 0.991434
30821: 0.991435
30822: 0.991435
30823: 0.991435
30824: 0.991436
30825: 0.991436
30826: 0.991436
30827: 0.991436
30828: 0.991437
30829: 0.991437
30830: 0.991437
30831: 0.991437
30832: 0.991438
30833: 0.991438
30834: 0.991438
30835: 0.991439
30836: 0.991439
30837: 0.991439
30838: 0.991439
30839: 0.99144
30840: 0.99144
30841: 0.99144
30842: 0.991441
30843: 0.991441
30844: 0.991441
30845: 0.991441
30846: 0.991442
30847: 0.991442
30848: 0.991442
30849: 0.991442
30850: 0.991443
30851: 0.991443
30852: 0.991443
30853: 0.991444
30854: 0.991444
30855: 0.991444
30856: 0.991444
30857: 0.991445
30858: 0.991445
30859: 0.991445
30860: 0.991446
30861: 0.991446
30862: 0.991446
30863: 0.991446
30864: 0.991447
30865: 0.991447
30866: 0.991447
30867: 0.991447
30868: 0.991448
30869: 0.991448
30870: 0.991448
30871: 0.991449
30872: 0.991449
30873: 0.991449
30874: 0.991449
30875: 0.99145
30876: 0.99145
30877: 0.99145
30878: 0.991451
30879: 0.991451
30880: 0.991451
30881: 0.991451
30882: 0.991452
30883: 0.991452
30884: 0.991452
30885: 0.991452
30886: 0.991453
30887: 0.991453
30888: 0.991453
30889: 0.991454
30890: 0.991454
30891: 0.991454
30892: 0.991454
30893: 0.991455
30894: 0.991455
30895: 0.991455
30896: 0.991455
30897: 0.991456
30898: 0.991456
30899: 0.991456
30900: 0.991457
30901: 0.991457
30902: 0.991457
30903: 0.991457
30904: 0.991458
30905: 0.991458
30906: 0.991458
30907: 0.991459
30908: 0.991459
30909: 0.991459
30910: 0.991459
30911: 0.99146
30912: 0.99146
30913: 0.99146
30914: 0.99146
30915: 0.991461
30916: 0.991461
30917: 0.991461
30918: 0.991462
30919: 0.991462
30920: 0.991462
30921: 0.991462
30922: 0.991463
30923: 0.991463
30924: 0.991463
30925: 0.991463
30926: 0.991464
30927: 0.991464
30928: 0.991464
30929: 0.991465
30930: 0.991465
30931: 0.991465
30932: 0.991465
30933: 0.991466
30934: 0.991466
30935: 0.991466
30936: 0.991467
30937: 0.991467
30938: 0.991467
30939: 0.991467
30940: 0.991468
30941: 0.991468
30942: 0.991468
30943: 0.991468
30944: 0.991469
30945: 0.991469
30946: 0.991469
30947: 0.99147
30948: 0.99147
30949: 0.99147
30950: 0.99147
30951: 0.991471
30952: 0.991471
30953: 0.991471
30954: 0.991471
30955: 0.991472
30956: 0.991472
30957: 0.991472
30958: 0.991473
30959: 0.991473
30960: 0.991473
30961: 0.991473
30962: 0.991474
30963: 0.991474
30964: 0.991474
30965: 0.991475
30966: 0.991475
30967: 0.991475
30968: 0.991475
30969: 0.991476
30970: 0.991476
30971: 0.991476
30972: 0.991476
30973: 0.991477
30974: 0.991477
30975: 0.991477
30976: 0.991478
30977: 0.991478
30978: 0.991478
30979: 0.991478
30980: 0.991479
30981: 0.991479
30982: 0.991479
30983: 0.991479
30984: 0.99148
30985: 0.99148
30986: 0.99148
30987: 0.991481
30988: 0.991481
30989: 0.991481
30990: 0.991481
30991: 0.991482
30992: 0.991482
30993: 0.991482
30994: 0.991482
30995: 0.991483
30996: 0.991483
30997: 0.991483
30998: 0.991484
30999: 0.991484
31000: 0.991484
31001: 0.991484
31002: 0.991485
31003: 0.991485
31004: 0.991485
31005: 0.991486
31006: 0.991486
31007: 0.991486
31008: 0.991486
31009: 0.991487
31010: 0.991487
31011: 0.991487
31012: 0.991487
31013: 0.991488
31014: 0.991488
31015: 0.991488
31016: 0.991489
31017: 0.991489
31018: 0.991489
31019: 0.991489
31020: 0.99149
31021: 0.99149
31022: 0.99149
31023: 0.99149
31024: 0.991491
31025: 0.991491
31026: 0.991491
31027: 0.991492
31028: 0.991492
31029: 0.991492
31030: 0.991492
31031: 0.991493
31032: 0.991493
31033: 0.991493
31034: 0.991493
31035: 0.991494
31036: 0.991494
31037: 0.991494
31038: 0.991495
31039: 0.991495
31040: 0.991495
31041: 0.991495
31042: 0.991496
31043: 0.991496
31044: 0.991496
31045: 0.991496
31046: 0.991497
31047: 0.991497
31048: 0.991497
31049: 0.991498
31050: 0.991498
31051: 0.991498
31052: 0.991498
31053: 0.991499
31054: 0.991499
31055: 0.991499
31056: 0.9915
31057: 0.9915
31058: 0.9915
31059: 0.9915
31060: 0.991501
31061: 0.991501
31062: 0.991501
31063: 0.991501
31064: 0.991502
31065: 0.991502
31066: 0.991502
31067: 0.991503
31068: 0.991503
31069: 0.991503
31070: 0.991503
31071: 0.991504
31072: 0.991504
31073: 0.991504
31074: 0.991504
31075: 0.991505
31076: 0.991505
31077: 0.991505
31078: 0.991506
31079: 0.991506
31080: 0.991506
31081: 0.991506
31082: 0.991507
31083: 0.991507
31084: 0.991507
31085: 0.991507
31086: 0.991508
31087: 0.991508
31088: 0.991508
31089: 0.991509
31090: 0.991509
31091: 0.991509
31092: 0.991509
31093: 0.99151
31094: 0.99151
31095: 0.99151
31096: 0.99151
31097: 0.991511
31098: 0.991511
31099: 0.991511
31100: 0.991512
31101: 0.991512
31102: 0.991512
31103: 0.991512
31104: 0.991513
31105: 0.991513
31106: 0.991513
31107: 0.991513
31108: 0.991514
31109: 0.991514
31110: 0.991514
31111: 0.991515
31112: 0.991515
31113: 0.991515
31114: 0.991515
31115: 0.991516
31116: 0.991516
31117: 0.991516
31118: 0.991516
31119: 0.991517
31120: 0.991517
31121: 0.991517
31122: 0.991518
31123: 0.991518
31124: 0.991518
31125: 0.991518
31126: 0.991519
31127: 0.991519
31128: 0.991519
31129: 0.991519
31130: 0.99152
31131: 0.99152
31132: 0.99152
31133: 0.991521
31134: 0.991521
31135: 0.991521
31136: 0.991521
31137: 0.991522
31138: 0.991522
31139: 0.991522
31140: 0.991522
31141: 0.991523
31142: 0.991523
31143: 0.991523
31144: 0.991524
31145: 0.991524
31146: 0.991524
31147: 0.991524
31148: 0.991525
31149: 0.991525
31150: 0.991525
31151: 0.991525
31152: 0.991526
31153: 0.991526
31154: 0.991526
31155: 0.991527
31156: 0.991527
31157: 0.991527
31158: 0.991527
31159: 0.991528
31160: 0.991528
31161: 0.991528
31162: 0.991528
31163: 0.991529
31164: 0.991529
31165: 0.991529
31166: 0.99153
31167: 0.99153
31168: 0.99153
31169: 0.99153
31170: 0.991531
31171: 0.991531
31172: 0.991531
31173: 0.991531
31174: 0.991532
31175: 0.991532
31176: 0.991532
31177: 0.991532
31178: 0.991533
31179: 0.991533
31180: 0.991533
31181: 0.991534
31182: 0.991534
31183: 0.991534
31184: 0.991534
31185: 0.991535
31186: 0.991535
31187: 0.991535
31188: 0.991535
31189: 0.991536
31190: 0.991536
31191: 0.991536
31192: 0.991537
31193: 0.991537
31194: 0.991537
31195: 0.991537
31196: 0.991538
31197: 0.991538
31198: 0.991538
31199: 0.991538
31200: 0.991539
31201: 0.991539
31202: 0.991539
31203: 0.99154
31204: 0.99154
31205: 0.99154
31206: 0.99154
31207: 0.991541
31208: 0.991541
31209: 0.991541
31210: 0.991541
31211: 0.991542
31212: 0.991542
31213: 0.991542
31214: 0.991543
31215: 0.991543
31216: 0.991543
31217: 0.991543
31218: 0.991544
31219: 0.991544
31220: 0.991544
31221: 0.991544
31222: 0.991545
31223: 0.991545
31224: 0.991545
31225: 0.991546
31226: 0.991546
31227: 0.991546
31228: 0.991546
31229: 0.991547
31230: 0.991547
31231: 0.991547
31232: 0.991547
31233: 0.991548
31234: 0.991548
31235: 0.991548
31236: 0.991548
31237: 0.991549
31238: 0.991549
31239: 0.991549
31240: 0.99155
31241: 0.99155
31242: 0.99155
31243: 0.99155
31244: 0.991551
31245: 0.991551
31246: 0.991551
31247: 0.991551
31248: 0.991552
31249: 0.991552
31250: 0.991552
31251: 0.991553
31252: 0.991553
31253: 0.991553
31254: 0.991553
31255: 0.991554
31256: 0.991554
31257: 0.991554
31258: 0.991554
31259: 0.991555
31260: 0.991555
31261: 0.991555
31262: 0.991556
31263: 0.991556
31264: 0.991556
31265: 0.991556
31266: 0.991557
31267: 0.991557
31268: 0.991557
31269: 0.991557
31270: 0.991558
31271: 0.991558
31272: 0.991558
31273: 0.991558
31274: 0.991559
31275: 0.991559
31276: 0.991559
31277: 0.99156
31278: 0.99156
31279: 0.99156
31280: 0.99156
31281: 0.991561
31282: 0.991561
31283: 0.991561
31284: 0.991561
31285: 0.991562
31286: 0.991562
31287: 0.991562
31288: 0.991563
31289: 0.991563
31290: 0.991563
31291: 0.991563
31292: 0.991564
31293: 0.991564
31294: 0.991564
31295: 0.991564
31296: 0.991565
31297: 0.991565
31298: 0.991565
31299: 0.991565
31300: 0.991566
31301: 0.991566
31302: 0.991566
31303: 0.991567
31304: 0.991567
31305: 0.991567
31306: 0.991567
31307: 0.991568
31308: 0.991568
31309: 0.991568
31310: 0.991568
31311: 0.991569
31312: 0.991569
31313: 0.991569
31314: 0.99157
31315: 0.99157
31316: 0.99157
31317: 0.99157
31318: 0.991571
31319: 0.991571
31320: 0.991571
31321: 0.991571
31322: 0.991572
31323: 0.991572
31324: 0.991572
31325: 0.991572
31326: 0.991573
31327: 0.991573
31328: 0.991573
31329: 0.991574
31330: 0.991574
31331: 0.991574
31332: 0.991574
31333: 0.991575
31334: 0.991575
31335: 0.991575
31336: 0.991575
31337: 0.991576
31338: 0.991576
31339: 0.991576
31340: 0.991577
31341: 0.991577
31342: 0.991577
31343: 0.991577
31344: 0.991578
31345: 0.991578
31346: 0.991578
31347: 0.991578
31348: 0.991579
31349: 0.991579
31350: 0.991579
31351: 0.991579
31352: 0.99158
31353: 0.99158
31354: 0.99158
31355: 0.991581
31356: 0.991581
31357: 0.991581
31358: 0.991581
31359: 0.991582
31360: 0.991582
31361: 0.991582
31362: 0.991582
31363: 0.991583
31364: 0.991583
31365: 0.991583
31366: 0.991584
31367: 0.991584
31368: 0.991584
31369: 0.991584
31370: 0.991585
31371: 0.991585
31372: 0.991585
31373: 0.991585
31374: 0.991586
31375: 0.991586
31376: 0.991586
31377: 0.991586
31378: 0.991587
31379: 0.991587
31380: 0.991587
31381: 0.991588
31382: 0.991588
31383: 0.991588
31384: 0.991588
31385: 0.991589
31386: 0.991589
31387: 0.991589
31388: 0.991589
31389: 0.99159
31390: 0.99159
31391: 0.99159
31392: 0.99159
31393: 0.991591
31394: 0.991591
31395: 0.991591
31396: 0.991592
31397: 0.991592
31398: 0.991592
31399: 0.991592
31400: 0.991593
31401: 0.991593
31402: 0.991593
31403: 0.991593
31404: 0.991594
31405: 0.991594
31406: 0.991594
31407: 0.991594
31408: 0.991595
31409: 0.991595
31410: 0.991595
31411: 0.991596
31412: 0.991596
31413: 0.991596
31414: 0.991596
31415: 0.991597
31416: 0.991597
31417: 0.991597
31418: 0.991597
31419: 0.991598
31420: 0.991598
31421: 0.991598
31422: 0.991599
31423: 0.991599
31424: 0.991599
31425: 0.991599
31426: 0.9916
31427: 0.9916
31428: 0.9916
31429: 0.9916
31430: 0.991601
31431: 0.991601
31432: 0.991601
31433: 0.991601
31434: 0.991602
31435: 0.991602
31436: 0.991602
31437: 0.991603
31438: 0.991603
31439: 0.991603
31440: 0.991603
31441: 0.991604
31442: 0.991604
31443: 0.991604
31444: 0.991604
31445: 0.991605
31446: 0.991605
31447: 0.991605
31448: 0.991605
31449: 0.991606
31450: 0.991606
31451: 0.991606
31452: 0.991607
31453: 0.991607
31454: 0.991607
31455: 0.991607
31456: 0.991608
31457: 0.991608
31458: 0.991608
31459: 0.991608
31460: 0.991609
31461: 0.991609
31462: 0.991609
31463: 0.991609
31464: 0.99161
31465: 0.99161
31466: 0.99161
31467: 0.991611
31468: 0.991611
31469: 0.991611
31470: 0.991611
31471: 0.991612
31472: 0.991612
31473: 0.991612
31474: 0.991612
31475: 0.991613
31476: 0.991613
31477: 0.991613
31478: 0.991613
31479: 0.991614
31480: 0.991614
31481: 0.991614
31482: 0.991615
31483: 0.991615
31484: 0.991615
31485: 0.991615
31486: 0.991616
31487: 0.991616
31488: 0.991616
31489: 0.991616
31490: 0.991617
31491: 0.991617
31492: 0.991617
31493: 0.991617
31494: 0.991618
31495: 0.991618
31496: 0.991618
31497: 0.991619
31498: 0.991619
31499: 0.991619
31500: 0.991619
31501: 0.99162
31502: 0.99162
31503: 0.99162
31504: 0.99162
31505: 0.991621
31506: 0.991621
31507: 0.991621
31508: 0.991621
31509: 0.991622
31510: 0.991622
31511: 0.991622
31512: 0.991623
31513: 0.991623
31514: 0.991623
31515: 0.991623
31516: 0.991624
31517: 0.991624
31518: 0.991624
31519: 0.991624
31520: 0.991625
31521: 0.991625
31522: 0.991625
31523: 0.991625
31524: 0.991626
31525: 0.991626
31526: 0.991626
31527: 0.991626
31528: 0.991627
31529: 0.991627
31530: 0.991627
31531: 0.991628
31532: 0.991628
31533: 0.991628
31534: 0.991628
31535: 0.991629
31536: 0.991629
31537: 0.991629
31538: 0.991629
31539: 0.99163
31540: 0.99163
31541: 0.99163
31542: 0.99163
31543: 0.991631
31544: 0.991631
31545: 0.991631
31546: 0.991632
31547: 0.991632
31548: 0.991632
31549: 0.991632
31550: 0.991633
31551: 0.991633
31552: 0.991633
31553: 0.991633
31554: 0.991634
31555: 0.991634
31556: 0.991634
31557: 0.991634
31558: 0.991635
31559: 0.991635
31560: 0.991635
31561: 0.991636
31562: 0.991636
31563: 0.991636
31564: 0.991636
31565: 0.991637
31566: 0.991637
31567: 0.991637
31568: 0.991637
31569: 0.991638
31570: 0.991638
31571: 0.991638
31572: 0.991638
31573: 0.991639
31574: 0.991639
31575: 0.991639
31576: 0.991639
31577: 0.99164
31578: 0.99164
31579: 0.99164
31580: 0.991641
31581: 0.991641
31582: 0.991641
31583: 0.991641
31584: 0.991642
31585: 0.991642
31586: 0.991642
31587: 0.991642
31588: 0.991643
31589: 0.991643
31590: 0.991643
31591: 0.991643
31592: 0.991644
31593: 0.991644
31594: 0.991644
31595: 0.991645
31596: 0.991645
31597: 0.991645
31598: 0.991645
31599: 0.991646
31600: 0.991646
31601: 0.991646
31602: 0.991646
31603: 0.991647
31604: 0.991647
31605: 0.991647
31606: 0.991647
31607: 0.991648
31608: 0.991648
31609: 0.991648
31610: 0.991648
31611: 0.991649
31612: 0.991649
31613: 0.991649
31614: 0.99165
31615: 0.99165
31616: 0.99165
31617: 0.99165
31618: 0.991651
31619: 0.991651
31620: 0.991651
31621: 0.991651
31622: 0.991652
31623: 0.991652
31624: 0.991652
31625: 0.991652
31626: 0.991653
31627: 0.991653
31628: 0.991653
31629: 0.991653
31630: 0.991654
31631: 0.991654
31632: 0.991654
31633: 0.991655
31634: 0.991655
31635: 0.991655
31636: 0.991655
31637: 0.991656
31638: 0.991656
31639: 0.991656
31640: 0.991656
31641: 0.991657
31642: 0.991657
31643: 0.991657
31644: 0.991657
31645: 0.991658
31646: 0.991658
31647: 0.991658
31648: 0.991659
31649: 0.991659
31650: 0.991659
31651: 0.991659
31652: 0.99166
31653: 0.99166
31654: 0.99166
31655: 0.99166
31656: 0.991661
31657: 0.991661
31658: 0.991661
31659: 0.991661
31660: 0.991662
31661: 0.991662
31662: 0.991662
31663: 0.991662
31664: 0.991663
31665: 0.991663
31666: 0.991663
31667: 0.991664
31668: 0.991664
31669: 0.991664
31670: 0.991664
31671: 0.991665
31672: 0.991665
31673: 0.991665
31674: 0.991665
31675: 0.991666
31676: 0.991666
31677: 0.991666
31678: 0.991666
31679: 0.991667
31680: 0.991667
31681: 0.991667
31682: 0.991667
31683: 0.991668
31684: 0.991668
31685: 0.991668
31686: 0.991669
31687: 0.991669
31688: 0.991669
31689: 0.991669
31690: 0.99167
31691: 0.99167
31692: 0.99167
31693: 0.99167
31694: 0.991671
31695: 0.991671
31696: 0.991671
31697: 0.991671
31698: 0.991672
31699: 0.991672
31700: 0.991672
31701: 0.991672
31702: 0.991673
31703: 0.991673
31704: 0.991673
31705: 0.991674
31706: 0.991674
31707: 0.991674
31708: 0.991674
31709: 0.991675
31710: 0.991675
31711: 0.991675
31712: 0.991675
31713: 0.991676
31714: 0.991676
31715: 0.991676
31716: 0.991676
31717: 0.991677
31718: 0.991677
31719: 0.991677
31720: 0.991677
31721: 0.991678
31722: 0.991678
31723: 0.991678
31724: 0.991678
31725: 0.991679
31726: 0.991679
31727: 0.991679
31728: 0.99168
31729: 0.99168
31730: 0.99168
31731: 0.99168
31732: 0.991681
31733: 0.991681
31734: 0.991681
31735: 0.991681
31736: 0.991682
31737: 0.991682
31738: 0.991682
31739: 0.991682
31740: 0.991683
31741: 0.991683
31742: 0.991683
31743: 0.991683
31744: 0.991684
31745: 0.991684
31746: 0.991684
31747: 0.991685
31748: 0.991685
31749: 0.991685
31750: 0.991685
31751: 0.991686
31752: 0.991686
31753: 0.991686
31754: 0.991686
31755: 0.991687
31756: 0.991687
31757: 0.991687
31758: 0.991687
31759: 0.991688
31760: 0.991688
31761: 0.991688
31762: 0.991688
31763: 0.991689
31764: 0.991689
31765: 0.991689
31766: 0.991689
31767: 0.99169
31768: 0.99169
31769: 0.99169
31770: 0.991691
31771: 0.991691
31772: 0.991691
31773: 0.991691
31774: 0.991692
31775: 0.991692
31776: 0.991692
31777: 0.991692
31778: 0.991693
31779: 0.991693
31780: 0.991693
31781: 0.991693
31782: 0.991694
31783: 0.991694
31784: 0.991694
31785: 0.991694
31786: 0.991695
31787: 0.991695
31788: 0.991695
31789: 0.991696
31790: 0.991696
31791: 0.991696
31792: 0.991696
31793: 0.991697
31794: 0.991697
31795: 0.991697
31796: 0.991697
31797: 0.991698
31798: 0.991698
31799: 0.991698
31800: 0.991698
31801: 0.991699
31802: 0.991699
31803: 0.991699
31804: 0.991699
31805: 0.9917
31806: 0.9917
31807: 0.9917
31808: 0.9917
31809: 0.991701
31810: 0.991701
31811: 0.991701
31812: 0.991702
31813: 0.991702
31814: 0.991702
31815: 0.991702
31816: 0.991703
31817: 0.991703
31818: 0.991703
31819: 0.991703
31820: 0.991704
31821: 0.991704
31822: 0.991704
31823: 0.991704
31824: 0.991705
31825: 0.991705
31826: 0.991705
31827: 0.991705
31828: 0.991706
31829: 0.991706
31830: 0.991706
31831: 0.991706
31832: 0.991707
31833: 0.991707
31834: 0.991707
31835: 0.991708
31836: 0.991708
31837: 0.991708
31838: 0.991708
31839: 0.991709
31840: 0.991709
31841: 0.991709
31842: 0.991709
31843: 0.99171
31844: 0.99171
31845: 0.99171
31846: 0.99171
31847: 0.991711
31848: 0.991711
31849: 0.991711
31850: 0.991711
31851: 0.991712
31852: 0.991712
31853: 0.991712
31854: 0.991712
31855: 0.991713
31856: 0.991713
31857: 0.991713
31858: 0.991713
31859: 0.991714
31860: 0.991714
31861: 0.991714
31862: 0.991715
31863: 0.991715
31864: 0.991715
31865: 0.991715
31866: 0.991716
31867: 0.991716
31868: 0.991716
31869: 0.991716
31870: 0.991717
31871: 0.991717
31872: 0.991717
31873: 0.991717
31874: 0.991718
31875: 0.991718
31876: 0.991718
31877: 0.991718
31878: 0.991719
31879: 0.991719
31880: 0.991719
31881: 0.991719
31882: 0.99172
31883: 0.99172
31884: 0.99172
31885: 0.991721
31886: 0.991721
31887: 0.991721
31888: 0.991721
31889: 0.991722
31890: 0.991722
31891: 0.991722
31892: 0.991722
31893: 0.991723
31894: 0.991723
31895: 0.991723
31896: 0.991723
31897: 0.991724
31898: 0.991724
31899: 0.991724
31900: 0.991724
31901: 0.991725
31902: 0.991725
31903: 0.991725
31904: 0.991725
31905: 0.991726
31906: 0.991726
31907: 0.991726
31908: 0.991726
31909: 0.991727
31910: 0.991727
31911: 0.991727
31912: 0.991728
31913: 0.991728
31914: 0.991728
31915: 0.991697
31916: 0.991697
31917: 0.991697
31918: 0.991698
31919: 0.991698
31920: 0.991698
31921: 0.991699
31922: 0.991699
31923: 0.991699
31924: 0.991699
31925: 0.9917
31926: 0.9917
31927: 0.9917
31928: 0.9917
31929: 0.991701
31930: 0.991701
31931: 0.991701
31932: 0.991701
31933: 0.991702
31934: 0.991702
31935: 0.991702
31936: 0.991702
31937: 0.991703
31938: 0.991703
31939: 0.991703
31940: 0.991703
31941: 0.991704
31942: 0.991704
31943: 0.991704
31944: 0.991704
31945: 0.991705
31946: 0.991705
31947: 0.991705
31948: 0.991706
31949: 0.991706
31950: 0.991706
31951: 0.991706
31952: 0.991707
31953: 0.991707
31954: 0.991707
31955: 0.991707
31956: 0.991708
31957: 0.991708
31958: 0.991708
31959: 0.991708
31960: 0.991709
31961: 0.991709
31962: 0.991709
31963: 0.991709
31964: 0.99171
31965: 0.99171
31966: 0.99171
31967: 0.99171
31968: 0.991711
31969: 0.991711
31970: 0.991711
31971: 0.991711
31972: 0.991712
31973: 0.991712
31974: 0.991712
31975: 0.991713
31976: 0.991713
31977: 0.991713
31978: 0.991713
31979: 0.991714
31980: 0.991714
31981: 0.991714
31982: 0.991714
31983: 0.991715
31984: 0.991715
31985: 0.991715
31986: 0.991715
31987: 0.991716
31988: 0.991716
31989: 0.991716
31990: 0.991716
31991: 0.991717
31992: 0.991717
31993: 0.991717
31994: 0.991717
31995: 0.991718
31996: 0.991718
31997: 0.991718
31998: 0.991718
31999: 0.991719
32000: 0.991719
32001: 0.991719
32002: 0.99172
32003: 0.99172
32004: 0.99172
32005: 0.99172
32006: 0.991721
32007: 0.991721
32008: 0.991721
32009: 0.991721
32010: 0.991722
32011: 0.991722
32012: 0.991722
32013: 0.991722
32014: 0.991723
32015: 0.991723
32016: 0.991723
32017: 0.991723
32018: 0.991724
32019: 0.991724
32020: 0.991724
32021: 0.991724
32022: 0.991725
32023: 0.991725
32024: 0.991725
32025: 0.991725
32026: 0.991726
32027: 0.991726
32028: 0.991726
32029: 0.991727
32030: 0.991727
32031: 0.991727
32032: 0.991727
32033: 0.991728
32034: 0.991728
32035: 0.991728
32036: 0.991728
32037: 0.991729
32038: 0.991729
32039: 0.991729
32040: 0.991729
32041: 0.99173
32042: 0.99173
32043: 0.99173
32044: 0.99173
32045: 0.991731
32046: 0.991731
32047: 0.991731
32048: 0.991731
32049: 0.991732
32050: 0.991732
32051: 0.991732
32052: 0.991732
32053: 0.991733
32054: 0.991733
32055: 0.991733
32056: 0.991733
32057: 0.991734
32058: 0.991734
32059: 0.991734
32060: 0.991735
32061: 0.991735
32062: 0.991735
32063: 0.991735
32064: 0.991736
32065: 0.991736
32066: 0.991736
32067: 0.991736
32068: 0.991737
32069: 0.991737
32070: 0.991737
32071: 0.991737
32072: 0.991738
32073: 0.991738
32074: 0.991738
32075: 0.991738
32076: 0.991739
32077: 0.991739
32078: 0.991739
32079: 0.991739
32080: 0.99174
32081: 0.99174
32082: 0.99174
32083: 0.99174
32084: 0.991741
32085: 0.991741
32086: 0.991741
32087: 0.991741
32088: 0.991742
32089: 0.991742
32090: 0.991742
32091: 0.991742
32092: 0.991743
32093: 0.991743
32094: 0.991743
32095: 0.991744
32096: 0.991744
32097: 0.991744
32098: 0.991744
32099: 0.991745
32100: 0.991745
32101: 0.991745
32102: 0.991745
32103: 0.991746
32104: 0.991746
32105: 0.991746
32106: 0.991746
32107: 0.991747
32108: 0.991747
32109: 0.991747
32110: 0.991747
32111: 0.991748
32112: 0.991748
32113: 0.991748
32114: 0.991748
32115: 0.991749
32116: 0.991749
32117: 0.991749
32118: 0.991749
32119: 0.99175
32120: 0.99175
32121: 0.99175
32122: 0.99175
32123: 0.991751
32124: 0.991751
32125: 0.991751
32126: 0.991751
32127: 0.991752
32128: 0.991752
32129: 0.991752
32130: 0.991753
32131: 0.991753
32132: 0.991753
32133: 0.991753
32134: 0.991754
32135: 0.991754
32136: 0.991754
32137: 0.991754
32138: 0.991755
32139: 0.991755
32140: 0.991755
32141: 0.991755
32142: 0.991756
32143: 0.991756
32144: 0.991756
32145: 0.991756
32146: 0.991757
32147: 0.991757
32148: 0.991757
32149: 0.991757
32150: 0.991758
32151: 0.991758
32152: 0.991758
32153: 0.991758
32154: 0.991759
32155: 0.991759
32156: 0.991759
32157: 0.991759
32158: 0.99176
32159: 0.99176
32160: 0.99176
32161: 0.99176
32162: 0.991761
32163: 0.991761
32164: 0.991761
32165: 0.991761
32166: 0.991762
32167: 0.991762
32168: 0.991762
32169: 0.991763
32170: 0.991763
32171: 0.991763
32172: 0.991763
32173: 0.991764
32174: 0.991764
32175: 0.991764
32176: 0.991764
32177: 0.991765
32178: 0.991765
32179: 0.991765
32180: 0.991765
32181: 0.991766
32182: 0.991766
32183: 0.991766
32184: 0.991766
32185: 0.991767
32186: 0.991767
32187: 0.991767
32188: 0.991767
32189: 0.991768
32190: 0.991768
32191: 0.991768
32192: 0.991768
32193: 0.991769
32194: 0.991769
32195: 0.991769
32196: 0.991769
32197: 0.99177
32198: 0.99177
32199: 0.99177
32200: 0.99177
32201: 0.991771
32202: 0.991771
32203: 0.991771
32204: 0.991771
32205: 0.991772
32206: 0.991772
32207: 0.991772
32208: 0.991772
32209: 0.991773
32210: 0.991773
32211: 0.991773
32212: 0.991774
32213: 0.991774
32214: 0.991774
32215: 0.991774
32216: 0.991775
32217: 0.991775
32218: 0.991775
32219: 0.991775
32220: 0.991776
32221: 0.991776
32222: 0.991776
32223: 0.991776
32224: 0.991777
32225: 0.991777
32226: 0.991777
32227: 0.991777
32228: 0.991778
32229: 0.991778
32230: 0.991778
32231: 0.991778
32232: 0.991779
32233: 0.991779
32234: 0.991779
32235: 0.991779
32236: 0.99178
32237: 0.99178
32238: 0.99178
32239: 0.99178
32240: 0.991781
32241: 0.991781
32242: 0.991781
32243: 0.991781
32244: 0.991782
32245: 0.991782
32246: 0.991782
32247: 0.991782
32248: 0.991783
32249: 0.991783
32250: 0.991783
32251: 0.991783
32252: 0.991784
32253: 0.991784
32254: 0.991784
32255: 0.991784
32256: 0.991785
32257: 0.991785
32258: 0.991785
32259: 0.991785
32260: 0.991786
32261: 0.991786
32262: 0.991786
32263: 0.991787
32264: 0.991787
32265: 0.991787
32266: 0.991787
32267: 0.991788
32268: 0.991788
32269: 0.991788
32270: 0.991788
32271: 0.991789
32272: 0.991789
32273: 0.991789
32274: 0.991789
32275: 0.99179
32276: 0.99179
32277: 0.99179
32278: 0.99179
32279: 0.991791
32280: 0.991791
32281: 0.991791
32282: 0.991791
32283: 0.991792
32284: 0.991792
32285: 0.991792
32286: 0.991792
32287: 0.991793
32288: 0.991793
32289: 0.991793
32290: 0.991793
32291: 0.991794
32292: 0.991794
32293: 0.991794
32294: 0.991794
32295: 0.991795
32296: 0.991795
32297: 0.991795
32298: 0.991795
32299: 0.991796
32300: 0.991796
32301: 0.991796
32302: 0.991796
32303: 0.991797
32304: 0.991797
32305: 0.991797
32306: 0.991797
32307: 0.991798
32308: 0.991798
32309: 0.991798
32310: 0.991798
32311: 0.991799
32312: 0.991799
32313: 0.991799
32314: 0.991799
32315: 0.9918
32316: 0.9918
32317: 0.9918
32318: 0.9918
32319: 0.991801
32320: 0.991801
32321: 0.991801
32322: 0.991802
32323: 0.991802
32324: 0.991802
32325: 0.991802
32326: 0.991803
32327: 0.991803
32328: 0.991803
32329: 0.991803
32330: 0.991804
32331: 0.991804
32332: 0.991804
32333: 0.991804
32334: 0.991805
32335: 0.991805
32336: 0.991805
32337: 0.991805
32338: 0.991806
32339: 0.991806
32340: 0.991806
32341: 0.991806
32342: 0.991807
32343: 0.991807
32344: 0.991807
32345: 0.991807
32346: 0.991808
32347: 0.991808
32348: 0.991808
32349: 0.991808
32350: 0.991809
32351: 0.991809
32352: 0.991809
32353: 0.991809
32354: 0.99181
32355: 0.99181
32356: 0.99181
32357: 0.99181
32358: 0.991811
32359: 0.991811
32360: 0.991811
32361: 0.991811
32362: 0.991812
32363: 0.991812
32364: 0.991812
32365: 0.991812
32366: 0.991813
32367: 0.991813
32368: 0.991813
32369: 0.991813
32370: 0.991814
32371: 0.991814
32372: 0.991814
32373: 0.991814
32374: 0.991815
32375: 0.991815
32376: 0.991815
32377: 0.991815
32378: 0.991816
32379: 0.991816
32380: 0.991816
32381: 0.991816
32382: 0.991817
32383: 0.991817
32384: 0.991817
32385: 0.991817
32386: 0.991818
32387: 0.991818
32388: 0.991818
32389: 0.991818
32390: 0.991819
32391: 0.991819
32392: 0.991819
32393: 0.991819
32394: 0.99182
32395: 0.99182
32396: 0.99182
32397: 0.99182
32398: 0.991821
32399: 0.991821
32400: 0.991821
32401: 0.991821
32402: 0.991822
32403: 0.991822
32404: 0.991822
32405: 0.991823
32406: 0.991823
32407: 0.991823
32408: 0.991823
32409: 0.991824
32410: 0.991824
32411: 0.991824
32412: 0.991824
32413: 0.991825
32414: 0.991825
32415: 0.991825
32416: 0.991825
32417: 0.991826
32418: 0.991826
32419: 0.991826
32420: 0.991826
32421: 0.991827
32422: 0.991827
32423: 0.991827
32424: 0.991827
32425: 0.991828
32426: 0.991797
32427: 0.991797
32428: 0.991797
32429: 0.991798
32430: 0.991798
32431: 0.991798
32432: 0.991798
32433: 0.991799
32434: 0.991799
32435: 0.991799
32436: 0.991799
32437: 0.9918
32438: 0.9918
32439: 0.9918
32440: 0.9918
32441: 0.991801
32442: 0.991801
32443: 0.991801
32444: 0.991802
32445: 0.991802
32446: 0.991802
32447: 0.991802
32448: 0.991803
32449: 0.991803
32450: 0.991803
32451: 0.991803
32452: 0.991804
32453: 0.991804
32454: 0.991804
32455: 0.991804
32456: 0.991805
32457: 0.991805
32458: 0.991805
32459: 0.991805
32460: 0.991806
32461: 0.991806
32462: 0.991806
32463: 0.991806
32464: 0.991807
32465: 0.991807
32466: 0.991807
32467: 0.991807
32468: 0.991808
32469: 0.991808
32470: 0.991808
32471: 0.991808
32472: 0.991809
32473: 0.991809
32474: 0.991809
32475: 0.991809
32476: 0.99181
32477: 0.99181
32478: 0.99181
32479: 0.99181
32480: 0.991811
32481: 0.991811
32482: 0.991811
32483: 0.991811
32484: 0.991812
32485: 0.991812
32486: 0.991812
32487: 0.991812
32488: 0.991813
32489: 0.991813
32490: 0.991813
32491: 0.991813
32492: 0.991814
32493: 0.991814
32494: 0.991814
32495: 0.991814
32496: 0.991815
32497: 0.991815
32498: 0.991815
32499: 0.991815
32500: 0.991816
32501: 0.991816
32502: 0.991816
32503: 0.991816
32504: 0.991817
32505: 0.991817
32506: 0.991817
32507: 0.991817
32508: 0.991818
32509: 0.991818
32510: 0.991818
32511: 0.991818
32512: 0.991819
32513: 0.991819
32514: 0.991819
32515: 0.991819
32516: 0.99182
32517: 0.99182
32518: 0.99182
32519: 0.99182
32520: 0.991821
32521: 0.991821
32522: 0.991821
32523: 0.991821
32524: 0.991822
32525: 0.991822
32526: 0.991822
32527: 0.991822
32528: 0.991823
32529: 0.991823
32530: 0.991823
32531: 0.991823
32532: 0.991824
32533: 0.991824
32534: 0.991824
32535: 0.991824
32536: 0.991825
32537: 0.991825
32538: 0.991825
32539: 0.991825
32540: 0.991826
32541: 0.991826
32542: 0.991826
32543: 0.991826
32544: 0.991827
32545: 0.991827
32546: 0.991827
32547: 0.991827
32548: 0.991828
32549: 0.991828
32550: 0.991828
32551: 0.991828
32552: 0.991829
32553: 0.991829
32554: 0.991829
32555: 0.991829
32556: 0.99183
32557: 0.99183
32558: 0.99183
32559: 0.99183
32560: 0.991831
32561: 0.991831
32562: 0.991831
32563: 0.991831
32564: 0.991832
32565: 0.991832
32566: 0.991832
32567: 0.991832
32568: 0.991833
32569: 0.991833
32570: 0.991833
32571: 0.991833
32572: 0.991834
32573: 0.991834
32574: 0.991834
32575: 0.991834
32576: 0.991835
32577: 0.991835
32578: 0.991835
32579: 0.991835
32580: 0.991836
32581: 0.991836
32582: 0.991836
32583: 0.991836
32584: 0.991837
32585: 0.991837
32586: 0.991837
32587: 0.991837
32588: 0.991838
32589: 0.991838
32590: 0.991838
32591: 0.991838
32592: 0.991839
32593: 0.991839
32594: 0.991839
32595: 0.991839
32596: 0.99184
32597: 0.99184
32598: 0.99184
32599: 0.99184
32600: 0.991841
32601: 0.991841
32602: 0.991841
32603: 0.991841
32604: 0.991842
32605: 0.991842
32606: 0.991842
32607: 0.991842
32608: 0.991843
32609: 0.991843
32610: 0.991843
32611: 0.991843
32612: 0.991844
32613: 0.991844
32614: 0.991844
32615: 0.991844
32616: 0.991845
32617: 0.991845
32618: 0.991845
32619: 0.991845
32620: 0.991846
32621: 0.991846
32622: 0.991846
32623: 0.991846
32624: 0.991847
32625: 0.991847
32626: 0.991847
32627: 0.991847
32628: 0.991848
32629: 0.991848
32630: 0.991848
32631: 0.991848
32632: 0.991849
32633: 0.991849
32634: 0.991849
32635: 0.991849
32636: 0.99185
32637: 0.99185
32638: 0.99185
32639: 0.99185
32640: 0.991851
32641: 0.991851
32642: 0.991851
32643: 0.991851
32644: 0.991852
32645: 0.991852
32646: 0.991852
32647: 0.991852
32648: 0.991853
32649: 0.991853
32650: 0.991853
32651: 0.991853
32652: 0.991854
32653: 0.991854
32654: 0.991854
32655: 0.991854
32656: 0.991855
32657: 0.991855
32658: 0.991855
32659: 0.991855
32660: 0.991856
32661: 0.991856
32662: 0.991856
32663: 0.991856
32664: 0.991857
32665: 0.991857
32666: 0.991857
32667: 0.991857
32668: 0.991858
32669: 0.991858
32670: 0.991858
32671: 0.991858
32672: 0.991859
32673: 0.991859
32674: 0.991859
32675: 0.991859
32676: 0.99186
32677: 0.99186
32678: 0.99186
32679: 0.99186
32680: 0.991861
32681: 0.991861
32682: 0.991861
32683: 0.991861
32684: 0.991862
32685: 0.991862
32686: 0.991862
32687: 0.991862
32688: 0.991863
32689: 0.991863
32690: 0.991863
32691: 0.991863
32692: 0.991864
32693: 0.991864
32694: 0.991864
32695: 0.991864
32696: 0.991865
32697: 0.991865
32698: 0.991865
32699: 0.991865
32700: 0.991866
32701: 0.991866
32702: 0.991866
32703: 0.991866
32704: 0.991867
32705: 0.991867
32706: 0.991867
32707: 0.991867
32708: 0.991868
32709: 0.991868
32710: 0.991868
32711: 0.991868
32712: 0.991869
32713: 0.991869
32714: 0.991869
32715: 0.991869
32716: 0.99187
32717: 0.99187
32718: 0.99187
32719: 0.99187
32720: 0.991871
32721: 0.991871
32722: 0.991871
32723: 0.991871
32724: 0.991872
32725: 0.991872
32726: 0.991872
32727: 0.991872
32728: 0.991873
32729: 0.991873
32730: 0.991873
32731: 0.991873
32732: 0.991874
32733: 0.991874
32734: 0.991844
32735: 0.991844
32736: 0.991844
32737: 0.991844
32738: 0.991845
32739: 0.991845
32740: 0.991845
32741: 0.991845
32742: 0.991846
32743: 0.991846
32744: 0.991846
32745: 0.991846
32746: 0.991847
32747: 0.991847
32748: 0.991847
32749: 0.991847
32750: 0.991848
32751: 0.991848
32752: 0.991848
32753: 0.991848
32754: 0.991849
32755: 0.991849
32756: 0.991849
32757: 0.991849
32758: 0.99185
32759: 0.99185
32760: 0.99185
32761: 0.99185
32762: 0.991851
32763: 0.991851
32764: 0.991851
32765: 0.991851
32766: 0.991852
32767: 0.991852
32768: 0.991852
32769: 0.991852
32770: 0.991853
32771: 0.991853
32772: 0.991853
32773: 0.991853
32774: 0.991854
32775: 0.991854
32776: 0.991854
32777: 0.991854
32778: 0.991855
32779: 0.991855
32780: 0.991855
32781: 0.991855
32782: 0.991856
32783: 0.991856
32784: 0.991856
32785: 0.991856
32786: 0.991857
32787: 0.991857
32788: 0.991857
32789: 0.991857
32790: 0.991858
32791: 0.991858
32792: 0.991858
32793: 0.991858
32794: 0.991859
32795: 0.991859
32796: 0.991859
32797: 0.991859
32798: 0.99186
32799: 0.99186
32800: 0.99186
32801: 0.99186
32802: 0.991861
32803: 0.991861
32804: 0.991861
32805: 0.991861
32806: 0.991861
32807: 0.991862
32808: 0.991862
32809: 0.991862
32810: 0.991862
32811: 0.991863
32812: 0.991863
32813: 0.991863
32814: 0.991863
32815: 0.991864
32816: 0.991864
32817: 0.991864
32818: 0.991864
32819: 0.991865
32820: 0.991865
32821: 0.991865
32822: 0.991865
32823: 0.991866
32824: 0.991866
32825: 0.991866
32826: 0.991866
32827: 0.991867
32828: 0.991867
32829: 0.991867
32830: 0.991867
32831: 0.991868
32832: 0.991868
32833: 0.991868
32834: 0.991868
32835: 0.991869
32836: 0.991869
32837: 0.991869
32838: 0.991869
32839: 0.99187
32840: 0.99187
32841: 0.99187
32842: 0.99187
32843: 0.991871
32844: 0.991871
32845: 0.991871
32846: 0.991871
32847: 0.991872
32848: 0.991872
32849: 0.991872
32850: 0.991872
32851: 0.991873
32852: 0.991873
32853: 0.991873
32854: 0.991873
32855: 0.991874
32856: 0.991874
32857: 0.991874
32858: 0.991874
32859: 0.991875
32860: 0.991875
32861: 0.991875
32862: 0.991875
32863: 0.991876
32864: 0.991876
32865: 0.991876
32866: 0.991876
32867: 0.991877
32868: 0.991877
32869: 0.991877
32870: 0.991877
32871: 0.991878
32872: 0.991878
32873: 0.991878
32874: 0.991878
32875: 0.991879
32876: 0.991879
32877: 0.991879
32878: 0.991879
32879: 0.99188
32880: 0.99188
32881: 0.99188
32882: 0.99188
32883: 0.991881
32884: 0.991881
32885: 0.991881
32886: 0.991881
32887: 0.991882
32888: 0.991882
32889: 0.991882
32890: 0.991882
32891: 0.991883
32892: 0.991883
32893: 0.991883
32894: 0.991883
32895: 0.991884
32896: 0.991884
32897: 0.991884
32898: 0.991884
32899: 0.991884
32900: 0.991885
32901: 0.991885
32902: 0.991885
32903: 0.991885
32904: 0.991886
32905: 0.991886
32906: 0.991886
32907: 0.991886
32908: 0.991887
32909: 0.991887
32910: 0.991887
32911: 0.991887
32912: 0.991888
32913: 0.991888
32914: 0.991888
32915: 0.991888
32916: 0.991889
32917: 0.991889
32918: 0.991889
32919: 0.991889
32920: 0.99189
32921: 0.99189
32922: 0.99189
32923: 0.99189
32924: 0.991891
32925: 0.991891
32926: 0.991891
32927: 0.991891
32928: 0.991892
32929: 0.991892
32930: 0.991892
32931: 0.991892
32932: 0.991893
32933: 0.991893
32934: 0.991893
32935: 0.991893
32936: 0.991894
32937: 0.991894
32938: 0.991894
32939: 0.991894
32940: 0.991895
32941: 0.991895
32942: 0.991895
32943: 0.991895
32944: 0.991896
32945: 0.991896
32946: 0.991896
32947: 0.991896
32948: 0.991897
32949: 0.991897
32950: 0.991897
32951: 0.991897
32952: 0.991898
32953: 0.991898
32954: 0.991898
32955: 0.991898
32956: 0.991899
32957: 0.991899
32958: 0.991899
32959: 0.991899
32960: 0.9919
32961: 0.9919
32962: 0.9919
32963: 0.9919
32964: 0.991901
32965: 0.991901
32966: 0.991901
32967: 0.991901
32968: 0.991901
32969: 0.991902
32970: 0.991902
32971: 0.991902
32972: 0.991902
32973: 0.991903
32974: 0.991903
32975: 0.991903
32976: 0.991903
32977: 0.991904
32978: 0.991904
32979: 0.991904
32980: 0.991904
32981: 0.991905
32982: 0.991905
32983: 0.991905
32984: 0.991905
32985: 0.991906
32986: 0.991906
32987: 0.991906
32988: 0.991906
32989: 0.991907
32990: 0.991907
32991: 0.991907
32992: 0.991907
32993: 0.991908
32994: 0.991908
32995: 0.991908
32996: 0.991908
32997: 0.991909
32998: 0.991909
32999: 0.991909
33000: 0.991909
33001: 0.99191
33002: 0.99191
33003: 0.99191
33004: 0.99191
33005: 0.991911
33006: 0.991911
33007: 0.991911
33008: 0.991911
33009: 0.991912
33010: 0.991912
33011: 0.991912
33012: 0.991912
33013: 0.991913
33014: 0.991913
33015: 0.991913
33016: 0.991913
33017: 0.991914
33018: 0.991914
33019: 0.991914
33020: 0.991914
33021: 0.991914
33022: 0.991915
33023: 0.991915
33024: 0.991915
33025: 0.991915
33026: 0.991916
33027: 0.991916
33028: 0.991916
33029: 0.991916
33030: 0.991917
33031: 0.991917
33032: 0.991917
33033: 0.991917
33034: 0.991918
33035: 0.991918
33036: 0.991918
33037: 0.991918
33038: 0.991919
33039: 0.991919
33040: 0.991919
33041: 0.991919
33042: 0.99192
33043: 0.99192
33044: 0.99192
33045: 0.99192
33046: 0.991921
33047: 0.991921
33048: 0.991921
33049: 0.991921
33050: 0.991922
33051: 0.991922
33052: 0.991922
33053: 0.991922
33054: 0.991923
33055: 0.991923
33056: 0.991923
33057: 0.991923
33058: 0.991924
33059: 0.991924
33060: 0.991924
33061: 0.991894
33062: 0.991894
33063: 0.991895
33064: 0.991895
33065: 0.991895
33066: 0.991895
33067: 0.991895
33068: 0.991896
33069: 0.991896
33070: 0.991896
33071: 0.991896
33072: 0.991897
33073: 0.991897
33074: 0.991897
33075: 0.991897
33076: 0.991898
33077: 0.991898
33078: 0.991898
33079: 0.991898
33080: 0.991899
33081: 0.991899
33082: 0.991899
33083: 0.991899
33084: 0.9919
33085: 0.9919
33086: 0.9919
33087: 0.9919
33088: 0.991901
33089: 0.991901
33090: 0.991901
33091: 0.991901
33092: 0.991902
33093: 0.991902
33094: 0.991902
33095: 0.991902
33096: 0.991903
33097: 0.991903
33098: 0.991903
33099: 0.991903
33100: 0.991904
33101: 0.991904
33102: 0.991904
33103: 0.991904
33104: 0.991905
33105: 0.991905
33106: 0.991905
33107: 0.991905
33108: 0.991906
33109: 0.991906
33110: 0.991906
33111: 0.991906
33112: 0.991907
33113: 0.991907
33114: 0.991907
33115: 0.991907
33116: 0.991907
33117: 0.991908
33118: 0.991908
33119: 0.991908
33120: 0.991908
33121: 0.991909
33122: 0.991909
33123: 0.991909
33124: 0.991909
33125: 0.99191
33126: 0.99191
33127: 0.99191
33128: 0.99191
33129: 0.991911
33130: 0.991911
33131: 0.991911
33132: 0.991911
33133: 0.991912
33134: 0.991912
33135: 0.991912
33136: 0.991912
33137: 0.991913
33138: 0.991913
33139: 0.991913
33140: 0.991913
33141: 0.991914
33142: 0.991914
33143: 0.991914
33144: 0.991914
33145: 0.991915
33146: 0.991915
33147: 0.991915
33148: 0.991915
33149: 0.991916
33150: 0.991916
33151: 0.991916
33152: 0.991916
33153: 0.991917
33154: 0.991917
33155: 0.991917
33156: 0.991917
33157: 0.991917
33158: 0.991918
33159: 0.991918
33160: 0.991918
33161: 0.991918
33162: 0.991919
33163: 0.991919
33164: 0.991919
33165: 0.991919
33166: 0.99192
33167: 0.99192
33168: 0.99192
33169: 0.99192
33170: 0.991921
33171: 0.991921
33172: 0.991921
33173: 0.991921
33174: 0.991922
33175: 0.991922
33176: 0.991922
33177: 0.991922
33178: 0.991923
33179: 0.991923
33180: 0.991923
33181: 0.991923
33182: 0.991924
33183: 0.991924
33184: 0.991924
33185: 0.991924
33186: 0.991925
33187: 0.991925
33188: 0.991925
33189: 0.991925
33190: 0.991926
33191: 0.991926
33192: 0.991926
33193: 0.991926
33194: 0.991926
33195: 0.991927
33196: 0.991927
33197: 0.991927
33198: 0.991927
33199: 0.991928
33200: 0.991928
33201: 0.991928
33202: 0.991928
33203: 0.991929
33204: 0.991929
33205: 0.991929
33206: 0.991929
33207: 0.99193
33208: 0.99193
33209: 0.99193
33210: 0.99193
33211: 0.991931
33212: 0.991931
33213: 0.991931
33214: 0.991931
33215: 0.991932
33216: 0.991932
33217: 0.991932
33218: 0.991932
33219: 0.991933
33220: 0.991933
33221: 0.991933
33222: 0.991933
33223: 0.991934
33224: 0.991934
33225: 0.991934
33226: 0.991934
33227: 0.991935
33228: 0.991935
33229: 0.991935
33230: 0.991935
33231: 0.991935
33232: 0.991936
33233: 0.991936
33234: 0.991936
33235: 0.991936
33236: 0.991937
33237: 0.991937
33238: 0.991937
33239: 0.991937
33240: 0.991938
33241: 0.991938
33242: 0.991938
33243: 0.991938
33244: 0.991939
33245: 0.991939
33246: 0.991939
33247: 0.991939
33248: 0.99194
33249: 0.99194
33250: 0.99194
33251: 0.99194
33252: 0.991941
33253: 0.991941
33254: 0.991941
33255: 0.991941
33256: 0.991942
33257: 0.991942
33258: 0.991942
33259: 0.991942
33260: 0.991943
33261: 0.991943
33262: 0.991943
33263: 0.991943
33264: 0.991943
33265: 0.991944
33266: 0.991944
33267: 0.991944
33268: 0.991944
33269: 0.991945
33270: 0.991945
33271: 0.991945
33272: 0.991945
33273: 0.991946
33274: 0.991946
33275: 0.991946
33276: 0.991946
33277: 0.991947
33278: 0.991947
33279: 0.991947
33280: 0.991947
33281: 0.991948
33282: 0.991948
33283: 0.991948
33284: 0.991948
33285: 0.991949
33286: 0.991949
33287: 0.991919
33288: 0.991919
33289: 0.991919
33290: 0.99192
33291: 0.99192
33292: 0.99192
33293: 0.99192
33294: 0.991921
33295: 0.991921
33296: 0.991921
33297: 0.991921
33298: 0.991922
33299: 0.991922
33300: 0.991922
33301: 0.991922
33302: 0.991923
33303: 0.991923
33304: 0.991923
33305: 0.991923
33306: 0.991924
33307: 0.991924
33308: 0.991924
33309: 0.991924
33310: 0.991925
33311: 0.991925
33312: 0.991925
33313: 0.991925
33314: 0.991926
33315: 0.991926
33316: 0.991926
33317: 0.991926
33318: 0.991927
33319: 0.991927
33320: 0.991927
33321: 0.991927
33322: 0.991927
33323: 0.991928
33324: 0.991928
33325: 0.991928
33326: 0.991928
33327: 0.991929
33328: 0.991929
33329: 0.991929
33330: 0.991899
33331: 0.99187
33332: 0.99187
33333: 0.99187
33334: 0.99187
33335: 0.991871
33336: 0.991871
33337: 0.991871
33338: 0.991871
33339: 0.991872
33340: 0.991872
33341: 0.991872
33342: 0.991872
33343: 0.991873
33344: 0.991873
33345: 0.991873
33346: 0.991873
33347: 0.991874
33348: 0.991874
33349: 0.991874
33350: 0.991874
33351: 0.991875
33352: 0.991875
33353: 0.991875
33354: 0.991875
33355: 0.991876
33356: 0.991876
33357: 0.991876
33358: 0.991876
33359: 0.991876
33360: 0.991877
33361: 0.991877
33362: 0.991877
33363: 0.991877
33364: 0.991878
33365: 0.991878
33366: 0.991878
33367: 0.991878
33368: 0.991879
33369: 0.991879
33370: 0.991879
33371: 0.991879
33372: 0.99188
33373: 0.99188
33374: 0.99188
33375: 0.99188
33376: 0.991881
33377: 0.991881
33378: 0.991881
33379: 0.991881
33380: 0.991882
33381: 0.991882
33382: 0.991882
33383: 0.991882
33384: 0.991883
33385: 0.991883
33386: 0.991883
33387: 0.991883
33388: 0.991884
33389: 0.991884
33390: 0.991884
33391: 0.991884
33392: 0.991885
33393: 0.991885
33394: 0.991885
33395: 0.991885
33396: 0.991885
33397: 0.991886
33398: 0.991886
33399: 0.991886
33400: 0.991886
33401: 0.991887
33402: 0.991887
33403: 0.991887
33404: 0.991887
33405: 0.991888
33406: 0.991888
33407: 0.991888
33408: 0.991888
33409: 0.991889
33410: 0.991889
33411: 0.991889
33412: 0.991889
33413: 0.99189
33414: 0.99189
33415: 0.99189
33416: 0.99189
33417: 0.991891
33418: 0.991891
33419: 0.991891
33420: 0.991891
33421: 0.991892
33422: 0.991892
33423: 0.991892
33424: 0.991892
33425: 0.991893
33426: 0.991893
33427: 0.991893
33428: 0.991893
33429: 0.991894
33430: 0.991894
33431: 0.991894
33432: 0.991894
33433: 0.991894
33434: 0.991895
33435: 0.991895
33436: 0.991895
33437: 0.991895
33438: 0.991896
33439: 0.991896
33440: 0.991896
33441: 0.991896
33442: 0.991897
33443: 0.991897
33444: 0.991897
33445: 0.991897
33446: 0.991898
33447: 0.991898
33448: 0.991898
33449: 0.991898
33450: 0.991899
33451: 0.991899
33452: 0.991899
33453: 0.991899
33454: 0.9919
33455: 0.9919
33456: 0.9919
33457: 0.9919
33458: 0.991901
33459: 0.991901
33460: 0.991901
33461: 0.991901
33462: 0.991902
33463: 0.991902
33464: 0.991902
33465: 0.991902
33466: 0.991902
33467: 0.991903
33468: 0.991903
33469: 0.991903
33470: 0.991903
33471: 0.991904
33472: 0.991904
33473: 0.991904
33474: 0.991904
33475: 0.991905
33476: 0.991905
33477: 0.991905
33478: 0.991905
33479: 0.991906
33480: 0.991906
33481: 0.991906
33482: 0.991906
33483: 0.991907
33484: 0.991907
33485: 0.991907
33486: 0.991907
33487: 0.991908
33488: 0.991908
33489: 0.991908
33490: 0.991908
33491: 0.991909
33492: 0.991909
33493: 0.991909
33494: 0.991909
33495: 0.991909
33496: 0.99191
33497: 0.99191
33498: 0.99191
33499: 0.99191
33500: 0.991911
33501: 0.991911
33502: 0.991911
33503: 0.991911
33504: 0.991912
33505: 0.991912
33506: 0.991912
33507: 0.991912
33508: 0.991913
33509: 0.991913
33510: 0.991913
33511: 0.991913
33512: 0.991914
33513: 0.991914
33514: 0.991914
33515: 0.991914
33516: 0.991915
33517: 0.991915
33518: 0.991915
33519: 0.991915
33520: 0.991916
33521: 0.991916
33522: 0.991916
33523: 0.991916
33524: 0.991916
33525: 0.991917
33526: 0.991917
33527: 0.991917
33528: 0.991917
33529: 0.991918
33530: 0.991918
33531: 0.991918
33532: 0.991918
33533: 0.991919
33534: 0.991919
33535: 0.991919
33536: 0.991919
33537: 0.99192
33538: 0.99192
33539: 0.99192
33540: 0.99192
33541: 0.991921
33542: 0.991921
33543: 0.991921
33544: 0.991921
33545: 0.991922
33546: 0.991922
33547: 0.991922
33548: 0.991922
33549: 0.991923
33550: 0.991923
33551: 0.991923
33552: 0.991923
33553: 0.991923
33554: 0.991924
33555: 0.991924
33556: 0.991924
33557: 0.991924
33558: 0.991925
33559: 0.991925
33560: 0.991925
33561: 0.991925
33562: 0.991926
33563: 0.991926
33564: 0.991926
33565: 0.991926
33566: 0.991927
33567: 0.991927
33568: 0.991927
33569: 0.991927
33570: 0.991928
33571: 0.991928
33572: 0.991928
33573: 0.991928
33574: 0.991929
33575: 0.991929
33576: 0.991929
33577: 0.991929
33578: 0.991929
33579: 0.99193
33580: 0.99193
33581: 0.99193
33582: 0.991901
33583: 0.991901
33584: 0.991901
33585: 0.991901
33586: 0.991902
33587: 0.991902
33588: 0.991902
33589: 0.991902
33590: 0.991903
33591: 0.991903
33592: 0.991903
33593: 0.991903
33594: 0.991904
33595: 0.991904
33596: 0.991904
33597: 0.991904
33598: 0.991905
33599: 0.991905
33600: 0.991905
33601: 0.991905
33602: 0.991905
33603: 0.991906
33604: 0.991906
33605: 0.991906
33606: 0.991906
33607: 0.991907
33608: 0.991907
33609: 0.991907
33610: 0.991907
33611: 0.991908
33612: 0.991908
33613: 0.991908
33614: 0.991908
33615: 0.991909
33616: 0.991909
33617: 0.991909
33618: 0.991909
33619: 0.99191
33620: 0.99191
33621: 0.99191
33622: 0.99191
33623: 0.991911
33624: 0.991911
33625: 0.991911
33626: 0.991911
33627: 0.991912
33628: 0.991912
33629: 0.991912
33630: 0.991912
33631: 0.991912
33632: 0.991913
33633: 0.991913
33634: 0.991913
33635: 0.991913
33636: 0.991914
33637: 0.991914
33638: 0.991914
33639: 0.991914
33640: 0.991915
33641: 0.991915
33642: 0.991915
33643: 0.991915
33644: 0.991916
33645: 0.991916
33646: 0.991916
33647: 0.991916
33648: 0.991917
33649: 0.991917
33650: 0.991917
33651: 0.991917
33652: 0.991918
33653: 0.991918
33654: 0.991918
33655: 0.991918
33656: 0.991918
33657: 0.991919
33658: 0.991919
33659: 0.991919
33660: 0.991919
33661: 0.99192
33662: 0.99192
33663: 0.99192
33664: 0.99192
33665: 0.991891
33666: 0.991891
33667: 0.991891
33668: 0.991892
33669: 0.991892
33670: 0.991892
33671: 0.991892
33672: 0.991893
33673: 0.991893
33674: 0.991893
33675: 0.991893
33676: 0.991894
33677: 0.991894
33678: 0.991894
33679: 0.991894
33680: 0.991895
33681: 0.991895
33682: 0.991895
33683: 0.991895
33684: 0.991896
33685: 0.991896
33686: 0.991896
33687: 0.991896
33688: 0.991896
33689: 0.991897
33690: 0.991897
33691: 0.991897
33692: 0.991897
33693: 0.991898
33694: 0.991898
33695: 0.991898
33696: 0.991898
33697: 0.991899
33698: 0.991899
33699: 0.991899
33700: 0.991899
33701: 0.9919
33702: 0.9919
33703: 0.9919
33704: 0.9919
33705: 0.991901
33706: 0.991901
33707: 0.991901
33708: 0.991901
33709: 0.991902
33710: 0.991902
33711: 0.991902
33712: 0.991902
33713: 0.991902
33714: 0.991903
33715: 0.991903
33716: 0.991903
33717: 0.991903
33718: 0.991904
33719: 0.991904
33720: 0.991904
33721: 0.991904
33722: 0.991905
33723: 0.991905
33724: 0.991905
33725: 0.991905
33726: 0.991906
33727: 0.991906
33728: 0.991906
33729: 0.991906
33730: 0.991907
33731: 0.991907
33732: 0.991907
33733: 0.991907
33734: 0.991908
33735: 0.991908
33736: 0.991908
33737: 0.991908
33738: 0.991908
33739: 0.991909
33740: 0.991909
33741: 0.991909
33742: 0.991909
33743: 0.99191
33744: 0.99191
33745: 0.99191
33746: 0.99191
33747: 0.991911
33748: 0.991911
33749: 0.991911
33750: 0.991911
33751: 0.991912
33752: 0.991912
33753: 0.991912
33754: 0.991912
33755: 0.991913
33756: 0.991913
33757: 0.991913
33758: 0.991913
33759: 0.991914
33760: 0.991914
33761: 0.991914
33762: 0.991914
33763: 0.991914
33764: 0.991915
33765: 0.991915
33766: 0.991915
33767: 0.991915
33768: 0.991916
33769: 0.991916
33770: 0.991916
33771: 0.991916
33772: 0.991917
33773: 0.991917
33774: 0.991917
33775: 0.991917
33776: 0.991918
33777: 0.991918
33778: 0.991918
33779: 0.991918
33780: 0.991919
33781: 0.991919
33782: 0.991919
33783: 0.991919
33784: 0.991919
33785: 0.99192
33786: 0.99192
33787: 0.99192
33788: 0.99192
33789: 0.991921
33790: 0.991921
33791: 0.991921
33792: 0.991921
33793: 0.991922
33794: 0.991922
33795: 0.991922
33796: 0.991922
33797: 0.991923
33798: 0.991923
33799: 0.991923
33800: 0.991923
33801: 0.991924
33802: 0.991924
33803: 0.991924
33804: 0.991924
33805: 0.991925
33806: 0.991925
33807: 0.991925
33808: 0.991925
33809: 0.991925
33810: 0.991926
33811: 0.991926
33812: 0.991926
33813: 0.991926
33814: 0.991927
33815: 0.991927
33816: 0.991927
33817: 0.991927
33818: 0.991928
33819: 0.991928
33820: 0.991928
33821: 0.991928
33822: 0.991929
33823: 0.991929
33824: 0.991929
33825: 0.991929
33826: 0.99193
33827: 0.99193
33828: 0.99193
33829: 0.99193
33830: 0.99193
33831: 0.991931
33832: 0.991931
33833: 0.991931
33834: 0.991931
33835: 0.991932
33836: 0.991932
33837: 0.991932
33838: 0.991932
33839: 0.991933
33840: 0.991933
33841: 0.991933
33842: 0.991933
33843: 0.991934
33844: 0.991934
33845: 0.991934
33846: 0.991934
33847: 0.991935
33848: 0.991935
33849: 0.991935
33850: 0.991935
33851: 0.991935
33852: 0.991936
33853: 0.991936
33854: 0.991936
33855: 0.991936
33856: 0.991937
33857: 0.991937
33858: 0.991937
33859: 0.991937
33860: 0.991938
33861: 0.991938
33862: 0.991938
33863: 0.991938
33864: 0.991939
33865: 0.991939
33866: 0.991939
33867: 0.991939
33868: 0.99194
33869: 0.99194
33870: 0.99194
33871: 0.99194
33872: 0.99194
33873: 0.991941
33874: 0.991941
33875: 0.991941
33876: 0.991941
33877: 0.991942
33878: 0.991942
33879: 0.991942
33880: 0.991942
33881: 0.991943
33882: 0.991943
33883: 0.991943
33884: 0.991943
33885: 0.991944
33886: 0.991944
33887: 0.991944
33888: 0.991944
33889: 0.991945
33890: 0.991945
33891: 0.991945
33892: 0.991945
33893: 0.991945
33894: 0.991946
33895: 0.991946
33896: 0.991946
33897: 0.991946
33898: 0.991947
33899: 0.991947
33900: 0.991947
33901: 0.991947
33902: 0.991948
33903: 0.991948
33904: 0.991948
33905: 0.991948
33906: 0.991949
33907: 0.991949
33908: 0.991949
33909: 0.991949
33910: 0.99195
33911: 0.99195
33912: 0.99195
33913: 0.99195
33914: 0.99195
33915: 0.991951
33916: 0.991951
33917: 0.991951
33918: 0.991951
33919: 0.991952
33920: 0.991952
33921: 0.991952
33922: 0.991952
33923: 0.991953
33924: 0.991953
33925: 0.991953
33926: 0.991953
33927: 0.991954
33928: 0.991954
33929: 0.991954
33930: 0.991954
33931: 0.991954
33932: 0.991955
33933: 0.991955
33934: 0.991955
33935: 0.991955
33936: 0.991956
33937: 0.991956
33938: 0.991956
33939: 0.991956
33940: 0.991957
33941: 0.991957
33942: 0.991957
33943: 0.991957
33944: 0.991958
33945: 0.991958
33946: 0.991958
33947: 0.991958
33948: 0.991959
33949: 0.991959
33950: 0.991959
33951: 0.991959
33952: 0.991959
33953: 0.99196
33954: 0.99196
33955: 0.99196
33956: 0.99196
33957: 0.991961
33958: 0.991961
33959: 0.991961
33960: 0.991961
33961: 0.991962
33962: 0.991962
33963: 0.991962
33964: 0.991962
33965: 0.991963
33966: 0.991963
33967: 0.991963
33968: 0.991963
33969: 0.991963
33970: 0.991964
33971: 0.991964
33972: 0.991964
33973: 0.991964
33974: 0.991965
33975: 0.991965
33976: 0.991965
33977: 0.991965
33978: 0.991966
33979: 0.991966
33980: 0.991966
33981: 0.991966
33982: 0.991967
33983: 0.991967
33984: 0.991967
33985: 0.991967
33986: 0.991968
33987: 0.991968
33988: 0.991968
33989: 0.991968
33990: 0.991968
33991: 0.991969
33992: 0.991969
33993: 0.991969
33994: 0.991969
33995: 0.99197
33996: 0.99197
33997: 0.99197
33998: 0.99197
33999: 0.991971
34000: 0.991971
34001: 0.991971
34002: 0.991971
34003: 0.991972
34004: 0.991972
34005: 0.991972
34006: 0.991972
34007: 0.991972
34008: 0.991973
34009: 0.991973
34010: 0.991973
34011: 0.991973
34012: 0.991974
34013: 0.991974
34014: 0.991974
34015: 0.991974
34016: 0.991975
34017: 0.991975
34018: 0.991975
34019: 0.991975
34020: 0.991976
34021: 0.991976
34022: 0.991976
34023: 0.991976
34024: 0.991976
34025: 0.991977
34026: 0.991977
34027: 0.991977
34028: 0.991977
34029: 0.991978
34030: 0.991978
34031: 0.991978
34032: 0.991978
34033: 0.991979
34034: 0.991979
34035: 0.991979
34036: 0.991979
34037: 0.99198
34038: 0.99198
34039: 0.99198
34040: 0.99198
34041: 0.99198
34042: 0.991981
34043: 0.991981
34044: 0.991981
34045: 0.991981
34046: 0.991982
34047: 0.991982
34048: 0.991982
34049: 0.991982
34050: 0.991983
34051: 0.991983
34052: 0.991983
34053: 0.991983
34054: 0.991984
34055: 0.991984
34056: 0.991984
34057: 0.991984
34058: 0.991984
34059: 0.991985
34060: 0.991985
34061: 0.991985
34062: 0.991985
34063: 0.991986
34064: 0.991986
34065: 0.991986
34066: 0.991986
34067: 0.991987
34068: 0.991987
34069: 0.991987
34070: 0.991987
34071: 0.991988
34072: 0.991988
34073: 0.991988
34074: 0.991988
34075: 0.991988
34076: 0.991989
34077: 0.991989
34078: 0.991989
34079: 0.991989
34080: 0.99199
34081: 0.99199
34082: 0.99199
34083: 0.99199
34084: 0.991991
34085: 0.991991
34086: 0.991991
34087: 0.991991
34088: 0.991992
34089: 0.991992
34090: 0.991992
34091: 0.991992
34092: 0.991992
34093: 0.991993
34094: 0.991993
34095: 0.991993
34096: 0.991993
34097: 0.991994
34098: 0.991994
34099: 0.991994
34100: 0.991994
34101: 0.991995
34102: 0.991995
34103: 0.991995
34104: 0.991995
34105: 0.991996
34106: 0.991996
34107: 0.991996
34108: 0.991996
34109: 0.991996
34110: 0.991997
34111: 0.991997
34112: 0.991997
34113: 0.991997
34114: 0.991998
34115: 0.991998
34116: 0.991998
34117: 0.991998
34118: 0.991999
34119: 0.991999
34120: 0.991999
34121: 0.991999
34122: 0.992
34123: 0.992
34124: 0.992
34125: 0.992
34126: 0.992
34127: 0.992001
34128: 0.992001
34129: 0.992001
34130: 0.992001
34131: 0.992002
34132: 0.992002
34133: 0.992002
34134: 0.992002
34135: 0.992003
34136: 0.992003
34137: 0.992003
34138: 0.992003
34139: 0.992004
34140: 0.992004
34141: 0.992004
34142: 0.992004
34143: 0.992004
34144: 0.992005
34145: 0.992005
34146: 0.992005
34147: 0.992005
34148: 0.992006
34149: 0.992006
34150: 0.992006
34151: 0.992006
34152: 0.992007
34153: 0.992007
34154: 0.992007
34155: 0.992007
34156: 0.992007
34157: 0.992008
34158: 0.992008
34159: 0.992008
34160: 0.992008
34161: 0.992009
34162: 0.992009
34163: 0.992009
34164: 0.992009
34165: 0.99201
34166: 0.99201
34167: 0.99201
34168: 0.99201
34169: 0.992011
34170: 0.992011
34171: 0.992011
34172: 0.992011
34173: 0.992011
34174: 0.992012
34175: 0.992012
34176: 0.992012
34177: 0.992012
34178: 0.992013
34179: 0.992013
34180: 0.992013
34181: 0.992013
34182: 0.992014
34183: 0.992014
34184: 0.992014
34185: 0.992014
34186: 0.992015
34187: 0.992015
34188: 0.992015
34189: 0.992015
34190: 0.992015
34191: 0.992016
34192: 0.992016
34193: 0.992016
34194: 0.992016
34195: 0.992017
34196: 0.992017
34197: 0.992017
34198: 0.992017
34199: 0.992018
34200: 0.992018
34201: 0.992018
34202: 0.992018
34203: 0.992018
34204: 0.992019
34205: 0.992019
34206: 0.992019
34207: 0.992019
34208: 0.99202
34209: 0.99202
34210: 0.99202
34211: 0.99202
34212: 0.992021
34213: 0.992021
34214: 0.992021
34215: 0.992021
34216: 0.992022
34217: 0.992022
34218: 0.992022
34219: 0.992022
34220: 0.992022
34221: 0.992023
34222: 0.992023
34223: 0.992023
34224: 0.992023
34225: 0.992024
34226: 0.991995
34227: 0.991966
34228: 0.991966
34229: 0.991966
34230: 0.991966
34231: 0.991967
34232: 0.991967
34233: 0.991967
34234: 0.991967
34235: 0.991968
34236: 0.991968
34237: 0.991968
34238: 0.991968
34239: 0.991968
34240: 0.991969
34241: 0.991969
34242: 0.991969
34243: 0.991969
34244: 0.99197
34245: 0.99197
34246: 0.99197
34247: 0.99197
34248: 0.991971
34249: 0.991971
34250: 0.991971
34251: 0.991971
34252: 0.991972
34253: 0.991972
34254: 0.991972
34255: 0.991972
34256: 0.991972
34257: 0.991973
34258: 0.991973
34259: 0.991973
34260: 0.991973
34261: 0.991974
34262: 0.991974
34263: 0.991974
34264: 0.991974
34265: 0.991975
34266: 0.991975
34267: 0.991975
34268: 0.991975
34269: 0.991975
34270: 0.991976
34271: 0.991976
34272: 0.991976
34273: 0.991976
34274: 0.991977
34275: 0.991977
34276: 0.991977
34277: 0.991977
34278: 0.991978
34279: 0.991978
34280: 0.991978
34281: 0.991978
34282: 0.991979
34283: 0.991979
34284: 0.991979
34285: 0.991979
34286: 0.991979
34287: 0.99198
34288: 0.99198
34289: 0.99198
34290: 0.99198
34291: 0.991981
34292: 0.991981
34293: 0.991981
34294: 0.991981
34295: 0.991982
34296: 0.991982
34297: 0.991982
34298: 0.991982
34299: 0.991983
34300: 0.991983
34301: 0.991983
34302: 0.991983
34303: 0.991983
34304: 0.991984
34305: 0.991984
34306: 0.991984
34307: 0.991984
34308: 0.991985
34309: 0.991985
34310: 0.991985
34311: 0.991985
34312: 0.991986
34313: 0.991986
34314: 0.991986
34315: 0.991986
34316: 0.991986
34317: 0.991987
34318: 0.991987
34319: 0.991987
34320: 0.991987
34321: 0.991988
34322: 0.991988
34323: 0.991988
34324: 0.991988
34325: 0.991989
34326: 0.991989
34327: 0.991989
34328: 0.991989
34329: 0.99199
34330: 0.99199
34331: 0.99199
34332: 0.99199
34333: 0.99199
34334: 0.991991
34335: 0.991991
34336: 0.991991
34337: 0.991991
34338: 0.991992
34339: 0.991992
34340: 0.991992
34341: 0.991992
34342: 0.991993
34343: 0.991993
34344: 0.991993
34345: 0.991993
34346: 0.991993
34347: 0.991994
34348: 0.991994
34349: 0.991994
34350: 0.991994
34351: 0.991995
34352: 0.991995
34353: 0.991995
34354: 0.991995
34355: 0.991996
34356: 0.991996
34357: 0.991996
34358: 0.991996
34359: 0.991997
34360: 0.991997
34361: 0.991997
34362: 0.991997
34363: 0.991997
34364: 0.991998
34365: 0.991998
34366: 0.991998
34367: 0.991969
34368: 0.99194
34369: 0.991941
34370: 0.991941
34371: 0.991941
34372: 0.991941
34373: 0.991942
34374: 0.991942
34375: 0.991942
34376: 0.991942
34377: 0.991943
34378: 0.991943
34379: 0.991943
34380: 0.991943
34381: 0.991943
34382: 0.991944
34383: 0.991944
34384: 0.991944
34385: 0.991944
34386: 0.991945
34387: 0.991945
34388: 0.991945
34389: 0.991945
34390: 0.991946
34391: 0.991946
34392: 0.991946
34393: 0.991946
34394: 0.991947
34395: 0.991947
34396: 0.991947
34397: 0.991947
34398: 0.991947
34399: 0.991948
34400: 0.991948
34401: 0.991948
34402: 0.991948
34403: 0.991949
34404: 0.991949
34405: 0.991949
34406: 0.991949
34407: 0.99195
34408: 0.99195
34409: 0.99195
34410: 0.99195
34411: 0.99195
34412: 0.991951
34413: 0.991951
34414: 0.991951
34415: 0.991951
34416: 0.991952
34417: 0.991952
34418: 0.991952
34419: 0.991952
34420: 0.991953
34421: 0.991953
34422: 0.991953
34423: 0.991953
34424: 0.991954
34425: 0.991954
34426: 0.991954
34427: 0.991954
34428: 0.991954
34429: 0.991955
34430: 0.991955
34431: 0.991955
34432: 0.991955
34433: 0.991956
34434: 0.991956
34435: 0.991956
34436: 0.991956
34437: 0.991957
34438: 0.991957
34439: 0.991957
34440: 0.991957
34441: 0.991957
34442: 0.991958
34443: 0.991958
34444: 0.991958
34445: 0.991958
34446: 0.991959
34447: 0.991959
34448: 0.991959
34449: 0.991959
34450: 0.99196
34451: 0.99196
34452: 0.99196
34453: 0.99196
34454: 0.991961
34455: 0.991961
34456: 0.991961
34457: 0.991961
34458: 0.991961
34459: 0.991962
34460: 0.991962
34461: 0.991962
34462: 0.991962
34463: 0.991963
34464: 0.991963
34465: 0.991963
34466: 0.991963
34467: 0.991964
34468: 0.991964
34469: 0.991964
34470: 0.991964
34471: 0.991964
34472: 0.991965
34473: 0.991965
34474: 0.991965
34475: 0.991965
34476: 0.991966
34477: 0.991966
34478: 0.991966
34479: 0.991966
34480: 0.991967
34481: 0.991967
34482: 0.991967
34483: 0.991967
34484: 0.991968
34485: 0.991968
34486: 0.991968
34487: 0.991968
34488: 0.991968
34489: 0.991969
34490: 0.991969
34491: 0.991969
34492: 0.991969
34493: 0.99197
34494: 0.99197
34495: 0.99197
34496: 0.99197
34497: 0.991971
34498: 0.991971
34499: 0.991971
34500: 0.991971
34501: 0.991971
34502: 0.991972
34503: 0.991972
34504: 0.991972
34505: 0.991972
34506: 0.991973
34507: 0.991973
34508: 0.991973
34509: 0.991973
34510: 0.991974
34511: 0.991974
34512: 0.991974
34513: 0.991974
34514: 0.991975
34515: 0.991975
34516: 0.991975
34517: 0.991975
34518: 0.991975
34519: 0.991976
34520: 0.991976
34521: 0.991976
34522: 0.991976
34523: 0.991977
34524: 0.991977
34525: 0.991977
34526: 0.991977
34527: 0.991978
34528: 0.991978
34529: 0.991978
34530: 0.991978
34531: 0.991978
34532: 0.991979
34533: 0.991979
34534: 0.991979
34535: 0.991979
34536: 0.99198
34537: 0.991951
34538: 0.991922
34539: 0.991922
34540: 0.991923
34541: 0.991923
34542: 0.991923
34543: 0.991923
34544: 0.991924
34545: 0.991924
34546: 0.991924
34547: 0.991924
34548: 0.991925
34549: 0.991925
34550: 0.991925
34551: 0.991925
34552: 0.991925
34553: 0.991926
34554: 0.991926
34555: 0.991926
34556: 0.991926
34557: 0.991927
34558: 0.991927
34559: 0.991927
34560: 0.991927
34561: 0.991928
34562: 0.991928
34563: 0.991928
34564: 0.991928
34565: 0.991928
34566: 0.991929
34567: 0.991929
34568: 0.991929
34569: 0.991929
34570: 0.99193
34571: 0.99193
34572: 0.99193
34573: 0.99193
34574: 0.991931
34575: 0.991931
34576: 0.991931
34577: 0.991931
34578: 0.991932
34579: 0.991932
34580: 0.991932
34581: 0.991932
34582: 0.991932
34583: 0.991933
34584: 0.991933
34585: 0.991933
34586: 0.991933
34587: 0.991934
34588: 0.991934
34589: 0.991934
34590: 0.991934
34591: 0.991935
34592: 0.991935
34593: 0.991935
34594: 0.991935
34595: 0.991935
34596: 0.991936
34597: 0.991936
34598: 0.991936
34599: 0.991936
34600: 0.991937
34601: 0.991937
34602: 0.991937
34603: 0.991937
34604: 0.991938
34605: 0.991938
34606: 0.991938
34607: 0.991938
34608: 0.991939
34609: 0.991939
34610: 0.991939
34611: 0.991939
34612: 0.991939
34613: 0.99194
34614: 0.99194
34615: 0.99194
34616: 0.99194
34617: 0.991941
34618: 0.991941
34619: 0.991941
34620: 0.991941
34621: 0.991942
34622: 0.991942
34623: 0.991942
34624: 0.991942
34625: 0.991942
34626: 0.991943
34627: 0.991943
34628: 0.991943
34629: 0.991943
34630: 0.991944
34631: 0.991944
34632: 0.991944
34633: 0.991944
34634: 0.991945
34635: 0.991945
34636: 0.991945
34637: 0.991945
34638: 0.991945
34639: 0.991946
34640: 0.991946
34641: 0.991946
34642: 0.991946
34643: 0.991947
34644: 0.991947
34645: 0.991947
34646: 0.991947
34647: 0.991948
34648: 0.991948
34649: 0.991948
34650: 0.991948
34651: 0.991949
34652: 0.991949
34653: 0.991949
34654: 0.991949
34655: 0.991949
34656: 0.99195
34657: 0.99195
34658: 0.99195
34659: 0.99195
34660: 0.991951
34661: 0.991951
34662: 0.991951
34663: 0.991951
34664: 0.991952
34665: 0.991952
34666: 0.991952
34667: 0.991952
34668: 0.991952
34669: 0.991953
34670: 0.991953
34671: 0.991953
34672: 0.991953
34673: 0.991954
34674: 0.991954
34675: 0.991954
34676: 0.991954
34677: 0.991955
34678: 0.991955
34679: 0.991955
34680: 0.991955
34681: 0.991955
34682: 0.991956
34683: 0.991956
34684: 0.991956
34685: 0.991956
34686: 0.991957
34687: 0.991957
34688: 0.991957
34689: 0.991957
34690: 0.991958
34691: 0.991958
34692: 0.991958
34693: 0.991958
34694: 0.991958
34695: 0.991959
34696: 0.991959
34697: 0.991959
34698: 0.991959
34699: 0.99196
34700: 0.99196
34701: 0.99196
34702: 0.99196
34703: 0.991961
34704: 0.991961
34705: 0.991961
34706: 0.991961
34707: 0.991962
34708: 0.991962
34709: 0.991962
34710: 0.991962
34711: 0.991962
34712: 0.991963
34713: 0.991963
34714: 0.991963
34715: 0.991963
34716: 0.991964
34717: 0.991964
34718: 0.991964
34719: 0.991964
34720: 0.991965
34721: 0.991965
34722: 0.991965
34723: 0.991965
34724: 0.991965
34725: 0.991966
34726: 0.991966
34727: 0.991966
34728: 0.991966
34729: 0.991967
34730: 0.991967
34731: 0.991967
34732: 0.991967
34733: 0.991968
34734: 0.991968
34735: 0.991968
34736: 0.991968
34737: 0.991968
34738: 0.991969
34739: 0.991969
34740: 0.991969
34741: 0.991969
34742: 0.99197
34743: 0.99197
34744: 0.99197
34745: 0.99197
34746: 0.991971
34747: 0.991971
34748: 0.991971
34749: 0.991971
34750: 0.991971
34751: 0.991972
34752: 0.991972
34753: 0.991972
34754: 0.991972
34755: 0.991973
34756: 0.991973
34757: 0.991973
34758: 0.991973
34759: 0.991974
34760: 0.991974
34761: 0.991974
34762: 0.991974
34763: 0.991974
34764: 0.991975
34765: 0.991975
34766: 0.991975
34767: 0.991975
34768: 0.991976
34769: 0.991976
34770: 0.991976
34771: 0.991976
34772: 0.991977
34773: 0.991977
34774: 0.991977
34775: 0.991977
34776: 0.991977
34777: 0.991978
34778: 0.991978
34779: 0.991978
34780: 0.991978
34781: 0.991979
34782: 0.991979
34783: 0.991979
34784: 0.991979
34785: 0.99198
34786: 0.99198
34787: 0.99198
34788: 0.99198
34789: 0.99198
34790: 0.991981
34791: 0.991981
34792: 0.991981
34793: 0.991981
34794: 0.991982
34795: 0.991982
34796: 0.991982
34797: 0.991982
34798: 0.991983
34799: 0.991983
34800: 0.991983
34801: 0.991983
34802: 0.991983
34803: 0.991984
34804: 0.991984
34805: 0.991984
34806: 0.991984
34807: 0.991985
34808: 0.991985
34809: 0.991985
34810: 0.991985
34811: 0.991986
34812: 0.991986
34813: 0.991986
34814: 0.991986
34815: 0.991986
34816: 0.991987
34817: 0.991987
34818: 0.991987
34819: 0.991987
34820: 0.991988
34821: 0.991988
34822: 0.991988
34823: 0.991988
34824: 0.991989
34825: 0.991989
34826: 0.991989
34827: 0.991989
34828: 0.991989
34829: 0.99199
34830: 0.99199
34831: 0.99199
34832: 0.99199
34833: 0.991991
34834: 0.991991
34835: 0.991991
34836: 0.991991
34837: 0.991992
34838: 0.991992
34839: 0.991992
34840: 0.991992
34841: 0.991992
34842: 0.991993
34843: 0.991993
34844: 0.991993
34845: 0.991993
34846: 0.991994
34847: 0.991994
34848: 0.991994
34849: 0.991994
34850: 0.991994
34851: 0.991995
34852: 0.991995
34853: 0.991995
34854: 0.991995
34855: 0.991996
34856: 0.991996
34857: 0.991996
34858: 0.991996
34859: 0.991997
34860: 0.991997
34861: 0.991997
34862: 0.991997
34863: 0.991997
34864: 0.991998
34865: 0.991998
34866: 0.991998
34867: 0.991998
34868: 0.991999
34869: 0.991999
34870: 0.991999
34871: 0.991999
34872: 0.992
34873: 0.992
34874: 0.992
34875: 0.992
34876: 0.992
34877: 0.992001
34878: 0.992001
34879: 0.992001
34880: 0.992001
34881: 0.992002
34882: 0.992002
34883: 0.992002
34884: 0.992002
34885: 0.992003
34886: 0.992003
34887: 0.992003
34888: 0.992003
34889: 0.992003
34890: 0.992004
34891: 0.992004
34892: 0.992004
34893: 0.992004
34894: 0.992005
34895: 0.992005
34896: 0.992005
34897: 0.992005
34898: 0.992006
34899: 0.992006
34900: 0.992006
34901: 0.992006
34902: 0.992006
34903: 0.992007
34904: 0.992007
34905: 0.992007
34906: 0.992007
34907: 0.992008
34908: 0.992008
34909: 0.992008
34910: 0.992008
34911: 0.992008
34912: 0.992009
34913: 0.992009
34914: 0.992009
34915: 0.992009
34916: 0.99201
34917: 0.99201
34918: 0.99201
34919: 0.99201
34920: 0.992011
34921: 0.992011
34922: 0.992011
34923: 0.992011
34924: 0.992011
34925: 0.992012
34926: 0.992012
34927: 0.992012
34928: 0.992012
34929: 0.992013
34930: 0.992013
34931: 0.992013
34932: 0.992013
34933: 0.992014
34934: 0.992014
34935: 0.992014
34936: 0.992014
34937: 0.992014
34938: 0.992015
34939: 0.992015
34940: 0.992015
34941: 0.992015
34942: 0.992016
34943: 0.992016
34944: 0.992016
34945: 0.992016
34946: 0.992016
34947: 0.992017
34948: 0.992017
34949: 0.992017
34950: 0.992017
34951: 0.992018
34952: 0.992018
34953: 0.992018
34954: 0.992018
34955: 0.992019
34956: 0.992019
34957: 0.992019
34958: 0.992019
34959: 0.992019
34960: 0.99202
34961: 0.99202
34962: 0.99202
34963: 0.99202
34964: 0.992021
34965: 0.992021
34966: 0.992021
34967: 0.992021
34968: 0.992022
34969: 0.992022
34970: 0.992022
34971: 0.992022
34972: 0.992022
34973: 0.992023
34974: 0.992023
34975: 0.992023
34976: 0.992023
34977: 0.992024
34978: 0.992024
34979: 0.992024
34980: 0.992024
34981: 0.992024
34982: 0.992025
34983: 0.992025
34984: 0.992025
34985: 0.992025
34986: 0.992026
34987: 0.992026
34988: 0.992026
34989: 0.992026
34990: 0.992027
34991: 0.992027
34992: 0.992027
34993: 0.992027
34994: 0.992027
34995: 0.992028
34996: 0.992028
34997: 0.992028
34998: 0.992028
34999: 0.992029
35000: 0.992029
35001: 0.992029
35002: 0.992029
35003: 0.992029
35004: 0.99203
35005: 0.99203
35006: 0.99203
35007: 0.99203
35008: 0.992031
35009: 0.992031
35010: 0.992031
35011: 0.992031
35012: 0.992032
35013: 0.992032
35014: 0.992032
35015: 0.992032
35016: 0.992032
35017: 0.992033
35018: 0.992033
35019: 0.992033
35020: 0.992033
35021: 0.992034
35022: 0.992034
35023: 0.992034
35024: 0.992034
35025: 0.992034
35026: 0.992035
35027: 0.992035
35028: 0.992035
35029: 0.992035
35030: 0.992036
35031: 0.992036
35032: 0.992036
35033: 0.992036
35034: 0.992037
35035: 0.992037
35036: 0.992037
35037: 0.992037
35038: 0.992037
35039: 0.992038
35040: 0.992038
35041: 0.992038
35042: 0.992038
35043: 0.992039
35044: 0.992039
35045: 0.992039
35046: 0.992039
35047: 0.992039
35048: 0.99204
35049: 0.99204
35050: 0.99204
35051: 0.99204
35052: 0.992041
35053: 0.992041
35054: 0.992041
35055: 0.992041
35056: 0.992042
35057: 0.992042
35058: 0.992042
35059: 0.992042
35060: 0.992042
35061: 0.992043
35062: 0.992043
35063: 0.992043
35064: 0.992043
35065: 0.992044
35066: 0.992044
35067: 0.992044
35068: 0.992044
35069: 0.992044
35070: 0.992045
35071: 0.992045
35072: 0.992045
35073: 0.992045
35074: 0.992046
35075: 0.992046
35076: 0.992046
35077: 0.992046
35078: 0.992047
35079: 0.992047
35080: 0.992047
35081: 0.992047
35082: 0.992047
35083: 0.992048
35084: 0.992048
35085: 0.992048
35086: 0.992048
35087: 0.992049
35088: 0.992049
35089: 0.992049
35090: 0.992049
35091: 0.992049
35092: 0.99205
35093: 0.99205
35094: 0.99205
35095: 0.99205
35096: 0.992051
35097: 0.992051
35098: 0.992051
35099: 0.992051
35100: 0.992052
35101: 0.992052
35102: 0.992052
35103: 0.992052
35104: 0.992052
35105: 0.992053
35106: 0.992053
35107: 0.992053
35108: 0.992053
35109: 0.992054
35110: 0.992054
35111: 0.992054
35112: 0.992054
35113: 0.992054
35114: 0.992055
35115: 0.992055
35116: 0.992055
35117: 0.992055
35118: 0.992056
35119: 0.992056
35120: 0.992056
35121: 0.992056
35122: 0.992056
35123: 0.992057
35124: 0.992057
35125: 0.992057
35126: 0.992057
35127: 0.992058
35128: 0.992058
35129: 0.992058
35130: 0.992058
35131: 0.992059
35132: 0.992059
35133: 0.992059
35134: 0.992059
35135: 0.992059
35136: 0.99206
35137: 0.99206
35138: 0.99206
35139: 0.99206
35140: 0.992061
35141: 0.992061
35142: 0.992061
35143: 0.992061
35144: 0.992061
35145: 0.992062
35146: 0.992062
35147: 0.992062
35148: 0.992062
35149: 0.992063
35150: 0.992063
35151: 0.992063
35152: 0.992063
35153: 0.992063
35154: 0.992064
35155: 0.992064
35156: 0.992064
35157: 0.992064
35158: 0.992065
35159: 0.992065
35160: 0.992065
35161: 0.992065
35162: 0.992066
35163: 0.992066
35164: 0.992066
35165: 0.992066
35166: 0.992066
35167: 0.992067
35168: 0.992067
35169: 0.992067
35170: 0.992067
35171: 0.992068
35172: 0.992068
35173: 0.992068
35174: 0.992068
35175: 0.992068
35176: 0.992069
35177: 0.992069
35178: 0.992069
35179: 0.992069
35180: 0.99207
35181: 0.99207
35182: 0.99207
35183: 0.99207
35184: 0.99207
35185: 0.992071
35186: 0.992071
35187: 0.992071
35188: 0.992071
35189: 0.992072
35190: 0.992072
35191: 0.992072
35192: 0.992072
35193: 0.992073
35194: 0.992073
35195: 0.992073
35196: 0.992073
35197: 0.992073
35198: 0.992074
35199: 0.992074
35200: 0.992074
35201: 0.992074
35202: 0.992075
35203: 0.992075
35204: 0.992075
35205: 0.992075
35206: 0.992075
35207: 0.992076
35208: 0.992076
35209: 0.992076
35210: 0.992076
35211: 0.992077
35212: 0.992077
35213: 0.992077
35214: 0.992077
35215: 0.992077
35216: 0.992078
35217: 0.992078
35218: 0.992078
35219: 0.992078
35220: 0.992079
35221: 0.992079
35222: 0.992079
35223: 0.992079
35224: 0.992079
35225: 0.99208
35226: 0.99208
35227: 0.99208
35228: 0.99208
35229: 0.992081
35230: 0.992081
35231: 0.992081
35232: 0.992081
35233: 0.992082
35234: 0.992082
35235: 0.992082
35236: 0.992082
35237: 0.992082
35238: 0.992083
35239: 0.992083
35240: 0.992083
35241: 0.992083
35242: 0.992084
35243: 0.992084
35244: 0.992084
35245: 0.992084
35246: 0.992084
35247: 0.992085
35248: 0.992085
35249: 0.992085
35250: 0.992085
35251: 0.992086
35252: 0.992086
35253: 0.992086
35254: 0.992086
35255: 0.992086
35256: 0.992087
35257: 0.992087
35258: 0.992087
35259: 0.992087
35260: 0.992088
35261: 0.992088
35262: 0.992088
35263: 0.992088
35264: 0.992088
35265: 0.992089
35266: 0.992089
35267: 0.992089
35268: 0.992089
35269: 0.99209
35270: 0.99209
35271: 0.99209
35272: 0.99209
35273: 0.99209
35274: 0.992091
35275: 0.992091
35276: 0.992091
35277: 0.992091
35278: 0.992092
35279: 0.992092
35280: 0.992092
35281: 0.992092
35282: 0.992093
35283: 0.992093
35284: 0.992093
35285: 0.992093
35286: 0.992093
35287: 0.992094
35288: 0.992094
35289: 0.992094
35290: 0.992094
35291: 0.992095
35292: 0.992095
35293: 0.992095
35294: 0.992095
35295: 0.992095
35296: 0.992096
35297: 0.992096
35298: 0.992096
35299: 0.992096
35300: 0.992097
35301: 0.992097
35302: 0.992097
35303: 0.992097
35304: 0.992097
35305: 0.992098
35306: 0.992098
35307: 0.992098
35308: 0.992098
35309: 0.992099
35310: 0.992099
35311: 0.992099
35312: 0.992099
35313: 0.992099
35314: 0.9921
35315: 0.9921
35316: 0.9921
35317: 0.9921
35318: 0.992101
35319: 0.992101
35320: 0.992101
35321: 0.992101
35322: 0.992101
35323: 0.992102
35324: 0.992102
35325: 0.992102
35326: 0.992102
35327: 0.992103
35328: 0.992103
35329: 0.992103
35330: 0.992103
35331: 0.992103
35332: 0.992104
35333: 0.992104
35334: 0.992104
35335: 0.992104
35336: 0.992105
35337: 0.992105
35338: 0.992105
35339: 0.992105
35340: 0.992105
35341: 0.992106
35342: 0.992106
35343: 0.992106
35344: 0.992106
35345: 0.992107
35346: 0.992107
35347: 0.992107
35348: 0.992107
35349: 0.992107
35350: 0.992108
35351: 0.992108
35352: 0.992108
35353: 0.992108
35354: 0.992109
35355: 0.992109
35356: 0.992109
35357: 0.992109
35358: 0.99211
35359: 0.99211
35360: 0.99211
35361: 0.99211
35362: 0.99211
35363: 0.992111
35364: 0.992111
35365: 0.992111
35366: 0.992111
35367: 0.992112
35368: 0.992112
35369: 0.992112
35370: 0.992112
35371: 0.992112
35372: 0.992113
35373: 0.992113
35374: 0.992113
35375: 0.992113
35376: 0.992114
35377: 0.992114
35378: 0.992114
35379: 0.992114
35380: 0.992114
35381: 0.992115
35382: 0.992115
35383: 0.992115
35384: 0.992115
35385: 0.992116
35386: 0.992116
35387: 0.992116
35388: 0.992116
35389: 0.992116
35390: 0.992117
35391: 0.992117
35392: 0.992117
35393: 0.992117
35394: 0.992118
35395: 0.992118
35396: 0.992118
35397: 0.992118
35398: 0.992118
35399: 0.992119
35400: 0.992119
35401: 0.992119
35402: 0.992119
35403: 0.99212
35404: 0.99212
35405: 0.99212
35406: 0.99212
35407: 0.99212
35408: 0.992121
35409: 0.992121
35410: 0.992121
35411: 0.992121
35412: 0.992122
35413: 0.992122
35414: 0.992122
35415: 0.992122
35416: 0.992122
35417: 0.992123
35418: 0.992123
35419: 0.992123
35420: 0.992123
35421: 0.992124
35422: 0.992124
35423: 0.992124
35424: 0.992124
35425: 0.992124
35426: 0.992125
35427: 0.992125
35428: 0.992125
35429: 0.992125
35430: 0.992126
35431: 0.992126
35432: 0.992126
35433: 0.992126
35434: 0.992126
35435: 0.992127
35436: 0.992127
35437: 0.992127
35438: 0.992127
35439: 0.992128
35440: 0.992128
35441: 0.992128
35442: 0.992128
35443: 0.992128
35444: 0.992129
35445: 0.992129
35446: 0.992129
35447: 0.992129
35448: 0.99213
35449: 0.99213
35450: 0.99213
35451: 0.99213
35452: 0.99213
35453: 0.992131
35454: 0.992131
35455: 0.992131
35456: 0.992131
35457: 0.992132
35458: 0.992132
35459: 0.992132
35460: 0.992132
35461: 0.992132
35462: 0.992133
35463: 0.992133
35464: 0.992133
35465: 0.992133
35466: 0.992134
35467: 0.992134
35468: 0.992134
35469: 0.992134
35470: 0.992134
35471: 0.992135
35472: 0.992135
35473: 0.992135
35474: 0.992135
35475: 0.992136
35476: 0.992136
35477: 0.992136
35478: 0.992136
35479: 0.992136
35480: 0.992137
35481: 0.992137
35482: 0.992137
35483: 0.992137
35484: 0.992138
35485: 0.992138
35486: 0.992138
35487: 0.992138
35488: 0.992138
35489: 0.992139
35490: 0.992139
35491: 0.992111
35492: 0.992111
35493: 0.992111
35494: 0.992112
35495: 0.992112
35496: 0.992112
35497: 0.992112
35498: 0.992112
35499: 0.992113
35500: 0.992113
35501: 0.992113
35502: 0.992113
35503: 0.992114
35504: 0.992114
35505: 0.992114
35506: 0.992114
35507: 0.992114
35508: 0.992115
35509: 0.992115
35510: 0.992115
35511: 0.992115
35512: 0.992116
35513: 0.992116
35514: 0.992116
35515: 0.992116
35516: 0.992116
35517: 0.992117
35518: 0.992117
35519: 0.992117
35520: 0.992117
35521: 0.992118
35522: 0.992118
35523: 0.992118
35524: 0.992118
35525: 0.992118
35526: 0.992119
35527: 0.992119
35528: 0.992119
35529: 0.992119
35530: 0.99212
35531: 0.99212
35532: 0.99212
35533: 0.99212
35534: 0.99212
35535: 0.992121
35536: 0.992121
35537: 0.992121
35538: 0.992121
35539: 0.992122
35540: 0.992122
35541: 0.992122
35542: 0.992122
35543: 0.992122
35544: 0.992123
35545: 0.992123
35546: 0.992123
35547: 0.992123
35548: 0.992124
35549: 0.992124
35550: 0.992124
35551: 0.992124
35552: 0.992124
35553: 0.992125
35554: 0.992125
35555: 0.992125
35556: 0.992125
35557: 0.992126
35558: 0.992126
35559: 0.992126
35560: 0.992126
35561: 0.992126
35562: 0.992127
35563: 0.992127
35564: 0.992127
35565: 0.992127
35566: 0.992128
35567: 0.992128
35568: 0.992128
35569: 0.992128
35570: 0.992128
35571: 0.992129
35572: 0.992129
35573: 0.992129
35574: 0.992129
35575: 0.99213
35576: 0.99213
35577: 0.99213
35578: 0.99213
35579: 0.99213
35580: 0.992131
35581: 0.992131
35582: 0.992131
35583: 0.992131
35584: 0.992132
35585: 0.992132
35586: 0.992132
35587: 0.992132
35588: 0.992132
35589: 0.992133
35590: 0.992133
35591: 0.992133
35592: 0.992133
35593: 0.992134
35594: 0.992134
35595: 0.992134
35596: 0.992134
35597: 0.992134
35598: 0.992135
35599: 0.992135
35600: 0.992135
35601: 0.992135
35602: 0.992135
35603: 0.992136
35604: 0.992136
35605: 0.992136
35606: 0.992136
35607: 0.992137
35608: 0.992137
35609: 0.992137
35610: 0.992137
35611: 0.992137
35612: 0.992138
35613: 0.992138
35614: 0.992138
35615: 0.992138
35616: 0.992139
35617: 0.992139
35618: 0.992139
35619: 0.992139
35620: 0.992139
35621: 0.99214
35622: 0.99214
35623: 0.99214
35624: 0.99214
35625: 0.992141
35626: 0.992141
35627: 0.992141
35628: 0.992141
35629: 0.992141
35630: 0.992142
35631: 0.992142
35632: 0.992142
35633: 0.992142
35634: 0.992143
35635: 0.992143
35636: 0.992143
35637: 0.992143
35638: 0.992143
35639: 0.992144
35640: 0.992144
35641: 0.992144
35642: 0.992144
35643: 0.992145
35644: 0.992145
35645: 0.992145
35646: 0.992145
35647: 0.992145
35648: 0.992146
35649: 0.992146
35650: 0.992146
35651: 0.992146
35652: 0.992147
35653: 0.992147
35654: 0.992147
35655: 0.992147
35656: 0.992147
35657: 0.992148
35658: 0.992148
35659: 0.992148
35660: 0.992148
35661: 0.992149
35662: 0.992149
35663: 0.992149
35664: 0.992149
35665: 0.992149
35666: 0.99215
35667: 0.99215
35668: 0.99215
35669: 0.99215
35670: 0.99215
35671: 0.992151
35672: 0.992151
35673: 0.992151
35674: 0.992151
35675: 0.992152
35676: 0.992152
35677: 0.992152
35678: 0.992152
35679: 0.992152
35680: 0.992153
35681: 0.992153
35682: 0.992153
35683: 0.992153
35684: 0.992154
35685: 0.992154
35686: 0.992154
35687: 0.992154
35688: 0.992154
35689: 0.992155
35690: 0.992155
35691: 0.992155
35692: 0.992155
35693: 0.992156
35694: 0.992156
35695: 0.992156
35696: 0.992156
35697: 0.992156
35698: 0.992157
35699: 0.992157
35700: 0.992157
35701: 0.992157
35702: 0.992158
35703: 0.992158
35704: 0.992158
35705: 0.992158
35706: 0.992158
35707: 0.992159
35708: 0.992159
35709: 0.992159
35710: 0.992159
35711: 0.992159
35712: 0.99216
35713: 0.99216
35714: 0.99216
35715: 0.99216
35716: 0.992161
35717: 0.992161
35718: 0.992161
35719: 0.992161
35720: 0.992161
35721: 0.992162
35722: 0.992162
35723: 0.992162
35724: 0.992162
35725: 0.992163
35726: 0.992163
35727: 0.992163
35728: 0.992163
35729: 0.992163
35730: 0.992164
35731: 0.992164
35732: 0.992164
35733: 0.992164
35734: 0.992165
35735: 0.992165
35736: 0.992165
35737: 0.992165
35738: 0.992165
35739: 0.992166
35740: 0.992166
35741: 0.992166
35742: 0.992166
35743: 0.992167
35744: 0.992167
35745: 0.992167
35746: 0.992167
35747: 0.992167
35748: 0.992168
35749: 0.992168
35750: 0.992168
35751: 0.992168
35752: 0.992168
35753: 0.992169
35754: 0.992169
35755: 0.992169
35756: 0.992169
35757: 0.99217
35758: 0.99217
35759: 0.99217
35760: 0.99217
35761: 0.99217
35762: 0.992171
35763: 0.992171
35764: 0.992171
35765: 0.992171
35766: 0.992172
35767: 0.992172
35768: 0.992172
35769: 0.992172
35770: 0.992172
35771: 0.992173
35772: 0.992173
35773: 0.992173
35774: 0.992173
35775: 0.992174
35776: 0.992174
35777: 0.992174
35778: 0.992174
35779: 0.992174
35780: 0.992175
35781: 0.992175
35782: 0.992175
35783: 0.992175
35784: 0.992175
35785: 0.992176
35786: 0.992176
35787: 0.992176
35788: 0.992176
35789: 0.992177
35790: 0.992177
35791: 0.992177
35792: 0.992177
35793: 0.992177
35794: 0.992178
35795: 0.992178
35796: 0.992178
35797: 0.992178
35798: 0.992179
35799: 0.992179
35800: 0.992179
35801: 0.992179
35802: 0.992179
35803: 0.99218
35804: 0.99218
35805: 0.99218
35806: 0.99218
35807: 0.992181
35808: 0.992181
35809: 0.992181
35810: 0.992181
35811: 0.992181
35812: 0.992182
35813: 0.992182
35814: 0.992182
35815: 0.992182
35816: 0.992182
35817: 0.992183
35818: 0.992183
35819: 0.992183
35820: 0.992183
35821: 0.992184
35822: 0.992184
35823: 0.992184
35824: 0.992184
35825: 0.992184
35826: 0.992185
35827: 0.992185
35828: 0.992185
35829: 0.992185
35830: 0.992186
35831: 0.992186
35832: 0.992186
35833: 0.992186
35834: 0.992186
35835: 0.992187
35836: 0.992187
35837: 0.992187
35838: 0.992187
35839: 0.992188
35840: 0.992188
35841: 0.992188
35842: 0.992188
35843: 0.992188
35844: 0.992189
35845: 0.992189
35846: 0.992189
35847: 0.992189
35848: 0.992189
35849: 0.99219
35850: 0.99219
35851: 0.99219
35852: 0.99219
35853: 0.992191
35854: 0.992191
35855: 0.992191
35856: 0.992191
35857: 0.992191
35858: 0.992192
35859: 0.992192
35860: 0.992192
35861: 0.992192
35862: 0.992193
35863: 0.992193
35864: 0.992193
35865: 0.992193
35866: 0.992193
35867: 0.992194
35868: 0.992194
35869: 0.992194
35870: 0.992194
35871: 0.992194
35872: 0.992195
35873: 0.992195
35874: 0.992195
35875: 0.992195
35876: 0.992196
35877: 0.992196
35878: 0.992196
35879: 0.992196
35880: 0.992196
35881: 0.992197
35882: 0.992197
35883: 0.992197
35884: 0.992197
35885: 0.992198
35886: 0.992198
35887: 0.992198
35888: 0.992198
35889: 0.992198
35890: 0.992199
35891: 0.992199
35892: 0.992199
35893: 0.992199
35894: 0.992199
35895: 0.9922
35896: 0.9922
35897: 0.9922
35898: 0.9922
35899: 0.992201
35900: 0.992201
35901: 0.992201
35902: 0.992201
35903: 0.992201
35904: 0.992202
35905: 0.992202
35906: 0.992202
35907: 0.992202
35908: 0.992203
35909: 0.992203
35910: 0.992203
35911: 0.992203
35912: 0.992203
35913: 0.992204
35914: 0.992204
35915: 0.992204
35916: 0.992204
35917: 0.992204
35918: 0.992205
35919: 0.992205
35920: 0.992205
35921: 0.992205
35922: 0.992206
35923: 0.992206
35924: 0.992206
35925: 0.992206
35926: 0.992206
35927: 0.992207
35928: 0.992207
35929: 0.992207
35930: 0.992207
35931: 0.992208
35932: 0.992208
35933: 0.992208
35934: 0.992208
35935: 0.992208
35936: 0.992209
35937: 0.992209
35938: 0.992209
35939: 0.992209
35940: 0.992209
35941: 0.99221
35942: 0.99221
35943: 0.99221
35944: 0.99221
35945: 0.992211
35946: 0.992211
35947: 0.992211
35948: 0.992211
35949: 0.992211
35950: 0.992212
35951: 0.992212
35952: 0.992212
35953: 0.992212
35954: 0.992212
35955: 0.992213
35956: 0.992213
35957: 0.992213
35958: 0.992213
35959: 0.992214
35960: 0.992214
35961: 0.992214
35962: 0.992214
35963: 0.992214
35964: 0.992215
35965: 0.992215
35966: 0.992215
35967: 0.992215
35968: 0.992216
35969: 0.992216
35970: 0.992216
35971: 0.992216
35972: 0.992216
35973: 0.992217
35974: 0.992217
35975: 0.992217
35976: 0.992217
35977: 0.992217
35978: 0.992218
35979: 0.992218
35980: 0.992218
35981: 0.992218
35982: 0.992219
35983: 0.992219
35984: 0.992219
35985: 0.992219
35986: 0.992219
35987: 0.99222
35988: 0.99222
35989: 0.99222
35990: 0.99222
35991: 0.99222
35992: 0.992221
35993: 0.992221
35994: 0.992221
35995: 0.992221
35996: 0.992222
35997: 0.992222
35998: 0.992222
35999: 0.992222
36000: 0.992222
36001: 0.992223
36002: 0.992223
36003: 0.992223
36004: 0.992223
36005: 0.992224
36006: 0.992224
36007: 0.992224
36008: 0.992224
36009: 0.992224
36010: 0.992225
36011: 0.992225
36012: 0.992225
36013: 0.992225
36014: 0.992225
36015: 0.992226
36016: 0.992226
36017: 0.992226
36018: 0.992226
36019: 0.992227
36020: 0.992227
36021: 0.992227
36022: 0.992227
36023: 0.992227
36024: 0.992228
36025: 0.992228
36026: 0.992228
36027: 0.992228
36028: 0.992228
36029: 0.992229
36030: 0.992229
36031: 0.992229
36032: 0.992229
36033: 0.99223
36034: 0.99223
36035: 0.99223
36036: 0.99223
36037: 0.99223
36038: 0.992231
36039: 0.992231
36040: 0.992231
36041: 0.992231
36042: 0.992232
36043: 0.992232
36044: 0.992232
36045: 0.992232
36046: 0.992232
36047: 0.992233
36048: 0.992233
36049: 0.992233
36050: 0.992233
36051: 0.992233
36052: 0.992234
36053: 0.992234
36054: 0.992234
36055: 0.992234
36056: 0.992235
36057: 0.992235
36058: 0.992235
36059: 0.992235
36060: 0.992235
36061: 0.992236
36062: 0.992236
36063: 0.992236
36064: 0.992236
36065: 0.992236
36066: 0.992237
36067: 0.992237
36068: 0.992237
36069: 0.992237
36070: 0.992238
36071: 0.992238
36072: 0.992238
36073: 0.99221
36074: 0.992211
36075: 0.992211
36076: 0.992211
36077: 0.992211
36078: 0.992212
36079: 0.992212
36080: 0.992212
36081: 0.992212
36082: 0.992212
36083: 0.992213
36084: 0.992213
36085: 0.992213
36086: 0.992213
36087: 0.992213
36088: 0.992214
36089: 0.992214
36090: 0.992214
36091: 0.992214
36092: 0.992215
36093: 0.992215
36094: 0.992215
36095: 0.992215
36096: 0.992215
36097: 0.992216
36098: 0.992216
36099: 0.992216
36100: 0.992216
36101: 0.992216
36102: 0.992217
36103: 0.992217
36104: 0.992217
36105: 0.992217
36106: 0.992218
36107: 0.992218
36108: 0.992218
36109: 0.992218
36110: 0.992218
36111: 0.992219
36112: 0.992219
36113: 0.992219
36114: 0.992219
36115: 0.99222
36116: 0.99222
36117: 0.99222
36118: 0.99222
36119: 0.99222
36120: 0.992221
36121: 0.992221
36122: 0.992221
36123: 0.992221
36124: 0.992221
36125: 0.992222
36126: 0.992222
36127: 0.992222
36128: 0.992222
36129: 0.992223
36130: 0.992223
36131: 0.992223
36132: 0.992223
36133: 0.992223
36134: 0.992224
36135: 0.992224
36136: 0.992224
36137: 0.992224
36138: 0.992224
36139: 0.992225
36140: 0.992225
36141: 0.992225
36142: 0.992225
36143: 0.992226
36144: 0.992226
36145: 0.992226
36146: 0.992226
36147: 0.992226
36148: 0.992227
36149: 0.992227
36150: 0.992227
36151: 0.992227
36152: 0.992227
36153: 0.992228
36154: 0.992228
36155: 0.992228
36156: 0.992228
36157: 0.992229
36158: 0.992229
36159: 0.992229
36160: 0.992229
36161: 0.992229
36162: 0.99223
36163: 0.99223
36164: 0.99223
36165: 0.99223
36166: 0.99223
36167: 0.992231
36168: 0.992231
36169: 0.992231
36170: 0.992231
36171: 0.992232
36172: 0.992232
36173: 0.992232
36174: 0.992232
36175: 0.992232
36176: 0.992233
36177: 0.992233
36178: 0.992233
36179: 0.992233
36180: 0.992233
36181: 0.992234
36182: 0.992234
36183: 0.992234
36184: 0.992234
36185: 0.992235
36186: 0.992235
36187: 0.992235
36188: 0.992235
36189: 0.992235
36190: 0.992236
36191: 0.992236
36192: 0.992236
36193: 0.992236
36194: 0.992236
36195: 0.992237
36196: 0.992237
36197: 0.992237
36198: 0.992237
36199: 0.992238
36200: 0.992238
36201: 0.992238
36202: 0.992238
36203: 0.992238
36204: 0.992239
36205: 0.992239
36206: 0.992239
36207: 0.992239
36208: 0.992239
36209: 0.99224
36210: 0.99224
36211: 0.99224
36212: 0.99224
36213: 0.992241
36214: 0.992241
36215: 0.992241
36216: 0.992241
36217: 0.992241
36218: 0.992242
36219: 0.992242
36220: 0.992242
36221: 0.992242
36222: 0.992242
36223: 0.992243
36224: 0.992243
36225: 0.992243
36226: 0.992243
36227: 0.992244
36228: 0.992244
36229: 0.992244
36230: 0.992244
36231: 0.992244
36232: 0.992245
36233: 0.992245
36234: 0.992245
36235: 0.992245
36236: 0.992245
36237: 0.992246
36238: 0.992246
36239: 0.992246
36240: 0.992246
36241: 0.992247
36242: 0.992247
36243: 0.992247
36244: 0.992247
36245: 0.992247
36246: 0.992248
36247: 0.992248
36248: 0.992248
36249: 0.992248
36250: 0.992248
36251: 0.992249
36252: 0.992249
36253: 0.992249
36254: 0.992249
36255: 0.99225
36256: 0.99225
36257: 0.99225
36258: 0.99225
36259: 0.99225
36260: 0.992251
36261: 0.992251
36262: 0.992251
36263: 0.992251
36264: 0.992251
36265: 0.992252
36266: 0.992252
36267: 0.992252
36268: 0.992252
36269: 0.992253
36270: 0.992253
36271: 0.992253
36272: 0.992253
36273: 0.992253
36274: 0.992254
36275: 0.992254
36276: 0.992254
36277: 0.992254
36278: 0.992254
36279: 0.992255
36280: 0.992255
36281: 0.992255
36282: 0.992255
36283: 0.992256
36284: 0.992256
36285: 0.992256
36286: 0.992256
36287: 0.992256
36288: 0.992257
36289: 0.992257
36290: 0.992257
36291: 0.992257
36292: 0.992257
36293: 0.992258
36294: 0.992258
36295: 0.992258
36296: 0.992258
36297: 0.992259
36298: 0.992259
36299: 0.992259
36300: 0.992259
36301: 0.992259
36302: 0.99226
36303: 0.99226
36304: 0.99226
36305: 0.99226
36306: 0.99226
36307: 0.992261
36308: 0.992261
36309: 0.992261
36310: 0.992261
36311: 0.992262
36312: 0.992262
36313: 0.992262
36314: 0.992262
36315: 0.992262
36316: 0.992263
36317: 0.992263
36318: 0.992263
36319: 0.992263
36320: 0.992263
36321: 0.992264
36322: 0.992264
36323: 0.992264
36324: 0.992264
36325: 0.992264
36326: 0.992265
36327: 0.992265
36328: 0.992265
36329: 0.992265
36330: 0.992266
36331: 0.992266
36332: 0.992266
36333: 0.992266
36334: 0.992266
36335: 0.992267
36336: 0.992267
36337: 0.992267
36338: 0.992267
36339: 0.992267
36340: 0.992268
36341: 0.992268
36342: 0.992268
36343: 0.992268
36344: 0.992269
36345: 0.992269
36346: 0.992269
36347: 0.992269
36348: 0.992269
36349: 0.99227
36350: 0.99227
36351: 0.99227
36352: 0.99227
36353: 0.99227
36354: 0.992271
36355: 0.992271
36356: 0.992271
36357: 0.992271
36358: 0.992272
36359: 0.992272
36360: 0.992272
36361: 0.992272
36362: 0.992272
36363: 0.992273
36364: 0.992245
36365: 0.992218
36366: 0.992218
36367: 0.992218
36368: 0.992219
36369: 0.992219
36370: 0.992219
36371: 0.992219
36372: 0.99222
36373: 0.99222
36374: 0.99222
36375: 0.99222
36376: 0.99222
36377: 0.992221
36378: 0.992221
36379: 0.992221
36380: 0.992221
36381: 0.992221
36382: 0.992222
36383: 0.992222
36384: 0.992222
36385: 0.992222
36386: 0.992222
36387: 0.992223
36388: 0.992223
36389: 0.992223
36390: 0.992223
36391: 0.992224
36392: 0.992224
36393: 0.992224
36394: 0.992224
36395: 0.992224
36396: 0.992225
36397: 0.992225
36398: 0.992225
36399: 0.992225
36400: 0.992225
36401: 0.992226
36402: 0.992226
36403: 0.992226
36404: 0.992226
36405: 0.992227
36406: 0.992227
36407: 0.992227
36408: 0.992227
36409: 0.992227
36410: 0.992228
36411: 0.992228
36412: 0.992228
36413: 0.992228
36414: 0.992228
36415: 0.992229
36416: 0.992229
36417: 0.992229
36418: 0.992229
36419: 0.99223
36420: 0.99223
36421: 0.99223
36422: 0.99223
36423: 0.99223
36424: 0.992231
36425: 0.992231
36426: 0.992231
36427: 0.992231
36428: 0.992231
36429: 0.992232
36430: 0.992232
36431: 0.992232
36432: 0.992232
36433: 0.992233
36434: 0.992233
36435: 0.992233
36436: 0.992233
36437: 0.992233
36438: 0.992234
36439: 0.992234
36440: 0.992234
36441: 0.992234
36442: 0.992234
36443: 0.992235
36444: 0.992235
36445: 0.992235
36446: 0.992235
36447: 0.992236
36448: 0.992236
36449: 0.992236
36450: 0.992236
36451: 0.992236
36452: 0.992237
36453: 0.992237
36454: 0.992237
36455: 0.992237
36456: 0.992237
36457: 0.992238
36458: 0.992238
36459: 0.992238
36460: 0.992238
36461: 0.992238
36462: 0.992239
36463: 0.992239
36464: 0.992239
36465: 0.992239
36466: 0.99224
36467: 0.99224
36468: 0.99224
36469: 0.99224
36470: 0.99224
36471: 0.992241
36472: 0.992241
36473: 0.992241
36474: 0.992241
36475: 0.992241
36476: 0.992242
36477: 0.992242
36478: 0.992242
36479: 0.992242
36480: 0.992243
36481: 0.992243
36482: 0.992243
36483: 0.992243
36484: 0.992243
36485: 0.992244
36486: 0.992244
36487: 0.992244
36488: 0.992244
36489: 0.992244
36490: 0.992245
36491: 0.992245
36492: 0.992245
36493: 0.992245
36494: 0.992246
36495: 0.992246
36496: 0.992246
36497: 0.992246
36498: 0.992246
36499: 0.992247
36500: 0.992247
36501: 0.992247
36502: 0.992247
36503: 0.992247
36504: 0.992248
36505: 0.992248
36506: 0.992248
36507: 0.992248
36508: 0.992248
36509: 0.992249
36510: 0.992249
36511: 0.992249
36512: 0.992249
36513: 0.99225
36514: 0.99225
36515: 0.99225
36516: 0.99225
36517: 0.99225
36518: 0.992251
36519: 0.992251
36520: 0.992251
36521: 0.992251
36522: 0.992251
36523: 0.992252
36524: 0.992252
36525: 0.992252
36526: 0.992252
36527: 0.992253
36528: 0.992253
36529: 0.992253
36530: 0.992253
36531: 0.992253
36532: 0.992254
36533: 0.992254
36534: 0.992254
36535: 0.992254
36536: 0.992254
36537: 0.992255
36538: 0.992255
36539: 0.992255
36540: 0.992255
36541: 0.992255
36542: 0.992256
36543: 0.992256
36544: 0.992256
36545: 0.992256
36546: 0.992257
36547: 0.992257
36548: 0.992257
36549: 0.992257
36550: 0.992257
36551: 0.992258
36552: 0.992258
36553: 0.992258
36554: 0.992258
36555: 0.992258
36556: 0.992259
36557: 0.992259
36558: 0.992259
36559: 0.992259
36560: 0.99226
36561: 0.99226
36562: 0.99226
36563: 0.99226
36564: 0.99226
36565: 0.992261
36566: 0.992261
36567: 0.992261
36568: 0.992261
36569: 0.992261
36570: 0.992262
36571: 0.992262
36572: 0.992262
36573: 0.992262
36574: 0.992262
36575: 0.992263
36576: 0.992263
36577: 0.992263
36578: 0.992263
36579: 0.992264
36580: 0.992264
36581: 0.992264
36582: 0.992264
36583: 0.992264
36584: 0.992265
36585: 0.992265
36586: 0.992265
36587: 0.992265
36588: 0.992265
36589: 0.992266
36590: 0.992266
36591: 0.992266
36592: 0.992266
36593: 0.992266
36594: 0.992267
36595: 0.992267
36596: 0.992267
36597: 0.992267
36598: 0.992268
36599: 0.992268
36600: 0.992268
36601: 0.992268
36602: 0.992268
36603: 0.992269
36604: 0.992269
36605: 0.992269
36606: 0.992269
36607: 0.992269
36608: 0.99227
36609: 0.99227
36610: 0.99227
36611: 0.99227
36612: 0.992271
36613: 0.992271
36614: 0.992271
36615: 0.992271
36616: 0.992271
36617: 0.992272
36618: 0.992272
36619: 0.992272
36620: 0.992272
36621: 0.992272
36622: 0.992273
36623: 0.992273
36624: 0.992273
36625: 0.992273
36626: 0.992273
36627: 0.992274
36628: 0.992274
36629: 0.992274
36630: 0.992274
36631: 0.992275
36632: 0.992275
36633: 0.992275
36634: 0.992275
36635: 0.992275
36636: 0.992276
36637: 0.992276
36638: 0.992276
36639: 0.992276
36640: 0.992276
36641: 0.992277
36642: 0.992277
36643: 0.992277
36644: 0.992277
36645: 0.992277
36646: 0.992278
36647: 0.992278
36648: 0.992278
36649: 0.992278
36650: 0.992279
36651: 0.992279
36652: 0.992279
36653: 0.992279
36654: 0.992279
36655: 0.99228
36656: 0.99228
36657: 0.99228
36658: 0.99228
36659: 0.99228
36660: 0.992281
36661: 0.992281
36662: 0.992281
36663: 0.992281
36664: 0.992281
36665: 0.992282
36666: 0.992282
36667: 0.992282
36668: 0.992282
36669: 0.992283
36670: 0.992283
36671: 0.992283
36672: 0.992283
36673: 0.992283
36674: 0.992284
36675: 0.992284
36676: 0.992284
36677: 0.992284
36678: 0.992284
36679: 0.992285
36680: 0.992285
36681: 0.992285
36682: 0.992285
36683: 0.992285
36684: 0.992286
36685: 0.992286
36686: 0.992286
36687: 0.992286
36688: 0.992287
36689: 0.992287
36690: 0.992287
36691: 0.992287
36692: 0.992287
36693: 0.992288
36694: 0.992288
36695: 0.992288
36696: 0.992288
36697: 0.992288
36698: 0.992289
36699: 0.992289
36700: 0.992289
36701: 0.992289
36702: 0.992289
36703: 0.99229
36704: 0.99229
36705: 0.99229
36706: 0.99229
36707: 0.992291
36708: 0.992291
36709: 0.992291
36710: 0.992291
36711: 0.992291
36712: 0.992292
36713: 0.992292
36714: 0.992292
36715: 0.992292
36716: 0.992292
36717: 0.992293
36718: 0.992293
36719: 0.992293
36720: 0.992293
36721: 0.992293
36722: 0.992294
36723: 0.992294
36724: 0.992294
36725: 0.992294
36726: 0.992294
36727: 0.992295
36728: 0.992295
36729: 0.992295
36730: 0.992295
36731: 0.992296
36732: 0.992296
36733: 0.992296
36734: 0.992296
36735: 0.992296
36736: 0.992297
36737: 0.992297
36738: 0.99227
36739: 0.99227
36740: 0.99227
36741: 0.99227
36742: 0.992271
36743: 0.992271
36744: 0.992271
36745: 0.992271
36746: 0.992271
36747: 0.992272
36748: 0.992272
36749: 0.992272
36750: 0.992272
36751: 0.992273
36752: 0.992273
36753: 0.992273
36754: 0.992273
36755: 0.992273
36756: 0.992274
36757: 0.992274
36758: 0.992274
36759: 0.992274
36760: 0.992274
36761: 0.992275
36762: 0.992275
36763: 0.992275
36764: 0.992275
36765: 0.992275
36766: 0.992276
36767: 0.992276
36768: 0.992276
36769: 0.992276
36770: 0.992277
36771: 0.992277
36772: 0.992277
36773: 0.992277
36774: 0.992277
36775: 0.992278
36776: 0.992278
36777: 0.992278
36778: 0.992278
36779: 0.992278
36780: 0.992279
36781: 0.992279
36782: 0.992279
36783: 0.992279
36784: 0.992279
36785: 0.99228
36786: 0.99228
36787: 0.99228
36788: 0.99228
36789: 0.992281
36790: 0.992281
36791: 0.992281
36792: 0.992281
36793: 0.992281
36794: 0.992282
36795: 0.992282
36796: 0.992282
36797: 0.992282
36798: 0.992282
36799: 0.992283
36800: 0.992283
36801: 0.992283
36802: 0.992283
36803: 0.992283
36804: 0.992284
36805: 0.992284
36806: 0.992284
36807: 0.992284
36808: 0.992284
36809: 0.992285
36810: 0.992285
36811: 0.992285
36812: 0.992285
36813: 0.992286
36814: 0.992286
36815: 0.992286
36816: 0.992286
36817: 0.992286
36818: 0.992287
36819: 0.992287
36820: 0.992287
36821: 0.992287
36822: 0.992287
36823: 0.992288
36824: 0.992288
36825: 0.992261
36826: 0.992261
36827: 0.992261
36828: 0.992262
36829: 0.992262
36830: 0.992262
36831: 0.992262
36832: 0.992262
36833: 0.992263
36834: 0.992263
36835: 0.992263
36836: 0.992263
36837: 0.992263
36838: 0.992264
36839: 0.992264
36840: 0.992264
36841: 0.992264
36842: 0.992264
36843: 0.992265
36844: 0.992265
36845: 0.992265
36846: 0.992265
36847: 0.992266
36848: 0.992266
36849: 0.992266
36850: 0.992266
36851: 0.992266
36852: 0.992267
36853: 0.992267
36854: 0.992267
36855: 0.992267
36856: 0.992267
36857: 0.992268
36858: 0.992268
36859: 0.992268
36860: 0.992268
36861: 0.992268
36862: 0.992269
36863: 0.992269
36864: 0.992269
36865: 0.992269
36866: 0.99227
36867: 0.99227
36868: 0.99227
36869: 0.99227
36870: 0.99227
36871: 0.992271
36872: 0.992271
36873: 0.992271
36874: 0.992271
36875: 0.992271
36876: 0.992272
36877: 0.992272
36878: 0.992272
36879: 0.992272
36880: 0.992272
36881: 0.992273
36882: 0.992273
36883: 0.992273
36884: 0.992273
36885: 0.992273
36886: 0.992274
36887: 0.992274
36888: 0.992274
36889: 0.992274
36890: 0.992275
36891: 0.992275
36892: 0.992275
36893: 0.992275
36894: 0.992275
36895: 0.992276
36896: 0.992276
36897: 0.992276
36898: 0.992276
36899: 0.992276
36900: 0.992277
36901: 0.992277
36902: 0.992277
36903: 0.992277
36904: 0.992277
36905: 0.992278
36906: 0.992278
36907: 0.992278
36908: 0.992278
36909: 0.992279
36910: 0.992279
36911: 0.992279
36912: 0.992279
36913: 0.992279
36914: 0.99228
36915: 0.99228
36916: 0.99228
36917: 0.99228
36918: 0.99228
36919: 0.992281
36920: 0.992281
36921: 0.992281
36922: 0.992281
36923: 0.992281
36924: 0.992282
36925: 0.992282
36926: 0.992282
36927: 0.992282
36928: 0.992282
36929: 0.992283
36930: 0.992283
36931: 0.992283
36932: 0.992283
36933: 0.992284
36934: 0.992284
36935: 0.992284
36936: 0.992284
36937: 0.992257
36938: 0.99223
36939: 0.992231
36940: 0.992231
36941: 0.992204
36942: 0.992204
36943: 0.992204
36944: 0.992205
36945: 0.992205
36946: 0.992205
36947: 0.992205
36948: 0.992205
36949: 0.992206
36950: 0.992206
36951: 0.992206
36952: 0.992206
36953: 0.992207
36954: 0.992207
36955: 0.992207
36956: 0.992207
36957: 0.992207
36958: 0.992208
36959: 0.992208
36960: 0.992208
36961: 0.992208
36962: 0.992208
36963: 0.992209
36964: 0.992209
36965: 0.992209
36966: 0.992209
36967: 0.992209
36968: 0.99221
36969: 0.99221
36970: 0.99221
36971: 0.99221
36972: 0.992211
36973: 0.992211
36974: 0.992211
36975: 0.992211
36976: 0.992211
36977: 0.992212
36978: 0.992212
36979: 0.992212
36980: 0.992212
36981: 0.992212
36982: 0.992213
36983: 0.992213
36984: 0.992186
36985: 0.992159
36986: 0.992132
36987: 0.992106
36988: 0.992079
36989: 0.992079
36990: 0.992079
36991: 0.992079
36992: 0.99208
36993: 0.99208
36994: 0.99208
36995: 0.99208
36996: 0.99208
36997: 0.992081
36998: 0.992081
36999: 0.992081
37000: 0.992081
37001: 0.992082
37002: 0.992082
37003: 0.992082
37004: 0.992082
37005: 0.992082
37006: 0.992083
37007: 0.992083
37008: 0.992083
37009: 0.992083
37010: 0.992083
37011: 0.992084
37012: 0.992084
37013: 0.992084
37014: 0.992084
37015: 0.992085
37016: 0.992085
37017: 0.992085
37018: 0.992085
37019: 0.992085
37020: 0.992086
37021: 0.992086
37022: 0.992086
37023: 0.992086
37024: 0.992086
37025: 0.992087
37026: 0.992087
37027: 0.992087
37028: 0.992087
37029: 0.992087
37030: 0.992088
37031: 0.992088
37032: 0.992088
37033: 0.992088
37034: 0.992089
37035: 0.992089
37036: 0.992089
37037: 0.992089
37038: 0.992089
37039: 0.99209
37040: 0.99209
37041: 0.99209
37042: 0.99209
37043: 0.99209
37044: 0.992091
37045: 0.992091
37046: 0.992091
37047: 0.992091
37048: 0.992092
37049: 0.992092
37050: 0.992092
37051: 0.992092
37052: 0.992092
37053: 0.992093
37054: 0.992093
37055: 0.992093
37056: 0.992093
37057: 0.992093
37058: 0.992094
37059: 0.992094
37060: 0.992094
37061: 0.992094
37062: 0.992095
37063: 0.992095
37064: 0.992095
37065: 0.992095
37066: 0.992095
37067: 0.992096
37068: 0.992096
37069: 0.992096
37070: 0.992096
37071: 0.992096
37072: 0.992097
37073: 0.992097
37074: 0.992097
37075: 0.992097
37076: 0.992098
37077: 0.992098
37078: 0.992098
37079: 0.992098
37080: 0.992098
37081: 0.992099
37082: 0.992099
37083: 0.992072
37084: 0.992045
37085: 0.992019
37086: 0.992019
37087: 0.992019
37088: 0.992019
37089: 0.992019
37090: 0.99202
37091: 0.99202
37092: 0.99202
37093: 0.99202
37094: 0.99202
37095: 0.992021
37096: 0.992021
37097: 0.992021
37098: 0.992021
37099: 0.992022
37100: 0.992022
37101: 0.992022
37102: 0.992022
37103: 0.992022
37104: 0.992023
37105: 0.992023
37106: 0.992023
37107: 0.992023
37108: 0.992023
37109: 0.992024
37110: 0.992024
37111: 0.992024
37112: 0.992024
37113: 0.992025
37114: 0.992025
37115: 0.992025
37116: 0.992025
37117: 0.992025
37118: 0.992026
37119: 0.992026
37120: 0.992026
37121: 0.992026
37122: 0.992027
37123: 0.992027
37124: 0.992027
37125: 0.992027
37126: 0.992027
37127: 0.992028
37128: 0.992028
37129: 0.992028
37130: 0.992028
37131: 0.992028
37132: 0.992029
37133: 0.992029
37134: 0.992029
37135: 0.992029
37136: 0.99203
37137: 0.99203
37138: 0.99203
37139: 0.99203
37140: 0.99203
37141: 0.992031
37142: 0.992031
37143: 0.992031
37144: 0.992031
37145: 0.992031
37146: 0.992032
37147: 0.992032
37148: 0.992032
37149: 0.992032
37150: 0.992033
37151: 0.992033
37152: 0.992033
37153: 0.992033
37154: 0.992033
37155: 0.992034
37156: 0.992034
37157: 0.992034
37158: 0.992034
37159: 0.992034
37160: 0.992035
37161: 0.992035
37162: 0.992035
37163: 0.992035
37164: 0.992036
37165: 0.992036
37166: 0.992036
37167: 0.992036
37168: 0.992036
37169: 0.992037
37170: 0.992037
37171: 0.992037
37172: 0.992037
37173: 0.992037
37174: 0.992038
37175: 0.992038
37176: 0.992038
37177: 0.992038
37178: 0.992039
37179: 0.992039
37180: 0.992039
37181: 0.992039
37182: 0.992039
37183: 0.99204
37184: 0.99204
37185: 0.99204
37186: 0.99204
37187: 0.99204
37188: 0.992041
37189: 0.992041
37190: 0.992041
37191: 0.992041
37192: 0.992042
37193: 0.992042
37194: 0.992042
37195: 0.992042
37196: 0.992042
37197: 0.992043
37198: 0.992043
37199: 0.992043
37200: 0.992043
37201: 0.992043
37202: 0.992044
37203: 0.992044
37204: 0.992044
37205: 0.992044
37206: 0.992045
37207: 0.992045
37208: 0.992045
37209: 0.992045
37210: 0.992045
37211: 0.992046
37212: 0.992046
37213: 0.992046
37214: 0.992046
37215: 0.992046
37216: 0.992047
37217: 0.992047
37218: 0.992047
37219: 0.992047
37220: 0.992048
37221: 0.992048
37222: 0.992048
37223: 0.992048
37224: 0.992048
37225: 0.992049
37226: 0.992049
37227: 0.992049
37228: 0.992049
37229: 0.992049
37230: 0.99205
37231: 0.99205
37232: 0.99205
37233: 0.99205
37234: 0.99205
37235: 0.992051
37236: 0.992051
37237: 0.992051
37238: 0.992051
37239: 0.992052
37240: 0.992052
37241: 0.992052
37242: 0.992052
37243: 0.992052
37244: 0.992053
37245: 0.992053
37246: 0.992053
37247: 0.992053
37248: 0.992053
37249: 0.992054
37250: 0.992054
37251: 0.992054
37252: 0.992054
37253: 0.992055
37254: 0.992055
37255: 0.992055
37256: 0.992055
37257: 0.992055
37258: 0.992056
37259: 0.992056
37260: 0.992056
37261: 0.992056
37262: 0.992056
37263: 0.992057
37264: 0.992057
37265: 0.992057
37266: 0.992057
37267: 0.992058
37268: 0.992058
37269: 0.992058
37270: 0.992058
37271: 0.992058
37272: 0.992059
37273: 0.992059
37274: 0.992059
37275: 0.992059
37276: 0.992059
37277: 0.99206
37278: 0.99206
37279: 0.99206
37280: 0.99206
37281: 0.992061
37282: 0.992061
37283: 0.992061
37284: 0.992061
37285: 0.992061
37286: 0.992062
37287: 0.992062
37288: 0.992062
37289: 0.992035
37290: 0.992009
37291: 0.992009
37292: 0.992009
37293: 0.992009
37294: 0.99201
37295: 0.99201
37296: 0.99201
37297: 0.99201
37298: 0.992011
37299: 0.992011
37300: 0.992011
37301: 0.992011
37302: 0.992011
37303: 0.992012
37304: 0.992012
37305: 0.992012
37306: 0.992012
37307: 0.992012
37308: 0.992013
37309: 0.992013
37310: 0.992013
37311: 0.992013
37312: 0.992014
37313: 0.992014
37314: 0.992014
37315: 0.992014
37316: 0.992014
37317: 0.992015
37318: 0.992015
37319: 0.992015
37320: 0.992015
37321: 0.992015
37322: 0.992016
37323: 0.992016
37324: 0.992016
37325: 0.992016
37326: 0.992017
37327: 0.992017
37328: 0.992017
37329: 0.992017
37330: 0.992017
37331: 0.992018
37332: 0.992018
37333: 0.992018
37334: 0.992018
37335: 0.992018
37336: 0.992019
37337: 0.992019
37338: 0.992019
37339: 0.992019
37340: 0.992019
37341: 0.99202
37342: 0.99202
37343: 0.99202
37344: 0.99202
37345: 0.992021
37346: 0.992021
37347: 0.992021
37348: 0.992021
37349: 0.992021
37350: 0.992022
37351: 0.992022
37352: 0.992022
37353: 0.992022
37354: 0.992022
37355: 0.992023
37356: 0.992023
37357: 0.992023
37358: 0.992023
37359: 0.992024
37360: 0.992024
37361: 0.992024
37362: 0.992024
37363: 0.992024
37364: 0.992025
37365: 0.992025
37366: 0.992025
37367: 0.992025
37368: 0.992025
37369: 0.992026
37370: 0.992026
37371: 0.992026
37372: 0.992026
37373: 0.992027
37374: 0.992027
37375: 0.992027
37376: 0.992027
37377: 0.992027
37378: 0.992028
37379: 0.992028
37380: 0.992028
37381: 0.992028
37382: 0.992028
37383: 0.992029
37384: 0.992029
37385: 0.992029
37386: 0.992029
37387: 0.99203
37388: 0.99203
37389: 0.99203
37390: 0.99203
37391: 0.99203
37392: 0.992031
37393: 0.992031
37394: 0.992031
37395: 0.992031
37396: 0.992031
37397: 0.992032
37398: 0.992032
37399: 0.992032
37400: 0.992032
37401: 0.992033
37402: 0.992033
37403: 0.992033
37404: 0.992033
37405: 0.992033
37406: 0.992034
37407: 0.992034
37408: 0.992034
37409: 0.992034
37410: 0.992034
37411: 0.992035
37412: 0.992035
37413: 0.992035
37414: 0.992035
37415: 0.992035
37416: 0.992036
37417: 0.992036
37418: 0.992036
37419: 0.992036
37420: 0.992037
37421: 0.992037
37422: 0.992037
37423: 0.992037
37424: 0.992037
37425: 0.992038
37426: 0.992038
37427: 0.992038
37428: 0.992038
37429: 0.992038
37430: 0.992039
37431: 0.992039
37432: 0.992039
37433: 0.992039
37434: 0.99204
37435: 0.99204
37436: 0.99204
37437: 0.99204
37438: 0.99204
37439: 0.992041
37440: 0.992041
37441: 0.992041
37442: 0.992041
37443: 0.992041
37444: 0.992042
37445: 0.992042
37446: 0.992042
37447: 0.992042
37448: 0.992043
37449: 0.992043
37450: 0.992043
37451: 0.992043
37452: 0.992043
37453: 0.992044
37454: 0.992044
37455: 0.992044
37456: 0.992044
37457: 0.992044
37458: 0.992045
37459: 0.992045
37460: 0.992045
37461: 0.992045
37462: 0.992045
37463: 0.992046
37464: 0.992046
37465: 0.992046
37466: 0.992046
37467: 0.992047
37468: 0.992047
37469: 0.992047
37470: 0.992047
37471: 0.992047
37472: 0.992048
37473: 0.992048
37474: 0.992048
37475: 0.992048
37476: 0.992048
37477: 0.992049
37478: 0.992049
37479: 0.992049
37480: 0.992049
37481: 0.99205
37482: 0.99205
37483: 0.99205
37484: 0.99205
37485: 0.99205
37486: 0.992051
37487: 0.992051
37488: 0.992051
37489: 0.992051
37490: 0.992051
37491: 0.992052
37492: 0.992052
37493: 0.992052
37494: 0.992052
37495: 0.992052
37496: 0.992053
37497: 0.992053
37498: 0.992053
37499: 0.992053
37500: 0.992054
37501: 0.992054
37502: 0.992054
37503: 0.992054
37504: 0.992054
37505: 0.992055
37506: 0.992055
37507: 0.992055
37508: 0.992055
37509: 0.992055
37510: 0.992056
37511: 0.992056
37512: 0.992056
37513: 0.992056
37514: 0.992057
37515: 0.992057
37516: 0.992057
37517: 0.992057
37518: 0.992057
37519: 0.992058
37520: 0.992058
37521: 0.992058
37522: 0.992058
37523: 0.992058
37524: 0.992059
37525: 0.992059
37526: 0.992059
37527: 0.992059
37528: 0.992059
37529: 0.99206
37530: 0.99206
37531: 0.99206
37532: 0.99206
37533: 0.992061
37534: 0.992061
37535: 0.992061
37536: 0.992061
37537: 0.992061
37538: 0.992062
37539: 0.992062
37540: 0.992062
37541: 0.992062
37542: 0.992062
37543: 0.992063
37544: 0.992063
37545: 0.992063
37546: 0.992063
37547: 0.992063
37548: 0.992064
37549: 0.992064
37550: 0.992064
37551: 0.992064
37552: 0.992065
37553: 0.992065
37554: 0.992065
37555: 0.992065
37556: 0.992065
37557: 0.992066
37558: 0.992066
37559: 0.992066
37560: 0.992066
37561: 0.992066
37562: 0.992067
37563: 0.992067
37564: 0.992067
37565: 0.992067
37566: 0.992068
37567: 0.992068
37568: 0.992068
37569: 0.992068
37570: 0.992068
37571: 0.992069
37572: 0.992069
37573: 0.992069
37574: 0.992069
37575: 0.992069
37576: 0.99207
37577: 0.99207
37578: 0.99207
37579: 0.99207
37580: 0.99207
37581: 0.992071
37582: 0.992071
37583: 0.992071
37584: 0.992071
37585: 0.992072
37586: 0.992072
37587: 0.992072
37588: 0.992072
37589: 0.992072
37590: 0.992073
37591: 0.992073
37592: 0.992073
37593: 0.992073
37594: 0.992073
37595: 0.992074
37596: 0.992074
37597: 0.992074
37598: 0.992074
37599: 0.992074
37600: 0.992075
37601: 0.992075
37602: 0.992075
37603: 0.992075
37604: 0.992076
37605: 0.992076
37606: 0.992076
37607: 0.992076
37608: 0.992076
37609: 0.992077
37610: 0.992077
37611: 0.992077
37612: 0.992077
37613: 0.992077
37614: 0.992078
37615: 0.992078
37616: 0.992078
37617: 0.992078
37618: 0.992078
37619: 0.992079
37620: 0.992079
37621: 0.992079
37622: 0.992079
37623: 0.99208
37624: 0.99208
37625: 0.99208
37626: 0.99208
37627: 0.99208
37628: 0.992081
37629: 0.992081
37630: 0.992081
37631: 0.992081
37632: 0.992081
37633: 0.992082
37634: 0.992082
37635: 0.992082
37636: 0.992082
37637: 0.992082
37638: 0.992083
37639: 0.992083
37640: 0.992083
37641: 0.992083
37642: 0.992084
37643: 0.992084
37644: 0.992084
37645: 0.992084
37646: 0.992084
37647: 0.992085
37648: 0.992085
37649: 0.992085
37650: 0.992085
37651: 0.992085
37652: 0.992086
37653: 0.992086
37654: 0.992086
37655: 0.992086
37656: 0.992086
37657: 0.992087
37658: 0.992087
37659: 0.992087
37660: 0.992087
37661: 0.992088
37662: 0.992088
37663: 0.992088
37664: 0.992088
37665: 0.992088
37666: 0.992089
37667: 0.992089
37668: 0.992089
37669: 0.992089
37670: 0.992089
37671: 0.99209
37672: 0.99209
37673: 0.99209
37674: 0.99209
37675: 0.99209
37676: 0.992091
37677: 0.992091
37678: 0.992091
37679: 0.992091
37680: 0.992092
37681: 0.992092
37682: 0.992092
37683: 0.992092
37684: 0.992092
37685: 0.992093
37686: 0.992093
37687: 0.992093
37688: 0.992093
37689: 0.992093
37690: 0.992094
37691: 0.992094
37692: 0.992094
37693: 0.992094
37694: 0.992094
37695: 0.992095
37696: 0.992095
37697: 0.992095
37698: 0.992095
37699: 0.992095
37700: 0.992096
37701: 0.992096
37702: 0.992096
37703: 0.992096
37704: 0.992097
37705: 0.992097
37706: 0.992097
37707: 0.992097
37708: 0.992097
37709: 0.992098
37710: 0.992098
37711: 0.992098
37712: 0.992098
37713: 0.992098
37714: 0.992099
37715: 0.992099
37716: 0.992099
37717: 0.992099
37718: 0.992099
37719: 0.9921
37720: 0.9921
37721: 0.9921
37722: 0.9921
37723: 0.992101
37724: 0.992101
37725: 0.992101
37726: 0.992101
37727: 0.992101
37728: 0.992102
37729: 0.992102
37730: 0.992102
37731: 0.992102
37732: 0.992102
37733: 0.992103
37734: 0.992103
37735: 0.992103
37736: 0.992103
37737: 0.992103
37738: 0.992104
37739: 0.992104
37740: 0.992104
37741: 0.992104
37742: 0.992104
37743: 0.992105
37744: 0.992105
37745: 0.992105
37746: 0.992105
37747: 0.992106
37748: 0.992106
37749: 0.992106
37750: 0.992106
37751: 0.992106
37752: 0.992107
37753: 0.992107
37754: 0.992107
37755: 0.992107
37756: 0.992107
37757: 0.992108
37758: 0.992108
37759: 0.992108
37760: 0.992108
37761: 0.992108
37762: 0.992109
37763: 0.992109
37764: 0.992109
37765: 0.992109
37766: 0.99211
37767: 0.99211
37768: 0.99211
37769: 0.99211
37770: 0.99211
37771: 0.992111
37772: 0.992111
37773: 0.992111
37774: 0.992111
37775: 0.992111
37776: 0.992112
37777: 0.992112
37778: 0.992112
37779: 0.992112
37780: 0.992112
37781: 0.992113
37782: 0.992113
37783: 0.992113
37784: 0.992113
37785: 0.992113
37786: 0.992114
37787: 0.992114
37788: 0.992114
37789: 0.992114
37790: 0.992115
37791: 0.992115
37792: 0.992088
37793: 0.992089
37794: 0.992089
37795: 0.992089
37796: 0.992089
37797: 0.99209
37798: 0.99209
37799: 0.99209
37800: 0.99209
37801: 0.99209
37802: 0.992091
37803: 0.992091
37804: 0.992091
37805: 0.992091
37806: 0.992091
37807: 0.992092
37808: 0.992092
37809: 0.992092
37810: 0.992092
37811: 0.992092
37812: 0.992093
37813: 0.992093
37814: 0.992093
37815: 0.992093
37816: 0.992094
37817: 0.992094
37818: 0.992094
37819: 0.992094
37820: 0.992094
37821: 0.992095
37822: 0.992095
37823: 0.992095
37824: 0.992095
37825: 0.992095
37826: 0.992096
37827: 0.992096
37828: 0.992096
37829: 0.992096
37830: 0.992096
37831: 0.992097
37832: 0.992097
37833: 0.992097
37834: 0.992097
37835: 0.992097
37836: 0.992098
37837: 0.992098
37838: 0.992098
37839: 0.992098
37840: 0.992099
37841: 0.992099
37842: 0.992099
37843: 0.992099
37844: 0.992099
37845: 0.9921
37846: 0.9921
37847: 0.9921
37848: 0.9921
37849: 0.9921
37850: 0.992101
37851: 0.992101
37852: 0.992101
37853: 0.992101
37854: 0.992101
37855: 0.992102
37856: 0.992102
37857: 0.992102
37858: 0.992102
37859: 0.992102
37860: 0.992103
37861: 0.992103
37862: 0.992103
37863: 0.992103
37864: 0.992104
37865: 0.992077
37866: 0.992051
37867: 0.992051
37868: 0.992052
37869: 0.992052
37870: 0.992052
37871: 0.992052
37872: 0.992052
37873: 0.992053
37874: 0.992053
37875: 0.992053
37876: 0.992053
37877: 0.992053
37878: 0.992054
37879: 0.992054
37880: 0.992054
37881: 0.992054
37882: 0.992054
37883: 0.992055
37884: 0.992055
37885: 0.992055
37886: 0.992055
37887: 0.992056
37888: 0.992056
37889: 0.992056
37890: 0.992056
37891: 0.992056
37892: 0.992057
37893: 0.992057
37894: 0.992057
37895: 0.992057
37896: 0.992057
37897: 0.992058
37898: 0.992058
37899: 0.992058
37900: 0.992058
37901: 0.992058
37902: 0.992032
37903: 0.992033
37904: 0.992033
37905: 0.992033
37906: 0.992033
37907: 0.992033
37908: 0.992034
37909: 0.992034
37910: 0.992034
37911: 0.992034
37912: 0.992034
37913: 0.992035
37914: 0.992035
37915: 0.992035
37916: 0.992035
37917: 0.992035
37918: 0.992036
37919: 0.992036
37920: 0.992036
37921: 0.992036
37922: 0.992036
37923: 0.992037
37924: 0.992037
37925: 0.992037
37926: 0.992037
37927: 0.992038
37928: 0.992038
37929: 0.992038
37930: 0.992038
37931: 0.992038
37932: 0.992039
37933: 0.992039
37934: 0.992039
37935: 0.992039
37936: 0.992039
37937: 0.99204
37938: 0.99204
37939: 0.99204
37940: 0.99204
37941: 0.99204
37942: 0.992041
37943: 0.992041
37944: 0.992041
37945: 0.992041
37946: 0.992042
37947: 0.992042
37948: 0.992042
37949: 0.992042
37950: 0.992042
37951: 0.992043
37952: 0.992043
37953: 0.992043
37954: 0.992043
37955: 0.992043
37956: 0.992044
37957: 0.992044
37958: 0.992044
37959: 0.992044
37960: 0.992044
37961: 0.992045
37962: 0.992045
37963: 0.992045
37964: 0.992045
37965: 0.992046
37966: 0.992046
37967: 0.992046
37968: 0.992046
37969: 0.992046
37970: 0.992047
37971: 0.992047
37972: 0.992047
37973: 0.992047
37974: 0.992047
37975: 0.992048
37976: 0.992048
37977: 0.992048
37978: 0.992048
37979: 0.992048
37980: 0.992049
37981: 0.992049
37982: 0.992049
37983: 0.992049
37984: 0.992049
37985: 0.99205
37986: 0.99205
37987: 0.99205
37988: 0.99205
37989: 0.992051
37990: 0.992051
37991: 0.992051
37992: 0.992051
37993: 0.992051
37994: 0.992052
37995: 0.992052
37996: 0.992052
37997: 0.992052
37998: 0.992052
37999: 0.992053
38000: 0.992053
38001: 0.992053
38002: 0.992053
38003: 0.992053
38004: 0.992054
38005: 0.992054
38006: 0.992054
38007: 0.992054
38008: 0.992055
38009: 0.992055
38010: 0.992055
38011: 0.992055
38012: 0.992055
38013: 0.992056
38014: 0.992056
38015: 0.992056
38016: 0.992056
38017: 0.992056
38018: 0.992057
38019: 0.992057
38020: 0.992057
38021: 0.992057
38022: 0.992057
38023: 0.992058
38024: 0.992058
38025: 0.992058
38026: 0.992058
38027: 0.992058
38028: 0.992059
38029: 0.992059
38030: 0.992059
38031: 0.992059
38032: 0.99206
38033: 0.99206
38034: 0.99206
38035: 0.99206
38036: 0.99206
38037: 0.992061
38038: 0.992034
38039: 0.992008
38040: 0.992009
38041: 0.992009
38042: 0.992009
38043: 0.992009
38044: 0.992009
38045: 0.99201
38046: 0.99201
38047: 0.99201
38048: 0.99201
38049: 0.992011
38050: 0.992011
38051: 0.992011
38052: 0.992011
38053: 0.992011
38054: 0.992012
38055: 0.992012
38056: 0.992012
38057: 0.992012
38058: 0.992012
38059: 0.992013
38060: 0.992013
38061: 0.992013
38062: 0.992013
38063: 0.992013
38064: 0.992014
38065: 0.992014
38066: 0.992014
38067: 0.992014
38068: 0.992014
38069: 0.992015
38070: 0.992015
38071: 0.992015
38072: 0.992015
38073: 0.992016
38074: 0.992016
38075: 0.992016
38076: 0.992016
38077: 0.992016
38078: 0.992017
38079: 0.992017
38080: 0.992017
38081: 0.992017
38082: 0.992017
38083: 0.992018
38084: 0.992018
38085: 0.992018
38086: 0.992018
38087: 0.992018
38088: 0.992019
38089: 0.992019
38090: 0.992019
38091: 0.992019
38092: 0.99202
38093: 0.99202
38094: 0.99202
38095: 0.99202
38096: 0.99202
38097: 0.992021
38098: 0.992021
38099: 0.992021
38100: 0.992021
38101: 0.992021
38102: 0.992022
38103: 0.992022
38104: 0.992022
38105: 0.992022
38106: 0.992022
38107: 0.992023
38108: 0.992023
38109: 0.992023
38110: 0.992023
38111: 0.992024
38112: 0.992024
38113: 0.992024
38114: 0.992024
38115: 0.992024
38116: 0.992025
38117: 0.992025
38118: 0.992025
38119: 0.992025
38120: 0.992025
38121: 0.992026
38122: 0.992026
38123: 0.992026
38124: 0.992026
38125: 0.992026
38126: 0.992027
38127: 0.992027
38128: 0.992027
38129: 0.992027
38130: 0.992027
38131: 0.992028
38132: 0.992028
38133: 0.992028
38134: 0.992028
38135: 0.992029
38136: 0.992029
38137: 0.992029
38138: 0.992029
38139: 0.992029
38140: 0.99203
38141: 0.99203
38142: 0.99203
38143: 0.99203
38144: 0.99203
38145: 0.992031
38146: 0.992031
38147: 0.992031
38148: 0.992031
38149: 0.992031
38150: 0.992032
38151: 0.992032
38152: 0.992032
38153: 0.992032
38154: 0.992032
38155: 0.992033
38156: 0.992033
38157: 0.992033
38158: 0.992033
38159: 0.992034
38160: 0.992034
38161: 0.992034
38162: 0.992034
38163: 0.992034
38164: 0.992035
38165: 0.992035
38166: 0.992035
38167: 0.992035
38168: 0.992035
38169: 0.992036
38170: 0.992036
38171: 0.992036
38172: 0.992036
38173: 0.992036
38174: 0.992037
38175: 0.992037
38176: 0.992037
38177: 0.992037
38178: 0.992038
38179: 0.992038
38180: 0.992038
38181: 0.992038
38182: 0.992038
38183: 0.992039
38184: 0.992039
38185: 0.992039
38186: 0.992039
38187: 0.992039
38188: 0.99204
38189: 0.99204
38190: 0.99204
38191: 0.99204
38192: 0.99204
38193: 0.992041
38194: 0.992041
38195: 0.992041
38196: 0.992041
38197: 0.992041
38198: 0.992042
38199: 0.992042
38200: 0.992042
38201: 0.992042
38202: 0.992043
38203: 0.992043
38204: 0.992043
38205: 0.992043
38206: 0.992043
38207: 0.992044
38208: 0.992044
38209: 0.992044
38210: 0.992044
38211: 0.992044
38212: 0.992045
38213: 0.992045
38214: 0.992045
38215: 0.992045
38216: 0.992045
38217: 0.992046
38218: 0.992046
38219: 0.992046
38220: 0.992046
38221: 0.992046
38222: 0.992047
38223: 0.992047
38224: 0.992047
38225: 0.992047
38226: 0.992048
38227: 0.992048
38228: 0.992048
38229: 0.992048
38230: 0.992048
38231: 0.992049
38232: 0.992049
38233: 0.992049
38234: 0.992049
38235: 0.992049
38236: 0.99205
38237: 0.99205
38238: 0.99205
38239: 0.99205
38240: 0.99205
38241: 0.992051
38242: 0.992051
38243: 0.992051
38244: 0.992051
38245: 0.992051
38246: 0.992052
38247: 0.992052
38248: 0.992052
38249: 0.992052
38250: 0.992052
38251: 0.992053
38252: 0.992053
38253: 0.992053
38254: 0.992053
38255: 0.992054
38256: 0.992054
38257: 0.992054
38258: 0.992054
38259: 0.992054
38260: 0.992055
38261: 0.992055
38262: 0.992055
38263: 0.992055
38264: 0.992055
38265: 0.992056
38266: 0.992056
38267: 0.992056
38268: 0.992056
38269: 0.992056
38270: 0.992057
38271: 0.992057
38272: 0.992057
38273: 0.992057
38274: 0.992057
38275: 0.992058
38276: 0.992058
38277: 0.992058
38278: 0.992058
38279: 0.992059
38280: 0.992059
38281: 0.992059
38282: 0.992059
38283: 0.992059
38284: 0.99206
38285: 0.99206
38286: 0.99206
38287: 0.99206
38288: 0.99206
38289: 0.992061
38290: 0.992061
38291: 0.992061
38292: 0.992061
38293: 0.992061
38294: 0.992062
38295: 0.992036
38296: 0.992036
38297: 0.992036
38298: 0.992036
38299: 0.992037
38300: 0.992037
38301: 0.992037
38302: 0.992037
38303: 0.992037
38304: 0.992038
38305: 0.992038
38306: 0.992038
38307: 0.992038
38308: 0.992038
38309: 0.992039
38310: 0.992039
38311: 0.992039
38312: 0.992039
38313: 0.992039
38314: 0.99204
38315: 0.99204
38316: 0.99204
38317: 0.99204
38318: 0.992041
38319: 0.992041
38320: 0.992041
38321: 0.992041
38322: 0.992041
38323: 0.992042
38324: 0.992042
38325: 0.992042
38326: 0.992042
38327: 0.992042
38328: 0.992043
38329: 0.992043
38330: 0.992043
38331: 0.992043
38332: 0.992043
38333: 0.992044
38334: 0.992044
38335: 0.992044
38336: 0.992044
38337: 0.992044
38338: 0.992045
38339: 0.992045
38340: 0.992045
38341: 0.992045
38342: 0.992045
38343: 0.992046
38344: 0.992046
38345: 0.992046
38346: 0.992046
38347: 0.992047
38348: 0.992047
38349: 0.992047
38350: 0.992047
38351: 0.992047
38352: 0.992048
38353: 0.992048
38354: 0.992048
38355: 0.992048
38356: 0.992048
38357: 0.992049
38358: 0.992049
38359: 0.992049
38360: 0.992049
38361: 0.992049
38362: 0.99205
38363: 0.99205
38364: 0.99205
38365: 0.99205
38366: 0.99205
38367: 0.992051
38368: 0.992051
38369: 0.992051
38370: 0.992051
38371: 0.992051
38372: 0.992052
38373: 0.992052
38374: 0.992052
38375: 0.992052
38376: 0.992053
38377: 0.992053
38378: 0.992053
38379: 0.992053
38380: 0.992053
38381: 0.992054
38382: 0.992054
38383: 0.992054
38384: 0.992054
38385: 0.992054
38386: 0.992055
38387: 0.992055
38388: 0.992055
38389: 0.992055
38390: 0.992055
38391: 0.992056
38392: 0.992056
38393: 0.992056
38394: 0.992056
38395: 0.992056
38396: 0.992057
38397: 0.992057
38398: 0.992057
38399: 0.992057
38400: 0.992057
38401: 0.992058
38402: 0.992058
38403: 0.992058
38404: 0.992058
38405: 0.992059
38406: 0.992059
38407: 0.992059
38408: 0.992059
38409: 0.992059
38410: 0.99206
38411: 0.99206
38412: 0.99206
38413: 0.99206
38414: 0.99206
38415: 0.992061
38416: 0.992061
38417: 0.992061
38418: 0.992061
38419: 0.992061
38420: 0.992062
38421: 0.992062
38422: 0.992062
38423: 0.992062
38424: 0.992062
38425: 0.992063
38426: 0.992063
38427: 0.992063
38428: 0.992063
38429: 0.992063
38430: 0.992064
38431: 0.992064
38432: 0.992064
38433: 0.992064
38434: 0.992065
38435: 0.992065
38436: 0.992065
38437: 0.992065
38438: 0.992065
38439: 0.992066
38440: 0.992066
38441: 0.992066
38442: 0.992066
38443: 0.992066
38444: 0.992067
38445: 0.992067
38446: 0.992067
38447: 0.992067
38448: 0.992067
38449: 0.992068
38450: 0.992068
38451: 0.992068
38452: 0.992068
38453: 0.992068
38454: 0.992069
38455: 0.992069
38456: 0.992069
38457: 0.992069
38458: 0.992069
38459: 0.99207
38460: 0.99207
38461: 0.99207
38462: 0.99207
38463: 0.992071
38464: 0.992071
38465: 0.992071
38466: 0.992071
38467: 0.992071
38468: 0.992072
38469: 0.992072
38470: 0.992072
38471: 0.992072
38472: 0.992072
38473: 0.992073
38474: 0.992073
38475: 0.992073
38476: 0.992073
38477: 0.992073
38478: 0.992074
38479: 0.992074
38480: 0.992074
38481: 0.992074
38482: 0.992074
38483: 0.992075
38484: 0.992075
38485: 0.992075
38486: 0.992075
38487: 0.992075
38488: 0.992076
38489: 0.992076
38490: 0.992076
38491: 0.992076
38492: 0.992076
38493: 0.992077
38494: 0.992077
38495: 0.992077
38496: 0.992077
38497: 0.992078
38498: 0.992078
38499: 0.992078
38500: 0.992078
38501: 0.992078
38502: 0.992079
38503: 0.992079
38504: 0.992079
38505: 0.992079
38506: 0.992079
38507: 0.99208
38508: 0.99208
38509: 0.99208
38510: 0.99208
38511: 0.99208
38512: 0.992081
38513: 0.992081
38514: 0.992081
38515: 0.992081
38516: 0.992081
38517: 0.992082
38518: 0.992082
38519: 0.992082
38520: 0.992082
38521: 0.992082
38522: 0.992083
38523: 0.992083
38524: 0.992083
38525: 0.992083
38526: 0.992083
38527: 0.992084
38528: 0.992084
38529: 0.992084
38530: 0.992084
38531: 0.992085
38532: 0.992085
38533: 0.992085
38534: 0.992085
38535: 0.992085
38536: 0.992086
38537: 0.992086
38538: 0.992086
38539: 0.992086
38540: 0.992086
38541: 0.992087
38542: 0.992087
38543: 0.992087
38544: 0.992087
38545: 0.992087
38546: 0.992088
38547: 0.992088
38548: 0.992088
38549: 0.992088
38550: 0.992088
38551: 0.992089
38552: 0.992089
38553: 0.992089
38554: 0.992089
38555: 0.992089
38556: 0.99209
38557: 0.99209
38558: 0.99209
38559: 0.99209
38560: 0.99209
38561: 0.992091
38562: 0.992091
38563: 0.992091
38564: 0.992091
38565: 0.992091
38566: 0.992092
38567: 0.992092
38568: 0.992092
38569: 0.992092
38570: 0.992093
38571: 0.992093
38572: 0.992093
38573: 0.992093
38574: 0.992093
38575: 0.992094
38576: 0.992094
38577: 0.992094
38578: 0.992094
38579: 0.992094
38580: 0.992095
38581: 0.992095
38582: 0.992095
38583: 0.992095
38584: 0.992095
38585: 0.992096
38586: 0.992096
38587: 0.992096
38588: 0.992096
38589: 0.992096
38590: 0.992097
38591: 0.992097
38592: 0.992097
38593: 0.992097
38594: 0.992097
38595: 0.992098
38596: 0.992098
38597: 0.992098
38598: 0.992098
38599: 0.992098
38600: 0.992099
38601: 0.992099
38602: 0.992099
38603: 0.992099
38604: 0.992099
38605: 0.9921
38606: 0.9921
38607: 0.9921
38608: 0.9921
38609: 0.9921
38610: 0.992101
38611: 0.992101
38612: 0.992101
38613: 0.992101
38614: 0.992102
38615: 0.992102
38616: 0.992102
38617: 0.992102
38618: 0.992102
38619: 0.992103
38620: 0.992103
38621: 0.992103
38622: 0.992103
38623: 0.992103
38624: 0.992104
38625: 0.992104
38626: 0.992104
38627: 0.992104
38628: 0.992104
38629: 0.992105
38630: 0.992105
38631: 0.992105
38632: 0.992105
38633: 0.992105
38634: 0.992106
38635: 0.992106
38636: 0.992106
38637: 0.992106
38638: 0.992106
38639: 0.992107
38640: 0.992107
38641: 0.992107
38642: 0.992107
38643: 0.992107
38644: 0.992108
38645: 0.992108
38646: 0.992108
38647: 0.992108
38648: 0.992108
38649: 0.992109
38650: 0.992109
38651: 0.992109
38652: 0.992109
38653: 0.992109
38654: 0.99211
38655: 0.99211
38656: 0.99211
38657: 0.99211
38658: 0.992111
38659: 0.992111
38660: 0.992111
38661: 0.992111
38662: 0.992111
38663: 0.992112
38664: 0.992112
38665: 0.992112
38666: 0.992112
38667: 0.992112
38668: 0.992113
38669: 0.992113
38670: 0.992113
38671: 0.992113
38672: 0.992113
38673: 0.992114
38674: 0.992114
38675: 0.992114
38676: 0.992114
38677: 0.992114
38678: 0.992115
38679: 0.992115
38680: 0.992115
38681: 0.992115
38682: 0.992115
38683: 0.992116
38684: 0.992116
38685: 0.992116
38686: 0.992116
38687: 0.992116
38688: 0.992117
38689: 0.992117
38690: 0.992117
38691: 0.992117
38692: 0.992117
38693: 0.992118
38694: 0.992118
38695: 0.992118
38696: 0.992118
38697: 0.992118
38698: 0.992119
38699: 0.992119
38700: 0.992119
38701: 0.992119
38702: 0.992119
38703: 0.99212
38704: 0.99212
38705: 0.99212
38706: 0.99212
38707: 0.99212
38708: 0.992121
38709: 0.992121
38710: 0.992121
38711: 0.992121
38712: 0.992122
38713: 0.992122
38714: 0.992122
38715: 0.992122
38716: 0.992122
38717: 0.992123
38718: 0.992123
38719: 0.992123
38720: 0.992123
38721: 0.992123
38722: 0.992124
38723: 0.992124
38724: 0.992124
38725: 0.992124
38726: 0.992124
38727: 0.992125
38728: 0.992125
38729: 0.992125
38730: 0.992125
38731: 0.992125
38732: 0.992126
38733: 0.992126
38734: 0.992126
38735: 0.992126
38736: 0.992126
38737: 0.992127
38738: 0.992127
38739: 0.992127
38740: 0.992127
38741: 0.992127
38742: 0.992128
38743: 0.992128
38744: 0.992128
38745: 0.992128
38746: 0.992128
38747: 0.992129
38748: 0.992129
38749: 0.992129
38750: 0.992129
38751: 0.992129
38752: 0.99213
38753: 0.99213
38754: 0.99213
38755: 0.99213
38756: 0.99213
38757: 0.992131
38758: 0.992131
38759: 0.992131
38760: 0.992131
38761: 0.992131
38762: 0.992132
38763: 0.992132
38764: 0.992132
38765: 0.992132
38766: 0.992132
38767: 0.992133
38768: 0.992133
38769: 0.992133
38770: 0.992133
38771: 0.992133
38772: 0.992134
38773: 0.992134
38774: 0.992134
38775: 0.992134
38776: 0.992135
38777: 0.992135
38778: 0.992135
38779: 0.992135
38780: 0.992135
38781: 0.992136
38782: 0.992136
38783: 0.992136
38784: 0.992136
38785: 0.992136
38786: 0.992137
38787: 0.992137
38788: 0.992137
38789: 0.992137
38790: 0.992137
38791: 0.992138
38792: 0.992138
38793: 0.992138
38794: 0.992138
38795: 0.992138
38796: 0.992139
38797: 0.992139
38798: 0.992139
38799: 0.992139
38800: 0.992139
38801: 0.99214
38802: 0.99214
38803: 0.99214
38804: 0.99214
38805: 0.99214
38806: 0.992141
38807: 0.992141
38808: 0.992141
38809: 0.992141
38810: 0.992141
38811: 0.992142
38812: 0.992142
38813: 0.992142
38814: 0.992142
38815: 0.992142
38816: 0.992143
38817: 0.992143
38818: 0.992143
38819: 0.992143
38820: 0.992143
38821: 0.992144
38822: 0.992144
38823: 0.992144
38824: 0.992144
38825: 0.992144
38826: 0.992145
38827: 0.992145
38828: 0.992145
38829: 0.992145
38830: 0.992145
38831: 0.992146
38832: 0.992146
38833: 0.992146
38834: 0.992146
38835: 0.992146
38836: 0.992147
38837: 0.992147
38838: 0.992147
38839: 0.992147
38840: 0.992147
38841: 0.992148
38842: 0.992148
38843: 0.992148
38844: 0.992148
38845: 0.992148
38846: 0.992149
38847: 0.992149
38848: 0.992149
38849: 0.992149
38850: 0.992149
38851: 0.99215
38852: 0.99215
38853: 0.99215
38854: 0.99215
38855: 0.992151
38856: 0.992151
38857: 0.992151
38858: 0.992151
38859: 0.992151
38860: 0.992152
38861: 0.992152
38862: 0.992152
38863: 0.992152
38864: 0.992152
38865: 0.992153
38866: 0.992153
38867: 0.992153
38868: 0.992153
38869: 0.992153
38870: 0.992154
38871: 0.992154
38872: 0.992154
38873: 0.992154
38874: 0.992154
38875: 0.992155
38876: 0.992155
38877: 0.992155
38878: 0.992155
38879: 0.992155
38880: 0.992156
38881: 0.992156
38882: 0.992156
38883: 0.992156
38884: 0.992156
38885: 0.992157
38886: 0.992157
38887: 0.992157
38888: 0.992157
38889: 0.992157
38890: 0.992158
38891: 0.992158
38892: 0.992158
38893: 0.992158
38894: 0.992158
38895: 0.992159
38896: 0.992159
38897: 0.992159
38898: 0.992159
38899: 0.992159
38900: 0.99216
38901: 0.99216
38902: 0.99216
38903: 0.99216
38904: 0.99216
38905: 0.992161
38906: 0.992161
38907: 0.992161
38908: 0.992161
38909: 0.992161
38910: 0.992162
38911: 0.992162
38912: 0.992162
38913: 0.992162
38914: 0.992162
38915: 0.992163
38916: 0.992163
38917: 0.992163
38918: 0.992163
38919: 0.992163
38920: 0.992164
38921: 0.992164
38922: 0.992164
38923: 0.992164
38924: 0.992164
38925: 0.992165
38926: 0.992165
38927: 0.992165
38928: 0.992165
38929: 0.992165
38930: 0.992166
38931: 0.992166
38932: 0.992166
38933: 0.992166
38934: 0.992166
38935: 0.992167
38936: 0.992167
38937: 0.992167
38938: 0.992167
38939: 0.992167
38940: 0.992168
38941: 0.992168
38942: 0.992168
38943: 0.992168
38944: 0.992168
38945: 0.992169
38946: 0.992169
38947: 0.992169
38948: 0.992169
38949: 0.992169
38950: 0.99217
38951: 0.99217
38952: 0.99217
38953: 0.99217
38954: 0.99217
38955: 0.992171
38956: 0.992171
38957: 0.992171
38958: 0.992171
38959: 0.992171
38960: 0.992172
38961: 0.992172
38962: 0.992172
38963: 0.992172
38964: 0.992172
38965: 0.992173
38966: 0.992173
38967: 0.992173
38968: 0.992173
38969: 0.992173
38970: 0.992174
38971: 0.992174
38972: 0.992174
38973: 0.992174
38974: 0.992174
38975: 0.992175
38976: 0.992175
38977: 0.992175
38978: 0.992175
38979: 0.992175
38980: 0.992176
38981: 0.992176
38982: 0.992176
38983: 0.992176
38984: 0.992176
38985: 0.992177
38986: 0.992177
38987: 0.992177
38988: 0.992177
38989: 0.992177
38990: 0.992178
38991: 0.992178
38992: 0.992178
38993: 0.992178
38994: 0.992178
38995: 0.992179
38996: 0.992179
38997: 0.992179
38998: 0.992179
38999: 0.992179
39000: 0.99218
39001: 0.99218
39002: 0.99218
39003: 0.99218
39004: 0.99218
39005: 0.992181
39006: 0.992181
39007: 0.992181
39008: 0.992181
39009: 0.992181
39010: 0.992182
39011: 0.992182
39012: 0.992182
39013: 0.992182
39014: 0.992182
39015: 0.992183
39016: 0.992183
39017: 0.992183
39018: 0.992183
39019: 0.992183
39020: 0.992184
39021: 0.992184
39022: 0.992184
39023: 0.992184
39024: 0.992184
39025: 0.992185
39026: 0.992185
39027: 0.992185
39028: 0.992185
39029: 0.992185
39030: 0.992186
39031: 0.992186
39032: 0.992186
39033: 0.992186
39034: 0.992186
39035: 0.992187
39036: 0.992187
39037: 0.992187
39038: 0.992187
39039: 0.992188
39040: 0.992188
39041: 0.992188
39042: 0.992188
39043: 0.992188
39044: 0.992189
39045: 0.992189
39046: 0.992189
39047: 0.992189
39048: 0.992189
39049: 0.99219
39050: 0.99219
39051: 0.99219
39052: 0.99219
39053: 0.99219
39054: 0.992191
39055: 0.992191
39056: 0.992191
39057: 0.992191
39058: 0.992191
39059: 0.992192
39060: 0.992192
39061: 0.992192
39062: 0.992192
39063: 0.992192
39064: 0.992192
39065: 0.992193
39066: 0.992193
39067: 0.992193
39068: 0.992193
39069: 0.992193
39070: 0.992194
39071: 0.992194
39072: 0.992194
39073: 0.992194
39074: 0.992194
39075: 0.992195
39076: 0.992195
39077: 0.992195
39078: 0.992195
39079: 0.992195
39080: 0.992196
39081: 0.992196
39082: 0.992196
39083: 0.992196
39084: 0.992196
39085: 0.992197
39086: 0.992197
39087: 0.992197
39088: 0.992197
39089: 0.992197
39090: 0.992198
39091: 0.992198
39092: 0.992198
39093: 0.992198
39094: 0.992198
39095: 0.992199
39096: 0.992199
39097: 0.992199
39098: 0.992199
39099: 0.992199
39100: 0.9922
39101: 0.9922
39102: 0.9922
39103: 0.9922
39104: 0.9922
39105: 0.992201
39106: 0.992201
39107: 0.992201
39108: 0.992201
39109: 0.992201
39110: 0.992202
39111: 0.992202
39112: 0.992202
39113: 0.992202
39114: 0.992202
39115: 0.992203
39116: 0.992203
39117: 0.992203
39118: 0.992203
39119: 0.992203
39120: 0.992204
39121: 0.992204
39122: 0.992204
39123: 0.992204
39124: 0.992204
39125: 0.992205
39126: 0.992205
39127: 0.992205
39128: 0.992205
39129: 0.992205
39130: 0.992206
39131: 0.992206
39132: 0.992206
39133: 0.992206
39134: 0.992206
39135: 0.992207
39136: 0.992207
39137: 0.992207
39138: 0.992207
39139: 0.992207
39140: 0.992208
39141: 0.992208
39142: 0.992208
39143: 0.992208
39144: 0.992208
39145: 0.992209
39146: 0.992209
39147: 0.992209
39148: 0.992209
39149: 0.992209
39150: 0.99221
39151: 0.99221
39152: 0.99221
39153: 0.99221
39154: 0.99221
39155: 0.992211
39156: 0.992211
39157: 0.992211
39158: 0.992211
39159: 0.992211
39160: 0.992212
39161: 0.992212
39162: 0.992212
39163: 0.992212
39164: 0.992212
39165: 0.992213
39166: 0.992213
39167: 0.992213
39168: 0.992213
39169: 0.992213
39170: 0.992214
39171: 0.992214
39172: 0.992214
39173: 0.992214
39174: 0.992214
39175: 0.992215
39176: 0.992215
39177: 0.992215
39178: 0.992215
39179: 0.992215
39180: 0.992216
39181: 0.992216
39182: 0.992216
39183: 0.992216
39184: 0.992216
39185: 0.992217
39186: 0.992217
39187: 0.992217
39188: 0.992217
39189: 0.992217
39190: 0.992218
39191: 0.992218
39192: 0.992218
39193: 0.992218
39194: 0.992218
39195: 0.992219
39196: 0.992219
39197: 0.992219
39198: 0.992219
39199: 0.992219
39200: 0.992194
39201: 0.992194
39202: 0.992194
39203: 0.992195
39204: 0.992195
39205: 0.992195
39206: 0.992195
39207: 0.992195
39208: 0.992196
39209: 0.992196
39210: 0.992196
39211: 0.992196
39212: 0.992196
39213: 0.992197
39214: 0.992197
39215: 0.992197
39216: 0.992197
39217: 0.992197
39218: 0.992198
39219: 0.992198
39220: 0.992198
39221: 0.992198
39222: 0.992198
39223: 0.992199
39224: 0.992199
39225: 0.992199
39226: 0.992199
39227: 0.992199
39228: 0.9922
39229: 0.9922
39230: 0.9922
39231: 0.9922
39232: 0.9922
39233: 0.992201
39234: 0.992201
39235: 0.992201
39236: 0.992201
39237: 0.992201
39238: 0.992202
39239: 0.992202
39240: 0.992202
39241: 0.992202
39242: 0.992202
39243: 0.992203
39244: 0.992203
39245: 0.992203
39246: 0.992203
39247: 0.992203
39248: 0.992204
39249: 0.992204
39250: 0.992204
39251: 0.992204
39252: 0.992204
39253: 0.992205
39254: 0.992205
39255: 0.992205
39256: 0.992205
39257: 0.992205
39258: 0.992206
39259: 0.992206
39260: 0.992206
39261: 0.992206
39262: 0.992206
39263: 0.992207
39264: 0.992207
39265: 0.992207
39266: 0.992207
39267: 0.992207
39268: 0.992208
39269: 0.992208
39270: 0.992208
39271: 0.992208
39272: 0.992208
39273: 0.992209
39274: 0.992209
39275: 0.992209
39276: 0.992209
39277: 0.992209
39278: 0.99221
39279: 0.99221
39280: 0.99221
39281: 0.99221
39282: 0.99221
39283: 0.992211
39284: 0.992211
39285: 0.992211
39286: 0.992211
39287: 0.992211
39288: 0.992212
39289: 0.992212
39290: 0.992212
39291: 0.992212
39292: 0.992212
39293: 0.992213
39294: 0.992213
39295: 0.992213
39296: 0.992213
39297: 0.992213
39298: 0.992214
39299: 0.992214
39300: 0.992214
39301: 0.992189
39302: 0.992189
39303: 0.992189
39304: 0.992189
39305: 0.992189
39306: 0.99219
39307: 0.99219
39308: 0.99219
39309: 0.99219
39310: 0.99219
39311: 0.992191
39312: 0.992191
39313: 0.992191
39314: 0.992191
39315: 0.992191
39316: 0.992192
39317: 0.992192
39318: 0.992192
39319: 0.992192
39320: 0.992192
39321: 0.992193
39322: 0.992193
39323: 0.992193
39324: 0.992193
39325: 0.992193
39326: 0.992194
39327: 0.992194
39328: 0.992194
39329: 0.992194
39330: 0.992194
39331: 0.992195
39332: 0.992195
39333: 0.992195
39334: 0.992195
39335: 0.992195
39336: 0.992196
39337: 0.992196
39338: 0.992196
39339: 0.992196
39340: 0.992196
39341: 0.992197
39342: 0.992197
39343: 0.992197
39344: 0.992197
39345: 0.992197
39346: 0.992198
39347: 0.992198
39348: 0.992198
39349: 0.992198
39350: 0.992198
39351: 0.992199
39352: 0.992199
39353: 0.992199
39354: 0.992199
39355: 0.992199
39356: 0.9922
39357: 0.9922
39358: 0.9922
39359: 0.9922
39360: 0.9922
39361: 0.992201
39362: 0.992201
39363: 0.992201
39364: 0.992201
39365: 0.992201
39366: 0.992202
39367: 0.992202
39368: 0.992177
39369: 0.992177
39370: 0.992177
39371: 0.992177
39372: 0.992177
39373: 0.992178
39374: 0.992178
39375: 0.992178
39376: 0.992178
39377: 0.992178
39378: 0.992179
39379: 0.992179
39380: 0.992179
39381: 0.992179
39382: 0.992179
39383: 0.99218
39384: 0.99218
39385: 0.99218
39386: 0.99218
39387: 0.99218
39388: 0.992181
39389: 0.992181
39390: 0.992181
39391: 0.992181
39392: 0.992181
39393: 0.992182
39394: 0.992182
39395: 0.992182
39396: 0.992182
39397: 0.992182
39398: 0.992183
39399: 0.992183
39400: 0.992183
39401: 0.992183
39402: 0.992183
39403: 0.992184
39404: 0.992184
39405: 0.992184
39406: 0.992184
39407: 0.992184
39408: 0.992185
39409: 0.992185
39410: 0.992185
39411: 0.992185
39412: 0.992185
39413: 0.992186
39414: 0.992186
39415: 0.992186
39416: 0.992186
39417: 0.992186
39418: 0.992187
39419: 0.992187
39420: 0.992187
39421: 0.992187
39422: 0.992187
39423: 0.992188
39424: 0.992188
39425: 0.992188
39426: 0.992188
39427: 0.992188
39428: 0.992188
39429: 0.992189
39430: 0.992189
39431: 0.992189
39432: 0.992189
39433: 0.992189
39434: 0.99219
39435: 0.99219
39436: 0.99219
39437: 0.99219
39438: 0.99219
39439: 0.992191
39440: 0.992191
39441: 0.992191
39442: 0.992191
39443: 0.992191
39444: 0.992192
39445: 0.992192
39446: 0.992192
39447: 0.992192
39448: 0.992192
39449: 0.992193
39450: 0.992193
39451: 0.992193
39452: 0.992193
39453: 0.992193
39454: 0.992194
39455: 0.992194
39456: 0.992194
39457: 0.992194
39458: 0.992194
39459: 0.992195
39460: 0.992195
39461: 0.992195
39462: 0.992195
39463: 0.992195
39464: 0.992196
39465: 0.992196
39466: 0.992196
39467: 0.992196
39468: 0.992196
39469: 0.992197
39470: 0.992197
39471: 0.992197
39472: 0.992197
39473: 0.992197
39474: 0.992198
39475: 0.992198
39476: 0.992198
39477: 0.992198
39478: 0.992198
39479: 0.992199
39480: 0.992199
39481: 0.992199
39482: 0.992199
39483: 0.992199
39484: 0.9922
39485: 0.9922
39486: 0.9922
39487: 0.9922
39488: 0.9922
39489: 0.992201
39490: 0.992201
39491: 0.992201
39492: 0.992201
39493: 0.992201
39494: 0.992202
39495: 0.992202
39496: 0.992202
39497: 0.992202
39498: 0.992202
39499: 0.992203
39500: 0.992203
39501: 0.992203
39502: 0.992203
39503: 0.992203
39504: 0.992204
39505: 0.992204
39506: 0.992204
39507: 0.992204
39508: 0.992204
39509: 0.992205
39510: 0.992205
39511: 0.992205
39512: 0.992205
39513: 0.992205
39514: 0.992205
39515: 0.992206
39516: 0.992206
39517: 0.992206
39518: 0.992206
39519: 0.992206
39520: 0.992207
39521: 0.992207
39522: 0.992207
39523: 0.992207
39524: 0.992207
39525: 0.992208
39526: 0.992208
39527: 0.992208
39528: 0.992208
39529: 0.992208
39530: 0.992209
39531: 0.992209
39532: 0.992209
39533: 0.992209
39534: 0.992209
39535: 0.99221
39536: 0.99221
39537: 0.99221
39538: 0.99221
39539: 0.99221
39540: 0.992211
39541: 0.992211
39542: 0.992211
39543: 0.992211
39544: 0.992211
39545: 0.992212
39546: 0.992212
39547: 0.992212
39548: 0.992212
39549: 0.992212
39550: 0.992213
39551: 0.992213
39552: 0.992213
39553: 0.992213
39554: 0.992213
39555: 0.992214
39556: 0.992214
39557: 0.992214
39558: 0.992214
39559: 0.992214
39560: 0.992215
39561: 0.992215
39562: 0.992215
39563: 0.992215
39564: 0.992215
39565: 0.992216
39566: 0.992216
39567: 0.992216
39568: 0.992216
39569: 0.992216
39570: 0.992217
39571: 0.992217
39572: 0.992217
39573: 0.992217
39574: 0.992217
39575: 0.992218
39576: 0.992218
39577: 0.992218
39578: 0.992218
39579: 0.992218
39580: 0.992218
39581: 0.992219
39582: 0.992219
39583: 0.992219
39584: 0.992219
39585: 0.992219
39586: 0.99222
39587: 0.99222
39588: 0.99222
39589: 0.99222
39590: 0.99222
39591: 0.992221
39592: 0.992221
39593: 0.992221
39594: 0.992221
39595: 0.992221
39596: 0.992222
39597: 0.992222
39598: 0.992222
39599: 0.992222
39600: 0.992222
39601: 0.992223
39602: 0.992223
39603: 0.992223
39604: 0.992223
39605: 0.992223
39606: 0.992224
39607: 0.992224
39608: 0.992224
39609: 0.992224
39610: 0.992224
39611: 0.992225
39612: 0.992225
39613: 0.992225
39614: 0.992225
39615: 0.992225
39616: 0.992226
39617: 0.992226
39618: 0.992226
39619: 0.992226
39620: 0.992226
39621: 0.992227
39622: 0.992227
39623: 0.992227
39624: 0.992227
39625: 0.992227
39626: 0.992228
39627: 0.992228
39628: 0.992228
39629: 0.992228
39630: 0.992228
39631: 0.992229
39632: 0.992229
39633: 0.992229
39634: 0.992229
39635: 0.992229
39636: 0.992229
39637: 0.99223
39638: 0.99223
39639: 0.99223
39640: 0.99223
39641: 0.99223
39642: 0.992231
39643: 0.992231
39644: 0.992231
39645: 0.992231
39646: 0.992231
39647: 0.992232
39648: 0.992232
39649: 0.992232
39650: 0.992232
39651: 0.992232
39652: 0.992233
39653: 0.992233
39654: 0.992233
39655: 0.992233
39656: 0.992233
39657: 0.992234
39658: 0.992234
39659: 0.992234
39660: 0.992234
39661: 0.992234
39662: 0.992235
39663: 0.992235
39664: 0.992235
39665: 0.992235
39666: 0.992235
39667: 0.992236
39668: 0.992236
39669: 0.992236
39670: 0.992236
39671: 0.992236
39672: 0.992237
39673: 0.992237
39674: 0.992237
39675: 0.992237
39676: 0.992237
39677: 0.992238
39678: 0.992238
39679: 0.992238
39680: 0.992238
39681: 0.992238
39682: 0.992238
39683: 0.992239
39684: 0.992239
39685: 0.992239
39686: 0.992239
39687: 0.992239
39688: 0.99224
39689: 0.99224
39690: 0.99224
39691: 0.99224
39692: 0.99224
39693: 0.992241
39694: 0.992241
39695: 0.992241
39696: 0.992241
39697: 0.992241
39698: 0.992242
39699: 0.992242
39700: 0.992242
39701: 0.992242
39702: 0.992242
39703: 0.992243
39704: 0.992243
39705: 0.992243
39706: 0.992243
39707: 0.992243
39708: 0.992244
39709: 0.992244
39710: 0.992244
39711: 0.992244
39712: 0.992244
39713: 0.992245
39714: 0.992245
39715: 0.992245
39716: 0.992245
39717: 0.992245
39718: 0.992246
39719: 0.992246
39720: 0.992246
39721: 0.992246
39722: 0.992246
39723: 0.992247
39724: 0.992247
39725: 0.992247
39726: 0.992247
39727: 0.992247
39728: 0.992247
39729: 0.992248
39730: 0.992248
39731: 0.992248
39732: 0.992248
39733: 0.992248
39734: 0.992249
39735: 0.992249
39736: 0.992249
39737: 0.992249
39738: 0.992249
39739: 0.99225
39740: 0.99225
39741: 0.99225
39742: 0.99225
39743: 0.99225
39744: 0.992251
39745: 0.992251
39746: 0.992251
39747: 0.992251
39748: 0.992251
39749: 0.992252
39750: 0.992252
39751: 0.992252
39752: 0.992252
39753: 0.992252
39754: 0.992253
39755: 0.992253
39756: 0.992253
39757: 0.992253
39758: 0.992253
39759: 0.992254
39760: 0.992254
39761: 0.992254
39762: 0.992254
39763: 0.992254
39764: 0.992254
39765: 0.992255
39766: 0.992255
39767: 0.992255
39768: 0.992255
39769: 0.992255
39770: 0.992256
39771: 0.992256
39772: 0.992256
39773: 0.992256
39774: 0.992256
39775: 0.992257
39776: 0.992257
39777: 0.992257
39778: 0.992257
39779: 0.992257
39780: 0.992258
39781: 0.992258
39782: 0.992258
39783: 0.992258
39784: 0.992258
39785: 0.992259
39786: 0.992259
39787: 0.992259
39788: 0.992259
39789: 0.992259
39790: 0.99226
39791: 0.99226
39792: 0.99226
39793: 0.99226
39794: 0.99226
39795: 0.992261
39796: 0.992261
39797: 0.992261
39798: 0.992261
39799: 0.992261
39800: 0.992262
39801: 0.992262
39802: 0.992262
39803: 0.992262
39804: 0.992262
39805: 0.992262
39806: 0.992263
39807: 0.992263
39808: 0.992263
39809: 0.992263
39810: 0.992263
39811: 0.992264
39812: 0.992264
39813: 0.992264
39814: 0.992264
39815: 0.992264
39816: 0.992265
39817: 0.992265
39818: 0.992265
39819: 0.992265
39820: 0.992265
39821: 0.992266
39822: 0.992266
39823: 0.992266
39824: 0.992266
39825: 0.992266
39826: 0.992267
39827: 0.992267
39828: 0.992267
39829: 0.992267
39830: 0.992267
39831: 0.992268
39832: 0.992268
39833: 0.992268
39834: 0.992268
39835: 0.992268
39836: 0.992243
39837: 0.992244
39838: 0.992244
39839: 0.992244
39840: 0.992244
39841: 0.992244
39842: 0.992245
39843: 0.992245
39844: 0.992245
39845: 0.992245
39846: 0.992245
39847: 0.992246
39848: 0.992246
39849: 0.992246
39850: 0.992246
39851: 0.992246
39852: 0.992247
39853: 0.992247
39854: 0.992247
39855: 0.992247
39856: 0.992247
39857: 0.992247
39858: 0.992248
39859: 0.992248
39860: 0.992248
39861: 0.992248
39862: 0.992248
39863: 0.992249
39864: 0.992249
39865: 0.992249
39866: 0.992249
39867: 0.992249
39868: 0.99225
39869: 0.99225
39870: 0.99225
39871: 0.99225
39872: 0.99225
39873: 0.992251
39874: 0.992251
39875: 0.992251
39876: 0.992251
39877: 0.992251
39878: 0.992252
39879: 0.992252
39880: 0.992252
39881: 0.992252
39882: 0.992252
39883: 0.992253
39884: 0.992253
39885: 0.992253
39886: 0.992253
39887: 0.992253
39888: 0.992254
39889: 0.992254
39890: 0.992254
39891: 0.992254
39892: 0.992254
39893: 0.992254
39894: 0.992255
39895: 0.992255
39896: 0.992255
39897: 0.992255
39898: 0.992255
39899: 0.992256
39900: 0.992256
39901: 0.992256
39902: 0.992256
39903: 0.992256
39904: 0.992257
39905: 0.992257
39906: 0.992257
39907: 0.992257
39908: 0.992257
39909: 0.992258
39910: 0.992258
39911: 0.992258
39912: 0.992258
39913: 0.992258
39914: 0.992259
39915: 0.992259
39916: 0.992259
39917: 0.992259
39918: 0.992259
39919: 0.99226
39920: 0.99226
39921: 0.99226
39922: 0.99226
39923: 0.99226
39924: 0.99226
39925: 0.992261
39926: 0.992261
39927: 0.992261
39928: 0.992261
39929: 0.992261
39930: 0.992262
39931: 0.992262
39932: 0.992262
39933: 0.992262
39934: 0.992262
39935: 0.992263
39936: 0.992263
39937: 0.992263
39938: 0.992263
39939: 0.992263
39940: 0.992264
39941: 0.992264
39942: 0.992264
39943: 0.992264
39944: 0.992264
39945: 0.992265
39946: 0.99224
39947: 0.99224
39948: 0.99224
39949: 0.99224
39950: 0.99224
39951: 0.992241
39952: 0.992241
39953: 0.992241
39954: 0.992241
39955: 0.992241
39956: 0.992242
39957: 0.992242
39958: 0.992242
39959: 0.992242
39960: 0.992242
39961: 0.992243
39962: 0.992243
39963: 0.992243
39964: 0.992243
39965: 0.992243
39966: 0.992244
39967: 0.992244
39968: 0.992244
39969: 0.992244
39970: 0.992244
39971: 0.992245
39972: 0.992245
39973: 0.992245
39974: 0.992245
39975: 0.992245
39976: 0.992246
39977: 0.992246
39978: 0.992246
39979: 0.992246
39980: 0.992246
39981: 0.992247
39982: 0.992247
39983: 0.992247
39984: 0.992247
39985: 0.992247
39986: 0.992247
39987: 0.992248
39988: 0.992248
39989: 0.992248
39990: 0.992248
39991: 0.992248
39992: 0.992249
39993: 0.992249
39994: 0.992249
39995: 0.992249
39996: 0.992249
39997: 0.99225
39998: 0.99225
39999: 0.99225
40000: 0.99225
40001: 0.99225
40002: 0.992251
40003: 0.992251
40004: 0.992251
40005: 0.992251
40006: 0.992251
40007: 0.992252
40008: 0.992252
40009: 0.992252
40010: 0.992252
40011: 0.992252
40012: 0.992253
40013: 0.992253
40014: 0.992253
40015: 0.992253
40016: 0.992253
40017: 0.992253
40018: 0.992254
40019: 0.992254
40020: 0.992254
40021: 0.992254
40022: 0.992254
40023: 0.992255
40024: 0.992255
40025: 0.992255
40026: 0.992255
40027: 0.992255
40028: 0.992256
40029: 0.992256
40030: 0.992256
40031: 0.992256
40032: 0.992256
40033: 0.992257
40034: 0.992257
40035: 0.992257
40036: 0.992257
40037: 0.992257
40038: 0.992258
40039: 0.992258
40040: 0.992258
40041: 0.992258
40042: 0.992258
40043: 0.992259
40044: 0.992259
40045: 0.992259
40046: 0.992259
40047: 0.992259
40048: 0.992259
40049: 0.99226
40050: 0.99226
40051: 0.99226
40052: 0.99226
40053: 0.99226
40054: 0.992261
40055: 0.992261
40056: 0.992261
40057: 0.992261
40058: 0.992261
40059: 0.992262
40060: 0.992262
40061: 0.992262
40062: 0.992262
40063: 0.992262
40064: 0.992263
40065: 0.992263
40066: 0.992263
40067: 0.992263
40068: 0.992263
40069: 0.992264
40070: 0.992264
40071: 0.992264
40072: 0.992264
40073: 0.992264
40074: 0.992265
40075: 0.992265
40076: 0.992265
40077: 0.992265
40078: 0.992265
40079: 0.992265
40080: 0.992266
40081: 0.992266
40082: 0.992266
40083: 0.992266
40084: 0.992266
40085: 0.992267
40086: 0.992267
40087: 0.992267
40088: 0.992267
40089: 0.992267
40090: 0.992268
40091: 0.992268
40092: 0.992268
40093: 0.992268
40094: 0.992268
40095: 0.992269
40096: 0.992269
40097: 0.992269
40098: 0.992269
40099: 0.992269
40100: 0.99227
40101: 0.99227
40102: 0.99227
40103: 0.99227
40104: 0.99227
40105: 0.99227
40106: 0.992271
40107: 0.992271
40108: 0.992271
40109: 0.992271
40110: 0.992271
40111: 0.992272
40112: 0.992272
40113: 0.992272
40114: 0.992272
40115: 0.992272
40116: 0.992273
40117: 0.992273
40118: 0.992273
40119: 0.992273
40120: 0.992273
40121: 0.992274
40122: 0.992274
40123: 0.992274
40124: 0.992274
40125: 0.992274
40126: 0.992275
40127: 0.992275
40128: 0.992275
40129: 0.992275
40130: 0.992275
40131: 0.992275
40132: 0.992276
40133: 0.992276
40134: 0.992276
40135: 0.992276
40136: 0.992276
40137: 0.992277
40138: 0.992277
40139: 0.992277
40140: 0.992277
40141: 0.992277
40142: 0.992278
40143: 0.992278
40144: 0.992278
40145: 0.992278
40146: 0.992278
40147: 0.992279
40148: 0.992279
40149: 0.992279
40150: 0.992279
40151: 0.992279
40152: 0.99228
40153: 0.99228
40154: 0.99228
40155: 0.99228
40156: 0.99228
40157: 0.99228
40158: 0.992281
40159: 0.992281
40160: 0.992281
40161: 0.992281
40162: 0.992281
40163: 0.992282
40164: 0.992282
40165: 0.992282
40166: 0.992282
40167: 0.992282
40168: 0.992283
40169: 0.992283
40170: 0.992283
40171: 0.992283
40172: 0.992283
40173: 0.992284
40174: 0.992284
40175: 0.992284
40176: 0.992284
40177: 0.992284
40178: 0.992285
40179: 0.992285
40180: 0.992285
40181: 0.992285
40182: 0.992285
40183: 0.992285
40184: 0.992286
40185: 0.992286
40186: 0.992286
40187: 0.992286
40188: 0.992286
40189: 0.992287
40190: 0.992287
40191: 0.992287
40192: 0.992287
40193: 0.992287
40194: 0.992288
40195: 0.992288
40196: 0.992288
40197: 0.992288
40198: 0.992288
40199: 0.992289
40200: 0.992289
40201: 0.992289
40202: 0.992289
40203: 0.992289
40204: 0.99229
40205: 0.99229
40206: 0.99229
40207: 0.99229
40208: 0.99229
40209: 0.99229
40210: 0.992291
40211: 0.992291
40212: 0.992291
40213: 0.992291
40214: 0.992291
40215: 0.992292
40216: 0.992292
40217: 0.992292
40218: 0.992292
40219: 0.992292
40220: 0.992293
40221: 0.992293
40222: 0.992293
40223: 0.992293
40224: 0.992293
40225: 0.992294
40226: 0.992294
40227: 0.992294
40228: 0.992294
40229: 0.992294
40230: 0.992294
40231: 0.992295
40232: 0.992295
40233: 0.992295
40234: 0.992295
40235: 0.992295
40236: 0.992296
40237: 0.992296
40238: 0.992296
40239: 0.992296
40240: 0.992296
40241: 0.992297
40242: 0.992297
40243: 0.992297
40244: 0.992297
40245: 0.992297
40246: 0.992298
40247: 0.992298
40248: 0.992298
40249: 0.992298
40250: 0.992298
40251: 0.992299
40252: 0.992299
40253: 0.992299
40254: 0.992299
40255: 0.992299
40256: 0.992299
40257: 0.9923
40258: 0.9923
40259: 0.9923
40260: 0.9923
40261: 0.9923
40262: 0.992301
40263: 0.992301
40264: 0.992301
40265: 0.992301
40266: 0.992301
40267: 0.992302
40268: 0.992302
40269: 0.992302
40270: 0.992302
40271: 0.992302
40272: 0.992303
40273: 0.992303
40274: 0.992303
40275: 0.992303
40276: 0.992303
40277: 0.992303
40278: 0.992304
40279: 0.992304
40280: 0.992304
40281: 0.992304
40282: 0.992304
40283: 0.992305
40284: 0.992305
40285: 0.992305
40286: 0.992305
40287: 0.992305
40288: 0.992306
40289: 0.992306
40290: 0.992306
40291: 0.992306
40292: 0.992306
40293: 0.992307
40294: 0.992307
40295: 0.992307
40296: 0.992307
40297: 0.992307
40298: 0.992308
40299: 0.992308
40300: 0.992308
40301: 0.992308
40302: 0.992308
40303: 0.992308
40304: 0.992309
40305: 0.992309
40306: 0.992309
40307: 0.992309
40308: 0.992309
40309: 0.99231
40310: 0.99231
40311: 0.99231
40312: 0.99231
40313: 0.99231
40314: 0.992311
40315: 0.992311
40316: 0.992311
40317: 0.992311
40318: 0.992311
40319: 0.992312
40320: 0.992312
40321: 0.992312
40322: 0.992312
40323: 0.992312
40324: 0.992312
40325: 0.992313
40326: 0.992313
40327: 0.992313
40328: 0.992313
40329: 0.992313
40330: 0.992314
40331: 0.992314
40332: 0.992314
40333: 0.992314
40334: 0.992314
40335: 0.992315
40336: 0.992315
40337: 0.992315
40338: 0.992315
40339: 0.992315
40340: 0.992316
40341: 0.992316
40342: 0.992316
40343: 0.992316
40344: 0.992316
40345: 0.992316
40346: 0.992317
40347: 0.992317
40348: 0.992317
40349: 0.992317
40350: 0.992317
40351: 0.992318
40352: 0.992318
40353: 0.992318
40354: 0.992318
40355: 0.992318
40356: 0.992319
40357: 0.992319
40358: 0.992319
40359: 0.992319
40360: 0.992319
40361: 0.99232
40362: 0.99232
40363: 0.99232
40364: 0.99232
40365: 0.99232
40366: 0.99232
40367: 0.992321
40368: 0.992321
40369: 0.992321
40370: 0.992321
40371: 0.992321
40372: 0.992322
40373: 0.992322
40374: 0.992322
40375: 0.992322
40376: 0.992322
40377: 0.992323
40378: 0.992323
40379: 0.992323
40380: 0.992323
40381: 0.992323
40382: 0.992324
40383: 0.992324
40384: 0.992324
40385: 0.992324
40386: 0.992324
40387: 0.992324
40388: 0.992325
40389: 0.992325
40390: 0.992325
40391: 0.992325
40392: 0.992325
40393: 0.992326
40394: 0.992326
40395: 0.992326
40396: 0.992326
40397: 0.992326
40398: 0.992327
40399: 0.992327
40400: 0.992327
40401: 0.992327
40402: 0.992327
40403: 0.992327
40404: 0.992328
40405: 0.992328
40406: 0.992328
40407: 0.992328
40408: 0.992328
40409: 0.992329
40410: 0.992329
40411: 0.992329
40412: 0.992329
40413: 0.992329
40414: 0.99233
40415: 0.99233
40416: 0.99233
40417: 0.99233
40418: 0.99233
40419: 0.992331
40420: 0.992331
40421: 0.992331
40422: 0.992331
40423: 0.992331
40424: 0.992331
40425: 0.992332
40426: 0.992332
40427: 0.992332
40428: 0.992332
40429: 0.992332
40430: 0.992333
40431: 0.992333
40432: 0.992333
40433: 0.992333
40434: 0.992333
40435: 0.992334
40436: 0.992334
40437: 0.992334
40438: 0.992334
40439: 0.992334
40440: 0.992335
40441: 0.992335
40442: 0.992335
40443: 0.992335
40444: 0.992335
40445: 0.992335
40446: 0.992336
40447: 0.992336
40448: 0.992336
40449: 0.992336
40450: 0.992336
40451: 0.992337
40452: 0.992337
40453: 0.992337
40454: 0.992337
40455: 0.992337
40456: 0.992338
40457: 0.992338
40458: 0.992338
40459: 0.992338
40460: 0.992338
40461: 0.992338
40462: 0.992339
40463: 0.992339
40464: 0.992339
40465: 0.992339
40466: 0.992339
40467: 0.99234
40468: 0.99234
40469: 0.99234
40470: 0.99234
40471: 0.99234
40472: 0.992341
40473: 0.992341
40474: 0.992341
40475: 0.992341
40476: 0.992341
40477: 0.992342
40478: 0.992342
40479: 0.992342
40480: 0.992342
40481: 0.992342
40482: 0.992342
40483: 0.992343
40484: 0.992318
40485: 0.992318
40486: 0.992319
40487: 0.992319
40488: 0.992319
40489: 0.992319
40490: 0.992319
40491: 0.992319
40492: 0.99232
40493: 0.99232
40494: 0.99232
40495: 0.99232
40496: 0.99232
40497: 0.992321
40498: 0.992321
40499: 0.992321
40500: 0.992321
40501: 0.992321
40502: 0.992322
40503: 0.992322
40504: 0.992297
40505: 0.992273
40506: 0.992273
40507: 0.992273
40508: 0.992273
40509: 0.992274
40510: 0.992274
40511: 0.992274
40512: 0.992274
40513: 0.992274
40514: 0.992274
40515: 0.992275
40516: 0.992275
40517: 0.992275
40518: 0.992275
40519: 0.992275
40520: 0.992276
40521: 0.992276
40522: 0.992276
40523: 0.992276
40524: 0.992276
40525: 0.992277
40526: 0.992277
40527: 0.992277
40528: 0.992277
40529: 0.992277
40530: 0.992278
40531: 0.992278
40532: 0.992278
40533: 0.992278
40534: 0.992278
40535: 0.992278
40536: 0.992279
40537: 0.992279
40538: 0.992279
40539: 0.992279
40540: 0.992279
40541: 0.99228
40542: 0.99228
40543: 0.99228
40544: 0.99228
40545: 0.99228
40546: 0.992281
40547: 0.992281
40548: 0.992281
40549: 0.992281
40550: 0.992281
40551: 0.992282
40552: 0.992282
40553: 0.992282
40554: 0.992282
40555: 0.992282
40556: 0.992282
40557: 0.992283
40558: 0.992283
40559: 0.992283
40560: 0.992283
40561: 0.992283
40562: 0.992284
40563: 0.992284
40564: 0.992284
40565: 0.992284
40566: 0.992284
40567: 0.992285
40568: 0.992285
40569: 0.992285
40570: 0.992285
40571: 0.992285
40572: 0.992286
40573: 0.992286
40574: 0.992286
40575: 0.992286
40576: 0.992286
40577: 0.992286
40578: 0.992287
40579: 0.992287
40580: 0.992287
40581: 0.992287
40582: 0.992287
40583: 0.992288
40584: 0.992288
40585: 0.992288
40586: 0.992288
40587: 0.992288
40588: 0.992289
40589: 0.992289
40590: 0.992289
40591: 0.992289
40592: 0.992289
40593: 0.99229
40594: 0.99229
40595: 0.99229
40596: 0.99229
40597: 0.99229
40598: 0.99229
40599: 0.992291
40600: 0.992291
40601: 0.992291
40602: 0.992291
40603: 0.992291
40604: 0.992292
40605: 0.992292
40606: 0.992292
40607: 0.992292
40608: 0.992292
40609: 0.992293
40610: 0.992293
40611: 0.992293
40612: 0.992293
40613: 0.992293
40614: 0.992293
40615: 0.992294
40616: 0.992294
40617: 0.992294
40618: 0.992294
40619: 0.992294
40620: 0.992295
40621: 0.992295
40622: 0.992295
40623: 0.992295
40624: 0.992295
40625: 0.992296
40626: 0.992296
40627: 0.992296
40628: 0.992296
40629: 0.992296
40630: 0.992297
40631: 0.992297
40632: 0.992297
40633: 0.992297
40634: 0.992297
40635: 0.992297
40636: 0.992298
40637: 0.992298
40638: 0.992298
40639: 0.992298
40640: 0.992298
40641: 0.992299
40642: 0.992299
40643: 0.992299
40644: 0.992299
40645: 0.992299
40646: 0.9923
40647: 0.9923
40648: 0.9923
40649: 0.9923
40650: 0.9923
40651: 0.992301
40652: 0.992301
40653: 0.992301
40654: 0.992301
40655: 0.992301
40656: 0.992301
40657: 0.992302
40658: 0.992302
40659: 0.992302
40660: 0.992302
40661: 0.992302
40662: 0.992303
40663: 0.992303
40664: 0.992303
40665: 0.992303
40666: 0.992303
40667: 0.992304
40668: 0.992304
40669: 0.992304
40670: 0.992304
40671: 0.992304
40672: 0.992304
40673: 0.992305
40674: 0.992305
40675: 0.992305
40676: 0.992305
40677: 0.992305
40678: 0.992306
40679: 0.992306
40680: 0.992306
40681: 0.992306
40682: 0.992306
40683: 0.992307
40684: 0.992307
40685: 0.992307
40686: 0.992307
40687: 0.992307
40688: 0.992308
40689: 0.992308
40690: 0.992308
40691: 0.992308
40692: 0.992308
40693: 0.992308
40694: 0.992309
40695: 0.992309
40696: 0.992309
40697: 0.992309
40698: 0.992309
40699: 0.99231
40700: 0.99231
40701: 0.99231
40702: 0.99231
40703: 0.99231
40704: 0.992311
40705: 0.992311
40706: 0.992311
40707: 0.992311
40708: 0.992311
40709: 0.992311
40710: 0.992312
40711: 0.992312
40712: 0.992312
40713: 0.992312
40714: 0.992312
40715: 0.992313
40716: 0.992313
40717: 0.992313
40718: 0.992313
40719: 0.992313
40720: 0.992314
40721: 0.992314
40722: 0.992314
40723: 0.992314
40724: 0.992314
40725: 0.992314
40726: 0.992315
40727: 0.992315
40728: 0.992315
40729: 0.992315
40730: 0.992315
40731: 0.992316
40732: 0.992316
40733: 0.992316
40734: 0.992316
40735: 0.992316
40736: 0.992317
40737: 0.992317
40738: 0.992317
40739: 0.992317
40740: 0.992317
40741: 0.992318
40742: 0.992318
40743: 0.992318
40744: 0.992318
40745: 0.992318
40746: 0.992318
40747: 0.992319
40748: 0.992319
40749: 0.992319
40750: 0.992319
40751: 0.992319
40752: 0.99232
40753: 0.99232
40754: 0.99232
40755: 0.99232
40756: 0.99232
40757: 0.992321
40758: 0.992321
40759: 0.992321
40760: 0.992321
40761: 0.992321
40762: 0.992321
40763: 0.992322
40764: 0.992322
40765: 0.992322
40766: 0.992322
40767: 0.992322
40768: 0.992323
40769: 0.992323
40770: 0.992323
40771: 0.992323
40772: 0.992323
40773: 0.992324
40774: 0.992324
40775: 0.992324
40776: 0.992324
40777: 0.992324
40778: 0.992324
40779: 0.992325
40780: 0.992325
40781: 0.992325
40782: 0.992325
40783: 0.992325
40784: 0.992326
40785: 0.992326
40786: 0.992326
40787: 0.992326
40788: 0.992326
40789: 0.992327
40790: 0.992327
40791: 0.992327
40792: 0.992327
40793: 0.992327
40794: 0.992327
40795: 0.992328
40796: 0.992328
40797: 0.992328
40798: 0.992328
40799: 0.992328
40800: 0.992329
40801: 0.992329
40802: 0.992329
40803: 0.992329
40804: 0.992329
40805: 0.99233
40806: 0.99233
40807: 0.99233
40808: 0.99233
40809: 0.99233
40810: 0.99233
40811: 0.992331
40812: 0.992331
40813: 0.992331
40814: 0.992331
40815: 0.992331
40816: 0.992332
40817: 0.992332
40818: 0.992332
40819: 0.992332
40820: 0.992332
40821: 0.992333
40822: 0.992333
40823: 0.992333
40824: 0.992333
40825: 0.992333
40826: 0.992334
40827: 0.992334
40828: 0.992334
40829: 0.992334
40830: 0.992334
40831: 0.992334
40832: 0.992335
40833: 0.992335
40834: 0.992335
40835: 0.992335
40836: 0.992335
40837: 0.992336
40838: 0.992336
40839: 0.992336
40840: 0.992336
40841: 0.992336
40842: 0.992337
40843: 0.992337
40844: 0.992337
40845: 0.992337
40846: 0.992337
40847: 0.992337
40848: 0.992338
40849: 0.992338
40850: 0.992338
40851: 0.992338
40852: 0.992338
40853: 0.992339
40854: 0.992339
40855: 0.992339
40856: 0.992339
40857: 0.992339
40858: 0.99234
40859: 0.99234
40860: 0.99234
40861: 0.99234
40862: 0.99234
40863: 0.99234
40864: 0.992341
40865: 0.992341
40866: 0.992341
40867: 0.992341
40868: 0.992341
40869: 0.992342
40870: 0.992342
40871: 0.992342
40872: 0.992342
40873: 0.992342
40874: 0.992343
40875: 0.992343
40876: 0.992343
40877: 0.992343
40878: 0.992343
40879: 0.992343
40880: 0.992344
40881: 0.992344
40882: 0.992344
40883: 0.992344
40884: 0.992344
40885: 0.992345
40886: 0.992345
40887: 0.992345
40888: 0.992345
40889: 0.992345
40890: 0.992346
40891: 0.992346
40892: 0.992346
40893: 0.992346
40894: 0.992346
40895: 0.992346
40896: 0.992347
40897: 0.992347
40898: 0.992347
40899: 0.992347
40900: 0.992347
40901: 0.992348
40902: 0.992348
40903: 0.992348
40904: 0.992348
40905: 0.992348
40906: 0.992348
40907: 0.992349
40908: 0.992349
40909: 0.992349
40910: 0.992349
40911: 0.992349
40912: 0.99235
40913: 0.99235
40914: 0.99235
40915: 0.99235
40916: 0.99235
40917: 0.992351
40918: 0.992351
40919: 0.992351
40920: 0.992351
40921: 0.992351
40922: 0.992351
40923: 0.992352
40924: 0.992352
40925: 0.992352
40926: 0.992352
40927: 0.992352
40928: 0.992353
40929: 0.992353
40930: 0.992353
40931: 0.992353
40932: 0.992353
40933: 0.992354
40934: 0.992354
40935: 0.992354
40936: 0.992354
40937: 0.992354
40938: 0.992354
40939: 0.992355
40940: 0.992355
40941: 0.992355
40942: 0.992355
40943: 0.992355
40944: 0.992356
40945: 0.992356
40946: 0.992356
40947: 0.992356
40948: 0.992356
40949: 0.992357
40950: 0.992357
40951: 0.992357
40952: 0.992357
40953: 0.992357
40954: 0.992357
40955: 0.992358
40956: 0.992358
40957: 0.992358
40958: 0.992358
40959: 0.992358
40960: 0.992359
40961: 0.992359
40962: 0.992359
40963: 0.992359
40964: 0.992359
40965: 0.99236
40966: 0.99236
40967: 0.99236
40968: 0.99236
40969: 0.99236
40970: 0.99236
40971: 0.992361
40972: 0.992361
40973: 0.992361
40974: 0.992361
40975: 0.992361
40976: 0.992362
40977: 0.992362
40978: 0.992362
40979: 0.992362
40980: 0.992362
40981: 0.992363
40982: 0.992363
40983: 0.992363
40984: 0.992363
40985: 0.992363
40986: 0.992363
40987: 0.992364
40988: 0.992364
40989: 0.992364
40990: 0.992364
40991: 0.992364
40992: 0.992365
40993: 0.992365
40994: 0.992365
40995: 0.992365
40996: 0.992365
40997: 0.992365
40998: 0.992366
40999: 0.992366
41000: 0.992366
41001: 0.992366
41002: 0.992366
41003: 0.992367
41004: 0.992367
41005: 0.992367
41006: 0.992367
41007: 0.992367
41008: 0.992368
41009: 0.992368
41010: 0.992368
41011: 0.992368
41012: 0.992368
41013: 0.992368
41014: 0.992369
41015: 0.992369
41016: 0.992369
41017: 0.992369
41018: 0.992369
41019: 0.99237
41020: 0.99237
41021: 0.99237
41022: 0.99237
41023: 0.99237
41024: 0.992371
41025: 0.992371
41026: 0.992371
41027: 0.992371
41028: 0.992371
41029: 0.992347
41030: 0.992347
41031: 0.992347
41032: 0.992348
41033: 0.992348
41034: 0.992348
41035: 0.992348
41036: 0.992348
41037: 0.992349
41038: 0.992349
41039: 0.992349
41040: 0.992349
41041: 0.992349
41042: 0.992349
41043: 0.99235
41044: 0.99235
41045: 0.99235
41046: 0.99235
41047: 0.99235
41048: 0.992351
41049: 0.992351
41050: 0.992351
41051: 0.992351
41052: 0.992351
41053: 0.992352
41054: 0.992352
41055: 0.992352
41056: 0.992352
41057: 0.992352
41058: 0.992352
41059: 0.992353
41060: 0.992353
41061: 0.992353
41062: 0.992353
41063: 0.992353
41064: 0.992354
41065: 0.992354
41066: 0.992354
41067: 0.992354
41068: 0.992354
41069: 0.992355
41070: 0.992355
41071: 0.992355
41072: 0.992355
41073: 0.992355
41074: 0.992355
41075: 0.992356
41076: 0.992356
41077: 0.992356
41078: 0.992356
41079: 0.992356
41080: 0.992357
41081: 0.992357
41082: 0.992357
41083: 0.992357
41084: 0.992357
41085: 0.992357
41086: 0.992358
41087: 0.992358
41088: 0.992358
41089: 0.992358
41090: 0.992358
41091: 0.992359
41092: 0.992359
41093: 0.992359
41094: 0.992359
41095: 0.992359
41096: 0.99236
41097: 0.99236
41098: 0.99236
41099: 0.99236
41100: 0.99236
41101: 0.99236
41102: 0.992361
41103: 0.992361
41104: 0.992361
41105: 0.992361
41106: 0.992361
41107: 0.992362
41108: 0.992362
41109: 0.992362
41110: 0.992362
41111: 0.992362
41112: 0.992363
41113: 0.992363
41114: 0.992363
41115: 0.992363
41116: 0.992363
41117: 0.992363
41118: 0.992364
41119: 0.992364
41120: 0.992364
41121: 0.992364
41122: 0.992364
41123: 0.992365
41124: 0.992365
41125: 0.992365
41126: 0.992365
41127: 0.992365
41128: 0.992365
41129: 0.992366
41130: 0.992366
41131: 0.992366
41132: 0.992366
41133: 0.992366
41134: 0.992367
41135: 0.992367
41136: 0.992367
41137: 0.992367
41138: 0.992367
41139: 0.992368
41140: 0.992368
41141: 0.992368
41142: 0.992368
41143: 0.992368
41144: 0.992368
41145: 0.992369
41146: 0.992369
41147: 0.992369
41148: 0.992369
41149: 0.992369
41150: 0.99237
41151: 0.99237
41152: 0.99237
41153: 0.99237
41154: 0.99237
41155: 0.99237
41156: 0.992371
41157: 0.992371
41158: 0.992371
41159: 0.992371
41160: 0.992371
41161: 0.992372
41162: 0.992372
41163: 0.992372
41164: 0.992372
41165: 0.992372
41166: 0.992373
41167: 0.992373
41168: 0.992373
41169: 0.992373
41170: 0.992373
41171: 0.992373
41172: 0.992374
41173: 0.992374
41174: 0.992374
41175: 0.992374
41176: 0.992374
41177: 0.992375
41178: 0.992375
41179: 0.992375
41180: 0.992375
41181: 0.992375
41182: 0.992375
41183: 0.992376
41184: 0.992376
41185: 0.992376
41186: 0.992376
41187: 0.992376
41188: 0.992377
41189: 0.992377
41190: 0.992377
41191: 0.992377
41192: 0.992377
41193: 0.992378
41194: 0.992378
41195: 0.992378
41196: 0.992378
41197: 0.992378
41198: 0.992378
41199: 0.992379
41200: 0.992379
41201: 0.992379
41202: 0.992379
41203: 0.992379
41204: 0.99238
41205: 0.99238
41206: 0.99238
41207: 0.99238
41208: 0.99238
41209: 0.99238
41210: 0.992381
41211: 0.992381
41212: 0.992381
41213: 0.992381
41214: 0.992381
41215: 0.992382
41216: 0.992382
41217: 0.992382
41218: 0.992382
41219: 0.992382
41220: 0.992383
41221: 0.992383
41222: 0.992383
41223: 0.992383
41224: 0.992383
41225: 0.992383
41226: 0.992384
41227: 0.992384
41228: 0.992384
41229: 0.992384
41230: 0.992384
41231: 0.992385
41232: 0.992385
41233: 0.992385
41234: 0.992385
41235: 0.992385
41236: 0.992385
41237: 0.992386
41238: 0.992386
41239: 0.992386
41240: 0.992386
41241: 0.992386
41242: 0.992387
41243: 0.992387
41244: 0.992387
41245: 0.992387
41246: 0.992387
41247: 0.992388
41248: 0.992388
41249: 0.992388
41250: 0.992388
41251: 0.992388
41252: 0.992388
41253: 0.992389
41254: 0.992389
41255: 0.992389
41256: 0.992389
41257: 0.992389
41258: 0.99239
41259: 0.99239
41260: 0.99239
41261: 0.99239
41262: 0.99239
41263: 0.99239
41264: 0.992391
41265: 0.992391
41266: 0.992391
41267: 0.992391
41268: 0.992391
41269: 0.992392
41270: 0.992392
41271: 0.992392
41272: 0.992392
41273: 0.992368
41274: 0.992368
41275: 0.992368
41276: 0.992369
41277: 0.992369
41278: 0.992369
41279: 0.992369
41280: 0.992369
41281: 0.99237
41282: 0.99237
41283: 0.99237
41284: 0.99237
41285: 0.99237
41286: 0.99237
41287: 0.992371
41288: 0.992371
41289: 0.992371
41290: 0.992371
41291: 0.992371
41292: 0.992372
41293: 0.992372
41294: 0.992372
41295: 0.992372
41296: 0.992372
41297: 0.992373
41298: 0.992373
41299: 0.992373
41300: 0.992373
41301: 0.992373
41302: 0.992373
41303: 0.992374
41304: 0.992374
41305: 0.992374
41306: 0.992374
41307: 0.992374
41308: 0.992375
41309: 0.992375
41310: 0.992375
41311: 0.992375
41312: 0.992375
41313: 0.992375
41314: 0.992376
41315: 0.992376
41316: 0.992376
41317: 0.992376
41318: 0.992376
41319: 0.992377
41320: 0.992377
41321: 0.992377
41322: 0.992377
41323: 0.992377
41324: 0.992377
41325: 0.992378
41326: 0.992378
41327: 0.992378
41328: 0.992378
41329: 0.992378
41330: 0.992379
41331: 0.992379
41332: 0.992379
41333: 0.992379
41334: 0.992379
41335: 0.99238
41336: 0.99238
41337: 0.99238
41338: 0.99238
41339: 0.99238
41340: 0.99238
41341: 0.992381
41342: 0.992381
41343: 0.992381
41344: 0.992381
41345: 0.992381
41346: 0.992382
41347: 0.992382
41348: 0.992382
41349: 0.992382
41350: 0.992382
41351: 0.992382
41352: 0.992383
41353: 0.992383
41354: 0.992383
41355: 0.992383
41356: 0.992383
41357: 0.992384
41358: 0.992384
41359: 0.992384
41360: 0.992384
41361: 0.992384
41362: 0.992384
41363: 0.992385
41364: 0.992385
41365: 0.992385
41366: 0.992385
41367: 0.992385
41368: 0.992386
41369: 0.992386
41370: 0.992386
41371: 0.992386
41372: 0.992386
41373: 0.992387
41374: 0.992387
41375: 0.992387
41376: 0.992387
41377: 0.992387
41378: 0.992387
41379: 0.992388
41380: 0.992388
41381: 0.992388
41382: 0.992388
41383: 0.992388
41384: 0.992389
41385: 0.992389
41386: 0.992389
41387: 0.992389
41388: 0.992389
41389: 0.992389
41390: 0.99239
41391: 0.99239
41392: 0.99239
41393: 0.99239
41394: 0.99239
41395: 0.992391
41396: 0.992391
41397: 0.992391
41398: 0.992391
41399: 0.992391
41400: 0.992391
41401: 0.992392
41402: 0.992392
41403: 0.992392
41404: 0.992392
41405: 0.992392
41406: 0.992393
41407: 0.992393
41408: 0.992393
41409: 0.992393
41410: 0.992393
41411: 0.992394
41412: 0.992394
41413: 0.992394
41414: 0.992394
41415: 0.992394
41416: 0.992394
41417: 0.992395
41418: 0.992395
41419: 0.992395
41420: 0.992395
41421: 0.992395
41422: 0.992396
41423: 0.992396
41424: 0.992396
41425: 0.992396
41426: 0.992396
41427: 0.992396
41428: 0.992397
41429: 0.992397
41430: 0.992397
41431: 0.992397
41432: 0.992397
41433: 0.992398
41434: 0.992398
41435: 0.992398
41436: 0.992398
41437: 0.992398
41438: 0.992398
41439: 0.992399
41440: 0.992399
41441: 0.992399
41442: 0.992399
41443: 0.992399
41444: 0.9924
41445: 0.9924
41446: 0.9924
41447: 0.9924
41448: 0.9924
41449: 0.9924
41450: 0.992401
41451: 0.992401
41452: 0.992401
41453: 0.992401
41454: 0.992401
41455: 0.992402
41456: 0.992402
41457: 0.992402
41458: 0.992402
41459: 0.992402
41460: 0.992402
41461: 0.992403
41462: 0.992403
41463: 0.992403
41464: 0.992403
41465: 0.992403
41466: 0.992404
41467: 0.992404
41468: 0.992404
41469: 0.992404
41470: 0.992404
41471: 0.992405
41472: 0.992405
41473: 0.992405
41474: 0.992405
41475: 0.992405
41476: 0.992405
41477: 0.992406
41478: 0.992406
41479: 0.992406
41480: 0.992406
41481: 0.992406
41482: 0.992407
41483: 0.992407
41484: 0.992407
41485: 0.992407
41486: 0.992407
41487: 0.992407
41488: 0.992408
41489: 0.992408
41490: 0.992408
41491: 0.992408
41492: 0.992408
41493: 0.992409
41494: 0.992409
41495: 0.992409
41496: 0.992409
41497: 0.992409
41498: 0.992409
41499: 0.99241
41500: 0.99241
41501: 0.99241
41502: 0.99241
41503: 0.99241
41504: 0.992411
41505: 0.992411
41506: 0.992411
41507: 0.992411
41508: 0.992411
41509: 0.992411
41510: 0.992412
41511: 0.992412
41512: 0.992412
41513: 0.992412
41514: 0.992412
41515: 0.992413
41516: 0.992413
41517: 0.992413
41518: 0.992413
41519: 0.992413
41520: 0.992413
41521: 0.992414
41522: 0.992414
41523: 0.992414
41524: 0.992414
41525: 0.992414
41526: 0.992415
41527: 0.992415
41528: 0.992415
41529: 0.992391
41530: 0.992367
41531: 0.992367
41532: 0.992368
41533: 0.992368
41534: 0.992368
41535: 0.992368
41536: 0.992368
41537: 0.992368
41538: 0.992369
41539: 0.992369
41540: 0.992369
41541: 0.992369
41542: 0.992369
41543: 0.99237
41544: 0.99237
41545: 0.99237
41546: 0.99237
41547: 0.99237
41548: 0.99237
41549: 0.992371
41550: 0.992371
41551: 0.992371
41552: 0.992371
41553: 0.992371
41554: 0.992372
41555: 0.992372
41556: 0.992372
41557: 0.992372
41558: 0.992372
41559: 0.992372
41560: 0.992373
41561: 0.992373
41562: 0.992373
41563: 0.992373
41564: 0.992373
41565: 0.992374
41566: 0.992374
41567: 0.992374
41568: 0.992374
41569: 0.992374
41570: 0.992374
41571: 0.992375
41572: 0.992375
41573: 0.992375
41574: 0.992375
41575: 0.992375
41576: 0.992376
41577: 0.992376
41578: 0.992376
41579: 0.992376
41580: 0.992376
41581: 0.992377
41582: 0.992377
41583: 0.992377
41584: 0.992377
41585: 0.992377
41586: 0.992377
41587: 0.992378
41588: 0.992378
41589: 0.992378
41590: 0.992378
41591: 0.992378
41592: 0.992379
41593: 0.992379
41594: 0.992379
41595: 0.992379
41596: 0.992379
41597: 0.992379
41598: 0.99238
41599: 0.99238
41600: 0.99238
41601: 0.99238
41602: 0.99238
41603: 0.992381
41604: 0.992381
41605: 0.992381
41606: 0.992381
41607: 0.992381
41608: 0.992381
41609: 0.992382
41610: 0.992382
41611: 0.992382
41612: 0.992382
41613: 0.992382
41614: 0.992383
41615: 0.992383
41616: 0.992383
41617: 0.992383
41618: 0.992383
41619: 0.992383
41620: 0.992384
41621: 0.992384
41622: 0.992384
41623: 0.992384
41624: 0.992384
41625: 0.992385
41626: 0.992385
41627: 0.992385
41628: 0.992385
41629: 0.992385
41630: 0.992385
41631: 0.992386
41632: 0.992386
41633: 0.992386
41634: 0.992386
41635: 0.992386
41636: 0.992387
41637: 0.992387
41638: 0.992387
41639: 0.992387
41640: 0.992387
41641: 0.992387
41642: 0.992388
41643: 0.992388
41644: 0.992388
41645: 0.992388
41646: 0.992388
41647: 0.992389
41648: 0.992389
41649: 0.992389
41650: 0.992389
41651: 0.992389
41652: 0.99239
41653: 0.99239
41654: 0.99239
41655: 0.99239
41656: 0.99239
41657: 0.99239
41658: 0.992391
41659: 0.992391
41660: 0.992391
41661: 0.992391
41662: 0.992391
41663: 0.992392
41664: 0.992392
41665: 0.992392
41666: 0.992392
41667: 0.992392
41668: 0.992392
41669: 0.992393
41670: 0.992393
41671: 0.992393
41672: 0.992393
41673: 0.992393
41674: 0.992394
41675: 0.992394
41676: 0.992394
41677: 0.992394
41678: 0.992394
41679: 0.992394
41680: 0.992395
41681: 0.992395
41682: 0.992395
41683: 0.992395
41684: 0.992395
41685: 0.992396
41686: 0.992396
41687: 0.992396
41688: 0.992396
41689: 0.992396
41690: 0.992396
41691: 0.992397
41692: 0.992397
41693: 0.992397
41694: 0.992397
41695: 0.992397
41696: 0.992398
41697: 0.992398
41698: 0.992398
41699: 0.992398
41700: 0.992398
41701: 0.992398
41702: 0.992399
41703: 0.992399
41704: 0.992399
41705: 0.992399
41706: 0.992399
41707: 0.9924
41708: 0.9924
41709: 0.9924
41710: 0.9924
41711: 0.9924
41712: 0.9924
41713: 0.992401
41714: 0.992401
41715: 0.992401
41716: 0.992401
41717: 0.992401
41718: 0.992402
41719: 0.992402
41720: 0.992402
41721: 0.992402
41722: 0.992402
41723: 0.992402
41724: 0.992403
41725: 0.992403
41726: 0.992403
41727: 0.992403
41728: 0.992403
41729: 0.992404
41730: 0.992404
41731: 0.992404
41732: 0.992404
41733: 0.992404
41734: 0.992404
41735: 0.992405
41736: 0.992405
41737: 0.992405
41738: 0.992405
41739: 0.992405
41740: 0.992406
41741: 0.992406
41742: 0.992406
41743: 0.992406
41744: 0.992406
41745: 0.992406
41746: 0.992407
41747: 0.992407
41748: 0.992407
41749: 0.992407
41750: 0.992407
41751: 0.992408
41752: 0.992408
41753: 0.992408
41754: 0.992408
41755: 0.992408
41756: 0.992408
41757: 0.992409
41758: 0.992409
41759: 0.992409
41760: 0.992409
41761: 0.992409
41762: 0.99241
41763: 0.99241
41764: 0.99241
41765: 0.99241
41766: 0.99241
41767: 0.99241
41768: 0.992411
41769: 0.992411
41770: 0.992411
41771: 0.992411
41772: 0.992411
41773: 0.992412
41774: 0.992412
41775: 0.992412
41776: 0.992412
41777: 0.992412
41778: 0.992412
41779: 0.992413
41780: 0.992413
41781: 0.992413
41782: 0.992413
41783: 0.992413
41784: 0.992414
41785: 0.992414
41786: 0.992414
41787: 0.992414
41788: 0.992414
41789: 0.992414
41790: 0.992415
41791: 0.992415
41792: 0.992415
41793: 0.992415
41794: 0.992415
41795: 0.992416
41796: 0.992416
41797: 0.992416
41798: 0.992416
41799: 0.992416
41800: 0.992416
41801: 0.992417
41802: 0.992417
41803: 0.992417
41804: 0.992417
41805: 0.992417
41806: 0.992418
41807: 0.992418
41808: 0.992418
41809: 0.992418
41810: 0.992418
41811: 0.992418
41812: 0.992419
41813: 0.992419
41814: 0.992419
41815: 0.992419
41816: 0.992419
41817: 0.99242
41818: 0.99242
41819: 0.99242
41820: 0.99242
41821: 0.99242
41822: 0.99242
41823: 0.992421
41824: 0.992421
41825: 0.992421
41826: 0.992421
41827: 0.992421
41828: 0.992422
41829: 0.992422
41830: 0.992422
41831: 0.992422
41832: 0.992422
41833: 0.992422
41834: 0.992423
41835: 0.992423
41836: 0.992423
41837: 0.992423
41838: 0.992423
41839: 0.992424
41840: 0.992424
41841: 0.992424
41842: 0.992424
41843: 0.992424
41844: 0.992424
41845: 0.992425
41846: 0.992425
41847: 0.992425
41848: 0.992425
41849: 0.992425
41850: 0.992426
41851: 0.992426
41852: 0.992426
41853: 0.992426
41854: 0.992426
41855: 0.992426
41856: 0.992427
41857: 0.992427
41858: 0.992427
41859: 0.992427
41860: 0.992427
41861: 0.992427
41862: 0.992428
41863: 0.992428
41864: 0.992428
41865: 0.992428
41866: 0.992428
41867: 0.992429
41868: 0.992429
41869: 0.992429
41870: 0.992429
41871: 0.992429
41872: 0.992429
41873: 0.99243
41874: 0.99243
41875: 0.99243
41876: 0.99243
41877: 0.99243
41878: 0.992431
41879: 0.992431
41880: 0.992431
41881: 0.992431
41882: 0.992431
41883: 0.992431
41884: 0.992432
41885: 0.992432
41886: 0.992432
41887: 0.992432
41888: 0.992432
41889: 0.992433
41890: 0.992433
41891: 0.992433
41892: 0.992433
41893: 0.992433
41894: 0.992433
41895: 0.992434
41896: 0.992434
41897: 0.992434
41898: 0.992434
41899: 0.992434
41900: 0.992435
41901: 0.992435
41902: 0.992435
41903: 0.992435
41904: 0.992435
41905: 0.992435
41906: 0.992436
41907: 0.992436
41908: 0.992436
41909: 0.992436
41910: 0.992436
41911: 0.992437
41912: 0.992437
41913: 0.992437
41914: 0.992437
41915: 0.992437
41916: 0.992437
41917: 0.992438
41918: 0.992438
41919: 0.992438
41920: 0.992438
41921: 0.992438
41922: 0.992439
41923: 0.992439
41924: 0.992439
41925: 0.992439
41926: 0.992439
41927: 0.992439
41928: 0.99244
41929: 0.99244
41930: 0.99244
41931: 0.99244
41932: 0.99244
41933: 0.992441
41934: 0.992441
41935: 0.992441
41936: 0.992441
41937: 0.992441
41938: 0.992441
41939: 0.992442
41940: 0.992442
41941: 0.992442
41942: 0.992442
41943: 0.992442
41944: 0.992442
41945: 0.992443
41946: 0.992443
41947: 0.992443
41948: 0.992443
41949: 0.992443
41950: 0.992444
41951: 0.992444
41952: 0.992444
41953: 0.992444
41954: 0.992444
41955: 0.992444
41956: 0.992445
41957: 0.992445
41958: 0.992445
41959: 0.992445
41960: 0.992445
41961: 0.992446
41962: 0.992446
41963: 0.992446
41964: 0.992446
41965: 0.992446
41966: 0.992446
41967: 0.992447
41968: 0.992447
41969: 0.992447
41970: 0.992447
41971: 0.992447
41972: 0.992448
41973: 0.992448
41974: 0.992448
41975: 0.992448
41976: 0.992448
41977: 0.992448
41978: 0.992449
41979: 0.992449
41980: 0.992449
41981: 0.992449
41982: 0.992449
41983: 0.99245
41984: 0.99245
41985: 0.99245
41986: 0.99245
41987: 0.99245
41988: 0.99245
41989: 0.992451
41990: 0.992451
41991: 0.992451
41992: 0.992451
41993: 0.992451
41994: 0.992451
41995: 0.992452
41996: 0.992452
41997: 0.992452
41998: 0.992452
41999: 0.992452
42000: 0.992453
42001: 0.992453
42002: 0.992453
42003: 0.992453
42004: 0.992453
42005: 0.992453
42006: 0.992454
42007: 0.992454
42008: 0.992454
42009: 0.992454
42010: 0.992454
42011: 0.992455
42012: 0.992455
42013: 0.992455
42014: 0.992455
42015: 0.992455
42016: 0.992455
42017: 0.992456
42018: 0.992456
42019: 0.992456
42020: 0.992432
42021: 0.992433
42022: 0.992433
42023: 0.992433
42024: 0.992433
42025: 0.992433
42026: 0.992433
42027: 0.992434
42028: 0.992434
42029: 0.992434
42030: 0.992434
42031: 0.992434
42032: 0.992435
42033: 0.992435
42034: 0.992435
42035: 0.992435
42036: 0.992435
42037: 0.992435
42038: 0.992436
42039: 0.992436
42040: 0.992436
42041: 0.992436
42042: 0.992436
42043: 0.992436
42044: 0.992437
42045: 0.992437
42046: 0.992437
42047: 0.992437
42048: 0.992437
42049: 0.992438
42050: 0.992438
42051: 0.992438
42052: 0.992438
42053: 0.992438
42054: 0.992438
42055: 0.992439
42056: 0.992439
42057: 0.992439
42058: 0.992439
42059: 0.992439
42060: 0.99244
42061: 0.99244
42062: 0.99244
42063: 0.99244
42064: 0.99244
42065: 0.99244
42066: 0.992441
42067: 0.992441
42068: 0.992441
42069: 0.992441
42070: 0.992441
42071: 0.992442
42072: 0.992418
42073: 0.992418
42074: 0.992418
42075: 0.992418
42076: 0.992419
42077: 0.992419
42078: 0.992419
42079: 0.992419
42080: 0.992419
42081: 0.99242
42082: 0.99242
42083: 0.99242
42084: 0.99242
42085: 0.99242
42086: 0.99242
42087: 0.992421
42088: 0.992421
42089: 0.992421
42090: 0.992421
42091: 0.992421
42092: 0.992422
42093: 0.992422
42094: 0.992422
42095: 0.992422
42096: 0.992422
42097: 0.992422
42098: 0.992423
42099: 0.992423
42100: 0.992423
42101: 0.992423
42102: 0.992423
42103: 0.992424
42104: 0.992424
42105: 0.992424
42106: 0.992424
42107: 0.992424
42108: 0.992424
42109: 0.992425
42110: 0.992425
42111: 0.992425
42112: 0.992425
42113: 0.992425
42114: 0.992426
42115: 0.992426
42116: 0.992426
42117: 0.992426
42118: 0.992426
42119: 0.992426
42120: 0.992427
42121: 0.992427
42122: 0.992427
42123: 0.992427
42124: 0.992427
42125: 0.992427
42126: 0.992428
42127: 0.992428
42128: 0.992428
42129: 0.992428
42130: 0.992428
42131: 0.992429
42132: 0.992429
42133: 0.992429
42134: 0.992429
42135: 0.992429
42136: 0.992429
42137: 0.99243
42138: 0.99243
42139: 0.99243
42140: 0.99243
42141: 0.99243
42142: 0.992431
42143: 0.992431
42144: 0.992431
42145: 0.992431
42146: 0.992431
42147: 0.992431
42148: 0.992432
42149: 0.992432
42150: 0.992432
42151: 0.992432
42152: 0.992432
42153: 0.992433
42154: 0.992433
42155: 0.992433
42156: 0.992433
42157: 0.992433
42158: 0.992433
42159: 0.992434
42160: 0.992434
42161: 0.992434
42162: 0.992434
42163: 0.992434
42164: 0.992434
42165: 0.992435
42166: 0.992435
42167: 0.992435
42168: 0.992435
42169: 0.992435
42170: 0.992436
42171: 0.992436
42172: 0.992436
42173: 0.992436
42174: 0.992436
42175: 0.992436
42176: 0.992437
42177: 0.992437
42178: 0.992437
42179: 0.992437
42180: 0.992437
42181: 0.992438
42182: 0.992438
42183: 0.992438
42184: 0.992438
42185: 0.992438
42186: 0.992438
42187: 0.992439
42188: 0.992439
42189: 0.992439
42190: 0.992439
42191: 0.992439
42192: 0.99244
42193: 0.99244
42194: 0.99244
42195: 0.99244
42196: 0.99244
42197: 0.99244
42198: 0.992441
42199: 0.992441
42200: 0.992441
42201: 0.992441
42202: 0.992441
42203: 0.992441
42204: 0.992442
42205: 0.992442
42206: 0.992442
42207: 0.992442
42208: 0.992442
42209: 0.992443
42210: 0.992443
42211: 0.992443
42212: 0.992443
42213: 0.992443
42214: 0.992443
42215: 0.992444
42216: 0.992444
42217: 0.992444
42218: 0.992444
42219: 0.992444
42220: 0.992445
42221: 0.992445
42222: 0.992445
42223: 0.992445
42224: 0.992445
42225: 0.992445
42226: 0.992446
42227: 0.992446
42228: 0.992446
42229: 0.992446
42230: 0.992446
42231: 0.992446
42232: 0.992447
42233: 0.992447
42234: 0.992447
42235: 0.992447
42236: 0.992447
42237: 0.992448
42238: 0.992448
42239: 0.992448
42240: 0.992448
42241: 0.992448
42242: 0.992448
42243: 0.992449
42244: 0.992449
42245: 0.992449
42246: 0.992449
42247: 0.992449
42248: 0.99245
42249: 0.99245
42250: 0.99245
42251: 0.99245
42252: 0.99245
42253: 0.99245
42254: 0.992451
42255: 0.992451
42256: 0.992451
42257: 0.992451
42258: 0.992451
42259: 0.992451
42260: 0.992452
42261: 0.992452
42262: 0.992452
42263: 0.992452
42264: 0.992452
42265: 0.992453
42266: 0.992453
42267: 0.992453
42268: 0.992453
42269: 0.992453
42270: 0.992453
42271: 0.992454
42272: 0.992454
42273: 0.992454
42274: 0.992454
42275: 0.992454
42276: 0.992455
42277: 0.992455
42278: 0.992455
42279: 0.992455
42280: 0.992455
42281: 0.992455
42282: 0.992456
42283: 0.992456
42284: 0.992456
42285: 0.992456
42286: 0.992456
42287: 0.992456
42288: 0.992457
42289: 0.992457
42290: 0.992457
42291: 0.992457
42292: 0.992457
42293: 0.992458
42294: 0.992458
42295: 0.992458
42296: 0.992458
42297: 0.992458
42298: 0.992458
42299: 0.992459
42300: 0.992459
42301: 0.992459
42302: 0.992459
42303: 0.992459
42304: 0.99246
42305: 0.99246
42306: 0.99246
42307: 0.99246
42308: 0.99246
42309: 0.99246
42310: 0.992461
42311: 0.992461
42312: 0.992461
42313: 0.992461
42314: 0.992461
42315: 0.992461
42316: 0.992462
42317: 0.992462
42318: 0.992462
42319: 0.992462
42320: 0.992462
42321: 0.992463
42322: 0.992463
42323: 0.992463
42324: 0.992463
42325: 0.992463
42326: 0.992463
42327: 0.992464
42328: 0.992464
42329: 0.992464
42330: 0.992464
42331: 0.992464
42332: 0.992465
42333: 0.992465
42334: 0.992465
42335: 0.992465
42336: 0.992465
42337: 0.992465
42338: 0.992466
42339: 0.992466
42340: 0.992466
42341: 0.992466
42342: 0.992466
42343: 0.992466
42344: 0.992467
42345: 0.992467
42346: 0.992467
42347: 0.992467
42348: 0.992467
42349: 0.992468
42350: 0.992468
42351: 0.992468
42352: 0.992468
42353: 0.992468
42354: 0.992468
42355: 0.992469
42356: 0.992469
42357: 0.992469
42358: 0.992469
42359: 0.992469
42360: 0.992469
42361: 0.99247
42362: 0.99247
42363: 0.99247
42364: 0.99247
42365: 0.99247
42366: 0.992471
42367: 0.992471
42368: 0.992471
42369: 0.992471
42370: 0.992471
42371: 0.992471
42372: 0.992472
42373: 0.992472
42374: 0.992472
42375: 0.992472
42376: 0.992472
42377: 0.992473
42378: 0.992473
42379: 0.992473
42380: 0.992473
42381: 0.992473
42382: 0.992473
42383: 0.992474
42384: 0.992474
42385: 0.992474
42386: 0.992474
42387: 0.992474
42388: 0.992474
42389: 0.992475
42390: 0.992475
42391: 0.992475
42392: 0.992475
42393: 0.992475
42394: 0.992476
42395: 0.992476
42396: 0.992476
42397: 0.992476
42398: 0.992476
42399: 0.992476
42400: 0.992477
42401: 0.992477
42402: 0.992477
42403: 0.992477
42404: 0.992477
42405: 0.992477
42406: 0.992478
42407: 0.992478
42408: 0.992478
42409: 0.992478
42410: 0.992478
42411: 0.992479
42412: 0.992479
42413: 0.992479
42414: 0.992479
42415: 0.992479
42416: 0.992479
42417: 0.99248
42418: 0.99248
42419: 0.99248
42420: 0.99248
42421: 0.99248
42422: 0.99248
42423: 0.992481
42424: 0.992481
42425: 0.992481
42426: 0.992481
42427: 0.992481
42428: 0.992482
42429: 0.992482
42430: 0.992482
42431: 0.992482
42432: 0.992482
42433: 0.992482
42434: 0.992483
42435: 0.992483
42436: 0.992483
42437: 0.992483
42438: 0.992483
42439: 0.992484
42440: 0.992484
42441: 0.992484
42442: 0.992484
42443: 0.992484
42444: 0.992484
42445: 0.992485
42446: 0.992485
42447: 0.992485
42448: 0.992485
42449: 0.992485
42450: 0.992485
42451: 0.992486
42452: 0.992486
42453: 0.992486
42454: 0.992486
42455: 0.992486
42456: 0.992487
42457: 0.992487
42458: 0.992487
42459: 0.992487
42460: 0.992487
42461: 0.992487
42462: 0.992488
42463: 0.992488
42464: 0.992488
42465: 0.992488
42466: 0.992488
42467: 0.992488
42468: 0.992489
42469: 0.992489
42470: 0.992489
42471: 0.992489
42472: 0.992489
42473: 0.99249
42474: 0.99249
42475: 0.99249
42476: 0.99249
42477: 0.99249
42478: 0.99249
42479: 0.992491
42480: 0.992491
42481: 0.992491
42482: 0.992491
42483: 0.992491
42484: 0.992491
42485: 0.992492
42486: 0.992492
42487: 0.992492
42488: 0.992492
42489: 0.992492
42490: 0.992493
42491: 0.992493
42492: 0.992493
42493: 0.992493
42494: 0.992493
42495: 0.992493
42496: 0.992494
42497: 0.992494
42498: 0.992494
42499: 0.992494
42500: 0.992494
42501: 0.992494
42502: 0.992495
42503: 0.992495
42504: 0.992495
42505: 0.992495
42506: 0.992495
42507: 0.992496
42508: 0.992496
42509: 0.992496
42510: 0.992496
42511: 0.992496
42512: 0.992496
42513: 0.992497
42514: 0.992497
42515: 0.992497
42516: 0.992497
42517: 0.992497
42518: 0.992497
42519: 0.992498
42520: 0.992498
42521: 0.992498
42522: 0.992498
42523: 0.992498
42524: 0.992499
42525: 0.992499
42526: 0.992499
42527: 0.992499
42528: 0.992499
42529: 0.992499
42530: 0.9925
42531: 0.9925
42532: 0.9925
42533: 0.9925
42534: 0.9925
42535: 0.9925
42536: 0.992501
42537: 0.992501
42538: 0.992501
42539: 0.992501
42540: 0.992501
42541: 0.992502
42542: 0.992502
42543: 0.992502
42544: 0.992502
42545: 0.992502
42546: 0.992502
42547: 0.992503
42548: 0.992503
42549: 0.992503
42550: 0.992503
42551: 0.992503
42552: 0.992503
42553: 0.992504
42554: 0.992504
42555: 0.992504
42556: 0.992504
42557: 0.992504
42558: 0.992505
42559: 0.992505
42560: 0.992505
42561: 0.992505
42562: 0.992505
42563: 0.992505
42564: 0.992506
42565: 0.992506
42566: 0.992506
42567: 0.992506
42568: 0.992506
42569: 0.992506
42570: 0.992507
42571: 0.992507
42572: 0.992507
42573: 0.992507
42574: 0.992507
42575: 0.992508
42576: 0.992508
42577: 0.992508
42578: 0.992508
42579: 0.992508
42580: 0.992508
42581: 0.992509
42582: 0.992509
42583: 0.992509
42584: 0.992509
42585: 0.992509
42586: 0.992509
42587: 0.99251
42588: 0.99251
42589: 0.99251
42590: 0.99251
42591: 0.99251
42592: 0.992511
42593: 0.992511
42594: 0.992511
42595: 0.992511
42596: 0.992511
42597: 0.992511
42598: 0.992512
42599: 0.992512
42600: 0.992512
42601: 0.992512
42602: 0.992512
42603: 0.992512
42604: 0.992513
42605: 0.992513
42606: 0.992513
42607: 0.992513
42608: 0.992513
42609: 0.992513
42610: 0.992514
42611: 0.992514
42612: 0.992514
42613: 0.992514
42614: 0.992514
42615: 0.992515
42616: 0.992515
42617: 0.992515
42618: 0.992515
42619: 0.992515
42620: 0.992515
42621: 0.992516
42622: 0.992516
42623: 0.992516
42624: 0.992516
42625: 0.992516
42626: 0.992516
42627: 0.992517
42628: 0.992517
42629: 0.992517
42630: 0.992517
42631: 0.992517
42632: 0.992518
42633: 0.992518
42634: 0.992518
42635: 0.992518
42636: 0.992518
42637: 0.992518
42638: 0.992519
42639: 0.992519
42640: 0.992519
42641: 0.992519
42642: 0.992519
42643: 0.992519
42644: 0.99252
42645: 0.992496
42646: 0.992497
42647: 0.992497
42648: 0.992497
42649: 0.992497
42650: 0.992497
42651: 0.992497
42652: 0.992498
42653: 0.992498
42654: 0.992498
42655: 0.992498
42656: 0.992498
42657: 0.992498
42658: 0.992499
42659: 0.992499
42660: 0.992499
42661: 0.992499
42662: 0.992499
42663: 0.9925
42664: 0.9925
42665: 0.9925
42666: 0.9925
42667: 0.9925
42668: 0.9925
42669: 0.992501
42670: 0.992501
42671: 0.992501
42672: 0.992501
42673: 0.992501
42674: 0.992501
42675: 0.992502
42676: 0.992502
42677: 0.992502
42678: 0.992502
42679: 0.992502
42680: 0.992503
42681: 0.992503
42682: 0.992503
42683: 0.992503
42684: 0.992503
42685: 0.992503
42686: 0.992504
42687: 0.992504
42688: 0.992504
42689: 0.992504
42690: 0.992504
42691: 0.992504
42692: 0.992505
42693: 0.992505
42694: 0.992505
42695: 0.992505
42696: 0.992505
42697: 0.992506
42698: 0.992506
42699: 0.992506
42700: 0.992506
42701: 0.992506
42702: 0.992506
42703: 0.992507
42704: 0.992507
42705: 0.992507
42706: 0.992507
42707: 0.992507
42708: 0.992507
42709: 0.992508
42710: 0.992508
42711: 0.992508
42712: 0.992508
42713: 0.992508
42714: 0.992508
42715: 0.992509
42716: 0.992509
42717: 0.992509
42718: 0.992509
42719: 0.992509
42720: 0.99251
42721: 0.99251
42722: 0.99251
42723: 0.99251
42724: 0.99251
42725: 0.99251
42726: 0.992511
42727: 0.992511
42728: 0.992511
42729: 0.992511
42730: 0.992511
42731: 0.992511
42732: 0.992512
42733: 0.992512
42734: 0.992512
42735: 0.992512
42736: 0.992512
42737: 0.992513
42738: 0.992513
42739: 0.992513
42740: 0.992513
42741: 0.992513
42742: 0.992513
42743: 0.992514
42744: 0.992514
42745: 0.992514
42746: 0.992514
42747: 0.992514
42748: 0.992514
42749: 0.992515
42750: 0.992515
42751: 0.992515
42752: 0.992515
42753: 0.992515
42754: 0.992515
42755: 0.992516
42756: 0.992516
42757: 0.992516
42758: 0.992516
42759: 0.992516
42760: 0.992517
42761: 0.992517
42762: 0.992517
42763: 0.992517
42764: 0.992517
42765: 0.992517
42766: 0.992518
42767: 0.992518
42768: 0.992518
42769: 0.992518
42770: 0.992518
42771: 0.992518
42772: 0.992519
42773: 0.992519
42774: 0.992519
42775: 0.992519
42776: 0.992519
42777: 0.99252
42778: 0.99252
42779: 0.99252
42780: 0.99252
42781: 0.99252
42782: 0.99252
42783: 0.992521
42784: 0.992521
42785: 0.992521
42786: 0.992521
42787: 0.992521
42788: 0.992521
42789: 0.992522
42790: 0.992522
42791: 0.992522
42792: 0.992522
42793: 0.992522
42794: 0.992522
42795: 0.992523
42796: 0.992523
42797: 0.992523
42798: 0.992523
42799: 0.992523
42800: 0.992524
42801: 0.992524
42802: 0.992524
42803: 0.992524
42804: 0.992524
42805: 0.992524
42806: 0.992525
42807: 0.992525
42808: 0.992525
42809: 0.992525
42810: 0.992525
42811: 0.992525
42812: 0.992526
42813: 0.992526
42814: 0.992526
42815: 0.992526
42816: 0.992526
42817: 0.992527
42818: 0.992527
42819: 0.992527
42820: 0.992527
42821: 0.992527
42822: 0.992527
42823: 0.992528
42824: 0.992528
42825: 0.992528
42826: 0.992528
42827: 0.992528
42828: 0.992528
42829: 0.992529
42830: 0.992529
42831: 0.992529
42832: 0.992529
42833: 0.992529
42834: 0.992529
42835: 0.99253
42836: 0.99253
42837: 0.99253
42838: 0.99253
42839: 0.99253
42840: 0.992531
42841: 0.992531
42842: 0.992531
42843: 0.992531
42844: 0.992531
42845: 0.992531
42846: 0.992532
42847: 0.992532
42848: 0.992532
42849: 0.992532
42850: 0.992532
42851: 0.992532
42852: 0.992533
42853: 0.992533
42854: 0.992533
42855: 0.992533
42856: 0.992533
42857: 0.992533
42858: 0.992534
42859: 0.992534
42860: 0.992534
42861: 0.992534
42862: 0.992534
42863: 0.992535
42864: 0.992535
42865: 0.992535
42866: 0.992535
42867: 0.992535
42868: 0.992535
42869: 0.992536
42870: 0.992536
42871: 0.992536
42872: 0.992536
42873: 0.992536
42874: 0.992536
42875: 0.992537
42876: 0.992537
42877: 0.992537
42878: 0.992537
42879: 0.992537
42880: 0.992537
42881: 0.992538
42882: 0.992538
42883: 0.992538
42884: 0.992538
42885: 0.992538
42886: 0.992539
42887: 0.992539
42888: 0.992539
42889: 0.992539
42890: 0.992539
42891: 0.992539
42892: 0.99254
42893: 0.99254
42894: 0.99254
42895: 0.99254
42896: 0.99254
42897: 0.99254
42898: 0.992541
42899: 0.992541
42900: 0.992541
42901: 0.992541
42902: 0.992541
42903: 0.992541
42904: 0.992542
42905: 0.992542
42906: 0.992542
42907: 0.992542
42908: 0.992542
42909: 0.992543
42910: 0.992543
42911: 0.992543
42912: 0.992543
42913: 0.992543
42914: 0.992543
42915: 0.992544
42916: 0.992544
42917: 0.992544
42918: 0.992544
42919: 0.992544
42920: 0.992544
42921: 0.992545
42922: 0.992545
42923: 0.992545
42924: 0.992545
42925: 0.992545
42926: 0.992545
42927: 0.992546
42928: 0.992546
42929: 0.992546
42930: 0.992546
42931: 0.992546
42932: 0.992547
42933: 0.992547
42934: 0.992547
42935: 0.992547
42936: 0.992547
42937: 0.992547
42938: 0.992548
42939: 0.992548
42940: 0.992548
42941: 0.992548
42942: 0.992548
42943: 0.992548
42944: 0.992549
42945: 0.992549
42946: 0.992549
42947: 0.992549
42948: 0.992549
42949: 0.992549
42950: 0.99255
42951: 0.99255
42952: 0.99255
42953: 0.99255
42954: 0.99255
42955: 0.992551
42956: 0.992551
42957: 0.992551
42958: 0.992551
42959: 0.992551
42960: 0.992551
42961: 0.992552
42962: 0.992552
42963: 0.992552
42964: 0.992552
42965: 0.992552
42966: 0.992552
42967: 0.992553
42968: 0.992553
42969: 0.992553
42970: 0.992553
42971: 0.992553
42972: 0.992553
42973: 0.992554
42974: 0.992554
42975: 0.992554
42976: 0.992554
42977: 0.992554
42978: 0.992555
42979: 0.992555
42980: 0.992555
42981: 0.992555
42982: 0.992555
42983: 0.992555
42984: 0.992556
42985: 0.992556
42986: 0.992556
42987: 0.992556
42988: 0.992556
42989: 0.992556
42990: 0.992557
42991: 0.992557
42992: 0.992557
42993: 0.992557
42994: 0.992557
42995: 0.992557
42996: 0.992558
42997: 0.992558
42998: 0.992558
42999: 0.992558
43000: 0.992558
43001: 0.992558
43002: 0.992559
43003: 0.992559
43004: 0.992559
43005: 0.992559
43006: 0.992559
43007: 0.99256
43008: 0.99256
43009: 0.99256
43010: 0.99256
43011: 0.99256
43012: 0.99256
43013: 0.992561
43014: 0.992561
43015: 0.992561
43016: 0.992561
43017: 0.992561
43018: 0.992538
43019: 0.992515
43020: 0.992515
43021: 0.992515
43022: 0.992516
43023: 0.992516
43024: 0.992516
43025: 0.992516
43026: 0.992516
43027: 0.992517
43028: 0.992517
43029: 0.992517
43030: 0.992517
43031: 0.992517
43032: 0.992517
43033: 0.992518
43034: 0.992518
43035: 0.992518
43036: 0.992518
43037: 0.992518
43038: 0.992518
43039: 0.992519
43040: 0.992519
43041: 0.992519
43042: 0.992519
43043: 0.992519
43044: 0.992519
43045: 0.99252
43046: 0.99252
43047: 0.99252
43048: 0.99252
43049: 0.99252
43050: 0.99252
43051: 0.992521
43052: 0.992521
43053: 0.992521
43054: 0.992521
43055: 0.992521
43056: 0.992522
43057: 0.992522
43058: 0.992522
43059: 0.992522
43060: 0.992522
43061: 0.992522
43062: 0.992523
43063: 0.992523
43064: 0.992523
43065: 0.992523
43066: 0.992523
43067: 0.992523
43068: 0.992524
43069: 0.992524
43070: 0.992524
43071: 0.992524
43072: 0.992524
43073: 0.992524
43074: 0.992525
43075: 0.992525
43076: 0.992525
43077: 0.992525
43078: 0.992525
43079: 0.992526
43080: 0.992526
43081: 0.992526
43082: 0.992526
43083: 0.992526
43084: 0.992526
43085: 0.992527
43086: 0.992527
43087: 0.992527
43088: 0.992527
43089: 0.992527
43090: 0.992527
43091: 0.992528
43092: 0.992528
43093: 0.992528
43094: 0.992528
43095: 0.992528
43096: 0.992528
43097: 0.992529
43098: 0.992529
43099: 0.992529
43100: 0.992529
43101: 0.992529
43102: 0.99253
43103: 0.99253
43104: 0.99253
43105: 0.99253
43106: 0.99253
43107: 0.99253
43108: 0.992531
43109: 0.992531
43110: 0.992531
43111: 0.992531
43112: 0.992531
43113: 0.992531
43114: 0.992532
43115: 0.992532
43116: 0.992532
43117: 0.992532
43118: 0.992532
43119: 0.992532
43120: 0.992533
43121: 0.992533
43122: 0.992533
43123: 0.992533
43124: 0.992533
43125: 0.992534
43126: 0.992534
43127: 0.992534
43128: 0.992534
43129: 0.992534
43130: 0.992534
43131: 0.992535
43132: 0.992535
43133: 0.992535
43134: 0.992535
43135: 0.992535
43136: 0.992535
43137: 0.992536
43138: 0.992536
43139: 0.992536
43140: 0.992536
43141: 0.992536
43142: 0.992536
43143: 0.992537
43144: 0.992537
43145: 0.992537
43146: 0.992537
43147: 0.992537
43148: 0.992537
43149: 0.992538
43150: 0.992538
43151: 0.992538
43152: 0.992538
43153: 0.992538
43154: 0.992539
43155: 0.992539
43156: 0.992539
43157: 0.992539
43158: 0.992539
43159: 0.992539
43160: 0.99254
43161: 0.99254
43162: 0.99254
43163: 0.99254
43164: 0.99254
43165: 0.99254
43166: 0.992541
43167: 0.992518
43168: 0.992518
43169: 0.992518
43170: 0.992518
43171: 0.992518
43172: 0.992518
43173: 0.992519
43174: 0.992519
43175: 0.992519
43176: 0.992519
43177: 0.992519
43178: 0.99252
43179: 0.99252
43180: 0.99252
43181: 0.99252
43182: 0.99252
43183: 0.99252
43184: 0.992521
43185: 0.992521
43186: 0.992521
43187: 0.992521
43188: 0.992521
43189: 0.992521
43190: 0.992522
43191: 0.992522
43192: 0.992522
43193: 0.992522
43194: 0.992522
43195: 0.992522
43196: 0.992523
43197: 0.992523
43198: 0.992523
43199: 0.992523
43200: 0.992523
43201: 0.992523
43202: 0.992524
43203: 0.992524
43204: 0.992524
43205: 0.992524
43206: 0.992524
43207: 0.992525
43208: 0.992525
43209: 0.992525
43210: 0.992525
43211: 0.992525
43212: 0.992525
43213: 0.992526
43214: 0.992526
43215: 0.992526
43216: 0.992526
43217: 0.992526
43218: 0.992526
43219: 0.992527
43220: 0.992527
43221: 0.992527
43222: 0.992527
43223: 0.992527
43224: 0.992527
43225: 0.992528
43226: 0.992528
43227: 0.992528
43228: 0.992528
43229: 0.992528
43230: 0.992529
43231: 0.992529
43232: 0.992529
43233: 0.992529
43234: 0.992529
43235: 0.992529
43236: 0.99253
43237: 0.99253
43238: 0.99253
43239: 0.99253
43240: 0.99253
43241: 0.99253
43242: 0.992531
43243: 0.992531
43244: 0.992531
43245: 0.992531
43246: 0.992531
43247: 0.992531
43248: 0.992532
43249: 0.992532
43250: 0.992532
43251: 0.992532
43252: 0.992532
43253: 0.992532
43254: 0.992533
43255: 0.992533
43256: 0.992533
43257: 0.992533
43258: 0.992533
43259: 0.992534
43260: 0.992534
43261: 0.992534
43262: 0.992534
43263: 0.992534
43264: 0.992534
43265: 0.992535
43266: 0.992535
43267: 0.992535
43268: 0.992535
43269: 0.992535
43270: 0.992535
43271: 0.992536
43272: 0.992536
43273: 0.992536
43274: 0.992536
43275: 0.992536
43276: 0.992536
43277: 0.992537
43278: 0.992537
43279: 0.992537
43280: 0.992514
43281: 0.992514
43282: 0.992514
43283: 0.992515
43284: 0.992515
43285: 0.992515
43286: 0.992515
43287: 0.992515
43288: 0.992515
43289: 0.992516
43290: 0.992516
43291: 0.992516
43292: 0.992516
43293: 0.992516
43294: 0.992516
43295: 0.992517
43296: 0.992517
43297: 0.992517
43298: 0.992517
43299: 0.992517
43300: 0.992517
43301: 0.992495
43302: 0.992495
43303: 0.992495
43304: 0.992495
43305: 0.992495
43306: 0.992495
43307: 0.992496
43308: 0.992473
43309: 0.992473
43310: 0.992473
43311: 0.992473
43312: 0.992473
43313: 0.992474
43314: 0.992474
43315: 0.992474
43316: 0.992474
43317: 0.992474
43318: 0.992474
43319: 0.992475
43320: 0.992475
43321: 0.992475
43322: 0.992475
43323: 0.992475
43324: 0.992475
43325: 0.992476
43326: 0.992476
43327: 0.992476
43328: 0.992476
43329: 0.992476
43330: 0.992477
43331: 0.992477
43332: 0.992477
43333: 0.992477
43334: 0.992477
43335: 0.992477
43336: 0.992478
43337: 0.992478
43338: 0.992478
43339: 0.992478
43340: 0.992478
43341: 0.992478
43342: 0.992479
43343: 0.992479
43344: 0.992479
43345: 0.992479
43346: 0.992479
43347: 0.992479
43348: 0.99248
43349: 0.99248
43350: 0.99248
43351: 0.99248
43352: 0.99248
43353: 0.992481
43354: 0.992481
43355: 0.992481
43356: 0.992481
43357: 0.992481
43358: 0.992481
43359: 0.992482
43360: 0.992482
43361: 0.992482
43362: 0.992482
43363: 0.992482
43364: 0.992482
43365: 0.992483
43366: 0.992483
43367: 0.992483
43368: 0.992483
43369: 0.992483
43370: 0.992483
43371: 0.992484
43372: 0.992484
43373: 0.992484
43374: 0.992484
43375: 0.992484
43376: 0.992484
43377: 0.992485
43378: 0.992485
43379: 0.992485
43380: 0.992485
43381: 0.992485
43382: 0.992486
43383: 0.992486
43384: 0.992486
43385: 0.992486
43386: 0.992486
43387: 0.992486
43388: 0.992487
43389: 0.992487
43390: 0.992487
43391: 0.992487
43392: 0.992487
43393: 0.992487
43394: 0.992488
43395: 0.992488
43396: 0.992488
43397: 0.992488
43398: 0.992488
43399: 0.992488
43400: 0.992489
43401: 0.992489
43402: 0.992489
43403: 0.992489
43404: 0.992489
43405: 0.99249
43406: 0.99249
43407: 0.99249
43408: 0.99249
43409: 0.99249
43410: 0.99249
43411: 0.992491
43412: 0.992491
43413: 0.992491
43414: 0.992491
43415: 0.992491
43416: 0.992491
43417: 0.992492
43418: 0.992492
43419: 0.992492
43420: 0.992492
43421: 0.992492
43422: 0.992492
43423: 0.992493
43424: 0.992493
43425: 0.992493
43426: 0.992493
43427: 0.992493
43428: 0.992493
43429: 0.992494
43430: 0.992494
43431: 0.992494
43432: 0.992494
43433: 0.992494
43434: 0.992495
43435: 0.992495
43436: 0.992495
43437: 0.992495
43438: 0.992472
43439: 0.992449
43440: 0.992427
43441: 0.992427
43442: 0.992427
43443: 0.992427
43444: 0.992427
43445: 0.992427
43446: 0.992428
43447: 0.992428
43448: 0.992428
43449: 0.992428
43450: 0.992428
43451: 0.992428
43452: 0.992429
43453: 0.992429
43454: 0.992429
43455: 0.992429
43456: 0.992429
43457: 0.992429
43458: 0.99243
43459: 0.99243
43460: 0.99243
43461: 0.99243
43462: 0.99243
43463: 0.992431
43464: 0.992431
43465: 0.992431
43466: 0.992431
43467: 0.992431
43468: 0.992431
43469: 0.992432
43470: 0.992432
43471: 0.992432
43472: 0.992432
43473: 0.992432
43474: 0.992432
43475: 0.992433
43476: 0.992433
43477: 0.992433
43478: 0.992433
43479: 0.992433
43480: 0.992433
43481: 0.992434
43482: 0.992434
43483: 0.992434
43484: 0.992434
43485: 0.992434
43486: 0.992435
43487: 0.992435
43488: 0.992435
43489: 0.992435
43490: 0.992435
43491: 0.992435
43492: 0.992436
43493: 0.992436
43494: 0.992436
43495: 0.992436
43496: 0.992436
43497: 0.992436
43498: 0.992437
43499: 0.992437
43500: 0.992437
43501: 0.992437
43502: 0.992437
43503: 0.992437
43504: 0.992438
43505: 0.992438
43506: 0.992438
43507: 0.992438
43508: 0.992438
43509: 0.992439
43510: 0.992439
43511: 0.992439
43512: 0.992439
43513: 0.992439
43514: 0.992439
43515: 0.99244
43516: 0.99244
43517: 0.99244
43518: 0.99244
43519: 0.99244
43520: 0.99244
43521: 0.992441
43522: 0.992441
43523: 0.992441
43524: 0.992441
43525: 0.992441
43526: 0.992441
43527: 0.992442
43528: 0.992442
43529: 0.992442
43530: 0.992442
43531: 0.992442
43532: 0.992443
43533: 0.992443
43534: 0.992443
43535: 0.992443
43536: 0.992443
43537: 0.992443
43538: 0.992444
43539: 0.992444
43540: 0.992444
43541: 0.992444
43542: 0.992444
43543: 0.992444
43544: 0.992445
43545: 0.992445
43546: 0.992445
43547: 0.992445
43548: 0.992445
43549: 0.992445
43550: 0.992446
43551: 0.992446
43552: 0.992446
43553: 0.992446
43554: 0.992446
43555: 0.992447
43556: 0.992447
43557: 0.992447
43558: 0.992447
43559: 0.992447
43560: 0.992447
43561: 0.992448
43562: 0.992448
43563: 0.992448
43564: 0.992448
43565: 0.992448
43566: 0.992448
43567: 0.992449
43568: 0.992449
43569: 0.992449
43570: 0.992449
43571: 0.992449
43572: 0.992449
43573: 0.99245
43574: 0.99245
43575: 0.99245
43576: 0.99245
43577: 0.99245
43578: 0.99245
43579: 0.992451
43580: 0.992451
43581: 0.992451
43582: 0.992451
43583: 0.992451
43584: 0.992452
43585: 0.992452
43586: 0.992452
43587: 0.992452
43588: 0.992452
43589: 0.992452
43590: 0.992453
43591: 0.992453
43592: 0.992453
43593: 0.992453
43594: 0.992453
43595: 0.992453
43596: 0.992454
43597: 0.992454
43598: 0.992454
43599: 0.992454
43600: 0.992454
43601: 0.992454
43602: 0.992455
43603: 0.992455
43604: 0.992455
43605: 0.992455
43606: 0.992455
43607: 0.992456
43608: 0.992456
43609: 0.992456
43610: 0.992456
43611: 0.992456
43612: 0.992456
43613: 0.992457
43614: 0.992457
43615: 0.992457
43616: 0.992457
43617: 0.992457
43618: 0.992457
43619: 0.992458
43620: 0.992458
43621: 0.992458
43622: 0.992458
43623: 0.992458
43624: 0.992458
43625: 0.992459
43626: 0.992459
43627: 0.992459
43628: 0.992459
43629: 0.992459
43630: 0.992459
43631: 0.99246
43632: 0.99246
43633: 0.99246
43634: 0.99246
43635: 0.99246
43636: 0.992461
43637: 0.992461
43638: 0.992461
43639: 0.992461
43640: 0.992461
43641: 0.992461
43642: 0.992462
43643: 0.992462
43644: 0.992462
43645: 0.992462
43646: 0.992462
43647: 0.992462
43648: 0.992463
43649: 0.992463
43650: 0.992463
43651: 0.992463
43652: 0.992463
43653: 0.992463
43654: 0.992464
43655: 0.992464
43656: 0.992464
43657: 0.992464
43658: 0.992464
43659: 0.992464
43660: 0.992465
43661: 0.992465
43662: 0.992465
43663: 0.992465
43664: 0.992465
43665: 0.992466
43666: 0.992466
43667: 0.992466
43668: 0.992466
43669: 0.992466
43670: 0.992466
43671: 0.992467
43672: 0.992467
43673: 0.992467
43674: 0.992467
43675: 0.992467
43676: 0.992467
43677: 0.992468
43678: 0.992468
43679: 0.992468
43680: 0.992468
43681: 0.992468
43682: 0.992468
43683: 0.992469
43684: 0.992469
43685: 0.992469
43686: 0.992469
43687: 0.992469
43688: 0.99247
43689: 0.99247
43690: 0.99247
43691: 0.99247
43692: 0.99247
43693: 0.99247
43694: 0.992471
43695: 0.992471
43696: 0.992471
43697: 0.992471
43698: 0.992471
43699: 0.992471
43700: 0.992472
43701: 0.992472
43702: 0.992472
43703: 0.992472
43704: 0.992472
43705: 0.992472
43706: 0.992473
43707: 0.992473
43708: 0.992473
43709: 0.992473
43710: 0.992473
43711: 0.992473
43712: 0.992474
43713: 0.992474
43714: 0.992474
43715: 0.992474
43716: 0.992474
43717: 0.992474
43718: 0.992475
43719: 0.992475
43720: 0.992475
43721: 0.992475
43722: 0.992475
43723: 0.992476
43724: 0.992476
43725: 0.992476
43726: 0.992476
43727: 0.992476
43728: 0.992476
43729: 0.992477
43730: 0.992477
43731: 0.992477
43732: 0.992477
43733: 0.992477
43734: 0.992477
43735: 0.992478
43736: 0.992478
43737: 0.992478
43738: 0.992478
43739: 0.992478
43740: 0.992478
43741: 0.992479
43742: 0.992479
43743: 0.992479
43744: 0.992479
43745: 0.992479
43746: 0.992479
43747: 0.99248
43748: 0.99248
43749: 0.99248
43750: 0.99248
43751: 0.99248
43752: 0.992481
43753: 0.992481
43754: 0.992481
43755: 0.992481
43756: 0.992481
43757: 0.992481
43758: 0.992482
43759: 0.992482
43760: 0.992482
43761: 0.992482
43762: 0.992482
43763: 0.992482
43764: 0.992483
43765: 0.992483
43766: 0.992483
43767: 0.992483
43768: 0.992483
43769: 0.992483
43770: 0.992484
43771: 0.992484
43772: 0.992484
43773: 0.992484
43774: 0.992484
43775: 0.992484
43776: 0.992485
43777: 0.992485
43778: 0.992485
43779: 0.992485
43780: 0.992485
43781: 0.992485
43782: 0.992486
43783: 0.992486
43784: 0.992486
43785: 0.992486
43786: 0.992486
43787: 0.992487
43788: 0.992487
43789: 0.992487
43790: 0.992487
43791: 0.992487
43792: 0.992487
43793: 0.992488
43794: 0.992488
43795: 0.992488
43796: 0.992488
43797: 0.992488
43798: 0.992488
43799: 0.992489
43800: 0.992489
43801: 0.992489
43802: 0.992489
43803: 0.992489
43804: 0.992489
43805: 0.99249
43806: 0.99249
43807: 0.99249
43808: 0.99249
43809: 0.99249
43810: 0.99249
43811: 0.992491
43812: 0.992491
43813: 0.992491
43814: 0.992491
43815: 0.992491
43816: 0.992491
43817: 0.992492
43818: 0.992492
43819: 0.992492
43820: 0.992492
43821: 0.992492
43822: 0.992493
43823: 0.992493
43824: 0.992493
43825: 0.992493
43826: 0.992493
43827: 0.992493
43828: 0.992494
43829: 0.992494
43830: 0.992471
43831: 0.992471
43832: 0.992471
43833: 0.992472
43834: 0.992472
43835: 0.992472
43836: 0.992472
43837: 0.992472
43838: 0.992472
43839: 0.992473
43840: 0.992473
43841: 0.992473
43842: 0.992473
43843: 0.992473
43844: 0.992473
43845: 0.992474
43846: 0.992474
43847: 0.992474
43848: 0.992474
43849: 0.992474
43850: 0.992475
43851: 0.992475
43852: 0.992475
43853: 0.992475
43854: 0.992475
43855: 0.992475
43856: 0.992476
43857: 0.992476
43858: 0.992476
43859: 0.992476
43860: 0.992476
43861: 0.992476
43862: 0.992477
43863: 0.992477
43864: 0.992477
43865: 0.992477
43866: 0.992477
43867: 0.992477
43868: 0.992478
43869: 0.992478
43870: 0.992478
43871: 0.992478
43872: 0.992478
43873: 0.992478
43874: 0.992479
43875: 0.992479
43876: 0.992479
43877: 0.992479
43878: 0.992479
43879: 0.992479
43880: 0.99248
43881: 0.99248
43882: 0.99248
43883: 0.99248
43884: 0.99248
43885: 0.992481
43886: 0.992481
43887: 0.992481
43888: 0.992481
43889: 0.992481
43890: 0.992481
43891: 0.992482
43892: 0.992482
43893: 0.992482
43894: 0.992482
43895: 0.992482
43896: 0.992482
43897: 0.992483
43898: 0.992483
43899: 0.992483
43900: 0.992483
43901: 0.992483
43902: 0.992483
43903: 0.992484
43904: 0.992484
43905: 0.992484
43906: 0.992484
43907: 0.992484
43908: 0.992484
43909: 0.992485
43910: 0.992485
43911: 0.992485
43912: 0.992485
43913: 0.992485
43914: 0.992485
43915: 0.992486
43916: 0.992486
43917: 0.992486
43918: 0.992486
43919: 0.992486
43920: 0.992487
43921: 0.992487
43922: 0.992487
43923: 0.992487
43924: 0.992487
43925: 0.992487
43926: 0.992488
43927: 0.992488
43928: 0.992488
43929: 0.992488
43930: 0.992488
43931: 0.992488
43932: 0.992489
43933: 0.992489
43934: 0.992489
43935: 0.992489
43936: 0.992489
43937: 0.992489
43938: 0.99249
43939: 0.99249
43940: 0.99249
43941: 0.99249
43942: 0.99249
43943: 0.99249
43944: 0.992491
43945: 0.992491
43946: 0.992491
43947: 0.992491
43948: 0.992491
43949: 0.992491
43950: 0.992492
43951: 0.992492
43952: 0.992492
43953: 0.992492
43954: 0.992492
43955: 0.992492
43956: 0.992493
43957: 0.992493
43958: 0.992493
43959: 0.992493
43960: 0.992493
43961: 0.992494
43962: 0.992494
43963: 0.992494
43964: 0.992494
43965: 0.992494
43966: 0.992494
43967: 0.992495
43968: 0.992495
43969: 0.992495
43970: 0.992495
43971: 0.992495
43972: 0.992495
43973: 0.992496
43974: 0.992496
43975: 0.992496
43976: 0.992496
43977: 0.992496
43978: 0.992496
43979: 0.992497
43980: 0.992497
43981: 0.992497
43982: 0.992497
43983: 0.992497
43984: 0.992497
43985: 0.992498
43986: 0.992498
43987: 0.992498
43988: 0.992498
43989: 0.992498
43990: 0.992498
43991: 0.992499
43992: 0.992499
43993: 0.992499
43994: 0.992499
43995: 0.992499
43996: 0.992499
43997: 0.9925
43998: 0.9925
43999: 0.9925
44000: 0.9925
44001: 0.9925
44002: 0.992501
44003: 0.992501
44004: 0.992501
44005: 0.992501
44006: 0.992501
44007: 0.992501
44008: 0.992502
44009: 0.992502
44010: 0.992502
44011: 0.992502
44012: 0.992502
44013: 0.992502
44014: 0.992503
44015: 0.992503
44016: 0.992503
44017: 0.992503
44018: 0.992503
44019: 0.992503
44020: 0.992504
44021: 0.992504
44022: 0.992481
44023: 0.992481
44024: 0.992482
44025: 0.992482
44026: 0.992482
44027: 0.992482
44028: 0.992482
44029: 0.992482
44030: 0.992483
44031: 0.992483
44032: 0.992483
44033: 0.992483
44034: 0.992483
44035: 0.992483
44036: 0.992484
44037: 0.992484
44038: 0.992484
44039: 0.992484
44040: 0.992484
44041: 0.992484
44042: 0.992485
44043: 0.992485
44044: 0.992485
44045: 0.992485
44046: 0.992485
44047: 0.992485
44048: 0.992486
44049: 0.992486
44050: 0.992486
44051: 0.992486
44052: 0.992486
44053: 0.992486
44054: 0.992487
44055: 0.992487
44056: 0.992487
44057: 0.992487
44058: 0.992487
44059: 0.992488
44060: 0.992488
44061: 0.992488
44062: 0.992488
44063: 0.992488
44064: 0.992488
44065: 0.992489
44066: 0.992489
44067: 0.992489
44068: 0.992489
44069: 0.992489
44070: 0.992489
44071: 0.99249
44072: 0.99249
44073: 0.99249
44074: 0.99249
44075: 0.99249
44076: 0.99249
44077: 0.992491
44078: 0.992491
44079: 0.992491
44080: 0.992491
44081: 0.992491
44082: 0.992491
44083: 0.992492
44084: 0.992492
44085: 0.992492
44086: 0.992492
44087: 0.992492
44088: 0.992492
44089: 0.992493
44090: 0.992493
44091: 0.992493
44092: 0.992493
44093: 0.992471
44094: 0.992448
44095: 0.992448
44096: 0.992448
44097: 0.992449
44098: 0.992449
44099: 0.992449
44100: 0.992449
44101: 0.992449
44102: 0.992449
44103: 0.99245
44104: 0.99245
44105: 0.99245
44106: 0.99245
44107: 0.99245
44108: 0.992451
44109: 0.992451
44110: 0.992451
44111: 0.992451
44112: 0.992451
44113: 0.992451
44114: 0.992452
44115: 0.992452
44116: 0.992452
44117: 0.992452
44118: 0.992452
44119: 0.992452
44120: 0.992453
44121: 0.992453
44122: 0.992453
44123: 0.992453
44124: 0.992453
44125: 0.992453
44126: 0.992454
44127: 0.992454
44128: 0.992454
44129: 0.992454
44130: 0.992454
44131: 0.992454
44132: 0.992455
44133: 0.992455
44134: 0.992455
44135: 0.992455
44136: 0.992455
44137: 0.992455
44138: 0.992456
44139: 0.992456
44140: 0.992456
44141: 0.992456
44142: 0.992456
44143: 0.992457
44144: 0.992457
44145: 0.992457
44146: 0.992457
44147: 0.992457
44148: 0.992457
44149: 0.992458
44150: 0.992458
44151: 0.992458
44152: 0.992458
44153: 0.992458
44154: 0.992458
44155: 0.992459
44156: 0.992459
44157: 0.992459
44158: 0.992459
44159: 0.992459
44160: 0.992459
44161: 0.99246
44162: 0.99246
44163: 0.99246
44164: 0.99246
44165: 0.99246
44166: 0.99246
44167: 0.992461
44168: 0.992461
44169: 0.992461
44170: 0.992461
44171: 0.992461
44172: 0.992461
44173: 0.992462
44174: 0.992462
44175: 0.992462
44176: 0.992462
44177: 0.992462
44178: 0.992462
44179: 0.992463
44180: 0.992463
44181: 0.992463
44182: 0.992463
44183: 0.992463
44184: 0.992464
44185: 0.992464
44186: 0.992464
44187: 0.992464
44188: 0.992464
44189: 0.992464
44190: 0.992465
44191: 0.992465
44192: 0.992465
44193: 0.992465
44194: 0.992465
44195: 0.992465
44196: 0.992466
44197: 0.992466
44198: 0.992466
44199: 0.992466
44200: 0.992466
44201: 0.992466
44202: 0.992467
44203: 0.992467
44204: 0.992467
44205: 0.992467
44206: 0.992467
44207: 0.992467
44208: 0.992468
44209: 0.992468
44210: 0.992468
44211: 0.992468
44212: 0.992468
44213: 0.992468
44214: 0.992469
44215: 0.992469
44216: 0.992469
44217: 0.992469
44218: 0.992469
44219: 0.992469
44220: 0.99247
44221: 0.99247
44222: 0.99247
44223: 0.99247
44224: 0.99247
44225: 0.99247
44226: 0.992471
44227: 0.992471
44228: 0.992471
44229: 0.992471
44230: 0.992471
44231: 0.992472
44232: 0.992472
44233: 0.992472
44234: 0.992472
44235: 0.992472
44236: 0.992472
44237: 0.992473
44238: 0.992473
44239: 0.992473
44240: 0.992473
44241: 0.992473
44242: 0.992473
44243: 0.992474
44244: 0.992474
44245: 0.992474
44246: 0.992474
44247: 0.992474
44248: 0.992474
44249: 0.992475
44250: 0.992475
44251: 0.992475
44252: 0.992475
44253: 0.992475
44254: 0.992475
44255: 0.992476
44256: 0.992476
44257: 0.992476
44258: 0.992476
44259: 0.992476
44260: 0.992476
44261: 0.992477
44262: 0.992477
44263: 0.992477
44264: 0.992477
44265: 0.992477
44266: 0.992477
44267: 0.992478
44268: 0.992478
44269: 0.992478
44270: 0.992478
44271: 0.992478
44272: 0.992478
44273: 0.992479
44274: 0.992479
44275: 0.992479
44276: 0.992479
44277: 0.992479
44278: 0.99248
44279: 0.99248
44280: 0.99248
44281: 0.99248
44282: 0.99248
44283: 0.99248
44284: 0.992481
44285: 0.992481
44286: 0.992481
44287: 0.992481
44288: 0.992481
44289: 0.992481
44290: 0.992482
44291: 0.992482
44292: 0.992482
44293: 0.992482
44294: 0.992482
44295: 0.992482
44296: 0.992483
44297: 0.992483
44298: 0.992483
44299: 0.992483
44300: 0.992483
44301: 0.992483
44302: 0.992484
44303: 0.992484
44304: 0.992484
44305: 0.992484
44306: 0.992484
44307: 0.992484
44308: 0.992485
44309: 0.992485
44310: 0.992485
44311: 0.992485
44312: 0.992485
44313: 0.992485
44314: 0.992486
44315: 0.992486
44316: 0.992486
44317: 0.992486
44318: 0.992486
44319: 0.992486
44320: 0.992487
44321: 0.992487
44322: 0.992487
44323: 0.992487
44324: 0.992487
44325: 0.992487
44326: 0.992488
44327: 0.992488
44328: 0.992488
44329: 0.992488
44330: 0.992488
44331: 0.992488
44332: 0.992489
44333: 0.992489
44334: 0.992489
44335: 0.992489
44336: 0.992489
44337: 0.99249
44338: 0.99249
44339: 0.99249
44340: 0.99249
44341: 0.99249
44342: 0.99249
44343: 0.992491
44344: 0.992491
44345: 0.992491
44346: 0.992491
44347: 0.992491
44348: 0.992491
44349: 0.992492
44350: 0.992492
44351: 0.992492
44352: 0.992492
44353: 0.992492
44354: 0.992492
44355: 0.992493
44356: 0.992493
44357: 0.992493
44358: 0.992493
44359: 0.992493
44360: 0.992493
44361: 0.992494
44362: 0.992494
44363: 0.992494
44364: 0.992494
44365: 0.992494
44366: 0.992494
44367: 0.992495
44368: 0.992495
44369: 0.992495
44370: 0.992495
44371: 0.992495
44372: 0.992495
44373: 0.992496
44374: 0.992496
44375: 0.992496
44376: 0.992496
44377: 0.992496
44378: 0.992496
44379: 0.992497
44380: 0.992497
44381: 0.992497
44382: 0.992497
44383: 0.992497
44384: 0.992497
44385: 0.992498
44386: 0.992498
44387: 0.992498
44388: 0.992498
44389: 0.992498
44390: 0.992498
44391: 0.992499
44392: 0.992499
44393: 0.992499
44394: 0.992499
44395: 0.992499
44396: 0.992499
44397: 0.9925
44398: 0.9925
44399: 0.9925
44400: 0.9925
44401: 0.9925
44402: 0.992501
44403: 0.992501
44404: 0.992501
44405: 0.992501
44406: 0.992501
44407: 0.992501
44408: 0.992502
44409: 0.992502
44410: 0.992502
44411: 0.992502
44412: 0.992502
44413: 0.992502
44414: 0.992503
44415: 0.992503
44416: 0.992503
44417: 0.992503
44418: 0.992503
44419: 0.992503
44420: 0.992504
44421: 0.992504
44422: 0.992504
44423: 0.992504
44424: 0.992504
44425: 0.992504
44426: 0.992505
44427: 0.992505
44428: 0.992505
44429: 0.992505
44430: 0.992505
44431: 0.992505
44432: 0.992506
44433: 0.992506
44434: 0.992506
44435: 0.992506
44436: 0.992506
44437: 0.992506
44438: 0.992507
44439: 0.992507
44440: 0.992507
44441: 0.992507
44442: 0.992507
44443: 0.992507
44444: 0.992508
44445: 0.992508
44446: 0.992508
44447: 0.992508
44448: 0.992508
44449: 0.992508
44450: 0.992509
44451: 0.992509
44452: 0.992509
44453: 0.992509
44454: 0.992509
44455: 0.992509
44456: 0.99251
44457: 0.99251
44458: 0.99251
44459: 0.99251
44460: 0.99251
44461: 0.99251
44462: 0.992511
44463: 0.992511
44464: 0.992511
44465: 0.992511
44466: 0.992511
44467: 0.992511
44468: 0.992512
44469: 0.992512
44470: 0.992512
44471: 0.992512
44472: 0.992512
44473: 0.992512
44474: 0.992513
44475: 0.992513
44476: 0.992513
44477: 0.992513
44478: 0.992513
44479: 0.992513
44480: 0.992514
44481: 0.992514
44482: 0.992514
44483: 0.992514
44484: 0.992514
44485: 0.992514
44486: 0.992515
44487: 0.992515
44488: 0.992515
44489: 0.992515
44490: 0.992515
44491: 0.992516
44492: 0.992516
44493: 0.992516
44494: 0.992516
44495: 0.992516
44496: 0.992516
44497: 0.992517
44498: 0.992517
44499: 0.992517
44500: 0.992517
44501: 0.992517
44502: 0.992517
44503: 0.992518
44504: 0.992518
44505: 0.992518
44506: 0.992518
44507: 0.992518
44508: 0.992518
44509: 0.992519
44510: 0.992519
44511: 0.992519
44512: 0.992519
44513: 0.992519
44514: 0.992519
44515: 0.99252
44516: 0.99252
44517: 0.99252
44518: 0.99252
44519: 0.99252
44520: 0.99252
44521: 0.992521
44522: 0.992521
44523: 0.992521
44524: 0.992521
44525: 0.992521
44526: 0.992521
44527: 0.992522
44528: 0.992522
44529: 0.992522
44530: 0.992522
44531: 0.992522
44532: 0.992522
44533: 0.992523
44534: 0.992523
44535: 0.992523
44536: 0.992523
44537: 0.992523
44538: 0.992523
44539: 0.992524
44540: 0.992524
44541: 0.992524
44542: 0.992524
44543: 0.992524
44544: 0.992524
44545: 0.992525
44546: 0.992525
44547: 0.992525
44548: 0.992525
44549: 0.992525
44550: 0.992525
44551: 0.992526
44552: 0.992526
44553: 0.992526
44554: 0.992526
44555: 0.992526
44556: 0.992526
44557: 0.992527
44558: 0.992527
44559: 0.992527
44560: 0.992527
44561: 0.992527
44562: 0.992527
44563: 0.992528
44564: 0.992528
44565: 0.992528
44566: 0.992528
44567: 0.992528
44568: 0.992528
44569: 0.992529
44570: 0.992529
44571: 0.992529
44572: 0.992529
44573: 0.992529
44574: 0.992529
44575: 0.99253
44576: 0.99253
44577: 0.99253
44578: 0.99253
44579: 0.99253
44580: 0.99253
44581: 0.992531
44582: 0.992531
44583: 0.992531
44584: 0.992531
44585: 0.992531
44586: 0.992531
44587: 0.992532
44588: 0.992532
44589: 0.992532
44590: 0.992532
44591: 0.992532
44592: 0.992532
44593: 0.992533
44594: 0.992533
44595: 0.992533
44596: 0.992533
44597: 0.992533
44598: 0.992533
44599: 0.992534
44600: 0.992534
44601: 0.992534
44602: 0.992534
44603: 0.992534
44604: 0.992534
44605: 0.992535
44606: 0.992535
44607: 0.992535
44608: 0.992535
44609: 0.992535
44610: 0.992535
44611: 0.992536
44612: 0.992536
44613: 0.992536
44614: 0.992536
44615: 0.992536
44616: 0.992536
44617: 0.992537
44618: 0.992537
44619: 0.992537
44620: 0.992537
44621: 0.992537
44622: 0.992537
44623: 0.992538
44624: 0.992538
44625: 0.992538
44626: 0.992538
44627: 0.992538
44628: 0.992538
44629: 0.992539
44630: 0.992539
44631: 0.992539
44632: 0.992539
44633: 0.992539
44634: 0.992539
44635: 0.99254
44636: 0.99254
44637: 0.99254
44638: 0.99254
44639: 0.99254
44640: 0.99254
44641: 0.992541
44642: 0.992541
44643: 0.992541
44644: 0.992541
44645: 0.992541
44646: 0.992541
44647: 0.992542
44648: 0.992542
44649: 0.992542
44650: 0.992542
44651: 0.992542
44652: 0.992542
44653: 0.992543
44654: 0.992543
44655: 0.992543
44656: 0.992543
44657: 0.992543
44658: 0.992543
44659: 0.992544
44660: 0.992544
44661: 0.992544
44662: 0.992544
44663: 0.992544
44664: 0.992544
44665: 0.992545
44666: 0.992545
44667: 0.992545
44668: 0.992545
44669: 0.992545
44670: 0.992545
44671: 0.992546
44672: 0.992546
44673: 0.992546
44674: 0.992546
44675: 0.992546
44676: 0.992547
44677: 0.992547
44678: 0.992547
44679: 0.992547
44680: 0.992547
44681: 0.992547
44682: 0.992548
44683: 0.992548
44684: 0.992548
44685: 0.992548
44686: 0.992548
44687: 0.992548
44688: 0.992549
44689: 0.992549
44690: 0.992549
44691: 0.992549
44692: 0.992549
44693: 0.992549
44694: 0.99255
44695: 0.99255
44696: 0.99255
44697: 0.99255
44698: 0.99255
44699: 0.99255
44700: 0.992551
44701: 0.992551
44702: 0.992551
44703: 0.992551
44704: 0.992551
44705: 0.992551
44706: 0.992552
44707: 0.992552
44708: 0.992552
44709: 0.992552
44710: 0.992552
44711: 0.992552
44712: 0.992553
44713: 0.992553
44714: 0.992553
44715: 0.992553
44716: 0.992553
44717: 0.992553
44718: 0.992554
44719: 0.992554
44720: 0.992554
44721: 0.992554
44722: 0.992554
44723: 0.992554
44724: 0.992554
44725: 0.992555
44726: 0.992555
44727: 0.992555
44728: 0.992555
44729: 0.992555
44730: 0.992555
44731: 0.992556
44732: 0.992556
44733: 0.992556
44734: 0.992556
44735: 0.992556
44736: 0.992556
44737: 0.992557
44738: 0.992557
44739: 0.992557
44740: 0.992557
44741: 0.992557
44742: 0.992557
44743: 0.992558
44744: 0.992558
44745: 0.992558
44746: 0.992558
44747: 0.992558
44748: 0.992558
44749: 0.992559
44750: 0.992559
44751: 0.992559
44752: 0.992559
44753: 0.992559
44754: 0.992559
44755: 0.99256
44756: 0.99256
44757: 0.99256
44758: 0.99256
44759: 0.99256
44760: 0.99256
44761: 0.992561
44762: 0.992561
44763: 0.992561
44764: 0.992561
44765: 0.992561
44766: 0.992561
44767: 0.992562
44768: 0.992562
44769: 0.992562
44770: 0.992562
44771: 0.992562
44772: 0.992562
44773: 0.992563
44774: 0.992563
44775: 0.992563
44776: 0.992563
44777: 0.992563
44778: 0.992563
44779: 0.992564
44780: 0.992564
44781: 0.992564
44782: 0.992564
44783: 0.992564
44784: 0.992564
44785: 0.992565
44786: 0.992565
44787: 0.992565
44788: 0.992565
44789: 0.992565
44790: 0.992565
44791: 0.992566
44792: 0.992566
44793: 0.992566
44794: 0.992566
44795: 0.992566
44796: 0.992566
44797: 0.992567
44798: 0.992567
44799: 0.992567
44800: 0.992567
44801: 0.992567
44802: 0.992567
44803: 0.992568
44804: 0.992568
44805: 0.992568
44806: 0.992568
44807: 0.992568
44808: 0.992568
44809: 0.992569
44810: 0.992569
44811: 0.992569
44812: 0.992569
44813: 0.992569
44814: 0.992569
44815: 0.99257
44816: 0.99257
44817: 0.99257
44818: 0.99257
44819: 0.99257
44820: 0.99257
44821: 0.992571
44822: 0.992571
44823: 0.992571
44824: 0.992571
44825: 0.992571
44826: 0.992571
44827: 0.992572
44828: 0.992572
44829: 0.992572
44830: 0.992572
44831: 0.992572
44832: 0.992572
44833: 0.992573
44834: 0.992573
44835: 0.992573
44836: 0.992573
44837: 0.992573
44838: 0.992573
44839: 0.992574
44840: 0.992574
44841: 0.992574
44842: 0.992574
44843: 0.992574
44844: 0.992574
44845: 0.992575
44846: 0.992575
44847: 0.992575
44848: 0.992575
44849: 0.992575
44850: 0.992575
44851: 0.992576
44852: 0.992576
44853: 0.992576
44854: 0.992576
44855: 0.992576
44856: 0.992576
44857: 0.992577
44858: 0.992577
44859: 0.992577
44860: 0.992577
44861: 0.992577
44862: 0.992577
44863: 0.992578
44864: 0.992578
44865: 0.992578
44866: 0.992578
44867: 0.992578
44868: 0.992578
44869: 0.992579
44870: 0.992579
44871: 0.992579
44872: 0.992579
44873: 0.992579
44874: 0.992579
44875: 0.99258
44876: 0.99258
44877: 0.99258
44878: 0.99258
44879: 0.99258
44880: 0.99258
44881: 0.992581
44882: 0.992581
44883: 0.992581
44884: 0.992581
44885: 0.992581
44886: 0.992581
44887: 0.992582
44888: 0.992582
44889: 0.992582
44890: 0.992582
44891: 0.992582
44892: 0.992582
44893: 0.992583
44894: 0.992583
44895: 0.992583
44896: 0.992583
44897: 0.992583
44898: 0.992583
44899: 0.992584
44900: 0.992584
44901: 0.992584
44902: 0.992584
44903: 0.992584
44904: 0.992584
44905: 0.992585
44906: 0.992585
44907: 0.992585
44908: 0.992585
44909: 0.992585
44910: 0.992585
44911: 0.992586
44912: 0.992586
44913: 0.992586
44914: 0.992586
44915: 0.992586
44916: 0.992586
44917: 0.992586
44918: 0.992587
44919: 0.992587
44920: 0.992587
44921: 0.992587
44922: 0.992587
44923: 0.992587
44924: 0.992588
44925: 0.992588
44926: 0.992588
44927: 0.992588
44928: 0.992588
44929: 0.992588
44930: 0.992589
44931: 0.992589
44932: 0.992589
44933: 0.992589
44934: 0.992589
44935: 0.992589
44936: 0.99259
44937: 0.99259
44938: 0.99259
44939: 0.99259
44940: 0.99259
44941: 0.99259
44942: 0.992591
44943: 0.992591
44944: 0.992591
44945: 0.992591
44946: 0.992591
44947: 0.992591
44948: 0.992592
44949: 0.992592
44950: 0.992592
44951: 0.992592
44952: 0.992592
44953: 0.992592
44954: 0.992593
44955: 0.992593
44956: 0.992593
44957: 0.992593
44958: 0.992593
44959: 0.992593
44960: 0.992594
44961: 0.992594
44962: 0.992594
44963: 0.992594
44964: 0.992594
44965: 0.992594
44966: 0.992595
44967: 0.992595
44968: 0.992595
44969: 0.992595
44970: 0.992595
44971: 0.992595
44972: 0.992596
44973: 0.992596
44974: 0.992596
44975: 0.992596
44976: 0.992596
44977: 0.992596
44978: 0.992597
44979: 0.992597
44980: 0.992597
44981: 0.992597
44982: 0.992597
44983: 0.992597
44984: 0.992598
44985: 0.992598
44986: 0.992598
44987: 0.992598
44988: 0.992598
44989: 0.992598
44990: 0.992599
44991: 0.992599
44992: 0.992599
44993: 0.992599
44994: 0.992599
44995: 0.992599
44996: 0.9926
44997: 0.9926
44998: 0.9926
44999: 0.9926
45000: 0.9926
45001: 0.9926
45002: 0.9926
45003: 0.992601
45004: 0.992601
45005: 0.992601
45006: 0.992601
45007: 0.992601
45008: 0.992601
45009: 0.992602
45010: 0.992602
45011: 0.992602
45012: 0.992602
45013: 0.992602
45014: 0.992602
45015: 0.992603
45016: 0.992603
45017: 0.992603
45018: 0.992603
45019: 0.992603
45020: 0.992603
45021: 0.992604
45022: 0.992604
45023: 0.992604
45024: 0.992604
45025: 0.992604
45026: 0.992604
45027: 0.992605
45028: 0.992605
45029: 0.992605
45030: 0.992605
45031: 0.992605
45032: 0.992605
45033: 0.992606
45034: 0.992606
45035: 0.992606
45036: 0.992606
45037: 0.992606
45038: 0.992606
45039: 0.992607
45040: 0.992607
45041: 0.992607
45042: 0.992607
45043: 0.992607
45044: 0.992607
45045: 0.992608
45046: 0.992608
45047: 0.992608
45048: 0.992608
45049: 0.992608
45050: 0.992608
45051: 0.992609
45052: 0.992609
45053: 0.992609
45054: 0.992609
45055: 0.992609
45056: 0.992609
45057: 0.99261
45058: 0.99261
45059: 0.99261
45060: 0.99261
45061: 0.99261
45062: 0.99261
45063: 0.992611
45064: 0.992611
45065: 0.992611
45066: 0.992611
45067: 0.992611
45068: 0.992611
45069: 0.992611
45070: 0.992612
45071: 0.992612
45072: 0.992612
45073: 0.992612
45074: 0.992612
45075: 0.992612
45076: 0.992613
45077: 0.992613
45078: 0.992613
45079: 0.992613
45080: 0.992613
45081: 0.992613
45082: 0.992614
45083: 0.992614
45084: 0.992614
45085: 0.992614
45086: 0.992614
45087: 0.992614
45088: 0.992615
45089: 0.992615
45090: 0.992615
45091: 0.992615
45092: 0.992615
45093: 0.992615
45094: 0.992616
45095: 0.992616
45096: 0.992616
45097: 0.992616
45098: 0.992616
45099: 0.992616
45100: 0.992617
45101: 0.992617
45102: 0.992617
45103: 0.992617
45104: 0.992617
45105: 0.992617
45106: 0.992618
45107: 0.992618
45108: 0.992618
45109: 0.992618
45110: 0.992618
45111: 0.992618
45112: 0.992619
45113: 0.992619
45114: 0.992619
45115: 0.992619
45116: 0.992619
45117: 0.992619
45118: 0.99262
45119: 0.99262
45120: 0.99262
45121: 0.99262
45122: 0.99262
45123: 0.99262
45124: 0.99262
45125: 0.992621
45126: 0.992621
45127: 0.992621
45128: 0.992621
45129: 0.992621
45130: 0.992621
45131: 0.992622
45132: 0.992622
45133: 0.992622
45134: 0.992622
45135: 0.992622
45136: 0.992622
45137: 0.992623
45138: 0.992623
45139: 0.992623
45140: 0.992623
45141: 0.992623
45142: 0.992623
45143: 0.992624
45144: 0.992624
45145: 0.992624
45146: 0.992624
45147: 0.992624
45148: 0.992624
45149: 0.992625
45150: 0.992625
45151: 0.992625
45152: 0.992625
45153: 0.992625
45154: 0.992625
45155: 0.992626
45156: 0.992626
45157: 0.992626
45158: 0.992626
45159: 0.992626
45160: 0.992626
45161: 0.992627
45162: 0.992627
45163: 0.992627
45164: 0.992627
45165: 0.992627
45166: 0.992627
45167: 0.992628
45168: 0.992628
45169: 0.992628
45170: 0.992628
45171: 0.992628
45172: 0.992628
45173: 0.992629
45174: 0.992629
45175: 0.992629
45176: 0.992629
45177: 0.992629
45178: 0.992629
45179: 0.992629
45180: 0.99263
45181: 0.99263
45182: 0.99263
45183: 0.99263
45184: 0.99263
45185: 0.99263
45186: 0.992631
45187: 0.992631
45188: 0.992631
45189: 0.992631
45190: 0.992631
45191: 0.992631
45192: 0.992632
45193: 0.992632
45194: 0.992632
45195: 0.992632
45196: 0.992632
45197: 0.992632
45198: 0.992633
45199: 0.992633
45200: 0.992633
45201: 0.992633
45202: 0.992633
45203: 0.992633
45204: 0.992634
45205: 0.992634
45206: 0.992634
45207: 0.992634
45208: 0.992634
45209: 0.992634
45210: 0.992635
45211: 0.992635
45212: 0.992635
45213: 0.992635
45214: 0.992635
45215: 0.992635
45216: 0.992636
45217: 0.992636
45218: 0.992636
45219: 0.992636
45220: 0.992636
45221: 0.992636
45222: 0.992636
45223: 0.992637
45224: 0.992637
45225: 0.992637
45226: 0.992637
45227: 0.992637
45228: 0.992637
45229: 0.992638
45230: 0.992638
45231: 0.992638
45232: 0.992638
45233: 0.992638
45234: 0.992638
45235: 0.992639
45236: 0.992639
45237: 0.992639
45238: 0.992639
45239: 0.992639
45240: 0.992639
45241: 0.99264
45242: 0.99264
45243: 0.99264
45244: 0.99264
45245: 0.99264
45246: 0.99264
45247: 0.992641
45248: 0.992641
45249: 0.992641
45250: 0.992641
45251: 0.992641
45252: 0.992641
45253: 0.992642
45254: 0.992642
45255: 0.992642
45256: 0.992642
45257: 0.992642
45258: 0.992642
45259: 0.992643
45260: 0.992643
45261: 0.992643
45262: 0.992643
45263: 0.992643
45264: 0.992643
45265: 0.992643
45266: 0.992644
45267: 0.992644
45268: 0.992644
45269: 0.992644
45270: 0.992644
45271: 0.992644
45272: 0.992645
45273: 0.992645
45274: 0.992645
45275: 0.992645
45276: 0.992645
45277: 0.992645
45278: 0.992646
45279: 0.992646
45280: 0.992646
45281: 0.992646
45282: 0.992646
45283: 0.992646
45284: 0.992647
45285: 0.992647
45286: 0.992647
45287: 0.992647
45288: 0.992647
45289: 0.992647
45290: 0.992648
45291: 0.992648
45292: 0.992648
45293: 0.992648
45294: 0.992648
45295: 0.992648
45296: 0.992649
45297: 0.992649
45298: 0.992649
45299: 0.992649
45300: 0.992649
45301: 0.992649
45302: 0.992649
45303: 0.99265
45304: 0.99265
45305: 0.99265
45306: 0.99265
45307: 0.99265
45308: 0.99265
45309: 0.992651
45310: 0.992651
45311: 0.992651
45312: 0.992651
45313: 0.992651
45314: 0.992651
45315: 0.992652
45316: 0.992652
45317: 0.992652
45318: 0.992652
45319: 0.992652
45320: 0.992652
45321: 0.992653
45322: 0.992653
45323: 0.992653
45324: 0.992653
45325: 0.992653
45326: 0.992653
45327: 0.992654
45328: 0.992654
45329: 0.992654
45330: 0.992654
45331: 0.992654
45332: 0.992654
45333: 0.992655
45334: 0.992655
45335: 0.992655
45336: 0.992655
45337: 0.992655
45338: 0.992655
45339: 0.992655
45340: 0.992656
45341: 0.992656
45342: 0.992656
45343: 0.992656
45344: 0.992656
45345: 0.992656
45346: 0.992657
45347: 0.992657
45348: 0.992657
45349: 0.992657
45350: 0.992657
45351: 0.992657
45352: 0.992658
45353: 0.992658
45354: 0.992658
45355: 0.992658
45356: 0.992658
45357: 0.992658
45358: 0.992659
45359: 0.992659
45360: 0.992659
45361: 0.992659
45362: 0.992659
45363: 0.992659
45364: 0.99266
45365: 0.99266
45366: 0.99266
45367: 0.99266
45368: 0.99266
45369: 0.99266
45370: 0.992661
45371: 0.992661
45372: 0.992661
45373: 0.992661
45374: 0.992661
45375: 0.992661
45376: 0.992661
45377: 0.992662
45378: 0.992662
45379: 0.992662
45380: 0.992662
45381: 0.992662
45382: 0.992662
45383: 0.992663
45384: 0.992663
45385: 0.992663
45386: 0.992663
45387: 0.992663
45388: 0.992663
45389: 0.992664
45390: 0.992664
45391: 0.992664
45392: 0.992664
45393: 0.992664
45394: 0.992664
45395: 0.992665
45396: 0.992665
45397: 0.992665
45398: 0.992665
45399: 0.992665
45400: 0.992665
45401: 0.992666
45402: 0.992666
45403: 0.992666
45404: 0.992666
45405: 0.992666
45406: 0.992666
45407: 0.992666
45408: 0.992667
45409: 0.992667
45410: 0.992667
45411: 0.992667
45412: 0.992667
45413: 0.992645
45414: 0.992646
45415: 0.992646
45416: 0.992646
45417: 0.992646
45418: 0.992646
45419: 0.992646
45420: 0.992647
45421: 0.992647
45422: 0.992647
45423: 0.992647
45424: 0.992647
45425: 0.992647
45426: 0.992648
45427: 0.992648
45428: 0.992648
45429: 0.992648
45430: 0.992648
45431: 0.992648
45432: 0.992649
45433: 0.992649
45434: 0.992649
45435: 0.992649
45436: 0.992649
45437: 0.992649
45438: 0.992649
45439: 0.99265
45440: 0.99265
45441: 0.99265
45442: 0.99265
45443: 0.99265
45444: 0.99265
45445: 0.992651
45446: 0.992651
45447: 0.992651
45448: 0.992651
45449: 0.992651
45450: 0.992651
45451: 0.992652
45452: 0.992652
45453: 0.992652
45454: 0.992652
45455: 0.992652
45456: 0.992652
45457: 0.992653
45458: 0.992653
45459: 0.992653
45460: 0.992653
45461: 0.992653
45462: 0.992653
45463: 0.992654
45464: 0.992654
45465: 0.992654
45466: 0.992654
45467: 0.992654
45468: 0.992654
45469: 0.992654
45470: 0.992655
45471: 0.992655
45472: 0.992655
45473: 0.992655
45474: 0.992655
45475: 0.992655
45476: 0.992656
45477: 0.992656
45478: 0.992656
45479: 0.992656
45480: 0.992656
45481: 0.992656
45482: 0.992657
45483: 0.992657
45484: 0.992657
45485: 0.992657
45486: 0.992657
45487: 0.992657
45488: 0.992658
45489: 0.992658
45490: 0.992658
45491: 0.992658
45492: 0.992658
45493: 0.992658
45494: 0.992659
45495: 0.992659
45496: 0.992659
45497: 0.992659
45498: 0.992659
45499: 0.992659
45500: 0.99266
45501: 0.99266
45502: 0.99266
45503: 0.99266
45504: 0.99266
45505: 0.99266
45506: 0.99266
45507: 0.992661
45508: 0.992661
45509: 0.992661
45510: 0.992661
45511: 0.992661
45512: 0.992661
45513: 0.992662
45514: 0.992662
45515: 0.992662
45516: 0.992662
45517: 0.992662
45518: 0.992662
45519: 0.992663
45520: 0.992663
45521: 0.992663
45522: 0.992663
45523: 0.992663
45524: 0.992663
45525: 0.992664
45526: 0.992664
45527: 0.992664
45528: 0.992664
45529: 0.992664
45530: 0.992664
45531: 0.992664
45532: 0.992665
45533: 0.992665
45534: 0.992665
45535: 0.992665
45536: 0.992665
45537: 0.992665
45538: 0.992666
45539: 0.992666
45540: 0.992666
45541: 0.992666
45542: 0.992666
45543: 0.992666
45544: 0.992667
45545: 0.992667
45546: 0.992667
45547: 0.992667
45548: 0.992667
45549: 0.992667
45550: 0.992668
45551: 0.992668
45552: 0.992668
45553: 0.992668
45554: 0.992668
45555: 0.992668
45556: 0.992669
45557: 0.992669
45558: 0.992669
45559: 0.992669
45560: 0.992669
45561: 0.992669
45562: 0.992669
45563: 0.99267
45564: 0.99267
45565: 0.99267
45566: 0.99267
45567: 0.99267
45568: 0.99267
45569: 0.992671
45570: 0.992671
45571: 0.992671
45572: 0.992671
45573: 0.992671
45574: 0.992671
45575: 0.992672
45576: 0.992672
45577: 0.992672
45578: 0.992672
45579: 0.992672
45580: 0.992672
45581: 0.992673
45582: 0.992673
45583: 0.992673
45584: 0.992673
45585: 0.992673
45586: 0.992673
45587: 0.992674
45588: 0.992674
45589: 0.992674
45590: 0.992674
45591: 0.992674
45592: 0.992674
45593: 0.992674
45594: 0.992675
45595: 0.992675
45596: 0.992675
45597: 0.992675
45598: 0.992675
45599: 0.992675
45600: 0.992676
45601: 0.992676
45602: 0.992676
45603: 0.992676
45604: 0.992676
45605: 0.992676
45606: 0.992677
45607: 0.992677
45608: 0.992677
45609: 0.992677
45610: 0.992677
45611: 0.992677
45612: 0.992678
45613: 0.992678
45614: 0.992678
45615: 0.992678
45616: 0.992678
45617: 0.992678
45618: 0.992678
45619: 0.992679
45620: 0.992679
45621: 0.992679
45622: 0.992679
45623: 0.992679
45624: 0.992679
45625: 0.99268
45626: 0.99268
45627: 0.99268
45628: 0.99268
45629: 0.99268
45630: 0.99268
45631: 0.992681
45632: 0.992681
45633: 0.992681
45634: 0.992681
45635: 0.992681
45636: 0.992681
45637: 0.992682
45638: 0.992682
45639: 0.992682
45640: 0.992682
45641: 0.992682
45642: 0.992682
45643: 0.992682
45644: 0.992683
45645: 0.992683
45646: 0.992683
45647: 0.992683
45648: 0.992683
45649: 0.992683
45650: 0.992684
45651: 0.992684
45652: 0.992684
45653: 0.992684
45654: 0.992684
45655: 0.992684
45656: 0.992685
45657: 0.992685
45658: 0.992685
45659: 0.992685
45660: 0.992685
45661: 0.992685
45662: 0.992686
45663: 0.992686
45664: 0.992686
45665: 0.992686
45666: 0.992686
45667: 0.992686
45668: 0.992687
45669: 0.992687
45670: 0.992687
45671: 0.992687
45672: 0.992687
45673: 0.992687
45674: 0.992687
45675: 0.992688
45676: 0.992688
45677: 0.992688
45678: 0.992688
45679: 0.992688
45680: 0.992688
45681: 0.992689
45682: 0.992689
45683: 0.992689
45684: 0.992689
45685: 0.992689
45686: 0.992689
45687: 0.99269
45688: 0.99269
45689: 0.99269
45690: 0.99269
45691: 0.99269
45692: 0.99269
45693: 0.992691
45694: 0.992691
45695: 0.992691
45696: 0.992691
45697: 0.992691
45698: 0.992691
45699: 0.992691
45700: 0.992692
45701: 0.992692
45702: 0.992692
45703: 0.992692
45704: 0.992692
45705: 0.992692
45706: 0.992693
45707: 0.992693
45708: 0.992693
45709: 0.992693
45710: 0.992693
45711: 0.992693
45712: 0.992694
45713: 0.992694
45714: 0.992694
45715: 0.992694
45716: 0.992694
45717: 0.992694
45718: 0.992695
45719: 0.992695
45720: 0.992695
45721: 0.992695
45722: 0.992695
45723: 0.992673
45724: 0.992674
45725: 0.992674
45726: 0.992674
45727: 0.992674
45728: 0.992674
45729: 0.992674
45730: 0.992675
45731: 0.992675
45732: 0.992675
45733: 0.992675
45734: 0.992675
45735: 0.992675
45736: 0.992676
45737: 0.992676
45738: 0.992676
45739: 0.992676
45740: 0.992676
45741: 0.992676
45742: 0.992676
45743: 0.992677
45744: 0.992677
45745: 0.992677
45746: 0.992677
45747: 0.992677
45748: 0.992677
45749: 0.992678
45750: 0.992678
45751: 0.992678
45752: 0.992678
45753: 0.992678
45754: 0.992678
45755: 0.992679
45756: 0.992679
45757: 0.992679
45758: 0.992679
45759: 0.992679
45760: 0.992679
45761: 0.99268
45762: 0.99268
45763: 0.99268
45764: 0.99268
45765: 0.99268
45766: 0.99268
45767: 0.99268
45768: 0.992681
45769: 0.992681
45770: 0.992681
45771: 0.992681
45772: 0.992681
45773: 0.992681
45774: 0.992682
45775: 0.992682
45776: 0.992682
45777: 0.992682
45778: 0.992682
45779: 0.992682
45780: 0.992683
45781: 0.992683
45782: 0.992683
45783: 0.992683
45784: 0.992683
45785: 0.992683
45786: 0.992684
45787: 0.992684
45788: 0.992684
45789: 0.992684
45790: 0.992684
45791: 0.992684
45792: 0.992684
45793: 0.992685
45794: 0.992685
45795: 0.992685
45796: 0.992685
45797: 0.992685
45798: 0.992685
45799: 0.992686
45800: 0.992686
45801: 0.992686
45802: 0.992686
45803: 0.992686
45804: 0.992686
45805: 0.992687
45806: 0.992687
45807: 0.992687
45808: 0.992687
45809: 0.992687
45810: 0.992687
45811: 0.992688
45812: 0.992688
45813: 0.992688
45814: 0.992688
45815: 0.992688
45816: 0.992688
45817: 0.992688
45818: 0.992689
45819: 0.992689
45820: 0.992689
45821: 0.992689
45822: 0.992689
45823: 0.992689
45824: 0.99269
45825: 0.99269
45826: 0.99269
45827: 0.99269
45828: 0.99269
45829: 0.99269
45830: 0.992691
45831: 0.992691
45832: 0.992691
45833: 0.992691
45834: 0.992691
45835: 0.992691
45836: 0.992691
45837: 0.992692
45838: 0.992692
45839: 0.992692
45840: 0.992692
45841: 0.992692
45842: 0.992692
45843: 0.992693
45844: 0.992693
45845: 0.992693
45846: 0.992693
45847: 0.992693
45848: 0.992693
45849: 0.992694
45850: 0.992694
45851: 0.992694
45852: 0.992694
45853: 0.992694
45854: 0.992694
45855: 0.992695
45856: 0.992695
45857: 0.992695
45858: 0.992695
45859: 0.992695
45860: 0.992695
45861: 0.992695
45862: 0.992696
45863: 0.992696
45864: 0.992696
45865: 0.992696
45866: 0.992696
45867: 0.992696
45868: 0.992697
45869: 0.992697
45870: 0.992697
45871: 0.992697
45872: 0.992697
45873: 0.992697
45874: 0.992698
45875: 0.992698
45876: 0.992698
45877: 0.992698
45878: 0.992698
45879: 0.992698
45880: 0.992699
45881: 0.992699
45882: 0.992699
45883: 0.992699
45884: 0.992699
45885: 0.992699
45886: 0.992699
45887: 0.9927
45888: 0.9927
45889: 0.9927
45890: 0.9927
45891: 0.9927
45892: 0.9927
45893: 0.992701
45894: 0.992701
45895: 0.992701
45896: 0.992701
45897: 0.992701
45898: 0.992701
45899: 0.992702
45900: 0.992702
45901: 0.992702
45902: 0.992702
45903: 0.992702
45904: 0.992702
45905: 0.992702
45906: 0.992703
45907: 0.992703
45908: 0.992703
45909: 0.992703
45910: 0.992703
45911: 0.992703
45912: 0.992704
45913: 0.992704
45914: 0.992704
45915: 0.992704
45916: 0.992704
45917: 0.992704
45918: 0.992705
45919: 0.992705
45920: 0.992705
45921: 0.992705
45922: 0.992705
45923: 0.992705
45924: 0.992705
45925: 0.992706
45926: 0.992706
45927: 0.992706
45928: 0.992706
45929: 0.992706
45930: 0.992706
45931: 0.992707
45932: 0.992707
45933: 0.992707
45934: 0.992707
45935: 0.992707
45936: 0.992707
45937: 0.992708
45938: 0.992708
45939: 0.992708
45940: 0.992708
45941: 0.992708
45942: 0.992708
45943: 0.992709
45944: 0.992709
45945: 0.992709
45946: 0.992709
45947: 0.992709
45948: 0.992709
45949: 0.992709
45950: 0.99271
45951: 0.99271
45952: 0.99271
45953: 0.99271
45954: 0.99271
45955: 0.99271
45956: 0.992711
45957: 0.992711
45958: 0.992711
45959: 0.992711
45960: 0.992711
45961: 0.992711
45962: 0.992712
45963: 0.992712
45964: 0.992712
45965: 0.992712
45966: 0.992712
45967: 0.992712
45968: 0.992712
45969: 0.992713
45970: 0.992713
45971: 0.992713
45972: 0.992713
45973: 0.992713
45974: 0.992713
45975: 0.992714
45976: 0.992714
45977: 0.992714
45978: 0.992714
45979: 0.992714
45980: 0.992714
45981: 0.992715
45982: 0.992715
45983: 0.992715
45984: 0.992715
45985: 0.992715
45986: 0.992715
45987: 0.992715
45988: 0.992716
45989: 0.992716
45990: 0.992716
45991: 0.992716
45992: 0.992716
45993: 0.992716
45994: 0.992717
45995: 0.992717
45996: 0.992717
45997: 0.992717
45998: 0.992717
45999: 0.992717
46000: 0.992718
46001: 0.992718
46002: 0.992718
46003: 0.992718
46004: 0.992718
46005: 0.992718
46006: 0.992718
46007: 0.992719
46008: 0.992719
46009: 0.992719
46010: 0.992719
46011: 0.992719
46012: 0.992719
46013: 0.99272
46014: 0.99272
46015: 0.99272
46016: 0.99272
46017: 0.99272
46018: 0.99272
46019: 0.992721
46020: 0.992699
46021: 0.992699
46022: 0.992699
46023: 0.992699
46024: 0.9927
46025: 0.9927
46026: 0.9927
46027: 0.9927
46028: 0.9927
46029: 0.9927
46030: 0.992701
46031: 0.992701
46032: 0.992701
46033: 0.992701
46034: 0.992701
46035: 0.992701
46036: 0.992702
46037: 0.992702
46038: 0.992702
46039: 0.992702
46040: 0.992702
46041: 0.992702
46042: 0.992702
46043: 0.992681
46044: 0.992681
46045: 0.992681
46046: 0.992681
46047: 0.992682
46048: 0.992682
46049: 0.992682
46050: 0.992682
46051: 0.992682
46052: 0.992682
46053: 0.992683
46054: 0.992683
46055: 0.992683
46056: 0.992683
46057: 0.992683
46058: 0.992683
46059: 0.992683
46060: 0.992684
46061: 0.992684
46062: 0.992684
46063: 0.992684
46064: 0.992684
46065: 0.992684
46066: 0.992685
46067: 0.992685
46068: 0.992685
46069: 0.992685
46070: 0.992685
46071: 0.992685
46072: 0.992686
46073: 0.992686
46074: 0.992686
46075: 0.992686
46076: 0.992686
46077: 0.992686
46078: 0.992686
46079: 0.992687
46080: 0.992687
46081: 0.992687
46082: 0.992687
46083: 0.992687
46084: 0.992687
46085: 0.992688
46086: 0.992688
46087: 0.992688
46088: 0.992688
46089: 0.992688
46090: 0.992688
46091: 0.992689
46092: 0.992689
46093: 0.992689
46094: 0.992689
46095: 0.992689
46096: 0.992689
46097: 0.992689
46098: 0.99269
46099: 0.99269
46100: 0.99269
46101: 0.99269
46102: 0.99269
46103: 0.99269
46104: 0.992691
46105: 0.992691
46106: 0.992691
46107: 0.992691
46108: 0.992691
46109: 0.992691
46110: 0.992692
46111: 0.992692
46112: 0.992692
46113: 0.992692
46114: 0.992692
46115: 0.992692
46116: 0.992692
46117: 0.992693
46118: 0.992693
46119: 0.992693
46120: 0.992693
46121: 0.992693
46122: 0.992693
46123: 0.992694
46124: 0.992694
46125: 0.992694
46126: 0.992694
46127: 0.992694
46128: 0.992694
46129: 0.992695
46130: 0.992695
46131: 0.992695
46132: 0.992695
46133: 0.992695
46134: 0.992695
46135: 0.992696
46136: 0.992696
46137: 0.992696
46138: 0.992696
46139: 0.992696
46140: 0.992696
46141: 0.992696
46142: 0.992697
46143: 0.992697
46144: 0.992697
46145: 0.992697
46146: 0.992697
46147: 0.992697
46148: 0.992698
46149: 0.992698
46150: 0.992698
46151: 0.992698
46152: 0.992698
46153: 0.992698
46154: 0.992699
46155: 0.992699
46156: 0.992699
46157: 0.992699
46158: 0.992699
46159: 0.992699
46160: 0.992699
46161: 0.9927
46162: 0.9927
46163: 0.9927
46164: 0.9927
46165: 0.9927
46166: 0.9927
46167: 0.992701
46168: 0.992701
46169: 0.992701
46170: 0.992701
46171: 0.992701
46172: 0.992701
46173: 0.992702
46174: 0.992702
46175: 0.992702
46176: 0.992702
46177: 0.992702
46178: 0.992702
46179: 0.992702
46180: 0.992703
46181: 0.992703
46182: 0.992703
46183: 0.992703
46184: 0.992703
46185: 0.992703
46186: 0.992704
46187: 0.992704
46188: 0.992704
46189: 0.992704
46190: 0.992704
46191: 0.992704
46192: 0.992705
46193: 0.992705
46194: 0.992705
46195: 0.992705
46196: 0.992705
46197: 0.992705
46198: 0.992705
46199: 0.992706
46200: 0.992706
46201: 0.992706
46202: 0.992706
46203: 0.992706
46204: 0.992706
46205: 0.992707
46206: 0.992707
46207: 0.992707
46208: 0.992707
46209: 0.992707
46210: 0.992707
46211: 0.992708
46212: 0.992708
46213: 0.992708
46214: 0.992708
46215: 0.992708
46216: 0.992708
46217: 0.992708
46218: 0.992709
46219: 0.992709
46220: 0.992709
46221: 0.992709
46222: 0.992709
46223: 0.992709
46224: 0.99271
46225: 0.99271
46226: 0.99271
46227: 0.99271
46228: 0.99271
46229: 0.99271
46230: 0.992711
46231: 0.992711
46232: 0.992711
46233: 0.992711
46234: 0.992711
46235: 0.992711
46236: 0.992711
46237: 0.992712
46238: 0.992712
46239: 0.992712
46240: 0.992712
46241: 0.992712
46242: 0.992712
46243: 0.992713
46244: 0.992713
46245: 0.992713
46246: 0.992713
46247: 0.992713
46248: 0.992713
46249: 0.992714
46250: 0.992714
46251: 0.992714
46252: 0.992714
46253: 0.992714
46254: 0.992714
46255: 0.992714
46256: 0.992715
46257: 0.992715
46258: 0.992715
46259: 0.992715
46260: 0.992715
46261: 0.992715
46262: 0.992716
46263: 0.992716
46264: 0.992716
46265: 0.992716
46266: 0.992716
46267: 0.992716
46268: 0.992717
46269: 0.992717
46270: 0.992717
46271: 0.992717
46272: 0.992717
46273: 0.992717
46274: 0.992717
46275: 0.992718
46276: 0.992718
46277: 0.992718
46278: 0.992718
46279: 0.992718
46280: 0.992718
46281: 0.992719
46282: 0.992719
46283: 0.992719
46284: 0.992719
46285: 0.992719
46286: 0.992719
46287: 0.992719
46288: 0.99272
46289: 0.99272
46290: 0.99272
46291: 0.99272
46292: 0.99272
46293: 0.99272
46294: 0.992721
46295: 0.992721
46296: 0.992721
46297: 0.992721
46298: 0.992721
46299: 0.992721
46300: 0.992722
46301: 0.992722
46302: 0.992722
46303: 0.992722
46304: 0.992722
46305: 0.992722
46306: 0.992722
46307: 0.992723
46308: 0.992723
46309: 0.992723
46310: 0.992723
46311: 0.992723
46312: 0.992723
46313: 0.992724
46314: 0.992724
46315: 0.992724
46316: 0.992724
46317: 0.992724
46318: 0.992724
46319: 0.992725
46320: 0.992725
46321: 0.992725
46322: 0.992725
46323: 0.992725
46324: 0.992725
46325: 0.992725
46326: 0.992726
46327: 0.992726
46328: 0.992726
46329: 0.992726
46330: 0.992726
46331: 0.992726
46332: 0.992727
46333: 0.992727
46334: 0.992727
46335: 0.992727
46336: 0.992727
46337: 0.992727
46338: 0.992728
46339: 0.992728
46340: 0.992728
46341: 0.992728
46342: 0.992728
46343: 0.992728
46344: 0.992728
46345: 0.992729
46346: 0.992729
46347: 0.992729
46348: 0.992729
46349: 0.992729
46350: 0.992729
46351: 0.99273
46352: 0.99273
46353: 0.99273
46354: 0.99273
46355: 0.99273
46356: 0.99273
46357: 0.99273
46358: 0.992731
46359: 0.992731
46360: 0.992731
46361: 0.992731
46362: 0.992731
46363: 0.992731
46364: 0.992732
46365: 0.992732
46366: 0.992732
46367: 0.992732
46368: 0.992732
46369: 0.992732
46370: 0.992733
46371: 0.992733
46372: 0.992733
46373: 0.992733
46374: 0.992733
46375: 0.992733
46376: 0.992733
46377: 0.992734
46378: 0.992734
46379: 0.992734
46380: 0.992734
46381: 0.992734
46382: 0.992734
46383: 0.992735
46384: 0.992735
46385: 0.992735
46386: 0.992735
46387: 0.992735
46388: 0.992735
46389: 0.992736
46390: 0.992736
46391: 0.992736
46392: 0.992736
46393: 0.992736
46394: 0.992736
46395: 0.992736
46396: 0.992737
46397: 0.992737
46398: 0.992737
46399: 0.992737
46400: 0.992737
46401: 0.992737
46402: 0.992738
46403: 0.992738
46404: 0.992738
46405: 0.992738
46406: 0.992738
46407: 0.992738
46408: 0.992738
46409: 0.992739
46410: 0.992739
46411: 0.992739
46412: 0.992739
46413: 0.992739
46414: 0.992739
46415: 0.99274
46416: 0.99274
46417: 0.99274
46418: 0.99274
46419: 0.99274
46420: 0.99274
46421: 0.992741
46422: 0.992741
46423: 0.992741
46424: 0.992741
46425: 0.992741
46426: 0.992741
46427: 0.992741
46428: 0.992742
46429: 0.992742
46430: 0.992742
46431: 0.992742
46432: 0.992742
46433: 0.992742
46434: 0.992743
46435: 0.992743
46436: 0.992743
46437: 0.992743
46438: 0.992743
46439: 0.992743
46440: 0.992743
46441: 0.992744
46442: 0.992744
46443: 0.992744
46444: 0.992744
46445: 0.992744
46446: 0.992744
46447: 0.992745
46448: 0.992745
46449: 0.992745
46450: 0.992745
46451: 0.992745
46452: 0.992745
46453: 0.992746
46454: 0.992746
46455: 0.992746
46456: 0.992746
46457: 0.992746
46458: 0.992746
46459: 0.992746
46460: 0.992747
46461: 0.992747
46462: 0.992747
46463: 0.992747
46464: 0.992747
46465: 0.992747
46466: 0.992748
46467: 0.992748
46468: 0.992748
46469: 0.992748
46470: 0.992748
46471: 0.992748
46472: 0.992748
46473: 0.992749
46474: 0.992749
46475: 0.992749
46476: 0.992749
46477: 0.992749
46478: 0.992749
46479: 0.99275
46480: 0.99275
46481: 0.99275
46482: 0.99275
46483: 0.99275
46484: 0.99275
46485: 0.992751
46486: 0.992751
46487: 0.992751
46488: 0.992751
46489: 0.992751
46490: 0.992751
46491: 0.992751
46492: 0.992752
46493: 0.992752
46494: 0.992752
46495: 0.992752
46496: 0.992752
46497: 0.992752
46498: 0.992753
46499: 0.992753
46500: 0.992753
46501: 0.992753
46502: 0.992753
46503: 0.992753
46504: 0.992753
46505: 0.992754
46506: 0.992754
46507: 0.992754
46508: 0.992754
46509: 0.992754
46510: 0.992754
46511: 0.992755
46512: 0.992755
46513: 0.992755
46514: 0.992755
46515: 0.992755
46516: 0.992755
46517: 0.992755
46518: 0.992756
46519: 0.992756
46520: 0.992756
46521: 0.992756
46522: 0.992756
46523: 0.992756
46524: 0.992757
46525: 0.992757
46526: 0.992757
46527: 0.992757
46528: 0.992757
46529: 0.992757
46530: 0.992758
46531: 0.992758
46532: 0.992758
46533: 0.992758
46534: 0.992758
46535: 0.992758
46536: 0.992758
46537: 0.992759
46538: 0.992759
46539: 0.992759
46540: 0.992759
46541: 0.992759
46542: 0.992759
46543: 0.99276
46544: 0.99276
46545: 0.99276
46546: 0.99276
46547: 0.99276
46548: 0.99276
46549: 0.99276
46550: 0.992761
46551: 0.992761
46552: 0.992761
46553: 0.992761
46554: 0.99274
46555: 0.99274
46556: 0.99274
46557: 0.99274
46558: 0.99274
46559: 0.992741
46560: 0.992741
46561: 0.992741
46562: 0.992741
46563: 0.992741
46564: 0.992741
46565: 0.992741
46566: 0.992742
46567: 0.992742
46568: 0.992742
46569: 0.992742
46570: 0.992742
46571: 0.992742
46572: 0.992743
46573: 0.992743
46574: 0.992743
46575: 0.992743
46576: 0.992743
46577: 0.992743
46578: 0.992744
46579: 0.992744
46580: 0.992744
46581: 0.992744
46582: 0.992744
46583: 0.992744
46584: 0.992744
46585: 0.992745
46586: 0.992745
46587: 0.992745
46588: 0.992745
46589: 0.992745
46590: 0.992745
46591: 0.992746
46592: 0.992746
46593: 0.992746
46594: 0.992746
46595: 0.992746
46596: 0.992746
46597: 0.992746
46598: 0.992747
46599: 0.992747
46600: 0.992747
46601: 0.992747
46602: 0.992747
46603: 0.992747
46604: 0.992748
46605: 0.992748
46606: 0.992748
46607: 0.992748
46608: 0.992748
46609: 0.992748
46610: 0.992748
46611: 0.992749
46612: 0.992749
46613: 0.992749
46614: 0.992749
46615: 0.992749
46616: 0.992749
46617: 0.99275
46618: 0.99275
46619: 0.99275
46620: 0.99275
46621: 0.99275
46622: 0.99275
46623: 0.992751
46624: 0.992751
46625: 0.992751
46626: 0.992751
46627: 0.992751
46628: 0.992751
46629: 0.992751
46630: 0.992752
46631: 0.992752
46632: 0.992752
46633: 0.992752
46634: 0.992752
46635: 0.992752
46636: 0.992753
46637: 0.992753
46638: 0.992753
46639: 0.992753
46640: 0.992753
46641: 0.992753
46642: 0.992753
46643: 0.992754
46644: 0.992754
46645: 0.992754
46646: 0.992754
46647: 0.992754
46648: 0.992754
46649: 0.992755
46650: 0.992755
46651: 0.992755
46652: 0.992755
46653: 0.992755
46654: 0.992755
46655: 0.992755
46656: 0.992756
46657: 0.992756
46658: 0.992756
46659: 0.992756
46660: 0.992756
46661: 0.992756
46662: 0.992757
46663: 0.992757
46664: 0.992757
46665: 0.992757
46666: 0.992757
46667: 0.992757
46668: 0.992758
46669: 0.992758
46670: 0.992758
46671: 0.992758
46672: 0.992758
46673: 0.992758
46674: 0.992758
46675: 0.992759
46676: 0.992759
46677: 0.992759
46678: 0.992759
46679: 0.992759
46680: 0.992759
46681: 0.99276
46682: 0.99276
46683: 0.99276
46684: 0.99276
46685: 0.99276
46686: 0.99276
46687: 0.99276
46688: 0.992761
46689: 0.992761
46690: 0.992761
46691: 0.992761
46692: 0.992761
46693: 0.992761
46694: 0.992762
46695: 0.992762
46696: 0.992762
46697: 0.992762
46698: 0.992762
46699: 0.992762
46700: 0.992762
46701: 0.992763
46702: 0.992763
46703: 0.992763
46704: 0.992763
46705: 0.992763
46706: 0.992763
46707: 0.992764
46708: 0.992764
46709: 0.992764
46710: 0.992764
46711: 0.992764
46712: 0.992764
46713: 0.992764
46714: 0.992765
46715: 0.992765
46716: 0.992765
46717: 0.992765
46718: 0.992765
46719: 0.992765
46720: 0.992766
46721: 0.992766
46722: 0.992766
46723: 0.992766
46724: 0.992766
46725: 0.992766
46726: 0.992766
46727: 0.992767
46728: 0.992767
46729: 0.992767
46730: 0.992767
46731: 0.992767
46732: 0.992767
46733: 0.992768
46734: 0.992768
46735: 0.992768
46736: 0.992768
46737: 0.992768
46738: 0.992768
46739: 0.992769
46740: 0.992769
46741: 0.992769
46742: 0.992769
46743: 0.992769
46744: 0.992769
46745: 0.992769
46746: 0.99277
46747: 0.99277
46748: 0.99277
46749: 0.99277
46750: 0.99277
46751: 0.99277
46752: 0.992771
46753: 0.992771
46754: 0.992771
46755: 0.992771
46756: 0.992771
46757: 0.992771
46758: 0.992771
46759: 0.992772
46760: 0.992772
46761: 0.992772
46762: 0.992772
46763: 0.992772
46764: 0.992772
46765: 0.992773
46766: 0.992773
46767: 0.992773
46768: 0.992773
46769: 0.992773
46770: 0.992773
46771: 0.992773
46772: 0.992774
46773: 0.992774
46774: 0.992774
46775: 0.992774
46776: 0.992774
46777: 0.992774
46778: 0.992775
46779: 0.992775
46780: 0.992775
46781: 0.992775
46782: 0.992775
46783: 0.992775
46784: 0.992775
46785: 0.992776
46786: 0.992776
46787: 0.992776
46788: 0.992776
46789: 0.992776
46790: 0.992776
46791: 0.992777
46792: 0.992777
46793: 0.992777
46794: 0.992777
46795: 0.992777
46796: 0.992777
46797: 0.992777
46798: 0.992778
46799: 0.992778
46800: 0.992778
46801: 0.992778
46802: 0.992778
46803: 0.992778
46804: 0.992779
46805: 0.992779
46806: 0.992779
46807: 0.992779
46808: 0.992779
46809: 0.992779
46810: 0.992779
46811: 0.99278
46812: 0.99278
46813: 0.99278
46814: 0.99278
46815: 0.99278
46816: 0.99278
46817: 0.992781
46818: 0.992781
46819: 0.992781
46820: 0.992781
46821: 0.992781
46822: 0.992781
46823: 0.992781
46824: 0.992782
46825: 0.992782
46826: 0.992782
46827: 0.992782
46828: 0.992782
46829: 0.992782
46830: 0.992783
46831: 0.992783
46832: 0.992783
46833: 0.992783
46834: 0.992783
46835: 0.992783
46836: 0.992783
46837: 0.992784
46838: 0.992784
46839: 0.992784
46840: 0.992784
46841: 0.992784
46842: 0.992784
46843: 0.992785
46844: 0.992785
46845: 0.992785
46846: 0.992785
46847: 0.992785
46848: 0.992785
46849: 0.992785
46850: 0.992786
46851: 0.992786
46852: 0.992786
46853: 0.992786
46854: 0.992786
46855: 0.992786
46856: 0.992787
46857: 0.992787
46858: 0.992787
46859: 0.992787
46860: 0.992787
46861: 0.992787
46862: 0.992787
46863: 0.992788
46864: 0.992788
46865: 0.992788
46866: 0.992788
46867: 0.992788
46868: 0.992788
46869: 0.992789
46870: 0.992789
46871: 0.992789
46872: 0.992789
46873: 0.992789
46874: 0.992789
46875: 0.992789
46876: 0.99279
46877: 0.99279
46878: 0.99279
46879: 0.99279
46880: 0.99279
46881: 0.99279
46882: 0.992791
46883: 0.992791
46884: 0.992791
46885: 0.992791
46886: 0.992791
46887: 0.992791
46888: 0.992791
46889: 0.992792
46890: 0.992792
46891: 0.992792
46892: 0.992792
46893: 0.992792
46894: 0.992792
46895: 0.992793
46896: 0.992793
46897: 0.992793
46898: 0.992793
46899: 0.992793
46900: 0.992793
46901: 0.992793
46902: 0.992794
46903: 0.992794
46904: 0.992794
46905: 0.992794
46906: 0.992794
46907: 0.992794
46908: 0.992795
46909: 0.992795
46910: 0.992795
46911: 0.992795
46912: 0.992795
46913: 0.992795
46914: 0.992795
46915: 0.992796
46916: 0.992796
46917: 0.992796
46918: 0.992796
46919: 0.992796
46920: 0.992796
46921: 0.992797
46922: 0.992797
46923: 0.992797
46924: 0.992797
46925: 0.992797
46926: 0.992797
46927: 0.992797
46928: 0.992798
46929: 0.992798
46930: 0.992798
46931: 0.992798
46932: 0.992798
46933: 0.992798
46934: 0.992799
46935: 0.992799
46936: 0.992799
46937: 0.992799
46938: 0.992799
46939: 0.992799
46940: 0.992799
46941: 0.9928
46942: 0.9928
46943: 0.9928
46944: 0.9928
46945: 0.9928
46946: 0.9928
46947: 0.992801
46948: 0.992801
46949: 0.992801
46950: 0.992801
46951: 0.992801
46952: 0.992801
46953: 0.992801
46954: 0.992802
46955: 0.992802
46956: 0.992802
46957: 0.992802
46958: 0.992802
46959: 0.992802
46960: 0.992803
46961: 0.992803
46962: 0.992803
46963: 0.992803
46964: 0.992803
46965: 0.992803
46966: 0.992803
46967: 0.992804
46968: 0.992804
46969: 0.992804
46970: 0.992804
46971: 0.992804
46972: 0.992804
46973: 0.992805
46974: 0.992805
46975: 0.992805
46976: 0.992805
46977: 0.992805
46978: 0.992805
46979: 0.992805
46980: 0.992806
46981: 0.992806
46982: 0.992806
46983: 0.992806
46984: 0.992806
46985: 0.992806
46986: 0.992807
46987: 0.992807
46988: 0.992807
46989: 0.992807
46990: 0.992807
46991: 0.992807
46992: 0.992807
46993: 0.992808
46994: 0.992808
46995: 0.992808
46996: 0.992808
46997: 0.992808
46998: 0.992808
46999: 0.992809
47000: 0.992809
47001: 0.992809
47002: 0.992809
47003: 0.992809
47004: 0.992809
47005: 0.992809
47006: 0.99281
47007: 0.99281
47008: 0.99281
47009: 0.99281
47010: 0.99281
47011: 0.99281
47012: 0.99281
47013: 0.992811
47014: 0.992811
47015: 0.992811
47016: 0.992811
47017: 0.992811
47018: 0.992811
47019: 0.992812
47020: 0.992812
47021: 0.992812
47022: 0.992812
47023: 0.992812
47024: 0.992812
47025: 0.992812
47026: 0.992813
47027: 0.992813
47028: 0.992813
47029: 0.992813
47030: 0.992813
47031: 0.992813
47032: 0.992814
47033: 0.992814
47034: 0.992814
47035: 0.992814
47036: 0.992814
47037: 0.992814
47038: 0.992814
47039: 0.992815
47040: 0.992815
47041: 0.992815
47042: 0.992815
47043: 0.992815
47044: 0.992815
47045: 0.992816
47046: 0.992816
47047: 0.992816
47048: 0.992816
47049: 0.992816
47050: 0.992816
47051: 0.992816
47052: 0.992817
47053: 0.992817
47054: 0.992817
47055: 0.992817
47056: 0.992817
47057: 0.992817
47058: 0.992818
47059: 0.992818
47060: 0.992818
47061: 0.992818
47062: 0.992818
47063: 0.992818
47064: 0.992818
47065: 0.992819
47066: 0.992819
47067: 0.992819
47068: 0.992819
47069: 0.992819
47070: 0.992819
47071: 0.99282
47072: 0.99282
47073: 0.99282
47074: 0.99282
47075: 0.99282
47076: 0.99282
47077: 0.99282
47078: 0.992821
47079: 0.992821
47080: 0.992821
47081: 0.992821
47082: 0.992821
47083: 0.992821
47084: 0.992821
47085: 0.992822
47086: 0.992822
47087: 0.992822
47088: 0.992822
47089: 0.992822
47090: 0.992822
47091: 0.992823
47092: 0.992823
47093: 0.992823
47094: 0.992823
47095: 0.992823
47096: 0.992823
47097: 0.992823
47098: 0.992824
47099: 0.992824
47100: 0.992824
47101: 0.992824
47102: 0.992824
47103: 0.992824
47104: 0.992825
47105: 0.992825
47106: 0.992825
47107: 0.992825
47108: 0.992825
47109: 0.992825
47110: 0.992825
47111: 0.992826
47112: 0.992826
47113: 0.992826
47114: 0.992826
47115: 0.992826
47116: 0.992826
47117: 0.992827
47118: 0.992827
47119: 0.992827
47120: 0.992827
47121: 0.992827
47122: 0.992827
47123: 0.992827
47124: 0.992828
47125: 0.992828
47126: 0.992828
47127: 0.992828
47128: 0.992828
47129: 0.992828
47130: 0.992828
47131: 0.992829
47132: 0.992829
47133: 0.992829
47134: 0.992829
47135: 0.992829
47136: 0.992829
47137: 0.99283
47138: 0.99283
47139: 0.99283
47140: 0.99283
47141: 0.99283
47142: 0.99283
47143: 0.99283
47144: 0.992831
47145: 0.992831
47146: 0.992831
47147: 0.992831
47148: 0.992831
47149: 0.992831
47150: 0.992832
47151: 0.992832
47152: 0.992832
47153: 0.992832
47154: 0.992832
47155: 0.992832
47156: 0.992832
47157: 0.992833
47158: 0.992833
47159: 0.992833
47160: 0.992833
47161: 0.992833
47162: 0.992833
47163: 0.992834
47164: 0.992834
47165: 0.992834
47166: 0.992834
47167: 0.992834
47168: 0.992834
47169: 0.992834
47170: 0.992835
47171: 0.992835
47172: 0.992835
47173: 0.992835
47174: 0.992835
47175: 0.992835
47176: 0.992835
47177: 0.992836
47178: 0.992836
47179: 0.992836
47180: 0.992836
47181: 0.992836
47182: 0.992836
47183: 0.992837
47184: 0.992837
47185: 0.992837
47186: 0.992837
47187: 0.992837
47188: 0.992837
47189: 0.992837
47190: 0.992838
47191: 0.992838
47192: 0.992838
47193: 0.992838
47194: 0.992838
47195: 0.992838
47196: 0.992839
47197: 0.992839
47198: 0.992839
47199: 0.992839
47200: 0.992839
47201: 0.992839
47202: 0.992839
47203: 0.99284
47204: 0.99284
47205: 0.99284
47206: 0.99284
47207: 0.99284
47208: 0.99284
47209: 0.99284
47210: 0.992841
47211: 0.992841
47212: 0.992841
47213: 0.992841
47214: 0.992841
47215: 0.992841
47216: 0.992842
47217: 0.992842
47218: 0.992842
47219: 0.992842
47220: 0.992842
47221: 0.992842
47222: 0.992842
47223: 0.992843
47224: 0.992843
47225: 0.992843
47226: 0.992843
47227: 0.992843
47228: 0.992843
47229: 0.992844
47230: 0.992844
47231: 0.992844
47232: 0.992844
47233: 0.992844
47234: 0.992844
47235: 0.992844
47236: 0.992845
47237: 0.992845
47238: 0.992845
47239: 0.992845
47240: 0.992845
47241: 0.992845
47242: 0.992846
47243: 0.992846
47244: 0.992846
47245: 0.992846
47246: 0.992846
47247: 0.992846
47248: 0.992846
47249: 0.992847
47250: 0.992847
47251: 0.992847
47252: 0.992847
47253: 0.992847
47254: 0.992847
47255: 0.992847
47256: 0.992848
47257: 0.992848
47258: 0.992848
47259: 0.992848
47260: 0.992848
47261: 0.992848
47262: 0.992849
47263: 0.992849
47264: 0.992849
47265: 0.992849
47266: 0.992849
47267: 0.992849
47268: 0.992849
47269: 0.99285
47270: 0.99285
47271: 0.99285
47272: 0.99285
47273: 0.99285
47274: 0.99285
47275: 0.99285
47276: 0.992851
47277: 0.992851
47278: 0.992851
47279: 0.992851
47280: 0.992851
47281: 0.992851
47282: 0.992852
47283: 0.992852
47284: 0.992852
47285: 0.992852
47286: 0.992852
47287: 0.992852
47288: 0.992852
47289: 0.992853
47290: 0.992853
47291: 0.992853
47292: 0.992853
47293: 0.992853
47294: 0.992853
47295: 0.992854
47296: 0.992854
47297: 0.992854
47298: 0.992854
47299: 0.992854
47300: 0.992854
47301: 0.992854
47302: 0.992855
47303: 0.992855
47304: 0.992855
47305: 0.992855
47306: 0.992855
47307: 0.992855
47308: 0.992855
47309: 0.992856
47310: 0.992856
47311: 0.992856
47312: 0.992856
47313: 0.992856
47314: 0.992856
47315: 0.992857
47316: 0.992857
47317: 0.992857
47318: 0.992857
47319: 0.992857
47320: 0.992857
47321: 0.992857
47322: 0.992858
47323: 0.992858
47324: 0.992858
47325: 0.992858
47326: 0.992858
47327: 0.992858
47328: 0.992859
47329: 0.992859
47330: 0.992859
47331: 0.992859
47332: 0.992859
47333: 0.992859
47334: 0.992859
47335: 0.99286
47336: 0.99286
47337: 0.99286
47338: 0.99286
47339: 0.99286
47340: 0.99286
47341: 0.99286
47342: 0.992861
47343: 0.992861
47344: 0.992861
47345: 0.992861
47346: 0.992861
47347: 0.992861
47348: 0.992862
47349: 0.992862
47350: 0.992862
47351: 0.992862
47352: 0.992862
47353: 0.992862
47354: 0.992862
47355: 0.992863
47356: 0.992863
47357: 0.992863
47358: 0.992863
47359: 0.992863
47360: 0.992863
47361: 0.992863
47362: 0.992864
47363: 0.992864
47364: 0.992864
47365: 0.992864
47366: 0.992864
47367: 0.992864
47368: 0.992865
47369: 0.992865
47370: 0.992865
47371: 0.992865
47372: 0.992865
47373: 0.992865
47374: 0.992865
47375: 0.992866
47376: 0.992866
47377: 0.992866
47378: 0.992866
47379: 0.992866
47380: 0.992866
47381: 0.992866
47382: 0.992867
47383: 0.992867
47384: 0.992867
47385: 0.992867
47386: 0.992867
47387: 0.992867
47388: 0.992868
47389: 0.992868
47390: 0.992868
47391: 0.992868
47392: 0.992868
47393: 0.992868
47394: 0.992868
47395: 0.992869
47396: 0.992869
47397: 0.992869
47398: 0.992869
47399: 0.992869
47400: 0.992869
47401: 0.992869
47402: 0.99287
47403: 0.99287
47404: 0.99287
47405: 0.99287
47406: 0.99287
47407: 0.99287
47408: 0.992871
47409: 0.992871
47410: 0.992871
47411: 0.992871
47412: 0.992871
47413: 0.992871
47414: 0.992871
47415: 0.992872
47416: 0.992872
47417: 0.992872
47418: 0.992872
47419: 0.992872
47420: 0.992872
47421: 0.992873
47422: 0.992873
47423: 0.992873
47424: 0.992873
47425: 0.992873
47426: 0.992873
47427: 0.992873
47428: 0.992874
47429: 0.992874
47430: 0.992874
47431: 0.992874
47432: 0.992874
47433: 0.992874
47434: 0.992874
47435: 0.992875
47436: 0.992875
47437: 0.992875
47438: 0.992875
47439: 0.992875
47440: 0.992875
47441: 0.992876
47442: 0.992876
47443: 0.992876
47444: 0.992876
47445: 0.992876
47446: 0.992876
47447: 0.992876
47448: 0.992877
47449: 0.992877
47450: 0.992877
47451: 0.992877
47452: 0.992877
47453: 0.992877
47454: 0.992877
47455: 0.992878
47456: 0.992878
47457: 0.992878
47458: 0.992878
47459: 0.992878
47460: 0.992878
47461: 0.992879
47462: 0.992879
47463: 0.992879
47464: 0.992879
47465: 0.992879
47466: 0.992879
47467: 0.992879
47468: 0.99288
47469: 0.99288
47470: 0.99288
47471: 0.99288
47472: 0.99288
47473: 0.99288
47474: 0.99288
47475: 0.992881
47476: 0.992881
47477: 0.992881
47478: 0.992881
47479: 0.992881
47480: 0.992881
47481: 0.992882
47482: 0.992882
47483: 0.992882
47484: 0.992882
47485: 0.992882
47486: 0.992882
47487: 0.992882
47488: 0.992883
47489: 0.992883
47490: 0.992883
47491: 0.992883
47492: 0.992883
47493: 0.992883
47494: 0.992883
47495: 0.992884
47496: 0.992884
47497: 0.992884
47498: 0.992884
47499: 0.992884
47500: 0.992884
47501: 0.992885
47502: 0.992885
47503: 0.992885
47504: 0.992885
47505: 0.992885
47506: 0.992885
47507: 0.992885
47508: 0.992886
47509: 0.992886
47510: 0.992886
47511: 0.992886
47512: 0.992886
47513: 0.992886
47514: 0.992886
47515: 0.992887
47516: 0.992887
47517: 0.992887
47518: 0.992887
47519: 0.992887
47520: 0.992887
47521: 0.992888
47522: 0.992888
47523: 0.992888
47524: 0.992888
47525: 0.992888
47526: 0.992888
47527: 0.992888
47528: 0.992889
47529: 0.992889
47530: 0.992889
47531: 0.992889
47532: 0.992889
47533: 0.992889
47534: 0.992889
47535: 0.99289
47536: 0.99289
47537: 0.99289
47538: 0.99289
47539: 0.99289
47540: 0.99289
47541: 0.99289
47542: 0.992891
47543: 0.992891
47544: 0.992891
47545: 0.992891
47546: 0.992891
47547: 0.992891
47548: 0.992892
47549: 0.992892
47550: 0.992892
47551: 0.992892
47552: 0.992892
47553: 0.992892
47554: 0.992892
47555: 0.992893
47556: 0.992893
47557: 0.992893
47558: 0.992893
47559: 0.992893
47560: 0.992893
47561: 0.992893
47562: 0.992894
47563: 0.992894
47564: 0.992894
47565: 0.992894
47566: 0.992894
47567: 0.992894
47568: 0.992895
47569: 0.992895
47570: 0.992895
47571: 0.992895
47572: 0.992895
47573: 0.992895
47574: 0.992895
47575: 0.992896
47576: 0.992896
47577: 0.992896
47578: 0.992896
47579: 0.992896
47580: 0.992896
47581: 0.992896
47582: 0.992897
47583: 0.992897
47584: 0.992897
47585: 0.992897
47586: 0.992897
47587: 0.992897
47588: 0.992898
47589: 0.992898
47590: 0.992898
47591: 0.992898
47592: 0.992898
47593: 0.992898
47594: 0.992898
47595: 0.992899
47596: 0.992899
47597: 0.992899
47598: 0.992899
47599: 0.992899
47600: 0.992899
47601: 0.992899
47602: 0.9929
47603: 0.9929
47604: 0.9929
47605: 0.9929
47606: 0.9929
47607: 0.9929
47608: 0.992901
47609: 0.992901
47610: 0.992901
47611: 0.992901
47612: 0.992901
47613: 0.992901
47614: 0.992901
47615: 0.992902
47616: 0.992902
47617: 0.992902
47618: 0.992902
47619: 0.992902
47620: 0.992902
47621: 0.992902
47622: 0.992903
47623: 0.992903
47624: 0.992903
47625: 0.992903
47626: 0.992903
47627: 0.992903
47628: 0.992903
47629: 0.992904
47630: 0.992904
47631: 0.992904
47632: 0.992904
47633: 0.992904
47634: 0.992904
47635: 0.992905
47636: 0.992905
47637: 0.992905
47638: 0.992905
47639: 0.992905
47640: 0.992905
47641: 0.992905
47642: 0.992906
47643: 0.992885
47644: 0.992885
47645: 0.992885
47646: 0.992885
47647: 0.992885
47648: 0.992885
47649: 0.992886
47650: 0.992886
47651: 0.992886
47652: 0.992886
47653: 0.992886
47654: 0.992886
47655: 0.992887
47656: 0.992887
47657: 0.992887
47658: 0.992887
47659: 0.992887
47660: 0.992866
47661: 0.992866
47662: 0.992867
47663: 0.992867
47664: 0.992867
47665: 0.992867
47666: 0.992867
47667: 0.992867
47668: 0.992867
47669: 0.992868
47670: 0.992868
47671: 0.992868
47672: 0.992868
47673: 0.992868
47674: 0.992868
47675: 0.992869
47676: 0.992869
47677: 0.992869
47678: 0.992869
47679: 0.992869
47680: 0.992869
47681: 0.992869
47682: 0.99287
47683: 0.99287
47684: 0.99287
47685: 0.99287
47686: 0.99287
47687: 0.99287
47688: 0.99287
47689: 0.992871
47690: 0.992871
47691: 0.992871
47692: 0.992871
47693: 0.992871
47694: 0.992871
47695: 0.992872
47696: 0.992872
47697: 0.992872
47698: 0.992872
47699: 0.992872
47700: 0.992872
47701: 0.992872
47702: 0.992873
47703: 0.992873
47704: 0.992873
47705: 0.992873
47706: 0.992873
47707: 0.992873
47708: 0.992873
47709: 0.992874
47710: 0.992874
47711: 0.992874
47712: 0.992874
47713: 0.992874
47714: 0.992874
47715: 0.992875
47716: 0.992875
47717: 0.992875
47718: 0.992875
47719: 0.992875
47720: 0.992875
47721: 0.992875
47722: 0.992876
47723: 0.992876
47724: 0.992876
47725: 0.992876
47726: 0.992876
47727: 0.992876
47728: 0.992876
47729: 0.992877
47730: 0.992877
47731: 0.992877
47732: 0.992877
47733: 0.992877
47734: 0.992877
47735: 0.992877
47736: 0.992878
47737: 0.992878
47738: 0.992878
47739: 0.992878
47740: 0.992878
47741: 0.992878
47742: 0.992879
47743: 0.992879
47744: 0.992879
47745: 0.992879
47746: 0.992879
47747: 0.992879
47748: 0.992879
47749: 0.99288
47750: 0.99288
47751: 0.99288
47752: 0.99288
47753: 0.99288
47754: 0.99288
47755: 0.99288
47756: 0.992881
47757: 0.992881
47758: 0.992881
47759: 0.992881
47760: 0.992881
47761: 0.992881
47762: 0.992882
47763: 0.992882
47764: 0.992882
47765: 0.992882
47766: 0.992882
47767: 0.992882
47768: 0.992882
47769: 0.992883
47770: 0.992883
47771: 0.992883
47772: 0.992883
47773: 0.992883
47774: 0.992883
47775: 0.992883
47776: 0.992884
47777: 0.992884
47778: 0.992884
47779: 0.992884
47780: 0.992884
47781: 0.992884
47782: 0.992884
47783: 0.992885
47784: 0.992885
47785: 0.992885
47786: 0.992885
47787: 0.992885
47788: 0.992885
47789: 0.992886
47790: 0.992886
47791: 0.992886
47792: 0.992886
47793: 0.992886
47794: 0.992886
47795: 0.992886
47796: 0.992887
47797: 0.992887
47798: 0.992887
47799: 0.992887
47800: 0.992887
47801: 0.992887
47802: 0.992887
47803: 0.992888
47804: 0.992888
47805: 0.992888
47806: 0.992888
47807: 0.992888
47808: 0.992888
47809: 0.992889
47810: 0.992889
47811: 0.992889
47812: 0.992889
47813: 0.992889
47814: 0.992889
47815: 0.992889
47816: 0.99289
47817: 0.99289
47818: 0.99289
47819: 0.99289
47820: 0.99289
47821: 0.99289
47822: 0.99289
47823: 0.992891
47824: 0.992891
47825: 0.992891
47826: 0.992891
47827: 0.992891
47828: 0.992891
47829: 0.992891
47830: 0.992892
47831: 0.992892
47832: 0.992892
47833: 0.992892
47834: 0.992892
47835: 0.992892
47836: 0.992893
47837: 0.992893
47838: 0.992893
47839: 0.992893
47840: 0.992893
47841: 0.992893
47842: 0.992893
47843: 0.992894
47844: 0.992894
47845: 0.992894
47846: 0.992894
47847: 0.992894
47848: 0.992894
47849: 0.992894
47850: 0.992895
47851: 0.992895
47852: 0.992895
47853: 0.992895
47854: 0.992895
47855: 0.992895
47856: 0.992896
47857: 0.992896
47858: 0.992896
47859: 0.992896
47860: 0.992896
47861: 0.992896
47862: 0.992896
47863: 0.992897
47864: 0.992897
47865: 0.992897
47866: 0.992897
47867: 0.992897
47868: 0.992897
47869: 0.992897
47870: 0.992898
47871: 0.992898
47872: 0.992898
47873: 0.992898
47874: 0.992898
47875: 0.992898
47876: 0.992898
47877: 0.992899
47878: 0.992899
47879: 0.992899
47880: 0.992899
47881: 0.992899
47882: 0.992899
47883: 0.9929
47884: 0.9929
47885: 0.9929
47886: 0.9929
47887: 0.9929
47888: 0.9929
47889: 0.9929
47890: 0.992901
47891: 0.992901
47892: 0.992901
47893: 0.992901
47894: 0.992901
47895: 0.992901
47896: 0.992901
47897: 0.992902
47898: 0.992902
47899: 0.992902
47900: 0.992902
47901: 0.992902
47902: 0.992902
47903: 0.992902
47904: 0.992903
47905: 0.992903
47906: 0.992903
47907: 0.992903
47908: 0.992903
47909: 0.992903
47910: 0.992904
47911: 0.992904
47912: 0.992904
47913: 0.992904
47914: 0.992904
47915: 0.992904
47916: 0.992904
47917: 0.992905
47918: 0.992905
47919: 0.992905
47920: 0.992905
47921: 0.992905
47922: 0.992905
47923: 0.992905
47924: 0.992906
47925: 0.992906
47926: 0.992906
47927: 0.992906
47928: 0.992906
47929: 0.992906
47930: 0.992906
47931: 0.992907
47932: 0.992907
47933: 0.992907
47934: 0.992907
47935: 0.992907
47936: 0.992907
47937: 0.992908
47938: 0.992908
47939: 0.992908
47940: 0.992908
47941: 0.992908
47942: 0.992908
47943: 0.992908
47944: 0.992909
47945: 0.992909
47946: 0.992909
47947: 0.992909
47948: 0.992909
47949: 0.992909
47950: 0.992909
47951: 0.99291
47952: 0.99291
47953: 0.99291
47954: 0.99291
47955: 0.99291
47956: 0.99291
47957: 0.99291
47958: 0.992911
47959: 0.992911
47960: 0.992911
47961: 0.992911
47962: 0.992911
47963: 0.992911
47964: 0.992911
47965: 0.992912
47966: 0.992912
47967: 0.992912
47968: 0.992912
47969: 0.992912
47970: 0.992912
47971: 0.992913
47972: 0.992913
47973: 0.992913
47974: 0.992913
47975: 0.992913
47976: 0.992913
47977: 0.992913
47978: 0.992914
47979: 0.992914
47980: 0.992914
47981: 0.992914
47982: 0.992914
47983: 0.992914
47984: 0.992914
47985: 0.992915
47986: 0.992915
47987: 0.992915
47988: 0.992915
47989: 0.992915
47990: 0.992915
47991: 0.992915
47992: 0.992916
47993: 0.992916
47994: 0.992916
47995: 0.992916
47996: 0.992916
47997: 0.992916
47998: 0.992917
47999: 0.992917
48000: 0.992917
48001: 0.992917
48002: 0.992917
48003: 0.992917
48004: 0.992917
48005: 0.992918
48006: 0.992918
48007: 0.992918
48008: 0.992918
48009: 0.992918
48010: 0.992918
48011: 0.992918
48012: 0.992919
48013: 0.992919
48014: 0.992919
48015: 0.992919
48016: 0.992919
48017: 0.992919
48018: 0.992919
48019: 0.99292
48020: 0.99292
48021: 0.99292
48022: 0.99292
48023: 0.99292
48024: 0.99292
48025: 0.992921
48026: 0.992921
48027: 0.992921
48028: 0.992921
48029: 0.992921
48030: 0.992921
48031: 0.992921
48032: 0.992922
48033: 0.992922
48034: 0.992922
48035: 0.992922
48036: 0.992922
48037: 0.992922
48038: 0.992922
48039: 0.992923
48040: 0.992923
48041: 0.992923
48042: 0.992923
48043: 0.992923
48044: 0.992923
48045: 0.992923
48046: 0.992924
48047: 0.992924
48048: 0.992924
48049: 0.992924
48050: 0.992924
48051: 0.992924
48052: 0.992924
48053: 0.992925
48054: 0.992925
48055: 0.992925
48056: 0.992925
48057: 0.992925
48058: 0.992925
48059: 0.992926
48060: 0.992926
48061: 0.992926
48062: 0.992926
48063: 0.992926
48064: 0.992926
48065: 0.992926
48066: 0.992927
48067: 0.992927
48068: 0.992927
48069: 0.992927
48070: 0.992927
48071: 0.992927
48072: 0.992927
48073: 0.992928
48074: 0.992928
48075: 0.992928
48076: 0.992928
48077: 0.992928
48078: 0.992928
48079: 0.992928
48080: 0.992929
48081: 0.992929
48082: 0.992929
48083: 0.992929
48084: 0.992929
48085: 0.992929
48086: 0.992929
48087: 0.99293
48088: 0.99293
48089: 0.99293
48090: 0.99293
48091: 0.99293
48092: 0.99293
48093: 0.992931
48094: 0.992931
48095: 0.992931
48096: 0.992931
48097: 0.992931
48098: 0.992931
48099: 0.992931
48100: 0.992932
48101: 0.992932
48102: 0.992932
48103: 0.992932
48104: 0.992932
48105: 0.992932
48106: 0.992932
48107: 0.992933
48108: 0.992933
48109: 0.992933
48110: 0.992933
48111: 0.992933
48112: 0.992933
48113: 0.992933
48114: 0.992934
48115: 0.992934
48116: 0.992934
48117: 0.992934
48118: 0.992934
48119: 0.992934
48120: 0.992934
48121: 0.992935
48122: 0.992935
48123: 0.992935
48124: 0.992935
48125: 0.992935
48126: 0.992935
48127: 0.992936
48128: 0.992936
48129: 0.992936
48130: 0.992936
48131: 0.992936
48132: 0.992936
48133: 0.992936
48134: 0.992937
48135: 0.992937
48136: 0.992937
48137: 0.992937
48138: 0.992937
48139: 0.992937
48140: 0.992937
48141: 0.992938
48142: 0.992938
48143: 0.992938
48144: 0.992938
48145: 0.992938
48146: 0.992938
48147: 0.992938
48148: 0.992939
48149: 0.992939
48150: 0.992939
48151: 0.992939
48152: 0.992939
48153: 0.992939
48154: 0.992939
48155: 0.99294
48156: 0.99294
48157: 0.99294
48158: 0.99294
48159: 0.99294
48160: 0.99294
48161: 0.99294
48162: 0.992941
48163: 0.992941
48164: 0.992941
48165: 0.992941
48166: 0.992941
48167: 0.992941
48168: 0.992942
48169: 0.992942
48170: 0.992942
48171: 0.992942
48172: 0.992942
48173: 0.992942
48174: 0.992942
48175: 0.992943
48176: 0.992943
48177: 0.992943
48178: 0.992943
48179: 0.992943
48180: 0.992943
48181: 0.992943
48182: 0.992944
48183: 0.992944
48184: 0.992944
48185: 0.992944
48186: 0.992944
48187: 0.992944
48188: 0.992944
48189: 0.992945
48190: 0.992945
48191: 0.992945
48192: 0.992945
48193: 0.992945
48194: 0.992945
48195: 0.992945
48196: 0.992946
48197: 0.992946
48198: 0.992946
48199: 0.992946
48200: 0.992946
48201: 0.992946
48202: 0.992946
48203: 0.992947
48204: 0.992947
48205: 0.992947
48206: 0.992947
48207: 0.992947
48208: 0.992947
48209: 0.992948
48210: 0.992948
48211: 0.992948
48212: 0.992948
48213: 0.992948
48214: 0.992948
48215: 0.992948
48216: 0.992949
48217: 0.992949
48218: 0.992949
48219: 0.992949
48220: 0.992949
48221: 0.992949
48222: 0.992949
48223: 0.99295
48224: 0.99295
48225: 0.99295
48226: 0.99295
48227: 0.99295
48228: 0.99295
48229: 0.99295
48230: 0.992951
48231: 0.992951
48232: 0.992951
48233: 0.992951
48234: 0.992951
48235: 0.992951
48236: 0.992951
48237: 0.992952
48238: 0.992952
48239: 0.992952
48240: 0.992952
48241: 0.992952
48242: 0.992952
48243: 0.992952
48244: 0.992953
48245: 0.992953
48246: 0.992953
48247: 0.992953
48248: 0.992953
48249: 0.992953
48250: 0.992954
48251: 0.992954
48252: 0.992954
48253: 0.992954
48254: 0.992954
48255: 0.992954
48256: 0.992954
48257: 0.992955
48258: 0.992955
48259: 0.992955
48260: 0.992955
48261: 0.992955
48262: 0.992955
48263: 0.992955
48264: 0.992956
48265: 0.992956
48266: 0.992956
48267: 0.992956
48268: 0.992956
48269: 0.992956
48270: 0.992956
48271: 0.992957
48272: 0.992957
48273: 0.992957
48274: 0.992957
48275: 0.992957
48276: 0.992957
48277: 0.992957
48278: 0.992958
48279: 0.992958
48280: 0.992958
48281: 0.992958
48282: 0.992958
48283: 0.992958
48284: 0.992958
48285: 0.992959
48286: 0.992959
48287: 0.992959
48288: 0.992959
48289: 0.992959
48290: 0.992959
48291: 0.992959
48292: 0.99296
48293: 0.99296
48294: 0.99296
48295: 0.99296
48296: 0.99296
48297: 0.99296
48298: 0.992961
48299: 0.992961
48300: 0.992961
48301: 0.992961
48302: 0.992961
48303: 0.992961
48304: 0.992961
48305: 0.992962
48306: 0.992962
48307: 0.992962
48308: 0.992962
48309: 0.992962
48310: 0.992962
48311: 0.992962
48312: 0.992963
48313: 0.992963
48314: 0.992963
48315: 0.992963
48316: 0.992963
48317: 0.992963
48318: 0.992963
48319: 0.992964
48320: 0.992964
48321: 0.992964
48322: 0.992964
48323: 0.992964
48324: 0.992964
48325: 0.992964
48326: 0.992965
48327: 0.992965
48328: 0.992965
48329: 0.992965
48330: 0.992965
48331: 0.992965
48332: 0.992965
48333: 0.992966
48334: 0.992966
48335: 0.992966
48336: 0.992966
48337: 0.992966
48338: 0.992966
48339: 0.992966
48340: 0.992967
48341: 0.992967
48342: 0.992967
48343: 0.992967
48344: 0.992967
48345: 0.992967
48346: 0.992968
48347: 0.992968
48348: 0.992968
48349: 0.992968
48350: 0.992968
48351: 0.992968
48352: 0.992968
48353: 0.992969
48354: 0.992969
48355: 0.992969
48356: 0.992969
48357: 0.992969
48358: 0.992969
48359: 0.992969
48360: 0.99297
48361: 0.99297
48362: 0.99297
48363: 0.99297
48364: 0.99297
48365: 0.99297
48366: 0.99297
48367: 0.992971
48368: 0.992971
48369: 0.992971
48370: 0.992971
48371: 0.992971
48372: 0.992971
48373: 0.992971
48374: 0.992972
48375: 0.992972
48376: 0.992972
48377: 0.992972
48378: 0.992972
48379: 0.992972
48380: 0.992972
48381: 0.992973
48382: 0.992973
48383: 0.992973
48384: 0.992973
48385: 0.992973
48386: 0.992973
48387: 0.992973
48388: 0.992974
48389: 0.992974
48390: 0.992974
48391: 0.992974
48392: 0.992974
48393: 0.992974
48394: 0.992974
48395: 0.992975
48396: 0.992975
48397: 0.992975
48398: 0.992975
48399: 0.992975
48400: 0.992975
48401: 0.992975
48402: 0.992976
48403: 0.992976
48404: 0.992976
48405: 0.992976
48406: 0.992976
48407: 0.992976
48408: 0.992977
48409: 0.992977
48410: 0.992977
48411: 0.992977
48412: 0.992977
48413: 0.992977
48414: 0.992977
48415: 0.992978
48416: 0.992978
48417: 0.992978
48418: 0.992978
48419: 0.992978
48420: 0.992978
48421: 0.992978
48422: 0.992979
48423: 0.992979
48424: 0.992979
48425: 0.992979
48426: 0.992979
48427: 0.992979
48428: 0.992979
48429: 0.99298
48430: 0.99298
48431: 0.99298
48432: 0.99298
48433: 0.99298
48434: 0.99298
48435: 0.99298
48436: 0.992981
48437: 0.992981
48438: 0.992981
48439: 0.992981
48440: 0.992981
48441: 0.992981
48442: 0.992981
48443: 0.992982
48444: 0.992982
48445: 0.992982
48446: 0.992982
48447: 0.992982
48448: 0.992982
48449: 0.992982
48450: 0.992983
48451: 0.992983
48452: 0.992983
48453: 0.992983
48454: 0.992983
48455: 0.992983
48456: 0.992983
48457: 0.992984
48458: 0.992984
48459: 0.992984
48460: 0.992984
48461: 0.992984
48462: 0.992984
48463: 0.992984
48464: 0.992985
48465: 0.992985
48466: 0.992985
48467: 0.992985
48468: 0.992985
48469: 0.992985
48470: 0.992985
48471: 0.992986
48472: 0.992986
48473: 0.992986
48474: 0.992986
48475: 0.992986
48476: 0.992986
48477: 0.992987
48478: 0.992987
48479: 0.992987
48480: 0.992987
48481: 0.992987
48482: 0.992987
48483: 0.992987
48484: 0.992988
48485: 0.992988
48486: 0.992988
48487: 0.992988
48488: 0.992988
48489: 0.992988
48490: 0.992988
48491: 0.992989
48492: 0.992989
48493: 0.992989
48494: 0.992989
48495: 0.992989
48496: 0.992989
48497: 0.992989
48498: 0.99299
48499: 0.99299
48500: 0.99299
48501: 0.99299
48502: 0.99299
48503: 0.99299
48504: 0.99299
48505: 0.992991
48506: 0.992991
48507: 0.992991
48508: 0.992991
48509: 0.992991
48510: 0.992991
48511: 0.992991
48512: 0.992992
48513: 0.992992
48514: 0.992992
48515: 0.992992
48516: 0.992992
48517: 0.992992
48518: 0.992992
48519: 0.992993
48520: 0.992993
48521: 0.992993
48522: 0.992993
48523: 0.992993
48524: 0.992993
48525: 0.992993
48526: 0.992994
48527: 0.992994
48528: 0.992994
48529: 0.992994
48530: 0.992994
48531: 0.992994
48532: 0.992994
48533: 0.992995
48534: 0.992995
48535: 0.992995
48536: 0.992995
48537: 0.992995
48538: 0.992995
48539: 0.992995
48540: 0.992996
48541: 0.992996
48542: 0.992996
48543: 0.992996
48544: 0.992996
48545: 0.992996
48546: 0.992996
48547: 0.992997
48548: 0.992997
48549: 0.992997
48550: 0.992997
48551: 0.992997
48552: 0.992997
48553: 0.992997
48554: 0.992998
48555: 0.992998
48556: 0.992998
48557: 0.992998
48558: 0.992998
48559: 0.992998
48560: 0.992998
48561: 0.992999
48562: 0.992999
48563: 0.992999
48564: 0.992999
48565: 0.992999
48566: 0.992999
48567: 0.993
48568: 0.993
48569: 0.993
48570: 0.993
48571: 0.993
48572: 0.993
48573: 0.993
48574: 0.993001
48575: 0.993001
48576: 0.993001
48577: 0.993001
48578: 0.993001
48579: 0.993001
48580: 0.993001
48581: 0.993002
48582: 0.993002
48583: 0.993002
48584: 0.993002
48585: 0.992982
48586: 0.992961
48587: 0.992961
48588: 0.992961
48589: 0.992962
48590: 0.992962
48591: 0.992962
48592: 0.992962
48593: 0.992962
48594: 0.992962
48595: 0.992962
48596: 0.992963
48597: 0.992963
48598: 0.992963
48599: 0.992963
48600: 0.992963
48601: 0.992963
48602: 0.992963
48603: 0.992964
48604: 0.992964
48605: 0.992964
48606: 0.992964
48607: 0.992964
48608: 0.992964
48609: 0.992964
48610: 0.992965
48611: 0.992965
48612: 0.992965
48613: 0.992965
48614: 0.992965
48615: 0.992965
48616: 0.992965
48617: 0.992966
48618: 0.992966
48619: 0.992966
48620: 0.992966
48621: 0.992966
48622: 0.992966
48623: 0.992966
48624: 0.992967
48625: 0.992967
48626: 0.992967
48627: 0.992967
48628: 0.992967
48629: 0.992967
48630: 0.992967
48631: 0.992968
48632: 0.992968
48633: 0.992968
48634: 0.992968
48635: 0.992968
48636: 0.992968
48637: 0.992968
48638: 0.992969
48639: 0.992969
48640: 0.992969
48641: 0.992969
48642: 0.992969
48643: 0.992969
48644: 0.992969
48645: 0.99297
48646: 0.99297
48647: 0.99297
48648: 0.99297
48649: 0.99297
48650: 0.99297
48651: 0.99297
48652: 0.992971
48653: 0.992971
48654: 0.992971
48655: 0.992971
48656: 0.992971
48657: 0.992971
48658: 0.992971
48659: 0.992972
48660: 0.992972
48661: 0.992972
48662: 0.992972
48663: 0.992972
48664: 0.992972
48665: 0.992973
48666: 0.992973
48667: 0.992973
48668: 0.992973
48669: 0.992973
48670: 0.992973
48671: 0.992973
48672: 0.992974
48673: 0.992974
48674: 0.992974
48675: 0.992974
48676: 0.992974
48677: 0.992974
48678: 0.992974
48679: 0.992975
48680: 0.992975
48681: 0.992975
48682: 0.992975
48683: 0.992975
48684: 0.992975
48685: 0.992975
48686: 0.992976
48687: 0.992976
48688: 0.992976
48689: 0.992976
48690: 0.992976
48691: 0.992976
48692: 0.992976
48693: 0.992977
48694: 0.992977
48695: 0.992977
48696: 0.992977
48697: 0.992977
48698: 0.992977
48699: 0.992977
48700: 0.992978
48701: 0.992978
48702: 0.992978
48703: 0.992978
48704: 0.992978
48705: 0.992978
48706: 0.992978
48707: 0.992979
48708: 0.992979
48709: 0.992979
48710: 0.992979
48711: 0.992979
48712: 0.992979
48713: 0.992979
48714: 0.99298
48715: 0.99298
48716: 0.99298
48717: 0.99298
48718: 0.99298
48719: 0.99298
48720: 0.99298
48721: 0.992981
48722: 0.992981
48723: 0.992981
48724: 0.992981
48725: 0.992981
48726: 0.992981
48727: 0.992981
48728: 0.992982
48729: 0.992982
48730: 0.992982
48731: 0.992982
48732: 0.992982
48733: 0.992982
48734: 0.992982
48735: 0.992983
48736: 0.992983
48737: 0.992983
48738: 0.992983
48739: 0.992983
48740: 0.992983
48741: 0.992983
48742: 0.992984
48743: 0.992984
48744: 0.992984
48745: 0.992984
48746: 0.992984
48747: 0.992984
48748: 0.992984
48749: 0.992985
48750: 0.992985
48751: 0.992985
48752: 0.992985
48753: 0.992985
48754: 0.992985
48755: 0.992985
48756: 0.992986
48757: 0.992986
48758: 0.992986
48759: 0.992986
48760: 0.992986
48761: 0.992986
48762: 0.992986
48763: 0.992987
48764: 0.992987
48765: 0.992987
48766: 0.992987
48767: 0.992987
48768: 0.992987
48769: 0.992987
48770: 0.992988
48771: 0.992988
48772: 0.992988
48773: 0.992988
48774: 0.992988
48775: 0.992988
48776: 0.992988
48777: 0.992989
48778: 0.992989
48779: 0.992989
48780: 0.992989
48781: 0.992989
48782: 0.992989
48783: 0.99299
48784: 0.99299
48785: 0.99299
48786: 0.99299
48787: 0.99299
48788: 0.99299
48789: 0.99299
48790: 0.992991
48791: 0.992991
48792: 0.992991
48793: 0.992991
48794: 0.992991
48795: 0.992991
48796: 0.992991
48797: 0.992992
48798: 0.992992
48799: 0.992992
48800: 0.992992
48801: 0.992992
48802: 0.992992
48803: 0.992992
48804: 0.992993
48805: 0.992993
48806: 0.992993
48807: 0.992993
48808: 0.992993
48809: 0.992993
48810: 0.992993
48811: 0.992994
48812: 0.992994
48813: 0.992994
48814: 0.992994
48815: 0.992994
48816: 0.992994
48817: 0.992994
48818: 0.992995
48819: 0.992995
48820: 0.992995
48821: 0.992995
48822: 0.992995
48823: 0.992995
48824: 0.992995
48825: 0.992996
48826: 0.992996
48827: 0.992996
48828: 0.992996
48829: 0.992996
48830: 0.992996
48831: 0.992996
48832: 0.992997
48833: 0.992997
48834: 0.992997
48835: 0.992997
48836: 0.992997
48837: 0.992997
48838: 0.992997
48839: 0.992998
48840: 0.992998
48841: 0.992998
48842: 0.992998
48843: 0.992998
48844: 0.992998
48845: 0.992998
48846: 0.992999
48847: 0.992999
48848: 0.992999
48849: 0.992999
48850: 0.992999
48851: 0.992999
48852: 0.992999
48853: 0.993
48854: 0.993
48855: 0.993
48856: 0.993
48857: 0.993
48858: 0.993
48859: 0.993
48860: 0.993001
48861: 0.993001
48862: 0.993001
48863: 0.993001
48864: 0.993001
48865: 0.993001
48866: 0.993001
48867: 0.993002
48868: 0.993002
48869: 0.993002
48870: 0.993002
48871: 0.993002
48872: 0.993002
48873: 0.993002
48874: 0.993003
48875: 0.993003
48876: 0.993003
48877: 0.993003
48878: 0.993003
48879: 0.993003
48880: 0.993003
48881: 0.993004
48882: 0.993004
48883: 0.993004
48884: 0.993004
48885: 0.993004
48886: 0.993004
48887: 0.993004
48888: 0.993005
48889: 0.993005
48890: 0.993005
48891: 0.993005
48892: 0.993005
48893: 0.993005
48894: 0.993005
48895: 0.993006
48896: 0.993006
48897: 0.993006
48898: 0.993006
48899: 0.993006
48900: 0.993006
48901: 0.993006
48902: 0.993007
48903: 0.993007
48904: 0.993007
48905: 0.993007
48906: 0.993007
48907: 0.993007
48908: 0.993007
48909: 0.993008
48910: 0.993008
48911: 0.993008
48912: 0.993008
48913: 0.993008
48914: 0.993008
48915: 0.993008
48916: 0.993009
48917: 0.993009
48918: 0.993009
48919: 0.993009
48920: 0.993009
48921: 0.993009
48922: 0.993009
48923: 0.99301
48924: 0.99301
48925: 0.99301
48926: 0.99301
48927: 0.99301
48928: 0.99301
48929: 0.99301
48930: 0.993011
48931: 0.993011
48932: 0.993011
48933: 0.993011
48934: 0.993011
48935: 0.993011
48936: 0.993011
48937: 0.993012
48938: 0.993012
48939: 0.993012
48940: 0.993012
48941: 0.993012
48942: 0.993012
48943: 0.993012
48944: 0.993013
48945: 0.993013
48946: 0.993013
48947: 0.993013
48948: 0.993013
48949: 0.993013
48950: 0.993013
48951: 0.993014
48952: 0.993014
48953: 0.992993
48954: 0.992994
48955: 0.992994
48956: 0.992994
48957: 0.992994
48958: 0.992994
48959: 0.992994
48960: 0.992994
48961: 0.992995
48962: 0.992995
48963: 0.992995
48964: 0.992995
48965: 0.992995
48966: 0.992995
48967: 0.992995
48968: 0.992996
48969: 0.992996
48970: 0.992996
48971: 0.992996
48972: 0.992996
48973: 0.992996
48974: 0.992996
48975: 0.992997
48976: 0.992997
48977: 0.992997
48978: 0.992997
48979: 0.992997
48980: 0.992997
48981: 0.992997
48982: 0.992998
48983: 0.992998
48984: 0.992998
48985: 0.992998
48986: 0.992998
48987: 0.992998
48988: 0.992998
48989: 0.992999
48990: 0.992999
48991: 0.992999
48992: 0.992999
48993: 0.992999
48994: 0.992999
48995: 0.992999
48996: 0.993
48997: 0.992979
48998: 0.992979
48999: 0.99298
49000: 0.99298
49001: 0.99298
49002: 0.99298
49003: 0.99298
49004: 0.99298
49005: 0.99298
49006: 0.992981
49007: 0.992981
49008: 0.992981
49009: 0.992981
49010: 0.992981
49011: 0.992981
49012: 0.992981
49013: 0.992982
49014: 0.992982
49015: 0.992982
49016: 0.992982
49017: 0.992982
49018: 0.992982
49019: 0.992982
49020: 0.992983
49021: 0.992983
49022: 0.992983
49023: 0.992983
49024: 0.992983
49025: 0.992983
49026: 0.992983
49027: 0.992984
49028: 0.992984
49029: 0.992984
49030: 0.992984
49031: 0.992984
49032: 0.992984
49033: 0.992984
49034: 0.992985
49035: 0.992985
49036: 0.992985
49037: 0.992985
49038: 0.992985
49039: 0.992985
49040: 0.992985
49041: 0.992986
49042: 0.992986
49043: 0.992986
49044: 0.992986
49045: 0.992986
49046: 0.992986
49047: 0.992986
49048: 0.992987
49049: 0.992987
49050: 0.992987
49051: 0.992987
49052: 0.992987
49053: 0.992987
49054: 0.992987
49055: 0.992988
49056: 0.992988
49057: 0.992988
49058: 0.992988
49059: 0.992988
49060: 0.992988
49061: 0.992988
49062: 0.992989
49063: 0.992989
49064: 0.992989
49065: 0.992989
49066: 0.992989
49067: 0.992989
49068: 0.992989
49069: 0.99299
49070: 0.99299
49071: 0.99299
49072: 0.99299
49073: 0.99299
49074: 0.99299
49075: 0.99299
49076: 0.992991
49077: 0.992991
49078: 0.992991
49079: 0.992991
49080: 0.992991
49081: 0.992991
49082: 0.992991
49083: 0.992992
49084: 0.992992
49085: 0.992992
49086: 0.992992
49087: 0.992992
49088: 0.992992
49089: 0.992992
49090: 0.992993
49091: 0.992993
49092: 0.992993
49093: 0.992993
49094: 0.992993
49095: 0.992993
49096: 0.992993
49097: 0.992994
49098: 0.992994
49099: 0.992994
49100: 0.992994
49101: 0.992994
49102: 0.992994
49103: 0.992994
49104: 0.992995
49105: 0.992995
49106: 0.992995
49107: 0.992995
49108: 0.992995
49109: 0.992995
49110: 0.992995
49111: 0.992996
49112: 0.992996
49113: 0.992996
49114: 0.992996
49115: 0.992996
49116: 0.992996
49117: 0.992996
49118: 0.992997
49119: 0.992997
49120: 0.992997
49121: 0.992997
49122: 0.992997
49123: 0.992997
49124: 0.992997
49125: 0.992998
49126: 0.992998
49127: 0.992998
49128: 0.992998
49129: 0.992998
49130: 0.992998
49131: 0.992998
49132: 0.992999
49133: 0.992999
49134: 0.992999
49135: 0.992999
49136: 0.992999
49137: 0.992999
49138: 0.992999
49139: 0.993
49140: 0.993
49141: 0.993
49142: 0.993
49143: 0.993
49144: 0.993
49145: 0.993
49146: 0.993001
49147: 0.993001
49148: 0.993001
49149: 0.993001
49150: 0.993001
49151: 0.993001
49152: 0.993001
49153: 0.993002
49154: 0.993002
49155: 0.993002
49156: 0.993002
49157: 0.993002
49158: 0.993002
49159: 0.993002
49160: 0.993003
49161: 0.993003
49162: 0.993003
49163: 0.993003
49164: 0.993003
49165: 0.993003
49166: 0.993003
49167: 0.993004
49168: 0.993004
49169: 0.993004
49170: 0.993004
49171: 0.993004
49172: 0.993004
49173: 0.993004
49174: 0.993005
49175: 0.992984
49176: 0.992964
49177: 0.992944
49178: 0.992944
49179: 0.992944
49180: 0.992944
49181: 0.992945
49182: 0.992945
49183: 0.992945
49184: 0.992945
49185: 0.992945
49186: 0.992945
49187: 0.992945
49188: 0.992946
49189: 0.992946
49190: 0.992946
49191: 0.992946
49192: 0.992946
49193: 0.992946
49194: 0.992946
49195: 0.992947
49196: 0.992947
49197: 0.992947
49198: 0.992947
49199: 0.992947
49200: 0.992947
49201: 0.992947
49202: 0.992948
49203: 0.992948
49204: 0.992948
49205: 0.992948
49206: 0.992948
49207: 0.992948
49208: 0.992948
49209: 0.992949
49210: 0.992949
49211: 0.992949
49212: 0.992949
49213: 0.992949
49214: 0.992949
49215: 0.992949
49216: 0.99295
49217: 0.99295
49218: 0.99295
49219: 0.99295
49220: 0.99295
49221: 0.99295
49222: 0.99295
49223: 0.992951
49224: 0.992951
49225: 0.992951
49226: 0.992951
49227: 0.992951
49228: 0.992951
49229: 0.992951
49230: 0.992952
49231: 0.992952
49232: 0.992952
49233: 0.992952
49234: 0.992952
49235: 0.992952
49236: 0.992952
49237: 0.992953
49238: 0.992953
49239: 0.992953
49240: 0.992953
49241: 0.992953
49242: 0.992953
49243: 0.992953
49244: 0.992954
49245: 0.992954
49246: 0.992954
49247: 0.992954
49248: 0.992954
49249: 0.992934
49250: 0.992934
49251: 0.992934
49252: 0.992934
49253: 0.992935
49254: 0.992914
49255: 0.992915
49256: 0.992915
49257: 0.992915
49258: 0.992915
49259: 0.992915
49260: 0.992915
49261: 0.992915
49262: 0.992916
49263: 0.992916
49264: 0.992916
49265: 0.992916
49266: 0.992916
49267: 0.992916
49268: 0.992916
49269: 0.992917
49270: 0.992917
49271: 0.992917
49272: 0.992917
49273: 0.992917
49274: 0.992917
49275: 0.992917
49276: 0.992918
49277: 0.992918
49278: 0.992918
49279: 0.992918
49280: 0.992918
49281: 0.992918
49282: 0.992918
49283: 0.992919
49284: 0.992919
49285: 0.992919
49286: 0.992919
49287: 0.992919
49288: 0.992919
49289: 0.992919
49290: 0.99292
49291: 0.99292
49292: 0.99292
49293: 0.99292
49294: 0.99292
49295: 0.99292
49296: 0.99292
49297: 0.992921
49298: 0.992921
49299: 0.992921
49300: 0.992921
49301: 0.992921
49302: 0.992921
49303: 0.992921
49304: 0.992922
49305: 0.992922
49306: 0.992922
49307: 0.992922
49308: 0.992922
49309: 0.992922
49310: 0.992922
49311: 0.992923
49312: 0.992923
49313: 0.992923
49314: 0.992923
49315: 0.992923
49316: 0.992923
49317: 0.992923
49318: 0.992924
49319: 0.992924
49320: 0.992924
49321: 0.992924
49322: 0.992924
49323: 0.992924
49324: 0.992924
49325: 0.992925
49326: 0.992925
49327: 0.992925
49328: 0.992925
49329: 0.992925
49330: 0.992925
49331: 0.992925
49332: 0.992926
49333: 0.992926
49334: 0.992926
49335: 0.992926
49336: 0.992926
49337: 0.992926
49338: 0.992926
49339: 0.992927
49340: 0.992927
49341: 0.992927
49342: 0.992927
49343: 0.992927
49344: 0.992927
49345: 0.992927
49346: 0.992928
49347: 0.992928
49348: 0.992928
49349: 0.992928
49350: 0.992928
49351: 0.992928
49352: 0.992928
49353: 0.992929
49354: 0.992929
49355: 0.992929
49356: 0.992929
49357: 0.992929
49358: 0.992929
49359: 0.992929
49360: 0.99293
49361: 0.99293
49362: 0.99293
49363: 0.99293
49364: 0.99293
49365: 0.99293
49366: 0.992931
49367: 0.992931
49368: 0.992931
49369: 0.992931
49370: 0.992931
49371: 0.992931
49372: 0.992931
49373: 0.992932
49374: 0.992932
49375: 0.992932
49376: 0.992932
49377: 0.992932
49378: 0.992932
49379: 0.992932
49380: 0.992933
49381: 0.992933
49382: 0.992933
49383: 0.992933
49384: 0.992933
49385: 0.992933
49386: 0.992933
49387: 0.992934
49388: 0.992934
49389: 0.992934
49390: 0.992934
49391: 0.992934
49392: 0.992934
49393: 0.992934
49394: 0.992935
49395: 0.992935
49396: 0.992935
49397: 0.992935
49398: 0.992935
49399: 0.992935
49400: 0.992935
49401: 0.992936
49402: 0.992936
49403: 0.992936
49404: 0.992936
49405: 0.992936
49406: 0.992936
49407: 0.992936
49408: 0.992937
49409: 0.992937
49410: 0.992937
49411: 0.992937
49412: 0.992937
49413: 0.992937
49414: 0.992937
49415: 0.992938
49416: 0.992938
49417: 0.992938
49418: 0.992938
49419: 0.992938
49420: 0.992938
49421: 0.992938
49422: 0.992939
49423: 0.992939
49424: 0.992939
49425: 0.992939
49426: 0.992939
49427: 0.992939
49428: 0.992939
49429: 0.99294
49430: 0.99294
49431: 0.99294
49432: 0.99294
49433: 0.99294
49434: 0.99294
49435: 0.99294
49436: 0.992941
49437: 0.992941
49438: 0.992941
49439: 0.992941
49440: 0.992941
49441: 0.992941
49442: 0.992941
49443: 0.992942
49444: 0.992942
49445: 0.992942
49446: 0.992942
49447: 0.992942
49448: 0.992942
49449: 0.992942
49450: 0.992943
49451: 0.992943
49452: 0.992943
49453: 0.992943
49454: 0.992943
49455: 0.992943
49456: 0.992943
49457: 0.992944
49458: 0.992944
49459: 0.992944
49460: 0.992944
49461: 0.992944
49462: 0.992944
49463: 0.992944
49464: 0.992945
49465: 0.992945
49466: 0.992945
49467: 0.992945
49468: 0.992945
49469: 0.992945
49470: 0.992945
49471: 0.992946
49472: 0.992946
49473: 0.992946
49474: 0.992946
49475: 0.992946
49476: 0.992946
49477: 0.992946
49478: 0.992947
49479: 0.992947
49480: 0.992947
49481: 0.992947
49482: 0.992947
49483: 0.992947
49484: 0.992947
49485: 0.992948
49486: 0.992948
49487: 0.992948
49488: 0.992948
49489: 0.992948
49490: 0.992948
49491: 0.992948
49492: 0.992948
49493: 0.992949
49494: 0.992949
49495: 0.992949
49496: 0.992949
49497: 0.992949
49498: 0.992949
49499: 0.992949
49500: 0.99295
49501: 0.99295
49502: 0.99295
49503: 0.99295
49504: 0.99295
49505: 0.99295
49506: 0.99295
49507: 0.992951
49508: 0.992951
49509: 0.992951
49510: 0.992951
49511: 0.992951
49512: 0.992951
49513: 0.992951
49514: 0.992952
49515: 0.992952
49516: 0.992952
49517: 0.992952
49518: 0.992952
49519: 0.992952
49520: 0.992952
49521: 0.992953
49522: 0.992953
49523: 0.992953
49524: 0.992953
49525: 0.992953
49526: 0.992953
49527: 0.992953
49528: 0.992954
49529: 0.992954
49530: 0.992954
49531: 0.992954
49532: 0.992954
49533: 0.992954
49534: 0.992954
49535: 0.992955
49536: 0.992955
49537: 0.992955
49538: 0.992955
49539: 0.992955
49540: 0.992955
49541: 0.992955
49542: 0.992956
49543: 0.992956
49544: 0.992956
49545: 0.992956
49546: 0.992956
49547: 0.992956
49548: 0.992956
49549: 0.992957
49550: 0.992957
49551: 0.992957
49552: 0.992957
49553: 0.992957
49554: 0.992957
49555: 0.992957
49556: 0.992958
49557: 0.992958
49558: 0.992958
49559: 0.992958
49560: 0.992958
49561: 0.992958
49562: 0.992958
49563: 0.992959
49564: 0.992959
49565: 0.992959
49566: 0.992959
49567: 0.992959
49568: 0.992959
49569: 0.992959
49570: 0.99296
49571: 0.99296
49572: 0.99296
49573: 0.99296
49574: 0.99296
49575: 0.99296
49576: 0.99296
49577: 0.992961
49578: 0.992961
49579: 0.992961
49580: 0.992961
49581: 0.992961
49582: 0.992961
49583: 0.992961
49584: 0.992962
49585: 0.992962
49586: 0.992962
49587: 0.992962
49588: 0.992962
49589: 0.992962
49590: 0.992962
49591: 0.992963
49592: 0.992963
49593: 0.992963
49594: 0.992963
49595: 0.992963
49596: 0.992963
49597: 0.992963
49598: 0.992964
49599: 0.992964
49600: 0.992964
49601: 0.992964
49602: 0.992964
49603: 0.992964
49604: 0.992964
49605: 0.992965
49606: 0.992965
49607: 0.992965
49608: 0.992965
49609: 0.992965
49610: 0.992965
49611: 0.992965
49612: 0.992966
49613: 0.992966
49614: 0.992966
49615: 0.992966
49616: 0.992966
49617: 0.992966
49618: 0.992966
49619: 0.992967
49620: 0.992967
49621: 0.992967
49622: 0.992967
49623: 0.992967
49624: 0.992967
49625: 0.992967
49626: 0.992968
49627: 0.992968
49628: 0.992968
49629: 0.992968
49630: 0.992968
49631: 0.992968
49632: 0.992968
49633: 0.992969
49634: 0.992969
49635: 0.992969
49636: 0.992969
49637: 0.992969
49638: 0.992969
49639: 0.992969
49640: 0.99297
49641: 0.99297
49642: 0.99297
49643: 0.99297
49644: 0.99297
49645: 0.99297
49646: 0.99297
49647: 0.992971
49648: 0.992971
49649: 0.992971
49650: 0.992971
49651: 0.992971
49652: 0.992971
49653: 0.992971
49654: 0.992972
49655: 0.992972
49656: 0.992972
49657: 0.992972
49658: 0.992972
49659: 0.992972
49660: 0.992972
49661: 0.992972
49662: 0.992973
49663: 0.992973
49664: 0.992973
49665: 0.992973
49666: 0.992973
49667: 0.992973
49668: 0.992973
49669: 0.992974
49670: 0.992974
49671: 0.992974
49672: 0.992974
49673: 0.992974
49674: 0.992974
49675: 0.992974
49676: 0.992975
49677: 0.992975
49678: 0.992975
49679: 0.992975
49680: 0.992975
49681: 0.992975
49682: 0.992975
49683: 0.992976
49684: 0.992976
49685: 0.992976
49686: 0.992976
49687: 0.992976
49688: 0.992976
49689: 0.992976
49690: 0.992977
49691: 0.992977
49692: 0.992977
49693: 0.992977
49694: 0.992977
49695: 0.992977
49696: 0.992977
49697: 0.992978
49698: 0.992978
49699: 0.992978
49700: 0.992978
49701: 0.992978
49702: 0.992978
49703: 0.992978
49704: 0.992979
49705: 0.992979
49706: 0.992979
49707: 0.992979
49708: 0.992979
49709: 0.992979
49710: 0.992979
49711: 0.99298
49712: 0.99298
49713: 0.99298
49714: 0.99298
49715: 0.99298
49716: 0.99298
49717: 0.99298
49718: 0.992981
49719: 0.992981
49720: 0.992981
49721: 0.992981
49722: 0.992981
49723: 0.992981
49724: 0.992981
49725: 0.992982
49726: 0.992982
49727: 0.992982
49728: 0.992982
49729: 0.992982
49730: 0.992982
49731: 0.992982
49732: 0.992983
49733: 0.992983
49734: 0.992983
49735: 0.992983
49736: 0.992983
49737: 0.992983
49738: 0.992983
49739: 0.992984
49740: 0.992984
49741: 0.992984
49742: 0.992984
49743: 0.992984
49744: 0.992984
49745: 0.992984
49746: 0.992985
49747: 0.992985
49748: 0.992985
49749: 0.992985
49750: 0.992985
49751: 0.992985
49752: 0.992985
49753: 0.992985
49754: 0.992986
49755: 0.992986
49756: 0.992986
49757: 0.992986
49758: 0.992986
49759: 0.992986
49760: 0.992986
49761: 0.992987
49762: 0.992987
49763: 0.992987
49764: 0.992987
49765: 0.992987
49766: 0.992987
49767: 0.992987
49768: 0.992988
49769: 0.992988
49770: 0.992988
49771: 0.992988
49772: 0.992988
49773: 0.992988
49774: 0.992988
49775: 0.992989
49776: 0.992989
49777: 0.992989
49778: 0.992989
49779: 0.992989
49780: 0.992989
49781: 0.992989
49782: 0.99299
49783: 0.99299
49784: 0.99299
49785: 0.99299
49786: 0.99299
49787: 0.99299
49788: 0.99299
49789: 0.992991
49790: 0.992991
49791: 0.992991
49792: 0.992991
49793: 0.992991
49794: 0.992991
49795: 0.992991
49796: 0.992992
49797: 0.992992
49798: 0.992992
49799: 0.992992
49800: 0.992992
49801: 0.992992
49802: 0.992992
49803: 0.992993
49804: 0.992993
49805: 0.992993
49806: 0.992993
49807: 0.992993
49808: 0.992993
49809: 0.992993
49810: 0.992994
49811: 0.992994
49812: 0.992994
49813: 0.992994
49814: 0.992994
49815: 0.992994
49816: 0.992994
49817: 0.992994
49818: 0.992995
49819: 0.992995
49820: 0.992995
49821: 0.992995
49822: 0.992995
49823: 0.992995
49824: 0.992995
49825: 0.992996
49826: 0.992996
49827: 0.992996
49828: 0.992996
49829: 0.992996
49830: 0.992996
49831: 0.992996
49832: 0.992997
49833: 0.992997
49834: 0.992997
49835: 0.992997
49836: 0.992997
49837: 0.992997
49838: 0.992997
49839: 0.992998
49840: 0.992998
49841: 0.992998
49842: 0.992998
49843: 0.992998
49844: 0.992998
49845: 0.992998
49846: 0.992999
49847: 0.992999
49848: 0.992999
49849: 0.992999
49850: 0.992999
49851: 0.992999
49852: 0.992999
49853: 0.993
49854: 0.993
49855: 0.993
49856: 0.993
49857: 0.993
49858: 0.993
49859: 0.993
49860: 0.993001
49861: 0.993001
49862: 0.993001
49863: 0.993001
49864: 0.993001
49865: 0.993001
49866: 0.993001
49867: 0.993002
49868: 0.993002
49869: 0.993002
49870: 0.993002
49871: 0.993002
49872: 0.993002
49873: 0.993002
49874: 0.993003
49875: 0.993003
49876: 0.993003
49877: 0.993003
49878: 0.993003
49879: 0.993003
49880: 0.993003
49881: 0.993003
49882: 0.993004
49883: 0.993004
49884: 0.993004
49885: 0.993004
49886: 0.993004
49887: 0.993004
49888: 0.993004
49889: 0.993005
49890: 0.993005
49891: 0.993005
49892: 0.993005
49893: 0.993005
49894: 0.993005
49895: 0.993005
49896: 0.993006
49897: 0.993006
49898: 0.993006
49899: 0.993006
49900: 0.993006
49901: 0.993006
49902: 0.993006
49903: 0.993007
49904: 0.993007
49905: 0.993007
49906: 0.993007
49907: 0.993007
49908: 0.993007
49909: 0.993007
49910: 0.993008
49911: 0.993008
49912: 0.993008
49913: 0.993008
49914: 0.993008
49915: 0.993008
49916: 0.993008
49917: 0.993009
49918: 0.993009
49919: 0.993009
49920: 0.993009
49921: 0.993009
49922: 0.993009
49923: 0.993009
49924: 0.99301
49925: 0.99301
49926: 0.99301
49927: 0.99301
49928: 0.99301
49929: 0.99301
49930: 0.99301
49931: 0.99301
49932: 0.993011
49933: 0.993011
49934: 0.993011
49935: 0.993011
49936: 0.993011
49937: 0.993011
49938: 0.993011
49939: 0.993012
49940: 0.993012
49941: 0.993012
49942: 0.993012
49943: 0.993012
49944: 0.993012
49945: 0.993012
49946: 0.993013
49947: 0.993013
49948: 0.993013
49949: 0.993013
49950: 0.993013
49951: 0.993013
49952: 0.993013
49953: 0.993014
49954: 0.993014
49955: 0.993014
49956: 0.993014
49957: 0.993014
49958: 0.993014
49959: 0.993014
49960: 0.993015
49961: 0.993015
49962: 0.993015
49963: 0.993015
49964: 0.993015
49965: 0.993015
49966: 0.993015
49967: 0.993016
49968: 0.993016
49969: 0.993016
49970: 0.993016
49971: 0.993016
49972: 0.993016
49973: 0.993016
49974: 0.993017
49975: 0.993017
49976: 0.993017
49977: 0.993017
49978: 0.993017
49979: 0.993017
49980: 0.993017
49981: 0.993017
49982: 0.993018
49983: 0.993018
49984: 0.993018
49985: 0.993018
49986: 0.993018
49987: 0.993018
49988: 0.993018
49989: 0.993019
49990: 0.993019
49991: 0.993019
49992: 0.993019
49993: 0.993019
49994: 0.993019
49995: 0.993019
49996: 0.99302
49997: 0.99302
49998: 0.99302
49999: 0.99302
50000: 0.99302
50001: 0.99302
50002: 0.99302
50003: 0.993021
50004: 0.993021
50005: 0.993021
50006: 0.993021
50007: 0.993021
50008: 0.993021
50009: 0.993021
50010: 0.993022
50011: 0.993022
50012: 0.993022
50013: 0.993022
50014: 0.993022
50015: 0.993022
50016: 0.993022
50017: 0.993023
50018: 0.993023
50019: 0.993023
50020: 0.993023
50021: 0.993023
50022: 0.993023
50023: 0.993023
50024: 0.993023
50025: 0.993024
50026: 0.993024
50027: 0.993024
50028: 0.993024
50029: 0.993024
50030: 0.993024
50031: 0.993024
50032: 0.993025
50033: 0.993025
50034: 0.993025
50035: 0.993025
50036: 0.993025
50037: 0.993025
50038: 0.993025
50039: 0.993026
50040: 0.993026
50041: 0.993026
50042: 0.993026
50043: 0.993026
50044: 0.993026
50045: 0.993026
50046: 0.993027
50047: 0.993027
50048: 0.993027
50049: 0.993027
50050: 0.993027
50051: 0.993027
50052: 0.993027
50053: 0.993028
50054: 0.993028
50055: 0.993028
50056: 0.993028
50057: 0.993028
50058: 0.993028
50059: 0.993028
50060: 0.993029
50061: 0.993029
50062: 0.993029
50063: 0.993029
50064: 0.993029
50065: 0.993029
50066: 0.993029
50067: 0.993029
50068: 0.99303
50069: 0.99303
50070: 0.99303
50071: 0.99303
50072: 0.99303
50073: 0.99303
50074: 0.99303
50075: 0.993031
50076: 0.993031
50077: 0.993031
50078: 0.993031
50079: 0.993031
50080: 0.993031
50081: 0.993031
50082: 0.993032
50083: 0.993032
50084: 0.993032
50085: 0.993032
50086: 0.993032
50087: 0.993032
50088: 0.993032
50089: 0.993033
50090: 0.993033
50091: 0.993033
50092: 0.993033
50093: 0.993033
50094: 0.993033
50095: 0.993033
50096: 0.993034
50097: 0.993034
50098: 0.993034
50099: 0.993034
50100: 0.993034
50101: 0.993034
50102: 0.993034
50103: 0.993034
50104: 0.993035
50105: 0.993035
50106: 0.993035
50107: 0.993035
50108: 0.993035
50109: 0.993035
50110: 0.993035
50111: 0.993036
50112: 0.993036
50113: 0.993036
50114: 0.993036
50115: 0.993036
50116: 0.993036
50117: 0.993036
50118: 0.993037
50119: 0.993037
50120: 0.993037
50121: 0.993037
50122: 0.993037
50123: 0.993037
50124: 0.993037
50125: 0.993038
50126: 0.993038
50127: 0.993038
50128: 0.993038
50129: 0.993038
50130: 0.993038
50131: 0.993038
50132: 0.993039
50133: 0.993039
50134: 0.993039
50135: 0.993039
50136: 0.993039
50137: 0.993039
50138: 0.993039
50139: 0.993039
50140: 0.99304
50141: 0.99304
50142: 0.99304
50143: 0.99304
50144: 0.99304
50145: 0.99304
50146: 0.99304
50147: 0.993041
50148: 0.993041
50149: 0.993041
50150: 0.993041
50151: 0.993041
50152: 0.993041
50153: 0.993041
50154: 0.993042
50155: 0.993042
50156: 0.993042
50157: 0.993042
50158: 0.993042
50159: 0.993042
50160: 0.993042
50161: 0.993043
50162: 0.993043
50163: 0.993043
50164: 0.993043
50165: 0.993043
50166: 0.993043
50167: 0.993043
50168: 0.993044
50169: 0.993044
50170: 0.993044
50171: 0.993044
50172: 0.993044
50173: 0.993044
50174: 0.993044
50175: 0.993044
50176: 0.993045
50177: 0.993045
50178: 0.993045
50179: 0.993045
50180: 0.993045
50181: 0.993045
50182: 0.993045
50183: 0.993046
50184: 0.993046
50185: 0.993046
50186: 0.993046
50187: 0.993046
50188: 0.993046
50189: 0.993046
50190: 0.993047
50191: 0.993047
50192: 0.993047
50193: 0.993047
50194: 0.993047
50195: 0.993047
50196: 0.993047
50197: 0.993048
50198: 0.993048
50199: 0.993048
50200: 0.993048
50201: 0.993048
50202: 0.993048
50203: 0.993048
50204: 0.993049
50205: 0.993049
50206: 0.993049
50207: 0.993049
50208: 0.993049
50209: 0.993049
50210: 0.993049
50211: 0.993049
50212: 0.99305
50213: 0.99305
50214: 0.99305
50215: 0.99305
50216: 0.99305
50217: 0.99305
50218: 0.99305
50219: 0.993051
50220: 0.993051
50221: 0.993051
50222: 0.993051
50223: 0.993051
50224: 0.993051
50225: 0.993051
50226: 0.993052
50227: 0.993052
50228: 0.993052
50229: 0.993052
50230: 0.993052
50231: 0.993052
50232: 0.993052
50233: 0.993053
50234: 0.993053
50235: 0.993053
50236: 0.993053
50237: 0.993053
50238: 0.993053
50239: 0.993053
50240: 0.993053
50241: 0.993054
50242: 0.993054
50243: 0.993054
50244: 0.993054
50245: 0.993054
50246: 0.993054
50247: 0.993054
50248: 0.993055
50249: 0.993055
50250: 0.993055
50251: 0.993055
50252: 0.993055
50253: 0.993055
50254: 0.993055
50255: 0.993056
50256: 0.993056
50257: 0.993056
50258: 0.993056
50259: 0.993056
50260: 0.993056
50261: 0.993056
50262: 0.993057
50263: 0.993057
50264: 0.993057
50265: 0.993057
50266: 0.993057
50267: 0.993057
50268: 0.993057
50269: 0.993057
50270: 0.993058
50271: 0.993058
50272: 0.993058
50273: 0.993038
50274: 0.993018
50275: 0.993019
50276: 0.993019
50277: 0.993019
50278: 0.993019
50279: 0.993019
50280: 0.993019
50281: 0.993019
50282: 0.99302
50283: 0.99302
50284: 0.99302
50285: 0.99302
50286: 0.99302
50287: 0.99302
50288: 0.99302
50289: 0.99302
50290: 0.993021
50291: 0.993021
50292: 0.993021
50293: 0.993021
50294: 0.993021
50295: 0.993021
50296: 0.993021
50297: 0.993022
50298: 0.993022
50299: 0.993022
50300: 0.993022
50301: 0.993022
50302: 0.993022
50303: 0.993022
50304: 0.993023
50305: 0.993023
50306: 0.993023
50307: 0.993023
50308: 0.993023
50309: 0.993023
50310: 0.993023
50311: 0.993024
50312: 0.993024
50313: 0.993024
50314: 0.993024
50315: 0.993024
50316: 0.993024
50317: 0.993024
50318: 0.993025
50319: 0.993025
50320: 0.993025
50321: 0.993025
50322: 0.993025
50323: 0.993025
50324: 0.993025
50325: 0.993025
50326: 0.993026
50327: 0.993026
50328: 0.993026
50329: 0.993026
50330: 0.993026
50331: 0.993026
50332: 0.993026
50333: 0.993027
50334: 0.993027
50335: 0.993027
50336: 0.993027
50337: 0.993027
50338: 0.993027
50339: 0.993027
50340: 0.993028
50341: 0.993028
50342: 0.993028
50343: 0.993028
50344: 0.993028
50345: 0.993028
50346: 0.993028
50347: 0.993029
50348: 0.993029
50349: 0.993029
50350: 0.993029
50351: 0.993029
50352: 0.993029
50353: 0.993029
50354: 0.993029
50355: 0.99303
50356: 0.99303
50357: 0.99303
50358: 0.99303
50359: 0.99303
50360: 0.99303
50361: 0.99303
50362: 0.993031
50363: 0.993031
50364: 0.993031
50365: 0.993031
50366: 0.993031
50367: 0.993031
50368: 0.993031
50369: 0.993032
50370: 0.993032
50371: 0.993032
50372: 0.993032
50373: 0.993032
50374: 0.993032
50375: 0.993032
50376: 0.993033
50377: 0.993033
50378: 0.993033
50379: 0.993033
50380: 0.993033
50381: 0.993033
50382: 0.993033
50383: 0.993034
50384: 0.993034
50385: 0.993034
50386: 0.993034
50387: 0.993034
50388: 0.993034
50389: 0.993034
50390: 0.993034
50391: 0.993035
50392: 0.993035
50393: 0.993035
50394: 0.993035
50395: 0.993035
50396: 0.993035
50397: 0.993035
50398: 0.993036
50399: 0.993036
50400: 0.993036
50401: 0.993036
50402: 0.993036
50403: 0.993036
50404: 0.993036
50405: 0.993037
50406: 0.993037
50407: 0.993037
50408: 0.993037
50409: 0.993037
50410: 0.993037
50411: 0.993037
50412: 0.993038
50413: 0.993038
50414: 0.993038
50415: 0.993038
50416: 0.993038
50417: 0.993038
50418: 0.993038
50419: 0.993038
50420: 0.993039
50421: 0.993039
50422: 0.993039
50423: 0.993039
50424: 0.993039
50425: 0.993039
50426: 0.993039
50427: 0.99304
50428: 0.99304
50429: 0.99304
50430: 0.99304
50431: 0.99304
50432: 0.99304
50433: 0.99304
50434: 0.993041
50435: 0.993041
50436: 0.993041
50437: 0.993041
50438: 0.993041
50439: 0.993041
50440: 0.993041
50441: 0.993042
50442: 0.993042
50443: 0.993042
50444: 0.993042
50445: 0.993042
50446: 0.993042
50447: 0.993042
50448: 0.993042
50449: 0.993043
50450: 0.993043
50451: 0.993043
50452: 0.993043
50453: 0.993043
50454: 0.993043
50455: 0.993043
50456: 0.993044
50457: 0.993044
50458: 0.993044
50459: 0.993044
50460: 0.993044
50461: 0.993044
50462: 0.993044
50463: 0.993045
50464: 0.993045
50465: 0.993045
50466: 0.993045
50467: 0.993045
50468: 0.993045
50469: 0.993045
50470: 0.993046
50471: 0.993046
50472: 0.993046
50473: 0.993046
50474: 0.993046
50475: 0.993046
50476: 0.993046
50477: 0.993046
50478: 0.993047
50479: 0.993047
50480: 0.993047
50481: 0.993047
50482: 0.993047
50483: 0.993047
50484: 0.993047
50485: 0.993048
50486: 0.993048
50487: 0.993048
50488: 0.993048
50489: 0.993048
50490: 0.993048
50491: 0.993048
50492: 0.993049
50493: 0.993049
50494: 0.993049
50495: 0.993049
50496: 0.993049
50497: 0.993049
50498: 0.993049
50499: 0.99305
50500: 0.99305
50501: 0.99305
50502: 0.99305
50503: 0.99305
50504: 0.99305
50505: 0.99305
50506: 0.99305
50507: 0.993051
50508: 0.993051
50509: 0.993051
50510: 0.993051
50511: 0.993051
50512: 0.993051
50513: 0.993051
50514: 0.993052
50515: 0.993052
50516: 0.993052
50517: 0.993052
50518: 0.993052
50519: 0.993052
50520: 0.993052
50521: 0.993053
50522: 0.993053
50523: 0.993053
50524: 0.993053
50525: 0.993053
50526: 0.993053
50527: 0.993053
50528: 0.993053
50529: 0.993054
50530: 0.993054
50531: 0.993054
50532: 0.993054
50533: 0.993054
50534: 0.993054
50535: 0.993054
50536: 0.993055
50537: 0.993055
50538: 0.993055
50539: 0.993055
50540: 0.993055
50541: 0.993055
50542: 0.993055
50543: 0.993056
50544: 0.993056
50545: 0.993056
50546: 0.993056
50547: 0.993056
50548: 0.993056
50549: 0.993056
50550: 0.993057
50551: 0.993057
50552: 0.993057
50553: 0.993057
50554: 0.993057
50555: 0.993057
50556: 0.993057
50557: 0.993057
50558: 0.993058
50559: 0.993058
50560: 0.993058
50561: 0.993058
50562: 0.993058
50563: 0.993058
50564: 0.993058
50565: 0.993059
50566: 0.993059
50567: 0.993059
50568: 0.993059
50569: 0.993059
50570: 0.993059
50571: 0.993059
50572: 0.99306
50573: 0.99306
50574: 0.99306
50575: 0.99306
50576: 0.99306
50577: 0.99306
50578: 0.99306
50579: 0.99306
50580: 0.993061
50581: 0.993061
50582: 0.993061
50583: 0.993061
50584: 0.993061
50585: 0.993061
50586: 0.993061
50587: 0.993062
50588: 0.993062
50589: 0.993062
50590: 0.993062
50591: 0.993062
50592: 0.993062
50593: 0.993062
50594: 0.993063
50595: 0.993063
50596: 0.993063
50597: 0.993063
50598: 0.993063
50599: 0.993063
50600: 0.993063
50601: 0.993064
50602: 0.993064
50603: 0.993064
50604: 0.993064
50605: 0.993064
50606: 0.993064
50607: 0.993064
50608: 0.993064
50609: 0.993065
50610: 0.993065
50611: 0.993065
50612: 0.993065
50613: 0.993065
50614: 0.993065
50615: 0.993065
50616: 0.993066
50617: 0.993066
50618: 0.993066
50619: 0.993066
50620: 0.993066
50621: 0.993066
50622: 0.993066
50623: 0.993067
50624: 0.993067
50625: 0.993067
50626: 0.993067
50627: 0.993067
50628: 0.993067
50629: 0.993067
50630: 0.993067
50631: 0.993068
50632: 0.993068
50633: 0.993068
50634: 0.993068
50635: 0.993068
50636: 0.993068
50637: 0.993068
50638: 0.993069
50639: 0.993069
50640: 0.993069
50641: 0.993069
50642: 0.993069
50643: 0.993069
50644: 0.993069
50645: 0.99307
50646: 0.99307
50647: 0.99307
50648: 0.99307
50649: 0.99307
50650: 0.99307
50651: 0.99307
50652: 0.99307
50653: 0.993071
50654: 0.993071
50655: 0.993071
50656: 0.993071
50657: 0.993071
50658: 0.993071
50659: 0.993071
50660: 0.993072
50661: 0.993072
50662: 0.993072
50663: 0.993072
50664: 0.993072
50665: 0.993072
50666: 0.993072
50667: 0.993073
50668: 0.993073
50669: 0.993073
50670: 0.993073
50671: 0.993073
50672: 0.993073
50673: 0.993073
50674: 0.993074
50675: 0.993074
50676: 0.993074
50677: 0.993074
50678: 0.993074
50679: 0.993074
50680: 0.993074
50681: 0.993074
50682: 0.993075
50683: 0.993075
50684: 0.993075
50685: 0.993075
50686: 0.993075
50687: 0.993075
50688: 0.993075
50689: 0.993076
50690: 0.993076
50691: 0.993076
50692: 0.993056
50693: 0.993056
50694: 0.993057
50695: 0.993057
50696: 0.993057
50697: 0.993057
50698: 0.993057
50699: 0.993057
50700: 0.993057
50701: 0.993057
50702: 0.993058
50703: 0.993058
50704: 0.993058
50705: 0.993058
50706: 0.993058
50707: 0.993058
50708: 0.993058
50709: 0.993059
50710: 0.993059
50711: 0.993059
50712: 0.993059
50713: 0.993059
50714: 0.993059
50715: 0.993059
50716: 0.99306
50717: 0.99306
50718: 0.99306
50719: 0.99306
50720: 0.99306
50721: 0.99306
50722: 0.99306
50723: 0.99306
50724: 0.993061
50725: 0.993061
50726: 0.993061
50727: 0.993061
50728: 0.993061
50729: 0.993061
50730: 0.993061
50731: 0.993062
50732: 0.993062
50733: 0.993062
50734: 0.993062
50735: 0.993062
50736: 0.993062
50737: 0.993062
50738: 0.993063
50739: 0.993063
50740: 0.993063
50741: 0.993063
50742: 0.993063
50743: 0.993063
50744: 0.993063
50745: 0.993063
50746: 0.993064
50747: 0.993064
50748: 0.993064
50749: 0.993064
50750: 0.993064
50751: 0.993064
50752: 0.993064
50753: 0.993065
50754: 0.993065
50755: 0.993065
50756: 0.993065
50757: 0.993065
50758: 0.993065
50759: 0.993065
50760: 0.993066
50761: 0.993066
50762: 0.993066
50763: 0.993066
50764: 0.993066
50765: 0.993066
50766: 0.993066
50767: 0.993066
50768: 0.993067
50769: 0.993067
50770: 0.993067
50771: 0.993067
50772: 0.993067
50773: 0.993067
50774: 0.993067
50775: 0.993068
50776: 0.993068
50777: 0.993068
50778: 0.993068
50779: 0.993068
50780: 0.993068
50781: 0.993068
50782: 0.993069
50783: 0.993069
50784: 0.993069
50785: 0.993069
50786: 0.993069
50787: 0.993069
50788: 0.993069
50789: 0.99307
50790: 0.99307
50791: 0.99307
50792: 0.99307
50793: 0.99307
50794: 0.99307
50795: 0.99307
50796: 0.99307
50797: 0.993071
50798: 0.993071
50799: 0.993071
50800: 0.993071
50801: 0.993071
50802: 0.993071
50803: 0.993071
50804: 0.993072
50805: 0.993072
50806: 0.993072
50807: 0.993072
50808: 0.993072
50809: 0.993072
50810: 0.993072
50811: 0.993073
50812: 0.993073
50813: 0.993073
50814: 0.993073
50815: 0.993073
50816: 0.993073
50817: 0.993073
50818: 0.993073
50819: 0.993074
50820: 0.993074
50821: 0.993074
50822: 0.993074
50823: 0.993074
50824: 0.993074
50825: 0.993074
50826: 0.993075
50827: 0.993075
50828: 0.993075
50829: 0.993075
50830: 0.993075
50831: 0.993075
50832: 0.993075
50833: 0.993076
50834: 0.993076
50835: 0.993076
50836: 0.993076
50837: 0.993076
50838: 0.993076
50839: 0.993076
50840: 0.993076
50841: 0.993077
50842: 0.993077
50843: 0.993077
50844: 0.993077
50845: 0.993077
50846: 0.993077
50847: 0.993077
50848: 0.993078
50849: 0.993078
50850: 0.993078
50851: 0.993078
50852: 0.993078
50853: 0.993078
50854: 0.993078
50855: 0.993078
50856: 0.993079
50857: 0.993079
50858: 0.993079
50859: 0.993079
50860: 0.993079
50861: 0.993079
50862: 0.993079
50863: 0.99308
50864: 0.99308
50865: 0.99308
50866: 0.99308
50867: 0.99308
50868: 0.99308
50869: 0.99308
50870: 0.993081
50871: 0.993081
50872: 0.993081
50873: 0.993081
50874: 0.993081
50875: 0.993081
50876: 0.993081
50877: 0.993081
50878: 0.993082
50879: 0.993082
50880: 0.993082
50881: 0.993082
50882: 0.993082
50883: 0.993082
50884: 0.993082
50885: 0.993083
50886: 0.993083
50887: 0.993083
50888: 0.993083
50889: 0.993083
50890: 0.993083
50891: 0.993083
50892: 0.993084
50893: 0.993084
50894: 0.993084
50895: 0.993084
50896: 0.993084
50897: 0.993084
50898: 0.993084
50899: 0.993084
50900: 0.993085
50901: 0.993085
50902: 0.993085
50903: 0.993085
50904: 0.993085
50905: 0.993085
50906: 0.993085
50907: 0.993086
50908: 0.993086
50909: 0.993086
50910: 0.993086
50911: 0.993086
50912: 0.993086
50913: 0.993086
50914: 0.993087
50915: 0.993087
50916: 0.993087
50917: 0.993087
50918: 0.993087
50919: 0.993087
50920: 0.993087
50921: 0.993087
50922: 0.993088
50923: 0.993088
50924: 0.993088
50925: 0.993088
50926: 0.993088
50927: 0.993088
50928: 0.993088
50929: 0.993089
50930: 0.993089
50931: 0.993089
50932: 0.993089
50933: 0.993089
50934: 0.993089
50935: 0.993089
50936: 0.99309
50937: 0.99309
50938: 0.99309
50939: 0.99309
50940: 0.99309
50941: 0.99309
50942: 0.99309
50943: 0.99309
50944: 0.993091
50945: 0.993091
50946: 0.993091
50947: 0.993091
50948: 0.993091
50949: 0.993091
50950: 0.993091
50951: 0.993092
50952: 0.993092
50953: 0.993092
50954: 0.993092
50955: 0.993092
50956: 0.993092
50957: 0.993092
50958: 0.993092
50959: 0.993093
50960: 0.993093
50961: 0.993093
50962: 0.993093
50963: 0.993093
50964: 0.993093
50965: 0.993093
50966: 0.993094
50967: 0.993094
50968: 0.993094
50969: 0.993094
50970: 0.993094
50971: 0.993075
50972: 0.993075
50973: 0.993075
50974: 0.993075
50975: 0.993075
50976: 0.993075
50977: 0.993075
50978: 0.993076
50979: 0.993076
50980: 0.993076
50981: 0.993076
50982: 0.993076
50983: 0.993076
50984: 0.993076
50985: 0.993077
50986: 0.993077
50987: 0.993077
50988: 0.993077
50989: 0.993077
50990: 0.993077
50991: 0.993077
50992: 0.993077
50993: 0.993078
50994: 0.993078
50995: 0.993078
50996: 0.993078
50997: 0.993078
50998: 0.993078
50999: 0.993078
51000: 0.993079
51001: 0.993079
51002: 0.993079
51003: 0.993079
51004: 0.993079
51005: 0.993079
51006: 0.993079
51007: 0.99308
51008: 0.99308
51009: 0.99308
51010: 0.99308
51011: 0.99308
51012: 0.99308
51013: 0.99308
51014: 0.99308
51015: 0.993081
51016: 0.993081
51017: 0.993081
51018: 0.993081
51019: 0.993081
51020: 0.993081
51021: 0.993081
51022: 0.993082
51023: 0.993082
51024: 0.993082
51025: 0.993082
51026: 0.993082
51027: 0.993082
51028: 0.993082
51029: 0.993083
51030: 0.993083
51031: 0.993083
51032: 0.993083
51033: 0.993083
51034: 0.993083
51035: 0.993083
51036: 0.993083
51037: 0.993084
51038: 0.993084
51039: 0.993084
51040: 0.993084
51041: 0.993084
51042: 0.993084
51043: 0.993084
51044: 0.993085
51045: 0.993085
51046: 0.993085
51047: 0.993085
51048: 0.993085
51049: 0.993085
51050: 0.993085
51051: 0.993085
51052: 0.993086
51053: 0.993086
51054: 0.993086
51055: 0.993086
51056: 0.993086
51057: 0.993086
51058: 0.993086
51059: 0.993087
51060: 0.993087
51061: 0.993087
51062: 0.993087
51063: 0.993087
51064: 0.993087
51065: 0.993087
51066: 0.993088
51067: 0.993088
51068: 0.993088
51069: 0.993088
51070: 0.993088
51071: 0.993088
51072: 0.993088
51073: 0.993088
51074: 0.993089
51075: 0.993089
51076: 0.993089
51077: 0.993089
51078: 0.993089
51079: 0.993089
51080: 0.993089
51081: 0.99309
51082: 0.99309
51083: 0.99309
51084: 0.99309
51085: 0.99309
51086: 0.99309
51087: 0.99309
51088: 0.99309
51089: 0.993091
51090: 0.993091
51091: 0.993091
51092: 0.993091
51093: 0.993091
51094: 0.993091
51095: 0.993091
51096: 0.993092
51097: 0.993092
51098: 0.993092
51099: 0.993092
51100: 0.993092
51101: 0.993092
51102: 0.993092
51103: 0.993093
51104: 0.993093
51105: 0.993093
51106: 0.993093
51107: 0.993093
51108: 0.993093
51109: 0.993093
51110: 0.993093
51111: 0.993094
51112: 0.993094
51113: 0.993094
51114: 0.993094
51115: 0.993094
51116: 0.993094
51117: 0.993094
51118: 0.993095
51119: 0.993095
51120: 0.993095
51121: 0.993095
51122: 0.993095
51123: 0.993095
51124: 0.993095
51125: 0.993095
51126: 0.993096
51127: 0.993096
51128: 0.993096
51129: 0.993096
51130: 0.993096
51131: 0.993096
51132: 0.993096
51133: 0.993097
51134: 0.993097
51135: 0.993097
51136: 0.993077
51137: 0.993078
51138: 0.993078
51139: 0.993078
51140: 0.993078
51141: 0.993078
51142: 0.993078
51143: 0.993078
51144: 0.993079
51145: 0.993079
51146: 0.993079
51147: 0.993079
51148: 0.993079
51149: 0.993079
51150: 0.993079
51151: 0.993079
51152: 0.99308
51153: 0.99308
51154: 0.99308
51155: 0.99308
51156: 0.99308
51157: 0.99308
51158: 0.99308
51159: 0.993081
51160: 0.993081
51161: 0.993081
51162: 0.993081
51163: 0.993081
51164: 0.993081
51165: 0.993081
51166: 0.993081
51167: 0.993082
51168: 0.993082
51169: 0.993082
51170: 0.993082
51171: 0.993082
51172: 0.993082
51173: 0.993082
51174: 0.993083
51175: 0.993083
51176: 0.993083
51177: 0.993083
51178: 0.993083
51179: 0.993083
51180: 0.993083
51181: 0.993084
51182: 0.993084
51183: 0.993084
51184: 0.993084
51185: 0.993084
51186: 0.993084
51187: 0.993084
51188: 0.993084
51189: 0.993085
51190: 0.993085
51191: 0.993085
51192: 0.993085
51193: 0.993085
51194: 0.993085
51195: 0.993085
51196: 0.993086
51197: 0.993086
51198: 0.993086
51199: 0.993086
51200: 0.993086
51201: 0.993086
51202: 0.993086
51203: 0.993086
51204: 0.993087
51205: 0.993087
51206: 0.993087
51207: 0.993087
51208: 0.993087
51209: 0.993087
51210: 0.993087
51211: 0.993088
51212: 0.993088
51213: 0.993088
51214: 0.993088
51215: 0.993088
51216: 0.993088
51217: 0.993088
51218: 0.993089
51219: 0.993089
51220: 0.993089
51221: 0.993089
51222: 0.993089
51223: 0.993089
51224: 0.993089
51225: 0.993089
51226: 0.99309
51227: 0.99309
51228: 0.99309
51229: 0.99309
51230: 0.99309
51231: 0.99309
51232: 0.99309
51233: 0.993091
51234: 0.993091
51235: 0.993091
51236: 0.993091
51237: 0.993091
51238: 0.993091
51239: 0.993091
51240: 0.993091
51241: 0.993092
51242: 0.993092
51243: 0.993092
51244: 0.993092
51245: 0.993092
51246: 0.993092
51247: 0.993092
51248: 0.993093
51249: 0.993093
51250: 0.993093
51251: 0.993093
51252: 0.993093
51253: 0.993093
51254: 0.993093
51255: 0.993093
51256: 0.993094
51257: 0.993094
51258: 0.993094
51259: 0.993094
51260: 0.993094
51261: 0.993094
51262: 0.993094
51263: 0.993095
51264: 0.993095
51265: 0.993095
51266: 0.993095
51267: 0.993095
51268: 0.993095
51269: 0.993095
51270: 0.993096
51271: 0.993096
51272: 0.993096
51273: 0.993096
51274: 0.993096
51275: 0.993096
51276: 0.993096
51277: 0.993096
51278: 0.993097
51279: 0.993097
51280: 0.993097
51281: 0.993097
51282: 0.993097
51283: 0.993097
51284: 0.993097
51285: 0.993098
51286: 0.993098
51287: 0.993098
51288: 0.993098
51289: 0.993098
51290: 0.993098
51291: 0.993098
51292: 0.993098
51293: 0.993099
51294: 0.993099
51295: 0.993099
51296: 0.993099
51297: 0.993099
51298: 0.993099
51299: 0.993099
51300: 0.9931
51301: 0.9931
51302: 0.9931
51303: 0.99308
51304: 0.993081
51305: 0.993081
51306: 0.993081
51307: 0.993081
51308: 0.993081
51309: 0.993081
51310: 0.993081
51311: 0.993082
51312: 0.993082
51313: 0.993082
51314: 0.993082
51315: 0.993082
51316: 0.993082
51317: 0.993082
51318: 0.993082
51319: 0.993083
51320: 0.993083
51321: 0.993083
51322: 0.993083
51323: 0.993083
51324: 0.993083
51325: 0.993083
51326: 0.993084
51327: 0.993084
51328: 0.993084
51329: 0.993084
51330: 0.993084
51331: 0.993084
51332: 0.993084
51333: 0.993085
51334: 0.993085
51335: 0.993085
51336: 0.993085
51337: 0.993085
51338: 0.993085
51339: 0.993085
51340: 0.993085
51341: 0.993086
51342: 0.993086
51343: 0.993086
51344: 0.993086
51345: 0.993086
51346: 0.993086
51347: 0.993086
51348: 0.993087
51349: 0.993087
51350: 0.993087
51351: 0.993087
51352: 0.993087
51353: 0.993087
51354: 0.993087
51355: 0.993087
51356: 0.993088
51357: 0.993088
51358: 0.993088
51359: 0.993088
51360: 0.993088
51361: 0.993088
51362: 0.993088
51363: 0.993089
51364: 0.993089
51365: 0.993089
51366: 0.993089
51367: 0.993089
51368: 0.993089
51369: 0.993089
51370: 0.993089
51371: 0.99309
51372: 0.99309
51373: 0.99309
51374: 0.99309
51375: 0.99309
51376: 0.99309
51377: 0.99309
51378: 0.993091
51379: 0.993091
51380: 0.993091
51381: 0.993091
51382: 0.993091
51383: 0.993091
51384: 0.993091
51385: 0.993092
51386: 0.993092
51387: 0.993092
51388: 0.993092
51389: 0.993092
51390: 0.993092
51391: 0.993092
51392: 0.993092
51393: 0.993093
51394: 0.993093
51395: 0.993093
51396: 0.993093
51397: 0.993093
51398: 0.993093
51399: 0.993093
51400: 0.993094
51401: 0.993094
51402: 0.993094
51403: 0.993094
51404: 0.993094
51405: 0.993094
51406: 0.993094
51407: 0.993094
51408: 0.993095
51409: 0.993095
51410: 0.993095
51411: 0.993095
51412: 0.993095
51413: 0.993095
51414: 0.993095
51415: 0.993096
51416: 0.993076
51417: 0.993057
51418: 0.993057
51419: 0.993057
51420: 0.993057
51421: 0.993057
51422: 0.993058
51423: 0.993058
51424: 0.993058
51425: 0.993058
51426: 0.993058
51427: 0.993058
51428: 0.993058
51429: 0.993059
51430: 0.993059
51431: 0.993059
51432: 0.993059
51433: 0.993059
51434: 0.993059
51435: 0.993059
51436: 0.993059
51437: 0.99304
51438: 0.99304
51439: 0.99304
51440: 0.993041
51441: 0.993041
51442: 0.993041
51443: 0.993041
51444: 0.993041
51445: 0.993041
51446: 0.993041
51447: 0.993042
51448: 0.993042
51449: 0.993042
51450: 0.993042
51451: 0.993042
51452: 0.993042
51453: 0.993042
51454: 0.993042
51455: 0.993043
51456: 0.993043
51457: 0.993043
51458: 0.993043
51459: 0.993043
51460: 0.993043
51461: 0.993043
51462: 0.993044
51463: 0.993044
51464: 0.993044
51465: 0.993044
51466: 0.993044
51467: 0.993044
51468: 0.993044
51469: 0.993044
51470: 0.993045
51471: 0.993045
51472: 0.993045
51473: 0.993045
51474: 0.993045
51475: 0.993045
51476: 0.993045
51477: 0.993046
51478: 0.993046
51479: 0.993046
51480: 0.993046
51481: 0.993046
51482: 0.993046
51483: 0.993046
51484: 0.993047
51485: 0.993047
51486: 0.993047
51487: 0.993047
51488: 0.993047
51489: 0.993047
51490: 0.993047
51491: 0.993047
51492: 0.993048
51493: 0.993048
51494: 0.993048
51495: 0.993048
51496: 0.993048
51497: 0.993048
51498: 0.993048
51499: 0.993049
51500: 0.993049
51501: 0.993049
51502: 0.993049
51503: 0.993049
51504: 0.993049
51505: 0.993049
51506: 0.993049
51507: 0.99305
51508: 0.99305
51509: 0.99305
51510: 0.99305
51511: 0.99305
51512: 0.99305
51513: 0.99305
51514: 0.993051
51515: 0.993051
51516: 0.993051
51517: 0.993051
51518: 0.993051
51519: 0.993051
51520: 0.993051
51521: 0.993052
51522: 0.993052
51523: 0.993052
51524: 0.993052
51525: 0.993052
51526: 0.993052
51527: 0.993052
51528: 0.993052
51529: 0.993053
51530: 0.993053
51531: 0.993053
51532: 0.993053
51533: 0.993053
51534: 0.993053
51535: 0.993053
51536: 0.993054
51537: 0.993054
51538: 0.993054
51539: 0.993054
51540: 0.993054
51541: 0.993054
51542: 0.993054
51543: 0.993054
51544: 0.993055
51545: 0.993055
51546: 0.993055
51547: 0.993055
51548: 0.993055
51549: 0.993055
51550: 0.993055
51551: 0.993056
51552: 0.993056
51553: 0.993056
51554: 0.993056
51555: 0.993056
51556: 0.993056
51557: 0.993056
51558: 0.993056
51559: 0.993057
51560: 0.993057
51561: 0.993057
51562: 0.993057
51563: 0.993057
51564: 0.993057
51565: 0.993057
51566: 0.993058
51567: 0.993058
51568: 0.993058
51569: 0.993058
51570: 0.993058
51571: 0.993058
51572: 0.993058
51573: 0.993059
51574: 0.993059
51575: 0.993059
51576: 0.993059
51577: 0.993059
51578: 0.993059
51579: 0.993059
51580: 0.993059
51581: 0.99306
51582: 0.99306
51583: 0.99306
51584: 0.99306
51585: 0.99306
51586: 0.99306
51587: 0.99306
51588: 0.993061
51589: 0.993061
51590: 0.993061
51591: 0.993061
51592: 0.993061
51593: 0.993061
51594: 0.993061
51595: 0.993061
51596: 0.993062
51597: 0.993062
51598: 0.993062
51599: 0.993062
51600: 0.993062
51601: 0.993062
51602: 0.993062
51603: 0.993063
51604: 0.993063
51605: 0.993063
51606: 0.993063
51607: 0.993063
51608: 0.993063
51609: 0.993063
51610: 0.993063
51611: 0.993064
51612: 0.993064
51613: 0.993064
51614: 0.993064
51615: 0.993064
51616: 0.993064
51617: 0.993064
51618: 0.993065
51619: 0.993065
51620: 0.993065
51621: 0.993065
51622: 0.993065
51623: 0.993065
51624: 0.993065
51625: 0.993066
51626: 0.993066
51627: 0.993066
51628: 0.993066
51629: 0.993066
51630: 0.993066
51631: 0.993066
51632: 0.993066
51633: 0.993067
51634: 0.993067
51635: 0.993067
51636: 0.993048
51637: 0.993048
51638: 0.993048
51639: 0.993048
51640: 0.993048
51641: 0.993048
51642: 0.993048
51643: 0.993049
51644: 0.993049
51645: 0.993049
51646: 0.993049
51647: 0.993049
51648: 0.993049
51649: 0.993049
51650: 0.99305
51651: 0.99305
51652: 0.99305
51653: 0.99305
51654: 0.99305
51655: 0.99305
51656: 0.99305
51657: 0.99305
51658: 0.993051
51659: 0.993051
51660: 0.993051
51661: 0.993051
51662: 0.993051
51663: 0.993051
51664: 0.993051
51665: 0.993052
51666: 0.993052
51667: 0.993052
51668: 0.993052
51669: 0.993052
51670: 0.993052
51671: 0.993052
51672: 0.993052
51673: 0.993053
51674: 0.993053
51675: 0.993053
51676: 0.993053
51677: 0.993053
51678: 0.993053
51679: 0.993053
51680: 0.993054
51681: 0.993054
51682: 0.993054
51683: 0.993054
51684: 0.993054
51685: 0.993054
51686: 0.993054
51687: 0.993054
51688: 0.993055
51689: 0.993055
51690: 0.993055
51691: 0.993055
51692: 0.993055
51693: 0.993055
51694: 0.993055
51695: 0.993056
51696: 0.993056
51697: 0.993056
51698: 0.993056
51699: 0.993056
51700: 0.993056
51701: 0.993056
51702: 0.993056
51703: 0.993057
51704: 0.993057
51705: 0.993057
51706: 0.993057
51707: 0.993057
51708: 0.993057
51709: 0.993057
51710: 0.993058
51711: 0.993058
51712: 0.993058
51713: 0.993058
51714: 0.993058
51715: 0.993058
51716: 0.993058
51717: 0.993059
51718: 0.993059
51719: 0.993059
51720: 0.993059
51721: 0.993059
51722: 0.993059
51723: 0.993059
51724: 0.993059
51725: 0.99306
51726: 0.99306
51727: 0.99306
51728: 0.99306
51729: 0.99306
51730: 0.99306
51731: 0.99306
51732: 0.993061
51733: 0.993061
51734: 0.993061
51735: 0.993061
51736: 0.993061
51737: 0.993061
51738: 0.993061
51739: 0.993061
51740: 0.993062
51741: 0.993062
51742: 0.993062
51743: 0.993062
51744: 0.993062
51745: 0.993062
51746: 0.993062
51747: 0.993063
51748: 0.993063
51749: 0.993063
51750: 0.993063
51751: 0.993063
51752: 0.993063
51753: 0.993063
51754: 0.993063
51755: 0.993064
51756: 0.993064
51757: 0.993064
51758: 0.993064
51759: 0.993064
51760: 0.993064
51761: 0.993064
51762: 0.993065
51763: 0.993065
51764: 0.993065
51765: 0.993065
51766: 0.993065
51767: 0.993065
51768: 0.993065
51769: 0.993065
51770: 0.993066
51771: 0.993066
51772: 0.993066
51773: 0.993066
51774: 0.993066
51775: 0.993066
51776: 0.993066
51777: 0.993067
51778: 0.993067
51779: 0.993067
51780: 0.993067
51781: 0.993067
51782: 0.993067
51783: 0.993067
51784: 0.993067
51785: 0.993068
51786: 0.993068
51787: 0.993068
51788: 0.993068
51789: 0.993068
51790: 0.993068
51791: 0.993068
51792: 0.993069
51793: 0.993069
51794: 0.993069
51795: 0.993069
51796: 0.993069
51797: 0.993069
51798: 0.993069
51799: 0.993069
51800: 0.99307
51801: 0.99307
51802: 0.99307
51803: 0.99307
51804: 0.99307
51805: 0.99307
51806: 0.99307
51807: 0.993071
51808: 0.993071
51809: 0.993071
51810: 0.993071
51811: 0.993071
51812: 0.993071
51813: 0.993071
51814: 0.993072
51815: 0.993072
51816: 0.993072
51817: 0.993072
51818: 0.993072
51819: 0.993072
51820: 0.993072
51821: 0.993072
51822: 0.993073
51823: 0.993073
51824: 0.993073
51825: 0.993073
51826: 0.993073
51827: 0.993073
51828: 0.993073
51829: 0.993074
51830: 0.993074
51831: 0.993074
51832: 0.993074
51833: 0.993074
51834: 0.993074
51835: 0.993074
51836: 0.993074
51837: 0.993075
51838: 0.993075
51839: 0.993075
51840: 0.993075
51841: 0.993075
51842: 0.993075
51843: 0.993075
51844: 0.993076
51845: 0.993076
51846: 0.993076
51847: 0.993076
51848: 0.993076
51849: 0.993076
51850: 0.993076
51851: 0.993076
51852: 0.993077
51853: 0.993077
51854: 0.993077
51855: 0.993077
51856: 0.993077
51857: 0.993077
51858: 0.993077
51859: 0.993078
51860: 0.993078
51861: 0.993078
51862: 0.993078
51863: 0.993078
51864: 0.993078
51865: 0.993078
51866: 0.993078
51867: 0.993079
51868: 0.993079
51869: 0.993079
51870: 0.993079
51871: 0.993079
51872: 0.993079
51873: 0.993079
51874: 0.99308
51875: 0.99308
51876: 0.99308
51877: 0.99308
51878: 0.99308
51879: 0.99308
51880: 0.99308
51881: 0.99308
51882: 0.993081
51883: 0.993081
51884: 0.993081
51885: 0.993081
51886: 0.993081
51887: 0.993081
51888: 0.993081
51889: 0.993082
51890: 0.993082
51891: 0.993082
51892: 0.993082
51893: 0.993082
51894: 0.993082
51895: 0.993082
51896: 0.993082
51897: 0.993083
51898: 0.993083
51899: 0.993083
51900: 0.993083
51901: 0.993083
51902: 0.993083
51903: 0.993083
51904: 0.993084
51905: 0.993084
51906: 0.993084
51907: 0.993084
51908: 0.993084
51909: 0.993084
51910: 0.993084
51911: 0.993084
51912: 0.993085
51913: 0.993085
51914: 0.993085
51915: 0.993085
51916: 0.993085
51917: 0.993085
51918: 0.993085
51919: 0.993086
51920: 0.993086
51921: 0.993086
51922: 0.993086
51923: 0.993086
51924: 0.993086
51925: 0.993086
51926: 0.993086
51927: 0.993087
51928: 0.993087
51929: 0.993087
51930: 0.993087
51931: 0.993087
51932: 0.993087
51933: 0.993087
51934: 0.993088
51935: 0.993088
51936: 0.993088
51937: 0.993088
51938: 0.993088
51939: 0.993088
51940: 0.993088
51941: 0.993088
51942: 0.993089
51943: 0.993089
51944: 0.993089
51945: 0.993089
51946: 0.993089
51947: 0.993089
51948: 0.993089
51949: 0.99309
51950: 0.99309
51951: 0.99309
51952: 0.99309
51953: 0.99309
51954: 0.99309
51955: 0.99309
51956: 0.99309
51957: 0.993091
51958: 0.993091
51959: 0.993091
51960: 0.993091
51961: 0.993091
51962: 0.993091
51963: 0.993091
51964: 0.993092
51965: 0.993092
51966: 0.993092
51967: 0.993092
51968: 0.993092
51969: 0.993092
51970: 0.993092
51971: 0.993092
51972: 0.993093
51973: 0.993093
51974: 0.993093
51975: 0.993093
51976: 0.993093
51977: 0.993093
51978: 0.993093
51979: 0.993093
51980: 0.993094
51981: 0.993094
51982: 0.993094
51983: 0.993094
51984: 0.993094
51985: 0.993094
51986: 0.993094
51987: 0.993095
51988: 0.993095
51989: 0.993095
51990: 0.993095
51991: 0.993095
51992: 0.993095
51993: 0.993095
51994: 0.993095
51995: 0.993096
51996: 0.993096
51997: 0.993096
51998: 0.993096
51999: 0.993096
52000: 0.993096
52001: 0.993096
52002: 0.993097
52003: 0.993097
52004: 0.993097
52005: 0.993097
52006: 0.993097
52007: 0.993097
52008: 0.993097
52009: 0.993097
52010: 0.993098
52011: 0.993098
52012: 0.993098
52013: 0.993098
52014: 0.993098
52015: 0.993098
52016: 0.993098
52017: 0.993099
52018: 0.993099
52019: 0.993099
52020: 0.993099
52021: 0.993099
52022: 0.993099
52023: 0.993099
52024: 0.993099
52025: 0.9931
52026: 0.9931
52027: 0.9931
52028: 0.9931
52029: 0.9931
52030: 0.993081
52031: 0.993081
52032: 0.993081
52033: 0.993081
52034: 0.993082
52035: 0.993082
52036: 0.993082
52037: 0.993082
52038: 0.993082
52039: 0.993082
52040: 0.993082
52041: 0.993083
52042: 0.993083
52043: 0.993083
52044: 0.993083
52045: 0.993083
52046: 0.993083
52047: 0.993083
52048: 0.993083
52049: 0.993084
52050: 0.993084
52051: 0.993084
52052: 0.993084
52053: 0.993084
52054: 0.993084
52055: 0.993084
52056: 0.993085
52057: 0.993085
52058: 0.993085
52059: 0.993085
52060: 0.993085
52061: 0.993085
52062: 0.993085
52063: 0.993085
52064: 0.993086
52065: 0.993086
52066: 0.993086
52067: 0.993086
52068: 0.993086
52069: 0.993086
52070: 0.993086
52071: 0.993086
52072: 0.993087
52073: 0.993087
52074: 0.993087
52075: 0.993087
52076: 0.993087
52077: 0.993087
52078: 0.993087
52079: 0.993088
52080: 0.993088
52081: 0.993088
52082: 0.993088
52083: 0.993088
52084: 0.993088
52085: 0.993088
52086: 0.993088
52087: 0.993089
52088: 0.993089
52089: 0.993089
52090: 0.993089
52091: 0.993089
52092: 0.993089
52093: 0.993089
52094: 0.99309
52095: 0.99309
52096: 0.99309
52097: 0.99309
52098: 0.99309
52099: 0.99309
52100: 0.99309
52101: 0.99309
52102: 0.993091
52103: 0.993091
52104: 0.993091
52105: 0.993091
52106: 0.993091
52107: 0.993091
52108: 0.993091
52109: 0.993092
52110: 0.993092
52111: 0.993092
52112: 0.993092
52113: 0.993092
52114: 0.993092
52115: 0.993092
52116: 0.993092
52117: 0.993093
52118: 0.993093
52119: 0.993093
52120: 0.993093
52121: 0.993074
52122: 0.993055
52123: 0.993036
52124: 0.993036
52125: 0.993036
52126: 0.993036
52127: 0.993036
52128: 0.993037
52129: 0.993037
52130: 0.993037
52131: 0.993037
52132: 0.993037
52133: 0.993037
52134: 0.993037
52135: 0.993037
52136: 0.993038
52137: 0.993038
52138: 0.993038
52139: 0.993038
52140: 0.993038
52141: 0.993038
52142: 0.993038
52143: 0.993039
52144: 0.993039
52145: 0.993039
52146: 0.993039
52147: 0.993039
52148: 0.993039
52149: 0.993039
52150: 0.993039
52151: 0.99304
52152: 0.99304
52153: 0.99304
52154: 0.99304
52155: 0.99304
52156: 0.99304
52157: 0.99304
52158: 0.993041
52159: 0.993041
52160: 0.993041
52161: 0.993041
52162: 0.993041
52163: 0.993041
52164: 0.993041
52165: 0.993041
52166: 0.993042
52167: 0.993042
52168: 0.993042
52169: 0.993042
52170: 0.993042
52171: 0.993042
52172: 0.993042
52173: 0.993043
52174: 0.993043
52175: 0.993043
52176: 0.993043
52177: 0.993043
52178: 0.993043
52179: 0.993043
52180: 0.993043
52181: 0.993044
52182: 0.993044
52183: 0.993044
52184: 0.993044
52185: 0.993044
52186: 0.993044
52187: 0.993044
52188: 0.993045
52189: 0.993045
52190: 0.993045
52191: 0.993045
52192: 0.993045
52193: 0.993045
52194: 0.993045
52195: 0.993045
52196: 0.993046
52197: 0.993046
52198: 0.993046
52199: 0.993046
52200: 0.993046
52201: 0.993046
52202: 0.993046
52203: 0.993047
52204: 0.993047
52205: 0.993047
52206: 0.993047
52207: 0.993047
52208: 0.993047
52209: 0.993047
52210: 0.993047
52211: 0.993048
52212: 0.993048
52213: 0.993048
52214: 0.993048
52215: 0.993048
52216: 0.993048
52217: 0.993048
52218: 0.993049
52219: 0.993049
52220: 0.993049
52221: 0.993049
52222: 0.993049
52223: 0.993049
52224: 0.993049
52225: 0.993049
52226: 0.99305
52227: 0.99305
52228: 0.99305
52229: 0.99305
52230: 0.99305
52231: 0.99305
52232: 0.99305
52233: 0.993051
52234: 0.993051
52235: 0.993051
52236: 0.993051
52237: 0.993051
52238: 0.993051
52239: 0.993051
52240: 0.993051
52241: 0.993052
52242: 0.993052
52243: 0.993052
52244: 0.993052
52245: 0.993052
52246: 0.993052
52247: 0.993052
52248: 0.993052
52249: 0.993053
52250: 0.993053
52251: 0.993053
52252: 0.993053
52253: 0.993053
52254: 0.993053
52255: 0.993053
52256: 0.993054
52257: 0.993054
52258: 0.993054
52259: 0.993054
52260: 0.993054
52261: 0.993054
52262: 0.993054
52263: 0.993054
52264: 0.993055
52265: 0.993055
52266: 0.993055
52267: 0.993055
52268: 0.993055
52269: 0.993055
52270: 0.993055
52271: 0.993056
52272: 0.993056
52273: 0.993056
52274: 0.993056
52275: 0.993056
52276: 0.993056
52277: 0.993056
52278: 0.993056
52279: 0.993057
52280: 0.993057
52281: 0.993057
52282: 0.993057
52283: 0.993057
52284: 0.993057
52285: 0.993057
52286: 0.993058
52287: 0.993058
52288: 0.993058
52289: 0.993058
52290: 0.993058
52291: 0.993058
52292: 0.993058
52293: 0.993058
52294: 0.993059
52295: 0.993059
52296: 0.993059
52297: 0.993059
52298: 0.993059
52299: 0.993059
52300: 0.993059
52301: 0.99306
52302: 0.99306
52303: 0.99306
52304: 0.99306
52305: 0.99306
52306: 0.99306
52307: 0.99306
52308: 0.99306
52309: 0.993061
52310: 0.993061
52311: 0.993061
52312: 0.993061
52313: 0.993061
52314: 0.993061
52315: 0.993061
52316: 0.993062
52317: 0.993062
52318: 0.993062
52319: 0.993062
52320: 0.993062
52321: 0.993062
52322: 0.993062
52323: 0.993062
52324: 0.993063
52325: 0.993063
52326: 0.993063
52327: 0.993063
52328: 0.993063
52329: 0.993063
52330: 0.993063
52331: 0.993064
52332: 0.993064
52333: 0.993064
52334: 0.993064
52335: 0.993064
52336: 0.993064
52337: 0.993064
52338: 0.993064
52339: 0.993065
52340: 0.993065
52341: 0.993065
52342: 0.993065
52343: 0.993065
52344: 0.993065
52345: 0.993065
52346: 0.993066
52347: 0.993066
52348: 0.993066
52349: 0.993066
52350: 0.993066
52351: 0.993066
52352: 0.993066
52353: 0.993066
52354: 0.993067
52355: 0.993067
52356: 0.993067
52357: 0.993067
52358: 0.993067
52359: 0.993067
52360: 0.993067
52361: 0.993067
52362: 0.993068
52363: 0.993068
52364: 0.993068
52365: 0.993068
52366: 0.993068
52367: 0.993068
52368: 0.993068
52369: 0.993069
52370: 0.993069
52371: 0.993069
52372: 0.993069
52373: 0.993069
52374: 0.993069
52375: 0.993069
52376: 0.993069
52377: 0.99307
52378: 0.99307
52379: 0.99307
52380: 0.99307
52381: 0.993051
52382: 0.993051
52383: 0.993051
52384: 0.993051
52385: 0.993032
52386: 0.993014
52387: 0.993014
52388: 0.993014
52389: 0.993014
52390: 0.993014
52391: 0.993014
52392: 0.993014
52393: 0.993014
52394: 0.993015
52395: 0.993015
52396: 0.993015
52397: 0.993015
52398: 0.993015
52399: 0.993015
52400: 0.993015
52401: 0.993016
52402: 0.993016
52403: 0.993016
52404: 0.993016
52405: 0.993016
52406: 0.993016
52407: 0.993016
52408: 0.993016
52409: 0.993017
52410: 0.993017
52411: 0.993017
52412: 0.993017
52413: 0.993017
52414: 0.993017
52415: 0.993017
52416: 0.993018
52417: 0.993018
52418: 0.993018
52419: 0.993018
52420: 0.993018
52421: 0.993018
52422: 0.993018
52423: 0.993018
52424: 0.993019
52425: 0.993019
52426: 0.993019
52427: 0.993019
52428: 0.993019
52429: 0.993019
52430: 0.993019
52431: 0.99302
52432: 0.99302
52433: 0.99302
52434: 0.99302
52435: 0.99302
52436: 0.99302
52437: 0.99302
52438: 0.99302
52439: 0.993021
52440: 0.993021
52441: 0.993021
52442: 0.993021
52443: 0.993021
52444: 0.993021
52445: 0.993021
52446: 0.993022
52447: 0.993022
52448: 0.993022
52449: 0.993022
52450: 0.993022
52451: 0.993022
52452: 0.993022
52453: 0.993022
52454: 0.993023
52455: 0.993023
52456: 0.993023
52457: 0.993023
52458: 0.993023
52459: 0.993023
52460: 0.993023
52461: 0.993024
52462: 0.993024
52463: 0.993024
52464: 0.993024
52465: 0.993024
52466: 0.993024
52467: 0.993024
52468: 0.993024
52469: 0.993025
52470: 0.993025
52471: 0.993025
52472: 0.993025
52473: 0.993025
52474: 0.993025
52475: 0.993025
52476: 0.993026
52477: 0.993026
52478: 0.993026
52479: 0.993026
52480: 0.993026
52481: 0.993026
52482: 0.993026
52483: 0.993026
52484: 0.993027
52485: 0.993027
52486: 0.993027
52487: 0.993027
52488: 0.993027
52489: 0.993027
52490: 0.993027
52491: 0.993028
52492: 0.993028
52493: 0.993028
52494: 0.993028
52495: 0.993028
52496: 0.993028
52497: 0.993028
52498: 0.993028
52499: 0.993029
52500: 0.993029
52501: 0.993029
52502: 0.993029
52503: 0.993029
52504: 0.993029
52505: 0.993029
52506: 0.99303
52507: 0.99303
52508: 0.99303
52509: 0.99303
52510: 0.99303
52511: 0.99303
52512: 0.99303
52513: 0.99303
52514: 0.993031
52515: 0.993031
52516: 0.993031
52517: 0.993012
52518: 0.992993
52519: 0.992974
52520: 0.992955
52521: 0.992955
52522: 0.992955
52523: 0.992956
52524: 0.992956
52525: 0.992956
52526: 0.992956
52527: 0.992956
52528: 0.992956
52529: 0.992956
52530: 0.992957
52531: 0.992957
52532: 0.992957
52533: 0.992957
52534: 0.992957
52535: 0.992957
52536: 0.992957
52537: 0.992957
52538: 0.992958
52539: 0.992958
52540: 0.992958
52541: 0.992958
52542: 0.992958
52543: 0.992958
52544: 0.992958
52545: 0.992959
52546: 0.992959
52547: 0.992959
52548: 0.992959
52549: 0.992959
52550: 0.992959
52551: 0.992959
52552: 0.992959
52553: 0.99296
52554: 0.99296
52555: 0.99296
52556: 0.99296
52557: 0.99296
52558: 0.99296
52559: 0.99296
52560: 0.992961
52561: 0.992961
52562: 0.992961
52563: 0.992961
52564: 0.992961
52565: 0.992961
52566: 0.992961
52567: 0.992961
52568: 0.992962
52569: 0.992962
52570: 0.992962
52571: 0.992962
52572: 0.992962
52573: 0.992962
52574: 0.992962
52575: 0.992963
52576: 0.992963
52577: 0.992963
52578: 0.992963
52579: 0.992963
52580: 0.992963
52581: 0.992963
52582: 0.992964
52583: 0.992964
52584: 0.992964
52585: 0.992964
52586: 0.992964
52587: 0.992964
52588: 0.992964
52589: 0.992964
52590: 0.992965
52591: 0.992965
52592: 0.992965
52593: 0.992965
52594: 0.992965
52595: 0.992965
52596: 0.992965
52597: 0.992966
52598: 0.992966
52599: 0.992966
52600: 0.992966
52601: 0.992966
52602: 0.992966
52603: 0.992966
52604: 0.992966
52605: 0.992967
52606: 0.992967
52607: 0.992967
52608: 0.992967
52609: 0.992967
52610: 0.992967
52611: 0.992967
52612: 0.992968
52613: 0.992968
52614: 0.992968
52615: 0.992968
52616: 0.992968
52617: 0.992968
52618: 0.992968
52619: 0.992968
52620: 0.992969
52621: 0.992969
52622: 0.992969
52623: 0.992969
52624: 0.992969
52625: 0.992969
52626: 0.992969
52627: 0.99297
52628: 0.99297
52629: 0.99297
52630: 0.99297
52631: 0.99297
52632: 0.99297
52633: 0.99297
52634: 0.99297
52635: 0.992971
52636: 0.992971
52637: 0.992971
52638: 0.992971
52639: 0.992971
52640: 0.992971
52641: 0.992971
52642: 0.992972
52643: 0.992972
52644: 0.992972
52645: 0.992972
52646: 0.992972
52647: 0.992972
52648: 0.992972
52649: 0.992972
52650: 0.992973
52651: 0.992973
52652: 0.992973
52653: 0.992973
52654: 0.992973
52655: 0.992973
52656: 0.992973
52657: 0.992974
52658: 0.992974
52659: 0.992974
52660: 0.992974
52661: 0.992974
52662: 0.992974
52663: 0.992974
52664: 0.992974
52665: 0.992975
52666: 0.992975
52667: 0.992975
52668: 0.992975
52669: 0.992975
52670: 0.992975
52671: 0.992975
52672: 0.992976
52673: 0.992976
52674: 0.992976
52675: 0.992976
52676: 0.992976
52677: 0.992976
52678: 0.992976
52679: 0.992976
52680: 0.992977
52681: 0.992977
52682: 0.992977
52683: 0.992977
52684: 0.992977
52685: 0.992977
52686: 0.992977
52687: 0.992978
52688: 0.992978
52689: 0.992978
52690: 0.992978
52691: 0.992978
52692: 0.992978
52693: 0.992978
52694: 0.992978
52695: 0.992979
52696: 0.992979
52697: 0.992979
52698: 0.992979
52699: 0.992979
52700: 0.992979
52701: 0.992979
52702: 0.99298
52703: 0.99298
52704: 0.99298
52705: 0.99298
52706: 0.99298
52707: 0.99298
52708: 0.99298
52709: 0.99298
52710: 0.992981
52711: 0.992981
52712: 0.992981
52713: 0.992981
52714: 0.992981
52715: 0.992962
52716: 0.992943
52717: 0.992944
52718: 0.992944
52719: 0.992944
52720: 0.992944
52721: 0.992944
52722: 0.992944
52723: 0.992944
52724: 0.992945
52725: 0.992945
52726: 0.992945
52727: 0.992945
52728: 0.992945
52729: 0.992945
52730: 0.992945
52731: 0.992945
52732: 0.992946
52733: 0.992946
52734: 0.992946
52735: 0.992946
52736: 0.992946
52737: 0.992946
52738: 0.992946
52739: 0.992947
52740: 0.992947
52741: 0.992947
52742: 0.992947
52743: 0.992947
52744: 0.992947
52745: 0.992947
52746: 0.992947
52747: 0.992948
52748: 0.992948
52749: 0.992948
52750: 0.992948
52751: 0.992948
52752: 0.992948
52753: 0.992948
52754: 0.992949
52755: 0.992949
52756: 0.992949
52757: 0.992949
52758: 0.992949
52759: 0.992949
52760: 0.992949
52761: 0.992949
52762: 0.99295
52763: 0.99295
52764: 0.99295
52765: 0.99295
52766: 0.99295
52767: 0.99295
52768: 0.99295
52769: 0.992951
52770: 0.992951
52771: 0.992951
52772: 0.992951
52773: 0.992951
52774: 0.992951
52775: 0.992951
52776: 0.992951
52777: 0.992952
52778: 0.992952
52779: 0.992952
52780: 0.992952
52781: 0.992952
52782: 0.992952
52783: 0.992952
52784: 0.992953
52785: 0.992953
52786: 0.992953
52787: 0.992953
52788: 0.992953
52789: 0.992953
52790: 0.992953
52791: 0.992953
52792: 0.992954
52793: 0.992954
52794: 0.992954
52795: 0.992954
52796: 0.992954
52797: 0.992954
52798: 0.992954
52799: 0.992955
52800: 0.992955
52801: 0.992955
52802: 0.992955
52803: 0.992955
52804: 0.992955
52805: 0.992955
52806: 0.992955
52807: 0.992956
52808: 0.992956
52809: 0.992956
52810: 0.992956
52811: 0.992956
52812: 0.992956
52813: 0.992956
52814: 0.992957
52815: 0.992957
52816: 0.992957
52817: 0.992957
52818: 0.992957
52819: 0.992957
52820: 0.992957
52821: 0.992957
52822: 0.992958
52823: 0.992958
52824: 0.992958
52825: 0.992958
52826: 0.992958
52827: 0.992958
52828: 0.992958
52829: 0.992959
52830: 0.992959
52831: 0.992959
52832: 0.992959
52833: 0.992959
52834: 0.992959
52835: 0.992959
52836: 0.992959
52837: 0.99296
52838: 0.99296
52839: 0.99296
52840: 0.99296
52841: 0.99296
52842: 0.99296
52843: 0.99296
52844: 0.992961
52845: 0.992961
52846: 0.992961
52847: 0.992961
52848: 0.992961
52849: 0.992961
52850: 0.992961
52851: 0.992961
52852: 0.992962
52853: 0.992962
52854: 0.992962
52855: 0.992962
52856: 0.992962
52857: 0.992962
52858: 0.992962
52859: 0.992963
52860: 0.992963
52861: 0.992963
52862: 0.992963
52863: 0.992963
52864: 0.992963
52865: 0.992963
52866: 0.992963
52867: 0.992964
52868: 0.992964
52869: 0.992964
52870: 0.992964
52871: 0.992964
52872: 0.992964
52873: 0.992964
52874: 0.992965
52875: 0.992965
52876: 0.992965
52877: 0.992965
52878: 0.992965
52879: 0.992965
52880: 0.992965
52881: 0.992965
52882: 0.992966
52883: 0.992966
52884: 0.992966
52885: 0.992966
52886: 0.992966
52887: 0.992966
52888: 0.992966
52889: 0.992967
52890: 0.992967
52891: 0.992967
52892: 0.992967
52893: 0.992967
52894: 0.992967
52895: 0.992967
52896: 0.992967
52897: 0.992968
52898: 0.992968
52899: 0.992968
52900: 0.992968
52901: 0.992968
52902: 0.992968
52903: 0.992968
52904: 0.992969
52905: 0.992969
52906: 0.992969
52907: 0.992969
52908: 0.992969
52909: 0.992969
52910: 0.992969
52911: 0.992969
52912: 0.99297
52913: 0.99297
52914: 0.99297
52915: 0.99297
52916: 0.99297
52917: 0.99297
52918: 0.99297
52919: 0.992971
52920: 0.992971
52921: 0.992971
52922: 0.992971
52923: 0.992971
52924: 0.992971
52925: 0.992971
52926: 0.992971
52927: 0.992972
52928: 0.992972
52929: 0.992972
52930: 0.992972
52931: 0.992972
52932: 0.992972
52933: 0.992972
52934: 0.992973
52935: 0.992973
52936: 0.992973
52937: 0.992973
52938: 0.992973
52939: 0.992973
52940: 0.992973
52941: 0.992973
52942: 0.992974
52943: 0.992974
52944: 0.992974
52945: 0.992974
52946: 0.992974
52947: 0.992974
52948: 0.992974
52949: 0.992975
52950: 0.992975
52951: 0.992975
52952: 0.992975
52953: 0.992975
52954: 0.992975
52955: 0.992975
52956: 0.992975
52957: 0.992976
52958: 0.992976
52959: 0.992976
52960: 0.992976
52961: 0.992976
52962: 0.992976
52963: 0.992976
52964: 0.992976
52965: 0.992977
52966: 0.992977
52967: 0.992977
52968: 0.992977
52969: 0.992977
52970: 0.992977
52971: 0.992977
52972: 0.992978
52973: 0.992978
52974: 0.992978
52975: 0.992978
52976: 0.992978
52977: 0.992978
52978: 0.992978
52979: 0.992978
52980: 0.992979
52981: 0.992979
52982: 0.992979
52983: 0.992979
52984: 0.992979
52985: 0.992979
52986: 0.992979
52987: 0.99298
52988: 0.99298
52989: 0.99298
52990: 0.99298
52991: 0.99298
52992: 0.99298
52993: 0.99298
52994: 0.99298
52995: 0.992981
52996: 0.992981
52997: 0.992981
52998: 0.992981
52999: 0.992981
53000: 0.992981
53001: 0.992981
53002: 0.992982
53003: 0.992982
53004: 0.992982
53005: 0.992982
53006: 0.992982
53007: 0.992982
53008: 0.992982
53009: 0.992982
53010: 0.992983
53011: 0.992983
53012: 0.992983
53013: 0.992983
53014: 0.992983
53015: 0.992983
53016: 0.992983
53017: 0.992984
53018: 0.992984
53019: 0.992984
53020: 0.992965
53021: 0.992946
53022: 0.992928
53023: 0.992909
53024: 0.992909
53025: 0.992909
53026: 0.992909
53027: 0.992909
53028: 0.99291
53029: 0.99291
53030: 0.99291
53031: 0.99291
53032: 0.99291
53033: 0.99291
53034: 0.99291
53035: 0.99291
53036: 0.992911
53037: 0.992911
53038: 0.992911
53039: 0.992911
53040: 0.992911
53041: 0.992911
53042: 0.992911
53043: 0.992912
53044: 0.992912
53045: 0.992912
53046: 0.992912
53047: 0.992912
53048: 0.992912
53049: 0.992912
53050: 0.992912
53051: 0.992913
53052: 0.992913
53053: 0.992913
53054: 0.992913
53055: 0.992913
53056: 0.992913
53057: 0.992913
53058: 0.992914
53059: 0.992914
53060: 0.992914
53061: 0.992914
53062: 0.992914
53063: 0.992914
53064: 0.992914
53065: 0.992914
53066: 0.992915
53067: 0.992915
53068: 0.992915
53069: 0.992915
53070: 0.992915
53071: 0.992915
53072: 0.992915
53073: 0.992916
53074: 0.992916
53075: 0.992916
53076: 0.992916
53077: 0.992916
53078: 0.992916
53079: 0.992916
53080: 0.992916
53081: 0.992917
53082: 0.992917
53083: 0.992917
53084: 0.992917
53085: 0.992917
53086: 0.992917
53087: 0.992917
53088: 0.992918
53089: 0.992918
53090: 0.992918
53091: 0.992918
53092: 0.992918
53093: 0.992918
53094: 0.992918
53095: 0.992918
53096: 0.992919
53097: 0.992919
53098: 0.992919
53099: 0.992919
53100: 0.992919
53101: 0.992919
53102: 0.992919
53103: 0.99292
53104: 0.99292
53105: 0.99292
53106: 0.99292
53107: 0.99292
53108: 0.99292
53109: 0.99292
53110: 0.99292
53111: 0.992921
53112: 0.992921
53113: 0.992921
53114: 0.992921
53115: 0.992921
53116: 0.992921
53117: 0.992921
53118: 0.992922
53119: 0.992922
53120: 0.992922
53121: 0.992922
53122: 0.992922
53123: 0.992922
53124: 0.992922
53125: 0.992922
53126: 0.992923
53127: 0.992923
53128: 0.992923
53129: 0.992923
53130: 0.992923
53131: 0.992923
53132: 0.992923
53133: 0.992924
53134: 0.992924
53135: 0.992924
53136: 0.992924
53137: 0.992924
53138: 0.992924
53139: 0.992924
53140: 0.992924
53141: 0.992925
53142: 0.992925
53143: 0.992925
53144: 0.992925
53145: 0.992925
53146: 0.992925
53147: 0.992925
53148: 0.992926
53149: 0.992926
53150: 0.992926
53151: 0.992926
53152: 0.992926
53153: 0.992926
53154: 0.992926
53155: 0.992926
53156: 0.992927
53157: 0.992927
53158: 0.992927
53159: 0.992927
53160: 0.992927
53161: 0.992927
53162: 0.992927
53163: 0.992928
53164: 0.992928
53165: 0.992928
53166: 0.992928
53167: 0.992928
53168: 0.992928
53169: 0.992928
53170: 0.992928
53171: 0.992929
53172: 0.992929
53173: 0.992929
53174: 0.992929
53175: 0.992929
53176: 0.992929
53177: 0.992929
53178: 0.99293
53179: 0.99293
53180: 0.99293
53181: 0.99293
53182: 0.99293
53183: 0.99293
53184: 0.99293
53185: 0.99293
53186: 0.992931
53187: 0.992931
53188: 0.992931
53189: 0.992931
53190: 0.992931
53191: 0.992931
53192: 0.992931
53193: 0.992932
53194: 0.992932
53195: 0.992932
53196: 0.992932
53197: 0.992932
53198: 0.992932
53199: 0.992932
53200: 0.992932
53201: 0.992933
53202: 0.992933
53203: 0.992933
53204: 0.992933
53205: 0.992933
53206: 0.992933
53207: 0.992933
53208: 0.992934
53209: 0.992934
53210: 0.992934
53211: 0.992934
53212: 0.992934
53213: 0.992934
53214: 0.992934
53215: 0.992934
53216: 0.992935
53217: 0.992935
53218: 0.992935
53219: 0.992935
53220: 0.992935
53221: 0.992935
53222: 0.992935
53223: 0.992936
53224: 0.992936
53225: 0.992936
53226: 0.992936
53227: 0.992936
53228: 0.992936
53229: 0.992936
53230: 0.992936
53231: 0.992937
53232: 0.992937
53233: 0.992937
53234: 0.992937
53235: 0.992937
53236: 0.992937
53237: 0.992937
53238: 0.992938
53239: 0.992938
53240: 0.992938
53241: 0.992938
53242: 0.992938
53243: 0.992938
53244: 0.992938
53245: 0.992938
53246: 0.992939
53247: 0.992939
53248: 0.992939
53249: 0.992939
53250: 0.992939
53251: 0.992939
53252: 0.992939
53253: 0.992939
53254: 0.99294
53255: 0.99294
53256: 0.99294
53257: 0.99294
53258: 0.99294
53259: 0.99294
53260: 0.99294
53261: 0.992941
53262: 0.992941
53263: 0.992941
53264: 0.992941
53265: 0.992941
53266: 0.992941
53267: 0.992941
53268: 0.992941
53269: 0.992942
53270: 0.992942
53271: 0.992942
53272: 0.992942
53273: 0.992942
53274: 0.992942
53275: 0.992942
53276: 0.992943
53277: 0.992943
53278: 0.992943
53279: 0.992943
53280: 0.992943
53281: 0.992943
53282: 0.992943
53283: 0.992943
53284: 0.992944
53285: 0.992944
53286: 0.992944
53287: 0.992944
53288: 0.992944
53289: 0.992944
53290: 0.992944
53291: 0.992945
53292: 0.992945
53293: 0.992945
53294: 0.992945
53295: 0.992945
53296: 0.992945
53297: 0.992945
53298: 0.992945
53299: 0.992946
53300: 0.992946
53301: 0.992946
53302: 0.992946
53303: 0.992946
53304: 0.992946
53305: 0.992946
53306: 0.992947
53307: 0.992947
53308: 0.992947
53309: 0.992947
53310: 0.992947
53311: 0.992947
53312: 0.992947
53313: 0.992947
53314: 0.992948
53315: 0.992948
53316: 0.992948
53317: 0.992948
53318: 0.992948
53319: 0.992948
53320: 0.992948
53321: 0.992949
53322: 0.992949
53323: 0.992949
53324: 0.992949
53325: 0.992949
53326: 0.992949
53327: 0.992949
53328: 0.992949
53329: 0.99295
53330: 0.99295
53331: 0.99295
53332: 0.99295
53333: 0.99295
53334: 0.99295
53335: 0.99295
53336: 0.99295
53337: 0.992951
53338: 0.992951
53339: 0.992951
53340: 0.992951
53341: 0.992951
53342: 0.992951
53343: 0.992951
53344: 0.992952
53345: 0.992952
53346: 0.992952
53347: 0.992952
53348: 0.992952
53349: 0.992952
53350: 0.992952
53351: 0.992952
53352: 0.992953
53353: 0.992953
53354: 0.992953
53355: 0.992953
53356: 0.992953
53357: 0.992953
53358: 0.992953
53359: 0.992954
53360: 0.992954
53361: 0.992954
53362: 0.992954
53363: 0.992954
53364: 0.992954
53365: 0.992954
53366: 0.992954
53367: 0.992955
53368: 0.992955
53369: 0.992955
53370: 0.992955
53371: 0.992955
53372: 0.992955
53373: 0.992955
53374: 0.992956
53375: 0.992956
53376: 0.992956
53377: 0.992956
53378: 0.992956
53379: 0.992956
53380: 0.992956
53381: 0.992956
53382: 0.992957
53383: 0.992957
53384: 0.992957
53385: 0.992957
53386: 0.992957
53387: 0.992957
53388: 0.992957
53389: 0.992957
53390: 0.992958
53391: 0.992958
53392: 0.992958
53393: 0.992958
53394: 0.992958
53395: 0.992958
53396: 0.992958
53397: 0.992959
53398: 0.992959
53399: 0.992959
53400: 0.992959
53401: 0.992959
53402: 0.992959
53403: 0.992959
53404: 0.992959
53405: 0.99296
53406: 0.99296
53407: 0.99296
53408: 0.99296
53409: 0.99296
53410: 0.99296
53411: 0.99296
53412: 0.992961
53413: 0.992961
53414: 0.992961
53415: 0.992961
53416: 0.992961
53417: 0.992961
53418: 0.992961
53419: 0.992961
53420: 0.992962
53421: 0.992962
53422: 0.992962
53423: 0.992962
53424: 0.992962
53425: 0.992962
53426: 0.992962
53427: 0.992962
53428: 0.992963
53429: 0.992963
53430: 0.992963
53431: 0.992963
53432: 0.992963
53433: 0.992963
53434: 0.992963
53435: 0.992964
53436: 0.992964
53437: 0.992964
53438: 0.992964
53439: 0.992964
53440: 0.992964
53441: 0.992964
53442: 0.992964
53443: 0.992965
53444: 0.992965
53445: 0.992965
53446: 0.992965
53447: 0.992965
53448: 0.992965
53449: 0.992965
53450: 0.992966
53451: 0.992966
53452: 0.992966
53453: 0.992966
53454: 0.992966
53455: 0.992966
53456: 0.992966
53457: 0.992966
53458: 0.992967
53459: 0.992967
53460: 0.992967
53461: 0.992967
53462: 0.992967
53463: 0.992967
53464: 0.992967
53465: 0.992967
53466: 0.992968
53467: 0.992968
53468: 0.992968
53469: 0.992968
53470: 0.992968
53471: 0.992968
53472: 0.992968
53473: 0.992969
53474: 0.992969
53475: 0.992969
53476: 0.992969
53477: 0.992969
53478: 0.992969
53479: 0.992969
53480: 0.992969
53481: 0.99297
53482: 0.99297
53483: 0.99297
53484: 0.99297
53485: 0.99297
53486: 0.99297
53487: 0.99297
53488: 0.992971
53489: 0.992971
53490: 0.992971
53491: 0.992971
53492: 0.992971
53493: 0.992971
53494: 0.992971
53495: 0.992971
53496: 0.992972
53497: 0.992972
53498: 0.992972
53499: 0.992972
53500: 0.992972
53501: 0.992972
53502: 0.992972
53503: 0.992972
53504: 0.992973
53505: 0.992973
53506: 0.992973
53507: 0.992973
53508: 0.992973
53509: 0.992973
53510: 0.992973
53511: 0.992974
53512: 0.992974
53513: 0.992974
53514: 0.992974
53515: 0.992974
53516: 0.992974
53517: 0.992974
53518: 0.992974
53519: 0.992975
53520: 0.992975
53521: 0.992975
53522: 0.992975
53523: 0.992975
53524: 0.992975
53525: 0.992975
53526: 0.992976
53527: 0.992976
53528: 0.992976
53529: 0.992976
53530: 0.992976
53531: 0.992976
53532: 0.992976
53533: 0.992976
53534: 0.992977
53535: 0.992977
53536: 0.992977
53537: 0.992977
53538: 0.992977
53539: 0.992977
53540: 0.992977
53541: 0.992977
53542: 0.992978
53543: 0.992978
53544: 0.992978
53545: 0.992978
53546: 0.992978
53547: 0.992978
53548: 0.992978
53549: 0.992979
53550: 0.992979
53551: 0.992979
53552: 0.992979
53553: 0.992979
53554: 0.992979
53555: 0.992979
53556: 0.992979
53557: 0.99298
53558: 0.99298
53559: 0.99298
53560: 0.99298
53561: 0.99298
53562: 0.99298
53563: 0.99298
53564: 0.99298
53565: 0.992981
53566: 0.992981
53567: 0.992981
53568: 0.992981
53569: 0.992981
53570: 0.992981
53571: 0.992981
53572: 0.992982
53573: 0.992982
53574: 0.992982
53575: 0.992982
53576: 0.992982
53577: 0.992982
53578: 0.992982
53579: 0.992982
53580: 0.992983
53581: 0.992983
53582: 0.992983
53583: 0.992983
53584: 0.992983
53585: 0.992965
53586: 0.992965
53587: 0.992965
53588: 0.992965
53589: 0.992965
53590: 0.992965
53591: 0.992965
53592: 0.992965
53593: 0.992966
53594: 0.992966
53595: 0.992966
53596: 0.992966
53597: 0.992966
53598: 0.992966
53599: 0.992966
53600: 0.992967
53601: 0.992967
53602: 0.992967
53603: 0.992967
53604: 0.992967
53605: 0.992967
53606: 0.992949
53607: 0.992949
53608: 0.992949
53609: 0.992949
53610: 0.992949
53611: 0.992949
53612: 0.992949
53613: 0.99295
53614: 0.99295
53615: 0.99295
53616: 0.99295
53617: 0.99295
53618: 0.99295
53619: 0.99295
53620: 0.992951
53621: 0.992951
53622: 0.992951
53623: 0.992951
53624: 0.992951
53625: 0.992951
53626: 0.992951
53627: 0.992951
53628: 0.992952
53629: 0.992952
53630: 0.992952
53631: 0.992952
53632: 0.992952
53633: 0.992952
53634: 0.992952
53635: 0.992952
53636: 0.992953
53637: 0.992953
53638: 0.992953
53639: 0.992953
53640: 0.992953
53641: 0.992953
53642: 0.992953
53643: 0.992954
53644: 0.992954
53645: 0.992954
53646: 0.992954
53647: 0.992954
53648: 0.992954
53649: 0.992954
53650: 0.992954
53651: 0.992955
53652: 0.992955
53653: 0.992955
53654: 0.992955
53655: 0.992955
53656: 0.992955
53657: 0.992955
53658: 0.992956
53659: 0.992956
53660: 0.992956
53661: 0.992956
53662: 0.992956
53663: 0.992956
53664: 0.992956
53665: 0.992956
53666: 0.992957
53667: 0.992957
53668: 0.992957
53669: 0.992957
53670: 0.992957
53671: 0.992957
53672: 0.992957
53673: 0.992957
53674: 0.992958
53675: 0.992958
53676: 0.992958
53677: 0.992958
53678: 0.992958
53679: 0.992958
53680: 0.992958
53681: 0.992959
53682: 0.992959
53683: 0.992959
53684: 0.992959
53685: 0.992959
53686: 0.992959
53687: 0.992959
53688: 0.992959
53689: 0.99296
53690: 0.99296
53691: 0.99296
53692: 0.99296
53693: 0.99296
53694: 0.99296
53695: 0.99296
53696: 0.992961
53697: 0.992961
53698: 0.992961
53699: 0.992961
53700: 0.992961
53701: 0.992961
53702: 0.992961
53703: 0.992961
53704: 0.992962
53705: 0.992962
53706: 0.992962
53707: 0.992962
53708: 0.992962
53709: 0.992962
53710: 0.992962
53711: 0.992962
53712: 0.992963
53713: 0.992963
53714: 0.992963
53715: 0.992963
53716: 0.992963
53717: 0.992963
53718: 0.992963
53719: 0.992964
53720: 0.992964
53721: 0.992964
53722: 0.992964
53723: 0.992964
53724: 0.992964
53725: 0.992964
53726: 0.992964
53727: 0.992965
53728: 0.992965
53729: 0.992965
53730: 0.992965
53731: 0.992965
53732: 0.992965
53733: 0.992965
53734: 0.992965
53735: 0.992966
53736: 0.992966
53737: 0.992966
53738: 0.992966
53739: 0.992966
53740: 0.992966
53741: 0.992966
53742: 0.992967
53743: 0.992967
53744: 0.992967
53745: 0.992967
53746: 0.992967
53747: 0.992967
53748: 0.992967
53749: 0.992967
53750: 0.992968
53751: 0.992968
53752: 0.992968
53753: 0.992968
53754: 0.992968
53755: 0.992968
53756: 0.992968
53757: 0.992968
53758: 0.992969
53759: 0.992969
53760: 0.992969
53761: 0.992969
53762: 0.992969
53763: 0.992969
53764: 0.992969
53765: 0.99297
53766: 0.99297
53767: 0.99297
53768: 0.99297
53769: 0.99297
53770: 0.99297
53771: 0.99297
53772: 0.99297
53773: 0.992971
53774: 0.992971
53775: 0.992971
53776: 0.992971
53777: 0.992971
53778: 0.992971
53779: 0.992971
53780: 0.992971
53781: 0.992972
53782: 0.992972
53783: 0.992972
53784: 0.992972
53785: 0.992972
53786: 0.992972
53787: 0.992972
53788: 0.992973
53789: 0.992973
53790: 0.992973
53791: 0.992973
53792: 0.992973
53793: 0.992973
53794: 0.992973
53795: 0.992973
53796: 0.992974
53797: 0.992974
53798: 0.992974
53799: 0.992974
53800: 0.992974
53801: 0.992974
53802: 0.992974
53803: 0.992975
53804: 0.992975
53805: 0.992975
53806: 0.992975
53807: 0.992975
53808: 0.992975
53809: 0.992975
53810: 0.992975
53811: 0.992976
53812: 0.992976
53813: 0.992976
53814: 0.992976
53815: 0.992976
53816: 0.992976
53817: 0.992976
53818: 0.992976
53819: 0.992977
53820: 0.992977
53821: 0.992977
53822: 0.992977
53823: 0.992977
53824: 0.992977
53825: 0.992977
53826: 0.992978
53827: 0.992978
53828: 0.992978
53829: 0.992978
53830: 0.992978
53831: 0.992978
53832: 0.992978
53833: 0.992978
53834: 0.992979
53835: 0.992979
53836: 0.992979
53837: 0.992979
53838: 0.992979
53839: 0.992979
53840: 0.992961
53841: 0.992942
53842: 0.992942
53843: 0.992943
53844: 0.992943
53845: 0.992943
53846: 0.992943
53847: 0.992943
53848: 0.992943
53849: 0.992943
53850: 0.992943
53851: 0.992944
53852: 0.992944
53853: 0.992944
53854: 0.992944
53855: 0.992944
53856: 0.992944
53857: 0.992944
53858: 0.992945
53859: 0.992945
53860: 0.992945
53861: 0.992945
53862: 0.992945
53863: 0.992945
53864: 0.992945
53865: 0.992945
53866: 0.992946
53867: 0.992946
53868: 0.992946
53869: 0.992946
53870: 0.992946
53871: 0.992946
53872: 0.992946
53873: 0.992947
53874: 0.992947
53875: 0.992947
53876: 0.992947
53877: 0.992947
53878: 0.992947
53879: 0.992947
53880: 0.992929
53881: 0.992929
53882: 0.992929
53883: 0.992929
53884: 0.992929
53885: 0.99293
53886: 0.99293
53887: 0.99293
53888: 0.99293
53889: 0.99293
53890: 0.99293
53891: 0.99293
53892: 0.99293
53893: 0.992931
53894: 0.992931
53895: 0.992931
53896: 0.992931
53897: 0.992931
53898: 0.992931
53899: 0.992931
53900: 0.992931
53901: 0.992932
53902: 0.992932
53903: 0.992932
53904: 0.992932
53905: 0.992932
53906: 0.992932
53907: 0.992932
53908: 0.992933
53909: 0.992933
53910: 0.992933
53911: 0.992933
53912: 0.992933
53913: 0.992933
53914: 0.992933
53915: 0.992933
53916: 0.992934
53917: 0.992934
53918: 0.992934
53919: 0.992934
53920: 0.992934
53921: 0.992934
53922: 0.992934
53923: 0.992935
53924: 0.992935
53925: 0.992935
53926: 0.992935
53927: 0.992935
53928: 0.992935
53929: 0.992935
53930: 0.992935
53931: 0.992936
53932: 0.992936
53933: 0.992936
53934: 0.992936
53935: 0.992936
53936: 0.992936
53937: 0.992936
53938: 0.992936
53939: 0.992937
53940: 0.992937
53941: 0.992937
53942: 0.992937
53943: 0.992937
53944: 0.992937
53945: 0.992937
53946: 0.992938
53947: 0.992938
53948: 0.992938
53949: 0.992938
53950: 0.992938
53951: 0.992938
53952: 0.992938
53953: 0.992938
53954: 0.992939
53955: 0.992939
53956: 0.992939
53957: 0.992939
53958: 0.992939
53959: 0.992939
53960: 0.992939
53961: 0.992939
53962: 0.99294
53963: 0.99294
53964: 0.99294
53965: 0.99294
53966: 0.99294
53967: 0.99294
53968: 0.99294
53969: 0.992941
53970: 0.992941
53971: 0.992941
53972: 0.992941
53973: 0.992941
53974: 0.992941
53975: 0.992941
53976: 0.992941
53977: 0.992942
53978: 0.992942
53979: 0.992942
53980: 0.992942
53981: 0.992942
53982: 0.992942
53983: 0.992942
53984: 0.992942
53985: 0.992943
53986: 0.992943
53987: 0.992943
53988: 0.992943
53989: 0.992943
53990: 0.992943
53991: 0.992943
53992: 0.992944
53993: 0.992944
53994: 0.992944
53995: 0.992944
53996: 0.992944
53997: 0.992944
53998: 0.992944
53999: 0.992944
54000: 0.992945
54001: 0.992945
54002: 0.992945
54003: 0.992945
54004: 0.992945
54005: 0.992945
54006: 0.992945
54007: 0.992945
54008: 0.992946
54009: 0.992946
54010: 0.992946
54011: 0.992946
54012: 0.992946
54013: 0.992946
54014: 0.992946
54015: 0.992947
54016: 0.992947
54017: 0.992947
54018: 0.992947
54019: 0.992947
54020: 0.992947
54021: 0.992947
54022: 0.992947
54023: 0.992948
54024: 0.992948
54025: 0.992948
54026: 0.992948
54027: 0.992948
54028: 0.992948
54029: 0.992948
54030: 0.992948
54031: 0.992949
54032: 0.992949
54033: 0.992949
54034: 0.992949
54035: 0.992949
54036: 0.992949
54037: 0.992949
54038: 0.99295
54039: 0.99295
54040: 0.99295
54041: 0.99295
54042: 0.99295
54043: 0.99295
54044: 0.99295
54045: 0.99295
54046: 0.992951
54047: 0.992951
54048: 0.992951
54049: 0.992951
54050: 0.992951
54051: 0.992951
54052: 0.992951
54053: 0.992951
54054: 0.992952
54055: 0.992952
54056: 0.992952
54057: 0.992952
54058: 0.992952
54059: 0.992952
54060: 0.992952
54061: 0.992953
54062: 0.992953
54063: 0.992953
54064: 0.992953
54065: 0.992953
54066: 0.992953
54067: 0.992953
54068: 0.992953
54069: 0.992954
54070: 0.992954
54071: 0.992954
54072: 0.992954
54073: 0.992954
54074: 0.992954
54075: 0.992954
54076: 0.992954
54077: 0.992955
54078: 0.992955
54079: 0.992955
54080: 0.992955
54081: 0.992955
54082: 0.992955
54083: 0.992955
54084: 0.992956
54085: 0.992956
54086: 0.992956
54087: 0.992956
54088: 0.992956
54089: 0.992956
54090: 0.992956
54091: 0.992956
54092: 0.992957
54093: 0.992957
54094: 0.992957
54095: 0.992957
54096: 0.992957
54097: 0.992957
54098: 0.992957
54099: 0.992957
54100: 0.992958
54101: 0.992958
54102: 0.992958
54103: 0.992958
54104: 0.992958
54105: 0.992958
54106: 0.992958
54107: 0.992959
54108: 0.992959
54109: 0.992959
54110: 0.992959
54111: 0.992959
54112: 0.992959
54113: 0.992959
54114: 0.992959
54115: 0.99296
54116: 0.99296
54117: 0.99296
54118: 0.99296
54119: 0.99296
54120: 0.99296
54121: 0.99296
54122: 0.99296
54123: 0.992961
54124: 0.992961
54125: 0.992961
54126: 0.992961
54127: 0.992961
54128: 0.992961
54129: 0.992961
54130: 0.992962
54131: 0.992962
54132: 0.992962
54133: 0.992962
54134: 0.992962
54135: 0.992962
54136: 0.992962
54137: 0.992962
54138: 0.992963
54139: 0.992963
54140: 0.992963
54141: 0.992963
54142: 0.992963
54143: 0.992963
54144: 0.992963
54145: 0.992963
54146: 0.992964
54147: 0.992964
54148: 0.992964
54149: 0.992964
54150: 0.992964
54151: 0.992964
54152: 0.992964
54153: 0.992965
54154: 0.992965
54155: 0.992965
54156: 0.992965
54157: 0.992965
54158: 0.992965
54159: 0.992965
54160: 0.992965
54161: 0.992966
54162: 0.992966
54163: 0.992966
54164: 0.992966
54165: 0.992966
54166: 0.992966
54167: 0.992966
54168: 0.992966
54169: 0.992967
54170: 0.992967
54171: 0.992967
54172: 0.992967
54173: 0.992967
54174: 0.992967
54175: 0.992967
54176: 0.992967
54177: 0.992968
54178: 0.992968
54179: 0.992968
54180: 0.992968
54181: 0.992968
54182: 0.992968
54183: 0.992968
54184: 0.992969
54185: 0.992969
54186: 0.992969
54187: 0.992969
54188: 0.992969
54189: 0.992969
54190: 0.992969
54191: 0.992969
54192: 0.99297
54193: 0.99297
54194: 0.99297
54195: 0.99297
54196: 0.99297
54197: 0.99297
54198: 0.99297
54199: 0.99297
54200: 0.992971
54201: 0.992971
54202: 0.992971
54203: 0.992971
54204: 0.992971
54205: 0.992971
54206: 0.992971
54207: 0.992972
54208: 0.992972
54209: 0.992972
54210: 0.992972
54211: 0.992972
54212: 0.992972
54213: 0.992972
54214: 0.992972
54215: 0.992973
54216: 0.992973
54217: 0.992973
54218: 0.992973
54219: 0.992973
54220: 0.992973
54221: 0.992973
54222: 0.992973
54223: 0.992974
54224: 0.992974
54225: 0.992974
54226: 0.992974
54227: 0.992974
54228: 0.992974
54229: 0.992974
54230: 0.992974
54231: 0.992975
54232: 0.992975
54233: 0.992975
54234: 0.992975
54235: 0.992975
54236: 0.992975
54237: 0.992975
54238: 0.992976
54239: 0.992976
54240: 0.992976
54241: 0.992976
54242: 0.992976
54243: 0.992976
54244: 0.992976
54245: 0.992976
54246: 0.992977
54247: 0.992977
54248: 0.992977
54249: 0.992977
54250: 0.992977
54251: 0.992977
54252: 0.992977
54253: 0.992977
54254: 0.992978
54255: 0.992978
54256: 0.992978
54257: 0.992978
54258: 0.992978
54259: 0.992978
54260: 0.992978
54261: 0.992979
54262: 0.992979
54263: 0.992979
54264: 0.992979
54265: 0.992979
54266: 0.992979
54267: 0.992979
54268: 0.992979
54269: 0.99298
54270: 0.99298
54271: 0.99298
54272: 0.99298
54273: 0.99298
54274: 0.99298
54275: 0.99298
54276: 0.99298
54277: 0.992981
54278: 0.992981
54279: 0.992981
54280: 0.992981
54281: 0.992981
54282: 0.992981
54283: 0.992981
54284: 0.992981
54285: 0.992982
54286: 0.992982
54287: 0.992982
54288: 0.992982
54289: 0.992982
54290: 0.992982
54291: 0.992982
54292: 0.992983
54293: 0.992983
54294: 0.992983
54295: 0.992983
54296: 0.992983
54297: 0.992983
54298: 0.992983
54299: 0.992983
54300: 0.992984
54301: 0.992984
54302: 0.992984
54303: 0.992984
54304: 0.992984
54305: 0.992984
54306: 0.992984
54307: 0.992984
54308: 0.992985
54309: 0.992985
54310: 0.992985
54311: 0.992985
54312: 0.992985
54313: 0.992985
54314: 0.992985
54315: 0.992985
54316: 0.992986
54317: 0.992986
54318: 0.992986
54319: 0.992986
54320: 0.992986
54321: 0.992986
54322: 0.992986
54323: 0.992987
54324: 0.992987
54325: 0.992987
54326: 0.992987
54327: 0.992987
54328: 0.992987
54329: 0.992987
54330: 0.992987
54331: 0.992988
54332: 0.992988
54333: 0.992988
54334: 0.992988
54335: 0.992988
54336: 0.992988
54337: 0.992988
54338: 0.992988
54339: 0.992989
54340: 0.992989
54341: 0.992989
54342: 0.992989
54343: 0.992989
54344: 0.992989
54345: 0.992989
54346: 0.992989
54347: 0.99299
54348: 0.99299
54349: 0.99299
54350: 0.99299
54351: 0.99299
54352: 0.99299
54353: 0.99299
54354: 0.992991
54355: 0.992991
54356: 0.992991
54357: 0.992991
54358: 0.992991
54359: 0.992991
54360: 0.992991
54361: 0.992991
54362: 0.992992
54363: 0.992992
54364: 0.992992
54365: 0.992992
54366: 0.992992
54367: 0.992992
54368: 0.992992
54369: 0.992992
54370: 0.992993
54371: 0.992993
54372: 0.992993
54373: 0.992993
54374: 0.992993
54375: 0.992993
54376: 0.992993
54377: 0.992993
54378: 0.992994
54379: 0.992994
54380: 0.992994
54381: 0.992994
54382: 0.992994
54383: 0.992994
54384: 0.992994
54385: 0.992995
54386: 0.992995
54387: 0.992995
54388: 0.992995
54389: 0.992995
54390: 0.992995
54391: 0.992995
54392: 0.992995
54393: 0.992996
54394: 0.992996
54395: 0.992996
54396: 0.992996
54397: 0.992996
54398: 0.992996
54399: 0.992996
54400: 0.992996
54401: 0.992997
54402: 0.992997
54403: 0.992997
54404: 0.992997
54405: 0.992997
54406: 0.992997
54407: 0.992997
54408: 0.992997
54409: 0.992998
54410: 0.992998
54411: 0.992998
54412: 0.992998
54413: 0.992998
54414: 0.992998
54415: 0.992998
54416: 0.992999
54417: 0.992999
54418: 0.992999
54419: 0.992999
54420: 0.992999
54421: 0.992999
54422: 0.992999
54423: 0.992999
54424: 0.993
54425: 0.993
54426: 0.993
54427: 0.993
54428: 0.993
54429: 0.993
54430: 0.993
54431: 0.993
54432: 0.993001
54433: 0.993001
54434: 0.993001
54435: 0.993001
54436: 0.993001
54437: 0.993001
54438: 0.993001
54439: 0.993001
54440: 0.993002
54441: 0.993002
54442: 0.993002
54443: 0.993002
54444: 0.992984
54445: 0.992984
54446: 0.992984
54447: 0.992984
54448: 0.992984
54449: 0.992984
54450: 0.992985
54451: 0.992985
54452: 0.992985
54453: 0.992985
54454: 0.992985
54455: 0.992985
54456: 0.992985
54457: 0.992985
54458: 0.992986
54459: 0.992986
54460: 0.992986
54461: 0.992986
54462: 0.992986
54463: 0.992986
54464: 0.992986
54465: 0.992986
54466: 0.992987
54467: 0.992987
54468: 0.992987
54469: 0.992987
54470: 0.992987
54471: 0.992987
54472: 0.992987
54473: 0.992987
54474: 0.992988
54475: 0.992988
54476: 0.992988
54477: 0.992988
54478: 0.992988
54479: 0.992988
54480: 0.992988
54481: 0.992989
54482: 0.992989
54483: 0.992989
54484: 0.992989
54485: 0.992989
54486: 0.992989
54487: 0.992989
54488: 0.992989
54489: 0.99299
54490: 0.99299
54491: 0.99299
54492: 0.99299
54493: 0.99299
54494: 0.99299
54495: 0.99299
54496: 0.99299
54497: 0.992991
54498: 0.992991
54499: 0.992991
54500: 0.992991
54501: 0.992991
54502: 0.992991
54503: 0.992991
54504: 0.992991
54505: 0.992992
54506: 0.992992
54507: 0.992992
54508: 0.992992
54509: 0.992992
54510: 0.992992
54511: 0.992992
54512: 0.992992
54513: 0.992993
54514: 0.992993
54515: 0.992993
54516: 0.992993
54517: 0.992993
54518: 0.992993
54519: 0.992993
54520: 0.992994
54521: 0.992994
54522: 0.992994
54523: 0.992994
54524: 0.992994
54525: 0.992994
54526: 0.992994
54527: 0.992994
54528: 0.992995
54529: 0.992995
54530: 0.992995
54531: 0.992995
54532: 0.992995
54533: 0.992995
54534: 0.992995
54535: 0.992995
54536: 0.992996
54537: 0.992996
54538: 0.992996
54539: 0.992996
54540: 0.992996
54541: 0.992996
54542: 0.992996
54543: 0.992996
54544: 0.992997
54545: 0.992997
54546: 0.992997
54547: 0.992997
54548: 0.992997
54549: 0.992997
54550: 0.992997
54551: 0.992998
54552: 0.992998
54553: 0.992998
54554: 0.992998
54555: 0.992998
54556: 0.992998
54557: 0.992998
54558: 0.992998
54559: 0.992999
54560: 0.992999
54561: 0.992999
54562: 0.992999
54563: 0.992999
54564: 0.992999
54565: 0.992999
54566: 0.992999
54567: 0.993
54568: 0.993
54569: 0.993
54570: 0.993
54571: 0.993
54572: 0.993
54573: 0.993
54574: 0.993
54575: 0.993001
54576: 0.993001
54577: 0.993001
54578: 0.993001
54579: 0.993001
54580: 0.993001
54581: 0.993001
54582: 0.993001
54583: 0.993002
54584: 0.993002
54585: 0.993002
54586: 0.993002
54587: 0.993002
54588: 0.993002
54589: 0.993002
54590: 0.993003
54591: 0.993003
54592: 0.993003
54593: 0.993003
54594: 0.993003
54595: 0.993003
54596: 0.993003
54597: 0.993003
54598: 0.993004
54599: 0.993004
54600: 0.993004
54601: 0.993004
54602: 0.993004
54603: 0.993004
54604: 0.993004
54605: 0.993004
54606: 0.993005
54607: 0.993005
54608: 0.993005
54609: 0.993005
54610: 0.993005
54611: 0.993005
54612: 0.993005
54613: 0.993005
54614: 0.993006
54615: 0.993006
54616: 0.993006
54617: 0.993006
54618: 0.993006
54619: 0.993006
54620: 0.993006
54621: 0.993006
54622: 0.993007
54623: 0.993007
54624: 0.993007
54625: 0.993007
54626: 0.993007
54627: 0.993007
54628: 0.993007
54629: 0.993008
54630: 0.993008
54631: 0.993008
54632: 0.993008
54633: 0.993008
54634: 0.993008
54635: 0.993008
54636: 0.993008
54637: 0.993009
54638: 0.993009
54639: 0.993009
54640: 0.993009
54641: 0.993009
54642: 0.993009
54643: 0.993009
54644: 0.993009
54645: 0.99301
54646: 0.99301
54647: 0.99301
54648: 0.99301
54649: 0.99301
54650: 0.99301
54651: 0.99301
54652: 0.99301
54653: 0.993011
54654: 0.993011
54655: 0.993011
54656: 0.993011
54657: 0.993011
54658: 0.993011
54659: 0.993011
54660: 0.993011
54661: 0.993012
54662: 0.993012
54663: 0.993012
54664: 0.993012
54665: 0.993012
54666: 0.993012
54667: 0.993012
54668: 0.993012
54669: 0.993013
54670: 0.993013
54671: 0.993013
54672: 0.993013
54673: 0.993013
54674: 0.993013
54675: 0.993013
54676: 0.993014
54677: 0.993014
54678: 0.993014
54679: 0.993014
54680: 0.993014
54681: 0.993014
54682: 0.993014
54683: 0.993014
54684: 0.993015
54685: 0.993015
54686: 0.993015
54687: 0.993015
54688: 0.993015
54689: 0.993015
54690: 0.993015
54691: 0.993015
54692: 0.993016
54693: 0.993016
54694: 0.993016
54695: 0.993016
54696: 0.993016
54697: 0.993016
54698: 0.993016
54699: 0.993016
54700: 0.993017
54701: 0.993017
54702: 0.993017
54703: 0.993017
54704: 0.993017
54705: 0.993017
54706: 0.993017
54707: 0.993017
54708: 0.993018
54709: 0.993018
54710: 0.993018
54711: 0.993018
54712: 0.993018
54713: 0.993018
54714: 0.993018
54715: 0.993018
54716: 0.993019
54717: 0.993019
54718: 0.993019
54719: 0.993019
54720: 0.993019
54721: 0.993019
54722: 0.993019
54723: 0.99302
54724: 0.99302
54725: 0.99302
54726: 0.99302
54727: 0.99302
54728: 0.99302
54729: 0.99302
54730: 0.99302
54731: 0.993021
54732: 0.993021
54733: 0.993021
54734: 0.993021
54735: 0.993021
54736: 0.993021
54737: 0.993021
54738: 0.993021
54739: 0.993022
54740: 0.993022
54741: 0.993022
54742: 0.993022
54743: 0.993022
54744: 0.993022
54745: 0.993022
54746: 0.993022
54747: 0.993023
54748: 0.993023
54749: 0.993023
54750: 0.993023
54751: 0.993023
54752: 0.993023
54753: 0.993023
54754: 0.993023
54755: 0.993024
54756: 0.993024
54757: 0.993024
54758: 0.993024
54759: 0.993024
54760: 0.993024
54761: 0.993024
54762: 0.993024
54763: 0.993025
54764: 0.993025
54765: 0.993025
54766: 0.993025
54767: 0.993025
54768: 0.993025
54769: 0.993025
54770: 0.993026
54771: 0.993026
54772: 0.993026
54773: 0.993026
54774: 0.993026
54775: 0.993026
54776: 0.993026
54777: 0.993026
54778: 0.993027
54779: 0.993027
54780: 0.993027
54781: 0.993027
54782: 0.993027
54783: 0.993027
54784: 0.993027
54785: 0.993027
54786: 0.993028
54787: 0.993028
54788: 0.993028
54789: 0.993028
54790: 0.993028
54791: 0.993028
54792: 0.993028
54793: 0.993028
54794: 0.993029
54795: 0.993029
54796: 0.993029
54797: 0.993029
54798: 0.993029
54799: 0.993029
54800: 0.993029
54801: 0.993029
54802: 0.99303
54803: 0.99303
54804: 0.99303
54805: 0.99303
54806: 0.99303
54807: 0.99303
54808: 0.99303
54809: 0.99303
54810: 0.993031
54811: 0.993031
54812: 0.993031
54813: 0.993031
54814: 0.993031
54815: 0.993031
54816: 0.993031
54817: 0.993031
54818: 0.993032
54819: 0.993032
54820: 0.993032
54821: 0.993032
54822: 0.993032
54823: 0.993032
54824: 0.993032
54825: 0.993033
54826: 0.993033
54827: 0.993033
54828: 0.993033
54829: 0.993033
54830: 0.993033
54831: 0.993033
54832: 0.993033
54833: 0.993034
54834: 0.993034
54835: 0.993034
54836: 0.993034
54837: 0.993034
54838: 0.993034
54839: 0.993034
54840: 0.993034
54841: 0.993035
54842: 0.993035
54843: 0.993035
54844: 0.993035
54845: 0.993035
54846: 0.993035
54847: 0.993035
54848: 0.993035
54849: 0.993036
54850: 0.993036
54851: 0.993036
54852: 0.993036
54853: 0.993036
54854: 0.993036
54855: 0.993036
54856: 0.993036
54857: 0.993037
54858: 0.993037
54859: 0.993037
54860: 0.993037
54861: 0.993037
54862: 0.993037
54863: 0.993037
54864: 0.993037
54865: 0.993038
54866: 0.993038
54867: 0.993038
54868: 0.993038
54869: 0.993038
54870: 0.993038
54871: 0.993038
54872: 0.993038
54873: 0.993039
54874: 0.993039
54875: 0.993039
54876: 0.993039
54877: 0.993039
54878: 0.993039
54879: 0.993039
54880: 0.993039
54881: 0.99304
54882: 0.99304
54883: 0.99304
54884: 0.99304
54885: 0.99304
54886: 0.99304
54887: 0.99304
54888: 0.99304
54889: 0.993041
54890: 0.993041
54891: 0.993041
54892: 0.993041
54893: 0.993041
54894: 0.993041
54895: 0.993041
54896: 0.993042
54897: 0.993042
54898: 0.993042
54899: 0.993042
54900: 0.993042
54901: 0.993042
54902: 0.993042
54903: 0.993042
54904: 0.993043
54905: 0.993043
54906: 0.993043
54907: 0.993043
54908: 0.993043
54909: 0.993043
54910: 0.993043
54911: 0.993043
54912: 0.993044
54913: 0.993044
54914: 0.993044
54915: 0.993044
54916: 0.993044
54917: 0.993044
54918: 0.993044
54919: 0.993044
54920: 0.993045
54921: 0.993045
54922: 0.993045
54923: 0.993045
54924: 0.993045
54925: 0.993045
54926: 0.993045
54927: 0.993045
54928: 0.993046
54929: 0.993046
54930: 0.993046
54931: 0.993046
54932: 0.993046
54933: 0.993046
54934: 0.993046
54935: 0.993046
54936: 0.993047
54937: 0.993047
54938: 0.993047
54939: 0.993047
54940: 0.993047
54941: 0.993047
54942: 0.993047
54943: 0.993047
54944: 0.993048
54945: 0.993048
54946: 0.993048
54947: 0.993048
54948: 0.993048
54949: 0.993048
54950: 0.993048
54951: 0.993048
54952: 0.993049
54953: 0.993049
54954: 0.993049
54955: 0.993049
54956: 0.993049
54957: 0.993049
54958: 0.993049
54959: 0.993049
54960: 0.99305
54961: 0.99305
54962: 0.99305
54963: 0.99305
54964: 0.99305
54965: 0.99305
54966: 0.99305
54967: 0.993051
54968: 0.993051
54969: 0.993051
54970: 0.993051
54971: 0.993051
54972: 0.993051
54973: 0.993051
54974: 0.993051
54975: 0.993052
54976: 0.993052
54977: 0.993052
54978: 0.993052
54979: 0.993052
54980: 0.993052
54981: 0.993052
54982: 0.993052
54983: 0.993053
54984: 0.993053
54985: 0.993053
54986: 0.993053
54987: 0.993053
54988: 0.993053
54989: 0.993053
54990: 0.993053
54991: 0.993054
54992: 0.993054
54993: 0.993054
54994: 0.993054
54995: 0.993054
54996: 0.993054
54997: 0.993054
54998: 0.993054
54999: 0.993055
55000: 0.993055
55001: 0.993055
55002: 0.993055
55003: 0.993055
55004: 0.993055
55005: 0.993055
55006: 0.993055
55007: 0.993056
55008: 0.993056
55009: 0.993056
55010: 0.993056
55011: 0.993056
55012: 0.993056
55013: 0.993056
55014: 0.993056
55015: 0.993057
55016: 0.993057
55017: 0.993057
55018: 0.993057
55019: 0.993057
55020: 0.993057
55021: 0.993057
55022: 0.993057
55023: 0.993058
55024: 0.993058
55025: 0.993058
55026: 0.993058
55027: 0.993058
55028: 0.993058
55029: 0.993058
55030: 0.993058
55031: 0.993059
55032: 0.993059
55033: 0.993059
55034: 0.993059
55035: 0.993059
55036: 0.993059
55037: 0.993059
55038: 0.993059
55039: 0.99306
55040: 0.99306
55041: 0.99306
55042: 0.99306
55043: 0.99306
55044: 0.99306
55045: 0.99306
55046: 0.99306
55047: 0.993061
55048: 0.993061
55049: 0.993061
55050: 0.993061
55051: 0.993061
55052: 0.993061
55053: 0.993061
55054: 0.993061
55055: 0.993062
55056: 0.993062
55057: 0.993062
55058: 0.993062
55059: 0.993062
55060: 0.993062
55061: 0.993062
55062: 0.993062
55063: 0.993063
55064: 0.993063
55065: 0.993063
55066: 0.993063
55067: 0.993063
55068: 0.993063
55069: 0.993063
55070: 0.993063
55071: 0.993064
55072: 0.993064
55073: 0.993064
55074: 0.993064
55075: 0.993064
55076: 0.993064
55077: 0.993064
55078: 0.993065
55079: 0.993065
55080: 0.993065
55081: 0.993065
55082: 0.993065
55083: 0.993065
55084: 0.993065
55085: 0.993065
55086: 0.993066
55087: 0.993066
55088: 0.993066
55089: 0.993066
55090: 0.993066
55091: 0.993066
55092: 0.993066
55093: 0.993066
55094: 0.993067
55095: 0.993067
55096: 0.993067
55097: 0.993067
55098: 0.993067
55099: 0.993067
55100: 0.993067
55101: 0.993067
55102: 0.993068
55103: 0.993068
55104: 0.993068
55105: 0.993068
55106: 0.993068
55107: 0.993068
55108: 0.993068
55109: 0.993068
55110: 0.993069
55111: 0.993069
55112: 0.993069
55113: 0.993069
55114: 0.993069
55115: 0.993069
55116: 0.993069
55117: 0.993069
55118: 0.99307
55119: 0.99307
55120: 0.99307
55121: 0.99307
55122: 0.99307
55123: 0.99307
55124: 0.99307
55125: 0.99307
55126: 0.993071
55127: 0.993071
55128: 0.993071
55129: 0.993071
55130: 0.993071
55131: 0.993071
55132: 0.993071
55133: 0.993071
55134: 0.993072
55135: 0.993072
55136: 0.993072
55137: 0.993072
55138: 0.993072
55139: 0.993072
55140: 0.993072
55141: 0.993072
55142: 0.993073
55143: 0.993073
55144: 0.993073
55145: 0.993073
55146: 0.993073
55147: 0.993073
55148: 0.993073
55149: 0.993073
55150: 0.993074
55151: 0.993074
55152: 0.993074
55153: 0.993074
55154: 0.993074
55155: 0.993074
55156: 0.993074
55157: 0.993074
55158: 0.993075
55159: 0.993075
55160: 0.993075
55161: 0.993075
55162: 0.993075
55163: 0.993075
55164: 0.993075
55165: 0.993075
55166: 0.993076
55167: 0.993076
55168: 0.993076
55169: 0.993076
55170: 0.993076
55171: 0.993076
55172: 0.993076
55173: 0.993076
55174: 0.993077
55175: 0.993077
55176: 0.993077
55177: 0.993077
55178: 0.993077
55179: 0.993077
55180: 0.993077
55181: 0.993077
55182: 0.993078
55183: 0.993078
55184: 0.993078
55185: 0.993078
55186: 0.993078
55187: 0.993078
55188: 0.993078
55189: 0.993078
55190: 0.993079
55191: 0.993079
55192: 0.993079
55193: 0.993079
55194: 0.993079
55195: 0.993079
55196: 0.993079
55197: 0.993079
55198: 0.99308
55199: 0.99308
55200: 0.99308
55201: 0.99308
55202: 0.99308
55203: 0.99308
55204: 0.99308
55205: 0.99308
55206: 0.993081
55207: 0.993081
55208: 0.993081
55209: 0.993081
55210: 0.993081
55211: 0.993081
55212: 0.993081
55213: 0.993081
55214: 0.993082
55215: 0.993082
55216: 0.993082
55217: 0.993082
55218: 0.993082
55219: 0.993082
55220: 0.993082
55221: 0.993082
55222: 0.993083
55223: 0.993083
55224: 0.993083
55225: 0.993083
55226: 0.993083
55227: 0.993083
55228: 0.993083
55229: 0.993083
55230: 0.993084
55231: 0.993084
55232: 0.993084
55233: 0.993084
55234: 0.993084
55235: 0.993084
55236: 0.993084
55237: 0.993084
55238: 0.993085
55239: 0.993085
55240: 0.993085
55241: 0.993085
55242: 0.993085
55243: 0.993085
55244: 0.993085
55245: 0.993085
55246: 0.993086
55247: 0.993086
55248: 0.993086
55249: 0.993086
55250: 0.993086
55251: 0.993086
55252: 0.993086
55253: 0.993086
55254: 0.993087
55255: 0.993087
55256: 0.993087
55257: 0.993087
55258: 0.993087
55259: 0.993087
55260: 0.993087
55261: 0.993087
55262: 0.993088
55263: 0.993088
55264: 0.993088
55265: 0.993088
55266: 0.993088
55267: 0.993088
55268: 0.993088
55269: 0.993088
55270: 0.993089
55271: 0.993089
55272: 0.993089
55273: 0.993089
55274: 0.993089
55275: 0.993089
55276: 0.993089
55277: 0.993089
55278: 0.99309
55279: 0.99309
55280: 0.99309
55281: 0.99309
55282: 0.99309
55283: 0.99309
55284: 0.99309
55285: 0.99309
55286: 0.993091
55287: 0.993091
55288: 0.993091
55289: 0.993091
55290: 0.993091
55291: 0.993091
55292: 0.993091
55293: 0.993091
55294: 0.993092
55295: 0.993092
55296: 0.993092
55297: 0.993092
55298: 0.993092
55299: 0.993074
55300: 0.993074
55301: 0.993074
55302: 0.993075
55303: 0.993075
55304: 0.993075
55305: 0.993075
55306: 0.993075
55307: 0.993075
55308: 0.993075
55309: 0.993075
55310: 0.993076
55311: 0.993076
55312: 0.993076
55313: 0.993076
55314: 0.993076
55315: 0.993076
55316: 0.993076
55317: 0.993076
55318: 0.993077
55319: 0.993077
55320: 0.993077
55321: 0.993077
55322: 0.993077
55323: 0.993077
55324: 0.993077
55325: 0.993077
55326: 0.993078
55327: 0.993078
55328: 0.993078
55329: 0.993078
55330: 0.993078
55331: 0.993078
55332: 0.993078
55333: 0.993078
55334: 0.993079
55335: 0.993079
55336: 0.993079
55337: 0.993079
55338: 0.993079
55339: 0.993079
55340: 0.993079
55341: 0.993079
55342: 0.99308
55343: 0.99308
55344: 0.99308
55345: 0.99308
55346: 0.99308
55347: 0.99308
55348: 0.99308
55349: 0.99308
55350: 0.993081
55351: 0.993081
55352: 0.993081
55353: 0.993081
55354: 0.993081
55355: 0.993081
55356: 0.993081
55357: 0.993081
55358: 0.993082
55359: 0.993082
55360: 0.993082
55361: 0.993082
55362: 0.993082
55363: 0.993082
55364: 0.993082
55365: 0.993082
55366: 0.993083
55367: 0.993083
55368: 0.993083
55369: 0.993083
55370: 0.993083
55371: 0.993083
55372: 0.993083
55373: 0.993083
55374: 0.993084
55375: 0.993084
55376: 0.993084
55377: 0.993084
55378: 0.993066
55379: 0.993066
55380: 0.993066
55381: 0.993066
55382: 0.993066
55383: 0.993067
55384: 0.993067
55385: 0.993067
55386: 0.993067
55387: 0.993067
55388: 0.993067
55389: 0.993067
55390: 0.993067
55391: 0.993068
55392: 0.993068
55393: 0.993068
55394: 0.993068
55395: 0.993068
55396: 0.993068
55397: 0.993068
55398: 0.993068
55399: 0.993069
55400: 0.993069
55401: 0.993069
55402: 0.993069
55403: 0.993069
55404: 0.993069
55405: 0.993069
55406: 0.993069
55407: 0.99307
55408: 0.99307
55409: 0.99307
55410: 0.99307
55411: 0.99307
55412: 0.99307
55413: 0.99307
55414: 0.99307
55415: 0.993071
55416: 0.993071
55417: 0.993071
55418: 0.993071
55419: 0.993071
55420: 0.993071
55421: 0.993071
55422: 0.993071
55423: 0.993072
55424: 0.993072
55425: 0.993072
55426: 0.993072
55427: 0.993072
55428: 0.993072
55429: 0.993072
55430: 0.993072
55431: 0.993073
55432: 0.993073
55433: 0.993073
55434: 0.993073
55435: 0.993073
55436: 0.993073
55437: 0.993073
55438: 0.993073
55439: 0.993074
55440: 0.993074
55441: 0.993074
55442: 0.993074
55443: 0.993074
55444: 0.993074
55445: 0.993074
55446: 0.993074
55447: 0.993075
55448: 0.993075
55449: 0.993075
55450: 0.993075
55451: 0.993075
55452: 0.993075
55453: 0.993075
55454: 0.993075
55455: 0.993076
55456: 0.993076
55457: 0.993076
55458: 0.993076
55459: 0.993076
55460: 0.993076
55461: 0.993076
55462: 0.993076
55463: 0.993077
55464: 0.993077
55465: 0.993077
55466: 0.993077
55467: 0.993077
55468: 0.993077
55469: 0.993077
55470: 0.993077
55471: 0.993078
55472: 0.993078
55473: 0.993078
55474: 0.993078
55475: 0.993078
55476: 0.993078
55477: 0.993078
55478: 0.993078
55479: 0.993079
55480: 0.993079
55481: 0.993079
55482: 0.993079
55483: 0.993079
55484: 0.993079
55485: 0.993079
55486: 0.993079
55487: 0.99308
55488: 0.99308
55489: 0.99308
55490: 0.99308
55491: 0.99308
55492: 0.99308
55493: 0.99308
55494: 0.99308
55495: 0.993081
55496: 0.993081
55497: 0.993081
55498: 0.993081
55499: 0.993081
55500: 0.993081
55501: 0.993081
55502: 0.993081
55503: 0.993082
55504: 0.993082
55505: 0.993082
55506: 0.993082
55507: 0.993082
55508: 0.993082
55509: 0.993082
55510: 0.993082
55511: 0.993083
55512: 0.993083
55513: 0.993083
55514: 0.993083
55515: 0.993083
55516: 0.993083
55517: 0.993083
55518: 0.993083
55519: 0.993084
55520: 0.993084
55521: 0.993084
55522: 0.993084
55523: 0.993084
55524: 0.993084
55525: 0.993084
55526: 0.993084
55527: 0.993085
55528: 0.993085
55529: 0.993085
55530: 0.993085
55531: 0.993085
55532: 0.993085
55533: 0.993085
55534: 0.993085
55535: 0.993086
55536: 0.993086
55537: 0.993086
55538: 0.993086
55539: 0.993086
55540: 0.993086
55541: 0.993086
55542: 0.993086
55543: 0.993087
55544: 0.993087
55545: 0.993087
55546: 0.993087
55547: 0.993087
55548: 0.993087
55549: 0.993087
55550: 0.993087
55551: 0.993088
55552: 0.993088
55553: 0.993088
55554: 0.993088
55555: 0.993088
55556: 0.993088
55557: 0.993088
55558: 0.993088
55559: 0.993089
55560: 0.993089
55561: 0.993089
55562: 0.993089
55563: 0.993089
55564: 0.993089
55565: 0.993089
55566: 0.993089
55567: 0.99309
55568: 0.99309
55569: 0.99309
55570: 0.99309
55571: 0.99309
55572: 0.99309
55573: 0.99309
55574: 0.99309
55575: 0.993091
55576: 0.993091
55577: 0.993091
55578: 0.993091
55579: 0.993091
55580: 0.993091
55581: 0.993091
55582: 0.993091
55583: 0.993092
55584: 0.993092
55585: 0.993092
55586: 0.993092
55587: 0.993092
55588: 0.993092
55589: 0.993092
55590: 0.993092
55591: 0.993093
55592: 0.993093
55593: 0.993093
55594: 0.993093
55595: 0.993093
55596: 0.993093
55597: 0.993093
55598: 0.993093
55599: 0.993094
55600: 0.993094
55601: 0.993094
55602: 0.993094
55603: 0.993094
55604: 0.993094
55605: 0.993094
55606: 0.993094
55607: 0.993095
55608: 0.993095
55609: 0.993095
55610: 0.993095
55611: 0.993095
55612: 0.993095
55613: 0.993095
55614: 0.993095
55615: 0.993096
55616: 0.993096
55617: 0.993096
55618: 0.993096
55619: 0.993096
55620: 0.993096
55621: 0.993096
55622: 0.993096
55623: 0.993097
55624: 0.993097
55625: 0.993097
55626: 0.993097
55627: 0.993097
55628: 0.993097
55629: 0.993097
55630: 0.993097
55631: 0.99308
55632: 0.993062
55633: 0.993062
55634: 0.993062
55635: 0.993062
55636: 0.993062
55637: 0.993062
55638: 0.993062
55639: 0.993063
55640: 0.993045
55641: 0.993027
55642: 0.993009
55643: 0.992991
55644: 0.992991
55645: 0.992991
55646: 0.992992
55647: 0.992992
55648: 0.992992
55649: 0.992992
55650: 0.992992
55651: 0.992992
55652: 0.992992
55653: 0.992992
55654: 0.992993
55655: 0.992993
55656: 0.992993
55657: 0.992993
55658: 0.992993
55659: 0.992993
55660: 0.992993
55661: 0.992993
55662: 0.992994
55663: 0.992994
55664: 0.992994
55665: 0.992994
55666: 0.992994
55667: 0.992994
55668: 0.992994
55669: 0.992994
55670: 0.992977
55671: 0.992977
55672: 0.992977
55673: 0.992977
55674: 0.992977
55675: 0.992977
55676: 0.992977
55677: 0.992977
55678: 0.992978
55679: 0.992978
55680: 0.992978
55681: 0.992978
55682: 0.992978
55683: 0.992978
55684: 0.992978
55685: 0.992978
55686: 0.992979
55687: 0.992979
55688: 0.992979
55689: 0.992979
55690: 0.992979
55691: 0.992979
55692: 0.992979
55693: 0.992979
55694: 0.99298
55695: 0.99298
55696: 0.99298
55697: 0.99298
55698: 0.99298
55699: 0.99298
55700: 0.99298
55701: 0.992981
55702: 0.992981
55703: 0.992981
55704: 0.992981
55705: 0.992981
55706: 0.992981
55707: 0.992981
55708: 0.992981
55709: 0.992982
55710: 0.992982
55711: 0.992982
55712: 0.992982
55713: 0.992982
55714: 0.992982
55715: 0.992982
55716: 0.992982
55717: 0.992983
55718: 0.992983
55719: 0.992983
55720: 0.992983
55721: 0.992983
55722: 0.992983
55723: 0.992983
55724: 0.992983
55725: 0.992984
55726: 0.992984
55727: 0.992984
55728: 0.992984
55729: 0.992984
55730: 0.992984
55731: 0.992984
55732: 0.992984
55733: 0.992985
55734: 0.992985
55735: 0.992985
55736: 0.992985
55737: 0.992985
55738: 0.992985
55739: 0.992985
55740: 0.992985
55741: 0.992986
55742: 0.992986
55743: 0.992986
55744: 0.992986
55745: 0.992986
55746: 0.992986
55747: 0.992986
55748: 0.992986
55749: 0.992987
55750: 0.992987
55751: 0.992987
55752: 0.992987
55753: 0.992987
55754: 0.992987
55755: 0.992987
55756: 0.992987
55757: 0.992988
55758: 0.992988
55759: 0.992988
55760: 0.992988
55761: 0.992988
55762: 0.992988
55763: 0.992988
55764: 0.992988
55765: 0.992989
55766: 0.992989
55767: 0.992989
55768: 0.992989
55769: 0.992989
55770: 0.992989
55771: 0.992989
55772: 0.992989
55773: 0.99299
55774: 0.99299
55775: 0.99299
55776: 0.99299
55777: 0.99299
55778: 0.99299
55779: 0.99299
55780: 0.99299
55781: 0.992991
55782: 0.992991
55783: 0.992991
55784: 0.992991
55785: 0.992991
55786: 0.992991
55787: 0.992991
55788: 0.992991
55789: 0.992992
55790: 0.992992
55791: 0.992992
55792: 0.992992
55793: 0.992974
55794: 0.992974
55795: 0.992974
55796: 0.992975
55797: 0.992975
55798: 0.992975
55799: 0.992975
55800: 0.992975
55801: 0.992975
55802: 0.992975
55803: 0.992975
55804: 0.992976
55805: 0.992976
55806: 0.992976
55807: 0.992976
55808: 0.992976
55809: 0.992976
55810: 0.992976
55811: 0.992976
55812: 0.992977
55813: 0.992977
55814: 0.992977
55815: 0.992977
55816: 0.992977
55817: 0.992977
55818: 0.992977
55819: 0.992977
55820: 0.992978
55821: 0.992978
55822: 0.992978
55823: 0.992978
55824: 0.992978
55825: 0.992978
55826: 0.992978
55827: 0.992978
55828: 0.992979
55829: 0.992979
55830: 0.992979
55831: 0.992979
55832: 0.992979
55833: 0.992979
55834: 0.992979
55835: 0.992979
55836: 0.99298
55837: 0.99298
55838: 0.99298
55839: 0.99298
55840: 0.99298
55841: 0.99298
55842: 0.99298
55843: 0.99298
55844: 0.992981
55845: 0.992981
55846: 0.992981
55847: 0.992981
55848: 0.992981
55849: 0.992981
55850: 0.992981
55851: 0.992981
55852: 0.992982
55853: 0.992982
55854: 0.992982
55855: 0.992982
55856: 0.992982
55857: 0.992982
55858: 0.992982
55859: 0.992982
55860: 0.992983
55861: 0.992983
55862: 0.992983
55863: 0.992983
55864: 0.992983
55865: 0.992983
55866: 0.992983
55867: 0.992983
55868: 0.992984
55869: 0.992984
55870: 0.992984
55871: 0.992984
55872: 0.992984
55873: 0.992984
55874: 0.992984
55875: 0.992984
55876: 0.992985
55877: 0.992985
55878: 0.992985
55879: 0.992985
55880: 0.992985
55881: 0.992985
55882: 0.992985
55883: 0.992985
55884: 0.992986
55885: 0.992986
55886: 0.992986
55887: 0.992986
55888: 0.992986
55889: 0.992986
55890: 0.992986
55891: 0.992986
55892: 0.992987
55893: 0.992987
55894: 0.992987
55895: 0.992987
55896: 0.992987
55897: 0.992987
55898: 0.992987
55899: 0.992987
55900: 0.992988
55901: 0.992988
55902: 0.992988
55903: 0.992988
55904: 0.992988
55905: 0.992988
55906: 0.992988
55907: 0.992988
55908: 0.992989
55909: 0.992989
55910: 0.992989
55911: 0.992989
55912: 0.992989
55913: 0.992989
55914: 0.992989
55915: 0.992989
55916: 0.99299
55917: 0.99299
55918: 0.99299
55919: 0.99299
55920: 0.99299
55921: 0.99299
55922: 0.99299
55923: 0.99299
55924: 0.992991
55925: 0.992991
55926: 0.992991
55927: 0.992991
55928: 0.992991
55929: 0.992991
55930: 0.992991
55931: 0.992991
55932: 0.992992
55933: 0.992992
55934: 0.992992
55935: 0.992992
55936: 0.992992
55937: 0.992992
55938: 0.992992
55939: 0.992992
55940: 0.992993
55941: 0.992993
55942: 0.992993
55943: 0.992993
55944: 0.992993
55945: 0.992993
55946: 0.992993
55947: 0.992993
55948: 0.992994
55949: 0.992994
55950: 0.992994
55951: 0.992994
55952: 0.992994
55953: 0.992994
55954: 0.992994
55955: 0.992994
55956: 0.992995
55957: 0.992995
55958: 0.992995
55959: 0.992995
55960: 0.992995
55961: 0.992995
55962: 0.992995
55963: 0.992995
55964: 0.992996
55965: 0.992996
55966: 0.992996
55967: 0.992996
55968: 0.992996
55969: 0.992996
55970: 0.992996
55971: 0.992996
55972: 0.992997
55973: 0.992997
55974: 0.992997
55975: 0.992997
55976: 0.992997
55977: 0.992997
55978: 0.992997
55979: 0.992997
55980: 0.992998
55981: 0.992998
55982: 0.992998
55983: 0.992998
55984: 0.992998
55985: 0.992998
55986: 0.992998
55987: 0.992998
55988: 0.992999
55989: 0.992999
55990: 0.992999
55991: 0.992999
55992: 0.992999
55993: 0.992999
55994: 0.992999
55995: 0.992999
55996: 0.993
55997: 0.993
55998: 0.993
55999: 0.993
56000: 0.993
56001: 0.993
56002: 0.993
56003: 0.993
56004: 0.993001
56005: 0.993001
56006: 0.993001
56007: 0.993001
56008: 0.993001
56009: 0.993001
56010: 0.993001
56011: 0.993001
56012: 0.993002
56013: 0.993002
56014: 0.993002
56015: 0.993002
56016: 0.993002
56017: 0.993002
56018: 0.993002
56019: 0.993002
56020: 0.993003
56021: 0.993003
56022: 0.993003
56023: 0.993003
56024: 0.993003
56025: 0.993003
56026: 0.993003
56027: 0.993003
56028: 0.993004
56029: 0.993004
56030: 0.993004
56031: 0.993004
56032: 0.993004
56033: 0.993004
56034: 0.993004
56035: 0.993004
56036: 0.993005
56037: 0.993005
56038: 0.993005
56039: 0.993005
56040: 0.993005
56041: 0.993005
56042: 0.993005
56043: 0.993005
56044: 0.993006
56045: 0.993006
56046: 0.993006
56047: 0.993006
56048: 0.993006
56049: 0.993006
56050: 0.993006
56051: 0.993006
56052: 0.993007
56053: 0.993007
56054: 0.993007
56055: 0.993007
56056: 0.993007
56057: 0.993007
56058: 0.993007
56059: 0.993007
56060: 0.993008
56061: 0.993008
56062: 0.993008
56063: 0.993008
56064: 0.993008
56065: 0.993008
56066: 0.993008
56067: 0.993008
56068: 0.993009
56069: 0.993009
56070: 0.993009
56071: 0.993009
56072: 0.993009
56073: 0.993009
56074: 0.993009
56075: 0.993009
56076: 0.99301
56077: 0.99301
56078: 0.99301
56079: 0.99301
56080: 0.99301
56081: 0.99301
56082: 0.99301
56083: 0.99301
56084: 0.993011
56085: 0.993011
56086: 0.993011
56087: 0.993011
56088: 0.993011
56089: 0.993011
56090: 0.993011
56091: 0.993011
56092: 0.993012
56093: 0.993012
56094: 0.993012
56095: 0.993012
56096: 0.993012
56097: 0.993012
56098: 0.993012
56099: 0.993012
56100: 0.993013
56101: 0.993013
56102: 0.993013
56103: 0.993013
56104: 0.993013
56105: 0.993013
56106: 0.993013
56107: 0.993013
56108: 0.993014
56109: 0.993014
56110: 0.993014
56111: 0.993014
56112: 0.993014
56113: 0.993014
56114: 0.993014
56115: 0.993014
56116: 0.993015
56117: 0.993015
56118: 0.993015
56119: 0.993015
56120: 0.993015
56121: 0.993015
56122: 0.993015
56123: 0.993015
56124: 0.993016
56125: 0.993016
56126: 0.993016
56127: 0.993016
56128: 0.993016
56129: 0.993016
56130: 0.993016
56131: 0.993016
56132: 0.993017
56133: 0.993017
56134: 0.993017
56135: 0.993017
56136: 0.993017
56137: 0.993017
56138: 0.993017
56139: 0.993017
56140: 0.993018
56141: 0.993018
56142: 0.993018
56143: 0.993018
56144: 0.993018
56145: 0.993018
56146: 0.993018
56147: 0.993018
56148: 0.993019
56149: 0.993019
56150: 0.993019
56151: 0.993019
56152: 0.993019
56153: 0.993019
56154: 0.993019
56155: 0.993019
56156: 0.99302
56157: 0.99302
56158: 0.99302
56159: 0.99302
56160: 0.99302
56161: 0.99302
56162: 0.99302
56163: 0.99302
56164: 0.993021
56165: 0.993021
56166: 0.993021
56167: 0.993021
56168: 0.993021
56169: 0.993021
56170: 0.993021
56171: 0.993021
56172: 0.993022
56173: 0.993022
56174: 0.993022
56175: 0.993022
56176: 0.993022
56177: 0.993022
56178: 0.993022
56179: 0.993022
56180: 0.993023
56181: 0.993023
56182: 0.993023
56183: 0.993023
56184: 0.993023
56185: 0.993023
56186: 0.993023
56187: 0.993023
56188: 0.993024
56189: 0.993024
56190: 0.993024
56191: 0.993024
56192: 0.993024
56193: 0.993024
56194: 0.993024
56195: 0.993024
56196: 0.993025
56197: 0.993025
56198: 0.993025
56199: 0.993025
56200: 0.993025
56201: 0.993025
56202: 0.993025
56203: 0.993025
56204: 0.993026
56205: 0.993026
56206: 0.993026
56207: 0.993026
56208: 0.993026
56209: 0.993026
56210: 0.993026
56211: 0.993026
56212: 0.993027
56213: 0.993027
56214: 0.993027
56215: 0.993027
56216: 0.993027
56217: 0.993027
56218: 0.993027
56219: 0.993027
56220: 0.993028
56221: 0.993028
56222: 0.993028
56223: 0.993028
56224: 0.993028
56225: 0.993028
56226: 0.993028
56227: 0.993028
56228: 0.993029
56229: 0.993029
56230: 0.993029
56231: 0.993029
56232: 0.993029
56233: 0.993029
56234: 0.993029
56235: 0.993029
56236: 0.99303
56237: 0.99303
56238: 0.99303
56239: 0.99303
56240: 0.99303
56241: 0.99303
56242: 0.99303
56243: 0.99303
56244: 0.99303
56245: 0.993031
56246: 0.993031
56247: 0.993031
56248: 0.993031
56249: 0.993031
56250: 0.993031
56251: 0.993031
56252: 0.993031
56253: 0.993032
56254: 0.993032
56255: 0.993032
56256: 0.993032
56257: 0.993032
56258: 0.993032
56259: 0.993032
56260: 0.993032
56261: 0.993033
56262: 0.993033
56263: 0.993033
56264: 0.993033
56265: 0.993033
56266: 0.993033
56267: 0.993033
56268: 0.993033
56269: 0.993034
56270: 0.993034
56271: 0.993034
56272: 0.993034
56273: 0.993034
56274: 0.993034
56275: 0.993034
56276: 0.993034
56277: 0.993035
56278: 0.993035
56279: 0.993035
56280: 0.993035
56281: 0.993035
56282: 0.993035
56283: 0.993035
56284: 0.993035
56285: 0.993036
56286: 0.993036
56287: 0.993036
56288: 0.993036
56289: 0.993036
56290: 0.993036
56291: 0.993036
56292: 0.993036
56293: 0.993037
56294: 0.993037
56295: 0.993037
56296: 0.993037
56297: 0.993037
56298: 0.993037
56299: 0.993037
56300: 0.993037
56301: 0.993038
56302: 0.993038
56303: 0.993038
56304: 0.993038
56305: 0.993038
56306: 0.993038
56307: 0.993038
56308: 0.993038
56309: 0.993039
56310: 0.993039
56311: 0.993039
56312: 0.993039
56313: 0.993039
56314: 0.993039
56315: 0.993039
56316: 0.993039
56317: 0.99304
56318: 0.99304
56319: 0.99304
56320: 0.99304
56321: 0.99304
56322: 0.99304
56323: 0.99304
56324: 0.99304
56325: 0.993041
56326: 0.993041
56327: 0.993041
56328: 0.993041
56329: 0.993041
56330: 0.993041
56331: 0.993041
56332: 0.993041
56333: 0.993042
56334: 0.993042
56335: 0.993042
56336: 0.993042
56337: 0.993042
56338: 0.993042
56339: 0.993042
56340: 0.993042
56341: 0.993042
56342: 0.993043
56343: 0.993043
56344: 0.993043
56345: 0.993043
56346: 0.993043
56347: 0.993043
56348: 0.993043
56349: 0.993043
56350: 0.993044
56351: 0.993044
56352: 0.993044
56353: 0.993044
56354: 0.993044
56355: 0.993044
56356: 0.993044
56357: 0.993044
56358: 0.993045
56359: 0.993045
56360: 0.993045
56361: 0.993045
56362: 0.993045
56363: 0.993045
56364: 0.993045
56365: 0.993045
56366: 0.993046
56367: 0.993046
56368: 0.993046
56369: 0.993046
56370: 0.993046
56371: 0.993046
56372: 0.993046
56373: 0.993046
56374: 0.993047
56375: 0.993047
56376: 0.993047
56377: 0.993047
56378: 0.993047
56379: 0.993047
56380: 0.993047
56381: 0.993047
56382: 0.993048
56383: 0.993048
56384: 0.993048
56385: 0.993048
56386: 0.993048
56387: 0.993048
56388: 0.993048
56389: 0.993048
56390: 0.993049
56391: 0.993049
56392: 0.993049
56393: 0.993049
56394: 0.993049
56395: 0.993049
56396: 0.993049
56397: 0.993049
56398: 0.99305
56399: 0.99305
56400: 0.99305
56401: 0.99305
56402: 0.99305
56403: 0.99305
56404: 0.99305
56405: 0.99305
56406: 0.993051
56407: 0.993051
56408: 0.993051
56409: 0.993051
56410: 0.993051
56411: 0.993051
56412: 0.993051
56413: 0.993051
56414: 0.993051
56415: 0.993052
56416: 0.993052
56417: 0.993052
56418: 0.993052
56419: 0.993052
56420: 0.993052
56421: 0.993052
56422: 0.993052
56423: 0.993053
56424: 0.993053
56425: 0.993053
56426: 0.993053
56427: 0.993053
56428: 0.993053
56429: 0.993053
56430: 0.993053
56431: 0.993054
56432: 0.993054
56433: 0.993054
56434: 0.993054
56435: 0.993054
56436: 0.993054
56437: 0.993054
56438: 0.993054
56439: 0.993055
56440: 0.993055
56441: 0.993055
56442: 0.993055
56443: 0.993055
56444: 0.993055
56445: 0.993055
56446: 0.993055
56447: 0.993056
56448: 0.993056
56449: 0.993056
56450: 0.993056
56451: 0.993056
56452: 0.993056
56453: 0.993056
56454: 0.993056
56455: 0.993057
56456: 0.993057
56457: 0.993057
56458: 0.993057
56459: 0.993057
56460: 0.993057
56461: 0.993057
56462: 0.993057
56463: 0.993058
56464: 0.993058
56465: 0.993058
56466: 0.993058
56467: 0.993058
56468: 0.993058
56469: 0.993058
56470: 0.993058
56471: 0.993059
56472: 0.993059
56473: 0.993059
56474: 0.993059
56475: 0.993059
56476: 0.993059
56477: 0.993059
56478: 0.993059
56479: 0.993059
56480: 0.99306
56481: 0.99306
56482: 0.99306
56483: 0.99306
56484: 0.99306
56485: 0.99306
56486: 0.99306
56487: 0.99306
56488: 0.993061
56489: 0.993061
56490: 0.993061
56491: 0.993061
56492: 0.993061
56493: 0.993061
56494: 0.993061
56495: 0.993061
56496: 0.993062
56497: 0.993062
56498: 0.993062
56499: 0.993062
56500: 0.993062
56501: 0.993062
56502: 0.993062
56503: 0.993062
56504: 0.993063
56505: 0.993063
56506: 0.993063
56507: 0.993063
56508: 0.993063
56509: 0.993063
56510: 0.993063
56511: 0.993063
56512: 0.993064
56513: 0.993064
56514: 0.993064
56515: 0.993064
56516: 0.993064
56517: 0.993064
56518: 0.993064
56519: 0.993064
56520: 0.993065
56521: 0.993065
56522: 0.993065
56523: 0.993065
56524: 0.993065
56525: 0.993065
56526: 0.993065
56527: 0.993065
56528: 0.993066
56529: 0.993066
56530: 0.993066
56531: 0.993066
56532: 0.993066
56533: 0.993066
56534: 0.993066
56535: 0.993066
56536: 0.993066
56537: 0.993067
56538: 0.993067
56539: 0.993067
56540: 0.993067
56541: 0.993067
56542: 0.993067
56543: 0.993067
56544: 0.993067
56545: 0.993068
56546: 0.993068
56547: 0.993068
56548: 0.993068
56549: 0.993068
56550: 0.993068
56551: 0.993068
56552: 0.993068
56553: 0.993069
56554: 0.993069
56555: 0.993069
56556: 0.993069
56557: 0.993069
56558: 0.993069
56559: 0.993069
56560: 0.993069
56561: 0.99307
56562: 0.99307
56563: 0.99307
56564: 0.99307
56565: 0.99307
56566: 0.99307
56567: 0.99307
56568: 0.99307
56569: 0.993071
56570: 0.993071
56571: 0.993071
56572: 0.993071
56573: 0.993071
56574: 0.993071
56575: 0.993071
56576: 0.993071
56577: 0.993072
56578: 0.993072
56579: 0.993072
56580: 0.993072
56581: 0.993072
56582: 0.993072
56583: 0.993072
56584: 0.993072
56585: 0.993072
56586: 0.993073
56587: 0.993073
56588: 0.993073
56589: 0.993073
56590: 0.993073
56591: 0.993073
56592: 0.993073
56593: 0.993073
56594: 0.993074
56595: 0.993074
56596: 0.993074
56597: 0.993074
56598: 0.993074
56599: 0.993074
56600: 0.993074
56601: 0.993074
56602: 0.993075
56603: 0.993075
56604: 0.993075
56605: 0.993075
56606: 0.993075
56607: 0.993075
56608: 0.993075
56609: 0.993075
56610: 0.993076
56611: 0.993076
56612: 0.993076
56613: 0.993076
56614: 0.993076
56615: 0.993076
56616: 0.993076
56617: 0.993076
56618: 0.993077
56619: 0.993077
56620: 0.993077
56621: 0.993077
56622: 0.993077
56623: 0.993077
56624: 0.993077
56625: 0.993077
56626: 0.993078
56627: 0.993078
56628: 0.993078
56629: 0.993078
56630: 0.993078
56631: 0.993078
56632: 0.993078
56633: 0.993078
56634: 0.993078
56635: 0.993079
56636: 0.993079
56637: 0.993079
56638: 0.993079
56639: 0.993079
56640: 0.993079
56641: 0.993079
56642: 0.993079
56643: 0.99308
56644: 0.99308
56645: 0.99308
56646: 0.99308
56647: 0.99308
56648: 0.99308
56649: 0.99308
56650: 0.99308
56651: 0.993081
56652: 0.993081
56653: 0.993081
56654: 0.993081
56655: 0.993081
56656: 0.993081
56657: 0.993081
56658: 0.993081
56659: 0.993082
56660: 0.993082
56661: 0.993082
56662: 0.993082
56663: 0.993082
56664: 0.993082
56665: 0.993082
56666: 0.993082
56667: 0.993083
56668: 0.993083
56669: 0.993083
56670: 0.993083
56671: 0.993083
56672: 0.993083
56673: 0.993083
56674: 0.993083
56675: 0.993083
56676: 0.993084
56677: 0.993084
56678: 0.993084
56679: 0.993084
56680: 0.993084
56681: 0.993084
56682: 0.993084
56683: 0.993084
56684: 0.993085
56685: 0.993085
56686: 0.993085
56687: 0.993085
56688: 0.993085
56689: 0.993085
56690: 0.993085
56691: 0.993085
56692: 0.993086
56693: 0.993086
56694: 0.993086
56695: 0.993086
56696: 0.993086
56697: 0.993086
56698: 0.993086
56699: 0.993086
56700: 0.993087
56701: 0.993087
56702: 0.993087
56703: 0.993087
56704: 0.993087
56705: 0.993087
56706: 0.993087
56707: 0.993087
56708: 0.993088
56709: 0.993088
56710: 0.993088
56711: 0.993088
56712: 0.993088
56713: 0.993088
56714: 0.993088
56715: 0.993088
56716: 0.993088
56717: 0.993089
56718: 0.993089
56719: 0.993089
56720: 0.993089
56721: 0.993089
56722: 0.993089
56723: 0.993089
56724: 0.993089
56725: 0.99309
56726: 0.99309
56727: 0.99309
56728: 0.99309
56729: 0.99309
56730: 0.99309
56731: 0.99309
56732: 0.99309
56733: 0.993091
56734: 0.993091
56735: 0.993091
56736: 0.993091
56737: 0.993091
56738: 0.993091
56739: 0.993091
56740: 0.993091
56741: 0.993092
56742: 0.993092
56743: 0.993092
56744: 0.993092
56745: 0.993092
56746: 0.993092
56747: 0.993092
56748: 0.993092
56749: 0.993093
56750: 0.993093
56751: 0.993093
56752: 0.993093
56753: 0.993093
56754: 0.993093
56755: 0.993093
56756: 0.993093
56757: 0.993093
56758: 0.993094
56759: 0.993094
56760: 0.993094
56761: 0.993094
56762: 0.993094
56763: 0.993094
56764: 0.993094
56765: 0.993094
56766: 0.993095
56767: 0.993095
56768: 0.993095
56769: 0.993095
56770: 0.993095
56771: 0.993095
56772: 0.993095
56773: 0.993095
56774: 0.993096
56775: 0.993096
56776: 0.993096
56777: 0.993096
56778: 0.993096
56779: 0.993096
56780: 0.993096
56781: 0.993096
56782: 0.993097
56783: 0.993097
56784: 0.993097
56785: 0.993097
56786: 0.993097
56787: 0.993097
56788: 0.993097
56789: 0.993097
56790: 0.993097
56791: 0.993098
56792: 0.993098
56793: 0.993098
56794: 0.993098
56795: 0.993098
56796: 0.993098
56797: 0.993098
56798: 0.993098
56799: 0.993099
56800: 0.993099
56801: 0.993099
56802: 0.993099
56803: 0.993099
56804: 0.993099
56805: 0.993099
56806: 0.993099
56807: 0.9931
56808: 0.9931
56809: 0.9931
56810: 0.9931
56811: 0.9931
56812: 0.9931
56813: 0.9931
56814: 0.9931
56815: 0.993101
56816: 0.993101
56817: 0.993101
56818: 0.993101
56819: 0.993101
56820: 0.993101
56821: 0.993101
56822: 0.993101
56823: 0.993102
56824: 0.993102
56825: 0.993102
56826: 0.993102
56827: 0.993102
56828: 0.993102
56829: 0.993102
56830: 0.993102
56831: 0.993102
56832: 0.993103
56833: 0.993103
56834: 0.993103
56835: 0.993103
56836: 0.993103
56837: 0.993103
56838: 0.993103
56839: 0.993103
56840: 0.993104
56841: 0.993104
56842: 0.993104
56843: 0.993104
56844: 0.993104
56845: 0.993104
56846: 0.993104
56847: 0.993104
56848: 0.993105
56849: 0.993105
56850: 0.993105
56851: 0.993105
56852: 0.993105
56853: 0.993105
56854: 0.993105
56855: 0.993105
56856: 0.993106
56857: 0.993106
56858: 0.993106
56859: 0.993106
56860: 0.993106
56861: 0.993106
56862: 0.993106
56863: 0.993106
56864: 0.993106
56865: 0.993107
56866: 0.993107
56867: 0.993107
56868: 0.993107
56869: 0.993107
56870: 0.993107
56871: 0.993107
56872: 0.993107
56873: 0.993108
56874: 0.993108
56875: 0.993108
56876: 0.993108
56877: 0.993108
56878: 0.993108
56879: 0.993108
56880: 0.993108
56881: 0.993109
56882: 0.993109
56883: 0.993109
56884: 0.993109
56885: 0.993109
56886: 0.993109
56887: 0.993109
56888: 0.993109
56889: 0.99311
56890: 0.99311
56891: 0.99311
56892: 0.99311
56893: 0.99311
56894: 0.99311
56895: 0.99311
56896: 0.99311
56897: 0.99311
56898: 0.993111
56899: 0.993111
56900: 0.993111
56901: 0.993111
56902: 0.993111
56903: 0.993111
56904: 0.993111
56905: 0.993111
56906: 0.993112
56907: 0.993112
56908: 0.993112
56909: 0.993112
56910: 0.993112
56911: 0.993112
56912: 0.993112
56913: 0.993112
56914: 0.993113
56915: 0.993113
56916: 0.993113
56917: 0.993113
56918: 0.993113
56919: 0.993113
56920: 0.993113
56921: 0.993113
56922: 0.993114
56923: 0.993114
56924: 0.993114
56925: 0.993114
56926: 0.993114
56927: 0.993114
56928: 0.993114
56929: 0.993114
56930: 0.993114
56931: 0.993115
56932: 0.993115
56933: 0.993115
56934: 0.993115
56935: 0.993115
56936: 0.993115
56937: 0.993115
56938: 0.993115
56939: 0.993116
56940: 0.993116
56941: 0.993116
56942: 0.993116
56943: 0.993116
56944: 0.993116
56945: 0.993116
56946: 0.993116
56947: 0.993117
56948: 0.993099
56949: 0.993099
56950: 0.993099
56951: 0.993099
56952: 0.9931
56953: 0.9931
56954: 0.9931
56955: 0.9931
56956: 0.9931
56957: 0.9931
56958: 0.9931
56959: 0.9931
56960: 0.993101
56961: 0.993101
56962: 0.993101
56963: 0.993101
56964: 0.993101
56965: 0.993101
56966: 0.993101
56967: 0.993101
56968: 0.993102
56969: 0.993102
56970: 0.993102
56971: 0.993102
56972: 0.993102
56973: 0.993102
56974: 0.993102
56975: 0.993102
56976: 0.993102
56977: 0.993103
56978: 0.993103
56979: 0.993103
56980: 0.993103
56981: 0.993103
56982: 0.993103
56983: 0.993103
56984: 0.993103
56985: 0.993104
56986: 0.993104
56987: 0.993104
56988: 0.993104
56989: 0.993104
56990: 0.993104
56991: 0.993104
56992: 0.993104
56993: 0.993105
56994: 0.993105
56995: 0.993105
56996: 0.993105
56997: 0.993105
56998: 0.993105
56999: 0.993105
57000: 0.993105
57001: 0.993106
57002: 0.993106
57003: 0.993106
57004: 0.993106
57005: 0.993106
57006: 0.993106
57007: 0.993106
57008: 0.993106
57009: 0.993106
57010: 0.993107
57011: 0.993107
57012: 0.993107
57013: 0.993107
57014: 0.993107
57015: 0.993107
57016: 0.993107
57017: 0.993107
57018: 0.993108
57019: 0.993108
57020: 0.993108
57021: 0.993108
57022: 0.993108
57023: 0.993108
57024: 0.993108
57025: 0.993108
57026: 0.993109
57027: 0.993109
57028: 0.993109
57029: 0.993109
57030: 0.993109
57031: 0.993109
57032: 0.993109
57033: 0.993109
57034: 0.993109
57035: 0.99311
57036: 0.99311
57037: 0.99311
57038: 0.99311
57039: 0.99311
57040: 0.99311
57041: 0.99311
57042: 0.99311
57043: 0.993111
57044: 0.993111
57045: 0.993111
57046: 0.993111
57047: 0.993111
57048: 0.993111
57049: 0.993111
57050: 0.993111
57051: 0.993112
57052: 0.993112
57053: 0.993112
57054: 0.993112
57055: 0.993112
57056: 0.993112
57057: 0.993112
57058: 0.993112
57059: 0.993113
57060: 0.993113
57061: 0.993113
57062: 0.993113
57063: 0.993113
57064: 0.993113
57065: 0.993113
57066: 0.993113
57067: 0.993113
57068: 0.993114
57069: 0.993114
57070: 0.993114
57071: 0.993114
57072: 0.993114
57073: 0.993114
57074: 0.993114
57075: 0.993114
57076: 0.993115
57077: 0.993115
57078: 0.993115
57079: 0.993115
57080: 0.993115
57081: 0.993115
57082: 0.993115
57083: 0.993115
57084: 0.993116
57085: 0.993116
57086: 0.993116
57087: 0.993116
57088: 0.993116
57089: 0.993116
57090: 0.993116
57091: 0.993116
57092: 0.993116
57093: 0.993117
57094: 0.993117
57095: 0.993117
57096: 0.993117
57097: 0.993117
57098: 0.993117
57099: 0.993117
57100: 0.993117
57101: 0.993118
57102: 0.993118
57103: 0.993118
57104: 0.993118
57105: 0.993118
57106: 0.993118
57107: 0.993118
57108: 0.993118
57109: 0.993119
57110: 0.993119
57111: 0.993119
57112: 0.993119
57113: 0.993119
57114: 0.993119
57115: 0.993119
57116: 0.993119
57117: 0.99312
57118: 0.99312
57119: 0.99312
57120: 0.99312
57121: 0.99312
57122: 0.99312
57123: 0.99312
57124: 0.99312
57125: 0.99312
57126: 0.993121
57127: 0.993121
57128: 0.993121
57129: 0.993121
57130: 0.993121
57131: 0.993121
57132: 0.993121
57133: 0.993121
57134: 0.993122
57135: 0.993122
57136: 0.993122
57137: 0.993122
57138: 0.993122
57139: 0.993122
57140: 0.993122
57141: 0.993122
57142: 0.993123
57143: 0.993123
57144: 0.993123
57145: 0.993123
57146: 0.993123
57147: 0.993123
57148: 0.993123
57149: 0.993123
57150: 0.993123
57151: 0.993124
57152: 0.993124
57153: 0.993124
57154: 0.993124
57155: 0.993124
57156: 0.993124
57157: 0.993124
57158: 0.993124
57159: 0.993125
57160: 0.993125
57161: 0.993125
57162: 0.993125
57163: 0.993125
57164: 0.993125
57165: 0.993125
57166: 0.993125
57167: 0.993126
57168: 0.993126
57169: 0.993126
57170: 0.993126
57171: 0.993126
57172: 0.993126
57173: 0.993126
57174: 0.993126
57175: 0.993126
57176: 0.993127
57177: 0.993127
57178: 0.993127
57179: 0.993127
57180: 0.993127
57181: 0.993127
57182: 0.993127
57183: 0.993127
57184: 0.993128
57185: 0.993128
57186: 0.993128
57187: 0.993128
57188: 0.993128
57189: 0.993128
57190: 0.993128
57191: 0.993128
57192: 0.993129
57193: 0.993129
57194: 0.993129
57195: 0.993129
57196: 0.993129
57197: 0.993129
57198: 0.993129
57199: 0.993129
57200: 0.993129
57201: 0.99313
57202: 0.99313
57203: 0.99313
57204: 0.99313
57205: 0.99313
57206: 0.99313
57207: 0.993113
57208: 0.993113
57209: 0.993113
57210: 0.993113
57211: 0.993113
57212: 0.993113
57213: 0.993114
57214: 0.993114
57215: 0.993114
57216: 0.993114
57217: 0.993114
57218: 0.993114
57219: 0.993114
57220: 0.993114
57221: 0.993115
57222: 0.993115
57223: 0.993115
57224: 0.993115
57225: 0.993115
57226: 0.993115
57227: 0.993115
57228: 0.993115
57229: 0.993115
57230: 0.993116
57231: 0.993116
57232: 0.993116
57233: 0.993116
57234: 0.993116
57235: 0.993116
57236: 0.993116
57237: 0.993116
57238: 0.993117
57239: 0.993117
57240: 0.993117
57241: 0.993117
57242: 0.993117
57243: 0.993117
57244: 0.993117
57245: 0.993117
57246: 0.993118
57247: 0.993118
57248: 0.993118
57249: 0.993118
57250: 0.993118
57251: 0.993118
57252: 0.993118
57253: 0.993118
57254: 0.993119
57255: 0.993119
57256: 0.993119
57257: 0.993119
57258: 0.993119
57259: 0.993119
57260: 0.993119
57261: 0.993119
57262: 0.993119
57263: 0.99312
57264: 0.99312
57265: 0.99312
57266: 0.99312
57267: 0.99312
57268: 0.99312
57269: 0.99312
57270: 0.99312
57271: 0.993121
57272: 0.993121
57273: 0.993121
57274: 0.993121
57275: 0.993121
57276: 0.993121
57277: 0.993121
57278: 0.993121
57279: 0.993122
57280: 0.993122
57281: 0.993122
57282: 0.993122
57283: 0.993122
57284: 0.993122
57285: 0.993122
57286: 0.993122
57287: 0.993122
57288: 0.993123
57289: 0.993123
57290: 0.993123
57291: 0.993123
57292: 0.993123
57293: 0.993123
57294: 0.993123
57295: 0.993123
57296: 0.993124
57297: 0.993124
57298: 0.993124
57299: 0.993124
57300: 0.993124
57301: 0.993124
57302: 0.993124
57303: 0.993124
57304: 0.993125
57305: 0.993125
57306: 0.993125
57307: 0.993125
57308: 0.993125
57309: 0.993125
57310: 0.993125
57311: 0.993125
57312: 0.993125
57313: 0.993126
57314: 0.993126
57315: 0.993126
57316: 0.993126
57317: 0.993126
57318: 0.993126
57319: 0.993126
57320: 0.993126
57321: 0.993127
57322: 0.993127
57323: 0.993127
57324: 0.993127
57325: 0.993127
57326: 0.993127
57327: 0.993127
57328: 0.993127
57329: 0.993128
57330: 0.993128
57331: 0.993128
57332: 0.993128
57333: 0.993128
57334: 0.993128
57335: 0.993128
57336: 0.993128
57337: 0.993128
57338: 0.993129
57339: 0.993111
57340: 0.993111
57341: 0.993112
57342: 0.993112
57343: 0.993112
57344: 0.993112
57345: 0.993112
57346: 0.993112
57347: 0.993112
57348: 0.993112
57349: 0.993112
57350: 0.993113
57351: 0.993113
57352: 0.993113
57353: 0.993113
57354: 0.993113
57355: 0.993113
57356: 0.993113
57357: 0.993113
57358: 0.993114
57359: 0.993114
57360: 0.993114
57361: 0.993114
57362: 0.993114
57363: 0.993114
57364: 0.993114
57365: 0.993114
57366: 0.993115
57367: 0.993115
57368: 0.993115
57369: 0.993115
57370: 0.993115
57371: 0.993115
57372: 0.993115
57373: 0.993115
57374: 0.993098
57375: 0.993098
57376: 0.993098
57377: 0.993098
57378: 0.993099
57379: 0.993099
57380: 0.993099
57381: 0.993099
57382: 0.993099
57383: 0.993099
57384: 0.993099
57385: 0.993099
57386: 0.993099
57387: 0.9931
57388: 0.9931
57389: 0.9931
57390: 0.9931
57391: 0.9931
57392: 0.9931
57393: 0.9931
57394: 0.9931
57395: 0.993101
57396: 0.993101
57397: 0.993101
57398: 0.993101
57399: 0.993101
57400: 0.993101
57401: 0.993101
57402: 0.993101
57403: 0.993102
57404: 0.993102
57405: 0.993102
57406: 0.993102
57407: 0.993102
57408: 0.993102
57409: 0.993102
57410: 0.993102
57411: 0.993102
57412: 0.993103
57413: 0.993103
57414: 0.993103
57415: 0.993103
57416: 0.993103
57417: 0.993103
57418: 0.993103
57419: 0.993103
57420: 0.993104
57421: 0.993104
57422: 0.993104
57423: 0.993104
57424: 0.993104
57425: 0.993104
57426: 0.993104
57427: 0.993104
57428: 0.993105
57429: 0.993105
57430: 0.993105
57431: 0.993105
57432: 0.993105
57433: 0.993105
57434: 0.993105
57435: 0.993105
57436: 0.993105
57437: 0.993106
57438: 0.993106
57439: 0.993106
57440: 0.993106
57441: 0.993106
57442: 0.993106
57443: 0.993106
57444: 0.993106
57445: 0.993107
57446: 0.993107
57447: 0.993107
57448: 0.993107
57449: 0.993107
57450: 0.993107
57451: 0.993107
57452: 0.993107
57453: 0.993108
57454: 0.993108
57455: 0.993108
57456: 0.993108
57457: 0.993108
57458: 0.993108
57459: 0.993108
57460: 0.993108
57461: 0.993108
57462: 0.993109
57463: 0.993109
57464: 0.993109
57465: 0.993109
57466: 0.993109
57467: 0.993109
57468: 0.993109
57469: 0.993109
57470: 0.99311
57471: 0.99311
57472: 0.99311
57473: 0.99311
57474: 0.99311
57475: 0.99311
57476: 0.99311
57477: 0.99311
57478: 0.993111
57479: 0.993111
57480: 0.993111
57481: 0.993111
57482: 0.993111
57483: 0.993111
57484: 0.993111
57485: 0.993111
57486: 0.993111
57487: 0.993112
57488: 0.993112
57489: 0.993112
57490: 0.993112
57491: 0.993112
57492: 0.993112
57493: 0.993112
57494: 0.993112
57495: 0.993113
57496: 0.993113
57497: 0.993113
57498: 0.993113
57499: 0.993113
57500: 0.993113
57501: 0.993113
57502: 0.993113
57503: 0.993114
57504: 0.993114
57505: 0.993114
57506: 0.993114
57507: 0.993114
57508: 0.993114
57509: 0.993114
57510: 0.993114
57511: 0.993114
57512: 0.993115
57513: 0.993115
57514: 0.993115
57515: 0.993115
57516: 0.993115
57517: 0.993115
57518: 0.993115
57519: 0.993115
57520: 0.993116
57521: 0.993116
57522: 0.993116
57523: 0.993116
57524: 0.993116
57525: 0.993116
57526: 0.993116
57527: 0.993116
57528: 0.993117
57529: 0.993117
57530: 0.993117
57531: 0.993117
57532: 0.993117
57533: 0.993117
57534: 0.993117
57535: 0.993117
57536: 0.993117
57537: 0.993118
57538: 0.993118
57539: 0.993118
57540: 0.993118
57541: 0.993118
57542: 0.993118
57543: 0.993118
57544: 0.993118
57545: 0.993119
57546: 0.993119
57547: 0.993119
57548: 0.993119
57549: 0.993119
57550: 0.993119
57551: 0.993119
57552: 0.993119
57553: 0.99312
57554: 0.99312
57555: 0.99312
57556: 0.99312
57557: 0.99312
57558: 0.99312
57559: 0.99312
57560: 0.99312
57561: 0.99312
57562: 0.993121
57563: 0.993121
57564: 0.993121
57565: 0.993121
57566: 0.993121
57567: 0.993121
57568: 0.993121
57569: 0.993121
57570: 0.993122
57571: 0.993122
57572: 0.993122
57573: 0.993122
57574: 0.993122
57575: 0.993122
57576: 0.993122
57577: 0.993122
57578: 0.993122
57579: 0.993123
57580: 0.993123
57581: 0.993123
57582: 0.993123
57583: 0.993123
57584: 0.993123
57585: 0.993123
57586: 0.993123
57587: 0.993124
57588: 0.993124
57589: 0.993124
57590: 0.993124
57591: 0.993124
57592: 0.993124
57593: 0.993124
57594: 0.993124
57595: 0.993125
57596: 0.993125
57597: 0.993125
57598: 0.993125
57599: 0.993125
57600: 0.993125
57601: 0.993125
57602: 0.993125
57603: 0.993125
57604: 0.993126
57605: 0.993126
57606: 0.993126
57607: 0.993126
57608: 0.993126
57609: 0.993126
57610: 0.993126
57611: 0.993126
57612: 0.993127
57613: 0.993127
57614: 0.993127
57615: 0.993127
57616: 0.993127
57617: 0.993127
57618: 0.993127
57619: 0.993127
57620: 0.993128
57621: 0.993128
57622: 0.993128
57623: 0.993128
57624: 0.993128
57625: 0.993128
57626: 0.993128
57627: 0.993128
57628: 0.993128
57629: 0.993129
57630: 0.993129
57631: 0.993129
57632: 0.993129
57633: 0.993129
57634: 0.993129
57635: 0.993129
57636: 0.993129
57637: 0.99313
57638: 0.99313
57639: 0.99313
57640: 0.99313
57641: 0.99313
57642: 0.99313
57643: 0.99313
57644: 0.99313
57645: 0.99313
57646: 0.993131
57647: 0.993131
57648: 0.993131
57649: 0.993131
57650: 0.993131
57651: 0.993131
57652: 0.993131
57653: 0.993114
57654: 0.993114
57655: 0.993114
57656: 0.993114
57657: 0.993115
57658: 0.993115
57659: 0.993115
57660: 0.993115
57661: 0.993115
57662: 0.993115
57663: 0.993115
57664: 0.993115
57665: 0.993116
57666: 0.993116
57667: 0.993116
57668: 0.993116
57669: 0.993116
57670: 0.993116
57671: 0.993116
57672: 0.993116
57673: 0.993116
57674: 0.993117
57675: 0.993117
57676: 0.993117
57677: 0.993117
57678: 0.993117
57679: 0.993117
57680: 0.993117
57681: 0.993117
57682: 0.993118
57683: 0.993118
57684: 0.993118
57685: 0.993118
57686: 0.993118
57687: 0.993118
57688: 0.993118
57689: 0.993118
57690: 0.993119
57691: 0.993119
57692: 0.993119
57693: 0.993119
57694: 0.993119
57695: 0.993119
57696: 0.993119
57697: 0.993119
57698: 0.993119
57699: 0.99312
57700: 0.99312
57701: 0.99312
57702: 0.99312
57703: 0.99312
57704: 0.99312
57705: 0.99312
57706: 0.99312
57707: 0.993121
57708: 0.993121
57709: 0.993121
57710: 0.993121
57711: 0.993121
57712: 0.993121
57713: 0.993121
57714: 0.993121
57715: 0.993121
57716: 0.993122
57717: 0.993122
57718: 0.993122
57719: 0.993122
57720: 0.993122
57721: 0.993122
57722: 0.993122
57723: 0.993122
57724: 0.993123
57725: 0.993123
57726: 0.993123
57727: 0.993123
57728: 0.993123
57729: 0.993123
57730: 0.993123
57731: 0.993123
57732: 0.993124
57733: 0.993124
57734: 0.993124
57735: 0.993124
57736: 0.993124
57737: 0.993124
57738: 0.993124
57739: 0.993124
57740: 0.993124
57741: 0.993125
57742: 0.993125
57743: 0.993125
57744: 0.993125
57745: 0.993125
57746: 0.993125
57747: 0.993125
57748: 0.993125
57749: 0.993126
57750: 0.993126
57751: 0.993126
57752: 0.993126
57753: 0.993126
57754: 0.993126
57755: 0.993126
57756: 0.993126
57757: 0.993126
57758: 0.993127
57759: 0.993127
57760: 0.993127
57761: 0.993127
57762: 0.993127
57763: 0.993127
57764: 0.993127
57765: 0.993127
57766: 0.993128
57767: 0.993128
57768: 0.993128
57769: 0.993128
57770: 0.993128
57771: 0.993128
57772: 0.993128
57773: 0.993128
57774: 0.993129
57775: 0.993129
57776: 0.993129
57777: 0.993129
57778: 0.993129
57779: 0.993129
57780: 0.993129
57781: 0.993129
57782: 0.993129
57783: 0.99313
57784: 0.99313
57785: 0.99313
57786: 0.99313
57787: 0.99313
57788: 0.99313
57789: 0.99313
57790: 0.99313
57791: 0.993131
57792: 0.993131
57793: 0.993131
57794: 0.993131
57795: 0.993131
57796: 0.993131
57797: 0.993131
57798: 0.993131
57799: 0.993131
57800: 0.993132
57801: 0.993132
57802: 0.993132
57803: 0.993132
57804: 0.993132
57805: 0.993132
57806: 0.993132
57807: 0.993132
57808: 0.993133
57809: 0.993133
57810: 0.993133
57811: 0.993133
57812: 0.993133
57813: 0.993133
57814: 0.993133
57815: 0.993133
57816: 0.993134
57817: 0.993134
57818: 0.993134
57819: 0.993134
57820: 0.993134
57821: 0.993134
57822: 0.993134
57823: 0.993134
57824: 0.993134
57825: 0.993135
57826: 0.993135
57827: 0.993135
57828: 0.993135
57829: 0.993135
57830: 0.993135
57831: 0.993135
57832: 0.993135
57833: 0.993136
57834: 0.993136
57835: 0.993136
57836: 0.993136
57837: 0.993136
57838: 0.993136
57839: 0.993136
57840: 0.993136
57841: 0.993136
57842: 0.993137
57843: 0.993119
57844: 0.99312
57845: 0.99312
57846: 0.99312
57847: 0.99312
57848: 0.99312
57849: 0.993103
57850: 0.993086
57851: 0.993086
57852: 0.993086
57853: 0.993086
57854: 0.993086
57855: 0.993086
57856: 0.993086
57857: 0.993087
57858: 0.993087
57859: 0.993087
57860: 0.993087
57861: 0.993087
57862: 0.993087
57863: 0.993087
57864: 0.993087
57865: 0.993087
57866: 0.993088
57867: 0.993088
57868: 0.993088
57869: 0.993088
57870: 0.993088
57871: 0.993088
57872: 0.993088
57873: 0.993088
57874: 0.993089
57875: 0.993089
57876: 0.993089
57877: 0.993089
57878: 0.993089
57879: 0.993089
57880: 0.993089
57881: 0.993089
57882: 0.99309
57883: 0.99309
57884: 0.99309
57885: 0.99309
57886: 0.99309
57887: 0.99309
57888: 0.99309
57889: 0.99309
57890: 0.99309
57891: 0.993091
57892: 0.993091
57893: 0.993091
57894: 0.993091
57895: 0.993091
57896: 0.993091
57897: 0.993091
57898: 0.993091
57899: 0.993092
57900: 0.993092
57901: 0.993092
57902: 0.993092
57903: 0.993092
57904: 0.993092
57905: 0.993092
57906: 0.993092
57907: 0.993092
57908: 0.993093
57909: 0.993093
57910: 0.993093
57911: 0.993093
57912: 0.993093
57913: 0.993093
57914: 0.993093
57915: 0.993093
57916: 0.993094
57917: 0.993094
57918: 0.993094
57919: 0.993094
57920: 0.993094
57921: 0.993094
57922: 0.993094
57923: 0.993094
57924: 0.993095
57925: 0.993095
57926: 0.993095
57927: 0.993095
57928: 0.993095
57929: 0.993095
57930: 0.993095
57931: 0.993095
57932: 0.993095
57933: 0.993096
57934: 0.993096
57935: 0.993096
57936: 0.993096
57937: 0.993096
57938: 0.993096
57939: 0.993096
57940: 0.993096
57941: 0.993097
57942: 0.993097
57943: 0.993097
57944: 0.993097
57945: 0.993097
57946: 0.993097
57947: 0.993097
57948: 0.993097
57949: 0.993097
57950: 0.993098
57951: 0.993098
57952: 0.993098
57953: 0.993098
57954: 0.993098
57955: 0.993098
57956: 0.993098
57957: 0.993098
57958: 0.993099
57959: 0.993099
57960: 0.993099
57961: 0.993099
57962: 0.993099
57963: 0.993099
57964: 0.993099
57965: 0.993099
57966: 0.9931
57967: 0.9931
57968: 0.9931
57969: 0.9931
57970: 0.9931
57971: 0.9931
57972: 0.9931
57973: 0.9931
57974: 0.9931
57975: 0.993101
57976: 0.993101
57977: 0.993101
57978: 0.993101
57979: 0.993101
57980: 0.993101
57981: 0.993101
57982: 0.993101
57983: 0.993102
57984: 0.993102
57985: 0.993102
57986: 0.993102
57987: 0.993102
57988: 0.993102
57989: 0.993102
57990: 0.993102
57991: 0.993102
57992: 0.993103
57993: 0.993103
57994: 0.993103
57995: 0.993103
57996: 0.993103
57997: 0.993103
57998: 0.993103
57999: 0.993103
58000: 0.993104
58001: 0.993104
58002: 0.993104
58003: 0.993104
58004: 0.993104
58005: 0.993104
58006: 0.993104
58007: 0.993104
58008: 0.993105
58009: 0.993105
58010: 0.993105
58011: 0.993105
58012: 0.993105
58013: 0.993105
58014: 0.993105
58015: 0.993105
58016: 0.993105
58017: 0.993106
58018: 0.993106
58019: 0.993106
58020: 0.993106
58021: 0.993106
58022: 0.993106
58023: 0.993106
58024: 0.993106
58025: 0.993107
58026: 0.993107
58027: 0.993107
58028: 0.993107
58029: 0.993107
58030: 0.993107
58031: 0.993107
58032: 0.993107
58033: 0.993107
58034: 0.993108
58035: 0.993108
58036: 0.993108
58037: 0.993108
58038: 0.993108
58039: 0.993108
58040: 0.993108
58041: 0.993108
58042: 0.993109
58043: 0.993109
58044: 0.993109
58045: 0.993109
58046: 0.993109
58047: 0.993109
58048: 0.993109
58049: 0.993109
58050: 0.99311
58051: 0.99311
58052: 0.99311
58053: 0.99311
58054: 0.99311
58055: 0.99311
58056: 0.99311
58057: 0.99311
58058: 0.99311
58059: 0.993111
58060: 0.993111
58061: 0.993111
58062: 0.993111
58063: 0.993111
58064: 0.993111
58065: 0.993111
58066: 0.993111
58067: 0.993112
58068: 0.993112
58069: 0.993112
58070: 0.993112
58071: 0.993112
58072: 0.993112
58073: 0.993112
58074: 0.993112
58075: 0.993112
58076: 0.993113
58077: 0.993113
58078: 0.993113
58079: 0.993113
58080: 0.993113
58081: 0.993113
58082: 0.993113
58083: 0.993113
58084: 0.993114
58085: 0.993114
58086: 0.993114
58087: 0.993114
58088: 0.993114
58089: 0.993114
58090: 0.993114
58091: 0.993114
58092: 0.993114
58093: 0.993115
58094: 0.993115
58095: 0.993115
58096: 0.993115
58097: 0.993115
58098: 0.993115
58099: 0.993115
58100: 0.993115
58101: 0.993116
58102: 0.993116
58103: 0.993116
58104: 0.993116
58105: 0.993116
58106: 0.993116
58107: 0.993116
58108: 0.993116
58109: 0.993117
58110: 0.993117
58111: 0.993117
58112: 0.993117
58113: 0.993117
58114: 0.993117
58115: 0.993117
58116: 0.993117
58117: 0.993117
58118: 0.993118
58119: 0.993118
58120: 0.993118
58121: 0.993118
58122: 0.993118
58123: 0.993118
58124: 0.993118
58125: 0.993118
58126: 0.993119
58127: 0.993119
58128: 0.993119
58129: 0.993119
58130: 0.993119
58131: 0.993119
58132: 0.993119
58133: 0.993119
58134: 0.993119
58135: 0.99312
58136: 0.99312
58137: 0.99312
58138: 0.99312
58139: 0.99312
58140: 0.99312
58141: 0.99312
58142: 0.99312
58143: 0.993121
58144: 0.993121
58145: 0.993121
58146: 0.993121
58147: 0.993121
58148: 0.993121
58149: 0.993121
58150: 0.993121
58151: 0.993121
58152: 0.993122
58153: 0.993122
58154: 0.993122
58155: 0.993122
58156: 0.993122
58157: 0.993122
58158: 0.993122
58159: 0.993122
58160: 0.993123
58161: 0.993123
58162: 0.993123
58163: 0.993123
58164: 0.993123
58165: 0.993123
58166: 0.993123
58167: 0.993123
58168: 0.993123
58169: 0.993124
58170: 0.993124
58171: 0.993124
58172: 0.993124
58173: 0.993124
58174: 0.993124
58175: 0.993124
58176: 0.993124
58177: 0.993125
58178: 0.993125
58179: 0.993125
58180: 0.993125
58181: 0.993125
58182: 0.993125
58183: 0.993125
58184: 0.993125
58185: 0.993125
58186: 0.993126
58187: 0.993126
58188: 0.993126
58189: 0.993126
58190: 0.993126
58191: 0.993126
58192: 0.993126
58193: 0.993126
58194: 0.993127
58195: 0.993127
58196: 0.993127
58197: 0.993127
58198: 0.993127
58199: 0.993127
58200: 0.993127
58201: 0.993127
58202: 0.993128
58203: 0.993128
58204: 0.993128
58205: 0.993128
58206: 0.993128
58207: 0.993128
58208: 0.993128
58209: 0.993128
58210: 0.993128
58211: 0.993129
58212: 0.993129
58213: 0.993129
58214: 0.993129
58215: 0.993129
58216: 0.993129
58217: 0.993129
58218: 0.993129
58219: 0.99313
58220: 0.99313
58221: 0.99313
58222: 0.99313
58223: 0.99313
58224: 0.99313
58225: 0.99313
58226: 0.99313
58227: 0.99313
58228: 0.993131
58229: 0.993131
58230: 0.993131
58231: 0.993131
58232: 0.993131
58233: 0.993131
58234: 0.993131
58235: 0.993131
58236: 0.993132
58237: 0.993132
58238: 0.993132
58239: 0.993132
58240: 0.993132
58241: 0.993132
58242: 0.993132
58243: 0.993132
58244: 0.993132
58245: 0.993133
58246: 0.993133
58247: 0.993133
58248: 0.993133
58249: 0.993133
58250: 0.993133
58251: 0.993133
58252: 0.993133
58253: 0.993134
58254: 0.993134
58255: 0.993134
58256: 0.993134
58257: 0.993134
58258: 0.993134
58259: 0.993134
58260: 0.993134
58261: 0.993134
58262: 0.993135
58263: 0.993135
58264: 0.993135
58265: 0.993135
58266: 0.993135
58267: 0.993135
58268: 0.993135
58269: 0.993135
58270: 0.993136
58271: 0.993136
58272: 0.993136
58273: 0.993136
58274: 0.993136
58275: 0.993136
58276: 0.993136
58277: 0.993136
58278: 0.993136
58279: 0.993137
58280: 0.993137
58281: 0.993137
58282: 0.993137
58283: 0.993137
58284: 0.993137
58285: 0.993137
58286: 0.993137
58287: 0.993138
58288: 0.993138
58289: 0.993138
58290: 0.993138
58291: 0.993138
58292: 0.993138
58293: 0.993138
58294: 0.993138
58295: 0.993138
58296: 0.993139
58297: 0.993139
58298: 0.993139
58299: 0.993139
58300: 0.993139
58301: 0.993139
58302: 0.993139
58303: 0.993139
58304: 0.99314
58305: 0.99314
58306: 0.99314
58307: 0.99314
58308: 0.99314
58309: 0.99314
58310: 0.99314
58311: 0.99314
58312: 0.99314
58313: 0.993141
58314: 0.993141
58315: 0.993141
58316: 0.993141
58317: 0.993141
58318: 0.993141
58319: 0.993141
58320: 0.993141
58321: 0.993142
58322: 0.993142
58323: 0.993142
58324: 0.993142
58325: 0.993142
58326: 0.993142
58327: 0.993142
58328: 0.993142
58329: 0.993142
58330: 0.993143
58331: 0.993143
58332: 0.993143
58333: 0.993143
58334: 0.993143
58335: 0.993143
58336: 0.993143
58337: 0.993143
58338: 0.993144
58339: 0.993144
58340: 0.993144
58341: 0.993144
58342: 0.993144
58343: 0.993144
58344: 0.993144
58345: 0.993144
58346: 0.993144
58347: 0.993145
58348: 0.993145
58349: 0.993145
58350: 0.993145
58351: 0.993145
58352: 0.993145
58353: 0.993145
58354: 0.993145
58355: 0.993146
58356: 0.993146
58357: 0.993146
58358: 0.993146
58359: 0.993146
58360: 0.993146
58361: 0.993146
58362: 0.993146
58363: 0.993146
58364: 0.993147
58365: 0.993147
58366: 0.993147
58367: 0.993147
58368: 0.993147
58369: 0.993147
58370: 0.993147
58371: 0.993147
58372: 0.993148
58373: 0.993148
58374: 0.993148
58375: 0.993148
58376: 0.993148
58377: 0.993148
58378: 0.993148
58379: 0.993148
58380: 0.993148
58381: 0.993149
58382: 0.993149
58383: 0.993149
58384: 0.993149
58385: 0.993149
58386: 0.993149
58387: 0.993149
58388: 0.993149
58389: 0.99315
58390: 0.99315
58391: 0.99315
58392: 0.99315
58393: 0.99315
58394: 0.99315
58395: 0.99315
58396: 0.99315
58397: 0.99315
58398: 0.993151
58399: 0.993151
58400: 0.993151
58401: 0.993151
58402: 0.993151
58403: 0.993151
58404: 0.993151
58405: 0.993151
58406: 0.993152
58407: 0.993152
58408: 0.993152
58409: 0.993152
58410: 0.993152
58411: 0.993152
58412: 0.993152
58413: 0.993152
58414: 0.993152
58415: 0.993153
58416: 0.993153
58417: 0.993153
58418: 0.993153
58419: 0.993153
58420: 0.993153
58421: 0.993153
58422: 0.993153
58423: 0.993153
58424: 0.993154
58425: 0.993154
58426: 0.993154
58427: 0.993154
58428: 0.993154
58429: 0.993154
58430: 0.993154
58431: 0.993154
58432: 0.993155
58433: 0.993155
58434: 0.993155
58435: 0.993155
58436: 0.993155
58437: 0.993155
58438: 0.993155
58439: 0.993155
58440: 0.993155
58441: 0.993156
58442: 0.993156
58443: 0.993156
58444: 0.993156
58445: 0.993156
58446: 0.993156
58447: 0.993156
58448: 0.993156
58449: 0.993157
58450: 0.993157
58451: 0.993157
58452: 0.993157
58453: 0.993157
58454: 0.993157
58455: 0.993157
58456: 0.993157
58457: 0.993157
58458: 0.993158
58459: 0.993158
58460: 0.993158
58461: 0.993158
58462: 0.993158
58463: 0.993158
58464: 0.993158
58465: 0.993158
58466: 0.993159
58467: 0.993159
58468: 0.993159
58469: 0.993159
58470: 0.993159
58471: 0.993159
58472: 0.993159
58473: 0.993159
58474: 0.993159
58475: 0.99316
58476: 0.99316
58477: 0.99316
58478: 0.99316
58479: 0.99316
58480: 0.99316
58481: 0.99316
58482: 0.99316
58483: 0.993161
58484: 0.993161
58485: 0.993161
58486: 0.993161
58487: 0.993161
58488: 0.993161
58489: 0.993161
58490: 0.993161
58491: 0.993161
58492: 0.993162
58493: 0.993162
58494: 0.993162
58495: 0.993162
58496: 0.993162
58497: 0.993162
58498: 0.993162
58499: 0.993162
58500: 0.993163
58501: 0.993163
58502: 0.993163
58503: 0.993163
58504: 0.993163
58505: 0.993163
58506: 0.993163
58507: 0.993163
58508: 0.993163
58509: 0.993164
58510: 0.993164
58511: 0.993164
58512: 0.993164
58513: 0.993164
58514: 0.993164
58515: 0.993164
58516: 0.993164
58517: 0.993164
58518: 0.993165
58519: 0.993165
58520: 0.993165
58521: 0.993165
58522: 0.993165
58523: 0.993165
58524: 0.993165
58525: 0.993165
58526: 0.993166
58527: 0.993166
58528: 0.993166
58529: 0.993166
58530: 0.993166
58531: 0.993166
58532: 0.993166
58533: 0.993166
58534: 0.993166
58535: 0.993167
58536: 0.993167
58537: 0.993167
58538: 0.993167
58539: 0.993167
58540: 0.993167
58541: 0.993167
58542: 0.993167
58543: 0.993168
58544: 0.993168
58545: 0.993168
58546: 0.993168
58547: 0.993168
58548: 0.993168
58549: 0.993168
58550: 0.993168
58551: 0.993168
58552: 0.993169
58553: 0.993169
58554: 0.993169
58555: 0.993169
58556: 0.993169
58557: 0.993169
58558: 0.993169
58559: 0.993169
58560: 0.99317
58561: 0.99317
58562: 0.99317
58563: 0.99317
58564: 0.99317
58565: 0.99317
58566: 0.99317
58567: 0.99317
58568: 0.99317
58569: 0.993171
58570: 0.993171
58571: 0.993171
58572: 0.993171
58573: 0.993171
58574: 0.993171
58575: 0.993171
58576: 0.993171
58577: 0.993171
58578: 0.993172
58579: 0.993172
58580: 0.993172
58581: 0.993172
58582: 0.993172
58583: 0.993172
58584: 0.993172
58585: 0.993172
58586: 0.993173
58587: 0.993173
58588: 0.993173
58589: 0.993173
58590: 0.993173
58591: 0.993173
58592: 0.993173
58593: 0.993173
58594: 0.993173
58595: 0.993174
58596: 0.993174
58597: 0.993174
58598: 0.993174
58599: 0.993174
58600: 0.993174
58601: 0.993174
58602: 0.993174
58603: 0.993175
58604: 0.993175
58605: 0.993175
58606: 0.993175
58607: 0.993175
58608: 0.993175
58609: 0.993175
58610: 0.993175
58611: 0.993175
58612: 0.993176
58613: 0.993176
58614: 0.993176
58615: 0.993176
58616: 0.993176
58617: 0.993176
58618: 0.993176
58619: 0.993176
58620: 0.993177
58621: 0.993177
58622: 0.993177
58623: 0.993177
58624: 0.993177
58625: 0.993177
58626: 0.993177
58627: 0.993177
58628: 0.993177
58629: 0.993178
58630: 0.993178
58631: 0.993178
58632: 0.993178
58633: 0.993178
58634: 0.993178
58635: 0.993178
58636: 0.993178
58637: 0.993178
58638: 0.993179
58639: 0.993179
58640: 0.993179
58641: 0.993179
58642: 0.993179
58643: 0.993179
58644: 0.993179
58645: 0.993179
58646: 0.99318
58647: 0.99318
58648: 0.99318
58649: 0.99318
58650: 0.99318
58651: 0.99318
58652: 0.99318
58653: 0.99318
58654: 0.99318
58655: 0.993181
58656: 0.993181
58657: 0.993181
58658: 0.993181
58659: 0.993181
58660: 0.993181
58661: 0.993181
58662: 0.993181
58663: 0.993182
58664: 0.993182
58665: 0.993182
58666: 0.993182
58667: 0.993182
58668: 0.993182
58669: 0.993182
58670: 0.993182
58671: 0.993182
58672: 0.993183
58673: 0.993183
58674: 0.993183
58675: 0.993183
58676: 0.993183
58677: 0.993183
58678: 0.993183
58679: 0.993183
58680: 0.993183
58681: 0.993184
58682: 0.993184
58683: 0.993184
58684: 0.993184
58685: 0.993184
58686: 0.993184
58687: 0.993184
58688: 0.993184
58689: 0.993185
58690: 0.993185
58691: 0.993185
58692: 0.993185
58693: 0.993185
58694: 0.993185
58695: 0.993185
58696: 0.993185
58697: 0.993185
58698: 0.993186
58699: 0.993186
58700: 0.993186
58701: 0.993186
58702: 0.993186
58703: 0.993186
58704: 0.993186
58705: 0.993186
58706: 0.993187
58707: 0.993187
58708: 0.993187
58709: 0.993187
58710: 0.993187
58711: 0.993187
58712: 0.993187
58713: 0.993187
58714: 0.993187
58715: 0.993188
58716: 0.993188
58717: 0.993188
58718: 0.993188
58719: 0.993188
58720: 0.993188
58721: 0.993188
58722: 0.993188
58723: 0.993188
58724: 0.993189
58725: 0.993189
58726: 0.993189
58727: 0.993189
58728: 0.993189
58729: 0.993189
58730: 0.993189
58731: 0.993189
58732: 0.99319
58733: 0.99319
58734: 0.99319
58735: 0.99319
58736: 0.99319
58737: 0.99319
58738: 0.99319
58739: 0.99319
58740: 0.99319
58741: 0.993191
58742: 0.993191
58743: 0.993191
58744: 0.993191
58745: 0.993191
58746: 0.993191
58747: 0.993191
58748: 0.993191
58749: 0.993191
58750: 0.993192
58751: 0.993192
58752: 0.993192
58753: 0.993192
58754: 0.993192
58755: 0.993192
58756: 0.993192
58757: 0.993192
58758: 0.993193
58759: 0.993193
58760: 0.993193
58761: 0.993193
58762: 0.993193
58763: 0.993193
58764: 0.993193
58765: 0.993193
58766: 0.993193
58767: 0.993194
58768: 0.993194
58769: 0.993194
58770: 0.993194
58771: 0.993194
58772: 0.993194
58773: 0.993194
58774: 0.993194
58775: 0.993195
58776: 0.993195
58777: 0.993195
58778: 0.993195
58779: 0.993195
58780: 0.993195
58781: 0.993195
58782: 0.993195
58783: 0.993195
58784: 0.993196
58785: 0.993196
58786: 0.993196
58787: 0.993196
58788: 0.993196
58789: 0.993196
58790: 0.993196
58791: 0.993196
58792: 0.993196
58793: 0.993197
58794: 0.993197
58795: 0.993197
58796: 0.993197
58797: 0.993197
58798: 0.993197
58799: 0.993197
58800: 0.993197
58801: 0.993198
58802: 0.993198
58803: 0.993198
58804: 0.993198
58805: 0.993198
58806: 0.993198
58807: 0.993198
58808: 0.993198
58809: 0.993198
58810: 0.993199
58811: 0.993199
58812: 0.993199
58813: 0.993199
58814: 0.993199
58815: 0.993199
58816: 0.993199
58817: 0.993199
58818: 0.993199
58819: 0.9932
58820: 0.9932
58821: 0.9932
58822: 0.9932
58823: 0.9932
58824: 0.9932
58825: 0.9932
58826: 0.9932
58827: 0.993201
58828: 0.993201
58829: 0.993201
58830: 0.993201
58831: 0.993201
58832: 0.993201
58833: 0.993201
58834: 0.993201
58835: 0.993201
58836: 0.993202
58837: 0.993202
58838: 0.993202
58839: 0.993202
58840: 0.993202
58841: 0.993202
58842: 0.993202
58843: 0.993202
58844: 0.993202
58845: 0.993203
58846: 0.993203
58847: 0.993203
58848: 0.993203
58849: 0.993203
58850: 0.993203
58851: 0.993203
58852: 0.993203
58853: 0.993204
58854: 0.993204
58855: 0.993204
58856: 0.993204
58857: 0.993204
58858: 0.993204
58859: 0.993204
58860: 0.993204
58861: 0.993204
58862: 0.993205
58863: 0.993205
58864: 0.993205
58865: 0.993205
58866: 0.993205
58867: 0.993205
58868: 0.993205
58869: 0.993205
58870: 0.993205
58871: 0.993206
58872: 0.993206
58873: 0.993206
58874: 0.993206
58875: 0.993206
58876: 0.993206
58877: 0.993206
58878: 0.993206
58879: 0.993207
58880: 0.993207
58881: 0.993207
58882: 0.993207
58883: 0.993207
58884: 0.993207
58885: 0.993207
58886: 0.993207
58887: 0.993207
58888: 0.993208
58889: 0.993208
58890: 0.993208
58891: 0.993208
58892: 0.993208
58893: 0.993208
58894: 0.993208
58895: 0.993208
58896: 0.993208
58897: 0.993209
58898: 0.993209
58899: 0.993209
58900: 0.993209
58901: 0.993209
58902: 0.993209
58903: 0.993209
58904: 0.993209
58905: 0.99321
58906: 0.99321
58907: 0.99321
58908: 0.99321
58909: 0.99321
58910: 0.99321
58911: 0.99321
58912: 0.99321
58913: 0.99321
58914: 0.993211
58915: 0.993211
58916: 0.993211
58917: 0.993211
58918: 0.993211
58919: 0.993211
58920: 0.993211
58921: 0.993211
58922: 0.993211
58923: 0.993212
58924: 0.993212
58925: 0.993212
58926: 0.993212
58927: 0.993212
58928: 0.993212
58929: 0.993212
58930: 0.993212
58931: 0.993213
58932: 0.993213
58933: 0.993213
58934: 0.993213
58935: 0.993213
58936: 0.993213
58937: 0.993213
58938: 0.993213
58939: 0.993213
58940: 0.993214
58941: 0.993214
58942: 0.993214
58943: 0.993214
58944: 0.993214
58945: 0.993214
58946: 0.993214
58947: 0.993214
58948: 0.993214
58949: 0.993215
58950: 0.993215
58951: 0.993215
58952: 0.993215
58953: 0.993215
58954: 0.993215
58955: 0.993215
58956: 0.993215
58957: 0.993216
58958: 0.993216
58959: 0.993216
58960: 0.993216
58961: 0.993216
58962: 0.993216
58963: 0.993216
58964: 0.993216
58965: 0.993216
58966: 0.993217
58967: 0.993217
58968: 0.993217
58969: 0.993217
58970: 0.993217
58971: 0.993217
58972: 0.993217
58973: 0.993217
58974: 0.993217
58975: 0.993218
58976: 0.993218
58977: 0.993218
58978: 0.993218
58979: 0.993218
58980: 0.993218
58981: 0.993218
58982: 0.993218
58983: 0.993218
58984: 0.993219
58985: 0.993219
58986: 0.993219
58987: 0.993219
58988: 0.993219
58989: 0.993219
58990: 0.993219
58991: 0.993219
58992: 0.99322
58993: 0.99322
58994: 0.99322
58995: 0.99322
58996: 0.99322
58997: 0.99322
58998: 0.99322
58999: 0.99322
59000: 0.99322
59001: 0.993221
59002: 0.993221
59003: 0.993221
59004: 0.993221
59005: 0.993221
59006: 0.993221
59007: 0.993221
59008: 0.993221
59009: 0.993221
59010: 0.993222
59011: 0.993222
59012: 0.993222
59013: 0.993222
59014: 0.993222
59015: 0.993222
59016: 0.993222
59017: 0.993222
59018: 0.993223
59019: 0.993223
59020: 0.993223
59021: 0.993223
59022: 0.993223
59023: 0.993223
59024: 0.993223
59025: 0.993223
59026: 0.993223
59027: 0.993224
59028: 0.993224
59029: 0.993224
59030: 0.993224
59031: 0.993224
59032: 0.993224
59033: 0.993224
59034: 0.993224
59035: 0.993224
59036: 0.993225
59037: 0.993225
59038: 0.993225
59039: 0.993225
59040: 0.993225
59041: 0.993225
59042: 0.993225
59043: 0.993225
59044: 0.993226
59045: 0.993226
59046: 0.993226
59047: 0.993226
59048: 0.993226
59049: 0.993226
59050: 0.993226
59051: 0.993226
59052: 0.993226
59053: 0.993227
59054: 0.993227
59055: 0.993227
59056: 0.993227
59057: 0.993227
59058: 0.993227
59059: 0.993227
59060: 0.993227
59061: 0.993227
59062: 0.993228
59063: 0.993228
59064: 0.993228
59065: 0.993228
59066: 0.993228
59067: 0.993228
59068: 0.993228
59069: 0.993228
59070: 0.993228
59071: 0.993229
59072: 0.993229
59073: 0.993229
59074: 0.993229
59075: 0.993229
59076: 0.993229
59077: 0.993229
59078: 0.993229
59079: 0.99323
59080: 0.99323
59081: 0.99323
59082: 0.99323
59083: 0.99323
59084: 0.99323
59085: 0.99323
59086: 0.99323
59087: 0.99323
59088: 0.993214
59089: 0.993197
59090: 0.993197
59091: 0.993197
59092: 0.993197
59093: 0.993197
59094: 0.993197
59095: 0.993198
59096: 0.993198
59097: 0.993181
59098: 0.993181
59099: 0.993181
59100: 0.993181
59101: 0.993181
59102: 0.993181
59103: 0.993182
59104: 0.993182
59105: 0.993182
59106: 0.993182
59107: 0.993182
59108: 0.993182
59109: 0.993182
59110: 0.993182
59111: 0.993182
59112: 0.993183
59113: 0.993183
59114: 0.993183
59115: 0.993183
59116: 0.993183
59117: 0.993183
59118: 0.993183
59119: 0.993183
59120: 0.993183
59121: 0.993184
59122: 0.993184
59123: 0.993184
59124: 0.993184
59125: 0.993184
59126: 0.993184
59127: 0.993184
59128: 0.993184
59129: 0.993185
59130: 0.993185
59131: 0.993185
59132: 0.993185
59133: 0.993185
59134: 0.993185
59135: 0.993185
59136: 0.993185
59137: 0.993185
59138: 0.993186
59139: 0.993186
59140: 0.993186
59141: 0.993186
59142: 0.993186
59143: 0.993186
59144: 0.993186
59145: 0.993186
59146: 0.993186
59147: 0.993187
59148: 0.993187
59149: 0.993187
59150: 0.993187
59151: 0.993187
59152: 0.993187
59153: 0.993187
59154: 0.993187
59155: 0.993188
59156: 0.993188
59157: 0.993188
59158: 0.993188
59159: 0.993188
59160: 0.993188
59161: 0.993188
59162: 0.993188
59163: 0.993188
59164: 0.993189
59165: 0.993189
59166: 0.993189
59167: 0.993189
59168: 0.993189
59169: 0.993189
59170: 0.993189
59171: 0.993189
59172: 0.993189
59173: 0.99319
59174: 0.99319
59175: 0.99319
59176: 0.99319
59177: 0.99319
59178: 0.99319
59179: 0.99319
59180: 0.99319
59181: 0.99319
59182: 0.993191
59183: 0.993191
59184: 0.993191
59185: 0.993191
59186: 0.993191
59187: 0.993191
59188: 0.993191
59189: 0.993191
59190: 0.993192
59191: 0.993192
59192: 0.993192
59193: 0.993192
59194: 0.993192
59195: 0.993192
59196: 0.993192
59197: 0.993192
59198: 0.993192
59199: 0.993193
59200: 0.993193
59201: 0.993193
59202: 0.993193
59203: 0.993193
59204: 0.993193
59205: 0.993193
59206: 0.993193
59207: 0.993193
59208: 0.993194
59209: 0.993194
59210: 0.993194
59211: 0.993194
59212: 0.993194
59213: 0.993194
59214: 0.993194
59215: 0.993194
59216: 0.993195
59217: 0.993195
59218: 0.993195
59219: 0.993195
59220: 0.993195
59221: 0.993195
59222: 0.993195
59223: 0.993195
59224: 0.993195
59225: 0.993196
59226: 0.993196
59227: 0.993196
59228: 0.993196
59229: 0.993196
59230: 0.993196
59231: 0.993196
59232: 0.993196
59233: 0.993196
59234: 0.993197
59235: 0.993197
59236: 0.993197
59237: 0.993197
59238: 0.993197
59239: 0.993197
59240: 0.993197
59241: 0.993197
59242: 0.993198
59243: 0.993198
59244: 0.993198
59245: 0.993198
59246: 0.993198
59247: 0.993198
59248: 0.993198
59249: 0.993198
59250: 0.993198
59251: 0.993199
59252: 0.993199
59253: 0.993199
59254: 0.993199
59255: 0.993199
59256: 0.993199
59257: 0.993199
59258: 0.993199
59259: 0.993199
59260: 0.9932
59261: 0.9932
59262: 0.9932
59263: 0.9932
59264: 0.9932
59265: 0.9932
59266: 0.9932
59267: 0.9932
59268: 0.9932
59269: 0.993201
59270: 0.993201
59271: 0.993201
59272: 0.993201
59273: 0.993201
59274: 0.993201
59275: 0.993201
59276: 0.993201
59277: 0.993202
59278: 0.993202
59279: 0.993202
59280: 0.993202
59281: 0.993202
59282: 0.993202
59283: 0.993202
59284: 0.993202
59285: 0.993202
59286: 0.993203
59287: 0.993203
59288: 0.993203
59289: 0.993203
59290: 0.993203
59291: 0.993203
59292: 0.993203
59293: 0.993203
59294: 0.993203
59295: 0.993204
59296: 0.993204
59297: 0.993204
59298: 0.993204
59299: 0.993204
59300: 0.993204
59301: 0.993204
59302: 0.993204
59303: 0.993205
59304: 0.993205
59305: 0.993205
59306: 0.993205
59307: 0.993205
59308: 0.993205
59309: 0.993205
59310: 0.993205
59311: 0.993205
59312: 0.993206
59313: 0.993206
59314: 0.993206
59315: 0.993206
59316: 0.993206
59317: 0.993206
59318: 0.993206
59319: 0.993206
59320: 0.993206
59321: 0.993207
59322: 0.993207
59323: 0.993207
59324: 0.993207
59325: 0.993207
59326: 0.993207
59327: 0.993207
59328: 0.993207
59329: 0.993207
59330: 0.993208
59331: 0.993208
59332: 0.993208
59333: 0.993208
59334: 0.993208
59335: 0.993208
59336: 0.993208
59337: 0.993208
59338: 0.993209
59339: 0.993209
59340: 0.993209
59341: 0.993209
59342: 0.993209
59343: 0.993209
59344: 0.993209
59345: 0.993209
59346: 0.993209
59347: 0.99321
59348: 0.99321
59349: 0.99321
59350: 0.99321
59351: 0.99321
59352: 0.99321
59353: 0.99321
59354: 0.99321
59355: 0.99321
59356: 0.993211
59357: 0.993211
59358: 0.993211
59359: 0.993211
59360: 0.993211
59361: 0.993211
59362: 0.993211
59363: 0.993211
59364: 0.993211
59365: 0.993212
59366: 0.993212
59367: 0.993212
59368: 0.993212
59369: 0.993212
59370: 0.993212
59371: 0.993212
59372: 0.993212
59373: 0.993213
59374: 0.993213
59375: 0.993213
59376: 0.993213
59377: 0.993213
59378: 0.993213
59379: 0.993213
59380: 0.993213
59381: 0.993213
59382: 0.993214
59383: 0.993214
59384: 0.993214
59385: 0.993214
59386: 0.993214
59387: 0.993214
59388: 0.993214
59389: 0.993214
59390: 0.993214
59391: 0.993215
59392: 0.993215
59393: 0.993215
59394: 0.993215
59395: 0.993215
59396: 0.993215
59397: 0.993215
59398: 0.993215
59399: 0.993215
59400: 0.993216
59401: 0.993216
59402: 0.993216
59403: 0.993216
59404: 0.993216
59405: 0.993216
59406: 0.993216
59407: 0.993216
59408: 0.993217
59409: 0.993217
59410: 0.993217
59411: 0.993217
59412: 0.993217
59413: 0.993217
59414: 0.993217
59415: 0.993217
59416: 0.993217
59417: 0.993218
59418: 0.993218
59419: 0.993218
59420: 0.993218
59421: 0.993218
59422: 0.993218
59423: 0.993218
59424: 0.993218
59425: 0.993218
59426: 0.993219
59427: 0.993219
59428: 0.993219
59429: 0.993219
59430: 0.993219
59431: 0.993219
59432: 0.993219
59433: 0.993219
59434: 0.993219
59435: 0.99322
59436: 0.99322
59437: 0.99322
59438: 0.99322
59439: 0.99322
59440: 0.99322
59441: 0.99322
59442: 0.99322
59443: 0.993221
59444: 0.993221
59445: 0.993221
59446: 0.993221
59447: 0.993221
59448: 0.993221
59449: 0.993221
59450: 0.993221
59451: 0.993221
59452: 0.993222
59453: 0.993222
59454: 0.993222
59455: 0.993222
59456: 0.993222
59457: 0.993222
59458: 0.993222
59459: 0.993222
59460: 0.993222
59461: 0.993223
59462: 0.993223
59463: 0.993223
59464: 0.993223
59465: 0.993223
59466: 0.993223
59467: 0.993223
59468: 0.993223
59469: 0.993223
59470: 0.993224
59471: 0.993224
59472: 0.993224
59473: 0.993224
59474: 0.993224
59475: 0.993224
59476: 0.993224
59477: 0.993224
59478: 0.993224
59479: 0.993225
59480: 0.993225
59481: 0.993225
59482: 0.993225
59483: 0.993225
59484: 0.993225
59485: 0.993225
59486: 0.993225
59487: 0.993226
59488: 0.993226
59489: 0.993226
59490: 0.993226
59491: 0.993226
59492: 0.993226
59493: 0.993226
59494: 0.993226
59495: 0.993226
59496: 0.993227
59497: 0.993227
59498: 0.993227
59499: 0.993227
59500: 0.993227
59501: 0.993227
59502: 0.993227
59503: 0.993227
59504: 0.993227
59505: 0.993228
59506: 0.993228
59507: 0.993228
59508: 0.993228
59509: 0.993228
59510: 0.993228
59511: 0.993228
59512: 0.993228
59513: 0.993228
59514: 0.993229
59515: 0.993229
59516: 0.993229
59517: 0.993229
59518: 0.993229
59519: 0.993229
59520: 0.993229
59521: 0.993229
59522: 0.99323
59523: 0.99323
59524: 0.99323
59525: 0.99323
59526: 0.99323
59527: 0.99323
59528: 0.99323
59529: 0.99323
59530: 0.99323
59531: 0.993231
59532: 0.993231
59533: 0.993231
59534: 0.993231
59535: 0.993231
59536: 0.993231
59537: 0.993231
59538: 0.993231
59539: 0.993231
59540: 0.993232
59541: 0.993232
59542: 0.993232
59543: 0.993232
59544: 0.993232
59545: 0.993232
59546: 0.993232
59547: 0.993232
59548: 0.993232
59549: 0.993233
59550: 0.993233
59551: 0.993233
59552: 0.993233
59553: 0.993233
59554: 0.993233
59555: 0.993233
59556: 0.993233
59557: 0.993233
59558: 0.993234
59559: 0.993234
59560: 0.993234
59561: 0.993234
59562: 0.993234
59563: 0.993234
59564: 0.993234
59565: 0.993234
59566: 0.993235
59567: 0.993235
59568: 0.993235
59569: 0.993235
59570: 0.993235
59571: 0.993235
59572: 0.993235
59573: 0.993235
59574: 0.993235
59575: 0.993236
59576: 0.993236
59577: 0.993236
59578: 0.993236
59579: 0.993236
59580: 0.993236
59581: 0.993236
59582: 0.993236
59583: 0.993236
59584: 0.993237
59585: 0.993237
59586: 0.993237
59587: 0.993237
59588: 0.993237
59589: 0.993237
59590: 0.993237
59591: 0.993237
59592: 0.993237
59593: 0.993238
59594: 0.993238
59595: 0.993238
59596: 0.993238
59597: 0.993238
59598: 0.993238
59599: 0.993238
59600: 0.993238
59601: 0.993238
59602: 0.993239
59603: 0.993239
59604: 0.993239
59605: 0.993239
59606: 0.993239
59607: 0.993239
59608: 0.993239
59609: 0.993239
59610: 0.99324
59611: 0.99324
59612: 0.99324
59613: 0.99324
59614: 0.99324
59615: 0.99324
59616: 0.99324
59617: 0.99324
59618: 0.99324
59619: 0.993241
59620: 0.993241
59621: 0.993241
59622: 0.993241
59623: 0.993241
59624: 0.993241
59625: 0.993241
59626: 0.993241
59627: 0.993241
59628: 0.993242
59629: 0.993242
59630: 0.993242
59631: 0.993242
59632: 0.993242
59633: 0.993242
59634: 0.993242
59635: 0.993242
59636: 0.993242
59637: 0.993243
59638: 0.993243
59639: 0.993243
59640: 0.993243
59641: 0.993243
59642: 0.993243
59643: 0.993243
59644: 0.993243
59645: 0.993243
59646: 0.993244
59647: 0.993244
59648: 0.993244
59649: 0.993244
59650: 0.993244
59651: 0.993244
59652: 0.993244
59653: 0.993244
59654: 0.993244
59655: 0.993245
59656: 0.993245
59657: 0.993245
59658: 0.993245
59659: 0.993245
59660: 0.993245
59661: 0.993245
59662: 0.993245
59663: 0.993246
59664: 0.993246
59665: 0.993246
59666: 0.993246
59667: 0.993246
59668: 0.993246
59669: 0.993246
59670: 0.993246
59671: 0.993246
59672: 0.993247
59673: 0.993247
59674: 0.993247
59675: 0.993247
59676: 0.993247
59677: 0.993247
59678: 0.993247
59679: 0.993247
59680: 0.993247
59681: 0.993248
59682: 0.993248
59683: 0.993248
59684: 0.993248
59685: 0.993248
59686: 0.993248
59687: 0.993248
59688: 0.993248
59689: 0.993248
59690: 0.993249
59691: 0.993249
59692: 0.993249
59693: 0.993249
59694: 0.993249
59695: 0.993249
59696: 0.993249
59697: 0.993249
59698: 0.993249
59699: 0.99325
59700: 0.99325
59701: 0.99325
59702: 0.99325
59703: 0.99325
59704: 0.99325
59705: 0.99325
59706: 0.99325
59707: 0.99325
59708: 0.993251
59709: 0.993251
59710: 0.993251
59711: 0.993251
59712: 0.993251
59713: 0.993251
59714: 0.993251
59715: 0.993251
59716: 0.993252
59717: 0.993252
59718: 0.993252
59719: 0.993252
59720: 0.993252
59721: 0.993252
59722: 0.993252
59723: 0.993252
59724: 0.993252
59725: 0.993253
59726: 0.993253
59727: 0.993253
59728: 0.993253
59729: 0.993253
59730: 0.993253
59731: 0.993253
59732: 0.993253
59733: 0.993253
59734: 0.993254
59735: 0.993254
59736: 0.993254
59737: 0.993254
59738: 0.993254
59739: 0.993254
59740: 0.993254
59741: 0.993254
59742: 0.993254
59743: 0.993255
59744: 0.993255
59745: 0.993255
59746: 0.993255
59747: 0.993255
59748: 0.993255
59749: 0.993255
59750: 0.993255
59751: 0.993255
59752: 0.993256
59753: 0.993256
59754: 0.993256
59755: 0.993256
59756: 0.993256
59757: 0.993256
59758: 0.993256
59759: 0.993256
59760: 0.993256
59761: 0.993257
59762: 0.993257
59763: 0.993257
59764: 0.993257
59765: 0.993257
59766: 0.993257
59767: 0.993257
59768: 0.993257
59769: 0.993257
59770: 0.993258
59771: 0.993258
59772: 0.993258
59773: 0.993258
59774: 0.993258
59775: 0.993258
59776: 0.993258
59777: 0.993258
59778: 0.993259
59779: 0.993259
59780: 0.993259
59781: 0.993259
59782: 0.993259
59783: 0.993259
59784: 0.993259
59785: 0.993259
59786: 0.993259
59787: 0.99326
59788: 0.99326
59789: 0.99326
59790: 0.99326
59791: 0.99326
59792: 0.99326
59793: 0.99326
59794: 0.99326
59795: 0.99326
59796: 0.993261
59797: 0.993261
59798: 0.993261
59799: 0.993261
59800: 0.993261
59801: 0.993261
59802: 0.993261
59803: 0.993261
59804: 0.993261
59805: 0.993262
59806: 0.993262
59807: 0.993262
59808: 0.993262
59809: 0.993262
59810: 0.993262
59811: 0.993262
59812: 0.993262
59813: 0.993262
59814: 0.993263
59815: 0.993263
59816: 0.993263
59817: 0.993263
59818: 0.993263
59819: 0.993263
59820: 0.993263
59821: 0.993263
59822: 0.993263
59823: 0.993264
59824: 0.993264
59825: 0.993264
59826: 0.993264
59827: 0.993264
59828: 0.993264
59829: 0.993264
59830: 0.993264
59831: 0.993264
59832: 0.993265
59833: 0.993265
59834: 0.993265
59835: 0.993265
59836: 0.993265
59837: 0.993265
59838: 0.993265
59839: 0.993265
59840: 0.993265
59841: 0.993266
59842: 0.993266
59843: 0.993266
59844: 0.993266
59845: 0.993266
59846: 0.993266
59847: 0.993266
59848: 0.993266
59849: 0.993266
59850: 0.993267
59851: 0.993267
59852: 0.993267
59853: 0.993267
59854: 0.993267
59855: 0.993267
59856: 0.993267
59857: 0.993267
59858: 0.993268
59859: 0.993268
59860: 0.993268
59861: 0.993268
59862: 0.993268
59863: 0.993268
59864: 0.993268
59865: 0.993268
59866: 0.993268
59867: 0.993269
59868: 0.993269
59869: 0.993269
59870: 0.993269
59871: 0.993269
59872: 0.993269
59873: 0.993269
59874: 0.993269
59875: 0.993269
59876: 0.99327
59877: 0.99327
59878: 0.99327
59879: 0.99327
59880: 0.99327
59881: 0.99327
59882: 0.99327
59883: 0.99327
59884: 0.99327
59885: 0.993271
59886: 0.993271
59887: 0.993271
59888: 0.993271
59889: 0.993271
59890: 0.993271
59891: 0.993271
59892: 0.993271
59893: 0.993271
59894: 0.993272
59895: 0.993272
59896: 0.993272
59897: 0.993272
59898: 0.993272
59899: 0.993272
59900: 0.993272
59901: 0.993272
59902: 0.993272
59903: 0.993273
59904: 0.993273
59905: 0.993273
59906: 0.993273
59907: 0.993273
59908: 0.993273
59909: 0.993273
59910: 0.993273
59911: 0.993273
59912: 0.993274
59913: 0.993274
59914: 0.993274
59915: 0.993274
59916: 0.993274
59917: 0.993274
59918: 0.993274
59919: 0.993274
59920: 0.993274
59921: 0.993275
59922: 0.993275
59923: 0.993275
59924: 0.993275
59925: 0.993275
59926: 0.993275
59927: 0.993275
59928: 0.993275
59929: 0.993275
59930: 0.993276
59931: 0.993276
59932: 0.993276
59933: 0.993276
59934: 0.993276
59935: 0.993276
59936: 0.993276
59937: 0.993276
59938: 0.993276
59939: 0.993277
59940: 0.993277
59941: 0.993277
59942: 0.993277
59943: 0.993277
59944: 0.993277
59945: 0.993277
59946: 0.993277
59947: 0.993278
59948: 0.993278
59949: 0.993278
59950: 0.993278
59951: 0.993278
59952: 0.993278
59953: 0.993278
59954: 0.993278
59955: 0.993278
59956: 0.993279
59957: 0.993279
59958: 0.993279
59959: 0.993279
59960: 0.993279
59961: 0.993279
59962: 0.993279
59963: 0.993279
59964: 0.993279
59965: 0.99328
59966: 0.99328
59967: 0.99328
59968: 0.99328
59969: 0.99328
59970: 0.99328
59971: 0.99328
59972: 0.99328
59973: 0.99328
59974: 0.993281
59975: 0.993281
59976: 0.993281
59977: 0.993281
59978: 0.993281
59979: 0.993281
59980: 0.993281
59981: 0.993281
59982: 0.993281
59983: 0.993282
59984: 0.993282
59985: 0.993282
59986: 0.993282
59987: 0.993282
59988: 0.993282
59989: 0.993282
59990: 0.993282
59991: 0.993282
59992: 0.993283
59993: 0.993283
59994: 0.993283
59995: 0.993283
59996: 0.993283
59997: 0.993283
59998: 0.993283
59999: 0.993283
60000: 0.993283
60001: 0.993284
60002: 0.993284
60003: 0.993284
60004: 0.993284
60005: 0.993284
60006: 0.993284
60007: 0.993284
60008: 0.993284
60009: 0.993284
60010: 0.993285
60011: 0.993285
60012: 0.993285
60013: 0.993285
60014: 0.993285
60015: 0.993285
60016: 0.993285
60017: 0.993285
60018: 0.993285
60019: 0.993286
60020: 0.993286
60021: 0.993286
60022: 0.993286
60023: 0.993286
60024: 0.993286
60025: 0.993286
60026: 0.993286
60027: 0.993286
60028: 0.993287
60029: 0.993287
60030: 0.993287
60031: 0.993287
60032: 0.993287
60033: 0.993287
60034: 0.993287
60035: 0.993287
60036: 0.993287
60037: 0.993288
60038: 0.993288
60039: 0.993288
60040: 0.993288
60041: 0.993288
60042: 0.993288
60043: 0.993288
60044: 0.993288
60045: 0.993288
60046: 0.993289
60047: 0.993289
60048: 0.993289
60049: 0.993289
60050: 0.993289
60051: 0.993289
60052: 0.993289
60053: 0.993289
60054: 0.993289
60055: 0.99329
60056: 0.99329
60057: 0.99329
60058: 0.99329
60059: 0.99329
60060: 0.99329
60061: 0.99329
60062: 0.99329
60063: 0.99329
60064: 0.993291
60065: 0.993291
60066: 0.993291
60067: 0.993291
60068: 0.993291
60069: 0.993291
60070: 0.993291
60071: 0.993291
60072: 0.993291
60073: 0.993292
60074: 0.993292
60075: 0.993292
60076: 0.993292
60077: 0.993292
60078: 0.993292
60079: 0.993292
60080: 0.993292
60081: 0.993293
60082: 0.993293
60083: 0.993293
60084: 0.993293
60085: 0.993293
60086: 0.993293
60087: 0.993293
60088: 0.993293
60089: 0.993293
60090: 0.993294
60091: 0.993294
60092: 0.993294
60093: 0.993294
60094: 0.993294
60095: 0.993294
60096: 0.993294
60097: 0.993294
60098: 0.993294
60099: 0.993295
60100: 0.993295
60101: 0.993295
60102: 0.993295
60103: 0.993295
60104: 0.993295
60105: 0.993295
60106: 0.993295
60107: 0.993295
60108: 0.993296
60109: 0.993296
60110: 0.993296
60111: 0.993296
60112: 0.993296
60113: 0.993296
60114: 0.993296
60115: 0.993296
60116: 0.993296
60117: 0.993297
60118: 0.993297
60119: 0.993297
60120: 0.993297
60121: 0.993297
60122: 0.993297
60123: 0.993297
60124: 0.993297
60125: 0.993297
60126: 0.993281
60127: 0.993264
60128: 0.993264
60129: 0.993265
60130: 0.993265
60131: 0.993265
60132: 0.993265
60133: 0.993265
60134: 0.993265
60135: 0.993265
60136: 0.993265
60137: 0.993265
60138: 0.993266
60139: 0.993266
60140: 0.993266
60141: 0.993266
60142: 0.993266
60143: 0.993266
60144: 0.993266
60145: 0.993266
60146: 0.993266
60147: 0.993267
60148: 0.993267
60149: 0.993267
60150: 0.993267
60151: 0.993267
60152: 0.993267
60153: 0.993267
60154: 0.993267
60155: 0.993268
60156: 0.993268
60157: 0.993268
60158: 0.993268
60159: 0.993268
60160: 0.993268
60161: 0.993268
60162: 0.993268
60163: 0.993268
60164: 0.993269
60165: 0.993269
60166: 0.993269
60167: 0.993269
60168: 0.993269
60169: 0.993269
60170: 0.993269
60171: 0.993269
60172: 0.993269
60173: 0.99327
60174: 0.99327
60175: 0.99327
60176: 0.99327
60177: 0.99327
60178: 0.99327
60179: 0.99327
60180: 0.99327
60181: 0.99327
60182: 0.993271
60183: 0.993271
60184: 0.993271
60185: 0.993271
60186: 0.993271
60187: 0.993271
60188: 0.993271
60189: 0.993271
60190: 0.993271
60191: 0.993272
60192: 0.993272
60193: 0.993272
60194: 0.993272
60195: 0.993272
60196: 0.993272
60197: 0.993272
60198: 0.993272
60199: 0.993272
60200: 0.993273
60201: 0.993273
60202: 0.993273
60203: 0.993273
60204: 0.993273
60205: 0.993273
60206: 0.993273
60207: 0.993273
60208: 0.993273
60209: 0.993274
60210: 0.993274
60211: 0.993274
60212: 0.993274
60213: 0.993274
60214: 0.993274
60215: 0.993274
60216: 0.993274
60217: 0.993274
60218: 0.993275
60219: 0.993275
60220: 0.993275
60221: 0.993275
60222: 0.993275
60223: 0.993275
60224: 0.993275
60225: 0.993275
60226: 0.993275
60227: 0.993276
60228: 0.993276
60229: 0.993276
60230: 0.993276
60231: 0.993276
60232: 0.993276
60233: 0.993276
60234: 0.993276
60235: 0.993276
60236: 0.993277
60237: 0.993277
60238: 0.993277
60239: 0.993277
60240: 0.993277
60241: 0.993277
60242: 0.993277
60243: 0.993277
60244: 0.993277
60245: 0.993278
60246: 0.993278
60247: 0.993278
60248: 0.993278
60249: 0.993278
60250: 0.993278
60251: 0.993278
60252: 0.993278
60253: 0.993278
60254: 0.993279
60255: 0.993279
60256: 0.993279
60257: 0.993279
60258: 0.993279
60259: 0.993279
60260: 0.993279
60261: 0.993279
60262: 0.993279
60263: 0.99328
60264: 0.99328
60265: 0.99328
60266: 0.99328
60267: 0.99328
60268: 0.99328
60269: 0.99328
60270: 0.99328
60271: 0.99328
60272: 0.993281
60273: 0.993281
60274: 0.993281
60275: 0.993281
60276: 0.993281
60277: 0.993281
60278: 0.993281
60279: 0.993281
60280: 0.993281
60281: 0.993282
60282: 0.993282
60283: 0.993282
60284: 0.993282
60285: 0.993282
60286: 0.993282
60287: 0.993282
60288: 0.993282
60289: 0.993266
60290: 0.993266
60291: 0.993266
60292: 0.993266
60293: 0.993266
60294: 0.993266
60295: 0.993267
60296: 0.993267
60297: 0.993267
60298: 0.993267
60299: 0.993267
60300: 0.993267
60301: 0.993267
60302: 0.993267
60303: 0.993267
60304: 0.993268
60305: 0.993268
60306: 0.993268
60307: 0.993268
60308: 0.993268
60309: 0.993268
60310: 0.993268
60311: 0.993268
60312: 0.993268
60313: 0.993269
60314: 0.993269
60315: 0.993269
60316: 0.993269
60317: 0.993269
60318: 0.993269
60319: 0.993269
60320: 0.993269
60321: 0.993269
60322: 0.99327
60323: 0.99327
60324: 0.99327
60325: 0.99327
60326: 0.99327
60327: 0.99327
60328: 0.99327
60329: 0.99327
60330: 0.99327
60331: 0.993271
60332: 0.993271
60333: 0.993271
60334: 0.993271
60335: 0.993271
60336: 0.993271
60337: 0.993271
60338: 0.993271
60339: 0.993271
60340: 0.993272
60341: 0.993272
60342: 0.993272
60343: 0.993272
60344: 0.993272
60345: 0.993272
60346: 0.993272
60347: 0.993272
60348: 0.993272
60349: 0.993273
60350: 0.993273
60351: 0.993273
60352: 0.993273
60353: 0.993273
60354: 0.993273
60355: 0.993273
60356: 0.993273
60357: 0.993273
60358: 0.993274
60359: 0.993274
60360: 0.993274
60361: 0.993274
60362: 0.993274
60363: 0.993274
60364: 0.993274
60365: 0.993274
60366: 0.993274
60367: 0.993275
60368: 0.993275
60369: 0.993275
60370: 0.993275
60371: 0.993275
60372: 0.993275
60373: 0.993275
60374: 0.993275
60375: 0.993275
60376: 0.993276
60377: 0.993276
60378: 0.993276
60379: 0.993276
60380: 0.993276
60381: 0.993276
60382: 0.993276
60383: 0.993276
60384: 0.993276
60385: 0.993277
60386: 0.993277
60387: 0.993277
60388: 0.993277
60389: 0.993277
60390: 0.993277
60391: 0.993277
60392: 0.993277
60393: 0.993277
60394: 0.993278
60395: 0.993278
60396: 0.993278
60397: 0.993278
60398: 0.993278
60399: 0.993278
60400: 0.993278
60401: 0.993278
60402: 0.993278
60403: 0.993279
60404: 0.993279
60405: 0.993279
60406: 0.993279
60407: 0.993279
60408: 0.993279
60409: 0.993279
60410: 0.993279
60411: 0.993279
60412: 0.99328
60413: 0.99328
60414: 0.99328
60415: 0.99328
60416: 0.99328
60417: 0.99328
60418: 0.99328
60419: 0.99328
60420: 0.99328
60421: 0.993281
60422: 0.993281
60423: 0.993281
60424: 0.993281
60425: 0.993281
60426: 0.993281
60427: 0.993281
60428: 0.993281
60429: 0.993281
60430: 0.993282
60431: 0.993282
60432: 0.993282
60433: 0.993282
60434: 0.993282
60435: 0.993282
60436: 0.993282
60437: 0.993282
60438: 0.993282
60439: 0.993283
60440: 0.993283
60441: 0.993283
60442: 0.993283
60443: 0.993283
60444: 0.993283
60445: 0.993283
60446: 0.993283
60447: 0.993283
60448: 0.993284
60449: 0.993284
60450: 0.993284
60451: 0.993284
60452: 0.993284
60453: 0.993284
60454: 0.993284
60455: 0.993284
60456: 0.993284
60457: 0.993285
60458: 0.993285
60459: 0.993285
60460: 0.993285
60461: 0.993285
60462: 0.993285
60463: 0.993285
60464: 0.993285
60465: 0.993285
60466: 0.993286
60467: 0.993286
60468: 0.993286
60469: 0.993286
60470: 0.993286
60471: 0.993286
60472: 0.993286
60473: 0.993286
60474: 0.993286
60475: 0.993287
60476: 0.993287
60477: 0.993287
60478: 0.993287
60479: 0.993287
60480: 0.993287
60481: 0.993287
60482: 0.993287
60483: 0.993287
60484: 0.993288
60485: 0.993288
60486: 0.993288
60487: 0.993288
60488: 0.993288
60489: 0.993288
60490: 0.993288
60491: 0.993288
60492: 0.993288
60493: 0.993289
60494: 0.993289
60495: 0.993289
60496: 0.993289
60497: 0.993289
60498: 0.993289
60499: 0.993289
60500: 0.993289
60501: 0.993289
60502: 0.99329
60503: 0.99329
60504: 0.99329
60505: 0.99329
60506: 0.99329
60507: 0.99329
60508: 0.99329
60509: 0.99329
60510: 0.99329
60511: 0.993291
60512: 0.993291
60513: 0.993291
60514: 0.993291
60515: 0.993291
60516: 0.993291
60517: 0.993291
60518: 0.993291
60519: 0.993291
60520: 0.993292
60521: 0.993292
60522: 0.993292
60523: 0.993292
60524: 0.993292
60525: 0.993292
60526: 0.993292
60527: 0.993292
60528: 0.993292
60529: 0.993293
60530: 0.993293
60531: 0.993293
60532: 0.993293
60533: 0.993293
60534: 0.993293
60535: 0.993293
60536: 0.993293
60537: 0.993293
60538: 0.993294
60539: 0.993294
60540: 0.993294
60541: 0.993294
60542: 0.993294
60543: 0.993294
60544: 0.993294
60545: 0.993294
60546: 0.993294
60547: 0.993295
60548: 0.993295
60549: 0.993295
60550: 0.993295
60551: 0.993295
60552: 0.993295
60553: 0.993295
60554: 0.993295
60555: 0.993295
60556: 0.993296
60557: 0.993296
60558: 0.993296
60559: 0.993296
60560: 0.993296
60561: 0.993296
60562: 0.993296
60563: 0.993296
60564: 0.993296
60565: 0.993297
60566: 0.993297
60567: 0.993297
60568: 0.993297
60569: 0.993297
60570: 0.993297
60571: 0.993297
60572: 0.993297
60573: 0.993297
60574: 0.993298
60575: 0.993298
60576: 0.993298
60577: 0.993298
60578: 0.993298
60579: 0.993298
60580: 0.993298
60581: 0.993298
60582: 0.993298
60583: 0.993299
60584: 0.993299
60585: 0.993299
60586: 0.993299
60587: 0.993299
60588: 0.993299
60589: 0.993299
60590: 0.993299
60591: 0.993299
60592: 0.9933
60593: 0.9933
60594: 0.9933
60595: 0.9933
60596: 0.9933
60597: 0.9933
60598: 0.9933
60599: 0.9933
60600: 0.9933
60601: 0.993301
60602: 0.993301
60603: 0.993301
60604: 0.993301
60605: 0.993301
60606: 0.993301
60607: 0.993301
60608: 0.993301
60609: 0.993301
60610: 0.993302
60611: 0.993302
60612: 0.993302
60613: 0.993302
60614: 0.993302
60615: 0.993302
60616: 0.993302
60617: 0.993302
60618: 0.993302
60619: 0.993303
60620: 0.993303
60621: 0.993303
60622: 0.993303
60623: 0.993303
60624: 0.993303
60625: 0.993303
60626: 0.993303
60627: 0.993303
60628: 0.993304
60629: 0.993304
60630: 0.993304
60631: 0.993304
60632: 0.993304
60633: 0.993304
60634: 0.993304
60635: 0.993304
60636: 0.993304
60637: 0.993305
60638: 0.993305
60639: 0.993305
60640: 0.993305
60641: 0.993305
60642: 0.993305
60643: 0.993305
60644: 0.993305
60645: 0.993305
60646: 0.993289
60647: 0.993289
60648: 0.993289
60649: 0.993289
60650: 0.993289
60651: 0.99329
60652: 0.99329
60653: 0.99329
60654: 0.99329
60655: 0.99329
60656: 0.99329
60657: 0.99329
60658: 0.99329
60659: 0.99329
60660: 0.993291
60661: 0.993291
60662: 0.993291
60663: 0.993291
60664: 0.993291
60665: 0.993291
60666: 0.993291
60667: 0.993291
60668: 0.993291
60669: 0.993292
60670: 0.993292
60671: 0.993292
60672: 0.993292
60673: 0.993292
60674: 0.993292
60675: 0.993292
60676: 0.993292
60677: 0.993292
60678: 0.993293
60679: 0.993293
60680: 0.993293
60681: 0.993293
60682: 0.993293
60683: 0.993293
60684: 0.993293
60685: 0.993293
60686: 0.993293
60687: 0.993294
60688: 0.993294
60689: 0.993294
60690: 0.993294
60691: 0.993294
60692: 0.993294
60693: 0.993294
60694: 0.993294
60695: 0.993294
60696: 0.993295
60697: 0.993295
60698: 0.993295
60699: 0.993295
60700: 0.993295
60701: 0.993295
60702: 0.993295
60703: 0.993295
60704: 0.993295
60705: 0.993296
60706: 0.993296
60707: 0.993296
60708: 0.993296
60709: 0.993296
60710: 0.993296
60711: 0.993296
60712: 0.993296
60713: 0.993296
60714: 0.993297
60715: 0.993297
60716: 0.993297
60717: 0.993297
60718: 0.993297
60719: 0.993297
60720: 0.993297
60721: 0.993297
60722: 0.993297
60723: 0.993298
60724: 0.993298
60725: 0.993298
60726: 0.993298
60727: 0.993298
60728: 0.993298
60729: 0.993298
60730: 0.993298
60731: 0.993298
60732: 0.993299
60733: 0.993299
60734: 0.993299
60735: 0.993299
60736: 0.993299
60737: 0.993299
60738: 0.993299
60739: 0.993299
60740: 0.993299
60741: 0.9933
60742: 0.9933
60743: 0.9933
60744: 0.9933
60745: 0.9933
60746: 0.9933
60747: 0.9933
60748: 0.9933
60749: 0.9933
60750: 0.993301
60751: 0.993301
60752: 0.993301
60753: 0.993301
60754: 0.993301
60755: 0.993301
60756: 0.993301
60757: 0.993301
60758: 0.993301
60759: 0.993302
60760: 0.993302
60761: 0.993302
60762: 0.993302
60763: 0.993302
60764: 0.993302
60765: 0.993302
60766: 0.993302
60767: 0.993302
60768: 0.993303
60769: 0.993303
60770: 0.993303
60771: 0.993303
60772: 0.993303
60773: 0.993303
60774: 0.993303
60775: 0.993303
60776: 0.993303
60777: 0.993303
60778: 0.993304
60779: 0.993304
60780: 0.993304
60781: 0.993304
60782: 0.993304
60783: 0.993304
60784: 0.993304
60785: 0.993304
60786: 0.993304
60787: 0.993305
60788: 0.993305
60789: 0.993305
60790: 0.993305
60791: 0.993305
60792: 0.993305
60793: 0.993305
60794: 0.993305
60795: 0.993305
60796: 0.993306
60797: 0.993306
60798: 0.993306
60799: 0.993306
60800: 0.993306
60801: 0.993306
60802: 0.993306
60803: 0.993306
60804: 0.993306
60805: 0.993307
60806: 0.993307
60807: 0.993307
60808: 0.993307
60809: 0.993307
60810: 0.993307
60811: 0.993307
60812: 0.993307
60813: 0.993307
60814: 0.993308
60815: 0.993308
60816: 0.993308
60817: 0.993308
60818: 0.993308
60819: 0.993308
60820: 0.993308
60821: 0.993308
60822: 0.993308
60823: 0.993309
60824: 0.993309
60825: 0.993309
60826: 0.993309
60827: 0.993309
60828: 0.993309
60829: 0.993309
60830: 0.993309
60831: 0.993309
60832: 0.99331
60833: 0.99331
60834: 0.99331
60835: 0.99331
60836: 0.99331
60837: 0.99331
60838: 0.99331
60839: 0.99331
60840: 0.99331
60841: 0.993311
60842: 0.993311
60843: 0.993311
60844: 0.993311
60845: 0.993311
60846: 0.993311
60847: 0.993311
60848: 0.993311
60849: 0.993311
60850: 0.993312
60851: 0.993312
60852: 0.993312
60853: 0.993312
60854: 0.993312
60855: 0.993312
60856: 0.993312
60857: 0.993312
60858: 0.993312
60859: 0.993313
60860: 0.993313
60861: 0.993313
60862: 0.993313
60863: 0.993313
60864: 0.993313
60865: 0.993313
60866: 0.993313
60867: 0.993313
60868: 0.993314
60869: 0.993314
60870: 0.993314
60871: 0.993314
60872: 0.993314
60873: 0.993314
60874: 0.993314
60875: 0.993314
60876: 0.993314
60877: 0.993314
60878: 0.993315
60879: 0.993315
60880: 0.993315
60881: 0.993315
60882: 0.993315
60883: 0.993315
60884: 0.993315
60885: 0.993315
60886: 0.993315
60887: 0.993316
60888: 0.993316
60889: 0.993316
60890: 0.993316
60891: 0.993316
60892: 0.993316
60893: 0.993316
60894: 0.993316
60895: 0.993316
60896: 0.993317
60897: 0.993317
60898: 0.993317
60899: 0.993317
60900: 0.993317
60901: 0.993317
60902: 0.993317
60903: 0.993317
60904: 0.993317
60905: 0.993318
60906: 0.993318
60907: 0.993318
60908: 0.993318
60909: 0.993318
60910: 0.993318
60911: 0.993318
60912: 0.993318
60913: 0.993318
60914: 0.993319
60915: 0.993319
60916: 0.993319
60917: 0.993319
60918: 0.993319
60919: 0.993319
60920: 0.993319
60921: 0.993319
60922: 0.993319
60923: 0.99332
60924: 0.99332
60925: 0.99332
60926: 0.99332
60927: 0.99332
60928: 0.99332
60929: 0.99332
60930: 0.99332
60931: 0.99332
60932: 0.993321
60933: 0.993321
60934: 0.993321
60935: 0.993321
60936: 0.993321
60937: 0.993321
60938: 0.993321
60939: 0.993321
60940: 0.993321
60941: 0.993322
60942: 0.993322
60943: 0.993322
60944: 0.993322
60945: 0.993322
60946: 0.993322
60947: 0.993322
60948: 0.993322
60949: 0.993322
60950: 0.993323
60951: 0.993323
60952: 0.993323
60953: 0.993323
60954: 0.993323
60955: 0.993323
60956: 0.993323
60957: 0.993323
60958: 0.993323
60959: 0.993323
60960: 0.993324
60961: 0.993324
60962: 0.993324
60963: 0.993324
60964: 0.993324
60965: 0.993324
60966: 0.993324
60967: 0.993324
60968: 0.993324
60969: 0.993325
60970: 0.993325
60971: 0.993325
60972: 0.993325
60973: 0.993325
60974: 0.993325
60975: 0.993325
60976: 0.993325
60977: 0.993325
60978: 0.993326
60979: 0.993326
60980: 0.993326
60981: 0.993326
60982: 0.993326
60983: 0.993326
60984: 0.993326
60985: 0.993326
60986: 0.993326
60987: 0.993327
60988: 0.993327
60989: 0.993327
60990: 0.993327
60991: 0.993327
60992: 0.993327
60993: 0.993327
60994: 0.993327
60995: 0.993327
60996: 0.993328
60997: 0.993328
60998: 0.993328
60999: 0.993328
61000: 0.993328
61001: 0.993328
61002: 0.993328
61003: 0.993328
61004: 0.993328
61005: 0.993329
61006: 0.993329
61007: 0.993329
61008: 0.993329
61009: 0.993329
61010: 0.993329
61011: 0.993329
61012: 0.993329
61013: 0.993329
61014: 0.99333
61015: 0.99333
61016: 0.99333
61017: 0.99333
61018: 0.99333
61019: 0.99333
61020: 0.99333
61021: 0.99333
61022: 0.99333
61023: 0.99333
61024: 0.993331
61025: 0.993331
61026: 0.993331
61027: 0.993331
61028: 0.993331
61029: 0.993331
61030: 0.993331
61031: 0.993331
61032: 0.993331
61033: 0.993332
61034: 0.993332
61035: 0.993332
61036: 0.993332
61037: 0.993332
61038: 0.993332
61039: 0.993332
61040: 0.993332
61041: 0.993332
61042: 0.993333
61043: 0.993333
61044: 0.993333
61045: 0.993333
61046: 0.993333
61047: 0.993333
61048: 0.993333
61049: 0.993333
61050: 0.993333
61051: 0.993334
61052: 0.993334
61053: 0.993334
61054: 0.993334
61055: 0.993334
61056: 0.993334
61057: 0.993334
61058: 0.993334
61059: 0.993334
61060: 0.993335
61061: 0.993335
61062: 0.993335
61063: 0.993335
61064: 0.993335
61065: 0.993335
61066: 0.993335
61067: 0.993335
61068: 0.993335
61069: 0.993336
61070: 0.993336
61071: 0.993336
61072: 0.993336
61073: 0.993336
61074: 0.993336
61075: 0.993336
61076: 0.993336
61077: 0.993336
61078: 0.993336
61079: 0.993337
61080: 0.993337
61081: 0.993337
61082: 0.993337
61083: 0.993337
61084: 0.993337
61085: 0.993337
61086: 0.993337
61087: 0.993337
61088: 0.993338
61089: 0.993338
61090: 0.993338
61091: 0.993338
61092: 0.993338
61093: 0.993338
61094: 0.993338
61095: 0.993338
61096: 0.993338
61097: 0.993339
61098: 0.993339
61099: 0.993339
61100: 0.993339
61101: 0.993339
61102: 0.993339
61103: 0.993339
61104: 0.993339
61105: 0.993339
61106: 0.99334
61107: 0.99334
61108: 0.99334
61109: 0.99334
61110: 0.99334
61111: 0.99334
61112: 0.99334
61113: 0.99334
61114: 0.99334
61115: 0.993341
61116: 0.993341
61117: 0.993341
61118: 0.993341
61119: 0.993341
61120: 0.993341
61121: 0.993341
61122: 0.993341
61123: 0.993341
61124: 0.993342
61125: 0.993342
61126: 0.993342
61127: 0.993342
61128: 0.993342
61129: 0.993342
61130: 0.993342
61131: 0.993342
61132: 0.993342
61133: 0.993342
61134: 0.993343
61135: 0.993343
61136: 0.993343
61137: 0.993343
61138: 0.993343
61139: 0.993343
61140: 0.993343
61141: 0.993343
61142: 0.993343
61143: 0.993344
61144: 0.993344
61145: 0.993344
61146: 0.993344
61147: 0.993344
61148: 0.993344
61149: 0.993344
61150: 0.993344
61151: 0.993344
61152: 0.993345
61153: 0.993345
61154: 0.993345
61155: 0.993345
61156: 0.993345
61157: 0.993345
61158: 0.993329
61159: 0.993329
61160: 0.993329
61161: 0.993329
61162: 0.993329
61163: 0.993329
61164: 0.99333
61165: 0.99333
61166: 0.99333
61167: 0.99333
61168: 0.99333
61169: 0.99333
61170: 0.99333
61171: 0.99333
61172: 0.99333
61173: 0.99333
61174: 0.993331
61175: 0.993331
61176: 0.993331
61177: 0.993331
61178: 0.993331
61179: 0.993331
61180: 0.993331
61181: 0.993331
61182: 0.993331
61183: 0.993332
61184: 0.993332
61185: 0.993332
61186: 0.993332
61187: 0.993332
61188: 0.993332
61189: 0.993332
61190: 0.993332
61191: 0.993332
61192: 0.993333
61193: 0.993333
61194: 0.993333
61195: 0.993333
61196: 0.993333
61197: 0.993333
61198: 0.993333
61199: 0.993333
61200: 0.993333
61201: 0.993334
61202: 0.993334
61203: 0.993334
61204: 0.993334
61205: 0.993334
61206: 0.993334
61207: 0.993334
61208: 0.993334
61209: 0.993334
61210: 0.993335
61211: 0.993335
61212: 0.993335
61213: 0.993335
61214: 0.993335
61215: 0.993335
61216: 0.993335
61217: 0.993335
61218: 0.993335
61219: 0.993336
61220: 0.993336
61221: 0.993336
61222: 0.993336
61223: 0.993336
61224: 0.993336
61225: 0.993336
61226: 0.993336
61227: 0.993336
61228: 0.993336
61229: 0.993337
61230: 0.993337
61231: 0.993337
61232: 0.993337
61233: 0.993337
61234: 0.993337
61235: 0.993337
61236: 0.993337
61237: 0.993337
61238: 0.993338
61239: 0.993338
61240: 0.993338
61241: 0.993338
61242: 0.993338
61243: 0.993338
61244: 0.993338
61245: 0.993338
61246: 0.993338
61247: 0.993339
61248: 0.993339
61249: 0.993339
61250: 0.993339
61251: 0.993339
61252: 0.993339
61253: 0.993339
61254: 0.993339
61255: 0.993339
61256: 0.99334
61257: 0.99334
61258: 0.99334
61259: 0.99334
61260: 0.99334
61261: 0.99334
61262: 0.99334
61263: 0.99334
61264: 0.99334
61265: 0.993341
61266: 0.993341
61267: 0.993341
61268: 0.993341
61269: 0.993341
61270: 0.993341
61271: 0.993341
61272: 0.993341
61273: 0.993341
61274: 0.993341
61275: 0.993342
61276: 0.993342
61277: 0.993342
61278: 0.993342
61279: 0.993342
61280: 0.993342
61281: 0.993342
61282: 0.993342
61283: 0.993342
61284: 0.993343
61285: 0.993343
61286: 0.993343
61287: 0.993343
61288: 0.993343
61289: 0.993343
61290: 0.993343
61291: 0.993343
61292: 0.993343
61293: 0.993344
61294: 0.993344
61295: 0.993344
61296: 0.993344
61297: 0.993344
61298: 0.993344
61299: 0.993344
61300: 0.993344
61301: 0.993344
61302: 0.993345
61303: 0.993345
61304: 0.993345
61305: 0.993345
61306: 0.993345
61307: 0.993345
61308: 0.993345
61309: 0.993345
61310: 0.993345
61311: 0.993346
61312: 0.993346
61313: 0.993346
61314: 0.993346
61315: 0.993346
61316: 0.993346
61317: 0.993346
61318: 0.993346
61319: 0.993346
61320: 0.993346
61321: 0.993347
61322: 0.993347
61323: 0.993347
61324: 0.993347
61325: 0.993347
61326: 0.993347
61327: 0.993347
61328: 0.993347
61329: 0.993347
61330: 0.993348
61331: 0.993348
61332: 0.993348
61333: 0.993348
61334: 0.993348
61335: 0.993348
61336: 0.993348
61337: 0.993348
61338: 0.993348
61339: 0.993349
61340: 0.993349
61341: 0.993349
61342: 0.993349
61343: 0.993349
61344: 0.993349
61345: 0.993349
61346: 0.993349
61347: 0.993349
61348: 0.99335
61349: 0.99335
61350: 0.99335
61351: 0.99335
61352: 0.99335
61353: 0.99335
61354: 0.99335
61355: 0.99335
61356: 0.99335
61357: 0.993351
61358: 0.993351
61359: 0.993351
61360: 0.993351
61361: 0.993351
61362: 0.993351
61363: 0.993351
61364: 0.993351
61365: 0.993351
61366: 0.993351
61367: 0.993352
61368: 0.993352
61369: 0.993352
61370: 0.993352
61371: 0.993352
61372: 0.993352
61373: 0.993352
61374: 0.993352
61375: 0.993352
61376: 0.993353
61377: 0.993353
61378: 0.993353
61379: 0.993353
61380: 0.993353
61381: 0.993353
61382: 0.993353
61383: 0.993353
61384: 0.993353
61385: 0.993354
61386: 0.993354
61387: 0.993354
61388: 0.993354
61389: 0.993354
61390: 0.993354
61391: 0.993354
61392: 0.993354
61393: 0.993354
61394: 0.993355
61395: 0.993355
61396: 0.993355
61397: 0.993355
61398: 0.993355
61399: 0.993355
61400: 0.993355
61401: 0.993355
61402: 0.993355
61403: 0.993355
61404: 0.993356
61405: 0.993356
61406: 0.993356
61407: 0.993356
61408: 0.993356
61409: 0.993356
61410: 0.993356
61411: 0.993356
61412: 0.993356
61413: 0.993357
61414: 0.993357
61415: 0.993357
61416: 0.993357
61417: 0.993357
61418: 0.993357
61419: 0.993357
61420: 0.993357
61421: 0.993357
61422: 0.993358
61423: 0.993358
61424: 0.993358
61425: 0.993358
61426: 0.993358
61427: 0.993358
61428: 0.993358
61429: 0.993358
61430: 0.993358
61431: 0.993359
61432: 0.993359
61433: 0.993359
61434: 0.993359
61435: 0.993359
61436: 0.993359
61437: 0.993359
61438: 0.993359
61439: 0.993359
61440: 0.993359
61441: 0.99336
61442: 0.99336
61443: 0.99336
61444: 0.99336
61445: 0.99336
61446: 0.99336
61447: 0.99336
61448: 0.99336
61449: 0.99336
61450: 0.993361
61451: 0.993361
61452: 0.993361
61453: 0.993361
61454: 0.993361
61455: 0.993361
61456: 0.993361
61457: 0.993361
61458: 0.993361
61459: 0.993362
61460: 0.993362
61461: 0.993362
61462: 0.993362
61463: 0.993362
61464: 0.993362
61465: 0.993362
61466: 0.993362
61467: 0.993362
61468: 0.993363
61469: 0.993363
61470: 0.993363
61471: 0.993363
61472: 0.993363
61473: 0.993363
61474: 0.993363
61475: 0.993363
61476: 0.993363
61477: 0.993363
61478: 0.993364
61479: 0.993364
61480: 0.993364
61481: 0.993364
61482: 0.993364
61483: 0.993364
61484: 0.993364
61485: 0.993364
61486: 0.993364
61487: 0.993365
61488: 0.993365
61489: 0.993365
61490: 0.993365
61491: 0.993365
61492: 0.993365
61493: 0.993365
61494: 0.993365
61495: 0.993365
61496: 0.993366
61497: 0.993366
61498: 0.993366
61499: 0.993366
61500: 0.993366
61501: 0.993366
61502: 0.993366
61503: 0.993366
61504: 0.993366
61505: 0.993367
61506: 0.993367
61507: 0.99335
61508: 0.993351
61509: 0.993351
61510: 0.993351
61511: 0.993351
61512: 0.993351
61513: 0.993351
61514: 0.993351
61515: 0.993351
61516: 0.993351
61517: 0.993352
61518: 0.993352
61519: 0.993352
61520: 0.993352
61521: 0.993352
61522: 0.993352
61523: 0.993352
61524: 0.993352
61525: 0.993352
61526: 0.993353
61527: 0.993353
61528: 0.993353
61529: 0.993353
61530: 0.993353
61531: 0.993353
61532: 0.993353
61533: 0.993353
61534: 0.993353
61535: 0.993353
61536: 0.993354
61537: 0.993354
61538: 0.993354
61539: 0.993354
61540: 0.993354
61541: 0.993354
61542: 0.993354
61543: 0.993354
61544: 0.993354
61545: 0.993355
61546: 0.993355
61547: 0.993355
61548: 0.993355
61549: 0.993355
61550: 0.993355
61551: 0.993355
61552: 0.993355
61553: 0.993355
61554: 0.993356
61555: 0.993356
61556: 0.993356
61557: 0.993356
61558: 0.993356
61559: 0.993356
61560: 0.993356
61561: 0.993356
61562: 0.993356
61563: 0.993357
61564: 0.993357
61565: 0.993357
61566: 0.993357
61567: 0.993357
61568: 0.993357
61569: 0.993357
61570: 0.993357
61571: 0.993357
61572: 0.993357
61573: 0.993358
61574: 0.993358
61575: 0.993358
61576: 0.993358
61577: 0.993358
61578: 0.993358
61579: 0.993358
61580: 0.993358
61581: 0.993358
61582: 0.993359
61583: 0.993359
61584: 0.993359
61585: 0.993359
61586: 0.993359
61587: 0.993359
61588: 0.993359
61589: 0.993359
61590: 0.993359
61591: 0.99336
61592: 0.99336
61593: 0.99336
61594: 0.99336
61595: 0.99336
61596: 0.99336
61597: 0.99336
61598: 0.99336
61599: 0.99336
61600: 0.99336
61601: 0.993361
61602: 0.993361
61603: 0.993361
61604: 0.993361
61605: 0.993361
61606: 0.993361
61607: 0.993361
61608: 0.993361
61609: 0.993361
61610: 0.993362
61611: 0.993362
61612: 0.993362
61613: 0.993362
61614: 0.993362
61615: 0.993362
61616: 0.993362
61617: 0.993362
61618: 0.993362
61619: 0.993363
61620: 0.993363
61621: 0.993363
61622: 0.993363
61623: 0.993363
61624: 0.993363
61625: 0.993363
61626: 0.993363
61627: 0.993363
61628: 0.993364
61629: 0.993364
61630: 0.993364
61631: 0.993364
61632: 0.993364
61633: 0.993364
61634: 0.993364
61635: 0.993364
61636: 0.993364
61637: 0.993364
61638: 0.993365
61639: 0.993365
61640: 0.993365
61641: 0.993365
61642: 0.993365
61643: 0.993365
61644: 0.993365
61645: 0.993365
61646: 0.993365
61647: 0.993366
61648: 0.993366
61649: 0.993366
61650: 0.99335
61651: 0.993334
61652: 0.993334
61653: 0.993334
61654: 0.993334
61655: 0.993334
61656: 0.993334
61657: 0.993334
61658: 0.993334
61659: 0.993334
61660: 0.993335
61661: 0.993335
61662: 0.993335
61663: 0.993335
61664: 0.993335
61665: 0.993335
61666: 0.993335
61667: 0.993335
61668: 0.993335
61669: 0.993335
61670: 0.993336
61671: 0.993336
61672: 0.993336
61673: 0.993336
61674: 0.993336
61675: 0.993336
61676: 0.993336
61677: 0.993336
61678: 0.993336
61679: 0.993337
61680: 0.993337
61681: 0.993337
61682: 0.993337
61683: 0.993337
61684: 0.993337
61685: 0.993337
61686: 0.993337
61687: 0.993337
61688: 0.993338
61689: 0.993338
61690: 0.993338
61691: 0.993338
61692: 0.993338
61693: 0.993338
61694: 0.993338
61695: 0.993338
61696: 0.993338
61697: 0.993339
61698: 0.993339
61699: 0.993339
61700: 0.993339
61701: 0.993339
61702: 0.993339
61703: 0.993339
61704: 0.993339
61705: 0.993339
61706: 0.993339
61707: 0.99334
61708: 0.99334
61709: 0.99334
61710: 0.99334
61711: 0.99334
61712: 0.99334
61713: 0.99334
61714: 0.99334
61715: 0.99334
61716: 0.993341
61717: 0.993341
61718: 0.993341
61719: 0.993341
61720: 0.993341
61721: 0.993341
61722: 0.993341
61723: 0.993341
61724: 0.993341
61725: 0.993342
61726: 0.993342
61727: 0.993342
61728: 0.993342
61729: 0.993342
61730: 0.993342
61731: 0.993342
61732: 0.993342
61733: 0.993342
61734: 0.993343
61735: 0.993343
61736: 0.993343
61737: 0.993343
61738: 0.993343
61739: 0.993343
61740: 0.993343
61741: 0.993343
61742: 0.993343
61743: 0.993343
61744: 0.993344
61745: 0.993344
61746: 0.993344
61747: 0.993344
61748: 0.993344
61749: 0.993344
61750: 0.993344
61751: 0.993344
61752: 0.993344
61753: 0.993345
61754: 0.993345
61755: 0.993345
61756: 0.993345
61757: 0.993345
61758: 0.993345
61759: 0.993345
61760: 0.993345
61761: 0.993345
61762: 0.993346
61763: 0.993346
61764: 0.993346
61765: 0.993346
61766: 0.993346
61767: 0.993346
61768: 0.993346
61769: 0.993346
61770: 0.993346
61771: 0.993347
61772: 0.993347
61773: 0.993347
61774: 0.993347
61775: 0.993347
61776: 0.993347
61777: 0.993347
61778: 0.993347
61779: 0.993347
61780: 0.993347
61781: 0.993348
61782: 0.993348
61783: 0.993348
61784: 0.993348
61785: 0.993348
61786: 0.993348
61787: 0.993348
61788: 0.993348
61789: 0.993348
61790: 0.993349
61791: 0.993349
61792: 0.993349
61793: 0.993349
61794: 0.993349
61795: 0.993349
61796: 0.993349
61797: 0.993349
61798: 0.993349
61799: 0.99335
61800: 0.99335
61801: 0.99335
61802: 0.99335
61803: 0.99335
61804: 0.99335
61805: 0.99335
61806: 0.99335
61807: 0.99335
61808: 0.99335
61809: 0.993351
61810: 0.993351
61811: 0.993351
61812: 0.993351
61813: 0.993351
61814: 0.993351
61815: 0.993351
61816: 0.993351
61817: 0.993351
61818: 0.993352
61819: 0.993352
61820: 0.993352
61821: 0.993352
61822: 0.993352
61823: 0.993352
61824: 0.993352
61825: 0.993352
61826: 0.993352
61827: 0.993353
61828: 0.993353
61829: 0.993353
61830: 0.993353
61831: 0.993353
61832: 0.993353
61833: 0.993353
61834: 0.993353
61835: 0.993353
61836: 0.993353
61837: 0.993354
61838: 0.993354
61839: 0.993354
61840: 0.993354
61841: 0.993354
61842: 0.993354
61843: 0.993354
61844: 0.993354
61845: 0.993354
61846: 0.993355
61847: 0.993355
61848: 0.993355
61849: 0.993355
61850: 0.993355
61851: 0.993355
61852: 0.993355
61853: 0.993355
61854: 0.993355
61855: 0.993356
61856: 0.993356
61857: 0.993356
61858: 0.993356
61859: 0.993356
61860: 0.993356
61861: 0.993356
61862: 0.993356
61863: 0.993356
61864: 0.993357
61865: 0.993357
61866: 0.993357
61867: 0.993357
61868: 0.993357
61869: 0.993357
61870: 0.993357
61871: 0.993357
61872: 0.993357
61873: 0.993357
61874: 0.993358
61875: 0.993358
61876: 0.993358
61877: 0.993358
61878: 0.993358
61879: 0.993358
61880: 0.993358
61881: 0.993358
61882: 0.993358
61883: 0.993359
61884: 0.993359
61885: 0.993359
61886: 0.993359
61887: 0.993359
61888: 0.993359
61889: 0.993359
61890: 0.993359
61891: 0.993359
61892: 0.99336
61893: 0.99336
61894: 0.99336
61895: 0.99336
61896: 0.99336
61897: 0.99336
61898: 0.99336
61899: 0.99336
61900: 0.99336
61901: 0.99336
61902: 0.993361
61903: 0.993361
61904: 0.993361
61905: 0.993361
61906: 0.993361
61907: 0.993361
61908: 0.993361
61909: 0.993361
61910: 0.993361
61911: 0.993362
61912: 0.993362
61913: 0.993362
61914: 0.993362
61915: 0.993362
61916: 0.993362
61917: 0.993362
61918: 0.993362
61919: 0.993362
61920: 0.993363
61921: 0.993363
61922: 0.993363
61923: 0.993363
61924: 0.993363
61925: 0.993363
61926: 0.993363
61927: 0.993363
61928: 0.993363
61929: 0.993363
61930: 0.993364
61931: 0.993364
61932: 0.993364
61933: 0.993364
61934: 0.993364
61935: 0.993364
61936: 0.993364
61937: 0.993364
61938: 0.993364
61939: 0.993348
61940: 0.993349
61941: 0.993349
61942: 0.993349
61943: 0.993349
61944: 0.993349
61945: 0.993349
61946: 0.993349
61947: 0.993349
61948: 0.993349
61949: 0.993349
61950: 0.99335
61951: 0.99335
61952: 0.99335
61953: 0.99335
61954: 0.99335
61955: 0.99335
61956: 0.99335
61957: 0.99335
61958: 0.99335
61959: 0.993351
61960: 0.993351
61961: 0.993351
61962: 0.993351
61963: 0.993351
61964: 0.993351
61965: 0.993351
61966: 0.993351
61967: 0.993351
61968: 0.993352
61969: 0.993352
61970: 0.993352
61971: 0.993352
61972: 0.993352
61973: 0.993352
61974: 0.993352
61975: 0.993352
61976: 0.993352
61977: 0.993352
61978: 0.993353
61979: 0.993353
61980: 0.993353
61981: 0.993353
61982: 0.993353
61983: 0.993353
61984: 0.993353
61985: 0.993353
61986: 0.993353
61987: 0.993354
61988: 0.993354
61989: 0.993354
61990: 0.993354
61991: 0.993354
61992: 0.993354
61993: 0.993354
61994: 0.993354
61995: 0.993354
61996: 0.993355
61997: 0.993355
61998: 0.993355
61999: 0.993355
62000: 0.993355
62001: 0.993355
62002: 0.993355
62003: 0.993355
62004: 0.993355
62005: 0.993355
62006: 0.993356
62007: 0.993356
62008: 0.993356
62009: 0.993356
62010: 0.993356
62011: 0.993356
62012: 0.993356
62013: 0.993356
62014: 0.993356
62015: 0.993357
62016: 0.993357
62017: 0.993357
62018: 0.993357
62019: 0.993357
62020: 0.993357
62021: 0.993357
62022: 0.993357
62023: 0.993357
62024: 0.993358
62025: 0.993358
62026: 0.993358
62027: 0.993358
62028: 0.993358
62029: 0.993358
62030: 0.993358
62031: 0.993358
62032: 0.993358
62033: 0.993358
62034: 0.993359
62035: 0.993359
62036: 0.993359
62037: 0.993359
62038: 0.993359
62039: 0.993359
62040: 0.993359
62041: 0.993359
62042: 0.993359
62043: 0.99336
62044: 0.99336
62045: 0.99336
62046: 0.99336
62047: 0.99336
62048: 0.99336
62049: 0.99336
62050: 0.99336
62051: 0.99336
62052: 0.993361
62053: 0.993361
62054: 0.993361
62055: 0.993361
62056: 0.993361
62057: 0.993361
62058: 0.993361
62059: 0.993361
62060: 0.993361
62061: 0.993361
62062: 0.993362
62063: 0.993362
62064: 0.993362
62065: 0.993362
62066: 0.993362
62067: 0.993362
62068: 0.993362
62069: 0.993362
62070: 0.993362
62071: 0.993363
62072: 0.993363
62073: 0.993363
62074: 0.993363
62075: 0.993363
62076: 0.993363
62077: 0.993363
62078: 0.993363
62079: 0.993363
62080: 0.993364
62081: 0.993364
62082: 0.993364
62083: 0.993364
62084: 0.993364
62085: 0.993364
62086: 0.993364
62087: 0.993364
62088: 0.993364
62089: 0.993364
62090: 0.993365
62091: 0.993365
62092: 0.993365
62093: 0.993365
62094: 0.993365
62095: 0.993365
62096: 0.993365
62097: 0.993365
62098: 0.993365
62099: 0.993366
62100: 0.993366
62101: 0.993366
62102: 0.993366
62103: 0.993366
62104: 0.993366
62105: 0.993366
62106: 0.993366
62107: 0.993366
62108: 0.993367
62109: 0.993367
62110: 0.993367
62111: 0.993367
62112: 0.993367
62113: 0.993367
62114: 0.993367
62115: 0.993367
62116: 0.993367
62117: 0.993367
62118: 0.993368
62119: 0.993368
62120: 0.993368
62121: 0.993368
62122: 0.993368
62123: 0.993368
62124: 0.993368
62125: 0.993368
62126: 0.993368
62127: 0.993369
62128: 0.993369
62129: 0.993369
62130: 0.993369
62131: 0.993369
62132: 0.993369
62133: 0.993369
62134: 0.993369
62135: 0.993369
62136: 0.993369
62137: 0.99337
62138: 0.99337
62139: 0.99337
62140: 0.99337
62141: 0.99337
62142: 0.99337
62143: 0.99337
62144: 0.99337
62145: 0.99337
62146: 0.993371
62147: 0.993371
62148: 0.993371
62149: 0.993371
62150: 0.993371
62151: 0.993371
62152: 0.993371
62153: 0.993371
62154: 0.993371
62155: 0.993372
62156: 0.993372
62157: 0.993372
62158: 0.993372
62159: 0.993372
62160: 0.993372
62161: 0.993372
62162: 0.993372
62163: 0.993372
62164: 0.993372
62165: 0.993373
62166: 0.993373
62167: 0.993373
62168: 0.993373
62169: 0.993373
62170: 0.993373
62171: 0.993373
62172: 0.993373
62173: 0.993373
62174: 0.993374
62175: 0.993374
62176: 0.993374
62177: 0.993374
62178: 0.993374
62179: 0.993374
62180: 0.993374
62181: 0.993374
62182: 0.993374
62183: 0.993375
62184: 0.993375
62185: 0.993375
62186: 0.993375
62187: 0.993375
62188: 0.993375
62189: 0.993375
62190: 0.993375
62191: 0.993375
62192: 0.993375
62193: 0.993376
62194: 0.993376
62195: 0.993376
62196: 0.993376
62197: 0.993376
62198: 0.993376
62199: 0.993376
62200: 0.993376
62201: 0.993376
62202: 0.993377
62203: 0.993377
62204: 0.993377
62205: 0.993377
62206: 0.993377
62207: 0.993377
62208: 0.993377
62209: 0.993377
62210: 0.993377
62211: 0.993377
62212: 0.993378
62213: 0.993378
62214: 0.993378
62215: 0.993378
62216: 0.993378
62217: 0.993378
62218: 0.993378
62219: 0.993378
62220: 0.993378
62221: 0.993379
62222: 0.993363
62223: 0.993363
62224: 0.993363
62225: 0.993363
62226: 0.993363
62227: 0.993363
62228: 0.993363
62229: 0.993363
62230: 0.993363
62231: 0.993364
62232: 0.993364
62233: 0.993364
62234: 0.993364
62235: 0.993364
62236: 0.993364
62237: 0.993364
62238: 0.993348
62239: 0.993332
62240: 0.993316
62241: 0.993316
62242: 0.993317
62243: 0.993317
62244: 0.993317
62245: 0.993317
62246: 0.993317
62247: 0.993301
62248: 0.993301
62249: 0.993301
62250: 0.993301
62251: 0.993301
62252: 0.993302
62253: 0.993302
62254: 0.993302
62255: 0.993302
62256: 0.993302
62257: 0.993302
62258: 0.993302
62259: 0.993302
62260: 0.993302
62261: 0.993302
62262: 0.993303
62263: 0.993303
62264: 0.993303
62265: 0.993303
62266: 0.993303
62267: 0.993303
62268: 0.993303
62269: 0.993303
62270: 0.993303
62271: 0.993304
62272: 0.993304
62273: 0.993304
62274: 0.993304
62275: 0.993304
62276: 0.993304
62277: 0.993304
62278: 0.993304
62279: 0.993304
62280: 0.993305
62281: 0.993305
62282: 0.993305
62283: 0.993305
62284: 0.993305
62285: 0.993305
62286: 0.993305
62287: 0.993305
62288: 0.993305
62289: 0.993306
62290: 0.993306
62291: 0.993306
62292: 0.993306
62293: 0.993306
62294: 0.993306
62295: 0.993306
62296: 0.993306
62297: 0.993306
62298: 0.993306
62299: 0.993307
62300: 0.993307
62301: 0.993307
62302: 0.993307
62303: 0.993307
62304: 0.993307
62305: 0.993307
62306: 0.993307
62307: 0.993307
62308: 0.993308
62309: 0.993308
62310: 0.993308
62311: 0.993308
62312: 0.993308
62313: 0.993308
62314: 0.993308
62315: 0.993308
62316: 0.993308
62317: 0.993309
62318: 0.993309
62319: 0.993309
62320: 0.993309
62321: 0.993309
62322: 0.993309
62323: 0.993309
62324: 0.993309
62325: 0.993309
62326: 0.993309
62327: 0.99331
62328: 0.99331
62329: 0.99331
62330: 0.99331
62331: 0.99331
62332: 0.99331
62333: 0.99331
62334: 0.99331
62335: 0.99331
62336: 0.993311
62337: 0.993311
62338: 0.993311
62339: 0.993311
62340: 0.993311
62341: 0.993311
62342: 0.993311
62343: 0.993311
62344: 0.993311
62345: 0.993312
62346: 0.993312
62347: 0.993312
62348: 0.993312
62349: 0.993312
62350: 0.993312
62351: 0.993312
62352: 0.993312
62353: 0.993312
62354: 0.993312
62355: 0.993313
62356: 0.993313
62357: 0.993313
62358: 0.993313
62359: 0.993313
62360: 0.993313
62361: 0.993313
62362: 0.993313
62363: 0.993313
62364: 0.993314
62365: 0.993314
62366: 0.993314
62367: 0.993314
62368: 0.993314
62369: 0.993314
62370: 0.993314
62371: 0.993314
62372: 0.993314
62373: 0.993315
62374: 0.993315
62375: 0.993315
62376: 0.993315
62377: 0.993315
62378: 0.993315
62379: 0.993315
62380: 0.993315
62381: 0.993315
62382: 0.993315
62383: 0.993316
62384: 0.993316
62385: 0.993316
62386: 0.993316
62387: 0.993316
62388: 0.993316
62389: 0.993316
62390: 0.993316
62391: 0.993316
62392: 0.993317
62393: 0.993317
62394: 0.993317
62395: 0.993317
62396: 0.993317
62397: 0.993317
62398: 0.993317
62399: 0.993317
62400: 0.993317
62401: 0.993318
62402: 0.993318
62403: 0.993318
62404: 0.993318
62405: 0.993318
62406: 0.993318
62407: 0.993318
62408: 0.993318
62409: 0.993318
62410: 0.993318
62411: 0.993319
62412: 0.993319
62413: 0.993319
62414: 0.993319
62415: 0.993319
62416: 0.993319
62417: 0.993319
62418: 0.993319
62419: 0.993319
62420: 0.99332
62421: 0.99332
62422: 0.99332
62423: 0.99332
62424: 0.99332
62425: 0.99332
62426: 0.99332
62427: 0.99332
62428: 0.99332
62429: 0.993321
62430: 0.993321
62431: 0.993321
62432: 0.993321
62433: 0.993321
62434: 0.993321
62435: 0.993321
62436: 0.993321
62437: 0.993321
62438: 0.993321
62439: 0.993322
62440: 0.993322
62441: 0.993322
62442: 0.993322
62443: 0.993322
62444: 0.993322
62445: 0.993322
62446: 0.993322
62447: 0.993322
62448: 0.993323
62449: 0.993323
62450: 0.993323
62451: 0.993323
62452: 0.993323
62453: 0.993323
62454: 0.993323
62455: 0.993323
62456: 0.993323
62457: 0.993324
62458: 0.993324
62459: 0.993324
62460: 0.993324
62461: 0.993324
62462: 0.993324
62463: 0.993324
62464: 0.993324
62465: 0.993324
62466: 0.993324
62467: 0.993325
62468: 0.993325
62469: 0.993325
62470: 0.993325
62471: 0.993325
62472: 0.993325
62473: 0.993325
62474: 0.993309
62475: 0.993309
62476: 0.99331
62477: 0.99331
62478: 0.99331
62479: 0.99331
62480: 0.99331
62481: 0.99331
62482: 0.99331
62483: 0.99331
62484: 0.99331
62485: 0.993311
62486: 0.993311
62487: 0.993311
62488: 0.993311
62489: 0.993311
62490: 0.993311
62491: 0.993311
62492: 0.993311
62493: 0.993311
62494: 0.993311
62495: 0.993312
62496: 0.993312
62497: 0.993312
62498: 0.993312
62499: 0.993312
62500: 0.993312
62501: 0.993312
62502: 0.993312
62503: 0.993312
62504: 0.993313
62505: 0.993313
62506: 0.993313
62507: 0.993313
62508: 0.993313
62509: 0.993313
62510: 0.993313
62511: 0.993313
62512: 0.993313
62513: 0.993313
62514: 0.993314
62515: 0.993314
62516: 0.993314
62517: 0.993314
62518: 0.993314
62519: 0.993314
62520: 0.993314
62521: 0.993314
62522: 0.993314
62523: 0.993315
62524: 0.993315
62525: 0.993315
62526: 0.993315
62527: 0.993315
62528: 0.993315
62529: 0.993315
62530: 0.993315
62531: 0.993315
62532: 0.993316
62533: 0.993316
62534: 0.993316
62535: 0.993316
62536: 0.993316
62537: 0.993316
62538: 0.993316
62539: 0.993316
62540: 0.993316
62541: 0.993316
62542: 0.993317
62543: 0.993317
62544: 0.993317
62545: 0.993317
62546: 0.993317
62547: 0.993317
62548: 0.993317
62549: 0.993317
62550: 0.993317
62551: 0.993318
62552: 0.993318
62553: 0.993318
62554: 0.993318
62555: 0.993318
62556: 0.993318
62557: 0.993318
62558: 0.993318
62559: 0.993318
62560: 0.993319
62561: 0.993319
62562: 0.993319
62563: 0.993319
62564: 0.993319
62565: 0.993319
62566: 0.993319
62567: 0.993319
62568: 0.993319
62569: 0.993319
62570: 0.99332
62571: 0.99332
62572: 0.99332
62573: 0.99332
62574: 0.99332
62575: 0.99332
62576: 0.99332
62577: 0.99332
62578: 0.99332
62579: 0.993321
62580: 0.993321
62581: 0.993321
62582: 0.993321
62583: 0.993321
62584: 0.993321
62585: 0.993321
62586: 0.993321
62587: 0.993321
62588: 0.993322
62589: 0.993322
62590: 0.993322
62591: 0.993322
62592: 0.993322
62593: 0.993322
62594: 0.993322
62595: 0.993322
62596: 0.993322
62597: 0.993322
62598: 0.993323
62599: 0.993323
62600: 0.993323
62601: 0.993323
62602: 0.993323
62603: 0.993323
62604: 0.993323
62605: 0.993323
62606: 0.993323
62607: 0.993308
62608: 0.993308
62609: 0.993308
62610: 0.993308
62611: 0.993308
62612: 0.993308
62613: 0.993308
62614: 0.993308
62615: 0.993308
62616: 0.993309
62617: 0.993309
62618: 0.993309
62619: 0.993309
62620: 0.993309
62621: 0.993309
62622: 0.993309
62623: 0.993309
62624: 0.993309
62625: 0.993309
62626: 0.99331
62627: 0.99331
62628: 0.99331
62629: 0.99331
62630: 0.99331
62631: 0.99331
62632: 0.99331
62633: 0.99331
62634: 0.99331
62635: 0.993311
62636: 0.993311
62637: 0.993311
62638: 0.993311
62639: 0.993311
62640: 0.993311
62641: 0.993311
62642: 0.993311
62643: 0.993311
62644: 0.993312
62645: 0.993312
62646: 0.993312
62647: 0.993312
62648: 0.993312
62649: 0.993312
62650: 0.993312
62651: 0.993312
62652: 0.993312
62653: 0.993312
62654: 0.993313
62655: 0.993313
62656: 0.993313
62657: 0.993313
62658: 0.993313
62659: 0.993313
62660: 0.993313
62661: 0.993313
62662: 0.993313
62663: 0.993314
62664: 0.993314
62665: 0.993314
62666: 0.993314
62667: 0.993314
62668: 0.993314
62669: 0.993314
62670: 0.993314
62671: 0.993314
62672: 0.993315
62673: 0.993315
62674: 0.993315
62675: 0.993315
62676: 0.993315
62677: 0.993315
62678: 0.993315
62679: 0.993315
62680: 0.993315
62681: 0.993315
62682: 0.993316
62683: 0.993316
62684: 0.993316
62685: 0.993316
62686: 0.993316
62687: 0.993316
62688: 0.993316
62689: 0.993316
62690: 0.993316
62691: 0.993317
62692: 0.993317
62693: 0.993301
62694: 0.993301
62695: 0.993301
62696: 0.993301
62697: 0.993301
62698: 0.993301
62699: 0.993301
62700: 0.993302
62701: 0.993302
62702: 0.993302
62703: 0.993302
62704: 0.993302
62705: 0.993302
62706: 0.993302
62707: 0.993302
62708: 0.993302
62709: 0.993303
62710: 0.993303
62711: 0.993303
62712: 0.993303
62713: 0.993303
62714: 0.993303
62715: 0.993303
62716: 0.993303
62717: 0.993303
62718: 0.993303
62719: 0.993304
62720: 0.993304
62721: 0.993304
62722: 0.993304
62723: 0.993304
62724: 0.993304
62725: 0.993304
62726: 0.993304
62727: 0.993304
62728: 0.993305
62729: 0.993305
62730: 0.993305
62731: 0.993305
62732: 0.993305
62733: 0.993305
62734: 0.993305
62735: 0.993305
62736: 0.993305
62737: 0.993305
62738: 0.993306
62739: 0.993306
62740: 0.993306
62741: 0.993306
62742: 0.993306
62743: 0.993306
62744: 0.993306
62745: 0.993306
62746: 0.993306
62747: 0.993307
62748: 0.993307
62749: 0.993307
62750: 0.993307
62751: 0.993307
62752: 0.993307
62753: 0.993307
62754: 0.993307
62755: 0.993307
62756: 0.993308
62757: 0.993308
62758: 0.993308
62759: 0.993308
62760: 0.993308
62761: 0.993308
62762: 0.993308
62763: 0.993308
62764: 0.993308
62765: 0.993308
62766: 0.993309
62767: 0.993309
62768: 0.993309
62769: 0.993309
62770: 0.993309
62771: 0.993309
62772: 0.993309
62773: 0.993309
62774: 0.993309
62775: 0.99331
62776: 0.99331
62777: 0.99331
62778: 0.99331
62779: 0.99331
62780: 0.99331
62781: 0.99331
62782: 0.99331
62783: 0.99331
62784: 0.993311
62785: 0.993311
62786: 0.993311
62787: 0.993311
62788: 0.993311
62789: 0.993311
62790: 0.993311
62791: 0.993311
62792: 0.993311
62793: 0.993311
62794: 0.993312
62795: 0.993312
62796: 0.993312
62797: 0.993312
62798: 0.993312
62799: 0.993312
62800: 0.993312
62801: 0.993312
62802: 0.993312
62803: 0.993313
62804: 0.993313
62805: 0.993313
62806: 0.993313
62807: 0.993313
62808: 0.993313
62809: 0.993313
62810: 0.993313
62811: 0.993313
62812: 0.993313
62813: 0.993314
62814: 0.993314
62815: 0.993314
62816: 0.993314
62817: 0.993314
62818: 0.993314
62819: 0.993314
62820: 0.993314
62821: 0.993314
62822: 0.993315
62823: 0.993315
62824: 0.993315
62825: 0.993315
62826: 0.993315
62827: 0.993315
62828: 0.993315
62829: 0.993315
62830: 0.993315
62831: 0.993316
62832: 0.993316
62833: 0.993316
62834: 0.993316
62835: 0.993316
62836: 0.993316
62837: 0.993316
62838: 0.993316
62839: 0.993316
62840: 0.993316
62841: 0.993317
62842: 0.993317
62843: 0.993317
62844: 0.993317
62845: 0.993317
62846: 0.993317
62847: 0.993317
62848: 0.993317
62849: 0.993317
62850: 0.993318
62851: 0.993318
62852: 0.993318
62853: 0.993318
62854: 0.993318
62855: 0.993318
62856: 0.993318
62857: 0.993318
62858: 0.993318
62859: 0.993318
62860: 0.993319
62861: 0.993319
62862: 0.993319
62863: 0.993319
62864: 0.993319
62865: 0.993319
62866: 0.993319
62867: 0.993319
62868: 0.993319
62869: 0.99332
62870: 0.99332
62871: 0.99332
62872: 0.99332
62873: 0.99332
62874: 0.99332
62875: 0.99332
62876: 0.99332
62877: 0.99332
62878: 0.993321
62879: 0.993321
62880: 0.993321
62881: 0.993321
62882: 0.993321
62883: 0.993321
62884: 0.993321
62885: 0.993321
62886: 0.993321
62887: 0.993321
62888: 0.993322
62889: 0.993322
62890: 0.993322
62891: 0.993322
62892: 0.993322
62893: 0.993322
62894: 0.993322
62895: 0.993322
62896: 0.993322
62897: 0.993323
62898: 0.993323
62899: 0.993323
62900: 0.993323
62901: 0.993323
62902: 0.993323
62903: 0.993323
62904: 0.993323
62905: 0.993323
62906: 0.993323
62907: 0.993324
62908: 0.993324
62909: 0.993324
62910: 0.993324
62911: 0.993324
62912: 0.993324
62913: 0.993324
62914: 0.993324
62915: 0.993324
62916: 0.993325
62917: 0.993325
62918: 0.993325
62919: 0.993325
62920: 0.993325
62921: 0.993325
62922: 0.993325
62923: 0.993325
62924: 0.993325
62925: 0.993325
62926: 0.993326
62927: 0.993326
62928: 0.993326
62929: 0.993326
62930: 0.993326
62931: 0.993326
62932: 0.993326
62933: 0.993326
62934: 0.993326
62935: 0.993327
62936: 0.993327
62937: 0.993327
62938: 0.993327
62939: 0.993327
62940: 0.993327
62941: 0.993327
62942: 0.993327
62943: 0.993327
62944: 0.993328
62945: 0.993328
62946: 0.993328
62947: 0.993328
62948: 0.993328
62949: 0.993328
62950: 0.993328
62951: 0.993328
62952: 0.993328
62953: 0.993328
62954: 0.993329
62955: 0.993329
62956: 0.993329
62957: 0.993329
62958: 0.993329
62959: 0.993329
62960: 0.993329
62961: 0.993329
62962: 0.993329
62963: 0.99333
62964: 0.99333
62965: 0.99333
62966: 0.99333
62967: 0.99333
62968: 0.99333
62969: 0.99333
62970: 0.99333
62971: 0.99333
62972: 0.99333
62973: 0.993331
62974: 0.993331
62975: 0.993331
62976: 0.993331
62977: 0.993331
62978: 0.993331
62979: 0.993331
62980: 0.993331
62981: 0.993331
62982: 0.993332
62983: 0.993332
62984: 0.993332
62985: 0.993332
62986: 0.993332
62987: 0.993332
62988: 0.993332
62989: 0.993332
62990: 0.993332
62991: 0.993332
62992: 0.993333
62993: 0.993333
62994: 0.993333
62995: 0.993333
62996: 0.993333
62997: 0.993333
62998: 0.993333
62999: 0.993333
63000: 0.993333
63001: 0.993334
63002: 0.993334
63003: 0.993334
63004: 0.993334
63005: 0.993334
63006: 0.993334
63007: 0.993334
63008: 0.993334
63009: 0.993334
63010: 0.993334
63011: 0.993335
63012: 0.993335
63013: 0.993335
63014: 0.993335
63015: 0.993335
63016: 0.993335
63017: 0.993335
63018: 0.993335
63019: 0.993335
63020: 0.993336
63021: 0.993336
63022: 0.993336
63023: 0.993336
63024: 0.993336
63025: 0.993336
63026: 0.993336
63027: 0.993336
63028: 0.993336
63029: 0.993337
63030: 0.993337
63031: 0.993337
63032: 0.993337
63033: 0.993337
63034: 0.993337
63035: 0.993337
63036: 0.993337
63037: 0.993337
63038: 0.993337
63039: 0.993338
63040: 0.993338
63041: 0.993338
63042: 0.993338
63043: 0.993338
63044: 0.993338
63045: 0.993338
63046: 0.993338
63047: 0.993338
63048: 0.993339
63049: 0.993339
63050: 0.993339
63051: 0.993339
63052: 0.993339
63053: 0.993339
63054: 0.993323
63055: 0.993323
63056: 0.993324
63057: 0.993324
63058: 0.993324
63059: 0.993324
63060: 0.993324
63061: 0.993324
63062: 0.993324
63063: 0.993324
63064: 0.993324
63065: 0.993324
63066: 0.993325
63067: 0.993325
63068: 0.993325
63069: 0.993325
63070: 0.993325
63071: 0.993325
63072: 0.993325
63073: 0.993325
63074: 0.993325
63075: 0.993326
63076: 0.993326
63077: 0.993326
63078: 0.993326
63079: 0.993326
63080: 0.993326
63081: 0.993326
63082: 0.993326
63083: 0.993326
63084: 0.993326
63085: 0.993327
63086: 0.993327
63087: 0.993327
63088: 0.993327
63089: 0.993327
63090: 0.993327
63091: 0.993327
63092: 0.993327
63093: 0.993327
63094: 0.993328
63095: 0.993328
63096: 0.993328
63097: 0.993328
63098: 0.993328
63099: 0.993328
63100: 0.993328
63101: 0.993328
63102: 0.993328
63103: 0.993328
63104: 0.993329
63105: 0.993329
63106: 0.993329
63107: 0.993329
63108: 0.993329
63109: 0.993329
63110: 0.993329
63111: 0.993329
63112: 0.993329
63113: 0.99333
63114: 0.99333
63115: 0.99333
63116: 0.99333
63117: 0.99333
63118: 0.99333
63119: 0.99333
63120: 0.99333
63121: 0.99333
63122: 0.99333
63123: 0.993331
63124: 0.993331
63125: 0.993331
63126: 0.993331
63127: 0.993331
63128: 0.993331
63129: 0.993331
63130: 0.993331
63131: 0.993331
63132: 0.993332
63133: 0.993332
63134: 0.993332
63135: 0.993332
63136: 0.993332
63137: 0.993332
63138: 0.993332
63139: 0.993332
63140: 0.993332
63141: 0.993332
63142: 0.993333
63143: 0.993333
63144: 0.993333
63145: 0.993333
63146: 0.993333
63147: 0.993333
63148: 0.993333
63149: 0.993333
63150: 0.993333
63151: 0.993334
63152: 0.993334
63153: 0.993334
63154: 0.993334
63155: 0.993334
63156: 0.993334
63157: 0.993334
63158: 0.993334
63159: 0.993334
63160: 0.993334
63161: 0.993335
63162: 0.993335
63163: 0.993335
63164: 0.993335
63165: 0.993335
63166: 0.993335
63167: 0.993335
63168: 0.993335
63169: 0.993335
63170: 0.993336
63171: 0.993336
63172: 0.993336
63173: 0.993336
63174: 0.993336
63175: 0.993336
63176: 0.993336
63177: 0.993336
63178: 0.993336
63179: 0.993336
63180: 0.993337
63181: 0.993337
63182: 0.993337
63183: 0.993337
63184: 0.993337
63185: 0.993337
63186: 0.993337
63187: 0.993337
63188: 0.993337
63189: 0.993338
63190: 0.993338
63191: 0.993338
63192: 0.993338
63193: 0.993338
63194: 0.993338
63195: 0.993338
63196: 0.993338
63197: 0.993338
63198: 0.993339
63199: 0.993339
63200: 0.993339
63201: 0.993339
63202: 0.993339
63203: 0.993339
63204: 0.993339
63205: 0.993339
63206: 0.993339
63207: 0.993339
63208: 0.99334
63209: 0.99334
63210: 0.99334
63211: 0.99334
63212: 0.99334
63213: 0.99334
63214: 0.99334
63215: 0.99334
63216: 0.99334
63217: 0.993341
63218: 0.993341
63219: 0.993341
63220: 0.993341
63221: 0.993341
63222: 0.993341
63223: 0.993341
63224: 0.993341
63225: 0.993341
63226: 0.993341
63227: 0.993342
63228: 0.993342
63229: 0.993342
63230: 0.993342
63231: 0.993342
63232: 0.993342
63233: 0.993342
63234: 0.993342
63235: 0.993342
63236: 0.993343
63237: 0.993343
63238: 0.993343
63239: 0.993343
63240: 0.993343
63241: 0.993343
63242: 0.993343
63243: 0.993343
63244: 0.993343
63245: 0.993343
63246: 0.993344
63247: 0.993344
63248: 0.993344
63249: 0.993344
63250: 0.993344
63251: 0.993344
63252: 0.993344
63253: 0.993344
63254: 0.993344
63255: 0.993345
63256: 0.993345
63257: 0.993345
63258: 0.993345
63259: 0.993345
63260: 0.993345
63261: 0.993345
63262: 0.993345
63263: 0.993345
63264: 0.993345
63265: 0.993346
63266: 0.993346
63267: 0.993346
63268: 0.993346
63269: 0.993346
63270: 0.993346
63271: 0.993346
63272: 0.993346
63273: 0.993346
63274: 0.993347
63275: 0.993347
63276: 0.993347
63277: 0.993347
63278: 0.993347
63279: 0.993347
63280: 0.993347
63281: 0.993347
63282: 0.993347
63283: 0.993347
63284: 0.993348
63285: 0.993348
63286: 0.993348
63287: 0.993348
63288: 0.993348
63289: 0.993348
63290: 0.993348
63291: 0.993348
63292: 0.993348
63293: 0.993349
63294: 0.993349
63295: 0.993349
63296: 0.993349
63297: 0.993349
63298: 0.993349
63299: 0.993349
63300: 0.993349
63301: 0.993349
63302: 0.993349
63303: 0.99335
63304: 0.99335
63305: 0.99335
63306: 0.99335
63307: 0.99335
63308: 0.99335
63309: 0.99335
63310: 0.99335
63311: 0.99335
63312: 0.99335
63313: 0.993351
63314: 0.993351
63315: 0.993351
63316: 0.993351
63317: 0.993351
63318: 0.993351
63319: 0.993351
63320: 0.993351
63321: 0.993351
63322: 0.993352
63323: 0.993352
63324: 0.993352
63325: 0.993352
63326: 0.993352
63327: 0.993352
63328: 0.993352
63329: 0.993352
63330: 0.993352
63331: 0.993352
63332: 0.993353
63333: 0.993353
63334: 0.993353
63335: 0.993353
63336: 0.993353
63337: 0.993353
63338: 0.993353
63339: 0.993353
63340: 0.993353
63341: 0.993354
63342: 0.993354
63343: 0.993354
63344: 0.993354
63345: 0.993354
63346: 0.993354
63347: 0.993354
63348: 0.993354
63349: 0.993354
63350: 0.993354
63351: 0.993355
63352: 0.993355
63353: 0.993355
63354: 0.993355
63355: 0.993355
63356: 0.993355
63357: 0.993355
63358: 0.993355
63359: 0.993355
63360: 0.993356
63361: 0.993356
63362: 0.993356
63363: 0.993356
63364: 0.993356
63365: 0.993356
63366: 0.993356
63367: 0.993356
63368: 0.993356
63369: 0.993356
63370: 0.993357
63371: 0.993357
63372: 0.993357
63373: 0.993357
63374: 0.993357
63375: 0.993357
63376: 0.993357
63377: 0.993357
63378: 0.993357
63379: 0.993358
63380: 0.993358
63381: 0.993358
63382: 0.993358
63383: 0.993358
63384: 0.993358
63385: 0.993358
63386: 0.993358
63387: 0.993358
63388: 0.993358
63389: 0.993359
63390: 0.993359
63391: 0.993359
63392: 0.993359
63393: 0.993359
63394: 0.993359
63395: 0.993359
63396: 0.993359
63397: 0.993359
63398: 0.99336
63399: 0.99336
63400: 0.99336
63401: 0.99336
63402: 0.993344
63403: 0.993344
63404: 0.993344
63405: 0.993344
63406: 0.993345
63407: 0.993345
63408: 0.993345
63409: 0.993345
63410: 0.993345
63411: 0.993345
63412: 0.993345
63413: 0.993345
63414: 0.993345
63415: 0.993346
63416: 0.993346
63417: 0.993346
63418: 0.993346
63419: 0.993346
63420: 0.993346
63421: 0.993346
63422: 0.993346
63423: 0.993346
63424: 0.993346
63425: 0.993347
63426: 0.993347
63427: 0.993347
63428: 0.993347
63429: 0.993347
63430: 0.993347
63431: 0.993347
63432: 0.993347
63433: 0.993347
63434: 0.993348
63435: 0.993348
63436: 0.993348
63437: 0.993348
63438: 0.993348
63439: 0.993348
63440: 0.993348
63441: 0.993348
63442: 0.993348
63443: 0.993348
63444: 0.993349
63445: 0.993349
63446: 0.993349
63447: 0.993349
63448: 0.993349
63449: 0.993349
63450: 0.993349
63451: 0.993349
63452: 0.993349
63453: 0.99335
63454: 0.99335
63455: 0.99335
63456: 0.99335
63457: 0.99335
63458: 0.99335
63459: 0.99335
63460: 0.99335
63461: 0.99335
63462: 0.99335
63463: 0.993351
63464: 0.993351
63465: 0.993351
63466: 0.993351
63467: 0.993351
63468: 0.993351
63469: 0.993351
63470: 0.993351
63471: 0.993351
63472: 0.993352
63473: 0.993352
63474: 0.993352
63475: 0.993352
63476: 0.993352
63477: 0.993352
63478: 0.993352
63479: 0.993352
63480: 0.993352
63481: 0.993352
63482: 0.993353
63483: 0.993353
63484: 0.993353
63485: 0.993353
63486: 0.993353
63487: 0.993353
63488: 0.993353
63489: 0.993353
63490: 0.993353
63491: 0.993353
63492: 0.993354
63493: 0.993354
63494: 0.993354
63495: 0.993354
63496: 0.993354
63497: 0.993354
63498: 0.993354
63499: 0.993354
63500: 0.993354
63501: 0.993355
63502: 0.993355
63503: 0.993355
63504: 0.993355
63505: 0.993355
63506: 0.993355
63507: 0.993355
63508: 0.993355
63509: 0.993355
63510: 0.993355
63511: 0.993356
63512: 0.993356
63513: 0.993356
63514: 0.993356
63515: 0.993356
63516: 0.993356
63517: 0.993356
63518: 0.993356
63519: 0.993356
63520: 0.993357
63521: 0.993357
63522: 0.993357
63523: 0.993357
63524: 0.993357
63525: 0.993357
63526: 0.993357
63527: 0.993357
63528: 0.993357
63529: 0.993357
63530: 0.993358
63531: 0.993358
63532: 0.993358
63533: 0.993358
63534: 0.993358
63535: 0.993358
63536: 0.993358
63537: 0.993358
63538: 0.993358
63539: 0.993359
63540: 0.993359
63541: 0.993359
63542: 0.993359
63543: 0.993359
63544: 0.993359
63545: 0.993359
63546: 0.993359
63547: 0.993359
63548: 0.993359
63549: 0.99336
63550: 0.99336
63551: 0.99336
63552: 0.99336
63553: 0.99336
63554: 0.99336
63555: 0.99336
63556: 0.99336
63557: 0.99336
63558: 0.99336
63559: 0.993361
63560: 0.993361
63561: 0.993361
63562: 0.993361
63563: 0.993361
63564: 0.993361
63565: 0.993361
63566: 0.993361
63567: 0.993361
63568: 0.993362
63569: 0.993362
63570: 0.993362
63571: 0.993346
63572: 0.993346
63573: 0.993346
63574: 0.993346
63575: 0.993347
63576: 0.993347
63577: 0.993347
63578: 0.993347
63579: 0.993347
63580: 0.993347
63581: 0.993347
63582: 0.993347
63583: 0.993347
63584: 0.993347
63585: 0.993348
63586: 0.993348
63587: 0.993348
63588: 0.993348
63589: 0.993348
63590: 0.993348
63591: 0.993348
63592: 0.993348
63593: 0.993348
63594: 0.993349
63595: 0.993349
63596: 0.993349
63597: 0.993349
63598: 0.993349
63599: 0.993349
63600: 0.993349
63601: 0.993349
63602: 0.993349
63603: 0.993349
63604: 0.99335
63605: 0.99335
63606: 0.99335
63607: 0.99335
63608: 0.99335
63609: 0.99335
63610: 0.99335
63611: 0.99335
63612: 0.99335
63613: 0.993351
63614: 0.993351
63615: 0.993351
63616: 0.993351
63617: 0.993351
63618: 0.993351
63619: 0.993351
63620: 0.993351
63621: 0.993351
63622: 0.993351
63623: 0.993352
63624: 0.993352
63625: 0.993352
63626: 0.993352
63627: 0.993352
63628: 0.993352
63629: 0.993352
63630: 0.993352
63631: 0.993352
63632: 0.993353
63633: 0.993353
63634: 0.993353
63635: 0.993353
63636: 0.993353
63637: 0.993353
63638: 0.993353
63639: 0.993353
63640: 0.993353
63641: 0.993353
63642: 0.993354
63643: 0.993354
63644: 0.993354
63645: 0.993354
63646: 0.993354
63647: 0.993354
63648: 0.993354
63649: 0.993354
63650: 0.993354
63651: 0.993354
63652: 0.993355
63653: 0.993355
63654: 0.993355
63655: 0.993355
63656: 0.993355
63657: 0.993355
63658: 0.993355
63659: 0.993355
63660: 0.993355
63661: 0.993356
63662: 0.993356
63663: 0.993356
63664: 0.993356
63665: 0.993356
63666: 0.993356
63667: 0.993356
63668: 0.993356
63669: 0.993356
63670: 0.993341
63671: 0.993325
63672: 0.99331
63673: 0.99331
63674: 0.99331
63675: 0.99331
63676: 0.99331
63677: 0.99331
63678: 0.99331
63679: 0.99331
63680: 0.99331
63681: 0.993311
63682: 0.993311
63683: 0.993311
63684: 0.993311
63685: 0.993311
63686: 0.993311
63687: 0.993311
63688: 0.993311
63689: 0.993311
63690: 0.993311
63691: 0.993312
63692: 0.993312
63693: 0.993312
63694: 0.993312
63695: 0.993312
63696: 0.993312
63697: 0.993312
63698: 0.993312
63699: 0.993312
63700: 0.993313
63701: 0.993313
63702: 0.993313
63703: 0.993313
63704: 0.993313
63705: 0.993313
63706: 0.993313
63707: 0.993313
63708: 0.993313
63709: 0.993313
63710: 0.993314
63711: 0.993314
63712: 0.993314
63713: 0.993314
63714: 0.993314
63715: 0.993314
63716: 0.993314
63717: 0.993314
63718: 0.993314
63719: 0.993315
63720: 0.993315
63721: 0.993315
63722: 0.993315
63723: 0.993315
63724: 0.993315
63725: 0.993315
63726: 0.993315
63727: 0.993315
63728: 0.993315
63729: 0.993316
63730: 0.993316
63731: 0.993316
63732: 0.993316
63733: 0.993316
63734: 0.993316
63735: 0.993316
63736: 0.993316
63737: 0.993316
63738: 0.993316
63739: 0.993317
63740: 0.993317
63741: 0.993317
63742: 0.993317
63743: 0.993317
63744: 0.993317
63745: 0.993317
63746: 0.993317
63747: 0.993317
63748: 0.993318
63749: 0.993318
63750: 0.993318
63751: 0.993318
63752: 0.993318
63753: 0.993318
63754: 0.993318
63755: 0.993318
63756: 0.993318
63757: 0.993318
63758: 0.993319
63759: 0.993319
63760: 0.993319
63761: 0.993319
63762: 0.993319
63763: 0.993319
63764: 0.993319
63765: 0.993319
63766: 0.993319
63767: 0.99332
63768: 0.99332
63769: 0.99332
63770: 0.99332
63771: 0.99332
63772: 0.99332
63773: 0.99332
63774: 0.99332
63775: 0.99332
63776: 0.99332
63777: 0.993321
63778: 0.993321
63779: 0.993321
63780: 0.993321
63781: 0.993321
63782: 0.993321
63783: 0.993321
63784: 0.993321
63785: 0.993321
63786: 0.993322
63787: 0.993322
63788: 0.993322
63789: 0.993322
63790: 0.993322
63791: 0.993322
63792: 0.993322
63793: 0.993322
63794: 0.993322
63795: 0.993322
63796: 0.993323
63797: 0.993323
63798: 0.993323
63799: 0.993323
63800: 0.993323
63801: 0.993323
63802: 0.993323
63803: 0.993323
63804: 0.993323
63805: 0.993324
63806: 0.993324
63807: 0.993324
63808: 0.993324
63809: 0.993324
63810: 0.993324
63811: 0.993324
63812: 0.993324
63813: 0.993324
63814: 0.993324
63815: 0.993325
63816: 0.993325
63817: 0.993325
63818: 0.993325
63819: 0.993325
63820: 0.993325
63821: 0.993325
63822: 0.993325
63823: 0.993325
63824: 0.993325
63825: 0.993326
63826: 0.993326
63827: 0.993326
63828: 0.993326
63829: 0.993326
63830: 0.993326
63831: 0.993326
63832: 0.993326
63833: 0.993326
63834: 0.993327
63835: 0.993327
63836: 0.993327
63837: 0.993327
63838: 0.993327
63839: 0.993327
63840: 0.993327
63841: 0.993327
63842: 0.993327
63843: 0.993327
63844: 0.993328
63845: 0.993328
63846: 0.993328
63847: 0.993328
63848: 0.993328
63849: 0.993328
63850: 0.993328
63851: 0.993328
63852: 0.993328
63853: 0.993329
63854: 0.993329
63855: 0.993329
63856: 0.993329
63857: 0.993329
63858: 0.993329
63859: 0.993329
63860: 0.993329
63861: 0.993329
63862: 0.993329
63863: 0.99333
63864: 0.99333
63865: 0.99333
63866: 0.99333
63867: 0.99333
63868: 0.99333
63869: 0.99333
63870: 0.99333
63871: 0.99333
63872: 0.993331
63873: 0.993331
63874: 0.993331
63875: 0.993331
63876: 0.993331
63877: 0.993331
63878: 0.993331
63879: 0.993331
63880: 0.993331
63881: 0.993331
63882: 0.993332
63883: 0.993332
63884: 0.993332
63885: 0.993332
63886: 0.993332
63887: 0.993332
63888: 0.993332
63889: 0.993332
63890: 0.993332
63891: 0.993332
63892: 0.993333
63893: 0.993333
63894: 0.993333
63895: 0.993333
63896: 0.993333
63897: 0.993333
63898: 0.993333
63899: 0.993333
63900: 0.993333
63901: 0.993334
63902: 0.993334
63903: 0.993334
63904: 0.993334
63905: 0.993334
63906: 0.993334
63907: 0.993334
63908: 0.993334
63909: 0.993334
63910: 0.993334
63911: 0.993335
63912: 0.993335
63913: 0.993335
63914: 0.993335
63915: 0.993335
63916: 0.993335
63917: 0.993335
63918: 0.993335
63919: 0.993335
63920: 0.993336
63921: 0.993336
63922: 0.993336
63923: 0.993336
63924: 0.993336
63925: 0.993336
63926: 0.993336
63927: 0.993336
63928: 0.993336
63929: 0.993336
63930: 0.993337
63931: 0.993337
63932: 0.993337
63933: 0.993337
63934: 0.993337
63935: 0.993337
63936: 0.993337
63937: 0.993337
63938: 0.993337
63939: 0.993338
63940: 0.993338
63941: 0.993338
63942: 0.993338
63943: 0.993338
63944: 0.993338
63945: 0.993338
63946: 0.993338
63947: 0.993338
63948: 0.993338
63949: 0.993339
63950: 0.993339
63951: 0.993339
63952: 0.993339
63953: 0.993339
63954: 0.993339
63955: 0.993339
63956: 0.993339
63957: 0.993339
63958: 0.993339
63959: 0.99334
63960: 0.99334
63961: 0.99334
63962: 0.99334
63963: 0.99334
63964: 0.99334
63965: 0.99334
63966: 0.99334
63967: 0.99334
63968: 0.993341
63969: 0.993341
63970: 0.993341
63971: 0.993341
63972: 0.993341
63973: 0.993341
63974: 0.993341
63975: 0.993341
63976: 0.993341
63977: 0.993341
63978: 0.993342
63979: 0.993342
63980: 0.993342
63981: 0.993342
63982: 0.993342
63983: 0.993342
63984: 0.993342
63985: 0.993342
63986: 0.993342
63987: 0.993343
63988: 0.993343
63989: 0.993343
63990: 0.993343
63991: 0.993343
63992: 0.993343
63993: 0.993343
63994: 0.993343
63995: 0.993343
63996: 0.993343
63997: 0.993344
63998: 0.993344
63999: 0.993344
64000: 0.993344
64001: 0.993344
64002: 0.993344
64003: 0.993344
64004: 0.993344
64005: 0.993344
64006: 0.993344
64007: 0.993345
64008: 0.993345
64009: 0.993345
64010: 0.993345
64011: 0.993345
64012: 0.993345
64013: 0.993345
64014: 0.993345
64015: 0.993345
64016: 0.993346
64017: 0.993346
64018: 0.993346
64019: 0.993346
64020: 0.993346
64021: 0.993346
64022: 0.993346
64023: 0.993346
64024: 0.993346
64025: 0.993346
64026: 0.993347
64027: 0.993347
64028: 0.993347
64029: 0.993347
64030: 0.993347
64031: 0.993347
64032: 0.993347
64033: 0.993347
64034: 0.993347
64035: 0.993347
64036: 0.993348
64037: 0.993348
64038: 0.993348
64039: 0.993348
64040: 0.993348
64041: 0.993348
64042: 0.993348
64043: 0.993348
64044: 0.993348
64045: 0.993349
64046: 0.993349
64047: 0.993349
64048: 0.993349
64049: 0.993349
64050: 0.993349
64051: 0.993349
64052: 0.993349
64053: 0.993349
64054: 0.993349
64055: 0.99335
64056: 0.99335
64057: 0.99335
64058: 0.99335
64059: 0.99335
64060: 0.99335
64061: 0.99335
64062: 0.99335
64063: 0.99335
64064: 0.993351
64065: 0.993351
64066: 0.993351
64067: 0.993351
64068: 0.993351
64069: 0.993351
64070: 0.993351
64071: 0.993351
64072: 0.993351
64073: 0.993351
64074: 0.993352
64075: 0.993352
64076: 0.993352
64077: 0.993352
64078: 0.993352
64079: 0.993352
64080: 0.993352
64081: 0.993352
64082: 0.993352
64083: 0.993352
64084: 0.993353
64085: 0.993353
64086: 0.993353
64087: 0.993353
64088: 0.993353
64089: 0.993353
64090: 0.993353
64091: 0.993353
64092: 0.993353
64093: 0.993354
64094: 0.993354
64095: 0.993354
64096: 0.993354
64097: 0.993354
64098: 0.993354
64099: 0.993354
64100: 0.993354
64101: 0.993354
64102: 0.993354
64103: 0.993355
64104: 0.993355
64105: 0.993355
64106: 0.993355
64107: 0.993355
64108: 0.993355
64109: 0.993355
64110: 0.993355
64111: 0.993355
64112: 0.993355
64113: 0.993356
64114: 0.993356
64115: 0.993356
64116: 0.993356
64117: 0.993356
64118: 0.993356
64119: 0.993356
64120: 0.993356
64121: 0.993356
64122: 0.993357
64123: 0.993357
64124: 0.993357
64125: 0.993357
64126: 0.993357
64127: 0.993357
64128: 0.993357
64129: 0.993357
64130: 0.993357
64131: 0.993357
64132: 0.993358
64133: 0.993358
64134: 0.993358
64135: 0.993358
64136: 0.993358
64137: 0.993358
64138: 0.993358
64139: 0.993358
64140: 0.993358
64141: 0.993358
64142: 0.993359
64143: 0.993359
64144: 0.993359
64145: 0.993359
64146: 0.993359
64147: 0.993359
64148: 0.993359
64149: 0.993359
64150: 0.993359
64151: 0.99336
64152: 0.99336
64153: 0.99336
64154: 0.99336
64155: 0.99336
64156: 0.99336
64157: 0.99336
64158: 0.99336
64159: 0.99336
64160: 0.99336
64161: 0.993361
64162: 0.993361
64163: 0.993361
64164: 0.993361
64165: 0.993361
64166: 0.993361
64167: 0.993361
64168: 0.993361
64169: 0.993361
64170: 0.993361
64171: 0.993362
64172: 0.993362
64173: 0.993362
64174: 0.993362
64175: 0.993362
64176: 0.993362
64177: 0.993362
64178: 0.993362
64179: 0.993362
64180: 0.993363
64181: 0.993363
64182: 0.993363
64183: 0.993363
64184: 0.993363
64185: 0.993363
64186: 0.993363
64187: 0.993363
64188: 0.993363
64189: 0.993363
64190: 0.993364
64191: 0.993364
64192: 0.993364
64193: 0.993364
64194: 0.993364
64195: 0.993364
64196: 0.993364
64197: 0.993364
64198: 0.993364
64199: 0.993364
64200: 0.993365
64201: 0.993365
64202: 0.993365
64203: 0.993365
64204: 0.993365
64205: 0.993365
64206: 0.993365
64207: 0.993365
64208: 0.993365
64209: 0.993366
64210: 0.993366
64211: 0.993366
64212: 0.993366
64213: 0.993366
64214: 0.993366
64215: 0.993366
64216: 0.993366
64217: 0.993366
64218: 0.993366
64219: 0.993367
64220: 0.993367
64221: 0.993367
64222: 0.993367
64223: 0.993367
64224: 0.993367
64225: 0.993367
64226: 0.993367
64227: 0.993367
64228: 0.993367
64229: 0.993368
64230: 0.993368
64231: 0.993368
64232: 0.993368
64233: 0.993368
64234: 0.993368
64235: 0.993368
64236: 0.993368
64237: 0.993368
64238: 0.993369
64239: 0.993369
64240: 0.993369
64241: 0.993369
64242: 0.993369
64243: 0.993369
64244: 0.993369
64245: 0.993369
64246: 0.993369
64247: 0.993369
64248: 0.99337
64249: 0.99337
64250: 0.99337
64251: 0.99337
64252: 0.99337
64253: 0.99337
64254: 0.99337
64255: 0.99337
64256: 0.99337
64257: 0.99337
64258: 0.993371
64259: 0.993371
64260: 0.993371
64261: 0.993371
64262: 0.993371
64263: 0.993371
64264: 0.993371
64265: 0.993371
64266: 0.993371
64267: 0.993372
64268: 0.993372
64269: 0.993372
64270: 0.993372
64271: 0.993372
64272: 0.993372
64273: 0.993372
64274: 0.993372
64275: 0.993372
64276: 0.993372
64277: 0.993373
64278: 0.993373
64279: 0.993373
64280: 0.993373
64281: 0.993373
64282: 0.993373
64283: 0.993373
64284: 0.993373
64285: 0.993373
64286: 0.993373
64287: 0.993374
64288: 0.993374
64289: 0.993374
64290: 0.993374
64291: 0.993374
64292: 0.993374
64293: 0.993374
64294: 0.993374
64295: 0.993374
64296: 0.993374
64297: 0.993375
64298: 0.993375
64299: 0.993375
64300: 0.993375
64301: 0.993375
64302: 0.993375
64303: 0.993375
64304: 0.993375
64305: 0.993375
64306: 0.993376
64307: 0.993376
64308: 0.993376
64309: 0.993376
64310: 0.993376
64311: 0.993376
64312: 0.993376
64313: 0.993376
64314: 0.993376
64315: 0.993376
64316: 0.993377
64317: 0.993377
64318: 0.993377
64319: 0.993377
64320: 0.993377
64321: 0.993377
64322: 0.993377
64323: 0.993377
64324: 0.993377
64325: 0.993377
64326: 0.993378
64327: 0.993378
64328: 0.993378
64329: 0.993378
64330: 0.993378
64331: 0.993378
64332: 0.993378
64333: 0.993378
64334: 0.993378
64335: 0.993379
64336: 0.993379
64337: 0.993379
64338: 0.993379
64339: 0.993379
64340: 0.993379
64341: 0.993379
64342: 0.993379
64343: 0.993379
64344: 0.993379
64345: 0.99338
64346: 0.99338
64347: 0.99338
64348: 0.99338
64349: 0.99338
64350: 0.99338
64351: 0.99338
64352: 0.99338
64353: 0.99338
64354: 0.99338
64355: 0.993381
64356: 0.993381
64357: 0.993381
64358: 0.993381
64359: 0.993381
64360: 0.993381
64361: 0.993381
64362: 0.993381
64363: 0.993381
64364: 0.993381
64365: 0.993382
64366: 0.993382
64367: 0.993382
64368: 0.993382
64369: 0.993382
64370: 0.993382
64371: 0.993382
64372: 0.993382
64373: 0.993382
64374: 0.993383
64375: 0.993383
64376: 0.993383
64377: 0.993383
64378: 0.993383
64379: 0.993383
64380: 0.993383
64381: 0.993383
64382: 0.993383
64383: 0.993383
64384: 0.993384
64385: 0.993384
64386: 0.993384
64387: 0.993384
64388: 0.993384
64389: 0.993384
64390: 0.993384
64391: 0.993384
64392: 0.993384
64393: 0.993384
64394: 0.993385
64395: 0.993385
64396: 0.993385
64397: 0.993385
64398: 0.993385
64399: 0.993385
64400: 0.993385
64401: 0.993385
64402: 0.993385
64403: 0.993386
64404: 0.993386
64405: 0.993386
64406: 0.993386
64407: 0.993386
64408: 0.993386
64409: 0.993386
64410: 0.993386
64411: 0.993386
64412: 0.993386
64413: 0.993387
64414: 0.993387
64415: 0.993387
64416: 0.993387
64417: 0.993387
64418: 0.993387
64419: 0.993387
64420: 0.993387
64421: 0.993387
64422: 0.993387
64423: 0.993388
64424: 0.993388
64425: 0.993388
64426: 0.993388
64427: 0.993388
64428: 0.993388
64429: 0.993388
64430: 0.993388
64431: 0.993388
64432: 0.993388
64433: 0.993389
64434: 0.993389
64435: 0.993389
64436: 0.993389
64437: 0.993389
64438: 0.993389
64439: 0.993389
64440: 0.993389
64441: 0.993389
64442: 0.99339
64443: 0.99339
64444: 0.99339
64445: 0.99339
64446: 0.99339
64447: 0.99339
64448: 0.99339
64449: 0.99339
64450: 0.99339
64451: 0.99339
64452: 0.993391
64453: 0.993391
64454: 0.993391
64455: 0.993391
64456: 0.993391
64457: 0.993391
64458: 0.993391
64459: 0.993391
64460: 0.993391
64461: 0.993391
64462: 0.993392
64463: 0.993392
64464: 0.993392
64465: 0.993392
64466: 0.993392
64467: 0.993392
64468: 0.993392
64469: 0.993392
64470: 0.993392
64471: 0.993392
64472: 0.993393
64473: 0.993393
64474: 0.993393
64475: 0.993393
64476: 0.993393
64477: 0.993393
64478: 0.993393
64479: 0.993393
64480: 0.993393
64481: 0.993394
64482: 0.993394
64483: 0.993394
64484: 0.993394
64485: 0.993394
64486: 0.993394
64487: 0.993394
64488: 0.993394
64489: 0.993394
64490: 0.993394
64491: 0.993395
64492: 0.993395
64493: 0.993395
64494: 0.993395
64495: 0.993395
64496: 0.993395
64497: 0.993395
64498: 0.993395
64499: 0.993395
64500: 0.993395
64501: 0.993396
64502: 0.993396
64503: 0.993396
64504: 0.993396
64505: 0.993396
64506: 0.993396
64507: 0.993396
64508: 0.993396
64509: 0.993396
64510: 0.993396
64511: 0.993397
64512: 0.993397
64513: 0.993397
64514: 0.993397
64515: 0.993397
64516: 0.993397
64517: 0.993397
64518: 0.993397
64519: 0.993397
64520: 0.993397
64521: 0.993398
64522: 0.993398
64523: 0.993398
64524: 0.993398
64525: 0.993398
64526: 0.993398
64527: 0.993398
64528: 0.993398
64529: 0.993398
64530: 0.993399
64531: 0.993399
64532: 0.993399
64533: 0.993399
64534: 0.993399
64535: 0.993399
64536: 0.993399
64537: 0.993399
64538: 0.993399
64539: 0.993399
64540: 0.9934
64541: 0.9934
64542: 0.9934
64543: 0.9934
64544: 0.9934
64545: 0.9934
64546: 0.9934
64547: 0.9934
64548: 0.9934
64549: 0.9934
64550: 0.993401
64551: 0.993401
64552: 0.993401
64553: 0.993401
64554: 0.993401
64555: 0.993401
64556: 0.993401
64557: 0.993401
64558: 0.993401
64559: 0.993401
64560: 0.993402
64561: 0.993402
64562: 0.993402
64563: 0.993402
64564: 0.993402
64565: 0.993402
64566: 0.993402
64567: 0.993402
64568: 0.993402
64569: 0.993403
64570: 0.993403
64571: 0.993403
64572: 0.993403
64573: 0.993403
64574: 0.993403
64575: 0.993403
64576: 0.993403
64577: 0.993403
64578: 0.993403
64579: 0.993404
64580: 0.993404
64581: 0.993404
64582: 0.993404
64583: 0.993404
64584: 0.993404
64585: 0.993404
64586: 0.993404
64587: 0.993404
64588: 0.993404
64589: 0.993405
64590: 0.993405
64591: 0.993405
64592: 0.993405
64593: 0.993405
64594: 0.993405
64595: 0.993405
64596: 0.993405
64597: 0.993405
64598: 0.993405
64599: 0.993406
64600: 0.993406
64601: 0.993406
64602: 0.993406
64603: 0.993406
64604: 0.993406
64605: 0.993406
64606: 0.993406
64607: 0.993406
64608: 0.993406
64609: 0.993407
64610: 0.993407
64611: 0.993407
64612: 0.993407
64613: 0.993407
64614: 0.993407
64615: 0.993407
64616: 0.993407
64617: 0.993407
64618: 0.993408
64619: 0.993408
64620: 0.993408
64621: 0.993408
64622: 0.993408
64623: 0.993408
64624: 0.993408
64625: 0.993408
64626: 0.993408
64627: 0.993408
64628: 0.993409
64629: 0.993409
64630: 0.993409
64631: 0.993409
64632: 0.993409
64633: 0.993409
64634: 0.993409
64635: 0.993409
64636: 0.993409
64637: 0.993409
64638: 0.99341
64639: 0.99341
64640: 0.99341
64641: 0.99341
64642: 0.99341
64643: 0.99341
64644: 0.99341
64645: 0.99341
64646: 0.99341
64647: 0.99341
64648: 0.993411
64649: 0.993411
64650: 0.993411
64651: 0.993411
64652: 0.993411
64653: 0.993411
64654: 0.993411
64655: 0.993411
64656: 0.993411
64657: 0.993411
64658: 0.993412
64659: 0.993412
64660: 0.993412
64661: 0.993412
64662: 0.993412
64663: 0.993412
64664: 0.993412
64665: 0.993412
64666: 0.993412
64667: 0.993413
64668: 0.993413
64669: 0.993413
64670: 0.993413
64671: 0.993413
64672: 0.993413
64673: 0.993413
64674: 0.993413
64675: 0.993413
64676: 0.993413
64677: 0.993414
64678: 0.993414
64679: 0.993414
64680: 0.993414
64681: 0.993414
64682: 0.993414
64683: 0.993414
64684: 0.993414
64685: 0.993414
64686: 0.993414
64687: 0.993415
64688: 0.993415
64689: 0.993415
64690: 0.993415
64691: 0.993415
64692: 0.993415
64693: 0.993415
64694: 0.993415
64695: 0.993415
64696: 0.993415
64697: 0.993416
64698: 0.993416
64699: 0.993416
64700: 0.993416
64701: 0.993416
64702: 0.993416
64703: 0.993416
64704: 0.993416
64705: 0.993416
64706: 0.993416
64707: 0.993417
64708: 0.993417
64709: 0.993417
64710: 0.993417
64711: 0.993417
64712: 0.993417
64713: 0.993417
64714: 0.993417
64715: 0.993417
64716: 0.993417
64717: 0.993418
64718: 0.993418
64719: 0.993418
64720: 0.993418
64721: 0.993418
64722: 0.993418
64723: 0.993418
64724: 0.993418
64725: 0.993418
64726: 0.993419
64727: 0.993419
64728: 0.993419
64729: 0.993419
64730: 0.993419
64731: 0.993419
64732: 0.993419
64733: 0.993419
64734: 0.993419
64735: 0.993419
64736: 0.99342
64737: 0.99342
64738: 0.99342
64739: 0.99342
64740: 0.99342
64741: 0.99342
64742: 0.99342
64743: 0.99342
64744: 0.99342
64745: 0.99342
64746: 0.993421
64747: 0.993421
64748: 0.993421
64749: 0.993421
64750: 0.993421
64751: 0.993421
64752: 0.993421
64753: 0.993421
64754: 0.993421
64755: 0.993421
64756: 0.993422
64757: 0.993422
64758: 0.993422
64759: 0.993422
64760: 0.993422
64761: 0.993422
64762: 0.993422
64763: 0.993422
64764: 0.993422
64765: 0.993422
64766: 0.993423
64767: 0.993423
64768: 0.993423
64769: 0.993423
64770: 0.993423
64771: 0.993423
64772: 0.993423
64773: 0.993423
64774: 0.993423
64775: 0.993423
64776: 0.993424
64777: 0.993424
64778: 0.993424
64779: 0.993424
64780: 0.993424
64781: 0.993424
64782: 0.993424
64783: 0.993424
64784: 0.993424
64785: 0.993425
64786: 0.993425
64787: 0.993425
64788: 0.993425
64789: 0.993425
64790: 0.993425
64791: 0.993425
64792: 0.993425
64793: 0.993425
64794: 0.993425
64795: 0.993426
64796: 0.993426
64797: 0.993426
64798: 0.993426
64799: 0.993426
64800: 0.993426
64801: 0.993426
64802: 0.993426
64803: 0.993426
64804: 0.993426
64805: 0.993427
64806: 0.993427
64807: 0.993427
64808: 0.993427
64809: 0.993427
64810: 0.993427
64811: 0.993427
64812: 0.993427
64813: 0.993427
64814: 0.993427
64815: 0.993428
64816: 0.993428
64817: 0.993428
64818: 0.993428
64819: 0.993428
64820: 0.993428
64821: 0.993428
64822: 0.993428
64823: 0.993428
64824: 0.993428
64825: 0.993429
64826: 0.993429
64827: 0.993429
64828: 0.993429
64829: 0.993429
64830: 0.993429
64831: 0.993429
64832: 0.993429
64833: 0.993429
64834: 0.993429
64835: 0.99343
64836: 0.99343
64837: 0.99343
64838: 0.99343
64839: 0.99343
64840: 0.99343
64841: 0.99343
64842: 0.99343
64843: 0.99343
64844: 0.99343
64845: 0.993431
64846: 0.993431
64847: 0.993431
64848: 0.993431
64849: 0.993431
64850: 0.993431
64851: 0.993431
64852: 0.993431
64853: 0.993431
64854: 0.993432
64855: 0.993432
64856: 0.993432
64857: 0.993432
64858: 0.993432
64859: 0.993432
64860: 0.993432
64861: 0.993432
64862: 0.993432
64863: 0.993432
64864: 0.993433
64865: 0.993433
64866: 0.993433
64867: 0.993433
64868: 0.993433
64869: 0.993433
64870: 0.993433
64871: 0.993433
64872: 0.993433
64873: 0.993433
64874: 0.993434
64875: 0.993434
64876: 0.993434
64877: 0.993434
64878: 0.993434
64879: 0.993434
64880: 0.993434
64881: 0.993434
64882: 0.993434
64883: 0.993434
64884: 0.993435
64885: 0.993435
64886: 0.993435
64887: 0.993435
64888: 0.993435
64889: 0.993435
64890: 0.993435
64891: 0.993435
64892: 0.993435
64893: 0.993435
64894: 0.993436
64895: 0.993436
64896: 0.993436
64897: 0.993436
64898: 0.993436
64899: 0.993436
64900: 0.993436
64901: 0.993436
64902: 0.993436
64903: 0.993436
64904: 0.993437
64905: 0.993437
64906: 0.993437
64907: 0.993437
64908: 0.993437
64909: 0.993437
64910: 0.993437
64911: 0.993437
64912: 0.993437
64913: 0.993437
64914: 0.993438
64915: 0.993438
64916: 0.993438
64917: 0.993438
64918: 0.993438
64919: 0.993438
64920: 0.993438
64921: 0.993438
64922: 0.993438
64923: 0.993438
64924: 0.993439
64925: 0.993439
64926: 0.993439
64927: 0.993439
64928: 0.993439
64929: 0.993439
64930: 0.993439
64931: 0.993439
64932: 0.993439
64933: 0.993439
64934: 0.99344
64935: 0.99344
64936: 0.99344
64937: 0.99344
64938: 0.99344
64939: 0.99344
64940: 0.99344
64941: 0.99344
64942: 0.99344
64943: 0.993441
64944: 0.993441
64945: 0.993441
64946: 0.993441
64947: 0.993441
64948: 0.993441
64949: 0.993441
64950: 0.993441
64951: 0.993441
64952: 0.993441
64953: 0.993442
64954: 0.993442
64955: 0.993442
64956: 0.993442
64957: 0.993442
64958: 0.993442
64959: 0.993442
64960: 0.993442
64961: 0.993442
64962: 0.993442
64963: 0.993443
64964: 0.993443
64965: 0.993443
64966: 0.993443
64967: 0.993443
64968: 0.993443
64969: 0.993443
64970: 0.993443
64971: 0.993443
64972: 0.993443
64973: 0.993444
64974: 0.993444
64975: 0.993444
64976: 0.993444
64977: 0.993444
64978: 0.993444
64979: 0.993444
64980: 0.993444
64981: 0.993444
64982: 0.993444
64983: 0.993445
64984: 0.993445
64985: 0.993445
64986: 0.993445
64987: 0.993445
64988: 0.993445
64989: 0.993445
64990: 0.993445
64991: 0.993445
64992: 0.993445
64993: 0.993446
64994: 0.993446
64995: 0.993446
64996: 0.993446
64997: 0.993446
64998: 0.993446
64999: 0.993446
65000: 0.993446
65001: 0.993446
65002: 0.993446
65003: 0.993447
65004: 0.993447
65005: 0.993447
65006: 0.993447
65007: 0.993447
65008: 0.993447
65009: 0.993447
65010: 0.993447
65011: 0.993447
65012: 0.993447
65013: 0.993432
65014: 0.993432
65015: 0.993432
65016: 0.993432
65017: 0.993433
65018: 0.993433
65019: 0.993433
65020: 0.993433
65021: 0.993433
65022: 0.993433
65023: 0.993433
65024: 0.993433
65025: 0.993433
65026: 0.993433
65027: 0.993434
65028: 0.993434
65029: 0.993434
65030: 0.993434
65031: 0.993434
65032: 0.993434
65033: 0.993434
65034: 0.993434
65035: 0.993434
65036: 0.993435
65037: 0.993435
65038: 0.993435
65039: 0.993435
65040: 0.993435
65041: 0.993435
65042: 0.993435
65043: 0.993435
65044: 0.993435
65045: 0.993435
65046: 0.993436
65047: 0.993436
65048: 0.993436
65049: 0.993436
65050: 0.993436
65051: 0.993436
65052: 0.993436
65053: 0.993436
65054: 0.993436
65055: 0.993436
65056: 0.993437
65057: 0.993437
65058: 0.993437
65059: 0.993437
65060: 0.993437
65061: 0.993437
65062: 0.993437
65063: 0.993437
65064: 0.993437
65065: 0.993437
65066: 0.993438
65067: 0.993438
65068: 0.993438
65069: 0.993438
65070: 0.993438
65071: 0.993438
65072: 0.993438
65073: 0.993438
65074: 0.993438
65075: 0.993438
65076: 0.993439
65077: 0.993439
65078: 0.993439
65079: 0.993439
65080: 0.993439
65081: 0.993439
65082: 0.993439
65083: 0.993439
65084: 0.993439
65085: 0.993439
65086: 0.99344
65087: 0.99344
65088: 0.99344
65089: 0.99344
65090: 0.99344
65091: 0.99344
65092: 0.99344
65093: 0.99344
65094: 0.99344
65095: 0.99344
65096: 0.993441
65097: 0.993441
65098: 0.993441
65099: 0.993441
65100: 0.993441
65101: 0.993441
65102: 0.993441
65103: 0.993441
65104: 0.993441
65105: 0.993441
65106: 0.993442
65107: 0.993442
65108: 0.993442
65109: 0.993442
65110: 0.993442
65111: 0.993442
65112: 0.993442
65113: 0.993442
65114: 0.993442
65115: 0.993442
65116: 0.993443
65117: 0.993443
65118: 0.993443
65119: 0.993443
65120: 0.993443
65121: 0.993443
65122: 0.993428
65123: 0.993428
65124: 0.993428
65125: 0.993428
65126: 0.993428
65127: 0.993428
65128: 0.993428
65129: 0.993429
65130: 0.993429
65131: 0.993429
65132: 0.993429
65133: 0.993429
65134: 0.993429
65135: 0.993429
65136: 0.993429
65137: 0.993429
65138: 0.993429
65139: 0.99343
65140: 0.99343
65141: 0.99343
65142: 0.99343
65143: 0.99343
65144: 0.99343
65145: 0.99343
65146: 0.99343
65147: 0.99343
65148: 0.99343
65149: 0.993431
65150: 0.993431
65151: 0.993431
65152: 0.993431
65153: 0.993431
65154: 0.993431
65155: 0.993431
65156: 0.993431
65157: 0.993431
65158: 0.993431
65159: 0.993432
65160: 0.993432
65161: 0.993432
65162: 0.993432
65163: 0.993432
65164: 0.993432
65165: 0.993432
65166: 0.993432
65167: 0.993432
65168: 0.993432
65169: 0.993433
65170: 0.993433
65171: 0.993433
65172: 0.993433
65173: 0.993433
65174: 0.993433
65175: 0.993433
65176: 0.993433
65177: 0.993433
65178: 0.993433
65179: 0.993434
65180: 0.993434
65181: 0.993434
65182: 0.993434
65183: 0.993434
65184: 0.993434
65185: 0.993434
65186: 0.993434
65187: 0.993434
65188: 0.993434
65189: 0.993435
65190: 0.993435
65191: 0.993435
65192: 0.993435
65193: 0.993435
65194: 0.993435
65195: 0.993435
65196: 0.993435
65197: 0.993435
65198: 0.993435
65199: 0.993436
65200: 0.993436
65201: 0.993436
65202: 0.993436
65203: 0.993436
65204: 0.993436
65205: 0.993421
65206: 0.993421
65207: 0.993421
65208: 0.993421
65209: 0.993421
65210: 0.993421
65211: 0.993421
65212: 0.993422
65213: 0.993422
65214: 0.993422
65215: 0.993422
65216: 0.993422
65217: 0.993422
65218: 0.993422
65219: 0.993422
65220: 0.993422
65221: 0.993422
65222: 0.993423
65223: 0.993423
65224: 0.993423
65225: 0.993423
65226: 0.993423
65227: 0.993423
65228: 0.993423
65229: 0.993423
65230: 0.993423
65231: 0.993423
65232: 0.993424
65233: 0.993424
65234: 0.993424
65235: 0.993424
65236: 0.993424
65237: 0.993424
65238: 0.993424
65239: 0.993424
65240: 0.993424
65241: 0.993424
65242: 0.993425
65243: 0.993425
65244: 0.993425
65245: 0.993425
65246: 0.993425
65247: 0.993425
65248: 0.993425
65249: 0.993425
65250: 0.993425
65251: 0.993425
65252: 0.993426
65253: 0.993426
65254: 0.993426
65255: 0.993426
65256: 0.993426
65257: 0.993426
65258: 0.993426
65259: 0.993426
65260: 0.993426
65261: 0.993426
65262: 0.993427
65263: 0.993427
65264: 0.993427
65265: 0.993427
65266: 0.993427
65267: 0.993427
65268: 0.993427
65269: 0.993427
65270: 0.993427
65271: 0.993428
65272: 0.993428
65273: 0.993428
65274: 0.993428
65275: 0.993428
65276: 0.993428
65277: 0.993428
65278: 0.993428
65279: 0.993428
65280: 0.993428
65281: 0.993429
65282: 0.993429
65283: 0.993429
65284: 0.993429
65285: 0.993429
65286: 0.993429
65287: 0.993429
65288: 0.993429
65289: 0.993429
65290: 0.993429
65291: 0.99343
65292: 0.99343
65293: 0.99343
65294: 0.99343
65295: 0.99343
65296: 0.99343
65297: 0.99343
65298: 0.99343
65299: 0.99343
65300: 0.99343
65301: 0.993431
65302: 0.993431
65303: 0.993431
65304: 0.993431
65305: 0.993431
65306: 0.993431
65307: 0.993431
65308: 0.993431
65309: 0.993431
65310: 0.993431
65311: 0.993432
65312: 0.993432
65313: 0.993432
65314: 0.993432
65315: 0.993432
65316: 0.993432
65317: 0.993432
65318: 0.993432
65319: 0.993432
65320: 0.993432
65321: 0.993433
65322: 0.993433
65323: 0.993433
65324: 0.993433
65325: 0.993433
65326: 0.993433
65327: 0.993433
65328: 0.993433
65329: 0.993433
65330: 0.993433
65331: 0.993434
65332: 0.993434
65333: 0.993434
65334: 0.993434
65335: 0.993434
65336: 0.993434
65337: 0.993434
65338: 0.993434
65339: 0.993434
65340: 0.993434
65341: 0.993435
65342: 0.993435
65343: 0.993435
65344: 0.993435
65345: 0.993435
65346: 0.993435
65347: 0.993435
65348: 0.993435
65349: 0.993435
65350: 0.993435
65351: 0.993436
65352: 0.993436
65353: 0.993436
65354: 0.993436
65355: 0.993436
65356: 0.993436
65357: 0.993436
65358: 0.993436
65359: 0.993436
65360: 0.993436
65361: 0.993437
65362: 0.993437
65363: 0.993437
65364: 0.993437
65365: 0.993437
65366: 0.993437
65367: 0.993437
65368: 0.993437
65369: 0.993437
65370: 0.993437
65371: 0.993438
65372: 0.993438
65373: 0.993438
65374: 0.993438
65375: 0.993438
65376: 0.993438
65377: 0.993438
65378: 0.993438
65379: 0.993438
65380: 0.993438
65381: 0.993439
65382: 0.993439
65383: 0.993439
65384: 0.993439
65385: 0.993439
65386: 0.993439
65387: 0.993439
65388: 0.993439
65389: 0.993439
65390: 0.993439
65391: 0.99344
65392: 0.99344
65393: 0.99344
65394: 0.99344
65395: 0.99344
65396: 0.99344
65397: 0.99344
65398: 0.99344
65399: 0.99344
65400: 0.99344
65401: 0.993441
65402: 0.993441
65403: 0.993441
65404: 0.993441
65405: 0.993441
65406: 0.993441
65407: 0.993441
65408: 0.993441
65409: 0.993441
65410: 0.993441
65411: 0.993442
65412: 0.993442
65413: 0.993442
65414: 0.993442
65415: 0.993442
65416: 0.993442
65417: 0.993442
65418: 0.993442
65419: 0.993442
65420: 0.993442
65421: 0.993443
65422: 0.993443
65423: 0.993443
65424: 0.993443
65425: 0.993443
65426: 0.993443
65427: 0.993443
65428: 0.993443
65429: 0.993443
65430: 0.993443
65431: 0.993444
65432: 0.993444
65433: 0.993444
65434: 0.993444
65435: 0.993444
65436: 0.993444
65437: 0.993444
65438: 0.993444
65439: 0.993444
65440: 0.993444
65441: 0.993445
65442: 0.993445
65443: 0.993445
65444: 0.993445
65445: 0.993445
65446: 0.993445
65447: 0.993445
65448: 0.993445
65449: 0.993445
65450: 0.993445
65451: 0.993446
65452: 0.993446
65453: 0.993446
65454: 0.993446
65455: 0.993446
65456: 0.993446
65457: 0.993446
65458: 0.993446
65459: 0.993446
65460: 0.993446
65461: 0.993447
65462: 0.993447
65463: 0.993447
65464: 0.993447
65465: 0.993447
65466: 0.993447
65467: 0.993447
65468: 0.993447
65469: 0.993447
65470: 0.993447
65471: 0.993448
65472: 0.993448
65473: 0.993448
65474: 0.993448
65475: 0.993448
65476: 0.993448
65477: 0.993448
65478: 0.993448
65479: 0.993448
65480: 0.993448
65481: 0.993449
65482: 0.993449
65483: 0.993449
65484: 0.993449
65485: 0.993449
65486: 0.993449
65487: 0.993449
65488: 0.993449
65489: 0.993449
65490: 0.993449
65491: 0.99345
65492: 0.99345
65493: 0.99345
65494: 0.99345
65495: 0.99345
65496: 0.99345
65497: 0.99345
65498: 0.99345
65499: 0.99345
65500: 0.99345
65501: 0.993451
65502: 0.993451
65503: 0.993451
65504: 0.993451
65505: 0.993451
65506: 0.993451
65507: 0.993451
65508: 0.993451
65509: 0.993451
65510: 0.993451
65511: 0.993452
65512: 0.993452
65513: 0.993452
65514: 0.993452
65515: 0.993452
65516: 0.993452
65517: 0.993452
65518: 0.993452
65519: 0.993452
65520: 0.993452
65521: 0.993453
65522: 0.993453
65523: 0.993453
65524: 0.993453
65525: 0.993453
65526: 0.993453
65527: 0.993453
65528: 0.993453
65529: 0.993453
65530: 0.993453
65531: 0.993454
65532: 0.993454
65533: 0.993454
65534: 0.993454
65535: 0.993454
65536: 0.993454
65537: 0.993454
65538: 0.993454
65539: 0.993454
65540: 0.993454
65541: 0.993455
65542: 0.993455
65543: 0.993455
65544: 0.993455
65545: 0.993455
65546: 0.993455
65547: 0.993455
65548: 0.993455
65549: 0.993455
65550: 0.993455
65551: 0.993456
65552: 0.993456
65553: 0.993456
65554: 0.993456
65555: 0.993456
65556: 0.993456
65557: 0.993456
65558: 0.993456
65559: 0.993456
65560: 0.993456
65561: 0.993457
65562: 0.993457
65563: 0.993457
65564: 0.993457
65565: 0.993457
65566: 0.993457
65567: 0.993457
65568: 0.993457
65569: 0.993457
65570: 0.993457
65571: 0.993458
65572: 0.993458
65573: 0.993458
65574: 0.993458
65575: 0.993458
65576: 0.993458
65577: 0.993458
65578: 0.993458
65579: 0.993458
65580: 0.993458
65581: 0.993459
65582: 0.993459
65583: 0.993459
65584: 0.993459
65585: 0.993459
65586: 0.993459
65587: 0.993459
65588: 0.993459
65589: 0.993459
65590: 0.993459
65591: 0.99346
65592: 0.99346
65593: 0.99346
65594: 0.99346
65595: 0.99346
65596: 0.99346
65597: 0.99346
65598: 0.99346
65599: 0.99346
65600: 0.99346
65601: 0.993461
65602: 0.993461
65603: 0.993461
65604: 0.993461
65605: 0.993461
65606: 0.993461
65607: 0.993461
65608: 0.993461
65609: 0.993461
65610: 0.993461
65611: 0.993462
65612: 0.993462
65613: 0.993462
65614: 0.993462
65615: 0.993462
65616: 0.993462
65617: 0.993462
65618: 0.993462
65619: 0.993462
65620: 0.993462
65621: 0.993463
65622: 0.993463
65623: 0.993463
65624: 0.993463
65625: 0.993463
65626: 0.993463
65627: 0.993463
65628: 0.993463
65629: 0.993463
65630: 0.993463
65631: 0.993464
65632: 0.993464
65633: 0.993464
65634: 0.993464
65635: 0.993464
65636: 0.993464
65637: 0.993464
65638: 0.993464
65639: 0.993464
65640: 0.993464
65641: 0.993465
65642: 0.993465
65643: 0.993465
65644: 0.993465
65645: 0.993465
65646: 0.993465
65647: 0.993465
65648: 0.993465
65649: 0.993465
65650: 0.993465
65651: 0.993466
65652: 0.993466
65653: 0.993466
65654: 0.993466
65655: 0.993466
65656: 0.993466
65657: 0.993466
65658: 0.993466
65659: 0.993466
65660: 0.993466
65661: 0.993467
65662: 0.993467
65663: 0.993467
65664: 0.993467
65665: 0.993467
65666: 0.993467
65667: 0.993467
65668: 0.993467
65669: 0.993467
65670: 0.993467
65671: 0.993468
65672: 0.993468
65673: 0.993468
65674: 0.993468
65675: 0.993468
65676: 0.993468
65677: 0.993468
65678: 0.993468
65679: 0.993468
65680: 0.993468
65681: 0.993469
65682: 0.993469
65683: 0.993469
65684: 0.993469
65685: 0.993469
65686: 0.993469
65687: 0.993469
65688: 0.993469
65689: 0.993469
65690: 0.993469
65691: 0.99347
65692: 0.99347
65693: 0.99347
65694: 0.99347
65695: 0.99347
65696: 0.99347
65697: 0.99347
65698: 0.99347
65699: 0.99347
65700: 0.99347
65701: 0.993471
65702: 0.993471
65703: 0.993471
65704: 0.993471
65705: 0.993471
65706: 0.993471
65707: 0.993471
65708: 0.993471
65709: 0.993471
65710: 0.993471
65711: 0.993472
65712: 0.993472
65713: 0.993472
65714: 0.993472
65715: 0.993472
65716: 0.993472
65717: 0.993472
65718: 0.993472
65719: 0.993472
65720: 0.993472
65721: 0.993473
65722: 0.993473
65723: 0.993473
65724: 0.993473
65725: 0.993458
65726: 0.993458
65727: 0.993458
65728: 0.993458
65729: 0.993458
65730: 0.993458
65731: 0.993458
65732: 0.993458
65733: 0.993458
65734: 0.993459
65735: 0.993459
65736: 0.993459
65737: 0.993459
65738: 0.993459
65739: 0.993459
65740: 0.993459
65741: 0.993459
65742: 0.993459
65743: 0.993459
65744: 0.99346
65745: 0.99346
65746: 0.99346
65747: 0.99346
65748: 0.99346
65749: 0.99346
65750: 0.99346
65751: 0.99346
65752: 0.99346
65753: 0.99346
65754: 0.993461
65755: 0.993461
65756: 0.993461
65757: 0.993461
65758: 0.993461
65759: 0.993461
65760: 0.993461
65761: 0.993461
65762: 0.993461
65763: 0.993461
65764: 0.993462
65765: 0.993462
65766: 0.993462
65767: 0.993462
65768: 0.993462
65769: 0.993462
65770: 0.993462
65771: 0.993462
65772: 0.993462
65773: 0.993462
65774: 0.993463
65775: 0.993463
65776: 0.993463
65777: 0.993463
65778: 0.993463
65779: 0.993463
65780: 0.993463
65781: 0.993463
65782: 0.993463
65783: 0.993463
65784: 0.993464
65785: 0.993464
65786: 0.993464
65787: 0.993464
65788: 0.993464
65789: 0.993464
65790: 0.993464
65791: 0.993464
65792: 0.993464
65793: 0.993464
65794: 0.993465
65795: 0.993465
65796: 0.993465
65797: 0.993465
65798: 0.993465
65799: 0.993465
65800: 0.993465
65801: 0.993465
65802: 0.993465
65803: 0.993465
65804: 0.993466
65805: 0.993466
65806: 0.993466
65807: 0.993466
65808: 0.993466
65809: 0.993466
65810: 0.993466
65811: 0.993466
65812: 0.993466
65813: 0.993466
65814: 0.993467
65815: 0.993467
65816: 0.993467
65817: 0.993467
65818: 0.993467
65819: 0.993467
65820: 0.993467
65821: 0.993467
65822: 0.993467
65823: 0.993467
65824: 0.993468
65825: 0.993468
65826: 0.993468
65827: 0.993468
65828: 0.993468
65829: 0.993468
65830: 0.993468
65831: 0.993468
65832: 0.993468
65833: 0.993468
65834: 0.993469
65835: 0.993469
65836: 0.993469
65837: 0.993469
65838: 0.993469
65839: 0.993469
65840: 0.993469
65841: 0.993469
65842: 0.993469
65843: 0.993469
65844: 0.99347
65845: 0.99347
65846: 0.99347
65847: 0.99347
65848: 0.99347
65849: 0.99347
65850: 0.99347
65851: 0.99347
65852: 0.99347
65853: 0.99347
65854: 0.993471
65855: 0.993471
65856: 0.993471
65857: 0.993471
65858: 0.993471
65859: 0.993471
65860: 0.993471
65861: 0.993471
65862: 0.993471
65863: 0.993471
65864: 0.993471
65865: 0.993472
65866: 0.993472
65867: 0.993472
65868: 0.993472
65869: 0.993472
65870: 0.993472
65871: 0.993472
65872: 0.993472
65873: 0.993472
65874: 0.993472
65875: 0.993473
65876: 0.993473
65877: 0.993473
65878: 0.993473
65879: 0.993473
65880: 0.993473
65881: 0.993473
65882: 0.993473
65883: 0.993473
65884: 0.993473
65885: 0.993474
65886: 0.993474
65887: 0.993474
65888: 0.993474
65889: 0.993474
65890: 0.993474
65891: 0.993474
65892: 0.993474
65893: 0.993474
65894: 0.993474
65895: 0.993475
65896: 0.993475
65897: 0.993475
65898: 0.993475
65899: 0.993475
65900: 0.993475
65901: 0.993475
65902: 0.993475
65903: 0.993475
65904: 0.993475
65905: 0.993476
65906: 0.993476
65907: 0.993476
65908: 0.993476
65909: 0.993476
65910: 0.993476
65911: 0.993476
65912: 0.993476
65913: 0.993476
65914: 0.993476
65915: 0.993477
65916: 0.993477
65917: 0.993477
65918: 0.993477
65919: 0.993477
65920: 0.993477
65921: 0.993477
65922: 0.993477
65923: 0.993477
65924: 0.993477
65925: 0.993478
65926: 0.993478
65927: 0.993478
65928: 0.993478
65929: 0.993478
65930: 0.993478
65931: 0.993478
65932: 0.993478
65933: 0.993478
65934: 0.993478
65935: 0.993479
65936: 0.993479
65937: 0.993479
65938: 0.993479
65939: 0.993479
65940: 0.993479
65941: 0.993479
65942: 0.993479
65943: 0.993479
65944: 0.993479
65945: 0.99348
65946: 0.99348
65947: 0.99348
65948: 0.99348
65949: 0.99348
65950: 0.99348
65951: 0.99348
65952: 0.99348
65953: 0.99348
65954: 0.99348
65955: 0.993481
65956: 0.993481
65957: 0.993481
65958: 0.993481
65959: 0.993481
65960: 0.993481
65961: 0.993481
65962: 0.993481
65963: 0.993481
65964: 0.993481
65965: 0.993481
65966: 0.993482
65967: 0.993482
65968: 0.993482
65969: 0.993482
65970: 0.993482
65971: 0.993482
65972: 0.993482
65973: 0.993482
65974: 0.993482
65975: 0.993482
65976: 0.993483
65977: 0.993483
65978: 0.993483
65979: 0.993483
65980: 0.993483
65981: 0.993483
65982: 0.993483
65983: 0.993483
65984: 0.993483
65985: 0.993483
65986: 0.993484
65987: 0.993484
65988: 0.993484
65989: 0.993484
65990: 0.993484
65991: 0.993484
65992: 0.993484
65993: 0.993484
65994: 0.993484
65995: 0.993484
65996: 0.993485
65997: 0.993485
65998: 0.993485
65999: 0.993485
66000: 0.993485
66001: 0.993485
66002: 0.993485
66003: 0.993485
66004: 0.993485
66005: 0.993485
66006: 0.993486
66007: 0.993486
66008: 0.993486
66009: 0.993486
66010: 0.993486
66011: 0.993486
66012: 0.993486
66013: 0.993486
66014: 0.993486
66015: 0.993486
66016: 0.993487
66017: 0.993487
66018: 0.993487
66019: 0.993487
66020: 0.993487
66021: 0.993487
66022: 0.993487
66023: 0.993487
66024: 0.993487
66025: 0.993487
66026: 0.993488
66027: 0.993488
66028: 0.993488
66029: 0.993488
66030: 0.993488
66031: 0.993488
66032: 0.993488
66033: 0.993488
66034: 0.993488
66035: 0.993488
66036: 0.993488
66037: 0.993489
66038: 0.993489
66039: 0.993489
66040: 0.993489
66041: 0.993489
66042: 0.993489
66043: 0.993489
66044: 0.993489
66045: 0.993489
66046: 0.993489
66047: 0.99349
66048: 0.99349
66049: 0.99349
66050: 0.99349
66051: 0.99349
66052: 0.99349
66053: 0.993475
66054: 0.993475
66055: 0.993475
66056: 0.993475
66057: 0.993475
66058: 0.993476
66059: 0.993476
66060: 0.993476
66061: 0.993476
66062: 0.993476
66063: 0.993476
66064: 0.993476
66065: 0.993476
66066: 0.993476
66067: 0.993476
66068: 0.993477
66069: 0.993477
66070: 0.993477
66071: 0.993477
66072: 0.993477
66073: 0.993477
66074: 0.993477
66075: 0.993477
66076: 0.993477
66077: 0.993477
66078: 0.993478
66079: 0.993478
66080: 0.993478
66081: 0.993478
66082: 0.993478
66083: 0.993478
66084: 0.993478
66085: 0.993478
66086: 0.993478
66087: 0.993478
66088: 0.993478
66089: 0.993479
66090: 0.993479
66091: 0.993479
66092: 0.993479
66093: 0.993479
66094: 0.993479
66095: 0.993479
66096: 0.993479
66097: 0.993479
66098: 0.993479
66099: 0.99348
66100: 0.99348
66101: 0.99348
66102: 0.99348
66103: 0.99348
66104: 0.99348
66105: 0.99348
66106: 0.99348
66107: 0.99348
66108: 0.99348
66109: 0.993481
66110: 0.993481
66111: 0.993481
66112: 0.993481
66113: 0.993481
66114: 0.993481
66115: 0.993481
66116: 0.993481
66117: 0.993481
66118: 0.993481
66119: 0.993482
66120: 0.993482
66121: 0.993482
66122: 0.993482
66123: 0.993482
66124: 0.993482
66125: 0.993482
66126: 0.993482
66127: 0.993482
66128: 0.993482
66129: 0.993483
66130: 0.993483
66131: 0.993483
66132: 0.993483
66133: 0.993483
66134: 0.993483
66135: 0.993483
66136: 0.993483
66137: 0.993483
66138: 0.993483
66139: 0.993484
66140: 0.993484
66141: 0.993484
66142: 0.993484
66143: 0.993484
66144: 0.993484
66145: 0.993484
66146: 0.993484
66147: 0.993484
66148: 0.993484
66149: 0.993485
66150: 0.993485
66151: 0.993485
66152: 0.993485
66153: 0.993485
66154: 0.993485
66155: 0.993485
66156: 0.993485
66157: 0.993485
66158: 0.993485
66159: 0.993485
66160: 0.993486
66161: 0.993486
66162: 0.993486
66163: 0.993486
66164: 0.993486
66165: 0.993486
66166: 0.993486
66167: 0.993486
66168: 0.993486
66169: 0.993486
66170: 0.993487
66171: 0.993487
66172: 0.993487
66173: 0.993487
66174: 0.993487
66175: 0.993487
66176: 0.993487
66177: 0.993487
66178: 0.993487
66179: 0.993487
66180: 0.993488
66181: 0.993488
66182: 0.993488
66183: 0.993488
66184: 0.993488
66185: 0.993488
66186: 0.993488
66187: 0.993488
66188: 0.993488
66189: 0.993488
66190: 0.993489
66191: 0.993489
66192: 0.993489
66193: 0.993489
66194: 0.993489
66195: 0.993489
66196: 0.993489
66197: 0.993489
66198: 0.993489
66199: 0.993489
66200: 0.99349
66201: 0.99349
66202: 0.99349
66203: 0.99349
66204: 0.99349
66205: 0.99349
66206: 0.99349
66207: 0.99349
66208: 0.99349
66209: 0.99349
66210: 0.993491
66211: 0.993491
66212: 0.993491
66213: 0.993491
66214: 0.993491
66215: 0.993491
66216: 0.993491
66217: 0.993491
66218: 0.993491
66219: 0.993491
66220: 0.993491
66221: 0.993492
66222: 0.993492
66223: 0.993492
66224: 0.993492
66225: 0.993492
66226: 0.993492
66227: 0.993492
66228: 0.993492
66229: 0.993492
66230: 0.993492
66231: 0.993493
66232: 0.993493
66233: 0.993493
66234: 0.993493
66235: 0.993493
66236: 0.993493
66237: 0.993493
66238: 0.993493
66239: 0.993493
66240: 0.993493
66241: 0.993494
66242: 0.993494
66243: 0.993494
66244: 0.993494
66245: 0.993494
66246: 0.993494
66247: 0.993494
66248: 0.993494
66249: 0.993494
66250: 0.993494
66251: 0.993495
66252: 0.993495
66253: 0.993495
66254: 0.993495
66255: 0.993495
66256: 0.993495
66257: 0.993495
66258: 0.993495
66259: 0.993495
66260: 0.993495
66261: 0.993496
66262: 0.993496
66263: 0.993496
66264: 0.993496
66265: 0.993496
66266: 0.993496
66267: 0.993496
66268: 0.993496
66269: 0.993496
66270: 0.993496
66271: 0.993496
66272: 0.993497
66273: 0.993497
66274: 0.993497
66275: 0.993497
66276: 0.993497
66277: 0.993497
66278: 0.993497
66279: 0.993497
66280: 0.993497
66281: 0.993497
66282: 0.993498
66283: 0.993498
66284: 0.993498
66285: 0.993498
66286: 0.993498
66287: 0.993498
66288: 0.993498
66289: 0.993498
66290: 0.993498
66291: 0.993498
66292: 0.993499
66293: 0.993499
66294: 0.993499
66295: 0.993499
66296: 0.993499
66297: 0.993499
66298: 0.993499
66299: 0.993499
66300: 0.993499
66301: 0.993499
66302: 0.9935
66303: 0.9935
66304: 0.9935
66305: 0.9935
66306: 0.9935
66307: 0.9935
66308: 0.9935
66309: 0.9935
66310: 0.9935
66311: 0.9935
66312: 0.993501
66313: 0.993501
66314: 0.993501
66315: 0.993501
66316: 0.993501
66317: 0.993501
66318: 0.993501
66319: 0.993501
66320: 0.993501
66321: 0.993501
66322: 0.993502
66323: 0.993502
66324: 0.993502
66325: 0.993502
66326: 0.993502
66327: 0.993502
66328: 0.993502
66329: 0.993502
66330: 0.993502
66331: 0.993502
66332: 0.993502
66333: 0.993503
66334: 0.993503
66335: 0.993503
66336: 0.993503
66337: 0.993503
66338: 0.993503
66339: 0.993503
66340: 0.993503
66341: 0.993503
66342: 0.993503
66343: 0.993504
66344: 0.993504
66345: 0.993504
66346: 0.993504
66347: 0.993504
66348: 0.993504
66349: 0.993504
66350: 0.993504
66351: 0.993504
66352: 0.993504
66353: 0.993505
66354: 0.993505
66355: 0.993505
66356: 0.993505
66357: 0.993505
66358: 0.993505
66359: 0.993505
66360: 0.993505
66361: 0.993505
66362: 0.993505
66363: 0.993506
66364: 0.993506
66365: 0.993506
66366: 0.993506
66367: 0.993506
66368: 0.993506
66369: 0.993506
66370: 0.993506
66371: 0.993506
66372: 0.993506
66373: 0.993506
66374: 0.993507
66375: 0.993507
66376: 0.993507
66377: 0.993507
66378: 0.993507
66379: 0.993507
66380: 0.993507
66381: 0.993507
66382: 0.993507
66383: 0.993507
66384: 0.993508
66385: 0.993508
66386: 0.993508
66387: 0.993508
66388: 0.993508
66389: 0.993508
66390: 0.993508
66391: 0.993508
66392: 0.993508
66393: 0.993508
66394: 0.993509
66395: 0.993509
66396: 0.993509
66397: 0.993509
66398: 0.993509
66399: 0.993509
66400: 0.993509
66401: 0.993509
66402: 0.993509
66403: 0.993509
66404: 0.99351
66405: 0.99351
66406: 0.99351
66407: 0.99351
66408: 0.99351
66409: 0.99351
66410: 0.99351
66411: 0.99351
66412: 0.99351
66413: 0.99351
66414: 0.993511
66415: 0.993511
66416: 0.993511
66417: 0.993511
66418: 0.993511
66419: 0.993511
66420: 0.993511
66421: 0.993511
66422: 0.993511
66423: 0.993511
66424: 0.993511
66425: 0.993512
66426: 0.993512
66427: 0.993512
66428: 0.993512
66429: 0.993512
66430: 0.993512
66431: 0.993512
66432: 0.993512
66433: 0.993512
66434: 0.993512
66435: 0.993513
66436: 0.993513
66437: 0.993513
66438: 0.993513
66439: 0.993513
66440: 0.993513
66441: 0.993513
66442: 0.993513
66443: 0.993513
66444: 0.993513
66445: 0.993514
66446: 0.993514
66447: 0.993514
66448: 0.993514
66449: 0.993499
66450: 0.993499
66451: 0.993499
66452: 0.993499
66453: 0.993484
66454: 0.993484
66455: 0.993484
66456: 0.993485
66457: 0.993485
66458: 0.993485
66459: 0.993485
66460: 0.993485
66461: 0.993485
66462: 0.993485
66463: 0.993485
66464: 0.993485
66465: 0.993485
66466: 0.993485
66467: 0.993486
66468: 0.993486
66469: 0.993486
66470: 0.993486
66471: 0.993486
66472: 0.993486
66473: 0.993486
66474: 0.993486
66475: 0.993486
66476: 0.993486
66477: 0.993487
66478: 0.993487
66479: 0.993487
66480: 0.993487
66481: 0.993487
66482: 0.993487
66483: 0.993487
66484: 0.993487
66485: 0.993487
66486: 0.993487
66487: 0.993488
66488: 0.993488
66489: 0.993488
66490: 0.993488
66491: 0.993488
66492: 0.993488
66493: 0.993488
66494: 0.993488
66495: 0.993488
66496: 0.993488
66497: 0.993489
66498: 0.993489
66499: 0.993489
66500: 0.993489
66501: 0.993489
66502: 0.993489
66503: 0.993489
66504: 0.993489
66505: 0.993489
66506: 0.993489
66507: 0.99349
66508: 0.99349
66509: 0.99349
66510: 0.99349
66511: 0.99349
66512: 0.99349
66513: 0.99349
66514: 0.99349
66515: 0.99349
66516: 0.99349
66517: 0.99349
66518: 0.993491
66519: 0.993491
66520: 0.993491
66521: 0.993491
66522: 0.993491
66523: 0.993491
66524: 0.993491
66525: 0.993491
66526: 0.993491
66527: 0.993491
66528: 0.993492
66529: 0.993492
66530: 0.993492
66531: 0.993492
66532: 0.993492
66533: 0.993492
66534: 0.993492
66535: 0.993492
66536: 0.993492
66537: 0.993492
66538: 0.993493
66539: 0.993493
66540: 0.993493
66541: 0.993493
66542: 0.993493
66543: 0.993493
66544: 0.993493
66545: 0.993493
66546: 0.993493
66547: 0.993493
66548: 0.993494
66549: 0.993494
66550: 0.993494
66551: 0.993494
66552: 0.993494
66553: 0.993494
66554: 0.993494
66555: 0.993494
66556: 0.993494
66557: 0.993494
66558: 0.993494
66559: 0.993495
66560: 0.993495
66561: 0.993495
66562: 0.993495
66563: 0.993495
66564: 0.993495
66565: 0.993495
66566: 0.993495
66567: 0.993495
66568: 0.993495
66569: 0.993496
66570: 0.993496
66571: 0.993496
66572: 0.993496
66573: 0.993496
66574: 0.993481
66575: 0.993481
66576: 0.993481
66577: 0.993481
66578: 0.993481
66579: 0.993482
66580: 0.993482
66581: 0.993482
66582: 0.993482
66583: 0.993482
66584: 0.993482
66585: 0.993482
66586: 0.993482
66587: 0.993482
66588: 0.993482
66589: 0.993483
66590: 0.993483
66591: 0.993483
66592: 0.993483
66593: 0.993483
66594: 0.993483
66595: 0.993483
66596: 0.993483
66597: 0.993483
66598: 0.993483
66599: 0.993483
66600: 0.993484
66601: 0.993484
66602: 0.993484
66603: 0.993484
66604: 0.993484
66605: 0.993484
66606: 0.993484
66607: 0.993484
66608: 0.993484
66609: 0.993484
66610: 0.993485
66611: 0.993485
66612: 0.993485
66613: 0.993485
66614: 0.993485
66615: 0.993485
66616: 0.993485
66617: 0.993485
66618: 0.993485
66619: 0.993485
66620: 0.993486
66621: 0.993486
66622: 0.993486
66623: 0.993486
66624: 0.993486
66625: 0.993486
66626: 0.993486
66627: 0.993486
66628: 0.993486
66629: 0.993486
66630: 0.993487
66631: 0.993487
66632: 0.993487
66633: 0.993487
66634: 0.993487
66635: 0.993487
66636: 0.993487
66637: 0.993487
66638: 0.993487
66639: 0.993487
66640: 0.993487
66641: 0.993488
66642: 0.993488
66643: 0.993488
66644: 0.993488
66645: 0.993488
66646: 0.993488
66647: 0.993488
66648: 0.993488
66649: 0.993488
66650: 0.993488
66651: 0.993489
66652: 0.993489
66653: 0.993489
66654: 0.993489
66655: 0.993489
66656: 0.993489
66657: 0.993489
66658: 0.993489
66659: 0.993489
66660: 0.993489
66661: 0.99349
66662: 0.99349
66663: 0.99349
66664: 0.99349
66665: 0.99349
66666: 0.99349
66667: 0.99349
66668: 0.99349
66669: 0.99349
66670: 0.99349
66671: 0.993491
66672: 0.993491
66673: 0.993491
66674: 0.993491
66675: 0.993491
66676: 0.993491
66677: 0.993491
66678: 0.993491
66679: 0.993491
66680: 0.993491
66681: 0.993491
66682: 0.993492
66683: 0.993492
66684: 0.993492
66685: 0.993492
66686: 0.993492
66687: 0.993492
66688: 0.993492
66689: 0.993492
66690: 0.993492
66691: 0.993492
66692: 0.993493
66693: 0.993493
66694: 0.993493
66695: 0.993493
66696: 0.993493
66697: 0.993493
66698: 0.993493
66699: 0.993493
66700: 0.993493
66701: 0.993493
66702: 0.993494
66703: 0.993494
66704: 0.993494
66705: 0.993494
66706: 0.993494
66707: 0.993494
66708: 0.993494
66709: 0.993494
66710: 0.993494
66711: 0.993494
66712: 0.993495
66713: 0.993495
66714: 0.993495
66715: 0.993495
66716: 0.993495
66717: 0.993495
66718: 0.993495
66719: 0.993495
66720: 0.993495
66721: 0.993495
66722: 0.993495
66723: 0.993496
66724: 0.993496
66725: 0.993496
66726: 0.993496
66727: 0.993496
66728: 0.993496
66729: 0.993496
66730: 0.993496
66731: 0.993496
66732: 0.993496
66733: 0.993497
66734: 0.993497
66735: 0.993497
66736: 0.993497
66737: 0.993497
66738: 0.993497
66739: 0.993497
66740: 0.993497
66741: 0.993497
66742: 0.993497
66743: 0.993498
66744: 0.993498
66745: 0.993498
66746: 0.993498
66747: 0.993498
66748: 0.993498
66749: 0.993498
66750: 0.993498
66751: 0.993498
66752: 0.993498
66753: 0.993499
66754: 0.993499
66755: 0.993499
66756: 0.993499
66757: 0.993499
66758: 0.993499
66759: 0.993499
66760: 0.993499
66761: 0.993499
66762: 0.993499
66763: 0.993499
66764: 0.9935
66765: 0.9935
66766: 0.9935
66767: 0.9935
66768: 0.9935
66769: 0.9935
66770: 0.9935
66771: 0.9935
66772: 0.9935
66773: 0.9935
66774: 0.993501
66775: 0.993501
66776: 0.993486
66777: 0.993486
66778: 0.993486
66779: 0.993486
66780: 0.993486
66781: 0.993486
66782: 0.993486
66783: 0.993486
66784: 0.993487
66785: 0.993487
66786: 0.993487
66787: 0.993487
66788: 0.993487
66789: 0.993472
66790: 0.993472
66791: 0.993472
66792: 0.993472
66793: 0.993472
66794: 0.993473
66795: 0.993473
66796: 0.993473
66797: 0.993473
66798: 0.993473
66799: 0.993473
66800: 0.993473
66801: 0.993473
66802: 0.993473
66803: 0.993473
66804: 0.993474
66805: 0.993474
66806: 0.993474
66807: 0.993474
66808: 0.993474
66809: 0.993474
66810: 0.993474
66811: 0.993474
66812: 0.993474
66813: 0.993474
66814: 0.993475
66815: 0.993475
66816: 0.993475
66817: 0.993475
66818: 0.993475
66819: 0.993475
66820: 0.993475
66821: 0.993475
66822: 0.993475
66823: 0.993475
66824: 0.993475
66825: 0.993476
66826: 0.993476
66827: 0.993476
66828: 0.993476
66829: 0.993476
66830: 0.993476
66831: 0.993476
66832: 0.993476
66833: 0.993476
66834: 0.993476
66835: 0.993477
66836: 0.993477
66837: 0.993477
66838: 0.993477
66839: 0.993477
66840: 0.993477
66841: 0.993477
66842: 0.993477
66843: 0.993477
66844: 0.993477
66845: 0.993478
66846: 0.993478
66847: 0.993478
66848: 0.993478
66849: 0.993478
66850: 0.993478
66851: 0.993478
66852: 0.993478
66853: 0.993478
66854: 0.993478
66855: 0.993479
66856: 0.993479
66857: 0.993479
66858: 0.993479
66859: 0.993479
66860: 0.993479
66861: 0.993479
66862: 0.993479
66863: 0.993479
66864: 0.993479
66865: 0.993479
66866: 0.99348
66867: 0.99348
66868: 0.99348
66869: 0.99348
66870: 0.99348
66871: 0.99348
66872: 0.99348
66873: 0.99348
66874: 0.99348
66875: 0.99348
66876: 0.993481
66877: 0.993481
66878: 0.993481
66879: 0.993481
66880: 0.993481
66881: 0.993481
66882: 0.993481
66883: 0.993481
66884: 0.993481
66885: 0.993481
66886: 0.993482
66887: 0.993482
66888: 0.993482
66889: 0.993482
66890: 0.993482
66891: 0.993482
66892: 0.993482
66893: 0.993482
66894: 0.993482
66895: 0.993482
66896: 0.993483
66897: 0.993483
66898: 0.993483
66899: 0.993483
66900: 0.993483
66901: 0.993483
66902: 0.993483
66903: 0.993483
66904: 0.993483
66905: 0.993483
66906: 0.993483
66907: 0.993484
66908: 0.993484
66909: 0.993484
66910: 0.993484
66911: 0.993484
66912: 0.993484
66913: 0.993484
66914: 0.993484
66915: 0.993484
66916: 0.993484
66917: 0.993485
66918: 0.993485
66919: 0.993485
66920: 0.993485
66921: 0.993485
66922: 0.993485
66923: 0.993485
66924: 0.993485
66925: 0.993485
66926: 0.993485
66927: 0.993486
66928: 0.993486
66929: 0.993486
66930: 0.993486
66931: 0.993486
66932: 0.993486
66933: 0.993486
66934: 0.993486
66935: 0.993486
66936: 0.993486
66937: 0.993487
66938: 0.993487
66939: 0.993487
66940: 0.993487
66941: 0.993487
66942: 0.993487
66943: 0.993487
66944: 0.993487
66945: 0.993487
66946: 0.993487
66947: 0.993487
66948: 0.993488
66949: 0.993488
66950: 0.993488
66951: 0.993488
66952: 0.993488
66953: 0.993488
66954: 0.993488
66955: 0.993488
66956: 0.993488
66957: 0.993488
66958: 0.993489
66959: 0.993489
66960: 0.993489
66961: 0.993489
66962: 0.993489
66963: 0.993489
66964: 0.993489
66965: 0.993489
66966: 0.993489
66967: 0.993489
66968: 0.99349
66969: 0.99349
66970: 0.99349
66971: 0.99349
66972: 0.99349
66973: 0.99349
66974: 0.99349
66975: 0.99349
66976: 0.99349
66977: 0.99349
66978: 0.99349
66979: 0.993491
66980: 0.993491
66981: 0.993491
66982: 0.993491
66983: 0.993491
66984: 0.993491
66985: 0.993491
66986: 0.993491
66987: 0.993491
66988: 0.993491
66989: 0.993492
66990: 0.993492
66991: 0.993477
66992: 0.993462
66993: 0.993462
66994: 0.993462
66995: 0.993462
66996: 0.993462
66997: 0.993462
66998: 0.993463
66999: 0.993463
67000: 0.993463
67001: 0.993463
67002: 0.993463
67003: 0.993463
67004: 0.993463
67005: 0.993463
67006: 0.993463
67007: 0.993463
67008: 0.993464
67009: 0.993464
67010: 0.993464
67011: 0.993464
67012: 0.993464
67013: 0.993464
67014: 0.993464
67015: 0.993464
67016: 0.993464
67017: 0.993464
67018: 0.993465
67019: 0.993465
67020: 0.993465
67021: 0.993465
67022: 0.993465
67023: 0.993465
67024: 0.993465
67025: 0.993465
67026: 0.993465
67027: 0.993465
67028: 0.993466
67029: 0.993466
67030: 0.993466
67031: 0.993466
67032: 0.993466
67033: 0.993466
67034: 0.993466
67035: 0.993466
67036: 0.993466
67037: 0.993466
67038: 0.993466
67039: 0.993467
67040: 0.993467
67041: 0.993467
67042: 0.993467
67043: 0.993467
67044: 0.993467
67045: 0.993467
67046: 0.993467
67047: 0.993467
67048: 0.993467
67049: 0.993468
67050: 0.993468
67051: 0.993468
67052: 0.993468
67053: 0.993468
67054: 0.993468
67055: 0.993468
67056: 0.993468
67057: 0.993468
67058: 0.993468
67059: 0.993469
67060: 0.993469
67061: 0.993469
67062: 0.993469
67063: 0.993469
67064: 0.993469
67065: 0.993469
67066: 0.993469
67067: 0.993469
67068: 0.993469
67069: 0.99347
67070: 0.99347
67071: 0.99347
67072: 0.99347
67073: 0.99347
67074: 0.99347
67075: 0.99347
67076: 0.99347
67077: 0.99347
67078: 0.99347
67079: 0.99347
67080: 0.993471
67081: 0.993471
67082: 0.993471
67083: 0.993471
67084: 0.993471
67085: 0.993471
67086: 0.993471
67087: 0.993471
67088: 0.993471
67089: 0.993471
67090: 0.993472
67091: 0.993472
67092: 0.993472
67093: 0.993472
67094: 0.993472
67095: 0.993472
67096: 0.993472
67097: 0.993472
67098: 0.993472
67099: 0.993472
67100: 0.993473
67101: 0.993473
67102: 0.993473
67103: 0.993473
67104: 0.993473
67105: 0.993473
67106: 0.993473
67107: 0.993473
67108: 0.993473
67109: 0.993473
67110: 0.993473
67111: 0.993474
67112: 0.993474
67113: 0.993474
67114: 0.993474
67115: 0.993474
67116: 0.993474
67117: 0.993474
67118: 0.993474
67119: 0.993474
67120: 0.993474
67121: 0.993475
67122: 0.993475
67123: 0.993475
67124: 0.993475
67125: 0.993475
67126: 0.993475
67127: 0.993475
67128: 0.993475
67129: 0.993475
67130: 0.993475
67131: 0.993476
67132: 0.993476
67133: 0.993476
67134: 0.993476
67135: 0.993476
67136: 0.993476
67137: 0.993476
67138: 0.993476
67139: 0.993476
67140: 0.993476
67141: 0.993477
67142: 0.993477
67143: 0.993477
67144: 0.993477
67145: 0.993477
67146: 0.993477
67147: 0.993477
67148: 0.993477
67149: 0.993477
67150: 0.993477
67151: 0.993477
67152: 0.993463
67153: 0.993463
67154: 0.993463
67155: 0.993463
67156: 0.993463
67157: 0.993463
67158: 0.993463
67159: 0.993463
67160: 0.993463
67161: 0.993464
67162: 0.993464
67163: 0.993464
67164: 0.993464
67165: 0.993464
67166: 0.993464
67167: 0.993464
67168: 0.993464
67169: 0.993464
67170: 0.993464
67171: 0.993465
67172: 0.993465
67173: 0.993465
67174: 0.993465
67175: 0.993465
67176: 0.993465
67177: 0.993465
67178: 0.993465
67179: 0.993465
67180: 0.993465
67181: 0.993466
67182: 0.993466
67183: 0.993466
67184: 0.993466
67185: 0.993466
67186: 0.993466
67187: 0.993466
67188: 0.993466
67189: 0.993466
67190: 0.993466
67191: 0.993466
67192: 0.993467
67193: 0.993467
67194: 0.993467
67195: 0.993467
67196: 0.993467
67197: 0.993467
67198: 0.993467
67199: 0.993467
67200: 0.993467
67201: 0.993467
67202: 0.993468
67203: 0.993468
67204: 0.993468
67205: 0.993468
67206: 0.993468
67207: 0.993468
67208: 0.993468
67209: 0.993468
67210: 0.993468
67211: 0.993468
67212: 0.993469
67213: 0.993469
67214: 0.993469
67215: 0.993469
67216: 0.993469
67217: 0.993469
67218: 0.993469
67219: 0.993469
67220: 0.993469
67221: 0.993469
67222: 0.993469
67223: 0.99347
67224: 0.99347
67225: 0.99347
67226: 0.99347
67227: 0.99347
67228: 0.99347
67229: 0.99347
67230: 0.99347
67231: 0.99347
67232: 0.99347
67233: 0.993471
67234: 0.993471
67235: 0.993471
67236: 0.993471
67237: 0.993471
67238: 0.993471
67239: 0.993471
67240: 0.993471
67241: 0.993471
67242: 0.993471
67243: 0.993472
67244: 0.993472
67245: 0.993472
67246: 0.993472
67247: 0.993472
67248: 0.993472
67249: 0.993472
67250: 0.993472
67251: 0.993472
67252: 0.993472
67253: 0.993473
67254: 0.993473
67255: 0.993473
67256: 0.993473
67257: 0.993473
67258: 0.993473
67259: 0.993473
67260: 0.993473
67261: 0.993473
67262: 0.993473
67263: 0.993473
67264: 0.993474
67265: 0.993474
67266: 0.993474
67267: 0.993474
67268: 0.993474
67269: 0.993474
67270: 0.993474
67271: 0.993474
67272: 0.993474
67273: 0.993474
67274: 0.993475
67275: 0.993475
67276: 0.993475
67277: 0.993475
67278: 0.993475
67279: 0.993475
67280: 0.993475
67281: 0.993475
67282: 0.993475
67283: 0.993475
67284: 0.993476
67285: 0.993476
67286: 0.993476
67287: 0.993476
67288: 0.993476
67289: 0.993476
67290: 0.993476
67291: 0.993476
67292: 0.993476
67293: 0.993476
67294: 0.993476
67295: 0.993477
67296: 0.993477
67297: 0.993477
67298: 0.993477
67299: 0.993477
67300: 0.993477
67301: 0.993477
67302: 0.993477
67303: 0.993477
67304: 0.993477
67305: 0.993478
67306: 0.993478
67307: 0.993478
67308: 0.993478
67309: 0.993478
67310: 0.993478
67311: 0.993478
67312: 0.993478
67313: 0.993478
67314: 0.993478
67315: 0.993479
67316: 0.993479
67317: 0.993479
67318: 0.993479
67319: 0.993479
67320: 0.993479
67321: 0.993479
67322: 0.993479
67323: 0.993479
67324: 0.993479
67325: 0.993479
67326: 0.99348
67327: 0.99348
67328: 0.99348
67329: 0.99348
67330: 0.99348
67331: 0.99348
67332: 0.99348
67333: 0.99348
67334: 0.99348
67335: 0.99348
67336: 0.993481
67337: 0.993481
67338: 0.993481
67339: 0.993481
67340: 0.993481
67341: 0.993481
67342: 0.993481
67343: 0.993481
67344: 0.993481
67345: 0.993481
67346: 0.993482
67347: 0.993482
67348: 0.993482
67349: 0.993482
67350: 0.993482
67351: 0.993482
67352: 0.993482
67353: 0.993482
67354: 0.993482
67355: 0.993482
67356: 0.993482
67357: 0.993483
67358: 0.993483
67359: 0.993483
67360: 0.993483
67361: 0.993483
67362: 0.993483
67363: 0.993483
67364: 0.993483
67365: 0.993483
67366: 0.993483
67367: 0.993484
67368: 0.993484
67369: 0.993484
67370: 0.993484
67371: 0.993484
67372: 0.993484
67373: 0.993484
67374: 0.993484
67375: 0.993484
67376: 0.993484
67377: 0.993485
67378: 0.993485
67379: 0.993485
67380: 0.993485
67381: 0.993485
67382: 0.993485
67383: 0.993485
67384: 0.993485
67385: 0.993485
67386: 0.993485
67387: 0.993485
67388: 0.993486
67389: 0.993486
67390: 0.993486
67391: 0.993486
67392: 0.993486
67393: 0.993486
67394: 0.993486
67395: 0.993486
67396: 0.993486
67397: 0.993486
67398: 0.993487
67399: 0.993487
67400: 0.993487
67401: 0.993487
67402: 0.993487
67403: 0.993487
67404: 0.993487
67405: 0.993487
67406: 0.993487
67407: 0.993487
67408: 0.993488
67409: 0.993488
67410: 0.993488
67411: 0.993488
67412: 0.993488
67413: 0.993488
67414: 0.993488
67415: 0.993488
67416: 0.993488
67417: 0.993488
67418: 0.993488
67419: 0.993489
67420: 0.993489
67421: 0.993489
67422: 0.993489
67423: 0.993489
67424: 0.993489
67425: 0.993489
67426: 0.993489
67427: 0.993489
67428: 0.993489
67429: 0.99349
67430: 0.99349
67431: 0.99349
67432: 0.99349
67433: 0.99349
67434: 0.99349
67435: 0.99349
67436: 0.99349
67437: 0.99349
67438: 0.99349
67439: 0.993491
67440: 0.993491
67441: 0.993491
67442: 0.993491
67443: 0.993491
67444: 0.993491
67445: 0.993491
67446: 0.993491
67447: 0.993491
67448: 0.993491
67449: 0.993491
67450: 0.993492
67451: 0.993492
67452: 0.993492
67453: 0.993492
67454: 0.993492
67455: 0.993492
67456: 0.993492
67457: 0.993492
67458: 0.993492
67459: 0.993492
67460: 0.993493
67461: 0.993493
67462: 0.993493
67463: 0.993493
67464: 0.993493
67465: 0.993493
67466: 0.993493
67467: 0.993493
67468: 0.993493
67469: 0.993493
67470: 0.993494
67471: 0.993494
67472: 0.993494
67473: 0.993494
67474: 0.993494
67475: 0.993494
67476: 0.993494
67477: 0.993494
67478: 0.993494
67479: 0.993494
67480: 0.993494
67481: 0.993495
67482: 0.993495
67483: 0.993495
67484: 0.993495
67485: 0.993495
67486: 0.99348
67487: 0.99348
67488: 0.99348
67489: 0.993481
67490: 0.993481
67491: 0.993481
67492: 0.993481
67493: 0.993481
67494: 0.993481
67495: 0.993481
67496: 0.993481
67497: 0.993481
67498: 0.993481
67499: 0.993481
67500: 0.993482
67501: 0.993482
67502: 0.993482
67503: 0.993482
67504: 0.993482
67505: 0.993482
67506: 0.993482
67507: 0.993482
67508: 0.993482
67509: 0.993482
67510: 0.993483
67511: 0.993483
67512: 0.993483
67513: 0.993483
67514: 0.993483
67515: 0.993483
67516: 0.993483
67517: 0.993483
67518: 0.993483
67519: 0.993483
67520: 0.993484
67521: 0.993484
67522: 0.993484
67523: 0.993484
67524: 0.993484
67525: 0.993484
67526: 0.993484
67527: 0.993484
67528: 0.993484
67529: 0.993484
67530: 0.993484
67531: 0.993485
67532: 0.993485
67533: 0.993485
67534: 0.993485
67535: 0.993485
67536: 0.993485
67537: 0.993485
67538: 0.993485
67539: 0.993485
67540: 0.993485
67541: 0.993486
67542: 0.993486
67543: 0.993486
67544: 0.993486
67545: 0.993486
67546: 0.993486
67547: 0.993486
67548: 0.993486
67549: 0.993486
67550: 0.993486
67551: 0.993486
67552: 0.993487
67553: 0.993487
67554: 0.993487
67555: 0.993487
67556: 0.993487
67557: 0.993487
67558: 0.993487
67559: 0.993487
67560: 0.993487
67561: 0.993487
67562: 0.993488
67563: 0.993488
67564: 0.993488
67565: 0.993488
67566: 0.993488
67567: 0.993488
67568: 0.993488
67569: 0.993488
67570: 0.993488
67571: 0.993488
67572: 0.993489
67573: 0.993489
67574: 0.993489
67575: 0.993489
67576: 0.993489
67577: 0.993489
67578: 0.993489
67579: 0.993489
67580: 0.993489
67581: 0.993489
67582: 0.993489
67583: 0.99349
67584: 0.99349
67585: 0.99349
67586: 0.993475
67587: 0.993475
67588: 0.993475
67589: 0.993475
67590: 0.993475
67591: 0.993476
67592: 0.993476
67593: 0.993476
67594: 0.993476
67595: 0.993476
67596: 0.993476
67597: 0.993476
67598: 0.993476
67599: 0.993476
67600: 0.993476
67601: 0.993477
67602: 0.993477
67603: 0.993477
67604: 0.993477
67605: 0.993477
67606: 0.993477
67607: 0.993477
67608: 0.993477
67609: 0.993477
67610: 0.993477
67611: 0.993477
67612: 0.993478
67613: 0.993478
67614: 0.993478
67615: 0.993478
67616: 0.993478
67617: 0.993478
67618: 0.993478
67619: 0.993478
67620: 0.993478
67621: 0.993478
67622: 0.993479
67623: 0.993479
67624: 0.993479
67625: 0.993479
67626: 0.993479
67627: 0.993479
67628: 0.993479
67629: 0.993479
67630: 0.993479
67631: 0.993479
67632: 0.99348
67633: 0.99348
67634: 0.99348
67635: 0.99348
67636: 0.99348
67637: 0.99348
67638: 0.99348
67639: 0.99348
67640: 0.99348
67641: 0.99348
67642: 0.99348
67643: 0.993481
67644: 0.993481
67645: 0.993481
67646: 0.993481
67647: 0.993481
67648: 0.993481
67649: 0.993481
67650: 0.993481
67651: 0.993481
67652: 0.993481
67653: 0.993482
67654: 0.993482
67655: 0.993482
67656: 0.993482
67657: 0.993482
67658: 0.993482
67659: 0.993482
67660: 0.993482
67661: 0.993482
67662: 0.993482
67663: 0.993483
67664: 0.993483
67665: 0.993483
67666: 0.993483
67667: 0.993483
67668: 0.993483
67669: 0.993483
67670: 0.993483
67671: 0.993483
67672: 0.993483
67673: 0.993483
67674: 0.993484
67675: 0.993484
67676: 0.993484
67677: 0.993484
67678: 0.993484
67679: 0.993484
67680: 0.993484
67681: 0.993484
67682: 0.993484
67683: 0.993484
67684: 0.993485
67685: 0.993485
67686: 0.993485
67687: 0.993485
67688: 0.993485
67689: 0.993485
67690: 0.993485
67691: 0.993485
67692: 0.993485
67693: 0.993485
67694: 0.993485
67695: 0.993486
67696: 0.993486
67697: 0.993486
67698: 0.993486
67699: 0.993486
67700: 0.993486
67701: 0.993486
67702: 0.993486
67703: 0.993486
67704: 0.993486
67705: 0.993487
67706: 0.993487
67707: 0.993487
67708: 0.993487
67709: 0.993487
67710: 0.993487
67711: 0.993487
67712: 0.993487
67713: 0.993487
67714: 0.993487
67715: 0.993488
67716: 0.993488
67717: 0.993488
67718: 0.993488
67719: 0.993488
67720: 0.993488
67721: 0.993488
67722: 0.993488
67723: 0.993488
67724: 0.993488
67725: 0.993488
67726: 0.993489
67727: 0.993489
67728: 0.993489
67729: 0.993489
67730: 0.993489
67731: 0.993489
67732: 0.993489
67733: 0.993489
67734: 0.993489
67735: 0.993489
67736: 0.99349
67737: 0.99349
67738: 0.99349
67739: 0.99349
67740: 0.99349
67741: 0.99349
67742: 0.99349
67743: 0.99349
67744: 0.99349
67745: 0.99349
67746: 0.99349
67747: 0.993491
67748: 0.993491
67749: 0.993491
67750: 0.993491
67751: 0.993491
67752: 0.993491
67753: 0.993491
67754: 0.993491
67755: 0.993491
67756: 0.993491
67757: 0.993492
67758: 0.993492
67759: 0.993492
67760: 0.993492
67761: 0.993492
67762: 0.993492
67763: 0.993492
67764: 0.993492
67765: 0.993492
67766: 0.993492
67767: 0.993493
67768: 0.993493
67769: 0.993493
67770: 0.993493
67771: 0.993493
67772: 0.993493
67773: 0.993493
67774: 0.993493
67775: 0.993493
67776: 0.993493
67777: 0.993493
67778: 0.993494
67779: 0.993494
67780: 0.993494
67781: 0.993494
67782: 0.993494
67783: 0.993494
67784: 0.993494
67785: 0.993494
67786: 0.993494
67787: 0.993494
67788: 0.993495
67789: 0.993495
67790: 0.993495
67791: 0.993495
67792: 0.993495
67793: 0.993495
67794: 0.993495
67795: 0.993495
67796: 0.993495
67797: 0.993495
67798: 0.993495
67799: 0.993496
67800: 0.993496
67801: 0.993496
67802: 0.993496
67803: 0.993496
67804: 0.993496
67805: 0.993496
67806: 0.993496
67807: 0.993496
67808: 0.993496
67809: 0.993497
67810: 0.993497
67811: 0.993497
67812: 0.993497
67813: 0.993497
67814: 0.993497
67815: 0.993497
67816: 0.993497
67817: 0.993497
67818: 0.993497
67819: 0.993497
67820: 0.993498
67821: 0.993498
67822: 0.993498
67823: 0.993498
67824: 0.993498
67825: 0.993498
67826: 0.993498
67827: 0.993498
67828: 0.993498
67829: 0.993498
67830: 0.993499
67831: 0.993499
67832: 0.993499
67833: 0.993499
67834: 0.993499
67835: 0.993499
67836: 0.993499
67837: 0.993499
67838: 0.993499
67839: 0.993499
67840: 0.9935
67841: 0.9935
67842: 0.9935
67843: 0.9935
67844: 0.9935
67845: 0.9935
67846: 0.9935
67847: 0.9935
67848: 0.9935
67849: 0.9935
67850: 0.9935
67851: 0.993501
67852: 0.993501
67853: 0.993501
67854: 0.993501
67855: 0.993501
67856: 0.993501
67857: 0.993501
67858: 0.993501
67859: 0.993501
67860: 0.993501
67861: 0.993502
67862: 0.993502
67863: 0.993502
67864: 0.993502
67865: 0.993502
67866: 0.993502
67867: 0.993502
67868: 0.993502
67869: 0.993502
67870: 0.993502
67871: 0.993502
67872: 0.993503
67873: 0.993503
67874: 0.993503
67875: 0.993503
67876: 0.993503
67877: 0.993503
67878: 0.993503
67879: 0.993503
67880: 0.993503
67881: 0.993503
67882: 0.993504
67883: 0.993504
67884: 0.993504
67885: 0.993504
67886: 0.993504
67887: 0.993504
67888: 0.993504
67889: 0.993504
67890: 0.993504
67891: 0.993504
67892: 0.993504
67893: 0.993505
67894: 0.993505
67895: 0.993505
67896: 0.993505
67897: 0.993505
67898: 0.993505
67899: 0.993505
67900: 0.993505
67901: 0.993505
67902: 0.993505
67903: 0.993506
67904: 0.993506
67905: 0.993506
67906: 0.993506
67907: 0.993506
67908: 0.993506
67909: 0.993506
67910: 0.993506
67911: 0.993506
67912: 0.993506
67913: 0.993506
67914: 0.993507
67915: 0.993507
67916: 0.993507
67917: 0.993507
67918: 0.993507
67919: 0.993507
67920: 0.993507
67921: 0.993507
67922: 0.993507
67923: 0.993507
67924: 0.993508
67925: 0.993508
67926: 0.993508
67927: 0.993508
67928: 0.993508
67929: 0.993508
67930: 0.993508
67931: 0.993508
67932: 0.993508
67933: 0.993508
67934: 0.993509
67935: 0.993509
67936: 0.993509
67937: 0.993509
67938: 0.993509
67939: 0.993509
67940: 0.993509
67941: 0.993509
67942: 0.993509
67943: 0.993509
67944: 0.993509
67945: 0.99351
67946: 0.99351
67947: 0.99351
67948: 0.99351
67949: 0.99351
67950: 0.99351
67951: 0.99351
67952: 0.99351
67953: 0.99351
67954: 0.99351
67955: 0.993511
67956: 0.993511
67957: 0.993511
67958: 0.993511
67959: 0.993511
67960: 0.993511
67961: 0.993511
67962: 0.993511
67963: 0.993511
67964: 0.993511
67965: 0.993511
67966: 0.993512
67967: 0.993512
67968: 0.993512
67969: 0.993512
67970: 0.993512
67971: 0.993512
67972: 0.993512
67973: 0.993512
67974: 0.993512
67975: 0.993512
67976: 0.993513
67977: 0.993513
67978: 0.993513
67979: 0.993513
67980: 0.993513
67981: 0.993513
67982: 0.993513
67983: 0.993513
67984: 0.993513
67985: 0.993513
67986: 0.993513
67987: 0.993514
67988: 0.993514
67989: 0.993514
67990: 0.993514
67991: 0.993514
67992: 0.993514
67993: 0.993514
67994: 0.993514
67995: 0.993514
67996: 0.993514
67997: 0.993515
67998: 0.993515
67999: 0.993515
68000: 0.993515
68001: 0.993515
68002: 0.993515
68003: 0.993515
68004: 0.993515
68005: 0.993515
68006: 0.993515
68007: 0.993515
68008: 0.993516
68009: 0.993516
68010: 0.993501
68011: 0.993486
68012: 0.993487
68013: 0.993487
68014: 0.993487
68015: 0.993487
68016: 0.993487
68017: 0.993487
68018: 0.993487
68019: 0.993487
68020: 0.993487
68021: 0.993487
68022: 0.993487
68023: 0.993488
68024: 0.993488
68025: 0.993488
68026: 0.993488
68027: 0.993488
68028: 0.993488
68029: 0.993488
68030: 0.993488
68031: 0.993488
68032: 0.993488
68033: 0.993489
68034: 0.993489
68035: 0.993489
68036: 0.993489
68037: 0.993474
68038: 0.993474
68039: 0.993474
68040: 0.993475
68041: 0.993475
68042: 0.993475
68043: 0.993475
68044: 0.993475
68045: 0.993475
68046: 0.993475
68047: 0.993475
68048: 0.993475
68049: 0.993475
68050: 0.993475
68051: 0.993476
68052: 0.993476
68053: 0.993476
68054: 0.993476
68055: 0.993476
68056: 0.993476
68057: 0.993476
68058: 0.993476
68059: 0.993476
68060: 0.993476
68061: 0.993477
68062: 0.993477
68063: 0.993477
68064: 0.993477
68065: 0.993477
68066: 0.993477
68067: 0.993477
68068: 0.993477
68069: 0.993477
68070: 0.993477
68071: 0.993477
68072: 0.993478
68073: 0.993478
68074: 0.993478
68075: 0.993478
68076: 0.993478
68077: 0.993478
68078: 0.993478
68079: 0.993478
68080: 0.993478
68081: 0.993478
68082: 0.993479
68083: 0.993479
68084: 0.993479
68085: 0.993479
68086: 0.993479
68087: 0.993479
68088: 0.993479
68089: 0.993479
68090: 0.993479
68091: 0.993479
68092: 0.99348
68093: 0.99348
68094: 0.99348
68095: 0.99348
68096: 0.99348
68097: 0.99348
68098: 0.99348
68099: 0.99348
68100: 0.99348
68101: 0.99348
68102: 0.99348
68103: 0.993481
68104: 0.993481
68105: 0.993481
68106: 0.993481
68107: 0.993481
68108: 0.993481
68109: 0.993481
68110: 0.993481
68111: 0.993481
68112: 0.993481
68113: 0.993482
68114: 0.993482
68115: 0.993482
68116: 0.993482
68117: 0.993482
68118: 0.993482
68119: 0.993482
68120: 0.993482
68121: 0.993482
68122: 0.993482
68123: 0.993482
68124: 0.993483
68125: 0.993483
68126: 0.993483
68127: 0.993483
68128: 0.993483
68129: 0.993483
68130: 0.993483
68131: 0.993483
68132: 0.993483
68133: 0.993483
68134: 0.993484
68135: 0.993484
68136: 0.993484
68137: 0.993484
68138: 0.993484
68139: 0.993484
68140: 0.993484
68141: 0.993484
68142: 0.993484
68143: 0.993484
68144: 0.993484
68145: 0.993485
68146: 0.993485
68147: 0.993485
68148: 0.993485
68149: 0.993485
68150: 0.993485
68151: 0.993485
68152: 0.993485
68153: 0.993485
68154: 0.993485
68155: 0.993486
68156: 0.993486
68157: 0.993486
68158: 0.993486
68159: 0.993486
68160: 0.993486
68161: 0.993486
68162: 0.993486
68163: 0.993486
68164: 0.993486
68165: 0.993486
68166: 0.993487
68167: 0.993487
68168: 0.993487
68169: 0.993487
68170: 0.993487
68171: 0.993487
68172: 0.993487
68173: 0.993487
68174: 0.993487
68175: 0.993487
68176: 0.993488
68177: 0.993488
68178: 0.993488
68179: 0.993488
68180: 0.993488
68181: 0.993488
68182: 0.993488
68183: 0.993488
68184: 0.993488
68185: 0.993488
68186: 0.993488
68187: 0.993489
68188: 0.993489
68189: 0.993489
68190: 0.993489
68191: 0.993489
68192: 0.993489
68193: 0.993489
68194: 0.993489
68195: 0.993489
68196: 0.993489
68197: 0.99349
68198: 0.99349
68199: 0.99349
68200: 0.99349
68201: 0.99349
68202: 0.99349
68203: 0.99349
68204: 0.99349
68205: 0.99349
68206: 0.99349
68207: 0.99349
68208: 0.993491
68209: 0.993491
68210: 0.993491
68211: 0.993491
68212: 0.993491
68213: 0.993491
68214: 0.993491
68215: 0.993491
68216: 0.993491
68217: 0.993491
68218: 0.993492
68219: 0.993492
68220: 0.993492
68221: 0.993492
68222: 0.993492
68223: 0.993492
68224: 0.993492
68225: 0.993492
68226: 0.993492
68227: 0.993492
68228: 0.993493
68229: 0.993493
68230: 0.993493
68231: 0.993493
68232: 0.993493
68233: 0.993493
68234: 0.993493
68235: 0.993493
68236: 0.993493
68237: 0.993493
68238: 0.993493
68239: 0.993494
68240: 0.993494
68241: 0.993494
68242: 0.993494
68243: 0.993494
68244: 0.993494
68245: 0.993494
68246: 0.993494
68247: 0.993494
68248: 0.993494
68249: 0.993495
68250: 0.993495
68251: 0.993495
68252: 0.993495
68253: 0.993495
68254: 0.993495
68255: 0.993495
68256: 0.993495
68257: 0.993495
68258: 0.993495
68259: 0.993495
68260: 0.993496
68261: 0.993496
68262: 0.993496
68263: 0.993496
68264: 0.993496
68265: 0.993496
68266: 0.993496
68267: 0.993496
68268: 0.993496
68269: 0.993496
68270: 0.993497
68271: 0.993497
68272: 0.993497
68273: 0.993497
68274: 0.993497
68275: 0.993497
68276: 0.993497
68277: 0.993497
68278: 0.993497
68279: 0.993497
68280: 0.993497
68281: 0.993498
68282: 0.993498
68283: 0.993498
68284: 0.993498
68285: 0.993498
68286: 0.993498
68287: 0.993498
68288: 0.993498
68289: 0.993498
68290: 0.993498
68291: 0.993499
68292: 0.993499
68293: 0.993499
68294: 0.993499
68295: 0.993499
68296: 0.993499
68297: 0.993499
68298: 0.993499
68299: 0.993499
68300: 0.993499
68301: 0.993499
68302: 0.9935
68303: 0.9935
68304: 0.9935
68305: 0.9935
68306: 0.9935
68307: 0.9935
68308: 0.9935
68309: 0.9935
68310: 0.9935
68311: 0.9935
68312: 0.993501
68313: 0.993501
68314: 0.993501
68315: 0.993501
68316: 0.993501
68317: 0.993501
68318: 0.993501
68319: 0.993501
68320: 0.993501
68321: 0.993501
68322: 0.993501
68323: 0.993502
68324: 0.993502
68325: 0.993502
68326: 0.993502
68327: 0.993502
68328: 0.993502
68329: 0.993502
68330: 0.993502
68331: 0.993502
68332: 0.993502
68333: 0.993503
68334: 0.993503
68335: 0.993503
68336: 0.993503
68337: 0.993503
68338: 0.993503
68339: 0.993503
68340: 0.993503
68341: 0.993503
68342: 0.993503
68343: 0.993503
68344: 0.993504
68345: 0.993504
68346: 0.993504
68347: 0.993504
68348: 0.993504
68349: 0.993504
68350: 0.993504
68351: 0.993504
68352: 0.993504
68353: 0.993504
68354: 0.993504
68355: 0.993505
68356: 0.993505
68357: 0.993505
68358: 0.993505
68359: 0.993505
68360: 0.993505
68361: 0.993505
68362: 0.993505
68363: 0.993505
68364: 0.993505
68365: 0.993506
68366: 0.993506
68367: 0.993506
68368: 0.993506
68369: 0.993506
68370: 0.993506
68371: 0.993506
68372: 0.993506
68373: 0.993506
68374: 0.993506
68375: 0.993506
68376: 0.993507
68377: 0.993507
68378: 0.993507
68379: 0.993507
68380: 0.993507
68381: 0.993507
68382: 0.993507
68383: 0.993507
68384: 0.993507
68385: 0.993507
68386: 0.993508
68387: 0.993508
68388: 0.993508
68389: 0.993508
68390: 0.993508
68391: 0.993508
68392: 0.993508
68393: 0.993508
68394: 0.993508
68395: 0.993508
68396: 0.993508
68397: 0.993509
68398: 0.993509
68399: 0.993509
68400: 0.993509
68401: 0.993509
68402: 0.993509
68403: 0.993509
68404: 0.993509
68405: 0.993509
68406: 0.993509
68407: 0.99351
68408: 0.99351
68409: 0.99351
68410: 0.99351
68411: 0.99351
68412: 0.99351
68413: 0.99351
68414: 0.99351
68415: 0.99351
68416: 0.99351
68417: 0.99351
68418: 0.993511
68419: 0.993511
68420: 0.993511
68421: 0.993511
68422: 0.993511
68423: 0.993511
68424: 0.993511
68425: 0.993511
68426: 0.993511
68427: 0.993511
68428: 0.993512
68429: 0.993512
68430: 0.993512
68431: 0.993512
68432: 0.993512
68433: 0.993512
68434: 0.993512
68435: 0.993512
68436: 0.993512
68437: 0.993512
68438: 0.993512
68439: 0.993513
68440: 0.993513
68441: 0.993513
68442: 0.993513
68443: 0.993513
68444: 0.993513
68445: 0.993513
68446: 0.993513
68447: 0.993513
68448: 0.993513
68449: 0.993514
68450: 0.993514
68451: 0.993514
68452: 0.993514
68453: 0.993514
68454: 0.993514
68455: 0.993514
68456: 0.993514
68457: 0.993514
68458: 0.993514
68459: 0.993514
68460: 0.993515
68461: 0.993515
68462: 0.993515
68463: 0.993515
68464: 0.993515
68465: 0.993515
68466: 0.993515
68467: 0.993515
68468: 0.993515
68469: 0.993515
68470: 0.993516
68471: 0.993516
68472: 0.993516
68473: 0.993516
68474: 0.993516
68475: 0.993516
68476: 0.993516
68477: 0.993516
68478: 0.993516
68479: 0.993516
68480: 0.993516
68481: 0.993517
68482: 0.993517
68483: 0.993517
68484: 0.993517
68485: 0.993517
68486: 0.993517
68487: 0.993517
68488: 0.993517
68489: 0.993517
68490: 0.993517
68491: 0.993517
68492: 0.993518
68493: 0.993518
68494: 0.993518
68495: 0.993518
68496: 0.993518
68497: 0.993518
68498: 0.993518
68499: 0.993518
68500: 0.993518
68501: 0.993518
68502: 0.993519
68503: 0.993519
68504: 0.993519
68505: 0.993519
68506: 0.993519
68507: 0.993519
68508: 0.993519
68509: 0.993519
68510: 0.993519
68511: 0.993519
68512: 0.993519
68513: 0.99352
68514: 0.99352
68515: 0.99352
68516: 0.99352
68517: 0.99352
68518: 0.99352
68519: 0.99352
68520: 0.99352
68521: 0.99352
68522: 0.993506
68523: 0.993491
68524: 0.993491
68525: 0.993492
68526: 0.993492
68527: 0.993492
68528: 0.993492
68529: 0.993492
68530: 0.993492
68531: 0.993492
68532: 0.993492
68533: 0.993492
68534: 0.993492
68535: 0.993492
68536: 0.993493
68537: 0.993493
68538: 0.993493
68539: 0.993493
68540: 0.993493
68541: 0.993493
68542: 0.993493
68543: 0.993493
68544: 0.993493
68545: 0.993493
68546: 0.993494
68547: 0.993494
68548: 0.993494
68549: 0.993494
68550: 0.993494
68551: 0.993494
68552: 0.993494
68553: 0.993494
68554: 0.993494
68555: 0.993494
68556: 0.993494
68557: 0.993495
68558: 0.993495
68559: 0.993495
68560: 0.993495
68561: 0.993495
68562: 0.993495
68563: 0.993495
68564: 0.993495
68565: 0.993495
68566: 0.993495
68567: 0.993496
68568: 0.993496
68569: 0.993496
68570: 0.993496
68571: 0.993496
68572: 0.993496
68573: 0.993496
68574: 0.993496
68575: 0.993496
68576: 0.993496
68577: 0.993496
68578: 0.993497
68579: 0.993497
68580: 0.993497
68581: 0.993497
68582: 0.993497
68583: 0.993497
68584: 0.993497
68585: 0.993497
68586: 0.993497
68587: 0.993497
68588: 0.993497
68589: 0.993498
68590: 0.993498
68591: 0.993498
68592: 0.993498
68593: 0.993498
68594: 0.993498
68595: 0.993498
68596: 0.993498
68597: 0.993498
68598: 0.993498
68599: 0.993499
68600: 0.993499
68601: 0.993499
68602: 0.993499
68603: 0.993499
68604: 0.993499
68605: 0.993499
68606: 0.993499
68607: 0.993499
68608: 0.993499
68609: 0.993499
68610: 0.9935
68611: 0.9935
68612: 0.9935
68613: 0.9935
68614: 0.9935
68615: 0.9935
68616: 0.9935
68617: 0.9935
68618: 0.9935
68619: 0.9935
68620: 0.993501
68621: 0.993501
68622: 0.993501
68623: 0.993501
68624: 0.993501
68625: 0.993501
68626: 0.993501
68627: 0.993501
68628: 0.993501
68629: 0.993501
68630: 0.993501
68631: 0.993502
68632: 0.993502
68633: 0.993502
68634: 0.993502
68635: 0.993502
68636: 0.993502
68637: 0.993502
68638: 0.993502
68639: 0.993502
68640: 0.993502
68641: 0.993503
68642: 0.993503
68643: 0.993503
68644: 0.993503
68645: 0.993503
68646: 0.993503
68647: 0.993503
68648: 0.993503
68649: 0.993503
68650: 0.993503
68651: 0.993503
68652: 0.993504
68653: 0.993504
68654: 0.993504
68655: 0.993504
68656: 0.993504
68657: 0.993504
68658: 0.993504
68659: 0.993504
68660: 0.993504
68661: 0.993504
68662: 0.993505
68663: 0.993505
68664: 0.993505
68665: 0.993505
68666: 0.993505
68667: 0.993505
68668: 0.993505
68669: 0.993505
68670: 0.993505
68671: 0.993505
68672: 0.993505
68673: 0.993506
68674: 0.993506
68675: 0.993506
68676: 0.993506
68677: 0.993506
68678: 0.993506
68679: 0.993506
68680: 0.993506
68681: 0.993506
68682: 0.993506
68683: 0.993506
68684: 0.993507
68685: 0.993507
68686: 0.993507
68687: 0.993507
68688: 0.993507
68689: 0.993507
68690: 0.993507
68691: 0.993507
68692: 0.993507
68693: 0.993507
68694: 0.993508
68695: 0.993508
68696: 0.993508
68697: 0.993508
68698: 0.993508
68699: 0.993508
68700: 0.993508
68701: 0.993508
68702: 0.993508
68703: 0.993508
68704: 0.993508
68705: 0.993509
68706: 0.993509
68707: 0.993509
68708: 0.993509
68709: 0.993509
68710: 0.993509
68711: 0.993509
68712: 0.993509
68713: 0.993509
68714: 0.993509
68715: 0.99351
68716: 0.99351
68717: 0.99351
68718: 0.99351
68719: 0.99351
68720: 0.99351
68721: 0.99351
68722: 0.99351
68723: 0.99351
68724: 0.99351
68725: 0.99351
68726: 0.993511
68727: 0.993511
68728: 0.993511
68729: 0.993511
68730: 0.993511
68731: 0.993511
68732: 0.993511
68733: 0.993511
68734: 0.993511
68735: 0.993511
68736: 0.993512
68737: 0.993512
68738: 0.993512
68739: 0.993512
68740: 0.993512
68741: 0.993512
68742: 0.993512
68743: 0.993512
68744: 0.993512
68745: 0.993512
68746: 0.993512
68747: 0.993513
68748: 0.993513
68749: 0.993513
68750: 0.993513
68751: 0.993513
68752: 0.993513
68753: 0.993513
68754: 0.993513
68755: 0.993513
68756: 0.993513
68757: 0.993513
68758: 0.993514
68759: 0.993514
68760: 0.993514
68761: 0.993514
68762: 0.993514
68763: 0.993514
68764: 0.993514
68765: 0.993514
68766: 0.993514
68767: 0.993514
68768: 0.993515
68769: 0.993515
68770: 0.993515
68771: 0.993515
68772: 0.993515
68773: 0.993515
68774: 0.993515
68775: 0.993515
68776: 0.993515
68777: 0.993515
68778: 0.993515
68779: 0.993516
68780: 0.993516
68781: 0.993516
68782: 0.993516
68783: 0.993516
68784: 0.993516
68785: 0.993516
68786: 0.993516
68787: 0.993516
68788: 0.993516
68789: 0.993516
68790: 0.993517
68791: 0.993517
68792: 0.993517
68793: 0.993517
68794: 0.993517
68795: 0.993517
68796: 0.993517
68797: 0.993517
68798: 0.993517
68799: 0.993517
68800: 0.993518
68801: 0.993518
68802: 0.993518
68803: 0.993518
68804: 0.993518
68805: 0.993518
68806: 0.993518
68807: 0.993518
68808: 0.993518
68809: 0.993518
68810: 0.993518
68811: 0.993519
68812: 0.993519
68813: 0.993519
68814: 0.993519
68815: 0.993519
68816: 0.993519
68817: 0.993519
68818: 0.993519
68819: 0.993519
68820: 0.993519
68821: 0.99352
68822: 0.99352
68823: 0.99352
68824: 0.99352
68825: 0.99352
68826: 0.99352
68827: 0.99352
68828: 0.99352
68829: 0.99352
68830: 0.99352
68831: 0.99352
68832: 0.993521
68833: 0.993521
68834: 0.993521
68835: 0.993506
68836: 0.993506
68837: 0.993506
68838: 0.993507
68839: 0.993507
68840: 0.993507
68841: 0.993507
68842: 0.993507
68843: 0.993507
68844: 0.993507
68845: 0.993507
68846: 0.993507
68847: 0.993507
68848: 0.993508
68849: 0.993508
68850: 0.993508
68851: 0.993508
68852: 0.993508
68853: 0.993508
68854: 0.993508
68855: 0.993508
68856: 0.993508
68857: 0.993508
68858: 0.993508
68859: 0.993509
68860: 0.993509
68861: 0.993509
68862: 0.993509
68863: 0.993509
68864: 0.993509
68865: 0.993509
68866: 0.993509
68867: 0.993509
68868: 0.993509
68869: 0.99351
68870: 0.99351
68871: 0.99351
68872: 0.99351
68873: 0.99351
68874: 0.99351
68875: 0.99351
68876: 0.99351
68877: 0.99351
68878: 0.99351
68879: 0.99351
68880: 0.993511
68881: 0.993511
68882: 0.993511
68883: 0.993511
68884: 0.993511
68885: 0.993511
68886: 0.993511
68887: 0.993511
68888: 0.993511
68889: 0.993511
68890: 0.993511
68891: 0.993512
68892: 0.993512
68893: 0.993512
68894: 0.993512
68895: 0.993512
68896: 0.993512
68897: 0.993512
68898: 0.993512
68899: 0.993512
68900: 0.993512
68901: 0.993513
68902: 0.993513
68903: 0.993513
68904: 0.993513
68905: 0.993513
68906: 0.993513
68907: 0.993513
68908: 0.993513
68909: 0.993513
68910: 0.993513
68911: 0.993513
68912: 0.993514
68913: 0.993514
68914: 0.993514
68915: 0.993514
68916: 0.993514
68917: 0.993514
68918: 0.993514
68919: 0.993514
68920: 0.993514
68921: 0.993514
68922: 0.993515
68923: 0.993515
68924: 0.993515
68925: 0.993515
68926: 0.993515
68927: 0.993515
68928: 0.993515
68929: 0.993515
68930: 0.993515
68931: 0.993515
68932: 0.993515
68933: 0.993516
68934: 0.993516
68935: 0.993516
68936: 0.993516
68937: 0.993516
68938: 0.993516
68939: 0.993516
68940: 0.993516
68941: 0.993516
68942: 0.993516
68943: 0.993516
68944: 0.993517
68945: 0.993517
68946: 0.993517
68947: 0.993517
68948: 0.993517
68949: 0.993517
68950: 0.993517
68951: 0.993517
68952: 0.993517
68953: 0.993517
68954: 0.993518
68955: 0.993518
68956: 0.993518
68957: 0.993518
68958: 0.993503
68959: 0.993489
68960: 0.993489
68961: 0.993489
68962: 0.993489
68963: 0.993489
68964: 0.993489
68965: 0.99349
68966: 0.99349
68967: 0.99349
68968: 0.99349
68969: 0.99349
68970: 0.99349
68971: 0.99349
68972: 0.99349
68973: 0.99349
68974: 0.99349
68975: 0.99349
68976: 0.993491
68977: 0.993491
68978: 0.993491
68979: 0.993491
68980: 0.993491
68981: 0.993491
68982: 0.993491
68983: 0.993491
68984: 0.993491
68985: 0.993491
68986: 0.993492
68987: 0.993492
68988: 0.993492
68989: 0.993492
68990: 0.993492
68991: 0.993492
68992: 0.993492
68993: 0.993492
68994: 0.993492
68995: 0.993492
68996: 0.993492
68997: 0.993493
68998: 0.993493
68999: 0.993493
69000: 0.993493
69001: 0.993493
69002: 0.993493
69003: 0.993493
69004: 0.993493
69005: 0.993493
69006: 0.993493
69007: 0.993494
69008: 0.993494
69009: 0.993494
69010: 0.993494
69011: 0.993494
69012: 0.993494
69013: 0.993494
69014: 0.993494
69015: 0.993494
69016: 0.993494
69017: 0.993494
69018: 0.993495
69019: 0.993495
69020: 0.993495
69021: 0.993495
69022: 0.993495
69023: 0.993495
69024: 0.993495
69025: 0.993495
69026: 0.993495
69027: 0.993495
69028: 0.993495
69029: 0.993496
69030: 0.993496
69031: 0.993496
69032: 0.993496
69033: 0.993496
69034: 0.993496
69035: 0.993496
69036: 0.993496
69037: 0.993496
69038: 0.993496
69039: 0.993497
69040: 0.993497
69041: 0.993497
69042: 0.993497
69043: 0.993497
69044: 0.993497
69045: 0.993497
69046: 0.993497
69047: 0.993497
69048: 0.993497
69049: 0.993497
69050: 0.993498
69051: 0.993498
69052: 0.993498
69053: 0.993498
69054: 0.993498
69055: 0.993498
69056: 0.993498
69057: 0.993498
69058: 0.993498
69059: 0.993498
69060: 0.993499
69061: 0.993499
69062: 0.993499
69063: 0.993499
69064: 0.993499
69065: 0.993499
69066: 0.993499
69067: 0.993499
69068: 0.993499
69069: 0.993499
69070: 0.993499
69071: 0.9935
69072: 0.9935
69073: 0.9935
69074: 0.9935
69075: 0.9935
69076: 0.9935
69077: 0.9935
69078: 0.9935
69079: 0.9935
69080: 0.9935
69081: 0.9935
69082: 0.993501
69083: 0.993501
69084: 0.993501
69085: 0.993501
69086: 0.993501
69087: 0.993501
69088: 0.993501
69089: 0.993501
69090: 0.993501
69091: 0.993501
69092: 0.993502
69093: 0.993502
69094: 0.993502
69095: 0.993502
69096: 0.993502
69097: 0.993502
69098: 0.993502
69099: 0.993502
69100: 0.993502
69101: 0.993502
69102: 0.993502
69103: 0.993503
69104: 0.993503
69105: 0.993503
69106: 0.993503
69107: 0.993488
69108: 0.993489
69109: 0.993489
69110: 0.993489
69111: 0.993489
69112: 0.993489
69113: 0.993489
69114: 0.993489
69115: 0.993489
69116: 0.993489
69117: 0.993489
69118: 0.993489
69119: 0.99349
69120: 0.99349
69121: 0.99349
69122: 0.99349
69123: 0.99349
69124: 0.99349
69125: 0.99349
69126: 0.99349
69127: 0.99349
69128: 0.99349
69129: 0.993491
69130: 0.993491
69131: 0.993491
69132: 0.993491
69133: 0.993491
69134: 0.993491
69135: 0.993491
69136: 0.993491
69137: 0.993491
69138: 0.993491
69139: 0.993491
69140: 0.993492
69141: 0.993492
69142: 0.993492
69143: 0.993492
69144: 0.993492
69145: 0.993492
69146: 0.993492
69147: 0.993492
69148: 0.993492
69149: 0.993492
69150: 0.993493
69151: 0.993493
69152: 0.993493
69153: 0.993493
69154: 0.993493
69155: 0.993493
69156: 0.993493
69157: 0.993493
69158: 0.993493
69159: 0.993493
69160: 0.993493
69161: 0.993494
69162: 0.993494
69163: 0.993494
69164: 0.993494
69165: 0.993494
69166: 0.993494
69167: 0.993494
69168: 0.993494
69169: 0.993494
69170: 0.993494
69171: 0.993494
69172: 0.993495
69173: 0.993495
69174: 0.993495
69175: 0.993495
69176: 0.993495
69177: 0.993495
69178: 0.993495
69179: 0.993495
69180: 0.993495
69181: 0.993495
69182: 0.993496
69183: 0.993496
69184: 0.993496
69185: 0.993496
69186: 0.993496
69187: 0.993496
69188: 0.993496
69189: 0.993496
69190: 0.993496
69191: 0.993496
69192: 0.993496
69193: 0.993497
69194: 0.993497
69195: 0.993497
69196: 0.993497
69197: 0.993497
69198: 0.993497
69199: 0.993497
69200: 0.993497
69201: 0.993497
69202: 0.993497
69203: 0.993497
69204: 0.993498
69205: 0.993498
69206: 0.993498
69207: 0.993498
69208: 0.993498
69209: 0.993498
69210: 0.993498
69211: 0.993498
69212: 0.993498
69213: 0.993498
69214: 0.993499
69215: 0.993499
69216: 0.993499
69217: 0.993499
69218: 0.993499
69219: 0.993499
69220: 0.993499
69221: 0.993499
69222: 0.993499
69223: 0.993499
69224: 0.993499
69225: 0.9935
69226: 0.9935
69227: 0.9935
69228: 0.9935
69229: 0.9935
69230: 0.9935
69231: 0.9935
69232: 0.9935
69233: 0.9935
69234: 0.9935
69235: 0.9935
69236: 0.993501
69237: 0.993501
69238: 0.993501
69239: 0.993501
69240: 0.993501
69241: 0.993501
69242: 0.993501
69243: 0.993501
69244: 0.993501
69245: 0.993501
69246: 0.993502
69247: 0.993502
69248: 0.993502
69249: 0.993502
69250: 0.993502
69251: 0.993502
69252: 0.993502
69253: 0.993502
69254: 0.993502
69255: 0.993502
69256: 0.993502
69257: 0.993503
69258: 0.993503
69259: 0.993503
69260: 0.993503
69261: 0.993503
69262: 0.993503
69263: 0.993503
69264: 0.993503
69265: 0.993503
69266: 0.993503
69267: 0.993503
69268: 0.993504
69269: 0.993504
69270: 0.993504
69271: 0.993504
69272: 0.993504
69273: 0.993504
69274: 0.993504
69275: 0.993504
69276: 0.993504
69277: 0.993504
69278: 0.993505
69279: 0.993505
69280: 0.993505
69281: 0.993505
69282: 0.993505
69283: 0.993505
69284: 0.993505
69285: 0.993505
69286: 0.993505
69287: 0.993505
69288: 0.993505
69289: 0.993506
69290: 0.993506
69291: 0.993506
69292: 0.993506
69293: 0.993506
69294: 0.993506
69295: 0.993506
69296: 0.993506
69297: 0.993506
69298: 0.993506
69299: 0.993506
69300: 0.993507
69301: 0.993507
69302: 0.993507
69303: 0.993507
69304: 0.993507
69305: 0.993507
69306: 0.993507
69307: 0.993507
69308: 0.993507
69309: 0.993507
69310: 0.993508
69311: 0.993508
69312: 0.993508
69313: 0.993508
69314: 0.993508
69315: 0.993508
69316: 0.993508
69317: 0.993508
69318: 0.993508
69319: 0.993508
69320: 0.993508
69321: 0.993509
69322: 0.993509
69323: 0.993509
69324: 0.993509
69325: 0.993509
69326: 0.993509
69327: 0.993509
69328: 0.993509
69329: 0.993509
69330: 0.993509
69331: 0.993509
69332: 0.99351
69333: 0.99351
69334: 0.99351
69335: 0.99351
69336: 0.99351
69337: 0.99351
69338: 0.99351
69339: 0.99351
69340: 0.99351
69341: 0.99351
69342: 0.993511
69343: 0.993511
69344: 0.993511
69345: 0.993511
69346: 0.993511
69347: 0.993511
69348: 0.993511
69349: 0.993511
69350: 0.993511
69351: 0.993511
69352: 0.993511
69353: 0.993512
69354: 0.993512
69355: 0.993512
69356: 0.993512
69357: 0.993512
69358: 0.993512
69359: 0.993512
69360: 0.993512
69361: 0.993512
69362: 0.993512
69363: 0.993512
69364: 0.993513
69365: 0.993513
69366: 0.993513
69367: 0.993513
69368: 0.993513
69369: 0.993513
69370: 0.993513
69371: 0.993513
69372: 0.993513
69373: 0.993513
69374: 0.993514
69375: 0.993514
69376: 0.993514
69377: 0.993514
69378: 0.993514
69379: 0.993514
69380: 0.993514
69381: 0.993514
69382: 0.993514
69383: 0.993514
69384: 0.993514
69385: 0.993515
69386: 0.993515
69387: 0.993515
69388: 0.993515
69389: 0.993515
69390: 0.993515
69391: 0.993515
69392: 0.993515
69393: 0.993515
69394: 0.993515
69395: 0.993515
69396: 0.993516
69397: 0.993516
69398: 0.993516
69399: 0.993516
69400: 0.993516
69401: 0.993516
69402: 0.993516
69403: 0.993516
69404: 0.993516
69405: 0.993516
69406: 0.993517
69407: 0.993517
69408: 0.993517
69409: 0.993517
69410: 0.993517
69411: 0.993517
69412: 0.993517
69413: 0.993517
69414: 0.993517
69415: 0.993517
69416: 0.993517
69417: 0.993518
69418: 0.993518
69419: 0.993518
69420: 0.993518
69421: 0.993518
69422: 0.993518
69423: 0.993518
69424: 0.993518
69425: 0.993518
69426: 0.993518
69427: 0.993518
69428: 0.993519
69429: 0.993519
69430: 0.993519
69431: 0.993519
69432: 0.993519
69433: 0.993519
69434: 0.993519
69435: 0.993519
69436: 0.993519
69437: 0.993519
69438: 0.993519
69439: 0.99352
69440: 0.99352
69441: 0.99352
69442: 0.99352
69443: 0.99352
69444: 0.99352
69445: 0.99352
69446: 0.99352
69447: 0.99352
69448: 0.99352
69449: 0.993521
69450: 0.993521
69451: 0.993521
69452: 0.993521
69453: 0.993521
69454: 0.993521
69455: 0.993521
69456: 0.993521
69457: 0.993521
69458: 0.993521
69459: 0.993521
69460: 0.993522
69461: 0.993522
69462: 0.993522
69463: 0.993522
69464: 0.993522
69465: 0.993522
69466: 0.993522
69467: 0.993522
69468: 0.993522
69469: 0.993522
69470: 0.993522
69471: 0.993523
69472: 0.993523
69473: 0.993523
69474: 0.993523
69475: 0.993523
69476: 0.993523
69477: 0.993523
69478: 0.993523
69479: 0.993523
69480: 0.993523
69481: 0.993524
69482: 0.993524
69483: 0.993524
69484: 0.993524
69485: 0.993524
69486: 0.993524
69487: 0.993524
69488: 0.993524
69489: 0.993524
69490: 0.993524
69491: 0.993524
69492: 0.993525
69493: 0.993525
69494: 0.993525
69495: 0.993525
69496: 0.993525
69497: 0.993525
69498: 0.993525
69499: 0.993525
69500: 0.993525
69501: 0.993525
69502: 0.993525
69503: 0.993526
69504: 0.993526
69505: 0.993526
69506: 0.993526
69507: 0.993526
69508: 0.993526
69509: 0.993526
69510: 0.993526
69511: 0.993526
69512: 0.993526
69513: 0.993526
69514: 0.993527
69515: 0.993527
69516: 0.993527
69517: 0.993527
69518: 0.993527
69519: 0.993527
69520: 0.993527
69521: 0.993527
69522: 0.993527
69523: 0.993527
69524: 0.993528
69525: 0.993528
69526: 0.993528
69527: 0.993528
69528: 0.993528
69529: 0.993528
69530: 0.993528
69531: 0.993528
69532: 0.993528
69533: 0.993528
69534: 0.993528
69535: 0.993529
69536: 0.993529
69537: 0.993529
69538: 0.993529
69539: 0.993529
69540: 0.993529
69541: 0.993529
69542: 0.993529
69543: 0.993529
69544: 0.993529
69545: 0.993529
69546: 0.99353
69547: 0.99353
69548: 0.99353
69549: 0.99353
69550: 0.99353
69551: 0.99353
69552: 0.99353
69553: 0.99353
69554: 0.99353
69555: 0.99353
69556: 0.99353
69557: 0.993531
69558: 0.993531
69559: 0.993531
69560: 0.993531
69561: 0.993531
69562: 0.993531
69563: 0.993531
69564: 0.993531
69565: 0.993531
69566: 0.993531
69567: 0.993532
69568: 0.993532
69569: 0.993532
69570: 0.993532
69571: 0.993532
69572: 0.993532
69573: 0.993532
69574: 0.993532
69575: 0.993532
69576: 0.993532
69577: 0.993532
69578: 0.993533
69579: 0.993533
69580: 0.993533
69581: 0.993533
69582: 0.993533
69583: 0.993533
69584: 0.993533
69585: 0.993533
69586: 0.993533
69587: 0.993533
69588: 0.993533
69589: 0.993534
69590: 0.993534
69591: 0.993534
69592: 0.993534
69593: 0.993534
69594: 0.993534
69595: 0.993534
69596: 0.993534
69597: 0.993534
69598: 0.993534
69599: 0.993534
69600: 0.993535
69601: 0.993535
69602: 0.993535
69603: 0.993535
69604: 0.993535
69605: 0.993535
69606: 0.993535
69607: 0.993535
69608: 0.993535
69609: 0.993535
69610: 0.993536
69611: 0.993536
69612: 0.993536
69613: 0.993536
69614: 0.993536
69615: 0.993536
69616: 0.993536
69617: 0.993536
69618: 0.993536
69619: 0.993536
69620: 0.993536
69621: 0.993537
69622: 0.993537
69623: 0.993537
69624: 0.993537
69625: 0.993537
69626: 0.993537
69627: 0.993537
69628: 0.993537
69629: 0.993537
69630: 0.993537
69631: 0.993537
69632: 0.993538
69633: 0.993538
69634: 0.993538
69635: 0.993538
69636: 0.993538
69637: 0.993538
69638: 0.993538
69639: 0.993538
69640: 0.993538
69641: 0.993538
69642: 0.993538
69643: 0.993539
69644: 0.993539
69645: 0.993539
69646: 0.993539
69647: 0.993539
69648: 0.993539
69649: 0.993539
69650: 0.993539
69651: 0.993539
69652: 0.993539
69653: 0.993539
69654: 0.99354
69655: 0.99354
69656: 0.99354
69657: 0.99354
69658: 0.99354
69659: 0.99354
69660: 0.99354
69661: 0.99354
69662: 0.99354
69663: 0.99354
69664: 0.993541
69665: 0.993541
69666: 0.993541
69667: 0.993541
69668: 0.993541
69669: 0.993541
69670: 0.993541
69671: 0.993541
69672: 0.993541
69673: 0.993541
69674: 0.993541
69675: 0.993542
69676: 0.993542
69677: 0.993542
69678: 0.993542
69679: 0.993542
69680: 0.993542
69681: 0.993542
69682: 0.993542
69683: 0.993542
69684: 0.993542
69685: 0.993542
69686: 0.993543
69687: 0.993543
69688: 0.993543
69689: 0.993543
69690: 0.993543
69691: 0.993543
69692: 0.993543
69693: 0.993543
69694: 0.993543
69695: 0.993543
69696: 0.993543
69697: 0.993544
69698: 0.993544
69699: 0.993544
69700: 0.993544
69701: 0.993544
69702: 0.993544
69703: 0.993544
69704: 0.993544
69705: 0.993544
69706: 0.993544
69707: 0.993544
69708: 0.993545
69709: 0.993545
69710: 0.993545
69711: 0.993545
69712: 0.993545
69713: 0.993545
69714: 0.993545
69715: 0.993545
69716: 0.993545
69717: 0.993545
69718: 0.993546
69719: 0.993546
69720: 0.993546
69721: 0.993546
69722: 0.993546
69723: 0.993546
69724: 0.993546
69725: 0.993546
69726: 0.993546
69727: 0.993546
69728: 0.993546
69729: 0.993547
69730: 0.993547
69731: 0.993547
69732: 0.993547
69733: 0.993547
69734: 0.993547
69735: 0.993547
69736: 0.993547
69737: 0.993547
69738: 0.993547
69739: 0.993547
69740: 0.993548
69741: 0.993548
69742: 0.993548
69743: 0.993548
69744: 0.993548
69745: 0.993548
69746: 0.993548
69747: 0.993548
69748: 0.993548
69749: 0.993548
69750: 0.993548
69751: 0.993549
69752: 0.993549
69753: 0.993549
69754: 0.993549
69755: 0.993549
69756: 0.993549
69757: 0.993549
69758: 0.993549
69759: 0.993549
69760: 0.993549
69761: 0.993549
69762: 0.99355
69763: 0.99355
69764: 0.99355
69765: 0.99355
69766: 0.99355
69767: 0.99355
69768: 0.99355
69769: 0.99355
69770: 0.99355
69771: 0.99355
69772: 0.993551
69773: 0.993551
69774: 0.993551
69775: 0.993551
69776: 0.993551
69777: 0.993551
69778: 0.993551
69779: 0.993551
69780: 0.993551
69781: 0.993551
69782: 0.993551
69783: 0.993552
69784: 0.993552
69785: 0.993552
69786: 0.993552
69787: 0.993552
69788: 0.993552
69789: 0.993552
69790: 0.993552
69791: 0.993552
69792: 0.993552
69793: 0.993552
69794: 0.993553
69795: 0.993553
69796: 0.993553
69797: 0.993553
69798: 0.993553
69799: 0.993553
69800: 0.993553
69801: 0.993553
69802: 0.993553
69803: 0.993553
69804: 0.993553
69805: 0.993554
69806: 0.993539
69807: 0.993539
69808: 0.99354
69809: 0.99354
69810: 0.99354
69811: 0.99354
69812: 0.99354
69813: 0.99354
69814: 0.99354
69815: 0.99354
69816: 0.99354
69817: 0.99354
69818: 0.99354
69819: 0.993541
69820: 0.993541
69821: 0.993541
69822: 0.993541
69823: 0.993541
69824: 0.993541
69825: 0.993541
69826: 0.993541
69827: 0.993541
69828: 0.993541
69829: 0.993541
69830: 0.993542
69831: 0.993542
69832: 0.993542
69833: 0.993542
69834: 0.993542
69835: 0.993542
69836: 0.993542
69837: 0.993542
69838: 0.993542
69839: 0.993542
69840: 0.993542
69841: 0.993543
69842: 0.993543
69843: 0.993543
69844: 0.993543
69845: 0.993543
69846: 0.993543
69847: 0.993543
69848: 0.993543
69849: 0.993543
69850: 0.993529
69851: 0.993529
69852: 0.993529
69853: 0.993529
69854: 0.993529
69855: 0.99353
69856: 0.99353
69857: 0.99353
69858: 0.99353
69859: 0.99353
69860: 0.99353
69861: 0.99353
69862: 0.99353
69863: 0.99353
69864: 0.99353
69865: 0.99353
69866: 0.993531
69867: 0.993531
69868: 0.993531
69869: 0.993531
69870: 0.993531
69871: 0.993531
69872: 0.993531
69873: 0.993531
69874: 0.993531
69875: 0.993531
69876: 0.993531
69877: 0.993532
69878: 0.993532
69879: 0.993532
69880: 0.993532
69881: 0.993532
69882: 0.993532
69883: 0.993532
69884: 0.993532
69885: 0.993532
69886: 0.993532
69887: 0.993533
69888: 0.993533
69889: 0.993533
69890: 0.993533
69891: 0.993533
69892: 0.993533
69893: 0.993533
69894: 0.993533
69895: 0.993533
69896: 0.993533
69897: 0.993533
69898: 0.993534
69899: 0.993534
69900: 0.993534
69901: 0.993534
69902: 0.993534
69903: 0.993534
69904: 0.993534
69905: 0.993534
69906: 0.993534
69907: 0.993534
69908: 0.993534
69909: 0.993535
69910: 0.993535
69911: 0.993535
69912: 0.993535
69913: 0.993535
69914: 0.993535
69915: 0.993535
69916: 0.993535
69917: 0.993535
69918: 0.993535
69919: 0.993535
69920: 0.993536
69921: 0.993536
69922: 0.993536
69923: 0.993536
69924: 0.993536
69925: 0.993536
69926: 0.993536
69927: 0.993536
69928: 0.993536
69929: 0.993536
69930: 0.993536
69931: 0.993537
69932: 0.993537
69933: 0.993537
69934: 0.993537
69935: 0.993537
69936: 0.993537
69937: 0.993537
69938: 0.993537
69939: 0.993537
69940: 0.993537
69941: 0.993538
69942: 0.993538
69943: 0.993538
69944: 0.993538
69945: 0.993538
69946: 0.993538
69947: 0.993538
69948: 0.993538
69949: 0.993538
69950: 0.993538
69951: 0.993538
69952: 0.993539
69953: 0.993539
69954: 0.993539
69955: 0.993539
69956: 0.993539
69957: 0.993539
69958: 0.993539
69959: 0.993539
69960: 0.993539
69961: 0.993539
69962: 0.993539
69963: 0.99354
69964: 0.99354
69965: 0.99354
69966: 0.99354
69967: 0.99354
69968: 0.99354
69969: 0.99354
69970: 0.99354
69971: 0.99354
69972: 0.993526
69973: 0.993526
69974: 0.993526
69975: 0.993526
69976: 0.993526
69977: 0.993527
69978: 0.993527
69979: 0.993527
69980: 0.993527
69981: 0.993527
69982: 0.993527
69983: 0.993527
69984: 0.993527
69985: 0.993527
69986: 0.993527
69987: 0.993527
69988: 0.993528
69989: 0.993528
69990: 0.993528
69991: 0.993528
69992: 0.993528
69993: 0.993528
69994: 0.993528
69995: 0.993528
69996: 0.993528
69997: 0.993528
69998: 0.993528
69999: 0.993529
70000: 0.993529
70001: 0.993529
70002: 0.993529
70003: 0.993529
70004: 0.993529
70005: 0.993529
70006: 0.993529
70007: 0.993529
70008: 0.993529
70009: 0.993529
70010: 0.99353
70011: 0.99353
70012: 0.99353
70013: 0.99353
70014: 0.99353
70015: 0.99353
70016: 0.99353
70017: 0.99353
70018: 0.99353
70019: 0.99353
70020: 0.993531
70021: 0.993531
70022: 0.993531
70023: 0.993531
70024: 0.993531
70025: 0.993531
70026: 0.993531
70027: 0.993517
70028: 0.993517
70029: 0.993517
70030: 0.993517
70031: 0.993517
70032: 0.993517
70033: 0.993517
70034: 0.993518
70035: 0.993518
70036: 0.993518
70037: 0.993518
70038: 0.993518
70039: 0.993518
70040: 0.993518
70041: 0.993518
70042: 0.993518
70043: 0.993518
70044: 0.993518
70045: 0.993519
70046: 0.993519
70047: 0.993519
70048: 0.993519
70049: 0.993519
70050: 0.993519
70051: 0.993519
70052: 0.993519
70053: 0.993519
70054: 0.993519
70055: 0.993519
70056: 0.99352
70057: 0.99352
70058: 0.99352
70059: 0.99352
70060: 0.99352
70061: 0.99352
70062: 0.99352
70063: 0.99352
70064: 0.99352
70065: 0.99352
70066: 0.99352
70067: 0.993521
70068: 0.993521
70069: 0.993521
70070: 0.993521
70071: 0.993521
70072: 0.993521
70073: 0.993521
70074: 0.993521
70075: 0.993521
70076: 0.993521
70077: 0.993522
70078: 0.993522
70079: 0.993522
70080: 0.993522
70081: 0.993522
70082: 0.993522
70083: 0.993522
70084: 0.993522
70085: 0.993522
70086: 0.993522
70087: 0.993522
70088: 0.993523
70089: 0.993523
70090: 0.993523
70091: 0.993523
70092: 0.993523
70093: 0.993523
70094: 0.993523
70095: 0.993523
70096: 0.993523
70097: 0.993523
70098: 0.993523
70099: 0.993524
70100: 0.993524
70101: 0.993524
70102: 0.993524
70103: 0.993524
70104: 0.993524
70105: 0.993524
70106: 0.993524
70107: 0.993524
70108: 0.993524
70109: 0.993524
70110: 0.993525
70111: 0.993525
70112: 0.993525
70113: 0.993525
70114: 0.993525
70115: 0.993525
70116: 0.993525
70117: 0.993525
70118: 0.993525
70119: 0.993525
70120: 0.993525
70121: 0.993526
70122: 0.993526
70123: 0.993526
70124: 0.993526
70125: 0.993526
70126: 0.993526
70127: 0.993526
70128: 0.993526
70129: 0.993526
70130: 0.993526
70131: 0.993526
70132: 0.993527
70133: 0.993527
70134: 0.993527
70135: 0.993527
70136: 0.993527
70137: 0.993527
70138: 0.993527
70139: 0.993527
70140: 0.993527
70141: 0.993527
70142: 0.993528
70143: 0.993528
70144: 0.993528
70145: 0.993528
70146: 0.993528
70147: 0.993528
70148: 0.993528
70149: 0.993528
70150: 0.993528
70151: 0.993528
70152: 0.993528
70153: 0.993529
70154: 0.993529
70155: 0.993529
70156: 0.993529
70157: 0.993529
70158: 0.993529
70159: 0.993529
70160: 0.993529
70161: 0.993529
70162: 0.993529
70163: 0.993529
70164: 0.99353
70165: 0.99353
70166: 0.99353
70167: 0.99353
70168: 0.99353
70169: 0.99353
70170: 0.99353
70171: 0.99353
70172: 0.99353
70173: 0.99353
70174: 0.99353
70175: 0.993531
70176: 0.993531
70177: 0.993531
70178: 0.993531
70179: 0.993531
70180: 0.993531
70181: 0.993531
70182: 0.993531
70183: 0.993531
70184: 0.993531
70185: 0.993531
70186: 0.993532
70187: 0.993532
70188: 0.993532
70189: 0.993532
70190: 0.993532
70191: 0.993532
70192: 0.993532
70193: 0.993532
70194: 0.993532
70195: 0.993532
70196: 0.993532
70197: 0.993533
70198: 0.993533
70199: 0.993533
70200: 0.993533
70201: 0.993533
70202: 0.993533
70203: 0.993533
70204: 0.993533
70205: 0.993533
70206: 0.993533
70207: 0.993534
70208: 0.993534
70209: 0.993534
70210: 0.993534
70211: 0.993534
70212: 0.993534
70213: 0.993534
70214: 0.993534
70215: 0.993534
70216: 0.993534
70217: 0.993534
70218: 0.993535
70219: 0.993535
70220: 0.993535
70221: 0.993535
70222: 0.993535
70223: 0.993535
70224: 0.993535
70225: 0.993535
70226: 0.993535
70227: 0.993535
70228: 0.993535
70229: 0.993536
70230: 0.993536
70231: 0.993536
70232: 0.993536
70233: 0.993536
70234: 0.993536
70235: 0.993536
70236: 0.993536
70237: 0.993536
70238: 0.993536
70239: 0.993536
70240: 0.993537
70241: 0.993537
70242: 0.993537
70243: 0.993537
70244: 0.993537
70245: 0.993537
70246: 0.993537
70247: 0.993537
70248: 0.993537
70249: 0.993537
70250: 0.993537
70251: 0.993538
70252: 0.993538
70253: 0.993538
70254: 0.993538
70255: 0.993538
70256: 0.993538
70257: 0.993538
70258: 0.993538
70259: 0.993538
70260: 0.993538
70261: 0.993538
70262: 0.993539
70263: 0.993539
70264: 0.993539
70265: 0.993539
70266: 0.993539
70267: 0.993539
70268: 0.993539
70269: 0.993539
70270: 0.993539
70271: 0.993539
70272: 0.993539
70273: 0.99354
70274: 0.99354
70275: 0.99354
70276: 0.99354
70277: 0.99354
70278: 0.99354
70279: 0.99354
70280: 0.99354
70281: 0.99354
70282: 0.99354
70283: 0.99354
70284: 0.993541
70285: 0.993541
70286: 0.993541
70287: 0.993541
70288: 0.993541
70289: 0.993541
70290: 0.993541
70291: 0.993541
70292: 0.993541
70293: 0.993541
70294: 0.993542
70295: 0.993542
70296: 0.993542
70297: 0.993542
70298: 0.993542
70299: 0.993542
70300: 0.993542
70301: 0.993542
70302: 0.993542
70303: 0.993542
70304: 0.993542
70305: 0.993543
70306: 0.993543
70307: 0.993543
70308: 0.993543
70309: 0.993543
70310: 0.993543
70311: 0.993543
70312: 0.993543
70313: 0.993543
70314: 0.993543
70315: 0.993543
70316: 0.993544
70317: 0.993544
70318: 0.993544
70319: 0.993544
70320: 0.993544
70321: 0.993544
70322: 0.993544
70323: 0.993544
70324: 0.993544
70325: 0.993544
70326: 0.993544
70327: 0.993545
70328: 0.993545
70329: 0.993545
70330: 0.993545
70331: 0.993545
70332: 0.993545
70333: 0.993545
70334: 0.993545
70335: 0.993545
70336: 0.993545
70337: 0.993545
70338: 0.993546
70339: 0.993546
70340: 0.993546
70341: 0.993546
70342: 0.993546
70343: 0.993546
70344: 0.993546
70345: 0.993546
70346: 0.993546
70347: 0.993546
70348: 0.993546
70349: 0.993547
70350: 0.993547
70351: 0.993547
70352: 0.993547
70353: 0.993547
70354: 0.993547
70355: 0.993547
70356: 0.993547
70357: 0.993547
70358: 0.993547
70359: 0.993547
70360: 0.993548
70361: 0.993548
70362: 0.993548
70363: 0.993548
70364: 0.993548
70365: 0.993548
70366: 0.993548
70367: 0.993548
70368: 0.993548
70369: 0.993548
70370: 0.993548
70371: 0.993549
70372: 0.993549
70373: 0.993549
70374: 0.993549
70375: 0.993549
70376: 0.993549
70377: 0.993549
70378: 0.993549
70379: 0.993549
70380: 0.993549
70381: 0.993549
70382: 0.99355
70383: 0.99355
70384: 0.99355
70385: 0.99355
70386: 0.99355
70387: 0.99355
70388: 0.99355
70389: 0.99355
70390: 0.99355
70391: 0.99355
70392: 0.99355
70393: 0.993551
70394: 0.993551
70395: 0.993551
70396: 0.993551
70397: 0.993551
70398: 0.993551
70399: 0.993551
70400: 0.993551
70401: 0.993551
70402: 0.993551
70403: 0.993552
70404: 0.993552
70405: 0.993552
70406: 0.993552
70407: 0.993552
70408: 0.993552
70409: 0.993552
70410: 0.993552
70411: 0.993552
70412: 0.993552
70413: 0.993552
70414: 0.993553
70415: 0.993553
70416: 0.993553
70417: 0.993553
70418: 0.993553
70419: 0.993553
70420: 0.993553
70421: 0.993553
70422: 0.993553
70423: 0.993553
70424: 0.993553
70425: 0.993554
70426: 0.993554
70427: 0.993554
70428: 0.993554
70429: 0.993554
70430: 0.993554
70431: 0.993554
70432: 0.993554
70433: 0.993554
70434: 0.993554
70435: 0.993554
70436: 0.993555
70437: 0.993555
70438: 0.993555
70439: 0.993555
70440: 0.993555
70441: 0.993555
70442: 0.993555
70443: 0.993555
70444: 0.993555
70445: 0.993555
70446: 0.993555
70447: 0.993556
70448: 0.993556
70449: 0.993556
70450: 0.993556
70451: 0.993556
70452: 0.993556
70453: 0.993556
70454: 0.993556
70455: 0.993556
70456: 0.993556
70457: 0.993556
70458: 0.993557
70459: 0.993557
70460: 0.993557
70461: 0.993557
70462: 0.993557
70463: 0.993557
70464: 0.993557
70465: 0.993557
70466: 0.993557
70467: 0.993557
70468: 0.993557
70469: 0.993558
70470: 0.993558
70471: 0.993558
70472: 0.993558
70473: 0.993558
70474: 0.993558
70475: 0.993558
70476: 0.993558
70477: 0.993558
70478: 0.993558
70479: 0.993558
70480: 0.993559
70481: 0.993559
70482: 0.993559
70483: 0.993559
70484: 0.993559
70485: 0.993559
70486: 0.993559
70487: 0.993559
70488: 0.993559
70489: 0.993559
70490: 0.993559
70491: 0.99356
70492: 0.99356
70493: 0.99356
70494: 0.99356
70495: 0.99356
70496: 0.99356
70497: 0.99356
70498: 0.99356
70499: 0.99356
70500: 0.99356
70501: 0.99356
70502: 0.993561
70503: 0.993561
70504: 0.993561
70505: 0.993561
70506: 0.993561
70507: 0.993561
70508: 0.993561
70509: 0.993561
70510: 0.993561
70511: 0.993561
70512: 0.993561
70513: 0.993562
70514: 0.993562
70515: 0.993562
70516: 0.993562
70517: 0.993562
70518: 0.993562
70519: 0.993562
70520: 0.993562
70521: 0.993562
70522: 0.993562
70523: 0.993562
70524: 0.993563
70525: 0.993563
70526: 0.993563
70527: 0.993563
70528: 0.993563
70529: 0.993563
70530: 0.993563
70531: 0.993563
70532: 0.993563
70533: 0.993563
70534: 0.993563
70535: 0.993564
70536: 0.993564
70537: 0.993564
70538: 0.993564
70539: 0.993564
70540: 0.993564
70541: 0.993564
70542: 0.993564
70543: 0.993564
70544: 0.993564
70545: 0.993564
70546: 0.993565
70547: 0.993565
70548: 0.993565
70549: 0.993565
70550: 0.993565
70551: 0.993565
70552: 0.993551
70553: 0.993551
70554: 0.993551
70555: 0.993551
70556: 0.993551
70557: 0.993551
70558: 0.993551
70559: 0.993552
70560: 0.993552
70561: 0.993552
70562: 0.993552
70563: 0.993552
70564: 0.993552
70565: 0.993552
70566: 0.993552
70567: 0.993552
70568: 0.993552
70569: 0.993553
70570: 0.993553
70571: 0.993553
70572: 0.993553
70573: 0.993553
70574: 0.993553
70575: 0.993553
70576: 0.993553
70577: 0.993553
70578: 0.993553
70579: 0.993553
70580: 0.993554
70581: 0.993554
70582: 0.993554
70583: 0.993554
70584: 0.993554
70585: 0.993554
70586: 0.993554
70587: 0.993554
70588: 0.993554
70589: 0.993554
70590: 0.993554
70591: 0.993555
70592: 0.993555
70593: 0.993555
70594: 0.993555
70595: 0.993555
70596: 0.993541
70597: 0.993541
70598: 0.993541
70599: 0.993541
70600: 0.993541
70601: 0.993541
70602: 0.993541
70603: 0.993541
70604: 0.993542
70605: 0.993542
70606: 0.993542
70607: 0.993542
70608: 0.993542
70609: 0.993542
70610: 0.993542
70611: 0.993542
70612: 0.993542
70613: 0.993542
70614: 0.993542
70615: 0.993543
70616: 0.993543
70617: 0.993543
70618: 0.993543
70619: 0.993543
70620: 0.993543
70621: 0.993543
70622: 0.993543
70623: 0.993543
70624: 0.993543
70625: 0.993543
70626: 0.993544
70627: 0.993544
70628: 0.993544
70629: 0.993544
70630: 0.993544
70631: 0.993544
70632: 0.993544
70633: 0.993544
70634: 0.993544
70635: 0.993544
70636: 0.993544
70637: 0.993545
70638: 0.993545
70639: 0.993545
70640: 0.993545
70641: 0.993545
70642: 0.993545
70643: 0.993545
70644: 0.993545
70645: 0.993545
70646: 0.993545
70647: 0.993545
70648: 0.993546
70649: 0.993546
70650: 0.993546
70651: 0.993546
70652: 0.993546
70653: 0.993546
70654: 0.993546
70655: 0.993546
70656: 0.993546
70657: 0.993546
70658: 0.993546
70659: 0.993547
70660: 0.993547
70661: 0.993547
70662: 0.993547
70663: 0.993547
70664: 0.993547
70665: 0.993547
70666: 0.993547
70667: 0.993547
70668: 0.993547
70669: 0.993547
70670: 0.993548
70671: 0.993548
70672: 0.993548
70673: 0.993548
70674: 0.993548
70675: 0.993548
70676: 0.993548
70677: 0.993548
70678: 0.993548
70679: 0.993548
70680: 0.993548
70681: 0.993549
70682: 0.993549
70683: 0.993549
70684: 0.993549
70685: 0.993549
70686: 0.993549
70687: 0.993549
70688: 0.993549
70689: 0.993549
70690: 0.993549
70691: 0.993549
70692: 0.99355
70693: 0.99355
70694: 0.99355
70695: 0.99355
70696: 0.99355
70697: 0.99355
70698: 0.99355
70699: 0.99355
70700: 0.99355
70701: 0.99355
70702: 0.99355
70703: 0.993551
70704: 0.993551
70705: 0.993551
70706: 0.993551
70707: 0.993551
70708: 0.993551
70709: 0.993551
70710: 0.993551
70711: 0.993551
70712: 0.993551
70713: 0.993551
70714: 0.993552
70715: 0.993552
70716: 0.993552
70717: 0.993552
70718: 0.993552
70719: 0.993552
70720: 0.993552
70721: 0.993552
70722: 0.993552
70723: 0.993552
70724: 0.993552
70725: 0.993553
70726: 0.993553
70727: 0.993553
70728: 0.993553
70729: 0.993553
70730: 0.993553
70731: 0.993553
70732: 0.993553
70733: 0.993553
70734: 0.993553
70735: 0.993553
70736: 0.993554
70737: 0.993554
70738: 0.993554
70739: 0.993554
70740: 0.993554
70741: 0.993554
70742: 0.993554
70743: 0.993554
70744: 0.993554
70745: 0.993554
70746: 0.993554
70747: 0.993555
70748: 0.993555
70749: 0.993555
70750: 0.993555
70751: 0.993555
70752: 0.993555
70753: 0.993555
70754: 0.993555
70755: 0.993555
70756: 0.993555
70757: 0.993555
70758: 0.993556
70759: 0.993556
70760: 0.993556
70761: 0.993556
70762: 0.993556
70763: 0.993556
70764: 0.993556
70765: 0.993556
70766: 0.993556
70767: 0.993556
70768: 0.993557
70769: 0.993557
70770: 0.993557
70771: 0.993557
70772: 0.993557
70773: 0.993557
70774: 0.993557
70775: 0.993557
70776: 0.993557
70777: 0.993557
70778: 0.993557
70779: 0.993558
70780: 0.993558
70781: 0.993558
70782: 0.993558
70783: 0.993558
70784: 0.993558
70785: 0.993558
70786: 0.993558
70787: 0.993558
70788: 0.993558
70789: 0.993558
70790: 0.993559
70791: 0.993559
70792: 0.993559
70793: 0.993559
70794: 0.993559
70795: 0.993559
70796: 0.993559
70797: 0.993559
70798: 0.993559
70799: 0.993559
70800: 0.993559
70801: 0.99356
70802: 0.99356
70803: 0.99356
70804: 0.99356
70805: 0.99356
70806: 0.99356
70807: 0.99356
70808: 0.99356
70809: 0.99356
70810: 0.99356
70811: 0.99356
70812: 0.993561
70813: 0.993561
70814: 0.993561
70815: 0.993561
70816: 0.993561
70817: 0.993561
70818: 0.993561
70819: 0.993561
70820: 0.993561
70821: 0.993561
70822: 0.993561
70823: 0.993562
70824: 0.993562
70825: 0.993562
70826: 0.993562
70827: 0.993562
70828: 0.993562
70829: 0.993562
70830: 0.993562
70831: 0.993562
70832: 0.993562
70833: 0.993562
70834: 0.993563
70835: 0.993563
70836: 0.993563
70837: 0.993563
70838: 0.993563
70839: 0.993563
70840: 0.993563
70841: 0.993563
70842: 0.993563
70843: 0.993563
70844: 0.993563
70845: 0.993564
70846: 0.993564
70847: 0.993564
70848: 0.993564
70849: 0.993564
70850: 0.993564
70851: 0.993564
70852: 0.993564
70853: 0.993564
70854: 0.993564
70855: 0.993564
70856: 0.993565
70857: 0.993565
70858: 0.993565
70859: 0.993565
70860: 0.993565
70861: 0.993565
70862: 0.993565
70863: 0.993565
70864: 0.993565
70865: 0.993565
70866: 0.993565
70867: 0.993566
70868: 0.993566
70869: 0.993566
70870: 0.993566
70871: 0.993566
70872: 0.993566
70873: 0.993566
70874: 0.993566
70875: 0.993552
70876: 0.993538
70877: 0.993538
70878: 0.993538
70879: 0.993538
70880: 0.993538
70881: 0.993539
70882: 0.993539
70883: 0.993539
70884: 0.993539
70885: 0.993539
70886: 0.993539
70887: 0.993539
70888: 0.993539
70889: 0.993539
70890: 0.993539
70891: 0.993539
70892: 0.99354
70893: 0.99354
70894: 0.99354
70895: 0.99354
70896: 0.99354
70897: 0.99354
70898: 0.99354
70899: 0.99354
70900: 0.99354
70901: 0.99354
70902: 0.99354
70903: 0.993541
70904: 0.993541
70905: 0.993541
70906: 0.993541
70907: 0.993541
70908: 0.993541
70909: 0.993541
70910: 0.993541
70911: 0.993541
70912: 0.993541
70913: 0.993541
70914: 0.993542
70915: 0.993542
70916: 0.993542
70917: 0.993542
70918: 0.993542
70919: 0.993542
70920: 0.993542
70921: 0.993542
70922: 0.993542
70923: 0.993542
70924: 0.993542
70925: 0.993543
70926: 0.993543
70927: 0.993543
70928: 0.993543
70929: 0.993543
70930: 0.993529
70931: 0.993529
70932: 0.993529
70933: 0.993529
70934: 0.993529
70935: 0.993529
70936: 0.993529
70937: 0.99353
70938: 0.99353
70939: 0.99353
70940: 0.99353
70941: 0.99353
70942: 0.99353
70943: 0.99353
70944: 0.99353
70945: 0.99353
70946: 0.99353
70947: 0.99353
70948: 0.993531
70949: 0.993531
70950: 0.993531
70951: 0.993531
70952: 0.993531
70953: 0.993531
70954: 0.993531
70955: 0.993531
70956: 0.993531
70957: 0.993531
70958: 0.993531
70959: 0.993532
70960: 0.993532
70961: 0.993532
70962: 0.993532
70963: 0.993532
70964: 0.993532
70965: 0.993532
70966: 0.993532
70967: 0.993532
70968: 0.993532
70969: 0.993532
70970: 0.993533
70971: 0.993533
70972: 0.993533
70973: 0.993533
70974: 0.993533
70975: 0.993533
70976: 0.993533
70977: 0.993533
70978: 0.993533
70979: 0.993533
70980: 0.993533
70981: 0.993534
70982: 0.993534
70983: 0.993534
70984: 0.993534
70985: 0.993534
70986: 0.993534
70987: 0.993534
70988: 0.993534
70989: 0.993534
70990: 0.993534
70991: 0.993534
70992: 0.993535
70993: 0.993535
70994: 0.993535
70995: 0.993535
70996: 0.993535
70997: 0.993535
70998: 0.993535
70999: 0.993535
71000: 0.993521
71001: 0.993521
71002: 0.993521
71003: 0.993521
71004: 0.993522
71005: 0.993522
71006: 0.993522
71007: 0.993522
71008: 0.993522
71009: 0.993522
71010: 0.993522
71011: 0.993522
71012: 0.993522
71013: 0.993522
71014: 0.993522
71015: 0.993523
71016: 0.993523
71017: 0.993523
71018: 0.993523
71019: 0.993523
71020: 0.993523
71021: 0.993523
71022: 0.993523
71023: 0.993523
71024: 0.993523
71025: 0.993523
71026: 0.993524
71027: 0.993524
71028: 0.993524
71029: 0.993524
71030: 0.993524
71031: 0.993524
71032: 0.993524
71033: 0.993524
71034: 0.993524
71035: 0.993524
71036: 0.993525
71037: 0.993525
71038: 0.993525
71039: 0.993525
71040: 0.993525
71041: 0.993525
71042: 0.993525
71043: 0.993525
71044: 0.993525
71045: 0.993525
71046: 0.993525
71047: 0.993526
71048: 0.993526
71049: 0.993512
71050: 0.993512
71051: 0.993512
71052: 0.993512
71053: 0.993512
71054: 0.993512
71055: 0.993512
71056: 0.993512
71057: 0.993512
71058: 0.993512
71059: 0.993513
71060: 0.993513
71061: 0.993513
71062: 0.993513
71063: 0.993513
71064: 0.993513
71065: 0.993513
71066: 0.993513
71067: 0.993513
71068: 0.993513
71069: 0.993513
71070: 0.993514
71071: 0.993514
71072: 0.993514
71073: 0.993514
71074: 0.993514
71075: 0.993514
71076: 0.993514
71077: 0.993514
71078: 0.993514
71079: 0.993514
71080: 0.993514
71081: 0.993515
71082: 0.993515
71083: 0.993515
71084: 0.993515
71085: 0.993515
71086: 0.993515
71087: 0.993515
71088: 0.993515
71089: 0.993515
71090: 0.993515
71091: 0.993515
71092: 0.993516
71093: 0.993516
71094: 0.993516
71095: 0.993516
71096: 0.993516
71097: 0.993516
71098: 0.993516
71099: 0.993516
71100: 0.993516
71101: 0.993516
71102: 0.993516
71103: 0.993517
71104: 0.993517
71105: 0.993517
71106: 0.993517
71107: 0.993517
71108: 0.993517
71109: 0.993517
71110: 0.993517
71111: 0.993517
71112: 0.993517
71113: 0.993517
71114: 0.993518
71115: 0.993518
71116: 0.993518
71117: 0.993518
71118: 0.993518
71119: 0.993518
71120: 0.993518
71121: 0.993518
71122: 0.993518
71123: 0.993518
71124: 0.993518
71125: 0.993519
71126: 0.993519
71127: 0.993519
71128: 0.993519
71129: 0.993519
71130: 0.993519
71131: 0.993519
71132: 0.993519
71133: 0.993519
71134: 0.993519
71135: 0.993519
71136: 0.99352
71137: 0.99352
71138: 0.99352
71139: 0.99352
71140: 0.99352
71141: 0.99352
71142: 0.99352
71143: 0.99352
71144: 0.99352
71145: 0.99352
71146: 0.99352
71147: 0.993521
71148: 0.993521
71149: 0.993521
71150: 0.993521
71151: 0.993521
71152: 0.993521
71153: 0.993521
71154: 0.993521
71155: 0.993521
71156: 0.993521
71157: 0.993521
71158: 0.993522
71159: 0.993522
71160: 0.993522
71161: 0.993522
71162: 0.993522
71163: 0.993522
71164: 0.993522
71165: 0.993522
71166: 0.993522
71167: 0.993522
71168: 0.993522
71169: 0.993523
71170: 0.993523
71171: 0.993523
71172: 0.993523
71173: 0.993523
71174: 0.993523
71175: 0.993523
71176: 0.993523
71177: 0.993523
71178: 0.993523
71179: 0.993523
71180: 0.993524
71181: 0.993524
71182: 0.993524
71183: 0.993524
71184: 0.993524
71185: 0.993524
71186: 0.993524
71187: 0.993524
71188: 0.993524
71189: 0.993524
71190: 0.993524
71191: 0.993525
71192: 0.993525
71193: 0.993525
71194: 0.993525
71195: 0.993525
71196: 0.993525
71197: 0.993525
71198: 0.993525
71199: 0.993525
71200: 0.993525
71201: 0.993525
71202: 0.993526
71203: 0.993526
71204: 0.993526
71205: 0.993526
71206: 0.993526
71207: 0.993526
71208: 0.993526
71209: 0.993526
71210: 0.993526
71211: 0.993526
71212: 0.993526
71213: 0.993527
71214: 0.993527
71215: 0.993527
71216: 0.993527
71217: 0.993527
71218: 0.993527
71219: 0.993527
71220: 0.993527
71221: 0.993527
71222: 0.993527
71223: 0.993527
71224: 0.993528
71225: 0.993528
71226: 0.993528
71227: 0.993528
71228: 0.993528
71229: 0.993528
71230: 0.993528
71231: 0.993528
71232: 0.993528
71233: 0.993528
71234: 0.993528
71235: 0.993529
71236: 0.993529
71237: 0.993529
71238: 0.993529
71239: 0.993529
71240: 0.993529
71241: 0.993529
71242: 0.993529
71243: 0.993529
71244: 0.993529
71245: 0.993529
71246: 0.99353
71247: 0.99353
71248: 0.99353
71249: 0.99353
71250: 0.99353
71251: 0.99353
71252: 0.99353
71253: 0.99353
71254: 0.99353
71255: 0.99353
71256: 0.99353
71257: 0.993531
71258: 0.993531
71259: 0.993531
71260: 0.993531
71261: 0.993531
71262: 0.993531
71263: 0.993531
71264: 0.993531
71265: 0.993531
71266: 0.993531
71267: 0.993531
71268: 0.993532
71269: 0.993532
71270: 0.993532
71271: 0.993532
71272: 0.993532
71273: 0.993532
71274: 0.993532
71275: 0.993532
71276: 0.993532
71277: 0.993532
71278: 0.993532
71279: 0.993533
71280: 0.993533
71281: 0.993533
71282: 0.993533
71283: 0.993533
71284: 0.993533
71285: 0.993533
71286: 0.993533
71287: 0.993533
71288: 0.993533
71289: 0.993533
71290: 0.993534
71291: 0.993534
71292: 0.993534
71293: 0.993534
71294: 0.993534
71295: 0.993534
71296: 0.993534
71297: 0.993534
71298: 0.993534
71299: 0.993534
71300: 0.993534
71301: 0.993535
71302: 0.993535
71303: 0.993535
71304: 0.993535
71305: 0.993535
71306: 0.993535
71307: 0.993535
71308: 0.993535
71309: 0.993535
71310: 0.993535
71311: 0.993535
71312: 0.993536
71313: 0.993536
71314: 0.993536
71315: 0.993536
71316: 0.993536
71317: 0.993536
71318: 0.993536
71319: 0.993536
71320: 0.993536
71321: 0.993536
71322: 0.993536
71323: 0.993537
71324: 0.993537
71325: 0.993537
71326: 0.993537
71327: 0.993537
71328: 0.993537
71329: 0.993537
71330: 0.993537
71331: 0.993537
71332: 0.993537
71333: 0.993537
71334: 0.993538
71335: 0.993538
71336: 0.993538
71337: 0.993538
71338: 0.993538
71339: 0.993538
71340: 0.993538
71341: 0.993538
71342: 0.993538
71343: 0.993538
71344: 0.993538
71345: 0.993539
71346: 0.993539
71347: 0.993539
71348: 0.993539
71349: 0.993539
71350: 0.993539
71351: 0.993539
71352: 0.993539
71353: 0.993539
71354: 0.993539
71355: 0.993539
71356: 0.99354
71357: 0.99354
71358: 0.99354
71359: 0.99354
71360: 0.99354
71361: 0.99354
71362: 0.99354
71363: 0.99354
71364: 0.99354
71365: 0.99354
71366: 0.99354
71367: 0.993541
71368: 0.993541
71369: 0.993541
71370: 0.993541
71371: 0.993541
71372: 0.993541
71373: 0.993541
71374: 0.993541
71375: 0.993541
71376: 0.993541
71377: 0.993541
71378: 0.993542
71379: 0.993542
71380: 0.993542
71381: 0.993542
71382: 0.993542
71383: 0.993542
71384: 0.993542
71385: 0.993542
71386: 0.993542
71387: 0.993542
71388: 0.993542
71389: 0.993543
71390: 0.993543
71391: 0.993543
71392: 0.993543
71393: 0.993543
71394: 0.993543
71395: 0.993543
71396: 0.993543
71397: 0.993543
71398: 0.993543
71399: 0.993543
71400: 0.993544
71401: 0.993544
71402: 0.993544
71403: 0.993544
71404: 0.993544
71405: 0.993544
71406: 0.993544
71407: 0.993544
71408: 0.993544
71409: 0.993544
71410: 0.993544
71411: 0.993545
71412: 0.993545
71413: 0.993545
71414: 0.993545
71415: 0.993545
71416: 0.993545
71417: 0.993545
71418: 0.993545
71419: 0.993545
71420: 0.993545
71421: 0.993545
71422: 0.993545
71423: 0.993546
71424: 0.993546
71425: 0.993546
71426: 0.993546
71427: 0.993546
71428: 0.993546
71429: 0.993546
71430: 0.993546
71431: 0.993546
71432: 0.993546
71433: 0.993546
71434: 0.993547
71435: 0.993533
71436: 0.993533
71437: 0.993533
71438: 0.993533
71439: 0.993533
71440: 0.993533
71441: 0.993533
71442: 0.993533
71443: 0.993533
71444: 0.993533
71445: 0.993534
71446: 0.993534
71447: 0.993534
71448: 0.993534
71449: 0.993534
71450: 0.993534
71451: 0.993534
71452: 0.993534
71453: 0.993534
71454: 0.993534
71455: 0.99352
71456: 0.993521
71457: 0.993521
71458: 0.993521
71459: 0.993521
71460: 0.993521
71461: 0.993521
71462: 0.993521
71463: 0.993521
71464: 0.993521
71465: 0.993521
71466: 0.993521
71467: 0.993522
71468: 0.993522
71469: 0.993522
71470: 0.993522
71471: 0.993522
71472: 0.993522
71473: 0.993522
71474: 0.993522
71475: 0.993522
71476: 0.993522
71477: 0.993522
71478: 0.993523
71479: 0.993523
71480: 0.993523
71481: 0.993523
71482: 0.993523
71483: 0.993523
71484: 0.993523
71485: 0.993523
71486: 0.993523
71487: 0.993523
71488: 0.993523
71489: 0.993524
71490: 0.993524
71491: 0.993524
71492: 0.993524
71493: 0.993524
71494: 0.993524
71495: 0.993524
71496: 0.993524
71497: 0.993524
71498: 0.993524
71499: 0.993524
71500: 0.993525
71501: 0.993525
71502: 0.993525
71503: 0.993525
71504: 0.993525
71505: 0.993525
71506: 0.993525
71507: 0.993525
71508: 0.993525
71509: 0.993525
71510: 0.993525
71511: 0.993526
71512: 0.993526
71513: 0.993526
71514: 0.993526
71515: 0.993526
71516: 0.993526
71517: 0.993526
71518: 0.993526
71519: 0.993526
71520: 0.993526
71521: 0.993526
71522: 0.993527
71523: 0.993527
71524: 0.993527
71525: 0.993527
71526: 0.993527
71527: 0.993527
71528: 0.993527
71529: 0.993527
71530: 0.993527
71531: 0.993527
71532: 0.993527
71533: 0.993528
71534: 0.993528
71535: 0.993528
71536: 0.993528
71537: 0.993528
71538: 0.993528
71539: 0.993528
71540: 0.993528
71541: 0.993528
71542: 0.993528
71543: 0.993528
71544: 0.993529
71545: 0.993529
71546: 0.993529
71547: 0.993529
71548: 0.993529
71549: 0.993529
71550: 0.993529
71551: 0.993529
71552: 0.993529
71553: 0.993529
71554: 0.993529
71555: 0.99353
71556: 0.99353
71557: 0.99353
71558: 0.99353
71559: 0.99353
71560: 0.99353
71561: 0.99353
71562: 0.99353
71563: 0.99353
71564: 0.99353
71565: 0.99353
71566: 0.993531
71567: 0.993531
71568: 0.993531
71569: 0.993531
71570: 0.993531
71571: 0.993531
71572: 0.993531
71573: 0.993531
71574: 0.993531
71575: 0.993531
71576: 0.993531
71577: 0.993532
71578: 0.993532
71579: 0.993532
71580: 0.993532
71581: 0.993532
71582: 0.993532
71583: 0.993532
71584: 0.993532
71585: 0.993532
71586: 0.993532
71587: 0.993532
71588: 0.993533
71589: 0.993533
71590: 0.993533
71591: 0.993533
71592: 0.993533
71593: 0.993533
71594: 0.993533
71595: 0.993533
71596: 0.993533
71597: 0.993533
71598: 0.993533
71599: 0.993534
71600: 0.993534
71601: 0.993534
71602: 0.993534
71603: 0.993534
71604: 0.993534
71605: 0.993534
71606: 0.993534
71607: 0.993534
71608: 0.993534
71609: 0.993534
71610: 0.993535
71611: 0.993535
71612: 0.993535
71613: 0.993535
71614: 0.993535
71615: 0.993535
71616: 0.993535
71617: 0.993535
71618: 0.993535
71619: 0.993535
71620: 0.993535
71621: 0.993536
71622: 0.993536
71623: 0.993536
71624: 0.993536
71625: 0.993536
71626: 0.993536
71627: 0.993536
71628: 0.993536
71629: 0.993536
71630: 0.993536
71631: 0.993536
71632: 0.993536
71633: 0.993537
71634: 0.993537
71635: 0.993537
71636: 0.993537
71637: 0.993537
71638: 0.993537
71639: 0.993537
71640: 0.993537
71641: 0.993537
71642: 0.993537
71643: 0.993537
71644: 0.993538
71645: 0.993538
71646: 0.993538
71647: 0.993538
71648: 0.993538
71649: 0.993538
71650: 0.993538
71651: 0.993538
71652: 0.993538
71653: 0.993538
71654: 0.993538
71655: 0.993539
71656: 0.993539
71657: 0.993539
71658: 0.993539
71659: 0.993539
71660: 0.993539
71661: 0.993539
71662: 0.993539
71663: 0.993539
71664: 0.993539
71665: 0.993539
71666: 0.99354
71667: 0.99354
71668: 0.99354
71669: 0.99354
71670: 0.99354
71671: 0.99354
71672: 0.99354
71673: 0.99354
71674: 0.99354
71675: 0.99354
71676: 0.99354
71677: 0.993541
71678: 0.993541
71679: 0.993541
71680: 0.993541
71681: 0.993541
71682: 0.993541
71683: 0.993541
71684: 0.993541
71685: 0.993541
71686: 0.993541
71687: 0.993541
71688: 0.993542
71689: 0.993542
71690: 0.993542
71691: 0.993542
71692: 0.993542
71693: 0.993542
71694: 0.993542
71695: 0.993542
71696: 0.993528
71697: 0.993528
71698: 0.993529
71699: 0.993529
71700: 0.993529
71701: 0.993529
71702: 0.993529
71703: 0.993529
71704: 0.993529
71705: 0.993529
71706: 0.993529
71707: 0.993529
71708: 0.993529
71709: 0.993529
71710: 0.99353
71711: 0.99353
71712: 0.99353
71713: 0.99353
71714: 0.99353
71715: 0.99353
71716: 0.99353
71717: 0.99353
71718: 0.99353
71719: 0.99353
71720: 0.99353
71721: 0.993531
71722: 0.993531
71723: 0.993531
71724: 0.993531
71725: 0.993531
71726: 0.993531
71727: 0.993531
71728: 0.993531
71729: 0.993531
71730: 0.993531
71731: 0.993531
71732: 0.993532
71733: 0.993532
71734: 0.993532
71735: 0.993532
71736: 0.993532
71737: 0.993532
71738: 0.993532
71739: 0.993532
71740: 0.993532
71741: 0.993532
71742: 0.993532
71743: 0.993533
71744: 0.993533
71745: 0.993533
71746: 0.993533
71747: 0.993533
71748: 0.993533
71749: 0.993533
71750: 0.993533
71751: 0.993533
71752: 0.993533
71753: 0.993533
71754: 0.993534
71755: 0.993534
71756: 0.993534
71757: 0.993534
71758: 0.993534
71759: 0.993534
71760: 0.993534
71761: 0.993534
71762: 0.993534
71763: 0.993534
71764: 0.993534
71765: 0.993535
71766: 0.993535
71767: 0.993535
71768: 0.993535
71769: 0.993535
71770: 0.993535
71771: 0.993535
71772: 0.993535
71773: 0.993535
71774: 0.993535
71775: 0.993535
71776: 0.993536
71777: 0.993536
71778: 0.993522
71779: 0.993522
71780: 0.993522
71781: 0.993522
71782: 0.993522
71783: 0.993522
71784: 0.993522
71785: 0.993522
71786: 0.993523
71787: 0.993523
71788: 0.993523
71789: 0.993523
71790: 0.993523
71791: 0.993523
71792: 0.993523
71793: 0.993523
71794: 0.993523
71795: 0.993523
71796: 0.993523
71797: 0.993523
71798: 0.993524
71799: 0.993524
71800: 0.993524
71801: 0.993524
71802: 0.993524
71803: 0.993524
71804: 0.993524
71805: 0.993524
71806: 0.993524
71807: 0.993524
71808: 0.993524
71809: 0.993525
71810: 0.993525
71811: 0.993525
71812: 0.993525
71813: 0.993525
71814: 0.993525
71815: 0.993525
71816: 0.993525
71817: 0.993525
71818: 0.993525
71819: 0.993525
71820: 0.993526
71821: 0.993526
71822: 0.993512
71823: 0.993498
71824: 0.993498
71825: 0.993498
71826: 0.993498
71827: 0.993498
71828: 0.993498
71829: 0.993499
71830: 0.993499
71831: 0.993499
71832: 0.993499
71833: 0.993499
71834: 0.993499
71835: 0.993499
71836: 0.993499
71837: 0.993499
71838: 0.993499
71839: 0.993499
71840: 0.9935
71841: 0.9935
71842: 0.9935
71843: 0.9935
71844: 0.9935
71845: 0.9935
71846: 0.9935
71847: 0.9935
71848: 0.9935
71849: 0.9935
71850: 0.9935
71851: 0.993501
71852: 0.993501
71853: 0.993501
71854: 0.993501
71855: 0.993501
71856: 0.993501
71857: 0.993501
71858: 0.993501
71859: 0.993501
71860: 0.993501
71861: 0.993501
71862: 0.993502
71863: 0.993502
71864: 0.993502
71865: 0.993502
71866: 0.993502
71867: 0.993502
71868: 0.993502
71869: 0.993502
71870: 0.993502
71871: 0.993502
71872: 0.993502
71873: 0.993503
71874: 0.993503
71875: 0.993503
71876: 0.993503
71877: 0.993489
71878: 0.993489
71879: 0.993489
71880: 0.993489
71881: 0.993489
71882: 0.993489
71883: 0.99349
71884: 0.99349
71885: 0.99349
71886: 0.99349
71887: 0.99349
71888: 0.99349
71889: 0.99349
71890: 0.99349
71891: 0.99349
71892: 0.99349
71893: 0.99349
71894: 0.993491
71895: 0.993491
71896: 0.993491
71897: 0.993491
71898: 0.993491
71899: 0.993491
71900: 0.993491
71901: 0.993491
71902: 0.993491
71903: 0.993491
71904: 0.993491
71905: 0.993492
71906: 0.993492
71907: 0.993492
71908: 0.993492
71909: 0.993492
71910: 0.993492
71911: 0.993492
71912: 0.993492
71913: 0.993492
71914: 0.993492
71915: 0.993492
71916: 0.993492
71917: 0.993493
71918: 0.993493
71919: 0.993493
71920: 0.993493
71921: 0.993493
71922: 0.993493
71923: 0.993493
71924: 0.993493
71925: 0.993493
71926: 0.993493
71927: 0.993493
71928: 0.993494
71929: 0.993494
71930: 0.993494
71931: 0.993494
71932: 0.993494
71933: 0.993494
71934: 0.993494
71935: 0.993494
71936: 0.993494
71937: 0.993494
71938: 0.993494
71939: 0.993495
71940: 0.993495
71941: 0.993495
71942: 0.993495
71943: 0.993495
71944: 0.993495
71945: 0.993495
71946: 0.993495
71947: 0.993495
71948: 0.993495
71949: 0.993495
71950: 0.993496
71951: 0.993496
71952: 0.993496
71953: 0.993496
71954: 0.993496
71955: 0.993496
71956: 0.993496
71957: 0.993496
71958: 0.993496
71959: 0.993496
71960: 0.993496
71961: 0.993497
71962: 0.993497
71963: 0.993497
71964: 0.993483
71965: 0.993483
71966: 0.993483
71967: 0.993483
71968: 0.993483
71969: 0.993483
71970: 0.993483
71971: 0.993484
71972: 0.993484
71973: 0.993484
71974: 0.993484
71975: 0.993484
71976: 0.993484
71977: 0.993484
71978: 0.993484
71979: 0.993484
71980: 0.993484
71981: 0.993484
71982: 0.993485
71983: 0.993485
71984: 0.993485
71985: 0.993485
71986: 0.993485
71987: 0.993485
71988: 0.993485
71989: 0.993485
71990: 0.993485
71991: 0.993485
71992: 0.993485
71993: 0.993486
71994: 0.993486
71995: 0.993486
71996: 0.993486
71997: 0.993486
71998: 0.993486
71999: 0.993486
72000: 0.993486
72001: 0.993486
72002: 0.993486
72003: 0.993486
72004: 0.993487
72005: 0.993487
72006: 0.993487
72007: 0.993487
72008: 0.993487
72009: 0.993487
72010: 0.993487
72011: 0.993487
72012: 0.993487
72013: 0.993487
72014: 0.993487
72015: 0.993488
72016: 0.993488
72017: 0.993488
72018: 0.993488
72019: 0.993488
72020: 0.993474
72021: 0.993474
72022: 0.993474
72023: 0.993474
72024: 0.993474
72025: 0.993475
72026: 0.993475
72027: 0.993475
72028: 0.993475
72029: 0.993475
72030: 0.993475
72031: 0.993475
72032: 0.993475
72033: 0.993475
72034: 0.993475
72035: 0.993475
72036: 0.993476
72037: 0.993476
72038: 0.993476
72039: 0.993476
72040: 0.993476
72041: 0.993476
72042: 0.993476
72043: 0.993476
72044: 0.993476
72045: 0.993476
72046: 0.993476
72047: 0.993477
72048: 0.993477
72049: 0.993477
72050: 0.993477
72051: 0.993477
72052: 0.993477
72053: 0.993477
72054: 0.993477
72055: 0.993477
72056: 0.993477
72057: 0.993477
72058: 0.993478
72059: 0.993478
72060: 0.993478
72061: 0.993478
72062: 0.993478
72063: 0.993478
72064: 0.993478
72065: 0.993478
72066: 0.993478
72067: 0.993478
72068: 0.993465
72069: 0.993465
72070: 0.993465
72071: 0.993465
72072: 0.993465
72073: 0.993465
72074: 0.993465
72075: 0.993465
72076: 0.993465
72077: 0.993465
72078: 0.993466
72079: 0.993466
72080: 0.993466
72081: 0.993466
72082: 0.993466
72083: 0.993466
72084: 0.993466
72085: 0.993466
72086: 0.993466
72087: 0.993466
72088: 0.993466
72089: 0.993467
72090: 0.993467
72091: 0.993467
72092: 0.993467
72093: 0.993467
72094: 0.993467
72095: 0.993467
72096: 0.993467
72097: 0.993467
72098: 0.993467
72099: 0.993467
72100: 0.993467
72101: 0.993468
72102: 0.993468
72103: 0.993468
72104: 0.993468
72105: 0.993468
72106: 0.993468
72107: 0.993468
72108: 0.993468
72109: 0.993468
72110: 0.993468
72111: 0.993468
72112: 0.993469
72113: 0.993469
72114: 0.993469
72115: 0.993469
72116: 0.993469
72117: 0.993469
72118: 0.993469
72119: 0.993469
72120: 0.993469
72121: 0.993469
72122: 0.993469
72123: 0.99347
72124: 0.99347
72125: 0.99347
72126: 0.99347
72127: 0.99347
72128: 0.99347
72129: 0.99347
72130: 0.99347
72131: 0.99347
72132: 0.99347
72133: 0.99347
72134: 0.993471
72135: 0.993471
72136: 0.993471
72137: 0.993471
72138: 0.993471
72139: 0.993471
72140: 0.993471
72141: 0.993471
72142: 0.993471
72143: 0.993471
72144: 0.993471
72145: 0.993472
72146: 0.993472
72147: 0.993472
72148: 0.993472
72149: 0.993472
72150: 0.993472
72151: 0.993472
72152: 0.993472
72153: 0.993472
72154: 0.993472
72155: 0.993472
72156: 0.993473
72157: 0.993473
72158: 0.993473
72159: 0.993473
72160: 0.993473
72161: 0.993473
72162: 0.993473
72163: 0.993473
72164: 0.993473
72165: 0.993473
72166: 0.993473
72167: 0.993474
72168: 0.993474
72169: 0.993474
72170: 0.993474
72171: 0.993474
72172: 0.993474
72173: 0.993474
72174: 0.993474
72175: 0.993474
72176: 0.993474
72177: 0.993474
72178: 0.993475
72179: 0.993475
72180: 0.993475
72181: 0.993475
72182: 0.993475
72183: 0.993475
72184: 0.993475
72185: 0.993475
72186: 0.993475
72187: 0.993475
72188: 0.993475
72189: 0.993476
72190: 0.993476
72191: 0.993476
72192: 0.993476
72193: 0.993476
72194: 0.993476
72195: 0.993476
72196: 0.993476
72197: 0.993476
72198: 0.993476
72199: 0.993476
72200: 0.993477
72201: 0.993477
72202: 0.993477
72203: 0.993477
72204: 0.993477
72205: 0.993477
72206: 0.993477
72207: 0.993477
72208: 0.993477
72209: 0.993477
72210: 0.993477
72211: 0.993478
72212: 0.993478
72213: 0.993478
72214: 0.993478
72215: 0.993478
72216: 0.993478
72217: 0.993478
72218: 0.993478
72219: 0.993478
72220: 0.993478
72221: 0.993478
72222: 0.993479
72223: 0.993479
72224: 0.993479
72225: 0.993479
72226: 0.993479
72227: 0.993479
72228: 0.993479
72229: 0.993479
72230: 0.993479
72231: 0.993479
72232: 0.993479
72233: 0.99348
72234: 0.99348
72235: 0.99348
72236: 0.99348
72237: 0.99348
72238: 0.99348
72239: 0.99348
72240: 0.99348
72241: 0.99348
72242: 0.99348
72243: 0.99348
72244: 0.993481
72245: 0.993481
72246: 0.993481
72247: 0.993481
72248: 0.993481
72249: 0.993481
72250: 0.993481
72251: 0.993481
72252: 0.993481
72253: 0.993481
72254: 0.993481
72255: 0.993482
72256: 0.993482
72257: 0.993482
72258: 0.993482
72259: 0.993482
72260: 0.993482
72261: 0.993482
72262: 0.993482
72263: 0.993482
72264: 0.993482
72265: 0.993482
72266: 0.993483
72267: 0.993483
72268: 0.993483
72269: 0.993483
72270: 0.993483
72271: 0.993483
72272: 0.993483
72273: 0.993483
72274: 0.993483
72275: 0.993483
72276: 0.993483
72277: 0.993483
72278: 0.993484
72279: 0.993484
72280: 0.993484
72281: 0.993484
72282: 0.993484
72283: 0.993484
72284: 0.993484
72285: 0.993484
72286: 0.993484
72287: 0.993484
72288: 0.993484
72289: 0.993485
72290: 0.993485
72291: 0.993485
72292: 0.993485
72293: 0.993485
72294: 0.993485
72295: 0.993485
72296: 0.993485
72297: 0.993485
72298: 0.993485
72299: 0.993485
72300: 0.993486
72301: 0.993486
72302: 0.993486
72303: 0.993486
72304: 0.993486
72305: 0.993486
72306: 0.993486
72307: 0.993486
72308: 0.993486
72309: 0.993486
72310: 0.993486
72311: 0.993487
72312: 0.993487
72313: 0.993487
72314: 0.993487
72315: 0.993487
72316: 0.993487
72317: 0.993487
72318: 0.993487
72319: 0.993487
72320: 0.993487
72321: 0.993487
72322: 0.993488
72323: 0.993488
72324: 0.993488
72325: 0.993488
72326: 0.993488
72327: 0.993488
72328: 0.993488
72329: 0.993488
72330: 0.993488
72331: 0.993488
72332: 0.993488
72333: 0.993489
72334: 0.993489
72335: 0.993489
72336: 0.993489
72337: 0.993489
72338: 0.993489
72339: 0.993489
72340: 0.993489
72341: 0.993489
72342: 0.993489
72343: 0.993489
72344: 0.99349
72345: 0.99349
72346: 0.99349
72347: 0.99349
72348: 0.99349
72349: 0.99349
72350: 0.99349
72351: 0.99349
72352: 0.99349
72353: 0.99349
72354: 0.99349
72355: 0.993491
72356: 0.993491
72357: 0.993491
72358: 0.993491
72359: 0.993491
72360: 0.993491
72361: 0.993491
72362: 0.993491
72363: 0.993491
72364: 0.993491
72365: 0.993491
72366: 0.993492
72367: 0.993492
72368: 0.993492
72369: 0.993492
72370: 0.993492
72371: 0.993492
72372: 0.993492
72373: 0.993492
72374: 0.993492
72375: 0.993492
72376: 0.993492
72377: 0.993492
72378: 0.993493
72379: 0.993493
72380: 0.993493
72381: 0.993493
72382: 0.993493
72383: 0.993493
72384: 0.993493
72385: 0.993493
72386: 0.993493
72387: 0.993493
72388: 0.993493
72389: 0.993494
72390: 0.993494
72391: 0.993494
72392: 0.993494
72393: 0.993494
72394: 0.993494
72395: 0.993494
72396: 0.993494
72397: 0.993494
72398: 0.993494
72399: 0.993494
72400: 0.993495
72401: 0.993495
72402: 0.993495
72403: 0.993495
72404: 0.993495
72405: 0.993495
72406: 0.993495
72407: 0.993495
72408: 0.993495
72409: 0.993495
72410: 0.993495
72411: 0.993496
72412: 0.993496
72413: 0.993496
72414: 0.993496
72415: 0.993496
72416: 0.993496
72417: 0.993496
72418: 0.993496
72419: 0.993496
72420: 0.993496
72421: 0.993496
72422: 0.993497
72423: 0.993497
72424: 0.993497
72425: 0.993497
72426: 0.993497
72427: 0.993497
72428: 0.993497
72429: 0.993497
72430: 0.993497
72431: 0.993497
72432: 0.993497
72433: 0.993498
72434: 0.993498
72435: 0.993498
72436: 0.993498
72437: 0.993498
72438: 0.993498
72439: 0.993498
72440: 0.993498
72441: 0.993498
72442: 0.993498
72443: 0.993498
72444: 0.993499
72445: 0.993499
72446: 0.993499
72447: 0.993499
72448: 0.993499
72449: 0.993499
72450: 0.993499
72451: 0.993499
72452: 0.993499
72453: 0.993499
72454: 0.993499
72455: 0.9935
72456: 0.9935
72457: 0.9935
72458: 0.9935
72459: 0.9935
72460: 0.9935
72461: 0.9935
72462: 0.9935
72463: 0.9935
72464: 0.9935
72465: 0.9935
72466: 0.9935
72467: 0.993501
72468: 0.993501
72469: 0.993501
72470: 0.993501
72471: 0.993501
72472: 0.993501
72473: 0.993501
72474: 0.993501
72475: 0.993501
72476: 0.993501
72477: 0.993501
72478: 0.993502
72479: 0.993502
72480: 0.993502
72481: 0.993502
72482: 0.993502
72483: 0.993502
72484: 0.993502
72485: 0.993502
72486: 0.993502
72487: 0.993502
72488: 0.993502
72489: 0.993503
72490: 0.993503
72491: 0.993503
72492: 0.993503
72493: 0.993503
72494: 0.993503
72495: 0.993503
72496: 0.993503
72497: 0.993503
72498: 0.993503
72499: 0.993503
72500: 0.993504
72501: 0.993504
72502: 0.993504
72503: 0.993504
72504: 0.993504
72505: 0.993504
72506: 0.993504
72507: 0.993504
72508: 0.993504
72509: 0.993504
72510: 0.993504
72511: 0.993505
72512: 0.993505
72513: 0.993505
72514: 0.993505
72515: 0.993505
72516: 0.993505
72517: 0.993505
72518: 0.993505
72519: 0.993505
72520: 0.993505
72521: 0.993505
72522: 0.993506
72523: 0.993506
72524: 0.993506
72525: 0.993506
72526: 0.993506
72527: 0.993506
72528: 0.993506
72529: 0.993506
72530: 0.993506
72531: 0.993506
72532: 0.993506
72533: 0.993506
72534: 0.993507
72535: 0.993507
72536: 0.993507
72537: 0.993507
72538: 0.993507
72539: 0.993507
72540: 0.993507
72541: 0.993507
72542: 0.993507
72543: 0.993507
72544: 0.993507
72545: 0.993508
72546: 0.993508
72547: 0.993508
72548: 0.993508
72549: 0.993508
72550: 0.993508
72551: 0.993508
72552: 0.993508
72553: 0.993508
72554: 0.993508
72555: 0.993508
72556: 0.993509
72557: 0.993509
72558: 0.993509
72559: 0.993509
72560: 0.993509
72561: 0.993509
72562: 0.993509
72563: 0.993509
72564: 0.993509
72565: 0.993509
72566: 0.993509
72567: 0.99351
72568: 0.99351
72569: 0.99351
72570: 0.99351
72571: 0.99351
72572: 0.99351
72573: 0.99351
72574: 0.99351
72575: 0.99351
72576: 0.99351
72577: 0.99351
72578: 0.993511
72579: 0.993511
72580: 0.993511
72581: 0.993511
72582: 0.993511
72583: 0.993511
72584: 0.993511
72585: 0.993511
72586: 0.993511
72587: 0.993511
72588: 0.993511
72589: 0.993512
72590: 0.993512
72591: 0.993512
72592: 0.993512
72593: 0.993512
72594: 0.993512
72595: 0.993512
72596: 0.993512
72597: 0.993512
72598: 0.993512
72599: 0.993512
72600: 0.993512
72601: 0.993513
72602: 0.993513
72603: 0.993513
72604: 0.993513
72605: 0.993513
72606: 0.993513
72607: 0.993513
72608: 0.993513
72609: 0.993513
72610: 0.993513
72611: 0.993513
72612: 0.993514
72613: 0.993514
72614: 0.993514
72615: 0.993514
72616: 0.993514
72617: 0.993514
72618: 0.993514
72619: 0.993514
72620: 0.993514
72621: 0.993514
72622: 0.993514
72623: 0.993515
72624: 0.993515
72625: 0.993515
72626: 0.993515
72627: 0.993515
72628: 0.993515
72629: 0.993515
72630: 0.993515
72631: 0.993515
72632: 0.993515
72633: 0.993515
72634: 0.993516
72635: 0.993516
72636: 0.993516
72637: 0.993516
72638: 0.993516
72639: 0.993516
72640: 0.993516
72641: 0.993516
72642: 0.993516
72643: 0.993516
72644: 0.993516
72645: 0.993517
72646: 0.993517
72647: 0.993517
72648: 0.993517
72649: 0.993517
72650: 0.993517
72651: 0.993517
72652: 0.993517
72653: 0.993517
72654: 0.993517
72655: 0.993517
72656: 0.993517
72657: 0.993518
72658: 0.993518
72659: 0.993518
72660: 0.993518
72661: 0.993518
72662: 0.993518
72663: 0.993518
72664: 0.993518
72665: 0.993518
72666: 0.993518
72667: 0.993518
72668: 0.993519
72669: 0.993519
72670: 0.993519
72671: 0.993519
72672: 0.993519
72673: 0.993519
72674: 0.993519
72675: 0.993519
72676: 0.993519
72677: 0.993519
72678: 0.993519
72679: 0.99352
72680: 0.99352
72681: 0.99352
72682: 0.99352
72683: 0.99352
72684: 0.99352
72685: 0.99352
72686: 0.99352
72687: 0.99352
72688: 0.99352
72689: 0.99352
72690: 0.993521
72691: 0.993521
72692: 0.993521
72693: 0.993521
72694: 0.993521
72695: 0.993521
72696: 0.993521
72697: 0.993521
72698: 0.993521
72699: 0.993521
72700: 0.993521
72701: 0.993521
72702: 0.993522
72703: 0.993522
72704: 0.993522
72705: 0.993522
72706: 0.993522
72707: 0.993522
72708: 0.993522
72709: 0.993522
72710: 0.993522
72711: 0.993522
72712: 0.993522
72713: 0.993523
72714: 0.993523
72715: 0.993523
72716: 0.993523
72717: 0.993523
72718: 0.993523
72719: 0.993523
72720: 0.993523
72721: 0.993523
72722: 0.993523
72723: 0.993523
72724: 0.993524
72725: 0.993524
72726: 0.993524
72727: 0.993524
72728: 0.993524
72729: 0.993524
72730: 0.993524
72731: 0.993524
72732: 0.993524
72733: 0.993524
72734: 0.993524
72735: 0.993525
72736: 0.993525
72737: 0.993525
72738: 0.993525
72739: 0.993525
72740: 0.993525
72741: 0.993525
72742: 0.993525
72743: 0.993525
72744: 0.993525
72745: 0.993525
72746: 0.993526
72747: 0.993526
72748: 0.993526
72749: 0.993526
72750: 0.993526
72751: 0.993526
72752: 0.993526
72753: 0.993526
72754: 0.993526
72755: 0.993526
72756: 0.993526
72757: 0.993526
72758: 0.993527
72759: 0.993527
72760: 0.993527
72761: 0.993527
72762: 0.993527
72763: 0.993527
72764: 0.993527
72765: 0.993527
72766: 0.993527
72767: 0.993527
72768: 0.993527
72769: 0.993528
72770: 0.993528
72771: 0.993528
72772: 0.993528
72773: 0.993528
72774: 0.993528
72775: 0.993528
72776: 0.993528
72777: 0.993528
72778: 0.993528
72779: 0.993528
72780: 0.993529
72781: 0.993529
72782: 0.993529
72783: 0.993529
72784: 0.993529
72785: 0.993529
72786: 0.993529
72787: 0.993529
72788: 0.993529
72789: 0.993529
72790: 0.993529
72791: 0.99353
72792: 0.99353
72793: 0.99353
72794: 0.99353
72795: 0.99353
72796: 0.99353
72797: 0.99353
72798: 0.99353
72799: 0.99353
72800: 0.99353
72801: 0.99353
72802: 0.99353
72803: 0.993531
72804: 0.993531
72805: 0.993531
72806: 0.993531
72807: 0.993531
72808: 0.993531
72809: 0.993531
72810: 0.993531
72811: 0.993531
72812: 0.993531
72813: 0.993531
72814: 0.993532
72815: 0.993532
72816: 0.993532
72817: 0.993532
72818: 0.993532
72819: 0.993532
72820: 0.993532
72821: 0.993532
72822: 0.993532
72823: 0.993532
72824: 0.993532
72825: 0.993533
72826: 0.993533
72827: 0.993533
72828: 0.993533
72829: 0.993533
72830: 0.993533
72831: 0.993533
72832: 0.993533
72833: 0.993533
72834: 0.993533
72835: 0.993533
72836: 0.993534
72837: 0.993534
72838: 0.993534
72839: 0.993534
72840: 0.993534
72841: 0.993534
72842: 0.993534
72843: 0.993534
72844: 0.993534
72845: 0.993534
72846: 0.993534
72847: 0.993534
72848: 0.993535
72849: 0.993535
72850: 0.993535
72851: 0.993535
72852: 0.993535
72853: 0.993535
72854: 0.993535
72855: 0.993535
72856: 0.993535
72857: 0.993535
72858: 0.993535
72859: 0.993536
72860: 0.993536
72861: 0.993536
72862: 0.993536
72863: 0.993536
72864: 0.993536
72865: 0.993536
72866: 0.993536
72867: 0.993536
72868: 0.993536
72869: 0.993536
72870: 0.993537
72871: 0.993537
72872: 0.993537
72873: 0.993537
72874: 0.993537
72875: 0.993537
72876: 0.993537
72877: 0.993537
72878: 0.993537
72879: 0.993537
72880: 0.993537
72881: 0.993537
72882: 0.993538
72883: 0.993538
72884: 0.993538
72885: 0.993538
72886: 0.993538
72887: 0.993538
72888: 0.993538
72889: 0.993538
72890: 0.993538
72891: 0.993538
72892: 0.993538
72893: 0.993539
72894: 0.993539
72895: 0.993539
72896: 0.993539
72897: 0.993539
72898: 0.993539
72899: 0.993539
72900: 0.993539
72901: 0.993539
72902: 0.993539
72903: 0.993539
72904: 0.99354
72905: 0.99354
72906: 0.99354
72907: 0.99354
72908: 0.99354
72909: 0.99354
72910: 0.99354
72911: 0.99354
72912: 0.99354
72913: 0.99354
72914: 0.99354
72915: 0.993541
72916: 0.993541
72917: 0.993541
72918: 0.993541
72919: 0.993541
72920: 0.993541
72921: 0.993541
72922: 0.993541
72923: 0.993541
72924: 0.993541
72925: 0.993541
72926: 0.993541
72927: 0.993542
72928: 0.993528
72929: 0.993528
72930: 0.993528
72931: 0.993528
72932: 0.993528
72933: 0.993528
72934: 0.993528
72935: 0.993529
72936: 0.993529
72937: 0.993529
72938: 0.993529
72939: 0.993529
72940: 0.993529
72941: 0.993529
72942: 0.993529
72943: 0.993529
72944: 0.993529
72945: 0.993529
72946: 0.99353
72947: 0.99353
72948: 0.99353
72949: 0.99353
72950: 0.99353
72951: 0.99353
72952: 0.99353
72953: 0.99353
72954: 0.99353
72955: 0.99353
72956: 0.99353
72957: 0.993531
72958: 0.993531
72959: 0.993531
72960: 0.993531
72961: 0.993531
72962: 0.993531
72963: 0.993531
72964: 0.993531
72965: 0.993531
72966: 0.993531
72967: 0.993531
72968: 0.993531
72969: 0.993532
72970: 0.993532
72971: 0.993532
72972: 0.993532
72973: 0.993532
72974: 0.993532
72975: 0.993532
72976: 0.993532
72977: 0.993532
72978: 0.993532
72979: 0.993532
72980: 0.993533
72981: 0.993533
72982: 0.993533
72983: 0.993533
72984: 0.993533
72985: 0.993533
72986: 0.993533
72987: 0.993533
72988: 0.993533
72989: 0.993533
72990: 0.993533
72991: 0.993534
72992: 0.993534
72993: 0.993534
72994: 0.993534
72995: 0.993534
72996: 0.993534
72997: 0.99352
72998: 0.99352
72999: 0.993521
73000: 0.993521
73001: 0.993521
73002: 0.993521
73003: 0.993521
73004: 0.993521
73005: 0.993507
73006: 0.993507
73007: 0.993508
73008: 0.993508
73009: 0.993508
73010: 0.993508
73011: 0.993508
73012: 0.993508
73013: 0.993508
73014: 0.993508
73015: 0.993508
73016: 0.993508
73017: 0.993508
73018: 0.993509
73019: 0.993509
73020: 0.993509
73021: 0.993509
73022: 0.993509
73023: 0.993509
73024: 0.993509
73025: 0.993509
73026: 0.993509
73027: 0.993509
73028: 0.993509
73029: 0.99351
73030: 0.99351
73031: 0.99351
73032: 0.99351
73033: 0.99351
73034: 0.99351
73035: 0.99351
73036: 0.99351
73037: 0.99351
73038: 0.99351
73039: 0.99351
73040: 0.99351
73041: 0.993511
73042: 0.993511
73043: 0.993511
73044: 0.993511
73045: 0.993511
73046: 0.993511
73047: 0.993511
73048: 0.993511
73049: 0.993511
73050: 0.993511
73051: 0.993511
73052: 0.993512
73053: 0.993512
73054: 0.993512
73055: 0.993512
73056: 0.993512
73057: 0.993512
73058: 0.993512
73059: 0.993512
73060: 0.993512
73061: 0.993512
73062: 0.993512
73063: 0.993513
73064: 0.993513
73065: 0.993513
73066: 0.993513
73067: 0.993513
73068: 0.993513
73069: 0.993513
73070: 0.993513
73071: 0.993513
73072: 0.993513
73073: 0.993513
73074: 0.993514
73075: 0.993514
73076: 0.993514
73077: 0.993514
73078: 0.993514
73079: 0.993514
73080: 0.993514
73081: 0.993514
73082: 0.993514
73083: 0.993514
73084: 0.993514
73085: 0.993514
73086: 0.993515
73087: 0.993515
73088: 0.993515
73089: 0.993515
73090: 0.993515
73091: 0.993515
73092: 0.993515
73093: 0.993515
73094: 0.993515
73095: 0.993515
73096: 0.993515
73097: 0.993516
73098: 0.993516
73099: 0.993516
73100: 0.993516
73101: 0.993516
73102: 0.993516
73103: 0.993516
73104: 0.993516
73105: 0.993516
73106: 0.993516
73107: 0.993516
73108: 0.993517
73109: 0.993517
73110: 0.993517
73111: 0.993517
73112: 0.993517
73113: 0.993517
73114: 0.993517
73115: 0.993517
73116: 0.993517
73117: 0.993517
73118: 0.993517
73119: 0.993518
73120: 0.993518
73121: 0.993518
73122: 0.993518
73123: 0.993518
73124: 0.993518
73125: 0.993518
73126: 0.993518
73127: 0.993518
73128: 0.993518
73129: 0.993518
73130: 0.993518
73131: 0.993519
73132: 0.993519
73133: 0.993519
73134: 0.993519
73135: 0.993519
73136: 0.993519
73137: 0.993519
73138: 0.993519
73139: 0.993519
73140: 0.993519
73141: 0.993519
73142: 0.99352
73143: 0.99352
73144: 0.99352
73145: 0.99352
73146: 0.99352
73147: 0.99352
73148: 0.99352
73149: 0.99352
73150: 0.99352
73151: 0.99352
73152: 0.99352
73153: 0.993521
73154: 0.993521
73155: 0.993521
73156: 0.993521
73157: 0.993521
73158: 0.993521
73159: 0.993521
73160: 0.993521
73161: 0.993521
73162: 0.993521
73163: 0.993521
73164: 0.993521
73165: 0.993522
73166: 0.993522
73167: 0.993522
73168: 0.993522
73169: 0.993522
73170: 0.993522
73171: 0.993522
73172: 0.993522
73173: 0.993522
73174: 0.993522
73175: 0.993522
73176: 0.993523
73177: 0.993523
73178: 0.993523
73179: 0.993523
73180: 0.993523
73181: 0.993523
73182: 0.993523
73183: 0.993523
73184: 0.993523
73185: 0.993523
73186: 0.993523
73187: 0.993524
73188: 0.993524
73189: 0.993524
73190: 0.993524
73191: 0.993524
73192: 0.993524
73193: 0.993524
73194: 0.993524
73195: 0.993524
73196: 0.993524
73197: 0.993524
73198: 0.993525
73199: 0.993525
73200: 0.993525
73201: 0.993525
73202: 0.993525
73203: 0.993525
73204: 0.993525
73205: 0.993525
73206: 0.993525
73207: 0.993525
73208: 0.993525
73209: 0.993525
73210: 0.993526
73211: 0.993526
73212: 0.993526
73213: 0.993526
73214: 0.993526
73215: 0.993526
73216: 0.993526
73217: 0.993526
73218: 0.993526
73219: 0.993526
73220: 0.993526
73221: 0.993527
73222: 0.993527
73223: 0.993527
73224: 0.993527
73225: 0.993527
73226: 0.993527
73227: 0.993527
73228: 0.993527
73229: 0.993527
73230: 0.993527
73231: 0.993527
73232: 0.993528
73233: 0.993528
73234: 0.993528
73235: 0.993528
73236: 0.993528
73237: 0.993528
73238: 0.993528
73239: 0.993528
73240: 0.993528
73241: 0.993528
73242: 0.993528
73243: 0.993528
73244: 0.993529
73245: 0.993529
73246: 0.993529
73247: 0.993529
73248: 0.993529
73249: 0.993529
73250: 0.993529
73251: 0.993529
73252: 0.993529
73253: 0.993529
73254: 0.993529
73255: 0.99353
73256: 0.99353
73257: 0.99353
73258: 0.99353
73259: 0.99353
73260: 0.99353
73261: 0.99353
73262: 0.99353
73263: 0.99353
73264: 0.99353
73265: 0.99353
73266: 0.993531
73267: 0.993531
73268: 0.993531
73269: 0.993531
73270: 0.993531
73271: 0.993531
73272: 0.993531
73273: 0.993531
73274: 0.993531
73275: 0.993531
73276: 0.993531
73277: 0.993531
73278: 0.993532
73279: 0.993532
73280: 0.993532
73281: 0.993532
73282: 0.993532
73283: 0.993532
73284: 0.993532
73285: 0.993532
73286: 0.993532
73287: 0.993532
73288: 0.993532
73289: 0.993533
73290: 0.993533
73291: 0.993533
73292: 0.993533
73293: 0.993533
73294: 0.993533
73295: 0.993533
73296: 0.993533
73297: 0.993533
73298: 0.993533
73299: 0.993533
73300: 0.993534
73301: 0.993534
73302: 0.993534
73303: 0.993534
73304: 0.993534
73305: 0.993534
73306: 0.993534
73307: 0.993534
73308: 0.993534
73309: 0.993534
73310: 0.993534
73311: 0.993534
73312: 0.993535
73313: 0.993535
73314: 0.993535
73315: 0.993535
73316: 0.993535
73317: 0.993535
73318: 0.993535
73319: 0.993535
73320: 0.993535
73321: 0.993535
73322: 0.993535
73323: 0.993536
73324: 0.993536
73325: 0.993536
73326: 0.993536
73327: 0.993536
73328: 0.993536
73329: 0.993536
73330: 0.993536
73331: 0.993536
73332: 0.993536
73333: 0.993536
73334: 0.993537
73335: 0.993537
73336: 0.993537
73337: 0.993537
73338: 0.993537
73339: 0.993537
73340: 0.993537
73341: 0.993537
73342: 0.993537
73343: 0.993537
73344: 0.993537
73345: 0.993537
73346: 0.993538
73347: 0.993538
73348: 0.993538
73349: 0.993538
73350: 0.993538
73351: 0.993538
73352: 0.993538
73353: 0.993538
73354: 0.993538
73355: 0.993538
73356: 0.993538
73357: 0.993539
73358: 0.993539
73359: 0.993539
73360: 0.993539
73361: 0.993539
73362: 0.993539
73363: 0.993539
73364: 0.993539
73365: 0.993539
73366: 0.993539
73367: 0.993539
73368: 0.99354
73369: 0.99354
73370: 0.99354
73371: 0.99354
73372: 0.99354
73373: 0.99354
73374: 0.99354
73375: 0.99354
73376: 0.99354
73377: 0.99354
73378: 0.99354
73379: 0.99354
73380: 0.993541
73381: 0.993541
73382: 0.993541
73383: 0.993541
73384: 0.993541
73385: 0.993541
73386: 0.993541
73387: 0.993541
73388: 0.993541
73389: 0.993541
73390: 0.993541
73391: 0.993542
73392: 0.993542
73393: 0.993542
73394: 0.993542
73395: 0.993542
73396: 0.993542
73397: 0.993542
73398: 0.993542
73399: 0.993542
73400: 0.993542
73401: 0.993542
73402: 0.993542
73403: 0.993543
73404: 0.993543
73405: 0.993543
73406: 0.993543
73407: 0.993543
73408: 0.993543
73409: 0.993543
73410: 0.993543
73411: 0.993543
73412: 0.993543
73413: 0.993543
73414: 0.993544
73415: 0.993544
73416: 0.993544
73417: 0.993544
73418: 0.993544
73419: 0.993544
73420: 0.993544
73421: 0.993544
73422: 0.993544
73423: 0.993544
73424: 0.993544
73425: 0.993545
73426: 0.993545
73427: 0.993545
73428: 0.993545
73429: 0.993545
73430: 0.993545
73431: 0.993545
73432: 0.993545
73433: 0.993545
73434: 0.993545
73435: 0.993545
73436: 0.993545
73437: 0.993546
73438: 0.993546
73439: 0.993546
73440: 0.993546
73441: 0.993546
73442: 0.993546
73443: 0.993546
73444: 0.993546
73445: 0.993546
73446: 0.993546
73447: 0.993546
73448: 0.993547
73449: 0.993547
73450: 0.993547
73451: 0.993547
73452: 0.993547
73453: 0.993547
73454: 0.993547
73455: 0.993547
73456: 0.993547
73457: 0.993547
73458: 0.993547
73459: 0.993548
73460: 0.993548
73461: 0.993548
73462: 0.993548
73463: 0.993548
73464: 0.993548
73465: 0.993548
73466: 0.993548
73467: 0.993548
73468: 0.993548
73469: 0.993548
73470: 0.993548
73471: 0.993549
73472: 0.993549
73473: 0.993549
73474: 0.993549
73475: 0.993549
73476: 0.993549
73477: 0.993549
73478: 0.993549
73479: 0.993549
73480: 0.993549
73481: 0.993549
73482: 0.99355
73483: 0.99355
73484: 0.99355
73485: 0.99355
73486: 0.99355
73487: 0.99355
73488: 0.99355
73489: 0.99355
73490: 0.99355
73491: 0.99355
73492: 0.99355
73493: 0.99355
73494: 0.993551
73495: 0.993551
73496: 0.993551
73497: 0.993551
73498: 0.993551
73499: 0.993551
73500: 0.993551
73501: 0.993551
73502: 0.993551
73503: 0.993551
73504: 0.993551
73505: 0.993552
73506: 0.993552
73507: 0.993552
73508: 0.993552
73509: 0.993552
73510: 0.993552
73511: 0.993552
73512: 0.993552
73513: 0.993552
73514: 0.993552
73515: 0.993552
73516: 0.993553
73517: 0.993553
73518: 0.993553
73519: 0.993553
73520: 0.993553
73521: 0.993553
73522: 0.993553
73523: 0.993553
73524: 0.993553
73525: 0.993553
73526: 0.993553
73527: 0.993553
73528: 0.993554
73529: 0.993554
73530: 0.993554
73531: 0.993554
73532: 0.993554
73533: 0.993554
73534: 0.993554
73535: 0.993554
73536: 0.993554
73537: 0.993554
73538: 0.993554
73539: 0.993555
73540: 0.993555
73541: 0.993555
73542: 0.993555
73543: 0.993555
73544: 0.993555
73545: 0.993555
73546: 0.993555
73547: 0.993555
73548: 0.993555
73549: 0.993555
73550: 0.993555
73551: 0.993556
73552: 0.993556
73553: 0.993556
73554: 0.993556
73555: 0.993556
73556: 0.993556
73557: 0.993556
73558: 0.993556
73559: 0.993556
73560: 0.993556
73561: 0.993556
73562: 0.993557
73563: 0.993557
73564: 0.993557
73565: 0.993557
73566: 0.993557
73567: 0.993557
73568: 0.993557
73569: 0.993557
73570: 0.993557
73571: 0.993557
73572: 0.993557
73573: 0.993558
73574: 0.993558
73575: 0.993558
73576: 0.993558
73577: 0.993558
73578: 0.993558
73579: 0.993558
73580: 0.993558
73581: 0.993558
73582: 0.993558
73583: 0.993558
73584: 0.993558
73585: 0.993559
73586: 0.993559
73587: 0.993559
73588: 0.993559
73589: 0.993559
73590: 0.993559
73591: 0.993559
73592: 0.993559
73593: 0.993559
73594: 0.993559
73595: 0.993559
73596: 0.99356
73597: 0.99356
73598: 0.99356
73599: 0.99356
73600: 0.99356
73601: 0.99356
73602: 0.99356
73603: 0.99356
73604: 0.99356
73605: 0.99356
73606: 0.99356
73607: 0.99356
73608: 0.993561
73609: 0.993561
73610: 0.993561
73611: 0.993561
73612: 0.993561
73613: 0.993561
73614: 0.993561
73615: 0.993561
73616: 0.993561
73617: 0.993561
73618: 0.993561
73619: 0.993562
73620: 0.993562
73621: 0.993562
73622: 0.993562
73623: 0.993562
73624: 0.993562
73625: 0.993562
73626: 0.993562
73627: 0.993562
73628: 0.993562
73629: 0.993562
73630: 0.993562
73631: 0.993563
73632: 0.993563
73633: 0.993563
73634: 0.993563
73635: 0.993563
73636: 0.993563
73637: 0.993563
73638: 0.993563
73639: 0.993563
73640: 0.993563
73641: 0.993563
73642: 0.993564
73643: 0.993564
73644: 0.993564
73645: 0.993564
73646: 0.993564
73647: 0.993564
73648: 0.993564
73649: 0.993564
73650: 0.993564
73651: 0.993564
73652: 0.993564
73653: 0.993565
73654: 0.993565
73655: 0.993565
73656: 0.993565
73657: 0.993565
73658: 0.993565
73659: 0.993565
73660: 0.993565
73661: 0.993565
73662: 0.993565
73663: 0.993565
73664: 0.993565
73665: 0.993566
73666: 0.993566
73667: 0.993566
73668: 0.993566
73669: 0.993566
73670: 0.993566
73671: 0.993566
73672: 0.993566
73673: 0.993566
73674: 0.993566
73675: 0.993566
73676: 0.993567
73677: 0.993567
73678: 0.993567
73679: 0.993567
73680: 0.993567
73681: 0.993567
73682: 0.993567
73683: 0.993567
73684: 0.993567
73685: 0.993567
73686: 0.993567
73687: 0.993567
73688: 0.993568
73689: 0.993568
73690: 0.993568
73691: 0.993568
73692: 0.993568
73693: 0.993568
73694: 0.993568
73695: 0.993568
73696: 0.993568
73697: 0.993568
73698: 0.993568
73699: 0.993569
73700: 0.993569
73701: 0.993569
73702: 0.993569
73703: 0.993569
73704: 0.993569
73705: 0.993569
73706: 0.993569
73707: 0.993569
73708: 0.993569
73709: 0.993569
73710: 0.993569
73711: 0.99357
73712: 0.99357
73713: 0.99357
73714: 0.99357
73715: 0.99357
73716: 0.99357
73717: 0.99357
73718: 0.99357
73719: 0.99357
73720: 0.99357
73721: 0.99357
73722: 0.993571
73723: 0.993571
73724: 0.993571
73725: 0.993571
73726: 0.993571
73727: 0.993571
73728: 0.993571
73729: 0.993571
73730: 0.993558
73731: 0.993558
73732: 0.993558
73733: 0.993558
73734: 0.993558
73735: 0.993558
73736: 0.993558
73737: 0.993558
73738: 0.993558
73739: 0.993558
73740: 0.993559
73741: 0.993559
73742: 0.993559
73743: 0.993559
73744: 0.993559
73745: 0.993559
73746: 0.993559
73747: 0.993559
73748: 0.993559
73749: 0.993559
73750: 0.993559
73751: 0.993559
73752: 0.99356
73753: 0.99356
73754: 0.99356
73755: 0.99356
73756: 0.99356
73757: 0.99356
73758: 0.99356
73759: 0.99356
73760: 0.99356
73761: 0.99356
73762: 0.99356
73763: 0.993561
73764: 0.993561
73765: 0.993561
73766: 0.993561
73767: 0.993561
73768: 0.993561
73769: 0.993548
73770: 0.993548
73771: 0.993548
73772: 0.993548
73773: 0.993548
73774: 0.993548
73775: 0.993548
73776: 0.993548
73777: 0.993548
73778: 0.993548
73779: 0.993548
73780: 0.993548
73781: 0.993549
73782: 0.993549
73783: 0.993549
73784: 0.993549
73785: 0.993549
73786: 0.993549
73787: 0.993549
73788: 0.993549
73789: 0.993549
73790: 0.993549
73791: 0.993549
73792: 0.99355
73793: 0.99355
73794: 0.99355
73795: 0.99355
73796: 0.99355
73797: 0.99355
73798: 0.99355
73799: 0.99355
73800: 0.99355
73801: 0.99355
73802: 0.99355
73803: 0.99355
73804: 0.993551
73805: 0.993551
73806: 0.993551
73807: 0.993551
73808: 0.993551
73809: 0.993551
73810: 0.993551
73811: 0.993551
73812: 0.993551
73813: 0.993551
73814: 0.993551
73815: 0.993552
73816: 0.993552
73817: 0.993552
73818: 0.993552
73819: 0.993552
73820: 0.993552
73821: 0.993552
73822: 0.993552
73823: 0.993552
73824: 0.993552
73825: 0.993552
73826: 0.993552
73827: 0.993553
73828: 0.993553
73829: 0.993553
73830: 0.993553
73831: 0.993553
73832: 0.993553
73833: 0.993553
73834: 0.993553
73835: 0.993553
73836: 0.993553
73837: 0.993553
73838: 0.993554
73839: 0.993554
73840: 0.993554
73841: 0.993554
73842: 0.993554
73843: 0.993554
73844: 0.993554
73845: 0.993554
73846: 0.993541
73847: 0.993541
73848: 0.993541
73849: 0.993541
73850: 0.993541
73851: 0.993541
73852: 0.993541
73853: 0.993541
73854: 0.993541
73855: 0.993541
73856: 0.993542
73857: 0.993542
73858: 0.993542
73859: 0.993542
73860: 0.993542
73861: 0.993542
73862: 0.993542
73863: 0.993542
73864: 0.993542
73865: 0.993542
73866: 0.993542
73867: 0.993543
73868: 0.993543
73869: 0.993543
73870: 0.993543
73871: 0.993543
73872: 0.993543
73873: 0.993543
73874: 0.993543
73875: 0.993543
73876: 0.993543
73877: 0.993543
73878: 0.993543
73879: 0.993544
73880: 0.993544
73881: 0.993544
73882: 0.993544
73883: 0.993544
73884: 0.993544
73885: 0.993544
73886: 0.993544
73887: 0.993544
73888: 0.993544
73889: 0.993544
73890: 0.993545
73891: 0.993545
73892: 0.993545
73893: 0.993545
73894: 0.993545
73895: 0.993545
73896: 0.993545
73897: 0.993545
73898: 0.993545
73899: 0.993545
73900: 0.993545
73901: 0.993546
73902: 0.993546
73903: 0.993546
73904: 0.993546
73905: 0.993546
73906: 0.993546
73907: 0.993546
73908: 0.993546
73909: 0.993546
73910: 0.993546
73911: 0.993546
73912: 0.993546
73913: 0.993547
73914: 0.993547
73915: 0.993547
73916: 0.993547
73917: 0.993547
73918: 0.993547
73919: 0.993547
73920: 0.993547
73921: 0.993547
73922: 0.993547
73923: 0.993547
73924: 0.993548
73925: 0.993548
73926: 0.993548
73927: 0.993548
73928: 0.993548
73929: 0.993548
73930: 0.993548
73931: 0.993548
73932: 0.993548
73933: 0.993548
73934: 0.993548
73935: 0.993548
73936: 0.993549
73937: 0.993549
73938: 0.993549
73939: 0.993549
73940: 0.993549
73941: 0.993549
73942: 0.993549
73943: 0.993549
73944: 0.993549
73945: 0.993549
73946: 0.993549
73947: 0.99355
73948: 0.99355
73949: 0.99355
73950: 0.99355
73951: 0.993536
73952: 0.993536
73953: 0.993537
73954: 0.993537
73955: 0.993537
73956: 0.993537
73957: 0.993537
73958: 0.993537
73959: 0.993537
73960: 0.993537
73961: 0.993537
73962: 0.993537
73963: 0.993537
73964: 0.993537
73965: 0.993538
73966: 0.993538
73967: 0.993538
73968: 0.993538
73969: 0.993538
73970: 0.993538
73971: 0.993538
73972: 0.993538
73973: 0.993538
73974: 0.993538
73975: 0.993538
73976: 0.993539
73977: 0.993539
73978: 0.993539
73979: 0.993539
73980: 0.993539
73981: 0.993539
73982: 0.993539
73983: 0.993539
73984: 0.993539
73985: 0.993539
73986: 0.993539
73987: 0.993539
73988: 0.99354
73989: 0.99354
73990: 0.99354
73991: 0.99354
73992: 0.99354
73993: 0.99354
73994: 0.99354
73995: 0.99354
73996: 0.99354
73997: 0.99354
73998: 0.99354
73999: 0.993541
74000: 0.993541
74001: 0.993541
74002: 0.993541
74003: 0.993541
74004: 0.993541
74005: 0.993541
74006: 0.993541
74007: 0.993541
74008: 0.993541
74009: 0.993541
74010: 0.993542
74011: 0.993542
74012: 0.993542
74013: 0.993542
74014: 0.993542
74015: 0.993542
74016: 0.993542
74017: 0.993542
74018: 0.993542
74019: 0.993542
74020: 0.993542
74021: 0.993542
74022: 0.993543
74023: 0.993543
74024: 0.993543
74025: 0.993543
74026: 0.993543
74027: 0.993543
74028: 0.993543
74029: 0.993543
74030: 0.993543
74031: 0.993543
74032: 0.993543
74033: 0.993544
74034: 0.993544
74035: 0.993544
74036: 0.993544
74037: 0.993544
74038: 0.993544
74039: 0.993544
74040: 0.993544
74041: 0.993544
74042: 0.993544
74043: 0.993544
74044: 0.993544
74045: 0.993545
74046: 0.993545
74047: 0.993545
74048: 0.993545
74049: 0.993545
74050: 0.993545
74051: 0.993545
74052: 0.993545
74053: 0.993545
74054: 0.993545
74055: 0.993545
74056: 0.993546
74057: 0.993546
74058: 0.993546
74059: 0.993546
74060: 0.993546
74061: 0.993546
74062: 0.993546
74063: 0.993546
74064: 0.993546
74065: 0.993546
74066: 0.993546
74067: 0.993546
74068: 0.993547
74069: 0.993547
74070: 0.993547
74071: 0.993547
74072: 0.993547
74073: 0.993547
74074: 0.993547
74075: 0.993547
74076: 0.993547
74077: 0.993547
74078: 0.993547
74079: 0.993548
74080: 0.993548
74081: 0.993548
74082: 0.993548
74083: 0.993548
74084: 0.993548
74085: 0.993548
74086: 0.993548
74087: 0.993548
74088: 0.993548
74089: 0.993548
74090: 0.993548
74091: 0.993549
74092: 0.993549
74093: 0.993549
74094: 0.993549
74095: 0.993549
74096: 0.993549
74097: 0.993549
74098: 0.993549
74099: 0.993549
74100: 0.993549
74101: 0.993549
74102: 0.99355
74103: 0.99355
74104: 0.99355
74105: 0.99355
74106: 0.99355
74107: 0.99355
74108: 0.99355
74109: 0.99355
74110: 0.99355
74111: 0.99355
74112: 0.99355
74113: 0.99355
74114: 0.993551
74115: 0.993551
74116: 0.993551
74117: 0.993551
74118: 0.993551
74119: 0.993551
74120: 0.993551
74121: 0.993551
74122: 0.993551
74123: 0.993551
74124: 0.993551
74125: 0.993552
74126: 0.993552
74127: 0.993552
74128: 0.993552
74129: 0.993552
74130: 0.993552
74131: 0.993552
74132: 0.993552
74133: 0.993552
74134: 0.993552
74135: 0.993552
74136: 0.993552
74137: 0.993553
74138: 0.993553
74139: 0.993553
74140: 0.993553
74141: 0.993553
74142: 0.993553
74143: 0.993553
74144: 0.993553
74145: 0.993553
74146: 0.993553
74147: 0.993553
74148: 0.993554
74149: 0.993554
74150: 0.993554
74151: 0.993554
74152: 0.993554
74153: 0.993554
74154: 0.993554
74155: 0.993554
74156: 0.993554
74157: 0.993554
74158: 0.993554
74159: 0.993554
74160: 0.993555
74161: 0.993555
74162: 0.993555
74163: 0.993555
74164: 0.993555
74165: 0.993555
74166: 0.993555
74167: 0.993555
74168: 0.993555
74169: 0.993555
74170: 0.993555
74171: 0.993556
74172: 0.993556
74173: 0.993556
74174: 0.993556
74175: 0.993556
74176: 0.993556
74177: 0.993556
74178: 0.993556
74179: 0.993556
74180: 0.993556
74181: 0.993556
74182: 0.993556
74183: 0.993557
74184: 0.993557
74185: 0.993557
74186: 0.993557
74187: 0.993557
74188: 0.993557
74189: 0.993557
74190: 0.993557
74191: 0.993557
74192: 0.993557
74193: 0.993557
74194: 0.993558
74195: 0.993558
74196: 0.993558
74197: 0.993558
74198: 0.993558
74199: 0.993558
74200: 0.993558
74201: 0.993558
74202: 0.993558
74203: 0.993558
74204: 0.993558
74205: 0.993558
74206: 0.993559
74207: 0.993559
74208: 0.993559
74209: 0.993559
74210: 0.993559
74211: 0.993559
74212: 0.993559
74213: 0.993559
74214: 0.993559
74215: 0.993559
74216: 0.993559
74217: 0.99356
74218: 0.99356
74219: 0.99356
74220: 0.99356
74221: 0.99356
74222: 0.99356
74223: 0.99356
74224: 0.99356
74225: 0.99356
74226: 0.99356
74227: 0.99356
74228: 0.99356
74229: 0.993561
74230: 0.993561
74231: 0.993561
74232: 0.993561
74233: 0.993561
74234: 0.993561
74235: 0.993561
74236: 0.993561
74237: 0.993561
74238: 0.993561
74239: 0.993561
74240: 0.993562
74241: 0.993562
74242: 0.993562
74243: 0.993562
74244: 0.993562
74245: 0.993562
74246: 0.993562
74247: 0.993562
74248: 0.993562
74249: 0.993562
74250: 0.993562
74251: 0.993562
74252: 0.993563
74253: 0.993563
74254: 0.993563
74255: 0.993563
74256: 0.993563
74257: 0.993563
74258: 0.993563
74259: 0.993563
74260: 0.993563
74261: 0.993563
74262: 0.993563
74263: 0.993564
74264: 0.993564
74265: 0.993564
74266: 0.993564
74267: 0.993564
74268: 0.993564
74269: 0.993564
74270: 0.993564
74271: 0.993564
74272: 0.993564
74273: 0.993564
74274: 0.993564
74275: 0.993565
74276: 0.993565
74277: 0.993565
74278: 0.993565
74279: 0.993565
74280: 0.993565
74281: 0.993565
74282: 0.993565
74283: 0.993565
74284: 0.993565
74285: 0.993565
74286: 0.993565
74287: 0.993566
74288: 0.993566
74289: 0.993566
74290: 0.993566
74291: 0.993566
74292: 0.993566
74293: 0.993566
74294: 0.993566
74295: 0.993566
74296: 0.993566
74297: 0.993566
74298: 0.993567
74299: 0.993567
74300: 0.993567
74301: 0.993567
74302: 0.993567
74303: 0.993567
74304: 0.993567
74305: 0.993567
74306: 0.993567
74307: 0.993567
74308: 0.993567
74309: 0.993567
74310: 0.993568
74311: 0.993568
74312: 0.993568
74313: 0.993568
74314: 0.993568
74315: 0.993568
74316: 0.993568
74317: 0.993568
74318: 0.993568
74319: 0.993568
74320: 0.993568
74321: 0.993569
74322: 0.993569
74323: 0.993569
74324: 0.993569
74325: 0.993569
74326: 0.993569
74327: 0.993569
74328: 0.993569
74329: 0.993569
74330: 0.993569
74331: 0.993569
74332: 0.993569
74333: 0.99357
74334: 0.99357
74335: 0.99357
74336: 0.99357
74337: 0.99357
74338: 0.99357
74339: 0.99357
74340: 0.99357
74341: 0.99357
74342: 0.99357
74343: 0.99357
74344: 0.993571
74345: 0.993571
74346: 0.993571
74347: 0.993571
74348: 0.993571
74349: 0.993571
74350: 0.993571
74351: 0.993571
74352: 0.993571
74353: 0.993571
74354: 0.993571
74355: 0.993571
74356: 0.993572
74357: 0.993572
74358: 0.993572
74359: 0.993572
74360: 0.993558
74361: 0.993545
74362: 0.993545
74363: 0.993545
74364: 0.993545
74365: 0.993545
74366: 0.993546
74367: 0.993546
74368: 0.993546
74369: 0.993546
74370: 0.993546
74371: 0.993546
74372: 0.993546
74373: 0.993546
74374: 0.993546
74375: 0.993546
74376: 0.993546
74377: 0.993546
74378: 0.993547
74379: 0.993547
74380: 0.993547
74381: 0.993547
74382: 0.993547
74383: 0.993547
74384: 0.993547
74385: 0.993547
74386: 0.993547
74387: 0.993547
74388: 0.993547
74389: 0.993548
74390: 0.993548
74391: 0.993548
74392: 0.993548
74393: 0.993548
74394: 0.993548
74395: 0.993548
74396: 0.993548
74397: 0.993548
74398: 0.993548
74399: 0.993548
74400: 0.993548
74401: 0.993549
74402: 0.993549
74403: 0.993549
74404: 0.993549
74405: 0.993549
74406: 0.993549
74407: 0.993549
74408: 0.993549
74409: 0.993549
74410: 0.993549
74411: 0.993549
74412: 0.99355
74413: 0.99355
74414: 0.99355
74415: 0.99355
74416: 0.99355
74417: 0.99355
74418: 0.99355
74419: 0.99355
74420: 0.99355
74421: 0.99355
74422: 0.99355
74423: 0.99355
74424: 0.993551
74425: 0.993551
74426: 0.993551
74427: 0.993537
74428: 0.993537
74429: 0.993538
74430: 0.993538
74431: 0.993538
74432: 0.993538
74433: 0.993538
74434: 0.993538
74435: 0.993538
74436: 0.993538
74437: 0.993538
74438: 0.993538
74439: 0.993538
74440: 0.993539
74441: 0.993539
74442: 0.993539
74443: 0.993539
74444: 0.993539
74445: 0.993539
74446: 0.993539
74447: 0.993539
74448: 0.993539
74449: 0.993539
74450: 0.993539
74451: 0.993539
74452: 0.99354
74453: 0.99354
74454: 0.99354
74455: 0.99354
74456: 0.99354
74457: 0.99354
74458: 0.99354
74459: 0.99354
74460: 0.99354
74461: 0.99354
74462: 0.99354
74463: 0.993541
74464: 0.993541
74465: 0.993541
74466: 0.993541
74467: 0.993541
74468: 0.993541
74469: 0.993541
74470: 0.993541
74471: 0.993541
74472: 0.993541
74473: 0.993541
74474: 0.993541
74475: 0.993542
74476: 0.993542
74477: 0.993542
74478: 0.993542
74479: 0.993542
74480: 0.993542
74481: 0.993542
74482: 0.993542
74483: 0.993542
74484: 0.993542
74485: 0.993542
74486: 0.993542
74487: 0.993543
74488: 0.993543
74489: 0.993543
74490: 0.993543
74491: 0.993543
74492: 0.993543
74493: 0.993543
74494: 0.993543
74495: 0.993543
74496: 0.993543
74497: 0.993543
74498: 0.993544
74499: 0.993544
74500: 0.993544
74501: 0.993544
74502: 0.993544
74503: 0.993544
74504: 0.993544
74505: 0.993544
74506: 0.993544
74507: 0.993544
74508: 0.993544
74509: 0.993544
74510: 0.993545
74511: 0.993545
74512: 0.993545
74513: 0.993545
74514: 0.993545
74515: 0.993545
74516: 0.993545
74517: 0.993545
74518: 0.993545
74519: 0.993545
74520: 0.993545
74521: 0.993546
74522: 0.993546
74523: 0.993546
74524: 0.993546
74525: 0.993546
74526: 0.993546
74527: 0.993546
74528: 0.993546
74529: 0.993546
74530: 0.993546
74531: 0.993546
74532: 0.993546
74533: 0.993547
74534: 0.993547
74535: 0.993547
74536: 0.993547
74537: 0.993547
74538: 0.993547
74539: 0.993547
74540: 0.993547
74541: 0.993547
74542: 0.993547
74543: 0.993547
74544: 0.993548
74545: 0.993548
74546: 0.993548
74547: 0.993548
74548: 0.993548
74549: 0.993548
74550: 0.993548
74551: 0.993548
74552: 0.993548
74553: 0.993548
74554: 0.993548
74555: 0.993548
74556: 0.993549
74557: 0.993549
74558: 0.993549
74559: 0.993549
74560: 0.993549
74561: 0.993549
74562: 0.993549
74563: 0.993549
74564: 0.993549
74565: 0.993549
74566: 0.993549
74567: 0.99355
74568: 0.99355
74569: 0.99355
74570: 0.99355
74571: 0.99355
74572: 0.99355
74573: 0.99355
74574: 0.99355
74575: 0.99355
74576: 0.99355
74577: 0.99355
74578: 0.99355
74579: 0.993551
74580: 0.993551
74581: 0.993551
74582: 0.993551
74583: 0.993551
74584: 0.993551
74585: 0.993551
74586: 0.993551
74587: 0.993551
74588: 0.993551
74589: 0.993551
74590: 0.993552
74591: 0.993552
74592: 0.993552
74593: 0.993552
74594: 0.993552
74595: 0.993552
74596: 0.993552
74597: 0.993552
74598: 0.993552
74599: 0.993552
74600: 0.993552
74601: 0.993552
74602: 0.993553
74603: 0.993553
74604: 0.993553
74605: 0.993553
74606: 0.993553
74607: 0.993553
74608: 0.993553
74609: 0.993553
74610: 0.993553
74611: 0.993553
74612: 0.993553
74613: 0.993553
74614: 0.993554
74615: 0.993554
74616: 0.993554
74617: 0.993554
74618: 0.993554
74619: 0.993554
74620: 0.993554
74621: 0.993554
74622: 0.993554
74623: 0.993554
74624: 0.993554
74625: 0.993555
74626: 0.993555
74627: 0.993555
74628: 0.993555
74629: 0.993555
74630: 0.993555
74631: 0.993555
74632: 0.993555
74633: 0.993555
74634: 0.993555
74635: 0.993555
74636: 0.993555
74637: 0.993556
74638: 0.993556
74639: 0.993556
74640: 0.993556
74641: 0.993556
74642: 0.993556
74643: 0.993556
74644: 0.993556
74645: 0.993556
74646: 0.993556
74647: 0.993556
74648: 0.993557
74649: 0.993557
74650: 0.993557
74651: 0.993557
74652: 0.993557
74653: 0.993557
74654: 0.993557
74655: 0.993557
74656: 0.993557
74657: 0.993557
74658: 0.993557
74659: 0.993557
74660: 0.993558
74661: 0.993558
74662: 0.993558
74663: 0.993558
74664: 0.993558
74665: 0.993558
74666: 0.993558
74667: 0.993558
74668: 0.993558
74669: 0.993558
74670: 0.993558
74671: 0.993558
74672: 0.993559
74673: 0.993559
74674: 0.993559
74675: 0.993559
74676: 0.993559
74677: 0.993559
74678: 0.993559
74679: 0.993559
74680: 0.993559
74681: 0.993559
74682: 0.993559
74683: 0.99356
74684: 0.99356
74685: 0.99356
74686: 0.99356
74687: 0.99356
74688: 0.99356
74689: 0.99356
74690: 0.99356
74691: 0.99356
74692: 0.99356
74693: 0.99356
74694: 0.99356
74695: 0.993561
74696: 0.993561
74697: 0.993561
74698: 0.993561
74699: 0.993561
74700: 0.993561
74701: 0.993561
74702: 0.993561
74703: 0.993561
74704: 0.993561
74705: 0.993561
74706: 0.993562
74707: 0.993562
74708: 0.993562
74709: 0.993562
74710: 0.993562
74711: 0.993562
74712: 0.993562
74713: 0.993562
74714: 0.993562
74715: 0.993562
74716: 0.993562
74717: 0.993562
74718: 0.993563
74719: 0.993563
74720: 0.993563
74721: 0.993563
74722: 0.993563
74723: 0.993563
74724: 0.993563
74725: 0.993563
74726: 0.993563
74727: 0.993563
74728: 0.993563
74729: 0.993563
74730: 0.993564
74731: 0.993564
74732: 0.993564
74733: 0.993564
74734: 0.993564
74735: 0.993564
74736: 0.993564
74737: 0.993564
74738: 0.993564
74739: 0.993564
74740: 0.993564
74741: 0.993565
74742: 0.993565
74743: 0.993565
74744: 0.993565
74745: 0.993565
74746: 0.993565
74747: 0.993565
74748: 0.993565
74749: 0.993565
74750: 0.993565
74751: 0.993565
74752: 0.993565
74753: 0.993566
74754: 0.993566
74755: 0.993566
74756: 0.993566
74757: 0.993566
74758: 0.993566
74759: 0.993566
74760: 0.993566
74761: 0.993566
74762: 0.993566
74763: 0.993566
74764: 0.993567
74765: 0.993567
74766: 0.993567
74767: 0.993567
74768: 0.993567
74769: 0.993567
74770: 0.993567
74771: 0.993567
74772: 0.993567
74773: 0.993567
74774: 0.993567
74775: 0.993567
74776: 0.993568
74777: 0.993568
74778: 0.993568
74779: 0.993568
74780: 0.993568
74781: 0.993568
74782: 0.993568
74783: 0.993568
74784: 0.993568
74785: 0.993568
74786: 0.993568
74787: 0.993568
74788: 0.993569
74789: 0.993569
74790: 0.993569
74791: 0.993569
74792: 0.993569
74793: 0.993569
74794: 0.993569
74795: 0.993569
74796: 0.993569
74797: 0.993569
74798: 0.993569
74799: 0.99357
74800: 0.99357
74801: 0.99357
74802: 0.99357
74803: 0.99357
74804: 0.99357
74805: 0.99357
74806: 0.99357
74807: 0.99357
74808: 0.99357
74809: 0.99357
74810: 0.99357
74811: 0.993571
74812: 0.993571
74813: 0.993571
74814: 0.993571
74815: 0.993571
74816: 0.993571
74817: 0.993571
74818: 0.993571
74819: 0.993571
74820: 0.993571
74821: 0.993571
74822: 0.993571
74823: 0.993572
74824: 0.993572
74825: 0.993572
74826: 0.993572
74827: 0.993572
74828: 0.993572
74829: 0.993572
74830: 0.993572
74831: 0.993572
74832: 0.993572
74833: 0.993572
74834: 0.993573
74835: 0.993573
74836: 0.993573
74837: 0.993573
74838: 0.993573
74839: 0.993573
74840: 0.993573
74841: 0.993573
74842: 0.993573
74843: 0.993573
74844: 0.993573
74845: 0.993573
74846: 0.993574
74847: 0.993574
74848: 0.993574
74849: 0.993574
74850: 0.993574
74851: 0.993574
74852: 0.993574
74853: 0.993574
74854: 0.993574
74855: 0.993574
74856: 0.993574
74857: 0.993575
74858: 0.993575
74859: 0.993575
74860: 0.993575
74861: 0.993575
74862: 0.993575
74863: 0.993575
74864: 0.993575
74865: 0.993575
74866: 0.993575
74867: 0.993575
74868: 0.993575
74869: 0.993576
74870: 0.993576
74871: 0.993576
74872: 0.993576
74873: 0.993576
74874: 0.993576
74875: 0.993576
74876: 0.993576
74877: 0.993576
74878: 0.993576
74879: 0.993576
74880: 0.993576
74881: 0.993577
74882: 0.993577
74883: 0.993577
74884: 0.993577
74885: 0.993577
74886: 0.993577
74887: 0.993577
74888: 0.993577
74889: 0.993577
74890: 0.993577
74891: 0.993577
74892: 0.993578
74893: 0.993578
74894: 0.993578
74895: 0.993578
74896: 0.993578
74897: 0.993578
74898: 0.993578
74899: 0.993578
74900: 0.993578
74901: 0.993578
74902: 0.993578
74903: 0.993578
74904: 0.993579
74905: 0.993579
74906: 0.993579
74907: 0.993579
74908: 0.993579
74909: 0.993579
74910: 0.993579
74911: 0.993579
74912: 0.993579
74913: 0.993579
74914: 0.993579
74915: 0.993579
74916: 0.99358
74917: 0.99358
74918: 0.99358
74919: 0.99358
74920: 0.99358
74921: 0.99358
74922: 0.99358
74923: 0.99358
74924: 0.99358
74925: 0.99358
74926: 0.99358
74927: 0.993581
74928: 0.993581
74929: 0.993581
74930: 0.993581
74931: 0.993581
74932: 0.993581
74933: 0.993581
74934: 0.993581
74935: 0.993581
74936: 0.993581
74937: 0.993581
74938: 0.993581
74939: 0.993582
74940: 0.993582
74941: 0.993582
74942: 0.993582
74943: 0.993582
74944: 0.993582
74945: 0.993582
74946: 0.993582
74947: 0.993582
74948: 0.993582
74949: 0.993582
74950: 0.993582
74951: 0.993583
74952: 0.993583
74953: 0.993583
74954: 0.993583
74955: 0.993583
74956: 0.993583
74957: 0.993583
74958: 0.993583
74959: 0.993583
74960: 0.993583
74961: 0.993583
74962: 0.993584
74963: 0.993584
74964: 0.993584
74965: 0.993584
74966: 0.993584
74967: 0.993584
74968: 0.993584
74969: 0.993584
74970: 0.993584
74971: 0.993584
74972: 0.993584
74973: 0.993584
74974: 0.993585
74975: 0.993585
74976: 0.993585
74977: 0.993585
74978: 0.993585
74979: 0.993585
74980: 0.993585
74981: 0.993585
74982: 0.993585
74983: 0.993585
74984: 0.993585
74985: 0.993585
74986: 0.993586
74987: 0.993586
74988: 0.993586
74989: 0.993586
74990: 0.993586
74991: 0.993586
74992: 0.993586
74993: 0.993586
74994: 0.993586
74995: 0.993586
74996: 0.993586
74997: 0.993586
74998: 0.993587
74999: 0.993587
75000: 0.993587
75001: 0.993587
75002: 0.993587
75003: 0.993587
75004: 0.993587
75005: 0.993587
75006: 0.993587
75007: 0.993587
75008: 0.993587
75009: 0.993588
75010: 0.993588
75011: 0.993588
75012: 0.993588
75013: 0.993588
75014: 0.993588
75015: 0.993588
75016: 0.993588
75017: 0.993588
75018: 0.993588
75019: 0.993588
75020: 0.993588
75021: 0.993589
75022: 0.993589
75023: 0.993589
75024: 0.993589
75025: 0.993589
75026: 0.993589
75027: 0.993589
75028: 0.993589
75029: 0.993589
75030: 0.993589
75031: 0.993589
75032: 0.993589
75033: 0.99359
75034: 0.99359
75035: 0.99359
75036: 0.99359
75037: 0.99359
75038: 0.99359
75039: 0.99359
75040: 0.99359
75041: 0.99359
75042: 0.99359
75043: 0.99359
75044: 0.993591
75045: 0.993591
75046: 0.993591
75047: 0.993591
75048: 0.993591
75049: 0.993591
75050: 0.993591
75051: 0.993591
75052: 0.993591
75053: 0.993591
75054: 0.993591
75055: 0.993591
75056: 0.993592
75057: 0.993592
75058: 0.993592
75059: 0.993592
75060: 0.993592
75061: 0.993592
75062: 0.993592
75063: 0.993592
75064: 0.993592
75065: 0.993592
75066: 0.993592
75067: 0.993592
75068: 0.993593
75069: 0.993593
75070: 0.993593
75071: 0.993593
75072: 0.993593
75073: 0.993593
75074: 0.993593
75075: 0.993593
75076: 0.993593
75077: 0.993593
75078: 0.993593
75079: 0.993594
75080: 0.993594
75081: 0.993594
75082: 0.993594
75083: 0.993594
75084: 0.993594
75085: 0.993594
75086: 0.993594
75087: 0.993594
75088: 0.993594
75089: 0.993594
75090: 0.993594
75091: 0.993595
75092: 0.993595
75093: 0.993595
75094: 0.993595
75095: 0.993595
75096: 0.993595
75097: 0.993595
75098: 0.993595
75099: 0.993595
75100: 0.993595
75101: 0.993595
75102: 0.993595
75103: 0.993596
75104: 0.993596
75105: 0.993596
75106: 0.993596
75107: 0.993596
75108: 0.993596
75109: 0.993596
75110: 0.993596
75111: 0.993596
75112: 0.993596
75113: 0.993596
75114: 0.993596
75115: 0.993597
75116: 0.993597
75117: 0.993597
75118: 0.993597
75119: 0.993597
75120: 0.993597
75121: 0.993597
75122: 0.993597
75123: 0.993597
75124: 0.993597
75125: 0.993597
75126: 0.993598
75127: 0.993598
75128: 0.993598
75129: 0.993598
75130: 0.993598
75131: 0.993598
75132: 0.993598
75133: 0.993598
75134: 0.993598
75135: 0.993598
75136: 0.993598
75137: 0.993598
75138: 0.993599
75139: 0.993599
75140: 0.993599
75141: 0.993599
75142: 0.993599
75143: 0.993599
75144: 0.993599
75145: 0.993599
75146: 0.993599
75147: 0.993599
75148: 0.993599
75149: 0.993599
75150: 0.9936
75151: 0.9936
75152: 0.9936
75153: 0.9936
75154: 0.9936
75155: 0.9936
75156: 0.9936
75157: 0.9936
75158: 0.9936
75159: 0.9936
75160: 0.9936
75161: 0.9936
75162: 0.993601
75163: 0.993601
75164: 0.993601
75165: 0.993601
75166: 0.993601
75167: 0.993601
75168: 0.993601
75169: 0.993601
75170: 0.993601
75171: 0.993601
75172: 0.993601
75173: 0.993602
75174: 0.993602
75175: 0.993602
75176: 0.993602
75177: 0.993602
75178: 0.993602
75179: 0.993602
75180: 0.993602
75181: 0.993602
75182: 0.993602
75183: 0.993602
75184: 0.993602
75185: 0.993603
75186: 0.993603
75187: 0.993603
75188: 0.993603
75189: 0.993603
75190: 0.993603
75191: 0.993603
75192: 0.993603
75193: 0.993603
75194: 0.993603
75195: 0.993603
75196: 0.993603
75197: 0.993604
75198: 0.993604
75199: 0.993604
75200: 0.993604
75201: 0.993604
75202: 0.993604
75203: 0.993604
75204: 0.993604
75205: 0.993604
75206: 0.993604
75207: 0.993604
75208: 0.993604
75209: 0.993605
75210: 0.993605
75211: 0.993605
75212: 0.993605
75213: 0.993605
75214: 0.993605
75215: 0.993605
75216: 0.993605
75217: 0.993605
75218: 0.993605
75219: 0.993605
75220: 0.993606
75221: 0.993606
75222: 0.993606
75223: 0.993606
75224: 0.993606
75225: 0.993606
75226: 0.993606
75227: 0.993606
75228: 0.993606
75229: 0.993606
75230: 0.993606
75231: 0.993606
75232: 0.993607
75233: 0.993607
75234: 0.993607
75235: 0.993607
75236: 0.993607
75237: 0.993607
75238: 0.993607
75239: 0.993607
75240: 0.993607
75241: 0.993607
75242: 0.993607
75243: 0.993607
75244: 0.993608
75245: 0.993608
75246: 0.993608
75247: 0.993608
75248: 0.993608
75249: 0.993608
75250: 0.993608
75251: 0.993608
75252: 0.993608
75253: 0.993608
75254: 0.993608
75255: 0.993608
75256: 0.993609
75257: 0.993609
75258: 0.993609
75259: 0.993609
75260: 0.993609
75261: 0.993609
75262: 0.993609
75263: 0.993609
75264: 0.993609
75265: 0.993609
75266: 0.993609
75267: 0.99361
75268: 0.99361
75269: 0.99361
75270: 0.99361
75271: 0.99361
75272: 0.99361
75273: 0.99361
75274: 0.99361
75275: 0.99361
75276: 0.99361
75277: 0.99361
75278: 0.99361
75279: 0.993611
75280: 0.993611
75281: 0.993611
75282: 0.993611
75283: 0.993611
75284: 0.993611
75285: 0.993611
75286: 0.993611
75287: 0.993611
75288: 0.993611
75289: 0.993611
75290: 0.993611
75291: 0.993612
75292: 0.993612
75293: 0.993612
75294: 0.993599
75295: 0.993599
75296: 0.993599
75297: 0.993599
75298: 0.993599
75299: 0.993599
75300: 0.993599
75301: 0.993599
75302: 0.993599
75303: 0.993599
75304: 0.993599
75305: 0.993599
75306: 0.9936
75307: 0.9936
75308: 0.9936
75309: 0.9936
75310: 0.9936
75311: 0.9936
75312: 0.9936
75313: 0.9936
75314: 0.9936
75315: 0.9936
75316: 0.9936
75317: 0.9936
75318: 0.993601
75319: 0.993601
75320: 0.993601
75321: 0.993601
75322: 0.993601
75323: 0.993601
75324: 0.993601
75325: 0.993601
75326: 0.993601
75327: 0.993601
75328: 0.993601
75329: 0.993601
75330: 0.993602
75331: 0.993602
75332: 0.993602
75333: 0.993602
75334: 0.993602
75335: 0.993602
75336: 0.993602
75337: 0.993602
75338: 0.993602
75339: 0.993602
75340: 0.993602
75341: 0.993603
75342: 0.993603
75343: 0.993603
75344: 0.993603
75345: 0.993603
75346: 0.993603
75347: 0.993603
75348: 0.993603
75349: 0.993603
75350: 0.993603
75351: 0.993603
75352: 0.993603
75353: 0.993604
75354: 0.993604
75355: 0.993604
75356: 0.993604
75357: 0.993604
75358: 0.993604
75359: 0.993604
75360: 0.993604
75361: 0.993604
75362: 0.993604
75363: 0.993604
75364: 0.993604
75365: 0.993605
75366: 0.993605
75367: 0.993605
75368: 0.993605
75369: 0.993605
75370: 0.993605
75371: 0.993605
75372: 0.993605
75373: 0.993605
75374: 0.993605
75375: 0.993605
75376: 0.993605
75377: 0.993606
75378: 0.993606
75379: 0.993606
75380: 0.993606
75381: 0.993606
75382: 0.993606
75383: 0.993606
75384: 0.993606
75385: 0.993606
75386: 0.993606
75387: 0.993606
75388: 0.993606
75389: 0.993607
75390: 0.993607
75391: 0.993607
75392: 0.993607
75393: 0.993607
75394: 0.993607
75395: 0.993607
75396: 0.993607
75397: 0.993607
75398: 0.993607
75399: 0.993607
75400: 0.993608
75401: 0.993608
75402: 0.993608
75403: 0.993608
75404: 0.993608
75405: 0.993608
75406: 0.993608
75407: 0.993608
75408: 0.993608
75409: 0.993608
75410: 0.993608
75411: 0.993608
75412: 0.993609
75413: 0.993609
75414: 0.993609
75415: 0.993609
75416: 0.993609
75417: 0.993609
75418: 0.993609
75419: 0.993609
75420: 0.993609
75421: 0.993609
75422: 0.993609
75423: 0.993609
75424: 0.99361
75425: 0.99361
75426: 0.99361
75427: 0.99361
75428: 0.99361
75429: 0.99361
75430: 0.99361
75431: 0.99361
75432: 0.99361
75433: 0.99361
75434: 0.99361
75435: 0.99361
75436: 0.993611
75437: 0.993611
75438: 0.993611
75439: 0.993611
75440: 0.993611
75441: 0.993611
75442: 0.993611
75443: 0.993611
75444: 0.993611
75445: 0.993611
75446: 0.993611
75447: 0.993611
75448: 0.993612
75449: 0.993612
75450: 0.993612
75451: 0.993612
75452: 0.993612
75453: 0.993612
75454: 0.993612
75455: 0.993612
75456: 0.993612
75457: 0.993612
75458: 0.993612
75459: 0.993613
75460: 0.993613
75461: 0.993613
75462: 0.993613
75463: 0.993613
75464: 0.993613
75465: 0.993613
75466: 0.993613
75467: 0.993613
75468: 0.993613
75469: 0.993613
75470: 0.993613
75471: 0.993614
75472: 0.993614
75473: 0.993614
75474: 0.993614
75475: 0.993614
75476: 0.993614
75477: 0.993614
75478: 0.993614
75479: 0.993614
75480: 0.993614
75481: 0.993614
75482: 0.993614
75483: 0.993615
75484: 0.993615
75485: 0.993615
75486: 0.993615
75487: 0.993615
75488: 0.993615
75489: 0.993615
75490: 0.993615
75491: 0.993615
75492: 0.993615
75493: 0.993615
75494: 0.993615
75495: 0.993616
75496: 0.993616
75497: 0.993616
75498: 0.993616
75499: 0.993616
75500: 0.993616
75501: 0.993616
75502: 0.993616
75503: 0.993616
75504: 0.993616
75505: 0.993616
75506: 0.993616
75507: 0.993617
75508: 0.993617
75509: 0.993617
75510: 0.993617
75511: 0.993617
75512: 0.993617
75513: 0.993617
75514: 0.993617
75515: 0.993617
75516: 0.993617
75517: 0.993617
75518: 0.993618
75519: 0.993618
75520: 0.993618
75521: 0.993618
75522: 0.993618
75523: 0.993618
75524: 0.993618
75525: 0.993618
75526: 0.993618
75527: 0.993618
75528: 0.993618
75529: 0.993618
75530: 0.993619
75531: 0.993619
75532: 0.993619
75533: 0.993619
75534: 0.993606
75535: 0.993606
75536: 0.993606
75537: 0.993606
75538: 0.993606
75539: 0.993606
75540: 0.993606
75541: 0.993606
75542: 0.993606
75543: 0.993606
75544: 0.993606
75545: 0.993607
75546: 0.993607
75547: 0.993607
75548: 0.993607
75549: 0.993607
75550: 0.993607
75551: 0.993607
75552: 0.993607
75553: 0.993607
75554: 0.993607
75555: 0.993607
75556: 0.993607
75557: 0.993608
75558: 0.993608
75559: 0.993608
75560: 0.993608
75561: 0.993608
75562: 0.993608
75563: 0.993608
75564: 0.993608
75565: 0.993608
75566: 0.993608
75567: 0.993608
75568: 0.993608
75569: 0.993609
75570: 0.993609
75571: 0.993609
75572: 0.993609
75573: 0.993609
75574: 0.993609
75575: 0.993609
75576: 0.993609
75577: 0.993609
75578: 0.993609
75579: 0.993609
75580: 0.99361
75581: 0.99361
75582: 0.99361
75583: 0.99361
75584: 0.99361
75585: 0.99361
75586: 0.99361
75587: 0.99361
75588: 0.99361
75589: 0.99361
75590: 0.99361
75591: 0.99361
75592: 0.993597
75593: 0.993597
75594: 0.993597
75595: 0.993598
75596: 0.993598
75597: 0.993584
75598: 0.993585
75599: 0.993585
75600: 0.993585
75601: 0.993585
75602: 0.993585
75603: 0.993585
75604: 0.993585
75605: 0.993585
75606: 0.993585
75607: 0.993585
75608: 0.993585
75609: 0.993586
75610: 0.993586
75611: 0.993586
75612: 0.993586
75613: 0.993586
75614: 0.993586
75615: 0.993586
75616: 0.993586
75617: 0.993586
75618: 0.993586
75619: 0.993586
75620: 0.993586
75621: 0.993587
75622: 0.993587
75623: 0.993587
75624: 0.993587
75625: 0.993587
75626: 0.993587
75627: 0.993587
75628: 0.993587
75629: 0.993587
75630: 0.993587
75631: 0.993587
75632: 0.993587
75633: 0.993588
75634: 0.993588
75635: 0.993588
75636: 0.993588
75637: 0.993588
75638: 0.993588
75639: 0.993588
75640: 0.993588
75641: 0.993588
75642: 0.993588
75643: 0.993588
75644: 0.993588
75645: 0.993589
75646: 0.993589
75647: 0.993589
75648: 0.993589
75649: 0.993589
75650: 0.993589
75651: 0.993589
75652: 0.993589
75653: 0.993589
75654: 0.993589
75655: 0.993589
75656: 0.993589
75657: 0.99359
75658: 0.99359
75659: 0.99359
75660: 0.99359
75661: 0.99359
75662: 0.99359
75663: 0.99359
75664: 0.99359
75665: 0.99359
75666: 0.99359
75667: 0.99359
75668: 0.993591
75669: 0.993591
75670: 0.993591
75671: 0.993591
75672: 0.993591
75673: 0.993591
75674: 0.993591
75675: 0.993591
75676: 0.993591
75677: 0.993591
75678: 0.993591
75679: 0.993591
75680: 0.993592
75681: 0.993592
75682: 0.993592
75683: 0.993592
75684: 0.993592
75685: 0.993592
75686: 0.993592
75687: 0.993592
75688: 0.993592
75689: 0.993592
75690: 0.993592
75691: 0.993592
75692: 0.993593
75693: 0.993593
75694: 0.993593
75695: 0.993593
75696: 0.993593
75697: 0.993593
75698: 0.993593
75699: 0.993593
75700: 0.993593
75701: 0.993593
75702: 0.993593
75703: 0.993593
75704: 0.993594
75705: 0.993594
75706: 0.993594
75707: 0.993594
75708: 0.993594
75709: 0.993594
75710: 0.993594
75711: 0.993594
75712: 0.993594
75713: 0.993594
75714: 0.993594
75715: 0.993594
75716: 0.993595
75717: 0.993595
75718: 0.993595
75719: 0.993595
75720: 0.993595
75721: 0.993595
75722: 0.993595
75723: 0.993595
75724: 0.993595
75725: 0.993595
75726: 0.993595
75727: 0.993595
75728: 0.993596
75729: 0.993596
75730: 0.993596
75731: 0.993596
75732: 0.993596
75733: 0.993596
75734: 0.993596
75735: 0.993596
75736: 0.993596
75737: 0.993596
75738: 0.993596
75739: 0.993597
75740: 0.993597
75741: 0.993597
75742: 0.993597
75743: 0.993597
75744: 0.993597
75745: 0.993597
75746: 0.993597
75747: 0.993597
75748: 0.993597
75749: 0.993597
75750: 0.993597
75751: 0.993598
75752: 0.993598
75753: 0.993598
75754: 0.993598
75755: 0.993598
75756: 0.993598
75757: 0.993598
75758: 0.993598
75759: 0.993598
75760: 0.993598
75761: 0.993598
75762: 0.993598
75763: 0.993599
75764: 0.993599
75765: 0.993599
75766: 0.993599
75767: 0.993599
75768: 0.993599
75769: 0.993599
75770: 0.993599
75771: 0.993599
75772: 0.993599
75773: 0.993599
75774: 0.993599
75775: 0.9936
75776: 0.9936
75777: 0.9936
75778: 0.9936
75779: 0.9936
75780: 0.9936
75781: 0.9936
75782: 0.9936
75783: 0.9936
75784: 0.9936
75785: 0.9936
75786: 0.993587
75787: 0.993587
75788: 0.993587
75789: 0.993588
75790: 0.993588
75791: 0.993588
75792: 0.993588
75793: 0.993588
75794: 0.993588
75795: 0.993588
75796: 0.993588
75797: 0.993588
75798: 0.993588
75799: 0.993588
75800: 0.993588
75801: 0.993589
75802: 0.993589
75803: 0.993589
75804: 0.993589
75805: 0.993589
75806: 0.993589
75807: 0.993589
75808: 0.993589
75809: 0.993589
75810: 0.993589
75811: 0.993589
75812: 0.993589
75813: 0.99359
75814: 0.99359
75815: 0.99359
75816: 0.99359
75817: 0.99359
75818: 0.99359
75819: 0.99359
75820: 0.993577
75821: 0.993577
75822: 0.993577
75823: 0.993577
75824: 0.993577
75825: 0.993577
75826: 0.993577
75827: 0.993578
75828: 0.993578
75829: 0.993578
75830: 0.993578
75831: 0.993578
75832: 0.993578
75833: 0.993578
75834: 0.993578
75835: 0.993578
75836: 0.993578
75837: 0.993578
75838: 0.993579
75839: 0.993579
75840: 0.993579
75841: 0.993566
75842: 0.993552
75843: 0.993553
75844: 0.993553
75845: 0.993553
75846: 0.993553
75847: 0.993553
75848: 0.993553
75849: 0.993553
75850: 0.993553
75851: 0.993553
75852: 0.993553
75853: 0.993553
75854: 0.993553
75855: 0.993554
75856: 0.993554
75857: 0.993554
75858: 0.993554
75859: 0.993554
75860: 0.993554
75861: 0.993554
75862: 0.993554
75863: 0.993554
75864: 0.993554
75865: 0.993554
75866: 0.993555
75867: 0.993555
75868: 0.993555
75869: 0.993555
75870: 0.993555
75871: 0.993555
75872: 0.993555
75873: 0.993555
75874: 0.993555
75875: 0.993555
75876: 0.993555
75877: 0.993555
75878: 0.993556
75879: 0.993556
75880: 0.993556
75881: 0.993556
75882: 0.993556
75883: 0.993556
75884: 0.993556
75885: 0.993556
75886: 0.993556
75887: 0.993556
75888: 0.993556
75889: 0.993556
75890: 0.993557
75891: 0.993557
75892: 0.993557
75893: 0.993557
75894: 0.993557
75895: 0.993557
75896: 0.993557
75897: 0.993557
75898: 0.993557
75899: 0.993557
75900: 0.993557
75901: 0.993557
75902: 0.993558
75903: 0.993558
75904: 0.993558
75905: 0.993558
75906: 0.993558
75907: 0.993558
75908: 0.993558
75909: 0.993558
75910: 0.993558
75911: 0.993558
75912: 0.993558
75913: 0.993559
75914: 0.993559
75915: 0.993559
75916: 0.993559
75917: 0.993559
75918: 0.993559
75919: 0.993559
75920: 0.993559
75921: 0.993559
75922: 0.993559
75923: 0.993559
75924: 0.993559
75925: 0.99356
75926: 0.99356
75927: 0.99356
75928: 0.99356
75929: 0.99356
75930: 0.99356
75931: 0.99356
75932: 0.99356
75933: 0.99356
75934: 0.99356
75935: 0.99356
75936: 0.99356
75937: 0.993561
75938: 0.993561
75939: 0.993561
75940: 0.993561
75941: 0.993561
75942: 0.993561
75943: 0.993561
75944: 0.993561
75945: 0.993561
75946: 0.993561
75947: 0.993561
75948: 0.993561
75949: 0.993562
75950: 0.993562
75951: 0.993562
75952: 0.993562
75953: 0.993562
75954: 0.993562
75955: 0.993562
75956: 0.993562
75957: 0.993562
75958: 0.993562
75959: 0.993562
75960: 0.993562
75961: 0.993563
75962: 0.993563
75963: 0.993563
75964: 0.993563
75965: 0.993563
75966: 0.993563
75967: 0.993563
75968: 0.993563
75969: 0.993563
75970: 0.993563
75971: 0.993563
75972: 0.993564
75973: 0.993564
75974: 0.993564
75975: 0.993564
75976: 0.993564
75977: 0.993564
75978: 0.993564
75979: 0.993564
75980: 0.993564
75981: 0.993564
75982: 0.993564
75983: 0.993564
75984: 0.993565
75985: 0.993565
75986: 0.993565
75987: 0.993565
75988: 0.993565
75989: 0.993565
75990: 0.993565
75991: 0.993565
75992: 0.993565
75993: 0.993565
75994: 0.993565
75995: 0.993565
75996: 0.993566
75997: 0.993566
75998: 0.993566
75999: 0.993566
76000: 0.993566
76001: 0.993566
76002: 0.993566
76003: 0.993566
76004: 0.993566
76005: 0.993566
76006: 0.993566
76007: 0.993566
76008: 0.993567
76009: 0.993567
76010: 0.993567
76011: 0.993567
76012: 0.993567
76013: 0.993567
76014: 0.993567
76015: 0.993567
76016: 0.993567
76017: 0.993567
76018: 0.993567
76019: 0.993567
76020: 0.993568
76021: 0.993568
76022: 0.993568
76023: 0.993568
76024: 0.993568
76025: 0.993568
76026: 0.993568
76027: 0.993568
76028: 0.993568
76029: 0.993568
76030: 0.993568
76031: 0.993568
76032: 0.993569
76033: 0.993569
76034: 0.993569
76035: 0.993569
76036: 0.993569
76037: 0.993569
76038: 0.993569
76039: 0.993569
76040: 0.993569
76041: 0.993569
76042: 0.993569
76043: 0.99357
76044: 0.99357
76045: 0.99357
76046: 0.99357
76047: 0.99357
76048: 0.99357
76049: 0.99357
76050: 0.99357
76051: 0.99357
76052: 0.99357
76053: 0.99357
76054: 0.99357
76055: 0.993571
76056: 0.993571
76057: 0.993571
76058: 0.993571
76059: 0.993571
76060: 0.993571
76061: 0.993571
76062: 0.993571
76063: 0.993571
76064: 0.993571
76065: 0.993571
76066: 0.993571
76067: 0.993572
76068: 0.993572
76069: 0.993572
76070: 0.993572
76071: 0.993572
76072: 0.993572
76073: 0.993572
76074: 0.993572
76075: 0.993572
76076: 0.993572
76077: 0.993572
76078: 0.993572
76079: 0.993573
76080: 0.993573
76081: 0.993573
76082: 0.993573
76083: 0.993573
76084: 0.993573
76085: 0.993573
76086: 0.993573
76087: 0.993573
76088: 0.993573
76089: 0.993573
76090: 0.993573
76091: 0.993574
76092: 0.993574
76093: 0.993574
76094: 0.993574
76095: 0.993574
76096: 0.993574
76097: 0.993574
76098: 0.993574
76099: 0.993574
76100: 0.993574
76101: 0.993574
76102: 0.993574
76103: 0.993575
76104: 0.993575
76105: 0.993575
76106: 0.993575
76107: 0.993575
76108: 0.993575
76109: 0.993575
76110: 0.993575
76111: 0.993575
76112: 0.993575
76113: 0.993575
76114: 0.993576
76115: 0.993576
76116: 0.993576
76117: 0.993576
76118: 0.993576
76119: 0.993576
76120: 0.993576
76121: 0.993576
76122: 0.993576
76123: 0.993576
76124: 0.993576
76125: 0.993576
76126: 0.993577
76127: 0.993577
76128: 0.993577
76129: 0.993577
76130: 0.993577
76131: 0.993577
76132: 0.993577
76133: 0.993577
76134: 0.993577
76135: 0.993577
76136: 0.993577
76137: 0.993577
76138: 0.993578
76139: 0.993578
76140: 0.993578
76141: 0.993578
76142: 0.993578
76143: 0.993578
76144: 0.993578
76145: 0.993578
76146: 0.993578
76147: 0.993578
76148: 0.993578
76149: 0.993578
76150: 0.993579
76151: 0.993579
76152: 0.993579
76153: 0.993579
76154: 0.993579
76155: 0.993579
76156: 0.993579
76157: 0.993579
76158: 0.993579
76159: 0.993579
76160: 0.993579
76161: 0.993579
76162: 0.99358
76163: 0.99358
76164: 0.99358
76165: 0.99358
76166: 0.99358
76167: 0.99358
76168: 0.99358
76169: 0.99358
76170: 0.99358
76171: 0.99358
76172: 0.99358
76173: 0.99358
76174: 0.993581
76175: 0.993581
76176: 0.993581
76177: 0.993581
76178: 0.993581
76179: 0.993581
76180: 0.993581
76181: 0.993581
76182: 0.993581
76183: 0.993581
76184: 0.993581
76185: 0.993581
76186: 0.993582
76187: 0.993582
76188: 0.993582
76189: 0.993582
76190: 0.993582
76191: 0.993582
76192: 0.993582
76193: 0.993582
76194: 0.993582
76195: 0.993582
76196: 0.993582
76197: 0.993583
76198: 0.993583
76199: 0.993583
76200: 0.993583
76201: 0.993583
76202: 0.993583
76203: 0.993583
76204: 0.993583
76205: 0.993583
76206: 0.993583
76207: 0.993583
76208: 0.993583
76209: 0.993584
76210: 0.993584
76211: 0.993584
76212: 0.993584
76213: 0.993584
76214: 0.993584
76215: 0.993584
76216: 0.993584
76217: 0.993584
76218: 0.993584
76219: 0.993584
76220: 0.993584
76221: 0.993585
76222: 0.993585
76223: 0.993585
76224: 0.993585
76225: 0.993585
76226: 0.993585
76227: 0.993585
76228: 0.993585
76229: 0.993585
76230: 0.993585
76231: 0.993585
76232: 0.993585
76233: 0.993586
76234: 0.993586
76235: 0.993586
76236: 0.993586
76237: 0.993586
76238: 0.993586
76239: 0.993586
76240: 0.993586
76241: 0.993586
76242: 0.993586
76243: 0.993586
76244: 0.993586
76245: 0.993587
76246: 0.993587
76247: 0.993587
76248: 0.993587
76249: 0.993587
76250: 0.993587
76251: 0.993587
76252: 0.993587
76253: 0.993587
76254: 0.993587
76255: 0.993587
76256: 0.993587
76257: 0.993588
76258: 0.993588
76259: 0.993588
76260: 0.993588
76261: 0.993588
76262: 0.993588
76263: 0.993588
76264: 0.993588
76265: 0.993588
76266: 0.993588
76267: 0.993588
76268: 0.993588
76269: 0.993589
76270: 0.993589
76271: 0.993589
76272: 0.993589
76273: 0.993589
76274: 0.993589
76275: 0.993589
76276: 0.993589
76277: 0.993589
76278: 0.993589
76279: 0.993589
76280: 0.993589
76281: 0.99359
76282: 0.99359
76283: 0.99359
76284: 0.99359
76285: 0.99359
76286: 0.99359
76287: 0.99359
76288: 0.99359
76289: 0.99359
76290: 0.99359
76291: 0.99359
76292: 0.99359
76293: 0.993591
76294: 0.993591
76295: 0.993591
76296: 0.993591
76297: 0.993591
76298: 0.993591
76299: 0.993591
76300: 0.993591
76301: 0.993591
76302: 0.993591
76303: 0.993591
76304: 0.993592
76305: 0.993592
76306: 0.993592
76307: 0.993592
76308: 0.993592
76309: 0.993592
76310: 0.993592
76311: 0.993592
76312: 0.993592
76313: 0.993592
76314: 0.993592
76315: 0.993592
76316: 0.993593
76317: 0.993593
76318: 0.993593
76319: 0.993593
76320: 0.993593
76321: 0.993593
76322: 0.993593
76323: 0.993593
76324: 0.993593
76325: 0.993593
76326: 0.993593
76327: 0.993593
76328: 0.993594
76329: 0.993594
76330: 0.993594
76331: 0.993594
76332: 0.993594
76333: 0.993594
76334: 0.993594
76335: 0.993594
76336: 0.993594
76337: 0.993594
76338: 0.993594
76339: 0.993594
76340: 0.993595
76341: 0.993595
76342: 0.993595
76343: 0.993595
76344: 0.993595
76345: 0.993595
76346: 0.993595
76347: 0.993595
76348: 0.993595
76349: 0.993595
76350: 0.993595
76351: 0.993595
76352: 0.993596
76353: 0.993596
76354: 0.993596
76355: 0.993596
76356: 0.993596
76357: 0.993596
76358: 0.993596
76359: 0.993596
76360: 0.993596
76361: 0.993596
76362: 0.993596
76363: 0.993596
76364: 0.993597
76365: 0.993597
76366: 0.993597
76367: 0.993597
76368: 0.993597
76369: 0.993597
76370: 0.993597
76371: 0.993597
76372: 0.993597
76373: 0.993597
76374: 0.993597
76375: 0.993597
76376: 0.993598
76377: 0.993598
76378: 0.993598
76379: 0.993598
76380: 0.993598
76381: 0.993598
76382: 0.993598
76383: 0.993598
76384: 0.993598
76385: 0.993598
76386: 0.993598
76387: 0.993598
76388: 0.993599
76389: 0.993599
76390: 0.993599
76391: 0.993599
76392: 0.993599
76393: 0.993599
76394: 0.993599
76395: 0.993599
76396: 0.993599
76397: 0.993599
76398: 0.993599
76399: 0.993599
76400: 0.9936
76401: 0.9936
76402: 0.9936
76403: 0.9936
76404: 0.9936
76405: 0.9936
76406: 0.9936
76407: 0.9936
76408: 0.9936
76409: 0.9936
76410: 0.9936
76411: 0.9936
76412: 0.993601
76413: 0.993601
76414: 0.993601
76415: 0.993601
76416: 0.993601
76417: 0.993601
76418: 0.993601
76419: 0.993601
76420: 0.993601
76421: 0.993601
76422: 0.993601
76423: 0.993601
76424: 0.993602
76425: 0.993602
76426: 0.993602
76427: 0.993602
76428: 0.993602
76429: 0.993602
76430: 0.993602
76431: 0.993602
76432: 0.993602
76433: 0.993602
76434: 0.993602
76435: 0.993602
76436: 0.993603
76437: 0.993603
76438: 0.993603
76439: 0.993603
76440: 0.993603
76441: 0.993603
76442: 0.993603
76443: 0.993603
76444: 0.993603
76445: 0.993603
76446: 0.993603
76447: 0.993603
76448: 0.993604
76449: 0.993604
76450: 0.993604
76451: 0.993604
76452: 0.993604
76453: 0.993604
76454: 0.993604
76455: 0.993604
76456: 0.993604
76457: 0.993604
76458: 0.993604
76459: 0.993604
76460: 0.993605
76461: 0.993605
76462: 0.993605
76463: 0.993605
76464: 0.993605
76465: 0.993605
76466: 0.993605
76467: 0.993605
76468: 0.993605
76469: 0.993605
76470: 0.993605
76471: 0.993606
76472: 0.993606
76473: 0.993606
76474: 0.993606
76475: 0.993606
76476: 0.993606
76477: 0.993606
76478: 0.993606
76479: 0.993606
76480: 0.993606
76481: 0.993606
76482: 0.993606
76483: 0.993607
76484: 0.993607
76485: 0.993607
76486: 0.993607
76487: 0.993607
76488: 0.993607
76489: 0.993607
76490: 0.993607
76491: 0.993607
76492: 0.993607
76493: 0.993607
76494: 0.993607
76495: 0.993608
76496: 0.993608
76497: 0.993608
76498: 0.993608
76499: 0.993608
76500: 0.993608
76501: 0.993608
76502: 0.993608
76503: 0.993608
76504: 0.993608
76505: 0.993608
76506: 0.993608
76507: 0.993609
76508: 0.993609
76509: 0.993609
76510: 0.993609
76511: 0.993609
76512: 0.993609
76513: 0.993609
76514: 0.993609
76515: 0.993609
76516: 0.993609
76517: 0.993609
76518: 0.993609
76519: 0.99361
76520: 0.99361
76521: 0.99361
76522: 0.99361
76523: 0.99361
76524: 0.99361
76525: 0.99361
76526: 0.99361
76527: 0.99361
76528: 0.99361
76529: 0.99361
76530: 0.99361
76531: 0.993611
76532: 0.993611
76533: 0.993611
76534: 0.993611
76535: 0.993611
76536: 0.993611
76537: 0.993611
76538: 0.993611
76539: 0.993611
76540: 0.993611
76541: 0.993611
76542: 0.993611
76543: 0.993612
76544: 0.993612
76545: 0.993612
76546: 0.993612
76547: 0.993612
76548: 0.993612
76549: 0.993612
76550: 0.993612
76551: 0.993612
76552: 0.993612
76553: 0.993612
76554: 0.993612
76555: 0.993613
76556: 0.993613
76557: 0.993613
76558: 0.993613
76559: 0.993613
76560: 0.993613
76561: 0.993613
76562: 0.993613
76563: 0.993613
76564: 0.993613
76565: 0.993613
76566: 0.993613
76567: 0.993614
76568: 0.993614
76569: 0.993614
76570: 0.993614
76571: 0.993614
76572: 0.993614
76573: 0.993614
76574: 0.993614
76575: 0.993614
76576: 0.993614
76577: 0.993614
76578: 0.993614
76579: 0.993615
76580: 0.993615
76581: 0.993615
76582: 0.993615
76583: 0.993615
76584: 0.993615
76585: 0.993615
76586: 0.993615
76587: 0.993615
76588: 0.993615
76589: 0.993615
76590: 0.993615
76591: 0.993616
76592: 0.993616
76593: 0.993616
76594: 0.993616
76595: 0.993616
76596: 0.993616
76597: 0.993616
76598: 0.993616
76599: 0.993616
76600: 0.993616
76601: 0.993616
76602: 0.993616
76603: 0.993617
76604: 0.993617
76605: 0.993617
76606: 0.993617
76607: 0.993617
76608: 0.993617
76609: 0.993617
76610: 0.993617
76611: 0.993617
76612: 0.993617
76613: 0.993617
76614: 0.993617
76615: 0.993618
76616: 0.993618
76617: 0.993618
76618: 0.993618
76619: 0.993618
76620: 0.993618
76621: 0.993618
76622: 0.993618
76623: 0.993618
76624: 0.993618
76625: 0.993618
76626: 0.993618
76627: 0.993619
76628: 0.993619
76629: 0.993619
76630: 0.993619
76631: 0.993619
76632: 0.993619
76633: 0.993619
76634: 0.993619
76635: 0.993619
76636: 0.993619
76637: 0.993619
76638: 0.993619
76639: 0.99362
76640: 0.99362
76641: 0.99362
76642: 0.99362
76643: 0.99362
76644: 0.99362
76645: 0.99362
76646: 0.99362
76647: 0.99362
76648: 0.99362
76649: 0.99362
76650: 0.99362
76651: 0.993621
76652: 0.993621
76653: 0.993621
76654: 0.993621
76655: 0.993621
76656: 0.993621
76657: 0.993621
76658: 0.993621
76659: 0.993608
76660: 0.993608
76661: 0.993608
76662: 0.993608
76663: 0.993608
76664: 0.993609
76665: 0.993609
76666: 0.993609
76667: 0.993609
76668: 0.993609
76669: 0.993609
76670: 0.993609
76671: 0.993609
76672: 0.993609
76673: 0.993609
76674: 0.993609
76675: 0.993609
76676: 0.99361
76677: 0.99361
76678: 0.99361
76679: 0.99361
76680: 0.99361
76681: 0.99361
76682: 0.99361
76683: 0.99361
76684: 0.99361
76685: 0.99361
76686: 0.99361
76687: 0.99361
76688: 0.993611
76689: 0.993611
76690: 0.993611
76691: 0.993611
76692: 0.993611
76693: 0.993611
76694: 0.993611
76695: 0.993611
76696: 0.993611
76697: 0.993611
76698: 0.993611
76699: 0.993611
76700: 0.993612
76701: 0.993612
76702: 0.993612
76703: 0.993612
76704: 0.993612
76705: 0.993612
76706: 0.993612
76707: 0.993612
76708: 0.993612
76709: 0.993612
76710: 0.993612
76711: 0.993612
76712: 0.993613
76713: 0.993613
76714: 0.993613
76715: 0.993613
76716: 0.993613
76717: 0.993613
76718: 0.993613
76719: 0.993613
76720: 0.993613
76721: 0.993613
76722: 0.993613
76723: 0.993613
76724: 0.993614
76725: 0.993614
76726: 0.993614
76727: 0.993614
76728: 0.993614
76729: 0.993614
76730: 0.993614
76731: 0.993614
76732: 0.993614
76733: 0.993614
76734: 0.993614
76735: 0.993614
76736: 0.993615
76737: 0.993615
76738: 0.993615
76739: 0.993615
76740: 0.993615
76741: 0.993615
76742: 0.993615
76743: 0.993615
76744: 0.993615
76745: 0.993615
76746: 0.993615
76747: 0.993615
76748: 0.993616
76749: 0.993616
76750: 0.993616
76751: 0.993616
76752: 0.993616
76753: 0.993616
76754: 0.993616
76755: 0.993616
76756: 0.993616
76757: 0.993616
76758: 0.993616
76759: 0.993616
76760: 0.993617
76761: 0.993617
76762: 0.993617
76763: 0.993617
76764: 0.993617
76765: 0.993617
76766: 0.993617
76767: 0.993617
76768: 0.993617
76769: 0.993617
76770: 0.993617
76771: 0.993617
76772: 0.993618
76773: 0.993618
76774: 0.993618
76775: 0.993618
76776: 0.993618
76777: 0.993618
76778: 0.993618
76779: 0.993618
76780: 0.993618
76781: 0.993618
76782: 0.993618
76783: 0.993618
76784: 0.993619
76785: 0.993619
76786: 0.993619
76787: 0.993619
76788: 0.993619
76789: 0.993619
76790: 0.993619
76791: 0.993619
76792: 0.993619
76793: 0.993619
76794: 0.993619
76795: 0.993619
76796: 0.99362
76797: 0.99362
76798: 0.99362
76799: 0.99362
76800: 0.99362
76801: 0.99362
76802: 0.99362
76803: 0.99362
76804: 0.99362
76805: 0.99362
76806: 0.99362
76807: 0.99362
76808: 0.993621
76809: 0.993621
76810: 0.993621
76811: 0.993621
76812: 0.993621
76813: 0.993621
76814: 0.993621
76815: 0.993621
76816: 0.993621
76817: 0.993621
76818: 0.993621
76819: 0.993621
76820: 0.993622
76821: 0.993622
76822: 0.993622
76823: 0.993622
76824: 0.993622
76825: 0.993622
76826: 0.993622
76827: 0.993622
76828: 0.993622
76829: 0.993622
76830: 0.993622
76831: 0.993622
76832: 0.993623
76833: 0.993623
76834: 0.993623
76835: 0.993623
76836: 0.993623
76837: 0.993623
76838: 0.993623
76839: 0.993623
76840: 0.993623
76841: 0.993623
76842: 0.993623
76843: 0.993623
76844: 0.993624
76845: 0.993624
76846: 0.993624
76847: 0.993624
76848: 0.993624
76849: 0.993624
76850: 0.993624
76851: 0.993624
76852: 0.993624
76853: 0.993624
76854: 0.993624
76855: 0.993624
76856: 0.993625
76857: 0.993625
76858: 0.993625
76859: 0.993625
76860: 0.993625
76861: 0.993625
76862: 0.993625
76863: 0.993625
76864: 0.993625
76865: 0.993625
76866: 0.993625
76867: 0.993625
76868: 0.993626
76869: 0.993626
76870: 0.993626
76871: 0.993626
76872: 0.993626
76873: 0.993626
76874: 0.993626
76875: 0.993626
76876: 0.993626
76877: 0.993626
76878: 0.993626
76879: 0.993626
76880: 0.993627
76881: 0.993627
76882: 0.993627
76883: 0.993627
76884: 0.993627
76885: 0.993627
76886: 0.993627
76887: 0.993627
76888: 0.993627
76889: 0.993627
76890: 0.993627
76891: 0.993627
76892: 0.993628
76893: 0.993628
76894: 0.993628
76895: 0.993628
76896: 0.993628
76897: 0.993628
76898: 0.993628
76899: 0.993628
76900: 0.993628
76901: 0.993628
76902: 0.993628
76903: 0.993628
76904: 0.993629
76905: 0.993629
76906: 0.993629
76907: 0.993629
76908: 0.993629
76909: 0.993629
76910: 0.993629
76911: 0.993629
76912: 0.993629
76913: 0.993629
76914: 0.993629
76915: 0.993616
76916: 0.993616
76917: 0.993617
76918: 0.993617
76919: 0.993617
76920: 0.993617
76921: 0.993617
76922: 0.993617
76923: 0.993617
76924: 0.993617
76925: 0.993617
76926: 0.993617
76927: 0.993617
76928: 0.993617
76929: 0.993618
76930: 0.993618
76931: 0.993618
76932: 0.993618
76933: 0.993618
76934: 0.993618
76935: 0.993618
76936: 0.993618
76937: 0.993618
76938: 0.993618
76939: 0.993618
76940: 0.993618
76941: 0.993619
76942: 0.993619
76943: 0.993619
76944: 0.993619
76945: 0.993619
76946: 0.993619
76947: 0.993619
76948: 0.993619
76949: 0.993619
76950: 0.993619
76951: 0.993619
76952: 0.993619
76953: 0.99362
76954: 0.99362
76955: 0.99362
76956: 0.99362
76957: 0.99362
76958: 0.99362
76959: 0.99362
76960: 0.99362
76961: 0.99362
76962: 0.99362
76963: 0.99362
76964: 0.99362
76965: 0.993621
76966: 0.993621
76967: 0.993621
76968: 0.993621
76969: 0.993621
76970: 0.993621
76971: 0.993621
76972: 0.993621
76973: 0.993621
76974: 0.993621
76975: 0.993621
76976: 0.993621
76977: 0.993622
76978: 0.993622
76979: 0.993622
76980: 0.993622
76981: 0.993622
76982: 0.993622
76983: 0.993622
76984: 0.993622
76985: 0.993622
76986: 0.993622
76987: 0.993622
76988: 0.993622
76989: 0.993623
76990: 0.993623
76991: 0.993623
76992: 0.993623
76993: 0.993623
76994: 0.993623
76995: 0.993623
76996: 0.993623
76997: 0.993623
76998: 0.993623
76999: 0.993623
77000: 0.993623
77001: 0.993624
77002: 0.993624
77003: 0.993624
77004: 0.993624
77005: 0.993624
77006: 0.993624
77007: 0.993624
77008: 0.993624
77009: 0.993624
77010: 0.993624
77011: 0.993624
77012: 0.993624
77013: 0.993625
77014: 0.993625
77015: 0.993625
77016: 0.993625
77017: 0.993625
77018: 0.993625
77019: 0.993625
77020: 0.993625
77021: 0.993625
77022: 0.993625
77023: 0.993625
77024: 0.993625
77025: 0.993626
77026: 0.993626
77027: 0.993626
77028: 0.993626
77029: 0.993626
77030: 0.993626
77031: 0.993626
77032: 0.993626
77033: 0.993626
77034: 0.993626
77035: 0.993626
77036: 0.993626
77037: 0.993627
77038: 0.993627
77039: 0.993627
77040: 0.993627
77041: 0.993627
77042: 0.993627
77043: 0.993627
77044: 0.993627
77045: 0.993627
77046: 0.993627
77047: 0.993627
77048: 0.993627
77049: 0.993628
77050: 0.993628
77051: 0.993628
77052: 0.993628
77053: 0.993628
77054: 0.993628
77055: 0.993628
77056: 0.993628
77057: 0.993628
77058: 0.993628
77059: 0.993628
77060: 0.993628
77061: 0.993629
77062: 0.993629
77063: 0.993629
77064: 0.993629
77065: 0.993629
77066: 0.993629
77067: 0.993629
77068: 0.993629
77069: 0.993629
77070: 0.993616
77071: 0.993603
77072: 0.993603
77073: 0.993604
77074: 0.993604
77075: 0.993604
77076: 0.993604
77077: 0.993604
77078: 0.993604
77079: 0.993604
77080: 0.993604
77081: 0.993604
77082: 0.993604
77083: 0.993604
77084: 0.993604
77085: 0.993605
77086: 0.993605
77087: 0.993605
77088: 0.993605
77089: 0.993605
77090: 0.993605
77091: 0.993605
77092: 0.993605
77093: 0.993605
77094: 0.993605
77095: 0.993605
77096: 0.993605
77097: 0.993606
77098: 0.993606
77099: 0.993606
77100: 0.993606
77101: 0.993606
77102: 0.993606
77103: 0.993606
77104: 0.993606
77105: 0.993606
77106: 0.993606
77107: 0.993606
77108: 0.993606
77109: 0.993607
77110: 0.993607
77111: 0.993607
77112: 0.993607
77113: 0.993607
77114: 0.993607
77115: 0.993607
77116: 0.993607
77117: 0.993607
77118: 0.993607
77119: 0.993607
77120: 0.993607
77121: 0.993608
77122: 0.993608
77123: 0.993608
77124: 0.993608
77125: 0.993608
77126: 0.993608
77127: 0.993608
77128: 0.993608
77129: 0.993608
77130: 0.993608
77131: 0.993608
77132: 0.993608
77133: 0.993609
77134: 0.993609
77135: 0.993609
77136: 0.993609
77137: 0.993609
77138: 0.993609
77139: 0.993609
77140: 0.993609
77141: 0.993609
77142: 0.993609
77143: 0.993609
77144: 0.993609
77145: 0.99361
77146: 0.99361
77147: 0.99361
77148: 0.99361
77149: 0.99361
77150: 0.99361
77151: 0.99361
77152: 0.99361
77153: 0.99361
77154: 0.99361
77155: 0.99361
77156: 0.99361
77157: 0.993611
77158: 0.993611
77159: 0.993611
77160: 0.993611
77161: 0.993611
77162: 0.993611
77163: 0.993611
77164: 0.993611
77165: 0.993611
77166: 0.993611
77167: 0.993611
77168: 0.993611
77169: 0.993612
77170: 0.993612
77171: 0.993612
77172: 0.993612
77173: 0.993612
77174: 0.993612
77175: 0.993612
77176: 0.993612
77177: 0.993612
77178: 0.993612
77179: 0.993612
77180: 0.993612
77181: 0.993613
77182: 0.993613
77183: 0.993613
77184: 0.993613
77185: 0.993613
77186: 0.993613
77187: 0.993613
77188: 0.993613
77189: 0.993613
77190: 0.993613
77191: 0.993613
77192: 0.993613
77193: 0.993613
77194: 0.993614
77195: 0.993614
77196: 0.993614
77197: 0.993614
77198: 0.993614
77199: 0.993614
77200: 0.993614
77201: 0.993614
77202: 0.993614
77203: 0.993614
77204: 0.993614
77205: 0.993614
77206: 0.993615
77207: 0.993615
77208: 0.993615
77209: 0.993615
77210: 0.993615
77211: 0.993615
77212: 0.993615
77213: 0.993615
77214: 0.993615
77215: 0.993615
77216: 0.993615
77217: 0.993615
77218: 0.993616
77219: 0.993616
77220: 0.993616
77221: 0.993616
77222: 0.993616
77223: 0.993616
77224: 0.993616
77225: 0.993616
77226: 0.993616
77227: 0.993616
77228: 0.993616
77229: 0.993616
77230: 0.993617
77231: 0.993617
77232: 0.993617
77233: 0.993617
77234: 0.993617
77235: 0.993617
77236: 0.993617
77237: 0.993617
77238: 0.993617
77239: 0.993617
77240: 0.993617
77241: 0.993617
77242: 0.993618
77243: 0.993618
77244: 0.993618
77245: 0.993618
77246: 0.993618
77247: 0.993618
77248: 0.993618
77249: 0.993618
77250: 0.993618
77251: 0.993618
77252: 0.993618
77253: 0.993618
77254: 0.993619
77255: 0.993619
77256: 0.993619
77257: 0.993619
77258: 0.993619
77259: 0.993619
77260: 0.993619
77261: 0.993619
77262: 0.993619
77263: 0.993619
77264: 0.993619
77265: 0.993619
77266: 0.99362
77267: 0.99362
77268: 0.99362
77269: 0.99362
77270: 0.99362
77271: 0.99362
77272: 0.99362
77273: 0.99362
77274: 0.99362
77275: 0.99362
77276: 0.99362
77277: 0.99362
77278: 0.993621
77279: 0.993621
77280: 0.993621
77281: 0.993621
77282: 0.993621
77283: 0.993621
77284: 0.993621
77285: 0.993621
77286: 0.993621
77287: 0.993621
77288: 0.993621
77289: 0.993621
77290: 0.993622
77291: 0.993622
77292: 0.993622
77293: 0.993622
77294: 0.993622
77295: 0.993622
77296: 0.993622
77297: 0.993622
77298: 0.993622
77299: 0.993622
77300: 0.993622
77301: 0.993622
77302: 0.993622
77303: 0.993623
77304: 0.993623
77305: 0.993623
77306: 0.993623
77307: 0.993623
77308: 0.993623
77309: 0.993623
77310: 0.993623
77311: 0.993623
77312: 0.993623
77313: 0.993623
77314: 0.993623
77315: 0.993624
77316: 0.993624
77317: 0.993624
77318: 0.993624
77319: 0.993624
77320: 0.993624
77321: 0.993624
77322: 0.993624
77323: 0.993624
77324: 0.993624
77325: 0.993624
77326: 0.993624
77327: 0.993625
77328: 0.993625
77329: 0.993625
77330: 0.993625
77331: 0.993625
77332: 0.993625
77333: 0.993625
77334: 0.993625
77335: 0.993625
77336: 0.993625
77337: 0.993625
77338: 0.993625
77339: 0.993626
77340: 0.993626
77341: 0.993626
77342: 0.993626
77343: 0.993626
77344: 0.993626
77345: 0.993626
77346: 0.993626
77347: 0.993626
77348: 0.993626
77349: 0.993626
77350: 0.993626
77351: 0.993627
77352: 0.993627
77353: 0.993627
77354: 0.993627
77355: 0.993627
77356: 0.993627
77357: 0.993627
77358: 0.993627
77359: 0.993627
77360: 0.993627
77361: 0.993627
77362: 0.993627
77363: 0.993628
77364: 0.993628
77365: 0.993628
77366: 0.993628
77367: 0.993628
77368: 0.993628
77369: 0.993628
77370: 0.993628
77371: 0.993628
77372: 0.993628
77373: 0.993628
77374: 0.993628
77375: 0.993629
77376: 0.993629
77377: 0.993629
77378: 0.993629
77379: 0.993629
77380: 0.993629
77381: 0.993629
77382: 0.993629
77383: 0.993629
77384: 0.993629
77385: 0.993629
77386: 0.993629
77387: 0.99363
77388: 0.99363
77389: 0.99363
77390: 0.99363
77391: 0.99363
77392: 0.99363
77393: 0.99363
77394: 0.99363
77395: 0.99363
77396: 0.99363
77397: 0.99363
77398: 0.99363
77399: 0.99363
77400: 0.993631
77401: 0.993631
77402: 0.993631
77403: 0.993631
77404: 0.993631
77405: 0.993631
77406: 0.993631
77407: 0.993631
77408: 0.993631
77409: 0.993631
77410: 0.993631
77411: 0.993631
77412: 0.993632
77413: 0.993632
77414: 0.993632
77415: 0.993632
77416: 0.993632
77417: 0.993632
77418: 0.993632
77419: 0.993632
77420: 0.993632
77421: 0.993632
77422: 0.993632
77423: 0.993632
77424: 0.993633
77425: 0.993633
77426: 0.993633
77427: 0.993633
77428: 0.993633
77429: 0.993633
77430: 0.993633
77431: 0.993633
77432: 0.993633
77433: 0.993633
77434: 0.993633
77435: 0.993633
77436: 0.993634
77437: 0.993634
77438: 0.993634
77439: 0.993634
77440: 0.993634
77441: 0.993634
77442: 0.993634
77443: 0.993634
77444: 0.993634
77445: 0.993634
77446: 0.993634
77447: 0.993634
77448: 0.993635
77449: 0.993635
77450: 0.993635
77451: 0.993635
77452: 0.993635
77453: 0.993635
77454: 0.993635
77455: 0.993635
77456: 0.993635
77457: 0.993635
77458: 0.993635
77459: 0.993635
77460: 0.993636
77461: 0.993636
77462: 0.993636
77463: 0.993636
77464: 0.993636
77465: 0.993636
77466: 0.993636
77467: 0.993636
77468: 0.993636
77469: 0.993636
77470: 0.993636
77471: 0.993636
77472: 0.993636
77473: 0.993637
77474: 0.993637
77475: 0.993637
77476: 0.993637
77477: 0.993637
77478: 0.993637
77479: 0.993637
77480: 0.993637
77481: 0.993637
77482: 0.993637
77483: 0.993637
77484: 0.993637
77485: 0.993638
77486: 0.993638
77487: 0.993638
77488: 0.993638
77489: 0.993638
77490: 0.993638
77491: 0.993638
77492: 0.993638
77493: 0.993638
77494: 0.993638
77495: 0.993638
77496: 0.993638
77497: 0.993639
77498: 0.993639
77499: 0.993639
77500: 0.993639
77501: 0.993639
77502: 0.993639
77503: 0.993639
77504: 0.993639
77505: 0.993639
77506: 0.993639
77507: 0.993639
77508: 0.993639
77509: 0.99364
77510: 0.99364
77511: 0.99364
77512: 0.99364
77513: 0.99364
77514: 0.99364
77515: 0.99364
77516: 0.99364
77517: 0.99364
77518: 0.99364
77519: 0.99364
77520: 0.99364
77521: 0.993641
77522: 0.993628
77523: 0.993628
77524: 0.993628
77525: 0.993628
77526: 0.993628
77527: 0.993628
77528: 0.993628
77529: 0.993628
77530: 0.993628
77531: 0.993628
77532: 0.993629
77533: 0.993629
77534: 0.993629
77535: 0.993629
77536: 0.993629
77537: 0.993629
77538: 0.993629
77539: 0.993629
77540: 0.993629
77541: 0.993629
77542: 0.993629
77543: 0.993629
77544: 0.99363
77545: 0.99363
77546: 0.99363
77547: 0.99363
77548: 0.99363
77549: 0.99363
77550: 0.993617
77551: 0.993617
77552: 0.993617
77553: 0.993617
77554: 0.993617
77555: 0.993618
77556: 0.993618
77557: 0.993618
77558: 0.993618
77559: 0.993618
77560: 0.993618
77561: 0.993618
77562: 0.993618
77563: 0.993618
77564: 0.993618
77565: 0.993618
77566: 0.993618
77567: 0.993619
77568: 0.993619
77569: 0.993619
77570: 0.993619
77571: 0.993619
77572: 0.993619
77573: 0.993619
77574: 0.993619
77575: 0.993619
77576: 0.993619
77577: 0.993619
77578: 0.993619
77579: 0.993619
77580: 0.99362
77581: 0.99362
77582: 0.99362
77583: 0.99362
77584: 0.99362
77585: 0.99362
77586: 0.99362
77587: 0.99362
77588: 0.99362
77589: 0.99362
77590: 0.99362
77591: 0.99362
77592: 0.993621
77593: 0.993621
77594: 0.993621
77595: 0.993621
77596: 0.993621
77597: 0.993621
77598: 0.993621
77599: 0.993621
77600: 0.993621
77601: 0.993621
77602: 0.993621
77603: 0.993621
77604: 0.993622
77605: 0.993622
77606: 0.993622
77607: 0.993622
77608: 0.993622
77609: 0.993622
77610: 0.993622
77611: 0.993622
77612: 0.993622
77613: 0.993622
77614: 0.993622
77615: 0.993622
77616: 0.993623
77617: 0.993623
77618: 0.993623
77619: 0.993623
77620: 0.993623
77621: 0.993623
77622: 0.993623
77623: 0.993623
77624: 0.993623
77625: 0.993623
77626: 0.993623
77627: 0.993623
77628: 0.993624
77629: 0.993624
77630: 0.993624
77631: 0.993624
77632: 0.993624
77633: 0.993624
77634: 0.993624
77635: 0.993611
77636: 0.993611
77637: 0.993611
77638: 0.993611
77639: 0.993612
77640: 0.993612
77641: 0.993612
77642: 0.993612
77643: 0.993612
77644: 0.993612
77645: 0.993612
77646: 0.993612
77647: 0.993612
77648: 0.993612
77649: 0.993612
77650: 0.993612
77651: 0.993613
77652: 0.993613
77653: 0.993613
77654: 0.993613
77655: 0.993613
77656: 0.993613
77657: 0.993613
77658: 0.993613
77659: 0.993613
77660: 0.993613
77661: 0.993613
77662: 0.993613
77663: 0.993614
77664: 0.993614
77665: 0.993614
77666: 0.993614
77667: 0.993614
77668: 0.993614
77669: 0.993614
77670: 0.993614
77671: 0.993614
77672: 0.993614
77673: 0.993614
77674: 0.993614
77675: 0.993615
77676: 0.993615
77677: 0.993615
77678: 0.993615
77679: 0.993615
77680: 0.993615
77681: 0.993615
77682: 0.993615
77683: 0.993615
77684: 0.993615
77685: 0.993615
77686: 0.993615
77687: 0.993615
77688: 0.993616
77689: 0.993616
77690: 0.993616
77691: 0.993616
77692: 0.993616
77693: 0.993616
77694: 0.993616
77695: 0.993616
77696: 0.993616
77697: 0.993616
77698: 0.993616
77699: 0.993616
77700: 0.993617
77701: 0.993617
77702: 0.993617
77703: 0.993617
77704: 0.993617
77705: 0.993617
77706: 0.993617
77707: 0.993617
77708: 0.993617
77709: 0.993617
77710: 0.993617
77711: 0.993617
77712: 0.993618
77713: 0.993618
77714: 0.993618
77715: 0.993618
77716: 0.993618
77717: 0.993618
77718: 0.993618
77719: 0.993618
77720: 0.993618
77721: 0.993618
77722: 0.993618
77723: 0.993618
77724: 0.993619
77725: 0.993619
77726: 0.993619
77727: 0.993619
77728: 0.993619
77729: 0.993619
77730: 0.993619
77731: 0.993619
77732: 0.993619
77733: 0.993619
77734: 0.993619
77735: 0.993619
77736: 0.99362
77737: 0.99362
77738: 0.99362
77739: 0.99362
77740: 0.99362
77741: 0.99362
77742: 0.99362
77743: 0.99362
77744: 0.99362
77745: 0.99362
77746: 0.99362
77747: 0.99362
77748: 0.99362
77749: 0.993621
77750: 0.993621
77751: 0.993621
77752: 0.993621
77753: 0.993621
77754: 0.993621
77755: 0.993621
77756: 0.993621
77757: 0.993621
77758: 0.993621
77759: 0.993621
77760: 0.993621
77761: 0.993622
77762: 0.993622
77763: 0.993622
77764: 0.993622
77765: 0.993622
77766: 0.993622
77767: 0.993622
77768: 0.993622
77769: 0.993622
77770: 0.993622
77771: 0.993622
77772: 0.993622
77773: 0.993623
77774: 0.993623
77775: 0.993623
77776: 0.993623
77777: 0.993623
77778: 0.993623
77779: 0.993623
77780: 0.993623
77781: 0.993623
77782: 0.993623
77783: 0.993623
77784: 0.993623
77785: 0.993624
77786: 0.993624
77787: 0.993624
77788: 0.993624
77789: 0.993624
77790: 0.993624
77791: 0.993624
77792: 0.993624
77793: 0.993624
77794: 0.993624
77795: 0.993624
77796: 0.993624
77797: 0.993625
77798: 0.993625
77799: 0.993625
77800: 0.993625
77801: 0.993625
77802: 0.993625
77803: 0.993625
77804: 0.993625
77805: 0.993625
77806: 0.993625
77807: 0.993625
77808: 0.993625
77809: 0.993625
77810: 0.993626
77811: 0.993626
77812: 0.993626
77813: 0.993626
77814: 0.993626
77815: 0.993626
77816: 0.993626
77817: 0.993626
77818: 0.993626
77819: 0.993626
77820: 0.993626
77821: 0.993626
77822: 0.993627
77823: 0.993627
77824: 0.993627
77825: 0.993627
77826: 0.993627
77827: 0.993627
77828: 0.993627
77829: 0.993627
77830: 0.993627
77831: 0.993627
77832: 0.993627
77833: 0.993627
77834: 0.993628
77835: 0.993628
77836: 0.993628
77837: 0.993628
77838: 0.993628
77839: 0.993628
77840: 0.993628
77841: 0.993628
77842: 0.993628
77843: 0.993628
77844: 0.993628
77845: 0.993628
77846: 0.993629
77847: 0.993629
77848: 0.993629
77849: 0.993629
77850: 0.993629
77851: 0.993629
77852: 0.993629
77853: 0.993629
77854: 0.993629
77855: 0.993629
77856: 0.993629
77857: 0.993629
77858: 0.99363
77859: 0.99363
77860: 0.99363
77861: 0.99363
77862: 0.99363
77863: 0.99363
77864: 0.99363
77865: 0.99363
77866: 0.99363
77867: 0.99363
77868: 0.99363
77869: 0.99363
77870: 0.99363
77871: 0.993631
77872: 0.993631
77873: 0.993631
77874: 0.993631
77875: 0.993631
77876: 0.993631
77877: 0.993631
77878: 0.993631
77879: 0.993631
77880: 0.993631
77881: 0.993631
77882: 0.993631
77883: 0.993632
77884: 0.993632
77885: 0.993632
77886: 0.993632
77887: 0.993632
77888: 0.993632
77889: 0.993632
77890: 0.993632
77891: 0.993632
77892: 0.993632
77893: 0.993632
77894: 0.993632
77895: 0.993633
77896: 0.993633
77897: 0.993633
77898: 0.993633
77899: 0.993633
77900: 0.993633
77901: 0.993633
77902: 0.993633
77903: 0.993633
77904: 0.993633
77905: 0.993633
77906: 0.993633
77907: 0.993634
77908: 0.993634
77909: 0.993634
77910: 0.993634
77911: 0.993634
77912: 0.993634
77913: 0.993634
77914: 0.993634
77915: 0.993634
77916: 0.993634
77917: 0.993634
77918: 0.993634
77919: 0.993634
77920: 0.993635
77921: 0.993635
77922: 0.993635
77923: 0.993635
77924: 0.993635
77925: 0.993635
77926: 0.993635
77927: 0.993635
77928: 0.993635
77929: 0.993635
77930: 0.993635
77931: 0.993635
77932: 0.993636
77933: 0.993636
77934: 0.993636
77935: 0.993636
77936: 0.993636
77937: 0.993636
77938: 0.993636
77939: 0.993636
77940: 0.993636
77941: 0.993636
77942: 0.993636
77943: 0.993636
77944: 0.993637
77945: 0.993637
77946: 0.993637
77947: 0.993637
77948: 0.993637
77949: 0.993637
77950: 0.993637
77951: 0.993637
77952: 0.993637
77953: 0.993637
77954: 0.993637
77955: 0.993637
77956: 0.993638
77957: 0.993638
77958: 0.993638
77959: 0.993638
77960: 0.993638
77961: 0.993638
77962: 0.993638
77963: 0.993638
77964: 0.993625
77965: 0.993625
77966: 0.993626
77967: 0.993626
77968: 0.993626
77969: 0.993626
77970: 0.993626
77971: 0.993626
77972: 0.993626
77973: 0.993626
77974: 0.993626
77975: 0.993626
77976: 0.993626
77977: 0.993626
77978: 0.993626
77979: 0.993627
77980: 0.993627
77981: 0.993627
77982: 0.993627
77983: 0.993627
77984: 0.993627
77985: 0.993627
77986: 0.993627
77987: 0.993627
77988: 0.993627
77989: 0.993627
77990: 0.993627
77991: 0.993628
77992: 0.993628
77993: 0.993628
77994: 0.993628
77995: 0.993628
77996: 0.993628
77997: 0.993628
77998: 0.993628
77999: 0.993628
78000: 0.993628
78001: 0.993628
78002: 0.993628
78003: 0.993629
78004: 0.993629
78005: 0.993629
78006: 0.993629
78007: 0.993629
78008: 0.993629
78009: 0.993629
78010: 0.993629
78011: 0.993629
78012: 0.993629
78013: 0.993629
78014: 0.993629
78015: 0.99363
78016: 0.99363
78017: 0.99363
78018: 0.99363
78019: 0.99363
78020: 0.99363
78021: 0.99363
78022: 0.99363
78023: 0.99363
78024: 0.99363
78025: 0.99363
78026: 0.99363
78027: 0.99363
78028: 0.993631
78029: 0.993631
78030: 0.993631
78031: 0.993631
78032: 0.993631
78033: 0.993631
78034: 0.993631
78035: 0.993631
78036: 0.993631
78037: 0.993631
78038: 0.993631
78039: 0.993631
78040: 0.993632
78041: 0.993632
78042: 0.993632
78043: 0.993632
78044: 0.993632
78045: 0.993632
78046: 0.993632
78047: 0.993632
78048: 0.993632
78049: 0.993632
78050: 0.993632
78051: 0.993632
78052: 0.993633
78053: 0.993633
78054: 0.993633
78055: 0.993633
78056: 0.993633
78057: 0.993633
78058: 0.993633
78059: 0.993633
78060: 0.993633
78061: 0.993633
78062: 0.993633
78063: 0.993633
78064: 0.993634
78065: 0.993634
78066: 0.993634
78067: 0.993634
78068: 0.993634
78069: 0.993634
78070: 0.993634
78071: 0.993634
78072: 0.993634
78073: 0.993634
78074: 0.993634
78075: 0.993634
78076: 0.993634
78077: 0.993635
78078: 0.993635
78079: 0.993635
78080: 0.993635
78081: 0.993635
78082: 0.993635
78083: 0.993635
78084: 0.993635
78085: 0.993635
78086: 0.993635
78087: 0.993635
78088: 0.993635
78089: 0.993636
78090: 0.993636
78091: 0.993636
78092: 0.993636
78093: 0.993636
78094: 0.993636
78095: 0.993636
78096: 0.993636
78097: 0.993636
78098: 0.993636
78099: 0.993636
78100: 0.993636
78101: 0.993637
78102: 0.993637
78103: 0.993637
78104: 0.993637
78105: 0.993637
78106: 0.993637
78107: 0.993637
78108: 0.993637
78109: 0.993637
78110: 0.993637
78111: 0.993637
78112: 0.993637
78113: 0.993638
78114: 0.993638
78115: 0.993638
78116: 0.993638
78117: 0.993638
78118: 0.993638
78119: 0.993638
78120: 0.993638
78121: 0.993638
78122: 0.993638
78123: 0.993638
78124: 0.993638
78125: 0.993638
78126: 0.993639
78127: 0.993639
78128: 0.993639
78129: 0.993639
78130: 0.993639
78131: 0.993639
78132: 0.993639
78133: 0.993639
78134: 0.993639
78135: 0.993639
78136: 0.993639
78137: 0.993639
78138: 0.99364
78139: 0.99364
78140: 0.99364
78141: 0.99364
78142: 0.99364
78143: 0.99364
78144: 0.99364
78145: 0.99364
78146: 0.99364
78147: 0.99364
78148: 0.99364
78149: 0.99364
78150: 0.993641
78151: 0.993641
78152: 0.993641
78153: 0.993641
78154: 0.993641
78155: 0.993641
78156: 0.993641
78157: 0.993641
78158: 0.993641
78159: 0.993641
78160: 0.993641
78161: 0.993641
78162: 0.993641
78163: 0.993642
78164: 0.993642
78165: 0.993642
78166: 0.993642
78167: 0.993642
78168: 0.993642
78169: 0.993642
78170: 0.993642
78171: 0.993642
78172: 0.993642
78173: 0.993642
78174: 0.993642
78175: 0.993643
78176: 0.993643
78177: 0.993643
78178: 0.993643
78179: 0.993643
78180: 0.993643
78181: 0.993643
78182: 0.993643
78183: 0.993643
78184: 0.993643
78185: 0.993643
78186: 0.993643
78187: 0.993644
78188: 0.993644
78189: 0.993644
78190: 0.993644
78191: 0.993644
78192: 0.993644
78193: 0.993644
78194: 0.993644
78195: 0.993644
78196: 0.993644
78197: 0.993644
78198: 0.993644
78199: 0.993645
78200: 0.993645
78201: 0.993645
78202: 0.993645
78203: 0.993645
78204: 0.993645
78205: 0.993645
78206: 0.993645
78207: 0.993645
78208: 0.993645
78209: 0.993645
78210: 0.993645
78211: 0.993645
78212: 0.993646
78213: 0.993646
78214: 0.993646
78215: 0.993646
78216: 0.993646
78217: 0.993646
78218: 0.993646
78219: 0.993646
78220: 0.993646
78221: 0.993646
78222: 0.993646
78223: 0.993646
78224: 0.993647
78225: 0.993647
78226: 0.993647
78227: 0.993647
78228: 0.993647
78229: 0.993647
78230: 0.993647
78231: 0.993647
78232: 0.993647
78233: 0.993647
78234: 0.993647
78235: 0.993647
78236: 0.993648
78237: 0.993648
78238: 0.993648
78239: 0.993648
78240: 0.993648
78241: 0.993648
78242: 0.993648
78243: 0.993648
78244: 0.993648
78245: 0.993648
78246: 0.993648
78247: 0.993648
78248: 0.993648
78249: 0.993649
78250: 0.993649
78251: 0.993649
78252: 0.993649
78253: 0.993649
78254: 0.993649
78255: 0.993649
78256: 0.993649
78257: 0.993649
78258: 0.993649
78259: 0.993649
78260: 0.993649
78261: 0.99365
78262: 0.99365
78263: 0.99365
78264: 0.99365
78265: 0.99365
78266: 0.99365
78267: 0.99365
78268: 0.99365
78269: 0.99365
78270: 0.99365
78271: 0.99365
78272: 0.99365
78273: 0.993651
78274: 0.993651
78275: 0.993651
78276: 0.993651
78277: 0.993651
78278: 0.993651
78279: 0.993651
78280: 0.993651
78281: 0.993651
78282: 0.993651
78283: 0.993651
78284: 0.993651
78285: 0.993651
78286: 0.993652
78287: 0.993652
78288: 0.993652
78289: 0.993652
78290: 0.993652
78291: 0.993652
78292: 0.993652
78293: 0.993652
78294: 0.993652
78295: 0.993652
78296: 0.993652
78297: 0.993652
78298: 0.993653
78299: 0.993653
78300: 0.993653
78301: 0.993653
78302: 0.993653
78303: 0.993653
78304: 0.993653
78305: 0.993653
78306: 0.993653
78307: 0.993653
78308: 0.993653
78309: 0.993653
78310: 0.993654
78311: 0.993654
78312: 0.993654
78313: 0.993654
78314: 0.993654
78315: 0.993654
78316: 0.993654
78317: 0.993654
78318: 0.993654
78319: 0.993654
78320: 0.993654
78321: 0.993654
78322: 0.993654
78323: 0.993655
78324: 0.993655
78325: 0.993655
78326: 0.993655
78327: 0.993655
78328: 0.993655
78329: 0.993655
78330: 0.993655
78331: 0.993655
78332: 0.993655
78333: 0.993655
78334: 0.993655
78335: 0.993656
78336: 0.993656
78337: 0.993656
78338: 0.993656
78339: 0.993656
78340: 0.993656
78341: 0.993656
78342: 0.993656
78343: 0.993656
78344: 0.993656
78345: 0.993656
78346: 0.993656
78347: 0.993657
78348: 0.993657
78349: 0.993657
78350: 0.993657
78351: 0.993657
78352: 0.993657
78353: 0.993657
78354: 0.993657
78355: 0.993657
78356: 0.993657
78357: 0.993657
78358: 0.993657
78359: 0.993657
78360: 0.993658
78361: 0.993658
78362: 0.993658
78363: 0.993658
78364: 0.993658
78365: 0.993658
78366: 0.993658
78367: 0.993658
78368: 0.993658
78369: 0.993658
78370: 0.993658
78371: 0.993658
78372: 0.993659
78373: 0.993659
78374: 0.993659
78375: 0.993659
78376: 0.993659
78377: 0.993659
78378: 0.993659
78379: 0.993659
78380: 0.993659
78381: 0.993659
78382: 0.993659
78383: 0.993659
78384: 0.99366
78385: 0.99366
78386: 0.99366
78387: 0.99366
78388: 0.99366
78389: 0.99366
78390: 0.99366
78391: 0.99366
78392: 0.99366
78393: 0.99366
78394: 0.99366
78395: 0.99366
78396: 0.99366
78397: 0.993661
78398: 0.993661
78399: 0.993661
78400: 0.993661
78401: 0.993661
78402: 0.993661
78403: 0.993661
78404: 0.993661
78405: 0.993661
78406: 0.993661
78407: 0.993661
78408: 0.993661
78409: 0.993662
78410: 0.993662
78411: 0.993662
78412: 0.993649
78413: 0.993649
78414: 0.993649
78415: 0.993649
78416: 0.993649
78417: 0.993649
78418: 0.993649
78419: 0.99365
78420: 0.99365
78421: 0.99365
78422: 0.99365
78423: 0.99365
78424: 0.99365
78425: 0.99365
78426: 0.99365
78427: 0.99365
78428: 0.99365
78429: 0.99365
78430: 0.99365
78431: 0.993651
78432: 0.993651
78433: 0.993651
78434: 0.993651
78435: 0.993651
78436: 0.993651
78437: 0.993651
78438: 0.993651
78439: 0.993651
78440: 0.993651
78441: 0.993651
78442: 0.993651
78443: 0.993652
78444: 0.993652
78445: 0.993652
78446: 0.993652
78447: 0.993652
78448: 0.993652
78449: 0.993652
78450: 0.993652
78451: 0.993652
78452: 0.993652
78453: 0.993652
78454: 0.993652
78455: 0.993652
78456: 0.993653
78457: 0.993653
78458: 0.993653
78459: 0.993653
78460: 0.993653
78461: 0.993653
78462: 0.993653
78463: 0.993653
78464: 0.993653
78465: 0.993653
78466: 0.993653
78467: 0.993653
78468: 0.993654
78469: 0.993654
78470: 0.993654
78471: 0.993654
78472: 0.993654
78473: 0.993654
78474: 0.993654
78475: 0.993654
78476: 0.993654
78477: 0.993654
78478: 0.993654
78479: 0.993654
78480: 0.993655
78481: 0.993655
78482: 0.993655
78483: 0.993655
78484: 0.993655
78485: 0.993655
78486: 0.993655
78487: 0.993655
78488: 0.993655
78489: 0.993655
78490: 0.993655
78491: 0.993655
78492: 0.993655
78493: 0.993656
78494: 0.993656
78495: 0.993656
78496: 0.993656
78497: 0.993656
78498: 0.993656
78499: 0.993656
78500: 0.993656
78501: 0.993656
78502: 0.993656
78503: 0.993656
78504: 0.993656
78505: 0.993657
78506: 0.993657
78507: 0.993657
78508: 0.993657
78509: 0.993657
78510: 0.993657
78511: 0.993657
78512: 0.993657
78513: 0.993657
78514: 0.993657
78515: 0.993657
78516: 0.993657
78517: 0.993658
78518: 0.993658
78519: 0.993658
78520: 0.993658
78521: 0.993658
78522: 0.993658
78523: 0.993658
78524: 0.993658
78525: 0.993658
78526: 0.993658
78527: 0.993658
78528: 0.993658
78529: 0.993658
78530: 0.993659
78531: 0.993659
78532: 0.993659
78533: 0.993659
78534: 0.993659
78535: 0.993659
78536: 0.993659
78537: 0.993659
78538: 0.993659
78539: 0.993659
78540: 0.993659
78541: 0.993659
78542: 0.99366
78543: 0.99366
78544: 0.99366
78545: 0.99366
78546: 0.99366
78547: 0.99366
78548: 0.99366
78549: 0.99366
78550: 0.99366
78551: 0.99366
78552: 0.99366
78553: 0.99366
78554: 0.99366
78555: 0.993661
78556: 0.993661
78557: 0.993661
78558: 0.993661
78559: 0.993661
78560: 0.993661
78561: 0.993661
78562: 0.993661
78563: 0.993661
78564: 0.993661
78565: 0.993661
78566: 0.993661
78567: 0.993662
78568: 0.993662
78569: 0.993662
78570: 0.993662
78571: 0.993662
78572: 0.993662
78573: 0.993662
78574: 0.993662
78575: 0.993662
78576: 0.993662
78577: 0.993662
78578: 0.993662
78579: 0.993663
78580: 0.993663
78581: 0.993663
78582: 0.993663
78583: 0.993663
78584: 0.993663
78585: 0.993663
78586: 0.993663
78587: 0.993663
78588: 0.993663
78589: 0.993663
78590: 0.993663
78591: 0.993663
78592: 0.993664
78593: 0.993664
78594: 0.993664
78595: 0.993664
78596: 0.993664
78597: 0.993664
78598: 0.993664
78599: 0.993664
78600: 0.993664
78601: 0.993664
78602: 0.993664
78603: 0.993664
78604: 0.993665
78605: 0.993665
78606: 0.993665
78607: 0.993665
78608: 0.993665
78609: 0.993665
78610: 0.993665
78611: 0.993665
78612: 0.993665
78613: 0.993665
78614: 0.993665
78615: 0.993665
78616: 0.993665
78617: 0.993666
78618: 0.993666
78619: 0.993666
78620: 0.993666
78621: 0.993666
78622: 0.993666
78623: 0.993666
78624: 0.993666
78625: 0.993666
78626: 0.993666
78627: 0.993666
78628: 0.993666
78629: 0.993667
78630: 0.993667
78631: 0.993667
78632: 0.993667
78633: 0.993667
78634: 0.993667
78635: 0.993667
78636: 0.993667
78637: 0.993667
78638: 0.993667
78639: 0.993667
78640: 0.993667
78641: 0.993668
78642: 0.993668
78643: 0.993668
78644: 0.993668
78645: 0.993668
78646: 0.993668
78647: 0.993668
78648: 0.993668
78649: 0.993668
78650: 0.993668
78651: 0.993668
78652: 0.993668
78653: 0.993668
78654: 0.993669
78655: 0.993669
78656: 0.993669
78657: 0.993669
78658: 0.993669
78659: 0.993669
78660: 0.993669
78661: 0.993669
78662: 0.993669
78663: 0.993669
78664: 0.993669
78665: 0.993669
78666: 0.99367
78667: 0.99367
78668: 0.99367
78669: 0.99367
78670: 0.99367
78671: 0.99367
78672: 0.99367
78673: 0.99367
78674: 0.99367
78675: 0.99367
78676: 0.99367
78677: 0.99367
78678: 0.99367
78679: 0.993671
78680: 0.993671
78681: 0.993671
78682: 0.993671
78683: 0.993671
78684: 0.993671
78685: 0.993671
78686: 0.993671
78687: 0.993671
78688: 0.993671
78689: 0.993671
78690: 0.993671
78691: 0.993672
78692: 0.993672
78693: 0.993672
78694: 0.993672
78695: 0.993672
78696: 0.993672
78697: 0.993672
78698: 0.993672
78699: 0.993672
78700: 0.993672
78701: 0.993672
78702: 0.993672
78703: 0.993672
78704: 0.993673
78705: 0.993673
78706: 0.993673
78707: 0.993673
78708: 0.993673
78709: 0.993673
78710: 0.993673
78711: 0.993673
78712: 0.993673
78713: 0.993673
78714: 0.993673
78715: 0.993673
78716: 0.993674
78717: 0.993674
78718: 0.993674
78719: 0.993674
78720: 0.993674
78721: 0.993674
78722: 0.993674
78723: 0.993674
78724: 0.993674
78725: 0.993674
78726: 0.993674
78727: 0.993674
78728: 0.993675
78729: 0.993675
78730: 0.993675
78731: 0.993675
78732: 0.993675
78733: 0.993675
78734: 0.993675
78735: 0.993675
78736: 0.993675
78737: 0.993675
78738: 0.993675
78739: 0.993663
78740: 0.993663
78741: 0.993663
78742: 0.993663
78743: 0.993663
78744: 0.993663
78745: 0.993663
78746: 0.993663
78747: 0.993663
78748: 0.993663
78749: 0.993663
78750: 0.993664
78751: 0.993664
78752: 0.993664
78753: 0.993664
78754: 0.993664
78755: 0.993664
78756: 0.993664
78757: 0.993664
78758: 0.993664
78759: 0.993664
78760: 0.993664
78761: 0.993664
78762: 0.993665
78763: 0.993665
78764: 0.993665
78765: 0.993665
78766: 0.993665
78767: 0.993665
78768: 0.993665
78769: 0.993665
78770: 0.993665
78771: 0.993665
78772: 0.993665
78773: 0.993665
78774: 0.993666
78775: 0.993666
78776: 0.993666
78777: 0.993666
78778: 0.993666
78779: 0.993666
78780: 0.993666
78781: 0.993666
78782: 0.993666
78783: 0.993666
78784: 0.993666
78785: 0.993666
78786: 0.993666
78787: 0.993667
78788: 0.993667
78789: 0.993667
78790: 0.993667
78791: 0.993667
78792: 0.993667
78793: 0.993667
78794: 0.993667
78795: 0.993667
78796: 0.993667
78797: 0.993667
78798: 0.993667
78799: 0.993668
78800: 0.993668
78801: 0.993668
78802: 0.993668
78803: 0.993668
78804: 0.993668
78805: 0.993668
78806: 0.993668
78807: 0.993668
78808: 0.993668
78809: 0.993668
78810: 0.993668
78811: 0.993668
78812: 0.993669
78813: 0.993669
78814: 0.993669
78815: 0.993669
78816: 0.993669
78817: 0.993669
78818: 0.993669
78819: 0.993669
78820: 0.993669
78821: 0.993669
78822: 0.993669
78823: 0.993669
78824: 0.99367
78825: 0.99367
78826: 0.99367
78827: 0.99367
78828: 0.99367
78829: 0.99367
78830: 0.99367
78831: 0.99367
78832: 0.99367
78833: 0.99367
78834: 0.99367
78835: 0.99367
78836: 0.99367
78837: 0.993671
78838: 0.993671
78839: 0.993671
78840: 0.993671
78841: 0.993671
78842: 0.993671
78843: 0.993671
78844: 0.993671
78845: 0.993671
78846: 0.993671
78847: 0.993671
78848: 0.993671
78849: 0.993672
78850: 0.993672
78851: 0.993672
78852: 0.993672
78853: 0.993672
78854: 0.993672
78855: 0.993672
78856: 0.993672
78857: 0.993672
78858: 0.993672
78859: 0.993672
78860: 0.993672
78861: 0.993672
78862: 0.993673
78863: 0.993673
78864: 0.993673
78865: 0.993673
78866: 0.993673
78867: 0.993673
78868: 0.993673
78869: 0.993673
78870: 0.993673
78871: 0.993673
78872: 0.993673
78873: 0.993673
78874: 0.993674
78875: 0.993674
78876: 0.993674
78877: 0.993674
78878: 0.993674
78879: 0.993674
78880: 0.993674
78881: 0.993674
78882: 0.993674
78883: 0.993674
78884: 0.993674
78885: 0.993674
78886: 0.993674
78887: 0.993675
78888: 0.993675
78889: 0.993675
78890: 0.993675
78891: 0.993675
78892: 0.993675
78893: 0.993675
78894: 0.993675
78895: 0.993675
78896: 0.993675
78897: 0.993675
78898: 0.993675
78899: 0.993676
78900: 0.993676
78901: 0.993676
78902: 0.993676
78903: 0.993676
78904: 0.993676
78905: 0.993676
78906: 0.993676
78907: 0.993676
78908: 0.993676
78909: 0.993676
78910: 0.993676
78911: 0.993677
78912: 0.993677
78913: 0.993677
78914: 0.993677
78915: 0.993677
78916: 0.993677
78917: 0.993677
78918: 0.993677
78919: 0.993677
78920: 0.993677
78921: 0.993677
78922: 0.993677
78923: 0.993677
78924: 0.993678
78925: 0.993678
78926: 0.993678
78927: 0.993678
78928: 0.993678
78929: 0.993678
78930: 0.993678
78931: 0.993678
78932: 0.993678
78933: 0.993678
78934: 0.993678
78935: 0.993678
78936: 0.993679
78937: 0.993679
78938: 0.993679
78939: 0.993679
78940: 0.993679
78941: 0.993679
78942: 0.993679
78943: 0.993679
78944: 0.993679
78945: 0.993679
78946: 0.993679
78947: 0.993679
78948: 0.993679
78949: 0.99368
78950: 0.99368
78951: 0.99368
78952: 0.99368
78953: 0.99368
78954: 0.99368
78955: 0.99368
78956: 0.99368
78957: 0.99368
78958: 0.99368
78959: 0.99368
78960: 0.99368
78961: 0.993681
78962: 0.993681
78963: 0.993681
78964: 0.993681
78965: 0.993681
78966: 0.993681
78967: 0.993681
78968: 0.993681
78969: 0.993681
78970: 0.993681
78971: 0.993681
78972: 0.993681
78973: 0.993681
78974: 0.993682
78975: 0.993682
78976: 0.993682
78977: 0.993682
78978: 0.993682
78979: 0.993682
78980: 0.993682
78981: 0.993682
78982: 0.993682
78983: 0.993682
78984: 0.993682
78985: 0.993682
78986: 0.993683
78987: 0.993683
78988: 0.993683
78989: 0.993683
78990: 0.993683
78991: 0.993683
78992: 0.993683
78993: 0.993683
78994: 0.993683
78995: 0.993683
78996: 0.993683
78997: 0.993683
78998: 0.993683
78999: 0.993684
79000: 0.993684
79001: 0.993684
79002: 0.993684
79003: 0.993684
79004: 0.993684
79005: 0.993684
79006: 0.993684
79007: 0.993684
79008: 0.993684
79009: 0.993684
79010: 0.993684
79011: 0.993685
79012: 0.993685
79013: 0.993685
79014: 0.993685
79015: 0.993685
79016: 0.993685
79017: 0.993685
79018: 0.993685
79019: 0.993685
79020: 0.993685
79021: 0.993685
79022: 0.993685
79023: 0.993685
79024: 0.993686
79025: 0.993686
79026: 0.993686
79027: 0.993686
79028: 0.993686
79029: 0.993686
79030: 0.993686
79031: 0.993686
79032: 0.993686
79033: 0.993686
79034: 0.993686
79035: 0.993686
79036: 0.993687
79037: 0.993687
79038: 0.993687
79039: 0.993687
79040: 0.993687
79041: 0.993687
79042: 0.993687
79043: 0.993687
79044: 0.993687
79045: 0.993687
79046: 0.993687
79047: 0.993687
79048: 0.993687
79049: 0.993688
79050: 0.993688
79051: 0.993688
79052: 0.993688
79053: 0.993688
79054: 0.993688
79055: 0.993688
79056: 0.993688
79057: 0.993688
79058: 0.993688
79059: 0.993688
79060: 0.993688
79061: 0.993688
79062: 0.993689
79063: 0.993689
79064: 0.993689
79065: 0.993689
79066: 0.993689
79067: 0.993689
79068: 0.993689
79069: 0.993689
79070: 0.993689
79071: 0.993689
79072: 0.993689
79073: 0.993689
79074: 0.99369
79075: 0.99369
79076: 0.99369
79077: 0.99369
79078: 0.99369
79079: 0.99369
79080: 0.99369
79081: 0.99369
79082: 0.99369
79083: 0.99369
79084: 0.99369
79085: 0.99369
79086: 0.99369
79087: 0.993691
79088: 0.993691
79089: 0.993691
79090: 0.993691
79091: 0.993691
79092: 0.993691
79093: 0.993691
79094: 0.993691
79095: 0.993691
79096: 0.993691
79097: 0.993691
79098: 0.993691
79099: 0.993692
79100: 0.993692
79101: 0.993692
79102: 0.993692
79103: 0.993692
79104: 0.993692
79105: 0.993692
79106: 0.993692
79107: 0.993692
79108: 0.993692
79109: 0.993692
79110: 0.993692
79111: 0.993692
79112: 0.993693
79113: 0.993693
79114: 0.993693
79115: 0.993693
79116: 0.993693
79117: 0.993693
79118: 0.993693
79119: 0.993693
79120: 0.993693
79121: 0.993693
79122: 0.993693
79123: 0.993693
79124: 0.993694
79125: 0.993694
79126: 0.993694
79127: 0.993694
79128: 0.993694
79129: 0.993694
79130: 0.993694
79131: 0.993694
79132: 0.993694
79133: 0.993694
79134: 0.993694
79135: 0.993694
79136: 0.993694
79137: 0.993695
79138: 0.993695
79139: 0.993695
79140: 0.993695
79141: 0.993695
79142: 0.993695
79143: 0.993695
79144: 0.993695
79145: 0.993695
79146: 0.993695
79147: 0.993695
79148: 0.993695
79149: 0.993696
79150: 0.993696
79151: 0.993696
79152: 0.993696
79153: 0.993696
79154: 0.993696
79155: 0.993696
79156: 0.993696
79157: 0.993696
79158: 0.993696
79159: 0.993696
79160: 0.993696
79161: 0.993696
79162: 0.993697
79163: 0.993697
79164: 0.993697
79165: 0.993697
79166: 0.993697
79167: 0.993697
79168: 0.993697
79169: 0.993697
79170: 0.993697
79171: 0.993697
79172: 0.993697
79173: 0.993697
79174: 0.993698
79175: 0.993698
79176: 0.993698
79177: 0.993698
79178: 0.993698
79179: 0.993698
79180: 0.993698
79181: 0.993698
79182: 0.993698
79183: 0.993698
79184: 0.993698
79185: 0.993698
79186: 0.993698
79187: 0.993699
79188: 0.993699
79189: 0.993699
79190: 0.993699
79191: 0.993699
79192: 0.993699
79193: 0.993699
79194: 0.993699
79195: 0.993699
79196: 0.993699
79197: 0.993699
79198: 0.993699
79199: 0.993699
79200: 0.9937
79201: 0.9937
79202: 0.9937
79203: 0.9937
79204: 0.9937
79205: 0.9937
79206: 0.9937
79207: 0.9937
79208: 0.9937
79209: 0.9937
79210: 0.9937
79211: 0.9937
79212: 0.993701
79213: 0.993701
79214: 0.993701
79215: 0.993701
79216: 0.993701
79217: 0.993701
79218: 0.993701
79219: 0.993701
79220: 0.993701
79221: 0.993701
79222: 0.993701
79223: 0.993701
79224: 0.993701
79225: 0.993702
79226: 0.993702
79227: 0.993702
79228: 0.993702
79229: 0.993702
79230: 0.993702
79231: 0.993702
79232: 0.993702
79233: 0.993702
79234: 0.993702
79235: 0.993702
79236: 0.993702
79237: 0.993703
79238: 0.993703
79239: 0.993703
79240: 0.993703
79241: 0.993703
79242: 0.993703
79243: 0.993703
79244: 0.993703
79245: 0.993703
79246: 0.993703
79247: 0.993703
79248: 0.993703
79249: 0.993703
79250: 0.993704
79251: 0.993704
79252: 0.993704
79253: 0.993704
79254: 0.993704
79255: 0.993704
79256: 0.993704
79257: 0.993704
79258: 0.993704
79259: 0.993704
79260: 0.993704
79261: 0.993704
79262: 0.993705
79263: 0.993705
79264: 0.993705
79265: 0.993705
79266: 0.993705
79267: 0.993705
79268: 0.993705
79269: 0.993705
79270: 0.993705
79271: 0.993705
79272: 0.993705
79273: 0.993705
79274: 0.993705
79275: 0.993706
79276: 0.993706
79277: 0.993706
79278: 0.993706
79279: 0.993706
79280: 0.993706
79281: 0.993706
79282: 0.993706
79283: 0.993706
79284: 0.993706
79285: 0.993706
79286: 0.993706
79287: 0.993706
79288: 0.993707
79289: 0.993707
79290: 0.993707
79291: 0.993707
79292: 0.993707
79293: 0.993707
79294: 0.993707
79295: 0.993707
79296: 0.993707
79297: 0.993707
79298: 0.993707
79299: 0.993707
79300: 0.993708
79301: 0.993708
79302: 0.993708
79303: 0.993708
79304: 0.993708
79305: 0.993708
79306: 0.993708
79307: 0.993708
79308: 0.993708
79309: 0.993708
79310: 0.993708
79311: 0.993708
79312: 0.993708
79313: 0.993709
79314: 0.993709
79315: 0.993709
79316: 0.993709
79317: 0.993709
79318: 0.993709
79319: 0.993709
79320: 0.993709
79321: 0.993709
79322: 0.993709
79323: 0.993709
79324: 0.993709
79325: 0.99371
79326: 0.99371
79327: 0.99371
79328: 0.99371
79329: 0.99371
79330: 0.99371
79331: 0.99371
79332: 0.99371
79333: 0.99371
79334: 0.99371
79335: 0.99371
79336: 0.99371
79337: 0.99371
79338: 0.993711
79339: 0.993711
79340: 0.993711
79341: 0.993711
79342: 0.993711
79343: 0.993711
79344: 0.993711
79345: 0.993711
79346: 0.993711
79347: 0.993711
79348: 0.993711
79349: 0.993711
79350: 0.993711
79351: 0.993712
79352: 0.993712
79353: 0.993712
79354: 0.993712
79355: 0.993712
79356: 0.993712
79357: 0.993712
79358: 0.993712
79359: 0.993712
79360: 0.993712
79361: 0.993712
79362: 0.993712
79363: 0.993713
79364: 0.993713
79365: 0.993713
79366: 0.993713
79367: 0.993713
79368: 0.993713
79369: 0.993713
79370: 0.993713
79371: 0.993713
79372: 0.993713
79373: 0.993713
79374: 0.993713
79375: 0.993713
79376: 0.993714
79377: 0.993714
79378: 0.993714
79379: 0.993714
79380: 0.993714
79381: 0.993714
79382: 0.993714
79383: 0.993714
79384: 0.993714
79385: 0.993714
79386: 0.993714
79387: 0.993714
79388: 0.993714
79389: 0.993715
79390: 0.993715
79391: 0.993715
79392: 0.993715
79393: 0.993715
79394: 0.993715
79395: 0.993715
79396: 0.993715
79397: 0.993715
79398: 0.993715
79399: 0.993715
79400: 0.993715
79401: 0.993716
79402: 0.993716
79403: 0.993716
79404: 0.993716
79405: 0.993716
79406: 0.993716
79407: 0.993716
79408: 0.993716
79409: 0.993716
79410: 0.993716
79411: 0.993716
79412: 0.993716
79413: 0.993716
79414: 0.993717
79415: 0.993717
79416: 0.993717
79417: 0.993717
79418: 0.993717
79419: 0.993717
79420: 0.993717
79421: 0.993717
79422: 0.993717
79423: 0.993717
79424: 0.993717
79425: 0.993717
79426: 0.993718
79427: 0.993718
79428: 0.993718
79429: 0.993718
79430: 0.993718
79431: 0.993718
79432: 0.993718
79433: 0.993718
79434: 0.993718
79435: 0.993718
79436: 0.993718
79437: 0.993718
79438: 0.993718
79439: 0.993719
79440: 0.993719
79441: 0.993719
79442: 0.993719
79443: 0.993719
79444: 0.993719
79445: 0.993719
79446: 0.993719
79447: 0.993719
79448: 0.993719
79449: 0.993719
79450: 0.993719
79451: 0.993719
79452: 0.99372
79453: 0.99372
79454: 0.99372
79455: 0.99372
79456: 0.99372
79457: 0.99372
79458: 0.99372
79459: 0.99372
79460: 0.99372
79461: 0.99372
79462: 0.99372
79463: 0.99372
79464: 0.993721
79465: 0.993721
79466: 0.993721
79467: 0.993721
79468: 0.993721
79469: 0.993721
79470: 0.993721
79471: 0.993721
79472: 0.993721
79473: 0.993721
79474: 0.993721
79475: 0.993721
79476: 0.993721
79477: 0.993722
79478: 0.993722
79479: 0.993722
79480: 0.993722
79481: 0.993722
79482: 0.993722
79483: 0.993722
79484: 0.993722
79485: 0.993722
79486: 0.993722
79487: 0.993722
79488: 0.993722
79489: 0.993722
79490: 0.993723
79491: 0.993723
79492: 0.993723
79493: 0.993723
79494: 0.993723
79495: 0.993723
79496: 0.993723
79497: 0.993723
79498: 0.993723
79499: 0.993723
79500: 0.993723
79501: 0.993723
79502: 0.993724
79503: 0.993724
79504: 0.993724
79505: 0.993724
79506: 0.993724
79507: 0.993724
79508: 0.993724
79509: 0.993724
79510: 0.993724
79511: 0.993724
79512: 0.993724
79513: 0.993724
79514: 0.993724
79515: 0.993725
79516: 0.993725
79517: 0.993725
79518: 0.993725
79519: 0.993725
79520: 0.993725
79521: 0.993725
79522: 0.993725
79523: 0.993725
79524: 0.993725
79525: 0.993725
79526: 0.993725
79527: 0.993725
79528: 0.993726
79529: 0.993726
79530: 0.993726
79531: 0.993726
79532: 0.993726
79533: 0.993726
79534: 0.993726
79535: 0.993726
79536: 0.993726
79537: 0.993726
79538: 0.993726
79539: 0.993726
79540: 0.993727
79541: 0.993727
79542: 0.993727
79543: 0.993727
79544: 0.993727
79545: 0.993727
79546: 0.993727
79547: 0.993727
79548: 0.993727
79549: 0.993727
79550: 0.993727
79551: 0.993727
79552: 0.993727
79553: 0.993728
79554: 0.993728
79555: 0.993728
79556: 0.993728
79557: 0.993728
79558: 0.993728
79559: 0.993715
79560: 0.993716
79561: 0.993716
79562: 0.993716
79563: 0.993716
79564: 0.993716
79565: 0.993716
79566: 0.993716
79567: 0.993716
79568: 0.993716
79569: 0.993716
79570: 0.993716
79571: 0.993716
79572: 0.993716
79573: 0.993717
79574: 0.993717
79575: 0.993717
79576: 0.993717
79577: 0.993717
79578: 0.993717
79579: 0.993717
79580: 0.993717
79581: 0.993717
79582: 0.993717
79583: 0.993717
79584: 0.993717
79585: 0.993717
79586: 0.993718
79587: 0.993718
79588: 0.993718
79589: 0.993718
79590: 0.993718
79591: 0.993718
79592: 0.993718
79593: 0.993718
79594: 0.993718
79595: 0.993718
79596: 0.993718
79597: 0.993718
79598: 0.993719
79599: 0.993719
79600: 0.993719
79601: 0.993719
79602: 0.993719
79603: 0.993719
79604: 0.993719
79605: 0.993719
79606: 0.993719
79607: 0.993719
79608: 0.993719
79609: 0.993719
79610: 0.993719
79611: 0.99372
79612: 0.99372
79613: 0.99372
79614: 0.99372
79615: 0.99372
79616: 0.99372
79617: 0.99372
79618: 0.99372
79619: 0.99372
79620: 0.99372
79621: 0.99372
79622: 0.99372
79623: 0.99372
79624: 0.993721
79625: 0.993721
79626: 0.993721
79627: 0.993721
79628: 0.993721
79629: 0.993721
79630: 0.993721
79631: 0.993721
79632: 0.993721
79633: 0.993721
79634: 0.993721
79635: 0.993721
79636: 0.993722
79637: 0.993722
79638: 0.993722
79639: 0.993722
79640: 0.993722
79641: 0.993722
79642: 0.993722
79643: 0.993722
79644: 0.993722
79645: 0.993722
79646: 0.993722
79647: 0.993722
79648: 0.993722
79649: 0.993723
79650: 0.993723
79651: 0.993723
79652: 0.993723
79653: 0.993723
79654: 0.993723
79655: 0.993723
79656: 0.993723
79657: 0.993723
79658: 0.993723
79659: 0.993723
79660: 0.993723
79661: 0.993723
79662: 0.993724
79663: 0.993724
79664: 0.993724
79665: 0.993724
79666: 0.993724
79667: 0.993724
79668: 0.993724
79669: 0.993724
79670: 0.993724
79671: 0.993724
79672: 0.993724
79673: 0.993724
79674: 0.993725
79675: 0.993725
79676: 0.993725
79677: 0.993725
79678: 0.993725
79679: 0.993725
79680: 0.993725
79681: 0.993725
79682: 0.993725
79683: 0.993725
79684: 0.993725
79685: 0.993725
79686: 0.993725
79687: 0.993726
79688: 0.993726
79689: 0.993726
79690: 0.993726
79691: 0.993726
79692: 0.993726
79693: 0.993726
79694: 0.993726
79695: 0.993726
79696: 0.993726
79697: 0.993726
79698: 0.993726
79699: 0.993726
79700: 0.993727
79701: 0.993727
79702: 0.993727
79703: 0.993727
79704: 0.993727
79705: 0.993727
79706: 0.993727
79707: 0.993727
79708: 0.993727
79709: 0.993727
79710: 0.993727
79711: 0.993727
79712: 0.993727
79713: 0.993728
79714: 0.993728
79715: 0.993728
79716: 0.993728
79717: 0.993728
79718: 0.993728
79719: 0.993728
79720: 0.993728
79721: 0.993728
79722: 0.993728
79723: 0.993728
79724: 0.993728
79725: 0.993729
79726: 0.993729
79727: 0.993729
79728: 0.993729
79729: 0.993729
79730: 0.993729
79731: 0.993729
79732: 0.993729
79733: 0.993729
79734: 0.993729
79735: 0.993729
79736: 0.993729
79737: 0.993729
79738: 0.99373
79739: 0.99373
79740: 0.99373
79741: 0.99373
79742: 0.99373
79743: 0.99373
79744: 0.99373
79745: 0.99373
79746: 0.99373
79747: 0.99373
79748: 0.99373
79749: 0.99373
79750: 0.99373
79751: 0.993731
79752: 0.993731
79753: 0.993731
79754: 0.993731
79755: 0.993731
79756: 0.993731
79757: 0.993731
79758: 0.993731
79759: 0.993731
79760: 0.993731
79761: 0.993731
79762: 0.993731
79763: 0.993732
79764: 0.993732
79765: 0.993732
79766: 0.993732
79767: 0.993732
79768: 0.993732
79769: 0.993732
79770: 0.993732
79771: 0.993732
79772: 0.993732
79773: 0.993732
79774: 0.993732
79775: 0.993732
79776: 0.993733
79777: 0.993733
79778: 0.993733
79779: 0.993733
79780: 0.993733
79781: 0.993733
79782: 0.993733
79783: 0.993733
79784: 0.993733
79785: 0.993733
79786: 0.993733
79787: 0.993733
79788: 0.993733
79789: 0.993734
79790: 0.993734
79791: 0.993734
79792: 0.993734
79793: 0.993734
79794: 0.993734
79795: 0.993734
79796: 0.993734
79797: 0.993734
79798: 0.993734
79799: 0.993734
79800: 0.993734
79801: 0.993734
79802: 0.993735
79803: 0.993735
79804: 0.993735
79805: 0.993735
79806: 0.993735
79807: 0.993735
79808: 0.993735
79809: 0.993735
79810: 0.993735
79811: 0.993735
79812: 0.993735
79813: 0.993735
79814: 0.993736
79815: 0.993736
79816: 0.993736
79817: 0.993736
79818: 0.993736
79819: 0.993736
79820: 0.993736
79821: 0.993736
79822: 0.993736
79823: 0.993736
79824: 0.993736
79825: 0.993736
79826: 0.993736
79827: 0.993737
79828: 0.993737
79829: 0.993737
79830: 0.993737
79831: 0.993737
79832: 0.993737
79833: 0.993737
79834: 0.993737
79835: 0.993737
79836: 0.993737
79837: 0.993737
79838: 0.993737
79839: 0.993737
79840: 0.993738
79841: 0.993738
79842: 0.993738
79843: 0.993738
79844: 0.993738
79845: 0.993738
79846: 0.993738
79847: 0.993738
79848: 0.993738
79849: 0.993738
79850: 0.993738
79851: 0.993738
79852: 0.993738
79853: 0.993739
79854: 0.993739
79855: 0.993739
79856: 0.993739
79857: 0.993739
79858: 0.993739
79859: 0.993739
79860: 0.993739
79861: 0.993739
79862: 0.993739
79863: 0.993739
79864: 0.993739
79865: 0.99374
79866: 0.99374
79867: 0.99374
79868: 0.99374
79869: 0.99374
79870: 0.99374
79871: 0.99374
79872: 0.99374
79873: 0.99374
79874: 0.99374
79875: 0.99374
79876: 0.99374
79877: 0.99374
79878: 0.993741
79879: 0.993741
79880: 0.993741
79881: 0.993741
79882: 0.993741
79883: 0.993741
79884: 0.993741
79885: 0.993741
79886: 0.993741
79887: 0.993741
79888: 0.993741
79889: 0.993741
79890: 0.993741
79891: 0.993742
79892: 0.993742
79893: 0.993742
79894: 0.993742
79895: 0.993742
79896: 0.993742
79897: 0.993742
79898: 0.993742
79899: 0.993742
79900: 0.993742
79901: 0.993742
79902: 0.993742
79903: 0.993742
79904: 0.993743
79905: 0.993743
79906: 0.993743
79907: 0.993743
79908: 0.993743
79909: 0.993743
79910: 0.993743
79911: 0.993743
79912: 0.993743
79913: 0.993743
79914: 0.993743
79915: 0.993743
79916: 0.993744
79917: 0.993744
79918: 0.993744
79919: 0.993744
79920: 0.993744
79921: 0.993744
79922: 0.993744
79923: 0.993744
79924: 0.993744
79925: 0.993744
79926: 0.993744
79927: 0.993744
79928: 0.993744
79929: 0.993745
79930: 0.993745
79931: 0.993745
79932: 0.993745
79933: 0.993745
79934: 0.993745
79935: 0.993745
79936: 0.993745
79937: 0.993745
79938: 0.993745
79939: 0.993745
79940: 0.993745
79941: 0.993745
79942: 0.993746
79943: 0.993746
79944: 0.993746
79945: 0.993746
79946: 0.993746
79947: 0.993746
79948: 0.993746
79949: 0.993746
79950: 0.993746
79951: 0.993746
79952: 0.993746
79953: 0.993746
79954: 0.993746
79955: 0.993747
79956: 0.993747
79957: 0.993747
79958: 0.993747
79959: 0.993747
79960: 0.993747
79961: 0.993747
79962: 0.993747
79963: 0.993747
79964: 0.993747
79965: 0.993747
79966: 0.993747
79967: 0.993747
79968: 0.993748
79969: 0.993748
79970: 0.993748
79971: 0.993748
79972: 0.993748
79973: 0.993748
79974: 0.993748
79975: 0.993748
79976: 0.993748
79977: 0.993748
79978: 0.993748
79979: 0.993748
79980: 0.993749
79981: 0.993749
79982: 0.993749
79983: 0.993749
79984: 0.993749
79985: 0.993749
79986: 0.993749
79987: 0.993749
79988: 0.993749
79989: 0.993749
79990: 0.993749
79991: 0.993749
79992: 0.993749
79993: 0.99375
79994: 0.99375
79995: 0.99375
79996: 0.99375
79997: 0.99375
79998: 0.99375
79999: 0.99375
80000: 0.99375
80001: 0.99375
80002: 0.99375
80003: 0.99375
80004: 0.99375
80005: 0.99375
80006: 0.993751
80007: 0.993751
80008: 0.993751
80009: 0.993751
80010: 0.993751
80011: 0.993751
80012: 0.993751
80013: 0.993751
80014: 0.993751
80015: 0.993751
80016: 0.993751
80017: 0.993751
80018: 0.993751
80019: 0.993752
80020: 0.993752
80021: 0.993752
80022: 0.993752
80023: 0.993752
80024: 0.993752
80025: 0.993752
80026: 0.993752
80027: 0.993752
80028: 0.993752
80029: 0.993752
80030: 0.993752
80031: 0.99374
80032: 0.993728
80033: 0.993728
80034: 0.993728
80035: 0.993728
80036: 0.993728
80037: 0.993728
80038: 0.993728
80039: 0.993728
80040: 0.993728
80041: 0.993728
80042: 0.993728
80043: 0.993728
80044: 0.993729
80045: 0.993729
80046: 0.993729
80047: 0.993729
80048: 0.993729
80049: 0.993729
80050: 0.993729
80051: 0.993729
80052: 0.993729
80053: 0.993729
80054: 0.993729
80055: 0.993729
80056: 0.993729
80057: 0.99373
80058: 0.99373
80059: 0.99373
80060: 0.99373
80061: 0.99373
80062: 0.99373
80063: 0.99373
80064: 0.99373
80065: 0.99373
80066: 0.99373
80067: 0.99373
80068: 0.99373
80069: 0.99373
80070: 0.993731
80071: 0.993731
80072: 0.993731
80073: 0.993731
80074: 0.993731
80075: 0.993731
80076: 0.993731
80077: 0.993731
80078: 0.993731
80079: 0.993731
80080: 0.993731
80081: 0.993731
80082: 0.993732
80083: 0.993732
80084: 0.993732
80085: 0.993732
80086: 0.993732
80087: 0.993732
80088: 0.993732
80089: 0.993732
80090: 0.993732
80091: 0.993732
80092: 0.993732
80093: 0.993732
80094: 0.993732
80095: 0.993733
80096: 0.993733
80097: 0.993733
80098: 0.993733
80099: 0.993733
80100: 0.993733
80101: 0.993733
80102: 0.993733
80103: 0.993733
80104: 0.993733
80105: 0.993733
80106: 0.993733
80107: 0.993733
80108: 0.993734
80109: 0.993734
80110: 0.993734
80111: 0.993734
80112: 0.993734
80113: 0.993734
80114: 0.993734
80115: 0.993734
80116: 0.993734
80117: 0.993734
80118: 0.993734
80119: 0.993734
80120: 0.993734
80121: 0.993735
80122: 0.993735
80123: 0.993735
80124: 0.993735
80125: 0.993735
80126: 0.993735
80127: 0.993735
80128: 0.993735
80129: 0.993735
80130: 0.993735
80131: 0.993735
80132: 0.993735
80133: 0.993735
80134: 0.993736
80135: 0.993736
80136: 0.993736
80137: 0.993736
80138: 0.993736
80139: 0.993736
80140: 0.993736
80141: 0.993736
80142: 0.993736
80143: 0.993736
80144: 0.993736
80145: 0.993736
80146: 0.993737
80147: 0.993737
80148: 0.993737
80149: 0.993737
80150: 0.993737
80151: 0.993737
80152: 0.993737
80153: 0.993737
80154: 0.993737
80155: 0.993737
80156: 0.993737
80157: 0.993737
80158: 0.993737
80159: 0.993738
80160: 0.993738
80161: 0.993738
80162: 0.993738
80163: 0.993738
80164: 0.993738
80165: 0.993738
80166: 0.993738
80167: 0.993738
80168: 0.993738
80169: 0.993738
80170: 0.993738
80171: 0.993738
80172: 0.993739
80173: 0.993739
80174: 0.993739
80175: 0.993739
80176: 0.993739
80177: 0.993739
80178: 0.993739
80179: 0.993739
80180: 0.993739
80181: 0.993739
80182: 0.993739
80183: 0.993739
80184: 0.993739
80185: 0.99374
80186: 0.99374
80187: 0.99374
80188: 0.99374
80189: 0.99374
80190: 0.99374
80191: 0.99374
80192: 0.99374
80193: 0.99374
80194: 0.99374
80195: 0.99374
80196: 0.99374
80197: 0.99374
80198: 0.993741
80199: 0.993741
80200: 0.993741
80201: 0.993741
80202: 0.993741
80203: 0.993741
80204: 0.993741
80205: 0.993741
80206: 0.993741
80207: 0.993741
80208: 0.993741
80209: 0.993741
80210: 0.993742
80211: 0.993742
80212: 0.993742
80213: 0.993742
80214: 0.993742
80215: 0.993742
80216: 0.993742
80217: 0.993742
80218: 0.993742
80219: 0.993742
80220: 0.993742
80221: 0.993742
80222: 0.993742
80223: 0.993743
80224: 0.993743
80225: 0.993743
80226: 0.993743
80227: 0.993743
80228: 0.993743
80229: 0.993743
80230: 0.993743
80231: 0.993743
80232: 0.993743
80233: 0.993743
80234: 0.993743
80235: 0.993743
80236: 0.993744
80237: 0.993744
80238: 0.993744
80239: 0.993744
80240: 0.993744
80241: 0.993744
80242: 0.993744
80243: 0.993744
80244: 0.993744
80245: 0.993744
80246: 0.993744
80247: 0.993744
80248: 0.993744
80249: 0.993745
80250: 0.993745
80251: 0.993745
80252: 0.993745
80253: 0.993745
80254: 0.993745
80255: 0.993745
80256: 0.993745
80257: 0.993745
80258: 0.993745
80259: 0.993745
80260: 0.993745
80261: 0.993745
80262: 0.993746
80263: 0.993746
80264: 0.993746
80265: 0.993746
80266: 0.993746
80267: 0.993746
80268: 0.993746
80269: 0.993746
80270: 0.993746
80271: 0.993746
80272: 0.993746
80273: 0.993746
80274: 0.993746
80275: 0.993747
80276: 0.993747
80277: 0.993734
80278: 0.993734
80279: 0.993734
80280: 0.993735
80281: 0.993735
80282: 0.993735
80283: 0.993735
80284: 0.993735
80285: 0.993735
80286: 0.993735
80287: 0.993735
80288: 0.993735
80289: 0.993735
80290: 0.993735
80291: 0.993735
80292: 0.993735
80293: 0.993736
80294: 0.993736
80295: 0.993736
80296: 0.993736
80297: 0.993736
80298: 0.993736
80299: 0.993736
80300: 0.993736
80301: 0.993736
80302: 0.993736
80303: 0.993736
80304: 0.993736
80305: 0.993736
80306: 0.993737
80307: 0.993737
80308: 0.993737
80309: 0.993737
80310: 0.993737
80311: 0.993737
80312: 0.993737
80313: 0.993737
80314: 0.993737
80315: 0.993737
80316: 0.993737
80317: 0.993737
80318: 0.993737
80319: 0.993738
80320: 0.993738
80321: 0.993738
80322: 0.993738
80323: 0.993738
80324: 0.993738
80325: 0.993738
80326: 0.993738
80327: 0.993738
80328: 0.993738
80329: 0.993738
80330: 0.993738
80331: 0.993738
80332: 0.993739
80333: 0.993739
80334: 0.993739
80335: 0.993739
80336: 0.993739
80337: 0.993739
80338: 0.993739
80339: 0.993739
80340: 0.993739
80341: 0.993739
80342: 0.993739
80343: 0.993739
80344: 0.993739
80345: 0.99374
80346: 0.99374
80347: 0.99374
80348: 0.99374
80349: 0.99374
80350: 0.99374
80351: 0.99374
80352: 0.99374
80353: 0.99374
80354: 0.99374
80355: 0.99374
80356: 0.99374
80357: 0.993741
80358: 0.993741
80359: 0.993741
80360: 0.993741
80361: 0.993741
80362: 0.993741
80363: 0.993741
80364: 0.993741
80365: 0.993741
80366: 0.993741
80367: 0.993741
80368: 0.993741
80369: 0.993741
80370: 0.993742
80371: 0.993742
80372: 0.993742
80373: 0.993742
80374: 0.993742
80375: 0.993742
80376: 0.993742
80377: 0.993742
80378: 0.993742
80379: 0.993742
80380: 0.993742
80381: 0.993742
80382: 0.993742
80383: 0.993743
80384: 0.993743
80385: 0.993743
80386: 0.993743
80387: 0.993743
80388: 0.993743
80389: 0.993743
80390: 0.993743
80391: 0.993743
80392: 0.993743
80393: 0.993743
80394: 0.993743
80395: 0.993743
80396: 0.993744
80397: 0.993744
80398: 0.993744
80399: 0.993744
80400: 0.993744
80401: 0.993744
80402: 0.993744
80403: 0.993744
80404: 0.993744
80405: 0.993744
80406: 0.993732
80407: 0.993732
80408: 0.993732
80409: 0.993732
80410: 0.993732
80411: 0.993732
80412: 0.993732
80413: 0.993732
80414: 0.993733
80415: 0.993733
80416: 0.993733
80417: 0.993733
80418: 0.993733
80419: 0.993733
80420: 0.993733
80421: 0.993733
80422: 0.993733
80423: 0.993733
80424: 0.993733
80425: 0.993733
80426: 0.993733
80427: 0.993734
80428: 0.993734
80429: 0.993734
80430: 0.993734
80431: 0.993734
80432: 0.993734
80433: 0.993734
80434: 0.993734
80435: 0.993734
80436: 0.993734
80437: 0.993734
80438: 0.993734
80439: 0.993734
80440: 0.993735
80441: 0.993735
80442: 0.993735
80443: 0.993735
80444: 0.993735
80445: 0.993735
80446: 0.993735
80447: 0.993735
80448: 0.993735
80449: 0.993735
80450: 0.993735
80451: 0.993735
80452: 0.993735
80453: 0.993736
80454: 0.993736
80455: 0.993736
80456: 0.993736
80457: 0.993736
80458: 0.993736
80459: 0.993736
80460: 0.993736
80461: 0.993736
80462: 0.993736
80463: 0.993736
80464: 0.993736
80465: 0.993736
80466: 0.993737
80467: 0.993737
80468: 0.993737
80469: 0.993737
80470: 0.993737
80471: 0.993737
80472: 0.993737
80473: 0.993737
80474: 0.993737
80475: 0.993737
80476: 0.993737
80477: 0.993737
80478: 0.993737
80479: 0.993738
80480: 0.993738
80481: 0.993738
80482: 0.993738
80483: 0.993738
80484: 0.993738
80485: 0.993738
80486: 0.993738
80487: 0.993738
80488: 0.993738
80489: 0.993738
80490: 0.993738
80491: 0.993739
80492: 0.993739
80493: 0.993739
80494: 0.993739
80495: 0.993739
80496: 0.993739
80497: 0.993739
80498: 0.993739
80499: 0.993739
80500: 0.993739
80501: 0.993739
80502: 0.993739
80503: 0.993739
80504: 0.99374
80505: 0.99374
80506: 0.99374
80507: 0.99374
80508: 0.99374
80509: 0.99374
80510: 0.99374
80511: 0.99374
80512: 0.99374
80513: 0.99374
80514: 0.99374
80515: 0.99374
80516: 0.99374
80517: 0.993741
80518: 0.993741
80519: 0.993741
80520: 0.993741
80521: 0.993741
80522: 0.993741
80523: 0.993741
80524: 0.993741
80525: 0.993741
80526: 0.993741
80527: 0.993741
80528: 0.993741
80529: 0.993741
80530: 0.993742
80531: 0.993742
80532: 0.993742
80533: 0.993742
80534: 0.993742
80535: 0.993742
80536: 0.993742
80537: 0.993742
80538: 0.993742
80539: 0.993742
80540: 0.993742
80541: 0.993742
80542: 0.993742
80543: 0.993743
80544: 0.993743
80545: 0.993743
80546: 0.993743
80547: 0.993743
80548: 0.993743
80549: 0.993743
80550: 0.993743
80551: 0.993743
80552: 0.993743
80553: 0.993743
80554: 0.993743
80555: 0.993743
80556: 0.993744
80557: 0.993744
80558: 0.993744
80559: 0.993744
80560: 0.993744
80561: 0.993744
80562: 0.993744
80563: 0.993744
80564: 0.993744
80565: 0.993744
80566: 0.993744
80567: 0.993744
80568: 0.993744
80569: 0.993745
80570: 0.993745
80571: 0.993745
80572: 0.993745
80573: 0.993745
80574: 0.993745
80575: 0.993745
80576: 0.993745
80577: 0.993745
80578: 0.993745
80579: 0.993745
80580: 0.993745
80581: 0.993746
80582: 0.993746
80583: 0.993746
80584: 0.993746
80585: 0.993746
80586: 0.993746
80587: 0.993746
80588: 0.993746
80589: 0.993746
80590: 0.993746
80591: 0.993746
80592: 0.993746
80593: 0.993746
80594: 0.993747
80595: 0.993747
80596: 0.993747
80597: 0.993747
80598: 0.993747
80599: 0.993747
80600: 0.993747
80601: 0.993747
80602: 0.993747
80603: 0.993747
80604: 0.993747
80605: 0.993747
80606: 0.993747
80607: 0.993748
80608: 0.993748
80609: 0.993748
80610: 0.993748
80611: 0.993748
80612: 0.993748
80613: 0.993748
80614: 0.993748
80615: 0.993748
80616: 0.993748
80617: 0.993748
80618: 0.993748
80619: 0.993748
80620: 0.993749
80621: 0.993749
80622: 0.993749
80623: 0.993749
80624: 0.993749
80625: 0.993749
80626: 0.993749
80627: 0.993749
80628: 0.993749
80629: 0.993749
80630: 0.993749
80631: 0.993749
80632: 0.993749
80633: 0.99375
80634: 0.99375
80635: 0.99375
80636: 0.99375
80637: 0.99375
80638: 0.99375
80639: 0.99375
80640: 0.99375
80641: 0.99375
80642: 0.99375
80643: 0.99375
80644: 0.99375
80645: 0.99375
80646: 0.993751
80647: 0.993751
80648: 0.993751
80649: 0.993751
80650: 0.993751
80651: 0.993751
80652: 0.993751
80653: 0.993751
80654: 0.993751
80655: 0.993751
80656: 0.993751
80657: 0.993751
80658: 0.993751
80659: 0.993752
80660: 0.993752
80661: 0.993752
80662: 0.993752
80663: 0.993752
80664: 0.993752
80665: 0.993752
80666: 0.993752
80667: 0.993752
80668: 0.993752
80669: 0.993752
80670: 0.993752
80671: 0.993752
80672: 0.993753
80673: 0.993753
80674: 0.993753
80675: 0.993753
80676: 0.99374
80677: 0.993741
80678: 0.993741
80679: 0.993741
80680: 0.993741
80681: 0.993741
80682: 0.993741
80683: 0.993741
80684: 0.993741
80685: 0.993741
80686: 0.993741
80687: 0.993741
80688: 0.993741
80689: 0.993729
80690: 0.993729
80691: 0.993729
80692: 0.993729
80693: 0.993729
80694: 0.993729
80695: 0.99373
80696: 0.99373
80697: 0.99373
80698: 0.99373
80699: 0.99373
80700: 0.99373
80701: 0.99373
80702: 0.99373
80703: 0.99373
80704: 0.99373
80705: 0.99373
80706: 0.99373
80707: 0.99373
80708: 0.993731
80709: 0.993731
80710: 0.993731
80711: 0.993731
80712: 0.993731
80713: 0.993731
80714: 0.993731
80715: 0.993731
80716: 0.993731
80717: 0.993731
80718: 0.993731
80719: 0.993731
80720: 0.993731
80721: 0.993732
80722: 0.993732
80723: 0.993732
80724: 0.993732
80725: 0.993732
80726: 0.993732
80727: 0.993732
80728: 0.993732
80729: 0.993732
80730: 0.993732
80731: 0.993732
80732: 0.993732
80733: 0.993733
80734: 0.993733
80735: 0.993733
80736: 0.993733
80737: 0.993733
80738: 0.993733
80739: 0.993733
80740: 0.993733
80741: 0.993733
80742: 0.993733
80743: 0.993733
80744: 0.993733
80745: 0.993733
80746: 0.993734
80747: 0.993734
80748: 0.993734
80749: 0.993734
80750: 0.993734
80751: 0.993734
80752: 0.993734
80753: 0.993734
80754: 0.993734
80755: 0.993734
80756: 0.993734
80757: 0.993734
80758: 0.993734
80759: 0.993735
80760: 0.993735
80761: 0.993735
80762: 0.993735
80763: 0.993722
80764: 0.99371
80765: 0.99371
80766: 0.99371
80767: 0.99371
80768: 0.99371
80769: 0.993711
80770: 0.993711
80771: 0.993711
80772: 0.993711
80773: 0.993711
80774: 0.993711
80775: 0.993711
80776: 0.993711
80777: 0.993711
80778: 0.993711
80779: 0.993711
80780: 0.993711
80781: 0.993711
80782: 0.993712
80783: 0.993712
80784: 0.993712
80785: 0.993712
80786: 0.993712
80787: 0.993712
80788: 0.993712
80789: 0.993712
80790: 0.993712
80791: 0.993712
80792: 0.993712
80793: 0.993712
80794: 0.993712
80795: 0.993713
80796: 0.993713
80797: 0.993713
80798: 0.993713
80799: 0.993713
80800: 0.993713
80801: 0.993713
80802: 0.993713
80803: 0.993713
80804: 0.993713
80805: 0.993713
80806: 0.993713
80807: 0.993713
80808: 0.993714
80809: 0.993714
80810: 0.993714
80811: 0.993714
80812: 0.993714
80813: 0.993714
80814: 0.993714
80815: 0.993714
80816: 0.993714
80817: 0.993714
80818: 0.993714
80819: 0.993714
80820: 0.993715
80821: 0.993715
80822: 0.993715
80823: 0.993715
80824: 0.993715
80825: 0.993715
80826: 0.993715
80827: 0.993715
80828: 0.993715
80829: 0.993715
80830: 0.993715
80831: 0.993715
80832: 0.993715
80833: 0.993716
80834: 0.993716
80835: 0.993716
80836: 0.993716
80837: 0.993716
80838: 0.993716
80839: 0.993716
80840: 0.993716
80841: 0.993716
80842: 0.993716
80843: 0.993716
80844: 0.993716
80845: 0.993716
80846: 0.993717
80847: 0.993717
80848: 0.993717
80849: 0.993717
80850: 0.993717
80851: 0.993717
80852: 0.993717
80853: 0.993717
80854: 0.993717
80855: 0.993717
80856: 0.993717
80857: 0.993717
80858: 0.993717
80859: 0.993718
80860: 0.993718
80861: 0.993718
80862: 0.993718
80863: 0.993718
80864: 0.993718
80865: 0.993718
80866: 0.993718
80867: 0.993718
80868: 0.993718
80869: 0.993718
80870: 0.993718
80871: 0.993718
80872: 0.993719
80873: 0.993719
80874: 0.993719
80875: 0.993719
80876: 0.993719
80877: 0.993719
80878: 0.993719
80879: 0.993719
80880: 0.993719
80881: 0.993719
80882: 0.993719
80883: 0.993719
80884: 0.993719
80885: 0.99372
80886: 0.99372
80887: 0.99372
80888: 0.99372
80889: 0.99372
80890: 0.99372
80891: 0.99372
80892: 0.99372
80893: 0.99372
80894: 0.99372
80895: 0.99372
80896: 0.99372
80897: 0.99372
80898: 0.993721
80899: 0.993721
80900: 0.993721
80901: 0.993721
80902: 0.993721
80903: 0.993721
80904: 0.993721
80905: 0.993721
80906: 0.993709
80907: 0.993709
80908: 0.993709
80909: 0.993709
80910: 0.993709
80911: 0.993709
80912: 0.993709
80913: 0.993709
80914: 0.993709
80915: 0.99371
80916: 0.99371
80917: 0.99371
80918: 0.99371
80919: 0.99371
80920: 0.99371
80921: 0.99371
80922: 0.99371
80923: 0.99371
80924: 0.993698
80925: 0.993698
80926: 0.993698
80927: 0.993698
80928: 0.993698
80929: 0.993698
80930: 0.993698
80931: 0.993698
80932: 0.993698
80933: 0.993699
80934: 0.993699
80935: 0.993699
80936: 0.993699
80937: 0.993699
80938: 0.993699
80939: 0.993699
80940: 0.993699
80941: 0.993699
80942: 0.993699
80943: 0.993699
80944: 0.993699
80945: 0.9937
80946: 0.9937
80947: 0.9937
80948: 0.9937
80949: 0.9937
80950: 0.9937
80951: 0.9937
80952: 0.9937
80953: 0.9937
80954: 0.9937
80955: 0.9937
80956: 0.9937
80957: 0.9937
80958: 0.993701
80959: 0.993701
80960: 0.993701
80961: 0.993701
80962: 0.993701
80963: 0.993701
80964: 0.993701
80965: 0.993701
80966: 0.993701
80967: 0.993701
80968: 0.993701
80969: 0.993701
80970: 0.993701
80971: 0.993702
80972: 0.993702
80973: 0.993702
80974: 0.993702
80975: 0.993702
80976: 0.993702
80977: 0.993702
80978: 0.993702
80979: 0.993702
80980: 0.993702
80981: 0.993702
80982: 0.993702
80983: 0.993702
80984: 0.993703
80985: 0.993703
80986: 0.993703
80987: 0.993703
80988: 0.993703
80989: 0.993703
80990: 0.993703
80991: 0.993703
80992: 0.993703
80993: 0.993703
80994: 0.993703
80995: 0.993703
80996: 0.993703
80997: 0.993704
80998: 0.993704
80999: 0.993704
81000: 0.993704
81001: 0.993704
81002: 0.993704
81003: 0.993704
81004: 0.993704
81005: 0.993704
81006: 0.993704
81007: 0.993704
81008: 0.993704
81009: 0.993704
81010: 0.993705
81011: 0.993705
81012: 0.993705
81013: 0.993705
81014: 0.993705
81015: 0.993705
81016: 0.993705
81017: 0.993705
81018: 0.993705
81019: 0.993705
81020: 0.993705
81021: 0.993705
81022: 0.993705
81023: 0.993693
81024: 0.993693
81025: 0.993693
81026: 0.993693
81027: 0.993694
81028: 0.993694
81029: 0.993694
81030: 0.993694
81031: 0.993694
81032: 0.993694
81033: 0.993694
81034: 0.993694
81035: 0.993694
81036: 0.993694
81037: 0.993694
81038: 0.993694
81039: 0.993694
81040: 0.993695
81041: 0.993695
81042: 0.993695
81043: 0.993695
81044: 0.993695
81045: 0.993695
81046: 0.993695
81047: 0.993695
81048: 0.993695
81049: 0.993695
81050: 0.993695
81051: 0.993695
81052: 0.993695
81053: 0.993696
81054: 0.993696
81055: 0.993696
81056: 0.993696
81057: 0.993696
81058: 0.993696
81059: 0.993696
81060: 0.993696
81061: 0.993696
81062: 0.993696
81063: 0.993696
81064: 0.993696
81065: 0.993696
81066: 0.993697
81067: 0.993697
81068: 0.993697
81069: 0.993697
81070: 0.993685
81071: 0.993685
81072: 0.993685
81073: 0.993685
81074: 0.993685
81075: 0.993685
81076: 0.993685
81077: 0.993685
81078: 0.993685
81079: 0.993685
81080: 0.993685
81081: 0.993685
81082: 0.993685
81083: 0.993686
81084: 0.993686
81085: 0.993686
81086: 0.993686
81087: 0.993686
81088: 0.993686
81089: 0.993686
81090: 0.993686
81091: 0.993686
81092: 0.993686
81093: 0.993686
81094: 0.993686
81095: 0.993686
81096: 0.993687
81097: 0.993687
81098: 0.993687
81099: 0.993687
81100: 0.993687
81101: 0.993687
81102: 0.993687
81103: 0.993687
81104: 0.993687
81105: 0.993687
81106: 0.993687
81107: 0.993687
81108: 0.993688
81109: 0.993688
81110: 0.993688
81111: 0.993688
81112: 0.993688
81113: 0.993688
81114: 0.993688
81115: 0.993688
81116: 0.993688
81117: 0.993688
81118: 0.993688
81119: 0.993688
81120: 0.993688
81121: 0.993689
81122: 0.993689
81123: 0.993689
81124: 0.993689
81125: 0.993689
81126: 0.993689
81127: 0.993689
81128: 0.993689
81129: 0.993689
81130: 0.993689
81131: 0.993689
81132: 0.993689
81133: 0.993689
81134: 0.99369
81135: 0.99369
81136: 0.99369
81137: 0.99369
81138: 0.99369
81139: 0.99369
81140: 0.99369
81141: 0.99369
81142: 0.99369
81143: 0.99369
81144: 0.99369
81145: 0.99369
81146: 0.99369
81147: 0.993691
81148: 0.993691
81149: 0.993691
81150: 0.993691
81151: 0.993691
81152: 0.993691
81153: 0.993691
81154: 0.993691
81155: 0.993691
81156: 0.993691
81157: 0.993691
81158: 0.993691
81159: 0.993691
81160: 0.993692
81161: 0.993692
81162: 0.993692
81163: 0.993692
81164: 0.993692
81165: 0.993692
81166: 0.993692
81167: 0.993692
81168: 0.993692
81169: 0.993692
81170: 0.993692
81171: 0.993692
81172: 0.993692
81173: 0.993693
81174: 0.993693
81175: 0.993693
81176: 0.993693
81177: 0.993693
81178: 0.993693
81179: 0.993693
81180: 0.993693
81181: 0.993693
81182: 0.993693
81183: 0.993693
81184: 0.993693
81185: 0.993693
81186: 0.993694
81187: 0.993694
81188: 0.993694
81189: 0.993694
81190: 0.993694
81191: 0.993694
81192: 0.993682
81193: 0.993682
81194: 0.993682
81195: 0.993682
81196: 0.993682
81197: 0.993682
81198: 0.993682
81199: 0.993682
81200: 0.993682
81201: 0.993682
81202: 0.993682
81203: 0.993683
81204: 0.993683
81205: 0.993683
81206: 0.993683
81207: 0.993683
81208: 0.993683
81209: 0.993683
81210: 0.993683
81211: 0.993683
81212: 0.993683
81213: 0.993683
81214: 0.993683
81215: 0.993684
81216: 0.993684
81217: 0.993684
81218: 0.993684
81219: 0.993684
81220: 0.993684
81221: 0.993684
81222: 0.993684
81223: 0.993684
81224: 0.993684
81225: 0.993684
81226: 0.993684
81227: 0.993684
81228: 0.993685
81229: 0.993685
81230: 0.993685
81231: 0.993685
81232: 0.993685
81233: 0.993685
81234: 0.993685
81235: 0.993685
81236: 0.993685
81237: 0.993685
81238: 0.993685
81239: 0.993685
81240: 0.993685
81241: 0.993686
81242: 0.993686
81243: 0.993686
81244: 0.993686
81245: 0.993686
81246: 0.993686
81247: 0.993686
81248: 0.993686
81249: 0.993686
81250: 0.993686
81251: 0.993686
81252: 0.993686
81253: 0.993686
81254: 0.993687
81255: 0.993687
81256: 0.993687
81257: 0.993687
81258: 0.993687
81259: 0.993687
81260: 0.993687
81261: 0.993687
81262: 0.993687
81263: 0.993687
81264: 0.993687
81265: 0.993687
81266: 0.993687
81267: 0.993688
81268: 0.993688
81269: 0.993688
81270: 0.993688
81271: 0.993688
81272: 0.993688
81273: 0.993688
81274: 0.993688
81275: 0.993688
81276: 0.993688
81277: 0.993688
81278: 0.993688
81279: 0.993688
81280: 0.993689
81281: 0.993689
81282: 0.993689
81283: 0.993689
81284: 0.993689
81285: 0.993689
81286: 0.993689
81287: 0.993689
81288: 0.993689
81289: 0.993689
81290: 0.993689
81291: 0.993689
81292: 0.993689
81293: 0.99369
81294: 0.99369
81295: 0.99369
81296: 0.99369
81297: 0.99369
81298: 0.99369
81299: 0.99369
81300: 0.99369
81301: 0.99369
81302: 0.99369
81303: 0.99369
81304: 0.99369
81305: 0.993691
81306: 0.993691
81307: 0.993691
81308: 0.993691
81309: 0.993691
81310: 0.993691
81311: 0.993691
81312: 0.993691
81313: 0.993691
81314: 0.993691
81315: 0.993691
81316: 0.993691
81317: 0.993691
81318: 0.993692
81319: 0.993692
81320: 0.993692
81321: 0.993692
81322: 0.993692
81323: 0.993692
81324: 0.993692
81325: 0.993692
81326: 0.993692
81327: 0.993692
81328: 0.993692
81329: 0.993692
81330: 0.993692
81331: 0.993693
81332: 0.993693
81333: 0.993693
81334: 0.993693
81335: 0.993693
81336: 0.993693
81337: 0.993693
81338: 0.993693
81339: 0.993693
81340: 0.993693
81341: 0.993693
81342: 0.993693
81343: 0.993693
81344: 0.993694
81345: 0.993694
81346: 0.993694
81347: 0.993694
81348: 0.993694
81349: 0.993694
81350: 0.993694
81351: 0.993694
81352: 0.993694
81353: 0.993694
81354: 0.993694
81355: 0.993694
81356: 0.993694
81357: 0.993695
81358: 0.993695
81359: 0.993695
81360: 0.993695
81361: 0.993695
81362: 0.993695
81363: 0.993695
81364: 0.993695
81365: 0.993695
81366: 0.993695
81367: 0.993695
81368: 0.993695
81369: 0.993695
81370: 0.993696
81371: 0.993696
81372: 0.993696
81373: 0.993696
81374: 0.993696
81375: 0.993696
81376: 0.993696
81377: 0.993696
81378: 0.993696
81379: 0.993696
81380: 0.993696
81381: 0.993696
81382: 0.993696
81383: 0.993697
81384: 0.993697
81385: 0.993697
81386: 0.993697
81387: 0.993697
81388: 0.993697
81389: 0.993697
81390: 0.993697
81391: 0.993697
81392: 0.993697
81393: 0.993697
81394: 0.993697
81395: 0.993697
81396: 0.993698
81397: 0.993698
81398: 0.993698
81399: 0.993698
81400: 0.993698
81401: 0.993698
81402: 0.993698
81403: 0.993698
81404: 0.993698
81405: 0.993698
81406: 0.993698
81407: 0.993698
81408: 0.993698
81409: 0.993699
81410: 0.993699
81411: 0.993699
81412: 0.993699
81413: 0.993699
81414: 0.993699
81415: 0.993699
81416: 0.993699
81417: 0.993699
81418: 0.993699
81419: 0.993699
81420: 0.993699
81421: 0.993699
81422: 0.9937
81423: 0.9937
81424: 0.9937
81425: 0.9937
81426: 0.9937
81427: 0.9937
81428: 0.9937
81429: 0.9937
81430: 0.9937
81431: 0.993688
81432: 0.993688
81433: 0.993688
81434: 0.993688
81435: 0.993688
81436: 0.993688
81437: 0.993688
81438: 0.993689
81439: 0.993689
81440: 0.993689
81441: 0.993689
81442: 0.993689
81443: 0.993689
81444: 0.993689
81445: 0.993689
81446: 0.993689
81447: 0.993689
81448: 0.993689
81449: 0.993689
81450: 0.993689
81451: 0.99369
81452: 0.99369
81453: 0.99369
81454: 0.99369
81455: 0.99369
81456: 0.993678
81457: 0.993678
81458: 0.993678
81459: 0.993678
81460: 0.993678
81461: 0.993678
81462: 0.993678
81463: 0.993678
81464: 0.993678
81465: 0.993678
81466: 0.993678
81467: 0.993678
81468: 0.993679
81469: 0.993679
81470: 0.993679
81471: 0.993679
81472: 0.993679
81473: 0.993679
81474: 0.993679
81475: 0.993679
81476: 0.993679
81477: 0.993679
81478: 0.993679
81479: 0.993679
81480: 0.99368
81481: 0.99368
81482: 0.99368
81483: 0.99368
81484: 0.99368
81485: 0.99368
81486: 0.99368
81487: 0.99368
81488: 0.99368
81489: 0.99368
81490: 0.99368
81491: 0.99368
81492: 0.99368
81493: 0.993681
81494: 0.993681
81495: 0.993681
81496: 0.993681
81497: 0.993681
81498: 0.993681
81499: 0.993681
81500: 0.993681
81501: 0.993681
81502: 0.993681
81503: 0.993681
81504: 0.993681
81505: 0.993681
81506: 0.993682
81507: 0.993682
81508: 0.993682
81509: 0.993682
81510: 0.993682
81511: 0.993682
81512: 0.993682
81513: 0.993682
81514: 0.993682
81515: 0.993682
81516: 0.993682
81517: 0.993682
81518: 0.993682
81519: 0.993683
81520: 0.993683
81521: 0.993683
81522: 0.993683
81523: 0.993683
81524: 0.993683
81525: 0.993683
81526: 0.993683
81527: 0.993683
81528: 0.993683
81529: 0.993683
81530: 0.993683
81531: 0.993683
81532: 0.993684
81533: 0.993684
81534: 0.993684
81535: 0.993684
81536: 0.993684
81537: 0.993684
81538: 0.993684
81539: 0.993684
81540: 0.993684
81541: 0.993684
81542: 0.993684
81543: 0.993684
81544: 0.993684
81545: 0.993685
81546: 0.993685
81547: 0.993685
81548: 0.993685
81549: 0.993685
81550: 0.993685
81551: 0.993685
81552: 0.993685
81553: 0.993685
81554: 0.993685
81555: 0.993685
81556: 0.993685
81557: 0.993685
81558: 0.993686
81559: 0.993686
81560: 0.993686
81561: 0.993686
81562: 0.993686
81563: 0.993686
81564: 0.993686
81565: 0.993686
81566: 0.993686
81567: 0.993686
81568: 0.993686
81569: 0.993686
81570: 0.993686
81571: 0.993687
81572: 0.993687
81573: 0.993687
81574: 0.993687
81575: 0.993687
81576: 0.993687
81577: 0.993687
81578: 0.993687
81579: 0.993687
81580: 0.993687
81581: 0.993687
81582: 0.993687
81583: 0.993687
81584: 0.993688
81585: 0.993688
81586: 0.993688
81587: 0.993688
81588: 0.993688
81589: 0.993688
81590: 0.993688
81591: 0.993688
81592: 0.993688
81593: 0.993688
81594: 0.993688
81595: 0.993688
81596: 0.993688
81597: 0.993689
81598: 0.993689
81599: 0.993689
81600: 0.993677
81601: 0.993677
81602: 0.993677
81603: 0.993677
81604: 0.993677
81605: 0.993677
81606: 0.993677
81607: 0.993677
81608: 0.993677
81609: 0.993677
81610: 0.993677
81611: 0.993677
81612: 0.993677
81613: 0.993678
81614: 0.993678
81615: 0.993678
81616: 0.993678
81617: 0.993678
81618: 0.993678
81619: 0.993678
81620: 0.993678
81621: 0.993678
81622: 0.993678
81623: 0.993678
81624: 0.993678
81625: 0.993678
81626: 0.993679
81627: 0.993679
81628: 0.993679
81629: 0.993679
81630: 0.993679
81631: 0.993679
81632: 0.993679
81633: 0.993679
81634: 0.993679
81635: 0.993679
81636: 0.993679
81637: 0.993679
81638: 0.993679
81639: 0.99368
81640: 0.99368
81641: 0.99368
81642: 0.99368
81643: 0.99368
81644: 0.99368
81645: 0.99368
81646: 0.99368
81647: 0.99368
81648: 0.99368
81649: 0.99368
81650: 0.99368
81651: 0.99368
81652: 0.993681
81653: 0.993681
81654: 0.993681
81655: 0.993681
81656: 0.993681
81657: 0.993681
81658: 0.993681
81659: 0.993681
81660: 0.993681
81661: 0.993681
81662: 0.993681
81663: 0.993681
81664: 0.993682
81665: 0.993682
81666: 0.993682
81667: 0.993682
81668: 0.993682
81669: 0.993682
81670: 0.993682
81671: 0.993682
81672: 0.993682
81673: 0.993682
81674: 0.993682
81675: 0.993682
81676: 0.993682
81677: 0.993683
81678: 0.993683
81679: 0.993683
81680: 0.993683
81681: 0.993683
81682: 0.993683
81683: 0.993683
81684: 0.993683
81685: 0.993683
81686: 0.993683
81687: 0.993683
81688: 0.993683
81689: 0.993683
81690: 0.993684
81691: 0.993684
81692: 0.993684
81693: 0.993684
81694: 0.993684
81695: 0.993684
81696: 0.993684
81697: 0.993684
81698: 0.993684
81699: 0.993684
81700: 0.993684
81701: 0.993684
81702: 0.993684
81703: 0.993685
81704: 0.993685
81705: 0.993685
81706: 0.993685
81707: 0.993685
81708: 0.993685
81709: 0.993685
81710: 0.993685
81711: 0.993685
81712: 0.993685
81713: 0.993685
81714: 0.993685
81715: 0.993685
81716: 0.993686
81717: 0.993686
81718: 0.993686
81719: 0.993686
81720: 0.993686
81721: 0.993686
81722: 0.993686
81723: 0.993686
81724: 0.993686
81725: 0.993686
81726: 0.993686
81727: 0.993686
81728: 0.993686
81729: 0.993687
81730: 0.993687
81731: 0.993687
81732: 0.993687
81733: 0.993687
81734: 0.993687
81735: 0.993687
81736: 0.993687
81737: 0.993687
81738: 0.993687
81739: 0.993687
81740: 0.993687
81741: 0.993687
81742: 0.993688
81743: 0.993688
81744: 0.993688
81745: 0.993688
81746: 0.993688
81747: 0.993688
81748: 0.993688
81749: 0.993688
81750: 0.993688
81751: 0.993688
81752: 0.993688
81753: 0.993688
81754: 0.993688
81755: 0.993689
81756: 0.993689
81757: 0.993689
81758: 0.993689
81759: 0.993689
81760: 0.993689
81761: 0.993689
81762: 0.993689
81763: 0.993689
81764: 0.993689
81765: 0.993689
81766: 0.993689
81767: 0.993689
81768: 0.99369
81769: 0.99369
81770: 0.99369
81771: 0.99369
81772: 0.99369
81773: 0.99369
81774: 0.99369
81775: 0.99369
81776: 0.99369
81777: 0.99369
81778: 0.99369
81779: 0.99369
81780: 0.99369
81781: 0.993691
81782: 0.993691
81783: 0.993691
81784: 0.993691
81785: 0.993691
81786: 0.993691
81787: 0.993691
81788: 0.993691
81789: 0.993691
81790: 0.993691
81791: 0.993691
81792: 0.993691
81793: 0.993691
81794: 0.993692
81795: 0.993692
81796: 0.993692
81797: 0.993692
81798: 0.993692
81799: 0.993692
81800: 0.993692
81801: 0.993692
81802: 0.993692
81803: 0.993692
81804: 0.993692
81805: 0.993692
81806: 0.993692
81807: 0.993693
81808: 0.993693
81809: 0.993693
81810: 0.993693
81811: 0.993693
81812: 0.993693
81813: 0.993693
81814: 0.993693
81815: 0.993693
81816: 0.993693
81817: 0.993693
81818: 0.993693
81819: 0.993693
81820: 0.993694
81821: 0.993694
81822: 0.993694
81823: 0.993694
81824: 0.993694
81825: 0.993694
81826: 0.993694
81827: 0.993694
81828: 0.993694
81829: 0.993694
81830: 0.993694
81831: 0.993694
81832: 0.993694
81833: 0.993695
81834: 0.993695
81835: 0.993695
81836: 0.993695
81837: 0.993695
81838: 0.993695
81839: 0.993695
81840: 0.993695
81841: 0.993695
81842: 0.993695
81843: 0.993695
81844: 0.993695
81845: 0.993695
81846: 0.993696
81847: 0.993696
81848: 0.993696
81849: 0.993696
81850: 0.993696
81851: 0.993696
81852: 0.993696
81853: 0.993696
81854: 0.993696
81855: 0.993696
81856: 0.993696
81857: 0.993696
81858: 0.993696
81859: 0.993697
81860: 0.993697
81861: 0.993697
81862: 0.993697
81863: 0.993697
81864: 0.993697
81865: 0.993697
81866: 0.993697
81867: 0.993697
81868: 0.993697
81869: 0.993697
81870: 0.993697
81871: 0.993697
81872: 0.993698
81873: 0.993698
81874: 0.993698
81875: 0.993698
81876: 0.993698
81877: 0.993698
81878: 0.993698
81879: 0.993698
81880: 0.993698
81881: 0.993698
81882: 0.993698
81883: 0.993698
81884: 0.993698
81885: 0.993699
81886: 0.993699
81887: 0.993699
81888: 0.993699
81889: 0.993699
81890: 0.993699
81891: 0.993699
81892: 0.993699
81893: 0.993699
81894: 0.993699
81895: 0.993699
81896: 0.993699
81897: 0.993699
81898: 0.9937
81899: 0.9937
81900: 0.9937
81901: 0.9937
81902: 0.9937
81903: 0.9937
81904: 0.9937
81905: 0.9937
81906: 0.9937
81907: 0.9937
81908: 0.9937
81909: 0.9937
81910: 0.9937
81911: 0.993701
81912: 0.993701
81913: 0.993701
81914: 0.993701
81915: 0.993701
81916: 0.993701
81917: 0.993701
81918: 0.993701
81919: 0.993701
81920: 0.993701
81921: 0.993701
81922: 0.993701
81923: 0.993701
81924: 0.993702
81925: 0.993702
81926: 0.993702
81927: 0.993702
81928: 0.993702
81929: 0.993702
81930: 0.993702
81931: 0.993702
81932: 0.993702
81933: 0.993702
81934: 0.993702
81935: 0.993702
81936: 0.993702
81937: 0.993703
81938: 0.993703
81939: 0.993703
81940: 0.993703
81941: 0.993703
81942: 0.993703
81943: 0.993703
81944: 0.993703
81945: 0.993703
81946: 0.993703
81947: 0.993703
81948: 0.993703
81949: 0.993703
81950: 0.993704
81951: 0.993704
81952: 0.993704
81953: 0.993704
81954: 0.993704
81955: 0.993704
81956: 0.993704
81957: 0.993704
81958: 0.993704
81959: 0.993704
81960: 0.993704
81961: 0.993704
81962: 0.993704
81963: 0.993705
81964: 0.993705
81965: 0.993705
81966: 0.993705
81967: 0.993705
81968: 0.993705
81969: 0.993705
81970: 0.993705
81971: 0.993705
81972: 0.993705
81973: 0.993705
81974: 0.993705
81975: 0.993705
81976: 0.993706
81977: 0.993706
81978: 0.993706
81979: 0.993706
81980: 0.993706
81981: 0.993706
81982: 0.993706
81983: 0.993706
81984: 0.993706
81985: 0.993706
81986: 0.993706
81987: 0.993706
81988: 0.993706
81989: 0.993707
81990: 0.993707
81991: 0.993707
81992: 0.993707
81993: 0.993707
81994: 0.993707
81995: 0.993707
81996: 0.993707
81997: 0.993707
81998: 0.993707
81999: 0.993707
82000: 0.993707
82001: 0.993707
82002: 0.993708
82003: 0.993708
82004: 0.993708
82005: 0.993708
82006: 0.993708
82007: 0.993708
82008: 0.993708
82009: 0.993708
82010: 0.993708
82011: 0.993708
82012: 0.993708
82013: 0.993708
82014: 0.993708
82015: 0.993709
82016: 0.993709
82017: 0.993709
82018: 0.993709
82019: 0.993709
82020: 0.993709
82021: 0.993709
82022: 0.993709
82023: 0.993709
82024: 0.993709
82025: 0.993709
82026: 0.993709
82027: 0.993709
82028: 0.99371
82029: 0.99371
82030: 0.99371
82031: 0.99371
82032: 0.99371
82033: 0.99371
82034: 0.99371
82035: 0.99371
82036: 0.99371
82037: 0.99371
82038: 0.99371
82039: 0.99371
82040: 0.99371
82041: 0.993711
82042: 0.993711
82043: 0.993711
82044: 0.993711
82045: 0.993711
82046: 0.993711
82047: 0.993711
82048: 0.993711
82049: 0.993711
82050: 0.993711
82051: 0.993711
82052: 0.993711
82053: 0.993711
82054: 0.993712
82055: 0.993712
82056: 0.993712
82057: 0.993712
82058: 0.993712
82059: 0.993712
82060: 0.993712
82061: 0.993712
82062: 0.993712
82063: 0.993712
82064: 0.9937
82065: 0.9937
82066: 0.9937
82067: 0.9937
82068: 0.9937
82069: 0.9937
82070: 0.993701
82071: 0.993701
82072: 0.993701
82073: 0.993701
82074: 0.993701
82075: 0.993701
82076: 0.993701
82077: 0.993701
82078: 0.993701
82079: 0.993701
82080: 0.993701
82081: 0.993701
82082: 0.993701
82083: 0.993702
82084: 0.993702
82085: 0.993702
82086: 0.993702
82087: 0.993702
82088: 0.993702
82089: 0.993702
82090: 0.993702
82091: 0.993702
82092: 0.993702
82093: 0.993702
82094: 0.993702
82095: 0.993702
82096: 0.993703
82097: 0.993703
82098: 0.993703
82099: 0.993703
82100: 0.993703
82101: 0.993703
82102: 0.993703
82103: 0.993703
82104: 0.993703
82105: 0.993703
82106: 0.993703
82107: 0.993703
82108: 0.993703
82109: 0.993704
82110: 0.993704
82111: 0.993704
82112: 0.993704
82113: 0.993704
82114: 0.993704
82115: 0.993704
82116: 0.993704
82117: 0.993704
82118: 0.993704
82119: 0.993704
82120: 0.993704
82121: 0.993704
82122: 0.993705
82123: 0.993705
82124: 0.993705
82125: 0.993705
82126: 0.993705
82127: 0.993705
82128: 0.993705
82129: 0.993705
82130: 0.993705
82131: 0.993705
82132: 0.993705
82133: 0.993705
82134: 0.993705
82135: 0.993693
82136: 0.993693
82137: 0.993694
82138: 0.993694
82139: 0.993694
82140: 0.993694
82141: 0.993694
82142: 0.993694
82143: 0.993694
82144: 0.993694
82145: 0.993694
82146: 0.993694
82147: 0.993694
82148: 0.993694
82149: 0.993694
82150: 0.993695
82151: 0.993682
82152: 0.993683
82153: 0.993683
82154: 0.993683
82155: 0.993683
82156: 0.993683
82157: 0.993683
82158: 0.993683
82159: 0.993683
82160: 0.993683
82161: 0.993683
82162: 0.993683
82163: 0.993683
82164: 0.993683
82165: 0.993684
82166: 0.993684
82167: 0.993684
82168: 0.993684
82169: 0.993684
82170: 0.993684
82171: 0.993684
82172: 0.993684
82173: 0.993684
82174: 0.993684
82175: 0.993672
82176: 0.993672
82177: 0.993672
82178: 0.993672
82179: 0.993672
82180: 0.993673
82181: 0.993673
82182: 0.993673
82183: 0.993673
82184: 0.993673
82185: 0.993673
82186: 0.993673
82187: 0.993673
82188: 0.993673
82189: 0.993673
82190: 0.993673
82191: 0.993673
82192: 0.993673
82193: 0.993674
82194: 0.993674
82195: 0.993674
82196: 0.993674
82197: 0.993674
82198: 0.993674
82199: 0.993674
82200: 0.993674
82201: 0.993674
82202: 0.993674
82203: 0.993674
82204: 0.993674
82205: 0.993674
82206: 0.993675
82207: 0.993675
82208: 0.993675
82209: 0.993675
82210: 0.993675
82211: 0.993675
82212: 0.993675
82213: 0.993675
82214: 0.993675
82215: 0.993675
82216: 0.993675
82217: 0.993675
82218: 0.993675
82219: 0.993676
82220: 0.993676
82221: 0.993676
82222: 0.993676
82223: 0.993676
82224: 0.993676
82225: 0.993676
82226: 0.993676
82227: 0.993676
82228: 0.993676
82229: 0.993676
82230: 0.993676
82231: 0.993676
82232: 0.993677
82233: 0.993677
82234: 0.993677
82235: 0.993677
82236: 0.993677
82237: 0.993677
82238: 0.993677
82239: 0.993677
82240: 0.993677
82241: 0.993677
82242: 0.993677
82243: 0.993677
82244: 0.993677
82245: 0.993678
82246: 0.993678
82247: 0.993678
82248: 0.993678
82249: 0.993678
82250: 0.993678
82251: 0.993678
82252: 0.993678
82253: 0.993678
82254: 0.993678
82255: 0.993678
82256: 0.993678
82257: 0.993678
82258: 0.993679
82259: 0.993679
82260: 0.993679
82261: 0.993679
82262: 0.993679
82263: 0.993679
82264: 0.993679
82265: 0.993679
82266: 0.993679
82267: 0.993679
82268: 0.993679
82269: 0.993679
82270: 0.993679
82271: 0.99368
82272: 0.99368
82273: 0.99368
82274: 0.99368
82275: 0.99368
82276: 0.99368
82277: 0.99368
82278: 0.99368
82279: 0.99368
82280: 0.99368
82281: 0.99368
82282: 0.99368
82283: 0.99368
82284: 0.993681
82285: 0.993681
82286: 0.993681
82287: 0.993681
82288: 0.993681
82289: 0.993681
82290: 0.993681
82291: 0.993681
82292: 0.993681
82293: 0.993681
82294: 0.993681
82295: 0.993681
82296: 0.993681
82297: 0.993681
82298: 0.993682
82299: 0.993682
82300: 0.993682
82301: 0.993682
82302: 0.993682
82303: 0.993682
82304: 0.993682
82305: 0.993682
82306: 0.993682
82307: 0.993682
82308: 0.993682
82309: 0.993682
82310: 0.993682
82311: 0.993683
82312: 0.993683
82313: 0.993683
82314: 0.993683
82315: 0.993683
82316: 0.993683
82317: 0.993683
82318: 0.993683
82319: 0.993683
82320: 0.993683
82321: 0.993683
82322: 0.993683
82323: 0.993683
82324: 0.993684
82325: 0.993684
82326: 0.993684
82327: 0.993684
82328: 0.993684
82329: 0.993684
82330: 0.993684
82331: 0.993684
82332: 0.993684
82333: 0.993684
82334: 0.993684
82335: 0.993684
82336: 0.993684
82337: 0.993685
82338: 0.993685
82339: 0.993685
82340: 0.993685
82341: 0.993685
82342: 0.993685
82343: 0.993685
82344: 0.993685
82345: 0.993685
82346: 0.993685
82347: 0.993685
82348: 0.993685
82349: 0.993685
82350: 0.993686
82351: 0.993686
82352: 0.993686
82353: 0.993686
82354: 0.993686
82355: 0.993686
82356: 0.993686
82357: 0.993686
82358: 0.993686
82359: 0.993686
82360: 0.993686
82361: 0.993686
82362: 0.993686
82363: 0.993687
82364: 0.993687
82365: 0.993687
82366: 0.993687
82367: 0.993687
82368: 0.993687
82369: 0.993687
82370: 0.993687
82371: 0.993687
82372: 0.993687
82373: 0.993687
82374: 0.993687
82375: 0.993687
82376: 0.993688
82377: 0.993688
82378: 0.993688
82379: 0.993688
82380: 0.993688
82381: 0.993688
82382: 0.993688
82383: 0.993688
82384: 0.993688
82385: 0.993688
82386: 0.993688
82387: 0.993688
82388: 0.993688
82389: 0.993689
82390: 0.993689
82391: 0.993689
82392: 0.993689
82393: 0.993689
82394: 0.993689
82395: 0.993689
82396: 0.993689
82397: 0.993689
82398: 0.993689
82399: 0.993689
82400: 0.993689
82401: 0.993689
82402: 0.99369
82403: 0.99369
82404: 0.99369
82405: 0.99369
82406: 0.99369
82407: 0.99369
82408: 0.99369
82409: 0.99369
82410: 0.99369
82411: 0.99369
82412: 0.99369
82413: 0.99369
82414: 0.99369
82415: 0.993691
82416: 0.993691
82417: 0.993691
82418: 0.993691
82419: 0.993691
82420: 0.993691
82421: 0.993691
82422: 0.993691
82423: 0.993691
82424: 0.993691
82425: 0.993691
82426: 0.993691
82427: 0.993691
82428: 0.993692
82429: 0.993692
82430: 0.993692
82431: 0.993692
82432: 0.993692
82433: 0.993692
82434: 0.993692
82435: 0.993692
82436: 0.993692
82437: 0.993692
82438: 0.993692
82439: 0.993692
82440: 0.993692
82441: 0.993693
82442: 0.993693
82443: 0.993693
82444: 0.993693
82445: 0.993693
82446: 0.993693
82447: 0.993693
82448: 0.993693
82449: 0.993693
82450: 0.993693
82451: 0.993693
82452: 0.993693
82453: 0.993693
82454: 0.993694
82455: 0.993694
82456: 0.993694
82457: 0.993694
82458: 0.993694
82459: 0.993694
82460: 0.993694
82461: 0.993694
82462: 0.993694
82463: 0.993694
82464: 0.993694
82465: 0.993694
82466: 0.993694
82467: 0.993695
82468: 0.993695
82469: 0.993695
82470: 0.993695
82471: 0.993695
82472: 0.993695
82473: 0.993695
82474: 0.993695
82475: 0.993695
82476: 0.993695
82477: 0.993695
82478: 0.993695
82479: 0.993695
82480: 0.993696
82481: 0.993696
82482: 0.993696
82483: 0.993696
82484: 0.993696
82485: 0.993696
82486: 0.993696
82487: 0.993696
82488: 0.993696
82489: 0.993696
82490: 0.993696
82491: 0.993696
82492: 0.993696
82493: 0.993697
82494: 0.993697
82495: 0.993697
82496: 0.993697
82497: 0.993697
82498: 0.993697
82499: 0.993697
82500: 0.993685
82501: 0.993685
82502: 0.993685
82503: 0.993685
82504: 0.993685
82505: 0.993685
82506: 0.993685
82507: 0.993685
82508: 0.993686
82509: 0.993686
82510: 0.993686
82511: 0.993686
82512: 0.993686
82513: 0.993686
82514: 0.993686
82515: 0.993686
82516: 0.993686
82517: 0.993686
82518: 0.993686
82519: 0.993686
82520: 0.993686
82521: 0.993687
82522: 0.993687
82523: 0.993687
82524: 0.993687
82525: 0.993687
82526: 0.993687
82527: 0.993687
82528: 0.993687
82529: 0.993687
82530: 0.993687
82531: 0.993687
82532: 0.993687
82533: 0.993687
82534: 0.993688
82535: 0.993688
82536: 0.993688
82537: 0.993688
82538: 0.993688
82539: 0.993688
82540: 0.993688
82541: 0.993688
82542: 0.993688
82543: 0.993688
82544: 0.993688
82545: 0.993688
82546: 0.993688
82547: 0.993689
82548: 0.993689
82549: 0.993689
82550: 0.993689
82551: 0.993689
82552: 0.993689
82553: 0.993689
82554: 0.993689
82555: 0.993689
82556: 0.993689
82557: 0.993689
82558: 0.993689
82559: 0.993689
82560: 0.99369
82561: 0.99369
82562: 0.99369
82563: 0.99369
82564: 0.99369
82565: 0.99369
82566: 0.99369
82567: 0.99369
82568: 0.99369
82569: 0.99369
82570: 0.99369
82571: 0.99369
82572: 0.99369
82573: 0.993691
82574: 0.993691
82575: 0.993691
82576: 0.993691
82577: 0.993691
82578: 0.993691
82579: 0.993691
82580: 0.993691
82581: 0.993691
82582: 0.993691
82583: 0.993691
82584: 0.993691
82585: 0.993691
82586: 0.993692
82587: 0.993692
82588: 0.993692
82589: 0.993692
82590: 0.993692
82591: 0.993692
82592: 0.993692
82593: 0.993692
82594: 0.993692
82595: 0.993692
82596: 0.993692
82597: 0.993692
82598: 0.993692
82599: 0.993692
82600: 0.993693
82601: 0.993693
82602: 0.993693
82603: 0.993693
82604: 0.993693
82605: 0.993693
82606: 0.993693
82607: 0.993693
82608: 0.993693
82609: 0.993693
82610: 0.993693
82611: 0.993693
82612: 0.993693
82613: 0.993694
82614: 0.993694
82615: 0.993694
82616: 0.993694
82617: 0.993694
82618: 0.993694
82619: 0.993694
82620: 0.993694
82621: 0.993694
82622: 0.993694
82623: 0.993694
82624: 0.993694
82625: 0.993694
82626: 0.993695
82627: 0.993695
82628: 0.993695
82629: 0.993695
82630: 0.993695
82631: 0.993695
82632: 0.993695
82633: 0.993695
82634: 0.993695
82635: 0.993695
82636: 0.993695
82637: 0.993695
82638: 0.993695
82639: 0.993696
82640: 0.993696
82641: 0.993696
82642: 0.993696
82643: 0.993696
82644: 0.993696
82645: 0.993696
82646: 0.993696
82647: 0.993696
82648: 0.993696
82649: 0.993696
82650: 0.993696
82651: 0.993696
82652: 0.993697
82653: 0.993697
82654: 0.993697
82655: 0.993697
82656: 0.993697
82657: 0.993697
82658: 0.993697
82659: 0.993697
82660: 0.993697
82661: 0.993697
82662: 0.993697
82663: 0.993697
82664: 0.993697
82665: 0.993698
82666: 0.993698
82667: 0.993698
82668: 0.993698
82669: 0.993698
82670: 0.993698
82671: 0.993698
82672: 0.993698
82673: 0.993698
82674: 0.993698
82675: 0.993698
82676: 0.993698
82677: 0.993698
82678: 0.993699
82679: 0.993699
82680: 0.993699
82681: 0.993699
82682: 0.993699
82683: 0.993699
82684: 0.993699
82685: 0.993699
82686: 0.993699
82687: 0.993699
82688: 0.993699
82689: 0.993699
82690: 0.993699
82691: 0.9937
82692: 0.9937
82693: 0.9937
82694: 0.9937
82695: 0.9937
82696: 0.9937
82697: 0.9937
82698: 0.9937
82699: 0.9937
82700: 0.9937
82701: 0.9937
82702: 0.9937
82703: 0.9937
82704: 0.993701
82705: 0.993701
82706: 0.993701
82707: 0.993701
82708: 0.993701
82709: 0.993701
82710: 0.993701
82711: 0.993701
82712: 0.993701
82713: 0.993701
82714: 0.993701
82715: 0.993701
82716: 0.993701
82717: 0.993701
82718: 0.993702
82719: 0.993702
82720: 0.993702
82721: 0.993702
82722: 0.993702
82723: 0.993702
82724: 0.993702
82725: 0.993702
82726: 0.993702
82727: 0.993702
82728: 0.993702
82729: 0.993702
82730: 0.993702
82731: 0.993703
82732: 0.993703
82733: 0.993703
82734: 0.993703
82735: 0.993703
82736: 0.993703
82737: 0.993703
82738: 0.993703
82739: 0.993703
82740: 0.993703
82741: 0.993703
82742: 0.993703
82743: 0.993703
82744: 0.993704
82745: 0.993704
82746: 0.993704
82747: 0.993704
82748: 0.993704
82749: 0.993704
82750: 0.993704
82751: 0.993704
82752: 0.993704
82753: 0.993704
82754: 0.993704
82755: 0.993704
82756: 0.993704
82757: 0.993705
82758: 0.993705
82759: 0.993705
82760: 0.993705
82761: 0.993705
82762: 0.993705
82763: 0.993705
82764: 0.993705
82765: 0.993705
82766: 0.993705
82767: 0.993705
82768: 0.993705
82769: 0.993705
82770: 0.993706
82771: 0.993706
82772: 0.993706
82773: 0.993706
82774: 0.993706
82775: 0.993706
82776: 0.993706
82777: 0.993706
82778: 0.993706
82779: 0.993706
82780: 0.993706
82781: 0.993706
82782: 0.993706
82783: 0.993707
82784: 0.993707
82785: 0.993707
82786: 0.993707
82787: 0.993707
82788: 0.993707
82789: 0.993707
82790: 0.993707
82791: 0.993707
82792: 0.993707
82793: 0.993707
82794: 0.993707
82795: 0.993707
82796: 0.993708
82797: 0.993708
82798: 0.993708
82799: 0.993708
82800: 0.993708
82801: 0.993708
82802: 0.993708
82803: 0.993708
82804: 0.993708
82805: 0.993708
82806: 0.993708
82807: 0.993708
82808: 0.993708
82809: 0.993708
82810: 0.993709
82811: 0.993709
82812: 0.993709
82813: 0.993709
82814: 0.993709
82815: 0.993709
82816: 0.993709
82817: 0.993709
82818: 0.993709
82819: 0.993709
82820: 0.993709
82821: 0.993709
82822: 0.993709
82823: 0.99371
82824: 0.99371
82825: 0.99371
82826: 0.99371
82827: 0.99371
82828: 0.99371
82829: 0.99371
82830: 0.99371
82831: 0.99371
82832: 0.99371
82833: 0.99371
82834: 0.99371
82835: 0.99371
82836: 0.993711
82837: 0.993711
82838: 0.993711
82839: 0.993711
82840: 0.993711
82841: 0.993711
82842: 0.993711
82843: 0.993711
82844: 0.993711
82845: 0.993711
82846: 0.993711
82847: 0.993711
82848: 0.993711
82849: 0.993712
82850: 0.993712
82851: 0.993712
82852: 0.993712
82853: 0.993712
82854: 0.993712
82855: 0.993712
82856: 0.993712
82857: 0.993712
82858: 0.993712
82859: 0.993712
82860: 0.993712
82861: 0.993712
82862: 0.993713
82863: 0.993713
82864: 0.993713
82865: 0.993713
82866: 0.993713
82867: 0.993713
82868: 0.993713
82869: 0.993713
82870: 0.993713
82871: 0.993713
82872: 0.993713
82873: 0.993713
82874: 0.993713
82875: 0.993713
82876: 0.993714
82877: 0.993714
82878: 0.993714
82879: 0.993714
82880: 0.993714
82881: 0.993714
82882: 0.993714
82883: 0.993714
82884: 0.993714
82885: 0.993714
82886: 0.993714
82887: 0.993714
82888: 0.993714
82889: 0.993715
82890: 0.993715
82891: 0.993715
82892: 0.993715
82893: 0.993715
82894: 0.993715
82895: 0.993715
82896: 0.993715
82897: 0.993715
82898: 0.993715
82899: 0.993715
82900: 0.993715
82901: 0.993715
82902: 0.993716
82903: 0.993716
82904: 0.993716
82905: 0.993716
82906: 0.993716
82907: 0.993716
82908: 0.993716
82909: 0.993716
82910: 0.993716
82911: 0.993716
82912: 0.993716
82913: 0.993716
82914: 0.993716
82915: 0.993717
82916: 0.993717
82917: 0.993717
82918: 0.993717
82919: 0.993717
82920: 0.993717
82921: 0.993717
82922: 0.993717
82923: 0.993717
82924: 0.993717
82925: 0.993717
82926: 0.993717
82927: 0.993717
82928: 0.993718
82929: 0.993718
82930: 0.993718
82931: 0.993718
82932: 0.993718
82933: 0.993718
82934: 0.993718
82935: 0.993718
82936: 0.993718
82937: 0.993718
82938: 0.993718
82939: 0.993718
82940: 0.993718
82941: 0.993719
82942: 0.993719
82943: 0.993719
82944: 0.993719
82945: 0.993719
82946: 0.993719
82947: 0.993719
82948: 0.993719
82949: 0.993719
82950: 0.993719
82951: 0.993719
82952: 0.993719
82953: 0.993719
82954: 0.993719
82955: 0.99372
82956: 0.99372
82957: 0.99372
82958: 0.99372
82959: 0.99372
82960: 0.99372
82961: 0.99372
82962: 0.99372
82963: 0.99372
82964: 0.99372
82965: 0.99372
82966: 0.99372
82967: 0.99372
82968: 0.993721
82969: 0.993721
82970: 0.993721
82971: 0.993721
82972: 0.993721
82973: 0.993721
82974: 0.993721
82975: 0.993721
82976: 0.993721
82977: 0.993721
82978: 0.993721
82979: 0.993721
82980: 0.993721
82981: 0.993722
82982: 0.993722
82983: 0.993722
82984: 0.993722
82985: 0.993722
82986: 0.993722
82987: 0.993722
82988: 0.993722
82989: 0.993722
82990: 0.993722
82991: 0.993722
82992: 0.993722
82993: 0.993722
82994: 0.993723
82995: 0.993723
82996: 0.993723
82997: 0.993723
82998: 0.993723
82999: 0.993723
83000: 0.993723
83001: 0.993723
83002: 0.993723
83003: 0.993723
83004: 0.993723
83005: 0.993723
83006: 0.993723
83007: 0.993723
83008: 0.993724
83009: 0.993724
83010: 0.993724
83011: 0.993724
83012: 0.993724
83013: 0.993724
83014: 0.993724
83015: 0.993724
83016: 0.993724
83017: 0.993724
83018: 0.993724
83019: 0.993724
83020: 0.993724
83021: 0.993725
83022: 0.993725
83023: 0.993725
83024: 0.993725
83025: 0.993725
83026: 0.993725
83027: 0.993725
83028: 0.993725
83029: 0.993725
83030: 0.993725
83031: 0.993725
83032: 0.993725
83033: 0.993725
83034: 0.993726
83035: 0.993726
83036: 0.993726
83037: 0.993726
83038: 0.993726
83039: 0.993726
83040: 0.993726
83041: 0.993726
83042: 0.993726
83043: 0.993726
83044: 0.993726
83045: 0.993726
83046: 0.993726
83047: 0.993727
83048: 0.993727
83049: 0.993727
83050: 0.993727
83051: 0.993727
83052: 0.993727
83053: 0.993727
83054: 0.993727
83055: 0.993727
83056: 0.993727
83057: 0.993727
83058: 0.993727
83059: 0.993727
83060: 0.993728
83061: 0.993728
83062: 0.993728
83063: 0.993728
83064: 0.993728
83065: 0.993728
83066: 0.993728
83067: 0.993728
83068: 0.993728
83069: 0.993728
83070: 0.993728
83071: 0.993728
83072: 0.993728
83073: 0.993728
83074: 0.993729
83075: 0.993729
83076: 0.993729
83077: 0.993729
83078: 0.993729
83079: 0.993729
83080: 0.993729
83081: 0.993729
83082: 0.993729
83083: 0.993729
83084: 0.993729
83085: 0.993729
83086: 0.993729
83087: 0.99373
83088: 0.99373
83089: 0.99373
83090: 0.99373
83091: 0.99373
83092: 0.99373
83093: 0.99373
83094: 0.99373
83095: 0.99373
83096: 0.99373
83097: 0.99373
83098: 0.99373
83099: 0.99373
83100: 0.993731
83101: 0.993731
83102: 0.993731
83103: 0.993731
83104: 0.993731
83105: 0.993731
83106: 0.993731
83107: 0.993731
83108: 0.993731
83109: 0.993731
83110: 0.993731
83111: 0.993731
83112: 0.993731
83113: 0.993732
83114: 0.993732
83115: 0.993732
83116: 0.993732
83117: 0.993732
83118: 0.993732
83119: 0.993732
83120: 0.993732
83121: 0.993732
83122: 0.99372
83123: 0.99372
83124: 0.99372
83125: 0.99372
83126: 0.99372
83127: 0.993721
83128: 0.993721
83129: 0.993721
83130: 0.993721
83131: 0.993721
83132: 0.993721
83133: 0.993721
83134: 0.993721
83135: 0.993721
83136: 0.993721
83137: 0.993721
83138: 0.993721
83139: 0.993721
83140: 0.993722
83141: 0.993722
83142: 0.993722
83143: 0.993722
83144: 0.993722
83145: 0.993722
83146: 0.993722
83147: 0.993722
83148: 0.993722
83149: 0.993722
83150: 0.993722
83151: 0.993722
83152: 0.993722
83153: 0.993722
83154: 0.993723
83155: 0.993723
83156: 0.993723
83157: 0.993723
83158: 0.993723
83159: 0.993723
83160: 0.993723
83161: 0.993723
83162: 0.993723
83163: 0.993723
83164: 0.993723
83165: 0.993723
83166: 0.993723
83167: 0.993724
83168: 0.993724
83169: 0.993724
83170: 0.993724
83171: 0.993724
83172: 0.993724
83173: 0.993724
83174: 0.993724
83175: 0.993724
83176: 0.993724
83177: 0.993724
83178: 0.993724
83179: 0.993724
83180: 0.993725
83181: 0.993725
83182: 0.993725
83183: 0.993725
83184: 0.993725
83185: 0.993725
83186: 0.993725
83187: 0.993725
83188: 0.993725
83189: 0.993725
83190: 0.993725
83191: 0.993725
83192: 0.993725
83193: 0.993726
83194: 0.993726
83195: 0.993726
83196: 0.993726
83197: 0.993726
83198: 0.993726
83199: 0.993726
83200: 0.993726
83201: 0.993726
83202: 0.993726
83203: 0.993726
83204: 0.993726
83205: 0.993726
83206: 0.993726
83207: 0.993727
83208: 0.993727
83209: 0.993727
83210: 0.993727
83211: 0.993727
83212: 0.993727
83213: 0.993727
83214: 0.993727
83215: 0.993727
83216: 0.993727
83217: 0.993727
83218: 0.993727
83219: 0.993727
83220: 0.993728
83221: 0.993728
83222: 0.993728
83223: 0.993728
83224: 0.993728
83225: 0.993728
83226: 0.993728
83227: 0.993728
83228: 0.993728
83229: 0.993728
83230: 0.993728
83231: 0.993728
83232: 0.993728
83233: 0.993729
83234: 0.993729
83235: 0.993729
83236: 0.993729
83237: 0.993729
83238: 0.993729
83239: 0.993729
83240: 0.993729
83241: 0.993729
83242: 0.993729
83243: 0.993729
83244: 0.993729
83245: 0.993729
83246: 0.99373
83247: 0.99373
83248: 0.99373
83249: 0.99373
83250: 0.99373
83251: 0.99373
83252: 0.99373
83253: 0.99373
83254: 0.99373
83255: 0.99373
83256: 0.99373
83257: 0.99373
83258: 0.99373
83259: 0.99373
83260: 0.993731
83261: 0.993731
83262: 0.993731
83263: 0.993731
83264: 0.993731
83265: 0.993731
83266: 0.993731
83267: 0.993731
83268: 0.993731
83269: 0.993731
83270: 0.993731
83271: 0.993731
83272: 0.993731
83273: 0.993732
83274: 0.993732
83275: 0.993732
83276: 0.993732
83277: 0.993732
83278: 0.993732
83279: 0.993732
83280: 0.993732
83281: 0.993732
83282: 0.993732
83283: 0.993732
83284: 0.993732
83285: 0.993732
83286: 0.993733
83287: 0.993733
83288: 0.993733
83289: 0.993733
83290: 0.993733
83291: 0.993733
83292: 0.993733
83293: 0.993733
83294: 0.993733
83295: 0.993733
83296: 0.993733
83297: 0.993733
83298: 0.993733
83299: 0.993733
83300: 0.993734
83301: 0.993734
83302: 0.993734
83303: 0.993734
83304: 0.993734
83305: 0.993734
83306: 0.993734
83307: 0.993734
83308: 0.993734
83309: 0.993734
83310: 0.993734
83311: 0.993734
83312: 0.993734
83313: 0.993735
83314: 0.993735
83315: 0.993735
83316: 0.993735
83317: 0.993735
83318: 0.993735
83319: 0.993735
83320: 0.993735
83321: 0.993735
83322: 0.993735
83323: 0.993735
83324: 0.993735
83325: 0.993735
83326: 0.993736
83327: 0.993736
83328: 0.993736
83329: 0.993736
83330: 0.993736
83331: 0.993736
83332: 0.993736
83333: 0.993736
83334: 0.993736
83335: 0.993736
83336: 0.993736
83337: 0.993736
83338: 0.993736
83339: 0.993737
83340: 0.993737
83341: 0.993737
83342: 0.993737
83343: 0.993737
83344: 0.993737
83345: 0.993737
83346: 0.993737
83347: 0.993737
83348: 0.993737
83349: 0.993737
83350: 0.993737
83351: 0.993737
83352: 0.993737
83353: 0.993738
83354: 0.993738
83355: 0.993738
83356: 0.993738
83357: 0.993738
83358: 0.993738
83359: 0.993738
83360: 0.993738
83361: 0.993738
83362: 0.993738
83363: 0.993738
83364: 0.993738
83365: 0.993738
83366: 0.993739
83367: 0.993739
83368: 0.993739
83369: 0.993739
83370: 0.993739
83371: 0.993739
83372: 0.993739
83373: 0.993739
83374: 0.993739
83375: 0.993739
83376: 0.993739
83377: 0.993739
83378: 0.993739
83379: 0.99374
83380: 0.99374
83381: 0.99374
83382: 0.99374
83383: 0.99374
83384: 0.99374
83385: 0.99374
83386: 0.99374
83387: 0.99374
83388: 0.99374
83389: 0.99374
83390: 0.99374
83391: 0.99374
83392: 0.99374
83393: 0.993741
83394: 0.993741
83395: 0.993741
83396: 0.993741
83397: 0.993741
83398: 0.993741
83399: 0.993741
83400: 0.993741
83401: 0.993741
83402: 0.993741
83403: 0.993741
83404: 0.993741
83405: 0.993741
83406: 0.993742
83407: 0.993742
83408: 0.993742
83409: 0.993742
83410: 0.993742
83411: 0.993742
83412: 0.993742
83413: 0.993742
83414: 0.993742
83415: 0.993742
83416: 0.993742
83417: 0.993742
83418: 0.993742
83419: 0.993743
83420: 0.993743
83421: 0.993743
83422: 0.993743
83423: 0.993743
83424: 0.993743
83425: 0.993743
83426: 0.993743
83427: 0.993743
83428: 0.993743
83429: 0.993743
83430: 0.993743
83431: 0.993743
83432: 0.993743
83433: 0.993744
83434: 0.993744
83435: 0.993744
83436: 0.993744
83437: 0.993744
83438: 0.993744
83439: 0.993744
83440: 0.993744
83441: 0.993744
83442: 0.993744
83443: 0.993744
83444: 0.993744
83445: 0.993744
83446: 0.993745
83447: 0.993745
83448: 0.993745
83449: 0.993745
83450: 0.993745
83451: 0.993745
83452: 0.993745
83453: 0.993745
83454: 0.993745
83455: 0.993745
83456: 0.993745
83457: 0.993745
83458: 0.993745
83459: 0.993746
83460: 0.993746
83461: 0.993746
83462: 0.993746
83463: 0.993746
83464: 0.993746
83465: 0.993746
83466: 0.993746
83467: 0.993746
83468: 0.993746
83469: 0.993746
83470: 0.993746
83471: 0.993746
83472: 0.993746
83473: 0.993747
83474: 0.993747
83475: 0.993747
83476: 0.993747
83477: 0.993747
83478: 0.993747
83479: 0.993747
83480: 0.993747
83481: 0.993747
83482: 0.993747
83483: 0.993747
83484: 0.993747
83485: 0.993747
83486: 0.993748
83487: 0.993748
83488: 0.993748
83489: 0.993748
83490: 0.993748
83491: 0.993748
83492: 0.993748
83493: 0.993748
83494: 0.993748
83495: 0.993748
83496: 0.993748
83497: 0.993748
83498: 0.993748
83499: 0.993749
83500: 0.993749
83501: 0.993749
83502: 0.993749
83503: 0.993749
83504: 0.993749
83505: 0.993749
83506: 0.993749
83507: 0.993749
83508: 0.993749
83509: 0.993749
83510: 0.993749
83511: 0.993749
83512: 0.993749
83513: 0.99375
83514: 0.99375
83515: 0.99375
83516: 0.99375
83517: 0.99375
83518: 0.99375
83519: 0.99375
83520: 0.99375
83521: 0.99375
83522: 0.99375
83523: 0.99375
83524: 0.99375
83525: 0.99375
83526: 0.993751
83527: 0.993751
83528: 0.993751
83529: 0.993751
83530: 0.993751
83531: 0.993751
83532: 0.993751
83533: 0.993751
83534: 0.993751
83535: 0.993751
83536: 0.993751
83537: 0.993751
83538: 0.993751
83539: 0.993751
83540: 0.993752
83541: 0.993752
83542: 0.993752
83543: 0.993752
83544: 0.993752
83545: 0.993752
83546: 0.993752
83547: 0.993752
83548: 0.993752
83549: 0.993752
83550: 0.993752
83551: 0.993752
83552: 0.993752
83553: 0.993753
83554: 0.993753
83555: 0.993753
83556: 0.993753
83557: 0.993753
83558: 0.993753
83559: 0.993753
83560: 0.993753
83561: 0.993753
83562: 0.993753
83563: 0.993753
83564: 0.993753
83565: 0.993753
83566: 0.993754
83567: 0.993754
83568: 0.993754
83569: 0.993754
83570: 0.993754
83571: 0.993754
83572: 0.993754
83573: 0.993754
83574: 0.993754
83575: 0.993754
83576: 0.993754
83577: 0.993754
83578: 0.993754
83579: 0.993754
83580: 0.993755
83581: 0.993755
83582: 0.993755
83583: 0.993743
83584: 0.993743
83585: 0.993743
83586: 0.993743
83587: 0.993743
83588: 0.993743
83589: 0.993743
83590: 0.993743
83591: 0.993743
83592: 0.993743
83593: 0.993744
83594: 0.993744
83595: 0.993744
83596: 0.993744
83597: 0.993744
83598: 0.993744
83599: 0.993744
83600: 0.993744
83601: 0.993744
83602: 0.993744
83603: 0.993744
83604: 0.993744
83605: 0.993744
83606: 0.993745
83607: 0.993745
83608: 0.993745
83609: 0.993745
83610: 0.993745
83611: 0.993745
83612: 0.993745
83613: 0.993745
83614: 0.993745
83615: 0.993745
83616: 0.993745
83617: 0.993745
83618: 0.993745
83619: 0.993746
83620: 0.993746
83621: 0.993746
83622: 0.993746
83623: 0.993746
83624: 0.993746
83625: 0.993746
83626: 0.993746
83627: 0.993746
83628: 0.993746
83629: 0.993746
83630: 0.993746
83631: 0.993746
83632: 0.993746
83633: 0.993735
83634: 0.993723
83635: 0.993723
83636: 0.993723
83637: 0.993723
83638: 0.993723
83639: 0.993723
83640: 0.993723
83641: 0.993723
83642: 0.993723
83643: 0.993723
83644: 0.993723
83645: 0.993724
83646: 0.993724
83647: 0.993724
83648: 0.993724
83649: 0.993724
83650: 0.993712
83651: 0.993712
83652: 0.993712
83653: 0.993712
83654: 0.993712
83655: 0.993712
83656: 0.993712
83657: 0.993712
83658: 0.993713
83659: 0.993713
83660: 0.993713
83661: 0.993713
83662: 0.993713
83663: 0.993713
83664: 0.993713
83665: 0.993713
83666: 0.993713
83667: 0.993713
83668: 0.993713
83669: 0.993713
83670: 0.993713
83671: 0.993714
83672: 0.993714
83673: 0.993714
83674: 0.993714
83675: 0.993714
83676: 0.993714
83677: 0.993714
83678: 0.993714
83679: 0.993714
83680: 0.993714
83681: 0.993714
83682: 0.993714
83683: 0.993714
83684: 0.993715
83685: 0.993715
83686: 0.993715
83687: 0.993715
83688: 0.993715
83689: 0.993715
83690: 0.993715
83691: 0.993715
83692: 0.993715
83693: 0.993715
83694: 0.993715
83695: 0.993715
83696: 0.993715
83697: 0.993716
83698: 0.993716
83699: 0.993716
83700: 0.993716
83701: 0.993716
83702: 0.993716
83703: 0.993716
83704: 0.993716
83705: 0.993716
83706: 0.993716
83707: 0.993716
83708: 0.993716
83709: 0.993716
83710: 0.993716
83711: 0.993717
83712: 0.993717
83713: 0.993717
83714: 0.993717
83715: 0.993717
83716: 0.993717
83717: 0.993717
83718: 0.993717
83719: 0.993717
83720: 0.993717
83721: 0.993717
83722: 0.993717
83723: 0.993717
83724: 0.993718
83725: 0.993718
83726: 0.993718
83727: 0.993718
83728: 0.993718
83729: 0.993718
83730: 0.993718
83731: 0.993718
83732: 0.993718
83733: 0.993718
83734: 0.993718
83735: 0.993718
83736: 0.993718
83737: 0.993719
83738: 0.993719
83739: 0.993719
83740: 0.993719
83741: 0.993719
83742: 0.993719
83743: 0.993719
83744: 0.993719
83745: 0.993719
83746: 0.993719
83747: 0.993719
83748: 0.993719
83749: 0.993719
83750: 0.993719
83751: 0.99372
83752: 0.99372
83753: 0.99372
83754: 0.99372
83755: 0.99372
83756: 0.99372
83757: 0.99372
83758: 0.99372
83759: 0.99372
83760: 0.99372
83761: 0.99372
83762: 0.99372
83763: 0.99372
83764: 0.993721
83765: 0.993721
83766: 0.993721
83767: 0.993721
83768: 0.993721
83769: 0.993721
83770: 0.993721
83771: 0.993721
83772: 0.993721
83773: 0.993721
83774: 0.993721
83775: 0.993721
83776: 0.993721
83777: 0.993722
83778: 0.993722
83779: 0.993722
83780: 0.993722
83781: 0.993722
83782: 0.993722
83783: 0.993722
83784: 0.993722
83785: 0.993722
83786: 0.993722
83787: 0.993722
83788: 0.993722
83789: 0.993722
83790: 0.993722
83791: 0.993723
83792: 0.993723
83793: 0.993723
83794: 0.993723
83795: 0.993723
83796: 0.993723
83797: 0.993723
83798: 0.993723
83799: 0.993723
83800: 0.993723
83801: 0.993723
83802: 0.993723
83803: 0.993723
83804: 0.993724
83805: 0.993724
83806: 0.993724
83807: 0.993724
83808: 0.993724
83809: 0.993724
83810: 0.993724
83811: 0.993724
83812: 0.993724
83813: 0.993724
83814: 0.993724
83815: 0.993724
83816: 0.993724
83817: 0.993724
83818: 0.993725
83819: 0.993725
83820: 0.993725
83821: 0.993725
83822: 0.993725
83823: 0.993725
83824: 0.993725
83825: 0.993725
83826: 0.993725
83827: 0.993725
83828: 0.993725
83829: 0.993725
83830: 0.993725
83831: 0.993726
83832: 0.993726
83833: 0.993726
83834: 0.993726
83835: 0.993726
83836: 0.993726
83837: 0.993726
83838: 0.993726
83839: 0.993726
83840: 0.993726
83841: 0.993726
83842: 0.993726
83843: 0.993726
83844: 0.993727
83845: 0.993727
83846: 0.993727
83847: 0.993727
83848: 0.993727
83849: 0.993727
83850: 0.993727
83851: 0.993727
83852: 0.993727
83853: 0.993727
83854: 0.993727
83855: 0.993727
83856: 0.993727
83857: 0.993727
83858: 0.993728
83859: 0.993728
83860: 0.993728
83861: 0.993728
83862: 0.993728
83863: 0.993728
83864: 0.993728
83865: 0.993728
83866: 0.993728
83867: 0.993728
83868: 0.993728
83869: 0.993728
83870: 0.993728
83871: 0.993729
83872: 0.993729
83873: 0.993729
83874: 0.993729
83875: 0.993729
83876: 0.993729
83877: 0.993729
83878: 0.993729
83879: 0.993729
83880: 0.993729
83881: 0.993729
83882: 0.993729
83883: 0.993729
83884: 0.99373
83885: 0.99373
83886: 0.99373
83887: 0.99373
83888: 0.99373
83889: 0.99373
83890: 0.99373
83891: 0.99373
83892: 0.99373
83893: 0.99373
83894: 0.99373
83895: 0.99373
83896: 0.99373
83897: 0.99373
83898: 0.993731
83899: 0.993731
83900: 0.993731
83901: 0.993731
83902: 0.993731
83903: 0.993731
83904: 0.993731
83905: 0.993731
83906: 0.993731
83907: 0.993731
83908: 0.993731
83909: 0.993731
83910: 0.993731
83911: 0.993732
83912: 0.993732
83913: 0.993732
83914: 0.993732
83915: 0.993732
83916: 0.993732
83917: 0.993732
83918: 0.993732
83919: 0.993732
83920: 0.993732
83921: 0.993732
83922: 0.993732
83923: 0.993732
83924: 0.993732
83925: 0.993733
83926: 0.993733
83927: 0.993733
83928: 0.993733
83929: 0.993733
83930: 0.993733
83931: 0.993733
83932: 0.993733
83933: 0.993733
83934: 0.993733
83935: 0.993733
83936: 0.993733
83937: 0.993733
83938: 0.993734
83939: 0.993734
83940: 0.993734
83941: 0.993734
83942: 0.993734
83943: 0.993734
83944: 0.993734
83945: 0.993734
83946: 0.993734
83947: 0.993734
83948: 0.993734
83949: 0.993734
83950: 0.993734
83951: 0.993735
83952: 0.993735
83953: 0.993735
83954: 0.993735
83955: 0.993735
83956: 0.993735
83957: 0.993735
83958: 0.993735
83959: 0.993735
83960: 0.993735
83961: 0.993735
83962: 0.993735
83963: 0.993735
83964: 0.993735
83965: 0.993736
83966: 0.993736
83967: 0.993736
83968: 0.993736
83969: 0.993736
83970: 0.993736
83971: 0.993736
83972: 0.993736
83973: 0.993736
83974: 0.993736
83975: 0.993736
83976: 0.993736
83977: 0.993736
83978: 0.993737
83979: 0.993737
83980: 0.993737
83981: 0.993737
83982: 0.993737
83983: 0.993737
83984: 0.993737
83985: 0.993737
83986: 0.993737
83987: 0.993737
83988: 0.993737
83989: 0.993737
83990: 0.993737
83991: 0.993737
83992: 0.993738
83993: 0.993738
83994: 0.993738
83995: 0.993738
83996: 0.993738
83997: 0.993738
83998: 0.993738
83999: 0.993738
84000: 0.993738
84001: 0.993738
84002: 0.993738
84003: 0.993738
84004: 0.993738
84005: 0.993739
84006: 0.993739
84007: 0.993739
84008: 0.993739
84009: 0.993739
84010: 0.993739
84011: 0.993739
84012: 0.993739
84013: 0.993739
84014: 0.993739
84015: 0.993739
84016: 0.993739
84017: 0.993739
84018: 0.99374
84019: 0.99374
84020: 0.99374
84021: 0.99374
84022: 0.99374
84023: 0.99374
84024: 0.99374
84025: 0.99374
84026: 0.99374
84027: 0.99374
84028: 0.99374
84029: 0.99374
84030: 0.99374
84031: 0.99374
84032: 0.993741
84033: 0.993741
84034: 0.993741
84035: 0.993741
84036: 0.993741
84037: 0.993741
84038: 0.993741
84039: 0.993741
84040: 0.993741
84041: 0.993741
84042: 0.993741
84043: 0.993741
84044: 0.993741
84045: 0.993742
84046: 0.993742
84047: 0.993742
84048: 0.993742
84049: 0.993742
84050: 0.993742
84051: 0.993742
84052: 0.993742
84053: 0.993742
84054: 0.993742
84055: 0.993742
84056: 0.993742
84057: 0.993742
84058: 0.993742
84059: 0.993743
84060: 0.993743
84061: 0.993743
84062: 0.993743
84063: 0.993743
84064: 0.993743
84065: 0.993743
84066: 0.993743
84067: 0.993743
84068: 0.993743
84069: 0.993743
84070: 0.993743
84071: 0.993743
84072: 0.993744
84073: 0.993744
84074: 0.993744
84075: 0.993744
84076: 0.993744
84077: 0.993744
84078: 0.993744
84079: 0.993744
84080: 0.993744
84081: 0.993744
84082: 0.993744
84083: 0.993744
84084: 0.993744
84085: 0.993744
84086: 0.993745
84087: 0.993745
84088: 0.993745
84089: 0.993745
84090: 0.993745
84091: 0.993745
84092: 0.993745
84093: 0.993745
84094: 0.993745
84095: 0.993745
84096: 0.993745
84097: 0.993745
84098: 0.993745
84099: 0.993746
84100: 0.993746
84101: 0.993746
84102: 0.993746
84103: 0.993746
84104: 0.993746
84105: 0.993746
84106: 0.993746
84107: 0.993746
84108: 0.993746
84109: 0.993746
84110: 0.993746
84111: 0.993746
84112: 0.993747
84113: 0.993747
84114: 0.993747
84115: 0.993747
84116: 0.993747
84117: 0.993747
84118: 0.993747
84119: 0.993747
84120: 0.993747
84121: 0.993747
84122: 0.993747
84123: 0.993747
84124: 0.993747
84125: 0.993747
84126: 0.993748
84127: 0.993748
84128: 0.993748
84129: 0.993748
84130: 0.993748
84131: 0.993748
84132: 0.993748
84133: 0.993748
84134: 0.993748
84135: 0.993748
84136: 0.993748
84137: 0.993748
84138: 0.993748
84139: 0.993749
84140: 0.993749
84141: 0.993749
84142: 0.993749
84143: 0.993749
84144: 0.993749
84145: 0.993749
84146: 0.993749
84147: 0.993749
84148: 0.993749
84149: 0.993749
84150: 0.993749
84151: 0.993749
84152: 0.993749
84153: 0.99375
84154: 0.99375
84155: 0.99375
84156: 0.99375
84157: 0.99375
84158: 0.99375
84159: 0.99375
84160: 0.99375
84161: 0.99375
84162: 0.99375
84163: 0.99375
84164: 0.99375
84165: 0.99375
84166: 0.993751
84167: 0.993751
84168: 0.993751
84169: 0.993751
84170: 0.993751
84171: 0.993751
84172: 0.993751
84173: 0.993751
84174: 0.993751
84175: 0.993751
84176: 0.993751
84177: 0.993751
84178: 0.993751
84179: 0.993751
84180: 0.993752
84181: 0.993752
84182: 0.993752
84183: 0.993752
84184: 0.993752
84185: 0.993752
84186: 0.993752
84187: 0.993752
84188: 0.993752
84189: 0.993752
84190: 0.993752
84191: 0.993752
84192: 0.993752
84193: 0.993753
84194: 0.993753
84195: 0.993753
84196: 0.993753
84197: 0.993753
84198: 0.993753
84199: 0.993753
84200: 0.993753
84201: 0.993753
84202: 0.993753
84203: 0.993753
84204: 0.993753
84205: 0.993753
84206: 0.993753
84207: 0.993754
84208: 0.993754
84209: 0.993754
84210: 0.993754
84211: 0.993754
84212: 0.993754
84213: 0.993754
84214: 0.993754
84215: 0.993754
84216: 0.993754
84217: 0.993754
84218: 0.993754
84219: 0.993754
84220: 0.993755
84221: 0.993755
84222: 0.993755
84223: 0.993755
84224: 0.993755
84225: 0.993755
84226: 0.993755
84227: 0.993755
84228: 0.993755
84229: 0.993755
84230: 0.993755
84231: 0.993755
84232: 0.993755
84233: 0.993755
84234: 0.993756
84235: 0.993756
84236: 0.993756
84237: 0.993756
84238: 0.993756
84239: 0.993756
84240: 0.993756
84241: 0.993756
84242: 0.993756
84243: 0.993756
84244: 0.993756
84245: 0.993756
84246: 0.993756
84247: 0.993757
84248: 0.993757
84249: 0.993757
84250: 0.993757
84251: 0.993757
84252: 0.993757
84253: 0.993757
84254: 0.993757
84255: 0.993757
84256: 0.993757
84257: 0.993757
84258: 0.993757
84259: 0.993757
84260: 0.993757
84261: 0.993758
84262: 0.993758
84263: 0.993758
84264: 0.993758
84265: 0.993758
84266: 0.993758
84267: 0.993758
84268: 0.993758
84269: 0.993758
84270: 0.993758
84271: 0.993758
84272: 0.993758
84273: 0.993758
84274: 0.993759
84275: 0.993759
84276: 0.993759
84277: 0.993759
84278: 0.993759
84279: 0.993759
84280: 0.993759
84281: 0.993759
84282: 0.993759
84283: 0.993759
84284: 0.993759
84285: 0.993759
84286: 0.993759
84287: 0.993759
84288: 0.99376
84289: 0.99376
84290: 0.99376
84291: 0.99376
84292: 0.99376
84293: 0.99376
84294: 0.99376
84295: 0.99376
84296: 0.99376
84297: 0.99376
84298: 0.99376
84299: 0.99376
84300: 0.99376
84301: 0.993761
84302: 0.993761
84303: 0.993761
84304: 0.993761
84305: 0.993761
84306: 0.993761
84307: 0.993761
84308: 0.993761
84309: 0.993761
84310: 0.993761
84311: 0.993761
84312: 0.993761
84313: 0.993761
84314: 0.993761
84315: 0.993762
84316: 0.993762
84317: 0.993762
84318: 0.993762
84319: 0.993762
84320: 0.993762
84321: 0.993762
84322: 0.993762
84323: 0.993762
84324: 0.993762
84325: 0.993762
84326: 0.993762
84327: 0.993762
84328: 0.993763
84329: 0.993763
84330: 0.993763
84331: 0.993763
84332: 0.993763
84333: 0.993763
84334: 0.993763
84335: 0.993763
84336: 0.993763
84337: 0.993763
84338: 0.993763
84339: 0.993763
84340: 0.993763
84341: 0.993763
84342: 0.993764
84343: 0.993764
84344: 0.993764
84345: 0.993764
84346: 0.993764
84347: 0.993764
84348: 0.993764
84349: 0.993764
84350: 0.993764
84351: 0.993764
84352: 0.993764
84353: 0.993764
84354: 0.993764
84355: 0.993765
84356: 0.993765
84357: 0.993765
84358: 0.993765
84359: 0.993765
84360: 0.993765
84361: 0.993765
84362: 0.993765
84363: 0.993765
84364: 0.993765
84365: 0.993765
84366: 0.993765
84367: 0.993765
84368: 0.993765
84369: 0.993766
84370: 0.993766
84371: 0.993766
84372: 0.993766
84373: 0.993766
84374: 0.993766
84375: 0.993766
84376: 0.993766
84377: 0.993766
84378: 0.993766
84379: 0.993766
84380: 0.993766
84381: 0.993766
84382: 0.993767
84383: 0.993767
84384: 0.993767
84385: 0.993767
84386: 0.993767
84387: 0.993767
84388: 0.993767
84389: 0.993767
84390: 0.993767
84391: 0.993767
84392: 0.993767
84393: 0.993767
84394: 0.993767
84395: 0.993767
84396: 0.993768
84397: 0.993768
84398: 0.993768
84399: 0.993768
84400: 0.993768
84401: 0.993768
84402: 0.993768
84403: 0.993768
84404: 0.993768
84405: 0.993768
84406: 0.993768
84407: 0.993768
84408: 0.993768
84409: 0.993769
84410: 0.993769
84411: 0.993769
84412: 0.993769
84413: 0.993769
84414: 0.993769
84415: 0.993769
84416: 0.993769
84417: 0.993769
84418: 0.993769
84419: 0.993769
84420: 0.993769
84421: 0.993769
84422: 0.993769
84423: 0.99377
84424: 0.99377
84425: 0.99377
84426: 0.99377
84427: 0.99377
84428: 0.99377
84429: 0.99377
84430: 0.99377
84431: 0.99377
84432: 0.99377
84433: 0.99377
84434: 0.99377
84435: 0.99377
84436: 0.993771
84437: 0.993771
84438: 0.993771
84439: 0.993771
84440: 0.993771
84441: 0.993771
84442: 0.993771
84443: 0.993771
84444: 0.993771
84445: 0.993771
84446: 0.993771
84447: 0.993771
84448: 0.993771
84449: 0.993771
84450: 0.993772
84451: 0.993772
84452: 0.993772
84453: 0.993772
84454: 0.993772
84455: 0.993772
84456: 0.993772
84457: 0.993772
84458: 0.993772
84459: 0.993772
84460: 0.993772
84461: 0.993772
84462: 0.993772
84463: 0.993772
84464: 0.993773
84465: 0.993773
84466: 0.993773
84467: 0.993773
84468: 0.993773
84469: 0.993773
84470: 0.993773
84471: 0.993773
84472: 0.993773
84473: 0.993773
84474: 0.993773
84475: 0.993773
84476: 0.993773
84477: 0.993774
84478: 0.993774
84479: 0.993774
84480: 0.993774
84481: 0.993774
84482: 0.993774
84483: 0.993774
84484: 0.993774
84485: 0.993774
84486: 0.993774
84487: 0.993774
84488: 0.993774
84489: 0.993774
84490: 0.993774
84491: 0.993775
84492: 0.993775
84493: 0.993775
84494: 0.993775
84495: 0.993775
84496: 0.993775
84497: 0.993775
84498: 0.993775
84499: 0.993775
84500: 0.993775
84501: 0.993775
84502: 0.993775
84503: 0.993775
84504: 0.993776
84505: 0.993776
84506: 0.993776
84507: 0.993776
84508: 0.993776
84509: 0.993776
84510: 0.993776
84511: 0.993776
84512: 0.993776
84513: 0.993776
84514: 0.993776
84515: 0.993776
84516: 0.993776
84517: 0.993776
84518: 0.993777
84519: 0.993777
84520: 0.993777
84521: 0.993777
84522: 0.993777
84523: 0.993777
84524: 0.993777
84525: 0.993777
84526: 0.993777
84527: 0.993777
84528: 0.993777
84529: 0.993777
84530: 0.993777
84531: 0.993778
84532: 0.993778
84533: 0.993778
84534: 0.993778
84535: 0.993778
84536: 0.993778
84537: 0.993778
84538: 0.993778
84539: 0.993778
84540: 0.993778
84541: 0.993778
84542: 0.993778
84543: 0.993778
84544: 0.993778
84545: 0.993779
84546: 0.993779
84547: 0.993779
84548: 0.993779
84549: 0.993779
84550: 0.993779
84551: 0.993779
84552: 0.993779
84553: 0.993779
84554: 0.993779
84555: 0.993779
84556: 0.993779
84557: 0.993779
84558: 0.993779
84559: 0.99378
84560: 0.99378
84561: 0.99378
84562: 0.99378
84563: 0.99378
84564: 0.99378
84565: 0.99378
84566: 0.99378
84567: 0.99378
84568: 0.99378
84569: 0.99378
84570: 0.99378
84571: 0.99378
84572: 0.993781
84573: 0.993781
84574: 0.993781
84575: 0.993781
84576: 0.993781
84577: 0.993781
84578: 0.993781
84579: 0.993781
84580: 0.993781
84581: 0.993781
84582: 0.993781
84583: 0.993781
84584: 0.993781
84585: 0.993781
84586: 0.993782
84587: 0.993782
84588: 0.993782
84589: 0.993782
84590: 0.993782
84591: 0.993782
84592: 0.993782
84593: 0.993782
84594: 0.993782
84595: 0.993782
84596: 0.993782
84597: 0.993782
84598: 0.993782
84599: 0.993783
84600: 0.993783
84601: 0.993783
84602: 0.993783
84603: 0.993783
84604: 0.993783
84605: 0.993783
84606: 0.993783
84607: 0.993783
84608: 0.993783
84609: 0.993783
84610: 0.993783
84611: 0.993783
84612: 0.993783
84613: 0.993784
84614: 0.993784
84615: 0.993784
84616: 0.993784
84617: 0.993784
84618: 0.993784
84619: 0.993784
84620: 0.993784
84621: 0.993784
84622: 0.993784
84623: 0.993784
84624: 0.993784
84625: 0.993784
84626: 0.993784
84627: 0.993785
84628: 0.993785
84629: 0.993785
84630: 0.993785
84631: 0.993785
84632: 0.993785
84633: 0.993785
84634: 0.993785
84635: 0.993785
84636: 0.993785
84637: 0.993785
84638: 0.993785
84639: 0.993785
84640: 0.993786
84641: 0.993786
84642: 0.993786
84643: 0.993786
84644: 0.993786
84645: 0.993786
84646: 0.993786
84647: 0.993786
84648: 0.993786
84649: 0.993786
84650: 0.993786
84651: 0.993786
84652: 0.993786
84653: 0.993786
84654: 0.993787
84655: 0.993787
84656: 0.993787
84657: 0.993787
84658: 0.993787
84659: 0.993787
84660: 0.993787
84661: 0.993787
84662: 0.993787
84663: 0.993787
84664: 0.993787
84665: 0.993787
84666: 0.993787
84667: 0.993787
84668: 0.993788
84669: 0.993788
84670: 0.993788
84671: 0.993788
84672: 0.993788
84673: 0.993788
84674: 0.993788
84675: 0.993788
84676: 0.993788
84677: 0.993788
84678: 0.993788
84679: 0.993788
84680: 0.993788
84681: 0.993789
84682: 0.993789
84683: 0.993789
84684: 0.993789
84685: 0.993789
84686: 0.993789
84687: 0.993789
84688: 0.993789
84689: 0.993789
84690: 0.993789
84691: 0.993789
84692: 0.993789
84693: 0.993789
84694: 0.993789
84695: 0.99379
84696: 0.99379
84697: 0.99379
84698: 0.99379
84699: 0.99379
84700: 0.99379
84701: 0.99379
84702: 0.99379
84703: 0.99379
84704: 0.99379
84705: 0.99379
84706: 0.99379
84707: 0.99379
84708: 0.993791
84709: 0.993791
84710: 0.993791
84711: 0.993791
84712: 0.993791
84713: 0.993791
84714: 0.993779
84715: 0.993779
84716: 0.993779
84717: 0.993779
84718: 0.993779
84719: 0.99378
84720: 0.99378
84721: 0.99378
84722: 0.99378
84723: 0.99378
84724: 0.99378
84725: 0.99378
84726: 0.99378
84727: 0.99378
84728: 0.99378
84729: 0.99378
84730: 0.99378
84731: 0.99378
84732: 0.99378
84733: 0.993781
84734: 0.993781
84735: 0.993781
84736: 0.993781
84737: 0.993781
84738: 0.993781
84739: 0.993781
84740: 0.993781
84741: 0.993781
84742: 0.993781
84743: 0.993781
84744: 0.993781
84745: 0.993781
84746: 0.993781
84747: 0.993782
84748: 0.993782
84749: 0.993782
84750: 0.993782
84751: 0.993782
84752: 0.993782
84753: 0.993782
84754: 0.993782
84755: 0.993782
84756: 0.993782
84757: 0.993782
84758: 0.993782
84759: 0.993782
84760: 0.993783
84761: 0.993783
84762: 0.993783
84763: 0.993783
84764: 0.993783
84765: 0.993783
84766: 0.993783
84767: 0.993783
84768: 0.993783
84769: 0.993783
84770: 0.993783
84771: 0.993783
84772: 0.993783
84773: 0.993783
84774: 0.993784
84775: 0.993784
84776: 0.993784
84777: 0.993784
84778: 0.993784
84779: 0.993784
84780: 0.993784
84781: 0.993784
84782: 0.993784
84783: 0.993784
84784: 0.993784
84785: 0.993784
84786: 0.993784
84787: 0.993784
84788: 0.993785
84789: 0.993785
84790: 0.993785
84791: 0.993785
84792: 0.993785
84793: 0.993785
84794: 0.993785
84795: 0.993785
84796: 0.993785
84797: 0.993785
84798: 0.993785
84799: 0.993785
84800: 0.993785
84801: 0.993786
84802: 0.993786
84803: 0.993786
84804: 0.993786
84805: 0.993786
84806: 0.993786
84807: 0.993786
84808: 0.993786
84809: 0.993786
84810: 0.993786
84811: 0.993786
84812: 0.993786
84813: 0.993786
84814: 0.993786
84815: 0.993787
84816: 0.993787
84817: 0.993787
84818: 0.993787
84819: 0.993787
84820: 0.993787
84821: 0.993787
84822: 0.993787
84823: 0.993787
84824: 0.993787
84825: 0.993787
84826: 0.993787
84827: 0.993787
84828: 0.993788
84829: 0.993788
84830: 0.993788
84831: 0.993788
84832: 0.993788
84833: 0.993788
84834: 0.993788
84835: 0.993788
84836: 0.993788
84837: 0.993788
84838: 0.993788
84839: 0.993788
84840: 0.993788
84841: 0.993788
84842: 0.993789
84843: 0.993789
84844: 0.993789
84845: 0.993789
84846: 0.993789
84847: 0.993789
84848: 0.993789
84849: 0.993789
84850: 0.993789
84851: 0.993789
84852: 0.993789
84853: 0.993789
84854: 0.993789
84855: 0.993789
84856: 0.99379
84857: 0.99379
84858: 0.99379
84859: 0.99379
84860: 0.99379
84861: 0.99379
84862: 0.99379
84863: 0.99379
84864: 0.99379
84865: 0.99379
84866: 0.99379
84867: 0.99379
84868: 0.99379
84869: 0.993791
84870: 0.993791
84871: 0.993791
84872: 0.993791
84873: 0.993791
84874: 0.993791
84875: 0.993791
84876: 0.993791
84877: 0.993791
84878: 0.993791
84879: 0.993791
84880: 0.993791
84881: 0.993791
84882: 0.993791
84883: 0.993792
84884: 0.993792
84885: 0.993792
84886: 0.993792
84887: 0.993792
84888: 0.993792
84889: 0.993792
84890: 0.993792
84891: 0.993792
84892: 0.993792
84893: 0.993792
84894: 0.993792
84895: 0.993792
84896: 0.993792
84897: 0.993793
84898: 0.993793
84899: 0.993793
84900: 0.993793
84901: 0.993793
84902: 0.993793
84903: 0.993793
84904: 0.993793
84905: 0.993793
84906: 0.993793
84907: 0.993793
84908: 0.993793
84909: 0.993793
84910: 0.993794
84911: 0.993794
84912: 0.993794
84913: 0.993794
84914: 0.993794
84915: 0.993794
84916: 0.993794
84917: 0.993794
84918: 0.993794
84919: 0.993794
84920: 0.993794
84921: 0.993794
84922: 0.993794
84923: 0.993794
84924: 0.993795
84925: 0.993795
84926: 0.993795
84927: 0.993795
84928: 0.993795
84929: 0.993795
84930: 0.993795
84931: 0.993795
84932: 0.993795
84933: 0.993795
84934: 0.993795
84935: 0.993795
84936: 0.993795
84937: 0.993795
84938: 0.993796
84939: 0.993796
84940: 0.993796
84941: 0.993796
84942: 0.993796
84943: 0.993796
84944: 0.993796
84945: 0.993796
84946: 0.993796
84947: 0.993796
84948: 0.993796
84949: 0.993796
84950: 0.993796
84951: 0.993796
84952: 0.993797
84953: 0.993797
84954: 0.993797
84955: 0.993797
84956: 0.993797
84957: 0.993797
84958: 0.993797
84959: 0.993797
84960: 0.993797
84961: 0.993797
84962: 0.993797
84963: 0.993797
84964: 0.993797
84965: 0.993798
84966: 0.993798
84967: 0.993798
84968: 0.993798
84969: 0.993798
84970: 0.993798
84971: 0.993798
84972: 0.993798
84973: 0.993798
84974: 0.993798
84975: 0.993798
84976: 0.993798
84977: 0.993798
84978: 0.993798
84979: 0.993799
84980: 0.993799
84981: 0.993799
84982: 0.993799
84983: 0.993799
84984: 0.993799
84985: 0.993799
84986: 0.993799
84987: 0.993799
84988: 0.993799
84989: 0.993799
84990: 0.993799
84991: 0.993799
84992: 0.993799
84993: 0.9938
84994: 0.9938
84995: 0.9938
84996: 0.9938
84997: 0.9938
84998: 0.9938
84999: 0.9938
85000: 0.9938
85001: 0.9938
85002: 0.9938
85003: 0.9938
85004: 0.9938
85005: 0.9938
85006: 0.993801
85007: 0.993801
85008: 0.993801
85009: 0.993801
85010: 0.993801
85011: 0.993801
85012: 0.993801
85013: 0.993801
85014: 0.993801
85015: 0.993801
85016: 0.993801
85017: 0.993801
85018: 0.993801
85019: 0.993801
85020: 0.993802
85021: 0.993802
85022: 0.993802
85023: 0.993802
85024: 0.993802
85025: 0.993802
85026: 0.993802
85027: 0.993802
85028: 0.993802
85029: 0.993802
85030: 0.993802
85031: 0.993802
85032: 0.993802
85033: 0.993802
85034: 0.993803
85035: 0.993803
85036: 0.993803
85037: 0.993803
85038: 0.993803
85039: 0.993803
85040: 0.993803
85041: 0.993803
85042: 0.993803
85043: 0.993803
85044: 0.993803
85045: 0.993803
85046: 0.993803
85047: 0.993803
85048: 0.993804
85049: 0.993804
85050: 0.993804
85051: 0.993804
85052: 0.993804
85053: 0.993804
85054: 0.993804
85055: 0.993804
85056: 0.993804
85057: 0.993804
85058: 0.993804
85059: 0.993804
85060: 0.993804
85061: 0.993805
85062: 0.993805
85063: 0.993805
85064: 0.993805
85065: 0.993805
85066: 0.993805
85067: 0.993805
85068: 0.993805
85069: 0.993805
85070: 0.993805
85071: 0.993805
85072: 0.993805
85073: 0.993805
85074: 0.993805
85075: 0.993806
85076: 0.993806
85077: 0.993806
85078: 0.993806
85079: 0.993806
85080: 0.993806
85081: 0.993806
85082: 0.993806
85083: 0.993806
85084: 0.993806
85085: 0.993806
85086: 0.993806
85087: 0.993806
85088: 0.993806
85089: 0.993807
85090: 0.993807
85091: 0.993807
85092: 0.993807
85093: 0.993807
85094: 0.993807
85095: 0.993807
85096: 0.993807
85097: 0.993807
85098: 0.993807
85099: 0.993807
85100: 0.993807
85101: 0.993807
85102: 0.993808
85103: 0.993808
85104: 0.993808
85105: 0.993808
85106: 0.993808
85107: 0.993808
85108: 0.993808
85109: 0.993808
85110: 0.993808
85111: 0.993808
85112: 0.993808
85113: 0.993808
85114: 0.993808
85115: 0.993808
85116: 0.993809
85117: 0.993809
85118: 0.993809
85119: 0.993809
85120: 0.993809
85121: 0.993809
85122: 0.993809
85123: 0.993809
85124: 0.993809
85125: 0.993809
85126: 0.993809
85127: 0.993809
85128: 0.993809
85129: 0.993809
85130: 0.99381
85131: 0.99381
85132: 0.99381
85133: 0.99381
85134: 0.99381
85135: 0.99381
85136: 0.99381
85137: 0.99381
85138: 0.99381
85139: 0.99381
85140: 0.99381
85141: 0.99381
85142: 0.99381
85143: 0.99381
85144: 0.993811
85145: 0.993811
85146: 0.993811
85147: 0.993811
85148: 0.993811
85149: 0.993811
85150: 0.993811
85151: 0.993811
85152: 0.993811
85153: 0.993811
85154: 0.993811
85155: 0.993811
85156: 0.993811
85157: 0.993812
85158: 0.993812
85159: 0.993812
85160: 0.993812
85161: 0.993812
85162: 0.993812
85163: 0.993812
85164: 0.993812
85165: 0.993812
85166: 0.993812
85167: 0.993812
85168: 0.993812
85169: 0.993812
85170: 0.993812
85171: 0.993813
85172: 0.993813
85173: 0.993813
85174: 0.993813
85175: 0.993813
85176: 0.993813
85177: 0.993813
85178: 0.993813
85179: 0.993813
85180: 0.993813
85181: 0.993813
85182: 0.993813
85183: 0.993813
85184: 0.993813
85185: 0.993814
85186: 0.993814
85187: 0.993814
85188: 0.993814
85189: 0.993814
85190: 0.993814
85191: 0.993814
85192: 0.993814
85193: 0.993814
85194: 0.993814
85195: 0.993814
85196: 0.993814
85197: 0.993814
85198: 0.993814
85199: 0.993815
85200: 0.993815
85201: 0.993815
85202: 0.993815
85203: 0.993815
85204: 0.993815
85205: 0.993815
85206: 0.993815
85207: 0.993815
85208: 0.993815
85209: 0.993815
85210: 0.993815
85211: 0.993815
85212: 0.993815
85213: 0.993816
85214: 0.993816
85215: 0.993816
85216: 0.993816
85217: 0.993816
85218: 0.993816
85219: 0.993816
85220: 0.993816
85221: 0.993816
85222: 0.993816
85223: 0.993816
85224: 0.993816
85225: 0.993816
85226: 0.993817
85227: 0.993817
85228: 0.993817
85229: 0.993817
85230: 0.993817
85231: 0.993817
85232: 0.993817
85233: 0.993817
85234: 0.993817
85235: 0.993817
85236: 0.993817
85237: 0.993817
85238: 0.993817
85239: 0.993817
85240: 0.993818
85241: 0.993818
85242: 0.993818
85243: 0.993818
85244: 0.993818
85245: 0.993818
85246: 0.993818
85247: 0.993818
85248: 0.993818
85249: 0.993818
85250: 0.993818
85251: 0.993818
85252: 0.993818
85253: 0.993818
85254: 0.993819
85255: 0.993819
85256: 0.993819
85257: 0.993819
85258: 0.993819
85259: 0.993819
85260: 0.993819
85261: 0.993819
85262: 0.993819
85263: 0.993819
85264: 0.993819
85265: 0.993819
85266: 0.993819
85267: 0.993819
85268: 0.99382
85269: 0.99382
85270: 0.99382
85271: 0.99382
85272: 0.99382
85273: 0.99382
85274: 0.99382
85275: 0.99382
85276: 0.99382
85277: 0.99382
85278: 0.99382
85279: 0.99382
85280: 0.99382
85281: 0.993821
85282: 0.993821
85283: 0.993821
85284: 0.993821
85285: 0.993821
85286: 0.993821
85287: 0.993821
85288: 0.993821
85289: 0.993821
85290: 0.993821
85291: 0.993821
85292: 0.993821
85293: 0.993821
85294: 0.993821
85295: 0.993822
85296: 0.993822
85297: 0.993822
85298: 0.993822
85299: 0.993822
85300: 0.993822
85301: 0.993822
85302: 0.993822
85303: 0.993822
85304: 0.993822
85305: 0.993822
85306: 0.993822
85307: 0.993822
85308: 0.993822
85309: 0.993823
85310: 0.993823
85311: 0.993823
85312: 0.993823
85313: 0.993823
85314: 0.993823
85315: 0.993823
85316: 0.993823
85317: 0.993823
85318: 0.993823
85319: 0.993823
85320: 0.993823
85321: 0.993823
85322: 0.993823
85323: 0.993824
85324: 0.993824
85325: 0.993824
85326: 0.993824
85327: 0.993824
85328: 0.993824
85329: 0.993824
85330: 0.993824
85331: 0.993824
85332: 0.993824
85333: 0.993824
85334: 0.993824
85335: 0.993824
85336: 0.993824
85337: 0.993825
85338: 0.993825
85339: 0.993825
85340: 0.993825
85341: 0.993825
85342: 0.993825
85343: 0.993825
85344: 0.993825
85345: 0.993825
85346: 0.993825
85347: 0.993825
85348: 0.993825
85349: 0.993825
85350: 0.993825
85351: 0.993826
85352: 0.993826
85353: 0.993826
85354: 0.993826
85355: 0.993826
85356: 0.993826
85357: 0.993826
85358: 0.993826
85359: 0.993826
85360: 0.993826
85361: 0.993826
85362: 0.993826
85363: 0.993826
85364: 0.993827
85365: 0.993827
85366: 0.993827
85367: 0.993827
85368: 0.993827
85369: 0.993827
85370: 0.993827
85371: 0.993827
85372: 0.993827
85373: 0.993827
85374: 0.993827
85375: 0.993827
85376: 0.993827
85377: 0.993827
85378: 0.993828
85379: 0.993828
85380: 0.993828
85381: 0.993828
85382: 0.993828
85383: 0.993828
85384: 0.993828
85385: 0.993828
85386: 0.993828
85387: 0.993828
85388: 0.993828
85389: 0.993828
85390: 0.993828
85391: 0.993828
85392: 0.993829
85393: 0.993829
85394: 0.993829
85395: 0.993829
85396: 0.993829
85397: 0.993829
85398: 0.993829
85399: 0.993829
85400: 0.993829
85401: 0.993829
85402: 0.993829
85403: 0.993829
85404: 0.993829
85405: 0.993829
85406: 0.99383
85407: 0.99383
85408: 0.99383
85409: 0.99383
85410: 0.99383
85411: 0.99383
85412: 0.99383
85413: 0.99383
85414: 0.99383
85415: 0.99383
85416: 0.99383
85417: 0.99383
85418: 0.99383
85419: 0.99383
85420: 0.993831
85421: 0.993831
85422: 0.993831
85423: 0.993831
85424: 0.993831
85425: 0.993831
85426: 0.993831
85427: 0.993831
85428: 0.993831
85429: 0.993831
85430: 0.993831
85431: 0.993831
85432: 0.993831
85433: 0.993831
85434: 0.993832
85435: 0.993832
85436: 0.993832
85437: 0.993832
85438: 0.993832
85439: 0.993832
85440: 0.993832
85441: 0.993832
85442: 0.993832
85443: 0.993832
85444: 0.993832
85445: 0.993832
85446: 0.993832
85447: 0.993833
85448: 0.993833
85449: 0.993833
85450: 0.993833
85451: 0.993833
85452: 0.993833
85453: 0.993833
85454: 0.993833
85455: 0.993833
85456: 0.993833
85457: 0.993833
85458: 0.993833
85459: 0.993833
85460: 0.993833
85461: 0.993834
85462: 0.993834
85463: 0.993834
85464: 0.993834
85465: 0.993834
85466: 0.993834
85467: 0.993834
85468: 0.993834
85469: 0.993834
85470: 0.993834
85471: 0.993834
85472: 0.993834
85473: 0.993834
85474: 0.993834
85475: 0.993835
85476: 0.993835
85477: 0.993835
85478: 0.993835
85479: 0.993835
85480: 0.993835
85481: 0.993835
85482: 0.993835
85483: 0.993835
85484: 0.993835
85485: 0.993835
85486: 0.993835
85487: 0.993835
85488: 0.993835
85489: 0.993836
85490: 0.993836
85491: 0.993836
85492: 0.993836
85493: 0.993836
85494: 0.993836
85495: 0.993836
85496: 0.993836
85497: 0.993836
85498: 0.993836
85499: 0.993836
85500: 0.993836
85501: 0.993836
85502: 0.993836
85503: 0.993837
85504: 0.993837
85505: 0.993837
85506: 0.993837
85507: 0.993837
85508: 0.993837
85509: 0.993837
85510: 0.993837
85511: 0.993837
85512: 0.993837
85513: 0.993837
85514: 0.993837
85515: 0.993837
85516: 0.993837
85517: 0.993838
85518: 0.993838
85519: 0.993838
85520: 0.993838
85521: 0.993826
85522: 0.993815
85523: 0.993815
85524: 0.993815
85525: 0.993815
85526: 0.993815
85527: 0.993815
85528: 0.993815
85529: 0.993815
85530: 0.993815
85531: 0.993815
85532: 0.993815
85533: 0.993815
85534: 0.993815
85535: 0.993815
85536: 0.993816
85537: 0.993816
85538: 0.993816
85539: 0.993816
85540: 0.993816
85541: 0.993816
85542: 0.993816
85543: 0.993816
85544: 0.993816
85545: 0.993816
85546: 0.993816
85547: 0.993816
85548: 0.993816
85549: 0.993816
85550: 0.993817
85551: 0.993817
85552: 0.993817
85553: 0.993817
85554: 0.993817
85555: 0.993805
85556: 0.993794
85557: 0.993794
85558: 0.993794
85559: 0.993794
85560: 0.993794
85561: 0.993794
85562: 0.993794
85563: 0.993794
85564: 0.993794
85565: 0.993794
85566: 0.993794
85567: 0.993794
85568: 0.993794
85569: 0.993795
85570: 0.993795
85571: 0.993795
85572: 0.993795
85573: 0.993795
85574: 0.993795
85575: 0.993795
85576: 0.993795
85577: 0.993795
85578: 0.993795
85579: 0.993795
85580: 0.993795
85581: 0.993795
85582: 0.993795
85583: 0.993796
85584: 0.993796
85585: 0.993796
85586: 0.993796
85587: 0.993796
85588: 0.993796
85589: 0.993796
85590: 0.993796
85591: 0.993796
85592: 0.993796
85593: 0.993796
85594: 0.993796
85595: 0.993796
85596: 0.993797
85597: 0.993797
85598: 0.993797
85599: 0.993797
85600: 0.993797
85601: 0.993797
85602: 0.993797
85603: 0.993797
85604: 0.993797
85605: 0.993797
85606: 0.993797
85607: 0.993797
85608: 0.993797
85609: 0.993797
85610: 0.993798
85611: 0.993798
85612: 0.993798
85613: 0.993798
85614: 0.993798
85615: 0.993798
85616: 0.993798
85617: 0.993798
85618: 0.993798
85619: 0.993798
85620: 0.993798
85621: 0.993798
85622: 0.993798
85623: 0.993798
85624: 0.993799
85625: 0.993799
85626: 0.993799
85627: 0.993799
85628: 0.993799
85629: 0.993799
85630: 0.993799
85631: 0.993799
85632: 0.993799
85633: 0.993799
85634: 0.993799
85635: 0.993799
85636: 0.993799
85637: 0.993799
85638: 0.9938
85639: 0.9938
85640: 0.9938
85641: 0.9938
85642: 0.9938
85643: 0.9938
85644: 0.9938
85645: 0.9938
85646: 0.9938
85647: 0.9938
85648: 0.9938
85649: 0.9938
85650: 0.9938
85651: 0.9938
85652: 0.993801
85653: 0.993801
85654: 0.993801
85655: 0.993801
85656: 0.993801
85657: 0.993801
85658: 0.993801
85659: 0.993801
85660: 0.993801
85661: 0.993801
85662: 0.993801
85663: 0.993801
85664: 0.993801
85665: 0.993802
85666: 0.993802
85667: 0.993802
85668: 0.993802
85669: 0.993802
85670: 0.993802
85671: 0.993802
85672: 0.993802
85673: 0.993802
85674: 0.993802
85675: 0.993802
85676: 0.993802
85677: 0.993802
85678: 0.993802
85679: 0.993803
85680: 0.993803
85681: 0.993803
85682: 0.993803
85683: 0.993803
85684: 0.993803
85685: 0.993803
85686: 0.993803
85687: 0.993803
85688: 0.993803
85689: 0.993803
85690: 0.993803
85691: 0.993803
85692: 0.993803
85693: 0.993804
85694: 0.993804
85695: 0.993804
85696: 0.993804
85697: 0.993804
85698: 0.993804
85699: 0.993804
85700: 0.993804
85701: 0.993804
85702: 0.993804
85703: 0.993804
85704: 0.993804
85705: 0.993804
85706: 0.993804
85707: 0.993805
85708: 0.993805
85709: 0.993805
85710: 0.993805
85711: 0.993805
85712: 0.993805
85713: 0.993805
85714: 0.993805
85715: 0.993805
85716: 0.993805
85717: 0.993805
85718: 0.993805
85719: 0.993805
85720: 0.993805
85721: 0.993806
85722: 0.993806
85723: 0.993806
85724: 0.993806
85725: 0.993806
85726: 0.993806
85727: 0.993806
85728: 0.993806
85729: 0.993806
85730: 0.993806
85731: 0.993806
85732: 0.993806
85733: 0.993806
85734: 0.993806
85735: 0.993807
85736: 0.993807
85737: 0.993807
85738: 0.993807
85739: 0.993807
85740: 0.993807
85741: 0.993807
85742: 0.993807
85743: 0.993807
85744: 0.993807
85745: 0.993807
85746: 0.993807
85747: 0.993807
85748: 0.993808
85749: 0.993808
85750: 0.993808
85751: 0.993808
85752: 0.993808
85753: 0.993808
85754: 0.993808
85755: 0.993808
85756: 0.993808
85757: 0.993808
85758: 0.993808
85759: 0.993808
85760: 0.993808
85761: 0.993808
85762: 0.993809
85763: 0.993809
85764: 0.993809
85765: 0.993809
85766: 0.993809
85767: 0.993809
85768: 0.993809
85769: 0.993809
85770: 0.993809
85771: 0.993809
85772: 0.993809
85773: 0.993809
85774: 0.993809
85775: 0.993809
85776: 0.99381
85777: 0.99381
85778: 0.99381
85779: 0.99381
85780: 0.99381
85781: 0.99381
85782: 0.99381
85783: 0.99381
85784: 0.99381
85785: 0.99381
85786: 0.99381
85787: 0.99381
85788: 0.99381
85789: 0.99381
85790: 0.993811
85791: 0.993811
85792: 0.993811
85793: 0.993811
85794: 0.993811
85795: 0.993811
85796: 0.993811
85797: 0.993811
85798: 0.993811
85799: 0.993811
85800: 0.993811
85801: 0.993811
85802: 0.993811
85803: 0.993811
85804: 0.993812
85805: 0.993812
85806: 0.993812
85807: 0.993812
85808: 0.993812
85809: 0.993812
85810: 0.993812
85811: 0.993812
85812: 0.993812
85813: 0.993812
85814: 0.993812
85815: 0.993812
85816: 0.993812
85817: 0.993812
85818: 0.993813
85819: 0.993813
85820: 0.993813
85821: 0.993813
85822: 0.993813
85823: 0.993813
85824: 0.993813
85825: 0.993813
85826: 0.993813
85827: 0.993813
85828: 0.993813
85829: 0.993813
85830: 0.993813
85831: 0.993813
85832: 0.993814
85833: 0.993814
85834: 0.993814
85835: 0.993814
85836: 0.993814
85837: 0.993814
85838: 0.993814
85839: 0.993814
85840: 0.993814
85841: 0.993814
85842: 0.993814
85843: 0.993814
85844: 0.993814
85845: 0.993815
85846: 0.993815
85847: 0.993815
85848: 0.993815
85849: 0.993815
85850: 0.993815
85851: 0.993815
85852: 0.993815
85853: 0.993815
85854: 0.993815
85855: 0.993815
85856: 0.993815
85857: 0.993815
85858: 0.993815
85859: 0.993816
85860: 0.993816
85861: 0.993816
85862: 0.993816
85863: 0.993816
85864: 0.993816
85865: 0.993816
85866: 0.993816
85867: 0.993816
85868: 0.993816
85869: 0.993816
85870: 0.993816
85871: 0.993816
85872: 0.993816
85873: 0.993817
85874: 0.993817
85875: 0.993817
85876: 0.993817
85877: 0.993817
85878: 0.993817
85879: 0.993817
85880: 0.993817
85881: 0.993817
85882: 0.993817
85883: 0.993817
85884: 0.993817
85885: 0.993817
85886: 0.993817
85887: 0.993818
85888: 0.993818
85889: 0.993818
85890: 0.993818
85891: 0.993818
85892: 0.993818
85893: 0.993818
85894: 0.993818
85895: 0.993818
85896: 0.993818
85897: 0.993818
85898: 0.993818
85899: 0.993818
85900: 0.993818
85901: 0.993819
85902: 0.993819
85903: 0.993819
85904: 0.993819
85905: 0.993819
85906: 0.993819
85907: 0.993819
85908: 0.993819
85909: 0.993819
85910: 0.993819
85911: 0.993819
85912: 0.993819
85913: 0.993819
85914: 0.993819
85915: 0.99382
85916: 0.99382
85917: 0.99382
85918: 0.99382
85919: 0.99382
85920: 0.99382
85921: 0.99382
85922: 0.99382
85923: 0.99382
85924: 0.99382
85925: 0.99382
85926: 0.99382
85927: 0.99382
85928: 0.99382
85929: 0.993821
85930: 0.993821
85931: 0.993821
85932: 0.993821
85933: 0.993821
85934: 0.993821
85935: 0.993821
85936: 0.993821
85937: 0.993821
85938: 0.993821
85939: 0.993821
85940: 0.993821
85941: 0.993821
85942: 0.993821
85943: 0.993822
85944: 0.993822
85945: 0.993822
85946: 0.993822
85947: 0.993822
85948: 0.993822
85949: 0.993822
85950: 0.993822
85951: 0.993822
85952: 0.993822
85953: 0.993822
85954: 0.993822
85955: 0.993822
85956: 0.993822
85957: 0.993823
85958: 0.993823
85959: 0.993823
85960: 0.993823
85961: 0.993823
85962: 0.993823
85963: 0.993823
85964: 0.993823
85965: 0.993823
85966: 0.993823
85967: 0.993823
85968: 0.993823
85969: 0.993823
85970: 0.993823
85971: 0.993824
85972: 0.993824
85973: 0.993824
85974: 0.993824
85975: 0.993824
85976: 0.993824
85977: 0.993824
85978: 0.993824
85979: 0.993824
85980: 0.993824
85981: 0.993824
85982: 0.993824
85983: 0.993824
85984: 0.993825
85985: 0.993825
85986: 0.993825
85987: 0.993825
85988: 0.993825
85989: 0.993825
85990: 0.993825
85991: 0.993825
85992: 0.993825
85993: 0.993825
85994: 0.993825
85995: 0.993825
85996: 0.993825
85997: 0.993825
85998: 0.993826
85999: 0.993826
86000: 0.993826
86001: 0.993826
86002: 0.993826
86003: 0.993826
86004: 0.993826
86005: 0.993826
86006: 0.993826
86007: 0.993826
86008: 0.993826
86009: 0.993826
86010: 0.993826
86011: 0.993826
86012: 0.993827
86013: 0.993827
86014: 0.993827
86015: 0.993827
86016: 0.993827
86017: 0.993827
86018: 0.993827
86019: 0.993827
86020: 0.993827
86021: 0.993827
86022: 0.993827
86023: 0.993827
86024: 0.993827
86025: 0.993827
86026: 0.993828
86027: 0.993828
86028: 0.993828
86029: 0.993828
86030: 0.993828
86031: 0.993828
86032: 0.993828
86033: 0.993828
86034: 0.993828
86035: 0.993828
86036: 0.993828
86037: 0.993828
86038: 0.993828
86039: 0.993828
86040: 0.993829
86041: 0.993829
86042: 0.993829
86043: 0.993829
86044: 0.993829
86045: 0.993829
86046: 0.993829
86047: 0.993829
86048: 0.993829
86049: 0.993829
86050: 0.993829
86051: 0.993829
86052: 0.993829
86053: 0.993829
86054: 0.99383
86055: 0.99383
86056: 0.99383
86057: 0.99383
86058: 0.99383
86059: 0.99383
86060: 0.99383
86061: 0.99383
86062: 0.99383
86063: 0.99383
86064: 0.99383
86065: 0.99383
86066: 0.99383
86067: 0.99383
86068: 0.993831
86069: 0.993831
86070: 0.993831
86071: 0.993831
86072: 0.993831
86073: 0.993831
86074: 0.993831
86075: 0.993831
86076: 0.993831
86077: 0.993831
86078: 0.993831
86079: 0.993831
86080: 0.993831
86081: 0.993831
86082: 0.993832
86083: 0.993832
86084: 0.993832
86085: 0.993832
86086: 0.993832
86087: 0.993832
86088: 0.993832
86089: 0.993832
86090: 0.993832
86091: 0.993832
86092: 0.993832
86093: 0.993832
86094: 0.993832
86095: 0.993832
86096: 0.993833
86097: 0.993833
86098: 0.993833
86099: 0.993833
86100: 0.993833
86101: 0.993833
86102: 0.993833
86103: 0.993833
86104: 0.993833
86105: 0.993833
86106: 0.993833
86107: 0.993833
86108: 0.993833
86109: 0.993833
86110: 0.993834
86111: 0.993834
86112: 0.993834
86113: 0.993834
86114: 0.993834
86115: 0.993834
86116: 0.993834
86117: 0.993834
86118: 0.993834
86119: 0.993834
86120: 0.993834
86121: 0.993834
86122: 0.993834
86123: 0.993834
86124: 0.993835
86125: 0.993835
86126: 0.993835
86127: 0.993835
86128: 0.993835
86129: 0.993835
86130: 0.993835
86131: 0.993835
86132: 0.993835
86133: 0.993835
86134: 0.993835
86135: 0.993835
86136: 0.993835
86137: 0.993835
86138: 0.993836
86139: 0.993836
86140: 0.993836
86141: 0.993836
86142: 0.993836
86143: 0.993836
86144: 0.993836
86145: 0.993836
86146: 0.993836
86147: 0.993836
86148: 0.993836
86149: 0.993836
86150: 0.993836
86151: 0.993836
86152: 0.993837
86153: 0.993837
86154: 0.993837
86155: 0.993837
86156: 0.993837
86157: 0.993837
86158: 0.993837
86159: 0.993837
86160: 0.993837
86161: 0.993837
86162: 0.993837
86163: 0.993837
86164: 0.993837
86165: 0.993837
86166: 0.993838
86167: 0.993838
86168: 0.993838
86169: 0.993838
86170: 0.993838
86171: 0.993838
86172: 0.993838
86173: 0.993838
86174: 0.993838
86175: 0.993838
86176: 0.993838
86177: 0.993838
86178: 0.993838
86179: 0.993838
86180: 0.993839
86181: 0.993839
86182: 0.993839
86183: 0.993839
86184: 0.993839
86185: 0.993839
86186: 0.993839
86187: 0.993839
86188: 0.993839
86189: 0.993839
86190: 0.993839
86191: 0.993839
86192: 0.993839
86193: 0.993839
86194: 0.99384
86195: 0.99384
86196: 0.99384
86197: 0.99384
86198: 0.99384
86199: 0.99384
86200: 0.99384
86201: 0.99384
86202: 0.99384
86203: 0.99384
86204: 0.99384
86205: 0.99384
86206: 0.99384
86207: 0.99384
86208: 0.993841
86209: 0.993841
86210: 0.993841
86211: 0.993841
86212: 0.993841
86213: 0.993841
86214: 0.993841
86215: 0.993841
86216: 0.993841
86217: 0.993841
86218: 0.993841
86219: 0.993841
86220: 0.993841
86221: 0.993841
86222: 0.993842
86223: 0.993842
86224: 0.993842
86225: 0.993842
86226: 0.993842
86227: 0.993842
86228: 0.993842
86229: 0.993842
86230: 0.993842
86231: 0.993842
86232: 0.993842
86233: 0.993842
86234: 0.993842
86235: 0.993842
86236: 0.993843
86237: 0.993843
86238: 0.993843
86239: 0.993843
86240: 0.993843
86241: 0.993843
86242: 0.993843
86243: 0.993843
86244: 0.993843
86245: 0.993843
86246: 0.993843
86247: 0.993843
86248: 0.993843
86249: 0.993843
86250: 0.993844
86251: 0.993844
86252: 0.993844
86253: 0.993844
86254: 0.993844
86255: 0.993844
86256: 0.993844
86257: 0.993844
86258: 0.993844
86259: 0.993844
86260: 0.993844
86261: 0.993844
86262: 0.993844
86263: 0.993844
86264: 0.993845
86265: 0.993845
86266: 0.993845
86267: 0.993845
86268: 0.993845
86269: 0.993845
86270: 0.993845
86271: 0.993845
86272: 0.993845
86273: 0.993845
86274: 0.993845
86275: 0.993845
86276: 0.993845
86277: 0.993845
86278: 0.993846
86279: 0.993846
86280: 0.993846
86281: 0.993846
86282: 0.993846
86283: 0.993846
86284: 0.993846
86285: 0.993846
86286: 0.993846
86287: 0.993846
86288: 0.993846
86289: 0.993846
86290: 0.993846
86291: 0.993846
86292: 0.993847
86293: 0.993847
86294: 0.993847
86295: 0.993847
86296: 0.993847
86297: 0.993847
86298: 0.993847
86299: 0.993847
86300: 0.993847
86301: 0.993847
86302: 0.993847
86303: 0.993847
86304: 0.993847
86305: 0.993847
86306: 0.993848
86307: 0.993848
86308: 0.993848
86309: 0.993848
86310: 0.993848
86311: 0.993848
86312: 0.993848
86313: 0.993848
86314: 0.993848
86315: 0.993848
86316: 0.993848
86317: 0.993848
86318: 0.993848
86319: 0.993848
86320: 0.993849
86321: 0.993849
86322: 0.993849
86323: 0.993849
86324: 0.993849
86325: 0.993849
86326: 0.993849
86327: 0.993849
86328: 0.993849
86329: 0.993849
86330: 0.993849
86331: 0.993849
86332: 0.993849
86333: 0.993849
86334: 0.99385
86335: 0.99385
86336: 0.99385
86337: 0.99385
86338: 0.99385
86339: 0.99385
86340: 0.99385
86341: 0.99385
86342: 0.99385
86343: 0.99385
86344: 0.99385
86345: 0.99385
86346: 0.99385
86347: 0.99385
86348: 0.993851
86349: 0.993851
86350: 0.993851
86351: 0.993851
86352: 0.993851
86353: 0.993851
86354: 0.993851
86355: 0.993851
86356: 0.993851
86357: 0.993851
86358: 0.993851
86359: 0.993851
86360: 0.993851
86361: 0.993851
86362: 0.993852
86363: 0.993852
86364: 0.993852
86365: 0.993852
86366: 0.993852
86367: 0.993852
86368: 0.993852
86369: 0.993852
86370: 0.993852
86371: 0.993852
86372: 0.993852
86373: 0.993852
86374: 0.993852
86375: 0.993852
86376: 0.993853
86377: 0.993853
86378: 0.993853
86379: 0.993853
86380: 0.993853
86381: 0.993853
86382: 0.993853
86383: 0.993853
86384: 0.993853
86385: 0.993853
86386: 0.993853
86387: 0.993853
86388: 0.993853
86389: 0.993853
86390: 0.993854
86391: 0.993854
86392: 0.993854
86393: 0.993854
86394: 0.993854
86395: 0.993854
86396: 0.993854
86397: 0.993854
86398: 0.993854
86399: 0.993854
86400: 0.993854
86401: 0.993854
86402: 0.993854
86403: 0.993854
86404: 0.993855
86405: 0.993855
86406: 0.993855
86407: 0.993855
86408: 0.993855
86409: 0.993855
86410: 0.993855
86411: 0.993855
86412: 0.993855
86413: 0.993855
86414: 0.993855
86415: 0.993855
86416: 0.993855
86417: 0.993855
86418: 0.993856
86419: 0.993856
86420: 0.993856
86421: 0.993856
86422: 0.993856
86423: 0.993856
86424: 0.993856
86425: 0.993856
86426: 0.993856
86427: 0.993856
86428: 0.993856
86429: 0.993856
86430: 0.993856
86431: 0.993856
86432: 0.993857
86433: 0.993857
86434: 0.993857
86435: 0.993857
86436: 0.993857
86437: 0.993857
86438: 0.993857
86439: 0.993857
86440: 0.993857
86441: 0.993857
86442: 0.993857
86443: 0.993857
86444: 0.993857
86445: 0.993857
86446: 0.993858
86447: 0.993858
86448: 0.993858
86449: 0.993858
86450: 0.993858
86451: 0.993858
86452: 0.993858
86453: 0.993858
86454: 0.993858
86455: 0.993858
86456: 0.993858
86457: 0.993858
86458: 0.993858
86459: 0.993858
86460: 0.993859
86461: 0.993859
86462: 0.993859
86463: 0.993859
86464: 0.993859
86465: 0.993859
86466: 0.993859
86467: 0.993859
86468: 0.993859
86469: 0.993859
86470: 0.993859
86471: 0.993859
86472: 0.993859
86473: 0.993859
86474: 0.993859
86475: 0.99386
86476: 0.99386
86477: 0.99386
86478: 0.99386
86479: 0.99386
86480: 0.99386
86481: 0.99386
86482: 0.99386
86483: 0.99386
86484: 0.99386
86485: 0.99386
86486: 0.99386
86487: 0.99386
86488: 0.99386
86489: 0.993861
86490: 0.993861
86491: 0.993861
86492: 0.993861
86493: 0.993861
86494: 0.993861
86495: 0.993861
86496: 0.993861
86497: 0.993861
86498: 0.993861
86499: 0.993861
86500: 0.993861
86501: 0.993861
86502: 0.993861
86503: 0.993862
86504: 0.993862
86505: 0.993862
86506: 0.993862
86507: 0.993862
86508: 0.993862
86509: 0.993862
86510: 0.993862
86511: 0.993862
86512: 0.993862
86513: 0.993862
86514: 0.993862
86515: 0.993862
86516: 0.993862
86517: 0.993863
86518: 0.993863
86519: 0.993863
86520: 0.993863
86521: 0.993863
86522: 0.993863
86523: 0.993863
86524: 0.993863
86525: 0.993863
86526: 0.993863
86527: 0.993863
86528: 0.993863
86529: 0.993863
86530: 0.993863
86531: 0.993864
86532: 0.993864
86533: 0.993864
86534: 0.993864
86535: 0.993864
86536: 0.993864
86537: 0.993864
86538: 0.993864
86539: 0.993864
86540: 0.993864
86541: 0.993864
86542: 0.993864
86543: 0.993864
86544: 0.993864
86545: 0.993865
86546: 0.993865
86547: 0.993865
86548: 0.993865
86549: 0.993865
86550: 0.993865
86551: 0.993865
86552: 0.993865
86553: 0.993865
86554: 0.993865
86555: 0.993865
86556: 0.993865
86557: 0.993865
86558: 0.993865
86559: 0.993866
86560: 0.993866
86561: 0.993866
86562: 0.993866
86563: 0.993866
86564: 0.993866
86565: 0.993866
86566: 0.993866
86567: 0.993866
86568: 0.993866
86569: 0.993866
86570: 0.993866
86571: 0.993866
86572: 0.993866
86573: 0.993867
86574: 0.993867
86575: 0.993867
86576: 0.993867
86577: 0.993867
86578: 0.993867
86579: 0.993867
86580: 0.993867
86581: 0.993867
86582: 0.993867
86583: 0.993867
86584: 0.993867
86585: 0.993867
86586: 0.993867
86587: 0.993868
86588: 0.993868
86589: 0.993868
86590: 0.993868
86591: 0.993868
86592: 0.993868
86593: 0.993868
86594: 0.993868
86595: 0.993868
86596: 0.993868
86597: 0.993868
86598: 0.993868
86599: 0.993868
86600: 0.993868
86601: 0.993869
86602: 0.993869
86603: 0.993869
86604: 0.993869
86605: 0.993869
86606: 0.993869
86607: 0.993869
86608: 0.993869
86609: 0.993869
86610: 0.993869
86611: 0.993869
86612: 0.993869
86613: 0.993869
86614: 0.993869
86615: 0.993869
86616: 0.99387
86617: 0.99387
86618: 0.99387
86619: 0.99387
86620: 0.99387
86621: 0.99387
86622: 0.99387
86623: 0.99387
86624: 0.99387
86625: 0.99387
86626: 0.99387
86627: 0.99387
86628: 0.99387
86629: 0.99387
86630: 0.993871
86631: 0.993871
86632: 0.993871
86633: 0.993871
86634: 0.993871
86635: 0.993871
86636: 0.993871
86637: 0.993871
86638: 0.993871
86639: 0.993871
86640: 0.993871
86641: 0.993871
86642: 0.993871
86643: 0.993871
86644: 0.993872
86645: 0.993872
86646: 0.993872
86647: 0.993872
86648: 0.993872
86649: 0.993872
86650: 0.993872
86651: 0.993872
86652: 0.993872
86653: 0.993872
86654: 0.993872
86655: 0.993872
86656: 0.993872
86657: 0.993872
86658: 0.993873
86659: 0.993873
86660: 0.993873
86661: 0.993873
86662: 0.993873
86663: 0.993873
86664: 0.993873
86665: 0.993873
86666: 0.993873
86667: 0.993873
86668: 0.993873
86669: 0.993873
86670: 0.993873
86671: 0.993873
86672: 0.993874
86673: 0.993874
86674: 0.993874
86675: 0.993874
86676: 0.993874
86677: 0.993874
86678: 0.993874
86679: 0.993874
86680: 0.993874
86681: 0.993874
86682: 0.993874
86683: 0.993874
86684: 0.993874
86685: 0.993874
86686: 0.993875
86687: 0.993875
86688: 0.993875
86689: 0.993875
86690: 0.993875
86691: 0.993875
86692: 0.993875
86693: 0.993875
86694: 0.993875
86695: 0.993875
86696: 0.993875
86697: 0.993875
86698: 0.993875
86699: 0.993875
86700: 0.993876
86701: 0.993876
86702: 0.993876
86703: 0.993876
86704: 0.993876
86705: 0.993876
86706: 0.993876
86707: 0.993876
86708: 0.993876
86709: 0.993876
86710: 0.993876
86711: 0.993876
86712: 0.993876
86713: 0.993876
86714: 0.993876
86715: 0.993877
86716: 0.993877
86717: 0.993877
86718: 0.993877
86719: 0.993877
86720: 0.993877
86721: 0.993877
86722: 0.993877
86723: 0.993877
86724: 0.993877
86725: 0.993877
86726: 0.993877
86727: 0.993877
86728: 0.993877
86729: 0.993878
86730: 0.993878
86731: 0.993878
86732: 0.993878
86733: 0.993878
86734: 0.993878
86735: 0.993878
86736: 0.993878
86737: 0.993878
86738: 0.993878
86739: 0.993878
86740: 0.993878
86741: 0.993878
86742: 0.993878
86743: 0.993879
86744: 0.993879
86745: 0.993879
86746: 0.993879
86747: 0.993879
86748: 0.993879
86749: 0.993879
86750: 0.993879
86751: 0.993879
86752: 0.993879
86753: 0.993879
86754: 0.993879
86755: 0.993879
86756: 0.993879
86757: 0.99388
86758: 0.99388
86759: 0.99388
86760: 0.99388
86761: 0.99388
86762: 0.99388
86763: 0.99388
86764: 0.99388
86765: 0.99388
86766: 0.99388
86767: 0.99388
86768: 0.99388
86769: 0.99388
86770: 0.99388
86771: 0.993881
86772: 0.993881
86773: 0.993881
86774: 0.993881
86775: 0.993881
86776: 0.993881
86777: 0.993881
86778: 0.993881
86779: 0.993881
86780: 0.993881
86781: 0.993881
86782: 0.993881
86783: 0.993881
86784: 0.993881
86785: 0.993882
86786: 0.993882
86787: 0.993882
86788: 0.99387
86789: 0.99387
86790: 0.99387
86791: 0.99387
86792: 0.99387
86793: 0.993871
86794: 0.993871
86795: 0.993871
86796: 0.993871
86797: 0.993871
86798: 0.993871
86799: 0.993871
86800: 0.993871
86801: 0.993871
86802: 0.993871
86803: 0.993871
86804: 0.993871
86805: 0.993871
86806: 0.993871
86807: 0.993872
86808: 0.993872
86809: 0.993872
86810: 0.993872
86811: 0.993872
86812: 0.993872
86813: 0.993872
86814: 0.993872
86815: 0.993872
86816: 0.993872
86817: 0.993872
86818: 0.993872
86819: 0.993872
86820: 0.993872
86821: 0.993873
86822: 0.993873
86823: 0.993873
86824: 0.993873
86825: 0.993873
86826: 0.993873
86827: 0.993873
86828: 0.993873
86829: 0.993873
86830: 0.993873
86831: 0.993873
86832: 0.993873
86833: 0.993873
86834: 0.993873
86835: 0.993874
86836: 0.993874
86837: 0.993874
86838: 0.993874
86839: 0.993874
86840: 0.993874
86841: 0.993874
86842: 0.993874
86843: 0.993874
86844: 0.993874
86845: 0.993874
86846: 0.993874
86847: 0.993874
86848: 0.993874
86849: 0.993874
86850: 0.993875
86851: 0.993875
86852: 0.993875
86853: 0.993875
86854: 0.993875
86855: 0.993875
86856: 0.993875
86857: 0.993875
86858: 0.993875
86859: 0.993875
86860: 0.993875
86861: 0.993875
86862: 0.993875
86863: 0.993875
86864: 0.993876
86865: 0.993876
86866: 0.993876
86867: 0.993876
86868: 0.993876
86869: 0.993876
86870: 0.993876
86871: 0.993876
86872: 0.993876
86873: 0.993876
86874: 0.993876
86875: 0.993876
86876: 0.993876
86877: 0.993876
86878: 0.993877
86879: 0.993877
86880: 0.993877
86881: 0.993877
86882: 0.993877
86883: 0.993877
86884: 0.993877
86885: 0.993877
86886: 0.993877
86887: 0.993877
86888: 0.993877
86889: 0.993877
86890: 0.993877
86891: 0.993877
86892: 0.993878
86893: 0.993878
86894: 0.993878
86895: 0.993878
86896: 0.993878
86897: 0.993878
86898: 0.993878
86899: 0.993878
86900: 0.993878
86901: 0.993878
86902: 0.993878
86903: 0.993878
86904: 0.993878
86905: 0.993878
86906: 0.993879
86907: 0.993879
86908: 0.993879
86909: 0.993879
86910: 0.993879
86911: 0.993879
86912: 0.993879
86913: 0.993879
86914: 0.993879
86915: 0.993879
86916: 0.993879
86917: 0.993879
86918: 0.993868
86919: 0.993868
86920: 0.993868
86921: 0.993868
86922: 0.993868
86923: 0.993868
86924: 0.993868
86925: 0.993868
86926: 0.993868
86927: 0.993868
86928: 0.993869
86929: 0.993869
86930: 0.993869
86931: 0.993869
86932: 0.993869
86933: 0.993869
86934: 0.993869
86935: 0.993869
86936: 0.993869
86937: 0.993869
86938: 0.993869
86939: 0.993869
86940: 0.993869
86941: 0.993869
86942: 0.99387
86943: 0.99387
86944: 0.99387
86945: 0.99387
86946: 0.99387
86947: 0.99387
86948: 0.99387
86949: 0.99387
86950: 0.99387
86951: 0.99387
86952: 0.99387
86953: 0.99387
86954: 0.99387
86955: 0.99387
86956: 0.993871
86957: 0.993871
86958: 0.993871
86959: 0.993871
86960: 0.993871
86961: 0.993871
86962: 0.993871
86963: 0.993871
86964: 0.993871
86965: 0.993871
86966: 0.993871
86967: 0.993871
86968: 0.993871
86969: 0.993871
86970: 0.993872
86971: 0.993872
86972: 0.993872
86973: 0.993872
86974: 0.993872
86975: 0.993872
86976: 0.993872
86977: 0.993872
86978: 0.993872
86979: 0.993872
86980: 0.993872
86981: 0.993872
86982: 0.993872
86983: 0.993872
86984: 0.993873
86985: 0.993873
86986: 0.993873
86987: 0.993873
86988: 0.993873
86989: 0.993873
86990: 0.993873
86991: 0.993873
86992: 0.993873
86993: 0.993873
86994: 0.993873
86995: 0.993873
86996: 0.993873
86997: 0.993873
86998: 0.993873
86999: 0.993874
87000: 0.993874
87001: 0.993874
87002: 0.993874
87003: 0.993874
87004: 0.993874
87005: 0.993874
87006: 0.993874
87007: 0.993874
87008: 0.993874
87009: 0.993874
87010: 0.993874
87011: 0.993874
87012: 0.993874
87013: 0.993875
87014: 0.993875
87015: 0.993875
87016: 0.993875
87017: 0.993875
87018: 0.993875
87019: 0.993875
87020: 0.993875
87021: 0.993875
87022: 0.993875
87023: 0.993875
87024: 0.993875
87025: 0.993875
87026: 0.993875
87027: 0.993876
87028: 0.993876
87029: 0.993876
87030: 0.993876
87031: 0.993876
87032: 0.993876
87033: 0.993876
87034: 0.993876
87035: 0.993876
87036: 0.993876
87037: 0.993876
87038: 0.993876
87039: 0.993876
87040: 0.993876
87041: 0.993877
87042: 0.993877
87043: 0.993877
87044: 0.993877
87045: 0.993877
87046: 0.993877
87047: 0.993877
87048: 0.993877
87049: 0.993877
87050: 0.993877
87051: 0.993877
87052: 0.993877
87053: 0.993877
87054: 0.993877
87055: 0.993878
87056: 0.993878
87057: 0.993878
87058: 0.993878
87059: 0.993878
87060: 0.993878
87061: 0.993878
87062: 0.993878
87063: 0.993878
87064: 0.993878
87065: 0.993878
87066: 0.993878
87067: 0.993878
87068: 0.993878
87069: 0.993878
87070: 0.993879
87071: 0.993879
87072: 0.993879
87073: 0.993879
87074: 0.993879
87075: 0.993879
87076: 0.993879
87077: 0.993879
87078: 0.993879
87079: 0.993879
87080: 0.993879
87081: 0.993879
87082: 0.993879
87083: 0.993879
87084: 0.99388
87085: 0.99388
87086: 0.99388
87087: 0.99388
87088: 0.99388
87089: 0.99388
87090: 0.99388
87091: 0.99388
87092: 0.99388
87093: 0.99388
87094: 0.99388
87095: 0.99388
87096: 0.99388
87097: 0.99388
87098: 0.993881
87099: 0.993881
87100: 0.993881
87101: 0.993881
87102: 0.993881
87103: 0.993881
87104: 0.993881
87105: 0.993881
87106: 0.993881
87107: 0.993881
87108: 0.993881
87109: 0.993881
87110: 0.993881
87111: 0.993881
87112: 0.993882
87113: 0.993882
87114: 0.993882
87115: 0.993882
87116: 0.993882
87117: 0.993882
87118: 0.993882
87119: 0.993882
87120: 0.993882
87121: 0.993882
87122: 0.993882
87123: 0.993882
87124: 0.993882
87125: 0.993882
87126: 0.993882
87127: 0.993883
87128: 0.993883
87129: 0.993883
87130: 0.993883
87131: 0.993883
87132: 0.993883
87133: 0.993883
87134: 0.993883
87135: 0.993883
87136: 0.993883
87137: 0.993883
87138: 0.993883
87139: 0.993883
87140: 0.993883
87141: 0.993884
87142: 0.993884
87143: 0.993884
87144: 0.993884
87145: 0.993884
87146: 0.993884
87147: 0.993884
87148: 0.993884
87149: 0.993884
87150: 0.993884
87151: 0.993884
87152: 0.993884
87153: 0.993884
87154: 0.993884
87155: 0.993885
87156: 0.993885
87157: 0.993885
87158: 0.993885
87159: 0.993885
87160: 0.993885
87161: 0.993885
87162: 0.993885
87163: 0.993885
87164: 0.993885
87165: 0.993885
87166: 0.993885
87167: 0.993885
87168: 0.993885
87169: 0.993886
87170: 0.993886
87171: 0.993886
87172: 0.993886
87173: 0.993886
87174: 0.993886
87175: 0.993886
87176: 0.993886
87177: 0.993886
87178: 0.993886
87179: 0.993886
87180: 0.993886
87181: 0.993886
87182: 0.993886
87183: 0.993886
87184: 0.993887
87185: 0.993887
87186: 0.993887
87187: 0.993887
87188: 0.993887
87189: 0.993887
87190: 0.993887
87191: 0.993887
87192: 0.993887
87193: 0.993887
87194: 0.993887
87195: 0.993887
87196: 0.993887
87197: 0.993887
87198: 0.993888
87199: 0.993888
87200: 0.993888
87201: 0.993888
87202: 0.993888
87203: 0.993888
87204: 0.993888
87205: 0.993888
87206: 0.993888
87207: 0.993888
87208: 0.993888
87209: 0.993888
87210: 0.993888
87211: 0.993888
87212: 0.993889
87213: 0.993889
87214: 0.993889
87215: 0.993889
87216: 0.993889
87217: 0.993877
87218: 0.993877
87219: 0.993878
87220: 0.993878
87221: 0.993878
87222: 0.993878
87223: 0.993878
87224: 0.993878
87225: 0.993878
87226: 0.993878
87227: 0.993878
87228: 0.993878
87229: 0.993878
87230: 0.993878
87231: 0.993878
87232: 0.993878
87233: 0.993879
87234: 0.993879
87235: 0.993879
87236: 0.993879
87237: 0.993879
87238: 0.993879
87239: 0.993879
87240: 0.993879
87241: 0.993879
87242: 0.993879
87243: 0.993879
87244: 0.993879
87245: 0.993879
87246: 0.993879
87247: 0.99388
87248: 0.99388
87249: 0.99388
87250: 0.99388
87251: 0.99388
87252: 0.99388
87253: 0.99388
87254: 0.99388
87255: 0.99388
87256: 0.99388
87257: 0.99388
87258: 0.99388
87259: 0.99388
87260: 0.99388
87261: 0.99388
87262: 0.993881
87263: 0.993881
87264: 0.993881
87265: 0.993881
87266: 0.993881
87267: 0.993881
87268: 0.993881
87269: 0.993881
87270: 0.993881
87271: 0.993881
87272: 0.993881
87273: 0.993881
87274: 0.993881
87275: 0.993881
87276: 0.993882
87277: 0.993882
87278: 0.993882
87279: 0.993882
87280: 0.993882
87281: 0.993882
87282: 0.993882
87283: 0.993882
87284: 0.993882
87285: 0.993882
87286: 0.993882
87287: 0.993882
87288: 0.993882
87289: 0.993882
87290: 0.993883
87291: 0.993883
87292: 0.993883
87293: 0.993883
87294: 0.993883
87295: 0.993883
87296: 0.993883
87297: 0.993883
87298: 0.993883
87299: 0.993883
87300: 0.993883
87301: 0.993883
87302: 0.993883
87303: 0.993883
87304: 0.993884
87305: 0.993884
87306: 0.993884
87307: 0.993884
87308: 0.993884
87309: 0.993884
87310: 0.993884
87311: 0.993884
87312: 0.993884
87313: 0.993884
87314: 0.993884
87315: 0.993884
87316: 0.993884
87317: 0.993884
87318: 0.993884
87319: 0.993885
87320: 0.993885
87321: 0.993885
87322: 0.993885
87323: 0.993885
87324: 0.993885
87325: 0.993885
87326: 0.993885
87327: 0.993885
87328: 0.993885
87329: 0.993885
87330: 0.993885
87331: 0.993885
87332: 0.993885
87333: 0.993886
87334: 0.993886
87335: 0.993886
87336: 0.993886
87337: 0.993886
87338: 0.993886
87339: 0.993886
87340: 0.993886
87341: 0.993886
87342: 0.993886
87343: 0.993886
87344: 0.993886
87345: 0.993886
87346: 0.993886
87347: 0.993887
87348: 0.993887
87349: 0.993887
87350: 0.993887
87351: 0.993887
87352: 0.993887
87353: 0.993887
87354: 0.993887
87355: 0.993887
87356: 0.993887
87357: 0.993887
87358: 0.993887
87359: 0.993887
87360: 0.993887
87361: 0.993888
87362: 0.993888
87363: 0.993888
87364: 0.993888
87365: 0.993888
87366: 0.993888
87367: 0.993888
87368: 0.993888
87369: 0.993888
87370: 0.993888
87371: 0.993888
87372: 0.993888
87373: 0.993888
87374: 0.993888
87375: 0.993888
87376: 0.993889
87377: 0.993889
87378: 0.993889
87379: 0.993889
87380: 0.993889
87381: 0.993889
87382: 0.993889
87383: 0.993889
87384: 0.993889
87385: 0.993889
87386: 0.993889
87387: 0.993889
87388: 0.993889
87389: 0.993889
87390: 0.99389
87391: 0.99389
87392: 0.99389
87393: 0.99389
87394: 0.99389
87395: 0.99389
87396: 0.99389
87397: 0.99389
87398: 0.99389
87399: 0.99389
87400: 0.99389
87401: 0.99389
87402: 0.99389
87403: 0.99389
87404: 0.993891
87405: 0.993891
87406: 0.993891
87407: 0.993891
87408: 0.993891
87409: 0.993891
87410: 0.993891
87411: 0.993891
87412: 0.99388
87413: 0.993868
87414: 0.993868
87415: 0.993868
87416: 0.993868
87417: 0.993869
87418: 0.993869
87419: 0.993869
87420: 0.993869
87421: 0.993869
87422: 0.993869
87423: 0.993869
87424: 0.993869
87425: 0.993869
87426: 0.993869
87427: 0.993869
87428: 0.993869
87429: 0.993869
87430: 0.993869
87431: 0.99387
87432: 0.99387
87433: 0.99387
87434: 0.99387
87435: 0.99387
87436: 0.99387
87437: 0.993859
87438: 0.993859
87439: 0.993859
87440: 0.993859
87441: 0.993859
87442: 0.993859
87443: 0.993859
87444: 0.993859
87445: 0.993859
87446: 0.993859
87447: 0.993859
87448: 0.993859
87449: 0.993859
87450: 0.993859
87451: 0.993859
87452: 0.99386
87453: 0.99386
87454: 0.99386
87455: 0.99386
87456: 0.99386
87457: 0.99386
87458: 0.99386
87459: 0.99386
87460: 0.99386
87461: 0.99386
87462: 0.99386
87463: 0.99386
87464: 0.99386
87465: 0.99386
87466: 0.993861
87467: 0.993861
87468: 0.993861
87469: 0.993861
87470: 0.993861
87471: 0.993861
87472: 0.993861
87473: 0.993861
87474: 0.993861
87475: 0.993861
87476: 0.993861
87477: 0.993861
87478: 0.993861
87479: 0.993861
87480: 0.993862
87481: 0.993862
87482: 0.993862
87483: 0.993862
87484: 0.993862
87485: 0.993862
87486: 0.993862
87487: 0.993862
87488: 0.993862
87489: 0.993862
87490: 0.993862
87491: 0.993862
87492: 0.993862
87493: 0.993862
87494: 0.993863
87495: 0.993863
87496: 0.993863
87497: 0.993863
87498: 0.993863
87499: 0.993863
87500: 0.993863
87501: 0.993863
87502: 0.993863
87503: 0.993863
87504: 0.993863
87505: 0.993863
87506: 0.993863
87507: 0.993863
87508: 0.993863
87509: 0.993864
87510: 0.993864
87511: 0.993864
87512: 0.993864
87513: 0.993864
87514: 0.993864
87515: 0.993864
87516: 0.993864
87517: 0.993864
87518: 0.993864
87519: 0.993864
87520: 0.993864
87521: 0.993864
87522: 0.993864
87523: 0.993865
87524: 0.993865
87525: 0.993865
87526: 0.993865
87527: 0.993865
87528: 0.993865
87529: 0.993865
87530: 0.993865
87531: 0.993865
87532: 0.993865
87533: 0.993865
87534: 0.993865
87535: 0.993865
87536: 0.993865
87537: 0.993866
87538: 0.993866
87539: 0.993866
87540: 0.993866
87541: 0.993866
87542: 0.993866
87543: 0.993866
87544: 0.993866
87545: 0.993866
87546: 0.993855
87547: 0.993855
87548: 0.993855
87549: 0.993855
87550: 0.993855
87551: 0.993855
87552: 0.993855
87553: 0.993855
87554: 0.993855
87555: 0.993855
87556: 0.993855
87557: 0.993856
87558: 0.993856
87559: 0.993856
87560: 0.993856
87561: 0.993856
87562: 0.993856
87563: 0.993856
87564: 0.993856
87565: 0.993856
87566: 0.993856
87567: 0.993856
87568: 0.993856
87569: 0.993856
87570: 0.993856
87571: 0.993856
87572: 0.993857
87573: 0.993857
87574: 0.993857
87575: 0.993857
87576: 0.993857
87577: 0.993857
87578: 0.993857
87579: 0.993857
87580: 0.993857
87581: 0.993857
87582: 0.993857
87583: 0.993857
87584: 0.993857
87585: 0.993857
87586: 0.993858
87587: 0.993858
87588: 0.993858
87589: 0.993858
87590: 0.993858
87591: 0.993858
87592: 0.993858
87593: 0.993858
87594: 0.993858
87595: 0.993858
87596: 0.993858
87597: 0.993858
87598: 0.993858
87599: 0.993858
87600: 0.993859
87601: 0.993859
87602: 0.993859
87603: 0.993859
87604: 0.993859
87605: 0.993859
87606: 0.993859
87607: 0.993859
87608: 0.993859
87609: 0.993859
87610: 0.993859
87611: 0.993859
87612: 0.993859
87613: 0.993859
87614: 0.993859
87615: 0.99386
87616: 0.99386
87617: 0.99386
87618: 0.99386
87619: 0.99386
87620: 0.99386
87621: 0.99386
87622: 0.99386
87623: 0.99386
87624: 0.99386
87625: 0.99386
87626: 0.99386
87627: 0.99386
87628: 0.99386
87629: 0.993861
87630: 0.993861
87631: 0.993861
87632: 0.993861
87633: 0.993861
87634: 0.993861
87635: 0.993861
87636: 0.993861
87637: 0.993861
87638: 0.993861
87639: 0.993861
87640: 0.993861
87641: 0.993861
87642: 0.993861
87643: 0.993862
87644: 0.993862
87645: 0.993862
87646: 0.993862
87647: 0.993862
87648: 0.993862
87649: 0.993862
87650: 0.993862
87651: 0.993862
87652: 0.993862
87653: 0.993862
87654: 0.993862
87655: 0.993862
87656: 0.993862
87657: 0.993863
87658: 0.993863
87659: 0.993863
87660: 0.993863
87661: 0.993863
87662: 0.993863
87663: 0.993863
87664: 0.993863
87665: 0.993863
87666: 0.993863
87667: 0.993863
87668: 0.993863
87669: 0.993863
87670: 0.993863
87671: 0.993863
87672: 0.993864
87673: 0.993864
87674: 0.993864
87675: 0.993864
87676: 0.993864
87677: 0.993864
87678: 0.993864
87679: 0.993864
87680: 0.993864
87681: 0.993864
87682: 0.993864
87683: 0.993864
87684: 0.993864
87685: 0.993864
87686: 0.993865
87687: 0.993865
87688: 0.993865
87689: 0.993865
87690: 0.993865
87691: 0.993865
87692: 0.993865
87693: 0.993865
87694: 0.993854
87695: 0.993854
87696: 0.993854
87697: 0.993854
87698: 0.993854
87699: 0.993854
87700: 0.993854
87701: 0.993854
87702: 0.993854
87703: 0.993854
87704: 0.993854
87705: 0.993854
87706: 0.993855
87707: 0.993855
87708: 0.993855
87709: 0.993855
87710: 0.993855
87711: 0.993855
87712: 0.993855
87713: 0.993855
87714: 0.993855
87715: 0.993855
87716: 0.993855
87717: 0.993855
87718: 0.993855
87719: 0.993855
87720: 0.993856
87721: 0.993856
87722: 0.993856
87723: 0.993856
87724: 0.993856
87725: 0.993856
87726: 0.993856
87727: 0.993856
87728: 0.993856
87729: 0.993856
87730: 0.993856
87731: 0.993856
87732: 0.993856
87733: 0.993856
87734: 0.993856
87735: 0.993857
87736: 0.993857
87737: 0.993857
87738: 0.993857
87739: 0.993857
87740: 0.993857
87741: 0.993857
87742: 0.993857
87743: 0.993857
87744: 0.993857
87745: 0.993857
87746: 0.993857
87747: 0.993857
87748: 0.993857
87749: 0.993858
87750: 0.993858
87751: 0.993858
87752: 0.993858
87753: 0.993858
87754: 0.993858
87755: 0.993858
87756: 0.993858
87757: 0.993858
87758: 0.993858
87759: 0.993858
87760: 0.993858
87761: 0.993858
87762: 0.993858
87763: 0.993859
87764: 0.993859
87765: 0.993859
87766: 0.993859
87767: 0.993859
87768: 0.993859
87769: 0.993859
87770: 0.993859
87771: 0.993859
87772: 0.993859
87773: 0.993859
87774: 0.993859
87775: 0.993859
87776: 0.993859
87777: 0.99386
87778: 0.99386
87779: 0.99386
87780: 0.993848
87781: 0.993848
87782: 0.993848
87783: 0.993849
87784: 0.993849
87785: 0.993849
87786: 0.993849
87787: 0.993849
87788: 0.993849
87789: 0.993849
87790: 0.993849
87791: 0.993849
87792: 0.993849
87793: 0.993849
87794: 0.993849
87795: 0.993849
87796: 0.993849
87797: 0.99385
87798: 0.99385
87799: 0.99385
87800: 0.993838
87801: 0.993838
87802: 0.993838
87803: 0.993839
87804: 0.993839
87805: 0.993839
87806: 0.993839
87807: 0.993839
87808: 0.993839
87809: 0.993839
87810: 0.993839
87811: 0.993839
87812: 0.993839
87813: 0.993839
87814: 0.993839
87815: 0.993839
87816: 0.993839
87817: 0.99384
87818: 0.99384
87819: 0.99384
87820: 0.99384
87821: 0.99384
87822: 0.99384
87823: 0.99384
87824: 0.99384
87825: 0.99384
87826: 0.99384
87827: 0.99384
87828: 0.99384
87829: 0.99384
87830: 0.99384
87831: 0.993841
87832: 0.993841
87833: 0.993841
87834: 0.993841
87835: 0.993841
87836: 0.993841
87837: 0.993841
87838: 0.993841
87839: 0.993841
87840: 0.993841
87841: 0.993841
87842: 0.993841
87843: 0.993841
87844: 0.993841
87845: 0.993841
87846: 0.993842
87847: 0.993842
87848: 0.993842
87849: 0.99383
87850: 0.99383
87851: 0.993831
87852: 0.993831
87853: 0.993831
87854: 0.993831
87855: 0.993831
87856: 0.993831
87857: 0.993831
87858: 0.993831
87859: 0.993831
87860: 0.993831
87861: 0.993831
87862: 0.993831
87863: 0.993831
87864: 0.993831
87865: 0.993832
87866: 0.993832
87867: 0.993832
87868: 0.993832
87869: 0.993832
87870: 0.993832
87871: 0.993832
87872: 0.993832
87873: 0.993832
87874: 0.993832
87875: 0.993832
87876: 0.993832
87877: 0.993832
87878: 0.993832
87879: 0.993832
87880: 0.993833
87881: 0.993833
87882: 0.993833
87883: 0.993833
87884: 0.993833
87885: 0.993833
87886: 0.993833
87887: 0.993833
87888: 0.993833
87889: 0.993833
87890: 0.993833
87891: 0.993833
87892: 0.993833
87893: 0.993833
87894: 0.993834
87895: 0.993834
87896: 0.993834
87897: 0.993834
87898: 0.993834
87899: 0.993834
87900: 0.993834
87901: 0.993834
87902: 0.993834
87903: 0.993834
87904: 0.993834
87905: 0.993834
87906: 0.993834
87907: 0.993834
87908: 0.993835
87909: 0.993835
87910: 0.993835
87911: 0.993835
87912: 0.993835
87913: 0.993835
87914: 0.993835
87915: 0.993835
87916: 0.993835
87917: 0.993835
87918: 0.993835
87919: 0.993835
87920: 0.993835
87921: 0.993835
87922: 0.993836
87923: 0.993836
87924: 0.993836
87925: 0.993836
87926: 0.993836
87927: 0.993836
87928: 0.993836
87929: 0.993836
87930: 0.993836
87931: 0.993836
87932: 0.993836
87933: 0.993836
87934: 0.993836
87935: 0.993836
87936: 0.993836
87937: 0.993837
87938: 0.993837
87939: 0.993837
87940: 0.993837
87941: 0.993837
87942: 0.993837
87943: 0.993837
87944: 0.993837
87945: 0.993837
87946: 0.993837
87947: 0.993837
87948: 0.993837
87949: 0.993837
87950: 0.993837
87951: 0.993838
87952: 0.993838
87953: 0.993838
87954: 0.993838
87955: 0.993838
87956: 0.993838
87957: 0.993838
87958: 0.993838
87959: 0.993838
87960: 0.993838
87961: 0.993838
87962: 0.993838
87963: 0.993838
87964: 0.993838
87965: 0.993839
87966: 0.993839
87967: 0.993839
87968: 0.993839
87969: 0.993839
87970: 0.993839
87971: 0.993839
87972: 0.993839
87973: 0.993839
87974: 0.993839
87975: 0.993839
87976: 0.993839
87977: 0.993839
87978: 0.993839
87979: 0.99384
87980: 0.99384
87981: 0.99384
87982: 0.99384
87983: 0.99384
87984: 0.99384
87985: 0.99384
87986: 0.99384
87987: 0.99384
87988: 0.99384
87989: 0.99384
87990: 0.99384
87991: 0.99384
87992: 0.99384
87993: 0.99384
87994: 0.993841
87995: 0.993841
87996: 0.993841
87997: 0.993841
87998: 0.993841
87999: 0.993841
88000: 0.993841
88001: 0.993841
88002: 0.993841
88003: 0.993841
88004: 0.993841
88005: 0.993841
88006: 0.993841
88007: 0.993841
88008: 0.993842
88009: 0.993842
88010: 0.993842
88011: 0.993842
88012: 0.993842
88013: 0.993842
88014: 0.993842
88015: 0.993842
88016: 0.993842
88017: 0.993842
88018: 0.993842
88019: 0.993842
88020: 0.993842
88021: 0.993842
88022: 0.993843
88023: 0.993843
88024: 0.993843
88025: 0.993843
88026: 0.993843
88027: 0.993843
88028: 0.993843
88029: 0.993843
88030: 0.993843
88031: 0.993843
88032: 0.993843
88033: 0.993843
88034: 0.993843
88035: 0.993843
88036: 0.993843
88037: 0.993844
88038: 0.993844
88039: 0.993844
88040: 0.993844
88041: 0.993844
88042: 0.993844
88043: 0.993844
88044: 0.993844
88045: 0.993844
88046: 0.993844
88047: 0.993844
88048: 0.993844
88049: 0.993844
88050: 0.993844
88051: 0.993845
88052: 0.993845
88053: 0.993845
88054: 0.993845
88055: 0.993845
88056: 0.993845
88057: 0.993845
88058: 0.993845
88059: 0.993845
88060: 0.993845
88061: 0.993845
88062: 0.993845
88063: 0.993845
88064: 0.993845
88065: 0.993846
88066: 0.993846
88067: 0.993846
88068: 0.993846
88069: 0.993846
88070: 0.993846
88071: 0.993846
88072: 0.993846
88073: 0.993846
88074: 0.993846
88075: 0.993846
88076: 0.993846
88077: 0.993846
88078: 0.993846
88079: 0.993847
88080: 0.993847
88081: 0.993847
88082: 0.993847
88083: 0.993847
88084: 0.993847
88085: 0.993847
88086: 0.993847
88087: 0.993847
88088: 0.993847
88089: 0.993847
88090: 0.993847
88091: 0.993847
88092: 0.993847
88093: 0.993847
88094: 0.993848
88095: 0.993848
88096: 0.993848
88097: 0.993848
88098: 0.993848
88099: 0.993848
88100: 0.993848
88101: 0.993848
88102: 0.993848
88103: 0.993848
88104: 0.993848
88105: 0.993848
88106: 0.993848
88107: 0.993848
88108: 0.993849
88109: 0.993849
88110: 0.993849
88111: 0.993849
88112: 0.993849
88113: 0.993849
88114: 0.993849
88115: 0.993849
88116: 0.993849
88117: 0.993849
88118: 0.993849
88119: 0.993849
88120: 0.993849
88121: 0.993849
88122: 0.99385
88123: 0.99385
88124: 0.99385
88125: 0.99385
88126: 0.99385
88127: 0.99385
88128: 0.99385
88129: 0.99385
88130: 0.99385
88131: 0.99385
88132: 0.99385
88133: 0.99385
88134: 0.99385
88135: 0.99385
88136: 0.99385
88137: 0.993851
88138: 0.993851
88139: 0.993851
88140: 0.993851
88141: 0.993851
88142: 0.993851
88143: 0.993851
88144: 0.993851
88145: 0.993851
88146: 0.993851
88147: 0.993851
88148: 0.993851
88149: 0.993851
88150: 0.993851
88151: 0.993852
88152: 0.993852
88153: 0.993852
88154: 0.993852
88155: 0.993852
88156: 0.993852
88157: 0.993852
88158: 0.993852
88159: 0.993852
88160: 0.993852
88161: 0.993852
88162: 0.993852
88163: 0.993852
88164: 0.993852
88165: 0.993853
88166: 0.993853
88167: 0.993853
88168: 0.993853
88169: 0.993853
88170: 0.993853
88171: 0.993853
88172: 0.993853
88173: 0.993853
88174: 0.993853
88175: 0.993853
88176: 0.993853
88177: 0.993853
88178: 0.993853
88179: 0.993853
88180: 0.993854
88181: 0.993854
88182: 0.993854
88183: 0.993854
88184: 0.993854
88185: 0.993854
88186: 0.993854
88187: 0.993854
88188: 0.993854
88189: 0.993854
88190: 0.993854
88191: 0.993854
88192: 0.993854
88193: 0.993854
88194: 0.993855
88195: 0.993855
88196: 0.993855
88197: 0.993855
88198: 0.993855
88199: 0.993855
88200: 0.993855
88201: 0.993855
88202: 0.993855
88203: 0.993855
88204: 0.993855
88205: 0.993855
88206: 0.993855
88207: 0.993855
88208: 0.993856
88209: 0.993856
88210: 0.993856
88211: 0.993856
88212: 0.993856
88213: 0.993856
88214: 0.993856
88215: 0.993856
88216: 0.993856
88217: 0.993856
88218: 0.993856
88219: 0.993856
88220: 0.993856
88221: 0.993856
88222: 0.993856
88223: 0.993857
88224: 0.993857
88225: 0.993857
88226: 0.993857
88227: 0.993857
88228: 0.993857
88229: 0.993857
88230: 0.993857
88231: 0.993857
88232: 0.993857
88233: 0.993857
88234: 0.993857
88235: 0.993857
88236: 0.993857
88237: 0.993858
88238: 0.993858
88239: 0.993858
88240: 0.993858
88241: 0.993858
88242: 0.993858
88243: 0.993858
88244: 0.993858
88245: 0.993858
88246: 0.993858
88247: 0.993858
88248: 0.993858
88249: 0.993858
88250: 0.993858
88251: 0.993858
88252: 0.993859
88253: 0.993859
88254: 0.993859
88255: 0.993859
88256: 0.993859
88257: 0.993859
88258: 0.993859
88259: 0.993859
88260: 0.993859
88261: 0.993859
88262: 0.993859
88263: 0.993859
88264: 0.993859
88265: 0.993859
88266: 0.99386
88267: 0.99386
88268: 0.99386
88269: 0.99386
88270: 0.99386
88271: 0.99386
88272: 0.99386
88273: 0.99386
88274: 0.99386
88275: 0.99386
88276: 0.99386
88277: 0.99386
88278: 0.99386
88279: 0.99386
88280: 0.993861
88281: 0.993861
88282: 0.993849
88283: 0.993849
88284: 0.993849
88285: 0.99385
88286: 0.99385
88287: 0.99385
88288: 0.99385
88289: 0.99385
88290: 0.99385
88291: 0.99385
88292: 0.99385
88293: 0.99385
88294: 0.99385
88295: 0.99385
88296: 0.99385
88297: 0.99385
88298: 0.99385
88299: 0.993851
88300: 0.993851
88301: 0.993851
88302: 0.993851
88303: 0.993851
88304: 0.993851
88305: 0.993851
88306: 0.993851
88307: 0.993851
88308: 0.993851
88309: 0.993851
88310: 0.993851
88311: 0.993851
88312: 0.993851
88313: 0.993851
88314: 0.993852
88315: 0.993852
88316: 0.993852
88317: 0.993852
88318: 0.993852
88319: 0.993852
88320: 0.993852
88321: 0.993852
88322: 0.993852
88323: 0.993852
88324: 0.993852
88325: 0.993852
88326: 0.993852
88327: 0.993852
88328: 0.993853
88329: 0.993853
88330: 0.993853
88331: 0.993853
88332: 0.993853
88333: 0.993853
88334: 0.993853
88335: 0.993853
88336: 0.993853
88337: 0.993853
88338: 0.993853
88339: 0.993853
88340: 0.993853
88341: 0.993853
88342: 0.993854
88343: 0.993854
88344: 0.993854
88345: 0.993854
88346: 0.993854
88347: 0.993854
88348: 0.993854
88349: 0.993854
88350: 0.993854
88351: 0.993854
88352: 0.993854
88353: 0.993854
88354: 0.993854
88355: 0.993854
88356: 0.993854
88357: 0.993855
88358: 0.993855
88359: 0.993855
88360: 0.993855
88361: 0.993855
88362: 0.993855
88363: 0.993855
88364: 0.993855
88365: 0.993855
88366: 0.993855
88367: 0.993855
88368: 0.993855
88369: 0.993855
88370: 0.993855
88371: 0.993856
88372: 0.993856
88373: 0.993856
88374: 0.993856
88375: 0.993856
88376: 0.993856
88377: 0.993856
88378: 0.993856
88379: 0.993856
88380: 0.993856
88381: 0.993856
88382: 0.993856
88383: 0.993856
88384: 0.993856
88385: 0.993856
88386: 0.993857
88387: 0.993857
88388: 0.993857
88389: 0.993857
88390: 0.993857
88391: 0.993857
88392: 0.993857
88393: 0.993857
88394: 0.993857
88395: 0.993857
88396: 0.993857
88397: 0.993857
88398: 0.993857
88399: 0.993857
88400: 0.993858
88401: 0.993858
88402: 0.993858
88403: 0.993858
88404: 0.993858
88405: 0.993858
88406: 0.993858
88407: 0.993858
88408: 0.993858
88409: 0.993858
88410: 0.993858
88411: 0.993858
88412: 0.993858
88413: 0.993858
88414: 0.993859
88415: 0.993859
88416: 0.993859
88417: 0.993859
88418: 0.993859
88419: 0.993859
88420: 0.993859
88421: 0.993859
88422: 0.993859
88423: 0.993859
88424: 0.993859
88425: 0.993859
88426: 0.993859
88427: 0.993859
88428: 0.993859
88429: 0.99386
88430: 0.99386
88431: 0.99386
88432: 0.99386
88433: 0.99386
88434: 0.99386
88435: 0.99386
88436: 0.99386
88437: 0.99386
88438: 0.99386
88439: 0.993849
88440: 0.993849
88441: 0.993849
88442: 0.993849
88443: 0.993849
88444: 0.993849
88445: 0.993849
88446: 0.993849
88447: 0.993849
88448: 0.99385
88449: 0.99385
88450: 0.99385
88451: 0.99385
88452: 0.99385
88453: 0.99385
88454: 0.99385
88455: 0.99385
88456: 0.99385
88457: 0.99385
88458: 0.99385
88459: 0.99385
88460: 0.99385
88461: 0.99385
88462: 0.993851
88463: 0.993851
88464: 0.993851
88465: 0.993851
88466: 0.993851
88467: 0.993851
88468: 0.993851
88469: 0.993851
88470: 0.993851
88471: 0.993851
88472: 0.993851
88473: 0.993851
88474: 0.993851
88475: 0.993851
88476: 0.993852
88477: 0.993852
88478: 0.993852
88479: 0.993852
88480: 0.993852
88481: 0.993852
88482: 0.993852
88483: 0.993852
88484: 0.993852
88485: 0.993852
88486: 0.993852
88487: 0.993852
88488: 0.993852
88489: 0.993852
88490: 0.993852
88491: 0.993853
88492: 0.993853
88493: 0.993853
88494: 0.993853
88495: 0.993853
88496: 0.993853
88497: 0.993853
88498: 0.993853
88499: 0.993853
88500: 0.993853
88501: 0.993853
88502: 0.993853
88503: 0.993853
88504: 0.993853
88505: 0.993854
88506: 0.993854
88507: 0.993854
88508: 0.993854
88509: 0.993854
88510: 0.993854
88511: 0.993854
88512: 0.993854
88513: 0.993854
88514: 0.993854
88515: 0.993854
88516: 0.993854
88517: 0.993854
88518: 0.993854
88519: 0.993854
88520: 0.993855
88521: 0.993855
88522: 0.993855
88523: 0.993855
88524: 0.993855
88525: 0.993855
88526: 0.993855
88527: 0.993855
88528: 0.993855
88529: 0.993855
88530: 0.993855
88531: 0.993855
88532: 0.993855
88533: 0.993855
88534: 0.993856
88535: 0.993856
88536: 0.993856
88537: 0.993856
88538: 0.993856
88539: 0.993856
88540: 0.993856
88541: 0.993856
88542: 0.993856
88543: 0.993856
88544: 0.993856
88545: 0.993856
88546: 0.993856
88547: 0.993856
88548: 0.993857
88549: 0.993857
88550: 0.993857
88551: 0.993857
88552: 0.993857
88553: 0.993857
88554: 0.993857
88555: 0.993857
88556: 0.993857
88557: 0.993857
88558: 0.993857
88559: 0.993857
88560: 0.993857
88561: 0.993857
88562: 0.993857
88563: 0.993858
88564: 0.993858
88565: 0.993858
88566: 0.993858
88567: 0.993858
88568: 0.993858
88569: 0.993858
88570: 0.993858
88571: 0.993858
88572: 0.993858
88573: 0.993858
88574: 0.993858
88575: 0.993858
88576: 0.993858
88577: 0.993859
88578: 0.993859
88579: 0.993859
88580: 0.993859
88581: 0.993859
88582: 0.993859
88583: 0.993859
88584: 0.993859
88585: 0.993859
88586: 0.993859
88587: 0.993859
88588: 0.993859
88589: 0.993859
88590: 0.993859
88591: 0.993859
88592: 0.99386
88593: 0.99386
88594: 0.99386
88595: 0.99386
88596: 0.99386
88597: 0.99386
88598: 0.99386
88599: 0.99386
88600: 0.99386
88601: 0.99386
88602: 0.99386
88603: 0.99386
88604: 0.99386
88605: 0.99386
88606: 0.993861
88607: 0.993861
88608: 0.993861
88609: 0.993861
88610: 0.993861
88611: 0.993861
88612: 0.993861
88613: 0.993861
88614: 0.993861
88615: 0.993861
88616: 0.993861
88617: 0.993861
88618: 0.993861
88619: 0.993861
88620: 0.993862
88621: 0.993862
88622: 0.993862
88623: 0.993862
88624: 0.993862
88625: 0.993862
88626: 0.993862
88627: 0.993862
88628: 0.993862
88629: 0.993862
88630: 0.993862
88631: 0.993862
88632: 0.993862
88633: 0.993862
88634: 0.993862
88635: 0.993863
88636: 0.993863
88637: 0.993863
88638: 0.993863
88639: 0.993863
88640: 0.993863
88641: 0.993863
88642: 0.993863
88643: 0.993863
88644: 0.993863
88645: 0.993863
88646: 0.993863
88647: 0.993863
88648: 0.993863
88649: 0.993864
88650: 0.993864
88651: 0.993864
88652: 0.993864
88653: 0.993864
88654: 0.993864
88655: 0.993864
88656: 0.993864
88657: 0.993864
88658: 0.993864
88659: 0.993864
88660: 0.993864
88661: 0.993864
88662: 0.993864
88663: 0.993864
88664: 0.993865
88665: 0.993865
88666: 0.993865
88667: 0.993865
88668: 0.993865
88669: 0.993865
88670: 0.993865
88671: 0.993865
88672: 0.993865
88673: 0.993865
88674: 0.993865
88675: 0.993865
88676: 0.993865
88677: 0.993865
88678: 0.993866
88679: 0.993866
88680: 0.993866
88681: 0.993866
88682: 0.993866
88683: 0.993866
88684: 0.993866
88685: 0.993866
88686: 0.993866
88687: 0.993866
88688: 0.993866
88689: 0.993866
88690: 0.993866
88691: 0.993866
88692: 0.993866
88693: 0.993867
88694: 0.993867
88695: 0.993867
88696: 0.993867
88697: 0.993867
88698: 0.993867
88699: 0.993867
88700: 0.993867
88701: 0.993867
88702: 0.993867
88703: 0.993867
88704: 0.993867
88705: 0.993867
88706: 0.993867
88707: 0.993868
88708: 0.993868
88709: 0.993868
88710: 0.993868
88711: 0.993868
88712: 0.993868
88713: 0.993868
88714: 0.993868
88715: 0.993868
88716: 0.993868
88717: 0.993868
88718: 0.993868
88719: 0.993868
88720: 0.993868
88721: 0.993868
88722: 0.993869
88723: 0.993869
88724: 0.993869
88725: 0.993869
88726: 0.993869
88727: 0.993869
88728: 0.993869
88729: 0.993869
88730: 0.993869
88731: 0.993869
88732: 0.993869
88733: 0.993869
88734: 0.993869
88735: 0.993869
88736: 0.99387
88737: 0.99387
88738: 0.99387
88739: 0.99387
88740: 0.99387
88741: 0.99387
88742: 0.99387
88743: 0.99387
88744: 0.99387
88745: 0.99387
88746: 0.99387
88747: 0.99387
88748: 0.99387
88749: 0.99387
88750: 0.99387
88751: 0.993871
88752: 0.993871
88753: 0.993871
88754: 0.993871
88755: 0.993871
88756: 0.993871
88757: 0.993871
88758: 0.993871
88759: 0.993871
88760: 0.993871
88761: 0.993871
88762: 0.993871
88763: 0.993871
88764: 0.993871
88765: 0.993872
88766: 0.993872
88767: 0.993872
88768: 0.993872
88769: 0.993872
88770: 0.993872
88771: 0.993872
88772: 0.993872
88773: 0.993872
88774: 0.993872
88775: 0.993872
88776: 0.993872
88777: 0.993872
88778: 0.993872
88779: 0.993872
88780: 0.993873
88781: 0.993873
88782: 0.993873
88783: 0.993873
88784: 0.993873
88785: 0.993873
88786: 0.993873
88787: 0.993873
88788: 0.993873
88789: 0.993873
88790: 0.993873
88791: 0.993873
88792: 0.993873
88793: 0.993873
88794: 0.993874
88795: 0.993874
88796: 0.993874
88797: 0.993874
88798: 0.993874
88799: 0.993874
88800: 0.993874
88801: 0.993874
88802: 0.993874
88803: 0.993874
88804: 0.993874
88805: 0.993874
88806: 0.993874
88807: 0.993874
88808: 0.993874
88809: 0.993875
88810: 0.993875
88811: 0.993875
88812: 0.993875
88813: 0.993875
88814: 0.993875
88815: 0.993875
88816: 0.993875
88817: 0.993875
88818: 0.993875
88819: 0.993875
88820: 0.993875
88821: 0.993875
88822: 0.993875
88823: 0.993876
88824: 0.993876
88825: 0.993876
88826: 0.993876
88827: 0.993876
88828: 0.993876
88829: 0.993876
88830: 0.993876
88831: 0.993876
88832: 0.993876
88833: 0.993876
88834: 0.993876
88835: 0.993876
88836: 0.993876
88837: 0.993876
88838: 0.993877
88839: 0.993877
88840: 0.993877
88841: 0.993877
88842: 0.993877
88843: 0.993877
88844: 0.993877
88845: 0.993877
88846: 0.993877
88847: 0.993877
88848: 0.993877
88849: 0.993877
88850: 0.993877
88851: 0.993877
88852: 0.993878
88853: 0.993878
88854: 0.993878
88855: 0.993878
88856: 0.993878
88857: 0.993878
88858: 0.993878
88859: 0.993878
88860: 0.993878
88861: 0.993878
88862: 0.993878
88863: 0.993878
88864: 0.993878
88865: 0.993878
88866: 0.993878
88867: 0.993879
88868: 0.993879
88869: 0.993879
88870: 0.993879
88871: 0.993879
88872: 0.993879
88873: 0.993879
88874: 0.993879
88875: 0.993879
88876: 0.993879
88877: 0.993879
88878: 0.993879
88879: 0.993879
88880: 0.993879
88881: 0.99388
88882: 0.99388
88883: 0.99388
88884: 0.99388
88885: 0.99388
88886: 0.99388
88887: 0.99388
88888: 0.99388
88889: 0.99388
88890: 0.99388
88891: 0.99388
88892: 0.99388
88893: 0.99388
88894: 0.99388
88895: 0.99388
88896: 0.993881
88897: 0.993881
88898: 0.993881
88899: 0.993881
88900: 0.993881
88901: 0.993881
88902: 0.993881
88903: 0.993881
88904: 0.993881
88905: 0.993881
88906: 0.993881
88907: 0.993881
88908: 0.993881
88909: 0.993881
88910: 0.993882
88911: 0.993882
88912: 0.993882
88913: 0.993882
88914: 0.993882
88915: 0.993882
88916: 0.993882
88917: 0.993882
88918: 0.993882
88919: 0.993882
88920: 0.993882
88921: 0.993882
88922: 0.993882
88923: 0.993882
88924: 0.993882
88925: 0.993883
88926: 0.993883
88927: 0.993883
88928: 0.993883
88929: 0.993883
88930: 0.993883
88931: 0.993883
88932: 0.993883
88933: 0.993883
88934: 0.993883
88935: 0.993883
88936: 0.993883
88937: 0.993883
88938: 0.993883
88939: 0.993884
88940: 0.993884
88941: 0.993884
88942: 0.993884
88943: 0.993884
88944: 0.993884
88945: 0.993884
88946: 0.993884
88947: 0.993884
88948: 0.993884
88949: 0.993884
88950: 0.993884
88951: 0.993884
88952: 0.993884
88953: 0.993884
88954: 0.993885
88955: 0.993885
88956: 0.993885
88957: 0.993885
88958: 0.993885
88959: 0.993885
88960: 0.993885
88961: 0.993885
88962: 0.993885
88963: 0.993885
88964: 0.993885
88965: 0.993885
88966: 0.993885
88967: 0.993885
88968: 0.993886
88969: 0.993886
88970: 0.993886
88971: 0.993886
88972: 0.993886
88973: 0.993886
88974: 0.993886
88975: 0.993886
88976: 0.993886
88977: 0.993886
88978: 0.993886
88979: 0.993886
88980: 0.993886
88981: 0.993886
88982: 0.993886
88983: 0.993887
88984: 0.993887
88985: 0.993887
88986: 0.993887
88987: 0.993887
88988: 0.993887
88989: 0.993887
88990: 0.993887
88991: 0.993887
88992: 0.993887
88993: 0.993887
88994: 0.993887
88995: 0.993887
88996: 0.993887
88997: 0.993888
88998: 0.993888
88999: 0.993888
89000: 0.993888
89001: 0.993888
89002: 0.993888
89003: 0.993888
89004: 0.993888
89005: 0.993888
89006: 0.993888
89007: 0.993888
89008: 0.993888
89009: 0.993888
89010: 0.993888
89011: 0.993888
89012: 0.993889
89013: 0.993889
89014: 0.993889
89015: 0.993889
89016: 0.993889
89017: 0.993889
89018: 0.993889
89019: 0.993889
89020: 0.993889
89021: 0.993889
89022: 0.993889
89023: 0.993889
89024: 0.993889
89025: 0.993889
89026: 0.993889
89027: 0.99389
89028: 0.99389
89029: 0.99389
89030: 0.99389
89031: 0.99389
89032: 0.99389
89033: 0.99389
89034: 0.99389
89035: 0.99389
89036: 0.99389
89037: 0.99389
89038: 0.99389
89039: 0.99389
89040: 0.99389
89041: 0.993891
89042: 0.993891
89043: 0.993891
89044: 0.993891
89045: 0.993891
89046: 0.993891
89047: 0.993891
89048: 0.993891
89049: 0.993891
89050: 0.993891
89051: 0.993891
89052: 0.993891
89053: 0.993891
89054: 0.993891
89055: 0.993891
89056: 0.993892
89057: 0.993892
89058: 0.993892
89059: 0.993892
89060: 0.993892
89061: 0.993892
89062: 0.993892
89063: 0.993892
89064: 0.993892
89065: 0.993892
89066: 0.993892
89067: 0.993892
89068: 0.993892
89069: 0.993892
89070: 0.993893
89071: 0.993893
89072: 0.993893
89073: 0.993893
89074: 0.993893
89075: 0.993893
89076: 0.993893
89077: 0.993893
89078: 0.993893
89079: 0.993893
89080: 0.993893
89081: 0.993893
89082: 0.993893
89083: 0.993893
89084: 0.993893
89085: 0.993894
89086: 0.993894
89087: 0.993894
89088: 0.993894
89089: 0.993894
89090: 0.993894
89091: 0.993894
89092: 0.993894
89093: 0.993894
89094: 0.993894
89095: 0.993894
89096: 0.993894
89097: 0.993894
89098: 0.993894
89099: 0.993895
89100: 0.993895
89101: 0.993895
89102: 0.993895
89103: 0.993895
89104: 0.993895
89105: 0.993895
89106: 0.993895
89107: 0.993895
89108: 0.993895
89109: 0.993895
89110: 0.993895
89111: 0.993895
89112: 0.993895
89113: 0.993895
89114: 0.993896
89115: 0.993896
89116: 0.993896
89117: 0.993896
89118: 0.993896
89119: 0.993896
89120: 0.993896
89121: 0.993896
89122: 0.993896
89123: 0.993896
89124: 0.993896
89125: 0.993896
89126: 0.993896
89127: 0.993896
89128: 0.993896
89129: 0.993897
89130: 0.993897
89131: 0.993897
89132: 0.993897
89133: 0.993897
89134: 0.993897
89135: 0.993897
89136: 0.993897
89137: 0.993897
89138: 0.993897
89139: 0.993897
89140: 0.993897
89141: 0.993897
89142: 0.993897
89143: 0.993898
89144: 0.993898
89145: 0.993898
89146: 0.993898
89147: 0.993898
89148: 0.993898
89149: 0.993898
89150: 0.993898
89151: 0.993898
89152: 0.993898
89153: 0.993898
89154: 0.993898
89155: 0.993898
89156: 0.993898
89157: 0.993898
89158: 0.993899
89159: 0.993899
89160: 0.993899
89161: 0.993899
89162: 0.993899
89163: 0.993899
89164: 0.993899
89165: 0.993899
89166: 0.993899
89167: 0.993899
89168: 0.993899
89169: 0.993899
89170: 0.993899
89171: 0.993899
89172: 0.993899
89173: 0.9939
89174: 0.9939
89175: 0.9939
89176: 0.9939
89177: 0.9939
89178: 0.9939
89179: 0.9939
89180: 0.9939
89181: 0.9939
89182: 0.9939
89183: 0.9939
89184: 0.9939
89185: 0.9939
89186: 0.9939
89187: 0.993901
89188: 0.993901
89189: 0.993901
89190: 0.993901
89191: 0.993901
89192: 0.993901
89193: 0.993901
89194: 0.993901
89195: 0.993901
89196: 0.993901
89197: 0.993901
89198: 0.993901
89199: 0.993901
89200: 0.993901
89201: 0.993901
89202: 0.993902
89203: 0.993902
89204: 0.993902
89205: 0.993902
89206: 0.993902
89207: 0.993902
89208: 0.993902
89209: 0.993902
89210: 0.993902
89211: 0.993902
89212: 0.993902
89213: 0.993902
89214: 0.993902
89215: 0.993902
89216: 0.993903
89217: 0.993903
89218: 0.993903
89219: 0.993903
89220: 0.993903
89221: 0.993903
89222: 0.993903
89223: 0.993903
89224: 0.993903
89225: 0.993903
89226: 0.993903
89227: 0.993903
89228: 0.993903
89229: 0.993903
89230: 0.993903
89231: 0.993904
89232: 0.993904
89233: 0.993904
89234: 0.993904
89235: 0.993904
89236: 0.993904
89237: 0.993904
89238: 0.993904
89239: 0.993904
89240: 0.993904
89241: 0.993904
89242: 0.993904
89243: 0.993904
89244: 0.993904
89245: 0.993904
89246: 0.993905
89247: 0.993905
89248: 0.993905
89249: 0.993905
89250: 0.993905
89251: 0.993905
89252: 0.993905
89253: 0.993905
89254: 0.993905
89255: 0.993905
89256: 0.993905
89257: 0.993905
89258: 0.993905
89259: 0.993905
89260: 0.993906
89261: 0.993906
89262: 0.993906
89263: 0.993906
89264: 0.993906
89265: 0.993906
89266: 0.993906
89267: 0.993906
89268: 0.993906
89269: 0.993906
89270: 0.993906
89271: 0.993906
89272: 0.993906
89273: 0.993906
89274: 0.993906
89275: 0.993907
89276: 0.993907
89277: 0.993907
89278: 0.993907
89279: 0.993907
89280: 0.993907
89281: 0.993907
89282: 0.993907
89283: 0.993907
89284: 0.993907
89285: 0.993907
89286: 0.993907
89287: 0.993907
89288: 0.993907
89289: 0.993907
89290: 0.993908
89291: 0.993908
89292: 0.993908
89293: 0.993908
89294: 0.993908
89295: 0.993908
89296: 0.993908
89297: 0.993908
89298: 0.993908
89299: 0.993908
89300: 0.993908
89301: 0.993908
89302: 0.993908
89303: 0.993908
89304: 0.993909
89305: 0.993909
89306: 0.993909
89307: 0.993909
89308: 0.993909
89309: 0.993909
89310: 0.993909
89311: 0.993909
89312: 0.993909
89313: 0.993909
89314: 0.993909
89315: 0.993909
89316: 0.993909
89317: 0.993909
89318: 0.993909
89319: 0.99391
89320: 0.99391
89321: 0.99391
89322: 0.99391
89323: 0.99391
89324: 0.99391
89325: 0.99391
89326: 0.99391
89327: 0.99391
89328: 0.99391
89329: 0.99391
89330: 0.99391
89331: 0.99391
89332: 0.99391
89333: 0.99391
89334: 0.993911
89335: 0.993911
89336: 0.993911
89337: 0.993911
89338: 0.993911
89339: 0.993911
89340: 0.993911
89341: 0.993911
89342: 0.993911
89343: 0.993911
89344: 0.993911
89345: 0.993911
89346: 0.993911
89347: 0.993911
89348: 0.993912
89349: 0.993912
89350: 0.993912
89351: 0.993912
89352: 0.993912
89353: 0.993912
89354: 0.993912
89355: 0.993912
89356: 0.993912
89357: 0.993912
89358: 0.993912
89359: 0.993912
89360: 0.993912
89361: 0.993901
89362: 0.993901
89363: 0.993901
89364: 0.993901
89365: 0.993901
89366: 0.993902
89367: 0.993902
89368: 0.993902
89369: 0.993902
89370: 0.993902
89371: 0.993902
89372: 0.993902
89373: 0.993902
89374: 0.993902
89375: 0.993902
89376: 0.993902
89377: 0.993902
89378: 0.993902
89379: 0.993902
89380: 0.993903
89381: 0.993903
89382: 0.993903
89383: 0.993903
89384: 0.993903
89385: 0.993903
89386: 0.993903
89387: 0.993903
89388: 0.993903
89389: 0.993903
89390: 0.993903
89391: 0.993903
89392: 0.993903
89393: 0.993903
89394: 0.993903
89395: 0.993904
89396: 0.993904
89397: 0.993904
89398: 0.993904
89399: 0.993904
89400: 0.993904
89401: 0.993904
89402: 0.993904
89403: 0.993904
89404: 0.993904
89405: 0.993904
89406: 0.993904
89407: 0.993904
89408: 0.993904
89409: 0.993904
89410: 0.993905
89411: 0.993905
89412: 0.993905
89413: 0.993905
89414: 0.993905
89415: 0.993905
89416: 0.993905
89417: 0.993905
89418: 0.993905
89419: 0.993905
89420: 0.993905
89421: 0.993905
89422: 0.993905
89423: 0.993905
89424: 0.993906
89425: 0.993906
89426: 0.993906
89427: 0.993906
89428: 0.993906
89429: 0.993906
89430: 0.993906
89431: 0.993906
89432: 0.993906
89433: 0.993906
89434: 0.993906
89435: 0.993906
89436: 0.993906
89437: 0.993906
89438: 0.993906
89439: 0.993907
89440: 0.993907
89441: 0.993907
89442: 0.993907
89443: 0.993907
89444: 0.993907
89445: 0.993907
89446: 0.993907
89447: 0.993907
89448: 0.993907
89449: 0.993907
89450: 0.993907
89451: 0.993907
89452: 0.993907
89453: 0.993907
89454: 0.993908
89455: 0.993908
89456: 0.993908
89457: 0.993908
89458: 0.993908
89459: 0.993908
89460: 0.993908
89461: 0.993908
89462: 0.993908
89463: 0.993908
89464: 0.993908
89465: 0.993908
89466: 0.993908
89467: 0.993908
89468: 0.993909
89469: 0.993909
89470: 0.993909
89471: 0.993909
89472: 0.993909
89473: 0.993909
89474: 0.993909
89475: 0.993909
89476: 0.993909
89477: 0.993909
89478: 0.993909
89479: 0.993909
89480: 0.993909
89481: 0.993909
89482: 0.993909
89483: 0.99391
89484: 0.99391
89485: 0.99391
89486: 0.99391
89487: 0.99391
89488: 0.99391
89489: 0.99391
89490: 0.99391
89491: 0.99391
89492: 0.99391
89493: 0.99391
89494: 0.99391
89495: 0.99391
89496: 0.99391
89497: 0.99391
89498: 0.993911
89499: 0.993911
89500: 0.993911
89501: 0.993911
89502: 0.993911
89503: 0.993911
89504: 0.993911
89505: 0.993911
89506: 0.993911
89507: 0.993911
89508: 0.993911
89509: 0.993911
89510: 0.993911
89511: 0.993911
89512: 0.993911
89513: 0.993912
89514: 0.993912
89515: 0.993912
89516: 0.993912
89517: 0.993912
89518: 0.993912
89519: 0.993912
89520: 0.993912
89521: 0.993912
89522: 0.993912
89523: 0.993912
89524: 0.993912
89525: 0.993912
89526: 0.993912
89527: 0.993913
89528: 0.993913
89529: 0.993913
89530: 0.993913
89531: 0.993913
89532: 0.993913
89533: 0.993913
89534: 0.993913
89535: 0.993913
89536: 0.993913
89537: 0.993913
89538: 0.993913
89539: 0.993913
89540: 0.993913
89541: 0.993913
89542: 0.993914
89543: 0.993914
89544: 0.993914
89545: 0.993914
89546: 0.993914
89547: 0.993914
89548: 0.993914
89549: 0.993914
89550: 0.993914
89551: 0.993914
89552: 0.993914
89553: 0.993914
89554: 0.993914
89555: 0.993914
89556: 0.993914
89557: 0.993915
89558: 0.993915
89559: 0.993915
89560: 0.993915
89561: 0.993915
89562: 0.993915
89563: 0.993915
89564: 0.993915
89565: 0.993915
89566: 0.993915
89567: 0.993915
89568: 0.993915
89569: 0.993915
89570: 0.993915
89571: 0.993916
89572: 0.993916
89573: 0.993916
89574: 0.993916
89575: 0.993916
89576: 0.993916
89577: 0.993916
89578: 0.993916
89579: 0.993916
89580: 0.993916
89581: 0.993916
89582: 0.993916
89583: 0.993916
89584: 0.993916
89585: 0.993916
89586: 0.993917
89587: 0.993917
89588: 0.993917
89589: 0.993917
89590: 0.993917
89591: 0.993917
89592: 0.993917
89593: 0.993917
89594: 0.993917
89595: 0.993917
89596: 0.993917
89597: 0.993917
89598: 0.993917
89599: 0.993917
89600: 0.993917
89601: 0.993918
89602: 0.993918
89603: 0.993918
89604: 0.993918
89605: 0.993918
89606: 0.993918
89607: 0.993918
89608: 0.993918
89609: 0.993918
89610: 0.993918
89611: 0.993918
89612: 0.993918
89613: 0.993918
89614: 0.993918
89615: 0.993918
89616: 0.993919
89617: 0.993919
89618: 0.993919
89619: 0.993919
89620: 0.993919
89621: 0.993919
89622: 0.993919
89623: 0.993919
89624: 0.993919
89625: 0.993919
89626: 0.993919
89627: 0.993919
89628: 0.993919
89629: 0.993919
89630: 0.99392
89631: 0.99392
89632: 0.99392
89633: 0.99392
89634: 0.99392
89635: 0.99392
89636: 0.99392
89637: 0.99392
89638: 0.99392
89639: 0.99392
89640: 0.99392
89641: 0.99392
89642: 0.99392
89643: 0.99392
89644: 0.99392
89645: 0.993921
89646: 0.993921
89647: 0.993921
89648: 0.993921
89649: 0.993921
89650: 0.993921
89651: 0.993921
89652: 0.993921
89653: 0.993921
89654: 0.993921
89655: 0.993921
89656: 0.993921
89657: 0.993921
89658: 0.993921
89659: 0.993921
89660: 0.993922
89661: 0.993922
89662: 0.993922
89663: 0.993922
89664: 0.993922
89665: 0.993922
89666: 0.993922
89667: 0.993922
89668: 0.993922
89669: 0.993922
89670: 0.993922
89671: 0.993922
89672: 0.993922
89673: 0.993922
89674: 0.993922
89675: 0.993923
89676: 0.993923
89677: 0.993923
89678: 0.993923
89679: 0.993923
89680: 0.993923
89681: 0.993923
89682: 0.993923
89683: 0.993923
89684: 0.993923
89685: 0.993923
89686: 0.993923
89687: 0.993923
89688: 0.993923
89689: 0.993924
89690: 0.993924
89691: 0.993924
89692: 0.993924
89693: 0.993924
89694: 0.993924
89695: 0.993924
89696: 0.993924
89697: 0.993924
89698: 0.993924
89699: 0.993924
89700: 0.993924
89701: 0.993924
89702: 0.993924
89703: 0.993924
89704: 0.993925
89705: 0.993925
89706: 0.993925
89707: 0.993925
89708: 0.993925
89709: 0.993925
89710: 0.993925
89711: 0.993925
89712: 0.993925
89713: 0.993925
89714: 0.993925
89715: 0.993925
89716: 0.993925
89717: 0.993925
89718: 0.993925
89719: 0.993926
89720: 0.993926
89721: 0.993926
89722: 0.993926
89723: 0.993926
89724: 0.993926
89725: 0.993926
89726: 0.993926
89727: 0.993926
89728: 0.993926
89729: 0.993926
89730: 0.993926
89731: 0.993926
89732: 0.993926
89733: 0.993926
89734: 0.993927
89735: 0.993927
89736: 0.993927
89737: 0.993927
89738: 0.993927
89739: 0.993927
89740: 0.993927
89741: 0.993927
89742: 0.993927
89743: 0.993927
89744: 0.993927
89745: 0.993927
89746: 0.993927
89747: 0.993927
89748: 0.993928
89749: 0.993928
89750: 0.993928
89751: 0.993928
89752: 0.993928
89753: 0.993928
89754: 0.993928
89755: 0.993928
89756: 0.993928
89757: 0.993928
89758: 0.993928
89759: 0.993928
89760: 0.993928
89761: 0.993928
89762: 0.993928
89763: 0.993929
89764: 0.993929
89765: 0.993929
89766: 0.993929
89767: 0.993929
89768: 0.993929
89769: 0.993929
89770: 0.993929
89771: 0.993929
89772: 0.993929
89773: 0.993929
89774: 0.993929
89775: 0.993929
89776: 0.993929
89777: 0.993929
89778: 0.99393
89779: 0.99393
89780: 0.99393
89781: 0.99393
89782: 0.99393
89783: 0.99393
89784: 0.99393
89785: 0.99393
89786: 0.99393
89787: 0.99393
89788: 0.99393
89789: 0.99393
89790: 0.99393
89791: 0.99393
89792: 0.99393
89793: 0.993931
89794: 0.993931
89795: 0.993931
89796: 0.993931
89797: 0.993931
89798: 0.993931
89799: 0.993931
89800: 0.993931
89801: 0.993931
89802: 0.993931
89803: 0.993931
89804: 0.993931
89805: 0.993931
89806: 0.993931
89807: 0.993931
89808: 0.993932
89809: 0.993932
89810: 0.993932
89811: 0.993932
89812: 0.993932
89813: 0.993932
89814: 0.993932
89815: 0.993932
89816: 0.993932
89817: 0.993932
89818: 0.993932
89819: 0.993932
89820: 0.993932
89821: 0.993932
89822: 0.993933
89823: 0.993933
89824: 0.993933
89825: 0.993933
89826: 0.993933
89827: 0.993933
89828: 0.993933
89829: 0.993933
89830: 0.993933
89831: 0.993933
89832: 0.993933
89833: 0.993933
89834: 0.993933
89835: 0.993933
89836: 0.993933
89837: 0.993934
89838: 0.993934
89839: 0.993934
89840: 0.993934
89841: 0.993934
89842: 0.993934
89843: 0.993934
89844: 0.993934
89845: 0.993934
89846: 0.993934
89847: 0.993934
89848: 0.993934
89849: 0.993934
89850: 0.993934
89851: 0.993934
89852: 0.993935
89853: 0.993935
89854: 0.993935
89855: 0.993935
89856: 0.993935
89857: 0.993935
89858: 0.993935
89859: 0.993935
89860: 0.993935
89861: 0.993935
89862: 0.993935
89863: 0.993935
89864: 0.993935
89865: 0.993935
89866: 0.993935
89867: 0.993936
89868: 0.993936
89869: 0.993936
89870: 0.993936
89871: 0.993936
89872: 0.993936
89873: 0.993936
89874: 0.993936
89875: 0.993936
89876: 0.993936
89877: 0.993936
89878: 0.993936
89879: 0.993936
89880: 0.993936
89881: 0.993936
89882: 0.993937
89883: 0.993937
89884: 0.993937
89885: 0.993937
89886: 0.993937
89887: 0.993937
89888: 0.993937
89889: 0.993937
89890: 0.993937
89891: 0.993937
89892: 0.993937
89893: 0.993937
89894: 0.993937
89895: 0.993937
89896: 0.993938
89897: 0.993938
89898: 0.993938
89899: 0.993938
89900: 0.993938
89901: 0.993938
89902: 0.993938
89903: 0.993938
89904: 0.993938
89905: 0.993938
89906: 0.993938
89907: 0.993938
89908: 0.993938
89909: 0.993938
89910: 0.993938
89911: 0.993939
89912: 0.993939
89913: 0.993939
89914: 0.993939
89915: 0.993939
89916: 0.993939
89917: 0.993939
89918: 0.993939
89919: 0.993939
89920: 0.993939
89921: 0.993939
89922: 0.993939
89923: 0.993939
89924: 0.993939
89925: 0.993939
89926: 0.99394
89927: 0.99394
89928: 0.99394
89929: 0.99394
89930: 0.99394
89931: 0.99394
89932: 0.99394
89933: 0.99394
89934: 0.99394
89935: 0.99394
89936: 0.99394
89937: 0.99394
89938: 0.99394
89939: 0.99394
89940: 0.99394
89941: 0.993941
89942: 0.993941
89943: 0.993941
89944: 0.993941
89945: 0.993941
89946: 0.993941
89947: 0.993941
89948: 0.993941
89949: 0.993941
89950: 0.993941
89951: 0.993941
89952: 0.993941
89953: 0.993941
89954: 0.993941
89955: 0.993941
89956: 0.993942
89957: 0.993942
89958: 0.993942
89959: 0.993942
89960: 0.993942
89961: 0.993942
89962: 0.993942
89963: 0.993942
89964: 0.993942
89965: 0.993942
89966: 0.993942
89967: 0.993942
89968: 0.993942
89969: 0.993942
89970: 0.993942
89971: 0.993943
89972: 0.993943
89973: 0.993943
89974: 0.993943
89975: 0.993943
89976: 0.993943
89977: 0.993943
89978: 0.993943
89979: 0.993943
89980: 0.993943
89981: 0.993943
89982: 0.993943
89983: 0.993943
89984: 0.993943
89985: 0.993944
89986: 0.993944
89987: 0.993944
89988: 0.993944
89989: 0.993944
89990: 0.993944
89991: 0.993944
89992: 0.993944
89993: 0.993944
89994: 0.993944
89995: 0.993944
89996: 0.993944
89997: 0.993944
89998: 0.993944
89999: 0.993944
90000: 0.993945
90001: 0.993945
90002: 0.993945
90003: 0.993945
90004: 0.993945
90005: 0.993945
90006: 0.993945
90007: 0.993945
90008: 0.993945
90009: 0.993945
90010: 0.993945
90011: 0.993945
90012: 0.993945
90013: 0.993945
90014: 0.993945
90015: 0.993946
90016: 0.993946
90017: 0.993946
90018: 0.993946
90019: 0.993946
90020: 0.993946
90021: 0.993946
90022: 0.993946
90023: 0.993946
90024: 0.993946
90025: 0.993946
90026: 0.993946
90027: 0.993946
90028: 0.993946
90029: 0.993946
90030: 0.993947
90031: 0.993947
90032: 0.993947
90033: 0.993947
90034: 0.993947
90035: 0.993947
90036: 0.993947
90037: 0.993947
90038: 0.993947
90039: 0.993947
90040: 0.993947
90041: 0.993947
90042: 0.993947
90043: 0.993947
90044: 0.993947
90045: 0.993948
90046: 0.993948
90047: 0.993948
90048: 0.993948
90049: 0.993948
90050: 0.993948
90051: 0.993948
90052: 0.993948
90053: 0.993948
90054: 0.993948
90055: 0.993948
90056: 0.993948
90057: 0.993948
90058: 0.993948
90059: 0.993948
90060: 0.993949
90061: 0.993949
90062: 0.993949
90063: 0.993949
90064: 0.993949
90065: 0.993949
90066: 0.993949
90067: 0.993949
90068: 0.993949
90069: 0.993949
90070: 0.993949
90071: 0.993949
90072: 0.993949
90073: 0.993949
90074: 0.993949
90075: 0.99395
90076: 0.99395
90077: 0.99395
90078: 0.99395
90079: 0.99395
90080: 0.99395
90081: 0.99395
90082: 0.99395
90083: 0.99395
90084: 0.99395
90085: 0.99395
90086: 0.99395
90087: 0.99395
90088: 0.99395
90089: 0.99395
90090: 0.993951
90091: 0.993951
90092: 0.993951
90093: 0.993951
90094: 0.993951
90095: 0.993951
90096: 0.993951
90097: 0.993951
90098: 0.993951
90099: 0.993951
90100: 0.993951
90101: 0.993951
90102: 0.993951
90103: 0.993951
90104: 0.993952
90105: 0.993952
90106: 0.993952
90107: 0.993952
90108: 0.993952
90109: 0.993952
90110: 0.993952
90111: 0.993952
90112: 0.993952
90113: 0.993952
90114: 0.993952
90115: 0.993952
90116: 0.993952
90117: 0.993952
90118: 0.993952
90119: 0.993953
90120: 0.993953
90121: 0.993953
90122: 0.993953
90123: 0.993953
90124: 0.993953
90125: 0.993953
90126: 0.993953
90127: 0.993953
90128: 0.993953
90129: 0.993953
90130: 0.993953
90131: 0.993953
90132: 0.993953
90133: 0.993953
90134: 0.993954
90135: 0.993954
90136: 0.993954
90137: 0.993954
90138: 0.993954
90139: 0.993954
90140: 0.993954
90141: 0.993954
90142: 0.993954
90143: 0.993954
90144: 0.993954
90145: 0.993954
90146: 0.993954
90147: 0.993954
90148: 0.993954
90149: 0.993955
90150: 0.993955
90151: 0.993955
90152: 0.993955
90153: 0.993955
90154: 0.993955
90155: 0.993955
90156: 0.993955
90157: 0.993955
90158: 0.993955
90159: 0.993955
90160: 0.993955
90161: 0.993955
90162: 0.993955
90163: 0.993955
90164: 0.993956
90165: 0.993956
90166: 0.993956
90167: 0.993956
90168: 0.993956
90169: 0.993956
90170: 0.993956
90171: 0.993956
90172: 0.993956
90173: 0.993956
90174: 0.993956
90175: 0.993956
90176: 0.993956
90177: 0.993956
90178: 0.993956
90179: 0.993957
90180: 0.993957
90181: 0.993957
90182: 0.993957
90183: 0.993957
90184: 0.993957
90185: 0.993957
90186: 0.993957
90187: 0.993957
90188: 0.993957
90189: 0.993957
90190: 0.993957
90191: 0.993957
90192: 0.993957
90193: 0.993957
90194: 0.993958
90195: 0.993958
90196: 0.993958
90197: 0.993958
90198: 0.993958
90199: 0.993958
90200: 0.993958
90201: 0.993958
90202: 0.993958
90203: 0.993958
90204: 0.993958
90205: 0.993958
90206: 0.993958
90207: 0.993958
90208: 0.993958
90209: 0.993959
90210: 0.993959
90211: 0.993959
90212: 0.993959
90213: 0.993959
90214: 0.993959
90215: 0.993959
90216: 0.993959
90217: 0.993959
90218: 0.993959
90219: 0.993959
90220: 0.993959
90221: 0.993959
90222: 0.993959
90223: 0.993959
90224: 0.99396
90225: 0.99396
90226: 0.99396
90227: 0.99396
90228: 0.99396
90229: 0.99396
90230: 0.99396
90231: 0.99396
90232: 0.99396
90233: 0.99396
90234: 0.99396
90235: 0.99396
90236: 0.99396
90237: 0.99396
90238: 0.99396
90239: 0.993961
90240: 0.993961
90241: 0.993961
90242: 0.993961
90243: 0.993961
90244: 0.993961
90245: 0.993961
90246: 0.993961
90247: 0.993961
90248: 0.993961
90249: 0.993961
90250: 0.993961
90251: 0.993961
90252: 0.993961
90253: 0.993961
90254: 0.993962
90255: 0.993962
90256: 0.993962
90257: 0.993962
90258: 0.993962
90259: 0.993962
90260: 0.993962
90261: 0.993962
90262: 0.993962
90263: 0.993962
90264: 0.993962
90265: 0.993962
90266: 0.993962
90267: 0.993962
90268: 0.993962
90269: 0.993963
90270: 0.993963
90271: 0.993963
90272: 0.993963
90273: 0.993963
90274: 0.993963
90275: 0.993963
90276: 0.993963
90277: 0.993963
90278: 0.993963
90279: 0.993963
90280: 0.993963
90281: 0.993963
90282: 0.993963
90283: 0.993963
90284: 0.993964
90285: 0.993964
90286: 0.993964
90287: 0.993964
90288: 0.993964
90289: 0.993964
90290: 0.993964
90291: 0.993964
90292: 0.993964
90293: 0.993964
90294: 0.993964
90295: 0.993964
90296: 0.993964
90297: 0.993964
90298: 0.993964
90299: 0.993965
90300: 0.993965
90301: 0.993965
90302: 0.993965
90303: 0.993965
90304: 0.993965
90305: 0.993965
90306: 0.993965
90307: 0.993965
90308: 0.993965
90309: 0.993965
90310: 0.993965
90311: 0.993965
90312: 0.993965
90313: 0.993965
90314: 0.993966
90315: 0.993966
90316: 0.993966
90317: 0.993966
90318: 0.993966
90319: 0.993966
90320: 0.993966
90321: 0.993966
90322: 0.993966
90323: 0.993966
90324: 0.993966
90325: 0.993966
90326: 0.993966
90327: 0.993966
90328: 0.993967
90329: 0.993967
90330: 0.993967
90331: 0.993967
90332: 0.993967
90333: 0.993967
90334: 0.993967
90335: 0.993967
90336: 0.993967
90337: 0.993967
90338: 0.993967
90339: 0.993967
90340: 0.993967
90341: 0.993967
90342: 0.993967
90343: 0.993968
90344: 0.993968
90345: 0.993968
90346: 0.993968
90347: 0.993968
90348: 0.993968
90349: 0.993968
90350: 0.993968
90351: 0.993968
90352: 0.993968
90353: 0.993968
90354: 0.993968
90355: 0.993968
90356: 0.993968
90357: 0.993968
90358: 0.993969
90359: 0.993969
90360: 0.993969
90361: 0.993969
90362: 0.993969
90363: 0.993969
90364: 0.993969
90365: 0.993969
90366: 0.993969
90367: 0.993969
90368: 0.993969
90369: 0.993969
90370: 0.993969
90371: 0.993969
90372: 0.993969
90373: 0.99397
90374: 0.99397
90375: 0.99397
90376: 0.99397
90377: 0.99397
90378: 0.99397
90379: 0.99397
90380: 0.99397
90381: 0.99397
90382: 0.99397
90383: 0.99397
90384: 0.99397
90385: 0.99397
90386: 0.99397
90387: 0.99397
90388: 0.993971
90389: 0.993971
90390: 0.993971
90391: 0.993971
90392: 0.993971
90393: 0.993971
90394: 0.993971
90395: 0.993971
90396: 0.993971
90397: 0.993971
90398: 0.993971
90399: 0.993971
90400: 0.993971
90401: 0.993971
90402: 0.993971
90403: 0.993972
90404: 0.993972
90405: 0.993972
90406: 0.993972
90407: 0.993972
90408: 0.993972
90409: 0.993972
90410: 0.993972
90411: 0.993972
90412: 0.993972
90413: 0.993972
90414: 0.993972
90415: 0.993972
90416: 0.993972
90417: 0.993972
90418: 0.993973
90419: 0.993973
90420: 0.993973
90421: 0.993973
90422: 0.993973
90423: 0.993973
90424: 0.993973
90425: 0.993973
90426: 0.993973
90427: 0.993973
90428: 0.993973
90429: 0.993973
90430: 0.993973
90431: 0.993973
90432: 0.993973
90433: 0.993974
90434: 0.993974
90435: 0.993974
90436: 0.993974
90437: 0.993974
90438: 0.993974
90439: 0.993974
90440: 0.993974
90441: 0.993974
90442: 0.993974
90443: 0.993974
90444: 0.993974
90445: 0.993974
90446: 0.993974
90447: 0.993974
90448: 0.993975
90449: 0.993975
90450: 0.993975
90451: 0.993975
90452: 0.993975
90453: 0.993975
90454: 0.993975
90455: 0.993975
90456: 0.993975
90457: 0.993975
90458: 0.993975
90459: 0.993975
90460: 0.993975
90461: 0.993975
90462: 0.993975
90463: 0.993976
90464: 0.993976
90465: 0.993976
90466: 0.993976
90467: 0.993976
90468: 0.993976
90469: 0.993976
90470: 0.993976
90471: 0.993976
90472: 0.993976
90473: 0.993976
90474: 0.993976
90475: 0.993976
90476: 0.993976
90477: 0.993976
90478: 0.993977
90479: 0.993977
90480: 0.993966
90481: 0.993955
90482: 0.993955
90483: 0.993955
90484: 0.993955
90485: 0.993955
90486: 0.993955
90487: 0.993955
90488: 0.993955
90489: 0.993955
90490: 0.993955
90491: 0.993955
90492: 0.993955
90493: 0.993955
90494: 0.993955
90495: 0.993956
90496: 0.993956
90497: 0.993956
90498: 0.993956
90499: 0.993956
90500: 0.993956
90501: 0.993956
90502: 0.993956
90503: 0.993956
90504: 0.993956
90505: 0.993956
90506: 0.993956
90507: 0.993956
90508: 0.993956
90509: 0.993956
90510: 0.993957
90511: 0.993957
90512: 0.993957
90513: 0.993957
90514: 0.993957
90515: 0.993957
90516: 0.993957
90517: 0.993957
90518: 0.993957
90519: 0.993957
90520: 0.993957
90521: 0.993957
90522: 0.993957
90523: 0.993957
90524: 0.993957
90525: 0.993958
90526: 0.993958
90527: 0.993958
90528: 0.993958
90529: 0.993958
90530: 0.993958
90531: 0.993958
90532: 0.993958
90533: 0.993958
90534: 0.993958
90535: 0.993958
90536: 0.993958
90537: 0.993958
90538: 0.993958
90539: 0.993958
90540: 0.993959
90541: 0.993959
90542: 0.993959
90543: 0.993959
90544: 0.993959
90545: 0.993959
90546: 0.993959
90547: 0.993959
90548: 0.993959
90549: 0.993959
90550: 0.993959
90551: 0.993959
90552: 0.993959
90553: 0.993959
90554: 0.993959
90555: 0.99396
90556: 0.99396
90557: 0.99396
90558: 0.99396
90559: 0.99396
90560: 0.99396
90561: 0.99396
90562: 0.99396
90563: 0.99396
90564: 0.99396
90565: 0.99396
90566: 0.99396
90567: 0.99396
90568: 0.99396
90569: 0.99396
90570: 0.993961
90571: 0.993961
90572: 0.993961
90573: 0.993961
90574: 0.993961
90575: 0.993961
90576: 0.993961
90577: 0.993961
90578: 0.993961
90579: 0.993961
90580: 0.993961
90581: 0.993961
90582: 0.993961
90583: 0.993961
90584: 0.993961
90585: 0.993962
90586: 0.993962
90587: 0.993962
90588: 0.993962
90589: 0.993962
90590: 0.993962
90591: 0.993962
90592: 0.993962
90593: 0.993962
90594: 0.993962
90595: 0.993962
90596: 0.993962
90597: 0.993962
90598: 0.993962
90599: 0.993962
90600: 0.993963
90601: 0.993963
90602: 0.993963
90603: 0.993963
90604: 0.993963
90605: 0.993963
90606: 0.993963
90607: 0.993963
90608: 0.993963
90609: 0.993963
90610: 0.993963
90611: 0.993963
90612: 0.993963
90613: 0.993963
90614: 0.993963
90615: 0.993964
90616: 0.993964
90617: 0.993964
90618: 0.993964
90619: 0.993964
90620: 0.993964
90621: 0.993964
90622: 0.993964
90623: 0.993964
90624: 0.993964
90625: 0.993964
90626: 0.993964
90627: 0.993964
90628: 0.993964
90629: 0.993964
90630: 0.993965
90631: 0.993965
90632: 0.993965
90633: 0.993965
90634: 0.993965
90635: 0.993965
90636: 0.993965
90637: 0.993965
90638: 0.993965
90639: 0.993965
90640: 0.993965
90641: 0.993965
90642: 0.993965
90643: 0.993965
90644: 0.993965
90645: 0.993966
90646: 0.993966
90647: 0.993966
90648: 0.993966
90649: 0.993966
90650: 0.993966
90651: 0.993966
90652: 0.993966
90653: 0.993966
90654: 0.993966
90655: 0.993966
90656: 0.993966
90657: 0.993966
90658: 0.993966
90659: 0.993966
90660: 0.993967
90661: 0.993967
90662: 0.993967
90663: 0.993967
90664: 0.993967
90665: 0.993967
90666: 0.993967
90667: 0.993967
90668: 0.993967
90669: 0.993967
90670: 0.993967
90671: 0.993967
90672: 0.993967
90673: 0.993967
90674: 0.993967
90675: 0.993968
90676: 0.993968
90677: 0.993968
90678: 0.993968
90679: 0.993968
90680: 0.993968
90681: 0.993968
90682: 0.993968
90683: 0.993968
90684: 0.993968
90685: 0.993968
90686: 0.993968
90687: 0.993968
90688: 0.993968
90689: 0.993968
90690: 0.993969
90691: 0.993969
90692: 0.993969
90693: 0.993969
90694: 0.993969
90695: 0.993969
90696: 0.993969
90697: 0.993969
90698: 0.993969
90699: 0.993969
90700: 0.993969
90701: 0.993969
90702: 0.993969
90703: 0.993969
90704: 0.993969
90705: 0.99397
90706: 0.99397
90707: 0.99397
90708: 0.99397
90709: 0.99397
90710: 0.99397
90711: 0.99397
90712: 0.99397
90713: 0.99397
90714: 0.99397
90715: 0.99397
90716: 0.99397
90717: 0.99397
90718: 0.99397
90719: 0.99397
90720: 0.993971
90721: 0.993971
90722: 0.993971
90723: 0.993971
90724: 0.993971
90725: 0.993971
90726: 0.993971
90727: 0.993971
90728: 0.993971
90729: 0.993971
90730: 0.993971
90731: 0.993971
90732: 0.993971
90733: 0.993971
90734: 0.993971
90735: 0.993972
90736: 0.993972
90737: 0.993972
90738: 0.993972
90739: 0.993972
90740: 0.993972
90741: 0.993972
90742: 0.993972
90743: 0.993972
90744: 0.993972
90745: 0.993972
90746: 0.993972
90747: 0.993972
90748: 0.993972
90749: 0.993972
90750: 0.993973
90751: 0.993973
90752: 0.993973
90753: 0.993973
90754: 0.993973
90755: 0.993973
90756: 0.993973
90757: 0.993973
90758: 0.993973
90759: 0.993973
90760: 0.993973
90761: 0.993973
90762: 0.993973
90763: 0.993973
90764: 0.993973
90765: 0.993974
90766: 0.993974
90767: 0.993974
90768: 0.993974
90769: 0.993974
90770: 0.993974
90771: 0.993974
90772: 0.993974
90773: 0.993974
90774: 0.993974
90775: 0.993974
90776: 0.993974
90777: 0.993974
90778: 0.993974
90779: 0.993974
90780: 0.993975
90781: 0.993975
90782: 0.993975
90783: 0.993975
90784: 0.993975
90785: 0.993975
90786: 0.993975
90787: 0.993975
90788: 0.993975
90789: 0.993975
90790: 0.993975
90791: 0.993975
90792: 0.993975
90793: 0.993975
90794: 0.993975
90795: 0.993976
90796: 0.993976
90797: 0.993976
90798: 0.993976
90799: 0.993976
90800: 0.993976
90801: 0.993976
90802: 0.993976
90803: 0.993976
90804: 0.993976
90805: 0.993976
90806: 0.993976
90807: 0.993976
90808: 0.993976
90809: 0.993976
90810: 0.993977
90811: 0.993977
90812: 0.993977
90813: 0.993977
90814: 0.993977
90815: 0.993977
90816: 0.993977
90817: 0.993977
90818: 0.993977
90819: 0.993977
90820: 0.993977
90821: 0.993977
90822: 0.993977
90823: 0.993977
90824: 0.993977
90825: 0.993977
90826: 0.993978
90827: 0.993978
90828: 0.993978
90829: 0.993978
90830: 0.993978
90831: 0.993978
90832: 0.993978
90833: 0.993978
90834: 0.993978
90835: 0.993978
90836: 0.993978
90837: 0.993978
90838: 0.993978
90839: 0.993978
90840: 0.993978
90841: 0.993979
90842: 0.993979
90843: 0.993979
90844: 0.993979
90845: 0.993979
90846: 0.993979
90847: 0.993979
90848: 0.993979
90849: 0.993979
90850: 0.993979
90851: 0.993979
90852: 0.993979
90853: 0.993979
90854: 0.993979
90855: 0.993979
90856: 0.99398
90857: 0.99398
90858: 0.99398
90859: 0.99398
90860: 0.99398
90861: 0.99398
90862: 0.99398
90863: 0.99398
90864: 0.99398
90865: 0.99398
90866: 0.99398
90867: 0.99398
90868: 0.99398
90869: 0.99398
90870: 0.99398
90871: 0.993981
90872: 0.993981
90873: 0.993981
90874: 0.993981
90875: 0.993981
90876: 0.993981
90877: 0.993981
90878: 0.993981
90879: 0.993981
90880: 0.993981
90881: 0.993981
90882: 0.993981
90883: 0.993981
90884: 0.993981
90885: 0.993981
90886: 0.993982
90887: 0.993982
90888: 0.993982
90889: 0.993982
90890: 0.993982
90891: 0.993982
90892: 0.993982
90893: 0.993982
90894: 0.993982
90895: 0.993982
90896: 0.993982
90897: 0.993982
90898: 0.993982
90899: 0.993982
90900: 0.993982
90901: 0.993983
90902: 0.993983
90903: 0.993983
90904: 0.993983
90905: 0.993983
90906: 0.993983
90907: 0.993983
90908: 0.993983
90909: 0.993983
90910: 0.993983
90911: 0.993983
90912: 0.993983
90913: 0.993983
90914: 0.993983
90915: 0.993983
90916: 0.993984
90917: 0.993984
90918: 0.993984
90919: 0.993984
90920: 0.993984
90921: 0.993984
90922: 0.993984
90923: 0.993984
90924: 0.993984
90925: 0.993984
90926: 0.993984
90927: 0.993984
90928: 0.993984
90929: 0.993984
90930: 0.993984
90931: 0.993985
90932: 0.993985
90933: 0.993985
90934: 0.993985
90935: 0.993985
90936: 0.993985
90937: 0.993985
90938: 0.993985
90939: 0.993985
90940: 0.993985
90941: 0.993985
90942: 0.993985
90943: 0.993985
90944: 0.993985
90945: 0.993985
90946: 0.993986
90947: 0.993986
90948: 0.993986
90949: 0.993986
90950: 0.993986
90951: 0.993986
90952: 0.993986
90953: 0.993986
90954: 0.993986
90955: 0.993986
90956: 0.993986
90957: 0.993986
90958: 0.993986
90959: 0.993986
90960: 0.993986
90961: 0.993986
90962: 0.993987
90963: 0.993987
90964: 0.993987
90965: 0.993987
90966: 0.993987
90967: 0.993987
90968: 0.993987
90969: 0.993987
90970: 0.993987
90971: 0.993987
90972: 0.993987
90973: 0.993987
90974: 0.993987
90975: 0.993987
90976: 0.993987
90977: 0.993988
90978: 0.993988
90979: 0.993988
90980: 0.993988
90981: 0.993988
90982: 0.993988
90983: 0.993988
90984: 0.993988
90985: 0.993988
90986: 0.993988
90987: 0.993988
90988: 0.993988
90989: 0.993988
90990: 0.993988
90991: 0.993988
90992: 0.993989
90993: 0.993989
90994: 0.993989
90995: 0.993989
90996: 0.993989
90997: 0.993989
90998: 0.993989
90999: 0.993989
91000: 0.993989
91001: 0.993989
91002: 0.993989
91003: 0.993989
91004: 0.993989
91005: 0.993989
91006: 0.993989
91007: 0.99399
91008: 0.99399
91009: 0.99399
91010: 0.99399
91011: 0.99399
91012: 0.99399
91013: 0.99399
91014: 0.99399
91015: 0.99399
91016: 0.99399
91017: 0.99399
91018: 0.99399
91019: 0.99399
91020: 0.99399
91021: 0.99399
91022: 0.993991
91023: 0.993991
91024: 0.993991
91025: 0.993991
91026: 0.993991
91027: 0.993991
91028: 0.993991
91029: 0.993991
91030: 0.993991
91031: 0.993991
91032: 0.993991
91033: 0.993991
91034: 0.993991
91035: 0.993991
91036: 0.993991
91037: 0.993992
91038: 0.993992
91039: 0.993992
91040: 0.993992
91041: 0.993992
91042: 0.993992
91043: 0.993992
91044: 0.993992
91045: 0.993992
91046: 0.993992
91047: 0.993992
91048: 0.993992
91049: 0.993992
91050: 0.993992
91051: 0.993992
91052: 0.993993
91053: 0.993993
91054: 0.993993
91055: 0.993993
91056: 0.993993
91057: 0.993993
91058: 0.993993
91059: 0.993993
91060: 0.993993
91061: 0.993993
91062: 0.993993
91063: 0.993993
91064: 0.993993
91065: 0.993993
91066: 0.993993
91067: 0.993993
91068: 0.993994
91069: 0.993994
91070: 0.993994
91071: 0.993994
91072: 0.993994
91073: 0.993994
91074: 0.993994
91075: 0.993994
91076: 0.993994
91077: 0.993994
91078: 0.993994
91079: 0.993994
91080: 0.993994
91081: 0.993994
91082: 0.993994
91083: 0.993995
91084: 0.993995
91085: 0.993995
91086: 0.993995
91087: 0.993995
91088: 0.993995
91089: 0.993995
91090: 0.993995
91091: 0.993995
91092: 0.993995
91093: 0.993995
91094: 0.993995
91095: 0.993995
91096: 0.993995
91097: 0.993995
91098: 0.993996
91099: 0.993996
91100: 0.993996
91101: 0.993996
91102: 0.993996
91103: 0.993996
91104: 0.993996
91105: 0.993996
91106: 0.993996
91107: 0.993996
91108: 0.993996
91109: 0.993996
91110: 0.993996
91111: 0.993996
91112: 0.993996
91113: 0.993997
91114: 0.993997
91115: 0.993997
91116: 0.993997
91117: 0.993997
91118: 0.993997
91119: 0.993997
91120: 0.993997
91121: 0.993997
91122: 0.993997
91123: 0.993997
91124: 0.993997
91125: 0.993997
91126: 0.993997
91127: 0.993997
91128: 0.993998
91129: 0.993998
91130: 0.993998
91131: 0.993998
91132: 0.993998
91133: 0.993998
91134: 0.993998
91135: 0.993998
91136: 0.993998
91137: 0.993998
91138: 0.993998
91139: 0.993998
91140: 0.993998
91141: 0.993998
91142: 0.993998
91143: 0.993999
91144: 0.993999
91145: 0.993999
91146: 0.993999
91147: 0.993999
91148: 0.993999
91149: 0.993999
91150: 0.993999
91151: 0.993999
91152: 0.993999
91153: 0.993999
91154: 0.993999
91155: 0.993999
91156: 0.993999
91157: 0.993999
91158: 0.993999
91159: 0.994
91160: 0.994
91161: 0.994
91162: 0.994
91163: 0.994
91164: 0.994
91165: 0.994
91166: 0.994
91167: 0.994
91168: 0.994
91169: 0.994
91170: 0.994
91171: 0.994
91172: 0.994
91173: 0.994
91174: 0.994001
91175: 0.994001
91176: 0.994001
91177: 0.994001
91178: 0.994001
91179: 0.994001
91180: 0.994001
91181: 0.994001
91182: 0.994001
91183: 0.994001
91184: 0.994001
91185: 0.994001
91186: 0.994001
91187: 0.994001
91188: 0.994001
91189: 0.994002
91190: 0.994002
91191: 0.994002
91192: 0.994002
91193: 0.994002
91194: 0.994002
91195: 0.994002
91196: 0.994002
91197: 0.994002
91198: 0.994002
91199: 0.994002
91200: 0.994002
91201: 0.994002
91202: 0.994002
91203: 0.994002
91204: 0.994003
91205: 0.994003
91206: 0.994003
91207: 0.994003
91208: 0.994003
91209: 0.994003
91210: 0.994003
91211: 0.994003
91212: 0.994003
91213: 0.994003
91214: 0.994003
91215: 0.994003
91216: 0.994003
91217: 0.994003
91218: 0.994003
91219: 0.994004
91220: 0.994004
91221: 0.994004
91222: 0.994004
91223: 0.994004
91224: 0.994004
91225: 0.994004
91226: 0.994004
91227: 0.994004
91228: 0.994004
91229: 0.994004
91230: 0.994004
91231: 0.994004
91232: 0.994004
91233: 0.994004
91234: 0.994004
91235: 0.994005
91236: 0.994005
91237: 0.994005
91238: 0.994005
91239: 0.994005
91240: 0.994005
91241: 0.994005
91242: 0.994005
91243: 0.994005
91244: 0.994005
91245: 0.994005
91246: 0.993994
91247: 0.993983
91248: 0.993973
91249: 0.993962
91250: 0.993962
91251: 0.993962
91252: 0.993962
91253: 0.993962
91254: 0.993962
91255: 0.993962
91256: 0.993962
91257: 0.993962
91258: 0.993962
91259: 0.993962
91260: 0.993962
91261: 0.993962
91262: 0.993963
91263: 0.993963
91264: 0.993963
91265: 0.993963
91266: 0.993963
91267: 0.993963
91268: 0.993963
91269: 0.993963
91270: 0.993963
91271: 0.993963
91272: 0.993963
91273: 0.993963
91274: 0.993963
91275: 0.993963
91276: 0.993963
91277: 0.993963
91278: 0.993964
91279: 0.993964
91280: 0.993964
91281: 0.993964
91282: 0.993964
91283: 0.993964
91284: 0.993964
91285: 0.993964
91286: 0.993964
91287: 0.993964
91288: 0.993964
91289: 0.993964
91290: 0.993964
91291: 0.993964
91292: 0.993964
91293: 0.993965
91294: 0.993965
91295: 0.993965
91296: 0.993965
91297: 0.993965
91298: 0.993965
91299: 0.993965
91300: 0.993965
91301: 0.993965
91302: 0.993965
91303: 0.993965
91304: 0.993965
91305: 0.993965
91306: 0.993965
91307: 0.993965
91308: 0.993966
91309: 0.993966
91310: 0.993966
91311: 0.993966
91312: 0.993966
91313: 0.993966
91314: 0.993966
91315: 0.993966
91316: 0.993966
91317: 0.993966
91318: 0.993966
91319: 0.993966
91320: 0.993966
91321: 0.993966
91322: 0.993966
91323: 0.993967
91324: 0.993967
91325: 0.993967
91326: 0.993967
91327: 0.993967
91328: 0.993967
91329: 0.993967
91330: 0.993967
91331: 0.993967
91332: 0.993967
91333: 0.993967
91334: 0.993967
91335: 0.993967
91336: 0.993967
91337: 0.993967
91338: 0.993968
91339: 0.993968
91340: 0.993968
91341: 0.993968
91342: 0.993968
91343: 0.993968
91344: 0.993968
91345: 0.993968
91346: 0.993968
91347: 0.993968
91348: 0.993968
91349: 0.993968
91350: 0.993968
91351: 0.993968
91352: 0.993968
91353: 0.993969
91354: 0.993969
91355: 0.993969
91356: 0.993969
91357: 0.993969
91358: 0.993969
91359: 0.993969
91360: 0.993969
91361: 0.993969
91362: 0.993969
91363: 0.993969
91364: 0.993969
91365: 0.993969
91366: 0.993969
91367: 0.993969
91368: 0.99397
91369: 0.99397
91370: 0.99397
91371: 0.99397
91372: 0.99397
91373: 0.99397
91374: 0.99397
91375: 0.99397
91376: 0.99397
91377: 0.99397
91378: 0.99397
91379: 0.99397
91380: 0.99397
91381: 0.99397
91382: 0.99397
91383: 0.99397
91384: 0.993971
91385: 0.993971
91386: 0.993971
91387: 0.993971
91388: 0.993971
91389: 0.993971
91390: 0.993971
91391: 0.993971
91392: 0.993971
91393: 0.993971
91394: 0.993971
91395: 0.993971
91396: 0.993971
91397: 0.993971
91398: 0.993971
91399: 0.993972
91400: 0.993972
91401: 0.993972
91402: 0.993972
91403: 0.993972
91404: 0.993972
91405: 0.993972
91406: 0.993972
91407: 0.993972
91408: 0.993972
91409: 0.993972
91410: 0.993972
91411: 0.993972
91412: 0.993972
91413: 0.993972
91414: 0.993973
91415: 0.993973
91416: 0.993973
91417: 0.993973
91418: 0.993973
91419: 0.993973
91420: 0.993973
91421: 0.993973
91422: 0.993973
91423: 0.993973
91424: 0.993973
91425: 0.993973
91426: 0.993973
91427: 0.993973
91428: 0.993973
91429: 0.993974
91430: 0.993974
91431: 0.993974
91432: 0.993974
91433: 0.993974
91434: 0.993974
91435: 0.993974
91436: 0.993974
91437: 0.993974
91438: 0.993974
91439: 0.993974
91440: 0.993974
91441: 0.993974
91442: 0.993974
91443: 0.993974
91444: 0.993975
91445: 0.993975
91446: 0.993975
91447: 0.993975
91448: 0.993975
91449: 0.993975
91450: 0.993975
91451: 0.993975
91452: 0.993975
91453: 0.993975
91454: 0.993975
91455: 0.993975
91456: 0.993975
91457: 0.993975
91458: 0.993975
91459: 0.993976
91460: 0.993976
91461: 0.993976
91462: 0.993976
91463: 0.993976
91464: 0.993976
91465: 0.993976
91466: 0.993976
91467: 0.993976
91468: 0.993976
91469: 0.993976
91470: 0.993976
91471: 0.993976
91472: 0.993976
91473: 0.993976
91474: 0.993976
91475: 0.993977
91476: 0.993977
91477: 0.993977
91478: 0.993977
91479: 0.993977
91480: 0.993977
91481: 0.993977
91482: 0.993977
91483: 0.993977
91484: 0.993977
91485: 0.993977
91486: 0.993977
91487: 0.993977
91488: 0.993977
91489: 0.993977
91490: 0.993978
91491: 0.993978
91492: 0.993978
91493: 0.993978
91494: 0.993978
91495: 0.993978
91496: 0.993978
91497: 0.993978
91498: 0.993978
91499: 0.993978
91500: 0.993978
91501: 0.993978
91502: 0.993978
91503: 0.993978
91504: 0.993978
91505: 0.993979
91506: 0.993979
91507: 0.993979
91508: 0.993979
91509: 0.993979
91510: 0.993979
91511: 0.993979
91512: 0.993979
91513: 0.993979
91514: 0.993979
91515: 0.993979
91516: 0.993979
91517: 0.993979
91518: 0.993979
91519: 0.993979
91520: 0.99398
91521: 0.99398
91522: 0.99398
91523: 0.99398
91524: 0.99398
91525: 0.99398
91526: 0.99398
91527: 0.99398
91528: 0.99398
91529: 0.99398
91530: 0.99398
91531: 0.99398
91532: 0.99398
91533: 0.99398
91534: 0.99398
91535: 0.993981
91536: 0.993981
91537: 0.993981
91538: 0.993981
91539: 0.993981
91540: 0.993981
91541: 0.993981
91542: 0.993981
91543: 0.993981
91544: 0.993981
91545: 0.993981
91546: 0.993981
91547: 0.993981
91548: 0.993981
91549: 0.993981
91550: 0.993981
91551: 0.993982
91552: 0.993982
91553: 0.993982
91554: 0.993982
91555: 0.993982
91556: 0.993982
91557: 0.993982
91558: 0.993982
91559: 0.993982
91560: 0.993982
91561: 0.993982
91562: 0.993982
91563: 0.993982
91564: 0.993982
91565: 0.993982
91566: 0.993983
91567: 0.993983
91568: 0.993983
91569: 0.993983
91570: 0.993983
91571: 0.993983
91572: 0.993983
91573: 0.993983
91574: 0.993983
91575: 0.993983
91576: 0.993983
91577: 0.993983
91578: 0.993983
91579: 0.993983
91580: 0.993983
91581: 0.993984
91582: 0.993984
91583: 0.993984
91584: 0.993984
91585: 0.993984
91586: 0.993984
91587: 0.993984
91588: 0.993984
91589: 0.993984
91590: 0.993984
91591: 0.993984
91592: 0.993984
91593: 0.993984
91594: 0.993984
91595: 0.993984
91596: 0.993985
91597: 0.993985
91598: 0.993985
91599: 0.993985
91600: 0.993985
91601: 0.993985
91602: 0.993985
91603: 0.993985
91604: 0.993985
91605: 0.993985
91606: 0.993985
91607: 0.993985
91608: 0.993985
91609: 0.993985
91610: 0.993985
91611: 0.993986
91612: 0.993986
91613: 0.993986
91614: 0.993986
91615: 0.993986
91616: 0.993986
91617: 0.993986
91618: 0.993986
91619: 0.993986
91620: 0.993986
91621: 0.993986
91622: 0.993986
91623: 0.993986
91624: 0.993986
91625: 0.993986
91626: 0.993986
91627: 0.993987
91628: 0.993987
91629: 0.993987
91630: 0.993987
91631: 0.993987
91632: 0.993987
91633: 0.993987
91634: 0.993987
91635: 0.993987
91636: 0.993987
91637: 0.993987
91638: 0.993987
91639: 0.993987
91640: 0.993987
91641: 0.993987
91642: 0.993988
91643: 0.993988
91644: 0.993988
91645: 0.993988
91646: 0.993988
91647: 0.993988
91648: 0.993988
91649: 0.993988
91650: 0.993988
91651: 0.993988
91652: 0.993988
91653: 0.993988
91654: 0.993988
91655: 0.993988
91656: 0.993988
91657: 0.993989
91658: 0.993989
91659: 0.993989
91660: 0.993989
91661: 0.993989
91662: 0.993989
91663: 0.993989
91664: 0.993989
91665: 0.993978
91666: 0.993978
91667: 0.993978
91668: 0.993978
91669: 0.993978
91670: 0.993978
91671: 0.993979
91672: 0.993979
91673: 0.993979
91674: 0.993979
91675: 0.993968
91676: 0.993968
91677: 0.993968
91678: 0.993968
91679: 0.993968
91680: 0.993968
91681: 0.993968
91682: 0.993968
91683: 0.993968
91684: 0.993968
91685: 0.993969
91686: 0.993969
91687: 0.993969
91688: 0.993969
91689: 0.993969
91690: 0.993969
91691: 0.993969
91692: 0.993969
91693: 0.993969
91694: 0.993969
91695: 0.993969
91696: 0.993969
91697: 0.993969
91698: 0.993969
91699: 0.993969
91700: 0.99397
91701: 0.99397
91702: 0.99397
91703: 0.99397
91704: 0.99397
91705: 0.99397
91706: 0.99397
91707: 0.99397
91708: 0.99397
91709: 0.99397
91710: 0.99397
91711: 0.99397
91712: 0.99397
91713: 0.99397
91714: 0.99397
91715: 0.993971
91716: 0.993971
91717: 0.993971
91718: 0.993971
91719: 0.993971
91720: 0.993971
91721: 0.993971
91722: 0.993971
91723: 0.993971
91724: 0.993971
91725: 0.993971
91726: 0.993971
91727: 0.993971
91728: 0.993971
91729: 0.993971
91730: 0.993972
91731: 0.993972
91732: 0.993972
91733: 0.993972
91734: 0.993972
91735: 0.993961
91736: 0.993961
91737: 0.993961
91738: 0.993961
91739: 0.993961
91740: 0.993961
91741: 0.993961
91742: 0.993961
91743: 0.993961
91744: 0.993962
91745: 0.993962
91746: 0.993962
91747: 0.993962
91748: 0.993962
91749: 0.993962
91750: 0.993962
91751: 0.993962
91752: 0.993962
91753: 0.993962
91754: 0.993962
91755: 0.993962
91756: 0.993962
91757: 0.993962
91758: 0.993962
91759: 0.993963
91760: 0.993963
91761: 0.993963
91762: 0.993963
91763: 0.993963
91764: 0.993963
91765: 0.993963
91766: 0.993963
91767: 0.993963
91768: 0.993963
91769: 0.993963
91770: 0.993963
91771: 0.993963
91772: 0.993963
91773: 0.993963
91774: 0.993963
91775: 0.993964
91776: 0.993964
91777: 0.993964
91778: 0.993964
91779: 0.993964
91780: 0.993964
91781: 0.993964
91782: 0.993964
91783: 0.993964
91784: 0.993964
91785: 0.993964
91786: 0.993964
91787: 0.993964
91788: 0.993964
91789: 0.993964
91790: 0.993965
91791: 0.993965
91792: 0.993965
91793: 0.993965
91794: 0.993965
91795: 0.993965
91796: 0.993965
91797: 0.993965
91798: 0.993965
91799: 0.993965
91800: 0.993965
91801: 0.993965
91802: 0.993965
91803: 0.993965
91804: 0.993965
91805: 0.993966
91806: 0.993966
91807: 0.993966
91808: 0.993966
91809: 0.993966
91810: 0.993966
91811: 0.993966
91812: 0.993966
91813: 0.993966
91814: 0.993966
91815: 0.993966
91816: 0.993966
91817: 0.993966
91818: 0.993966
91819: 0.993966
91820: 0.993967
91821: 0.993967
91822: 0.993967
91823: 0.993967
91824: 0.993967
91825: 0.993967
91826: 0.993967
91827: 0.993967
91828: 0.993967
91829: 0.993967
91830: 0.993967
91831: 0.993967
91832: 0.993967
91833: 0.993967
91834: 0.993967
91835: 0.993968
91836: 0.993968
91837: 0.993968
91838: 0.993968
91839: 0.993968
91840: 0.993968
91841: 0.993968
91842: 0.993968
91843: 0.993968
91844: 0.993968
91845: 0.993968
91846: 0.993968
91847: 0.993968
91848: 0.993968
91849: 0.993968
91850: 0.993968
91851: 0.993969
91852: 0.993969
91853: 0.993969
91854: 0.993969
91855: 0.993969
91856: 0.993969
91857: 0.993969
91858: 0.993969
91859: 0.993969
91860: 0.993969
91861: 0.993969
91862: 0.993969
91863: 0.993969
91864: 0.993969
91865: 0.993969
91866: 0.99397
91867: 0.99397
91868: 0.99397
91869: 0.99397
91870: 0.99397
91871: 0.99397
91872: 0.99397
91873: 0.99397
91874: 0.99397
91875: 0.99397
91876: 0.99397
91877: 0.99397
91878: 0.99397
91879: 0.99397
91880: 0.99397
91881: 0.993971
91882: 0.993971
91883: 0.993971
91884: 0.993971
91885: 0.993971
91886: 0.993971
91887: 0.993971
91888: 0.993971
91889: 0.993971
91890: 0.993971
91891: 0.993971
91892: 0.993971
91893: 0.993971
91894: 0.993971
91895: 0.993971
91896: 0.993972
91897: 0.993972
91898: 0.993972
91899: 0.993972
91900: 0.993972
91901: 0.993972
91902: 0.993972
91903: 0.993972
91904: 0.993972
91905: 0.993972
91906: 0.993972
91907: 0.993972
91908: 0.993972
91909: 0.993972
91910: 0.993972
91911: 0.993972
91912: 0.993973
91913: 0.993973
91914: 0.993973
91915: 0.993973
91916: 0.993973
91917: 0.993973
91918: 0.993973
91919: 0.993973
91920: 0.993973
91921: 0.993973
91922: 0.993973
91923: 0.993973
91924: 0.993973
91925: 0.993973
91926: 0.993973
91927: 0.993974
91928: 0.993974
91929: 0.993974
91930: 0.993974
91931: 0.993974
91932: 0.993974
91933: 0.993974
91934: 0.993974
91935: 0.993974
91936: 0.993974
91937: 0.993974
91938: 0.993974
91939: 0.993974
91940: 0.993974
91941: 0.993974
91942: 0.993975
91943: 0.993975
91944: 0.993975
91945: 0.993975
91946: 0.993975
91947: 0.993975
91948: 0.993975
91949: 0.993975
91950: 0.993975
91951: 0.993975
91952: 0.993975
91953: 0.993975
91954: 0.993975
91955: 0.993975
91956: 0.993975
91957: 0.993976
91958: 0.993976
91959: 0.993976
91960: 0.993976
91961: 0.993976
91962: 0.993976
91963: 0.993976
91964: 0.993976
91965: 0.993976
91966: 0.993976
91967: 0.993976
91968: 0.993976
91969: 0.993976
91970: 0.993976
91971: 0.993976
91972: 0.993976
91973: 0.993977
91974: 0.993977
91975: 0.993977
91976: 0.993977
91977: 0.993977
91978: 0.993977
91979: 0.993977
91980: 0.993977
91981: 0.993977
91982: 0.993977
91983: 0.993977
91984: 0.993977
91985: 0.993977
91986: 0.993977
91987: 0.993977
91988: 0.993978
91989: 0.993978
91990: 0.993978
91991: 0.993978
91992: 0.993978
91993: 0.993978
91994: 0.993978
91995: 0.993978
91996: 0.993978
91997: 0.993978
91998: 0.993978
91999: 0.993978
92000: 0.993978
92001: 0.993978
92002: 0.993978
92003: 0.993979
92004: 0.993979
92005: 0.993979
92006: 0.993979
92007: 0.993979
92008: 0.993979
92009: 0.993979
92010: 0.993979
92011: 0.993979
92012: 0.993979
92013: 0.993979
92014: 0.993979
92015: 0.993979
92016: 0.993979
92017: 0.993979
92018: 0.99398
92019: 0.99398
92020: 0.99398
92021: 0.99398
92022: 0.99398
92023: 0.99398
92024: 0.99398
92025: 0.99398
92026: 0.99398
92027: 0.99398
92028: 0.99398
92029: 0.99398
92030: 0.99398
92031: 0.993969
92032: 0.993959
92033: 0.993959
92034: 0.993959
92035: 0.993959
92036: 0.993959
92037: 0.993959
92038: 0.993959
92039: 0.993959
92040: 0.993959
92041: 0.993959
92042: 0.993959
92043: 0.993959
92044: 0.993959
92045: 0.99396
92046: 0.99396
92047: 0.99396
92048: 0.99396
92049: 0.99396
92050: 0.99396
92051: 0.99396
92052: 0.99396
92053: 0.99396
92054: 0.99396
92055: 0.99396
92056: 0.99396
92057: 0.99396
92058: 0.99396
92059: 0.99396
92060: 0.993961
92061: 0.993961
92062: 0.993961
92063: 0.993961
92064: 0.993961
92065: 0.993961
92066: 0.993961
92067: 0.993961
92068: 0.993961
92069: 0.993961
92070: 0.993961
92071: 0.993961
92072: 0.993961
92073: 0.993961
92074: 0.993961
92075: 0.993962
92076: 0.993962
92077: 0.993962
92078: 0.993962
92079: 0.993962
92080: 0.993962
92081: 0.993962
92082: 0.993962
92083: 0.993962
92084: 0.993962
92085: 0.993962
92086: 0.993962
92087: 0.993962
92088: 0.993962
92089: 0.993962
92090: 0.993962
92091: 0.993963
92092: 0.993963
92093: 0.993963
92094: 0.993963
92095: 0.993963
92096: 0.993963
92097: 0.993963
92098: 0.993963
92099: 0.993963
92100: 0.993963
92101: 0.993963
92102: 0.993963
92103: 0.993963
92104: 0.993963
92105: 0.993963
92106: 0.993964
92107: 0.993964
92108: 0.993964
92109: 0.993964
92110: 0.993964
92111: 0.993964
92112: 0.993964
92113: 0.993964
92114: 0.993964
92115: 0.993964
92116: 0.993964
92117: 0.993964
92118: 0.993964
92119: 0.993964
92120: 0.993964
92121: 0.993965
92122: 0.993965
92123: 0.993965
92124: 0.993965
92125: 0.993965
92126: 0.993965
92127: 0.993965
92128: 0.993965
92129: 0.993965
92130: 0.993965
92131: 0.993965
92132: 0.993965
92133: 0.993965
92134: 0.993965
92135: 0.993965
92136: 0.993966
92137: 0.993966
92138: 0.993966
92139: 0.993966
92140: 0.993966
92141: 0.993966
92142: 0.993966
92143: 0.993966
92144: 0.993966
92145: 0.993966
92146: 0.993966
92147: 0.993966
92148: 0.993966
92149: 0.993966
92150: 0.993966
92151: 0.993966
92152: 0.993967
92153: 0.993967
92154: 0.993967
92155: 0.993967
92156: 0.993967
92157: 0.993967
92158: 0.993967
92159: 0.993967
92160: 0.993967
92161: 0.993967
92162: 0.993967
92163: 0.993967
92164: 0.993967
92165: 0.993967
92166: 0.993967
92167: 0.993968
92168: 0.993968
92169: 0.993968
92170: 0.993968
92171: 0.993968
92172: 0.993968
92173: 0.993968
92174: 0.993968
92175: 0.993968
92176: 0.993968
92177: 0.993968
92178: 0.993968
92179: 0.993968
92180: 0.993968
92181: 0.993968
92182: 0.993969
92183: 0.993969
92184: 0.993969
92185: 0.993969
92186: 0.993969
92187: 0.993969
92188: 0.993969
92189: 0.993969
92190: 0.993969
92191: 0.993969
92192: 0.993969
92193: 0.993969
92194: 0.993969
92195: 0.993969
92196: 0.993969
92197: 0.99397
92198: 0.99397
92199: 0.99397
92200: 0.99397
92201: 0.99397
92202: 0.99397
92203: 0.99397
92204: 0.99397
92205: 0.99397
92206: 0.99397
92207: 0.99397
92208: 0.99397
92209: 0.99397
92210: 0.99397
92211: 0.99397
92212: 0.99397
92213: 0.993971
92214: 0.993971
92215: 0.993971
92216: 0.993971
92217: 0.993971
92218: 0.993971
92219: 0.993971
92220: 0.993971
92221: 0.993971
92222: 0.993971
92223: 0.993971
92224: 0.993971
92225: 0.993971
92226: 0.993971
92227: 0.993971
92228: 0.993972
92229: 0.993972
92230: 0.993972
92231: 0.993972
92232: 0.993972
92233: 0.993972
92234: 0.993972
92235: 0.993972
92236: 0.993972
92237: 0.993972
92238: 0.993972
92239: 0.993972
92240: 0.993972
92241: 0.993972
92242: 0.993972
92243: 0.993973
92244: 0.993973
92245: 0.993973
92246: 0.993973
92247: 0.993973
92248: 0.993973
92249: 0.993973
92250: 0.993973
92251: 0.993973
92252: 0.993973
92253: 0.993973
92254: 0.993973
92255: 0.993973
92256: 0.993973
92257: 0.993973
92258: 0.993973
92259: 0.993974
92260: 0.993974
92261: 0.993974
92262: 0.993974
92263: 0.993974
92264: 0.993974
92265: 0.993974
92266: 0.993974
92267: 0.993974
92268: 0.993974
92269: 0.993974
92270: 0.993974
92271: 0.993974
92272: 0.993974
92273: 0.993974
92274: 0.993975
92275: 0.993975
92276: 0.993975
92277: 0.993975
92278: 0.993975
92279: 0.993975
92280: 0.993975
92281: 0.993975
92282: 0.993975
92283: 0.993975
92284: 0.993975
92285: 0.993975
92286: 0.993975
92287: 0.993975
92288: 0.993975
92289: 0.993976
92290: 0.993976
92291: 0.993976
92292: 0.993976
92293: 0.993976
92294: 0.993976
92295: 0.993976
92296: 0.993976
92297: 0.993976
92298: 0.993976
92299: 0.993976
92300: 0.993976
92301: 0.993976
92302: 0.993976
92303: 0.993976
92304: 0.993976
92305: 0.993977
92306: 0.993977
92307: 0.993977
92308: 0.993977
92309: 0.993977
92310: 0.993977
92311: 0.993977
92312: 0.993977
92313: 0.993977
92314: 0.993977
92315: 0.993977
92316: 0.993977
92317: 0.993977
92318: 0.993977
92319: 0.993977
92320: 0.993978
92321: 0.993978
92322: 0.993978
92323: 0.993978
92324: 0.993978
92325: 0.993978
92326: 0.993978
92327: 0.993978
92328: 0.993978
92329: 0.993978
92330: 0.993978
92331: 0.993978
92332: 0.993978
92333: 0.993978
92334: 0.993978
92335: 0.993979
92336: 0.993979
92337: 0.993979
92338: 0.993979
92339: 0.993979
92340: 0.993979
92341: 0.993979
92342: 0.993979
92343: 0.993979
92344: 0.993979
92345: 0.993979
92346: 0.993979
92347: 0.993979
92348: 0.993979
92349: 0.993979
92350: 0.993979
92351: 0.99398
92352: 0.99398
92353: 0.99398
92354: 0.99398
92355: 0.99398
92356: 0.99398
92357: 0.99398
92358: 0.99398
92359: 0.99398
92360: 0.99398
92361: 0.99398
92362: 0.99398
92363: 0.99398
92364: 0.99398
92365: 0.99398
92366: 0.993981
92367: 0.993981
92368: 0.993981
92369: 0.993981
92370: 0.993981
92371: 0.993981
92372: 0.993981
92373: 0.993981
92374: 0.993981
92375: 0.993981
92376: 0.993981
92377: 0.993981
92378: 0.993981
92379: 0.993981
92380: 0.993981
92381: 0.993982
92382: 0.993982
92383: 0.993982
92384: 0.993982
92385: 0.993982
92386: 0.993982
92387: 0.993982
92388: 0.993982
92389: 0.993982
92390: 0.993982
92391: 0.993982
92392: 0.993982
92393: 0.993982
92394: 0.993982
92395: 0.993982
92396: 0.993982
92397: 0.993983
92398: 0.993983
92399: 0.993983
92400: 0.993983
92401: 0.993983
92402: 0.993983
92403: 0.993983
92404: 0.993983
92405: 0.993983
92406: 0.993983
92407: 0.993983
92408: 0.993983
92409: 0.993983
92410: 0.993983
92411: 0.993983
92412: 0.993984
92413: 0.993984
92414: 0.993984
92415: 0.993984
92416: 0.993984
92417: 0.993984
92418: 0.993984
92419: 0.993984
92420: 0.993984
92421: 0.993984
92422: 0.993984
92423: 0.993984
92424: 0.993984
92425: 0.993984
92426: 0.993984
92427: 0.993985
92428: 0.993985
92429: 0.993985
92430: 0.993985
92431: 0.993985
92432: 0.993985
92433: 0.993985
92434: 0.993985
92435: 0.993985
92436: 0.993985
92437: 0.993985
92438: 0.993985
92439: 0.993985
92440: 0.993985
92441: 0.993985
92442: 0.993985
92443: 0.993986
92444: 0.993986
92445: 0.993986
92446: 0.993986
92447: 0.993986
92448: 0.993986
92449: 0.993986
92450: 0.993986
92451: 0.993986
92452: 0.993986
92453: 0.993986
92454: 0.993986
92455: 0.993986
92456: 0.993986
92457: 0.993986
92458: 0.993987
92459: 0.993987
92460: 0.993987
92461: 0.993987
92462: 0.993987
92463: 0.993987
92464: 0.993987
92465: 0.993987
92466: 0.993987
92467: 0.993987
92468: 0.993987
92469: 0.993987
92470: 0.993987
92471: 0.993987
92472: 0.993987
92473: 0.993987
92474: 0.993988
92475: 0.993988
92476: 0.993988
92477: 0.993988
92478: 0.993988
92479: 0.993988
92480: 0.993988
92481: 0.993988
92482: 0.993988
92483: 0.993988
92484: 0.993988
92485: 0.993988
92486: 0.993988
92487: 0.993988
92488: 0.993988
92489: 0.993989
92490: 0.993989
92491: 0.993989
92492: 0.993989
92493: 0.993989
92494: 0.993989
92495: 0.993989
92496: 0.993989
92497: 0.993989
92498: 0.993989
92499: 0.993989
92500: 0.993989
92501: 0.993989
92502: 0.993989
92503: 0.993989
92504: 0.99399
92505: 0.99399
92506: 0.99399
92507: 0.99399
92508: 0.99399
92509: 0.99399
92510: 0.99399
92511: 0.99399
92512: 0.99399
92513: 0.99399
92514: 0.99399
92515: 0.99399
92516: 0.99399
92517: 0.99399
92518: 0.99399
92519: 0.99399
92520: 0.993991
92521: 0.993991
92522: 0.993991
92523: 0.993991
92524: 0.993991
92525: 0.993991
92526: 0.993991
92527: 0.993991
92528: 0.993991
92529: 0.993991
92530: 0.993991
92531: 0.993991
92532: 0.993991
92533: 0.993991
92534: 0.993991
92535: 0.993992
92536: 0.993992
92537: 0.993992
92538: 0.993992
92539: 0.993992
92540: 0.993992
92541: 0.993992
92542: 0.993992
92543: 0.993992
92544: 0.993992
92545: 0.993992
92546: 0.993992
92547: 0.993992
92548: 0.993992
92549: 0.993992
92550: 0.993993
92551: 0.993993
92552: 0.993993
92553: 0.993993
92554: 0.993993
92555: 0.993993
92556: 0.993993
92557: 0.993993
92558: 0.993993
92559: 0.993993
92560: 0.993993
92561: 0.993993
92562: 0.993993
92563: 0.993993
92564: 0.993993
92565: 0.993993
92566: 0.993994
92567: 0.993994
92568: 0.993994
92569: 0.993994
92570: 0.993994
92571: 0.993994
92572: 0.993994
92573: 0.993994
92574: 0.993994
92575: 0.993994
92576: 0.993994
92577: 0.993994
92578: 0.993994
92579: 0.993994
92580: 0.993994
92581: 0.993995
92582: 0.993995
92583: 0.993995
92584: 0.993995
92585: 0.993995
92586: 0.993995
92587: 0.993995
92588: 0.993995
92589: 0.993995
92590: 0.993995
92591: 0.993995
92592: 0.993995
92593: 0.993995
92594: 0.993995
92595: 0.993995
92596: 0.993995
92597: 0.993996
92598: 0.993996
92599: 0.993996
92600: 0.993996
92601: 0.993996
92602: 0.993996
92603: 0.993996
92604: 0.993996
92605: 0.993996
92606: 0.993996
92607: 0.993996
92608: 0.993996
92609: 0.993996
92610: 0.993996
92611: 0.993996
92612: 0.993997
92613: 0.993997
92614: 0.993997
92615: 0.993997
92616: 0.993997
92617: 0.993997
92618: 0.993997
92619: 0.993997
92620: 0.993997
92621: 0.993997
92622: 0.993997
92623: 0.993997
92624: 0.993997
92625: 0.993997
92626: 0.993997
92627: 0.993997
92628: 0.993998
92629: 0.993998
92630: 0.993998
92631: 0.993998
92632: 0.993998
92633: 0.993998
92634: 0.993998
92635: 0.993998
92636: 0.993998
92637: 0.993998
92638: 0.993998
92639: 0.993998
92640: 0.993998
92641: 0.993998
92642: 0.993998
92643: 0.993999
92644: 0.993999
92645: 0.993999
92646: 0.993999
92647: 0.993999
92648: 0.993988
92649: 0.993988
92650: 0.993988
92651: 0.993988
92652: 0.993988
92653: 0.993988
92654: 0.993988
92655: 0.993989
92656: 0.993989
92657: 0.993989
92658: 0.993989
92659: 0.993989
92660: 0.993989
92661: 0.993989
92662: 0.993989
92663: 0.993989
92664: 0.993989
92665: 0.993989
92666: 0.993989
92667: 0.993989
92668: 0.993989
92669: 0.993989
92670: 0.993989
92671: 0.99399
92672: 0.99399
92673: 0.99399
92674: 0.99399
92675: 0.99399
92676: 0.99399
92677: 0.99399
92678: 0.99399
92679: 0.99399
92680: 0.99399
92681: 0.99399
92682: 0.99399
92683: 0.99399
92684: 0.99399
92685: 0.99399
92686: 0.993991
92687: 0.993991
92688: 0.993991
92689: 0.993991
92690: 0.993991
92691: 0.993991
92692: 0.993991
92693: 0.993991
92694: 0.993991
92695: 0.993991
92696: 0.993991
92697: 0.993991
92698: 0.993991
92699: 0.993991
92700: 0.993991
92701: 0.993991
92702: 0.993992
92703: 0.993992
92704: 0.993992
92705: 0.993992
92706: 0.993992
92707: 0.993992
92708: 0.993992
92709: 0.993992
92710: 0.993992
92711: 0.993992
92712: 0.993992
92713: 0.993992
92714: 0.993992
92715: 0.993992
92716: 0.993992
92717: 0.993993
92718: 0.993993
92719: 0.993993
92720: 0.993993
92721: 0.993993
92722: 0.993993
92723: 0.993993
92724: 0.993993
92725: 0.993993
92726: 0.993993
92727: 0.993993
92728: 0.993993
92729: 0.993993
92730: 0.993993
92731: 0.993993
92732: 0.993994
92733: 0.993994
92734: 0.993994
92735: 0.993994
92736: 0.993994
92737: 0.993994
92738: 0.993994
92739: 0.993994
92740: 0.993994
92741: 0.993994
92742: 0.993994
92743: 0.993994
92744: 0.993994
92745: 0.993994
92746: 0.993994
92747: 0.993994
92748: 0.993995
92749: 0.993995
92750: 0.993995
92751: 0.993995
92752: 0.993995
92753: 0.993995
92754: 0.993995
92755: 0.993995
92756: 0.993995
92757: 0.993995
92758: 0.993995
92759: 0.993995
92760: 0.993995
92761: 0.993995
92762: 0.993995
92763: 0.993996
92764: 0.993996
92765: 0.993996
92766: 0.993996
92767: 0.993996
92768: 0.993996
92769: 0.993996
92770: 0.993996
92771: 0.993996
92772: 0.993996
92773: 0.993996
92774: 0.993996
92775: 0.993996
92776: 0.993996
92777: 0.993996
92778: 0.993996
92779: 0.993997
92780: 0.993997
92781: 0.993997
92782: 0.993997
92783: 0.993997
92784: 0.993997
92785: 0.993997
92786: 0.993997
92787: 0.993997
92788: 0.993997
92789: 0.993997
92790: 0.993997
92791: 0.993997
92792: 0.993997
92793: 0.993997
92794: 0.993998
92795: 0.993998
92796: 0.993998
92797: 0.993998
92798: 0.993998
92799: 0.993998
92800: 0.993998
92801: 0.993998
92802: 0.993998
92803: 0.993998
92804: 0.993998
92805: 0.993998
92806: 0.993998
92807: 0.993998
92808: 0.993998
92809: 0.993998
92810: 0.993999
92811: 0.993999
92812: 0.993999
92813: 0.993999
92814: 0.993999
92815: 0.993999
92816: 0.993999
92817: 0.993999
92818: 0.993999
92819: 0.993999
92820: 0.993999
92821: 0.993999
92822: 0.993999
92823: 0.993999
92824: 0.993999
92825: 0.994
92826: 0.994
92827: 0.994
92828: 0.994
92829: 0.994
92830: 0.994
92831: 0.994
92832: 0.994
92833: 0.994
92834: 0.994
92835: 0.994
92836: 0.994
92837: 0.994
92838: 0.994
92839: 0.994
92840: 0.994
92841: 0.994001
92842: 0.994001
92843: 0.994001
92844: 0.994001
92845: 0.994001
92846: 0.994001
92847: 0.994001
92848: 0.994001
92849: 0.994001
92850: 0.994001
92851: 0.994001
92852: 0.994001
92853: 0.994001
92854: 0.994001
92855: 0.994001
92856: 0.994002
92857: 0.994002
92858: 0.994002
92859: 0.994002
92860: 0.994002
92861: 0.994002
92862: 0.994002
92863: 0.994002
92864: 0.994002
92865: 0.994002
92866: 0.994002
92867: 0.994002
92868: 0.993992
92869: 0.993992
92870: 0.993992
92871: 0.993992
92872: 0.993992
92873: 0.993992
92874: 0.993992
92875: 0.993992
92876: 0.993992
92877: 0.993992
92878: 0.993992
92879: 0.993992
92880: 0.993992
92881: 0.993992
92882: 0.993992
92883: 0.993993
92884: 0.993993
92885: 0.993993
92886: 0.993993
92887: 0.993993
92888: 0.993993
92889: 0.993993
92890: 0.993993
92891: 0.993993
92892: 0.993993
92893: 0.993993
92894: 0.993993
92895: 0.993993
92896: 0.993993
92897: 0.993993
92898: 0.993993
92899: 0.993994
92900: 0.993994
92901: 0.993994
92902: 0.993994
92903: 0.993994
92904: 0.993994
92905: 0.993994
92906: 0.993994
92907: 0.993994
92908: 0.993994
92909: 0.993994
92910: 0.993994
92911: 0.993994
92912: 0.993994
92913: 0.993994
92914: 0.993995
92915: 0.993995
92916: 0.993995
92917: 0.993995
92918: 0.993995
92919: 0.993995
92920: 0.993995
92921: 0.993995
92922: 0.993995
92923: 0.993995
92924: 0.993995
92925: 0.993995
92926: 0.993995
92927: 0.993995
92928: 0.993995
92929: 0.993995
92930: 0.993996
92931: 0.993985
92932: 0.993985
92933: 0.993985
92934: 0.993985
92935: 0.993985
92936: 0.993985
92937: 0.993985
92938: 0.993985
92939: 0.993985
92940: 0.993985
92941: 0.993985
92942: 0.993986
92943: 0.993986
92944: 0.993986
92945: 0.993986
92946: 0.993986
92947: 0.993986
92948: 0.993986
92949: 0.993986
92950: 0.993986
92951: 0.993986
92952: 0.993986
92953: 0.993986
92954: 0.993986
92955: 0.993986
92956: 0.993986
92957: 0.993987
92958: 0.993987
92959: 0.993987
92960: 0.993987
92961: 0.993987
92962: 0.993987
92963: 0.993987
92964: 0.993987
92965: 0.993987
92966: 0.993987
92967: 0.993987
92968: 0.993987
92969: 0.993987
92970: 0.993987
92971: 0.993987
92972: 0.993988
92973: 0.993988
92974: 0.993988
92975: 0.993988
92976: 0.993988
92977: 0.993988
92978: 0.993988
92979: 0.993988
92980: 0.993988
92981: 0.993988
92982: 0.993988
92983: 0.993988
92984: 0.993988
92985: 0.993988
92986: 0.993988
92987: 0.993988
92988: 0.993989
92989: 0.993989
92990: 0.993989
92991: 0.993989
92992: 0.993989
92993: 0.993989
92994: 0.993989
92995: 0.993989
92996: 0.993989
92997: 0.993989
92998: 0.993989
92999: 0.993989
93000: 0.993989
93001: 0.993989
93002: 0.993989
93003: 0.99399
93004: 0.99399
93005: 0.99399
93006: 0.99399
93007: 0.99399
93008: 0.99399
93009: 0.99399
93010: 0.99399
93011: 0.99399
93012: 0.99399
93013: 0.99399
93014: 0.99399
93015: 0.99399
93016: 0.99399
93017: 0.99399
93018: 0.99399
93019: 0.993991
93020: 0.993991
93021: 0.993991
93022: 0.993991
93023: 0.993991
93024: 0.993991
93025: 0.993991
93026: 0.993991
93027: 0.993991
93028: 0.993991
93029: 0.993991
93030: 0.993991
93031: 0.993991
93032: 0.993991
93033: 0.993991
93034: 0.993992
93035: 0.993992
93036: 0.993992
93037: 0.993992
93038: 0.993992
93039: 0.993992
93040: 0.993992
93041: 0.993992
93042: 0.993992
93043: 0.993992
93044: 0.993992
93045: 0.993992
93046: 0.993992
93047: 0.993992
93048: 0.993992
93049: 0.993992
93050: 0.993993
93051: 0.993993
93052: 0.993993
93053: 0.993993
93054: 0.993993
93055: 0.993993
93056: 0.993993
93057: 0.993993
93058: 0.993993
93059: 0.993993
93060: 0.993993
93061: 0.993993
93062: 0.993993
93063: 0.993993
93064: 0.993993
93065: 0.993994
93066: 0.993994
93067: 0.993994
93068: 0.993994
93069: 0.993994
93070: 0.993994
93071: 0.993994
93072: 0.993994
93073: 0.993994
93074: 0.993994
93075: 0.993994
93076: 0.993994
93077: 0.993994
93078: 0.993994
93079: 0.993994
93080: 0.993994
93081: 0.993995
93082: 0.993995
93083: 0.993995
93084: 0.993984
93085: 0.993984
93086: 0.993984
93087: 0.993984
93088: 0.993984
93089: 0.993984
93090: 0.993984
93091: 0.993984
93092: 0.993985
93093: 0.993985
93094: 0.993985
93095: 0.993985
93096: 0.993985
93097: 0.993985
93098: 0.993985
93099: 0.993985
93100: 0.993985
93101: 0.993985
93102: 0.993985
93103: 0.993985
93104: 0.993985
93105: 0.993985
93106: 0.993985
93107: 0.993985
93108: 0.993986
93109: 0.993986
93110: 0.993986
93111: 0.993986
93112: 0.993986
93113: 0.993986
93114: 0.993986
93115: 0.993986
93116: 0.993986
93117: 0.993986
93118: 0.993986
93119: 0.993986
93120: 0.993986
93121: 0.993986
93122: 0.993986
93123: 0.993987
93124: 0.993987
93125: 0.993987
93126: 0.993987
93127: 0.993987
93128: 0.993987
93129: 0.993987
93130: 0.993987
93131: 0.993987
93132: 0.993987
93133: 0.993987
93134: 0.993987
93135: 0.993987
93136: 0.993987
93137: 0.993987
93138: 0.993987
93139: 0.993988
93140: 0.993988
93141: 0.993988
93142: 0.993988
93143: 0.993988
93144: 0.993988
93145: 0.993988
93146: 0.993988
93147: 0.993988
93148: 0.993988
93149: 0.993988
93150: 0.993988
93151: 0.993988
93152: 0.993988
93153: 0.993988
93154: 0.993989
93155: 0.993989
93156: 0.993989
93157: 0.993989
93158: 0.993989
93159: 0.993989
93160: 0.993989
93161: 0.993989
93162: 0.993989
93163: 0.993989
93164: 0.993989
93165: 0.993989
93166: 0.993989
93167: 0.993989
93168: 0.993989
93169: 0.993989
93170: 0.99399
93171: 0.99399
93172: 0.99399
93173: 0.99399
93174: 0.99399
93175: 0.99399
93176: 0.99399
93177: 0.99399
93178: 0.99399
93179: 0.99399
93180: 0.99399
93181: 0.99399
93182: 0.99399
93183: 0.99399
93184: 0.99399
93185: 0.993991
93186: 0.993991
93187: 0.993991
93188: 0.993991
93189: 0.993991
93190: 0.993991
93191: 0.993991
93192: 0.993991
93193: 0.993991
93194: 0.993991
93195: 0.993991
93196: 0.993991
93197: 0.993991
93198: 0.993991
93199: 0.993991
93200: 0.993991
93201: 0.993992
93202: 0.993992
93203: 0.993992
93204: 0.993992
93205: 0.993992
93206: 0.993992
93207: 0.993992
93208: 0.993992
93209: 0.993992
93210: 0.993992
93211: 0.993992
93212: 0.993992
93213: 0.993992
93214: 0.993992
93215: 0.993992
93216: 0.993993
93217: 0.993993
93218: 0.993993
93219: 0.993993
93220: 0.993993
93221: 0.993993
93222: 0.993993
93223: 0.993993
93224: 0.993993
93225: 0.993993
93226: 0.993993
93227: 0.993993
93228: 0.993993
93229: 0.993993
93230: 0.993993
93231: 0.993993
93232: 0.993994
93233: 0.993994
93234: 0.993994
93235: 0.993994
93236: 0.993994
93237: 0.993994
93238: 0.993994
93239: 0.993994
93240: 0.993994
93241: 0.993994
93242: 0.993994
93243: 0.993994
93244: 0.993994
93245: 0.993994
93246: 0.993994
93247: 0.993995
93248: 0.993995
93249: 0.993995
93250: 0.993995
93251: 0.993995
93252: 0.993995
93253: 0.993995
93254: 0.993995
93255: 0.993995
93256: 0.993995
93257: 0.993995
93258: 0.993995
93259: 0.993995
93260: 0.993995
93261: 0.993995
93262: 0.993995
93263: 0.993996
93264: 0.993996
93265: 0.993996
93266: 0.993996
93267: 0.993996
93268: 0.993996
93269: 0.993996
93270: 0.993996
93271: 0.993996
93272: 0.993996
93273: 0.993996
93274: 0.993996
93275: 0.993996
93276: 0.993996
93277: 0.993996
93278: 0.993997
93279: 0.993997
93280: 0.993997
93281: 0.993997
93282: 0.993997
93283: 0.993997
93284: 0.993997
93285: 0.993997
93286: 0.993997
93287: 0.993997
93288: 0.993997
93289: 0.993997
93290: 0.993997
93291: 0.993997
93292: 0.993997
93293: 0.993997
93294: 0.993998
93295: 0.993998
93296: 0.993998
93297: 0.993998
93298: 0.993998
93299: 0.993998
93300: 0.993998
93301: 0.993998
93302: 0.993998
93303: 0.993998
93304: 0.993998
93305: 0.993998
93306: 0.993998
93307: 0.993998
93308: 0.993998
93309: 0.993998
93310: 0.993999
93311: 0.993999
93312: 0.993999
93313: 0.993999
93314: 0.993999
93315: 0.993999
93316: 0.993999
93317: 0.993988
93318: 0.993988
93319: 0.993988
93320: 0.993988
93321: 0.993989
93322: 0.993989
93323: 0.993989
93324: 0.993989
93325: 0.993989
93326: 0.993989
93327: 0.993989
93328: 0.993989
93329: 0.993989
93330: 0.993989
93331: 0.993989
93332: 0.993989
93333: 0.993989
93334: 0.993989
93335: 0.993989
93336: 0.99399
93337: 0.99399
93338: 0.99399
93339: 0.99399
93340: 0.99399
93341: 0.99399
93342: 0.99399
93343: 0.99399
93344: 0.99399
93345: 0.99399
93346: 0.99399
93347: 0.99399
93348: 0.99399
93349: 0.99399
93350: 0.99399
93351: 0.99399
93352: 0.993991
93353: 0.993991
93354: 0.993991
93355: 0.99398
93356: 0.99398
93357: 0.99398
93358: 0.99398
93359: 0.99398
93360: 0.99398
93361: 0.99398
93362: 0.99398
93363: 0.993981
93364: 0.993981
93365: 0.993981
93366: 0.993981
93367: 0.993981
93368: 0.993981
93369: 0.993981
93370: 0.993981
93371: 0.993981
93372: 0.99397
93373: 0.99397
93374: 0.993971
93375: 0.993971
93376: 0.993971
93377: 0.993971
93378: 0.993971
93379: 0.993971
93380: 0.993971
93381: 0.993971
93382: 0.993971
93383: 0.993971
93384: 0.993971
93385: 0.993971
93386: 0.993971
93387: 0.993971
93388: 0.993971
93389: 0.993972
93390: 0.993972
93391: 0.993972
93392: 0.993972
93393: 0.993972
93394: 0.993972
93395: 0.993972
93396: 0.993972
93397: 0.993972
93398: 0.993972
93399: 0.993972
93400: 0.993972
93401: 0.993972
93402: 0.993972
93403: 0.993972
93404: 0.993972
93405: 0.993973
93406: 0.993973
93407: 0.993973
93408: 0.993973
93409: 0.993973
93410: 0.993973
93411: 0.993973
93412: 0.993973
93413: 0.993973
93414: 0.993973
93415: 0.993973
93416: 0.993973
93417: 0.993973
93418: 0.993973
93419: 0.993973
93420: 0.993974
93421: 0.993974
93422: 0.993974
93423: 0.993974
93424: 0.993974
93425: 0.993974
93426: 0.993974
93427: 0.993974
93428: 0.993974
93429: 0.993974
93430: 0.993974
93431: 0.993974
93432: 0.993974
93433: 0.993974
93434: 0.993974
93435: 0.993974
93436: 0.993975
93437: 0.993975
93438: 0.993975
93439: 0.993975
93440: 0.993975
93441: 0.993975
93442: 0.993975
93443: 0.993975
93444: 0.993975
93445: 0.993975
93446: 0.993975
93447: 0.993975
93448: 0.993975
93449: 0.993975
93450: 0.993975
93451: 0.993976
93452: 0.993976
93453: 0.993976
93454: 0.993976
93455: 0.993976
93456: 0.993976
93457: 0.993976
93458: 0.993976
93459: 0.993976
93460: 0.993976
93461: 0.993976
93462: 0.993976
93463: 0.993976
93464: 0.993976
93465: 0.993976
93466: 0.993976
93467: 0.993977
93468: 0.993977
93469: 0.993977
93470: 0.993977
93471: 0.993977
93472: 0.993977
93473: 0.993977
93474: 0.993977
93475: 0.993977
93476: 0.993977
93477: 0.993977
93478: 0.993977
93479: 0.993977
93480: 0.993977
93481: 0.993977
93482: 0.993978
93483: 0.993978
93484: 0.993978
93485: 0.993978
93486: 0.993978
93487: 0.993978
93488: 0.993978
93489: 0.993978
93490: 0.993978
93491: 0.993978
93492: 0.993978
93493: 0.993978
93494: 0.993978
93495: 0.993978
93496: 0.993978
93497: 0.993978
93498: 0.993979
93499: 0.993979
93500: 0.993979
93501: 0.993979
93502: 0.993979
93503: 0.993979
93504: 0.993979
93505: 0.993979
93506: 0.993979
93507: 0.993979
93508: 0.993979
93509: 0.993979
93510: 0.993979
93511: 0.993979
93512: 0.993979
93513: 0.99398
93514: 0.99398
93515: 0.99398
93516: 0.99398
93517: 0.99398
93518: 0.99398
93519: 0.99398
93520: 0.99398
93521: 0.99398
93522: 0.99398
93523: 0.99398
93524: 0.99398
93525: 0.99398
93526: 0.99398
93527: 0.99398
93528: 0.99398
93529: 0.993981
93530: 0.993981
93531: 0.993981
93532: 0.993981
93533: 0.993981
93534: 0.993981
93535: 0.993981
93536: 0.993981
93537: 0.993981
93538: 0.993981
93539: 0.993981
93540: 0.993981
93541: 0.993981
93542: 0.993981
93543: 0.993981
93544: 0.993982
93545: 0.993982
93546: 0.993982
93547: 0.993982
93548: 0.993982
93549: 0.993982
93550: 0.993982
93551: 0.993982
93552: 0.993982
93553: 0.993982
93554: 0.993982
93555: 0.993982
93556: 0.993982
93557: 0.993982
93558: 0.993982
93559: 0.993982
93560: 0.993983
93561: 0.993983
93562: 0.993983
93563: 0.993983
93564: 0.993983
93565: 0.993983
93566: 0.993983
93567: 0.993983
93568: 0.993983
93569: 0.993983
93570: 0.993983
93571: 0.993983
93572: 0.993983
93573: 0.993983
93574: 0.993983
93575: 0.993984
93576: 0.993984
93577: 0.993984
93578: 0.993984
93579: 0.993984
93580: 0.993984
93581: 0.993984
93582: 0.993984
93583: 0.993984
93584: 0.993984
93585: 0.993984
93586: 0.993984
93587: 0.993984
93588: 0.993984
93589: 0.993984
93590: 0.993984
93591: 0.993985
93592: 0.993985
93593: 0.993985
93594: 0.993985
93595: 0.993985
93596: 0.993985
93597: 0.993985
93598: 0.993985
93599: 0.993985
93600: 0.993985
93601: 0.993985
93602: 0.993985
93603: 0.993985
93604: 0.993985
93605: 0.993985
93606: 0.993985
93607: 0.993986
93608: 0.993986
93609: 0.993986
93610: 0.993986
93611: 0.993986
93612: 0.993986
93613: 0.993986
93614: 0.993986
93615: 0.993986
93616: 0.993986
93617: 0.993986
93618: 0.993986
93619: 0.993986
93620: 0.993986
93621: 0.993986
93622: 0.993987
93623: 0.993987
93624: 0.993987
93625: 0.993987
93626: 0.993987
93627: 0.993987
93628: 0.993987
93629: 0.993987
93630: 0.993987
93631: 0.993987
93632: 0.993987
93633: 0.993987
93634: 0.993987
93635: 0.993987
93636: 0.993987
93637: 0.993987
93638: 0.993988
93639: 0.993988
93640: 0.993988
93641: 0.993988
93642: 0.993988
93643: 0.993988
93644: 0.993988
93645: 0.993988
93646: 0.993977
93647: 0.993977
93648: 0.993978
93649: 0.993978
93650: 0.993978
93651: 0.993978
93652: 0.993978
93653: 0.993978
93654: 0.993978
93655: 0.993978
93656: 0.993978
93657: 0.993978
93658: 0.993978
93659: 0.993978
93660: 0.993978
93661: 0.993978
93662: 0.993978
93663: 0.993978
93664: 0.993979
93665: 0.993979
93666: 0.993979
93667: 0.993979
93668: 0.993979
93669: 0.993979
93670: 0.993979
93671: 0.993979
93672: 0.993979
93673: 0.993979
93674: 0.993979
93675: 0.993979
93676: 0.993979
93677: 0.993979
93678: 0.993979
93679: 0.99398
93680: 0.99398
93681: 0.99398
93682: 0.99398
93683: 0.99398
93684: 0.99398
93685: 0.99398
93686: 0.99398
93687: 0.99398
93688: 0.99398
93689: 0.99398
93690: 0.99398
93691: 0.99398
93692: 0.99398
93693: 0.99398
93694: 0.99398
93695: 0.993981
93696: 0.993981
93697: 0.993981
93698: 0.993981
93699: 0.99397
93700: 0.99397
93701: 0.99397
93702: 0.99397
93703: 0.99397
93704: 0.99397
93705: 0.993971
93706: 0.993971
93707: 0.993971
93708: 0.993971
93709: 0.993971
93710: 0.993971
93711: 0.993971
93712: 0.993971
93713: 0.993971
93714: 0.993971
93715: 0.993971
93716: 0.993971
93717: 0.993971
93718: 0.993971
93719: 0.993971
93720: 0.993971
93721: 0.993972
93722: 0.993972
93723: 0.993972
93724: 0.993972
93725: 0.993972
93726: 0.993972
93727: 0.993972
93728: 0.993972
93729: 0.993972
93730: 0.993972
93731: 0.993972
93732: 0.993972
93733: 0.993972
93734: 0.993972
93735: 0.993972
93736: 0.993972
93737: 0.993973
93738: 0.993973
93739: 0.993973
93740: 0.993973
93741: 0.993973
93742: 0.993973
93743: 0.993973
93744: 0.993973
93745: 0.993973
93746: 0.993973
93747: 0.993973
93748: 0.993973
93749: 0.993973
93750: 0.993973
93751: 0.993973
93752: 0.993974
93753: 0.993974
93754: 0.993974
93755: 0.993974
93756: 0.993974
93757: 0.993974
93758: 0.993974
93759: 0.993974
93760: 0.993974
93761: 0.993974
93762: 0.993974
93763: 0.993974
93764: 0.993974
93765: 0.993974
93766: 0.993974
93767: 0.993974
93768: 0.993975
93769: 0.993975
93770: 0.993975
93771: 0.993975
93772: 0.993975
93773: 0.993975
93774: 0.993975
93775: 0.993975
93776: 0.993975
93777: 0.993975
93778: 0.993975
93779: 0.993975
93780: 0.993975
93781: 0.993975
93782: 0.993975
93783: 0.993976
93784: 0.993976
93785: 0.993976
93786: 0.993976
93787: 0.993976
93788: 0.993976
93789: 0.993976
93790: 0.993976
93791: 0.993976
93792: 0.993976
93793: 0.993976
93794: 0.993976
93795: 0.993976
93796: 0.993976
93797: 0.993976
93798: 0.993976
93799: 0.993977
93800: 0.993977
93801: 0.993977
93802: 0.993977
93803: 0.993977
93804: 0.993977
93805: 0.993977
93806: 0.993977
93807: 0.993977
93808: 0.993977
93809: 0.993977
93810: 0.993977
93811: 0.993977
93812: 0.993977
93813: 0.993977
93814: 0.993978
93815: 0.993978
93816: 0.993978
93817: 0.993978
93818: 0.993978
93819: 0.993978
93820: 0.993978
93821: 0.993978
93822: 0.993978
93823: 0.993978
93824: 0.993978
93825: 0.993978
93826: 0.993978
93827: 0.993978
93828: 0.993978
93829: 0.993978
93830: 0.993979
93831: 0.993979
93832: 0.993979
93833: 0.993979
93834: 0.993979
93835: 0.993979
93836: 0.993979
93837: 0.993979
93838: 0.993979
93839: 0.993979
93840: 0.993979
93841: 0.993979
93842: 0.993979
93843: 0.993979
93844: 0.993979
93845: 0.993979
93846: 0.99398
93847: 0.99398
93848: 0.99398
93849: 0.99398
93850: 0.99398
93851: 0.99398
93852: 0.99398
93853: 0.99398
93854: 0.99398
93855: 0.99398
93856: 0.99398
93857: 0.99398
93858: 0.99398
93859: 0.99398
93860: 0.99398
93861: 0.993981
93862: 0.993981
93863: 0.993981
93864: 0.993981
93865: 0.993981
93866: 0.993981
93867: 0.993981
93868: 0.993981
93869: 0.993981
93870: 0.993981
93871: 0.993981
93872: 0.993981
93873: 0.993981
93874: 0.993981
93875: 0.993981
93876: 0.993981
93877: 0.993982
93878: 0.993982
93879: 0.993982
93880: 0.993982
93881: 0.993982
93882: 0.993982
93883: 0.993982
93884: 0.993982
93885: 0.993982
93886: 0.993982
93887: 0.993982
93888: 0.993982
93889: 0.993982
93890: 0.993982
93891: 0.993982
93892: 0.993983
93893: 0.993983
93894: 0.993983
93895: 0.993983
93896: 0.993983
93897: 0.993983
93898: 0.993983
93899: 0.993983
93900: 0.993983
93901: 0.993983
93902: 0.993983
93903: 0.993983
93904: 0.993983
93905: 0.993983
93906: 0.993983
93907: 0.993983
93908: 0.993984
93909: 0.993984
93910: 0.993984
93911: 0.993984
93912: 0.993984
93913: 0.993984
93914: 0.993984
93915: 0.993984
93916: 0.993984
93917: 0.993984
93918: 0.993984
93919: 0.993984
93920: 0.993984
93921: 0.993984
93922: 0.993984
93923: 0.993984
93924: 0.993985
93925: 0.993985
93926: 0.993985
93927: 0.993985
93928: 0.993985
93929: 0.993985
93930: 0.993985
93931: 0.993985
93932: 0.993985
93933: 0.993985
93934: 0.993985
93935: 0.993985
93936: 0.993985
93937: 0.993985
93938: 0.993985
93939: 0.993986
93940: 0.993986
93941: 0.993986
93942: 0.993986
93943: 0.993986
93944: 0.993986
93945: 0.993986
93946: 0.993986
93947: 0.993986
93948: 0.993986
93949: 0.993986
93950: 0.993986
93951: 0.993986
93952: 0.993986
93953: 0.993986
93954: 0.993986
93955: 0.993987
93956: 0.993987
93957: 0.993987
93958: 0.993987
93959: 0.993987
93960: 0.993987
93961: 0.993987
93962: 0.993987
93963: 0.993987
93964: 0.993976
93965: 0.993966
93966: 0.993966
93967: 0.993966
93968: 0.993966
93969: 0.993966
93970: 0.993966
93971: 0.993966
93972: 0.993966
93973: 0.993966
93974: 0.993966
93975: 0.993967
93976: 0.993967
93977: 0.993967
93978: 0.993967
93979: 0.993967
93980: 0.993967
93981: 0.993967
93982: 0.993967
93983: 0.993967
93984: 0.993967
93985: 0.993967
93986: 0.993967
93987: 0.993967
93988: 0.993967
93989: 0.993967
93990: 0.993968
93991: 0.993968
93992: 0.993968
93993: 0.993968
93994: 0.993968
93995: 0.993968
93996: 0.993968
93997: 0.993968
93998: 0.993968
93999: 0.993968
94000: 0.993968
94001: 0.993968
94002: 0.993968
94003: 0.993968
94004: 0.993968
94005: 0.993968
94006: 0.993969
94007: 0.993969
94008: 0.993969
94009: 0.993969
94010: 0.993969
94011: 0.993969
94012: 0.993969
94013: 0.993969
94014: 0.993969
94015: 0.993969
94016: 0.993969
94017: 0.993969
94018: 0.993969
94019: 0.993969
94020: 0.993969
94021: 0.993969
94022: 0.99397
94023: 0.99397
94024: 0.99397
94025: 0.99397
94026: 0.99397
94027: 0.99397
94028: 0.99397
94029: 0.99397
94030: 0.99397
94031: 0.99397
94032: 0.99397
94033: 0.99397
94034: 0.99397
94035: 0.99397
94036: 0.99397
94037: 0.993971
94038: 0.993971
94039: 0.993971
94040: 0.993971
94041: 0.993971
94042: 0.993971
94043: 0.993971
94044: 0.993971
94045: 0.993971
94046: 0.993971
94047: 0.993971
94048: 0.993971
94049: 0.993971
94050: 0.993971
94051: 0.993971
94052: 0.993971
94053: 0.993972
94054: 0.993972
94055: 0.993972
94056: 0.993972
94057: 0.993972
94058: 0.993972
94059: 0.993972
94060: 0.993972
94061: 0.993972
94062: 0.993972
94063: 0.993972
94064: 0.993972
94065: 0.993972
94066: 0.993972
94067: 0.993972
94068: 0.993973
94069: 0.993973
94070: 0.993973
94071: 0.993973
94072: 0.993973
94073: 0.993973
94074: 0.993973
94075: 0.993973
94076: 0.993973
94077: 0.993973
94078: 0.993973
94079: 0.993973
94080: 0.993973
94081: 0.993973
94082: 0.993973
94083: 0.993973
94084: 0.993974
94085: 0.993974
94086: 0.993974
94087: 0.993974
94088: 0.993974
94089: 0.993974
94090: 0.993974
94091: 0.993974
94092: 0.993974
94093: 0.993974
94094: 0.993974
94095: 0.993974
94096: 0.993974
94097: 0.993974
94098: 0.993974
94099: 0.993974
94100: 0.993975
94101: 0.993975
94102: 0.993975
94103: 0.993975
94104: 0.993975
94105: 0.993975
94106: 0.993975
94107: 0.993975
94108: 0.993975
94109: 0.993975
94110: 0.993975
94111: 0.993975
94112: 0.993975
94113: 0.993975
94114: 0.993975
94115: 0.993976
94116: 0.993976
94117: 0.993976
94118: 0.993976
94119: 0.993976
94120: 0.993976
94121: 0.993976
94122: 0.993976
94123: 0.993976
94124: 0.993976
94125: 0.993976
94126: 0.993976
94127: 0.993976
94128: 0.993976
94129: 0.993976
94130: 0.993976
94131: 0.993977
94132: 0.993977
94133: 0.993977
94134: 0.993977
94135: 0.993977
94136: 0.993977
94137: 0.993977
94138: 0.993977
94139: 0.993977
94140: 0.993977
94141: 0.993977
94142: 0.993977
94143: 0.993977
94144: 0.993977
94145: 0.993977
94146: 0.993978
94147: 0.993978
94148: 0.993978
94149: 0.993978
94150: 0.993978
94151: 0.993978
94152: 0.993978
94153: 0.993978
94154: 0.993978
94155: 0.993978
94156: 0.993978
94157: 0.993978
94158: 0.993978
94159: 0.993978
94160: 0.993978
94161: 0.993978
94162: 0.993979
94163: 0.993979
94164: 0.993979
94165: 0.993979
94166: 0.993979
94167: 0.993979
94168: 0.993979
94169: 0.993979
94170: 0.993979
94171: 0.993979
94172: 0.993979
94173: 0.993979
94174: 0.993979
94175: 0.993979
94176: 0.993979
94177: 0.993979
94178: 0.99398
94179: 0.99398
94180: 0.99398
94181: 0.99398
94182: 0.99398
94183: 0.99398
94184: 0.99398
94185: 0.99398
94186: 0.99398
94187: 0.99398
94188: 0.99398
94189: 0.99398
94190: 0.99398
94191: 0.99398
94192: 0.99398
94193: 0.993981
94194: 0.993981
94195: 0.993981
94196: 0.993981
94197: 0.993981
94198: 0.993981
94199: 0.993981
94200: 0.993981
94201: 0.993981
94202: 0.993981
94203: 0.993981
94204: 0.993981
94205: 0.993981
94206: 0.993981
94207: 0.993981
94208: 0.993981
94209: 0.993982
94210: 0.993982
94211: 0.993982
94212: 0.993982
94213: 0.993982
94214: 0.993982
94215: 0.993982
94216: 0.993982
94217: 0.993982
94218: 0.993982
94219: 0.993982
94220: 0.993982
94221: 0.993982
94222: 0.993982
94223: 0.993982
94224: 0.993982
94225: 0.993983
94226: 0.993983
94227: 0.993983
94228: 0.993983
94229: 0.993983
94230: 0.993983
94231: 0.993983
94232: 0.993983
94233: 0.993983
94234: 0.993983
94235: 0.993983
94236: 0.993983
94237: 0.993983
94238: 0.993983
94239: 0.993983
94240: 0.993984
94241: 0.993984
94242: 0.993984
94243: 0.993984
94244: 0.993984
94245: 0.993984
94246: 0.993984
94247: 0.993984
94248: 0.993984
94249: 0.993984
94250: 0.993984
94251: 0.993984
94252: 0.993984
94253: 0.993984
94254: 0.993984
94255: 0.993984
94256: 0.993985
94257: 0.993985
94258: 0.993985
94259: 0.993985
94260: 0.993985
94261: 0.993985
94262: 0.993985
94263: 0.993985
94264: 0.993985
94265: 0.993985
94266: 0.993985
94267: 0.993985
94268: 0.993985
94269: 0.993985
94270: 0.993985
94271: 0.993985
94272: 0.993986
94273: 0.993986
94274: 0.993986
94275: 0.993986
94276: 0.993975
94277: 0.993975
94278: 0.993975
94279: 0.993975
94280: 0.993975
94281: 0.993976
94282: 0.993976
94283: 0.993976
94284: 0.993976
94285: 0.993976
94286: 0.993976
94287: 0.993976
94288: 0.993976
94289: 0.993976
94290: 0.993976
94291: 0.993976
94292: 0.993976
94293: 0.993976
94294: 0.993976
94295: 0.993976
94296: 0.993976
94297: 0.993977
94298: 0.993977
94299: 0.993977
94300: 0.993977
94301: 0.993977
94302: 0.993977
94303: 0.993977
94304: 0.993977
94305: 0.993977
94306: 0.993977
94307: 0.993977
94308: 0.993977
94309: 0.993977
94310: 0.993977
94311: 0.993977
94312: 0.993978
94313: 0.993978
94314: 0.993978
94315: 0.993978
94316: 0.993978
94317: 0.993978
94318: 0.993978
94319: 0.993978
94320: 0.993978
94321: 0.993978
94322: 0.993978
94323: 0.993978
94324: 0.993978
94325: 0.993978
94326: 0.993978
94327: 0.993978
94328: 0.993979
94329: 0.993979
94330: 0.993979
94331: 0.993979
94332: 0.993979
94333: 0.993979
94334: 0.993979
94335: 0.993979
94336: 0.993979
94337: 0.993979
94338: 0.993979
94339: 0.993979
94340: 0.993979
94341: 0.993979
94342: 0.993979
94343: 0.993979
94344: 0.99398
94345: 0.99398
94346: 0.99398
94347: 0.99398
94348: 0.99398
94349: 0.99398
94350: 0.99398
94351: 0.99398
94352: 0.99398
94353: 0.99398
94354: 0.99398
94355: 0.99398
94356: 0.99398
94357: 0.99398
94358: 0.99398
94359: 0.993981
94360: 0.993981
94361: 0.993981
94362: 0.993981
94363: 0.993981
94364: 0.993981
94365: 0.993981
94366: 0.993981
94367: 0.993981
94368: 0.993981
94369: 0.993981
94370: 0.993981
94371: 0.993981
94372: 0.993981
94373: 0.993981
94374: 0.993981
94375: 0.993982
94376: 0.993982
94377: 0.993982
94378: 0.993982
94379: 0.993982
94380: 0.993982
94381: 0.993982
94382: 0.993982
94383: 0.993982
94384: 0.993982
94385: 0.993982
94386: 0.993982
94387: 0.993982
94388: 0.993982
94389: 0.993982
94390: 0.993982
94391: 0.993983
94392: 0.993983
94393: 0.993983
94394: 0.993983
94395: 0.993983
94396: 0.993983
94397: 0.993983
94398: 0.993983
94399: 0.993983
94400: 0.993983
94401: 0.993983
94402: 0.993983
94403: 0.993983
94404: 0.993983
94405: 0.993983
94406: 0.993983
94407: 0.993984
94408: 0.993984
94409: 0.993984
94410: 0.993984
94411: 0.993984
94412: 0.993984
94413: 0.993984
94414: 0.993984
94415: 0.993984
94416: 0.993984
94417: 0.993984
94418: 0.993984
94419: 0.993984
94420: 0.993984
94421: 0.993984
94422: 0.993985
94423: 0.993985
94424: 0.993985
94425: 0.993985
94426: 0.993985
94427: 0.993985
94428: 0.993985
94429: 0.993985
94430: 0.993985
94431: 0.993985
94432: 0.993985
94433: 0.993985
94434: 0.993985
94435: 0.993985
94436: 0.993985
94437: 0.993985
94438: 0.993986
94439: 0.993986
94440: 0.993986
94441: 0.993986
94442: 0.993986
94443: 0.993986
94444: 0.993986
94445: 0.993986
94446: 0.993986
94447: 0.993986
94448: 0.993986
94449: 0.993986
94450: 0.993986
94451: 0.993986
94452: 0.993986
94453: 0.993986
94454: 0.993987
94455: 0.993987
94456: 0.993987
94457: 0.993987
94458: 0.993987
94459: 0.993987
94460: 0.993976
94461: 0.993976
94462: 0.993976
94463: 0.993977
94464: 0.993977
94465: 0.993977
94466: 0.993977
94467: 0.993977
94468: 0.993977
94469: 0.993977
94470: 0.993977
94471: 0.993977
94472: 0.993977
94473: 0.993977
94474: 0.993977
94475: 0.993977
94476: 0.993977
94477: 0.993977
94478: 0.993977
94479: 0.993978
94480: 0.993978
94481: 0.993978
94482: 0.993978
94483: 0.993978
94484: 0.993978
94485: 0.993978
94486: 0.993978
94487: 0.993978
94488: 0.993978
94489: 0.993978
94490: 0.993978
94491: 0.993978
94492: 0.993978
94493: 0.993978
94494: 0.993979
94495: 0.993979
94496: 0.993979
94497: 0.993979
94498: 0.993979
94499: 0.993979
94500: 0.993979
94501: 0.993979
94502: 0.993979
94503: 0.993979
94504: 0.993979
94505: 0.993979
94506: 0.993979
94507: 0.993979
94508: 0.993979
94509: 0.993979
94510: 0.99398
94511: 0.99398
94512: 0.99398
94513: 0.99398
94514: 0.99398
94515: 0.99398
94516: 0.99398
94517: 0.99398
94518: 0.99398
94519: 0.99398
94520: 0.99398
94521: 0.99398
94522: 0.99398
94523: 0.99398
94524: 0.99398
94525: 0.99398
94526: 0.993981
94527: 0.993981
94528: 0.993981
94529: 0.993981
94530: 0.993981
94531: 0.993981
94532: 0.993981
94533: 0.993981
94534: 0.993981
94535: 0.993981
94536: 0.993981
94537: 0.993981
94538: 0.993981
94539: 0.993981
94540: 0.993981
94541: 0.993982
94542: 0.993982
94543: 0.993982
94544: 0.993982
94545: 0.993982
94546: 0.993982
94547: 0.993982
94548: 0.993982
94549: 0.993982
94550: 0.993982
94551: 0.993982
94552: 0.993982
94553: 0.993982
94554: 0.993982
94555: 0.993982
94556: 0.993982
94557: 0.993983
94558: 0.993983
94559: 0.993983
94560: 0.993983
94561: 0.993983
94562: 0.993983
94563: 0.993983
94564: 0.993983
94565: 0.993983
94566: 0.993983
94567: 0.993983
94568: 0.993983
94569: 0.993983
94570: 0.993983
94571: 0.993983
94572: 0.993983
94573: 0.993984
94574: 0.993984
94575: 0.993984
94576: 0.993984
94577: 0.993984
94578: 0.993984
94579: 0.993984
94580: 0.993984
94581: 0.993984
94582: 0.993984
94583: 0.993984
94584: 0.993984
94585: 0.993984
94586: 0.993984
94587: 0.993984
94588: 0.993985
94589: 0.993985
94590: 0.993985
94591: 0.993985
94592: 0.993985
94593: 0.993985
94594: 0.993985
94595: 0.993985
94596: 0.993985
94597: 0.993985
94598: 0.993985
94599: 0.993985
94600: 0.993985
94601: 0.993985
94602: 0.993985
94603: 0.993985
94604: 0.993986
94605: 0.993986
94606: 0.993986
94607: 0.993986
94608: 0.993986
94609: 0.993986
94610: 0.993986
94611: 0.993986
94612: 0.993986
94613: 0.993986
94614: 0.993986
94615: 0.993986
94616: 0.993986
94617: 0.993986
94618: 0.993986
94619: 0.993986
94620: 0.993987
94621: 0.993987
94622: 0.993987
94623: 0.993987
94624: 0.993987
94625: 0.993987
94626: 0.993987
94627: 0.993987
94628: 0.993987
94629: 0.993987
94630: 0.993987
94631: 0.993987
94632: 0.993987
94633: 0.993987
94634: 0.993987
94635: 0.993987
94636: 0.993988
94637: 0.993988
94638: 0.993988
94639: 0.993988
94640: 0.993988
94641: 0.993988
94642: 0.993988
94643: 0.993988
94644: 0.993988
94645: 0.993988
94646: 0.993988
94647: 0.993988
94648: 0.993988
94649: 0.993988
94650: 0.993988
94651: 0.993989
94652: 0.993989
94653: 0.993989
94654: 0.993989
94655: 0.993989
94656: 0.993989
94657: 0.993989
94658: 0.993989
94659: 0.993989
94660: 0.993989
94661: 0.993989
94662: 0.993989
94663: 0.993989
94664: 0.993989
94665: 0.993989
94666: 0.993989
94667: 0.99399
94668: 0.99399
94669: 0.99399
94670: 0.99399
94671: 0.99399
94672: 0.99399
94673: 0.99399
94674: 0.99399
94675: 0.99399
94676: 0.99399
94677: 0.99399
94678: 0.99399
94679: 0.99399
94680: 0.99399
94681: 0.99399
94682: 0.99399
94683: 0.993991
94684: 0.993991
94685: 0.993991
94686: 0.993991
94687: 0.993991
94688: 0.993991
94689: 0.993991
94690: 0.993991
94691: 0.993991
94692: 0.993991
94693: 0.993991
94694: 0.993991
94695: 0.993991
94696: 0.993991
94697: 0.993991
94698: 0.993991
94699: 0.993992
94700: 0.993992
94701: 0.993992
94702: 0.993992
94703: 0.993992
94704: 0.993992
94705: 0.993992
94706: 0.993992
94707: 0.993992
94708: 0.993992
94709: 0.993992
94710: 0.993992
94711: 0.993992
94712: 0.993992
94713: 0.993992
94714: 0.993993
94715: 0.993993
94716: 0.993993
94717: 0.993993
94718: 0.993993
94719: 0.993993
94720: 0.993993
94721: 0.993993
94722: 0.993993
94723: 0.993993
94724: 0.993993
94725: 0.993993
94726: 0.993993
94727: 0.993993
94728: 0.993993
94729: 0.993993
94730: 0.993994
94731: 0.993994
94732: 0.993994
94733: 0.993994
94734: 0.993994
94735: 0.993994
94736: 0.993994
94737: 0.993994
94738: 0.993994
94739: 0.993994
94740: 0.993994
94741: 0.993994
94742: 0.993994
94743: 0.993994
94744: 0.993994
94745: 0.993994
94746: 0.993995
94747: 0.993995
94748: 0.993995
94749: 0.993995
94750: 0.993995
94751: 0.993995
94752: 0.993995
94753: 0.993995
94754: 0.993995
94755: 0.993995
94756: 0.993995
94757: 0.993995
94758: 0.993995
94759: 0.993995
94760: 0.993995
94761: 0.993995
94762: 0.993996
94763: 0.993996
94764: 0.993996
94765: 0.993996
94766: 0.993996
94767: 0.993996
94768: 0.993996
94769: 0.993996
94770: 0.993996
94771: 0.993996
94772: 0.993996
94773: 0.993996
94774: 0.993996
94775: 0.993996
94776: 0.993996
94777: 0.993996
94778: 0.993997
94779: 0.993997
94780: 0.993997
94781: 0.993997
94782: 0.993997
94783: 0.993997
94784: 0.993997
94785: 0.993997
94786: 0.993997
94787: 0.993997
94788: 0.993997
94789: 0.993997
94790: 0.993997
94791: 0.993997
94792: 0.993997
94793: 0.993998
94794: 0.993998
94795: 0.993998
94796: 0.993998
94797: 0.993998
94798: 0.993998
94799: 0.993998
94800: 0.993998
94801: 0.993998
94802: 0.993998
94803: 0.993998
94804: 0.993998
94805: 0.993998
94806: 0.993998
94807: 0.993998
94808: 0.993998
94809: 0.993999
94810: 0.993999
94811: 0.993999
94812: 0.993999
94813: 0.993999
94814: 0.993999
94815: 0.993999
94816: 0.993999
94817: 0.993999
94818: 0.993999
94819: 0.993999
94820: 0.993999
94821: 0.993999
94822: 0.993999
94823: 0.993999
94824: 0.993999
94825: 0.994
94826: 0.994
94827: 0.994
94828: 0.994
94829: 0.994
94830: 0.994
94831: 0.994
94832: 0.994
94833: 0.994
94834: 0.994
94835: 0.994
94836: 0.994
94837: 0.994
94838: 0.994
94839: 0.994
94840: 0.994
94841: 0.994001
94842: 0.994001
94843: 0.994001
94844: 0.994001
94845: 0.994001
94846: 0.994001
94847: 0.994001
94848: 0.994001
94849: 0.994001
94850: 0.994001
94851: 0.994001
94852: 0.994001
94853: 0.994001
94854: 0.994001
94855: 0.994001
94856: 0.994001
94857: 0.994002
94858: 0.994002
94859: 0.994002
94860: 0.994002
94861: 0.994002
94862: 0.994002
94863: 0.994002
94864: 0.994002
94865: 0.994002
94866: 0.994002
94867: 0.994002
94868: 0.994002
94869: 0.994002
94870: 0.994002
94871: 0.994002
94872: 0.994003
94873: 0.994003
94874: 0.994003
94875: 0.994003
94876: 0.994003
94877: 0.994003
94878: 0.994003
94879: 0.994003
94880: 0.994003
94881: 0.994003
94882: 0.994003
94883: 0.994003
94884: 0.994003
94885: 0.994003
94886: 0.994003
94887: 0.994003
94888: 0.994004
94889: 0.994004
94890: 0.994004
94891: 0.994004
94892: 0.994004
94893: 0.994004
94894: 0.994004
94895: 0.994004
94896: 0.994004
94897: 0.994004
94898: 0.994004
94899: 0.994004
94900: 0.994004
94901: 0.994004
94902: 0.994004
94903: 0.994004
94904: 0.994005
94905: 0.994005
94906: 0.994005
94907: 0.994005
94908: 0.994005
94909: 0.994005
94910: 0.994005
94911: 0.994005
94912: 0.994005
94913: 0.994005
94914: 0.994005
94915: 0.994005
94916: 0.994005
94917: 0.994005
94918: 0.994005
94919: 0.994005
94920: 0.994006
94921: 0.994006
94922: 0.994006
94923: 0.994006
94924: 0.994006
94925: 0.994006
94926: 0.994006
94927: 0.994006
94928: 0.994006
94929: 0.994006
94930: 0.994006
94931: 0.994006
94932: 0.994006
94933: 0.994006
94934: 0.994006
94935: 0.994006
94936: 0.994007
94937: 0.994007
94938: 0.994007
94939: 0.994007
94940: 0.994007
94941: 0.994007
94942: 0.994007
94943: 0.994007
94944: 0.994007
94945: 0.994007
94946: 0.994007
94947: 0.994007
94948: 0.994007
94949: 0.994007
94950: 0.994007
94951: 0.994007
94952: 0.994008
94953: 0.994008
94954: 0.994008
94955: 0.994008
94956: 0.994008
94957: 0.994008
94958: 0.994008
94959: 0.994008
94960: 0.994008
94961: 0.994008
94962: 0.994008
94963: 0.994008
94964: 0.994008
94965: 0.994008
94966: 0.994008
94967: 0.994009
94968: 0.994009
94969: 0.994009
94970: 0.994009
94971: 0.994009
94972: 0.994009
94973: 0.994009
94974: 0.994009
94975: 0.994009
94976: 0.994009
94977: 0.994009
94978: 0.994009
94979: 0.994009
94980: 0.994009
94981: 0.994009
94982: 0.994009
94983: 0.99401
94984: 0.99401
94985: 0.99401
94986: 0.99401
94987: 0.99401
94988: 0.99401
94989: 0.99401
94990: 0.99401
94991: 0.99401
94992: 0.99401
94993: 0.99401
94994: 0.99401
94995: 0.99401
94996: 0.99401
94997: 0.99401
94998: 0.99401
94999: 0.994011
95000: 0.994011
95001: 0.994011
95002: 0.994011
95003: 0.994011
95004: 0.994011
95005: 0.994011
95006: 0.994011
95007: 0.994011
95008: 0.994011
95009: 0.994011
95010: 0.994011
95011: 0.994011
95012: 0.994011
95013: 0.994011
95014: 0.994011
95015: 0.994012
95016: 0.994012
95017: 0.994012
95018: 0.994012
95019: 0.994012
95020: 0.994012
95021: 0.994012
95022: 0.994012
95023: 0.994012
95024: 0.994012
95025: 0.994012
95026: 0.994012
95027: 0.994012
95028: 0.994012
95029: 0.994012
95030: 0.994012
95031: 0.994013
95032: 0.994013
95033: 0.994013
95034: 0.994013
95035: 0.994013
95036: 0.994013
95037: 0.994013
95038: 0.994013
95039: 0.994013
95040: 0.994013
95041: 0.994013
95042: 0.994013
95043: 0.994013
95044: 0.994013
95045: 0.994013
95046: 0.994013
95047: 0.994014
95048: 0.994014
95049: 0.994014
95050: 0.994014
95051: 0.994014
95052: 0.994014
95053: 0.994014
95054: 0.994014
95055: 0.994014
95056: 0.994014
95057: 0.994014
95058: 0.994014
95059: 0.994014
95060: 0.994014
95061: 0.994014
95062: 0.994014
95063: 0.994015
95064: 0.994015
95065: 0.994015
95066: 0.994015
95067: 0.994015
95068: 0.994015
95069: 0.994015
95070: 0.994015
95071: 0.994015
95072: 0.994015
95073: 0.994015
95074: 0.994015
95075: 0.994015
95076: 0.994015
95077: 0.994015
95078: 0.994016
95079: 0.994016
95080: 0.994016
95081: 0.994016
95082: 0.994016
95083: 0.994016
95084: 0.994016
95085: 0.994016
95086: 0.994016
95087: 0.994016
95088: 0.994016
95089: 0.994016
95090: 0.994016
95091: 0.994016
95092: 0.994016
95093: 0.994016
95094: 0.994017
95095: 0.994017
95096: 0.994017
95097: 0.994006
95098: 0.994006
95099: 0.994006
95100: 0.994006
95101: 0.994006
95102: 0.994006
95103: 0.994007
95104: 0.994007
95105: 0.994007
95106: 0.994007
95107: 0.994007
95108: 0.994007
95109: 0.994007
95110: 0.994007
95111: 0.994007
95112: 0.994007
95113: 0.994007
95114: 0.994007
95115: 0.994007
95116: 0.994007
95117: 0.994007
95118: 0.994008
95119: 0.994008
95120: 0.994008
95121: 0.994008
95122: 0.994008
95123: 0.994008
95124: 0.994008
95125: 0.994008
95126: 0.994008
95127: 0.994008
95128: 0.994008
95129: 0.994008
95130: 0.994008
95131: 0.994008
95132: 0.994008
95133: 0.994008
95134: 0.994009
95135: 0.994009
95136: 0.994009
95137: 0.994009
95138: 0.994009
95139: 0.994009
95140: 0.994009
95141: 0.994009
95142: 0.994009
95143: 0.994009
95144: 0.994009
95145: 0.994009
95146: 0.994009
95147: 0.994009
95148: 0.994009
95149: 0.994009
95150: 0.99401
95151: 0.99401
95152: 0.99401
95153: 0.99401
95154: 0.99401
95155: 0.99401
95156: 0.99401
95157: 0.99401
95158: 0.99401
95159: 0.99401
95160: 0.99401
95161: 0.99401
95162: 0.99401
95163: 0.99401
95164: 0.99401
95165: 0.99401
95166: 0.994011
95167: 0.994011
95168: 0.994011
95169: 0.994011
95170: 0.994011
95171: 0.994011
95172: 0.994011
95173: 0.994011
95174: 0.994011
95175: 0.994011
95176: 0.994011
95177: 0.994011
95178: 0.994011
95179: 0.994011
95180: 0.994011
95181: 0.994011
95182: 0.994012
95183: 0.994012
95184: 0.994012
95185: 0.994012
95186: 0.994012
95187: 0.994012
95188: 0.994012
95189: 0.994012
95190: 0.994012
95191: 0.994012
95192: 0.994012
95193: 0.994012
95194: 0.994012
95195: 0.994012
95196: 0.994012
95197: 0.994012
95198: 0.994013
95199: 0.994013
95200: 0.994013
95201: 0.994013
95202: 0.994013
95203: 0.994013
95204: 0.994013
95205: 0.994013
95206: 0.994013
95207: 0.994013
95208: 0.994013
95209: 0.994013
95210: 0.994013
95211: 0.994013
95212: 0.994013
95213: 0.994013
95214: 0.994014
95215: 0.994014
95216: 0.994014
95217: 0.994014
95218: 0.994014
95219: 0.994014
95220: 0.994014
95221: 0.994014
95222: 0.994014
95223: 0.994014
95224: 0.994014
95225: 0.994014
95226: 0.994014
95227: 0.994014
95228: 0.994014
95229: 0.994014
95230: 0.994015
95231: 0.994015
95232: 0.994015
95233: 0.994015
95234: 0.994015
95235: 0.994015
95236: 0.994015
95237: 0.994015
95238: 0.994015
95239: 0.994015
95240: 0.994015
95241: 0.994015
95242: 0.994015
95243: 0.994015
95244: 0.994015
95245: 0.994015
95246: 0.994016
95247: 0.994016
95248: 0.994016
95249: 0.994016
95250: 0.994016
95251: 0.994016
95252: 0.994016
95253: 0.994016
95254: 0.994016
95255: 0.994016
95256: 0.994016
95257: 0.994016
95258: 0.994016
95259: 0.994016
95260: 0.994016
95261: 0.994017
95262: 0.994017
95263: 0.994017
95264: 0.994017
95265: 0.994017
95266: 0.994017
95267: 0.994017
95268: 0.994017
95269: 0.994017
95270: 0.994017
95271: 0.994017
95272: 0.994017
95273: 0.994017
95274: 0.994017
95275: 0.994017
95276: 0.994017
95277: 0.994018
95278: 0.994018
95279: 0.994018
95280: 0.994018
95281: 0.994018
95282: 0.994018
95283: 0.994018
95284: 0.994018
95285: 0.994018
95286: 0.994018
95287: 0.994018
95288: 0.994018
95289: 0.994008
95290: 0.994008
95291: 0.994008
95292: 0.994008
95293: 0.994008
95294: 0.994008
95295: 0.994008
95296: 0.994008
95297: 0.994008
95298: 0.994008
95299: 0.994008
95300: 0.994008
95301: 0.994009
95302: 0.994009
95303: 0.994009
95304: 0.994009
95305: 0.994009
95306: 0.994009
95307: 0.994009
95308: 0.994009
95309: 0.994009
95310: 0.994009
95311: 0.994009
95312: 0.994009
95313: 0.994009
95314: 0.994009
95315: 0.994009
95316: 0.994009
95317: 0.99401
95318: 0.99401
95319: 0.99401
95320: 0.99401
95321: 0.99401
95322: 0.99401
95323: 0.99401
95324: 0.99401
95325: 0.99401
95326: 0.99401
95327: 0.99401
95328: 0.99401
95329: 0.99401
95330: 0.99401
95331: 0.99401
95332: 0.99401
95333: 0.994011
95334: 0.994011
95335: 0.994011
95336: 0.994011
95337: 0.994011
95338: 0.994011
95339: 0.994011
95340: 0.994011
95341: 0.994011
95342: 0.994011
95343: 0.994011
95344: 0.994011
95345: 0.994011
95346: 0.994011
95347: 0.994011
95348: 0.994011
95349: 0.994012
95350: 0.994012
95351: 0.994012
95352: 0.994012
95353: 0.994012
95354: 0.994012
95355: 0.994012
95356: 0.994012
95357: 0.994012
95358: 0.994012
95359: 0.994012
95360: 0.994012
95361: 0.994012
95362: 0.994012
95363: 0.994012
95364: 0.994012
95365: 0.994013
95366: 0.994013
95367: 0.994013
95368: 0.994013
95369: 0.994013
95370: 0.994013
95371: 0.994013
95372: 0.994013
95373: 0.994013
95374: 0.994013
95375: 0.994013
95376: 0.994013
95377: 0.994013
95378: 0.994013
95379: 0.994013
95380: 0.994013
95381: 0.994014
95382: 0.994014
95383: 0.994014
95384: 0.994014
95385: 0.994014
95386: 0.994014
95387: 0.994014
95388: 0.994014
95389: 0.994014
95390: 0.994014
95391: 0.994014
95392: 0.994014
95393: 0.994014
95394: 0.994014
95395: 0.994014
95396: 0.994014
95397: 0.994015
95398: 0.994015
95399: 0.994015
95400: 0.994015
95401: 0.994015
95402: 0.994015
95403: 0.994015
95404: 0.994015
95405: 0.994015
95406: 0.994015
95407: 0.994015
95408: 0.994015
95409: 0.994015
95410: 0.994015
95411: 0.994015
95412: 0.994015
95413: 0.994016
95414: 0.994016
95415: 0.994016
95416: 0.994016
95417: 0.994016
95418: 0.994016
95419: 0.994016
95420: 0.994016
95421: 0.994016
95422: 0.994016
95423: 0.994016
95424: 0.994016
95425: 0.994016
95426: 0.994016
95427: 0.994016
95428: 0.994016
95429: 0.994017
95430: 0.994017
95431: 0.994017
95432: 0.994017
95433: 0.994017
95434: 0.994017
95435: 0.994017
95436: 0.994017
95437: 0.994017
95438: 0.994017
95439: 0.994017
95440: 0.994017
95441: 0.994017
95442: 0.994017
95443: 0.994017
95444: 0.994017
95445: 0.994018
95446: 0.994018
95447: 0.994018
95448: 0.994018
95449: 0.994018
95450: 0.994018
95451: 0.994018
95452: 0.994018
95453: 0.994018
95454: 0.994018
95455: 0.994018
95456: 0.994018
95457: 0.994018
95458: 0.994018
95459: 0.994018
95460: 0.994018
95461: 0.994019
95462: 0.994019
95463: 0.994019
95464: 0.994019
95465: 0.994019
95466: 0.994019
95467: 0.994019
95468: 0.994019
95469: 0.994019
95470: 0.994019
95471: 0.994019
95472: 0.994019
95473: 0.994019
95474: 0.994019
95475: 0.994019
95476: 0.99402
95477: 0.99402
95478: 0.99402
95479: 0.99402
95480: 0.99402
95481: 0.99402
95482: 0.99402
95483: 0.99402
95484: 0.99402
95485: 0.99402
95486: 0.99402
95487: 0.99402
95488: 0.99402
95489: 0.99402
95490: 0.99402
95491: 0.99402
95492: 0.994021
95493: 0.994021
95494: 0.994021
95495: 0.994021
95496: 0.994021
95497: 0.994021
95498: 0.994021
95499: 0.994021
95500: 0.994021
95501: 0.994021
95502: 0.994021
95503: 0.994021
95504: 0.994021
95505: 0.994021
95506: 0.994021
95507: 0.994021
95508: 0.994022
95509: 0.994022
95510: 0.994022
95511: 0.994022
95512: 0.994022
95513: 0.994022
95514: 0.994022
95515: 0.994022
95516: 0.994022
95517: 0.994022
95518: 0.994022
95519: 0.994022
95520: 0.994022
95521: 0.994022
95522: 0.994022
95523: 0.994022
95524: 0.994023
95525: 0.994023
95526: 0.994023
95527: 0.994023
95528: 0.994023
95529: 0.994023
95530: 0.994023
95531: 0.994023
95532: 0.994023
95533: 0.994023
95534: 0.994023
95535: 0.994023
95536: 0.994023
95537: 0.994023
95538: 0.994023
95539: 0.994023
95540: 0.994024
95541: 0.994024
95542: 0.994024
95543: 0.994024
95544: 0.994024
95545: 0.994024
95546: 0.994024
95547: 0.994024
95548: 0.994024
95549: 0.994024
95550: 0.994024
95551: 0.994024
95552: 0.994024
95553: 0.994024
95554: 0.994024
95555: 0.994024
95556: 0.994025
95557: 0.994025
95558: 0.994025
95559: 0.994025
95560: 0.994025
95561: 0.994025
95562: 0.994025
95563: 0.994025
95564: 0.994025
95565: 0.994025
95566: 0.994025
95567: 0.994025
95568: 0.994025
95569: 0.994025
95570: 0.994025
95571: 0.994025
95572: 0.994026
95573: 0.994026
95574: 0.994026
95575: 0.994026
95576: 0.994026
95577: 0.994026
95578: 0.994026
95579: 0.994026
95580: 0.994026
95581: 0.994026
95582: 0.994026
95583: 0.994026
95584: 0.994026
95585: 0.994026
95586: 0.994026
95587: 0.994026
95588: 0.994027
95589: 0.994027
95590: 0.994027
95591: 0.994027
95592: 0.994027
95593: 0.994027
95594: 0.994027
95595: 0.994027
95596: 0.994027
95597: 0.994027
95598: 0.994027
95599: 0.994027
95600: 0.994027
95601: 0.994027
95602: 0.994027
95603: 0.994027
95604: 0.994028
95605: 0.994028
95606: 0.994028
95607: 0.994028
95608: 0.994028
95609: 0.994028
95610: 0.994028
95611: 0.994028
95612: 0.994028
95613: 0.994028
95614: 0.994028
95615: 0.994028
95616: 0.994028
95617: 0.994028
95618: 0.994028
95619: 0.994028
95620: 0.994029
95621: 0.994029
95622: 0.994029
95623: 0.994029
95624: 0.994029
95625: 0.994029
95626: 0.994029
95627: 0.994029
95628: 0.994029
95629: 0.994029
95630: 0.994029
95631: 0.994029
95632: 0.994029
95633: 0.994029
95634: 0.994029
95635: 0.994029
95636: 0.99403
95637: 0.99403
95638: 0.99403
95639: 0.99403
95640: 0.994019
95641: 0.994019
95642: 0.994019
95643: 0.994019
95644: 0.99402
95645: 0.99402
95646: 0.99402
95647: 0.99402
95648: 0.99402
95649: 0.99402
95650: 0.99402
95651: 0.99402
95652: 0.99402
95653: 0.99402
95654: 0.99402
95655: 0.99402
95656: 0.99402
95657: 0.99402
95658: 0.99402
95659: 0.99402
95660: 0.994021
95661: 0.994021
95662: 0.994021
95663: 0.994021
95664: 0.994021
95665: 0.994021
95666: 0.994021
95667: 0.994021
95668: 0.994021
95669: 0.994021
95670: 0.994021
95671: 0.994021
95672: 0.994021
95673: 0.994021
95674: 0.994021
95675: 0.994021
95676: 0.994022
95677: 0.994022
95678: 0.994022
95679: 0.994022
95680: 0.994022
95681: 0.994022
95682: 0.994022
95683: 0.994022
95684: 0.994022
95685: 0.994022
95686: 0.994022
95687: 0.994022
95688: 0.994022
95689: 0.994022
95690: 0.994022
95691: 0.994022
95692: 0.994023
95693: 0.994023
95694: 0.994023
95695: 0.994023
95696: 0.994023
95697: 0.994023
95698: 0.994023
95699: 0.994023
95700: 0.994023
95701: 0.994023
95702: 0.994023
95703: 0.994023
95704: 0.994023
95705: 0.994023
95706: 0.994023
95707: 0.994023
95708: 0.994024
95709: 0.994024
95710: 0.994024
95711: 0.994024
95712: 0.994024
95713: 0.994024
95714: 0.994024
95715: 0.994024
95716: 0.994024
95717: 0.994024
95718: 0.994024
95719: 0.994024
95720: 0.994024
95721: 0.994024
95722: 0.994024
95723: 0.994024
95724: 0.994025
95725: 0.994025
95726: 0.994025
95727: 0.994025
95728: 0.994025
95729: 0.994025
95730: 0.994025
95731: 0.994025
95732: 0.994025
95733: 0.994025
95734: 0.994025
95735: 0.994025
95736: 0.994025
95737: 0.994025
95738: 0.994025
95739: 0.994025
95740: 0.994026
95741: 0.994026
95742: 0.994026
95743: 0.994026
95744: 0.994026
95745: 0.994026
95746: 0.994026
95747: 0.994026
95748: 0.994026
95749: 0.994026
95750: 0.994026
95751: 0.994026
95752: 0.994026
95753: 0.994026
95754: 0.994026
95755: 0.994026
95756: 0.994027
95757: 0.994027
95758: 0.994027
95759: 0.994027
95760: 0.994027
95761: 0.994027
95762: 0.994027
95763: 0.994027
95764: 0.994027
95765: 0.994027
95766: 0.994027
95767: 0.994027
95768: 0.994027
95769: 0.994027
95770: 0.994027
95771: 0.994027
95772: 0.994028
95773: 0.994028
95774: 0.994028
95775: 0.994028
95776: 0.994028
95777: 0.994028
95778: 0.994028
95779: 0.994028
95780: 0.994028
95781: 0.994028
95782: 0.994028
95783: 0.994028
95784: 0.994028
95785: 0.994028
95786: 0.994028
95787: 0.994028
95788: 0.994029
95789: 0.994029
95790: 0.994029
95791: 0.994029
95792: 0.994029
95793: 0.994029
95794: 0.994029
95795: 0.994029
95796: 0.994029
95797: 0.994029
95798: 0.994029
95799: 0.994029
95800: 0.994029
95801: 0.994029
95802: 0.994029
95803: 0.994029
95804: 0.99403
95805: 0.99403
95806: 0.99403
95807: 0.99403
95808: 0.99403
95809: 0.99403
95810: 0.99403
95811: 0.99403
95812: 0.99403
95813: 0.99403
95814: 0.99403
95815: 0.99403
95816: 0.99403
95817: 0.99403
95818: 0.99403
95819: 0.99403
95820: 0.994031
95821: 0.994031
95822: 0.994031
95823: 0.994031
95824: 0.994031
95825: 0.994031
95826: 0.994031
95827: 0.994031
95828: 0.994031
95829: 0.994031
95830: 0.994031
95831: 0.994031
95832: 0.994031
95833: 0.994031
95834: 0.994031
95835: 0.994021
95836: 0.994021
95837: 0.994021
95838: 0.994021
95839: 0.994021
95840: 0.994021
95841: 0.994021
95842: 0.994021
95843: 0.994022
95844: 0.994022
95845: 0.994022
95846: 0.994022
95847: 0.994022
95848: 0.994022
95849: 0.994022
95850: 0.994022
95851: 0.994022
95852: 0.994022
95853: 0.994022
95854: 0.994022
95855: 0.994022
95856: 0.994022
95857: 0.994022
95858: 0.994022
95859: 0.994023
95860: 0.994023
95861: 0.994023
95862: 0.994023
95863: 0.994023
95864: 0.994023
95865: 0.994023
95866: 0.994023
95867: 0.994023
95868: 0.994023
95869: 0.994023
95870: 0.994023
95871: 0.994023
95872: 0.994023
95873: 0.994023
95874: 0.994023
95875: 0.994024
95876: 0.994024
95877: 0.994024
95878: 0.994024
95879: 0.994024
95880: 0.994024
95881: 0.994024
95882: 0.994024
95883: 0.994024
95884: 0.994024
95885: 0.994024
95886: 0.994024
95887: 0.994024
95888: 0.994024
95889: 0.994024
95890: 0.994024
95891: 0.994025
95892: 0.994025
95893: 0.994025
95894: 0.994025
95895: 0.994025
95896: 0.994025
95897: 0.994025
95898: 0.994025
95899: 0.994025
95900: 0.994025
95901: 0.994025
95902: 0.994025
95903: 0.994025
95904: 0.994025
95905: 0.994025
95906: 0.994025
95907: 0.994026
95908: 0.994026
95909: 0.994026
95910: 0.994026
95911: 0.994026
95912: 0.994026
95913: 0.994026
95914: 0.994026
95915: 0.994026
95916: 0.994026
95917: 0.994026
95918: 0.994026
95919: 0.994026
95920: 0.994026
95921: 0.994026
95922: 0.994026
95923: 0.994027
95924: 0.994027
95925: 0.994027
95926: 0.994027
95927: 0.994027
95928: 0.994027
95929: 0.994027
95930: 0.994027
95931: 0.994027
95932: 0.994027
95933: 0.994027
95934: 0.994027
95935: 0.994027
95936: 0.994027
95937: 0.994027
95938: 0.994027
95939: 0.994028
95940: 0.994028
95941: 0.994028
95942: 0.994028
95943: 0.994028
95944: 0.994028
95945: 0.994028
95946: 0.994028
95947: 0.994018
95948: 0.994018
95949: 0.994018
95950: 0.994018
95951: 0.994018
95952: 0.994018
95953: 0.994018
95954: 0.994018
95955: 0.994018
95956: 0.994018
95957: 0.994018
95958: 0.994018
95959: 0.994018
95960: 0.994018
95961: 0.994018
95962: 0.994019
95963: 0.994019
95964: 0.994008
95965: 0.994008
95966: 0.994008
95967: 0.994008
95968: 0.994008
95969: 0.994009
95970: 0.994009
95971: 0.994009
95972: 0.994009
95973: 0.994009
95974: 0.994009
95975: 0.994009
95976: 0.994009
95977: 0.994009
95978: 0.994009
95979: 0.994009
95980: 0.994009
95981: 0.994009
95982: 0.994009
95983: 0.994009
95984: 0.994009
95985: 0.99401
95986: 0.99401
95987: 0.99401
95988: 0.99401
95989: 0.99401
95990: 0.99401
95991: 0.99401
95992: 0.99401
95993: 0.99401
95994: 0.99401
95995: 0.99401
95996: 0.99401
95997: 0.99401
95998: 0.99401
95999: 0.99401
96000: 0.99401
96001: 0.994011
96002: 0.994011
96003: 0.994011
96004: 0.994011
96005: 0.994011
96006: 0.994011
96007: 0.994011
96008: 0.994011
96009: 0.994011
96010: 0.994011
96011: 0.994011
96012: 0.994011
96013: 0.994011
96014: 0.994011
96015: 0.994011
96016: 0.994011
96017: 0.994012
96018: 0.994012
96019: 0.994012
96020: 0.994012
96021: 0.994012
96022: 0.994012
96023: 0.994012
96024: 0.994012
96025: 0.994012
96026: 0.994012
96027: 0.994012
96028: 0.994012
96029: 0.994012
96030: 0.994012
96031: 0.994012
96032: 0.994012
96033: 0.994013
96034: 0.994013
96035: 0.994013
96036: 0.994013
96037: 0.994013
96038: 0.994013
96039: 0.994013
96040: 0.994013
96041: 0.994013
96042: 0.994013
96043: 0.994013
96044: 0.994013
96045: 0.994013
96046: 0.994013
96047: 0.994013
96048: 0.994013
96049: 0.994014
96050: 0.994014
96051: 0.994014
96052: 0.994014
96053: 0.994014
96054: 0.994014
96055: 0.994014
96056: 0.994014
96057: 0.994014
96058: 0.994014
96059: 0.994014
96060: 0.994014
96061: 0.994014
96062: 0.994014
96063: 0.994014
96064: 0.994014
96065: 0.994015
96066: 0.994015
96067: 0.994015
96068: 0.994015
96069: 0.994015
96070: 0.994015
96071: 0.994015
96072: 0.994015
96073: 0.994015
96074: 0.994015
96075: 0.994015
96076: 0.994015
96077: 0.994015
96078: 0.994015
96079: 0.994015
96080: 0.994015
96081: 0.994016
96082: 0.994016
96083: 0.994016
96084: 0.994016
96085: 0.994016
96086: 0.994016
96087: 0.994016
96088: 0.994016
96089: 0.994016
96090: 0.994016
96091: 0.994016
96092: 0.994016
96093: 0.994016
96094: 0.994016
96095: 0.994016
96096: 0.994016
96097: 0.994017
96098: 0.994017
96099: 0.994017
96100: 0.994017
96101: 0.994017
96102: 0.994017
96103: 0.994017
96104: 0.994017
96105: 0.994017
96106: 0.994017
96107: 0.994017
96108: 0.994017
96109: 0.994017
96110: 0.994017
96111: 0.994017
96112: 0.994017
96113: 0.994018
96114: 0.994018
96115: 0.994018
96116: 0.994018
96117: 0.994018
96118: 0.994018
96119: 0.994018
96120: 0.994018
96121: 0.994018
96122: 0.994018
96123: 0.994018
96124: 0.994018
96125: 0.994018
96126: 0.994018
96127: 0.994018
96128: 0.994018
96129: 0.994019
96130: 0.994019
96131: 0.994019
96132: 0.994019
96133: 0.994019
96134: 0.994019
96135: 0.994019
96136: 0.994019
96137: 0.994019
96138: 0.994019
96139: 0.994019
96140: 0.994019
96141: 0.994019
96142: 0.994019
96143: 0.994019
96144: 0.994019
96145: 0.99402
96146: 0.99402
96147: 0.99402
96148: 0.99402
96149: 0.99402
96150: 0.99402
96151: 0.99402
96152: 0.99402
96153: 0.99402
96154: 0.99402
96155: 0.99402
96156: 0.99402
96157: 0.99402
96158: 0.99402
96159: 0.99402
96160: 0.99402
96161: 0.994021
96162: 0.994021
96163: 0.994021
96164: 0.994021
96165: 0.994021
96166: 0.994021
96167: 0.994021
96168: 0.994021
96169: 0.994021
96170: 0.994021
96171: 0.994021
96172: 0.994021
96173: 0.994021
96174: 0.994021
96175: 0.994021
96176: 0.994021
96177: 0.994022
96178: 0.994022
96179: 0.994022
96180: 0.994022
96181: 0.994022
96182: 0.994022
96183: 0.994022
96184: 0.994022
96185: 0.994022
96186: 0.994022
96187: 0.994022
96188: 0.994022
96189: 0.994022
96190: 0.994022
96191: 0.994022
96192: 0.994022
96193: 0.994022
96194: 0.994023
96195: 0.994023
96196: 0.994023
96197: 0.994023
96198: 0.994023
96199: 0.994023
96200: 0.994023
96201: 0.994023
96202: 0.994023
96203: 0.994023
96204: 0.994023
96205: 0.994023
96206: 0.994023
96207: 0.994023
96208: 0.994023
96209: 0.994023
96210: 0.994024
96211: 0.994024
96212: 0.994024
96213: 0.994024
96214: 0.994024
96215: 0.994024
96216: 0.994024
96217: 0.994024
96218: 0.994024
96219: 0.994024
96220: 0.994024
96221: 0.994024
96222: 0.994024
96223: 0.994024
96224: 0.994024
96225: 0.994024
96226: 0.994025
96227: 0.994025
96228: 0.994025
96229: 0.994025
96230: 0.994025
96231: 0.994025
96232: 0.994025
96233: 0.994025
96234: 0.994025
96235: 0.994025
96236: 0.994025
96237: 0.994025
96238: 0.994025
96239: 0.994025
96240: 0.994025
96241: 0.994025
96242: 0.994026
96243: 0.994026
96244: 0.994026
96245: 0.994026
96246: 0.994026
96247: 0.994026
96248: 0.994026
96249: 0.994026
96250: 0.994026
96251: 0.994026
96252: 0.994026
96253: 0.994026
96254: 0.994026
96255: 0.994026
96256: 0.994026
96257: 0.994026
96258: 0.994027
96259: 0.994027
96260: 0.994027
96261: 0.994027
96262: 0.994027
96263: 0.994027
96264: 0.994027
96265: 0.994027
96266: 0.994027
96267: 0.994027
96268: 0.994027
96269: 0.994027
96270: 0.994027
96271: 0.994027
96272: 0.994027
96273: 0.994027
96274: 0.994028
96275: 0.994028
96276: 0.994028
96277: 0.994028
96278: 0.994028
96279: 0.994028
96280: 0.994028
96281: 0.994028
96282: 0.994028
96283: 0.994028
96284: 0.994028
96285: 0.994028
96286: 0.994028
96287: 0.994028
96288: 0.994028
96289: 0.994028
96290: 0.994029
96291: 0.994029
96292: 0.994029
96293: 0.994029
96294: 0.994029
96295: 0.994029
96296: 0.994029
96297: 0.994029
96298: 0.994029
96299: 0.994029
96300: 0.994029
96301: 0.994029
96302: 0.994029
96303: 0.994029
96304: 0.994029
96305: 0.994029
96306: 0.99403
96307: 0.99403
96308: 0.99403
96309: 0.99403
96310: 0.99403
96311: 0.99403
96312: 0.99403
96313: 0.99403
96314: 0.99403
96315: 0.99403
96316: 0.99403
96317: 0.99403
96318: 0.99403
96319: 0.99403
96320: 0.99403
96321: 0.99403
96322: 0.994031
96323: 0.994031
96324: 0.994031
96325: 0.994031
96326: 0.994031
96327: 0.994031
96328: 0.994031
96329: 0.994031
96330: 0.994031
96331: 0.994031
96332: 0.994031
96333: 0.994031
96334: 0.994031
96335: 0.994031
96336: 0.994031
96337: 0.994031
96338: 0.994031
96339: 0.994032
96340: 0.994032
96341: 0.994032
96342: 0.994032
96343: 0.994032
96344: 0.994032
96345: 0.994032
96346: 0.994032
96347: 0.994032
96348: 0.994032
96349: 0.994032
96350: 0.994032
96351: 0.994032
96352: 0.994032
96353: 0.994032
96354: 0.994032
96355: 0.994033
96356: 0.994033
96357: 0.994033
96358: 0.994033
96359: 0.994033
96360: 0.994033
96361: 0.994033
96362: 0.994033
96363: 0.994033
96364: 0.994033
96365: 0.994033
96366: 0.994033
96367: 0.994033
96368: 0.994033
96369: 0.994033
96370: 0.994033
96371: 0.994034
96372: 0.994034
96373: 0.994034
96374: 0.994034
96375: 0.994034
96376: 0.994034
96377: 0.994034
96378: 0.994034
96379: 0.994034
96380: 0.994034
96381: 0.994034
96382: 0.994034
96383: 0.994034
96384: 0.994034
96385: 0.994034
96386: 0.994034
96387: 0.994035
96388: 0.994035
96389: 0.994035
96390: 0.994035
96391: 0.994035
96392: 0.994035
96393: 0.994035
96394: 0.994035
96395: 0.994035
96396: 0.994035
96397: 0.994035
96398: 0.994035
96399: 0.994035
96400: 0.994035
96401: 0.994035
96402: 0.994035
96403: 0.994036
96404: 0.994036
96405: 0.994036
96406: 0.994036
96407: 0.994036
96408: 0.994036
96409: 0.994036
96410: 0.994036
96411: 0.994036
96412: 0.994036
96413: 0.994036
96414: 0.994036
96415: 0.994036
96416: 0.994036
96417: 0.994036
96418: 0.994036
96419: 0.994037
96420: 0.994037
96421: 0.994037
96422: 0.994037
96423: 0.994037
96424: 0.994037
96425: 0.994037
96426: 0.994037
96427: 0.994037
96428: 0.994037
96429: 0.994037
96430: 0.994037
96431: 0.994037
96432: 0.994037
96433: 0.994037
96434: 0.994037
96435: 0.994037
96436: 0.994038
96437: 0.994038
96438: 0.994038
96439: 0.994038
96440: 0.994038
96441: 0.994038
96442: 0.994038
96443: 0.994038
96444: 0.994038
96445: 0.994038
96446: 0.994038
96447: 0.994038
96448: 0.994038
96449: 0.994038
96450: 0.994038
96451: 0.994038
96452: 0.994039
96453: 0.994039
96454: 0.994039
96455: 0.994039
96456: 0.994039
96457: 0.994039
96458: 0.994039
96459: 0.994039
96460: 0.994039
96461: 0.994039
96462: 0.994039
96463: 0.994039
96464: 0.994039
96465: 0.994039
96466: 0.994039
96467: 0.994039
96468: 0.99404
96469: 0.99404
96470: 0.99404
96471: 0.99404
96472: 0.99404
96473: 0.99404
96474: 0.99404
96475: 0.99404
96476: 0.99404
96477: 0.99404
96478: 0.99404
96479: 0.99404
96480: 0.99404
96481: 0.99404
96482: 0.99404
96483: 0.99404
96484: 0.994041
96485: 0.994041
96486: 0.994041
96487: 0.994041
96488: 0.994041
96489: 0.994041
96490: 0.994041
96491: 0.994041
96492: 0.994041
96493: 0.994041
96494: 0.994041
96495: 0.994041
96496: 0.994041
96497: 0.994041
96498: 0.994041
96499: 0.994041
96500: 0.994042
96501: 0.994042
96502: 0.994042
96503: 0.994042
96504: 0.994042
96505: 0.994042
96506: 0.994042
96507: 0.994042
96508: 0.994042
96509: 0.994042
96510: 0.994042
96511: 0.994042
96512: 0.994042
96513: 0.994042
96514: 0.994042
96515: 0.994042
96516: 0.994043
96517: 0.994043
96518: 0.994043
96519: 0.994043
96520: 0.994043
96521: 0.994043
96522: 0.994043
96523: 0.994043
96524: 0.994043
96525: 0.994043
96526: 0.994043
96527: 0.994043
96528: 0.994043
96529: 0.994043
96530: 0.994043
96531: 0.994043
96532: 0.994043
96533: 0.994044
96534: 0.994044
96535: 0.994044
96536: 0.994044
96537: 0.994044
96538: 0.994044
96539: 0.994044
96540: 0.994044
96541: 0.994044
96542: 0.994044
96543: 0.994044
96544: 0.994044
96545: 0.994044
96546: 0.994044
96547: 0.994044
96548: 0.994044
96549: 0.994045
96550: 0.994045
96551: 0.994045
96552: 0.994045
96553: 0.994045
96554: 0.994045
96555: 0.994035
96556: 0.994035
96557: 0.994035
96558: 0.994035
96559: 0.994035
96560: 0.994035
96561: 0.994035
96562: 0.994035
96563: 0.994035
96564: 0.994035
96565: 0.994035
96566: 0.994035
96567: 0.994035
96568: 0.994035
96569: 0.994035
96570: 0.994035
96571: 0.994036
96572: 0.994036
96573: 0.994036
96574: 0.994036
96575: 0.994036
96576: 0.994036
96577: 0.994036
96578: 0.994036
96579: 0.994036
96580: 0.994036
96581: 0.994036
96582: 0.994036
96583: 0.994036
96584: 0.994036
96585: 0.994036
96586: 0.994036
96587: 0.994037
96588: 0.994037
96589: 0.994037
96590: 0.994037
96591: 0.994037
96592: 0.994037
96593: 0.994037
96594: 0.994037
96595: 0.994037
96596: 0.994037
96597: 0.994037
96598: 0.994037
96599: 0.994037
96600: 0.994037
96601: 0.994037
96602: 0.994037
96603: 0.994038
96604: 0.994038
96605: 0.994038
96606: 0.994038
96607: 0.994038
96608: 0.994038
96609: 0.994038
96610: 0.994038
96611: 0.994038
96612: 0.994038
96613: 0.994038
96614: 0.994038
96615: 0.994038
96616: 0.994038
96617: 0.994038
96618: 0.994038
96619: 0.994039
96620: 0.994039
96621: 0.994039
96622: 0.994039
96623: 0.994039
96624: 0.994039
96625: 0.994039
96626: 0.994039
96627: 0.994039
96628: 0.994039
96629: 0.994039
96630: 0.994039
96631: 0.994039
96632: 0.994039
96633: 0.994039
96634: 0.994039
96635: 0.994039
96636: 0.99404
96637: 0.99404
96638: 0.99404
96639: 0.99404
96640: 0.99404
96641: 0.99404
96642: 0.99404
96643: 0.99404
96644: 0.99404
96645: 0.99404
96646: 0.99404
96647: 0.99404
96648: 0.99404
96649: 0.99404
96650: 0.99404
96651: 0.99404
96652: 0.994041
96653: 0.994041
96654: 0.994041
96655: 0.994041
96656: 0.994041
96657: 0.994041
96658: 0.994041
96659: 0.994041
96660: 0.994041
96661: 0.994041
96662: 0.994041
96663: 0.994041
96664: 0.994041
96665: 0.994041
96666: 0.994041
96667: 0.994041
96668: 0.994042
96669: 0.994042
96670: 0.994042
96671: 0.994042
96672: 0.994042
96673: 0.994042
96674: 0.994042
96675: 0.994042
96676: 0.994042
96677: 0.994042
96678: 0.994042
96679: 0.994042
96680: 0.994042
96681: 0.994042
96682: 0.994042
96683: 0.994042
96684: 0.994043
96685: 0.994043
96686: 0.994043
96687: 0.994043
96688: 0.994043
96689: 0.994043
96690: 0.994043
96691: 0.994043
96692: 0.994043
96693: 0.994043
96694: 0.994043
96695: 0.994043
96696: 0.994043
96697: 0.994043
96698: 0.994043
96699: 0.994043
96700: 0.994043
96701: 0.994044
96702: 0.994044
96703: 0.994044
96704: 0.994044
96705: 0.994044
96706: 0.994044
96707: 0.994044
96708: 0.994044
96709: 0.994044
96710: 0.994044
96711: 0.994044
96712: 0.994044
96713: 0.994044
96714: 0.994044
96715: 0.994044
96716: 0.994044
96717: 0.994045
96718: 0.994045
96719: 0.994045
96720: 0.994045
96721: 0.994045
96722: 0.994045
96723: 0.994045
96724: 0.994045
96725: 0.994045
96726: 0.994045
96727: 0.994045
96728: 0.994045
96729: 0.994045
96730: 0.994045
96731: 0.994045
96732: 0.994045
96733: 0.994046
96734: 0.994046
96735: 0.994046
96736: 0.994046
96737: 0.994046
96738: 0.994046
96739: 0.994046
96740: 0.994046
96741: 0.994046
96742: 0.994046
96743: 0.994046
96744: 0.994046
96745: 0.994046
96746: 0.994046
96747: 0.994046
96748: 0.994046
96749: 0.994047
96750: 0.994047
96751: 0.994047
96752: 0.994047
96753: 0.994047
96754: 0.994047
96755: 0.994047
96756: 0.994047
96757: 0.994047
96758: 0.994047
96759: 0.994047
96760: 0.994047
96761: 0.994047
96762: 0.994047
96763: 0.994047
96764: 0.994047
96765: 0.994047
96766: 0.994048
96767: 0.994048
96768: 0.994048
96769: 0.994048
96770: 0.994048
96771: 0.994048
96772: 0.994048
96773: 0.994048
96774: 0.994048
96775: 0.994048
96776: 0.994048
96777: 0.994048
96778: 0.994048
96779: 0.994048
96780: 0.994048
96781: 0.994048
96782: 0.994049
96783: 0.994049
96784: 0.994049
96785: 0.994049
96786: 0.994049
96787: 0.994049
96788: 0.994049
96789: 0.994049
96790: 0.994049
96791: 0.994049
96792: 0.994049
96793: 0.994049
96794: 0.994049
96795: 0.994049
96796: 0.994049
96797: 0.994049
96798: 0.99405
96799: 0.99405
96800: 0.99405
96801: 0.99405
96802: 0.99405
96803: 0.99405
96804: 0.99405
96805: 0.99405
96806: 0.99405
96807: 0.99405
96808: 0.99405
96809: 0.99405
96810: 0.99405
96811: 0.99405
96812: 0.99405
96813: 0.99405
96814: 0.994051
96815: 0.994051
96816: 0.994051
96817: 0.994051
96818: 0.994051
96819: 0.994051
96820: 0.994051
96821: 0.994051
96822: 0.994051
96823: 0.994051
96824: 0.994051
96825: 0.994051
96826: 0.994051
96827: 0.994051
96828: 0.994051
96829: 0.994051
96830: 0.994051
96831: 0.994052
96832: 0.994052
96833: 0.994052
96834: 0.994052
96835: 0.994052
96836: 0.994052
96837: 0.994052
96838: 0.994052
96839: 0.994052
96840: 0.994052
96841: 0.994052
96842: 0.994052
96843: 0.994052
96844: 0.994052
96845: 0.994052
96846: 0.994052
96847: 0.994053
96848: 0.994053
96849: 0.994053
96850: 0.994053
96851: 0.994053
96852: 0.994053
96853: 0.994053
96854: 0.994053
96855: 0.994053
96856: 0.994053
96857: 0.994053
96858: 0.994053
96859: 0.994053
96860: 0.994053
96861: 0.994053
96862: 0.994053
96863: 0.994054
96864: 0.994054
96865: 0.994054
96866: 0.994054
96867: 0.994054
96868: 0.994054
96869: 0.994054
96870: 0.994054
96871: 0.994054
96872: 0.994054
96873: 0.994054
96874: 0.994054
96875: 0.994054
96876: 0.994054
96877: 0.994054
96878: 0.994054
96879: 0.994055
96880: 0.994055
96881: 0.994055
96882: 0.994055
96883: 0.994055
96884: 0.994055
96885: 0.994055
96886: 0.994055
96887: 0.994055
96888: 0.994055
96889: 0.994055
96890: 0.994055
96891: 0.994055
96892: 0.994055
96893: 0.994055
96894: 0.994055
96895: 0.994055
96896: 0.994056
96897: 0.994056
96898: 0.994056
96899: 0.994056
96900: 0.994056
96901: 0.994056
96902: 0.994056
96903: 0.994056
96904: 0.994056
96905: 0.994056
96906: 0.994056
96907: 0.994056
96908: 0.994056
96909: 0.994056
96910: 0.994056
96911: 0.994056
96912: 0.994057
96913: 0.994057
96914: 0.994057
96915: 0.994057
96916: 0.994057
96917: 0.994057
96918: 0.994057
96919: 0.994057
96920: 0.994057
96921: 0.994057
96922: 0.994057
96923: 0.994057
96924: 0.994057
96925: 0.994057
96926: 0.994057
96927: 0.994057
96928: 0.994058
96929: 0.994058
96930: 0.994058
96931: 0.994058
96932: 0.994058
96933: 0.994058
96934: 0.994058
96935: 0.994058
96936: 0.994058
96937: 0.994058
96938: 0.994058
96939: 0.994058
96940: 0.994058
96941: 0.994058
96942: 0.994058
96943: 0.994058
96944: 0.994058
96945: 0.994059
96946: 0.994059
96947: 0.994059
96948: 0.994059
96949: 0.994059
96950: 0.994059
96951: 0.994059
96952: 0.994059
96953: 0.994059
96954: 0.994059
96955: 0.994059
96956: 0.994059
96957: 0.994059
96958: 0.994059
96959: 0.994059
96960: 0.994059
96961: 0.99406
96962: 0.99406
96963: 0.99406
96964: 0.99406
96965: 0.99406
96966: 0.99406
96967: 0.99406
96968: 0.99406
96969: 0.99406
96970: 0.99406
96971: 0.99406
96972: 0.99406
96973: 0.99406
96974: 0.99406
96975: 0.99406
96976: 0.99406
96977: 0.994061
96978: 0.994061
96979: 0.994061
96980: 0.994061
96981: 0.994061
96982: 0.994061
96983: 0.994061
96984: 0.994061
96985: 0.994061
96986: 0.994061
96987: 0.994061
96988: 0.994061
96989: 0.994061
96990: 0.994061
96991: 0.994061
96992: 0.994061
96993: 0.994061
96994: 0.994062
96995: 0.994062
96996: 0.994062
96997: 0.994062
96998: 0.994062
96999: 0.994062
97000: 0.994062
97001: 0.994062
97002: 0.994062
97003: 0.994062
97004: 0.994062
97005: 0.994062
97006: 0.994062
97007: 0.994062
97008: 0.994062
97009: 0.994062
97010: 0.994063
97011: 0.994063
97012: 0.994063
97013: 0.994063
97014: 0.994063
97015: 0.994063
97016: 0.994063
97017: 0.994063
97018: 0.994063
97019: 0.994063
97020: 0.994063
97021: 0.994063
97022: 0.994063
97023: 0.994063
97024: 0.994063
97025: 0.994063
97026: 0.994064
97027: 0.994064
97028: 0.994064
97029: 0.994064
97030: 0.994064
97031: 0.994064
97032: 0.994064
97033: 0.994064
97034: 0.994064
97035: 0.994064
97036: 0.994064
97037: 0.994064
97038: 0.994064
97039: 0.994064
97040: 0.994064
97041: 0.994064
97042: 0.994064
97043: 0.994065
97044: 0.994065
97045: 0.994065
97046: 0.994065
97047: 0.994065
97048: 0.994065
97049: 0.994065
97050: 0.994065
97051: 0.994065
97052: 0.994065
97053: 0.994065
97054: 0.994065
97055: 0.994065
97056: 0.994065
97057: 0.994065
97058: 0.994065
97059: 0.994066
97060: 0.994066
97061: 0.994066
97062: 0.994066
97063: 0.994066
97064: 0.994066
97065: 0.994066
97066: 0.994066
97067: 0.994066
97068: 0.994066
97069: 0.994066
97070: 0.994066
97071: 0.994066
97072: 0.994066
97073: 0.994066
97074: 0.994066
97075: 0.994067
97076: 0.994067
97077: 0.994067
97078: 0.994067
97079: 0.994067
97080: 0.994067
97081: 0.994067
97082: 0.994067
97083: 0.994067
97084: 0.994067
97085: 0.994067
97086: 0.994067
97087: 0.994067
97088: 0.994067
97089: 0.994067
97090: 0.994067
97091: 0.994067
97092: 0.994068
97093: 0.994068
97094: 0.994068
97095: 0.994068
97096: 0.994068
97097: 0.994068
97098: 0.994068
97099: 0.994068
97100: 0.994068
97101: 0.994068
97102: 0.994068
97103: 0.994068
97104: 0.994068
97105: 0.994068
97106: 0.994068
97107: 0.994068
97108: 0.994069
97109: 0.994069
97110: 0.994069
97111: 0.994069
97112: 0.994069
97113: 0.994069
97114: 0.994069
97115: 0.994069
97116: 0.994069
97117: 0.994069
97118: 0.994069
97119: 0.994069
97120: 0.994069
97121: 0.994069
97122: 0.994069
97123: 0.994069
97124: 0.994069
97125: 0.99407
97126: 0.99407
97127: 0.99407
97128: 0.99407
97129: 0.99407
97130: 0.99407
97131: 0.99407
97132: 0.99407
97133: 0.99407
97134: 0.99407
97135: 0.99407
97136: 0.99407
97137: 0.99407
97138: 0.99407
97139: 0.99407
97140: 0.99407
97141: 0.994071
97142: 0.994071
97143: 0.994071
97144: 0.994071
97145: 0.994071
97146: 0.994071
97147: 0.994071
97148: 0.994071
97149: 0.994071
97150: 0.994071
97151: 0.994071
97152: 0.994071
97153: 0.994071
97154: 0.994071
97155: 0.994071
97156: 0.994071
97157: 0.994072
97158: 0.994072
97159: 0.994072
97160: 0.994072
97161: 0.994072
97162: 0.994072
97163: 0.994072
97164: 0.994072
97165: 0.994072
97166: 0.994072
97167: 0.994072
97168: 0.994072
97169: 0.994072
97170: 0.994072
97171: 0.994072
97172: 0.994072
97173: 0.994072
97174: 0.994073
97175: 0.994073
97176: 0.994073
97177: 0.994073
97178: 0.994073
97179: 0.994073
97180: 0.994073
97181: 0.994073
97182: 0.994073
97183: 0.994073
97184: 0.994073
97185: 0.994073
97186: 0.994073
97187: 0.994073
97188: 0.994073
97189: 0.994073
97190: 0.994074
97191: 0.994074
97192: 0.994074
97193: 0.994074
97194: 0.994074
97195: 0.994074
97196: 0.994074
97197: 0.994074
97198: 0.994074
97199: 0.994074
97200: 0.994074
97201: 0.994074
97202: 0.994074
97203: 0.994074
97204: 0.994074
97205: 0.994074
97206: 0.994075
97207: 0.994075
97208: 0.994075
97209: 0.994075
97210: 0.994075
97211: 0.994075
97212: 0.994075
97213: 0.994075
97214: 0.994075
97215: 0.994075
97216: 0.994075
97217: 0.994075
97218: 0.994075
97219: 0.994075
97220: 0.994075
97221: 0.994075
97222: 0.994075
97223: 0.994076
97224: 0.994076
97225: 0.994076
97226: 0.994076
97227: 0.994076
97228: 0.994076
97229: 0.994076
97230: 0.994076
97231: 0.994076
97232: 0.994076
97233: 0.994076
97234: 0.994076
97235: 0.994076
97236: 0.994076
97237: 0.994076
97238: 0.994076
97239: 0.994077
97240: 0.994077
97241: 0.994077
97242: 0.994077
97243: 0.994077
97244: 0.994077
97245: 0.994077
97246: 0.994077
97247: 0.994077
97248: 0.994077
97249: 0.994077
97250: 0.994077
97251: 0.994077
97252: 0.994077
97253: 0.994077
97254: 0.994077
97255: 0.994077
97256: 0.994078
97257: 0.994078
97258: 0.994078
97259: 0.994078
97260: 0.994078
97261: 0.994078
97262: 0.994078
97263: 0.994078
97264: 0.994078
97265: 0.994078
97266: 0.994078
97267: 0.994078
97268: 0.994078
97269: 0.994078
97270: 0.994078
97271: 0.994078
97272: 0.994079
97273: 0.994079
97274: 0.994079
97275: 0.994079
97276: 0.994079
97277: 0.994079
97278: 0.994079
97279: 0.994079
97280: 0.994079
97281: 0.994079
97282: 0.994079
97283: 0.994079
97284: 0.994079
97285: 0.994079
97286: 0.994079
97287: 0.994079
97288: 0.994079
97289: 0.99408
97290: 0.99408
97291: 0.99408
97292: 0.99408
97293: 0.99408
97294: 0.99408
97295: 0.99408
97296: 0.99408
97297: 0.99408
97298: 0.99408
97299: 0.99408
97300: 0.99408
97301: 0.99408
97302: 0.99408
97303: 0.99408
97304: 0.99408
97305: 0.994081
97306: 0.994081
97307: 0.994081
97308: 0.994081
97309: 0.994081
97310: 0.994081
97311: 0.994081
97312: 0.994081
97313: 0.994081
97314: 0.994081
97315: 0.994081
97316: 0.994081
97317: 0.994081
97318: 0.994081
97319: 0.994081
97320: 0.994081
97321: 0.994082
97322: 0.994082
97323: 0.994082
97324: 0.994082
97325: 0.994082
97326: 0.994082
97327: 0.994082
97328: 0.994082
97329: 0.994082
97330: 0.994082
97331: 0.994082
97332: 0.994082
97333: 0.994082
97334: 0.994082
97335: 0.994082
97336: 0.994082
97337: 0.994082
97338: 0.994083
97339: 0.994083
97340: 0.994083
97341: 0.994083
97342: 0.994083
97343: 0.994083
97344: 0.994083
97345: 0.994083
97346: 0.994083
97347: 0.994083
97348: 0.994083
97349: 0.994083
97350: 0.994083
97351: 0.994083
97352: 0.994083
97353: 0.994083
97354: 0.994084
97355: 0.994084
97356: 0.994084
97357: 0.994084
97358: 0.994084
97359: 0.994084
97360: 0.994084
97361: 0.994084
97362: 0.994084
97363: 0.994084
97364: 0.994084
97365: 0.994084
97366: 0.994084
97367: 0.994084
97368: 0.994084
97369: 0.994084
97370: 0.994084
97371: 0.994085
97372: 0.994085
97373: 0.994085
97374: 0.994085
97375: 0.994085
97376: 0.994085
97377: 0.994085
97378: 0.994085
97379: 0.994085
97380: 0.994085
97381: 0.994085
97382: 0.994085
97383: 0.994085
97384: 0.994085
97385: 0.994085
97386: 0.994085
97387: 0.994086
97388: 0.994086
97389: 0.994086
97390: 0.994086
97391: 0.994086
97392: 0.994086
97393: 0.994076
97394: 0.994076
97395: 0.994076
97396: 0.994076
97397: 0.994076
97398: 0.994076
97399: 0.994076
97400: 0.994076
97401: 0.994076
97402: 0.994076
97403: 0.994076
97404: 0.994076
97405: 0.994076
97406: 0.994076
97407: 0.994076
97408: 0.994077
97409: 0.994077
97410: 0.994077
97411: 0.994077
97412: 0.994077
97413: 0.994077
97414: 0.994077
97415: 0.994077
97416: 0.994077
97417: 0.994077
97418: 0.994077
97419: 0.994077
97420: 0.994077
97421: 0.994077
97422: 0.994077
97423: 0.994077
97424: 0.994077
97425: 0.994078
97426: 0.994078
97427: 0.994078
97428: 0.994078
97429: 0.994078
97430: 0.994078
97431: 0.994078
97432: 0.994078
97433: 0.994078
97434: 0.994078
97435: 0.994078
97436: 0.994078
97437: 0.994078
97438: 0.994078
97439: 0.994078
97440: 0.994078
97441: 0.994079
97442: 0.994079
97443: 0.994079
97444: 0.994079
97445: 0.994079
97446: 0.994079
97447: 0.994079
97448: 0.994079
97449: 0.994079
97450: 0.994079
97451: 0.994079
97452: 0.994079
97453: 0.994079
97454: 0.994079
97455: 0.994079
97456: 0.994079
97457: 0.99408
97458: 0.99408
97459: 0.99408
97460: 0.99408
97461: 0.99408
97462: 0.99408
97463: 0.99408
97464: 0.99408
97465: 0.99408
97466: 0.99408
97467: 0.99408
97468: 0.99408
97469: 0.99408
97470: 0.99408
97471: 0.99408
97472: 0.99408
97473: 0.99408
97474: 0.994081
97475: 0.994081
97476: 0.994081
97477: 0.994081
97478: 0.994081
97479: 0.994081
97480: 0.994081
97481: 0.994081
97482: 0.994081
97483: 0.994081
97484: 0.994081
97485: 0.994081
97486: 0.994081
97487: 0.994081
97488: 0.994081
97489: 0.994081
97490: 0.994082
97491: 0.994082
97492: 0.994082
97493: 0.994082
97494: 0.994082
97495: 0.994082
97496: 0.994082
97497: 0.994082
97498: 0.994082
97499: 0.994082
97500: 0.994082
97501: 0.994082
97502: 0.994082
97503: 0.994082
97504: 0.994082
97505: 0.994082
97506: 0.994082
97507: 0.994083
97508: 0.994083
97509: 0.994083
97510: 0.994083
97511: 0.994083
97512: 0.994083
97513: 0.994083
97514: 0.994083
97515: 0.994083
97516: 0.994083
97517: 0.994083
97518: 0.994083
97519: 0.994083
97520: 0.994083
97521: 0.994083
97522: 0.994083
97523: 0.994084
97524: 0.994084
97525: 0.994084
97526: 0.994084
97527: 0.994084
97528: 0.994084
97529: 0.994084
97530: 0.994084
97531: 0.994084
97532: 0.994084
97533: 0.994084
97534: 0.994084
97535: 0.994084
97536: 0.994084
97537: 0.994084
97538: 0.994084
97539: 0.994084
97540: 0.994085
97541: 0.994085
97542: 0.994085
97543: 0.994085
97544: 0.994085
97545: 0.994085
97546: 0.994085
97547: 0.994085
97548: 0.994085
97549: 0.994085
97550: 0.994085
97551: 0.994085
97552: 0.994085
97553: 0.994085
97554: 0.994085
97555: 0.994085
97556: 0.994086
97557: 0.994086
97558: 0.994086
97559: 0.994086
97560: 0.994086
97561: 0.994086
97562: 0.994086
97563: 0.994086
97564: 0.994086
97565: 0.994086
97566: 0.994086
97567: 0.994086
97568: 0.994086
97569: 0.994086
97570: 0.994086
97571: 0.994086
97572: 0.994086
97573: 0.994087
97574: 0.994087
97575: 0.994087
97576: 0.994087
97577: 0.994087
97578: 0.994087
97579: 0.994087
97580: 0.994087
97581: 0.994087
97582: 0.994087
97583: 0.994087
97584: 0.994087
97585: 0.994087
97586: 0.994087
97587: 0.994087
97588: 0.994087
97589: 0.994088
97590: 0.994088
97591: 0.994088
97592: 0.994088
97593: 0.994088
97594: 0.994088
97595: 0.994088
97596: 0.994088
97597: 0.994088
97598: 0.994088
97599: 0.994088
97600: 0.994088
97601: 0.994088
97602: 0.994088
97603: 0.994088
97604: 0.994088
97605: 0.994088
97606: 0.994089
97607: 0.994089
97608: 0.994089
97609: 0.994089
97610: 0.994089
97611: 0.994089
97612: 0.994089
97613: 0.994089
97614: 0.994089
97615: 0.994089
97616: 0.994089
97617: 0.994089
97618: 0.994089
97619: 0.994089
97620: 0.994089
97621: 0.994089
97622: 0.99409
97623: 0.99409
97624: 0.99409
97625: 0.99409
97626: 0.99409
97627: 0.99409
97628: 0.99409
97629: 0.99409
97630: 0.99409
97631: 0.99409
97632: 0.99409
97633: 0.99409
97634: 0.99409
97635: 0.99409
97636: 0.99409
97637: 0.99409
97638: 0.99409
97639: 0.994091
97640: 0.994091
97641: 0.994091
97642: 0.994091
97643: 0.994091
97644: 0.994091
97645: 0.994091
97646: 0.994091
97647: 0.994091
97648: 0.994091
97649: 0.994091
97650: 0.994091
97651: 0.994091
97652: 0.994091
97653: 0.994091
97654: 0.994091
97655: 0.994092
97656: 0.994092
97657: 0.994092
97658: 0.994092
97659: 0.994092
97660: 0.994092
97661: 0.994092
97662: 0.994092
97663: 0.994092
97664: 0.994092
97665: 0.994092
97666: 0.994092
97667: 0.994092
97668: 0.994092
97669: 0.994092
97670: 0.994092
97671: 0.994092
97672: 0.994093
97673: 0.994093
97674: 0.994093
97675: 0.994093
97676: 0.994093
97677: 0.994093
97678: 0.994093
97679: 0.994093
97680: 0.994093
97681: 0.994093
97682: 0.994093
97683: 0.994093
97684: 0.994093
97685: 0.994093
97686: 0.994093
97687: 0.994093
97688: 0.994094
97689: 0.994094
97690: 0.994094
97691: 0.994094
97692: 0.994094
97693: 0.994094
97694: 0.994094
97695: 0.994094
97696: 0.994094
97697: 0.994094
97698: 0.994094
97699: 0.994094
97700: 0.994094
97701: 0.994094
97702: 0.994094
97703: 0.994094
97704: 0.994094
97705: 0.994095
97706: 0.994095
97707: 0.994095
97708: 0.994095
97709: 0.994095
97710: 0.994095
97711: 0.994095
97712: 0.994095
97713: 0.994095
97714: 0.994095
97715: 0.994095
97716: 0.994095
97717: 0.994095
97718: 0.994095
97719: 0.994095
97720: 0.994095
97721: 0.994095
97722: 0.994096
97723: 0.994096
97724: 0.994096
97725: 0.994096
97726: 0.994096
97727: 0.994096
97728: 0.994096
97729: 0.994096
97730: 0.994096
97731: 0.994096
97732: 0.994096
97733: 0.994096
97734: 0.994096
97735: 0.994096
97736: 0.994096
97737: 0.994096
97738: 0.994097
97739: 0.994097
97740: 0.994097
97741: 0.994097
97742: 0.994097
97743: 0.994097
97744: 0.994097
97745: 0.994097
97746: 0.994097
97747: 0.994097
97748: 0.994097
97749: 0.994097
97750: 0.994097
97751: 0.994097
97752: 0.994097
97753: 0.994097
97754: 0.994097
97755: 0.994098
97756: 0.994098
97757: 0.994098
97758: 0.994098
97759: 0.994098
97760: 0.994098
97761: 0.994098
97762: 0.994098
97763: 0.994098
97764: 0.994098
97765: 0.994098
97766: 0.994098
97767: 0.994098
97768: 0.994098
97769: 0.994098
97770: 0.994098
97771: 0.994099
97772: 0.994099
97773: 0.994099
97774: 0.994099
97775: 0.994099
97776: 0.994099
97777: 0.994099
97778: 0.994099
97779: 0.994099
97780: 0.994099
97781: 0.994099
97782: 0.994099
97783: 0.994099
97784: 0.994099
97785: 0.994099
97786: 0.994099
97787: 0.994099
97788: 0.9941
97789: 0.9941
97790: 0.9941
97791: 0.9941
97792: 0.9941
97793: 0.9941
97794: 0.9941
97795: 0.9941
97796: 0.9941
97797: 0.9941
97798: 0.9941
97799: 0.9941
97800: 0.9941
97801: 0.9941
97802: 0.9941
97803: 0.9941
97804: 0.994101
97805: 0.994101
97806: 0.994101
97807: 0.994101
97808: 0.994101
97809: 0.994101
97810: 0.994101
97811: 0.994101
97812: 0.994101
97813: 0.994101
97814: 0.994101
97815: 0.994101
97816: 0.994101
97817: 0.994101
97818: 0.994101
97819: 0.994101
97820: 0.994101
97821: 0.994102
97822: 0.994102
97823: 0.994102
97824: 0.994102
97825: 0.994102
97826: 0.994102
97827: 0.994102
97828: 0.994102
97829: 0.994102
97830: 0.994102
97831: 0.994102
97832: 0.994102
97833: 0.994102
97834: 0.994102
97835: 0.994102
97836: 0.994102
97837: 0.994102
97838: 0.994103
97839: 0.994103
97840: 0.994103
97841: 0.994103
97842: 0.994103
97843: 0.994103
97844: 0.994103
97845: 0.994103
97846: 0.994103
97847: 0.994103
97848: 0.994103
97849: 0.994103
97850: 0.994103
97851: 0.994103
97852: 0.994103
97853: 0.994103
97854: 0.994104
97855: 0.994104
97856: 0.994104
97857: 0.994104
97858: 0.994104
97859: 0.994104
97860: 0.994104
97861: 0.994104
97862: 0.994104
97863: 0.994104
97864: 0.994104
97865: 0.994104
97866: 0.994104
97867: 0.994104
97868: 0.994104
97869: 0.994104
97870: 0.994104
97871: 0.994105
97872: 0.994105
97873: 0.994105
97874: 0.994105
97875: 0.994105
97876: 0.994105
97877: 0.994105
97878: 0.994105
97879: 0.994105
97880: 0.994105
97881: 0.994105
97882: 0.994105
97883: 0.994105
97884: 0.994105
97885: 0.994105
97886: 0.994105
97887: 0.994106
97888: 0.994106
97889: 0.994106
97890: 0.994106
97891: 0.994106
97892: 0.994106
97893: 0.994106
97894: 0.994106
97895: 0.994106
97896: 0.994106
97897: 0.994106
97898: 0.994106
97899: 0.994106
97900: 0.994106
97901: 0.994106
97902: 0.994106
97903: 0.994106
97904: 0.994107
97905: 0.994107
97906: 0.994107
97907: 0.994107
97908: 0.994107
97909: 0.994107
97910: 0.994107
97911: 0.994107
97912: 0.994107
97913: 0.994107
97914: 0.994107
97915: 0.994107
97916: 0.994107
97917: 0.994107
97918: 0.994107
97919: 0.994107
97920: 0.994107
97921: 0.994108
97922: 0.994108
97923: 0.994108
97924: 0.994108
97925: 0.994108
97926: 0.994108
97927: 0.994108
97928: 0.994108
97929: 0.994108
97930: 0.994108
97931: 0.994108
97932: 0.994108
97933: 0.994108
97934: 0.994108
97935: 0.994108
97936: 0.994108
97937: 0.994109
97938: 0.994109
97939: 0.994109
97940: 0.994109
97941: 0.994109
97942: 0.994109
97943: 0.994109
97944: 0.994109
97945: 0.994109
97946: 0.994109
97947: 0.994109
97948: 0.994109
97949: 0.994109
97950: 0.994109
97951: 0.994109
97952: 0.994109
97953: 0.994109
97954: 0.99411
97955: 0.99411
97956: 0.99411
97957: 0.99411
97958: 0.99411
97959: 0.99411
97960: 0.99411
97961: 0.99411
97962: 0.99411
97963: 0.99411
97964: 0.99411
97965: 0.99411
97966: 0.99411
97967: 0.99411
97968: 0.99411
97969: 0.99411
97970: 0.994111
97971: 0.994111
97972: 0.994111
97973: 0.994111
97974: 0.994111
97975: 0.994111
97976: 0.994111
97977: 0.994111
97978: 0.994111
97979: 0.994111
97980: 0.994111
97981: 0.994111
97982: 0.994111
97983: 0.994111
97984: 0.994111
97985: 0.994111
97986: 0.994111
97987: 0.994112
97988: 0.994112
97989: 0.994112
97990: 0.994112
97991: 0.994112
97992: 0.994112
97993: 0.994112
97994: 0.994112
97995: 0.994112
97996: 0.994112
97997: 0.994112
97998: 0.994112
97999: 0.994112
98000: 0.994112
98001: 0.994112
98002: 0.994112
98003: 0.994112
98004: 0.994113
98005: 0.994113
98006: 0.994113
98007: 0.994113
98008: 0.994113
98009: 0.994113
98010: 0.994113
98011: 0.994113
98012: 0.994113
98013: 0.994113
98014: 0.994113
98015: 0.994113
98016: 0.994113
98017: 0.994113
98018: 0.994113
98019: 0.994113
98020: 0.994114
98021: 0.994114
98022: 0.994114
98023: 0.994114
98024: 0.994114
98025: 0.994114
98026: 0.994114
98027: 0.994114
98028: 0.994114
98029: 0.994114
98030: 0.994114
98031: 0.994114
98032: 0.994114
98033: 0.994114
98034: 0.994114
98035: 0.994114
98036: 0.994114
98037: 0.994115
98038: 0.994115
98039: 0.994115
98040: 0.994115
98041: 0.994115
98042: 0.994115
98043: 0.994115
98044: 0.994115
98045: 0.994115
98046: 0.994115
98047: 0.994115
98048: 0.994115
98049: 0.994115
98050: 0.994115
98051: 0.994115
98052: 0.994115
98053: 0.994115
98054: 0.994116
98055: 0.994116
98056: 0.994116
98057: 0.994116
98058: 0.994116
98059: 0.994116
98060: 0.994116
98061: 0.994116
98062: 0.994116
98063: 0.994116
98064: 0.994116
98065: 0.994116
98066: 0.994116
98067: 0.994116
98068: 0.994116
98069: 0.994116
98070: 0.994117
98071: 0.994117
98072: 0.994117
98073: 0.994117
98074: 0.994117
98075: 0.994117
98076: 0.994117
98077: 0.994117
98078: 0.994117
98079: 0.994117
98080: 0.994117
98081: 0.994117
98082: 0.994117
98083: 0.994117
98084: 0.994117
98085: 0.994117
98086: 0.994117
98087: 0.994118
98088: 0.994118
98089: 0.994118
98090: 0.994118
98091: 0.994118
98092: 0.994118
98093: 0.994118
98094: 0.994118
98095: 0.994118
98096: 0.994118
98097: 0.994118
98098: 0.994118
98099: 0.994118
98100: 0.994118
98101: 0.994118
98102: 0.994118
98103: 0.994118
98104: 0.994119
98105: 0.994119
98106: 0.994119
98107: 0.994119
98108: 0.994119
98109: 0.994119
98110: 0.994119
98111: 0.994119
98112: 0.994119
98113: 0.994119
98114: 0.994119
98115: 0.994119
98116: 0.994119
98117: 0.994119
98118: 0.994119
98119: 0.994119
98120: 0.99412
98121: 0.99412
98122: 0.99412
98123: 0.99412
98124: 0.99412
98125: 0.99412
98126: 0.99412
98127: 0.99412
98128: 0.99412
98129: 0.99412
98130: 0.99412
98131: 0.99412
98132: 0.99412
98133: 0.99412
98134: 0.99412
98135: 0.99412
98136: 0.99412
98137: 0.994121
98138: 0.994121
98139: 0.994121
98140: 0.994121
98141: 0.994121
98142: 0.994121
98143: 0.994111
98144: 0.994101
98145: 0.994101
98146: 0.994101
98147: 0.994101
98148: 0.994101
98149: 0.994101
98150: 0.994101
98151: 0.994101
98152: 0.994101
98153: 0.994101
98154: 0.994101
98155: 0.994101
98156: 0.994101
98157: 0.994101
98158: 0.994101
98159: 0.994101
98160: 0.994102
98161: 0.994102
98162: 0.994102
98163: 0.994102
98164: 0.994102
98165: 0.994102
98166: 0.994102
98167: 0.994102
98168: 0.994102
98169: 0.994102
98170: 0.994102
98171: 0.994102
98172: 0.994102
98173: 0.994102
98174: 0.994102
98175: 0.994102
98176: 0.994102
98177: 0.994103
98178: 0.994103
98179: 0.994103
98180: 0.994103
98181: 0.994103
98182: 0.994103
98183: 0.994103
98184: 0.994103
98185: 0.994103
98186: 0.994103
98187: 0.994103
98188: 0.994103
98189: 0.994103
98190: 0.994103
98191: 0.994103
98192: 0.994103
98193: 0.994104
98194: 0.994104
98195: 0.994104
98196: 0.994104
98197: 0.994104
98198: 0.994104
98199: 0.994104
98200: 0.994104
98201: 0.994104
98202: 0.994104
98203: 0.994104
98204: 0.994104
98205: 0.994104
98206: 0.994104
98207: 0.994104
98208: 0.994104
98209: 0.994104
98210: 0.994105
98211: 0.994105
98212: 0.994105
98213: 0.994105
98214: 0.994105
98215: 0.994105
98216: 0.994105
98217: 0.994105
98218: 0.994105
98219: 0.994105
98220: 0.994105
98221: 0.994105
98222: 0.994105
98223: 0.994105
98224: 0.994105
98225: 0.994105
98226: 0.994105
98227: 0.994106
98228: 0.994106
98229: 0.994106
98230: 0.994106
98231: 0.994106
98232: 0.994106
98233: 0.994106
98234: 0.994106
98235: 0.994106
98236: 0.994106
98237: 0.994106
98238: 0.994106
98239: 0.994106
98240: 0.994106
98241: 0.994106
98242: 0.994106
98243: 0.994107
98244: 0.994107
98245: 0.994107
98246: 0.994107
98247: 0.994107
98248: 0.994107
98249: 0.994107
98250: 0.994107
98251: 0.994107
98252: 0.994107
98253: 0.994107
98254: 0.994107
98255: 0.994107
98256: 0.994107
98257: 0.994107
98258: 0.994107
98259: 0.994107
98260: 0.994108
98261: 0.994108
98262: 0.994108
98263: 0.994108
98264: 0.994108
98265: 0.994108
98266: 0.994108
98267: 0.994108
98268: 0.994108
98269: 0.994108
98270: 0.994108
98271: 0.994108
98272: 0.994108
98273: 0.994108
98274: 0.994108
98275: 0.994108
98276: 0.994108
98277: 0.994109
98278: 0.994109
98279: 0.994109
98280: 0.994109
98281: 0.994109
98282: 0.994109
98283: 0.994109
98284: 0.994109
98285: 0.994109
98286: 0.994109
98287: 0.994109
98288: 0.994109
98289: 0.994109
98290: 0.994109
98291: 0.994109
98292: 0.994099
98293: 0.994099
98294: 0.994099
98295: 0.994099
98296: 0.9941
98297: 0.9941
98298: 0.9941
98299: 0.9941
98300: 0.9941
98301: 0.9941
98302: 0.9941
98303: 0.9941
98304: 0.9941
98305: 0.9941
98306: 0.9941
98307: 0.9941
98308: 0.9941
98309: 0.9941
98310: 0.9941
98311: 0.9941
98312: 0.9941
98313: 0.994101
98314: 0.994101
98315: 0.994101
98316: 0.994101
98317: 0.994101
98318: 0.994101
98319: 0.994101
98320: 0.994101
98321: 0.994101
98322: 0.994101
98323: 0.994101
98324: 0.994101
98325: 0.994101
98326: 0.994101
98327: 0.994101
98328: 0.994101
98329: 0.994101
98330: 0.994102
98331: 0.994102
98332: 0.994102
98333: 0.994102
98334: 0.994102
98335: 0.994102
98336: 0.994102
98337: 0.994102
98338: 0.994102
98339: 0.994102
98340: 0.994102
98341: 0.994102
98342: 0.994102
98343: 0.994102
98344: 0.994102
98345: 0.994102
98346: 0.994103
98347: 0.994103
98348: 0.994103
98349: 0.994103
98350: 0.994103
98351: 0.994103
98352: 0.994103
98353: 0.994103
98354: 0.994103
98355: 0.994103
98356: 0.994103
98357: 0.994103
98358: 0.994103
98359: 0.994103
98360: 0.994103
98361: 0.994103
98362: 0.994103
98363: 0.994104
98364: 0.994104
98365: 0.994104
98366: 0.994104
98367: 0.994104
98368: 0.994104
98369: 0.994104
98370: 0.994104
98371: 0.994104
98372: 0.994104
98373: 0.994104
98374: 0.994104
98375: 0.994104
98376: 0.994104
98377: 0.994104
98378: 0.994104
98379: 0.994104
98380: 0.994105
98381: 0.994105
98382: 0.994105
98383: 0.994105
98384: 0.994105
98385: 0.994105
98386: 0.994105
98387: 0.994105
98388: 0.994105
98389: 0.994105
98390: 0.994105
98391: 0.994105
98392: 0.994105
98393: 0.994105
98394: 0.994105
98395: 0.994105
98396: 0.994106
98397: 0.994106
98398: 0.994106
98399: 0.994106
98400: 0.994106
98401: 0.994106
98402: 0.994106
98403: 0.994106
98404: 0.994106
98405: 0.994106
98406: 0.994106
98407: 0.994106
98408: 0.994106
98409: 0.994106
98410: 0.994106
98411: 0.994106
98412: 0.994106
98413: 0.994107
98414: 0.994107
98415: 0.994107
98416: 0.994107
98417: 0.994107
98418: 0.994107
98419: 0.994107
98420: 0.994107
98421: 0.994107
98422: 0.994107
98423: 0.994107
98424: 0.994107
98425: 0.994107
98426: 0.994107
98427: 0.994107
98428: 0.994107
98429: 0.994107
98430: 0.994108
98431: 0.994108
98432: 0.994108
98433: 0.994108
98434: 0.994108
98435: 0.994108
98436: 0.994108
98437: 0.994108
98438: 0.994108
98439: 0.994108
98440: 0.994108
98441: 0.994108
98442: 0.994108
98443: 0.994108
98444: 0.994108
98445: 0.994108
98446: 0.994109
98447: 0.994109
98448: 0.994109
98449: 0.994109
98450: 0.994109
98451: 0.994109
98452: 0.994109
98453: 0.994109
98454: 0.994109
98455: 0.994109
98456: 0.994109
98457: 0.994109
98458: 0.994109
98459: 0.994109
98460: 0.994109
98461: 0.994109
98462: 0.994109
98463: 0.99411
98464: 0.99411
98465: 0.99411
98466: 0.99411
98467: 0.99411
98468: 0.99411
98469: 0.99411
98470: 0.99411
98471: 0.99411
98472: 0.99411
98473: 0.99411
98474: 0.99411
98475: 0.99411
98476: 0.99411
98477: 0.99411
98478: 0.99411
98479: 0.99411
98480: 0.994111
98481: 0.994111
98482: 0.994111
98483: 0.994111
98484: 0.994111
98485: 0.994111
98486: 0.994111
98487: 0.994111
98488: 0.994111
98489: 0.994111
98490: 0.994111
98491: 0.994111
98492: 0.994111
98493: 0.994111
98494: 0.994111
98495: 0.994111
98496: 0.994111
98497: 0.994112
98498: 0.994112
98499: 0.994112
98500: 0.994112
98501: 0.994112
98502: 0.994112
98503: 0.994112
98504: 0.994112
98505: 0.994112
98506: 0.994112
98507: 0.994112
98508: 0.994112
98509: 0.994112
98510: 0.994112
98511: 0.994112
98512: 0.994112
98513: 0.994113
98514: 0.994113
98515: 0.994113
98516: 0.994113
98517: 0.994113
98518: 0.994113
98519: 0.994113
98520: 0.994113
98521: 0.994113
98522: 0.994113
98523: 0.994113
98524: 0.994113
98525: 0.994113
98526: 0.994113
98527: 0.994113
98528: 0.994113
98529: 0.994113
98530: 0.994114
98531: 0.994114
98532: 0.994114
98533: 0.994114
98534: 0.994114
98535: 0.994114
98536: 0.994114
98537: 0.994114
98538: 0.994114
98539: 0.994114
98540: 0.994114
98541: 0.994114
98542: 0.994114
98543: 0.994114
98544: 0.994114
98545: 0.994114
98546: 0.994114
98547: 0.994115
98548: 0.994115
98549: 0.994115
98550: 0.994115
98551: 0.994115
98552: 0.994115
98553: 0.994115
98554: 0.994115
98555: 0.994115
98556: 0.994115
98557: 0.994115
98558: 0.994115
98559: 0.994115
98560: 0.994115
98561: 0.994115
98562: 0.994115
98563: 0.994115
98564: 0.994116
98565: 0.994116
98566: 0.994116
98567: 0.994116
98568: 0.994116
98569: 0.994116
98570: 0.994116
98571: 0.994116
98572: 0.994116
98573: 0.994116
98574: 0.994116
98575: 0.994116
98576: 0.994116
98577: 0.994116
98578: 0.994116
98579: 0.994116
98580: 0.994117
98581: 0.994117
98582: 0.994117
98583: 0.994117
98584: 0.994117
98585: 0.994117
98586: 0.994117
98587: 0.994117
98588: 0.994117
98589: 0.994117
98590: 0.994117
98591: 0.994117
98592: 0.994117
98593: 0.994117
98594: 0.994117
98595: 0.994117
98596: 0.994117
98597: 0.994118
98598: 0.994118
98599: 0.994118
98600: 0.994118
98601: 0.994118
98602: 0.994118
98603: 0.994118
98604: 0.994118
98605: 0.994118
98606: 0.994118
98607: 0.994118
98608: 0.994118
98609: 0.994118
98610: 0.994118
98611: 0.994118
98612: 0.994118
98613: 0.994118
98614: 0.994119
98615: 0.994119
98616: 0.994119
98617: 0.994119
98618: 0.994119
98619: 0.994119
98620: 0.994119
98621: 0.994119
98622: 0.994119
98623: 0.994119
98624: 0.994119
98625: 0.994119
98626: 0.994119
98627: 0.994119
98628: 0.994119
98629: 0.994119
98630: 0.994119
98631: 0.99412
98632: 0.99412
98633: 0.99412
98634: 0.99412
98635: 0.99412
98636: 0.99412
98637: 0.99412
98638: 0.99412
98639: 0.99412
98640: 0.99412
98641: 0.99412
98642: 0.99412
98643: 0.99412
98644: 0.99412
98645: 0.99412
98646: 0.99412
98647: 0.994121
98648: 0.994121
98649: 0.994121
98650: 0.994121
98651: 0.994121
98652: 0.994121
98653: 0.994121
98654: 0.994121
98655: 0.994121
98656: 0.994121
98657: 0.994121
98658: 0.994121
98659: 0.994121
98660: 0.994121
98661: 0.994121
98662: 0.994121
98663: 0.994121
98664: 0.994122
98665: 0.994122
98666: 0.994122
98667: 0.994122
98668: 0.994122
98669: 0.994122
98670: 0.994122
98671: 0.994122
98672: 0.994122
98673: 0.994122
98674: 0.994122
98675: 0.994122
98676: 0.994122
98677: 0.994122
98678: 0.994122
98679: 0.994122
98680: 0.994122
98681: 0.994123
98682: 0.994123
98683: 0.994123
98684: 0.994123
98685: 0.994123
98686: 0.994123
98687: 0.994123
98688: 0.994123
98689: 0.994123
98690: 0.994123
98691: 0.994123
98692: 0.994123
98693: 0.994123
98694: 0.994123
98695: 0.994123
98696: 0.994123
98697: 0.994123
98698: 0.994124
98699: 0.994124
98700: 0.994124
98701: 0.994124
98702: 0.994124
98703: 0.994124
98704: 0.994124
98705: 0.994124
98706: 0.994124
98707: 0.994124
98708: 0.994124
98709: 0.994124
98710: 0.994124
98711: 0.994124
98712: 0.994124
98713: 0.994124
98714: 0.994124
98715: 0.994125
98716: 0.994125
98717: 0.994125
98718: 0.994125
98719: 0.994125
98720: 0.994125
98721: 0.994125
98722: 0.994125
98723: 0.994125
98724: 0.994125
98725: 0.994125
98726: 0.994125
98727: 0.994125
98728: 0.994125
98729: 0.994125
98730: 0.994125
98731: 0.994126
98732: 0.994126
98733: 0.994126
98734: 0.994126
98735: 0.994126
98736: 0.994126
98737: 0.994126
98738: 0.994126
98739: 0.994126
98740: 0.994126
98741: 0.994126
98742: 0.994126
98743: 0.994126
98744: 0.994126
98745: 0.994126
98746: 0.994126
98747: 0.994126
98748: 0.994127
98749: 0.994127
98750: 0.994127
98751: 0.994127
98752: 0.994127
98753: 0.994127
98754: 0.994127
98755: 0.994127
98756: 0.994117
98757: 0.994107
98758: 0.994097
98759: 0.994097
98760: 0.994097
98761: 0.994097
98762: 0.994097
98763: 0.994097
98764: 0.994097
98765: 0.994097
98766: 0.994097
98767: 0.994097
98768: 0.994097
98769: 0.994097
98770: 0.994097
98771: 0.994098
98772: 0.994098
98773: 0.994098
98774: 0.994098
98775: 0.994098
98776: 0.994098
98777: 0.994098
98778: 0.994098
98779: 0.994098
98780: 0.994098
98781: 0.994098
98782: 0.994098
98783: 0.994098
98784: 0.994098
98785: 0.994098
98786: 0.994098
98787: 0.994098
98788: 0.994099
98789: 0.994099
98790: 0.994099
98791: 0.994099
98792: 0.994099
98793: 0.994099
98794: 0.994099
98795: 0.994099
98796: 0.994099
98797: 0.994099
98798: 0.994099
98799: 0.994099
98800: 0.994099
98801: 0.994099
98802: 0.994099
98803: 0.994099
98804: 0.994099
98805: 0.9941
98806: 0.9941
98807: 0.9941
98808: 0.9941
98809: 0.9941
98810: 0.9941
98811: 0.9941
98812: 0.9941
98813: 0.9941
98814: 0.9941
98815: 0.9941
98816: 0.9941
98817: 0.9941
98818: 0.9941
98819: 0.9941
98820: 0.9941
98821: 0.994101
98822: 0.994101
98823: 0.994101
98824: 0.994101
98825: 0.994101
98826: 0.994101
98827: 0.994101
98828: 0.994101
98829: 0.994101
98830: 0.994101
98831: 0.994101
98832: 0.994101
98833: 0.994101
98834: 0.994101
98835: 0.994101
98836: 0.994101
98837: 0.994101
98838: 0.994102
98839: 0.994102
98840: 0.994102
98841: 0.994102
98842: 0.994102
98843: 0.994102
98844: 0.994102
98845: 0.994102
98846: 0.994102
98847: 0.994102
98848: 0.994102
98849: 0.994102
98850: 0.994102
98851: 0.994102
98852: 0.994102
98853: 0.994102
98854: 0.994102
98855: 0.994103
98856: 0.994103
98857: 0.994103
98858: 0.994103
98859: 0.994103
98860: 0.994103
98861: 0.994103
98862: 0.994103
98863: 0.994103
98864: 0.994103
98865: 0.994103
98866: 0.994103
98867: 0.994103
98868: 0.994103
98869: 0.994103
98870: 0.994103
98871: 0.994103
98872: 0.994104
98873: 0.994104
98874: 0.994104
98875: 0.994104
98876: 0.994104
98877: 0.994104
98878: 0.994104
98879: 0.994104
98880: 0.994104
98881: 0.994104
98882: 0.994104
98883: 0.994104
98884: 0.994104
98885: 0.994104
98886: 0.994104
98887: 0.994104
98888: 0.994105
98889: 0.994105
98890: 0.994105
98891: 0.994105
98892: 0.994105
98893: 0.994105
98894: 0.994105
98895: 0.994105
98896: 0.994105
98897: 0.994105
98898: 0.994105
98899: 0.994105
98900: 0.994105
98901: 0.994105
98902: 0.994105
98903: 0.994105
98904: 0.994105
98905: 0.994106
98906: 0.994106
98907: 0.994106
98908: 0.994106
98909: 0.994106
98910: 0.994106
98911: 0.994106
98912: 0.994106
98913: 0.994106
98914: 0.994106
98915: 0.994106
98916: 0.994106
98917: 0.994106
98918: 0.994106
98919: 0.994106
98920: 0.994106
98921: 0.994106
98922: 0.994107
98923: 0.994107
98924: 0.994107
98925: 0.994107
98926: 0.994107
98927: 0.994107
98928: 0.994107
98929: 0.994107
98930: 0.994107
98931: 0.994107
98932: 0.994107
98933: 0.994107
98934: 0.994107
98935: 0.994107
98936: 0.994107
98937: 0.994107
98938: 0.994107
98939: 0.994108
98940: 0.994108
98941: 0.994108
98942: 0.994108
98943: 0.994108
98944: 0.994108
98945: 0.994108
98946: 0.994108
98947: 0.994108
98948: 0.994108
98949: 0.994108
98950: 0.994108
98951: 0.994108
98952: 0.994108
98953: 0.994108
98954: 0.994108
98955: 0.994108
98956: 0.994109
98957: 0.994109
98958: 0.994109
98959: 0.994109
98960: 0.994109
98961: 0.994109
98962: 0.994109
98963: 0.994109
98964: 0.994109
98965: 0.994109
98966: 0.994109
98967: 0.994109
98968: 0.994109
98969: 0.994109
98970: 0.994109
98971: 0.994109
98972: 0.99411
98973: 0.99411
98974: 0.99411
98975: 0.99411
98976: 0.99411
98977: 0.99411
98978: 0.99411
98979: 0.99411
98980: 0.99411
98981: 0.99411
98982: 0.99411
98983: 0.99411
98984: 0.99411
98985: 0.99411
98986: 0.99411
98987: 0.99411
98988: 0.99411
98989: 0.994111
98990: 0.994111
98991: 0.994111
98992: 0.994111
98993: 0.994111
98994: 0.994111
98995: 0.994111
98996: 0.994111
98997: 0.994111
98998: 0.994111
98999: 0.994111
99000: 0.994111
99001: 0.994111
99002: 0.994111
99003: 0.994111
99004: 0.994111
99005: 0.994111
99006: 0.994112
99007: 0.994112
99008: 0.994112
99009: 0.994112
99010: 0.994112
99011: 0.994112
99012: 0.994112
99013: 0.994112
99014: 0.994112
99015: 0.994112
99016: 0.994112
99017: 0.994112
99018: 0.994112
99019: 0.994112
99020: 0.994112
99021: 0.994112
99022: 0.994112
99023: 0.994113
99024: 0.994113
99025: 0.994113
99026: 0.994113
99027: 0.994113
99028: 0.994113
99029: 0.994113
99030: 0.994113
99031: 0.994113
99032: 0.994113
99033: 0.994113
99034: 0.994113
99035: 0.994113
99036: 0.994113
99037: 0.994113
99038: 0.994113
99039: 0.994113
99040: 0.994114
99041: 0.994114
99042: 0.994114
99043: 0.994114
99044: 0.994114
99045: 0.994114
99046: 0.994114
99047: 0.994114
99048: 0.994114
99049: 0.994114
99050: 0.994114
99051: 0.994114
99052: 0.994114
99053: 0.994114
99054: 0.994114
99055: 0.994114
99056: 0.994114
99057: 0.994115
99058: 0.994115
99059: 0.994115
99060: 0.994115
99061: 0.994115
99062: 0.994115
99063: 0.994115
99064: 0.994115
99065: 0.994115
99066: 0.994115
99067: 0.994115
99068: 0.994115
99069: 0.994115
99070: 0.994115
99071: 0.994115
99072: 0.994115
99073: 0.994116
99074: 0.994116
99075: 0.994116
99076: 0.994116
99077: 0.994116
99078: 0.994116
99079: 0.994116
99080: 0.994116
99081: 0.994116
99082: 0.994116
99083: 0.994116
99084: 0.994116
99085: 0.994116
99086: 0.994116
99087: 0.994116
99088: 0.994116
99089: 0.994116
99090: 0.994117
99091: 0.994117
99092: 0.994117
99093: 0.994117
99094: 0.994107
99095: 0.994107
99096: 0.994107
99097: 0.994107
99098: 0.994107
99099: 0.994107
99100: 0.994107
99101: 0.994107
99102: 0.994107
99103: 0.994107
99104: 0.994107
99105: 0.994107
99106: 0.994107
99107: 0.994107
99108: 0.994107
99109: 0.994108
99110: 0.994108
99111: 0.994108
99112: 0.994108
99113: 0.994108
99114: 0.994108
99115: 0.994108
99116: 0.994108
99117: 0.994108
99118: 0.994108
99119: 0.994108
99120: 0.994108
99121: 0.994108
99122: 0.994108
99123: 0.994108
99124: 0.994108
99125: 0.994109
99126: 0.994109
99127: 0.994109
99128: 0.994109
99129: 0.994109
99130: 0.994109
99131: 0.994109
99132: 0.994109
99133: 0.994109
99134: 0.994109
99135: 0.994109
99136: 0.994109
99137: 0.994109
99138: 0.994109
99139: 0.994109
99140: 0.994109
99141: 0.994109
99142: 0.99411
99143: 0.99411
99144: 0.99411
99145: 0.99411
99146: 0.99411
99147: 0.99411
99148: 0.99411
99149: 0.99411
99150: 0.99411
99151: 0.99411
99152: 0.99411
99153: 0.99411
99154: 0.99411
99155: 0.99411
99156: 0.99411
99157: 0.99411
99158: 0.99411
99159: 0.994111
99160: 0.994111
99161: 0.994111
99162: 0.994111
99163: 0.994111
99164: 0.994111
99165: 0.994111
99166: 0.994111
99167: 0.994111
99168: 0.994111
99169: 0.994111
99170: 0.994111
99171: 0.994111
99172: 0.994111
99173: 0.994111
99174: 0.994111
99175: 0.994111
99176: 0.994112
99177: 0.994112
99178: 0.994112
99179: 0.994112
99180: 0.994112
99181: 0.994112
99182: 0.994112
99183: 0.994112
99184: 0.994112
99185: 0.994112
99186: 0.994112
99187: 0.994112
99188: 0.994112
99189: 0.994112
99190: 0.994112
99191: 0.994112
99192: 0.994112
99193: 0.994113
99194: 0.994113
99195: 0.994113
99196: 0.994113
99197: 0.994113
99198: 0.994113
99199: 0.994113
99200: 0.994113
99201: 0.994113
99202: 0.994113
99203: 0.994113
99204: 0.994113
99205: 0.994113
99206: 0.994113
99207: 0.994113
99208: 0.994113
99209: 0.994113
99210: 0.994114
99211: 0.994114
99212: 0.994114
99213: 0.994114
99214: 0.994114
99215: 0.994114
99216: 0.994114
99217: 0.994114
99218: 0.994114
99219: 0.994114
99220: 0.994114
99221: 0.994114
99222: 0.994114
99223: 0.994114
99224: 0.994114
99225: 0.994114
99226: 0.994115
99227: 0.994115
99228: 0.994115
99229: 0.994115
99230: 0.994115
99231: 0.994115
99232: 0.994115
99233: 0.994115
99234: 0.994115
99235: 0.994115
99236: 0.994115
99237: 0.994115
99238: 0.994115
99239: 0.994115
99240: 0.994115
99241: 0.994115
99242: 0.994115
99243: 0.994116
99244: 0.994116
99245: 0.994116
99246: 0.994116
99247: 0.994116
99248: 0.994116
99249: 0.994116
99250: 0.994116
99251: 0.994116
99252: 0.994116
99253: 0.994116
99254: 0.994116
99255: 0.994116
99256: 0.994116
99257: 0.994116
99258: 0.994116
99259: 0.994116
99260: 0.994117
99261: 0.994117
99262: 0.994107
99263: 0.994107
99264: 0.994107
99265: 0.994107
99266: 0.994107
99267: 0.994107
99268: 0.994107
99269: 0.994107
99270: 0.994107
99271: 0.994107
99272: 0.994107
99273: 0.994107
99274: 0.994107
99275: 0.994107
99276: 0.994107
99277: 0.994107
99278: 0.994108
99279: 0.994108
99280: 0.994108
99281: 0.994108
99282: 0.994108
99283: 0.994108
99284: 0.994108
99285: 0.994108
99286: 0.994108
99287: 0.994108
99288: 0.994108
99289: 0.994108
99290: 0.994108
99291: 0.994108
99292: 0.994098
99293: 0.994098
99294: 0.994098
99295: 0.994098
99296: 0.994099
99297: 0.994099
99298: 0.994099
99299: 0.994099
99300: 0.994099
99301: 0.994099
99302: 0.994099
99303: 0.994099
99304: 0.994099
99305: 0.994099
99306: 0.994099
99307: 0.994099
99308: 0.994099
99309: 0.994099
99310: 0.994099
99311: 0.994099
99312: 0.994099
99313: 0.9941
99314: 0.9941
99315: 0.9941
99316: 0.9941
99317: 0.9941
99318: 0.9941
99319: 0.9941
99320: 0.9941
99321: 0.9941
99322: 0.9941
99323: 0.9941
99324: 0.9941
99325: 0.9941
99326: 0.9941
99327: 0.9941
99328: 0.9941
99329: 0.9941
99330: 0.994101
99331: 0.994101
99332: 0.994101
99333: 0.994101
99334: 0.994101
99335: 0.994101
99336: 0.994101
99337: 0.994101
99338: 0.994101
99339: 0.994101
99340: 0.994101
99341: 0.994101
99342: 0.994101
99343: 0.994101
99344: 0.994101
99345: 0.994101
99346: 0.994101
99347: 0.994102
99348: 0.994102
99349: 0.994102
99350: 0.994102
99351: 0.994102
99352: 0.994102
99353: 0.994102
99354: 0.994102
99355: 0.994102
99356: 0.994102
99357: 0.994102
99358: 0.994102
99359: 0.994102
99360: 0.994102
99361: 0.994102
99362: 0.994102
99363: 0.994102
99364: 0.994103
99365: 0.994103
99366: 0.994103
99367: 0.994103
99368: 0.994103
99369: 0.994103
99370: 0.994103
99371: 0.994103
99372: 0.994103
99373: 0.994103
99374: 0.994103
99375: 0.994103
99376: 0.994103
99377: 0.994103
99378: 0.994103
99379: 0.994103
99380: 0.994104
99381: 0.994104
99382: 0.994104
99383: 0.994104
99384: 0.994104
99385: 0.994104
99386: 0.994104
99387: 0.994104
99388: 0.994104
99389: 0.994104
99390: 0.994104
99391: 0.994104
99392: 0.994104
99393: 0.994104
99394: 0.994104
99395: 0.994104
99396: 0.994104
99397: 0.994105
99398: 0.994105
99399: 0.994105
99400: 0.994105
99401: 0.994105
99402: 0.994105
99403: 0.994105
99404: 0.994105
99405: 0.994105
99406: 0.994105
99407: 0.994105
99408: 0.994105
99409: 0.994105
99410: 0.994105
99411: 0.994105
99412: 0.994105
99413: 0.994105
99414: 0.994106
99415: 0.994106
99416: 0.994106
99417: 0.994106
99418: 0.994106
99419: 0.994106
99420: 0.994106
99421: 0.994106
99422: 0.994106
99423: 0.994106
99424: 0.994106
99425: 0.994106
99426: 0.994106
99427: 0.994106
99428: 0.994106
99429: 0.994106
99430: 0.994106
99431: 0.994107
99432: 0.994107
99433: 0.994107
99434: 0.994107
99435: 0.994107
99436: 0.994107
99437: 0.994107
99438: 0.994107
99439: 0.994107
99440: 0.994107
99441: 0.994107
99442: 0.994107
99443: 0.994107
99444: 0.994107
99445: 0.994107
99446: 0.994107
99447: 0.994107
99448: 0.994108
99449: 0.994108
99450: 0.994108
99451: 0.994108
99452: 0.994108
99453: 0.994108
99454: 0.994108
99455: 0.994108
99456: 0.994108
99457: 0.994108
99458: 0.994108
99459: 0.994108
99460: 0.994108
99461: 0.994108
99462: 0.994108
99463: 0.994108
99464: 0.994108
99465: 0.994109
99466: 0.994109
99467: 0.994109
99468: 0.994109
99469: 0.994109
99470: 0.994109
99471: 0.994109
99472: 0.994109
99473: 0.994109
99474: 0.994109
99475: 0.994109
99476: 0.994109
99477: 0.994109
99478: 0.994109
99479: 0.994109
99480: 0.994109
99481: 0.994109
99482: 0.99411
99483: 0.99411
99484: 0.99411
99485: 0.99411
99486: 0.99411
99487: 0.99411
99488: 0.99411
99489: 0.99411
99490: 0.99411
99491: 0.99411
99492: 0.99411
99493: 0.99411
99494: 0.99411
99495: 0.99411
99496: 0.99411
99497: 0.99411
99498: 0.99411
99499: 0.994111
99500: 0.994111
99501: 0.994111
99502: 0.994111
99503: 0.994111
99504: 0.994111
99505: 0.994111
99506: 0.994111
99507: 0.994111
99508: 0.994111
99509: 0.994111
99510: 0.994111
99511: 0.994111
99512: 0.994111
99513: 0.994111
99514: 0.994111
99515: 0.994111
99516: 0.994112
99517: 0.994112
99518: 0.994112
99519: 0.994112
99520: 0.994112
99521: 0.994112
99522: 0.994112
99523: 0.994112
99524: 0.994112
99525: 0.994112
99526: 0.994112
99527: 0.994112
99528: 0.994112
99529: 0.994112
99530: 0.994112
99531: 0.994112
99532: 0.994113
99533: 0.994113
99534: 0.994113
99535: 0.994113
99536: 0.994113
99537: 0.994113
99538: 0.994113
99539: 0.994113
99540: 0.994113
99541: 0.994113
99542: 0.994113
99543: 0.994113
99544: 0.994113
99545: 0.994113
99546: 0.994113
99547: 0.994113
99548: 0.994113
99549: 0.994114
99550: 0.994114
99551: 0.994114
99552: 0.994114
99553: 0.994114
99554: 0.994114
99555: 0.994114
99556: 0.994114
99557: 0.994114
99558: 0.994114
99559: 0.994114
99560: 0.994114
99561: 0.994114
99562: 0.994114
99563: 0.994114
99564: 0.994114
99565: 0.994114
99566: 0.994115
99567: 0.994115
99568: 0.994115
99569: 0.994115
99570: 0.994115
99571: 0.994115
99572: 0.994115
99573: 0.994115
99574: 0.994115
99575: 0.994115
99576: 0.994115
99577: 0.994115
99578: 0.994115
99579: 0.994115
99580: 0.994115
99581: 0.994115
99582: 0.994115
99583: 0.994116
99584: 0.994116
99585: 0.994116
99586: 0.994116
99587: 0.994116
99588: 0.994116
99589: 0.994116
99590: 0.994116
99591: 0.994116
99592: 0.994116
99593: 0.994116
99594: 0.994116
99595: 0.994116
99596: 0.994116
99597: 0.994116
99598: 0.994116
99599: 0.994116
99600: 0.994117
99601: 0.994117
99602: 0.994107
99603: 0.994107
99604: 0.994107
99605: 0.994107
99606: 0.994107
99607: 0.994107
99608: 0.994107
99609: 0.994107
99610: 0.994107
99611: 0.994107
99612: 0.994107
99613: 0.994107
99614: 0.994107
99615: 0.994107
99616: 0.994107
99617: 0.994107
99618: 0.994108
99619: 0.994108
99620: 0.994108
99621: 0.994108
99622: 0.994108
99623: 0.994108
99624: 0.994108
99625: 0.994108
99626: 0.994108
99627: 0.994108
99628: 0.994108
99629: 0.994108
99630: 0.994108
99631: 0.994108
99632: 0.994108
99633: 0.994108
99634: 0.994108
99635: 0.994109
99636: 0.994109
99637: 0.994109
99638: 0.994109
99639: 0.994109
99640: 0.994109
99641: 0.994109
99642: 0.994109
99643: 0.994109
99644: 0.994109
99645: 0.994109
99646: 0.994109
99647: 0.994109
99648: 0.994109
99649: 0.994109
99650: 0.994109
99651: 0.99411
99652: 0.99411
99653: 0.99411
99654: 0.99411
99655: 0.99411
99656: 0.99411
99657: 0.99411
99658: 0.99411
99659: 0.99411
99660: 0.99411
99661: 0.99411
99662: 0.99411
99663: 0.99411
99664: 0.99411
99665: 0.99411
99666: 0.99411
99667: 0.99411
99668: 0.994111
99669: 0.994111
99670: 0.994111
99671: 0.994111
99672: 0.994111
99673: 0.994111
99674: 0.994111
99675: 0.994111
99676: 0.994111
99677: 0.994111
99678: 0.994111
99679: 0.994111
99680: 0.994111
99681: 0.994111
99682: 0.994111
99683: 0.994111
99684: 0.994111
99685: 0.994112
99686: 0.994112
99687: 0.994112
99688: 0.994112
99689: 0.994112
99690: 0.994112
99691: 0.994112
99692: 0.994112
99693: 0.994112
99694: 0.994112
99695: 0.994112
99696: 0.994112
99697: 0.994112
99698: 0.994112
99699: 0.994112
99700: 0.994112
99701: 0.994112
99702: 0.994113
99703: 0.994113
99704: 0.994113
99705: 0.994113
99706: 0.994113
99707: 0.994113
99708: 0.994113
99709: 0.994113
99710: 0.994113
99711: 0.994113
99712: 0.994113
99713: 0.994113
99714: 0.994113
99715: 0.994113
99716: 0.994113
99717: 0.994113
99718: 0.994113
99719: 0.994114
99720: 0.994114
99721: 0.994114
99722: 0.994114
99723: 0.994114
99724: 0.994114
99725: 0.994114
99726: 0.994114
99727: 0.994114
99728: 0.994114
99729: 0.994114
99730: 0.994114
99731: 0.994114
99732: 0.994114
99733: 0.994114
99734: 0.994114
99735: 0.994114
99736: 0.994115
99737: 0.994115
99738: 0.994115
99739: 0.994115
99740: 0.994115
99741: 0.994115
99742: 0.994115
99743: 0.994115
99744: 0.994115
99745: 0.994115
99746: 0.994115
99747: 0.994115
99748: 0.994115
99749: 0.994115
99750: 0.994115
99751: 0.994115
99752: 0.994115
99753: 0.994116
99754: 0.994116
99755: 0.994116
99756: 0.994116
99757: 0.994116
99758: 0.994116
99759: 0.994116
99760: 0.994116
99761: 0.994116
99762: 0.994116
99763: 0.994116
99764: 0.994116
99765: 0.994116
99766: 0.994116
99767: 0.994116
99768: 0.994116
99769: 0.994116
99770: 0.994117
99771: 0.994117
99772: 0.994117
99773: 0.994117
99774: 0.994117
99775: 0.994117
99776: 0.994117
99777: 0.994117
99778: 0.994117
99779: 0.994117
99780: 0.994117
99781: 0.994117
99782: 0.994117
99783: 0.994117
99784: 0.994117
99785: 0.994117
99786: 0.994117
99787: 0.994118
99788: 0.994118
99789: 0.994118
99790: 0.994118
99791: 0.994118
99792: 0.994118
99793: 0.994118
99794: 0.994118
99795: 0.994118
99796: 0.994118
99797: 0.994118
99798: 0.994118
99799: 0.994118
99800: 0.994118
99801: 0.994118
99802: 0.994118
99803: 0.994118
99804: 0.994119
99805: 0.994119
99806: 0.994119
99807: 0.994119
99808: 0.994119
99809: 0.994119
99810: 0.994119
99811: 0.994119
99812: 0.994119
99813: 0.994119
99814: 0.994119
99815: 0.994119
99816: 0.994119
99817: 0.994119
99818: 0.994119
99819: 0.994119
99820: 0.994119
99821: 0.99412
99822: 0.99412
99823: 0.99412
99824: 0.99412
99825: 0.99412
99826: 0.99412
99827: 0.99412
99828: 0.99412
99829: 0.99412
99830: 0.99412
99831: 0.99412
99832: 0.99412
99833: 0.99412
99834: 0.99412
99835: 0.99412
99836: 0.99412
99837: 0.99412
99838: 0.994121
99839: 0.994121
99840: 0.994121
99841: 0.994121
99842: 0.994111
99843: 0.994111
99844: 0.994111
99845: 0.994111
99846: 0.994111
99847: 0.994101
99848: 0.994101
99849: 0.994101
99850: 0.994101
99851: 0.994101
99852: 0.994101
99853: 0.994101
99854: 0.994101
99855: 0.994102
99856: 0.994102
99857: 0.994102
99858: 0.994102
99859: 0.994102
99860: 0.994102
99861: 0.994102
99862: 0.994102
99863: 0.994102
99864: 0.994102
99865: 0.994102
99866: 0.994102
99867: 0.994102
99868: 0.994102
99869: 0.994102
99870: 0.994102
99871: 0.994102
99872: 0.994103
99873: 0.994103
99874: 0.994103
99875: 0.994103
99876: 0.994103
99877: 0.994103
99878: 0.994103
99879: 0.994103
99880: 0.994103
99881: 0.994103
99882: 0.994103
99883: 0.994103
99884: 0.994103
99885: 0.994103
99886: 0.994103
99887: 0.994103
99888: 0.994103
99889: 0.994104
99890: 0.994104
99891: 0.994104
99892: 0.994104
99893: 0.994104
99894: 0.994104
99895: 0.994104
99896: 0.994104
99897: 0.994104
99898: 0.994104
99899: 0.994104
99900: 0.994104
99901: 0.994104
99902: 0.994104
99903: 0.994104
99904: 0.994104
99905: 0.994104
99906: 0.994105
99907: 0.994105
99908: 0.994105
99909: 0.994105
99910: 0.994105
99911: 0.994105
99912: 0.994105
99913: 0.994105
99914: 0.994105
99915: 0.994105
99916: 0.994105
99917: 0.994105
99918: 0.994105
99919: 0.994105
99920: 0.994105
99921: 0.994105
99922: 0.994105
99923: 0.994106
99924: 0.994106
99925: 0.994106
99926: 0.994106
99927: 0.994106
99928: 0.994106
99929: 0.994106
99930: 0.994106
99931: 0.994106
99932: 0.994106
99933: 0.994106
99934: 0.994106
99935: 0.994106
99936: 0.994106
99937: 0.994106
99938: 0.994106
99939: 0.994106
99940: 0.994107
99941: 0.994107
99942: 0.994107
99943: 0.994107
99944: 0.994107
99945: 0.994107
99946: 0.994107
99947: 0.994107
99948: 0.994107
99949: 0.994107
99950: 0.994107
99951: 0.994107
99952: 0.994107
99953: 0.994107
99954: 0.994107
99955: 0.994107
99956: 0.994107
99957: 0.994108
99958: 0.994108
99959: 0.994108
99960: 0.994108
99961: 0.994108
99962: 0.994108
99963: 0.994108
99964: 0.994108
99965: 0.994108
99966: 0.994108
99967: 0.994108
99968: 0.994108
99969: 0.994108
99970: 0.994108
99971: 0.994108
99972: 0.994108
99973: 0.994108
99974: 0.994109
99975: 0.994109
99976: 0.994109
99977: 0.994109
99978: 0.994109
99979: 0.994109
99980: 0.994109
99981: 0.994109
99982: 0.994109
99983: 0.994109
99984: 0.994109
99985: 0.994109
99986: 0.994109
99987: 0.994109
99988: 0.994109
99989: 0.994109
99990: 0.994109
99991: 0.99411
99992: 0.99411
99993: 0.99411
99994: 0.99411
99995: 0.99411
99996: 0.99411
99997: 0.99411
99998: 0.99411
99999: 0.99411
