0: 0
1: 0.5
2: 0.666667
3: 0.75
4: 0.8
5: 0.833333
6: 0.857143
7: 0.875
8: 0.888889
9: 0.9
10: 0.909091
11: 0.916667
12: 0.923077
13: 0.928571
14: 0.933333
15: 0.9375
16: 0.941176
17: 0.944444
18: 0.947368
19: 0.95
20: 0.952381
21: 0.954545
22: 0.956522
23: 0.958333
24: 0.96
25: 0.961538
26: 0.962963
27: 0.964286
28: 0.965517
29: 0.966667
30: 0.967742
31: 0.96875
32: 0.969697
33: 0.970588
34: 0.971429
35: 0.972222
36: 0.972973
37: 0.973684
38: 0.974359
39: 0.975
40: 0.95122
41: 0.952381
42: 0.953488
43: 0.954545
44: 0.955556
45: 0.956522
46: 0.957447
47: 0.958333
48: 0.959184
49: 0.96
50: 0.960784
51: 0.961538
52: 0.962264
53: 0.962963
54: 0.963636
55: 0.964286
56: 0.964912
57: 0.965517
58: 0.966102
59: 0.966667
60: 0.967213
61: 0.967742
62: 0.968254
63: 0.96875
64: 0.969231
65: 0.969697
66: 0.970149
67: 0.970588
68: 0.971014
69: 0.971429
70: 0.971831
71: 0.972222
72: 0.972603
73: 0.972973
74: 0.973333
75: 0.973684
76: 0.974026
77: 0.974359
78: 0.962025
79: 0.9625
80: 0.962963
81: 0.963415
82: 0.963855
83: 0.964286
84: 0.964706
85: 0.965116
86: 0.965517
87: 0.965909
88: 0.966292
89: 0.966667
90: 0.967033
91: 0.967391
92: 0.967742
93: 0.968085
94: 0.968421
95: 0.96875
96: 0.969072
97: 0.969388
98: 0.969697
99: 0.97
100: 0.970297
101: 0.970588
102: 0.970874
103: 0.971154
104: 0.971429
105: 0.971698
106: 0.971963
107: 0.972222
108: 0.972477
109: 0.972727
110: 0.972973
111: 0.973214
112: 0.973451
113: 0.973684
114: 0.973913
115: 0.974138
116: 0.974359
117: 0.974576
118: 0.97479
119: 0.975
120: 0.975207
121: 0.97541
122: 0.97561
123: 0.975806
124: 0.976
125: 0.97619
126: 0.976378
127: 0.976562
128: 0.976744
129: 0.976923
130: 0.977099
131: 0.977273
132: 0.977444
133: 0.977612
134: 0.977778
135: 0.977941
136: 0.978102
137: 0.978261
138: 0.978417
139: 0.978571
140: 0.978723
141: 0.978873
142: 0.979021
143: 0.979167
144: 0.97931
145: 0.979452
146: 0.979592
147: 0.97973
148: 0.979866
149: 0.98
150: 0.980132
151: 0.980263
152: 0.980392
153: 0.980519
154: 0.980645
155: 0.980769
156: 0.980892
157: 0.981013
158: 0.981132
159: 0.98125
160: 0.981366
161: 0.981481
162: 0.981595
163: 0.981707
164: 0.981818
165: 0.981928
166: 0.982036
167: 0.982143
168: 0.982249
169: 0.982353
170: 0.982456
171: 0.982558
172: 0.982659
173: 0.982759
174: 0.982857
175: 0.982955
176: 0.983051
177: 0.983146
178: 0.98324
179: 0.983333
180: 0.983425
181: 0.983516
182: 0.983607
183: 0.983696
184: 0.983784
185: 0.983871
186: 0.983957
187: 0.984043
188: 0.984127
189: 0.984211
190: 0.984293
191: 0.984375
192: 0.984456
193: 0.984536
194: 0.984615
195: 0.984694
196: 0.984772
197: 0.984848
198: 0.984925
199: 0.985
200: 0.985075
201: 0.985149
202: 0.985222
203: 0.985294
204: 0.985366
205: 0.985437
206: 0.985507
207: 0.985577
208: 0.985646
209: 0.985714
210: 0.985782
211: 0.985849
212: 0.985915
213: 0.985981
214: 0.986047
215: 0.986111
216: 0.986175
217: 0.986239
218: 0.986301
219: 0.986364
220: 0.986425
221: 0.986486
222: 0.986547
223: 0.986607
224: 0.986667
225: 0.986726
226: 0.986784
227: 0.986842
228: 0.9869
229: 0.986957
230: 0.987013
231: 0.987069
232: 0.987124
233: 0.987179
234: 0.987234
235: 0.987288
236: 0.987342
237: 0.983193
238: 0.983264
239: 0.983333
240: 0.983402
241: 0.983471
242: 0.983539
243: 0.983607
244: 0.983673
245: 0.98374
246: 0.983806
247: 0.983871
248: 0.983936
249: 0.984
250: 0.984064
251: 0.984127
252: 0.98419
253: 0.984252
254: 0.984314
255: 0.984375
256: 0.984436
257: 0.984496
258: 0.984556
259: 0.984615
260: 0.984674
261: 0.984733
262: 0.984791
263: 0.984848
264: 0.984906
265: 0.984962
266: 0.985019
267: 0.985075
268: 0.98513
269: 0.985185
270: 0.98524
271: 0.985294
272: 0.985348
273: 0.985401
274: 0.985455
275: 0.985507
276: 0.98556
277: 0.985612
278: 0.985663
279: 0.985714
280: 0.985765
281: 0.985816
282: 0.985866
283: 0.985915
284: 0.985965
285: 0.986014
286: 0.986063
287: 0.986111
288: 0.986159
289: 0.986207
290: 0.986254
291: 0.986301
292: 0.986348
293: 0.986395
294: 0.986441
295: 0.986486
296: 0.986532
297: 0.986577
298: 0.986622
299: 0.986667
300: 0.986711
301: 0.986755
302: 0.983498
303: 0.983553
304: 0.983607
305: 0.98366
306: 0.983713
307: 0.983766
308: 0.983819
309: 0.983871
310: 0.983923
311: 0.983974
312: 0.984026
313: 0.984076
314: 0.984127
315: 0.984177
316: 0.984227
317: 0.984277
318: 0.984326
319: 0.984375
320: 0.984424
321: 0.984472
322: 0.98452
323: 0.984568
324: 0.984615
325: 0.984663
326: 0.984709
327: 0.984756
328: 0.984802
329: 0.984848
330: 0.984894
331: 0.98494
332: 0.984985
333: 0.98503
334: 0.985075
335: 0.985119
336: 0.985163
337: 0.985207
338: 0.985251
339: 0.985294
340: 0.985337
341: 0.98538
342: 0.985423
343: 0.985465
344: 0.985507
345: 0.985549
346: 0.985591
347: 0.985632
348: 0.985673
349: 0.985714
350: 0.985755
351: 0.985795
352: 0.985836
353: 0.985876
354: 0.985915
355: 0.985955
356: 0.985994
357: 0.986034
358: 0.986072
359: 0.986111
360: 0.98615
361: 0.986188
362: 0.986226
363: 0.986264
364: 0.986301
365: 0.986339
366: 0.986376
367: 0.986413
368: 0.98645
369: 0.986486
370: 0.986523
371: 0.986559
372: 0.986595
373: 0.986631
374: 0.986667
375: 0.986702
376: 0.986737
377: 0.986772
378: 0.986807
379: 0.986842
380: 0.986877
381: 0.986911
382: 0.986945
383: 0.986979
384: 0.987013
385: 0.987047
386: 0.98708
387: 0.987113
388: 0.987147
389: 0.987179
390: 0.987212
391: 0.987245
392: 0.987277
393: 0.98731
394: 0.987342
395: 0.987374
396: 0.987406
397: 0.987437
398: 0.987469
399: 0.9875
400: 0.987531
401: 0.987562
402: 0.987593
403: 0.987624
404: 0.987654
405: 0.987685
406: 0.987715
407: 0.987745
408: 0.987775
409: 0.987805
410: 0.987835
411: 0.987864
412: 0.987893
413: 0.987923
414: 0.987952
415: 0.987981
416: 0.98801
417: 0.988038
418: 0.988067
419: 0.988095
420: 0.988124
421: 0.988152
422: 0.98818
423: 0.988208
424: 0.988235
425: 0.988263
426: 0.98829
427: 0.988318
428: 0.988345
429: 0.988372
430: 0.988399
431: 0.988426
432: 0.988453
433: 0.988479
434: 0.988506
435: 0.986239
436: 0.98627
437: 0.986301
438: 0.986333
439: 0.984091
440: 0.984127
441: 0.984163
442: 0.984199
443: 0.984234
444: 0.98427
445: 0.984305
446: 0.98434
447: 0.984375
448: 0.98441
449: 0.984444
450: 0.984479
451: 0.984513
452: 0.984547
453: 0.984581
454: 0.984615
455: 0.984649
456: 0.984683
457: 0.984716
458: 0.984749
459: 0.984783
460: 0.984816
461: 0.984848
462: 0.984881
463: 0.984914
464: 0.984946
465: 0.984979
466: 0.985011
467: 0.985043
468: 0.985075
469: 0.985106
470: 0.985138
471: 0.985169
472: 0.985201
473: 0.985232
474: 0.985263
475: 0.985294
476: 0.985325
477: 0.985356
478: 0.985386
479: 0.985417
480: 0.985447
481: 0.985477
482: 0.985507
483: 0.985537
484: 0.985567
485: 0.985597
486: 0.985626
487: 0.985656
488: 0.985685
489: 0.985714
490: 0.985743
491: 0.985772
492: 0.985801
493: 0.98583
494: 0.985859
495: 0.985887
496: 0.985915
497: 0.985944
498: 0.985972
499: 0.986
500: 0.986028
501: 0.986056
502: 0.986083
503: 0.986111
504: 0.986139
505: 0.986166
506: 0.986193
507: 0.98622
508: 0.986248
509: 0.986275
510: 0.986301
511: 0.986328
512: 0.986355
513: 0.986381
514: 0.986408
515: 0.986434
516: 0.98646
517: 0.986486
518: 0.986513
519: 0.986538
520: 0.986564
521: 0.98659
522: 0.986616
523: 0.986641
524: 0.986667
525: 0.986692
526: 0.986717
527: 0.986742
528: 0.986767
529: 0.986792
530: 0.986817
531: 0.986842
532: 0.986867
533: 0.986891
534: 0.986916
535: 0.98694
536: 0.986965
537: 0.986989
538: 0.987013
539: 0.987037
540: 0.987061
541: 0.987085
542: 0.985267
543: 0.983456
544: 0.983486
545: 0.983516
546: 0.983547
547: 0.983577
548: 0.983607
549: 0.983636
550: 0.983666
551: 0.983696
552: 0.983725
553: 0.983755
554: 0.983784
555: 0.983813
556: 0.983842
557: 0.983871
558: 0.9839
559: 0.983929
560: 0.983957
561: 0.983986
562: 0.984014
563: 0.984043
564: 0.984071
565: 0.984099
566: 0.984127
567: 0.984155
568: 0.984183
569: 0.984211
570: 0.984238
571: 0.984266
572: 0.984293
573: 0.984321
574: 0.984348
575: 0.984375
576: 0.984402
577: 0.984429
578: 0.984456
579: 0.984483
580: 0.984509
581: 0.984536
582: 0.984563
583: 0.984589
584: 0.984615
585: 0.984642
586: 0.984668
587: 0.984694
588: 0.98472
589: 0.984746
590: 0.984772
591: 0.984797
592: 0.984823
593: 0.984848
594: 0.984874
595: 0.984899
596: 0.984925
597: 0.98495
598: 0.984975
599: 0.985
600: 0.985025
601: 0.98505
602: 0.985075
603: 0.985099
604: 0.985124
605: 0.985149
606: 0.985173
607: 0.985197
608: 0.985222
609: 0.985246
610: 0.98527
611: 0.985294
612: 0.985318
613: 0.985342
614: 0.985366
615: 0.98539
616: 0.985413
617: 0.985437
618: 0.98546
619: 0.985484
620: 0.985507
621: 0.985531
622: 0.985554
623: 0.985577
624: 0.9856
625: 0.985623
626: 0.985646
627: 0.985669
628: 0.985692
629: 0.985714
630: 0.985737
631: 0.985759
632: 0.985782
633: 0.985804
634: 0.985827
635: 0.985849
636: 0.985871
637: 0.985893
638: 0.985915
639: 0.985938
640: 0.985959
641: 0.985981
642: 0.986003
643: 0.986025
644: 0.986047
645: 0.986068
646: 0.98609
647: 0.986111
648: 0.986133
649: 0.986154
650: 0.986175
651: 0.986196
652: 0.986217
653: 0.986239
654: 0.98626
655: 0.98628
656: 0.986301
657: 0.986322
658: 0.986343
659: 0.986364
660: 0.986384
661: 0.986405
662: 0.986425
663: 0.986446
664: 0.986466
665: 0.986486
666: 0.986507
667: 0.986527
668: 0.986547
669: 0.986567
670: 0.986587
671: 0.986607
672: 0.986627
673: 0.986647
674: 0.986667
675: 0.986686
676: 0.986706
677: 0.986726
678: 0.986745
679: 0.986765
680: 0.986784
681: 0.986804
682: 0.986823
683: 0.986842
684: 0.986861
685: 0.98688
686: 0.9869
687: 0.986919
688: 0.986938
689: 0.986957
690: 0.986975
691: 0.986994
692: 0.987013
693: 0.987032
694: 0.98705
695: 0.987069
696: 0.987088
697: 0.987106
698: 0.987124
699: 0.987143
700: 0.987161
701: 0.987179
702: 0.987198
703: 0.987216
704: 0.987234
705: 0.987252
706: 0.98727
707: 0.987288
708: 0.987306
709: 0.987324
710: 0.987342
711: 0.98736
712: 0.987377
713: 0.987395
714: 0.987413
715: 0.98743
716: 0.987448
717: 0.987465
718: 0.987483
719: 0.9875
720: 0.987517
721: 0.987535
722: 0.987552
723: 0.987569
724: 0.987586
725: 0.987603
726: 0.98762
727: 0.987637
728: 0.987654
729: 0.987671
730: 0.987688
731: 0.987705
732: 0.987722
733: 0.987738
734: 0.987755
735: 0.987772
736: 0.987788
737: 0.987805
738: 0.987821
739: 0.987838
740: 0.987854
741: 0.987871
742: 0.987887
743: 0.987903
744: 0.987919
745: 0.987936
746: 0.987952
747: 0.987968
748: 0.987984
749: 0.988
750: 0.988016
751: 0.988032
752: 0.988048
753: 0.988064
754: 0.988079
755: 0.988095
756: 0.988111
757: 0.988127
758: 0.988142
759: 0.988158
760: 0.988173
761: 0.988189
762: 0.988204
763: 0.98822
764: 0.988235
765: 0.988251
766: 0.988266
767: 0.988281
768: 0.988296
769: 0.988312
770: 0.988327
771: 0.988342
772: 0.988357
773: 0.988372
774: 0.988387
775: 0.988402
776: 0.988417
777: 0.988432
778: 0.988447
779: 0.988462
780: 0.988476
781: 0.988491
782: 0.988506
783: 0.98852
784: 0.988535
785: 0.98855
786: 0.988564
787: 0.988579
788: 0.988593
789: 0.988608
790: 0.988622
791: 0.988636
792: 0.988651
793: 0.988665
794: 0.988679
795: 0.988693
796: 0.988708
797: 0.988722
798: 0.988736
799: 0.98875
800: 0.988764
801: 0.988778
802: 0.988792
803: 0.988806
804: 0.98882
805: 0.988834
806: 0.988848
807: 0.987624
808: 0.987639
809: 0.987654
810: 0.98767
811: 0.987685
812: 0.9877
813: 0.987715
814: 0.98773
815: 0.987745
816: 0.98776
817: 0.987775
818: 0.98779
819: 0.987805
820: 0.98782
821: 0.987835
822: 0.987849
823: 0.987864
824: 0.987879
825: 0.987893
826: 0.987908
827: 0.987923
828: 0.987937
829: 0.987952
830: 0.987966
831: 0.987981
832: 0.987995
833: 0.98801
834: 0.988024
835: 0.988038
836: 0.988053
837: 0.988067
838: 0.988081
839: 0.988095
840: 0.988109
841: 0.988124
842: 0.988138
843: 0.988152
844: 0.988166
845: 0.98818
846: 0.988194
847: 0.988208
848: 0.988221
849: 0.988235
850: 0.988249
851: 0.988263
852: 0.988277
853: 0.98829
854: 0.988304
855: 0.988318
856: 0.988331
857: 0.988345
858: 0.988359
859: 0.988372
860: 0.988386
861: 0.988399
862: 0.988413
863: 0.988426
864: 0.988439
865: 0.988453
866: 0.988466
867: 0.988479
868: 0.988493
869: 0.988506
870: 0.988519
871: 0.988532
872: 0.988545
873: 0.988558
874: 0.988571
875: 0.988584
876: 0.988597
877: 0.98861
878: 0.988623
879: 0.988636
880: 0.988649
881: 0.988662
882: 0.988675
883: 0.988688
884: 0.988701
885: 0.988713
886: 0.988726
887: 0.988739
888: 0.988751
889: 0.988764
890: 0.988777
891: 0.988789
892: 0.988802
893: 0.988814
894: 0.988827
895: 0.988839
896: 0.988852
897: 0.988864
898: 0.988877
899: 0.988889
900: 0.988901
901: 0.988914
902: 0.988926
903: 0.988938
904: 0.98895
905: 0.988962
906: 0.988975
907: 0.988987
908: 0.988999
909: 0.989011
910: 0.989023
911: 0.989035
912: 0.989047
913: 0.989059
914: 0.989071
915: 0.989083
916: 0.989095
917: 0.989107
918: 0.989119
919: 0.98913
920: 0.989142
921: 0.989154
922: 0.989166
923: 0.989177
924: 0.989189
925: 0.989201
926: 0.989213
927: 0.989224
928: 0.989236
929: 0.989247
930: 0.989259
931: 0.98927
932: 0.989282
933: 0.989293
934: 0.989305
935: 0.989316
936: 0.989328
937: 0.989339
938: 0.98935
939: 0.988298
940: 0.987248
941: 0.987261
942: 0.987275
943: 0.986229
944: 0.986243
945: 0.986258
946: 0.986272
947: 0.986287
948: 0.986301
949: 0.986316
950: 0.98633
951: 0.986345
952: 0.986359
953: 0.986373
954: 0.986387
955: 0.986402
956: 0.986416
957: 0.98643
958: 0.986444
959: 0.986458
960: 0.986472
961: 0.986486
962: 0.986501
963: 0.986515
964: 0.986528
965: 0.986542
966: 0.986556
967: 0.98657
968: 0.986584
969: 0.986598
970: 0.986612
971: 0.986626
972: 0.986639
973: 0.986653
974: 0.986667
975: 0.98668
976: 0.986694
977: 0.986708
978: 0.986721
979: 0.986735
980: 0.986748
981: 0.986762
982: 0.986775
983: 0.986789
984: 0.986802
985: 0.986815
986: 0.986829
987: 0.986842
988: 0.986855
989: 0.986869
990: 0.986882
991: 0.986895
992: 0.986908
993: 0.986922
994: 0.986935
995: 0.986948
996: 0.986961
997: 0.986974
998: 0.986987
999: 0.987
1000: 0.987013
1001: 0.987026
1002: 0.987039
1003: 0.987052
1004: 0.987065
1005: 0.987078
1006: 0.98709
1007: 0.987103
1008: 0.987116
1009: 0.987129
1010: 0.987141
1011: 0.987154
1012: 0.987167
1013: 0.987179
1014: 0.987192
1015: 0.987205
1016: 0.987217
1017: 0.98723
1018: 0.987242
1019: 0.987255
1020: 0.987267
1021: 0.98728
1022: 0.987292
1023: 0.987305
1024: 0.987317
1025: 0.987329
1026: 0.987342
1027: 0.987354
1028: 0.987366
1029: 0.987379
1030: 0.987391
1031: 0.987403
1032: 0.987415
1033: 0.987427
1034: 0.98744
1035: 0.987452
1036: 0.987464
1037: 0.987476
1038: 0.987488
1039: 0.9875
1040: 0.987512
1041: 0.987524
1042: 0.987536
1043: 0.987548
1044: 0.98756
1045: 0.987572
1046: 0.987584
1047: 0.987595
1048: 0.987607
1049: 0.987619
1050: 0.987631
1051: 0.987643
1052: 0.987654
1053: 0.987666
1054: 0.987678
1055: 0.987689
1056: 0.987701
1057: 0.987713
1058: 0.987724
1059: 0.987736
1060: 0.987747
1061: 0.987759
1062: 0.98777
1063: 0.987782
1064: 0.987793
1065: 0.987805
1066: 0.987816
1067: 0.987828
1068: 0.987839
1069: 0.98785
1070: 0.987862
1071: 0.987873
1072: 0.987884
1073: 0.987896
1074: 0.987907
1075: 0.987918
1076: 0.987929
1077: 0.987941
1078: 0.987952
1079: 0.987963
1080: 0.987974
1081: 0.987985
1082: 0.987996
1083: 0.988007
1084: 0.988018
1085: 0.988029
1086: 0.98804
1087: 0.988051
1088: 0.988062
1089: 0.988073
1090: 0.988084
1091: 0.988095
1092: 0.988106
1093: 0.988117
1094: 0.988128
1095: 0.988139
1096: 0.988149
1097: 0.98816
1098: 0.988171
1099: 0.988182
1100: 0.988193
1101: 0.988203
1102: 0.988214
1103: 0.988225
1104: 0.988235
1105: 0.988246
1106: 0.988257
1107: 0.988267
1108: 0.988278
1109: 0.988288
1110: 0.988299
1111: 0.988309
1112: 0.98832
1113: 0.98833
1114: 0.988341
1115: 0.988351
1116: 0.988362
1117: 0.988372
1118: 0.988382
1119: 0.988393
1120: 0.988403
1121: 0.988414
1122: 0.988424
1123: 0.988434
1124: 0.988444
1125: 0.988455
1126: 0.988465
1127: 0.988475
1128: 0.988485
1129: 0.988496
1130: 0.988506
1131: 0.988516
1132: 0.988526
1133: 0.988536
1134: 0.988546
1135: 0.988556
1136: 0.988566
1137: 0.988576
1138: 0.988586
1139: 0.988596
1140: 0.988606
1141: 0.988616
1142: 0.988626
1143: 0.988636
1144: 0.988646
1145: 0.988656
1146: 0.988666
1147: 0.988676
1148: 0.988686
1149: 0.988696
1150: 0.988705
1151: 0.988715
1152: 0.988725
1153: 0.988735
1154: 0.988745
1155: 0.988754
1156: 0.988764
1157: 0.988774
1158: 0.988783
1159: 0.988793
1160: 0.988803
1161: 0.988812
1162: 0.988822
1163: 0.988832
1164: 0.988841
1165: 0.988851
1166: 0.98886
1167: 0.98887
1168: 0.988879
1169: 0.988889
1170: 0.988898
1171: 0.988908
1172: 0.988917
1173: 0.988927
1174: 0.988936
1175: 0.988946
1176: 0.988955
1177: 0.988964
1178: 0.988974
1179: 0.988983
1180: 0.988992
1181: 0.989002
1182: 0.989011
1183: 0.98902
1184: 0.98903
1185: 0.989039
1186: 0.989048
1187: 0.989057
1188: 0.989066
1189: 0.989076
1190: 0.989085
1191: 0.989094
1192: 0.989103
1193: 0.989112
1194: 0.989121
1195: 0.98913
1196: 0.98914
1197: 0.989149
1198: 0.989158
1199: 0.989167
1200: 0.989176
1201: 0.989185
1202: 0.989194
1203: 0.989203
1204: 0.989212
1205: 0.989221
1206: 0.989229
1207: 0.989238
1208: 0.989247
1209: 0.989256
1210: 0.989265
1211: 0.989274
1212: 0.989283
1213: 0.989292
1214: 0.9893
1215: 0.989309
1216: 0.989318
1217: 0.989327
1218: 0.989336
1219: 0.989344
1220: 0.989353
1221: 0.989362
1222: 0.98937
1223: 0.989379
1224: 0.989388
1225: 0.989396
1226: 0.989405
1227: 0.989414
1228: 0.989422
1229: 0.989431
1230: 0.989439
1231: 0.989448
1232: 0.989457
1233: 0.989465
1234: 0.989474
1235: 0.989482
1236: 0.989491
1237: 0.989499
1238: 0.989508
1239: 0.989516
1240: 0.989525
1241: 0.989533
1242: 0.989541
1243: 0.98955
1244: 0.989558
1245: 0.989567
1246: 0.989575
1247: 0.989583
1248: 0.989592
1249: 0.9896
1250: 0.989608
1251: 0.989617
1252: 0.989625
1253: 0.989633
1254: 0.989641
1255: 0.98965
1256: 0.989658
1257: 0.989666
1258: 0.989674
1259: 0.989683
1260: 0.989691
1261: 0.989699
1262: 0.989707
1263: 0.989715
1264: 0.989723
1265: 0.989731
1266: 0.98974
1267: 0.989748
1268: 0.989756
1269: 0.989764
1270: 0.989772
1271: 0.98978
1272: 0.989788
1273: 0.989796
1274: 0.989804
1275: 0.989812
1276: 0.98982
1277: 0.989828
1278: 0.989836
1279: 0.989844
1280: 0.989852
1281: 0.98986
1282: 0.989867
1283: 0.989875
1284: 0.989883
1285: 0.989891
1286: 0.989899
1287: 0.989907
1288: 0.989915
1289: 0.989922
1290: 0.98993
1291: 0.989938
1292: 0.989946
1293: 0.989954
1294: 0.989961
1295: 0.989969
1296: 0.989977
1297: 0.989985
1298: 0.989992
1299: 0.99
1300: 0.990008
1301: 0.990015
1302: 0.990023
1303: 0.990031
1304: 0.990038
1305: 0.990046
1306: 0.990054
1307: 0.990061
1308: 0.990069
1309: 0.990076
1310: 0.990084
1311: 0.990091
1312: 0.990099
1313: 0.990107
1314: 0.990114
1315: 0.990122
1316: 0.990129
1317: 0.990137
1318: 0.990144
1319: 0.990152
1320: 0.990159
1321: 0.990166
1322: 0.990174
1323: 0.990181
1324: 0.990189
1325: 0.990196
1326: 0.990203
1327: 0.990211
1328: 0.990218
1329: 0.990226
1330: 0.990233
1331: 0.99024
1332: 0.990248
1333: 0.990255
1334: 0.990262
1335: 0.990269
1336: 0.990277
1337: 0.990284
1338: 0.990291
1339: 0.990299
1340: 0.990306
1341: 0.990313
1342: 0.99032
1343: 0.990327
1344: 0.990335
1345: 0.990342
1346: 0.990349
1347: 0.990356
1348: 0.990363
1349: 0.99037
1350: 0.990377
1351: 0.990385
1352: 0.990392
1353: 0.990399
1354: 0.990406
1355: 0.990413
1356: 0.99042
1357: 0.990427
1358: 0.990434
1359: 0.990441
1360: 0.990448
1361: 0.990455
1362: 0.990462
1363: 0.990469
1364: 0.990476
1365: 0.990483
1366: 0.99049
1367: 0.990497
1368: 0.990504
1369: 0.990511
1370: 0.990518
1371: 0.990525
1372: 0.990532
1373: 0.990539
1374: 0.990545
1375: 0.990552
1376: 0.990559
1377: 0.990566
1378: 0.990573
1379: 0.99058
1380: 0.990587
1381: 0.990593
1382: 0.9906
1383: 0.990607
1384: 0.990614
1385: 0.99062
1386: 0.990627
1387: 0.990634
1388: 0.990641
1389: 0.990647
1390: 0.990654
1391: 0.990661
1392: 0.990668
1393: 0.990674
1394: 0.990681
1395: 0.990688
1396: 0.990694
1397: 0.990701
1398: 0.990708
1399: 0.990714
1400: 0.990721
1401: 0.990728
1402: 0.990734
1403: 0.990741
1404: 0.990747
1405: 0.990754
1406: 0.99076
1407: 0.990767
1408: 0.990774
1409: 0.99078
1410: 0.990787
1411: 0.990793
1412: 0.9908
1413: 0.990806
1414: 0.990813
1415: 0.990819
1416: 0.990826
1417: 0.990127
1418: 0.989429
1419: 0.988732
1420: 0.98874
1421: 0.988748
1422: 0.988756
1423: 0.988764
1424: 0.988772
1425: 0.98878
1426: 0.988788
1427: 0.988796
1428: 0.988803
1429: 0.988811
1430: 0.988819
1431: 0.988827
1432: 0.988835
1433: 0.988842
1434: 0.98885
1435: 0.988858
1436: 0.988866
1437: 0.988873
1438: 0.988881
1439: 0.988889
1440: 0.988897
1441: 0.988904
1442: 0.988912
1443: 0.98892
1444: 0.988927
1445: 0.988935
1446: 0.988943
1447: 0.98895
1448: 0.988958
1449: 0.988966
1450: 0.988973
1451: 0.988981
1452: 0.988988
1453: 0.988996
1454: 0.989003
1455: 0.989011
1456: 0.989019
1457: 0.989026
1458: 0.989034
1459: 0.989041
1460: 0.989049
1461: 0.989056
1462: 0.989064
1463: 0.989071
1464: 0.989078
1465: 0.989086
1466: 0.989093
1467: 0.989101
1468: 0.989108
1469: 0.989116
1470: 0.989123
1471: 0.98913
1472: 0.989138
1473: 0.989145
1474: 0.989153
1475: 0.98916
1476: 0.989167
1477: 0.989175
1478: 0.989182
1479: 0.989189
1480: 0.989196
1481: 0.989204
1482: 0.989211
1483: 0.989218
1484: 0.989226
1485: 0.989233
1486: 0.98924
1487: 0.989247
1488: 0.989255
1489: 0.989262
1490: 0.989269
1491: 0.989276
1492: 0.989283
1493: 0.98929
1494: 0.989298
1495: 0.989305
1496: 0.989312
1497: 0.989319
1498: 0.989326
1499: 0.989333
1500: 0.98934
1501: 0.989348
1502: 0.989355
1503: 0.989362
1504: 0.989369
1505: 0.989376
1506: 0.989383
1507: 0.98939
1508: 0.988734
1509: 0.988742
1510: 0.988749
1511: 0.988757
1512: 0.988764
1513: 0.988771
1514: 0.988779
1515: 0.988786
1516: 0.988794
1517: 0.988801
1518: 0.988808
1519: 0.988816
1520: 0.988823
1521: 0.98883
1522: 0.988838
1523: 0.988845
1524: 0.988852
1525: 0.98886
1526: 0.988867
1527: 0.988874
1528: 0.988882
1529: 0.988889
1530: 0.988896
1531: 0.988903
1532: 0.988911
1533: 0.988918
1534: 0.988925
1535: 0.988932
1536: 0.988939
1537: 0.988947
1538: 0.988954
1539: 0.988961
1540: 0.988968
1541: 0.988975
1542: 0.988983
1543: 0.98899
1544: 0.988997
1545: 0.989004
1546: 0.989011
1547: 0.989018
1548: 0.989025
1549: 0.989032
1550: 0.989039
1551: 0.989046
1552: 0.989053
1553: 0.98906
1554: 0.989068
1555: 0.989075
1556: 0.989082
1557: 0.989089
1558: 0.989096
1559: 0.989103
1560: 0.98911
1561: 0.989117
1562: 0.989123
1563: 0.98913
1564: 0.989137
1565: 0.989144
1566: 0.989151
1567: 0.989158
1568: 0.989165
1569: 0.989172
1570: 0.989179
1571: 0.989186
1572: 0.989193
1573: 0.989199
1574: 0.989206
1575: 0.989213
1576: 0.98922
1577: 0.989227
1578: 0.989234
1579: 0.989241
1580: 0.989247
1581: 0.989254
1582: 0.989261
1583: 0.989268
1584: 0.989274
1585: 0.989281
1586: 0.989288
1587: 0.989295
1588: 0.989301
1589: 0.989308
1590: 0.989315
1591: 0.989322
1592: 0.989328
1593: 0.989335
1594: 0.989342
1595: 0.989348
1596: 0.989355
1597: 0.989362
1598: 0.989368
1599: 0.989375
1600: 0.989382
1601: 0.989388
1602: 0.989395
1603: 0.989401
1604: 0.989408
1605: 0.989415
1606: 0.989421
1607: 0.989428
1608: 0.989434
1609: 0.989441
1610: 0.989448
1611: 0.989454
1612: 0.989461
1613: 0.989467
1614: 0.989474
1615: 0.98948
1616: 0.989487
1617: 0.989493
1618: 0.9895
1619: 0.989506
1620: 0.989513
1621: 0.989519
1622: 0.989526
1623: 0.989532
1624: 0.989538
1625: 0.989545
1626: 0.989551
1627: 0.989558
1628: 0.989564
1629: 0.989571
1630: 0.989577
1631: 0.989583
1632: 0.98959
1633: 0.989596
1634: 0.989602
1635: 0.989609
1636: 0.989615
1637: 0.989621
1638: 0.989628
1639: 0.989634
1640: 0.98964
1641: 0.989647
1642: 0.989653
1643: 0.989659
1644: 0.989666
1645: 0.989672
1646: 0.989678
1647: 0.989684
1648: 0.989691
1649: 0.989697
1650: 0.989703
1651: 0.989709
1652: 0.989716
1653: 0.989722
1654: 0.989728
1655: 0.989734
1656: 0.98974
1657: 0.989747
1658: 0.989753
1659: 0.989759
1660: 0.989765
1661: 0.989771
1662: 0.989778
1663: 0.989784
1664: 0.98979
1665: 0.989796
1666: 0.989802
1667: 0.989808
1668: 0.989814
1669: 0.98982
1670: 0.989826
1671: 0.989833
1672: 0.989839
1673: 0.989845
1674: 0.989851
1675: 0.989857
1676: 0.989863
1677: 0.989869
1678: 0.989875
1679: 0.989881
1680: 0.989887
1681: 0.989893
1682: 0.989899
1683: 0.989905
1684: 0.989911
1685: 0.989917
1686: 0.989923
1687: 0.989929
1688: 0.989935
1689: 0.989941
1690: 0.989947
1691: 0.989953
1692: 0.989959
1693: 0.989965
1694: 0.989971
1695: 0.989976
1696: 0.989982
1697: 0.989988
1698: 0.989994
1699: 0.99
1700: 0.990006
1701: 0.990012
1702: 0.990018
1703: 0.990023
1704: 0.990029
1705: 0.990035
1706: 0.990041
1707: 0.990047
1708: 0.990053
1709: 0.990058
1710: 0.990064
1711: 0.99007
1712: 0.990076
1713: 0.990082
1714: 0.990087
1715: 0.990093
1716: 0.990099
1717: 0.990105
1718: 0.990111
1719: 0.990116
1720: 0.990122
1721: 0.990128
1722: 0.990133
1723: 0.990139
1724: 0.990145
1725: 0.990151
1726: 0.990156
1727: 0.990162
1728: 0.990168
1729: 0.990173
1730: 0.990179
1731: 0.990185
1732: 0.99019
1733: 0.990196
1734: 0.990202
1735: 0.990207
1736: 0.990213
1737: 0.990219
1738: 0.990224
1739: 0.99023
1740: 0.990235
1741: 0.990241
1742: 0.990247
1743: 0.990252
1744: 0.990258
1745: 0.990263
1746: 0.990269
1747: 0.990275
1748: 0.99028
1749: 0.990286
1750: 0.990291
1751: 0.990297
1752: 0.990302
1753: 0.990308
1754: 0.990313
1755: 0.990319
1756: 0.990324
1757: 0.99033
1758: 0.990335
1759: 0.990341
1760: 0.990346
1761: 0.990352
1762: 0.990357
1763: 0.990363
1764: 0.990368
1765: 0.990374
1766: 0.990379
1767: 0.990385
1768: 0.99039
1769: 0.990395
1770: 0.990401
1771: 0.990406
1772: 0.990412
1773: 0.990417
1774: 0.990423
1775: 0.990428
1776: 0.990433
1777: 0.990439
1778: 0.990444
1779: 0.990449
1780: 0.990455
1781: 0.99046
1782: 0.990466
1783: 0.990471
1784: 0.990476
1785: 0.990482
1786: 0.990487
1787: 0.990492
1788: 0.990497
1789: 0.990503
1790: 0.990508
1791: 0.990513
1792: 0.990519
1793: 0.990524
1794: 0.990529
1795: 0.990535
1796: 0.99054
1797: 0.990545
1798: 0.99055
1799: 0.990556
1800: 0.990561
1801: 0.990566
1802: 0.990571
1803: 0.990576
1804: 0.990582
1805: 0.990587
1806: 0.990592
1807: 0.990597
1808: 0.990603
1809: 0.990608
1810: 0.990613
1811: 0.990618
1812: 0.990623
1813: 0.990628
1814: 0.990634
1815: 0.990639
1816: 0.990644
1817: 0.990649
1818: 0.990654
1819: 0.990659
1820: 0.990664
1821: 0.99067
1822: 0.990675
1823: 0.99068
1824: 0.990685
1825: 0.99069
1826: 0.990695
1827: 0.9907
1828: 0.990705
1829: 0.99071
1830: 0.990715
1831: 0.990721
1832: 0.990726
1833: 0.990731
1834: 0.990736
1835: 0.990741
1836: 0.990746
1837: 0.990751
1838: 0.990756
1839: 0.990761
1840: 0.990766
1841: 0.990771
1842: 0.990776
1843: 0.990781
1844: 0.990786
1845: 0.990791
1846: 0.990796
1847: 0.990801
1848: 0.990806
1849: 0.990811
1850: 0.990816
1851: 0.990821
1852: 0.990826
1853: 0.990831
1854: 0.990836
1855: 0.990841
1856: 0.990845
1857: 0.99085
1858: 0.990855
1859: 0.99086
1860: 0.990865
1861: 0.99087
1862: 0.990875
1863: 0.99088
1864: 0.990885
1865: 0.99089
1866: 0.990894
1867: 0.990899
1868: 0.990904
1869: 0.990374
1870: 0.990379
1871: 0.990385
1872: 0.99039
1873: 0.990395
1874: 0.9904
1875: 0.990405
1876: 0.99041
1877: 0.990415
1878: 0.99042
1879: 0.990426
1880: 0.990431
1881: 0.990436
1882: 0.990441
1883: 0.990446
1884: 0.990451
1885: 0.990456
1886: 0.990461
1887: 0.990466
1888: 0.990471
1889: 0.990476
1890: 0.990481
1891: 0.990486
1892: 0.990491
1893: 0.990496
1894: 0.990501
1895: 0.990506
1896: 0.990511
1897: 0.990516
1898: 0.990521
1899: 0.990526
1900: 0.990531
1901: 0.990536
1902: 0.990541
1903: 0.990546
1904: 0.990551
1905: 0.990556
1906: 0.990561
1907: 0.990566
1908: 0.990571
1909: 0.990576
1910: 0.990581
1911: 0.990586
1912: 0.990591
1913: 0.990596
1914: 0.990601
1915: 0.990605
1916: 0.99061
1917: 0.990615
1918: 0.99062
1919: 0.990625
1920: 0.99063
1921: 0.990635
1922: 0.99064
1923: 0.990644
1924: 0.990649
1925: 0.990654
1926: 0.990659
1927: 0.990664
1928: 0.990669
1929: 0.990674
1930: 0.990678
1931: 0.990683
1932: 0.990688
1933: 0.990693
1934: 0.990698
1935: 0.990702
1936: 0.990707
1937: 0.990712
1938: 0.990717
1939: 0.990722
1940: 0.990726
1941: 0.990731
1942: 0.990736
1943: 0.990741
1944: 0.990746
1945: 0.99075
1946: 0.990755
1947: 0.99076
1948: 0.990764
1949: 0.990769
1950: 0.990774
1951: 0.990779
1952: 0.990783
1953: 0.990788
1954: 0.990793
1955: 0.990798
1956: 0.990802
1957: 0.990807
1958: 0.990812
1959: 0.990816
1960: 0.990821
1961: 0.990826
1962: 0.99083
1963: 0.990835
1964: 0.99084
1965: 0.990844
1966: 0.990849
1967: 0.990854
1968: 0.990858
1969: 0.990863
1970: 0.990868
1971: 0.990872
1972: 0.990877
1973: 0.990881
1974: 0.990886
1975: 0.990891
1976: 0.990895
1977: 0.9909
1978: 0.990904
1979: 0.990909
1980: 0.990914
1981: 0.990918
1982: 0.990923
1983: 0.990927
1984: 0.990932
1985: 0.990937
1986: 0.990941
1987: 0.990946
1988: 0.99095
1989: 0.990955
1990: 0.990959
1991: 0.990964
1992: 0.990968
1993: 0.990973
1994: 0.990977
1995: 0.990982
1996: 0.990986
1997: 0.990991
1998: 0.990995
1999: 0.991
2000: 0.991004
2001: 0.991009
2002: 0.991013
2003: 0.991018
2004: 0.991022
2005: 0.991027
2006: 0.991031
2007: 0.991036
2008: 0.99104
2009: 0.991045
2010: 0.991049
2011: 0.991054
2012: 0.991058
2013: 0.991063
2014: 0.991067
2015: 0.991071
2016: 0.991076
2017: 0.99108
2018: 0.991085
2019: 0.991089
2020: 0.991094
2021: 0.991098
2022: 0.991102
2023: 0.991107
2024: 0.991111
2025: 0.991115
2026: 0.99112
2027: 0.991124
2028: 0.991129
2029: 0.991133
2030: 0.991137
2031: 0.991142
2032: 0.991146
2033: 0.99115
2034: 0.991155
2035: 0.991159
2036: 0.991163
2037: 0.991168
2038: 0.991172
2039: 0.991176
2040: 0.991181
2041: 0.991185
2042: 0.991189
2043: 0.991194
2044: 0.991198
2045: 0.991202
2046: 0.991207
2047: 0.991211
2048: 0.991215
2049: 0.99122
2050: 0.991224
2051: 0.991228
2052: 0.991232
2053: 0.991237
2054: 0.991241
2055: 0.991245
2056: 0.991249
2057: 0.991254
2058: 0.991258
2059: 0.991262
2060: 0.991266
2061: 0.991271
2062: 0.991275
2063: 0.991279
2064: 0.991283
2065: 0.991288
2066: 0.991292
2067: 0.991296
2068: 0.9913
2069: 0.991304
2070: 0.991309
2071: 0.991313
2072: 0.991317
2073: 0.991321
2074: 0.991325
2075: 0.991329
2076: 0.991334
2077: 0.991338
2078: 0.991342
2079: 0.991346
2080: 0.99135
2081: 0.991354
2082: 0.991359
2083: 0.991363
2084: 0.991367
2085: 0.991371
2086: 0.991375
2087: 0.991379
2088: 0.991383
2089: 0.991388
2090: 0.991392
2091: 0.991396
2092: 0.9914
2093: 0.991404
2094: 0.991408
2095: 0.991412
2096: 0.991416
2097: 0.99142
2098: 0.991424
2099: 0.991429
2100: 0.991433
2101: 0.991437
2102: 0.991441
2103: 0.991445
2104: 0.991449
2105: 0.991453
2106: 0.991457
2107: 0.991461
2108: 0.991465
2109: 0.991469
2110: 0.991473
2111: 0.991477
2112: 0.991481
2113: 0.991485
2114: 0.991489
2115: 0.991493
2116: 0.991497
2117: 0.991501
2118: 0.991505
2119: 0.991509
2120: 0.991513
2121: 0.991517
2122: 0.991521
2123: 0.991525
2124: 0.991529
2125: 0.991533
2126: 0.991537
2127: 0.991541
2128: 0.991545
2129: 0.991549
2130: 0.991553
2131: 0.991557
2132: 0.991561
2133: 0.991565
2134: 0.991569
2135: 0.991573
2136: 0.991577
2137: 0.991581
2138: 0.991585
2139: 0.991589
2140: 0.991593
2141: 0.991597
2142: 0.991601
2143: 0.991604
2144: 0.991608
2145: 0.991612
2146: 0.991616
2147: 0.99162
2148: 0.991624
2149: 0.991628
2150: 0.991632
2151: 0.991636
2152: 0.99164
2153: 0.991643
2154: 0.991647
2155: 0.991651
2156: 0.991655
2157: 0.991659
2158: 0.991663
2159: 0.991667
2160: 0.991671
2161: 0.991674
2162: 0.991678
2163: 0.991682
2164: 0.991686
2165: 0.99169
2166: 0.991694
2167: 0.991697
2168: 0.991701
2169: 0.991705
2170: 0.991709
2171: 0.991713
2172: 0.991717
2173: 0.99172
2174: 0.991724
2175: 0.991728
2176: 0.991732
2177: 0.991736
2178: 0.991739
2179: 0.991743
2180: 0.991747
2181: 0.991751
2182: 0.991754
2183: 0.991758
2184: 0.991762
2185: 0.991766
2186: 0.99177
2187: 0.991773
2188: 0.991777
2189: 0.991781
2190: 0.991785
2191: 0.991788
2192: 0.991792
2193: 0.991796
2194: 0.9918
2195: 0.991803
2196: 0.991807
2197: 0.991811
2198: 0.991814
2199: 0.991818
2200: 0.991822
2201: 0.991826
2202: 0.991829
2203: 0.991833
2204: 0.991837
2205: 0.99184
2206: 0.991844
2207: 0.991848
2208: 0.991852
2209: 0.991855
2210: 0.991859
2211: 0.991863
2212: 0.991866
2213: 0.99187
2214: 0.991874
2215: 0.991877
2216: 0.991881
2217: 0.991885
2218: 0.991888
2219: 0.991892
2220: 0.991896
2221: 0.991899
2222: 0.991903
2223: 0.991906
2224: 0.99191
2225: 0.991914
2226: 0.991917
2227: 0.991921
2228: 0.991925
2229: 0.991928
2230: 0.991932
2231: 0.991935
2232: 0.991939
2233: 0.991943
2234: 0.991946
2235: 0.99195
2236: 0.991954
2237: 0.991957
2238: 0.991961
2239: 0.991964
2240: 0.991968
2241: 0.991971
2242: 0.991975
2243: 0.991979
2244: 0.991982
2245: 0.991986
2246: 0.991989
2247: 0.991993
2248: 0.991996
2249: 0.992
2250: 0.992004
2251: 0.992007
2252: 0.992011
2253: 0.992014
2254: 0.992018
2255: 0.992021
2256: 0.992025
2257: 0.992028
2258: 0.992032
2259: 0.992035
2260: 0.992039
2261: 0.992042
2262: 0.992046
2263: 0.992049
2264: 0.992053
2265: 0.992056
2266: 0.99206
2267: 0.992063
2268: 0.992067
2269: 0.99207
2270: 0.992074
2271: 0.992077
2272: 0.992081
2273: 0.992084
2274: 0.992088
2275: 0.992091
2276: 0.992095
2277: 0.992098
2278: 0.992102
2279: 0.992105
2280: 0.992109
2281: 0.992112
2282: 0.992116
2283: 0.992119
2284: 0.992123
2285: 0.992126
2286: 0.992129
2287: 0.992133
2288: 0.992136
2289: 0.99214
2290: 0.992143
2291: 0.992147
2292: 0.99215
2293: 0.992153
2294: 0.992157
2295: 0.99216
2296: 0.992164
2297: 0.992167
2298: 0.992171
2299: 0.992174
2300: 0.992177
2301: 0.992181
2302: 0.992184
2303: 0.992188
2304: 0.992191
2305: 0.992194
2306: 0.992198
2307: 0.992201
2308: 0.992204
2309: 0.992208
2310: 0.992211
2311: 0.992215
2312: 0.992218
2313: 0.992221
2314: 0.992225
2315: 0.992228
2316: 0.992231
2317: 0.992235
2318: 0.992238
2319: 0.992241
2320: 0.992245
2321: 0.992248
2322: 0.992251
2323: 0.992255
2324: 0.992258
2325: 0.992261
2326: 0.992265
2327: 0.992268
2328: 0.992271
2329: 0.992275
2330: 0.992278
2331: 0.992281
2332: 0.992285
2333: 0.992288
2334: 0.992291
2335: 0.992295
2336: 0.992298
2337: 0.992301
2338: 0.992304
2339: 0.992308
2340: 0.992311
2341: 0.992314
2342: 0.992318
2343: 0.992321
2344: 0.992324
2345: 0.992327
2346: 0.992331
2347: 0.992334
2348: 0.992337
2349: 0.99234
2350: 0.992344
2351: 0.992347
2352: 0.99235
2353: 0.992353
2354: 0.992357
2355: 0.99236
2356: 0.992363
2357: 0.992366
2358: 0.99237
2359: 0.992373
2360: 0.992376
2361: 0.992379
2362: 0.992383
2363: 0.992386
2364: 0.992389
2365: 0.992392
2366: 0.992395
2367: 0.992399
2368: 0.992402
2369: 0.992405
2370: 0.992408
2371: 0.992411
2372: 0.992415
2373: 0.992418
2374: 0.992421
2375: 0.992424
2376: 0.992427
2377: 0.992431
2378: 0.992434
2379: 0.992437
2380: 0.99244
2381: 0.992443
2382: 0.992446
2383: 0.99245
2384: 0.992453
2385: 0.992456
2386: 0.992459
2387: 0.992462
2388: 0.992465
2389: 0.992469
2390: 0.992472
2391: 0.992475
2392: 0.992478
2393: 0.992481
2394: 0.992484
2395: 0.992487
2396: 0.992491
2397: 0.992494
2398: 0.992497
2399: 0.9925
2400: 0.992503
2401: 0.992506
2402: 0.992509
2403: 0.992512
2404: 0.992516
2405: 0.992519
2406: 0.992522
2407: 0.992525
2408: 0.992528
2409: 0.992531
2410: 0.992534
2411: 0.992537
2412: 0.99254
2413: 0.992543
2414: 0.992547
2415: 0.99255
2416: 0.992553
2417: 0.992556
2418: 0.992559
2419: 0.992562
2420: 0.992565
2421: 0.992568
2422: 0.992571
2423: 0.992574
2424: 0.992577
2425: 0.99258
2426: 0.992583
2427: 0.992586
2428: 0.99259
2429: 0.992593
2430: 0.992596
2431: 0.992599
2432: 0.992602
2433: 0.992605
2434: 0.992608
2435: 0.992611
2436: 0.992614
2437: 0.992617
2438: 0.99262
2439: 0.992623
2440: 0.992626
2441: 0.992629
2442: 0.992632
2443: 0.992635
2444: 0.992638
2445: 0.992641
2446: 0.992644
2447: 0.992647
2448: 0.99265
2449: 0.992653
2450: 0.992656
2451: 0.992659
2452: 0.992662
2453: 0.992665
2454: 0.992668
2455: 0.992671
2456: 0.992674
2457: 0.992677
2458: 0.99268
2459: 0.992683
2460: 0.992686
2461: 0.992689
2462: 0.992692
2463: 0.992695
2464: 0.992698
2465: 0.992701
2466: 0.992704
2467: 0.992707
2468: 0.99271
2469: 0.992713
2470: 0.992715
2471: 0.992718
2472: 0.992721
2473: 0.992724
2474: 0.992727
2475: 0.99273
2476: 0.992733
2477: 0.992736
2478: 0.992739
2479: 0.992742
2480: 0.992745
2481: 0.992748
2482: 0.992751
2483: 0.992754
2484: 0.992757
2485: 0.992759
2486: 0.992762
2487: 0.992765
2488: 0.992768
2489: 0.992771
2490: 0.992774
2491: 0.992777
2492: 0.99278
2493: 0.992783
2494: 0.992786
2495: 0.992788
2496: 0.992791
2497: 0.992794
2498: 0.992797
2499: 0.9928
2500: 0.992803
2501: 0.992806
2502: 0.992809
2503: 0.992812
2504: 0.992814
2505: 0.992817
2506: 0.99282
2507: 0.992823
2508: 0.992826
2509: 0.992829
2510: 0.992832
2511: 0.992834
2512: 0.992837
2513: 0.99284
2514: 0.992843
2515: 0.992846
2516: 0.992849
2517: 0.992851
2518: 0.992854
2519: 0.992857
2520: 0.99286
2521: 0.992863
2522: 0.992866
2523: 0.992868
2524: 0.992871
2525: 0.992874
2526: 0.992877
2527: 0.99288
2528: 0.992883
2529: 0.992885
2530: 0.992888
2531: 0.992891
2532: 0.992894
2533: 0.992897
2534: 0.992899
2535: 0.992902
2536: 0.992905
2537: 0.992908
2538: 0.992911
2539: 0.992913
2540: 0.992916
2541: 0.992919
2542: 0.992922
2543: 0.992925
2544: 0.992927
2545: 0.99293
2546: 0.992933
2547: 0.992936
2548: 0.992938
2549: 0.992941
2550: 0.992944
2551: 0.992947
2552: 0.992949
2553: 0.992952
2554: 0.992955
2555: 0.992958
2556: 0.992961
2557: 0.992963
2558: 0.992966
2559: 0.992969
2560: 0.992971
2561: 0.992974
2562: 0.992977
2563: 0.99298
2564: 0.992982
2565: 0.992985
2566: 0.992988
2567: 0.992991
2568: 0.992993
2569: 0.992996
2570: 0.992999
2571: 0.993002
2572: 0.993004
2573: 0.993007
2574: 0.99301
2575: 0.993012
2576: 0.993015
2577: 0.993018
2578: 0.993021
2579: 0.993023
2580: 0.993026
2581: 0.993029
2582: 0.993031
2583: 0.993034
2584: 0.993037
2585: 0.993039
2586: 0.993042
2587: 0.993045
2588: 0.993048
2589: 0.99305
2590: 0.993053
2591: 0.993056
2592: 0.993058
2593: 0.993061
2594: 0.993064
2595: 0.993066
2596: 0.993069
2597: 0.993072
2598: 0.993074
2599: 0.993077
2600: 0.99308
2601: 0.993082
2602: 0.993085
2603: 0.993088
2604: 0.99309
2605: 0.993093
2606: 0.993096
2607: 0.993098
2608: 0.993101
2609: 0.993103
2610: 0.993106
2611: 0.993109
2612: 0.993111
2613: 0.993114
2614: 0.993117
2615: 0.993119
2616: 0.993122
2617: 0.993125
2618: 0.993127
2619: 0.99313
2620: 0.993132
2621: 0.993135
2622: 0.993138
2623: 0.99314
2624: 0.993143
2625: 0.993145
2626: 0.993148
2627: 0.993151
2628: 0.993153
2629: 0.993156
2630: 0.993158
2631: 0.993161
2632: 0.993164
2633: 0.993166
2634: 0.993169
2635: 0.993171
2636: 0.993174
2637: 0.993177
2638: 0.993179
2639: 0.993182
2640: 0.993184
2641: 0.993187
2642: 0.99319
2643: 0.993192
2644: 0.993195
2645: 0.993197
2646: 0.9932
2647: 0.993202
2648: 0.993205
2649: 0.993208
2650: 0.99321
2651: 0.993213
2652: 0.993215
2653: 0.993218
2654: 0.99322
2655: 0.993223
2656: 0.993225
2657: 0.993228
2658: 0.993231
2659: 0.993233
2660: 0.993236
2661: 0.993238
2662: 0.993241
2663: 0.993243
2664: 0.993246
2665: 0.993248
2666: 0.993251
2667: 0.993253
2668: 0.993256
2669: 0.993258
2670: 0.993261
2671: 0.993263
2672: 0.993266
2673: 0.993269
2674: 0.993271
2675: 0.993274
2676: 0.993276
2677: 0.993279
2678: 0.993281
2679: 0.993284
2680: 0.993286
2681: 0.993289
2682: 0.993291
2683: 0.993294
2684: 0.993296
2685: 0.993299
2686: 0.993301
2687: 0.993304
2688: 0.993306
2689: 0.993309
2690: 0.993311
2691: 0.993314
2692: 0.993316
2693: 0.993318
2694: 0.993321
2695: 0.993323
2696: 0.993326
2697: 0.993328
2698: 0.993331
2699: 0.993333
2700: 0.993336
2701: 0.993338
2702: 0.993341
2703: 0.993343
2704: 0.993346
2705: 0.993348
2706: 0.993351
2707: 0.993353
2708: 0.993355
2709: 0.993358
2710: 0.99336
2711: 0.993363
2712: 0.993365
2713: 0.993368
2714: 0.99337
2715: 0.993373
2716: 0.993375
2717: 0.993377
2718: 0.99338
2719: 0.993382
2720: 0.993385
2721: 0.993387
2722: 0.99339
2723: 0.993392
2724: 0.993394
2725: 0.993397
2726: 0.993399
2727: 0.993402
2728: 0.993404
2729: 0.993407
2730: 0.993409
2731: 0.993411
2732: 0.993414
2733: 0.993416
2734: 0.993419
2735: 0.993421
2736: 0.993423
2737: 0.993426
2738: 0.993428
2739: 0.993431
2740: 0.993433
2741: 0.993435
2742: 0.993438
2743: 0.99344
2744: 0.993443
2745: 0.993445
2746: 0.993447
2747: 0.99345
2748: 0.993452
2749: 0.993455
2750: 0.993457
2751: 0.993459
2752: 0.993462
2753: 0.993464
2754: 0.993466
2755: 0.993469
2756: 0.993471
2757: 0.993474
2758: 0.993476
2759: 0.993478
2760: 0.993481
2761: 0.993483
2762: 0.993485
2763: 0.993488
2764: 0.99349
2765: 0.993492
2766: 0.993495
2767: 0.993497
2768: 0.993499
2769: 0.993502
2770: 0.993504
2771: 0.993506
2772: 0.993509
2773: 0.993511
2774: 0.993514
2775: 0.993516
2776: 0.993518
2777: 0.993521
2778: 0.993523
2779: 0.993525
2780: 0.993528
2781: 0.99353
2782: 0.993532
2783: 0.993534
2784: 0.993537
2785: 0.993539
2786: 0.993541
2787: 0.993544
2788: 0.993546
2789: 0.993548
2790: 0.993551
2791: 0.993553
2792: 0.993555
2793: 0.993558
2794: 0.99356
2795: 0.993562
2796: 0.993565
2797: 0.993567
2798: 0.993569
2799: 0.993571
2800: 0.993574
2801: 0.993576
2802: 0.993578
2803: 0.993581
2804: 0.993583
2805: 0.993585
2806: 0.993587
2807: 0.99359
2808: 0.993592
2809: 0.993594
2810: 0.993597
2811: 0.993599
2812: 0.993601
2813: 0.993603
2814: 0.993606
2815: 0.993608
2816: 0.99361
2817: 0.993612
2818: 0.993615
2819: 0.993617
2820: 0.993619
2821: 0.993622
2822: 0.993624
2823: 0.993626
2824: 0.993628
2825: 0.993631
2826: 0.993633
2827: 0.993635
2828: 0.993637
2829: 0.99364
2830: 0.993642
2831: 0.993644
2832: 0.993646
2833: 0.993649
2834: 0.993651
2835: 0.993653
2836: 0.993655
2837: 0.993658
2838: 0.99366
2839: 0.993662
2840: 0.993664
2841: 0.993666
2842: 0.993669
2843: 0.993671
2844: 0.993673
2845: 0.993675
2846: 0.993678
2847: 0.99368
2848: 0.993682
2849: 0.993684
2850: 0.993686
2851: 0.993689
2852: 0.993691
2853: 0.993693
2854: 0.993695
2855: 0.993697
2856: 0.9937
2857: 0.993702
2858: 0.993704
2859: 0.993706
2860: 0.993708
2861: 0.993711
2862: 0.993713
2863: 0.993715
2864: 0.993717
2865: 0.993719
2866: 0.993722
2867: 0.993724
2868: 0.993726
2869: 0.993728
2870: 0.99373
2871: 0.993733
2872: 0.993735
2873: 0.993737
2874: 0.993739
2875: 0.993741
2876: 0.993743
2877: 0.993746
2878: 0.993748
2879: 0.99375
2880: 0.993752
2881: 0.993754
2882: 0.993757
2883: 0.993759
2884: 0.993761
2885: 0.993763
2886: 0.993765
2887: 0.993767
2888: 0.993769
2889: 0.993772
2890: 0.993774
2891: 0.993776
2892: 0.993778
2893: 0.99378
2894: 0.993782
2895: 0.993785
2896: 0.993787
2897: 0.993789
2898: 0.993791
2899: 0.993793
2900: 0.993795
2901: 0.993797
2902: 0.9938
2903: 0.993802
2904: 0.993804
2905: 0.993806
2906: 0.993808
2907: 0.99381
2908: 0.993812
2909: 0.993814
2910: 0.993817
2911: 0.993819
2912: 0.993821
2913: 0.993823
2914: 0.993825
2915: 0.993827
2916: 0.993829
2917: 0.993831
2918: 0.993834
2919: 0.993836
2920: 0.993838
2921: 0.99384
2922: 0.993842
2923: 0.993844
2924: 0.993846
2925: 0.993848
2926: 0.99385
2927: 0.993852
2928: 0.993855
2929: 0.993857
2930: 0.993859
2931: 0.993861
2932: 0.993863
2933: 0.993865
2934: 0.993867
2935: 0.993869
2936: 0.993871
2937: 0.993873
2938: 0.993875
2939: 0.993878
2940: 0.99388
2941: 0.993882
2942: 0.993884
2943: 0.993886
2944: 0.993888
2945: 0.99389
2946: 0.993892
2947: 0.993894
2948: 0.993896
2949: 0.993898
2950: 0.9939
2951: 0.993902
2952: 0.993905
2953: 0.993907
2954: 0.993909
2955: 0.993911
2956: 0.993913
2957: 0.993915
2958: 0.993917
2959: 0.993919
2960: 0.993921
2961: 0.993923
2962: 0.993925
2963: 0.993927
2964: 0.993929
2965: 0.993931
2966: 0.993933
2967: 0.993935
2968: 0.993937
2969: 0.993939
2970: 0.993941
2971: 0.993943
2972: 0.993946
2973: 0.993948
2974: 0.99395
2975: 0.993952
2976: 0.993954
2977: 0.993956
2978: 0.993958
2979: 0.99396
2980: 0.993962
2981: 0.993964
2982: 0.993966
2983: 0.993968
2984: 0.99397
2985: 0.993972
2986: 0.993974
2987: 0.993976
2988: 0.993978
2989: 0.99398
2990: 0.993982
2991: 0.993984
2992: 0.993986
2993: 0.993988
2994: 0.99399
2995: 0.993992
2996: 0.993994
2997: 0.993996
2998: 0.993998
2999: 0.994
3000: 0.994002
3001: 0.994004
3002: 0.994006
3003: 0.994008
3004: 0.99401
3005: 0.994012
3006: 0.994014
3007: 0.994016
3008: 0.994018
3009: 0.99402
3010: 0.994022
3011: 0.994024
3012: 0.994026
3013: 0.994028
3014: 0.99403
3015: 0.994032
3016: 0.994034
3017: 0.994036
3018: 0.994038
3019: 0.99404
3020: 0.994042
3021: 0.994044
3022: 0.994046
3023: 0.994048
3024: 0.99405
3025: 0.994052
3026: 0.994054
3027: 0.994055
3028: 0.994057
3029: 0.994059
3030: 0.994061
3031: 0.994063
3032: 0.994065
3033: 0.994067
3034: 0.994069
3035: 0.994071
3036: 0.994073
3037: 0.994075
3038: 0.994077
3039: 0.994079
3040: 0.994081
3041: 0.994083
3042: 0.994085
3043: 0.994087
3044: 0.994089
3045: 0.994091
3046: 0.994093
3047: 0.994094
3048: 0.994096
3049: 0.994098
3050: 0.9941
3051: 0.994102
3052: 0.994104
3053: 0.994106
3054: 0.994108
3055: 0.99411
3056: 0.994112
3057: 0.994114
3058: 0.994116
3059: 0.994118
3060: 0.99412
3061: 0.994121
3062: 0.994123
3063: 0.994125
3064: 0.994127
3065: 0.994129
3066: 0.994131
3067: 0.994133
3068: 0.994135
3069: 0.994137
3070: 0.994139
3071: 0.994141
3072: 0.994143
3073: 0.994144
3074: 0.994146
3075: 0.994148
3076: 0.99415
3077: 0.994152
3078: 0.994154
3079: 0.994156
3080: 0.994158
3081: 0.99416
3082: 0.994162
3083: 0.994163
3084: 0.994165
3085: 0.994167
3086: 0.994169
3087: 0.994171
3088: 0.994173
3089: 0.994175
3090: 0.994177
3091: 0.994179
3092: 0.99418
3093: 0.994182
3094: 0.994184
3095: 0.994186
3096: 0.994188
3097: 0.99419
3098: 0.994192
3099: 0.994194
3100: 0.994195
3101: 0.994197
3102: 0.994199
3103: 0.994201
3104: 0.994203
3105: 0.994205
3106: 0.994207
3107: 0.994208
3108: 0.99421
3109: 0.994212
3110: 0.994214
3111: 0.994216
3112: 0.994218
3113: 0.99422
3114: 0.994222
3115: 0.994223
3116: 0.994225
3117: 0.994227
3118: 0.994229
3119: 0.994231
3120: 0.994233
3121: 0.994234
3122: 0.994236
3123: 0.994238
3124: 0.99424
3125: 0.994242
3126: 0.994244
3127: 0.994246
3128: 0.994247
3129: 0.994249
3130: 0.994251
3131: 0.994253
3132: 0.994255
3133: 0.994257
3134: 0.994258
3135: 0.99426
3136: 0.994262
3137: 0.994264
3138: 0.994266
3139: 0.994268
3140: 0.994269
3141: 0.994271
3142: 0.994273
3143: 0.994275
3144: 0.994277
3145: 0.994278
3146: 0.99428
3147: 0.994282
3148: 0.994284
3149: 0.994286
3150: 0.994288
3151: 0.994289
3152: 0.994291
3153: 0.994293
3154: 0.994295
3155: 0.994297
3156: 0.994298
3157: 0.9943
3158: 0.994302
3159: 0.994304
3160: 0.994306
3161: 0.994307
3162: 0.994309
3163: 0.994311
3164: 0.994313
3165: 0.994315
3166: 0.994316
3167: 0.994318
3168: 0.99432
3169: 0.994322
3170: 0.994324
3171: 0.994325
3172: 0.994327
3173: 0.994329
3174: 0.994331
3175: 0.994332
3176: 0.994334
3177: 0.994336
3178: 0.994338
3179: 0.99434
3180: 0.994341
3181: 0.994343
3182: 0.994345
3183: 0.994347
3184: 0.994349
3185: 0.99435
3186: 0.994352
3187: 0.994354
3188: 0.994356
3189: 0.994357
3190: 0.994359
3191: 0.994361
3192: 0.994363
3193: 0.994364
3194: 0.994366
3195: 0.994368
3196: 0.99437
3197: 0.994371
3198: 0.994373
3199: 0.994375
3200: 0.994377
3201: 0.994379
3202: 0.99438
3203: 0.994382
3204: 0.994384
3205: 0.994386
3206: 0.994387
3207: 0.994389
3208: 0.994391
3209: 0.994393
3210: 0.994394
3211: 0.994396
3212: 0.994398
3213: 0.9944
3214: 0.994401
3215: 0.994403
3216: 0.994405
3217: 0.994406
3218: 0.994408
3219: 0.99441
3220: 0.994412
3221: 0.994413
3222: 0.994415
3223: 0.994417
3224: 0.994419
3225: 0.99442
3226: 0.994422
3227: 0.994424
3228: 0.994426
3229: 0.994427
3230: 0.994429
3231: 0.994431
3232: 0.994432
3233: 0.994434
3234: 0.994436
3235: 0.994438
3236: 0.994439
3237: 0.994441
3238: 0.994443
3239: 0.994444
3240: 0.994446
3241: 0.994448
3242: 0.99445
3243: 0.994451
3244: 0.994453
3245: 0.994455
3246: 0.994456
3247: 0.994458
3248: 0.99446
3249: 0.994462
3250: 0.994463
3251: 0.994465
3252: 0.994467
3253: 0.994468
3254: 0.99447
3255: 0.994472
3256: 0.994473
3257: 0.994475
3258: 0.994477
3259: 0.994479
3260: 0.99448
3261: 0.994482
3262: 0.994484
3263: 0.994485
3264: 0.994487
3265: 0.994489
3266: 0.99449
3267: 0.994492
3268: 0.994494
3269: 0.994495
3270: 0.994497
3271: 0.994499
3272: 0.9945
3273: 0.994502
3274: 0.994504
3275: 0.994505
3276: 0.994507
3277: 0.994509
3278: 0.994511
3279: 0.994512
3280: 0.994514
3281: 0.994516
3282: 0.994517
3283: 0.994519
3284: 0.994521
3285: 0.994522
3286: 0.994524
3287: 0.994526
3288: 0.994527
3289: 0.994529
3290: 0.994531
3291: 0.994532
3292: 0.994534
3293: 0.994536
3294: 0.994537
3295: 0.994539
3296: 0.99454
3297: 0.994542
3298: 0.994544
3299: 0.994545
3300: 0.994547
3301: 0.994549
3302: 0.99455
3303: 0.994552
3304: 0.994554
3305: 0.994555
3306: 0.994557
3307: 0.994559
3308: 0.99456
3309: 0.994562
3310: 0.994564
3311: 0.994565
3312: 0.994567
3313: 0.994568
3314: 0.99457
3315: 0.994572
3316: 0.994573
3317: 0.994575
3318: 0.994577
3319: 0.994578
3320: 0.99458
3321: 0.994582
3322: 0.994583
3323: 0.994585
3324: 0.994586
3325: 0.994588
3326: 0.99459
3327: 0.994591
3328: 0.994593
3329: 0.994595
3330: 0.994596
3331: 0.994598
3332: 0.994599
3333: 0.994601
3334: 0.994603
3335: 0.994604
3336: 0.994606
3337: 0.994608
3338: 0.994609
3339: 0.994611
3340: 0.994612
3341: 0.994614
3342: 0.994616
3343: 0.994617
3344: 0.994619
3345: 0.99462
3346: 0.994622
3347: 0.994624
3348: 0.994625
3349: 0.994627
3350: 0.994628
3351: 0.99463
3352: 0.994632
3353: 0.994633
3354: 0.994635
3355: 0.994636
3356: 0.994638
3357: 0.99464
3358: 0.994641
3359: 0.994643
3360: 0.994644
3361: 0.994646
3362: 0.994648
3363: 0.994649
3364: 0.994651
3365: 0.994652
3366: 0.994654
3367: 0.994656
3368: 0.994657
3369: 0.994659
3370: 0.99466
3371: 0.994662
3372: 0.994664
3373: 0.994665
3374: 0.994667
3375: 0.994668
3376: 0.99467
3377: 0.994671
3378: 0.994673
3379: 0.994675
3380: 0.994676
3381: 0.994678
3382: 0.994679
3383: 0.994681
3384: 0.994682
3385: 0.994684
3386: 0.994686
3387: 0.994687
3388: 0.994689
3389: 0.99469
3390: 0.994692
3391: 0.994693
3392: 0.994695
3393: 0.994697
3394: 0.994698
3395: 0.9947
3396: 0.994701
3397: 0.994703
3398: 0.994704
3399: 0.994706
3400: 0.994707
3401: 0.994709
3402: 0.994711
3403: 0.994712
3404: 0.994714
3405: 0.994715
3406: 0.994717
3407: 0.994718
3408: 0.99472
3409: 0.994721
3410: 0.994723
3411: 0.994725
3412: 0.994726
3413: 0.994728
3414: 0.994729
3415: 0.994731
3416: 0.994732
3417: 0.994734
3418: 0.994735
3419: 0.994737
3420: 0.994738
3421: 0.99474
3422: 0.994741
3423: 0.994743
3424: 0.994745
3425: 0.994746
3426: 0.994748
3427: 0.994749
3428: 0.994751
3429: 0.994752
3430: 0.994754
3431: 0.994755
3432: 0.994757
3433: 0.994758
3434: 0.99476
3435: 0.994761
3436: 0.994763
3437: 0.994764
3438: 0.994766
3439: 0.994767
3440: 0.994769
3441: 0.99477
3442: 0.994772
3443: 0.994774
3444: 0.994775
3445: 0.994777
3446: 0.994778
3447: 0.99478
3448: 0.994781
3449: 0.994783
3450: 0.994784
3451: 0.994786
3452: 0.994787
3453: 0.994789
3454: 0.99479
3455: 0.994792
3456: 0.994793
3457: 0.994795
3458: 0.994796
3459: 0.994798
3460: 0.994799
3461: 0.994801
3462: 0.994802
3463: 0.994804
3464: 0.994805
3465: 0.994807
3466: 0.994808
3467: 0.99481
3468: 0.994811
3469: 0.994813
3470: 0.994814
3471: 0.994816
3472: 0.994817
3473: 0.994819
3474: 0.99482
3475: 0.994822
3476: 0.994823
3477: 0.994825
3478: 0.994826
3479: 0.994828
3480: 0.994829
3481: 0.994831
3482: 0.994832
3483: 0.994834
3484: 0.994835
3485: 0.994836
3486: 0.994838
3487: 0.994839
3488: 0.994841
3489: 0.994842
3490: 0.994844
3491: 0.994845
3492: 0.994847
3493: 0.994848
3494: 0.99485
3495: 0.994851
3496: 0.994853
3497: 0.994854
3498: 0.994856
3499: 0.994857
3500: 0.994859
3501: 0.99486
3502: 0.994862
3503: 0.994863
3504: 0.994864
3505: 0.994866
3506: 0.994867
3507: 0.994869
3508: 0.99487
3509: 0.994872
3510: 0.994873
3511: 0.994875
3512: 0.994876
3513: 0.994878
3514: 0.994879
3515: 0.994881
3516: 0.994882
3517: 0.994883
3518: 0.994885
3519: 0.994886
3520: 0.994888
3521: 0.994889
3522: 0.994891
3523: 0.994892
3524: 0.994894
3525: 0.994895
3526: 0.994897
3527: 0.994898
3528: 0.994899
3529: 0.994901
3530: 0.994902
3531: 0.994904
3532: 0.994905
3533: 0.994907
3534: 0.994908
3535: 0.99491
3536: 0.994911
3537: 0.994912
3538: 0.994914
3539: 0.994915
3540: 0.994917
3541: 0.994918
3542: 0.99492
3543: 0.994921
3544: 0.994922
3545: 0.994924
3546: 0.994925
3547: 0.994927
3548: 0.994928
3549: 0.99493
3550: 0.994931
3551: 0.994932
3552: 0.994934
3553: 0.994935
3554: 0.994937
3555: 0.994938
3556: 0.99494
3557: 0.994941
3558: 0.994942
3559: 0.994944
3560: 0.994945
3561: 0.994947
3562: 0.994948
3563: 0.994949
3564: 0.994951
3565: 0.994952
3566: 0.994954
3567: 0.994955
3568: 0.994957
3569: 0.994958
3570: 0.994959
3571: 0.994961
3572: 0.994962
3573: 0.994964
3574: 0.994965
3575: 0.994966
3576: 0.994968
3577: 0.994969
3578: 0.994971
3579: 0.994972
3580: 0.994973
3581: 0.994975
3582: 0.994976
3583: 0.994978
3584: 0.994979
3585: 0.99498
3586: 0.994982
3587: 0.994983
3588: 0.994985
3589: 0.994986
3590: 0.994987
3591: 0.994989
3592: 0.99499
3593: 0.994992
3594: 0.994993
3595: 0.994994
3596: 0.994996
3597: 0.994997
3598: 0.994999
3599: 0.995
3600: 0.995001
3601: 0.995003
3602: 0.995004
3603: 0.995006
3604: 0.995007
3605: 0.995008
3606: 0.99501
3607: 0.995011
3608: 0.995012
3609: 0.995014
3610: 0.995015
3611: 0.995017
3612: 0.995018
3613: 0.995019
3614: 0.995021
3615: 0.995022
3616: 0.995024
3617: 0.995025
3618: 0.995026
3619: 0.995028
3620: 0.995029
3621: 0.99503
3622: 0.995032
3623: 0.995033
3624: 0.995034
3625: 0.995036
3626: 0.995037
3627: 0.995039
3628: 0.99504
3629: 0.995041
3630: 0.995043
3631: 0.995044
3632: 0.995045
3633: 0.995047
3634: 0.995048
3635: 0.99505
3636: 0.995051
3637: 0.995052
3638: 0.995054
3639: 0.995055
3640: 0.995056
3641: 0.995058
3642: 0.995059
3643: 0.99506
3644: 0.995062
3645: 0.995063
3646: 0.995064
3647: 0.995066
3648: 0.995067
3649: 0.995068
3650: 0.99507
3651: 0.995071
3652: 0.995073
3653: 0.995074
3654: 0.995075
3655: 0.995077
3656: 0.995078
3657: 0.995079
3658: 0.995081
3659: 0.995082
3660: 0.995083
3661: 0.995085
3662: 0.995086
3663: 0.995087
3664: 0.995089
3665: 0.99509
3666: 0.995091
3667: 0.995093
3668: 0.995094
3669: 0.995095
3670: 0.995097
3671: 0.995098
3672: 0.995099
3673: 0.995101
3674: 0.995102
3675: 0.995103
3676: 0.995105
3677: 0.995106
3678: 0.995107
3679: 0.995109
3680: 0.99511
3681: 0.995111
3682: 0.995113
3683: 0.995114
3684: 0.995115
3685: 0.995117
3686: 0.995118
3687: 0.995119
3688: 0.995121
3689: 0.995122
3690: 0.995123
3691: 0.995125
3692: 0.995126
3693: 0.995127
3694: 0.995129
3695: 0.99513
3696: 0.995131
3697: 0.995133
3698: 0.995134
3699: 0.995135
3700: 0.995136
3701: 0.995138
3702: 0.995139
3703: 0.99514
3704: 0.995142
3705: 0.995143
3706: 0.995144
3707: 0.995146
3708: 0.995147
3709: 0.995148
3710: 0.99515
3711: 0.995151
3712: 0.995152
3713: 0.995153
3714: 0.995155
3715: 0.995156
3716: 0.995157
3717: 0.995159
3718: 0.99516
3719: 0.995161
3720: 0.995163
3721: 0.995164
3722: 0.995165
3723: 0.995166
3724: 0.995168
3725: 0.995169
3726: 0.99517
3727: 0.995172
3728: 0.995173
3729: 0.995174
3730: 0.995176
3731: 0.995177
3732: 0.995178
3733: 0.995179
3734: 0.995181
3735: 0.995182
3736: 0.995183
3737: 0.995185
3738: 0.995186
3739: 0.995187
3740: 0.995188
3741: 0.99519
3742: 0.995191
3743: 0.995192
3744: 0.995194
3745: 0.995195
3746: 0.995196
3747: 0.995197
3748: 0.995199
3749: 0.9952
3750: 0.995201
3751: 0.995203
3752: 0.995204
3753: 0.995205
3754: 0.995206
3755: 0.995208
3756: 0.995209
3757: 0.99521
3758: 0.995211
3759: 0.995213
3760: 0.995214
3761: 0.995215
3762: 0.995217
3763: 0.995218
3764: 0.995219
3765: 0.99522
3766: 0.995222
3767: 0.995223
3768: 0.995224
3769: 0.995225
3770: 0.995227
3771: 0.995228
3772: 0.995229
3773: 0.995231
3774: 0.995232
3775: 0.995233
3776: 0.995234
3777: 0.995236
3778: 0.995237
3779: 0.995238
3780: 0.995239
3781: 0.995241
3782: 0.995242
3783: 0.995243
3784: 0.995244
3785: 0.995246
3786: 0.995247
3787: 0.995248
3788: 0.995249
3789: 0.995251
3790: 0.995252
3791: 0.995253
3792: 0.995254
3793: 0.995256
3794: 0.995257
3795: 0.995258
3796: 0.995259
3797: 0.995261
3798: 0.995262
3799: 0.995263
3800: 0.995264
3801: 0.995266
3802: 0.995267
3803: 0.995268
3804: 0.995269
3805: 0.995271
3806: 0.995272
3807: 0.995273
3808: 0.995274
3809: 0.995276
3810: 0.995277
3811: 0.995278
3812: 0.995279
3813: 0.995281
3814: 0.995282
3815: 0.995283
3816: 0.995284
3817: 0.995285
3818: 0.995287
3819: 0.995288
3820: 0.995289
3821: 0.99529
3822: 0.995292
3823: 0.995293
3824: 0.995294
3825: 0.995295
3826: 0.995297
3827: 0.995298
3828: 0.995299
3829: 0.9953
3830: 0.995301
3831: 0.995303
3832: 0.995304
3833: 0.995305
3834: 0.995306
3835: 0.995308
3836: 0.995309
3837: 0.99531
3838: 0.995311
3839: 0.995313
3840: 0.995314
3841: 0.995315
3842: 0.995316
3843: 0.995317
3844: 0.995319
3845: 0.99532
3846: 0.995321
3847: 0.995322
3848: 0.995323
3849: 0.995325
3850: 0.995326
3851: 0.995327
3852: 0.995328
3853: 0.99533
3854: 0.995331
3855: 0.995332
3856: 0.995333
3857: 0.995334
3858: 0.995336
3859: 0.995337
3860: 0.995338
3861: 0.995339
3862: 0.99534
3863: 0.995342
3864: 0.995343
3865: 0.995344
3866: 0.995345
3867: 0.995346
3868: 0.995348
3869: 0.995349
3870: 0.99535
3871: 0.995351
3872: 0.995352
3873: 0.995354
3874: 0.995355
3875: 0.995356
3876: 0.995357
3877: 0.995358
3878: 0.99536
3879: 0.995361
3880: 0.995362
3881: 0.995363
3882: 0.995364
3883: 0.995366
3884: 0.995367
3885: 0.995368
3886: 0.995369
3887: 0.99537
3888: 0.995372
3889: 0.995373
3890: 0.995374
3891: 0.995375
3892: 0.995376
3893: 0.995378
3894: 0.995379
3895: 0.99538
3896: 0.995381
3897: 0.995382
3898: 0.995383
3899: 0.995385
3900: 0.995386
3901: 0.995387
3902: 0.995388
3903: 0.995389
3904: 0.995391
3905: 0.995392
3906: 0.995393
3907: 0.995394
3908: 0.995395
3909: 0.995396
3910: 0.995398
3911: 0.995399
3912: 0.9954
3913: 0.995401
3914: 0.995402
3915: 0.995403
3916: 0.995405
3917: 0.995406
3918: 0.995407
3919: 0.995408
3920: 0.995409
3921: 0.995411
3922: 0.995412
3923: 0.995413
3924: 0.995414
3925: 0.995415
3926: 0.995416
3927: 0.995418
3928: 0.995419
3929: 0.99542
3930: 0.995421
3931: 0.995422
3932: 0.995423
3933: 0.995425
3934: 0.995426
3935: 0.995427
3936: 0.995428
3937: 0.995429
3938: 0.99543
3939: 0.995431
3940: 0.995433
3941: 0.995434
3942: 0.995435
3943: 0.995436
3944: 0.995437
3945: 0.995438
3946: 0.99544
3947: 0.995441
3948: 0.995442
3949: 0.995443
3950: 0.995444
3951: 0.995445
3952: 0.995446
3953: 0.995448
3954: 0.995449
3955: 0.99545
3956: 0.995451
3957: 0.995452
3958: 0.995453
3959: 0.995455
3960: 0.995456
3961: 0.995457
3962: 0.995458
3963: 0.995459
3964: 0.99546
3965: 0.995461
3966: 0.995463
3967: 0.995464
3968: 0.995465
3969: 0.995466
3970: 0.995467
3971: 0.995468
3972: 0.995469
3973: 0.995471
3974: 0.995472
3975: 0.995473
3976: 0.995474
3977: 0.995475
3978: 0.995476
3979: 0.995477
3980: 0.995479
3981: 0.99548
3982: 0.995481
3983: 0.995482
3984: 0.995483
3985: 0.995484
3986: 0.995485
3987: 0.995486
3988: 0.995488
3989: 0.995489
3990: 0.99549
3991: 0.995491
3992: 0.995492
3993: 0.995493
3994: 0.995494
3995: 0.995495
3996: 0.995497
3997: 0.995498
3998: 0.995499
3999: 0.9955
4000: 0.995501
4001: 0.995502
4002: 0.995503
4003: 0.995504
4004: 0.995506
4005: 0.995507
4006: 0.995508
4007: 0.995509
4008: 0.99551
4009: 0.995511
4010: 0.995512
4011: 0.995513
4012: 0.995515
4013: 0.995516
4014: 0.995517
4015: 0.995518
4016: 0.995519
4017: 0.99552
4018: 0.995521
4019: 0.995522
4020: 0.995524
4021: 0.995525
4022: 0.995526
4023: 0.995527
4024: 0.995528
4025: 0.995529
4026: 0.99553
4027: 0.995531
4028: 0.995532
4029: 0.995533
4030: 0.995535
4031: 0.995536
4032: 0.995537
4033: 0.995538
4034: 0.995539
4035: 0.99554
4036: 0.995541
4037: 0.995542
4038: 0.995543
4039: 0.995545
4040: 0.995546
4041: 0.995547
4042: 0.995548
4043: 0.995549
4044: 0.99555
4045: 0.995551
4046: 0.995552
4047: 0.995553
4048: 0.995554
4049: 0.995556
4050: 0.995557
4051: 0.995558
4052: 0.995559
4053: 0.99556
4054: 0.995561
4055: 0.995562
4056: 0.995563
4057: 0.995564
4058: 0.995565
4059: 0.995567
4060: 0.995568
4061: 0.995569
4062: 0.99557
4063: 0.995571
4064: 0.995572
4065: 0.995573
4066: 0.995574
4067: 0.995575
4068: 0.995576
4069: 0.995577
4070: 0.995578
4071: 0.99558
4072: 0.995581
4073: 0.995582
4074: 0.995583
4075: 0.995584
4076: 0.995585
4077: 0.995586
4078: 0.995587
4079: 0.995588
4080: 0.995589
4081: 0.99559
4082: 0.995591
4083: 0.995593
4084: 0.995594
4085: 0.995595
4086: 0.995596
4087: 0.995597
4088: 0.995598
4089: 0.995599
4090: 0.9956
4091: 0.995601
4092: 0.995602
4093: 0.995603
4094: 0.995604
4095: 0.995605
4096: 0.995607
4097: 0.995608
4098: 0.995609
4099: 0.99561
4100: 0.995611
4101: 0.995612
4102: 0.995613
4103: 0.995614
4104: 0.995615
4105: 0.995616
4106: 0.995617
4107: 0.995618
4108: 0.995619
4109: 0.99562
4110: 0.995622
4111: 0.995623
4112: 0.995624
4113: 0.995625
4114: 0.995626
4115: 0.995627
4116: 0.995628
4117: 0.995629
4118: 0.99563
4119: 0.995631
4120: 0.995632
4121: 0.995633
4122: 0.995634
4123: 0.995635
4124: 0.995636
4125: 0.995637
4126: 0.995638
4127: 0.99564
4128: 0.995641
4129: 0.995642
4130: 0.995643
4131: 0.995644
4132: 0.995645
4133: 0.995646
4134: 0.995647
4135: 0.995648
4136: 0.995649
4137: 0.99565
4138: 0.995651
4139: 0.995652
4140: 0.995653
4141: 0.995654
4142: 0.995655
4143: 0.995656
4144: 0.995657
4145: 0.995658
4146: 0.99566
4147: 0.995661
4148: 0.995662
4149: 0.995663
4150: 0.995664
4151: 0.995665
4152: 0.995666
4153: 0.995667
4154: 0.995668
4155: 0.995669
4156: 0.99567
4157: 0.995671
4158: 0.995672
4159: 0.995673
4160: 0.995674
4161: 0.995675
4162: 0.995676
4163: 0.995677
4164: 0.995678
4165: 0.995679
4166: 0.99568
4167: 0.995681
4168: 0.995682
4169: 0.995683
4170: 0.995684
4171: 0.995686
4172: 0.995687
4173: 0.995688
4174: 0.995689
4175: 0.99569
4176: 0.995691
4177: 0.995692
4178: 0.995693
4179: 0.995694
4180: 0.995695
4181: 0.995696
4182: 0.995697
4183: 0.995698
4184: 0.995699
4185: 0.9957
4186: 0.995701
4187: 0.995702
4188: 0.995703
4189: 0.995704
4190: 0.995705
4191: 0.995706
4192: 0.995707
4193: 0.995708
4194: 0.995709
4195: 0.99571
4196: 0.995711
4197: 0.995712
4198: 0.995713
4199: 0.995714
4200: 0.995715
4201: 0.995716
4202: 0.995717
4203: 0.995718
4204: 0.995719
4205: 0.99572
4206: 0.995721
4207: 0.995722
4208: 0.995723
4209: 0.995724
4210: 0.995725
4211: 0.995726
4212: 0.995728
4213: 0.995729
4214: 0.99573
4215: 0.995731
4216: 0.995732
4217: 0.995733
4218: 0.995734
4219: 0.995735
4220: 0.995736
4221: 0.995737
4222: 0.995738
4223: 0.995739
4224: 0.99574
4225: 0.995741
4226: 0.995742
4227: 0.995743
4228: 0.995744
4229: 0.995745
4230: 0.995746
4231: 0.995747
4232: 0.995748
4233: 0.995749
4234: 0.99575
4235: 0.995751
4236: 0.995752
4237: 0.995753
4238: 0.995754
4239: 0.995755
4240: 0.995756
4241: 0.995757
4242: 0.995758
4243: 0.995759
4244: 0.99576
4245: 0.995761
4246: 0.995762
4247: 0.995763
4248: 0.995764
4249: 0.995765
4250: 0.995766
4251: 0.995767
4252: 0.995768
4253: 0.995769
4254: 0.99577
4255: 0.995771
4256: 0.995772
4257: 0.995773
4258: 0.995774
4259: 0.995775
4260: 0.995776
4261: 0.995777
4262: 0.995778
4263: 0.995779
4264: 0.99578
4265: 0.995781
4266: 0.995782
4267: 0.995783
4268: 0.995784
4269: 0.995785
4270: 0.995786
4271: 0.995787
4272: 0.995788
4273: 0.995788
4274: 0.995789
4275: 0.99579
4276: 0.995791
4277: 0.995792
4278: 0.995793
4279: 0.995794
4280: 0.995795
4281: 0.995796
4282: 0.995797
4283: 0.995798
4284: 0.995799
4285: 0.9958
4286: 0.995801
4287: 0.995802
4288: 0.995803
4289: 0.995804
4290: 0.995805
4291: 0.995806
4292: 0.995807
4293: 0.995808
4294: 0.995809
4295: 0.99581
4296: 0.995811
4297: 0.995812
4298: 0.995813
4299: 0.995814
4300: 0.995815
4301: 0.995816
4302: 0.995817
4303: 0.995818
4304: 0.995819
4305: 0.99582
4306: 0.995821
4307: 0.995822
4308: 0.995823
4309: 0.995824
4310: 0.995825
4311: 0.995826
4312: 0.995827
4313: 0.995828
4314: 0.995829
4315: 0.995829
4316: 0.99583
4317: 0.995831
4318: 0.995832
4319: 0.995833
4320: 0.995834
4321: 0.995835
4322: 0.995836
4323: 0.995837
4324: 0.995838
4325: 0.995839
4326: 0.99584
4327: 0.995841
4328: 0.995842
4329: 0.995843
4330: 0.995844
4331: 0.995845
4332: 0.995846
4333: 0.995847
4334: 0.995848
4335: 0.995849
4336: 0.99585
4337: 0.995851
4338: 0.995852
4339: 0.995853
4340: 0.995853
4341: 0.995854
4342: 0.995855
4343: 0.995856
4344: 0.995857
4345: 0.995858
4346: 0.995859
4347: 0.99586
4348: 0.995861
4349: 0.995862
4350: 0.995863
4351: 0.995864
4352: 0.995865
4353: 0.995866
4354: 0.995867
4355: 0.995868
4356: 0.995869
4357: 0.99587
4358: 0.995871
4359: 0.995872
4360: 0.995873
4361: 0.995873
4362: 0.995874
4363: 0.995875
4364: 0.995876
4365: 0.995877
4366: 0.995878
4367: 0.995879
4368: 0.99588
4369: 0.995881
4370: 0.995882
4371: 0.995883
4372: 0.995884
4373: 0.995885
4374: 0.995886
4375: 0.995887
4376: 0.995888
4377: 0.995889
4378: 0.995889
4379: 0.99589
4380: 0.995891
4381: 0.995892
4382: 0.995893
4383: 0.995894
4384: 0.995895
4385: 0.995896
4386: 0.995897
4387: 0.995898
4388: 0.995899
4389: 0.9959
4390: 0.995901
4391: 0.995902
4392: 0.995903
4393: 0.995904
4394: 0.995904
4395: 0.995905
4396: 0.995906
4397: 0.995907
4398: 0.995908
4399: 0.995909
4400: 0.99591
4401: 0.995911
4402: 0.995912
4403: 0.995913
4404: 0.995914
4405: 0.995915
4406: 0.995916
4407: 0.995917
4408: 0.995917
4409: 0.995918
4410: 0.995919
4411: 0.99592
4412: 0.995921
4413: 0.995922
4414: 0.995923
4415: 0.995924
4416: 0.995925
4417: 0.995926
4418: 0.995927
4419: 0.995928
4420: 0.995929
4421: 0.995929
4422: 0.99593
4423: 0.995931
4424: 0.995932
4425: 0.995933
4426: 0.995934
4427: 0.995935
4428: 0.995936
4429: 0.995937
4430: 0.995938
4431: 0.995939
4432: 0.99594
4433: 0.99594
4434: 0.995941
4435: 0.995942
4436: 0.995943
4437: 0.995944
4438: 0.995945
4439: 0.995946
4440: 0.995947
4441: 0.995948
4442: 0.995949
4443: 0.99595
4444: 0.995951
4445: 0.995951
4446: 0.995952
4447: 0.995953
4448: 0.995954
4449: 0.995955
4450: 0.995956
4451: 0.995957
4452: 0.995958
4453: 0.995959
4454: 0.99596
4455: 0.995961
4456: 0.995961
4457: 0.995962
4458: 0.995963
4459: 0.995964
4460: 0.995965
4461: 0.995966
4462: 0.995967
4463: 0.995968
4464: 0.995969
4465: 0.99597
4466: 0.99597
4467: 0.995971
4468: 0.995972
4469: 0.995973
4470: 0.995974
4471: 0.995975
4472: 0.995976
4473: 0.995977
4474: 0.995978
4475: 0.995979
4476: 0.995979
4477: 0.99598
4478: 0.995981
4479: 0.995982
4480: 0.995983
4481: 0.995984
4482: 0.995985
4483: 0.995986
4484: 0.995987
4485: 0.995988
4486: 0.995988
4487: 0.995989
4488: 0.99599
4489: 0.995991
4490: 0.995992
4491: 0.995993
4492: 0.995994
4493: 0.995995
4494: 0.995996
4495: 0.995996
4496: 0.995997
4497: 0.995998
4498: 0.995999
4499: 0.996
4500: 0.996001
4501: 0.996002
4502: 0.996003
4503: 0.996004
4504: 0.996004
4505: 0.996005
4506: 0.996006
4507: 0.996007
4508: 0.996008
4509: 0.996009
4510: 0.99601
4511: 0.996011
4512: 0.996012
4513: 0.996012
4514: 0.996013
4515: 0.996014
4516: 0.996015
4517: 0.996016
4518: 0.996017
4519: 0.996018
4520: 0.996019
4521: 0.996019
4522: 0.99602
4523: 0.996021
4524: 0.996022
4525: 0.996023
4526: 0.996024
4527: 0.996025
4528: 0.996026
4529: 0.996026
4530: 0.996027
4531: 0.996028
4532: 0.996029
4533: 0.99603
4534: 0.996031
4535: 0.996032
4536: 0.996033
4537: 0.996033
4538: 0.996034
4539: 0.996035
4540: 0.996036
4541: 0.996037
4542: 0.996038
4543: 0.996039
4544: 0.99604
4545: 0.99604
4546: 0.996041
4547: 0.996042
4548: 0.996043
4549: 0.996044
4550: 0.996045
4551: 0.996046
4552: 0.996047
4553: 0.996047
4554: 0.996048
4555: 0.996049
4556: 0.99605
4557: 0.996051
4558: 0.996052
4559: 0.996053
4560: 0.996053
4561: 0.996054
4562: 0.996055
4563: 0.996056
4564: 0.996057
4565: 0.996058
4566: 0.996059
4567: 0.99606
4568: 0.99606
4569: 0.996061
4570: 0.996062
4571: 0.996063
4572: 0.996064
4573: 0.996065
4574: 0.996066
4575: 0.996066
4576: 0.996067
4577: 0.996068
4578: 0.996069
4579: 0.99607
4580: 0.996071
4581: 0.996072
4582: 0.996072
4583: 0.996073
4584: 0.996074
4585: 0.996075
4586: 0.996076
4587: 0.996077
4588: 0.996078
4589: 0.996078
4590: 0.996079
4591: 0.99608
4592: 0.996081
4593: 0.996082
4594: 0.996083
4595: 0.996084
4596: 0.996084
4597: 0.996085
4598: 0.996086
4599: 0.996087
4600: 0.996088
4601: 0.996089
4602: 0.99609
4603: 0.99609
4604: 0.996091
4605: 0.996092
4606: 0.996093
4607: 0.996094
4608: 0.996095
4609: 0.996095
4610: 0.996096
4611: 0.996097
4612: 0.996098
4613: 0.996099
4614: 0.9961
4615: 0.996101
4616: 0.996101
4617: 0.996102
4618: 0.996103
4619: 0.996104
4620: 0.996105
4621: 0.996106
4622: 0.996106
4623: 0.996107
4624: 0.996108
4625: 0.996109
4626: 0.99611
4627: 0.996111
4628: 0.996111
4629: 0.996112
4630: 0.996113
4631: 0.996114
4632: 0.996115
4633: 0.996116
4634: 0.996117
4635: 0.996117
4636: 0.996118
4637: 0.996119
4638: 0.99612
4639: 0.996121
4640: 0.996122
4641: 0.996122
4642: 0.996123
4643: 0.996124
4644: 0.996125
4645: 0.996126
4646: 0.996127
4647: 0.996127
4648: 0.996128
4649: 0.996129
4650: 0.99613
4651: 0.996131
4652: 0.996132
4653: 0.996132
4654: 0.996133
4655: 0.996134
4656: 0.996135
4657: 0.996136
4658: 0.996137
4659: 0.996137
4660: 0.996138
4661: 0.996139
4662: 0.99614
4663: 0.996141
4664: 0.996141
4665: 0.996142
4666: 0.996143
4667: 0.996144
4668: 0.996145
4669: 0.996146
4670: 0.996146
4671: 0.996147
4672: 0.996148
4673: 0.996149
4674: 0.99615
4675: 0.996151
4676: 0.996151
4677: 0.996152
4678: 0.996153
4679: 0.996154
4680: 0.996155
4681: 0.996155
4682: 0.996156
4683: 0.996157
4684: 0.996158
4685: 0.996159
4686: 0.99616
4687: 0.99616
4688: 0.996161
4689: 0.996162
4690: 0.996163
4691: 0.996164
4692: 0.996165
4693: 0.996165
4694: 0.996166
4695: 0.996167
4696: 0.996168
4697: 0.996169
4698: 0.996169
4699: 0.99617
4700: 0.996171
4701: 0.996172
4702: 0.996173
4703: 0.996173
4704: 0.996174
4705: 0.996175
4706: 0.996176
4707: 0.996177
4708: 0.996178
4709: 0.996178
4710: 0.996179
4711: 0.99618
4712: 0.996181
4713: 0.996182
4714: 0.996182
4715: 0.996183
4716: 0.996184
4717: 0.996185
4718: 0.996186
4719: 0.996186
4720: 0.996187
4721: 0.996188
4722: 0.996189
4723: 0.99619
4724: 0.99619
4725: 0.996191
4726: 0.996192
4727: 0.996193
4728: 0.996194
4729: 0.996195
4730: 0.996195
4731: 0.996196
4732: 0.996197
4733: 0.996198
4734: 0.996199
4735: 0.996199
4736: 0.9962
4737: 0.996201
4738: 0.996202
4739: 0.996203
4740: 0.996203
4741: 0.996204
4742: 0.996205
4743: 0.996206
4744: 0.996207
4745: 0.996207
4746: 0.996208
4747: 0.996209
4748: 0.99621
4749: 0.996211
4750: 0.996211
4751: 0.996212
4752: 0.996213
4753: 0.996214
4754: 0.996215
4755: 0.996215
4756: 0.996216
4757: 0.996217
4758: 0.996218
4759: 0.996218
4760: 0.996219
4761: 0.99622
4762: 0.996221
4763: 0.996222
4764: 0.996222
4765: 0.996223
4766: 0.996224
4767: 0.996225
4768: 0.996226
4769: 0.996226
4770: 0.996227
4771: 0.996228
4772: 0.996229
4773: 0.99623
4774: 0.99623
4775: 0.996231
4776: 0.996232
4777: 0.996233
4778: 0.996234
4779: 0.996234
4780: 0.996235
4781: 0.996236
4782: 0.996237
4783: 0.996237
4784: 0.996238
4785: 0.996239
4786: 0.99624
4787: 0.996241
4788: 0.996241
4789: 0.996242
4790: 0.996243
4791: 0.996244
4792: 0.996245
4793: 0.996245
4794: 0.996246
4795: 0.996247
4796: 0.996248
4797: 0.996248
4798: 0.996249
4799: 0.99625
4800: 0.996251
4801: 0.996252
4802: 0.996252
4803: 0.996253
4804: 0.996254
4805: 0.996255
4806: 0.996255
4807: 0.996256
4808: 0.996257
4809: 0.996258
4810: 0.996259
4811: 0.996259
4812: 0.99626
4813: 0.996261
4814: 0.996262
4815: 0.996262
4816: 0.996263
4817: 0.996264
4818: 0.996265
4819: 0.996266
4820: 0.996266
4821: 0.996267
4822: 0.996268
4823: 0.996269
4824: 0.996269
4825: 0.99627
4826: 0.996271
4827: 0.996272
4828: 0.996273
4829: 0.996273
4830: 0.996274
4831: 0.996275
4832: 0.996276
4833: 0.996276
4834: 0.996277
4835: 0.996278
4836: 0.996279
4837: 0.996279
4838: 0.99628
4839: 0.996281
4840: 0.996282
4841: 0.996283
4842: 0.996283
4843: 0.996284
4844: 0.996285
4845: 0.996286
4846: 0.996286
4847: 0.996287
4848: 0.996288
4849: 0.996289
4850: 0.996289
4851: 0.99629
4852: 0.996291
4853: 0.996292
4854: 0.996292
4855: 0.996293
4856: 0.996294
4857: 0.996295
4858: 0.996296
4859: 0.996296
4860: 0.996297
4861: 0.996298
4862: 0.996299
4863: 0.996299
4864: 0.9963
4865: 0.996301
4866: 0.996302
4867: 0.996302
4868: 0.996303
4869: 0.996304
4870: 0.996305
4871: 0.996305
4872: 0.996306
4873: 0.996307
4874: 0.996308
4875: 0.996308
4876: 0.996309
4877: 0.99631
4878: 0.996311
4879: 0.996311
4880: 0.996312
4881: 0.996313
4882: 0.996314
4883: 0.996314
4884: 0.996315
4885: 0.996316
4886: 0.996317
4887: 0.996318
4888: 0.996318
4889: 0.996319
4890: 0.99632
4891: 0.996321
4892: 0.996321
4893: 0.996322
4894: 0.996323
4895: 0.996324
4896: 0.996324
4897: 0.996325
4898: 0.996326
4899: 0.996327
4900: 0.996327
4901: 0.996328
4902: 0.996329
4903: 0.99633
4904: 0.99633
4905: 0.996331
4906: 0.996332
4907: 0.996333
4908: 0.996333
4909: 0.996334
4910: 0.996335
4911: 0.996336
4912: 0.996336
4913: 0.996337
4914: 0.996338
4915: 0.996338
4916: 0.996339
4917: 0.99634
4918: 0.996341
4919: 0.996341
4920: 0.996342
4921: 0.996343
4922: 0.996344
4923: 0.996344
4924: 0.996345
4925: 0.996346
4926: 0.996347
4927: 0.996347
4928: 0.996348
4929: 0.996349
4930: 0.99635
4931: 0.99635
4932: 0.996351
4933: 0.996352
4934: 0.996353
4935: 0.996353
4936: 0.996354
4937: 0.996355
4938: 0.996356
4939: 0.996356
4940: 0.996357
4941: 0.996358
4942: 0.996358
4943: 0.996359
4944: 0.99636
4945: 0.996361
4946: 0.996361
4947: 0.996362
4948: 0.996363
4949: 0.996364
4950: 0.996364
4951: 0.996365
4952: 0.996366
4953: 0.996367
4954: 0.996367
4955: 0.996368
4956: 0.996369
4957: 0.99637
4958: 0.99637
4959: 0.996371
4960: 0.996372
4961: 0.996372
4962: 0.996373
4963: 0.996374
4964: 0.996375
4965: 0.996375
4966: 0.996376
4967: 0.996377
4968: 0.996378
4969: 0.996378
4970: 0.996379
4971: 0.99638
4972: 0.99638
4973: 0.996381
4974: 0.996382
4975: 0.996383
4976: 0.996383
4977: 0.996384
4978: 0.996385
4979: 0.996386
4980: 0.996386
4981: 0.996387
4982: 0.996388
4983: 0.996388
4984: 0.996389
4985: 0.99639
4986: 0.996391
4987: 0.996391
4988: 0.996392
4989: 0.996393
4990: 0.996394
4991: 0.996394
4992: 0.996395
4993: 0.996396
4994: 0.996396
4995: 0.996397
4996: 0.996398
4997: 0.996399
4998: 0.996399
4999: 0.9964
5000: 0.996401
5001: 0.996401
5002: 0.996402
5003: 0.996403
5004: 0.996404
5005: 0.996404
5006: 0.996405
5007: 0.996406
5008: 0.996406
5009: 0.996407
5010: 0.996408
5011: 0.996409
5012: 0.996409
5013: 0.99641
5014: 0.996411
5015: 0.996411
5016: 0.996412
5017: 0.996413
5018: 0.996414
5019: 0.996414
5020: 0.996415
5021: 0.996416
5022: 0.996416
5023: 0.996417
5024: 0.996418
5025: 0.996419
5026: 0.996419
5027: 0.99642
5028: 0.996421
5029: 0.996421
5030: 0.996422
5031: 0.996423
5032: 0.996424
5033: 0.996424
5034: 0.996425
5035: 0.996426
5036: 0.996426
5037: 0.996427
5038: 0.996428
5039: 0.996429
5040: 0.996429
5041: 0.99643
5042: 0.996431
5043: 0.996431
5044: 0.996432
5045: 0.996433
5046: 0.996434
5047: 0.996434
5048: 0.996435
5049: 0.996436
5050: 0.996436
5051: 0.996437
5052: 0.996438
5053: 0.996438
5054: 0.996439
5055: 0.99644
5056: 0.996441
5057: 0.996441
5058: 0.996442
5059: 0.996443
5060: 0.996443
5061: 0.996444
5062: 0.996445
5063: 0.996445
5064: 0.996446
5065: 0.996447
5066: 0.996448
5067: 0.996448
5068: 0.996449
5069: 0.99645
5070: 0.99645
5071: 0.996451
5072: 0.996452
5073: 0.996453
5074: 0.996453
5075: 0.996454
5076: 0.996455
5077: 0.996455
5078: 0.996456
5079: 0.996457
5080: 0.996457
5081: 0.996458
5082: 0.996459
5083: 0.996459
5084: 0.99646
5085: 0.996461
5086: 0.996462
5087: 0.996462
5088: 0.996463
5089: 0.996464
5090: 0.996464
5091: 0.996465
5092: 0.996466
5093: 0.996466
5094: 0.996467
5095: 0.996468
5096: 0.996469
5097: 0.996469
5098: 0.99647
5099: 0.996471
5100: 0.996471
5101: 0.996472
5102: 0.996473
5103: 0.996473
5104: 0.996474
5105: 0.996475
5106: 0.996475
5107: 0.996476
5108: 0.996477
5109: 0.996477
5110: 0.996478
5111: 0.996479
5112: 0.99648
5113: 0.99648
5114: 0.996481
5115: 0.996482
5116: 0.996482
5117: 0.996483
5118: 0.996484
5119: 0.996484
5120: 0.996485
5121: 0.996486
5122: 0.996486
5123: 0.996487
5124: 0.996488
5125: 0.996488
5126: 0.996489
5127: 0.99649
5128: 0.996491
5129: 0.996491
5130: 0.996492
5131: 0.996493
5132: 0.996493
5133: 0.996494
5134: 0.996495
5135: 0.996495
5136: 0.996496
5137: 0.996497
5138: 0.996497
5139: 0.996498
5140: 0.996499
5141: 0.996499
5142: 0.9965
5143: 0.996501
5144: 0.996501
5145: 0.996502
5146: 0.996503
5147: 0.996503
5148: 0.996504
5149: 0.996505
5150: 0.996506
5151: 0.996506
5152: 0.996507
5153: 0.996508
5154: 0.996508
5155: 0.996509
5156: 0.99651
5157: 0.99651
5158: 0.996511
5159: 0.996512
5160: 0.996512
5161: 0.996513
5162: 0.996514
5163: 0.996514
5164: 0.996515
5165: 0.996516
5166: 0.996516
5167: 0.996517
5168: 0.996518
5169: 0.996518
5170: 0.996519
5171: 0.99652
5172: 0.99652
5173: 0.996521
5174: 0.996522
5175: 0.996522
5176: 0.996523
5177: 0.996524
5178: 0.996524
5179: 0.996525
5180: 0.996526
5181: 0.996526
5182: 0.996527
5183: 0.996528
5184: 0.996528
5185: 0.996529
5186: 0.99653
5187: 0.99653
5188: 0.996531
5189: 0.996532
5190: 0.996532
5191: 0.996533
5192: 0.996534
5193: 0.996534
5194: 0.996535
5195: 0.996536
5196: 0.996536
5197: 0.996537
5198: 0.996538
5199: 0.996538
5200: 0.996539
5201: 0.99654
5202: 0.99654
5203: 0.996541
5204: 0.996542
5205: 0.996542
5206: 0.996543
5207: 0.996544
5208: 0.996544
5209: 0.996545
5210: 0.996546
5211: 0.996546
5212: 0.996547
5213: 0.996548
5214: 0.996548
5215: 0.996549
5216: 0.99655
5217: 0.99655
5218: 0.996551
5219: 0.996552
5220: 0.996552
5221: 0.996553
5222: 0.996554
5223: 0.996554
5224: 0.996555
5225: 0.996556
5226: 0.996556
5227: 0.996557
5228: 0.996558
5229: 0.996558
5230: 0.996559
5231: 0.99656
5232: 0.99656
5233: 0.996561
5234: 0.996562
5235: 0.996562
5236: 0.996563
5237: 0.996564
5238: 0.996564
5239: 0.996565
5240: 0.996566
5241: 0.996566
5242: 0.996567
5243: 0.996568
5244: 0.996568
5245: 0.996569
5246: 0.996569
5247: 0.99657
5248: 0.996571
5249: 0.996571
5250: 0.996572
5251: 0.996573
5252: 0.996573
5253: 0.996574
5254: 0.996575
5255: 0.996575
5256: 0.996576
5257: 0.996577
5258: 0.996577
5259: 0.996578
5260: 0.996579
5261: 0.996579
5262: 0.99658
5263: 0.996581
5264: 0.996581
5265: 0.996582
5266: 0.996582
5267: 0.996583
5268: 0.996584
5269: 0.996584
5270: 0.996585
5271: 0.996586
5272: 0.996586
5273: 0.996587
5274: 0.996588
5275: 0.996588
5276: 0.996589
5277: 0.99659
5278: 0.99659
5279: 0.996591
5280: 0.996592
5281: 0.996592
5282: 0.996593
5283: 0.996593
5284: 0.996594
5285: 0.996595
5286: 0.996595
5287: 0.996596
5288: 0.996597
5289: 0.996597
5290: 0.996598
5291: 0.996599
5292: 0.996599
5293: 0.9966
5294: 0.996601
5295: 0.996601
5296: 0.996602
5297: 0.996602
5298: 0.996603
5299: 0.996604
5300: 0.996604
5301: 0.996605
5302: 0.996606
5303: 0.996606
5304: 0.996607
5305: 0.996608
5306: 0.996608
5307: 0.996609
5308: 0.99661
5309: 0.99661
5310: 0.996611
5311: 0.996611
5312: 0.996612
5313: 0.996613
5314: 0.996613
5315: 0.996614
5316: 0.996615
5317: 0.996615
5318: 0.996616
5319: 0.996617
5320: 0.996617
5321: 0.996618
5322: 0.996618
5323: 0.996619
5324: 0.99662
5325: 0.99662
5326: 0.996621
5327: 0.996622
5328: 0.996622
5329: 0.996623
5330: 0.996624
5331: 0.996624
5332: 0.996625
5333: 0.996625
5334: 0.996626
5335: 0.996627
5336: 0.996627
5337: 0.996628
5338: 0.996629
5339: 0.996629
5340: 0.99663
5341: 0.99663
5342: 0.996631
5343: 0.996632
5344: 0.996632
5345: 0.996633
5346: 0.996634
5347: 0.996634
5348: 0.996635
5349: 0.996636
5350: 0.996636
5351: 0.996637
5352: 0.996637
5353: 0.996638
5354: 0.996639
5355: 0.996639
5356: 0.99664
5357: 0.996641
5358: 0.996641
5359: 0.996642
5360: 0.996642
5361: 0.996643
5362: 0.996644
5363: 0.996644
5364: 0.996645
5365: 0.996646
5366: 0.996646
5367: 0.996647
5368: 0.996647
5369: 0.996648
5370: 0.996649
5371: 0.996649
5372: 0.99665
5373: 0.996651
5374: 0.996651
5375: 0.996652
5376: 0.996652
5377: 0.996653
5378: 0.996654
5379: 0.996654
5380: 0.996655
5381: 0.996656
5382: 0.996656
5383: 0.996657
5384: 0.996657
5385: 0.996658
5386: 0.996659
5387: 0.996659
5388: 0.99666
5389: 0.99666
5390: 0.996661
5391: 0.996662
5392: 0.996662
5393: 0.996663
5394: 0.996664
5395: 0.996664
5396: 0.996665
5397: 0.996665
5398: 0.996666
5399: 0.996667
5400: 0.996667
5401: 0.996668
5402: 0.996669
5403: 0.996669
5404: 0.99667
5405: 0.99667
5406: 0.996671
5407: 0.996672
5408: 0.996672
5409: 0.996673
5410: 0.996673
5411: 0.996674
5412: 0.996675
5413: 0.996675
5414: 0.996676
5415: 0.996677
5416: 0.996677
5417: 0.996678
5418: 0.996678
5419: 0.996679
5420: 0.99668
5421: 0.99668
5422: 0.996681
5423: 0.996681
5424: 0.996682
5425: 0.996683
5426: 0.996683
5427: 0.996684
5428: 0.996684
5429: 0.996685
5430: 0.996686
5431: 0.996686
5432: 0.996687
5433: 0.996688
5434: 0.996688
5435: 0.996689
5436: 0.996689
5437: 0.99669
5438: 0.996691
5439: 0.996691
5440: 0.996692
5441: 0.996692
5442: 0.996693
5443: 0.996694
5444: 0.996694
5445: 0.996695
5446: 0.996695
5447: 0.996696
5448: 0.996697
5449: 0.996697
5450: 0.996698
5451: 0.996698
5452: 0.996699
5453: 0.9967
5454: 0.9967
5455: 0.996701
5456: 0.996701
5457: 0.996702
5458: 0.996703
5459: 0.996703
5460: 0.996704
5461: 0.996705
5462: 0.996705
5463: 0.996706
5464: 0.996706
5465: 0.996707
5466: 0.996708
5467: 0.996708
5468: 0.996709
5469: 0.996709
5470: 0.99671
5471: 0.996711
5472: 0.996711
5473: 0.996712
5474: 0.996712
5475: 0.996713
5476: 0.996714
5477: 0.996714
5478: 0.996715
5479: 0.996715
5480: 0.996716
5481: 0.996717
5482: 0.996717
5483: 0.996718
5484: 0.996718
5485: 0.996719
5486: 0.99672
5487: 0.99672
5488: 0.996721
5489: 0.996721
5490: 0.996722
5491: 0.996723
5492: 0.996723
5493: 0.996724
5494: 0.996724
5495: 0.996725
5496: 0.996725
5497: 0.996726
5498: 0.996727
5499: 0.996727
5500: 0.996728
5501: 0.996728
5502: 0.996729
5503: 0.99673
5504: 0.99673
5505: 0.996731
5506: 0.996731
5507: 0.996732
5508: 0.996733
5509: 0.996733
5510: 0.996734
5511: 0.996734
5512: 0.996735
5513: 0.996736
5514: 0.996736
5515: 0.996737
5516: 0.996737
5517: 0.996738
5518: 0.996739
5519: 0.996739
5520: 0.99674
5521: 0.99674
5522: 0.996741
5523: 0.996741
5524: 0.996742
5525: 0.996743
5526: 0.996743
5527: 0.996744
5528: 0.996744
5529: 0.996745
5530: 0.996746
5531: 0.996746
5532: 0.996747
5533: 0.996747
5534: 0.996748
5535: 0.996749
5536: 0.996749
5537: 0.99675
5538: 0.99675
5539: 0.996751
5540: 0.996751
5541: 0.996752
5542: 0.996753
5543: 0.996753
5544: 0.996754
5545: 0.996754
5546: 0.996755
5547: 0.996756
5548: 0.996756
5549: 0.996757
5550: 0.996757
5551: 0.996758
5552: 0.996759
5553: 0.996759
5554: 0.99676
5555: 0.99676
5556: 0.996761
5557: 0.996761
5558: 0.996762
5559: 0.996763
5560: 0.996763
5561: 0.996764
5562: 0.996764
5563: 0.996765
5564: 0.996765
5565: 0.996766
5566: 0.996767
5567: 0.996767
5568: 0.996768
5569: 0.996768
5570: 0.996769
5571: 0.99677
5572: 0.99677
5573: 0.996771
5574: 0.996771
5575: 0.996772
5576: 0.996772
5577: 0.996773
5578: 0.996774
5579: 0.996774
5580: 0.996775
5581: 0.996775
5582: 0.996776
5583: 0.996777
5584: 0.996777
5585: 0.996778
5586: 0.996778
5587: 0.996779
5588: 0.996779
5589: 0.99678
5590: 0.996781
5591: 0.996781
5592: 0.996782
5593: 0.996782
5594: 0.996783
5595: 0.996783
5596: 0.996784
5597: 0.996785
5598: 0.996785
5599: 0.996786
5600: 0.996786
5601: 0.996787
5602: 0.996787
5603: 0.996788
5604: 0.996789
5605: 0.996789
5606: 0.99679
5607: 0.99679
5608: 0.996791
5609: 0.996791
5610: 0.996792
5611: 0.996793
5612: 0.996793
5613: 0.996794
5614: 0.996794
5615: 0.996795
5616: 0.996795
5617: 0.996796
5618: 0.996797
5619: 0.996797
5620: 0.996798
5621: 0.996798
5622: 0.996799
5623: 0.996799
5624: 0.9968
5625: 0.996801
5626: 0.996801
5627: 0.996802
5628: 0.996802
5629: 0.996803
5630: 0.996803
5631: 0.996804
5632: 0.996805
5633: 0.996805
5634: 0.996806
5635: 0.996806
5636: 0.996807
5637: 0.996807
5638: 0.996808
5639: 0.996809
5640: 0.996809
5641: 0.99681
5642: 0.99681
5643: 0.996811
5644: 0.996811
5645: 0.996812
5646: 0.996812
5647: 0.996813
5648: 0.996814
5649: 0.996814
5650: 0.996815
5651: 0.996815
5652: 0.996816
5653: 0.996816
5654: 0.996817
5655: 0.996818
5656: 0.996818
5657: 0.996819
5658: 0.996819
5659: 0.99682
5660: 0.99682
5661: 0.996821
5662: 0.996821
5663: 0.996822
5664: 0.996823
5665: 0.996823
5666: 0.996824
5667: 0.996824
5668: 0.996825
5669: 0.996825
5670: 0.996826
5671: 0.996827
5672: 0.996827
5673: 0.996828
5674: 0.996828
5675: 0.996829
5676: 0.996829
5677: 0.99683
5678: 0.99683
5679: 0.996831
5680: 0.996832
5681: 0.996832
5682: 0.996833
5683: 0.996833
5684: 0.996834
5685: 0.996834
5686: 0.996835
5687: 0.996835
5688: 0.996836
5689: 0.996837
5690: 0.996837
5691: 0.996838
5692: 0.996838
5693: 0.996839
5694: 0.996839
5695: 0.99684
5696: 0.99684
5697: 0.996841
5698: 0.996842
5699: 0.996842
5700: 0.996843
5701: 0.996843
5702: 0.996844
5703: 0.996844
5704: 0.996845
5705: 0.996845
5706: 0.996846
5707: 0.996847
5708: 0.996847
5709: 0.996848
5710: 0.996848
5711: 0.996849
5712: 0.996849
5713: 0.99685
5714: 0.99685
5715: 0.996851
5716: 0.996851
5717: 0.996852
5718: 0.996853
5719: 0.996853
5720: 0.996854
5721: 0.996854
5722: 0.996855
5723: 0.996855
5724: 0.996856
5725: 0.996856
5726: 0.996857
5727: 0.996858
5728: 0.996858
5729: 0.996859
5730: 0.996859
5731: 0.99686
5732: 0.99686
5733: 0.996861
5734: 0.996861
5735: 0.996862
5736: 0.996862
5737: 0.996863
5738: 0.996864
5739: 0.996864
5740: 0.996865
5741: 0.996865
5742: 0.996866
5743: 0.996866
5744: 0.996867
5745: 0.996867
5746: 0.996868
5747: 0.996868
5748: 0.996869
5749: 0.99687
5750: 0.99687
5751: 0.996871
5752: 0.996871
5753: 0.996872
5754: 0.996872
5755: 0.996873
5756: 0.996873
5757: 0.996874
5758: 0.996874
5759: 0.996875
5760: 0.996876
5761: 0.996876
5762: 0.996877
5763: 0.996877
5764: 0.996878
5765: 0.996878
5766: 0.996879
5767: 0.996879
5768: 0.99688
5769: 0.99688
5770: 0.996881
5771: 0.996881
5772: 0.996882
5773: 0.996883
5774: 0.996883
5775: 0.996884
5776: 0.996884
5777: 0.996885
5778: 0.996885
5779: 0.996886
5780: 0.996886
5781: 0.996887
5782: 0.996887
5783: 0.996888
5784: 0.996889
5785: 0.996889
5786: 0.99689
5787: 0.99689
5788: 0.996891
5789: 0.996891
5790: 0.996892
5791: 0.996892
5792: 0.996893
5793: 0.996893
5794: 0.996894
5795: 0.996894
5796: 0.996895
5797: 0.996895
5798: 0.996896
5799: 0.996897
5800: 0.996897
5801: 0.996898
5802: 0.996898
5803: 0.996899
5804: 0.996899
5805: 0.9969
5806: 0.9969
5807: 0.996901
5808: 0.996901
5809: 0.996902
5810: 0.996902
5811: 0.996903
5812: 0.996903
5813: 0.996904
5814: 0.996905
5815: 0.996905
5816: 0.996906
5817: 0.996906
5818: 0.996907
5819: 0.996907
5820: 0.996908
5821: 0.996908
5822: 0.996909
5823: 0.996909
5824: 0.99691
5825: 0.99691
5826: 0.996911
5827: 0.996911
5828: 0.996912
5829: 0.996913
5830: 0.996913
5831: 0.996914
5832: 0.996914
5833: 0.996915
5834: 0.996915
5835: 0.996916
5836: 0.996916
5837: 0.996917
5838: 0.996917
5839: 0.996918
5840: 0.996918
5841: 0.996919
5842: 0.996919
5843: 0.99692
5844: 0.99692
5845: 0.996921
5846: 0.996921
5847: 0.996922
5848: 0.996923
5849: 0.996923
5850: 0.996924
5851: 0.996924
5852: 0.996925
5853: 0.996925
5854: 0.996926
5855: 0.996926
5856: 0.996927
5857: 0.996927
5858: 0.996928
5859: 0.996928
5860: 0.996929
5861: 0.996929
5862: 0.99693
5863: 0.99693
5864: 0.996931
5865: 0.996931
5866: 0.996932
5867: 0.996933
5868: 0.996933
5869: 0.996934
5870: 0.996934
5871: 0.996935
5872: 0.996935
5873: 0.996936
5874: 0.996936
5875: 0.996937
5876: 0.996937
5877: 0.996938
5878: 0.996938
5879: 0.996939
5880: 0.996939
5881: 0.99694
5882: 0.99694
5883: 0.996941
5884: 0.996941
5885: 0.996942
5886: 0.996942
5887: 0.996943
5888: 0.996943
5889: 0.996944
5890: 0.996944
5891: 0.996945
5892: 0.996946
5893: 0.996946
5894: 0.996947
5895: 0.996947
5896: 0.996948
5897: 0.996948
5898: 0.996949
5899: 0.996949
5900: 0.99695
5901: 0.99695
5902: 0.996951
5903: 0.996951
5904: 0.996952
5905: 0.996952
5906: 0.996953
5907: 0.996953
5908: 0.996954
5909: 0.996954
5910: 0.996955
5911: 0.996955
5912: 0.996956
5913: 0.996956
5914: 0.996957
5915: 0.996957
5916: 0.996958
5917: 0.996958
5918: 0.996959
5919: 0.996959
5920: 0.99696
5921: 0.99696
5922: 0.996961
5923: 0.996962
5924: 0.996962
5925: 0.996963
5926: 0.996963
5927: 0.996964
5928: 0.996964
5929: 0.996965
5930: 0.996965
5931: 0.996966
5932: 0.996966
5933: 0.996967
5934: 0.996967
5935: 0.996968
5936: 0.996968
5937: 0.996969
5938: 0.996969
5939: 0.99697
5940: 0.99697
5941: 0.996971
5942: 0.996971
5943: 0.996972
5944: 0.996972
5945: 0.996973
5946: 0.996973
5947: 0.996974
5948: 0.996974
5949: 0.996975
5950: 0.996975
5951: 0.996976
5952: 0.996976
5953: 0.996977
5954: 0.996977
5955: 0.996978
5956: 0.996978
5957: 0.996979
5958: 0.996979
5959: 0.99698
5960: 0.99698
5961: 0.996981
5962: 0.996981
5963: 0.996982
5964: 0.996982
5965: 0.996983
5966: 0.996983
5967: 0.996984
5968: 0.996984
5969: 0.996985
5970: 0.996985
5971: 0.996986
5972: 0.996986
5973: 0.996987
5974: 0.996987
5975: 0.996988
5976: 0.996988
5977: 0.996989
5978: 0.996989
5979: 0.99699
5980: 0.99699
5981: 0.996991
5982: 0.996991
5983: 0.996992
5984: 0.996992
5985: 0.996993
5986: 0.996993
5987: 0.996994
5988: 0.996994
5989: 0.996995
5990: 0.996995
5991: 0.996996
5992: 0.996996
5993: 0.996997
5994: 0.996997
5995: 0.996998
5996: 0.996998
5997: 0.996999
5998: 0.996999
5999: 0.997
6000: 0.997
6001: 0.997001
6002: 0.997001
6003: 0.997002
6004: 0.997002
6005: 0.997003
6006: 0.997003
6007: 0.997004
6008: 0.997004
6009: 0.997005
6010: 0.997005
6011: 0.997006
6012: 0.997006
6013: 0.997007
6014: 0.997007
6015: 0.997008
6016: 0.997008
6017: 0.997009
6018: 0.997009
6019: 0.99701
6020: 0.99701
6021: 0.997011
6022: 0.997011
6023: 0.997012
6024: 0.997012
6025: 0.997013
6026: 0.997013
6027: 0.997014
6028: 0.997014
6029: 0.997015
6030: 0.997015
6031: 0.997016
6032: 0.997016
6033: 0.997017
6034: 0.997017
6035: 0.997018
6036: 0.997018
6037: 0.997019
6038: 0.997019
6039: 0.99702
6040: 0.99702
6041: 0.997021
6042: 0.997021
6043: 0.997022
6044: 0.997022
6045: 0.997023
6046: 0.997023
6047: 0.997024
6048: 0.997024
6049: 0.997025
6050: 0.997025
6051: 0.997026
6052: 0.997026
6053: 0.997027
6054: 0.997027
6055: 0.997028
6056: 0.997028
6057: 0.997029
6058: 0.997029
6059: 0.99703
6060: 0.99703
6061: 0.997031
6062: 0.997031
6063: 0.997032
6064: 0.997032
6065: 0.997033
6066: 0.997033
6067: 0.997034
6068: 0.997034
6069: 0.997035
6070: 0.997035
6071: 0.997036
6072: 0.997036
6073: 0.997037
6074: 0.997037
6075: 0.997038
6076: 0.997038
6077: 0.997038
6078: 0.997039
6079: 0.997039
6080: 0.99704
6081: 0.99704
6082: 0.997041
6083: 0.997041
6084: 0.997042
6085: 0.997042
6086: 0.997043
6087: 0.997043
6088: 0.997044
6089: 0.997044
6090: 0.997045
6091: 0.997045
6092: 0.997046
6093: 0.997046
6094: 0.997047
6095: 0.997047
6096: 0.997048
6097: 0.997048
6098: 0.997049
6099: 0.997049
6100: 0.99705
6101: 0.99705
6102: 0.997051
6103: 0.997051
6104: 0.997052
6105: 0.997052
6106: 0.997053
6107: 0.997053
6108: 0.997054
6109: 0.997054
6110: 0.997054
6111: 0.997055
6112: 0.997055
6113: 0.997056
6114: 0.997056
6115: 0.997057
6116: 0.997057
6117: 0.997058
6118: 0.997058
6119: 0.997059
6120: 0.997059
6121: 0.99706
6122: 0.99706
6123: 0.997061
6124: 0.997061
6125: 0.997062
6126: 0.997062
6127: 0.997063
6128: 0.997063
6129: 0.997064
6130: 0.997064
6131: 0.997065
6132: 0.997065
6133: 0.997066
6134: 0.997066
6135: 0.997066
6136: 0.997067
6137: 0.997067
6138: 0.997068
6139: 0.997068
6140: 0.997069
6141: 0.997069
6142: 0.99707
6143: 0.99707
6144: 0.997071
6145: 0.997071
6146: 0.997072
6147: 0.997072
6148: 0.997073
6149: 0.997073
6150: 0.997074
6151: 0.997074
6152: 0.997075
6153: 0.997075
6154: 0.997076
6155: 0.997076
6156: 0.997076
6157: 0.997077
6158: 0.997077
6159: 0.997078
6160: 0.997078
6161: 0.997079
6162: 0.997079
6163: 0.99708
6164: 0.99708
6165: 0.997081
6166: 0.997081
6167: 0.997082
6168: 0.997082
6169: 0.997083
6170: 0.997083
6171: 0.997084
6172: 0.997084
6173: 0.997085
6174: 0.997085
6175: 0.997085
6176: 0.997086
6177: 0.997086
6178: 0.997087
6179: 0.997087
6180: 0.997088
6181: 0.997088
6182: 0.997089
6183: 0.997089
6184: 0.99709
6185: 0.99709
6186: 0.997091
6187: 0.997091
6188: 0.997092
6189: 0.997092
6190: 0.997093
6191: 0.997093
6192: 0.997093
6193: 0.997094
6194: 0.997094
6195: 0.997095
6196: 0.997095
6197: 0.997096
6198: 0.997096
6199: 0.997097
6200: 0.997097
6201: 0.997098
6202: 0.997098
6203: 0.997099
6204: 0.997099
6205: 0.9971
6206: 0.9971
6207: 0.997101
6208: 0.997101
6209: 0.997101
6210: 0.997102
6211: 0.997102
6212: 0.997103
6213: 0.997103
6214: 0.997104
6215: 0.997104
6216: 0.997105
6217: 0.997105
6218: 0.997106
6219: 0.997106
6220: 0.997107
6221: 0.997107
6222: 0.997108
6223: 0.997108
6224: 0.997108
6225: 0.997109
6226: 0.997109
6227: 0.99711
6228: 0.99711
6229: 0.997111
6230: 0.997111
6231: 0.997112
6232: 0.997112
6233: 0.997113
6234: 0.997113
6235: 0.997114
6236: 0.997114
6237: 0.997114
6238: 0.997115
6239: 0.997115
6240: 0.997116
6241: 0.997116
6242: 0.997117
6243: 0.997117
6244: 0.997118
6245: 0.997118
6246: 0.997119
6247: 0.997119
6248: 0.99712
6249: 0.99712
6250: 0.99712
6251: 0.997121
6252: 0.997121
6253: 0.997122
6254: 0.997122
6255: 0.997123
6256: 0.997123
6257: 0.997124
6258: 0.997124
6259: 0.997125
6260: 0.997125
6261: 0.997126
6262: 0.997126
6263: 0.997126
6264: 0.997127
6265: 0.997127
6266: 0.997128
6267: 0.997128
6268: 0.997129
6269: 0.997129
6270: 0.99713
6271: 0.99713
6272: 0.997131
6273: 0.997131
6274: 0.997131
6275: 0.997132
6276: 0.997132
6277: 0.997133
6278: 0.997133
6279: 0.997134
6280: 0.997134
6281: 0.997135
6282: 0.997135
6283: 0.997136
6284: 0.997136
6285: 0.997136
6286: 0.997137
6287: 0.997137
6288: 0.997138
6289: 0.997138
6290: 0.997139
6291: 0.997139
6292: 0.99714
6293: 0.99714
6294: 0.997141
6295: 0.997141
6296: 0.997141
6297: 0.997142
6298: 0.997142
6299: 0.997143
6300: 0.997143
6301: 0.997144
6302: 0.997144
6303: 0.997145
6304: 0.997145
6305: 0.997146
6306: 0.997146
6307: 0.997146
6308: 0.997147
6309: 0.997147
6310: 0.997148
6311: 0.997148
6312: 0.997149
6313: 0.997149
6314: 0.99715
6315: 0.99715
6316: 0.997151
6317: 0.997151
6318: 0.997151
6319: 0.997152
6320: 0.997152
6321: 0.997153
6322: 0.997153
6323: 0.997154
6324: 0.997154
6325: 0.997155
6326: 0.997155
6327: 0.997155
6328: 0.997156
6329: 0.997156
6330: 0.997157
6331: 0.997157
6332: 0.997158
6333: 0.997158
6334: 0.997159
6335: 0.997159
6336: 0.99716
6337: 0.99716
6338: 0.99716
6339: 0.997161
6340: 0.997161
6341: 0.997162
6342: 0.997162
6343: 0.997163
6344: 0.997163
6345: 0.997164
6346: 0.997164
6347: 0.997164
6348: 0.997165
6349: 0.997165
6350: 0.997166
6351: 0.997166
6352: 0.997167
6353: 0.997167
6354: 0.997168
6355: 0.997168
6356: 0.997168
6357: 0.997169
6358: 0.997169
6359: 0.99717
6360: 0.99717
6361: 0.997171
6362: 0.997171
6363: 0.997172
6364: 0.997172
6365: 0.997172
6366: 0.997173
6367: 0.997173
6368: 0.997174
6369: 0.997174
6370: 0.997175
6371: 0.997175
6372: 0.997176
6373: 0.997176
6374: 0.997176
6375: 0.997177
6376: 0.997177
6377: 0.997178
6378: 0.997178
6379: 0.997179
6380: 0.997179
6381: 0.99718
6382: 0.99718
6383: 0.99718
6384: 0.997181
6385: 0.997181
6386: 0.997182
6387: 0.997182
6388: 0.997183
6389: 0.997183
6390: 0.997184
6391: 0.997184
6392: 0.997184
6393: 0.997185
6394: 0.997185
6395: 0.997186
6396: 0.997186
6397: 0.997187
6398: 0.997187
6399: 0.997188
6400: 0.997188
6401: 0.997188
6402: 0.997189
6403: 0.997189
6404: 0.99719
6405: 0.99719
6406: 0.997191
6407: 0.997191
6408: 0.997191
6409: 0.997192
6410: 0.997192
6411: 0.997193
6412: 0.997193
6413: 0.997194
6414: 0.997194
6415: 0.997195
6416: 0.997195
6417: 0.997195
6418: 0.997196
6419: 0.997196
6420: 0.997197
6421: 0.997197
6422: 0.997198
6423: 0.997198
6424: 0.997198
6425: 0.997199
6426: 0.997199
6427: 0.9972
6428: 0.9972
6429: 0.997201
6430: 0.997201
6431: 0.997201
6432: 0.997202
6433: 0.997202
6434: 0.997203
6435: 0.997203
6436: 0.997204
6437: 0.997204
6438: 0.997205
6439: 0.997205
6440: 0.997205
6441: 0.997206
6442: 0.997206
6443: 0.997207
6444: 0.997207
6445: 0.997208
6446: 0.997208
6447: 0.997208
6448: 0.997209
6449: 0.997209
6450: 0.99721
6451: 0.99721
6452: 0.997211
6453: 0.997211
6454: 0.997211
6455: 0.997212
6456: 0.997212
6457: 0.997213
6458: 0.997213
6459: 0.997214
6460: 0.997214
6461: 0.997214
6462: 0.997215
6463: 0.997215
6464: 0.997216
6465: 0.997216
6466: 0.997217
6467: 0.997217
6468: 0.997217
6469: 0.997218
6470: 0.997218
6471: 0.997219
6472: 0.997219
6473: 0.99722
6474: 0.99722
6475: 0.997221
6476: 0.997221
6477: 0.997221
6478: 0.997222
6479: 0.997222
6480: 0.997223
6481: 0.997223
6482: 0.997224
6483: 0.997224
6484: 0.997224
6485: 0.997225
6486: 0.997225
6487: 0.997226
6488: 0.997226
6489: 0.997227
6490: 0.997227
6491: 0.997227
6492: 0.997228
6493: 0.997228
6494: 0.997229
6495: 0.997229
6496: 0.997229
6497: 0.99723
6498: 0.99723
6499: 0.997231
6500: 0.997231
6501: 0.997232
6502: 0.997232
6503: 0.997232
6504: 0.997233
6505: 0.997233
6506: 0.997234
6507: 0.997234
6508: 0.997235
6509: 0.997235
6510: 0.997235
6511: 0.997236
6512: 0.997236
6513: 0.997237
6514: 0.997237
6515: 0.997238
6516: 0.997238
6517: 0.997238
6518: 0.997239
6519: 0.997239
6520: 0.99724
6521: 0.99724
6522: 0.997241
6523: 0.997241
6524: 0.997241
6525: 0.997242
6526: 0.997242
6527: 0.997243
6528: 0.997243
6529: 0.997243
6530: 0.997244
6531: 0.997244
6532: 0.997245
6533: 0.997245
6534: 0.997246
6535: 0.997246
6536: 0.997246
6537: 0.997247
6538: 0.997247
6539: 0.997248
6540: 0.997248
6541: 0.997249
6542: 0.997249
6543: 0.997249
6544: 0.99725
6545: 0.99725
6546: 0.997251
6547: 0.997251
6548: 0.997251
6549: 0.997252
6550: 0.997252
6551: 0.997253
6552: 0.997253
6553: 0.997254
6554: 0.997254
6555: 0.997254
6556: 0.997255
6557: 0.997255
6558: 0.997256
6559: 0.997256
6560: 0.997257
6561: 0.997257
6562: 0.997257
6563: 0.997258
6564: 0.997258
6565: 0.997259
6566: 0.997259
6567: 0.997259
6568: 0.99726
6569: 0.99726
6570: 0.997261
6571: 0.997261
6572: 0.997262
6573: 0.997262
6574: 0.997262
6575: 0.997263
6576: 0.997263
6577: 0.997264
6578: 0.997264
6579: 0.997264
6580: 0.997265
6581: 0.997265
6582: 0.997266
6583: 0.997266
6584: 0.997267
6585: 0.997267
6586: 0.997267
6587: 0.997268
6588: 0.997268
6589: 0.997269
6590: 0.997269
6591: 0.997269
6592: 0.99727
6593: 0.99727
6594: 0.997271
6595: 0.997271
6596: 0.997271
6597: 0.997272
6598: 0.997272
6599: 0.997273
6600: 0.997273
6601: 0.997274
6602: 0.997274
6603: 0.997274
6604: 0.997275
6605: 0.997275
6606: 0.997276
6607: 0.997276
6608: 0.997276
6609: 0.997277
6610: 0.997277
6611: 0.997278
6612: 0.997278
6613: 0.997279
6614: 0.997279
6615: 0.997279
6616: 0.99728
6617: 0.99728
6618: 0.997281
6619: 0.997281
6620: 0.997281
6621: 0.997282
6622: 0.997282
6623: 0.997283
6624: 0.997283
6625: 0.997283
6626: 0.997284
6627: 0.997284
6628: 0.997285
6629: 0.997285
6630: 0.997285
6631: 0.997286
6632: 0.997286
6633: 0.997287
6634: 0.997287
6635: 0.997288
6636: 0.997288
6637: 0.997288
6638: 0.997289
6639: 0.997289
6640: 0.99729
6641: 0.99729
6642: 0.99729
6643: 0.997291
6644: 0.997291
6645: 0.997292
6646: 0.997292
6647: 0.997292
6648: 0.997293
6649: 0.997293
6650: 0.997294
6651: 0.997294
6652: 0.997294
6653: 0.997295
6654: 0.997295
6655: 0.997296
6656: 0.997296
6657: 0.997296
6658: 0.997297
6659: 0.997297
6660: 0.997298
6661: 0.997298
6662: 0.997299
6663: 0.997299
6664: 0.997299
6665: 0.9973
6666: 0.9973
6667: 0.997301
6668: 0.997301
6669: 0.997301
6670: 0.997302
6671: 0.997302
6672: 0.997303
6673: 0.997303
6674: 0.997303
6675: 0.997304
6676: 0.997304
6677: 0.997305
6678: 0.997305
6679: 0.997305
6680: 0.997306
6681: 0.997306
6682: 0.997307
6683: 0.997307
6684: 0.997307
6685: 0.997308
6686: 0.997308
6687: 0.997309
6688: 0.997309
6689: 0.997309
6690: 0.99731
6691: 0.99731
6692: 0.997311
6693: 0.997311
6694: 0.997311
6695: 0.997312
6696: 0.997312
6697: 0.997313
6698: 0.997313
6699: 0.997313
6700: 0.997314
6701: 0.997314
6702: 0.997315
6703: 0.997315
6704: 0.997315
6705: 0.997316
6706: 0.997316
6707: 0.997317
6708: 0.997317
6709: 0.997317
6710: 0.997318
6711: 0.997318
6712: 0.997319
6713: 0.997319
6714: 0.997319
6715: 0.99732
6716: 0.99732
6717: 0.997321
6718: 0.997321
6719: 0.997321
6720: 0.997322
6721: 0.997322
6722: 0.997323
6723: 0.997323
6724: 0.997323
6725: 0.997324
6726: 0.997324
6727: 0.997325
6728: 0.997325
6729: 0.997325
6730: 0.997326
6731: 0.997326
6732: 0.997327
6733: 0.997327
6734: 0.997327
6735: 0.997328
6736: 0.997328
6737: 0.997329
6738: 0.997329
6739: 0.997329
6740: 0.99733
6741: 0.99733
6742: 0.997331
6743: 0.997331
6744: 0.997331
6745: 0.997332
6746: 0.997332
6747: 0.997333
6748: 0.997333
6749: 0.997333
6750: 0.997334
6751: 0.997334
6752: 0.997335
6753: 0.997335
6754: 0.997335
6755: 0.997336
6756: 0.997336
6757: 0.997336
6758: 0.997337
6759: 0.997337
6760: 0.997338
6761: 0.997338
6762: 0.997338
6763: 0.997339
6764: 0.997339
6765: 0.99734
6766: 0.99734
6767: 0.99734
6768: 0.997341
6769: 0.997341
6770: 0.997342
6771: 0.997342
6772: 0.997342
6773: 0.997343
6774: 0.997343
6775: 0.997344
6776: 0.997344
6777: 0.997344
6778: 0.997345
6779: 0.997345
6780: 0.997346
6781: 0.997346
6782: 0.997346
6783: 0.997347
6784: 0.997347
6785: 0.997347
6786: 0.997348
6787: 0.997348
6788: 0.997349
6789: 0.997349
6790: 0.997349
6791: 0.99735
6792: 0.99735
6793: 0.997351
6794: 0.997351
6795: 0.997351
6796: 0.997352
6797: 0.997352
6798: 0.997353
6799: 0.997353
6800: 0.997353
6801: 0.997354
6802: 0.997354
6803: 0.997354
6804: 0.997355
6805: 0.997355
6806: 0.997356
6807: 0.997356
6808: 0.997356
6809: 0.997357
6810: 0.997357
6811: 0.997358
6812: 0.997358
6813: 0.997358
6814: 0.997359
6815: 0.997359
6816: 0.99736
6817: 0.99736
6818: 0.99736
6819: 0.997361
6820: 0.997361
6821: 0.997361
6822: 0.997362
6823: 0.997362
6824: 0.997363
6825: 0.997363
6826: 0.997363
6827: 0.997364
6828: 0.997364
6829: 0.997365
6830: 0.997365
6831: 0.997365
6832: 0.997366
6833: 0.997366
6834: 0.997366
6835: 0.997367
6836: 0.997367
6837: 0.997368
6838: 0.997368
6839: 0.997368
6840: 0.997369
6841: 0.997369
6842: 0.99737
6843: 0.99737
6844: 0.99737
6845: 0.997371
6846: 0.997371
6847: 0.997371
6848: 0.997372
6849: 0.997372
6850: 0.997373
6851: 0.997373
6852: 0.997373
6853: 0.997374
6854: 0.997374
6855: 0.997375
6856: 0.997375
6857: 0.997375
6858: 0.997376
6859: 0.997376
6860: 0.997376
6861: 0.997377
6862: 0.997377
6863: 0.997378
6864: 0.997378
6865: 0.997378
6866: 0.997379
6867: 0.997379
6868: 0.99738
6869: 0.99738
6870: 0.99738
6871: 0.997381
6872: 0.997381
6873: 0.997381
6874: 0.997382
6875: 0.997382
6876: 0.997383
6877: 0.997383
6878: 0.997383
6879: 0.997384
6880: 0.997384
6881: 0.997384
6882: 0.997385
6883: 0.997385
6884: 0.997386
6885: 0.997386
6886: 0.997386
6887: 0.997387
6888: 0.997387
6889: 0.997388
6890: 0.997388
6891: 0.997388
6892: 0.997389
6893: 0.997389
6894: 0.997389
6895: 0.99739
6896: 0.99739
6897: 0.997391
6898: 0.997391
6899: 0.997391
6900: 0.997392
6901: 0.997392
6902: 0.997392
6903: 0.997393
6904: 0.997393
6905: 0.997394
6906: 0.997394
6907: 0.997394
6908: 0.997395
6909: 0.997395
6910: 0.997395
6911: 0.997396
6912: 0.997396
6913: 0.997397
6914: 0.997397
6915: 0.997397
6916: 0.997398
6917: 0.997398
6918: 0.997398
6919: 0.997399
6920: 0.997399
6921: 0.9974
6922: 0.9974
6923: 0.9974
6924: 0.997401
6925: 0.997401
6926: 0.997401
6927: 0.997402
6928: 0.997402
6929: 0.997403
6930: 0.997403
6931: 0.997403
6932: 0.997404
6933: 0.997404
6934: 0.997404
6935: 0.997405
6936: 0.997405
6937: 0.997406
6938: 0.997406
6939: 0.997406
6940: 0.997407
6941: 0.997407
6942: 0.997407
6943: 0.997408
6944: 0.997408
6945: 0.997409
6946: 0.997409
6947: 0.997409
6948: 0.99741
6949: 0.99741
6950: 0.99741
6951: 0.997411
6952: 0.997411
6953: 0.997412
6954: 0.997412
6955: 0.997412
6956: 0.997413
6957: 0.997413
6958: 0.997413
6959: 0.997414
6960: 0.997414
6961: 0.997415
6962: 0.997415
6963: 0.997415
6964: 0.997416
6965: 0.997416
6966: 0.997416
6967: 0.997417
6968: 0.997417
6969: 0.997418
6970: 0.997418
6971: 0.997418
6972: 0.997419
6973: 0.997419
6974: 0.997419
6975: 0.99742
6976: 0.99742
6977: 0.99742
6978: 0.997421
6979: 0.997421
6980: 0.997422
6981: 0.997422
6982: 0.997422
6983: 0.997423
6984: 0.997423
6985: 0.997423
6986: 0.997424
6987: 0.997424
6988: 0.997425
6989: 0.997425
6990: 0.997425
6991: 0.997426
6992: 0.997426
6993: 0.997426
6994: 0.997427
6995: 0.997427
6996: 0.997427
6997: 0.997428
6998: 0.997428
6999: 0.997429
7000: 0.997429
7001: 0.997429
7002: 0.99743
7003: 0.99743
7004: 0.99743
7005: 0.997431
7006: 0.997431
7007: 0.997432
7008: 0.997432
7009: 0.997432
7010: 0.997433
7011: 0.997433
7012: 0.997433
7013: 0.997434
7014: 0.997434
7015: 0.997434
7016: 0.997435
7017: 0.997435
7018: 0.997436
7019: 0.997436
7020: 0.997436
7021: 0.997437
7022: 0.997437
7023: 0.997437
7024: 0.997438
7025: 0.997438
7026: 0.997438
7027: 0.997439
7028: 0.997439
7029: 0.99744
7030: 0.99744
7031: 0.99744
7032: 0.997441
7033: 0.997441
7034: 0.997441
7035: 0.997442
7036: 0.997442
7037: 0.997442
7038: 0.997443
7039: 0.997443
7040: 0.997444
7041: 0.997444
7042: 0.997444
7043: 0.997445
7044: 0.997445
7045: 0.997445
7046: 0.997446
7047: 0.997446
7048: 0.997446
7049: 0.997447
7050: 0.997447
7051: 0.997448
7052: 0.997448
7053: 0.997448
7054: 0.997449
7055: 0.997449
7056: 0.997449
7057: 0.99745
7058: 0.99745
7059: 0.99745
7060: 0.997451
7061: 0.997451
7062: 0.997452
7063: 0.997452
7064: 0.997452
7065: 0.997453
7066: 0.997453
7067: 0.997453
7068: 0.997454
7069: 0.997454
7070: 0.997454
7071: 0.997455
7072: 0.997455
7073: 0.997455
7074: 0.997456
7075: 0.997456
7076: 0.997457
7077: 0.997457
7078: 0.997457
7079: 0.997458
7080: 0.997458
7081: 0.997458
7082: 0.997459
7083: 0.997459
7084: 0.997459
7085: 0.99746
7086: 0.99746
7087: 0.99746
7088: 0.997461
7089: 0.997461
7090: 0.997462
7091: 0.997462
7092: 0.997462
7093: 0.997463
7094: 0.997463
7095: 0.997463
7096: 0.997464
7097: 0.997464
7098: 0.997464
7099: 0.997465
7100: 0.997465
7101: 0.997466
7102: 0.997466
7103: 0.997466
7104: 0.997467
7105: 0.997467
7106: 0.997467
7107: 0.997468
7108: 0.997468
7109: 0.997468
7110: 0.997469
7111: 0.997469
7112: 0.997469
7113: 0.99747
7114: 0.99747
7115: 0.99747
7116: 0.997471
7117: 0.997471
7118: 0.997472
7119: 0.997472
7120: 0.997472
7121: 0.997473
7122: 0.997473
7123: 0.997473
7124: 0.997474
7125: 0.997474
7126: 0.997474
7127: 0.997475
7128: 0.997475
7129: 0.997475
7130: 0.997476
7131: 0.997476
7132: 0.997477
7133: 0.997477
7134: 0.997477
7135: 0.997478
7136: 0.997478
7137: 0.997478
7138: 0.997479
7139: 0.997479
7140: 0.997479
7141: 0.99748
7142: 0.99748
7143: 0.99748
7144: 0.997481
7145: 0.997481
7146: 0.997481
7147: 0.997482
7148: 0.997482
7149: 0.997483
7150: 0.997483
7151: 0.997483
7152: 0.997484
7153: 0.997484
7154: 0.997484
7155: 0.997485
7156: 0.997485
7157: 0.997485
7158: 0.997486
7159: 0.997486
7160: 0.997486
7161: 0.997487
7162: 0.997487
7163: 0.997487
7164: 0.997488
7165: 0.997488
7166: 0.997488
7167: 0.997489
7168: 0.997489
7169: 0.99749
7170: 0.99749
7171: 0.99749
7172: 0.997491
7173: 0.997491
7174: 0.997491
7175: 0.997492
7176: 0.997492
7177: 0.997492
7178: 0.997493
7179: 0.997493
7180: 0.997493
7181: 0.997494
7182: 0.997494
7183: 0.997494
7184: 0.997495
7185: 0.997495
7186: 0.997495
7187: 0.997496
7188: 0.997496
7189: 0.997497
7190: 0.997497
7191: 0.997497
7192: 0.997498
7193: 0.997498
7194: 0.997498
7195: 0.997499
7196: 0.997499
7197: 0.997499
7198: 0.9975
7199: 0.9975
7200: 0.9975
7201: 0.997501
7202: 0.997501
7203: 0.997501
7204: 0.997502
7205: 0.997502
7206: 0.997502
7207: 0.997503
7208: 0.997503
7209: 0.997503
7210: 0.997504
7211: 0.997504
7212: 0.997505
7213: 0.997505
7214: 0.997505
7215: 0.997506
7216: 0.997506
7217: 0.997506
7218: 0.997507
7219: 0.997507
7220: 0.997507
7221: 0.997508
7222: 0.997508
7223: 0.997508
7224: 0.997509
7225: 0.997509
7226: 0.997509
7227: 0.99751
7228: 0.99751
7229: 0.99751
7230: 0.997511
7231: 0.997511
7232: 0.997511
7233: 0.997512
7234: 0.997512
7235: 0.997512
7236: 0.997513
7237: 0.997513
7238: 0.997513
7239: 0.997514
7240: 0.997514
7241: 0.997514
7242: 0.997515
7243: 0.997515
7244: 0.997516
7245: 0.997516
7246: 0.997516
7247: 0.997517
7248: 0.997517
7249: 0.997517
7250: 0.997518
7251: 0.997518
7252: 0.997518
7253: 0.997519
7254: 0.997519
7255: 0.997519
7256: 0.99752
7257: 0.99752
7258: 0.99752
7259: 0.997521
7260: 0.997521
7261: 0.997521
7262: 0.997522
7263: 0.997522
7264: 0.997522
7265: 0.997523
7266: 0.997523
7267: 0.997523
7268: 0.997524
7269: 0.997524
7270: 0.997524
7271: 0.997525
7272: 0.997525
7273: 0.997525
7274: 0.997526
7275: 0.997526
7276: 0.997526
7277: 0.997527
7278: 0.997527
7279: 0.997527
7280: 0.997528
7281: 0.997528
7282: 0.997528
7283: 0.997529
7284: 0.997529
7285: 0.99753
7286: 0.99753
7287: 0.99753
7288: 0.997531
7289: 0.997531
7290: 0.997531
7291: 0.997532
7292: 0.997532
7293: 0.997532
7294: 0.997533
7295: 0.997533
7296: 0.997533
7297: 0.997534
7298: 0.997534
7299: 0.997534
7300: 0.997535
7301: 0.997535
7302: 0.997535
7303: 0.997536
7304: 0.997536
7305: 0.997536
7306: 0.997537
7307: 0.997537
7308: 0.997537
7309: 0.997538
7310: 0.997538
7311: 0.997538
7312: 0.997539
7313: 0.997539
7314: 0.997539
7315: 0.99754
7316: 0.99754
7317: 0.99754
7318: 0.997541
7319: 0.997541
7320: 0.997541
7321: 0.997542
7322: 0.997542
7323: 0.997542
7324: 0.997543
7325: 0.997543
7326: 0.997543
7327: 0.997544
7328: 0.997544
7329: 0.997544
7330: 0.997545
7331: 0.997545
7332: 0.997545
7333: 0.997546
7334: 0.997546
7335: 0.997546
7336: 0.997547
7337: 0.997547
7338: 0.997547
7339: 0.997548
7340: 0.997548
7341: 0.997548
7342: 0.997549
7343: 0.997549
7344: 0.997549
7345: 0.99755
7346: 0.99755
7347: 0.99755
7348: 0.997551
7349: 0.997551
7350: 0.997551
7351: 0.997552
7352: 0.997552
7353: 0.997552
7354: 0.997553
7355: 0.997553
7356: 0.997553
7357: 0.997554
7358: 0.997554
7359: 0.997554
7360: 0.997555
7361: 0.997555
7362: 0.997555
7363: 0.997556
7364: 0.997556
7365: 0.997556
7366: 0.997557
7367: 0.997557
7368: 0.997557
7369: 0.997558
7370: 0.997558
7371: 0.997558
7372: 0.997559
7373: 0.997559
7374: 0.997559
7375: 0.99756
7376: 0.99756
7377: 0.99756
7378: 0.997561
7379: 0.997561
7380: 0.997561
7381: 0.997562
7382: 0.997562
7383: 0.997562
7384: 0.997563
7385: 0.997563
7386: 0.997563
7387: 0.997564
7388: 0.997564
7389: 0.997564
7390: 0.997565
7391: 0.997565
7392: 0.997565
7393: 0.997566
7394: 0.997566
7395: 0.997566
7396: 0.997567
7397: 0.997567
7398: 0.997567
7399: 0.997568
7400: 0.997568
7401: 0.997568
7402: 0.997569
7403: 0.997569
7404: 0.997569
7405: 0.99757
7406: 0.99757
7407: 0.99757
7408: 0.997571
7409: 0.997571
7410: 0.997571
7411: 0.997572
7412: 0.997572
7413: 0.997572
7414: 0.997572
7415: 0.997573
7416: 0.997573
7417: 0.997573
7418: 0.997574
7419: 0.997574
7420: 0.997574
7421: 0.997575
7422: 0.997575
7423: 0.997575
7424: 0.997576
7425: 0.997576
7426: 0.997576
7427: 0.997577
7428: 0.997577
7429: 0.997577
7430: 0.997578
7431: 0.997578
7432: 0.997578
7433: 0.997579
7434: 0.997579
7435: 0.997579
7436: 0.99758
7437: 0.99758
7438: 0.99758
7439: 0.997581
7440: 0.997581
7441: 0.997581
7442: 0.997582
7443: 0.997582
7444: 0.997582
7445: 0.997583
7446: 0.997583
7447: 0.997583
7448: 0.997584
7449: 0.997584
7450: 0.997584
7451: 0.997585
7452: 0.997585
7453: 0.997585
7454: 0.997586
7455: 0.997586
7456: 0.997586
7457: 0.997586
7458: 0.997587
7459: 0.997587
7460: 0.997587
7461: 0.997588
7462: 0.997588
7463: 0.997588
7464: 0.997589
7465: 0.997589
7466: 0.997589
7467: 0.99759
7468: 0.99759
7469: 0.99759
7470: 0.997591
7471: 0.997591
7472: 0.997591
7473: 0.997592
7474: 0.997592
7475: 0.997592
7476: 0.997593
7477: 0.997593
7478: 0.997593
7479: 0.997594
7480: 0.997594
7481: 0.997594
7482: 0.997595
7483: 0.997595
7484: 0.997595
7485: 0.997596
7486: 0.997596
7487: 0.997596
7488: 0.997596
7489: 0.997597
7490: 0.997597
7491: 0.997597
7492: 0.997598
7493: 0.997598
7494: 0.997598
7495: 0.997599
7496: 0.997599
7497: 0.997599
7498: 0.9976
7499: 0.9976
7500: 0.9976
7501: 0.997601
7502: 0.997601
7503: 0.997601
7504: 0.997602
7505: 0.997602
7506: 0.997602
7507: 0.997603
7508: 0.997603
7509: 0.997603
7510: 0.997604
7511: 0.997604
7512: 0.997604
7513: 0.997604
7514: 0.997605
7515: 0.997605
7516: 0.997605
7517: 0.997606
7518: 0.997606
7519: 0.997606
7520: 0.997607
7521: 0.997607
7522: 0.997607
7523: 0.997608
7524: 0.997608
7525: 0.997608
7526: 0.997609
7527: 0.997609
7528: 0.997609
7529: 0.99761
7530: 0.99761
7531: 0.99761
7532: 0.997611
7533: 0.997611
7534: 0.997611
7535: 0.997611
7536: 0.997612
7537: 0.997612
7538: 0.997612
7539: 0.997613
7540: 0.997613
7541: 0.997613
7542: 0.997614
7543: 0.997614
7544: 0.997614
7545: 0.997615
7546: 0.997615
7547: 0.997615
7548: 0.997616
7549: 0.997616
7550: 0.997616
7551: 0.997617
7552: 0.997617
7553: 0.997617
7554: 0.997617
7555: 0.997618
7556: 0.997618
7557: 0.997618
7558: 0.997619
7559: 0.997619
7560: 0.997619
7561: 0.99762
7562: 0.99762
7563: 0.99762
7564: 0.997621
7565: 0.997621
7566: 0.997621
7567: 0.997622
7568: 0.997622
7569: 0.997622
7570: 0.997623
7571: 0.997623
7572: 0.997623
7573: 0.997623
7574: 0.997624
7575: 0.997624
7576: 0.997624
7577: 0.997625
7578: 0.997625
7579: 0.997625
7580: 0.997626
7581: 0.997626
7582: 0.997626
7583: 0.997627
7584: 0.997627
7585: 0.997627
7586: 0.997628
7587: 0.997628
7588: 0.997628
7589: 0.997628
7590: 0.997629
7591: 0.997629
7592: 0.997629
7593: 0.99763
7594: 0.99763
7595: 0.99763
7596: 0.997631
7597: 0.997631
7598: 0.997631
7599: 0.997632
7600: 0.997632
7601: 0.997632
7602: 0.997633
7603: 0.997633
7604: 0.997633
7605: 0.997633
7606: 0.997634
7607: 0.997634
7608: 0.997634
7609: 0.997635
7610: 0.997635
7611: 0.997635
7612: 0.997636
7613: 0.997636
7614: 0.997636
7615: 0.997637
7616: 0.997637
7617: 0.997637
7618: 0.997637
7619: 0.997638
7620: 0.997638
7621: 0.997638
7622: 0.997639
7623: 0.997639
7624: 0.997639
7625: 0.99764
7626: 0.99764
7627: 0.99764
7628: 0.997641
7629: 0.997641
7630: 0.997641
7631: 0.997642
7632: 0.997642
7633: 0.997642
7634: 0.997642
7635: 0.997643
7636: 0.997643
7637: 0.997643
7638: 0.997644
7639: 0.997644
7640: 0.997644
7641: 0.997645
7642: 0.997645
7643: 0.997645
7644: 0.997646
7645: 0.997646
7646: 0.997646
7647: 0.997646
7648: 0.997647
7649: 0.997647
7650: 0.997647
7651: 0.997648
7652: 0.997648
7653: 0.997648
7654: 0.997649
7655: 0.997649
7656: 0.997649
7657: 0.99765
7658: 0.99765
7659: 0.99765
7660: 0.99765
7661: 0.997651
7662: 0.997651
7663: 0.997651
7664: 0.997652
7665: 0.997652
7666: 0.997652
7667: 0.997653
7668: 0.997653
7669: 0.997653
7670: 0.997654
7671: 0.997654
7672: 0.997654
7673: 0.997654
7674: 0.997655
7675: 0.997655
7676: 0.997655
7677: 0.997656
7678: 0.997656
7679: 0.997656
7680: 0.997657
7681: 0.997657
7682: 0.997657
7683: 0.997657
7684: 0.997658
7685: 0.997658
7686: 0.997658
7687: 0.997659
7688: 0.997659
7689: 0.997659
7690: 0.99766
7691: 0.99766
7692: 0.99766
7693: 0.997661
7694: 0.997661
7695: 0.997661
7696: 0.997661
7697: 0.997662
7698: 0.997662
7699: 0.997662
7700: 0.997663
7701: 0.997663
7702: 0.997663
7703: 0.997664
7704: 0.997664
7705: 0.997664
7706: 0.997664
7707: 0.997665
7708: 0.997665
7709: 0.997665
7710: 0.997666
7711: 0.997666
7712: 0.997666
7713: 0.997667
7714: 0.997667
7715: 0.997667
7716: 0.997667
7717: 0.997668
7718: 0.997668
7719: 0.997668
7720: 0.997669
7721: 0.997669
7722: 0.997669
7723: 0.99767
7724: 0.99767
7725: 0.99767
7726: 0.997671
7727: 0.997671
7728: 0.997671
7729: 0.997671
7730: 0.997672
7731: 0.997672
7732: 0.997672
7733: 0.997673
7734: 0.997673
7735: 0.997673
7736: 0.997674
7737: 0.997674
7738: 0.997674
7739: 0.997674
7740: 0.997675
7741: 0.997675
7742: 0.997675
7743: 0.997676
7744: 0.997676
7745: 0.997676
7746: 0.997677
7747: 0.997677
7748: 0.997677
7749: 0.997677
7750: 0.997678
7751: 0.997678
7752: 0.997678
7753: 0.997679
7754: 0.997679
7755: 0.997679
7756: 0.99768
7757: 0.99768
7758: 0.99768
7759: 0.99768
7760: 0.997681
7761: 0.997681
7762: 0.997681
7763: 0.997682
7764: 0.997682
7765: 0.997682
7766: 0.997683
7767: 0.997683
7768: 0.997683
7769: 0.997683
7770: 0.997684
7771: 0.997684
7772: 0.997684
7773: 0.997685
7774: 0.997685
7775: 0.997685
7776: 0.997685
7777: 0.997686
7778: 0.997686
7779: 0.997686
7780: 0.997687
7781: 0.997687
7782: 0.997687
7783: 0.997688
7784: 0.997688
7785: 0.997688
7786: 0.997688
7787: 0.997689
7788: 0.997689
7789: 0.997689
7790: 0.99769
7791: 0.99769
7792: 0.99769
7793: 0.997691
7794: 0.997691
7795: 0.997691
7796: 0.997691
7797: 0.997692
7798: 0.997692
7799: 0.997692
7800: 0.997693
7801: 0.997693
7802: 0.997693
7803: 0.997693
7804: 0.997694
7805: 0.997694
7806: 0.997694
7807: 0.997695
7808: 0.997695
7809: 0.997695
7810: 0.997696
7811: 0.997696
7812: 0.997696
7813: 0.997696
7814: 0.997697
7815: 0.997697
7816: 0.997697
7817: 0.997698
7818: 0.997698
7819: 0.997698
7820: 0.997699
7821: 0.997699
7822: 0.997699
7823: 0.997699
7824: 0.9977
7825: 0.9977
7826: 0.9977
7827: 0.997701
7828: 0.997701
7829: 0.997701
7830: 0.997701
7831: 0.997702
7832: 0.997702
7833: 0.997702
7834: 0.997703
7835: 0.997703
7836: 0.997703
7837: 0.997703
7838: 0.997704
7839: 0.997704
7840: 0.997704
7841: 0.997705
7842: 0.997705
7843: 0.997705
7844: 0.997706
7845: 0.997706
7846: 0.997706
7847: 0.997706
7848: 0.997707
7849: 0.997707
7850: 0.997707
7851: 0.997708
7852: 0.997708
7853: 0.997708
7854: 0.997708
7855: 0.997709
7856: 0.997709
7857: 0.997709
7858: 0.99771
7859: 0.99771
7860: 0.99771
7861: 0.997711
7862: 0.997711
7863: 0.997711
7864: 0.997711
7865: 0.997712
7866: 0.997712
7867: 0.997712
7868: 0.997713
7869: 0.997713
7870: 0.997713
7871: 0.997713
7872: 0.997714
7873: 0.997714
7874: 0.997714
7875: 0.997715
7876: 0.997715
7877: 0.997715
7878: 0.997715
7879: 0.997716
7880: 0.997716
7881: 0.997716
7882: 0.997717
7883: 0.997717
7884: 0.997717
7885: 0.997717
7886: 0.997718
7887: 0.997718
7888: 0.997718
7889: 0.997719
7890: 0.997719
7891: 0.997719
7892: 0.997719
7893: 0.99772
7894: 0.99772
7895: 0.99772
7896: 0.997721
7897: 0.997721
7898: 0.997721
7899: 0.997722
7900: 0.997722
7901: 0.997722
7902: 0.997722
7903: 0.997723
7904: 0.997723
7905: 0.997723
7906: 0.997724
7907: 0.997724
7908: 0.997724
7909: 0.997724
7910: 0.997725
7911: 0.997725
7912: 0.997725
7913: 0.997726
7914: 0.997726
7915: 0.997726
7916: 0.997726
7917: 0.997727
7918: 0.997727
7919: 0.997727
7920: 0.997728
7921: 0.997728
7922: 0.997728
7923: 0.997728
7924: 0.997729
7925: 0.997729
7926: 0.997729
7927: 0.99773
7928: 0.99773
7929: 0.99773
7930: 0.99773
7931: 0.997731
7932: 0.997731
7933: 0.997731
7934: 0.997732
7935: 0.997732
7936: 0.997732
7937: 0.997732
7938: 0.997733
7939: 0.997733
7940: 0.997733
7941: 0.997734
7942: 0.997734
7943: 0.997734
7944: 0.997734
7945: 0.997735
7946: 0.997735
7947: 0.997735
7948: 0.997736
7949: 0.997736
7950: 0.997736
7951: 0.997736
7952: 0.997737
7953: 0.997737
7954: 0.997737
7955: 0.997738
7956: 0.997738
7957: 0.997738
7958: 0.997738
7959: 0.997739
7960: 0.997739
7961: 0.997739
7962: 0.99774
7963: 0.99774
7964: 0.99774
7965: 0.99774
7966: 0.997741
7967: 0.997741
7968: 0.997741
7969: 0.997742
7970: 0.997742
7971: 0.997742
7972: 0.997742
7973: 0.997743
7974: 0.997743
7975: 0.997743
7976: 0.997744
7977: 0.997744
7978: 0.997744
7979: 0.997744
7980: 0.997745
7981: 0.997745
7982: 0.997745
7983: 0.997745
7984: 0.997746
7985: 0.997746
7986: 0.997746
7987: 0.997747
7988: 0.997747
7989: 0.997747
7990: 0.997747
7991: 0.997748
7992: 0.997748
7993: 0.997748
7994: 0.997749
7995: 0.997749
7996: 0.997749
7997: 0.997749
7998: 0.99775
7999: 0.99775
8000: 0.99775
8001: 0.997751
8002: 0.997751
8003: 0.997751
8004: 0.997751
8005: 0.997752
8006: 0.997752
8007: 0.997752
8008: 0.997753
8009: 0.997753
8010: 0.997753
8011: 0.997753
8012: 0.997754
8013: 0.997754
8014: 0.997754
8015: 0.997754
8016: 0.997755
8017: 0.997755
8018: 0.997755
8019: 0.997756
8020: 0.997756
8021: 0.997756
8022: 0.997756
8023: 0.997757
8024: 0.997757
8025: 0.997757
8026: 0.997758
8027: 0.997758
8028: 0.997758
8029: 0.997758
8030: 0.997759
8031: 0.997759
8032: 0.997759
8033: 0.99776
8034: 0.99776
8035: 0.99776
8036: 0.99776
8037: 0.997761
8038: 0.997761
8039: 0.997761
8040: 0.997761
8041: 0.997762
8042: 0.997762
8043: 0.997762
8044: 0.997763
8045: 0.997763
8046: 0.997763
8047: 0.997763
8048: 0.997764
8049: 0.997764
8050: 0.997764
8051: 0.997765
8052: 0.997765
8053: 0.997765
8054: 0.997765
8055: 0.997766
8056: 0.997766
8057: 0.997766
8058: 0.997766
8059: 0.997767
8060: 0.997767
8061: 0.997767
8062: 0.997768
8063: 0.997768
8064: 0.997768
8065: 0.997768
8066: 0.997769
8067: 0.997769
8068: 0.997769
8069: 0.99777
8070: 0.99777
8071: 0.99777
8072: 0.99777
8073: 0.997771
8074: 0.997771
8075: 0.997771
8076: 0.997771
8077: 0.997772
8078: 0.997772
8079: 0.997772
8080: 0.997773
8081: 0.997773
8082: 0.997773
8083: 0.997773
8084: 0.997774
8085: 0.997774
8086: 0.997774
8087: 0.997774
8088: 0.997775
8089: 0.997775
8090: 0.997775
8091: 0.997776
8092: 0.997776
8093: 0.997776
8094: 0.997776
8095: 0.997777
8096: 0.997777
8097: 0.997777
8098: 0.997778
8099: 0.997778
8100: 0.997778
8101: 0.997778
8102: 0.997779
8103: 0.997779
8104: 0.997779
8105: 0.997779
8106: 0.99778
8107: 0.99778
8108: 0.99778
8109: 0.997781
8110: 0.997781
8111: 0.997781
8112: 0.997781
8113: 0.997782
8114: 0.997782
8115: 0.997782
8116: 0.997782
8117: 0.997783
8118: 0.997783
8119: 0.997783
8120: 0.997784
8121: 0.997784
8122: 0.997784
8123: 0.997784
8124: 0.997785
8125: 0.997785
8126: 0.997785
8127: 0.997785
8128: 0.997786
8129: 0.997786
8130: 0.997786
8131: 0.997787
8132: 0.997787
8133: 0.997787
8134: 0.997787
8135: 0.997788
8136: 0.997788
8137: 0.997788
8138: 0.997788
8139: 0.997789
8140: 0.997789
8141: 0.997789
8142: 0.99779
8143: 0.99779
8144: 0.99779
8145: 0.99779
8146: 0.997791
8147: 0.997791
8148: 0.997791
8149: 0.997791
8150: 0.997792
8151: 0.997792
8152: 0.997792
8153: 0.997792
8154: 0.997793
8155: 0.997793
8156: 0.997793
8157: 0.997794
8158: 0.997794
8159: 0.997794
8160: 0.997794
8161: 0.997795
8162: 0.997795
8163: 0.997795
8164: 0.997795
8165: 0.997796
8166: 0.997796
8167: 0.997796
8168: 0.997797
8169: 0.997797
8170: 0.997797
8171: 0.997797
8172: 0.997798
8173: 0.997798
8174: 0.997798
8175: 0.997798
8176: 0.997799
8177: 0.997799
8178: 0.997799
8179: 0.9978
8180: 0.9978
8181: 0.9978
8182: 0.9978
8183: 0.997801
8184: 0.997801
8185: 0.997801
8186: 0.997801
8187: 0.997802
8188: 0.997802
8189: 0.997802
8190: 0.997802
8191: 0.997803
8192: 0.997803
8193: 0.997803
8194: 0.997804
8195: 0.997804
8196: 0.997804
8197: 0.997804
8198: 0.997805
8199: 0.997805
8200: 0.997805
8201: 0.997805
8202: 0.997806
8203: 0.997806
8204: 0.997806
8205: 0.997806
8206: 0.997807
8207: 0.997807
8208: 0.997807
8209: 0.997808
8210: 0.997808
8211: 0.997808
8212: 0.997808
8213: 0.997809
8214: 0.997809
8215: 0.997809
8216: 0.997809
8217: 0.99781
8218: 0.99781
8219: 0.99781
8220: 0.99781
8221: 0.997811
8222: 0.997811
8223: 0.997811
8224: 0.997812
8225: 0.997812
8226: 0.997812
8227: 0.997812
8228: 0.997813
8229: 0.997813
8230: 0.997813
8231: 0.997813
8232: 0.997814
8233: 0.997814
8234: 0.997814
8235: 0.997814
8236: 0.997815
8237: 0.997815
8238: 0.997815
8239: 0.997816
8240: 0.997816
8241: 0.997816
8242: 0.997816
8243: 0.997817
8244: 0.997817
8245: 0.997817
8246: 0.997817
8247: 0.997818
8248: 0.997818
8249: 0.997818
8250: 0.997818
8251: 0.997819
8252: 0.997819
8253: 0.997819
8254: 0.99782
8255: 0.99782
8256: 0.99782
8257: 0.99782
8258: 0.997821
8259: 0.997821
8260: 0.997821
8261: 0.997821
8262: 0.997822
8263: 0.997822
8264: 0.997822
8265: 0.997822
8266: 0.997823
8267: 0.997823
8268: 0.997823
8269: 0.997823
8270: 0.997824
8271: 0.997824
8272: 0.997824
8273: 0.997825
8274: 0.997825
8275: 0.997825
8276: 0.997825
8277: 0.997826
8278: 0.997826
8279: 0.997826
8280: 0.997826
8281: 0.997827
8282: 0.997827
8283: 0.997827
8284: 0.997827
8285: 0.997828
8286: 0.997828
8287: 0.997828
8288: 0.997828
8289: 0.997829
8290: 0.997829
8291: 0.997829
8292: 0.997829
8293: 0.99783
8294: 0.99783
8295: 0.99783
8296: 0.997831
8297: 0.997831
8298: 0.997831
8299: 0.997831
8300: 0.997832
8301: 0.997832
8302: 0.997832
8303: 0.997832
8304: 0.997833
8305: 0.997833
8306: 0.997833
8307: 0.997833
8308: 0.997834
8309: 0.997834
8310: 0.997834
8311: 0.997834
8312: 0.997835
8313: 0.997835
8314: 0.997835
8315: 0.997835
8316: 0.997836
8317: 0.997836
8318: 0.997836
8319: 0.997837
8320: 0.997837
8321: 0.997837
8322: 0.997837
8323: 0.997838
8324: 0.997838
8325: 0.997838
8326: 0.997838
8327: 0.997839
8328: 0.997839
8329: 0.997839
8330: 0.997839
8331: 0.99784
8332: 0.99784
8333: 0.99784
8334: 0.99784
8335: 0.997841
8336: 0.997841
8337: 0.997841
8338: 0.997841
8339: 0.997842
8340: 0.997842
8341: 0.997842
8342: 0.997843
8343: 0.997843
8344: 0.997843
8345: 0.997843
8346: 0.997844
8347: 0.997844
8348: 0.997844
8349: 0.997844
8350: 0.997845
8351: 0.997845
8352: 0.997845
8353: 0.997845
8354: 0.997846
8355: 0.997846
8356: 0.997846
8357: 0.997846
8358: 0.997847
8359: 0.997847
8360: 0.997847
8361: 0.997847
8362: 0.997848
8363: 0.997848
8364: 0.997848
8365: 0.997848
8366: 0.997849
8367: 0.997849
8368: 0.997849
8369: 0.997849
8370: 0.99785
8371: 0.99785
8372: 0.99785
8373: 0.99785
8374: 0.997851
8375: 0.997851
8376: 0.997851
8377: 0.997852
8378: 0.997852
8379: 0.997852
8380: 0.997852
8381: 0.997853
8382: 0.997853
8383: 0.997853
8384: 0.997853
8385: 0.997854
8386: 0.997854
8387: 0.997854
8388: 0.997854
8389: 0.997855
8390: 0.997855
8391: 0.997855
8392: 0.997855
8393: 0.997856
8394: 0.997856
8395: 0.997856
8396: 0.997856
8397: 0.997857
8398: 0.997857
8399: 0.997857
8400: 0.997857
8401: 0.997858
8402: 0.997858
8403: 0.997858
8404: 0.997858
8405: 0.997859
8406: 0.997859
8407: 0.997859
8408: 0.997859
8409: 0.99786
8410: 0.99786
8411: 0.99786
8412: 0.99786
8413: 0.997861
8414: 0.997861
8415: 0.997861
8416: 0.997861
8417: 0.997862
8418: 0.997862
8419: 0.997862
8420: 0.997862
8421: 0.997863
8422: 0.997863
8423: 0.997863
8424: 0.997864
8425: 0.997864
8426: 0.997864
8427: 0.997864
8428: 0.997865
8429: 0.997865
8430: 0.997865
8431: 0.997865
8432: 0.997866
8433: 0.997866
8434: 0.997866
8435: 0.997866
8436: 0.997867
8437: 0.997867
8438: 0.997867
8439: 0.997867
8440: 0.997868
8441: 0.997868
8442: 0.997868
8443: 0.997868
8444: 0.997869
8445: 0.997869
8446: 0.997869
8447: 0.997869
8448: 0.99787
8449: 0.99787
8450: 0.99787
8451: 0.99787
8452: 0.997871
8453: 0.997871
8454: 0.997871
8455: 0.997871
8456: 0.997872
8457: 0.997872
8458: 0.997872
8459: 0.997872
8460: 0.997873
8461: 0.997873
8462: 0.997873
8463: 0.997873
8464: 0.997874
8465: 0.997874
8466: 0.997874
8467: 0.997874
8468: 0.997875
8469: 0.997875
8470: 0.997875
8471: 0.997875
8472: 0.997876
8473: 0.997876
8474: 0.997876
8475: 0.997876
8476: 0.997877
8477: 0.997877
8478: 0.997877
8479: 0.997877
8480: 0.997878
8481: 0.997878
8482: 0.997878
8483: 0.997878
8484: 0.997879
8485: 0.997879
8486: 0.997879
8487: 0.997879
8488: 0.99788
8489: 0.99788
8490: 0.99788
8491: 0.99788
8492: 0.997881
8493: 0.997881
8494: 0.997881
8495: 0.997881
8496: 0.997882
8497: 0.997882
8498: 0.997882
8499: 0.997882
8500: 0.997883
8501: 0.997883
8502: 0.997883
8503: 0.997883
8504: 0.997884
8505: 0.997884
8506: 0.997884
8507: 0.997884
8508: 0.997885
8509: 0.997885
8510: 0.997885
8511: 0.997885
8512: 0.997886
8513: 0.997886
8514: 0.997886
8515: 0.997886
8516: 0.997887
8517: 0.997887
8518: 0.997887
8519: 0.997887
8520: 0.997888
8521: 0.997888
8522: 0.997888
8523: 0.997888
8524: 0.997889
8525: 0.997889
8526: 0.997889
8527: 0.997889
8528: 0.99789
8529: 0.99789
8530: 0.99789
8531: 0.99789
8532: 0.997891
8533: 0.997891
8534: 0.997891
8535: 0.997891
8536: 0.997892
8537: 0.997892
8538: 0.997892
8539: 0.997892
8540: 0.997893
8541: 0.997893
8542: 0.997893
8543: 0.997893
8544: 0.997894
8545: 0.997894
8546: 0.997894
8547: 0.997894
8548: 0.997894
8549: 0.997895
8550: 0.997895
8551: 0.997895
8552: 0.997895
8553: 0.997896
8554: 0.997896
8555: 0.997896
8556: 0.997896
8557: 0.997897
8558: 0.997897
8559: 0.997897
8560: 0.997897
8561: 0.997898
8562: 0.997898
8563: 0.997898
8564: 0.997898
8565: 0.997899
8566: 0.997899
8567: 0.997899
8568: 0.997899
8569: 0.9979
8570: 0.9979
8571: 0.9979
8572: 0.9979
8573: 0.997901
8574: 0.997901
8575: 0.997901
8576: 0.997901
8577: 0.997902
8578: 0.997902
8579: 0.997902
8580: 0.997902
8581: 0.997903
8582: 0.997903
8583: 0.997903
8584: 0.997903
8585: 0.997904
8586: 0.997904
8587: 0.997904
8588: 0.997904
8589: 0.997905
8590: 0.997905
8591: 0.997905
8592: 0.997905
8593: 0.997906
8594: 0.997906
8595: 0.997906
8596: 0.997906
8597: 0.997906
8598: 0.997907
8599: 0.997907
8600: 0.997907
8601: 0.997907
8602: 0.997908
8603: 0.997908
8604: 0.997908
8605: 0.997908
8606: 0.997909
8607: 0.997909
8608: 0.997909
8609: 0.997909
8610: 0.99791
8611: 0.99791
8612: 0.99791
8613: 0.99791
8614: 0.997911
8615: 0.997911
8616: 0.997911
8617: 0.997911
8618: 0.997912
8619: 0.997912
8620: 0.997912
8621: 0.997912
8622: 0.997913
8623: 0.997913
8624: 0.997913
8625: 0.997913
8626: 0.997914
8627: 0.997914
8628: 0.997914
8629: 0.997914
8630: 0.997914
8631: 0.997915
8632: 0.997915
8633: 0.997915
8634: 0.997915
8635: 0.997916
8636: 0.997916
8637: 0.997916
8638: 0.997916
8639: 0.997917
8640: 0.997917
8641: 0.997917
8642: 0.997917
8643: 0.997918
8644: 0.997918
8645: 0.997918
8646: 0.997918
8647: 0.997919
8648: 0.997919
8649: 0.997919
8650: 0.997919
8651: 0.99792
8652: 0.99792
8653: 0.99792
8654: 0.99792
8655: 0.997921
8656: 0.997921
8657: 0.997921
8658: 0.997921
8659: 0.997921
8660: 0.997922
8661: 0.997922
8662: 0.997922
8663: 0.997922
8664: 0.997923
8665: 0.997923
8666: 0.997923
8667: 0.997923
8668: 0.997924
8669: 0.997924
8670: 0.997924
8671: 0.997924
8672: 0.997925
8673: 0.997925
8674: 0.997925
8675: 0.997925
8676: 0.997926
8677: 0.997926
8678: 0.997926
8679: 0.997926
8680: 0.997927
8681: 0.997927
8682: 0.997927
8683: 0.997927
8684: 0.997927
8685: 0.997928
8686: 0.997928
8687: 0.997928
8688: 0.997928
8689: 0.997929
8690: 0.997929
8691: 0.997929
8692: 0.997929
8693: 0.99793
8694: 0.99793
8695: 0.99793
8696: 0.99793
8697: 0.997931
8698: 0.997931
8699: 0.997931
8700: 0.997931
8701: 0.997932
8702: 0.997932
8703: 0.997932
8704: 0.997932
8705: 0.997932
8706: 0.997933
8707: 0.997933
8708: 0.997933
8709: 0.997933
8710: 0.997934
8711: 0.997934
8712: 0.997934
8713: 0.997934
8714: 0.997935
8715: 0.997935
8716: 0.997935
8717: 0.997935
8718: 0.997936
8719: 0.997936
8720: 0.997936
8721: 0.997936
8722: 0.997936
8723: 0.997937
8724: 0.997937
8725: 0.997937
8726: 0.997937
8727: 0.997938
8728: 0.997938
8729: 0.997938
8730: 0.997938
8731: 0.997939
8732: 0.997939
8733: 0.997939
8734: 0.997939
8735: 0.99794
8736: 0.99794
8737: 0.99794
8738: 0.99794
8739: 0.997941
8740: 0.997941
8741: 0.997941
8742: 0.997941
8743: 0.997941
8744: 0.997942
8745: 0.997942
8746: 0.997942
8747: 0.997942
8748: 0.997943
8749: 0.997943
8750: 0.997943
8751: 0.997943
8752: 0.997944
8753: 0.997944
8754: 0.997944
8755: 0.997944
8756: 0.997945
8757: 0.997945
8758: 0.997945
8759: 0.997945
8760: 0.997945
8761: 0.997946
8762: 0.997946
8763: 0.997946
8764: 0.997946
8765: 0.997947
8766: 0.997947
8767: 0.997947
8768: 0.997947
8769: 0.997948
8770: 0.997948
8771: 0.997948
8772: 0.997948
8773: 0.997948
8774: 0.997949
8775: 0.997949
8776: 0.997949
8777: 0.997949
8778: 0.99795
8779: 0.99795
8780: 0.99795
8781: 0.99795
8782: 0.997951
8783: 0.997951
8784: 0.997951
8785: 0.997951
8786: 0.997952
8787: 0.997952
8788: 0.997952
8789: 0.997952
8790: 0.997952
8791: 0.997953
8792: 0.997953
8793: 0.997953
8794: 0.997953
8795: 0.997954
8796: 0.997954
8797: 0.997954
8798: 0.997954
8799: 0.997955
8800: 0.997955
8801: 0.997955
8802: 0.997955
8803: 0.997955
8804: 0.997956
8805: 0.997956
8806: 0.997956
8807: 0.997956
8808: 0.997957
8809: 0.997957
8810: 0.997957
8811: 0.997957
8812: 0.997958
8813: 0.997958
8814: 0.997958
8815: 0.997958
8816: 0.997958
8817: 0.997959
8818: 0.997959
8819: 0.997959
8820: 0.997959
8821: 0.99796
8822: 0.99796
8823: 0.99796
8824: 0.99796
8825: 0.997961
8826: 0.997961
8827: 0.997961
8828: 0.997961
8829: 0.997961
8830: 0.997962
8831: 0.997962
8832: 0.997962
8833: 0.997962
8834: 0.997963
8835: 0.997963
8836: 0.997963
8837: 0.997963
8838: 0.997964
8839: 0.997964
8840: 0.997964
8841: 0.997964
8842: 0.997964
8843: 0.997965
8844: 0.997965
8845: 0.997965
8846: 0.997965
8847: 0.997966
8848: 0.997966
8849: 0.997966
8850: 0.997966
8851: 0.997967
8852: 0.997967
8853: 0.997967
8854: 0.997967
8855: 0.997967
8856: 0.997968
8857: 0.997968
8858: 0.997968
8859: 0.997968
8860: 0.997969
8861: 0.997969
8862: 0.997969
8863: 0.997969
8864: 0.99797
8865: 0.99797
8866: 0.99797
8867: 0.99797
8868: 0.99797
8869: 0.997971
8870: 0.997971
8871: 0.997971
8872: 0.997971
8873: 0.997972
8874: 0.997972
8875: 0.997972
8876: 0.997972
8877: 0.997973
8878: 0.997973
8879: 0.997973
8880: 0.997973
8881: 0.997973
8882: 0.997974
8883: 0.997974
8884: 0.997974
8885: 0.997974
8886: 0.997975
8887: 0.997975
8888: 0.997975
8889: 0.997975
8890: 0.997975
8891: 0.997976
8892: 0.997976
8893: 0.997976
8894: 0.997976
8895: 0.997977
8896: 0.997977
8897: 0.997977
8898: 0.997977
8899: 0.997978
8900: 0.997978
8901: 0.997978
8902: 0.997978
8903: 0.997978
8904: 0.997979
8905: 0.997979
8906: 0.997979
8907: 0.997979
8908: 0.99798
8909: 0.99798
8910: 0.99798
8911: 0.99798
8912: 0.99798
8913: 0.997981
8914: 0.997981
8915: 0.997981
8916: 0.997981
8917: 0.997982
8918: 0.997982
8919: 0.997982
8920: 0.997982
8921: 0.997983
8922: 0.997983
8923: 0.997983
8924: 0.997983
8925: 0.997983
8926: 0.997984
8927: 0.997984
8928: 0.997984
8929: 0.997984
8930: 0.997985
8931: 0.997985
8932: 0.997985
8933: 0.997985
8934: 0.997985
8935: 0.997986
8936: 0.997986
8937: 0.997986
8938: 0.997986
8939: 0.997987
8940: 0.997987
8941: 0.997987
8942: 0.997987
8943: 0.997987
8944: 0.997988
8945: 0.997988
8946: 0.997988
8947: 0.997988
8948: 0.997989
8949: 0.997989
8950: 0.997989
8951: 0.997989
8952: 0.99799
8953: 0.99799
8954: 0.99799
8955: 0.99799
8956: 0.99799
8957: 0.997991
8958: 0.997991
8959: 0.997991
8960: 0.997991
8961: 0.997992
8962: 0.997992
8963: 0.997992
8964: 0.997992
8965: 0.997992
8966: 0.997993
8967: 0.997993
8968: 0.997993
8969: 0.997993
8970: 0.997994
8971: 0.997994
8972: 0.997994
8973: 0.997994
8974: 0.997994
8975: 0.997995
8976: 0.997995
8977: 0.997995
8978: 0.997995
8979: 0.997996
8980: 0.997996
8981: 0.997996
8982: 0.997996
8983: 0.997996
8984: 0.997997
8985: 0.997997
8986: 0.997997
8987: 0.997997
8988: 0.997998
8989: 0.997998
8990: 0.997998
8991: 0.997998
8992: 0.997998
8993: 0.997999
8994: 0.997999
8995: 0.997999
8996: 0.997999
8997: 0.998
8998: 0.998
8999: 0.998
9000: 0.998
9001: 0.998
9002: 0.998001
9003: 0.998001
9004: 0.998001
9005: 0.998001
9006: 0.998002
9007: 0.998002
9008: 0.998002
9009: 0.998002
9010: 0.998002
9011: 0.998003
9012: 0.998003
9013: 0.998003
9014: 0.998003
9015: 0.998004
9016: 0.998004
9017: 0.998004
9018: 0.998004
9019: 0.998004
9020: 0.998005
9021: 0.998005
9022: 0.998005
9023: 0.998005
9024: 0.998006
9025: 0.998006
9026: 0.998006
9027: 0.998006
9028: 0.998006
9029: 0.998007
9030: 0.998007
9031: 0.998007
9032: 0.998007
9033: 0.998008
9034: 0.998008
9035: 0.998008
9036: 0.998008
9037: 0.998008
9038: 0.998009
9039: 0.998009
9040: 0.998009
9041: 0.998009
9042: 0.99801
9043: 0.99801
9044: 0.99801
9045: 0.99801
9046: 0.99801
9047: 0.998011
9048: 0.998011
9049: 0.998011
9050: 0.998011
9051: 0.998011
9052: 0.998012
9053: 0.998012
9054: 0.998012
9055: 0.998012
9056: 0.998013
9057: 0.998013
9058: 0.998013
9059: 0.998013
9060: 0.998013
9061: 0.998014
9062: 0.998014
9063: 0.998014
9064: 0.998014
9065: 0.998015
9066: 0.998015
9067: 0.998015
9068: 0.998015
9069: 0.998015
9070: 0.998016
9071: 0.998016
9072: 0.998016
9073: 0.998016
9074: 0.998017
9075: 0.998017
9076: 0.998017
9077: 0.998017
9078: 0.998017
9079: 0.998018
9080: 0.998018
9081: 0.998018
9082: 0.998018
9083: 0.998018
9084: 0.998019
9085: 0.998019
9086: 0.998019
9087: 0.998019
9088: 0.99802
9089: 0.99802
9090: 0.99802
9091: 0.99802
9092: 0.99802
9093: 0.998021
9094: 0.998021
9095: 0.998021
9096: 0.998021
9097: 0.998022
9098: 0.998022
9099: 0.998022
9100: 0.998022
9101: 0.998022
9102: 0.998023
9103: 0.998023
9104: 0.998023
9105: 0.998023
9106: 0.998023
9107: 0.998024
9108: 0.998024
9109: 0.998024
9110: 0.998024
9111: 0.998025
9112: 0.998025
9113: 0.998025
9114: 0.998025
9115: 0.998025
9116: 0.998026
9117: 0.998026
9118: 0.998026
9119: 0.998026
9120: 0.998027
9121: 0.998027
9122: 0.998027
9123: 0.998027
9124: 0.998027
9125: 0.998028
9126: 0.998028
9127: 0.998028
9128: 0.998028
9129: 0.998028
9130: 0.998029
9131: 0.998029
9132: 0.998029
9133: 0.998029
9134: 0.99803
9135: 0.99803
9136: 0.99803
9137: 0.99803
9138: 0.99803
9139: 0.998031
9140: 0.998031
9141: 0.998031
9142: 0.998031
9143: 0.998031
9144: 0.998032
9145: 0.998032
9146: 0.998032
9147: 0.998032
9148: 0.998033
9149: 0.998033
9150: 0.998033
9151: 0.998033
9152: 0.998033
9153: 0.998034
9154: 0.998034
9155: 0.998034
9156: 0.998034
9157: 0.998035
9158: 0.998035
9159: 0.998035
9160: 0.998035
9161: 0.998035
9162: 0.998036
9163: 0.998036
9164: 0.998036
9165: 0.998036
9166: 0.998036
9167: 0.998037
9168: 0.998037
9169: 0.998037
9170: 0.998037
9171: 0.998038
9172: 0.998038
9173: 0.998038
9174: 0.998038
9175: 0.998038
9176: 0.998039
9177: 0.998039
9178: 0.998039
9179: 0.998039
9180: 0.998039
9181: 0.99804
9182: 0.99804
9183: 0.99804
9184: 0.99804
9185: 0.99804
9186: 0.998041
9187: 0.998041
9188: 0.998041
9189: 0.998041
9190: 0.998042
9191: 0.998042
9192: 0.998042
9193: 0.998042
9194: 0.998042
9195: 0.998043
9196: 0.998043
9197: 0.998043
9198: 0.998043
9199: 0.998043
9200: 0.998044
9201: 0.998044
9202: 0.998044
9203: 0.998044
9204: 0.998045
9205: 0.998045
9206: 0.998045
9207: 0.998045
9208: 0.998045
9209: 0.998046
9210: 0.998046
9211: 0.998046
9212: 0.998046
9213: 0.998046
9214: 0.998047
9215: 0.998047
9216: 0.998047
9217: 0.998047
9218: 0.998048
9219: 0.998048
9220: 0.998048
9221: 0.998048
9222: 0.998048
9223: 0.998049
9224: 0.998049
9225: 0.998049
9226: 0.998049
9227: 0.998049
9228: 0.99805
9229: 0.99805
9230: 0.99805
9231: 0.99805
9232: 0.99805
9233: 0.998051
9234: 0.998051
9235: 0.998051
9236: 0.998051
9237: 0.998052
9238: 0.998052
9239: 0.998052
9240: 0.998052
9241: 0.998052
9242: 0.998053
9243: 0.998053
9244: 0.998053
9245: 0.998053
9246: 0.998053
9247: 0.998054
9248: 0.998054
9249: 0.998054
9250: 0.998054
9251: 0.998054
9252: 0.998055
9253: 0.998055
9254: 0.998055
9255: 0.998055
9256: 0.998056
9257: 0.998056
9258: 0.998056
9259: 0.998056
9260: 0.998056
9261: 0.998057
9262: 0.998057
9263: 0.998057
9264: 0.998057
9265: 0.998057
9266: 0.998058
9267: 0.998058
9268: 0.998058
9269: 0.998058
9270: 0.998058
9271: 0.998059
9272: 0.998059
9273: 0.998059
9274: 0.998059
9275: 0.99806
9276: 0.99806
9277: 0.99806
9278: 0.99806
9279: 0.99806
9280: 0.998061
9281: 0.998061
9282: 0.998061
9283: 0.998061
9284: 0.998061
9285: 0.998062
9286: 0.998062
9287: 0.998062
9288: 0.998062
9289: 0.998062
9290: 0.998063
9291: 0.998063
9292: 0.998063
9293: 0.998063
9294: 0.998063
9295: 0.998064
9296: 0.998064
9297: 0.998064
9298: 0.998064
9299: 0.998065
9300: 0.998065
9301: 0.998065
9302: 0.998065
9303: 0.998065
9304: 0.998066
9305: 0.998066
9306: 0.998066
9307: 0.998066
9308: 0.998066
9309: 0.998067
9310: 0.998067
9311: 0.998067
9312: 0.998067
9313: 0.998067
9314: 0.998068
9315: 0.998068
9316: 0.998068
9317: 0.998068
9318: 0.998068
9319: 0.998069
9320: 0.998069
9321: 0.998069
9322: 0.998069
9323: 0.998069
9324: 0.99807
9325: 0.99807
9326: 0.99807
9327: 0.99807
9328: 0.998071
9329: 0.998071
9330: 0.998071
9331: 0.998071
9332: 0.998071
9333: 0.998072
9334: 0.998072
9335: 0.998072
9336: 0.998072
9337: 0.998072
9338: 0.998073
9339: 0.998073
9340: 0.998073
9341: 0.998073
9342: 0.998073
9343: 0.998074
9344: 0.998074
9345: 0.998074
9346: 0.998074
9347: 0.998074
9348: 0.998075
9349: 0.998075
9350: 0.998075
9351: 0.998075
9352: 0.998075
9353: 0.998076
9354: 0.998076
9355: 0.998076
9356: 0.998076
9357: 0.998077
9358: 0.998077
9359: 0.998077
9360: 0.998077
9361: 0.998077
9362: 0.998078
9363: 0.998078
9364: 0.998078
9365: 0.998078
9366: 0.998078
9367: 0.998079
9368: 0.998079
9369: 0.998079
9370: 0.998079
9371: 0.998079
9372: 0.99808
9373: 0.99808
9374: 0.99808
9375: 0.99808
9376: 0.99808
9377: 0.998081
9378: 0.998081
9379: 0.998081
9380: 0.998081
9381: 0.998081
9382: 0.998082
9383: 0.998082
9384: 0.998082
9385: 0.998082
9386: 0.998082
9387: 0.998083
9388: 0.998083
9389: 0.998083
9390: 0.998083
9391: 0.998083
9392: 0.998084
9393: 0.998084
9394: 0.998084
9395: 0.998084
9396: 0.998084
9397: 0.998085
9398: 0.998085
9399: 0.998085
9400: 0.998085
9401: 0.998086
9402: 0.998086
9403: 0.998086
9404: 0.998086
9405: 0.998086
9406: 0.998087
9407: 0.998087
9408: 0.998087
9409: 0.998087
9410: 0.998087
9411: 0.998088
9412: 0.998088
9413: 0.998088
9414: 0.998088
9415: 0.998088
9416: 0.998089
9417: 0.998089
9418: 0.998089
9419: 0.998089
9420: 0.998089
9421: 0.99809
9422: 0.99809
9423: 0.99809
9424: 0.99809
9425: 0.99809
9426: 0.998091
9427: 0.998091
9428: 0.998091
9429: 0.998091
9430: 0.998091
9431: 0.998092
9432: 0.998092
9433: 0.998092
9434: 0.998092
9435: 0.998092
9436: 0.998093
9437: 0.998093
9438: 0.998093
9439: 0.998093
9440: 0.998093
9441: 0.998094
9442: 0.998094
9443: 0.998094
9444: 0.998094
9445: 0.998094
9446: 0.998095
9447: 0.998095
9448: 0.998095
9449: 0.998095
9450: 0.998095
9451: 0.998096
9452: 0.998096
9453: 0.998096
9454: 0.998096
9455: 0.998096
9456: 0.998097
9457: 0.998097
9458: 0.998097
9459: 0.998097
9460: 0.998097
9461: 0.998098
9462: 0.998098
9463: 0.998098
9464: 0.998098
9465: 0.998098
9466: 0.998099
9467: 0.998099
9468: 0.998099
9469: 0.998099
9470: 0.998099
9471: 0.9981
9472: 0.9981
9473: 0.9981
9474: 0.9981
9475: 0.9981
9476: 0.998101
9477: 0.998101
9478: 0.998101
9479: 0.998101
9480: 0.998101
9481: 0.998102
9482: 0.998102
9483: 0.998102
9484: 0.998102
9485: 0.998102
9486: 0.998103
9487: 0.998103
9488: 0.998103
9489: 0.998103
9490: 0.998103
9491: 0.998104
9492: 0.998104
9493: 0.998104
9494: 0.998104
9495: 0.998104
9496: 0.998105
9497: 0.998105
9498: 0.998105
9499: 0.998105
9500: 0.998105
9501: 0.998106
9502: 0.998106
9503: 0.998106
9504: 0.998106
9505: 0.998106
9506: 0.998107
9507: 0.998107
9508: 0.998107
9509: 0.998107
9510: 0.998107
9511: 0.998108
9512: 0.998108
9513: 0.998108
9514: 0.998108
9515: 0.998108
9516: 0.998109
9517: 0.998109
9518: 0.998109
9519: 0.998109
9520: 0.998109
9521: 0.99811
9522: 0.99811
9523: 0.99811
9524: 0.99811
9525: 0.99811
9526: 0.998111
9527: 0.998111
9528: 0.998111
9529: 0.998111
9530: 0.998111
9531: 0.998112
9532: 0.998112
9533: 0.998112
9534: 0.998112
9535: 0.998112
9536: 0.998113
9537: 0.998113
9538: 0.998113
9539: 0.998113
9540: 0.998113
9541: 0.998114
9542: 0.998114
9543: 0.998114
9544: 0.998114
9545: 0.998114
9546: 0.998115
9547: 0.998115
9548: 0.998115
9549: 0.998115
9550: 0.998115
9551: 0.998116
9552: 0.998116
9553: 0.998116
9554: 0.998116
9555: 0.998116
9556: 0.998117
9557: 0.998117
9558: 0.998117
9559: 0.998117
9560: 0.998117
9561: 0.998118
9562: 0.998118
9563: 0.998118
9564: 0.998118
9565: 0.998118
9566: 0.998119
9567: 0.998119
9568: 0.998119
9569: 0.998119
9570: 0.998119
9571: 0.99812
9572: 0.99812
9573: 0.99812
9574: 0.99812
9575: 0.99812
9576: 0.99812
9577: 0.998121
9578: 0.998121
9579: 0.998121
9580: 0.998121
9581: 0.998121
9582: 0.998122
9583: 0.998122
9584: 0.998122
9585: 0.998122
9586: 0.998122
9587: 0.998123
9588: 0.998123
9589: 0.998123
9590: 0.998123
9591: 0.998123
9592: 0.998124
9593: 0.998124
9594: 0.998124
9595: 0.998124
9596: 0.998124
9597: 0.998125
9598: 0.998125
9599: 0.998125
9600: 0.998125
9601: 0.998125
9602: 0.998126
9603: 0.998126
9604: 0.998126
9605: 0.998126
9606: 0.998126
9607: 0.998127
9608: 0.998127
9609: 0.998127
9610: 0.998127
9611: 0.998127
9612: 0.998128
9613: 0.998128
9614: 0.998128
9615: 0.998128
9616: 0.998128
9617: 0.998129
9618: 0.998129
9619: 0.998129
9620: 0.998129
9621: 0.998129
9622: 0.998129
9623: 0.99813
9624: 0.99813
9625: 0.99813
9626: 0.99813
9627: 0.99813
9628: 0.998131
9629: 0.998131
9630: 0.998131
9631: 0.998131
9632: 0.998131
9633: 0.998132
9634: 0.998132
9635: 0.998132
9636: 0.998132
9637: 0.998132
9638: 0.998133
9639: 0.998133
9640: 0.998133
9641: 0.998133
9642: 0.998133
9643: 0.998134
9644: 0.998134
9645: 0.998134
9646: 0.998134
9647: 0.998134
9648: 0.998135
9649: 0.998135
9650: 0.998135
9651: 0.998135
9652: 0.998135
9653: 0.998135
9654: 0.998136
9655: 0.998136
9656: 0.998136
9657: 0.998136
9658: 0.998136
9659: 0.998137
9660: 0.998137
9661: 0.998137
9662: 0.998137
9663: 0.998137
9664: 0.998138
9665: 0.998138
9666: 0.998138
9667: 0.998138
9668: 0.998138
9669: 0.998139
9670: 0.998139
9671: 0.998139
9672: 0.998139
9673: 0.998139
9674: 0.99814
9675: 0.99814
9676: 0.99814
9677: 0.99814
9678: 0.99814
9679: 0.99814
9680: 0.998141
9681: 0.998141
9682: 0.998141
9683: 0.998141
9684: 0.998141
9685: 0.998142
9686: 0.998142
9687: 0.998142
9688: 0.998142
9689: 0.998142
9690: 0.998143
9691: 0.998143
9692: 0.998143
9693: 0.998143
9694: 0.998143
9695: 0.998144
9696: 0.998144
9697: 0.998144
9698: 0.998144
9699: 0.998144
9700: 0.998145
9701: 0.998145
9702: 0.998145
9703: 0.998145
9704: 0.998145
9705: 0.998145
9706: 0.998146
9707: 0.998146
9708: 0.998146
9709: 0.998146
9710: 0.998146
9711: 0.998147
9712: 0.998147
9713: 0.998147
9714: 0.998147
9715: 0.998147
9716: 0.998148
9717: 0.998148
9718: 0.998148
9719: 0.998148
9720: 0.998148
9721: 0.998149
9722: 0.998149
9723: 0.998149
9724: 0.998149
9725: 0.998149
9726: 0.998149
9727: 0.99815
9728: 0.99815
9729: 0.99815
9730: 0.99815
9731: 0.99815
9732: 0.998151
9733: 0.998151
9734: 0.998151
9735: 0.998151
9736: 0.998151
9737: 0.998152
9738: 0.998152
9739: 0.998152
9740: 0.998152
9741: 0.998152
9742: 0.998153
9743: 0.998153
9744: 0.998153
9745: 0.998153
9746: 0.998153
9747: 0.998153
9748: 0.998154
9749: 0.998154
9750: 0.998154
9751: 0.998154
9752: 0.998154
9753: 0.998155
9754: 0.998155
9755: 0.998155
9756: 0.998155
9757: 0.998155
9758: 0.998156
9759: 0.998156
9760: 0.998156
9761: 0.998156
9762: 0.998156
9763: 0.998156
9764: 0.998157
9765: 0.998157
9766: 0.998157
9767: 0.998157
9768: 0.998157
9769: 0.998158
9770: 0.998158
9771: 0.998158
9772: 0.998158
9773: 0.998158
9774: 0.998159
9775: 0.998159
9776: 0.998159
9777: 0.998159
9778: 0.998159
9779: 0.99816
9780: 0.99816
9781: 0.99816
9782: 0.99816
9783: 0.99816
9784: 0.99816
9785: 0.998161
9786: 0.998161
9787: 0.998161
9788: 0.998161
9789: 0.998161
9790: 0.998162
9791: 0.998162
9792: 0.998162
9793: 0.998162
9794: 0.998162
9795: 0.998163
9796: 0.998163
9797: 0.998163
9798: 0.998163
9799: 0.998163
9800: 0.998163
9801: 0.998164
9802: 0.998164
9803: 0.998164
9804: 0.998164
9805: 0.998164
9806: 0.998165
9807: 0.998165
9808: 0.998165
9809: 0.998165
9810: 0.998165
9811: 0.998166
9812: 0.998166
9813: 0.998166
9814: 0.998166
9815: 0.998166
9816: 0.998166
9817: 0.998167
9818: 0.998167
9819: 0.998167
9820: 0.998167
9821: 0.998167
9822: 0.998168
9823: 0.998168
9824: 0.998168
9825: 0.998168
9826: 0.998168
9827: 0.998168
9828: 0.998169
9829: 0.998169
9830: 0.998169
9831: 0.998169
9832: 0.998169
9833: 0.99817
9834: 0.99817
9835: 0.99817
9836: 0.99817
9837: 0.99817
9838: 0.998171
9839: 0.998171
9840: 0.998171
9841: 0.998171
9842: 0.998171
9843: 0.998171
9844: 0.998172
9845: 0.998172
9846: 0.998172
9847: 0.998172
9848: 0.998172
9849: 0.998173
9850: 0.998173
9851: 0.998173
9852: 0.998173
9853: 0.998173
9854: 0.998174
9855: 0.998174
9856: 0.998174
9857: 0.998174
9858: 0.998174
9859: 0.998174
9860: 0.998175
9861: 0.998175
9862: 0.998175
9863: 0.998175
9864: 0.998175
9865: 0.998176
9866: 0.998176
9867: 0.998176
9868: 0.998176
9869: 0.998176
9870: 0.998176
9871: 0.998177
9872: 0.998177
9873: 0.998177
9874: 0.998177
9875: 0.998177
9876: 0.998178
9877: 0.998178
9878: 0.998178
9879: 0.998178
9880: 0.998178
9881: 0.998179
9882: 0.998179
9883: 0.998179
9884: 0.998179
9885: 0.998179
9886: 0.998179
9887: 0.99818
9888: 0.99818
9889: 0.99818
9890: 0.99818
9891: 0.99818
9892: 0.998181
9893: 0.998181
9894: 0.998181
9895: 0.998181
9896: 0.998181
9897: 0.998181
9898: 0.998182
9899: 0.998182
9900: 0.998182
9901: 0.998182
9902: 0.998182
9903: 0.998183
9904: 0.998183
9905: 0.998183
9906: 0.998183
9907: 0.998183
9908: 0.998183
9909: 0.998184
9910: 0.998184
9911: 0.998184
9912: 0.998184
9913: 0.998184
9914: 0.998185
9915: 0.998185
9916: 0.998185
9917: 0.998185
9918: 0.998185
9919: 0.998185
9920: 0.998186
9921: 0.998186
9922: 0.998186
9923: 0.998186
9924: 0.998186
9925: 0.998187
9926: 0.998187
9927: 0.998187
9928: 0.998187
9929: 0.998187
9930: 0.998187
9931: 0.998188
9932: 0.998188
9933: 0.998188
9934: 0.998188
9935: 0.998188
9936: 0.998189
9937: 0.998189
9938: 0.998189
9939: 0.998189
9940: 0.998189
9941: 0.998189
9942: 0.99819
9943: 0.99819
9944: 0.99819
9945: 0.99819
9946: 0.99819
9947: 0.998191
9948: 0.998191
9949: 0.998191
9950: 0.998191
9951: 0.998191
9952: 0.998192
9953: 0.998192
9954: 0.998192
9955: 0.998192
9956: 0.998192
9957: 0.998192
9958: 0.998193
9959: 0.998193
9960: 0.998193
9961: 0.998193
9962: 0.998193
9963: 0.998193
9964: 0.998194
9965: 0.998194
9966: 0.998194
9967: 0.998194
9968: 0.998194
9969: 0.998195
9970: 0.998195
9971: 0.998195
9972: 0.998195
9973: 0.998195
9974: 0.998195
9975: 0.998196
9976: 0.998196
9977: 0.998196
9978: 0.998196
9979: 0.998196
9980: 0.998197
9981: 0.998197
9982: 0.998197
9983: 0.998197
9984: 0.998197
9985: 0.998197
9986: 0.998198
9987: 0.998198
9988: 0.998198
9989: 0.998198
9990: 0.998198
9991: 0.998199
9992: 0.998199
9993: 0.998199
9994: 0.998199
9995: 0.998199
9996: 0.998199
9997: 0.9982
9998: 0.9982
9999: 0.9982
10000: 0.9982
10001: 0.9982
10002: 0.998201
10003: 0.998201
10004: 0.998201
10005: 0.998201
10006: 0.998201
10007: 0.998201
10008: 0.998202
10009: 0.998202
10010: 0.998202
10011: 0.998202
10012: 0.998202
10013: 0.998203
10014: 0.998203
10015: 0.998203
10016: 0.998203
10017: 0.998203
10018: 0.998203
10019: 0.998204
10020: 0.998204
10021: 0.998204
10022: 0.998204
10023: 0.998204
10024: 0.998204
10025: 0.998205
10026: 0.998205
10027: 0.998205
10028: 0.998205
10029: 0.998205
10030: 0.998206
10031: 0.998206
10032: 0.998206
10033: 0.998206
10034: 0.998206
10035: 0.998206
10036: 0.998207
10037: 0.998207
10038: 0.998207
10039: 0.998207
10040: 0.998207
10041: 0.998208
10042: 0.998208
10043: 0.998208
10044: 0.998208
10045: 0.998208
10046: 0.998208
10047: 0.998209
10048: 0.998209
10049: 0.998209
10050: 0.998209
10051: 0.998209
10052: 0.998209
10053: 0.99821
10054: 0.99821
10055: 0.99821
10056: 0.99821
10057: 0.99821
10058: 0.998211
10059: 0.998211
10060: 0.998211
10061: 0.998211
10062: 0.998211
10063: 0.998211
10064: 0.998212
10065: 0.998212
10066: 0.998212
10067: 0.998212
10068: 0.998212
10069: 0.998213
10070: 0.998213
10071: 0.998213
10072: 0.998213
10073: 0.998213
10074: 0.998213
10075: 0.998214
10076: 0.998214
10077: 0.998214
10078: 0.998214
10079: 0.998214
10080: 0.998214
10081: 0.998215
10082: 0.998215
10083: 0.998215
10084: 0.998215
10085: 0.998215
10086: 0.998216
10087: 0.998216
10088: 0.998216
10089: 0.998216
10090: 0.998216
10091: 0.998216
10092: 0.998217
10093: 0.998217
10094: 0.998217
10095: 0.998217
10096: 0.998217
10097: 0.998217
10098: 0.998218
10099: 0.998218
10100: 0.998218
10101: 0.998218
10102: 0.998218
10103: 0.998219
10104: 0.998219
10105: 0.998219
10106: 0.998219
10107: 0.998219
10108: 0.998219
10109: 0.99822
10110: 0.99822
10111: 0.99822
10112: 0.99822
10113: 0.99822
10114: 0.99822
10115: 0.998221
10116: 0.998221
10117: 0.998221
10118: 0.998221
10119: 0.998221
10120: 0.998222
10121: 0.998222
10122: 0.998222
10123: 0.998222
10124: 0.998222
10125: 0.998222
10126: 0.998223
10127: 0.998223
10128: 0.998223
10129: 0.998223
10130: 0.998223
10131: 0.998223
10132: 0.998224
10133: 0.998224
10134: 0.998224
10135: 0.998224
10136: 0.998224
10137: 0.998225
10138: 0.998225
10139: 0.998225
10140: 0.998225
10141: 0.998225
10142: 0.998225
10143: 0.998226
10144: 0.998226
10145: 0.998226
10146: 0.998226
10147: 0.998226
10148: 0.998226
10149: 0.998227
10150: 0.998227
10151: 0.998227
10152: 0.998227
10153: 0.998227
10154: 0.998227
10155: 0.998228
10156: 0.998228
10157: 0.998228
10158: 0.998228
10159: 0.998228
10160: 0.998229
10161: 0.998229
10162: 0.998229
10163: 0.998229
10164: 0.998229
10165: 0.998229
10166: 0.99823
10167: 0.99823
10168: 0.99823
10169: 0.99823
10170: 0.99823
10171: 0.99823
10172: 0.998231
10173: 0.998231
10174: 0.998231
10175: 0.998231
10176: 0.998231
10177: 0.998231
10178: 0.998232
10179: 0.998232
10180: 0.998232
10181: 0.998232
10182: 0.998232
10183: 0.998233
10184: 0.998233
10185: 0.998233
10186: 0.998233
10187: 0.998233
10188: 0.998233
10189: 0.998234
10190: 0.998234
10191: 0.998234
10192: 0.998234
10193: 0.998234
10194: 0.998234
10195: 0.998235
10196: 0.998235
10197: 0.998235
10198: 0.998235
10199: 0.998235
10200: 0.998235
10201: 0.998236
10202: 0.998236
10203: 0.998236
10204: 0.998236
10205: 0.998236
10206: 0.998237
10207: 0.998237
10208: 0.998237
10209: 0.998237
10210: 0.998237
10211: 0.998237
10212: 0.998238
10213: 0.998238
10214: 0.998238
10215: 0.998238
10216: 0.998238
10217: 0.998238
10218: 0.998239
10219: 0.998239
10220: 0.998239
10221: 0.998239
10222: 0.998239
10223: 0.998239
10224: 0.99824
10225: 0.99824
10226: 0.99824
10227: 0.99824
10228: 0.99824
10229: 0.99824
10230: 0.998241
10231: 0.998241
10232: 0.998241
10233: 0.998241
10234: 0.998241
10235: 0.998242
10236: 0.998242
10237: 0.998242
10238: 0.998242
10239: 0.998242
10240: 0.998242
10241: 0.998243
10242: 0.998243
10243: 0.998243
10244: 0.998243
10245: 0.998243
10246: 0.998243
10247: 0.998244
10248: 0.998244
10249: 0.998244
10250: 0.998244
10251: 0.998244
10252: 0.998244
10253: 0.998245
10254: 0.998245
10255: 0.998245
10256: 0.998245
10257: 0.998245
10258: 0.998245
10259: 0.998246
10260: 0.998246
10261: 0.998246
10262: 0.998246
10263: 0.998246
10264: 0.998246
10265: 0.998247
10266: 0.998247
10267: 0.998247
10268: 0.998247
10269: 0.998247
10270: 0.998247
10271: 0.998248
10272: 0.998248
10273: 0.998248
10274: 0.998248
10275: 0.998248
10276: 0.998249
10277: 0.998249
10278: 0.998249
10279: 0.998249
10280: 0.998249
10281: 0.998249
10282: 0.99825
10283: 0.99825
10284: 0.99825
10285: 0.99825
10286: 0.99825
10287: 0.99825
10288: 0.998251
10289: 0.998251
10290: 0.998251
10291: 0.998251
10292: 0.998251
10293: 0.998251
10294: 0.998252
10295: 0.998252
10296: 0.998252
10297: 0.998252
10298: 0.998252
10299: 0.998252
10300: 0.998253
10301: 0.998253
10302: 0.998253
10303: 0.998253
10304: 0.998253
10305: 0.998253
10306: 0.998254
10307: 0.998254
10308: 0.998254
10309: 0.998254
10310: 0.998254
10311: 0.998254
10312: 0.998255
10313: 0.998255
10314: 0.998255
10315: 0.998255
10316: 0.998255
10317: 0.998255
10318: 0.998256
10319: 0.998256
10320: 0.998256
10321: 0.998256
10322: 0.998256
10323: 0.998256
10324: 0.998257
10325: 0.998257
10326: 0.998257
10327: 0.998257
10328: 0.998257
10329: 0.998258
10330: 0.998258
10331: 0.998258
10332: 0.998258
10333: 0.998258
10334: 0.998258
10335: 0.998259
10336: 0.998259
10337: 0.998259
10338: 0.998259
10339: 0.998259
10340: 0.998259
10341: 0.99826
10342: 0.99826
10343: 0.99826
10344: 0.99826
10345: 0.99826
10346: 0.99826
10347: 0.998261
10348: 0.998261
10349: 0.998261
10350: 0.998261
10351: 0.998261
10352: 0.998261
10353: 0.998262
10354: 0.998262
10355: 0.998262
10356: 0.998262
10357: 0.998262
10358: 0.998262
10359: 0.998263
10360: 0.998263
10361: 0.998263
10362: 0.998263
10363: 0.998263
10364: 0.998263
10365: 0.998264
10366: 0.998264
10367: 0.998264
10368: 0.998264
10369: 0.998264
10370: 0.998264
10371: 0.998265
10372: 0.998265
10373: 0.998265
10374: 0.998265
10375: 0.998265
10376: 0.998265
10377: 0.998266
10378: 0.998266
10379: 0.998266
10380: 0.998266
10381: 0.998266
10382: 0.998266
10383: 0.998267
10384: 0.998267
10385: 0.998267
10386: 0.998267
10387: 0.998267
10388: 0.998267
10389: 0.998268
10390: 0.998268
10391: 0.998268
10392: 0.998268
10393: 0.998268
10394: 0.998268
10395: 0.998269
10396: 0.998269
10397: 0.998269
10398: 0.998269
10399: 0.998269
10400: 0.998269
10401: 0.99827
10402: 0.99827
10403: 0.99827
10404: 0.99827
10405: 0.99827
10406: 0.99827
10407: 0.998271
10408: 0.998271
10409: 0.998271
10410: 0.998271
10411: 0.998271
10412: 0.998271
10413: 0.998272
10414: 0.998272
10415: 0.998272
10416: 0.998272
10417: 0.998272
10418: 0.998272
10419: 0.998273
10420: 0.998273
10421: 0.998273
10422: 0.998273
10423: 0.998273
10424: 0.998273
10425: 0.998274
10426: 0.998274
10427: 0.998274
10428: 0.998274
10429: 0.998274
10430: 0.998274
10431: 0.998275
10432: 0.998275
10433: 0.998275
10434: 0.998275
10435: 0.998275
10436: 0.998275
10437: 0.998276
10438: 0.998276
10439: 0.998276
10440: 0.998276
10441: 0.998276
10442: 0.998276
10443: 0.998277
10444: 0.998277
10445: 0.998277
10446: 0.998277
10447: 0.998277
10448: 0.998277
10449: 0.998278
10450: 0.998278
10451: 0.998278
10452: 0.998278
10453: 0.998278
10454: 0.998278
10455: 0.998279
10456: 0.998279
10457: 0.998279
10458: 0.998279
10459: 0.998279
10460: 0.998279
10461: 0.998279
10462: 0.99828
10463: 0.99828
10464: 0.99828
10465: 0.99828
10466: 0.99828
10467: 0.99828
10468: 0.998281
10469: 0.998281
10470: 0.998281
10471: 0.998281
10472: 0.998281
10473: 0.998281
10474: 0.998282
10475: 0.998282
10476: 0.998282
10477: 0.998282
10478: 0.998282
10479: 0.998282
10480: 0.998283
10481: 0.998283
10482: 0.998283
10483: 0.998283
10484: 0.998283
10485: 0.998283
10486: 0.998284
10487: 0.998284
10488: 0.998284
10489: 0.998284
10490: 0.998284
10491: 0.998284
10492: 0.998285
10493: 0.998285
10494: 0.998285
10495: 0.998285
10496: 0.998285
10497: 0.998285
10498: 0.998286
10499: 0.998286
10500: 0.998286
10501: 0.998286
10502: 0.998286
10503: 0.998286
10504: 0.998287
10505: 0.998287
10506: 0.998287
10507: 0.998287
10508: 0.998287
10509: 0.998287
10510: 0.998288
10511: 0.998288
10512: 0.998288
10513: 0.998288
10514: 0.998288
10515: 0.998288
10516: 0.998288
10517: 0.998289
10518: 0.998289
10519: 0.998289
10520: 0.998289
10521: 0.998289
10522: 0.998289
10523: 0.99829
10524: 0.99829
10525: 0.99829
10526: 0.99829
10527: 0.99829
10528: 0.99829
10529: 0.998291
10530: 0.998291
10531: 0.998291
10532: 0.998291
10533: 0.998291
10534: 0.998291
10535: 0.998292
10536: 0.998292
10537: 0.998292
10538: 0.998292
10539: 0.998292
10540: 0.998292
10541: 0.998293
10542: 0.998293
10543: 0.998293
10544: 0.998293
10545: 0.998293
10546: 0.998293
10547: 0.998294
10548: 0.998294
10549: 0.998294
10550: 0.998294
10551: 0.998294
10552: 0.998294
10553: 0.998294
10554: 0.998295
10555: 0.998295
10556: 0.998295
10557: 0.998295
10558: 0.998295
10559: 0.998295
10560: 0.998296
10561: 0.998296
10562: 0.998296
10563: 0.998296
10564: 0.998296
10565: 0.998296
10566: 0.998297
10567: 0.998297
10568: 0.998297
10569: 0.998297
10570: 0.998297
10571: 0.998297
10572: 0.998298
10573: 0.998298
10574: 0.998298
10575: 0.998298
10576: 0.998298
10577: 0.998298
10578: 0.998299
10579: 0.998299
10580: 0.998299
10581: 0.998299
10582: 0.998299
10583: 0.998299
10584: 0.998299
10585: 0.9983
10586: 0.9983
10587: 0.9983
10588: 0.9983
10589: 0.9983
10590: 0.9983
10591: 0.998301
10592: 0.998301
10593: 0.998301
10594: 0.998301
10595: 0.998301
10596: 0.998301
10597: 0.998302
10598: 0.998302
10599: 0.998302
10600: 0.998302
10601: 0.998302
10602: 0.998302
10603: 0.998303
10604: 0.998303
10605: 0.998303
10606: 0.998303
10607: 0.998303
10608: 0.998303
10609: 0.998303
10610: 0.998304
10611: 0.998304
10612: 0.998304
10613: 0.998304
10614: 0.998304
10615: 0.998304
10616: 0.998305
10617: 0.998305
10618: 0.998305
10619: 0.998305
10620: 0.998305
10621: 0.998305
10622: 0.998306
10623: 0.998306
10624: 0.998306
10625: 0.998306
10626: 0.998306
10627: 0.998306
10628: 0.998307
10629: 0.998307
10630: 0.998307
10631: 0.998307
10632: 0.998307
10633: 0.998307
10634: 0.998307
10635: 0.998308
10636: 0.998308
10637: 0.998308
10638: 0.998308
10639: 0.998308
10640: 0.998308
10641: 0.998309
10642: 0.998309
10643: 0.998309
10644: 0.998309
10645: 0.998309
10646: 0.998309
10647: 0.99831
10648: 0.99831
10649: 0.99831
10650: 0.99831
10651: 0.99831
10652: 0.99831
10653: 0.99831
10654: 0.998311
10655: 0.998311
10656: 0.998311
10657: 0.998311
10658: 0.998311
10659: 0.998311
10660: 0.998312
10661: 0.998312
10662: 0.998312
10663: 0.998312
10664: 0.998312
10665: 0.998312
10666: 0.998313
10667: 0.998313
10668: 0.998313
10669: 0.998313
10670: 0.998313
10671: 0.998313
10672: 0.998314
10673: 0.998314
10674: 0.998314
10675: 0.998314
10676: 0.998314
10677: 0.998314
10678: 0.998314
10679: 0.998315
10680: 0.998315
10681: 0.998315
10682: 0.998315
10683: 0.998315
10684: 0.998315
10685: 0.998316
10686: 0.998316
10687: 0.998316
10688: 0.998316
10689: 0.998316
10690: 0.998316
10691: 0.998316
10692: 0.998317
10693: 0.998317
10694: 0.998317
10695: 0.998317
10696: 0.998317
10697: 0.998317
10698: 0.998318
10699: 0.998318
10700: 0.998318
10701: 0.998318
10702: 0.998318
10703: 0.998318
10704: 0.998319
10705: 0.998319
10706: 0.998319
10707: 0.998319
10708: 0.998319
10709: 0.998319
10710: 0.998319
10711: 0.99832
10712: 0.99832
10713: 0.99832
10714: 0.99832
10715: 0.99832
10716: 0.99832
10717: 0.998321
10718: 0.998321
10719: 0.998321
10720: 0.998321
10721: 0.998321
10722: 0.998321
10723: 0.998322
10724: 0.998322
10725: 0.998322
10726: 0.998322
10727: 0.998322
10728: 0.998322
10729: 0.998322
10730: 0.998323
10731: 0.998323
10732: 0.998323
10733: 0.998323
10734: 0.998323
10735: 0.998323
10736: 0.998324
10737: 0.998324
10738: 0.998324
10739: 0.998324
10740: 0.998324
10741: 0.998324
10742: 0.998324
10743: 0.998325
10744: 0.998325
10745: 0.998325
10746: 0.998325
10747: 0.998325
10748: 0.998325
10749: 0.998326
10750: 0.998326
10751: 0.998326
10752: 0.998326
10753: 0.998326
10754: 0.998326
10755: 0.998327
10756: 0.998327
10757: 0.998327
10758: 0.998327
10759: 0.998327
10760: 0.998327
10761: 0.998327
10762: 0.998328
10763: 0.998328
10764: 0.998328
10765: 0.998328
10766: 0.998328
10767: 0.998328
10768: 0.998329
10769: 0.998329
10770: 0.998329
10771: 0.998329
10772: 0.998329
10773: 0.998329
10774: 0.998329
10775: 0.99833
10776: 0.99833
10777: 0.99833
10778: 0.99833
10779: 0.99833
10780: 0.99833
10781: 0.998331
10782: 0.998331
10783: 0.998331
10784: 0.998331
10785: 0.998331
10786: 0.998331
10787: 0.998331
10788: 0.998332
10789: 0.998332
10790: 0.998332
10791: 0.998332
10792: 0.998332
10793: 0.998332
10794: 0.998333
10795: 0.998333
10796: 0.998333
10797: 0.998333
10798: 0.998333
10799: 0.998333
10800: 0.998333
10801: 0.998334
10802: 0.998334
10803: 0.998334
10804: 0.998334
10805: 0.998334
10806: 0.998334
10807: 0.998335
10808: 0.998335
10809: 0.998335
10810: 0.998335
10811: 0.998335
10812: 0.998335
10813: 0.998335
10814: 0.998336
10815: 0.998336
10816: 0.998336
10817: 0.998336
10818: 0.998336
10819: 0.998336
10820: 0.998337
10821: 0.998337
10822: 0.998337
10823: 0.998337
10824: 0.998337
10825: 0.998337
10826: 0.998337
10827: 0.998338
10828: 0.998338
10829: 0.998338
10830: 0.998338
10831: 0.998338
10832: 0.998338
10833: 0.998339
10834: 0.998339
10835: 0.998339
10836: 0.998339
10837: 0.998339
10838: 0.998339
10839: 0.998339
10840: 0.99834
10841: 0.99834
10842: 0.99834
10843: 0.99834
10844: 0.99834
10845: 0.99834
10846: 0.998341
10847: 0.998341
10848: 0.998341
10849: 0.998341
10850: 0.998341
10851: 0.998341
10852: 0.998341
10853: 0.998342
10854: 0.998342
10855: 0.998342
10856: 0.998342
10857: 0.998342
10858: 0.998342
10859: 0.998343
10860: 0.998343
10861: 0.998343
10862: 0.998343
10863: 0.998343
10864: 0.998343
10865: 0.998343
10866: 0.998344
10867: 0.998344
10868: 0.998344
10869: 0.998344
10870: 0.998344
10871: 0.998344
10872: 0.998345
10873: 0.998345
10874: 0.998345
10875: 0.998345
10876: 0.998345
10877: 0.998345
10878: 0.998345
10879: 0.998346
10880: 0.998346
10881: 0.998346
10882: 0.998346
10883: 0.998346
10884: 0.998346
10885: 0.998347
10886: 0.998347
10887: 0.998347
10888: 0.998347
10889: 0.998347
10890: 0.998347
10891: 0.998347
10892: 0.998348
10893: 0.998348
10894: 0.998348
10895: 0.998348
10896: 0.998348
10897: 0.998348
10898: 0.998348
10899: 0.998349
10900: 0.998349
10901: 0.998349
10902: 0.998349
10903: 0.998349
10904: 0.998349
10905: 0.99835
10906: 0.99835
10907: 0.99835
10908: 0.99835
10909: 0.99835
10910: 0.99835
10911: 0.99835
10912: 0.998351
10913: 0.998351
10914: 0.998351
10915: 0.998351
10916: 0.998351
10917: 0.998351
10918: 0.998351
10919: 0.998352
10920: 0.998352
10921: 0.998352
10922: 0.998352
10923: 0.998352
10924: 0.998352
10925: 0.998353
10926: 0.998353
10927: 0.998353
10928: 0.998353
10929: 0.998353
10930: 0.998353
10931: 0.998353
10932: 0.998354
10933: 0.998354
10934: 0.998354
10935: 0.998354
10936: 0.998354
10937: 0.998354
10938: 0.998355
10939: 0.998355
10940: 0.998355
10941: 0.998355
10942: 0.998355
10943: 0.998355
10944: 0.998355
10945: 0.998356
10946: 0.998356
10947: 0.998356
10948: 0.998356
10949: 0.998356
10950: 0.998356
10951: 0.998356
10952: 0.998357
10953: 0.998357
10954: 0.998357
10955: 0.998357
10956: 0.998357
10957: 0.998357
10958: 0.998358
10959: 0.998358
10960: 0.998358
10961: 0.998358
10962: 0.998358
10963: 0.998358
10964: 0.998358
10965: 0.998359
10966: 0.998359
10967: 0.998359
10968: 0.998359
10969: 0.998359
10970: 0.998359
10971: 0.998359
10972: 0.99836
10973: 0.99836
10974: 0.99836
10975: 0.99836
10976: 0.99836
10977: 0.99836
10978: 0.998361
10979: 0.998361
10980: 0.998361
10981: 0.998361
10982: 0.998361
10983: 0.998361
10984: 0.998361
10985: 0.998362
10986: 0.998362
10987: 0.998362
10988: 0.998362
10989: 0.998362
10990: 0.998362
10991: 0.998362
10992: 0.998363
10993: 0.998363
10994: 0.998363
10995: 0.998363
10996: 0.998363
10997: 0.998363
10998: 0.998363
10999: 0.998364
11000: 0.998364
11001: 0.998364
11002: 0.998364
11003: 0.998364
11004: 0.998364
11005: 0.998365
11006: 0.998365
11007: 0.998365
11008: 0.998365
11009: 0.998365
11010: 0.998365
11011: 0.998365
11012: 0.998366
11013: 0.998366
11014: 0.998366
11015: 0.998366
11016: 0.998366
11017: 0.998366
11018: 0.998366
11019: 0.998367
11020: 0.998367
11021: 0.998367
11022: 0.998367
11023: 0.998367
11024: 0.998367
11025: 0.998367
11026: 0.998368
11027: 0.998368
11028: 0.998368
11029: 0.998368
11030: 0.998368
11031: 0.998368
11032: 0.998369
11033: 0.998369
11034: 0.998369
11035: 0.998369
11036: 0.998369
11037: 0.998369
11038: 0.998369
11039: 0.99837
11040: 0.99837
11041: 0.99837
11042: 0.99837
11043: 0.99837
11044: 0.99837
11045: 0.99837
11046: 0.998371
11047: 0.998371
11048: 0.998371
11049: 0.998371
11050: 0.998371
11051: 0.998371
11052: 0.998371
11053: 0.998372
11054: 0.998372
11055: 0.998372
11056: 0.998372
11057: 0.998372
11058: 0.998372
11059: 0.998373
11060: 0.998373
11061: 0.998373
11062: 0.998373
11063: 0.998373
11064: 0.998373
11065: 0.998373
11066: 0.998374
11067: 0.998374
11068: 0.998374
11069: 0.998374
11070: 0.998374
11071: 0.998374
11072: 0.998374
11073: 0.998375
11074: 0.998375
11075: 0.998375
11076: 0.998375
11077: 0.998375
11078: 0.998375
11079: 0.998375
11080: 0.998376
11081: 0.998376
11082: 0.998376
11083: 0.998376
11084: 0.998376
11085: 0.998376
11086: 0.998376
11087: 0.998377
11088: 0.998377
11089: 0.998377
11090: 0.998377
11091: 0.998377
11092: 0.998377
11093: 0.998378
11094: 0.998378
11095: 0.998378
11096: 0.998378
11097: 0.998378
11098: 0.998378
11099: 0.998378
11100: 0.998379
11101: 0.998379
11102: 0.998379
11103: 0.998379
11104: 0.998379
11105: 0.998379
11106: 0.998379
11107: 0.99838
11108: 0.99838
11109: 0.99838
11110: 0.99838
11111: 0.99838
11112: 0.99838
11113: 0.99838
11114: 0.998381
11115: 0.998381
11116: 0.998381
11117: 0.998381
11118: 0.998381
11119: 0.998381
11120: 0.998381
11121: 0.998382
11122: 0.998382
11123: 0.998382
11124: 0.998382
11125: 0.998382
11126: 0.998382
11127: 0.998382
11128: 0.998383
11129: 0.998383
11130: 0.998383
11131: 0.998383
11132: 0.998383
11133: 0.998383
11134: 0.998383
11135: 0.998384
11136: 0.998384
11137: 0.998384
11138: 0.998384
11139: 0.998384
11140: 0.998384
11141: 0.998384
11142: 0.998385
11143: 0.998385
11144: 0.998385
11145: 0.998385
11146: 0.998385
11147: 0.998385
11148: 0.998386
11149: 0.998386
11150: 0.998386
11151: 0.998386
11152: 0.998386
11153: 0.998386
11154: 0.998386
11155: 0.998387
11156: 0.998387
11157: 0.998387
11158: 0.998387
11159: 0.998387
11160: 0.998387
11161: 0.998387
11162: 0.998388
11163: 0.998388
11164: 0.998388
11165: 0.998388
11166: 0.998388
11167: 0.998388
11168: 0.998388
11169: 0.998389
11170: 0.998389
11171: 0.998389
11172: 0.998389
11173: 0.998389
11174: 0.998389
11175: 0.998389
11176: 0.99839
11177: 0.99839
11178: 0.99839
11179: 0.99839
11180: 0.99839
11181: 0.99839
11182: 0.99839
11183: 0.998391
11184: 0.998391
11185: 0.998391
11186: 0.998391
11187: 0.998391
11188: 0.998391
11189: 0.998391
11190: 0.998392
11191: 0.998392
11192: 0.998392
11193: 0.998392
11194: 0.998392
11195: 0.998392
11196: 0.998392
11197: 0.998393
11198: 0.998393
11199: 0.998393
11200: 0.998393
11201: 0.998393
11202: 0.998393
11203: 0.998393
11204: 0.998394
11205: 0.998394
11206: 0.998394
11207: 0.998394
11208: 0.998394
11209: 0.998394
11210: 0.998394
11211: 0.998395
11212: 0.998395
11213: 0.998395
11214: 0.998395
11215: 0.998395
11216: 0.998395
11217: 0.998395
11218: 0.998396
11219: 0.998396
11220: 0.998396
11221: 0.998396
11222: 0.998396
11223: 0.998396
11224: 0.998396
11225: 0.998397
11226: 0.998397
11227: 0.998397
11228: 0.998397
11229: 0.998397
11230: 0.998397
11231: 0.998397
11232: 0.998398
11233: 0.998398
11234: 0.998398
11235: 0.998398
11236: 0.998398
11237: 0.998398
11238: 0.998398
11239: 0.998399
11240: 0.998399
11241: 0.998399
11242: 0.998399
11243: 0.998399
11244: 0.998399
11245: 0.998399
11246: 0.9984
11247: 0.9984
11248: 0.9984
11249: 0.9984
11250: 0.9984
11251: 0.9984
11252: 0.9984
11253: 0.998401
11254: 0.998401
11255: 0.998401
11256: 0.998401
11257: 0.998401
11258: 0.998401
11259: 0.998401
11260: 0.998402
11261: 0.998402
11262: 0.998402
11263: 0.998402
11264: 0.998402
11265: 0.998402
11266: 0.998402
11267: 0.998403
11268: 0.998403
11269: 0.998403
11270: 0.998403
11271: 0.998403
11272: 0.998403
11273: 0.998403
11274: 0.998404
11275: 0.998404
11276: 0.998404
11277: 0.998404
11278: 0.998404
11279: 0.998404
11280: 0.998404
11281: 0.998405
11282: 0.998405
11283: 0.998405
11284: 0.998405
11285: 0.998405
11286: 0.998405
11287: 0.998405
11288: 0.998406
11289: 0.998406
11290: 0.998406
11291: 0.998406
11292: 0.998406
11293: 0.998406
11294: 0.998406
11295: 0.998407
11296: 0.998407
11297: 0.998407
11298: 0.998407
11299: 0.998407
11300: 0.998407
11301: 0.998407
11302: 0.998408
11303: 0.998408
11304: 0.998408
11305: 0.998408
11306: 0.998408
11307: 0.998408
11308: 0.998408
11309: 0.998408
11310: 0.998409
11311: 0.998409
11312: 0.998409
11313: 0.998409
11314: 0.998409
11315: 0.998409
11316: 0.998409
11317: 0.99841
11318: 0.99841
11319: 0.99841
11320: 0.99841
11321: 0.99841
11322: 0.99841
11323: 0.99841
11324: 0.998411
11325: 0.998411
11326: 0.998411
11327: 0.998411
11328: 0.998411
11329: 0.998411
11330: 0.998411
11331: 0.998412
11332: 0.998412
11333: 0.998412
11334: 0.998412
11335: 0.998412
11336: 0.998412
11337: 0.998412
11338: 0.998413
11339: 0.998413
11340: 0.998413
11341: 0.998413
11342: 0.998413
11343: 0.998413
11344: 0.998413
11345: 0.998414
11346: 0.998414
11347: 0.998414
11348: 0.998414
11349: 0.998414
11350: 0.998414
11351: 0.998414
11352: 0.998415
11353: 0.998415
11354: 0.998415
11355: 0.998415
11356: 0.998415
11357: 0.998415
11358: 0.998415
11359: 0.998415
11360: 0.998416
11361: 0.998416
11362: 0.998416
11363: 0.998416
11364: 0.998416
11365: 0.998416
11366: 0.998416
11367: 0.998417
11368: 0.998417
11369: 0.998417
11370: 0.998417
11371: 0.998417
11372: 0.998417
11373: 0.998417
11374: 0.998418
11375: 0.998418
11376: 0.998418
11377: 0.998418
11378: 0.998418
11379: 0.998418
11380: 0.998418
11381: 0.998419
11382: 0.998419
11383: 0.998419
11384: 0.998419
11385: 0.998419
11386: 0.998419
11387: 0.998419
11388: 0.99842
11389: 0.99842
11390: 0.99842
11391: 0.99842
11392: 0.99842
11393: 0.99842
11394: 0.99842
11395: 0.99842
11396: 0.998421
11397: 0.998421
11398: 0.998421
11399: 0.998421
11400: 0.998421
11401: 0.998421
11402: 0.998421
11403: 0.998422
11404: 0.998422
11405: 0.998422
11406: 0.998422
11407: 0.998422
11408: 0.998422
11409: 0.998422
11410: 0.998423
11411: 0.998423
11412: 0.998423
11413: 0.998423
11414: 0.998423
11415: 0.998423
11416: 0.998423
11417: 0.998424
11418: 0.998424
11419: 0.998424
11420: 0.998424
11421: 0.998424
11422: 0.998424
11423: 0.998424
11424: 0.998425
11425: 0.998425
11426: 0.998425
11427: 0.998425
11428: 0.998425
11429: 0.998425
11430: 0.998425
11431: 0.998425
11432: 0.998426
11433: 0.998426
11434: 0.998426
11435: 0.998426
11436: 0.998426
11437: 0.998426
11438: 0.998426
11439: 0.998427
11440: 0.998427
11441: 0.998427
11442: 0.998427
11443: 0.998427
11444: 0.998427
11445: 0.998427
11446: 0.998428
11447: 0.998428
11448: 0.998428
11449: 0.998428
11450: 0.998428
11451: 0.998428
11452: 0.998428
11453: 0.998428
11454: 0.998429
11455: 0.998429
11456: 0.998429
11457: 0.998429
11458: 0.998429
11459: 0.998429
11460: 0.998429
11461: 0.99843
11462: 0.99843
11463: 0.99843
11464: 0.99843
11465: 0.99843
11466: 0.99843
11467: 0.99843
11468: 0.998431
11469: 0.998431
11470: 0.998431
11471: 0.998431
11472: 0.998431
11473: 0.998431
11474: 0.998431
11475: 0.998432
11476: 0.998432
11477: 0.998432
11478: 0.998432
11479: 0.998432
11480: 0.998432
11481: 0.998432
11482: 0.998432
11483: 0.998433
11484: 0.998433
11485: 0.998433
11486: 0.998433
11487: 0.998433
11488: 0.998433
11489: 0.998433
11490: 0.998434
11491: 0.998434
11492: 0.998434
11493: 0.998434
11494: 0.998434
11495: 0.998434
11496: 0.998434
11497: 0.998435
11498: 0.998435
11499: 0.998435
11500: 0.998435
11501: 0.998435
11502: 0.998435
11503: 0.998435
11504: 0.998435
11505: 0.998436
11506: 0.998436
11507: 0.998436
11508: 0.998436
11509: 0.998436
11510: 0.998436
11511: 0.998436
11512: 0.998437
11513: 0.998437
11514: 0.998437
11515: 0.998437
11516: 0.998437
11517: 0.998437
11518: 0.998437
11519: 0.998437
11520: 0.998438
11521: 0.998438
11522: 0.998438
11523: 0.998438
11524: 0.998438
11525: 0.998438
11526: 0.998438
11527: 0.998439
11528: 0.998439
11529: 0.998439
11530: 0.998439
11531: 0.998439
11532: 0.998439
11533: 0.998439
11534: 0.99844
11535: 0.99844
11536: 0.99844
11537: 0.99844
11538: 0.99844
11539: 0.99844
11540: 0.99844
11541: 0.99844
11542: 0.998441
11543: 0.998441
11544: 0.998441
11545: 0.998441
11546: 0.998441
11547: 0.998441
11548: 0.998441
11549: 0.998442
11550: 0.998442
11551: 0.998442
11552: 0.998442
11553: 0.998442
11554: 0.998442
11555: 0.998442
11556: 0.998443
11557: 0.998443
11558: 0.998443
11559: 0.998443
11560: 0.998443
11561: 0.998443
11562: 0.998443
11563: 0.998443
11564: 0.998444
11565: 0.998444
11566: 0.998444
11567: 0.998444
11568: 0.998444
11569: 0.998444
11570: 0.998444
11571: 0.998445
11572: 0.998445
11573: 0.998445
11574: 0.998445
11575: 0.998445
11576: 0.998445
11577: 0.998445
11578: 0.998445
11579: 0.998446
11580: 0.998446
11581: 0.998446
11582: 0.998446
11583: 0.998446
11584: 0.998446
11585: 0.998446
11586: 0.998447
11587: 0.998447
11588: 0.998447
11589: 0.998447
11590: 0.998447
11591: 0.998447
11592: 0.998447
11593: 0.998447
11594: 0.998448
11595: 0.998448
11596: 0.998448
11597: 0.998448
11598: 0.998448
11599: 0.998448
11600: 0.998448
11601: 0.998449
11602: 0.998449
11603: 0.998449
11604: 0.998449
11605: 0.998449
11606: 0.998449
11607: 0.998449
11608: 0.998449
11609: 0.99845
11610: 0.99845
11611: 0.99845
11612: 0.99845
11613: 0.99845
11614: 0.99845
11615: 0.99845
11616: 0.998451
11617: 0.998451
11618: 0.998451
11619: 0.998451
11620: 0.998451
11621: 0.998451
11622: 0.998451
11623: 0.998451
11624: 0.998452
11625: 0.998452
11626: 0.998452
11627: 0.998452
11628: 0.998452
11629: 0.998452
11630: 0.998452
11631: 0.998453
11632: 0.998453
11633: 0.998453
11634: 0.998453
11635: 0.998453
11636: 0.998453
11637: 0.998453
11638: 0.998453
11639: 0.998454
11640: 0.998454
11641: 0.998454
11642: 0.998454
11643: 0.998454
11644: 0.998454
11645: 0.998454
11646: 0.998455
11647: 0.998455
11648: 0.998455
11649: 0.998455
11650: 0.998455
11651: 0.998455
11652: 0.998455
11653: 0.998455
11654: 0.998456
11655: 0.998456
11656: 0.998456
11657: 0.998456
11658: 0.998456
11659: 0.998456
11660: 0.998456
11661: 0.998457
11662: 0.998457
11663: 0.998457
11664: 0.998457
11665: 0.998457
11666: 0.998457
11667: 0.998457
11668: 0.998457
11669: 0.998458
11670: 0.998458
11671: 0.998458
11672: 0.998458
11673: 0.998458
11674: 0.998458
11675: 0.998458
11676: 0.998459
11677: 0.998459
11678: 0.998459
11679: 0.998459
11680: 0.998459
11681: 0.998459
11682: 0.998459
11683: 0.998459
11684: 0.99846
11685: 0.99846
11686: 0.99846
11687: 0.99846
11688: 0.99846
11689: 0.99846
11690: 0.99846
11691: 0.99846
11692: 0.998461
11693: 0.998461
11694: 0.998461
11695: 0.998461
11696: 0.998461
11697: 0.998461
11698: 0.998461
11699: 0.998462
11700: 0.998462
11701: 0.998462
11702: 0.998462
11703: 0.998462
11704: 0.998462
11705: 0.998462
11706: 0.998462
11707: 0.998463
11708: 0.998463
11709: 0.998463
11710: 0.998463
11711: 0.998463
11712: 0.998463
11713: 0.998463
11714: 0.998464
11715: 0.998464
11716: 0.998464
11717: 0.998464
11718: 0.998464
11719: 0.998464
11720: 0.998464
11721: 0.998464
11722: 0.998465
11723: 0.998465
11724: 0.998465
11725: 0.998465
11726: 0.998465
11727: 0.998465
11728: 0.998465
11729: 0.998465
11730: 0.998466
11731: 0.998466
11732: 0.998466
11733: 0.998466
11734: 0.998466
11735: 0.998466
11736: 0.998466
11737: 0.998467
11738: 0.998467
11739: 0.998467
11740: 0.998467
11741: 0.998467
11742: 0.998467
11743: 0.998467
11744: 0.998467
11745: 0.998468
11746: 0.998468
11747: 0.998468
11748: 0.998468
11749: 0.998468
11750: 0.998468
11751: 0.998468
11752: 0.998468
11753: 0.998469
11754: 0.998469
11755: 0.998469
11756: 0.998469
11757: 0.998469
11758: 0.998469
11759: 0.998469
11760: 0.99847
11761: 0.99847
11762: 0.99847
11763: 0.99847
11764: 0.99847
11765: 0.99847
11766: 0.99847
11767: 0.99847
11768: 0.998471
11769: 0.998471
11770: 0.998471
11771: 0.998471
11772: 0.998471
11773: 0.998471
11774: 0.998471
11775: 0.998471
11776: 0.998472
11777: 0.998472
11778: 0.998472
11779: 0.998472
11780: 0.998472
11781: 0.998472
11782: 0.998472
11783: 0.998473
11784: 0.998473
11785: 0.998473
11786: 0.998473
11787: 0.998473
11788: 0.998473
11789: 0.998473
11790: 0.998473
11791: 0.998474
11792: 0.998474
11793: 0.998474
11794: 0.998474
11795: 0.998474
11796: 0.998474
11797: 0.998474
11798: 0.998474
11799: 0.998475
11800: 0.998475
11801: 0.998475
11802: 0.998475
11803: 0.998475
11804: 0.998475
11805: 0.998475
11806: 0.998475
11807: 0.998476
11808: 0.998476
11809: 0.998476
11810: 0.998476
11811: 0.998476
11812: 0.998476
11813: 0.998476
11814: 0.998477
11815: 0.998477
11816: 0.998477
11817: 0.998477
11818: 0.998477
11819: 0.998477
11820: 0.998477
11821: 0.998477
11822: 0.998478
11823: 0.998478
11824: 0.998478
11825: 0.998478
11826: 0.998478
11827: 0.998478
11828: 0.998478
11829: 0.998478
11830: 0.998479
11831: 0.998479
11832: 0.998479
11833: 0.998479
11834: 0.998479
11835: 0.998479
11836: 0.998479
11837: 0.998479
11838: 0.99848
11839: 0.99848
11840: 0.99848
11841: 0.99848
11842: 0.99848
11843: 0.99848
11844: 0.99848
11845: 0.99848
11846: 0.998481
11847: 0.998481
11848: 0.998481
11849: 0.998481
11850: 0.998481
11851: 0.998481
11852: 0.998481
11853: 0.998482
11854: 0.998482
11855: 0.998482
11856: 0.998482
11857: 0.998482
11858: 0.998482
11859: 0.998482
11860: 0.998482
11861: 0.998483
11862: 0.998483
11863: 0.998483
11864: 0.998483
11865: 0.998483
11866: 0.998483
11867: 0.998483
11868: 0.998483
11869: 0.998484
11870: 0.998484
11871: 0.998484
11872: 0.998484
11873: 0.998484
11874: 0.998484
11875: 0.998484
11876: 0.998484
11877: 0.998485
11878: 0.998485
11879: 0.998485
11880: 0.998485
11881: 0.998485
11882: 0.998485
11883: 0.998485
11884: 0.998485
11885: 0.998486
11886: 0.998486
11887: 0.998486
11888: 0.998486
11889: 0.998486
11890: 0.998486
11891: 0.998486
11892: 0.998487
11893: 0.998487
11894: 0.998487
11895: 0.998487
11896: 0.998487
11897: 0.998487
11898: 0.998487
11899: 0.998487
11900: 0.998488
11901: 0.998488
11902: 0.998488
11903: 0.998488
11904: 0.998488
11905: 0.998488
11906: 0.998488
11907: 0.998488
11908: 0.998489
11909: 0.998489
11910: 0.998489
11911: 0.998489
11912: 0.998489
11913: 0.998489
11914: 0.998489
11915: 0.998489
11916: 0.99849
11917: 0.99849
11918: 0.99849
11919: 0.99849
11920: 0.99849
11921: 0.99849
11922: 0.99849
11923: 0.99849
11924: 0.998491
11925: 0.998491
11926: 0.998491
11927: 0.998491
11928: 0.998491
11929: 0.998491
11930: 0.998491
11931: 0.998491
11932: 0.998492
11933: 0.998492
11934: 0.998492
11935: 0.998492
11936: 0.998492
11937: 0.998492
11938: 0.998492
11939: 0.998492
11940: 0.998493
11941: 0.998493
11942: 0.998493
11943: 0.998493
11944: 0.998493
11945: 0.998493
11946: 0.998493
11947: 0.998493
11948: 0.998494
11949: 0.998494
11950: 0.998494
11951: 0.998494
11952: 0.998494
11953: 0.998494
11954: 0.998494
11955: 0.998494
11956: 0.998495
11957: 0.998495
11958: 0.998495
11959: 0.998495
11960: 0.998495
11961: 0.998495
11962: 0.998495
11963: 0.998495
11964: 0.998496
11965: 0.998496
11966: 0.998496
11967: 0.998496
11968: 0.998496
11969: 0.998496
11970: 0.998496
11971: 0.998496
11972: 0.998497
11973: 0.998497
11974: 0.998497
11975: 0.998497
11976: 0.998497
11977: 0.998497
11978: 0.998497
11979: 0.998497
11980: 0.998498
11981: 0.998498
11982: 0.998498
11983: 0.998498
11984: 0.998498
11985: 0.998498
11986: 0.998498
11987: 0.998498
11988: 0.998499
11989: 0.998499
11990: 0.998499
11991: 0.998499
11992: 0.998499
11993: 0.998499
11994: 0.998499
11995: 0.998499
11996: 0.9985
11997: 0.9985
11998: 0.9985
11999: 0.9985
12000: 0.9985
12001: 0.9985
12002: 0.9985
12003: 0.9985
12004: 0.998501
12005: 0.998501
12006: 0.998501
12007: 0.998501
12008: 0.998501
12009: 0.998501
12010: 0.998501
12011: 0.998501
12012: 0.998502
12013: 0.998502
12014: 0.998502
12015: 0.998502
12016: 0.998502
12017: 0.998502
12018: 0.998502
12019: 0.998502
12020: 0.998503
12021: 0.998503
12022: 0.998503
12023: 0.998503
12024: 0.998503
12025: 0.998503
12026: 0.998503
12027: 0.998503
12028: 0.998504
12029: 0.998504
12030: 0.998504
12031: 0.998504
12032: 0.998504
12033: 0.998504
12034: 0.998504
12035: 0.998504
12036: 0.998505
12037: 0.998505
12038: 0.998505
12039: 0.998505
12040: 0.998505
12041: 0.998505
12042: 0.998505
12043: 0.998505
12044: 0.998506
12045: 0.998506
12046: 0.998506
12047: 0.998506
12048: 0.998506
12049: 0.998506
12050: 0.998506
12051: 0.998506
12052: 0.998507
12053: 0.998507
12054: 0.998507
12055: 0.998507
12056: 0.998507
12057: 0.998507
12058: 0.998507
12059: 0.998507
12060: 0.998508
12061: 0.998508
12062: 0.998508
12063: 0.998508
12064: 0.998508
12065: 0.998508
12066: 0.998508
12067: 0.998508
12068: 0.998509
12069: 0.998509
12070: 0.998509
12071: 0.998509
12072: 0.998509
12073: 0.998509
12074: 0.998509
12075: 0.998509
12076: 0.99851
12077: 0.99851
12078: 0.99851
12079: 0.99851
12080: 0.99851
12081: 0.99851
12082: 0.99851
12083: 0.99851
12084: 0.998511
12085: 0.998511
12086: 0.998511
12087: 0.998511
12088: 0.998511
12089: 0.998511
12090: 0.998511
12091: 0.998511
12092: 0.998512
12093: 0.998512
12094: 0.998512
12095: 0.998512
12096: 0.998512
12097: 0.998512
12098: 0.998512
12099: 0.998512
12100: 0.998513
12101: 0.998513
12102: 0.998513
12103: 0.998513
12104: 0.998513
12105: 0.998513
12106: 0.998513
12107: 0.998513
12108: 0.998514
12109: 0.998514
12110: 0.998514
12111: 0.998514
12112: 0.998514
12113: 0.998514
12114: 0.998514
12115: 0.998514
12116: 0.998514
12117: 0.998515
12118: 0.998515
12119: 0.998515
12120: 0.998515
12121: 0.998515
12122: 0.998515
12123: 0.998515
12124: 0.998515
12125: 0.998516
12126: 0.998516
12127: 0.998516
12128: 0.998516
12129: 0.998516
12130: 0.998516
12131: 0.998516
12132: 0.998516
12133: 0.998517
12134: 0.998517
12135: 0.998517
12136: 0.998517
12137: 0.998517
12138: 0.998517
12139: 0.998517
12140: 0.998517
12141: 0.998518
12142: 0.998518
12143: 0.998518
12144: 0.998518
12145: 0.998518
12146: 0.998518
12147: 0.998518
12148: 0.998518
12149: 0.998519
12150: 0.998519
12151: 0.998519
12152: 0.998519
12153: 0.998519
12154: 0.998519
12155: 0.998519
12156: 0.998519
12157: 0.998519
12158: 0.99852
12159: 0.99852
12160: 0.99852
12161: 0.99852
12162: 0.99852
12163: 0.99852
12164: 0.99852
12165: 0.99852
12166: 0.998521
12167: 0.998521
12168: 0.998521
12169: 0.998521
12170: 0.998521
12171: 0.998521
12172: 0.998521
12173: 0.998521
12174: 0.998522
12175: 0.998522
12176: 0.998522
12177: 0.998522
12178: 0.998522
12179: 0.998522
12180: 0.998522
12181: 0.998522
12182: 0.998523
12183: 0.998523
12184: 0.998523
12185: 0.998523
12186: 0.998523
12187: 0.998523
12188: 0.998523
12189: 0.998523
12190: 0.998524
12191: 0.998524
12192: 0.998524
12193: 0.998524
12194: 0.998524
12195: 0.998524
12196: 0.998524
12197: 0.998524
12198: 0.998524
12199: 0.998525
12200: 0.998525
12201: 0.998525
12202: 0.998525
12203: 0.998525
12204: 0.998525
12205: 0.998525
12206: 0.998525
12207: 0.998526
12208: 0.998526
12209: 0.998526
12210: 0.998526
12211: 0.998526
12212: 0.998526
12213: 0.998526
12214: 0.998526
12215: 0.998527
12216: 0.998527
12217: 0.998527
12218: 0.998527
12219: 0.998527
12220: 0.998527
12221: 0.998527
12222: 0.998527
12223: 0.998527
12224: 0.998528
12225: 0.998528
12226: 0.998528
12227: 0.998528
12228: 0.998528
12229: 0.998528
12230: 0.998528
12231: 0.998528
12232: 0.998529
12233: 0.998529
12234: 0.998529
12235: 0.998529
12236: 0.998529
12237: 0.998529
12238: 0.998529
12239: 0.998529
12240: 0.99853
12241: 0.99853
12242: 0.99853
12243: 0.99853
12244: 0.99853
12245: 0.99853
12246: 0.99853
12247: 0.99853
12248: 0.99853
12249: 0.998531
12250: 0.998531
12251: 0.998531
12252: 0.998531
12253: 0.998531
12254: 0.998531
12255: 0.998531
12256: 0.998531
12257: 0.998532
12258: 0.998532
12259: 0.998532
12260: 0.998532
12261: 0.998532
12262: 0.998532
12263: 0.998532
12264: 0.998532
12265: 0.998533
12266: 0.998533
12267: 0.998533
12268: 0.998533
12269: 0.998533
12270: 0.998533
12271: 0.998533
12272: 0.998533
12273: 0.998533
12274: 0.998534
12275: 0.998534
12276: 0.998534
12277: 0.998534
12278: 0.998534
12279: 0.998534
12280: 0.998534
12281: 0.998534
12282: 0.998535
12283: 0.998535
12284: 0.998535
12285: 0.998535
12286: 0.998535
12287: 0.998535
12288: 0.998535
12289: 0.998535
12290: 0.998536
12291: 0.998536
12292: 0.998536
12293: 0.998536
12294: 0.998536
12295: 0.998536
12296: 0.998536
12297: 0.998536
12298: 0.998536
12299: 0.998537
12300: 0.998537
12301: 0.998537
12302: 0.998537
12303: 0.998537
12304: 0.998537
12305: 0.998537
12306: 0.998537
12307: 0.998538
12308: 0.998538
12309: 0.998538
12310: 0.998538
12311: 0.998538
12312: 0.998538
12313: 0.998538
12314: 0.998538
12315: 0.998538
12316: 0.998539
12317: 0.998539
12318: 0.998539
12319: 0.998539
12320: 0.998539
12321: 0.998539
12322: 0.998539
12323: 0.998539
12324: 0.99854
12325: 0.99854
12326: 0.99854
12327: 0.99854
12328: 0.99854
12329: 0.99854
12330: 0.99854
12331: 0.99854
12332: 0.998541
12333: 0.998541
12334: 0.998541
12335: 0.998541
12336: 0.998541
12337: 0.998541
12338: 0.998541
12339: 0.998541
12340: 0.998541
12341: 0.998542
12342: 0.998542
12343: 0.998542
12344: 0.998542
12345: 0.998542
12346: 0.998542
12347: 0.998542
12348: 0.998542
12349: 0.998543
12350: 0.998543
12351: 0.998543
12352: 0.998543
12353: 0.998543
12354: 0.998543
12355: 0.998543
12356: 0.998543
12357: 0.998543
12358: 0.998544
12359: 0.998544
12360: 0.998544
12361: 0.998544
12362: 0.998544
12363: 0.998544
12364: 0.998544
12365: 0.998544
12366: 0.998545
12367: 0.998545
12368: 0.998545
12369: 0.998545
12370: 0.998545
12371: 0.998545
12372: 0.998545
12373: 0.998545
12374: 0.998545
12375: 0.998546
12376: 0.998546
12377: 0.998546
12378: 0.998546
12379: 0.998546
12380: 0.998546
12381: 0.998546
12382: 0.998546
12383: 0.998547
12384: 0.998547
12385: 0.998547
12386: 0.998547
12387: 0.998547
12388: 0.998547
12389: 0.998547
12390: 0.998547
12391: 0.998547
12392: 0.998548
12393: 0.998548
12394: 0.998548
12395: 0.998548
12396: 0.998548
12397: 0.998548
12398: 0.998548
12399: 0.998548
12400: 0.998549
12401: 0.998549
12402: 0.998549
12403: 0.998549
12404: 0.998549
12405: 0.998549
12406: 0.998549
12407: 0.998549
12408: 0.998549
12409: 0.99855
12410: 0.99855
12411: 0.99855
12412: 0.99855
12413: 0.99855
12414: 0.99855
12415: 0.99855
12416: 0.99855
12417: 0.99855
12418: 0.998551
12419: 0.998551
12420: 0.998551
12421: 0.998551
12422: 0.998551
12423: 0.998551
12424: 0.998551
12425: 0.998551
12426: 0.998552
12427: 0.998552
12428: 0.998552
12429: 0.998552
12430: 0.998552
12431: 0.998552
12432: 0.998552
12433: 0.998552
12434: 0.998552
12435: 0.998553
12436: 0.998553
12437: 0.998553
12438: 0.998553
12439: 0.998553
12440: 0.998553
12441: 0.998553
12442: 0.998553
12443: 0.998554
12444: 0.998554
12445: 0.998554
12446: 0.998554
12447: 0.998554
12448: 0.998554
12449: 0.998554
12450: 0.998554
12451: 0.998554
12452: 0.998555
12453: 0.998555
12454: 0.998555
12455: 0.998555
12456: 0.998555
12457: 0.998555
12458: 0.998555
12459: 0.998555
12460: 0.998555
12461: 0.998556
12462: 0.998556
12463: 0.998556
12464: 0.998556
12465: 0.998556
12466: 0.998556
12467: 0.998556
12468: 0.998556
12469: 0.998557
12470: 0.998557
12471: 0.998557
12472: 0.998557
12473: 0.998557
12474: 0.998557
12475: 0.998557
12476: 0.998557
12477: 0.998557
12478: 0.998558
12479: 0.998558
12480: 0.998558
12481: 0.998558
12482: 0.998558
12483: 0.998558
12484: 0.998558
12485: 0.998558
12486: 0.998559
12487: 0.998559
12488: 0.998559
12489: 0.998559
12490: 0.998559
12491: 0.998559
12492: 0.998559
12493: 0.998559
12494: 0.998559
12495: 0.99856
12496: 0.99856
12497: 0.99856
12498: 0.99856
12499: 0.99856
12500: 0.99856
12501: 0.99856
12502: 0.99856
12503: 0.99856
12504: 0.998561
12505: 0.998561
12506: 0.998561
12507: 0.998561
12508: 0.998561
12509: 0.998561
12510: 0.998561
12511: 0.998561
12512: 0.998561
12513: 0.998562
12514: 0.998562
12515: 0.998562
12516: 0.998562
12517: 0.998562
12518: 0.998562
12519: 0.998562
12520: 0.998562
12521: 0.998563
12522: 0.998563
12523: 0.998563
12524: 0.998563
12525: 0.998563
12526: 0.998563
12527: 0.998563
12528: 0.998563
12529: 0.998563
12530: 0.998564
12531: 0.998564
12532: 0.998564
12533: 0.998564
12534: 0.998564
12535: 0.998564
12536: 0.998564
12537: 0.998564
12538: 0.998564
12539: 0.998565
12540: 0.998565
12541: 0.998565
12542: 0.998565
12543: 0.998565
12544: 0.998565
12545: 0.998565
12546: 0.998565
12547: 0.998566
12548: 0.998566
12549: 0.998566
12550: 0.998566
12551: 0.998566
12552: 0.998566
12553: 0.998566
12554: 0.998566
12555: 0.998566
12556: 0.998567
12557: 0.998567
12558: 0.998567
12559: 0.998567
12560: 0.998567
12561: 0.998567
12562: 0.998567
12563: 0.998567
12564: 0.998567
12565: 0.998568
12566: 0.998568
12567: 0.998568
12568: 0.998568
12569: 0.998568
12570: 0.998568
12571: 0.998568
12572: 0.998568
12573: 0.998568
12574: 0.998569
12575: 0.998569
12576: 0.998569
12577: 0.998569
12578: 0.998569
12579: 0.998569
12580: 0.998569
12581: 0.998569
12582: 0.998569
12583: 0.99857
12584: 0.99857
12585: 0.99857
12586: 0.99857
12587: 0.99857
12588: 0.99857
12589: 0.99857
12590: 0.99857
12591: 0.998571
12592: 0.998571
12593: 0.998571
12594: 0.998571
12595: 0.998571
12596: 0.998571
12597: 0.998571
12598: 0.998571
12599: 0.998571
12600: 0.998572
12601: 0.998572
12602: 0.998572
12603: 0.998572
12604: 0.998572
12605: 0.998572
12606: 0.998572
12607: 0.998572
12608: 0.998572
12609: 0.998573
12610: 0.998573
12611: 0.998573
12612: 0.998573
12613: 0.998573
12614: 0.998573
12615: 0.998573
12616: 0.998573
12617: 0.998573
12618: 0.998574
12619: 0.998574
12620: 0.998574
12621: 0.998574
12622: 0.998574
12623: 0.998574
12624: 0.998574
12625: 0.998574
12626: 0.998574
12627: 0.998575
12628: 0.998575
12629: 0.998575
12630: 0.998575
12631: 0.998575
12632: 0.998575
12633: 0.998575
12634: 0.998575
12635: 0.998575
12636: 0.998576
12637: 0.998576
12638: 0.998576
12639: 0.998576
12640: 0.998576
12641: 0.998576
12642: 0.998576
12643: 0.998576
12644: 0.998577
12645: 0.998577
12646: 0.998577
12647: 0.998577
12648: 0.998577
12649: 0.998577
12650: 0.998577
12651: 0.998577
12652: 0.998577
12653: 0.998578
12654: 0.998578
12655: 0.998578
12656: 0.998578
12657: 0.998578
12658: 0.998578
12659: 0.998578
12660: 0.998578
12661: 0.998578
12662: 0.998579
12663: 0.998579
12664: 0.998579
12665: 0.998579
12666: 0.998579
12667: 0.998579
12668: 0.998579
12669: 0.998579
12670: 0.998579
12671: 0.99858
12672: 0.99858
12673: 0.99858
12674: 0.99858
12675: 0.99858
12676: 0.99858
12677: 0.99858
12678: 0.99858
12679: 0.99858
12680: 0.998581
12681: 0.998581
12682: 0.998581
12683: 0.998581
12684: 0.998581
12685: 0.998581
12686: 0.998581
12687: 0.998581
12688: 0.998581
12689: 0.998582
12690: 0.998582
12691: 0.998582
12692: 0.998582
12693: 0.998582
12694: 0.998582
12695: 0.998582
12696: 0.998582
12697: 0.998582
12698: 0.998583
12699: 0.998583
12700: 0.998583
12701: 0.998583
12702: 0.998583
12703: 0.998583
12704: 0.998583
12705: 0.998583
12706: 0.998583
12707: 0.998584
12708: 0.998584
12709: 0.998584
12710: 0.998584
12711: 0.998584
12712: 0.998584
12713: 0.998584
12714: 0.998584
12715: 0.998584
12716: 0.998585
12717: 0.998585
12718: 0.998585
12719: 0.998585
12720: 0.998585
12721: 0.998585
12722: 0.998585
12723: 0.998585
12724: 0.998585
12725: 0.998586
12726: 0.998586
12727: 0.998586
12728: 0.998586
12729: 0.998586
12730: 0.998586
12731: 0.998586
12732: 0.998586
12733: 0.998586
12734: 0.998587
12735: 0.998587
12736: 0.998587
12737: 0.998587
12738: 0.998587
12739: 0.998587
12740: 0.998587
12741: 0.998587
12742: 0.998587
12743: 0.998588
12744: 0.998588
12745: 0.998588
12746: 0.998588
12747: 0.998588
12748: 0.998588
12749: 0.998588
12750: 0.998588
12751: 0.998588
12752: 0.998589
12753: 0.998589
12754: 0.998589
12755: 0.998589
12756: 0.998589
12757: 0.998589
12758: 0.998589
12759: 0.998589
12760: 0.998589
12761: 0.99859
12762: 0.99859
12763: 0.99859
12764: 0.99859
12765: 0.99859
12766: 0.99859
12767: 0.99859
12768: 0.99859
12769: 0.99859
12770: 0.998591
12771: 0.998591
12772: 0.998591
12773: 0.998591
12774: 0.998591
12775: 0.998591
12776: 0.998591
12777: 0.998591
12778: 0.998591
12779: 0.998592
12780: 0.998592
12781: 0.998592
12782: 0.998592
12783: 0.998592
12784: 0.998592
12785: 0.998592
12786: 0.998592
12787: 0.998592
12788: 0.998593
12789: 0.998593
12790: 0.998593
12791: 0.998593
12792: 0.998593
12793: 0.998593
12794: 0.998593
12795: 0.998593
12796: 0.998593
12797: 0.998594
12798: 0.998594
12799: 0.998594
12800: 0.998594
12801: 0.998594
12802: 0.998594
12803: 0.998594
12804: 0.998594
12805: 0.998594
12806: 0.998595
12807: 0.998595
12808: 0.998595
12809: 0.998595
12810: 0.998595
12811: 0.998595
12812: 0.998595
12813: 0.998595
12814: 0.998595
12815: 0.998596
12816: 0.998596
12817: 0.998596
12818: 0.998596
12819: 0.998596
12820: 0.998596
12821: 0.998596
12822: 0.998596
12823: 0.998596
12824: 0.998596
12825: 0.998597
12826: 0.998597
12827: 0.998597
12828: 0.998597
12829: 0.998597
12830: 0.998597
12831: 0.998597
12832: 0.998597
12833: 0.998597
12834: 0.998598
12835: 0.998598
12836: 0.998598
12837: 0.998598
12838: 0.998598
12839: 0.998598
12840: 0.998598
12841: 0.998598
12842: 0.998598
12843: 0.998599
12844: 0.998599
12845: 0.998599
12846: 0.998599
12847: 0.998599
12848: 0.998599
12849: 0.998599
12850: 0.998599
12851: 0.998599
12852: 0.9986
12853: 0.9986
12854: 0.9986
12855: 0.9986
12856: 0.9986
12857: 0.9986
12858: 0.9986
12859: 0.9986
12860: 0.9986
12861: 0.998601
12862: 0.998601
12863: 0.998601
12864: 0.998601
12865: 0.998601
12866: 0.998601
12867: 0.998601
12868: 0.998601
12869: 0.998601
12870: 0.998602
12871: 0.998602
12872: 0.998602
12873: 0.998602
12874: 0.998602
12875: 0.998602
12876: 0.998602
12877: 0.998602
12878: 0.998602
12879: 0.998602
12880: 0.998603
12881: 0.998603
12882: 0.998603
12883: 0.998603
12884: 0.998603
12885: 0.998603
12886: 0.998603
12887: 0.998603
12888: 0.998603
12889: 0.998604
12890: 0.998604
12891: 0.998604
12892: 0.998604
12893: 0.998604
12894: 0.998604
12895: 0.998604
12896: 0.998604
12897: 0.998604
12898: 0.998605
12899: 0.998605
12900: 0.998605
12901: 0.998605
12902: 0.998605
12903: 0.998605
12904: 0.998605
12905: 0.998605
12906: 0.998605
12907: 0.998606
12908: 0.998606
12909: 0.998606
12910: 0.998606
12911: 0.998606
12912: 0.998606
12913: 0.998606
12914: 0.998606
12915: 0.998606
12916: 0.998606
12917: 0.998607
12918: 0.998607
12919: 0.998607
12920: 0.998607
12921: 0.998607
12922: 0.998607
12923: 0.998607
12924: 0.998607
12925: 0.998607
12926: 0.998608
12927: 0.998608
12928: 0.998608
12929: 0.998608
12930: 0.998608
12931: 0.998608
12932: 0.998608
12933: 0.998608
12934: 0.998608
12935: 0.998609
12936: 0.998609
12937: 0.998609
12938: 0.998609
12939: 0.998609
12940: 0.998609
12941: 0.998609
12942: 0.998609
12943: 0.998609
12944: 0.99861
12945: 0.99861
12946: 0.99861
12947: 0.99861
12948: 0.99861
12949: 0.99861
12950: 0.99861
12951: 0.99861
12952: 0.99861
12953: 0.99861
12954: 0.998611
12955: 0.998611
12956: 0.998611
12957: 0.998611
12958: 0.998611
12959: 0.998611
12960: 0.998611
12961: 0.998611
12962: 0.998611
12963: 0.998612
12964: 0.998612
12965: 0.998612
12966: 0.998612
12967: 0.998612
12968: 0.998612
12969: 0.998612
12970: 0.998612
12971: 0.998612
12972: 0.998613
12973: 0.998613
12974: 0.998613
12975: 0.998613
12976: 0.998613
12977: 0.998613
12978: 0.998613
12979: 0.998613
12980: 0.998613
12981: 0.998613
12982: 0.998614
12983: 0.998614
12984: 0.998614
12985: 0.998614
12986: 0.998614
12987: 0.998614
12988: 0.998614
12989: 0.998614
12990: 0.998614
12991: 0.998615
12992: 0.998615
12993: 0.998615
12994: 0.998615
12995: 0.998615
12996: 0.998615
12997: 0.998615
12998: 0.998615
12999: 0.998615
13000: 0.998615
13001: 0.998616
13002: 0.998616
13003: 0.998616
13004: 0.998616
13005: 0.998616
13006: 0.998616
13007: 0.998616
13008: 0.998616
13009: 0.998616
13010: 0.998617
13011: 0.998617
13012: 0.998617
13013: 0.998617
13014: 0.998617
13015: 0.998617
13016: 0.998617
13017: 0.998617
13018: 0.998617
13019: 0.998618
13020: 0.998618
13021: 0.998618
13022: 0.998618
13023: 0.998618
13024: 0.998618
13025: 0.998618
13026: 0.998618
13027: 0.998618
13028: 0.998618
13029: 0.998619
13030: 0.998619
13031: 0.998619
13032: 0.998619
13033: 0.998619
13034: 0.998619
13035: 0.998619
13036: 0.998619
13037: 0.998619
13038: 0.99862
13039: 0.99862
13040: 0.99862
13041: 0.99862
13042: 0.99862
13043: 0.99862
13044: 0.99862
13045: 0.99862
13046: 0.99862
13047: 0.99862
13048: 0.998621
13049: 0.998621
13050: 0.998621
13051: 0.998621
13052: 0.998621
13053: 0.998621
13054: 0.998621
13055: 0.998621
13056: 0.998621
13057: 0.998622
13058: 0.998622
13059: 0.998622
13060: 0.998622
13061: 0.998622
13062: 0.998622
13063: 0.998622
13064: 0.998622
13065: 0.998622
13066: 0.998622
13067: 0.998623
13068: 0.998623
13069: 0.998623
13070: 0.998623
13071: 0.998623
13072: 0.998623
13073: 0.998623
13074: 0.998623
13075: 0.998623
13076: 0.998624
13077: 0.998624
13078: 0.998624
13079: 0.998624
13080: 0.998624
13081: 0.998624
13082: 0.998624
13083: 0.998624
13084: 0.998624
13085: 0.998624
13086: 0.998625
13087: 0.998625
13088: 0.998625
13089: 0.998625
13090: 0.998625
13091: 0.998625
13092: 0.998625
13093: 0.998625
13094: 0.998625
13095: 0.998626
13096: 0.998626
13097: 0.998626
13098: 0.998626
13099: 0.998626
13100: 0.998626
13101: 0.998626
13102: 0.998626
13103: 0.998626
13104: 0.998626
13105: 0.998627
13106: 0.998627
13107: 0.998627
13108: 0.998627
13109: 0.998627
13110: 0.998627
13111: 0.998627
13112: 0.998627
13113: 0.998627
13114: 0.998628
13115: 0.998628
13116: 0.998628
13117: 0.998628
13118: 0.998628
13119: 0.998628
13120: 0.998628
13121: 0.998628
13122: 0.998628
13123: 0.998628
13124: 0.998629
13125: 0.998629
13126: 0.998629
13127: 0.998629
13128: 0.998629
13129: 0.998629
13130: 0.998629
13131: 0.998629
13132: 0.998629
13133: 0.99863
13134: 0.99863
13135: 0.99863
13136: 0.99863
13137: 0.99863
13138: 0.99863
13139: 0.99863
13140: 0.99863
13141: 0.99863
13142: 0.99863
13143: 0.998631
13144: 0.998631
13145: 0.998631
13146: 0.998631
13147: 0.998631
13148: 0.998631
13149: 0.998631
13150: 0.998631
13151: 0.998631
13152: 0.998631
13153: 0.998632
13154: 0.998632
13155: 0.998632
13156: 0.998632
13157: 0.998632
13158: 0.998632
13159: 0.998632
13160: 0.998632
13161: 0.998632
13162: 0.998633
13163: 0.998633
13164: 0.998633
13165: 0.998633
13166: 0.998633
13167: 0.998633
13168: 0.998633
13169: 0.998633
13170: 0.998633
13171: 0.998633
13172: 0.998634
13173: 0.998634
13174: 0.998634
13175: 0.998634
13176: 0.998634
13177: 0.998634
13178: 0.998634
13179: 0.998634
13180: 0.998634
13181: 0.998635
13182: 0.998635
13183: 0.998635
13184: 0.998635
13185: 0.998635
13186: 0.998635
13187: 0.998635
13188: 0.998635
13189: 0.998635
13190: 0.998635
13191: 0.998636
13192: 0.998636
13193: 0.998636
13194: 0.998636
13195: 0.998636
13196: 0.998636
13197: 0.998636
13198: 0.998636
13199: 0.998636
13200: 0.998636
13201: 0.998637
13202: 0.998637
13203: 0.998637
13204: 0.998637
13205: 0.998637
13206: 0.998637
13207: 0.998637
13208: 0.998637
13209: 0.998637
13210: 0.998637
13211: 0.998638
13212: 0.998638
13213: 0.998638
13214: 0.998638
13215: 0.998638
13216: 0.998638
13217: 0.998638
13218: 0.998638
13219: 0.998638
13220: 0.998639
13221: 0.998639
13222: 0.998639
13223: 0.998639
13224: 0.998639
13225: 0.998639
13226: 0.998639
13227: 0.998639
13228: 0.998639
13229: 0.998639
13230: 0.99864
13231: 0.99864
13232: 0.99864
13233: 0.99864
13234: 0.99864
13235: 0.99864
13236: 0.99864
13237: 0.99864
13238: 0.99864
13239: 0.99864
13240: 0.998641
13241: 0.998641
13242: 0.998641
13243: 0.998641
13244: 0.998641
13245: 0.998641
13246: 0.998641
13247: 0.998641
13248: 0.998641
13249: 0.998642
13250: 0.998642
13251: 0.998642
13252: 0.998642
13253: 0.998642
13254: 0.998642
13255: 0.998642
13256: 0.998642
13257: 0.998642
13258: 0.998642
13259: 0.998643
13260: 0.998643
13261: 0.998643
13262: 0.998643
13263: 0.998643
13264: 0.998643
13265: 0.998643
13266: 0.998643
13267: 0.998643
13268: 0.998643
13269: 0.998644
13270: 0.998644
13271: 0.998644
13272: 0.998644
13273: 0.998644
13274: 0.998644
13275: 0.998644
13276: 0.998644
13277: 0.998644
13278: 0.998644
13279: 0.998645
13280: 0.998645
13281: 0.998645
13282: 0.998645
13283: 0.998645
13284: 0.998645
13285: 0.998645
13286: 0.998645
13287: 0.998645
13288: 0.998645
13289: 0.998646
13290: 0.998646
13291: 0.998646
13292: 0.998646
13293: 0.998646
13294: 0.998646
13295: 0.998646
13296: 0.998646
13297: 0.998646
13298: 0.998647
13299: 0.998647
13300: 0.998647
13301: 0.998647
13302: 0.998647
13303: 0.998647
13304: 0.998647
13305: 0.998647
13306: 0.998647
13307: 0.998647
13308: 0.998648
13309: 0.998648
13310: 0.998648
13311: 0.998648
13312: 0.998648
13313: 0.998648
13314: 0.998648
13315: 0.998648
13316: 0.998648
13317: 0.998648
13318: 0.998649
13319: 0.998649
13320: 0.998649
13321: 0.998649
13322: 0.998649
13323: 0.998649
13324: 0.998649
13325: 0.998649
13326: 0.998649
13327: 0.998649
13328: 0.99865
13329: 0.99865
13330: 0.99865
13331: 0.99865
13332: 0.99865
13333: 0.99865
13334: 0.99865
13335: 0.99865
13336: 0.99865
13337: 0.99865
13338: 0.998651
13339: 0.998651
13340: 0.998651
13341: 0.998651
13342: 0.998651
13343: 0.998651
13344: 0.998651
13345: 0.998651
13346: 0.998651
13347: 0.998651
13348: 0.998652
13349: 0.998652
13350: 0.998652
13351: 0.998652
13352: 0.998652
13353: 0.998652
13354: 0.998652
13355: 0.998652
13356: 0.998652
13357: 0.998652
13358: 0.998653
13359: 0.998653
13360: 0.998653
13361: 0.998653
13362: 0.998653
13363: 0.998653
13364: 0.998653
13365: 0.998653
13366: 0.998653
13367: 0.998654
13368: 0.998654
13369: 0.998654
13370: 0.998654
13371: 0.998654
13372: 0.998654
13373: 0.998654
13374: 0.998654
13375: 0.998654
13376: 0.998654
13377: 0.998655
13378: 0.998655
13379: 0.998655
13380: 0.998655
13381: 0.998655
13382: 0.998655
13383: 0.998655
13384: 0.998655
13385: 0.998655
13386: 0.998655
13387: 0.998656
13388: 0.998656
13389: 0.998656
13390: 0.998656
13391: 0.998656
13392: 0.998656
13393: 0.998656
13394: 0.998656
13395: 0.998656
13396: 0.998656
13397: 0.998657
13398: 0.998657
13399: 0.998657
13400: 0.998657
13401: 0.998657
13402: 0.998657
13403: 0.998657
13404: 0.998657
13405: 0.998657
13406: 0.998657
13407: 0.998658
13408: 0.998658
13409: 0.998658
13410: 0.998658
13411: 0.998658
13412: 0.998658
13413: 0.998658
13414: 0.998658
13415: 0.998658
13416: 0.998658
13417: 0.998659
13418: 0.998659
13419: 0.998659
13420: 0.998659
13421: 0.998659
13422: 0.998659
13423: 0.998659
13424: 0.998659
13425: 0.998659
13426: 0.998659
13427: 0.99866
13428: 0.99866
13429: 0.99866
13430: 0.99866
13431: 0.99866
13432: 0.99866
13433: 0.99866
13434: 0.99866
13435: 0.99866
13436: 0.99866
13437: 0.998661
13438: 0.998661
13439: 0.998661
13440: 0.998661
13441: 0.998661
13442: 0.998661
13443: 0.998661
13444: 0.998661
13445: 0.998661
13446: 0.998661
13447: 0.998662
13448: 0.998662
13449: 0.998662
13450: 0.998662
13451: 0.998662
13452: 0.998662
13453: 0.998662
13454: 0.998662
13455: 0.998662
13456: 0.998662
13457: 0.998663
13458: 0.998663
13459: 0.998663
13460: 0.998663
13461: 0.998663
13462: 0.998663
13463: 0.998663
13464: 0.998663
13465: 0.998663
13466: 0.998663
13467: 0.998663
13468: 0.998664
13469: 0.998664
13470: 0.998664
13471: 0.998664
13472: 0.998664
13473: 0.998664
13474: 0.998664
13475: 0.998664
13476: 0.998664
13477: 0.998664
13478: 0.998665
13479: 0.998665
13480: 0.998665
13481: 0.998665
13482: 0.998665
13483: 0.998665
13484: 0.998665
13485: 0.998665
13486: 0.998665
13487: 0.998665
13488: 0.998666
13489: 0.998666
13490: 0.998666
13491: 0.998666
13492: 0.998666
13493: 0.998666
13494: 0.998666
13495: 0.998666
13496: 0.998666
13497: 0.998666
13498: 0.998667
13499: 0.998667
13500: 0.998667
13501: 0.998667
13502: 0.998667
13503: 0.998667
13504: 0.998667
13505: 0.998667
13506: 0.998667
13507: 0.998667
13508: 0.998668
13509: 0.998668
13510: 0.998668
13511: 0.998668
13512: 0.998668
13513: 0.998668
13514: 0.998668
13515: 0.998668
13516: 0.998668
13517: 0.998668
13518: 0.998669
13519: 0.998669
13520: 0.998669
13521: 0.998669
13522: 0.998669
13523: 0.998669
13524: 0.998669
13525: 0.998669
13526: 0.998669
13527: 0.998669
13528: 0.99867
13529: 0.99867
13530: 0.99867
13531: 0.99867
13532: 0.99867
13533: 0.99867
13534: 0.99867
13535: 0.99867
13536: 0.99867
13537: 0.99867
13538: 0.998671
13539: 0.998671
13540: 0.998671
13541: 0.998671
13542: 0.998671
13543: 0.998671
13544: 0.998671
13545: 0.998671
13546: 0.998671
13547: 0.998671
13548: 0.998671
13549: 0.998672
13550: 0.998672
13551: 0.998672
13552: 0.998672
13553: 0.998672
13554: 0.998672
13555: 0.998672
13556: 0.998672
13557: 0.998672
13558: 0.998672
13559: 0.998673
13560: 0.998673
13561: 0.998673
13562: 0.998673
13563: 0.998673
13564: 0.998673
13565: 0.998673
13566: 0.998673
13567: 0.998673
13568: 0.998673
13569: 0.998674
13570: 0.998674
13571: 0.998674
13572: 0.998674
13573: 0.998674
13574: 0.998674
13575: 0.998674
13576: 0.998674
13577: 0.998674
13578: 0.998674
13579: 0.998675
13580: 0.998675
13581: 0.998675
13582: 0.998675
13583: 0.998675
13584: 0.998675
13585: 0.998675
13586: 0.998675
13587: 0.998675
13588: 0.998675
13589: 0.998675
13590: 0.998676
13591: 0.998676
13592: 0.998676
13593: 0.998676
13594: 0.998676
13595: 0.998676
13596: 0.998676
13597: 0.998676
13598: 0.998676
13599: 0.998676
13600: 0.998677
13601: 0.998677
13602: 0.998677
13603: 0.998677
13604: 0.998677
13605: 0.998677
13606: 0.998677
13607: 0.998677
13608: 0.998677
13609: 0.998677
13610: 0.998678
13611: 0.998678
13612: 0.998678
13613: 0.998678
13614: 0.998678
13615: 0.998678
13616: 0.998678
13617: 0.998678
13618: 0.998678
13619: 0.998678
13620: 0.998679
13621: 0.998679
13622: 0.998679
13623: 0.998679
13624: 0.998679
13625: 0.998679
13626: 0.998679
13627: 0.998679
13628: 0.998679
13629: 0.998679
13630: 0.998679
13631: 0.99868
13632: 0.99868
13633: 0.99868
13634: 0.99868
13635: 0.99868
13636: 0.99868
13637: 0.99868
13638: 0.99868
13639: 0.99868
13640: 0.99868
13641: 0.998681
13642: 0.998681
13643: 0.998681
13644: 0.998681
13645: 0.998681
13646: 0.998681
13647: 0.998681
13648: 0.998681
13649: 0.998681
13650: 0.998681
13651: 0.998682
13652: 0.998682
13653: 0.998682
13654: 0.998682
13655: 0.998682
13656: 0.998682
13657: 0.998682
13658: 0.998682
13659: 0.998682
13660: 0.998682
13661: 0.998682
13662: 0.998683
13663: 0.998683
13664: 0.998683
13665: 0.998683
13666: 0.998683
13667: 0.998683
13668: 0.998683
13669: 0.998683
13670: 0.998683
13671: 0.998683
13672: 0.998684
13673: 0.998684
13674: 0.998684
13675: 0.998684
13676: 0.998684
13677: 0.998684
13678: 0.998684
13679: 0.998684
13680: 0.998684
13681: 0.998684
13682: 0.998684
13683: 0.998685
13684: 0.998685
13685: 0.998685
13686: 0.998685
13687: 0.998685
13688: 0.998685
13689: 0.998685
13690: 0.998685
13691: 0.998685
13692: 0.998685
13693: 0.998686
13694: 0.998686
13695: 0.998686
13696: 0.998686
13697: 0.998686
13698: 0.998686
13699: 0.998686
13700: 0.998686
13701: 0.998686
13702: 0.998686
13703: 0.998687
13704: 0.998687
13705: 0.998687
13706: 0.998687
13707: 0.998687
13708: 0.998687
13709: 0.998687
13710: 0.998687
13711: 0.998687
13712: 0.998687
13713: 0.998687
13714: 0.998688
13715: 0.998688
13716: 0.998688
13717: 0.998688
13718: 0.998688
13719: 0.998688
13720: 0.998688
13721: 0.998688
13722: 0.998688
13723: 0.998688
13724: 0.998689
13725: 0.998689
13726: 0.998689
13727: 0.998689
13728: 0.998689
13729: 0.998689
13730: 0.998689
13731: 0.998689
13732: 0.998689
13733: 0.998689
13734: 0.998689
13735: 0.99869
13736: 0.99869
13737: 0.99869
13738: 0.99869
13739: 0.99869
13740: 0.99869
13741: 0.99869
13742: 0.99869
13743: 0.99869
13744: 0.99869
13745: 0.998691
13746: 0.998691
13747: 0.998691
13748: 0.998691
13749: 0.998691
13750: 0.998691
13751: 0.998691
13752: 0.998691
13753: 0.998691
13754: 0.998691
13755: 0.998691
13756: 0.998692
13757: 0.998692
13758: 0.998692
13759: 0.998692
13760: 0.998692
13761: 0.998692
13762: 0.998692
13763: 0.998692
13764: 0.998692
13765: 0.998692
13766: 0.998693
13767: 0.998693
13768: 0.998693
13769: 0.998693
13770: 0.998693
13771: 0.998693
13772: 0.998693
13773: 0.998693
13774: 0.998693
13775: 0.998693
13776: 0.998693
13777: 0.998694
13778: 0.998694
13779: 0.998694
13780: 0.998694
13781: 0.998694
13782: 0.998694
13783: 0.998694
13784: 0.998694
13785: 0.998694
13786: 0.998694
13787: 0.998695
13788: 0.998695
13789: 0.998695
13790: 0.998695
13791: 0.998695
13792: 0.998695
13793: 0.998695
13794: 0.998695
13795: 0.998695
13796: 0.998695
13797: 0.998695
13798: 0.998696
13799: 0.998696
13800: 0.998696
13801: 0.998696
13802: 0.998696
13803: 0.998696
13804: 0.998696
13805: 0.998696
13806: 0.998696
13807: 0.998696
13808: 0.998697
13809: 0.998697
13810: 0.998697
13811: 0.998697
13812: 0.998697
13813: 0.998697
13814: 0.998697
13815: 0.998697
13816: 0.998697
13817: 0.998697
13818: 0.998697
13819: 0.998698
13820: 0.998698
13821: 0.998698
13822: 0.998698
13823: 0.998698
13824: 0.998698
13825: 0.998698
13826: 0.998698
13827: 0.998698
13828: 0.998698
13829: 0.998698
13830: 0.998699
13831: 0.998699
13832: 0.998699
13833: 0.998699
13834: 0.998699
13835: 0.998699
13836: 0.998699
13837: 0.998699
13838: 0.998699
13839: 0.998699
13840: 0.9987
13841: 0.9987
13842: 0.9987
13843: 0.9987
13844: 0.9987
13845: 0.9987
13846: 0.9987
13847: 0.9987
13848: 0.9987
13849: 0.9987
13850: 0.9987
13851: 0.998701
13852: 0.998701
13853: 0.998701
13854: 0.998701
13855: 0.998701
13856: 0.998701
13857: 0.998701
13858: 0.998701
13859: 0.998701
13860: 0.998701
13861: 0.998701
13862: 0.998702
13863: 0.998702
13864: 0.998702
13865: 0.998702
13866: 0.998702
13867: 0.998702
13868: 0.998702
13869: 0.998702
13870: 0.998702
13871: 0.998702
13872: 0.998703
13873: 0.998703
13874: 0.998703
13875: 0.998703
13876: 0.998703
13877: 0.998703
13878: 0.998703
13879: 0.998703
13880: 0.998703
13881: 0.998703
13882: 0.998703
13883: 0.998704
13884: 0.998704
13885: 0.998704
13886: 0.998704
13887: 0.998704
13888: 0.998704
13889: 0.998704
13890: 0.998704
13891: 0.998704
13892: 0.998704
13893: 0.998704
13894: 0.998705
13895: 0.998705
13896: 0.998705
13897: 0.998705
13898: 0.998705
13899: 0.998705
13900: 0.998705
13901: 0.998705
13902: 0.998705
13903: 0.998705
13904: 0.998706
13905: 0.998706
13906: 0.998706
13907: 0.998706
13908: 0.998706
13909: 0.998706
13910: 0.998706
13911: 0.998706
13912: 0.998706
13913: 0.998706
13914: 0.998706
13915: 0.998707
13916: 0.998707
13917: 0.998707
13918: 0.998707
13919: 0.998707
13920: 0.998707
13921: 0.998707
13922: 0.998707
13923: 0.998707
13924: 0.998707
13925: 0.998707
13926: 0.998708
13927: 0.998708
13928: 0.998708
13929: 0.998708
13930: 0.998708
13931: 0.998708
13932: 0.998708
13933: 0.998708
13934: 0.998708
13935: 0.998708
13936: 0.998708
13937: 0.998709
13938: 0.998709
13939: 0.998709
13940: 0.998709
13941: 0.998709
13942: 0.998709
13943: 0.998709
13944: 0.998709
13945: 0.998709
13946: 0.998709
13947: 0.998709
13948: 0.99871
13949: 0.99871
13950: 0.99871
13951: 0.99871
13952: 0.99871
13953: 0.99871
13954: 0.99871
13955: 0.99871
13956: 0.99871
13957: 0.99871
13958: 0.998711
13959: 0.998711
13960: 0.998711
13961: 0.998711
13962: 0.998711
13963: 0.998711
13964: 0.998711
13965: 0.998711
13966: 0.998711
13967: 0.998711
13968: 0.998711
13969: 0.998712
13970: 0.998712
13971: 0.998712
13972: 0.998712
13973: 0.998712
13974: 0.998712
13975: 0.998712
13976: 0.998712
13977: 0.998712
13978: 0.998712
13979: 0.998712
13980: 0.998713
13981: 0.998713
13982: 0.998713
13983: 0.998713
13984: 0.998713
13985: 0.998713
13986: 0.998713
13987: 0.998713
13988: 0.998713
13989: 0.998713
13990: 0.998713
13991: 0.998714
13992: 0.998714
13993: 0.998714
13994: 0.998714
13995: 0.998714
13996: 0.998714
13997: 0.998714
13998: 0.998714
13999: 0.998714
14000: 0.998714
14001: 0.998714
14002: 0.998715
14003: 0.998715
14004: 0.998715
14005: 0.998715
14006: 0.998715
14007: 0.998715
14008: 0.998715
14009: 0.998715
14010: 0.998715
14011: 0.998715
14012: 0.998715
14013: 0.998716
14014: 0.998716
14015: 0.998716
14016: 0.998716
14017: 0.998716
14018: 0.998716
14019: 0.998716
14020: 0.998716
14021: 0.998716
14022: 0.998716
14023: 0.998716
14024: 0.998717
14025: 0.998717
14026: 0.998717
14027: 0.998717
14028: 0.998717
14029: 0.998717
14030: 0.998717
14031: 0.998717
14032: 0.998717
14033: 0.998717
14034: 0.998717
14035: 0.998718
14036: 0.998718
14037: 0.998718
14038: 0.998718
14039: 0.998718
14040: 0.998718
14041: 0.998718
14042: 0.998718
14043: 0.998718
14044: 0.998718
14045: 0.998718
14046: 0.998719
14047: 0.998719
14048: 0.998719
14049: 0.998719
14050: 0.998719
14051: 0.998719
14052: 0.998719
14053: 0.998719
14054: 0.998719
14055: 0.998719
14056: 0.998719
14057: 0.99872
14058: 0.99872
14059: 0.99872
14060: 0.99872
14061: 0.99872
14062: 0.99872
14063: 0.99872
14064: 0.99872
14065: 0.99872
14066: 0.99872
14067: 0.998721
14068: 0.998721
14069: 0.998721
14070: 0.998721
14071: 0.998721
14072: 0.998721
14073: 0.998721
14074: 0.998721
14075: 0.998721
14076: 0.998721
14077: 0.998721
14078: 0.998722
14079: 0.998722
14080: 0.998722
14081: 0.998722
14082: 0.998722
14083: 0.998722
14084: 0.998722
14085: 0.998722
14086: 0.998722
14087: 0.998722
14088: 0.998722
14089: 0.998722
14090: 0.998723
14091: 0.998723
14092: 0.998723
14093: 0.998723
14094: 0.998723
14095: 0.998723
14096: 0.998723
14097: 0.998723
14098: 0.998723
14099: 0.998723
14100: 0.998723
14101: 0.998724
14102: 0.998724
14103: 0.998724
14104: 0.998724
14105: 0.998724
14106: 0.998724
14107: 0.998724
14108: 0.998724
14109: 0.998724
14110: 0.998724
14111: 0.998724
14112: 0.998725
14113: 0.998725
14114: 0.998725
14115: 0.998725
14116: 0.998725
14117: 0.998725
14118: 0.998725
14119: 0.998725
14120: 0.998725
14121: 0.998725
14122: 0.998725
14123: 0.998726
14124: 0.998726
14125: 0.998726
14126: 0.998726
14127: 0.998726
14128: 0.998726
14129: 0.998726
14130: 0.998726
14131: 0.998726
14132: 0.998726
14133: 0.998726
14134: 0.998727
14135: 0.998727
14136: 0.998727
14137: 0.998727
14138: 0.998727
14139: 0.998727
14140: 0.998727
14141: 0.998727
14142: 0.998727
14143: 0.998727
14144: 0.998727
14145: 0.998728
14146: 0.998728
14147: 0.998728
14148: 0.998728
14149: 0.998728
14150: 0.998728
14151: 0.998728
14152: 0.998728
14153: 0.998728
14154: 0.998728
14155: 0.998728
14156: 0.998729
14157: 0.998729
14158: 0.998729
14159: 0.998729
14160: 0.998729
14161: 0.998729
14162: 0.998729
14163: 0.998729
14164: 0.998729
14165: 0.998729
14166: 0.998729
14167: 0.99873
14168: 0.99873
14169: 0.99873
14170: 0.99873
14171: 0.99873
14172: 0.99873
14173: 0.99873
14174: 0.99873
14175: 0.99873
14176: 0.99873
14177: 0.99873
14178: 0.998731
14179: 0.998731
14180: 0.998731
14181: 0.998731
14182: 0.998731
14183: 0.998731
14184: 0.998731
14185: 0.998731
14186: 0.998731
14187: 0.998731
14188: 0.998731
14189: 0.998732
14190: 0.998732
14191: 0.998732
14192: 0.998732
14193: 0.998732
14194: 0.998732
14195: 0.998732
14196: 0.998732
14197: 0.998732
14198: 0.998732
14199: 0.998732
14200: 0.998732
14201: 0.998733
14202: 0.998733
14203: 0.998733
14204: 0.998733
14205: 0.998733
14206: 0.998733
14207: 0.998733
14208: 0.998733
14209: 0.998733
14210: 0.998733
14211: 0.998733
14212: 0.998734
14213: 0.998734
14214: 0.998734
14215: 0.998734
14216: 0.998734
14217: 0.998734
14218: 0.998734
14219: 0.998734
14220: 0.998734
14221: 0.998734
14222: 0.998734
14223: 0.998735
14224: 0.998735
14225: 0.998735
14226: 0.998735
14227: 0.998735
14228: 0.998735
14229: 0.998735
14230: 0.998735
14231: 0.998735
14232: 0.998735
14233: 0.998735
14234: 0.998736
14235: 0.998736
14236: 0.998736
14237: 0.998736
14238: 0.998736
14239: 0.998736
14240: 0.998736
14241: 0.998736
14242: 0.998736
14243: 0.998736
14244: 0.998736
14245: 0.998736
14246: 0.998737
14247: 0.998737
14248: 0.998737
14249: 0.998737
14250: 0.998737
14251: 0.998737
14252: 0.998737
14253: 0.998737
14254: 0.998737
14255: 0.998737
14256: 0.998737
14257: 0.998738
14258: 0.998738
14259: 0.998738
14260: 0.998738
14261: 0.998738
14262: 0.998738
14263: 0.998738
14264: 0.998738
14265: 0.998738
14266: 0.998738
14267: 0.998738
14268: 0.998739
14269: 0.998739
14270: 0.998739
14271: 0.998739
14272: 0.998739
14273: 0.998739
14274: 0.998739
14275: 0.998739
14276: 0.998739
14277: 0.998739
14278: 0.998739
14279: 0.998739
14280: 0.99874
14281: 0.99874
14282: 0.99874
14283: 0.99874
14284: 0.99874
14285: 0.99874
14286: 0.99874
14287: 0.99874
14288: 0.99874
14289: 0.99874
14290: 0.99874
14291: 0.998741
14292: 0.998741
14293: 0.998741
14294: 0.998741
14295: 0.998741
14296: 0.998741
14297: 0.998741
14298: 0.998741
14299: 0.998741
14300: 0.998741
14301: 0.998741
14302: 0.998742
14303: 0.998742
14304: 0.998742
14305: 0.998742
14306: 0.998742
14307: 0.998742
14308: 0.998742
14309: 0.998742
14310: 0.998742
14311: 0.998742
14312: 0.998742
14313: 0.998742
14314: 0.998743
14315: 0.998743
14316: 0.998743
14317: 0.998743
14318: 0.998743
14319: 0.998743
14320: 0.998743
14321: 0.998743
14322: 0.998743
14323: 0.998743
14324: 0.998743
14325: 0.998744
14326: 0.998744
14327: 0.998744
14328: 0.998744
14329: 0.998744
14330: 0.998744
14331: 0.998744
14332: 0.998744
14333: 0.998744
14334: 0.998744
14335: 0.998744
14336: 0.998745
14337: 0.998745
14338: 0.998745
14339: 0.998745
14340: 0.998745
14341: 0.998745
14342: 0.998745
14343: 0.998745
14344: 0.998745
14345: 0.998745
14346: 0.998745
14347: 0.998745
14348: 0.998746
14349: 0.998746
14350: 0.998746
14351: 0.998746
14352: 0.998746
14353: 0.998746
14354: 0.998746
14355: 0.998746
14356: 0.998746
14357: 0.998746
14358: 0.998746
14359: 0.998747
14360: 0.998747
14361: 0.998747
14362: 0.998747
14363: 0.998747
14364: 0.998747
14365: 0.998747
14366: 0.998747
14367: 0.998747
14368: 0.998747
14369: 0.998747
14370: 0.998747
14371: 0.998748
14372: 0.998748
14373: 0.998748
14374: 0.998748
14375: 0.998748
14376: 0.998748
14377: 0.998748
14378: 0.998748
14379: 0.998748
14380: 0.998748
14381: 0.998748
14382: 0.998749
14383: 0.998749
14384: 0.998749
14385: 0.998749
14386: 0.998749
14387: 0.998749
14388: 0.998749
14389: 0.998749
14390: 0.998749
14391: 0.998749
14392: 0.998749
14393: 0.998749
14394: 0.99875
14395: 0.99875
14396: 0.99875
14397: 0.99875
14398: 0.99875
14399: 0.99875
14400: 0.99875
14401: 0.99875
14402: 0.99875
14403: 0.99875
14404: 0.99875
14405: 0.998751
14406: 0.998751
14407: 0.998751
14408: 0.998751
14409: 0.998751
14410: 0.998751
14411: 0.998751
14412: 0.998751
14413: 0.998751
14414: 0.998751
14415: 0.998751
14416: 0.998751
14417: 0.998752
14418: 0.998752
14419: 0.998752
14420: 0.998752
14421: 0.998752
14422: 0.998752
14423: 0.998752
14424: 0.998752
14425: 0.998752
14426: 0.998752
14427: 0.998752
14428: 0.998753
14429: 0.998753
14430: 0.998753
14431: 0.998753
14432: 0.998753
14433: 0.998753
14434: 0.998753
14435: 0.998753
14436: 0.998753
14437: 0.998753
14438: 0.998753
14439: 0.998753
14440: 0.998754
14441: 0.998754
14442: 0.998754
14443: 0.998754
14444: 0.998754
14445: 0.998754
14446: 0.998754
14447: 0.998754
14448: 0.998754
14449: 0.998754
14450: 0.998754
14451: 0.998754
14452: 0.998755
14453: 0.998755
14454: 0.998755
14455: 0.998755
14456: 0.998755
14457: 0.998755
14458: 0.998755
14459: 0.998755
14460: 0.998755
14461: 0.998755
14462: 0.998755
14463: 0.998756
14464: 0.998756
14465: 0.998756
14466: 0.998756
14467: 0.998756
14468: 0.998756
14469: 0.998756
14470: 0.998756
14471: 0.998756
14472: 0.998756
14473: 0.998756
14474: 0.998756
14475: 0.998757
14476: 0.998757
14477: 0.998757
14478: 0.998757
14479: 0.998757
14480: 0.998757
14481: 0.998757
14482: 0.998757
14483: 0.998757
14484: 0.998757
14485: 0.998757
14486: 0.998758
14487: 0.998758
14488: 0.998758
14489: 0.998758
14490: 0.998758
14491: 0.998758
14492: 0.998758
14493: 0.998758
14494: 0.998758
14495: 0.998758
14496: 0.998758
14497: 0.998758
14498: 0.998759
14499: 0.998759
14500: 0.998759
14501: 0.998759
14502: 0.998759
14503: 0.998759
14504: 0.998759
14505: 0.998759
14506: 0.998759
14507: 0.998759
14508: 0.998759
14509: 0.998759
14510: 0.99876
14511: 0.99876
14512: 0.99876
14513: 0.99876
14514: 0.99876
14515: 0.99876
14516: 0.99876
14517: 0.99876
14518: 0.99876
14519: 0.99876
14520: 0.99876
14521: 0.998761
14522: 0.998761
14523: 0.998761
14524: 0.998761
14525: 0.998761
14526: 0.998761
14527: 0.998761
14528: 0.998761
14529: 0.998761
14530: 0.998761
14531: 0.998761
14532: 0.998761
14533: 0.998762
14534: 0.998762
14535: 0.998762
14536: 0.998762
14537: 0.998762
14538: 0.998762
14539: 0.998762
14540: 0.998762
14541: 0.998762
14542: 0.998762
14543: 0.998762
14544: 0.998762
14545: 0.998763
14546: 0.998763
14547: 0.998763
14548: 0.998763
14549: 0.998763
14550: 0.998763
14551: 0.998763
14552: 0.998763
14553: 0.998763
14554: 0.998763
14555: 0.998763
14556: 0.998763
14557: 0.998764
14558: 0.998764
14559: 0.998764
14560: 0.998764
14561: 0.998764
14562: 0.998764
14563: 0.998764
14564: 0.998764
14565: 0.998764
14566: 0.998764
14567: 0.998764
14568: 0.998764
14569: 0.998765
14570: 0.998765
14571: 0.998765
14572: 0.998765
14573: 0.998765
14574: 0.998765
14575: 0.998765
14576: 0.998765
14577: 0.998765
14578: 0.998765
14579: 0.998765
14580: 0.998766
14581: 0.998766
14582: 0.998766
14583: 0.998766
14584: 0.998766
14585: 0.998766
14586: 0.998766
14587: 0.998766
14588: 0.998766
14589: 0.998766
14590: 0.998766
14591: 0.998766
14592: 0.998767
14593: 0.998767
14594: 0.998767
14595: 0.998767
14596: 0.998767
14597: 0.998767
14598: 0.998767
14599: 0.998767
14600: 0.998767
14601: 0.998767
14602: 0.998767
14603: 0.998767
14604: 0.998768
14605: 0.998768
14606: 0.998768
14607: 0.998768
14608: 0.998768
14609: 0.998768
14610: 0.998768
14611: 0.998768
14612: 0.998768
14613: 0.998768
14614: 0.998768
14615: 0.998768
14616: 0.998769
14617: 0.998769
14618: 0.998769
14619: 0.998769
14620: 0.998769
14621: 0.998769
14622: 0.998769
14623: 0.998769
14624: 0.998769
14625: 0.998769
14626: 0.998769
14627: 0.998769
14628: 0.99877
14629: 0.99877
14630: 0.99877
14631: 0.99877
14632: 0.99877
14633: 0.99877
14634: 0.99877
14635: 0.99877
14636: 0.99877
14637: 0.99877
14638: 0.99877
14639: 0.99877
14640: 0.998771
14641: 0.998771
14642: 0.998771
14643: 0.998771
14644: 0.998771
14645: 0.998771
14646: 0.998771
14647: 0.998771
14648: 0.998771
14649: 0.998771
14650: 0.998771
14651: 0.998771
14652: 0.998772
14653: 0.998772
14654: 0.998772
14655: 0.998772
14656: 0.998772
14657: 0.998772
14658: 0.998772
14659: 0.998772
14660: 0.998772
14661: 0.998772
14662: 0.998772
14663: 0.998773
14664: 0.998773
14665: 0.998773
14666: 0.998773
14667: 0.998773
14668: 0.998773
14669: 0.998773
14670: 0.998773
14671: 0.998773
14672: 0.998773
14673: 0.998773
14674: 0.998773
14675: 0.998774
14676: 0.998774
14677: 0.998774
14678: 0.998774
14679: 0.998774
14680: 0.998774
14681: 0.998774
14682: 0.998774
14683: 0.998774
14684: 0.998774
14685: 0.998774
14686: 0.998774
14687: 0.998775
14688: 0.998775
14689: 0.998775
14690: 0.998775
14691: 0.998775
14692: 0.998775
14693: 0.998775
14694: 0.998775
14695: 0.998775
14696: 0.998775
14697: 0.998775
14698: 0.998775
14699: 0.998776
14700: 0.998776
14701: 0.998776
14702: 0.998776
14703: 0.998776
14704: 0.998776
14705: 0.998776
14706: 0.998776
14707: 0.998776
14708: 0.998776
14709: 0.998776
14710: 0.998776
14711: 0.998777
14712: 0.998777
14713: 0.998777
14714: 0.998777
14715: 0.998777
14716: 0.998777
14717: 0.998777
14718: 0.998777
14719: 0.998777
14720: 0.998777
14721: 0.998777
14722: 0.998777
14723: 0.998778
14724: 0.998778
14725: 0.998778
14726: 0.998778
14727: 0.998778
14728: 0.998778
14729: 0.998778
14730: 0.998778
14731: 0.998778
14732: 0.998778
14733: 0.998778
14734: 0.998778
14735: 0.998779
14736: 0.998779
14737: 0.998779
14738: 0.998779
14739: 0.998779
14740: 0.998779
14741: 0.998779
14742: 0.998779
14743: 0.998779
14744: 0.998779
14745: 0.998779
14746: 0.998779
14747: 0.998779
14748: 0.99878
14749: 0.99878
14750: 0.99878
14751: 0.99878
14752: 0.99878
14753: 0.99878
14754: 0.99878
14755: 0.99878
14756: 0.99878
14757: 0.99878
14758: 0.99878
14759: 0.99878
14760: 0.998781
14761: 0.998781
14762: 0.998781
14763: 0.998781
14764: 0.998781
14765: 0.998781
14766: 0.998781
14767: 0.998781
14768: 0.998781
14769: 0.998781
14770: 0.998781
14771: 0.998781
14772: 0.998782
14773: 0.998782
14774: 0.998782
14775: 0.998782
14776: 0.998782
14777: 0.998782
14778: 0.998782
14779: 0.998782
14780: 0.998782
14781: 0.998782
14782: 0.998782
14783: 0.998782
14784: 0.998783
14785: 0.998783
14786: 0.998783
14787: 0.998783
14788: 0.998783
14789: 0.998783
14790: 0.998783
14791: 0.998783
14792: 0.998783
14793: 0.998783
14794: 0.998783
14795: 0.998783
14796: 0.998784
14797: 0.998784
14798: 0.998784
14799: 0.998784
14800: 0.998784
14801: 0.998784
14802: 0.998784
14803: 0.998784
14804: 0.998784
14805: 0.998784
14806: 0.998784
14807: 0.998784
14808: 0.998785
14809: 0.998785
14810: 0.998785
14811: 0.998785
14812: 0.998785
14813: 0.998785
14814: 0.998785
14815: 0.998785
14816: 0.998785
14817: 0.998785
14818: 0.998785
14819: 0.998785
14820: 0.998786
14821: 0.998786
14822: 0.998786
14823: 0.998786
14824: 0.998786
14825: 0.998786
14826: 0.998786
14827: 0.998786
14828: 0.998786
14829: 0.998786
14830: 0.998786
14831: 0.998786
14832: 0.998786
14833: 0.998787
14834: 0.998787
14835: 0.998787
14836: 0.998787
14837: 0.998787
14838: 0.998787
14839: 0.998787
14840: 0.998787
14841: 0.998787
14842: 0.998787
14843: 0.998787
14844: 0.998787
14845: 0.998788
14846: 0.998788
14847: 0.998788
14848: 0.998788
14849: 0.998788
14850: 0.998788
14851: 0.998788
14852: 0.998788
14853: 0.998788
14854: 0.998788
14855: 0.998788
14856: 0.998788
14857: 0.998789
14858: 0.998789
14859: 0.998789
14860: 0.998789
14861: 0.998789
14862: 0.998789
14863: 0.998789
14864: 0.998789
14865: 0.998789
14866: 0.998789
14867: 0.998789
14868: 0.998789
14869: 0.99879
14870: 0.99879
14871: 0.99879
14872: 0.99879
14873: 0.99879
14874: 0.99879
14875: 0.99879
14876: 0.99879
14877: 0.99879
14878: 0.99879
14879: 0.99879
14880: 0.99879
14881: 0.99879
14882: 0.998791
14883: 0.998791
14884: 0.998791
14885: 0.998791
14886: 0.998791
14887: 0.998791
14888: 0.998791
14889: 0.998791
14890: 0.998791
14891: 0.998791
14892: 0.998791
14893: 0.998791
14894: 0.998792
14895: 0.998792
14896: 0.998792
14897: 0.998792
14898: 0.998792
14899: 0.998792
14900: 0.998792
14901: 0.998792
14902: 0.998792
14903: 0.998792
14904: 0.998792
14905: 0.998792
14906: 0.998793
14907: 0.998793
14908: 0.998793
14909: 0.998793
14910: 0.998793
14911: 0.998793
14912: 0.998793
14913: 0.998793
14914: 0.998793
14915: 0.998793
14916: 0.998793
14917: 0.998793
14918: 0.998793
14919: 0.998794
14920: 0.998794
14921: 0.998794
14922: 0.998794
14923: 0.998794
14924: 0.998794
14925: 0.998794
14926: 0.998794
14927: 0.998794
14928: 0.998794
14929: 0.998794
14930: 0.998794
14931: 0.998795
14932: 0.998795
14933: 0.998795
14934: 0.998795
14935: 0.998795
14936: 0.998795
14937: 0.998795
14938: 0.998795
14939: 0.998795
14940: 0.998795
14941: 0.998795
14942: 0.998795
14943: 0.998796
14944: 0.998796
14945: 0.998796
14946: 0.998796
14947: 0.998796
14948: 0.998796
14949: 0.998796
14950: 0.998796
14951: 0.998796
14952: 0.998796
14953: 0.998796
14954: 0.998796
14955: 0.998796
14956: 0.998797
14957: 0.998797
14958: 0.998797
14959: 0.998797
14960: 0.998797
14961: 0.998797
14962: 0.998797
14963: 0.998797
14964: 0.998797
14965: 0.998797
14966: 0.998797
14967: 0.998797
14968: 0.998798
14969: 0.998798
14970: 0.998798
14971: 0.998798
14972: 0.998798
14973: 0.998798
14974: 0.998798
14975: 0.998798
14976: 0.998798
14977: 0.998798
14978: 0.998798
14979: 0.998798
14980: 0.998798
14981: 0.998799
14982: 0.998799
14983: 0.998799
14984: 0.998799
14985: 0.998799
14986: 0.998799
14987: 0.998799
14988: 0.998799
14989: 0.998799
14990: 0.998799
14991: 0.998799
14992: 0.998799
14993: 0.9988
14994: 0.9988
14995: 0.9988
14996: 0.9988
14997: 0.9988
14998: 0.9988
14999: 0.9988
15000: 0.9988
15001: 0.9988
15002: 0.9988
15003: 0.9988
15004: 0.9988
15005: 0.9988
15006: 0.998801
15007: 0.998801
15008: 0.998801
15009: 0.998801
15010: 0.998801
15011: 0.998801
15012: 0.998801
15013: 0.998801
15014: 0.998801
15015: 0.998801
15016: 0.998801
15017: 0.998801
15018: 0.998802
15019: 0.998802
15020: 0.998802
15021: 0.998802
15022: 0.998802
15023: 0.998802
15024: 0.998802
15025: 0.998802
15026: 0.998802
15027: 0.998802
15028: 0.998802
15029: 0.998802
15030: 0.998802
15031: 0.998803
15032: 0.998803
15033: 0.998803
15034: 0.998803
15035: 0.998803
15036: 0.998803
15037: 0.998803
15038: 0.998803
15039: 0.998803
15040: 0.998803
15041: 0.998803
15042: 0.998803
15043: 0.998804
15044: 0.998804
15045: 0.998804
15046: 0.998804
15047: 0.998804
15048: 0.998804
15049: 0.998804
15050: 0.998804
15051: 0.998804
15052: 0.998804
15053: 0.998804
15054: 0.998804
15055: 0.998804
15056: 0.998805
15057: 0.998805
15058: 0.998805
15059: 0.998805
15060: 0.998805
15061: 0.998805
15062: 0.998805
15063: 0.998805
15064: 0.998805
15065: 0.998805
15066: 0.998805
15067: 0.998805
15068: 0.998805
15069: 0.998806
15070: 0.998806
15071: 0.998806
15072: 0.998806
15073: 0.998806
15074: 0.998806
15075: 0.998806
15076: 0.998806
15077: 0.998806
15078: 0.998806
15079: 0.998806
15080: 0.998806
15081: 0.998807
15082: 0.998807
15083: 0.998807
15084: 0.998807
15085: 0.998807
15086: 0.998807
15087: 0.998807
15088: 0.998807
15089: 0.998807
15090: 0.998807
15091: 0.998807
15092: 0.998807
15093: 0.998807
15094: 0.998808
15095: 0.998808
15096: 0.998808
15097: 0.998808
15098: 0.998808
15099: 0.998808
15100: 0.998808
15101: 0.998808
15102: 0.998808
15103: 0.998808
15104: 0.998808
15105: 0.998808
15106: 0.998808
15107: 0.998809
15108: 0.998809
15109: 0.998809
15110: 0.998809
15111: 0.998809
15112: 0.998809
15113: 0.998809
15114: 0.998809
15115: 0.998809
15116: 0.998809
15117: 0.998809
15118: 0.998809
15119: 0.99881
15120: 0.99881
15121: 0.99881
15122: 0.99881
15123: 0.99881
15124: 0.99881
15125: 0.99881
15126: 0.99881
15127: 0.99881
15128: 0.99881
15129: 0.99881
15130: 0.99881
15131: 0.99881
15132: 0.998811
15133: 0.998811
15134: 0.998811
15135: 0.998811
15136: 0.998811
15137: 0.998811
15138: 0.998811
15139: 0.998811
15140: 0.998811
15141: 0.998811
15142: 0.998811
15143: 0.998811
15144: 0.998811
15145: 0.998812
15146: 0.998812
15147: 0.998812
15148: 0.998812
15149: 0.998812
15150: 0.998812
15151: 0.998812
15152: 0.998812
15153: 0.998812
15154: 0.998812
15155: 0.998812
15156: 0.998812
15157: 0.998813
15158: 0.998813
15159: 0.998813
15160: 0.998813
15161: 0.998813
15162: 0.998813
15163: 0.998813
15164: 0.998813
15165: 0.998813
15166: 0.998813
15167: 0.998813
15168: 0.998813
15169: 0.998813
15170: 0.998814
15171: 0.998814
15172: 0.998814
15173: 0.998814
15174: 0.998814
15175: 0.998814
15176: 0.998814
15177: 0.998814
15178: 0.998814
15179: 0.998814
15180: 0.998814
15181: 0.998814
15182: 0.998814
15183: 0.998815
15184: 0.998815
15185: 0.998815
15186: 0.998815
15187: 0.998815
15188: 0.998815
15189: 0.998815
15190: 0.998815
15191: 0.998815
15192: 0.998815
15193: 0.998815
15194: 0.998815
15195: 0.998815
15196: 0.998816
15197: 0.998816
15198: 0.998816
15199: 0.998816
15200: 0.998816
15201: 0.998816
15202: 0.998816
15203: 0.998816
15204: 0.998816
15205: 0.998816
15206: 0.998816
15207: 0.998816
15208: 0.998816
15209: 0.998817
15210: 0.998817
15211: 0.998817
15212: 0.998817
15213: 0.998817
15214: 0.998817
15215: 0.998817
15216: 0.998817
15217: 0.998817
15218: 0.998817
15219: 0.998817
15220: 0.998817
15221: 0.998818
15222: 0.998818
15223: 0.998818
15224: 0.998818
15225: 0.998818
15226: 0.998818
15227: 0.998818
15228: 0.998818
15229: 0.998818
15230: 0.998818
15231: 0.998818
15232: 0.998818
15233: 0.998818
15234: 0.998819
15235: 0.998819
15236: 0.998819
15237: 0.998819
15238: 0.998819
15239: 0.998819
15240: 0.998819
15241: 0.998819
15242: 0.998819
15243: 0.998819
15244: 0.998819
15245: 0.998819
15246: 0.998819
15247: 0.99882
15248: 0.99882
15249: 0.99882
15250: 0.99882
15251: 0.99882
15252: 0.99882
15253: 0.99882
15254: 0.99882
15255: 0.99882
15256: 0.99882
15257: 0.99882
15258: 0.99882
15259: 0.99882
15260: 0.998821
15261: 0.998821
15262: 0.998821
15263: 0.998821
15264: 0.998821
15265: 0.998821
15266: 0.998821
15267: 0.998821
15268: 0.998821
15269: 0.998821
15270: 0.998821
15271: 0.998821
15272: 0.998821
15273: 0.998822
15274: 0.998822
15275: 0.998822
15276: 0.998822
15277: 0.998822
15278: 0.998822
15279: 0.998822
15280: 0.998822
15281: 0.998822
15282: 0.998822
15283: 0.998822
15284: 0.998822
15285: 0.998822
15286: 0.998823
15287: 0.998823
15288: 0.998823
15289: 0.998823
15290: 0.998823
15291: 0.998823
15292: 0.998823
15293: 0.998823
15294: 0.998823
15295: 0.998823
15296: 0.998823
15297: 0.998823
15298: 0.998823
15299: 0.998824
15300: 0.998824
15301: 0.998824
15302: 0.998824
15303: 0.998824
15304: 0.998824
15305: 0.998824
15306: 0.998824
15307: 0.998824
15308: 0.998824
15309: 0.998824
15310: 0.998824
15311: 0.998824
15312: 0.998825
15313: 0.998825
15314: 0.998825
15315: 0.998825
15316: 0.998825
15317: 0.998825
15318: 0.998825
15319: 0.998825
15320: 0.998825
15321: 0.998825
15322: 0.998825
15323: 0.998825
15324: 0.998825
15325: 0.998826
15326: 0.998826
15327: 0.998826
15328: 0.998826
15329: 0.998826
15330: 0.998826
15331: 0.998826
15332: 0.998826
15333: 0.998826
15334: 0.998826
15335: 0.998826
15336: 0.998826
15337: 0.998826
15338: 0.998827
15339: 0.998827
15340: 0.998827
15341: 0.998827
15342: 0.998827
15343: 0.998827
15344: 0.998827
15345: 0.998827
15346: 0.998827
15347: 0.998827
15348: 0.998827
15349: 0.998827
15350: 0.998827
15351: 0.998828
15352: 0.998828
15353: 0.998828
15354: 0.998828
15355: 0.998828
15356: 0.998828
15357: 0.998828
15358: 0.998828
15359: 0.998828
15360: 0.998828
15361: 0.998828
15362: 0.998828
15363: 0.998828
15364: 0.998829
15365: 0.998829
15366: 0.998829
15367: 0.998829
15368: 0.998829
15369: 0.998829
15370: 0.998829
15371: 0.998829
15372: 0.998829
15373: 0.998829
15374: 0.998829
15375: 0.998829
15376: 0.998829
15377: 0.998829
15378: 0.99883
15379: 0.99883
15380: 0.99883
15381: 0.99883
15382: 0.99883
15383: 0.99883
15384: 0.99883
15385: 0.99883
15386: 0.99883
15387: 0.99883
15388: 0.99883
15389: 0.99883
15390: 0.99883
15391: 0.998831
15392: 0.998831
15393: 0.998831
15394: 0.998831
15395: 0.998831
15396: 0.998831
15397: 0.998831
15398: 0.998831
15399: 0.998831
15400: 0.998831
15401: 0.998831
15402: 0.998831
15403: 0.998831
15404: 0.998832
15405: 0.998832
15406: 0.998832
15407: 0.998832
15408: 0.998832
15409: 0.998832
15410: 0.998832
15411: 0.998832
15412: 0.998832
15413: 0.998832
15414: 0.998832
15415: 0.998832
15416: 0.998832
15417: 0.998833
15418: 0.998833
15419: 0.998833
15420: 0.998833
15421: 0.998833
15422: 0.998833
15423: 0.998833
15424: 0.998833
15425: 0.998833
15426: 0.998833
15427: 0.998833
15428: 0.998833
15429: 0.998833
15430: 0.998834
15431: 0.998834
15432: 0.998834
15433: 0.998834
15434: 0.998834
15435: 0.998834
15436: 0.998834
15437: 0.998834
15438: 0.998834
15439: 0.998834
15440: 0.998834
15441: 0.998834
15442: 0.998834
15443: 0.998834
15444: 0.998835
15445: 0.998835
15446: 0.998835
15447: 0.998835
15448: 0.998835
15449: 0.998835
15450: 0.998835
15451: 0.998835
15452: 0.998835
15453: 0.998835
15454: 0.998835
15455: 0.998835
15456: 0.998835
15457: 0.998836
15458: 0.998836
15459: 0.998836
15460: 0.998836
15461: 0.998836
15462: 0.998836
15463: 0.998836
15464: 0.998836
15465: 0.998836
15466: 0.998836
15467: 0.998836
15468: 0.998836
15469: 0.998836
15470: 0.998837
15471: 0.998837
15472: 0.998837
15473: 0.998837
15474: 0.998837
15475: 0.998837
15476: 0.998837
15477: 0.998837
15478: 0.998837
15479: 0.998837
15480: 0.998837
15481: 0.998837
15482: 0.998837
15483: 0.998838
15484: 0.998838
15485: 0.998838
15486: 0.998838
15487: 0.998838
15488: 0.998838
15489: 0.998838
15490: 0.998838
15491: 0.998838
15492: 0.998838
15493: 0.998838
15494: 0.998838
15495: 0.998838
15496: 0.998838
15497: 0.998839
15498: 0.998839
15499: 0.998839
15500: 0.998839
15501: 0.998839
15502: 0.998839
15503: 0.998839
15504: 0.998839
15505: 0.998839
15506: 0.998839
15507: 0.998839
15508: 0.998839
15509: 0.998839
15510: 0.99884
15511: 0.99884
15512: 0.99884
15513: 0.99884
15514: 0.99884
15515: 0.99884
15516: 0.99884
15517: 0.99884
15518: 0.99884
15519: 0.99884
15520: 0.99884
15521: 0.99884
15522: 0.99884
15523: 0.998841
15524: 0.998841
15525: 0.998841
15526: 0.998841
15527: 0.998841
15528: 0.998841
15529: 0.998841
15530: 0.998841
15531: 0.998841
15532: 0.998841
15533: 0.998841
15534: 0.998841
15535: 0.998841
15536: 0.998841
15537: 0.998842
15538: 0.998842
15539: 0.998842
15540: 0.998842
15541: 0.998842
15542: 0.998842
15543: 0.998842
15544: 0.998842
15545: 0.998842
15546: 0.998842
15547: 0.998842
15548: 0.998842
15549: 0.998842
15550: 0.998843
15551: 0.998843
15552: 0.998843
15553: 0.998843
15554: 0.998843
15555: 0.998843
15556: 0.998843
15557: 0.998843
15558: 0.998843
15559: 0.998843
15560: 0.998843
15561: 0.998843
15562: 0.998843
15563: 0.998843
15564: 0.998844
15565: 0.998844
15566: 0.998844
15567: 0.998844
15568: 0.998844
15569: 0.998844
15570: 0.998844
15571: 0.998844
15572: 0.998844
15573: 0.998844
15574: 0.998844
15575: 0.998844
15576: 0.998844
15577: 0.998845
15578: 0.998845
15579: 0.998845
15580: 0.998845
15581: 0.998845
15582: 0.998845
15583: 0.998845
15584: 0.998845
15585: 0.998845
15586: 0.998845
15587: 0.998845
15588: 0.998845
15589: 0.998845
15590: 0.998845
15591: 0.998846
15592: 0.998846
15593: 0.998846
15594: 0.998846
15595: 0.998846
15596: 0.998846
15597: 0.998846
15598: 0.998846
15599: 0.998846
15600: 0.998846
15601: 0.998846
15602: 0.998846
15603: 0.998846
15604: 0.998847
15605: 0.998847
15606: 0.998847
15607: 0.998847
15608: 0.998847
15609: 0.998847
15610: 0.998847
15611: 0.998847
15612: 0.998847
15613: 0.998847
15614: 0.998847
15615: 0.998847
15616: 0.998847
15617: 0.998847
15618: 0.998848
15619: 0.998848
15620: 0.998848
15621: 0.998848
15622: 0.998848
15623: 0.998848
15624: 0.998848
15625: 0.998848
15626: 0.998848
15627: 0.998848
15628: 0.998848
15629: 0.998848
15630: 0.998848
15631: 0.998849
15632: 0.998849
15633: 0.998849
15634: 0.998849
15635: 0.998849
15636: 0.998849
15637: 0.998849
15638: 0.998849
15639: 0.998849
15640: 0.998849
15641: 0.998849
15642: 0.998849
15643: 0.998849
15644: 0.998849
15645: 0.99885
15646: 0.99885
15647: 0.99885
15648: 0.99885
15649: 0.99885
15650: 0.99885
15651: 0.99885
15652: 0.99885
15653: 0.99885
15654: 0.99885
15655: 0.99885
15656: 0.99885
15657: 0.99885
15658: 0.998851
15659: 0.998851
15660: 0.998851
15661: 0.998851
15662: 0.998851
15663: 0.998851
15664: 0.998851
15665: 0.998851
15666: 0.998851
15667: 0.998851
15668: 0.998851
15669: 0.998851
15670: 0.998851
15671: 0.998851
15672: 0.998852
15673: 0.998852
15674: 0.998852
15675: 0.998852
15676: 0.998852
15677: 0.998852
15678: 0.998852
15679: 0.998852
15680: 0.998852
15681: 0.998852
15682: 0.998852
15683: 0.998852
15684: 0.998852
15685: 0.998852
15686: 0.998853
15687: 0.998853
15688: 0.998853
15689: 0.998853
15690: 0.998853
15691: 0.998853
15692: 0.998853
15693: 0.998853
15694: 0.998853
15695: 0.998853
15696: 0.998853
15697: 0.998853
15698: 0.998853
15699: 0.998854
15700: 0.998854
15701: 0.998854
15702: 0.998854
15703: 0.998854
15704: 0.998854
15705: 0.998854
15706: 0.998854
15707: 0.998854
15708: 0.998854
15709: 0.998854
15710: 0.998854
15711: 0.998854
15712: 0.998854
15713: 0.998855
15714: 0.998855
15715: 0.998855
15716: 0.998855
15717: 0.998855
15718: 0.998855
15719: 0.998855
15720: 0.998855
15721: 0.998855
15722: 0.998855
15723: 0.998855
15724: 0.998855
15725: 0.998855
15726: 0.998855
15727: 0.998856
15728: 0.998856
15729: 0.998856
15730: 0.998856
15731: 0.998856
15732: 0.998856
15733: 0.998856
15734: 0.998856
15735: 0.998856
15736: 0.998856
15737: 0.998856
15738: 0.998856
15739: 0.998856
15740: 0.998856
15741: 0.998857
15742: 0.998857
15743: 0.998857
15744: 0.998857
15745: 0.998857
15746: 0.998857
15747: 0.998857
15748: 0.998857
15749: 0.998857
15750: 0.998857
15751: 0.998857
15752: 0.998857
15753: 0.998857
15754: 0.998858
15755: 0.998858
15756: 0.998858
15757: 0.998858
15758: 0.998858
15759: 0.998858
15760: 0.998858
15761: 0.998858
15762: 0.998858
15763: 0.998858
15764: 0.998858
15765: 0.998858
15766: 0.998858
15767: 0.998858
15768: 0.998859
15769: 0.998859
15770: 0.998859
15771: 0.998859
15772: 0.998859
15773: 0.998859
15774: 0.998859
15775: 0.998859
15776: 0.998859
15777: 0.998859
15778: 0.998859
15779: 0.998859
15780: 0.998859
15781: 0.998859
15782: 0.99886
15783: 0.99886
15784: 0.99886
15785: 0.99886
15786: 0.99886
15787: 0.99886
15788: 0.99886
15789: 0.99886
15790: 0.99886
15791: 0.99886
15792: 0.99886
15793: 0.99886
15794: 0.99886
15795: 0.99886
15796: 0.998861
15797: 0.998861
15798: 0.998861
15799: 0.998861
15800: 0.998861
15801: 0.998861
15802: 0.998861
15803: 0.998861
15804: 0.998861
15805: 0.998861
15806: 0.998861
15807: 0.998861
15808: 0.998861
15809: 0.998861
15810: 0.998862
15811: 0.998862
15812: 0.998862
15813: 0.998862
15814: 0.998862
15815: 0.998862
15816: 0.998862
15817: 0.998862
15818: 0.998862
15819: 0.998862
15820: 0.998862
15821: 0.998862
15822: 0.998862
15823: 0.998862
15824: 0.998863
15825: 0.998863
15826: 0.998863
15827: 0.998863
15828: 0.998863
15829: 0.998863
15830: 0.998863
15831: 0.998863
15832: 0.998863
15833: 0.998863
15834: 0.998863
15835: 0.998863
15836: 0.998863
15837: 0.998863
15838: 0.998864
15839: 0.998864
15840: 0.998864
15841: 0.998864
15842: 0.998864
15843: 0.998864
15844: 0.998864
15845: 0.998864
15846: 0.998864
15847: 0.998864
15848: 0.998864
15849: 0.998864
15850: 0.998864
15851: 0.998864
15852: 0.998865
15853: 0.998865
15854: 0.998865
15855: 0.998865
15856: 0.998865
15857: 0.998865
15858: 0.998865
15859: 0.998865
15860: 0.998865
15861: 0.998865
15862: 0.998865
15863: 0.998865
15864: 0.998865
15865: 0.998865
15866: 0.998866
15867: 0.998866
15868: 0.998866
15869: 0.998866
15870: 0.998866
15871: 0.998866
15872: 0.998866
15873: 0.998866
15874: 0.998866
15875: 0.998866
15876: 0.998866
15877: 0.998866
15878: 0.998866
15879: 0.998866
15880: 0.998867
15881: 0.998867
15882: 0.998867
15883: 0.998867
15884: 0.998867
15885: 0.998867
15886: 0.998867
15887: 0.998867
15888: 0.998867
15889: 0.998867
15890: 0.998867
15891: 0.998867
15892: 0.998867
15893: 0.998867
15894: 0.998868
15895: 0.998868
15896: 0.998868
15897: 0.998868
15898: 0.998868
15899: 0.998868
15900: 0.998868
15901: 0.998868
15902: 0.998868
15903: 0.998868
15904: 0.998868
15905: 0.998868
15906: 0.998868
15907: 0.998868
15908: 0.998869
15909: 0.998869
15910: 0.998869
15911: 0.998869
15912: 0.998869
15913: 0.998869
15914: 0.998869
15915: 0.998869
15916: 0.998869
15917: 0.998869
15918: 0.998869
15919: 0.998869
15920: 0.998869
15921: 0.998869
15922: 0.99887
15923: 0.99887
15924: 0.99887
15925: 0.99887
15926: 0.99887
15927: 0.99887
15928: 0.99887
15929: 0.99887
15930: 0.99887
15931: 0.99887
15932: 0.99887
15933: 0.99887
15934: 0.99887
15935: 0.99887
15936: 0.998871
15937: 0.998871
15938: 0.998871
15939: 0.998871
15940: 0.998871
15941: 0.998871
15942: 0.998871
15943: 0.998871
15944: 0.998871
15945: 0.998871
15946: 0.998871
15947: 0.998871
15948: 0.998871
15949: 0.998871
15950: 0.998872
15951: 0.998872
15952: 0.998872
15953: 0.998872
15954: 0.998872
15955: 0.998872
15956: 0.998872
15957: 0.998872
15958: 0.998872
15959: 0.998872
15960: 0.998872
15961: 0.998872
15962: 0.998872
15963: 0.998872
15964: 0.998873
15965: 0.998873
15966: 0.998873
15967: 0.998873
15968: 0.998873
15969: 0.998873
15970: 0.998873
15971: 0.998873
15972: 0.998873
15973: 0.998873
15974: 0.998873
15975: 0.998873
15976: 0.998873
15977: 0.998873
15978: 0.998874
15979: 0.998874
15980: 0.998874
15981: 0.998874
15982: 0.998874
15983: 0.998874
15984: 0.998874
15985: 0.998874
15986: 0.998874
15987: 0.998874
15988: 0.998874
15989: 0.998874
15990: 0.998874
15991: 0.998874
15992: 0.998875
15993: 0.998875
15994: 0.998875
15995: 0.998875
15996: 0.998875
15997: 0.998875
15998: 0.998875
15999: 0.998875
16000: 0.998875
16001: 0.998875
16002: 0.998875
16003: 0.998875
16004: 0.998875
16005: 0.998875
16006: 0.998875
16007: 0.998876
16008: 0.998876
16009: 0.998876
16010: 0.998876
16011: 0.998876
16012: 0.998876
16013: 0.998876
16014: 0.998876
16015: 0.998876
16016: 0.998876
16017: 0.998876
16018: 0.998876
16019: 0.998876
16020: 0.998876
16021: 0.998877
16022: 0.998877
16023: 0.998877
16024: 0.998877
16025: 0.998877
16026: 0.998877
16027: 0.998877
16028: 0.998877
16029: 0.998877
16030: 0.998877
16031: 0.998877
16032: 0.998877
16033: 0.998877
16034: 0.998877
16035: 0.998878
16036: 0.998878
16037: 0.998878
16038: 0.998878
16039: 0.998878
16040: 0.998878
16041: 0.998878
16042: 0.998878
16043: 0.998878
16044: 0.998878
16045: 0.998878
16046: 0.998878
16047: 0.998878
16048: 0.998878
16049: 0.998879
16050: 0.998879
16051: 0.998879
16052: 0.998879
16053: 0.998879
16054: 0.998879
16055: 0.998879
16056: 0.998879
16057: 0.998879
16058: 0.998879
16059: 0.998879
16060: 0.998879
16061: 0.998879
16062: 0.998879
16063: 0.998879
16064: 0.99888
16065: 0.99888
16066: 0.99888
16067: 0.99888
16068: 0.99888
16069: 0.99888
16070: 0.99888
16071: 0.99888
16072: 0.99888
16073: 0.99888
16074: 0.99888
16075: 0.99888
16076: 0.99888
16077: 0.99888
16078: 0.998881
16079: 0.998881
16080: 0.998881
16081: 0.998881
16082: 0.998881
16083: 0.998881
16084: 0.998881
16085: 0.998881
16086: 0.998881
16087: 0.998881
16088: 0.998881
16089: 0.998881
16090: 0.998881
16091: 0.998881
16092: 0.998882
16093: 0.998882
16094: 0.998882
16095: 0.998882
16096: 0.998882
16097: 0.998882
16098: 0.998882
16099: 0.998882
16100: 0.998882
16101: 0.998882
16102: 0.998882
16103: 0.998882
16104: 0.998882
16105: 0.998882
16106: 0.998882
16107: 0.998883
16108: 0.998883
16109: 0.998883
16110: 0.998883
16111: 0.998883
16112: 0.998883
16113: 0.998883
16114: 0.998883
16115: 0.998883
16116: 0.998883
16117: 0.998883
16118: 0.998883
16119: 0.998883
16120: 0.998883
16121: 0.998884
16122: 0.998884
16123: 0.998884
16124: 0.998884
16125: 0.998884
16126: 0.998884
16127: 0.998884
16128: 0.998884
16129: 0.998884
16130: 0.998884
16131: 0.998884
16132: 0.998884
16133: 0.998884
16134: 0.998884
16135: 0.998884
16136: 0.998885
16137: 0.998885
16138: 0.998885
16139: 0.998885
16140: 0.998885
16141: 0.998885
16142: 0.998885
16143: 0.998885
16144: 0.998885
16145: 0.998885
16146: 0.998885
16147: 0.998885
16148: 0.998885
16149: 0.998885
16150: 0.998886
16151: 0.998886
16152: 0.998886
16153: 0.998886
16154: 0.998886
16155: 0.998886
16156: 0.998886
16157: 0.998886
16158: 0.998886
16159: 0.998886
16160: 0.998886
16161: 0.998886
16162: 0.998886
16163: 0.998886
16164: 0.998886
16165: 0.998887
16166: 0.998887
16167: 0.998887
16168: 0.998887
16169: 0.998887
16170: 0.998887
16171: 0.998887
16172: 0.998887
16173: 0.998887
16174: 0.998887
16175: 0.998887
16176: 0.998887
16177: 0.998887
16178: 0.998887
16179: 0.998888
16180: 0.998888
16181: 0.998888
16182: 0.998888
16183: 0.998888
16184: 0.998888
16185: 0.998888
16186: 0.998888
16187: 0.998888
16188: 0.998888
16189: 0.998888
16190: 0.998888
16191: 0.998888
16192: 0.998888
16193: 0.998888
16194: 0.998889
16195: 0.998889
16196: 0.998889
16197: 0.998889
16198: 0.998889
16199: 0.998889
16200: 0.998889
16201: 0.998889
16202: 0.998889
16203: 0.998889
16204: 0.998889
16205: 0.998889
16206: 0.998889
16207: 0.998889
16208: 0.99889
16209: 0.99889
16210: 0.99889
16211: 0.99889
16212: 0.99889
16213: 0.99889
16214: 0.99889
16215: 0.99889
16216: 0.99889
16217: 0.99889
16218: 0.99889
16219: 0.99889
16220: 0.99889
16221: 0.99889
16222: 0.99889
16223: 0.998891
16224: 0.998891
16225: 0.998891
16226: 0.998891
16227: 0.998891
16228: 0.998891
16229: 0.998891
16230: 0.998891
16231: 0.998891
16232: 0.998891
16233: 0.998891
16234: 0.998891
16235: 0.998891
16236: 0.998891
16237: 0.998891
16238: 0.998892
16239: 0.998892
16240: 0.998892
16241: 0.998892
16242: 0.998892
16243: 0.998892
16244: 0.998892
16245: 0.998892
16246: 0.998892
16247: 0.998892
16248: 0.998892
16249: 0.998892
16250: 0.998892
16251: 0.998892
16252: 0.998893
16253: 0.998893
16254: 0.998893
16255: 0.998893
16256: 0.998893
16257: 0.998893
16258: 0.998893
16259: 0.998893
16260: 0.998893
16261: 0.998893
16262: 0.998893
16263: 0.998893
16264: 0.998893
16265: 0.998893
16266: 0.998893
16267: 0.998894
16268: 0.998894
16269: 0.998894
16270: 0.998894
16271: 0.998894
16272: 0.998894
16273: 0.998894
16274: 0.998894
16275: 0.998894
16276: 0.998894
16277: 0.998894
16278: 0.998894
16279: 0.998894
16280: 0.998894
16281: 0.998894
16282: 0.998895
16283: 0.998895
16284: 0.998895
16285: 0.998895
16286: 0.998895
16287: 0.998895
16288: 0.998895
16289: 0.998895
16290: 0.998895
16291: 0.998895
16292: 0.998895
16293: 0.998895
16294: 0.998895
16295: 0.998895
16296: 0.998896
16297: 0.998896
16298: 0.998896
16299: 0.998896
16300: 0.998896
16301: 0.998896
16302: 0.998896
16303: 0.998896
16304: 0.998896
16305: 0.998896
16306: 0.998896
16307: 0.998896
16308: 0.998896
16309: 0.998896
16310: 0.998896
16311: 0.998897
16312: 0.998897
16313: 0.998897
16314: 0.998897
16315: 0.998897
16316: 0.998897
16317: 0.998897
16318: 0.998897
16319: 0.998897
16320: 0.998897
16321: 0.998897
16322: 0.998897
16323: 0.998897
16324: 0.998897
16325: 0.998897
16326: 0.998898
16327: 0.998898
16328: 0.998898
16329: 0.998898
16330: 0.998898
16331: 0.998898
16332: 0.998898
16333: 0.998898
16334: 0.998898
16335: 0.998898
16336: 0.998898
16337: 0.998898
16338: 0.998898
16339: 0.998898
16340: 0.998898
16341: 0.998899
16342: 0.998899
16343: 0.998899
16344: 0.998899
16345: 0.998899
16346: 0.998899
16347: 0.998899
16348: 0.998899
16349: 0.998899
16350: 0.998899
16351: 0.998899
16352: 0.998899
16353: 0.998899
16354: 0.998899
16355: 0.998899
16356: 0.9989
16357: 0.9989
16358: 0.9989
16359: 0.9989
16360: 0.9989
16361: 0.9989
16362: 0.9989
16363: 0.9989
16364: 0.9989
16365: 0.9989
16366: 0.9989
16367: 0.9989
16368: 0.9989
16369: 0.9989
16370: 0.9989
16371: 0.998901
16372: 0.998901
16373: 0.998901
16374: 0.998901
16375: 0.998901
16376: 0.998901
16377: 0.998901
16378: 0.998901
16379: 0.998901
16380: 0.998901
16381: 0.998901
16382: 0.998901
16383: 0.998901
16384: 0.998901
16385: 0.998902
16386: 0.998902
16387: 0.998902
16388: 0.998902
16389: 0.998902
16390: 0.998902
16391: 0.998902
16392: 0.998902
16393: 0.998902
16394: 0.998902
16395: 0.998902
16396: 0.998902
16397: 0.998902
16398: 0.998902
16399: 0.998902
16400: 0.998903
16401: 0.998903
16402: 0.998903
16403: 0.998903
16404: 0.998903
16405: 0.998903
16406: 0.998903
16407: 0.998903
16408: 0.998903
16409: 0.998903
16410: 0.998903
16411: 0.998903
16412: 0.998903
16413: 0.998903
16414: 0.998903
16415: 0.998904
16416: 0.998904
16417: 0.998904
16418: 0.998904
16419: 0.998904
16420: 0.998904
16421: 0.998904
16422: 0.998904
16423: 0.998904
16424: 0.998904
16425: 0.998904
16426: 0.998904
16427: 0.998904
16428: 0.998904
16429: 0.998904
16430: 0.998905
16431: 0.998905
16432: 0.998905
16433: 0.998905
16434: 0.998905
16435: 0.998905
16436: 0.998905
16437: 0.998905
16438: 0.998905
16439: 0.998905
16440: 0.998905
16441: 0.998905
16442: 0.998905
16443: 0.998905
16444: 0.998905
16445: 0.998906
16446: 0.998906
16447: 0.998906
16448: 0.998906
16449: 0.998906
16450: 0.998906
16451: 0.998906
16452: 0.998906
16453: 0.998906
16454: 0.998906
16455: 0.998906
16456: 0.998906
16457: 0.998906
16458: 0.998906
16459: 0.998906
16460: 0.998907
16461: 0.998907
16462: 0.998907
16463: 0.998907
16464: 0.998907
16465: 0.998907
16466: 0.998907
16467: 0.998907
16468: 0.998907
16469: 0.998907
16470: 0.998907
16471: 0.998907
16472: 0.998907
16473: 0.998907
16474: 0.998907
16475: 0.998908
16476: 0.998908
16477: 0.998908
16478: 0.998908
16479: 0.998908
16480: 0.998908
16481: 0.998908
16482: 0.998908
16483: 0.998908
16484: 0.998908
16485: 0.998908
16486: 0.998908
16487: 0.998908
16488: 0.998908
16489: 0.998908
16490: 0.998908
16491: 0.998909
16492: 0.998909
16493: 0.998909
16494: 0.998909
16495: 0.998909
16496: 0.998909
16497: 0.998909
16498: 0.998909
16499: 0.998909
16500: 0.998909
16501: 0.998909
16502: 0.998909
16503: 0.998909
16504: 0.998909
16505: 0.998909
16506: 0.99891
16507: 0.99891
16508: 0.99891
16509: 0.99891
16510: 0.99891
16511: 0.99891
16512: 0.99891
16513: 0.99891
16514: 0.99891
16515: 0.99891
16516: 0.99891
16517: 0.99891
16518: 0.99891
16519: 0.99891
16520: 0.99891
16521: 0.998911
16522: 0.998911
16523: 0.998911
16524: 0.998911
16525: 0.998911
16526: 0.998911
16527: 0.998911
16528: 0.998911
16529: 0.998911
16530: 0.998911
16531: 0.998911
16532: 0.998911
16533: 0.998911
16534: 0.998911
16535: 0.998911
16536: 0.998912
16537: 0.998912
16538: 0.998912
16539: 0.998912
16540: 0.998912
16541: 0.998912
16542: 0.998912
16543: 0.998912
16544: 0.998912
16545: 0.998912
16546: 0.998912
16547: 0.998912
16548: 0.998912
16549: 0.998912
16550: 0.998912
16551: 0.998913
16552: 0.998913
16553: 0.998913
16554: 0.998913
16555: 0.998913
16556: 0.998913
16557: 0.998913
16558: 0.998913
16559: 0.998913
16560: 0.998913
16561: 0.998913
16562: 0.998913
16563: 0.998913
16564: 0.998913
16565: 0.998913
16566: 0.998914
16567: 0.998914
16568: 0.998914
16569: 0.998914
16570: 0.998914
16571: 0.998914
16572: 0.998914
16573: 0.998914
16574: 0.998914
16575: 0.998914
16576: 0.998914
16577: 0.998914
16578: 0.998914
16579: 0.998914
16580: 0.998914
16581: 0.998914
16582: 0.998915
16583: 0.998915
16584: 0.998915
16585: 0.998915
16586: 0.998915
16587: 0.998915
16588: 0.998915
16589: 0.998915
16590: 0.998915
16591: 0.998915
16592: 0.998915
16593: 0.998915
16594: 0.998915
16595: 0.998915
16596: 0.998915
16597: 0.998916
16598: 0.998916
16599: 0.998916
16600: 0.998916
16601: 0.998916
16602: 0.998916
16603: 0.998916
16604: 0.998916
16605: 0.998916
16606: 0.998916
16607: 0.998916
16608: 0.998916
16609: 0.998916
16610: 0.998916
16611: 0.998916
16612: 0.998917
16613: 0.998917
16614: 0.998917
16615: 0.998917
16616: 0.998917
16617: 0.998917
16618: 0.998917
16619: 0.998917
16620: 0.998917
16621: 0.998917
16622: 0.998917
16623: 0.998917
16624: 0.998917
16625: 0.998917
16626: 0.998917
16627: 0.998917
16628: 0.998918
16629: 0.998918
16630: 0.998918
16631: 0.998918
16632: 0.998918
16633: 0.998918
16634: 0.998918
16635: 0.998918
16636: 0.998918
16637: 0.998918
16638: 0.998918
16639: 0.998918
16640: 0.998918
16641: 0.998918
16642: 0.998918
16643: 0.998919
16644: 0.998919
16645: 0.998919
16646: 0.998919
16647: 0.998919
16648: 0.998919
16649: 0.998919
16650: 0.998919
16651: 0.998919
16652: 0.998919
16653: 0.998919
16654: 0.998919
16655: 0.998919
16656: 0.998919
16657: 0.998919
16658: 0.99892
16659: 0.99892
16660: 0.99892
16661: 0.99892
16662: 0.99892
16663: 0.99892
16664: 0.99892
16665: 0.99892
16666: 0.99892
16667: 0.99892
16668: 0.99892
16669: 0.99892
16670: 0.99892
16671: 0.99892
16672: 0.99892
16673: 0.99892
16674: 0.998921
16675: 0.998921
16676: 0.998921
16677: 0.998921
16678: 0.998921
16679: 0.998921
16680: 0.998921
16681: 0.998921
16682: 0.998921
16683: 0.998921
16684: 0.998921
16685: 0.998921
16686: 0.998921
16687: 0.998921
16688: 0.998921
16689: 0.998922
16690: 0.998922
16691: 0.998922
16692: 0.998922
16693: 0.998922
16694: 0.998922
16695: 0.998922
16696: 0.998922
16697: 0.998922
16698: 0.998922
16699: 0.998922
16700: 0.998922
16701: 0.998922
16702: 0.998922
16703: 0.998922
16704: 0.998922
16705: 0.998923
16706: 0.998923
16707: 0.998923
16708: 0.998923
16709: 0.998923
16710: 0.998923
16711: 0.998923
16712: 0.998923
16713: 0.998923
16714: 0.998923
16715: 0.998923
16716: 0.998923
16717: 0.998923
16718: 0.998923
16719: 0.998923
16720: 0.998924
16721: 0.998924
16722: 0.998924
16723: 0.998924
16724: 0.998924
16725: 0.998924
16726: 0.998924
16727: 0.998924
16728: 0.998924
16729: 0.998924
16730: 0.998924
16731: 0.998924
16732: 0.998924
16733: 0.998924
16734: 0.998924
16735: 0.998924
16736: 0.998925
16737: 0.998925
16738: 0.998925
16739: 0.998925
16740: 0.998925
16741: 0.998925
16742: 0.998925
16743: 0.998925
16744: 0.998925
16745: 0.998925
16746: 0.998925
16747: 0.998925
16748: 0.998925
16749: 0.998925
16750: 0.998925
16751: 0.998926
16752: 0.998926
16753: 0.998926
16754: 0.998926
16755: 0.998926
16756: 0.998926
16757: 0.998926
16758: 0.998926
16759: 0.998926
16760: 0.998926
16761: 0.998926
16762: 0.998926
16763: 0.998926
16764: 0.998926
16765: 0.998926
16766: 0.998926
16767: 0.998927
16768: 0.998927
16769: 0.998927
16770: 0.998927
16771: 0.998927
16772: 0.998927
16773: 0.998927
16774: 0.998927
16775: 0.998927
16776: 0.998927
16777: 0.998927
16778: 0.998927
16779: 0.998927
16780: 0.998927
16781: 0.998927
16782: 0.998927
16783: 0.998928
16784: 0.998928
16785: 0.998928
16786: 0.998928
16787: 0.998928
16788: 0.998928
16789: 0.998928
16790: 0.998928
16791: 0.998928
16792: 0.998928
16793: 0.998928
16794: 0.998928
16795: 0.998928
16796: 0.998928
16797: 0.998928
16798: 0.998929
16799: 0.998929
16800: 0.998929
16801: 0.998929
16802: 0.998929
16803: 0.998929
16804: 0.998929
16805: 0.998929
16806: 0.998929
16807: 0.998929
16808: 0.998929
16809: 0.998929
16810: 0.998929
16811: 0.998929
16812: 0.998929
16813: 0.998929
16814: 0.99893
16815: 0.99893
16816: 0.99893
16817: 0.99893
16818: 0.99893
16819: 0.99893
16820: 0.99893
16821: 0.99893
16822: 0.99893
16823: 0.99893
16824: 0.99893
16825: 0.99893
16826: 0.99893
16827: 0.99893
16828: 0.99893
16829: 0.99893
16830: 0.998931
16831: 0.998931
16832: 0.998931
16833: 0.998931
16834: 0.998931
16835: 0.998931
16836: 0.998931
16837: 0.998931
16838: 0.998931
16839: 0.998931
16840: 0.998931
16841: 0.998931
16842: 0.998931
16843: 0.998931
16844: 0.998931
16845: 0.998931
16846: 0.998932
16847: 0.998932
16848: 0.998932
16849: 0.998932
16850: 0.998932
16851: 0.998932
16852: 0.998932
16853: 0.998932
16854: 0.998932
16855: 0.998932
16856: 0.998932
16857: 0.998932
16858: 0.998932
16859: 0.998932
16860: 0.998932
16861: 0.998933
16862: 0.998933
16863: 0.998933
16864: 0.998933
16865: 0.998933
16866: 0.998933
16867: 0.998933
16868: 0.998933
16869: 0.998933
16870: 0.998933
16871: 0.998933
16872: 0.998933
16873: 0.998933
16874: 0.998933
16875: 0.998933
16876: 0.998933
16877: 0.998934
16878: 0.998934
16879: 0.998934
16880: 0.998934
16881: 0.998934
16882: 0.998934
16883: 0.998934
16884: 0.998934
16885: 0.998934
16886: 0.998934
16887: 0.998934
16888: 0.998934
16889: 0.998934
16890: 0.998934
16891: 0.998934
16892: 0.998934
16893: 0.998935
16894: 0.998935
16895: 0.998935
16896: 0.998935
16897: 0.998935
16898: 0.998935
16899: 0.998935
16900: 0.998935
16901: 0.998935
16902: 0.998935
16903: 0.998935
16904: 0.998935
16905: 0.998935
16906: 0.998935
16907: 0.998935
16908: 0.998935
16909: 0.998936
16910: 0.998936
16911: 0.998936
16912: 0.998936
16913: 0.998936
16914: 0.998936
16915: 0.998936
16916: 0.998936
16917: 0.998936
16918: 0.998936
16919: 0.998936
16920: 0.998936
16921: 0.998936
16922: 0.998936
16923: 0.998936
16924: 0.998936
16925: 0.998937
16926: 0.998937
16927: 0.998937
16928: 0.998937
16929: 0.998937
16930: 0.998937
16931: 0.998937
16932: 0.998937
16933: 0.998937
16934: 0.998937
16935: 0.998937
16936: 0.998937
16937: 0.998937
16938: 0.998937
16939: 0.998937
16940: 0.998937
16941: 0.998938
16942: 0.998938
16943: 0.998938
16944: 0.998938
16945: 0.998938
16946: 0.998938
16947: 0.998938
16948: 0.998938
16949: 0.998938
16950: 0.998938
16951: 0.998938
16952: 0.998938
16953: 0.998938
16954: 0.998938
16955: 0.998938
16956: 0.998938
16957: 0.998939
16958: 0.998939
16959: 0.998939
16960: 0.998939
16961: 0.998939
16962: 0.998939
16963: 0.998939
16964: 0.998939
16965: 0.998939
16966: 0.998939
16967: 0.998939
16968: 0.998939
16969: 0.998939
16970: 0.998939
16971: 0.998939
16972: 0.998939
16973: 0.99894
16974: 0.99894
16975: 0.99894
16976: 0.99894
16977: 0.99894
16978: 0.99894
16979: 0.99894
16980: 0.99894
16981: 0.99894
16982: 0.99894
16983: 0.99894
16984: 0.99894
16985: 0.99894
16986: 0.99894
16987: 0.99894
16988: 0.99894
16989: 0.998941
16990: 0.998941
16991: 0.998941
16992: 0.998941
16993: 0.998941
16994: 0.998941
16995: 0.998941
16996: 0.998941
16997: 0.998941
16998: 0.998941
16999: 0.998941
17000: 0.998941
17001: 0.998941
17002: 0.998941
17003: 0.998941
17004: 0.998941
17005: 0.998942
17006: 0.998942
17007: 0.998942
17008: 0.998942
17009: 0.998942
17010: 0.998942
17011: 0.998942
17012: 0.998942
17013: 0.998942
17014: 0.998942
17015: 0.998942
17016: 0.998942
17017: 0.998942
17018: 0.998942
17019: 0.998942
17020: 0.998942
17021: 0.998943
17022: 0.998943
17023: 0.998943
17024: 0.998943
17025: 0.998943
17026: 0.998943
17027: 0.998943
17028: 0.998943
17029: 0.998943
17030: 0.998943
17031: 0.998943
17032: 0.998943
17033: 0.998943
17034: 0.998943
17035: 0.998943
17036: 0.998943
17037: 0.998944
17038: 0.998944
17039: 0.998944
17040: 0.998944
17041: 0.998944
17042: 0.998944
17043: 0.998944
17044: 0.998944
17045: 0.998944
17046: 0.998944
17047: 0.998944
17048: 0.998944
17049: 0.998944
17050: 0.998944
17051: 0.998944
17052: 0.998944
17053: 0.998945
17054: 0.998945
17055: 0.998945
17056: 0.998945
17057: 0.998945
17058: 0.998945
17059: 0.998945
17060: 0.998945
17061: 0.998945
17062: 0.998945
17063: 0.998945
17064: 0.998945
17065: 0.998945
17066: 0.998945
17067: 0.998945
17068: 0.998945
17069: 0.998946
17070: 0.998946
17071: 0.998946
17072: 0.998946
17073: 0.998946
17074: 0.998946
17075: 0.998946
17076: 0.998946
17077: 0.998946
17078: 0.998946
17079: 0.998946
17080: 0.998946
17081: 0.998946
17082: 0.998946
17083: 0.998946
17084: 0.998946
17085: 0.998947
17086: 0.998947
17087: 0.998947
17088: 0.998947
17089: 0.998947
17090: 0.998947
17091: 0.998947
17092: 0.998947
17093: 0.998947
17094: 0.998947
17095: 0.998947
17096: 0.998947
17097: 0.998947
17098: 0.998947
17099: 0.998947
17100: 0.998947
17101: 0.998947
17102: 0.998948
17103: 0.998948
17104: 0.998948
17105: 0.998948
17106: 0.998948
17107: 0.998948
17108: 0.998948
17109: 0.998948
17110: 0.998948
17111: 0.998948
17112: 0.998948
17113: 0.998948
17114: 0.998948
17115: 0.998948
17116: 0.998948
17117: 0.998948
17118: 0.998949
17119: 0.998949
17120: 0.998949
17121: 0.998949
17122: 0.998949
17123: 0.998949
17124: 0.998949
17125: 0.998949
17126: 0.998949
17127: 0.998949
17128: 0.998949
17129: 0.998949
17130: 0.998949
17131: 0.998949
17132: 0.998949
17133: 0.998949
17134: 0.99895
17135: 0.99895
17136: 0.99895
17137: 0.99895
17138: 0.99895
17139: 0.99895
17140: 0.99895
17141: 0.99895
17142: 0.99895
17143: 0.99895
17144: 0.99895
17145: 0.99895
17146: 0.99895
17147: 0.99895
17148: 0.99895
17149: 0.99895
17150: 0.99895
17151: 0.998951
17152: 0.998951
17153: 0.998951
17154: 0.998951
17155: 0.998951
17156: 0.998951
17157: 0.998951
17158: 0.998951
17159: 0.998951
17160: 0.998951
17161: 0.998951
17162: 0.998951
17163: 0.998951
17164: 0.998951
17165: 0.998951
17166: 0.998951
17167: 0.998952
17168: 0.998952
17169: 0.998952
17170: 0.998952
17171: 0.998952
17172: 0.998952
17173: 0.998952
17174: 0.998952
17175: 0.998952
17176: 0.998952
17177: 0.998952
17178: 0.998952
17179: 0.998952
17180: 0.998952
17181: 0.998952
17182: 0.998952
17183: 0.998953
17184: 0.998953
17185: 0.998953
17186: 0.998953
17187: 0.998953
17188: 0.998953
17189: 0.998953
17190: 0.998953
17191: 0.998953
17192: 0.998953
17193: 0.998953
17194: 0.998953
17195: 0.998953
17196: 0.998953
17197: 0.998953
17198: 0.998953
17199: 0.998953
17200: 0.998954
17201: 0.998954
17202: 0.998954
17203: 0.998954
17204: 0.998954
17205: 0.998954
17206: 0.998954
17207: 0.998954
17208: 0.998954
17209: 0.998954
17210: 0.998954
17211: 0.998954
17212: 0.998954
17213: 0.998954
17214: 0.998954
17215: 0.998954
17216: 0.998955
17217: 0.998955
17218: 0.998955
17219: 0.998955
17220: 0.998955
17221: 0.998955
17222: 0.998955
17223: 0.998955
17224: 0.998955
17225: 0.998955
17226: 0.998955
17227: 0.998955
17228: 0.998955
17229: 0.998955
17230: 0.998955
17231: 0.998955
17232: 0.998955
17233: 0.998956
17234: 0.998956
17235: 0.998956
17236: 0.998956
17237: 0.998956
17238: 0.998956
17239: 0.998956
17240: 0.998956
17241: 0.998956
17242: 0.998956
17243: 0.998956
17244: 0.998956
17245: 0.998956
17246: 0.998956
17247: 0.998956
17248: 0.998956
17249: 0.998957
17250: 0.998957
17251: 0.998957
17252: 0.998957
17253: 0.998957
17254: 0.998957
17255: 0.998957
17256: 0.998957
17257: 0.998957
17258: 0.998957
17259: 0.998957
17260: 0.998957
17261: 0.998957
17262: 0.998957
17263: 0.998957
17264: 0.998957
17265: 0.998957
17266: 0.998958
17267: 0.998958
17268: 0.998958
17269: 0.998958
17270: 0.998958
17271: 0.998958
17272: 0.998958
17273: 0.998958
17274: 0.998958
17275: 0.998958
17276: 0.998958
17277: 0.998958
17278: 0.998958
17279: 0.998958
17280: 0.998958
17281: 0.998958
17282: 0.998959
17283: 0.998959
17284: 0.998959
17285: 0.998959
17286: 0.998959
17287: 0.998959
17288: 0.998959
17289: 0.998959
17290: 0.998959
17291: 0.998959
17292: 0.998959
17293: 0.998959
17294: 0.998959
17295: 0.998959
17296: 0.998959
17297: 0.998959
17298: 0.998959
17299: 0.99896
17300: 0.99896
17301: 0.99896
17302: 0.99896
17303: 0.99896
17304: 0.99896
17305: 0.99896
17306: 0.99896
17307: 0.99896
17308: 0.99896
17309: 0.99896
17310: 0.99896
17311: 0.99896
17312: 0.99896
17313: 0.99896
17314: 0.99896
17315: 0.99896
17316: 0.998961
17317: 0.998961
17318: 0.998961
17319: 0.998961
17320: 0.998961
17321: 0.998961
17322: 0.998961
17323: 0.998961
17324: 0.998961
17325: 0.998961
17326: 0.998961
17327: 0.998961
17328: 0.998961
17329: 0.998961
17330: 0.998961
17331: 0.998961
17332: 0.998962
17333: 0.998962
17334: 0.998962
17335: 0.998962
17336: 0.998962
17337: 0.998962
17338: 0.998962
17339: 0.998962
17340: 0.998962
17341: 0.998962
17342: 0.998962
17343: 0.998962
17344: 0.998962
17345: 0.998962
17346: 0.998962
17347: 0.998962
17348: 0.998962
17349: 0.998963
17350: 0.998963
17351: 0.998963
17352: 0.998963
17353: 0.998963
17354: 0.998963
17355: 0.998963
17356: 0.998963
17357: 0.998963
17358: 0.998963
17359: 0.998963
17360: 0.998963
17361: 0.998963
17362: 0.998963
17363: 0.998963
17364: 0.998963
17365: 0.998963
17366: 0.998964
17367: 0.998964
17368: 0.998964
17369: 0.998964
17370: 0.998964
17371: 0.998964
17372: 0.998964
17373: 0.998964
17374: 0.998964
17375: 0.998964
17376: 0.998964
17377: 0.998964
17378: 0.998964
17379: 0.998964
17380: 0.998964
17381: 0.998964
17382: 0.998965
17383: 0.998965
17384: 0.998965
17385: 0.998965
17386: 0.998965
17387: 0.998965
17388: 0.998965
17389: 0.998965
17390: 0.998965
17391: 0.998965
17392: 0.998965
17393: 0.998965
17394: 0.998965
17395: 0.998965
17396: 0.998965
17397: 0.998965
17398: 0.998965
17399: 0.998966
17400: 0.998966
17401: 0.998966
17402: 0.998966
17403: 0.998966
17404: 0.998966
17405: 0.998966
17406: 0.998966
17407: 0.998966
17408: 0.998966
17409: 0.998966
17410: 0.998966
17411: 0.998966
17412: 0.998966
17413: 0.998966
17414: 0.998966
17415: 0.998966
17416: 0.998967
17417: 0.998967
17418: 0.998967
17419: 0.998967
17420: 0.998967
17421: 0.998967
17422: 0.998967
17423: 0.998967
17424: 0.998967
17425: 0.998967
17426: 0.998967
17427: 0.998967
17428: 0.998967
17429: 0.998967
17430: 0.998967
17431: 0.998967
17432: 0.998967
17433: 0.998968
17434: 0.998968
17435: 0.998968
17436: 0.998968
17437: 0.998968
17438: 0.998968
17439: 0.998968
17440: 0.998968
17441: 0.998968
17442: 0.998968
17443: 0.998968
17444: 0.998968
17445: 0.998968
17446: 0.998968
17447: 0.998968
17448: 0.998968
17449: 0.998968
17450: 0.998969
17451: 0.998969
17452: 0.998969
17453: 0.998969
17454: 0.998969
17455: 0.998969
17456: 0.998969
17457: 0.998969
17458: 0.998969
17459: 0.998969
17460: 0.998969
17461: 0.998969
17462: 0.998969
17463: 0.998969
17464: 0.998969
17465: 0.998969
17466: 0.998969
17467: 0.99897
17468: 0.99897
17469: 0.99897
17470: 0.99897
17471: 0.99897
17472: 0.99897
17473: 0.99897
17474: 0.99897
17475: 0.99897
17476: 0.99897
17477: 0.99897
17478: 0.99897
17479: 0.99897
17480: 0.99897
17481: 0.99897
17482: 0.99897
17483: 0.99897
17484: 0.998971
17485: 0.998971
17486: 0.998971
17487: 0.998971
17488: 0.998971
17489: 0.998971
17490: 0.998971
17491: 0.998971
17492: 0.998971
17493: 0.998971
17494: 0.998971
17495: 0.998971
17496: 0.998971
17497: 0.998971
17498: 0.998971
17499: 0.998971
17500: 0.998971
17501: 0.998972
17502: 0.998972
17503: 0.998972
17504: 0.998972
17505: 0.998972
17506: 0.998972
17507: 0.998972
17508: 0.998972
17509: 0.998972
17510: 0.998972
17511: 0.998972
17512: 0.998972
17513: 0.998972
17514: 0.998972
17515: 0.998972
17516: 0.998972
17517: 0.998972
17518: 0.998973
17519: 0.998973
17520: 0.998973
17521: 0.998973
17522: 0.998973
17523: 0.998973
17524: 0.998973
17525: 0.998973
17526: 0.998973
17527: 0.998973
17528: 0.998973
17529: 0.998973
17530: 0.998973
17531: 0.998973
17532: 0.998973
17533: 0.998973
17534: 0.998973
17535: 0.998974
17536: 0.998974
17537: 0.998974
17538: 0.998974
17539: 0.998974
17540: 0.998974
17541: 0.998974
17542: 0.998974
17543: 0.998974
17544: 0.998974
17545: 0.998974
17546: 0.998974
17547: 0.998974
17548: 0.998974
17549: 0.998974
17550: 0.998974
17551: 0.998974
17552: 0.998975
17553: 0.998975
17554: 0.998975
17555: 0.998975
17556: 0.998975
17557: 0.998975
17558: 0.998975
17559: 0.998975
17560: 0.998975
17561: 0.998975
17562: 0.998975
17563: 0.998975
17564: 0.998975
17565: 0.998975
17566: 0.998975
17567: 0.998975
17568: 0.998975
17569: 0.998976
17570: 0.998976
17571: 0.998976
17572: 0.998976
17573: 0.998976
17574: 0.998976
17575: 0.998976
17576: 0.998976
17577: 0.998976
17578: 0.998976
17579: 0.998976
17580: 0.998976
17581: 0.998976
17582: 0.998976
17583: 0.998976
17584: 0.998976
17585: 0.998976
17586: 0.998977
17587: 0.998977
17588: 0.998977
17589: 0.998977
17590: 0.998977
17591: 0.998977
17592: 0.998977
17593: 0.998977
17594: 0.998977
17595: 0.998977
17596: 0.998977
17597: 0.998977
17598: 0.998977
17599: 0.998977
17600: 0.998977
17601: 0.998977
17602: 0.998977
17603: 0.998978
17604: 0.998978
17605: 0.998978
17606: 0.998978
17607: 0.998978
17608: 0.998978
17609: 0.998978
17610: 0.998978
17611: 0.998978
17612: 0.998978
17613: 0.998978
17614: 0.998978
17615: 0.998978
17616: 0.998978
17617: 0.998978
17618: 0.998978
17619: 0.998978
17620: 0.998978
17621: 0.998979
17622: 0.998979
17623: 0.998979
17624: 0.998979
17625: 0.998979
17626: 0.998979
17627: 0.998979
17628: 0.998979
17629: 0.998979
17630: 0.998979
17631: 0.998979
17632: 0.998979
17633: 0.998979
17634: 0.998979
17635: 0.998979
17636: 0.998979
17637: 0.998979
17638: 0.99898
17639: 0.99898
17640: 0.99898
17641: 0.99898
17642: 0.99898
17643: 0.99898
17644: 0.99898
17645: 0.99898
17646: 0.99898
17647: 0.99898
17648: 0.99898
17649: 0.99898
17650: 0.99898
17651: 0.99898
17652: 0.99898
17653: 0.99898
17654: 0.99898
17655: 0.998981
17656: 0.998981
17657: 0.998981
17658: 0.998981
17659: 0.998981
17660: 0.998981
17661: 0.998981
17662: 0.998981
17663: 0.998981
17664: 0.998981
17665: 0.998981
17666: 0.998981
17667: 0.998981
17668: 0.998981
17669: 0.998981
17670: 0.998981
17671: 0.998981
17672: 0.998981
17673: 0.998982
17674: 0.998982
17675: 0.998982
17676: 0.998982
17677: 0.998982
17678: 0.998982
17679: 0.998982
17680: 0.998982
17681: 0.998982
17682: 0.998982
17683: 0.998982
17684: 0.998982
17685: 0.998982
17686: 0.998982
17687: 0.998982
17688: 0.998982
17689: 0.998982
17690: 0.998983
17691: 0.998983
17692: 0.998983
17693: 0.998983
17694: 0.998983
17695: 0.998983
17696: 0.998983
17697: 0.998983
17698: 0.998983
17699: 0.998983
17700: 0.998983
17701: 0.998983
17702: 0.998983
17703: 0.998983
17704: 0.998983
17705: 0.998983
17706: 0.998983
17707: 0.998984
17708: 0.998984
17709: 0.998984
17710: 0.998984
17711: 0.998984
17712: 0.998984
17713: 0.998984
17714: 0.998984
17715: 0.998984
17716: 0.998984
17717: 0.998984
17718: 0.998984
17719: 0.998984
17720: 0.998984
17721: 0.998984
17722: 0.998984
17723: 0.998984
17724: 0.998984
17725: 0.998985
17726: 0.998985
17727: 0.998985
17728: 0.998985
17729: 0.998985
17730: 0.998985
17731: 0.998985
17732: 0.998985
17733: 0.998985
17734: 0.998985
17735: 0.998985
17736: 0.998985
17737: 0.998985
17738: 0.998985
17739: 0.998985
17740: 0.998985
17741: 0.998985
17742: 0.998986
17743: 0.998986
17744: 0.998986
17745: 0.998986
17746: 0.998986
17747: 0.998986
17748: 0.998986
17749: 0.998986
17750: 0.998986
17751: 0.998986
17752: 0.998986
17753: 0.998986
17754: 0.998986
17755: 0.998986
17756: 0.998986
17757: 0.998986
17758: 0.998986
17759: 0.998986
17760: 0.998987
17761: 0.998987
17762: 0.998987
17763: 0.998987
17764: 0.998987
17765: 0.998987
17766: 0.998987
17767: 0.998987
17768: 0.998987
17769: 0.998987
17770: 0.998987
17771: 0.998987
17772: 0.998987
17773: 0.998987
17774: 0.998987
17775: 0.998987
17776: 0.998987
17777: 0.998988
17778: 0.998988
17779: 0.998988
17780: 0.998988
17781: 0.998988
17782: 0.998988
17783: 0.998988
17784: 0.998988
17785: 0.998988
17786: 0.998988
17787: 0.998988
17788: 0.998988
17789: 0.998988
17790: 0.998988
17791: 0.998988
17792: 0.998988
17793: 0.998988
17794: 0.998988
17795: 0.998989
17796: 0.998989
17797: 0.998989
17798: 0.998989
17799: 0.998989
17800: 0.998989
17801: 0.998989
17802: 0.998989
17803: 0.998989
17804: 0.998989
17805: 0.998989
17806: 0.998989
17807: 0.998989
17808: 0.998989
17809: 0.998989
17810: 0.998989
17811: 0.998989
17812: 0.99899
17813: 0.99899
17814: 0.99899
17815: 0.99899
17816: 0.99899
17817: 0.99899
17818: 0.99899
17819: 0.99899
17820: 0.99899
17821: 0.99899
17822: 0.99899
17823: 0.99899
17824: 0.99899
17825: 0.99899
17826: 0.99899
17827: 0.99899
17828: 0.99899
17829: 0.99899
17830: 0.998991
17831: 0.998991
17832: 0.998991
17833: 0.998991
17834: 0.998991
17835: 0.998991
17836: 0.998991
17837: 0.998991
17838: 0.998991
17839: 0.998991
17840: 0.998991
17841: 0.998991
17842: 0.998991
17843: 0.998991
17844: 0.998991
17845: 0.998991
17846: 0.998991
17847: 0.998991
17848: 0.998992
17849: 0.998992
17850: 0.998992
17851: 0.998992
17852: 0.998992
17853: 0.998992
17854: 0.998992
17855: 0.998992
17856: 0.998992
17857: 0.998992
17858: 0.998992
17859: 0.998992
17860: 0.998992
17861: 0.998992
17862: 0.998992
17863: 0.998992
17864: 0.998992
17865: 0.998992
17866: 0.998993
17867: 0.998993
17868: 0.998993
17869: 0.998993
17870: 0.998993
17871: 0.998993
17872: 0.998993
17873: 0.998993
17874: 0.998993
17875: 0.998993
17876: 0.998993
17877: 0.998993
17878: 0.998993
17879: 0.998993
17880: 0.998993
17881: 0.998993
17882: 0.998993
17883: 0.998994
17884: 0.998994
17885: 0.998994
17886: 0.998994
17887: 0.998994
17888: 0.998994
17889: 0.998994
17890: 0.998994
17891: 0.998994
17892: 0.998994
17893: 0.998994
17894: 0.998994
17895: 0.998994
17896: 0.998994
17897: 0.998994
17898: 0.998994
17899: 0.998994
17900: 0.998994
17901: 0.998995
17902: 0.998995
17903: 0.998995
17904: 0.998995
17905: 0.998995
17906: 0.998995
17907: 0.998995
17908: 0.998995
17909: 0.998995
17910: 0.998995
17911: 0.998995
17912: 0.998995
17913: 0.998995
17914: 0.998995
17915: 0.998995
17916: 0.998995
17917: 0.998995
17918: 0.998995
17919: 0.998996
17920: 0.998996
17921: 0.998996
17922: 0.998996
17923: 0.998996
17924: 0.998996
17925: 0.998996
17926: 0.998996
17927: 0.998996
17928: 0.998996
17929: 0.998996
17930: 0.998996
17931: 0.998996
17932: 0.998996
17933: 0.998996
17934: 0.998996
17935: 0.998996
17936: 0.998996
17937: 0.998997
17938: 0.998997
17939: 0.998997
17940: 0.998997
17941: 0.998997
17942: 0.998997
17943: 0.998997
17944: 0.998997
17945: 0.998997
17946: 0.998997
17947: 0.998997
17948: 0.998997
17949: 0.998997
17950: 0.998997
17951: 0.998997
17952: 0.998997
17953: 0.998997
17954: 0.998997
17955: 0.998998
17956: 0.998998
17957: 0.998998
17958: 0.998998
17959: 0.998998
17960: 0.998998
17961: 0.998998
17962: 0.998998
17963: 0.998998
17964: 0.998998
17965: 0.998998
17966: 0.998998
17967: 0.998998
17968: 0.998998
17969: 0.998998
17970: 0.998998
17971: 0.998998
17972: 0.998998
17973: 0.998999
17974: 0.998999
17975: 0.998999
17976: 0.998999
17977: 0.998999
17978: 0.998999
17979: 0.998999
17980: 0.998999
17981: 0.998999
17982: 0.998999
17983: 0.998999
17984: 0.998999
17985: 0.998999
17986: 0.998999
17987: 0.998999
17988: 0.998999
17989: 0.998999
17990: 0.998999
17991: 0.999
17992: 0.999
17993: 0.999
17994: 0.999
17995: 0.999
17996: 0.999
17997: 0.999
17998: 0.999
17999: 0.999
18000: 0.999
18001: 0.999
18002: 0.999
18003: 0.999
18004: 0.999
18005: 0.999
18006: 0.999
18007: 0.999
18008: 0.999
18009: 0.999001
18010: 0.999001
18011: 0.999001
18012: 0.999001
18013: 0.999001
18014: 0.999001
18015: 0.999001
18016: 0.999001
18017: 0.999001
18018: 0.999001
18019: 0.999001
18020: 0.999001
18021: 0.999001
18022: 0.999001
18023: 0.999001
18024: 0.999001
18025: 0.999001
18026: 0.999001
18027: 0.999002
18028: 0.999002
18029: 0.999002
18030: 0.999002
18031: 0.999002
18032: 0.999002
18033: 0.999002
18034: 0.999002
18035: 0.999002
18036: 0.999002
18037: 0.999002
18038: 0.999002
18039: 0.999002
18040: 0.999002
18041: 0.999002
18042: 0.999002
18043: 0.999002
18044: 0.999002
18045: 0.999003
18046: 0.999003
18047: 0.999003
18048: 0.999003
18049: 0.999003
18050: 0.999003
18051: 0.999003
18052: 0.999003
18053: 0.999003
18054: 0.999003
18055: 0.999003
18056: 0.999003
18057: 0.999003
18058: 0.999003
18059: 0.999003
18060: 0.999003
18061: 0.999003
18062: 0.999003
18063: 0.999004
18064: 0.999004
18065: 0.999004
18066: 0.999004
18067: 0.999004
18068: 0.999004
18069: 0.999004
18070: 0.999004
18071: 0.999004
18072: 0.999004
18073: 0.999004
18074: 0.999004
18075: 0.999004
18076: 0.999004
18077: 0.999004
18078: 0.999004
18079: 0.999004
18080: 0.999004
18081: 0.999005
18082: 0.999005
18083: 0.999005
18084: 0.999005
18085: 0.999005
18086: 0.999005
18087: 0.999005
18088: 0.999005
18089: 0.999005
18090: 0.999005
18091: 0.999005
18092: 0.999005
18093: 0.999005
18094: 0.999005
18095: 0.999005
18096: 0.999005
18097: 0.999005
18098: 0.999005
18099: 0.999006
18100: 0.999006
18101: 0.999006
18102: 0.999006
18103: 0.999006
18104: 0.999006
18105: 0.999006
18106: 0.999006
18107: 0.999006
18108: 0.999006
18109: 0.999006
18110: 0.999006
18111: 0.999006
18112: 0.999006
18113: 0.999006
18114: 0.999006
18115: 0.999006
18116: 0.999006
18117: 0.999007
18118: 0.999007
18119: 0.999007
18120: 0.999007
18121: 0.999007
18122: 0.999007
18123: 0.999007
18124: 0.999007
18125: 0.999007
18126: 0.999007
18127: 0.999007
18128: 0.999007
18129: 0.999007
18130: 0.999007
18131: 0.999007
18132: 0.999007
18133: 0.999007
18134: 0.999007
18135: 0.999007
18136: 0.999008
18137: 0.999008
18138: 0.999008
18139: 0.999008
18140: 0.999008
18141: 0.999008
18142: 0.999008
18143: 0.999008
18144: 0.999008
18145: 0.999008
18146: 0.999008
18147: 0.999008
18148: 0.999008
18149: 0.999008
18150: 0.999008
18151: 0.999008
18152: 0.999008
18153: 0.999008
18154: 0.999009
18155: 0.999009
18156: 0.999009
18157: 0.999009
18158: 0.999009
18159: 0.999009
18160: 0.999009
18161: 0.999009
18162: 0.999009
18163: 0.999009
18164: 0.999009
18165: 0.999009
18166: 0.999009
18167: 0.999009
18168: 0.999009
18169: 0.999009
18170: 0.999009
18171: 0.999009
18172: 0.99901
18173: 0.99901
18174: 0.99901
18175: 0.99901
18176: 0.99901
18177: 0.99901
18178: 0.99901
18179: 0.99901
18180: 0.99901
18181: 0.99901
18182: 0.99901
18183: 0.99901
18184: 0.99901
18185: 0.99901
18186: 0.99901
18187: 0.99901
18188: 0.99901
18189: 0.99901
18190: 0.99901
18191: 0.999011
18192: 0.999011
18193: 0.999011
18194: 0.999011
18195: 0.999011
18196: 0.999011
18197: 0.999011
18198: 0.999011
18199: 0.999011
18200: 0.999011
18201: 0.999011
18202: 0.999011
18203: 0.999011
18204: 0.999011
18205: 0.999011
18206: 0.999011
18207: 0.999011
18208: 0.999011
18209: 0.999012
18210: 0.999012
18211: 0.999012
18212: 0.999012
18213: 0.999012
18214: 0.999012
18215: 0.999012
18216: 0.999012
18217: 0.999012
18218: 0.999012
18219: 0.999012
18220: 0.999012
18221: 0.999012
18222: 0.999012
18223: 0.999012
18224: 0.999012
18225: 0.999012
18226: 0.999012
18227: 0.999013
18228: 0.999013
18229: 0.999013
18230: 0.999013
18231: 0.999013
18232: 0.999013
18233: 0.999013
18234: 0.999013
18235: 0.999013
18236: 0.999013
18237: 0.999013
18238: 0.999013
18239: 0.999013
18240: 0.999013
18241: 0.999013
18242: 0.999013
18243: 0.999013
18244: 0.999013
18245: 0.999013
18246: 0.999014
18247: 0.999014
18248: 0.999014
18249: 0.999014
18250: 0.999014
18251: 0.999014
18252: 0.999014
18253: 0.999014
18254: 0.999014
18255: 0.999014
18256: 0.999014
18257: 0.999014
18258: 0.999014
18259: 0.999014
18260: 0.999014
18261: 0.999014
18262: 0.999014
18263: 0.999014
18264: 0.999015
18265: 0.999015
18266: 0.999015
18267: 0.999015
18268: 0.999015
18269: 0.999015
18270: 0.999015
18271: 0.999015
18272: 0.999015
18273: 0.999015
18274: 0.999015
18275: 0.999015
18276: 0.999015
18277: 0.999015
18278: 0.999015
18279: 0.999015
18280: 0.999015
18281: 0.999015
18282: 0.999015
18283: 0.999016
18284: 0.999016
18285: 0.999016
18286: 0.999016
18287: 0.999016
18288: 0.999016
18289: 0.999016
18290: 0.999016
18291: 0.999016
18292: 0.999016
18293: 0.999016
18294: 0.999016
18295: 0.999016
18296: 0.999016
18297: 0.999016
18298: 0.999016
18299: 0.999016
18300: 0.999016
18301: 0.999017
18302: 0.999017
18303: 0.999017
18304: 0.999017
18305: 0.999017
18306: 0.999017
18307: 0.999017
18308: 0.999017
18309: 0.999017
18310: 0.999017
18311: 0.999017
18312: 0.999017
18313: 0.999017
18314: 0.999017
18315: 0.999017
18316: 0.999017
18317: 0.999017
18318: 0.999017
18319: 0.999017
18320: 0.999018
18321: 0.999018
18322: 0.999018
18323: 0.999018
18324: 0.999018
18325: 0.999018
18326: 0.999018
18327: 0.999018
18328: 0.999018
18329: 0.999018
18330: 0.999018
18331: 0.999018
18332: 0.999018
18333: 0.999018
18334: 0.999018
18335: 0.999018
18336: 0.999018
18337: 0.999018
18338: 0.999018
18339: 0.999019
18340: 0.999019
18341: 0.999019
18342: 0.999019
18343: 0.999019
18344: 0.999019
18345: 0.999019
18346: 0.999019
18347: 0.999019
18348: 0.999019
18349: 0.999019
18350: 0.999019
18351: 0.999019
18352: 0.999019
18353: 0.999019
18354: 0.999019
18355: 0.999019
18356: 0.999019
18357: 0.99902
18358: 0.99902
18359: 0.99902
18360: 0.99902
18361: 0.99902
18362: 0.99902
18363: 0.99902
18364: 0.99902
18365: 0.99902
18366: 0.99902
18367: 0.99902
18368: 0.99902
18369: 0.99902
18370: 0.99902
18371: 0.99902
18372: 0.99902
18373: 0.99902
18374: 0.99902
18375: 0.99902
18376: 0.999021
18377: 0.999021
18378: 0.999021
18379: 0.999021
18380: 0.999021
18381: 0.999021
18382: 0.999021
18383: 0.999021
18384: 0.999021
18385: 0.999021
18386: 0.999021
18387: 0.999021
18388: 0.999021
18389: 0.999021
18390: 0.999021
18391: 0.999021
18392: 0.999021
18393: 0.999021
18394: 0.999021
18395: 0.999022
18396: 0.999022
18397: 0.999022
18398: 0.999022
18399: 0.999022
18400: 0.999022
18401: 0.999022
18402: 0.999022
18403: 0.999022
18404: 0.999022
18405: 0.999022
18406: 0.999022
18407: 0.999022
18408: 0.999022
18409: 0.999022
18410: 0.999022
18411: 0.999022
18412: 0.999022
18413: 0.999022
18414: 0.999023
18415: 0.999023
18416: 0.999023
18417: 0.999023
18418: 0.999023
18419: 0.999023
18420: 0.999023
18421: 0.999023
18422: 0.999023
18423: 0.999023
18424: 0.999023
18425: 0.999023
18426: 0.999023
18427: 0.999023
18428: 0.999023
18429: 0.999023
18430: 0.999023
18431: 0.999023
18432: 0.999023
18433: 0.999024
18434: 0.999024
18435: 0.999024
18436: 0.999024
18437: 0.999024
18438: 0.999024
18439: 0.999024
18440: 0.999024
18441: 0.999024
18442: 0.999024
18443: 0.999024
18444: 0.999024
18445: 0.999024
18446: 0.999024
18447: 0.999024
18448: 0.999024
18449: 0.999024
18450: 0.999024
18451: 0.999024
18452: 0.999025
18453: 0.999025
18454: 0.999025
18455: 0.999025
18456: 0.999025
18457: 0.999025
18458: 0.999025
18459: 0.999025
18460: 0.999025
18461: 0.999025
18462: 0.999025
18463: 0.999025
18464: 0.999025
18465: 0.999025
18466: 0.999025
18467: 0.999025
18468: 0.999025
18469: 0.999025
18470: 0.999025
18471: 0.999026
18472: 0.999026
18473: 0.999026
18474: 0.999026
18475: 0.999026
18476: 0.999026
18477: 0.999026
18478: 0.999026
18479: 0.999026
18480: 0.999026
18481: 0.999026
18482: 0.999026
18483: 0.999026
18484: 0.999026
18485: 0.999026
18486: 0.999026
18487: 0.999026
18488: 0.999026
18489: 0.999027
18490: 0.999027
18491: 0.999027
18492: 0.999027
18493: 0.999027
18494: 0.999027
18495: 0.999027
18496: 0.999027
18497: 0.999027
18498: 0.999027
18499: 0.999027
18500: 0.999027
18501: 0.999027
18502: 0.999027
18503: 0.999027
18504: 0.999027
18505: 0.999027
18506: 0.999027
18507: 0.999027
18508: 0.999028
18509: 0.999028
18510: 0.999028
18511: 0.999028
18512: 0.999028
18513: 0.999028
18514: 0.999028
18515: 0.999028
18516: 0.999028
18517: 0.999028
18518: 0.999028
18519: 0.999028
18520: 0.999028
18521: 0.999028
18522: 0.999028
18523: 0.999028
18524: 0.999028
18525: 0.999028
18526: 0.999028
18527: 0.999028
18528: 0.999029
18529: 0.999029
18530: 0.999029
18531: 0.999029
18532: 0.999029
18533: 0.999029
18534: 0.999029
18535: 0.999029
18536: 0.999029
18537: 0.999029
18538: 0.999029
18539: 0.999029
18540: 0.999029
18541: 0.999029
18542: 0.999029
18543: 0.999029
18544: 0.999029
18545: 0.999029
18546: 0.999029
18547: 0.99903
18548: 0.99903
18549: 0.99903
18550: 0.99903
18551: 0.99903
18552: 0.99903
18553: 0.99903
18554: 0.99903
18555: 0.99903
18556: 0.99903
18557: 0.99903
18558: 0.99903
18559: 0.99903
18560: 0.99903
18561: 0.99903
18562: 0.99903
18563: 0.99903
18564: 0.99903
18565: 0.99903
18566: 0.999031
18567: 0.999031
18568: 0.999031
18569: 0.999031
18570: 0.999031
18571: 0.999031
18572: 0.999031
18573: 0.999031
18574: 0.999031
18575: 0.999031
18576: 0.999031
18577: 0.999031
18578: 0.999031
18579: 0.999031
18580: 0.999031
18581: 0.999031
18582: 0.999031
18583: 0.999031
18584: 0.999031
18585: 0.999032
18586: 0.999032
18587: 0.999032
18588: 0.999032
18589: 0.999032
18590: 0.999032
18591: 0.999032
18592: 0.999032
18593: 0.999032
18594: 0.999032
18595: 0.999032
18596: 0.999032
18597: 0.999032
18598: 0.999032
18599: 0.999032
18600: 0.999032
18601: 0.999032
18602: 0.999032
18603: 0.999032
18604: 0.999033
18605: 0.999033
18606: 0.999033
18607: 0.999033
18608: 0.999033
18609: 0.999033
18610: 0.999033
18611: 0.999033
18612: 0.999033
18613: 0.999033
18614: 0.999033
18615: 0.999033
18616: 0.999033
18617: 0.999033
18618: 0.999033
18619: 0.999033
18620: 0.999033
18621: 0.999033
18622: 0.999033
18623: 0.999034
18624: 0.999034
18625: 0.999034
18626: 0.999034
18627: 0.999034
18628: 0.999034
18629: 0.999034
18630: 0.999034
18631: 0.999034
18632: 0.999034
18633: 0.999034
18634: 0.999034
18635: 0.999034
18636: 0.999034
18637: 0.999034
18638: 0.999034
18639: 0.999034
18640: 0.999034
18641: 0.999034
18642: 0.999034
18643: 0.999035
18644: 0.999035
18645: 0.999035
18646: 0.999035
18647: 0.999035
18648: 0.999035
18649: 0.999035
18650: 0.999035
18651: 0.999035
18652: 0.999035
18653: 0.999035
18654: 0.999035
18655: 0.999035
18656: 0.999035
18657: 0.999035
18658: 0.999035
18659: 0.999035
18660: 0.999035
18661: 0.999035
18662: 0.999036
18663: 0.999036
18664: 0.999036
18665: 0.999036
18666: 0.999036
18667: 0.999036
18668: 0.999036
18669: 0.999036
18670: 0.999036
18671: 0.999036
18672: 0.999036
18673: 0.999036
18674: 0.999036
18675: 0.999036
18676: 0.999036
18677: 0.999036
18678: 0.999036
18679: 0.999036
18680: 0.999036
18681: 0.999037
18682: 0.999037
18683: 0.999037
18684: 0.999037
18685: 0.999037
18686: 0.999037
18687: 0.999037
18688: 0.999037
18689: 0.999037
18690: 0.999037
18691: 0.999037
18692: 0.999037
18693: 0.999037
18694: 0.999037
18695: 0.999037
18696: 0.999037
18697: 0.999037
18698: 0.999037
18699: 0.999037
18700: 0.999037
18701: 0.999038
18702: 0.999038
18703: 0.999038
18704: 0.999038
18705: 0.999038
18706: 0.999038
18707: 0.999038
18708: 0.999038
18709: 0.999038
18710: 0.999038
18711: 0.999038
18712: 0.999038
18713: 0.999038
18714: 0.999038
18715: 0.999038
18716: 0.999038
18717: 0.999038
18718: 0.999038
18719: 0.999038
18720: 0.999039
18721: 0.999039
18722: 0.999039
18723: 0.999039
18724: 0.999039
18725: 0.999039
18726: 0.999039
18727: 0.999039
18728: 0.999039
18729: 0.999039
18730: 0.999039
18731: 0.999039
18732: 0.999039
18733: 0.999039
18734: 0.999039
18735: 0.999039
18736: 0.999039
18737: 0.999039
18738: 0.999039
18739: 0.999039
18740: 0.99904
18741: 0.99904
18742: 0.99904
18743: 0.99904
18744: 0.99904
18745: 0.99904
18746: 0.99904
18747: 0.99904
18748: 0.99904
18749: 0.99904
18750: 0.99904
18751: 0.99904
18752: 0.99904
18753: 0.99904
18754: 0.99904
18755: 0.99904
18756: 0.99904
18757: 0.99904
18758: 0.99904
18759: 0.999041
18760: 0.999041
18761: 0.999041
18762: 0.999041
18763: 0.999041
18764: 0.999041
18765: 0.999041
18766: 0.999041
18767: 0.999041
18768: 0.999041
18769: 0.999041
18770: 0.999041
18771: 0.999041
18772: 0.999041
18773: 0.999041
18774: 0.999041
18775: 0.999041
18776: 0.999041
18777: 0.999041
18778: 0.999041
18779: 0.999042
18780: 0.999042
18781: 0.999042
18782: 0.999042
18783: 0.999042
18784: 0.999042
18785: 0.999042
18786: 0.999042
18787: 0.999042
18788: 0.999042
18789: 0.999042
18790: 0.999042
18791: 0.999042
18792: 0.999042
18793: 0.999042
18794: 0.999042
18795: 0.999042
18796: 0.999042
18797: 0.999042
18798: 0.999043
18799: 0.999043
18800: 0.999043
18801: 0.999043
18802: 0.999043
18803: 0.999043
18804: 0.999043
18805: 0.999043
18806: 0.999043
18807: 0.999043
18808: 0.999043
18809: 0.999043
18810: 0.999043
18811: 0.999043
18812: 0.999043
18813: 0.999043
18814: 0.999043
18815: 0.999043
18816: 0.999043
18817: 0.999043
18818: 0.999044
18819: 0.999044
18820: 0.999044
18821: 0.999044
18822: 0.999044
18823: 0.999044
18824: 0.999044
18825: 0.999044
18826: 0.999044
18827: 0.999044
18828: 0.999044
18829: 0.999044
18830: 0.999044
18831: 0.999044
18832: 0.999044
18833: 0.999044
18834: 0.999044
18835: 0.999044
18836: 0.999044
18837: 0.999044
18838: 0.999045
18839: 0.999045
18840: 0.999045
18841: 0.999045
18842: 0.999045
18843: 0.999045
18844: 0.999045
18845: 0.999045
18846: 0.999045
18847: 0.999045
18848: 0.999045
18849: 0.999045
18850: 0.999045
18851: 0.999045
18852: 0.999045
18853: 0.999045
18854: 0.999045
18855: 0.999045
18856: 0.999045
18857: 0.999045
18858: 0.999046
18859: 0.999046
18860: 0.999046
18861: 0.999046
18862: 0.999046
18863: 0.999046
18864: 0.999046
18865: 0.999046
18866: 0.999046
18867: 0.999046
18868: 0.999046
18869: 0.999046
18870: 0.999046
18871: 0.999046
18872: 0.999046
18873: 0.999046
18874: 0.999046
18875: 0.999046
18876: 0.999046
18877: 0.999047
18878: 0.999047
18879: 0.999047
18880: 0.999047
18881: 0.999047
18882: 0.999047
18883: 0.999047
18884: 0.999047
18885: 0.999047
18886: 0.999047
18887: 0.999047
18888: 0.999047
18889: 0.999047
18890: 0.999047
18891: 0.999047
18892: 0.999047
18893: 0.999047
18894: 0.999047
18895: 0.999047
18896: 0.999047
18897: 0.999048
18898: 0.999048
18899: 0.999048
18900: 0.999048
18901: 0.999048
18902: 0.999048
18903: 0.999048
18904: 0.999048
18905: 0.999048
18906: 0.999048
18907: 0.999048
18908: 0.999048
18909: 0.999048
18910: 0.999048
18911: 0.999048
18912: 0.999048
18913: 0.999048
18914: 0.999048
18915: 0.999048
18916: 0.999048
18917: 0.999049
18918: 0.999049
18919: 0.999049
18920: 0.999049
18921: 0.999049
18922: 0.999049
18923: 0.999049
18924: 0.999049
18925: 0.999049
18926: 0.999049
18927: 0.999049
18928: 0.999049
18929: 0.999049
18930: 0.999049
18931: 0.999049
18932: 0.999049
18933: 0.999049
18934: 0.999049
18935: 0.999049
18936: 0.999049
18937: 0.99905
18938: 0.99905
18939: 0.99905
18940: 0.99905
18941: 0.99905
18942: 0.99905
18943: 0.99905
18944: 0.99905
18945: 0.99905
18946: 0.99905
18947: 0.99905
18948: 0.99905
18949: 0.99905
18950: 0.99905
18951: 0.99905
18952: 0.99905
18953: 0.99905
18954: 0.99905
18955: 0.99905
18956: 0.99905
18957: 0.999051
18958: 0.999051
18959: 0.999051
18960: 0.999051
18961: 0.999051
18962: 0.999051
18963: 0.999051
18964: 0.999051
18965: 0.999051
18966: 0.999051
18967: 0.999051
18968: 0.999051
18969: 0.999051
18970: 0.999051
18971: 0.999051
18972: 0.999051
18973: 0.999051
18974: 0.999051
18975: 0.999051
18976: 0.999051
18977: 0.999052
18978: 0.999052
18979: 0.999052
18980: 0.999052
18981: 0.999052
18982: 0.999052
18983: 0.999052
18984: 0.999052
18985: 0.999052
18986: 0.999052
18987: 0.999052
18988: 0.999052
18989: 0.999052
18990: 0.999052
18991: 0.999052
18992: 0.999052
18993: 0.999052
18994: 0.999052
18995: 0.999052
18996: 0.999052
18997: 0.999053
18998: 0.999053
18999: 0.999053
19000: 0.999053
19001: 0.999053
19002: 0.999053
19003: 0.999053
19004: 0.999053
19005: 0.999053
19006: 0.999053
19007: 0.999053
19008: 0.999053
19009: 0.999053
19010: 0.999053
19011: 0.999053
19012: 0.999053
19013: 0.999053
19014: 0.999053
19015: 0.999053
19016: 0.999053
19017: 0.999054
19018: 0.999054
19019: 0.999054
19020: 0.999054
19021: 0.999054
19022: 0.999054
19023: 0.999054
19024: 0.999054
19025: 0.999054
19026: 0.999054
19027: 0.999054
19028: 0.999054
19029: 0.999054
19030: 0.999054
19031: 0.999054
19032: 0.999054
19033: 0.999054
19034: 0.999054
19035: 0.999054
19036: 0.999054
19037: 0.999055
19038: 0.999055
19039: 0.999055
19040: 0.999055
19041: 0.999055
19042: 0.999055
19043: 0.999055
19044: 0.999055
19045: 0.999055
19046: 0.999055
19047: 0.999055
19048: 0.999055
19049: 0.999055
19050: 0.999055
19051: 0.999055
19052: 0.999055
19053: 0.999055
19054: 0.999055
19055: 0.999055
19056: 0.999055
19057: 0.999056
19058: 0.999056
19059: 0.999056
19060: 0.999056
19061: 0.999056
19062: 0.999056
19063: 0.999056
19064: 0.999056
19065: 0.999056
19066: 0.999056
19067: 0.999056
19068: 0.999056
19069: 0.999056
19070: 0.999056
19071: 0.999056
19072: 0.999056
19073: 0.999056
19074: 0.999056
19075: 0.999056
19076: 0.999056
19077: 0.999057
19078: 0.999057
19079: 0.999057
19080: 0.999057
19081: 0.999057
19082: 0.999057
19083: 0.999057
19084: 0.999057
19085: 0.999057
19086: 0.999057
19087: 0.999057
19088: 0.999057
19089: 0.999057
19090: 0.999057
19091: 0.999057
19092: 0.999057
19093: 0.999057
19094: 0.999057
19095: 0.999057
19096: 0.999057
19097: 0.999057
19098: 0.999058
19099: 0.999058
19100: 0.999058
19101: 0.999058
19102: 0.999058
19103: 0.999058
19104: 0.999058
19105: 0.999058
19106: 0.999058
19107: 0.999058
19108: 0.999058
19109: 0.999058
19110: 0.999058
19111: 0.999058
19112: 0.999058
19113: 0.999058
19114: 0.999058
19115: 0.999058
19116: 0.999058
19117: 0.999058
19118: 0.999059
19119: 0.999059
19120: 0.999059
19121: 0.999059
19122: 0.999059
19123: 0.999059
19124: 0.999059
19125: 0.999059
19126: 0.999059
19127: 0.999059
19128: 0.999059
19129: 0.999059
19130: 0.999059
19131: 0.999059
19132: 0.999059
19133: 0.999059
19134: 0.999059
19135: 0.999059
19136: 0.999059
19137: 0.999059
19138: 0.99906
19139: 0.99906
19140: 0.99906
19141: 0.99906
19142: 0.99906
19143: 0.99906
19144: 0.99906
19145: 0.99906
19146: 0.99906
19147: 0.99906
19148: 0.99906
19149: 0.99906
19150: 0.99906
19151: 0.99906
19152: 0.99906
19153: 0.99906
19154: 0.99906
19155: 0.99906
19156: 0.99906
19157: 0.99906
19158: 0.99906
19159: 0.999061
19160: 0.999061
19161: 0.999061
19162: 0.999061
19163: 0.999061
19164: 0.999061
19165: 0.999061
19166: 0.999061
19167: 0.999061
19168: 0.999061
19169: 0.999061
19170: 0.999061
19171: 0.999061
19172: 0.999061
19173: 0.999061
19174: 0.999061
19175: 0.999061
19176: 0.999061
19177: 0.999061
19178: 0.999061
19179: 0.999062
19180: 0.999062
19181: 0.999062
19182: 0.999062
19183: 0.999062
19184: 0.999062
19185: 0.999062
19186: 0.999062
19187: 0.999062
19188: 0.999062
19189: 0.999062
19190: 0.999062
19191: 0.999062
19192: 0.999062
19193: 0.999062
19194: 0.999062
19195: 0.999062
19196: 0.999062
19197: 0.999062
19198: 0.999062
19199: 0.999062
19200: 0.999063
19201: 0.999063
19202: 0.999063
19203: 0.999063
19204: 0.999063
19205: 0.999063
19206: 0.999063
19207: 0.999063
19208: 0.999063
19209: 0.999063
19210: 0.999063
19211: 0.999063
19212: 0.999063
19213: 0.999063
19214: 0.999063
19215: 0.999063
19216: 0.999063
19217: 0.999063
19218: 0.999063
19219: 0.999063
19220: 0.999064
19221: 0.999064
19222: 0.999064
19223: 0.999064
19224: 0.999064
19225: 0.999064
19226: 0.999064
19227: 0.999064
19228: 0.999064
19229: 0.999064
19230: 0.999064
19231: 0.999064
19232: 0.999064
19233: 0.999064
19234: 0.999064
19235: 0.999064
19236: 0.999064
19237: 0.999064
19238: 0.999064
19239: 0.999064
19240: 0.999064
19241: 0.999065
19242: 0.999065
19243: 0.999065
19244: 0.999065
19245: 0.999065
19246: 0.999065
19247: 0.999065
19248: 0.999065
19249: 0.999065
19250: 0.999065
19251: 0.999065
19252: 0.999065
19253: 0.999065
19254: 0.999065
19255: 0.999065
19256: 0.999065
19257: 0.999065
19258: 0.999065
19259: 0.999065
19260: 0.999065
19261: 0.999066
19262: 0.999066
19263: 0.999066
19264: 0.999066
19265: 0.999066
19266: 0.999066
19267: 0.999066
19268: 0.999066
19269: 0.999066
19270: 0.999066
19271: 0.999066
19272: 0.999066
19273: 0.999066
19274: 0.999066
19275: 0.999066
19276: 0.999066
19277: 0.999066
19278: 0.999066
19279: 0.999066
19280: 0.999066
19281: 0.999066
19282: 0.999067
19283: 0.999067
19284: 0.999067
19285: 0.999067
19286: 0.999067
19287: 0.999067
19288: 0.999067
19289: 0.999067
19290: 0.999067
19291: 0.999067
19292: 0.999067
19293: 0.999067
19294: 0.999067
19295: 0.999067
19296: 0.999067
19297: 0.999067
19298: 0.999067
19299: 0.999067
19300: 0.999067
19301: 0.999067
19302: 0.999068
19303: 0.999068
19304: 0.999068
19305: 0.999068
19306: 0.999068
19307: 0.999068
19308: 0.999068
19309: 0.999068
19310: 0.999068
19311: 0.999068
19312: 0.999068
19313: 0.999068
19314: 0.999068
19315: 0.999068
19316: 0.999068
19317: 0.999068
19318: 0.999068
19319: 0.999068
19320: 0.999068
19321: 0.999068
19322: 0.999068
19323: 0.999069
19324: 0.999069
19325: 0.999069
19326: 0.999069
19327: 0.999069
19328: 0.999069
19329: 0.999069
19330: 0.999069
19331: 0.999069
19332: 0.999069
19333: 0.999069
19334: 0.999069
19335: 0.999069
19336: 0.999069
19337: 0.999069
19338: 0.999069
19339: 0.999069
19340: 0.999069
19341: 0.999069
19342: 0.999069
19343: 0.999069
19344: 0.99907
19345: 0.99907
19346: 0.99907
19347: 0.99907
19348: 0.99907
19349: 0.99907
19350: 0.99907
19351: 0.99907
19352: 0.99907
19353: 0.99907
19354: 0.99907
19355: 0.99907
19356: 0.99907
19357: 0.99907
19358: 0.99907
19359: 0.99907
19360: 0.99907
19361: 0.99907
19362: 0.99907
19363: 0.99907
19364: 0.99907
19365: 0.999071
19366: 0.999071
19367: 0.999071
19368: 0.999071
19369: 0.999071
19370: 0.999071
19371: 0.999071
19372: 0.999071
19373: 0.999071
19374: 0.999071
19375: 0.999071
19376: 0.999071
19377: 0.999071
19378: 0.999071
19379: 0.999071
19380: 0.999071
19381: 0.999071
19382: 0.999071
19383: 0.999071
19384: 0.999071
19385: 0.999071
19386: 0.999072
19387: 0.999072
19388: 0.999072
19389: 0.999072
19390: 0.999072
19391: 0.999072
19392: 0.999072
19393: 0.999072
19394: 0.999072
19395: 0.999072
19396: 0.999072
19397: 0.999072
19398: 0.999072
19399: 0.999072
19400: 0.999072
19401: 0.999072
19402: 0.999072
19403: 0.999072
19404: 0.999072
19405: 0.999072
19406: 0.999072
19407: 0.999073
19408: 0.999073
19409: 0.999073
19410: 0.999073
19411: 0.999073
19412: 0.999073
19413: 0.999073
19414: 0.999073
19415: 0.999073
19416: 0.999073
19417: 0.999073
19418: 0.999073
19419: 0.999073
19420: 0.999073
19421: 0.999073
19422: 0.999073
19423: 0.999073
19424: 0.999073
19425: 0.999073
19426: 0.999073
19427: 0.999074
19428: 0.999074
19429: 0.999074
19430: 0.999074
19431: 0.999074
19432: 0.999074
19433: 0.999074
19434: 0.999074
19435: 0.999074
19436: 0.999074
19437: 0.999074
19438: 0.999074
19439: 0.999074
19440: 0.999074
19441: 0.999074
19442: 0.999074
19443: 0.999074
19444: 0.999074
19445: 0.999074
19446: 0.999074
19447: 0.999074
19448: 0.999075
19449: 0.999075
19450: 0.999075
19451: 0.999075
19452: 0.999075
19453: 0.999075
19454: 0.999075
19455: 0.999075
19456: 0.999075
19457: 0.999075
19458: 0.999075
19459: 0.999075
19460: 0.999075
19461: 0.999075
19462: 0.999075
19463: 0.999075
19464: 0.999075
19465: 0.999075
19466: 0.999075
19467: 0.999075
19468: 0.999075
19469: 0.999076
19470: 0.999076
19471: 0.999076
19472: 0.999076
19473: 0.999076
19474: 0.999076
19475: 0.999076
19476: 0.999076
19477: 0.999076
19478: 0.999076
19479: 0.999076
19480: 0.999076
19481: 0.999076
19482: 0.999076
19483: 0.999076
19484: 0.999076
19485: 0.999076
19486: 0.999076
19487: 0.999076
19488: 0.999076
19489: 0.999076
19490: 0.999076
19491: 0.999077
19492: 0.999077
19493: 0.999077
19494: 0.999077
19495: 0.999077
19496: 0.999077
19497: 0.999077
19498: 0.999077
19499: 0.999077
19500: 0.999077
19501: 0.999077
19502: 0.999077
19503: 0.999077
19504: 0.999077
19505: 0.999077
19506: 0.999077
19507: 0.999077
19508: 0.999077
19509: 0.999077
19510: 0.999077
19511: 0.999077
19512: 0.999078
19513: 0.999078
19514: 0.999078
19515: 0.999078
19516: 0.999078
19517: 0.999078
19518: 0.999078
19519: 0.999078
19520: 0.999078
19521: 0.999078
19522: 0.999078
19523: 0.999078
19524: 0.999078
19525: 0.999078
19526: 0.999078
19527: 0.999078
19528: 0.999078
19529: 0.999078
19530: 0.999078
19531: 0.999078
19532: 0.999078
19533: 0.999079
19534: 0.999079
19535: 0.999079
19536: 0.999079
19537: 0.999079
19538: 0.999079
19539: 0.999079
19540: 0.999079
19541: 0.999079
19542: 0.999079
19543: 0.999079
19544: 0.999079
19545: 0.999079
19546: 0.999079
19547: 0.999079
19548: 0.999079
19549: 0.999079
19550: 0.999079
19551: 0.999079
19552: 0.999079
19553: 0.999079
19554: 0.99908
19555: 0.99908
19556: 0.99908
19557: 0.99908
19558: 0.99908
19559: 0.99908
19560: 0.99908
19561: 0.99908
19562: 0.99908
19563: 0.99908
19564: 0.99908
19565: 0.99908
19566: 0.99908
19567: 0.99908
19568: 0.99908
19569: 0.99908
19570: 0.99908
19571: 0.99908
19572: 0.99908
19573: 0.99908
19574: 0.99908
19575: 0.999081
19576: 0.999081
19577: 0.999081
19578: 0.999081
19579: 0.999081
19580: 0.999081
19581: 0.999081
19582: 0.999081
19583: 0.999081
19584: 0.999081
19585: 0.999081
19586: 0.999081
19587: 0.999081
19588: 0.999081
19589: 0.999081
19590: 0.999081
19591: 0.999081
19592: 0.999081
19593: 0.999081
19594: 0.999081
19595: 0.999081
19596: 0.999081
19597: 0.999082
19598: 0.999082
19599: 0.999082
19600: 0.999082
19601: 0.999082
19602: 0.999082
19603: 0.999082
19604: 0.999082
19605: 0.999082
19606: 0.999082
19607: 0.999082
19608: 0.999082
19609: 0.999082
19610: 0.999082
19611: 0.999082
19612: 0.999082
19613: 0.999082
19614: 0.999082
19615: 0.999082
19616: 0.999082
19617: 0.999082
19618: 0.999083
19619: 0.999083
19620: 0.999083
19621: 0.999083
19622: 0.999083
19623: 0.999083
19624: 0.999083
19625: 0.999083
19626: 0.999083
19627: 0.999083
19628: 0.999083
19629: 0.999083
19630: 0.999083
19631: 0.999083
19632: 0.999083
19633: 0.999083
19634: 0.999083
19635: 0.999083
19636: 0.999083
19637: 0.999083
19638: 0.999083
19639: 0.999084
19640: 0.999084
19641: 0.999084
19642: 0.999084
19643: 0.999084
19644: 0.999084
19645: 0.999084
19646: 0.999084
19647: 0.999084
19648: 0.999084
19649: 0.999084
19650: 0.999084
19651: 0.999084
19652: 0.999084
19653: 0.999084
19654: 0.999084
19655: 0.999084
19656: 0.999084
19657: 0.999084
19658: 0.999084
19659: 0.999084
19660: 0.999084
19661: 0.999085
19662: 0.999085
19663: 0.999085
19664: 0.999085
19665: 0.999085
19666: 0.999085
19667: 0.999085
19668: 0.999085
19669: 0.999085
19670: 0.999085
19671: 0.999085
19672: 0.999085
19673: 0.999085
19674: 0.999085
19675: 0.999085
19676: 0.999085
19677: 0.999085
19678: 0.999085
19679: 0.999085
19680: 0.999085
19681: 0.999085
19682: 0.999086
19683: 0.999086
19684: 0.999086
19685: 0.999086
19686: 0.999086
19687: 0.999086
19688: 0.999086
19689: 0.999086
19690: 0.999086
19691: 0.999086
19692: 0.999086
19693: 0.999086
19694: 0.999086
19695: 0.999086
19696: 0.999086
19697: 0.999086
19698: 0.999086
19699: 0.999086
19700: 0.999086
19701: 0.999086
19702: 0.999086
19703: 0.999086
19704: 0.999087
19705: 0.999087
19706: 0.999087
19707: 0.999087
19708: 0.999087
19709: 0.999087
19710: 0.999087
19711: 0.999087
19712: 0.999087
19713: 0.999087
19714: 0.999087
19715: 0.999087
19716: 0.999087
19717: 0.999087
19718: 0.999087
19719: 0.999087
19720: 0.999087
19721: 0.999087
19722: 0.999087
19723: 0.999087
19724: 0.999087
19725: 0.999087
19726: 0.999088
19727: 0.999088
19728: 0.999088
19729: 0.999088
19730: 0.999088
19731: 0.999088
19732: 0.999088
19733: 0.999088
19734: 0.999088
19735: 0.999088
19736: 0.999088
19737: 0.999088
19738: 0.999088
19739: 0.999088
19740: 0.999088
19741: 0.999088
19742: 0.999088
19743: 0.999088
19744: 0.999088
19745: 0.999088
19746: 0.999088
19747: 0.999089
19748: 0.999089
19749: 0.999089
19750: 0.999089
19751: 0.999089
19752: 0.999089
19753: 0.999089
19754: 0.999089
19755: 0.999089
19756: 0.999089
19757: 0.999089
19758: 0.999089
19759: 0.999089
19760: 0.999089
19761: 0.999089
19762: 0.999089
19763: 0.999089
19764: 0.999089
19765: 0.999089
19766: 0.999089
19767: 0.999089
19768: 0.999089
19769: 0.99909
19770: 0.99909
19771: 0.99909
19772: 0.99909
19773: 0.99909
19774: 0.99909
19775: 0.99909
19776: 0.99909
19777: 0.99909
19778: 0.99909
19779: 0.99909
19780: 0.99909
19781: 0.99909
19782: 0.99909
19783: 0.99909
19784: 0.99909
19785: 0.99909
19786: 0.99909
19787: 0.99909
19788: 0.99909
19789: 0.99909
19790: 0.99909
19791: 0.999091
19792: 0.999091
19793: 0.999091
19794: 0.999091
19795: 0.999091
19796: 0.999091
19797: 0.999091
19798: 0.999091
19799: 0.999091
19800: 0.999091
19801: 0.999091
19802: 0.999091
19803: 0.999091
19804: 0.999091
19805: 0.999091
19806: 0.999091
19807: 0.999091
19808: 0.999091
19809: 0.999091
19810: 0.999091
19811: 0.999091
19812: 0.999092
19813: 0.999092
19814: 0.999092
19815: 0.999092
19816: 0.999092
19817: 0.999092
19818: 0.999092
19819: 0.999092
19820: 0.999092
19821: 0.999092
19822: 0.999092
19823: 0.999092
19824: 0.999092
19825: 0.999092
19826: 0.999092
19827: 0.999092
19828: 0.999092
19829: 0.999092
19830: 0.999092
19831: 0.999092
19832: 0.999092
19833: 0.999092
19834: 0.999093
19835: 0.999093
19836: 0.999093
19837: 0.999093
19838: 0.999093
19839: 0.999093
19840: 0.999093
19841: 0.999093
19842: 0.999093
19843: 0.999093
19844: 0.999093
19845: 0.999093
19846: 0.999093
19847: 0.999093
19848: 0.999093
19849: 0.999093
19850: 0.999093
19851: 0.999093
19852: 0.999093
19853: 0.999093
19854: 0.999093
19855: 0.999093
19856: 0.999094
19857: 0.999094
19858: 0.999094
19859: 0.999094
19860: 0.999094
19861: 0.999094
19862: 0.999094
19863: 0.999094
19864: 0.999094
19865: 0.999094
19866: 0.999094
19867: 0.999094
19868: 0.999094
19869: 0.999094
19870: 0.999094
19871: 0.999094
19872: 0.999094
19873: 0.999094
19874: 0.999094
19875: 0.999094
19876: 0.999094
19877: 0.999094
19878: 0.999095
19879: 0.999095
19880: 0.999095
19881: 0.999095
19882: 0.999095
19883: 0.999095
19884: 0.999095
19885: 0.999095
19886: 0.999095
19887: 0.999095
19888: 0.999095
19889: 0.999095
19890: 0.999095
19891: 0.999095
19892: 0.999095
19893: 0.999095
19894: 0.999095
19895: 0.999095
19896: 0.999095
19897: 0.999095
19898: 0.999095
19899: 0.999095
19900: 0.999096
19901: 0.999096
19902: 0.999096
19903: 0.999096
19904: 0.999096
19905: 0.999096
19906: 0.999096
19907: 0.999096
19908: 0.999096
19909: 0.999096
19910: 0.999096
19911: 0.999096
19912: 0.999096
19913: 0.999096
19914: 0.999096
19915: 0.999096
19916: 0.999096
19917: 0.999096
19918: 0.999096
19919: 0.999096
19920: 0.999096
19921: 0.999096
19922: 0.999097
19923: 0.999097
19924: 0.999097
19925: 0.999097
19926: 0.999097
19927: 0.999097
19928: 0.999097
19929: 0.999097
19930: 0.999097
19931: 0.999097
19932: 0.999097
19933: 0.999097
19934: 0.999097
19935: 0.999097
19936: 0.999097
19937: 0.999097
19938: 0.999097
19939: 0.999097
19940: 0.999097
19941: 0.999097
19942: 0.999097
19943: 0.999097
19944: 0.999098
19945: 0.999098
19946: 0.999098
19947: 0.999098
19948: 0.999098
19949: 0.999098
19950: 0.999098
19951: 0.999098
19952: 0.999098
19953: 0.999098
19954: 0.999098
19955: 0.999098
19956: 0.999098
19957: 0.999098
19958: 0.999098
19959: 0.999098
19960: 0.999098
19961: 0.999098
19962: 0.999098
19963: 0.999098
19964: 0.999098
19965: 0.999098
19966: 0.999099
19967: 0.999099
19968: 0.999099
19969: 0.999099
19970: 0.999099
19971: 0.999099
19972: 0.999099
19973: 0.999099
19974: 0.999099
19975: 0.999099
19976: 0.999099
19977: 0.999099
19978: 0.999099
19979: 0.999099
19980: 0.999099
19981: 0.999099
19982: 0.999099
19983: 0.999099
19984: 0.999099
19985: 0.999099
19986: 0.999099
19987: 0.999099
19988: 0.9991
19989: 0.9991
19990: 0.9991
19991: 0.9991
19992: 0.9991
19993: 0.9991
19994: 0.9991
19995: 0.9991
19996: 0.9991
19997: 0.9991
19998: 0.9991
19999: 0.9991
20000: 0.9991
20001: 0.9991
20002: 0.9991
20003: 0.9991
20004: 0.9991
20005: 0.9991
20006: 0.9991
20007: 0.9991
20008: 0.9991
20009: 0.9991
20010: 0.9991
20011: 0.999101
20012: 0.999101
20013: 0.999101
20014: 0.999101
20015: 0.999101
20016: 0.999101
20017: 0.999101
20018: 0.999101
20019: 0.999101
20020: 0.999101
20021: 0.999101
20022: 0.999101
20023: 0.999101
20024: 0.999101
20025: 0.999101
20026: 0.999101
20027: 0.999101
20028: 0.999101
20029: 0.999101
20030: 0.999101
20031: 0.999101
20032: 0.999101
20033: 0.999102
20034: 0.999102
20035: 0.999102
20036: 0.999102
20037: 0.999102
20038: 0.999102
20039: 0.999102
20040: 0.999102
20041: 0.999102
20042: 0.999102
20043: 0.999102
20044: 0.999102
20045: 0.999102
20046: 0.999102
20047: 0.999102
20048: 0.999102
20049: 0.999102
20050: 0.999102
20051: 0.999102
20052: 0.999102
20053: 0.999102
20054: 0.999102
20055: 0.999103
20056: 0.999103
20057: 0.999103
20058: 0.999103
20059: 0.999103
20060: 0.999103
20061: 0.999103
20062: 0.999103
20063: 0.999103
20064: 0.999103
20065: 0.999103
20066: 0.999103
20067: 0.999103
20068: 0.999103
20069: 0.999103
20070: 0.999103
20071: 0.999103
20072: 0.999103
20073: 0.999103
20074: 0.999103
20075: 0.999103
20076: 0.999103
20077: 0.999103
20078: 0.999104
20079: 0.999104
20080: 0.999104
20081: 0.999104
20082: 0.999104
20083: 0.999104
20084: 0.999104
20085: 0.999104
20086: 0.999104
20087: 0.999104
20088: 0.999104
20089: 0.999104
20090: 0.999104
20091: 0.999104
20092: 0.999104
20093: 0.999104
20094: 0.999104
20095: 0.999104
20096: 0.999104
20097: 0.999104
20098: 0.999104
20099: 0.999104
20100: 0.999105
20101: 0.999105
20102: 0.999105
20103: 0.999105
20104: 0.999105
20105: 0.999105
20106: 0.999105
20107: 0.999105
20108: 0.999105
20109: 0.999105
20110: 0.999105
20111: 0.999105
20112: 0.999105
20113: 0.999105
20114: 0.999105
20115: 0.999105
20116: 0.999105
20117: 0.999105
20118: 0.999105
20119: 0.999105
20120: 0.999105
20121: 0.999105
20122: 0.999106
20123: 0.999106
20124: 0.999106
20125: 0.999106
20126: 0.999106
20127: 0.999106
20128: 0.999106
20129: 0.999106
20130: 0.999106
20131: 0.999106
20132: 0.999106
20133: 0.999106
20134: 0.999106
20135: 0.999106
20136: 0.999106
20137: 0.999106
20138: 0.999106
20139: 0.999106
20140: 0.999106
20141: 0.999106
20142: 0.999106
20143: 0.999106
20144: 0.999106
20145: 0.999107
20146: 0.999107
20147: 0.999107
20148: 0.999107
20149: 0.999107
20150: 0.999107
20151: 0.999107
20152: 0.999107
20153: 0.999107
20154: 0.999107
20155: 0.999107
20156: 0.999107
20157: 0.999107
20158: 0.999107
20159: 0.999107
20160: 0.999107
20161: 0.999107
20162: 0.999107
20163: 0.999107
20164: 0.999107
20165: 0.999107
20166: 0.999107
20167: 0.999107
20168: 0.999108
20169: 0.999108
20170: 0.999108
20171: 0.999108
20172: 0.999108
20173: 0.999108
20174: 0.999108
20175: 0.999108
20176: 0.999108
20177: 0.999108
20178: 0.999108
20179: 0.999108
20180: 0.999108
20181: 0.999108
20182: 0.999108
20183: 0.999108
20184: 0.999108
20185: 0.999108
20186: 0.999108
20187: 0.999108
20188: 0.999108
20189: 0.999108
20190: 0.999109
20191: 0.999109
20192: 0.999109
20193: 0.999109
20194: 0.999109
20195: 0.999109
20196: 0.999109
20197: 0.999109
20198: 0.999109
20199: 0.999109
20200: 0.999109
20201: 0.999109
20202: 0.999109
20203: 0.999109
20204: 0.999109
20205: 0.999109
20206: 0.999109
20207: 0.999109
20208: 0.999109
20209: 0.999109
20210: 0.999109
20211: 0.999109
20212: 0.999109
20213: 0.99911
20214: 0.99911
20215: 0.99911
20216: 0.99911
20217: 0.99911
20218: 0.99911
20219: 0.99911
20220: 0.99911
20221: 0.99911
20222: 0.99911
20223: 0.99911
20224: 0.99911
20225: 0.99911
20226: 0.99911
20227: 0.99911
20228: 0.99911
20229: 0.99911
20230: 0.99911
20231: 0.99911
20232: 0.99911
20233: 0.99911
20234: 0.99911
20235: 0.99911
20236: 0.999111
20237: 0.999111
20238: 0.999111
20239: 0.999111
20240: 0.999111
20241: 0.999111
20242: 0.999111
20243: 0.999111
20244: 0.999111
20245: 0.999111
20246: 0.999111
20247: 0.999111
20248: 0.999111
20249: 0.999111
20250: 0.999111
20251: 0.999111
20252: 0.999111
20253: 0.999111
20254: 0.999111
20255: 0.999111
20256: 0.999111
20257: 0.999111
20258: 0.999112
20259: 0.999112
20260: 0.999112
20261: 0.999112
20262: 0.999112
20263: 0.999112
20264: 0.999112
20265: 0.999112
20266: 0.999112
20267: 0.999112
20268: 0.999112
20269: 0.999112
20270: 0.999112
20271: 0.999112
20272: 0.999112
20273: 0.999112
20274: 0.999112
20275: 0.999112
20276: 0.999112
20277: 0.999112
20278: 0.999112
20279: 0.999112
20280: 0.999112
20281: 0.999113
20282: 0.999113
20283: 0.999113
20284: 0.999113
20285: 0.999113
20286: 0.999113
20287: 0.999113
20288: 0.999113
20289: 0.999113
20290: 0.999113
20291: 0.999113
20292: 0.999113
20293: 0.999113
20294: 0.999113
20295: 0.999113
20296: 0.999113
20297: 0.999113
20298: 0.999113
20299: 0.999113
20300: 0.999113
20301: 0.999113
20302: 0.999113
20303: 0.999113
20304: 0.999114
20305: 0.999114
20306: 0.999114
20307: 0.999114
20308: 0.999114
20309: 0.999114
20310: 0.999114
20311: 0.999114
20312: 0.999114
20313: 0.999114
20314: 0.999114
20315: 0.999114
20316: 0.999114
20317: 0.999114
20318: 0.999114
20319: 0.999114
20320: 0.999114
20321: 0.999114
20322: 0.999114
20323: 0.999114
20324: 0.999114
20325: 0.999114
20326: 0.999114
20327: 0.999115
20328: 0.999115
20329: 0.999115
20330: 0.999115
20331: 0.999115
20332: 0.999115
20333: 0.999115
20334: 0.999115
20335: 0.999115
20336: 0.999115
20337: 0.999115
20338: 0.999115
20339: 0.999115
20340: 0.999115
20341: 0.999115
20342: 0.999115
20343: 0.999115
20344: 0.999115
20345: 0.999115
20346: 0.999115
20347: 0.999115
20348: 0.999115
20349: 0.999115
20350: 0.999116
20351: 0.999116
20352: 0.999116
20353: 0.999116
20354: 0.999116
20355: 0.999116
20356: 0.999116
20357: 0.999116
20358: 0.999116
20359: 0.999116
20360: 0.999116
20361: 0.999116
20362: 0.999116
20363: 0.999116
20364: 0.999116
20365: 0.999116
20366: 0.999116
20367: 0.999116
20368: 0.999116
20369: 0.999116
20370: 0.999116
20371: 0.999116
20372: 0.999116
20373: 0.999117
20374: 0.999117
20375: 0.999117
20376: 0.999117
20377: 0.999117
20378: 0.999117
20379: 0.999117
20380: 0.999117
20381: 0.999117
20382: 0.999117
20383: 0.999117
20384: 0.999117
20385: 0.999117
20386: 0.999117
20387: 0.999117
20388: 0.999117
20389: 0.999117
20390: 0.999117
20391: 0.999117
20392: 0.999117
20393: 0.999117
20394: 0.999117
20395: 0.999117
20396: 0.999118
20397: 0.999118
20398: 0.999118
20399: 0.999118
20400: 0.999118
20401: 0.999118
20402: 0.999118
20403: 0.999118
20404: 0.999118
20405: 0.999118
20406: 0.999118
20407: 0.999118
20408: 0.999118
20409: 0.999118
20410: 0.999118
20411: 0.999118
20412: 0.999118
20413: 0.999118
20414: 0.999118
20415: 0.999118
20416: 0.999118
20417: 0.999118
20418: 0.999118
20419: 0.999119
20420: 0.999119
20421: 0.999119
20422: 0.999119
20423: 0.999119
20424: 0.999119
20425: 0.999119
20426: 0.999119
20427: 0.999119
20428: 0.999119
20429: 0.999119
20430: 0.999119
20431: 0.999119
20432: 0.999119
20433: 0.999119
20434: 0.999119
20435: 0.999119
20436: 0.999119
20437: 0.999119
20438: 0.999119
20439: 0.999119
20440: 0.999119
20441: 0.999119
20442: 0.99912
20443: 0.99912
20444: 0.99912
20445: 0.99912
20446: 0.99912
20447: 0.99912
20448: 0.99912
20449: 0.99912
20450: 0.99912
20451: 0.99912
20452: 0.99912
20453: 0.99912
20454: 0.99912
20455: 0.99912
20456: 0.99912
20457: 0.99912
20458: 0.99912
20459: 0.99912
20460: 0.99912
20461: 0.99912
20462: 0.99912
20463: 0.99912
20464: 0.99912
20465: 0.99912
20466: 0.999121
20467: 0.999121
20468: 0.999121
20469: 0.999121
20470: 0.999121
20471: 0.999121
20472: 0.999121
20473: 0.999121
20474: 0.999121
20475: 0.999121
20476: 0.999121
20477: 0.999121
20478: 0.999121
20479: 0.999121
20480: 0.999121
20481: 0.999121
20482: 0.999121
20483: 0.999121
20484: 0.999121
20485: 0.999121
20486: 0.999121
20487: 0.999121
20488: 0.999121
20489: 0.999122
20490: 0.999122
20491: 0.999122
20492: 0.999122
20493: 0.999122
20494: 0.999122
20495: 0.999122
20496: 0.999122
20497: 0.999122
20498: 0.999122
20499: 0.999122
20500: 0.999122
20501: 0.999122
20502: 0.999122
20503: 0.999122
20504: 0.999122
20505: 0.999122
20506: 0.999122
20507: 0.999122
20508: 0.999122
20509: 0.999122
20510: 0.999122
20511: 0.999122
20512: 0.999123
20513: 0.999123
20514: 0.999123
20515: 0.999123
20516: 0.999123
20517: 0.999123
20518: 0.999123
20519: 0.999123
20520: 0.999123
20521: 0.999123
20522: 0.999123
20523: 0.999123
20524: 0.999123
20525: 0.999123
20526: 0.999123
20527: 0.999123
20528: 0.999123
20529: 0.999123
20530: 0.999123
20531: 0.999123
20532: 0.999123
20533: 0.999123
20534: 0.999123
20535: 0.999123
20536: 0.999124
20537: 0.999124
20538: 0.999124
20539: 0.999124
20540: 0.999124
20541: 0.999124
20542: 0.999124
20543: 0.999124
20544: 0.999124
20545: 0.999124
20546: 0.999124
20547: 0.999124
20548: 0.999124
20549: 0.999124
20550: 0.999124
20551: 0.999124
20552: 0.999124
20553: 0.999124
20554: 0.999124
20555: 0.999124
20556: 0.999124
20557: 0.999124
20558: 0.999124
20559: 0.999125
20560: 0.999125
20561: 0.999125
20562: 0.999125
20563: 0.999125
20564: 0.999125
20565: 0.999125
20566: 0.999125
20567: 0.999125
20568: 0.999125
20569: 0.999125
20570: 0.999125
20571: 0.999125
20572: 0.999125
20573: 0.999125
20574: 0.999125
20575: 0.999125
20576: 0.999125
20577: 0.999125
20578: 0.999125
20579: 0.999125
20580: 0.999125
20581: 0.999125
20582: 0.999125
20583: 0.999126
20584: 0.999126
20585: 0.999126
20586: 0.999126
20587: 0.999126
20588: 0.999126
20589: 0.999126
20590: 0.999126
20591: 0.999126
20592: 0.999126
20593: 0.999126
20594: 0.999126
20595: 0.999126
20596: 0.999126
20597: 0.999126
20598: 0.999126
20599: 0.999126
20600: 0.999126
20601: 0.999126
20602: 0.999126
20603: 0.999126
20604: 0.999126
20605: 0.999126
20606: 0.999127
20607: 0.999127
20608: 0.999127
20609: 0.999127
20610: 0.999127
20611: 0.999127
20612: 0.999127
20613: 0.999127
20614: 0.999127
20615: 0.999127
20616: 0.999127
20617: 0.999127
20618: 0.999127
20619: 0.999127
20620: 0.999127
20621: 0.999127
20622: 0.999127
20623: 0.999127
20624: 0.999127
20625: 0.999127
20626: 0.999127
20627: 0.999127
20628: 0.999127
20629: 0.999127
20630: 0.999128
20631: 0.999128
20632: 0.999128
20633: 0.999128
20634: 0.999128
20635: 0.999128
20636: 0.999128
20637: 0.999128
20638: 0.999128
20639: 0.999128
20640: 0.999128
20641: 0.999128
20642: 0.999128
20643: 0.999128
20644: 0.999128
20645: 0.999128
20646: 0.999128
20647: 0.999128
20648: 0.999128
20649: 0.999128
20650: 0.999128
20651: 0.999128
20652: 0.999128
20653: 0.999128
20654: 0.999129
20655: 0.999129
20656: 0.999129
20657: 0.999129
20658: 0.999129
20659: 0.999129
20660: 0.999129
20661: 0.999129
20662: 0.999129
20663: 0.999129
20664: 0.999129
20665: 0.999129
20666: 0.999129
20667: 0.999129
20668: 0.999129
20669: 0.999129
20670: 0.999129
20671: 0.999129
20672: 0.999129
20673: 0.999129
20674: 0.999129
20675: 0.999129
20676: 0.999129
20677: 0.99913
20678: 0.99913
20679: 0.99913
20680: 0.99913
20681: 0.99913
20682: 0.99913
20683: 0.99913
20684: 0.99913
20685: 0.99913
20686: 0.99913
20687: 0.99913
20688: 0.99913
20689: 0.99913
20690: 0.99913
20691: 0.99913
20692: 0.99913
20693: 0.99913
20694: 0.99913
20695: 0.99913
20696: 0.99913
20697: 0.99913
20698: 0.99913
20699: 0.99913
20700: 0.99913
20701: 0.999131
20702: 0.999131
20703: 0.999131
20704: 0.999131
20705: 0.999131
20706: 0.999131
20707: 0.999131
20708: 0.999131
20709: 0.999131
20710: 0.999131
20711: 0.999131
20712: 0.999131
20713: 0.999131
20714: 0.999131
20715: 0.999131
20716: 0.999131
20717: 0.999131
20718: 0.999131
20719: 0.999131
20720: 0.999131
20721: 0.999131
20722: 0.999131
20723: 0.999131
20724: 0.999131
20725: 0.999132
20726: 0.999132
20727: 0.999132
20728: 0.999132
20729: 0.999132
20730: 0.999132
20731: 0.999132
20732: 0.999132
20733: 0.999132
20734: 0.999132
20735: 0.999132
20736: 0.999132
20737: 0.999132
20738: 0.999132
20739: 0.999132
20740: 0.999132
20741: 0.999132
20742: 0.999132
20743: 0.999132
20744: 0.999132
20745: 0.999132
20746: 0.999132
20747: 0.999132
20748: 0.999132
20749: 0.999133
20750: 0.999133
20751: 0.999133
20752: 0.999133
20753: 0.999133
20754: 0.999133
20755: 0.999133
20756: 0.999133
20757: 0.999133
20758: 0.999133
20759: 0.999133
20760: 0.999133
20761: 0.999133
20762: 0.999133
20763: 0.999133
20764: 0.999133
20765: 0.999133
20766: 0.999133
20767: 0.999133
20768: 0.999133
20769: 0.999133
20770: 0.999133
20771: 0.999133
20772: 0.999133
20773: 0.999134
20774: 0.999134
20775: 0.999134
20776: 0.999134
20777: 0.999134
20778: 0.999134
20779: 0.999134
20780: 0.999134
20781: 0.999134
20782: 0.999134
20783: 0.999134
20784: 0.999134
20785: 0.999134
20786: 0.999134
20787: 0.999134
20788: 0.999134
20789: 0.999134
20790: 0.999134
20791: 0.999134
20792: 0.999134
20793: 0.999134
20794: 0.999134
20795: 0.999134
20796: 0.999134
20797: 0.999135
20798: 0.999135
20799: 0.999135
20800: 0.999135
20801: 0.999135
20802: 0.999135
20803: 0.999135
20804: 0.999135
20805: 0.999135
20806: 0.999135
20807: 0.999135
20808: 0.999135
20809: 0.999135
20810: 0.999135
20811: 0.999135
20812: 0.999135
20813: 0.999135
20814: 0.999135
20815: 0.999135
20816: 0.999135
20817: 0.999135
20818: 0.999135
20819: 0.999135
20820: 0.999135
20821: 0.999136
20822: 0.999136
20823: 0.999136
20824: 0.999136
20825: 0.999136
20826: 0.999136
20827: 0.999136
20828: 0.999136
20829: 0.999136
20830: 0.999136
20831: 0.999136
20832: 0.999136
20833: 0.999136
20834: 0.999136
20835: 0.999136
20836: 0.999136
20837: 0.999136
20838: 0.999136
20839: 0.999136
20840: 0.999136
20841: 0.999136
20842: 0.999136
20843: 0.999136
20844: 0.999136
20845: 0.999137
20846: 0.999137
20847: 0.999137
20848: 0.999137
20849: 0.999137
20850: 0.999137
20851: 0.999137
20852: 0.999137
20853: 0.999137
20854: 0.999137
20855: 0.999137
20856: 0.999137
20857: 0.999137
20858: 0.999137
20859: 0.999137
20860: 0.999137
20861: 0.999137
20862: 0.999137
20863: 0.999137
20864: 0.999137
20865: 0.999137
20866: 0.999137
20867: 0.999137
20868: 0.999137
20869: 0.999138
20870: 0.999138
20871: 0.999138
20872: 0.999138
20873: 0.999138
20874: 0.999138
20875: 0.999138
20876: 0.999138
20877: 0.999138
20878: 0.999138
20879: 0.999138
20880: 0.999138
20881: 0.999138
20882: 0.999138
20883: 0.999138
20884: 0.999138
20885: 0.999138
20886: 0.999138
20887: 0.999138
20888: 0.999138
20889: 0.999138
20890: 0.999138
20891: 0.999138
20892: 0.999138
20893: 0.999139
20894: 0.999139
20895: 0.999139
20896: 0.999139
20897: 0.999139
20898: 0.999139
20899: 0.999139
20900: 0.999139
20901: 0.999139
20902: 0.999139
20903: 0.999139
20904: 0.999139
20905: 0.999139
20906: 0.999139
20907: 0.999139
20908: 0.999139
20909: 0.999139
20910: 0.999139
20911: 0.999139
20912: 0.999139
20913: 0.999139
20914: 0.999139
20915: 0.999139
20916: 0.999139
20917: 0.999139
20918: 0.99914
20919: 0.99914
20920: 0.99914
20921: 0.99914
20922: 0.99914
20923: 0.99914
20924: 0.99914
20925: 0.99914
20926: 0.99914
20927: 0.99914
20928: 0.99914
20929: 0.99914
20930: 0.99914
20931: 0.99914
20932: 0.99914
20933: 0.99914
20934: 0.99914
20935: 0.99914
20936: 0.99914
20937: 0.99914
20938: 0.99914
20939: 0.99914
20940: 0.99914
20941: 0.99914
20942: 0.999141
20943: 0.999141
20944: 0.999141
20945: 0.999141
20946: 0.999141
20947: 0.999141
20948: 0.999141
20949: 0.999141
20950: 0.999141
20951: 0.999141
20952: 0.999141
20953: 0.999141
20954: 0.999141
20955: 0.999141
20956: 0.999141
20957: 0.999141
20958: 0.999141
20959: 0.999141
20960: 0.999141
20961: 0.999141
20962: 0.999141
20963: 0.999141
20964: 0.999141
20965: 0.999141
20966: 0.999142
20967: 0.999142
20968: 0.999142
20969: 0.999142
20970: 0.999142
20971: 0.999142
20972: 0.999142
20973: 0.999142
20974: 0.999142
20975: 0.999142
20976: 0.999142
20977: 0.999142
20978: 0.999142
20979: 0.999142
20980: 0.999142
20981: 0.999142
20982: 0.999142
20983: 0.999142
20984: 0.999142
20985: 0.999142
20986: 0.999142
20987: 0.999142
20988: 0.999142
20989: 0.999142
20990: 0.999142
20991: 0.999143
20992: 0.999143
20993: 0.999143
20994: 0.999143
20995: 0.999143
20996: 0.999143
20997: 0.999143
20998: 0.999143
20999: 0.999143
21000: 0.999143
21001: 0.999143
21002: 0.999143
21003: 0.999143
21004: 0.999143
21005: 0.999143
21006: 0.999143
21007: 0.999143
21008: 0.999143
21009: 0.999143
21010: 0.999143
21011: 0.999143
21012: 0.999143
21013: 0.999143
21014: 0.999143
21015: 0.999144
21016: 0.999144
21017: 0.999144
21018: 0.999144
21019: 0.999144
21020: 0.999144
21021: 0.999144
21022: 0.999144
21023: 0.999144
21024: 0.999144
21025: 0.999144
21026: 0.999144
21027: 0.999144
21028: 0.999144
21029: 0.999144
21030: 0.999144
21031: 0.999144
21032: 0.999144
21033: 0.999144
21034: 0.999144
21035: 0.999144
21036: 0.999144
21037: 0.999144
21038: 0.999144
21039: 0.999144
21040: 0.999145
21041: 0.999145
21042: 0.999145
21043: 0.999145
21044: 0.999145
21045: 0.999145
21046: 0.999145
21047: 0.999145
21048: 0.999145
21049: 0.999145
21050: 0.999145
21051: 0.999145
21052: 0.999145
21053: 0.999145
21054: 0.999145
21055: 0.999145
21056: 0.999145
21057: 0.999145
21058: 0.999145
21059: 0.999145
21060: 0.999145
21061: 0.999145
21062: 0.999145
21063: 0.999145
21064: 0.999146
21065: 0.999146
21066: 0.999146
21067: 0.999146
21068: 0.999146
21069: 0.999146
21070: 0.999146
21071: 0.999146
21072: 0.999146
21073: 0.999146
21074: 0.999146
21075: 0.999146
21076: 0.999146
21077: 0.999146
21078: 0.999146
21079: 0.999146
21080: 0.999146
21081: 0.999146
21082: 0.999146
21083: 0.999146
21084: 0.999146
21085: 0.999146
21086: 0.999146
21087: 0.999146
21088: 0.999146
21089: 0.999147
21090: 0.999147
21091: 0.999147
21092: 0.999147
21093: 0.999147
21094: 0.999147
21095: 0.999147
21096: 0.999147
21097: 0.999147
21098: 0.999147
21099: 0.999147
21100: 0.999147
21101: 0.999147
21102: 0.999147
21103: 0.999147
21104: 0.999147
21105: 0.999147
21106: 0.999147
21107: 0.999147
21108: 0.999147
21109: 0.999147
21110: 0.999147
21111: 0.999147
21112: 0.999147
21113: 0.999147
21114: 0.999148
21115: 0.999148
21116: 0.999148
21117: 0.999148
21118: 0.999148
21119: 0.999148
21120: 0.999148
21121: 0.999148
21122: 0.999148
21123: 0.999148
21124: 0.999148
21125: 0.999148
21126: 0.999148
21127: 0.999148
21128: 0.999148
21129: 0.999148
21130: 0.999148
21131: 0.999148
21132: 0.999148
21133: 0.999148
21134: 0.999148
21135: 0.999148
21136: 0.999148
21137: 0.999148
21138: 0.999148
21139: 0.999149
21140: 0.999149
21141: 0.999149
21142: 0.999149
21143: 0.999149
21144: 0.999149
21145: 0.999149
21146: 0.999149
21147: 0.999149
21148: 0.999149
21149: 0.999149
21150: 0.999149
21151: 0.999149
21152: 0.999149
21153: 0.999149
21154: 0.999149
21155: 0.999149
21156: 0.999149
21157: 0.999149
21158: 0.999149
21159: 0.999149
21160: 0.999149
21161: 0.999149
21162: 0.999149
21163: 0.999149
21164: 0.99915
21165: 0.99915
21166: 0.99915
21167: 0.99915
21168: 0.99915
21169: 0.99915
21170: 0.99915
21171: 0.99915
21172: 0.99915
21173: 0.99915
21174: 0.99915
21175: 0.99915
21176: 0.99915
21177: 0.99915
21178: 0.99915
21179: 0.99915
21180: 0.99915
21181: 0.99915
21182: 0.99915
21183: 0.99915
21184: 0.99915
21185: 0.99915
21186: 0.99915
21187: 0.99915
21188: 0.999151
21189: 0.999151
21190: 0.999151
21191: 0.999151
21192: 0.999151
21193: 0.999151
21194: 0.999151
21195: 0.999151
21196: 0.999151
21197: 0.999151
21198: 0.999151
21199: 0.999151
21200: 0.999151
21201: 0.999151
21202: 0.999151
21203: 0.999151
21204: 0.999151
21205: 0.999151
21206: 0.999151
21207: 0.999151
21208: 0.999151
21209: 0.999151
21210: 0.999151
21211: 0.999151
21212: 0.999151
21213: 0.999152
21214: 0.999152
21215: 0.999152
21216: 0.999152
21217: 0.999152
21218: 0.999152
21219: 0.999152
21220: 0.999152
21221: 0.999152
21222: 0.999152
21223: 0.999152
21224: 0.999152
21225: 0.999152
21226: 0.999152
21227: 0.999152
21228: 0.999152
21229: 0.999152
21230: 0.999152
21231: 0.999152
21232: 0.999152
21233: 0.999152
21234: 0.999152
21235: 0.999152
21236: 0.999152
21237: 0.999152
21238: 0.999153
21239: 0.999153
21240: 0.999153
21241: 0.999153
21242: 0.999153
21243: 0.999153
21244: 0.999153
21245: 0.999153
21246: 0.999153
21247: 0.999153
21248: 0.999153
21249: 0.999153
21250: 0.999153
21251: 0.999153
21252: 0.999153
21253: 0.999153
21254: 0.999153
21255: 0.999153
21256: 0.999153
21257: 0.999153
21258: 0.999153
21259: 0.999153
21260: 0.999153
21261: 0.999153
21262: 0.999153
21263: 0.999153
21264: 0.999154
21265: 0.999154
21266: 0.999154
21267: 0.999154
21268: 0.999154
21269: 0.999154
21270: 0.999154
21271: 0.999154
21272: 0.999154
21273: 0.999154
21274: 0.999154
21275: 0.999154
21276: 0.999154
21277: 0.999154
21278: 0.999154
21279: 0.999154
21280: 0.999154
21281: 0.999154
21282: 0.999154
21283: 0.999154
21284: 0.999154
21285: 0.999154
21286: 0.999154
21287: 0.999154
21288: 0.999154
21289: 0.999155
21290: 0.999155
21291: 0.999155
21292: 0.999155
21293: 0.999155
21294: 0.999155
21295: 0.999155
21296: 0.999155
21297: 0.999155
21298: 0.999155
21299: 0.999155
21300: 0.999155
21301: 0.999155
21302: 0.999155
21303: 0.999155
21304: 0.999155
21305: 0.999155
21306: 0.999155
21307: 0.999155
21308: 0.999155
21309: 0.999155
21310: 0.999155
21311: 0.999155
21312: 0.999155
21313: 0.999155
21314: 0.999156
21315: 0.999156
21316: 0.999156
21317: 0.999156
21318: 0.999156
21319: 0.999156
21320: 0.999156
21321: 0.999156
21322: 0.999156
21323: 0.999156
21324: 0.999156
21325: 0.999156
21326: 0.999156
21327: 0.999156
21328: 0.999156
21329: 0.999156
21330: 0.999156
21331: 0.999156
21332: 0.999156
21333: 0.999156
21334: 0.999156
21335: 0.999156
21336: 0.999156
21337: 0.999156
21338: 0.999156
21339: 0.999157
21340: 0.999157
21341: 0.999157
21342: 0.999157
21343: 0.999157
21344: 0.999157
21345: 0.999157
21346: 0.999157
21347: 0.999157
21348: 0.999157
21349: 0.999157
21350: 0.999157
21351: 0.999157
21352: 0.999157
21353: 0.999157
21354: 0.999157
21355: 0.999157
21356: 0.999157
21357: 0.999157
21358: 0.999157
21359: 0.999157
21360: 0.999157
21361: 0.999157
21362: 0.999157
21363: 0.999157
21364: 0.999158
21365: 0.999158
21366: 0.999158
21367: 0.999158
21368: 0.999158
21369: 0.999158
21370: 0.999158
21371: 0.999158
21372: 0.999158
21373: 0.999158
21374: 0.999158
21375: 0.999158
21376: 0.999158
21377: 0.999158
21378: 0.999158
21379: 0.999158
21380: 0.999158
21381: 0.999158
21382: 0.999158
21383: 0.999158
21384: 0.999158
21385: 0.999158
21386: 0.999158
21387: 0.999158
21388: 0.999158
21389: 0.999158
21390: 0.999159
21391: 0.999159
21392: 0.999159
21393: 0.999159
21394: 0.999159
21395: 0.999159
21396: 0.999159
21397: 0.999159
21398: 0.999159
21399: 0.999159
21400: 0.999159
21401: 0.999159
21402: 0.999159
21403: 0.999159
21404: 0.999159
21405: 0.999159
21406: 0.999159
21407: 0.999159
21408: 0.999159
21409: 0.999159
21410: 0.999159
21411: 0.999159
21412: 0.999159
21413: 0.999159
21414: 0.999159
21415: 0.99916
21416: 0.99916
21417: 0.99916
21418: 0.99916
21419: 0.99916
21420: 0.99916
21421: 0.99916
21422: 0.99916
21423: 0.99916
21424: 0.99916
21425: 0.99916
21426: 0.99916
21427: 0.99916
21428: 0.99916
21429: 0.99916
21430: 0.99916
21431: 0.99916
21432: 0.99916
21433: 0.99916
21434: 0.99916
21435: 0.99916
21436: 0.99916
21437: 0.99916
21438: 0.99916
21439: 0.99916
21440: 0.99916
21441: 0.999161
21442: 0.999161
21443: 0.999161
21444: 0.999161
21445: 0.999161
21446: 0.999161
21447: 0.999161
21448: 0.999161
21449: 0.999161
21450: 0.999161
21451: 0.999161
21452: 0.999161
21453: 0.999161
21454: 0.999161
21455: 0.999161
21456: 0.999161
21457: 0.999161
21458: 0.999161
21459: 0.999161
21460: 0.999161
21461: 0.999161
21462: 0.999161
21463: 0.999161
21464: 0.999161
21465: 0.999161
21466: 0.999162
21467: 0.999162
21468: 0.999162
21469: 0.999162
21470: 0.999162
21471: 0.999162
21472: 0.999162
21473: 0.999162
21474: 0.999162
21475: 0.999162
21476: 0.999162
21477: 0.999162
21478: 0.999162
21479: 0.999162
21480: 0.999162
21481: 0.999162
21482: 0.999162
21483: 0.999162
21484: 0.999162
21485: 0.999162
21486: 0.999162
21487: 0.999162
21488: 0.999162
21489: 0.999162
21490: 0.999162
21491: 0.999162
21492: 0.999163
21493: 0.999163
21494: 0.999163
21495: 0.999163
21496: 0.999163
21497: 0.999163
21498: 0.999163
21499: 0.999163
21500: 0.999163
21501: 0.999163
21502: 0.999163
21503: 0.999163
21504: 0.999163
21505: 0.999163
21506: 0.999163
21507: 0.999163
21508: 0.999163
21509: 0.999163
21510: 0.999163
21511: 0.999163
21512: 0.999163
21513: 0.999163
21514: 0.999163
21515: 0.999163
21516: 0.999163
21517: 0.999163
21518: 0.999164
21519: 0.999164
21520: 0.999164
21521: 0.999164
21522: 0.999164
21523: 0.999164
21524: 0.999164
21525: 0.999164
21526: 0.999164
21527: 0.999164
21528: 0.999164
21529: 0.999164
21530: 0.999164
21531: 0.999164
21532: 0.999164
21533: 0.999164
21534: 0.999164
21535: 0.999164
21536: 0.999164
21537: 0.999164
21538: 0.999164
21539: 0.999164
21540: 0.999164
21541: 0.999164
21542: 0.999164
21543: 0.999165
21544: 0.999165
21545: 0.999165
21546: 0.999165
21547: 0.999165
21548: 0.999165
21549: 0.999165
21550: 0.999165
21551: 0.999165
21552: 0.999165
21553: 0.999165
21554: 0.999165
21555: 0.999165
21556: 0.999165
21557: 0.999165
21558: 0.999165
21559: 0.999165
21560: 0.999165
21561: 0.999165
21562: 0.999165
21563: 0.999165
21564: 0.999165
21565: 0.999165
21566: 0.999165
21567: 0.999165
21568: 0.999165
21569: 0.999166
21570: 0.999166
21571: 0.999166
21572: 0.999166
21573: 0.999166
21574: 0.999166
21575: 0.999166
21576: 0.999166
21577: 0.999166
21578: 0.999166
21579: 0.999166
21580: 0.999166
21581: 0.999166
21582: 0.999166
21583: 0.999166
21584: 0.999166
21585: 0.999166
21586: 0.999166
21587: 0.999166
21588: 0.999166
21589: 0.999166
21590: 0.999166
21591: 0.999166
21592: 0.999166
21593: 0.999166
21594: 0.999166
21595: 0.999167
21596: 0.999167
21597: 0.999167
21598: 0.999167
21599: 0.999167
21600: 0.999167
21601: 0.999167
21602: 0.999167
21603: 0.999167
21604: 0.999167
21605: 0.999167
21606: 0.999167
21607: 0.999167
21608: 0.999167
21609: 0.999167
21610: 0.999167
21611: 0.999167
21612: 0.999167
21613: 0.999167
21614: 0.999167
21615: 0.999167
21616: 0.999167
21617: 0.999167
21618: 0.999167
21619: 0.999167
21620: 0.999167
21621: 0.999168
21622: 0.999168
21623: 0.999168
21624: 0.999168
21625: 0.999168
21626: 0.999168
21627: 0.999168
21628: 0.999168
21629: 0.999168
21630: 0.999168
21631: 0.999168
21632: 0.999168
21633: 0.999168
21634: 0.999168
21635: 0.999168
21636: 0.999168
21637: 0.999168
21638: 0.999168
21639: 0.999168
21640: 0.999168
21641: 0.999168
21642: 0.999168
21643: 0.999168
21644: 0.999168
21645: 0.999168
21646: 0.999168
21647: 0.999169
21648: 0.999169
21649: 0.999169
21650: 0.999169
21651: 0.999169
21652: 0.999169
21653: 0.999169
21654: 0.999169
21655: 0.999169
21656: 0.999169
21657: 0.999169
21658: 0.999169
21659: 0.999169
21660: 0.999169
21661: 0.999169
21662: 0.999169
21663: 0.999169
21664: 0.999169
21665: 0.999169
21666: 0.999169
21667: 0.999169
21668: 0.999169
21669: 0.999169
21670: 0.999169
21671: 0.999169
21672: 0.999169
21673: 0.99917
21674: 0.99917
21675: 0.99917
21676: 0.99917
21677: 0.99917
21678: 0.99917
21679: 0.99917
21680: 0.99917
21681: 0.99917
21682: 0.99917
21683: 0.99917
21684: 0.99917
21685: 0.99917
21686: 0.99917
21687: 0.99917
21688: 0.99917
21689: 0.99917
21690: 0.99917
21691: 0.99917
21692: 0.99917
21693: 0.99917
21694: 0.99917
21695: 0.99917
21696: 0.99917
21697: 0.99917
21698: 0.99917
21699: 0.999171
21700: 0.999171
21701: 0.999171
21702: 0.999171
21703: 0.999171
21704: 0.999171
21705: 0.999171
21706: 0.999171
21707: 0.999171
21708: 0.999171
21709: 0.999171
21710: 0.999171
21711: 0.999171
21712: 0.999171
21713: 0.999171
21714: 0.999171
21715: 0.999171
21716: 0.999171
21717: 0.999171
21718: 0.999171
21719: 0.999171
21720: 0.999171
21721: 0.999171
21722: 0.999171
21723: 0.999171
21724: 0.999171
21725: 0.999171
21726: 0.999172
21727: 0.999172
21728: 0.999172
21729: 0.999172
21730: 0.999172
21731: 0.999172
21732: 0.999172
21733: 0.999172
21734: 0.999172
21735: 0.999172
21736: 0.999172
21737: 0.999172
21738: 0.999172
21739: 0.999172
21740: 0.999172
21741: 0.999172
21742: 0.999172
21743: 0.999172
21744: 0.999172
21745: 0.999172
21746: 0.999172
21747: 0.999172
21748: 0.999172
21749: 0.999172
21750: 0.999172
21751: 0.999172
21752: 0.999173
21753: 0.999173
21754: 0.999173
21755: 0.999173
21756: 0.999173
21757: 0.999173
21758: 0.999173
21759: 0.999173
21760: 0.999173
21761: 0.999173
21762: 0.999173
21763: 0.999173
21764: 0.999173
21765: 0.999173
21766: 0.999173
21767: 0.999173
21768: 0.999173
21769: 0.999173
21770: 0.999173
21771: 0.999173
21772: 0.999173
21773: 0.999173
21774: 0.999173
21775: 0.999173
21776: 0.999173
21777: 0.999173
21778: 0.999174
21779: 0.999174
21780: 0.999174
21781: 0.999174
21782: 0.999174
21783: 0.999174
21784: 0.999174
21785: 0.999174
21786: 0.999174
21787: 0.999174
21788: 0.999174
21789: 0.999174
21790: 0.999174
21791: 0.999174
21792: 0.999174
21793: 0.999174
21794: 0.999174
21795: 0.999174
21796: 0.999174
21797: 0.999174
21798: 0.999174
21799: 0.999174
21800: 0.999174
21801: 0.999174
21802: 0.999174
21803: 0.999174
21804: 0.999175
21805: 0.999175
21806: 0.999175
21807: 0.999175
21808: 0.999175
21809: 0.999175
21810: 0.999175
21811: 0.999175
21812: 0.999175
21813: 0.999175
21814: 0.999175
21815: 0.999175
21816: 0.999175
21817: 0.999175
21818: 0.999175
21819: 0.999175
21820: 0.999175
21821: 0.999175
21822: 0.999175
21823: 0.999175
21824: 0.999175
21825: 0.999175
21826: 0.999175
21827: 0.999175
21828: 0.999175
21829: 0.999175
21830: 0.999175
21831: 0.999176
21832: 0.999176
21833: 0.999176
21834: 0.999176
21835: 0.999176
21836: 0.999176
21837: 0.999176
21838: 0.999176
21839: 0.999176
21840: 0.999176
21841: 0.999176
21842: 0.999176
21843: 0.999176
21844: 0.999176
21845: 0.999176
21846: 0.999176
21847: 0.999176
21848: 0.999176
21849: 0.999176
21850: 0.999176
21851: 0.999176
21852: 0.999176
21853: 0.999176
21854: 0.999176
21855: 0.999176
21856: 0.999176
21857: 0.999177
21858: 0.999177
21859: 0.999177
21860: 0.999177
21861: 0.999177
21862: 0.999177
21863: 0.999177
21864: 0.999177
21865: 0.999177
21866: 0.999177
21867: 0.999177
21868: 0.999177
21869: 0.999177
21870: 0.999177
21871: 0.999177
21872: 0.999177
21873: 0.999177
21874: 0.999177
21875: 0.999177
21876: 0.999177
21877: 0.999177
21878: 0.999177
21879: 0.999177
21880: 0.999177
21881: 0.999177
21882: 0.999177
21883: 0.999177
21884: 0.999178
21885: 0.999178
21886: 0.999178
21887: 0.999178
21888: 0.999178
21889: 0.999178
21890: 0.999178
21891: 0.999178
21892: 0.999178
21893: 0.999178
21894: 0.999178
21895: 0.999178
21896: 0.999178
21897: 0.999178
21898: 0.999178
21899: 0.999178
21900: 0.999178
21901: 0.999178
21902: 0.999178
21903: 0.999178
21904: 0.999178
21905: 0.999178
21906: 0.999178
21907: 0.999178
21908: 0.999178
21909: 0.999178
21910: 0.999178
21911: 0.999179
21912: 0.999179
21913: 0.999179
21914: 0.999179
21915: 0.999179
21916: 0.999179
21917: 0.999179
21918: 0.999179
21919: 0.999179
21920: 0.999179
21921: 0.999179
21922: 0.999179
21923: 0.999179
21924: 0.999179
21925: 0.999179
21926: 0.999179
21927: 0.999179
21928: 0.999179
21929: 0.999179
21930: 0.999179
21931: 0.999179
21932: 0.999179
21933: 0.999179
21934: 0.999179
21935: 0.999179
21936: 0.999179
21937: 0.99918
21938: 0.99918
21939: 0.99918
21940: 0.99918
21941: 0.99918
21942: 0.99918
21943: 0.99918
21944: 0.99918
21945: 0.99918
21946: 0.99918
21947: 0.99918
21948: 0.99918
21949: 0.99918
21950: 0.99918
21951: 0.99918
21952: 0.99918
21953: 0.99918
21954: 0.99918
21955: 0.99918
21956: 0.99918
21957: 0.99918
21958: 0.99918
21959: 0.99918
21960: 0.99918
21961: 0.99918
21962: 0.99918
21963: 0.99918
21964: 0.999181
21965: 0.999181
21966: 0.999181
21967: 0.999181
21968: 0.999181
21969: 0.999181
21970: 0.999181
21971: 0.999181
21972: 0.999181
21973: 0.999181
21974: 0.999181
21975: 0.999181
21976: 0.999181
21977: 0.999181
21978: 0.999181
21979: 0.999181
21980: 0.999181
21981: 0.999181
21982: 0.999181
21983: 0.999181
21984: 0.999181
21985: 0.999181
21986: 0.999181
21987: 0.999181
21988: 0.999181
21989: 0.999181
21990: 0.999181
21991: 0.999182
21992: 0.999182
21993: 0.999182
21994: 0.999182
21995: 0.999182
21996: 0.999182
21997: 0.999182
21998: 0.999182
21999: 0.999182
22000: 0.999182
22001: 0.999182
22002: 0.999182
22003: 0.999182
22004: 0.999182
22005: 0.999182
22006: 0.999182
22007: 0.999182
22008: 0.999182
22009: 0.999182
22010: 0.999182
22011: 0.999182
22012: 0.999182
22013: 0.999182
22014: 0.999182
22015: 0.999182
22016: 0.999182
22017: 0.999182
22018: 0.999183
22019: 0.999183
22020: 0.999183
22021: 0.999183
22022: 0.999183
22023: 0.999183
22024: 0.999183
22025: 0.999183
22026: 0.999183
22027: 0.999183
22028: 0.999183
22029: 0.999183
22030: 0.999183
22031: 0.999183
22032: 0.999183
22033: 0.999183
22034: 0.999183
22035: 0.999183
22036: 0.999183
22037: 0.999183
22038: 0.999183
22039: 0.999183
22040: 0.999183
22041: 0.999183
22042: 0.999183
22043: 0.999183
22044: 0.999183
22045: 0.999184
22046: 0.999184
22047: 0.999184
22048: 0.999184
22049: 0.999184
22050: 0.999184
22051: 0.999184
22052: 0.999184
22053: 0.999184
22054: 0.999184
22055: 0.999184
22056: 0.999184
22057: 0.999184
22058: 0.999184
22059: 0.999184
22060: 0.999184
22061: 0.999184
22062: 0.999184
22063: 0.999184
22064: 0.999184
22065: 0.999184
22066: 0.999184
22067: 0.999184
22068: 0.999184
22069: 0.999184
22070: 0.999184
22071: 0.999184
22072: 0.999185
22073: 0.999185
22074: 0.999185
22075: 0.999185
22076: 0.999185
22077: 0.999185
22078: 0.999185
22079: 0.999185
22080: 0.999185
22081: 0.999185
22082: 0.999185
22083: 0.999185
22084: 0.999185
22085: 0.999185
22086: 0.999185
22087: 0.999185
22088: 0.999185
22089: 0.999185
22090: 0.999185
22091: 0.999185
22092: 0.999185
22093: 0.999185
22094: 0.999185
22095: 0.999185
22096: 0.999185
22097: 0.999185
22098: 0.999185
22099: 0.999186
22100: 0.999186
22101: 0.999186
22102: 0.999186
22103: 0.999186
22104: 0.999186
22105: 0.999186
22106: 0.999186
22107: 0.999186
22108: 0.999186
22109: 0.999186
22110: 0.999186
22111: 0.999186
22112: 0.999186
22113: 0.999186
22114: 0.999186
22115: 0.999186
22116: 0.999186
22117: 0.999186
22118: 0.999186
22119: 0.999186
22120: 0.999186
22121: 0.999186
22122: 0.999186
22123: 0.999186
22124: 0.999186
22125: 0.999186
22126: 0.999187
22127: 0.999187
22128: 0.999187
22129: 0.999187
22130: 0.999187
22131: 0.999187
22132: 0.999187
22133: 0.999187
22134: 0.999187
22135: 0.999187
22136: 0.999187
22137: 0.999187
22138: 0.999187
22139: 0.999187
22140: 0.999187
22141: 0.999187
22142: 0.999187
22143: 0.999187
22144: 0.999187
22145: 0.999187
22146: 0.999187
22147: 0.999187
22148: 0.999187
22149: 0.999187
22150: 0.999187
22151: 0.999187
22152: 0.999187
22153: 0.999188
22154: 0.999188
22155: 0.999188
22156: 0.999188
22157: 0.999188
22158: 0.999188
22159: 0.999188
22160: 0.999188
22161: 0.999188
22162: 0.999188
22163: 0.999188
22164: 0.999188
22165: 0.999188
22166: 0.999188
22167: 0.999188
22168: 0.999188
22169: 0.999188
22170: 0.999188
22171: 0.999188
22172: 0.999188
22173: 0.999188
22174: 0.999188
22175: 0.999188
22176: 0.999188
22177: 0.999188
22178: 0.999188
22179: 0.999188
22180: 0.999188
22181: 0.999189
22182: 0.999189
22183: 0.999189
22184: 0.999189
22185: 0.999189
22186: 0.999189
22187: 0.999189
22188: 0.999189
22189: 0.999189
22190: 0.999189
22191: 0.999189
22192: 0.999189
22193: 0.999189
22194: 0.999189
22195: 0.999189
22196: 0.999189
22197: 0.999189
22198: 0.999189
22199: 0.999189
22200: 0.999189
22201: 0.999189
22202: 0.999189
22203: 0.999189
22204: 0.999189
22205: 0.999189
22206: 0.999189
22207: 0.999189
22208: 0.99919
22209: 0.99919
22210: 0.99919
22211: 0.99919
22212: 0.99919
22213: 0.99919
22214: 0.99919
22215: 0.99919
22216: 0.99919
22217: 0.99919
22218: 0.99919
22219: 0.99919
22220: 0.99919
22221: 0.99919
22222: 0.99919
22223: 0.99919
22224: 0.99919
22225: 0.99919
22226: 0.99919
22227: 0.99919
22228: 0.99919
22229: 0.99919
22230: 0.99919
22231: 0.99919
22232: 0.99919
22233: 0.99919
22234: 0.99919
22235: 0.999191
22236: 0.999191
22237: 0.999191
22238: 0.999191
22239: 0.999191
22240: 0.999191
22241: 0.999191
22242: 0.999191
22243: 0.999191
22244: 0.999191
22245: 0.999191
22246: 0.999191
22247: 0.999191
22248: 0.999191
22249: 0.999191
22250: 0.999191
22251: 0.999191
22252: 0.999191
22253: 0.999191
22254: 0.999191
22255: 0.999191
22256: 0.999191
22257: 0.999191
22258: 0.999191
22259: 0.999191
22260: 0.999191
22261: 0.999191
22262: 0.999191
22263: 0.999192
22264: 0.999192
22265: 0.999192
22266: 0.999192
22267: 0.999192
22268: 0.999192
22269: 0.999192
22270: 0.999192
22271: 0.999192
22272: 0.999192
22273: 0.999192
22274: 0.999192
22275: 0.999192
22276: 0.999192
22277: 0.999192
22278: 0.999192
22279: 0.999192
22280: 0.999192
22281: 0.999192
22282: 0.999192
22283: 0.999192
22284: 0.999192
22285: 0.999192
22286: 0.999192
22287: 0.999192
22288: 0.999192
22289: 0.999192
22290: 0.999192
22291: 0.999193
22292: 0.999193
22293: 0.999193
22294: 0.999193
22295: 0.999193
22296: 0.999193
22297: 0.999193
22298: 0.999193
22299: 0.999193
22300: 0.999193
22301: 0.999193
22302: 0.999193
22303: 0.999193
22304: 0.999193
22305: 0.999193
22306: 0.999193
22307: 0.999193
22308: 0.999193
22309: 0.999193
22310: 0.999193
22311: 0.999193
22312: 0.999193
22313: 0.999193
22314: 0.999193
22315: 0.999193
22316: 0.999193
22317: 0.999193
22318: 0.999194
22319: 0.999194
22320: 0.999194
22321: 0.999194
22322: 0.999194
22323: 0.999194
22324: 0.999194
22325: 0.999194
22326: 0.999194
22327: 0.999194
22328: 0.999194
22329: 0.999194
22330: 0.999194
22331: 0.999194
22332: 0.999194
22333: 0.999194
22334: 0.999194
22335: 0.999194
22336: 0.999194
22337: 0.999194
22338: 0.999194
22339: 0.999194
22340: 0.999194
22341: 0.999194
22342: 0.999194
22343: 0.999194
22344: 0.999194
22345: 0.999194
22346: 0.999195
22347: 0.999195
22348: 0.999195
22349: 0.999195
22350: 0.999195
22351: 0.999195
22352: 0.999195
22353: 0.999195
22354: 0.999195
22355: 0.999195
22356: 0.999195
22357: 0.999195
22358: 0.999195
22359: 0.999195
22360: 0.999195
22361: 0.999195
22362: 0.999195
22363: 0.999195
22364: 0.999195
22365: 0.999195
22366: 0.999195
22367: 0.999195
22368: 0.999195
22369: 0.999195
22370: 0.999195
22371: 0.999195
22372: 0.999195
22373: 0.999195
22374: 0.999196
22375: 0.999196
22376: 0.999196
22377: 0.999196
22378: 0.999196
22379: 0.999196
22380: 0.999196
22381: 0.999196
22382: 0.999196
22383: 0.999196
22384: 0.999196
22385: 0.999196
22386: 0.999196
22387: 0.999196
22388: 0.999196
22389: 0.999196
22390: 0.999196
22391: 0.999196
22392: 0.999196
22393: 0.999196
22394: 0.999196
22395: 0.999196
22396: 0.999196
22397: 0.999196
22398: 0.999196
22399: 0.999196
22400: 0.999196
22401: 0.999197
22402: 0.999197
22403: 0.999197
22404: 0.999197
22405: 0.999197
22406: 0.999197
22407: 0.999197
22408: 0.999197
22409: 0.999197
22410: 0.999197
22411: 0.999197
22412: 0.999197
22413: 0.999197
22414: 0.999197
22415: 0.999197
22416: 0.999197
22417: 0.999197
22418: 0.999197
22419: 0.999197
22420: 0.999197
22421: 0.999197
22422: 0.999197
22423: 0.999197
22424: 0.999197
22425: 0.999197
22426: 0.999197
22427: 0.999197
22428: 0.999197
22429: 0.999198
22430: 0.999198
22431: 0.999198
22432: 0.999198
22433: 0.999198
22434: 0.999198
22435: 0.999198
22436: 0.999198
22437: 0.999198
22438: 0.999198
22439: 0.999198
22440: 0.999198
22441: 0.999198
22442: 0.999198
22443: 0.999198
22444: 0.999198
22445: 0.999198
22446: 0.999198
22447: 0.999198
22448: 0.999198
22449: 0.999198
22450: 0.999198
22451: 0.999198
22452: 0.999198
22453: 0.999198
22454: 0.999198
22455: 0.999198
22456: 0.999198
22457: 0.999199
22458: 0.999199
22459: 0.999199
22460: 0.999199
22461: 0.999199
22462: 0.999199
22463: 0.999199
22464: 0.999199
22465: 0.999199
22466: 0.999199
22467: 0.999199
22468: 0.999199
22469: 0.999199
22470: 0.999199
22471: 0.999199
22472: 0.999199
22473: 0.999199
22474: 0.999199
22475: 0.999199
22476: 0.999199
22477: 0.999199
22478: 0.999199
22479: 0.999199
22480: 0.999199
22481: 0.999199
22482: 0.999199
22483: 0.999199
22484: 0.999199
22485: 0.9992
22486: 0.9992
22487: 0.9992
22488: 0.9992
22489: 0.9992
22490: 0.9992
22491: 0.9992
22492: 0.9992
22493: 0.9992
22494: 0.9992
22495: 0.9992
22496: 0.9992
22497: 0.9992
22498: 0.9992
22499: 0.9992
22500: 0.9992
22501: 0.9992
22502: 0.9992
22503: 0.9992
22504: 0.9992
22505: 0.9992
22506: 0.9992
22507: 0.9992
22508: 0.9992
22509: 0.9992
22510: 0.9992
22511: 0.9992
22512: 0.9992
22513: 0.9992
22514: 0.999201
22515: 0.999201
22516: 0.999201
22517: 0.999201
22518: 0.999201
22519: 0.999201
22520: 0.999201
22521: 0.999201
22522: 0.999201
22523: 0.999201
22524: 0.999201
22525: 0.999201
22526: 0.999201
22527: 0.999201
22528: 0.999201
22529: 0.999201
22530: 0.999201
22531: 0.999201
22532: 0.999201
22533: 0.999201
22534: 0.999201
22535: 0.999201
22536: 0.999201
22537: 0.999201
22538: 0.999201
22539: 0.999201
22540: 0.999201
22541: 0.999201
22542: 0.999202
22543: 0.999202
22544: 0.999202
22545: 0.999202
22546: 0.999202
22547: 0.999202
22548: 0.999202
22549: 0.999202
22550: 0.999202
22551: 0.999202
22552: 0.999202
22553: 0.999202
22554: 0.999202
22555: 0.999202
22556: 0.999202
22557: 0.999202
22558: 0.999202
22559: 0.999202
22560: 0.999202
22561: 0.999202
22562: 0.999202
22563: 0.999202
22564: 0.999202
22565: 0.999202
22566: 0.999202
22567: 0.999202
22568: 0.999202
22569: 0.999202
22570: 0.999203
22571: 0.999203
22572: 0.999203
22573: 0.999203
22574: 0.999203
22575: 0.999203
22576: 0.999203
22577: 0.999203
22578: 0.999203
22579: 0.999203
22580: 0.999203
22581: 0.999203
22582: 0.999203
22583: 0.999203
22584: 0.999203
22585: 0.999203
22586: 0.999203
22587: 0.999203
22588: 0.999203
22589: 0.999203
22590: 0.999203
22591: 0.999203
22592: 0.999203
22593: 0.999203
22594: 0.999203
22595: 0.999203
22596: 0.999203
22597: 0.999203
22598: 0.999204
22599: 0.999204
22600: 0.999204
22601: 0.999204
22602: 0.999204
22603: 0.999204
22604: 0.999204
22605: 0.999204
22606: 0.999204
22607: 0.999204
22608: 0.999204
22609: 0.999204
22610: 0.999204
22611: 0.999204
22612: 0.999204
22613: 0.999204
22614: 0.999204
22615: 0.999204
22616: 0.999204
22617: 0.999204
22618: 0.999204
22619: 0.999204
22620: 0.999204
22621: 0.999204
22622: 0.999204
22623: 0.999204
22624: 0.999204
22625: 0.999204
22626: 0.999204
22627: 0.999205
22628: 0.999205
22629: 0.999205
22630: 0.999205
22631: 0.999205
22632: 0.999205
22633: 0.999205
22634: 0.999205
22635: 0.999205
22636: 0.999205
22637: 0.999205
22638: 0.999205
22639: 0.999205
22640: 0.999205
22641: 0.999205
22642: 0.999205
22643: 0.999205
22644: 0.999205
22645: 0.999205
22646: 0.999205
22647: 0.999205
22648: 0.999205
22649: 0.999205
22650: 0.999205
22651: 0.999205
22652: 0.999205
22653: 0.999205
22654: 0.999205
22655: 0.999206
22656: 0.999206
22657: 0.999206
22658: 0.999206
22659: 0.999206
22660: 0.999206
22661: 0.999206
22662: 0.999206
22663: 0.999206
22664: 0.999206
22665: 0.999206
22666: 0.999206
22667: 0.999206
22668: 0.999206
22669: 0.999206
22670: 0.999206
22671: 0.999206
22672: 0.999206
22673: 0.999206
22674: 0.999206
22675: 0.999206
22676: 0.999206
22677: 0.999206
22678: 0.999206
22679: 0.999206
22680: 0.999206
22681: 0.999206
22682: 0.999206
22683: 0.999206
22684: 0.999207
22685: 0.999207
22686: 0.999207
22687: 0.999207
22688: 0.999207
22689: 0.999207
22690: 0.999207
22691: 0.999207
22692: 0.999207
22693: 0.999207
22694: 0.999207
22695: 0.999207
22696: 0.999207
22697: 0.999207
22698: 0.999207
22699: 0.999207
22700: 0.999207
22701: 0.999207
22702: 0.999207
22703: 0.999207
22704: 0.999207
22705: 0.999207
22706: 0.999207
22707: 0.999207
22708: 0.999207
22709: 0.999207
22710: 0.999207
22711: 0.999207
22712: 0.999208
22713: 0.999208
22714: 0.999208
22715: 0.999208
22716: 0.999208
22717: 0.999208
22718: 0.999208
22719: 0.999208
22720: 0.999208
22721: 0.999208
22722: 0.999208
22723: 0.999208
22724: 0.999208
22725: 0.999208
22726: 0.999208
22727: 0.999208
22728: 0.999208
22729: 0.999208
22730: 0.999208
22731: 0.999208
22732: 0.999208
22733: 0.999208
22734: 0.999208
22735: 0.999208
22736: 0.999208
22737: 0.999208
22738: 0.999208
22739: 0.999208
22740: 0.999208
22741: 0.999209
22742: 0.999209
22743: 0.999209
22744: 0.999209
22745: 0.999209
22746: 0.999209
22747: 0.999209
22748: 0.999209
22749: 0.999209
22750: 0.999209
22751: 0.999209
22752: 0.999209
22753: 0.999209
22754: 0.999209
22755: 0.999209
22756: 0.999209
22757: 0.999209
22758: 0.999209
22759: 0.999209
22760: 0.999209
22761: 0.999209
22762: 0.999209
22763: 0.999209
22764: 0.999209
22765: 0.999209
22766: 0.999209
22767: 0.999209
22768: 0.999209
22769: 0.999209
22770: 0.99921
22771: 0.99921
22772: 0.99921
22773: 0.99921
22774: 0.99921
22775: 0.99921
22776: 0.99921
22777: 0.99921
22778: 0.99921
22779: 0.99921
22780: 0.99921
22781: 0.99921
22782: 0.99921
22783: 0.99921
22784: 0.99921
22785: 0.99921
22786: 0.99921
22787: 0.99921
22788: 0.99921
22789: 0.99921
22790: 0.99921
22791: 0.99921
22792: 0.99921
22793: 0.99921
22794: 0.99921
22795: 0.99921
22796: 0.99921
22797: 0.99921
22798: 0.99921
22799: 0.999211
22800: 0.999211
22801: 0.999211
22802: 0.999211
22803: 0.999211
22804: 0.999211
22805: 0.999211
22806: 0.999211
22807: 0.999211
22808: 0.999211
22809: 0.999211
22810: 0.999211
22811: 0.999211
22812: 0.999211
22813: 0.999211
22814: 0.999211
22815: 0.999211
22816: 0.999211
22817: 0.999211
22818: 0.999211
22819: 0.999211
22820: 0.999211
22821: 0.999211
22822: 0.999211
22823: 0.999211
22824: 0.999211
22825: 0.999211
22826: 0.999211
22827: 0.999211
22828: 0.999212
22829: 0.999212
22830: 0.999212
22831: 0.999212
22832: 0.999212
22833: 0.999212
22834: 0.999212
22835: 0.999212
22836: 0.999212
22837: 0.999212
22838: 0.999212
22839: 0.999212
22840: 0.999212
22841: 0.999212
22842: 0.999212
22843: 0.999212
22844: 0.999212
22845: 0.999212
22846: 0.999212
22847: 0.999212
22848: 0.999212
22849: 0.999212
22850: 0.999212
22851: 0.999212
22852: 0.999212
22853: 0.999212
22854: 0.999212
22855: 0.999212
22856: 0.999212
22857: 0.999213
22858: 0.999213
22859: 0.999213
22860: 0.999213
22861: 0.999213
22862: 0.999213
22863: 0.999213
22864: 0.999213
22865: 0.999213
22866: 0.999213
22867: 0.999213
22868: 0.999213
22869: 0.999213
22870: 0.999213
22871: 0.999213
22872: 0.999213
22873: 0.999213
22874: 0.999213
22875: 0.999213
22876: 0.999213
22877: 0.999213
22878: 0.999213
22879: 0.999213
22880: 0.999213
22881: 0.999213
22882: 0.999213
22883: 0.999213
22884: 0.999213
22885: 0.999213
22886: 0.999214
22887: 0.999214
22888: 0.999214
22889: 0.999214
22890: 0.999214
22891: 0.999214
22892: 0.999214
22893: 0.999214
22894: 0.999214
22895: 0.999214
22896: 0.999214
22897: 0.999214
22898: 0.999214
22899: 0.999214
22900: 0.999214
22901: 0.999214
22902: 0.999214
22903: 0.999214
22904: 0.999214
22905: 0.999214
22906: 0.999214
22907: 0.999214
22908: 0.999214
22909: 0.999214
22910: 0.999214
22911: 0.999214
22912: 0.999214
22913: 0.999214
22914: 0.999214
22915: 0.999215
22916: 0.999215
22917: 0.999215
22918: 0.999215
22919: 0.999215
22920: 0.999215
22921: 0.999215
22922: 0.999215
22923: 0.999215
22924: 0.999215
22925: 0.999215
22926: 0.999215
22927: 0.999215
22928: 0.999215
22929: 0.999215
22930: 0.999215
22931: 0.999215
22932: 0.999215
22933: 0.999215
22934: 0.999215
22935: 0.999215
22936: 0.999215
22937: 0.999215
22938: 0.999215
22939: 0.999215
22940: 0.999215
22941: 0.999215
22942: 0.999215
22943: 0.999215
22944: 0.999216
22945: 0.999216
22946: 0.999216
22947: 0.999216
22948: 0.999216
22949: 0.999216
22950: 0.999216
22951: 0.999216
22952: 0.999216
22953: 0.999216
22954: 0.999216
22955: 0.999216
22956: 0.999216
22957: 0.999216
22958: 0.999216
22959: 0.999216
22960: 0.999216
22961: 0.999216
22962: 0.999216
22963: 0.999216
22964: 0.999216
22965: 0.999216
22966: 0.999216
22967: 0.999216
22968: 0.999216
22969: 0.999216
22970: 0.999216
22971: 0.999216
22972: 0.999216
22973: 0.999217
22974: 0.999217
22975: 0.999217
22976: 0.999217
22977: 0.999217
22978: 0.999217
22979: 0.999217
22980: 0.999217
22981: 0.999217
22982: 0.999217
22983: 0.999217
22984: 0.999217
22985: 0.999217
22986: 0.999217
22987: 0.999217
22988: 0.999217
22989: 0.999217
22990: 0.999217
22991: 0.999217
22992: 0.999217
22993: 0.999217
22994: 0.999217
22995: 0.999217
22996: 0.999217
22997: 0.999217
22998: 0.999217
22999: 0.999217
23000: 0.999217
23001: 0.999217
23002: 0.999217
23003: 0.999218
23004: 0.999218
23005: 0.999218
23006: 0.999218
23007: 0.999218
23008: 0.999218
23009: 0.999218
23010: 0.999218
23011: 0.999218
23012: 0.999218
23013: 0.999218
23014: 0.999218
23015: 0.999218
23016: 0.999218
23017: 0.999218
23018: 0.999218
23019: 0.999218
23020: 0.999218
23021: 0.999218
23022: 0.999218
23023: 0.999218
23024: 0.999218
23025: 0.999218
23026: 0.999218
23027: 0.999218
23028: 0.999218
23029: 0.999218
23030: 0.999218
23031: 0.999218
23032: 0.999219
23033: 0.999219
23034: 0.999219
23035: 0.999219
23036: 0.999219
23037: 0.999219
23038: 0.999219
23039: 0.999219
23040: 0.999219
23041: 0.999219
23042: 0.999219
23043: 0.999219
23044: 0.999219
23045: 0.999219
23046: 0.999219
23047: 0.999219
23048: 0.999219
23049: 0.999219
23050: 0.999219
23051: 0.999219
23052: 0.999219
23053: 0.999219
23054: 0.999219
23055: 0.999219
23056: 0.999219
23057: 0.999219
23058: 0.999219
23059: 0.999219
23060: 0.999219
23061: 0.999219
23062: 0.99922
23063: 0.99922
23064: 0.99922
23065: 0.99922
23066: 0.99922
23067: 0.99922
23068: 0.99922
23069: 0.99922
23070: 0.99922
23071: 0.99922
23072: 0.99922
23073: 0.99922
23074: 0.99922
23075: 0.99922
23076: 0.99922
23077: 0.99922
23078: 0.99922
23079: 0.99922
23080: 0.99922
23081: 0.99922
23082: 0.99922
23083: 0.99922
23084: 0.99922
23085: 0.99922
23086: 0.99922
23087: 0.99922
23088: 0.99922
23089: 0.99922
23090: 0.99922
23091: 0.999221
23092: 0.999221
23093: 0.999221
23094: 0.999221
23095: 0.999221
23096: 0.999221
23097: 0.999221
23098: 0.999221
23099: 0.999221
23100: 0.999221
23101: 0.999221
23102: 0.999221
23103: 0.999221
23104: 0.999221
23105: 0.999221
23106: 0.999221
23107: 0.999221
23108: 0.999221
23109: 0.999221
23110: 0.999221
23111: 0.999221
23112: 0.999221
23113: 0.999221
23114: 0.999221
23115: 0.999221
23116: 0.999221
23117: 0.999221
23118: 0.999221
23119: 0.999221
23120: 0.999221
23121: 0.999222
23122: 0.999222
23123: 0.999222
23124: 0.999222
23125: 0.999222
23126: 0.999222
23127: 0.999222
23128: 0.999222
23129: 0.999222
23130: 0.999222
23131: 0.999222
23132: 0.999222
23133: 0.999222
23134: 0.999222
23135: 0.999222
23136: 0.999222
23137: 0.999222
23138: 0.999222
23139: 0.999222
23140: 0.999222
23141: 0.999222
23142: 0.999222
23143: 0.999222
23144: 0.999222
23145: 0.999222
23146: 0.999222
23147: 0.999222
23148: 0.999222
23149: 0.999222
23150: 0.999222
23151: 0.999223
23152: 0.999223
23153: 0.999223
23154: 0.999223
23155: 0.999223
23156: 0.999223
23157: 0.999223
23158: 0.999223
23159: 0.999223
23160: 0.999223
23161: 0.999223
23162: 0.999223
23163: 0.999223
23164: 0.999223
23165: 0.999223
23166: 0.999223
23167: 0.999223
23168: 0.999223
23169: 0.999223
23170: 0.999223
23171: 0.999223
23172: 0.999223
23173: 0.999223
23174: 0.999223
23175: 0.999223
23176: 0.999223
23177: 0.999223
23178: 0.999223
23179: 0.999223
23180: 0.999224
23181: 0.999224
23182: 0.999224
23183: 0.999224
23184: 0.999224
23185: 0.999224
23186: 0.999224
23187: 0.999224
23188: 0.999224
23189: 0.999224
23190: 0.999224
23191: 0.999224
23192: 0.999224
23193: 0.999224
23194: 0.999224
23195: 0.999224
23196: 0.999224
23197: 0.999224
23198: 0.999224
23199: 0.999224
23200: 0.999224
23201: 0.999224
23202: 0.999224
23203: 0.999224
23204: 0.999224
23205: 0.999224
23206: 0.999224
23207: 0.999224
23208: 0.999224
23209: 0.999224
23210: 0.999225
23211: 0.999225
23212: 0.999225
23213: 0.999225
23214: 0.999225
23215: 0.999225
23216: 0.999225
23217: 0.999225
23218: 0.999225
23219: 0.999225
23220: 0.999225
23221: 0.999225
23222: 0.999225
23223: 0.999225
23224: 0.999225
23225: 0.999225
23226: 0.999225
23227: 0.999225
23228: 0.999225
23229: 0.999225
23230: 0.999225
23231: 0.999225
23232: 0.999225
23233: 0.999225
23234: 0.999225
23235: 0.999225
23236: 0.999225
23237: 0.999225
23238: 0.999225
23239: 0.999225
23240: 0.999226
23241: 0.999226
23242: 0.999226
23243: 0.999226
23244: 0.999226
23245: 0.999226
23246: 0.999226
23247: 0.999226
23248: 0.999226
23249: 0.999226
23250: 0.999226
23251: 0.999226
23252: 0.999226
23253: 0.999226
23254: 0.999226
23255: 0.999226
23256: 0.999226
23257: 0.999226
23258: 0.999226
23259: 0.999226
23260: 0.999226
23261: 0.999226
23262: 0.999226
23263: 0.999226
23264: 0.999226
23265: 0.999226
23266: 0.999226
23267: 0.999226
23268: 0.999226
23269: 0.999226
23270: 0.999227
23271: 0.999227
23272: 0.999227
23273: 0.999227
23274: 0.999227
23275: 0.999227
23276: 0.999227
23277: 0.999227
23278: 0.999227
23279: 0.999227
23280: 0.999227
23281: 0.999227
23282: 0.999227
23283: 0.999227
23284: 0.999227
23285: 0.999227
23286: 0.999227
23287: 0.999227
23288: 0.999227
23289: 0.999227
23290: 0.999227
23291: 0.999227
23292: 0.999227
23293: 0.999227
23294: 0.999227
23295: 0.999227
23296: 0.999227
23297: 0.999227
23298: 0.999227
23299: 0.999227
23300: 0.999228
23301: 0.999228
23302: 0.999228
23303: 0.999228
23304: 0.999228
23305: 0.999228
23306: 0.999228
23307: 0.999228
23308: 0.999228
23309: 0.999228
23310: 0.999228
23311: 0.999228
23312: 0.999228
23313: 0.999228
23314: 0.999228
23315: 0.999228
23316: 0.999228
23317: 0.999228
23318: 0.999228
23319: 0.999228
23320: 0.999228
23321: 0.999228
23322: 0.999228
23323: 0.999228
23324: 0.999228
23325: 0.999228
23326: 0.999228
23327: 0.999228
23328: 0.999228
23329: 0.999228
23330: 0.999228
23331: 0.999229
23332: 0.999229
23333: 0.999229
23334: 0.999229
23335: 0.999229
23336: 0.999229
23337: 0.999229
23338: 0.999229
23339: 0.999229
23340: 0.999229
23341: 0.999229
23342: 0.999229
23343: 0.999229
23344: 0.999229
23345: 0.999229
23346: 0.999229
23347: 0.999229
23348: 0.999229
23349: 0.999229
23350: 0.999229
23351: 0.999229
23352: 0.999229
23353: 0.999229
23354: 0.999229
23355: 0.999229
23356: 0.999229
23357: 0.999229
23358: 0.999229
23359: 0.999229
23360: 0.999229
23361: 0.99923
23362: 0.99923
23363: 0.99923
23364: 0.99923
23365: 0.99923
23366: 0.99923
23367: 0.99923
23368: 0.99923
23369: 0.99923
23370: 0.99923
23371: 0.99923
23372: 0.99923
23373: 0.99923
23374: 0.99923
23375: 0.99923
23376: 0.99923
23377: 0.99923
23378: 0.99923
23379: 0.99923
23380: 0.99923
23381: 0.99923
23382: 0.99923
23383: 0.99923
23384: 0.99923
23385: 0.99923
23386: 0.99923
23387: 0.99923
23388: 0.99923
23389: 0.99923
23390: 0.99923
23391: 0.999231
23392: 0.999231
23393: 0.999231
23394: 0.999231
23395: 0.999231
23396: 0.999231
23397: 0.999231
23398: 0.999231
23399: 0.999231
23400: 0.999231
23401: 0.999231
23402: 0.999231
23403: 0.999231
23404: 0.999231
23405: 0.999231
23406: 0.999231
23407: 0.999231
23408: 0.999231
23409: 0.999231
23410: 0.999231
23411: 0.999231
23412: 0.999231
23413: 0.999231
23414: 0.999231
23415: 0.999231
23416: 0.999231
23417: 0.999231
23418: 0.999231
23419: 0.999231
23420: 0.999231
23421: 0.999231
23422: 0.999232
23423: 0.999232
23424: 0.999232
23425: 0.999232
23426: 0.999232
23427: 0.999232
23428: 0.999232
23429: 0.999232
23430: 0.999232
23431: 0.999232
23432: 0.999232
23433: 0.999232
23434: 0.999232
23435: 0.999232
23436: 0.999232
23437: 0.999232
23438: 0.999232
23439: 0.999232
23440: 0.999232
23441: 0.999232
23442: 0.999232
23443: 0.999232
23444: 0.999232
23445: 0.999232
23446: 0.999232
23447: 0.999232
23448: 0.999232
23449: 0.999232
23450: 0.999232
23451: 0.999232
23452: 0.999233
23453: 0.999233
23454: 0.999233
23455: 0.999233
23456: 0.999233
23457: 0.999233
23458: 0.999233
23459: 0.999233
23460: 0.999233
23461: 0.999233
23462: 0.999233
23463: 0.999233
23464: 0.999233
23465: 0.999233
23466: 0.999233
23467: 0.999233
23468: 0.999233
23469: 0.999233
23470: 0.999233
23471: 0.999233
23472: 0.999233
23473: 0.999233
23474: 0.999233
23475: 0.999233
23476: 0.999233
23477: 0.999233
23478: 0.999233
23479: 0.999233
23480: 0.999233
23481: 0.999233
23482: 0.999233
23483: 0.999234
23484: 0.999234
23485: 0.999234
23486: 0.999234
23487: 0.999234
23488: 0.999234
23489: 0.999234
23490: 0.999234
23491: 0.999234
23492: 0.999234
23493: 0.999234
23494: 0.999234
23495: 0.999234
23496: 0.999234
23497: 0.999234
23498: 0.999234
23499: 0.999234
23500: 0.999234
23501: 0.999234
23502: 0.999234
23503: 0.999234
23504: 0.999234
23505: 0.999234
23506: 0.999234
23507: 0.999234
23508: 0.999234
23509: 0.999234
23510: 0.999234
23511: 0.999234
23512: 0.999234
23513: 0.999234
23514: 0.999235
23515: 0.999235
23516: 0.999235
23517: 0.999235
23518: 0.999235
23519: 0.999235
23520: 0.999235
23521: 0.999235
23522: 0.999235
23523: 0.999235
23524: 0.999235
23525: 0.999235
23526: 0.999235
23527: 0.999235
23528: 0.999235
23529: 0.999235
23530: 0.999235
23531: 0.999235
23532: 0.999235
23533: 0.999235
23534: 0.999235
23535: 0.999235
23536: 0.999235
23537: 0.999235
23538: 0.999235
23539: 0.999235
23540: 0.999235
23541: 0.999235
23542: 0.999235
23543: 0.999235
23544: 0.999236
23545: 0.999236
23546: 0.999236
23547: 0.999236
23548: 0.999236
23549: 0.999236
23550: 0.999236
23551: 0.999236
23552: 0.999236
23553: 0.999236
23554: 0.999236
23555: 0.999236
23556: 0.999236
23557: 0.999236
23558: 0.999236
23559: 0.999236
23560: 0.999236
23561: 0.999236
23562: 0.999236
23563: 0.999236
23564: 0.999236
23565: 0.999236
23566: 0.999236
23567: 0.999236
23568: 0.999236
23569: 0.999236
23570: 0.999236
23571: 0.999236
23572: 0.999236
23573: 0.999236
23574: 0.999236
23575: 0.999237
23576: 0.999237
23577: 0.999237
23578: 0.999237
23579: 0.999237
23580: 0.999237
23581: 0.999237
23582: 0.999237
23583: 0.999237
23584: 0.999237
23585: 0.999237
23586: 0.999237
23587: 0.999237
23588: 0.999237
23589: 0.999237
23590: 0.999237
23591: 0.999237
23592: 0.999237
23593: 0.999237
23594: 0.999237
23595: 0.999237
23596: 0.999237
23597: 0.999237
23598: 0.999237
23599: 0.999237
23600: 0.999237
23601: 0.999237
23602: 0.999237
23603: 0.999237
23604: 0.999237
23605: 0.999237
23606: 0.999238
23607: 0.999238
23608: 0.999238
23609: 0.999238
23610: 0.999238
23611: 0.999238
23612: 0.999238
23613: 0.999238
23614: 0.999238
23615: 0.999238
23616: 0.999238
23617: 0.999238
23618: 0.999238
23619: 0.999238
23620: 0.999238
23621: 0.999238
23622: 0.999238
23623: 0.999238
23624: 0.999238
23625: 0.999238
23626: 0.999238
23627: 0.999238
23628: 0.999238
23629: 0.999238
23630: 0.999238
23631: 0.999238
23632: 0.999238
23633: 0.999238
23634: 0.999238
23635: 0.999238
23636: 0.999238
23637: 0.999239
23638: 0.999239
23639: 0.999239
23640: 0.999239
23641: 0.999239
23642: 0.999239
23643: 0.999239
23644: 0.999239
23645: 0.999239
23646: 0.999239
23647: 0.999239
23648: 0.999239
23649: 0.999239
23650: 0.999239
23651: 0.999239
23652: 0.999239
23653: 0.999239
23654: 0.999239
23655: 0.999239
23656: 0.999239
23657: 0.999239
23658: 0.999239
23659: 0.999239
23660: 0.999239
23661: 0.999239
23662: 0.999239
23663: 0.999239
23664: 0.999239
23665: 0.999239
23666: 0.999239
23667: 0.999239
23668: 0.99924
23669: 0.99924
23670: 0.99924
23671: 0.99924
23672: 0.99924
23673: 0.99924
23674: 0.99924
23675: 0.99924
23676: 0.99924
23677: 0.99924
23678: 0.99924
23679: 0.99924
23680: 0.99924
23681: 0.99924
23682: 0.99924
23683: 0.99924
23684: 0.99924
23685: 0.99924
23686: 0.99924
23687: 0.99924
23688: 0.99924
23689: 0.99924
23690: 0.99924
23691: 0.99924
23692: 0.99924
23693: 0.99924
23694: 0.99924
23695: 0.99924
23696: 0.99924
23697: 0.99924
23698: 0.99924
23699: 0.999241
23700: 0.999241
23701: 0.999241
23702: 0.999241
23703: 0.999241
23704: 0.999241
23705: 0.999241
23706: 0.999241
23707: 0.999241
23708: 0.999241
23709: 0.999241
23710: 0.999241
23711: 0.999241
23712: 0.999241
23713: 0.999241
23714: 0.999241
23715: 0.999241
23716: 0.999241
23717: 0.999241
23718: 0.999241
23719: 0.999241
23720: 0.999241
23721: 0.999241
23722: 0.999241
23723: 0.999241
23724: 0.999241
23725: 0.999241
23726: 0.999241
23727: 0.999241
23728: 0.999241
23729: 0.999241
23730: 0.999241
23731: 0.999242
23732: 0.999242
23733: 0.999242
23734: 0.999242
23735: 0.999242
23736: 0.999242
23737: 0.999242
23738: 0.999242
23739: 0.999242
23740: 0.999242
23741: 0.999242
23742: 0.999242
23743: 0.999242
23744: 0.999242
23745: 0.999242
23746: 0.999242
23747: 0.999242
23748: 0.999242
23749: 0.999242
23750: 0.999242
23751: 0.999242
23752: 0.999242
23753: 0.999242
23754: 0.999242
23755: 0.999242
23756: 0.999242
23757: 0.999242
23758: 0.999242
23759: 0.999242
23760: 0.999242
23761: 0.999242
23762: 0.999243
23763: 0.999243
23764: 0.999243
23765: 0.999243
23766: 0.999243
23767: 0.999243
23768: 0.999243
23769: 0.999243
23770: 0.999243
23771: 0.999243
23772: 0.999243
23773: 0.999243
23774: 0.999243
23775: 0.999243
23776: 0.999243
23777: 0.999243
23778: 0.999243
23779: 0.999243
23780: 0.999243
23781: 0.999243
23782: 0.999243
23783: 0.999243
23784: 0.999243
23785: 0.999243
23786: 0.999243
23787: 0.999243
23788: 0.999243
23789: 0.999243
23790: 0.999243
23791: 0.999243
23792: 0.999243
23793: 0.999244
23794: 0.999244
23795: 0.999244
23796: 0.999244
23797: 0.999244
23798: 0.999244
23799: 0.999244
23800: 0.999244
23801: 0.999244
23802: 0.999244
23803: 0.999244
23804: 0.999244
23805: 0.999244
23806: 0.999244
23807: 0.999244
23808: 0.999244
23809: 0.999244
23810: 0.999244
23811: 0.999244
23812: 0.999244
23813: 0.999244
23814: 0.999244
23815: 0.999244
23816: 0.999244
23817: 0.999244
23818: 0.999244
23819: 0.999244
23820: 0.999244
23821: 0.999244
23822: 0.999244
23823: 0.999244
23824: 0.999244
23825: 0.999245
23826: 0.999245
23827: 0.999245
23828: 0.999245
23829: 0.999245
23830: 0.999245
23831: 0.999245
23832: 0.999245
23833: 0.999245
23834: 0.999245
23835: 0.999245
23836: 0.999245
23837: 0.999245
23838: 0.999245
23839: 0.999245
23840: 0.999245
23841: 0.999245
23842: 0.999245
23843: 0.999245
23844: 0.999245
23845: 0.999245
23846: 0.999245
23847: 0.999245
23848: 0.999245
23849: 0.999245
23850: 0.999245
23851: 0.999245
23852: 0.999245
23853: 0.999245
23854: 0.999245
23855: 0.999245
23856: 0.999246
23857: 0.999246
23858: 0.999246
23859: 0.999246
23860: 0.999246
23861: 0.999246
23862: 0.999246
23863: 0.999246
23864: 0.999246
23865: 0.999246
23866: 0.999246
23867: 0.999246
23868: 0.999246
23869: 0.999246
23870: 0.999246
23871: 0.999246
23872: 0.999246
23873: 0.999246
23874: 0.999246
23875: 0.999246
23876: 0.999246
23877: 0.999246
23878: 0.999246
23879: 0.999246
23880: 0.999246
23881: 0.999246
23882: 0.999246
23883: 0.999246
23884: 0.999246
23885: 0.999246
23886: 0.999246
23887: 0.999246
23888: 0.999247
23889: 0.999247
23890: 0.999247
23891: 0.999247
23892: 0.999247
23893: 0.999247
23894: 0.999247
23895: 0.999247
23896: 0.999247
23897: 0.999247
23898: 0.999247
23899: 0.999247
23900: 0.999247
23901: 0.999247
23902: 0.999247
23903: 0.999247
23904: 0.999247
23905: 0.999247
23906: 0.999247
23907: 0.999247
23908: 0.999247
23909: 0.999247
23910: 0.999247
23911: 0.999247
23912: 0.999247
23913: 0.999247
23914: 0.999247
23915: 0.999247
23916: 0.999247
23917: 0.999247
23918: 0.999247
23919: 0.999247
23920: 0.999248
23921: 0.999248
23922: 0.999248
23923: 0.999248
23924: 0.999248
23925: 0.999248
23926: 0.999248
23927: 0.999248
23928: 0.999248
23929: 0.999248
23930: 0.999248
23931: 0.999248
23932: 0.999248
23933: 0.999248
23934: 0.999248
23935: 0.999248
23936: 0.999248
23937: 0.999248
23938: 0.999248
23939: 0.999248
23940: 0.999248
23941: 0.999248
23942: 0.999248
23943: 0.999248
23944: 0.999248
23945: 0.999248
23946: 0.999248
23947: 0.999248
23948: 0.999248
23949: 0.999248
23950: 0.999248
23951: 0.999248
23952: 0.999249
23953: 0.999249
23954: 0.999249
23955: 0.999249
23956: 0.999249
23957: 0.999249
23958: 0.999249
23959: 0.999249
23960: 0.999249
23961: 0.999249
23962: 0.999249
23963: 0.999249
23964: 0.999249
23965: 0.999249
23966: 0.999249
23967: 0.999249
23968: 0.999249
23969: 0.999249
23970: 0.999249
23971: 0.999249
23972: 0.999249
23973: 0.999249
23974: 0.999249
23975: 0.999249
23976: 0.999249
23977: 0.999249
23978: 0.999249
23979: 0.999249
23980: 0.999249
23981: 0.999249
23982: 0.999249
23983: 0.999249
23984: 0.99925
23985: 0.99925
23986: 0.99925
23987: 0.99925
23988: 0.99925
23989: 0.99925
23990: 0.99925
23991: 0.99925
23992: 0.99925
23993: 0.99925
23994: 0.99925
23995: 0.99925
23996: 0.99925
23997: 0.99925
23998: 0.99925
23999: 0.99925
24000: 0.99925
24001: 0.99925
24002: 0.99925
24003: 0.99925
24004: 0.99925
24005: 0.99925
24006: 0.99925
24007: 0.99925
24008: 0.99925
24009: 0.99925
24010: 0.99925
24011: 0.99925
24012: 0.99925
24013: 0.99925
24014: 0.99925
24015: 0.99925
24016: 0.999251
24017: 0.999251
24018: 0.999251
24019: 0.999251
24020: 0.999251
24021: 0.999251
24022: 0.999251
24023: 0.999251
24024: 0.999251
24025: 0.999251
24026: 0.999251
24027: 0.999251
24028: 0.999251
24029: 0.999251
24030: 0.999251
24031: 0.999251
24032: 0.999251
24033: 0.999251
24034: 0.999251
24035: 0.999251
24036: 0.999251
24037: 0.999251
24038: 0.999251
24039: 0.999251
24040: 0.999251
24041: 0.999251
24042: 0.999251
24043: 0.999251
24044: 0.999251
24045: 0.999251
24046: 0.999251
24047: 0.999251
24048: 0.999252
24049: 0.999252
24050: 0.999252
24051: 0.999252
24052: 0.999252
24053: 0.999252
24054: 0.999252
24055: 0.999252
24056: 0.999252
24057: 0.999252
24058: 0.999252
24059: 0.999252
24060: 0.999252
24061: 0.999252
24062: 0.999252
24063: 0.999252
24064: 0.999252
24065: 0.999252
24066: 0.999252
24067: 0.999252
24068: 0.999252
24069: 0.999252
24070: 0.999252
24071: 0.999252
24072: 0.999252
24073: 0.999252
24074: 0.999252
24075: 0.999252
24076: 0.999252
24077: 0.999252
24078: 0.999252
24079: 0.999252
24080: 0.999253
24081: 0.999253
24082: 0.999253
24083: 0.999253
24084: 0.999253
24085: 0.999253
24086: 0.999253
24087: 0.999253
24088: 0.999253
24089: 0.999253
24090: 0.999253
24091: 0.999253
24092: 0.999253
24093: 0.999253
24094: 0.999253
24095: 0.999253
24096: 0.999253
24097: 0.999253
24098: 0.999253
24099: 0.999253
24100: 0.999253
24101: 0.999253
24102: 0.999253
24103: 0.999253
24104: 0.999253
24105: 0.999253
24106: 0.999253
24107: 0.999253
24108: 0.999253
24109: 0.999253
24110: 0.999253
24111: 0.999253
24112: 0.999254
24113: 0.999254
24114: 0.999254
24115: 0.999254
24116: 0.999254
24117: 0.999254
24118: 0.999254
24119: 0.999254
24120: 0.999254
24121: 0.999254
24122: 0.999254
24123: 0.999254
24124: 0.999254
24125: 0.999254
24126: 0.999254
24127: 0.999254
24128: 0.999254
24129: 0.999254
24130: 0.999254
24131: 0.999254
24132: 0.999254
24133: 0.999254
24134: 0.999254
24135: 0.999254
24136: 0.999254
24137: 0.999254
24138: 0.999254
24139: 0.999254
24140: 0.999254
24141: 0.999254
24142: 0.999254
24143: 0.999254
24144: 0.999255
24145: 0.999255
24146: 0.999255
24147: 0.999255
24148: 0.999255
24149: 0.999255
24150: 0.999255
24151: 0.999255
24152: 0.999255
24153: 0.999255
24154: 0.999255
24155: 0.999255
24156: 0.999255
24157: 0.999255
24158: 0.999255
24159: 0.999255
24160: 0.999255
24161: 0.999255
24162: 0.999255
24163: 0.999255
24164: 0.999255
24165: 0.999255
24166: 0.999255
24167: 0.999255
24168: 0.999255
24169: 0.999255
24170: 0.999255
24171: 0.999255
24172: 0.999255
24173: 0.999255
24174: 0.999255
24175: 0.999255
24176: 0.999255
24177: 0.999256
24178: 0.999256
24179: 0.999256
24180: 0.999256
24181: 0.999256
24182: 0.999256
24183: 0.999256
24184: 0.999256
24185: 0.999256
24186: 0.999256
24187: 0.999256
24188: 0.999256
24189: 0.999256
24190: 0.999256
24191: 0.999256
24192: 0.999256
24193: 0.999256
24194: 0.999256
24195: 0.999256
24196: 0.999256
24197: 0.999256
24198: 0.999256
24199: 0.999256
24200: 0.999256
24201: 0.999256
24202: 0.999256
24203: 0.999256
24204: 0.999256
24205: 0.999256
24206: 0.999256
24207: 0.999256
24208: 0.999256
24209: 0.999257
24210: 0.999257
24211: 0.999257
24212: 0.999257
24213: 0.999257
24214: 0.999257
24215: 0.999257
24216: 0.999257
24217: 0.999257
24218: 0.999257
24219: 0.999257
24220: 0.999257
24221: 0.999257
24222: 0.999257
24223: 0.999257
24224: 0.999257
24225: 0.999257
24226: 0.999257
24227: 0.999257
24228: 0.999257
24229: 0.999257
24230: 0.999257
24231: 0.999257
24232: 0.999257
24233: 0.999257
24234: 0.999257
24235: 0.999257
24236: 0.999257
24237: 0.999257
24238: 0.999257
24239: 0.999257
24240: 0.999257
24241: 0.999257
24242: 0.999258
24243: 0.999258
24244: 0.999258
24245: 0.999258
24246: 0.999258
24247: 0.999258
24248: 0.999258
24249: 0.999258
24250: 0.999258
24251: 0.999258
24252: 0.999258
24253: 0.999258
24254: 0.999258
24255: 0.999258
24256: 0.999258
24257: 0.999258
24258: 0.999258
24259: 0.999258
24260: 0.999258
24261: 0.999258
24262: 0.999258
24263: 0.999258
24264: 0.999258
24265: 0.999258
24266: 0.999258
24267: 0.999258
24268: 0.999258
24269: 0.999258
24270: 0.999258
24271: 0.999258
24272: 0.999258
24273: 0.999258
24274: 0.999258
24275: 0.999259
24276: 0.999259
24277: 0.999259
24278: 0.999259
24279: 0.999259
24280: 0.999259
24281: 0.999259
24282: 0.999259
24283: 0.999259
24284: 0.999259
24285: 0.999259
24286: 0.999259
24287: 0.999259
24288: 0.999259
24289: 0.999259
24290: 0.999259
24291: 0.999259
24292: 0.999259
24293: 0.999259
24294: 0.999259
24295: 0.999259
24296: 0.999259
24297: 0.999259
24298: 0.999259
24299: 0.999259
24300: 0.999259
24301: 0.999259
24302: 0.999259
24303: 0.999259
24304: 0.999259
24305: 0.999259
24306: 0.999259
24307: 0.99926
24308: 0.99926
24309: 0.99926
24310: 0.99926
24311: 0.99926
24312: 0.99926
24313: 0.99926
24314: 0.99926
24315: 0.99926
24316: 0.99926
24317: 0.99926
24318: 0.99926
24319: 0.99926
24320: 0.99926
24321: 0.99926
24322: 0.99926
24323: 0.99926
24324: 0.99926
24325: 0.99926
24326: 0.99926
24327: 0.99926
24328: 0.99926
24329: 0.99926
24330: 0.99926
24331: 0.99926
24332: 0.99926
24333: 0.99926
24334: 0.99926
24335: 0.99926
24336: 0.99926
24337: 0.99926
24338: 0.99926
24339: 0.99926
24340: 0.999261
24341: 0.999261
24342: 0.999261
24343: 0.999261
24344: 0.999261
24345: 0.999261
24346: 0.999261
24347: 0.999261
24348: 0.999261
24349: 0.999261
24350: 0.999261
24351: 0.999261
24352: 0.999261
24353: 0.999261
24354: 0.999261
24355: 0.999261
24356: 0.999261
24357: 0.999261
24358: 0.999261
24359: 0.999261
24360: 0.999261
24361: 0.999261
24362: 0.999261
24363: 0.999261
24364: 0.999261
24365: 0.999261
24366: 0.999261
24367: 0.999261
24368: 0.999261
24369: 0.999261
24370: 0.999261
24371: 0.999261
24372: 0.999261
24373: 0.999262
24374: 0.999262
24375: 0.999262
24376: 0.999262
24377: 0.999262
24378: 0.999262
24379: 0.999262
24380: 0.999262
24381: 0.999262
24382: 0.999262
24383: 0.999262
24384: 0.999262
24385: 0.999262
24386: 0.999262
24387: 0.999262
24388: 0.999262
24389: 0.999262
24390: 0.999262
24391: 0.999262
24392: 0.999262
24393: 0.999262
24394: 0.999262
24395: 0.999262
24396: 0.999262
24397: 0.999262
24398: 0.999262
24399: 0.999262
24400: 0.999262
24401: 0.999262
24402: 0.999262
24403: 0.999262
24404: 0.999262
24405: 0.999262
24406: 0.999263
24407: 0.999263
24408: 0.999263
24409: 0.999263
24410: 0.999263
24411: 0.999263
24412: 0.999263
24413: 0.999263
24414: 0.999263
24415: 0.999263
24416: 0.999263
24417: 0.999263
24418: 0.999263
24419: 0.999263
24420: 0.999263
24421: 0.999263
24422: 0.999263
24423: 0.999263
24424: 0.999263
24425: 0.999263
24426: 0.999263
24427: 0.999263
24428: 0.999263
24429: 0.999263
24430: 0.999263
24431: 0.999263
24432: 0.999263
24433: 0.999263
24434: 0.999263
24435: 0.999263
24436: 0.999263
24437: 0.999263
24438: 0.999263
24439: 0.999264
24440: 0.999264
24441: 0.999264
24442: 0.999264
24443: 0.999264
24444: 0.999264
24445: 0.999264
24446: 0.999264
24447: 0.999264
24448: 0.999264
24449: 0.999264
24450: 0.999264
24451: 0.999264
24452: 0.999264
24453: 0.999264
24454: 0.999264
24455: 0.999264
24456: 0.999264
24457: 0.999264
24458: 0.999264
24459: 0.999264
24460: 0.999264
24461: 0.999264
24462: 0.999264
24463: 0.999264
24464: 0.999264
24465: 0.999264
24466: 0.999264
24467: 0.999264
24468: 0.999264
24469: 0.999264
24470: 0.999264
24471: 0.999264
24472: 0.999264
24473: 0.999265
24474: 0.999265
24475: 0.999265
24476: 0.999265
24477: 0.999265
24478: 0.999265
24479: 0.999265
24480: 0.999265
24481: 0.999265
24482: 0.999265
24483: 0.999265
24484: 0.999265
24485: 0.999265
24486: 0.999265
24487: 0.999265
24488: 0.999265
24489: 0.999265
24490: 0.999265
24491: 0.999265
24492: 0.999265
24493: 0.999265
24494: 0.999265
24495: 0.999265
24496: 0.999265
24497: 0.999265
24498: 0.999265
24499: 0.999265
24500: 0.999265
24501: 0.999265
24502: 0.999265
24503: 0.999265
24504: 0.999265
24505: 0.999265
24506: 0.999266
24507: 0.999266
24508: 0.999266
24509: 0.999266
24510: 0.999266
24511: 0.999266
24512: 0.999266
24513: 0.999266
24514: 0.999266
24515: 0.999266
24516: 0.999266
24517: 0.999266
24518: 0.999266
24519: 0.999266
24520: 0.999266
24521: 0.999266
24522: 0.999266
24523: 0.999266
24524: 0.999266
24525: 0.999266
24526: 0.999266
24527: 0.999266
24528: 0.999266
24529: 0.999266
24530: 0.999266
24531: 0.999266
24532: 0.999266
24533: 0.999266
24534: 0.999266
24535: 0.999266
24536: 0.999266
24537: 0.999266
24538: 0.999266
24539: 0.999267
24540: 0.999267
24541: 0.999267
24542: 0.999267
24543: 0.999267
24544: 0.999267
24545: 0.999267
24546: 0.999267
24547: 0.999267
24548: 0.999267
24549: 0.999267
24550: 0.999267
24551: 0.999267
24552: 0.999267
24553: 0.999267
24554: 0.999267
24555: 0.999267
24556: 0.999267
24557: 0.999267
24558: 0.999267
24559: 0.999267
24560: 0.999267
24561: 0.999267
24562: 0.999267
24563: 0.999267
24564: 0.999267
24565: 0.999267
24566: 0.999267
24567: 0.999267
24568: 0.999267
24569: 0.999267
24570: 0.999267
24571: 0.999267
24572: 0.999267
24573: 0.999268
24574: 0.999268
24575: 0.999268
24576: 0.999268
24577: 0.999268
24578: 0.999268
24579: 0.999268
24580: 0.999268
24581: 0.999268
24582: 0.999268
24583: 0.999268
24584: 0.999268
24585: 0.999268
24586: 0.999268
24587: 0.999268
24588: 0.999268
24589: 0.999268
24590: 0.999268
24591: 0.999268
24592: 0.999268
24593: 0.999268
24594: 0.999268
24595: 0.999268
24596: 0.999268
24597: 0.999268
24598: 0.999268
24599: 0.999268
24600: 0.999268
24601: 0.999268
24602: 0.999268
24603: 0.999268
24604: 0.999268
24605: 0.999268
24606: 0.999269
24607: 0.999269
24608: 0.999269
24609: 0.999269
24610: 0.999269
24611: 0.999269
24612: 0.999269
24613: 0.999269
24614: 0.999269
24615: 0.999269
24616: 0.999269
24617: 0.999269
24618: 0.999269
24619: 0.999269
24620: 0.999269
24621: 0.999269
24622: 0.999269
24623: 0.999269
24624: 0.999269
24625: 0.999269
24626: 0.999269
24627: 0.999269
24628: 0.999269
24629: 0.999269
24630: 0.999269
24631: 0.999269
24632: 0.999269
24633: 0.999269
24634: 0.999269
24635: 0.999269
24636: 0.999269
24637: 0.999269
24638: 0.999269
24639: 0.999269
24640: 0.99927
24641: 0.99927
24642: 0.99927
24643: 0.99927
24644: 0.99927
24645: 0.99927
24646: 0.99927
24647: 0.99927
24648: 0.99927
24649: 0.99927
24650: 0.99927
24651: 0.99927
24652: 0.99927
24653: 0.99927
24654: 0.99927
24655: 0.99927
24656: 0.99927
24657: 0.99927
24658: 0.99927
24659: 0.99927
24660: 0.99927
24661: 0.99927
24662: 0.99927
24663: 0.99927
24664: 0.99927
24665: 0.99927
24666: 0.99927
24667: 0.99927
24668: 0.99927
24669: 0.99927
24670: 0.99927
24671: 0.99927
24672: 0.99927
24673: 0.99927
24674: 0.999271
24675: 0.999271
24676: 0.999271
24677: 0.999271
24678: 0.999271
24679: 0.999271
24680: 0.999271
24681: 0.999271
24682: 0.999271
24683: 0.999271
24684: 0.999271
24685: 0.999271
24686: 0.999271
24687: 0.999271
24688: 0.999271
24689: 0.999271
24690: 0.999271
24691: 0.999271
24692: 0.999271
24693: 0.999271
24694: 0.999271
24695: 0.999271
24696: 0.999271
24697: 0.999271
24698: 0.999271
24699: 0.999271
24700: 0.999271
24701: 0.999271
24702: 0.999271
24703: 0.999271
24704: 0.999271
24705: 0.999271
24706: 0.999271
24707: 0.999271
24708: 0.999272
24709: 0.999272
24710: 0.999272
24711: 0.999272
24712: 0.999272
24713: 0.999272
24714: 0.999272
24715: 0.999272
24716: 0.999272
24717: 0.999272
24718: 0.999272
24719: 0.999272
24720: 0.999272
24721: 0.999272
24722: 0.999272
24723: 0.999272
24724: 0.999272
24725: 0.999272
24726: 0.999272
24727: 0.999272
24728: 0.999272
24729: 0.999272
24730: 0.999272
24731: 0.999272
24732: 0.999272
24733: 0.999272
24734: 0.999272
24735: 0.999272
24736: 0.999272
24737: 0.999272
24738: 0.999272
24739: 0.999272
24740: 0.999272
24741: 0.999272
24742: 0.999273
24743: 0.999273
24744: 0.999273
24745: 0.999273
24746: 0.999273
24747: 0.999273
24748: 0.999273
24749: 0.999273
24750: 0.999273
24751: 0.999273
24752: 0.999273
24753: 0.999273
24754: 0.999273
24755: 0.999273
24756: 0.999273
24757: 0.999273
24758: 0.999273
24759: 0.999273
24760: 0.999273
24761: 0.999273
24762: 0.999273
24763: 0.999273
24764: 0.999273
24765: 0.999273
24766: 0.999273
24767: 0.999273
24768: 0.999273
24769: 0.999273
24770: 0.999273
24771: 0.999273
24772: 0.999273
24773: 0.999273
24774: 0.999273
24775: 0.999273
24776: 0.999274
24777: 0.999274
24778: 0.999274
24779: 0.999274
24780: 0.999274
24781: 0.999274
24782: 0.999274
24783: 0.999274
24784: 0.999274
24785: 0.999274
24786: 0.999274
24787: 0.999274
24788: 0.999274
24789: 0.999274
24790: 0.999274
24791: 0.999274
24792: 0.999274
24793: 0.999274
24794: 0.999274
24795: 0.999274
24796: 0.999274
24797: 0.999274
24798: 0.999274
24799: 0.999274
24800: 0.999274
24801: 0.999274
24802: 0.999274
24803: 0.999274
24804: 0.999274
24805: 0.999274
24806: 0.999274
24807: 0.999274
24808: 0.999274
24809: 0.999274
24810: 0.999275
24811: 0.999275
24812: 0.999275
24813: 0.999275
24814: 0.999275
24815: 0.999275
24816: 0.999275
24817: 0.999275
24818: 0.999275
24819: 0.999275
24820: 0.999275
24821: 0.999275
24822: 0.999275
24823: 0.999275
24824: 0.999275
24825: 0.999275
24826: 0.999275
24827: 0.999275
24828: 0.999275
24829: 0.999275
24830: 0.999275
24831: 0.999275
24832: 0.999275
24833: 0.999275
24834: 0.999275
24835: 0.999275
24836: 0.999275
24837: 0.999275
24838: 0.999275
24839: 0.999275
24840: 0.999275
24841: 0.999275
24842: 0.999275
24843: 0.999275
24844: 0.999276
24845: 0.999276
24846: 0.999276
24847: 0.999276
24848: 0.999276
24849: 0.999276
24850: 0.999276
24851: 0.999276
24852: 0.999276
24853: 0.999276
24854: 0.999276
24855: 0.999276
24856: 0.999276
24857: 0.999276
24858: 0.999276
24859: 0.999276
24860: 0.999276
24861: 0.999276
24862: 0.999276
24863: 0.999276
24864: 0.999276
24865: 0.999276
24866: 0.999276
24867: 0.999276
24868: 0.999276
24869: 0.999276
24870: 0.999276
24871: 0.999276
24872: 0.999276
24873: 0.999276
24874: 0.999276
24875: 0.999276
24876: 0.999276
24877: 0.999276
24878: 0.999276
24879: 0.999277
24880: 0.999277
24881: 0.999277
24882: 0.999277
24883: 0.999277
24884: 0.999277
24885: 0.999277
24886: 0.999277
24887: 0.999277
24888: 0.999277
24889: 0.999277
24890: 0.999277
24891: 0.999277
24892: 0.999277
24893: 0.999277
24894: 0.999277
24895: 0.999277
24896: 0.999277
24897: 0.999277
24898: 0.999277
24899: 0.999277
24900: 0.999277
24901: 0.999277
24902: 0.999277
24903: 0.999277
24904: 0.999277
24905: 0.999277
24906: 0.999277
24907: 0.999277
24908: 0.999277
24909: 0.999277
24910: 0.999277
24911: 0.999277
24912: 0.999277
24913: 0.999278
24914: 0.999278
24915: 0.999278
24916: 0.999278
24917: 0.999278
24918: 0.999278
24919: 0.999278
24920: 0.999278
24921: 0.999278
24922: 0.999278
24923: 0.999278
24924: 0.999278
24925: 0.999278
24926: 0.999278
24927: 0.999278
24928: 0.999278
24929: 0.999278
24930: 0.999278
24931: 0.999278
24932: 0.999278
24933: 0.999278
24934: 0.999278
24935: 0.999278
24936: 0.999278
24937: 0.999278
24938: 0.999278
24939: 0.999278
24940: 0.999278
24941: 0.999278
24942: 0.999278
24943: 0.999278
24944: 0.999278
24945: 0.999278
24946: 0.999278
24947: 0.999278
24948: 0.999279
24949: 0.999279
24950: 0.999279
24951: 0.999279
24952: 0.999279
24953: 0.999279
24954: 0.999279
24955: 0.999279
24956: 0.999279
24957: 0.999279
24958: 0.999279
24959: 0.999279
24960: 0.999279
24961: 0.999279
24962: 0.999279
24963: 0.999279
24964: 0.999279
24965: 0.999279
24966: 0.999279
24967: 0.999279
24968: 0.999279
24969: 0.999279
24970: 0.999279
24971: 0.999279
24972: 0.999279
24973: 0.999279
24974: 0.999279
24975: 0.999279
24976: 0.999279
24977: 0.999279
24978: 0.999279
24979: 0.999279
24980: 0.999279
24981: 0.999279
24982: 0.99928
24983: 0.99928
24984: 0.99928
24985: 0.99928
24986: 0.99928
24987: 0.99928
24988: 0.99928
24989: 0.99928
24990: 0.99928
24991: 0.99928
24992: 0.99928
24993: 0.99928
24994: 0.99928
24995: 0.99928
24996: 0.99928
24997: 0.99928
24998: 0.99928
24999: 0.99928
25000: 0.99928
25001: 0.99928
25002: 0.99928
25003: 0.99928
25004: 0.99928
25005: 0.99928
25006: 0.99928
25007: 0.99928
25008: 0.99928
25009: 0.99928
25010: 0.99928
25011: 0.99928
25012: 0.99928
25013: 0.99928
25014: 0.99928
25015: 0.99928
25016: 0.99928
25017: 0.999281
25018: 0.999281
25019: 0.999281
25020: 0.999281
25021: 0.999281
25022: 0.999281
25023: 0.999281
25024: 0.999281
25025: 0.999281
25026: 0.999281
25027: 0.999281
25028: 0.999281
25029: 0.999281
25030: 0.999281
25031: 0.999281
25032: 0.999281
25033: 0.999281
25034: 0.999281
25035: 0.999281
25036: 0.999281
25037: 0.999281
25038: 0.999281
25039: 0.999281
25040: 0.999281
25041: 0.999281
25042: 0.999281
25043: 0.999281
25044: 0.999281
25045: 0.999281
25046: 0.999281
25047: 0.999281
25048: 0.999281
25049: 0.999281
25050: 0.999281
25051: 0.999281
25052: 0.999282
25053: 0.999282
25054: 0.999282
25055: 0.999282
25056: 0.999282
25057: 0.999282
25058: 0.999282
25059: 0.999282
25060: 0.999282
25061: 0.999282
25062: 0.999282
25063: 0.999282
25064: 0.999282
25065: 0.999282
25066: 0.999282
25067: 0.999282
25068: 0.999282
25069: 0.999282
25070: 0.999282
25071: 0.999282
25072: 0.999282
25073: 0.999282
25074: 0.999282
25075: 0.999282
25076: 0.999282
25077: 0.999282
25078: 0.999282
25079: 0.999282
25080: 0.999282
25081: 0.999282
25082: 0.999282
25083: 0.999282
25084: 0.999282
25085: 0.999282
25086: 0.999282
25087: 0.999283
25088: 0.999283
25089: 0.999283
25090: 0.999283
25091: 0.999283
25092: 0.999283
25093: 0.999283
25094: 0.999283
25095: 0.999283
25096: 0.999283
25097: 0.999283
25098: 0.999283
25099: 0.999283
25100: 0.999283
25101: 0.999283
25102: 0.999283
25103: 0.999283
25104: 0.999283
25105: 0.999283
25106: 0.999283
25107: 0.999283
25108: 0.999283
25109: 0.999283
25110: 0.999283
25111: 0.999283
25112: 0.999283
25113: 0.999283
25114: 0.999283
25115: 0.999283
25116: 0.999283
25117: 0.999283
25118: 0.999283
25119: 0.999283
25120: 0.999283
25121: 0.999283
25122: 0.999284
25123: 0.999284
25124: 0.999284
25125: 0.999284
25126: 0.999284
25127: 0.999284
25128: 0.999284
25129: 0.999284
25130: 0.999284
25131: 0.999284
25132: 0.999284
25133: 0.999284
25134: 0.999284
25135: 0.999284
25136: 0.999284
25137: 0.999284
25138: 0.999284
25139: 0.999284
25140: 0.999284
25141: 0.999284
25142: 0.999284
25143: 0.999284
25144: 0.999284
25145: 0.999284
25146: 0.999284
25147: 0.999284
25148: 0.999284
25149: 0.999284
25150: 0.999284
25151: 0.999284
25152: 0.999284
25153: 0.999284
25154: 0.999284
25155: 0.999284
25156: 0.999284
25157: 0.999285
25158: 0.999285
25159: 0.999285
25160: 0.999285
25161: 0.999285
25162: 0.999285
25163: 0.999285
25164: 0.999285
25165: 0.999285
25166: 0.999285
25167: 0.999285
25168: 0.999285
25169: 0.999285
25170: 0.999285
25171: 0.999285
25172: 0.999285
25173: 0.999285
25174: 0.999285
25175: 0.999285
25176: 0.999285
25177: 0.999285
25178: 0.999285
25179: 0.999285
25180: 0.999285
25181: 0.999285
25182: 0.999285
25183: 0.999285
25184: 0.999285
25185: 0.999285
25186: 0.999285
25187: 0.999285
25188: 0.999285
25189: 0.999285
25190: 0.999285
25191: 0.999285
25192: 0.999286
25193: 0.999286
25194: 0.999286
25195: 0.999286
25196: 0.999286
25197: 0.999286
25198: 0.999286
25199: 0.999286
25200: 0.999286
25201: 0.999286
25202: 0.999286
25203: 0.999286
25204: 0.999286
25205: 0.999286
25206: 0.999286
25207: 0.999286
25208: 0.999286
25209: 0.999286
25210: 0.999286
25211: 0.999286
25212: 0.999286
25213: 0.999286
25214: 0.999286
25215: 0.999286
25216: 0.999286
25217: 0.999286
25218: 0.999286
25219: 0.999286
25220: 0.999286
25221: 0.999286
25222: 0.999286
25223: 0.999286
25224: 0.999286
25225: 0.999286
25226: 0.999286
25227: 0.999287
25228: 0.999287
25229: 0.999287
25230: 0.999287
25231: 0.999287
25232: 0.999287
25233: 0.999287
25234: 0.999287
25235: 0.999287
25236: 0.999287
25237: 0.999287
25238: 0.999287
25239: 0.999287
25240: 0.999287
25241: 0.999287
25242: 0.999287
25243: 0.999287
25244: 0.999287
25245: 0.999287
25246: 0.999287
25247: 0.999287
25248: 0.999287
25249: 0.999287
25250: 0.999287
25251: 0.999287
25252: 0.999287
25253: 0.999287
25254: 0.999287
25255: 0.999287
25256: 0.999287
25257: 0.999287
25258: 0.999287
25259: 0.999287
25260: 0.999287
25261: 0.999287
25262: 0.999287
25263: 0.999288
25264: 0.999288
25265: 0.999288
25266: 0.999288
25267: 0.999288
25268: 0.999288
25269: 0.999288
25270: 0.999288
25271: 0.999288
25272: 0.999288
25273: 0.999288
25274: 0.999288
25275: 0.999288
25276: 0.999288
25277: 0.999288
25278: 0.999288
25279: 0.999288
25280: 0.999288
25281: 0.999288
25282: 0.999288
25283: 0.999288
25284: 0.999288
25285: 0.999288
25286: 0.999288
25287: 0.999288
25288: 0.999288
25289: 0.999288
25290: 0.999288
25291: 0.999288
25292: 0.999288
25293: 0.999288
25294: 0.999288
25295: 0.999288
25296: 0.999288
25297: 0.999288
25298: 0.999289
25299: 0.999289
25300: 0.999289
25301: 0.999289
25302: 0.999289
25303: 0.999289
25304: 0.999289
25305: 0.999289
25306: 0.999289
25307: 0.999289
25308: 0.999289
25309: 0.999289
25310: 0.999289
25311: 0.999289
25312: 0.999289
25313: 0.999289
25314: 0.999289
25315: 0.999289
25316: 0.999289
25317: 0.999289
25318: 0.999289
25319: 0.999289
25320: 0.999289
25321: 0.999289
25322: 0.999289
25323: 0.999289
25324: 0.999289
25325: 0.999289
25326: 0.999289
25327: 0.999289
25328: 0.999289
25329: 0.999289
25330: 0.999289
25331: 0.999289
25332: 0.999289
25333: 0.999289
25334: 0.99929
25335: 0.99929
25336: 0.99929
25337: 0.99929
25338: 0.99929
25339: 0.99929
25340: 0.99929
25341: 0.99929
25342: 0.99929
25343: 0.99929
25344: 0.99929
25345: 0.99929
25346: 0.99929
25347: 0.99929
25348: 0.99929
25349: 0.99929
25350: 0.99929
25351: 0.99929
25352: 0.99929
25353: 0.99929
25354: 0.99929
25355: 0.99929
25356: 0.99929
25357: 0.99929
25358: 0.99929
25359: 0.99929
25360: 0.99929
25361: 0.99929
25362: 0.99929
25363: 0.99929
25364: 0.99929
25365: 0.99929
25366: 0.99929
25367: 0.99929
25368: 0.99929
25369: 0.999291
25370: 0.999291
25371: 0.999291
25372: 0.999291
25373: 0.999291
25374: 0.999291
25375: 0.999291
25376: 0.999291
25377: 0.999291
25378: 0.999291
25379: 0.999291
25380: 0.999291
25381: 0.999291
25382: 0.999291
25383: 0.999291
25384: 0.999291
25385: 0.999291
25386: 0.999291
25387: 0.999291
25388: 0.999291
25389: 0.999291
25390: 0.999291
25391: 0.999291
25392: 0.999291
25393: 0.999291
25394: 0.999291
25395: 0.999291
25396: 0.999291
25397: 0.999291
25398: 0.999291
25399: 0.999291
25400: 0.999291
25401: 0.999291
25402: 0.999291
25403: 0.999291
25404: 0.999291
25405: 0.999292
25406: 0.999292
25407: 0.999292
25408: 0.999292
25409: 0.999292
25410: 0.999292
25411: 0.999292
25412: 0.999292
25413: 0.999292
25414: 0.999292
25415: 0.999292
25416: 0.999292
25417: 0.999292
25418: 0.999292
25419: 0.999292
25420: 0.999292
25421: 0.999292
25422: 0.999292
25423: 0.999292
25424: 0.999292
25425: 0.999292
25426: 0.999292
25427: 0.999292
25428: 0.999292
25429: 0.999292
25430: 0.999292
25431: 0.999292
25432: 0.999292
25433: 0.999292
25434: 0.999292
25435: 0.999292
25436: 0.999292
25437: 0.999292
25438: 0.999292
25439: 0.999292
25440: 0.999292
25441: 0.999293
25442: 0.999293
25443: 0.999293
25444: 0.999293
25445: 0.999293
25446: 0.999293
25447: 0.999293
25448: 0.999293
25449: 0.999293
25450: 0.999293
25451: 0.999293
25452: 0.999293
25453: 0.999293
25454: 0.999293
25455: 0.999293
25456: 0.999293
25457: 0.999293
25458: 0.999293
25459: 0.999293
25460: 0.999293
25461: 0.999293
25462: 0.999293
25463: 0.999293
25464: 0.999293
25465: 0.999293
25466: 0.999293
25467: 0.999293
25468: 0.999293
25469: 0.999293
25470: 0.999293
25471: 0.999293
25472: 0.999293
25473: 0.999293
25474: 0.999293
25475: 0.999293
25476: 0.999293
25477: 0.999294
25478: 0.999294
25479: 0.999294
25480: 0.999294
25481: 0.999294
25482: 0.999294
25483: 0.999294
25484: 0.999294
25485: 0.999294
25486: 0.999294
25487: 0.999294
25488: 0.999294
25489: 0.999294
25490: 0.999294
25491: 0.999294
25492: 0.999294
25493: 0.999294
25494: 0.999294
25495: 0.999294
25496: 0.999294
25497: 0.999294
25498: 0.999294
25499: 0.999294
25500: 0.999294
25501: 0.999294
25502: 0.999294
25503: 0.999294
25504: 0.999294
25505: 0.999294
25506: 0.999294
25507: 0.999294
25508: 0.999294
25509: 0.999294
25510: 0.999294
25511: 0.999294
25512: 0.999294
25513: 0.999295
25514: 0.999295
25515: 0.999295
25516: 0.999295
25517: 0.999295
25518: 0.999295
25519: 0.999295
25520: 0.999295
25521: 0.999295
25522: 0.999295
25523: 0.999295
25524: 0.999295
25525: 0.999295
25526: 0.999295
25527: 0.999295
25528: 0.999295
25529: 0.999295
25530: 0.999295
25531: 0.999295
25532: 0.999295
25533: 0.999295
25534: 0.999295
25535: 0.999295
25536: 0.999295
25537: 0.999295
25538: 0.999295
25539: 0.999295
25540: 0.999295
25541: 0.999295
25542: 0.999295
25543: 0.999295
25544: 0.999295
25545: 0.999295
25546: 0.999295
25547: 0.999295
25548: 0.999295
25549: 0.999295
25550: 0.999296
25551: 0.999296
25552: 0.999296
25553: 0.999296
25554: 0.999296
25555: 0.999296
25556: 0.999296
25557: 0.999296
25558: 0.999296
25559: 0.999296
25560: 0.999296
25561: 0.999296
25562: 0.999296
25563: 0.999296
25564: 0.999296
25565: 0.999296
25566: 0.999296
25567: 0.999296
25568: 0.999296
25569: 0.999296
25570: 0.999296
25571: 0.999296
25572: 0.999296
25573: 0.999296
25574: 0.999296
25575: 0.999296
25576: 0.999296
25577: 0.999296
25578: 0.999296
25579: 0.999296
25580: 0.999296
25581: 0.999296
25582: 0.999296
25583: 0.999296
25584: 0.999296
25585: 0.999296
25586: 0.999297
25587: 0.999297
25588: 0.999297
25589: 0.999297
25590: 0.999297
25591: 0.999297
25592: 0.999297
25593: 0.999297
25594: 0.999297
25595: 0.999297
25596: 0.999297
25597: 0.999297
25598: 0.999297
25599: 0.999297
25600: 0.999297
25601: 0.999297
25602: 0.999297
25603: 0.999297
25604: 0.999297
25605: 0.999297
25606: 0.999297
25607: 0.999297
25608: 0.999297
25609: 0.999297
25610: 0.999297
25611: 0.999297
25612: 0.999297
25613: 0.999297
25614: 0.999297
25615: 0.999297
25616: 0.999297
25617: 0.999297
25618: 0.999297
25619: 0.999297
25620: 0.999297
25621: 0.999297
25622: 0.999298
25623: 0.999298
25624: 0.999298
25625: 0.999298
25626: 0.999298
25627: 0.999298
25628: 0.999298
25629: 0.999298
25630: 0.999298
25631: 0.999298
25632: 0.999298
25633: 0.999298
25634: 0.999298
25635: 0.999298
25636: 0.999298
25637: 0.999298
25638: 0.999298
25639: 0.999298
25640: 0.999298
25641: 0.999298
25642: 0.999298
25643: 0.999298
25644: 0.999298
25645: 0.999298
25646: 0.999298
25647: 0.999298
25648: 0.999298
25649: 0.999298
25650: 0.999298
25651: 0.999298
25652: 0.999298
25653: 0.999298
25654: 0.999298
25655: 0.999298
25656: 0.999298
25657: 0.999298
25658: 0.999298
25659: 0.999299
25660: 0.999299
25661: 0.999299
25662: 0.999299
25663: 0.999299
25664: 0.999299
25665: 0.999299
25666: 0.999299
25667: 0.999299
25668: 0.999299
25669: 0.999299
25670: 0.999299
25671: 0.999299
25672: 0.999299
25673: 0.999299
25674: 0.999299
25675: 0.999299
25676: 0.999299
25677: 0.999299
25678: 0.999299
25679: 0.999299
25680: 0.999299
25681: 0.999299
25682: 0.999299
25683: 0.999299
25684: 0.999299
25685: 0.999299
25686: 0.999299
25687: 0.999299
25688: 0.999299
25689: 0.999299
25690: 0.999299
25691: 0.999299
25692: 0.999299
25693: 0.999299
25694: 0.999299
25695: 0.9993
25696: 0.9993
25697: 0.9993
25698: 0.9993
25699: 0.9993
25700: 0.9993
25701: 0.9993
25702: 0.9993
25703: 0.9993
25704: 0.9993
25705: 0.9993
25706: 0.9993
25707: 0.9993
25708: 0.9993
25709: 0.9993
25710: 0.9993
25711: 0.9993
25712: 0.9993
25713: 0.9993
25714: 0.9993
25715: 0.9993
25716: 0.9993
25717: 0.9993
25718: 0.9993
25719: 0.9993
25720: 0.9993
25721: 0.9993
25722: 0.9993
25723: 0.9993
25724: 0.9993
25725: 0.9993
25726: 0.9993
25727: 0.9993
25728: 0.9993
25729: 0.9993
25730: 0.9993
25731: 0.9993
25732: 0.999301
25733: 0.999301
25734: 0.999301
25735: 0.999301
25736: 0.999301
25737: 0.999301
25738: 0.999301
25739: 0.999301
25740: 0.999301
25741: 0.999301
25742: 0.999301
25743: 0.999301
25744: 0.999301
25745: 0.999301
25746: 0.999301
25747: 0.999301
25748: 0.999301
25749: 0.999301
25750: 0.999301
25751: 0.999301
25752: 0.999301
25753: 0.999301
25754: 0.999301
25755: 0.999301
25756: 0.999301
25757: 0.999301
25758: 0.999301
25759: 0.999301
25760: 0.999301
25761: 0.999301
25762: 0.999301
25763: 0.999301
25764: 0.999301
25765: 0.999301
25766: 0.999301
25767: 0.999301
25768: 0.999301
25769: 0.999302
25770: 0.999302
25771: 0.999302
25772: 0.999302
25773: 0.999302
25774: 0.999302
25775: 0.999302
25776: 0.999302
25777: 0.999302
25778: 0.999302
25779: 0.999302
25780: 0.999302
25781: 0.999302
25782: 0.999302
25783: 0.999302
25784: 0.999302
25785: 0.999302
25786: 0.999302
25787: 0.999302
25788: 0.999302
25789: 0.999302
25790: 0.999302
25791: 0.999302
25792: 0.999302
25793: 0.999302
25794: 0.999302
25795: 0.999302
25796: 0.999302
25797: 0.999302
25798: 0.999302
25799: 0.999302
25800: 0.999302
25801: 0.999302
25802: 0.999302
25803: 0.999302
25804: 0.999302
25805: 0.999302
25806: 0.999303
25807: 0.999303
25808: 0.999303
25809: 0.999303
25810: 0.999303
25811: 0.999303
25812: 0.999303
25813: 0.999303
25814: 0.999303
25815: 0.999303
25816: 0.999303
25817: 0.999303
25818: 0.999303
25819: 0.999303
25820: 0.999303
25821: 0.999303
25822: 0.999303
25823: 0.999303
25824: 0.999303
25825: 0.999303
25826: 0.999303
25827: 0.999303
25828: 0.999303
25829: 0.999303
25830: 0.999303
25831: 0.999303
25832: 0.999303
25833: 0.999303
25834: 0.999303
25835: 0.999303
25836: 0.999303
25837: 0.999303
25838: 0.999303
25839: 0.999303
25840: 0.999303
25841: 0.999303
25842: 0.999303
25843: 0.999304
25844: 0.999304
25845: 0.999304
25846: 0.999304
25847: 0.999304
25848: 0.999304
25849: 0.999304
25850: 0.999304
25851: 0.999304
25852: 0.999304
25853: 0.999304
25854: 0.999304
25855: 0.999304
25856: 0.999304
25857: 0.999304
25858: 0.999304
25859: 0.999304
25860: 0.999304
25861: 0.999304
25862: 0.999304
25863: 0.999304
25864: 0.999304
25865: 0.999304
25866: 0.999304
25867: 0.999304
25868: 0.999304
25869: 0.999304
25870: 0.999304
25871: 0.999304
25872: 0.999304
25873: 0.999304
25874: 0.999304
25875: 0.999304
25876: 0.999304
25877: 0.999304
25878: 0.999304
25879: 0.999304
25880: 0.999305
25881: 0.999305
25882: 0.999305
25883: 0.999305
25884: 0.999305
25885: 0.999305
25886: 0.999305
25887: 0.999305
25888: 0.999305
25889: 0.999305
25890: 0.999305
25891: 0.999305
25892: 0.999305
25893: 0.999305
25894: 0.999305
25895: 0.999305
25896: 0.999305
25897: 0.999305
25898: 0.999305
25899: 0.999305
25900: 0.999305
25901: 0.999305
25902: 0.999305
25903: 0.999305
25904: 0.999305
25905: 0.999305
25906: 0.999305
25907: 0.999305
25908: 0.999305
25909: 0.999305
25910: 0.999305
25911: 0.999305
25912: 0.999305
25913: 0.999305
25914: 0.999305
25915: 0.999305
25916: 0.999305
25917: 0.999306
25918: 0.999306
25919: 0.999306
25920: 0.999306
25921: 0.999306
25922: 0.999306
25923: 0.999306
25924: 0.999306
25925: 0.999306
25926: 0.999306
25927: 0.999306
25928: 0.999306
25929: 0.999306
25930: 0.999306
25931: 0.999306
25932: 0.999306
25933: 0.999306
25934: 0.999306
25935: 0.999306
25936: 0.999306
25937: 0.999306
25938: 0.999306
25939: 0.999306
25940: 0.999306
25941: 0.999306
25942: 0.999306
25943: 0.999306
25944: 0.999306
25945: 0.999306
25946: 0.999306
25947: 0.999306
25948: 0.999306
25949: 0.999306
25950: 0.999306
25951: 0.999306
25952: 0.999306
25953: 0.999306
25954: 0.999306
25955: 0.999307
25956: 0.999307
25957: 0.999307
25958: 0.999307
25959: 0.999307
25960: 0.999307
25961: 0.999307
25962: 0.999307
25963: 0.999307
25964: 0.999307
25965: 0.999307
25966: 0.999307
25967: 0.999307
25968: 0.999307
25969: 0.999307
25970: 0.999307
25971: 0.999307
25972: 0.999307
25973: 0.999307
25974: 0.999307
25975: 0.999307
25976: 0.999307
25977: 0.999307
25978: 0.999307
25979: 0.999307
25980: 0.999307
25981: 0.999307
25982: 0.999307
25983: 0.999307
25984: 0.999307
25985: 0.999307
25986: 0.999307
25987: 0.999307
25988: 0.999307
25989: 0.999307
25990: 0.999307
25991: 0.999307
25992: 0.999308
25993: 0.999308
25994: 0.999308
25995: 0.999308
25996: 0.999308
25997: 0.999308
25998: 0.999308
25999: 0.999308
26000: 0.999308
26001: 0.999308
26002: 0.999308
26003: 0.999308
26004: 0.999308
26005: 0.999308
26006: 0.999308
26007: 0.999308
26008: 0.999308
26009: 0.999308
26010: 0.999308
26011: 0.999308
26012: 0.999308
26013: 0.999308
26014: 0.999308
26015: 0.999308
26016: 0.999308
26017: 0.999308
26018: 0.999308
26019: 0.999308
26020: 0.999308
26021: 0.999308
26022: 0.999308
26023: 0.999308
26024: 0.999308
26025: 0.999308
26026: 0.999308
26027: 0.999308
26028: 0.999308
26029: 0.999308
26030: 0.999309
26031: 0.999309
26032: 0.999309
26033: 0.999309
26034: 0.999309
26035: 0.999309
26036: 0.999309
26037: 0.999309
26038: 0.999309
26039: 0.999309
26040: 0.999309
26041: 0.999309
26042: 0.999309
26043: 0.999309
26044: 0.999309
26045: 0.999309
26046: 0.999309
26047: 0.999309
26048: 0.999309
26049: 0.999309
26050: 0.999309
26051: 0.999309
26052: 0.999309
26053: 0.999309
26054: 0.999309
26055: 0.999309
26056: 0.999309
26057: 0.999309
26058: 0.999309
26059: 0.999309
26060: 0.999309
26061: 0.999309
26062: 0.999309
26063: 0.999309
26064: 0.999309
26065: 0.999309
26066: 0.999309
26067: 0.999309
26068: 0.99931
26069: 0.99931
26070: 0.99931
26071: 0.99931
26072: 0.99931
26073: 0.99931
26074: 0.99931
26075: 0.99931
26076: 0.99931
26077: 0.99931
26078: 0.99931
26079: 0.99931
26080: 0.99931
26081: 0.99931
26082: 0.99931
26083: 0.99931
26084: 0.99931
26085: 0.99931
26086: 0.99931
26087: 0.99931
26088: 0.99931
26089: 0.99931
26090: 0.99931
26091: 0.99931
26092: 0.99931
26093: 0.99931
26094: 0.99931
26095: 0.99931
26096: 0.99931
26097: 0.99931
26098: 0.99931
26099: 0.99931
26100: 0.99931
26101: 0.99931
26102: 0.99931
26103: 0.99931
26104: 0.99931
26105: 0.999311
26106: 0.999311
26107: 0.999311
26108: 0.999311
26109: 0.999311
26110: 0.999311
26111: 0.999311
26112: 0.999311
26113: 0.999311
26114: 0.999311
26115: 0.999311
26116: 0.999311
26117: 0.999311
26118: 0.999311
26119: 0.999311
26120: 0.999311
26121: 0.999311
26122: 0.999311
26123: 0.999311
26124: 0.999311
26125: 0.999311
26126: 0.999311
26127: 0.999311
26128: 0.999311
26129: 0.999311
26130: 0.999311
26131: 0.999311
26132: 0.999311
26133: 0.999311
26134: 0.999311
26135: 0.999311
26136: 0.999311
26137: 0.999311
26138: 0.999311
26139: 0.999311
26140: 0.999311
26141: 0.999311
26142: 0.999311
26143: 0.999312
26144: 0.999312
26145: 0.999312
26146: 0.999312
26147: 0.999312
26148: 0.999312
26149: 0.999312
26150: 0.999312
26151: 0.999312
26152: 0.999312
26153: 0.999312
26154: 0.999312
26155: 0.999312
26156: 0.999312
26157: 0.999312
26158: 0.999312
26159: 0.999312
26160: 0.999312
26161: 0.999312
26162: 0.999312
26163: 0.999312
26164: 0.999312
26165: 0.999312
26166: 0.999312
26167: 0.999312
26168: 0.999312
26169: 0.999312
26170: 0.999312
26171: 0.999312
26172: 0.999312
26173: 0.999312
26174: 0.999312
26175: 0.999312
26176: 0.999312
26177: 0.999312
26178: 0.999312
26179: 0.999312
26180: 0.999312
26181: 0.999313
26182: 0.999313
26183: 0.999313
26184: 0.999313
26185: 0.999313
26186: 0.999313
26187: 0.999313
26188: 0.999313
26189: 0.999313
26190: 0.999313
26191: 0.999313
26192: 0.999313
26193: 0.999313
26194: 0.999313
26195: 0.999313
26196: 0.999313
26197: 0.999313
26198: 0.999313
26199: 0.999313
26200: 0.999313
26201: 0.999313
26202: 0.999313
26203: 0.999313
26204: 0.999313
26205: 0.999313
26206: 0.999313
26207: 0.999313
26208: 0.999313
26209: 0.999313
26210: 0.999313
26211: 0.999313
26212: 0.999313
26213: 0.999313
26214: 0.999313
26215: 0.999313
26216: 0.999313
26217: 0.999313
26218: 0.999313
26219: 0.999314
26220: 0.999314
26221: 0.999314
26222: 0.999314
26223: 0.999314
26224: 0.999314
26225: 0.999314
26226: 0.999314
26227: 0.999314
26228: 0.999314
26229: 0.999314
26230: 0.999314
26231: 0.999314
26232: 0.999314
26233: 0.999314
26234: 0.999314
26235: 0.999314
26236: 0.999314
26237: 0.999314
26238: 0.999314
26239: 0.999314
26240: 0.999314
26241: 0.999314
26242: 0.999314
26243: 0.999314
26244: 0.999314
26245: 0.999314
26246: 0.999314
26247: 0.999314
26248: 0.999314
26249: 0.999314
26250: 0.999314
26251: 0.999314
26252: 0.999314
26253: 0.999314
26254: 0.999314
26255: 0.999314
26256: 0.999314
26257: 0.999314
26258: 0.999315
26259: 0.999315
26260: 0.999315
26261: 0.999315
26262: 0.999315
26263: 0.999315
26264: 0.999315
26265: 0.999315
26266: 0.999315
26267: 0.999315
26268: 0.999315
26269: 0.999315
26270: 0.999315
26271: 0.999315
26272: 0.999315
26273: 0.999315
26274: 0.999315
26275: 0.999315
26276: 0.999315
26277: 0.999315
26278: 0.999315
26279: 0.999315
26280: 0.999315
26281: 0.999315
26282: 0.999315
26283: 0.999315
26284: 0.999315
26285: 0.999315
26286: 0.999315
26287: 0.999315
26288: 0.999315
26289: 0.999315
26290: 0.999315
26291: 0.999315
26292: 0.999315
26293: 0.999315
26294: 0.999315
26295: 0.999315
26296: 0.999316
26297: 0.999316
26298: 0.999316
26299: 0.999316
26300: 0.999316
26301: 0.999316
26302: 0.999316
26303: 0.999316
26304: 0.999316
26305: 0.999316
26306: 0.999316
26307: 0.999316
26308: 0.999316
26309: 0.999316
26310: 0.999316
26311: 0.999316
26312: 0.999316
26313: 0.999316
26314: 0.999316
26315: 0.999316
26316: 0.999316
26317: 0.999316
26318: 0.999316
26319: 0.999316
26320: 0.999316
26321: 0.999316
26322: 0.999316
26323: 0.999316
26324: 0.999316
26325: 0.999316
26326: 0.999316
26327: 0.999316
26328: 0.999316
26329: 0.999316
26330: 0.999316
26331: 0.999316
26332: 0.999316
26333: 0.999316
26334: 0.999316
26335: 0.999317
26336: 0.999317
26337: 0.999317
26338: 0.999317
26339: 0.999317
26340: 0.999317
26341: 0.999317
26342: 0.999317
26343: 0.999317
26344: 0.999317
26345: 0.999317
26346: 0.999317
26347: 0.999317
26348: 0.999317
26349: 0.999317
26350: 0.999317
26351: 0.999317
26352: 0.999317
26353: 0.999317
26354: 0.999317
26355: 0.999317
26356: 0.999317
26357: 0.999317
26358: 0.999317
26359: 0.999317
26360: 0.999317
26361: 0.999317
26362: 0.999317
26363: 0.999317
26364: 0.999317
26365: 0.999317
26366: 0.999317
26367: 0.999317
26368: 0.999317
26369: 0.999317
26370: 0.999317
26371: 0.999317
26372: 0.999317
26373: 0.999318
26374: 0.999318
26375: 0.999318
26376: 0.999318
26377: 0.999318
26378: 0.999318
26379: 0.999318
26380: 0.999318
26381: 0.999318
26382: 0.999318
26383: 0.999318
26384: 0.999318
26385: 0.999318
26386: 0.999318
26387: 0.999318
26388: 0.999318
26389: 0.999318
26390: 0.999318
26391: 0.999318
26392: 0.999318
26393: 0.999318
26394: 0.999318
26395: 0.999318
26396: 0.999318
26397: 0.999318
26398: 0.999318
26399: 0.999318
26400: 0.999318
26401: 0.999318
26402: 0.999318
26403: 0.999318
26404: 0.999318
26405: 0.999318
26406: 0.999318
26407: 0.999318
26408: 0.999318
26409: 0.999318
26410: 0.999318
26411: 0.999318
26412: 0.999319
26413: 0.999319
26414: 0.999319
26415: 0.999319
26416: 0.999319
26417: 0.999319
26418: 0.999319
26419: 0.999319
26420: 0.999319
26421: 0.999319
26422: 0.999319
26423: 0.999319
26424: 0.999319
26425: 0.999319
26426: 0.999319
26427: 0.999319
26428: 0.999319
26429: 0.999319
26430: 0.999319
26431: 0.999319
26432: 0.999319
26433: 0.999319
26434: 0.999319
26435: 0.999319
26436: 0.999319
26437: 0.999319
26438: 0.999319
26439: 0.999319
26440: 0.999319
26441: 0.999319
26442: 0.999319
26443: 0.999319
26444: 0.999319
26445: 0.999319
26446: 0.999319
26447: 0.999319
26448: 0.999319
26449: 0.999319
26450: 0.999319
26451: 0.99932
26452: 0.99932
26453: 0.99932
26454: 0.99932
26455: 0.99932
26456: 0.99932
26457: 0.99932
26458: 0.99932
26459: 0.99932
26460: 0.99932
26461: 0.99932
26462: 0.99932
26463: 0.99932
26464: 0.99932
26465: 0.99932
26466: 0.99932
26467: 0.99932
26468: 0.99932
26469: 0.99932
26470: 0.99932
26471: 0.99932
26472: 0.99932
26473: 0.99932
26474: 0.99932
26475: 0.99932
26476: 0.99932
26477: 0.99932
26478: 0.99932
26479: 0.99932
26480: 0.99932
26481: 0.99932
26482: 0.99932
26483: 0.99932
26484: 0.99932
26485: 0.99932
26486: 0.99932
26487: 0.99932
26488: 0.99932
26489: 0.99932
26490: 0.999321
26491: 0.999321
26492: 0.999321
26493: 0.999321
26494: 0.999321
26495: 0.999321
26496: 0.999321
26497: 0.999321
26498: 0.999321
26499: 0.999321
26500: 0.999321
26501: 0.999321
26502: 0.999321
26503: 0.999321
26504: 0.999321
26505: 0.999321
26506: 0.999321
26507: 0.999321
26508: 0.999321
26509: 0.999321
26510: 0.999321
26511: 0.999321
26512: 0.999321
26513: 0.999321
26514: 0.999321
26515: 0.999321
26516: 0.999321
26517: 0.999321
26518: 0.999321
26519: 0.999321
26520: 0.999321
26521: 0.999321
26522: 0.999321
26523: 0.999321
26524: 0.999321
26525: 0.999321
26526: 0.999321
26527: 0.999321
26528: 0.999321
26529: 0.999322
26530: 0.999322
26531: 0.999322
26532: 0.999322
26533: 0.999322
26534: 0.999322
26535: 0.999322
26536: 0.999322
26537: 0.999322
26538: 0.999322
26539: 0.999322
26540: 0.999322
26541: 0.999322
26542: 0.999322
26543: 0.999322
26544: 0.999322
26545: 0.999322
26546: 0.999322
26547: 0.999322
26548: 0.999322
26549: 0.999322
26550: 0.999322
26551: 0.999322
26552: 0.999322
26553: 0.999322
26554: 0.999322
26555: 0.999322
26556: 0.999322
26557: 0.999322
26558: 0.999322
26559: 0.999322
26560: 0.999322
26561: 0.999322
26562: 0.999322
26563: 0.999322
26564: 0.999322
26565: 0.999322
26566: 0.999322
26567: 0.999322
26568: 0.999323
26569: 0.999323
26570: 0.999323
26571: 0.999323
26572: 0.999323
26573: 0.999323
26574: 0.999323
26575: 0.999323
26576: 0.999323
26577: 0.999323
26578: 0.999323
26579: 0.999323
26580: 0.999323
26581: 0.999323
26582: 0.999323
26583: 0.999323
26584: 0.999323
26585: 0.999323
26586: 0.999323
26587: 0.999323
26588: 0.999323
26589: 0.999323
26590: 0.999323
26591: 0.999323
26592: 0.999323
26593: 0.999323
26594: 0.999323
26595: 0.999323
26596: 0.999323
26597: 0.999323
26598: 0.999323
26599: 0.999323
26600: 0.999323
26601: 0.999323
26602: 0.999323
26603: 0.999323
26604: 0.999323
26605: 0.999323
26606: 0.999323
26607: 0.999324
26608: 0.999324
26609: 0.999324
26610: 0.999324
26611: 0.999324
26612: 0.999324
26613: 0.999324
26614: 0.999324
26615: 0.999324
26616: 0.999324
26617: 0.999324
26618: 0.999324
26619: 0.999324
26620: 0.999324
26621: 0.999324
26622: 0.999324
26623: 0.999324
26624: 0.999324
26625: 0.999324
26626: 0.999324
26627: 0.999324
26628: 0.999324
26629: 0.999324
26630: 0.999324
26631: 0.999324
26632: 0.999324
26633: 0.999324
26634: 0.999324
26635: 0.999324
26636: 0.999324
26637: 0.999324
26638: 0.999324
26639: 0.999324
26640: 0.999324
26641: 0.999324
26642: 0.999324
26643: 0.999324
26644: 0.999324
26645: 0.999324
26646: 0.999325
26647: 0.999325
26648: 0.999325
26649: 0.999325
26650: 0.999325
26651: 0.999325
26652: 0.999325
26653: 0.999325
26654: 0.999325
26655: 0.999325
26656: 0.999325
26657: 0.999325
26658: 0.999325
26659: 0.999325
26660: 0.999325
26661: 0.999325
26662: 0.999325
26663: 0.999325
26664: 0.999325
26665: 0.999325
26666: 0.999325
26667: 0.999325
26668: 0.999325
26669: 0.999325
26670: 0.999325
26671: 0.999325
26672: 0.999325
26673: 0.999325
26674: 0.999325
26675: 0.999325
26676: 0.999325
26677: 0.999325
26678: 0.999325
26679: 0.999325
26680: 0.999325
26681: 0.999325
26682: 0.999325
26683: 0.999325
26684: 0.999325
26685: 0.999325
26686: 0.999326
26687: 0.999326
26688: 0.999326
26689: 0.999326
26690: 0.999326
26691: 0.999326
26692: 0.999326
26693: 0.999326
26694: 0.999326
26695: 0.999326
26696: 0.999326
26697: 0.999326
26698: 0.999326
26699: 0.999326
26700: 0.999326
26701: 0.999326
26702: 0.999326
26703: 0.999326
26704: 0.999326
26705: 0.999326
26706: 0.999326
26707: 0.999326
26708: 0.999326
26709: 0.999326
26710: 0.999326
26711: 0.999326
26712: 0.999326
26713: 0.999326
26714: 0.999326
26715: 0.999326
26716: 0.999326
26717: 0.999326
26718: 0.999326
26719: 0.999326
26720: 0.999326
26721: 0.999326
26722: 0.999326
26723: 0.999326
26724: 0.999326
26725: 0.999326
26726: 0.999327
26727: 0.999327
26728: 0.999327
26729: 0.999327
26730: 0.999327
26731: 0.999327
26732: 0.999327
26733: 0.999327
26734: 0.999327
26735: 0.999327
26736: 0.999327
26737: 0.999327
26738: 0.999327
26739: 0.999327
26740: 0.999327
26741: 0.999327
26742: 0.999327
26743: 0.999327
26744: 0.999327
26745: 0.999327
26746: 0.999327
26747: 0.999327
26748: 0.999327
26749: 0.999327
26750: 0.999327
26751: 0.999327
26752: 0.999327
26753: 0.999327
26754: 0.999327
26755: 0.999327
26756: 0.999327
26757: 0.999327
26758: 0.999327
26759: 0.999327
26760: 0.999327
26761: 0.999327
26762: 0.999327
26763: 0.999327
26764: 0.999327
26765: 0.999328
26766: 0.999328
26767: 0.999328
26768: 0.999328
26769: 0.999328
26770: 0.999328
26771: 0.999328
26772: 0.999328
26773: 0.999328
26774: 0.999328
26775: 0.999328
26776: 0.999328
26777: 0.999328
26778: 0.999328
26779: 0.999328
26780: 0.999328
26781: 0.999328
26782: 0.999328
26783: 0.999328
26784: 0.999328
26785: 0.999328
26786: 0.999328
26787: 0.999328
26788: 0.999328
26789: 0.999328
26790: 0.999328
26791: 0.999328
26792: 0.999328
26793: 0.999328
26794: 0.999328
26795: 0.999328
26796: 0.999328
26797: 0.999328
26798: 0.999328
26799: 0.999328
26800: 0.999328
26801: 0.999328
26802: 0.999328
26803: 0.999328
26804: 0.999328
26805: 0.999329
26806: 0.999329
26807: 0.999329
26808: 0.999329
26809: 0.999329
26810: 0.999329
26811: 0.999329
26812: 0.999329
26813: 0.999329
26814: 0.999329
26815: 0.999329
26816: 0.999329
26817: 0.999329
26818: 0.999329
26819: 0.999329
26820: 0.999329
26821: 0.999329
26822: 0.999329
26823: 0.999329
26824: 0.999329
26825: 0.999329
26826: 0.999329
26827: 0.999329
26828: 0.999329
26829: 0.999329
26830: 0.999329
26831: 0.999329
26832: 0.999329
26833: 0.999329
26834: 0.999329
26835: 0.999329
26836: 0.999329
26837: 0.999329
26838: 0.999329
26839: 0.999329
26840: 0.999329
26841: 0.999329
26842: 0.999329
26843: 0.999329
26844: 0.999329
26845: 0.99933
26846: 0.99933
26847: 0.99933
26848: 0.99933
26849: 0.99933
26850: 0.99933
26851: 0.99933
26852: 0.99933
26853: 0.99933
26854: 0.99933
26855: 0.99933
26856: 0.99933
26857: 0.99933
26858: 0.99933
26859: 0.99933
26860: 0.99933
26861: 0.99933
26862: 0.99933
26863: 0.99933
26864: 0.99933
26865: 0.99933
26866: 0.99933
26867: 0.99933
26868: 0.99933
26869: 0.99933
26870: 0.99933
26871: 0.99933
26872: 0.99933
26873: 0.99933
26874: 0.99933
26875: 0.99933
26876: 0.99933
26877: 0.99933
26878: 0.99933
26879: 0.99933
26880: 0.99933
26881: 0.99933
26882: 0.99933
26883: 0.99933
26884: 0.99933
26885: 0.999331
26886: 0.999331
26887: 0.999331
26888: 0.999331
26889: 0.999331
26890: 0.999331
26891: 0.999331
26892: 0.999331
26893: 0.999331
26894: 0.999331
26895: 0.999331
26896: 0.999331
26897: 0.999331
26898: 0.999331
26899: 0.999331
26900: 0.999331
26901: 0.999331
26902: 0.999331
26903: 0.999331
26904: 0.999331
26905: 0.999331
26906: 0.999331
26907: 0.999331
26908: 0.999331
26909: 0.999331
26910: 0.999331
26911: 0.999331
26912: 0.999331
26913: 0.999331
26914: 0.999331
26915: 0.999331
26916: 0.999331
26917: 0.999331
26918: 0.999331
26919: 0.999331
26920: 0.999331
26921: 0.999331
26922: 0.999331
26923: 0.999331
26924: 0.999331
26925: 0.999332
26926: 0.999332
26927: 0.999332
26928: 0.999332
26929: 0.999332
26930: 0.999332
26931: 0.999332
26932: 0.999332
26933: 0.999332
26934: 0.999332
26935: 0.999332
26936: 0.999332
26937: 0.999332
26938: 0.999332
26939: 0.999332
26940: 0.999332
26941: 0.999332
26942: 0.999332
26943: 0.999332
26944: 0.999332
26945: 0.999332
26946: 0.999332
26947: 0.999332
26948: 0.999332
26949: 0.999332
26950: 0.999332
26951: 0.999332
26952: 0.999332
26953: 0.999332
26954: 0.999332
26955: 0.999332
26956: 0.999332
26957: 0.999332
26958: 0.999332
26959: 0.999332
26960: 0.999332
26961: 0.999332
26962: 0.999332
26963: 0.999332
26964: 0.999332
26965: 0.999332
26966: 0.999333
26967: 0.999333
26968: 0.999333
26969: 0.999333
26970: 0.999333
26971: 0.999333
26972: 0.999333
26973: 0.999333
26974: 0.999333
26975: 0.999333
26976: 0.999333
26977: 0.999333
26978: 0.999333
26979: 0.999333
26980: 0.999333
26981: 0.999333
26982: 0.999333
26983: 0.999333
26984: 0.999333
26985: 0.999333
26986: 0.999333
26987: 0.999333
26988: 0.999333
26989: 0.999333
26990: 0.999333
26991: 0.999333
26992: 0.999333
26993: 0.999333
26994: 0.999333
26995: 0.999333
26996: 0.999333
26997: 0.999333
26998: 0.999333
26999: 0.999333
27000: 0.999333
27001: 0.999333
27002: 0.999333
27003: 0.999333
27004: 0.999333
27005: 0.999333
27006: 0.999334
27007: 0.999334
27008: 0.999334
27009: 0.999334
27010: 0.999334
27011: 0.999334
27012: 0.999334
27013: 0.999334
27014: 0.999334
27015: 0.999334
27016: 0.999334
27017: 0.999334
27018: 0.999334
27019: 0.999334
27020: 0.999334
27021: 0.999334
27022: 0.999334
27023: 0.999334
27024: 0.999334
27025: 0.999334
27026: 0.999334
27027: 0.999334
27028: 0.999334
27029: 0.999334
27030: 0.999334
27031: 0.999334
27032: 0.999334
27033: 0.999334
27034: 0.999334
27035: 0.999334
27036: 0.999334
27037: 0.999334
27038: 0.999334
27039: 0.999334
27040: 0.999334
27041: 0.999334
27042: 0.999334
27043: 0.999334
27044: 0.999334
27045: 0.999334
27046: 0.999334
27047: 0.999335
27048: 0.999335
27049: 0.999335
27050: 0.999335
27051: 0.999335
27052: 0.999335
27053: 0.999335
27054: 0.999335
27055: 0.999335
27056: 0.999335
27057: 0.999335
27058: 0.999335
27059: 0.999335
27060: 0.999335
27061: 0.999335
27062: 0.999335
27063: 0.999335
27064: 0.999335
27065: 0.999335
27066: 0.999335
27067: 0.999335
27068: 0.999335
27069: 0.999335
27070: 0.999335
27071: 0.999335
27072: 0.999335
27073: 0.999335
27074: 0.999335
27075: 0.999335
27076: 0.999335
27077: 0.999335
27078: 0.999335
27079: 0.999335
27080: 0.999335
27081: 0.999335
27082: 0.999335
27083: 0.999335
27084: 0.999335
27085: 0.999335
27086: 0.999335
27087: 0.999335
27088: 0.999336
27089: 0.999336
27090: 0.999336
27091: 0.999336
27092: 0.999336
27093: 0.999336
27094: 0.999336
27095: 0.999336
27096: 0.999336
27097: 0.999336
27098: 0.999336
27099: 0.999336
27100: 0.999336
27101: 0.999336
27102: 0.999336
27103: 0.999336
27104: 0.999336
27105: 0.999336
27106: 0.999336
27107: 0.999336
27108: 0.999336
27109: 0.999336
27110: 0.999336
27111: 0.999336
27112: 0.999336
27113: 0.999336
27114: 0.999336
27115: 0.999336
27116: 0.999336
27117: 0.999336
27118: 0.999336
27119: 0.999336
27120: 0.999336
27121: 0.999336
27122: 0.999336
27123: 0.999336
27124: 0.999336
27125: 0.999336
27126: 0.999336
27127: 0.999336
27128: 0.999337
27129: 0.999337
27130: 0.999337
27131: 0.999337
27132: 0.999337
27133: 0.999337
27134: 0.999337
27135: 0.999337
27136: 0.999337
27137: 0.999337
27138: 0.999337
27139: 0.999337
27140: 0.999337
27141: 0.999337
27142: 0.999337
27143: 0.999337
27144: 0.999337
27145: 0.999337
27146: 0.999337
27147: 0.999337
27148: 0.999337
27149: 0.999337
27150: 0.999337
27151: 0.999337
27152: 0.999337
27153: 0.999337
27154: 0.999337
27155: 0.999337
27156: 0.999337
27157: 0.999337
27158: 0.999337
27159: 0.999337
27160: 0.999337
27161: 0.999337
27162: 0.999337
27163: 0.999337
27164: 0.999337
27165: 0.999337
27166: 0.999337
27167: 0.999337
27168: 0.999337
27169: 0.999338
27170: 0.999338
27171: 0.999338
27172: 0.999338
27173: 0.999338
27174: 0.999338
27175: 0.999338
27176: 0.999338
27177: 0.999338
27178: 0.999338
27179: 0.999338
27180: 0.999338
27181: 0.999338
27182: 0.999338
27183: 0.999338
27184: 0.999338
27185: 0.999338
27186: 0.999338
27187: 0.999338
27188: 0.999338
27189: 0.999338
27190: 0.999338
27191: 0.999338
27192: 0.999338
27193: 0.999338
27194: 0.999338
27195: 0.999338
27196: 0.999338
27197: 0.999338
27198: 0.999338
27199: 0.999338
27200: 0.999338
27201: 0.999338
27202: 0.999338
27203: 0.999338
27204: 0.999338
27205: 0.999338
27206: 0.999338
27207: 0.999338
27208: 0.999338
27209: 0.999338
27210: 0.999339
27211: 0.999339
27212: 0.999339
27213: 0.999339
27214: 0.999339
27215: 0.999339
27216: 0.999339
27217: 0.999339
27218: 0.999339
27219: 0.999339
27220: 0.999339
27221: 0.999339
27222: 0.999339
27223: 0.999339
27224: 0.999339
27225: 0.999339
27226: 0.999339
27227: 0.999339
27228: 0.999339
27229: 0.999339
27230: 0.999339
27231: 0.999339
27232: 0.999339
27233: 0.999339
27234: 0.999339
27235: 0.999339
27236: 0.999339
27237: 0.999339
27238: 0.999339
27239: 0.999339
27240: 0.999339
27241: 0.999339
27242: 0.999339
27243: 0.999339
27244: 0.999339
27245: 0.999339
27246: 0.999339
27247: 0.999339
27248: 0.999339
27249: 0.999339
27250: 0.999339
27251: 0.999339
27252: 0.99934
27253: 0.99934
27254: 0.99934
27255: 0.99934
27256: 0.99934
27257: 0.99934
27258: 0.99934
27259: 0.99934
27260: 0.99934
27261: 0.99934
27262: 0.99934
27263: 0.99934
27264: 0.99934
27265: 0.99934
27266: 0.99934
27267: 0.99934
27268: 0.99934
27269: 0.99934
27270: 0.99934
27271: 0.99934
27272: 0.99934
27273: 0.99934
27274: 0.99934
27275: 0.99934
27276: 0.99934
27277: 0.99934
27278: 0.99934
27279: 0.99934
27280: 0.99934
27281: 0.99934
27282: 0.99934
27283: 0.99934
27284: 0.99934
27285: 0.99934
27286: 0.99934
27287: 0.99934
27288: 0.99934
27289: 0.99934
27290: 0.99934
27291: 0.99934
27292: 0.99934
27293: 0.999341
27294: 0.999341
27295: 0.999341
27296: 0.999341
27297: 0.999341
27298: 0.999341
27299: 0.999341
27300: 0.999341
27301: 0.999341
27302: 0.999341
27303: 0.999341
27304: 0.999341
27305: 0.999341
27306: 0.999341
27307: 0.999341
27308: 0.999341
27309: 0.999341
27310: 0.999341
27311: 0.999341
27312: 0.999341
27313: 0.999341
27314: 0.999341
27315: 0.999341
27316: 0.999341
27317: 0.999341
27318: 0.999341
27319: 0.999341
27320: 0.999341
27321: 0.999341
27322: 0.999341
27323: 0.999341
27324: 0.999341
27325: 0.999341
27326: 0.999341
27327: 0.999341
27328: 0.999341
27329: 0.999341
27330: 0.999341
27331: 0.999341
27332: 0.999341
27333: 0.999341
27334: 0.999342
27335: 0.999342
27336: 0.999342
27337: 0.999342
27338: 0.999342
27339: 0.999342
27340: 0.999342
27341: 0.999342
27342: 0.999342
27343: 0.999342
27344: 0.999342
27345: 0.999342
27346: 0.999342
27347: 0.999342
27348: 0.999342
27349: 0.999342
27350: 0.999342
27351: 0.999342
27352: 0.999342
27353: 0.999342
27354: 0.999342
27355: 0.999342
27356: 0.999342
27357: 0.999342
27358: 0.999342
27359: 0.999342
27360: 0.999342
27361: 0.999342
27362: 0.999342
27363: 0.999342
27364: 0.999342
27365: 0.999342
27366: 0.999342
27367: 0.999342
27368: 0.999342
27369: 0.999342
27370: 0.999342
27371: 0.999342
27372: 0.999342
27373: 0.999342
27374: 0.999342
27375: 0.999342
27376: 0.999343
27377: 0.999343
27378: 0.999343
27379: 0.999343
27380: 0.999343
27381: 0.999343
27382: 0.999343
27383: 0.999343
27384: 0.999343
27385: 0.999343
27386: 0.999343
27387: 0.999343
27388: 0.999343
27389: 0.999343
27390: 0.999343
27391: 0.999343
27392: 0.999343
27393: 0.999343
27394: 0.999343
27395: 0.999343
27396: 0.999343
27397: 0.999343
27398: 0.999343
27399: 0.999343
27400: 0.999343
27401: 0.999343
27402: 0.999343
27403: 0.999343
27404: 0.999343
27405: 0.999343
27406: 0.999343
27407: 0.999343
27408: 0.999343
27409: 0.999343
27410: 0.999343
27411: 0.999343
27412: 0.999343
27413: 0.999343
27414: 0.999343
27415: 0.999343
27416: 0.999343
27417: 0.999343
27418: 0.999344
27419: 0.999344
27420: 0.999344
27421: 0.999344
27422: 0.999344
27423: 0.999344
27424: 0.999344
27425: 0.999344
27426: 0.999344
27427: 0.999344
27428: 0.999344
27429: 0.999344
27430: 0.999344
27431: 0.999344
27432: 0.999344
27433: 0.999344
27434: 0.999344
27435: 0.999344
27436: 0.999344
27437: 0.999344
27438: 0.999344
27439: 0.999344
27440: 0.999344
27441: 0.999344
27442: 0.999344
27443: 0.999344
27444: 0.999344
27445: 0.999344
27446: 0.999344
27447: 0.999344
27448: 0.999344
27449: 0.999344
27450: 0.999344
27451: 0.999344
27452: 0.999344
27453: 0.999344
27454: 0.999344
27455: 0.999344
27456: 0.999344
27457: 0.999344
27458: 0.999344
27459: 0.999345
27460: 0.999345
27461: 0.999345
27462: 0.999345
27463: 0.999345
27464: 0.999345
27465: 0.999345
27466: 0.999345
27467: 0.999345
27468: 0.999345
27469: 0.999345
27470: 0.999345
27471: 0.999345
27472: 0.999345
27473: 0.999345
27474: 0.999345
27475: 0.999345
27476: 0.999345
27477: 0.999345
27478: 0.999345
27479: 0.999345
27480: 0.999345
27481: 0.999345
27482: 0.999345
27483: 0.999345
27484: 0.999345
27485: 0.999345
27486: 0.999345
27487: 0.999345
27488: 0.999345
27489: 0.999345
27490: 0.999345
27491: 0.999345
27492: 0.999345
27493: 0.999345
27494: 0.999345
27495: 0.999345
27496: 0.999345
27497: 0.999345
27498: 0.999345
27499: 0.999345
27500: 0.999345
27501: 0.999346
27502: 0.999346
27503: 0.999346
27504: 0.999346
27505: 0.999346
27506: 0.999346
27507: 0.999346
27508: 0.999346
27509: 0.999346
27510: 0.999346
27511: 0.999346
27512: 0.999346
27513: 0.999346
27514: 0.999346
27515: 0.999346
27516: 0.999346
27517: 0.999346
27518: 0.999346
27519: 0.999346
27520: 0.999346
27521: 0.999346
27522: 0.999346
27523: 0.999346
27524: 0.999346
27525: 0.999346
27526: 0.999346
27527: 0.999346
27528: 0.999346
27529: 0.999346
27530: 0.999346
27531: 0.999346
27532: 0.999346
27533: 0.999346
27534: 0.999346
27535: 0.999346
27536: 0.999346
27537: 0.999346
27538: 0.999346
27539: 0.999346
27540: 0.999346
27541: 0.999346
27542: 0.999346
27543: 0.999347
27544: 0.999347
27545: 0.999347
27546: 0.999347
27547: 0.999347
27548: 0.999347
27549: 0.999347
27550: 0.999347
27551: 0.999347
27552: 0.999347
27553: 0.999347
27554: 0.999347
27555: 0.999347
27556: 0.999347
27557: 0.999347
27558: 0.999347
27559: 0.999347
27560: 0.999347
27561: 0.999347
27562: 0.999347
27563: 0.999347
27564: 0.999347
27565: 0.999347
27566: 0.999347
27567: 0.999347
27568: 0.999347
27569: 0.999347
27570: 0.999347
27571: 0.999347
27572: 0.999347
27573: 0.999347
27574: 0.999347
27575: 0.999347
27576: 0.999347
27577: 0.999347
27578: 0.999347
27579: 0.999347
27580: 0.999347
27581: 0.999347
27582: 0.999347
27583: 0.999347
27584: 0.999347
27585: 0.999347
27586: 0.999348
27587: 0.999348
27588: 0.999348
27589: 0.999348
27590: 0.999348
27591: 0.999348
27592: 0.999348
27593: 0.999348
27594: 0.999348
27595: 0.999348
27596: 0.999348
27597: 0.999348
27598: 0.999348
27599: 0.999348
27600: 0.999348
27601: 0.999348
27602: 0.999348
27603: 0.999348
27604: 0.999348
27605: 0.999348
27606: 0.999348
27607: 0.999348
27608: 0.999348
27609: 0.999348
27610: 0.999348
27611: 0.999348
27612: 0.999348
27613: 0.999348
27614: 0.999348
27615: 0.999348
27616: 0.999348
27617: 0.999348
27618: 0.999348
27619: 0.999348
27620: 0.999348
27621: 0.999348
27622: 0.999348
27623: 0.999348
27624: 0.999348
27625: 0.999348
27626: 0.999348
27627: 0.999348
27628: 0.999349
27629: 0.999349
27630: 0.999349
27631: 0.999349
27632: 0.999349
27633: 0.999349
27634: 0.999349
27635: 0.999349
27636: 0.999349
27637: 0.999349
27638: 0.999349
27639: 0.999349
27640: 0.999349
27641: 0.999349
27642: 0.999349
27643: 0.999349
27644: 0.999349
27645: 0.999349
27646: 0.999349
27647: 0.999349
27648: 0.999349
27649: 0.999349
27650: 0.999349
27651: 0.999349
27652: 0.999349
27653: 0.999349
27654: 0.999349
27655: 0.999349
27656: 0.999349
27657: 0.999349
27658: 0.999349
27659: 0.999349
27660: 0.999349
27661: 0.999349
27662: 0.999349
27663: 0.999349
27664: 0.999349
27665: 0.999349
27666: 0.999349
27667: 0.999349
27668: 0.999349
27669: 0.999349
27670: 0.999349
27671: 0.99935
27672: 0.99935
27673: 0.99935
27674: 0.99935
27675: 0.99935
27676: 0.99935
27677: 0.99935
27678: 0.99935
27679: 0.99935
27680: 0.99935
27681: 0.99935
27682: 0.99935
27683: 0.99935
27684: 0.99935
27685: 0.99935
27686: 0.99935
27687: 0.99935
27688: 0.99935
27689: 0.99935
27690: 0.99935
27691: 0.99935
27692: 0.99935
27693: 0.99935
27694: 0.99935
27695: 0.99935
27696: 0.99935
27697: 0.99935
27698: 0.99935
27699: 0.99935
27700: 0.99935
27701: 0.99935
27702: 0.99935
27703: 0.99935
27704: 0.99935
27705: 0.99935
27706: 0.99935
27707: 0.99935
27708: 0.99935
27709: 0.99935
27710: 0.99935
27711: 0.99935
27712: 0.99935
27713: 0.999351
27714: 0.999351
27715: 0.999351
27716: 0.999351
27717: 0.999351
27718: 0.999351
27719: 0.999351
27720: 0.999351
27721: 0.999351
27722: 0.999351
27723: 0.999351
27724: 0.999351
27725: 0.999351
27726: 0.999351
27727: 0.999351
27728: 0.999351
27729: 0.999351
27730: 0.999351
27731: 0.999351
27732: 0.999351
27733: 0.999351
27734: 0.999351
27735: 0.999351
27736: 0.999351
27737: 0.999351
27738: 0.999351
27739: 0.999351
27740: 0.999351
27741: 0.999351
27742: 0.999351
27743: 0.999351
27744: 0.999351
27745: 0.999351
27746: 0.999351
27747: 0.999351
27748: 0.999351
27749: 0.999351
27750: 0.999351
27751: 0.999351
27752: 0.999351
27753: 0.999351
27754: 0.999351
27755: 0.999351
27756: 0.999352
27757: 0.999352
27758: 0.999352
27759: 0.999352
27760: 0.999352
27761: 0.999352
27762: 0.999352
27763: 0.999352
27764: 0.999352
27765: 0.999352
27766: 0.999352
27767: 0.999352
27768: 0.999352
27769: 0.999352
27770: 0.999352
27771: 0.999352
27772: 0.999352
27773: 0.999352
27774: 0.999352
27775: 0.999352
27776: 0.999352
27777: 0.999352
27778: 0.999352
27779: 0.999352
27780: 0.999352
27781: 0.999352
27782: 0.999352
27783: 0.999352
27784: 0.999352
27785: 0.999352
27786: 0.999352
27787: 0.999352
27788: 0.999352
27789: 0.999352
27790: 0.999352
27791: 0.999352
27792: 0.999352
27793: 0.999352
27794: 0.999352
27795: 0.999352
27796: 0.999352
27797: 0.999352
27798: 0.999352
27799: 0.999353
27800: 0.999353
27801: 0.999353
27802: 0.999353
27803: 0.999353
27804: 0.999353
27805: 0.999353
27806: 0.999353
27807: 0.999353
27808: 0.999353
27809: 0.999353
27810: 0.999353
27811: 0.999353
27812: 0.999353
27813: 0.999353
27814: 0.999353
27815: 0.999353
27816: 0.999353
27817: 0.999353
27818: 0.999353
27819: 0.999353
27820: 0.999353
27821: 0.999353
27822: 0.999353
27823: 0.999353
27824: 0.999353
27825: 0.999353
27826: 0.999353
27827: 0.999353
27828: 0.999353
27829: 0.999353
27830: 0.999353
27831: 0.999353
27832: 0.999353
27833: 0.999353
27834: 0.999353
27835: 0.999353
27836: 0.999353
27837: 0.999353
27838: 0.999353
27839: 0.999353
27840: 0.999353
27841: 0.999353
27842: 0.999354
27843: 0.999354
27844: 0.999354
27845: 0.999354
27846: 0.999354
27847: 0.999354
27848: 0.999354
27849: 0.999354
27850: 0.999354
27851: 0.999354
27852: 0.999354
27853: 0.999354
27854: 0.999354
27855: 0.999354
27856: 0.999354
27857: 0.999354
27858: 0.999354
27859: 0.999354
27860: 0.999354
27861: 0.999354
27862: 0.999354
27863: 0.999354
27864: 0.999354
27865: 0.999354
27866: 0.999354
27867: 0.999354
27868: 0.999354
27869: 0.999354
27870: 0.999354
27871: 0.999354
27872: 0.999354
27873: 0.999354
27874: 0.999354
27875: 0.999354
27876: 0.999354
27877: 0.999354
27878: 0.999354
27879: 0.999354
27880: 0.999354
27881: 0.999354
27882: 0.999354
27883: 0.999354
27884: 0.999354
27885: 0.999355
27886: 0.999355
27887: 0.999355
27888: 0.999355
27889: 0.999355
27890: 0.999355
27891: 0.999355
27892: 0.999355
27893: 0.999355
27894: 0.999355
27895: 0.999355
27896: 0.999355
27897: 0.999355
27898: 0.999355
27899: 0.999355
27900: 0.999355
27901: 0.999355
27902: 0.999355
27903: 0.999355
27904: 0.999355
27905: 0.999355
27906: 0.999355
27907: 0.999355
27908: 0.999355
27909: 0.999355
27910: 0.999355
27911: 0.999355
27912: 0.999355
27913: 0.999355
27914: 0.999355
27915: 0.999355
27916: 0.999355
27917: 0.999355
27918: 0.999355
27919: 0.999355
27920: 0.999355
27921: 0.999355
27922: 0.999355
27923: 0.999355
27924: 0.999355
27925: 0.999355
27926: 0.999355
27927: 0.999355
27928: 0.999356
27929: 0.999356
27930: 0.999356
27931: 0.999356
27932: 0.999356
27933: 0.999356
27934: 0.999356
27935: 0.999356
27936: 0.999356
27937: 0.999356
27938: 0.999356
27939: 0.999356
27940: 0.999356
27941: 0.999356
27942: 0.999356
27943: 0.999356
27944: 0.999356
27945: 0.999356
27946: 0.999356
27947: 0.999356
27948: 0.999356
27949: 0.999356
27950: 0.999356
27951: 0.999356
27952: 0.999356
27953: 0.999356
27954: 0.999356
27955: 0.999356
27956: 0.999356
27957: 0.999356
27958: 0.999356
27959: 0.999356
27960: 0.999356
27961: 0.999356
27962: 0.999356
27963: 0.999356
27964: 0.999356
27965: 0.999356
27966: 0.999356
27967: 0.999356
27968: 0.999356
27969: 0.999356
27970: 0.999356
27971: 0.999356
27972: 0.999357
27973: 0.999357
27974: 0.999357
27975: 0.999357
27976: 0.999357
27977: 0.999357
27978: 0.999357
27979: 0.999357
27980: 0.999357
27981: 0.999357
27982: 0.999357
27983: 0.999357
27984: 0.999357
27985: 0.999357
27986: 0.999357
27987: 0.999357
27988: 0.999357
27989: 0.999357
27990: 0.999357
27991: 0.999357
27992: 0.999357
27993: 0.999357
27994: 0.999357
27995: 0.999357
27996: 0.999357
27997: 0.999357
27998: 0.999357
27999: 0.999357
28000: 0.999357
28001: 0.999357
28002: 0.999357
28003: 0.999357
28004: 0.999357
28005: 0.999357
28006: 0.999357
28007: 0.999357
28008: 0.999357
28009: 0.999357
28010: 0.999357
28011: 0.999357
28012: 0.999357
28013: 0.999357
28014: 0.999357
28015: 0.999358
28016: 0.999358
28017: 0.999358
28018: 0.999358
28019: 0.999358
28020: 0.999358
28021: 0.999358
28022: 0.999358
28023: 0.999358
28024: 0.999358
28025: 0.999358
28026: 0.999358
28027: 0.999358
28028: 0.999358
28029: 0.999358
28030: 0.999358
28031: 0.999358
28032: 0.999358
28033: 0.999358
28034: 0.999358
28035: 0.999358
28036: 0.999358
28037: 0.999358
28038: 0.999358
28039: 0.999358
28040: 0.999358
28041: 0.999358
28042: 0.999358
28043: 0.999358
28044: 0.999358
28045: 0.999358
28046: 0.999358
28047: 0.999358
28048: 0.999358
28049: 0.999358
28050: 0.999358
28051: 0.999358
28052: 0.999358
28053: 0.999358
28054: 0.999358
28055: 0.999358
28056: 0.999358
28057: 0.999358
28058: 0.999358
28059: 0.999359
28060: 0.999359
28061: 0.999359
28062: 0.999359
28063: 0.999359
28064: 0.999359
28065: 0.999359
28066: 0.999359
28067: 0.999359
28068: 0.999359
28069: 0.999359
28070: 0.999359
28071: 0.999359
28072: 0.999359
28073: 0.999359
28074: 0.999359
28075: 0.999359
28076: 0.999359
28077: 0.999359
28078: 0.999359
28079: 0.999359
28080: 0.999359
28081: 0.999359
28082: 0.999359
28083: 0.999359
28084: 0.999359
28085: 0.999359
28086: 0.999359
28087: 0.999359
28088: 0.999359
28089: 0.999359
28090: 0.999359
28091: 0.999359
28092: 0.999359
28093: 0.999359
28094: 0.999359
28095: 0.999359
28096: 0.999359
28097: 0.999359
28098: 0.999359
28099: 0.999359
28100: 0.999359
28101: 0.999359
28102: 0.999359
28103: 0.99936
28104: 0.99936
28105: 0.99936
28106: 0.99936
28107: 0.99936
28108: 0.99936
28109: 0.99936
28110: 0.99936
28111: 0.99936
28112: 0.99936
28113: 0.99936
28114: 0.99936
28115: 0.99936
28116: 0.99936
28117: 0.99936
28118: 0.99936
28119: 0.99936
28120: 0.99936
28121: 0.99936
28122: 0.99936
28123: 0.99936
28124: 0.99936
28125: 0.99936
28126: 0.99936
28127: 0.99936
28128: 0.99936
28129: 0.99936
28130: 0.99936
28131: 0.99936
28132: 0.99936
28133: 0.99936
28134: 0.99936
28135: 0.99936
28136: 0.99936
28137: 0.99936
28138: 0.99936
28139: 0.99936
28140: 0.99936
28141: 0.99936
28142: 0.99936
28143: 0.99936
28144: 0.99936
28145: 0.99936
28146: 0.999361
28147: 0.999361
28148: 0.999361
28149: 0.999361
28150: 0.999361
28151: 0.999361
28152: 0.999361
28153: 0.999361
28154: 0.999361
28155: 0.999361
28156: 0.999361
28157: 0.999361
28158: 0.999361
28159: 0.999361
28160: 0.999361
28161: 0.999361
28162: 0.999361
28163: 0.999361
28164: 0.999361
28165: 0.999361
28166: 0.999361
28167: 0.999361
28168: 0.999361
28169: 0.999361
28170: 0.999361
28171: 0.999361
28172: 0.999361
28173: 0.999361
28174: 0.999361
28175: 0.999361
28176: 0.999361
28177: 0.999361
28178: 0.999361
28179: 0.999361
28180: 0.999361
28181: 0.999361
28182: 0.999361
28183: 0.999361
28184: 0.999361
28185: 0.999361
28186: 0.999361
28187: 0.999361
28188: 0.999361
28189: 0.999361
28190: 0.999361
28191: 0.999362
28192: 0.999362
28193: 0.999362
28194: 0.999362
28195: 0.999362
28196: 0.999362
28197: 0.999362
28198: 0.999362
28199: 0.999362
28200: 0.999362
28201: 0.999362
28202: 0.999362
28203: 0.999362
28204: 0.999362
28205: 0.999362
28206: 0.999362
28207: 0.999362
28208: 0.999362
28209: 0.999362
28210: 0.999362
28211: 0.999362
28212: 0.999362
28213: 0.999362
28214: 0.999362
28215: 0.999362
28216: 0.999362
28217: 0.999362
28218: 0.999362
28219: 0.999362
28220: 0.999362
28221: 0.999362
28222: 0.999362
28223: 0.999362
28224: 0.999362
28225: 0.999362
28226: 0.999362
28227: 0.999362
28228: 0.999362
28229: 0.999362
28230: 0.999362
28231: 0.999362
28232: 0.999362
28233: 0.999362
28234: 0.999362
28235: 0.999363
28236: 0.999363
28237: 0.999363
28238: 0.999363
28239: 0.999363
28240: 0.999363
28241: 0.999363
28242: 0.999363
28243: 0.999363
28244: 0.999363
28245: 0.999363
28246: 0.999363
28247: 0.999363
28248: 0.999363
28249: 0.999363
28250: 0.999363
28251: 0.999363
28252: 0.999363
28253: 0.999363
28254: 0.999363
28255: 0.999363
28256: 0.999363
28257: 0.999363
28258: 0.999363
28259: 0.999363
28260: 0.999363
28261: 0.999363
28262: 0.999363
28263: 0.999363
28264: 0.999363
28265: 0.999363
28266: 0.999363
28267: 0.999363
28268: 0.999363
28269: 0.999363
28270: 0.999363
28271: 0.999363
28272: 0.999363
28273: 0.999363
28274: 0.999363
28275: 0.999363
28276: 0.999363
28277: 0.999363
28278: 0.999363
28279: 0.999364
28280: 0.999364
28281: 0.999364
28282: 0.999364
28283: 0.999364
28284: 0.999364
28285: 0.999364
28286: 0.999364
28287: 0.999364
28288: 0.999364
28289: 0.999364
28290: 0.999364
28291: 0.999364
28292: 0.999364
28293: 0.999364
28294: 0.999364
28295: 0.999364
28296: 0.999364
28297: 0.999364
28298: 0.999364
28299: 0.999364
28300: 0.999364
28301: 0.999364
28302: 0.999364
28303: 0.999364
28304: 0.999364
28305: 0.999364
28306: 0.999364
28307: 0.999364
28308: 0.999364
28309: 0.999364
28310: 0.999364
28311: 0.999364
28312: 0.999364
28313: 0.999364
28314: 0.999364
28315: 0.999364
28316: 0.999364
28317: 0.999364
28318: 0.999364
28319: 0.999364
28320: 0.999364
28321: 0.999364
28322: 0.999364
28323: 0.999364
28324: 0.999365
28325: 0.999365
28326: 0.999365
28327: 0.999365
28328: 0.999365
28329: 0.999365
28330: 0.999365
28331: 0.999365
28332: 0.999365
28333: 0.999365
28334: 0.999365
28335: 0.999365
28336: 0.999365
28337: 0.999365
28338: 0.999365
28339: 0.999365
28340: 0.999365
28341: 0.999365
28342: 0.999365
28343: 0.999365
28344: 0.999365
28345: 0.999365
28346: 0.999365
28347: 0.999365
28348: 0.999365
28349: 0.999365
28350: 0.999365
28351: 0.999365
28352: 0.999365
28353: 0.999365
28354: 0.999365
28355: 0.999365
28356: 0.999365
28357: 0.999365
28358: 0.999365
28359: 0.999365
28360: 0.999365
28361: 0.999365
28362: 0.999365
28363: 0.999365
28364: 0.999365
28365: 0.999365
28366: 0.999365
28367: 0.999365
28368: 0.999366
28369: 0.999366
28370: 0.999366
28371: 0.999366
28372: 0.999366
28373: 0.999366
28374: 0.999366
28375: 0.999366
28376: 0.999366
28377: 0.999366
28378: 0.999366
28379: 0.999366
28380: 0.999366
28381: 0.999366
28382: 0.999366
28383: 0.999366
28384: 0.999366
28385: 0.999366
28386: 0.999366
28387: 0.999366
28388: 0.999366
28389: 0.999366
28390: 0.999366
28391: 0.999366
28392: 0.999366
28393: 0.999366
28394: 0.999366
28395: 0.999366
28396: 0.999366
28397: 0.999366
28398: 0.999366
28399: 0.999366
28400: 0.999366
28401: 0.999366
28402: 0.999366
28403: 0.999366
28404: 0.999366
28405: 0.999366
28406: 0.999366
28407: 0.999366
28408: 0.999366
28409: 0.999366
28410: 0.999366
28411: 0.999366
28412: 0.999366
28413: 0.999367
28414: 0.999367
28415: 0.999367
28416: 0.999367
28417: 0.999367
28418: 0.999367
28419: 0.999367
28420: 0.999367
28421: 0.999367
28422: 0.999367
28423: 0.999367
28424: 0.999367
28425: 0.999367
28426: 0.999367
28427: 0.999367
28428: 0.999367
28429: 0.999367
28430: 0.999367
28431: 0.999367
28432: 0.999367
28433: 0.999367
28434: 0.999367
28435: 0.999367
28436: 0.999367
28437: 0.999367
28438: 0.999367
28439: 0.999367
28440: 0.999367
28441: 0.999367
28442: 0.999367
28443: 0.999367
28444: 0.999367
28445: 0.999367
28446: 0.999367
28447: 0.999367
28448: 0.999367
28449: 0.999367
28450: 0.999367
28451: 0.999367
28452: 0.999367
28453: 0.999367
28454: 0.999367
28455: 0.999367
28456: 0.999367
28457: 0.999367
28458: 0.999368
28459: 0.999368
28460: 0.999368
28461: 0.999368
28462: 0.999368
28463: 0.999368
28464: 0.999368
28465: 0.999368
28466: 0.999368
28467: 0.999368
28468: 0.999368
28469: 0.999368
28470: 0.999368
28471: 0.999368
28472: 0.999368
28473: 0.999368
28474: 0.999368
28475: 0.999368
28476: 0.999368
28477: 0.999368
28478: 0.999368
28479: 0.999368
28480: 0.999368
28481: 0.999368
28482: 0.999368
28483: 0.999368
28484: 0.999368
28485: 0.999368
28486: 0.999368
28487: 0.999368
28488: 0.999368
28489: 0.999368
28490: 0.999368
28491: 0.999368
28492: 0.999368
28493: 0.999368
28494: 0.999368
28495: 0.999368
28496: 0.999368
28497: 0.999368
28498: 0.999368
28499: 0.999368
28500: 0.999368
28501: 0.999368
28502: 0.999368
28503: 0.999369
28504: 0.999369
28505: 0.999369
28506: 0.999369
28507: 0.999369
28508: 0.999369
28509: 0.999369
28510: 0.999369
28511: 0.999369
28512: 0.999369
28513: 0.999369
28514: 0.999369
28515: 0.999369
28516: 0.999369
28517: 0.999369
28518: 0.999369
28519: 0.999369
28520: 0.999369
28521: 0.999369
28522: 0.999369
28523: 0.999369
28524: 0.999369
28525: 0.999369
28526: 0.999369
28527: 0.999369
28528: 0.999369
28529: 0.999369
28530: 0.999369
28531: 0.999369
28532: 0.999369
28533: 0.999369
28534: 0.999369
28535: 0.999369
28536: 0.999369
28537: 0.999369
28538: 0.999369
28539: 0.999369
28540: 0.999369
28541: 0.999369
28542: 0.999369
28543: 0.999369
28544: 0.999369
28545: 0.999369
28546: 0.999369
28547: 0.999369
28548: 0.99937
28549: 0.99937
28550: 0.99937
28551: 0.99937
28552: 0.99937
28553: 0.99937
28554: 0.99937
28555: 0.99937
28556: 0.99937
28557: 0.99937
28558: 0.99937
28559: 0.99937
28560: 0.99937
28561: 0.99937
28562: 0.99937
28563: 0.99937
28564: 0.99937
28565: 0.99937
28566: 0.99937
28567: 0.99937
28568: 0.99937
28569: 0.99937
28570: 0.99937
28571: 0.99937
28572: 0.99937
28573: 0.99937
28574: 0.99937
28575: 0.99937
28576: 0.99937
28577: 0.99937
28578: 0.99937
28579: 0.99937
28580: 0.99937
28581: 0.99937
28582: 0.99937
28583: 0.99937
28584: 0.99937
28585: 0.99937
28586: 0.99937
28587: 0.99937
28588: 0.99937
28589: 0.99937
28590: 0.99937
28591: 0.99937
28592: 0.99937
28593: 0.99937
28594: 0.999371
28595: 0.999371
28596: 0.999371
28597: 0.999371
28598: 0.999371
28599: 0.999371
28600: 0.999371
28601: 0.999371
28602: 0.999371
28603: 0.999371
28604: 0.999371
28605: 0.999371
28606: 0.999371
28607: 0.999371
28608: 0.999371
28609: 0.999371
28610: 0.999371
28611: 0.999371
28612: 0.999371
28613: 0.999371
28614: 0.999371
28615: 0.999371
28616: 0.999371
28617: 0.999371
28618: 0.999371
28619: 0.999371
28620: 0.999371
28621: 0.999371
28622: 0.999371
28623: 0.999371
28624: 0.999371
28625: 0.999371
28626: 0.999371
28627: 0.999371
28628: 0.999371
28629: 0.999371
28630: 0.999371
28631: 0.999371
28632: 0.999371
28633: 0.999371
28634: 0.999371
28635: 0.999371
28636: 0.999371
28637: 0.999371
28638: 0.999371
28639: 0.999372
28640: 0.999372
28641: 0.999372
28642: 0.999372
28643: 0.999372
28644: 0.999372
28645: 0.999372
28646: 0.999372
28647: 0.999372
28648: 0.999372
28649: 0.999372
28650: 0.999372
28651: 0.999372
28652: 0.999372
28653: 0.999372
28654: 0.999372
28655: 0.999372
28656: 0.999372
28657: 0.999372
28658: 0.999372
28659: 0.999372
28660: 0.999372
28661: 0.999372
28662: 0.999372
28663: 0.999372
28664: 0.999372
28665: 0.999372
28666: 0.999372
28667: 0.999372
28668: 0.999372
28669: 0.999372
28670: 0.999372
28671: 0.999372
28672: 0.999372
28673: 0.999372
28674: 0.999372
28675: 0.999372
28676: 0.999372
28677: 0.999372
28678: 0.999372
28679: 0.999372
28680: 0.999372
28681: 0.999372
28682: 0.999372
28683: 0.999372
28684: 0.999372
28685: 0.999373
28686: 0.999373
28687: 0.999373
28688: 0.999373
28689: 0.999373
28690: 0.999373
28691: 0.999373
28692: 0.999373
28693: 0.999373
28694: 0.999373
28695: 0.999373
28696: 0.999373
28697: 0.999373
28698: 0.999373
28699: 0.999373
28700: 0.999373
28701: 0.999373
28702: 0.999373
28703: 0.999373
28704: 0.999373
28705: 0.999373
28706: 0.999373
28707: 0.999373
28708: 0.999373
28709: 0.999373
28710: 0.999373
28711: 0.999373
28712: 0.999373
28713: 0.999373
28714: 0.999373
28715: 0.999373
28716: 0.999373
28717: 0.999373
28718: 0.999373
28719: 0.999373
28720: 0.999373
28721: 0.999373
28722: 0.999373
28723: 0.999373
28724: 0.999373
28725: 0.999373
28726: 0.999373
28727: 0.999373
28728: 0.999373
28729: 0.999373
28730: 0.999373
28731: 0.999374
28732: 0.999374
28733: 0.999374
28734: 0.999374
28735: 0.999374
28736: 0.999374
28737: 0.999374
28738: 0.999374
28739: 0.999374
28740: 0.999374
28741: 0.999374
28742: 0.999374
28743: 0.999374
28744: 0.999374
28745: 0.999374
28746: 0.999374
28747: 0.999374
28748: 0.999374
28749: 0.999374
28750: 0.999374
28751: 0.999374
28752: 0.999374
28753: 0.999374
28754: 0.999374
28755: 0.999374
28756: 0.999374
28757: 0.999374
28758: 0.999374
28759: 0.999374
28760: 0.999374
28761: 0.999374
28762: 0.999374
28763: 0.999374
28764: 0.999374
28765: 0.999374
28766: 0.999374
28767: 0.999374
28768: 0.999374
28769: 0.999374
28770: 0.999374
28771: 0.999374
28772: 0.999374
28773: 0.999374
28774: 0.999374
28775: 0.999374
28776: 0.999375
28777: 0.999375
28778: 0.999375
28779: 0.999375
28780: 0.999375
28781: 0.999375
28782: 0.999375
28783: 0.999375
28784: 0.999375
28785: 0.999375
28786: 0.999375
28787: 0.999375
28788: 0.999375
28789: 0.999375
28790: 0.999375
28791: 0.999375
28792: 0.999375
28793: 0.999375
28794: 0.999375
28795: 0.999375
28796: 0.999375
28797: 0.999375
28798: 0.999375
28799: 0.999375
28800: 0.999375
28801: 0.999375
28802: 0.999375
28803: 0.999375
28804: 0.999375
28805: 0.999375
28806: 0.999375
28807: 0.999375
28808: 0.999375
28809: 0.999375
28810: 0.999375
28811: 0.999375
28812: 0.999375
28813: 0.999375
28814: 0.999375
28815: 0.999375
28816: 0.999375
28817: 0.999375
28818: 0.999375
28819: 0.999375
28820: 0.999375
28821: 0.999375
28822: 0.999375
28823: 0.999376
28824: 0.999376
28825: 0.999376
28826: 0.999376
28827: 0.999376
28828: 0.999376
28829: 0.999376
28830: 0.999376
28831: 0.999376
28832: 0.999376
28833: 0.999376
28834: 0.999376
28835: 0.999376
28836: 0.999376
28837: 0.999376
28838: 0.999376
28839: 0.999376
28840: 0.999376
28841: 0.999376
28842: 0.999376
28843: 0.999376
28844: 0.999376
28845: 0.999376
28846: 0.999376
28847: 0.999376
28848: 0.999376
28849: 0.999376
28850: 0.999376
28851: 0.999376
28852: 0.999376
28853: 0.999376
28854: 0.999376
28855: 0.999376
28856: 0.999376
28857: 0.999376
28858: 0.999376
28859: 0.999376
28860: 0.999376
28861: 0.999376
28862: 0.999376
28863: 0.999376
28864: 0.999376
28865: 0.999376
28866: 0.999376
28867: 0.999376
28868: 0.999376
28869: 0.999377
28870: 0.999377
28871: 0.999377
28872: 0.999377
28873: 0.999377
28874: 0.999377
28875: 0.999377
28876: 0.999377
28877: 0.999377
28878: 0.999377
28879: 0.999377
28880: 0.999377
28881: 0.999377
28882: 0.999377
28883: 0.999377
28884: 0.999377
28885: 0.999377
28886: 0.999377
28887: 0.999377
28888: 0.999377
28889: 0.999377
28890: 0.999377
28891: 0.999377
28892: 0.999377
28893: 0.999377
28894: 0.999377
28895: 0.999377
28896: 0.999377
28897: 0.999377
28898: 0.999377
28899: 0.999377
28900: 0.999377
28901: 0.999377
28902: 0.999377
28903: 0.999377
28904: 0.999377
28905: 0.999377
28906: 0.999377
28907: 0.999377
28908: 0.999377
28909: 0.999377
28910: 0.999377
28911: 0.999377
28912: 0.999377
28913: 0.999377
28914: 0.999377
28915: 0.999378
28916: 0.999378
28917: 0.999378
28918: 0.999378
28919: 0.999378
28920: 0.999378
28921: 0.999378
28922: 0.999378
28923: 0.999378
28924: 0.999378
28925: 0.999378
28926: 0.999378
28927: 0.999378
28928: 0.999378
28929: 0.999378
28930: 0.999378
28931: 0.999378
28932: 0.999378
28933: 0.999378
28934: 0.999378
28935: 0.999378
28936: 0.999378
28937: 0.999378
28938: 0.999378
28939: 0.999378
28940: 0.999378
28941: 0.999378
28942: 0.999378
28943: 0.999378
28944: 0.999378
28945: 0.999378
28946: 0.999378
28947: 0.999378
28948: 0.999378
28949: 0.999378
28950: 0.999378
28951: 0.999378
28952: 0.999378
28953: 0.999378
28954: 0.999378
28955: 0.999378
28956: 0.999378
28957: 0.999378
28958: 0.999378
28959: 0.999378
28960: 0.999378
28961: 0.999378
28962: 0.999379
28963: 0.999379
28964: 0.999379
28965: 0.999379
28966: 0.999379
28967: 0.999379
28968: 0.999379
28969: 0.999379
28970: 0.999379
28971: 0.999379
28972: 0.999379
28973: 0.999379
28974: 0.999379
28975: 0.999379
28976: 0.999379
28977: 0.999379
28978: 0.999379
28979: 0.999379
28980: 0.999379
28981: 0.999379
28982: 0.999379
28983: 0.999379
28984: 0.999379
28985: 0.999379
28986: 0.999379
28987: 0.999379
28988: 0.999379
28989: 0.999379
28990: 0.999379
28991: 0.999379
28992: 0.999379
28993: 0.999379
28994: 0.999379
28995: 0.999379
28996: 0.999379
28997: 0.999379
28998: 0.999379
28999: 0.999379
29000: 0.999379
29001: 0.999379
29002: 0.999379
29003: 0.999379
29004: 0.999379
29005: 0.999379
29006: 0.999379
29007: 0.999379
29008: 0.99938
29009: 0.99938
29010: 0.99938
29011: 0.99938
29012: 0.99938
29013: 0.99938
29014: 0.99938
29015: 0.99938
29016: 0.99938
29017: 0.99938
29018: 0.99938
29019: 0.99938
29020: 0.99938
29021: 0.99938
29022: 0.99938
29023: 0.99938
29024: 0.99938
29025: 0.99938
29026: 0.99938
29027: 0.99938
29028: 0.99938
29029: 0.99938
29030: 0.99938
29031: 0.99938
29032: 0.99938
29033: 0.99938
29034: 0.99938
29035: 0.99938
29036: 0.99938
29037: 0.99938
29038: 0.99938
29039: 0.99938
29040: 0.99938
29041: 0.99938
29042: 0.99938
29043: 0.99938
29044: 0.99938
29045: 0.99938
29046: 0.99938
29047: 0.99938
29048: 0.99938
29049: 0.99938
29050: 0.99938
29051: 0.99938
29052: 0.99938
29053: 0.99938
29054: 0.99938
29055: 0.999381
29056: 0.999381
29057: 0.999381
29058: 0.999381
29059: 0.999381
29060: 0.999381
29061: 0.999381
29062: 0.999381
29063: 0.999381
29064: 0.999381
29065: 0.999381
29066: 0.999381
29067: 0.999381
29068: 0.999381
29069: 0.999381
29070: 0.999381
29071: 0.999381
29072: 0.999381
29073: 0.999381
29074: 0.999381
29075: 0.999381
29076: 0.999381
29077: 0.999381
29078: 0.999381
29079: 0.999381
29080: 0.999381
29081: 0.999381
29082: 0.999381
29083: 0.999381
29084: 0.999381
29085: 0.999381
29086: 0.999381
29087: 0.999381
29088: 0.999381
29089: 0.999381
29090: 0.999381
29091: 0.999381
29092: 0.999381
29093: 0.999381
29094: 0.999381
29095: 0.999381
29096: 0.999381
29097: 0.999381
29098: 0.999381
29099: 0.999381
29100: 0.999381
29101: 0.999381
29102: 0.999382
29103: 0.999382
29104: 0.999382
29105: 0.999382
29106: 0.999382
29107: 0.999382
29108: 0.999382
29109: 0.999382
29110: 0.999382
29111: 0.999382
29112: 0.999382
29113: 0.999382
29114: 0.999382
29115: 0.999382
29116: 0.999382
29117: 0.999382
29118: 0.999382
29119: 0.999382
29120: 0.999382
29121: 0.999382
29122: 0.999382
29123: 0.999382
29124: 0.999382
29125: 0.999382
29126: 0.999382
29127: 0.999382
29128: 0.999382
29129: 0.999382
29130: 0.999382
29131: 0.999382
29132: 0.999382
29133: 0.999382
29134: 0.999382
29135: 0.999382
29136: 0.999382
29137: 0.999382
29138: 0.999382
29139: 0.999382
29140: 0.999382
29141: 0.999382
29142: 0.999382
29143: 0.999382
29144: 0.999382
29145: 0.999382
29146: 0.999382
29147: 0.999382
29148: 0.999382
29149: 0.999383
29150: 0.999383
29151: 0.999383
29152: 0.999383
29153: 0.999383
29154: 0.999383
29155: 0.999383
29156: 0.999383
29157: 0.999383
29158: 0.999383
29159: 0.999383
29160: 0.999383
29161: 0.999383
29162: 0.999383
29163: 0.999383
29164: 0.999383
29165: 0.999383
29166: 0.999383
29167: 0.999383
29168: 0.999383
29169: 0.999383
29170: 0.999383
29171: 0.999383
29172: 0.999383
29173: 0.999383
29174: 0.999383
29175: 0.999383
29176: 0.999383
29177: 0.999383
29178: 0.999383
29179: 0.999383
29180: 0.999383
29181: 0.999383
29182: 0.999383
29183: 0.999383
29184: 0.999383
29185: 0.999383
29186: 0.999383
29187: 0.999383
29188: 0.999383
29189: 0.999383
29190: 0.999383
29191: 0.999383
29192: 0.999383
29193: 0.999383
29194: 0.999383
29195: 0.999383
29196: 0.999383
29197: 0.999384
29198: 0.999384
29199: 0.999384
29200: 0.999384
29201: 0.999384
29202: 0.999384
29203: 0.999384
29204: 0.999384
29205: 0.999384
29206: 0.999384
29207: 0.999384
29208: 0.999384
29209: 0.999384
29210: 0.999384
29211: 0.999384
29212: 0.999384
29213: 0.999384
29214: 0.999384
29215: 0.999384
29216: 0.999384
29217: 0.999384
29218: 0.999384
29219: 0.999384
29220: 0.999384
29221: 0.999384
29222: 0.999384
29223: 0.999384
29224: 0.999384
29225: 0.999384
29226: 0.999384
29227: 0.999384
29228: 0.999384
29229: 0.999384
29230: 0.999384
29231: 0.999384
29232: 0.999384
29233: 0.999384
29234: 0.999384
29235: 0.999384
29236: 0.999384
29237: 0.999384
29238: 0.999384
29239: 0.999384
29240: 0.999384
29241: 0.999384
29242: 0.999384
29243: 0.999384
29244: 0.999385
29245: 0.999385
29246: 0.999385
29247: 0.999385
29248: 0.999385
29249: 0.999385
29250: 0.999385
29251: 0.999385
29252: 0.999385
29253: 0.999385
29254: 0.999385
29255: 0.999385
29256: 0.999385
29257: 0.999385
29258: 0.999385
29259: 0.999385
29260: 0.999385
29261: 0.999385
29262: 0.999385
29263: 0.999385
29264: 0.999385
29265: 0.999385
29266: 0.999385
29267: 0.999385
29268: 0.999385
29269: 0.999385
29270: 0.999385
29271: 0.999385
29272: 0.999385
29273: 0.999385
29274: 0.999385
29275: 0.999385
29276: 0.999385
29277: 0.999385
29278: 0.999385
29279: 0.999385
29280: 0.999385
29281: 0.999385
29282: 0.999385
29283: 0.999385
29284: 0.999385
29285: 0.999385
29286: 0.999385
29287: 0.999385
29288: 0.999385
29289: 0.999385
29290: 0.999385
29291: 0.999385
29292: 0.999386
29293: 0.999386
29294: 0.999386
29295: 0.999386
29296: 0.999386
29297: 0.999386
29298: 0.999386
29299: 0.999386
29300: 0.999386
29301: 0.999386
29302: 0.999386
29303: 0.999386
29304: 0.999386
29305: 0.999386
29306: 0.999386
29307: 0.999386
29308: 0.999386
29309: 0.999386
29310: 0.999386
29311: 0.999386
29312: 0.999386
29313: 0.999386
29314: 0.999386
29315: 0.999386
29316: 0.999386
29317: 0.999386
29318: 0.999386
29319: 0.999386
29320: 0.999386
29321: 0.999386
29322: 0.999386
29323: 0.999386
29324: 0.999386
29325: 0.999386
29326: 0.999386
29327: 0.999386
29328: 0.999386
29329: 0.999386
29330: 0.999386
29331: 0.999386
29332: 0.999386
29333: 0.999386
29334: 0.999386
29335: 0.999386
29336: 0.999386
29337: 0.999386
29338: 0.999386
29339: 0.999387
29340: 0.999387
29341: 0.999387
29342: 0.999387
29343: 0.999387
29344: 0.999387
29345: 0.999387
29346: 0.999387
29347: 0.999387
29348: 0.999387
29349: 0.999387
29350: 0.999387
29351: 0.999387
29352: 0.999387
29353: 0.999387
29354: 0.999387
29355: 0.999387
29356: 0.999387
29357: 0.999387
29358: 0.999387
29359: 0.999387
29360: 0.999387
29361: 0.999387
29362: 0.999387
29363: 0.999387
29364: 0.999387
29365: 0.999387
29366: 0.999387
29367: 0.999387
29368: 0.999387
29369: 0.999387
29370: 0.999387
29371: 0.999387
29372: 0.999387
29373: 0.999387
29374: 0.999387
29375: 0.999387
29376: 0.999387
29377: 0.999387
29378: 0.999387
29379: 0.999387
29380: 0.999387
29381: 0.999387
29382: 0.999387
29383: 0.999387
29384: 0.999387
29385: 0.999387
29386: 0.999387
29387: 0.999388
29388: 0.999388
29389: 0.999388
29390: 0.999388
29391: 0.999388
29392: 0.999388
29393: 0.999388
29394: 0.999388
29395: 0.999388
29396: 0.999388
29397: 0.999388
29398: 0.999388
29399: 0.999388
29400: 0.999388
29401: 0.999388
29402: 0.999388
29403: 0.999388
29404: 0.999388
29405: 0.999388
29406: 0.999388
29407: 0.999388
29408: 0.999388
29409: 0.999388
29410: 0.999388
29411: 0.999388
29412: 0.999388
29413: 0.999388
29414: 0.999388
29415: 0.999388
29416: 0.999388
29417: 0.999388
29418: 0.999388
29419: 0.999388
29420: 0.999388
29421: 0.999388
29422: 0.999388
29423: 0.999388
29424: 0.999388
29425: 0.999388
29426: 0.999388
29427: 0.999388
29428: 0.999388
29429: 0.999388
29430: 0.999388
29431: 0.999388
29432: 0.999388
29433: 0.999388
29434: 0.999388
29435: 0.999389
29436: 0.999389
29437: 0.999389
29438: 0.999389
29439: 0.999389
29440: 0.999389
29441: 0.999389
29442: 0.999389
29443: 0.999389
29444: 0.999389
29445: 0.999389
29446: 0.999389
29447: 0.999389
29448: 0.999389
29449: 0.999389
29450: 0.999389
29451: 0.999389
29452: 0.999389
29453: 0.999389
29454: 0.999389
29455: 0.999389
29456: 0.999389
29457: 0.999389
29458: 0.999389
29459: 0.999389
29460: 0.999389
29461: 0.999389
29462: 0.999389
29463: 0.999389
29464: 0.999389
29465: 0.999389
29466: 0.999389
29467: 0.999389
29468: 0.999389
29469: 0.999389
29470: 0.999389
29471: 0.999389
29472: 0.999389
29473: 0.999389
29474: 0.999389
29475: 0.999389
29476: 0.999389
29477: 0.999389
29478: 0.999389
29479: 0.999389
29480: 0.999389
29481: 0.999389
29482: 0.999389
29483: 0.999389
29484: 0.99939
29485: 0.99939
29486: 0.99939
29487: 0.99939
29488: 0.99939
29489: 0.99939
29490: 0.99939
29491: 0.99939
29492: 0.99939
29493: 0.99939
29494: 0.99939
29495: 0.99939
29496: 0.99939
29497: 0.99939
29498: 0.99939
29499: 0.99939
29500: 0.99939
29501: 0.99939
29502: 0.99939
29503: 0.99939
29504: 0.99939
29505: 0.99939
29506: 0.99939
29507: 0.99939
29508: 0.99939
29509: 0.99939
29510: 0.99939
29511: 0.99939
29512: 0.99939
29513: 0.99939
29514: 0.99939
29515: 0.99939
29516: 0.99939
29517: 0.99939
29518: 0.99939
29519: 0.99939
29520: 0.99939
29521: 0.99939
29522: 0.99939
29523: 0.99939
29524: 0.99939
29525: 0.99939
29526: 0.99939
29527: 0.99939
29528: 0.99939
29529: 0.99939
29530: 0.99939
29531: 0.99939
29532: 0.999391
29533: 0.999391
29534: 0.999391
29535: 0.999391
29536: 0.999391
29537: 0.999391
29538: 0.999391
29539: 0.999391
29540: 0.999391
29541: 0.999391
29542: 0.999391
29543: 0.999391
29544: 0.999391
29545: 0.999391
29546: 0.999391
29547: 0.999391
29548: 0.999391
29549: 0.999391
29550: 0.999391
29551: 0.999391
29552: 0.999391
29553: 0.999391
29554: 0.999391
29555: 0.999391
29556: 0.999391
29557: 0.999391
29558: 0.999391
29559: 0.999391
29560: 0.999391
29561: 0.999391
29562: 0.999391
29563: 0.999391
29564: 0.999391
29565: 0.999391
29566: 0.999391
29567: 0.999391
29568: 0.999391
29569: 0.999391
29570: 0.999391
29571: 0.999391
29572: 0.999391
29573: 0.999391
29574: 0.999391
29575: 0.999391
29576: 0.999391
29577: 0.999391
29578: 0.999391
29579: 0.999391
29580: 0.999392
29581: 0.999392
29582: 0.999392
29583: 0.999392
29584: 0.999392
29585: 0.999392
29586: 0.999392
29587: 0.999392
29588: 0.999392
29589: 0.999392
29590: 0.999392
29591: 0.999392
29592: 0.999392
29593: 0.999392
29594: 0.999392
29595: 0.999392
29596: 0.999392
29597: 0.999392
29598: 0.999392
29599: 0.999392
29600: 0.999392
29601: 0.999392
29602: 0.999392
29603: 0.999392
29604: 0.999392
29605: 0.999392
29606: 0.999392
29607: 0.999392
29608: 0.999392
29609: 0.999392
29610: 0.999392
29611: 0.999392
29612: 0.999392
29613: 0.999392
29614: 0.999392
29615: 0.999392
29616: 0.999392
29617: 0.999392
29618: 0.999392
29619: 0.999392
29620: 0.999392
29621: 0.999392
29622: 0.999392
29623: 0.999392
29624: 0.999392
29625: 0.999392
29626: 0.999392
29627: 0.999392
29628: 0.999392
29629: 0.999393
29630: 0.999393
29631: 0.999393
29632: 0.999393
29633: 0.999393
29634: 0.999393
29635: 0.999393
29636: 0.999393
29637: 0.999393
29638: 0.999393
29639: 0.999393
29640: 0.999393
29641: 0.999393
29642: 0.999393
29643: 0.999393
29644: 0.999393
29645: 0.999393
29646: 0.999393
29647: 0.999393
29648: 0.999393
29649: 0.999393
29650: 0.999393
29651: 0.999393
29652: 0.999393
29653: 0.999393
29654: 0.999393
29655: 0.999393
29656: 0.999393
29657: 0.999393
29658: 0.999393
29659: 0.999393
29660: 0.999393
29661: 0.999393
29662: 0.999393
29663: 0.999393
29664: 0.999393
29665: 0.999393
29666: 0.999393
29667: 0.999393
29668: 0.999393
29669: 0.999393
29670: 0.999393
29671: 0.999393
29672: 0.999393
29673: 0.999393
29674: 0.999393
29675: 0.999393
29676: 0.999393
29677: 0.999393
29678: 0.999394
29679: 0.999394
29680: 0.999394
29681: 0.999394
29682: 0.999394
29683: 0.999394
29684: 0.999394
29685: 0.999394
29686: 0.999394
29687: 0.999394
29688: 0.999394
29689: 0.999394
29690: 0.999394
29691: 0.999394
29692: 0.999394
29693: 0.999394
29694: 0.999394
29695: 0.999394
29696: 0.999394
29697: 0.999394
29698: 0.999394
29699: 0.999394
29700: 0.999394
29701: 0.999394
29702: 0.999394
29703: 0.999394
29704: 0.999394
29705: 0.999394
29706: 0.999394
29707: 0.999394
29708: 0.999394
29709: 0.999394
29710: 0.999394
29711: 0.999394
29712: 0.999394
29713: 0.999394
29714: 0.999394
29715: 0.999394
29716: 0.999394
29717: 0.999394
29718: 0.999394
29719: 0.999394
29720: 0.999394
29721: 0.999394
29722: 0.999394
29723: 0.999394
29724: 0.999394
29725: 0.999394
29726: 0.999394
29727: 0.999395
29728: 0.999395
29729: 0.999395
29730: 0.999395
29731: 0.999395
29732: 0.999395
29733: 0.999395
29734: 0.999395
29735: 0.999395
29736: 0.999395
29737: 0.999395
29738: 0.999395
29739: 0.999395
29740: 0.999395
29741: 0.999395
29742: 0.999395
29743: 0.999395
29744: 0.999395
29745: 0.999395
29746: 0.999395
29747: 0.999395
29748: 0.999395
29749: 0.999395
29750: 0.999395
29751: 0.999395
29752: 0.999395
29753: 0.999395
29754: 0.999395
29755: 0.999395
29756: 0.999395
29757: 0.999395
29758: 0.999395
29759: 0.999395
29760: 0.999395
29761: 0.999395
29762: 0.999395
29763: 0.999395
29764: 0.999395
29765: 0.999395
29766: 0.999395
29767: 0.999395
29768: 0.999395
29769: 0.999395
29770: 0.999395
29771: 0.999395
29772: 0.999395
29773: 0.999395
29774: 0.999395
29775: 0.999395
29776: 0.999396
29777: 0.999396
29778: 0.999396
29779: 0.999396
29780: 0.999396
29781: 0.999396
29782: 0.999396
29783: 0.999396
29784: 0.999396
29785: 0.999396
29786: 0.999396
29787: 0.999396
29788: 0.999396
29789: 0.999396
29790: 0.999396
29791: 0.999396
29792: 0.999396
29793: 0.999396
29794: 0.999396
29795: 0.999396
29796: 0.999396
29797: 0.999396
29798: 0.999396
29799: 0.999396
29800: 0.999396
29801: 0.999396
29802: 0.999396
29803: 0.999396
29804: 0.999396
29805: 0.999396
29806: 0.999396
29807: 0.999396
29808: 0.999396
29809: 0.999396
29810: 0.999396
29811: 0.999396
29812: 0.999396
29813: 0.999396
29814: 0.999396
29815: 0.999396
29816: 0.999396
29817: 0.999396
29818: 0.999396
29819: 0.999396
29820: 0.999396
29821: 0.999396
29822: 0.999396
29823: 0.999396
29824: 0.999396
29825: 0.999396
29826: 0.999397
29827: 0.999397
29828: 0.999397
29829: 0.999397
29830: 0.999397
29831: 0.999397
29832: 0.999397
29833: 0.999397
29834: 0.999397
29835: 0.999397
29836: 0.999397
29837: 0.999397
29838: 0.999397
29839: 0.999397
29840: 0.999397
29841: 0.999397
29842: 0.999397
29843: 0.999397
29844: 0.999397
29845: 0.999397
29846: 0.999397
29847: 0.999397
29848: 0.999397
29849: 0.999397
29850: 0.999397
29851: 0.999397
29852: 0.999397
29853: 0.999397
29854: 0.999397
29855: 0.999397
29856: 0.999397
29857: 0.999397
29858: 0.999397
29859: 0.999397
29860: 0.999397
29861: 0.999397
29862: 0.999397
29863: 0.999397
29864: 0.999397
29865: 0.999397
29866: 0.999397
29867: 0.999397
29868: 0.999397
29869: 0.999397
29870: 0.999397
29871: 0.999397
29872: 0.999397
29873: 0.999397
29874: 0.999397
29875: 0.999398
29876: 0.999398
29877: 0.999398
29878: 0.999398
29879: 0.999398
29880: 0.999398
29881: 0.999398
29882: 0.999398
29883: 0.999398
29884: 0.999398
29885: 0.999398
29886: 0.999398
29887: 0.999398
29888: 0.999398
29889: 0.999398
29890: 0.999398
29891: 0.999398
29892: 0.999398
29893: 0.999398
29894: 0.999398
29895: 0.999398
29896: 0.999398
29897: 0.999398
29898: 0.999398
29899: 0.999398
29900: 0.999398
29901: 0.999398
29902: 0.999398
29903: 0.999398
29904: 0.999398
29905: 0.999398
29906: 0.999398
29907: 0.999398
29908: 0.999398
29909: 0.999398
29910: 0.999398
29911: 0.999398
29912: 0.999398
29913: 0.999398
29914: 0.999398
29915: 0.999398
29916: 0.999398
29917: 0.999398
29918: 0.999398
29919: 0.999398
29920: 0.999398
29921: 0.999398
29922: 0.999398
29923: 0.999398
29924: 0.999398
29925: 0.999399
29926: 0.999399
29927: 0.999399
29928: 0.999399
29929: 0.999399
29930: 0.999399
29931: 0.999399
29932: 0.999399
29933: 0.999399
29934: 0.999399
29935: 0.999399
29936: 0.999399
29937: 0.999399
29938: 0.999399
29939: 0.999399
29940: 0.999399
29941: 0.999399
29942: 0.999399
29943: 0.999399
29944: 0.999399
29945: 0.999399
29946: 0.999399
29947: 0.999399
29948: 0.999399
29949: 0.999399
29950: 0.999399
29951: 0.999399
29952: 0.999399
29953: 0.999399
29954: 0.999399
29955: 0.999399
29956: 0.999399
29957: 0.999399
29958: 0.999399
29959: 0.999399
29960: 0.999399
29961: 0.999399
29962: 0.999399
29963: 0.999399
29964: 0.999399
29965: 0.999399
29966: 0.999399
29967: 0.999399
29968: 0.999399
29969: 0.999399
29970: 0.999399
29971: 0.999399
29972: 0.999399
29973: 0.999399
29974: 0.999399
29975: 0.9994
29976: 0.9994
29977: 0.9994
29978: 0.9994
29979: 0.9994
29980: 0.9994
29981: 0.9994
29982: 0.9994
29983: 0.9994
29984: 0.9994
29985: 0.9994
29986: 0.9994
29987: 0.9994
29988: 0.9994
29989: 0.9994
29990: 0.9994
29991: 0.9994
29992: 0.9994
29993: 0.9994
29994: 0.9994
29995: 0.9994
29996: 0.9994
29997: 0.9994
29998: 0.9994
29999: 0.9994
30000: 0.9994
30001: 0.9994
30002: 0.9994
30003: 0.9994
30004: 0.9994
30005: 0.9994
30006: 0.9994
30007: 0.9994
30008: 0.9994
30009: 0.9994
30010: 0.9994
30011: 0.9994
30012: 0.9994
30013: 0.9994
30014: 0.9994
30015: 0.9994
30016: 0.9994
30017: 0.9994
30018: 0.9994
30019: 0.9994
30020: 0.9994
30021: 0.9994
30022: 0.9994
30023: 0.9994
30024: 0.9994
30025: 0.999401
30026: 0.999401
30027: 0.999401
30028: 0.999401
30029: 0.999401
30030: 0.999401
30031: 0.999401
30032: 0.999401
30033: 0.999401
30034: 0.999401
30035: 0.999401
30036: 0.999401
30037: 0.999401
30038: 0.999401
30039: 0.999401
30040: 0.999401
30041: 0.999401
30042: 0.999401
30043: 0.999401
30044: 0.999401
30045: 0.999401
30046: 0.999401
30047: 0.999401
30048: 0.999401
30049: 0.999401
30050: 0.999401
30051: 0.999401
30052: 0.999401
30053: 0.999401
30054: 0.999401
30055: 0.999401
30056: 0.999401
30057: 0.999401
30058: 0.999401
30059: 0.999401
30060: 0.999401
30061: 0.999401
30062: 0.999401
30063: 0.999401
30064: 0.999401
30065: 0.999401
30066: 0.999401
30067: 0.999401
30068: 0.999401
30069: 0.999401
30070: 0.999401
30071: 0.999401
30072: 0.999401
30073: 0.999401
30074: 0.999401
30075: 0.999402
30076: 0.999402
30077: 0.999402
30078: 0.999402
30079: 0.999402
30080: 0.999402
30081: 0.999402
30082: 0.999402
30083: 0.999402
30084: 0.999402
30085: 0.999402
30086: 0.999402
30087: 0.999402
30088: 0.999402
30089: 0.999402
30090: 0.999402
30091: 0.999402
30092: 0.999402
30093: 0.999402
30094: 0.999402
30095: 0.999402
30096: 0.999402
30097: 0.999402
30098: 0.999402
30099: 0.999402
30100: 0.999402
30101: 0.999402
30102: 0.999402
30103: 0.999402
30104: 0.999402
30105: 0.999402
30106: 0.999402
30107: 0.999402
30108: 0.999402
30109: 0.999402
30110: 0.999402
30111: 0.999402
30112: 0.999402
30113: 0.999402
30114: 0.999402
30115: 0.999402
30116: 0.999402
30117: 0.999402
30118: 0.999402
30119: 0.999402
30120: 0.999402
30121: 0.999402
30122: 0.999402
30123: 0.999402
30124: 0.999402
30125: 0.999403
30126: 0.999403
30127: 0.999403
30128: 0.999403
30129: 0.999403
30130: 0.999403
30131: 0.999403
30132: 0.999403
30133: 0.999403
30134: 0.999403
30135: 0.999403
30136: 0.999403
30137: 0.999403
30138: 0.999403
30139: 0.999403
30140: 0.999403
30141: 0.999403
30142: 0.999403
30143: 0.999403
30144: 0.999403
30145: 0.999403
30146: 0.999403
30147: 0.999403
30148: 0.999403
30149: 0.999403
30150: 0.999403
30151: 0.999403
30152: 0.999403
30153: 0.999403
30154: 0.999403
30155: 0.999403
30156: 0.999403
30157: 0.999403
30158: 0.999403
30159: 0.999403
30160: 0.999403
30161: 0.999403
30162: 0.999403
30163: 0.999403
30164: 0.999403
30165: 0.999403
30166: 0.999403
30167: 0.999403
30168: 0.999403
30169: 0.999403
30170: 0.999403
30171: 0.999403
30172: 0.999403
30173: 0.999403
30174: 0.999403
30175: 0.999403
30176: 0.999404
30177: 0.999404
30178: 0.999404
30179: 0.999404
30180: 0.999404
30181: 0.999404
30182: 0.999404
30183: 0.999404
30184: 0.999404
30185: 0.999404
30186: 0.999404
30187: 0.999404
30188: 0.999404
30189: 0.999404
30190: 0.999404
30191: 0.999404
30192: 0.999404
30193: 0.999404
30194: 0.999404
30195: 0.999404
30196: 0.999404
30197: 0.999404
30198: 0.999404
30199: 0.999404
30200: 0.999404
30201: 0.999404
30202: 0.999404
30203: 0.999404
30204: 0.999404
30205: 0.999404
30206: 0.999404
30207: 0.999404
30208: 0.999404
30209: 0.999404
30210: 0.999404
30211: 0.999404
30212: 0.999404
30213: 0.999404
30214: 0.999404
30215: 0.999404
30216: 0.999404
30217: 0.999404
30218: 0.999404
30219: 0.999404
30220: 0.999404
30221: 0.999404
30222: 0.999404
30223: 0.999404
30224: 0.999404
30225: 0.999404
30226: 0.999405
30227: 0.999405
30228: 0.999405
30229: 0.999405
30230: 0.999405
30231: 0.999405
30232: 0.999405
30233: 0.999405
30234: 0.999405
30235: 0.999405
30236: 0.999405
30237: 0.999405
30238: 0.999405
30239: 0.999405
30240: 0.999405
30241: 0.999405
30242: 0.999405
30243: 0.999405
30244: 0.999405
30245: 0.999405
30246: 0.999405
30247: 0.999405
30248: 0.999405
30249: 0.999405
30250: 0.999405
30251: 0.999405
30252: 0.999405
30253: 0.999405
30254: 0.999405
30255: 0.999405
30256: 0.999405
30257: 0.999405
30258: 0.999405
30259: 0.999405
30260: 0.999405
30261: 0.999405
30262: 0.999405
30263: 0.999405
30264: 0.999405
30265: 0.999405
30266: 0.999405
30267: 0.999405
30268: 0.999405
30269: 0.999405
30270: 0.999405
30271: 0.999405
30272: 0.999405
30273: 0.999405
30274: 0.999405
30275: 0.999405
30276: 0.999405
30277: 0.999406
30278: 0.999406
30279: 0.999406
30280: 0.999406
30281: 0.999406
30282: 0.999406
30283: 0.999406
30284: 0.999406
30285: 0.999406
30286: 0.999406
30287: 0.999406
30288: 0.999406
30289: 0.999406
30290: 0.999406
30291: 0.999406
30292: 0.999406
30293: 0.999406
30294: 0.999406
30295: 0.999406
30296: 0.999406
30297: 0.999406
30298: 0.999406
30299: 0.999406
30300: 0.999406
30301: 0.999406
30302: 0.999406
30303: 0.999406
30304: 0.999406
30305: 0.999406
30306: 0.999406
30307: 0.999406
30308: 0.999406
30309: 0.999406
30310: 0.999406
30311: 0.999406
30312: 0.999406
30313: 0.999406
30314: 0.999406
30315: 0.999406
30316: 0.999406
30317: 0.999406
30318: 0.999406
30319: 0.999406
30320: 0.999406
30321: 0.999406
30322: 0.999406
30323: 0.999406
30324: 0.999406
30325: 0.999406
30326: 0.999406
30327: 0.999406
30328: 0.999407
30329: 0.999407
30330: 0.999407
30331: 0.999407
30332: 0.999407
30333: 0.999407
30334: 0.999407
30335: 0.999407
30336: 0.999407
30337: 0.999407
30338: 0.999407
30339: 0.999407
30340: 0.999407
30341: 0.999407
30342: 0.999407
30343: 0.999407
30344: 0.999407
30345: 0.999407
30346: 0.999407
30347: 0.999407
30348: 0.999407
30349: 0.999407
30350: 0.999407
30351: 0.999407
30352: 0.999407
30353: 0.999407
30354: 0.999407
30355: 0.999407
30356: 0.999407
30357: 0.999407
30358: 0.999407
30359: 0.999407
30360: 0.999407
30361: 0.999407
30362: 0.999407
30363: 0.999407
30364: 0.999407
30365: 0.999407
30366: 0.999407
30367: 0.999407
30368: 0.999407
30369: 0.999407
30370: 0.999407
30371: 0.999407
30372: 0.999407
30373: 0.999407
30374: 0.999407
30375: 0.999407
30376: 0.999407
30377: 0.999407
30378: 0.999407
30379: 0.999408
30380: 0.999408
30381: 0.999408
30382: 0.999408
30383: 0.999408
30384: 0.999408
30385: 0.999408
30386: 0.999408
30387: 0.999408
30388: 0.999408
30389: 0.999408
30390: 0.999408
30391: 0.999408
30392: 0.999408
30393: 0.999408
30394: 0.999408
30395: 0.999408
30396: 0.999408
30397: 0.999408
30398: 0.999408
30399: 0.999408
30400: 0.999408
30401: 0.999408
30402: 0.999408
30403: 0.999408
30404: 0.999408
30405: 0.999408
30406: 0.999408
30407: 0.999408
30408: 0.999408
30409: 0.999408
30410: 0.999408
30411: 0.999408
30412: 0.999408
30413: 0.999408
30414: 0.999408
30415: 0.999408
30416: 0.999408
30417: 0.999408
30418: 0.999408
30419: 0.999408
30420: 0.999408
30421: 0.999408
30422: 0.999408
30423: 0.999408
30424: 0.999408
30425: 0.999408
30426: 0.999408
30427: 0.999408
30428: 0.999408
30429: 0.999408
30430: 0.999408
30431: 0.999409
30432: 0.999409
30433: 0.999409
30434: 0.999409
30435: 0.999409
30436: 0.999409
30437: 0.999409
30438: 0.999409
30439: 0.999409
30440: 0.999409
30441: 0.999409
30442: 0.999409
30443: 0.999409
30444: 0.999409
30445: 0.999409
30446: 0.999409
30447: 0.999409
30448: 0.999409
30449: 0.999409
30450: 0.999409
30451: 0.999409
30452: 0.999409
30453: 0.999409
30454: 0.999409
30455: 0.999409
30456: 0.999409
30457: 0.999409
30458: 0.999409
30459: 0.999409
30460: 0.999409
30461: 0.999409
30462: 0.999409
30463: 0.999409
30464: 0.999409
30465: 0.999409
30466: 0.999409
30467: 0.999409
30468: 0.999409
30469: 0.999409
30470: 0.999409
30471: 0.999409
30472: 0.999409
30473: 0.999409
30474: 0.999409
30475: 0.999409
30476: 0.999409
30477: 0.999409
30478: 0.999409
30479: 0.999409
30480: 0.999409
30481: 0.999409
30482: 0.99941
30483: 0.99941
30484: 0.99941
30485: 0.99941
30486: 0.99941
30487: 0.99941
30488: 0.99941
30489: 0.99941
30490: 0.99941
30491: 0.99941
30492: 0.99941
30493: 0.99941
30494: 0.99941
30495: 0.99941
30496: 0.99941
30497: 0.99941
30498: 0.99941
30499: 0.99941
30500: 0.99941
30501: 0.99941
30502: 0.99941
30503: 0.99941
30504: 0.99941
30505: 0.99941
30506: 0.99941
30507: 0.99941
30508: 0.99941
30509: 0.99941
30510: 0.99941
30511: 0.99941
30512: 0.99941
30513: 0.99941
30514: 0.99941
30515: 0.99941
30516: 0.99941
30517: 0.99941
30518: 0.99941
30519: 0.99941
30520: 0.99941
30521: 0.99941
30522: 0.99941
30523: 0.99941
30524: 0.99941
30525: 0.99941
30526: 0.99941
30527: 0.99941
30528: 0.99941
30529: 0.99941
30530: 0.99941
30531: 0.99941
30532: 0.99941
30533: 0.99941
30534: 0.999411
30535: 0.999411
30536: 0.999411
30537: 0.999411
30538: 0.999411
30539: 0.999411
30540: 0.999411
30541: 0.999411
30542: 0.999411
30543: 0.999411
30544: 0.999411
30545: 0.999411
30546: 0.999411
30547: 0.999411
30548: 0.999411
30549: 0.999411
30550: 0.999411
30551: 0.999411
30552: 0.999411
30553: 0.999411
30554: 0.999411
30555: 0.999411
30556: 0.999411
30557: 0.999411
30558: 0.999411
30559: 0.999411
30560: 0.999411
30561: 0.999411
30562: 0.999411
30563: 0.999411
30564: 0.999411
30565: 0.999411
30566: 0.999411
30567: 0.999411
30568: 0.999411
30569: 0.999411
30570: 0.999411
30571: 0.999411
30572: 0.999411
30573: 0.999411
30574: 0.999411
30575: 0.999411
30576: 0.999411
30577: 0.999411
30578: 0.999411
30579: 0.999411
30580: 0.999411
30581: 0.999411
30582: 0.999411
30583: 0.999411
30584: 0.999411
30585: 0.999411
30586: 0.999412
30587: 0.999412
30588: 0.999412
30589: 0.999412
30590: 0.999412
30591: 0.999412
30592: 0.999412
30593: 0.999412
30594: 0.999412
30595: 0.999412
30596: 0.999412
30597: 0.999412
30598: 0.999412
30599: 0.999412
30600: 0.999412
30601: 0.999412
30602: 0.999412
30603: 0.999412
30604: 0.999412
30605: 0.999412
30606: 0.999412
30607: 0.999412
30608: 0.999412
30609: 0.999412
30610: 0.999412
30611: 0.999412
30612: 0.999412
30613: 0.999412
30614: 0.999412
30615: 0.999412
30616: 0.999412
30617: 0.999412
30618: 0.999412
30619: 0.999412
30620: 0.999412
30621: 0.999412
30622: 0.999412
30623: 0.999412
30624: 0.999412
30625: 0.999412
30626: 0.999412
30627: 0.999412
30628: 0.999412
30629: 0.999412
30630: 0.999412
30631: 0.999412
30632: 0.999412
30633: 0.999412
30634: 0.999412
30635: 0.999412
30636: 0.999412
30637: 0.999412
30638: 0.999413
30639: 0.999413
30640: 0.999413
30641: 0.999413
30642: 0.999413
30643: 0.999413
30644: 0.999413
30645: 0.999413
30646: 0.999413
30647: 0.999413
30648: 0.999413
30649: 0.999413
30650: 0.999413
30651: 0.999413
30652: 0.999413
30653: 0.999413
30654: 0.999413
30655: 0.999413
30656: 0.999413
30657: 0.999413
30658: 0.999413
30659: 0.999413
30660: 0.999413
30661: 0.999413
30662: 0.999413
30663: 0.999413
30664: 0.999413
30665: 0.999413
30666: 0.999413
30667: 0.999413
30668: 0.999413
30669: 0.999413
30670: 0.999413
30671: 0.999413
30672: 0.999413
30673: 0.999413
30674: 0.999413
30675: 0.999413
30676: 0.999413
30677: 0.999413
30678: 0.999413
30679: 0.999413
30680: 0.999413
30681: 0.999413
30682: 0.999413
30683: 0.999413
30684: 0.999413
30685: 0.999413
30686: 0.999413
30687: 0.999413
30688: 0.999413
30689: 0.999413
30690: 0.999414
30691: 0.999414
30692: 0.999414
30693: 0.999414
30694: 0.999414
30695: 0.999414
30696: 0.999414
30697: 0.999414
30698: 0.999414
30699: 0.999414
30700: 0.999414
30701: 0.999414
30702: 0.999414
30703: 0.999414
30704: 0.999414
30705: 0.999414
30706: 0.999414
30707: 0.999414
30708: 0.999414
30709: 0.999414
30710: 0.999414
30711: 0.999414
30712: 0.999414
30713: 0.999414
30714: 0.999414
30715: 0.999414
30716: 0.999414
30717: 0.999414
30718: 0.999414
30719: 0.999414
30720: 0.999414
30721: 0.999414
30722: 0.999414
30723: 0.999414
30724: 0.999414
30725: 0.999414
30726: 0.999414
30727: 0.999414
30728: 0.999414
30729: 0.999414
30730: 0.999414
30731: 0.999414
30732: 0.999414
30733: 0.999414
30734: 0.999414
30735: 0.999414
30736: 0.999414
30737: 0.999414
30738: 0.999414
30739: 0.999414
30740: 0.999414
30741: 0.999414
30742: 0.999415
30743: 0.999415
30744: 0.999415
30745: 0.999415
30746: 0.999415
30747: 0.999415
30748: 0.999415
30749: 0.999415
30750: 0.999415
30751: 0.999415
30752: 0.999415
30753: 0.999415
30754: 0.999415
30755: 0.999415
30756: 0.999415
30757: 0.999415
30758: 0.999415
30759: 0.999415
30760: 0.999415
30761: 0.999415
30762: 0.999415
30763: 0.999415
30764: 0.999415
30765: 0.999415
30766: 0.999415
30767: 0.999415
30768: 0.999415
30769: 0.999415
30770: 0.999415
30771: 0.999415
30772: 0.999415
30773: 0.999415
30774: 0.999415
30775: 0.999415
30776: 0.999415
30777: 0.999415
30778: 0.999415
30779: 0.999415
30780: 0.999415
30781: 0.999415
30782: 0.999415
30783: 0.999415
30784: 0.999415
30785: 0.999415
30786: 0.999415
30787: 0.999415
30788: 0.999415
30789: 0.999415
30790: 0.999415
30791: 0.999415
30792: 0.999415
30793: 0.999415
30794: 0.999415
30795: 0.999416
30796: 0.999416
30797: 0.999416
30798: 0.999416
30799: 0.999416
30800: 0.999416
30801: 0.999416
30802: 0.999416
30803: 0.999416
30804: 0.999416
30805: 0.999416
30806: 0.999416
30807: 0.999416
30808: 0.999416
30809: 0.999416
30810: 0.999416
30811: 0.999416
30812: 0.999416
30813: 0.999416
30814: 0.999416
30815: 0.999416
30816: 0.999416
30817: 0.999416
30818: 0.999416
30819: 0.999416
30820: 0.999416
30821: 0.999416
30822: 0.999416
30823: 0.999416
30824: 0.999416
30825: 0.999416
30826: 0.999416
30827: 0.999416
30828: 0.999416
30829: 0.999416
30830: 0.999416
30831: 0.999416
30832: 0.999416
30833: 0.999416
30834: 0.999416
30835: 0.999416
30836: 0.999416
30837: 0.999416
30838: 0.999416
30839: 0.999416
30840: 0.999416
30841: 0.999416
30842: 0.999416
30843: 0.999416
30844: 0.999416
30845: 0.999416
30846: 0.999416
30847: 0.999416
30848: 0.999417
30849: 0.999417
30850: 0.999417
30851: 0.999417
30852: 0.999417
30853: 0.999417
30854: 0.999417
30855: 0.999417
30856: 0.999417
30857: 0.999417
30858: 0.999417
30859: 0.999417
30860: 0.999417
30861: 0.999417
30862: 0.999417
30863: 0.999417
30864: 0.999417
30865: 0.999417
30866: 0.999417
30867: 0.999417
30868: 0.999417
30869: 0.999417
30870: 0.999417
30871: 0.999417
30872: 0.999417
30873: 0.999417
30874: 0.999417
30875: 0.999417
30876: 0.999417
30877: 0.999417
30878: 0.999417
30879: 0.999417
30880: 0.999417
30881: 0.999417
30882: 0.999417
30883: 0.999417
30884: 0.999417
30885: 0.999417
30886: 0.999417
30887: 0.999417
30888: 0.999417
30889: 0.999417
30890: 0.999417
30891: 0.999417
30892: 0.999417
30893: 0.999417
30894: 0.999417
30895: 0.999417
30896: 0.999417
30897: 0.999417
30898: 0.999417
30899: 0.999417
30900: 0.999417
30901: 0.999418
30902: 0.999418
30903: 0.999418
30904: 0.999418
30905: 0.999418
30906: 0.999418
30907: 0.999418
30908: 0.999418
30909: 0.999418
30910: 0.999418
30911: 0.999418
30912: 0.999418
30913: 0.999418
30914: 0.999418
30915: 0.999418
30916: 0.999418
30917: 0.999418
30918: 0.999418
30919: 0.999418
30920: 0.999418
30921: 0.999418
30922: 0.999418
30923: 0.999418
30924: 0.999418
30925: 0.999418
30926: 0.999418
30927: 0.999418
30928: 0.999418
30929: 0.999418
30930: 0.999418
30931: 0.999418
30932: 0.999418
30933: 0.999418
30934: 0.999418
30935: 0.999418
30936: 0.999418
30937: 0.999418
30938: 0.999418
30939: 0.999418
30940: 0.999418
30941: 0.999418
30942: 0.999418
30943: 0.999418
30944: 0.999418
30945: 0.999418
30946: 0.999418
30947: 0.999418
30948: 0.999418
30949: 0.999418
30950: 0.999418
30951: 0.999418
30952: 0.999418
30953: 0.999418
30954: 0.999419
30955: 0.999419
30956: 0.999419
30957: 0.999419
30958: 0.999419
30959: 0.999419
30960: 0.999419
30961: 0.999419
30962: 0.999419
30963: 0.999419
30964: 0.999419
30965: 0.999419
30966: 0.999419
30967: 0.999419
30968: 0.999419
30969: 0.999419
30970: 0.999419
30971: 0.999419
30972: 0.999419
30973: 0.999419
30974: 0.999419
30975: 0.999419
30976: 0.999419
30977: 0.999419
30978: 0.999419
30979: 0.999419
30980: 0.999419
30981: 0.999419
30982: 0.999419
30983: 0.999419
30984: 0.999419
30985: 0.999419
30986: 0.999419
30987: 0.999419
30988: 0.999419
30989: 0.999419
30990: 0.999419
30991: 0.999419
30992: 0.999419
30993: 0.999419
30994: 0.999419
30995: 0.999419
30996: 0.999419
30997: 0.999419
30998: 0.999419
30999: 0.999419
31000: 0.999419
31001: 0.999419
31002: 0.999419
31003: 0.999419
31004: 0.999419
31005: 0.999419
31006: 0.999419
31007: 0.99942
31008: 0.99942
31009: 0.99942
31010: 0.99942
31011: 0.99942
31012: 0.99942
31013: 0.99942
31014: 0.99942
31015: 0.99942
31016: 0.99942
31017: 0.99942
31018: 0.99942
31019: 0.99942
31020: 0.99942
31021: 0.99942
31022: 0.99942
31023: 0.99942
31024: 0.99942
31025: 0.99942
31026: 0.99942
31027: 0.99942
31028: 0.99942
31029: 0.99942
31030: 0.99942
31031: 0.99942
31032: 0.99942
31033: 0.99942
31034: 0.99942
31035: 0.99942
31036: 0.99942
31037: 0.99942
31038: 0.99942
31039: 0.99942
31040: 0.99942
31041: 0.99942
31042: 0.99942
31043: 0.99942
31044: 0.99942
31045: 0.99942
31046: 0.99942
31047: 0.99942
31048: 0.99942
31049: 0.99942
31050: 0.99942
31051: 0.99942
31052: 0.99942
31053: 0.99942
31054: 0.99942
31055: 0.99942
31056: 0.99942
31057: 0.99942
31058: 0.99942
31059: 0.99942
31060: 0.99942
31061: 0.999421
31062: 0.999421
31063: 0.999421
31064: 0.999421
31065: 0.999421
31066: 0.999421
31067: 0.999421
31068: 0.999421
31069: 0.999421
31070: 0.999421
31071: 0.999421
31072: 0.999421
31073: 0.999421
31074: 0.999421
31075: 0.999421
31076: 0.999421
31077: 0.999421
31078: 0.999421
31079: 0.999421
31080: 0.999421
31081: 0.999421
31082: 0.999421
31083: 0.999421
31084: 0.999421
31085: 0.999421
31086: 0.999421
31087: 0.999421
31088: 0.999421
31089: 0.999421
31090: 0.999421
31091: 0.999421
31092: 0.999421
31093: 0.999421
31094: 0.999421
31095: 0.999421
31096: 0.999421
31097: 0.999421
31098: 0.999421
31099: 0.999421
31100: 0.999421
31101: 0.999421
31102: 0.999421
31103: 0.999421
31104: 0.999421
31105: 0.999421
31106: 0.999421
31107: 0.999421
31108: 0.999421
31109: 0.999421
31110: 0.999421
31111: 0.999421
31112: 0.999421
31113: 0.999421
31114: 0.999422
31115: 0.999422
31116: 0.999422
31117: 0.999422
31118: 0.999422
31119: 0.999422
31120: 0.999422
31121: 0.999422
31122: 0.999422
31123: 0.999422
31124: 0.999422
31125: 0.999422
31126: 0.999422
31127: 0.999422
31128: 0.999422
31129: 0.999422
31130: 0.999422
31131: 0.999422
31132: 0.999422
31133: 0.999422
31134: 0.999422
31135: 0.999422
31136: 0.999422
31137: 0.999422
31138: 0.999422
31139: 0.999422
31140: 0.999422
31141: 0.999422
31142: 0.999422
31143: 0.999422
31144: 0.999422
31145: 0.999422
31146: 0.999422
31147: 0.999422
31148: 0.999422
31149: 0.999422
31150: 0.999422
31151: 0.999422
31152: 0.999422
31153: 0.999422
31154: 0.999422
31155: 0.999422
31156: 0.999422
31157: 0.999422
31158: 0.999422
31159: 0.999422
31160: 0.999422
31161: 0.999422
31162: 0.999422
31163: 0.999422
31164: 0.999422
31165: 0.999422
31166: 0.999422
31167: 0.999422
31168: 0.999423
31169: 0.999423
31170: 0.999423
31171: 0.999423
31172: 0.999423
31173: 0.999423
31174: 0.999423
31175: 0.999423
31176: 0.999423
31177: 0.999423
31178: 0.999423
31179: 0.999423
31180: 0.999423
31181: 0.999423
31182: 0.999423
31183: 0.999423
31184: 0.999423
31185: 0.999423
31186: 0.999423
31187: 0.999423
31188: 0.999423
31189: 0.999423
31190: 0.999423
31191: 0.999423
31192: 0.999423
31193: 0.999423
31194: 0.999423
31195: 0.999423
31196: 0.999423
31197: 0.999423
31198: 0.999423
31199: 0.999423
31200: 0.999423
31201: 0.999423
31202: 0.999423
31203: 0.999423
31204: 0.999423
31205: 0.999423
31206: 0.999423
31207: 0.999423
31208: 0.999423
31209: 0.999423
31210: 0.999423
31211: 0.999423
31212: 0.999423
31213: 0.999423
31214: 0.999423
31215: 0.999423
31216: 0.999423
31217: 0.999423
31218: 0.999423
31219: 0.999423
31220: 0.999423
31221: 0.999423
31222: 0.999424
31223: 0.999424
31224: 0.999424
31225: 0.999424
31226: 0.999424
31227: 0.999424
31228: 0.999424
31229: 0.999424
31230: 0.999424
31231: 0.999424
31232: 0.999424
31233: 0.999424
31234: 0.999424
31235: 0.999424
31236: 0.999424
31237: 0.999424
31238: 0.999424
31239: 0.999424
31240: 0.999424
31241: 0.999424
31242: 0.999424
31243: 0.999424
31244: 0.999424
31245: 0.999424
31246: 0.999424
31247: 0.999424
31248: 0.999424
31249: 0.999424
31250: 0.999424
31251: 0.999424
31252: 0.999424
31253: 0.999424
31254: 0.999424
31255: 0.999424
31256: 0.999424
31257: 0.999424
31258: 0.999424
31259: 0.999424
31260: 0.999424
31261: 0.999424
31262: 0.999424
31263: 0.999424
31264: 0.999424
31265: 0.999424
31266: 0.999424
31267: 0.999424
31268: 0.999424
31269: 0.999424
31270: 0.999424
31271: 0.999424
31272: 0.999424
31273: 0.999424
31274: 0.999424
31275: 0.999424
31276: 0.999424
31277: 0.999425
31278: 0.999425
31279: 0.999425
31280: 0.999425
31281: 0.999425
31282: 0.999425
31283: 0.999425
31284: 0.999425
31285: 0.999425
31286: 0.999425
31287: 0.999425
31288: 0.999425
31289: 0.999425
31290: 0.999425
31291: 0.999425
31292: 0.999425
31293: 0.999425
31294: 0.999425
31295: 0.999425
31296: 0.999425
31297: 0.999425
31298: 0.999425
31299: 0.999425
31300: 0.999425
31301: 0.999425
31302: 0.999425
31303: 0.999425
31304: 0.999425
31305: 0.999425
31306: 0.999425
31307: 0.999425
31308: 0.999425
31309: 0.999425
31310: 0.999425
31311: 0.999425
31312: 0.999425
31313: 0.999425
31314: 0.999425
31315: 0.999425
31316: 0.999425
31317: 0.999425
31318: 0.999425
31319: 0.999425
31320: 0.999425
31321: 0.999425
31322: 0.999425
31323: 0.999425
31324: 0.999425
31325: 0.999425
31326: 0.999425
31327: 0.999425
31328: 0.999425
31329: 0.999425
31330: 0.999425
31331: 0.999426
31332: 0.999426
31333: 0.999426
31334: 0.999426
31335: 0.999426
31336: 0.999426
31337: 0.999426
31338: 0.999426
31339: 0.999426
31340: 0.999426
31341: 0.999426
31342: 0.999426
31343: 0.999426
31344: 0.999426
31345: 0.999426
31346: 0.999426
31347: 0.999426
31348: 0.999426
31349: 0.999426
31350: 0.999426
31351: 0.999426
31352: 0.999426
31353: 0.999426
31354: 0.999426
31355: 0.999426
31356: 0.999426
31357: 0.999426
31358: 0.999426
31359: 0.999426
31360: 0.999426
31361: 0.999426
31362: 0.999426
31363: 0.999426
31364: 0.999426
31365: 0.999426
31366: 0.999426
31367: 0.999426
31368: 0.999426
31369: 0.999426
31370: 0.999426
31371: 0.999426
31372: 0.999426
31373: 0.999426
31374: 0.999426
31375: 0.999426
31376: 0.999426
31377: 0.999426
31378: 0.999426
31379: 0.999426
31380: 0.999426
31381: 0.999426
31382: 0.999426
31383: 0.999426
31384: 0.999426
31385: 0.999426
31386: 0.999427
31387: 0.999427
31388: 0.999427
31389: 0.999427
31390: 0.999427
31391: 0.999427
31392: 0.999427
31393: 0.999427
31394: 0.999427
31395: 0.999427
31396: 0.999427
31397: 0.999427
31398: 0.999427
31399: 0.999427
31400: 0.999427
31401: 0.999427
31402: 0.999427
31403: 0.999427
31404: 0.999427
31405: 0.999427
31406: 0.999427
31407: 0.999427
31408: 0.999427
31409: 0.999427
31410: 0.999427
31411: 0.999427
31412: 0.999427
31413: 0.999427
31414: 0.999427
31415: 0.999427
31416: 0.999427
31417: 0.999427
31418: 0.999427
31419: 0.999427
31420: 0.999427
31421: 0.999427
31422: 0.999427
31423: 0.999427
31424: 0.999427
31425: 0.999427
31426: 0.999427
31427: 0.999427
31428: 0.999427
31429: 0.999427
31430: 0.999427
31431: 0.999427
31432: 0.999427
31433: 0.999427
31434: 0.999427
31435: 0.999427
31436: 0.999427
31437: 0.999427
31438: 0.999427
31439: 0.999427
31440: 0.999427
31441: 0.999428
31442: 0.999428
31443: 0.999428
31444: 0.999428
31445: 0.999428
31446: 0.999428
31447: 0.999428
31448: 0.999428
31449: 0.999428
31450: 0.999428
31451: 0.999428
31452: 0.999428
31453: 0.999428
31454: 0.999428
31455: 0.999428
31456: 0.999428
31457: 0.999428
31458: 0.999428
31459: 0.999428
31460: 0.999428
31461: 0.999428
31462: 0.999428
31463: 0.999428
31464: 0.999428
31465: 0.999428
31466: 0.999428
31467: 0.999428
31468: 0.999428
31469: 0.999428
31470: 0.999428
31471: 0.999428
31472: 0.999428
31473: 0.999428
31474: 0.999428
31475: 0.999428
31476: 0.999428
31477: 0.999428
31478: 0.999428
31479: 0.999428
31480: 0.999428
31481: 0.999428
31482: 0.999428
31483: 0.999428
31484: 0.999428
31485: 0.999428
31486: 0.999428
31487: 0.999428
31488: 0.999428
31489: 0.999428
31490: 0.999428
31491: 0.999428
31492: 0.999428
31493: 0.999428
31494: 0.999428
31495: 0.999428
31496: 0.999429
31497: 0.999429
31498: 0.999429
31499: 0.999429
31500: 0.999429
31501: 0.999429
31502: 0.999429
31503: 0.999429
31504: 0.999429
31505: 0.999429
31506: 0.999429
31507: 0.999429
31508: 0.999429
31509: 0.999429
31510: 0.999429
31511: 0.999429
31512: 0.999429
31513: 0.999429
31514: 0.999429
31515: 0.999429
31516: 0.999429
31517: 0.999429
31518: 0.999429
31519: 0.999429
31520: 0.999429
31521: 0.999429
31522: 0.999429
31523: 0.999429
31524: 0.999429
31525: 0.999429
31526: 0.999429
31527: 0.999429
31528: 0.999429
31529: 0.999429
31530: 0.999429
31531: 0.999429
31532: 0.999429
31533: 0.999429
31534: 0.999429
31535: 0.999429
31536: 0.999429
31537: 0.999429
31538: 0.999429
31539: 0.999429
31540: 0.999429
31541: 0.999429
31542: 0.999429
31543: 0.999429
31544: 0.999429
31545: 0.999429
31546: 0.999429
31547: 0.999429
31548: 0.999429
31549: 0.999429
31550: 0.999429
31551: 0.99943
31552: 0.99943
31553: 0.99943
31554: 0.99943
31555: 0.99943
31556: 0.99943
31557: 0.99943
31558: 0.99943
31559: 0.99943
31560: 0.99943
31561: 0.99943
31562: 0.99943
31563: 0.99943
31564: 0.99943
31565: 0.99943
31566: 0.99943
31567: 0.99943
31568: 0.99943
31569: 0.99943
31570: 0.99943
31571: 0.99943
31572: 0.99943
31573: 0.99943
31574: 0.99943
31575: 0.99943
31576: 0.99943
31577: 0.99943
31578: 0.99943
31579: 0.99943
31580: 0.99943
31581: 0.99943
31582: 0.99943
31583: 0.99943
31584: 0.99943
31585: 0.99943
31586: 0.99943
31587: 0.99943
31588: 0.99943
31589: 0.99943
31590: 0.99943
31591: 0.99943
31592: 0.99943
31593: 0.99943
31594: 0.99943
31595: 0.99943
31596: 0.99943
31597: 0.99943
31598: 0.99943
31599: 0.99943
31600: 0.99943
31601: 0.99943
31602: 0.99943
31603: 0.99943
31604: 0.99943
31605: 0.99943
31606: 0.999431
31607: 0.999431
31608: 0.999431
31609: 0.999431
31610: 0.999431
31611: 0.999431
31612: 0.999431
31613: 0.999431
31614: 0.999431
31615: 0.999431
31616: 0.999431
31617: 0.999431
31618: 0.999431
31619: 0.999431
31620: 0.999431
31621: 0.999431
31622: 0.999431
31623: 0.999431
31624: 0.999431
31625: 0.999431
31626: 0.999431
31627: 0.999431
31628: 0.999431
31629: 0.999431
31630: 0.999431
31631: 0.999431
31632: 0.999431
31633: 0.999431
31634: 0.999431
31635: 0.999431
31636: 0.999431
31637: 0.999431
31638: 0.999431
31639: 0.999431
31640: 0.999431
31641: 0.999431
31642: 0.999431
31643: 0.999431
31644: 0.999431
31645: 0.999431
31646: 0.999431
31647: 0.999431
31648: 0.999431
31649: 0.999431
31650: 0.999431
31651: 0.999431
31652: 0.999431
31653: 0.999431
31654: 0.999431
31655: 0.999431
31656: 0.999431
31657: 0.999431
31658: 0.999431
31659: 0.999431
31660: 0.999431
31661: 0.999431
31662: 0.999432
31663: 0.999432
31664: 0.999432
31665: 0.999432
31666: 0.999432
31667: 0.999432
31668: 0.999432
31669: 0.999432
31670: 0.999432
31671: 0.999432
31672: 0.999432
31673: 0.999432
31674: 0.999432
31675: 0.999432
31676: 0.999432
31677: 0.999432
31678: 0.999432
31679: 0.999432
31680: 0.999432
31681: 0.999432
31682: 0.999432
31683: 0.999432
31684: 0.999432
31685: 0.999432
31686: 0.999432
31687: 0.999432
31688: 0.999432
31689: 0.999432
31690: 0.999432
31691: 0.999432
31692: 0.999432
31693: 0.999432
31694: 0.999432
31695: 0.999432
31696: 0.999432
31697: 0.999432
31698: 0.999432
31699: 0.999432
31700: 0.999432
31701: 0.999432
31702: 0.999432
31703: 0.999432
31704: 0.999432
31705: 0.999432
31706: 0.999432
31707: 0.999432
31708: 0.999432
31709: 0.999432
31710: 0.999432
31711: 0.999432
31712: 0.999432
31713: 0.999432
31714: 0.999432
31715: 0.999432
31716: 0.999432
31717: 0.999432
31718: 0.999433
31719: 0.999433
31720: 0.999433
31721: 0.999433
31722: 0.999433
31723: 0.999433
31724: 0.999433
31725: 0.999433
31726: 0.999433
31727: 0.999433
31728: 0.999433
31729: 0.999433
31730: 0.999433
31731: 0.999433
31732: 0.999433
31733: 0.999433
31734: 0.999433
31735: 0.999433
31736: 0.999433
31737: 0.999433
31738: 0.999433
31739: 0.999433
31740: 0.999433
31741: 0.999433
31742: 0.999433
31743: 0.999433
31744: 0.999433
31745: 0.999433
31746: 0.999433
31747: 0.999433
31748: 0.999433
31749: 0.999433
31750: 0.999433
31751: 0.999433
31752: 0.999433
31753: 0.999433
31754: 0.999433
31755: 0.999433
31756: 0.999433
31757: 0.999433
31758: 0.999433
31759: 0.999433
31760: 0.999433
31761: 0.999433
31762: 0.999433
31763: 0.999433
31764: 0.999433
31765: 0.999433
31766: 0.999433
31767: 0.999433
31768: 0.999433
31769: 0.999433
31770: 0.999433
31771: 0.999433
31772: 0.999433
31773: 0.999433
31774: 0.999434
31775: 0.999434
31776: 0.999434
31777: 0.999434
31778: 0.999434
31779: 0.999434
31780: 0.999434
31781: 0.999434
31782: 0.999434
31783: 0.999434
31784: 0.999434
31785: 0.999434
31786: 0.999434
31787: 0.999434
31788: 0.999434
31789: 0.999434
31790: 0.999434
31791: 0.999434
31792: 0.999434
31793: 0.999434
31794: 0.999434
31795: 0.999434
31796: 0.999434
31797: 0.999434
31798: 0.999434
31799: 0.999434
31800: 0.999434
31801: 0.999434
31802: 0.999434
31803: 0.999434
31804: 0.999434
31805: 0.999434
31806: 0.999434
31807: 0.999434
31808: 0.999434
31809: 0.999434
31810: 0.999434
31811: 0.999434
31812: 0.999434
31813: 0.999434
31814: 0.999434
31815: 0.999434
31816: 0.999434
31817: 0.999434
31818: 0.999434
31819: 0.999434
31820: 0.999434
31821: 0.999434
31822: 0.999434
31823: 0.999434
31824: 0.999434
31825: 0.999434
31826: 0.999434
31827: 0.999434
31828: 0.999434
31829: 0.999434
31830: 0.999435
31831: 0.999435
31832: 0.999435
31833: 0.999435
31834: 0.999435
31835: 0.999435
31836: 0.999435
31837: 0.999435
31838: 0.999435
31839: 0.999435
31840: 0.999435
31841: 0.999435
31842: 0.999435
31843: 0.999435
31844: 0.999435
31845: 0.999435
31846: 0.999435
31847: 0.999435
31848: 0.999435
31849: 0.999435
31850: 0.999435
31851: 0.999435
31852: 0.999435
31853: 0.999435
31854: 0.999435
31855: 0.999435
31856: 0.999435
31857: 0.999435
31858: 0.999435
31859: 0.999435
31860: 0.999435
31861: 0.999435
31862: 0.999435
31863: 0.999435
31864: 0.999435
31865: 0.999435
31866: 0.999435
31867: 0.999435
31868: 0.999435
31869: 0.999435
31870: 0.999435
31871: 0.999435
31872: 0.999435
31873: 0.999435
31874: 0.999435
31875: 0.999435
31876: 0.999435
31877: 0.999435
31878: 0.999435
31879: 0.999435
31880: 0.999435
31881: 0.999435
31882: 0.999435
31883: 0.999435
31884: 0.999435
31885: 0.999435
31886: 0.999436
31887: 0.999436
31888: 0.999436
31889: 0.999436
31890: 0.999436
31891: 0.999436
31892: 0.999436
31893: 0.999436
31894: 0.999436
31895: 0.999436
31896: 0.999436
31897: 0.999436
31898: 0.999436
31899: 0.999436
31900: 0.999436
31901: 0.999436
31902: 0.999436
31903: 0.999436
31904: 0.999436
31905: 0.999436
31906: 0.999436
31907: 0.999436
31908: 0.999436
31909: 0.999436
31910: 0.999436
31911: 0.999436
31912: 0.999436
31913: 0.999436
31914: 0.999436
31915: 0.999436
31916: 0.999436
31917: 0.999436
31918: 0.999436
31919: 0.999436
31920: 0.999436
31921: 0.999436
31922: 0.999436
31923: 0.999436
31924: 0.999436
31925: 0.999436
31926: 0.999436
31927: 0.999436
31928: 0.999436
31929: 0.999436
31930: 0.999436
31931: 0.999436
31932: 0.999436
31933: 0.999436
31934: 0.999436
31935: 0.999436
31936: 0.999436
31937: 0.999436
31938: 0.999436
31939: 0.999436
31940: 0.999436
31941: 0.999436
31942: 0.999436
31943: 0.999437
31944: 0.999437
31945: 0.999437
31946: 0.999437
31947: 0.999437
31948: 0.999437
31949: 0.999437
31950: 0.999437
31951: 0.999437
31952: 0.999437
31953: 0.999437
31954: 0.999437
31955: 0.999437
31956: 0.999437
31957: 0.999437
31958: 0.999437
31959: 0.999437
31960: 0.999437
31961: 0.999437
31962: 0.999437
31963: 0.999437
31964: 0.999437
31965: 0.999437
31966: 0.999437
31967: 0.999437
31968: 0.999437
31969: 0.999437
31970: 0.999437
31971: 0.999437
31972: 0.999437
31973: 0.999437
31974: 0.999437
31975: 0.999437
31976: 0.999437
31977: 0.999437
31978: 0.999437
31979: 0.999437
31980: 0.999437
31981: 0.999437
31982: 0.999437
31983: 0.999437
31984: 0.999437
31985: 0.999437
31986: 0.999437
31987: 0.999437
31988: 0.999437
31989: 0.999437
31990: 0.999437
31991: 0.999437
31992: 0.999437
31993: 0.999437
31994: 0.999437
31995: 0.999437
31996: 0.999437
31997: 0.999437
31998: 0.999437
31999: 0.999437
32000: 0.999438
32001: 0.999438
32002: 0.999438
32003: 0.999438
32004: 0.999438
32005: 0.999438
32006: 0.999438
32007: 0.999438
32008: 0.999438
32009: 0.999438
32010: 0.999438
32011: 0.999438
32012: 0.999438
32013: 0.999438
32014: 0.999438
32015: 0.999438
32016: 0.999438
32017: 0.999438
32018: 0.999438
32019: 0.999438
32020: 0.999438
32021: 0.999438
32022: 0.999438
32023: 0.999438
32024: 0.999438
32025: 0.999438
32026: 0.999438
32027: 0.999438
32028: 0.999438
32029: 0.999438
32030: 0.999438
32031: 0.999438
32032: 0.999438
32033: 0.999438
32034: 0.999438
32035: 0.999438
32036: 0.999438
32037: 0.999438
32038: 0.999438
32039: 0.999438
32040: 0.999438
32041: 0.999438
32042: 0.999438
32043: 0.999438
32044: 0.999438
32045: 0.999438
32046: 0.999438
32047: 0.999438
32048: 0.999438
32049: 0.999438
32050: 0.999438
32051: 0.999438
32052: 0.999438
32053: 0.999438
32054: 0.999438
32055: 0.999438
32056: 0.999439
32057: 0.999439
32058: 0.999439
32059: 0.999439
32060: 0.999439
32061: 0.999439
32062: 0.999439
32063: 0.999439
32064: 0.999439
32065: 0.999439
32066: 0.999439
32067: 0.999439
32068: 0.999439
32069: 0.999439
32070: 0.999439
32071: 0.999439
32072: 0.999439
32073: 0.999439
32074: 0.999439
32075: 0.999439
32076: 0.999439
32077: 0.999439
32078: 0.999439
32079: 0.999439
32080: 0.999439
32081: 0.999439
32082: 0.999439
32083: 0.999439
32084: 0.999439
32085: 0.999439
32086: 0.999439
32087: 0.999439
32088: 0.999439
32089: 0.999439
32090: 0.999439
32091: 0.999439
32092: 0.999439
32093: 0.999439
32094: 0.999439
32095: 0.999439
32096: 0.999439
32097: 0.999439
32098: 0.999439
32099: 0.999439
32100: 0.999439
32101: 0.999439
32102: 0.999439
32103: 0.999439
32104: 0.999439
32105: 0.999439
32106: 0.999439
32107: 0.999439
32108: 0.999439
32109: 0.999439
32110: 0.999439
32111: 0.999439
32112: 0.999439
32113: 0.999439
32114: 0.99944
32115: 0.99944
32116: 0.99944
32117: 0.99944
32118: 0.99944
32119: 0.99944
32120: 0.99944
32121: 0.99944
32122: 0.99944
32123: 0.99944
32124: 0.99944
32125: 0.99944
32126: 0.99944
32127: 0.99944
32128: 0.99944
32129: 0.99944
32130: 0.99944
32131: 0.99944
32132: 0.99944
32133: 0.99944
32134: 0.99944
32135: 0.99944
32136: 0.99944
32137: 0.99944
32138: 0.99944
32139: 0.99944
32140: 0.99944
32141: 0.99944
32142: 0.99944
32143: 0.99944
32144: 0.99944
32145: 0.99944
32146: 0.99944
32147: 0.99944
32148: 0.99944
32149: 0.99944
32150: 0.99944
32151: 0.99944
32152: 0.99944
32153: 0.99944
32154: 0.99944
32155: 0.99944
32156: 0.99944
32157: 0.99944
32158: 0.99944
32159: 0.99944
32160: 0.99944
32161: 0.99944
32162: 0.99944
32163: 0.99944
32164: 0.99944
32165: 0.99944
32166: 0.99944
32167: 0.99944
32168: 0.99944
32169: 0.99944
32170: 0.99944
32171: 0.999441
32172: 0.999441
32173: 0.999441
32174: 0.999441
32175: 0.999441
32176: 0.999441
32177: 0.999441
32178: 0.999441
32179: 0.999441
32180: 0.999441
32181: 0.999441
32182: 0.999441
32183: 0.999441
32184: 0.999441
32185: 0.999441
32186: 0.999441
32187: 0.999441
32188: 0.999441
32189: 0.999441
32190: 0.999441
32191: 0.999441
32192: 0.999441
32193: 0.999441
32194: 0.999441
32195: 0.999441
32196: 0.999441
32197: 0.999441
32198: 0.999441
32199: 0.999441
32200: 0.999441
32201: 0.999441
32202: 0.999441
32203: 0.999441
32204: 0.999441
32205: 0.999441
32206: 0.999441
32207: 0.999441
32208: 0.999441
32209: 0.999441
32210: 0.999441
32211: 0.999441
32212: 0.999441
32213: 0.999441
32214: 0.999441
32215: 0.999441
32216: 0.999441
32217: 0.999441
32218: 0.999441
32219: 0.999441
32220: 0.999441
32221: 0.999441
32222: 0.999441
32223: 0.999441
32224: 0.999441
32225: 0.999441
32226: 0.999441
32227: 0.999441
32228: 0.999441
32229: 0.999442
32230: 0.999442
32231: 0.999442
32232: 0.999442
32233: 0.999442
32234: 0.999442
32235: 0.999442
32236: 0.999442
32237: 0.999442
32238: 0.999442
32239: 0.999442
32240: 0.999442
32241: 0.999442
32242: 0.999442
32243: 0.999442
32244: 0.999442
32245: 0.999442
32246: 0.999442
32247: 0.999442
32248: 0.999442
32249: 0.999442
32250: 0.999442
32251: 0.999442
32252: 0.999442
32253: 0.999442
32254: 0.999442
32255: 0.999442
32256: 0.999442
32257: 0.999442
32258: 0.999442
32259: 0.999442
32260: 0.999442
32261: 0.999442
32262: 0.999442
32263: 0.999442
32264: 0.999442
32265: 0.999442
32266: 0.999442
32267: 0.999442
32268: 0.999442
32269: 0.999442
32270: 0.999442
32271: 0.999442
32272: 0.999442
32273: 0.999442
32274: 0.999442
32275: 0.999442
32276: 0.999442
32277: 0.999442
32278: 0.999442
32279: 0.999442
32280: 0.999442
32281: 0.999442
32282: 0.999442
32283: 0.999442
32284: 0.999442
32285: 0.999442
32286: 0.999443
32287: 0.999443
32288: 0.999443
32289: 0.999443
32290: 0.999443
32291: 0.999443
32292: 0.999443
32293: 0.999443
32294: 0.999443
32295: 0.999443
32296: 0.999443
32297: 0.999443
32298: 0.999443
32299: 0.999443
32300: 0.999443
32301: 0.999443
32302: 0.999443
32303: 0.999443
32304: 0.999443
32305: 0.999443
32306: 0.999443
32307: 0.999443
32308: 0.999443
32309: 0.999443
32310: 0.999443
32311: 0.999443
32312: 0.999443
32313: 0.999443
32314: 0.999443
32315: 0.999443
32316: 0.999443
32317: 0.999443
32318: 0.999443
32319: 0.999443
32320: 0.999443
32321: 0.999443
32322: 0.999443
32323: 0.999443
32324: 0.999443
32325: 0.999443
32326: 0.999443
32327: 0.999443
32328: 0.999443
32329: 0.999443
32330: 0.999443
32331: 0.999443
32332: 0.999443
32333: 0.999443
32334: 0.999443
32335: 0.999443
32336: 0.999443
32337: 0.999443
32338: 0.999443
32339: 0.999443
32340: 0.999443
32341: 0.999443
32342: 0.999443
32343: 0.999443
32344: 0.999443
32345: 0.999444
32346: 0.999444
32347: 0.999444
32348: 0.999444
32349: 0.999444
32350: 0.999444
32351: 0.999444
32352: 0.999444
32353: 0.999444
32354: 0.999444
32355: 0.999444
32356: 0.999444
32357: 0.999444
32358: 0.999444
32359: 0.999444
32360: 0.999444
32361: 0.999444
32362: 0.999444
32363: 0.999444
32364: 0.999444
32365: 0.999444
32366: 0.999444
32367: 0.999444
32368: 0.999444
32369: 0.999444
32370: 0.999444
32371: 0.999444
32372: 0.999444
32373: 0.999444
32374: 0.999444
32375: 0.999444
32376: 0.999444
32377: 0.999444
32378: 0.999444
32379: 0.999444
32380: 0.999444
32381: 0.999444
32382: 0.999444
32383: 0.999444
32384: 0.999444
32385: 0.999444
32386: 0.999444
32387: 0.999444
32388: 0.999444
32389: 0.999444
32390: 0.999444
32391: 0.999444
32392: 0.999444
32393: 0.999444
32394: 0.999444
32395: 0.999444
32396: 0.999444
32397: 0.999444
32398: 0.999444
32399: 0.999444
32400: 0.999444
32401: 0.999444
32402: 0.999444
32403: 0.999445
32404: 0.999445
32405: 0.999445
32406: 0.999445
32407: 0.999445
32408: 0.999445
32409: 0.999445
32410: 0.999445
32411: 0.999445
32412: 0.999445
32413: 0.999445
32414: 0.999445
32415: 0.999445
32416: 0.999445
32417: 0.999445
32418: 0.999445
32419: 0.999445
32420: 0.999445
32421: 0.999445
32422: 0.999445
32423: 0.999445
32424: 0.999445
32425: 0.999445
32426: 0.999445
32427: 0.999445
32428: 0.999445
32429: 0.999445
32430: 0.999445
32431: 0.999445
32432: 0.999445
32433: 0.999445
32434: 0.999445
32435: 0.999445
32436: 0.999445
32437: 0.999445
32438: 0.999445
32439: 0.999445
32440: 0.999445
32441: 0.999445
32442: 0.999445
32443: 0.999445
32444: 0.999445
32445: 0.999445
32446: 0.999445
32447: 0.999445
32448: 0.999445
32449: 0.999445
32450: 0.999445
32451: 0.999445
32452: 0.999445
32453: 0.999445
32454: 0.999445
32455: 0.999445
32456: 0.999445
32457: 0.999445
32458: 0.999445
32459: 0.999445
32460: 0.999445
32461: 0.999446
32462: 0.999446
32463: 0.999446
32464: 0.999446
32465: 0.999446
32466: 0.999446
32467: 0.999446
32468: 0.999446
32469: 0.999446
32470: 0.999446
32471: 0.999446
32472: 0.999446
32473: 0.999446
32474: 0.999446
32475: 0.999446
32476: 0.999446
32477: 0.999446
32478: 0.999446
32479: 0.999446
32480: 0.999446
32481: 0.999446
32482: 0.999446
32483: 0.999446
32484: 0.999446
32485: 0.999446
32486: 0.999446
32487: 0.999446
32488: 0.999446
32489: 0.999446
32490: 0.999446
32491: 0.999446
32492: 0.999446
32493: 0.999446
32494: 0.999446
32495: 0.999446
32496: 0.999446
32497: 0.999446
32498: 0.999446
32499: 0.999446
32500: 0.999446
32501: 0.999446
32502: 0.999446
32503: 0.999446
32504: 0.999446
32505: 0.999446
32506: 0.999446
32507: 0.999446
32508: 0.999446
32509: 0.999446
32510: 0.999446
32511: 0.999446
32512: 0.999446
32513: 0.999446
32514: 0.999446
32515: 0.999446
32516: 0.999446
32517: 0.999446
32518: 0.999446
32519: 0.999446
32520: 0.999447
32521: 0.999447
32522: 0.999447
32523: 0.999447
32524: 0.999447
32525: 0.999447
32526: 0.999447
32527: 0.999447
32528: 0.999447
32529: 0.999447
32530: 0.999447
32531: 0.999447
32532: 0.999447
32533: 0.999447
32534: 0.999447
32535: 0.999447
32536: 0.999447
32537: 0.999447
32538: 0.999447
32539: 0.999447
32540: 0.999447
32541: 0.999447
32542: 0.999447
32543: 0.999447
32544: 0.999447
32545: 0.999447
32546: 0.999447
32547: 0.999447
32548: 0.999447
32549: 0.999447
32550: 0.999447
32551: 0.999447
32552: 0.999447
32553: 0.999447
32554: 0.999447
32555: 0.999447
32556: 0.999447
32557: 0.999447
32558: 0.999447
32559: 0.999447
32560: 0.999447
32561: 0.999447
32562: 0.999447
32563: 0.999447
32564: 0.999447
32565: 0.999447
32566: 0.999447
32567: 0.999447
32568: 0.999447
32569: 0.999447
32570: 0.999447
32571: 0.999447
32572: 0.999447
32573: 0.999447
32574: 0.999447
32575: 0.999447
32576: 0.999447
32577: 0.999447
32578: 0.999447
32579: 0.999448
32580: 0.999448
32581: 0.999448
32582: 0.999448
32583: 0.999448
32584: 0.999448
32585: 0.999448
32586: 0.999448
32587: 0.999448
32588: 0.999448
32589: 0.999448
32590: 0.999448
32591: 0.999448
32592: 0.999448
32593: 0.999448
32594: 0.999448
32595: 0.999448
32596: 0.999448
32597: 0.999448
32598: 0.999448
32599: 0.999448
32600: 0.999448
32601: 0.999448
32602: 0.999448
32603: 0.999448
32604: 0.999448
32605: 0.999448
32606: 0.999448
32607: 0.999448
32608: 0.999448
32609: 0.999448
32610: 0.999448
32611: 0.999448
32612: 0.999448
32613: 0.999448
32614: 0.999448
32615: 0.999448
32616: 0.999448
32617: 0.999448
32618: 0.999448
32619: 0.999448
32620: 0.999448
32621: 0.999448
32622: 0.999448
32623: 0.999448
32624: 0.999448
32625: 0.999448
32626: 0.999448
32627: 0.999448
32628: 0.999448
32629: 0.999448
32630: 0.999448
32631: 0.999448
32632: 0.999448
32633: 0.999448
32634: 0.999448
32635: 0.999448
32636: 0.999448
32637: 0.999448
32638: 0.999449
32639: 0.999449
32640: 0.999449
32641: 0.999449
32642: 0.999449
32643: 0.999449
32644: 0.999449
32645: 0.999449
32646: 0.999449
32647: 0.999449
32648: 0.999449
32649: 0.999449
32650: 0.999449
32651: 0.999449
32652: 0.999449
32653: 0.999449
32654: 0.999449
32655: 0.999449
32656: 0.999449
32657: 0.999449
32658: 0.999449
32659: 0.999449
32660: 0.999449
32661: 0.999449
32662: 0.999449
32663: 0.999449
32664: 0.999449
32665: 0.999449
32666: 0.999449
32667: 0.999449
32668: 0.999449
32669: 0.999449
32670: 0.999449
32671: 0.999449
32672: 0.999449
32673: 0.999449
32674: 0.999449
32675: 0.999449
32676: 0.999449
32677: 0.999449
32678: 0.999449
32679: 0.999449
32680: 0.999449
32681: 0.999449
32682: 0.999449
32683: 0.999449
32684: 0.999449
32685: 0.999449
32686: 0.999449
32687: 0.999449
32688: 0.999449
32689: 0.999449
32690: 0.999449
32691: 0.999449
32692: 0.999449
32693: 0.999449
32694: 0.999449
32695: 0.999449
32696: 0.999449
32697: 0.99945
32698: 0.99945
32699: 0.99945
32700: 0.99945
32701: 0.99945
32702: 0.99945
32703: 0.99945
32704: 0.99945
32705: 0.99945
32706: 0.99945
32707: 0.99945
32708: 0.99945
32709: 0.99945
32710: 0.99945
32711: 0.99945
32712: 0.99945
32713: 0.99945
32714: 0.99945
32715: 0.99945
32716: 0.99945
32717: 0.99945
32718: 0.99945
32719: 0.99945
32720: 0.99945
32721: 0.99945
32722: 0.99945
32723: 0.99945
32724: 0.99945
32725: 0.99945
32726: 0.99945
32727: 0.99945
32728: 0.99945
32729: 0.99945
32730: 0.99945
32731: 0.99945
32732: 0.99945
32733: 0.99945
32734: 0.99945
32735: 0.99945
32736: 0.99945
32737: 0.99945
32738: 0.99945
32739: 0.99945
32740: 0.99945
32741: 0.99945
32742: 0.99945
32743: 0.99945
32744: 0.99945
32745: 0.99945
32746: 0.99945
32747: 0.99945
32748: 0.99945
32749: 0.99945
32750: 0.99945
32751: 0.99945
32752: 0.99945
32753: 0.99945
32754: 0.99945
32755: 0.99945
32756: 0.99945
32757: 0.999451
32758: 0.999451
32759: 0.999451
32760: 0.999451
32761: 0.999451
32762: 0.999451
32763: 0.999451
32764: 0.999451
32765: 0.999451
32766: 0.999451
32767: 0.999451
32768: 0.999451
32769: 0.999451
32770: 0.999451
32771: 0.999451
32772: 0.999451
32773: 0.999451
32774: 0.999451
32775: 0.999451
32776: 0.999451
32777: 0.999451
32778: 0.999451
32779: 0.999451
32780: 0.999451
32781: 0.999451
32782: 0.999451
32783: 0.999451
32784: 0.999451
32785: 0.999451
32786: 0.999451
32787: 0.999451
32788: 0.999451
32789: 0.999451
32790: 0.999451
32791: 0.999451
32792: 0.999451
32793: 0.999451
32794: 0.999451
32795: 0.999451
32796: 0.999451
32797: 0.999451
32798: 0.999451
32799: 0.999451
32800: 0.999451
32801: 0.999451
32802: 0.999451
32803: 0.999451
32804: 0.999451
32805: 0.999451
32806: 0.999451
32807: 0.999451
32808: 0.999451
32809: 0.999451
32810: 0.999451
32811: 0.999451
32812: 0.999451
32813: 0.999451
32814: 0.999451
32815: 0.999451
32816: 0.999452
32817: 0.999452
32818: 0.999452
32819: 0.999452
32820: 0.999452
32821: 0.999452
32822: 0.999452
32823: 0.999452
32824: 0.999452
32825: 0.999452
32826: 0.999452
32827: 0.999452
32828: 0.999452
32829: 0.999452
32830: 0.999452
32831: 0.999452
32832: 0.999452
32833: 0.999452
32834: 0.999452
32835: 0.999452
32836: 0.999452
32837: 0.999452
32838: 0.999452
32839: 0.999452
32840: 0.999452
32841: 0.999452
32842: 0.999452
32843: 0.999452
32844: 0.999452
32845: 0.999452
32846: 0.999452
32847: 0.999452
32848: 0.999452
32849: 0.999452
32850: 0.999452
32851: 0.999452
32852: 0.999452
32853: 0.999452
32854: 0.999452
32855: 0.999452
32856: 0.999452
32857: 0.999452
32858: 0.999452
32859: 0.999452
32860: 0.999452
32861: 0.999452
32862: 0.999452
32863: 0.999452
32864: 0.999452
32865: 0.999452
32866: 0.999452
32867: 0.999452
32868: 0.999452
32869: 0.999452
32870: 0.999452
32871: 0.999452
32872: 0.999452
32873: 0.999452
32874: 0.999452
32875: 0.999452
32876: 0.999453
32877: 0.999453
32878: 0.999453
32879: 0.999453
32880: 0.999453
32881: 0.999453
32882: 0.999453
32883: 0.999453
32884: 0.999453
32885: 0.999453
32886: 0.999453
32887: 0.999453
32888: 0.999453
32889: 0.999453
32890: 0.999453
32891: 0.999453
32892: 0.999453
32893: 0.999453
32894: 0.999453
32895: 0.999453
32896: 0.999453
32897: 0.999453
32898: 0.999453
32899: 0.999453
32900: 0.999453
32901: 0.999453
32902: 0.999453
32903: 0.999453
32904: 0.999453
32905: 0.999453
32906: 0.999453
32907: 0.999453
32908: 0.999453
32909: 0.999453
32910: 0.999453
32911: 0.999453
32912: 0.999453
32913: 0.999453
32914: 0.999453
32915: 0.999453
32916: 0.999453
32917: 0.999453
32918: 0.999453
32919: 0.999453
32920: 0.999453
32921: 0.999453
32922: 0.999453
32923: 0.999453
32924: 0.999453
32925: 0.999453
32926: 0.999453
32927: 0.999453
32928: 0.999453
32929: 0.999453
32930: 0.999453
32931: 0.999453
32932: 0.999453
32933: 0.999453
32934: 0.999453
32935: 0.999453
32936: 0.999454
32937: 0.999454
32938: 0.999454
32939: 0.999454
32940: 0.999454
32941: 0.999454
32942: 0.999454
32943: 0.999454
32944: 0.999454
32945: 0.999454
32946: 0.999454
32947: 0.999454
32948: 0.999454
32949: 0.999454
32950: 0.999454
32951: 0.999454
32952: 0.999454
32953: 0.999454
32954: 0.999454
32955: 0.999454
32956: 0.999454
32957: 0.999454
32958: 0.999454
32959: 0.999454
32960: 0.999454
32961: 0.999454
32962: 0.999454
32963: 0.999454
32964: 0.999454
32965: 0.999454
32966: 0.999454
32967: 0.999454
32968: 0.999454
32969: 0.999454
32970: 0.999454
32971: 0.999454
32972: 0.999454
32973: 0.999454
32974: 0.999454
32975: 0.999454
32976: 0.999454
32977: 0.999454
32978: 0.999454
32979: 0.999454
32980: 0.999454
32981: 0.999454
32982: 0.999454
32983: 0.999454
32984: 0.999454
32985: 0.999454
32986: 0.999454
32987: 0.999454
32988: 0.999454
32989: 0.999454
32990: 0.999454
32991: 0.999454
32992: 0.999454
32993: 0.999454
32994: 0.999454
32995: 0.999454
32996: 0.999454
32997: 0.999455
32998: 0.999455
32999: 0.999455
33000: 0.999455
33001: 0.999455
33002: 0.999455
33003: 0.999455
33004: 0.999455
33005: 0.999455
33006: 0.999455
33007: 0.999455
33008: 0.999455
33009: 0.999455
33010: 0.999455
33011: 0.999455
33012: 0.999455
33013: 0.999455
33014: 0.999455
33015: 0.999455
33016: 0.999455
33017: 0.999455
33018: 0.999455
33019: 0.999455
33020: 0.999455
33021: 0.999455
33022: 0.999455
33023: 0.999455
33024: 0.999455
33025: 0.999455
33026: 0.999455
33027: 0.999455
33028: 0.999455
33029: 0.999455
33030: 0.999455
33031: 0.999455
33032: 0.999455
33033: 0.999455
33034: 0.999455
33035: 0.999455
33036: 0.999455
33037: 0.999455
33038: 0.999455
33039: 0.999455
33040: 0.999455
33041: 0.999455
33042: 0.999455
33043: 0.999455
33044: 0.999455
33045: 0.999455
33046: 0.999455
33047: 0.999455
33048: 0.999455
33049: 0.999455
33050: 0.999455
33051: 0.999455
33052: 0.999455
33053: 0.999455
33054: 0.999455
33055: 0.999455
33056: 0.999455
33057: 0.999456
33058: 0.999456
33059: 0.999456
33060: 0.999456
33061: 0.999456
33062: 0.999456
33063: 0.999456
33064: 0.999456
33065: 0.999456
33066: 0.999456
33067: 0.999456
33068: 0.999456
33069: 0.999456
33070: 0.999456
33071: 0.999456
33072: 0.999456
33073: 0.999456
33074: 0.999456
33075: 0.999456
33076: 0.999456
33077: 0.999456
33078: 0.999456
33079: 0.999456
33080: 0.999456
33081: 0.999456
33082: 0.999456
33083: 0.999456
33084: 0.999456
33085: 0.999456
33086: 0.999456
33087: 0.999456
33088: 0.999456
33089: 0.999456
33090: 0.999456
33091: 0.999456
33092: 0.999456
33093: 0.999456
33094: 0.999456
33095: 0.999456
33096: 0.999456
33097: 0.999456
33098: 0.999456
33099: 0.999456
33100: 0.999456
33101: 0.999456
33102: 0.999456
33103: 0.999456
33104: 0.999456
33105: 0.999456
33106: 0.999456
33107: 0.999456
33108: 0.999456
33109: 0.999456
33110: 0.999456
33111: 0.999456
33112: 0.999456
33113: 0.999456
33114: 0.999456
33115: 0.999456
33116: 0.999456
33117: 0.999456
33118: 0.999457
33119: 0.999457
33120: 0.999457
33121: 0.999457
33122: 0.999457
33123: 0.999457
33124: 0.999457
33125: 0.999457
33126: 0.999457
33127: 0.999457
33128: 0.999457
33129: 0.999457
33130: 0.999457
33131: 0.999457
33132: 0.999457
33133: 0.999457
33134: 0.999457
33135: 0.999457
33136: 0.999457
33137: 0.999457
33138: 0.999457
33139: 0.999457
33140: 0.999457
33141: 0.999457
33142: 0.999457
33143: 0.999457
33144: 0.999457
33145: 0.999457
33146: 0.999457
33147: 0.999457
33148: 0.999457
33149: 0.999457
33150: 0.999457
33151: 0.999457
33152: 0.999457
33153: 0.999457
33154: 0.999457
33155: 0.999457
33156: 0.999457
33157: 0.999457
33158: 0.999457
33159: 0.999457
33160: 0.999457
33161: 0.999457
33162: 0.999457
33163: 0.999457
33164: 0.999457
33165: 0.999457
33166: 0.999457
33167: 0.999457
33168: 0.999457
33169: 0.999457
33170: 0.999457
33171: 0.999457
33172: 0.999457
33173: 0.999457
33174: 0.999457
33175: 0.999457
33176: 0.999457
33177: 0.999457
33178: 0.999457
33179: 0.999458
33180: 0.999458
33181: 0.999458
33182: 0.999458
33183: 0.999458
33184: 0.999458
33185: 0.999458
33186: 0.999458
33187: 0.999458
33188: 0.999458
33189: 0.999458
33190: 0.999458
33191: 0.999458
33192: 0.999458
33193: 0.999458
33194: 0.999458
33195: 0.999458
33196: 0.999458
33197: 0.999458
33198: 0.999458
33199: 0.999458
33200: 0.999458
33201: 0.999458
33202: 0.999458
33203: 0.999458
33204: 0.999458
33205: 0.999458
33206: 0.999458
33207: 0.999458
33208: 0.999458
33209: 0.999458
33210: 0.999458
33211: 0.999458
33212: 0.999458
33213: 0.999458
33214: 0.999458
33215: 0.999458
33216: 0.999458
33217: 0.999458
33218: 0.999458
33219: 0.999458
33220: 0.999458
33221: 0.999458
33222: 0.999458
33223: 0.999458
33224: 0.999458
33225: 0.999458
33226: 0.999458
33227: 0.999458
33228: 0.999458
33229: 0.999458
33230: 0.999458
33231: 0.999458
33232: 0.999458
33233: 0.999458
33234: 0.999458
33235: 0.999458
33236: 0.999458
33237: 0.999458
33238: 0.999458
33239: 0.999458
33240: 0.999459
33241: 0.999459
33242: 0.999459
33243: 0.999459
33244: 0.999459
33245: 0.999459
33246: 0.999459
33247: 0.999459
33248: 0.999459
33249: 0.999459
33250: 0.999459
33251: 0.999459
33252: 0.999459
33253: 0.999459
33254: 0.999459
33255: 0.999459
33256: 0.999459
33257: 0.999459
33258: 0.999459
33259: 0.999459
33260: 0.999459
33261: 0.999459
33262: 0.999459
33263: 0.999459
33264: 0.999459
33265: 0.999459
33266: 0.999459
33267: 0.999459
33268: 0.999459
33269: 0.999459
33270: 0.999459
33271: 0.999459
33272: 0.999459
33273: 0.999459
33274: 0.999459
33275: 0.999459
33276: 0.999459
33277: 0.999459
33278: 0.999459
33279: 0.999459
33280: 0.999459
33281: 0.999459
33282: 0.999459
33283: 0.999459
33284: 0.999459
33285: 0.999459
33286: 0.999459
33287: 0.999459
33288: 0.999459
33289: 0.999459
33290: 0.999459
33291: 0.999459
33292: 0.999459
33293: 0.999459
33294: 0.999459
33295: 0.999459
33296: 0.999459
33297: 0.999459
33298: 0.999459
33299: 0.999459
33300: 0.999459
33301: 0.999459
33302: 0.99946
33303: 0.99946
33304: 0.99946
33305: 0.99946
33306: 0.99946
33307: 0.99946
33308: 0.99946
33309: 0.99946
33310: 0.99946
33311: 0.99946
33312: 0.99946
33313: 0.99946
33314: 0.99946
33315: 0.99946
33316: 0.99946
33317: 0.99946
33318: 0.99946
33319: 0.99946
33320: 0.99946
33321: 0.99946
33322: 0.99946
33323: 0.99946
33324: 0.99946
33325: 0.99946
33326: 0.99946
33327: 0.99946
33328: 0.99946
33329: 0.99946
33330: 0.99946
33331: 0.99946
33332: 0.99946
33333: 0.99946
33334: 0.99946
33335: 0.99946
33336: 0.99946
33337: 0.99946
33338: 0.99946
33339: 0.99946
33340: 0.99946
33341: 0.99946
33342: 0.99946
33343: 0.99946
33344: 0.99946
33345: 0.99946
33346: 0.99946
33347: 0.99946
33348: 0.99946
33349: 0.99946
33350: 0.99946
33351: 0.99946
33352: 0.99946
33353: 0.99946
33354: 0.99946
33355: 0.99946
33356: 0.99946
33357: 0.99946
33358: 0.99946
33359: 0.99946
33360: 0.99946
33361: 0.99946
33362: 0.99946
33363: 0.99946
33364: 0.999461
33365: 0.999461
33366: 0.999461
33367: 0.999461
33368: 0.999461
33369: 0.999461
33370: 0.999461
33371: 0.999461
33372: 0.999461
33373: 0.999461
33374: 0.999461
33375: 0.999461
33376: 0.999461
33377: 0.999461
33378: 0.999461
33379: 0.999461
33380: 0.999461
33381: 0.999461
33382: 0.999461
33383: 0.999461
33384: 0.999461
33385: 0.999461
33386: 0.999461
33387: 0.999461
33388: 0.999461
33389: 0.999461
33390: 0.999461
33391: 0.999461
33392: 0.999461
33393: 0.999461
33394: 0.999461
33395: 0.999461
33396: 0.999461
33397: 0.999461
33398: 0.999461
33399: 0.999461
33400: 0.999461
33401: 0.999461
33402: 0.999461
33403: 0.999461
33404: 0.999461
33405: 0.999461
33406: 0.999461
33407: 0.999461
33408: 0.999461
33409: 0.999461
33410: 0.999461
33411: 0.999461
33412: 0.999461
33413: 0.999461
33414: 0.999461
33415: 0.999461
33416: 0.999461
33417: 0.999461
33418: 0.999461
33419: 0.999461
33420: 0.999461
33421: 0.999461
33422: 0.999461
33423: 0.999461
33424: 0.999461
33425: 0.999461
33426: 0.999462
33427: 0.999462
33428: 0.999462
33429: 0.999462
33430: 0.999462
33431: 0.999462
33432: 0.999462
33433: 0.999462
33434: 0.999462
33435: 0.999462
33436: 0.999462
33437: 0.999462
33438: 0.999462
33439: 0.999462
33440: 0.999462
33441: 0.999462
33442: 0.999462
33443: 0.999462
33444: 0.999462
33445: 0.999462
33446: 0.999462
33447: 0.999462
33448: 0.999462
33449: 0.999462
33450: 0.999462
33451: 0.999462
33452: 0.999462
33453: 0.999462
33454: 0.999462
33455: 0.999462
33456: 0.999462
33457: 0.999462
33458: 0.999462
33459: 0.999462
33460: 0.999462
33461: 0.999462
33462: 0.999462
33463: 0.999462
33464: 0.999462
33465: 0.999462
33466: 0.999462
33467: 0.999462
33468: 0.999462
33469: 0.999462
33470: 0.999462
33471: 0.999462
33472: 0.999462
33473: 0.999462
33474: 0.999462
33475: 0.999462
33476: 0.999462
33477: 0.999462
33478: 0.999462
33479: 0.999462
33480: 0.999462
33481: 0.999462
33482: 0.999462
33483: 0.999462
33484: 0.999462
33485: 0.999462
33486: 0.999462
33487: 0.999462
33488: 0.999463
33489: 0.999463
33490: 0.999463
33491: 0.999463
33492: 0.999463
33493: 0.999463
33494: 0.999463
33495: 0.999463
33496: 0.999463
33497: 0.999463
33498: 0.999463
33499: 0.999463
33500: 0.999463
33501: 0.999463
33502: 0.999463
33503: 0.999463
33504: 0.999463
33505: 0.999463
33506: 0.999463
33507: 0.999463
33508: 0.999463
33509: 0.999463
33510: 0.999463
33511: 0.999463
33512: 0.999463
33513: 0.999463
33514: 0.999463
33515: 0.999463
33516: 0.999463
33517: 0.999463
33518: 0.999463
33519: 0.999463
33520: 0.999463
33521: 0.999463
33522: 0.999463
33523: 0.999463
33524: 0.999463
33525: 0.999463
33526: 0.999463
33527: 0.999463
33528: 0.999463
33529: 0.999463
33530: 0.999463
33531: 0.999463
33532: 0.999463
33533: 0.999463
33534: 0.999463
33535: 0.999463
33536: 0.999463
33537: 0.999463
33538: 0.999463
33539: 0.999463
33540: 0.999463
33541: 0.999463
33542: 0.999463
33543: 0.999463
33544: 0.999463
33545: 0.999463
33546: 0.999463
33547: 0.999463
33548: 0.999463
33549: 0.999463
33550: 0.999464
33551: 0.999464
33552: 0.999464
33553: 0.999464
33554: 0.999464
33555: 0.999464
33556: 0.999464
33557: 0.999464
33558: 0.999464
33559: 0.999464
33560: 0.999464
33561: 0.999464
33562: 0.999464
33563: 0.999464
33564: 0.999464
33565: 0.999464
33566: 0.999464
33567: 0.999464
33568: 0.999464
33569: 0.999464
33570: 0.999464
33571: 0.999464
33572: 0.999464
33573: 0.999464
33574: 0.999464
33575: 0.999464
33576: 0.999464
33577: 0.999464
33578: 0.999464
33579: 0.999464
33580: 0.999464
33581: 0.999464
33582: 0.999464
33583: 0.999464
33584: 0.999464
33585: 0.999464
33586: 0.999464
33587: 0.999464
33588: 0.999464
33589: 0.999464
33590: 0.999464
33591: 0.999464
33592: 0.999464
33593: 0.999464
33594: 0.999464
33595: 0.999464
33596: 0.999464
33597: 0.999464
33598: 0.999464
33599: 0.999464
33600: 0.999464
33601: 0.999464
33602: 0.999464
33603: 0.999464
33604: 0.999464
33605: 0.999464
33606: 0.999464
33607: 0.999464
33608: 0.999464
33609: 0.999464
33610: 0.999464
33611: 0.999464
33612: 0.999464
33613: 0.999465
33614: 0.999465
33615: 0.999465
33616: 0.999465
33617: 0.999465
33618: 0.999465
33619: 0.999465
33620: 0.999465
33621: 0.999465
33622: 0.999465
33623: 0.999465
33624: 0.999465
33625: 0.999465
33626: 0.999465
33627: 0.999465
33628: 0.999465
33629: 0.999465
33630: 0.999465
33631: 0.999465
33632: 0.999465
33633: 0.999465
33634: 0.999465
33635: 0.999465
33636: 0.999465
33637: 0.999465
33638: 0.999465
33639: 0.999465
33640: 0.999465
33641: 0.999465
33642: 0.999465
33643: 0.999465
33644: 0.999465
33645: 0.999465
33646: 0.999465
33647: 0.999465
33648: 0.999465
33649: 0.999465
33650: 0.999465
33651: 0.999465
33652: 0.999465
33653: 0.999465
33654: 0.999465
33655: 0.999465
33656: 0.999465
33657: 0.999465
33658: 0.999465
33659: 0.999465
33660: 0.999465
33661: 0.999465
33662: 0.999465
33663: 0.999465
33664: 0.999465
33665: 0.999465
33666: 0.999465
33667: 0.999465
33668: 0.999465
33669: 0.999465
33670: 0.999465
33671: 0.999465
33672: 0.999465
33673: 0.999465
33674: 0.999465
33675: 0.999465
33676: 0.999466
33677: 0.999466
33678: 0.999466
33679: 0.999466
33680: 0.999466
33681: 0.999466
33682: 0.999466
33683: 0.999466
33684: 0.999466
33685: 0.999466
33686: 0.999466
33687: 0.999466
33688: 0.999466
33689: 0.999466
33690: 0.999466
33691: 0.999466
33692: 0.999466
33693: 0.999466
33694: 0.999466
33695: 0.999466
33696: 0.999466
33697: 0.999466
33698: 0.999466
33699: 0.999466
33700: 0.999466
33701: 0.999466
33702: 0.999466
33703: 0.999466
33704: 0.999466
33705: 0.999466
33706: 0.999466
33707: 0.999466
33708: 0.999466
33709: 0.999466
33710: 0.999466
33711: 0.999466
33712: 0.999466
33713: 0.999466
33714: 0.999466
33715: 0.999466
33716: 0.999466
33717: 0.999466
33718: 0.999466
33719: 0.999466
33720: 0.999466
33721: 0.999466
33722: 0.999466
33723: 0.999466
33724: 0.999466
33725: 0.999466
33726: 0.999466
33727: 0.999466
33728: 0.999466
33729: 0.999466
33730: 0.999466
33731: 0.999466
33732: 0.999466
33733: 0.999466
33734: 0.999466
33735: 0.999466
33736: 0.999466
33737: 0.999466
33738: 0.999466
33739: 0.999467
33740: 0.999467
33741: 0.999467
33742: 0.999467
33743: 0.999467
33744: 0.999467
33745: 0.999467
33746: 0.999467
33747: 0.999467
33748: 0.999467
33749: 0.999467
33750: 0.999467
33751: 0.999467
33752: 0.999467
33753: 0.999467
33754: 0.999467
33755: 0.999467
33756: 0.999467
33757: 0.999467
33758: 0.999467
33759: 0.999467
33760: 0.999467
33761: 0.999467
33762: 0.999467
33763: 0.999467
33764: 0.999467
33765: 0.999467
33766: 0.999467
33767: 0.999467
33768: 0.999467
33769: 0.999467
33770: 0.999467
33771: 0.999467
33772: 0.999467
33773: 0.999467
33774: 0.999467
33775: 0.999467
33776: 0.999467
33777: 0.999467
33778: 0.999467
33779: 0.999467
33780: 0.999467
33781: 0.999467
33782: 0.999467
33783: 0.999467
33784: 0.999467
33785: 0.999467
33786: 0.999467
33787: 0.999467
33788: 0.999467
33789: 0.999467
33790: 0.999467
33791: 0.999467
33792: 0.999467
33793: 0.999467
33794: 0.999467
33795: 0.999467
33796: 0.999467
33797: 0.999467
33798: 0.999467
33799: 0.999467
33800: 0.999467
33801: 0.999467
33802: 0.999468
33803: 0.999468
33804: 0.999468
33805: 0.999468
33806: 0.999468
33807: 0.999468
33808: 0.999468
33809: 0.999468
33810: 0.999468
33811: 0.999468
33812: 0.999468
33813: 0.999468
33814: 0.999468
33815: 0.999468
33816: 0.999468
33817: 0.999468
33818: 0.999468
33819: 0.999468
33820: 0.999468
33821: 0.999468
33822: 0.999468
33823: 0.999468
33824: 0.999468
33825: 0.999468
33826: 0.999468
33827: 0.999468
33828: 0.999468
33829: 0.999468
33830: 0.999468
33831: 0.999468
33832: 0.999468
33833: 0.999468
33834: 0.999468
33835: 0.999468
33836: 0.999468
33837: 0.999468
33838: 0.999468
33839: 0.999468
33840: 0.999468
33841: 0.999468
33842: 0.999468
33843: 0.999468
33844: 0.999468
33845: 0.999468
33846: 0.999468
33847: 0.999468
33848: 0.999468
33849: 0.999468
33850: 0.999468
33851: 0.999468
33852: 0.999468
33853: 0.999468
33854: 0.999468
33855: 0.999468
33856: 0.999468
33857: 0.999468
33858: 0.999468
33859: 0.999468
33860: 0.999468
33861: 0.999468
33862: 0.999468
33863: 0.999468
33864: 0.999468
33865: 0.999468
33866: 0.999469
33867: 0.999469
33868: 0.999469
33869: 0.999469
33870: 0.999469
33871: 0.999469
33872: 0.999469
33873: 0.999469
33874: 0.999469
33875: 0.999469
33876: 0.999469
33877: 0.999469
33878: 0.999469
33879: 0.999469
33880: 0.999469
33881: 0.999469
33882: 0.999469
33883: 0.999469
33884: 0.999469
33885: 0.999469
33886: 0.999469
33887: 0.999469
33888: 0.999469
33889: 0.999469
33890: 0.999469
33891: 0.999469
33892: 0.999469
33893: 0.999469
33894: 0.999469
33895: 0.999469
33896: 0.999469
33897: 0.999469
33898: 0.999469
33899: 0.999469
33900: 0.999469
33901: 0.999469
33902: 0.999469
33903: 0.999469
33904: 0.999469
33905: 0.999469
33906: 0.999469
33907: 0.999469
33908: 0.999469
33909: 0.999469
33910: 0.999469
33911: 0.999469
33912: 0.999469
33913: 0.999469
33914: 0.999469
33915: 0.999469
33916: 0.999469
33917: 0.999469
33918: 0.999469
33919: 0.999469
33920: 0.999469
33921: 0.999469
33922: 0.999469
33923: 0.999469
33924: 0.999469
33925: 0.999469
33926: 0.999469
33927: 0.999469
33928: 0.999469
33929: 0.999469
33930: 0.99947
33931: 0.99947
33932: 0.99947
33933: 0.99947
33934: 0.99947
33935: 0.99947
33936: 0.99947
33937: 0.99947
33938: 0.99947
33939: 0.99947
33940: 0.99947
33941: 0.99947
33942: 0.99947
33943: 0.99947
33944: 0.99947
33945: 0.99947
33946: 0.99947
33947: 0.99947
33948: 0.99947
33949: 0.99947
33950: 0.99947
33951: 0.99947
33952: 0.99947
33953: 0.99947
33954: 0.99947
33955: 0.99947
33956: 0.99947
33957: 0.99947
33958: 0.99947
33959: 0.99947
33960: 0.99947
33961: 0.99947
33962: 0.99947
33963: 0.99947
33964: 0.99947
33965: 0.99947
33966: 0.99947
33967: 0.99947
33968: 0.99947
33969: 0.99947
33970: 0.99947
33971: 0.99947
33972: 0.99947
33973: 0.99947
33974: 0.99947
33975: 0.99947
33976: 0.99947
33977: 0.99947
33978: 0.99947
33979: 0.99947
33980: 0.99947
33981: 0.99947
33982: 0.99947
33983: 0.99947
33984: 0.99947
33985: 0.99947
33986: 0.99947
33987: 0.99947
33988: 0.99947
33989: 0.99947
33990: 0.99947
33991: 0.99947
33992: 0.99947
33993: 0.99947
33994: 0.999471
33995: 0.999471
33996: 0.999471
33997: 0.999471
33998: 0.999471
33999: 0.999471
34000: 0.999471
34001: 0.999471
34002: 0.999471
34003: 0.999471
34004: 0.999471
34005: 0.999471
34006: 0.999471
34007: 0.999471
34008: 0.999471
34009: 0.999471
34010: 0.999471
34011: 0.999471
34012: 0.999471
34013: 0.999471
34014: 0.999471
34015: 0.999471
34016: 0.999471
34017: 0.999471
34018: 0.999471
34019: 0.999471
34020: 0.999471
34021: 0.999471
34022: 0.999471
34023: 0.999471
34024: 0.999471
34025: 0.999471
34026: 0.999471
34027: 0.999471
34028: 0.999471
34029: 0.999471
34030: 0.999471
34031: 0.999471
34032: 0.999471
34033: 0.999471
34034: 0.999471
34035: 0.999471
34036: 0.999471
34037: 0.999471
34038: 0.999471
34039: 0.999471
34040: 0.999471
34041: 0.999471
34042: 0.999471
34043: 0.999471
34044: 0.999471
34045: 0.999471
34046: 0.999471
34047: 0.999471
34048: 0.999471
34049: 0.999471
34050: 0.999471
34051: 0.999471
34052: 0.999471
34053: 0.999471
34054: 0.999471
34055: 0.999471
34056: 0.999471
34057: 0.999471
34058: 0.999472
34059: 0.999472
34060: 0.999472
34061: 0.999472
34062: 0.999472
34063: 0.999472
34064: 0.999472
34065: 0.999472
34066: 0.999472
34067: 0.999472
34068: 0.999472
34069: 0.999472
34070: 0.999472
34071: 0.999472
34072: 0.999472
34073: 0.999472
34074: 0.999472
34075: 0.999472
34076: 0.999472
34077: 0.999472
34078: 0.999472
34079: 0.999472
34080: 0.999472
34081: 0.999472
34082: 0.999472
34083: 0.999472
34084: 0.999472
34085: 0.999472
34086: 0.999472
34087: 0.999472
34088: 0.999472
34089: 0.999472
34090: 0.999472
34091: 0.999472
34092: 0.999472
34093: 0.999472
34094: 0.999472
34095: 0.999472
34096: 0.999472
34097: 0.999472
34098: 0.999472
34099: 0.999472
34100: 0.999472
34101: 0.999472
34102: 0.999472
34103: 0.999472
34104: 0.999472
34105: 0.999472
34106: 0.999472
34107: 0.999472
34108: 0.999472
34109: 0.999472
34110: 0.999472
34111: 0.999472
34112: 0.999472
34113: 0.999472
34114: 0.999472
34115: 0.999472
34116: 0.999472
34117: 0.999472
34118: 0.999472
34119: 0.999472
34120: 0.999472
34121: 0.999472
34122: 0.999472
34123: 0.999473
34124: 0.999473
34125: 0.999473
34126: 0.999473
34127: 0.999473
34128: 0.999473
34129: 0.999473
34130: 0.999473
34131: 0.999473
34132: 0.999473
34133: 0.999473
34134: 0.999473
34135: 0.999473
34136: 0.999473
34137: 0.999473
34138: 0.999473
34139: 0.999473
34140: 0.999473
34141: 0.999473
34142: 0.999473
34143: 0.999473
34144: 0.999473
34145: 0.999473
34146: 0.999473
34147: 0.999473
34148: 0.999473
34149: 0.999473
34150: 0.999473
34151: 0.999473
34152: 0.999473
34153: 0.999473
34154: 0.999473
34155: 0.999473
34156: 0.999473
34157: 0.999473
34158: 0.999473
34159: 0.999473
34160: 0.999473
34161: 0.999473
34162: 0.999473
34163: 0.999473
34164: 0.999473
34165: 0.999473
34166: 0.999473
34167: 0.999473
34168: 0.999473
34169: 0.999473
34170: 0.999473
34171: 0.999473
34172: 0.999473
34173: 0.999473
34174: 0.999473
34175: 0.999473
34176: 0.999473
34177: 0.999473
34178: 0.999473
34179: 0.999473
34180: 0.999473
34181: 0.999473
34182: 0.999473
34183: 0.999473
34184: 0.999473
34185: 0.999473
34186: 0.999473
34187: 0.999473
34188: 0.999474
34189: 0.999474
34190: 0.999474
34191: 0.999474
34192: 0.999474
34193: 0.999474
34194: 0.999474
34195: 0.999474
34196: 0.999474
34197: 0.999474
34198: 0.999474
34199: 0.999474
34200: 0.999474
34201: 0.999474
34202: 0.999474
34203: 0.999474
34204: 0.999474
34205: 0.999474
34206: 0.999474
34207: 0.999474
34208: 0.999474
34209: 0.999474
34210: 0.999474
34211: 0.999474
34212: 0.999474
34213: 0.999474
34214: 0.999474
34215: 0.999474
34216: 0.999474
34217: 0.999474
34218: 0.999474
34219: 0.999474
34220: 0.999474
34221: 0.999474
34222: 0.999474
34223: 0.999474
34224: 0.999474
34225: 0.999474
34226: 0.999474
34227: 0.999474
34228: 0.999474
34229: 0.999474
34230: 0.999474
34231: 0.999474
34232: 0.999474
34233: 0.999474
34234: 0.999474
34235: 0.999474
34236: 0.999474
34237: 0.999474
34238: 0.999474
34239: 0.999474
34240: 0.999474
34241: 0.999474
34242: 0.999474
34243: 0.999474
34244: 0.999474
34245: 0.999474
34246: 0.999474
34247: 0.999474
34248: 0.999474
34249: 0.999474
34250: 0.999474
34251: 0.999474
34252: 0.999474
34253: 0.999475
34254: 0.999475
34255: 0.999475
34256: 0.999475
34257: 0.999475
34258: 0.999475
34259: 0.999475
34260: 0.999475
34261: 0.999475
34262: 0.999475
34263: 0.999475
34264: 0.999475
34265: 0.999475
34266: 0.999475
34267: 0.999475
34268: 0.999475
34269: 0.999475
34270: 0.999475
34271: 0.999475
34272: 0.999475
34273: 0.999475
34274: 0.999475
34275: 0.999475
34276: 0.999475
34277: 0.999475
34278: 0.999475
34279: 0.999475
34280: 0.999475
34281: 0.999475
34282: 0.999475
34283: 0.999475
34284: 0.999475
34285: 0.999475
34286: 0.999475
34287: 0.999475
34288: 0.999475
34289: 0.999475
34290: 0.999475
34291: 0.999475
34292: 0.999475
34293: 0.999475
34294: 0.999475
34295: 0.999475
34296: 0.999475
34297: 0.999475
34298: 0.999475
34299: 0.999475
34300: 0.999475
34301: 0.999475
34302: 0.999475
34303: 0.999475
34304: 0.999475
34305: 0.999475
34306: 0.999475
34307: 0.999475
34308: 0.999475
34309: 0.999475
34310: 0.999475
34311: 0.999475
34312: 0.999475
34313: 0.999475
34314: 0.999475
34315: 0.999475
34316: 0.999475
34317: 0.999475
34318: 0.999476
34319: 0.999476
34320: 0.999476
34321: 0.999476
34322: 0.999476
34323: 0.999476
34324: 0.999476
34325: 0.999476
34326: 0.999476
34327: 0.999476
34328: 0.999476
34329: 0.999476
34330: 0.999476
34331: 0.999476
34332: 0.999476
34333: 0.999476
34334: 0.999476
34335: 0.999476
34336: 0.999476
34337: 0.999476
34338: 0.999476
34339: 0.999476
34340: 0.999476
34341: 0.999476
34342: 0.999476
34343: 0.999476
34344: 0.999476
34345: 0.999476
34346: 0.999476
34347: 0.999476
34348: 0.999476
34349: 0.999476
34350: 0.999476
34351: 0.999476
34352: 0.999476
34353: 0.999476
34354: 0.999476
34355: 0.999476
34356: 0.999476
34357: 0.999476
34358: 0.999476
34359: 0.999476
34360: 0.999476
34361: 0.999476
34362: 0.999476
34363: 0.999476
34364: 0.999476
34365: 0.999476
34366: 0.999476
34367: 0.999476
34368: 0.999476
34369: 0.999476
34370: 0.999476
34371: 0.999476
34372: 0.999476
34373: 0.999476
34374: 0.999476
34375: 0.999476
34376: 0.999476
34377: 0.999476
34378: 0.999476
34379: 0.999476
34380: 0.999476
34381: 0.999476
34382: 0.999476
34383: 0.999477
34384: 0.999477
34385: 0.999477
34386: 0.999477
34387: 0.999477
34388: 0.999477
34389: 0.999477
34390: 0.999477
34391: 0.999477
34392: 0.999477
34393: 0.999477
34394: 0.999477
34395: 0.999477
34396: 0.999477
34397: 0.999477
34398: 0.999477
34399: 0.999477
34400: 0.999477
34401: 0.999477
34402: 0.999477
34403: 0.999477
34404: 0.999477
34405: 0.999477
34406: 0.999477
34407: 0.999477
34408: 0.999477
34409: 0.999477
34410: 0.999477
34411: 0.999477
34412: 0.999477
34413: 0.999477
34414: 0.999477
34415: 0.999477
34416: 0.999477
34417: 0.999477
34418: 0.999477
34419: 0.999477
34420: 0.999477
34421: 0.999477
34422: 0.999477
34423: 0.999477
34424: 0.999477
34425: 0.999477
34426: 0.999477
34427: 0.999477
34428: 0.999477
34429: 0.999477
34430: 0.999477
34431: 0.999477
34432: 0.999477
34433: 0.999477
34434: 0.999477
34435: 0.999477
34436: 0.999477
34437: 0.999477
34438: 0.999477
34439: 0.999477
34440: 0.999477
34441: 0.999477
34442: 0.999477
34443: 0.999477
34444: 0.999477
34445: 0.999477
34446: 0.999477
34447: 0.999477
34448: 0.999477
34449: 0.999478
34450: 0.999478
34451: 0.999478
34452: 0.999478
34453: 0.999478
34454: 0.999478
34455: 0.999478
34456: 0.999478
34457: 0.999478
34458: 0.999478
34459: 0.999478
34460: 0.999478
34461: 0.999478
34462: 0.999478
34463: 0.999478
34464: 0.999478
34465: 0.999478
34466: 0.999478
34467: 0.999478
34468: 0.999478
34469: 0.999478
34470: 0.999478
34471: 0.999478
34472: 0.999478
34473: 0.999478
34474: 0.999478
34475: 0.999478
34476: 0.999478
34477: 0.999478
34478: 0.999478
34479: 0.999478
34480: 0.999478
34481: 0.999478
34482: 0.999478
34483: 0.999478
34484: 0.999478
34485: 0.999478
34486: 0.999478
34487: 0.999478
34488: 0.999478
34489: 0.999478
34490: 0.999478
34491: 0.999478
34492: 0.999478
34493: 0.999478
34494: 0.999478
34495: 0.999478
34496: 0.999478
34497: 0.999478
34498: 0.999478
34499: 0.999478
34500: 0.999478
34501: 0.999478
34502: 0.999478
34503: 0.999478
34504: 0.999478
34505: 0.999478
34506: 0.999478
34507: 0.999478
34508: 0.999478
34509: 0.999478
34510: 0.999478
34511: 0.999478
34512: 0.999478
34513: 0.999478
34514: 0.999478
34515: 0.999479
34516: 0.999479
34517: 0.999479
34518: 0.999479
34519: 0.999479
34520: 0.999479
34521: 0.999479
34522: 0.999479
34523: 0.999479
34524: 0.999479
34525: 0.999479
34526: 0.999479
34527: 0.999479
34528: 0.999479
34529: 0.999479
34530: 0.999479
34531: 0.999479
34532: 0.999479
34533: 0.999479
34534: 0.999479
34535: 0.999479
34536: 0.999479
34537: 0.999479
34538: 0.999479
34539: 0.999479
34540: 0.999479
34541: 0.999479
34542: 0.999479
34543: 0.999479
34544: 0.999479
34545: 0.999479
34546: 0.999479
34547: 0.999479
34548: 0.999479
34549: 0.999479
34550: 0.999479
34551: 0.999479
34552: 0.999479
34553: 0.999479
34554: 0.999479
34555: 0.999479
34556: 0.999479
34557: 0.999479
34558: 0.999479
34559: 0.999479
34560: 0.999479
34561: 0.999479
34562: 0.999479
34563: 0.999479
34564: 0.999479
34565: 0.999479
34566: 0.999479
34567: 0.999479
34568: 0.999479
34569: 0.999479
34570: 0.999479
34571: 0.999479
34572: 0.999479
34573: 0.999479
34574: 0.999479
34575: 0.999479
34576: 0.999479
34577: 0.999479
34578: 0.999479
34579: 0.999479
34580: 0.999479
34581: 0.999479
34582: 0.99948
34583: 0.99948
34584: 0.99948
34585: 0.99948
34586: 0.99948
34587: 0.99948
34588: 0.99948
34589: 0.99948
34590: 0.99948
34591: 0.99948
34592: 0.99948
34593: 0.99948
34594: 0.99948
34595: 0.99948
34596: 0.99948
34597: 0.99948
34598: 0.99948
34599: 0.99948
34600: 0.99948
34601: 0.99948
34602: 0.99948
34603: 0.99948
34604: 0.99948
34605: 0.99948
34606: 0.99948
34607: 0.99948
34608: 0.99948
34609: 0.99948
34610: 0.99948
34611: 0.99948
34612: 0.99948
34613: 0.99948
34614: 0.99948
34615: 0.99948
34616: 0.99948
34617: 0.99948
34618: 0.99948
34619: 0.99948
34620: 0.99948
34621: 0.99948
34622: 0.99948
34623: 0.99948
34624: 0.99948
34625: 0.99948
34626: 0.99948
34627: 0.99948
34628: 0.99948
34629: 0.99948
34630: 0.99948
34631: 0.99948
34632: 0.99948
34633: 0.99948
34634: 0.99948
34635: 0.99948
34636: 0.99948
34637: 0.99948
34638: 0.99948
34639: 0.99948
34640: 0.99948
34641: 0.99948
34642: 0.99948
34643: 0.99948
34644: 0.99948
34645: 0.99948
34646: 0.99948
34647: 0.99948
34648: 0.999481
34649: 0.999481
34650: 0.999481
34651: 0.999481
34652: 0.999481
34653: 0.999481
34654: 0.999481
34655: 0.999481
34656: 0.999481
34657: 0.999481
34658: 0.999481
34659: 0.999481
34660: 0.999481
34661: 0.999481
34662: 0.999481
34663: 0.999481
34664: 0.999481
34665: 0.999481
34666: 0.999481
34667: 0.999481
34668: 0.999481
34669: 0.999481
34670: 0.999481
34671: 0.999481
34672: 0.999481
34673: 0.999481
34674: 0.999481
34675: 0.999481
34676: 0.999481
34677: 0.999481
34678: 0.999481
34679: 0.999481
34680: 0.999481
34681: 0.999481
34682: 0.999481
34683: 0.999481
34684: 0.999481
34685: 0.999481
34686: 0.999481
34687: 0.999481
34688: 0.999481
34689: 0.999481
34690: 0.999481
34691: 0.999481
34692: 0.999481
34693: 0.999481
34694: 0.999481
34695: 0.999481
34696: 0.999481
34697: 0.999481
34698: 0.999481
34699: 0.999481
34700: 0.999481
34701: 0.999481
34702: 0.999481
34703: 0.999481
34704: 0.999481
34705: 0.999481
34706: 0.999481
34707: 0.999481
34708: 0.999481
34709: 0.999481
34710: 0.999481
34711: 0.999481
34712: 0.999481
34713: 0.999481
34714: 0.999481
34715: 0.999482
34716: 0.999482
34717: 0.999482
34718: 0.999482
34719: 0.999482
34720: 0.999482
34721: 0.999482
34722: 0.999482
34723: 0.999482
34724: 0.999482
34725: 0.999482
34726: 0.999482
34727: 0.999482
34728: 0.999482
34729: 0.999482
34730: 0.999482
34731: 0.999482
34732: 0.999482
34733: 0.999482
34734: 0.999482
34735: 0.999482
34736: 0.999482
34737: 0.999482
34738: 0.999482
34739: 0.999482
34740: 0.999482
34741: 0.999482
34742: 0.999482
34743: 0.999482
34744: 0.999482
34745: 0.999482
34746: 0.999482
34747: 0.999482
34748: 0.999482
34749: 0.999482
34750: 0.999482
34751: 0.999482
34752: 0.999482
34753: 0.999482
34754: 0.999482
34755: 0.999482
34756: 0.999482
34757: 0.999482
34758: 0.999482
34759: 0.999482
34760: 0.999482
34761: 0.999482
34762: 0.999482
34763: 0.999482
34764: 0.999482
34765: 0.999482
34766: 0.999482
34767: 0.999482
34768: 0.999482
34769: 0.999482
34770: 0.999482
34771: 0.999482
34772: 0.999482
34773: 0.999482
34774: 0.999482
34775: 0.999482
34776: 0.999482
34777: 0.999482
34778: 0.999482
34779: 0.999482
34780: 0.999482
34781: 0.999482
34782: 0.999483
34783: 0.999483
34784: 0.999483
34785: 0.999483
34786: 0.999483
34787: 0.999483
34788: 0.999483
34789: 0.999483
34790: 0.999483
34791: 0.999483
34792: 0.999483
34793: 0.999483
34794: 0.999483
34795: 0.999483
34796: 0.999483
34797: 0.999483
34798: 0.999483
34799: 0.999483
34800: 0.999483
34801: 0.999483
34802: 0.999483
34803: 0.999483
34804: 0.999483
34805: 0.999483
34806: 0.999483
34807: 0.999483
34808: 0.999483
34809: 0.999483
34810: 0.999483
34811: 0.999483
34812: 0.999483
34813: 0.999483
34814: 0.999483
34815: 0.999483
34816: 0.999483
34817: 0.999483
34818: 0.999483
34819: 0.999483
34820: 0.999483
34821: 0.999483
34822: 0.999483
34823: 0.999483
34824: 0.999483
34825: 0.999483
34826: 0.999483
34827: 0.999483
34828: 0.999483
34829: 0.999483
34830: 0.999483
34831: 0.999483
34832: 0.999483
34833: 0.999483
34834: 0.999483
34835: 0.999483
34836: 0.999483
34837: 0.999483
34838: 0.999483
34839: 0.999483
34840: 0.999483
34841: 0.999483
34842: 0.999483
34843: 0.999483
34844: 0.999483
34845: 0.999483
34846: 0.999483
34847: 0.999483
34848: 0.999483
34849: 0.999484
34850: 0.999484
34851: 0.999484
34852: 0.999484
34853: 0.999484
34854: 0.999484
34855: 0.999484
34856: 0.999484
34857: 0.999484
34858: 0.999484
34859: 0.999484
34860: 0.999484
34861: 0.999484
34862: 0.999484
34863: 0.999484
34864: 0.999484
34865: 0.999484
34866: 0.999484
34867: 0.999484
34868: 0.999484
34869: 0.999484
34870: 0.999484
34871: 0.999484
34872: 0.999484
34873: 0.999484
34874: 0.999484
34875: 0.999484
34876: 0.999484
34877: 0.999484
34878: 0.999484
34879: 0.999484
34880: 0.999484
34881: 0.999484
34882: 0.999484
34883: 0.999484
34884: 0.999484
34885: 0.999484
34886: 0.999484
34887: 0.999484
34888: 0.999484
34889: 0.999484
34890: 0.999484
34891: 0.999484
34892: 0.999484
34893: 0.999484
34894: 0.999484
34895: 0.999484
34896: 0.999484
34897: 0.999484
34898: 0.999484
34899: 0.999484
34900: 0.999484
34901: 0.999484
34902: 0.999484
34903: 0.999484
34904: 0.999484
34905: 0.999484
34906: 0.999484
34907: 0.999484
34908: 0.999484
34909: 0.999484
34910: 0.999484
34911: 0.999484
34912: 0.999484
34913: 0.999484
34914: 0.999484
34915: 0.999484
34916: 0.999484
34917: 0.999485
34918: 0.999485
34919: 0.999485
34920: 0.999485
34921: 0.999485
34922: 0.999485
34923: 0.999485
34924: 0.999485
34925: 0.999485
34926: 0.999485
34927: 0.999485
34928: 0.999485
34929: 0.999485
34930: 0.999485
34931: 0.999485
34932: 0.999485
34933: 0.999485
34934: 0.999485
34935: 0.999485
34936: 0.999485
34937: 0.999485
34938: 0.999485
34939: 0.999485
34940: 0.999485
34941: 0.999485
34942: 0.999485
34943: 0.999485
34944: 0.999485
34945: 0.999485
34946: 0.999485
34947: 0.999485
34948: 0.999485
34949: 0.999485
34950: 0.999485
34951: 0.999485
34952: 0.999485
34953: 0.999485
34954: 0.999485
34955: 0.999485
34956: 0.999485
34957: 0.999485
34958: 0.999485
34959: 0.999485
34960: 0.999485
34961: 0.999485
34962: 0.999485
34963: 0.999485
34964: 0.999485
34965: 0.999485
34966: 0.999485
34967: 0.999485
34968: 0.999485
34969: 0.999485
34970: 0.999485
34971: 0.999485
34972: 0.999485
34973: 0.999485
34974: 0.999485
34975: 0.999485
34976: 0.999485
34977: 0.999485
34978: 0.999485
34979: 0.999485
34980: 0.999485
34981: 0.999485
34982: 0.999485
34983: 0.999485
34984: 0.999485
34985: 0.999486
34986: 0.999486
34987: 0.999486
34988: 0.999486
34989: 0.999486
34990: 0.999486
34991: 0.999486
34992: 0.999486
34993: 0.999486
34994: 0.999486
34995: 0.999486
34996: 0.999486
34997: 0.999486
34998: 0.999486
34999: 0.999486
35000: 0.999486
35001: 0.999486
35002: 0.999486
35003: 0.999486
35004: 0.999486
35005: 0.999486
35006: 0.999486
35007: 0.999486
35008: 0.999486
35009: 0.999486
35010: 0.999486
35011: 0.999486
35012: 0.999486
35013: 0.999486
35014: 0.999486
35015: 0.999486
35016: 0.999486
35017: 0.999486
35018: 0.999486
35019: 0.999486
35020: 0.999486
35021: 0.999486
35022: 0.999486
35023: 0.999486
35024: 0.999486
35025: 0.999486
35026: 0.999486
35027: 0.999486
35028: 0.999486
35029: 0.999486
35030: 0.999486
35031: 0.999486
35032: 0.999486
35033: 0.999486
35034: 0.999486
35035: 0.999486
35036: 0.999486
35037: 0.999486
35038: 0.999486
35039: 0.999486
35040: 0.999486
35041: 0.999486
35042: 0.999486
35043: 0.999486
35044: 0.999486
35045: 0.999486
35046: 0.999486
35047: 0.999486
35048: 0.999486
35049: 0.999486
35050: 0.999486
35051: 0.999486
35052: 0.999486
35053: 0.999487
35054: 0.999487
35055: 0.999487
35056: 0.999487
35057: 0.999487
35058: 0.999487
35059: 0.999487
35060: 0.999487
35061: 0.999487
35062: 0.999487
35063: 0.999487
35064: 0.999487
35065: 0.999487
35066: 0.999487
35067: 0.999487
35068: 0.999487
35069: 0.999487
35070: 0.999487
35071: 0.999487
35072: 0.999487
35073: 0.999487
35074: 0.999487
35075: 0.999487
35076: 0.999487
35077: 0.999487
35078: 0.999487
35079: 0.999487
35080: 0.999487
35081: 0.999487
35082: 0.999487
35083: 0.999487
35084: 0.999487
35085: 0.999487
35086: 0.999487
35087: 0.999487
35088: 0.999487
35089: 0.999487
35090: 0.999487
35091: 0.999487
35092: 0.999487
35093: 0.999487
35094: 0.999487
35095: 0.999487
35096: 0.999487
35097: 0.999487
35098: 0.999487
35099: 0.999487
35100: 0.999487
35101: 0.999487
35102: 0.999487
35103: 0.999487
35104: 0.999487
35105: 0.999487
35106: 0.999487
35107: 0.999487
35108: 0.999487
35109: 0.999487
35110: 0.999487
35111: 0.999487
35112: 0.999487
35113: 0.999487
35114: 0.999487
35115: 0.999487
35116: 0.999487
35117: 0.999487
35118: 0.999487
35119: 0.999487
35120: 0.999487
35121: 0.999488
35122: 0.999488
35123: 0.999488
35124: 0.999488
35125: 0.999488
35126: 0.999488
35127: 0.999488
35128: 0.999488
35129: 0.999488
35130: 0.999488
35131: 0.999488
35132: 0.999488
35133: 0.999488
35134: 0.999488
35135: 0.999488
35136: 0.999488
35137: 0.999488
35138: 0.999488
35139: 0.999488
35140: 0.999488
35141: 0.999488
35142: 0.999488
35143: 0.999488
35144: 0.999488
35145: 0.999488
35146: 0.999488
35147: 0.999488
35148: 0.999488
35149: 0.999488
35150: 0.999488
35151: 0.999488
35152: 0.999488
35153: 0.999488
35154: 0.999488
35155: 0.999488
35156: 0.999488
35157: 0.999488
35158: 0.999488
35159: 0.999488
35160: 0.999488
35161: 0.999488
35162: 0.999488
35163: 0.999488
35164: 0.999488
35165: 0.999488
35166: 0.999488
35167: 0.999488
35168: 0.999488
35169: 0.999488
35170: 0.999488
35171: 0.999488
35172: 0.999488
35173: 0.999488
35174: 0.999488
35175: 0.999488
35176: 0.999488
35177: 0.999488
35178: 0.999488
35179: 0.999488
35180: 0.999488
35181: 0.999488
35182: 0.999488
35183: 0.999488
35184: 0.999488
35185: 0.999488
35186: 0.999488
35187: 0.999488
35188: 0.999488
35189: 0.999488
35190: 0.999489
35191: 0.999489
35192: 0.999489
35193: 0.999489
35194: 0.999489
35195: 0.999489
35196: 0.999489
35197: 0.999489
35198: 0.999489
35199: 0.999489
35200: 0.999489
35201: 0.999489
35202: 0.999489
35203: 0.999489
35204: 0.999489
35205: 0.999489
35206: 0.999489
35207: 0.999489
35208: 0.999489
35209: 0.999489
35210: 0.999489
35211: 0.999489
35212: 0.999489
35213: 0.999489
35214: 0.999489
35215: 0.999489
35216: 0.999489
35217: 0.999489
35218: 0.999489
35219: 0.999489
35220: 0.999489
35221: 0.999489
35222: 0.999489
35223: 0.999489
35224: 0.999489
35225: 0.999489
35226: 0.999489
35227: 0.999489
35228: 0.999489
35229: 0.999489
35230: 0.999489
35231: 0.999489
35232: 0.999489
35233: 0.999489
35234: 0.999489
35235: 0.999489
35236: 0.999489
35237: 0.999489
35238: 0.999489
35239: 0.999489
35240: 0.999489
35241: 0.999489
35242: 0.999489
35243: 0.999489
35244: 0.999489
35245: 0.999489
35246: 0.999489
35247: 0.999489
35248: 0.999489
35249: 0.999489
35250: 0.999489
35251: 0.999489
35252: 0.999489
35253: 0.999489
35254: 0.999489
35255: 0.999489
35256: 0.999489
35257: 0.999489
35258: 0.999489
35259: 0.99949
35260: 0.99949
35261: 0.99949
35262: 0.99949
35263: 0.99949
35264: 0.99949
35265: 0.99949
35266: 0.99949
35267: 0.99949
35268: 0.99949
35269: 0.99949
35270: 0.99949
35271: 0.99949
35272: 0.99949
35273: 0.99949
35274: 0.99949
35275: 0.99949
35276: 0.99949
35277: 0.99949
35278: 0.99949
35279: 0.99949
35280: 0.99949
35281: 0.99949
35282: 0.99949
35283: 0.99949
35284: 0.99949
35285: 0.99949
35286: 0.99949
35287: 0.99949
35288: 0.99949
35289: 0.99949
35290: 0.99949
35291: 0.99949
35292: 0.99949
35293: 0.99949
35294: 0.99949
35295: 0.99949
35296: 0.99949
35297: 0.99949
35298: 0.99949
35299: 0.99949
35300: 0.99949
35301: 0.99949
35302: 0.99949
35303: 0.99949
35304: 0.99949
35305: 0.99949
35306: 0.99949
35307: 0.99949
35308: 0.99949
35309: 0.99949
35310: 0.99949
35311: 0.99949
35312: 0.99949
35313: 0.99949
35314: 0.99949
35315: 0.99949
35316: 0.99949
35317: 0.99949
35318: 0.99949
35319: 0.99949
35320: 0.99949
35321: 0.99949
35322: 0.99949
35323: 0.99949
35324: 0.99949
35325: 0.99949
35326: 0.99949
35327: 0.99949
35328: 0.999491
35329: 0.999491
35330: 0.999491
35331: 0.999491
35332: 0.999491
35333: 0.999491
35334: 0.999491
35335: 0.999491
35336: 0.999491
35337: 0.999491
35338: 0.999491
35339: 0.999491
35340: 0.999491
35341: 0.999491
35342: 0.999491
35343: 0.999491
35344: 0.999491
35345: 0.999491
35346: 0.999491
35347: 0.999491
35348: 0.999491
35349: 0.999491
35350: 0.999491
35351: 0.999491
35352: 0.999491
35353: 0.999491
35354: 0.999491
35355: 0.999491
35356: 0.999491
35357: 0.999491
35358: 0.999491
35359: 0.999491
35360: 0.999491
35361: 0.999491
35362: 0.999491
35363: 0.999491
35364: 0.999491
35365: 0.999491
35366: 0.999491
35367: 0.999491
35368: 0.999491
35369: 0.999491
35370: 0.999491
35371: 0.999491
35372: 0.999491
35373: 0.999491
35374: 0.999491
35375: 0.999491
35376: 0.999491
35377: 0.999491
35378: 0.999491
35379: 0.999491
35380: 0.999491
35381: 0.999491
35382: 0.999491
35383: 0.999491
35384: 0.999491
35385: 0.999491
35386: 0.999491
35387: 0.999491
35388: 0.999491
35389: 0.999491
35390: 0.999491
35391: 0.999491
35392: 0.999491
35393: 0.999491
35394: 0.999491
35395: 0.999491
35396: 0.999491
35397: 0.999491
35398: 0.999492
35399: 0.999492
35400: 0.999492
35401: 0.999492
35402: 0.999492
35403: 0.999492
35404: 0.999492
35405: 0.999492
35406: 0.999492
35407: 0.999492
35408: 0.999492
35409: 0.999492
35410: 0.999492
35411: 0.999492
35412: 0.999492
35413: 0.999492
35414: 0.999492
35415: 0.999492
35416: 0.999492
35417: 0.999492
35418: 0.999492
35419: 0.999492
35420: 0.999492
35421: 0.999492
35422: 0.999492
35423: 0.999492
35424: 0.999492
35425: 0.999492
35426: 0.999492
35427: 0.999492
35428: 0.999492
35429: 0.999492
35430: 0.999492
35431: 0.999492
35432: 0.999492
35433: 0.999492
35434: 0.999492
35435: 0.999492
35436: 0.999492
35437: 0.999492
35438: 0.999492
35439: 0.999492
35440: 0.999492
35441: 0.999492
35442: 0.999492
35443: 0.999492
35444: 0.999492
35445: 0.999492
35446: 0.999492
35447: 0.999492
35448: 0.999492
35449: 0.999492
35450: 0.999492
35451: 0.999492
35452: 0.999492
35453: 0.999492
35454: 0.999492
35455: 0.999492
35456: 0.999492
35457: 0.999492
35458: 0.999492
35459: 0.999492
35460: 0.999492
35461: 0.999492
35462: 0.999492
35463: 0.999492
35464: 0.999492
35465: 0.999492
35466: 0.999492
35467: 0.999493
35468: 0.999493
35469: 0.999493
35470: 0.999493
35471: 0.999493
35472: 0.999493
35473: 0.999493
35474: 0.999493
35475: 0.999493
35476: 0.999493
35477: 0.999493
35478: 0.999493
35479: 0.999493
35480: 0.999493
35481: 0.999493
35482: 0.999493
35483: 0.999493
35484: 0.999493
35485: 0.999493
35486: 0.999493
35487: 0.999493
35488: 0.999493
35489: 0.999493
35490: 0.999493
35491: 0.999493
35492: 0.999493
35493: 0.999493
35494: 0.999493
35495: 0.999493
35496: 0.999493
35497: 0.999493
35498: 0.999493
35499: 0.999493
35500: 0.999493
35501: 0.999493
35502: 0.999493
35503: 0.999493
35504: 0.999493
35505: 0.999493
35506: 0.999493
35507: 0.999493
35508: 0.999493
35509: 0.999493
35510: 0.999493
35511: 0.999493
35512: 0.999493
35513: 0.999493
35514: 0.999493
35515: 0.999493
35516: 0.999493
35517: 0.999493
35518: 0.999493
35519: 0.999493
35520: 0.999493
35521: 0.999493
35522: 0.999493
35523: 0.999493
35524: 0.999493
35525: 0.999493
35526: 0.999493
35527: 0.999493
35528: 0.999493
35529: 0.999493
35530: 0.999493
35531: 0.999493
35532: 0.999493
35533: 0.999493
35534: 0.999493
35535: 0.999493
35536: 0.999493
35537: 0.999493
35538: 0.999494
35539: 0.999494
35540: 0.999494
35541: 0.999494
35542: 0.999494
35543: 0.999494
35544: 0.999494
35545: 0.999494
35546: 0.999494
35547: 0.999494
35548: 0.999494
35549: 0.999494
35550: 0.999494
35551: 0.999494
35552: 0.999494
35553: 0.999494
35554: 0.999494
35555: 0.999494
35556: 0.999494
35557: 0.999494
35558: 0.999494
35559: 0.999494
35560: 0.999494
35561: 0.999494
35562: 0.999494
35563: 0.999494
35564: 0.999494
35565: 0.999494
35566: 0.999494
35567: 0.999494
35568: 0.999494
35569: 0.999494
35570: 0.999494
35571: 0.999494
35572: 0.999494
35573: 0.999494
35574: 0.999494
35575: 0.999494
35576: 0.999494
35577: 0.999494
35578: 0.999494
35579: 0.999494
35580: 0.999494
35581: 0.999494
35582: 0.999494
35583: 0.999494
35584: 0.999494
35585: 0.999494
35586: 0.999494
35587: 0.999494
35588: 0.999494
35589: 0.999494
35590: 0.999494
35591: 0.999494
35592: 0.999494
35593: 0.999494
35594: 0.999494
35595: 0.999494
35596: 0.999494
35597: 0.999494
35598: 0.999494
35599: 0.999494
35600: 0.999494
35601: 0.999494
35602: 0.999494
35603: 0.999494
35604: 0.999494
35605: 0.999494
35606: 0.999494
35607: 0.999494
35608: 0.999495
35609: 0.999495
35610: 0.999495
35611: 0.999495
35612: 0.999495
35613: 0.999495
35614: 0.999495
35615: 0.999495
35616: 0.999495
35617: 0.999495
35618: 0.999495
35619: 0.999495
35620: 0.999495
35621: 0.999495
35622: 0.999495
35623: 0.999495
35624: 0.999495
35625: 0.999495
35626: 0.999495
35627: 0.999495
35628: 0.999495
35629: 0.999495
35630: 0.999495
35631: 0.999495
35632: 0.999495
35633: 0.999495
35634: 0.999495
35635: 0.999495
35636: 0.999495
35637: 0.999495
35638: 0.999495
35639: 0.999495
35640: 0.999495
35641: 0.999495
35642: 0.999495
35643: 0.999495
35644: 0.999495
35645: 0.999495
35646: 0.999495
35647: 0.999495
35648: 0.999495
35649: 0.999495
35650: 0.999495
35651: 0.999495
35652: 0.999495
35653: 0.999495
35654: 0.999495
35655: 0.999495
35656: 0.999495
35657: 0.999495
35658: 0.999495
35659: 0.999495
35660: 0.999495
35661: 0.999495
35662: 0.999495
35663: 0.999495
35664: 0.999495
35665: 0.999495
35666: 0.999495
35667: 0.999495
35668: 0.999495
35669: 0.999495
35670: 0.999495
35671: 0.999495
35672: 0.999495
35673: 0.999495
35674: 0.999495
35675: 0.999495
35676: 0.999495
35677: 0.999495
35678: 0.999496
35679: 0.999496
35680: 0.999496
35681: 0.999496
35682: 0.999496
35683: 0.999496
35684: 0.999496
35685: 0.999496
35686: 0.999496
35687: 0.999496
35688: 0.999496
35689: 0.999496
35690: 0.999496
35691: 0.999496
35692: 0.999496
35693: 0.999496
35694: 0.999496
35695: 0.999496
35696: 0.999496
35697: 0.999496
35698: 0.999496
35699: 0.999496
35700: 0.999496
35701: 0.999496
35702: 0.999496
35703: 0.999496
35704: 0.999496
35705: 0.999496
35706: 0.999496
35707: 0.999496
35708: 0.999496
35709: 0.999496
35710: 0.999496
35711: 0.999496
35712: 0.999496
35713: 0.999496
35714: 0.999496
35715: 0.999496
35716: 0.999496
35717: 0.999496
35718: 0.999496
35719: 0.999496
35720: 0.999496
35721: 0.999496
35722: 0.999496
35723: 0.999496
35724: 0.999496
35725: 0.999496
35726: 0.999496
35727: 0.999496
35728: 0.999496
35729: 0.999496
35730: 0.999496
35731: 0.999496
35732: 0.999496
35733: 0.999496
35734: 0.999496
35735: 0.999496
35736: 0.999496
35737: 0.999496
35738: 0.999496
35739: 0.999496
35740: 0.999496
35741: 0.999496
35742: 0.999496
35743: 0.999496
35744: 0.999496
35745: 0.999496
35746: 0.999496
35747: 0.999496
35748: 0.999496
35749: 0.999497
35750: 0.999497
35751: 0.999497
35752: 0.999497
35753: 0.999497
35754: 0.999497
35755: 0.999497
35756: 0.999497
35757: 0.999497
35758: 0.999497
35759: 0.999497
35760: 0.999497
35761: 0.999497
35762: 0.999497
35763: 0.999497
35764: 0.999497
35765: 0.999497
35766: 0.999497
35767: 0.999497
35768: 0.999497
35769: 0.999497
35770: 0.999497
35771: 0.999497
35772: 0.999497
35773: 0.999497
35774: 0.999497
35775: 0.999497
35776: 0.999497
35777: 0.999497
35778: 0.999497
35779: 0.999497
35780: 0.999497
35781: 0.999497
35782: 0.999497
35783: 0.999497
35784: 0.999497
35785: 0.999497
35786: 0.999497
35787: 0.999497
35788: 0.999497
35789: 0.999497
35790: 0.999497
35791: 0.999497
35792: 0.999497
35793: 0.999497
35794: 0.999497
35795: 0.999497
35796: 0.999497
35797: 0.999497
35798: 0.999497
35799: 0.999497
35800: 0.999497
35801: 0.999497
35802: 0.999497
35803: 0.999497
35804: 0.999497
35805: 0.999497
35806: 0.999497
35807: 0.999497
35808: 0.999497
35809: 0.999497
35810: 0.999497
35811: 0.999497
35812: 0.999497
35813: 0.999497
35814: 0.999497
35815: 0.999497
35816: 0.999497
35817: 0.999497
35818: 0.999497
35819: 0.999497
35820: 0.999498
35821: 0.999498
35822: 0.999498
35823: 0.999498
35824: 0.999498
35825: 0.999498
35826: 0.999498
35827: 0.999498
35828: 0.999498
35829: 0.999498
35830: 0.999498
35831: 0.999498
35832: 0.999498
35833: 0.999498
35834: 0.999498
35835: 0.999498
35836: 0.999498
35837: 0.999498
35838: 0.999498
35839: 0.999498
35840: 0.999498
35841: 0.999498
35842: 0.999498
35843: 0.999498
35844: 0.999498
35845: 0.999498
35846: 0.999498
35847: 0.999498
35848: 0.999498
35849: 0.999498
35850: 0.999498
35851: 0.999498
35852: 0.999498
35853: 0.999498
35854: 0.999498
35855: 0.999498
35856: 0.999498
35857: 0.999498
35858: 0.999498
35859: 0.999498
35860: 0.999498
35861: 0.999498
35862: 0.999498
35863: 0.999498
35864: 0.999498
35865: 0.999498
35866: 0.999498
35867: 0.999498
35868: 0.999498
35869: 0.999498
35870: 0.999498
35871: 0.999498
35872: 0.999498
35873: 0.999498
35874: 0.999498
35875: 0.999498
35876: 0.999498
35877: 0.999498
35878: 0.999498
35879: 0.999498
35880: 0.999498
35881: 0.999498
35882: 0.999498
35883: 0.999498
35884: 0.999498
35885: 0.999498
35886: 0.999498
35887: 0.999498
35888: 0.999498
35889: 0.999498
35890: 0.999498
35891: 0.999498
35892: 0.999499
35893: 0.999499
35894: 0.999499
35895: 0.999499
35896: 0.999499
35897: 0.999499
35898: 0.999499
35899: 0.999499
35900: 0.999499
35901: 0.999499
35902: 0.999499
35903: 0.999499
35904: 0.999499
35905: 0.999499
35906: 0.999499
35907: 0.999499
35908: 0.999499
35909: 0.999499
35910: 0.999499
35911: 0.999499
35912: 0.999499
35913: 0.999499
35914: 0.999499
35915: 0.999499
35916: 0.999499
35917: 0.999499
35918: 0.999499
35919: 0.999499
35920: 0.999499
35921: 0.999499
35922: 0.999499
35923: 0.999499
35924: 0.999499
35925: 0.999499
35926: 0.999499
35927: 0.999499
35928: 0.999499
35929: 0.999499
35930: 0.999499
35931: 0.999499
35932: 0.999499
35933: 0.999499
35934: 0.999499
35935: 0.999499
35936: 0.999499
35937: 0.999499
35938: 0.999499
35939: 0.999499
35940: 0.999499
35941: 0.999499
35942: 0.999499
35943: 0.999499
35944: 0.999499
35945: 0.999499
35946: 0.999499
35947: 0.999499
35948: 0.999499
35949: 0.999499
35950: 0.999499
35951: 0.999499
35952: 0.999499
35953: 0.999499
35954: 0.999499
35955: 0.999499
35956: 0.999499
35957: 0.999499
35958: 0.999499
35959: 0.999499
35960: 0.999499
35961: 0.999499
35962: 0.999499
35963: 0.999499
35964: 0.9995
35965: 0.9995
35966: 0.9995
35967: 0.9995
35968: 0.9995
35969: 0.9995
35970: 0.9995
35971: 0.9995
35972: 0.9995
35973: 0.9995
35974: 0.9995
35975: 0.9995
35976: 0.9995
35977: 0.9995
35978: 0.9995
35979: 0.9995
35980: 0.9995
35981: 0.9995
35982: 0.9995
35983: 0.9995
35984: 0.9995
35985: 0.9995
35986: 0.9995
35987: 0.9995
35988: 0.9995
35989: 0.9995
35990: 0.9995
35991: 0.9995
35992: 0.9995
35993: 0.9995
35994: 0.9995
35995: 0.9995
35996: 0.9995
35997: 0.9995
35998: 0.9995
35999: 0.9995
36000: 0.9995
36001: 0.9995
36002: 0.9995
36003: 0.9995
36004: 0.9995
36005: 0.9995
36006: 0.9995
36007: 0.9995
36008: 0.9995
36009: 0.9995
36010: 0.9995
36011: 0.9995
36012: 0.9995
36013: 0.9995
36014: 0.9995
36015: 0.9995
36016: 0.9995
36017: 0.9995
36018: 0.9995
36019: 0.9995
36020: 0.9995
36021: 0.9995
36022: 0.9995
36023: 0.9995
36024: 0.9995
36025: 0.9995
36026: 0.9995
36027: 0.9995
36028: 0.9995
36029: 0.9995
36030: 0.9995
36031: 0.9995
36032: 0.9995
36033: 0.9995
36034: 0.9995
36035: 0.9995
36036: 0.999501
36037: 0.999501
36038: 0.999501
36039: 0.999501
36040: 0.999501
36041: 0.999501
36042: 0.999501
36043: 0.999501
36044: 0.999501
36045: 0.999501
36046: 0.999501
36047: 0.999501
36048: 0.999501
36049: 0.999501
36050: 0.999501
36051: 0.999501
36052: 0.999501
36053: 0.999501
36054: 0.999501
36055: 0.999501
36056: 0.999501
36057: 0.999501
36058: 0.999501
36059: 0.999501
36060: 0.999501
36061: 0.999501
36062: 0.999501
36063: 0.999501
36064: 0.999501
36065: 0.999501
36066: 0.999501
36067: 0.999501
36068: 0.999501
36069: 0.999501
36070: 0.999501
36071: 0.999501
36072: 0.999501
36073: 0.999501
36074: 0.999501
36075: 0.999501
36076: 0.999501
36077: 0.999501
36078: 0.999501
36079: 0.999501
36080: 0.999501
36081: 0.999501
36082: 0.999501
36083: 0.999501
36084: 0.999501
36085: 0.999501
36086: 0.999501
36087: 0.999501
36088: 0.999501
36089: 0.999501
36090: 0.999501
36091: 0.999501
36092: 0.999501
36093: 0.999501
36094: 0.999501
36095: 0.999501
36096: 0.999501
36097: 0.999501
36098: 0.999501
36099: 0.999501
36100: 0.999501
36101: 0.999501
36102: 0.999501
36103: 0.999501
36104: 0.999501
36105: 0.999501
36106: 0.999501
36107: 0.999501
36108: 0.999502
36109: 0.999502
36110: 0.999502
36111: 0.999502
36112: 0.999502
36113: 0.999502
36114: 0.999502
36115: 0.999502
36116: 0.999502
36117: 0.999502
36118: 0.999502
36119: 0.999502
36120: 0.999502
36121: 0.999502
36122: 0.999502
36123: 0.999502
36124: 0.999502
36125: 0.999502
36126: 0.999502
36127: 0.999502
36128: 0.999502
36129: 0.999502
36130: 0.999502
36131: 0.999502
36132: 0.999502
36133: 0.999502
36134: 0.999502
36135: 0.999502
36136: 0.999502
36137: 0.999502
36138: 0.999502
36139: 0.999502
36140: 0.999502
36141: 0.999502
36142: 0.999502
36143: 0.999502
36144: 0.999502
36145: 0.999502
36146: 0.999502
36147: 0.999502
36148: 0.999502
36149: 0.999502
36150: 0.999502
36151: 0.999502
36152: 0.999502
36153: 0.999502
36154: 0.999502
36155: 0.999502
36156: 0.999502
36157: 0.999502
36158: 0.999502
36159: 0.999502
36160: 0.999502
36161: 0.999502
36162: 0.999502
36163: 0.999502
36164: 0.999502
36165: 0.999502
36166: 0.999502
36167: 0.999502
36168: 0.999502
36169: 0.999502
36170: 0.999502
36171: 0.999502
36172: 0.999502
36173: 0.999502
36174: 0.999502
36175: 0.999502
36176: 0.999502
36177: 0.999502
36178: 0.999502
36179: 0.999502
36180: 0.999503
36181: 0.999503
36182: 0.999503
36183: 0.999503
36184: 0.999503
36185: 0.999503
36186: 0.999503
36187: 0.999503
36188: 0.999503
36189: 0.999503
36190: 0.999503
36191: 0.999503
36192: 0.999503
36193: 0.999503
36194: 0.999503
36195: 0.999503
36196: 0.999503
36197: 0.999503
36198: 0.999503
36199: 0.999503
36200: 0.999503
36201: 0.999503
36202: 0.999503
36203: 0.999503
36204: 0.999503
36205: 0.999503
36206: 0.999503
36207: 0.999503
36208: 0.999503
36209: 0.999503
36210: 0.999503
36211: 0.999503
36212: 0.999503
36213: 0.999503
36214: 0.999503
36215: 0.999503
36216: 0.999503
36217: 0.999503
36218: 0.999503
36219: 0.999503
36220: 0.999503
36221: 0.999503
36222: 0.999503
36223: 0.999503
36224: 0.999503
36225: 0.999503
36226: 0.999503
36227: 0.999503
36228: 0.999503
36229: 0.999503
36230: 0.999503
36231: 0.999503
36232: 0.999503
36233: 0.999503
36234: 0.999503
36235: 0.999503
36236: 0.999503
36237: 0.999503
36238: 0.999503
36239: 0.999503
36240: 0.999503
36241: 0.999503
36242: 0.999503
36243: 0.999503
36244: 0.999503
36245: 0.999503
36246: 0.999503
36247: 0.999503
36248: 0.999503
36249: 0.999503
36250: 0.999503
36251: 0.999503
36252: 0.999503
36253: 0.999504
36254: 0.999504
36255: 0.999504
36256: 0.999504
36257: 0.999504
36258: 0.999504
36259: 0.999504
36260: 0.999504
36261: 0.999504
36262: 0.999504
36263: 0.999504
36264: 0.999504
36265: 0.999504
36266: 0.999504
36267: 0.999504
36268: 0.999504
36269: 0.999504
36270: 0.999504
36271: 0.999504
36272: 0.999504
36273: 0.999504
36274: 0.999504
36275: 0.999504
36276: 0.999504
36277: 0.999504
36278: 0.999504
36279: 0.999504
36280: 0.999504
36281: 0.999504
36282: 0.999504
36283: 0.999504
36284: 0.999504
36285: 0.999504
36286: 0.999504
36287: 0.999504
36288: 0.999504
36289: 0.999504
36290: 0.999504
36291: 0.999504
36292: 0.999504
36293: 0.999504
36294: 0.999504
36295: 0.999504
36296: 0.999504
36297: 0.999504
36298: 0.999504
36299: 0.999504
36300: 0.999504
36301: 0.999504
36302: 0.999504
36303: 0.999504
36304: 0.999504
36305: 0.999504
36306: 0.999504
36307: 0.999504
36308: 0.999504
36309: 0.999504
36310: 0.999504
36311: 0.999504
36312: 0.999504
36313: 0.999504
36314: 0.999504
36315: 0.999504
36316: 0.999504
36317: 0.999504
36318: 0.999504
36319: 0.999504
36320: 0.999504
36321: 0.999504
36322: 0.999504
36323: 0.999504
36324: 0.999504
36325: 0.999504
36326: 0.999505
36327: 0.999505
36328: 0.999505
36329: 0.999505
36330: 0.999505
36331: 0.999505
36332: 0.999505
36333: 0.999505
36334: 0.999505
36335: 0.999505
36336: 0.999505
36337: 0.999505
36338: 0.999505
36339: 0.999505
36340: 0.999505
36341: 0.999505
36342: 0.999505
36343: 0.999505
36344: 0.999505
36345: 0.999505
36346: 0.999505
36347: 0.999505
36348: 0.999505
36349: 0.999505
36350: 0.999505
36351: 0.999505
36352: 0.999505
36353: 0.999505
36354: 0.999505
36355: 0.999505
36356: 0.999505
36357: 0.999505
36358: 0.999505
36359: 0.999505
36360: 0.999505
36361: 0.999505
36362: 0.999505
36363: 0.999505
36364: 0.999505
36365: 0.999505
36366: 0.999505
36367: 0.999505
36368: 0.999505
36369: 0.999505
36370: 0.999505
36371: 0.999505
36372: 0.999505
36373: 0.999505
36374: 0.999505
36375: 0.999505
36376: 0.999505
36377: 0.999505
36378: 0.999505
36379: 0.999505
36380: 0.999505
36381: 0.999505
36382: 0.999505
36383: 0.999505
36384: 0.999505
36385: 0.999505
36386: 0.999505
36387: 0.999505
36388: 0.999505
36389: 0.999505
36390: 0.999505
36391: 0.999505
36392: 0.999505
36393: 0.999505
36394: 0.999505
36395: 0.999505
36396: 0.999505
36397: 0.999505
36398: 0.999505
36399: 0.999505
36400: 0.999506
36401: 0.999506
36402: 0.999506
36403: 0.999506
36404: 0.999506
36405: 0.999506
36406: 0.999506
36407: 0.999506
36408: 0.999506
36409: 0.999506
36410: 0.999506
36411: 0.999506
36412: 0.999506
36413: 0.999506
36414: 0.999506
36415: 0.999506
36416: 0.999506
36417: 0.999506
36418: 0.999506
36419: 0.999506
36420: 0.999506
36421: 0.999506
36422: 0.999506
36423: 0.999506
36424: 0.999506
36425: 0.999506
36426: 0.999506
36427: 0.999506
36428: 0.999506
36429: 0.999506
36430: 0.999506
36431: 0.999506
36432: 0.999506
36433: 0.999506
36434: 0.999506
36435: 0.999506
36436: 0.999506
36437: 0.999506
36438: 0.999506
36439: 0.999506
36440: 0.999506
36441: 0.999506
36442: 0.999506
36443: 0.999506
36444: 0.999506
36445: 0.999506
36446: 0.999506
36447: 0.999506
36448: 0.999506
36449: 0.999506
36450: 0.999506
36451: 0.999506
36452: 0.999506
36453: 0.999506
36454: 0.999506
36455: 0.999506
36456: 0.999506
36457: 0.999506
36458: 0.999506
36459: 0.999506
36460: 0.999506
36461: 0.999506
36462: 0.999506
36463: 0.999506
36464: 0.999506
36465: 0.999506
36466: 0.999506
36467: 0.999506
36468: 0.999506
36469: 0.999506
36470: 0.999506
36471: 0.999506
36472: 0.999506
36473: 0.999506
36474: 0.999507
36475: 0.999507
36476: 0.999507
36477: 0.999507
36478: 0.999507
36479: 0.999507
36480: 0.999507
36481: 0.999507
36482: 0.999507
36483: 0.999507
36484: 0.999507
36485: 0.999507
36486: 0.999507
36487: 0.999507
36488: 0.999507
36489: 0.999507
36490: 0.999507
36491: 0.999507
36492: 0.999507
36493: 0.999507
36494: 0.999507
36495: 0.999507
36496: 0.999507
36497: 0.999507
36498: 0.999507
36499: 0.999507
36500: 0.999507
36501: 0.999507
36502: 0.999507
36503: 0.999507
36504: 0.999507
36505: 0.999507
36506: 0.999507
36507: 0.999507
36508: 0.999507
36509: 0.999507
36510: 0.999507
36511: 0.999507
36512: 0.999507
36513: 0.999507
36514: 0.999507
36515: 0.999507
36516: 0.999507
36517: 0.999507
36518: 0.999507
36519: 0.999507
36520: 0.999507
36521: 0.999507
36522: 0.999507
36523: 0.999507
36524: 0.999507
36525: 0.999507
36526: 0.999507
36527: 0.999507
36528: 0.999507
36529: 0.999507
36530: 0.999507
36531: 0.999507
36532: 0.999507
36533: 0.999507
36534: 0.999507
36535: 0.999507
36536: 0.999507
36537: 0.999507
36538: 0.999507
36539: 0.999507
36540: 0.999507
36541: 0.999507
36542: 0.999507
36543: 0.999507
36544: 0.999507
36545: 0.999507
36546: 0.999507
36547: 0.999507
36548: 0.999508
36549: 0.999508
36550: 0.999508
36551: 0.999508
36552: 0.999508
36553: 0.999508
36554: 0.999508
36555: 0.999508
36556: 0.999508
36557: 0.999508
36558: 0.999508
36559: 0.999508
36560: 0.999508
36561: 0.999508
36562: 0.999508
36563: 0.999508
36564: 0.999508
36565: 0.999508
36566: 0.999508
36567: 0.999508
36568: 0.999508
36569: 0.999508
36570: 0.999508
36571: 0.999508
36572: 0.999508
36573: 0.999508
36574: 0.999508
36575: 0.999508
36576: 0.999508
36577: 0.999508
36578: 0.999508
36579: 0.999508
36580: 0.999508
36581: 0.999508
36582: 0.999508
36583: 0.999508
36584: 0.999508
36585: 0.999508
36586: 0.999508
36587: 0.999508
36588: 0.999508
36589: 0.999508
36590: 0.999508
36591: 0.999508
36592: 0.999508
36593: 0.999508
36594: 0.999508
36595: 0.999508
36596: 0.999508
36597: 0.999508
36598: 0.999508
36599: 0.999508
36600: 0.999508
36601: 0.999508
36602: 0.999508
36603: 0.999508
36604: 0.999508
36605: 0.999508
36606: 0.999508
36607: 0.999508
36608: 0.999508
36609: 0.999508
36610: 0.999508
36611: 0.999508
36612: 0.999508
36613: 0.999508
36614: 0.999508
36615: 0.999508
36616: 0.999508
36617: 0.999508
36618: 0.999508
36619: 0.999508
36620: 0.999508
36621: 0.999508
36622: 0.999509
36623: 0.999509
36624: 0.999509
36625: 0.999509
36626: 0.999509
36627: 0.999509
36628: 0.999509
36629: 0.999509
36630: 0.999509
36631: 0.999509
36632: 0.999509
36633: 0.999509
36634: 0.999509
36635: 0.999509
36636: 0.999509
36637: 0.999509
36638: 0.999509
36639: 0.999509
36640: 0.999509
36641: 0.999509
36642: 0.999509
36643: 0.999509
36644: 0.999509
36645: 0.999509
36646: 0.999509
36647: 0.999509
36648: 0.999509
36649: 0.999509
36650: 0.999509
36651: 0.999509
36652: 0.999509
36653: 0.999509
36654: 0.999509
36655: 0.999509
36656: 0.999509
36657: 0.999509
36658: 0.999509
36659: 0.999509
36660: 0.999509
36661: 0.999509
36662: 0.999509
36663: 0.999509
36664: 0.999509
36665: 0.999509
36666: 0.999509
36667: 0.999509
36668: 0.999509
36669: 0.999509
36670: 0.999509
36671: 0.999509
36672: 0.999509
36673: 0.999509
36674: 0.999509
36675: 0.999509
36676: 0.999509
36677: 0.999509
36678: 0.999509
36679: 0.999509
36680: 0.999509
36681: 0.999509
36682: 0.999509
36683: 0.999509
36684: 0.999509
36685: 0.999509
36686: 0.999509
36687: 0.999509
36688: 0.999509
36689: 0.999509
36690: 0.999509
36691: 0.999509
36692: 0.999509
36693: 0.999509
36694: 0.999509
36695: 0.999509
36696: 0.999509
36697: 0.99951
36698: 0.99951
36699: 0.99951
36700: 0.99951
36701: 0.99951
36702: 0.99951
36703: 0.99951
36704: 0.99951
36705: 0.99951
36706: 0.99951
36707: 0.99951
36708: 0.99951
36709: 0.99951
36710: 0.99951
36711: 0.99951
36712: 0.99951
36713: 0.99951
36714: 0.99951
36715: 0.99951
36716: 0.99951
36717: 0.99951
36718: 0.99951
36719: 0.99951
36720: 0.99951
36721: 0.99951
36722: 0.99951
36723: 0.99951
36724: 0.99951
36725: 0.99951
36726: 0.99951
36727: 0.99951
36728: 0.99951
36729: 0.99951
36730: 0.99951
36731: 0.99951
36732: 0.99951
36733: 0.99951
36734: 0.99951
36735: 0.99951
36736: 0.99951
36737: 0.99951
36738: 0.99951
36739: 0.99951
36740: 0.99951
36741: 0.99951
36742: 0.99951
36743: 0.99951
36744: 0.99951
36745: 0.99951
36746: 0.99951
36747: 0.99951
36748: 0.99951
36749: 0.99951
36750: 0.99951
36751: 0.99951
36752: 0.99951
36753: 0.99951
36754: 0.99951
36755: 0.99951
36756: 0.99951
36757: 0.99951
36758: 0.99951
36759: 0.99951
36760: 0.99951
36761: 0.99951
36762: 0.99951
36763: 0.99951
36764: 0.99951
36765: 0.99951
36766: 0.99951
36767: 0.99951
36768: 0.99951
36769: 0.99951
36770: 0.99951
36771: 0.99951
36772: 0.999511
36773: 0.999511
36774: 0.999511
36775: 0.999511
36776: 0.999511
36777: 0.999511
36778: 0.999511
36779: 0.999511
36780: 0.999511
36781: 0.999511
36782: 0.999511
36783: 0.999511
36784: 0.999511
36785: 0.999511
36786: 0.999511
36787: 0.999511
36788: 0.999511
36789: 0.999511
36790: 0.999511
36791: 0.999511
36792: 0.999511
36793: 0.999511
36794: 0.999511
36795: 0.999511
36796: 0.999511
36797: 0.999511
36798: 0.999511
36799: 0.999511
36800: 0.999511
36801: 0.999511
36802: 0.999511
36803: 0.999511
36804: 0.999511
36805: 0.999511
36806: 0.999511
36807: 0.999511
36808: 0.999511
36809: 0.999511
36810: 0.999511
36811: 0.999511
36812: 0.999511
36813: 0.999511
36814: 0.999511
36815: 0.999511
36816: 0.999511
36817: 0.999511
36818: 0.999511
36819: 0.999511
36820: 0.999511
36821: 0.999511
36822: 0.999511
36823: 0.999511
36824: 0.999511
36825: 0.999511
36826: 0.999511
36827: 0.999511
36828: 0.999511
36829: 0.999511
36830: 0.999511
36831: 0.999511
36832: 0.999511
36833: 0.999511
36834: 0.999511
36835: 0.999511
36836: 0.999511
36837: 0.999511
36838: 0.999511
36839: 0.999511
36840: 0.999511
36841: 0.999511
36842: 0.999511
36843: 0.999511
36844: 0.999511
36845: 0.999511
36846: 0.999511
36847: 0.999512
36848: 0.999512
36849: 0.999512
36850: 0.999512
36851: 0.999512
36852: 0.999512
36853: 0.999512
36854: 0.999512
36855: 0.999512
36856: 0.999512
36857: 0.999512
36858: 0.999512
36859: 0.999512
36860: 0.999512
36861: 0.999512
36862: 0.999512
36863: 0.999512
36864: 0.999512
36865: 0.999512
36866: 0.999512
36867: 0.999512
36868: 0.999512
36869: 0.999512
36870: 0.999512
36871: 0.999512
36872: 0.999512
36873: 0.999512
36874: 0.999512
36875: 0.999512
36876: 0.999512
36877: 0.999512
36878: 0.999512
36879: 0.999512
36880: 0.999512
36881: 0.999512
36882: 0.999512
36883: 0.999512
36884: 0.999512
36885: 0.999512
36886: 0.999512
36887: 0.999512
36888: 0.999512
36889: 0.999512
36890: 0.999512
36891: 0.999512
36892: 0.999512
36893: 0.999512
36894: 0.999512
36895: 0.999512
36896: 0.999512
36897: 0.999512
36898: 0.999512
36899: 0.999512
36900: 0.999512
36901: 0.999512
36902: 0.999512
36903: 0.999512
36904: 0.999512
36905: 0.999512
36906: 0.999512
36907: 0.999512
36908: 0.999512
36909: 0.999512
36910: 0.999512
36911: 0.999512
36912: 0.999512
36913: 0.999512
36914: 0.999512
36915: 0.999512
36916: 0.999512
36917: 0.999512
36918: 0.999512
36919: 0.999512
36920: 0.999512
36921: 0.999512
36922: 0.999512
36923: 0.999513
36924: 0.999513
36925: 0.999513
36926: 0.999513
36927: 0.999513
36928: 0.999513
36929: 0.999513
36930: 0.999513
36931: 0.999513
36932: 0.999513
36933: 0.999513
36934: 0.999513
36935: 0.999513
36936: 0.999513
36937: 0.999513
36938: 0.999513
36939: 0.999513
36940: 0.999513
36941: 0.999513
36942: 0.999513
36943: 0.999513
36944: 0.999513
36945: 0.999513
36946: 0.999513
36947: 0.999513
36948: 0.999513
36949: 0.999513
36950: 0.999513
36951: 0.999513
36952: 0.999513
36953: 0.999513
36954: 0.999513
36955: 0.999513
36956: 0.999513
36957: 0.999513
36958: 0.999513
36959: 0.999513
36960: 0.999513
36961: 0.999513
36962: 0.999513
36963: 0.999513
36964: 0.999513
36965: 0.999513
36966: 0.999513
36967: 0.999513
36968: 0.999513
36969: 0.999513
36970: 0.999513
36971: 0.999513
36972: 0.999513
36973: 0.999513
36974: 0.999513
36975: 0.999513
36976: 0.999513
36977: 0.999513
36978: 0.999513
36979: 0.999513
36980: 0.999513
36981: 0.999513
36982: 0.999513
36983: 0.999513
36984: 0.999513
36985: 0.999513
36986: 0.999513
36987: 0.999513
36988: 0.999513
36989: 0.999513
36990: 0.999513
36991: 0.999513
36992: 0.999513
36993: 0.999513
36994: 0.999513
36995: 0.999513
36996: 0.999513
36997: 0.999513
36998: 0.999514
36999: 0.999514
37000: 0.999514
37001: 0.999514
37002: 0.999514
37003: 0.999514
37004: 0.999514
37005: 0.999514
37006: 0.999514
37007: 0.999514
37008: 0.999514
37009: 0.999514
37010: 0.999514
37011: 0.999514
37012: 0.999514
37013: 0.999514
37014: 0.999514
37015: 0.999514
37016: 0.999514
37017: 0.999514
37018: 0.999514
37019: 0.999514
37020: 0.999514
37021: 0.999514
37022: 0.999514
37023: 0.999514
37024: 0.999514
37025: 0.999514
37026: 0.999514
37027: 0.999514
37028: 0.999514
37029: 0.999514
37030: 0.999514
37031: 0.999514
37032: 0.999514
37033: 0.999514
37034: 0.999514
37035: 0.999514
37036: 0.999514
37037: 0.999514
37038: 0.999514
37039: 0.999514
37040: 0.999514
37041: 0.999514
37042: 0.999514
37043: 0.999514
37044: 0.999514
37045: 0.999514
37046: 0.999514
37047: 0.999514
37048: 0.999514
37049: 0.999514
37050: 0.999514
37051: 0.999514
37052: 0.999514
37053: 0.999514
37054: 0.999514
37055: 0.999514
37056: 0.999514
37057: 0.999514
37058: 0.999514
37059: 0.999514
37060: 0.999514
37061: 0.999514
37062: 0.999514
37063: 0.999514
37064: 0.999514
37065: 0.999514
37066: 0.999514
37067: 0.999514
37068: 0.999514
37069: 0.999514
37070: 0.999514
37071: 0.999514
37072: 0.999514
37073: 0.999514
37074: 0.999514
37075: 0.999515
37076: 0.999515
37077: 0.999515
37078: 0.999515
37079: 0.999515
37080: 0.999515
37081: 0.999515
37082: 0.999515
37083: 0.999515
37084: 0.999515
37085: 0.999515
37086: 0.999515
37087: 0.999515
37088: 0.999515
37089: 0.999515
37090: 0.999515
37091: 0.999515
37092: 0.999515
37093: 0.999515
37094: 0.999515
37095: 0.999515
37096: 0.999515
37097: 0.999515
37098: 0.999515
37099: 0.999515
37100: 0.999515
37101: 0.999515
37102: 0.999515
37103: 0.999515
37104: 0.999515
37105: 0.999515
37106: 0.999515
37107: 0.999515
37108: 0.999515
37109: 0.999515
37110: 0.999515
37111: 0.999515
37112: 0.999515
37113: 0.999515
37114: 0.999515
37115: 0.999515
37116: 0.999515
37117: 0.999515
37118: 0.999515
37119: 0.999515
37120: 0.999515
37121: 0.999515
37122: 0.999515
37123: 0.999515
37124: 0.999515
37125: 0.999515
37126: 0.999515
37127: 0.999515
37128: 0.999515
37129: 0.999515
37130: 0.999515
37131: 0.999515
37132: 0.999515
37133: 0.999515
37134: 0.999515
37135: 0.999515
37136: 0.999515
37137: 0.999515
37138: 0.999515
37139: 0.999515
37140: 0.999515
37141: 0.999515
37142: 0.999515
37143: 0.999515
37144: 0.999515
37145: 0.999515
37146: 0.999515
37147: 0.999515
37148: 0.999515
37149: 0.999515
37150: 0.999515
37151: 0.999516
37152: 0.999516
37153: 0.999516
37154: 0.999516
37155: 0.999516
37156: 0.999516
37157: 0.999516
37158: 0.999516
37159: 0.999516
37160: 0.999516
37161: 0.999516
37162: 0.999516
37163: 0.999516
37164: 0.999516
37165: 0.999516
37166: 0.999516
37167: 0.999516
37168: 0.999516
37169: 0.999516
37170: 0.999516
37171: 0.999516
37172: 0.999516
37173: 0.999516
37174: 0.999516
37175: 0.999516
37176: 0.999516
37177: 0.999516
37178: 0.999516
37179: 0.999516
37180: 0.999516
37181: 0.999516
37182: 0.999516
37183: 0.999516
37184: 0.999516
37185: 0.999516
37186: 0.999516
37187: 0.999516
37188: 0.999516
37189: 0.999516
37190: 0.999516
37191: 0.999516
37192: 0.999516
37193: 0.999516
37194: 0.999516
37195: 0.999516
37196: 0.999516
37197: 0.999516
37198: 0.999516
37199: 0.999516
37200: 0.999516
37201: 0.999516
37202: 0.999516
37203: 0.999516
37204: 0.999516
37205: 0.999516
37206: 0.999516
37207: 0.999516
37208: 0.999516
37209: 0.999516
37210: 0.999516
37211: 0.999516
37212: 0.999516
37213: 0.999516
37214: 0.999516
37215: 0.999516
37216: 0.999516
37217: 0.999516
37218: 0.999516
37219: 0.999516
37220: 0.999516
37221: 0.999516
37222: 0.999516
37223: 0.999516
37224: 0.999516
37225: 0.999516
37226: 0.999516
37227: 0.999516
37228: 0.999517
37229: 0.999517
37230: 0.999517
37231: 0.999517
37232: 0.999517
37233: 0.999517
37234: 0.999517
37235: 0.999517
37236: 0.999517
37237: 0.999517
37238: 0.999517
37239: 0.999517
37240: 0.999517
37241: 0.999517
37242: 0.999517
37243: 0.999517
37244: 0.999517
37245: 0.999517
37246: 0.999517
37247: 0.999517
37248: 0.999517
37249: 0.999517
37250: 0.999517
37251: 0.999517
37252: 0.999517
37253: 0.999517
37254: 0.999517
37255: 0.999517
37256: 0.999517
37257: 0.999517
37258: 0.999517
37259: 0.999517
37260: 0.999517
37261: 0.999517
37262: 0.999517
37263: 0.999517
37264: 0.999517
37265: 0.999517
37266: 0.999517
37267: 0.999517
37268: 0.999517
37269: 0.999517
37270: 0.999517
37271: 0.999517
37272: 0.999517
37273: 0.999517
37274: 0.999517
37275: 0.999517
37276: 0.999517
37277: 0.999517
37278: 0.999517
37279: 0.999517
37280: 0.999517
37281: 0.999517
37282: 0.999517
37283: 0.999517
37284: 0.999517
37285: 0.999517
37286: 0.999517
37287: 0.999517
37288: 0.999517
37289: 0.999517
37290: 0.999517
37291: 0.999517
37292: 0.999517
37293: 0.999517
37294: 0.999517
37295: 0.999517
37296: 0.999517
37297: 0.999517
37298: 0.999517
37299: 0.999517
37300: 0.999517
37301: 0.999517
37302: 0.999517
37303: 0.999517
37304: 0.999517
37305: 0.999518
37306: 0.999518
37307: 0.999518
37308: 0.999518
37309: 0.999518
37310: 0.999518
37311: 0.999518
37312: 0.999518
37313: 0.999518
37314: 0.999518
37315: 0.999518
37316: 0.999518
37317: 0.999518
37318: 0.999518
37319: 0.999518
37320: 0.999518
37321: 0.999518
37322: 0.999518
37323: 0.999518
37324: 0.999518
37325: 0.999518
37326: 0.999518
37327: 0.999518
37328: 0.999518
37329: 0.999518
37330: 0.999518
37331: 0.999518
37332: 0.999518
37333: 0.999518
37334: 0.999518
37335: 0.999518
37336: 0.999518
37337: 0.999518
37338: 0.999518
37339: 0.999518
37340: 0.999518
37341: 0.999518
37342: 0.999518
37343: 0.999518
37344: 0.999518
37345: 0.999518
37346: 0.999518
37347: 0.999518
37348: 0.999518
37349: 0.999518
37350: 0.999518
37351: 0.999518
37352: 0.999518
37353: 0.999518
37354: 0.999518
37355: 0.999518
37356: 0.999518
37357: 0.999518
37358: 0.999518
37359: 0.999518
37360: 0.999518
37361: 0.999518
37362: 0.999518
37363: 0.999518
37364: 0.999518
37365: 0.999518
37366: 0.999518
37367: 0.999518
37368: 0.999518
37369: 0.999518
37370: 0.999518
37371: 0.999518
37372: 0.999518
37373: 0.999518
37374: 0.999518
37375: 0.999518
37376: 0.999518
37377: 0.999518
37378: 0.999518
37379: 0.999518
37380: 0.999518
37381: 0.999518
37382: 0.999518
37383: 0.999519
37384: 0.999519
37385: 0.999519
37386: 0.999519
37387: 0.999519
37388: 0.999519
37389: 0.999519
37390: 0.999519
37391: 0.999519
37392: 0.999519
37393: 0.999519
37394: 0.999519
37395: 0.999519
37396: 0.999519
37397: 0.999519
37398: 0.999519
37399: 0.999519
37400: 0.999519
37401: 0.999519
37402: 0.999519
37403: 0.999519
37404: 0.999519
37405: 0.999519
37406: 0.999519
37407: 0.999519
37408: 0.999519
37409: 0.999519
37410: 0.999519
37411: 0.999519
37412: 0.999519
37413: 0.999519
37414: 0.999519
37415: 0.999519
37416: 0.999519
37417: 0.999519
37418: 0.999519
37419: 0.999519
37420: 0.999519
37421: 0.999519
37422: 0.999519
37423: 0.999519
37424: 0.999519
37425: 0.999519
37426: 0.999519
37427: 0.999519
37428: 0.999519
37429: 0.999519
37430: 0.999519
37431: 0.999519
37432: 0.999519
37433: 0.999519
37434: 0.999519
37435: 0.999519
37436: 0.999519
37437: 0.999519
37438: 0.999519
37439: 0.999519
37440: 0.999519
37441: 0.999519
37442: 0.999519
37443: 0.999519
37444: 0.999519
37445: 0.999519
37446: 0.999519
37447: 0.999519
37448: 0.999519
37449: 0.999519
37450: 0.999519
37451: 0.999519
37452: 0.999519
37453: 0.999519
37454: 0.999519
37455: 0.999519
37456: 0.999519
37457: 0.999519
37458: 0.999519
37459: 0.999519
37460: 0.99952
37461: 0.99952
37462: 0.99952
37463: 0.99952
37464: 0.99952
37465: 0.99952
37466: 0.99952
37467: 0.99952
37468: 0.99952
37469: 0.99952
37470: 0.99952
37471: 0.99952
37472: 0.99952
37473: 0.99952
37474: 0.99952
37475: 0.99952
37476: 0.99952
37477: 0.99952
37478: 0.99952
37479: 0.99952
37480: 0.99952
37481: 0.99952
37482: 0.99952
37483: 0.99952
37484: 0.99952
37485: 0.99952
37486: 0.99952
37487: 0.99952
37488: 0.99952
37489: 0.99952
37490: 0.99952
37491: 0.99952
37492: 0.99952
37493: 0.99952
37494: 0.99952
37495: 0.99952
37496: 0.99952
37497: 0.99952
37498: 0.99952
37499: 0.99952
37500: 0.99952
37501: 0.99952
37502: 0.99952
37503: 0.99952
37504: 0.99952
37505: 0.99952
37506: 0.99952
37507: 0.99952
37508: 0.99952
37509: 0.99952
37510: 0.99952
37511: 0.99952
37512: 0.99952
37513: 0.99952
37514: 0.99952
37515: 0.99952
37516: 0.99952
37517: 0.99952
37518: 0.99952
37519: 0.99952
37520: 0.99952
37521: 0.99952
37522: 0.99952
37523: 0.99952
37524: 0.99952
37525: 0.99952
37526: 0.99952
37527: 0.99952
37528: 0.99952
37529: 0.99952
37530: 0.99952
37531: 0.99952
37532: 0.99952
37533: 0.99952
37534: 0.99952
37535: 0.99952
37536: 0.99952
37537: 0.99952
37538: 0.99952
37539: 0.999521
37540: 0.999521
37541: 0.999521
37542: 0.999521
37543: 0.999521
37544: 0.999521
37545: 0.999521
37546: 0.999521
37547: 0.999521
37548: 0.999521
37549: 0.999521
37550: 0.999521
37551: 0.999521
37552: 0.999521
37553: 0.999521
37554: 0.999521
37555: 0.999521
37556: 0.999521
37557: 0.999521
37558: 0.999521
37559: 0.999521
37560: 0.999521
37561: 0.999521
37562: 0.999521
37563: 0.999521
37564: 0.999521
37565: 0.999521
37566: 0.999521
37567: 0.999521
37568: 0.999521
37569: 0.999521
37570: 0.999521
37571: 0.999521
37572: 0.999521
37573: 0.999521
37574: 0.999521
37575: 0.999521
37576: 0.999521
37577: 0.999521
37578: 0.999521
37579: 0.999521
37580: 0.999521
37581: 0.999521
37582: 0.999521
37583: 0.999521
37584: 0.999521
37585: 0.999521
37586: 0.999521
37587: 0.999521
37588: 0.999521
37589: 0.999521
37590: 0.999521
37591: 0.999521
37592: 0.999521
37593: 0.999521
37594: 0.999521
37595: 0.999521
37596: 0.999521
37597: 0.999521
37598: 0.999521
37599: 0.999521
37600: 0.999521
37601: 0.999521
37602: 0.999521
37603: 0.999521
37604: 0.999521
37605: 0.999521
37606: 0.999521
37607: 0.999521
37608: 0.999521
37609: 0.999521
37610: 0.999521
37611: 0.999521
37612: 0.999521
37613: 0.999521
37614: 0.999521
37615: 0.999521
37616: 0.999521
37617: 0.999522
37618: 0.999522
37619: 0.999522
37620: 0.999522
37621: 0.999522
37622: 0.999522
37623: 0.999522
37624: 0.999522
37625: 0.999522
37626: 0.999522
37627: 0.999522
37628: 0.999522
37629: 0.999522
37630: 0.999522
37631: 0.999522
37632: 0.999522
37633: 0.999522
37634: 0.999522
37635: 0.999522
37636: 0.999522
37637: 0.999522
37638: 0.999522
37639: 0.999522
37640: 0.999522
37641: 0.999522
37642: 0.999522
37643: 0.999522
37644: 0.999522
37645: 0.999522
37646: 0.999522
37647: 0.999522
37648: 0.999522
37649: 0.999522
37650: 0.999522
37651: 0.999522
37652: 0.999522
37653: 0.999522
37654: 0.999522
37655: 0.999522
37656: 0.999522
37657: 0.999522
37658: 0.999522
37659: 0.999522
37660: 0.999522
37661: 0.999522
37662: 0.999522
37663: 0.999522
37664: 0.999522
37665: 0.999522
37666: 0.999522
37667: 0.999522
37668: 0.999522
37669: 0.999522
37670: 0.999522
37671: 0.999522
37672: 0.999522
37673: 0.999522
37674: 0.999522
37675: 0.999522
37676: 0.999522
37677: 0.999522
37678: 0.999522
37679: 0.999522
37680: 0.999522
37681: 0.999522
37682: 0.999522
37683: 0.999522
37684: 0.999522
37685: 0.999522
37686: 0.999522
37687: 0.999522
37688: 0.999522
37689: 0.999522
37690: 0.999522
37691: 0.999522
37692: 0.999522
37693: 0.999522
37694: 0.999522
37695: 0.999522
37696: 0.999523
37697: 0.999523
37698: 0.999523
37699: 0.999523
37700: 0.999523
37701: 0.999523
37702: 0.999523
37703: 0.999523
37704: 0.999523
37705: 0.999523
37706: 0.999523
37707: 0.999523
37708: 0.999523
37709: 0.999523
37710: 0.999523
37711: 0.999523
37712: 0.999523
37713: 0.999523
37714: 0.999523
37715: 0.999523
37716: 0.999523
37717: 0.999523
37718: 0.999523
37719: 0.999523
37720: 0.999523
37721: 0.999523
37722: 0.999523
37723: 0.999523
37724: 0.999523
37725: 0.999523
37726: 0.999523
37727: 0.999523
37728: 0.999523
37729: 0.999523
37730: 0.999523
37731: 0.999523
37732: 0.999523
37733: 0.999523
37734: 0.999523
37735: 0.999523
37736: 0.999523
37737: 0.999523
37738: 0.999523
37739: 0.999523
37740: 0.999523
37741: 0.999523
37742: 0.999523
37743: 0.999523
37744: 0.999523
37745: 0.999523
37746: 0.999523
37747: 0.999523
37748: 0.999523
37749: 0.999523
37750: 0.999523
37751: 0.999523
37752: 0.999523
37753: 0.999523
37754: 0.999523
37755: 0.999523
37756: 0.999523
37757: 0.999523
37758: 0.999523
37759: 0.999523
37760: 0.999523
37761: 0.999523
37762: 0.999523
37763: 0.999523
37764: 0.999523
37765: 0.999523
37766: 0.999523
37767: 0.999523
37768: 0.999523
37769: 0.999523
37770: 0.999523
37771: 0.999523
37772: 0.999523
37773: 0.999523
37774: 0.999523
37775: 0.999524
37776: 0.999524
37777: 0.999524
37778: 0.999524
37779: 0.999524
37780: 0.999524
37781: 0.999524
37782: 0.999524
37783: 0.999524
37784: 0.999524
37785: 0.999524
37786: 0.999524
37787: 0.999524
37788: 0.999524
37789: 0.999524
37790: 0.999524
37791: 0.999524
37792: 0.999524
37793: 0.999524
37794: 0.999524
37795: 0.999524
37796: 0.999524
37797: 0.999524
37798: 0.999524
37799: 0.999524
37800: 0.999524
37801: 0.999524
37802: 0.999524
37803: 0.999524
37804: 0.999524
37805: 0.999524
37806: 0.999524
37807: 0.999524
37808: 0.999524
37809: 0.999524
37810: 0.999524
37811: 0.999524
37812: 0.999524
37813: 0.999524
37814: 0.999524
37815: 0.999524
37816: 0.999524
37817: 0.999524
37818: 0.999524
37819: 0.999524
37820: 0.999524
37821: 0.999524
37822: 0.999524
37823: 0.999524
37824: 0.999524
37825: 0.999524
37826: 0.999524
37827: 0.999524
37828: 0.999524
37829: 0.999524
37830: 0.999524
37831: 0.999524
37832: 0.999524
37833: 0.999524
37834: 0.999524
37835: 0.999524
37836: 0.999524
37837: 0.999524
37838: 0.999524
37839: 0.999524
37840: 0.999524
37841: 0.999524
37842: 0.999524
37843: 0.999524
37844: 0.999524
37845: 0.999524
37846: 0.999524
37847: 0.999524
37848: 0.999524
37849: 0.999524
37850: 0.999524
37851: 0.999524
37852: 0.999524
37853: 0.999524
37854: 0.999525
37855: 0.999525
37856: 0.999525
37857: 0.999525
37858: 0.999525
37859: 0.999525
37860: 0.999525
37861: 0.999525
37862: 0.999525
37863: 0.999525
37864: 0.999525
37865: 0.999525
37866: 0.999525
37867: 0.999525
37868: 0.999525
37869: 0.999525
37870: 0.999525
37871: 0.999525
37872: 0.999525
37873: 0.999525
37874: 0.999525
37875: 0.999525
37876: 0.999525
37877: 0.999525
37878: 0.999525
37879: 0.999525
37880: 0.999525
37881: 0.999525
37882: 0.999525
37883: 0.999525
37884: 0.999525
37885: 0.999525
37886: 0.999525
37887: 0.999525
37888: 0.999525
37889: 0.999525
37890: 0.999525
37891: 0.999525
37892: 0.999525
37893: 0.999525
37894: 0.999525
37895: 0.999525
37896: 0.999525
37897: 0.999525
37898: 0.999525
37899: 0.999525
37900: 0.999525
37901: 0.999525
37902: 0.999525
37903: 0.999525
37904: 0.999525
37905: 0.999525
37906: 0.999525
37907: 0.999525
37908: 0.999525
37909: 0.999525
37910: 0.999525
37911: 0.999525
37912: 0.999525
37913: 0.999525
37914: 0.999525
37915: 0.999525
37916: 0.999525
37917: 0.999525
37918: 0.999525
37919: 0.999525
37920: 0.999525
37921: 0.999525
37922: 0.999525
37923: 0.999525
37924: 0.999525
37925: 0.999525
37926: 0.999525
37927: 0.999525
37928: 0.999525
37929: 0.999525
37930: 0.999525
37931: 0.999525
37932: 0.999525
37933: 0.999525
37934: 0.999526
37935: 0.999526
37936: 0.999526
37937: 0.999526
37938: 0.999526
37939: 0.999526
37940: 0.999526
37941: 0.999526
37942: 0.999526
37943: 0.999526
37944: 0.999526
37945: 0.999526
37946: 0.999526
37947: 0.999526
37948: 0.999526
37949: 0.999526
37950: 0.999526
37951: 0.999526
37952: 0.999526
37953: 0.999526
37954: 0.999526
37955: 0.999526
37956: 0.999526
37957: 0.999526
37958: 0.999526
37959: 0.999526
37960: 0.999526
37961: 0.999526
37962: 0.999526
37963: 0.999526
37964: 0.999526
37965: 0.999526
37966: 0.999526
37967: 0.999526
37968: 0.999526
37969: 0.999526
37970: 0.999526
37971: 0.999526
37972: 0.999526
37973: 0.999526
37974: 0.999526
37975: 0.999526
37976: 0.999526
37977: 0.999526
37978: 0.999526
37979: 0.999526
37980: 0.999526
37981: 0.999526
37982: 0.999526
37983: 0.999526
37984: 0.999526
37985: 0.999526
37986: 0.999526
37987: 0.999526
37988: 0.999526
37989: 0.999526
37990: 0.999526
37991: 0.999526
37992: 0.999526
37993: 0.999526
37994: 0.999526
37995: 0.999526
37996: 0.999526
37997: 0.999526
37998: 0.999526
37999: 0.999526
38000: 0.999526
38001: 0.999526
38002: 0.999526
38003: 0.999526
38004: 0.999526
38005: 0.999526
38006: 0.999526
38007: 0.999526
38008: 0.999526
38009: 0.999526
38010: 0.999526
38011: 0.999526
38012: 0.999526
38013: 0.999526
38014: 0.999527
38015: 0.999527
38016: 0.999527
38017: 0.999527
38018: 0.999527
38019: 0.999527
38020: 0.999527
38021: 0.999527
38022: 0.999527
38023: 0.999527
38024: 0.999527
38025: 0.999527
38026: 0.999527
38027: 0.999527
38028: 0.999527
38029: 0.999527
38030: 0.999527
38031: 0.999527
38032: 0.999527
38033: 0.999527
38034: 0.999527
38035: 0.999527
38036: 0.999527
38037: 0.999527
38038: 0.999527
38039: 0.999527
38040: 0.999527
38041: 0.999527
38042: 0.999527
38043: 0.999527
38044: 0.999527
38045: 0.999527
38046: 0.999527
38047: 0.999527
38048: 0.999527
38049: 0.999527
38050: 0.999527
38051: 0.999527
38052: 0.999527
38053: 0.999527
38054: 0.999527
38055: 0.999527
38056: 0.999527
38057: 0.999527
38058: 0.999527
38059: 0.999527
38060: 0.999527
38061: 0.999527
38062: 0.999527
38063: 0.999527
38064: 0.999527
38065: 0.999527
38066: 0.999527
38067: 0.999527
38068: 0.999527
38069: 0.999527
38070: 0.999527
38071: 0.999527
38072: 0.999527
38073: 0.999527
38074: 0.999527
38075: 0.999527
38076: 0.999527
38077: 0.999527
38078: 0.999527
38079: 0.999527
38080: 0.999527
38081: 0.999527
38082: 0.999527
38083: 0.999527
38084: 0.999527
38085: 0.999527
38086: 0.999527
38087: 0.999527
38088: 0.999527
38089: 0.999527
38090: 0.999527
38091: 0.999527
38092: 0.999527
38093: 0.999527
38094: 0.999527
38095: 0.999528
38096: 0.999528
38097: 0.999528
38098: 0.999528
38099: 0.999528
38100: 0.999528
38101: 0.999528
38102: 0.999528
38103: 0.999528
38104: 0.999528
38105: 0.999528
38106: 0.999528
38107: 0.999528
38108: 0.999528
38109: 0.999528
38110: 0.999528
38111: 0.999528
38112: 0.999528
38113: 0.999528
38114: 0.999528
38115: 0.999528
38116: 0.999528
38117: 0.999528
38118: 0.999528
38119: 0.999528
38120: 0.999528
38121: 0.999528
38122: 0.999528
38123: 0.999528
38124: 0.999528
38125: 0.999528
38126: 0.999528
38127: 0.999528
38128: 0.999528
38129: 0.999528
38130: 0.999528
38131: 0.999528
38132: 0.999528
38133: 0.999528
38134: 0.999528
38135: 0.999528
38136: 0.999528
38137: 0.999528
38138: 0.999528
38139: 0.999528
38140: 0.999528
38141: 0.999528
38142: 0.999528
38143: 0.999528
38144: 0.999528
38145: 0.999528
38146: 0.999528
38147: 0.999528
38148: 0.999528
38149: 0.999528
38150: 0.999528
38151: 0.999528
38152: 0.999528
38153: 0.999528
38154: 0.999528
38155: 0.999528
38156: 0.999528
38157: 0.999528
38158: 0.999528
38159: 0.999528
38160: 0.999528
38161: 0.999528
38162: 0.999528
38163: 0.999528
38164: 0.999528
38165: 0.999528
38166: 0.999528
38167: 0.999528
38168: 0.999528
38169: 0.999528
38170: 0.999528
38171: 0.999528
38172: 0.999528
38173: 0.999528
38174: 0.999528
38175: 0.999528
38176: 0.999529
38177: 0.999529
38178: 0.999529
38179: 0.999529
38180: 0.999529
38181: 0.999529
38182: 0.999529
38183: 0.999529
38184: 0.999529
38185: 0.999529
38186: 0.999529
38187: 0.999529
38188: 0.999529
38189: 0.999529
38190: 0.999529
38191: 0.999529
38192: 0.999529
38193: 0.999529
38194: 0.999529
38195: 0.999529
38196: 0.999529
38197: 0.999529
38198: 0.999529
38199: 0.999529
38200: 0.999529
38201: 0.999529
38202: 0.999529
38203: 0.999529
38204: 0.999529
38205: 0.999529
38206: 0.999529
38207: 0.999529
38208: 0.999529
38209: 0.999529
38210: 0.999529
38211: 0.999529
38212: 0.999529
38213: 0.999529
38214: 0.999529
38215: 0.999529
38216: 0.999529
38217: 0.999529
38218: 0.999529
38219: 0.999529
38220: 0.999529
38221: 0.999529
38222: 0.999529
38223: 0.999529
38224: 0.999529
38225: 0.999529
38226: 0.999529
38227: 0.999529
38228: 0.999529
38229: 0.999529
38230: 0.999529
38231: 0.999529
38232: 0.999529
38233: 0.999529
38234: 0.999529
38235: 0.999529
38236: 0.999529
38237: 0.999529
38238: 0.999529
38239: 0.999529
38240: 0.999529
38241: 0.999529
38242: 0.999529
38243: 0.999529
38244: 0.999529
38245: 0.999529
38246: 0.999529
38247: 0.999529
38248: 0.999529
38249: 0.999529
38250: 0.999529
38251: 0.999529
38252: 0.999529
38253: 0.999529
38254: 0.999529
38255: 0.999529
38256: 0.999529
38257: 0.99953
38258: 0.99953
38259: 0.99953
38260: 0.99953
38261: 0.99953
38262: 0.99953
38263: 0.99953
38264: 0.99953
38265: 0.99953
38266: 0.99953
38267: 0.99953
38268: 0.99953
38269: 0.99953
38270: 0.99953
38271: 0.99953
38272: 0.99953
38273: 0.99953
38274: 0.99953
38275: 0.99953
38276: 0.99953
38277: 0.99953
38278: 0.99953
38279: 0.99953
38280: 0.99953
38281: 0.99953
38282: 0.99953
38283: 0.99953
38284: 0.99953
38285: 0.99953
38286: 0.99953
38287: 0.99953
38288: 0.99953
38289: 0.99953
38290: 0.99953
38291: 0.99953
38292: 0.99953
38293: 0.99953
38294: 0.99953
38295: 0.99953
38296: 0.99953
38297: 0.99953
38298: 0.99953
38299: 0.99953
38300: 0.99953
38301: 0.99953
38302: 0.99953
38303: 0.99953
38304: 0.99953
38305: 0.99953
38306: 0.99953
38307: 0.99953
38308: 0.99953
38309: 0.99953
38310: 0.99953
38311: 0.99953
38312: 0.99953
38313: 0.99953
38314: 0.99953
38315: 0.99953
38316: 0.99953
38317: 0.99953
38318: 0.99953
38319: 0.99953
38320: 0.99953
38321: 0.99953
38322: 0.99953
38323: 0.99953
38324: 0.99953
38325: 0.99953
38326: 0.99953
38327: 0.99953
38328: 0.99953
38329: 0.99953
38330: 0.99953
38331: 0.99953
38332: 0.99953
38333: 0.99953
38334: 0.99953
38335: 0.99953
38336: 0.99953
38337: 0.99953
38338: 0.999531
38339: 0.999531
38340: 0.999531
38341: 0.999531
38342: 0.999531
38343: 0.999531
38344: 0.999531
38345: 0.999531
38346: 0.999531
38347: 0.999531
38348: 0.999531
38349: 0.999531
38350: 0.999531
38351: 0.999531
38352: 0.999531
38353: 0.999531
38354: 0.999531
38355: 0.999531
38356: 0.999531
38357: 0.999531
38358: 0.999531
38359: 0.999531
38360: 0.999531
38361: 0.999531
38362: 0.999531
38363: 0.999531
38364: 0.999531
38365: 0.999531
38366: 0.999531
38367: 0.999531
38368: 0.999531
38369: 0.999531
38370: 0.999531
38371: 0.999531
38372: 0.999531
38373: 0.999531
38374: 0.999531
38375: 0.999531
38376: 0.999531
38377: 0.999531
38378: 0.999531
38379: 0.999531
38380: 0.999531
38381: 0.999531
38382: 0.999531
38383: 0.999531
38384: 0.999531
38385: 0.999531
38386: 0.999531
38387: 0.999531
38388: 0.999531
38389: 0.999531
38390: 0.999531
38391: 0.999531
38392: 0.999531
38393: 0.999531
38394: 0.999531
38395: 0.999531
38396: 0.999531
38397: 0.999531
38398: 0.999531
38399: 0.999531
38400: 0.999531
38401: 0.999531
38402: 0.999531
38403: 0.999531
38404: 0.999531
38405: 0.999531
38406: 0.999531
38407: 0.999531
38408: 0.999531
38409: 0.999531
38410: 0.999531
38411: 0.999531
38412: 0.999531
38413: 0.999531
38414: 0.999531
38415: 0.999531
38416: 0.999531
38417: 0.999531
38418: 0.999531
38419: 0.999531
38420: 0.999532
38421: 0.999532
38422: 0.999532
38423: 0.999532
38424: 0.999532
38425: 0.999532
38426: 0.999532
38427: 0.999532
38428: 0.999532
38429: 0.999532
38430: 0.999532
38431: 0.999532
38432: 0.999532
38433: 0.999532
38434: 0.999532
38435: 0.999532
38436: 0.999532
38437: 0.999532
38438: 0.999532
38439: 0.999532
38440: 0.999532
38441: 0.999532
38442: 0.999532
38443: 0.999532
38444: 0.999532
38445: 0.999532
38446: 0.999532
38447: 0.999532
38448: 0.999532
38449: 0.999532
38450: 0.999532
38451: 0.999532
38452: 0.999532
38453: 0.999532
38454: 0.999532
38455: 0.999532
38456: 0.999532
38457: 0.999532
38458: 0.999532
38459: 0.999532
38460: 0.999532
38461: 0.999532
38462: 0.999532
38463: 0.999532
38464: 0.999532
38465: 0.999532
38466: 0.999532
38467: 0.999532
38468: 0.999532
38469: 0.999532
38470: 0.999532
38471: 0.999532
38472: 0.999532
38473: 0.999532
38474: 0.999532
38475: 0.999532
38476: 0.999532
38477: 0.999532
38478: 0.999532
38479: 0.999532
38480: 0.999532
38481: 0.999532
38482: 0.999532
38483: 0.999532
38484: 0.999532
38485: 0.999532
38486: 0.999532
38487: 0.999532
38488: 0.999532
38489: 0.999532
38490: 0.999532
38491: 0.999532
38492: 0.999532
38493: 0.999532
38494: 0.999532
38495: 0.999532
38496: 0.999532
38497: 0.999532
38498: 0.999532
38499: 0.999532
38500: 0.999532
38501: 0.999532
38502: 0.999533
38503: 0.999533
38504: 0.999533
38505: 0.999533
38506: 0.999533
38507: 0.999533
38508: 0.999533
38509: 0.999533
38510: 0.999533
38511: 0.999533
38512: 0.999533
38513: 0.999533
38514: 0.999533
38515: 0.999533
38516: 0.999533
38517: 0.999533
38518: 0.999533
38519: 0.999533
38520: 0.999533
38521: 0.999533
38522: 0.999533
38523: 0.999533
38524: 0.999533
38525: 0.999533
38526: 0.999533
38527: 0.999533
38528: 0.999533
38529: 0.999533
38530: 0.999533
38531: 0.999533
38532: 0.999533
38533: 0.999533
38534: 0.999533
38535: 0.999533
38536: 0.999533
38537: 0.999533
38538: 0.999533
38539: 0.999533
38540: 0.999533
38541: 0.999533
38542: 0.999533
38543: 0.999533
38544: 0.999533
38545: 0.999533
38546: 0.999533
38547: 0.999533
38548: 0.999533
38549: 0.999533
38550: 0.999533
38551: 0.999533
38552: 0.999533
38553: 0.999533
38554: 0.999533
38555: 0.999533
38556: 0.999533
38557: 0.999533
38558: 0.999533
38559: 0.999533
38560: 0.999533
38561: 0.999533
38562: 0.999533
38563: 0.999533
38564: 0.999533
38565: 0.999533
38566: 0.999533
38567: 0.999533
38568: 0.999533
38569: 0.999533
38570: 0.999533
38571: 0.999533
38572: 0.999533
38573: 0.999533
38574: 0.999533
38575: 0.999533
38576: 0.999533
38577: 0.999533
38578: 0.999533
38579: 0.999533
38580: 0.999533
38581: 0.999533
38582: 0.999533
38583: 0.999533
38584: 0.999533
38585: 0.999534
38586: 0.999534
38587: 0.999534
38588: 0.999534
38589: 0.999534
38590: 0.999534
38591: 0.999534
38592: 0.999534
38593: 0.999534
38594: 0.999534
38595: 0.999534
38596: 0.999534
38597: 0.999534
38598: 0.999534
38599: 0.999534
38600: 0.999534
38601: 0.999534
38602: 0.999534
38603: 0.999534
38604: 0.999534
38605: 0.999534
38606: 0.999534
38607: 0.999534
38608: 0.999534
38609: 0.999534
38610: 0.999534
38611: 0.999534
38612: 0.999534
38613: 0.999534
38614: 0.999534
38615: 0.999534
38616: 0.999534
38617: 0.999534
38618: 0.999534
38619: 0.999534
38620: 0.999534
38621: 0.999534
38622: 0.999534
38623: 0.999534
38624: 0.999534
38625: 0.999534
38626: 0.999534
38627: 0.999534
38628: 0.999534
38629: 0.999534
38630: 0.999534
38631: 0.999534
38632: 0.999534
38633: 0.999534
38634: 0.999534
38635: 0.999534
38636: 0.999534
38637: 0.999534
38638: 0.999534
38639: 0.999534
38640: 0.999534
38641: 0.999534
38642: 0.999534
38643: 0.999534
38644: 0.999534
38645: 0.999534
38646: 0.999534
38647: 0.999534
38648: 0.999534
38649: 0.999534
38650: 0.999534
38651: 0.999534
38652: 0.999534
38653: 0.999534
38654: 0.999534
38655: 0.999534
38656: 0.999534
38657: 0.999534
38658: 0.999534
38659: 0.999534
38660: 0.999534
38661: 0.999534
38662: 0.999534
38663: 0.999534
38664: 0.999534
38665: 0.999534
38666: 0.999534
38667: 0.999534
38668: 0.999535
38669: 0.999535
38670: 0.999535
38671: 0.999535
38672: 0.999535
38673: 0.999535
38674: 0.999535
38675: 0.999535
38676: 0.999535
38677: 0.999535
38678: 0.999535
38679: 0.999535
38680: 0.999535
38681: 0.999535
38682: 0.999535
38683: 0.999535
38684: 0.999535
38685: 0.999535
38686: 0.999535
38687: 0.999535
38688: 0.999535
38689: 0.999535
38690: 0.999535
38691: 0.999535
38692: 0.999535
38693: 0.999535
38694: 0.999535
38695: 0.999535
38696: 0.999535
38697: 0.999535
38698: 0.999535
38699: 0.999535
38700: 0.999535
38701: 0.999535
38702: 0.999535
38703: 0.999535
38704: 0.999535
38705: 0.999535
38706: 0.999535
38707: 0.999535
38708: 0.999535
38709: 0.999535
38710: 0.999535
38711: 0.999535
38712: 0.999535
38713: 0.999535
38714: 0.999535
38715: 0.999535
38716: 0.999535
38717: 0.999535
38718: 0.999535
38719: 0.999535
38720: 0.999535
38721: 0.999535
38722: 0.999535
38723: 0.999535
38724: 0.999535
38725: 0.999535
38726: 0.999535
38727: 0.999535
38728: 0.999535
38729: 0.999535
38730: 0.999535
38731: 0.999535
38732: 0.999535
38733: 0.999535
38734: 0.999535
38735: 0.999535
38736: 0.999535
38737: 0.999535
38738: 0.999535
38739: 0.999535
38740: 0.999535
38741: 0.999535
38742: 0.999535
38743: 0.999535
38744: 0.999535
38745: 0.999535
38746: 0.999535
38747: 0.999535
38748: 0.999535
38749: 0.999535
38750: 0.999535
38751: 0.999536
38752: 0.999536
38753: 0.999536
38754: 0.999536
38755: 0.999536
38756: 0.999536
38757: 0.999536
38758: 0.999536
38759: 0.999536
38760: 0.999536
38761: 0.999536
38762: 0.999536
38763: 0.999536
38764: 0.999536
38765: 0.999536
38766: 0.999536
38767: 0.999536
38768: 0.999536
38769: 0.999536
38770: 0.999536
38771: 0.999536
38772: 0.999536
38773: 0.999536
38774: 0.999536
38775: 0.999536
38776: 0.999536
38777: 0.999536
38778: 0.999536
38779: 0.999536
38780: 0.999536
38781: 0.999536
38782: 0.999536
38783: 0.999536
38784: 0.999536
38785: 0.999536
38786: 0.999536
38787: 0.999536
38788: 0.999536
38789: 0.999536
38790: 0.999536
38791: 0.999536
38792: 0.999536
38793: 0.999536
38794: 0.999536
38795: 0.999536
38796: 0.999536
38797: 0.999536
38798: 0.999536
38799: 0.999536
38800: 0.999536
38801: 0.999536
38802: 0.999536
38803: 0.999536
38804: 0.999536
38805: 0.999536
38806: 0.999536
38807: 0.999536
38808: 0.999536
38809: 0.999536
38810: 0.999536
38811: 0.999536
38812: 0.999536
38813: 0.999536
38814: 0.999536
38815: 0.999536
38816: 0.999536
38817: 0.999536
38818: 0.999536
38819: 0.999536
38820: 0.999536
38821: 0.999536
38822: 0.999536
38823: 0.999536
38824: 0.999536
38825: 0.999536
38826: 0.999536
38827: 0.999536
38828: 0.999536
38829: 0.999536
38830: 0.999536
38831: 0.999536
38832: 0.999536
38833: 0.999536
38834: 0.999537
38835: 0.999537
38836: 0.999537
38837: 0.999537
38838: 0.999537
38839: 0.999537
38840: 0.999537
38841: 0.999537
38842: 0.999537
38843: 0.999537
38844: 0.999537
38845: 0.999537
38846: 0.999537
38847: 0.999537
38848: 0.999537
38849: 0.999537
38850: 0.999537
38851: 0.999537
38852: 0.999537
38853: 0.999537
38854: 0.999537
38855: 0.999537
38856: 0.999537
38857: 0.999537
38858: 0.999537
38859: 0.999537
38860: 0.999537
38861: 0.999537
38862: 0.999537
38863: 0.999537
38864: 0.999537
38865: 0.999537
38866: 0.999537
38867: 0.999537
38868: 0.999537
38869: 0.999537
38870: 0.999537
38871: 0.999537
38872: 0.999537
38873: 0.999537
38874: 0.999537
38875: 0.999537
38876: 0.999537
38877: 0.999537
38878: 0.999537
38879: 0.999537
38880: 0.999537
38881: 0.999537
38882: 0.999537
38883: 0.999537
38884: 0.999537
38885: 0.999537
38886: 0.999537
38887: 0.999537
38888: 0.999537
38889: 0.999537
38890: 0.999537
38891: 0.999537
38892: 0.999537
38893: 0.999537
38894: 0.999537
38895: 0.999537
38896: 0.999537
38897: 0.999537
38898: 0.999537
38899: 0.999537
38900: 0.999537
38901: 0.999537
38902: 0.999537
38903: 0.999537
38904: 0.999537
38905: 0.999537
38906: 0.999537
38907: 0.999537
38908: 0.999537
38909: 0.999537
38910: 0.999537
38911: 0.999537
38912: 0.999537
38913: 0.999537
38914: 0.999537
38915: 0.999537
38916: 0.999537
38917: 0.999537
38918: 0.999538
38919: 0.999538
38920: 0.999538
38921: 0.999538
38922: 0.999538
38923: 0.999538
38924: 0.999538
38925: 0.999538
38926: 0.999538
38927: 0.999538
38928: 0.999538
38929: 0.999538
38930: 0.999538
38931: 0.999538
38932: 0.999538
38933: 0.999538
38934: 0.999538
38935: 0.999538
38936: 0.999538
38937: 0.999538
38938: 0.999538
38939: 0.999538
38940: 0.999538
38941: 0.999538
38942: 0.999538
38943: 0.999538
38944: 0.999538
38945: 0.999538
38946: 0.999538
38947: 0.999538
38948: 0.999538
38949: 0.999538
38950: 0.999538
38951: 0.999538
38952: 0.999538
38953: 0.999538
38954: 0.999538
38955: 0.999538
38956: 0.999538
38957: 0.999538
38958: 0.999538
38959: 0.999538
38960: 0.999538
38961: 0.999538
38962: 0.999538
38963: 0.999538
38964: 0.999538
38965: 0.999538
38966: 0.999538
38967: 0.999538
38968: 0.999538
38969: 0.999538
38970: 0.999538
38971: 0.999538
38972: 0.999538
38973: 0.999538
38974: 0.999538
38975: 0.999538
38976: 0.999538
38977: 0.999538
38978: 0.999538
38979: 0.999538
38980: 0.999538
38981: 0.999538
38982: 0.999538
38983: 0.999538
38984: 0.999538
38985: 0.999538
38986: 0.999538
38987: 0.999538
38988: 0.999538
38989: 0.999538
38990: 0.999538
38991: 0.999538
38992: 0.999538
38993: 0.999538
38994: 0.999538
38995: 0.999538
38996: 0.999538
38997: 0.999538
38998: 0.999538
38999: 0.999538
39000: 0.999538
39001: 0.999538
39002: 0.999538
39003: 0.999539
39004: 0.999539
39005: 0.999539
39006: 0.999539
39007: 0.999539
39008: 0.999539
39009: 0.999539
39010: 0.999539
39011: 0.999539
39012: 0.999539
39013: 0.999539
39014: 0.999539
39015: 0.999539
39016: 0.999539
39017: 0.999539
39018: 0.999539
39019: 0.999539
39020: 0.999539
39021: 0.999539
39022: 0.999539
39023: 0.999539
39024: 0.999539
39025: 0.999539
39026: 0.999539
39027: 0.999539
39028: 0.999539
39029: 0.999539
39030: 0.999539
39031: 0.999539
39032: 0.999539
39033: 0.999539
39034: 0.999539
39035: 0.999539
39036: 0.999539
39037: 0.999539
39038: 0.999539
39039: 0.999539
39040: 0.999539
39041: 0.999539
39042: 0.999539
39043: 0.999539
39044: 0.999539
39045: 0.999539
39046: 0.999539
39047: 0.999539
39048: 0.999539
39049: 0.999539
39050: 0.999539
39051: 0.999539
39052: 0.999539
39053: 0.999539
39054: 0.999539
39055: 0.999539
39056: 0.999539
39057: 0.999539
39058: 0.999539
39059: 0.999539
39060: 0.999539
39061: 0.999539
39062: 0.999539
39063: 0.999539
39064: 0.999539
39065: 0.999539
39066: 0.999539
39067: 0.999539
39068: 0.999539
39069: 0.999539
39070: 0.999539
39071: 0.999539
39072: 0.999539
39073: 0.999539
39074: 0.999539
39075: 0.999539
39076: 0.999539
39077: 0.999539
39078: 0.999539
39079: 0.999539
39080: 0.999539
39081: 0.999539
39082: 0.999539
39083: 0.999539
39084: 0.999539
39085: 0.999539
39086: 0.999539
39087: 0.99954
39088: 0.99954
39089: 0.99954
39090: 0.99954
39091: 0.99954
39092: 0.99954
39093: 0.99954
39094: 0.99954
39095: 0.99954
39096: 0.99954
39097: 0.99954
39098: 0.99954
39099: 0.99954
39100: 0.99954
39101: 0.99954
39102: 0.99954
39103: 0.99954
39104: 0.99954
39105: 0.99954
39106: 0.99954
39107: 0.99954
39108: 0.99954
39109: 0.99954
39110: 0.99954
39111: 0.99954
39112: 0.99954
39113: 0.99954
39114: 0.99954
39115: 0.99954
39116: 0.99954
39117: 0.99954
39118: 0.99954
39119: 0.99954
39120: 0.99954
39121: 0.99954
39122: 0.99954
39123: 0.99954
39124: 0.99954
39125: 0.99954
39126: 0.99954
39127: 0.99954
39128: 0.99954
39129: 0.99954
39130: 0.99954
39131: 0.99954
39132: 0.99954
39133: 0.99954
39134: 0.99954
39135: 0.99954
39136: 0.99954
39137: 0.99954
39138: 0.99954
39139: 0.99954
39140: 0.99954
39141: 0.99954
39142: 0.99954
39143: 0.99954
39144: 0.99954
39145: 0.99954
39146: 0.99954
39147: 0.99954
39148: 0.99954
39149: 0.99954
39150: 0.99954
39151: 0.99954
39152: 0.99954
39153: 0.99954
39154: 0.99954
39155: 0.99954
39156: 0.99954
39157: 0.99954
39158: 0.99954
39159: 0.99954
39160: 0.99954
39161: 0.99954
39162: 0.99954
39163: 0.99954
39164: 0.99954
39165: 0.99954
39166: 0.99954
39167: 0.99954
39168: 0.99954
39169: 0.99954
39170: 0.99954
39171: 0.99954
39172: 0.99954
39173: 0.999541
39174: 0.999541
39175: 0.999541
39176: 0.999541
39177: 0.999541
39178: 0.999541
39179: 0.999541
39180: 0.999541
39181: 0.999541
39182: 0.999541
39183: 0.999541
39184: 0.999541
39185: 0.999541
39186: 0.999541
39187: 0.999541
39188: 0.999541
39189: 0.999541
39190: 0.999541
39191: 0.999541
39192: 0.999541
39193: 0.999541
39194: 0.999541
39195: 0.999541
39196: 0.999541
39197: 0.999541
39198: 0.999541
39199: 0.999541
39200: 0.999541
39201: 0.999541
39202: 0.999541
39203: 0.999541
39204: 0.999541
39205: 0.999541
39206: 0.999541
39207: 0.999541
39208: 0.999541
39209: 0.999541
39210: 0.999541
39211: 0.999541
39212: 0.999541
39213: 0.999541
39214: 0.999541
39215: 0.999541
39216: 0.999541
39217: 0.999541
39218: 0.999541
39219: 0.999541
39220: 0.999541
39221: 0.999541
39222: 0.999541
39223: 0.999541
39224: 0.999541
39225: 0.999541
39226: 0.999541
39227: 0.999541
39228: 0.999541
39229: 0.999541
39230: 0.999541
39231: 0.999541
39232: 0.999541
39233: 0.999541
39234: 0.999541
39235: 0.999541
39236: 0.999541
39237: 0.999541
39238: 0.999541
39239: 0.999541
39240: 0.999541
39241: 0.999541
39242: 0.999541
39243: 0.999541
39244: 0.999541
39245: 0.999541
39246: 0.999541
39247: 0.999541
39248: 0.999541
39249: 0.999541
39250: 0.999541
39251: 0.999541
39252: 0.999541
39253: 0.999541
39254: 0.999541
39255: 0.999541
39256: 0.999541
39257: 0.999541
39258: 0.999542
39259: 0.999542
39260: 0.999542
39261: 0.999542
39262: 0.999542
39263: 0.999542
39264: 0.999542
39265: 0.999542
39266: 0.999542
39267: 0.999542
39268: 0.999542
39269: 0.999542
39270: 0.999542
39271: 0.999542
39272: 0.999542
39273: 0.999542
39274: 0.999542
39275: 0.999542
39276: 0.999542
39277: 0.999542
39278: 0.999542
39279: 0.999542
39280: 0.999542
39281: 0.999542
39282: 0.999542
39283: 0.999542
39284: 0.999542
39285: 0.999542
39286: 0.999542
39287: 0.999542
39288: 0.999542
39289: 0.999542
39290: 0.999542
39291: 0.999542
39292: 0.999542
39293: 0.999542
39294: 0.999542
39295: 0.999542
39296: 0.999542
39297: 0.999542
39298: 0.999542
39299: 0.999542
39300: 0.999542
39301: 0.999542
39302: 0.999542
39303: 0.999542
39304: 0.999542
39305: 0.999542
39306: 0.999542
39307: 0.999542
39308: 0.999542
39309: 0.999542
39310: 0.999542
39311: 0.999542
39312: 0.999542
39313: 0.999542
39314: 0.999542
39315: 0.999542
39316: 0.999542
39317: 0.999542
39318: 0.999542
39319: 0.999542
39320: 0.999542
39321: 0.999542
39322: 0.999542
39323: 0.999542
39324: 0.999542
39325: 0.999542
39326: 0.999542
39327: 0.999542
39328: 0.999542
39329: 0.999542
39330: 0.999542
39331: 0.999542
39332: 0.999542
39333: 0.999542
39334: 0.999542
39335: 0.999542
39336: 0.999542
39337: 0.999542
39338: 0.999542
39339: 0.999542
39340: 0.999542
39341: 0.999542
39342: 0.999542
39343: 0.999542
39344: 0.999543
39345: 0.999543
39346: 0.999543
39347: 0.999543
39348: 0.999543
39349: 0.999543
39350: 0.999543
39351: 0.999543
39352: 0.999543
39353: 0.999543
39354: 0.999543
39355: 0.999543
39356: 0.999543
39357: 0.999543
39358: 0.999543
39359: 0.999543
39360: 0.999543
39361: 0.999543
39362: 0.999543
39363: 0.999543
39364: 0.999543
39365: 0.999543
39366: 0.999543
39367: 0.999543
39368: 0.999543
39369: 0.999543
39370: 0.999543
39371: 0.999543
39372: 0.999543
39373: 0.999543
39374: 0.999543
39375: 0.999543
39376: 0.999543
39377: 0.999543
39378: 0.999543
39379: 0.999543
39380: 0.999543
39381: 0.999543
39382: 0.999543
39383: 0.999543
39384: 0.999543
39385: 0.999543
39386: 0.999543
39387: 0.999543
39388: 0.999543
39389: 0.999543
39390: 0.999543
39391: 0.999543
39392: 0.999543
39393: 0.999543
39394: 0.999543
39395: 0.999543
39396: 0.999543
39397: 0.999543
39398: 0.999543
39399: 0.999543
39400: 0.999543
39401: 0.999543
39402: 0.999543
39403: 0.999543
39404: 0.999543
39405: 0.999543
39406: 0.999543
39407: 0.999543
39408: 0.999543
39409: 0.999543
39410: 0.999543
39411: 0.999543
39412: 0.999543
39413: 0.999543
39414: 0.999543
39415: 0.999543
39416: 0.999543
39417: 0.999543
39418: 0.999543
39419: 0.999543
39420: 0.999543
39421: 0.999543
39422: 0.999543
39423: 0.999543
39424: 0.999543
39425: 0.999543
39426: 0.999543
39427: 0.999543
39428: 0.999543
39429: 0.999543
39430: 0.999544
39431: 0.999544
39432: 0.999544
39433: 0.999544
39434: 0.999544
39435: 0.999544
39436: 0.999544
39437: 0.999544
39438: 0.999544
39439: 0.999544
39440: 0.999544
39441: 0.999544
39442: 0.999544
39443: 0.999544
39444: 0.999544
39445: 0.999544
39446: 0.999544
39447: 0.999544
39448: 0.999544
39449: 0.999544
39450: 0.999544
39451: 0.999544
39452: 0.999544
39453: 0.999544
39454: 0.999544
39455: 0.999544
39456: 0.999544
39457: 0.999544
39458: 0.999544
39459: 0.999544
39460: 0.999544
39461: 0.999544
39462: 0.999544
39463: 0.999544
39464: 0.999544
39465: 0.999544
39466: 0.999544
39467: 0.999544
39468: 0.999544
39469: 0.999544
39470: 0.999544
39471: 0.999544
39472: 0.999544
39473: 0.999544
39474: 0.999544
39475: 0.999544
39476: 0.999544
39477: 0.999544
39478: 0.999544
39479: 0.999544
39480: 0.999544
39481: 0.999544
39482: 0.999544
39483: 0.999544
39484: 0.999544
39485: 0.999544
39486: 0.999544
39487: 0.999544
39488: 0.999544
39489: 0.999544
39490: 0.999544
39491: 0.999544
39492: 0.999544
39493: 0.999544
39494: 0.999544
39495: 0.999544
39496: 0.999544
39497: 0.999544
39498: 0.999544
39499: 0.999544
39500: 0.999544
39501: 0.999544
39502: 0.999544
39503: 0.999544
39504: 0.999544
39505: 0.999544
39506: 0.999544
39507: 0.999544
39508: 0.999544
39509: 0.999544
39510: 0.999544
39511: 0.999544
39512: 0.999544
39513: 0.999544
39514: 0.999544
39515: 0.999544
39516: 0.999544
39517: 0.999545
39518: 0.999545
39519: 0.999545
39520: 0.999545
39521: 0.999545
39522: 0.999545
39523: 0.999545
39524: 0.999545
39525: 0.999545
39526: 0.999545
39527: 0.999545
39528: 0.999545
39529: 0.999545
39530: 0.999545
39531: 0.999545
39532: 0.999545
39533: 0.999545
39534: 0.999545
39535: 0.999545
39536: 0.999545
39537: 0.999545
39538: 0.999545
39539: 0.999545
39540: 0.999545
39541: 0.999545
39542: 0.999545
39543: 0.999545
39544: 0.999545
39545: 0.999545
39546: 0.999545
39547: 0.999545
39548: 0.999545
39549: 0.999545
39550: 0.999545
39551: 0.999545
39552: 0.999545
39553: 0.999545
39554: 0.999545
39555: 0.999545
39556: 0.999545
39557: 0.999545
39558: 0.999545
39559: 0.999545
39560: 0.999545
39561: 0.999545
39562: 0.999545
39563: 0.999545
39564: 0.999545
39565: 0.999545
39566: 0.999545
39567: 0.999545
39568: 0.999545
39569: 0.999545
39570: 0.999545
39571: 0.999545
39572: 0.999545
39573: 0.999545
39574: 0.999545
39575: 0.999545
39576: 0.999545
39577: 0.999545
39578: 0.999545
39579: 0.999545
39580: 0.999545
39581: 0.999545
39582: 0.999545
39583: 0.999545
39584: 0.999545
39585: 0.999545
39586: 0.999545
39587: 0.999545
39588: 0.999545
39589: 0.999545
39590: 0.999545
39591: 0.999545
39592: 0.999545
39593: 0.999545
39594: 0.999545
39595: 0.999545
39596: 0.999545
39597: 0.999545
39598: 0.999545
39599: 0.999545
39600: 0.999545
39601: 0.999545
39602: 0.999545
39603: 0.999546
39604: 0.999546
39605: 0.999546
39606: 0.999546
39607: 0.999546
39608: 0.999546
39609: 0.999546
39610: 0.999546
39611: 0.999546
39612: 0.999546
39613: 0.999546
39614: 0.999546
39615: 0.999546
39616: 0.999546
39617: 0.999546
39618: 0.999546
39619: 0.999546
39620: 0.999546
39621: 0.999546
39622: 0.999546
39623: 0.999546
39624: 0.999546
39625: 0.999546
39626: 0.999546
39627: 0.999546
39628: 0.999546
39629: 0.999546
39630: 0.999546
39631: 0.999546
39632: 0.999546
39633: 0.999546
39634: 0.999546
39635: 0.999546
39636: 0.999546
39637: 0.999546
39638: 0.999546
39639: 0.999546
39640: 0.999546
39641: 0.999546
39642: 0.999546
39643: 0.999546
39644: 0.999546
39645: 0.999546
39646: 0.999546
39647: 0.999546
39648: 0.999546
39649: 0.999546
39650: 0.999546
39651: 0.999546
39652: 0.999546
39653: 0.999546
39654: 0.999546
39655: 0.999546
39656: 0.999546
39657: 0.999546
39658: 0.999546
39659: 0.999546
39660: 0.999546
39661: 0.999546
39662: 0.999546
39663: 0.999546
39664: 0.999546
39665: 0.999546
39666: 0.999546
39667: 0.999546
39668: 0.999546
39669: 0.999546
39670: 0.999546
39671: 0.999546
39672: 0.999546
39673: 0.999546
39674: 0.999546
39675: 0.999546
39676: 0.999546
39677: 0.999546
39678: 0.999546
39679: 0.999546
39680: 0.999546
39681: 0.999546
39682: 0.999546
39683: 0.999546
39684: 0.999546
39685: 0.999546
39686: 0.999546
39687: 0.999546
39688: 0.999546
39689: 0.999546
39690: 0.999546
39691: 0.999547
39692: 0.999547
39693: 0.999547
39694: 0.999547
39695: 0.999547
39696: 0.999547
39697: 0.999547
39698: 0.999547
39699: 0.999547
39700: 0.999547
39701: 0.999547
39702: 0.999547
39703: 0.999547
39704: 0.999547
39705: 0.999547
39706: 0.999547
39707: 0.999547
39708: 0.999547
39709: 0.999547
39710: 0.999547
39711: 0.999547
39712: 0.999547
39713: 0.999547
39714: 0.999547
39715: 0.999547
39716: 0.999547
39717: 0.999547
39718: 0.999547
39719: 0.999547
39720: 0.999547
39721: 0.999547
39722: 0.999547
39723: 0.999547
39724: 0.999547
39725: 0.999547
39726: 0.999547
39727: 0.999547
39728: 0.999547
39729: 0.999547
39730: 0.999547
39731: 0.999547
39732: 0.999547
39733: 0.999547
39734: 0.999547
39735: 0.999547
39736: 0.999547
39737: 0.999547
39738: 0.999547
39739: 0.999547
39740: 0.999547
39741: 0.999547
39742: 0.999547
39743: 0.999547
39744: 0.999547
39745: 0.999547
39746: 0.999547
39747: 0.999547
39748: 0.999547
39749: 0.999547
39750: 0.999547
39751: 0.999547
39752: 0.999547
39753: 0.999547
39754: 0.999547
39755: 0.999547
39756: 0.999547
39757: 0.999547
39758: 0.999547
39759: 0.999547
39760: 0.999547
39761: 0.999547
39762: 0.999547
39763: 0.999547
39764: 0.999547
39765: 0.999547
39766: 0.999547
39767: 0.999547
39768: 0.999547
39769: 0.999547
39770: 0.999547
39771: 0.999547
39772: 0.999547
39773: 0.999547
39774: 0.999547
39775: 0.999547
39776: 0.999547
39777: 0.999547
39778: 0.999547
39779: 0.999548
39780: 0.999548
39781: 0.999548
39782: 0.999548
39783: 0.999548
39784: 0.999548
39785: 0.999548
39786: 0.999548
39787: 0.999548
39788: 0.999548
39789: 0.999548
39790: 0.999548
39791: 0.999548
39792: 0.999548
39793: 0.999548
39794: 0.999548
39795: 0.999548
39796: 0.999548
39797: 0.999548
39798: 0.999548
39799: 0.999548
39800: 0.999548
39801: 0.999548
39802: 0.999548
39803: 0.999548
39804: 0.999548
39805: 0.999548
39806: 0.999548
39807: 0.999548
39808: 0.999548
39809: 0.999548
39810: 0.999548
39811: 0.999548
39812: 0.999548
39813: 0.999548
39814: 0.999548
39815: 0.999548
39816: 0.999548
39817: 0.999548
39818: 0.999548
39819: 0.999548
39820: 0.999548
39821: 0.999548
39822: 0.999548
39823: 0.999548
39824: 0.999548
39825: 0.999548
39826: 0.999548
39827: 0.999548
39828: 0.999548
39829: 0.999548
39830: 0.999548
39831: 0.999548
39832: 0.999548
39833: 0.999548
39834: 0.999548
39835: 0.999548
39836: 0.999548
39837: 0.999548
39838: 0.999548
39839: 0.999548
39840: 0.999548
39841: 0.999548
39842: 0.999548
39843: 0.999548
39844: 0.999548
39845: 0.999548
39846: 0.999548
39847: 0.999548
39848: 0.999548
39849: 0.999548
39850: 0.999548
39851: 0.999548
39852: 0.999548
39853: 0.999548
39854: 0.999548
39855: 0.999548
39856: 0.999548
39857: 0.999548
39858: 0.999548
39859: 0.999548
39860: 0.999548
39861: 0.999548
39862: 0.999548
39863: 0.999548
39864: 0.999548
39865: 0.999548
39866: 0.999548
39867: 0.999549
39868: 0.999549
39869: 0.999549
39870: 0.999549
39871: 0.999549
39872: 0.999549
39873: 0.999549
39874: 0.999549
39875: 0.999549
39876: 0.999549
39877: 0.999549
39878: 0.999549
39879: 0.999549
39880: 0.999549
39881: 0.999549
39882: 0.999549
39883: 0.999549
39884: 0.999549
39885: 0.999549
39886: 0.999549
39887: 0.999549
39888: 0.999549
39889: 0.999549
39890: 0.999549
39891: 0.999549
39892: 0.999549
39893: 0.999549
39894: 0.999549
39895: 0.999549
39896: 0.999549
39897: 0.999549
39898: 0.999549
39899: 0.999549
39900: 0.999549
39901: 0.999549
39902: 0.999549
39903: 0.999549
39904: 0.999549
39905: 0.999549
39906: 0.999549
39907: 0.999549
39908: 0.999549
39909: 0.999549
39910: 0.999549
39911: 0.999549
39912: 0.999549
39913: 0.999549
39914: 0.999549
39915: 0.999549
39916: 0.999549
39917: 0.999549
39918: 0.999549
39919: 0.999549
39920: 0.999549
39921: 0.999549
39922: 0.999549
39923: 0.999549
39924: 0.999549
39925: 0.999549
39926: 0.999549
39927: 0.999549
39928: 0.999549
39929: 0.999549
39930: 0.999549
39931: 0.999549
39932: 0.999549
39933: 0.999549
39934: 0.999549
39935: 0.999549
39936: 0.999549
39937: 0.999549
39938: 0.999549
39939: 0.999549
39940: 0.999549
39941: 0.999549
39942: 0.999549
39943: 0.999549
39944: 0.999549
39945: 0.999549
39946: 0.999549
39947: 0.999549
39948: 0.999549
39949: 0.999549
39950: 0.999549
39951: 0.999549
39952: 0.999549
39953: 0.999549
39954: 0.999549
39955: 0.99955
39956: 0.99955
39957: 0.99955
39958: 0.99955
39959: 0.99955
39960: 0.99955
39961: 0.99955
39962: 0.99955
39963: 0.99955
39964: 0.99955
39965: 0.99955
39966: 0.99955
39967: 0.99955
39968: 0.99955
39969: 0.99955
39970: 0.99955
39971: 0.99955
39972: 0.99955
39973: 0.99955
39974: 0.99955
39975: 0.99955
39976: 0.99955
39977: 0.99955
39978: 0.99955
39979: 0.99955
39980: 0.99955
39981: 0.99955
39982: 0.99955
39983: 0.99955
39984: 0.99955
39985: 0.99955
39986: 0.99955
39987: 0.99955
39988: 0.99955
39989: 0.99955
39990: 0.99955
39991: 0.99955
39992: 0.99955
39993: 0.99955
39994: 0.99955
39995: 0.99955
39996: 0.99955
39997: 0.99955
39998: 0.99955
39999: 0.99955
40000: 0.99955
40001: 0.99955
40002: 0.99955
40003: 0.99955
40004: 0.99955
40005: 0.99955
40006: 0.99955
40007: 0.99955
40008: 0.99955
40009: 0.99955
40010: 0.99955
40011: 0.99955
40012: 0.99955
40013: 0.99955
40014: 0.99955
40015: 0.99955
40016: 0.99955
40017: 0.99955
40018: 0.99955
40019: 0.99955
40020: 0.99955
40021: 0.99955
40022: 0.99955
40023: 0.99955
40024: 0.99955
40025: 0.99955
40026: 0.99955
40027: 0.99955
40028: 0.99955
40029: 0.99955
40030: 0.99955
40031: 0.99955
40032: 0.99955
40033: 0.99955
40034: 0.99955
40035: 0.99955
40036: 0.99955
40037: 0.99955
40038: 0.99955
40039: 0.99955
40040: 0.99955
40041: 0.99955
40042: 0.99955
40043: 0.99955
40044: 0.999551
40045: 0.999551
40046: 0.999551
40047: 0.999551
40048: 0.999551
40049: 0.999551
40050: 0.999551
40051: 0.999551
40052: 0.999551
40053: 0.999551
40054: 0.999551
40055: 0.999551
40056: 0.999551
40057: 0.999551
40058: 0.999551
40059: 0.999551
40060: 0.999551
40061: 0.999551
40062: 0.999551
40063: 0.999551
40064: 0.999551
40065: 0.999551
40066: 0.999551
40067: 0.999551
40068: 0.999551
40069: 0.999551
40070: 0.999551
40071: 0.999551
40072: 0.999551
40073: 0.999551
40074: 0.999551
40075: 0.999551
40076: 0.999551
40077: 0.999551
40078: 0.999551
40079: 0.999551
40080: 0.999551
40081: 0.999551
40082: 0.999551
40083: 0.999551
40084: 0.999551
40085: 0.999551
40086: 0.999551
40087: 0.999551
40088: 0.999551
40089: 0.999551
40090: 0.999551
40091: 0.999551
40092: 0.999551
40093: 0.999551
40094: 0.999551
40095: 0.999551
40096: 0.999551
40097: 0.999551
40098: 0.999551
40099: 0.999551
40100: 0.999551
40101: 0.999551
40102: 0.999551
40103: 0.999551
40104: 0.999551
40105: 0.999551
40106: 0.999551
40107: 0.999551
40108: 0.999551
40109: 0.999551
40110: 0.999551
40111: 0.999551
40112: 0.999551
40113: 0.999551
40114: 0.999551
40115: 0.999551
40116: 0.999551
40117: 0.999551
40118: 0.999551
40119: 0.999551
40120: 0.999551
40121: 0.999551
40122: 0.999551
40123: 0.999551
40124: 0.999551
40125: 0.999551
40126: 0.999551
40127: 0.999551
40128: 0.999551
40129: 0.999551
40130: 0.999551
40131: 0.999551
40132: 0.999551
40133: 0.999552
40134: 0.999552
40135: 0.999552
40136: 0.999552
40137: 0.999552
40138: 0.999552
40139: 0.999552
40140: 0.999552
40141: 0.999552
40142: 0.999552
40143: 0.999552
40144: 0.999552
40145: 0.999552
40146: 0.999552
40147: 0.999552
40148: 0.999552
40149: 0.999552
40150: 0.999552
40151: 0.999552
40152: 0.999552
40153: 0.999552
40154: 0.999552
40155: 0.999552
40156: 0.999552
40157: 0.999552
40158: 0.999552
40159: 0.999552
40160: 0.999552
40161: 0.999552
40162: 0.999552
40163: 0.999552
40164: 0.999552
40165: 0.999552
40166: 0.999552
40167: 0.999552
40168: 0.999552
40169: 0.999552
40170: 0.999552
40171: 0.999552
40172: 0.999552
40173: 0.999552
40174: 0.999552
40175: 0.999552
40176: 0.999552
40177: 0.999552
40178: 0.999552
40179: 0.999552
40180: 0.999552
40181: 0.999552
40182: 0.999552
40183: 0.999552
40184: 0.999552
40185: 0.999552
40186: 0.999552
40187: 0.999552
40188: 0.999552
40189: 0.999552
40190: 0.999552
40191: 0.999552
40192: 0.999552
40193: 0.999552
40194: 0.999552
40195: 0.999552
40196: 0.999552
40197: 0.999552
40198: 0.999552
40199: 0.999552
40200: 0.999552
40201: 0.999552
40202: 0.999552
40203: 0.999552
40204: 0.999552
40205: 0.999552
40206: 0.999552
40207: 0.999552
40208: 0.999552
40209: 0.999552
40210: 0.999552
40211: 0.999552
40212: 0.999552
40213: 0.999552
40214: 0.999552
40215: 0.999552
40216: 0.999552
40217: 0.999552
40218: 0.999552
40219: 0.999552
40220: 0.999552
40221: 0.999552
40222: 0.999552
40223: 0.999553
40224: 0.999553
40225: 0.999553
40226: 0.999553
40227: 0.999553
40228: 0.999553
40229: 0.999553
40230: 0.999553
40231: 0.999553
40232: 0.999553
40233: 0.999553
40234: 0.999553
40235: 0.999553
40236: 0.999553
40237: 0.999553
40238: 0.999553
40239: 0.999553
40240: 0.999553
40241: 0.999553
40242: 0.999553
40243: 0.999553
40244: 0.999553
40245: 0.999553
40246: 0.999553
40247: 0.999553
40248: 0.999553
40249: 0.999553
40250: 0.999553
40251: 0.999553
40252: 0.999553
40253: 0.999553
40254: 0.999553
40255: 0.999553
40256: 0.999553
40257: 0.999553
40258: 0.999553
40259: 0.999553
40260: 0.999553
40261: 0.999553
40262: 0.999553
40263: 0.999553
40264: 0.999553
40265: 0.999553
40266: 0.999553
40267: 0.999553
40268: 0.999553
40269: 0.999553
40270: 0.999553
40271: 0.999553
40272: 0.999553
40273: 0.999553
40274: 0.999553
40275: 0.999553
40276: 0.999553
40277: 0.999553
40278: 0.999553
40279: 0.999553
40280: 0.999553
40281: 0.999553
40282: 0.999553
40283: 0.999553
40284: 0.999553
40285: 0.999553
40286: 0.999553
40287: 0.999553
40288: 0.999553
40289: 0.999553
40290: 0.999553
40291: 0.999553
40292: 0.999553
40293: 0.999553
40294: 0.999553
40295: 0.999553
40296: 0.999553
40297: 0.999553
40298: 0.999553
40299: 0.999553
40300: 0.999553
40301: 0.999553
40302: 0.999553
40303: 0.999553
40304: 0.999553
40305: 0.999553
40306: 0.999553
40307: 0.999553
40308: 0.999553
40309: 0.999553
40310: 0.999553
40311: 0.999553
40312: 0.999553
40313: 0.999554
40314: 0.999554
40315: 0.999554
40316: 0.999554
40317: 0.999554
40318: 0.999554
40319: 0.999554
40320: 0.999554
40321: 0.999554
40322: 0.999554
40323: 0.999554
40324: 0.999554
40325: 0.999554
40326: 0.999554
40327: 0.999554
40328: 0.999554
40329: 0.999554
40330: 0.999554
40331: 0.999554
40332: 0.999554
40333: 0.999554
40334: 0.999554
40335: 0.999554
40336: 0.999554
40337: 0.999554
40338: 0.999554
40339: 0.999554
40340: 0.999554
40341: 0.999554
40342: 0.999554
40343: 0.999554
40344: 0.999554
40345: 0.999554
40346: 0.999554
40347: 0.999554
40348: 0.999554
40349: 0.999554
40350: 0.999554
40351: 0.999554
40352: 0.999554
40353: 0.999554
40354: 0.999554
40355: 0.999554
40356: 0.999554
40357: 0.999554
40358: 0.999554
40359: 0.999554
40360: 0.999554
40361: 0.999554
40362: 0.999554
40363: 0.999554
40364: 0.999554
40365: 0.999554
40366: 0.999554
40367: 0.999554
40368: 0.999554
40369: 0.999554
40370: 0.999554
40371: 0.999554
40372: 0.999554
40373: 0.999554
40374: 0.999554
40375: 0.999554
40376: 0.999554
40377: 0.999554
40378: 0.999554
40379: 0.999554
40380: 0.999554
40381: 0.999554
40382: 0.999554
40383: 0.999554
40384: 0.999554
40385: 0.999554
40386: 0.999554
40387: 0.999554
40388: 0.999554
40389: 0.999554
40390: 0.999554
40391: 0.999554
40392: 0.999554
40393: 0.999554
40394: 0.999554
40395: 0.999554
40396: 0.999554
40397: 0.999554
40398: 0.999554
40399: 0.999554
40400: 0.999554
40401: 0.999554
40402: 0.999554
40403: 0.999554
40404: 0.999555
40405: 0.999555
40406: 0.999555
40407: 0.999555
40408: 0.999555
40409: 0.999555
40410: 0.999555
40411: 0.999555
40412: 0.999555
40413: 0.999555
40414: 0.999555
40415: 0.999555
40416: 0.999555
40417: 0.999555
40418: 0.999555
40419: 0.999555
40420: 0.999555
40421: 0.999555
40422: 0.999555
40423: 0.999555
40424: 0.999555
40425: 0.999555
40426: 0.999555
40427: 0.999555
40428: 0.999555
40429: 0.999555
40430: 0.999555
40431: 0.999555
40432: 0.999555
40433: 0.999555
40434: 0.999555
40435: 0.999555
40436: 0.999555
40437: 0.999555
40438: 0.999555
40439: 0.999555
40440: 0.999555
40441: 0.999555
40442: 0.999555
40443: 0.999555
40444: 0.999555
40445: 0.999555
40446: 0.999555
40447: 0.999555
40448: 0.999555
40449: 0.999555
40450: 0.999555
40451: 0.999555
40452: 0.999555
40453: 0.999555
40454: 0.999555
40455: 0.999555
40456: 0.999555
40457: 0.999555
40458: 0.999555
40459: 0.999555
40460: 0.999555
40461: 0.999555
40462: 0.999555
40463: 0.999555
40464: 0.999555
40465: 0.999555
40466: 0.999555
40467: 0.999555
40468: 0.999555
40469: 0.999555
40470: 0.999555
40471: 0.999555
40472: 0.999555
40473: 0.999555
40474: 0.999555
40475: 0.999555
40476: 0.999555
40477: 0.999555
40478: 0.999555
40479: 0.999555
40480: 0.999555
40481: 0.999555
40482: 0.999555
40483: 0.999555
40484: 0.999555
40485: 0.999555
40486: 0.999555
40487: 0.999555
40488: 0.999555
40489: 0.999555
40490: 0.999555
40491: 0.999555
40492: 0.999555
40493: 0.999555
40494: 0.999556
40495: 0.999556
40496: 0.999556
40497: 0.999556
40498: 0.999556
40499: 0.999556
40500: 0.999556
40501: 0.999556
40502: 0.999556
40503: 0.999556
40504: 0.999556
40505: 0.999556
40506: 0.999556
40507: 0.999556
40508: 0.999556
40509: 0.999556
40510: 0.999556
40511: 0.999556
40512: 0.999556
40513: 0.999556
40514: 0.999556
40515: 0.999556
40516: 0.999556
40517: 0.999556
40518: 0.999556
40519: 0.999556
40520: 0.999556
40521: 0.999556
40522: 0.999556
40523: 0.999556
40524: 0.999556
40525: 0.999556
40526: 0.999556
40527: 0.999556
40528: 0.999556
40529: 0.999556
40530: 0.999556
40531: 0.999556
40532: 0.999556
40533: 0.999556
40534: 0.999556
40535: 0.999556
40536: 0.999556
40537: 0.999556
40538: 0.999556
40539: 0.999556
40540: 0.999556
40541: 0.999556
40542: 0.999556
40543: 0.999556
40544: 0.999556
40545: 0.999556
40546: 0.999556
40547: 0.999556
40548: 0.999556
40549: 0.999556
40550: 0.999556
40551: 0.999556
40552: 0.999556
40553: 0.999556
40554: 0.999556
40555: 0.999556
40556: 0.999556
40557: 0.999556
40558: 0.999556
40559: 0.999556
40560: 0.999556
40561: 0.999556
40562: 0.999556
40563: 0.999556
40564: 0.999556
40565: 0.999556
40566: 0.999556
40567: 0.999556
40568: 0.999556
40569: 0.999556
40570: 0.999556
40571: 0.999556
40572: 0.999556
40573: 0.999556
40574: 0.999556
40575: 0.999556
40576: 0.999556
40577: 0.999556
40578: 0.999556
40579: 0.999556
40580: 0.999556
40581: 0.999556
40582: 0.999556
40583: 0.999556
40584: 0.999556
40585: 0.999556
40586: 0.999557
40587: 0.999557
40588: 0.999557
40589: 0.999557
40590: 0.999557
40591: 0.999557
40592: 0.999557
40593: 0.999557
40594: 0.999557
40595: 0.999557
40596: 0.999557
40597: 0.999557
40598: 0.999557
40599: 0.999557
40600: 0.999557
40601: 0.999557
40602: 0.999557
40603: 0.999557
40604: 0.999557
40605: 0.999557
40606: 0.999557
40607: 0.999557
40608: 0.999557
40609: 0.999557
40610: 0.999557
40611: 0.999557
40612: 0.999557
40613: 0.999557
40614: 0.999557
40615: 0.999557
40616: 0.999557
40617: 0.999557
40618: 0.999557
40619: 0.999557
40620: 0.999557
40621: 0.999557
40622: 0.999557
40623: 0.999557
40624: 0.999557
40625: 0.999557
40626: 0.999557
40627: 0.999557
40628: 0.999557
40629: 0.999557
40630: 0.999557
40631: 0.999557
40632: 0.999557
40633: 0.999557
40634: 0.999557
40635: 0.999557
40636: 0.999557
40637: 0.999557
40638: 0.999557
40639: 0.999557
40640: 0.999557
40641: 0.999557
40642: 0.999557
40643: 0.999557
40644: 0.999557
40645: 0.999557
40646: 0.999557
40647: 0.999557
40648: 0.999557
40649: 0.999557
40650: 0.999557
40651: 0.999557
40652: 0.999557
40653: 0.999557
40654: 0.999557
40655: 0.999557
40656: 0.999557
40657: 0.999557
40658: 0.999557
40659: 0.999557
40660: 0.999557
40661: 0.999557
40662: 0.999557
40663: 0.999557
40664: 0.999557
40665: 0.999557
40666: 0.999557
40667: 0.999557
40668: 0.999557
40669: 0.999557
40670: 0.999557
40671: 0.999557
40672: 0.999557
40673: 0.999557
40674: 0.999557
40675: 0.999557
40676: 0.999557
40677: 0.999558
40678: 0.999558
40679: 0.999558
40680: 0.999558
40681: 0.999558
40682: 0.999558
40683: 0.999558
40684: 0.999558
40685: 0.999558
40686: 0.999558
40687: 0.999558
40688: 0.999558
40689: 0.999558
40690: 0.999558
40691: 0.999558
40692: 0.999558
40693: 0.999558
40694: 0.999558
40695: 0.999558
40696: 0.999558
40697: 0.999558
40698: 0.999558
40699: 0.999558
40700: 0.999558
40701: 0.999558
40702: 0.999558
40703: 0.999558
40704: 0.999558
40705: 0.999558
40706: 0.999558
40707: 0.999558
40708: 0.999558
40709: 0.999558
40710: 0.999558
40711: 0.999558
40712: 0.999558
40713: 0.999558
40714: 0.999558
40715: 0.999558
40716: 0.999558
40717: 0.999558
40718: 0.999558
40719: 0.999558
40720: 0.999558
40721: 0.999558
40722: 0.999558
40723: 0.999558
40724: 0.999558
40725: 0.999558
40726: 0.999558
40727: 0.999558
40728: 0.999558
40729: 0.999558
40730: 0.999558
40731: 0.999558
40732: 0.999558
40733: 0.999558
40734: 0.999558
40735: 0.999558
40736: 0.999558
40737: 0.999558
40738: 0.999558
40739: 0.999558
40740: 0.999558
40741: 0.999558
40742: 0.999558
40743: 0.999558
40744: 0.999558
40745: 0.999558
40746: 0.999558
40747: 0.999558
40748: 0.999558
40749: 0.999558
40750: 0.999558
40751: 0.999558
40752: 0.999558
40753: 0.999558
40754: 0.999558
40755: 0.999558
40756: 0.999558
40757: 0.999558
40758: 0.999558
40759: 0.999558
40760: 0.999558
40761: 0.999558
40762: 0.999558
40763: 0.999558
40764: 0.999558
40765: 0.999558
40766: 0.999558
40767: 0.999558
40768: 0.999558
40769: 0.999558
40770: 0.999559
40771: 0.999559
40772: 0.999559
40773: 0.999559
40774: 0.999559
40775: 0.999559
40776: 0.999559
40777: 0.999559
40778: 0.999559
40779: 0.999559
40780: 0.999559
40781: 0.999559
40782: 0.999559
40783: 0.999559
40784: 0.999559
40785: 0.999559
40786: 0.999559
40787: 0.999559
40788: 0.999559
40789: 0.999559
40790: 0.999559
40791: 0.999559
40792: 0.999559
40793: 0.999559
40794: 0.999559
40795: 0.999559
40796: 0.999559
40797: 0.999559
40798: 0.999559
40799: 0.999559
40800: 0.999559
40801: 0.999559
40802: 0.999559
40803: 0.999559
40804: 0.999559
40805: 0.999559
40806: 0.999559
40807: 0.999559
40808: 0.999559
40809: 0.999559
40810: 0.999559
40811: 0.999559
40812: 0.999559
40813: 0.999559
40814: 0.999559
40815: 0.999559
40816: 0.999559
40817: 0.999559
40818: 0.999559
40819: 0.999559
40820: 0.999559
40821: 0.999559
40822: 0.999559
40823: 0.999559
40824: 0.999559
40825: 0.999559
40826: 0.999559
40827: 0.999559
40828: 0.999559
40829: 0.999559
40830: 0.999559
40831: 0.999559
40832: 0.999559
40833: 0.999559
40834: 0.999559
40835: 0.999559
40836: 0.999559
40837: 0.999559
40838: 0.999559
40839: 0.999559
40840: 0.999559
40841: 0.999559
40842: 0.999559
40843: 0.999559
40844: 0.999559
40845: 0.999559
40846: 0.999559
40847: 0.999559
40848: 0.999559
40849: 0.999559
40850: 0.999559
40851: 0.999559
40852: 0.999559
40853: 0.999559
40854: 0.999559
40855: 0.999559
40856: 0.999559
40857: 0.999559
40858: 0.999559
40859: 0.999559
40860: 0.999559
40861: 0.999559
40862: 0.99956
40863: 0.99956
40864: 0.99956
40865: 0.99956
40866: 0.99956
40867: 0.99956
40868: 0.99956
40869: 0.99956
40870: 0.99956
40871: 0.99956
40872: 0.99956
40873: 0.99956
40874: 0.99956
40875: 0.99956
40876: 0.99956
40877: 0.99956
40878: 0.99956
40879: 0.99956
40880: 0.99956
40881: 0.99956
40882: 0.99956
40883: 0.99956
40884: 0.99956
40885: 0.99956
40886: 0.99956
40887: 0.99956
40888: 0.99956
40889: 0.99956
40890: 0.99956
40891: 0.99956
40892: 0.99956
40893: 0.99956
40894: 0.99956
40895: 0.99956
40896: 0.99956
40897: 0.99956
40898: 0.99956
40899: 0.99956
40900: 0.99956
40901: 0.99956
40902: 0.99956
40903: 0.99956
40904: 0.99956
40905: 0.99956
40906: 0.99956
40907: 0.99956
40908: 0.99956
40909: 0.99956
40910: 0.99956
40911: 0.99956
40912: 0.99956
40913: 0.99956
40914: 0.99956
40915: 0.99956
40916: 0.99956
40917: 0.99956
40918: 0.99956
40919: 0.99956
40920: 0.99956
40921: 0.99956
40922: 0.99956
40923: 0.99956
40924: 0.99956
40925: 0.99956
40926: 0.99956
40927: 0.99956
40928: 0.99956
40929: 0.99956
40930: 0.99956
40931: 0.99956
40932: 0.99956
40933: 0.99956
40934: 0.99956
40935: 0.99956
40936: 0.99956
40937: 0.99956
40938: 0.99956
40939: 0.99956
40940: 0.99956
40941: 0.99956
40942: 0.99956
40943: 0.99956
40944: 0.99956
40945: 0.99956
40946: 0.99956
40947: 0.99956
40948: 0.99956
40949: 0.99956
40950: 0.99956
40951: 0.99956
40952: 0.99956
40953: 0.99956
40954: 0.99956
40955: 0.999561
40956: 0.999561
40957: 0.999561
40958: 0.999561
40959: 0.999561
40960: 0.999561
40961: 0.999561
40962: 0.999561
40963: 0.999561
40964: 0.999561
40965: 0.999561
40966: 0.999561
40967: 0.999561
40968: 0.999561
40969: 0.999561
40970: 0.999561
40971: 0.999561
40972: 0.999561
40973: 0.999561
40974: 0.999561
40975: 0.999561
40976: 0.999561
40977: 0.999561
40978: 0.999561
40979: 0.999561
40980: 0.999561
40981: 0.999561
40982: 0.999561
40983: 0.999561
40984: 0.999561
40985: 0.999561
40986: 0.999561
40987: 0.999561
40988: 0.999561
40989: 0.999561
40990: 0.999561
40991: 0.999561
40992: 0.999561
40993: 0.999561
40994: 0.999561
40995: 0.999561
40996: 0.999561
40997: 0.999561
40998: 0.999561
40999: 0.999561
41000: 0.999561
41001: 0.999561
41002: 0.999561
41003: 0.999561
41004: 0.999561
41005: 0.999561
41006: 0.999561
41007: 0.999561
41008: 0.999561
41009: 0.999561
41010: 0.999561
41011: 0.999561
41012: 0.999561
41013: 0.999561
41014: 0.999561
41015: 0.999561
41016: 0.999561
41017: 0.999561
41018: 0.999561
41019: 0.999561
41020: 0.999561
41021: 0.999561
41022: 0.999561
41023: 0.999561
41024: 0.999561
41025: 0.999561
41026: 0.999561
41027: 0.999561
41028: 0.999561
41029: 0.999561
41030: 0.999561
41031: 0.999561
41032: 0.999561
41033: 0.999561
41034: 0.999561
41035: 0.999561
41036: 0.999561
41037: 0.999561
41038: 0.999561
41039: 0.999561
41040: 0.999561
41041: 0.999561
41042: 0.999561
41043: 0.999561
41044: 0.999561
41045: 0.999561
41046: 0.999561
41047: 0.999561
41048: 0.999561
41049: 0.999562
41050: 0.999562
41051: 0.999562
41052: 0.999562
41053: 0.999562
41054: 0.999562
41055: 0.999562
41056: 0.999562
41057: 0.999562
41058: 0.999562
41059: 0.999562
41060: 0.999562
41061: 0.999562
41062: 0.999562
41063: 0.999562
41064: 0.999562
41065: 0.999562
41066: 0.999562
41067: 0.999562
41068: 0.999562
41069: 0.999562
41070: 0.999562
41071: 0.999562
41072: 0.999562
41073: 0.999562
41074: 0.999562
41075: 0.999562
41076: 0.999562
41077: 0.999562
41078: 0.999562
41079: 0.999562
41080: 0.999562
41081: 0.999562
41082: 0.999562
41083: 0.999562
41084: 0.999562
41085: 0.999562
41086: 0.999562
41087: 0.999562
41088: 0.999562
41089: 0.999562
41090: 0.999562
41091: 0.999562
41092: 0.999562
41093: 0.999562
41094: 0.999562
41095: 0.999562
41096: 0.999562
41097: 0.999562
41098: 0.999562
41099: 0.999562
41100: 0.999562
41101: 0.999562
41102: 0.999562
41103: 0.999562
41104: 0.999562
41105: 0.999562
41106: 0.999562
41107: 0.999562
41108: 0.999562
41109: 0.999562
41110: 0.999562
41111: 0.999562
41112: 0.999562
41113: 0.999562
41114: 0.999562
41115: 0.999562
41116: 0.999562
41117: 0.999562
41118: 0.999562
41119: 0.999562
41120: 0.999562
41121: 0.999562
41122: 0.999562
41123: 0.999562
41124: 0.999562
41125: 0.999562
41126: 0.999562
41127: 0.999562
41128: 0.999562
41129: 0.999562
41130: 0.999562
41131: 0.999562
41132: 0.999562
41133: 0.999562
41134: 0.999562
41135: 0.999562
41136: 0.999562
41137: 0.999562
41138: 0.999562
41139: 0.999562
41140: 0.999562
41141: 0.999562
41142: 0.999563
41143: 0.999563
41144: 0.999563
41145: 0.999563
41146: 0.999563
41147: 0.999563
41148: 0.999563
41149: 0.999563
41150: 0.999563
41151: 0.999563
41152: 0.999563
41153: 0.999563
41154: 0.999563
41155: 0.999563
41156: 0.999563
41157: 0.999563
41158: 0.999563
41159: 0.999563
41160: 0.999563
41161: 0.999563
41162: 0.999563
41163: 0.999563
41164: 0.999563
41165: 0.999563
41166: 0.999563
41167: 0.999563
41168: 0.999563
41169: 0.999563
41170: 0.999563
41171: 0.999563
41172: 0.999563
41173: 0.999563
41174: 0.999563
41175: 0.999563
41176: 0.999563
41177: 0.999563
41178: 0.999563
41179: 0.999563
41180: 0.999563
41181: 0.999563
41182: 0.999563
41183: 0.999563
41184: 0.999563
41185: 0.999563
41186: 0.999563
41187: 0.999563
41188: 0.999563
41189: 0.999563
41190: 0.999563
41191: 0.999563
41192: 0.999563
41193: 0.999563
41194: 0.999563
41195: 0.999563
41196: 0.999563
41197: 0.999563
41198: 0.999563
41199: 0.999563
41200: 0.999563
41201: 0.999563
41202: 0.999563
41203: 0.999563
41204: 0.999563
41205: 0.999563
41206: 0.999563
41207: 0.999563
41208: 0.999563
41209: 0.999563
41210: 0.999563
41211: 0.999563
41212: 0.999563
41213: 0.999563
41214: 0.999563
41215: 0.999563
41216: 0.999563
41217: 0.999563
41218: 0.999563
41219: 0.999563
41220: 0.999563
41221: 0.999563
41222: 0.999563
41223: 0.999563
41224: 0.999563
41225: 0.999563
41226: 0.999563
41227: 0.999563
41228: 0.999563
41229: 0.999563
41230: 0.999563
41231: 0.999563
41232: 0.999563
41233: 0.999563
41234: 0.999563
41235: 0.999563
41236: 0.999563
41237: 0.999564
41238: 0.999564
41239: 0.999564
41240: 0.999564
41241: 0.999564
41242: 0.999564
41243: 0.999564
41244: 0.999564
41245: 0.999564
41246: 0.999564
41247: 0.999564
41248: 0.999564
41249: 0.999564
41250: 0.999564
41251: 0.999564
41252: 0.999564
41253: 0.999564
41254: 0.999564
41255: 0.999564
41256: 0.999564
41257: 0.999564
41258: 0.999564
41259: 0.999564
41260: 0.999564
41261: 0.999564
41262: 0.999564
41263: 0.999564
41264: 0.999564
41265: 0.999564
41266: 0.999564
41267: 0.999564
41268: 0.999564
41269: 0.999564
41270: 0.999564
41271: 0.999564
41272: 0.999564
41273: 0.999564
41274: 0.999564
41275: 0.999564
41276: 0.999564
41277: 0.999564
41278: 0.999564
41279: 0.999564
41280: 0.999564
41281: 0.999564
41282: 0.999564
41283: 0.999564
41284: 0.999564
41285: 0.999564
41286: 0.999564
41287: 0.999564
41288: 0.999564
41289: 0.999564
41290: 0.999564
41291: 0.999564
41292: 0.999564
41293: 0.999564
41294: 0.999564
41295: 0.999564
41296: 0.999564
41297: 0.999564
41298: 0.999564
41299: 0.999564
41300: 0.999564
41301: 0.999564
41302: 0.999564
41303: 0.999564
41304: 0.999564
41305: 0.999564
41306: 0.999564
41307: 0.999564
41308: 0.999564
41309: 0.999564
41310: 0.999564
41311: 0.999564
41312: 0.999564
41313: 0.999564
41314: 0.999564
41315: 0.999564
41316: 0.999564
41317: 0.999564
41318: 0.999564
41319: 0.999564
41320: 0.999564
41321: 0.999564
41322: 0.999564
41323: 0.999564
41324: 0.999564
41325: 0.999564
41326: 0.999564
41327: 0.999564
41328: 0.999564
41329: 0.999564
41330: 0.999564
41331: 0.999565
41332: 0.999565
41333: 0.999565
41334: 0.999565
41335: 0.999565
41336: 0.999565
41337: 0.999565
41338: 0.999565
41339: 0.999565
41340: 0.999565
41341: 0.999565
41342: 0.999565
41343: 0.999565
41344: 0.999565
41345: 0.999565
41346: 0.999565
41347: 0.999565
41348: 0.999565
41349: 0.999565
41350: 0.999565
41351: 0.999565
41352: 0.999565
41353: 0.999565
41354: 0.999565
41355: 0.999565
41356: 0.999565
41357: 0.999565
41358: 0.999565
41359: 0.999565
41360: 0.999565
41361: 0.999565
41362: 0.999565
41363: 0.999565
41364: 0.999565
41365: 0.999565
41366: 0.999565
41367: 0.999565
41368: 0.999565
41369: 0.999565
41370: 0.999565
41371: 0.999565
41372: 0.999565
41373: 0.999565
41374: 0.999565
41375: 0.999565
41376: 0.999565
41377: 0.999565
41378: 0.999565
41379: 0.999565
41380: 0.999565
41381: 0.999565
41382: 0.999565
41383: 0.999565
41384: 0.999565
41385: 0.999565
41386: 0.999565
41387: 0.999565
41388: 0.999565
41389: 0.999565
41390: 0.999565
41391: 0.999565
41392: 0.999565
41393: 0.999565
41394: 0.999565
41395: 0.999565
41396: 0.999565
41397: 0.999565
41398: 0.999565
41399: 0.999565
41400: 0.999565
41401: 0.999565
41402: 0.999565
41403: 0.999565
41404: 0.999565
41405: 0.999565
41406: 0.999565
41407: 0.999565
41408: 0.999565
41409: 0.999565
41410: 0.999565
41411: 0.999565
41412: 0.999565
41413: 0.999565
41414: 0.999565
41415: 0.999565
41416: 0.999565
41417: 0.999565
41418: 0.999565
41419: 0.999565
41420: 0.999565
41421: 0.999565
41422: 0.999565
41423: 0.999565
41424: 0.999565
41425: 0.999565
41426: 0.999566
41427: 0.999566
41428: 0.999566
41429: 0.999566
41430: 0.999566
41431: 0.999566
41432: 0.999566
41433: 0.999566
41434: 0.999566
41435: 0.999566
41436: 0.999566
41437: 0.999566
41438: 0.999566
41439: 0.999566
41440: 0.999566
41441: 0.999566
41442: 0.999566
41443: 0.999566
41444: 0.999566
41445: 0.999566
41446: 0.999566
41447: 0.999566
41448: 0.999566
41449: 0.999566
41450: 0.999566
41451: 0.999566
41452: 0.999566
41453: 0.999566
41454: 0.999566
41455: 0.999566
41456: 0.999566
41457: 0.999566
41458: 0.999566
41459: 0.999566
41460: 0.999566
41461: 0.999566
41462: 0.999566
41463: 0.999566
41464: 0.999566
41465: 0.999566
41466: 0.999566
41467: 0.999566
41468: 0.999566
41469: 0.999566
41470: 0.999566
41471: 0.999566
41472: 0.999566
41473: 0.999566
41474: 0.999566
41475: 0.999566
41476: 0.999566
41477: 0.999566
41478: 0.999566
41479: 0.999566
41480: 0.999566
41481: 0.999566
41482: 0.999566
41483: 0.999566
41484: 0.999566
41485: 0.999566
41486: 0.999566
41487: 0.999566
41488: 0.999566
41489: 0.999566
41490: 0.999566
41491: 0.999566
41492: 0.999566
41493: 0.999566
41494: 0.999566
41495: 0.999566
41496: 0.999566
41497: 0.999566
41498: 0.999566
41499: 0.999566
41500: 0.999566
41501: 0.999566
41502: 0.999566
41503: 0.999566
41504: 0.999566
41505: 0.999566
41506: 0.999566
41507: 0.999566
41508: 0.999566
41509: 0.999566
41510: 0.999566
41511: 0.999566
41512: 0.999566
41513: 0.999566
41514: 0.999566
41515: 0.999566
41516: 0.999566
41517: 0.999566
41518: 0.999566
41519: 0.999566
41520: 0.999566
41521: 0.999566
41522: 0.999567
41523: 0.999567
41524: 0.999567
41525: 0.999567
41526: 0.999567
41527: 0.999567
41528: 0.999567
41529: 0.999567
41530: 0.999567
41531: 0.999567
41532: 0.999567
41533: 0.999567
41534: 0.999567
41535: 0.999567
41536: 0.999567
41537: 0.999567
41538: 0.999567
41539: 0.999567
41540: 0.999567
41541: 0.999567
41542: 0.999567
41543: 0.999567
41544: 0.999567
41545: 0.999567
41546: 0.999567
41547: 0.999567
41548: 0.999567
41549: 0.999567
41550: 0.999567
41551: 0.999567
41552: 0.999567
41553: 0.999567
41554: 0.999567
41555: 0.999567
41556: 0.999567
41557: 0.999567
41558: 0.999567
41559: 0.999567
41560: 0.999567
41561: 0.999567
41562: 0.999567
41563: 0.999567
41564: 0.999567
41565: 0.999567
41566: 0.999567
41567: 0.999567
41568: 0.999567
41569: 0.999567
41570: 0.999567
41571: 0.999567
41572: 0.999567
41573: 0.999567
41574: 0.999567
41575: 0.999567
41576: 0.999567
41577: 0.999567
41578: 0.999567
41579: 0.999567
41580: 0.999567
41581: 0.999567
41582: 0.999567
41583: 0.999567
41584: 0.999567
41585: 0.999567
41586: 0.999567
41587: 0.999567
41588: 0.999567
41589: 0.999567
41590: 0.999567
41591: 0.999567
41592: 0.999567
41593: 0.999567
41594: 0.999567
41595: 0.999567
41596: 0.999567
41597: 0.999567
41598: 0.999567
41599: 0.999567
41600: 0.999567
41601: 0.999567
41602: 0.999567
41603: 0.999567
41604: 0.999567
41605: 0.999567
41606: 0.999567
41607: 0.999567
41608: 0.999567
41609: 0.999567
41610: 0.999567
41611: 0.999567
41612: 0.999567
41613: 0.999567
41614: 0.999567
41615: 0.999567
41616: 0.999567
41617: 0.999567
41618: 0.999568
41619: 0.999568
41620: 0.999568
41621: 0.999568
41622: 0.999568
41623: 0.999568
41624: 0.999568
41625: 0.999568
41626: 0.999568
41627: 0.999568
41628: 0.999568
41629: 0.999568
41630: 0.999568
41631: 0.999568
41632: 0.999568
41633: 0.999568
41634: 0.999568
41635: 0.999568
41636: 0.999568
41637: 0.999568
41638: 0.999568
41639: 0.999568
41640: 0.999568
41641: 0.999568
41642: 0.999568
41643: 0.999568
41644: 0.999568
41645: 0.999568
41646: 0.999568
41647: 0.999568
41648: 0.999568
41649: 0.999568
41650: 0.999568
41651: 0.999568
41652: 0.999568
41653: 0.999568
41654: 0.999568
41655: 0.999568
41656: 0.999568
41657: 0.999568
41658: 0.999568
41659: 0.999568
41660: 0.999568
41661: 0.999568
41662: 0.999568
41663: 0.999568
41664: 0.999568
41665: 0.999568
41666: 0.999568
41667: 0.999568
41668: 0.999568
41669: 0.999568
41670: 0.999568
41671: 0.999568
41672: 0.999568
41673: 0.999568
41674: 0.999568
41675: 0.999568
41676: 0.999568
41677: 0.999568
41678: 0.999568
41679: 0.999568
41680: 0.999568
41681: 0.999568
41682: 0.999568
41683: 0.999568
41684: 0.999568
41685: 0.999568
41686: 0.999568
41687: 0.999568
41688: 0.999568
41689: 0.999568
41690: 0.999568
41691: 0.999568
41692: 0.999568
41693: 0.999568
41694: 0.999568
41695: 0.999568
41696: 0.999568
41697: 0.999568
41698: 0.999568
41699: 0.999568
41700: 0.999568
41701: 0.999568
41702: 0.999568
41703: 0.999568
41704: 0.999568
41705: 0.999568
41706: 0.999568
41707: 0.999568
41708: 0.999568
41709: 0.999568
41710: 0.999568
41711: 0.999568
41712: 0.999568
41713: 0.999568
41714: 0.999569
41715: 0.999569
41716: 0.999569
41717: 0.999569
41718: 0.999569
41719: 0.999569
41720: 0.999569
41721: 0.999569
41722: 0.999569
41723: 0.999569
41724: 0.999569
41725: 0.999569
41726: 0.999569
41727: 0.999569
41728: 0.999569
41729: 0.999569
41730: 0.999569
41731: 0.999569
41732: 0.999569
41733: 0.999569
41734: 0.999569
41735: 0.999569
41736: 0.999569
41737: 0.999569
41738: 0.999569
41739: 0.999569
41740: 0.999569
41741: 0.999569
41742: 0.999569
41743: 0.999569
41744: 0.999569
41745: 0.999569
41746: 0.999569
41747: 0.999569
41748: 0.999569
41749: 0.999569
41750: 0.999569
41751: 0.999569
41752: 0.999569
41753: 0.999569
41754: 0.999569
41755: 0.999569
41756: 0.999569
41757: 0.999569
41758: 0.999569
41759: 0.999569
41760: 0.999569
41761: 0.999569
41762: 0.999569
41763: 0.999569
41764: 0.999569
41765: 0.999569
41766: 0.999569
41767: 0.999569
41768: 0.999569
41769: 0.999569
41770: 0.999569
41771: 0.999569
41772: 0.999569
41773: 0.999569
41774: 0.999569
41775: 0.999569
41776: 0.999569
41777: 0.999569
41778: 0.999569
41779: 0.999569
41780: 0.999569
41781: 0.999569
41782: 0.999569
41783: 0.999569
41784: 0.999569
41785: 0.999569
41786: 0.999569
41787: 0.999569
41788: 0.999569
41789: 0.999569
41790: 0.999569
41791: 0.999569
41792: 0.999569
41793: 0.999569
41794: 0.999569
41795: 0.999569
41796: 0.999569
41797: 0.999569
41798: 0.999569
41799: 0.999569
41800: 0.999569
41801: 0.999569
41802: 0.999569
41803: 0.999569
41804: 0.999569
41805: 0.999569
41806: 0.999569
41807: 0.999569
41808: 0.999569
41809: 0.999569
41810: 0.999569
41811: 0.99957
41812: 0.99957
41813: 0.99957
41814: 0.99957
41815: 0.99957
41816: 0.99957
41817: 0.99957
41818: 0.99957
41819: 0.99957
41820: 0.99957
41821: 0.99957
41822: 0.99957
41823: 0.99957
41824: 0.99957
41825: 0.99957
41826: 0.99957
41827: 0.99957
41828: 0.99957
41829: 0.99957
41830: 0.99957
41831: 0.99957
41832: 0.99957
41833: 0.99957
41834: 0.99957
41835: 0.99957
41836: 0.99957
41837: 0.99957
41838: 0.99957
41839: 0.99957
41840: 0.99957
41841: 0.99957
41842: 0.99957
41843: 0.99957
41844: 0.99957
41845: 0.99957
41846: 0.99957
41847: 0.99957
41848: 0.99957
41849: 0.99957
41850: 0.99957
41851: 0.99957
41852: 0.99957
41853: 0.99957
41854: 0.99957
41855: 0.99957
41856: 0.99957
41857: 0.99957
41858: 0.99957
41859: 0.99957
41860: 0.99957
41861: 0.99957
41862: 0.99957
41863: 0.99957
41864: 0.99957
41865: 0.99957
41866: 0.99957
41867: 0.99957
41868: 0.99957
41869: 0.99957
41870: 0.99957
41871: 0.99957
41872: 0.99957
41873: 0.99957
41874: 0.99957
41875: 0.99957
41876: 0.99957
41877: 0.99957
41878: 0.99957
41879: 0.99957
41880: 0.99957
41881: 0.99957
41882: 0.99957
41883: 0.99957
41884: 0.99957
41885: 0.99957
41886: 0.99957
41887: 0.99957
41888: 0.99957
41889: 0.99957
41890: 0.99957
41891: 0.99957
41892: 0.99957
41893: 0.99957
41894: 0.99957
41895: 0.99957
41896: 0.99957
41897: 0.99957
41898: 0.99957
41899: 0.99957
41900: 0.99957
41901: 0.99957
41902: 0.99957
41903: 0.99957
41904: 0.99957
41905: 0.99957
41906: 0.99957
41907: 0.99957
41908: 0.99957
41909: 0.999571
41910: 0.999571
41911: 0.999571
41912: 0.999571
41913: 0.999571
41914: 0.999571
41915: 0.999571
41916: 0.999571
41917: 0.999571
41918: 0.999571
41919: 0.999571
41920: 0.999571
41921: 0.999571
41922: 0.999571
41923: 0.999571
41924: 0.999571
41925: 0.999571
41926: 0.999571
41927: 0.999571
41928: 0.999571
41929: 0.999571
41930: 0.999571
41931: 0.999571
41932: 0.999571
41933: 0.999571
41934: 0.999571
41935: 0.999571
41936: 0.999571
41937: 0.999571
41938: 0.999571
41939: 0.999571
41940: 0.999571
41941: 0.999571
41942: 0.999571
41943: 0.999571
41944: 0.999571
41945: 0.999571
41946: 0.999571
41947: 0.999571
41948: 0.999571
41949: 0.999571
41950: 0.999571
41951: 0.999571
41952: 0.999571
41953: 0.999571
41954: 0.999571
41955: 0.999571
41956: 0.999571
41957: 0.999571
41958: 0.999571
41959: 0.999571
41960: 0.999571
41961: 0.999571
41962: 0.999571
41963: 0.999571
41964: 0.999571
41965: 0.999571
41966: 0.999571
41967: 0.999571
41968: 0.999571
41969: 0.999571
41970: 0.999571
41971: 0.999571
41972: 0.999571
41973: 0.999571
41974: 0.999571
41975: 0.999571
41976: 0.999571
41977: 0.999571
41978: 0.999571
41979: 0.999571
41980: 0.999571
41981: 0.999571
41982: 0.999571
41983: 0.999571
41984: 0.999571
41985: 0.999571
41986: 0.999571
41987: 0.999571
41988: 0.999571
41989: 0.999571
41990: 0.999571
41991: 0.999571
41992: 0.999571
41993: 0.999571
41994: 0.999571
41995: 0.999571
41996: 0.999571
41997: 0.999571
41998: 0.999571
41999: 0.999571
42000: 0.999571
42001: 0.999571
42002: 0.999571
42003: 0.999571
42004: 0.999571
42005: 0.999571
42006: 0.999571
42007: 0.999572
42008: 0.999572
42009: 0.999572
42010: 0.999572
42011: 0.999572
42012: 0.999572
42013: 0.999572
42014: 0.999572
42015: 0.999572
42016: 0.999572
42017: 0.999572
42018: 0.999572
42019: 0.999572
42020: 0.999572
42021: 0.999572
42022: 0.999572
42023: 0.999572
42024: 0.999572
42025: 0.999572
42026: 0.999572
42027: 0.999572
42028: 0.999572
42029: 0.999572
42030: 0.999572
42031: 0.999572
42032: 0.999572
42033: 0.999572
42034: 0.999572
42035: 0.999572
42036: 0.999572
42037: 0.999572
42038: 0.999572
42039: 0.999572
42040: 0.999572
42041: 0.999572
42042: 0.999572
42043: 0.999572
42044: 0.999572
42045: 0.999572
42046: 0.999572
42047: 0.999572
42048: 0.999572
42049: 0.999572
42050: 0.999572
42051: 0.999572
42052: 0.999572
42053: 0.999572
42054: 0.999572
42055: 0.999572
42056: 0.999572
42057: 0.999572
42058: 0.999572
42059: 0.999572
42060: 0.999572
42061: 0.999572
42062: 0.999572
42063: 0.999572
42064: 0.999572
42065: 0.999572
42066: 0.999572
42067: 0.999572
42068: 0.999572
42069: 0.999572
42070: 0.999572
42071: 0.999572
42072: 0.999572
42073: 0.999572
42074: 0.999572
42075: 0.999572
42076: 0.999572
42077: 0.999572
42078: 0.999572
42079: 0.999572
42080: 0.999572
42081: 0.999572
42082: 0.999572
42083: 0.999572
42084: 0.999572
42085: 0.999572
42086: 0.999572
42087: 0.999572
42088: 0.999572
42089: 0.999572
42090: 0.999572
42091: 0.999572
42092: 0.999572
42093: 0.999572
42094: 0.999572
42095: 0.999572
42096: 0.999572
42097: 0.999572
42098: 0.999572
42099: 0.999572
42100: 0.999572
42101: 0.999572
42102: 0.999572
42103: 0.999572
42104: 0.999572
42105: 0.999573
42106: 0.999573
42107: 0.999573
42108: 0.999573
42109: 0.999573
42110: 0.999573
42111: 0.999573
42112: 0.999573
42113: 0.999573
42114: 0.999573
42115: 0.999573
42116: 0.999573
42117: 0.999573
42118: 0.999573
42119: 0.999573
42120: 0.999573
42121: 0.999573
42122: 0.999573
42123: 0.999573
42124: 0.999573
42125: 0.999573
42126: 0.999573
42127: 0.999573
42128: 0.999573
42129: 0.999573
42130: 0.999573
42131: 0.999573
42132: 0.999573
42133: 0.999573
42134: 0.999573
42135: 0.999573
42136: 0.999573
42137: 0.999573
42138: 0.999573
42139: 0.999573
42140: 0.999573
42141: 0.999573
42142: 0.999573
42143: 0.999573
42144: 0.999573
42145: 0.999573
42146: 0.999573
42147: 0.999573
42148: 0.999573
42149: 0.999573
42150: 0.999573
42151: 0.999573
42152: 0.999573
42153: 0.999573
42154: 0.999573
42155: 0.999573
42156: 0.999573
42157: 0.999573
42158: 0.999573
42159: 0.999573
42160: 0.999573
42161: 0.999573
42162: 0.999573
42163: 0.999573
42164: 0.999573
42165: 0.999573
42166: 0.999573
42167: 0.999573
42168: 0.999573
42169: 0.999573
42170: 0.999573
42171: 0.999573
42172: 0.999573
42173: 0.999573
42174: 0.999573
42175: 0.999573
42176: 0.999573
42177: 0.999573
42178: 0.999573
42179: 0.999573
42180: 0.999573
42181: 0.999573
42182: 0.999573
42183: 0.999573
42184: 0.999573
42185: 0.999573
42186: 0.999573
42187: 0.999573
42188: 0.999573
42189: 0.999573
42190: 0.999573
42191: 0.999573
42192: 0.999573
42193: 0.999573
42194: 0.999573
42195: 0.999573
42196: 0.999573
42197: 0.999573
42198: 0.999573
42199: 0.999573
42200: 0.999573
42201: 0.999573
42202: 0.999573
42203: 0.999574
42204: 0.999574
42205: 0.999574
42206: 0.999574
42207: 0.999574
42208: 0.999574
42209: 0.999574
42210: 0.999574
42211: 0.999574
42212: 0.999574
42213: 0.999574
42214: 0.999574
42215: 0.999574
42216: 0.999574
42217: 0.999574
42218: 0.999574
42219: 0.999574
42220: 0.999574
42221: 0.999574
42222: 0.999574
42223: 0.999574
42224: 0.999574
42225: 0.999574
42226: 0.999574
42227: 0.999574
42228: 0.999574
42229: 0.999574
42230: 0.999574
42231: 0.999574
42232: 0.999574
42233: 0.999574
42234: 0.999574
42235: 0.999574
42236: 0.999574
42237: 0.999574
42238: 0.999574
42239: 0.999574
42240: 0.999574
42241: 0.999574
42242: 0.999574
42243: 0.999574
42244: 0.999574
42245: 0.999574
42246: 0.999574
42247: 0.999574
42248: 0.999574
42249: 0.999574
42250: 0.999574
42251: 0.999574
42252: 0.999574
42253: 0.999574
42254: 0.999574
42255: 0.999574
42256: 0.999574
42257: 0.999574
42258: 0.999574
42259: 0.999574
42260: 0.999574
42261: 0.999574
42262: 0.999574
42263: 0.999574
42264: 0.999574
42265: 0.999574
42266: 0.999574
42267: 0.999574
42268: 0.999574
42269: 0.999574
42270: 0.999574
42271: 0.999574
42272: 0.999574
42273: 0.999574
42274: 0.999574
42275: 0.999574
42276: 0.999574
42277: 0.999574
42278: 0.999574
42279: 0.999574
42280: 0.999574
42281: 0.999574
42282: 0.999574
42283: 0.999574
42284: 0.999574
42285: 0.999574
42286: 0.999574
42287: 0.999574
42288: 0.999574
42289: 0.999574
42290: 0.999574
42291: 0.999574
42292: 0.999574
42293: 0.999574
42294: 0.999574
42295: 0.999574
42296: 0.999574
42297: 0.999574
42298: 0.999574
42299: 0.999574
42300: 0.999574
42301: 0.999574
42302: 0.999574
42303: 0.999575
42304: 0.999575
42305: 0.999575
42306: 0.999575
42307: 0.999575
42308: 0.999575
42309: 0.999575
42310: 0.999575
42311: 0.999575
42312: 0.999575
42313: 0.999575
42314: 0.999575
42315: 0.999575
42316: 0.999575
42317: 0.999575
42318: 0.999575
42319: 0.999575
42320: 0.999575
42321: 0.999575
42322: 0.999575
42323: 0.999575
42324: 0.999575
42325: 0.999575
42326: 0.999575
42327: 0.999575
42328: 0.999575
42329: 0.999575
42330: 0.999575
42331: 0.999575
42332: 0.999575
42333: 0.999575
42334: 0.999575
42335: 0.999575
42336: 0.999575
42337: 0.999575
42338: 0.999575
42339: 0.999575
42340: 0.999575
42341: 0.999575
42342: 0.999575
42343: 0.999575
42344: 0.999575
42345: 0.999575
42346: 0.999575
42347: 0.999575
42348: 0.999575
42349: 0.999575
42350: 0.999575
42351: 0.999575
42352: 0.999575
42353: 0.999575
42354: 0.999575
42355: 0.999575
42356: 0.999575
42357: 0.999575
42358: 0.999575
42359: 0.999575
42360: 0.999575
42361: 0.999575
42362: 0.999575
42363: 0.999575
42364: 0.999575
42365: 0.999575
42366: 0.999575
42367: 0.999575
42368: 0.999575
42369: 0.999575
42370: 0.999575
42371: 0.999575
42372: 0.999575
42373: 0.999575
42374: 0.999575
42375: 0.999575
42376: 0.999575
42377: 0.999575
42378: 0.999575
42379: 0.999575
42380: 0.999575
42381: 0.999575
42382: 0.999575
42383: 0.999575
42384: 0.999575
42385: 0.999575
42386: 0.999575
42387: 0.999575
42388: 0.999575
42389: 0.999575
42390: 0.999575
42391: 0.999575
42392: 0.999575
42393: 0.999575
42394: 0.999575
42395: 0.999575
42396: 0.999575
42397: 0.999575
42398: 0.999575
42399: 0.999575
42400: 0.999575
42401: 0.999575
42402: 0.999576
42403: 0.999576
42404: 0.999576
42405: 0.999576
42406: 0.999576
42407: 0.999576
42408: 0.999576
42409: 0.999576
42410: 0.999576
42411: 0.999576
42412: 0.999576
42413: 0.999576
42414: 0.999576
42415: 0.999576
42416: 0.999576
42417: 0.999576
42418: 0.999576
42419: 0.999576
42420: 0.999576
42421: 0.999576
42422: 0.999576
42423: 0.999576
42424: 0.999576
42425: 0.999576
42426: 0.999576
42427: 0.999576
42428: 0.999576
42429: 0.999576
42430: 0.999576
42431: 0.999576
42432: 0.999576
42433: 0.999576
42434: 0.999576
42435: 0.999576
42436: 0.999576
42437: 0.999576
42438: 0.999576
42439: 0.999576
42440: 0.999576
42441: 0.999576
42442: 0.999576
42443: 0.999576
42444: 0.999576
42445: 0.999576
42446: 0.999576
42447: 0.999576
42448: 0.999576
42449: 0.999576
42450: 0.999576
42451: 0.999576
42452: 0.999576
42453: 0.999576
42454: 0.999576
42455: 0.999576
42456: 0.999576
42457: 0.999576
42458: 0.999576
42459: 0.999576
42460: 0.999576
42461: 0.999576
42462: 0.999576
42463: 0.999576
42464: 0.999576
42465: 0.999576
42466: 0.999576
42467: 0.999576
42468: 0.999576
42469: 0.999576
42470: 0.999576
42471: 0.999576
42472: 0.999576
42473: 0.999576
42474: 0.999576
42475: 0.999576
42476: 0.999576
42477: 0.999576
42478: 0.999576
42479: 0.999576
42480: 0.999576
42481: 0.999576
42482: 0.999576
42483: 0.999576
42484: 0.999576
42485: 0.999576
42486: 0.999576
42487: 0.999576
42488: 0.999576
42489: 0.999576
42490: 0.999576
42491: 0.999576
42492: 0.999576
42493: 0.999576
42494: 0.999576
42495: 0.999576
42496: 0.999576
42497: 0.999576
42498: 0.999576
42499: 0.999576
42500: 0.999576
42501: 0.999576
42502: 0.999577
42503: 0.999577
42504: 0.999577
42505: 0.999577
42506: 0.999577
42507: 0.999577
42508: 0.999577
42509: 0.999577
42510: 0.999577
42511: 0.999577
42512: 0.999577
42513: 0.999577
42514: 0.999577
42515: 0.999577
42516: 0.999577
42517: 0.999577
42518: 0.999577
42519: 0.999577
42520: 0.999577
42521: 0.999577
42522: 0.999577
42523: 0.999577
42524: 0.999577
42525: 0.999577
42526: 0.999577
42527: 0.999577
42528: 0.999577
42529: 0.999577
42530: 0.999577
42531: 0.999577
42532: 0.999577
42533: 0.999577
42534: 0.999577
42535: 0.999577
42536: 0.999577
42537: 0.999577
42538: 0.999577
42539: 0.999577
42540: 0.999577
42541: 0.999577
42542: 0.999577
42543: 0.999577
42544: 0.999577
42545: 0.999577
42546: 0.999577
42547: 0.999577
42548: 0.999577
42549: 0.999577
42550: 0.999577
42551: 0.999577
42552: 0.999577
42553: 0.999577
42554: 0.999577
42555: 0.999577
42556: 0.999577
42557: 0.999577
42558: 0.999577
42559: 0.999577
42560: 0.999577
42561: 0.999577
42562: 0.999577
42563: 0.999577
42564: 0.999577
42565: 0.999577
42566: 0.999577
42567: 0.999577
42568: 0.999577
42569: 0.999577
42570: 0.999577
42571: 0.999577
42572: 0.999577
42573: 0.999577
42574: 0.999577
42575: 0.999577
42576: 0.999577
42577: 0.999577
42578: 0.999577
42579: 0.999577
42580: 0.999577
42581: 0.999577
42582: 0.999577
42583: 0.999577
42584: 0.999577
42585: 0.999577
42586: 0.999577
42587: 0.999577
42588: 0.999577
42589: 0.999577
42590: 0.999577
42591: 0.999577
42592: 0.999577
42593: 0.999577
42594: 0.999577
42595: 0.999577
42596: 0.999577
42597: 0.999577
42598: 0.999577
42599: 0.999577
42600: 0.999577
42601: 0.999577
42602: 0.999577
42603: 0.999578
42604: 0.999578
42605: 0.999578
42606: 0.999578
42607: 0.999578
42608: 0.999578
42609: 0.999578
42610: 0.999578
42611: 0.999578
42612: 0.999578
42613: 0.999578
42614: 0.999578
42615: 0.999578
42616: 0.999578
42617: 0.999578
42618: 0.999578
42619: 0.999578
42620: 0.999578
42621: 0.999578
42622: 0.999578
42623: 0.999578
42624: 0.999578
42625: 0.999578
42626: 0.999578
42627: 0.999578
42628: 0.999578
42629: 0.999578
42630: 0.999578
42631: 0.999578
42632: 0.999578
42633: 0.999578
42634: 0.999578
42635: 0.999578
42636: 0.999578
42637: 0.999578
42638: 0.999578
42639: 0.999578
42640: 0.999578
42641: 0.999578
42642: 0.999578
42643: 0.999578
42644: 0.999578
42645: 0.999578
42646: 0.999578
42647: 0.999578
42648: 0.999578
42649: 0.999578
42650: 0.999578
42651: 0.999578
42652: 0.999578
42653: 0.999578
42654: 0.999578
42655: 0.999578
42656: 0.999578
42657: 0.999578
42658: 0.999578
42659: 0.999578
42660: 0.999578
42661: 0.999578
42662: 0.999578
42663: 0.999578
42664: 0.999578
42665: 0.999578
42666: 0.999578
42667: 0.999578
42668: 0.999578
42669: 0.999578
42670: 0.999578
42671: 0.999578
42672: 0.999578
42673: 0.999578
42674: 0.999578
42675: 0.999578
42676: 0.999578
42677: 0.999578
42678: 0.999578
42679: 0.999578
42680: 0.999578
42681: 0.999578
42682: 0.999578
42683: 0.999578
42684: 0.999578
42685: 0.999578
42686: 0.999578
42687: 0.999578
42688: 0.999578
42689: 0.999578
42690: 0.999578
42691: 0.999578
42692: 0.999578
42693: 0.999578
42694: 0.999578
42695: 0.999578
42696: 0.999578
42697: 0.999578
42698: 0.999578
42699: 0.999578
42700: 0.999578
42701: 0.999578
42702: 0.999578
42703: 0.999578
42704: 0.999579
42705: 0.999579
42706: 0.999579
42707: 0.999579
42708: 0.999579
42709: 0.999579
42710: 0.999579
42711: 0.999579
42712: 0.999579
42713: 0.999579
42714: 0.999579
42715: 0.999579
42716: 0.999579
42717: 0.999579
42718: 0.999579
42719: 0.999579
42720: 0.999579
42721: 0.999579
42722: 0.999579
42723: 0.999579
42724: 0.999579
42725: 0.999579
42726: 0.999579
42727: 0.999579
42728: 0.999579
42729: 0.999579
42730: 0.999579
42731: 0.999579
42732: 0.999579
42733: 0.999579
42734: 0.999579
42735: 0.999579
42736: 0.999579
42737: 0.999579
42738: 0.999579
42739: 0.999579
42740: 0.999579
42741: 0.999579
42742: 0.999579
42743: 0.999579
42744: 0.999579
42745: 0.999579
42746: 0.999579
42747: 0.999579
42748: 0.999579
42749: 0.999579
42750: 0.999579
42751: 0.999579
42752: 0.999579
42753: 0.999579
42754: 0.999579
42755: 0.999579
42756: 0.999579
42757: 0.999579
42758: 0.999579
42759: 0.999579
42760: 0.999579
42761: 0.999579
42762: 0.999579
42763: 0.999579
42764: 0.999579
42765: 0.999579
42766: 0.999579
42767: 0.999579
42768: 0.999579
42769: 0.999579
42770: 0.999579
42771: 0.999579
42772: 0.999579
42773: 0.999579
42774: 0.999579
42775: 0.999579
42776: 0.999579
42777: 0.999579
42778: 0.999579
42779: 0.999579
42780: 0.999579
42781: 0.999579
42782: 0.999579
42783: 0.999579
42784: 0.999579
42785: 0.999579
42786: 0.999579
42787: 0.999579
42788: 0.999579
42789: 0.999579
42790: 0.999579
42791: 0.999579
42792: 0.999579
42793: 0.999579
42794: 0.999579
42795: 0.999579
42796: 0.999579
42797: 0.999579
42798: 0.999579
42799: 0.999579
42800: 0.999579
42801: 0.999579
42802: 0.999579
42803: 0.999579
42804: 0.999579
42805: 0.999579
42806: 0.99958
42807: 0.99958
42808: 0.99958
42809: 0.99958
42810: 0.99958
42811: 0.99958
42812: 0.99958
42813: 0.99958
42814: 0.99958
42815: 0.99958
42816: 0.99958
42817: 0.99958
42818: 0.99958
42819: 0.99958
42820: 0.99958
42821: 0.99958
42822: 0.99958
42823: 0.99958
42824: 0.99958
42825: 0.99958
42826: 0.99958
42827: 0.99958
42828: 0.99958
42829: 0.99958
42830: 0.99958
42831: 0.99958
42832: 0.99958
42833: 0.99958
42834: 0.99958
42835: 0.99958
42836: 0.99958
42837: 0.99958
42838: 0.99958
42839: 0.99958
42840: 0.99958
42841: 0.99958
42842: 0.99958
42843: 0.99958
42844: 0.99958
42845: 0.99958
42846: 0.99958
42847: 0.99958
42848: 0.99958
42849: 0.99958
42850: 0.99958
42851: 0.99958
42852: 0.99958
42853: 0.99958
42854: 0.99958
42855: 0.99958
42856: 0.99958
42857: 0.99958
42858: 0.99958
42859: 0.99958
42860: 0.99958
42861: 0.99958
42862: 0.99958
42863: 0.99958
42864: 0.99958
42865: 0.99958
42866: 0.99958
42867: 0.99958
42868: 0.99958
42869: 0.99958
42870: 0.99958
42871: 0.99958
42872: 0.99958
42873: 0.99958
42874: 0.99958
42875: 0.99958
42876: 0.99958
42877: 0.99958
42878: 0.99958
42879: 0.99958
42880: 0.99958
42881: 0.99958
42882: 0.99958
42883: 0.99958
42884: 0.99958
42885: 0.99958
42886: 0.99958
42887: 0.99958
42888: 0.99958
42889: 0.99958
42890: 0.99958
42891: 0.99958
42892: 0.99958
42893: 0.99958
42894: 0.99958
42895: 0.99958
42896: 0.99958
42897: 0.99958
42898: 0.99958
42899: 0.99958
42900: 0.99958
42901: 0.99958
42902: 0.99958
42903: 0.99958
42904: 0.99958
42905: 0.99958
42906: 0.99958
42907: 0.99958
42908: 0.999581
42909: 0.999581
42910: 0.999581
42911: 0.999581
42912: 0.999581
42913: 0.999581
42914: 0.999581
42915: 0.999581
42916: 0.999581
42917: 0.999581
42918: 0.999581
42919: 0.999581
42920: 0.999581
42921: 0.999581
42922: 0.999581
42923: 0.999581
42924: 0.999581
42925: 0.999581
42926: 0.999581
42927: 0.999581
42928: 0.999581
42929: 0.999581
42930: 0.999581
42931: 0.999581
42932: 0.999581
42933: 0.999581
42934: 0.999581
42935: 0.999581
42936: 0.999581
42937: 0.999581
42938: 0.999581
42939: 0.999581
42940: 0.999581
42941: 0.999581
42942: 0.999581
42943: 0.999581
42944: 0.999581
42945: 0.999581
42946: 0.999581
42947: 0.999581
42948: 0.999581
42949: 0.999581
42950: 0.999581
42951: 0.999581
42952: 0.999581
42953: 0.999581
42954: 0.999581
42955: 0.999581
42956: 0.999581
42957: 0.999581
42958: 0.999581
42959: 0.999581
42960: 0.999581
42961: 0.999581
42962: 0.999581
42963: 0.999581
42964: 0.999581
42965: 0.999581
42966: 0.999581
42967: 0.999581
42968: 0.999581
42969: 0.999581
42970: 0.999581
42971: 0.999581
42972: 0.999581
42973: 0.999581
42974: 0.999581
42975: 0.999581
42976: 0.999581
42977: 0.999581
42978: 0.999581
42979: 0.999581
42980: 0.999581
42981: 0.999581
42982: 0.999581
42983: 0.999581
42984: 0.999581
42985: 0.999581
42986: 0.999581
42987: 0.999581
42988: 0.999581
42989: 0.999581
42990: 0.999581
42991: 0.999581
42992: 0.999581
42993: 0.999581
42994: 0.999581
42995: 0.999581
42996: 0.999581
42997: 0.999581
42998: 0.999581
42999: 0.999581
43000: 0.999581
43001: 0.999581
43002: 0.999581
43003: 0.999581
43004: 0.999581
43005: 0.999581
43006: 0.999581
43007: 0.999581
43008: 0.999581
43009: 0.999581
43010: 0.999582
43011: 0.999582
43012: 0.999582
43013: 0.999582
43014: 0.999582
43015: 0.999582
43016: 0.999582
43017: 0.999582
43018: 0.999582
43019: 0.999582
43020: 0.999582
43021: 0.999582
43022: 0.999582
43023: 0.999582
43024: 0.999582
43025: 0.999582
43026: 0.999582
43027: 0.999582
43028: 0.999582
43029: 0.999582
43030: 0.999582
43031: 0.999582
43032: 0.999582
43033: 0.999582
43034: 0.999582
43035: 0.999582
43036: 0.999582
43037: 0.999582
43038: 0.999582
43039: 0.999582
43040: 0.999582
43041: 0.999582
43042: 0.999582
43043: 0.999582
43044: 0.999582
43045: 0.999582
43046: 0.999582
43047: 0.999582
43048: 0.999582
43049: 0.999582
43050: 0.999582
43051: 0.999582
43052: 0.999582
43053: 0.999582
43054: 0.999582
43055: 0.999582
43056: 0.999582
43057: 0.999582
43058: 0.999582
43059: 0.999582
43060: 0.999582
43061: 0.999582
43062: 0.999582
43063: 0.999582
43064: 0.999582
43065: 0.999582
43066: 0.999582
43067: 0.999582
43068: 0.999582
43069: 0.999582
43070: 0.999582
43071: 0.999582
43072: 0.999582
43073: 0.999582
43074: 0.999582
43075: 0.999582
43076: 0.999582
43077: 0.999582
43078: 0.999582
43079: 0.999582
43080: 0.999582
43081: 0.999582
43082: 0.999582
43083: 0.999582
43084: 0.999582
43085: 0.999582
43086: 0.999582
43087: 0.999582
43088: 0.999582
43089: 0.999582
43090: 0.999582
43091: 0.999582
43092: 0.999582
43093: 0.999582
43094: 0.999582
43095: 0.999582
43096: 0.999582
43097: 0.999582
43098: 0.999582
43099: 0.999582
43100: 0.999582
43101: 0.999582
43102: 0.999582
43103: 0.999582
43104: 0.999582
43105: 0.999582
43106: 0.999582
43107: 0.999582
43108: 0.999582
43109: 0.999582
43110: 0.999582
43111: 0.999582
43112: 0.999582
43113: 0.999583
43114: 0.999583
43115: 0.999583
43116: 0.999583
43117: 0.999583
43118: 0.999583
43119: 0.999583
43120: 0.999583
43121: 0.999583
43122: 0.999583
43123: 0.999583
43124: 0.999583
43125: 0.999583
43126: 0.999583
43127: 0.999583
43128: 0.999583
43129: 0.999583
43130: 0.999583
43131: 0.999583
43132: 0.999583
43133: 0.999583
43134: 0.999583
43135: 0.999583
43136: 0.999583
43137: 0.999583
43138: 0.999583
43139: 0.999583
43140: 0.999583
43141: 0.999583
43142: 0.999583
43143: 0.999583
43144: 0.999583
43145: 0.999583
43146: 0.999583
43147: 0.999583
43148: 0.999583
43149: 0.999583
43150: 0.999583
43151: 0.999583
43152: 0.999583
43153: 0.999583
43154: 0.999583
43155: 0.999583
43156: 0.999583
43157: 0.999583
43158: 0.999583
43159: 0.999583
43160: 0.999583
43161: 0.999583
43162: 0.999583
43163: 0.999583
43164: 0.999583
43165: 0.999583
43166: 0.999583
43167: 0.999583
43168: 0.999583
43169: 0.999583
43170: 0.999583
43171: 0.999583
43172: 0.999583
43173: 0.999583
43174: 0.999583
43175: 0.999583
43176: 0.999583
43177: 0.999583
43178: 0.999583
43179: 0.999583
43180: 0.999583
43181: 0.999583
43182: 0.999583
43183: 0.999583
43184: 0.999583
43185: 0.999583
43186: 0.999583
43187: 0.999583
43188: 0.999583
43189: 0.999583
43190: 0.999583
43191: 0.999583
43192: 0.999583
43193: 0.999583
43194: 0.999583
43195: 0.999583
43196: 0.999583
43197: 0.999583
43198: 0.999583
43199: 0.999583
43200: 0.999583
43201: 0.999583
43202: 0.999583
43203: 0.999583
43204: 0.999583
43205: 0.999583
43206: 0.999583
43207: 0.999583
43208: 0.999583
43209: 0.999583
43210: 0.999583
43211: 0.999583
43212: 0.999583
43213: 0.999583
43214: 0.999583
43215: 0.999583
43216: 0.999583
43217: 0.999584
43218: 0.999584
43219: 0.999584
43220: 0.999584
43221: 0.999584
43222: 0.999584
43223: 0.999584
43224: 0.999584
43225: 0.999584
43226: 0.999584
43227: 0.999584
43228: 0.999584
43229: 0.999584
43230: 0.999584
43231: 0.999584
43232: 0.999584
43233: 0.999584
43234: 0.999584
43235: 0.999584
43236: 0.999584
43237: 0.999584
43238: 0.999584
43239: 0.999584
43240: 0.999584
43241: 0.999584
43242: 0.999584
43243: 0.999584
43244: 0.999584
43245: 0.999584
43246: 0.999584
43247: 0.999584
43248: 0.999584
43249: 0.999584
43250: 0.999584
43251: 0.999584
43252: 0.999584
43253: 0.999584
43254: 0.999584
43255: 0.999584
43256: 0.999584
43257: 0.999584
43258: 0.999584
43259: 0.999584
43260: 0.999584
43261: 0.999584
43262: 0.999584
43263: 0.999584
43264: 0.999584
43265: 0.999584
43266: 0.999584
43267: 0.999584
43268: 0.999584
43269: 0.999584
43270: 0.999584
43271: 0.999584
43272: 0.999584
43273: 0.999584
43274: 0.999584
43275: 0.999584
43276: 0.999584
43277: 0.999584
43278: 0.999584
43279: 0.999584
43280: 0.999584
43281: 0.999584
43282: 0.999584
43283: 0.999584
43284: 0.999584
43285: 0.999584
43286: 0.999584
43287: 0.999584
43288: 0.999584
43289: 0.999584
43290: 0.999584
43291: 0.999584
43292: 0.999584
43293: 0.999584
43294: 0.999584
43295: 0.999584
43296: 0.999584
43297: 0.999584
43298: 0.999584
43299: 0.999584
43300: 0.999584
43301: 0.999584
43302: 0.999584
43303: 0.999584
43304: 0.999584
43305: 0.999584
43306: 0.999584
43307: 0.999584
43308: 0.999584
43309: 0.999584
43310: 0.999584
43311: 0.999584
43312: 0.999584
43313: 0.999584
43314: 0.999584
43315: 0.999584
43316: 0.999584
43317: 0.999584
43318: 0.999584
43319: 0.999584
43320: 0.999584
43321: 0.999585
43322: 0.999585
43323: 0.999585
43324: 0.999585
43325: 0.999585
43326: 0.999585
43327: 0.999585
43328: 0.999585
43329: 0.999585
43330: 0.999585
43331: 0.999585
43332: 0.999585
43333: 0.999585
43334: 0.999585
43335: 0.999585
43336: 0.999585
43337: 0.999585
43338: 0.999585
43339: 0.999585
43340: 0.999585
43341: 0.999585
43342: 0.999585
43343: 0.999585
43344: 0.999585
43345: 0.999585
43346: 0.999585
43347: 0.999585
43348: 0.999585
43349: 0.999585
43350: 0.999585
43351: 0.999585
43352: 0.999585
43353: 0.999585
43354: 0.999585
43355: 0.999585
43356: 0.999585
43357: 0.999585
43358: 0.999585
43359: 0.999585
43360: 0.999585
43361: 0.999585
43362: 0.999585
43363: 0.999585
43364: 0.999585
43365: 0.999585
43366: 0.999585
43367: 0.999585
43368: 0.999585
43369: 0.999585
43370: 0.999585
43371: 0.999585
43372: 0.999585
43373: 0.999585
43374: 0.999585
43375: 0.999585
43376: 0.999585
43377: 0.999585
43378: 0.999585
43379: 0.999585
43380: 0.999585
43381: 0.999585
43382: 0.999585
43383: 0.999585
43384: 0.999585
43385: 0.999585
43386: 0.999585
43387: 0.999585
43388: 0.999585
43389: 0.999585
43390: 0.999585
43391: 0.999585
43392: 0.999585
43393: 0.999585
43394: 0.999585
43395: 0.999585
43396: 0.999585
43397: 0.999585
43398: 0.999585
43399: 0.999585
43400: 0.999585
43401: 0.999585
43402: 0.999585
43403: 0.999585
43404: 0.999585
43405: 0.999585
43406: 0.999585
43407: 0.999585
43408: 0.999585
43409: 0.999585
43410: 0.999585
43411: 0.999585
43412: 0.999585
43413: 0.999585
43414: 0.999585
43415: 0.999585
43416: 0.999585
43417: 0.999585
43418: 0.999585
43419: 0.999585
43420: 0.999585
43421: 0.999585
43422: 0.999585
43423: 0.999585
43424: 0.999585
43425: 0.999586
43426: 0.999586
43427: 0.999586
43428: 0.999586
43429: 0.999586
43430: 0.999586
43431: 0.999586
43432: 0.999586
43433: 0.999586
43434: 0.999586
43435: 0.999586
43436: 0.999586
43437: 0.999586
43438: 0.999586
43439: 0.999586
43440: 0.999586
43441: 0.999586
43442: 0.999586
43443: 0.999586
43444: 0.999586
43445: 0.999586
43446: 0.999586
43447: 0.999586
43448: 0.999586
43449: 0.999586
43450: 0.999586
43451: 0.999586
43452: 0.999586
43453: 0.999586
43454: 0.999586
43455: 0.999586
43456: 0.999586
43457: 0.999586
43458: 0.999586
43459: 0.999586
43460: 0.999586
43461: 0.999586
43462: 0.999586
43463: 0.999586
43464: 0.999586
43465: 0.999586
43466: 0.999586
43467: 0.999586
43468: 0.999586
43469: 0.999586
43470: 0.999586
43471: 0.999586
43472: 0.999586
43473: 0.999586
43474: 0.999586
43475: 0.999586
43476: 0.999586
43477: 0.999586
43478: 0.999586
43479: 0.999586
43480: 0.999586
43481: 0.999586
43482: 0.999586
43483: 0.999586
43484: 0.999586
43485: 0.999586
43486: 0.999586
43487: 0.999586
43488: 0.999586
43489: 0.999586
43490: 0.999586
43491: 0.999586
43492: 0.999586
43493: 0.999586
43494: 0.999586
43495: 0.999586
43496: 0.999586
43497: 0.999586
43498: 0.999586
43499: 0.999586
43500: 0.999586
43501: 0.999586
43502: 0.999586
43503: 0.999586
43504: 0.999586
43505: 0.999586
43506: 0.999586
43507: 0.999586
43508: 0.999586
43509: 0.999586
43510: 0.999586
43511: 0.999586
43512: 0.999586
43513: 0.999586
43514: 0.999586
43515: 0.999586
43516: 0.999586
43517: 0.999586
43518: 0.999586
43519: 0.999586
43520: 0.999586
43521: 0.999586
43522: 0.999586
43523: 0.999586
43524: 0.999586
43525: 0.999586
43526: 0.999586
43527: 0.999586
43528: 0.999586
43529: 0.999586
43530: 0.999587
43531: 0.999587
43532: 0.999587
43533: 0.999587
43534: 0.999587
43535: 0.999587
43536: 0.999587
43537: 0.999587
43538: 0.999587
43539: 0.999587
43540: 0.999587
43541: 0.999587
43542: 0.999587
43543: 0.999587
43544: 0.999587
43545: 0.999587
43546: 0.999587
43547: 0.999587
43548: 0.999587
43549: 0.999587
43550: 0.999587
43551: 0.999587
43552: 0.999587
43553: 0.999587
43554: 0.999587
43555: 0.999587
43556: 0.999587
43557: 0.999587
43558: 0.999587
43559: 0.999587
43560: 0.999587
43561: 0.999587
43562: 0.999587
43563: 0.999587
43564: 0.999587
43565: 0.999587
43566: 0.999587
43567: 0.999587
43568: 0.999587
43569: 0.999587
43570: 0.999587
43571: 0.999587
43572: 0.999587
43573: 0.999587
43574: 0.999587
43575: 0.999587
43576: 0.999587
43577: 0.999587
43578: 0.999587
43579: 0.999587
43580: 0.999587
43581: 0.999587
43582: 0.999587
43583: 0.999587
43584: 0.999587
43585: 0.999587
43586: 0.999587
43587: 0.999587
43588: 0.999587
43589: 0.999587
43590: 0.999587
43591: 0.999587
43592: 0.999587
43593: 0.999587
43594: 0.999587
43595: 0.999587
43596: 0.999587
43597: 0.999587
43598: 0.999587
43599: 0.999587
43600: 0.999587
43601: 0.999587
43602: 0.999587
43603: 0.999587
43604: 0.999587
43605: 0.999587
43606: 0.999587
43607: 0.999587
43608: 0.999587
43609: 0.999587
43610: 0.999587
43611: 0.999587
43612: 0.999587
43613: 0.999587
43614: 0.999587
43615: 0.999587
43616: 0.999587
43617: 0.999587
43618: 0.999587
43619: 0.999587
43620: 0.999587
43621: 0.999587
43622: 0.999587
43623: 0.999587
43624: 0.999587
43625: 0.999587
43626: 0.999587
43627: 0.999587
43628: 0.999587
43629: 0.999587
43630: 0.999587
43631: 0.999587
43632: 0.999587
43633: 0.999587
43634: 0.999587
43635: 0.999587
43636: 0.999588
43637: 0.999588
43638: 0.999588
43639: 0.999588
43640: 0.999588
43641: 0.999588
43642: 0.999588
43643: 0.999588
43644: 0.999588
43645: 0.999588
43646: 0.999588
43647: 0.999588
43648: 0.999588
43649: 0.999588
43650: 0.999588
43651: 0.999588
43652: 0.999588
43653: 0.999588
43654: 0.999588
43655: 0.999588
43656: 0.999588
43657: 0.999588
43658: 0.999588
43659: 0.999588
43660: 0.999588
43661: 0.999588
43662: 0.999588
43663: 0.999588
43664: 0.999588
43665: 0.999588
43666: 0.999588
43667: 0.999588
43668: 0.999588
43669: 0.999588
43670: 0.999588
43671: 0.999588
43672: 0.999588
43673: 0.999588
43674: 0.999588
43675: 0.999588
43676: 0.999588
43677: 0.999588
43678: 0.999588
43679: 0.999588
43680: 0.999588
43681: 0.999588
43682: 0.999588
43683: 0.999588
43684: 0.999588
43685: 0.999588
43686: 0.999588
43687: 0.999588
43688: 0.999588
43689: 0.999588
43690: 0.999588
43691: 0.999588
43692: 0.999588
43693: 0.999588
43694: 0.999588
43695: 0.999588
43696: 0.999588
43697: 0.999588
43698: 0.999588
43699: 0.999588
43700: 0.999588
43701: 0.999588
43702: 0.999588
43703: 0.999588
43704: 0.999588
43705: 0.999588
43706: 0.999588
43707: 0.999588
43708: 0.999588
43709: 0.999588
43710: 0.999588
43711: 0.999588
43712: 0.999588
43713: 0.999588
43714: 0.999588
43715: 0.999588
43716: 0.999588
43717: 0.999588
43718: 0.999588
43719: 0.999588
43720: 0.999588
43721: 0.999588
43722: 0.999588
43723: 0.999588
43724: 0.999588
43725: 0.999588
43726: 0.999588
43727: 0.999588
43728: 0.999588
43729: 0.999588
43730: 0.999588
43731: 0.999588
43732: 0.999588
43733: 0.999588
43734: 0.999588
43735: 0.999588
43736: 0.999588
43737: 0.999588
43738: 0.999588
43739: 0.999588
43740: 0.999588
43741: 0.999588
43742: 0.999589
43743: 0.999589
43744: 0.999589
43745: 0.999589
43746: 0.999589
43747: 0.999589
43748: 0.999589
43749: 0.999589
43750: 0.999589
43751: 0.999589
43752: 0.999589
43753: 0.999589
43754: 0.999589
43755: 0.999589
43756: 0.999589
43757: 0.999589
43758: 0.999589
43759: 0.999589
43760: 0.999589
43761: 0.999589
43762: 0.999589
43763: 0.999589
43764: 0.999589
43765: 0.999589
43766: 0.999589
43767: 0.999589
43768: 0.999589
43769: 0.999589
43770: 0.999589
43771: 0.999589
43772: 0.999589
43773: 0.999589
43774: 0.999589
43775: 0.999589
43776: 0.999589
43777: 0.999589
43778: 0.999589
43779: 0.999589
43780: 0.999589
43781: 0.999589
43782: 0.999589
43783: 0.999589
43784: 0.999589
43785: 0.999589
43786: 0.999589
43787: 0.999589
43788: 0.999589
43789: 0.999589
43790: 0.999589
43791: 0.999589
43792: 0.999589
43793: 0.999589
43794: 0.999589
43795: 0.999589
43796: 0.999589
43797: 0.999589
43798: 0.999589
43799: 0.999589
43800: 0.999589
43801: 0.999589
43802: 0.999589
43803: 0.999589
43804: 0.999589
43805: 0.999589
43806: 0.999589
43807: 0.999589
43808: 0.999589
43809: 0.999589
43810: 0.999589
43811: 0.999589
43812: 0.999589
43813: 0.999589
43814: 0.999589
43815: 0.999589
43816: 0.999589
43817: 0.999589
43818: 0.999589
43819: 0.999589
43820: 0.999589
43821: 0.999589
43822: 0.999589
43823: 0.999589
43824: 0.999589
43825: 0.999589
43826: 0.999589
43827: 0.999589
43828: 0.999589
43829: 0.999589
43830: 0.999589
43831: 0.999589
43832: 0.999589
43833: 0.999589
43834: 0.999589
43835: 0.999589
43836: 0.999589
43837: 0.999589
43838: 0.999589
43839: 0.999589
43840: 0.999589
43841: 0.999589
43842: 0.999589
43843: 0.999589
43844: 0.999589
43845: 0.999589
43846: 0.999589
43847: 0.999589
43848: 0.99959
43849: 0.99959
43850: 0.99959
43851: 0.99959
43852: 0.99959
43853: 0.99959
43854: 0.99959
43855: 0.99959
43856: 0.99959
43857: 0.99959
43858: 0.99959
43859: 0.99959
43860: 0.99959
43861: 0.99959
43862: 0.99959
43863: 0.99959
43864: 0.99959
43865: 0.99959
43866: 0.99959
43867: 0.99959
43868: 0.99959
43869: 0.99959
43870: 0.99959
43871: 0.99959
43872: 0.99959
43873: 0.99959
43874: 0.99959
43875: 0.99959
43876: 0.99959
43877: 0.99959
43878: 0.99959
43879: 0.99959
43880: 0.99959
43881: 0.99959
43882: 0.99959
43883: 0.99959
43884: 0.99959
43885: 0.99959
43886: 0.99959
43887: 0.99959
43888: 0.99959
43889: 0.99959
43890: 0.99959
43891: 0.99959
43892: 0.99959
43893: 0.99959
43894: 0.99959
43895: 0.99959
43896: 0.99959
43897: 0.99959
43898: 0.99959
43899: 0.99959
43900: 0.99959
43901: 0.99959
43902: 0.99959
43903: 0.99959
43904: 0.99959
43905: 0.99959
43906: 0.99959
43907: 0.99959
43908: 0.99959
43909: 0.99959
43910: 0.99959
43911: 0.99959
43912: 0.99959
43913: 0.99959
43914: 0.99959
43915: 0.99959
43916: 0.99959
43917: 0.99959
43918: 0.99959
43919: 0.99959
43920: 0.99959
43921: 0.99959
43922: 0.99959
43923: 0.99959
43924: 0.99959
43925: 0.99959
43926: 0.99959
43927: 0.99959
43928: 0.99959
43929: 0.99959
43930: 0.99959
43931: 0.99959
43932: 0.99959
43933: 0.99959
43934: 0.99959
43935: 0.99959
43936: 0.99959
43937: 0.99959
43938: 0.99959
43939: 0.99959
43940: 0.99959
43941: 0.99959
43942: 0.99959
43943: 0.99959
43944: 0.99959
43945: 0.99959
43946: 0.99959
43947: 0.99959
43948: 0.99959
43949: 0.99959
43950: 0.99959
43951: 0.99959
43952: 0.99959
43953: 0.99959
43954: 0.99959
43955: 0.99959
43956: 0.999591
43957: 0.999591
43958: 0.999591
43959: 0.999591
43960: 0.999591
43961: 0.999591
43962: 0.999591
43963: 0.999591
43964: 0.999591
43965: 0.999591
43966: 0.999591
43967: 0.999591
43968: 0.999591
43969: 0.999591
43970: 0.999591
43971: 0.999591
43972: 0.999591
43973: 0.999591
43974: 0.999591
43975: 0.999591
43976: 0.999591
43977: 0.999591
43978: 0.999591
43979: 0.999591
43980: 0.999591
43981: 0.999591
43982: 0.999591
43983: 0.999591
43984: 0.999591
43985: 0.999591
43986: 0.999591
43987: 0.999591
43988: 0.999591
43989: 0.999591
43990: 0.999591
43991: 0.999591
43992: 0.999591
43993: 0.999591
43994: 0.999591
43995: 0.999591
43996: 0.999591
43997: 0.999591
43998: 0.999591
43999: 0.999591
44000: 0.999591
44001: 0.999591
44002: 0.999591
44003: 0.999591
44004: 0.999591
44005: 0.999591
44006: 0.999591
44007: 0.999591
44008: 0.999591
44009: 0.999591
44010: 0.999591
44011: 0.999591
44012: 0.999591
44013: 0.999591
44014: 0.999591
44015: 0.999591
44016: 0.999591
44017: 0.999591
44018: 0.999591
44019: 0.999591
44020: 0.999591
44021: 0.999591
44022: 0.999591
44023: 0.999591
44024: 0.999591
44025: 0.999591
44026: 0.999591
44027: 0.999591
44028: 0.999591
44029: 0.999591
44030: 0.999591
44031: 0.999591
44032: 0.999591
44033: 0.999591
44034: 0.999591
44035: 0.999591
44036: 0.999591
44037: 0.999591
44038: 0.999591
44039: 0.999591
44040: 0.999591
44041: 0.999591
44042: 0.999591
44043: 0.999591
44044: 0.999591
44045: 0.999591
44046: 0.999591
44047: 0.999591
44048: 0.999591
44049: 0.999591
44050: 0.999591
44051: 0.999591
44052: 0.999591
44053: 0.999591
44054: 0.999591
44055: 0.999591
44056: 0.999591
44057: 0.999591
44058: 0.999591
44059: 0.999591
44060: 0.999591
44061: 0.999591
44062: 0.999591
44063: 0.999592
44064: 0.999592
44065: 0.999592
44066: 0.999592
44067: 0.999592
44068: 0.999592
44069: 0.999592
44070: 0.999592
44071: 0.999592
44072: 0.999592
44073: 0.999592
44074: 0.999592
44075: 0.999592
44076: 0.999592
44077: 0.999592
44078: 0.999592
44079: 0.999592
44080: 0.999592
44081: 0.999592
44082: 0.999592
44083: 0.999592
44084: 0.999592
44085: 0.999592
44086: 0.999592
44087: 0.999592
44088: 0.999592
44089: 0.999592
44090: 0.999592
44091: 0.999592
44092: 0.999592
44093: 0.999592
44094: 0.999592
44095: 0.999592
44096: 0.999592
44097: 0.999592
44098: 0.999592
44099: 0.999592
44100: 0.999592
44101: 0.999592
44102: 0.999592
44103: 0.999592
44104: 0.999592
44105: 0.999592
44106: 0.999592
44107: 0.999592
44108: 0.999592
44109: 0.999592
44110: 0.999592
44111: 0.999592
44112: 0.999592
44113: 0.999592
44114: 0.999592
44115: 0.999592
44116: 0.999592
44117: 0.999592
44118: 0.999592
44119: 0.999592
44120: 0.999592
44121: 0.999592
44122: 0.999592
44123: 0.999592
44124: 0.999592
44125: 0.999592
44126: 0.999592
44127: 0.999592
44128: 0.999592
44129: 0.999592
44130: 0.999592
44131: 0.999592
44132: 0.999592
44133: 0.999592
44134: 0.999592
44135: 0.999592
44136: 0.999592
44137: 0.999592
44138: 0.999592
44139: 0.999592
44140: 0.999592
44141: 0.999592
44142: 0.999592
44143: 0.999592
44144: 0.999592
44145: 0.999592
44146: 0.999592
44147: 0.999592
44148: 0.999592
44149: 0.999592
44150: 0.999592
44151: 0.999592
44152: 0.999592
44153: 0.999592
44154: 0.999592
44155: 0.999592
44156: 0.999592
44157: 0.999592
44158: 0.999592
44159: 0.999592
44160: 0.999592
44161: 0.999592
44162: 0.999592
44163: 0.999592
44164: 0.999592
44165: 0.999592
44166: 0.999592
44167: 0.999592
44168: 0.999592
44169: 0.999592
44170: 0.999592
44171: 0.999593
44172: 0.999593
44173: 0.999593
44174: 0.999593
44175: 0.999593
44176: 0.999593
44177: 0.999593
44178: 0.999593
44179: 0.999593
44180: 0.999593
44181: 0.999593
44182: 0.999593
44183: 0.999593
44184: 0.999593
44185: 0.999593
44186: 0.999593
44187: 0.999593
44188: 0.999593
44189: 0.999593
44190: 0.999593
44191: 0.999593
44192: 0.999593
44193: 0.999593
44194: 0.999593
44195: 0.999593
44196: 0.999593
44197: 0.999593
44198: 0.999593
44199: 0.999593
44200: 0.999593
44201: 0.999593
44202: 0.999593
44203: 0.999593
44204: 0.999593
44205: 0.999593
44206: 0.999593
44207: 0.999593
44208: 0.999593
44209: 0.999593
44210: 0.999593
44211: 0.999593
44212: 0.999593
44213: 0.999593
44214: 0.999593
44215: 0.999593
44216: 0.999593
44217: 0.999593
44218: 0.999593
44219: 0.999593
44220: 0.999593
44221: 0.999593
44222: 0.999593
44223: 0.999593
44224: 0.999593
44225: 0.999593
44226: 0.999593
44227: 0.999593
44228: 0.999593
44229: 0.999593
44230: 0.999593
44231: 0.999593
44232: 0.999593
44233: 0.999593
44234: 0.999593
44235: 0.999593
44236: 0.999593
44237: 0.999593
44238: 0.999593
44239: 0.999593
44240: 0.999593
44241: 0.999593
44242: 0.999593
44243: 0.999593
44244: 0.999593
44245: 0.999593
44246: 0.999593
44247: 0.999593
44248: 0.999593
44249: 0.999593
44250: 0.999593
44251: 0.999593
44252: 0.999593
44253: 0.999593
44254: 0.999593
44255: 0.999593
44256: 0.999593
44257: 0.999593
44258: 0.999593
44259: 0.999593
44260: 0.999593
44261: 0.999593
44262: 0.999593
44263: 0.999593
44264: 0.999593
44265: 0.999593
44266: 0.999593
44267: 0.999593
44268: 0.999593
44269: 0.999593
44270: 0.999593
44271: 0.999593
44272: 0.999593
44273: 0.999593
44274: 0.999593
44275: 0.999593
44276: 0.999593
44277: 0.999593
44278: 0.999593
44279: 0.999593
44280: 0.999594
44281: 0.999594
44282: 0.999594
44283: 0.999594
44284: 0.999594
44285: 0.999594
44286: 0.999594
44287: 0.999594
44288: 0.999594
44289: 0.999594
44290: 0.999594
44291: 0.999594
44292: 0.999594
44293: 0.999594
44294: 0.999594
44295: 0.999594
44296: 0.999594
44297: 0.999594
44298: 0.999594
44299: 0.999594
44300: 0.999594
44301: 0.999594
44302: 0.999594
44303: 0.999594
44304: 0.999594
44305: 0.999594
44306: 0.999594
44307: 0.999594
44308: 0.999594
44309: 0.999594
44310: 0.999594
44311: 0.999594
44312: 0.999594
44313: 0.999594
44314: 0.999594
44315: 0.999594
44316: 0.999594
44317: 0.999594
44318: 0.999594
44319: 0.999594
44320: 0.999594
44321: 0.999594
44322: 0.999594
44323: 0.999594
44324: 0.999594
44325: 0.999594
44326: 0.999594
44327: 0.999594
44328: 0.999594
44329: 0.999594
44330: 0.999594
44331: 0.999594
44332: 0.999594
44333: 0.999594
44334: 0.999594
44335: 0.999594
44336: 0.999594
44337: 0.999594
44338: 0.999594
44339: 0.999594
44340: 0.999594
44341: 0.999594
44342: 0.999594
44343: 0.999594
44344: 0.999594
44345: 0.999594
44346: 0.999594
44347: 0.999594
44348: 0.999594
44349: 0.999594
44350: 0.999594
44351: 0.999594
44352: 0.999594
44353: 0.999594
44354: 0.999594
44355: 0.999594
44356: 0.999594
44357: 0.999594
44358: 0.999594
44359: 0.999594
44360: 0.999594
44361: 0.999594
44362: 0.999594
44363: 0.999594
44364: 0.999594
44365: 0.999594
44366: 0.999594
44367: 0.999594
44368: 0.999594
44369: 0.999594
44370: 0.999594
44371: 0.999594
44372: 0.999594
44373: 0.999594
44374: 0.999594
44375: 0.999594
44376: 0.999594
44377: 0.999594
44378: 0.999594
44379: 0.999594
44380: 0.999594
44381: 0.999594
44382: 0.999594
44383: 0.999594
44384: 0.999594
44385: 0.999594
44386: 0.999594
44387: 0.999594
44388: 0.999594
44389: 0.999595
44390: 0.999595
44391: 0.999595
44392: 0.999595
44393: 0.999595
44394: 0.999595
44395: 0.999595
44396: 0.999595
44397: 0.999595
44398: 0.999595
44399: 0.999595
44400: 0.999595
44401: 0.999595
44402: 0.999595
44403: 0.999595
44404: 0.999595
44405: 0.999595
44406: 0.999595
44407: 0.999595
44408: 0.999595
44409: 0.999595
44410: 0.999595
44411: 0.999595
44412: 0.999595
44413: 0.999595
44414: 0.999595
44415: 0.999595
44416: 0.999595
44417: 0.999595
44418: 0.999595
44419: 0.999595
44420: 0.999595
44421: 0.999595
44422: 0.999595
44423: 0.999595
44424: 0.999595
44425: 0.999595
44426: 0.999595
44427: 0.999595
44428: 0.999595
44429: 0.999595
44430: 0.999595
44431: 0.999595
44432: 0.999595
44433: 0.999595
44434: 0.999595
44435: 0.999595
44436: 0.999595
44437: 0.999595
44438: 0.999595
44439: 0.999595
44440: 0.999595
44441: 0.999595
44442: 0.999595
44443: 0.999595
44444: 0.999595
44445: 0.999595
44446: 0.999595
44447: 0.999595
44448: 0.999595
44449: 0.999595
44450: 0.999595
44451: 0.999595
44452: 0.999595
44453: 0.999595
44454: 0.999595
44455: 0.999595
44456: 0.999595
44457: 0.999595
44458: 0.999595
44459: 0.999595
44460: 0.999595
44461: 0.999595
44462: 0.999595
44463: 0.999595
44464: 0.999595
44465: 0.999595
44466: 0.999595
44467: 0.999595
44468: 0.999595
44469: 0.999595
44470: 0.999595
44471: 0.999595
44472: 0.999595
44473: 0.999595
44474: 0.999595
44475: 0.999595
44476: 0.999595
44477: 0.999595
44478: 0.999595
44479: 0.999595
44480: 0.999595
44481: 0.999595
44482: 0.999595
44483: 0.999595
44484: 0.999595
44485: 0.999595
44486: 0.999595
44487: 0.999595
44488: 0.999595
44489: 0.999595
44490: 0.999595
44491: 0.999595
44492: 0.999595
44493: 0.999595
44494: 0.999595
44495: 0.999595
44496: 0.999595
44497: 0.999595
44498: 0.999595
44499: 0.999596
44500: 0.999596
44501: 0.999596
44502: 0.999596
44503: 0.999596
44504: 0.999596
44505: 0.999596
44506: 0.999596
44507: 0.999596
44508: 0.999596
44509: 0.999596
44510: 0.999596
44511: 0.999596
44512: 0.999596
44513: 0.999596
44514: 0.999596
44515: 0.999596
44516: 0.999596
44517: 0.999596
44518: 0.999596
44519: 0.999596
44520: 0.999596
44521: 0.999596
44522: 0.999596
44523: 0.999596
44524: 0.999596
44525: 0.999596
44526: 0.999596
44527: 0.999596
44528: 0.999596
44529: 0.999596
44530: 0.999596
44531: 0.999596
44532: 0.999596
44533: 0.999596
44534: 0.999596
44535: 0.999596
44536: 0.999596
44537: 0.999596
44538: 0.999596
44539: 0.999596
44540: 0.999596
44541: 0.999596
44542: 0.999596
44543: 0.999596
44544: 0.999596
44545: 0.999596
44546: 0.999596
44547: 0.999596
44548: 0.999596
44549: 0.999596
44550: 0.999596
44551: 0.999596
44552: 0.999596
44553: 0.999596
44554: 0.999596
44555: 0.999596
44556: 0.999596
44557: 0.999596
44558: 0.999596
44559: 0.999596
44560: 0.999596
44561: 0.999596
44562: 0.999596
44563: 0.999596
44564: 0.999596
44565: 0.999596
44566: 0.999596
44567: 0.999596
44568: 0.999596
44569: 0.999596
44570: 0.999596
44571: 0.999596
44572: 0.999596
44573: 0.999596
44574: 0.999596
44575: 0.999596
44576: 0.999596
44577: 0.999596
44578: 0.999596
44579: 0.999596
44580: 0.999596
44581: 0.999596
44582: 0.999596
44583: 0.999596
44584: 0.999596
44585: 0.999596
44586: 0.999596
44587: 0.999596
44588: 0.999596
44589: 0.999596
44590: 0.999596
44591: 0.999596
44592: 0.999596
44593: 0.999596
44594: 0.999596
44595: 0.999596
44596: 0.999596
44597: 0.999596
44598: 0.999596
44599: 0.999596
44600: 0.999596
44601: 0.999596
44602: 0.999596
44603: 0.999596
44604: 0.999596
44605: 0.999596
44606: 0.999596
44607: 0.999596
44608: 0.999596
44609: 0.999597
44610: 0.999597
44611: 0.999597
44612: 0.999597
44613: 0.999597
44614: 0.999597
44615: 0.999597
44616: 0.999597
44617: 0.999597
44618: 0.999597
44619: 0.999597
44620: 0.999597
44621: 0.999597
44622: 0.999597
44623: 0.999597
44624: 0.999597
44625: 0.999597
44626: 0.999597
44627: 0.999597
44628: 0.999597
44629: 0.999597
44630: 0.999597
44631: 0.999597
44632: 0.999597
44633: 0.999597
44634: 0.999597
44635: 0.999597
44636: 0.999597
44637: 0.999597
44638: 0.999597
44639: 0.999597
44640: 0.999597
44641: 0.999597
44642: 0.999597
44643: 0.999597
44644: 0.999597
44645: 0.999597
44646: 0.999597
44647: 0.999597
44648: 0.999597
44649: 0.999597
44650: 0.999597
44651: 0.999597
44652: 0.999597
44653: 0.999597
44654: 0.999597
44655: 0.999597
44656: 0.999597
44657: 0.999597
44658: 0.999597
44659: 0.999597
44660: 0.999597
44661: 0.999597
44662: 0.999597
44663: 0.999597
44664: 0.999597
44665: 0.999597
44666: 0.999597
44667: 0.999597
44668: 0.999597
44669: 0.999597
44670: 0.999597
44671: 0.999597
44672: 0.999597
44673: 0.999597
44674: 0.999597
44675: 0.999597
44676: 0.999597
44677: 0.999597
44678: 0.999597
44679: 0.999597
44680: 0.999597
44681: 0.999597
44682: 0.999597
44683: 0.999597
44684: 0.999597
44685: 0.999597
44686: 0.999597
44687: 0.999597
44688: 0.999597
44689: 0.999597
44690: 0.999597
44691: 0.999597
44692: 0.999597
44693: 0.999597
44694: 0.999597
44695: 0.999597
44696: 0.999597
44697: 0.999597
44698: 0.999597
44699: 0.999597
44700: 0.999597
44701: 0.999597
44702: 0.999597
44703: 0.999597
44704: 0.999597
44705: 0.999597
44706: 0.999597
44707: 0.999597
44708: 0.999597
44709: 0.999597
44710: 0.999597
44711: 0.999597
44712: 0.999597
44713: 0.999597
44714: 0.999597
44715: 0.999597
44716: 0.999597
44717: 0.999597
44718: 0.999597
44719: 0.999597
44720: 0.999598
44721: 0.999598
44722: 0.999598
44723: 0.999598
44724: 0.999598
44725: 0.999598
44726: 0.999598
44727: 0.999598
44728: 0.999598
44729: 0.999598
44730: 0.999598
44731: 0.999598
44732: 0.999598
44733: 0.999598
44734: 0.999598
44735: 0.999598
44736: 0.999598
44737: 0.999598
44738: 0.999598
44739: 0.999598
44740: 0.999598
44741: 0.999598
44742: 0.999598
44743: 0.999598
44744: 0.999598
44745: 0.999598
44746: 0.999598
44747: 0.999598
44748: 0.999598
44749: 0.999598
44750: 0.999598
44751: 0.999598
44752: 0.999598
44753: 0.999598
44754: 0.999598
44755: 0.999598
44756: 0.999598
44757: 0.999598
44758: 0.999598
44759: 0.999598
44760: 0.999598
44761: 0.999598
44762: 0.999598
44763: 0.999598
44764: 0.999598
44765: 0.999598
44766: 0.999598
44767: 0.999598
44768: 0.999598
44769: 0.999598
44770: 0.999598
44771: 0.999598
44772: 0.999598
44773: 0.999598
44774: 0.999598
44775: 0.999598
44776: 0.999598
44777: 0.999598
44778: 0.999598
44779: 0.999598
44780: 0.999598
44781: 0.999598
44782: 0.999598
44783: 0.999598
44784: 0.999598
44785: 0.999598
44786: 0.999598
44787: 0.999598
44788: 0.999598
44789: 0.999598
44790: 0.999598
44791: 0.999598
44792: 0.999598
44793: 0.999598
44794: 0.999598
44795: 0.999598
44796: 0.999598
44797: 0.999598
44798: 0.999598
44799: 0.999598
44800: 0.999598
44801: 0.999598
44802: 0.999598
44803: 0.999598
44804: 0.999598
44805: 0.999598
44806: 0.999598
44807: 0.999598
44808: 0.999598
44809: 0.999598
44810: 0.999598
44811: 0.999598
44812: 0.999598
44813: 0.999598
44814: 0.999598
44815: 0.999598
44816: 0.999598
44817: 0.999598
44818: 0.999598
44819: 0.999598
44820: 0.999598
44821: 0.999598
44822: 0.999598
44823: 0.999598
44824: 0.999598
44825: 0.999598
44826: 0.999598
44827: 0.999598
44828: 0.999598
44829: 0.999598
44830: 0.999598
44831: 0.999599
44832: 0.999599
44833: 0.999599
44834: 0.999599
44835: 0.999599
44836: 0.999599
44837: 0.999599
44838: 0.999599
44839: 0.999599
44840: 0.999599
44841: 0.999599
44842: 0.999599
44843: 0.999599
44844: 0.999599
44845: 0.999599
44846: 0.999599
44847: 0.999599
44848: 0.999599
44849: 0.999599
44850: 0.999599
44851: 0.999599
44852: 0.999599
44853: 0.999599
44854: 0.999599
44855: 0.999599
44856: 0.999599
44857: 0.999599
44858: 0.999599
44859: 0.999599
44860: 0.999599
44861: 0.999599
44862: 0.999599
44863: 0.999599
44864: 0.999599
44865: 0.999599
44866: 0.999599
44867: 0.999599
44868: 0.999599
44869: 0.999599
44870: 0.999599
44871: 0.999599
44872: 0.999599
44873: 0.999599
44874: 0.999599
44875: 0.999599
44876: 0.999599
44877: 0.999599
44878: 0.999599
44879: 0.999599
44880: 0.999599
44881: 0.999599
44882: 0.999599
44883: 0.999599
44884: 0.999599
44885: 0.999599
44886: 0.999599
44887: 0.999599
44888: 0.999599
44889: 0.999599
44890: 0.999599
44891: 0.999599
44892: 0.999599
44893: 0.999599
44894: 0.999599
44895: 0.999599
44896: 0.999599
44897: 0.999599
44898: 0.999599
44899: 0.999599
44900: 0.999599
44901: 0.999599
44902: 0.999599
44903: 0.999599
44904: 0.999599
44905: 0.999599
44906: 0.999599
44907: 0.999599
44908: 0.999599
44909: 0.999599
44910: 0.999599
44911: 0.999599
44912: 0.999599
44913: 0.999599
44914: 0.999599
44915: 0.999599
44916: 0.999599
44917: 0.999599
44918: 0.999599
44919: 0.999599
44920: 0.999599
44921: 0.999599
44922: 0.999599
44923: 0.999599
44924: 0.999599
44925: 0.999599
44926: 0.999599
44927: 0.999599
44928: 0.999599
44929: 0.999599
44930: 0.999599
44931: 0.999599
44932: 0.999599
44933: 0.999599
44934: 0.999599
44935: 0.999599
44936: 0.999599
44937: 0.999599
44938: 0.999599
44939: 0.999599
44940: 0.999599
44941: 0.999599
44942: 0.999599
44943: 0.9996
44944: 0.9996
44945: 0.9996
44946: 0.9996
44947: 0.9996
44948: 0.9996
44949: 0.9996
44950: 0.9996
44951: 0.9996
44952: 0.9996
44953: 0.9996
44954: 0.9996
44955: 0.9996
44956: 0.9996
44957: 0.9996
44958: 0.9996
44959: 0.9996
44960: 0.9996
44961: 0.9996
44962: 0.9996
44963: 0.9996
44964: 0.9996
44965: 0.9996
44966: 0.9996
44967: 0.9996
44968: 0.9996
44969: 0.9996
44970: 0.9996
44971: 0.9996
44972: 0.9996
44973: 0.9996
44974: 0.9996
44975: 0.9996
44976: 0.9996
44977: 0.9996
44978: 0.9996
44979: 0.9996
44980: 0.9996
44981: 0.9996
44982: 0.9996
44983: 0.9996
44984: 0.9996
44985: 0.9996
44986: 0.9996
44987: 0.9996
44988: 0.9996
44989: 0.9996
44990: 0.9996
44991: 0.9996
44992: 0.9996
44993: 0.9996
44994: 0.9996
44995: 0.9996
44996: 0.9996
44997: 0.9996
44998: 0.9996
44999: 0.9996
45000: 0.9996
45001: 0.9996
45002: 0.9996
45003: 0.9996
45004: 0.9996
45005: 0.9996
45006: 0.9996
45007: 0.9996
45008: 0.9996
45009: 0.9996
45010: 0.9996
45011: 0.9996
45012: 0.9996
45013: 0.9996
45014: 0.9996
45015: 0.9996
45016: 0.9996
45017: 0.9996
45018: 0.9996
45019: 0.9996
45020: 0.9996
45021: 0.9996
45022: 0.9996
45023: 0.9996
45024: 0.9996
45025: 0.9996
45026: 0.9996
45027: 0.9996
45028: 0.9996
45029: 0.9996
45030: 0.9996
45031: 0.9996
45032: 0.9996
45033: 0.9996
45034: 0.9996
45035: 0.9996
45036: 0.9996
45037: 0.9996
45038: 0.9996
45039: 0.9996
45040: 0.9996
45041: 0.9996
45042: 0.9996
45043: 0.9996
45044: 0.9996
45045: 0.9996
45046: 0.9996
45047: 0.9996
45048: 0.9996
45049: 0.9996
45050: 0.9996
45051: 0.9996
45052: 0.9996
45053: 0.9996
45054: 0.9996
45055: 0.9996
45056: 0.999601
45057: 0.999601
45058: 0.999601
45059: 0.999601
45060: 0.999601
45061: 0.999601
45062: 0.999601
45063: 0.999601
45064: 0.999601
45065: 0.999601
45066: 0.999601
45067: 0.999601
45068: 0.999601
45069: 0.999601
45070: 0.999601
45071: 0.999601
45072: 0.999601
45073: 0.999601
45074: 0.999601
45075: 0.999601
45076: 0.999601
45077: 0.999601
45078: 0.999601
45079: 0.999601
45080: 0.999601
45081: 0.999601
45082: 0.999601
45083: 0.999601
45084: 0.999601
45085: 0.999601
45086: 0.999601
45087: 0.999601
45088: 0.999601
45089: 0.999601
45090: 0.999601
45091: 0.999601
45092: 0.999601
45093: 0.999601
45094: 0.999601
45095: 0.999601
45096: 0.999601
45097: 0.999601
45098: 0.999601
45099: 0.999601
45100: 0.999601
45101: 0.999601
45102: 0.999601
45103: 0.999601
45104: 0.999601
45105: 0.999601
45106: 0.999601
45107: 0.999601
45108: 0.999601
45109: 0.999601
45110: 0.999601
45111: 0.999601
45112: 0.999601
45113: 0.999601
45114: 0.999601
45115: 0.999601
45116: 0.999601
45117: 0.999601
45118: 0.999601
45119: 0.999601
45120: 0.999601
45121: 0.999601
45122: 0.999601
45123: 0.999601
45124: 0.999601
45125: 0.999601
45126: 0.999601
45127: 0.999601
45128: 0.999601
45129: 0.999601
45130: 0.999601
45131: 0.999601
45132: 0.999601
45133: 0.999601
45134: 0.999601
45135: 0.999601
45136: 0.999601
45137: 0.999601
45138: 0.999601
45139: 0.999601
45140: 0.999601
45141: 0.999601
45142: 0.999601
45143: 0.999601
45144: 0.999601
45145: 0.999601
45146: 0.999601
45147: 0.999601
45148: 0.999601
45149: 0.999601
45150: 0.999601
45151: 0.999601
45152: 0.999601
45153: 0.999601
45154: 0.999601
45155: 0.999601
45156: 0.999601
45157: 0.999601
45158: 0.999601
45159: 0.999601
45160: 0.999601
45161: 0.999601
45162: 0.999601
45163: 0.999601
45164: 0.999601
45165: 0.999601
45166: 0.999601
45167: 0.999601
45168: 0.999601
45169: 0.999602
45170: 0.999602
45171: 0.999602
45172: 0.999602
45173: 0.999602
45174: 0.999602
45175: 0.999602
45176: 0.999602
45177: 0.999602
45178: 0.999602
45179: 0.999602
45180: 0.999602
45181: 0.999602
45182: 0.999602
45183: 0.999602
45184: 0.999602
45185: 0.999602
45186: 0.999602
45187: 0.999602
45188: 0.999602
45189: 0.999602
45190: 0.999602
45191: 0.999602
45192: 0.999602
45193: 0.999602
45194: 0.999602
45195: 0.999602
45196: 0.999602
45197: 0.999602
45198: 0.999602
45199: 0.999602
45200: 0.999602
45201: 0.999602
45202: 0.999602
45203: 0.999602
45204: 0.999602
45205: 0.999602
45206: 0.999602
45207: 0.999602
45208: 0.999602
45209: 0.999602
45210: 0.999602
45211: 0.999602
45212: 0.999602
45213: 0.999602
45214: 0.999602
45215: 0.999602
45216: 0.999602
45217: 0.999602
45218: 0.999602
45219: 0.999602
45220: 0.999602
45221: 0.999602
45222: 0.999602
45223: 0.999602
45224: 0.999602
45225: 0.999602
45226: 0.999602
45227: 0.999602
45228: 0.999602
45229: 0.999602
45230: 0.999602
45231: 0.999602
45232: 0.999602
45233: 0.999602
45234: 0.999602
45235: 0.999602
45236: 0.999602
45237: 0.999602
45238: 0.999602
45239: 0.999602
45240: 0.999602
45241: 0.999602
45242: 0.999602
45243: 0.999602
45244: 0.999602
45245: 0.999602
45246: 0.999602
45247: 0.999602
45248: 0.999602
45249: 0.999602
45250: 0.999602
45251: 0.999602
45252: 0.999602
45253: 0.999602
45254: 0.999602
45255: 0.999602
45256: 0.999602
45257: 0.999602
45258: 0.999602
45259: 0.999602
45260: 0.999602
45261: 0.999602
45262: 0.999602
45263: 0.999602
45264: 0.999602
45265: 0.999602
45266: 0.999602
45267: 0.999602
45268: 0.999602
45269: 0.999602
45270: 0.999602
45271: 0.999602
45272: 0.999602
45273: 0.999602
45274: 0.999602
45275: 0.999602
45276: 0.999602
45277: 0.999602
45278: 0.999602
45279: 0.999602
45280: 0.999602
45281: 0.999602
45282: 0.999602
45283: 0.999603
45284: 0.999603
45285: 0.999603
45286: 0.999603
45287: 0.999603
45288: 0.999603
45289: 0.999603
45290: 0.999603
45291: 0.999603
45292: 0.999603
45293: 0.999603
45294: 0.999603
45295: 0.999603
45296: 0.999603
45297: 0.999603
45298: 0.999603
45299: 0.999603
45300: 0.999603
45301: 0.999603
45302: 0.999603
45303: 0.999603
45304: 0.999603
45305: 0.999603
45306: 0.999603
45307: 0.999603
45308: 0.999603
45309: 0.999603
45310: 0.999603
45311: 0.999603
45312: 0.999603
45313: 0.999603
45314: 0.999603
45315: 0.999603
45316: 0.999603
45317: 0.999603
45318: 0.999603
45319: 0.999603
45320: 0.999603
45321: 0.999603
45322: 0.999603
45323: 0.999603
45324: 0.999603
45325: 0.999603
45326: 0.999603
45327: 0.999603
45328: 0.999603
45329: 0.999603
45330: 0.999603
45331: 0.999603
45332: 0.999603
45333: 0.999603
45334: 0.999603
45335: 0.999603
45336: 0.999603
45337: 0.999603
45338: 0.999603
45339: 0.999603
45340: 0.999603
45341: 0.999603
45342: 0.999603
45343: 0.999603
45344: 0.999603
45345: 0.999603
45346: 0.999603
45347: 0.999603
45348: 0.999603
45349: 0.999603
45350: 0.999603
45351: 0.999603
45352: 0.999603
45353: 0.999603
45354: 0.999603
45355: 0.999603
45356: 0.999603
45357: 0.999603
45358: 0.999603
45359: 0.999603
45360: 0.999603
45361: 0.999603
45362: 0.999603
45363: 0.999603
45364: 0.999603
45365: 0.999603
45366: 0.999603
45367: 0.999603
45368: 0.999603
45369: 0.999603
45370: 0.999603
45371: 0.999603
45372: 0.999603
45373: 0.999603
45374: 0.999603
45375: 0.999603
45376: 0.999603
45377: 0.999603
45378: 0.999603
45379: 0.999603
45380: 0.999603
45381: 0.999603
45382: 0.999603
45383: 0.999603
45384: 0.999603
45385: 0.999603
45386: 0.999603
45387: 0.999603
45388: 0.999603
45389: 0.999603
45390: 0.999603
45391: 0.999603
45392: 0.999603
45393: 0.999603
45394: 0.999603
45395: 0.999603
45396: 0.999603
45397: 0.999604
45398: 0.999604
45399: 0.999604
45400: 0.999604
45401: 0.999604
45402: 0.999604
45403: 0.999604
45404: 0.999604
45405: 0.999604
45406: 0.999604
45407: 0.999604
45408: 0.999604
45409: 0.999604
45410: 0.999604
45411: 0.999604
45412: 0.999604
45413: 0.999604
45414: 0.999604
45415: 0.999604
45416: 0.999604
45417: 0.999604
45418: 0.999604
45419: 0.999604
45420: 0.999604
45421: 0.999604
45422: 0.999604
45423: 0.999604
45424: 0.999604
45425: 0.999604
45426: 0.999604
45427: 0.999604
45428: 0.999604
45429: 0.999604
45430: 0.999604
45431: 0.999604
45432: 0.999604
45433: 0.999604
45434: 0.999604
45435: 0.999604
45436: 0.999604
45437: 0.999604
45438: 0.999604
45439: 0.999604
45440: 0.999604
45441: 0.999604
45442: 0.999604
45443: 0.999604
45444: 0.999604
45445: 0.999604
45446: 0.999604
45447: 0.999604
45448: 0.999604
45449: 0.999604
45450: 0.999604
45451: 0.999604
45452: 0.999604
45453: 0.999604
45454: 0.999604
45455: 0.999604
45456: 0.999604
45457: 0.999604
45458: 0.999604
45459: 0.999604
45460: 0.999604
45461: 0.999604
45462: 0.999604
45463: 0.999604
45464: 0.999604
45465: 0.999604
45466: 0.999604
45467: 0.999604
45468: 0.999604
45469: 0.999604
45470: 0.999604
45471: 0.999604
45472: 0.999604
45473: 0.999604
45474: 0.999604
45475: 0.999604
45476: 0.999604
45477: 0.999604
45478: 0.999604
45479: 0.999604
45480: 0.999604
45481: 0.999604
45482: 0.999604
45483: 0.999604
45484: 0.999604
45485: 0.999604
45486: 0.999604
45487: 0.999604
45488: 0.999604
45489: 0.999604
45490: 0.999604
45491: 0.999604
45492: 0.999604
45493: 0.999604
45494: 0.999604
45495: 0.999604
45496: 0.999604
45497: 0.999604
45498: 0.999604
45499: 0.999604
45500: 0.999604
45501: 0.999604
45502: 0.999604
45503: 0.999604
45504: 0.999604
45505: 0.999604
45506: 0.999604
45507: 0.999604
45508: 0.999604
45509: 0.999604
45510: 0.999604
45511: 0.999604
45512: 0.999605
45513: 0.999605
45514: 0.999605
45515: 0.999605
45516: 0.999605
45517: 0.999605
45518: 0.999605
45519: 0.999605
45520: 0.999605
45521: 0.999605
45522: 0.999605
45523: 0.999605
45524: 0.999605
45525: 0.999605
45526: 0.999605
45527: 0.999605
45528: 0.999605
45529: 0.999605
45530: 0.999605
45531: 0.999605
45532: 0.999605
45533: 0.999605
45534: 0.999605
45535: 0.999605
45536: 0.999605
45537: 0.999605
45538: 0.999605
45539: 0.999605
45540: 0.999605
45541: 0.999605
45542: 0.999605
45543: 0.999605
45544: 0.999605
45545: 0.999605
45546: 0.999605
45547: 0.999605
45548: 0.999605
45549: 0.999605
45550: 0.999605
45551: 0.999605
45552: 0.999605
45553: 0.999605
45554: 0.999605
45555: 0.999605
45556: 0.999605
45557: 0.999605
45558: 0.999605
45559: 0.999605
45560: 0.999605
45561: 0.999605
45562: 0.999605
45563: 0.999605
45564: 0.999605
45565: 0.999605
45566: 0.999605
45567: 0.999605
45568: 0.999605
45569: 0.999605
45570: 0.999605
45571: 0.999605
45572: 0.999605
45573: 0.999605
45574: 0.999605
45575: 0.999605
45576: 0.999605
45577: 0.999605
45578: 0.999605
45579: 0.999605
45580: 0.999605
45581: 0.999605
45582: 0.999605
45583: 0.999605
45584: 0.999605
45585: 0.999605
45586: 0.999605
45587: 0.999605
45588: 0.999605
45589: 0.999605
45590: 0.999605
45591: 0.999605
45592: 0.999605
45593: 0.999605
45594: 0.999605
45595: 0.999605
45596: 0.999605
45597: 0.999605
45598: 0.999605
45599: 0.999605
45600: 0.999605
45601: 0.999605
45602: 0.999605
45603: 0.999605
45604: 0.999605
45605: 0.999605
45606: 0.999605
45607: 0.999605
45608: 0.999605
45609: 0.999605
45610: 0.999605
45611: 0.999605
45612: 0.999605
45613: 0.999605
45614: 0.999605
45615: 0.999605
45616: 0.999605
45617: 0.999605
45618: 0.999605
45619: 0.999605
45620: 0.999605
45621: 0.999605
45622: 0.999605
45623: 0.999605
45624: 0.999605
45625: 0.999605
45626: 0.999605
45627: 0.999606
45628: 0.999606
45629: 0.999606
45630: 0.999606
45631: 0.999606
45632: 0.999606
45633: 0.999606
45634: 0.999606
45635: 0.999606
45636: 0.999606
45637: 0.999606
45638: 0.999606
45639: 0.999606
45640: 0.999606
45641: 0.999606
45642: 0.999606
45643: 0.999606
45644: 0.999606
45645: 0.999606
45646: 0.999606
45647: 0.999606
45648: 0.999606
45649: 0.999606
45650: 0.999606
45651: 0.999606
45652: 0.999606
45653: 0.999606
45654: 0.999606
45655: 0.999606
45656: 0.999606
45657: 0.999606
45658: 0.999606
45659: 0.999606
45660: 0.999606
45661: 0.999606
45662: 0.999606
45663: 0.999606
45664: 0.999606
45665: 0.999606
45666: 0.999606
45667: 0.999606
45668: 0.999606
45669: 0.999606
45670: 0.999606
45671: 0.999606
45672: 0.999606
45673: 0.999606
45674: 0.999606
45675: 0.999606
45676: 0.999606
45677: 0.999606
45678: 0.999606
45679: 0.999606
45680: 0.999606
45681: 0.999606
45682: 0.999606
45683: 0.999606
45684: 0.999606
45685: 0.999606
45686: 0.999606
45687: 0.999606
45688: 0.999606
45689: 0.999606
45690: 0.999606
45691: 0.999606
45692: 0.999606
45693: 0.999606
45694: 0.999606
45695: 0.999606
45696: 0.999606
45697: 0.999606
45698: 0.999606
45699: 0.999606
45700: 0.999606
45701: 0.999606
45702: 0.999606
45703: 0.999606
45704: 0.999606
45705: 0.999606
45706: 0.999606
45707: 0.999606
45708: 0.999606
45709: 0.999606
45710: 0.999606
45711: 0.999606
45712: 0.999606
45713: 0.999606
45714: 0.999606
45715: 0.999606
45716: 0.999606
45717: 0.999606
45718: 0.999606
45719: 0.999606
45720: 0.999606
45721: 0.999606
45722: 0.999606
45723: 0.999606
45724: 0.999606
45725: 0.999606
45726: 0.999606
45727: 0.999606
45728: 0.999606
45729: 0.999606
45730: 0.999606
45731: 0.999606
45732: 0.999606
45733: 0.999606
45734: 0.999606
45735: 0.999606
45736: 0.999606
45737: 0.999606
45738: 0.999606
45739: 0.999606
45740: 0.999606
45741: 0.999606
45742: 0.999606
45743: 0.999607
45744: 0.999607
45745: 0.999607
45746: 0.999607
45747: 0.999607
45748: 0.999607
45749: 0.999607
45750: 0.999607
45751: 0.999607
45752: 0.999607
45753: 0.999607
45754: 0.999607
45755: 0.999607
45756: 0.999607
45757: 0.999607
45758: 0.999607
45759: 0.999607
45760: 0.999607
45761: 0.999607
45762: 0.999607
45763: 0.999607
45764: 0.999607
45765: 0.999607
45766: 0.999607
45767: 0.999607
45768: 0.999607
45769: 0.999607
45770: 0.999607
45771: 0.999607
45772: 0.999607
45773: 0.999607
45774: 0.999607
45775: 0.999607
45776: 0.999607
45777: 0.999607
45778: 0.999607
45779: 0.999607
45780: 0.999607
45781: 0.999607
45782: 0.999607
45783: 0.999607
45784: 0.999607
45785: 0.999607
45786: 0.999607
45787: 0.999607
45788: 0.999607
45789: 0.999607
45790: 0.999607
45791: 0.999607
45792: 0.999607
45793: 0.999607
45794: 0.999607
45795: 0.999607
45796: 0.999607
45797: 0.999607
45798: 0.999607
45799: 0.999607
45800: 0.999607
45801: 0.999607
45802: 0.999607
45803: 0.999607
45804: 0.999607
45805: 0.999607
45806: 0.999607
45807: 0.999607
45808: 0.999607
45809: 0.999607
45810: 0.999607
45811: 0.999607
45812: 0.999607
45813: 0.999607
45814: 0.999607
45815: 0.999607
45816: 0.999607
45817: 0.999607
45818: 0.999607
45819: 0.999607
45820: 0.999607
45821: 0.999607
45822: 0.999607
45823: 0.999607
45824: 0.999607
45825: 0.999607
45826: 0.999607
45827: 0.999607
45828: 0.999607
45829: 0.999607
45830: 0.999607
45831: 0.999607
45832: 0.999607
45833: 0.999607
45834: 0.999607
45835: 0.999607
45836: 0.999607
45837: 0.999607
45838: 0.999607
45839: 0.999607
45840: 0.999607
45841: 0.999607
45842: 0.999607
45843: 0.999607
45844: 0.999607
45845: 0.999607
45846: 0.999607
45847: 0.999607
45848: 0.999607
45849: 0.999607
45850: 0.999607
45851: 0.999607
45852: 0.999607
45853: 0.999607
45854: 0.999607
45855: 0.999607
45856: 0.999607
45857: 0.999607
45858: 0.999607
45859: 0.999608
45860: 0.999608
45861: 0.999608
45862: 0.999608
45863: 0.999608
45864: 0.999608
45865: 0.999608
45866: 0.999608
45867: 0.999608
45868: 0.999608
45869: 0.999608
45870: 0.999608
45871: 0.999608
45872: 0.999608
45873: 0.999608
45874: 0.999608
45875: 0.999608
45876: 0.999608
45877: 0.999608
45878: 0.999608
45879: 0.999608
45880: 0.999608
45881: 0.999608
45882: 0.999608
45883: 0.999608
45884: 0.999608
45885: 0.999608
45886: 0.999608
45887: 0.999608
45888: 0.999608
45889: 0.999608
45890: 0.999608
45891: 0.999608
45892: 0.999608
45893: 0.999608
45894: 0.999608
45895: 0.999608
45896: 0.999608
45897: 0.999608
45898: 0.999608
45899: 0.999608
45900: 0.999608
45901: 0.999608
45902: 0.999608
45903: 0.999608
45904: 0.999608
45905: 0.999608
45906: 0.999608
45907: 0.999608
45908: 0.999608
45909: 0.999608
45910: 0.999608
45911: 0.999608
45912: 0.999608
45913: 0.999608
45914: 0.999608
45915: 0.999608
45916: 0.999608
45917: 0.999608
45918: 0.999608
45919: 0.999608
45920: 0.999608
45921: 0.999608
45922: 0.999608
45923: 0.999608
45924: 0.999608
45925: 0.999608
45926: 0.999608
45927: 0.999608
45928: 0.999608
45929: 0.999608
45930: 0.999608
45931: 0.999608
45932: 0.999608
45933: 0.999608
45934: 0.999608
45935: 0.999608
45936: 0.999608
45937: 0.999608
45938: 0.999608
45939: 0.999608
45940: 0.999608
45941: 0.999608
45942: 0.999608
45943: 0.999608
45944: 0.999608
45945: 0.999608
45946: 0.999608
45947: 0.999608
45948: 0.999608
45949: 0.999608
45950: 0.999608
45951: 0.999608
45952: 0.999608
45953: 0.999608
45954: 0.999608
45955: 0.999608
45956: 0.999608
45957: 0.999608
45958: 0.999608
45959: 0.999608
45960: 0.999608
45961: 0.999608
45962: 0.999608
45963: 0.999608
45964: 0.999608
45965: 0.999608
45966: 0.999608
45967: 0.999608
45968: 0.999608
45969: 0.999608
45970: 0.999608
45971: 0.999608
45972: 0.999608
45973: 0.999608
45974: 0.999608
45975: 0.999608
45976: 0.999608
45977: 0.999609
45978: 0.999609
45979: 0.999609
45980: 0.999609
45981: 0.999609
45982: 0.999609
45983: 0.999609
45984: 0.999609
45985: 0.999609
45986: 0.999609
45987: 0.999609
45988: 0.999609
45989: 0.999609
45990: 0.999609
45991: 0.999609
45992: 0.999609
45993: 0.999609
45994: 0.999609
45995: 0.999609
45996: 0.999609
45997: 0.999609
45998: 0.999609
45999: 0.999609
46000: 0.999609
46001: 0.999609
46002: 0.999609
46003: 0.999609
46004: 0.999609
46005: 0.999609
46006: 0.999609
46007: 0.999609
46008: 0.999609
46009: 0.999609
46010: 0.999609
46011: 0.999609
46012: 0.999609
46013: 0.999609
46014: 0.999609
46015: 0.999609
46016: 0.999609
46017: 0.999609
46018: 0.999609
46019: 0.999609
46020: 0.999609
46021: 0.999609
46022: 0.999609
46023: 0.999609
46024: 0.999609
46025: 0.999609
46026: 0.999609
46027: 0.999609
46028: 0.999609
46029: 0.999609
46030: 0.999609
46031: 0.999609
46032: 0.999609
46033: 0.999609
46034: 0.999609
46035: 0.999609
46036: 0.999609
46037: 0.999609
46038: 0.999609
46039: 0.999609
46040: 0.999609
46041: 0.999609
46042: 0.999609
46043: 0.999609
46044: 0.999609
46045: 0.999609
46046: 0.999609
46047: 0.999609
46048: 0.999609
46049: 0.999609
46050: 0.999609
46051: 0.999609
46052: 0.999609
46053: 0.999609
46054: 0.999609
46055: 0.999609
46056: 0.999609
46057: 0.999609
46058: 0.999609
46059: 0.999609
46060: 0.999609
46061: 0.999609
46062: 0.999609
46063: 0.999609
46064: 0.999609
46065: 0.999609
46066: 0.999609
46067: 0.999609
46068: 0.999609
46069: 0.999609
46070: 0.999609
46071: 0.999609
46072: 0.999609
46073: 0.999609
46074: 0.999609
46075: 0.999609
46076: 0.999609
46077: 0.999609
46078: 0.999609
46079: 0.999609
46080: 0.999609
46081: 0.999609
46082: 0.999609
46083: 0.999609
46084: 0.999609
46085: 0.999609
46086: 0.999609
46087: 0.999609
46088: 0.999609
46089: 0.999609
46090: 0.999609
46091: 0.999609
46092: 0.999609
46093: 0.999609
46094: 0.99961
46095: 0.99961
46096: 0.99961
46097: 0.99961
46098: 0.99961
46099: 0.99961
46100: 0.99961
46101: 0.99961
46102: 0.99961
46103: 0.99961
46104: 0.99961
46105: 0.99961
46106: 0.99961
46107: 0.99961
46108: 0.99961
46109: 0.99961
46110: 0.99961
46111: 0.99961
46112: 0.99961
46113: 0.99961
46114: 0.99961
46115: 0.99961
46116: 0.99961
46117: 0.99961
46118: 0.99961
46119: 0.99961
46120: 0.99961
46121: 0.99961
46122: 0.99961
46123: 0.99961
46124: 0.99961
46125: 0.99961
46126: 0.99961
46127: 0.99961
46128: 0.99961
46129: 0.99961
46130: 0.99961
46131: 0.99961
46132: 0.99961
46133: 0.99961
46134: 0.99961
46135: 0.99961
46136: 0.99961
46137: 0.99961
46138: 0.99961
46139: 0.99961
46140: 0.99961
46141: 0.99961
46142: 0.99961
46143: 0.99961
46144: 0.99961
46145: 0.99961
46146: 0.99961
46147: 0.99961
46148: 0.99961
46149: 0.99961
46150: 0.99961
46151: 0.99961
46152: 0.99961
46153: 0.99961
46154: 0.99961
46155: 0.99961
46156: 0.99961
46157: 0.99961
46158: 0.99961
46159: 0.99961
46160: 0.99961
46161: 0.99961
46162: 0.99961
46163: 0.99961
46164: 0.99961
46165: 0.99961
46166: 0.99961
46167: 0.99961
46168: 0.99961
46169: 0.99961
46170: 0.99961
46171: 0.99961
46172: 0.99961
46173: 0.99961
46174: 0.99961
46175: 0.99961
46176: 0.99961
46177: 0.99961
46178: 0.99961
46179: 0.99961
46180: 0.99961
46181: 0.99961
46182: 0.99961
46183: 0.99961
46184: 0.99961
46185: 0.99961
46186: 0.99961
46187: 0.99961
46188: 0.99961
46189: 0.99961
46190: 0.99961
46191: 0.99961
46192: 0.99961
46193: 0.99961
46194: 0.99961
46195: 0.99961
46196: 0.99961
46197: 0.99961
46198: 0.99961
46199: 0.99961
46200: 0.99961
46201: 0.99961
46202: 0.99961
46203: 0.99961
46204: 0.99961
46205: 0.99961
46206: 0.99961
46207: 0.99961
46208: 0.99961
46209: 0.99961
46210: 0.99961
46211: 0.99961
46212: 0.99961
46213: 0.999611
46214: 0.999611
46215: 0.999611
46216: 0.999611
46217: 0.999611
46218: 0.999611
46219: 0.999611
46220: 0.999611
46221: 0.999611
46222: 0.999611
46223: 0.999611
46224: 0.999611
46225: 0.999611
46226: 0.999611
46227: 0.999611
46228: 0.999611
46229: 0.999611
46230: 0.999611
46231: 0.999611
46232: 0.999611
46233: 0.999611
46234: 0.999611
46235: 0.999611
46236: 0.999611
46237: 0.999611
46238: 0.999611
46239: 0.999611
46240: 0.999611
46241: 0.999611
46242: 0.999611
46243: 0.999611
46244: 0.999611
46245: 0.999611
46246: 0.999611
46247: 0.999611
46248: 0.999611
46249: 0.999611
46250: 0.999611
46251: 0.999611
46252: 0.999611
46253: 0.999611
46254: 0.999611
46255: 0.999611
46256: 0.999611
46257: 0.999611
46258: 0.999611
46259: 0.999611
46260: 0.999611
46261: 0.999611
46262: 0.999611
46263: 0.999611
46264: 0.999611
46265: 0.999611
46266: 0.999611
46267: 0.999611
46268: 0.999611
46269: 0.999611
46270: 0.999611
46271: 0.999611
46272: 0.999611
46273: 0.999611
46274: 0.999611
46275: 0.999611
46276: 0.999611
46277: 0.999611
46278: 0.999611
46279: 0.999611
46280: 0.999611
46281: 0.999611
46282: 0.999611
46283: 0.999611
46284: 0.999611
46285: 0.999611
46286: 0.999611
46287: 0.999611
46288: 0.999611
46289: 0.999611
46290: 0.999611
46291: 0.999611
46292: 0.999611
46293: 0.999611
46294: 0.999611
46295: 0.999611
46296: 0.999611
46297: 0.999611
46298: 0.999611
46299: 0.999611
46300: 0.999611
46301: 0.999611
46302: 0.999611
46303: 0.999611
46304: 0.999611
46305: 0.999611
46306: 0.999611
46307: 0.999611
46308: 0.999611
46309: 0.999611
46310: 0.999611
46311: 0.999611
46312: 0.999611
46313: 0.999611
46314: 0.999611
46315: 0.999611
46316: 0.999611
46317: 0.999611
46318: 0.999611
46319: 0.999611
46320: 0.999611
46321: 0.999611
46322: 0.999611
46323: 0.999611
46324: 0.999611
46325: 0.999611
46326: 0.999611
46327: 0.999611
46328: 0.999611
46329: 0.999611
46330: 0.999611
46331: 0.999611
46332: 0.999612
46333: 0.999612
46334: 0.999612
46335: 0.999612
46336: 0.999612
46337: 0.999612
46338: 0.999612
46339: 0.999612
46340: 0.999612
46341: 0.999612
46342: 0.999612
46343: 0.999612
46344: 0.999612
46345: 0.999612
46346: 0.999612
46347: 0.999612
46348: 0.999612
46349: 0.999612
46350: 0.999612
46351: 0.999612
46352: 0.999612
46353: 0.999612
46354: 0.999612
46355: 0.999612
46356: 0.999612
46357: 0.999612
46358: 0.999612
46359: 0.999612
46360: 0.999612
46361: 0.999612
46362: 0.999612
46363: 0.999612
46364: 0.999612
46365: 0.999612
46366: 0.999612
46367: 0.999612
46368: 0.999612
46369: 0.999612
46370: 0.999612
46371: 0.999612
46372: 0.999612
46373: 0.999612
46374: 0.999612
46375: 0.999612
46376: 0.999612
46377: 0.999612
46378: 0.999612
46379: 0.999612
46380: 0.999612
46381: 0.999612
46382: 0.999612
46383: 0.999612
46384: 0.999612
46385: 0.999612
46386: 0.999612
46387: 0.999612
46388: 0.999612
46389: 0.999612
46390: 0.999612
46391: 0.999612
46392: 0.999612
46393: 0.999612
46394: 0.999612
46395: 0.999612
46396: 0.999612
46397: 0.999612
46398: 0.999612
46399: 0.999612
46400: 0.999612
46401: 0.999612
46402: 0.999612
46403: 0.999612
46404: 0.999612
46405: 0.999612
46406: 0.999612
46407: 0.999612
46408: 0.999612
46409: 0.999612
46410: 0.999612
46411: 0.999612
46412: 0.999612
46413: 0.999612
46414: 0.999612
46415: 0.999612
46416: 0.999612
46417: 0.999612
46418: 0.999612
46419: 0.999612
46420: 0.999612
46421: 0.999612
46422: 0.999612
46423: 0.999612
46424: 0.999612
46425: 0.999612
46426: 0.999612
46427: 0.999612
46428: 0.999612
46429: 0.999612
46430: 0.999612
46431: 0.999612
46432: 0.999612
46433: 0.999612
46434: 0.999612
46435: 0.999612
46436: 0.999612
46437: 0.999612
46438: 0.999612
46439: 0.999612
46440: 0.999612
46441: 0.999612
46442: 0.999612
46443: 0.999612
46444: 0.999612
46445: 0.999612
46446: 0.999612
46447: 0.999612
46448: 0.999612
46449: 0.999612
46450: 0.999612
46451: 0.999613
46452: 0.999613
46453: 0.999613
46454: 0.999613
46455: 0.999613
46456: 0.999613
46457: 0.999613
46458: 0.999613
46459: 0.999613
46460: 0.999613
46461: 0.999613
46462: 0.999613
46463: 0.999613
46464: 0.999613
46465: 0.999613
46466: 0.999613
46467: 0.999613
46468: 0.999613
46469: 0.999613
46470: 0.999613
46471: 0.999613
46472: 0.999613
46473: 0.999613
46474: 0.999613
46475: 0.999613
46476: 0.999613
46477: 0.999613
46478: 0.999613
46479: 0.999613
46480: 0.999613
46481: 0.999613
46482: 0.999613
46483: 0.999613
46484: 0.999613
46485: 0.999613
46486: 0.999613
46487: 0.999613
46488: 0.999613
46489: 0.999613
46490: 0.999613
46491: 0.999613
46492: 0.999613
46493: 0.999613
46494: 0.999613
46495: 0.999613
46496: 0.999613
46497: 0.999613
46498: 0.999613
46499: 0.999613
46500: 0.999613
46501: 0.999613
46502: 0.999613
46503: 0.999613
46504: 0.999613
46505: 0.999613
46506: 0.999613
46507: 0.999613
46508: 0.999613
46509: 0.999613
46510: 0.999613
46511: 0.999613
46512: 0.999613
46513: 0.999613
46514: 0.999613
46515: 0.999613
46516: 0.999613
46517: 0.999613
46518: 0.999613
46519: 0.999613
46520: 0.999613
46521: 0.999613
46522: 0.999613
46523: 0.999613
46524: 0.999613
46525: 0.999613
46526: 0.999613
46527: 0.999613
46528: 0.999613
46529: 0.999613
46530: 0.999613
46531: 0.999613
46532: 0.999613
46533: 0.999613
46534: 0.999613
46535: 0.999613
46536: 0.999613
46537: 0.999613
46538: 0.999613
46539: 0.999613
46540: 0.999613
46541: 0.999613
46542: 0.999613
46543: 0.999613
46544: 0.999613
46545: 0.999613
46546: 0.999613
46547: 0.999613
46548: 0.999613
46549: 0.999613
46550: 0.999613
46551: 0.999613
46552: 0.999613
46553: 0.999613
46554: 0.999613
46555: 0.999613
46556: 0.999613
46557: 0.999613
46558: 0.999613
46559: 0.999613
46560: 0.999613
46561: 0.999613
46562: 0.999613
46563: 0.999613
46564: 0.999613
46565: 0.999613
46566: 0.999613
46567: 0.999613
46568: 0.999613
46569: 0.999613
46570: 0.999613
46571: 0.999614
46572: 0.999614
46573: 0.999614
46574: 0.999614
46575: 0.999614
46576: 0.999614
46577: 0.999614
46578: 0.999614
46579: 0.999614
46580: 0.999614
46581: 0.999614
46582: 0.999614
46583: 0.999614
46584: 0.999614
46585: 0.999614
46586: 0.999614
46587: 0.999614
46588: 0.999614
46589: 0.999614
46590: 0.999614
46591: 0.999614
46592: 0.999614
46593: 0.999614
46594: 0.999614
46595: 0.999614
46596: 0.999614
46597: 0.999614
46598: 0.999614
46599: 0.999614
46600: 0.999614
46601: 0.999614
46602: 0.999614
46603: 0.999614
46604: 0.999614
46605: 0.999614
46606: 0.999614
46607: 0.999614
46608: 0.999614
46609: 0.999614
46610: 0.999614
46611: 0.999614
46612: 0.999614
46613: 0.999614
46614: 0.999614
46615: 0.999614
46616: 0.999614
46617: 0.999614
46618: 0.999614
46619: 0.999614
46620: 0.999614
46621: 0.999614
46622: 0.999614
46623: 0.999614
46624: 0.999614
46625: 0.999614
46626: 0.999614
46627: 0.999614
46628: 0.999614
46629: 0.999614
46630: 0.999614
46631: 0.999614
46632: 0.999614
46633: 0.999614
46634: 0.999614
46635: 0.999614
46636: 0.999614
46637: 0.999614
46638: 0.999614
46639: 0.999614
46640: 0.999614
46641: 0.999614
46642: 0.999614
46643: 0.999614
46644: 0.999614
46645: 0.999614
46646: 0.999614
46647: 0.999614
46648: 0.999614
46649: 0.999614
46650: 0.999614
46651: 0.999614
46652: 0.999614
46653: 0.999614
46654: 0.999614
46655: 0.999614
46656: 0.999614
46657: 0.999614
46658: 0.999614
46659: 0.999614
46660: 0.999614
46661: 0.999614
46662: 0.999614
46663: 0.999614
46664: 0.999614
46665: 0.999614
46666: 0.999614
46667: 0.999614
46668: 0.999614
46669: 0.999614
46670: 0.999614
46671: 0.999614
46672: 0.999614
46673: 0.999614
46674: 0.999614
46675: 0.999614
46676: 0.999614
46677: 0.999614
46678: 0.999614
46679: 0.999614
46680: 0.999614
46681: 0.999614
46682: 0.999614
46683: 0.999614
46684: 0.999614
46685: 0.999614
46686: 0.999614
46687: 0.999614
46688: 0.999614
46689: 0.999614
46690: 0.999614
46691: 0.999614
46692: 0.999615
46693: 0.999615
46694: 0.999615
46695: 0.999615
46696: 0.999615
46697: 0.999615
46698: 0.999615
46699: 0.999615
46700: 0.999615
46701: 0.999615
46702: 0.999615
46703: 0.999615
46704: 0.999615
46705: 0.999615
46706: 0.999615
46707: 0.999615
46708: 0.999615
46709: 0.999615
46710: 0.999615
46711: 0.999615
46712: 0.999615
46713: 0.999615
46714: 0.999615
46715: 0.999615
46716: 0.999615
46717: 0.999615
46718: 0.999615
46719: 0.999615
46720: 0.999615
46721: 0.999615
46722: 0.999615
46723: 0.999615
46724: 0.999615
46725: 0.999615
46726: 0.999615
46727: 0.999615
46728: 0.999615
46729: 0.999615
46730: 0.999615
46731: 0.999615
46732: 0.999615
46733: 0.999615
46734: 0.999615
46735: 0.999615
46736: 0.999615
46737: 0.999615
46738: 0.999615
46739: 0.999615
46740: 0.999615
46741: 0.999615
46742: 0.999615
46743: 0.999615
46744: 0.999615
46745: 0.999615
46746: 0.999615
46747: 0.999615
46748: 0.999615
46749: 0.999615
46750: 0.999615
46751: 0.999615
46752: 0.999615
46753: 0.999615
46754: 0.999615
46755: 0.999615
46756: 0.999615
46757: 0.999615
46758: 0.999615
46759: 0.999615
46760: 0.999615
46761: 0.999615
46762: 0.999615
46763: 0.999615
46764: 0.999615
46765: 0.999615
46766: 0.999615
46767: 0.999615
46768: 0.999615
46769: 0.999615
46770: 0.999615
46771: 0.999615
46772: 0.999615
46773: 0.999615
46774: 0.999615
46775: 0.999615
46776: 0.999615
46777: 0.999615
46778: 0.999615
46779: 0.999615
46780: 0.999615
46781: 0.999615
46782: 0.999615
46783: 0.999615
46784: 0.999615
46785: 0.999615
46786: 0.999615
46787: 0.999615
46788: 0.999615
46789: 0.999615
46790: 0.999615
46791: 0.999615
46792: 0.999615
46793: 0.999615
46794: 0.999615
46795: 0.999615
46796: 0.999615
46797: 0.999615
46798: 0.999615
46799: 0.999615
46800: 0.999615
46801: 0.999615
46802: 0.999615
46803: 0.999615
46804: 0.999615
46805: 0.999615
46806: 0.999615
46807: 0.999615
46808: 0.999615
46809: 0.999615
46810: 0.999615
46811: 0.999615
46812: 0.999615
46813: 0.999615
46814: 0.999616
46815: 0.999616
46816: 0.999616
46817: 0.999616
46818: 0.999616
46819: 0.999616
46820: 0.999616
46821: 0.999616
46822: 0.999616
46823: 0.999616
46824: 0.999616
46825: 0.999616
46826: 0.999616
46827: 0.999616
46828: 0.999616
46829: 0.999616
46830: 0.999616
46831: 0.999616
46832: 0.999616
46833: 0.999616
46834: 0.999616
46835: 0.999616
46836: 0.999616
46837: 0.999616
46838: 0.999616
46839: 0.999616
46840: 0.999616
46841: 0.999616
46842: 0.999616
46843: 0.999616
46844: 0.999616
46845: 0.999616
46846: 0.999616
46847: 0.999616
46848: 0.999616
46849: 0.999616
46850: 0.999616
46851: 0.999616
46852: 0.999616
46853: 0.999616
46854: 0.999616
46855: 0.999616
46856: 0.999616
46857: 0.999616
46858: 0.999616
46859: 0.999616
46860: 0.999616
46861: 0.999616
46862: 0.999616
46863: 0.999616
46864: 0.999616
46865: 0.999616
46866: 0.999616
46867: 0.999616
46868: 0.999616
46869: 0.999616
46870: 0.999616
46871: 0.999616
46872: 0.999616
46873: 0.999616
46874: 0.999616
46875: 0.999616
46876: 0.999616
46877: 0.999616
46878: 0.999616
46879: 0.999616
46880: 0.999616
46881: 0.999616
46882: 0.999616
46883: 0.999616
46884: 0.999616
46885: 0.999616
46886: 0.999616
46887: 0.999616
46888: 0.999616
46889: 0.999616
46890: 0.999616
46891: 0.999616
46892: 0.999616
46893: 0.999616
46894: 0.999616
46895: 0.999616
46896: 0.999616
46897: 0.999616
46898: 0.999616
46899: 0.999616
46900: 0.999616
46901: 0.999616
46902: 0.999616
46903: 0.999616
46904: 0.999616
46905: 0.999616
46906: 0.999616
46907: 0.999616
46908: 0.999616
46909: 0.999616
46910: 0.999616
46911: 0.999616
46912: 0.999616
46913: 0.999616
46914: 0.999616
46915: 0.999616
46916: 0.999616
46917: 0.999616
46918: 0.999616
46919: 0.999616
46920: 0.999616
46921: 0.999616
46922: 0.999616
46923: 0.999616
46924: 0.999616
46925: 0.999616
46926: 0.999616
46927: 0.999616
46928: 0.999616
46929: 0.999616
46930: 0.999616
46931: 0.999616
46932: 0.999616
46933: 0.999616
46934: 0.999616
46935: 0.999616
46936: 0.999617
46937: 0.999617
46938: 0.999617
46939: 0.999617
46940: 0.999617
46941: 0.999617
46942: 0.999617
46943: 0.999617
46944: 0.999617
46945: 0.999617
46946: 0.999617
46947: 0.999617
46948: 0.999617
46949: 0.999617
46950: 0.999617
46951: 0.999617
46952: 0.999617
46953: 0.999617
46954: 0.999617
46955: 0.999617
46956: 0.999617
46957: 0.999617
46958: 0.999617
46959: 0.999617
46960: 0.999617
46961: 0.999617
46962: 0.999617
46963: 0.999617
46964: 0.999617
46965: 0.999617
46966: 0.999617
46967: 0.999617
46968: 0.999617
46969: 0.999617
46970: 0.999617
46971: 0.999617
46972: 0.999617
46973: 0.999617
46974: 0.999617
46975: 0.999617
46976: 0.999617
46977: 0.999617
46978: 0.999617
46979: 0.999617
46980: 0.999617
46981: 0.999617
46982: 0.999617
46983: 0.999617
46984: 0.999617
46985: 0.999617
46986: 0.999617
46987: 0.999617
46988: 0.999617
46989: 0.999617
46990: 0.999617
46991: 0.999617
46992: 0.999617
46993: 0.999617
46994: 0.999617
46995: 0.999617
46996: 0.999617
46997: 0.999617
46998: 0.999617
46999: 0.999617
47000: 0.999617
47001: 0.999617
47002: 0.999617
47003: 0.999617
47004: 0.999617
47005: 0.999617
47006: 0.999617
47007: 0.999617
47008: 0.999617
47009: 0.999617
47010: 0.999617
47011: 0.999617
47012: 0.999617
47013: 0.999617
47014: 0.999617
47015: 0.999617
47016: 0.999617
47017: 0.999617
47018: 0.999617
47019: 0.999617
47020: 0.999617
47021: 0.999617
47022: 0.999617
47023: 0.999617
47024: 0.999617
47025: 0.999617
47026: 0.999617
47027: 0.999617
47028: 0.999617
47029: 0.999617
47030: 0.999617
47031: 0.999617
47032: 0.999617
47033: 0.999617
47034: 0.999617
47035: 0.999617
47036: 0.999617
47037: 0.999617
47038: 0.999617
47039: 0.999617
47040: 0.999617
47041: 0.999617
47042: 0.999617
47043: 0.999617
47044: 0.999617
47045: 0.999617
47046: 0.999617
47047: 0.999617
47048: 0.999617
47049: 0.999617
47050: 0.999617
47051: 0.999617
47052: 0.999617
47053: 0.999617
47054: 0.999617
47055: 0.999617
47056: 0.999617
47057: 0.999617
47058: 0.999618
47059: 0.999618
47060: 0.999618
47061: 0.999618
47062: 0.999618
47063: 0.999618
47064: 0.999618
47065: 0.999618
47066: 0.999618
47067: 0.999618
47068: 0.999618
47069: 0.999618
47070: 0.999618
47071: 0.999618
47072: 0.999618
47073: 0.999618
47074: 0.999618
47075: 0.999618
47076: 0.999618
47077: 0.999618
47078: 0.999618
47079: 0.999618
47080: 0.999618
47081: 0.999618
47082: 0.999618
47083: 0.999618
47084: 0.999618
47085: 0.999618
47086: 0.999618
47087: 0.999618
47088: 0.999618
47089: 0.999618
47090: 0.999618
47091: 0.999618
47092: 0.999618
47093: 0.999618
47094: 0.999618
47095: 0.999618
47096: 0.999618
47097: 0.999618
47098: 0.999618
47099: 0.999618
47100: 0.999618
47101: 0.999618
47102: 0.999618
47103: 0.999618
47104: 0.999618
47105: 0.999618
47106: 0.999618
47107: 0.999618
47108: 0.999618
47109: 0.999618
47110: 0.999618
47111: 0.999618
47112: 0.999618
47113: 0.999618
47114: 0.999618
47115: 0.999618
47116: 0.999618
47117: 0.999618
47118: 0.999618
47119: 0.999618
47120: 0.999618
47121: 0.999618
47122: 0.999618
47123: 0.999618
47124: 0.999618
47125: 0.999618
47126: 0.999618
47127: 0.999618
47128: 0.999618
47129: 0.999618
47130: 0.999618
47131: 0.999618
47132: 0.999618
47133: 0.999618
47134: 0.999618
47135: 0.999618
47136: 0.999618
47137: 0.999618
47138: 0.999618
47139: 0.999618
47140: 0.999618
47141: 0.999618
47142: 0.999618
47143: 0.999618
47144: 0.999618
47145: 0.999618
47146: 0.999618
47147: 0.999618
47148: 0.999618
47149: 0.999618
47150: 0.999618
47151: 0.999618
47152: 0.999618
47153: 0.999618
47154: 0.999618
47155: 0.999618
47156: 0.999618
47157: 0.999618
47158: 0.999618
47159: 0.999618
47160: 0.999618
47161: 0.999618
47162: 0.999618
47163: 0.999618
47164: 0.999618
47165: 0.999618
47166: 0.999618
47167: 0.999618
47168: 0.999618
47169: 0.999618
47170: 0.999618
47171: 0.999618
47172: 0.999618
47173: 0.999618
47174: 0.999618
47175: 0.999618
47176: 0.999618
47177: 0.999618
47178: 0.999618
47179: 0.999618
47180: 0.999618
47181: 0.999618
47182: 0.999619
47183: 0.999619
47184: 0.999619
47185: 0.999619
47186: 0.999619
47187: 0.999619
47188: 0.999619
47189: 0.999619
47190: 0.999619
47191: 0.999619
47192: 0.999619
47193: 0.999619
47194: 0.999619
47195: 0.999619
47196: 0.999619
47197: 0.999619
47198: 0.999619
47199: 0.999619
47200: 0.999619
47201: 0.999619
47202: 0.999619
47203: 0.999619
47204: 0.999619
47205: 0.999619
47206: 0.999619
47207: 0.999619
47208: 0.999619
47209: 0.999619
47210: 0.999619
47211: 0.999619
47212: 0.999619
47213: 0.999619
47214: 0.999619
47215: 0.999619
47216: 0.999619
47217: 0.999619
47218: 0.999619
47219: 0.999619
47220: 0.999619
47221: 0.999619
47222: 0.999619
47223: 0.999619
47224: 0.999619
47225: 0.999619
47226: 0.999619
47227: 0.999619
47228: 0.999619
47229: 0.999619
47230: 0.999619
47231: 0.999619
47232: 0.999619
47233: 0.999619
47234: 0.999619
47235: 0.999619
47236: 0.999619
47237: 0.999619
47238: 0.999619
47239: 0.999619
47240: 0.999619
47241: 0.999619
47242: 0.999619
47243: 0.999619
47244: 0.999619
47245: 0.999619
47246: 0.999619
47247: 0.999619
47248: 0.999619
47249: 0.999619
47250: 0.999619
47251: 0.999619
47252: 0.999619
47253: 0.999619
47254: 0.999619
47255: 0.999619
47256: 0.999619
47257: 0.999619
47258: 0.999619
47259: 0.999619
47260: 0.999619
47261: 0.999619
47262: 0.999619
47263: 0.999619
47264: 0.999619
47265: 0.999619
47266: 0.999619
47267: 0.999619
47268: 0.999619
47269: 0.999619
47270: 0.999619
47271: 0.999619
47272: 0.999619
47273: 0.999619
47274: 0.999619
47275: 0.999619
47276: 0.999619
47277: 0.999619
47278: 0.999619
47279: 0.999619
47280: 0.999619
47281: 0.999619
47282: 0.999619
47283: 0.999619
47284: 0.999619
47285: 0.999619
47286: 0.999619
47287: 0.999619
47288: 0.999619
47289: 0.999619
47290: 0.999619
47291: 0.999619
47292: 0.999619
47293: 0.999619
47294: 0.999619
47295: 0.999619
47296: 0.999619
47297: 0.999619
47298: 0.999619
47299: 0.999619
47300: 0.999619
47301: 0.999619
47302: 0.999619
47303: 0.999619
47304: 0.999619
47305: 0.999619
47306: 0.99962
47307: 0.99962
47308: 0.99962
47309: 0.99962
47310: 0.99962
47311: 0.99962
47312: 0.99962
47313: 0.99962
47314: 0.99962
47315: 0.99962
47316: 0.99962
47317: 0.99962
47318: 0.99962
47319: 0.99962
47320: 0.99962
47321: 0.99962
47322: 0.99962
47323: 0.99962
47324: 0.99962
47325: 0.99962
47326: 0.99962
47327: 0.99962
47328: 0.99962
47329: 0.99962
47330: 0.99962
47331: 0.99962
47332: 0.99962
47333: 0.99962
47334: 0.99962
47335: 0.99962
47336: 0.99962
47337: 0.99962
47338: 0.99962
47339: 0.99962
47340: 0.99962
47341: 0.99962
47342: 0.99962
47343: 0.99962
47344: 0.99962
47345: 0.99962
47346: 0.99962
47347: 0.99962
47348: 0.99962
47349: 0.99962
47350: 0.99962
47351: 0.99962
47352: 0.99962
47353: 0.99962
47354: 0.99962
47355: 0.99962
47356: 0.99962
47357: 0.99962
47358: 0.99962
47359: 0.99962
47360: 0.99962
47361: 0.99962
47362: 0.99962
47363: 0.99962
47364: 0.99962
47365: 0.99962
47366: 0.99962
47367: 0.99962
47368: 0.99962
47369: 0.99962
47370: 0.99962
47371: 0.99962
47372: 0.99962
47373: 0.99962
47374: 0.99962
47375: 0.99962
47376: 0.99962
47377: 0.99962
47378: 0.99962
47379: 0.99962
47380: 0.99962
47381: 0.99962
47382: 0.99962
47383: 0.99962
47384: 0.99962
47385: 0.99962
47386: 0.99962
47387: 0.99962
47388: 0.99962
47389: 0.99962
47390: 0.99962
47391: 0.99962
47392: 0.99962
47393: 0.99962
47394: 0.99962
47395: 0.99962
47396: 0.99962
47397: 0.99962
47398: 0.99962
47399: 0.99962
47400: 0.99962
47401: 0.99962
47402: 0.99962
47403: 0.99962
47404: 0.99962
47405: 0.99962
47406: 0.99962
47407: 0.99962
47408: 0.99962
47409: 0.99962
47410: 0.99962
47411: 0.99962
47412: 0.99962
47413: 0.99962
47414: 0.99962
47415: 0.99962
47416: 0.99962
47417: 0.99962
47418: 0.99962
47419: 0.99962
47420: 0.99962
47421: 0.99962
47422: 0.99962
47423: 0.99962
47424: 0.99962
47425: 0.99962
47426: 0.99962
47427: 0.99962
47428: 0.99962
47429: 0.99962
47430: 0.999621
47431: 0.999621
47432: 0.999621
47433: 0.999621
47434: 0.999621
47435: 0.999621
47436: 0.999621
47437: 0.999621
47438: 0.999621
47439: 0.999621
47440: 0.999621
47441: 0.999621
47442: 0.999621
47443: 0.999621
47444: 0.999621
47445: 0.999621
47446: 0.999621
47447: 0.999621
47448: 0.999621
47449: 0.999621
47450: 0.999621
47451: 0.999621
47452: 0.999621
47453: 0.999621
47454: 0.999621
47455: 0.999621
47456: 0.999621
47457: 0.999621
47458: 0.999621
47459: 0.999621
47460: 0.999621
47461: 0.999621
47462: 0.999621
47463: 0.999621
47464: 0.999621
47465: 0.999621
47466: 0.999621
47467: 0.999621
47468: 0.999621
47469: 0.999621
47470: 0.999621
47471: 0.999621
47472: 0.999621
47473: 0.999621
47474: 0.999621
47475: 0.999621
47476: 0.999621
47477: 0.999621
47478: 0.999621
47479: 0.999621
47480: 0.999621
47481: 0.999621
47482: 0.999621
47483: 0.999621
47484: 0.999621
47485: 0.999621
47486: 0.999621
47487: 0.999621
47488: 0.999621
47489: 0.999621
47490: 0.999621
47491: 0.999621
47492: 0.999621
47493: 0.999621
47494: 0.999621
47495: 0.999621
47496: 0.999621
47497: 0.999621
47498: 0.999621
47499: 0.999621
47500: 0.999621
47501: 0.999621
47502: 0.999621
47503: 0.999621
47504: 0.999621
47505: 0.999621
47506: 0.999621
47507: 0.999621
47508: 0.999621
47509: 0.999621
47510: 0.999621
47511: 0.999621
47512: 0.999621
47513: 0.999621
47514: 0.999621
47515: 0.999621
47516: 0.999621
47517: 0.999621
47518: 0.999621
47519: 0.999621
47520: 0.999621
47521: 0.999621
47522: 0.999621
47523: 0.999621
47524: 0.999621
47525: 0.999621
47526: 0.999621
47527: 0.999621
47528: 0.999621
47529: 0.999621
47530: 0.999621
47531: 0.999621
47532: 0.999621
47533: 0.999621
47534: 0.999621
47535: 0.999621
47536: 0.999621
47537: 0.999621
47538: 0.999621
47539: 0.999621
47540: 0.999621
47541: 0.999621
47542: 0.999621
47543: 0.999621
47544: 0.999621
47545: 0.999621
47546: 0.999621
47547: 0.999621
47548: 0.999621
47549: 0.999621
47550: 0.999621
47551: 0.999621
47552: 0.999621
47553: 0.999621
47554: 0.999621
47555: 0.999621
47556: 0.999622
47557: 0.999622
47558: 0.999622
47559: 0.999622
47560: 0.999622
47561: 0.999622
47562: 0.999622
47563: 0.999622
47564: 0.999622
47565: 0.999622
47566: 0.999622
47567: 0.999622
47568: 0.999622
47569: 0.999622
47570: 0.999622
47571: 0.999622
47572: 0.999622
47573: 0.999622
47574: 0.999622
47575: 0.999622
47576: 0.999622
47577: 0.999622
47578: 0.999622
47579: 0.999622
47580: 0.999622
47581: 0.999622
47582: 0.999622
47583: 0.999622
47584: 0.999622
47585: 0.999622
47586: 0.999622
47587: 0.999622
47588: 0.999622
47589: 0.999622
47590: 0.999622
47591: 0.999622
47592: 0.999622
47593: 0.999622
47594: 0.999622
47595: 0.999622
47596: 0.999622
47597: 0.999622
47598: 0.999622
47599: 0.999622
47600: 0.999622
47601: 0.999622
47602: 0.999622
47603: 0.999622
47604: 0.999622
47605: 0.999622
47606: 0.999622
47607: 0.999622
47608: 0.999622
47609: 0.999622
47610: 0.999622
47611: 0.999622
47612: 0.999622
47613: 0.999622
47614: 0.999622
47615: 0.999622
47616: 0.999622
47617: 0.999622
47618: 0.999622
47619: 0.999622
47620: 0.999622
47621: 0.999622
47622: 0.999622
47623: 0.999622
47624: 0.999622
47625: 0.999622
47626: 0.999622
47627: 0.999622
47628: 0.999622
47629: 0.999622
47630: 0.999622
47631: 0.999622
47632: 0.999622
47633: 0.999622
47634: 0.999622
47635: 0.999622
47636: 0.999622
47637: 0.999622
47638: 0.999622
47639: 0.999622
47640: 0.999622
47641: 0.999622
47642: 0.999622
47643: 0.999622
47644: 0.999622
47645: 0.999622
47646: 0.999622
47647: 0.999622
47648: 0.999622
47649: 0.999622
47650: 0.999622
47651: 0.999622
47652: 0.999622
47653: 0.999622
47654: 0.999622
47655: 0.999622
47656: 0.999622
47657: 0.999622
47658: 0.999622
47659: 0.999622
47660: 0.999622
47661: 0.999622
47662: 0.999622
47663: 0.999622
47664: 0.999622
47665: 0.999622
47666: 0.999622
47667: 0.999622
47668: 0.999622
47669: 0.999622
47670: 0.999622
47671: 0.999622
47672: 0.999622
47673: 0.999622
47674: 0.999622
47675: 0.999622
47676: 0.999622
47677: 0.999622
47678: 0.999622
47679: 0.999622
47680: 0.999622
47681: 0.999622
47682: 0.999623
47683: 0.999623
47684: 0.999623
47685: 0.999623
47686: 0.999623
47687: 0.999623
47688: 0.999623
47689: 0.999623
47690: 0.999623
47691: 0.999623
47692: 0.999623
47693: 0.999623
47694: 0.999623
47695: 0.999623
47696: 0.999623
47697: 0.999623
47698: 0.999623
47699: 0.999623
47700: 0.999623
47701: 0.999623
47702: 0.999623
47703: 0.999623
47704: 0.999623
47705: 0.999623
47706: 0.999623
47707: 0.999623
47708: 0.999623
47709: 0.999623
47710: 0.999623
47711: 0.999623
47712: 0.999623
47713: 0.999623
47714: 0.999623
47715: 0.999623
47716: 0.999623
47717: 0.999623
47718: 0.999623
47719: 0.999623
47720: 0.999623
47721: 0.999623
47722: 0.999623
47723: 0.999623
47724: 0.999623
47725: 0.999623
47726: 0.999623
47727: 0.999623
47728: 0.999623
47729: 0.999623
47730: 0.999623
47731: 0.999623
47732: 0.999623
47733: 0.999623
47734: 0.999623
47735: 0.999623
47736: 0.999623
47737: 0.999623
47738: 0.999623
47739: 0.999623
47740: 0.999623
47741: 0.999623
47742: 0.999623
47743: 0.999623
47744: 0.999623
47745: 0.999623
47746: 0.999623
47747: 0.999623
47748: 0.999623
47749: 0.999623
47750: 0.999623
47751: 0.999623
47752: 0.999623
47753: 0.999623
47754: 0.999623
47755: 0.999623
47756: 0.999623
47757: 0.999623
47758: 0.999623
47759: 0.999623
47760: 0.999623
47761: 0.999623
47762: 0.999623
47763: 0.999623
47764: 0.999623
47765: 0.999623
47766: 0.999623
47767: 0.999623
47768: 0.999623
47769: 0.999623
47770: 0.999623
47771: 0.999623
47772: 0.999623
47773: 0.999623
47774: 0.999623
47775: 0.999623
47776: 0.999623
47777: 0.999623
47778: 0.999623
47779: 0.999623
47780: 0.999623
47781: 0.999623
47782: 0.999623
47783: 0.999623
47784: 0.999623
47785: 0.999623
47786: 0.999623
47787: 0.999623
47788: 0.999623
47789: 0.999623
47790: 0.999623
47791: 0.999623
47792: 0.999623
47793: 0.999623
47794: 0.999623
47795: 0.999623
47796: 0.999623
47797: 0.999623
47798: 0.999623
47799: 0.999623
47800: 0.999623
47801: 0.999623
47802: 0.999623
47803: 0.999623
47804: 0.999623
47805: 0.999623
47806: 0.999623
47807: 0.999623
47808: 0.999624
47809: 0.999624
47810: 0.999624
47811: 0.999624
47812: 0.999624
47813: 0.999624
47814: 0.999624
47815: 0.999624
47816: 0.999624
47817: 0.999624
47818: 0.999624
47819: 0.999624
47820: 0.999624
47821: 0.999624
47822: 0.999624
47823: 0.999624
47824: 0.999624
47825: 0.999624
47826: 0.999624
47827: 0.999624
47828: 0.999624
47829: 0.999624
47830: 0.999624
47831: 0.999624
47832: 0.999624
47833: 0.999624
47834: 0.999624
47835: 0.999624
47836: 0.999624
47837: 0.999624
47838: 0.999624
47839: 0.999624
47840: 0.999624
47841: 0.999624
47842: 0.999624
47843: 0.999624
47844: 0.999624
47845: 0.999624
47846: 0.999624
47847: 0.999624
47848: 0.999624
47849: 0.999624
47850: 0.999624
47851: 0.999624
47852: 0.999624
47853: 0.999624
47854: 0.999624
47855: 0.999624
47856: 0.999624
47857: 0.999624
47858: 0.999624
47859: 0.999624
47860: 0.999624
47861: 0.999624
47862: 0.999624
47863: 0.999624
47864: 0.999624
47865: 0.999624
47866: 0.999624
47867: 0.999624
47868: 0.999624
47869: 0.999624
47870: 0.999624
47871: 0.999624
47872: 0.999624
47873: 0.999624
47874: 0.999624
47875: 0.999624
47876: 0.999624
47877: 0.999624
47878: 0.999624
47879: 0.999624
47880: 0.999624
47881: 0.999624
47882: 0.999624
47883: 0.999624
47884: 0.999624
47885: 0.999624
47886: 0.999624
47887: 0.999624
47888: 0.999624
47889: 0.999624
47890: 0.999624
47891: 0.999624
47892: 0.999624
47893: 0.999624
47894: 0.999624
47895: 0.999624
47896: 0.999624
47897: 0.999624
47898: 0.999624
47899: 0.999624
47900: 0.999624
47901: 0.999624
47902: 0.999624
47903: 0.999624
47904: 0.999624
47905: 0.999624
47906: 0.999624
47907: 0.999624
47908: 0.999624
47909: 0.999624
47910: 0.999624
47911: 0.999624
47912: 0.999624
47913: 0.999624
47914: 0.999624
47915: 0.999624
47916: 0.999624
47917: 0.999624
47918: 0.999624
47919: 0.999624
47920: 0.999624
47921: 0.999624
47922: 0.999624
47923: 0.999624
47924: 0.999624
47925: 0.999624
47926: 0.999624
47927: 0.999624
47928: 0.999624
47929: 0.999624
47930: 0.999624
47931: 0.999624
47932: 0.999624
47933: 0.999624
47934: 0.999624
47935: 0.999624
47936: 0.999625
47937: 0.999625
47938: 0.999625
47939: 0.999625
47940: 0.999625
47941: 0.999625
47942: 0.999625
47943: 0.999625
47944: 0.999625
47945: 0.999625
47946: 0.999625
47947: 0.999625
47948: 0.999625
47949: 0.999625
47950: 0.999625
47951: 0.999625
47952: 0.999625
47953: 0.999625
47954: 0.999625
47955: 0.999625
47956: 0.999625
47957: 0.999625
47958: 0.999625
47959: 0.999625
47960: 0.999625
47961: 0.999625
47962: 0.999625
47963: 0.999625
47964: 0.999625
47965: 0.999625
47966: 0.999625
47967: 0.999625
47968: 0.999625
47969: 0.999625
47970: 0.999625
47971: 0.999625
47972: 0.999625
47973: 0.999625
47974: 0.999625
47975: 0.999625
47976: 0.999625
47977: 0.999625
47978: 0.999625
47979: 0.999625
47980: 0.999625
47981: 0.999625
47982: 0.999625
47983: 0.999625
47984: 0.999625
47985: 0.999625
47986: 0.999625
47987: 0.999625
47988: 0.999625
47989: 0.999625
47990: 0.999625
47991: 0.999625
47992: 0.999625
47993: 0.999625
47994: 0.999625
47995: 0.999625
47996: 0.999625
47997: 0.999625
47998: 0.999625
47999: 0.999625
48000: 0.999625
48001: 0.999625
48002: 0.999625
48003: 0.999625
48004: 0.999625
48005: 0.999625
48006: 0.999625
48007: 0.999625
48008: 0.999625
48009: 0.999625
48010: 0.999625
48011: 0.999625
48012: 0.999625
48013: 0.999625
48014: 0.999625
48015: 0.999625
48016: 0.999625
48017: 0.999625
48018: 0.999625
48019: 0.999625
48020: 0.999625
48021: 0.999625
48022: 0.999625
48023: 0.999625
48024: 0.999625
48025: 0.999625
48026: 0.999625
48027: 0.999625
48028: 0.999625
48029: 0.999625
48030: 0.999625
48031: 0.999625
48032: 0.999625
48033: 0.999625
48034: 0.999625
48035: 0.999625
48036: 0.999625
48037: 0.999625
48038: 0.999625
48039: 0.999625
48040: 0.999625
48041: 0.999625
48042: 0.999625
48043: 0.999625
48044: 0.999625
48045: 0.999625
48046: 0.999625
48047: 0.999625
48048: 0.999625
48049: 0.999625
48050: 0.999625
48051: 0.999625
48052: 0.999625
48053: 0.999625
48054: 0.999625
48055: 0.999625
48056: 0.999625
48057: 0.999625
48058: 0.999625
48059: 0.999625
48060: 0.999625
48061: 0.999625
48062: 0.999625
48063: 0.999625
48064: 0.999626
48065: 0.999626
48066: 0.999626
48067: 0.999626
48068: 0.999626
48069: 0.999626
48070: 0.999626
48071: 0.999626
48072: 0.999626
48073: 0.999626
48074: 0.999626
48075: 0.999626
48076: 0.999626
48077: 0.999626
48078: 0.999626
48079: 0.999626
48080: 0.999626
48081: 0.999626
48082: 0.999626
48083: 0.999626
48084: 0.999626
48085: 0.999626
48086: 0.999626
48087: 0.999626
48088: 0.999626
48089: 0.999626
48090: 0.999626
48091: 0.999626
48092: 0.999626
48093: 0.999626
48094: 0.999626
48095: 0.999626
48096: 0.999626
48097: 0.999626
48098: 0.999626
48099: 0.999626
48100: 0.999626
48101: 0.999626
48102: 0.999626
48103: 0.999626
48104: 0.999626
48105: 0.999626
48106: 0.999626
48107: 0.999626
48108: 0.999626
48109: 0.999626
48110: 0.999626
48111: 0.999626
48112: 0.999626
48113: 0.999626
48114: 0.999626
48115: 0.999626
48116: 0.999626
48117: 0.999626
48118: 0.999626
48119: 0.999626
48120: 0.999626
48121: 0.999626
48122: 0.999626
48123: 0.999626
48124: 0.999626
48125: 0.999626
48126: 0.999626
48127: 0.999626
48128: 0.999626
48129: 0.999626
48130: 0.999626
48131: 0.999626
48132: 0.999626
48133: 0.999626
48134: 0.999626
48135: 0.999626
48136: 0.999626
48137: 0.999626
48138: 0.999626
48139: 0.999626
48140: 0.999626
48141: 0.999626
48142: 0.999626
48143: 0.999626
48144: 0.999626
48145: 0.999626
48146: 0.999626
48147: 0.999626
48148: 0.999626
48149: 0.999626
48150: 0.999626
48151: 0.999626
48152: 0.999626
48153: 0.999626
48154: 0.999626
48155: 0.999626
48156: 0.999626
48157: 0.999626
48158: 0.999626
48159: 0.999626
48160: 0.999626
48161: 0.999626
48162: 0.999626
48163: 0.999626
48164: 0.999626
48165: 0.999626
48166: 0.999626
48167: 0.999626
48168: 0.999626
48169: 0.999626
48170: 0.999626
48171: 0.999626
48172: 0.999626
48173: 0.999626
48174: 0.999626
48175: 0.999626
48176: 0.999626
48177: 0.999626
48178: 0.999626
48179: 0.999626
48180: 0.999626
48181: 0.999626
48182: 0.999626
48183: 0.999626
48184: 0.999626
48185: 0.999626
48186: 0.999626
48187: 0.999626
48188: 0.999626
48189: 0.999626
48190: 0.999626
48191: 0.999626
48192: 0.999627
48193: 0.999627
48194: 0.999627
48195: 0.999627
48196: 0.999627
48197: 0.999627
48198: 0.999627
48199: 0.999627
48200: 0.999627
48201: 0.999627
48202: 0.999627
48203: 0.999627
48204: 0.999627
48205: 0.999627
48206: 0.999627
48207: 0.999627
48208: 0.999627
48209: 0.999627
48210: 0.999627
48211: 0.999627
48212: 0.999627
48213: 0.999627
48214: 0.999627
48215: 0.999627
48216: 0.999627
48217: 0.999627
48218: 0.999627
48219: 0.999627
48220: 0.999627
48221: 0.999627
48222: 0.999627
48223: 0.999627
48224: 0.999627
48225: 0.999627
48226: 0.999627
48227: 0.999627
48228: 0.999627
48229: 0.999627
48230: 0.999627
48231: 0.999627
48232: 0.999627
48233: 0.999627
48234: 0.999627
48235: 0.999627
48236: 0.999627
48237: 0.999627
48238: 0.999627
48239: 0.999627
48240: 0.999627
48241: 0.999627
48242: 0.999627
48243: 0.999627
48244: 0.999627
48245: 0.999627
48246: 0.999627
48247: 0.999627
48248: 0.999627
48249: 0.999627
48250: 0.999627
48251: 0.999627
48252: 0.999627
48253: 0.999627
48254: 0.999627
48255: 0.999627
48256: 0.999627
48257: 0.999627
48258: 0.999627
48259: 0.999627
48260: 0.999627
48261: 0.999627
48262: 0.999627
48263: 0.999627
48264: 0.999627
48265: 0.999627
48266: 0.999627
48267: 0.999627
48268: 0.999627
48269: 0.999627
48270: 0.999627
48271: 0.999627
48272: 0.999627
48273: 0.999627
48274: 0.999627
48275: 0.999627
48276: 0.999627
48277: 0.999627
48278: 0.999627
48279: 0.999627
48280: 0.999627
48281: 0.999627
48282: 0.999627
48283: 0.999627
48284: 0.999627
48285: 0.999627
48286: 0.999627
48287: 0.999627
48288: 0.999627
48289: 0.999627
48290: 0.999627
48291: 0.999627
48292: 0.999627
48293: 0.999627
48294: 0.999627
48295: 0.999627
48296: 0.999627
48297: 0.999627
48298: 0.999627
48299: 0.999627
48300: 0.999627
48301: 0.999627
48302: 0.999627
48303: 0.999627
48304: 0.999627
48305: 0.999627
48306: 0.999627
48307: 0.999627
48308: 0.999627
48309: 0.999627
48310: 0.999627
48311: 0.999627
48312: 0.999627
48313: 0.999627
48314: 0.999627
48315: 0.999627
48316: 0.999627
48317: 0.999627
48318: 0.999627
48319: 0.999627
48320: 0.999627
48321: 0.999627
48322: 0.999628
48323: 0.999628
48324: 0.999628
48325: 0.999628
48326: 0.999628
48327: 0.999628
48328: 0.999628
48329: 0.999628
48330: 0.999628
48331: 0.999628
48332: 0.999628
48333: 0.999628
48334: 0.999628
48335: 0.999628
48336: 0.999628
48337: 0.999628
48338: 0.999628
48339: 0.999628
48340: 0.999628
48341: 0.999628
48342: 0.999628
48343: 0.999628
48344: 0.999628
48345: 0.999628
48346: 0.999628
48347: 0.999628
48348: 0.999628
48349: 0.999628
48350: 0.999628
48351: 0.999628
48352: 0.999628
48353: 0.999628
48354: 0.999628
48355: 0.999628
48356: 0.999628
48357: 0.999628
48358: 0.999628
48359: 0.999628
48360: 0.999628
48361: 0.999628
48362: 0.999628
48363: 0.999628
48364: 0.999628
48365: 0.999628
48366: 0.999628
48367: 0.999628
48368: 0.999628
48369: 0.999628
48370: 0.999628
48371: 0.999628
48372: 0.999628
48373: 0.999628
48374: 0.999628
48375: 0.999628
48376: 0.999628
48377: 0.999628
48378: 0.999628
48379: 0.999628
48380: 0.999628
48381: 0.999628
48382: 0.999628
48383: 0.999628
48384: 0.999628
48385: 0.999628
48386: 0.999628
48387: 0.999628
48388: 0.999628
48389: 0.999628
48390: 0.999628
48391: 0.999628
48392: 0.999628
48393: 0.999628
48394: 0.999628
48395: 0.999628
48396: 0.999628
48397: 0.999628
48398: 0.999628
48399: 0.999628
48400: 0.999628
48401: 0.999628
48402: 0.999628
48403: 0.999628
48404: 0.999628
48405: 0.999628
48406: 0.999628
48407: 0.999628
48408: 0.999628
48409: 0.999628
48410: 0.999628
48411: 0.999628
48412: 0.999628
48413: 0.999628
48414: 0.999628
48415: 0.999628
48416: 0.999628
48417: 0.999628
48418: 0.999628
48419: 0.999628
48420: 0.999628
48421: 0.999628
48422: 0.999628
48423: 0.999628
48424: 0.999628
48425: 0.999628
48426: 0.999628
48427: 0.999628
48428: 0.999628
48429: 0.999628
48430: 0.999628
48431: 0.999628
48432: 0.999628
48433: 0.999628
48434: 0.999628
48435: 0.999628
48436: 0.999628
48437: 0.999628
48438: 0.999628
48439: 0.999628
48440: 0.999628
48441: 0.999628
48442: 0.999628
48443: 0.999628
48444: 0.999628
48445: 0.999628
48446: 0.999628
48447: 0.999628
48448: 0.999628
48449: 0.999628
48450: 0.999628
48451: 0.999628
48452: 0.999629
48453: 0.999629
48454: 0.999629
48455: 0.999629
48456: 0.999629
48457: 0.999629
48458: 0.999629
48459: 0.999629
48460: 0.999629
48461: 0.999629
48462: 0.999629
48463: 0.999629
48464: 0.999629
48465: 0.999629
48466: 0.999629
48467: 0.999629
48468: 0.999629
48469: 0.999629
48470: 0.999629
48471: 0.999629
48472: 0.999629
48473: 0.999629
48474: 0.999629
48475: 0.999629
48476: 0.999629
48477: 0.999629
48478: 0.999629
48479: 0.999629
48480: 0.999629
48481: 0.999629
48482: 0.999629
48483: 0.999629
48484: 0.999629
48485: 0.999629
48486: 0.999629
48487: 0.999629
48488: 0.999629
48489: 0.999629
48490: 0.999629
48491: 0.999629
48492: 0.999629
48493: 0.999629
48494: 0.999629
48495: 0.999629
48496: 0.999629
48497: 0.999629
48498: 0.999629
48499: 0.999629
48500: 0.999629
48501: 0.999629
48502: 0.999629
48503: 0.999629
48504: 0.999629
48505: 0.999629
48506: 0.999629
48507: 0.999629
48508: 0.999629
48509: 0.999629
48510: 0.999629
48511: 0.999629
48512: 0.999629
48513: 0.999629
48514: 0.999629
48515: 0.999629
48516: 0.999629
48517: 0.999629
48518: 0.999629
48519: 0.999629
48520: 0.999629
48521: 0.999629
48522: 0.999629
48523: 0.999629
48524: 0.999629
48525: 0.999629
48526: 0.999629
48527: 0.999629
48528: 0.999629
48529: 0.999629
48530: 0.999629
48531: 0.999629
48532: 0.999629
48533: 0.999629
48534: 0.999629
48535: 0.999629
48536: 0.999629
48537: 0.999629
48538: 0.999629
48539: 0.999629
48540: 0.999629
48541: 0.999629
48542: 0.999629
48543: 0.999629
48544: 0.999629
48545: 0.999629
48546: 0.999629
48547: 0.999629
48548: 0.999629
48549: 0.999629
48550: 0.999629
48551: 0.999629
48552: 0.999629
48553: 0.999629
48554: 0.999629
48555: 0.999629
48556: 0.999629
48557: 0.999629
48558: 0.999629
48559: 0.999629
48560: 0.999629
48561: 0.999629
48562: 0.999629
48563: 0.999629
48564: 0.999629
48565: 0.999629
48566: 0.999629
48567: 0.999629
48568: 0.999629
48569: 0.999629
48570: 0.999629
48571: 0.999629
48572: 0.999629
48573: 0.999629
48574: 0.999629
48575: 0.999629
48576: 0.999629
48577: 0.999629
48578: 0.999629
48579: 0.999629
48580: 0.999629
48581: 0.999629
48582: 0.99963
48583: 0.99963
48584: 0.99963
48585: 0.99963
48586: 0.99963
48587: 0.99963
48588: 0.99963
48589: 0.99963
48590: 0.99963
48591: 0.99963
48592: 0.99963
48593: 0.99963
48594: 0.99963
48595: 0.99963
48596: 0.99963
48597: 0.99963
48598: 0.99963
48599: 0.99963
48600: 0.99963
48601: 0.99963
48602: 0.99963
48603: 0.99963
48604: 0.99963
48605: 0.99963
48606: 0.99963
48607: 0.99963
48608: 0.99963
48609: 0.99963
48610: 0.99963
48611: 0.99963
48612: 0.99963
48613: 0.99963
48614: 0.99963
48615: 0.99963
48616: 0.99963
48617: 0.99963
48618: 0.99963
48619: 0.99963
48620: 0.99963
48621: 0.99963
48622: 0.99963
48623: 0.99963
48624: 0.99963
48625: 0.99963
48626: 0.99963
48627: 0.99963
48628: 0.99963
48629: 0.99963
48630: 0.99963
48631: 0.99963
48632: 0.99963
48633: 0.99963
48634: 0.99963
48635: 0.99963
48636: 0.99963
48637: 0.99963
48638: 0.99963
48639: 0.99963
48640: 0.99963
48641: 0.99963
48642: 0.99963
48643: 0.99963
48644: 0.99963
48645: 0.99963
48646: 0.99963
48647: 0.99963
48648: 0.99963
48649: 0.99963
48650: 0.99963
48651: 0.99963
48652: 0.99963
48653: 0.99963
48654: 0.99963
48655: 0.99963
48656: 0.99963
48657: 0.99963
48658: 0.99963
48659: 0.99963
48660: 0.99963
48661: 0.99963
48662: 0.99963
48663: 0.99963
48664: 0.99963
48665: 0.99963
48666: 0.99963
48667: 0.99963
48668: 0.99963
48669: 0.99963
48670: 0.99963
48671: 0.99963
48672: 0.99963
48673: 0.99963
48674: 0.99963
48675: 0.99963
48676: 0.99963
48677: 0.99963
48678: 0.99963
48679: 0.99963
48680: 0.99963
48681: 0.99963
48682: 0.99963
48683: 0.99963
48684: 0.99963
48685: 0.99963
48686: 0.99963
48687: 0.99963
48688: 0.99963
48689: 0.99963
48690: 0.99963
48691: 0.99963
48692: 0.99963
48693: 0.99963
48694: 0.99963
48695: 0.99963
48696: 0.99963
48697: 0.99963
48698: 0.99963
48699: 0.99963
48700: 0.99963
48701: 0.99963
48702: 0.99963
48703: 0.99963
48704: 0.99963
48705: 0.99963
48706: 0.99963
48707: 0.99963
48708: 0.99963
48709: 0.99963
48710: 0.99963
48711: 0.99963
48712: 0.99963
48713: 0.99963
48714: 0.999631
48715: 0.999631
48716: 0.999631
48717: 0.999631
48718: 0.999631
48719: 0.999631
48720: 0.999631
48721: 0.999631
48722: 0.999631
48723: 0.999631
48724: 0.999631
48725: 0.999631
48726: 0.999631
48727: 0.999631
48728: 0.999631
48729: 0.999631
48730: 0.999631
48731: 0.999631
48732: 0.999631
48733: 0.999631
48734: 0.999631
48735: 0.999631
48736: 0.999631
48737: 0.999631
48738: 0.999631
48739: 0.999631
48740: 0.999631
48741: 0.999631
48742: 0.999631
48743: 0.999631
48744: 0.999631
48745: 0.999631
48746: 0.999631
48747: 0.999631
48748: 0.999631
48749: 0.999631
48750: 0.999631
48751: 0.999631
48752: 0.999631
48753: 0.999631
48754: 0.999631
48755: 0.999631
48756: 0.999631
48757: 0.999631
48758: 0.999631
48759: 0.999631
48760: 0.999631
48761: 0.999631
48762: 0.999631
48763: 0.999631
48764: 0.999631
48765: 0.999631
48766: 0.999631
48767: 0.999631
48768: 0.999631
48769: 0.999631
48770: 0.999631
48771: 0.999631
48772: 0.999631
48773: 0.999631
48774: 0.999631
48775: 0.999631
48776: 0.999631
48777: 0.999631
48778: 0.999631
48779: 0.999631
48780: 0.999631
48781: 0.999631
48782: 0.999631
48783: 0.999631
48784: 0.999631
48785: 0.999631
48786: 0.999631
48787: 0.999631
48788: 0.999631
48789: 0.999631
48790: 0.999631
48791: 0.999631
48792: 0.999631
48793: 0.999631
48794: 0.999631
48795: 0.999631
48796: 0.999631
48797: 0.999631
48798: 0.999631
48799: 0.999631
48800: 0.999631
48801: 0.999631
48802: 0.999631
48803: 0.999631
48804: 0.999631
48805: 0.999631
48806: 0.999631
48807: 0.999631
48808: 0.999631
48809: 0.999631
48810: 0.999631
48811: 0.999631
48812: 0.999631
48813: 0.999631
48814: 0.999631
48815: 0.999631
48816: 0.999631
48817: 0.999631
48818: 0.999631
48819: 0.999631
48820: 0.999631
48821: 0.999631
48822: 0.999631
48823: 0.999631
48824: 0.999631
48825: 0.999631
48826: 0.999631
48827: 0.999631
48828: 0.999631
48829: 0.999631
48830: 0.999631
48831: 0.999631
48832: 0.999631
48833: 0.999631
48834: 0.999631
48835: 0.999631
48836: 0.999631
48837: 0.999631
48838: 0.999631
48839: 0.999631
48840: 0.999631
48841: 0.999631
48842: 0.999631
48843: 0.999631
48844: 0.999631
48845: 0.999631
48846: 0.999632
48847: 0.999632
48848: 0.999632
48849: 0.999632
48850: 0.999632
48851: 0.999632
48852: 0.999632
48853: 0.999632
48854: 0.999632
48855: 0.999632
48856: 0.999632
48857: 0.999632
48858: 0.999632
48859: 0.999632
48860: 0.999632
48861: 0.999632
48862: 0.999632
48863: 0.999632
48864: 0.999632
48865: 0.999632
48866: 0.999632
48867: 0.999632
48868: 0.999632
48869: 0.999632
48870: 0.999632
48871: 0.999632
48872: 0.999632
48873: 0.999632
48874: 0.999632
48875: 0.999632
48876: 0.999632
48877: 0.999632
48878: 0.999632
48879: 0.999632
48880: 0.999632
48881: 0.999632
48882: 0.999632
48883: 0.999632
48884: 0.999632
48885: 0.999632
48886: 0.999632
48887: 0.999632
48888: 0.999632
48889: 0.999632
48890: 0.999632
48891: 0.999632
48892: 0.999632
48893: 0.999632
48894: 0.999632
48895: 0.999632
48896: 0.999632
48897: 0.999632
48898: 0.999632
48899: 0.999632
48900: 0.999632
48901: 0.999632
48902: 0.999632
48903: 0.999632
48904: 0.999632
48905: 0.999632
48906: 0.999632
48907: 0.999632
48908: 0.999632
48909: 0.999632
48910: 0.999632
48911: 0.999632
48912: 0.999632
48913: 0.999632
48914: 0.999632
48915: 0.999632
48916: 0.999632
48917: 0.999632
48918: 0.999632
48919: 0.999632
48920: 0.999632
48921: 0.999632
48922: 0.999632
48923: 0.999632
48924: 0.999632
48925: 0.999632
48926: 0.999632
48927: 0.999632
48928: 0.999632
48929: 0.999632
48930: 0.999632
48931: 0.999632
48932: 0.999632
48933: 0.999632
48934: 0.999632
48935: 0.999632
48936: 0.999632
48937: 0.999632
48938: 0.999632
48939: 0.999632
48940: 0.999632
48941: 0.999632
48942: 0.999632
48943: 0.999632
48944: 0.999632
48945: 0.999632
48946: 0.999632
48947: 0.999632
48948: 0.999632
48949: 0.999632
48950: 0.999632
48951: 0.999632
48952: 0.999632
48953: 0.999632
48954: 0.999632
48955: 0.999632
48956: 0.999632
48957: 0.999632
48958: 0.999632
48959: 0.999632
48960: 0.999632
48961: 0.999632
48962: 0.999632
48963: 0.999632
48964: 0.999632
48965: 0.999632
48966: 0.999632
48967: 0.999632
48968: 0.999632
48969: 0.999632
48970: 0.999632
48971: 0.999632
48972: 0.999632
48973: 0.999632
48974: 0.999632
48975: 0.999632
48976: 0.999632
48977: 0.999632
48978: 0.999632
48979: 0.999633
48980: 0.999633
48981: 0.999633
48982: 0.999633
48983: 0.999633
48984: 0.999633
48985: 0.999633
48986: 0.999633
48987: 0.999633
48988: 0.999633
48989: 0.999633
48990: 0.999633
48991: 0.999633
48992: 0.999633
48993: 0.999633
48994: 0.999633
48995: 0.999633
48996: 0.999633
48997: 0.999633
48998: 0.999633
48999: 0.999633
49000: 0.999633
49001: 0.999633
49002: 0.999633
49003: 0.999633
49004: 0.999633
49005: 0.999633
49006: 0.999633
49007: 0.999633
49008: 0.999633
49009: 0.999633
49010: 0.999633
49011: 0.999633
49012: 0.999633
49013: 0.999633
49014: 0.999633
49015: 0.999633
49016: 0.999633
49017: 0.999633
49018: 0.999633
49019: 0.999633
49020: 0.999633
49021: 0.999633
49022: 0.999633
49023: 0.999633
49024: 0.999633
49025: 0.999633
49026: 0.999633
49027: 0.999633
49028: 0.999633
49029: 0.999633
49030: 0.999633
49031: 0.999633
49032: 0.999633
49033: 0.999633
49034: 0.999633
49035: 0.999633
49036: 0.999633
49037: 0.999633
49038: 0.999633
49039: 0.999633
49040: 0.999633
49041: 0.999633
49042: 0.999633
49043: 0.999633
49044: 0.999633
49045: 0.999633
49046: 0.999633
49047: 0.999633
49048: 0.999633
49049: 0.999633
49050: 0.999633
49051: 0.999633
49052: 0.999633
49053: 0.999633
49054: 0.999633
49055: 0.999633
49056: 0.999633
49057: 0.999633
49058: 0.999633
49059: 0.999633
49060: 0.999633
49061: 0.999633
49062: 0.999633
49063: 0.999633
49064: 0.999633
49065: 0.999633
49066: 0.999633
49067: 0.999633
49068: 0.999633
49069: 0.999633
49070: 0.999633
49071: 0.999633
49072: 0.999633
49073: 0.999633
49074: 0.999633
49075: 0.999633
49076: 0.999633
49077: 0.999633
49078: 0.999633
49079: 0.999633
49080: 0.999633
49081: 0.999633
49082: 0.999633
49083: 0.999633
49084: 0.999633
49085: 0.999633
49086: 0.999633
49087: 0.999633
49088: 0.999633
49089: 0.999633
49090: 0.999633
49091: 0.999633
49092: 0.999633
49093: 0.999633
49094: 0.999633
49095: 0.999633
49096: 0.999633
49097: 0.999633
49098: 0.999633
49099: 0.999633
49100: 0.999633
49101: 0.999633
49102: 0.999633
49103: 0.999633
49104: 0.999633
49105: 0.999633
49106: 0.999633
49107: 0.999633
49108: 0.999633
49109: 0.999633
49110: 0.999633
49111: 0.999633
49112: 0.999633
49113: 0.999634
49114: 0.999634
49115: 0.999634
49116: 0.999634
49117: 0.999634
49118: 0.999634
49119: 0.999634
49120: 0.999634
49121: 0.999634
49122: 0.999634
49123: 0.999634
49124: 0.999634
49125: 0.999634
49126: 0.999634
49127: 0.999634
49128: 0.999634
49129: 0.999634
49130: 0.999634
49131: 0.999634
49132: 0.999634
49133: 0.999634
49134: 0.999634
49135: 0.999634
49136: 0.999634
49137: 0.999634
49138: 0.999634
49139: 0.999634
49140: 0.999634
49141: 0.999634
49142: 0.999634
49143: 0.999634
49144: 0.999634
49145: 0.999634
49146: 0.999634
49147: 0.999634
49148: 0.999634
49149: 0.999634
49150: 0.999634
49151: 0.999634
49152: 0.999634
49153: 0.999634
49154: 0.999634
49155: 0.999634
49156: 0.999634
49157: 0.999634
49158: 0.999634
49159: 0.999634
49160: 0.999634
49161: 0.999634
49162: 0.999634
49163: 0.999634
49164: 0.999634
49165: 0.999634
49166: 0.999634
49167: 0.999634
49168: 0.999634
49169: 0.999634
49170: 0.999634
49171: 0.999634
49172: 0.999634
49173: 0.999634
49174: 0.999634
49175: 0.999634
49176: 0.999634
49177: 0.999634
49178: 0.999634
49179: 0.999634
49180: 0.999634
49181: 0.999634
49182: 0.999634
49183: 0.999634
49184: 0.999634
49185: 0.999634
49186: 0.999634
49187: 0.999634
49188: 0.999634
49189: 0.999634
49190: 0.999634
49191: 0.999634
49192: 0.999634
49193: 0.999634
49194: 0.999634
49195: 0.999634
49196: 0.999634
49197: 0.999634
49198: 0.999634
49199: 0.999634
49200: 0.999634
49201: 0.999634
49202: 0.999634
49203: 0.999634
49204: 0.999634
49205: 0.999634
49206: 0.999634
49207: 0.999634
49208: 0.999634
49209: 0.999634
49210: 0.999634
49211: 0.999634
49212: 0.999634
49213: 0.999634
49214: 0.999634
49215: 0.999634
49216: 0.999634
49217: 0.999634
49218: 0.999634
49219: 0.999634
49220: 0.999634
49221: 0.999634
49222: 0.999634
49223: 0.999634
49224: 0.999634
49225: 0.999634
49226: 0.999634
49227: 0.999634
49228: 0.999634
49229: 0.999634
49230: 0.999634
49231: 0.999634
49232: 0.999634
49233: 0.999634
49234: 0.999634
49235: 0.999634
49236: 0.999634
49237: 0.999634
49238: 0.999634
49239: 0.999634
49240: 0.999634
49241: 0.999634
49242: 0.999634
49243: 0.999634
49244: 0.999634
49245: 0.999634
49246: 0.999634
49247: 0.999635
49248: 0.999635
49249: 0.999635
49250: 0.999635
49251: 0.999635
49252: 0.999635
49253: 0.999635
49254: 0.999635
49255: 0.999635
49256: 0.999635
49257: 0.999635
49258: 0.999635
49259: 0.999635
49260: 0.999635
49261: 0.999635
49262: 0.999635
49263: 0.999635
49264: 0.999635
49265: 0.999635
49266: 0.999635
49267: 0.999635
49268: 0.999635
49269: 0.999635
49270: 0.999635
49271: 0.999635
49272: 0.999635
49273: 0.999635
49274: 0.999635
49275: 0.999635
49276: 0.999635
49277: 0.999635
49278: 0.999635
49279: 0.999635
49280: 0.999635
49281: 0.999635
49282: 0.999635
49283: 0.999635
49284: 0.999635
49285: 0.999635
49286: 0.999635
49287: 0.999635
49288: 0.999635
49289: 0.999635
49290: 0.999635
49291: 0.999635
49292: 0.999635
49293: 0.999635
49294: 0.999635
49295: 0.999635
49296: 0.999635
49297: 0.999635
49298: 0.999635
49299: 0.999635
49300: 0.999635
49301: 0.999635
49302: 0.999635
49303: 0.999635
49304: 0.999635
49305: 0.999635
49306: 0.999635
49307: 0.999635
49308: 0.999635
49309: 0.999635
49310: 0.999635
49311: 0.999635
49312: 0.999635
49313: 0.999635
49314: 0.999635
49315: 0.999635
49316: 0.999635
49317: 0.999635
49318: 0.999635
49319: 0.999635
49320: 0.999635
49321: 0.999635
49322: 0.999635
49323: 0.999635
49324: 0.999635
49325: 0.999635
49326: 0.999635
49327: 0.999635
49328: 0.999635
49329: 0.999635
49330: 0.999635
49331: 0.999635
49332: 0.999635
49333: 0.999635
49334: 0.999635
49335: 0.999635
49336: 0.999635
49337: 0.999635
49338: 0.999635
49339: 0.999635
49340: 0.999635
49341: 0.999635
49342: 0.999635
49343: 0.999635
49344: 0.999635
49345: 0.999635
49346: 0.999635
49347: 0.999635
49348: 0.999635
49349: 0.999635
49350: 0.999635
49351: 0.999635
49352: 0.999635
49353: 0.999635
49354: 0.999635
49355: 0.999635
49356: 0.999635
49357: 0.999635
49358: 0.999635
49359: 0.999635
49360: 0.999635
49361: 0.999635
49362: 0.999635
49363: 0.999635
49364: 0.999635
49365: 0.999635
49366: 0.999635
49367: 0.999635
49368: 0.999635
49369: 0.999635
49370: 0.999635
49371: 0.999635
49372: 0.999635
49373: 0.999635
49374: 0.999635
49375: 0.999635
49376: 0.999635
49377: 0.999635
49378: 0.999635
49379: 0.999635
49380: 0.999635
49381: 0.999635
49382: 0.999636
49383: 0.999636
49384: 0.999636
49385: 0.999636
49386: 0.999636
49387: 0.999636
49388: 0.999636
49389: 0.999636
49390: 0.999636
49391: 0.999636
49392: 0.999636
49393: 0.999636
49394: 0.999636
49395: 0.999636
49396: 0.999636
49397: 0.999636
49398: 0.999636
49399: 0.999636
49400: 0.999636
49401: 0.999636
49402: 0.999636
49403: 0.999636
49404: 0.999636
49405: 0.999636
49406: 0.999636
49407: 0.999636
49408: 0.999636
49409: 0.999636
49410: 0.999636
49411: 0.999636
49412: 0.999636
49413: 0.999636
49414: 0.999636
49415: 0.999636
49416: 0.999636
49417: 0.999636
49418: 0.999636
49419: 0.999636
49420: 0.999636
49421: 0.999636
49422: 0.999636
49423: 0.999636
49424: 0.999636
49425: 0.999636
49426: 0.999636
49427: 0.999636
49428: 0.999636
49429: 0.999636
49430: 0.999636
49431: 0.999636
49432: 0.999636
49433: 0.999636
49434: 0.999636
49435: 0.999636
49436: 0.999636
49437: 0.999636
49438: 0.999636
49439: 0.999636
49440: 0.999636
49441: 0.999636
49442: 0.999636
49443: 0.999636
49444: 0.999636
49445: 0.999636
49446: 0.999636
49447: 0.999636
49448: 0.999636
49449: 0.999636
49450: 0.999636
49451: 0.999636
49452: 0.999636
49453: 0.999636
49454: 0.999636
49455: 0.999636
49456: 0.999636
49457: 0.999636
49458: 0.999636
49459: 0.999636
49460: 0.999636
49461: 0.999636
49462: 0.999636
49463: 0.999636
49464: 0.999636
49465: 0.999636
49466: 0.999636
49467: 0.999636
49468: 0.999636
49469: 0.999636
49470: 0.999636
49471: 0.999636
49472: 0.999636
49473: 0.999636
49474: 0.999636
49475: 0.999636
49476: 0.999636
49477: 0.999636
49478: 0.999636
49479: 0.999636
49480: 0.999636
49481: 0.999636
49482: 0.999636
49483: 0.999636
49484: 0.999636
49485: 0.999636
49486: 0.999636
49487: 0.999636
49488: 0.999636
49489: 0.999636
49490: 0.999636
49491: 0.999636
49492: 0.999636
49493: 0.999636
49494: 0.999636
49495: 0.999636
49496: 0.999636
49497: 0.999636
49498: 0.999636
49499: 0.999636
49500: 0.999636
49501: 0.999636
49502: 0.999636
49503: 0.999636
49504: 0.999636
49505: 0.999636
49506: 0.999636
49507: 0.999636
49508: 0.999636
49509: 0.999636
49510: 0.999636
49511: 0.999636
49512: 0.999636
49513: 0.999636
49514: 0.999636
49515: 0.999636
49516: 0.999636
49517: 0.999636
49518: 0.999637
49519: 0.999637
49520: 0.999637
49521: 0.999637
49522: 0.999637
49523: 0.999637
49524: 0.999637
49525: 0.999637
49526: 0.999637
49527: 0.999637
49528: 0.999637
49529: 0.999637
49530: 0.999637
49531: 0.999637
49532: 0.999637
49533: 0.999637
49534: 0.999637
49535: 0.999637
49536: 0.999637
49537: 0.999637
49538: 0.999637
49539: 0.999637
49540: 0.999637
49541: 0.999637
49542: 0.999637
49543: 0.999637
49544: 0.999637
49545: 0.999637
49546: 0.999637
49547: 0.999637
49548: 0.999637
49549: 0.999637
49550: 0.999637
49551: 0.999637
49552: 0.999637
49553: 0.999637
49554: 0.999637
49555: 0.999637
49556: 0.999637
49557: 0.999637
49558: 0.999637
49559: 0.999637
49560: 0.999637
49561: 0.999637
49562: 0.999637
49563: 0.999637
49564: 0.999637
49565: 0.999637
49566: 0.999637
49567: 0.999637
49568: 0.999637
49569: 0.999637
49570: 0.999637
49571: 0.999637
49572: 0.999637
49573: 0.999637
49574: 0.999637
49575: 0.999637
49576: 0.999637
49577: 0.999637
49578: 0.999637
49579: 0.999637
49580: 0.999637
49581: 0.999637
49582: 0.999637
49583: 0.999637
49584: 0.999637
49585: 0.999637
49586: 0.999637
49587: 0.999637
49588: 0.999637
49589: 0.999637
49590: 0.999637
49591: 0.999637
49592: 0.999637
49593: 0.999637
49594: 0.999637
49595: 0.999637
49596: 0.999637
49597: 0.999637
49598: 0.999637
49599: 0.999637
49600: 0.999637
49601: 0.999637
49602: 0.999637
49603: 0.999637
49604: 0.999637
49605: 0.999637
49606: 0.999637
49607: 0.999637
49608: 0.999637
49609: 0.999637
49610: 0.999637
49611: 0.999637
49612: 0.999637
49613: 0.999637
49614: 0.999637
49615: 0.999637
49616: 0.999637
49617: 0.999637
49618: 0.999637
49619: 0.999637
49620: 0.999637
49621: 0.999637
49622: 0.999637
49623: 0.999637
49624: 0.999637
49625: 0.999637
49626: 0.999637
49627: 0.999637
49628: 0.999637
49629: 0.999637
49630: 0.999637
49631: 0.999637
49632: 0.999637
49633: 0.999637
49634: 0.999637
49635: 0.999637
49636: 0.999637
49637: 0.999637
49638: 0.999637
49639: 0.999637
49640: 0.999637
49641: 0.999637
49642: 0.999637
49643: 0.999637
49644: 0.999637
49645: 0.999637
49646: 0.999637
49647: 0.999637
49648: 0.999637
49649: 0.999637
49650: 0.999637
49651: 0.999637
49652: 0.999637
49653: 0.999637
49654: 0.999637
49655: 0.999638
49656: 0.999638
49657: 0.999638
49658: 0.999638
49659: 0.999638
49660: 0.999638
49661: 0.999638
49662: 0.999638
49663: 0.999638
49664: 0.999638
49665: 0.999638
49666: 0.999638
49667: 0.999638
49668: 0.999638
49669: 0.999638
49670: 0.999638
49671: 0.999638
49672: 0.999638
49673: 0.999638
49674: 0.999638
49675: 0.999638
49676: 0.999638
49677: 0.999638
49678: 0.999638
49679: 0.999638
49680: 0.999638
49681: 0.999638
49682: 0.999638
49683: 0.999638
49684: 0.999638
49685: 0.999638
49686: 0.999638
49687: 0.999638
49688: 0.999638
49689: 0.999638
49690: 0.999638
49691: 0.999638
49692: 0.999638
49693: 0.999638
49694: 0.999638
49695: 0.999638
49696: 0.999638
49697: 0.999638
49698: 0.999638
49699: 0.999638
49700: 0.999638
49701: 0.999638
49702: 0.999638
49703: 0.999638
49704: 0.999638
49705: 0.999638
49706: 0.999638
49707: 0.999638
49708: 0.999638
49709: 0.999638
49710: 0.999638
49711: 0.999638
49712: 0.999638
49713: 0.999638
49714: 0.999638
49715: 0.999638
49716: 0.999638
49717: 0.999638
49718: 0.999638
49719: 0.999638
49720: 0.999638
49721: 0.999638
49722: 0.999638
49723: 0.999638
49724: 0.999638
49725: 0.999638
49726: 0.999638
49727: 0.999638
49728: 0.999638
49729: 0.999638
49730: 0.999638
49731: 0.999638
49732: 0.999638
49733: 0.999638
49734: 0.999638
49735: 0.999638
49736: 0.999638
49737: 0.999638
49738: 0.999638
49739: 0.999638
49740: 0.999638
49741: 0.999638
49742: 0.999638
49743: 0.999638
49744: 0.999638
49745: 0.999638
49746: 0.999638
49747: 0.999638
49748: 0.999638
49749: 0.999638
49750: 0.999638
49751: 0.999638
49752: 0.999638
49753: 0.999638
49754: 0.999638
49755: 0.999638
49756: 0.999638
49757: 0.999638
49758: 0.999638
49759: 0.999638
49760: 0.999638
49761: 0.999638
49762: 0.999638
49763: 0.999638
49764: 0.999638
49765: 0.999638
49766: 0.999638
49767: 0.999638
49768: 0.999638
49769: 0.999638
49770: 0.999638
49771: 0.999638
49772: 0.999638
49773: 0.999638
49774: 0.999638
49775: 0.999638
49776: 0.999638
49777: 0.999638
49778: 0.999638
49779: 0.999638
49780: 0.999638
49781: 0.999638
49782: 0.999638
49783: 0.999638
49784: 0.999638
49785: 0.999638
49786: 0.999638
49787: 0.999638
49788: 0.999638
49789: 0.999638
49790: 0.999638
49791: 0.999638
49792: 0.999639
49793: 0.999639
49794: 0.999639
49795: 0.999639
49796: 0.999639
49797: 0.999639
49798: 0.999639
49799: 0.999639
49800: 0.999639
49801: 0.999639
49802: 0.999639
49803: 0.999639
49804: 0.999639
49805: 0.999639
49806: 0.999639
49807: 0.999639
49808: 0.999639
49809: 0.999639
49810: 0.999639
49811: 0.999639
49812: 0.999639
49813: 0.999639
49814: 0.999639
49815: 0.999639
49816: 0.999639
49817: 0.999639
49818: 0.999639
49819: 0.999639
49820: 0.999639
49821: 0.999639
49822: 0.999639
49823: 0.999639
49824: 0.999639
49825: 0.999639
49826: 0.999639
49827: 0.999639
49828: 0.999639
49829: 0.999639
49830: 0.999639
49831: 0.999639
49832: 0.999639
49833: 0.999639
49834: 0.999639
49835: 0.999639
49836: 0.999639
49837: 0.999639
49838: 0.999639
49839: 0.999639
49840: 0.999639
49841: 0.999639
49842: 0.999639
49843: 0.999639
49844: 0.999639
49845: 0.999639
49846: 0.999639
49847: 0.999639
49848: 0.999639
49849: 0.999639
49850: 0.999639
49851: 0.999639
49852: 0.999639
49853: 0.999639
49854: 0.999639
49855: 0.999639
49856: 0.999639
49857: 0.999639
49858: 0.999639
49859: 0.999639
49860: 0.999639
49861: 0.999639
49862: 0.999639
49863: 0.999639
49864: 0.999639
49865: 0.999639
49866: 0.999639
49867: 0.999639
49868: 0.999639
49869: 0.999639
49870: 0.999639
49871: 0.999639
49872: 0.999639
49873: 0.999639
49874: 0.999639
49875: 0.999639
49876: 0.999639
49877: 0.999639
49878: 0.999639
49879: 0.999639
49880: 0.999639
49881: 0.999639
49882: 0.999639
49883: 0.999639
49884: 0.999639
49885: 0.999639
49886: 0.999639
49887: 0.999639
49888: 0.999639
49889: 0.999639
49890: 0.999639
49891: 0.999639
49892: 0.999639
49893: 0.999639
49894: 0.999639
49895: 0.999639
49896: 0.999639
49897: 0.999639
49898: 0.999639
49899: 0.999639
49900: 0.999639
49901: 0.999639
49902: 0.999639
49903: 0.999639
49904: 0.999639
49905: 0.999639
49906: 0.999639
49907: 0.999639
49908: 0.999639
49909: 0.999639
49910: 0.999639
49911: 0.999639
49912: 0.999639
49913: 0.999639
49914: 0.999639
49915: 0.999639
49916: 0.999639
49917: 0.999639
49918: 0.999639
49919: 0.999639
49920: 0.999639
49921: 0.999639
49922: 0.999639
49923: 0.999639
49924: 0.999639
49925: 0.999639
49926: 0.999639
49927: 0.999639
49928: 0.999639
49929: 0.999639
49930: 0.99964
49931: 0.99964
49932: 0.99964
49933: 0.99964
49934: 0.99964
49935: 0.99964
49936: 0.99964
49937: 0.99964
49938: 0.99964
49939: 0.99964
49940: 0.99964
49941: 0.99964
49942: 0.99964
49943: 0.99964
49944: 0.99964
49945: 0.99964
49946: 0.99964
49947: 0.99964
49948: 0.99964
49949: 0.99964
49950: 0.99964
49951: 0.99964
49952: 0.99964
49953: 0.99964
49954: 0.99964
49955: 0.99964
49956: 0.99964
49957: 0.99964
49958: 0.99964
49959: 0.99964
49960: 0.99964
49961: 0.99964
49962: 0.99964
49963: 0.99964
49964: 0.99964
49965: 0.99964
49966: 0.99964
49967: 0.99964
49968: 0.99964
49969: 0.99964
49970: 0.99964
49971: 0.99964
49972: 0.99964
49973: 0.99964
49974: 0.99964
49975: 0.99964
49976: 0.99964
49977: 0.99964
49978: 0.99964
49979: 0.99964
49980: 0.99964
49981: 0.99964
49982: 0.99964
49983: 0.99964
49984: 0.99964
49985: 0.99964
49986: 0.99964
49987: 0.99964
49988: 0.99964
49989: 0.99964
49990: 0.99964
49991: 0.99964
49992: 0.99964
49993: 0.99964
49994: 0.99964
49995: 0.99964
49996: 0.99964
49997: 0.99964
49998: 0.99964
49999: 0.99964
50000: 0.99964
50001: 0.99964
50002: 0.99964
50003: 0.99964
50004: 0.99964
50005: 0.99964
50006: 0.99964
50007: 0.99964
50008: 0.99964
50009: 0.99964
50010: 0.99964
50011: 0.99964
50012: 0.99964
50013: 0.99964
50014: 0.99964
50015: 0.99964
50016: 0.99964
50017: 0.99964
50018: 0.99964
50019: 0.99964
50020: 0.99964
50021: 0.99964
50022: 0.99964
50023: 0.99964
50024: 0.99964
50025: 0.99964
50026: 0.99964
50027: 0.99964
50028: 0.99964
50029: 0.99964
50030: 0.99964
50031: 0.99964
50032: 0.99964
50033: 0.99964
50034: 0.99964
50035: 0.99964
50036: 0.99964
50037: 0.99964
50038: 0.99964
50039: 0.99964
50040: 0.99964
50041: 0.99964
50042: 0.99964
50043: 0.99964
50044: 0.99964
50045: 0.99964
50046: 0.99964
50047: 0.99964
50048: 0.99964
50049: 0.99964
50050: 0.99964
50051: 0.99964
50052: 0.99964
50053: 0.99964
50054: 0.99964
50055: 0.99964
50056: 0.99964
50057: 0.99964
50058: 0.99964
50059: 0.99964
50060: 0.99964
50061: 0.99964
50062: 0.99964
50063: 0.99964
50064: 0.99964
50065: 0.99964
50066: 0.99964
50067: 0.99964
50068: 0.99964
50069: 0.999641
50070: 0.999641
50071: 0.999641
50072: 0.999641
50073: 0.999641
50074: 0.999641
50075: 0.999641
50076: 0.999641
50077: 0.999641
50078: 0.999641
50079: 0.999641
50080: 0.999641
50081: 0.999641
50082: 0.999641
50083: 0.999641
50084: 0.999641
50085: 0.999641
50086: 0.999641
50087: 0.999641
50088: 0.999641
50089: 0.999641
50090: 0.999641
50091: 0.999641
50092: 0.999641
50093: 0.999641
50094: 0.999641
50095: 0.999641
50096: 0.999641
50097: 0.999641
50098: 0.999641
50099: 0.999641
50100: 0.999641
50101: 0.999641
50102: 0.999641
50103: 0.999641
50104: 0.999641
50105: 0.999641
50106: 0.999641
50107: 0.999641
50108: 0.999641
50109: 0.999641
50110: 0.999641
50111: 0.999641
50112: 0.999641
50113: 0.999641
50114: 0.999641
50115: 0.999641
50116: 0.999641
50117: 0.999641
50118: 0.999641
50119: 0.999641
50120: 0.999641
50121: 0.999641
50122: 0.999641
50123: 0.999641
50124: 0.999641
50125: 0.999641
50126: 0.999641
50127: 0.999641
50128: 0.999641
50129: 0.999641
50130: 0.999641
50131: 0.999641
50132: 0.999641
50133: 0.999641
50134: 0.999641
50135: 0.999641
50136: 0.999641
50137: 0.999641
50138: 0.999641
50139: 0.999641
50140: 0.999641
50141: 0.999641
50142: 0.999641
50143: 0.999641
50144: 0.999641
50145: 0.999641
50146: 0.999641
50147: 0.999641
50148: 0.999641
50149: 0.999641
50150: 0.999641
50151: 0.999641
50152: 0.999641
50153: 0.999641
50154: 0.999641
50155: 0.999641
50156: 0.999641
50157: 0.999641
50158: 0.999641
50159: 0.999641
50160: 0.999641
50161: 0.999641
50162: 0.999641
50163: 0.999641
50164: 0.999641
50165: 0.999641
50166: 0.999641
50167: 0.999641
50168: 0.999641
50169: 0.999641
50170: 0.999641
50171: 0.999641
50172: 0.999641
50173: 0.999641
50174: 0.999641
50175: 0.999641
50176: 0.999641
50177: 0.999641
50178: 0.999641
50179: 0.999641
50180: 0.999641
50181: 0.999641
50182: 0.999641
50183: 0.999641
50184: 0.999641
50185: 0.999641
50186: 0.999641
50187: 0.999641
50188: 0.999641
50189: 0.999641
50190: 0.999641
50191: 0.999641
50192: 0.999641
50193: 0.999641
50194: 0.999641
50195: 0.999641
50196: 0.999641
50197: 0.999641
50198: 0.999641
50199: 0.999641
50200: 0.999641
50201: 0.999641
50202: 0.999641
50203: 0.999641
50204: 0.999641
50205: 0.999641
50206: 0.999641
50207: 0.999641
50208: 0.999641
50209: 0.999642
50210: 0.999642
50211: 0.999642
50212: 0.999642
50213: 0.999642
50214: 0.999642
50215: 0.999642
50216: 0.999642
50217: 0.999642
50218: 0.999642
50219: 0.999642
50220: 0.999642
50221: 0.999642
50222: 0.999642
50223: 0.999642
50224: 0.999642
50225: 0.999642
50226: 0.999642
50227: 0.999642
50228: 0.999642
50229: 0.999642
50230: 0.999642
50231: 0.999642
50232: 0.999642
50233: 0.999642
50234: 0.999642
50235: 0.999642
50236: 0.999642
50237: 0.999642
50238: 0.999642
50239: 0.999642
50240: 0.999642
50241: 0.999642
50242: 0.999642
50243: 0.999642
50244: 0.999642
50245: 0.999642
50246: 0.999642
50247: 0.999642
50248: 0.999642
50249: 0.999642
50250: 0.999642
50251: 0.999642
50252: 0.999642
50253: 0.999642
50254: 0.999642
50255: 0.999642
50256: 0.999642
50257: 0.999642
50258: 0.999642
50259: 0.999642
50260: 0.999642
50261: 0.999642
50262: 0.999642
50263: 0.999642
50264: 0.999642
50265: 0.999642
50266: 0.999642
50267: 0.999642
50268: 0.999642
50269: 0.999642
50270: 0.999642
50271: 0.999642
50272: 0.999642
50273: 0.999642
50274: 0.999642
50275: 0.999642
50276: 0.999642
50277: 0.999642
50278: 0.999642
50279: 0.999642
50280: 0.999642
50281: 0.999642
50282: 0.999642
50283: 0.999642
50284: 0.999642
50285: 0.999642
50286: 0.999642
50287: 0.999642
50288: 0.999642
50289: 0.999642
50290: 0.999642
50291: 0.999642
50292: 0.999642
50293: 0.999642
50294: 0.999642
50295: 0.999642
50296: 0.999642
50297: 0.999642
50298: 0.999642
50299: 0.999642
50300: 0.999642
50301: 0.999642
50302: 0.999642
50303: 0.999642
50304: 0.999642
50305: 0.999642
50306: 0.999642
50307: 0.999642
50308: 0.999642
50309: 0.999642
50310: 0.999642
50311: 0.999642
50312: 0.999642
50313: 0.999642
50314: 0.999642
50315: 0.999642
50316: 0.999642
50317: 0.999642
50318: 0.999642
50319: 0.999642
50320: 0.999642
50321: 0.999642
50322: 0.999642
50323: 0.999642
50324: 0.999642
50325: 0.999642
50326: 0.999642
50327: 0.999642
50328: 0.999642
50329: 0.999642
50330: 0.999642
50331: 0.999642
50332: 0.999642
50333: 0.999642
50334: 0.999642
50335: 0.999642
50336: 0.999642
50337: 0.999642
50338: 0.999642
50339: 0.999642
50340: 0.999642
50341: 0.999642
50342: 0.999642
50343: 0.999642
50344: 0.999642
50345: 0.999642
50346: 0.999642
50347: 0.999642
50348: 0.999642
50349: 0.999643
50350: 0.999643
50351: 0.999643
50352: 0.999643
50353: 0.999643
50354: 0.999643
50355: 0.999643
50356: 0.999643
50357: 0.999643
50358: 0.999643
50359: 0.999643
50360: 0.999643
50361: 0.999643
50362: 0.999643
50363: 0.999643
50364: 0.999643
50365: 0.999643
50366: 0.999643
50367: 0.999643
50368: 0.999643
50369: 0.999643
50370: 0.999643
50371: 0.999643
50372: 0.999643
50373: 0.999643
50374: 0.999643
50375: 0.999643
50376: 0.999643
50377: 0.999643
50378: 0.999643
50379: 0.999643
50380: 0.999643
50381: 0.999643
50382: 0.999643
50383: 0.999643
50384: 0.999643
50385: 0.999643
50386: 0.999643
50387: 0.999643
50388: 0.999643
50389: 0.999643
50390: 0.999643
50391: 0.999643
50392: 0.999643
50393: 0.999643
50394: 0.999643
50395: 0.999643
50396: 0.999643
50397: 0.999643
50398: 0.999643
50399: 0.999643
50400: 0.999643
50401: 0.999643
50402: 0.999643
50403: 0.999643
50404: 0.999643
50405: 0.999643
50406: 0.999643
50407: 0.999643
50408: 0.999643
50409: 0.999643
50410: 0.999643
50411: 0.999643
50412: 0.999643
50413: 0.999643
50414: 0.999643
50415: 0.999643
50416: 0.999643
50417: 0.999643
50418: 0.999643
50419: 0.999643
50420: 0.999643
50421: 0.999643
50422: 0.999643
50423: 0.999643
50424: 0.999643
50425: 0.999643
50426: 0.999643
50427: 0.999643
50428: 0.999643
50429: 0.999643
50430: 0.999643
50431: 0.999643
50432: 0.999643
50433: 0.999643
50434: 0.999643
50435: 0.999643
50436: 0.999643
50437: 0.999643
50438: 0.999643
50439: 0.999643
50440: 0.999643
50441: 0.999643
50442: 0.999643
50443: 0.999643
50444: 0.999643
50445: 0.999643
50446: 0.999643
50447: 0.999643
50448: 0.999643
50449: 0.999643
50450: 0.999643
50451: 0.999643
50452: 0.999643
50453: 0.999643
50454: 0.999643
50455: 0.999643
50456: 0.999643
50457: 0.999643
50458: 0.999643
50459: 0.999643
50460: 0.999643
50461: 0.999643
50462: 0.999643
50463: 0.999643
50464: 0.999643
50465: 0.999643
50466: 0.999643
50467: 0.999643
50468: 0.999643
50469: 0.999643
50470: 0.999643
50471: 0.999643
50472: 0.999643
50473: 0.999643
50474: 0.999643
50475: 0.999643
50476: 0.999643
50477: 0.999643
50478: 0.999643
50479: 0.999643
50480: 0.999643
50481: 0.999643
50482: 0.999643
50483: 0.999643
50484: 0.999643
50485: 0.999643
50486: 0.999643
50487: 0.999643
50488: 0.999643
50489: 0.999643
50490: 0.999644
50491: 0.999644
50492: 0.999644
50493: 0.999644
50494: 0.999644
50495: 0.999644
50496: 0.999644
50497: 0.999644
50498: 0.999644
50499: 0.999644
50500: 0.999644
50501: 0.999644
50502: 0.999644
50503: 0.999644
50504: 0.999644
50505: 0.999644
50506: 0.999644
50507: 0.999644
50508: 0.999644
50509: 0.999644
50510: 0.999644
50511: 0.999644
50512: 0.999644
50513: 0.999644
50514: 0.999644
50515: 0.999644
50516: 0.999644
50517: 0.999644
50518: 0.999644
50519: 0.999644
50520: 0.999644
50521: 0.999644
50522: 0.999644
50523: 0.999644
50524: 0.999644
50525: 0.999644
50526: 0.999644
50527: 0.999644
50528: 0.999644
50529: 0.999644
50530: 0.999644
50531: 0.999644
50532: 0.999644
50533: 0.999644
50534: 0.999644
50535: 0.999644
50536: 0.999644
50537: 0.999644
50538: 0.999644
50539: 0.999644
50540: 0.999644
50541: 0.999644
50542: 0.999644
50543: 0.999644
50544: 0.999644
50545: 0.999644
50546: 0.999644
50547: 0.999644
50548: 0.999644
50549: 0.999644
50550: 0.999644
50551: 0.999644
50552: 0.999644
50553: 0.999644
50554: 0.999644
50555: 0.999644
50556: 0.999644
50557: 0.999644
50558: 0.999644
50559: 0.999644
50560: 0.999644
50561: 0.999644
50562: 0.999644
50563: 0.999644
50564: 0.999644
50565: 0.999644
50566: 0.999644
50567: 0.999644
50568: 0.999644
50569: 0.999644
50570: 0.999644
50571: 0.999644
50572: 0.999644
50573: 0.999644
50574: 0.999644
50575: 0.999644
50576: 0.999644
50577: 0.999644
50578: 0.999644
50579: 0.999644
50580: 0.999644
50581: 0.999644
50582: 0.999644
50583: 0.999644
50584: 0.999644
50585: 0.999644
50586: 0.999644
50587: 0.999644
50588: 0.999644
50589: 0.999644
50590: 0.999644
50591: 0.999644
50592: 0.999644
50593: 0.999644
50594: 0.999644
50595: 0.999644
50596: 0.999644
50597: 0.999644
50598: 0.999644
50599: 0.999644
50600: 0.999644
50601: 0.999644
50602: 0.999644
50603: 0.999644
50604: 0.999644
50605: 0.999644
50606: 0.999644
50607: 0.999644
50608: 0.999644
50609: 0.999644
50610: 0.999644
50611: 0.999644
50612: 0.999644
50613: 0.999644
50614: 0.999644
50615: 0.999644
50616: 0.999644
50617: 0.999644
50618: 0.999644
50619: 0.999644
50620: 0.999644
50621: 0.999644
50622: 0.999644
50623: 0.999644
50624: 0.999644
50625: 0.999644
50626: 0.999644
50627: 0.999644
50628: 0.999644
50629: 0.999644
50630: 0.999644
50631: 0.999644
50632: 0.999645
50633: 0.999645
50634: 0.999645
50635: 0.999645
50636: 0.999645
50637: 0.999645
50638: 0.999645
50639: 0.999645
50640: 0.999645
50641: 0.999645
50642: 0.999645
50643: 0.999645
50644: 0.999645
50645: 0.999645
50646: 0.999645
50647: 0.999645
50648: 0.999645
50649: 0.999645
50650: 0.999645
50651: 0.999645
50652: 0.999645
50653: 0.999645
50654: 0.999645
50655: 0.999645
50656: 0.999645
50657: 0.999645
50658: 0.999645
50659: 0.999645
50660: 0.999645
50661: 0.999645
50662: 0.999645
50663: 0.999645
50664: 0.999645
50665: 0.999645
50666: 0.999645
50667: 0.999645
50668: 0.999645
50669: 0.999645
50670: 0.999645
50671: 0.999645
50672: 0.999645
50673: 0.999645
50674: 0.999645
50675: 0.999645
50676: 0.999645
50677: 0.999645
50678: 0.999645
50679: 0.999645
50680: 0.999645
50681: 0.999645
50682: 0.999645
50683: 0.999645
50684: 0.999645
50685: 0.999645
50686: 0.999645
50687: 0.999645
50688: 0.999645
50689: 0.999645
50690: 0.999645
50691: 0.999645
50692: 0.999645
50693: 0.999645
50694: 0.999645
50695: 0.999645
50696: 0.999645
50697: 0.999645
50698: 0.999645
50699: 0.999645
50700: 0.999645
50701: 0.999645
50702: 0.999645
50703: 0.999645
50704: 0.999645
50705: 0.999645
50706: 0.999645
50707: 0.999645
50708: 0.999645
50709: 0.999645
50710: 0.999645
50711: 0.999645
50712: 0.999645
50713: 0.999645
50714: 0.999645
50715: 0.999645
50716: 0.999645
50717: 0.999645
50718: 0.999645
50719: 0.999645
50720: 0.999645
50721: 0.999645
50722: 0.999645
50723: 0.999645
50724: 0.999645
50725: 0.999645
50726: 0.999645
50727: 0.999645
50728: 0.999645
50729: 0.999645
50730: 0.999645
50731: 0.999645
50732: 0.999645
50733: 0.999645
50734: 0.999645
50735: 0.999645
50736: 0.999645
50737: 0.999645
50738: 0.999645
50739: 0.999645
50740: 0.999645
50741: 0.999645
50742: 0.999645
50743: 0.999645
50744: 0.999645
50745: 0.999645
50746: 0.999645
50747: 0.999645
50748: 0.999645
50749: 0.999645
50750: 0.999645
50751: 0.999645
50752: 0.999645
50753: 0.999645
50754: 0.999645
50755: 0.999645
50756: 0.999645
50757: 0.999645
50758: 0.999645
50759: 0.999645
50760: 0.999645
50761: 0.999645
50762: 0.999645
50763: 0.999645
50764: 0.999645
50765: 0.999645
50766: 0.999645
50767: 0.999645
50768: 0.999645
50769: 0.999645
50770: 0.999645
50771: 0.999645
50772: 0.999645
50773: 0.999645
50774: 0.999645
50775: 0.999646
50776: 0.999646
50777: 0.999646
50778: 0.999646
50779: 0.999646
50780: 0.999646
50781: 0.999646
50782: 0.999646
50783: 0.999646
50784: 0.999646
50785: 0.999646
50786: 0.999646
50787: 0.999646
50788: 0.999646
50789: 0.999646
50790: 0.999646
50791: 0.999646
50792: 0.999646
50793: 0.999646
50794: 0.999646
50795: 0.999646
50796: 0.999646
50797: 0.999646
50798: 0.999646
50799: 0.999646
50800: 0.999646
50801: 0.999646
50802: 0.999646
50803: 0.999646
50804: 0.999646
50805: 0.999646
50806: 0.999646
50807: 0.999646
50808: 0.999646
50809: 0.999646
50810: 0.999646
50811: 0.999646
50812: 0.999646
50813: 0.999646
50814: 0.999646
50815: 0.999646
50816: 0.999646
50817: 0.999646
50818: 0.999646
50819: 0.999646
50820: 0.999646
50821: 0.999646
50822: 0.999646
50823: 0.999646
50824: 0.999646
50825: 0.999646
50826: 0.999646
50827: 0.999646
50828: 0.999646
50829: 0.999646
50830: 0.999646
50831: 0.999646
50832: 0.999646
50833: 0.999646
50834: 0.999646
50835: 0.999646
50836: 0.999646
50837: 0.999646
50838: 0.999646
50839: 0.999646
50840: 0.999646
50841: 0.999646
50842: 0.999646
50843: 0.999646
50844: 0.999646
50845: 0.999646
50846: 0.999646
50847: 0.999646
50848: 0.999646
50849: 0.999646
50850: 0.999646
50851: 0.999646
50852: 0.999646
50853: 0.999646
50854: 0.999646
50855: 0.999646
50856: 0.999646
50857: 0.999646
50858: 0.999646
50859: 0.999646
50860: 0.999646
50861: 0.999646
50862: 0.999646
50863: 0.999646
50864: 0.999646
50865: 0.999646
50866: 0.999646
50867: 0.999646
50868: 0.999646
50869: 0.999646
50870: 0.999646
50871: 0.999646
50872: 0.999646
50873: 0.999646
50874: 0.999646
50875: 0.999646
50876: 0.999646
50877: 0.999646
50878: 0.999646
50879: 0.999646
50880: 0.999646
50881: 0.999646
50882: 0.999646
50883: 0.999646
50884: 0.999646
50885: 0.999646
50886: 0.999646
50887: 0.999646
50888: 0.999646
50889: 0.999646
50890: 0.999646
50891: 0.999646
50892: 0.999646
50893: 0.999646
50894: 0.999646
50895: 0.999646
50896: 0.999646
50897: 0.999646
50898: 0.999646
50899: 0.999646
50900: 0.999646
50901: 0.999646
50902: 0.999646
50903: 0.999646
50904: 0.999646
50905: 0.999646
50906: 0.999646
50907: 0.999646
50908: 0.999646
50909: 0.999646
50910: 0.999646
50911: 0.999646
50912: 0.999646
50913: 0.999646
50914: 0.999646
50915: 0.999646
50916: 0.999646
50917: 0.999646
50918: 0.999646
50919: 0.999647
50920: 0.999647
50921: 0.999647
50922: 0.999647
50923: 0.999647
50924: 0.999647
50925: 0.999647
50926: 0.999647
50927: 0.999647
50928: 0.999647
50929: 0.999647
50930: 0.999647
50931: 0.999647
50932: 0.999647
50933: 0.999647
50934: 0.999647
50935: 0.999647
50936: 0.999647
50937: 0.999647
50938: 0.999647
50939: 0.999647
50940: 0.999647
50941: 0.999647
50942: 0.999647
50943: 0.999647
50944: 0.999647
50945: 0.999647
50946: 0.999647
50947: 0.999647
50948: 0.999647
50949: 0.999647
50950: 0.999647
50951: 0.999647
50952: 0.999647
50953: 0.999647
50954: 0.999647
50955: 0.999647
50956: 0.999647
50957: 0.999647
50958: 0.999647
50959: 0.999647
50960: 0.999647
50961: 0.999647
50962: 0.999647
50963: 0.999647
50964: 0.999647
50965: 0.999647
50966: 0.999647
50967: 0.999647
50968: 0.999647
50969: 0.999647
50970: 0.999647
50971: 0.999647
50972: 0.999647
50973: 0.999647
50974: 0.999647
50975: 0.999647
50976: 0.999647
50977: 0.999647
50978: 0.999647
50979: 0.999647
50980: 0.999647
50981: 0.999647
50982: 0.999647
50983: 0.999647
50984: 0.999647
50985: 0.999647
50986: 0.999647
50987: 0.999647
50988: 0.999647
50989: 0.999647
50990: 0.999647
50991: 0.999647
50992: 0.999647
50993: 0.999647
50994: 0.999647
50995: 0.999647
50996: 0.999647
50997: 0.999647
50998: 0.999647
50999: 0.999647
51000: 0.999647
51001: 0.999647
51002: 0.999647
51003: 0.999647
51004: 0.999647
51005: 0.999647
51006: 0.999647
51007: 0.999647
51008: 0.999647
51009: 0.999647
51010: 0.999647
51011: 0.999647
51012: 0.999647
51013: 0.999647
51014: 0.999647
51015: 0.999647
51016: 0.999647
51017: 0.999647
51018: 0.999647
51019: 0.999647
51020: 0.999647
51021: 0.999647
51022: 0.999647
51023: 0.999647
51024: 0.999647
51025: 0.999647
51026: 0.999647
51027: 0.999647
51028: 0.999647
51029: 0.999647
51030: 0.999647
51031: 0.999647
51032: 0.999647
51033: 0.999647
51034: 0.999647
51035: 0.999647
51036: 0.999647
51037: 0.999647
51038: 0.999647
51039: 0.999647
51040: 0.999647
51041: 0.999647
51042: 0.999647
51043: 0.999647
51044: 0.999647
51045: 0.999647
51046: 0.999647
51047: 0.999647
51048: 0.999647
51049: 0.999647
51050: 0.999647
51051: 0.999647
51052: 0.999647
51053: 0.999647
51054: 0.999647
51055: 0.999647
51056: 0.999647
51057: 0.999647
51058: 0.999647
51059: 0.999647
51060: 0.999647
51061: 0.999647
51062: 0.999647
51063: 0.999648
51064: 0.999648
51065: 0.999648
51066: 0.999648
51067: 0.999648
51068: 0.999648
51069: 0.999648
51070: 0.999648
51071: 0.999648
51072: 0.999648
51073: 0.999648
51074: 0.999648
51075: 0.999648
51076: 0.999648
51077: 0.999648
51078: 0.999648
51079: 0.999648
51080: 0.999648
51081: 0.999648
51082: 0.999648
51083: 0.999648
51084: 0.999648
51085: 0.999648
51086: 0.999648
51087: 0.999648
51088: 0.999648
51089: 0.999648
51090: 0.999648
51091: 0.999648
51092: 0.999648
51093: 0.999648
51094: 0.999648
51095: 0.999648
51096: 0.999648
51097: 0.999648
51098: 0.999648
51099: 0.999648
51100: 0.999648
51101: 0.999648
51102: 0.999648
51103: 0.999648
51104: 0.999648
51105: 0.999648
51106: 0.999648
51107: 0.999648
51108: 0.999648
51109: 0.999648
51110: 0.999648
51111: 0.999648
51112: 0.999648
51113: 0.999648
51114: 0.999648
51115: 0.999648
51116: 0.999648
51117: 0.999648
51118: 0.999648
51119: 0.999648
51120: 0.999648
51121: 0.999648
51122: 0.999648
51123: 0.999648
51124: 0.999648
51125: 0.999648
51126: 0.999648
51127: 0.999648
51128: 0.999648
51129: 0.999648
51130: 0.999648
51131: 0.999648
51132: 0.999648
51133: 0.999648
51134: 0.999648
51135: 0.999648
51136: 0.999648
51137: 0.999648
51138: 0.999648
51139: 0.999648
51140: 0.999648
51141: 0.999648
51142: 0.999648
51143: 0.999648
51144: 0.999648
51145: 0.999648
51146: 0.999648
51147: 0.999648
51148: 0.999648
51149: 0.999648
51150: 0.999648
51151: 0.999648
51152: 0.999648
51153: 0.999648
51154: 0.999648
51155: 0.999648
51156: 0.999648
51157: 0.999648
51158: 0.999648
51159: 0.999648
51160: 0.999648
51161: 0.999648
51162: 0.999648
51163: 0.999648
51164: 0.999648
51165: 0.999648
51166: 0.999648
51167: 0.999648
51168: 0.999648
51169: 0.999648
51170: 0.999648
51171: 0.999648
51172: 0.999648
51173: 0.999648
51174: 0.999648
51175: 0.999648
51176: 0.999648
51177: 0.999648
51178: 0.999648
51179: 0.999648
51180: 0.999648
51181: 0.999648
51182: 0.999648
51183: 0.999648
51184: 0.999648
51185: 0.999648
51186: 0.999648
51187: 0.999648
51188: 0.999648
51189: 0.999648
51190: 0.999648
51191: 0.999648
51192: 0.999648
51193: 0.999648
51194: 0.999648
51195: 0.999648
51196: 0.999648
51197: 0.999648
51198: 0.999648
51199: 0.999648
51200: 0.999648
51201: 0.999648
51202: 0.999648
51203: 0.999648
51204: 0.999648
51205: 0.999648
51206: 0.999648
51207: 0.999648
51208: 0.999648
51209: 0.999649
51210: 0.999649
51211: 0.999649
51212: 0.999649
51213: 0.999649
51214: 0.999649
51215: 0.999649
51216: 0.999649
51217: 0.999649
51218: 0.999649
51219: 0.999649
51220: 0.999649
51221: 0.999649
51222: 0.999649
51223: 0.999649
51224: 0.999649
51225: 0.999649
51226: 0.999649
51227: 0.999649
51228: 0.999649
51229: 0.999649
51230: 0.999649
51231: 0.999649
51232: 0.999649
51233: 0.999649
51234: 0.999649
51235: 0.999649
51236: 0.999649
51237: 0.999649
51238: 0.999649
51239: 0.999649
51240: 0.999649
51241: 0.999649
51242: 0.999649
51243: 0.999649
51244: 0.999649
51245: 0.999649
51246: 0.999649
51247: 0.999649
51248: 0.999649
51249: 0.999649
51250: 0.999649
51251: 0.999649
51252: 0.999649
51253: 0.999649
51254: 0.999649
51255: 0.999649
51256: 0.999649
51257: 0.999649
51258: 0.999649
51259: 0.999649
51260: 0.999649
51261: 0.999649
51262: 0.999649
51263: 0.999649
51264: 0.999649
51265: 0.999649
51266: 0.999649
51267: 0.999649
51268: 0.999649
51269: 0.999649
51270: 0.999649
51271: 0.999649
51272: 0.999649
51273: 0.999649
51274: 0.999649
51275: 0.999649
51276: 0.999649
51277: 0.999649
51278: 0.999649
51279: 0.999649
51280: 0.999649
51281: 0.999649
51282: 0.999649
51283: 0.999649
51284: 0.999649
51285: 0.999649
51286: 0.999649
51287: 0.999649
51288: 0.999649
51289: 0.999649
51290: 0.999649
51291: 0.999649
51292: 0.999649
51293: 0.999649
51294: 0.999649
51295: 0.999649
51296: 0.999649
51297: 0.999649
51298: 0.999649
51299: 0.999649
51300: 0.999649
51301: 0.999649
51302: 0.999649
51303: 0.999649
51304: 0.999649
51305: 0.999649
51306: 0.999649
51307: 0.999649
51308: 0.999649
51309: 0.999649
51310: 0.999649
51311: 0.999649
51312: 0.999649
51313: 0.999649
51314: 0.999649
51315: 0.999649
51316: 0.999649
51317: 0.999649
51318: 0.999649
51319: 0.999649
51320: 0.999649
51321: 0.999649
51322: 0.999649
51323: 0.999649
51324: 0.999649
51325: 0.999649
51326: 0.999649
51327: 0.999649
51328: 0.999649
51329: 0.999649
51330: 0.999649
51331: 0.999649
51332: 0.999649
51333: 0.999649
51334: 0.999649
51335: 0.999649
51336: 0.999649
51337: 0.999649
51338: 0.999649
51339: 0.999649
51340: 0.999649
51341: 0.999649
51342: 0.999649
51343: 0.999649
51344: 0.999649
51345: 0.999649
51346: 0.999649
51347: 0.999649
51348: 0.999649
51349: 0.999649
51350: 0.999649
51351: 0.999649
51352: 0.999649
51353: 0.999649
51354: 0.999649
51355: 0.99965
51356: 0.99965
51357: 0.99965
51358: 0.99965
51359: 0.99965
51360: 0.99965
51361: 0.99965
51362: 0.99965
51363: 0.99965
51364: 0.99965
51365: 0.99965
51366: 0.99965
51367: 0.99965
51368: 0.99965
51369: 0.99965
51370: 0.99965
51371: 0.99965
51372: 0.99965
51373: 0.99965
51374: 0.99965
51375: 0.99965
51376: 0.99965
51377: 0.99965
51378: 0.99965
51379: 0.99965
51380: 0.99965
51381: 0.99965
51382: 0.99965
51383: 0.99965
51384: 0.99965
51385: 0.99965
51386: 0.99965
51387: 0.99965
51388: 0.99965
51389: 0.99965
51390: 0.99965
51391: 0.99965
51392: 0.99965
51393: 0.99965
51394: 0.99965
51395: 0.99965
51396: 0.99965
51397: 0.99965
51398: 0.99965
51399: 0.99965
51400: 0.99965
51401: 0.99965
51402: 0.99965
51403: 0.99965
51404: 0.99965
51405: 0.99965
51406: 0.99965
51407: 0.99965
51408: 0.99965
51409: 0.99965
51410: 0.99965
51411: 0.99965
51412: 0.99965
51413: 0.99965
51414: 0.99965
51415: 0.99965
51416: 0.99965
51417: 0.99965
51418: 0.99965
51419: 0.99965
51420: 0.99965
51421: 0.99965
51422: 0.99965
51423: 0.99965
51424: 0.99965
51425: 0.99965
51426: 0.99965
51427: 0.99965
51428: 0.99965
51429: 0.99965
51430: 0.99965
51431: 0.99965
51432: 0.99965
51433: 0.99965
51434: 0.99965
51435: 0.99965
51436: 0.99965
51437: 0.99965
51438: 0.99965
51439: 0.99965
51440: 0.99965
51441: 0.99965
51442: 0.99965
51443: 0.99965
51444: 0.99965
51445: 0.99965
51446: 0.99965
51447: 0.99965
51448: 0.99965
51449: 0.99965
51450: 0.99965
51451: 0.99965
51452: 0.99965
51453: 0.99965
51454: 0.99965
51455: 0.99965
51456: 0.99965
51457: 0.99965
51458: 0.99965
51459: 0.99965
51460: 0.99965
51461: 0.99965
51462: 0.99965
51463: 0.99965
51464: 0.99965
51465: 0.99965
51466: 0.99965
51467: 0.99965
51468: 0.99965
51469: 0.99965
51470: 0.99965
51471: 0.99965
51472: 0.99965
51473: 0.99965
51474: 0.99965
51475: 0.99965
51476: 0.99965
51477: 0.99965
51478: 0.99965
51479: 0.99965
51480: 0.99965
51481: 0.99965
51482: 0.99965
51483: 0.99965
51484: 0.99965
51485: 0.99965
51486: 0.99965
51487: 0.99965
51488: 0.99965
51489: 0.99965
51490: 0.99965
51491: 0.99965
51492: 0.99965
51493: 0.99965
51494: 0.99965
51495: 0.99965
51496: 0.99965
51497: 0.99965
51498: 0.99965
51499: 0.99965
51500: 0.99965
51501: 0.99965
51502: 0.999651
51503: 0.999651
51504: 0.999651
51505: 0.999651
51506: 0.999651
51507: 0.999651
51508: 0.999651
51509: 0.999651
51510: 0.999651
51511: 0.999651
51512: 0.999651
51513: 0.999651
51514: 0.999651
51515: 0.999651
51516: 0.999651
51517: 0.999651
51518: 0.999651
51519: 0.999651
51520: 0.999651
51521: 0.999651
51522: 0.999651
51523: 0.999651
51524: 0.999651
51525: 0.999651
51526: 0.999651
51527: 0.999651
51528: 0.999651
51529: 0.999651
51530: 0.999651
51531: 0.999651
51532: 0.999651
51533: 0.999651
51534: 0.999651
51535: 0.999651
51536: 0.999651
51537: 0.999651
51538: 0.999651
51539: 0.999651
51540: 0.999651
51541: 0.999651
51542: 0.999651
51543: 0.999651
51544: 0.999651
51545: 0.999651
51546: 0.999651
51547: 0.999651
51548: 0.999651
51549: 0.999651
51550: 0.999651
51551: 0.999651
51552: 0.999651
51553: 0.999651
51554: 0.999651
51555: 0.999651
51556: 0.999651
51557: 0.999651
51558: 0.999651
51559: 0.999651
51560: 0.999651
51561: 0.999651
51562: 0.999651
51563: 0.999651
51564: 0.999651
51565: 0.999651
51566: 0.999651
51567: 0.999651
51568: 0.999651
51569: 0.999651
51570: 0.999651
51571: 0.999651
51572: 0.999651
51573: 0.999651
51574: 0.999651
51575: 0.999651
51576: 0.999651
51577: 0.999651
51578: 0.999651
51579: 0.999651
51580: 0.999651
51581: 0.999651
51582: 0.999651
51583: 0.999651
51584: 0.999651
51585: 0.999651
51586: 0.999651
51587: 0.999651
51588: 0.999651
51589: 0.999651
51590: 0.999651
51591: 0.999651
51592: 0.999651
51593: 0.999651
51594: 0.999651
51595: 0.999651
51596: 0.999651
51597: 0.999651
51598: 0.999651
51599: 0.999651
51600: 0.999651
51601: 0.999651
51602: 0.999651
51603: 0.999651
51604: 0.999651
51605: 0.999651
51606: 0.999651
51607: 0.999651
51608: 0.999651
51609: 0.999651
51610: 0.999651
51611: 0.999651
51612: 0.999651
51613: 0.999651
51614: 0.999651
51615: 0.999651
51616: 0.999651
51617: 0.999651
51618: 0.999651
51619: 0.999651
51620: 0.999651
51621: 0.999651
51622: 0.999651
51623: 0.999651
51624: 0.999651
51625: 0.999651
51626: 0.999651
51627: 0.999651
51628: 0.999651
51629: 0.999651
51630: 0.999651
51631: 0.999651
51632: 0.999651
51633: 0.999651
51634: 0.999651
51635: 0.999651
51636: 0.999651
51637: 0.999651
51638: 0.999651
51639: 0.999651
51640: 0.999651
51641: 0.999651
51642: 0.999651
51643: 0.999651
51644: 0.999651
51645: 0.999651
51646: 0.999651
51647: 0.999651
51648: 0.999651
51649: 0.999652
51650: 0.999652
51651: 0.999652
51652: 0.999652
51653: 0.999652
51654: 0.999652
51655: 0.999652
51656: 0.999652
51657: 0.999652
51658: 0.999652
51659: 0.999652
51660: 0.999652
51661: 0.999652
51662: 0.999652
51663: 0.999652
51664: 0.999652
51665: 0.999652
51666: 0.999652
51667: 0.999652
51668: 0.999652
51669: 0.999652
51670: 0.999652
51671: 0.999652
51672: 0.999652
51673: 0.999652
51674: 0.999652
51675: 0.999652
51676: 0.999652
51677: 0.999652
51678: 0.999652
51679: 0.999652
51680: 0.999652
51681: 0.999652
51682: 0.999652
51683: 0.999652
51684: 0.999652
51685: 0.999652
51686: 0.999652
51687: 0.999652
51688: 0.999652
51689: 0.999652
51690: 0.999652
51691: 0.999652
51692: 0.999652
51693: 0.999652
51694: 0.999652
51695: 0.999652
51696: 0.999652
51697: 0.999652
51698: 0.999652
51699: 0.999652
51700: 0.999652
51701: 0.999652
51702: 0.999652
51703: 0.999652
51704: 0.999652
51705: 0.999652
51706: 0.999652
51707: 0.999652
51708: 0.999652
51709: 0.999652
51710: 0.999652
51711: 0.999652
51712: 0.999652
51713: 0.999652
51714: 0.999652
51715: 0.999652
51716: 0.999652
51717: 0.999652
51718: 0.999652
51719: 0.999652
51720: 0.999652
51721: 0.999652
51722: 0.999652
51723: 0.999652
51724: 0.999652
51725: 0.999652
51726: 0.999652
51727: 0.999652
51728: 0.999652
51729: 0.999652
51730: 0.999652
51731: 0.999652
51732: 0.999652
51733: 0.999652
51734: 0.999652
51735: 0.999652
51736: 0.999652
51737: 0.999652
51738: 0.999652
51739: 0.999652
51740: 0.999652
51741: 0.999652
51742: 0.999652
51743: 0.999652
51744: 0.999652
51745: 0.999652
51746: 0.999652
51747: 0.999652
51748: 0.999652
51749: 0.999652
51750: 0.999652
51751: 0.999652
51752: 0.999652
51753: 0.999652
51754: 0.999652
51755: 0.999652
51756: 0.999652
51757: 0.999652
51758: 0.999652
51759: 0.999652
51760: 0.999652
51761: 0.999652
51762: 0.999652
51763: 0.999652
51764: 0.999652
51765: 0.999652
51766: 0.999652
51767: 0.999652
51768: 0.999652
51769: 0.999652
51770: 0.999652
51771: 0.999652
51772: 0.999652
51773: 0.999652
51774: 0.999652
51775: 0.999652
51776: 0.999652
51777: 0.999652
51778: 0.999652
51779: 0.999652
51780: 0.999652
51781: 0.999652
51782: 0.999652
51783: 0.999652
51784: 0.999652
51785: 0.999652
51786: 0.999652
51787: 0.999652
51788: 0.999652
51789: 0.999652
51790: 0.999652
51791: 0.999652
51792: 0.999652
51793: 0.999652
51794: 0.999652
51795: 0.999652
51796: 0.999652
51797: 0.999652
51798: 0.999653
51799: 0.999653
51800: 0.999653
51801: 0.999653
51802: 0.999653
51803: 0.999653
51804: 0.999653
51805: 0.999653
51806: 0.999653
51807: 0.999653
51808: 0.999653
51809: 0.999653
51810: 0.999653
51811: 0.999653
51812: 0.999653
51813: 0.999653
51814: 0.999653
51815: 0.999653
51816: 0.999653
51817: 0.999653
51818: 0.999653
51819: 0.999653
51820: 0.999653
51821: 0.999653
51822: 0.999653
51823: 0.999653
51824: 0.999653
51825: 0.999653
51826: 0.999653
51827: 0.999653
51828: 0.999653
51829: 0.999653
51830: 0.999653
51831: 0.999653
51832: 0.999653
51833: 0.999653
51834: 0.999653
51835: 0.999653
51836: 0.999653
51837: 0.999653
51838: 0.999653
51839: 0.999653
51840: 0.999653
51841: 0.999653
51842: 0.999653
51843: 0.999653
51844: 0.999653
51845: 0.999653
51846: 0.999653
51847: 0.999653
51848: 0.999653
51849: 0.999653
51850: 0.999653
51851: 0.999653
51852: 0.999653
51853: 0.999653
51854: 0.999653
51855: 0.999653
51856: 0.999653
51857: 0.999653
51858: 0.999653
51859: 0.999653
51860: 0.999653
51861: 0.999653
51862: 0.999653
51863: 0.999653
51864: 0.999653
51865: 0.999653
51866: 0.999653
51867: 0.999653
51868: 0.999653
51869: 0.999653
51870: 0.999653
51871: 0.999653
51872: 0.999653
51873: 0.999653
51874: 0.999653
51875: 0.999653
51876: 0.999653
51877: 0.999653
51878: 0.999653
51879: 0.999653
51880: 0.999653
51881: 0.999653
51882: 0.999653
51883: 0.999653
51884: 0.999653
51885: 0.999653
51886: 0.999653
51887: 0.999653
51888: 0.999653
51889: 0.999653
51890: 0.999653
51891: 0.999653
51892: 0.999653
51893: 0.999653
51894: 0.999653
51895: 0.999653
51896: 0.999653
51897: 0.999653
51898: 0.999653
51899: 0.999653
51900: 0.999653
51901: 0.999653
51902: 0.999653
51903: 0.999653
51904: 0.999653
51905: 0.999653
51906: 0.999653
51907: 0.999653
51908: 0.999653
51909: 0.999653
51910: 0.999653
51911: 0.999653
51912: 0.999653
51913: 0.999653
51914: 0.999653
51915: 0.999653
51916: 0.999653
51917: 0.999653
51918: 0.999653
51919: 0.999653
51920: 0.999653
51921: 0.999653
51922: 0.999653
51923: 0.999653
51924: 0.999653
51925: 0.999653
51926: 0.999653
51927: 0.999653
51928: 0.999653
51929: 0.999653
51930: 0.999653
51931: 0.999653
51932: 0.999653
51933: 0.999653
51934: 0.999653
51935: 0.999653
51936: 0.999653
51937: 0.999653
51938: 0.999653
51939: 0.999653
51940: 0.999653
51941: 0.999653
51942: 0.999653
51943: 0.999653
51944: 0.999653
51945: 0.999653
51946: 0.999653
51947: 0.999653
51948: 0.999654
51949: 0.999654
51950: 0.999654
51951: 0.999654
51952: 0.999654
51953: 0.999654
51954: 0.999654
51955: 0.999654
51956: 0.999654
51957: 0.999654
51958: 0.999654
51959: 0.999654
51960: 0.999654
51961: 0.999654
51962: 0.999654
51963: 0.999654
51964: 0.999654
51965: 0.999654
51966: 0.999654
51967: 0.999654
51968: 0.999654
51969: 0.999654
51970: 0.999654
51971: 0.999654
51972: 0.999654
51973: 0.999654
51974: 0.999654
51975: 0.999654
51976: 0.999654
51977: 0.999654
51978: 0.999654
51979: 0.999654
51980: 0.999654
51981: 0.999654
51982: 0.999654
51983: 0.999654
51984: 0.999654
51985: 0.999654
51986: 0.999654
51987: 0.999654
51988: 0.999654
51989: 0.999654
51990: 0.999654
51991: 0.999654
51992: 0.999654
51993: 0.999654
51994: 0.999654
51995: 0.999654
51996: 0.999654
51997: 0.999654
51998: 0.999654
51999: 0.999654
52000: 0.999654
52001: 0.999654
52002: 0.999654
52003: 0.999654
52004: 0.999654
52005: 0.999654
52006: 0.999654
52007: 0.999654
52008: 0.999654
52009: 0.999654
52010: 0.999654
52011: 0.999654
52012: 0.999654
52013: 0.999654
52014: 0.999654
52015: 0.999654
52016: 0.999654
52017: 0.999654
52018: 0.999654
52019: 0.999654
52020: 0.999654
52021: 0.999654
52022: 0.999654
52023: 0.999654
52024: 0.999654
52025: 0.999654
52026: 0.999654
52027: 0.999654
52028: 0.999654
52029: 0.999654
52030: 0.999654
52031: 0.999654
52032: 0.999654
52033: 0.999654
52034: 0.999654
52035: 0.999654
52036: 0.999654
52037: 0.999654
52038: 0.999654
52039: 0.999654
52040: 0.999654
52041: 0.999654
52042: 0.999654
52043: 0.999654
52044: 0.999654
52045: 0.999654
52046: 0.999654
52047: 0.999654
52048: 0.999654
52049: 0.999654
52050: 0.999654
52051: 0.999654
52052: 0.999654
52053: 0.999654
52054: 0.999654
52055: 0.999654
52056: 0.999654
52057: 0.999654
52058: 0.999654
52059: 0.999654
52060: 0.999654
52061: 0.999654
52062: 0.999654
52063: 0.999654
52064: 0.999654
52065: 0.999654
52066: 0.999654
52067: 0.999654
52068: 0.999654
52069: 0.999654
52070: 0.999654
52071: 0.999654
52072: 0.999654
52073: 0.999654
52074: 0.999654
52075: 0.999654
52076: 0.999654
52077: 0.999654
52078: 0.999654
52079: 0.999654
52080: 0.999654
52081: 0.999654
52082: 0.999654
52083: 0.999654
52084: 0.999654
52085: 0.999654
52086: 0.999654
52087: 0.999654
52088: 0.999654
52089: 0.999654
52090: 0.999654
52091: 0.999654
52092: 0.999654
52093: 0.999654
52094: 0.999654
52095: 0.999654
52096: 0.999654
52097: 0.999654
52098: 0.999655
52099: 0.999655
52100: 0.999655
52101: 0.999655
52102: 0.999655
52103: 0.999655
52104: 0.999655
52105: 0.999655
52106: 0.999655
52107: 0.999655
52108: 0.999655
52109: 0.999655
52110: 0.999655
52111: 0.999655
52112: 0.999655
52113: 0.999655
52114: 0.999655
52115: 0.999655
52116: 0.999655
52117: 0.999655
52118: 0.999655
52119: 0.999655
52120: 0.999655
52121: 0.999655
52122: 0.999655
52123: 0.999655
52124: 0.999655
52125: 0.999655
52126: 0.999655
52127: 0.999655
52128: 0.999655
52129: 0.999655
52130: 0.999655
52131: 0.999655
52132: 0.999655
52133: 0.999655
52134: 0.999655
52135: 0.999655
52136: 0.999655
52137: 0.999655
52138: 0.999655
52139: 0.999655
52140: 0.999655
52141: 0.999655
52142: 0.999655
52143: 0.999655
52144: 0.999655
52145: 0.999655
52146: 0.999655
52147: 0.999655
52148: 0.999655
52149: 0.999655
52150: 0.999655
52151: 0.999655
52152: 0.999655
52153: 0.999655
52154: 0.999655
52155: 0.999655
52156: 0.999655
52157: 0.999655
52158: 0.999655
52159: 0.999655
52160: 0.999655
52161: 0.999655
52162: 0.999655
52163: 0.999655
52164: 0.999655
52165: 0.999655
52166: 0.999655
52167: 0.999655
52168: 0.999655
52169: 0.999655
52170: 0.999655
52171: 0.999655
52172: 0.999655
52173: 0.999655
52174: 0.999655
52175: 0.999655
52176: 0.999655
52177: 0.999655
52178: 0.999655
52179: 0.999655
52180: 0.999655
52181: 0.999655
52182: 0.999655
52183: 0.999655
52184: 0.999655
52185: 0.999655
52186: 0.999655
52187: 0.999655
52188: 0.999655
52189: 0.999655
52190: 0.999655
52191: 0.999655
52192: 0.999655
52193: 0.999655
52194: 0.999655
52195: 0.999655
52196: 0.999655
52197: 0.999655
52198: 0.999655
52199: 0.999655
52200: 0.999655
52201: 0.999655
52202: 0.999655
52203: 0.999655
52204: 0.999655
52205: 0.999655
52206: 0.999655
52207: 0.999655
52208: 0.999655
52209: 0.999655
52210: 0.999655
52211: 0.999655
52212: 0.999655
52213: 0.999655
52214: 0.999655
52215: 0.999655
52216: 0.999655
52217: 0.999655
52218: 0.999655
52219: 0.999655
52220: 0.999655
52221: 0.999655
52222: 0.999655
52223: 0.999655
52224: 0.999655
52225: 0.999655
52226: 0.999655
52227: 0.999655
52228: 0.999655
52229: 0.999655
52230: 0.999655
52231: 0.999655
52232: 0.999655
52233: 0.999655
52234: 0.999655
52235: 0.999655
52236: 0.999655
52237: 0.999655
52238: 0.999655
52239: 0.999655
52240: 0.999655
52241: 0.999655
52242: 0.999655
52243: 0.999655
52244: 0.999655
52245: 0.999655
52246: 0.999655
52247: 0.999655
52248: 0.999655
52249: 0.999656
52250: 0.999656
52251: 0.999656
52252: 0.999656
52253: 0.999656
52254: 0.999656
52255: 0.999656
52256: 0.999656
52257: 0.999656
52258: 0.999656
52259: 0.999656
52260: 0.999656
52261: 0.999656
52262: 0.999656
52263: 0.999656
52264: 0.999656
52265: 0.999656
52266: 0.999656
52267: 0.999656
52268: 0.999656
52269: 0.999656
52270: 0.999656
52271: 0.999656
52272: 0.999656
52273: 0.999656
52274: 0.999656
52275: 0.999656
52276: 0.999656
52277: 0.999656
52278: 0.999656
52279: 0.999656
52280: 0.999656
52281: 0.999656
52282: 0.999656
52283: 0.999656
52284: 0.999656
52285: 0.999656
52286: 0.999656
52287: 0.999656
52288: 0.999656
52289: 0.999656
52290: 0.999656
52291: 0.999656
52292: 0.999656
52293: 0.999656
52294: 0.999656
52295: 0.999656
52296: 0.999656
52297: 0.999656
52298: 0.999656
52299: 0.999656
52300: 0.999656
52301: 0.999656
52302: 0.999656
52303: 0.999656
52304: 0.999656
52305: 0.999656
52306: 0.999656
52307: 0.999656
52308: 0.999656
52309: 0.999656
52310: 0.999656
52311: 0.999656
52312: 0.999656
52313: 0.999656
52314: 0.999656
52315: 0.999656
52316: 0.999656
52317: 0.999656
52318: 0.999656
52319: 0.999656
52320: 0.999656
52321: 0.999656
52322: 0.999656
52323: 0.999656
52324: 0.999656
52325: 0.999656
52326: 0.999656
52327: 0.999656
52328: 0.999656
52329: 0.999656
52330: 0.999656
52331: 0.999656
52332: 0.999656
52333: 0.999656
52334: 0.999656
52335: 0.999656
52336: 0.999656
52337: 0.999656
52338: 0.999656
52339: 0.999656
52340: 0.999656
52341: 0.999656
52342: 0.999656
52343: 0.999656
52344: 0.999656
52345: 0.999656
52346: 0.999656
52347: 0.999656
52348: 0.999656
52349: 0.999656
52350: 0.999656
52351: 0.999656
52352: 0.999656
52353: 0.999656
52354: 0.999656
52355: 0.999656
52356: 0.999656
52357: 0.999656
52358: 0.999656
52359: 0.999656
52360: 0.999656
52361: 0.999656
52362: 0.999656
52363: 0.999656
52364: 0.999656
52365: 0.999656
52366: 0.999656
52367: 0.999656
52368: 0.999656
52369: 0.999656
52370: 0.999656
52371: 0.999656
52372: 0.999656
52373: 0.999656
52374: 0.999656
52375: 0.999656
52376: 0.999656
52377: 0.999656
52378: 0.999656
52379: 0.999656
52380: 0.999656
52381: 0.999656
52382: 0.999656
52383: 0.999656
52384: 0.999656
52385: 0.999656
52386: 0.999656
52387: 0.999656
52388: 0.999656
52389: 0.999656
52390: 0.999656
52391: 0.999656
52392: 0.999656
52393: 0.999656
52394: 0.999656
52395: 0.999656
52396: 0.999656
52397: 0.999656
52398: 0.999656
52399: 0.999656
52400: 0.999656
52401: 0.999657
52402: 0.999657
52403: 0.999657
52404: 0.999657
52405: 0.999657
52406: 0.999657
52407: 0.999657
52408: 0.999657
52409: 0.999657
52410: 0.999657
52411: 0.999657
52412: 0.999657
52413: 0.999657
52414: 0.999657
52415: 0.999657
52416: 0.999657
52417: 0.999657
52418: 0.999657
52419: 0.999657
52420: 0.999657
52421: 0.999657
52422: 0.999657
52423: 0.999657
52424: 0.999657
52425: 0.999657
52426: 0.999657
52427: 0.999657
52428: 0.999657
52429: 0.999657
52430: 0.999657
52431: 0.999657
52432: 0.999657
52433: 0.999657
52434: 0.999657
52435: 0.999657
52436: 0.999657
52437: 0.999657
52438: 0.999657
52439: 0.999657
52440: 0.999657
52441: 0.999657
52442: 0.999657
52443: 0.999657
52444: 0.999657
52445: 0.999657
52446: 0.999657
52447: 0.999657
52448: 0.999657
52449: 0.999657
52450: 0.999657
52451: 0.999657
52452: 0.999657
52453: 0.999657
52454: 0.999657
52455: 0.999657
52456: 0.999657
52457: 0.999657
52458: 0.999657
52459: 0.999657
52460: 0.999657
52461: 0.999657
52462: 0.999657
52463: 0.999657
52464: 0.999657
52465: 0.999657
52466: 0.999657
52467: 0.999657
52468: 0.999657
52469: 0.999657
52470: 0.999657
52471: 0.999657
52472: 0.999657
52473: 0.999657
52474: 0.999657
52475: 0.999657
52476: 0.999657
52477: 0.999657
52478: 0.999657
52479: 0.999657
52480: 0.999657
52481: 0.999657
52482: 0.999657
52483: 0.999657
52484: 0.999657
52485: 0.999657
52486: 0.999657
52487: 0.999657
52488: 0.999657
52489: 0.999657
52490: 0.999657
52491: 0.999657
52492: 0.999657
52493: 0.999657
52494: 0.999657
52495: 0.999657
52496: 0.999657
52497: 0.999657
52498: 0.999657
52499: 0.999657
52500: 0.999657
52501: 0.999657
52502: 0.999657
52503: 0.999657
52504: 0.999657
52505: 0.999657
52506: 0.999657
52507: 0.999657
52508: 0.999657
52509: 0.999657
52510: 0.999657
52511: 0.999657
52512: 0.999657
52513: 0.999657
52514: 0.999657
52515: 0.999657
52516: 0.999657
52517: 0.999657
52518: 0.999657
52519: 0.999657
52520: 0.999657
52521: 0.999657
52522: 0.999657
52523: 0.999657
52524: 0.999657
52525: 0.999657
52526: 0.999657
52527: 0.999657
52528: 0.999657
52529: 0.999657
52530: 0.999657
52531: 0.999657
52532: 0.999657
52533: 0.999657
52534: 0.999657
52535: 0.999657
52536: 0.999657
52537: 0.999657
52538: 0.999657
52539: 0.999657
52540: 0.999657
52541: 0.999657
52542: 0.999657
52543: 0.999657
52544: 0.999657
52545: 0.999657
52546: 0.999657
52547: 0.999657
52548: 0.999657
52549: 0.999657
52550: 0.999657
52551: 0.999657
52552: 0.999657
52553: 0.999657
52554: 0.999658
52555: 0.999658
52556: 0.999658
52557: 0.999658
52558: 0.999658
52559: 0.999658
52560: 0.999658
52561: 0.999658
52562: 0.999658
52563: 0.999658
52564: 0.999658
52565: 0.999658
52566: 0.999658
52567: 0.999658
52568: 0.999658
52569: 0.999658
52570: 0.999658
52571: 0.999658
52572: 0.999658
52573: 0.999658
52574: 0.999658
52575: 0.999658
52576: 0.999658
52577: 0.999658
52578: 0.999658
52579: 0.999658
52580: 0.999658
52581: 0.999658
52582: 0.999658
52583: 0.999658
52584: 0.999658
52585: 0.999658
52586: 0.999658
52587: 0.999658
52588: 0.999658
52589: 0.999658
52590: 0.999658
52591: 0.999658
52592: 0.999658
52593: 0.999658
52594: 0.999658
52595: 0.999658
52596: 0.999658
52597: 0.999658
52598: 0.999658
52599: 0.999658
52600: 0.999658
52601: 0.999658
52602: 0.999658
52603: 0.999658
52604: 0.999658
52605: 0.999658
52606: 0.999658
52607: 0.999658
52608: 0.999658
52609: 0.999658
52610: 0.999658
52611: 0.999658
52612: 0.999658
52613: 0.999658
52614: 0.999658
52615: 0.999658
52616: 0.999658
52617: 0.999658
52618: 0.999658
52619: 0.999658
52620: 0.999658
52621: 0.999658
52622: 0.999658
52623: 0.999658
52624: 0.999658
52625: 0.999658
52626: 0.999658
52627: 0.999658
52628: 0.999658
52629: 0.999658
52630: 0.999658
52631: 0.999658
52632: 0.999658
52633: 0.999658
52634: 0.999658
52635: 0.999658
52636: 0.999658
52637: 0.999658
52638: 0.999658
52639: 0.999658
52640: 0.999658
52641: 0.999658
52642: 0.999658
52643: 0.999658
52644: 0.999658
52645: 0.999658
52646: 0.999658
52647: 0.999658
52648: 0.999658
52649: 0.999658
52650: 0.999658
52651: 0.999658
52652: 0.999658
52653: 0.999658
52654: 0.999658
52655: 0.999658
52656: 0.999658
52657: 0.999658
52658: 0.999658
52659: 0.999658
52660: 0.999658
52661: 0.999658
52662: 0.999658
52663: 0.999658
52664: 0.999658
52665: 0.999658
52666: 0.999658
52667: 0.999658
52668: 0.999658
52669: 0.999658
52670: 0.999658
52671: 0.999658
52672: 0.999658
52673: 0.999658
52674: 0.999658
52675: 0.999658
52676: 0.999658
52677: 0.999658
52678: 0.999658
52679: 0.999658
52680: 0.999658
52681: 0.999658
52682: 0.999658
52683: 0.999658
52684: 0.999658
52685: 0.999658
52686: 0.999658
52687: 0.999658
52688: 0.999658
52689: 0.999658
52690: 0.999658
52691: 0.999658
52692: 0.999658
52693: 0.999658
52694: 0.999658
52695: 0.999658
52696: 0.999658
52697: 0.999658
52698: 0.999658
52699: 0.999658
52700: 0.999658
52701: 0.999658
52702: 0.999658
52703: 0.999658
52704: 0.999658
52705: 0.999658
52706: 0.999658
52707: 0.999658
52708: 0.999659
52709: 0.999659
52710: 0.999659
52711: 0.999659
52712: 0.999659
52713: 0.999659
52714: 0.999659
52715: 0.999659
52716: 0.999659
52717: 0.999659
52718: 0.999659
52719: 0.999659
52720: 0.999659
52721: 0.999659
52722: 0.999659
52723: 0.999659
52724: 0.999659
52725: 0.999659
52726: 0.999659
52727: 0.999659
52728: 0.999659
52729: 0.999659
52730: 0.999659
52731: 0.999659
52732: 0.999659
52733: 0.999659
52734: 0.999659
52735: 0.999659
52736: 0.999659
52737: 0.999659
52738: 0.999659
52739: 0.999659
52740: 0.999659
52741: 0.999659
52742: 0.999659
52743: 0.999659
52744: 0.999659
52745: 0.999659
52746: 0.999659
52747: 0.999659
52748: 0.999659
52749: 0.999659
52750: 0.999659
52751: 0.999659
52752: 0.999659
52753: 0.999659
52754: 0.999659
52755: 0.999659
52756: 0.999659
52757: 0.999659
52758: 0.999659
52759: 0.999659
52760: 0.999659
52761: 0.999659
52762: 0.999659
52763: 0.999659
52764: 0.999659
52765: 0.999659
52766: 0.999659
52767: 0.999659
52768: 0.999659
52769: 0.999659
52770: 0.999659
52771: 0.999659
52772: 0.999659
52773: 0.999659
52774: 0.999659
52775: 0.999659
52776: 0.999659
52777: 0.999659
52778: 0.999659
52779: 0.999659
52780: 0.999659
52781: 0.999659
52782: 0.999659
52783: 0.999659
52784: 0.999659
52785: 0.999659
52786: 0.999659
52787: 0.999659
52788: 0.999659
52789: 0.999659
52790: 0.999659
52791: 0.999659
52792: 0.999659
52793: 0.999659
52794: 0.999659
52795: 0.999659
52796: 0.999659
52797: 0.999659
52798: 0.999659
52799: 0.999659
52800: 0.999659
52801: 0.999659
52802: 0.999659
52803: 0.999659
52804: 0.999659
52805: 0.999659
52806: 0.999659
52807: 0.999659
52808: 0.999659
52809: 0.999659
52810: 0.999659
52811: 0.999659
52812: 0.999659
52813: 0.999659
52814: 0.999659
52815: 0.999659
52816: 0.999659
52817: 0.999659
52818: 0.999659
52819: 0.999659
52820: 0.999659
52821: 0.999659
52822: 0.999659
52823: 0.999659
52824: 0.999659
52825: 0.999659
52826: 0.999659
52827: 0.999659
52828: 0.999659
52829: 0.999659
52830: 0.999659
52831: 0.999659
52832: 0.999659
52833: 0.999659
52834: 0.999659
52835: 0.999659
52836: 0.999659
52837: 0.999659
52838: 0.999659
52839: 0.999659
52840: 0.999659
52841: 0.999659
52842: 0.999659
52843: 0.999659
52844: 0.999659
52845: 0.999659
52846: 0.999659
52847: 0.999659
52848: 0.999659
52849: 0.999659
52850: 0.999659
52851: 0.999659
52852: 0.999659
52853: 0.999659
52854: 0.999659
52855: 0.999659
52856: 0.999659
52857: 0.999659
52858: 0.999659
52859: 0.999659
52860: 0.999659
52861: 0.999659
52862: 0.999659
52863: 0.99966
52864: 0.99966
52865: 0.99966
52866: 0.99966
52867: 0.99966
52868: 0.99966
52869: 0.99966
52870: 0.99966
52871: 0.99966
52872: 0.99966
52873: 0.99966
52874: 0.99966
52875: 0.99966
52876: 0.99966
52877: 0.99966
52878: 0.99966
52879: 0.99966
52880: 0.99966
52881: 0.99966
52882: 0.99966
52883: 0.99966
52884: 0.99966
52885: 0.99966
52886: 0.99966
52887: 0.99966
52888: 0.99966
52889: 0.99966
52890: 0.99966
52891: 0.99966
52892: 0.99966
52893: 0.99966
52894: 0.99966
52895: 0.99966
52896: 0.99966
52897: 0.99966
52898: 0.99966
52899: 0.99966
52900: 0.99966
52901: 0.99966
52902: 0.99966
52903: 0.99966
52904: 0.99966
52905: 0.99966
52906: 0.99966
52907: 0.99966
52908: 0.99966
52909: 0.99966
52910: 0.99966
52911: 0.99966
52912: 0.99966
52913: 0.99966
52914: 0.99966
52915: 0.99966
52916: 0.99966
52917: 0.99966
52918: 0.99966
52919: 0.99966
52920: 0.99966
52921: 0.99966
52922: 0.99966
52923: 0.99966
52924: 0.99966
52925: 0.99966
52926: 0.99966
52927: 0.99966
52928: 0.99966
52929: 0.99966
52930: 0.99966
52931: 0.99966
52932: 0.99966
52933: 0.99966
52934: 0.99966
52935: 0.99966
52936: 0.99966
52937: 0.99966
52938: 0.99966
52939: 0.99966
52940: 0.99966
52941: 0.99966
52942: 0.99966
52943: 0.99966
52944: 0.99966
52945: 0.99966
52946: 0.99966
52947: 0.99966
52948: 0.99966
52949: 0.99966
52950: 0.99966
52951: 0.99966
52952: 0.99966
52953: 0.99966
52954: 0.99966
52955: 0.99966
52956: 0.99966
52957: 0.99966
52958: 0.99966
52959: 0.99966
52960: 0.99966
52961: 0.99966
52962: 0.99966
52963: 0.99966
52964: 0.99966
52965: 0.99966
52966: 0.99966
52967: 0.99966
52968: 0.99966
52969: 0.99966
52970: 0.99966
52971: 0.99966
52972: 0.99966
52973: 0.99966
52974: 0.99966
52975: 0.99966
52976: 0.99966
52977: 0.99966
52978: 0.99966
52979: 0.99966
52980: 0.99966
52981: 0.99966
52982: 0.99966
52983: 0.99966
52984: 0.99966
52985: 0.99966
52986: 0.99966
52987: 0.99966
52988: 0.99966
52989: 0.99966
52990: 0.99966
52991: 0.99966
52992: 0.99966
52993: 0.99966
52994: 0.99966
52995: 0.99966
52996: 0.99966
52997: 0.99966
52998: 0.99966
52999: 0.99966
53000: 0.99966
53001: 0.99966
53002: 0.99966
53003: 0.99966
53004: 0.99966
53005: 0.99966
53006: 0.99966
53007: 0.99966
53008: 0.99966
53009: 0.99966
53010: 0.99966
53011: 0.99966
53012: 0.99966
53013: 0.99966
53014: 0.99966
53015: 0.99966
53016: 0.99966
53017: 0.99966
53018: 0.99966
53019: 0.999661
53020: 0.999661
53021: 0.999661
53022: 0.999661
53023: 0.999661
53024: 0.999661
53025: 0.999661
53026: 0.999661
53027: 0.999661
53028: 0.999661
53029: 0.999661
53030: 0.999661
53031: 0.999661
53032: 0.999661
53033: 0.999661
53034: 0.999661
53035: 0.999661
53036: 0.999661
53037: 0.999661
53038: 0.999661
53039: 0.999661
53040: 0.999661
53041: 0.999661
53042: 0.999661
53043: 0.999661
53044: 0.999661
53045: 0.999661
53046: 0.999661
53047: 0.999661
53048: 0.999661
53049: 0.999661
53050: 0.999661
53051: 0.999661
53052: 0.999661
53053: 0.999661
53054: 0.999661
53055: 0.999661
53056: 0.999661
53057: 0.999661
53058: 0.999661
53059: 0.999661
53060: 0.999661
53061: 0.999661
53062: 0.999661
53063: 0.999661
53064: 0.999661
53065: 0.999661
53066: 0.999661
53067: 0.999661
53068: 0.999661
53069: 0.999661
53070: 0.999661
53071: 0.999661
53072: 0.999661
53073: 0.999661
53074: 0.999661
53075: 0.999661
53076: 0.999661
53077: 0.999661
53078: 0.999661
53079: 0.999661
53080: 0.999661
53081: 0.999661
53082: 0.999661
53083: 0.999661
53084: 0.999661
53085: 0.999661
53086: 0.999661
53087: 0.999661
53088: 0.999661
53089: 0.999661
53090: 0.999661
53091: 0.999661
53092: 0.999661
53093: 0.999661
53094: 0.999661
53095: 0.999661
53096: 0.999661
53097: 0.999661
53098: 0.999661
53099: 0.999661
53100: 0.999661
53101: 0.999661
53102: 0.999661
53103: 0.999661
53104: 0.999661
53105: 0.999661
53106: 0.999661
53107: 0.999661
53108: 0.999661
53109: 0.999661
53110: 0.999661
53111: 0.999661
53112: 0.999661
53113: 0.999661
53114: 0.999661
53115: 0.999661
53116: 0.999661
53117: 0.999661
53118: 0.999661
53119: 0.999661
53120: 0.999661
53121: 0.999661
53122: 0.999661
53123: 0.999661
53124: 0.999661
53125: 0.999661
53126: 0.999661
53127: 0.999661
53128: 0.999661
53129: 0.999661
53130: 0.999661
53131: 0.999661
53132: 0.999661
53133: 0.999661
53134: 0.999661
53135: 0.999661
53136: 0.999661
53137: 0.999661
53138: 0.999661
53139: 0.999661
53140: 0.999661
53141: 0.999661
53142: 0.999661
53143: 0.999661
53144: 0.999661
53145: 0.999661
53146: 0.999661
53147: 0.999661
53148: 0.999661
53149: 0.999661
53150: 0.999661
53151: 0.999661
53152: 0.999661
53153: 0.999661
53154: 0.999661
53155: 0.999661
53156: 0.999661
53157: 0.999661
53158: 0.999661
53159: 0.999661
53160: 0.999661
53161: 0.999661
53162: 0.999661
53163: 0.999661
53164: 0.999661
53165: 0.999661
53166: 0.999661
53167: 0.999661
53168: 0.999661
53169: 0.999661
53170: 0.999661
53171: 0.999661
53172: 0.999661
53173: 0.999661
53174: 0.999661
53175: 0.999662
53176: 0.999662
53177: 0.999662
53178: 0.999662
53179: 0.999662
53180: 0.999662
53181: 0.999662
53182: 0.999662
53183: 0.999662
53184: 0.999662
53185: 0.999662
53186: 0.999662
53187: 0.999662
53188: 0.999662
53189: 0.999662
53190: 0.999662
53191: 0.999662
53192: 0.999662
53193: 0.999662
53194: 0.999662
53195: 0.999662
53196: 0.999662
53197: 0.999662
53198: 0.999662
53199: 0.999662
53200: 0.999662
53201: 0.999662
53202: 0.999662
53203: 0.999662
53204: 0.999662
53205: 0.999662
53206: 0.999662
53207: 0.999662
53208: 0.999662
53209: 0.999662
53210: 0.999662
53211: 0.999662
53212: 0.999662
53213: 0.999662
53214: 0.999662
53215: 0.999662
53216: 0.999662
53217: 0.999662
53218: 0.999662
53219: 0.999662
53220: 0.999662
53221: 0.999662
53222: 0.999662
53223: 0.999662
53224: 0.999662
53225: 0.999662
53226: 0.999662
53227: 0.999662
53228: 0.999662
53229: 0.999662
53230: 0.999662
53231: 0.999662
53232: 0.999662
53233: 0.999662
53234: 0.999662
53235: 0.999662
53236: 0.999662
53237: 0.999662
53238: 0.999662
53239: 0.999662
53240: 0.999662
53241: 0.999662
53242: 0.999662
53243: 0.999662
53244: 0.999662
53245: 0.999662
53246: 0.999662
53247: 0.999662
53248: 0.999662
53249: 0.999662
53250: 0.999662
53251: 0.999662
53252: 0.999662
53253: 0.999662
53254: 0.999662
53255: 0.999662
53256: 0.999662
53257: 0.999662
53258: 0.999662
53259: 0.999662
53260: 0.999662
53261: 0.999662
53262: 0.999662
53263: 0.999662
53264: 0.999662
53265: 0.999662
53266: 0.999662
53267: 0.999662
53268: 0.999662
53269: 0.999662
53270: 0.999662
53271: 0.999662
53272: 0.999662
53273: 0.999662
53274: 0.999662
53275: 0.999662
53276: 0.999662
53277: 0.999662
53278: 0.999662
53279: 0.999662
53280: 0.999662
53281: 0.999662
53282: 0.999662
53283: 0.999662
53284: 0.999662
53285: 0.999662
53286: 0.999662
53287: 0.999662
53288: 0.999662
53289: 0.999662
53290: 0.999662
53291: 0.999662
53292: 0.999662
53293: 0.999662
53294: 0.999662
53295: 0.999662
53296: 0.999662
53297: 0.999662
53298: 0.999662
53299: 0.999662
53300: 0.999662
53301: 0.999662
53302: 0.999662
53303: 0.999662
53304: 0.999662
53305: 0.999662
53306: 0.999662
53307: 0.999662
53308: 0.999662
53309: 0.999662
53310: 0.999662
53311: 0.999662
53312: 0.999662
53313: 0.999662
53314: 0.999662
53315: 0.999662
53316: 0.999662
53317: 0.999662
53318: 0.999662
53319: 0.999662
53320: 0.999662
53321: 0.999662
53322: 0.999662
53323: 0.999662
53324: 0.999662
53325: 0.999662
53326: 0.999662
53327: 0.999662
53328: 0.999662
53329: 0.999662
53330: 0.999662
53331: 0.999662
53332: 0.999662
53333: 0.999663
53334: 0.999663
53335: 0.999663
53336: 0.999663
53337: 0.999663
53338: 0.999663
53339: 0.999663
53340: 0.999663
53341: 0.999663
53342: 0.999663
53343: 0.999663
53344: 0.999663
53345: 0.999663
53346: 0.999663
53347: 0.999663
53348: 0.999663
53349: 0.999663
53350: 0.999663
53351: 0.999663
53352: 0.999663
53353: 0.999663
53354: 0.999663
53355: 0.999663
53356: 0.999663
53357: 0.999663
53358: 0.999663
53359: 0.999663
53360: 0.999663
53361: 0.999663
53362: 0.999663
53363: 0.999663
53364: 0.999663
53365: 0.999663
53366: 0.999663
53367: 0.999663
53368: 0.999663
53369: 0.999663
53370: 0.999663
53371: 0.999663
53372: 0.999663
53373: 0.999663
53374: 0.999663
53375: 0.999663
53376: 0.999663
53377: 0.999663
53378: 0.999663
53379: 0.999663
53380: 0.999663
53381: 0.999663
53382: 0.999663
53383: 0.999663
53384: 0.999663
53385: 0.999663
53386: 0.999663
53387: 0.999663
53388: 0.999663
53389: 0.999663
53390: 0.999663
53391: 0.999663
53392: 0.999663
53393: 0.999663
53394: 0.999663
53395: 0.999663
53396: 0.999663
53397: 0.999663
53398: 0.999663
53399: 0.999663
53400: 0.999663
53401: 0.999663
53402: 0.999663
53403: 0.999663
53404: 0.999663
53405: 0.999663
53406: 0.999663
53407: 0.999663
53408: 0.999663
53409: 0.999663
53410: 0.999663
53411: 0.999663
53412: 0.999663
53413: 0.999663
53414: 0.999663
53415: 0.999663
53416: 0.999663
53417: 0.999663
53418: 0.999663
53419: 0.999663
53420: 0.999663
53421: 0.999663
53422: 0.999663
53423: 0.999663
53424: 0.999663
53425: 0.999663
53426: 0.999663
53427: 0.999663
53428: 0.999663
53429: 0.999663
53430: 0.999663
53431: 0.999663
53432: 0.999663
53433: 0.999663
53434: 0.999663
53435: 0.999663
53436: 0.999663
53437: 0.999663
53438: 0.999663
53439: 0.999663
53440: 0.999663
53441: 0.999663
53442: 0.999663
53443: 0.999663
53444: 0.999663
53445: 0.999663
53446: 0.999663
53447: 0.999663
53448: 0.999663
53449: 0.999663
53450: 0.999663
53451: 0.999663
53452: 0.999663
53453: 0.999663
53454: 0.999663
53455: 0.999663
53456: 0.999663
53457: 0.999663
53458: 0.999663
53459: 0.999663
53460: 0.999663
53461: 0.999663
53462: 0.999663
53463: 0.999663
53464: 0.999663
53465: 0.999663
53466: 0.999663
53467: 0.999663
53468: 0.999663
53469: 0.999663
53470: 0.999663
53471: 0.999663
53472: 0.999663
53473: 0.999663
53474: 0.999663
53475: 0.999663
53476: 0.999663
53477: 0.999663
53478: 0.999663
53479: 0.999663
53480: 0.999663
53481: 0.999663
53482: 0.999663
53483: 0.999663
53484: 0.999663
53485: 0.999663
53486: 0.999663
53487: 0.999663
53488: 0.999663
53489: 0.999663
53490: 0.999663
53491: 0.999664
53492: 0.999664
53493: 0.999664
53494: 0.999664
53495: 0.999664
53496: 0.999664
53497: 0.999664
53498: 0.999664
53499: 0.999664
53500: 0.999664
53501: 0.999664
53502: 0.999664
53503: 0.999664
53504: 0.999664
53505: 0.999664
53506: 0.999664
53507: 0.999664
53508: 0.999664
53509: 0.999664
53510: 0.999664
53511: 0.999664
53512: 0.999664
53513: 0.999664
53514: 0.999664
53515: 0.999664
53516: 0.999664
53517: 0.999664
53518: 0.999664
53519: 0.999664
53520: 0.999664
53521: 0.999664
53522: 0.999664
53523: 0.999664
53524: 0.999664
53525: 0.999664
53526: 0.999664
53527: 0.999664
53528: 0.999664
53529: 0.999664
53530: 0.999664
53531: 0.999664
53532: 0.999664
53533: 0.999664
53534: 0.999664
53535: 0.999664
53536: 0.999664
53537: 0.999664
53538: 0.999664
53539: 0.999664
53540: 0.999664
53541: 0.999664
53542: 0.999664
53543: 0.999664
53544: 0.999664
53545: 0.999664
53546: 0.999664
53547: 0.999664
53548: 0.999664
53549: 0.999664
53550: 0.999664
53551: 0.999664
53552: 0.999664
53553: 0.999664
53554: 0.999664
53555: 0.999664
53556: 0.999664
53557: 0.999664
53558: 0.999664
53559: 0.999664
53560: 0.999664
53561: 0.999664
53562: 0.999664
53563: 0.999664
53564: 0.999664
53565: 0.999664
53566: 0.999664
53567: 0.999664
53568: 0.999664
53569: 0.999664
53570: 0.999664
53571: 0.999664
53572: 0.999664
53573: 0.999664
53574: 0.999664
53575: 0.999664
53576: 0.999664
53577: 0.999664
53578: 0.999664
53579: 0.999664
53580: 0.999664
53581: 0.999664
53582: 0.999664
53583: 0.999664
53584: 0.999664
53585: 0.999664
53586: 0.999664
53587: 0.999664
53588: 0.999664
53589: 0.999664
53590: 0.999664
53591: 0.999664
53592: 0.999664
53593: 0.999664
53594: 0.999664
53595: 0.999664
53596: 0.999664
53597: 0.999664
53598: 0.999664
53599: 0.999664
53600: 0.999664
53601: 0.999664
53602: 0.999664
53603: 0.999664
53604: 0.999664
53605: 0.999664
53606: 0.999664
53607: 0.999664
53608: 0.999664
53609: 0.999664
53610: 0.999664
53611: 0.999664
53612: 0.999664
53613: 0.999664
53614: 0.999664
53615: 0.999664
53616: 0.999664
53617: 0.999664
53618: 0.999664
53619: 0.999664
53620: 0.999664
53621: 0.999664
53622: 0.999664
53623: 0.999664
53624: 0.999664
53625: 0.999664
53626: 0.999664
53627: 0.999664
53628: 0.999664
53629: 0.999664
53630: 0.999664
53631: 0.999664
53632: 0.999664
53633: 0.999664
53634: 0.999664
53635: 0.999664
53636: 0.999664
53637: 0.999664
53638: 0.999664
53639: 0.999664
53640: 0.999664
53641: 0.999664
53642: 0.999664
53643: 0.999664
53644: 0.999664
53645: 0.999664
53646: 0.999664
53647: 0.999664
53648: 0.999664
53649: 0.999664
53650: 0.999664
53651: 0.999665
53652: 0.999665
53653: 0.999665
53654: 0.999665
53655: 0.999665
53656: 0.999665
53657: 0.999665
53658: 0.999665
53659: 0.999665
53660: 0.999665
53661: 0.999665
53662: 0.999665
53663: 0.999665
53664: 0.999665
53665: 0.999665
53666: 0.999665
53667: 0.999665
53668: 0.999665
53669: 0.999665
53670: 0.999665
53671: 0.999665
53672: 0.999665
53673: 0.999665
53674: 0.999665
53675: 0.999665
53676: 0.999665
53677: 0.999665
53678: 0.999665
53679: 0.999665
53680: 0.999665
53681: 0.999665
53682: 0.999665
53683: 0.999665
53684: 0.999665
53685: 0.999665
53686: 0.999665
53687: 0.999665
53688: 0.999665
53689: 0.999665
53690: 0.999665
53691: 0.999665
53692: 0.999665
53693: 0.999665
53694: 0.999665
53695: 0.999665
53696: 0.999665
53697: 0.999665
53698: 0.999665
53699: 0.999665
53700: 0.999665
53701: 0.999665
53702: 0.999665
53703: 0.999665
53704: 0.999665
53705: 0.999665
53706: 0.999665
53707: 0.999665
53708: 0.999665
53709: 0.999665
53710: 0.999665
53711: 0.999665
53712: 0.999665
53713: 0.999665
53714: 0.999665
53715: 0.999665
53716: 0.999665
53717: 0.999665
53718: 0.999665
53719: 0.999665
53720: 0.999665
53721: 0.999665
53722: 0.999665
53723: 0.999665
53724: 0.999665
53725: 0.999665
53726: 0.999665
53727: 0.999665
53728: 0.999665
53729: 0.999665
53730: 0.999665
53731: 0.999665
53732: 0.999665
53733: 0.999665
53734: 0.999665
53735: 0.999665
53736: 0.999665
53737: 0.999665
53738: 0.999665
53739: 0.999665
53740: 0.999665
53741: 0.999665
53742: 0.999665
53743: 0.999665
53744: 0.999665
53745: 0.999665
53746: 0.999665
53747: 0.999665
53748: 0.999665
53749: 0.999665
53750: 0.999665
53751: 0.999665
53752: 0.999665
53753: 0.999665
53754: 0.999665
53755: 0.999665
53756: 0.999665
53757: 0.999665
53758: 0.999665
53759: 0.999665
53760: 0.999665
53761: 0.999665
53762: 0.999665
53763: 0.999665
53764: 0.999665
53765: 0.999665
53766: 0.999665
53767: 0.999665
53768: 0.999665
53769: 0.999665
53770: 0.999665
53771: 0.999665
53772: 0.999665
53773: 0.999665
53774: 0.999665
53775: 0.999665
53776: 0.999665
53777: 0.999665
53778: 0.999665
53779: 0.999665
53780: 0.999665
53781: 0.999665
53782: 0.999665
53783: 0.999665
53784: 0.999665
53785: 0.999665
53786: 0.999665
53787: 0.999665
53788: 0.999665
53789: 0.999665
53790: 0.999665
53791: 0.999665
53792: 0.999665
53793: 0.999665
53794: 0.999665
53795: 0.999665
53796: 0.999665
53797: 0.999665
53798: 0.999665
53799: 0.999665
53800: 0.999665
53801: 0.999665
53802: 0.999665
53803: 0.999665
53804: 0.999665
53805: 0.999665
53806: 0.999665
53807: 0.999665
53808: 0.999665
53809: 0.999665
53810: 0.999665
53811: 0.999666
53812: 0.999666
53813: 0.999666
53814: 0.999666
53815: 0.999666
53816: 0.999666
53817: 0.999666
53818: 0.999666
53819: 0.999666
53820: 0.999666
53821: 0.999666
53822: 0.999666
53823: 0.999666
53824: 0.999666
53825: 0.999666
53826: 0.999666
53827: 0.999666
53828: 0.999666
53829: 0.999666
53830: 0.999666
53831: 0.999666
53832: 0.999666
53833: 0.999666
53834: 0.999666
53835: 0.999666
53836: 0.999666
53837: 0.999666
53838: 0.999666
53839: 0.999666
53840: 0.999666
53841: 0.999666
53842: 0.999666
53843: 0.999666
53844: 0.999666
53845: 0.999666
53846: 0.999666
53847: 0.999666
53848: 0.999666
53849: 0.999666
53850: 0.999666
53851: 0.999666
53852: 0.999666
53853: 0.999666
53854: 0.999666
53855: 0.999666
53856: 0.999666
53857: 0.999666
53858: 0.999666
53859: 0.999666
53860: 0.999666
53861: 0.999666
53862: 0.999666
53863: 0.999666
53864: 0.999666
53865: 0.999666
53866: 0.999666
53867: 0.999666
53868: 0.999666
53869: 0.999666
53870: 0.999666
53871: 0.999666
53872: 0.999666
53873: 0.999666
53874: 0.999666
53875: 0.999666
53876: 0.999666
53877: 0.999666
53878: 0.999666
53879: 0.999666
53880: 0.999666
53881: 0.999666
53882: 0.999666
53883: 0.999666
53884: 0.999666
53885: 0.999666
53886: 0.999666
53887: 0.999666
53888: 0.999666
53889: 0.999666
53890: 0.999666
53891: 0.999666
53892: 0.999666
53893: 0.999666
53894: 0.999666
53895: 0.999666
53896: 0.999666
53897: 0.999666
53898: 0.999666
53899: 0.999666
53900: 0.999666
53901: 0.999666
53902: 0.999666
53903: 0.999666
53904: 0.999666
53905: 0.999666
53906: 0.999666
53907: 0.999666
53908: 0.999666
53909: 0.999666
53910: 0.999666
53911: 0.999666
53912: 0.999666
53913: 0.999666
53914: 0.999666
53915: 0.999666
53916: 0.999666
53917: 0.999666
53918: 0.999666
53919: 0.999666
53920: 0.999666
53921: 0.999666
53922: 0.999666
53923: 0.999666
53924: 0.999666
53925: 0.999666
53926: 0.999666
53927: 0.999666
53928: 0.999666
53929: 0.999666
53930: 0.999666
53931: 0.999666
53932: 0.999666
53933: 0.999666
53934: 0.999666
53935: 0.999666
53936: 0.999666
53937: 0.999666
53938: 0.999666
53939: 0.999666
53940: 0.999666
53941: 0.999666
53942: 0.999666
53943: 0.999666
53944: 0.999666
53945: 0.999666
53946: 0.999666
53947: 0.999666
53948: 0.999666
53949: 0.999666
53950: 0.999666
53951: 0.999666
53952: 0.999666
53953: 0.999666
53954: 0.999666
53955: 0.999666
53956: 0.999666
53957: 0.999666
53958: 0.999666
53959: 0.999666
53960: 0.999666
53961: 0.999666
53962: 0.999666
53963: 0.999666
53964: 0.999666
53965: 0.999666
53966: 0.999666
53967: 0.999666
53968: 0.999666
53969: 0.999666
53970: 0.999666
53971: 0.999666
53972: 0.999666
53973: 0.999667
53974: 0.999667
53975: 0.999667
53976: 0.999667
53977: 0.999667
53978: 0.999667
53979: 0.999667
53980: 0.999667
53981: 0.999667
53982: 0.999667
53983: 0.999667
53984: 0.999667
53985: 0.999667
53986: 0.999667
53987: 0.999667
53988: 0.999667
53989: 0.999667
53990: 0.999667
53991: 0.999667
53992: 0.999667
53993: 0.999667
53994: 0.999667
53995: 0.999667
53996: 0.999667
53997: 0.999667
53998: 0.999667
53999: 0.999667
54000: 0.999667
54001: 0.999667
54002: 0.999667
54003: 0.999667
54004: 0.999667
54005: 0.999667
54006: 0.999667
54007: 0.999667
54008: 0.999667
54009: 0.999667
54010: 0.999667
54011: 0.999667
54012: 0.999667
54013: 0.999667
54014: 0.999667
54015: 0.999667
54016: 0.999667
54017: 0.999667
54018: 0.999667
54019: 0.999667
54020: 0.999667
54021: 0.999667
54022: 0.999667
54023: 0.999667
54024: 0.999667
54025: 0.999667
54026: 0.999667
54027: 0.999667
54028: 0.999667
54029: 0.999667
54030: 0.999667
54031: 0.999667
54032: 0.999667
54033: 0.999667
54034: 0.999667
54035: 0.999667
54036: 0.999667
54037: 0.999667
54038: 0.999667
54039: 0.999667
54040: 0.999667
54041: 0.999667
54042: 0.999667
54043: 0.999667
54044: 0.999667
54045: 0.999667
54046: 0.999667
54047: 0.999667
54048: 0.999667
54049: 0.999667
54050: 0.999667
54051: 0.999667
54052: 0.999667
54053: 0.999667
54054: 0.999667
54055: 0.999667
54056: 0.999667
54057: 0.999667
54058: 0.999667
54059: 0.999667
54060: 0.999667
54061: 0.999667
54062: 0.999667
54063: 0.999667
54064: 0.999667
54065: 0.999667
54066: 0.999667
54067: 0.999667
54068: 0.999667
54069: 0.999667
54070: 0.999667
54071: 0.999667
54072: 0.999667
54073: 0.999667
54074: 0.999667
54075: 0.999667
54076: 0.999667
54077: 0.999667
54078: 0.999667
54079: 0.999667
54080: 0.999667
54081: 0.999667
54082: 0.999667
54083: 0.999667
54084: 0.999667
54085: 0.999667
54086: 0.999667
54087: 0.999667
54088: 0.999667
54089: 0.999667
54090: 0.999667
54091: 0.999667
54092: 0.999667
54093: 0.999667
54094: 0.999667
54095: 0.999667
54096: 0.999667
54097: 0.999667
54098: 0.999667
54099: 0.999667
54100: 0.999667
54101: 0.999667
54102: 0.999667
54103: 0.999667
54104: 0.999667
54105: 0.999667
54106: 0.999667
54107: 0.999667
54108: 0.999667
54109: 0.999667
54110: 0.999667
54111: 0.999667
54112: 0.999667
54113: 0.999667
54114: 0.999667
54115: 0.999667
54116: 0.999667
54117: 0.999667
54118: 0.999667
54119: 0.999667
54120: 0.999667
54121: 0.999667
54122: 0.999667
54123: 0.999667
54124: 0.999667
54125: 0.999667
54126: 0.999667
54127: 0.999667
54128: 0.999667
54129: 0.999667
54130: 0.999667
54131: 0.999667
54132: 0.999667
54133: 0.999667
54134: 0.999667
54135: 0.999668
54136: 0.999668
54137: 0.999668
54138: 0.999668
54139: 0.999668
54140: 0.999668
54141: 0.999668
54142: 0.999668
54143: 0.999668
54144: 0.999668
54145: 0.999668
54146: 0.999668
54147: 0.999668
54148: 0.999668
54149: 0.999668
54150: 0.999668
54151: 0.999668
54152: 0.999668
54153: 0.999668
54154: 0.999668
54155: 0.999668
54156: 0.999668
54157: 0.999668
54158: 0.999668
54159: 0.999668
54160: 0.999668
54161: 0.999668
54162: 0.999668
54163: 0.999668
54164: 0.999668
54165: 0.999668
54166: 0.999668
54167: 0.999668
54168: 0.999668
54169: 0.999668
54170: 0.999668
54171: 0.999668
54172: 0.999668
54173: 0.999668
54174: 0.999668
54175: 0.999668
54176: 0.999668
54177: 0.999668
54178: 0.999668
54179: 0.999668
54180: 0.999668
54181: 0.999668
54182: 0.999668
54183: 0.999668
54184: 0.999668
54185: 0.999668
54186: 0.999668
54187: 0.999668
54188: 0.999668
54189: 0.999668
54190: 0.999668
54191: 0.999668
54192: 0.999668
54193: 0.999668
54194: 0.999668
54195: 0.999668
54196: 0.999668
54197: 0.999668
54198: 0.999668
54199: 0.999668
54200: 0.999668
54201: 0.999668
54202: 0.999668
54203: 0.999668
54204: 0.999668
54205: 0.999668
54206: 0.999668
54207: 0.999668
54208: 0.999668
54209: 0.999668
54210: 0.999668
54211: 0.999668
54212: 0.999668
54213: 0.999668
54214: 0.999668
54215: 0.999668
54216: 0.999668
54217: 0.999668
54218: 0.999668
54219: 0.999668
54220: 0.999668
54221: 0.999668
54222: 0.999668
54223: 0.999668
54224: 0.999668
54225: 0.999668
54226: 0.999668
54227: 0.999668
54228: 0.999668
54229: 0.999668
54230: 0.999668
54231: 0.999668
54232: 0.999668
54233: 0.999668
54234: 0.999668
54235: 0.999668
54236: 0.999668
54237: 0.999668
54238: 0.999668
54239: 0.999668
54240: 0.999668
54241: 0.999668
54242: 0.999668
54243: 0.999668
54244: 0.999668
54245: 0.999668
54246: 0.999668
54247: 0.999668
54248: 0.999668
54249: 0.999668
54250: 0.999668
54251: 0.999668
54252: 0.999668
54253: 0.999668
54254: 0.999668
54255: 0.999668
54256: 0.999668
54257: 0.999668
54258: 0.999668
54259: 0.999668
54260: 0.999668
54261: 0.999668
54262: 0.999668
54263: 0.999668
54264: 0.999668
54265: 0.999668
54266: 0.999668
54267: 0.999668
54268: 0.999668
54269: 0.999668
54270: 0.999668
54271: 0.999668
54272: 0.999668
54273: 0.999668
54274: 0.999668
54275: 0.999668
54276: 0.999668
54277: 0.999668
54278: 0.999668
54279: 0.999668
54280: 0.999668
54281: 0.999668
54282: 0.999668
54283: 0.999668
54284: 0.999668
54285: 0.999668
54286: 0.999668
54287: 0.999668
54288: 0.999668
54289: 0.999668
54290: 0.999668
54291: 0.999668
54292: 0.999668
54293: 0.999668
54294: 0.999668
54295: 0.999668
54296: 0.999668
54297: 0.999668
54298: 0.999669
54299: 0.999669
54300: 0.999669
54301: 0.999669
54302: 0.999669
54303: 0.999669
54304: 0.999669
54305: 0.999669
54306: 0.999669
54307: 0.999669
54308: 0.999669
54309: 0.999669
54310: 0.999669
54311: 0.999669
54312: 0.999669
54313: 0.999669
54314: 0.999669
54315: 0.999669
54316: 0.999669
54317: 0.999669
54318: 0.999669
54319: 0.999669
54320: 0.999669
54321: 0.999669
54322: 0.999669
54323: 0.999669
54324: 0.999669
54325: 0.999669
54326: 0.999669
54327: 0.999669
54328: 0.999669
54329: 0.999669
54330: 0.999669
54331: 0.999669
54332: 0.999669
54333: 0.999669
54334: 0.999669
54335: 0.999669
54336: 0.999669
54337: 0.999669
54338: 0.999669
54339: 0.999669
54340: 0.999669
54341: 0.999669
54342: 0.999669
54343: 0.999669
54344: 0.999669
54345: 0.999669
54346: 0.999669
54347: 0.999669
54348: 0.999669
54349: 0.999669
54350: 0.999669
54351: 0.999669
54352: 0.999669
54353: 0.999669
54354: 0.999669
54355: 0.999669
54356: 0.999669
54357: 0.999669
54358: 0.999669
54359: 0.999669
54360: 0.999669
54361: 0.999669
54362: 0.999669
54363: 0.999669
54364: 0.999669
54365: 0.999669
54366: 0.999669
54367: 0.999669
54368: 0.999669
54369: 0.999669
54370: 0.999669
54371: 0.999669
54372: 0.999669
54373: 0.999669
54374: 0.999669
54375: 0.999669
54376: 0.999669
54377: 0.999669
54378: 0.999669
54379: 0.999669
54380: 0.999669
54381: 0.999669
54382: 0.999669
54383: 0.999669
54384: 0.999669
54385: 0.999669
54386: 0.999669
54387: 0.999669
54388: 0.999669
54389: 0.999669
54390: 0.999669
54391: 0.999669
54392: 0.999669
54393: 0.999669
54394: 0.999669
54395: 0.999669
54396: 0.999669
54397: 0.999669
54398: 0.999669
54399: 0.999669
54400: 0.999669
54401: 0.999669
54402: 0.999669
54403: 0.999669
54404: 0.999669
54405: 0.999669
54406: 0.999669
54407: 0.999669
54408: 0.999669
54409: 0.999669
54410: 0.999669
54411: 0.999669
54412: 0.999669
54413: 0.999669
54414: 0.999669
54415: 0.999669
54416: 0.999669
54417: 0.999669
54418: 0.999669
54419: 0.999669
54420: 0.999669
54421: 0.999669
54422: 0.999669
54423: 0.999669
54424: 0.999669
54425: 0.999669
54426: 0.999669
54427: 0.999669
54428: 0.999669
54429: 0.999669
54430: 0.999669
54431: 0.999669
54432: 0.999669
54433: 0.999669
54434: 0.999669
54435: 0.999669
54436: 0.999669
54437: 0.999669
54438: 0.999669
54439: 0.999669
54440: 0.999669
54441: 0.999669
54442: 0.999669
54443: 0.999669
54444: 0.999669
54445: 0.999669
54446: 0.999669
54447: 0.999669
54448: 0.999669
54449: 0.999669
54450: 0.999669
54451: 0.999669
54452: 0.999669
54453: 0.999669
54454: 0.999669
54455: 0.999669
54456: 0.999669
54457: 0.999669
54458: 0.999669
54459: 0.999669
54460: 0.999669
54461: 0.999669
54462: 0.99967
54463: 0.99967
54464: 0.99967
54465: 0.99967
54466: 0.99967
54467: 0.99967
54468: 0.99967
54469: 0.99967
54470: 0.99967
54471: 0.99967
54472: 0.99967
54473: 0.99967
54474: 0.99967
54475: 0.99967
54476: 0.99967
54477: 0.99967
54478: 0.99967
54479: 0.99967
54480: 0.99967
54481: 0.99967
54482: 0.99967
54483: 0.99967
54484: 0.99967
54485: 0.99967
54486: 0.99967
54487: 0.99967
54488: 0.99967
54489: 0.99967
54490: 0.99967
54491: 0.99967
54492: 0.99967
54493: 0.99967
54494: 0.99967
54495: 0.99967
54496: 0.99967
54497: 0.99967
54498: 0.99967
54499: 0.99967
54500: 0.99967
54501: 0.99967
54502: 0.99967
54503: 0.99967
54504: 0.99967
54505: 0.99967
54506: 0.99967
54507: 0.99967
54508: 0.99967
54509: 0.99967
54510: 0.99967
54511: 0.99967
54512: 0.99967
54513: 0.99967
54514: 0.99967
54515: 0.99967
54516: 0.99967
54517: 0.99967
54518: 0.99967
54519: 0.99967
54520: 0.99967
54521: 0.99967
54522: 0.99967
54523: 0.99967
54524: 0.99967
54525: 0.99967
54526: 0.99967
54527: 0.99967
54528: 0.99967
54529: 0.99967
54530: 0.99967
54531: 0.99967
54532: 0.99967
54533: 0.99967
54534: 0.99967
54535: 0.99967
54536: 0.99967
54537: 0.99967
54538: 0.99967
54539: 0.99967
54540: 0.99967
54541: 0.99967
54542: 0.99967
54543: 0.99967
54544: 0.99967
54545: 0.99967
54546: 0.99967
54547: 0.99967
54548: 0.99967
54549: 0.99967
54550: 0.99967
54551: 0.99967
54552: 0.99967
54553: 0.99967
54554: 0.99967
54555: 0.99967
54556: 0.99967
54557: 0.99967
54558: 0.99967
54559: 0.99967
54560: 0.99967
54561: 0.99967
54562: 0.99967
54563: 0.99967
54564: 0.99967
54565: 0.99967
54566: 0.99967
54567: 0.99967
54568: 0.99967
54569: 0.99967
54570: 0.99967
54571: 0.99967
54572: 0.99967
54573: 0.99967
54574: 0.99967
54575: 0.99967
54576: 0.99967
54577: 0.99967
54578: 0.99967
54579: 0.99967
54580: 0.99967
54581: 0.99967
54582: 0.99967
54583: 0.99967
54584: 0.99967
54585: 0.99967
54586: 0.99967
54587: 0.99967
54588: 0.99967
54589: 0.99967
54590: 0.99967
54591: 0.99967
54592: 0.99967
54593: 0.99967
54594: 0.99967
54595: 0.99967
54596: 0.99967
54597: 0.99967
54598: 0.99967
54599: 0.99967
54600: 0.99967
54601: 0.99967
54602: 0.99967
54603: 0.99967
54604: 0.99967
54605: 0.99967
54606: 0.99967
54607: 0.99967
54608: 0.99967
54609: 0.99967
54610: 0.99967
54611: 0.99967
54612: 0.99967
54613: 0.99967
54614: 0.99967
54615: 0.99967
54616: 0.99967
54617: 0.99967
54618: 0.99967
54619: 0.99967
54620: 0.99967
54621: 0.99967
54622: 0.99967
54623: 0.99967
54624: 0.99967
54625: 0.99967
54626: 0.99967
54627: 0.99967
54628: 0.999671
54629: 0.999671
54630: 0.999671
54631: 0.999671
54632: 0.999671
54633: 0.999671
54634: 0.999671
54635: 0.999671
54636: 0.999671
54637: 0.999671
54638: 0.999671
54639: 0.999671
54640: 0.999671
54641: 0.999671
54642: 0.999671
54643: 0.999671
54644: 0.999671
54645: 0.999671
54646: 0.999671
54647: 0.999671
54648: 0.999671
54649: 0.999671
54650: 0.999671
54651: 0.999671
54652: 0.999671
54653: 0.999671
54654: 0.999671
54655: 0.999671
54656: 0.999671
54657: 0.999671
54658: 0.999671
54659: 0.999671
54660: 0.999671
54661: 0.999671
54662: 0.999671
54663: 0.999671
54664: 0.999671
54665: 0.999671
54666: 0.999671
54667: 0.999671
54668: 0.999671
54669: 0.999671
54670: 0.999671
54671: 0.999671
54672: 0.999671
54673: 0.999671
54674: 0.999671
54675: 0.999671
54676: 0.999671
54677: 0.999671
54678: 0.999671
54679: 0.999671
54680: 0.999671
54681: 0.999671
54682: 0.999671
54683: 0.999671
54684: 0.999671
54685: 0.999671
54686: 0.999671
54687: 0.999671
54688: 0.999671
54689: 0.999671
54690: 0.999671
54691: 0.999671
54692: 0.999671
54693: 0.999671
54694: 0.999671
54695: 0.999671
54696: 0.999671
54697: 0.999671
54698: 0.999671
54699: 0.999671
54700: 0.999671
54701: 0.999671
54702: 0.999671
54703: 0.999671
54704: 0.999671
54705: 0.999671
54706: 0.999671
54707: 0.999671
54708: 0.999671
54709: 0.999671
54710: 0.999671
54711: 0.999671
54712: 0.999671
54713: 0.999671
54714: 0.999671
54715: 0.999671
54716: 0.999671
54717: 0.999671
54718: 0.999671
54719: 0.999671
54720: 0.999671
54721: 0.999671
54722: 0.999671
54723: 0.999671
54724: 0.999671
54725: 0.999671
54726: 0.999671
54727: 0.999671
54728: 0.999671
54729: 0.999671
54730: 0.999671
54731: 0.999671
54732: 0.999671
54733: 0.999671
54734: 0.999671
54735: 0.999671
54736: 0.999671
54737: 0.999671
54738: 0.999671
54739: 0.999671
54740: 0.999671
54741: 0.999671
54742: 0.999671
54743: 0.999671
54744: 0.999671
54745: 0.999671
54746: 0.999671
54747: 0.999671
54748: 0.999671
54749: 0.999671
54750: 0.999671
54751: 0.999671
54752: 0.999671
54753: 0.999671
54754: 0.999671
54755: 0.999671
54756: 0.999671
54757: 0.999671
54758: 0.999671
54759: 0.999671
54760: 0.999671
54761: 0.999671
54762: 0.999671
54763: 0.999671
54764: 0.999671
54765: 0.999671
54766: 0.999671
54767: 0.999671
54768: 0.999671
54769: 0.999671
54770: 0.999671
54771: 0.999671
54772: 0.999671
54773: 0.999671
54774: 0.999671
54775: 0.999671
54776: 0.999671
54777: 0.999671
54778: 0.999671
54779: 0.999671
54780: 0.999671
54781: 0.999671
54782: 0.999671
54783: 0.999671
54784: 0.999671
54785: 0.999671
54786: 0.999671
54787: 0.999671
54788: 0.999671
54789: 0.999671
54790: 0.999671
54791: 0.999671
54792: 0.999671
54793: 0.999671
54794: 0.999672
54795: 0.999672
54796: 0.999672
54797: 0.999672
54798: 0.999672
54799: 0.999672
54800: 0.999672
54801: 0.999672
54802: 0.999672
54803: 0.999672
54804: 0.999672
54805: 0.999672
54806: 0.999672
54807: 0.999672
54808: 0.999672
54809: 0.999672
54810: 0.999672
54811: 0.999672
54812: 0.999672
54813: 0.999672
54814: 0.999672
54815: 0.999672
54816: 0.999672
54817: 0.999672
54818: 0.999672
54819: 0.999672
54820: 0.999672
54821: 0.999672
54822: 0.999672
54823: 0.999672
54824: 0.999672
54825: 0.999672
54826: 0.999672
54827: 0.999672
54828: 0.999672
54829: 0.999672
54830: 0.999672
54831: 0.999672
54832: 0.999672
54833: 0.999672
54834: 0.999672
54835: 0.999672
54836: 0.999672
54837: 0.999672
54838: 0.999672
54839: 0.999672
54840: 0.999672
54841: 0.999672
54842: 0.999672
54843: 0.999672
54844: 0.999672
54845: 0.999672
54846: 0.999672
54847: 0.999672
54848: 0.999672
54849: 0.999672
54850: 0.999672
54851: 0.999672
54852: 0.999672
54853: 0.999672
54854: 0.999672
54855: 0.999672
54856: 0.999672
54857: 0.999672
54858: 0.999672
54859: 0.999672
54860: 0.999672
54861: 0.999672
54862: 0.999672
54863: 0.999672
54864: 0.999672
54865: 0.999672
54866: 0.999672
54867: 0.999672
54868: 0.999672
54869: 0.999672
54870: 0.999672
54871: 0.999672
54872: 0.999672
54873: 0.999672
54874: 0.999672
54875: 0.999672
54876: 0.999672
54877: 0.999672
54878: 0.999672
54879: 0.999672
54880: 0.999672
54881: 0.999672
54882: 0.999672
54883: 0.999672
54884: 0.999672
54885: 0.999672
54886: 0.999672
54887: 0.999672
54888: 0.999672
54889: 0.999672
54890: 0.999672
54891: 0.999672
54892: 0.999672
54893: 0.999672
54894: 0.999672
54895: 0.999672
54896: 0.999672
54897: 0.999672
54898: 0.999672
54899: 0.999672
54900: 0.999672
54901: 0.999672
54902: 0.999672
54903: 0.999672
54904: 0.999672
54905: 0.999672
54906: 0.999672
54907: 0.999672
54908: 0.999672
54909: 0.999672
54910: 0.999672
54911: 0.999672
54912: 0.999672
54913: 0.999672
54914: 0.999672
54915: 0.999672
54916: 0.999672
54917: 0.999672
54918: 0.999672
54919: 0.999672
54920: 0.999672
54921: 0.999672
54922: 0.999672
54923: 0.999672
54924: 0.999672
54925: 0.999672
54926: 0.999672
54927: 0.999672
54928: 0.999672
54929: 0.999672
54930: 0.999672
54931: 0.999672
54932: 0.999672
54933: 0.999672
54934: 0.999672
54935: 0.999672
54936: 0.999672
54937: 0.999672
54938: 0.999672
54939: 0.999672
54940: 0.999672
54941: 0.999672
54942: 0.999672
54943: 0.999672
54944: 0.999672
54945: 0.999672
54946: 0.999672
54947: 0.999672
54948: 0.999672
54949: 0.999672
54950: 0.999672
54951: 0.999672
54952: 0.999672
54953: 0.999672
54954: 0.999672
54955: 0.999672
54956: 0.999672
54957: 0.999672
54958: 0.999672
54959: 0.999672
54960: 0.999672
54961: 0.999673
54962: 0.999673
54963: 0.999673
54964: 0.999673
54965: 0.999673
54966: 0.999673
54967: 0.999673
54968: 0.999673
54969: 0.999673
54970: 0.999673
54971: 0.999673
54972: 0.999673
54973: 0.999673
54974: 0.999673
54975: 0.999673
54976: 0.999673
54977: 0.999673
54978: 0.999673
54979: 0.999673
54980: 0.999673
54981: 0.999673
54982: 0.999673
54983: 0.999673
54984: 0.999673
54985: 0.999673
54986: 0.999673
54987: 0.999673
54988: 0.999673
54989: 0.999673
54990: 0.999673
54991: 0.999673
54992: 0.999673
54993: 0.999673
54994: 0.999673
54995: 0.999673
54996: 0.999673
54997: 0.999673
54998: 0.999673
54999: 0.999673
55000: 0.999673
55001: 0.999673
55002: 0.999673
55003: 0.999673
55004: 0.999673
55005: 0.999673
55006: 0.999673
55007: 0.999673
55008: 0.999673
55009: 0.999673
55010: 0.999673
55011: 0.999673
55012: 0.999673
55013: 0.999673
55014: 0.999673
55015: 0.999673
55016: 0.999673
55017: 0.999673
55018: 0.999673
55019: 0.999673
55020: 0.999673
55021: 0.999673
55022: 0.999673
55023: 0.999673
55024: 0.999673
55025: 0.999673
55026: 0.999673
55027: 0.999673
55028: 0.999673
55029: 0.999673
55030: 0.999673
55031: 0.999673
55032: 0.999673
55033: 0.999673
55034: 0.999673
55035: 0.999673
55036: 0.999673
55037: 0.999673
55038: 0.999673
55039: 0.999673
55040: 0.999673
55041: 0.999673
55042: 0.999673
55043: 0.999673
55044: 0.999673
55045: 0.999673
55046: 0.999673
55047: 0.999673
55048: 0.999673
55049: 0.999673
55050: 0.999673
55051: 0.999673
55052: 0.999673
55053: 0.999673
55054: 0.999673
55055: 0.999673
55056: 0.999673
55057: 0.999673
55058: 0.999673
55059: 0.999673
55060: 0.999673
55061: 0.999673
55062: 0.999673
55063: 0.999673
55064: 0.999673
55065: 0.999673
55066: 0.999673
55067: 0.999673
55068: 0.999673
55069: 0.999673
55070: 0.999673
55071: 0.999673
55072: 0.999673
55073: 0.999673
55074: 0.999673
55075: 0.999673
55076: 0.999673
55077: 0.999673
55078: 0.999673
55079: 0.999673
55080: 0.999673
55081: 0.999673
55082: 0.999673
55083: 0.999673
55084: 0.999673
55085: 0.999673
55086: 0.999673
55087: 0.999673
55088: 0.999673
55089: 0.999673
55090: 0.999673
55091: 0.999673
55092: 0.999673
55093: 0.999673
55094: 0.999673
55095: 0.999673
55096: 0.999673
55097: 0.999673
55098: 0.999673
55099: 0.999673
55100: 0.999673
55101: 0.999673
55102: 0.999673
55103: 0.999673
55104: 0.999673
55105: 0.999673
55106: 0.999673
55107: 0.999673
55108: 0.999673
55109: 0.999673
55110: 0.999673
55111: 0.999673
55112: 0.999673
55113: 0.999673
55114: 0.999673
55115: 0.999673
55116: 0.999673
55117: 0.999673
55118: 0.999673
55119: 0.999673
55120: 0.999673
55121: 0.999673
55122: 0.999673
55123: 0.999673
55124: 0.999673
55125: 0.999673
55126: 0.999673
55127: 0.999673
55128: 0.999673
55129: 0.999673
55130: 0.999674
55131: 0.999674
55132: 0.999674
55133: 0.999674
55134: 0.999674
55135: 0.999674
55136: 0.999674
55137: 0.999674
55138: 0.999674
55139: 0.999674
55140: 0.999674
55141: 0.999674
55142: 0.999674
55143: 0.999674
55144: 0.999674
55145: 0.999674
55146: 0.999674
55147: 0.999674
55148: 0.999674
55149: 0.999674
55150: 0.999674
55151: 0.999674
55152: 0.999674
55153: 0.999674
55154: 0.999674
55155: 0.999674
55156: 0.999674
55157: 0.999674
55158: 0.999674
55159: 0.999674
55160: 0.999674
55161: 0.999674
55162: 0.999674
55163: 0.999674
55164: 0.999674
55165: 0.999674
55166: 0.999674
55167: 0.999674
55168: 0.999674
55169: 0.999674
55170: 0.999674
55171: 0.999674
55172: 0.999674
55173: 0.999674
55174: 0.999674
55175: 0.999674
55176: 0.999674
55177: 0.999674
55178: 0.999674
55179: 0.999674
55180: 0.999674
55181: 0.999674
55182: 0.999674
55183: 0.999674
55184: 0.999674
55185: 0.999674
55186: 0.999674
55187: 0.999674
55188: 0.999674
55189: 0.999674
55190: 0.999674
55191: 0.999674
55192: 0.999674
55193: 0.999674
55194: 0.999674
55195: 0.999674
55196: 0.999674
55197: 0.999674
55198: 0.999674
55199: 0.999674
55200: 0.999674
55201: 0.999674
55202: 0.999674
55203: 0.999674
55204: 0.999674
55205: 0.999674
55206: 0.999674
55207: 0.999674
55208: 0.999674
55209: 0.999674
55210: 0.999674
55211: 0.999674
55212: 0.999674
55213: 0.999674
55214: 0.999674
55215: 0.999674
55216: 0.999674
55217: 0.999674
55218: 0.999674
55219: 0.999674
55220: 0.999674
55221: 0.999674
55222: 0.999674
55223: 0.999674
55224: 0.999674
55225: 0.999674
55226: 0.999674
55227: 0.999674
55228: 0.999674
55229: 0.999674
55230: 0.999674
55231: 0.999674
55232: 0.999674
55233: 0.999674
55234: 0.999674
55235: 0.999674
55236: 0.999674
55237: 0.999674
55238: 0.999674
55239: 0.999674
55240: 0.999674
55241: 0.999674
55242: 0.999674
55243: 0.999674
55244: 0.999674
55245: 0.999674
55246: 0.999674
55247: 0.999674
55248: 0.999674
55249: 0.999674
55250: 0.999674
55251: 0.999674
55252: 0.999674
55253: 0.999674
55254: 0.999674
55255: 0.999674
55256: 0.999674
55257: 0.999674
55258: 0.999674
55259: 0.999674
55260: 0.999674
55261: 0.999674
55262: 0.999674
55263: 0.999674
55264: 0.999674
55265: 0.999674
55266: 0.999674
55267: 0.999674
55268: 0.999674
55269: 0.999674
55270: 0.999674
55271: 0.999674
55272: 0.999674
55273: 0.999674
55274: 0.999674
55275: 0.999674
55276: 0.999674
55277: 0.999674
55278: 0.999674
55279: 0.999674
55280: 0.999674
55281: 0.999674
55282: 0.999674
55283: 0.999674
55284: 0.999674
55285: 0.999674
55286: 0.999674
55287: 0.999674
55288: 0.999674
55289: 0.999674
55290: 0.999674
55291: 0.999674
55292: 0.999674
55293: 0.999674
55294: 0.999674
55295: 0.999674
55296: 0.999674
55297: 0.999674
55298: 0.999674
55299: 0.999675
55300: 0.999675
55301: 0.999675
55302: 0.999675
55303: 0.999675
55304: 0.999675
55305: 0.999675
55306: 0.999675
55307: 0.999675
55308: 0.999675
55309: 0.999675
55310: 0.999675
55311: 0.999675
55312: 0.999675
55313: 0.999675
55314: 0.999675
55315: 0.999675
55316: 0.999675
55317: 0.999675
55318: 0.999675
55319: 0.999675
55320: 0.999675
55321: 0.999675
55322: 0.999675
55323: 0.999675
55324: 0.999675
55325: 0.999675
55326: 0.999675
55327: 0.999675
55328: 0.999675
55329: 0.999675
55330: 0.999675
55331: 0.999675
55332: 0.999675
55333: 0.999675
55334: 0.999675
55335: 0.999675
55336: 0.999675
55337: 0.999675
55338: 0.999675
55339: 0.999675
55340: 0.999675
55341: 0.999675
55342: 0.999675
55343: 0.999675
55344: 0.999675
55345: 0.999675
55346: 0.999675
55347: 0.999675
55348: 0.999675
55349: 0.999675
55350: 0.999675
55351: 0.999675
55352: 0.999675
55353: 0.999675
55354: 0.999675
55355: 0.999675
55356: 0.999675
55357: 0.999675
55358: 0.999675
55359: 0.999675
55360: 0.999675
55361: 0.999675
55362: 0.999675
55363: 0.999675
55364: 0.999675
55365: 0.999675
55366: 0.999675
55367: 0.999675
55368: 0.999675
55369: 0.999675
55370: 0.999675
55371: 0.999675
55372: 0.999675
55373: 0.999675
55374: 0.999675
55375: 0.999675
55376: 0.999675
55377: 0.999675
55378: 0.999675
55379: 0.999675
55380: 0.999675
55381: 0.999675
55382: 0.999675
55383: 0.999675
55384: 0.999675
55385: 0.999675
55386: 0.999675
55387: 0.999675
55388: 0.999675
55389: 0.999675
55390: 0.999675
55391: 0.999675
55392: 0.999675
55393: 0.999675
55394: 0.999675
55395: 0.999675
55396: 0.999675
55397: 0.999675
55398: 0.999675
55399: 0.999675
55400: 0.999675
55401: 0.999675
55402: 0.999675
55403: 0.999675
55404: 0.999675
55405: 0.999675
55406: 0.999675
55407: 0.999675
55408: 0.999675
55409: 0.999675
55410: 0.999675
55411: 0.999675
55412: 0.999675
55413: 0.999675
55414: 0.999675
55415: 0.999675
55416: 0.999675
55417: 0.999675
55418: 0.999675
55419: 0.999675
55420: 0.999675
55421: 0.999675
55422: 0.999675
55423: 0.999675
55424: 0.999675
55425: 0.999675
55426: 0.999675
55427: 0.999675
55428: 0.999675
55429: 0.999675
55430: 0.999675
55431: 0.999675
55432: 0.999675
55433: 0.999675
55434: 0.999675
55435: 0.999675
55436: 0.999675
55437: 0.999675
55438: 0.999675
55439: 0.999675
55440: 0.999675
55441: 0.999675
55442: 0.999675
55443: 0.999675
55444: 0.999675
55445: 0.999675
55446: 0.999675
55447: 0.999675
55448: 0.999675
55449: 0.999675
55450: 0.999675
55451: 0.999675
55452: 0.999675
55453: 0.999675
55454: 0.999675
55455: 0.999675
55456: 0.999675
55457: 0.999675
55458: 0.999675
55459: 0.999675
55460: 0.999675
55461: 0.999675
55462: 0.999675
55463: 0.999675
55464: 0.999675
55465: 0.999675
55466: 0.999675
55467: 0.999675
55468: 0.999675
55469: 0.999676
55470: 0.999676
55471: 0.999676
55472: 0.999676
55473: 0.999676
55474: 0.999676
55475: 0.999676
55476: 0.999676
55477: 0.999676
55478: 0.999676
55479: 0.999676
55480: 0.999676
55481: 0.999676
55482: 0.999676
55483: 0.999676
55484: 0.999676
55485: 0.999676
55486: 0.999676
55487: 0.999676
55488: 0.999676
55489: 0.999676
55490: 0.999676
55491: 0.999676
55492: 0.999676
55493: 0.999676
55494: 0.999676
55495: 0.999676
55496: 0.999676
55497: 0.999676
55498: 0.999676
55499: 0.999676
55500: 0.999676
55501: 0.999676
55502: 0.999676
55503: 0.999676
55504: 0.999676
55505: 0.999676
55506: 0.999676
55507: 0.999676
55508: 0.999676
55509: 0.999676
55510: 0.999676
55511: 0.999676
55512: 0.999676
55513: 0.999676
55514: 0.999676
55515: 0.999676
55516: 0.999676
55517: 0.999676
55518: 0.999676
55519: 0.999676
55520: 0.999676
55521: 0.999676
55522: 0.999676
55523: 0.999676
55524: 0.999676
55525: 0.999676
55526: 0.999676
55527: 0.999676
55528: 0.999676
55529: 0.999676
55530: 0.999676
55531: 0.999676
55532: 0.999676
55533: 0.999676
55534: 0.999676
55535: 0.999676
55536: 0.999676
55537: 0.999676
55538: 0.999676
55539: 0.999676
55540: 0.999676
55541: 0.999676
55542: 0.999676
55543: 0.999676
55544: 0.999676
55545: 0.999676
55546: 0.999676
55547: 0.999676
55548: 0.999676
55549: 0.999676
55550: 0.999676
55551: 0.999676
55552: 0.999676
55553: 0.999676
55554: 0.999676
55555: 0.999676
55556: 0.999676
55557: 0.999676
55558: 0.999676
55559: 0.999676
55560: 0.999676
55561: 0.999676
55562: 0.999676
55563: 0.999676
55564: 0.999676
55565: 0.999676
55566: 0.999676
55567: 0.999676
55568: 0.999676
55569: 0.999676
55570: 0.999676
55571: 0.999676
55572: 0.999676
55573: 0.999676
55574: 0.999676
55575: 0.999676
55576: 0.999676
55577: 0.999676
55578: 0.999676
55579: 0.999676
55580: 0.999676
55581: 0.999676
55582: 0.999676
55583: 0.999676
55584: 0.999676
55585: 0.999676
55586: 0.999676
55587: 0.999676
55588: 0.999676
55589: 0.999676
55590: 0.999676
55591: 0.999676
55592: 0.999676
55593: 0.999676
55594: 0.999676
55595: 0.999676
55596: 0.999676
55597: 0.999676
55598: 0.999676
55599: 0.999676
55600: 0.999676
55601: 0.999676
55602: 0.999676
55603: 0.999676
55604: 0.999676
55605: 0.999676
55606: 0.999676
55607: 0.999676
55608: 0.999676
55609: 0.999676
55610: 0.999676
55611: 0.999676
55612: 0.999676
55613: 0.999676
55614: 0.999676
55615: 0.999676
55616: 0.999676
55617: 0.999676
55618: 0.999676
55619: 0.999676
55620: 0.999676
55621: 0.999676
55622: 0.999676
55623: 0.999676
55624: 0.999676
55625: 0.999676
55626: 0.999676
55627: 0.999676
55628: 0.999676
55629: 0.999676
55630: 0.999676
55631: 0.999676
55632: 0.999676
55633: 0.999676
55634: 0.999676
55635: 0.999676
55636: 0.999676
55637: 0.999676
55638: 0.999676
55639: 0.999676
55640: 0.999676
55641: 0.999677
55642: 0.999677
55643: 0.999677
55644: 0.999677
55645: 0.999677
55646: 0.999677
55647: 0.999677
55648: 0.999677
55649: 0.999677
55650: 0.999677
55651: 0.999677
55652: 0.999677
55653: 0.999677
55654: 0.999677
55655: 0.999677
55656: 0.999677
55657: 0.999677
55658: 0.999677
55659: 0.999677
55660: 0.999677
55661: 0.999677
55662: 0.999677
55663: 0.999677
55664: 0.999677
55665: 0.999677
55666: 0.999677
55667: 0.999677
55668: 0.999677
55669: 0.999677
55670: 0.999677
55671: 0.999677
55672: 0.999677
55673: 0.999677
55674: 0.999677
55675: 0.999677
55676: 0.999677
55677: 0.999677
55678: 0.999677
55679: 0.999677
55680: 0.999677
55681: 0.999677
55682: 0.999677
55683: 0.999677
55684: 0.999677
55685: 0.999677
55686: 0.999677
55687: 0.999677
55688: 0.999677
55689: 0.999677
55690: 0.999677
55691: 0.999677
55692: 0.999677
55693: 0.999677
55694: 0.999677
55695: 0.999677
55696: 0.999677
55697: 0.999677
55698: 0.999677
55699: 0.999677
55700: 0.999677
55701: 0.999677
55702: 0.999677
55703: 0.999677
55704: 0.999677
55705: 0.999677
55706: 0.999677
55707: 0.999677
55708: 0.999677
55709: 0.999677
55710: 0.999677
55711: 0.999677
55712: 0.999677
55713: 0.999677
55714: 0.999677
55715: 0.999677
55716: 0.999677
55717: 0.999677
55718: 0.999677
55719: 0.999677
55720: 0.999677
55721: 0.999677
55722: 0.999677
55723: 0.999677
55724: 0.999677
55725: 0.999677
55726: 0.999677
55727: 0.999677
55728: 0.999677
55729: 0.999677
55730: 0.999677
55731: 0.999677
55732: 0.999677
55733: 0.999677
55734: 0.999677
55735: 0.999677
55736: 0.999677
55737: 0.999677
55738: 0.999677
55739: 0.999677
55740: 0.999677
55741: 0.999677
55742: 0.999677
55743: 0.999677
55744: 0.999677
55745: 0.999677
55746: 0.999677
55747: 0.999677
55748: 0.999677
55749: 0.999677
55750: 0.999677
55751: 0.999677
55752: 0.999677
55753: 0.999677
55754: 0.999677
55755: 0.999677
55756: 0.999677
55757: 0.999677
55758: 0.999677
55759: 0.999677
55760: 0.999677
55761: 0.999677
55762: 0.999677
55763: 0.999677
55764: 0.999677
55765: 0.999677
55766: 0.999677
55767: 0.999677
55768: 0.999677
55769: 0.999677
55770: 0.999677
55771: 0.999677
55772: 0.999677
55773: 0.999677
55774: 0.999677
55775: 0.999677
55776: 0.999677
55777: 0.999677
55778: 0.999677
55779: 0.999677
55780: 0.999677
55781: 0.999677
55782: 0.999677
55783: 0.999677
55784: 0.999677
55785: 0.999677
55786: 0.999677
55787: 0.999677
55788: 0.999677
55789: 0.999677
55790: 0.999677
55791: 0.999677
55792: 0.999677
55793: 0.999677
55794: 0.999677
55795: 0.999677
55796: 0.999677
55797: 0.999677
55798: 0.999677
55799: 0.999677
55800: 0.999677
55801: 0.999677
55802: 0.999677
55803: 0.999677
55804: 0.999677
55805: 0.999677
55806: 0.999677
55807: 0.999677
55808: 0.999677
55809: 0.999677
55810: 0.999677
55811: 0.999677
55812: 0.999677
55813: 0.999678
55814: 0.999678
55815: 0.999678
55816: 0.999678
55817: 0.999678
55818: 0.999678
55819: 0.999678
55820: 0.999678
55821: 0.999678
55822: 0.999678
55823: 0.999678
55824: 0.999678
55825: 0.999678
55826: 0.999678
55827: 0.999678
55828: 0.999678
55829: 0.999678
55830: 0.999678
55831: 0.999678
55832: 0.999678
55833: 0.999678
55834: 0.999678
55835: 0.999678
55836: 0.999678
55837: 0.999678
55838: 0.999678
55839: 0.999678
55840: 0.999678
55841: 0.999678
55842: 0.999678
55843: 0.999678
55844: 0.999678
55845: 0.999678
55846: 0.999678
55847: 0.999678
55848: 0.999678
55849: 0.999678
55850: 0.999678
55851: 0.999678
55852: 0.999678
55853: 0.999678
55854: 0.999678
55855: 0.999678
55856: 0.999678
55857: 0.999678
55858: 0.999678
55859: 0.999678
55860: 0.999678
55861: 0.999678
55862: 0.999678
55863: 0.999678
55864: 0.999678
55865: 0.999678
55866: 0.999678
55867: 0.999678
55868: 0.999678
55869: 0.999678
55870: 0.999678
55871: 0.999678
55872: 0.999678
55873: 0.999678
55874: 0.999678
55875: 0.999678
55876: 0.999678
55877: 0.999678
55878: 0.999678
55879: 0.999678
55880: 0.999678
55881: 0.999678
55882: 0.999678
55883: 0.999678
55884: 0.999678
55885: 0.999678
55886: 0.999678
55887: 0.999678
55888: 0.999678
55889: 0.999678
55890: 0.999678
55891: 0.999678
55892: 0.999678
55893: 0.999678
55894: 0.999678
55895: 0.999678
55896: 0.999678
55897: 0.999678
55898: 0.999678
55899: 0.999678
55900: 0.999678
55901: 0.999678
55902: 0.999678
55903: 0.999678
55904: 0.999678
55905: 0.999678
55906: 0.999678
55907: 0.999678
55908: 0.999678
55909: 0.999678
55910: 0.999678
55911: 0.999678
55912: 0.999678
55913: 0.999678
55914: 0.999678
55915: 0.999678
55916: 0.999678
55917: 0.999678
55918: 0.999678
55919: 0.999678
55920: 0.999678
55921: 0.999678
55922: 0.999678
55923: 0.999678
55924: 0.999678
55925: 0.999678
55926: 0.999678
55927: 0.999678
55928: 0.999678
55929: 0.999678
55930: 0.999678
55931: 0.999678
55932: 0.999678
55933: 0.999678
55934: 0.999678
55935: 0.999678
55936: 0.999678
55937: 0.999678
55938: 0.999678
55939: 0.999678
55940: 0.999678
55941: 0.999678
55942: 0.999678
55943: 0.999678
55944: 0.999678
55945: 0.999678
55946: 0.999678
55947: 0.999678
55948: 0.999678
55949: 0.999678
55950: 0.999678
55951: 0.999678
55952: 0.999678
55953: 0.999678
55954: 0.999678
55955: 0.999678
55956: 0.999678
55957: 0.999678
55958: 0.999678
55959: 0.999678
55960: 0.999678
55961: 0.999678
55962: 0.999678
55963: 0.999678
55964: 0.999678
55965: 0.999678
55966: 0.999678
55967: 0.999678
55968: 0.999678
55969: 0.999678
55970: 0.999678
55971: 0.999678
55972: 0.999678
55973: 0.999678
55974: 0.999678
55975: 0.999678
55976: 0.999678
55977: 0.999678
55978: 0.999678
55979: 0.999678
55980: 0.999678
55981: 0.999678
55982: 0.999678
55983: 0.999678
55984: 0.999678
55985: 0.999678
55986: 0.999678
55987: 0.999679
55988: 0.999679
55989: 0.999679
55990: 0.999679
55991: 0.999679
55992: 0.999679
55993: 0.999679
55994: 0.999679
55995: 0.999679
55996: 0.999679
55997: 0.999679
55998: 0.999679
55999: 0.999679
56000: 0.999679
56001: 0.999679
56002: 0.999679
56003: 0.999679
56004: 0.999679
56005: 0.999679
56006: 0.999679
56007: 0.999679
56008: 0.999679
56009: 0.999679
56010: 0.999679
56011: 0.999679
56012: 0.999679
56013: 0.999679
56014: 0.999679
56015: 0.999679
56016: 0.999679
56017: 0.999679
56018: 0.999679
56019: 0.999679
56020: 0.999679
56021: 0.999679
56022: 0.999679
56023: 0.999679
56024: 0.999679
56025: 0.999679
56026: 0.999679
56027: 0.999679
56028: 0.999679
56029: 0.999679
56030: 0.999679
56031: 0.999679
56032: 0.999679
56033: 0.999679
56034: 0.999679
56035: 0.999679
56036: 0.999679
56037: 0.999679
56038: 0.999679
56039: 0.999679
56040: 0.999679
56041: 0.999679
56042: 0.999679
56043: 0.999679
56044: 0.999679
56045: 0.999679
56046: 0.999679
56047: 0.999679
56048: 0.999679
56049: 0.999679
56050: 0.999679
56051: 0.999679
56052: 0.999679
56053: 0.999679
56054: 0.999679
56055: 0.999679
56056: 0.999679
56057: 0.999679
56058: 0.999679
56059: 0.999679
56060: 0.999679
56061: 0.999679
56062: 0.999679
56063: 0.999679
56064: 0.999679
56065: 0.999679
56066: 0.999679
56067: 0.999679
56068: 0.999679
56069: 0.999679
56070: 0.999679
56071: 0.999679
56072: 0.999679
56073: 0.999679
56074: 0.999679
56075: 0.999679
56076: 0.999679
56077: 0.999679
56078: 0.999679
56079: 0.999679
56080: 0.999679
56081: 0.999679
56082: 0.999679
56083: 0.999679
56084: 0.999679
56085: 0.999679
56086: 0.999679
56087: 0.999679
56088: 0.999679
56089: 0.999679
56090: 0.999679
56091: 0.999679
56092: 0.999679
56093: 0.999679
56094: 0.999679
56095: 0.999679
56096: 0.999679
56097: 0.999679
56098: 0.999679
56099: 0.999679
56100: 0.999679
56101: 0.999679
56102: 0.999679
56103: 0.999679
56104: 0.999679
56105: 0.999679
56106: 0.999679
56107: 0.999679
56108: 0.999679
56109: 0.999679
56110: 0.999679
56111: 0.999679
56112: 0.999679
56113: 0.999679
56114: 0.999679
56115: 0.999679
56116: 0.999679
56117: 0.999679
56118: 0.999679
56119: 0.999679
56120: 0.999679
56121: 0.999679
56122: 0.999679
56123: 0.999679
56124: 0.999679
56125: 0.999679
56126: 0.999679
56127: 0.999679
56128: 0.999679
56129: 0.999679
56130: 0.999679
56131: 0.999679
56132: 0.999679
56133: 0.999679
56134: 0.999679
56135: 0.999679
56136: 0.999679
56137: 0.999679
56138: 0.999679
56139: 0.999679
56140: 0.999679
56141: 0.999679
56142: 0.999679
56143: 0.999679
56144: 0.999679
56145: 0.999679
56146: 0.999679
56147: 0.999679
56148: 0.999679
56149: 0.999679
56150: 0.999679
56151: 0.999679
56152: 0.999679
56153: 0.999679
56154: 0.999679
56155: 0.999679
56156: 0.999679
56157: 0.999679
56158: 0.999679
56159: 0.999679
56160: 0.999679
56161: 0.999679
56162: 0.99968
56163: 0.99968
56164: 0.99968
56165: 0.99968
56166: 0.99968
56167: 0.99968
56168: 0.99968
56169: 0.99968
56170: 0.99968
56171: 0.99968
56172: 0.99968
56173: 0.99968
56174: 0.99968
56175: 0.99968
56176: 0.99968
56177: 0.99968
56178: 0.99968
56179: 0.99968
56180: 0.99968
56181: 0.99968
56182: 0.99968
56183: 0.99968
56184: 0.99968
56185: 0.99968
56186: 0.99968
56187: 0.99968
56188: 0.99968
56189: 0.99968
56190: 0.99968
56191: 0.99968
56192: 0.99968
56193: 0.99968
56194: 0.99968
56195: 0.99968
56196: 0.99968
56197: 0.99968
56198: 0.99968
56199: 0.99968
56200: 0.99968
56201: 0.99968
56202: 0.99968
56203: 0.99968
56204: 0.99968
56205: 0.99968
56206: 0.99968
56207: 0.99968
56208: 0.99968
56209: 0.99968
56210: 0.99968
56211: 0.99968
56212: 0.99968
56213: 0.99968
56214: 0.99968
56215: 0.99968
56216: 0.99968
56217: 0.99968
56218: 0.99968
56219: 0.99968
56220: 0.99968
56221: 0.99968
56222: 0.99968
56223: 0.99968
56224: 0.99968
56225: 0.99968
56226: 0.99968
56227: 0.99968
56228: 0.99968
56229: 0.99968
56230: 0.99968
56231: 0.99968
56232: 0.99968
56233: 0.99968
56234: 0.99968
56235: 0.99968
56236: 0.99968
56237: 0.99968
56238: 0.99968
56239: 0.99968
56240: 0.99968
56241: 0.99968
56242: 0.99968
56243: 0.99968
56244: 0.99968
56245: 0.99968
56246: 0.99968
56247: 0.99968
56248: 0.99968
56249: 0.99968
56250: 0.99968
56251: 0.99968
56252: 0.99968
56253: 0.99968
56254: 0.99968
56255: 0.99968
56256: 0.99968
56257: 0.99968
56258: 0.99968
56259: 0.99968
56260: 0.99968
56261: 0.99968
56262: 0.99968
56263: 0.99968
56264: 0.99968
56265: 0.99968
56266: 0.99968
56267: 0.99968
56268: 0.99968
56269: 0.99968
56270: 0.99968
56271: 0.99968
56272: 0.99968
56273: 0.99968
56274: 0.99968
56275: 0.99968
56276: 0.99968
56277: 0.99968
56278: 0.99968
56279: 0.99968
56280: 0.99968
56281: 0.99968
56282: 0.99968
56283: 0.99968
56284: 0.99968
56285: 0.99968
56286: 0.99968
56287: 0.99968
56288: 0.99968
56289: 0.99968
56290: 0.99968
56291: 0.99968
56292: 0.99968
56293: 0.99968
56294: 0.99968
56295: 0.99968
56296: 0.99968
56297: 0.99968
56298: 0.99968
56299: 0.99968
56300: 0.99968
56301: 0.99968
56302: 0.99968
56303: 0.99968
56304: 0.99968
56305: 0.99968
56306: 0.99968
56307: 0.99968
56308: 0.99968
56309: 0.99968
56310: 0.99968
56311: 0.99968
56312: 0.99968
56313: 0.99968
56314: 0.99968
56315: 0.99968
56316: 0.99968
56317: 0.99968
56318: 0.99968
56319: 0.99968
56320: 0.99968
56321: 0.99968
56322: 0.99968
56323: 0.99968
56324: 0.99968
56325: 0.99968
56326: 0.99968
56327: 0.99968
56328: 0.99968
56329: 0.99968
56330: 0.99968
56331: 0.99968
56332: 0.99968
56333: 0.99968
56334: 0.99968
56335: 0.99968
56336: 0.99968
56337: 0.99968
56338: 0.999681
56339: 0.999681
56340: 0.999681
56341: 0.999681
56342: 0.999681
56343: 0.999681
56344: 0.999681
56345: 0.999681
56346: 0.999681
56347: 0.999681
56348: 0.999681
56349: 0.999681
56350: 0.999681
56351: 0.999681
56352: 0.999681
56353: 0.999681
56354: 0.999681
56355: 0.999681
56356: 0.999681
56357: 0.999681
56358: 0.999681
56359: 0.999681
56360: 0.999681
56361: 0.999681
56362: 0.999681
56363: 0.999681
56364: 0.999681
56365: 0.999681
56366: 0.999681
56367: 0.999681
56368: 0.999681
56369: 0.999681
56370: 0.999681
56371: 0.999681
56372: 0.999681
56373: 0.999681
56374: 0.999681
56375: 0.999681
56376: 0.999681
56377: 0.999681
56378: 0.999681
56379: 0.999681
56380: 0.999681
56381: 0.999681
56382: 0.999681
56383: 0.999681
56384: 0.999681
56385: 0.999681
56386: 0.999681
56387: 0.999681
56388: 0.999681
56389: 0.999681
56390: 0.999681
56391: 0.999681
56392: 0.999681
56393: 0.999681
56394: 0.999681
56395: 0.999681
56396: 0.999681
56397: 0.999681
56398: 0.999681
56399: 0.999681
56400: 0.999681
56401: 0.999681
56402: 0.999681
56403: 0.999681
56404: 0.999681
56405: 0.999681
56406: 0.999681
56407: 0.999681
56408: 0.999681
56409: 0.999681
56410: 0.999681
56411: 0.999681
56412: 0.999681
56413: 0.999681
56414: 0.999681
56415: 0.999681
56416: 0.999681
56417: 0.999681
56418: 0.999681
56419: 0.999681
56420: 0.999681
56421: 0.999681
56422: 0.999681
56423: 0.999681
56424: 0.999681
56425: 0.999681
56426: 0.999681
56427: 0.999681
56428: 0.999681
56429: 0.999681
56430: 0.999681
56431: 0.999681
56432: 0.999681
56433: 0.999681
56434: 0.999681
56435: 0.999681
56436: 0.999681
56437: 0.999681
56438: 0.999681
56439: 0.999681
56440: 0.999681
56441: 0.999681
56442: 0.999681
56443: 0.999681
56444: 0.999681
56445: 0.999681
56446: 0.999681
56447: 0.999681
56448: 0.999681
56449: 0.999681
56450: 0.999681
56451: 0.999681
56452: 0.999681
56453: 0.999681
56454: 0.999681
56455: 0.999681
56456: 0.999681
56457: 0.999681
56458: 0.999681
56459: 0.999681
56460: 0.999681
56461: 0.999681
56462: 0.999681
56463: 0.999681
56464: 0.999681
56465: 0.999681
56466: 0.999681
56467: 0.999681
56468: 0.999681
56469: 0.999681
56470: 0.999681
56471: 0.999681
56472: 0.999681
56473: 0.999681
56474: 0.999681
56475: 0.999681
56476: 0.999681
56477: 0.999681
56478: 0.999681
56479: 0.999681
56480: 0.999681
56481: 0.999681
56482: 0.999681
56483: 0.999681
56484: 0.999681
56485: 0.999681
56486: 0.999681
56487: 0.999681
56488: 0.999681
56489: 0.999681
56490: 0.999681
56491: 0.999681
56492: 0.999681
56493: 0.999681
56494: 0.999681
56495: 0.999681
56496: 0.999681
56497: 0.999681
56498: 0.999681
56499: 0.999681
56500: 0.999681
56501: 0.999681
56502: 0.999681
56503: 0.999681
56504: 0.999681
56505: 0.999681
56506: 0.999681
56507: 0.999681
56508: 0.999681
56509: 0.999681
56510: 0.999681
56511: 0.999681
56512: 0.999681
56513: 0.999681
56514: 0.999682
56515: 0.999682
56516: 0.999682
56517: 0.999682
56518: 0.999682
56519: 0.999682
56520: 0.999682
56521: 0.999682
56522: 0.999682
56523: 0.999682
56524: 0.999682
56525: 0.999682
56526: 0.999682
56527: 0.999682
56528: 0.999682
56529: 0.999682
56530: 0.999682
56531: 0.999682
56532: 0.999682
56533: 0.999682
56534: 0.999682
56535: 0.999682
56536: 0.999682
56537: 0.999682
56538: 0.999682
56539: 0.999682
56540: 0.999682
56541: 0.999682
56542: 0.999682
56543: 0.999682
56544: 0.999682
56545: 0.999682
56546: 0.999682
56547: 0.999682
56548: 0.999682
56549: 0.999682
56550: 0.999682
56551: 0.999682
56552: 0.999682
56553: 0.999682
56554: 0.999682
56555: 0.999682
56556: 0.999682
56557: 0.999682
56558: 0.999682
56559: 0.999682
56560: 0.999682
56561: 0.999682
56562: 0.999682
56563: 0.999682
56564: 0.999682
56565: 0.999682
56566: 0.999682
56567: 0.999682
56568: 0.999682
56569: 0.999682
56570: 0.999682
56571: 0.999682
56572: 0.999682
56573: 0.999682
56574: 0.999682
56575: 0.999682
56576: 0.999682
56577: 0.999682
56578: 0.999682
56579: 0.999682
56580: 0.999682
56581: 0.999682
56582: 0.999682
56583: 0.999682
56584: 0.999682
56585: 0.999682
56586: 0.999682
56587: 0.999682
56588: 0.999682
56589: 0.999682
56590: 0.999682
56591: 0.999682
56592: 0.999682
56593: 0.999682
56594: 0.999682
56595: 0.999682
56596: 0.999682
56597: 0.999682
56598: 0.999682
56599: 0.999682
56600: 0.999682
56601: 0.999682
56602: 0.999682
56603: 0.999682
56604: 0.999682
56605: 0.999682
56606: 0.999682
56607: 0.999682
56608: 0.999682
56609: 0.999682
56610: 0.999682
56611: 0.999682
56612: 0.999682
56613: 0.999682
56614: 0.999682
56615: 0.999682
56616: 0.999682
56617: 0.999682
56618: 0.999682
56619: 0.999682
56620: 0.999682
56621: 0.999682
56622: 0.999682
56623: 0.999682
56624: 0.999682
56625: 0.999682
56626: 0.999682
56627: 0.999682
56628: 0.999682
56629: 0.999682
56630: 0.999682
56631: 0.999682
56632: 0.999682
56633: 0.999682
56634: 0.999682
56635: 0.999682
56636: 0.999682
56637: 0.999682
56638: 0.999682
56639: 0.999682
56640: 0.999682
56641: 0.999682
56642: 0.999682
56643: 0.999682
56644: 0.999682
56645: 0.999682
56646: 0.999682
56647: 0.999682
56648: 0.999682
56649: 0.999682
56650: 0.999682
56651: 0.999682
56652: 0.999682
56653: 0.999682
56654: 0.999682
56655: 0.999682
56656: 0.999682
56657: 0.999682
56658: 0.999682
56659: 0.999682
56660: 0.999682
56661: 0.999682
56662: 0.999682
56663: 0.999682
56664: 0.999682
56665: 0.999682
56666: 0.999682
56667: 0.999682
56668: 0.999682
56669: 0.999682
56670: 0.999682
56671: 0.999682
56672: 0.999682
56673: 0.999682
56674: 0.999682
56675: 0.999682
56676: 0.999682
56677: 0.999682
56678: 0.999682
56679: 0.999682
56680: 0.999682
56681: 0.999682
56682: 0.999682
56683: 0.999682
56684: 0.999682
56685: 0.999682
56686: 0.999682
56687: 0.999682
56688: 0.999682
56689: 0.999682
56690: 0.999682
56691: 0.999682
56692: 0.999683
56693: 0.999683
56694: 0.999683
56695: 0.999683
56696: 0.999683
56697: 0.999683
56698: 0.999683
56699: 0.999683
56700: 0.999683
56701: 0.999683
56702: 0.999683
56703: 0.999683
56704: 0.999683
56705: 0.999683
56706: 0.999683
56707: 0.999683
56708: 0.999683
56709: 0.999683
56710: 0.999683
56711: 0.999683
56712: 0.999683
56713: 0.999683
56714: 0.999683
56715: 0.999683
56716: 0.999683
56717: 0.999683
56718: 0.999683
56719: 0.999683
56720: 0.999683
56721: 0.999683
56722: 0.999683
56723: 0.999683
56724: 0.999683
56725: 0.999683
56726: 0.999683
56727: 0.999683
56728: 0.999683
56729: 0.999683
56730: 0.999683
56731: 0.999683
56732: 0.999683
56733: 0.999683
56734: 0.999683
56735: 0.999683
56736: 0.999683
56737: 0.999683
56738: 0.999683
56739: 0.999683
56740: 0.999683
56741: 0.999683
56742: 0.999683
56743: 0.999683
56744: 0.999683
56745: 0.999683
56746: 0.999683
56747: 0.999683
56748: 0.999683
56749: 0.999683
56750: 0.999683
56751: 0.999683
56752: 0.999683
56753: 0.999683
56754: 0.999683
56755: 0.999683
56756: 0.999683
56757: 0.999683
56758: 0.999683
56759: 0.999683
56760: 0.999683
56761: 0.999683
56762: 0.999683
56763: 0.999683
56764: 0.999683
56765: 0.999683
56766: 0.999683
56767: 0.999683
56768: 0.999683
56769: 0.999683
56770: 0.999683
56771: 0.999683
56772: 0.999683
56773: 0.999683
56774: 0.999683
56775: 0.999683
56776: 0.999683
56777: 0.999683
56778: 0.999683
56779: 0.999683
56780: 0.999683
56781: 0.999683
56782: 0.999683
56783: 0.999683
56784: 0.999683
56785: 0.999683
56786: 0.999683
56787: 0.999683
56788: 0.999683
56789: 0.999683
56790: 0.999683
56791: 0.999683
56792: 0.999683
56793: 0.999683
56794: 0.999683
56795: 0.999683
56796: 0.999683
56797: 0.999683
56798: 0.999683
56799: 0.999683
56800: 0.999683
56801: 0.999683
56802: 0.999683
56803: 0.999683
56804: 0.999683
56805: 0.999683
56806: 0.999683
56807: 0.999683
56808: 0.999683
56809: 0.999683
56810: 0.999683
56811: 0.999683
56812: 0.999683
56813: 0.999683
56814: 0.999683
56815: 0.999683
56816: 0.999683
56817: 0.999683
56818: 0.999683
56819: 0.999683
56820: 0.999683
56821: 0.999683
56822: 0.999683
56823: 0.999683
56824: 0.999683
56825: 0.999683
56826: 0.999683
56827: 0.999683
56828: 0.999683
56829: 0.999683
56830: 0.999683
56831: 0.999683
56832: 0.999683
56833: 0.999683
56834: 0.999683
56835: 0.999683
56836: 0.999683
56837: 0.999683
56838: 0.999683
56839: 0.999683
56840: 0.999683
56841: 0.999683
56842: 0.999683
56843: 0.999683
56844: 0.999683
56845: 0.999683
56846: 0.999683
56847: 0.999683
56848: 0.999683
56849: 0.999683
56850: 0.999683
56851: 0.999683
56852: 0.999683
56853: 0.999683
56854: 0.999683
56855: 0.999683
56856: 0.999683
56857: 0.999683
56858: 0.999683
56859: 0.999683
56860: 0.999683
56861: 0.999683
56862: 0.999683
56863: 0.999683
56864: 0.999683
56865: 0.999683
56866: 0.999683
56867: 0.999683
56868: 0.999683
56869: 0.999683
56870: 0.999683
56871: 0.999683
56872: 0.999684
56873: 0.999684
56874: 0.999684
56875: 0.999684
56876: 0.999684
56877: 0.999684
56878: 0.999684
56879: 0.999684
56880: 0.999684
56881: 0.999684
56882: 0.999684
56883: 0.999684
56884: 0.999684
56885: 0.999684
56886: 0.999684
56887: 0.999684
56888: 0.999684
56889: 0.999684
56890: 0.999684
56891: 0.999684
56892: 0.999684
56893: 0.999684
56894: 0.999684
56895: 0.999684
56896: 0.999684
56897: 0.999684
56898: 0.999684
56899: 0.999684
56900: 0.999684
56901: 0.999684
56902: 0.999684
56903: 0.999684
56904: 0.999684
56905: 0.999684
56906: 0.999684
56907: 0.999684
56908: 0.999684
56909: 0.999684
56910: 0.999684
56911: 0.999684
56912: 0.999684
56913: 0.999684
56914: 0.999684
56915: 0.999684
56916: 0.999684
56917: 0.999684
56918: 0.999684
56919: 0.999684
56920: 0.999684
56921: 0.999684
56922: 0.999684
56923: 0.999684
56924: 0.999684
56925: 0.999684
56926: 0.999684
56927: 0.999684
56928: 0.999684
56929: 0.999684
56930: 0.999684
56931: 0.999684
56932: 0.999684
56933: 0.999684
56934: 0.999684
56935: 0.999684
56936: 0.999684
56937: 0.999684
56938: 0.999684
56939: 0.999684
56940: 0.999684
56941: 0.999684
56942: 0.999684
56943: 0.999684
56944: 0.999684
56945: 0.999684
56946: 0.999684
56947: 0.999684
56948: 0.999684
56949: 0.999684
56950: 0.999684
56951: 0.999684
56952: 0.999684
56953: 0.999684
56954: 0.999684
56955: 0.999684
56956: 0.999684
56957: 0.999684
56958: 0.999684
56959: 0.999684
56960: 0.999684
56961: 0.999684
56962: 0.999684
56963: 0.999684
56964: 0.999684
56965: 0.999684
56966: 0.999684
56967: 0.999684
56968: 0.999684
56969: 0.999684
56970: 0.999684
56971: 0.999684
56972: 0.999684
56973: 0.999684
56974: 0.999684
56975: 0.999684
56976: 0.999684
56977: 0.999684
56978: 0.999684
56979: 0.999684
56980: 0.999684
56981: 0.999684
56982: 0.999684
56983: 0.999684
56984: 0.999684
56985: 0.999684
56986: 0.999684
56987: 0.999684
56988: 0.999684
56989: 0.999684
56990: 0.999684
56991: 0.999684
56992: 0.999684
56993: 0.999684
56994: 0.999684
56995: 0.999684
56996: 0.999684
56997: 0.999684
56998: 0.999684
56999: 0.999684
57000: 0.999684
57001: 0.999684
57002: 0.999684
57003: 0.999684
57004: 0.999684
57005: 0.999684
57006: 0.999684
57007: 0.999684
57008: 0.999684
57009: 0.999684
57010: 0.999684
57011: 0.999684
57012: 0.999684
57013: 0.999684
57014: 0.999684
57015: 0.999684
57016: 0.999684
57017: 0.999684
57018: 0.999684
57019: 0.999684
57020: 0.999684
57021: 0.999684
57022: 0.999684
57023: 0.999684
57024: 0.999684
57025: 0.999684
57026: 0.999684
57027: 0.999684
57028: 0.999684
57029: 0.999684
57030: 0.999684
57031: 0.999684
57032: 0.999684
57033: 0.999684
57034: 0.999684
57035: 0.999684
57036: 0.999684
57037: 0.999684
57038: 0.999684
57039: 0.999684
57040: 0.999684
57041: 0.999684
57042: 0.999684
57043: 0.999684
57044: 0.999684
57045: 0.999684
57046: 0.999684
57047: 0.999684
57048: 0.999684
57049: 0.999684
57050: 0.999684
57051: 0.999684
57052: 0.999685
57053: 0.999685
57054: 0.999685
57055: 0.999685
57056: 0.999685
57057: 0.999685
57058: 0.999685
57059: 0.999685
57060: 0.999685
57061: 0.999685
57062: 0.999685
57063: 0.999685
57064: 0.999685
57065: 0.999685
57066: 0.999685
57067: 0.999685
57068: 0.999685
57069: 0.999685
57070: 0.999685
57071: 0.999685
57072: 0.999685
57073: 0.999685
57074: 0.999685
57075: 0.999685
57076: 0.999685
57077: 0.999685
57078: 0.999685
57079: 0.999685
57080: 0.999685
57081: 0.999685
57082: 0.999685
57083: 0.999685
57084: 0.999685
57085: 0.999685
57086: 0.999685
57087: 0.999685
57088: 0.999685
57089: 0.999685
57090: 0.999685
57091: 0.999685
57092: 0.999685
57093: 0.999685
57094: 0.999685
57095: 0.999685
57096: 0.999685
57097: 0.999685
57098: 0.999685
57099: 0.999685
57100: 0.999685
57101: 0.999685
57102: 0.999685
57103: 0.999685
57104: 0.999685
57105: 0.999685
57106: 0.999685
57107: 0.999685
57108: 0.999685
57109: 0.999685
57110: 0.999685
57111: 0.999685
57112: 0.999685
57113: 0.999685
57114: 0.999685
57115: 0.999685
57116: 0.999685
57117: 0.999685
57118: 0.999685
57119: 0.999685
57120: 0.999685
57121: 0.999685
57122: 0.999685
57123: 0.999685
57124: 0.999685
57125: 0.999685
57126: 0.999685
57127: 0.999685
57128: 0.999685
57129: 0.999685
57130: 0.999685
57131: 0.999685
57132: 0.999685
57133: 0.999685
57134: 0.999685
57135: 0.999685
57136: 0.999685
57137: 0.999685
57138: 0.999685
57139: 0.999685
57140: 0.999685
57141: 0.999685
57142: 0.999685
57143: 0.999685
57144: 0.999685
57145: 0.999685
57146: 0.999685
57147: 0.999685
57148: 0.999685
57149: 0.999685
57150: 0.999685
57151: 0.999685
57152: 0.999685
57153: 0.999685
57154: 0.999685
57155: 0.999685
57156: 0.999685
57157: 0.999685
57158: 0.999685
57159: 0.999685
57160: 0.999685
57161: 0.999685
57162: 0.999685
57163: 0.999685
57164: 0.999685
57165: 0.999685
57166: 0.999685
57167: 0.999685
57168: 0.999685
57169: 0.999685
57170: 0.999685
57171: 0.999685
57172: 0.999685
57173: 0.999685
57174: 0.999685
57175: 0.999685
57176: 0.999685
57177: 0.999685
57178: 0.999685
57179: 0.999685
57180: 0.999685
57181: 0.999685
57182: 0.999685
57183: 0.999685
57184: 0.999685
57185: 0.999685
57186: 0.999685
57187: 0.999685
57188: 0.999685
57189: 0.999685
57190: 0.999685
57191: 0.999685
57192: 0.999685
57193: 0.999685
57194: 0.999685
57195: 0.999685
57196: 0.999685
57197: 0.999685
57198: 0.999685
57199: 0.999685
57200: 0.999685
57201: 0.999685
57202: 0.999685
57203: 0.999685
57204: 0.999685
57205: 0.999685
57206: 0.999685
57207: 0.999685
57208: 0.999685
57209: 0.999685
57210: 0.999685
57211: 0.999685
57212: 0.999685
57213: 0.999685
57214: 0.999685
57215: 0.999685
57216: 0.999685
57217: 0.999685
57218: 0.999685
57219: 0.999685
57220: 0.999685
57221: 0.999685
57222: 0.999685
57223: 0.999685
57224: 0.999685
57225: 0.999685
57226: 0.999685
57227: 0.999685
57228: 0.999685
57229: 0.999685
57230: 0.999685
57231: 0.999685
57232: 0.999685
57233: 0.999686
57234: 0.999686
57235: 0.999686
57236: 0.999686
57237: 0.999686
57238: 0.999686
57239: 0.999686
57240: 0.999686
57241: 0.999686
57242: 0.999686
57243: 0.999686
57244: 0.999686
57245: 0.999686
57246: 0.999686
57247: 0.999686
57248: 0.999686
57249: 0.999686
57250: 0.999686
57251: 0.999686
57252: 0.999686
57253: 0.999686
57254: 0.999686
57255: 0.999686
57256: 0.999686
57257: 0.999686
57258: 0.999686
57259: 0.999686
57260: 0.999686
57261: 0.999686
57262: 0.999686
57263: 0.999686
57264: 0.999686
57265: 0.999686
57266: 0.999686
57267: 0.999686
57268: 0.999686
57269: 0.999686
57270: 0.999686
57271: 0.999686
57272: 0.999686
57273: 0.999686
57274: 0.999686
57275: 0.999686
57276: 0.999686
57277: 0.999686
57278: 0.999686
57279: 0.999686
57280: 0.999686
57281: 0.999686
57282: 0.999686
57283: 0.999686
57284: 0.999686
57285: 0.999686
57286: 0.999686
57287: 0.999686
57288: 0.999686
57289: 0.999686
57290: 0.999686
57291: 0.999686
57292: 0.999686
57293: 0.999686
57294: 0.999686
57295: 0.999686
57296: 0.999686
57297: 0.999686
57298: 0.999686
57299: 0.999686
57300: 0.999686
57301: 0.999686
57302: 0.999686
57303: 0.999686
57304: 0.999686
57305: 0.999686
57306: 0.999686
57307: 0.999686
57308: 0.999686
57309: 0.999686
57310: 0.999686
57311: 0.999686
57312: 0.999686
57313: 0.999686
57314: 0.999686
57315: 0.999686
57316: 0.999686
57317: 0.999686
57318: 0.999686
57319: 0.999686
57320: 0.999686
57321: 0.999686
57322: 0.999686
57323: 0.999686
57324: 0.999686
57325: 0.999686
57326: 0.999686
57327: 0.999686
57328: 0.999686
57329: 0.999686
57330: 0.999686
57331: 0.999686
57332: 0.999686
57333: 0.999686
57334: 0.999686
57335: 0.999686
57336: 0.999686
57337: 0.999686
57338: 0.999686
57339: 0.999686
57340: 0.999686
57341: 0.999686
57342: 0.999686
57343: 0.999686
57344: 0.999686
57345: 0.999686
57346: 0.999686
57347: 0.999686
57348: 0.999686
57349: 0.999686
57350: 0.999686
57351: 0.999686
57352: 0.999686
57353: 0.999686
57354: 0.999686
57355: 0.999686
57356: 0.999686
57357: 0.999686
57358: 0.999686
57359: 0.999686
57360: 0.999686
57361: 0.999686
57362: 0.999686
57363: 0.999686
57364: 0.999686
57365: 0.999686
57366: 0.999686
57367: 0.999686
57368: 0.999686
57369: 0.999686
57370: 0.999686
57371: 0.999686
57372: 0.999686
57373: 0.999686
57374: 0.999686
57375: 0.999686
57376: 0.999686
57377: 0.999686
57378: 0.999686
57379: 0.999686
57380: 0.999686
57381: 0.999686
57382: 0.999686
57383: 0.999686
57384: 0.999686
57385: 0.999686
57386: 0.999686
57387: 0.999686
57388: 0.999686
57389: 0.999686
57390: 0.999686
57391: 0.999686
57392: 0.999686
57393: 0.999686
57394: 0.999686
57395: 0.999686
57396: 0.999686
57397: 0.999686
57398: 0.999686
57399: 0.999686
57400: 0.999686
57401: 0.999686
57402: 0.999686
57403: 0.999686
57404: 0.999686
57405: 0.999686
57406: 0.999686
57407: 0.999686
57408: 0.999686
57409: 0.999686
57410: 0.999686
57411: 0.999686
57412: 0.999686
57413: 0.999686
57414: 0.999686
57415: 0.999686
57416: 0.999687
57417: 0.999687
57418: 0.999687
57419: 0.999687
57420: 0.999687
57421: 0.999687
57422: 0.999687
57423: 0.999687
57424: 0.999687
57425: 0.999687
57426: 0.999687
57427: 0.999687
57428: 0.999687
57429: 0.999687
57430: 0.999687
57431: 0.999687
57432: 0.999687
57433: 0.999687
57434: 0.999687
57435: 0.999687
57436: 0.999687
57437: 0.999687
57438: 0.999687
57439: 0.999687
57440: 0.999687
57441: 0.999687
57442: 0.999687
57443: 0.999687
57444: 0.999687
57445: 0.999687
57446: 0.999687
57447: 0.999687
57448: 0.999687
57449: 0.999687
57450: 0.999687
57451: 0.999687
57452: 0.999687
57453: 0.999687
57454: 0.999687
57455: 0.999687
57456: 0.999687
57457: 0.999687
57458: 0.999687
57459: 0.999687
57460: 0.999687
57461: 0.999687
57462: 0.999687
57463: 0.999687
57464: 0.999687
57465: 0.999687
57466: 0.999687
57467: 0.999687
57468: 0.999687
57469: 0.999687
57470: 0.999687
57471: 0.999687
57472: 0.999687
57473: 0.999687
57474: 0.999687
57475: 0.999687
57476: 0.999687
57477: 0.999687
57478: 0.999687
57479: 0.999687
57480: 0.999687
57481: 0.999687
57482: 0.999687
57483: 0.999687
57484: 0.999687
57485: 0.999687
57486: 0.999687
57487: 0.999687
57488: 0.999687
57489: 0.999687
57490: 0.999687
57491: 0.999687
57492: 0.999687
57493: 0.999687
57494: 0.999687
57495: 0.999687
57496: 0.999687
57497: 0.999687
57498: 0.999687
57499: 0.999687
57500: 0.999687
57501: 0.999687
57502: 0.999687
57503: 0.999687
57504: 0.999687
57505: 0.999687
57506: 0.999687
57507: 0.999687
57508: 0.999687
57509: 0.999687
57510: 0.999687
57511: 0.999687
57512: 0.999687
57513: 0.999687
57514: 0.999687
57515: 0.999687
57516: 0.999687
57517: 0.999687
57518: 0.999687
57519: 0.999687
57520: 0.999687
57521: 0.999687
57522: 0.999687
57523: 0.999687
57524: 0.999687
57525: 0.999687
57526: 0.999687
57527: 0.999687
57528: 0.999687
57529: 0.999687
57530: 0.999687
57531: 0.999687
57532: 0.999687
57533: 0.999687
57534: 0.999687
57535: 0.999687
57536: 0.999687
57537: 0.999687
57538: 0.999687
57539: 0.999687
57540: 0.999687
57541: 0.999687
57542: 0.999687
57543: 0.999687
57544: 0.999687
57545: 0.999687
57546: 0.999687
57547: 0.999687
57548: 0.999687
57549: 0.999687
57550: 0.999687
57551: 0.999687
57552: 0.999687
57553: 0.999687
57554: 0.999687
57555: 0.999687
57556: 0.999687
57557: 0.999687
57558: 0.999687
57559: 0.999687
57560: 0.999687
57561: 0.999687
57562: 0.999687
57563: 0.999687
57564: 0.999687
57565: 0.999687
57566: 0.999687
57567: 0.999687
57568: 0.999687
57569: 0.999687
57570: 0.999687
57571: 0.999687
57572: 0.999687
57573: 0.999687
57574: 0.999687
57575: 0.999687
57576: 0.999687
57577: 0.999687
57578: 0.999687
57579: 0.999687
57580: 0.999687
57581: 0.999687
57582: 0.999687
57583: 0.999687
57584: 0.999687
57585: 0.999687
57586: 0.999687
57587: 0.999687
57588: 0.999687
57589: 0.999687
57590: 0.999687
57591: 0.999687
57592: 0.999687
57593: 0.999687
57594: 0.999687
57595: 0.999687
57596: 0.999687
57597: 0.999687
57598: 0.999687
57599: 0.999687
57600: 0.999688
57601: 0.999688
57602: 0.999688
57603: 0.999688
57604: 0.999688
57605: 0.999688
57606: 0.999688
57607: 0.999688
57608: 0.999688
57609: 0.999688
57610: 0.999688
57611: 0.999688
57612: 0.999688
57613: 0.999688
57614: 0.999688
57615: 0.999688
57616: 0.999688
57617: 0.999688
57618: 0.999688
57619: 0.999688
57620: 0.999688
57621: 0.999688
57622: 0.999688
57623: 0.999688
57624: 0.999688
57625: 0.999688
57626: 0.999688
57627: 0.999688
57628: 0.999688
57629: 0.999688
57630: 0.999688
57631: 0.999688
57632: 0.999688
57633: 0.999688
57634: 0.999688
57635: 0.999688
57636: 0.999688
57637: 0.999688
57638: 0.999688
57639: 0.999688
57640: 0.999688
57641: 0.999688
57642: 0.999688
57643: 0.999688
57644: 0.999688
57645: 0.999688
57646: 0.999688
57647: 0.999688
57648: 0.999688
57649: 0.999688
57650: 0.999688
57651: 0.999688
57652: 0.999688
57653: 0.999688
57654: 0.999688
57655: 0.999688
57656: 0.999688
57657: 0.999688
57658: 0.999688
57659: 0.999688
57660: 0.999688
57661: 0.999688
57662: 0.999688
57663: 0.999688
57664: 0.999688
57665: 0.999688
57666: 0.999688
57667: 0.999688
57668: 0.999688
57669: 0.999688
57670: 0.999688
57671: 0.999688
57672: 0.999688
57673: 0.999688
57674: 0.999688
57675: 0.999688
57676: 0.999688
57677: 0.999688
57678: 0.999688
57679: 0.999688
57680: 0.999688
57681: 0.999688
57682: 0.999688
57683: 0.999688
57684: 0.999688
57685: 0.999688
57686: 0.999688
57687: 0.999688
57688: 0.999688
57689: 0.999688
57690: 0.999688
57691: 0.999688
57692: 0.999688
57693: 0.999688
57694: 0.999688
57695: 0.999688
57696: 0.999688
57697: 0.999688
57698: 0.999688
57699: 0.999688
57700: 0.999688
57701: 0.999688
57702: 0.999688
57703: 0.999688
57704: 0.999688
57705: 0.999688
57706: 0.999688
57707: 0.999688
57708: 0.999688
57709: 0.999688
57710: 0.999688
57711: 0.999688
57712: 0.999688
57713: 0.999688
57714: 0.999688
57715: 0.999688
57716: 0.999688
57717: 0.999688
57718: 0.999688
57719: 0.999688
57720: 0.999688
57721: 0.999688
57722: 0.999688
57723: 0.999688
57724: 0.999688
57725: 0.999688
57726: 0.999688
57727: 0.999688
57728: 0.999688
57729: 0.999688
57730: 0.999688
57731: 0.999688
57732: 0.999688
57733: 0.999688
57734: 0.999688
57735: 0.999688
57736: 0.999688
57737: 0.999688
57738: 0.999688
57739: 0.999688
57740: 0.999688
57741: 0.999688
57742: 0.999688
57743: 0.999688
57744: 0.999688
57745: 0.999688
57746: 0.999688
57747: 0.999688
57748: 0.999688
57749: 0.999688
57750: 0.999688
57751: 0.999688
57752: 0.999688
57753: 0.999688
57754: 0.999688
57755: 0.999688
57756: 0.999688
57757: 0.999688
57758: 0.999688
57759: 0.999688
57760: 0.999688
57761: 0.999688
57762: 0.999688
57763: 0.999688
57764: 0.999688
57765: 0.999688
57766: 0.999688
57767: 0.999688
57768: 0.999688
57769: 0.999688
57770: 0.999688
57771: 0.999688
57772: 0.999688
57773: 0.999688
57774: 0.999688
57775: 0.999688
57776: 0.999688
57777: 0.999688
57778: 0.999688
57779: 0.999688
57780: 0.999688
57781: 0.999688
57782: 0.999688
57783: 0.999688
57784: 0.999689
57785: 0.999689
57786: 0.999689
57787: 0.999689
57788: 0.999689
57789: 0.999689
57790: 0.999689
57791: 0.999689
57792: 0.999689
57793: 0.999689
57794: 0.999689
57795: 0.999689
57796: 0.999689
57797: 0.999689
57798: 0.999689
57799: 0.999689
57800: 0.999689
57801: 0.999689
57802: 0.999689
57803: 0.999689
57804: 0.999689
57805: 0.999689
57806: 0.999689
57807: 0.999689
57808: 0.999689
57809: 0.999689
57810: 0.999689
57811: 0.999689
57812: 0.999689
57813: 0.999689
57814: 0.999689
57815: 0.999689
57816: 0.999689
57817: 0.999689
57818: 0.999689
57819: 0.999689
57820: 0.999689
57821: 0.999689
57822: 0.999689
57823: 0.999689
57824: 0.999689
57825: 0.999689
57826: 0.999689
57827: 0.999689
57828: 0.999689
57829: 0.999689
57830: 0.999689
57831: 0.999689
57832: 0.999689
57833: 0.999689
57834: 0.999689
57835: 0.999689
57836: 0.999689
57837: 0.999689
57838: 0.999689
57839: 0.999689
57840: 0.999689
57841: 0.999689
57842: 0.999689
57843: 0.999689
57844: 0.999689
57845: 0.999689
57846: 0.999689
57847: 0.999689
57848: 0.999689
57849: 0.999689
57850: 0.999689
57851: 0.999689
57852: 0.999689
57853: 0.999689
57854: 0.999689
57855: 0.999689
57856: 0.999689
57857: 0.999689
57858: 0.999689
57859: 0.999689
57860: 0.999689
57861: 0.999689
57862: 0.999689
57863: 0.999689
57864: 0.999689
57865: 0.999689
57866: 0.999689
57867: 0.999689
57868: 0.999689
57869: 0.999689
57870: 0.999689
57871: 0.999689
57872: 0.999689
57873: 0.999689
57874: 0.999689
57875: 0.999689
57876: 0.999689
57877: 0.999689
57878: 0.999689
57879: 0.999689
57880: 0.999689
57881: 0.999689
57882: 0.999689
57883: 0.999689
57884: 0.999689
57885: 0.999689
57886: 0.999689
57887: 0.999689
57888: 0.999689
57889: 0.999689
57890: 0.999689
57891: 0.999689
57892: 0.999689
57893: 0.999689
57894: 0.999689
57895: 0.999689
57896: 0.999689
57897: 0.999689
57898: 0.999689
57899: 0.999689
57900: 0.999689
57901: 0.999689
57902: 0.999689
57903: 0.999689
57904: 0.999689
57905: 0.999689
57906: 0.999689
57907: 0.999689
57908: 0.999689
57909: 0.999689
57910: 0.999689
57911: 0.999689
57912: 0.999689
57913: 0.999689
57914: 0.999689
57915: 0.999689
57916: 0.999689
57917: 0.999689
57918: 0.999689
57919: 0.999689
57920: 0.999689
57921: 0.999689
57922: 0.999689
57923: 0.999689
57924: 0.999689
57925: 0.999689
57926: 0.999689
57927: 0.999689
57928: 0.999689
57929: 0.999689
57930: 0.999689
57931: 0.999689
57932: 0.999689
57933: 0.999689
57934: 0.999689
57935: 0.999689
57936: 0.999689
57937: 0.999689
57938: 0.999689
57939: 0.999689
57940: 0.999689
57941: 0.999689
57942: 0.999689
57943: 0.999689
57944: 0.999689
57945: 0.999689
57946: 0.999689
57947: 0.999689
57948: 0.999689
57949: 0.999689
57950: 0.999689
57951: 0.999689
57952: 0.999689
57953: 0.999689
57954: 0.999689
57955: 0.999689
57956: 0.999689
57957: 0.999689
57958: 0.999689
57959: 0.999689
57960: 0.999689
57961: 0.999689
57962: 0.999689
57963: 0.999689
57964: 0.999689
57965: 0.999689
57966: 0.999689
57967: 0.999689
57968: 0.999689
57969: 0.999689
57970: 0.999689
57971: 0.99969
57972: 0.99969
57973: 0.99969
57974: 0.99969
57975: 0.99969
57976: 0.99969
57977: 0.99969
57978: 0.99969
57979: 0.99969
57980: 0.99969
57981: 0.99969
57982: 0.99969
57983: 0.99969
57984: 0.99969
57985: 0.99969
57986: 0.99969
57987: 0.99969
57988: 0.99969
57989: 0.99969
57990: 0.99969
57991: 0.99969
57992: 0.99969
57993: 0.99969
57994: 0.99969
57995: 0.99969
57996: 0.99969
57997: 0.99969
57998: 0.99969
57999: 0.99969
58000: 0.99969
58001: 0.99969
58002: 0.99969
58003: 0.99969
58004: 0.99969
58005: 0.99969
58006: 0.99969
58007: 0.99969
58008: 0.99969
58009: 0.99969
58010: 0.99969
58011: 0.99969
58012: 0.99969
58013: 0.99969
58014: 0.99969
58015: 0.99969
58016: 0.99969
58017: 0.99969
58018: 0.99969
58019: 0.99969
58020: 0.99969
58021: 0.99969
58022: 0.99969
58023: 0.99969
58024: 0.99969
58025: 0.99969
58026: 0.99969
58027: 0.99969
58028: 0.99969
58029: 0.99969
58030: 0.99969
58031: 0.99969
58032: 0.99969
58033: 0.99969
58034: 0.99969
58035: 0.99969
58036: 0.99969
58037: 0.99969
58038: 0.99969
58039: 0.99969
58040: 0.99969
58041: 0.99969
58042: 0.99969
58043: 0.99969
58044: 0.99969
58045: 0.99969
58046: 0.99969
58047: 0.99969
58048: 0.99969
58049: 0.99969
58050: 0.99969
58051: 0.99969
58052: 0.99969
58053: 0.99969
58054: 0.99969
58055: 0.99969
58056: 0.99969
58057: 0.99969
58058: 0.99969
58059: 0.99969
58060: 0.99969
58061: 0.99969
58062: 0.99969
58063: 0.99969
58064: 0.99969
58065: 0.99969
58066: 0.99969
58067: 0.99969
58068: 0.99969
58069: 0.99969
58070: 0.99969
58071: 0.99969
58072: 0.99969
58073: 0.99969
58074: 0.99969
58075: 0.99969
58076: 0.99969
58077: 0.99969
58078: 0.99969
58079: 0.99969
58080: 0.99969
58081: 0.99969
58082: 0.99969
58083: 0.99969
58084: 0.99969
58085: 0.99969
58086: 0.99969
58087: 0.99969
58088: 0.99969
58089: 0.99969
58090: 0.99969
58091: 0.99969
58092: 0.99969
58093: 0.99969
58094: 0.99969
58095: 0.99969
58096: 0.99969
58097: 0.99969
58098: 0.99969
58099: 0.99969
58100: 0.99969
58101: 0.99969
58102: 0.99969
58103: 0.99969
58104: 0.99969
58105: 0.99969
58106: 0.99969
58107: 0.99969
58108: 0.99969
58109: 0.99969
58110: 0.99969
58111: 0.99969
58112: 0.99969
58113: 0.99969
58114: 0.99969
58115: 0.99969
58116: 0.99969
58117: 0.99969
58118: 0.99969
58119: 0.99969
58120: 0.99969
58121: 0.99969
58122: 0.99969
58123: 0.99969
58124: 0.99969
58125: 0.99969
58126: 0.99969
58127: 0.99969
58128: 0.99969
58129: 0.99969
58130: 0.99969
58131: 0.99969
58132: 0.99969
58133: 0.99969
58134: 0.99969
58135: 0.99969
58136: 0.99969
58137: 0.99969
58138: 0.99969
58139: 0.99969
58140: 0.99969
58141: 0.99969
58142: 0.99969
58143: 0.99969
58144: 0.99969
58145: 0.99969
58146: 0.99969
58147: 0.99969
58148: 0.99969
58149: 0.99969
58150: 0.99969
58151: 0.99969
58152: 0.99969
58153: 0.99969
58154: 0.99969
58155: 0.99969
58156: 0.99969
58157: 0.99969
58158: 0.999691
58159: 0.999691
58160: 0.999691
58161: 0.999691
58162: 0.999691
58163: 0.999691
58164: 0.999691
58165: 0.999691
58166: 0.999691
58167: 0.999691
58168: 0.999691
58169: 0.999691
58170: 0.999691
58171: 0.999691
58172: 0.999691
58173: 0.999691
58174: 0.999691
58175: 0.999691
58176: 0.999691
58177: 0.999691
58178: 0.999691
58179: 0.999691
58180: 0.999691
58181: 0.999691
58182: 0.999691
58183: 0.999691
58184: 0.999691
58185: 0.999691
58186: 0.999691
58187: 0.999691
58188: 0.999691
58189: 0.999691
58190: 0.999691
58191: 0.999691
58192: 0.999691
58193: 0.999691
58194: 0.999691
58195: 0.999691
58196: 0.999691
58197: 0.999691
58198: 0.999691
58199: 0.999691
58200: 0.999691
58201: 0.999691
58202: 0.999691
58203: 0.999691
58204: 0.999691
58205: 0.999691
58206: 0.999691
58207: 0.999691
58208: 0.999691
58209: 0.999691
58210: 0.999691
58211: 0.999691
58212: 0.999691
58213: 0.999691
58214: 0.999691
58215: 0.999691
58216: 0.999691
58217: 0.999691
58218: 0.999691
58219: 0.999691
58220: 0.999691
58221: 0.999691
58222: 0.999691
58223: 0.999691
58224: 0.999691
58225: 0.999691
58226: 0.999691
58227: 0.999691
58228: 0.999691
58229: 0.999691
58230: 0.999691
58231: 0.999691
58232: 0.999691
58233: 0.999691
58234: 0.999691
58235: 0.999691
58236: 0.999691
58237: 0.999691
58238: 0.999691
58239: 0.999691
58240: 0.999691
58241: 0.999691
58242: 0.999691
58243: 0.999691
58244: 0.999691
58245: 0.999691
58246: 0.999691
58247: 0.999691
58248: 0.999691
58249: 0.999691
58250: 0.999691
58251: 0.999691
58252: 0.999691
58253: 0.999691
58254: 0.999691
58255: 0.999691
58256: 0.999691
58257: 0.999691
58258: 0.999691
58259: 0.999691
58260: 0.999691
58261: 0.999691
58262: 0.999691
58263: 0.999691
58264: 0.999691
58265: 0.999691
58266: 0.999691
58267: 0.999691
58268: 0.999691
58269: 0.999691
58270: 0.999691
58271: 0.999691
58272: 0.999691
58273: 0.999691
58274: 0.999691
58275: 0.999691
58276: 0.999691
58277: 0.999691
58278: 0.999691
58279: 0.999691
58280: 0.999691
58281: 0.999691
58282: 0.999691
58283: 0.999691
58284: 0.999691
58285: 0.999691
58286: 0.999691
58287: 0.999691
58288: 0.999691
58289: 0.999691
58290: 0.999691
58291: 0.999691
58292: 0.999691
58293: 0.999691
58294: 0.999691
58295: 0.999691
58296: 0.999691
58297: 0.999691
58298: 0.999691
58299: 0.999691
58300: 0.999691
58301: 0.999691
58302: 0.999691
58303: 0.999691
58304: 0.999691
58305: 0.999691
58306: 0.999691
58307: 0.999691
58308: 0.999691
58309: 0.999691
58310: 0.999691
58311: 0.999691
58312: 0.999691
58313: 0.999691
58314: 0.999691
58315: 0.999691
58316: 0.999691
58317: 0.999691
58318: 0.999691
58319: 0.999691
58320: 0.999691
58321: 0.999691
58322: 0.999691
58323: 0.999691
58324: 0.999691
58325: 0.999691
58326: 0.999691
58327: 0.999691
58328: 0.999691
58329: 0.999691
58330: 0.999691
58331: 0.999691
58332: 0.999691
58333: 0.999691
58334: 0.999691
58335: 0.999691
58336: 0.999691
58337: 0.999691
58338: 0.999691
58339: 0.999691
58340: 0.999691
58341: 0.999691
58342: 0.999691
58343: 0.999691
58344: 0.999691
58345: 0.999691
58346: 0.999692
58347: 0.999692
58348: 0.999692
58349: 0.999692
58350: 0.999692
58351: 0.999692
58352: 0.999692
58353: 0.999692
58354: 0.999692
58355: 0.999692
58356: 0.999692
58357: 0.999692
58358: 0.999692
58359: 0.999692
58360: 0.999692
58361: 0.999692
58362: 0.999692
58363: 0.999692
58364: 0.999692
58365: 0.999692
58366: 0.999692
58367: 0.999692
58368: 0.999692
58369: 0.999692
58370: 0.999692
58371: 0.999692
58372: 0.999692
58373: 0.999692
58374: 0.999692
58375: 0.999692
58376: 0.999692
58377: 0.999692
58378: 0.999692
58379: 0.999692
58380: 0.999692
58381: 0.999692
58382: 0.999692
58383: 0.999692
58384: 0.999692
58385: 0.999692
58386: 0.999692
58387: 0.999692
58388: 0.999692
58389: 0.999692
58390: 0.999692
58391: 0.999692
58392: 0.999692
58393: 0.999692
58394: 0.999692
58395: 0.999692
58396: 0.999692
58397: 0.999692
58398: 0.999692
58399: 0.999692
58400: 0.999692
58401: 0.999692
58402: 0.999692
58403: 0.999692
58404: 0.999692
58405: 0.999692
58406: 0.999692
58407: 0.999692
58408: 0.999692
58409: 0.999692
58410: 0.999692
58411: 0.999692
58412: 0.999692
58413: 0.999692
58414: 0.999692
58415: 0.999692
58416: 0.999692
58417: 0.999692
58418: 0.999692
58419: 0.999692
58420: 0.999692
58421: 0.999692
58422: 0.999692
58423: 0.999692
58424: 0.999692
58425: 0.999692
58426: 0.999692
58427: 0.999692
58428: 0.999692
58429: 0.999692
58430: 0.999692
58431: 0.999692
58432: 0.999692
58433: 0.999692
58434: 0.999692
58435: 0.999692
58436: 0.999692
58437: 0.999692
58438: 0.999692
58439: 0.999692
58440: 0.999692
58441: 0.999692
58442: 0.999692
58443: 0.999692
58444: 0.999692
58445: 0.999692
58446: 0.999692
58447: 0.999692
58448: 0.999692
58449: 0.999692
58450: 0.999692
58451: 0.999692
58452: 0.999692
58453: 0.999692
58454: 0.999692
58455: 0.999692
58456: 0.999692
58457: 0.999692
58458: 0.999692
58459: 0.999692
58460: 0.999692
58461: 0.999692
58462: 0.999692
58463: 0.999692
58464: 0.999692
58465: 0.999692
58466: 0.999692
58467: 0.999692
58468: 0.999692
58469: 0.999692
58470: 0.999692
58471: 0.999692
58472: 0.999692
58473: 0.999692
58474: 0.999692
58475: 0.999692
58476: 0.999692
58477: 0.999692
58478: 0.999692
58479: 0.999692
58480: 0.999692
58481: 0.999692
58482: 0.999692
58483: 0.999692
58484: 0.999692
58485: 0.999692
58486: 0.999692
58487: 0.999692
58488: 0.999692
58489: 0.999692
58490: 0.999692
58491: 0.999692
58492: 0.999692
58493: 0.999692
58494: 0.999692
58495: 0.999692
58496: 0.999692
58497: 0.999692
58498: 0.999692
58499: 0.999692
58500: 0.999692
58501: 0.999692
58502: 0.999692
58503: 0.999692
58504: 0.999692
58505: 0.999692
58506: 0.999692
58507: 0.999692
58508: 0.999692
58509: 0.999692
58510: 0.999692
58511: 0.999692
58512: 0.999692
58513: 0.999692
58514: 0.999692
58515: 0.999692
58516: 0.999692
58517: 0.999692
58518: 0.999692
58519: 0.999692
58520: 0.999692
58521: 0.999692
58522: 0.999692
58523: 0.999692
58524: 0.999692
58525: 0.999692
58526: 0.999692
58527: 0.999692
58528: 0.999692
58529: 0.999692
58530: 0.999692
58531: 0.999692
58532: 0.999692
58533: 0.999692
58534: 0.999692
58535: 0.999692
58536: 0.999693
58537: 0.999693
58538: 0.999693
58539: 0.999693
58540: 0.999693
58541: 0.999693
58542: 0.999693
58543: 0.999693
58544: 0.999693
58545: 0.999693
58546: 0.999693
58547: 0.999693
58548: 0.999693
58549: 0.999693
58550: 0.999693
58551: 0.999693
58552: 0.999693
58553: 0.999693
58554: 0.999693
58555: 0.999693
58556: 0.999693
58557: 0.999693
58558: 0.999693
58559: 0.999693
58560: 0.999693
58561: 0.999693
58562: 0.999693
58563: 0.999693
58564: 0.999693
58565: 0.999693
58566: 0.999693
58567: 0.999693
58568: 0.999693
58569: 0.999693
58570: 0.999693
58571: 0.999693
58572: 0.999693
58573: 0.999693
58574: 0.999693
58575: 0.999693
58576: 0.999693
58577: 0.999693
58578: 0.999693
58579: 0.999693
58580: 0.999693
58581: 0.999693
58582: 0.999693
58583: 0.999693
58584: 0.999693
58585: 0.999693
58586: 0.999693
58587: 0.999693
58588: 0.999693
58589: 0.999693
58590: 0.999693
58591: 0.999693
58592: 0.999693
58593: 0.999693
58594: 0.999693
58595: 0.999693
58596: 0.999693
58597: 0.999693
58598: 0.999693
58599: 0.999693
58600: 0.999693
58601: 0.999693
58602: 0.999693
58603: 0.999693
58604: 0.999693
58605: 0.999693
58606: 0.999693
58607: 0.999693
58608: 0.999693
58609: 0.999693
58610: 0.999693
58611: 0.999693
58612: 0.999693
58613: 0.999693
58614: 0.999693
58615: 0.999693
58616: 0.999693
58617: 0.999693
58618: 0.999693
58619: 0.999693
58620: 0.999693
58621: 0.999693
58622: 0.999693
58623: 0.999693
58624: 0.999693
58625: 0.999693
58626: 0.999693
58627: 0.999693
58628: 0.999693
58629: 0.999693
58630: 0.999693
58631: 0.999693
58632: 0.999693
58633: 0.999693
58634: 0.999693
58635: 0.999693
58636: 0.999693
58637: 0.999693
58638: 0.999693
58639: 0.999693
58640: 0.999693
58641: 0.999693
58642: 0.999693
58643: 0.999693
58644: 0.999693
58645: 0.999693
58646: 0.999693
58647: 0.999693
58648: 0.999693
58649: 0.999693
58650: 0.999693
58651: 0.999693
58652: 0.999693
58653: 0.999693
58654: 0.999693
58655: 0.999693
58656: 0.999693
58657: 0.999693
58658: 0.999693
58659: 0.999693
58660: 0.999693
58661: 0.999693
58662: 0.999693
58663: 0.999693
58664: 0.999693
58665: 0.999693
58666: 0.999693
58667: 0.999693
58668: 0.999693
58669: 0.999693
58670: 0.999693
58671: 0.999693
58672: 0.999693
58673: 0.999693
58674: 0.999693
58675: 0.999693
58676: 0.999693
58677: 0.999693
58678: 0.999693
58679: 0.999693
58680: 0.999693
58681: 0.999693
58682: 0.999693
58683: 0.999693
58684: 0.999693
58685: 0.999693
58686: 0.999693
58687: 0.999693
58688: 0.999693
58689: 0.999693
58690: 0.999693
58691: 0.999693
58692: 0.999693
58693: 0.999693
58694: 0.999693
58695: 0.999693
58696: 0.999693
58697: 0.999693
58698: 0.999693
58699: 0.999693
58700: 0.999693
58701: 0.999693
58702: 0.999693
58703: 0.999693
58704: 0.999693
58705: 0.999693
58706: 0.999693
58707: 0.999693
58708: 0.999693
58709: 0.999693
58710: 0.999693
58711: 0.999693
58712: 0.999693
58713: 0.999693
58714: 0.999693
58715: 0.999693
58716: 0.999693
58717: 0.999693
58718: 0.999693
58719: 0.999693
58720: 0.999693
58721: 0.999693
58722: 0.999693
58723: 0.999693
58724: 0.999693
58725: 0.999693
58726: 0.999693
58727: 0.999694
58728: 0.999694
58729: 0.999694
58730: 0.999694
58731: 0.999694
58732: 0.999694
58733: 0.999694
58734: 0.999694
58735: 0.999694
58736: 0.999694
58737: 0.999694
58738: 0.999694
58739: 0.999694
58740: 0.999694
58741: 0.999694
58742: 0.999694
58743: 0.999694
58744: 0.999694
58745: 0.999694
58746: 0.999694
58747: 0.999694
58748: 0.999694
58749: 0.999694
58750: 0.999694
58751: 0.999694
58752: 0.999694
58753: 0.999694
58754: 0.999694
58755: 0.999694
58756: 0.999694
58757: 0.999694
58758: 0.999694
58759: 0.999694
58760: 0.999694
58761: 0.999694
58762: 0.999694
58763: 0.999694
58764: 0.999694
58765: 0.999694
58766: 0.999694
58767: 0.999694
58768: 0.999694
58769: 0.999694
58770: 0.999694
58771: 0.999694
58772: 0.999694
58773: 0.999694
58774: 0.999694
58775: 0.999694
58776: 0.999694
58777: 0.999694
58778: 0.999694
58779: 0.999694
58780: 0.999694
58781: 0.999694
58782: 0.999694
58783: 0.999694
58784: 0.999694
58785: 0.999694
58786: 0.999694
58787: 0.999694
58788: 0.999694
58789: 0.999694
58790: 0.999694
58791: 0.999694
58792: 0.999694
58793: 0.999694
58794: 0.999694
58795: 0.999694
58796: 0.999694
58797: 0.999694
58798: 0.999694
58799: 0.999694
58800: 0.999694
58801: 0.999694
58802: 0.999694
58803: 0.999694
58804: 0.999694
58805: 0.999694
58806: 0.999694
58807: 0.999694
58808: 0.999694
58809: 0.999694
58810: 0.999694
58811: 0.999694
58812: 0.999694
58813: 0.999694
58814: 0.999694
58815: 0.999694
58816: 0.999694
58817: 0.999694
58818: 0.999694
58819: 0.999694
58820: 0.999694
58821: 0.999694
58822: 0.999694
58823: 0.999694
58824: 0.999694
58825: 0.999694
58826: 0.999694
58827: 0.999694
58828: 0.999694
58829: 0.999694
58830: 0.999694
58831: 0.999694
58832: 0.999694
58833: 0.999694
58834: 0.999694
58835: 0.999694
58836: 0.999694
58837: 0.999694
58838: 0.999694
58839: 0.999694
58840: 0.999694
58841: 0.999694
58842: 0.999694
58843: 0.999694
58844: 0.999694
58845: 0.999694
58846: 0.999694
58847: 0.999694
58848: 0.999694
58849: 0.999694
58850: 0.999694
58851: 0.999694
58852: 0.999694
58853: 0.999694
58854: 0.999694
58855: 0.999694
58856: 0.999694
58857: 0.999694
58858: 0.999694
58859: 0.999694
58860: 0.999694
58861: 0.999694
58862: 0.999694
58863: 0.999694
58864: 0.999694
58865: 0.999694
58866: 0.999694
58867: 0.999694
58868: 0.999694
58869: 0.999694
58870: 0.999694
58871: 0.999694
58872: 0.999694
58873: 0.999694
58874: 0.999694
58875: 0.999694
58876: 0.999694
58877: 0.999694
58878: 0.999694
58879: 0.999694
58880: 0.999694
58881: 0.999694
58882: 0.999694
58883: 0.999694
58884: 0.999694
58885: 0.999694
58886: 0.999694
58887: 0.999694
58888: 0.999694
58889: 0.999694
58890: 0.999694
58891: 0.999694
58892: 0.999694
58893: 0.999694
58894: 0.999694
58895: 0.999694
58896: 0.999694
58897: 0.999694
58898: 0.999694
58899: 0.999694
58900: 0.999694
58901: 0.999694
58902: 0.999694
58903: 0.999694
58904: 0.999694
58905: 0.999694
58906: 0.999694
58907: 0.999694
58908: 0.999694
58909: 0.999694
58910: 0.999694
58911: 0.999694
58912: 0.999694
58913: 0.999694
58914: 0.999694
58915: 0.999694
58916: 0.999694
58917: 0.999694
58918: 0.999694
58919: 0.999695
58920: 0.999695
58921: 0.999695
58922: 0.999695
58923: 0.999695
58924: 0.999695
58925: 0.999695
58926: 0.999695
58927: 0.999695
58928: 0.999695
58929: 0.999695
58930: 0.999695
58931: 0.999695
58932: 0.999695
58933: 0.999695
58934: 0.999695
58935: 0.999695
58936: 0.999695
58937: 0.999695
58938: 0.999695
58939: 0.999695
58940: 0.999695
58941: 0.999695
58942: 0.999695
58943: 0.999695
58944: 0.999695
58945: 0.999695
58946: 0.999695
58947: 0.999695
58948: 0.999695
58949: 0.999695
58950: 0.999695
58951: 0.999695
58952: 0.999695
58953: 0.999695
58954: 0.999695
58955: 0.999695
58956: 0.999695
58957: 0.999695
58958: 0.999695
58959: 0.999695
58960: 0.999695
58961: 0.999695
58962: 0.999695
58963: 0.999695
58964: 0.999695
58965: 0.999695
58966: 0.999695
58967: 0.999695
58968: 0.999695
58969: 0.999695
58970: 0.999695
58971: 0.999695
58972: 0.999695
58973: 0.999695
58974: 0.999695
58975: 0.999695
58976: 0.999695
58977: 0.999695
58978: 0.999695
58979: 0.999695
58980: 0.999695
58981: 0.999695
58982: 0.999695
58983: 0.999695
58984: 0.999695
58985: 0.999695
58986: 0.999695
58987: 0.999695
58988: 0.999695
58989: 0.999695
58990: 0.999695
58991: 0.999695
58992: 0.999695
58993: 0.999695
58994: 0.999695
58995: 0.999695
58996: 0.999695
58997: 0.999695
58998: 0.999695
58999: 0.999695
59000: 0.999695
59001: 0.999695
59002: 0.999695
59003: 0.999695
59004: 0.999695
59005: 0.999695
59006: 0.999695
59007: 0.999695
59008: 0.999695
59009: 0.999695
59010: 0.999695
59011: 0.999695
59012: 0.999695
59013: 0.999695
59014: 0.999695
59015: 0.999695
59016: 0.999695
59017: 0.999695
59018: 0.999695
59019: 0.999695
59020: 0.999695
59021: 0.999695
59022: 0.999695
59023: 0.999695
59024: 0.999695
59025: 0.999695
59026: 0.999695
59027: 0.999695
59028: 0.999695
59029: 0.999695
59030: 0.999695
59031: 0.999695
59032: 0.999695
59033: 0.999695
59034: 0.999695
59035: 0.999695
59036: 0.999695
59037: 0.999695
59038: 0.999695
59039: 0.999695
59040: 0.999695
59041: 0.999695
59042: 0.999695
59043: 0.999695
59044: 0.999695
59045: 0.999695
59046: 0.999695
59047: 0.999695
59048: 0.999695
59049: 0.999695
59050: 0.999695
59051: 0.999695
59052: 0.999695
59053: 0.999695
59054: 0.999695
59055: 0.999695
59056: 0.999695
59057: 0.999695
59058: 0.999695
59059: 0.999695
59060: 0.999695
59061: 0.999695
59062: 0.999695
59063: 0.999695
59064: 0.999695
59065: 0.999695
59066: 0.999695
59067: 0.999695
59068: 0.999695
59069: 0.999695
59070: 0.999695
59071: 0.999695
59072: 0.999695
59073: 0.999695
59074: 0.999695
59075: 0.999695
59076: 0.999695
59077: 0.999695
59078: 0.999695
59079: 0.999695
59080: 0.999695
59081: 0.999695
59082: 0.999695
59083: 0.999695
59084: 0.999695
59085: 0.999695
59086: 0.999695
59087: 0.999695
59088: 0.999695
59089: 0.999695
59090: 0.999695
59091: 0.999695
59092: 0.999695
59093: 0.999695
59094: 0.999695
59095: 0.999695
59096: 0.999695
59097: 0.999695
59098: 0.999695
59099: 0.999695
59100: 0.999695
59101: 0.999695
59102: 0.999695
59103: 0.999695
59104: 0.999695
59105: 0.999695
59106: 0.999695
59107: 0.999695
59108: 0.999695
59109: 0.999695
59110: 0.999695
59111: 0.999695
59112: 0.999695
59113: 0.999696
59114: 0.999696
59115: 0.999696
59116: 0.999696
59117: 0.999696
59118: 0.999696
59119: 0.999696
59120: 0.999696
59121: 0.999696
59122: 0.999696
59123: 0.999696
59124: 0.999696
59125: 0.999696
59126: 0.999696
59127: 0.999696
59128: 0.999696
59129: 0.999696
59130: 0.999696
59131: 0.999696
59132: 0.999696
59133: 0.999696
59134: 0.999696
59135: 0.999696
59136: 0.999696
59137: 0.999696
59138: 0.999696
59139: 0.999696
59140: 0.999696
59141: 0.999696
59142: 0.999696
59143: 0.999696
59144: 0.999696
59145: 0.999696
59146: 0.999696
59147: 0.999696
59148: 0.999696
59149: 0.999696
59150: 0.999696
59151: 0.999696
59152: 0.999696
59153: 0.999696
59154: 0.999696
59155: 0.999696
59156: 0.999696
59157: 0.999696
59158: 0.999696
59159: 0.999696
59160: 0.999696
59161: 0.999696
59162: 0.999696
59163: 0.999696
59164: 0.999696
59165: 0.999696
59166: 0.999696
59167: 0.999696
59168: 0.999696
59169: 0.999696
59170: 0.999696
59171: 0.999696
59172: 0.999696
59173: 0.999696
59174: 0.999696
59175: 0.999696
59176: 0.999696
59177: 0.999696
59178: 0.999696
59179: 0.999696
59180: 0.999696
59181: 0.999696
59182: 0.999696
59183: 0.999696
59184: 0.999696
59185: 0.999696
59186: 0.999696
59187: 0.999696
59188: 0.999696
59189: 0.999696
59190: 0.999696
59191: 0.999696
59192: 0.999696
59193: 0.999696
59194: 0.999696
59195: 0.999696
59196: 0.999696
59197: 0.999696
59198: 0.999696
59199: 0.999696
59200: 0.999696
59201: 0.999696
59202: 0.999696
59203: 0.999696
59204: 0.999696
59205: 0.999696
59206: 0.999696
59207: 0.999696
59208: 0.999696
59209: 0.999696
59210: 0.999696
59211: 0.999696
59212: 0.999696
59213: 0.999696
59214: 0.999696
59215: 0.999696
59216: 0.999696
59217: 0.999696
59218: 0.999696
59219: 0.999696
59220: 0.999696
59221: 0.999696
59222: 0.999696
59223: 0.999696
59224: 0.999696
59225: 0.999696
59226: 0.999696
59227: 0.999696
59228: 0.999696
59229: 0.999696
59230: 0.999696
59231: 0.999696
59232: 0.999696
59233: 0.999696
59234: 0.999696
59235: 0.999696
59236: 0.999696
59237: 0.999696
59238: 0.999696
59239: 0.999696
59240: 0.999696
59241: 0.999696
59242: 0.999696
59243: 0.999696
59244: 0.999696
59245: 0.999696
59246: 0.999696
59247: 0.999696
59248: 0.999696
59249: 0.999696
59250: 0.999696
59251: 0.999696
59252: 0.999696
59253: 0.999696
59254: 0.999696
59255: 0.999696
59256: 0.999696
59257: 0.999696
59258: 0.999696
59259: 0.999696
59260: 0.999696
59261: 0.999696
59262: 0.999696
59263: 0.999696
59264: 0.999696
59265: 0.999696
59266: 0.999696
59267: 0.999696
59268: 0.999696
59269: 0.999696
59270: 0.999696
59271: 0.999696
59272: 0.999696
59273: 0.999696
59274: 0.999696
59275: 0.999696
59276: 0.999696
59277: 0.999696
59278: 0.999696
59279: 0.999696
59280: 0.999696
59281: 0.999696
59282: 0.999696
59283: 0.999696
59284: 0.999696
59285: 0.999696
59286: 0.999696
59287: 0.999696
59288: 0.999696
59289: 0.999696
59290: 0.999696
59291: 0.999696
59292: 0.999696
59293: 0.999696
59294: 0.999696
59295: 0.999696
59296: 0.999696
59297: 0.999696
59298: 0.999696
59299: 0.999696
59300: 0.999696
59301: 0.999696
59302: 0.999696
59303: 0.999696
59304: 0.999696
59305: 0.999696
59306: 0.999696
59307: 0.999696
59308: 0.999697
59309: 0.999697
59310: 0.999697
59311: 0.999697
59312: 0.999697
59313: 0.999697
59314: 0.999697
59315: 0.999697
59316: 0.999697
59317: 0.999697
59318: 0.999697
59319: 0.999697
59320: 0.999697
59321: 0.999697
59322: 0.999697
59323: 0.999697
59324: 0.999697
59325: 0.999697
59326: 0.999697
59327: 0.999697
59328: 0.999697
59329: 0.999697
59330: 0.999697
59331: 0.999697
59332: 0.999697
59333: 0.999697
59334: 0.999697
59335: 0.999697
59336: 0.999697
59337: 0.999697
59338: 0.999697
59339: 0.999697
59340: 0.999697
59341: 0.999697
59342: 0.999697
59343: 0.999697
59344: 0.999697
59345: 0.999697
59346: 0.999697
59347: 0.999697
59348: 0.999697
59349: 0.999697
59350: 0.999697
59351: 0.999697
59352: 0.999697
59353: 0.999697
59354: 0.999697
59355: 0.999697
59356: 0.999697
59357: 0.999697
59358: 0.999697
59359: 0.999697
59360: 0.999697
59361: 0.999697
59362: 0.999697
59363: 0.999697
59364: 0.999697
59365: 0.999697
59366: 0.999697
59367: 0.999697
59368: 0.999697
59369: 0.999697
59370: 0.999697
59371: 0.999697
59372: 0.999697
59373: 0.999697
59374: 0.999697
59375: 0.999697
59376: 0.999697
59377: 0.999697
59378: 0.999697
59379: 0.999697
59380: 0.999697
59381: 0.999697
59382: 0.999697
59383: 0.999697
59384: 0.999697
59385: 0.999697
59386: 0.999697
59387: 0.999697
59388: 0.999697
59389: 0.999697
59390: 0.999697
59391: 0.999697
59392: 0.999697
59393: 0.999697
59394: 0.999697
59395: 0.999697
59396: 0.999697
59397: 0.999697
59398: 0.999697
59399: 0.999697
59400: 0.999697
59401: 0.999697
59402: 0.999697
59403: 0.999697
59404: 0.999697
59405: 0.999697
59406: 0.999697
59407: 0.999697
59408: 0.999697
59409: 0.999697
59410: 0.999697
59411: 0.999697
59412: 0.999697
59413: 0.999697
59414: 0.999697
59415: 0.999697
59416: 0.999697
59417: 0.999697
59418: 0.999697
59419: 0.999697
59420: 0.999697
59421: 0.999697
59422: 0.999697
59423: 0.999697
59424: 0.999697
59425: 0.999697
59426: 0.999697
59427: 0.999697
59428: 0.999697
59429: 0.999697
59430: 0.999697
59431: 0.999697
59432: 0.999697
59433: 0.999697
59434: 0.999697
59435: 0.999697
59436: 0.999697
59437: 0.999697
59438: 0.999697
59439: 0.999697
59440: 0.999697
59441: 0.999697
59442: 0.999697
59443: 0.999697
59444: 0.999697
59445: 0.999697
59446: 0.999697
59447: 0.999697
59448: 0.999697
59449: 0.999697
59450: 0.999697
59451: 0.999697
59452: 0.999697
59453: 0.999697
59454: 0.999697
59455: 0.999697
59456: 0.999697
59457: 0.999697
59458: 0.999697
59459: 0.999697
59460: 0.999697
59461: 0.999697
59462: 0.999697
59463: 0.999697
59464: 0.999697
59465: 0.999697
59466: 0.999697
59467: 0.999697
59468: 0.999697
59469: 0.999697
59470: 0.999697
59471: 0.999697
59472: 0.999697
59473: 0.999697
59474: 0.999697
59475: 0.999697
59476: 0.999697
59477: 0.999697
59478: 0.999697
59479: 0.999697
59480: 0.999697
59481: 0.999697
59482: 0.999697
59483: 0.999697
59484: 0.999697
59485: 0.999697
59486: 0.999697
59487: 0.999697
59488: 0.999697
59489: 0.999697
59490: 0.999697
59491: 0.999697
59492: 0.999697
59493: 0.999697
59494: 0.999697
59495: 0.999697
59496: 0.999697
59497: 0.999697
59498: 0.999697
59499: 0.999697
59500: 0.999697
59501: 0.999697
59502: 0.999697
59503: 0.999697
59504: 0.999698
59505: 0.999698
59506: 0.999698
59507: 0.999698
59508: 0.999698
59509: 0.999698
59510: 0.999698
59511: 0.999698
59512: 0.999698
59513: 0.999698
59514: 0.999698
59515: 0.999698
59516: 0.999698
59517: 0.999698
59518: 0.999698
59519: 0.999698
59520: 0.999698
59521: 0.999698
59522: 0.999698
59523: 0.999698
59524: 0.999698
59525: 0.999698
59526: 0.999698
59527: 0.999698
59528: 0.999698
59529: 0.999698
59530: 0.999698
59531: 0.999698
59532: 0.999698
59533: 0.999698
59534: 0.999698
59535: 0.999698
59536: 0.999698
59537: 0.999698
59538: 0.999698
59539: 0.999698
59540: 0.999698
59541: 0.999698
59542: 0.999698
59543: 0.999698
59544: 0.999698
59545: 0.999698
59546: 0.999698
59547: 0.999698
59548: 0.999698
59549: 0.999698
59550: 0.999698
59551: 0.999698
59552: 0.999698
59553: 0.999698
59554: 0.999698
59555: 0.999698
59556: 0.999698
59557: 0.999698
59558: 0.999698
59559: 0.999698
59560: 0.999698
59561: 0.999698
59562: 0.999698
59563: 0.999698
59564: 0.999698
59565: 0.999698
59566: 0.999698
59567: 0.999698
59568: 0.999698
59569: 0.999698
59570: 0.999698
59571: 0.999698
59572: 0.999698
59573: 0.999698
59574: 0.999698
59575: 0.999698
59576: 0.999698
59577: 0.999698
59578: 0.999698
59579: 0.999698
59580: 0.999698
59581: 0.999698
59582: 0.999698
59583: 0.999698
59584: 0.999698
59585: 0.999698
59586: 0.999698
59587: 0.999698
59588: 0.999698
59589: 0.999698
59590: 0.999698
59591: 0.999698
59592: 0.999698
59593: 0.999698
59594: 0.999698
59595: 0.999698
59596: 0.999698
59597: 0.999698
59598: 0.999698
59599: 0.999698
59600: 0.999698
59601: 0.999698
59602: 0.999698
59603: 0.999698
59604: 0.999698
59605: 0.999698
59606: 0.999698
59607: 0.999698
59608: 0.999698
59609: 0.999698
59610: 0.999698
59611: 0.999698
59612: 0.999698
59613: 0.999698
59614: 0.999698
59615: 0.999698
59616: 0.999698
59617: 0.999698
59618: 0.999698
59619: 0.999698
59620: 0.999698
59621: 0.999698
59622: 0.999698
59623: 0.999698
59624: 0.999698
59625: 0.999698
59626: 0.999698
59627: 0.999698
59628: 0.999698
59629: 0.999698
59630: 0.999698
59631: 0.999698
59632: 0.999698
59633: 0.999698
59634: 0.999698
59635: 0.999698
59636: 0.999698
59637: 0.999698
59638: 0.999698
59639: 0.999698
59640: 0.999698
59641: 0.999698
59642: 0.999698
59643: 0.999698
59644: 0.999698
59645: 0.999698
59646: 0.999698
59647: 0.999698
59648: 0.999698
59649: 0.999698
59650: 0.999698
59651: 0.999698
59652: 0.999698
59653: 0.999698
59654: 0.999698
59655: 0.999698
59656: 0.999698
59657: 0.999698
59658: 0.999698
59659: 0.999698
59660: 0.999698
59661: 0.999698
59662: 0.999698
59663: 0.999698
59664: 0.999698
59665: 0.999698
59666: 0.999698
59667: 0.999698
59668: 0.999698
59669: 0.999698
59670: 0.999698
59671: 0.999698
59672: 0.999698
59673: 0.999698
59674: 0.999698
59675: 0.999698
59676: 0.999698
59677: 0.999698
59678: 0.999698
59679: 0.999698
59680: 0.999698
59681: 0.999698
59682: 0.999698
59683: 0.999698
59684: 0.999698
59685: 0.999698
59686: 0.999698
59687: 0.999698
59688: 0.999698
59689: 0.999698
59690: 0.999698
59691: 0.999698
59692: 0.999698
59693: 0.999698
59694: 0.999698
59695: 0.999698
59696: 0.999698
59697: 0.999698
59698: 0.999698
59699: 0.999698
59700: 0.999698
59701: 0.999699
59702: 0.999699
59703: 0.999699
59704: 0.999699
59705: 0.999699
59706: 0.999699
59707: 0.999699
59708: 0.999699
59709: 0.999699
59710: 0.999699
59711: 0.999699
59712: 0.999699
59713: 0.999699
59714: 0.999699
59715: 0.999699
59716: 0.999699
59717: 0.999699
59718: 0.999699
59719: 0.999699
59720: 0.999699
59721: 0.999699
59722: 0.999699
59723: 0.999699
59724: 0.999699
59725: 0.999699
59726: 0.999699
59727: 0.999699
59728: 0.999699
59729: 0.999699
59730: 0.999699
59731: 0.999699
59732: 0.999699
59733: 0.999699
59734: 0.999699
59735: 0.999699
59736: 0.999699
59737: 0.999699
59738: 0.999699
59739: 0.999699
59740: 0.999699
59741: 0.999699
59742: 0.999699
59743: 0.999699
59744: 0.999699
59745: 0.999699
59746: 0.999699
59747: 0.999699
59748: 0.999699
59749: 0.999699
59750: 0.999699
59751: 0.999699
59752: 0.999699
59753: 0.999699
59754: 0.999699
59755: 0.999699
59756: 0.999699
59757: 0.999699
59758: 0.999699
59759: 0.999699
59760: 0.999699
59761: 0.999699
59762: 0.999699
59763: 0.999699
59764: 0.999699
59765: 0.999699
59766: 0.999699
59767: 0.999699
59768: 0.999699
59769: 0.999699
59770: 0.999699
59771: 0.999699
59772: 0.999699
59773: 0.999699
59774: 0.999699
59775: 0.999699
59776: 0.999699
59777: 0.999699
59778: 0.999699
59779: 0.999699
59780: 0.999699
59781: 0.999699
59782: 0.999699
59783: 0.999699
59784: 0.999699
59785: 0.999699
59786: 0.999699
59787: 0.999699
59788: 0.999699
59789: 0.999699
59790: 0.999699
59791: 0.999699
59792: 0.999699
59793: 0.999699
59794: 0.999699
59795: 0.999699
59796: 0.999699
59797: 0.999699
59798: 0.999699
59799: 0.999699
59800: 0.999699
59801: 0.999699
59802: 0.999699
59803: 0.999699
59804: 0.999699
59805: 0.999699
59806: 0.999699
59807: 0.999699
59808: 0.999699
59809: 0.999699
59810: 0.999699
59811: 0.999699
59812: 0.999699
59813: 0.999699
59814: 0.999699
59815: 0.999699
59816: 0.999699
59817: 0.999699
59818: 0.999699
59819: 0.999699
59820: 0.999699
59821: 0.999699
59822: 0.999699
59823: 0.999699
59824: 0.999699
59825: 0.999699
59826: 0.999699
59827: 0.999699
59828: 0.999699
59829: 0.999699
59830: 0.999699
59831: 0.999699
59832: 0.999699
59833: 0.999699
59834: 0.999699
59835: 0.999699
59836: 0.999699
59837: 0.999699
59838: 0.999699
59839: 0.999699
59840: 0.999699
59841: 0.999699
59842: 0.999699
59843: 0.999699
59844: 0.999699
59845: 0.999699
59846: 0.999699
59847: 0.999699
59848: 0.999699
59849: 0.999699
59850: 0.999699
59851: 0.999699
59852: 0.999699
59853: 0.999699
59854: 0.999699
59855: 0.999699
59856: 0.999699
59857: 0.999699
59858: 0.999699
59859: 0.999699
59860: 0.999699
59861: 0.999699
59862: 0.999699
59863: 0.999699
59864: 0.999699
59865: 0.999699
59866: 0.999699
59867: 0.999699
59868: 0.999699
59869: 0.999699
59870: 0.999699
59871: 0.999699
59872: 0.999699
59873: 0.999699
59874: 0.999699
59875: 0.999699
59876: 0.999699
59877: 0.999699
59878: 0.999699
59879: 0.999699
59880: 0.999699
59881: 0.999699
59882: 0.999699
59883: 0.999699
59884: 0.999699
59885: 0.999699
59886: 0.999699
59887: 0.999699
59888: 0.999699
59889: 0.999699
59890: 0.999699
59891: 0.999699
59892: 0.999699
59893: 0.999699
59894: 0.999699
59895: 0.999699
59896: 0.999699
59897: 0.999699
59898: 0.999699
59899: 0.999699
59900: 0.9997
59901: 0.9997
59902: 0.9997
59903: 0.9997
59904: 0.9997
59905: 0.9997
59906: 0.9997
59907: 0.9997
59908: 0.9997
59909: 0.9997
59910: 0.9997
59911: 0.9997
59912: 0.9997
59913: 0.9997
59914: 0.9997
59915: 0.9997
59916: 0.9997
59917: 0.9997
59918: 0.9997
59919: 0.9997
59920: 0.9997
59921: 0.9997
59922: 0.9997
59923: 0.9997
59924: 0.9997
59925: 0.9997
59926: 0.9997
59927: 0.9997
59928: 0.9997
59929: 0.9997
59930: 0.9997
59931: 0.9997
59932: 0.9997
59933: 0.9997
59934: 0.9997
59935: 0.9997
59936: 0.9997
59937: 0.9997
59938: 0.9997
59939: 0.9997
59940: 0.9997
59941: 0.9997
59942: 0.9997
59943: 0.9997
59944: 0.9997
59945: 0.9997
59946: 0.9997
59947: 0.9997
59948: 0.9997
59949: 0.9997
59950: 0.9997
59951: 0.9997
59952: 0.9997
59953: 0.9997
59954: 0.9997
59955: 0.9997
59956: 0.9997
59957: 0.9997
59958: 0.9997
59959: 0.9997
59960: 0.9997
59961: 0.9997
59962: 0.9997
59963: 0.9997
59964: 0.9997
59965: 0.9997
59966: 0.9997
59967: 0.9997
59968: 0.9997
59969: 0.9997
59970: 0.9997
59971: 0.9997
59972: 0.9997
59973: 0.9997
59974: 0.9997
59975: 0.9997
59976: 0.9997
59977: 0.9997
59978: 0.9997
59979: 0.9997
59980: 0.9997
59981: 0.9997
59982: 0.9997
59983: 0.9997
59984: 0.9997
59985: 0.9997
59986: 0.9997
59987: 0.9997
59988: 0.9997
59989: 0.9997
59990: 0.9997
59991: 0.9997
59992: 0.9997
59993: 0.9997
59994: 0.9997
59995: 0.9997
59996: 0.9997
59997: 0.9997
59998: 0.9997
59999: 0.9997
60000: 0.9997
60001: 0.9997
60002: 0.9997
60003: 0.9997
60004: 0.9997
60005: 0.9997
60006: 0.9997
60007: 0.9997
60008: 0.9997
60009: 0.9997
60010: 0.9997
60011: 0.9997
60012: 0.9997
60013: 0.9997
60014: 0.9997
60015: 0.9997
60016: 0.9997
60017: 0.9997
60018: 0.9997
60019: 0.9997
60020: 0.9997
60021: 0.9997
60022: 0.9997
60023: 0.9997
60024: 0.9997
60025: 0.9997
60026: 0.9997
60027: 0.9997
60028: 0.9997
60029: 0.9997
60030: 0.9997
60031: 0.9997
60032: 0.9997
60033: 0.9997
60034: 0.9997
60035: 0.9997
60036: 0.9997
60037: 0.9997
60038: 0.9997
60039: 0.9997
60040: 0.9997
60041: 0.9997
60042: 0.9997
60043: 0.9997
60044: 0.9997
60045: 0.9997
60046: 0.9997
60047: 0.9997
60048: 0.9997
60049: 0.9997
60050: 0.9997
60051: 0.9997
60052: 0.9997
60053: 0.9997
60054: 0.9997
60055: 0.9997
60056: 0.9997
60057: 0.9997
60058: 0.9997
60059: 0.9997
60060: 0.9997
60061: 0.9997
60062: 0.9997
60063: 0.9997
60064: 0.9997
60065: 0.9997
60066: 0.9997
60067: 0.9997
60068: 0.9997
60069: 0.9997
60070: 0.9997
60071: 0.9997
60072: 0.9997
60073: 0.9997
60074: 0.9997
60075: 0.9997
60076: 0.9997
60077: 0.9997
60078: 0.9997
60079: 0.9997
60080: 0.9997
60081: 0.9997
60082: 0.9997
60083: 0.9997
60084: 0.9997
60085: 0.9997
60086: 0.9997
60087: 0.9997
60088: 0.9997
60089: 0.9997
60090: 0.9997
60091: 0.9997
60092: 0.9997
60093: 0.9997
60094: 0.9997
60095: 0.9997
60096: 0.9997
60097: 0.9997
60098: 0.9997
60099: 0.9997
60100: 0.999701
60101: 0.999701
60102: 0.999701
60103: 0.999701
60104: 0.999701
60105: 0.999701
60106: 0.999701
60107: 0.999701
60108: 0.999701
60109: 0.999701
60110: 0.999701
60111: 0.999701
60112: 0.999701
60113: 0.999701
60114: 0.999701
60115: 0.999701
60116: 0.999701
60117: 0.999701
60118: 0.999701
60119: 0.999701
60120: 0.999701
60121: 0.999701
60122: 0.999701
60123: 0.999701
60124: 0.999701
60125: 0.999701
60126: 0.999701
60127: 0.999701
60128: 0.999701
60129: 0.999701
60130: 0.999701
60131: 0.999701
60132: 0.999701
60133: 0.999701
60134: 0.999701
60135: 0.999701
60136: 0.999701
60137: 0.999701
60138: 0.999701
60139: 0.999701
60140: 0.999701
60141: 0.999701
60142: 0.999701
60143: 0.999701
60144: 0.999701
60145: 0.999701
60146: 0.999701
60147: 0.999701
60148: 0.999701
60149: 0.999701
60150: 0.999701
60151: 0.999701
60152: 0.999701
60153: 0.999701
60154: 0.999701
60155: 0.999701
60156: 0.999701
60157: 0.999701
60158: 0.999701
60159: 0.999701
60160: 0.999701
60161: 0.999701
60162: 0.999701
60163: 0.999701
60164: 0.999701
60165: 0.999701
60166: 0.999701
60167: 0.999701
60168: 0.999701
60169: 0.999701
60170: 0.999701
60171: 0.999701
60172: 0.999701
60173: 0.999701
60174: 0.999701
60175: 0.999701
60176: 0.999701
60177: 0.999701
60178: 0.999701
60179: 0.999701
60180: 0.999701
60181: 0.999701
60182: 0.999701
60183: 0.999701
60184: 0.999701
60185: 0.999701
60186: 0.999701
60187: 0.999701
60188: 0.999701
60189: 0.999701
60190: 0.999701
60191: 0.999701
60192: 0.999701
60193: 0.999701
60194: 0.999701
60195: 0.999701
60196: 0.999701
60197: 0.999701
60198: 0.999701
60199: 0.999701
60200: 0.999701
60201: 0.999701
60202: 0.999701
60203: 0.999701
60204: 0.999701
60205: 0.999701
60206: 0.999701
60207: 0.999701
60208: 0.999701
60209: 0.999701
60210: 0.999701
60211: 0.999701
60212: 0.999701
60213: 0.999701
60214: 0.999701
60215: 0.999701
60216: 0.999701
60217: 0.999701
60218: 0.999701
60219: 0.999701
60220: 0.999701
60221: 0.999701
60222: 0.999701
60223: 0.999701
60224: 0.999701
60225: 0.999701
60226: 0.999701
60227: 0.999701
60228: 0.999701
60229: 0.999701
60230: 0.999701
60231: 0.999701
60232: 0.999701
60233: 0.999701
60234: 0.999701
60235: 0.999701
60236: 0.999701
60237: 0.999701
60238: 0.999701
60239: 0.999701
60240: 0.999701
60241: 0.999701
60242: 0.999701
60243: 0.999701
60244: 0.999701
60245: 0.999701
60246: 0.999701
60247: 0.999701
60248: 0.999701
60249: 0.999701
60250: 0.999701
60251: 0.999701
60252: 0.999701
60253: 0.999701
60254: 0.999701
60255: 0.999701
60256: 0.999701
60257: 0.999701
60258: 0.999701
60259: 0.999701
60260: 0.999701
60261: 0.999701
60262: 0.999701
60263: 0.999701
60264: 0.999701
60265: 0.999701
60266: 0.999701
60267: 0.999701
60268: 0.999701
60269: 0.999701
60270: 0.999701
60271: 0.999701
60272: 0.999701
60273: 0.999701
60274: 0.999701
60275: 0.999701
60276: 0.999701
60277: 0.999701
60278: 0.999701
60279: 0.999701
60280: 0.999701
60281: 0.999701
60282: 0.999701
60283: 0.999701
60284: 0.999701
60285: 0.999701
60286: 0.999701
60287: 0.999701
60288: 0.999701
60289: 0.999701
60290: 0.999701
60291: 0.999701
60292: 0.999701
60293: 0.999701
60294: 0.999701
60295: 0.999701
60296: 0.999701
60297: 0.999701
60298: 0.999701
60299: 0.999701
60300: 0.999701
60301: 0.999702
60302: 0.999702
60303: 0.999702
60304: 0.999702
60305: 0.999702
60306: 0.999702
60307: 0.999702
60308: 0.999702
60309: 0.999702
60310: 0.999702
60311: 0.999702
60312: 0.999702
60313: 0.999702
60314: 0.999702
60315: 0.999702
60316: 0.999702
60317: 0.999702
60318: 0.999702
60319: 0.999702
60320: 0.999702
60321: 0.999702
60322: 0.999702
60323: 0.999702
60324: 0.999702
60325: 0.999702
60326: 0.999702
60327: 0.999702
60328: 0.999702
60329: 0.999702
60330: 0.999702
60331: 0.999702
60332: 0.999702
60333: 0.999702
60334: 0.999702
60335: 0.999702
60336: 0.999702
60337: 0.999702
60338: 0.999702
60339: 0.999702
60340: 0.999702
60341: 0.999702
60342: 0.999702
60343: 0.999702
60344: 0.999702
60345: 0.999702
60346: 0.999702
60347: 0.999702
60348: 0.999702
60349: 0.999702
60350: 0.999702
60351: 0.999702
60352: 0.999702
60353: 0.999702
60354: 0.999702
60355: 0.999702
60356: 0.999702
60357: 0.999702
60358: 0.999702
60359: 0.999702
60360: 0.999702
60361: 0.999702
60362: 0.999702
60363: 0.999702
60364: 0.999702
60365: 0.999702
60366: 0.999702
60367: 0.999702
60368: 0.999702
60369: 0.999702
60370: 0.999702
60371: 0.999702
60372: 0.999702
60373: 0.999702
60374: 0.999702
60375: 0.999702
60376: 0.999702
60377: 0.999702
60378: 0.999702
60379: 0.999702
60380: 0.999702
60381: 0.999702
60382: 0.999702
60383: 0.999702
60384: 0.999702
60385: 0.999702
60386: 0.999702
60387: 0.999702
60388: 0.999702
60389: 0.999702
60390: 0.999702
60391: 0.999702
60392: 0.999702
60393: 0.999702
60394: 0.999702
60395: 0.999702
60396: 0.999702
60397: 0.999702
60398: 0.999702
60399: 0.999702
60400: 0.999702
60401: 0.999702
60402: 0.999702
60403: 0.999702
60404: 0.999702
60405: 0.999702
60406: 0.999702
60407: 0.999702
60408: 0.999702
60409: 0.999702
60410: 0.999702
60411: 0.999702
60412: 0.999702
60413: 0.999702
60414: 0.999702
60415: 0.999702
60416: 0.999702
60417: 0.999702
60418: 0.999702
60419: 0.999702
60420: 0.999702
60421: 0.999702
60422: 0.999702
60423: 0.999702
60424: 0.999702
60425: 0.999702
60426: 0.999702
60427: 0.999702
60428: 0.999702
60429: 0.999702
60430: 0.999702
60431: 0.999702
60432: 0.999702
60433: 0.999702
60434: 0.999702
60435: 0.999702
60436: 0.999702
60437: 0.999702
60438: 0.999702
60439: 0.999702
60440: 0.999702
60441: 0.999702
60442: 0.999702
60443: 0.999702
60444: 0.999702
60445: 0.999702
60446: 0.999702
60447: 0.999702
60448: 0.999702
60449: 0.999702
60450: 0.999702
60451: 0.999702
60452: 0.999702
60453: 0.999702
60454: 0.999702
60455: 0.999702
60456: 0.999702
60457: 0.999702
60458: 0.999702
60459: 0.999702
60460: 0.999702
60461: 0.999702
60462: 0.999702
60463: 0.999702
60464: 0.999702
60465: 0.999702
60466: 0.999702
60467: 0.999702
60468: 0.999702
60469: 0.999702
60470: 0.999702
60471: 0.999702
60472: 0.999702
60473: 0.999702
60474: 0.999702
60475: 0.999702
60476: 0.999702
60477: 0.999702
60478: 0.999702
60479: 0.999702
60480: 0.999702
60481: 0.999702
60482: 0.999702
60483: 0.999702
60484: 0.999702
60485: 0.999702
60486: 0.999702
60487: 0.999702
60488: 0.999702
60489: 0.999702
60490: 0.999702
60491: 0.999702
60492: 0.999702
60493: 0.999702
60494: 0.999702
60495: 0.999702
60496: 0.999702
60497: 0.999702
60498: 0.999702
60499: 0.999702
60500: 0.999702
60501: 0.999702
60502: 0.999702
60503: 0.999702
60504: 0.999703
60505: 0.999703
60506: 0.999703
60507: 0.999703
60508: 0.999703
60509: 0.999703
60510: 0.999703
60511: 0.999703
60512: 0.999703
60513: 0.999703
60514: 0.999703
60515: 0.999703
60516: 0.999703
60517: 0.999703
60518: 0.999703
60519: 0.999703
60520: 0.999703
60521: 0.999703
60522: 0.999703
60523: 0.999703
60524: 0.999703
60525: 0.999703
60526: 0.999703
60527: 0.999703
60528: 0.999703
60529: 0.999703
60530: 0.999703
60531: 0.999703
60532: 0.999703
60533: 0.999703
60534: 0.999703
60535: 0.999703
60536: 0.999703
60537: 0.999703
60538: 0.999703
60539: 0.999703
60540: 0.999703
60541: 0.999703
60542: 0.999703
60543: 0.999703
60544: 0.999703
60545: 0.999703
60546: 0.999703
60547: 0.999703
60548: 0.999703
60549: 0.999703
60550: 0.999703
60551: 0.999703
60552: 0.999703
60553: 0.999703
60554: 0.999703
60555: 0.999703
60556: 0.999703
60557: 0.999703
60558: 0.999703
60559: 0.999703
60560: 0.999703
60561: 0.999703
60562: 0.999703
60563: 0.999703
60564: 0.999703
60565: 0.999703
60566: 0.999703
60567: 0.999703
60568: 0.999703
60569: 0.999703
60570: 0.999703
60571: 0.999703
60572: 0.999703
60573: 0.999703
60574: 0.999703
60575: 0.999703
60576: 0.999703
60577: 0.999703
60578: 0.999703
60579: 0.999703
60580: 0.999703
60581: 0.999703
60582: 0.999703
60583: 0.999703
60584: 0.999703
60585: 0.999703
60586: 0.999703
60587: 0.999703
60588: 0.999703
60589: 0.999703
60590: 0.999703
60591: 0.999703
60592: 0.999703
60593: 0.999703
60594: 0.999703
60595: 0.999703
60596: 0.999703
60597: 0.999703
60598: 0.999703
60599: 0.999703
60600: 0.999703
60601: 0.999703
60602: 0.999703
60603: 0.999703
60604: 0.999703
60605: 0.999703
60606: 0.999703
60607: 0.999703
60608: 0.999703
60609: 0.999703
60610: 0.999703
60611: 0.999703
60612: 0.999703
60613: 0.999703
60614: 0.999703
60615: 0.999703
60616: 0.999703
60617: 0.999703
60618: 0.999703
60619: 0.999703
60620: 0.999703
60621: 0.999703
60622: 0.999703
60623: 0.999703
60624: 0.999703
60625: 0.999703
60626: 0.999703
60627: 0.999703
60628: 0.999703
60629: 0.999703
60630: 0.999703
60631: 0.999703
60632: 0.999703
60633: 0.999703
60634: 0.999703
60635: 0.999703
60636: 0.999703
60637: 0.999703
60638: 0.999703
60639: 0.999703
60640: 0.999703
60641: 0.999703
60642: 0.999703
60643: 0.999703
60644: 0.999703
60645: 0.999703
60646: 0.999703
60647: 0.999703
60648: 0.999703
60649: 0.999703
60650: 0.999703
60651: 0.999703
60652: 0.999703
60653: 0.999703
60654: 0.999703
60655: 0.999703
60656: 0.999703
60657: 0.999703
60658: 0.999703
60659: 0.999703
60660: 0.999703
60661: 0.999703
60662: 0.999703
60663: 0.999703
60664: 0.999703
60665: 0.999703
60666: 0.999703
60667: 0.999703
60668: 0.999703
60669: 0.999703
60670: 0.999703
60671: 0.999703
60672: 0.999703
60673: 0.999703
60674: 0.999703
60675: 0.999703
60676: 0.999703
60677: 0.999703
60678: 0.999703
60679: 0.999703
60680: 0.999703
60681: 0.999703
60682: 0.999703
60683: 0.999703
60684: 0.999703
60685: 0.999703
60686: 0.999703
60687: 0.999703
60688: 0.999703
60689: 0.999703
60690: 0.999703
60691: 0.999703
60692: 0.999703
60693: 0.999703
60694: 0.999703
60695: 0.999703
60696: 0.999703
60697: 0.999703
60698: 0.999703
60699: 0.999703
60700: 0.999703
60701: 0.999703
60702: 0.999703
60703: 0.999703
60704: 0.999703
60705: 0.999703
60706: 0.999703
60707: 0.999703
60708: 0.999704
60709: 0.999704
60710: 0.999704
60711: 0.999704
60712: 0.999704
60713: 0.999704
60714: 0.999704
60715: 0.999704
60716: 0.999704
60717: 0.999704
60718: 0.999704
60719: 0.999704
60720: 0.999704
60721: 0.999704
60722: 0.999704
60723: 0.999704
60724: 0.999704
60725: 0.999704
60726: 0.999704
60727: 0.999704
60728: 0.999704
60729: 0.999704
60730: 0.999704
60731: 0.999704
60732: 0.999704
60733: 0.999704
60734: 0.999704
60735: 0.999704
60736: 0.999704
60737: 0.999704
60738: 0.999704
60739: 0.999704
60740: 0.999704
60741: 0.999704
60742: 0.999704
60743: 0.999704
60744: 0.999704
60745: 0.999704
60746: 0.999704
60747: 0.999704
60748: 0.999704
60749: 0.999704
60750: 0.999704
60751: 0.999704
60752: 0.999704
60753: 0.999704
60754: 0.999704
60755: 0.999704
60756: 0.999704
60757: 0.999704
60758: 0.999704
60759: 0.999704
60760: 0.999704
60761: 0.999704
60762: 0.999704
60763: 0.999704
60764: 0.999704
60765: 0.999704
60766: 0.999704
60767: 0.999704
60768: 0.999704
60769: 0.999704
60770: 0.999704
60771: 0.999704
60772: 0.999704
60773: 0.999704
60774: 0.999704
60775: 0.999704
60776: 0.999704
60777: 0.999704
60778: 0.999704
60779: 0.999704
60780: 0.999704
60781: 0.999704
60782: 0.999704
60783: 0.999704
60784: 0.999704
60785: 0.999704
60786: 0.999704
60787: 0.999704
60788: 0.999704
60789: 0.999704
60790: 0.999704
60791: 0.999704
60792: 0.999704
60793: 0.999704
60794: 0.999704
60795: 0.999704
60796: 0.999704
60797: 0.999704
60798: 0.999704
60799: 0.999704
60800: 0.999704
60801: 0.999704
60802: 0.999704
60803: 0.999704
60804: 0.999704
60805: 0.999704
60806: 0.999704
60807: 0.999704
60808: 0.999704
60809: 0.999704
60810: 0.999704
60811: 0.999704
60812: 0.999704
60813: 0.999704
60814: 0.999704
60815: 0.999704
60816: 0.999704
60817: 0.999704
60818: 0.999704
60819: 0.999704
60820: 0.999704
60821: 0.999704
60822: 0.999704
60823: 0.999704
60824: 0.999704
60825: 0.999704
60826: 0.999704
60827: 0.999704
60828: 0.999704
60829: 0.999704
60830: 0.999704
60831: 0.999704
60832: 0.999704
60833: 0.999704
60834: 0.999704
60835: 0.999704
60836: 0.999704
60837: 0.999704
60838: 0.999704
60839: 0.999704
60840: 0.999704
60841: 0.999704
60842: 0.999704
60843: 0.999704
60844: 0.999704
60845: 0.999704
60846: 0.999704
60847: 0.999704
60848: 0.999704
60849: 0.999704
60850: 0.999704
60851: 0.999704
60852: 0.999704
60853: 0.999704
60854: 0.999704
60855: 0.999704
60856: 0.999704
60857: 0.999704
60858: 0.999704
60859: 0.999704
60860: 0.999704
60861: 0.999704
60862: 0.999704
60863: 0.999704
60864: 0.999704
60865: 0.999704
60866: 0.999704
60867: 0.999704
60868: 0.999704
60869: 0.999704
60870: 0.999704
60871: 0.999704
60872: 0.999704
60873: 0.999704
60874: 0.999704
60875: 0.999704
60876: 0.999704
60877: 0.999704
60878: 0.999704
60879: 0.999704
60880: 0.999704
60881: 0.999704
60882: 0.999704
60883: 0.999704
60884: 0.999704
60885: 0.999704
60886: 0.999704
60887: 0.999704
60888: 0.999704
60889: 0.999704
60890: 0.999704
60891: 0.999704
60892: 0.999704
60893: 0.999704
60894: 0.999704
60895: 0.999704
60896: 0.999704
60897: 0.999704
60898: 0.999704
60899: 0.999704
60900: 0.999704
60901: 0.999704
60902: 0.999704
60903: 0.999704
60904: 0.999704
60905: 0.999704
60906: 0.999704
60907: 0.999704
60908: 0.999704
60909: 0.999704
60910: 0.999704
60911: 0.999704
60912: 0.999704
60913: 0.999705
60914: 0.999705
60915: 0.999705
60916: 0.999705
60917: 0.999705
60918: 0.999705
60919: 0.999705
60920: 0.999705
60921: 0.999705
60922: 0.999705
60923: 0.999705
60924: 0.999705
60925: 0.999705
60926: 0.999705
60927: 0.999705
60928: 0.999705
60929: 0.999705
60930: 0.999705
60931: 0.999705
60932: 0.999705
60933: 0.999705
60934: 0.999705
60935: 0.999705
60936: 0.999705
60937: 0.999705
60938: 0.999705
60939: 0.999705
60940: 0.999705
60941: 0.999705
60942: 0.999705
60943: 0.999705
60944: 0.999705
60945: 0.999705
60946: 0.999705
60947: 0.999705
60948: 0.999705
60949: 0.999705
60950: 0.999705
60951: 0.999705
60952: 0.999705
60953: 0.999705
60954: 0.999705
60955: 0.999705
60956: 0.999705
60957: 0.999705
60958: 0.999705
60959: 0.999705
60960: 0.999705
60961: 0.999705
60962: 0.999705
60963: 0.999705
60964: 0.999705
60965: 0.999705
60966: 0.999705
60967: 0.999705
60968: 0.999705
60969: 0.999705
60970: 0.999705
60971: 0.999705
60972: 0.999705
60973: 0.999705
60974: 0.999705
60975: 0.999705
60976: 0.999705
60977: 0.999705
60978: 0.999705
60979: 0.999705
60980: 0.999705
60981: 0.999705
60982: 0.999705
60983: 0.999705
60984: 0.999705
60985: 0.999705
60986: 0.999705
60987: 0.999705
60988: 0.999705
60989: 0.999705
60990: 0.999705
60991: 0.999705
60992: 0.999705
60993: 0.999705
60994: 0.999705
60995: 0.999705
60996: 0.999705
60997: 0.999705
60998: 0.999705
60999: 0.999705
61000: 0.999705
61001: 0.999705
61002: 0.999705
61003: 0.999705
61004: 0.999705
61005: 0.999705
61006: 0.999705
61007: 0.999705
61008: 0.999705
61009: 0.999705
61010: 0.999705
61011: 0.999705
61012: 0.999705
61013: 0.999705
61014: 0.999705
61015: 0.999705
61016: 0.999705
61017: 0.999705
61018: 0.999705
61019: 0.999705
61020: 0.999705
61021: 0.999705
61022: 0.999705
61023: 0.999705
61024: 0.999705
61025: 0.999705
61026: 0.999705
61027: 0.999705
61028: 0.999705
61029: 0.999705
61030: 0.999705
61031: 0.999705
61032: 0.999705
61033: 0.999705
61034: 0.999705
61035: 0.999705
61036: 0.999705
61037: 0.999705
61038: 0.999705
61039: 0.999705
61040: 0.999705
61041: 0.999705
61042: 0.999705
61043: 0.999705
61044: 0.999705
61045: 0.999705
61046: 0.999705
61047: 0.999705
61048: 0.999705
61049: 0.999705
61050: 0.999705
61051: 0.999705
61052: 0.999705
61053: 0.999705
61054: 0.999705
61055: 0.999705
61056: 0.999705
61057: 0.999705
61058: 0.999705
61059: 0.999705
61060: 0.999705
61061: 0.999705
61062: 0.999705
61063: 0.999705
61064: 0.999705
61065: 0.999705
61066: 0.999705
61067: 0.999705
61068: 0.999705
61069: 0.999705
61070: 0.999705
61071: 0.999705
61072: 0.999705
61073: 0.999705
61074: 0.999705
61075: 0.999705
61076: 0.999705
61077: 0.999705
61078: 0.999705
61079: 0.999705
61080: 0.999705
61081: 0.999705
61082: 0.999705
61083: 0.999705
61084: 0.999705
61085: 0.999705
61086: 0.999705
61087: 0.999705
61088: 0.999705
61089: 0.999705
61090: 0.999705
61091: 0.999705
61092: 0.999705
61093: 0.999705
61094: 0.999705
61095: 0.999705
61096: 0.999705
61097: 0.999705
61098: 0.999705
61099: 0.999705
61100: 0.999705
61101: 0.999705
61102: 0.999705
61103: 0.999705
61104: 0.999705
61105: 0.999705
61106: 0.999705
61107: 0.999705
61108: 0.999705
61109: 0.999705
61110: 0.999705
61111: 0.999705
61112: 0.999705
61113: 0.999705
61114: 0.999705
61115: 0.999705
61116: 0.999705
61117: 0.999705
61118: 0.999705
61119: 0.999705
61120: 0.999706
61121: 0.999706
61122: 0.999706
61123: 0.999706
61124: 0.999706
61125: 0.999706
61126: 0.999706
61127: 0.999706
61128: 0.999706
61129: 0.999706
61130: 0.999706
61131: 0.999706
61132: 0.999706
61133: 0.999706
61134: 0.999706
61135: 0.999706
61136: 0.999706
61137: 0.999706
61138: 0.999706
61139: 0.999706
61140: 0.999706
61141: 0.999706
61142: 0.999706
61143: 0.999706
61144: 0.999706
61145: 0.999706
61146: 0.999706
61147: 0.999706
61148: 0.999706
61149: 0.999706
61150: 0.999706
61151: 0.999706
61152: 0.999706
61153: 0.999706
61154: 0.999706
61155: 0.999706
61156: 0.999706
61157: 0.999706
61158: 0.999706
61159: 0.999706
61160: 0.999706
61161: 0.999706
61162: 0.999706
61163: 0.999706
61164: 0.999706
61165: 0.999706
61166: 0.999706
61167: 0.999706
61168: 0.999706
61169: 0.999706
61170: 0.999706
61171: 0.999706
61172: 0.999706
61173: 0.999706
61174: 0.999706
61175: 0.999706
61176: 0.999706
61177: 0.999706
61178: 0.999706
61179: 0.999706
61180: 0.999706
61181: 0.999706
61182: 0.999706
61183: 0.999706
61184: 0.999706
61185: 0.999706
61186: 0.999706
61187: 0.999706
61188: 0.999706
61189: 0.999706
61190: 0.999706
61191: 0.999706
61192: 0.999706
61193: 0.999706
61194: 0.999706
61195: 0.999706
61196: 0.999706
61197: 0.999706
61198: 0.999706
61199: 0.999706
61200: 0.999706
61201: 0.999706
61202: 0.999706
61203: 0.999706
61204: 0.999706
61205: 0.999706
61206: 0.999706
61207: 0.999706
61208: 0.999706
61209: 0.999706
61210: 0.999706
61211: 0.999706
61212: 0.999706
61213: 0.999706
61214: 0.999706
61215: 0.999706
61216: 0.999706
61217: 0.999706
61218: 0.999706
61219: 0.999706
61220: 0.999706
61221: 0.999706
61222: 0.999706
61223: 0.999706
61224: 0.999706
61225: 0.999706
61226: 0.999706
61227: 0.999706
61228: 0.999706
61229: 0.999706
61230: 0.999706
61231: 0.999706
61232: 0.999706
61233: 0.999706
61234: 0.999706
61235: 0.999706
61236: 0.999706
61237: 0.999706
61238: 0.999706
61239: 0.999706
61240: 0.999706
61241: 0.999706
61242: 0.999706
61243: 0.999706
61244: 0.999706
61245: 0.999706
61246: 0.999706
61247: 0.999706
61248: 0.999706
61249: 0.999706
61250: 0.999706
61251: 0.999706
61252: 0.999706
61253: 0.999706
61254: 0.999706
61255: 0.999706
61256: 0.999706
61257: 0.999706
61258: 0.999706
61259: 0.999706
61260: 0.999706
61261: 0.999706
61262: 0.999706
61263: 0.999706
61264: 0.999706
61265: 0.999706
61266: 0.999706
61267: 0.999706
61268: 0.999706
61269: 0.999706
61270: 0.999706
61271: 0.999706
61272: 0.999706
61273: 0.999706
61274: 0.999706
61275: 0.999706
61276: 0.999706
61277: 0.999706
61278: 0.999706
61279: 0.999706
61280: 0.999706
61281: 0.999706
61282: 0.999706
61283: 0.999706
61284: 0.999706
61285: 0.999706
61286: 0.999706
61287: 0.999706
61288: 0.999706
61289: 0.999706
61290: 0.999706
61291: 0.999706
61292: 0.999706
61293: 0.999706
61294: 0.999706
61295: 0.999706
61296: 0.999706
61297: 0.999706
61298: 0.999706
61299: 0.999706
61300: 0.999706
61301: 0.999706
61302: 0.999706
61303: 0.999706
61304: 0.999706
61305: 0.999706
61306: 0.999706
61307: 0.999706
61308: 0.999706
61309: 0.999706
61310: 0.999706
61311: 0.999706
61312: 0.999706
61313: 0.999706
61314: 0.999706
61315: 0.999706
61316: 0.999706
61317: 0.999706
61318: 0.999706
61319: 0.999706
61320: 0.999706
61321: 0.999706
61322: 0.999706
61323: 0.999706
61324: 0.999706
61325: 0.999706
61326: 0.999706
61327: 0.999706
61328: 0.999707
61329: 0.999707
61330: 0.999707
61331: 0.999707
61332: 0.999707
61333: 0.999707
61334: 0.999707
61335: 0.999707
61336: 0.999707
61337: 0.999707
61338: 0.999707
61339: 0.999707
61340: 0.999707
61341: 0.999707
61342: 0.999707
61343: 0.999707
61344: 0.999707
61345: 0.999707
61346: 0.999707
61347: 0.999707
61348: 0.999707
61349: 0.999707
61350: 0.999707
61351: 0.999707
61352: 0.999707
61353: 0.999707
61354: 0.999707
61355: 0.999707
61356: 0.999707
61357: 0.999707
61358: 0.999707
61359: 0.999707
61360: 0.999707
61361: 0.999707
61362: 0.999707
61363: 0.999707
61364: 0.999707
61365: 0.999707
61366: 0.999707
61367: 0.999707
61368: 0.999707
61369: 0.999707
61370: 0.999707
61371: 0.999707
61372: 0.999707
61373: 0.999707
61374: 0.999707
61375: 0.999707
61376: 0.999707
61377: 0.999707
61378: 0.999707
61379: 0.999707
61380: 0.999707
61381: 0.999707
61382: 0.999707
61383: 0.999707
61384: 0.999707
61385: 0.999707
61386: 0.999707
61387: 0.999707
61388: 0.999707
61389: 0.999707
61390: 0.999707
61391: 0.999707
61392: 0.999707
61393: 0.999707
61394: 0.999707
61395: 0.999707
61396: 0.999707
61397: 0.999707
61398: 0.999707
61399: 0.999707
61400: 0.999707
61401: 0.999707
61402: 0.999707
61403: 0.999707
61404: 0.999707
61405: 0.999707
61406: 0.999707
61407: 0.999707
61408: 0.999707
61409: 0.999707
61410: 0.999707
61411: 0.999707
61412: 0.999707
61413: 0.999707
61414: 0.999707
61415: 0.999707
61416: 0.999707
61417: 0.999707
61418: 0.999707
61419: 0.999707
61420: 0.999707
61421: 0.999707
61422: 0.999707
61423: 0.999707
61424: 0.999707
61425: 0.999707
61426: 0.999707
61427: 0.999707
61428: 0.999707
61429: 0.999707
61430: 0.999707
61431: 0.999707
61432: 0.999707
61433: 0.999707
61434: 0.999707
61435: 0.999707
61436: 0.999707
61437: 0.999707
61438: 0.999707
61439: 0.999707
61440: 0.999707
61441: 0.999707
61442: 0.999707
61443: 0.999707
61444: 0.999707
61445: 0.999707
61446: 0.999707
61447: 0.999707
61448: 0.999707
61449: 0.999707
61450: 0.999707
61451: 0.999707
61452: 0.999707
61453: 0.999707
61454: 0.999707
61455: 0.999707
61456: 0.999707
61457: 0.999707
61458: 0.999707
61459: 0.999707
61460: 0.999707
61461: 0.999707
61462: 0.999707
61463: 0.999707
61464: 0.999707
61465: 0.999707
61466: 0.999707
61467: 0.999707
61468: 0.999707
61469: 0.999707
61470: 0.999707
61471: 0.999707
61472: 0.999707
61473: 0.999707
61474: 0.999707
61475: 0.999707
61476: 0.999707
61477: 0.999707
61478: 0.999707
61479: 0.999707
61480: 0.999707
61481: 0.999707
61482: 0.999707
61483: 0.999707
61484: 0.999707
61485: 0.999707
61486: 0.999707
61487: 0.999707
61488: 0.999707
61489: 0.999707
61490: 0.999707
61491: 0.999707
61492: 0.999707
61493: 0.999707
61494: 0.999707
61495: 0.999707
61496: 0.999707
61497: 0.999707
61498: 0.999707
61499: 0.999707
61500: 0.999707
61501: 0.999707
61502: 0.999707
61503: 0.999707
61504: 0.999707
61505: 0.999707
61506: 0.999707
61507: 0.999707
61508: 0.999707
61509: 0.999707
61510: 0.999707
61511: 0.999707
61512: 0.999707
61513: 0.999707
61514: 0.999707
61515: 0.999707
61516: 0.999707
61517: 0.999707
61518: 0.999707
61519: 0.999707
61520: 0.999707
61521: 0.999707
61522: 0.999707
61523: 0.999707
61524: 0.999707
61525: 0.999707
61526: 0.999707
61527: 0.999707
61528: 0.999707
61529: 0.999707
61530: 0.999707
61531: 0.999707
61532: 0.999707
61533: 0.999707
61534: 0.999707
61535: 0.999707
61536: 0.999707
61537: 0.999707
61538: 0.999708
61539: 0.999708
61540: 0.999708
61541: 0.999708
61542: 0.999708
61543: 0.999708
61544: 0.999708
61545: 0.999708
61546: 0.999708
61547: 0.999708
61548: 0.999708
61549: 0.999708
61550: 0.999708
61551: 0.999708
61552: 0.999708
61553: 0.999708
61554: 0.999708
61555: 0.999708
61556: 0.999708
61557: 0.999708
61558: 0.999708
61559: 0.999708
61560: 0.999708
61561: 0.999708
61562: 0.999708
61563: 0.999708
61564: 0.999708
61565: 0.999708
61566: 0.999708
61567: 0.999708
61568: 0.999708
61569: 0.999708
61570: 0.999708
61571: 0.999708
61572: 0.999708
61573: 0.999708
61574: 0.999708
61575: 0.999708
61576: 0.999708
61577: 0.999708
61578: 0.999708
61579: 0.999708
61580: 0.999708
61581: 0.999708
61582: 0.999708
61583: 0.999708
61584: 0.999708
61585: 0.999708
61586: 0.999708
61587: 0.999708
61588: 0.999708
61589: 0.999708
61590: 0.999708
61591: 0.999708
61592: 0.999708
61593: 0.999708
61594: 0.999708
61595: 0.999708
61596: 0.999708
61597: 0.999708
61598: 0.999708
61599: 0.999708
61600: 0.999708
61601: 0.999708
61602: 0.999708
61603: 0.999708
61604: 0.999708
61605: 0.999708
61606: 0.999708
61607: 0.999708
61608: 0.999708
61609: 0.999708
61610: 0.999708
61611: 0.999708
61612: 0.999708
61613: 0.999708
61614: 0.999708
61615: 0.999708
61616: 0.999708
61617: 0.999708
61618: 0.999708
61619: 0.999708
61620: 0.999708
61621: 0.999708
61622: 0.999708
61623: 0.999708
61624: 0.999708
61625: 0.999708
61626: 0.999708
61627: 0.999708
61628: 0.999708
61629: 0.999708
61630: 0.999708
61631: 0.999708
61632: 0.999708
61633: 0.999708
61634: 0.999708
61635: 0.999708
61636: 0.999708
61637: 0.999708
61638: 0.999708
61639: 0.999708
61640: 0.999708
61641: 0.999708
61642: 0.999708
61643: 0.999708
61644: 0.999708
61645: 0.999708
61646: 0.999708
61647: 0.999708
61648: 0.999708
61649: 0.999708
61650: 0.999708
61651: 0.999708
61652: 0.999708
61653: 0.999708
61654: 0.999708
61655: 0.999708
61656: 0.999708
61657: 0.999708
61658: 0.999708
61659: 0.999708
61660: 0.999708
61661: 0.999708
61662: 0.999708
61663: 0.999708
61664: 0.999708
61665: 0.999708
61666: 0.999708
61667: 0.999708
61668: 0.999708
61669: 0.999708
61670: 0.999708
61671: 0.999708
61672: 0.999708
61673: 0.999708
61674: 0.999708
61675: 0.999708
61676: 0.999708
61677: 0.999708
61678: 0.999708
61679: 0.999708
61680: 0.999708
61681: 0.999708
61682: 0.999708
61683: 0.999708
61684: 0.999708
61685: 0.999708
61686: 0.999708
61687: 0.999708
61688: 0.999708
61689: 0.999708
61690: 0.999708
61691: 0.999708
61692: 0.999708
61693: 0.999708
61694: 0.999708
61695: 0.999708
61696: 0.999708
61697: 0.999708
61698: 0.999708
61699: 0.999708
61700: 0.999708
61701: 0.999708
61702: 0.999708
61703: 0.999708
61704: 0.999708
61705: 0.999708
61706: 0.999708
61707: 0.999708
61708: 0.999708
61709: 0.999708
61710: 0.999708
61711: 0.999708
61712: 0.999708
61713: 0.999708
61714: 0.999708
61715: 0.999708
61716: 0.999708
61717: 0.999708
61718: 0.999708
61719: 0.999708
61720: 0.999708
61721: 0.999708
61722: 0.999708
61723: 0.999708
61724: 0.999708
61725: 0.999708
61726: 0.999708
61727: 0.999708
61728: 0.999708
61729: 0.999708
61730: 0.999708
61731: 0.999708
61732: 0.999708
61733: 0.999708
61734: 0.999708
61735: 0.999708
61736: 0.999708
61737: 0.999708
61738: 0.999708
61739: 0.999708
61740: 0.999708
61741: 0.999708
61742: 0.999708
61743: 0.999708
61744: 0.999708
61745: 0.999708
61746: 0.999708
61747: 0.999708
61748: 0.999708
61749: 0.999709
61750: 0.999709
61751: 0.999709
61752: 0.999709
61753: 0.999709
61754: 0.999709
61755: 0.999709
61756: 0.999709
61757: 0.999709
61758: 0.999709
61759: 0.999709
61760: 0.999709
61761: 0.999709
61762: 0.999709
61763: 0.999709
61764: 0.999709
61765: 0.999709
61766: 0.999709
61767: 0.999709
61768: 0.999709
61769: 0.999709
61770: 0.999709
61771: 0.999709
61772: 0.999709
61773: 0.999709
61774: 0.999709
61775: 0.999709
61776: 0.999709
61777: 0.999709
61778: 0.999709
61779: 0.999709
61780: 0.999709
61781: 0.999709
61782: 0.999709
61783: 0.999709
61784: 0.999709
61785: 0.999709
61786: 0.999709
61787: 0.999709
61788: 0.999709
61789: 0.999709
61790: 0.999709
61791: 0.999709
61792: 0.999709
61793: 0.999709
61794: 0.999709
61795: 0.999709
61796: 0.999709
61797: 0.999709
61798: 0.999709
61799: 0.999709
61800: 0.999709
61801: 0.999709
61802: 0.999709
61803: 0.999709
61804: 0.999709
61805: 0.999709
61806: 0.999709
61807: 0.999709
61808: 0.999709
61809: 0.999709
61810: 0.999709
61811: 0.999709
61812: 0.999709
61813: 0.999709
61814: 0.999709
61815: 0.999709
61816: 0.999709
61817: 0.999709
61818: 0.999709
61819: 0.999709
61820: 0.999709
61821: 0.999709
61822: 0.999709
61823: 0.999709
61824: 0.999709
61825: 0.999709
61826: 0.999709
61827: 0.999709
61828: 0.999709
61829: 0.999709
61830: 0.999709
61831: 0.999709
61832: 0.999709
61833: 0.999709
61834: 0.999709
61835: 0.999709
61836: 0.999709
61837: 0.999709
61838: 0.999709
61839: 0.999709
61840: 0.999709
61841: 0.999709
61842: 0.999709
61843: 0.999709
61844: 0.999709
61845: 0.999709
61846: 0.999709
61847: 0.999709
61848: 0.999709
61849: 0.999709
61850: 0.999709
61851: 0.999709
61852: 0.999709
61853: 0.999709
61854: 0.999709
61855: 0.999709
61856: 0.999709
61857: 0.999709
61858: 0.999709
61859: 0.999709
61860: 0.999709
61861: 0.999709
61862: 0.999709
61863: 0.999709
61864: 0.999709
61865: 0.999709
61866: 0.999709
61867: 0.999709
61868: 0.999709
61869: 0.999709
61870: 0.999709
61871: 0.999709
61872: 0.999709
61873: 0.999709
61874: 0.999709
61875: 0.999709
61876: 0.999709
61877: 0.999709
61878: 0.999709
61879: 0.999709
61880: 0.999709
61881: 0.999709
61882: 0.999709
61883: 0.999709
61884: 0.999709
61885: 0.999709
61886: 0.999709
61887: 0.999709
61888: 0.999709
61889: 0.999709
61890: 0.999709
61891: 0.999709
61892: 0.999709
61893: 0.999709
61894: 0.999709
61895: 0.999709
61896: 0.999709
61897: 0.999709
61898: 0.999709
61899: 0.999709
61900: 0.999709
61901: 0.999709
61902: 0.999709
61903: 0.999709
61904: 0.999709
61905: 0.999709
61906: 0.999709
61907: 0.999709
61908: 0.999709
61909: 0.999709
61910: 0.999709
61911: 0.999709
61912: 0.999709
61913: 0.999709
61914: 0.999709
61915: 0.999709
61916: 0.999709
61917: 0.999709
61918: 0.999709
61919: 0.999709
61920: 0.999709
61921: 0.999709
61922: 0.999709
61923: 0.999709
61924: 0.999709
61925: 0.999709
61926: 0.999709
61927: 0.999709
61928: 0.999709
61929: 0.999709
61930: 0.999709
61931: 0.999709
61932: 0.999709
61933: 0.999709
61934: 0.999709
61935: 0.999709
61936: 0.999709
61937: 0.999709
61938: 0.999709
61939: 0.999709
61940: 0.999709
61941: 0.999709
61942: 0.999709
61943: 0.999709
61944: 0.999709
61945: 0.999709
61946: 0.999709
61947: 0.999709
61948: 0.999709
61949: 0.999709
61950: 0.999709
61951: 0.999709
61952: 0.999709
61953: 0.999709
61954: 0.999709
61955: 0.999709
61956: 0.999709
61957: 0.999709
61958: 0.999709
61959: 0.999709
61960: 0.999709
61961: 0.999709
61962: 0.99971
61963: 0.99971
61964: 0.99971
61965: 0.99971
61966: 0.99971
61967: 0.99971
61968: 0.99971
61969: 0.99971
61970: 0.99971
61971: 0.99971
61972: 0.99971
61973: 0.99971
61974: 0.99971
61975: 0.99971
61976: 0.99971
61977: 0.99971
61978: 0.99971
61979: 0.99971
61980: 0.99971
61981: 0.99971
61982: 0.99971
61983: 0.99971
61984: 0.99971
61985: 0.99971
61986: 0.99971
61987: 0.99971
61988: 0.99971
61989: 0.99971
61990: 0.99971
61991: 0.99971
61992: 0.99971
61993: 0.99971
61994: 0.99971
61995: 0.99971
61996: 0.99971
61997: 0.99971
61998: 0.99971
61999: 0.99971
62000: 0.99971
62001: 0.99971
62002: 0.99971
62003: 0.99971
62004: 0.99971
62005: 0.99971
62006: 0.99971
62007: 0.99971
62008: 0.99971
62009: 0.99971
62010: 0.99971
62011: 0.99971
62012: 0.99971
62013: 0.99971
62014: 0.99971
62015: 0.99971
62016: 0.99971
62017: 0.99971
62018: 0.99971
62019: 0.99971
62020: 0.99971
62021: 0.99971
62022: 0.99971
62023: 0.99971
62024: 0.99971
62025: 0.99971
62026: 0.99971
62027: 0.99971
62028: 0.99971
62029: 0.99971
62030: 0.99971
62031: 0.99971
62032: 0.99971
62033: 0.99971
62034: 0.99971
62035: 0.99971
62036: 0.99971
62037: 0.99971
62038: 0.99971
62039: 0.99971
62040: 0.99971
62041: 0.99971
62042: 0.99971
62043: 0.99971
62044: 0.99971
62045: 0.99971
62046: 0.99971
62047: 0.99971
62048: 0.99971
62049: 0.99971
62050: 0.99971
62051: 0.99971
62052: 0.99971
62053: 0.99971
62054: 0.99971
62055: 0.99971
62056: 0.99971
62057: 0.99971
62058: 0.99971
62059: 0.99971
62060: 0.99971
62061: 0.99971
62062: 0.99971
62063: 0.99971
62064: 0.99971
62065: 0.99971
62066: 0.99971
62067: 0.99971
62068: 0.99971
62069: 0.99971
62070: 0.99971
62071: 0.99971
62072: 0.99971
62073: 0.99971
62074: 0.99971
62075: 0.99971
62076: 0.99971
62077: 0.99971
62078: 0.99971
62079: 0.99971
62080: 0.99971
62081: 0.99971
62082: 0.99971
62083: 0.99971
62084: 0.99971
62085: 0.99971
62086: 0.99971
62087: 0.99971
62088: 0.99971
62089: 0.99971
62090: 0.99971
62091: 0.99971
62092: 0.99971
62093: 0.99971
62094: 0.99971
62095: 0.99971
62096: 0.99971
62097: 0.99971
62098: 0.99971
62099: 0.99971
62100: 0.99971
62101: 0.99971
62102: 0.99971
62103: 0.99971
62104: 0.99971
62105: 0.99971
62106: 0.99971
62107: 0.99971
62108: 0.99971
62109: 0.99971
62110: 0.99971
62111: 0.99971
62112: 0.99971
62113: 0.99971
62114: 0.99971
62115: 0.99971
62116: 0.99971
62117: 0.99971
62118: 0.99971
62119: 0.99971
62120: 0.99971
62121: 0.99971
62122: 0.99971
62123: 0.99971
62124: 0.99971
62125: 0.99971
62126: 0.99971
62127: 0.99971
62128: 0.99971
62129: 0.99971
62130: 0.99971
62131: 0.99971
62132: 0.99971
62133: 0.99971
62134: 0.99971
62135: 0.99971
62136: 0.99971
62137: 0.99971
62138: 0.99971
62139: 0.99971
62140: 0.99971
62141: 0.99971
62142: 0.99971
62143: 0.99971
62144: 0.99971
62145: 0.99971
62146: 0.99971
62147: 0.99971
62148: 0.99971
62149: 0.99971
62150: 0.99971
62151: 0.99971
62152: 0.99971
62153: 0.99971
62154: 0.99971
62155: 0.99971
62156: 0.99971
62157: 0.99971
62158: 0.99971
62159: 0.99971
62160: 0.99971
62161: 0.99971
62162: 0.99971
62163: 0.99971
62164: 0.99971
62165: 0.99971
62166: 0.99971
62167: 0.99971
62168: 0.99971
62169: 0.99971
62170: 0.99971
62171: 0.99971
62172: 0.99971
62173: 0.99971
62174: 0.99971
62175: 0.99971
62176: 0.999711
62177: 0.999711
62178: 0.999711
62179: 0.999711
62180: 0.999711
62181: 0.999711
62182: 0.999711
62183: 0.999711
62184: 0.999711
62185: 0.999711
62186: 0.999711
62187: 0.999711
62188: 0.999711
62189: 0.999711
62190: 0.999711
62191: 0.999711
62192: 0.999711
62193: 0.999711
62194: 0.999711
62195: 0.999711
62196: 0.999711
62197: 0.999711
62198: 0.999711
62199: 0.999711
62200: 0.999711
62201: 0.999711
62202: 0.999711
62203: 0.999711
62204: 0.999711
62205: 0.999711
62206: 0.999711
62207: 0.999711
62208: 0.999711
62209: 0.999711
62210: 0.999711
62211: 0.999711
62212: 0.999711
62213: 0.999711
62214: 0.999711
62215: 0.999711
62216: 0.999711
62217: 0.999711
62218: 0.999711
62219: 0.999711
62220: 0.999711
62221: 0.999711
62222: 0.999711
62223: 0.999711
62224: 0.999711
62225: 0.999711
62226: 0.999711
62227: 0.999711
62228: 0.999711
62229: 0.999711
62230: 0.999711
62231: 0.999711
62232: 0.999711
62233: 0.999711
62234: 0.999711
62235: 0.999711
62236: 0.999711
62237: 0.999711
62238: 0.999711
62239: 0.999711
62240: 0.999711
62241: 0.999711
62242: 0.999711
62243: 0.999711
62244: 0.999711
62245: 0.999711
62246: 0.999711
62247: 0.999711
62248: 0.999711
62249: 0.999711
62250: 0.999711
62251: 0.999711
62252: 0.999711
62253: 0.999711
62254: 0.999711
62255: 0.999711
62256: 0.999711
62257: 0.999711
62258: 0.999711
62259: 0.999711
62260: 0.999711
62261: 0.999711
62262: 0.999711
62263: 0.999711
62264: 0.999711
62265: 0.999711
62266: 0.999711
62267: 0.999711
62268: 0.999711
62269: 0.999711
62270: 0.999711
62271: 0.999711
62272: 0.999711
62273: 0.999711
62274: 0.999711
62275: 0.999711
62276: 0.999711
62277: 0.999711
62278: 0.999711
62279: 0.999711
62280: 0.999711
62281: 0.999711
62282: 0.999711
62283: 0.999711
62284: 0.999711
62285: 0.999711
62286: 0.999711
62287: 0.999711
62288: 0.999711
62289: 0.999711
62290: 0.999711
62291: 0.999711
62292: 0.999711
62293: 0.999711
62294: 0.999711
62295: 0.999711
62296: 0.999711
62297: 0.999711
62298: 0.999711
62299: 0.999711
62300: 0.999711
62301: 0.999711
62302: 0.999711
62303: 0.999711
62304: 0.999711
62305: 0.999711
62306: 0.999711
62307: 0.999711
62308: 0.999711
62309: 0.999711
62310: 0.999711
62311: 0.999711
62312: 0.999711
62313: 0.999711
62314: 0.999711
62315: 0.999711
62316: 0.999711
62317: 0.999711
62318: 0.999711
62319: 0.999711
62320: 0.999711
62321: 0.999711
62322: 0.999711
62323: 0.999711
62324: 0.999711
62325: 0.999711
62326: 0.999711
62327: 0.999711
62328: 0.999711
62329: 0.999711
62330: 0.999711
62331: 0.999711
62332: 0.999711
62333: 0.999711
62334: 0.999711
62335: 0.999711
62336: 0.999711
62337: 0.999711
62338: 0.999711
62339: 0.999711
62340: 0.999711
62341: 0.999711
62342: 0.999711
62343: 0.999711
62344: 0.999711
62345: 0.999711
62346: 0.999711
62347: 0.999711
62348: 0.999711
62349: 0.999711
62350: 0.999711
62351: 0.999711
62352: 0.999711
62353: 0.999711
62354: 0.999711
62355: 0.999711
62356: 0.999711
62357: 0.999711
62358: 0.999711
62359: 0.999711
62360: 0.999711
62361: 0.999711
62362: 0.999711
62363: 0.999711
62364: 0.999711
62365: 0.999711
62366: 0.999711
62367: 0.999711
62368: 0.999711
62369: 0.999711
62370: 0.999711
62371: 0.999711
62372: 0.999711
62373: 0.999711
62374: 0.999711
62375: 0.999711
62376: 0.999711
62377: 0.999711
62378: 0.999711
62379: 0.999711
62380: 0.999711
62381: 0.999711
62382: 0.999711
62383: 0.999711
62384: 0.999711
62385: 0.999711
62386: 0.999711
62387: 0.999711
62388: 0.999711
62389: 0.999711
62390: 0.999711
62391: 0.999712
62392: 0.999712
62393: 0.999712
62394: 0.999712
62395: 0.999712
62396: 0.999712
62397: 0.999712
62398: 0.999712
62399: 0.999712
62400: 0.999712
62401: 0.999712
62402: 0.999712
62403: 0.999712
62404: 0.999712
62405: 0.999712
62406: 0.999712
62407: 0.999712
62408: 0.999712
62409: 0.999712
62410: 0.999712
62411: 0.999712
62412: 0.999712
62413: 0.999712
62414: 0.999712
62415: 0.999712
62416: 0.999712
62417: 0.999712
62418: 0.999712
62419: 0.999712
62420: 0.999712
62421: 0.999712
62422: 0.999712
62423: 0.999712
62424: 0.999712
62425: 0.999712
62426: 0.999712
62427: 0.999712
62428: 0.999712
62429: 0.999712
62430: 0.999712
62431: 0.999712
62432: 0.999712
62433: 0.999712
62434: 0.999712
62435: 0.999712
62436: 0.999712
62437: 0.999712
62438: 0.999712
62439: 0.999712
62440: 0.999712
62441: 0.999712
62442: 0.999712
62443: 0.999712
62444: 0.999712
62445: 0.999712
62446: 0.999712
62447: 0.999712
62448: 0.999712
62449: 0.999712
62450: 0.999712
62451: 0.999712
62452: 0.999712
62453: 0.999712
62454: 0.999712
62455: 0.999712
62456: 0.999712
62457: 0.999712
62458: 0.999712
62459: 0.999712
62460: 0.999712
62461: 0.999712
62462: 0.999712
62463: 0.999712
62464: 0.999712
62465: 0.999712
62466: 0.999712
62467: 0.999712
62468: 0.999712
62469: 0.999712
62470: 0.999712
62471: 0.999712
62472: 0.999712
62473: 0.999712
62474: 0.999712
62475: 0.999712
62476: 0.999712
62477: 0.999712
62478: 0.999712
62479: 0.999712
62480: 0.999712
62481: 0.999712
62482: 0.999712
62483: 0.999712
62484: 0.999712
62485: 0.999712
62486: 0.999712
62487: 0.999712
62488: 0.999712
62489: 0.999712
62490: 0.999712
62491: 0.999712
62492: 0.999712
62493: 0.999712
62494: 0.999712
62495: 0.999712
62496: 0.999712
62497: 0.999712
62498: 0.999712
62499: 0.999712
62500: 0.999712
62501: 0.999712
62502: 0.999712
62503: 0.999712
62504: 0.999712
62505: 0.999712
62506: 0.999712
62507: 0.999712
62508: 0.999712
62509: 0.999712
62510: 0.999712
62511: 0.999712
62512: 0.999712
62513: 0.999712
62514: 0.999712
62515: 0.999712
62516: 0.999712
62517: 0.999712
62518: 0.999712
62519: 0.999712
62520: 0.999712
62521: 0.999712
62522: 0.999712
62523: 0.999712
62524: 0.999712
62525: 0.999712
62526: 0.999712
62527: 0.999712
62528: 0.999712
62529: 0.999712
62530: 0.999712
62531: 0.999712
62532: 0.999712
62533: 0.999712
62534: 0.999712
62535: 0.999712
62536: 0.999712
62537: 0.999712
62538: 0.999712
62539: 0.999712
62540: 0.999712
62541: 0.999712
62542: 0.999712
62543: 0.999712
62544: 0.999712
62545: 0.999712
62546: 0.999712
62547: 0.999712
62548: 0.999712
62549: 0.999712
62550: 0.999712
62551: 0.999712
62552: 0.999712
62553: 0.999712
62554: 0.999712
62555: 0.999712
62556: 0.999712
62557: 0.999712
62558: 0.999712
62559: 0.999712
62560: 0.999712
62561: 0.999712
62562: 0.999712
62563: 0.999712
62564: 0.999712
62565: 0.999712
62566: 0.999712
62567: 0.999712
62568: 0.999712
62569: 0.999712
62570: 0.999712
62571: 0.999712
62572: 0.999712
62573: 0.999712
62574: 0.999712
62575: 0.999712
62576: 0.999712
62577: 0.999712
62578: 0.999712
62579: 0.999712
62580: 0.999712
62581: 0.999712
62582: 0.999712
62583: 0.999712
62584: 0.999712
62585: 0.999712
62586: 0.999712
62587: 0.999712
62588: 0.999712
62589: 0.999712
62590: 0.999712
62591: 0.999712
62592: 0.999712
62593: 0.999712
62594: 0.999712
62595: 0.999712
62596: 0.999712
62597: 0.999712
62598: 0.999712
62599: 0.999712
62600: 0.999712
62601: 0.999712
62602: 0.999712
62603: 0.999712
62604: 0.999712
62605: 0.999712
62606: 0.999712
62607: 0.999712
62608: 0.999713
62609: 0.999713
62610: 0.999713
62611: 0.999713
62612: 0.999713
62613: 0.999713
62614: 0.999713
62615: 0.999713
62616: 0.999713
62617: 0.999713
62618: 0.999713
62619: 0.999713
62620: 0.999713
62621: 0.999713
62622: 0.999713
62623: 0.999713
62624: 0.999713
62625: 0.999713
62626: 0.999713
62627: 0.999713
62628: 0.999713
62629: 0.999713
62630: 0.999713
62631: 0.999713
62632: 0.999713
62633: 0.999713
62634: 0.999713
62635: 0.999713
62636: 0.999713
62637: 0.999713
62638: 0.999713
62639: 0.999713
62640: 0.999713
62641: 0.999713
62642: 0.999713
62643: 0.999713
62644: 0.999713
62645: 0.999713
62646: 0.999713
62647: 0.999713
62648: 0.999713
62649: 0.999713
62650: 0.999713
62651: 0.999713
62652: 0.999713
62653: 0.999713
62654: 0.999713
62655: 0.999713
62656: 0.999713
62657: 0.999713
62658: 0.999713
62659: 0.999713
62660: 0.999713
62661: 0.999713
62662: 0.999713
62663: 0.999713
62664: 0.999713
62665: 0.999713
62666: 0.999713
62667: 0.999713
62668: 0.999713
62669: 0.999713
62670: 0.999713
62671: 0.999713
62672: 0.999713
62673: 0.999713
62674: 0.999713
62675: 0.999713
62676: 0.999713
62677: 0.999713
62678: 0.999713
62679: 0.999713
62680: 0.999713
62681: 0.999713
62682: 0.999713
62683: 0.999713
62684: 0.999713
62685: 0.999713
62686: 0.999713
62687: 0.999713
62688: 0.999713
62689: 0.999713
62690: 0.999713
62691: 0.999713
62692: 0.999713
62693: 0.999713
62694: 0.999713
62695: 0.999713
62696: 0.999713
62697: 0.999713
62698: 0.999713
62699: 0.999713
62700: 0.999713
62701: 0.999713
62702: 0.999713
62703: 0.999713
62704: 0.999713
62705: 0.999713
62706: 0.999713
62707: 0.999713
62708: 0.999713
62709: 0.999713
62710: 0.999713
62711: 0.999713
62712: 0.999713
62713: 0.999713
62714: 0.999713
62715: 0.999713
62716: 0.999713
62717: 0.999713
62718: 0.999713
62719: 0.999713
62720: 0.999713
62721: 0.999713
62722: 0.999713
62723: 0.999713
62724: 0.999713
62725: 0.999713
62726: 0.999713
62727: 0.999713
62728: 0.999713
62729: 0.999713
62730: 0.999713
62731: 0.999713
62732: 0.999713
62733: 0.999713
62734: 0.999713
62735: 0.999713
62736: 0.999713
62737: 0.999713
62738: 0.999713
62739: 0.999713
62740: 0.999713
62741: 0.999713
62742: 0.999713
62743: 0.999713
62744: 0.999713
62745: 0.999713
62746: 0.999713
62747: 0.999713
62748: 0.999713
62749: 0.999713
62750: 0.999713
62751: 0.999713
62752: 0.999713
62753: 0.999713
62754: 0.999713
62755: 0.999713
62756: 0.999713
62757: 0.999713
62758: 0.999713
62759: 0.999713
62760: 0.999713
62761: 0.999713
62762: 0.999713
62763: 0.999713
62764: 0.999713
62765: 0.999713
62766: 0.999713
62767: 0.999713
62768: 0.999713
62769: 0.999713
62770: 0.999713
62771: 0.999713
62772: 0.999713
62773: 0.999713
62774: 0.999713
62775: 0.999713
62776: 0.999713
62777: 0.999713
62778: 0.999713
62779: 0.999713
62780: 0.999713
62781: 0.999713
62782: 0.999713
62783: 0.999713
62784: 0.999713
62785: 0.999713
62786: 0.999713
62787: 0.999713
62788: 0.999713
62789: 0.999713
62790: 0.999713
62791: 0.999713
62792: 0.999713
62793: 0.999713
62794: 0.999713
62795: 0.999713
62796: 0.999713
62797: 0.999713
62798: 0.999713
62799: 0.999713
62800: 0.999713
62801: 0.999713
62802: 0.999713
62803: 0.999713
62804: 0.999713
62805: 0.999713
62806: 0.999713
62807: 0.999713
62808: 0.999713
62809: 0.999713
62810: 0.999713
62811: 0.999713
62812: 0.999713
62813: 0.999713
62814: 0.999713
62815: 0.999713
62816: 0.999713
62817: 0.999713
62818: 0.999713
62819: 0.999713
62820: 0.999713
62821: 0.999713
62822: 0.999713
62823: 0.999713
62824: 0.999713
62825: 0.999713
62826: 0.999713
62827: 0.999714
62828: 0.999714
62829: 0.999714
62830: 0.999714
62831: 0.999714
62832: 0.999714
62833: 0.999714
62834: 0.999714
62835: 0.999714
62836: 0.999714
62837: 0.999714
62838: 0.999714
62839: 0.999714
62840: 0.999714
62841: 0.999714
62842: 0.999714
62843: 0.999714
62844: 0.999714
62845: 0.999714
62846: 0.999714
62847: 0.999714
62848: 0.999714
62849: 0.999714
62850: 0.999714
62851: 0.999714
62852: 0.999714
62853: 0.999714
62854: 0.999714
62855: 0.999714
62856: 0.999714
62857: 0.999714
62858: 0.999714
62859: 0.999714
62860: 0.999714
62861: 0.999714
62862: 0.999714
62863: 0.999714
62864: 0.999714
62865: 0.999714
62866: 0.999714
62867: 0.999714
62868: 0.999714
62869: 0.999714
62870: 0.999714
62871: 0.999714
62872: 0.999714
62873: 0.999714
62874: 0.999714
62875: 0.999714
62876: 0.999714
62877: 0.999714
62878: 0.999714
62879: 0.999714
62880: 0.999714
62881: 0.999714
62882: 0.999714
62883: 0.999714
62884: 0.999714
62885: 0.999714
62886: 0.999714
62887: 0.999714
62888: 0.999714
62889: 0.999714
62890: 0.999714
62891: 0.999714
62892: 0.999714
62893: 0.999714
62894: 0.999714
62895: 0.999714
62896: 0.999714
62897: 0.999714
62898: 0.999714
62899: 0.999714
62900: 0.999714
62901: 0.999714
62902: 0.999714
62903: 0.999714
62904: 0.999714
62905: 0.999714
62906: 0.999714
62907: 0.999714
62908: 0.999714
62909: 0.999714
62910: 0.999714
62911: 0.999714
62912: 0.999714
62913: 0.999714
62914: 0.999714
62915: 0.999714
62916: 0.999714
62917: 0.999714
62918: 0.999714
62919: 0.999714
62920: 0.999714
62921: 0.999714
62922: 0.999714
62923: 0.999714
62924: 0.999714
62925: 0.999714
62926: 0.999714
62927: 0.999714
62928: 0.999714
62929: 0.999714
62930: 0.999714
62931: 0.999714
62932: 0.999714
62933: 0.999714
62934: 0.999714
62935: 0.999714
62936: 0.999714
62937: 0.999714
62938: 0.999714
62939: 0.999714
62940: 0.999714
62941: 0.999714
62942: 0.999714
62943: 0.999714
62944: 0.999714
62945: 0.999714
62946: 0.999714
62947: 0.999714
62948: 0.999714
62949: 0.999714
62950: 0.999714
62951: 0.999714
62952: 0.999714
62953: 0.999714
62954: 0.999714
62955: 0.999714
62956: 0.999714
62957: 0.999714
62958: 0.999714
62959: 0.999714
62960: 0.999714
62961: 0.999714
62962: 0.999714
62963: 0.999714
62964: 0.999714
62965: 0.999714
62966: 0.999714
62967: 0.999714
62968: 0.999714
62969: 0.999714
62970: 0.999714
62971: 0.999714
62972: 0.999714
62973: 0.999714
62974: 0.999714
62975: 0.999714
62976: 0.999714
62977: 0.999714
62978: 0.999714
62979: 0.999714
62980: 0.999714
62981: 0.999714
62982: 0.999714
62983: 0.999714
62984: 0.999714
62985: 0.999714
62986: 0.999714
62987: 0.999714
62988: 0.999714
62989: 0.999714
62990: 0.999714
62991: 0.999714
62992: 0.999714
62993: 0.999714
62994: 0.999714
62995: 0.999714
62996: 0.999714
62997: 0.999714
62998: 0.999714
62999: 0.999714
63000: 0.999714
63001: 0.999714
63002: 0.999714
63003: 0.999714
63004: 0.999714
63005: 0.999714
63006: 0.999714
63007: 0.999714
63008: 0.999714
63009: 0.999714
63010: 0.999714
63011: 0.999714
63012: 0.999714
63013: 0.999714
63014: 0.999714
63015: 0.999714
63016: 0.999714
63017: 0.999714
63018: 0.999714
63019: 0.999714
63020: 0.999714
63021: 0.999714
63022: 0.999714
63023: 0.999714
63024: 0.999714
63025: 0.999714
63026: 0.999714
63027: 0.999714
63028: 0.999714
63029: 0.999714
63030: 0.999714
63031: 0.999714
63032: 0.999714
63033: 0.999714
63034: 0.999714
63035: 0.999714
63036: 0.999714
63037: 0.999714
63038: 0.999714
63039: 0.999714
63040: 0.999714
63041: 0.999714
63042: 0.999714
63043: 0.999714
63044: 0.999714
63045: 0.999714
63046: 0.999714
63047: 0.999715
63048: 0.999715
63049: 0.999715
63050: 0.999715
63051: 0.999715
63052: 0.999715
63053: 0.999715
63054: 0.999715
63055: 0.999715
63056: 0.999715
63057: 0.999715
63058: 0.999715
63059: 0.999715
63060: 0.999715
63061: 0.999715
63062: 0.999715
63063: 0.999715
63064: 0.999715
63065: 0.999715
63066: 0.999715
63067: 0.999715
63068: 0.999715
63069: 0.999715
63070: 0.999715
63071: 0.999715
63072: 0.999715
63073: 0.999715
63074: 0.999715
63075: 0.999715
63076: 0.999715
63077: 0.999715
63078: 0.999715
63079: 0.999715
63080: 0.999715
63081: 0.999715
63082: 0.999715
63083: 0.999715
63084: 0.999715
63085: 0.999715
63086: 0.999715
63087: 0.999715
63088: 0.999715
63089: 0.999715
63090: 0.999715
63091: 0.999715
63092: 0.999715
63093: 0.999715
63094: 0.999715
63095: 0.999715
63096: 0.999715
63097: 0.999715
63098: 0.999715
63099: 0.999715
63100: 0.999715
63101: 0.999715
63102: 0.999715
63103: 0.999715
63104: 0.999715
63105: 0.999715
63106: 0.999715
63107: 0.999715
63108: 0.999715
63109: 0.999715
63110: 0.999715
63111: 0.999715
63112: 0.999715
63113: 0.999715
63114: 0.999715
63115: 0.999715
63116: 0.999715
63117: 0.999715
63118: 0.999715
63119: 0.999715
63120: 0.999715
63121: 0.999715
63122: 0.999715
63123: 0.999715
63124: 0.999715
63125: 0.999715
63126: 0.999715
63127: 0.999715
63128: 0.999715
63129: 0.999715
63130: 0.999715
63131: 0.999715
63132: 0.999715
63133: 0.999715
63134: 0.999715
63135: 0.999715
63136: 0.999715
63137: 0.999715
63138: 0.999715
63139: 0.999715
63140: 0.999715
63141: 0.999715
63142: 0.999715
63143: 0.999715
63144: 0.999715
63145: 0.999715
63146: 0.999715
63147: 0.999715
63148: 0.999715
63149: 0.999715
63150: 0.999715
63151: 0.999715
63152: 0.999715
63153: 0.999715
63154: 0.999715
63155: 0.999715
63156: 0.999715
63157: 0.999715
63158: 0.999715
63159: 0.999715
63160: 0.999715
63161: 0.999715
63162: 0.999715
63163: 0.999715
63164: 0.999715
63165: 0.999715
63166: 0.999715
63167: 0.999715
63168: 0.999715
63169: 0.999715
63170: 0.999715
63171: 0.999715
63172: 0.999715
63173: 0.999715
63174: 0.999715
63175: 0.999715
63176: 0.999715
63177: 0.999715
63178: 0.999715
63179: 0.999715
63180: 0.999715
63181: 0.999715
63182: 0.999715
63183: 0.999715
63184: 0.999715
63185: 0.999715
63186: 0.999715
63187: 0.999715
63188: 0.999715
63189: 0.999715
63190: 0.999715
63191: 0.999715
63192: 0.999715
63193: 0.999715
63194: 0.999715
63195: 0.999715
63196: 0.999715
63197: 0.999715
63198: 0.999715
63199: 0.999715
63200: 0.999715
63201: 0.999715
63202: 0.999715
63203: 0.999715
63204: 0.999715
63205: 0.999715
63206: 0.999715
63207: 0.999715
63208: 0.999715
63209: 0.999715
63210: 0.999715
63211: 0.999715
63212: 0.999715
63213: 0.999715
63214: 0.999715
63215: 0.999715
63216: 0.999715
63217: 0.999715
63218: 0.999715
63219: 0.999715
63220: 0.999715
63221: 0.999715
63222: 0.999715
63223: 0.999715
63224: 0.999715
63225: 0.999715
63226: 0.999715
63227: 0.999715
63228: 0.999715
63229: 0.999715
63230: 0.999715
63231: 0.999715
63232: 0.999715
63233: 0.999715
63234: 0.999715
63235: 0.999715
63236: 0.999715
63237: 0.999715
63238: 0.999715
63239: 0.999715
63240: 0.999715
63241: 0.999715
63242: 0.999715
63243: 0.999715
63244: 0.999715
63245: 0.999715
63246: 0.999715
63247: 0.999715
63248: 0.999715
63249: 0.999715
63250: 0.999715
63251: 0.999715
63252: 0.999715
63253: 0.999715
63254: 0.999715
63255: 0.999715
63256: 0.999715
63257: 0.999715
63258: 0.999715
63259: 0.999715
63260: 0.999715
63261: 0.999715
63262: 0.999715
63263: 0.999715
63264: 0.999715
63265: 0.999715
63266: 0.999715
63267: 0.999715
63268: 0.999716
63269: 0.999716
63270: 0.999716
63271: 0.999716
63272: 0.999716
63273: 0.999716
63274: 0.999716
63275: 0.999716
63276: 0.999716
63277: 0.999716
63278: 0.999716
63279: 0.999716
63280: 0.999716
63281: 0.999716
63282: 0.999716
63283: 0.999716
63284: 0.999716
63285: 0.999716
63286: 0.999716
63287: 0.999716
63288: 0.999716
63289: 0.999716
63290: 0.999716
63291: 0.999716
63292: 0.999716
63293: 0.999716
63294: 0.999716
63295: 0.999716
63296: 0.999716
63297: 0.999716
63298: 0.999716
63299: 0.999716
63300: 0.999716
63301: 0.999716
63302: 0.999716
63303: 0.999716
63304: 0.999716
63305: 0.999716
63306: 0.999716
63307: 0.999716
63308: 0.999716
63309: 0.999716
63310: 0.999716
63311: 0.999716
63312: 0.999716
63313: 0.999716
63314: 0.999716
63315: 0.999716
63316: 0.999716
63317: 0.999716
63318: 0.999716
63319: 0.999716
63320: 0.999716
63321: 0.999716
63322: 0.999716
63323: 0.999716
63324: 0.999716
63325: 0.999716
63326: 0.999716
63327: 0.999716
63328: 0.999716
63329: 0.999716
63330: 0.999716
63331: 0.999716
63332: 0.999716
63333: 0.999716
63334: 0.999716
63335: 0.999716
63336: 0.999716
63337: 0.999716
63338: 0.999716
63339: 0.999716
63340: 0.999716
63341: 0.999716
63342: 0.999716
63343: 0.999716
63344: 0.999716
63345: 0.999716
63346: 0.999716
63347: 0.999716
63348: 0.999716
63349: 0.999716
63350: 0.999716
63351: 0.999716
63352: 0.999716
63353: 0.999716
63354: 0.999716
63355: 0.999716
63356: 0.999716
63357: 0.999716
63358: 0.999716
63359: 0.999716
63360: 0.999716
63361: 0.999716
63362: 0.999716
63363: 0.999716
63364: 0.999716
63365: 0.999716
63366: 0.999716
63367: 0.999716
63368: 0.999716
63369: 0.999716
63370: 0.999716
63371: 0.999716
63372: 0.999716
63373: 0.999716
63374: 0.999716
63375: 0.999716
63376: 0.999716
63377: 0.999716
63378: 0.999716
63379: 0.999716
63380: 0.999716
63381: 0.999716
63382: 0.999716
63383: 0.999716
63384: 0.999716
63385: 0.999716
63386: 0.999716
63387: 0.999716
63388: 0.999716
63389: 0.999716
63390: 0.999716
63391: 0.999716
63392: 0.999716
63393: 0.999716
63394: 0.999716
63395: 0.999716
63396: 0.999716
63397: 0.999716
63398: 0.999716
63399: 0.999716
63400: 0.999716
63401: 0.999716
63402: 0.999716
63403: 0.999716
63404: 0.999716
63405: 0.999716
63406: 0.999716
63407: 0.999716
63408: 0.999716
63409: 0.999716
63410: 0.999716
63411: 0.999716
63412: 0.999716
63413: 0.999716
63414: 0.999716
63415: 0.999716
63416: 0.999716
63417: 0.999716
63418: 0.999716
63419: 0.999716
63420: 0.999716
63421: 0.999716
63422: 0.999716
63423: 0.999716
63424: 0.999716
63425: 0.999716
63426: 0.999716
63427: 0.999716
63428: 0.999716
63429: 0.999716
63430: 0.999716
63431: 0.999716
63432: 0.999716
63433: 0.999716
63434: 0.999716
63435: 0.999716
63436: 0.999716
63437: 0.999716
63438: 0.999716
63439: 0.999716
63440: 0.999716
63441: 0.999716
63442: 0.999716
63443: 0.999716
63444: 0.999716
63445: 0.999716
63446: 0.999716
63447: 0.999716
63448: 0.999716
63449: 0.999716
63450: 0.999716
63451: 0.999716
63452: 0.999716
63453: 0.999716
63454: 0.999716
63455: 0.999716
63456: 0.999716
63457: 0.999716
63458: 0.999716
63459: 0.999716
63460: 0.999716
63461: 0.999716
63462: 0.999716
63463: 0.999716
63464: 0.999716
63465: 0.999716
63466: 0.999716
63467: 0.999716
63468: 0.999716
63469: 0.999716
63470: 0.999716
63471: 0.999716
63472: 0.999716
63473: 0.999716
63474: 0.999716
63475: 0.999716
63476: 0.999716
63477: 0.999716
63478: 0.999716
63479: 0.999716
63480: 0.999716
63481: 0.999716
63482: 0.999716
63483: 0.999716
63484: 0.999716
63485: 0.999716
63486: 0.999716
63487: 0.999716
63488: 0.999716
63489: 0.999716
63490: 0.999716
63491: 0.999716
63492: 0.999717
63493: 0.999717
63494: 0.999717
63495: 0.999717
63496: 0.999717
63497: 0.999717
63498: 0.999717
63499: 0.999717
63500: 0.999717
63501: 0.999717
63502: 0.999717
63503: 0.999717
63504: 0.999717
63505: 0.999717
63506: 0.999717
63507: 0.999717
63508: 0.999717
63509: 0.999717
63510: 0.999717
63511: 0.999717
63512: 0.999717
63513: 0.999717
63514: 0.999717
63515: 0.999717
63516: 0.999717
63517: 0.999717
63518: 0.999717
63519: 0.999717
63520: 0.999717
63521: 0.999717
63522: 0.999717
63523: 0.999717
63524: 0.999717
63525: 0.999717
63526: 0.999717
63527: 0.999717
63528: 0.999717
63529: 0.999717
63530: 0.999717
63531: 0.999717
63532: 0.999717
63533: 0.999717
63534: 0.999717
63535: 0.999717
63536: 0.999717
63537: 0.999717
63538: 0.999717
63539: 0.999717
63540: 0.999717
63541: 0.999717
63542: 0.999717
63543: 0.999717
63544: 0.999717
63545: 0.999717
63546: 0.999717
63547: 0.999717
63548: 0.999717
63549: 0.999717
63550: 0.999717
63551: 0.999717
63552: 0.999717
63553: 0.999717
63554: 0.999717
63555: 0.999717
63556: 0.999717
63557: 0.999717
63558: 0.999717
63559: 0.999717
63560: 0.999717
63561: 0.999717
63562: 0.999717
63563: 0.999717
63564: 0.999717
63565: 0.999717
63566: 0.999717
63567: 0.999717
63568: 0.999717
63569: 0.999717
63570: 0.999717
63571: 0.999717
63572: 0.999717
63573: 0.999717
63574: 0.999717
63575: 0.999717
63576: 0.999717
63577: 0.999717
63578: 0.999717
63579: 0.999717
63580: 0.999717
63581: 0.999717
63582: 0.999717
63583: 0.999717
63584: 0.999717
63585: 0.999717
63586: 0.999717
63587: 0.999717
63588: 0.999717
63589: 0.999717
63590: 0.999717
63591: 0.999717
63592: 0.999717
63593: 0.999717
63594: 0.999717
63595: 0.999717
63596: 0.999717
63597: 0.999717
63598: 0.999717
63599: 0.999717
63600: 0.999717
63601: 0.999717
63602: 0.999717
63603: 0.999717
63604: 0.999717
63605: 0.999717
63606: 0.999717
63607: 0.999717
63608: 0.999717
63609: 0.999717
63610: 0.999717
63611: 0.999717
63612: 0.999717
63613: 0.999717
63614: 0.999717
63615: 0.999717
63616: 0.999717
63617: 0.999717
63618: 0.999717
63619: 0.999717
63620: 0.999717
63621: 0.999717
63622: 0.999717
63623: 0.999717
63624: 0.999717
63625: 0.999717
63626: 0.999717
63627: 0.999717
63628: 0.999717
63629: 0.999717
63630: 0.999717
63631: 0.999717
63632: 0.999717
63633: 0.999717
63634: 0.999717
63635: 0.999717
63636: 0.999717
63637: 0.999717
63638: 0.999717
63639: 0.999717
63640: 0.999717
63641: 0.999717
63642: 0.999717
63643: 0.999717
63644: 0.999717
63645: 0.999717
63646: 0.999717
63647: 0.999717
63648: 0.999717
63649: 0.999717
63650: 0.999717
63651: 0.999717
63652: 0.999717
63653: 0.999717
63654: 0.999717
63655: 0.999717
63656: 0.999717
63657: 0.999717
63658: 0.999717
63659: 0.999717
63660: 0.999717
63661: 0.999717
63662: 0.999717
63663: 0.999717
63664: 0.999717
63665: 0.999717
63666: 0.999717
63667: 0.999717
63668: 0.999717
63669: 0.999717
63670: 0.999717
63671: 0.999717
63672: 0.999717
63673: 0.999717
63674: 0.999717
63675: 0.999717
63676: 0.999717
63677: 0.999717
63678: 0.999717
63679: 0.999717
63680: 0.999717
63681: 0.999717
63682: 0.999717
63683: 0.999717
63684: 0.999717
63685: 0.999717
63686: 0.999717
63687: 0.999717
63688: 0.999717
63689: 0.999717
63690: 0.999717
63691: 0.999717
63692: 0.999717
63693: 0.999717
63694: 0.999717
63695: 0.999717
63696: 0.999717
63697: 0.999717
63698: 0.999717
63699: 0.999717
63700: 0.999717
63701: 0.999717
63702: 0.999717
63703: 0.999717
63704: 0.999717
63705: 0.999717
63706: 0.999717
63707: 0.999717
63708: 0.999717
63709: 0.999717
63710: 0.999717
63711: 0.999717
63712: 0.999717
63713: 0.999717
63714: 0.999717
63715: 0.999717
63716: 0.999718
63717: 0.999718
63718: 0.999718
63719: 0.999718
63720: 0.999718
63721: 0.999718
63722: 0.999718
63723: 0.999718
63724: 0.999718
63725: 0.999718
63726: 0.999718
63727: 0.999718
63728: 0.999718
63729: 0.999718
63730: 0.999718
63731: 0.999718
63732: 0.999718
63733: 0.999718
63734: 0.999718
63735: 0.999718
63736: 0.999718
63737: 0.999718
63738: 0.999718
63739: 0.999718
63740: 0.999718
63741: 0.999718
63742: 0.999718
63743: 0.999718
63744: 0.999718
63745: 0.999718
63746: 0.999718
63747: 0.999718
63748: 0.999718
63749: 0.999718
63750: 0.999718
63751: 0.999718
63752: 0.999718
63753: 0.999718
63754: 0.999718
63755: 0.999718
63756: 0.999718
63757: 0.999718
63758: 0.999718
63759: 0.999718
63760: 0.999718
63761: 0.999718
63762: 0.999718
63763: 0.999718
63764: 0.999718
63765: 0.999718
63766: 0.999718
63767: 0.999718
63768: 0.999718
63769: 0.999718
63770: 0.999718
63771: 0.999718
63772: 0.999718
63773: 0.999718
63774: 0.999718
63775: 0.999718
63776: 0.999718
63777: 0.999718
63778: 0.999718
63779: 0.999718
63780: 0.999718
63781: 0.999718
63782: 0.999718
63783: 0.999718
63784: 0.999718
63785: 0.999718
63786: 0.999718
63787: 0.999718
63788: 0.999718
63789: 0.999718
63790: 0.999718
63791: 0.999718
63792: 0.999718
63793: 0.999718
63794: 0.999718
63795: 0.999718
63796: 0.999718
63797: 0.999718
63798: 0.999718
63799: 0.999718
63800: 0.999718
63801: 0.999718
63802: 0.999718
63803: 0.999718
63804: 0.999718
63805: 0.999718
63806: 0.999718
63807: 0.999718
63808: 0.999718
63809: 0.999718
63810: 0.999718
63811: 0.999718
63812: 0.999718
63813: 0.999718
63814: 0.999718
63815: 0.999718
63816: 0.999718
63817: 0.999718
63818: 0.999718
63819: 0.999718
63820: 0.999718
63821: 0.999718
63822: 0.999718
63823: 0.999718
63824: 0.999718
63825: 0.999718
63826: 0.999718
63827: 0.999718
63828: 0.999718
63829: 0.999718
63830: 0.999718
63831: 0.999718
63832: 0.999718
63833: 0.999718
63834: 0.999718
63835: 0.999718
63836: 0.999718
63837: 0.999718
63838: 0.999718
63839: 0.999718
63840: 0.999718
63841: 0.999718
63842: 0.999718
63843: 0.999718
63844: 0.999718
63845: 0.999718
63846: 0.999718
63847: 0.999718
63848: 0.999718
63849: 0.999718
63850: 0.999718
63851: 0.999718
63852: 0.999718
63853: 0.999718
63854: 0.999718
63855: 0.999718
63856: 0.999718
63857: 0.999718
63858: 0.999718
63859: 0.999718
63860: 0.999718
63861: 0.999718
63862: 0.999718
63863: 0.999718
63864: 0.999718
63865: 0.999718
63866: 0.999718
63867: 0.999718
63868: 0.999718
63869: 0.999718
63870: 0.999718
63871: 0.999718
63872: 0.999718
63873: 0.999718
63874: 0.999718
63875: 0.999718
63876: 0.999718
63877: 0.999718
63878: 0.999718
63879: 0.999718
63880: 0.999718
63881: 0.999718
63882: 0.999718
63883: 0.999718
63884: 0.999718
63885: 0.999718
63886: 0.999718
63887: 0.999718
63888: 0.999718
63889: 0.999718
63890: 0.999718
63891: 0.999718
63892: 0.999718
63893: 0.999718
63894: 0.999718
63895: 0.999718
63896: 0.999718
63897: 0.999718
63898: 0.999718
63899: 0.999718
63900: 0.999718
63901: 0.999718
63902: 0.999718
63903: 0.999718
63904: 0.999718
63905: 0.999718
63906: 0.999718
63907: 0.999718
63908: 0.999718
63909: 0.999718
63910: 0.999718
63911: 0.999718
63912: 0.999718
63913: 0.999718
63914: 0.999718
63915: 0.999718
63916: 0.999718
63917: 0.999718
63918: 0.999718
63919: 0.999718
63920: 0.999718
63921: 0.999718
63922: 0.999718
63923: 0.999718
63924: 0.999718
63925: 0.999718
63926: 0.999718
63927: 0.999718
63928: 0.999718
63929: 0.999718
63930: 0.999718
63931: 0.999718
63932: 0.999718
63933: 0.999718
63934: 0.999718
63935: 0.999718
63936: 0.999718
63937: 0.999718
63938: 0.999718
63939: 0.999718
63940: 0.999718
63941: 0.999718
63942: 0.999718
63943: 0.999719
63944: 0.999719
63945: 0.999719
63946: 0.999719
63947: 0.999719
63948: 0.999719
63949: 0.999719
63950: 0.999719
63951: 0.999719
63952: 0.999719
63953: 0.999719
63954: 0.999719
63955: 0.999719
63956: 0.999719
63957: 0.999719
63958: 0.999719
63959: 0.999719
63960: 0.999719
63961: 0.999719
63962: 0.999719
63963: 0.999719
63964: 0.999719
63965: 0.999719
63966: 0.999719
63967: 0.999719
63968: 0.999719
63969: 0.999719
63970: 0.999719
63971: 0.999719
63972: 0.999719
63973: 0.999719
63974: 0.999719
63975: 0.999719
63976: 0.999719
63977: 0.999719
63978: 0.999719
63979: 0.999719
63980: 0.999719
63981: 0.999719
63982: 0.999719
63983: 0.999719
63984: 0.999719
63985: 0.999719
63986: 0.999719
63987: 0.999719
63988: 0.999719
63989: 0.999719
63990: 0.999719
63991: 0.999719
63992: 0.999719
63993: 0.999719
63994: 0.999719
63995: 0.999719
63996: 0.999719
63997: 0.999719
63998: 0.999719
63999: 0.999719
64000: 0.999719
64001: 0.999719
64002: 0.999719
64003: 0.999719
64004: 0.999719
64005: 0.999719
64006: 0.999719
64007: 0.999719
64008: 0.999719
64009: 0.999719
64010: 0.999719
64011: 0.999719
64012: 0.999719
64013: 0.999719
64014: 0.999719
64015: 0.999719
64016: 0.999719
64017: 0.999719
64018: 0.999719
64019: 0.999719
64020: 0.999719
64021: 0.999719
64022: 0.999719
64023: 0.999719
64024: 0.999719
64025: 0.999719
64026: 0.999719
64027: 0.999719
64028: 0.999719
64029: 0.999719
64030: 0.999719
64031: 0.999719
64032: 0.999719
64033: 0.999719
64034: 0.999719
64035: 0.999719
64036: 0.999719
64037: 0.999719
64038: 0.999719
64039: 0.999719
64040: 0.999719
64041: 0.999719
64042: 0.999719
64043: 0.999719
64044: 0.999719
64045: 0.999719
64046: 0.999719
64047: 0.999719
64048: 0.999719
64049: 0.999719
64050: 0.999719
64051: 0.999719
64052: 0.999719
64053: 0.999719
64054: 0.999719
64055: 0.999719
64056: 0.999719
64057: 0.999719
64058: 0.999719
64059: 0.999719
64060: 0.999719
64061: 0.999719
64062: 0.999719
64063: 0.999719
64064: 0.999719
64065: 0.999719
64066: 0.999719
64067: 0.999719
64068: 0.999719
64069: 0.999719
64070: 0.999719
64071: 0.999719
64072: 0.999719
64073: 0.999719
64074: 0.999719
64075: 0.999719
64076: 0.999719
64077: 0.999719
64078: 0.999719
64079: 0.999719
64080: 0.999719
64081: 0.999719
64082: 0.999719
64083: 0.999719
64084: 0.999719
64085: 0.999719
64086: 0.999719
64087: 0.999719
64088: 0.999719
64089: 0.999719
64090: 0.999719
64091: 0.999719
64092: 0.999719
64093: 0.999719
64094: 0.999719
64095: 0.999719
64096: 0.999719
64097: 0.999719
64098: 0.999719
64099: 0.999719
64100: 0.999719
64101: 0.999719
64102: 0.999719
64103: 0.999719
64104: 0.999719
64105: 0.999719
64106: 0.999719
64107: 0.999719
64108: 0.999719
64109: 0.999719
64110: 0.999719
64111: 0.999719
64112: 0.999719
64113: 0.999719
64114: 0.999719
64115: 0.999719
64116: 0.999719
64117: 0.999719
64118: 0.999719
64119: 0.999719
64120: 0.999719
64121: 0.999719
64122: 0.999719
64123: 0.999719
64124: 0.999719
64125: 0.999719
64126: 0.999719
64127: 0.999719
64128: 0.999719
64129: 0.999719
64130: 0.999719
64131: 0.999719
64132: 0.999719
64133: 0.999719
64134: 0.999719
64135: 0.999719
64136: 0.999719
64137: 0.999719
64138: 0.999719
64139: 0.999719
64140: 0.999719
64141: 0.999719
64142: 0.999719
64143: 0.999719
64144: 0.999719
64145: 0.999719
64146: 0.999719
64147: 0.999719
64148: 0.999719
64149: 0.999719
64150: 0.999719
64151: 0.999719
64152: 0.999719
64153: 0.999719
64154: 0.999719
64155: 0.999719
64156: 0.999719
64157: 0.999719
64158: 0.999719
64159: 0.999719
64160: 0.999719
64161: 0.999719
64162: 0.999719
64163: 0.999719
64164: 0.999719
64165: 0.999719
64166: 0.999719
64167: 0.999719
64168: 0.999719
64169: 0.999719
64170: 0.999719
64171: 0.99972
64172: 0.99972
64173: 0.99972
64174: 0.99972
64175: 0.99972
64176: 0.99972
64177: 0.99972
64178: 0.99972
64179: 0.99972
64180: 0.99972
64181: 0.99972
64182: 0.99972
64183: 0.99972
64184: 0.99972
64185: 0.99972
64186: 0.99972
64187: 0.99972
64188: 0.99972
64189: 0.99972
64190: 0.99972
64191: 0.99972
64192: 0.99972
64193: 0.99972
64194: 0.99972
64195: 0.99972
64196: 0.99972
64197: 0.99972
64198: 0.99972
64199: 0.99972
64200: 0.99972
64201: 0.99972
64202: 0.99972
64203: 0.99972
64204: 0.99972
64205: 0.99972
64206: 0.99972
64207: 0.99972
64208: 0.99972
64209: 0.99972
64210: 0.99972
64211: 0.99972
64212: 0.99972
64213: 0.99972
64214: 0.99972
64215: 0.99972
64216: 0.99972
64217: 0.99972
64218: 0.99972
64219: 0.99972
64220: 0.99972
64221: 0.99972
64222: 0.99972
64223: 0.99972
64224: 0.99972
64225: 0.99972
64226: 0.99972
64227: 0.99972
64228: 0.99972
64229: 0.99972
64230: 0.99972
64231: 0.99972
64232: 0.99972
64233: 0.99972
64234: 0.99972
64235: 0.99972
64236: 0.99972
64237: 0.99972
64238: 0.99972
64239: 0.99972
64240: 0.99972
64241: 0.99972
64242: 0.99972
64243: 0.99972
64244: 0.99972
64245: 0.99972
64246: 0.99972
64247: 0.99972
64248: 0.99972
64249: 0.99972
64250: 0.99972
64251: 0.99972
64252: 0.99972
64253: 0.99972
64254: 0.99972
64255: 0.99972
64256: 0.99972
64257: 0.99972
64258: 0.99972
64259: 0.99972
64260: 0.99972
64261: 0.99972
64262: 0.99972
64263: 0.99972
64264: 0.99972
64265: 0.99972
64266: 0.99972
64267: 0.99972
64268: 0.99972
64269: 0.99972
64270: 0.99972
64271: 0.99972
64272: 0.99972
64273: 0.99972
64274: 0.99972
64275: 0.99972
64276: 0.99972
64277: 0.99972
64278: 0.99972
64279: 0.99972
64280: 0.99972
64281: 0.99972
64282: 0.99972
64283: 0.99972
64284: 0.99972
64285: 0.99972
64286: 0.99972
64287: 0.99972
64288: 0.99972
64289: 0.99972
64290: 0.99972
64291: 0.99972
64292: 0.99972
64293: 0.99972
64294: 0.99972
64295: 0.99972
64296: 0.99972
64297: 0.99972
64298: 0.99972
64299: 0.99972
64300: 0.99972
64301: 0.99972
64302: 0.99972
64303: 0.99972
64304: 0.99972
64305: 0.99972
64306: 0.99972
64307: 0.99972
64308: 0.99972
64309: 0.99972
64310: 0.99972
64311: 0.99972
64312: 0.99972
64313: 0.99972
64314: 0.99972
64315: 0.99972
64316: 0.99972
64317: 0.99972
64318: 0.99972
64319: 0.99972
64320: 0.99972
64321: 0.99972
64322: 0.99972
64323: 0.99972
64324: 0.99972
64325: 0.99972
64326: 0.99972
64327: 0.99972
64328: 0.99972
64329: 0.99972
64330: 0.99972
64331: 0.99972
64332: 0.99972
64333: 0.99972
64334: 0.99972
64335: 0.99972
64336: 0.99972
64337: 0.99972
64338: 0.99972
64339: 0.99972
64340: 0.99972
64341: 0.99972
64342: 0.99972
64343: 0.99972
64344: 0.99972
64345: 0.99972
64346: 0.99972
64347: 0.99972
64348: 0.99972
64349: 0.99972
64350: 0.99972
64351: 0.99972
64352: 0.99972
64353: 0.99972
64354: 0.99972
64355: 0.99972
64356: 0.99972
64357: 0.99972
64358: 0.99972
64359: 0.99972
64360: 0.99972
64361: 0.99972
64362: 0.99972
64363: 0.99972
64364: 0.99972
64365: 0.99972
64366: 0.99972
64367: 0.99972
64368: 0.99972
64369: 0.99972
64370: 0.99972
64371: 0.99972
64372: 0.99972
64373: 0.99972
64374: 0.99972
64375: 0.99972
64376: 0.99972
64377: 0.99972
64378: 0.99972
64379: 0.99972
64380: 0.99972
64381: 0.99972
64382: 0.99972
64383: 0.99972
64384: 0.99972
64385: 0.99972
64386: 0.99972
64387: 0.99972
64388: 0.99972
64389: 0.99972
64390: 0.99972
64391: 0.99972
64392: 0.99972
64393: 0.99972
64394: 0.99972
64395: 0.99972
64396: 0.99972
64397: 0.99972
64398: 0.99972
64399: 0.99972
64400: 0.999721
64401: 0.999721
64402: 0.999721
64403: 0.999721
64404: 0.999721
64405: 0.999721
64406: 0.999721
64407: 0.999721
64408: 0.999721
64409: 0.999721
64410: 0.999721
64411: 0.999721
64412: 0.999721
64413: 0.999721
64414: 0.999721
64415: 0.999721
64416: 0.999721
64417: 0.999721
64418: 0.999721
64419: 0.999721
64420: 0.999721
64421: 0.999721
64422: 0.999721
64423: 0.999721
64424: 0.999721
64425: 0.999721
64426: 0.999721
64427: 0.999721
64428: 0.999721
64429: 0.999721
64430: 0.999721
64431: 0.999721
64432: 0.999721
64433: 0.999721
64434: 0.999721
64435: 0.999721
64436: 0.999721
64437: 0.999721
64438: 0.999721
64439: 0.999721
64440: 0.999721
64441: 0.999721
64442: 0.999721
64443: 0.999721
64444: 0.999721
64445: 0.999721
64446: 0.999721
64447: 0.999721
64448: 0.999721
64449: 0.999721
64450: 0.999721
64451: 0.999721
64452: 0.999721
64453: 0.999721
64454: 0.999721
64455: 0.999721
64456: 0.999721
64457: 0.999721
64458: 0.999721
64459: 0.999721
64460: 0.999721
64461: 0.999721
64462: 0.999721
64463: 0.999721
64464: 0.999721
64465: 0.999721
64466: 0.999721
64467: 0.999721
64468: 0.999721
64469: 0.999721
64470: 0.999721
64471: 0.999721
64472: 0.999721
64473: 0.999721
64474: 0.999721
64475: 0.999721
64476: 0.999721
64477: 0.999721
64478: 0.999721
64479: 0.999721
64480: 0.999721
64481: 0.999721
64482: 0.999721
64483: 0.999721
64484: 0.999721
64485: 0.999721
64486: 0.999721
64487: 0.999721
64488: 0.999721
64489: 0.999721
64490: 0.999721
64491: 0.999721
64492: 0.999721
64493: 0.999721
64494: 0.999721
64495: 0.999721
64496: 0.999721
64497: 0.999721
64498: 0.999721
64499: 0.999721
64500: 0.999721
64501: 0.999721
64502: 0.999721
64503: 0.999721
64504: 0.999721
64505: 0.999721
64506: 0.999721
64507: 0.999721
64508: 0.999721
64509: 0.999721
64510: 0.999721
64511: 0.999721
64512: 0.999721
64513: 0.999721
64514: 0.999721
64515: 0.999721
64516: 0.999721
64517: 0.999721
64518: 0.999721
64519: 0.999721
64520: 0.999721
64521: 0.999721
64522: 0.999721
64523: 0.999721
64524: 0.999721
64525: 0.999721
64526: 0.999721
64527: 0.999721
64528: 0.999721
64529: 0.999721
64530: 0.999721
64531: 0.999721
64532: 0.999721
64533: 0.999721
64534: 0.999721
64535: 0.999721
64536: 0.999721
64537: 0.999721
64538: 0.999721
64539: 0.999721
64540: 0.999721
64541: 0.999721
64542: 0.999721
64543: 0.999721
64544: 0.999721
64545: 0.999721
64546: 0.999721
64547: 0.999721
64548: 0.999721
64549: 0.999721
64550: 0.999721
64551: 0.999721
64552: 0.999721
64553: 0.999721
64554: 0.999721
64555: 0.999721
64556: 0.999721
64557: 0.999721
64558: 0.999721
64559: 0.999721
64560: 0.999721
64561: 0.999721
64562: 0.999721
64563: 0.999721
64564: 0.999721
64565: 0.999721
64566: 0.999721
64567: 0.999721
64568: 0.999721
64569: 0.999721
64570: 0.999721
64571: 0.999721
64572: 0.999721
64573: 0.999721
64574: 0.999721
64575: 0.999721
64576: 0.999721
64577: 0.999721
64578: 0.999721
64579: 0.999721
64580: 0.999721
64581: 0.999721
64582: 0.999721
64583: 0.999721
64584: 0.999721
64585: 0.999721
64586: 0.999721
64587: 0.999721
64588: 0.999721
64589: 0.999721
64590: 0.999721
64591: 0.999721
64592: 0.999721
64593: 0.999721
64594: 0.999721
64595: 0.999721
64596: 0.999721
64597: 0.999721
64598: 0.999721
64599: 0.999721
64600: 0.999721
64601: 0.999721
64602: 0.999721
64603: 0.999721
64604: 0.999721
64605: 0.999721
64606: 0.999721
64607: 0.999721
64608: 0.999721
64609: 0.999721
64610: 0.999721
64611: 0.999721
64612: 0.999721
64613: 0.999721
64614: 0.999721
64615: 0.999721
64616: 0.999721
64617: 0.999721
64618: 0.999721
64619: 0.999721
64620: 0.999721
64621: 0.999721
64622: 0.999721
64623: 0.999721
64624: 0.999721
64625: 0.999721
64626: 0.999721
64627: 0.999721
64628: 0.999721
64629: 0.999721
64630: 0.999721
64631: 0.999722
64632: 0.999722
64633: 0.999722
64634: 0.999722
64635: 0.999722
64636: 0.999722
64637: 0.999722
64638: 0.999722
64639: 0.999722
64640: 0.999722
64641: 0.999722
64642: 0.999722
64643: 0.999722
64644: 0.999722
64645: 0.999722
64646: 0.999722
64647: 0.999722
64648: 0.999722
64649: 0.999722
64650: 0.999722
64651: 0.999722
64652: 0.999722
64653: 0.999722
64654: 0.999722
64655: 0.999722
64656: 0.999722
64657: 0.999722
64658: 0.999722
64659: 0.999722
64660: 0.999722
64661: 0.999722
64662: 0.999722
64663: 0.999722
64664: 0.999722
64665: 0.999722
64666: 0.999722
64667: 0.999722
64668: 0.999722
64669: 0.999722
64670: 0.999722
64671: 0.999722
64672: 0.999722
64673: 0.999722
64674: 0.999722
64675: 0.999722
64676: 0.999722
64677: 0.999722
64678: 0.999722
64679: 0.999722
64680: 0.999722
64681: 0.999722
64682: 0.999722
64683: 0.999722
64684: 0.999722
64685: 0.999722
64686: 0.999722
64687: 0.999722
64688: 0.999722
64689: 0.999722
64690: 0.999722
64691: 0.999722
64692: 0.999722
64693: 0.999722
64694: 0.999722
64695: 0.999722
64696: 0.999722
64697: 0.999722
64698: 0.999722
64699: 0.999722
64700: 0.999722
64701: 0.999722
64702: 0.999722
64703: 0.999722
64704: 0.999722
64705: 0.999722
64706: 0.999722
64707: 0.999722
64708: 0.999722
64709: 0.999722
64710: 0.999722
64711: 0.999722
64712: 0.999722
64713: 0.999722
64714: 0.999722
64715: 0.999722
64716: 0.999722
64717: 0.999722
64718: 0.999722
64719: 0.999722
64720: 0.999722
64721: 0.999722
64722: 0.999722
64723: 0.999722
64724: 0.999722
64725: 0.999722
64726: 0.999722
64727: 0.999722
64728: 0.999722
64729: 0.999722
64730: 0.999722
64731: 0.999722
64732: 0.999722
64733: 0.999722
64734: 0.999722
64735: 0.999722
64736: 0.999722
64737: 0.999722
64738: 0.999722
64739: 0.999722
64740: 0.999722
64741: 0.999722
64742: 0.999722
64743: 0.999722
64744: 0.999722
64745: 0.999722
64746: 0.999722
64747: 0.999722
64748: 0.999722
64749: 0.999722
64750: 0.999722
64751: 0.999722
64752: 0.999722
64753: 0.999722
64754: 0.999722
64755: 0.999722
64756: 0.999722
64757: 0.999722
64758: 0.999722
64759: 0.999722
64760: 0.999722
64761: 0.999722
64762: 0.999722
64763: 0.999722
64764: 0.999722
64765: 0.999722
64766: 0.999722
64767: 0.999722
64768: 0.999722
64769: 0.999722
64770: 0.999722
64771: 0.999722
64772: 0.999722
64773: 0.999722
64774: 0.999722
64775: 0.999722
64776: 0.999722
64777: 0.999722
64778: 0.999722
64779: 0.999722
64780: 0.999722
64781: 0.999722
64782: 0.999722
64783: 0.999722
64784: 0.999722
64785: 0.999722
64786: 0.999722
64787: 0.999722
64788: 0.999722
64789: 0.999722
64790: 0.999722
64791: 0.999722
64792: 0.999722
64793: 0.999722
64794: 0.999722
64795: 0.999722
64796: 0.999722
64797: 0.999722
64798: 0.999722
64799: 0.999722
64800: 0.999722
64801: 0.999722
64802: 0.999722
64803: 0.999722
64804: 0.999722
64805: 0.999722
64806: 0.999722
64807: 0.999722
64808: 0.999722
64809: 0.999722
64810: 0.999722
64811: 0.999722
64812: 0.999722
64813: 0.999722
64814: 0.999722
64815: 0.999722
64816: 0.999722
64817: 0.999722
64818: 0.999722
64819: 0.999722
64820: 0.999722
64821: 0.999722
64822: 0.999722
64823: 0.999722
64824: 0.999722
64825: 0.999722
64826: 0.999722
64827: 0.999722
64828: 0.999722
64829: 0.999722
64830: 0.999722
64831: 0.999722
64832: 0.999722
64833: 0.999722
64834: 0.999722
64835: 0.999722
64836: 0.999722
64837: 0.999722
64838: 0.999722
64839: 0.999722
64840: 0.999722
64841: 0.999722
64842: 0.999722
64843: 0.999722
64844: 0.999722
64845: 0.999722
64846: 0.999722
64847: 0.999722
64848: 0.999722
64849: 0.999722
64850: 0.999722
64851: 0.999722
64852: 0.999722
64853: 0.999722
64854: 0.999722
64855: 0.999722
64856: 0.999722
64857: 0.999722
64858: 0.999722
64859: 0.999722
64860: 0.999722
64861: 0.999722
64862: 0.999722
64863: 0.999722
64864: 0.999723
64865: 0.999723
64866: 0.999723
64867: 0.999723
64868: 0.999723
64869: 0.999723
64870: 0.999723
64871: 0.999723
64872: 0.999723
64873: 0.999723
64874: 0.999723
64875: 0.999723
64876: 0.999723
64877: 0.999723
64878: 0.999723
64879: 0.999723
64880: 0.999723
64881: 0.999723
64882: 0.999723
64883: 0.999723
64884: 0.999723
64885: 0.999723
64886: 0.999723
64887: 0.999723
64888: 0.999723
64889: 0.999723
64890: 0.999723
64891: 0.999723
64892: 0.999723
64893: 0.999723
64894: 0.999723
64895: 0.999723
64896: 0.999723
64897: 0.999723
64898: 0.999723
64899: 0.999723
64900: 0.999723
64901: 0.999723
64902: 0.999723
64903: 0.999723
64904: 0.999723
64905: 0.999723
64906: 0.999723
64907: 0.999723
64908: 0.999723
64909: 0.999723
64910: 0.999723
64911: 0.999723
64912: 0.999723
64913: 0.999723
64914: 0.999723
64915: 0.999723
64916: 0.999723
64917: 0.999723
64918: 0.999723
64919: 0.999723
64920: 0.999723
64921: 0.999723
64922: 0.999723
64923: 0.999723
64924: 0.999723
64925: 0.999723
64926: 0.999723
64927: 0.999723
64928: 0.999723
64929: 0.999723
64930: 0.999723
64931: 0.999723
64932: 0.999723
64933: 0.999723
64934: 0.999723
64935: 0.999723
64936: 0.999723
64937: 0.999723
64938: 0.999723
64939: 0.999723
64940: 0.999723
64941: 0.999723
64942: 0.999723
64943: 0.999723
64944: 0.999723
64945: 0.999723
64946: 0.999723
64947: 0.999723
64948: 0.999723
64949: 0.999723
64950: 0.999723
64951: 0.999723
64952: 0.999723
64953: 0.999723
64954: 0.999723
64955: 0.999723
64956: 0.999723
64957: 0.999723
64958: 0.999723
64959: 0.999723
64960: 0.999723
64961: 0.999723
64962: 0.999723
64963: 0.999723
64964: 0.999723
64965: 0.999723
64966: 0.999723
64967: 0.999723
64968: 0.999723
64969: 0.999723
64970: 0.999723
64971: 0.999723
64972: 0.999723
64973: 0.999723
64974: 0.999723
64975: 0.999723
64976: 0.999723
64977: 0.999723
64978: 0.999723
64979: 0.999723
64980: 0.999723
64981: 0.999723
64982: 0.999723
64983: 0.999723
64984: 0.999723
64985: 0.999723
64986: 0.999723
64987: 0.999723
64988: 0.999723
64989: 0.999723
64990: 0.999723
64991: 0.999723
64992: 0.999723
64993: 0.999723
64994: 0.999723
64995: 0.999723
64996: 0.999723
64997: 0.999723
64998: 0.999723
64999: 0.999723
65000: 0.999723
65001: 0.999723
65002: 0.999723
65003: 0.999723
65004: 0.999723
65005: 0.999723
65006: 0.999723
65007: 0.999723
65008: 0.999723
65009: 0.999723
65010: 0.999723
65011: 0.999723
65012: 0.999723
65013: 0.999723
65014: 0.999723
65015: 0.999723
65016: 0.999723
65017: 0.999723
65018: 0.999723
65019: 0.999723
65020: 0.999723
65021: 0.999723
65022: 0.999723
65023: 0.999723
65024: 0.999723
65025: 0.999723
65026: 0.999723
65027: 0.999723
65028: 0.999723
65029: 0.999723
65030: 0.999723
65031: 0.999723
65032: 0.999723
65033: 0.999723
65034: 0.999723
65035: 0.999723
65036: 0.999723
65037: 0.999723
65038: 0.999723
65039: 0.999723
65040: 0.999723
65041: 0.999723
65042: 0.999723
65043: 0.999723
65044: 0.999723
65045: 0.999723
65046: 0.999723
65047: 0.999723
65048: 0.999723
65049: 0.999723
65050: 0.999723
65051: 0.999723
65052: 0.999723
65053: 0.999723
65054: 0.999723
65055: 0.999723
65056: 0.999723
65057: 0.999723
65058: 0.999723
65059: 0.999723
65060: 0.999723
65061: 0.999723
65062: 0.999723
65063: 0.999723
65064: 0.999723
65065: 0.999723
65066: 0.999723
65067: 0.999723
65068: 0.999723
65069: 0.999723
65070: 0.999723
65071: 0.999723
65072: 0.999723
65073: 0.999723
65074: 0.999723
65075: 0.999723
65076: 0.999723
65077: 0.999723
65078: 0.999723
65079: 0.999723
65080: 0.999723
65081: 0.999723
65082: 0.999723
65083: 0.999723
65084: 0.999723
65085: 0.999723
65086: 0.999723
65087: 0.999723
65088: 0.999723
65089: 0.999723
65090: 0.999723
65091: 0.999723
65092: 0.999723
65093: 0.999723
65094: 0.999723
65095: 0.999723
65096: 0.999723
65097: 0.999723
65098: 0.999723
65099: 0.999724
65100: 0.999724
65101: 0.999724
65102: 0.999724
65103: 0.999724
65104: 0.999724
65105: 0.999724
65106: 0.999724
65107: 0.999724
65108: 0.999724
65109: 0.999724
65110: 0.999724
65111: 0.999724
65112: 0.999724
65113: 0.999724
65114: 0.999724
65115: 0.999724
65116: 0.999724
65117: 0.999724
65118: 0.999724
65119: 0.999724
65120: 0.999724
65121: 0.999724
65122: 0.999724
65123: 0.999724
65124: 0.999724
65125: 0.999724
65126: 0.999724
65127: 0.999724
65128: 0.999724
65129: 0.999724
65130: 0.999724
65131: 0.999724
65132: 0.999724
65133: 0.999724
65134: 0.999724
65135: 0.999724
65136: 0.999724
65137: 0.999724
65138: 0.999724
65139: 0.999724
65140: 0.999724
65141: 0.999724
65142: 0.999724
65143: 0.999724
65144: 0.999724
65145: 0.999724
65146: 0.999724
65147: 0.999724
65148: 0.999724
65149: 0.999724
65150: 0.999724
65151: 0.999724
65152: 0.999724
65153: 0.999724
65154: 0.999724
65155: 0.999724
65156: 0.999724
65157: 0.999724
65158: 0.999724
65159: 0.999724
65160: 0.999724
65161: 0.999724
65162: 0.999724
65163: 0.999724
65164: 0.999724
65165: 0.999724
65166: 0.999724
65167: 0.999724
65168: 0.999724
65169: 0.999724
65170: 0.999724
65171: 0.999724
65172: 0.999724
65173: 0.999724
65174: 0.999724
65175: 0.999724
65176: 0.999724
65177: 0.999724
65178: 0.999724
65179: 0.999724
65180: 0.999724
65181: 0.999724
65182: 0.999724
65183: 0.999724
65184: 0.999724
65185: 0.999724
65186: 0.999724
65187: 0.999724
65188: 0.999724
65189: 0.999724
65190: 0.999724
65191: 0.999724
65192: 0.999724
65193: 0.999724
65194: 0.999724
65195: 0.999724
65196: 0.999724
65197: 0.999724
65198: 0.999724
65199: 0.999724
65200: 0.999724
65201: 0.999724
65202: 0.999724
65203: 0.999724
65204: 0.999724
65205: 0.999724
65206: 0.999724
65207: 0.999724
65208: 0.999724
65209: 0.999724
65210: 0.999724
65211: 0.999724
65212: 0.999724
65213: 0.999724
65214: 0.999724
65215: 0.999724
65216: 0.999724
65217: 0.999724
65218: 0.999724
65219: 0.999724
65220: 0.999724
65221: 0.999724
65222: 0.999724
65223: 0.999724
65224: 0.999724
65225: 0.999724
65226: 0.999724
65227: 0.999724
65228: 0.999724
65229: 0.999724
65230: 0.999724
65231: 0.999724
65232: 0.999724
65233: 0.999724
65234: 0.999724
65235: 0.999724
65236: 0.999724
65237: 0.999724
65238: 0.999724
65239: 0.999724
65240: 0.999724
65241: 0.999724
65242: 0.999724
65243: 0.999724
65244: 0.999724
65245: 0.999724
65246: 0.999724
65247: 0.999724
65248: 0.999724
65249: 0.999724
65250: 0.999724
65251: 0.999724
65252: 0.999724
65253: 0.999724
65254: 0.999724
65255: 0.999724
65256: 0.999724
65257: 0.999724
65258: 0.999724
65259: 0.999724
65260: 0.999724
65261: 0.999724
65262: 0.999724
65263: 0.999724
65264: 0.999724
65265: 0.999724
65266: 0.999724
65267: 0.999724
65268: 0.999724
65269: 0.999724
65270: 0.999724
65271: 0.999724
65272: 0.999724
65273: 0.999724
65274: 0.999724
65275: 0.999724
65276: 0.999724
65277: 0.999724
65278: 0.999724
65279: 0.999724
65280: 0.999724
65281: 0.999724
65282: 0.999724
65283: 0.999724
65284: 0.999724
65285: 0.999724
65286: 0.999724
65287: 0.999724
65288: 0.999724
65289: 0.999724
65290: 0.999724
65291: 0.999724
65292: 0.999724
65293: 0.999724
65294: 0.999724
65295: 0.999724
65296: 0.999724
65297: 0.999724
65298: 0.999724
65299: 0.999724
65300: 0.999724
65301: 0.999724
65302: 0.999724
65303: 0.999724
65304: 0.999724
65305: 0.999724
65306: 0.999724
65307: 0.999724
65308: 0.999724
65309: 0.999724
65310: 0.999724
65311: 0.999724
65312: 0.999724
65313: 0.999724
65314: 0.999724
65315: 0.999724
65316: 0.999724
65317: 0.999724
65318: 0.999724
65319: 0.999724
65320: 0.999724
65321: 0.999724
65322: 0.999724
65323: 0.999724
65324: 0.999724
65325: 0.999724
65326: 0.999724
65327: 0.999724
65328: 0.999724
65329: 0.999724
65330: 0.999724
65331: 0.999724
65332: 0.999724
65333: 0.999724
65334: 0.999724
65335: 0.999725
65336: 0.999725
65337: 0.999725
65338: 0.999725
65339: 0.999725
65340: 0.999725
65341: 0.999725
65342: 0.999725
65343: 0.999725
65344: 0.999725
65345: 0.999725
65346: 0.999725
65347: 0.999725
65348: 0.999725
65349: 0.999725
65350: 0.999725
65351: 0.999725
65352: 0.999725
65353: 0.999725
65354: 0.999725
65355: 0.999725
65356: 0.999725
65357: 0.999725
65358: 0.999725
65359: 0.999725
65360: 0.999725
65361: 0.999725
65362: 0.999725
65363: 0.999725
65364: 0.999725
65365: 0.999725
65366: 0.999725
65367: 0.999725
65368: 0.999725
65369: 0.999725
65370: 0.999725
65371: 0.999725
65372: 0.999725
65373: 0.999725
65374: 0.999725
65375: 0.999725
65376: 0.999725
65377: 0.999725
65378: 0.999725
65379: 0.999725
65380: 0.999725
65381: 0.999725
65382: 0.999725
65383: 0.999725
65384: 0.999725
65385: 0.999725
65386: 0.999725
65387: 0.999725
65388: 0.999725
65389: 0.999725
65390: 0.999725
65391: 0.999725
65392: 0.999725
65393: 0.999725
65394: 0.999725
65395: 0.999725
65396: 0.999725
65397: 0.999725
65398: 0.999725
65399: 0.999725
65400: 0.999725
65401: 0.999725
65402: 0.999725
65403: 0.999725
65404: 0.999725
65405: 0.999725
65406: 0.999725
65407: 0.999725
65408: 0.999725
65409: 0.999725
65410: 0.999725
65411: 0.999725
65412: 0.999725
65413: 0.999725
65414: 0.999725
65415: 0.999725
65416: 0.999725
65417: 0.999725
65418: 0.999725
65419: 0.999725
65420: 0.999725
65421: 0.999725
65422: 0.999725
65423: 0.999725
65424: 0.999725
65425: 0.999725
65426: 0.999725
65427: 0.999725
65428: 0.999725
65429: 0.999725
65430: 0.999725
65431: 0.999725
65432: 0.999725
65433: 0.999725
65434: 0.999725
65435: 0.999725
65436: 0.999725
65437: 0.999725
65438: 0.999725
65439: 0.999725
65440: 0.999725
65441: 0.999725
65442: 0.999725
65443: 0.999725
65444: 0.999725
65445: 0.999725
65446: 0.999725
65447: 0.999725
65448: 0.999725
65449: 0.999725
65450: 0.999725
65451: 0.999725
65452: 0.999725
65453: 0.999725
65454: 0.999725
65455: 0.999725
65456: 0.999725
65457: 0.999725
65458: 0.999725
65459: 0.999725
65460: 0.999725
65461: 0.999725
65462: 0.999725
65463: 0.999725
65464: 0.999725
65465: 0.999725
65466: 0.999725
65467: 0.999725
65468: 0.999725
65469: 0.999725
65470: 0.999725
65471: 0.999725
65472: 0.999725
65473: 0.999725
65474: 0.999725
65475: 0.999725
65476: 0.999725
65477: 0.999725
65478: 0.999725
65479: 0.999725
65480: 0.999725
65481: 0.999725
65482: 0.999725
65483: 0.999725
65484: 0.999725
65485: 0.999725
65486: 0.999725
65487: 0.999725
65488: 0.999725
65489: 0.999725
65490: 0.999725
65491: 0.999725
65492: 0.999725
65493: 0.999725
65494: 0.999725
65495: 0.999725
65496: 0.999725
65497: 0.999725
65498: 0.999725
65499: 0.999725
65500: 0.999725
65501: 0.999725
65502: 0.999725
65503: 0.999725
65504: 0.999725
65505: 0.999725
65506: 0.999725
65507: 0.999725
65508: 0.999725
65509: 0.999725
65510: 0.999725
65511: 0.999725
65512: 0.999725
65513: 0.999725
65514: 0.999725
65515: 0.999725
65516: 0.999725
65517: 0.999725
65518: 0.999725
65519: 0.999725
65520: 0.999725
65521: 0.999725
65522: 0.999725
65523: 0.999725
65524: 0.999725
65525: 0.999725
65526: 0.999725
65527: 0.999725
65528: 0.999725
65529: 0.999725
65530: 0.999725
65531: 0.999725
65532: 0.999725
65533: 0.999725
65534: 0.999725
65535: 0.999725
65536: 0.999725
65537: 0.999725
65538: 0.999725
65539: 0.999725
65540: 0.999725
65541: 0.999725
65542: 0.999725
65543: 0.999725
65544: 0.999725
65545: 0.999725
65546: 0.999725
65547: 0.999725
65548: 0.999725
65549: 0.999725
65550: 0.999725
65551: 0.999725
65552: 0.999725
65553: 0.999725
65554: 0.999725
65555: 0.999725
65556: 0.999725
65557: 0.999725
65558: 0.999725
65559: 0.999725
65560: 0.999725
65561: 0.999725
65562: 0.999725
65563: 0.999725
65564: 0.999725
65565: 0.999725
65566: 0.999725
65567: 0.999725
65568: 0.999725
65569: 0.999725
65570: 0.999725
65571: 0.999725
65572: 0.999725
65573: 0.999726
65574: 0.999726
65575: 0.999726
65576: 0.999726
65577: 0.999726
65578: 0.999726
65579: 0.999726
65580: 0.999726
65581: 0.999726
65582: 0.999726
65583: 0.999726
65584: 0.999726
65585: 0.999726
65586: 0.999726
65587: 0.999726
65588: 0.999726
65589: 0.999726
65590: 0.999726
65591: 0.999726
65592: 0.999726
65593: 0.999726
65594: 0.999726
65595: 0.999726
65596: 0.999726
65597: 0.999726
65598: 0.999726
65599: 0.999726
65600: 0.999726
65601: 0.999726
65602: 0.999726
65603: 0.999726
65604: 0.999726
65605: 0.999726
65606: 0.999726
65607: 0.999726
65608: 0.999726
65609: 0.999726
65610: 0.999726
65611: 0.999726
65612: 0.999726
65613: 0.999726
65614: 0.999726
65615: 0.999726
65616: 0.999726
65617: 0.999726
65618: 0.999726
65619: 0.999726
65620: 0.999726
65621: 0.999726
65622: 0.999726
65623: 0.999726
65624: 0.999726
65625: 0.999726
65626: 0.999726
65627: 0.999726
65628: 0.999726
65629: 0.999726
65630: 0.999726
65631: 0.999726
65632: 0.999726
65633: 0.999726
65634: 0.999726
65635: 0.999726
65636: 0.999726
65637: 0.999726
65638: 0.999726
65639: 0.999726
65640: 0.999726
65641: 0.999726
65642: 0.999726
65643: 0.999726
65644: 0.999726
65645: 0.999726
65646: 0.999726
65647: 0.999726
65648: 0.999726
65649: 0.999726
65650: 0.999726
65651: 0.999726
65652: 0.999726
65653: 0.999726
65654: 0.999726
65655: 0.999726
65656: 0.999726
65657: 0.999726
65658: 0.999726
65659: 0.999726
65660: 0.999726
65661: 0.999726
65662: 0.999726
65663: 0.999726
65664: 0.999726
65665: 0.999726
65666: 0.999726
65667: 0.999726
65668: 0.999726
65669: 0.999726
65670: 0.999726
65671: 0.999726
65672: 0.999726
65673: 0.999726
65674: 0.999726
65675: 0.999726
65676: 0.999726
65677: 0.999726
65678: 0.999726
65679: 0.999726
65680: 0.999726
65681: 0.999726
65682: 0.999726
65683: 0.999726
65684: 0.999726
65685: 0.999726
65686: 0.999726
65687: 0.999726
65688: 0.999726
65689: 0.999726
65690: 0.999726
65691: 0.999726
65692: 0.999726
65693: 0.999726
65694: 0.999726
65695: 0.999726
65696: 0.999726
65697: 0.999726
65698: 0.999726
65699: 0.999726
65700: 0.999726
65701: 0.999726
65702: 0.999726
65703: 0.999726
65704: 0.999726
65705: 0.999726
65706: 0.999726
65707: 0.999726
65708: 0.999726
65709: 0.999726
65710: 0.999726
65711: 0.999726
65712: 0.999726
65713: 0.999726
65714: 0.999726
65715: 0.999726
65716: 0.999726
65717: 0.999726
65718: 0.999726
65719: 0.999726
65720: 0.999726
65721: 0.999726
65722: 0.999726
65723: 0.999726
65724: 0.999726
65725: 0.999726
65726: 0.999726
65727: 0.999726
65728: 0.999726
65729: 0.999726
65730: 0.999726
65731: 0.999726
65732: 0.999726
65733: 0.999726
65734: 0.999726
65735: 0.999726
65736: 0.999726
65737: 0.999726
65738: 0.999726
65739: 0.999726
65740: 0.999726
65741: 0.999726
65742: 0.999726
65743: 0.999726
65744: 0.999726
65745: 0.999726
65746: 0.999726
65747: 0.999726
65748: 0.999726
65749: 0.999726
65750: 0.999726
65751: 0.999726
65752: 0.999726
65753: 0.999726
65754: 0.999726
65755: 0.999726
65756: 0.999726
65757: 0.999726
65758: 0.999726
65759: 0.999726
65760: 0.999726
65761: 0.999726
65762: 0.999726
65763: 0.999726
65764: 0.999726
65765: 0.999726
65766: 0.999726
65767: 0.999726
65768: 0.999726
65769: 0.999726
65770: 0.999726
65771: 0.999726
65772: 0.999726
65773: 0.999726
65774: 0.999726
65775: 0.999726
65776: 0.999726
65777: 0.999726
65778: 0.999726
65779: 0.999726
65780: 0.999726
65781: 0.999726
65782: 0.999726
65783: 0.999726
65784: 0.999726
65785: 0.999726
65786: 0.999726
65787: 0.999726
65788: 0.999726
65789: 0.999726
65790: 0.999726
65791: 0.999726
65792: 0.999726
65793: 0.999726
65794: 0.999726
65795: 0.999726
65796: 0.999726
65797: 0.999726
65798: 0.999726
65799: 0.999726
65800: 0.999726
65801: 0.999726
65802: 0.999726
65803: 0.999726
65804: 0.999726
65805: 0.999726
65806: 0.999726
65807: 0.999726
65808: 0.999726
65809: 0.999726
65810: 0.999726
65811: 0.999726
65812: 0.999726
65813: 0.999727
65814: 0.999727
65815: 0.999727
65816: 0.999727
65817: 0.999727
65818: 0.999727
65819: 0.999727
65820: 0.999727
65821: 0.999727
65822: 0.999727
65823: 0.999727
65824: 0.999727
65825: 0.999727
65826: 0.999727
65827: 0.999727
65828: 0.999727
65829: 0.999727
65830: 0.999727
65831: 0.999727
65832: 0.999727
65833: 0.999727
65834: 0.999727
65835: 0.999727
65836: 0.999727
65837: 0.999727
65838: 0.999727
65839: 0.999727
65840: 0.999727
65841: 0.999727
65842: 0.999727
65843: 0.999727
65844: 0.999727
65845: 0.999727
65846: 0.999727
65847: 0.999727
65848: 0.999727
65849: 0.999727
65850: 0.999727
65851: 0.999727
65852: 0.999727
65853: 0.999727
65854: 0.999727
65855: 0.999727
65856: 0.999727
65857: 0.999727
65858: 0.999727
65859: 0.999727
65860: 0.999727
65861: 0.999727
65862: 0.999727
65863: 0.999727
65864: 0.999727
65865: 0.999727
65866: 0.999727
65867: 0.999727
65868: 0.999727
65869: 0.999727
65870: 0.999727
65871: 0.999727
65872: 0.999727
65873: 0.999727
65874: 0.999727
65875: 0.999727
65876: 0.999727
65877: 0.999727
65878: 0.999727
65879: 0.999727
65880: 0.999727
65881: 0.999727
65882: 0.999727
65883: 0.999727
65884: 0.999727
65885: 0.999727
65886: 0.999727
65887: 0.999727
65888: 0.999727
65889: 0.999727
65890: 0.999727
65891: 0.999727
65892: 0.999727
65893: 0.999727
65894: 0.999727
65895: 0.999727
65896: 0.999727
65897: 0.999727
65898: 0.999727
65899: 0.999727
65900: 0.999727
65901: 0.999727
65902: 0.999727
65903: 0.999727
65904: 0.999727
65905: 0.999727
65906: 0.999727
65907: 0.999727
65908: 0.999727
65909: 0.999727
65910: 0.999727
65911: 0.999727
65912: 0.999727
65913: 0.999727
65914: 0.999727
65915: 0.999727
65916: 0.999727
65917: 0.999727
65918: 0.999727
65919: 0.999727
65920: 0.999727
65921: 0.999727
65922: 0.999727
65923: 0.999727
65924: 0.999727
65925: 0.999727
65926: 0.999727
65927: 0.999727
65928: 0.999727
65929: 0.999727
65930: 0.999727
65931: 0.999727
65932: 0.999727
65933: 0.999727
65934: 0.999727
65935: 0.999727
65936: 0.999727
65937: 0.999727
65938: 0.999727
65939: 0.999727
65940: 0.999727
65941: 0.999727
65942: 0.999727
65943: 0.999727
65944: 0.999727
65945: 0.999727
65946: 0.999727
65947: 0.999727
65948: 0.999727
65949: 0.999727
65950: 0.999727
65951: 0.999727
65952: 0.999727
65953: 0.999727
65954: 0.999727
65955: 0.999727
65956: 0.999727
65957: 0.999727
65958: 0.999727
65959: 0.999727
65960: 0.999727
65961: 0.999727
65962: 0.999727
65963: 0.999727
65964: 0.999727
65965: 0.999727
65966: 0.999727
65967: 0.999727
65968: 0.999727
65969: 0.999727
65970: 0.999727
65971: 0.999727
65972: 0.999727
65973: 0.999727
65974: 0.999727
65975: 0.999727
65976: 0.999727
65977: 0.999727
65978: 0.999727
65979: 0.999727
65980: 0.999727
65981: 0.999727
65982: 0.999727
65983: 0.999727
65984: 0.999727
65985: 0.999727
65986: 0.999727
65987: 0.999727
65988: 0.999727
65989: 0.999727
65990: 0.999727
65991: 0.999727
65992: 0.999727
65993: 0.999727
65994: 0.999727
65995: 0.999727
65996: 0.999727
65997: 0.999727
65998: 0.999727
65999: 0.999727
66000: 0.999727
66001: 0.999727
66002: 0.999727
66003: 0.999727
66004: 0.999727
66005: 0.999727
66006: 0.999727
66007: 0.999727
66008: 0.999727
66009: 0.999727
66010: 0.999727
66011: 0.999727
66012: 0.999727
66013: 0.999727
66014: 0.999727
66015: 0.999727
66016: 0.999727
66017: 0.999727
66018: 0.999727
66019: 0.999727
66020: 0.999727
66021: 0.999727
66022: 0.999727
66023: 0.999727
66024: 0.999727
66025: 0.999727
66026: 0.999727
66027: 0.999727
66028: 0.999727
66029: 0.999727
66030: 0.999727
66031: 0.999727
66032: 0.999727
66033: 0.999727
66034: 0.999727
66035: 0.999727
66036: 0.999727
66037: 0.999727
66038: 0.999727
66039: 0.999727
66040: 0.999727
66041: 0.999727
66042: 0.999727
66043: 0.999727
66044: 0.999727
66045: 0.999727
66046: 0.999727
66047: 0.999727
66048: 0.999727
66049: 0.999727
66050: 0.999727
66051: 0.999727
66052: 0.999727
66053: 0.999727
66054: 0.999727
66055: 0.999728
66056: 0.999728
66057: 0.999728
66058: 0.999728
66059: 0.999728
66060: 0.999728
66061: 0.999728
66062: 0.999728
66063: 0.999728
66064: 0.999728
66065: 0.999728
66066: 0.999728
66067: 0.999728
66068: 0.999728
66069: 0.999728
66070: 0.999728
66071: 0.999728
66072: 0.999728
66073: 0.999728
66074: 0.999728
66075: 0.999728
66076: 0.999728
66077: 0.999728
66078: 0.999728
66079: 0.999728
66080: 0.999728
66081: 0.999728
66082: 0.999728
66083: 0.999728
66084: 0.999728
66085: 0.999728
66086: 0.999728
66087: 0.999728
66088: 0.999728
66089: 0.999728
66090: 0.999728
66091: 0.999728
66092: 0.999728
66093: 0.999728
66094: 0.999728
66095: 0.999728
66096: 0.999728
66097: 0.999728
66098: 0.999728
66099: 0.999728
66100: 0.999728
66101: 0.999728
66102: 0.999728
66103: 0.999728
66104: 0.999728
66105: 0.999728
66106: 0.999728
66107: 0.999728
66108: 0.999728
66109: 0.999728
66110: 0.999728
66111: 0.999728
66112: 0.999728
66113: 0.999728
66114: 0.999728
66115: 0.999728
66116: 0.999728
66117: 0.999728
66118: 0.999728
66119: 0.999728
66120: 0.999728
66121: 0.999728
66122: 0.999728
66123: 0.999728
66124: 0.999728
66125: 0.999728
66126: 0.999728
66127: 0.999728
66128: 0.999728
66129: 0.999728
66130: 0.999728
66131: 0.999728
66132: 0.999728
66133: 0.999728
66134: 0.999728
66135: 0.999728
66136: 0.999728
66137: 0.999728
66138: 0.999728
66139: 0.999728
66140: 0.999728
66141: 0.999728
66142: 0.999728
66143: 0.999728
66144: 0.999728
66145: 0.999728
66146: 0.999728
66147: 0.999728
66148: 0.999728
66149: 0.999728
66150: 0.999728
66151: 0.999728
66152: 0.999728
66153: 0.999728
66154: 0.999728
66155: 0.999728
66156: 0.999728
66157: 0.999728
66158: 0.999728
66159: 0.999728
66160: 0.999728
66161: 0.999728
66162: 0.999728
66163: 0.999728
66164: 0.999728
66165: 0.999728
66166: 0.999728
66167: 0.999728
66168: 0.999728
66169: 0.999728
66170: 0.999728
66171: 0.999728
66172: 0.999728
66173: 0.999728
66174: 0.999728
66175: 0.999728
66176: 0.999728
66177: 0.999728
66178: 0.999728
66179: 0.999728
66180: 0.999728
66181: 0.999728
66182: 0.999728
66183: 0.999728
66184: 0.999728
66185: 0.999728
66186: 0.999728
66187: 0.999728
66188: 0.999728
66189: 0.999728
66190: 0.999728
66191: 0.999728
66192: 0.999728
66193: 0.999728
66194: 0.999728
66195: 0.999728
66196: 0.999728
66197: 0.999728
66198: 0.999728
66199: 0.999728
66200: 0.999728
66201: 0.999728
66202: 0.999728
66203: 0.999728
66204: 0.999728
66205: 0.999728
66206: 0.999728
66207: 0.999728
66208: 0.999728
66209: 0.999728
66210: 0.999728
66211: 0.999728
66212: 0.999728
66213: 0.999728
66214: 0.999728
66215: 0.999728
66216: 0.999728
66217: 0.999728
66218: 0.999728
66219: 0.999728
66220: 0.999728
66221: 0.999728
66222: 0.999728
66223: 0.999728
66224: 0.999728
66225: 0.999728
66226: 0.999728
66227: 0.999728
66228: 0.999728
66229: 0.999728
66230: 0.999728
66231: 0.999728
66232: 0.999728
66233: 0.999728
66234: 0.999728
66235: 0.999728
66236: 0.999728
66237: 0.999728
66238: 0.999728
66239: 0.999728
66240: 0.999728
66241: 0.999728
66242: 0.999728
66243: 0.999728
66244: 0.999728
66245: 0.999728
66246: 0.999728
66247: 0.999728
66248: 0.999728
66249: 0.999728
66250: 0.999728
66251: 0.999728
66252: 0.999728
66253: 0.999728
66254: 0.999728
66255: 0.999728
66256: 0.999728
66257: 0.999728
66258: 0.999728
66259: 0.999728
66260: 0.999728
66261: 0.999728
66262: 0.999728
66263: 0.999728
66264: 0.999728
66265: 0.999728
66266: 0.999728
66267: 0.999728
66268: 0.999728
66269: 0.999728
66270: 0.999728
66271: 0.999728
66272: 0.999728
66273: 0.999728
66274: 0.999728
66275: 0.999728
66276: 0.999728
66277: 0.999728
66278: 0.999728
66279: 0.999728
66280: 0.999728
66281: 0.999728
66282: 0.999728
66283: 0.999728
66284: 0.999728
66285: 0.999728
66286: 0.999728
66287: 0.999728
66288: 0.999728
66289: 0.999728
66290: 0.999728
66291: 0.999728
66292: 0.999728
66293: 0.999728
66294: 0.999728
66295: 0.999728
66296: 0.999728
66297: 0.999728
66298: 0.999729
66299: 0.999729
66300: 0.999729
66301: 0.999729
66302: 0.999729
66303: 0.999729
66304: 0.999729
66305: 0.999729
66306: 0.999729
66307: 0.999729
66308: 0.999729
66309: 0.999729
66310: 0.999729
66311: 0.999729
66312: 0.999729
66313: 0.999729
66314: 0.999729
66315: 0.999729
66316: 0.999729
66317: 0.999729
66318: 0.999729
66319: 0.999729
66320: 0.999729
66321: 0.999729
66322: 0.999729
66323: 0.999729
66324: 0.999729
66325: 0.999729
66326: 0.999729
66327: 0.999729
66328: 0.999729
66329: 0.999729
66330: 0.999729
66331: 0.999729
66332: 0.999729
66333: 0.999729
66334: 0.999729
66335: 0.999729
66336: 0.999729
66337: 0.999729
66338: 0.999729
66339: 0.999729
66340: 0.999729
66341: 0.999729
66342: 0.999729
66343: 0.999729
66344: 0.999729
66345: 0.999729
66346: 0.999729
66347: 0.999729
66348: 0.999729
66349: 0.999729
66350: 0.999729
66351: 0.999729
66352: 0.999729
66353: 0.999729
66354: 0.999729
66355: 0.999729
66356: 0.999729
66357: 0.999729
66358: 0.999729
66359: 0.999729
66360: 0.999729
66361: 0.999729
66362: 0.999729
66363: 0.999729
66364: 0.999729
66365: 0.999729
66366: 0.999729
66367: 0.999729
66368: 0.999729
66369: 0.999729
66370: 0.999729
66371: 0.999729
66372: 0.999729
66373: 0.999729
66374: 0.999729
66375: 0.999729
66376: 0.999729
66377: 0.999729
66378: 0.999729
66379: 0.999729
66380: 0.999729
66381: 0.999729
66382: 0.999729
66383: 0.999729
66384: 0.999729
66385: 0.999729
66386: 0.999729
66387: 0.999729
66388: 0.999729
66389: 0.999729
66390: 0.999729
66391: 0.999729
66392: 0.999729
66393: 0.999729
66394: 0.999729
66395: 0.999729
66396: 0.999729
66397: 0.999729
66398: 0.999729
66399: 0.999729
66400: 0.999729
66401: 0.999729
66402: 0.999729
66403: 0.999729
66404: 0.999729
66405: 0.999729
66406: 0.999729
66407: 0.999729
66408: 0.999729
66409: 0.999729
66410: 0.999729
66411: 0.999729
66412: 0.999729
66413: 0.999729
66414: 0.999729
66415: 0.999729
66416: 0.999729
66417: 0.999729
66418: 0.999729
66419: 0.999729
66420: 0.999729
66421: 0.999729
66422: 0.999729
66423: 0.999729
66424: 0.999729
66425: 0.999729
66426: 0.999729
66427: 0.999729
66428: 0.999729
66429: 0.999729
66430: 0.999729
66431: 0.999729
66432: 0.999729
66433: 0.999729
66434: 0.999729
66435: 0.999729
66436: 0.999729
66437: 0.999729
66438: 0.999729
66439: 0.999729
66440: 0.999729
66441: 0.999729
66442: 0.999729
66443: 0.999729
66444: 0.999729
66445: 0.999729
66446: 0.999729
66447: 0.999729
66448: 0.999729
66449: 0.999729
66450: 0.999729
66451: 0.999729
66452: 0.999729
66453: 0.999729
66454: 0.999729
66455: 0.999729
66456: 0.999729
66457: 0.999729
66458: 0.999729
66459: 0.999729
66460: 0.999729
66461: 0.999729
66462: 0.999729
66463: 0.999729
66464: 0.999729
66465: 0.999729
66466: 0.999729
66467: 0.999729
66468: 0.999729
66469: 0.999729
66470: 0.999729
66471: 0.999729
66472: 0.999729
66473: 0.999729
66474: 0.999729
66475: 0.999729
66476: 0.999729
66477: 0.999729
66478: 0.999729
66479: 0.999729
66480: 0.999729
66481: 0.999729
66482: 0.999729
66483: 0.999729
66484: 0.999729
66485: 0.999729
66486: 0.999729
66487: 0.999729
66488: 0.999729
66489: 0.999729
66490: 0.999729
66491: 0.999729
66492: 0.999729
66493: 0.999729
66494: 0.999729
66495: 0.999729
66496: 0.999729
66497: 0.999729
66498: 0.999729
66499: 0.999729
66500: 0.999729
66501: 0.999729
66502: 0.999729
66503: 0.999729
66504: 0.999729
66505: 0.999729
66506: 0.999729
66507: 0.999729
66508: 0.999729
66509: 0.999729
66510: 0.999729
66511: 0.999729
66512: 0.999729
66513: 0.999729
66514: 0.999729
66515: 0.999729
66516: 0.999729
66517: 0.999729
66518: 0.999729
66519: 0.999729
66520: 0.999729
66521: 0.999729
66522: 0.999729
66523: 0.999729
66524: 0.999729
66525: 0.999729
66526: 0.999729
66527: 0.999729
66528: 0.999729
66529: 0.999729
66530: 0.999729
66531: 0.999729
66532: 0.999729
66533: 0.999729
66534: 0.999729
66535: 0.999729
66536: 0.999729
66537: 0.999729
66538: 0.999729
66539: 0.999729
66540: 0.999729
66541: 0.999729
66542: 0.999729
66543: 0.99973
66544: 0.99973
66545: 0.99973
66546: 0.99973
66547: 0.99973
66548: 0.99973
66549: 0.99973
66550: 0.99973
66551: 0.99973
66552: 0.99973
66553: 0.99973
66554: 0.99973
66555: 0.99973
66556: 0.99973
66557: 0.99973
66558: 0.99973
66559: 0.99973
66560: 0.99973
66561: 0.99973
66562: 0.99973
66563: 0.99973
66564: 0.99973
66565: 0.99973
66566: 0.99973
66567: 0.99973
66568: 0.99973
66569: 0.99973
66570: 0.99973
66571: 0.99973
66572: 0.99973
66573: 0.99973
66574: 0.99973
66575: 0.99973
66576: 0.99973
66577: 0.99973
66578: 0.99973
66579: 0.99973
66580: 0.99973
66581: 0.99973
66582: 0.99973
66583: 0.99973
66584: 0.99973
66585: 0.99973
66586: 0.99973
66587: 0.99973
66588: 0.99973
66589: 0.99973
66590: 0.99973
66591: 0.99973
66592: 0.99973
66593: 0.99973
66594: 0.99973
66595: 0.99973
66596: 0.99973
66597: 0.99973
66598: 0.99973
66599: 0.99973
66600: 0.99973
66601: 0.99973
66602: 0.99973
66603: 0.99973
66604: 0.99973
66605: 0.99973
66606: 0.99973
66607: 0.99973
66608: 0.99973
66609: 0.99973
66610: 0.99973
66611: 0.99973
66612: 0.99973
66613: 0.99973
66614: 0.99973
66615: 0.99973
66616: 0.99973
66617: 0.99973
66618: 0.99973
66619: 0.99973
66620: 0.99973
66621: 0.99973
66622: 0.99973
66623: 0.99973
66624: 0.99973
66625: 0.99973
66626: 0.99973
66627: 0.99973
66628: 0.99973
66629: 0.99973
66630: 0.99973
66631: 0.99973
66632: 0.99973
66633: 0.99973
66634: 0.99973
66635: 0.99973
66636: 0.99973
66637: 0.99973
66638: 0.99973
66639: 0.99973
66640: 0.99973
66641: 0.99973
66642: 0.99973
66643: 0.99973
66644: 0.99973
66645: 0.99973
66646: 0.99973
66647: 0.99973
66648: 0.99973
66649: 0.99973
66650: 0.99973
66651: 0.99973
66652: 0.99973
66653: 0.99973
66654: 0.99973
66655: 0.99973
66656: 0.99973
66657: 0.99973
66658: 0.99973
66659: 0.99973
66660: 0.99973
66661: 0.99973
66662: 0.99973
66663: 0.99973
66664: 0.99973
66665: 0.99973
66666: 0.99973
66667: 0.99973
66668: 0.99973
66669: 0.99973
66670: 0.99973
66671: 0.99973
66672: 0.99973
66673: 0.99973
66674: 0.99973
66675: 0.99973
66676: 0.99973
66677: 0.99973
66678: 0.99973
66679: 0.99973
66680: 0.99973
66681: 0.99973
66682: 0.99973
66683: 0.99973
66684: 0.99973
66685: 0.99973
66686: 0.99973
66687: 0.99973
66688: 0.99973
66689: 0.99973
66690: 0.99973
66691: 0.99973
66692: 0.99973
66693: 0.99973
66694: 0.99973
66695: 0.99973
66696: 0.99973
66697: 0.99973
66698: 0.99973
66699: 0.99973
66700: 0.99973
66701: 0.99973
66702: 0.99973
66703: 0.99973
66704: 0.99973
66705: 0.99973
66706: 0.99973
66707: 0.99973
66708: 0.99973
66709: 0.99973
66710: 0.99973
66711: 0.99973
66712: 0.99973
66713: 0.99973
66714: 0.99973
66715: 0.99973
66716: 0.99973
66717: 0.99973
66718: 0.99973
66719: 0.99973
66720: 0.99973
66721: 0.99973
66722: 0.99973
66723: 0.99973
66724: 0.99973
66725: 0.99973
66726: 0.99973
66727: 0.99973
66728: 0.99973
66729: 0.99973
66730: 0.99973
66731: 0.99973
66732: 0.99973
66733: 0.99973
66734: 0.99973
66735: 0.99973
66736: 0.99973
66737: 0.99973
66738: 0.99973
66739: 0.99973
66740: 0.99973
66741: 0.99973
66742: 0.99973
66743: 0.99973
66744: 0.99973
66745: 0.99973
66746: 0.99973
66747: 0.99973
66748: 0.99973
66749: 0.99973
66750: 0.99973
66751: 0.99973
66752: 0.99973
66753: 0.99973
66754: 0.99973
66755: 0.99973
66756: 0.99973
66757: 0.99973
66758: 0.99973
66759: 0.99973
66760: 0.99973
66761: 0.99973
66762: 0.99973
66763: 0.99973
66764: 0.99973
66765: 0.99973
66766: 0.99973
66767: 0.99973
66768: 0.99973
66769: 0.99973
66770: 0.99973
66771: 0.99973
66772: 0.99973
66773: 0.99973
66774: 0.99973
66775: 0.99973
66776: 0.99973
66777: 0.99973
66778: 0.99973
66779: 0.99973
66780: 0.99973
66781: 0.99973
66782: 0.99973
66783: 0.99973
66784: 0.99973
66785: 0.99973
66786: 0.99973
66787: 0.99973
66788: 0.99973
66789: 0.99973
66790: 0.999731
66791: 0.999731
66792: 0.999731
66793: 0.999731
66794: 0.999731
66795: 0.999731
66796: 0.999731
66797: 0.999731
66798: 0.999731
66799: 0.999731
66800: 0.999731
66801: 0.999731
66802: 0.999731
66803: 0.999731
66804: 0.999731
66805: 0.999731
66806: 0.999731
66807: 0.999731
66808: 0.999731
66809: 0.999731
66810: 0.999731
66811: 0.999731
66812: 0.999731
66813: 0.999731
66814: 0.999731
66815: 0.999731
66816: 0.999731
66817: 0.999731
66818: 0.999731
66819: 0.999731
66820: 0.999731
66821: 0.999731
66822: 0.999731
66823: 0.999731
66824: 0.999731
66825: 0.999731
66826: 0.999731
66827: 0.999731
66828: 0.999731
66829: 0.999731
66830: 0.999731
66831: 0.999731
66832: 0.999731
66833: 0.999731
66834: 0.999731
66835: 0.999731
66836: 0.999731
66837: 0.999731
66838: 0.999731
66839: 0.999731
66840: 0.999731
66841: 0.999731
66842: 0.999731
66843: 0.999731
66844: 0.999731
66845: 0.999731
66846: 0.999731
66847: 0.999731
66848: 0.999731
66849: 0.999731
66850: 0.999731
66851: 0.999731
66852: 0.999731
66853: 0.999731
66854: 0.999731
66855: 0.999731
66856: 0.999731
66857: 0.999731
66858: 0.999731
66859: 0.999731
66860: 0.999731
66861: 0.999731
66862: 0.999731
66863: 0.999731
66864: 0.999731
66865: 0.999731
66866: 0.999731
66867: 0.999731
66868: 0.999731
66869: 0.999731
66870: 0.999731
66871: 0.999731
66872: 0.999731
66873: 0.999731
66874: 0.999731
66875: 0.999731
66876: 0.999731
66877: 0.999731
66878: 0.999731
66879: 0.999731
66880: 0.999731
66881: 0.999731
66882: 0.999731
66883: 0.999731
66884: 0.999731
66885: 0.999731
66886: 0.999731
66887: 0.999731
66888: 0.999731
66889: 0.999731
66890: 0.999731
66891: 0.999731
66892: 0.999731
66893: 0.999731
66894: 0.999731
66895: 0.999731
66896: 0.999731
66897: 0.999731
66898: 0.999731
66899: 0.999731
66900: 0.999731
66901: 0.999731
66902: 0.999731
66903: 0.999731
66904: 0.999731
66905: 0.999731
66906: 0.999731
66907: 0.999731
66908: 0.999731
66909: 0.999731
66910: 0.999731
66911: 0.999731
66912: 0.999731
66913: 0.999731
66914: 0.999731
66915: 0.999731
66916: 0.999731
66917: 0.999731
66918: 0.999731
66919: 0.999731
66920: 0.999731
66921: 0.999731
66922: 0.999731
66923: 0.999731
66924: 0.999731
66925: 0.999731
66926: 0.999731
66927: 0.999731
66928: 0.999731
66929: 0.999731
66930: 0.999731
66931: 0.999731
66932: 0.999731
66933: 0.999731
66934: 0.999731
66935: 0.999731
66936: 0.999731
66937: 0.999731
66938: 0.999731
66939: 0.999731
66940: 0.999731
66941: 0.999731
66942: 0.999731
66943: 0.999731
66944: 0.999731
66945: 0.999731
66946: 0.999731
66947: 0.999731
66948: 0.999731
66949: 0.999731
66950: 0.999731
66951: 0.999731
66952: 0.999731
66953: 0.999731
66954: 0.999731
66955: 0.999731
66956: 0.999731
66957: 0.999731
66958: 0.999731
66959: 0.999731
66960: 0.999731
66961: 0.999731
66962: 0.999731
66963: 0.999731
66964: 0.999731
66965: 0.999731
66966: 0.999731
66967: 0.999731
66968: 0.999731
66969: 0.999731
66970: 0.999731
66971: 0.999731
66972: 0.999731
66973: 0.999731
66974: 0.999731
66975: 0.999731
66976: 0.999731
66977: 0.999731
66978: 0.999731
66979: 0.999731
66980: 0.999731
66981: 0.999731
66982: 0.999731
66983: 0.999731
66984: 0.999731
66985: 0.999731
66986: 0.999731
66987: 0.999731
66988: 0.999731
66989: 0.999731
66990: 0.999731
66991: 0.999731
66992: 0.999731
66993: 0.999731
66994: 0.999731
66995: 0.999731
66996: 0.999731
66997: 0.999731
66998: 0.999731
66999: 0.999731
67000: 0.999731
67001: 0.999731
67002: 0.999731
67003: 0.999731
67004: 0.999731
67005: 0.999731
67006: 0.999731
67007: 0.999731
67008: 0.999731
67009: 0.999731
67010: 0.999731
67011: 0.999731
67012: 0.999731
67013: 0.999731
67014: 0.999731
67015: 0.999731
67016: 0.999731
67017: 0.999731
67018: 0.999731
67019: 0.999731
67020: 0.999731
67021: 0.999731
67022: 0.999731
67023: 0.999731
67024: 0.999731
67025: 0.999731
67026: 0.999731
67027: 0.999731
67028: 0.999731
67029: 0.999731
67030: 0.999731
67031: 0.999731
67032: 0.999731
67033: 0.999731
67034: 0.999731
67035: 0.999731
67036: 0.999731
67037: 0.999731
67038: 0.999731
67039: 0.999732
67040: 0.999732
67041: 0.999732
67042: 0.999732
67043: 0.999732
67044: 0.999732
67045: 0.999732
67046: 0.999732
67047: 0.999732
67048: 0.999732
67049: 0.999732
67050: 0.999732
67051: 0.999732
67052: 0.999732
67053: 0.999732
67054: 0.999732
67055: 0.999732
67056: 0.999732
67057: 0.999732
67058: 0.999732
67059: 0.999732
67060: 0.999732
67061: 0.999732
67062: 0.999732
67063: 0.999732
67064: 0.999732
67065: 0.999732
67066: 0.999732
67067: 0.999732
67068: 0.999732
67069: 0.999732
67070: 0.999732
67071: 0.999732
67072: 0.999732
67073: 0.999732
67074: 0.999732
67075: 0.999732
67076: 0.999732
67077: 0.999732
67078: 0.999732
67079: 0.999732
67080: 0.999732
67081: 0.999732
67082: 0.999732
67083: 0.999732
67084: 0.999732
67085: 0.999732
67086: 0.999732
67087: 0.999732
67088: 0.999732
67089: 0.999732
67090: 0.999732
67091: 0.999732
67092: 0.999732
67093: 0.999732
67094: 0.999732
67095: 0.999732
67096: 0.999732
67097: 0.999732
67098: 0.999732
67099: 0.999732
67100: 0.999732
67101: 0.999732
67102: 0.999732
67103: 0.999732
67104: 0.999732
67105: 0.999732
67106: 0.999732
67107: 0.999732
67108: 0.999732
67109: 0.999732
67110: 0.999732
67111: 0.999732
67112: 0.999732
67113: 0.999732
67114: 0.999732
67115: 0.999732
67116: 0.999732
67117: 0.999732
67118: 0.999732
67119: 0.999732
67120: 0.999732
67121: 0.999732
67122: 0.999732
67123: 0.999732
67124: 0.999732
67125: 0.999732
67126: 0.999732
67127: 0.999732
67128: 0.999732
67129: 0.999732
67130: 0.999732
67131: 0.999732
67132: 0.999732
67133: 0.999732
67134: 0.999732
67135: 0.999732
67136: 0.999732
67137: 0.999732
67138: 0.999732
67139: 0.999732
67140: 0.999732
67141: 0.999732
67142: 0.999732
67143: 0.999732
67144: 0.999732
67145: 0.999732
67146: 0.999732
67147: 0.999732
67148: 0.999732
67149: 0.999732
67150: 0.999732
67151: 0.999732
67152: 0.999732
67153: 0.999732
67154: 0.999732
67155: 0.999732
67156: 0.999732
67157: 0.999732
67158: 0.999732
67159: 0.999732
67160: 0.999732
67161: 0.999732
67162: 0.999732
67163: 0.999732
67164: 0.999732
67165: 0.999732
67166: 0.999732
67167: 0.999732
67168: 0.999732
67169: 0.999732
67170: 0.999732
67171: 0.999732
67172: 0.999732
67173: 0.999732
67174: 0.999732
67175: 0.999732
67176: 0.999732
67177: 0.999732
67178: 0.999732
67179: 0.999732
67180: 0.999732
67181: 0.999732
67182: 0.999732
67183: 0.999732
67184: 0.999732
67185: 0.999732
67186: 0.999732
67187: 0.999732
67188: 0.999732
67189: 0.999732
67190: 0.999732
67191: 0.999732
67192: 0.999732
67193: 0.999732
67194: 0.999732
67195: 0.999732
67196: 0.999732
67197: 0.999732
67198: 0.999732
67199: 0.999732
67200: 0.999732
67201: 0.999732
67202: 0.999732
67203: 0.999732
67204: 0.999732
67205: 0.999732
67206: 0.999732
67207: 0.999732
67208: 0.999732
67209: 0.999732
67210: 0.999732
67211: 0.999732
67212: 0.999732
67213: 0.999732
67214: 0.999732
67215: 0.999732
67216: 0.999732
67217: 0.999732
67218: 0.999732
67219: 0.999732
67220: 0.999732
67221: 0.999732
67222: 0.999732
67223: 0.999732
67224: 0.999732
67225: 0.999732
67226: 0.999732
67227: 0.999732
67228: 0.999732
67229: 0.999732
67230: 0.999732
67231: 0.999732
67232: 0.999732
67233: 0.999732
67234: 0.999732
67235: 0.999732
67236: 0.999732
67237: 0.999732
67238: 0.999732
67239: 0.999732
67240: 0.999732
67241: 0.999732
67242: 0.999732
67243: 0.999732
67244: 0.999732
67245: 0.999732
67246: 0.999732
67247: 0.999732
67248: 0.999732
67249: 0.999732
67250: 0.999732
67251: 0.999732
67252: 0.999732
67253: 0.999732
67254: 0.999732
67255: 0.999732
67256: 0.999732
67257: 0.999732
67258: 0.999732
67259: 0.999732
67260: 0.999732
67261: 0.999732
67262: 0.999732
67263: 0.999732
67264: 0.999732
67265: 0.999732
67266: 0.999732
67267: 0.999732
67268: 0.999732
67269: 0.999732
67270: 0.999732
67271: 0.999732
67272: 0.999732
67273: 0.999732
67274: 0.999732
67275: 0.999732
67276: 0.999732
67277: 0.999732
67278: 0.999732
67279: 0.999732
67280: 0.999732
67281: 0.999732
67282: 0.999732
67283: 0.999732
67284: 0.999732
67285: 0.999732
67286: 0.999732
67287: 0.999732
67288: 0.999732
67289: 0.999733
67290: 0.999733
67291: 0.999733
67292: 0.999733
67293: 0.999733
67294: 0.999733
67295: 0.999733
67296: 0.999733
67297: 0.999733
67298: 0.999733
67299: 0.999733
67300: 0.999733
67301: 0.999733
67302: 0.999733
67303: 0.999733
67304: 0.999733
67305: 0.999733
67306: 0.999733
67307: 0.999733
67308: 0.999733
67309: 0.999733
67310: 0.999733
67311: 0.999733
67312: 0.999733
67313: 0.999733
67314: 0.999733
67315: 0.999733
67316: 0.999733
67317: 0.999733
67318: 0.999733
67319: 0.999733
67320: 0.999733
67321: 0.999733
67322: 0.999733
67323: 0.999733
67324: 0.999733
67325: 0.999733
67326: 0.999733
67327: 0.999733
67328: 0.999733
67329: 0.999733
67330: 0.999733
67331: 0.999733
67332: 0.999733
67333: 0.999733
67334: 0.999733
67335: 0.999733
67336: 0.999733
67337: 0.999733
67338: 0.999733
67339: 0.999733
67340: 0.999733
67341: 0.999733
67342: 0.999733
67343: 0.999733
67344: 0.999733
67345: 0.999733
67346: 0.999733
67347: 0.999733
67348: 0.999733
67349: 0.999733
67350: 0.999733
67351: 0.999733
67352: 0.999733
67353: 0.999733
67354: 0.999733
67355: 0.999733
67356: 0.999733
67357: 0.999733
67358: 0.999733
67359: 0.999733
67360: 0.999733
67361: 0.999733
67362: 0.999733
67363: 0.999733
67364: 0.999733
67365: 0.999733
67366: 0.999733
67367: 0.999733
67368: 0.999733
67369: 0.999733
67370: 0.999733
67371: 0.999733
67372: 0.999733
67373: 0.999733
67374: 0.999733
67375: 0.999733
67376: 0.999733
67377: 0.999733
67378: 0.999733
67379: 0.999733
67380: 0.999733
67381: 0.999733
67382: 0.999733
67383: 0.999733
67384: 0.999733
67385: 0.999733
67386: 0.999733
67387: 0.999733
67388: 0.999733
67389: 0.999733
67390: 0.999733
67391: 0.999733
67392: 0.999733
67393: 0.999733
67394: 0.999733
67395: 0.999733
67396: 0.999733
67397: 0.999733
67398: 0.999733
67399: 0.999733
67400: 0.999733
67401: 0.999733
67402: 0.999733
67403: 0.999733
67404: 0.999733
67405: 0.999733
67406: 0.999733
67407: 0.999733
67408: 0.999733
67409: 0.999733
67410: 0.999733
67411: 0.999733
67412: 0.999733
67413: 0.999733
67414: 0.999733
67415: 0.999733
67416: 0.999733
67417: 0.999733
67418: 0.999733
67419: 0.999733
67420: 0.999733
67421: 0.999733
67422: 0.999733
67423: 0.999733
67424: 0.999733
67425: 0.999733
67426: 0.999733
67427: 0.999733
67428: 0.999733
67429: 0.999733
67430: 0.999733
67431: 0.999733
67432: 0.999733
67433: 0.999733
67434: 0.999733
67435: 0.999733
67436: 0.999733
67437: 0.999733
67438: 0.999733
67439: 0.999733
67440: 0.999733
67441: 0.999733
67442: 0.999733
67443: 0.999733
67444: 0.999733
67445: 0.999733
67446: 0.999733
67447: 0.999733
67448: 0.999733
67449: 0.999733
67450: 0.999733
67451: 0.999733
67452: 0.999733
67453: 0.999733
67454: 0.999733
67455: 0.999733
67456: 0.999733
67457: 0.999733
67458: 0.999733
67459: 0.999733
67460: 0.999733
67461: 0.999733
67462: 0.999733
67463: 0.999733
67464: 0.999733
67465: 0.999733
67466: 0.999733
67467: 0.999733
67468: 0.999733
67469: 0.999733
67470: 0.999733
67471: 0.999733
67472: 0.999733
67473: 0.999733
67474: 0.999733
67475: 0.999733
67476: 0.999733
67477: 0.999733
67478: 0.999733
67479: 0.999733
67480: 0.999733
67481: 0.999733
67482: 0.999733
67483: 0.999733
67484: 0.999733
67485: 0.999733
67486: 0.999733
67487: 0.999733
67488: 0.999733
67489: 0.999733
67490: 0.999733
67491: 0.999733
67492: 0.999733
67493: 0.999733
67494: 0.999733
67495: 0.999733
67496: 0.999733
67497: 0.999733
67498: 0.999733
67499: 0.999733
67500: 0.999733
67501: 0.999733
67502: 0.999733
67503: 0.999733
67504: 0.999733
67505: 0.999733
67506: 0.999733
67507: 0.999733
67508: 0.999733
67509: 0.999733
67510: 0.999733
67511: 0.999733
67512: 0.999733
67513: 0.999733
67514: 0.999733
67515: 0.999733
67516: 0.999733
67517: 0.999733
67518: 0.999733
67519: 0.999733
67520: 0.999733
67521: 0.999733
67522: 0.999733
67523: 0.999733
67524: 0.999733
67525: 0.999733
67526: 0.999733
67527: 0.999733
67528: 0.999733
67529: 0.999733
67530: 0.999733
67531: 0.999733
67532: 0.999733
67533: 0.999733
67534: 0.999733
67535: 0.999733
67536: 0.999733
67537: 0.999733
67538: 0.999733
67539: 0.999733
67540: 0.999733
67541: 0.999733
67542: 0.999734
67543: 0.999734
67544: 0.999734
67545: 0.999734
67546: 0.999734
67547: 0.999734
67548: 0.999734
67549: 0.999734
67550: 0.999734
67551: 0.999734
67552: 0.999734
67553: 0.999734
67554: 0.999734
67555: 0.999734
67556: 0.999734
67557: 0.999734
67558: 0.999734
67559: 0.999734
67560: 0.999734
67561: 0.999734
67562: 0.999734
67563: 0.999734
67564: 0.999734
67565: 0.999734
67566: 0.999734
67567: 0.999734
67568: 0.999734
67569: 0.999734
67570: 0.999734
67571: 0.999734
67572: 0.999734
67573: 0.999734
67574: 0.999734
67575: 0.999734
67576: 0.999734
67577: 0.999734
67578: 0.999734
67579: 0.999734
67580: 0.999734
67581: 0.999734
67582: 0.999734
67583: 0.999734
67584: 0.999734
67585: 0.999734
67586: 0.999734
67587: 0.999734
67588: 0.999734
67589: 0.999734
67590: 0.999734
67591: 0.999734
67592: 0.999734
67593: 0.999734
67594: 0.999734
67595: 0.999734
67596: 0.999734
67597: 0.999734
67598: 0.999734
67599: 0.999734
67600: 0.999734
67601: 0.999734
67602: 0.999734
67603: 0.999734
67604: 0.999734
67605: 0.999734
67606: 0.999734
67607: 0.999734
67608: 0.999734
67609: 0.999734
67610: 0.999734
67611: 0.999734
67612: 0.999734
67613: 0.999734
67614: 0.999734
67615: 0.999734
67616: 0.999734
67617: 0.999734
67618: 0.999734
67619: 0.999734
67620: 0.999734
67621: 0.999734
67622: 0.999734
67623: 0.999734
67624: 0.999734
67625: 0.999734
67626: 0.999734
67627: 0.999734
67628: 0.999734
67629: 0.999734
67630: 0.999734
67631: 0.999734
67632: 0.999734
67633: 0.999734
67634: 0.999734
67635: 0.999734
67636: 0.999734
67637: 0.999734
67638: 0.999734
67639: 0.999734
67640: 0.999734
67641: 0.999734
67642: 0.999734
67643: 0.999734
67644: 0.999734
67645: 0.999734
67646: 0.999734
67647: 0.999734
67648: 0.999734
67649: 0.999734
67650: 0.999734
67651: 0.999734
67652: 0.999734
67653: 0.999734
67654: 0.999734
67655: 0.999734
67656: 0.999734
67657: 0.999734
67658: 0.999734
67659: 0.999734
67660: 0.999734
67661: 0.999734
67662: 0.999734
67663: 0.999734
67664: 0.999734
67665: 0.999734
67666: 0.999734
67667: 0.999734
67668: 0.999734
67669: 0.999734
67670: 0.999734
67671: 0.999734
67672: 0.999734
67673: 0.999734
67674: 0.999734
67675: 0.999734
67676: 0.999734
67677: 0.999734
67678: 0.999734
67679: 0.999734
67680: 0.999734
67681: 0.999734
67682: 0.999734
67683: 0.999734
67684: 0.999734
67685: 0.999734
67686: 0.999734
67687: 0.999734
67688: 0.999734
67689: 0.999734
67690: 0.999734
67691: 0.999734
67692: 0.999734
67693: 0.999734
67694: 0.999734
67695: 0.999734
67696: 0.999734
67697: 0.999734
67698: 0.999734
67699: 0.999734
67700: 0.999734
67701: 0.999734
67702: 0.999734
67703: 0.999734
67704: 0.999734
67705: 0.999734
67706: 0.999734
67707: 0.999734
67708: 0.999734
67709: 0.999734
67710: 0.999734
67711: 0.999734
67712: 0.999734
67713: 0.999734
67714: 0.999734
67715: 0.999734
67716: 0.999734
67717: 0.999734
67718: 0.999734
67719: 0.999734
67720: 0.999734
67721: 0.999734
67722: 0.999734
67723: 0.999734
67724: 0.999734
67725: 0.999734
67726: 0.999734
67727: 0.999734
67728: 0.999734
67729: 0.999734
67730: 0.999734
67731: 0.999734
67732: 0.999734
67733: 0.999734
67734: 0.999734
67735: 0.999734
67736: 0.999734
67737: 0.999734
67738: 0.999734
67739: 0.999734
67740: 0.999734
67741: 0.999734
67742: 0.999734
67743: 0.999734
67744: 0.999734
67745: 0.999734
67746: 0.999734
67747: 0.999734
67748: 0.999734
67749: 0.999734
67750: 0.999734
67751: 0.999734
67752: 0.999734
67753: 0.999734
67754: 0.999734
67755: 0.999734
67756: 0.999734
67757: 0.999734
67758: 0.999734
67759: 0.999734
67760: 0.999734
67761: 0.999734
67762: 0.999734
67763: 0.999734
67764: 0.999734
67765: 0.999734
67766: 0.999734
67767: 0.999734
67768: 0.999734
67769: 0.999734
67770: 0.999734
67771: 0.999734
67772: 0.999734
67773: 0.999734
67774: 0.999734
67775: 0.999734
67776: 0.999734
67777: 0.999734
67778: 0.999734
67779: 0.999734
67780: 0.999734
67781: 0.999734
67782: 0.999734
67783: 0.999734
67784: 0.999734
67785: 0.999734
67786: 0.999734
67787: 0.999734
67788: 0.999734
67789: 0.999734
67790: 0.999734
67791: 0.999734
67792: 0.999734
67793: 0.999734
67794: 0.999734
67795: 0.999734
67796: 0.999735
67797: 0.999735
67798: 0.999735
67799: 0.999735
67800: 0.999735
67801: 0.999735
67802: 0.999735
67803: 0.999735
67804: 0.999735
67805: 0.999735
67806: 0.999735
67807: 0.999735
67808: 0.999735
67809: 0.999735
67810: 0.999735
67811: 0.999735
67812: 0.999735
67813: 0.999735
67814: 0.999735
67815: 0.999735
67816: 0.999735
67817: 0.999735
67818: 0.999735
67819: 0.999735
67820: 0.999735
67821: 0.999735
67822: 0.999735
67823: 0.999735
67824: 0.999735
67825: 0.999735
67826: 0.999735
67827: 0.999735
67828: 0.999735
67829: 0.999735
67830: 0.999735
67831: 0.999735
67832: 0.999735
67833: 0.999735
67834: 0.999735
67835: 0.999735
67836: 0.999735
67837: 0.999735
67838: 0.999735
67839: 0.999735
67840: 0.999735
67841: 0.999735
67842: 0.999735
67843: 0.999735
67844: 0.999735
67845: 0.999735
67846: 0.999735
67847: 0.999735
67848: 0.999735
67849: 0.999735
67850: 0.999735
67851: 0.999735
67852: 0.999735
67853: 0.999735
67854: 0.999735
67855: 0.999735
67856: 0.999735
67857: 0.999735
67858: 0.999735
67859: 0.999735
67860: 0.999735
67861: 0.999735
67862: 0.999735
67863: 0.999735
67864: 0.999735
67865: 0.999735
67866: 0.999735
67867: 0.999735
67868: 0.999735
67869: 0.999735
67870: 0.999735
67871: 0.999735
67872: 0.999735
67873: 0.999735
67874: 0.999735
67875: 0.999735
67876: 0.999735
67877: 0.999735
67878: 0.999735
67879: 0.999735
67880: 0.999735
67881: 0.999735
67882: 0.999735
67883: 0.999735
67884: 0.999735
67885: 0.999735
67886: 0.999735
67887: 0.999735
67888: 0.999735
67889: 0.999735
67890: 0.999735
67891: 0.999735
67892: 0.999735
67893: 0.999735
67894: 0.999735
67895: 0.999735
67896: 0.999735
67897: 0.999735
67898: 0.999735
67899: 0.999735
67900: 0.999735
67901: 0.999735
67902: 0.999735
67903: 0.999735
67904: 0.999735
67905: 0.999735
67906: 0.999735
67907: 0.999735
67908: 0.999735
67909: 0.999735
67910: 0.999735
67911: 0.999735
67912: 0.999735
67913: 0.999735
67914: 0.999735
67915: 0.999735
67916: 0.999735
67917: 0.999735
67918: 0.999735
67919: 0.999735
67920: 0.999735
67921: 0.999735
67922: 0.999735
67923: 0.999735
67924: 0.999735
67925: 0.999735
67926: 0.999735
67927: 0.999735
67928: 0.999735
67929: 0.999735
67930: 0.999735
67931: 0.999735
67932: 0.999735
67933: 0.999735
67934: 0.999735
67935: 0.999735
67936: 0.999735
67937: 0.999735
67938: 0.999735
67939: 0.999735
67940: 0.999735
67941: 0.999735
67942: 0.999735
67943: 0.999735
67944: 0.999735
67945: 0.999735
67946: 0.999735
67947: 0.999735
67948: 0.999735
67949: 0.999735
67950: 0.999735
67951: 0.999735
67952: 0.999735
67953: 0.999735
67954: 0.999735
67955: 0.999735
67956: 0.999735
67957: 0.999735
67958: 0.999735
67959: 0.999735
67960: 0.999735
67961: 0.999735
67962: 0.999735
67963: 0.999735
67964: 0.999735
67965: 0.999735
67966: 0.999735
67967: 0.999735
67968: 0.999735
67969: 0.999735
67970: 0.999735
67971: 0.999735
67972: 0.999735
67973: 0.999735
67974: 0.999735
67975: 0.999735
67976: 0.999735
67977: 0.999735
67978: 0.999735
67979: 0.999735
67980: 0.999735
67981: 0.999735
67982: 0.999735
67983: 0.999735
67984: 0.999735
67985: 0.999735
67986: 0.999735
67987: 0.999735
67988: 0.999735
67989: 0.999735
67990: 0.999735
67991: 0.999735
67992: 0.999735
67993: 0.999735
67994: 0.999735
67995: 0.999735
67996: 0.999735
67997: 0.999735
67998: 0.999735
67999: 0.999735
68000: 0.999735
68001: 0.999735
68002: 0.999735
68003: 0.999735
68004: 0.999735
68005: 0.999735
68006: 0.999735
68007: 0.999735
68008: 0.999735
68009: 0.999735
68010: 0.999735
68011: 0.999735
68012: 0.999735
68013: 0.999735
68014: 0.999735
68015: 0.999735
68016: 0.999735
68017: 0.999735
68018: 0.999735
68019: 0.999735
68020: 0.999735
68021: 0.999735
68022: 0.999735
68023: 0.999735
68024: 0.999735
68025: 0.999735
68026: 0.999735
68027: 0.999735
68028: 0.999735
68029: 0.999735
68030: 0.999735
68031: 0.999735
68032: 0.999735
68033: 0.999735
68034: 0.999735
68035: 0.999735
68036: 0.999735
68037: 0.999735
68038: 0.999735
68039: 0.999735
68040: 0.999735
68041: 0.999735
68042: 0.999735
68043: 0.999735
68044: 0.999735
68045: 0.999735
68046: 0.999735
68047: 0.999735
68048: 0.999735
68049: 0.999735
68050: 0.999735
68051: 0.999735
68052: 0.999736
68053: 0.999736
68054: 0.999736
68055: 0.999736
68056: 0.999736
68057: 0.999736
68058: 0.999736
68059: 0.999736
68060: 0.999736
68061: 0.999736
68062: 0.999736
68063: 0.999736
68064: 0.999736
68065: 0.999736
68066: 0.999736
68067: 0.999736
68068: 0.999736
68069: 0.999736
68070: 0.999736
68071: 0.999736
68072: 0.999736
68073: 0.999736
68074: 0.999736
68075: 0.999736
68076: 0.999736
68077: 0.999736
68078: 0.999736
68079: 0.999736
68080: 0.999736
68081: 0.999736
68082: 0.999736
68083: 0.999736
68084: 0.999736
68085: 0.999736
68086: 0.999736
68087: 0.999736
68088: 0.999736
68089: 0.999736
68090: 0.999736
68091: 0.999736
68092: 0.999736
68093: 0.999736
68094: 0.999736
68095: 0.999736
68096: 0.999736
68097: 0.999736
68098: 0.999736
68099: 0.999736
68100: 0.999736
68101: 0.999736
68102: 0.999736
68103: 0.999736
68104: 0.999736
68105: 0.999736
68106: 0.999736
68107: 0.999736
68108: 0.999736
68109: 0.999736
68110: 0.999736
68111: 0.999736
68112: 0.999736
68113: 0.999736
68114: 0.999736
68115: 0.999736
68116: 0.999736
68117: 0.999736
68118: 0.999736
68119: 0.999736
68120: 0.999736
68121: 0.999736
68122: 0.999736
68123: 0.999736
68124: 0.999736
68125: 0.999736
68126: 0.999736
68127: 0.999736
68128: 0.999736
68129: 0.999736
68130: 0.999736
68131: 0.999736
68132: 0.999736
68133: 0.999736
68134: 0.999736
68135: 0.999736
68136: 0.999736
68137: 0.999736
68138: 0.999736
68139: 0.999736
68140: 0.999736
68141: 0.999736
68142: 0.999736
68143: 0.999736
68144: 0.999736
68145: 0.999736
68146: 0.999736
68147: 0.999736
68148: 0.999736
68149: 0.999736
68150: 0.999736
68151: 0.999736
68152: 0.999736
68153: 0.999736
68154: 0.999736
68155: 0.999736
68156: 0.999736
68157: 0.999736
68158: 0.999736
68159: 0.999736
68160: 0.999736
68161: 0.999736
68162: 0.999736
68163: 0.999736
68164: 0.999736
68165: 0.999736
68166: 0.999736
68167: 0.999736
68168: 0.999736
68169: 0.999736
68170: 0.999736
68171: 0.999736
68172: 0.999736
68173: 0.999736
68174: 0.999736
68175: 0.999736
68176: 0.999736
68177: 0.999736
68178: 0.999736
68179: 0.999736
68180: 0.999736
68181: 0.999736
68182: 0.999736
68183: 0.999736
68184: 0.999736
68185: 0.999736
68186: 0.999736
68187: 0.999736
68188: 0.999736
68189: 0.999736
68190: 0.999736
68191: 0.999736
68192: 0.999736
68193: 0.999736
68194: 0.999736
68195: 0.999736
68196: 0.999736
68197: 0.999736
68198: 0.999736
68199: 0.999736
68200: 0.999736
68201: 0.999736
68202: 0.999736
68203: 0.999736
68204: 0.999736
68205: 0.999736
68206: 0.999736
68207: 0.999736
68208: 0.999736
68209: 0.999736
68210: 0.999736
68211: 0.999736
68212: 0.999736
68213: 0.999736
68214: 0.999736
68215: 0.999736
68216: 0.999736
68217: 0.999736
68218: 0.999736
68219: 0.999736
68220: 0.999736
68221: 0.999736
68222: 0.999736
68223: 0.999736
68224: 0.999736
68225: 0.999736
68226: 0.999736
68227: 0.999736
68228: 0.999736
68229: 0.999736
68230: 0.999736
68231: 0.999736
68232: 0.999736
68233: 0.999736
68234: 0.999736
68235: 0.999736
68236: 0.999736
68237: 0.999736
68238: 0.999736
68239: 0.999736
68240: 0.999736
68241: 0.999736
68242: 0.999736
68243: 0.999736
68244: 0.999736
68245: 0.999736
68246: 0.999736
68247: 0.999736
68248: 0.999736
68249: 0.999736
68250: 0.999736
68251: 0.999736
68252: 0.999736
68253: 0.999736
68254: 0.999736
68255: 0.999736
68256: 0.999736
68257: 0.999736
68258: 0.999736
68259: 0.999736
68260: 0.999736
68261: 0.999736
68262: 0.999736
68263: 0.999736
68264: 0.999736
68265: 0.999736
68266: 0.999736
68267: 0.999736
68268: 0.999736
68269: 0.999736
68270: 0.999736
68271: 0.999736
68272: 0.999736
68273: 0.999736
68274: 0.999736
68275: 0.999736
68276: 0.999736
68277: 0.999736
68278: 0.999736
68279: 0.999736
68280: 0.999736
68281: 0.999736
68282: 0.999736
68283: 0.999736
68284: 0.999736
68285: 0.999736
68286: 0.999736
68287: 0.999736
68288: 0.999736
68289: 0.999736
68290: 0.999736
68291: 0.999736
68292: 0.999736
68293: 0.999736
68294: 0.999736
68295: 0.999736
68296: 0.999736
68297: 0.999736
68298: 0.999736
68299: 0.999736
68300: 0.999736
68301: 0.999736
68302: 0.999736
68303: 0.999736
68304: 0.999736
68305: 0.999736
68306: 0.999736
68307: 0.999736
68308: 0.999736
68309: 0.999736
68310: 0.999736
68311: 0.999737
68312: 0.999737
68313: 0.999737
68314: 0.999737
68315: 0.999737
68316: 0.999737
68317: 0.999737
68318: 0.999737
68319: 0.999737
68320: 0.999737
68321: 0.999737
68322: 0.999737
68323: 0.999737
68324: 0.999737
68325: 0.999737
68326: 0.999737
68327: 0.999737
68328: 0.999737
68329: 0.999737
68330: 0.999737
68331: 0.999737
68332: 0.999737
68333: 0.999737
68334: 0.999737
68335: 0.999737
68336: 0.999737
68337: 0.999737
68338: 0.999737
68339: 0.999737
68340: 0.999737
68341: 0.999737
68342: 0.999737
68343: 0.999737
68344: 0.999737
68345: 0.999737
68346: 0.999737
68347: 0.999737
68348: 0.999737
68349: 0.999737
68350: 0.999737
68351: 0.999737
68352: 0.999737
68353: 0.999737
68354: 0.999737
68355: 0.999737
68356: 0.999737
68357: 0.999737
68358: 0.999737
68359: 0.999737
68360: 0.999737
68361: 0.999737
68362: 0.999737
68363: 0.999737
68364: 0.999737
68365: 0.999737
68366: 0.999737
68367: 0.999737
68368: 0.999737
68369: 0.999737
68370: 0.999737
68371: 0.999737
68372: 0.999737
68373: 0.999737
68374: 0.999737
68375: 0.999737
68376: 0.999737
68377: 0.999737
68378: 0.999737
68379: 0.999737
68380: 0.999737
68381: 0.999737
68382: 0.999737
68383: 0.999737
68384: 0.999737
68385: 0.999737
68386: 0.999737
68387: 0.999737
68388: 0.999737
68389: 0.999737
68390: 0.999737
68391: 0.999737
68392: 0.999737
68393: 0.999737
68394: 0.999737
68395: 0.999737
68396: 0.999737
68397: 0.999737
68398: 0.999737
68399: 0.999737
68400: 0.999737
68401: 0.999737
68402: 0.999737
68403: 0.999737
68404: 0.999737
68405: 0.999737
68406: 0.999737
68407: 0.999737
68408: 0.999737
68409: 0.999737
68410: 0.999737
68411: 0.999737
68412: 0.999737
68413: 0.999737
68414: 0.999737
68415: 0.999737
68416: 0.999737
68417: 0.999737
68418: 0.999737
68419: 0.999737
68420: 0.999737
68421: 0.999737
68422: 0.999737
68423: 0.999737
68424: 0.999737
68425: 0.999737
68426: 0.999737
68427: 0.999737
68428: 0.999737
68429: 0.999737
68430: 0.999737
68431: 0.999737
68432: 0.999737
68433: 0.999737
68434: 0.999737
68435: 0.999737
68436: 0.999737
68437: 0.999737
68438: 0.999737
68439: 0.999737
68440: 0.999737
68441: 0.999737
68442: 0.999737
68443: 0.999737
68444: 0.999737
68445: 0.999737
68446: 0.999737
68447: 0.999737
68448: 0.999737
68449: 0.999737
68450: 0.999737
68451: 0.999737
68452: 0.999737
68453: 0.999737
68454: 0.999737
68455: 0.999737
68456: 0.999737
68457: 0.999737
68458: 0.999737
68459: 0.999737
68460: 0.999737
68461: 0.999737
68462: 0.999737
68463: 0.999737
68464: 0.999737
68465: 0.999737
68466: 0.999737
68467: 0.999737
68468: 0.999737
68469: 0.999737
68470: 0.999737
68471: 0.999737
68472: 0.999737
68473: 0.999737
68474: 0.999737
68475: 0.999737
68476: 0.999737
68477: 0.999737
68478: 0.999737
68479: 0.999737
68480: 0.999737
68481: 0.999737
68482: 0.999737
68483: 0.999737
68484: 0.999737
68485: 0.999737
68486: 0.999737
68487: 0.999737
68488: 0.999737
68489: 0.999737
68490: 0.999737
68491: 0.999737
68492: 0.999737
68493: 0.999737
68494: 0.999737
68495: 0.999737
68496: 0.999737
68497: 0.999737
68498: 0.999737
68499: 0.999737
68500: 0.999737
68501: 0.999737
68502: 0.999737
68503: 0.999737
68504: 0.999737
68505: 0.999737
68506: 0.999737
68507: 0.999737
68508: 0.999737
68509: 0.999737
68510: 0.999737
68511: 0.999737
68512: 0.999737
68513: 0.999737
68514: 0.999737
68515: 0.999737
68516: 0.999737
68517: 0.999737
68518: 0.999737
68519: 0.999737
68520: 0.999737
68521: 0.999737
68522: 0.999737
68523: 0.999737
68524: 0.999737
68525: 0.999737
68526: 0.999737
68527: 0.999737
68528: 0.999737
68529: 0.999737
68530: 0.999737
68531: 0.999737
68532: 0.999737
68533: 0.999737
68534: 0.999737
68535: 0.999737
68536: 0.999737
68537: 0.999737
68538: 0.999737
68539: 0.999737
68540: 0.999737
68541: 0.999737
68542: 0.999737
68543: 0.999737
68544: 0.999737
68545: 0.999737
68546: 0.999737
68547: 0.999723
68548: 0.999723
68549: 0.999723
68550: 0.999723
68551: 0.999723
68552: 0.999723
68553: 0.999723
68554: 0.999723
68555: 0.999723
68556: 0.999723
68557: 0.999723
68558: 0.999723
68559: 0.999723
68560: 0.999723
68561: 0.999723
68562: 0.999723
68563: 0.999723
68564: 0.999723
68565: 0.999723
68566: 0.999723
68567: 0.999723
68568: 0.999723
68569: 0.999723
68570: 0.999723
68571: 0.999723
68572: 0.999723
68573: 0.999723
68574: 0.999723
68575: 0.999723
68576: 0.999723
68577: 0.999723
68578: 0.999723
68579: 0.999723
68580: 0.999723
68581: 0.999723
68582: 0.999723
68583: 0.999723
68584: 0.999723
68585: 0.999723
68586: 0.999723
68587: 0.999723
68588: 0.999723
68589: 0.999723
68590: 0.999723
68591: 0.999723
68592: 0.999723
68593: 0.999723
68594: 0.999723
68595: 0.999723
68596: 0.999723
68597: 0.999723
68598: 0.999723
68599: 0.999723
68600: 0.999723
68601: 0.999723
68602: 0.999723
68603: 0.999723
68604: 0.999723
68605: 0.999723
68606: 0.999723
68607: 0.999723
68608: 0.999723
68609: 0.999723
68610: 0.999723
68611: 0.999723
68612: 0.999723
68613: 0.999723
68614: 0.999723
68615: 0.999723
68616: 0.999723
68617: 0.999723
68618: 0.999723
68619: 0.999723
68620: 0.999723
68621: 0.999723
68622: 0.999723
68623: 0.999723
68624: 0.999723
68625: 0.999723
68626: 0.999723
68627: 0.999723
68628: 0.999723
68629: 0.999723
68630: 0.999723
68631: 0.999723
68632: 0.999723
68633: 0.999723
68634: 0.999723
68635: 0.999723
68636: 0.999723
68637: 0.999723
68638: 0.999723
68639: 0.999723
68640: 0.999723
68641: 0.999723
68642: 0.999723
68643: 0.999723
68644: 0.999723
68645: 0.999723
68646: 0.999723
68647: 0.999723
68648: 0.999723
68649: 0.999723
68650: 0.999723
68651: 0.999723
68652: 0.999723
68653: 0.999723
68654: 0.999723
68655: 0.999723
68656: 0.999723
68657: 0.999723
68658: 0.999723
68659: 0.999723
68660: 0.999723
68661: 0.999723
68662: 0.999723
68663: 0.999723
68664: 0.999723
68665: 0.999723
68666: 0.999723
68667: 0.999723
68668: 0.999723
68669: 0.999723
68670: 0.999723
68671: 0.999723
68672: 0.999723
68673: 0.999723
68674: 0.999723
68675: 0.999723
68676: 0.999723
68677: 0.999723
68678: 0.999723
68679: 0.999723
68680: 0.999723
68681: 0.999723
68682: 0.999723
68683: 0.999723
68684: 0.999723
68685: 0.999723
68686: 0.999723
68687: 0.999723
68688: 0.999723
68689: 0.999723
68690: 0.999723
68691: 0.999723
68692: 0.999723
68693: 0.999723
68694: 0.999723
68695: 0.999723
68696: 0.999723
68697: 0.999723
68698: 0.999723
68699: 0.999723
68700: 0.999723
68701: 0.999723
68702: 0.999723
68703: 0.999723
68704: 0.999723
68705: 0.999723
68706: 0.999723
68707: 0.999723
68708: 0.999723
68709: 0.999723
68710: 0.999723
68711: 0.999723
68712: 0.999723
68713: 0.999723
68714: 0.999723
68715: 0.999723
68716: 0.999724
68717: 0.999724
68718: 0.999724
68719: 0.999724
68720: 0.999724
68721: 0.999724
68722: 0.999724
68723: 0.999724
68724: 0.999724
68725: 0.999724
68726: 0.999724
68727: 0.999724
68728: 0.999724
68729: 0.999724
68730: 0.999724
68731: 0.999724
68732: 0.999724
68733: 0.999724
68734: 0.999724
68735: 0.999724
68736: 0.999724
68737: 0.999724
68738: 0.999724
68739: 0.999724
68740: 0.999724
68741: 0.999724
68742: 0.999724
68743: 0.999724
68744: 0.999724
68745: 0.999724
68746: 0.999724
68747: 0.999724
68748: 0.999724
68749: 0.999724
68750: 0.999724
68751: 0.999724
68752: 0.999724
68753: 0.999724
68754: 0.999724
68755: 0.999724
68756: 0.999724
68757: 0.999724
68758: 0.999724
68759: 0.999724
68760: 0.999724
68761: 0.999724
68762: 0.999724
68763: 0.999724
68764: 0.999724
68765: 0.999724
68766: 0.999724
68767: 0.999724
68768: 0.999724
68769: 0.999724
68770: 0.999724
68771: 0.999724
68772: 0.999724
68773: 0.999724
68774: 0.999724
68775: 0.999724
68776: 0.999724
68777: 0.999724
68778: 0.999724
68779: 0.999724
68780: 0.999724
68781: 0.999724
68782: 0.999724
68783: 0.999724
68784: 0.999724
68785: 0.999724
68786: 0.999724
68787: 0.999724
68788: 0.999724
68789: 0.999724
68790: 0.999724
68791: 0.999724
68792: 0.999724
68793: 0.999724
68794: 0.999724
68795: 0.999724
68796: 0.999724
68797: 0.999724
68798: 0.999724
68799: 0.999724
68800: 0.999724
68801: 0.999724
68802: 0.999724
68803: 0.999724
68804: 0.999724
68805: 0.999724
68806: 0.999724
68807: 0.999724
68808: 0.999724
68809: 0.999724
68810: 0.999724
68811: 0.999724
68812: 0.999724
68813: 0.999724
68814: 0.999724
68815: 0.999724
68816: 0.999724
68817: 0.999724
68818: 0.999724
68819: 0.999724
68820: 0.999724
68821: 0.999724
68822: 0.999724
68823: 0.999724
68824: 0.999724
68825: 0.999724
68826: 0.999724
68827: 0.999724
68828: 0.999724
68829: 0.999724
68830: 0.999724
68831: 0.999724
68832: 0.999724
68833: 0.999724
68834: 0.999724
68835: 0.999724
68836: 0.999724
68837: 0.999724
68838: 0.999724
68839: 0.999724
68840: 0.999724
68841: 0.999724
68842: 0.999724
68843: 0.999724
68844: 0.999724
68845: 0.999724
68846: 0.999724
68847: 0.999724
68848: 0.999724
68849: 0.999724
68850: 0.999724
68851: 0.999724
68852: 0.999724
68853: 0.999724
68854: 0.999724
68855: 0.999724
68856: 0.999724
68857: 0.999724
68858: 0.999724
68859: 0.999724
68860: 0.999724
68861: 0.999724
68862: 0.999724
68863: 0.999724
68864: 0.999724
68865: 0.999724
68866: 0.999724
68867: 0.999724
68868: 0.999724
68869: 0.999724
68870: 0.999724
68871: 0.999724
68872: 0.999724
68873: 0.999724
68874: 0.999724
68875: 0.999724
68876: 0.999724
68877: 0.999724
68878: 0.999724
68879: 0.999724
68880: 0.999724
68881: 0.999724
68882: 0.999724
68883: 0.999724
68884: 0.999724
68885: 0.999724
68886: 0.999724
68887: 0.999724
68888: 0.999724
68889: 0.999724
68890: 0.999724
68891: 0.999724
68892: 0.999724
68893: 0.999724
68894: 0.999724
68895: 0.999724
68896: 0.999724
68897: 0.999724
68898: 0.999724
68899: 0.999724
68900: 0.999724
68901: 0.999724
68902: 0.999724
68903: 0.999724
68904: 0.999724
68905: 0.999724
68906: 0.999724
68907: 0.999724
68908: 0.999724
68909: 0.999724
68910: 0.999724
68911: 0.999724
68912: 0.999724
68913: 0.999724
68914: 0.999724
68915: 0.999724
68916: 0.999724
68917: 0.999724
68918: 0.999724
68919: 0.999724
68920: 0.999724
68921: 0.999724
68922: 0.999724
68923: 0.999724
68924: 0.999724
68925: 0.999724
68926: 0.999724
68927: 0.999724
68928: 0.999724
68929: 0.999724
68930: 0.999724
68931: 0.999724
68932: 0.999724
68933: 0.999724
68934: 0.999724
68935: 0.999724
68936: 0.999724
68937: 0.999724
68938: 0.999724
68939: 0.999724
68940: 0.999724
68941: 0.999724
68942: 0.999724
68943: 0.999724
68944: 0.999724
68945: 0.999724
68946: 0.999724
68947: 0.999724
68948: 0.999724
68949: 0.999724
68950: 0.999724
68951: 0.999724
68952: 0.999724
68953: 0.999724
68954: 0.999724
68955: 0.999724
68956: 0.999724
68957: 0.999724
68958: 0.999724
68959: 0.999724
68960: 0.999724
68961: 0.999724
68962: 0.999724
68963: 0.999724
68964: 0.999724
68965: 0.999725
68966: 0.999725
68967: 0.999725
68968: 0.999725
68969: 0.999725
68970: 0.999725
68971: 0.999725
68972: 0.999725
68973: 0.999725
68974: 0.999725
68975: 0.999725
68976: 0.999725
68977: 0.999725
68978: 0.999725
68979: 0.999725
68980: 0.999725
68981: 0.999725
68982: 0.999725
68983: 0.999725
68984: 0.999725
68985: 0.999725
68986: 0.999725
68987: 0.999725
68988: 0.999725
68989: 0.999725
68990: 0.999725
68991: 0.999725
68992: 0.999725
68993: 0.999725
68994: 0.999725
68995: 0.999725
68996: 0.999725
68997: 0.999725
68998: 0.999725
68999: 0.999725
69000: 0.999725
69001: 0.999725
69002: 0.999725
69003: 0.999725
69004: 0.999725
69005: 0.999725
69006: 0.999725
69007: 0.999725
69008: 0.999725
69009: 0.999725
69010: 0.999725
69011: 0.999725
69012: 0.999725
69013: 0.999725
69014: 0.999725
69015: 0.999725
69016: 0.999725
69017: 0.999725
69018: 0.999725
69019: 0.999725
69020: 0.999725
69021: 0.999725
69022: 0.999725
69023: 0.999725
69024: 0.999725
69025: 0.999725
69026: 0.999725
69027: 0.999725
69028: 0.999725
69029: 0.999725
69030: 0.999725
69031: 0.999725
69032: 0.999725
69033: 0.999725
69034: 0.999725
69035: 0.999725
69036: 0.999725
69037: 0.999725
69038: 0.999725
69039: 0.999725
69040: 0.999725
69041: 0.999725
69042: 0.999725
69043: 0.999725
69044: 0.999725
69045: 0.999725
69046: 0.999725
69047: 0.999725
69048: 0.999725
69049: 0.999725
69050: 0.999725
69051: 0.999725
69052: 0.999725
69053: 0.999725
69054: 0.999725
69055: 0.999725
69056: 0.999725
69057: 0.999725
69058: 0.999725
69059: 0.999725
69060: 0.999725
69061: 0.999725
69062: 0.999725
69063: 0.999725
69064: 0.999725
69065: 0.999725
69066: 0.999725
69067: 0.999725
69068: 0.999725
69069: 0.999725
69070: 0.999725
69071: 0.999725
69072: 0.999725
69073: 0.999725
69074: 0.999725
69075: 0.999725
69076: 0.999725
69077: 0.999725
69078: 0.999725
69079: 0.999725
69080: 0.999725
69081: 0.999725
69082: 0.999725
69083: 0.999725
69084: 0.999725
69085: 0.999725
69086: 0.999725
69087: 0.999725
69088: 0.999725
69089: 0.999725
69090: 0.999725
69091: 0.999725
69092: 0.999725
69093: 0.999725
69094: 0.999725
69095: 0.999725
69096: 0.999725
69097: 0.999725
69098: 0.999725
69099: 0.999725
69100: 0.999725
69101: 0.999725
69102: 0.999725
69103: 0.999725
69104: 0.999725
69105: 0.999725
69106: 0.999725
69107: 0.999725
69108: 0.999725
69109: 0.999725
69110: 0.999725
69111: 0.999725
69112: 0.999725
69113: 0.999725
69114: 0.999725
69115: 0.999725
69116: 0.999725
69117: 0.999725
69118: 0.999725
69119: 0.999725
69120: 0.999725
69121: 0.999725
69122: 0.999725
69123: 0.999725
69124: 0.999725
69125: 0.999725
69126: 0.999725
69127: 0.999725
69128: 0.999725
69129: 0.999725
69130: 0.999725
69131: 0.999725
69132: 0.999725
69133: 0.999725
69134: 0.999725
69135: 0.999725
69136: 0.999725
69137: 0.999725
69138: 0.999725
69139: 0.999725
69140: 0.999725
69141: 0.999725
69142: 0.999725
69143: 0.999725
69144: 0.999725
69145: 0.999725
69146: 0.999725
69147: 0.999725
69148: 0.999725
69149: 0.999725
69150: 0.999725
69151: 0.999725
69152: 0.999725
69153: 0.999725
69154: 0.999725
69155: 0.999725
69156: 0.999725
69157: 0.999725
69158: 0.999725
69159: 0.999725
69160: 0.999725
69161: 0.999725
69162: 0.999725
69163: 0.999725
69164: 0.999725
69165: 0.999725
69166: 0.999725
69167: 0.999725
69168: 0.999725
69169: 0.999725
69170: 0.999725
69171: 0.999725
69172: 0.999725
69173: 0.999725
69174: 0.999725
69175: 0.999725
69176: 0.999725
69177: 0.999725
69178: 0.999725
69179: 0.999725
69180: 0.999725
69181: 0.999725
69182: 0.999725
69183: 0.999725
69184: 0.999725
69185: 0.999725
69186: 0.999725
69187: 0.999725
69188: 0.999725
69189: 0.999725
69190: 0.999725
69191: 0.999725
69192: 0.999725
69193: 0.999725
69194: 0.999725
69195: 0.999725
69196: 0.999725
69197: 0.999725
69198: 0.999725
69199: 0.999725
69200: 0.999725
69201: 0.999725
69202: 0.999725
69203: 0.999725
69204: 0.999725
69205: 0.999725
69206: 0.999725
69207: 0.999725
69208: 0.999725
69209: 0.999725
69210: 0.999725
69211: 0.999725
69212: 0.999725
69213: 0.999725
69214: 0.999725
69215: 0.999725
69216: 0.999726
69217: 0.999726
69218: 0.999726
69219: 0.999726
69220: 0.999726
69221: 0.999726
69222: 0.999726
69223: 0.999726
69224: 0.999726
69225: 0.999726
69226: 0.999726
69227: 0.999726
69228: 0.999726
69229: 0.999726
69230: 0.999726
69231: 0.999726
69232: 0.999726
69233: 0.999726
69234: 0.999726
69235: 0.999726
69236: 0.999726
69237: 0.999726
69238: 0.999726
69239: 0.999726
69240: 0.999726
69241: 0.999726
69242: 0.999726
69243: 0.999726
69244: 0.999726
69245: 0.999726
69246: 0.999726
69247: 0.999726
69248: 0.999726
69249: 0.999726
69250: 0.999726
69251: 0.999726
69252: 0.999726
69253: 0.999726
69254: 0.999726
69255: 0.999726
69256: 0.999726
69257: 0.999726
69258: 0.999726
69259: 0.999726
69260: 0.999726
69261: 0.999726
69262: 0.999726
69263: 0.999726
69264: 0.999726
69265: 0.999726
69266: 0.999726
69267: 0.999726
69268: 0.999726
69269: 0.999726
69270: 0.999726
69271: 0.999726
69272: 0.999726
69273: 0.999726
69274: 0.999726
69275: 0.999726
69276: 0.999726
69277: 0.999726
69278: 0.999726
69279: 0.999726
69280: 0.999726
69281: 0.999726
69282: 0.999726
69283: 0.999726
69284: 0.999726
69285: 0.999726
69286: 0.999726
69287: 0.999726
69288: 0.999726
69289: 0.999726
69290: 0.999726
69291: 0.999726
69292: 0.999726
69293: 0.999726
69294: 0.999726
69295: 0.999726
69296: 0.999726
69297: 0.999726
69298: 0.999726
69299: 0.999726
69300: 0.999726
69301: 0.999726
69302: 0.999726
69303: 0.999726
69304: 0.999726
69305: 0.999726
69306: 0.999726
69307: 0.999726
69308: 0.999726
69309: 0.999726
69310: 0.999726
69311: 0.999726
69312: 0.999726
69313: 0.999726
69314: 0.999726
69315: 0.999726
69316: 0.999726
69317: 0.999726
69318: 0.999726
69319: 0.999726
69320: 0.999726
69321: 0.999726
69322: 0.999726
69323: 0.999726
69324: 0.999726
69325: 0.999726
69326: 0.999726
69327: 0.999726
69328: 0.999726
69329: 0.999726
69330: 0.999726
69331: 0.999726
69332: 0.999726
69333: 0.999726
69334: 0.999726
69335: 0.999726
69336: 0.999726
69337: 0.999726
69338: 0.999726
69339: 0.999726
69340: 0.999726
69341: 0.999726
69342: 0.999726
69343: 0.999726
69344: 0.999726
69345: 0.999726
69346: 0.999726
69347: 0.999726
69348: 0.999726
69349: 0.999726
69350: 0.999726
69351: 0.999726
69352: 0.999726
69353: 0.999726
69354: 0.999726
69355: 0.999726
69356: 0.999726
69357: 0.999726
69358: 0.999726
69359: 0.999726
69360: 0.999726
69361: 0.999726
69362: 0.999726
69363: 0.999726
69364: 0.999726
69365: 0.999726
69366: 0.999726
69367: 0.999726
69368: 0.999726
69369: 0.999726
69370: 0.999726
69371: 0.999726
69372: 0.999726
69373: 0.999726
69374: 0.999726
69375: 0.999726
69376: 0.999726
69377: 0.999726
69378: 0.999726
69379: 0.999726
69380: 0.999726
69381: 0.999726
69382: 0.999726
69383: 0.999726
69384: 0.999726
69385: 0.999726
69386: 0.999726
69387: 0.999726
69388: 0.999726
69389: 0.999726
69390: 0.999726
69391: 0.999726
69392: 0.999726
69393: 0.999726
69394: 0.999726
69395: 0.999726
69396: 0.999726
69397: 0.999726
69398: 0.999726
69399: 0.999726
69400: 0.999726
69401: 0.999726
69402: 0.999726
69403: 0.999726
69404: 0.999726
69405: 0.999726
69406: 0.999726
69407: 0.999726
69408: 0.999726
69409: 0.999726
69410: 0.999726
69411: 0.999726
69412: 0.999726
69413: 0.999726
69414: 0.999726
69415: 0.999726
69416: 0.999726
69417: 0.999726
69418: 0.999726
69419: 0.999726
69420: 0.999726
69421: 0.999726
69422: 0.999726
69423: 0.999726
69424: 0.999726
69425: 0.999726
69426: 0.999726
69427: 0.999726
69428: 0.999726
69429: 0.999726
69430: 0.999726
69431: 0.999726
69432: 0.999726
69433: 0.999726
69434: 0.999726
69435: 0.999726
69436: 0.999726
69437: 0.999726
69438: 0.999726
69439: 0.999726
69440: 0.999726
69441: 0.999726
69442: 0.999726
69443: 0.999726
69444: 0.999726
69445: 0.999726
69446: 0.999726
69447: 0.999726
69448: 0.999726
69449: 0.999726
69450: 0.999726
69451: 0.999726
69452: 0.999726
69453: 0.999726
69454: 0.999726
69455: 0.999726
69456: 0.999726
69457: 0.999726
69458: 0.999726
69459: 0.999726
69460: 0.999726
69461: 0.999726
69462: 0.999726
69463: 0.999726
69464: 0.999726
69465: 0.999726
69466: 0.999726
69467: 0.999726
69468: 0.999726
69469: 0.999727
69470: 0.999727
69471: 0.999727
69472: 0.999727
69473: 0.999727
69474: 0.999727
69475: 0.999727
69476: 0.999727
69477: 0.999727
69478: 0.999727
69479: 0.999727
69480: 0.999727
69481: 0.999727
69482: 0.999727
69483: 0.999727
69484: 0.999727
69485: 0.999727
69486: 0.999727
69487: 0.999727
69488: 0.999727
69489: 0.999727
69490: 0.999727
69491: 0.999727
69492: 0.999727
69493: 0.999727
69494: 0.999727
69495: 0.999727
69496: 0.999727
69497: 0.999727
69498: 0.999727
69499: 0.999727
69500: 0.999727
69501: 0.999727
69502: 0.999727
69503: 0.999727
69504: 0.999727
69505: 0.999727
69506: 0.999727
69507: 0.999727
69508: 0.999727
69509: 0.999727
69510: 0.999727
69511: 0.999727
69512: 0.999727
69513: 0.999727
69514: 0.999727
69515: 0.999727
69516: 0.999727
69517: 0.999727
69518: 0.999727
69519: 0.999727
69520: 0.999727
69521: 0.999727
69522: 0.999727
69523: 0.999727
69524: 0.999727
69525: 0.999727
69526: 0.999727
69527: 0.999727
69528: 0.999727
69529: 0.999727
69530: 0.999727
69531: 0.999727
69532: 0.999727
69533: 0.999727
69534: 0.999727
69535: 0.999727
69536: 0.999727
69537: 0.999727
69538: 0.999727
69539: 0.999727
69540: 0.999727
69541: 0.999727
69542: 0.999727
69543: 0.999727
69544: 0.999727
69545: 0.999727
69546: 0.999727
69547: 0.999727
69548: 0.999727
69549: 0.999727
69550: 0.999727
69551: 0.999727
69552: 0.999727
69553: 0.999727
69554: 0.999727
69555: 0.999727
69556: 0.999727
69557: 0.999727
69558: 0.999727
69559: 0.999727
69560: 0.999727
69561: 0.999727
69562: 0.999727
69563: 0.999727
69564: 0.999727
69565: 0.999727
69566: 0.999727
69567: 0.999727
69568: 0.999727
69569: 0.999727
69570: 0.999727
69571: 0.999727
69572: 0.999727
69573: 0.999727
69574: 0.999727
69575: 0.999727
69576: 0.999727
69577: 0.999727
69578: 0.999727
69579: 0.999727
69580: 0.999727
69581: 0.999727
69582: 0.999727
69583: 0.999727
69584: 0.999727
69585: 0.999727
69586: 0.999727
69587: 0.999727
69588: 0.999727
69589: 0.999727
69590: 0.999727
69591: 0.999727
69592: 0.999727
69593: 0.999727
69594: 0.999727
69595: 0.999727
69596: 0.999727
69597: 0.999727
69598: 0.999727
69599: 0.999727
69600: 0.999727
69601: 0.999727
69602: 0.999727
69603: 0.999727
69604: 0.999727
69605: 0.999727
69606: 0.999727
69607: 0.999727
69608: 0.999727
69609: 0.999727
69610: 0.999727
69611: 0.999727
69612: 0.999727
69613: 0.999727
69614: 0.999727
69615: 0.999727
69616: 0.999727
69617: 0.999727
69618: 0.999727
69619: 0.999727
69620: 0.999727
69621: 0.999727
69622: 0.999727
69623: 0.999727
69624: 0.999727
69625: 0.999727
69626: 0.999727
69627: 0.999727
69628: 0.999727
69629: 0.999727
69630: 0.999727
69631: 0.999727
69632: 0.999727
69633: 0.999727
69634: 0.999727
69635: 0.999727
69636: 0.999727
69637: 0.999727
69638: 0.999727
69639: 0.999727
69640: 0.999727
69641: 0.999727
69642: 0.999727
69643: 0.999727
69644: 0.999727
69645: 0.999727
69646: 0.999727
69647: 0.999727
69648: 0.999727
69649: 0.999727
69650: 0.999727
69651: 0.999727
69652: 0.999727
69653: 0.999727
69654: 0.999727
69655: 0.999727
69656: 0.999727
69657: 0.999727
69658: 0.999727
69659: 0.999727
69660: 0.999727
69661: 0.999727
69662: 0.999727
69663: 0.999727
69664: 0.999727
69665: 0.999727
69666: 0.999727
69667: 0.999727
69668: 0.999727
69669: 0.999727
69670: 0.999727
69671: 0.999727
69672: 0.999727
69673: 0.999727
69674: 0.999727
69675: 0.999727
69676: 0.999727
69677: 0.999727
69678: 0.999727
69679: 0.999727
69680: 0.999727
69681: 0.999727
69682: 0.999727
69683: 0.999727
69684: 0.999727
69685: 0.999727
69686: 0.999727
69687: 0.999727
69688: 0.999727
69689: 0.999727
69690: 0.999727
69691: 0.999727
69692: 0.999727
69693: 0.999727
69694: 0.999727
69695: 0.999727
69696: 0.999727
69697: 0.999727
69698: 0.999727
69699: 0.999727
69700: 0.999727
69701: 0.999727
69702: 0.999727
69703: 0.999727
69704: 0.999727
69705: 0.999727
69706: 0.999727
69707: 0.999727
69708: 0.999727
69709: 0.999727
69710: 0.999727
69711: 0.999727
69712: 0.999727
69713: 0.999727
69714: 0.999727
69715: 0.999727
69716: 0.999727
69717: 0.999727
69718: 0.999727
69719: 0.999727
69720: 0.999727
69721: 0.999727
69722: 0.999727
69723: 0.999727
69724: 0.999728
69725: 0.999728
69726: 0.999728
69727: 0.999728
69728: 0.999728
69729: 0.999728
69730: 0.999728
69731: 0.999728
69732: 0.999728
69733: 0.999728
69734: 0.999728
69735: 0.999728
69736: 0.999728
69737: 0.999728
69738: 0.999728
69739: 0.999728
69740: 0.999728
69741: 0.999728
69742: 0.999728
69743: 0.999728
69744: 0.999728
69745: 0.999728
69746: 0.999728
69747: 0.999728
69748: 0.999728
69749: 0.999728
69750: 0.999728
69751: 0.999728
69752: 0.999728
69753: 0.999728
69754: 0.999728
69755: 0.999728
69756: 0.999728
69757: 0.999728
69758: 0.999728
69759: 0.999728
69760: 0.999728
69761: 0.999728
69762: 0.999728
69763: 0.999728
69764: 0.999728
69765: 0.999728
69766: 0.999728
69767: 0.999728
69768: 0.999728
69769: 0.999728
69770: 0.999728
69771: 0.999728
69772: 0.999728
69773: 0.999728
69774: 0.999728
69775: 0.999728
69776: 0.999728
69777: 0.999728
69778: 0.999728
69779: 0.999728
69780: 0.999728
69781: 0.999728
69782: 0.999728
69783: 0.999728
69784: 0.999728
69785: 0.999728
69786: 0.999728
69787: 0.999728
69788: 0.999728
69789: 0.999728
69790: 0.999728
69791: 0.999728
69792: 0.999728
69793: 0.999728
69794: 0.999728
69795: 0.999728
69796: 0.999728
69797: 0.999728
69798: 0.999728
69799: 0.999728
69800: 0.999728
69801: 0.999728
69802: 0.999728
69803: 0.999728
69804: 0.999728
69805: 0.999728
69806: 0.999728
69807: 0.999728
69808: 0.999728
69809: 0.999728
69810: 0.999728
69811: 0.999728
69812: 0.999728
69813: 0.999728
69814: 0.999728
69815: 0.999728
69816: 0.999728
69817: 0.999728
69818: 0.999728
69819: 0.999728
69820: 0.999728
69821: 0.999728
69822: 0.999728
69823: 0.999728
69824: 0.999728
69825: 0.999728
69826: 0.999728
69827: 0.999728
69828: 0.999728
69829: 0.999728
69830: 0.999728
69831: 0.999728
69832: 0.999728
69833: 0.999728
69834: 0.999728
69835: 0.999728
69836: 0.999728
69837: 0.999728
69838: 0.999728
69839: 0.999728
69840: 0.999728
69841: 0.999728
69842: 0.999728
69843: 0.999728
69844: 0.999728
69845: 0.999728
69846: 0.999728
69847: 0.999728
69848: 0.999728
69849: 0.999728
69850: 0.999728
69851: 0.999728
69852: 0.999728
69853: 0.999728
69854: 0.999728
69855: 0.999728
69856: 0.999728
69857: 0.999728
69858: 0.999728
69859: 0.999728
69860: 0.999728
69861: 0.999728
69862: 0.999728
69863: 0.999728
69864: 0.999728
69865: 0.999728
69866: 0.999728
69867: 0.999728
69868: 0.999728
69869: 0.999728
69870: 0.999728
69871: 0.999728
69872: 0.999728
69873: 0.999728
69874: 0.999728
69875: 0.999728
69876: 0.999728
69877: 0.999728
69878: 0.999728
69879: 0.999728
69880: 0.999728
69881: 0.999728
69882: 0.999728
69883: 0.999728
69884: 0.999728
69885: 0.999728
69886: 0.999728
69887: 0.999728
69888: 0.999728
69889: 0.999728
69890: 0.999728
69891: 0.999728
69892: 0.999728
69893: 0.999728
69894: 0.999728
69895: 0.999728
69896: 0.999728
69897: 0.999728
69898: 0.999728
69899: 0.999728
69900: 0.999728
69901: 0.999728
69902: 0.999728
69903: 0.999728
69904: 0.999728
69905: 0.999728
69906: 0.999728
69907: 0.999728
69908: 0.999728
69909: 0.999728
69910: 0.999728
69911: 0.999728
69912: 0.999728
69913: 0.999728
69914: 0.999728
69915: 0.999728
69916: 0.999728
69917: 0.999728
69918: 0.999728
69919: 0.999728
69920: 0.999728
69921: 0.999728
69922: 0.999728
69923: 0.999728
69924: 0.999728
69925: 0.999728
69926: 0.999728
69927: 0.999728
69928: 0.999728
69929: 0.999728
69930: 0.999728
69931: 0.999728
69932: 0.999728
69933: 0.999728
69934: 0.999728
69935: 0.999728
69936: 0.999728
69937: 0.999728
69938: 0.999728
69939: 0.999728
69940: 0.999728
69941: 0.999728
69942: 0.999728
69943: 0.999728
69944: 0.999728
69945: 0.999728
69946: 0.999728
69947: 0.999728
69948: 0.999728
69949: 0.999728
69950: 0.999728
69951: 0.999728
69952: 0.999728
69953: 0.999728
69954: 0.999728
69955: 0.999728
69956: 0.999728
69957: 0.999728
69958: 0.999728
69959: 0.999728
69960: 0.999728
69961: 0.999728
69962: 0.999728
69963: 0.999728
69964: 0.999728
69965: 0.999728
69966: 0.999728
69967: 0.999728
69968: 0.999728
69969: 0.999728
69970: 0.999728
69971: 0.999728
69972: 0.999728
69973: 0.999728
69974: 0.999728
69975: 0.999728
69976: 0.999728
69977: 0.999728
69978: 0.999728
69979: 0.999728
69980: 0.999728
69981: 0.999729
69982: 0.999729
69983: 0.999729
69984: 0.999729
69985: 0.999729
69986: 0.999729
69987: 0.999729
69988: 0.999729
69989: 0.999729
69990: 0.999729
69991: 0.999729
69992: 0.999729
69993: 0.999729
69994: 0.999729
69995: 0.999729
69996: 0.999729
69997: 0.999729
69998: 0.999729
69999: 0.999729
70000: 0.999729
70001: 0.999729
70002: 0.999729
70003: 0.999729
70004: 0.999729
70005: 0.999729
70006: 0.999729
70007: 0.999729
70008: 0.999729
70009: 0.999729
70010: 0.999729
70011: 0.999729
70012: 0.999729
70013: 0.999729
70014: 0.999729
70015: 0.999729
70016: 0.999729
70017: 0.999729
70018: 0.999729
70019: 0.999729
70020: 0.999729
70021: 0.999729
70022: 0.999729
70023: 0.999729
70024: 0.999729
70025: 0.999729
70026: 0.999729
70027: 0.999729
70028: 0.999729
70029: 0.999729
70030: 0.999729
70031: 0.999729
70032: 0.999729
70033: 0.999729
70034: 0.999729
70035: 0.999729
70036: 0.999729
70037: 0.999729
70038: 0.999729
70039: 0.999729
70040: 0.999729
70041: 0.999729
70042: 0.999729
70043: 0.999729
70044: 0.999729
70045: 0.999729
70046: 0.999729
70047: 0.999729
70048: 0.999729
70049: 0.999729
70050: 0.999729
70051: 0.999729
70052: 0.999729
70053: 0.999729
70054: 0.999729
70055: 0.999729
70056: 0.999729
70057: 0.999729
70058: 0.999729
70059: 0.999729
70060: 0.999729
70061: 0.999729
70062: 0.999729
70063: 0.999729
70064: 0.999729
70065: 0.999729
70066: 0.999729
70067: 0.999729
70068: 0.999729
70069: 0.999729
70070: 0.999729
70071: 0.999729
70072: 0.999729
70073: 0.999729
70074: 0.999729
70075: 0.999729
70076: 0.999729
70077: 0.999729
70078: 0.999729
70079: 0.999729
70080: 0.999729
70081: 0.999729
70082: 0.999729
70083: 0.999729
70084: 0.999729
70085: 0.999729
70086: 0.999729
70087: 0.999729
70088: 0.999729
70089: 0.999729
70090: 0.999729
70091: 0.999729
70092: 0.999729
70093: 0.999729
70094: 0.999729
70095: 0.999729
70096: 0.999729
70097: 0.999729
70098: 0.999729
70099: 0.999729
70100: 0.999729
70101: 0.999729
70102: 0.999729
70103: 0.999729
70104: 0.999729
70105: 0.999729
70106: 0.999729
70107: 0.999729
70108: 0.999729
70109: 0.999729
70110: 0.999729
70111: 0.999729
70112: 0.999729
70113: 0.999729
70114: 0.999729
70115: 0.999729
70116: 0.999729
70117: 0.999729
70118: 0.999729
70119: 0.999729
70120: 0.999729
70121: 0.999729
70122: 0.999729
70123: 0.999729
70124: 0.999729
70125: 0.999729
70126: 0.999729
70127: 0.999729
70128: 0.999729
70129: 0.999729
70130: 0.999729
70131: 0.999729
70132: 0.999729
70133: 0.999729
70134: 0.999729
70135: 0.999729
70136: 0.999729
70137: 0.999729
70138: 0.999729
70139: 0.999729
70140: 0.999729
70141: 0.999729
70142: 0.999729
70143: 0.999729
70144: 0.999729
70145: 0.999729
70146: 0.999729
70147: 0.999729
70148: 0.999729
70149: 0.999729
70150: 0.999729
70151: 0.999729
70152: 0.999729
70153: 0.999729
70154: 0.999729
70155: 0.999729
70156: 0.999729
70157: 0.999729
70158: 0.999729
70159: 0.999729
70160: 0.999729
70161: 0.999729
70162: 0.999729
70163: 0.999729
70164: 0.999729
70165: 0.999729
70166: 0.999729
70167: 0.999729
70168: 0.999729
70169: 0.999729
70170: 0.999729
70171: 0.999729
70172: 0.999729
70173: 0.999729
70174: 0.999729
70175: 0.999729
70176: 0.999729
70177: 0.999729
70178: 0.999729
70179: 0.999729
70180: 0.999729
70181: 0.999729
70182: 0.999729
70183: 0.999729
70184: 0.999729
70185: 0.999729
70186: 0.999729
70187: 0.999729
70188: 0.999729
70189: 0.999729
70190: 0.999729
70191: 0.999729
70192: 0.999729
70193: 0.999729
70194: 0.999729
70195: 0.999729
70196: 0.999729
70197: 0.999729
70198: 0.999729
70199: 0.999729
70200: 0.999729
70201: 0.999729
70202: 0.999729
70203: 0.999729
70204: 0.999729
70205: 0.999729
70206: 0.999729
70207: 0.999729
70208: 0.999729
70209: 0.999729
70210: 0.999729
70211: 0.999729
70212: 0.999729
70213: 0.999729
70214: 0.999729
70215: 0.999729
70216: 0.999729
70217: 0.999729
70218: 0.999729
70219: 0.999729
70220: 0.999729
70221: 0.999729
70222: 0.999729
70223: 0.999729
70224: 0.999729
70225: 0.999729
70226: 0.999729
70227: 0.999729
70228: 0.999729
70229: 0.999729
70230: 0.999729
70231: 0.999729
70232: 0.999729
70233: 0.999729
70234: 0.999729
70235: 0.999729
70236: 0.999729
70237: 0.999729
70238: 0.999729
70239: 0.999729
70240: 0.99973
70241: 0.99973
70242: 0.99973
70243: 0.99973
70244: 0.99973
70245: 0.99973
70246: 0.99973
70247: 0.99973
70248: 0.99973
70249: 0.99973
70250: 0.99973
70251: 0.99973
70252: 0.99973
70253: 0.99973
70254: 0.99973
70255: 0.99973
70256: 0.99973
70257: 0.99973
70258: 0.99973
70259: 0.99973
70260: 0.99973
70261: 0.99973
70262: 0.99973
70263: 0.99973
70264: 0.99973
70265: 0.99973
70266: 0.99973
70267: 0.99973
70268: 0.99973
70269: 0.99973
70270: 0.99973
70271: 0.99973
70272: 0.99973
70273: 0.99973
70274: 0.99973
70275: 0.99973
70276: 0.99973
70277: 0.99973
70278: 0.99973
70279: 0.99973
70280: 0.99973
70281: 0.99973
70282: 0.99973
70283: 0.99973
70284: 0.99973
70285: 0.99973
70286: 0.99973
70287: 0.99973
70288: 0.99973
70289: 0.99973
70290: 0.99973
70291: 0.99973
70292: 0.99973
70293: 0.99973
70294: 0.99973
70295: 0.99973
70296: 0.99973
70297: 0.99973
70298: 0.99973
70299: 0.99973
70300: 0.99973
70301: 0.99973
70302: 0.99973
70303: 0.99973
70304: 0.99973
70305: 0.99973
70306: 0.99973
70307: 0.99973
70308: 0.99973
70309: 0.99973
70310: 0.99973
70311: 0.99973
70312: 0.99973
70313: 0.99973
70314: 0.99973
70315: 0.99973
70316: 0.99973
70317: 0.99973
70318: 0.99973
70319: 0.99973
70320: 0.99973
70321: 0.99973
70322: 0.99973
70323: 0.99973
70324: 0.99973
70325: 0.99973
70326: 0.99973
70327: 0.99973
70328: 0.99973
70329: 0.99973
70330: 0.99973
70331: 0.99973
70332: 0.99973
70333: 0.99973
70334: 0.99973
70335: 0.99973
70336: 0.99973
70337: 0.99973
70338: 0.99973
70339: 0.99973
70340: 0.99973
70341: 0.99973
70342: 0.99973
70343: 0.99973
70344: 0.99973
70345: 0.99973
70346: 0.99973
70347: 0.99973
70348: 0.99973
70349: 0.99973
70350: 0.99973
70351: 0.99973
70352: 0.99973
70353: 0.99973
70354: 0.99973
70355: 0.99973
70356: 0.99973
70357: 0.99973
70358: 0.99973
70359: 0.99973
70360: 0.99973
70361: 0.99973
70362: 0.99973
70363: 0.99973
70364: 0.99973
70365: 0.99973
70366: 0.99973
70367: 0.99973
70368: 0.99973
70369: 0.99973
70370: 0.99973
70371: 0.99973
70372: 0.99973
70373: 0.99973
70374: 0.99973
70375: 0.99973
70376: 0.99973
70377: 0.99973
70378: 0.99973
70379: 0.99973
70380: 0.99973
70381: 0.99973
70382: 0.99973
70383: 0.99973
70384: 0.99973
70385: 0.99973
70386: 0.99973
70387: 0.99973
70388: 0.99973
70389: 0.99973
70390: 0.99973
70391: 0.99973
70392: 0.99973
70393: 0.99973
70394: 0.99973
70395: 0.99973
70396: 0.99973
70397: 0.99973
70398: 0.99973
70399: 0.99973
70400: 0.99973
70401: 0.99973
70402: 0.99973
70403: 0.99973
70404: 0.99973
70405: 0.99973
70406: 0.99973
70407: 0.99973
70408: 0.99973
70409: 0.99973
70410: 0.99973
70411: 0.99973
70412: 0.99973
70413: 0.99973
70414: 0.99973
70415: 0.99973
70416: 0.99973
70417: 0.99973
70418: 0.99973
70419: 0.99973
70420: 0.99973
70421: 0.99973
70422: 0.99973
70423: 0.99973
70424: 0.99973
70425: 0.99973
70426: 0.99973
70427: 0.99973
70428: 0.99973
70429: 0.99973
70430: 0.99973
70431: 0.99973
70432: 0.99973
70433: 0.99973
70434: 0.99973
70435: 0.99973
70436: 0.99973
70437: 0.99973
70438: 0.99973
70439: 0.99973
70440: 0.99973
70441: 0.99973
70442: 0.99973
70443: 0.99973
70444: 0.99973
70445: 0.99973
70446: 0.99973
70447: 0.99973
70448: 0.99973
70449: 0.99973
70450: 0.99973
70451: 0.99973
70452: 0.99973
70453: 0.99973
70454: 0.99973
70455: 0.99973
70456: 0.99973
70457: 0.99973
70458: 0.99973
70459: 0.99973
70460: 0.99973
70461: 0.99973
70462: 0.99973
70463: 0.99973
70464: 0.99973
70465: 0.99973
70466: 0.99973
70467: 0.99973
70468: 0.99973
70469: 0.99973
70470: 0.99973
70471: 0.99973
70472: 0.99973
70473: 0.99973
70474: 0.99973
70475: 0.99973
70476: 0.99973
70477: 0.99973
70478: 0.99973
70479: 0.99973
70480: 0.99973
70481: 0.99973
70482: 0.99973
70483: 0.99973
70484: 0.99973
70485: 0.99973
70486: 0.99973
70487: 0.99973
70488: 0.99973
70489: 0.99973
70490: 0.99973
70491: 0.99973
70492: 0.99973
70493: 0.99973
70494: 0.99973
70495: 0.99973
70496: 0.99973
70497: 0.99973
70498: 0.99973
70499: 0.99973
70500: 0.999731
70501: 0.999731
70502: 0.999731
70503: 0.999731
70504: 0.999731
70505: 0.999731
70506: 0.999731
70507: 0.999731
70508: 0.999731
70509: 0.999731
70510: 0.999731
70511: 0.999731
70512: 0.999731
70513: 0.999731
70514: 0.999731
70515: 0.999731
70516: 0.999731
70517: 0.999731
70518: 0.999731
70519: 0.999731
70520: 0.999731
70521: 0.999731
70522: 0.999731
70523: 0.999731
70524: 0.999731
70525: 0.999731
70526: 0.999731
70527: 0.999731
70528: 0.999731
70529: 0.999731
70530: 0.999731
70531: 0.999731
70532: 0.999731
70533: 0.999731
70534: 0.999731
70535: 0.999731
70536: 0.999731
70537: 0.999731
70538: 0.999731
70539: 0.999731
70540: 0.999731
70541: 0.999731
70542: 0.999731
70543: 0.999731
70544: 0.999731
70545: 0.999731
70546: 0.999731
70547: 0.999731
70548: 0.999731
70549: 0.999731
70550: 0.999731
70551: 0.999731
70552: 0.999731
70553: 0.999731
70554: 0.999731
70555: 0.999731
70556: 0.999731
70557: 0.999731
70558: 0.999731
70559: 0.999731
70560: 0.999731
70561: 0.999731
70562: 0.999731
70563: 0.999731
70564: 0.999731
70565: 0.999731
70566: 0.999731
70567: 0.999731
70568: 0.999731
70569: 0.999731
70570: 0.999731
70571: 0.999731
70572: 0.999731
70573: 0.999731
70574: 0.999731
70575: 0.999731
70576: 0.999731
70577: 0.999731
70578: 0.999731
70579: 0.999731
70580: 0.999731
70581: 0.999731
70582: 0.999731
70583: 0.999731
70584: 0.999731
70585: 0.999731
70586: 0.999731
70587: 0.999731
70588: 0.999731
70589: 0.999731
70590: 0.999731
70591: 0.999731
70592: 0.999731
70593: 0.999731
70594: 0.999731
70595: 0.999731
70596: 0.999731
70597: 0.999731
70598: 0.999731
70599: 0.999731
70600: 0.999731
70601: 0.999731
70602: 0.999731
70603: 0.999731
70604: 0.999731
70605: 0.999731
70606: 0.999731
70607: 0.999731
70608: 0.999731
70609: 0.999731
70610: 0.999731
70611: 0.999731
70612: 0.999731
70613: 0.999731
70614: 0.999731
70615: 0.999731
70616: 0.999731
70617: 0.999731
70618: 0.999731
70619: 0.999731
70620: 0.999731
70621: 0.999731
70622: 0.999731
70623: 0.999731
70624: 0.999731
70625: 0.999731
70626: 0.999731
70627: 0.999731
70628: 0.999731
70629: 0.999731
70630: 0.999731
70631: 0.999731
70632: 0.999731
70633: 0.999731
70634: 0.999731
70635: 0.999731
70636: 0.999731
70637: 0.999731
70638: 0.999731
70639: 0.999731
70640: 0.999731
70641: 0.999731
70642: 0.999731
70643: 0.999731
70644: 0.999731
70645: 0.999731
70646: 0.999731
70647: 0.999731
70648: 0.999731
70649: 0.999731
70650: 0.999731
70651: 0.999731
70652: 0.999731
70653: 0.999731
70654: 0.999731
70655: 0.999731
70656: 0.999731
70657: 0.999731
70658: 0.999731
70659: 0.999731
70660: 0.999731
70661: 0.999731
70662: 0.999731
70663: 0.999731
70664: 0.999731
70665: 0.999731
70666: 0.999731
70667: 0.999731
70668: 0.999731
70669: 0.999731
70670: 0.999731
70671: 0.999731
70672: 0.999731
70673: 0.999731
70674: 0.999731
70675: 0.999731
70676: 0.999731
70677: 0.999731
70678: 0.999731
70679: 0.999731
70680: 0.999731
70681: 0.999731
70682: 0.999731
70683: 0.999731
70684: 0.999731
70685: 0.999731
70686: 0.999731
70687: 0.999731
70688: 0.999731
70689: 0.999731
70690: 0.999731
70691: 0.999731
70692: 0.999731
70693: 0.999731
70694: 0.999731
70695: 0.999731
70696: 0.999731
70697: 0.999731
70698: 0.999731
70699: 0.999731
70700: 0.999731
70701: 0.999731
70702: 0.999731
70703: 0.999731
70704: 0.999731
70705: 0.999731
70706: 0.999731
70707: 0.999731
70708: 0.999731
70709: 0.999731
70710: 0.999731
70711: 0.999731
70712: 0.999731
70713: 0.999731
70714: 0.999731
70715: 0.999731
70716: 0.999731
70717: 0.999731
70718: 0.999731
70719: 0.999731
70720: 0.999731
70721: 0.999731
70722: 0.999731
70723: 0.999731
70724: 0.999731
70725: 0.999731
70726: 0.999731
70727: 0.999731
70728: 0.999731
70729: 0.999731
70730: 0.999731
70731: 0.999731
70732: 0.999731
70733: 0.999731
70734: 0.999731
70735: 0.999731
70736: 0.999731
70737: 0.999731
70738: 0.999731
70739: 0.999731
70740: 0.999731
70741: 0.999731
70742: 0.999731
70743: 0.999731
70744: 0.999731
70745: 0.999731
70746: 0.999731
70747: 0.999731
70748: 0.999731
70749: 0.999731
70750: 0.999731
70751: 0.999731
70752: 0.999731
70753: 0.999731
70754: 0.999731
70755: 0.999731
70756: 0.999731
70757: 0.999731
70758: 0.999731
70759: 0.999731
70760: 0.999731
70761: 0.999731
70762: 0.999731
70763: 0.999732
70764: 0.999732
70765: 0.999732
70766: 0.999732
70767: 0.999732
70768: 0.999732
70769: 0.999732
70770: 0.999732
70771: 0.999732
70772: 0.999732
70773: 0.999732
70774: 0.999732
70775: 0.999732
70776: 0.999732
70777: 0.999732
70778: 0.999732
70779: 0.999732
70780: 0.999732
70781: 0.999732
70782: 0.999732
70783: 0.999732
70784: 0.999732
70785: 0.999732
70786: 0.999732
70787: 0.999732
70788: 0.999732
70789: 0.999732
70790: 0.999732
70791: 0.999732
70792: 0.999732
70793: 0.999732
70794: 0.999732
70795: 0.999732
70796: 0.999732
70797: 0.999732
70798: 0.999732
70799: 0.999732
70800: 0.999732
70801: 0.999732
70802: 0.999732
70803: 0.999732
70804: 0.999732
70805: 0.999732
70806: 0.999732
70807: 0.999732
70808: 0.999732
70809: 0.999732
70810: 0.999732
70811: 0.999732
70812: 0.999732
70813: 0.999732
70814: 0.999732
70815: 0.999732
70816: 0.999732
70817: 0.999732
70818: 0.999732
70819: 0.999732
70820: 0.999732
70821: 0.999732
70822: 0.999732
70823: 0.999732
70824: 0.999732
70825: 0.999732
70826: 0.999732
70827: 0.999732
70828: 0.999732
70829: 0.999732
70830: 0.999732
70831: 0.999732
70832: 0.999732
70833: 0.999732
70834: 0.999732
70835: 0.999732
70836: 0.999732
70837: 0.999732
70838: 0.999732
70839: 0.999732
70840: 0.999732
70841: 0.999732
70842: 0.999732
70843: 0.999732
70844: 0.999732
70845: 0.999732
70846: 0.999732
70847: 0.999732
70848: 0.999732
70849: 0.999732
70850: 0.999732
70851: 0.999732
70852: 0.999732
70853: 0.999732
70854: 0.999732
70855: 0.999732
70856: 0.999732
70857: 0.999732
70858: 0.999732
70859: 0.999732
70860: 0.999732
70861: 0.999732
70862: 0.999732
70863: 0.999732
70864: 0.999732
70865: 0.999732
70866: 0.999732
70867: 0.999732
70868: 0.999732
70869: 0.999732
70870: 0.999732
70871: 0.999732
70872: 0.999732
70873: 0.999732
70874: 0.999732
70875: 0.999732
70876: 0.999732
70877: 0.999732
70878: 0.999732
70879: 0.999732
70880: 0.999732
70881: 0.999732
70882: 0.999732
70883: 0.999732
70884: 0.999732
70885: 0.999732
70886: 0.999732
70887: 0.999732
70888: 0.999732
70889: 0.999732
70890: 0.999732
70891: 0.999732
70892: 0.999732
70893: 0.999732
70894: 0.999732
70895: 0.999732
70896: 0.999732
70897: 0.999732
70898: 0.999732
70899: 0.999732
70900: 0.999732
70901: 0.999732
70902: 0.999732
70903: 0.999732
70904: 0.999732
70905: 0.999732
70906: 0.999732
70907: 0.999732
70908: 0.999732
70909: 0.999732
70910: 0.999732
70911: 0.999732
70912: 0.999732
70913: 0.999732
70914: 0.999732
70915: 0.999732
70916: 0.999732
70917: 0.999732
70918: 0.999732
70919: 0.999732
70920: 0.999732
70921: 0.999732
70922: 0.999732
70923: 0.999732
70924: 0.999732
70925: 0.999732
70926: 0.999732
70927: 0.999732
70928: 0.999732
70929: 0.999732
70930: 0.999732
70931: 0.999732
70932: 0.999732
70933: 0.999732
70934: 0.999732
70935: 0.999732
70936: 0.999732
70937: 0.999732
70938: 0.999732
70939: 0.999732
70940: 0.999732
70941: 0.999732
70942: 0.999732
70943: 0.999732
70944: 0.999732
70945: 0.999732
70946: 0.999732
70947: 0.999732
70948: 0.999732
70949: 0.999732
70950: 0.999732
70951: 0.999732
70952: 0.999732
70953: 0.999732
70954: 0.999732
70955: 0.999732
70956: 0.999732
70957: 0.999732
70958: 0.999732
70959: 0.999732
70960: 0.999732
70961: 0.999732
70962: 0.999732
70963: 0.999732
70964: 0.999732
70965: 0.999732
70966: 0.999732
70967: 0.999732
70968: 0.999732
70969: 0.999732
70970: 0.999732
70971: 0.999732
70972: 0.999732
70973: 0.999732
70974: 0.999732
70975: 0.999732
70976: 0.999732
70977: 0.999732
70978: 0.999732
70979: 0.999732
70980: 0.999732
70981: 0.999732
70982: 0.999732
70983: 0.999732
70984: 0.999732
70985: 0.999732
70986: 0.999732
70987: 0.999732
70988: 0.999732
70989: 0.999732
70990: 0.999732
70991: 0.999732
70992: 0.999732
70993: 0.999732
70994: 0.999732
70995: 0.999732
70996: 0.999732
70997: 0.999732
70998: 0.999732
70999: 0.999732
71000: 0.999732
71001: 0.999732
71002: 0.999732
71003: 0.999732
71004: 0.999732
71005: 0.999732
71006: 0.999732
71007: 0.999732
71008: 0.999732
71009: 0.999732
71010: 0.999732
71011: 0.999732
71012: 0.999732
71013: 0.999732
71014: 0.999732
71015: 0.999732
71016: 0.999732
71017: 0.999732
71018: 0.999732
71019: 0.999732
71020: 0.999732
71021: 0.999732
71022: 0.999732
71023: 0.999732
71024: 0.999732
71025: 0.999732
71026: 0.999732
71027: 0.999732
71028: 0.999733
71029: 0.999733
71030: 0.999733
71031: 0.999733
71032: 0.999733
71033: 0.999733
71034: 0.999733
71035: 0.999733
71036: 0.999733
71037: 0.999733
71038: 0.999733
71039: 0.999733
71040: 0.999733
71041: 0.999733
71042: 0.999733
71043: 0.999733
71044: 0.999733
71045: 0.999733
71046: 0.999733
71047: 0.999733
71048: 0.999733
71049: 0.999733
71050: 0.999733
71051: 0.999733
71052: 0.999733
71053: 0.999733
71054: 0.999733
71055: 0.999733
71056: 0.999733
71057: 0.999733
71058: 0.999733
71059: 0.999733
71060: 0.999733
71061: 0.999733
71062: 0.999733
71063: 0.999733
71064: 0.999733
71065: 0.999733
71066: 0.999733
71067: 0.999733
71068: 0.999733
71069: 0.999733
71070: 0.999733
71071: 0.999733
71072: 0.999733
71073: 0.999733
71074: 0.999733
71075: 0.999733
71076: 0.999733
71077: 0.999733
71078: 0.999733
71079: 0.999733
71080: 0.999733
71081: 0.999733
71082: 0.999733
71083: 0.999733
71084: 0.999733
71085: 0.999733
71086: 0.999733
71087: 0.999733
71088: 0.999733
71089: 0.999733
71090: 0.999733
71091: 0.999733
71092: 0.999733
71093: 0.999733
71094: 0.999733
71095: 0.999733
71096: 0.999733
71097: 0.999733
71098: 0.999733
71099: 0.999733
71100: 0.999733
71101: 0.999733
71102: 0.999733
71103: 0.999733
71104: 0.999733
71105: 0.999733
71106: 0.999733
71107: 0.999733
71108: 0.999733
71109: 0.999733
71110: 0.999733
71111: 0.999733
71112: 0.999733
71113: 0.999733
71114: 0.999733
71115: 0.999733
71116: 0.999733
71117: 0.999733
71118: 0.999733
71119: 0.999733
71120: 0.999733
71121: 0.999733
71122: 0.999733
71123: 0.999733
71124: 0.999733
71125: 0.999733
71126: 0.999733
71127: 0.999733
71128: 0.999733
71129: 0.999733
71130: 0.999733
71131: 0.999733
71132: 0.999733
71133: 0.999733
71134: 0.999733
71135: 0.999733
71136: 0.999733
71137: 0.999733
71138: 0.999733
71139: 0.999733
71140: 0.999733
71141: 0.999733
71142: 0.999733
71143: 0.999733
71144: 0.999733
71145: 0.999733
71146: 0.999733
71147: 0.999733
71148: 0.999733
71149: 0.999733
71150: 0.999733
71151: 0.999733
71152: 0.999733
71153: 0.999733
71154: 0.999733
71155: 0.999733
71156: 0.999733
71157: 0.999733
71158: 0.999733
71159: 0.999733
71160: 0.999733
71161: 0.999733
71162: 0.999733
71163: 0.999733
71164: 0.999733
71165: 0.999733
71166: 0.999733
71167: 0.999733
71168: 0.999733
71169: 0.999733
71170: 0.999733
71171: 0.999733
71172: 0.999733
71173: 0.999733
71174: 0.999733
71175: 0.999733
71176: 0.999733
71177: 0.999733
71178: 0.999733
71179: 0.999733
71180: 0.999733
71181: 0.999733
71182: 0.999733
71183: 0.999733
71184: 0.999733
71185: 0.999733
71186: 0.999733
71187: 0.999733
71188: 0.999733
71189: 0.999733
71190: 0.999733
71191: 0.999733
71192: 0.999733
71193: 0.999733
71194: 0.999733
71195: 0.999733
71196: 0.999733
71197: 0.999733
71198: 0.999733
71199: 0.999733
71200: 0.999733
71201: 0.999733
71202: 0.999733
71203: 0.999733
71204: 0.999733
71205: 0.999733
71206: 0.999733
71207: 0.999733
71208: 0.999733
71209: 0.999733
71210: 0.999733
71211: 0.999733
71212: 0.999733
71213: 0.999733
71214: 0.999733
71215: 0.999733
71216: 0.999733
71217: 0.999733
71218: 0.999733
71219: 0.999733
71220: 0.999733
71221: 0.999733
71222: 0.999733
71223: 0.999733
71224: 0.999733
71225: 0.999733
71226: 0.999733
71227: 0.999733
71228: 0.999733
71229: 0.999733
71230: 0.999733
71231: 0.999733
71232: 0.999733
71233: 0.999733
71234: 0.999733
71235: 0.999733
71236: 0.999733
71237: 0.999733
71238: 0.999733
71239: 0.999733
71240: 0.999733
71241: 0.999733
71242: 0.999733
71243: 0.999733
71244: 0.999733
71245: 0.999733
71246: 0.999733
71247: 0.999733
71248: 0.999733
71249: 0.999733
71250: 0.999733
71251: 0.999733
71252: 0.999733
71253: 0.999733
71254: 0.999733
71255: 0.999733
71256: 0.999733
71257: 0.999733
71258: 0.999733
71259: 0.999733
71260: 0.999733
71261: 0.999733
71262: 0.999733
71263: 0.999733
71264: 0.999733
71265: 0.999733
71266: 0.999733
71267: 0.999733
71268: 0.999733
71269: 0.999733
71270: 0.999733
71271: 0.999733
71272: 0.999733
71273: 0.999733
71274: 0.999733
71275: 0.999733
71276: 0.999733
71277: 0.999733
71278: 0.999733
71279: 0.999733
71280: 0.999733
71281: 0.999733
71282: 0.999733
71283: 0.999733
71284: 0.999733
71285: 0.999733
71286: 0.999733
71287: 0.999733
71288: 0.999733
71289: 0.999733
71290: 0.999733
71291: 0.999733
71292: 0.999733
71293: 0.999733
71294: 0.999734
71295: 0.999734
71296: 0.999734
71297: 0.999734
71298: 0.999734
71299: 0.999734
71300: 0.999734
71301: 0.999734
71302: 0.999734
71303: 0.999734
71304: 0.999734
71305: 0.999734
71306: 0.999734
71307: 0.999734
71308: 0.999734
71309: 0.999734
71310: 0.999734
71311: 0.999734
71312: 0.999734
71313: 0.999734
71314: 0.999734
71315: 0.999734
71316: 0.999734
71317: 0.999734
71318: 0.999734
71319: 0.999734
71320: 0.999734
71321: 0.999734
71322: 0.999734
71323: 0.999734
71324: 0.999734
71325: 0.999734
71326: 0.999734
71327: 0.999734
71328: 0.999734
71329: 0.999734
71330: 0.999734
71331: 0.999734
71332: 0.999734
71333: 0.999734
71334: 0.999734
71335: 0.999734
71336: 0.999734
71337: 0.999734
71338: 0.999734
71339: 0.999734
71340: 0.999734
71341: 0.999734
71342: 0.999734
71343: 0.999734
71344: 0.999734
71345: 0.999734
71346: 0.999734
71347: 0.999734
71348: 0.999734
71349: 0.999734
71350: 0.999734
71351: 0.999734
71352: 0.999734
71353: 0.999734
71354: 0.999734
71355: 0.999734
71356: 0.999734
71357: 0.999734
71358: 0.999734
71359: 0.999734
71360: 0.999734
71361: 0.999734
71362: 0.999734
71363: 0.999734
71364: 0.999734
71365: 0.999734
71366: 0.999734
71367: 0.999734
71368: 0.999734
71369: 0.999734
71370: 0.999734
71371: 0.999734
71372: 0.999734
71373: 0.999734
71374: 0.999734
71375: 0.999734
71376: 0.999734
71377: 0.999734
71378: 0.999734
71379: 0.999734
71380: 0.999734
71381: 0.999734
71382: 0.999734
71383: 0.999734
71384: 0.999734
71385: 0.999734
71386: 0.999734
71387: 0.999734
71388: 0.999734
71389: 0.999734
71390: 0.999734
71391: 0.999734
71392: 0.999734
71393: 0.999734
71394: 0.999734
71395: 0.999734
71396: 0.999734
71397: 0.999734
71398: 0.999734
71399: 0.999734
71400: 0.999734
71401: 0.999734
71402: 0.999734
71403: 0.999734
71404: 0.999734
71405: 0.999734
71406: 0.999734
71407: 0.999734
71408: 0.999734
71409: 0.999734
71410: 0.999734
71411: 0.999734
71412: 0.999734
71413: 0.999734
71414: 0.999734
71415: 0.999734
71416: 0.999734
71417: 0.999734
71418: 0.999734
71419: 0.999734
71420: 0.999734
71421: 0.999734
71422: 0.999734
71423: 0.999734
71424: 0.999734
71425: 0.999734
71426: 0.999734
71427: 0.999734
71428: 0.999734
71429: 0.999734
71430: 0.999734
71431: 0.999734
71432: 0.999734
71433: 0.999734
71434: 0.999734
71435: 0.999734
71436: 0.999734
71437: 0.999734
71438: 0.999734
71439: 0.999734
71440: 0.999734
71441: 0.999734
71442: 0.999734
71443: 0.999734
71444: 0.999734
71445: 0.999734
71446: 0.999734
71447: 0.999734
71448: 0.999734
71449: 0.999734
71450: 0.999734
71451: 0.999734
71452: 0.999734
71453: 0.999734
71454: 0.999734
71455: 0.999734
71456: 0.999734
71457: 0.999734
71458: 0.999734
71459: 0.999734
71460: 0.999734
71461: 0.999734
71462: 0.999734
71463: 0.999734
71464: 0.999734
71465: 0.999734
71466: 0.999734
71467: 0.999734
71468: 0.999734
71469: 0.999734
71470: 0.999734
71471: 0.999734
71472: 0.999734
71473: 0.999734
71474: 0.999734
71475: 0.999734
71476: 0.999734
71477: 0.999734
71478: 0.999734
71479: 0.999734
71480: 0.999734
71481: 0.999734
71482: 0.999734
71483: 0.999734
71484: 0.999734
71485: 0.999734
71486: 0.999734
71487: 0.999734
71488: 0.999734
71489: 0.999734
71490: 0.999734
71491: 0.999734
71492: 0.999734
71493: 0.999734
71494: 0.999734
71495: 0.999734
71496: 0.999734
71497: 0.999734
71498: 0.999734
71499: 0.999734
71500: 0.999734
71501: 0.999734
71502: 0.999734
71503: 0.999734
71504: 0.999734
71505: 0.999734
71506: 0.999734
71507: 0.999734
71508: 0.999734
71509: 0.999734
71510: 0.999734
71511: 0.999734
71512: 0.999734
71513: 0.999734
71514: 0.999734
71515: 0.999734
71516: 0.999734
71517: 0.999734
71518: 0.999734
71519: 0.999734
71520: 0.999734
71521: 0.999734
71522: 0.999734
71523: 0.999734
71524: 0.999734
71525: 0.999734
71526: 0.999734
71527: 0.999734
71528: 0.999734
71529: 0.999734
71530: 0.999734
71531: 0.999734
71532: 0.999734
71533: 0.999734
71534: 0.999734
71535: 0.999734
71536: 0.999734
71537: 0.999734
71538: 0.999734
71539: 0.999734
71540: 0.999734
71541: 0.999734
71542: 0.999734
71543: 0.999734
71544: 0.999734
71545: 0.999734
71546: 0.999734
71547: 0.999734
71548: 0.999734
71549: 0.999734
71550: 0.999734
71551: 0.999734
71552: 0.999734
71553: 0.999734
71554: 0.999734
71555: 0.999734
71556: 0.999734
71557: 0.999734
71558: 0.999734
71559: 0.999734
71560: 0.999734
71561: 0.999734
71562: 0.999734
71563: 0.999735
71564: 0.999735
71565: 0.999735
71566: 0.999735
71567: 0.999735
71568: 0.999735
71569: 0.999735
71570: 0.999735
71571: 0.999735
71572: 0.999735
71573: 0.999735
71574: 0.999735
71575: 0.999735
71576: 0.999735
71577: 0.999735
71578: 0.999735
71579: 0.999735
71580: 0.999735
71581: 0.999735
71582: 0.999735
71583: 0.999735
71584: 0.999735
71585: 0.999735
71586: 0.999735
71587: 0.999735
71588: 0.999735
71589: 0.999735
71590: 0.999735
71591: 0.999735
71592: 0.999735
71593: 0.999735
71594: 0.999735
71595: 0.999735
71596: 0.999735
71597: 0.999735
71598: 0.999735
71599: 0.999735
71600: 0.999735
71601: 0.999735
71602: 0.999735
71603: 0.999735
71604: 0.999735
71605: 0.999735
71606: 0.999735
71607: 0.999735
71608: 0.999735
71609: 0.999735
71610: 0.999735
71611: 0.999735
71612: 0.999735
71613: 0.999735
71614: 0.999735
71615: 0.999735
71616: 0.999735
71617: 0.999735
71618: 0.999735
71619: 0.999735
71620: 0.999735
71621: 0.999735
71622: 0.999735
71623: 0.999735
71624: 0.999735
71625: 0.999735
71626: 0.999735
71627: 0.999735
71628: 0.999735
71629: 0.999735
71630: 0.999735
71631: 0.999735
71632: 0.999735
71633: 0.999735
71634: 0.999735
71635: 0.999735
71636: 0.999735
71637: 0.999735
71638: 0.999735
71639: 0.999735
71640: 0.999735
71641: 0.999735
71642: 0.999735
71643: 0.999735
71644: 0.999735
71645: 0.999735
71646: 0.999735
71647: 0.999735
71648: 0.999735
71649: 0.999735
71650: 0.999735
71651: 0.999735
71652: 0.999735
71653: 0.999735
71654: 0.999735
71655: 0.999735
71656: 0.999735
71657: 0.999735
71658: 0.999735
71659: 0.999735
71660: 0.999735
71661: 0.999735
71662: 0.999735
71663: 0.999735
71664: 0.999735
71665: 0.999735
71666: 0.999735
71667: 0.999735
71668: 0.999735
71669: 0.999735
71670: 0.999735
71671: 0.999735
71672: 0.999735
71673: 0.999735
71674: 0.999735
71675: 0.999735
71676: 0.999735
71677: 0.999735
71678: 0.999735
71679: 0.999735
71680: 0.999735
71681: 0.999735
71682: 0.999735
71683: 0.999735
71684: 0.999735
71685: 0.999735
71686: 0.999735
71687: 0.999735
71688: 0.999735
71689: 0.999735
71690: 0.999735
71691: 0.999735
71692: 0.999735
71693: 0.999735
71694: 0.999735
71695: 0.999735
71696: 0.999735
71697: 0.999735
71698: 0.999735
71699: 0.999735
71700: 0.999735
71701: 0.999735
71702: 0.999735
71703: 0.999735
71704: 0.999735
71705: 0.999735
71706: 0.999735
71707: 0.999735
71708: 0.999735
71709: 0.999735
71710: 0.999735
71711: 0.999735
71712: 0.999735
71713: 0.999735
71714: 0.999735
71715: 0.999735
71716: 0.999735
71717: 0.999735
71718: 0.999735
71719: 0.999735
71720: 0.999735
71721: 0.999735
71722: 0.999735
71723: 0.999735
71724: 0.999735
71725: 0.999735
71726: 0.999735
71727: 0.999735
71728: 0.999735
71729: 0.999735
71730: 0.999735
71731: 0.999735
71732: 0.999735
71733: 0.999735
71734: 0.999735
71735: 0.999735
71736: 0.999735
71737: 0.999735
71738: 0.999735
71739: 0.999735
71740: 0.999735
71741: 0.999735
71742: 0.999735
71743: 0.999735
71744: 0.999735
71745: 0.999735
71746: 0.999735
71747: 0.999735
71748: 0.999735
71749: 0.999735
71750: 0.999735
71751: 0.999735
71752: 0.999735
71753: 0.999735
71754: 0.999735
71755: 0.999735
71756: 0.999735
71757: 0.999735
71758: 0.999735
71759: 0.999735
71760: 0.999735
71761: 0.999735
71762: 0.999735
71763: 0.999735
71764: 0.999735
71765: 0.999735
71766: 0.999735
71767: 0.999735
71768: 0.999735
71769: 0.999735
71770: 0.999735
71771: 0.999735
71772: 0.999735
71773: 0.999735
71774: 0.999735
71775: 0.999735
71776: 0.999735
71777: 0.999735
71778: 0.999735
71779: 0.999735
71780: 0.999735
71781: 0.999735
71782: 0.999735
71783: 0.999735
71784: 0.999735
71785: 0.999735
71786: 0.999735
71787: 0.999735
71788: 0.999735
71789: 0.999735
71790: 0.999735
71791: 0.999735
71792: 0.999735
71793: 0.999735
71794: 0.999735
71795: 0.999735
71796: 0.999735
71797: 0.999735
71798: 0.999735
71799: 0.999735
71800: 0.999735
71801: 0.999735
71802: 0.999735
71803: 0.999735
71804: 0.999735
71805: 0.999735
71806: 0.999735
71807: 0.999735
71808: 0.999735
71809: 0.999735
71810: 0.999735
71811: 0.999735
71812: 0.999735
71813: 0.999735
71814: 0.999735
71815: 0.999735
71816: 0.999735
71817: 0.999735
71818: 0.999735
71819: 0.999735
71820: 0.999735
71821: 0.999735
71822: 0.999735
71823: 0.999735
71824: 0.999735
71825: 0.999735
71826: 0.999735
71827: 0.999735
71828: 0.999735
71829: 0.999735
71830: 0.999735
71831: 0.999735
71832: 0.999735
71833: 0.999736
71834: 0.999736
71835: 0.999736
71836: 0.999736
71837: 0.999736
71838: 0.999736
71839: 0.999736
71840: 0.999736
71841: 0.999736
71842: 0.999736
71843: 0.999736
71844: 0.999736
71845: 0.999736
71846: 0.999736
71847: 0.999736
71848: 0.999736
71849: 0.999736
71850: 0.999736
71851: 0.999736
71852: 0.999736
71853: 0.999736
71854: 0.999736
71855: 0.999736
71856: 0.999736
71857: 0.999736
71858: 0.999736
71859: 0.999736
71860: 0.999736
71861: 0.999736
71862: 0.999736
71863: 0.999736
71864: 0.999736
71865: 0.999736
71866: 0.999736
71867: 0.999736
71868: 0.999736
71869: 0.999736
71870: 0.999736
71871: 0.999736
71872: 0.999736
71873: 0.999736
71874: 0.999736
71875: 0.999736
71876: 0.999736
71877: 0.999736
71878: 0.999736
71879: 0.999736
71880: 0.999736
71881: 0.999736
71882: 0.999736
71883: 0.999736
71884: 0.999736
71885: 0.999736
71886: 0.999736
71887: 0.999736
71888: 0.999736
71889: 0.999736
71890: 0.999736
71891: 0.999736
71892: 0.999736
71893: 0.999736
71894: 0.999736
71895: 0.999736
71896: 0.999736
71897: 0.999736
71898: 0.999736
71899: 0.999736
71900: 0.999736
71901: 0.999736
71902: 0.999736
71903: 0.999736
71904: 0.999736
71905: 0.999736
71906: 0.999736
71907: 0.999736
71908: 0.999736
71909: 0.999736
71910: 0.999736
71911: 0.999736
71912: 0.999736
71913: 0.999736
71914: 0.999736
71915: 0.999736
71916: 0.999736
71917: 0.999736
71918: 0.999736
71919: 0.999736
71920: 0.999736
71921: 0.999736
71922: 0.999736
71923: 0.999736
71924: 0.999736
71925: 0.999736
71926: 0.999736
71927: 0.999736
71928: 0.999736
71929: 0.999736
71930: 0.999736
71931: 0.999736
71932: 0.999736
71933: 0.999736
71934: 0.999736
71935: 0.999736
71936: 0.999736
71937: 0.999736
71938: 0.999736
71939: 0.999736
71940: 0.999736
71941: 0.999736
71942: 0.999736
71943: 0.999736
71944: 0.999736
71945: 0.999736
71946: 0.999736
71947: 0.999736
71948: 0.999736
71949: 0.999736
71950: 0.999736
71951: 0.999736
71952: 0.999736
71953: 0.999736
71954: 0.999736
71955: 0.999736
71956: 0.999736
71957: 0.999736
71958: 0.999736
71959: 0.999736
71960: 0.999736
71961: 0.999736
71962: 0.999736
71963: 0.999736
71964: 0.999736
71965: 0.999736
71966: 0.999736
71967: 0.999736
71968: 0.999736
71969: 0.999736
71970: 0.999736
71971: 0.999736
71972: 0.999736
71973: 0.999736
71974: 0.999736
71975: 0.999736
71976: 0.999736
71977: 0.999736
71978: 0.999736
71979: 0.999736
71980: 0.999736
71981: 0.999736
71982: 0.999736
71983: 0.999736
71984: 0.999736
71985: 0.999736
71986: 0.999736
71987: 0.999736
71988: 0.999736
71989: 0.999736
71990: 0.999736
71991: 0.999736
71992: 0.999736
71993: 0.999736
71994: 0.999736
71995: 0.999736
71996: 0.999736
71997: 0.999736
71998: 0.999736
71999: 0.999736
72000: 0.999736
72001: 0.999736
72002: 0.999736
72003: 0.999736
72004: 0.999736
72005: 0.999736
72006: 0.999736
72007: 0.999736
72008: 0.999736
72009: 0.999736
72010: 0.999736
72011: 0.999736
72012: 0.999736
72013: 0.999736
72014: 0.999736
72015: 0.999736
72016: 0.999736
72017: 0.999736
72018: 0.999736
72019: 0.999736
72020: 0.999736
72021: 0.999736
72022: 0.999736
72023: 0.999736
72024: 0.999736
72025: 0.999736
72026: 0.999736
72027: 0.999736
72028: 0.999736
72029: 0.999736
72030: 0.999736
72031: 0.999736
72032: 0.999736
72033: 0.999736
72034: 0.999736
72035: 0.999736
72036: 0.999736
72037: 0.999736
72038: 0.999736
72039: 0.999736
72040: 0.999736
72041: 0.999736
72042: 0.999736
72043: 0.999736
72044: 0.999736
72045: 0.999736
72046: 0.999736
72047: 0.999736
72048: 0.999736
72049: 0.999736
72050: 0.999736
72051: 0.999736
72052: 0.999736
72053: 0.999736
72054: 0.999736
72055: 0.999736
72056: 0.999736
72057: 0.999736
72058: 0.999736
72059: 0.999736
72060: 0.999736
72061: 0.999736
72062: 0.999736
72063: 0.999736
72064: 0.999736
72065: 0.999736
72066: 0.999736
72067: 0.999736
72068: 0.999736
72069: 0.999736
72070: 0.999736
72071: 0.999736
72072: 0.999736
72073: 0.999736
72074: 0.999736
72075: 0.999736
72076: 0.999736
72077: 0.999736
72078: 0.999736
72079: 0.999736
72080: 0.999736
72081: 0.999736
72082: 0.999736
72083: 0.999736
72084: 0.999736
72085: 0.999736
72086: 0.999736
72087: 0.999736
72088: 0.999736
72089: 0.999736
72090: 0.999736
72091: 0.999736
72092: 0.999736
72093: 0.999736
72094: 0.999736
72095: 0.999736
72096: 0.999736
72097: 0.999736
72098: 0.999736
72099: 0.999736
72100: 0.999736
72101: 0.999736
72102: 0.999736
72103: 0.999736
72104: 0.999736
72105: 0.999736
72106: 0.999737
72107: 0.999737
72108: 0.999737
72109: 0.999737
72110: 0.999737
72111: 0.999737
72112: 0.999737
72113: 0.999737
72114: 0.999737
72115: 0.999737
72116: 0.999737
72117: 0.999737
72118: 0.999737
72119: 0.999737
72120: 0.999737
72121: 0.999737
72122: 0.999737
72123: 0.999737
72124: 0.999737
72125: 0.999737
72126: 0.999737
72127: 0.999737
72128: 0.999737
72129: 0.999737
72130: 0.999737
72131: 0.999737
72132: 0.999737
72133: 0.999737
72134: 0.999737
72135: 0.999737
72136: 0.999737
72137: 0.999737
72138: 0.999737
72139: 0.999737
72140: 0.999737
72141: 0.999737
72142: 0.999737
72143: 0.999737
72144: 0.999737
72145: 0.999737
72146: 0.999737
72147: 0.999737
72148: 0.999737
72149: 0.999737
72150: 0.999737
72151: 0.999737
72152: 0.999737
72153: 0.999737
72154: 0.999737
72155: 0.999737
72156: 0.999737
72157: 0.999737
72158: 0.999737
72159: 0.999737
72160: 0.999737
72161: 0.999737
72162: 0.999737
72163: 0.999737
72164: 0.999737
72165: 0.999737
72166: 0.999737
72167: 0.999737
72168: 0.999737
72169: 0.999737
72170: 0.999737
72171: 0.999737
72172: 0.999737
72173: 0.999737
72174: 0.999737
72175: 0.999737
72176: 0.999737
72177: 0.999737
72178: 0.999737
72179: 0.999737
72180: 0.999737
72181: 0.999737
72182: 0.999737
72183: 0.999737
72184: 0.999737
72185: 0.999737
72186: 0.999737
72187: 0.999737
72188: 0.999737
72189: 0.999737
72190: 0.999737
72191: 0.999737
72192: 0.999737
72193: 0.999737
72194: 0.999737
72195: 0.999737
72196: 0.999737
72197: 0.999737
72198: 0.999737
72199: 0.999737
72200: 0.999737
72201: 0.999737
72202: 0.999737
72203: 0.999737
72204: 0.999737
72205: 0.999737
72206: 0.999737
72207: 0.999737
72208: 0.999737
72209: 0.999737
72210: 0.999737
72211: 0.999737
72212: 0.999737
72213: 0.999737
72214: 0.999737
72215: 0.999737
72216: 0.999737
72217: 0.999737
72218: 0.999737
72219: 0.999737
72220: 0.999737
72221: 0.999737
72222: 0.999737
72223: 0.999737
72224: 0.999737
72225: 0.999737
72226: 0.999737
72227: 0.999737
72228: 0.999737
72229: 0.999737
72230: 0.999737
72231: 0.999737
72232: 0.999737
72233: 0.999737
72234: 0.999737
72235: 0.999737
72236: 0.999737
72237: 0.999737
72238: 0.999737
72239: 0.999737
72240: 0.999737
72241: 0.999737
72242: 0.999737
72243: 0.999737
72244: 0.999737
72245: 0.999737
72246: 0.999737
72247: 0.999737
72248: 0.999737
72249: 0.999737
72250: 0.999737
72251: 0.999737
72252: 0.999737
72253: 0.999737
72254: 0.999737
72255: 0.999737
72256: 0.999737
72257: 0.999737
72258: 0.999737
72259: 0.999737
72260: 0.999737
72261: 0.999737
72262: 0.999737
72263: 0.999737
72264: 0.999737
72265: 0.999737
72266: 0.999737
72267: 0.999737
72268: 0.999737
72269: 0.999737
72270: 0.999737
72271: 0.999737
72272: 0.999737
72273: 0.999737
72274: 0.999737
72275: 0.999737
72276: 0.999737
72277: 0.999737
72278: 0.999737
72279: 0.999737
72280: 0.999737
72281: 0.999737
72282: 0.999737
72283: 0.999737
72284: 0.999737
72285: 0.999737
72286: 0.999737
72287: 0.999737
72288: 0.999737
72289: 0.999737
72290: 0.999737
72291: 0.999737
72292: 0.999737
72293: 0.999737
72294: 0.999737
72295: 0.999737
72296: 0.999737
72297: 0.999737
72298: 0.999737
72299: 0.999737
72300: 0.999737
72301: 0.999737
72302: 0.999737
72303: 0.999737
72304: 0.999737
72305: 0.999737
72306: 0.999737
72307: 0.999737
72308: 0.999737
72309: 0.999737
72310: 0.999737
72311: 0.999737
72312: 0.999737
72313: 0.999737
72314: 0.999737
72315: 0.999737
72316: 0.999737
72317: 0.999737
72318: 0.999737
72319: 0.999737
72320: 0.999737
72321: 0.999737
72322: 0.999737
72323: 0.999737
72324: 0.999737
72325: 0.999737
72326: 0.999737
72327: 0.999737
72328: 0.999737
72329: 0.999737
72330: 0.999737
72331: 0.999737
72332: 0.999737
72333: 0.999737
72334: 0.999737
72335: 0.999737
72336: 0.999737
72337: 0.999737
72338: 0.999737
72339: 0.999737
72340: 0.999737
72341: 0.999737
72342: 0.999737
72343: 0.999737
72344: 0.999737
72345: 0.999737
72346: 0.999737
72347: 0.999737
72348: 0.999737
72349: 0.999737
72350: 0.999737
72351: 0.999737
72352: 0.999737
72353: 0.999737
72354: 0.999737
72355: 0.999737
72356: 0.999737
72357: 0.999737
72358: 0.999737
72359: 0.999737
72360: 0.999737
72361: 0.999737
72362: 0.999737
72363: 0.999737
72364: 0.999737
72365: 0.999737
72366: 0.999737
72367: 0.999737
72368: 0.999737
72369: 0.999737
72370: 0.999737
72371: 0.999737
72372: 0.999737
72373: 0.999737
72374: 0.999737
72375: 0.999737
72376: 0.999737
72377: 0.999737
72378: 0.999737
72379: 0.999737
72380: 0.999738
72381: 0.999738
72382: 0.999738
72383: 0.999738
72384: 0.999738
72385: 0.999738
72386: 0.999738
72387: 0.999738
72388: 0.999738
72389: 0.999738
72390: 0.999738
72391: 0.999738
72392: 0.999738
72393: 0.999738
72394: 0.999738
72395: 0.999738
72396: 0.999738
72397: 0.999738
72398: 0.999738
72399: 0.999738
72400: 0.999738
72401: 0.999738
72402: 0.999738
72403: 0.999738
72404: 0.999738
72405: 0.999738
72406: 0.999738
72407: 0.999738
72408: 0.999738
72409: 0.999738
72410: 0.999738
72411: 0.999738
72412: 0.999738
72413: 0.999738
72414: 0.999738
72415: 0.999738
72416: 0.999738
72417: 0.999738
72418: 0.999738
72419: 0.999738
72420: 0.999738
72421: 0.999738
72422: 0.999738
72423: 0.999738
72424: 0.999738
72425: 0.999738
72426: 0.999738
72427: 0.999738
72428: 0.999738
72429: 0.999738
72430: 0.999738
72431: 0.999738
72432: 0.999738
72433: 0.999738
72434: 0.999738
72435: 0.999738
72436: 0.999738
72437: 0.999738
72438: 0.999738
72439: 0.999738
72440: 0.999738
72441: 0.999738
72442: 0.999738
72443: 0.999738
72444: 0.999738
72445: 0.999738
72446: 0.999738
72447: 0.999738
72448: 0.999738
72449: 0.999738
72450: 0.999738
72451: 0.999738
72452: 0.999738
72453: 0.999738
72454: 0.999738
72455: 0.999738
72456: 0.999738
72457: 0.999738
72458: 0.999738
72459: 0.999738
72460: 0.999738
72461: 0.999738
72462: 0.999738
72463: 0.999738
72464: 0.999738
72465: 0.999738
72466: 0.999738
72467: 0.999738
72468: 0.999738
72469: 0.999738
72470: 0.999738
72471: 0.999738
72472: 0.999738
72473: 0.999738
72474: 0.999738
72475: 0.999738
72476: 0.999738
72477: 0.999738
72478: 0.999738
72479: 0.999738
72480: 0.999738
72481: 0.999738
72482: 0.999738
72483: 0.999738
72484: 0.999738
72485: 0.999738
72486: 0.999738
72487: 0.999738
72488: 0.999738
72489: 0.999738
72490: 0.999738
72491: 0.999738
72492: 0.999738
72493: 0.999738
72494: 0.999738
72495: 0.999738
72496: 0.999738
72497: 0.999738
72498: 0.999738
72499: 0.999738
72500: 0.999738
72501: 0.999738
72502: 0.999738
72503: 0.999738
72504: 0.999738
72505: 0.999738
72506: 0.999738
72507: 0.999738
72508: 0.999738
72509: 0.999738
72510: 0.999738
72511: 0.999738
72512: 0.999738
72513: 0.999738
72514: 0.999738
72515: 0.999738
72516: 0.999738
72517: 0.999738
72518: 0.999738
72519: 0.999738
72520: 0.999738
72521: 0.999738
72522: 0.999738
72523: 0.999738
72524: 0.999738
72525: 0.999738
72526: 0.999738
72527: 0.999738
72528: 0.999738
72529: 0.999738
72530: 0.999738
72531: 0.999738
72532: 0.999738
72533: 0.999738
72534: 0.999738
72535: 0.999738
72536: 0.999738
72537: 0.999738
72538: 0.999738
72539: 0.999738
72540: 0.999738
72541: 0.999738
72542: 0.999738
72543: 0.999738
72544: 0.999738
72545: 0.999738
72546: 0.999738
72547: 0.999738
72548: 0.999738
72549: 0.999738
72550: 0.999738
72551: 0.999738
72552: 0.999738
72553: 0.999738
72554: 0.999738
72555: 0.999738
72556: 0.999738
72557: 0.999738
72558: 0.999738
72559: 0.999738
72560: 0.999738
72561: 0.999738
72562: 0.999738
72563: 0.999738
72564: 0.999738
72565: 0.999738
72566: 0.999738
72567: 0.999738
72568: 0.999738
72569: 0.999738
72570: 0.999738
72571: 0.999738
72572: 0.999738
72573: 0.999738
72574: 0.999738
72575: 0.999738
72576: 0.999738
72577: 0.999738
72578: 0.999738
72579: 0.999738
72580: 0.999738
72581: 0.999738
72582: 0.999738
72583: 0.999738
72584: 0.999738
72585: 0.999738
72586: 0.999738
72587: 0.999738
72588: 0.999738
72589: 0.999738
72590: 0.999738
72591: 0.999738
72592: 0.999738
72593: 0.999738
72594: 0.999738
72595: 0.999738
72596: 0.999738
72597: 0.999738
72598: 0.999738
72599: 0.999738
72600: 0.999738
72601: 0.999738
72602: 0.999738
72603: 0.999738
72604: 0.999738
72605: 0.999738
72606: 0.999738
72607: 0.999738
72608: 0.999738
72609: 0.999738
72610: 0.999738
72611: 0.999738
72612: 0.999738
72613: 0.999738
72614: 0.999738
72615: 0.999738
72616: 0.999738
72617: 0.999738
72618: 0.999738
72619: 0.999738
72620: 0.999738
72621: 0.999738
72622: 0.999738
72623: 0.999738
72624: 0.999738
72625: 0.999738
72626: 0.999738
72627: 0.999738
72628: 0.999738
72629: 0.999738
72630: 0.999738
72631: 0.999738
72632: 0.999738
72633: 0.999738
72634: 0.999738
72635: 0.999738
72636: 0.999738
72637: 0.999738
72638: 0.999738
72639: 0.999738
72640: 0.999738
72641: 0.999738
72642: 0.999738
72643: 0.999738
72644: 0.999738
72645: 0.999738
72646: 0.999738
72647: 0.999738
72648: 0.999738
72649: 0.999738
72650: 0.999738
72651: 0.999738
72652: 0.999738
72653: 0.999738
72654: 0.999738
72655: 0.999738
72656: 0.999738
72657: 0.999739
72658: 0.999739
72659: 0.999739
72660: 0.999739
72661: 0.999739
72662: 0.999739
72663: 0.999739
72664: 0.999739
72665: 0.999739
72666: 0.999739
72667: 0.999739
72668: 0.999739
72669: 0.999739
72670: 0.999739
72671: 0.999739
72672: 0.999739
72673: 0.999739
72674: 0.999739
72675: 0.999739
72676: 0.999739
72677: 0.999739
72678: 0.999739
72679: 0.999739
72680: 0.999739
72681: 0.999739
72682: 0.999739
72683: 0.999739
72684: 0.999739
72685: 0.999739
72686: 0.999739
72687: 0.999739
72688: 0.999739
72689: 0.999739
72690: 0.999739
72691: 0.999739
72692: 0.999739
72693: 0.999739
72694: 0.999739
72695: 0.999739
72696: 0.999739
72697: 0.999739
72698: 0.999739
72699: 0.999739
72700: 0.999739
72701: 0.999739
72702: 0.999739
72703: 0.999739
72704: 0.999739
72705: 0.999739
72706: 0.999739
72707: 0.999739
72708: 0.999739
72709: 0.999739
72710: 0.999739
72711: 0.999739
72712: 0.999739
72713: 0.999739
72714: 0.999739
72715: 0.999739
72716: 0.999739
72717: 0.999739
72718: 0.999739
72719: 0.999739
72720: 0.999739
72721: 0.999739
72722: 0.999739
72723: 0.999739
72724: 0.999739
72725: 0.999739
72726: 0.999739
72727: 0.999739
72728: 0.999739
72729: 0.999739
72730: 0.999739
72731: 0.999739
72732: 0.999739
72733: 0.999739
72734: 0.999739
72735: 0.999739
72736: 0.999739
72737: 0.999739
72738: 0.999739
72739: 0.999739
72740: 0.999739
72741: 0.999739
72742: 0.999739
72743: 0.999739
72744: 0.999739
72745: 0.999739
72746: 0.999739
72747: 0.999739
72748: 0.999739
72749: 0.999739
72750: 0.999739
72751: 0.999739
72752: 0.999739
72753: 0.999739
72754: 0.999739
72755: 0.999739
72756: 0.999739
72757: 0.999739
72758: 0.999739
72759: 0.999739
72760: 0.999739
72761: 0.999739
72762: 0.999739
72763: 0.999739
72764: 0.999739
72765: 0.999739
72766: 0.999739
72767: 0.999739
72768: 0.999739
72769: 0.999739
72770: 0.999739
72771: 0.999739
72772: 0.999739
72773: 0.999739
72774: 0.999739
72775: 0.999739
72776: 0.999739
72777: 0.999739
72778: 0.999739
72779: 0.999739
72780: 0.999739
72781: 0.999739
72782: 0.999739
72783: 0.999739
72784: 0.999739
72785: 0.999739
72786: 0.999739
72787: 0.999739
72788: 0.999739
72789: 0.999739
72790: 0.999739
72791: 0.999739
72792: 0.999739
72793: 0.999739
72794: 0.999739
72795: 0.999739
72796: 0.999739
72797: 0.999739
72798: 0.999739
72799: 0.999739
72800: 0.999739
72801: 0.999739
72802: 0.999739
72803: 0.999739
72804: 0.999739
72805: 0.999739
72806: 0.999739
72807: 0.999739
72808: 0.999739
72809: 0.999739
72810: 0.999739
72811: 0.999739
72812: 0.999739
72813: 0.999739
72814: 0.999739
72815: 0.999739
72816: 0.999739
72817: 0.999739
72818: 0.999739
72819: 0.999739
72820: 0.999739
72821: 0.999739
72822: 0.999739
72823: 0.999739
72824: 0.999739
72825: 0.999739
72826: 0.999739
72827: 0.999739
72828: 0.999739
72829: 0.999739
72830: 0.999739
72831: 0.999739
72832: 0.999739
72833: 0.999739
72834: 0.999739
72835: 0.999739
72836: 0.999739
72837: 0.999739
72838: 0.999739
72839: 0.999739
72840: 0.999739
72841: 0.999739
72842: 0.999739
72843: 0.999739
72844: 0.999739
72845: 0.999739
72846: 0.999739
72847: 0.999739
72848: 0.999739
72849: 0.999739
72850: 0.999739
72851: 0.999739
72852: 0.999739
72853: 0.999739
72854: 0.999739
72855: 0.999739
72856: 0.999739
72857: 0.999739
72858: 0.999739
72859: 0.999739
72860: 0.999739
72861: 0.999739
72862: 0.999739
72863: 0.999739
72864: 0.999739
72865: 0.999739
72866: 0.999739
72867: 0.999739
72868: 0.999739
72869: 0.999739
72870: 0.999739
72871: 0.999739
72872: 0.999739
72873: 0.999739
72874: 0.999739
72875: 0.999739
72876: 0.999739
72877: 0.999739
72878: 0.999739
72879: 0.999739
72880: 0.999739
72881: 0.999739
72882: 0.999739
72883: 0.999739
72884: 0.999739
72885: 0.999739
72886: 0.999739
72887: 0.999739
72888: 0.999739
72889: 0.999739
72890: 0.999739
72891: 0.999739
72892: 0.999739
72893: 0.999739
72894: 0.999739
72895: 0.999739
72896: 0.999739
72897: 0.999739
72898: 0.999739
72899: 0.999739
72900: 0.999739
72901: 0.999739
72902: 0.999739
72903: 0.999739
72904: 0.999739
72905: 0.999739
72906: 0.999739
72907: 0.999739
72908: 0.999739
72909: 0.999739
72910: 0.999739
72911: 0.999739
72912: 0.999739
72913: 0.999739
72914: 0.999739
72915: 0.999739
72916: 0.999739
72917: 0.999739
72918: 0.999739
72919: 0.999739
72920: 0.999739
72921: 0.999739
72922: 0.999739
72923: 0.999739
72924: 0.999739
72925: 0.999739
72926: 0.999739
72927: 0.999739
72928: 0.999739
72929: 0.999739
72930: 0.999739
72931: 0.999739
72932: 0.999739
72933: 0.999739
72934: 0.999739
72935: 0.999739
72936: 0.99974
72937: 0.99974
72938: 0.99974
72939: 0.99974
72940: 0.99974
72941: 0.99974
72942: 0.99974
72943: 0.99974
72944: 0.99974
72945: 0.99974
72946: 0.99974
72947: 0.99974
72948: 0.99974
72949: 0.99974
72950: 0.99974
72951: 0.99974
72952: 0.99974
72953: 0.99974
72954: 0.99974
72955: 0.99974
72956: 0.99974
72957: 0.99974
72958: 0.99974
72959: 0.99974
72960: 0.99974
72961: 0.99974
72962: 0.99974
72963: 0.99974
72964: 0.99974
72965: 0.99974
72966: 0.99974
72967: 0.99974
72968: 0.99974
72969: 0.99974
72970: 0.99974
72971: 0.99974
72972: 0.99974
72973: 0.99974
72974: 0.99974
72975: 0.99974
72976: 0.99974
72977: 0.99974
72978: 0.99974
72979: 0.99974
72980: 0.99974
72981: 0.99974
72982: 0.99974
72983: 0.99974
72984: 0.99974
72985: 0.99974
72986: 0.99974
72987: 0.99974
72988: 0.99974
72989: 0.99974
72990: 0.99974
72991: 0.99974
72992: 0.99974
72993: 0.99974
72994: 0.99974
72995: 0.99974
72996: 0.99974
72997: 0.99974
72998: 0.99974
72999: 0.99974
73000: 0.99974
73001: 0.99974
73002: 0.99974
73003: 0.99974
73004: 0.99974
73005: 0.99974
73006: 0.99974
73007: 0.99974
73008: 0.99974
73009: 0.99974
73010: 0.99974
73011: 0.99974
73012: 0.99974
73013: 0.99974
73014: 0.99974
73015: 0.99974
73016: 0.99974
73017: 0.99974
73018: 0.99974
73019: 0.99974
73020: 0.99974
73021: 0.99974
73022: 0.99974
73023: 0.99974
73024: 0.99974
73025: 0.99974
73026: 0.99974
73027: 0.99974
73028: 0.99974
73029: 0.99974
73030: 0.99974
73031: 0.99974
73032: 0.99974
73033: 0.99974
73034: 0.99974
73035: 0.99974
73036: 0.99974
73037: 0.99974
73038: 0.99974
73039: 0.99974
73040: 0.99974
73041: 0.99974
73042: 0.99974
73043: 0.99974
73044: 0.99974
73045: 0.99974
73046: 0.99974
73047: 0.99974
73048: 0.99974
73049: 0.99974
73050: 0.99974
73051: 0.99974
73052: 0.99974
73053: 0.99974
73054: 0.99974
73055: 0.99974
73056: 0.99974
73057: 0.99974
73058: 0.99974
73059: 0.99974
73060: 0.99974
73061: 0.99974
73062: 0.99974
73063: 0.99974
73064: 0.99974
73065: 0.99974
73066: 0.99974
73067: 0.99974
73068: 0.99974
73069: 0.99974
73070: 0.99974
73071: 0.99974
73072: 0.99974
73073: 0.99974
73074: 0.99974
73075: 0.99974
73076: 0.99974
73077: 0.99974
73078: 0.99974
73079: 0.99974
73080: 0.99974
73081: 0.99974
73082: 0.99974
73083: 0.99974
73084: 0.99974
73085: 0.99974
73086: 0.99974
73087: 0.99974
73088: 0.99974
73089: 0.99974
73090: 0.99974
73091: 0.99974
73092: 0.99974
73093: 0.99974
73094: 0.99974
73095: 0.99974
73096: 0.99974
73097: 0.99974
73098: 0.99974
73099: 0.99974
73100: 0.99974
73101: 0.99974
73102: 0.99974
73103: 0.99974
73104: 0.99974
73105: 0.99974
73106: 0.99974
73107: 0.99974
73108: 0.99974
73109: 0.99974
73110: 0.99974
73111: 0.99974
73112: 0.99974
73113: 0.99974
73114: 0.99974
73115: 0.99974
73116: 0.99974
73117: 0.99974
73118: 0.99974
73119: 0.99974
73120: 0.99974
73121: 0.99974
73122: 0.99974
73123: 0.99974
73124: 0.99974
73125: 0.99974
73126: 0.99974
73127: 0.99974
73128: 0.99974
73129: 0.99974
73130: 0.99974
73131: 0.99974
73132: 0.99974
73133: 0.99974
73134: 0.99974
73135: 0.99974
73136: 0.99974
73137: 0.99974
73138: 0.99974
73139: 0.99974
73140: 0.99974
73141: 0.99974
73142: 0.99974
73143: 0.99974
73144: 0.99974
73145: 0.99974
73146: 0.99974
73147: 0.99974
73148: 0.99974
73149: 0.99974
73150: 0.99974
73151: 0.99974
73152: 0.99974
73153: 0.99974
73154: 0.99974
73155: 0.99974
73156: 0.99974
73157: 0.99974
73158: 0.99974
73159: 0.99974
73160: 0.99974
73161: 0.99974
73162: 0.99974
73163: 0.99974
73164: 0.99974
73165: 0.99974
73166: 0.99974
73167: 0.99974
73168: 0.99974
73169: 0.99974
73170: 0.99974
73171: 0.99974
73172: 0.99974
73173: 0.99974
73174: 0.99974
73175: 0.99974
73176: 0.99974
73177: 0.99974
73178: 0.99974
73179: 0.99974
73180: 0.99974
73181: 0.99974
73182: 0.99974
73183: 0.99974
73184: 0.99974
73185: 0.99974
73186: 0.99974
73187: 0.99974
73188: 0.99974
73189: 0.99974
73190: 0.99974
73191: 0.99974
73192: 0.99974
73193: 0.99974
73194: 0.99974
73195: 0.99974
73196: 0.99974
73197: 0.99974
73198: 0.99974
73199: 0.99974
73200: 0.99974
73201: 0.99974
73202: 0.99974
73203: 0.99974
73204: 0.99974
73205: 0.99974
73206: 0.99974
73207: 0.99974
73208: 0.99974
73209: 0.99974
73210: 0.99974
73211: 0.99974
73212: 0.99974
73213: 0.99974
73214: 0.99974
73215: 0.99974
73216: 0.99974
73217: 0.999741
73218: 0.999741
73219: 0.999741
73220: 0.999741
73221: 0.999741
73222: 0.999741
73223: 0.999741
73224: 0.999741
73225: 0.999741
73226: 0.999741
73227: 0.999741
73228: 0.999741
73229: 0.999741
73230: 0.999741
73231: 0.999741
73232: 0.999741
73233: 0.999741
73234: 0.999741
73235: 0.999741
73236: 0.999741
73237: 0.999741
73238: 0.999741
73239: 0.999741
73240: 0.999741
73241: 0.999741
73242: 0.999741
73243: 0.999741
73244: 0.999741
73245: 0.999741
73246: 0.999741
73247: 0.999741
73248: 0.999741
73249: 0.999741
73250: 0.999741
73251: 0.999741
73252: 0.999741
73253: 0.999741
73254: 0.999741
73255: 0.999741
73256: 0.999741
73257: 0.999741
73258: 0.999741
73259: 0.999741
73260: 0.999741
73261: 0.999741
73262: 0.999741
73263: 0.999741
73264: 0.999741
73265: 0.999741
73266: 0.999741
73267: 0.999741
73268: 0.999741
73269: 0.999741
73270: 0.999741
73271: 0.999741
73272: 0.999741
73273: 0.999741
73274: 0.999741
73275: 0.999741
73276: 0.999741
73277: 0.999741
73278: 0.999741
73279: 0.999741
73280: 0.999741
73281: 0.999741
73282: 0.999741
73283: 0.999741
73284: 0.999741
73285: 0.999741
73286: 0.999741
73287: 0.999741
73288: 0.999741
73289: 0.999741
73290: 0.999741
73291: 0.999741
73292: 0.999741
73293: 0.999741
73294: 0.999741
73295: 0.999741
73296: 0.999741
73297: 0.999741
73298: 0.999741
73299: 0.999741
73300: 0.999741
73301: 0.999741
73302: 0.999741
73303: 0.999741
73304: 0.999741
73305: 0.999741
73306: 0.999741
73307: 0.999741
73308: 0.999741
73309: 0.999741
73310: 0.999741
73311: 0.999741
73312: 0.999741
73313: 0.999741
73314: 0.999741
73315: 0.999741
73316: 0.999741
73317: 0.999741
73318: 0.999741
73319: 0.999741
73320: 0.999741
73321: 0.999741
73322: 0.999741
73323: 0.999741
73324: 0.999741
73325: 0.999741
73326: 0.999741
73327: 0.999741
73328: 0.999741
73329: 0.999741
73330: 0.999741
73331: 0.999741
73332: 0.999741
73333: 0.999741
73334: 0.999741
73335: 0.999741
73336: 0.999741
73337: 0.999741
73338: 0.999741
73339: 0.999741
73340: 0.999741
73341: 0.999741
73342: 0.999741
73343: 0.999741
73344: 0.999741
73345: 0.999741
73346: 0.999741
73347: 0.999741
73348: 0.999741
73349: 0.999741
73350: 0.999741
73351: 0.999741
73352: 0.999741
73353: 0.999741
73354: 0.999741
73355: 0.999741
73356: 0.999741
73357: 0.999741
73358: 0.999741
73359: 0.999741
73360: 0.999741
73361: 0.999741
73362: 0.999741
73363: 0.999741
73364: 0.999741
73365: 0.999741
73366: 0.999741
73367: 0.999741
73368: 0.999741
73369: 0.999741
73370: 0.999741
73371: 0.999741
73372: 0.999741
73373: 0.999741
73374: 0.999741
73375: 0.999741
73376: 0.999741
73377: 0.999741
73378: 0.999741
73379: 0.999741
73380: 0.999741
73381: 0.999741
73382: 0.999741
73383: 0.999741
73384: 0.999741
73385: 0.999741
73386: 0.999741
73387: 0.999741
73388: 0.999741
73389: 0.999741
73390: 0.999741
73391: 0.999741
73392: 0.999741
73393: 0.999741
73394: 0.999741
73395: 0.999741
73396: 0.999741
73397: 0.999741
73398: 0.999741
73399: 0.999741
73400: 0.999741
73401: 0.999741
73402: 0.999741
73403: 0.999741
73404: 0.999741
73405: 0.999741
73406: 0.999741
73407: 0.999741
73408: 0.999741
73409: 0.999741
73410: 0.999741
73411: 0.999741
73412: 0.999741
73413: 0.999741
73414: 0.999741
73415: 0.999741
73416: 0.999741
73417: 0.999741
73418: 0.999741
73419: 0.999741
73420: 0.999741
73421: 0.999741
73422: 0.999741
73423: 0.999741
73424: 0.999741
73425: 0.999741
73426: 0.999741
73427: 0.999741
73428: 0.999741
73429: 0.999741
73430: 0.999741
73431: 0.999741
73432: 0.999741
73433: 0.999741
73434: 0.999741
73435: 0.999741
73436: 0.999741
73437: 0.999741
73438: 0.999741
73439: 0.999741
73440: 0.999741
73441: 0.999741
73442: 0.999741
73443: 0.999741
73444: 0.999741
73445: 0.999741
73446: 0.999741
73447: 0.999741
73448: 0.999741
73449: 0.999741
73450: 0.999741
73451: 0.999741
73452: 0.999741
73453: 0.999741
73454: 0.999741
73455: 0.999741
73456: 0.999741
73457: 0.999741
73458: 0.999741
73459: 0.999741
73460: 0.999741
73461: 0.999741
73462: 0.999741
73463: 0.999741
73464: 0.999741
73465: 0.999741
73466: 0.999741
73467: 0.999741
73468: 0.999741
73469: 0.999741
73470: 0.999741
73471: 0.999741
73472: 0.999741
73473: 0.999741
73474: 0.999741
73475: 0.999741
73476: 0.999741
73477: 0.999741
73478: 0.999741
73479: 0.999741
73480: 0.999741
73481: 0.999741
73482: 0.999741
73483: 0.999741
73484: 0.999741
73485: 0.999741
73486: 0.999741
73487: 0.999741
73488: 0.999741
73489: 0.999741
73490: 0.999741
73491: 0.999741
73492: 0.999741
73493: 0.999741
73494: 0.999741
73495: 0.999741
73496: 0.999741
73497: 0.999741
73498: 0.999741
73499: 0.999741
73500: 0.999742
73501: 0.999742
73502: 0.999742
73503: 0.999742
73504: 0.999742
73505: 0.999742
73506: 0.999742
73507: 0.999742
73508: 0.999742
73509: 0.999742
73510: 0.999742
73511: 0.999742
73512: 0.999742
73513: 0.999742
73514: 0.999742
73515: 0.999742
73516: 0.999742
73517: 0.999742
73518: 0.999742
73519: 0.999742
73520: 0.999742
73521: 0.999742
73522: 0.999742
73523: 0.999742
73524: 0.999742
73525: 0.999742
73526: 0.999742
73527: 0.999742
73528: 0.999742
73529: 0.999742
73530: 0.999742
73531: 0.999742
73532: 0.999742
73533: 0.999742
73534: 0.999742
73535: 0.999742
73536: 0.999742
73537: 0.999742
73538: 0.999742
73539: 0.999742
73540: 0.999742
73541: 0.999742
73542: 0.999742
73543: 0.999742
73544: 0.999742
73545: 0.999742
73546: 0.999742
73547: 0.999742
73548: 0.999742
73549: 0.999742
73550: 0.999742
73551: 0.999742
73552: 0.999742
73553: 0.999742
73554: 0.999742
73555: 0.999742
73556: 0.999742
73557: 0.999742
73558: 0.999742
73559: 0.999742
73560: 0.999742
73561: 0.999742
73562: 0.999742
73563: 0.999742
73564: 0.999742
73565: 0.999742
73566: 0.999742
73567: 0.999742
73568: 0.999742
73569: 0.999742
73570: 0.999742
73571: 0.999742
73572: 0.999742
73573: 0.999742
73574: 0.999742
73575: 0.999742
73576: 0.999742
73577: 0.999742
73578: 0.999742
73579: 0.999742
73580: 0.999742
73581: 0.999742
73582: 0.999742
73583: 0.999742
73584: 0.999742
73585: 0.999742
73586: 0.999742
73587: 0.999742
73588: 0.999742
73589: 0.999742
73590: 0.999742
73591: 0.999742
73592: 0.999742
73593: 0.999742
73594: 0.999742
73595: 0.999742
73596: 0.999742
73597: 0.999742
73598: 0.999742
73599: 0.999742
73600: 0.999742
73601: 0.999742
73602: 0.999742
73603: 0.999742
73604: 0.999742
73605: 0.999742
73606: 0.999742
73607: 0.999742
73608: 0.999742
73609: 0.999742
73610: 0.999742
73611: 0.999742
73612: 0.999742
73613: 0.999742
73614: 0.999742
73615: 0.999742
73616: 0.999742
73617: 0.999742
73618: 0.999742
73619: 0.999742
73620: 0.999742
73621: 0.999742
73622: 0.999742
73623: 0.999742
73624: 0.999742
73625: 0.999742
73626: 0.999742
73627: 0.999742
73628: 0.999742
73629: 0.999742
73630: 0.999742
73631: 0.999742
73632: 0.999742
73633: 0.999742
73634: 0.999742
73635: 0.999742
73636: 0.999742
73637: 0.999742
73638: 0.999742
73639: 0.999742
73640: 0.999742
73641: 0.999742
73642: 0.999742
73643: 0.999742
73644: 0.999742
73645: 0.999742
73646: 0.999742
73647: 0.999742
73648: 0.999742
73649: 0.999742
73650: 0.999742
73651: 0.999742
73652: 0.999742
73653: 0.999742
73654: 0.999742
73655: 0.999742
73656: 0.999742
73657: 0.999742
73658: 0.999742
73659: 0.999742
73660: 0.999742
73661: 0.999742
73662: 0.999742
73663: 0.999742
73664: 0.999742
73665: 0.999742
73666: 0.999742
73667: 0.999742
73668: 0.999742
73669: 0.999742
73670: 0.999742
73671: 0.999742
73672: 0.999742
73673: 0.999742
73674: 0.999742
73675: 0.999742
73676: 0.999742
73677: 0.999742
73678: 0.999742
73679: 0.999742
73680: 0.999742
73681: 0.999742
73682: 0.999742
73683: 0.999742
73684: 0.999742
73685: 0.999742
73686: 0.999742
73687: 0.999742
73688: 0.999742
73689: 0.999742
73690: 0.999742
73691: 0.999742
73692: 0.999742
73693: 0.999742
73694: 0.999742
73695: 0.999742
73696: 0.999742
73697: 0.999742
73698: 0.999742
73699: 0.999742
73700: 0.999742
73701: 0.999742
73702: 0.999742
73703: 0.999742
73704: 0.999742
73705: 0.999742
73706: 0.999742
73707: 0.999742
73708: 0.999742
73709: 0.999742
73710: 0.999742
73711: 0.999742
73712: 0.999742
73713: 0.999742
73714: 0.999742
73715: 0.999742
73716: 0.999742
73717: 0.999742
73718: 0.999742
73719: 0.999742
73720: 0.999742
73721: 0.999742
73722: 0.999742
73723: 0.999742
73724: 0.999742
73725: 0.999742
73726: 0.999742
73727: 0.999742
73728: 0.999742
73729: 0.999742
73730: 0.999742
73731: 0.999742
73732: 0.999742
73733: 0.999742
73734: 0.999742
73735: 0.999742
73736: 0.999742
73737: 0.999742
73738: 0.999742
73739: 0.999742
73740: 0.999742
73741: 0.999742
73742: 0.999742
73743: 0.999742
73744: 0.999742
73745: 0.999742
73746: 0.999742
73747: 0.999742
73748: 0.999742
73749: 0.999742
73750: 0.999742
73751: 0.999742
73752: 0.999742
73753: 0.999742
73754: 0.999742
73755: 0.999742
73756: 0.999742
73757: 0.999742
73758: 0.999742
73759: 0.999742
73760: 0.999742
73761: 0.999742
73762: 0.999742
73763: 0.999742
73764: 0.999742
73765: 0.999742
73766: 0.999742
73767: 0.999742
73768: 0.999742
73769: 0.999742
73770: 0.999742
73771: 0.999742
73772: 0.999742
73773: 0.999742
73774: 0.999742
73775: 0.999742
73776: 0.999742
73777: 0.999742
73778: 0.999742
73779: 0.999742
73780: 0.999742
73781: 0.999742
73782: 0.999742
73783: 0.999742
73784: 0.999742
73785: 0.999742
73786: 0.999743
73787: 0.999743
73788: 0.999743
73789: 0.999743
73790: 0.999743
73791: 0.999743
73792: 0.999743
73793: 0.999743
73794: 0.999743
73795: 0.999743
73796: 0.999743
73797: 0.999743
73798: 0.999743
73799: 0.999743
73800: 0.999743
73801: 0.999743
73802: 0.999743
73803: 0.999743
73804: 0.999743
73805: 0.999743
73806: 0.999743
73807: 0.999743
73808: 0.999743
73809: 0.999743
73810: 0.999743
73811: 0.999743
73812: 0.999743
73813: 0.999743
73814: 0.999743
73815: 0.999743
73816: 0.999743
73817: 0.999743
73818: 0.999743
73819: 0.999743
73820: 0.999743
73821: 0.999743
73822: 0.999743
73823: 0.999743
73824: 0.999743
73825: 0.999743
73826: 0.999743
73827: 0.999743
73828: 0.999743
73829: 0.999743
73830: 0.999743
73831: 0.999743
73832: 0.999743
73833: 0.999743
73834: 0.999743
73835: 0.999743
73836: 0.999743
73837: 0.999743
73838: 0.999743
73839: 0.999743
73840: 0.999743
73841: 0.999743
73842: 0.999743
73843: 0.999743
73844: 0.999743
73845: 0.999743
73846: 0.999743
73847: 0.999743
73848: 0.999743
73849: 0.999743
73850: 0.999743
73851: 0.999743
73852: 0.999743
73853: 0.999743
73854: 0.999743
73855: 0.999743
73856: 0.999743
73857: 0.999743
73858: 0.999743
73859: 0.999743
73860: 0.999743
73861: 0.999743
73862: 0.999743
73863: 0.999743
73864: 0.999743
73865: 0.999743
73866: 0.999743
73867: 0.999743
73868: 0.999743
73869: 0.999743
73870: 0.999743
73871: 0.999743
73872: 0.999743
73873: 0.999743
73874: 0.999743
73875: 0.999743
73876: 0.999743
73877: 0.999743
73878: 0.999743
73879: 0.999743
73880: 0.999743
73881: 0.999743
73882: 0.999743
73883: 0.999743
73884: 0.999743
73885: 0.999743
73886: 0.999743
73887: 0.999743
73888: 0.999743
73889: 0.999743
73890: 0.999743
73891: 0.999743
73892: 0.999743
73893: 0.999743
73894: 0.999743
73895: 0.999743
73896: 0.999743
73897: 0.999743
73898: 0.999743
73899: 0.999743
73900: 0.999743
73901: 0.999743
73902: 0.999743
73903: 0.999743
73904: 0.999743
73905: 0.999743
73906: 0.999743
73907: 0.999743
73908: 0.999743
73909: 0.999743
73910: 0.999743
73911: 0.999743
73912: 0.999743
73913: 0.999743
73914: 0.999743
73915: 0.999743
73916: 0.999743
73917: 0.999743
73918: 0.999743
73919: 0.999743
73920: 0.999743
73921: 0.999743
73922: 0.999743
73923: 0.999743
73924: 0.999743
73925: 0.999743
73926: 0.999743
73927: 0.999743
73928: 0.999743
73929: 0.999743
73930: 0.999743
73931: 0.999743
73932: 0.999743
73933: 0.999743
73934: 0.999743
73935: 0.999743
73936: 0.999743
73937: 0.999743
73938: 0.999743
73939: 0.999743
73940: 0.999743
73941: 0.999743
73942: 0.999743
73943: 0.999743
73944: 0.999743
73945: 0.999743
73946: 0.999743
73947: 0.999743
73948: 0.999743
73949: 0.999743
73950: 0.999743
73951: 0.999743
73952: 0.999743
73953: 0.999743
73954: 0.999743
73955: 0.999743
73956: 0.999743
73957: 0.999743
73958: 0.999743
73959: 0.999743
73960: 0.999743
73961: 0.999743
73962: 0.999743
73963: 0.999743
73964: 0.999743
73965: 0.999743
73966: 0.999743
73967: 0.999743
73968: 0.999743
73969: 0.999743
73970: 0.999743
73971: 0.999743
73972: 0.999743
73973: 0.999743
73974: 0.999743
73975: 0.999743
73976: 0.999743
73977: 0.999743
73978: 0.999743
73979: 0.999743
73980: 0.999743
73981: 0.999743
73982: 0.999743
73983: 0.999743
73984: 0.999743
73985: 0.999743
73986: 0.999743
73987: 0.999743
73988: 0.999743
73989: 0.999743
73990: 0.999743
73991: 0.999743
73992: 0.999743
73993: 0.999743
73994: 0.999743
73995: 0.999743
73996: 0.999743
73997: 0.999743
73998: 0.999743
73999: 0.999743
74000: 0.999743
74001: 0.999743
74002: 0.999743
74003: 0.999743
74004: 0.999743
74005: 0.999743
74006: 0.999743
74007: 0.999743
74008: 0.999743
74009: 0.999743
74010: 0.999743
74011: 0.999743
74012: 0.999743
74013: 0.999743
74014: 0.999743
74015: 0.999743
74016: 0.999743
74017: 0.999743
74018: 0.999743
74019: 0.999743
74020: 0.999743
74021: 0.999743
74022: 0.999743
74023: 0.999743
74024: 0.999743
74025: 0.999743
74026: 0.999743
74027: 0.999743
74028: 0.999743
74029: 0.999743
74030: 0.999743
74031: 0.999743
74032: 0.999743
74033: 0.999743
74034: 0.999743
74035: 0.999743
74036: 0.999743
74037: 0.999743
74038: 0.999743
74039: 0.999743
74040: 0.999743
74041: 0.999743
74042: 0.999743
74043: 0.999743
74044: 0.999743
74045: 0.999743
74046: 0.999743
74047: 0.999743
74048: 0.999743
74049: 0.999743
74050: 0.999743
74051: 0.999743
74052: 0.999743
74053: 0.999743
74054: 0.999743
74055: 0.999743
74056: 0.999743
74057: 0.999743
74058: 0.999743
74059: 0.999743
74060: 0.999743
74061: 0.999743
74062: 0.999743
74063: 0.999743
74064: 0.999743
74065: 0.999743
74066: 0.999743
74067: 0.999743
74068: 0.999743
74069: 0.999743
74070: 0.999743
74071: 0.999743
74072: 0.999743
74073: 0.999743
74074: 0.999744
74075: 0.999744
74076: 0.999744
74077: 0.999744
74078: 0.999744
74079: 0.999744
74080: 0.999744
74081: 0.999744
74082: 0.999744
74083: 0.999744
74084: 0.999744
74085: 0.999744
74086: 0.999744
74087: 0.999744
74088: 0.999744
74089: 0.999744
74090: 0.999744
74091: 0.999744
74092: 0.999744
74093: 0.999744
74094: 0.999744
74095: 0.999744
74096: 0.999744
74097: 0.999744
74098: 0.999744
74099: 0.999744
74100: 0.999744
74101: 0.999744
74102: 0.999744
74103: 0.999744
74104: 0.999744
74105: 0.999744
74106: 0.999744
74107: 0.999744
74108: 0.999744
74109: 0.999744
74110: 0.999744
74111: 0.999744
74112: 0.999744
74113: 0.999744
74114: 0.999744
74115: 0.999744
74116: 0.999744
74117: 0.999744
74118: 0.999744
74119: 0.999744
74120: 0.999744
74121: 0.999744
74122: 0.999744
74123: 0.999744
74124: 0.999744
74125: 0.999744
74126: 0.999744
74127: 0.999744
74128: 0.999744
74129: 0.999744
74130: 0.999744
74131: 0.999744
74132: 0.999744
74133: 0.999744
74134: 0.999744
74135: 0.999744
74136: 0.999744
74137: 0.999744
74138: 0.999744
74139: 0.999744
74140: 0.999744
74141: 0.999744
74142: 0.999744
74143: 0.999744
74144: 0.999744
74145: 0.999744
74146: 0.999744
74147: 0.999744
74148: 0.999744
74149: 0.999744
74150: 0.999744
74151: 0.999744
74152: 0.999744
74153: 0.999744
74154: 0.999744
74155: 0.999744
74156: 0.999744
74157: 0.999744
74158: 0.999744
74159: 0.999744
74160: 0.999744
74161: 0.999744
74162: 0.999744
74163: 0.999744
74164: 0.999744
74165: 0.999744
74166: 0.999744
74167: 0.999744
74168: 0.999744
74169: 0.999744
74170: 0.999744
74171: 0.999744
74172: 0.999744
74173: 0.999744
74174: 0.999744
74175: 0.999744
74176: 0.999744
74177: 0.999744
74178: 0.999744
74179: 0.999744
74180: 0.999744
74181: 0.999744
74182: 0.999744
74183: 0.999744
74184: 0.999744
74185: 0.999744
74186: 0.999744
74187: 0.999744
74188: 0.999744
74189: 0.999744
74190: 0.999744
74191: 0.999744
74192: 0.999744
74193: 0.999744
74194: 0.999744
74195: 0.999744
74196: 0.999744
74197: 0.999744
74198: 0.999744
74199: 0.999744
74200: 0.999744
74201: 0.999744
74202: 0.999744
74203: 0.999744
74204: 0.999744
74205: 0.999744
74206: 0.999744
74207: 0.999744
74208: 0.999744
74209: 0.999744
74210: 0.999744
74211: 0.999744
74212: 0.999744
74213: 0.999744
74214: 0.999744
74215: 0.999744
74216: 0.999744
74217: 0.999744
74218: 0.999744
74219: 0.999744
74220: 0.999744
74221: 0.999744
74222: 0.999744
74223: 0.999744
74224: 0.999744
74225: 0.999744
74226: 0.999744
74227: 0.999744
74228: 0.999744
74229: 0.999744
74230: 0.999744
74231: 0.999744
74232: 0.999744
74233: 0.999744
74234: 0.999744
74235: 0.999744
74236: 0.999744
74237: 0.999744
74238: 0.999744
74239: 0.999744
74240: 0.999744
74241: 0.999744
74242: 0.999744
74243: 0.999744
74244: 0.999744
74245: 0.999744
74246: 0.999744
74247: 0.999744
74248: 0.999744
74249: 0.999744
74250: 0.999744
74251: 0.999744
74252: 0.999744
74253: 0.999744
74254: 0.999744
74255: 0.999744
74256: 0.999744
74257: 0.999744
74258: 0.999744
74259: 0.999744
74260: 0.999744
74261: 0.999744
74262: 0.999744
74263: 0.999744
74264: 0.999744
74265: 0.999744
74266: 0.999744
74267: 0.999744
74268: 0.999744
74269: 0.999744
74270: 0.999744
74271: 0.999744
74272: 0.999744
74273: 0.999744
74274: 0.999744
74275: 0.999744
74276: 0.999744
74277: 0.999744
74278: 0.999744
74279: 0.999744
74280: 0.999744
74281: 0.999744
74282: 0.999744
74283: 0.999744
74284: 0.999744
74285: 0.999744
74286: 0.999744
74287: 0.999744
74288: 0.999744
74289: 0.999744
74290: 0.999744
74291: 0.999744
74292: 0.999744
74293: 0.999744
74294: 0.999744
74295: 0.999744
74296: 0.999744
74297: 0.999744
74298: 0.999744
74299: 0.999744
74300: 0.999744
74301: 0.999744
74302: 0.999744
74303: 0.999744
74304: 0.999744
74305: 0.999744
74306: 0.999744
74307: 0.999744
74308: 0.999744
74309: 0.999744
74310: 0.999744
74311: 0.999744
74312: 0.999744
74313: 0.999744
74314: 0.999744
74315: 0.999744
74316: 0.999744
74317: 0.999744
74318: 0.999744
74319: 0.999744
74320: 0.999744
74321: 0.999744
74322: 0.999744
74323: 0.999744
74324: 0.999744
74325: 0.999744
74326: 0.999744
74327: 0.999744
74328: 0.999744
74329: 0.999744
74330: 0.999744
74331: 0.999744
74332: 0.999744
74333: 0.999744
74334: 0.999744
74335: 0.999744
74336: 0.999744
74337: 0.999744
74338: 0.999744
74339: 0.999744
74340: 0.999744
74341: 0.999744
74342: 0.999744
74343: 0.999744
74344: 0.999744
74345: 0.999744
74346: 0.999744
74347: 0.999744
74348: 0.999744
74349: 0.999744
74350: 0.999744
74351: 0.999744
74352: 0.999744
74353: 0.999744
74354: 0.999744
74355: 0.999744
74356: 0.999744
74357: 0.999744
74358: 0.999744
74359: 0.999744
74360: 0.999744
74361: 0.999744
74362: 0.999744
74363: 0.999745
74364: 0.999745
74365: 0.999745
74366: 0.999745
74367: 0.999745
74368: 0.999745
74369: 0.999745
74370: 0.999745
74371: 0.999745
74372: 0.999745
74373: 0.999745
74374: 0.999745
74375: 0.999745
74376: 0.999745
74377: 0.999745
74378: 0.999745
74379: 0.999745
74380: 0.999745
74381: 0.999745
74382: 0.999745
74383: 0.999745
74384: 0.999745
74385: 0.999745
74386: 0.999745
74387: 0.999745
74388: 0.999745
74389: 0.999745
74390: 0.999745
74391: 0.999745
74392: 0.999745
74393: 0.999745
74394: 0.999745
74395: 0.999745
74396: 0.999745
74397: 0.999745
74398: 0.999745
74399: 0.999745
74400: 0.999745
74401: 0.999745
74402: 0.999745
74403: 0.999745
74404: 0.999745
74405: 0.999745
74406: 0.999745
74407: 0.999745
74408: 0.999745
74409: 0.999745
74410: 0.999745
74411: 0.999745
74412: 0.999745
74413: 0.999745
74414: 0.999745
74415: 0.999745
74416: 0.999745
74417: 0.999745
74418: 0.999745
74419: 0.999745
74420: 0.999745
74421: 0.999745
74422: 0.999745
74423: 0.999745
74424: 0.999745
74425: 0.999745
74426: 0.999745
74427: 0.999745
74428: 0.999745
74429: 0.999745
74430: 0.999745
74431: 0.999745
74432: 0.999745
74433: 0.999745
74434: 0.999745
74435: 0.999745
74436: 0.999745
74437: 0.999745
74438: 0.999745
74439: 0.999745
74440: 0.999745
74441: 0.999745
74442: 0.999745
74443: 0.999745
74444: 0.999745
74445: 0.999745
74446: 0.999745
74447: 0.999745
74448: 0.999745
74449: 0.999745
74450: 0.999745
74451: 0.999745
74452: 0.999745
74453: 0.999745
74454: 0.999745
74455: 0.999745
74456: 0.999745
74457: 0.999745
74458: 0.999745
74459: 0.999745
74460: 0.999745
74461: 0.999745
74462: 0.999745
74463: 0.999745
74464: 0.999745
74465: 0.999745
74466: 0.999745
74467: 0.999745
74468: 0.999745
74469: 0.999745
74470: 0.999745
74471: 0.999745
74472: 0.999745
74473: 0.999745
74474: 0.999745
74475: 0.999745
74476: 0.999745
74477: 0.999745
74478: 0.999745
74479: 0.999745
74480: 0.999745
74481: 0.999745
74482: 0.999745
74483: 0.999745
74484: 0.999745
74485: 0.999745
74486: 0.999745
74487: 0.999745
74488: 0.999745
74489: 0.999745
74490: 0.999745
74491: 0.999745
74492: 0.999745
74493: 0.999745
74494: 0.999745
74495: 0.999745
74496: 0.999745
74497: 0.999745
74498: 0.999745
74499: 0.999745
74500: 0.999745
74501: 0.999745
74502: 0.999745
74503: 0.999745
74504: 0.999745
74505: 0.999745
74506: 0.999745
74507: 0.999745
74508: 0.999745
74509: 0.999745
74510: 0.999745
74511: 0.999745
74512: 0.999745
74513: 0.999745
74514: 0.999745
74515: 0.999745
74516: 0.999745
74517: 0.999745
74518: 0.999745
74519: 0.999745
74520: 0.999745
74521: 0.999745
74522: 0.999745
74523: 0.999745
74524: 0.999745
74525: 0.999745
74526: 0.999745
74527: 0.999745
74528: 0.999745
74529: 0.999745
74530: 0.999745
74531: 0.999745
74532: 0.999745
74533: 0.999745
74534: 0.999745
74535: 0.999745
74536: 0.999745
74537: 0.999745
74538: 0.999745
74539: 0.999745
74540: 0.999745
74541: 0.999745
74542: 0.999745
74543: 0.999745
74544: 0.999745
74545: 0.999745
74546: 0.999745
74547: 0.999745
74548: 0.999745
74549: 0.999745
74550: 0.999745
74551: 0.999745
74552: 0.999745
74553: 0.999745
74554: 0.999745
74555: 0.999745
74556: 0.999745
74557: 0.999745
74558: 0.999745
74559: 0.999745
74560: 0.999745
74561: 0.999745
74562: 0.999745
74563: 0.999745
74564: 0.999745
74565: 0.999745
74566: 0.999745
74567: 0.999745
74568: 0.999745
74569: 0.999745
74570: 0.999745
74571: 0.999745
74572: 0.999745
74573: 0.999745
74574: 0.999745
74575: 0.999745
74576: 0.999745
74577: 0.999745
74578: 0.999745
74579: 0.999745
74580: 0.999745
74581: 0.999745
74582: 0.999745
74583: 0.999745
74584: 0.999745
74585: 0.999745
74586: 0.999745
74587: 0.999745
74588: 0.999745
74589: 0.999745
74590: 0.999745
74591: 0.999745
74592: 0.999745
74593: 0.999745
74594: 0.999745
74595: 0.999745
74596: 0.999745
74597: 0.999745
74598: 0.999745
74599: 0.999745
74600: 0.999745
74601: 0.999745
74602: 0.999745
74603: 0.999745
74604: 0.999745
74605: 0.999745
74606: 0.999745
74607: 0.999745
74608: 0.999745
74609: 0.999745
74610: 0.999745
74611: 0.999745
74612: 0.999745
74613: 0.999745
74614: 0.999745
74615: 0.999745
74616: 0.999745
74617: 0.999745
74618: 0.999745
74619: 0.999745
74620: 0.999745
74621: 0.999745
74622: 0.999745
74623: 0.999745
74624: 0.999745
74625: 0.999745
74626: 0.999745
74627: 0.999745
74628: 0.999745
74629: 0.999745
74630: 0.999745
74631: 0.999745
74632: 0.999745
74633: 0.999745
74634: 0.999745
74635: 0.999745
74636: 0.999745
74637: 0.999745
74638: 0.999745
74639: 0.999745
74640: 0.999745
74641: 0.999745
74642: 0.999745
74643: 0.999745
74644: 0.999745
74645: 0.999745
74646: 0.999745
74647: 0.999745
74648: 0.999745
74649: 0.999745
74650: 0.999745
74651: 0.999745
74652: 0.999745
74653: 0.999745
74654: 0.999745
74655: 0.999745
74656: 0.999746
74657: 0.999746
74658: 0.999746
74659: 0.999746
74660: 0.999746
74661: 0.999746
74662: 0.999746
74663: 0.999746
74664: 0.999746
74665: 0.999746
74666: 0.999746
74667: 0.999746
74668: 0.999746
74669: 0.999746
74670: 0.999746
74671: 0.999746
74672: 0.999746
74673: 0.999746
74674: 0.999746
74675: 0.999746
74676: 0.999746
74677: 0.999746
74678: 0.999746
74679: 0.999746
74680: 0.999746
74681: 0.999746
74682: 0.999746
74683: 0.999746
74684: 0.999746
74685: 0.999746
74686: 0.999746
74687: 0.999746
74688: 0.999746
74689: 0.999746
74690: 0.999746
74691: 0.999746
74692: 0.999746
74693: 0.999746
74694: 0.999746
74695: 0.999746
74696: 0.999746
74697: 0.999746
74698: 0.999746
74699: 0.999746
74700: 0.999746
74701: 0.999746
74702: 0.999746
74703: 0.999746
74704: 0.999746
74705: 0.999746
74706: 0.999746
74707: 0.999746
74708: 0.999746
74709: 0.999746
74710: 0.999746
74711: 0.999746
74712: 0.999746
74713: 0.999746
74714: 0.999746
74715: 0.999746
74716: 0.999746
74717: 0.999746
74718: 0.999746
74719: 0.999746
74720: 0.999746
74721: 0.999746
74722: 0.999746
74723: 0.999746
74724: 0.999746
74725: 0.999746
74726: 0.999746
74727: 0.999746
74728: 0.999746
74729: 0.999746
74730: 0.999746
74731: 0.999746
74732: 0.999746
74733: 0.999746
74734: 0.999746
74735: 0.999746
74736: 0.999746
74737: 0.999746
74738: 0.999746
74739: 0.999746
74740: 0.999746
74741: 0.999746
74742: 0.999746
74743: 0.999746
74744: 0.999746
74745: 0.999746
74746: 0.999746
74747: 0.999746
74748: 0.999746
74749: 0.999746
74750: 0.999746
74751: 0.999746
74752: 0.999746
74753: 0.999746
74754: 0.999746
74755: 0.999746
74756: 0.999746
74757: 0.999746
74758: 0.999746
74759: 0.999746
74760: 0.999746
74761: 0.999746
74762: 0.999746
74763: 0.999746
74764: 0.999746
74765: 0.999746
74766: 0.999746
74767: 0.999746
74768: 0.999746
74769: 0.999746
74770: 0.999746
74771: 0.999746
74772: 0.999746
74773: 0.999746
74774: 0.999746
74775: 0.999746
74776: 0.999746
74777: 0.999746
74778: 0.999746
74779: 0.999746
74780: 0.999746
74781: 0.999746
74782: 0.999746
74783: 0.999746
74784: 0.999746
74785: 0.999746
74786: 0.999746
74787: 0.999746
74788: 0.999746
74789: 0.999746
74790: 0.999746
74791: 0.999746
74792: 0.999746
74793: 0.999746
74794: 0.999746
74795: 0.999746
74796: 0.999746
74797: 0.999746
74798: 0.999746
74799: 0.999746
74800: 0.999746
74801: 0.999746
74802: 0.999746
74803: 0.999746
74804: 0.999746
74805: 0.999746
74806: 0.999746
74807: 0.999746
74808: 0.999746
74809: 0.999746
74810: 0.999746
74811: 0.999746
74812: 0.999746
74813: 0.999746
74814: 0.999746
74815: 0.999746
74816: 0.999746
74817: 0.999746
74818: 0.999746
74819: 0.999746
74820: 0.999746
74821: 0.999746
74822: 0.999746
74823: 0.999746
74824: 0.999746
74825: 0.999746
74826: 0.999746
74827: 0.999746
74828: 0.999746
74829: 0.999746
74830: 0.999746
74831: 0.999746
74832: 0.999746
74833: 0.999746
74834: 0.999746
74835: 0.999746
74836: 0.999746
74837: 0.999746
74838: 0.999746
74839: 0.999746
74840: 0.999746
74841: 0.999746
74842: 0.999746
74843: 0.999746
74844: 0.999746
74845: 0.999746
74846: 0.999746
74847: 0.999746
74848: 0.999746
74849: 0.999746
74850: 0.999746
74851: 0.999746
74852: 0.999746
74853: 0.999746
74854: 0.999746
74855: 0.999746
74856: 0.999746
74857: 0.999746
74858: 0.999746
74859: 0.999746
74860: 0.999746
74861: 0.999746
74862: 0.999746
74863: 0.999746
74864: 0.999746
74865: 0.999746
74866: 0.999746
74867: 0.999746
74868: 0.999746
74869: 0.999746
74870: 0.999746
74871: 0.999746
74872: 0.999746
74873: 0.999746
74874: 0.999746
74875: 0.999746
74876: 0.999746
74877: 0.999746
74878: 0.999746
74879: 0.999746
74880: 0.999746
74881: 0.999746
74882: 0.999746
74883: 0.999746
74884: 0.999746
74885: 0.999746
74886: 0.999746
74887: 0.999746
74888: 0.999746
74889: 0.999746
74890: 0.999746
74891: 0.999746
74892: 0.999746
74893: 0.999746
74894: 0.999746
74895: 0.999746
74896: 0.999746
74897: 0.999746
74898: 0.999746
74899: 0.999746
74900: 0.999746
74901: 0.999746
74902: 0.999746
74903: 0.999746
74904: 0.999746
74905: 0.999746
74906: 0.999746
74907: 0.999746
74908: 0.999746
74909: 0.999746
74910: 0.999746
74911: 0.999746
74912: 0.999746
74913: 0.999746
74914: 0.999746
74915: 0.999746
74916: 0.999746
74917: 0.999746
74918: 0.999746
74919: 0.999746
74920: 0.999746
74921: 0.999746
74922: 0.999746
74923: 0.999746
74924: 0.999746
74925: 0.999746
74926: 0.999746
74927: 0.999746
74928: 0.999746
74929: 0.999746
74930: 0.999746
74931: 0.999746
74932: 0.999746
74933: 0.999746
74934: 0.999746
74935: 0.999746
74936: 0.999746
74937: 0.999746
74938: 0.999746
74939: 0.999746
74940: 0.999746
74941: 0.999746
74942: 0.999746
74943: 0.999746
74944: 0.999746
74945: 0.999746
74946: 0.999746
74947: 0.999746
74948: 0.999746
74949: 0.999746
74950: 0.999747
74951: 0.999747
74952: 0.999747
74953: 0.999747
74954: 0.999747
74955: 0.999747
74956: 0.999747
74957: 0.999747
74958: 0.999747
74959: 0.999747
74960: 0.999747
74961: 0.999747
74962: 0.999747
74963: 0.999747
74964: 0.999747
74965: 0.999747
74966: 0.999747
74967: 0.999747
74968: 0.999747
74969: 0.999747
74970: 0.999747
74971: 0.999747
74972: 0.999747
74973: 0.999747
74974: 0.999747
74975: 0.999747
74976: 0.999747
74977: 0.999747
74978: 0.999747
74979: 0.999747
74980: 0.999747
74981: 0.999747
74982: 0.999747
74983: 0.999747
74984: 0.999747
74985: 0.999747
74986: 0.999747
74987: 0.999747
74988: 0.999747
74989: 0.999747
74990: 0.999747
74991: 0.999747
74992: 0.999747
74993: 0.999747
74994: 0.999747
74995: 0.999747
74996: 0.999747
74997: 0.999747
74998: 0.999747
74999: 0.999747
75000: 0.999747
75001: 0.999747
75002: 0.999747
75003: 0.999747
75004: 0.999747
75005: 0.999747
75006: 0.999747
75007: 0.999747
75008: 0.999747
75009: 0.999747
75010: 0.999747
75011: 0.999747
75012: 0.999747
75013: 0.999747
75014: 0.999747
75015: 0.999747
75016: 0.999747
75017: 0.999747
75018: 0.999747
75019: 0.999747
75020: 0.999747
75021: 0.999747
75022: 0.999747
75023: 0.999747
75024: 0.999747
75025: 0.999747
75026: 0.999747
75027: 0.999747
75028: 0.999747
75029: 0.999747
75030: 0.999747
75031: 0.999747
75032: 0.999747
75033: 0.999747
75034: 0.999747
75035: 0.999747
75036: 0.999747
75037: 0.999747
75038: 0.999747
75039: 0.999747
75040: 0.999747
75041: 0.999747
75042: 0.999747
75043: 0.999747
75044: 0.999747
75045: 0.999747
75046: 0.999747
75047: 0.999747
75048: 0.999747
75049: 0.999747
75050: 0.999747
75051: 0.999747
75052: 0.999747
75053: 0.999747
75054: 0.999747
75055: 0.999747
75056: 0.999747
75057: 0.999747
75058: 0.999747
75059: 0.999747
75060: 0.999747
75061: 0.999747
75062: 0.999747
75063: 0.999747
75064: 0.999747
75065: 0.999747
75066: 0.999747
75067: 0.999747
75068: 0.999747
75069: 0.999747
75070: 0.999747
75071: 0.999747
75072: 0.999747
75073: 0.999747
75074: 0.999747
75075: 0.999747
75076: 0.999747
75077: 0.999747
75078: 0.999747
75079: 0.999747
75080: 0.999747
75081: 0.999747
75082: 0.999747
75083: 0.999747
75084: 0.999747
75085: 0.999747
75086: 0.999747
75087: 0.999747
75088: 0.999747
75089: 0.999747
75090: 0.999747
75091: 0.999747
75092: 0.999747
75093: 0.999747
75094: 0.999747
75095: 0.999747
75096: 0.999747
75097: 0.999747
75098: 0.999747
75099: 0.999747
75100: 0.999747
75101: 0.999747
75102: 0.999747
75103: 0.999747
75104: 0.999747
75105: 0.999747
75106: 0.999747
75107: 0.999747
75108: 0.999747
75109: 0.999747
75110: 0.999747
75111: 0.999747
75112: 0.999747
75113: 0.999747
75114: 0.999747
75115: 0.999747
75116: 0.999747
75117: 0.999747
75118: 0.999747
75119: 0.999747
75120: 0.999747
75121: 0.999747
75122: 0.999747
75123: 0.999747
75124: 0.999747
75125: 0.999747
75126: 0.999747
75127: 0.999747
75128: 0.999747
75129: 0.999747
75130: 0.999747
75131: 0.999747
75132: 0.999747
75133: 0.999747
75134: 0.999747
75135: 0.999747
75136: 0.999747
75137: 0.999747
75138: 0.999747
75139: 0.999747
75140: 0.999747
75141: 0.999747
75142: 0.999747
75143: 0.999747
75144: 0.999747
75145: 0.999747
75146: 0.999747
75147: 0.999747
75148: 0.999747
75149: 0.999747
75150: 0.999747
75151: 0.999747
75152: 0.999747
75153: 0.999747
75154: 0.999747
75155: 0.999747
75156: 0.999747
75157: 0.999747
75158: 0.999747
75159: 0.999747
75160: 0.999747
75161: 0.999747
75162: 0.999747
75163: 0.999747
75164: 0.999747
75165: 0.999747
75166: 0.999747
75167: 0.999747
75168: 0.999747
75169: 0.999747
75170: 0.999747
75171: 0.999747
75172: 0.999747
75173: 0.999747
75174: 0.999747
75175: 0.999747
75176: 0.999747
75177: 0.999747
75178: 0.999747
75179: 0.999747
75180: 0.999747
75181: 0.999747
75182: 0.999747
75183: 0.999747
75184: 0.999747
75185: 0.999747
75186: 0.999747
75187: 0.999747
75188: 0.999747
75189: 0.999747
75190: 0.999747
75191: 0.999747
75192: 0.999747
75193: 0.999747
75194: 0.999747
75195: 0.999747
75196: 0.999747
75197: 0.999747
75198: 0.999747
75199: 0.999747
75200: 0.999747
75201: 0.999747
75202: 0.999747
75203: 0.999747
75204: 0.999747
75205: 0.999747
75206: 0.999747
75207: 0.999747
75208: 0.999747
75209: 0.999747
75210: 0.999747
75211: 0.999747
75212: 0.999747
75213: 0.999747
75214: 0.999747
75215: 0.999747
75216: 0.999747
75217: 0.999747
75218: 0.999747
75219: 0.999747
75220: 0.999747
75221: 0.999747
75222: 0.999747
75223: 0.999747
75224: 0.999747
75225: 0.999747
75226: 0.999747
75227: 0.999747
75228: 0.999747
75229: 0.999747
75230: 0.999747
75231: 0.999747
75232: 0.999747
75233: 0.999747
75234: 0.999747
75235: 0.999747
75236: 0.999747
75237: 0.999747
75238: 0.999747
75239: 0.999747
75240: 0.999747
75241: 0.999747
75242: 0.999747
75243: 0.999747
75244: 0.999747
75245: 0.999747
75246: 0.999747
75247: 0.999748
75248: 0.999748
75249: 0.999748
75250: 0.999748
75251: 0.999748
75252: 0.999748
75253: 0.999748
75254: 0.999748
75255: 0.999748
75256: 0.999748
75257: 0.999748
75258: 0.999748
75259: 0.999748
75260: 0.999748
75261: 0.999748
75262: 0.999748
75263: 0.999748
75264: 0.999748
75265: 0.999748
75266: 0.999748
75267: 0.999748
75268: 0.999748
75269: 0.999748
75270: 0.999748
75271: 0.999748
75272: 0.999748
75273: 0.999748
75274: 0.999748
75275: 0.999748
75276: 0.999748
75277: 0.999748
75278: 0.999748
75279: 0.999748
75280: 0.999748
75281: 0.999748
75282: 0.999748
75283: 0.999748
75284: 0.999748
75285: 0.999748
75286: 0.999748
75287: 0.999748
75288: 0.999748
75289: 0.999748
75290: 0.999748
75291: 0.999748
75292: 0.999748
75293: 0.999748
75294: 0.999748
75295: 0.999748
75296: 0.999748
75297: 0.999748
75298: 0.999748
75299: 0.999748
75300: 0.999748
75301: 0.999748
75302: 0.999748
75303: 0.999748
75304: 0.999748
75305: 0.999748
75306: 0.999748
75307: 0.999748
75308: 0.999748
75309: 0.999748
75310: 0.999748
75311: 0.999748
75312: 0.999748
75313: 0.999748
75314: 0.999748
75315: 0.999748
75316: 0.999748
75317: 0.999748
75318: 0.999748
75319: 0.999748
75320: 0.999748
75321: 0.999748
75322: 0.999748
75323: 0.999748
75324: 0.999748
75325: 0.999748
75326: 0.999748
75327: 0.999748
75328: 0.999748
75329: 0.999748
75330: 0.999748
75331: 0.999748
75332: 0.999748
75333: 0.999748
75334: 0.999748
75335: 0.999748
75336: 0.999748
75337: 0.999748
75338: 0.999748
75339: 0.999748
75340: 0.999748
75341: 0.999748
75342: 0.999748
75343: 0.999748
75344: 0.999748
75345: 0.999748
75346: 0.999748
75347: 0.999748
75348: 0.999748
75349: 0.999748
75350: 0.999748
75351: 0.999748
75352: 0.999748
75353: 0.999748
75354: 0.999748
75355: 0.999748
75356: 0.999748
75357: 0.999748
75358: 0.999748
75359: 0.999748
75360: 0.999748
75361: 0.999748
75362: 0.999748
75363: 0.999748
75364: 0.999748
75365: 0.999748
75366: 0.999748
75367: 0.999748
75368: 0.999748
75369: 0.999748
75370: 0.999748
75371: 0.999748
75372: 0.999748
75373: 0.999748
75374: 0.999748
75375: 0.999748
75376: 0.999748
75377: 0.999748
75378: 0.999748
75379: 0.999748
75380: 0.999748
75381: 0.999748
75382: 0.999748
75383: 0.999748
75384: 0.999748
75385: 0.999748
75386: 0.999748
75387: 0.999748
75388: 0.999748
75389: 0.999748
75390: 0.999748
75391: 0.999748
75392: 0.999748
75393: 0.999748
75394: 0.999748
75395: 0.999748
75396: 0.999748
75397: 0.999748
75398: 0.999748
75399: 0.999748
75400: 0.999748
75401: 0.999748
75402: 0.999748
75403: 0.999748
75404: 0.999748
75405: 0.999748
75406: 0.999748
75407: 0.999748
75408: 0.999748
75409: 0.999748
75410: 0.999748
75411: 0.999748
75412: 0.999748
75413: 0.999748
75414: 0.999748
75415: 0.999748
75416: 0.999748
75417: 0.999748
75418: 0.999748
75419: 0.999748
75420: 0.999748
75421: 0.999748
75422: 0.999748
75423: 0.999748
75424: 0.999748
75425: 0.999748
75426: 0.999748
75427: 0.999748
75428: 0.999748
75429: 0.999748
75430: 0.999748
75431: 0.999748
75432: 0.999748
75433: 0.999748
75434: 0.999748
75435: 0.999748
75436: 0.999748
75437: 0.999748
75438: 0.999748
75439: 0.999748
75440: 0.999748
75441: 0.999748
75442: 0.999748
75443: 0.999748
75444: 0.999748
75445: 0.999748
75446: 0.999748
75447: 0.999748
75448: 0.999748
75449: 0.999748
75450: 0.999748
75451: 0.999748
75452: 0.999748
75453: 0.999748
75454: 0.999748
75455: 0.999748
75456: 0.999748
75457: 0.999748
75458: 0.999748
75459: 0.999748
75460: 0.999748
75461: 0.999748
75462: 0.999748
75463: 0.999748
75464: 0.999748
75465: 0.999748
75466: 0.999748
75467: 0.999748
75468: 0.999748
75469: 0.999748
75470: 0.999748
75471: 0.999748
75472: 0.999748
75473: 0.999748
75474: 0.999748
75475: 0.999748
75476: 0.999748
75477: 0.999748
75478: 0.999748
75479: 0.999748
75480: 0.999748
75481: 0.999748
75482: 0.999748
75483: 0.999748
75484: 0.999748
75485: 0.999748
75486: 0.999748
75487: 0.999748
75488: 0.999748
75489: 0.999748
75490: 0.999748
75491: 0.999748
75492: 0.999748
75493: 0.999748
75494: 0.999748
75495: 0.999748
75496: 0.999748
75497: 0.999748
75498: 0.999748
75499: 0.999748
75500: 0.999748
75501: 0.999748
75502: 0.999748
75503: 0.999748
75504: 0.999748
75505: 0.999748
75506: 0.999748
75507: 0.999748
75508: 0.999748
75509: 0.999748
75510: 0.999748
75511: 0.999748
75512: 0.999748
75513: 0.999748
75514: 0.999748
75515: 0.999748
75516: 0.999748
75517: 0.999748
75518: 0.999748
75519: 0.999748
75520: 0.999748
75521: 0.999748
75522: 0.999748
75523: 0.999748
75524: 0.999748
75525: 0.999748
75526: 0.999748
75527: 0.999748
75528: 0.999748
75529: 0.999748
75530: 0.999748
75531: 0.999748
75532: 0.999748
75533: 0.999748
75534: 0.999748
75535: 0.999748
75536: 0.999748
75537: 0.999748
75538: 0.999748
75539: 0.999748
75540: 0.999748
75541: 0.999748
75542: 0.999748
75543: 0.999748
75544: 0.999748
75545: 0.999748
75546: 0.999749
75547: 0.999749
75548: 0.999749
75549: 0.999749
75550: 0.999749
75551: 0.999749
75552: 0.999749
75553: 0.999749
75554: 0.999749
75555: 0.999749
75556: 0.999749
75557: 0.999749
75558: 0.999749
75559: 0.999749
75560: 0.999749
75561: 0.999749
75562: 0.999749
75563: 0.999749
75564: 0.999749
75565: 0.999749
75566: 0.999749
75567: 0.999749
75568: 0.999749
75569: 0.999749
75570: 0.999749
75571: 0.999749
75572: 0.999749
75573: 0.999749
75574: 0.999749
75575: 0.999749
75576: 0.999749
75577: 0.999749
75578: 0.999749
75579: 0.999749
75580: 0.999749
75581: 0.999749
75582: 0.999749
75583: 0.999749
75584: 0.999749
75585: 0.999749
75586: 0.999749
75587: 0.999749
75588: 0.999749
75589: 0.999749
75590: 0.999749
75591: 0.999749
75592: 0.999749
75593: 0.999749
75594: 0.999749
75595: 0.999749
75596: 0.999749
75597: 0.999749
75598: 0.999749
75599: 0.999749
75600: 0.999749
75601: 0.999749
75602: 0.999749
75603: 0.999749
75604: 0.999749
75605: 0.999749
75606: 0.999749
75607: 0.999749
75608: 0.999749
75609: 0.999749
75610: 0.999749
75611: 0.999749
75612: 0.999749
75613: 0.999749
75614: 0.999749
75615: 0.999749
75616: 0.999749
75617: 0.999749
75618: 0.999749
75619: 0.999749
75620: 0.999749
75621: 0.999749
75622: 0.999749
75623: 0.999749
75624: 0.999749
75625: 0.999749
75626: 0.999749
75627: 0.999749
75628: 0.999749
75629: 0.999749
75630: 0.999749
75631: 0.999749
75632: 0.999749
75633: 0.999749
75634: 0.999749
75635: 0.999749
75636: 0.999749
75637: 0.999749
75638: 0.999749
75639: 0.999749
75640: 0.999749
75641: 0.999749
75642: 0.999749
75643: 0.999749
75644: 0.999749
75645: 0.999749
75646: 0.999749
75647: 0.999749
75648: 0.999749
75649: 0.999749
75650: 0.999749
75651: 0.999749
75652: 0.999749
75653: 0.999749
75654: 0.999749
75655: 0.999749
75656: 0.999749
75657: 0.999749
75658: 0.999749
75659: 0.999749
75660: 0.999749
75661: 0.999749
75662: 0.999749
75663: 0.999749
75664: 0.999749
75665: 0.999749
75666: 0.999749
75667: 0.999749
75668: 0.999749
75669: 0.999749
75670: 0.999749
75671: 0.999749
75672: 0.999749
75673: 0.999749
75674: 0.999749
75675: 0.999749
75676: 0.999749
75677: 0.999749
75678: 0.999749
75679: 0.999749
75680: 0.999749
75681: 0.999749
75682: 0.999749
75683: 0.999749
75684: 0.999749
75685: 0.999749
75686: 0.999749
75687: 0.999749
75688: 0.999749
75689: 0.999749
75690: 0.999749
75691: 0.999749
75692: 0.999749
75693: 0.999749
75694: 0.999749
75695: 0.999749
75696: 0.999749
75697: 0.999749
75698: 0.999749
75699: 0.999749
75700: 0.999749
75701: 0.999749
75702: 0.999749
75703: 0.999749
75704: 0.999749
75705: 0.999749
75706: 0.999749
75707: 0.999749
75708: 0.999749
75709: 0.999749
75710: 0.999749
75711: 0.999749
75712: 0.999749
75713: 0.999749
75714: 0.999749
75715: 0.999749
75716: 0.999749
75717: 0.999749
75718: 0.999749
75719: 0.999749
75720: 0.999749
75721: 0.999749
75722: 0.999749
75723: 0.999749
75724: 0.999749
75725: 0.999749
75726: 0.999749
75727: 0.999749
75728: 0.999749
75729: 0.999749
75730: 0.999749
75731: 0.999749
75732: 0.999749
75733: 0.999749
75734: 0.999749
75735: 0.999749
75736: 0.999749
75737: 0.999749
75738: 0.999749
75739: 0.999749
75740: 0.999749
75741: 0.999749
75742: 0.999749
75743: 0.999749
75744: 0.999749
75745: 0.999749
75746: 0.999749
75747: 0.999749
75748: 0.999749
75749: 0.999749
75750: 0.999749
75751: 0.999749
75752: 0.999749
75753: 0.999749
75754: 0.999749
75755: 0.999749
75756: 0.999749
75757: 0.999749
75758: 0.999749
75759: 0.999749
75760: 0.999749
75761: 0.999749
75762: 0.999749
75763: 0.999749
75764: 0.999749
75765: 0.999749
75766: 0.999749
75767: 0.999749
75768: 0.999749
75769: 0.999749
75770: 0.999749
75771: 0.999749
75772: 0.999749
75773: 0.999749
75774: 0.999749
75775: 0.999749
75776: 0.999749
75777: 0.999749
75778: 0.999749
75779: 0.999749
75780: 0.999749
75781: 0.999749
75782: 0.999749
75783: 0.999749
75784: 0.999749
75785: 0.999749
75786: 0.999749
75787: 0.999749
75788: 0.999749
75789: 0.999749
75790: 0.999749
75791: 0.999749
75792: 0.999749
75793: 0.999749
75794: 0.999749
75795: 0.999749
75796: 0.999749
75797: 0.999749
75798: 0.999749
75799: 0.999749
75800: 0.999749
75801: 0.999749
75802: 0.999749
75803: 0.999749
75804: 0.999749
75805: 0.999749
75806: 0.999749
75807: 0.999749
75808: 0.999749
75809: 0.999749
75810: 0.999749
75811: 0.999749
75812: 0.999749
75813: 0.999749
75814: 0.999749
75815: 0.999749
75816: 0.999749
75817: 0.999749
75818: 0.999749
75819: 0.999749
75820: 0.999749
75821: 0.999749
75822: 0.999749
75823: 0.999749
75824: 0.999749
75825: 0.999749
75826: 0.999749
75827: 0.999749
75828: 0.999749
75829: 0.999749
75830: 0.999749
75831: 0.999749
75832: 0.999749
75833: 0.999749
75834: 0.999749
75835: 0.999749
75836: 0.999749
75837: 0.999749
75838: 0.999749
75839: 0.999749
75840: 0.999749
75841: 0.999749
75842: 0.999749
75843: 0.999749
75844: 0.999749
75845: 0.999749
75846: 0.999749
75847: 0.999749
75848: 0.99975
75849: 0.99975
75850: 0.99975
75851: 0.99975
75852: 0.99975
75853: 0.99975
75854: 0.99975
75855: 0.99975
75856: 0.99975
75857: 0.99975
75858: 0.99975
75859: 0.99975
75860: 0.99975
75861: 0.99975
75862: 0.99975
75863: 0.99975
75864: 0.99975
75865: 0.99975
75866: 0.99975
75867: 0.99975
75868: 0.99975
75869: 0.99975
75870: 0.99975
75871: 0.99975
75872: 0.99975
75873: 0.99975
75874: 0.99975
75875: 0.99975
75876: 0.99975
75877: 0.99975
75878: 0.99975
75879: 0.99975
75880: 0.99975
75881: 0.99975
75882: 0.99975
75883: 0.99975
75884: 0.99975
75885: 0.99975
75886: 0.99975
75887: 0.99975
75888: 0.99975
75889: 0.99975
75890: 0.99975
75891: 0.99975
75892: 0.99975
75893: 0.99975
75894: 0.99975
75895: 0.99975
75896: 0.99975
75897: 0.99975
75898: 0.99975
75899: 0.99975
75900: 0.99975
75901: 0.99975
75902: 0.99975
75903: 0.99975
75904: 0.99975
75905: 0.99975
75906: 0.99975
75907: 0.99975
75908: 0.99975
75909: 0.99975
75910: 0.99975
75911: 0.99975
75912: 0.99975
75913: 0.99975
75914: 0.99975
75915: 0.99975
75916: 0.99975
75917: 0.99975
75918: 0.99975
75919: 0.99975
75920: 0.99975
75921: 0.99975
75922: 0.99975
75923: 0.99975
75924: 0.99975
75925: 0.99975
75926: 0.99975
75927: 0.99975
75928: 0.99975
75929: 0.99975
75930: 0.99975
75931: 0.99975
75932: 0.99975
75933: 0.99975
75934: 0.99975
75935: 0.99975
75936: 0.99975
75937: 0.99975
75938: 0.99975
75939: 0.99975
75940: 0.99975
75941: 0.99975
75942: 0.99975
75943: 0.99975
75944: 0.99975
75945: 0.99975
75946: 0.99975
75947: 0.99975
75948: 0.99975
75949: 0.99975
75950: 0.99975
75951: 0.99975
75952: 0.99975
75953: 0.99975
75954: 0.99975
75955: 0.99975
75956: 0.99975
75957: 0.99975
75958: 0.99975
75959: 0.99975
75960: 0.99975
75961: 0.99975
75962: 0.99975
75963: 0.99975
75964: 0.99975
75965: 0.99975
75966: 0.99975
75967: 0.99975
75968: 0.99975
75969: 0.99975
75970: 0.99975
75971: 0.99975
75972: 0.99975
75973: 0.99975
75974: 0.99975
75975: 0.99975
75976: 0.99975
75977: 0.99975
75978: 0.99975
75979: 0.99975
75980: 0.99975
75981: 0.99975
75982: 0.99975
75983: 0.99975
75984: 0.99975
75985: 0.99975
75986: 0.99975
75987: 0.99975
75988: 0.99975
75989: 0.99975
75990: 0.99975
75991: 0.99975
75992: 0.99975
75993: 0.99975
75994: 0.99975
75995: 0.99975
75996: 0.99975
75997: 0.99975
75998: 0.99975
75999: 0.99975
76000: 0.99975
76001: 0.99975
76002: 0.99975
76003: 0.99975
76004: 0.99975
76005: 0.99975
76006: 0.99975
76007: 0.99975
76008: 0.99975
76009: 0.99975
76010: 0.99975
76011: 0.99975
76012: 0.99975
76013: 0.99975
76014: 0.99975
76015: 0.99975
76016: 0.99975
76017: 0.99975
76018: 0.99975
76019: 0.99975
76020: 0.99975
76021: 0.99975
76022: 0.99975
76023: 0.99975
76024: 0.99975
76025: 0.99975
76026: 0.99975
76027: 0.99975
76028: 0.99975
76029: 0.99975
76030: 0.99975
76031: 0.99975
76032: 0.99975
76033: 0.99975
76034: 0.99975
76035: 0.99975
76036: 0.99975
76037: 0.99975
76038: 0.99975
76039: 0.99975
76040: 0.99975
76041: 0.99975
76042: 0.99975
76043: 0.99975
76044: 0.99975
76045: 0.99975
76046: 0.99975
76047: 0.99975
76048: 0.99975
76049: 0.99975
76050: 0.99975
76051: 0.99975
76052: 0.99975
76053: 0.99975
76054: 0.99975
76055: 0.99975
76056: 0.99975
76057: 0.99975
76058: 0.99975
76059: 0.99975
76060: 0.99975
76061: 0.99975
76062: 0.99975
76063: 0.99975
76064: 0.99975
76065: 0.99975
76066: 0.99975
76067: 0.99975
76068: 0.99975
76069: 0.99975
76070: 0.99975
76071: 0.99975
76072: 0.99975
76073: 0.99975
76074: 0.99975
76075: 0.99975
76076: 0.99975
76077: 0.99975
76078: 0.99975
76079: 0.99975
76080: 0.99975
76081: 0.99975
76082: 0.99975
76083: 0.99975
76084: 0.99975
76085: 0.99975
76086: 0.99975
76087: 0.99975
76088: 0.99975
76089: 0.99975
76090: 0.99975
76091: 0.99975
76092: 0.99975
76093: 0.99975
76094: 0.99975
76095: 0.99975
76096: 0.99975
76097: 0.99975
76098: 0.99975
76099: 0.99975
76100: 0.99975
76101: 0.99975
76102: 0.99975
76103: 0.99975
76104: 0.99975
76105: 0.99975
76106: 0.99975
76107: 0.99975
76108: 0.99975
76109: 0.99975
76110: 0.99975
76111: 0.99975
76112: 0.99975
76113: 0.99975
76114: 0.99975
76115: 0.99975
76116: 0.99975
76117: 0.99975
76118: 0.99975
76119: 0.99975
76120: 0.99975
76121: 0.99975
76122: 0.99975
76123: 0.99975
76124: 0.99975
76125: 0.99975
76126: 0.99975
76127: 0.99975
76128: 0.99975
76129: 0.99975
76130: 0.99975
76131: 0.99975
76132: 0.99975
76133: 0.99975
76134: 0.99975
76135: 0.99975
76136: 0.99975
76137: 0.99975
76138: 0.99975
76139: 0.99975
76140: 0.99975
76141: 0.99975
76142: 0.99975
76143: 0.99975
76144: 0.99975
76145: 0.99975
76146: 0.99975
76147: 0.99975
76148: 0.99975
76149: 0.99975
76150: 0.99975
76151: 0.99975
76152: 0.999751
76153: 0.999751
76154: 0.999751
76155: 0.999751
76156: 0.999751
76157: 0.999751
76158: 0.999751
76159: 0.999751
76160: 0.999751
76161: 0.999751
76162: 0.999751
76163: 0.999751
76164: 0.999751
76165: 0.999751
76166: 0.999751
76167: 0.999751
76168: 0.999751
76169: 0.999751
76170: 0.999751
76171: 0.999751
76172: 0.999751
76173: 0.999751
76174: 0.999751
76175: 0.999751
76176: 0.999751
76177: 0.999751
76178: 0.999751
76179: 0.999751
76180: 0.999751
76181: 0.999751
76182: 0.999751
76183: 0.999751
76184: 0.999751
76185: 0.999751
76186: 0.999751
76187: 0.999751
76188: 0.999751
76189: 0.999751
76190: 0.999751
76191: 0.999751
76192: 0.999751
76193: 0.999751
76194: 0.999751
76195: 0.999751
76196: 0.999751
76197: 0.999751
76198: 0.999751
76199: 0.999751
76200: 0.999751
76201: 0.999751
76202: 0.999751
76203: 0.999751
76204: 0.999751
76205: 0.999751
76206: 0.999751
76207: 0.999751
76208: 0.999751
76209: 0.999751
76210: 0.999751
76211: 0.999751
76212: 0.999751
76213: 0.999751
76214: 0.999751
76215: 0.999751
76216: 0.999751
76217: 0.999751
76218: 0.999751
76219: 0.999751
76220: 0.999751
76221: 0.999751
76222: 0.999751
76223: 0.999751
76224: 0.999751
76225: 0.999751
76226: 0.999751
76227: 0.999751
76228: 0.999751
76229: 0.999751
76230: 0.999751
76231: 0.999751
76232: 0.999751
76233: 0.999751
76234: 0.999751
76235: 0.999751
76236: 0.999751
76237: 0.999751
76238: 0.999751
76239: 0.999751
76240: 0.999751
76241: 0.999751
76242: 0.999751
76243: 0.999751
76244: 0.999751
76245: 0.999751
76246: 0.999751
76247: 0.999751
76248: 0.999751
76249: 0.999751
76250: 0.999751
76251: 0.999751
76252: 0.999751
76253: 0.999751
76254: 0.999751
76255: 0.999751
76256: 0.999751
76257: 0.999751
76258: 0.999751
76259: 0.999751
76260: 0.999751
76261: 0.999751
76262: 0.999751
76263: 0.999751
76264: 0.999751
76265: 0.999751
76266: 0.999751
76267: 0.999751
76268: 0.999751
76269: 0.999751
76270: 0.999751
76271: 0.999751
76272: 0.999751
76273: 0.999751
76274: 0.999751
76275: 0.999751
76276: 0.999751
76277: 0.999751
76278: 0.999751
76279: 0.999751
76280: 0.999751
76281: 0.999751
76282: 0.999751
76283: 0.999751
76284: 0.999751
76285: 0.999751
76286: 0.999751
76287: 0.999751
76288: 0.999751
76289: 0.999751
76290: 0.999751
76291: 0.999751
76292: 0.999751
76293: 0.999751
76294: 0.999751
76295: 0.999751
76296: 0.999751
76297: 0.999751
76298: 0.999751
76299: 0.999751
76300: 0.999751
76301: 0.999751
76302: 0.999751
76303: 0.999751
76304: 0.999751
76305: 0.999751
76306: 0.999751
76307: 0.999751
76308: 0.999751
76309: 0.999751
76310: 0.999751
76311: 0.999751
76312: 0.999751
76313: 0.999751
76314: 0.999751
76315: 0.999751
76316: 0.999751
76317: 0.999751
76318: 0.999751
76319: 0.999751
76320: 0.999751
76321: 0.999751
76322: 0.999751
76323: 0.999751
76324: 0.999751
76325: 0.999751
76326: 0.999751
76327: 0.999751
76328: 0.999751
76329: 0.999751
76330: 0.999751
76331: 0.999751
76332: 0.999751
76333: 0.999751
76334: 0.999751
76335: 0.999751
76336: 0.999751
76337: 0.999751
76338: 0.999751
76339: 0.999751
76340: 0.999751
76341: 0.999751
76342: 0.999751
76343: 0.999751
76344: 0.999751
76345: 0.999751
76346: 0.999751
76347: 0.999751
76348: 0.999751
76349: 0.999751
76350: 0.999751
76351: 0.999751
76352: 0.999751
76353: 0.999751
76354: 0.999751
76355: 0.999751
76356: 0.999751
76357: 0.999751
76358: 0.999751
76359: 0.999751
76360: 0.999751
76361: 0.999751
76362: 0.999751
76363: 0.999751
76364: 0.999751
76365: 0.999751
76366: 0.999751
76367: 0.999751
76368: 0.999751
76369: 0.999751
76370: 0.999751
76371: 0.999751
76372: 0.999751
76373: 0.999751
76374: 0.999751
76375: 0.999751
76376: 0.999751
76377: 0.999751
76378: 0.999751
76379: 0.999751
76380: 0.999751
76381: 0.999751
76382: 0.999751
76383: 0.999751
76384: 0.999751
76385: 0.999751
76386: 0.999751
76387: 0.999751
76388: 0.999751
76389: 0.999751
76390: 0.999751
76391: 0.999751
76392: 0.999751
76393: 0.999751
76394: 0.999751
76395: 0.999751
76396: 0.999751
76397: 0.999751
76398: 0.999751
76399: 0.999751
76400: 0.999751
76401: 0.999751
76402: 0.999751
76403: 0.999751
76404: 0.999751
76405: 0.999751
76406: 0.999751
76407: 0.999751
76408: 0.999751
76409: 0.999751
76410: 0.999751
76411: 0.999751
76412: 0.999751
76413: 0.999751
76414: 0.999751
76415: 0.999751
76416: 0.999751
76417: 0.999751
76418: 0.999751
76419: 0.999751
76420: 0.999751
76421: 0.999751
76422: 0.999751
76423: 0.999751
76424: 0.999751
76425: 0.999751
76426: 0.999751
76427: 0.999751
76428: 0.999751
76429: 0.999751
76430: 0.999751
76431: 0.999751
76432: 0.999751
76433: 0.999751
76434: 0.999751
76435: 0.999751
76436: 0.999751
76437: 0.999751
76438: 0.999751
76439: 0.999751
76440: 0.999751
76441: 0.999751
76442: 0.999751
76443: 0.999751
76444: 0.999751
76445: 0.999751
76446: 0.999751
76447: 0.999751
76448: 0.999751
76449: 0.999751
76450: 0.999751
76451: 0.999751
76452: 0.999751
76453: 0.999751
76454: 0.999751
76455: 0.999751
76456: 0.999751
76457: 0.999751
76458: 0.999752
76459: 0.999752
76460: 0.999752
76461: 0.999752
76462: 0.999752
76463: 0.999752
76464: 0.999752
76465: 0.999752
76466: 0.999752
76467: 0.999752
76468: 0.999752
76469: 0.999752
76470: 0.999752
76471: 0.999752
76472: 0.999752
76473: 0.999752
76474: 0.999752
76475: 0.999752
76476: 0.999752
76477: 0.999752
76478: 0.999752
76479: 0.999752
76480: 0.999752
76481: 0.999752
76482: 0.999752
76483: 0.999752
76484: 0.999752
76485: 0.999752
76486: 0.999752
76487: 0.999752
76488: 0.999752
76489: 0.999752
76490: 0.999752
76491: 0.999752
76492: 0.999752
76493: 0.999752
76494: 0.999752
76495: 0.999752
76496: 0.999752
76497: 0.999752
76498: 0.999752
76499: 0.999752
76500: 0.999752
76501: 0.999752
76502: 0.999752
76503: 0.999752
76504: 0.999752
76505: 0.999752
76506: 0.999752
76507: 0.999752
76508: 0.999752
76509: 0.999752
76510: 0.999752
76511: 0.999752
76512: 0.999752
76513: 0.999752
76514: 0.999752
76515: 0.999752
76516: 0.999752
76517: 0.999752
76518: 0.999752
76519: 0.999752
76520: 0.999752
76521: 0.999752
76522: 0.999752
76523: 0.999752
76524: 0.999752
76525: 0.999752
76526: 0.999752
76527: 0.999752
76528: 0.999752
76529: 0.999752
76530: 0.999752
76531: 0.999752
76532: 0.999752
76533: 0.999752
76534: 0.999752
76535: 0.999752
76536: 0.999752
76537: 0.999752
76538: 0.999752
76539: 0.999752
76540: 0.999752
76541: 0.999752
76542: 0.999752
76543: 0.999752
76544: 0.999752
76545: 0.999752
76546: 0.999752
76547: 0.999752
76548: 0.999752
76549: 0.999752
76550: 0.999752
76551: 0.999752
76552: 0.999752
76553: 0.999752
76554: 0.999752
76555: 0.999752
76556: 0.999752
76557: 0.999752
76558: 0.999752
76559: 0.999752
76560: 0.999752
76561: 0.999752
76562: 0.999752
76563: 0.999752
76564: 0.999752
76565: 0.999752
76566: 0.999752
76567: 0.999752
76568: 0.999752
76569: 0.999752
76570: 0.999752
76571: 0.999752
76572: 0.999752
76573: 0.999752
76574: 0.999752
76575: 0.999752
76576: 0.999752
76577: 0.999752
76578: 0.999752
76579: 0.999752
76580: 0.999752
76581: 0.999752
76582: 0.999752
76583: 0.999752
76584: 0.999752
76585: 0.999752
76586: 0.999752
76587: 0.999752
76588: 0.999752
76589: 0.999752
76590: 0.999752
76591: 0.999752
76592: 0.999752
76593: 0.999752
76594: 0.999752
76595: 0.999752
76596: 0.999752
76597: 0.999752
76598: 0.999752
76599: 0.999752
76600: 0.999752
76601: 0.999752
76602: 0.999752
76603: 0.999752
76604: 0.999752
76605: 0.999752
76606: 0.999752
76607: 0.999752
76608: 0.999752
76609: 0.999752
76610: 0.999752
76611: 0.999752
76612: 0.999752
76613: 0.999752
76614: 0.999752
76615: 0.999752
76616: 0.999752
76617: 0.999752
76618: 0.999752
76619: 0.999752
76620: 0.999752
76621: 0.999752
76622: 0.999752
76623: 0.999752
76624: 0.999752
76625: 0.999752
76626: 0.999752
76627: 0.999752
76628: 0.999752
76629: 0.999752
76630: 0.999752
76631: 0.999752
76632: 0.999752
76633: 0.999752
76634: 0.999752
76635: 0.999752
76636: 0.999752
76637: 0.999752
76638: 0.999752
76639: 0.999752
76640: 0.999752
76641: 0.999752
76642: 0.999752
76643: 0.999752
76644: 0.999752
76645: 0.999752
76646: 0.999752
76647: 0.999752
76648: 0.999752
76649: 0.999752
76650: 0.999752
76651: 0.999752
76652: 0.999752
76653: 0.999752
76654: 0.999752
76655: 0.999752
76656: 0.999752
76657: 0.999752
76658: 0.999752
76659: 0.999752
76660: 0.999752
76661: 0.999752
76662: 0.999752
76663: 0.999752
76664: 0.999752
76665: 0.999752
76666: 0.999752
76667: 0.999752
76668: 0.999752
76669: 0.999752
76670: 0.999752
76671: 0.999752
76672: 0.999752
76673: 0.999752
76674: 0.999752
76675: 0.999752
76676: 0.999752
76677: 0.999752
76678: 0.999752
76679: 0.999752
76680: 0.999752
76681: 0.999752
76682: 0.999752
76683: 0.999752
76684: 0.999752
76685: 0.999752
76686: 0.999752
76687: 0.999752
76688: 0.999752
76689: 0.999752
76690: 0.999752
76691: 0.999752
76692: 0.999752
76693: 0.999752
76694: 0.999752
76695: 0.999752
76696: 0.999752
76697: 0.999752
76698: 0.999752
76699: 0.999752
76700: 0.999752
76701: 0.999752
76702: 0.999752
76703: 0.999752
76704: 0.999752
76705: 0.999752
76706: 0.999752
76707: 0.999752
76708: 0.999752
76709: 0.999752
76710: 0.999752
76711: 0.999752
76712: 0.999752
76713: 0.999752
76714: 0.999752
76715: 0.999752
76716: 0.999752
76717: 0.999752
76718: 0.999752
76719: 0.999752
76720: 0.999752
76721: 0.999752
76722: 0.999752
76723: 0.999752
76724: 0.999752
76725: 0.999752
76726: 0.999752
76727: 0.999752
76728: 0.999752
76729: 0.999752
76730: 0.999752
76731: 0.999752
76732: 0.999752
76733: 0.999752
76734: 0.999752
76735: 0.999752
76736: 0.999752
76737: 0.999752
76738: 0.999752
76739: 0.999752
76740: 0.999752
76741: 0.999752
76742: 0.999752
76743: 0.999752
76744: 0.999752
76745: 0.999752
76746: 0.999752
76747: 0.999752
76748: 0.999752
76749: 0.999752
76750: 0.999752
76751: 0.999752
76752: 0.999752
76753: 0.999752
76754: 0.999752
76755: 0.999752
76756: 0.999752
76757: 0.999752
76758: 0.999752
76759: 0.999752
76760: 0.999752
76761: 0.999752
76762: 0.999752
76763: 0.999752
76764: 0.999752
76765: 0.999752
76766: 0.999752
76767: 0.999753
76768: 0.999753
76769: 0.999753
76770: 0.999753
76771: 0.999753
76772: 0.999753
76773: 0.999753
76774: 0.999753
76775: 0.999753
76776: 0.999753
76777: 0.999753
76778: 0.999753
76779: 0.999753
76780: 0.999753
76781: 0.999753
76782: 0.999753
76783: 0.999753
76784: 0.999753
76785: 0.999753
76786: 0.999753
76787: 0.999753
76788: 0.999753
76789: 0.999753
76790: 0.999753
76791: 0.999753
76792: 0.999753
76793: 0.999753
76794: 0.999753
76795: 0.999753
76796: 0.999753
76797: 0.999753
76798: 0.999753
76799: 0.999753
76800: 0.999753
76801: 0.999753
76802: 0.999753
76803: 0.999753
76804: 0.999753
76805: 0.999753
76806: 0.999753
76807: 0.999753
76808: 0.999753
76809: 0.999753
76810: 0.999753
76811: 0.999753
76812: 0.999753
76813: 0.999753
76814: 0.999753
76815: 0.999753
76816: 0.999753
76817: 0.999753
76818: 0.999753
76819: 0.999753
76820: 0.999753
76821: 0.999753
76822: 0.999753
76823: 0.999753
76824: 0.999753
76825: 0.999753
76826: 0.999753
76827: 0.999753
76828: 0.999753
76829: 0.999753
76830: 0.999753
76831: 0.999753
76832: 0.999753
76833: 0.999753
76834: 0.999753
76835: 0.999753
76836: 0.999753
76837: 0.999753
76838: 0.999753
76839: 0.999753
76840: 0.999753
76841: 0.999753
76842: 0.999753
76843: 0.999753
76844: 0.999753
76845: 0.999753
76846: 0.999753
76847: 0.999753
76848: 0.999753
76849: 0.999753
76850: 0.999753
76851: 0.999753
76852: 0.999753
76853: 0.999753
76854: 0.999753
76855: 0.999753
76856: 0.999753
76857: 0.999753
76858: 0.999753
76859: 0.999753
76860: 0.999753
76861: 0.999753
76862: 0.999753
76863: 0.999753
76864: 0.999753
76865: 0.999753
76866: 0.999753
76867: 0.999753
76868: 0.999753
76869: 0.999753
76870: 0.999753
76871: 0.999753
76872: 0.999753
76873: 0.999753
76874: 0.999753
76875: 0.999753
76876: 0.999753
76877: 0.999753
76878: 0.999753
76879: 0.999753
76880: 0.999753
76881: 0.999753
76882: 0.999753
76883: 0.999753
76884: 0.999753
76885: 0.999753
76886: 0.999753
76887: 0.999753
76888: 0.999753
76889: 0.999753
76890: 0.999753
76891: 0.999753
76892: 0.999753
76893: 0.999753
76894: 0.999753
76895: 0.999753
76896: 0.999753
76897: 0.999753
76898: 0.999753
76899: 0.999753
76900: 0.999753
76901: 0.999753
76902: 0.999753
76903: 0.999753
76904: 0.999753
76905: 0.999753
76906: 0.999753
76907: 0.999753
76908: 0.999753
76909: 0.999753
76910: 0.999753
76911: 0.999753
76912: 0.999753
76913: 0.999753
76914: 0.999753
76915: 0.999753
76916: 0.999753
76917: 0.999753
76918: 0.999753
76919: 0.999753
76920: 0.999753
76921: 0.999753
76922: 0.999753
76923: 0.999753
76924: 0.999753
76925: 0.999753
76926: 0.999753
76927: 0.999753
76928: 0.999753
76929: 0.999753
76930: 0.999753
76931: 0.999753
76932: 0.999753
76933: 0.999753
76934: 0.999753
76935: 0.999753
76936: 0.999753
76937: 0.999753
76938: 0.999753
76939: 0.999753
76940: 0.999753
76941: 0.999753
76942: 0.999753
76943: 0.999753
76944: 0.999753
76945: 0.999753
76946: 0.999753
76947: 0.999753
76948: 0.999753
76949: 0.999753
76950: 0.999753
76951: 0.999753
76952: 0.999753
76953: 0.999753
76954: 0.999753
76955: 0.999753
76956: 0.999753
76957: 0.999753
76958: 0.999753
76959: 0.999753
76960: 0.999753
76961: 0.999753
76962: 0.999753
76963: 0.999753
76964: 0.999753
76965: 0.999753
76966: 0.999753
76967: 0.999753
76968: 0.999753
76969: 0.999753
76970: 0.999753
76971: 0.999753
76972: 0.999753
76973: 0.999753
76974: 0.999753
76975: 0.999753
76976: 0.999753
76977: 0.999753
76978: 0.999753
76979: 0.999753
76980: 0.999753
76981: 0.999753
76982: 0.999753
76983: 0.999753
76984: 0.999753
76985: 0.999753
76986: 0.999753
76987: 0.999753
76988: 0.999753
76989: 0.999753
76990: 0.999753
76991: 0.999753
76992: 0.999753
76993: 0.999753
76994: 0.999753
76995: 0.999753
76996: 0.999753
76997: 0.999753
76998: 0.999753
76999: 0.999753
77000: 0.999753
77001: 0.999753
77002: 0.999753
77003: 0.999753
77004: 0.999753
77005: 0.999753
77006: 0.999753
77007: 0.999753
77008: 0.999753
77009: 0.999753
77010: 0.999753
77011: 0.999753
77012: 0.999753
77013: 0.999753
77014: 0.999753
77015: 0.999753
77016: 0.999753
77017: 0.999753
77018: 0.999753
77019: 0.999753
77020: 0.999753
77021: 0.999753
77022: 0.999753
77023: 0.999753
77024: 0.999753
77025: 0.999753
77026: 0.999753
77027: 0.999753
77028: 0.999753
77029: 0.999753
77030: 0.999753
77031: 0.999753
77032: 0.999753
77033: 0.999753
77034: 0.999753
77035: 0.999753
77036: 0.999753
77037: 0.999753
77038: 0.999753
77039: 0.999753
77040: 0.999753
77041: 0.999753
77042: 0.999753
77043: 0.999753
77044: 0.999753
77045: 0.999753
77046: 0.999753
77047: 0.999753
77048: 0.999753
77049: 0.999753
77050: 0.999753
77051: 0.999753
77052: 0.999753
77053: 0.999753
77054: 0.999753
77055: 0.999753
77056: 0.999753
77057: 0.999753
77058: 0.999753
77059: 0.999753
77060: 0.999753
77061: 0.999753
77062: 0.999753
77063: 0.999753
77064: 0.999753
77065: 0.999753
77066: 0.999753
77067: 0.999753
77068: 0.999753
77069: 0.999753
77070: 0.999753
77071: 0.999753
77072: 0.999753
77073: 0.999753
77074: 0.999753
77075: 0.999753
77076: 0.999753
77077: 0.999753
77078: 0.999753
77079: 0.999754
77080: 0.999754
77081: 0.999754
77082: 0.999754
77083: 0.999754
77084: 0.999754
77085: 0.999754
77086: 0.999754
77087: 0.999754
77088: 0.999754
77089: 0.999754
77090: 0.999754
77091: 0.999754
77092: 0.999754
77093: 0.999754
77094: 0.999754
77095: 0.999754
77096: 0.999754
77097: 0.999754
77098: 0.999754
77099: 0.999754
77100: 0.999754
77101: 0.999754
77102: 0.999754
77103: 0.999754
77104: 0.999754
77105: 0.999754
77106: 0.999754
77107: 0.999754
77108: 0.999754
77109: 0.999754
77110: 0.999754
77111: 0.999754
77112: 0.999754
77113: 0.999754
77114: 0.999754
77115: 0.999754
77116: 0.999754
77117: 0.999754
77118: 0.999754
77119: 0.999754
77120: 0.999754
77121: 0.999754
77122: 0.999754
77123: 0.999754
77124: 0.999754
77125: 0.999754
77126: 0.999754
77127: 0.999754
77128: 0.999754
77129: 0.999754
77130: 0.999754
77131: 0.999754
77132: 0.999754
77133: 0.999754
77134: 0.999754
77135: 0.999754
77136: 0.999754
77137: 0.999754
77138: 0.999754
77139: 0.999754
77140: 0.999754
77141: 0.999754
77142: 0.999754
77143: 0.999754
77144: 0.999754
77145: 0.999754
77146: 0.999754
77147: 0.999754
77148: 0.999754
77149: 0.999754
77150: 0.999754
77151: 0.999754
77152: 0.999754
77153: 0.999754
77154: 0.999754
77155: 0.999754
77156: 0.999754
77157: 0.999754
77158: 0.999754
77159: 0.999754
77160: 0.999754
77161: 0.999754
77162: 0.999754
77163: 0.999754
77164: 0.999754
77165: 0.999754
77166: 0.999754
77167: 0.999754
77168: 0.999754
77169: 0.999754
77170: 0.999754
77171: 0.999754
77172: 0.999754
77173: 0.999754
77174: 0.999754
77175: 0.999754
77176: 0.999754
77177: 0.999754
77178: 0.999754
77179: 0.999754
77180: 0.999754
77181: 0.999754
77182: 0.999754
77183: 0.999754
77184: 0.999754
77185: 0.999754
77186: 0.999754
77187: 0.999754
77188: 0.999754
77189: 0.999754
77190: 0.999754
77191: 0.999754
77192: 0.999754
77193: 0.999754
77194: 0.999754
77195: 0.999754
77196: 0.999754
77197: 0.999754
77198: 0.999754
77199: 0.999754
77200: 0.999754
77201: 0.999754
77202: 0.999754
77203: 0.999754
77204: 0.999754
77205: 0.999754
77206: 0.999754
77207: 0.999754
77208: 0.999754
77209: 0.999754
77210: 0.999754
77211: 0.999754
77212: 0.999754
77213: 0.999754
77214: 0.999754
77215: 0.999754
77216: 0.999754
77217: 0.999754
77218: 0.999754
77219: 0.999754
77220: 0.999754
77221: 0.999754
77222: 0.999754
77223: 0.999754
77224: 0.999754
77225: 0.999754
77226: 0.999754
77227: 0.999754
77228: 0.999754
77229: 0.999754
77230: 0.999754
77231: 0.999754
77232: 0.999754
77233: 0.999754
77234: 0.999754
77235: 0.999754
77236: 0.999754
77237: 0.999754
77238: 0.999754
77239: 0.999754
77240: 0.999754
77241: 0.999754
77242: 0.999754
77243: 0.999754
77244: 0.999754
77245: 0.999754
77246: 0.999754
77247: 0.999754
77248: 0.999754
77249: 0.999754
77250: 0.999754
77251: 0.999754
77252: 0.999754
77253: 0.999754
77254: 0.999754
77255: 0.999754
77256: 0.999754
77257: 0.999754
77258: 0.999754
77259: 0.999754
77260: 0.999754
77261: 0.999754
77262: 0.999754
77263: 0.999754
77264: 0.999754
77265: 0.999754
77266: 0.999754
77267: 0.999754
77268: 0.999754
77269: 0.999754
77270: 0.999754
77271: 0.999754
77272: 0.999754
77273: 0.999754
77274: 0.999754
77275: 0.999754
77276: 0.999754
77277: 0.999754
77278: 0.999754
77279: 0.999754
77280: 0.999754
77281: 0.999754
77282: 0.999754
77283: 0.999754
77284: 0.999754
77285: 0.999754
77286: 0.999754
77287: 0.999754
77288: 0.999754
77289: 0.999754
77290: 0.999754
77291: 0.999754
77292: 0.999754
77293: 0.999754
77294: 0.999754
77295: 0.999754
77296: 0.999754
77297: 0.999754
77298: 0.999754
77299: 0.999754
77300: 0.999754
77301: 0.999754
77302: 0.999754
77303: 0.999754
77304: 0.999754
77305: 0.999754
77306: 0.999754
77307: 0.999754
77308: 0.999754
77309: 0.999754
77310: 0.999754
77311: 0.999754
77312: 0.999754
77313: 0.999754
77314: 0.999754
77315: 0.999754
77316: 0.999754
77317: 0.999754
77318: 0.999754
77319: 0.999754
77320: 0.999754
77321: 0.999754
77322: 0.999754
77323: 0.999754
77324: 0.999754
77325: 0.999754
77326: 0.999754
77327: 0.999754
77328: 0.999754
77329: 0.999754
77330: 0.999754
77331: 0.999754
77332: 0.999754
77333: 0.999754
77334: 0.999754
77335: 0.999754
77336: 0.999754
77337: 0.999754
77338: 0.999754
77339: 0.999754
77340: 0.999754
77341: 0.999754
77342: 0.999754
77343: 0.999754
77344: 0.999754
77345: 0.999754
77346: 0.999754
77347: 0.999754
77348: 0.999754
77349: 0.999754
77350: 0.999754
77351: 0.999754
77352: 0.999754
77353: 0.999754
77354: 0.999754
77355: 0.999754
77356: 0.999754
77357: 0.999754
77358: 0.999754
77359: 0.999754
77360: 0.999754
77361: 0.999754
77362: 0.999754
77363: 0.999754
77364: 0.999754
77365: 0.999754
77366: 0.999754
77367: 0.999754
77368: 0.999754
77369: 0.999754
77370: 0.999754
77371: 0.999754
77372: 0.999754
77373: 0.999754
77374: 0.999754
77375: 0.999754
77376: 0.999754
77377: 0.999754
77378: 0.999754
77379: 0.999754
77380: 0.999754
77381: 0.999754
77382: 0.999754
77383: 0.999754
77384: 0.999754
77385: 0.999754
77386: 0.999754
77387: 0.999754
77388: 0.999754
77389: 0.999754
77390: 0.999754
77391: 0.999754
77392: 0.999754
77393: 0.999755
77394: 0.999755
77395: 0.999755
77396: 0.999755
77397: 0.999755
77398: 0.999755
77399: 0.999755
77400: 0.999755
77401: 0.999755
77402: 0.999755
77403: 0.999755
77404: 0.999755
77405: 0.999755
77406: 0.999755
77407: 0.999755
77408: 0.999755
77409: 0.999755
77410: 0.999755
77411: 0.999755
77412: 0.999755
77413: 0.999755
77414: 0.999755
77415: 0.999755
77416: 0.999755
77417: 0.999755
77418: 0.999755
77419: 0.999755
77420: 0.999755
77421: 0.999755
77422: 0.999755
77423: 0.999755
77424: 0.999755
77425: 0.999755
77426: 0.999755
77427: 0.999755
77428: 0.999755
77429: 0.999755
77430: 0.999755
77431: 0.999755
77432: 0.999755
77433: 0.999755
77434: 0.999755
77435: 0.999755
77436: 0.999755
77437: 0.999755
77438: 0.999755
77439: 0.999755
77440: 0.999755
77441: 0.999755
77442: 0.999755
77443: 0.999755
77444: 0.999755
77445: 0.999755
77446: 0.999755
77447: 0.999755
77448: 0.999755
77449: 0.999755
77450: 0.999755
77451: 0.999755
77452: 0.999755
77453: 0.999755
77454: 0.999755
77455: 0.999755
77456: 0.999755
77457: 0.999755
77458: 0.999755
77459: 0.999755
77460: 0.999755
77461: 0.999755
77462: 0.999755
77463: 0.999755
77464: 0.999755
77465: 0.999755
77466: 0.999755
77467: 0.999755
77468: 0.999755
77469: 0.999755
77470: 0.999755
77471: 0.999755
77472: 0.999755
77473: 0.999755
77474: 0.999755
77475: 0.999755
77476: 0.999755
77477: 0.999755
77478: 0.999755
77479: 0.999755
77480: 0.999755
77481: 0.999755
77482: 0.999755
77483: 0.999755
77484: 0.999755
77485: 0.999755
77486: 0.999755
77487: 0.999755
77488: 0.999755
77489: 0.999755
77490: 0.999755
77491: 0.999755
77492: 0.999755
77493: 0.999755
77494: 0.999755
77495: 0.999755
77496: 0.999755
77497: 0.999755
77498: 0.999755
77499: 0.999755
77500: 0.999755
77501: 0.999755
77502: 0.999755
77503: 0.999755
77504: 0.999755
77505: 0.999755
77506: 0.999755
77507: 0.999755
77508: 0.999755
77509: 0.999755
77510: 0.999755
77511: 0.999755
77512: 0.999755
77513: 0.999755
77514: 0.999755
77515: 0.999755
77516: 0.999755
77517: 0.999755
77518: 0.999755
77519: 0.999755
77520: 0.999755
77521: 0.999755
77522: 0.999755
77523: 0.999755
77524: 0.999755
77525: 0.999755
77526: 0.999755
77527: 0.999755
77528: 0.999755
77529: 0.999755
77530: 0.999755
77531: 0.999755
77532: 0.999755
77533: 0.999755
77534: 0.999755
77535: 0.999755
77536: 0.999755
77537: 0.999755
77538: 0.999755
77539: 0.999755
77540: 0.999755
77541: 0.999755
77542: 0.999755
77543: 0.999755
77544: 0.999755
77545: 0.999755
77546: 0.999755
77547: 0.999755
77548: 0.999755
77549: 0.999755
77550: 0.999755
77551: 0.999755
77552: 0.999755
77553: 0.999755
77554: 0.999755
77555: 0.999755
77556: 0.999755
77557: 0.999755
77558: 0.999755
77559: 0.999755
77560: 0.999755
77561: 0.999755
77562: 0.999755
77563: 0.999755
77564: 0.999755
77565: 0.999755
77566: 0.999755
77567: 0.999755
77568: 0.999755
77569: 0.999755
77570: 0.999755
77571: 0.999755
77572: 0.999755
77573: 0.999755
77574: 0.999755
77575: 0.999755
77576: 0.999755
77577: 0.999755
77578: 0.999755
77579: 0.999755
77580: 0.999755
77581: 0.999755
77582: 0.999755
77583: 0.999755
77584: 0.999755
77585: 0.999755
77586: 0.999755
77587: 0.999755
77588: 0.999755
77589: 0.999755
77590: 0.999755
77591: 0.999755
77592: 0.999755
77593: 0.999755
77594: 0.999755
77595: 0.999755
77596: 0.999755
77597: 0.999755
77598: 0.999755
77599: 0.999755
77600: 0.999755
77601: 0.999755
77602: 0.999755
77603: 0.999755
77604: 0.999755
77605: 0.999755
77606: 0.999755
77607: 0.999755
77608: 0.999755
77609: 0.999755
77610: 0.999755
77611: 0.999755
77612: 0.999755
77613: 0.999755
77614: 0.999755
77615: 0.999755
77616: 0.999755
77617: 0.999755
77618: 0.999755
77619: 0.999755
77620: 0.999755
77621: 0.999755
77622: 0.999755
77623: 0.999755
77624: 0.999755
77625: 0.999755
77626: 0.999755
77627: 0.999755
77628: 0.999755
77629: 0.999755
77630: 0.999755
77631: 0.999755
77632: 0.999755
77633: 0.999755
77634: 0.999755
77635: 0.999755
77636: 0.999755
77637: 0.999755
77638: 0.999755
77639: 0.999755
77640: 0.999755
77641: 0.999755
77642: 0.999755
77643: 0.999755
77644: 0.999755
77645: 0.999755
77646: 0.999755
77647: 0.999755
77648: 0.999755
77649: 0.999755
77650: 0.999755
77651: 0.999755
77652: 0.999755
77653: 0.999755
77654: 0.999755
77655: 0.999755
77656: 0.999755
77657: 0.999755
77658: 0.999755
77659: 0.999755
77660: 0.999755
77661: 0.999755
77662: 0.999755
77663: 0.999755
77664: 0.999755
77665: 0.999755
77666: 0.999755
77667: 0.999755
77668: 0.999755
77669: 0.999755
77670: 0.999755
77671: 0.999755
77672: 0.999755
77673: 0.999755
77674: 0.999755
77675: 0.999755
77676: 0.999755
77677: 0.999755
77678: 0.999755
77679: 0.999755
77680: 0.999755
77681: 0.999755
77682: 0.999755
77683: 0.999755
77684: 0.999755
77685: 0.999755
77686: 0.999755
77687: 0.999755
77688: 0.999755
77689: 0.999755
77690: 0.999755
77691: 0.999755
77692: 0.999755
77693: 0.999755
77694: 0.999755
77695: 0.999755
77696: 0.999755
77697: 0.999755
77698: 0.999755
77699: 0.999755
77700: 0.999755
77701: 0.999755
77702: 0.999755
77703: 0.999755
77704: 0.999755
77705: 0.999755
77706: 0.999755
77707: 0.999755
77708: 0.999755
77709: 0.999756
77710: 0.999756
77711: 0.999756
77712: 0.999756
77713: 0.999756
77714: 0.999756
77715: 0.999756
77716: 0.999756
77717: 0.999756
77718: 0.999756
77719: 0.999756
77720: 0.999756
77721: 0.999756
77722: 0.999756
77723: 0.999756
77724: 0.999756
77725: 0.999756
77726: 0.999756
77727: 0.999756
77728: 0.999756
77729: 0.999756
77730: 0.999756
77731: 0.999756
77732: 0.999756
77733: 0.999756
77734: 0.999756
77735: 0.999756
77736: 0.999756
77737: 0.999756
77738: 0.999756
77739: 0.999756
77740: 0.999756
77741: 0.999756
77742: 0.999756
77743: 0.999756
77744: 0.999756
77745: 0.999756
77746: 0.999756
77747: 0.999756
77748: 0.999756
77749: 0.999756
77750: 0.999756
77751: 0.999756
77752: 0.999756
77753: 0.999756
77754: 0.999756
77755: 0.999756
77756: 0.999756
77757: 0.999756
77758: 0.999756
77759: 0.999756
77760: 0.999756
77761: 0.999756
77762: 0.999756
77763: 0.999756
77764: 0.999756
77765: 0.999756
77766: 0.999756
77767: 0.999756
77768: 0.999756
77769: 0.999756
77770: 0.999756
77771: 0.999756
77772: 0.999756
77773: 0.999756
77774: 0.999756
77775: 0.999756
77776: 0.999756
77777: 0.999756
77778: 0.999756
77779: 0.999756
77780: 0.999756
77781: 0.999756
77782: 0.999756
77783: 0.999756
77784: 0.999756
77785: 0.999756
77786: 0.999756
77787: 0.999756
77788: 0.999756
77789: 0.999756
77790: 0.999756
77791: 0.999756
77792: 0.999756
77793: 0.999756
77794: 0.999756
77795: 0.999756
77796: 0.999756
77797: 0.999756
77798: 0.999756
77799: 0.999756
77800: 0.999756
77801: 0.999756
77802: 0.999756
77803: 0.999756
77804: 0.999756
77805: 0.999756
77806: 0.999756
77807: 0.999756
77808: 0.999756
77809: 0.999756
77810: 0.999756
77811: 0.999756
77812: 0.999756
77813: 0.999756
77814: 0.999756
77815: 0.999756
77816: 0.999756
77817: 0.999756
77818: 0.999756
77819: 0.999756
77820: 0.999756
77821: 0.999756
77822: 0.999756
77823: 0.999756
77824: 0.999756
77825: 0.999756
77826: 0.999756
77827: 0.999756
77828: 0.999756
77829: 0.999756
77830: 0.999756
77831: 0.999756
77832: 0.999756
77833: 0.999756
77834: 0.999756
77835: 0.999756
77836: 0.999756
77837: 0.999756
77838: 0.999756
77839: 0.999756
77840: 0.999756
77841: 0.999756
77842: 0.999756
77843: 0.999756
77844: 0.999756
77845: 0.999756
77846: 0.999756
77847: 0.999756
77848: 0.999756
77849: 0.999756
77850: 0.999756
77851: 0.999756
77852: 0.999756
77853: 0.999756
77854: 0.999756
77855: 0.999756
77856: 0.999756
77857: 0.999756
77858: 0.999756
77859: 0.999756
77860: 0.999756
77861: 0.999756
77862: 0.999756
77863: 0.999756
77864: 0.999756
77865: 0.999756
77866: 0.999756
77867: 0.999756
77868: 0.999756
77869: 0.999756
77870: 0.999756
77871: 0.999756
77872: 0.999756
77873: 0.999756
77874: 0.999756
77875: 0.999756
77876: 0.999756
77877: 0.999756
77878: 0.999756
77879: 0.999756
77880: 0.999756
77881: 0.999756
77882: 0.999756
77883: 0.999756
77884: 0.999756
77885: 0.999756
77886: 0.999756
77887: 0.999756
77888: 0.999756
77889: 0.999756
77890: 0.999756
77891: 0.999756
77892: 0.999756
77893: 0.999756
77894: 0.999756
77895: 0.999756
77896: 0.999756
77897: 0.999756
77898: 0.999756
77899: 0.999756
77900: 0.999756
77901: 0.999756
77902: 0.999756
77903: 0.999756
77904: 0.999756
77905: 0.999756
77906: 0.999756
77907: 0.999756
77908: 0.999756
77909: 0.999756
77910: 0.999756
77911: 0.999756
77912: 0.999756
77913: 0.999756
77914: 0.999756
77915: 0.999756
77916: 0.999756
77917: 0.999756
77918: 0.999756
77919: 0.999756
77920: 0.999756
77921: 0.999756
77922: 0.999756
77923: 0.999756
77924: 0.999756
77925: 0.999756
77926: 0.999756
77927: 0.999756
77928: 0.999756
77929: 0.999756
77930: 0.999756
77931: 0.999756
77932: 0.999756
77933: 0.999756
77934: 0.999756
77935: 0.999756
77936: 0.999756
77937: 0.999756
77938: 0.999756
77939: 0.999756
77940: 0.999756
77941: 0.999756
77942: 0.999756
77943: 0.999756
77944: 0.999756
77945: 0.999756
77946: 0.999756
77947: 0.999756
77948: 0.999756
77949: 0.999756
77950: 0.999756
77951: 0.999756
77952: 0.999756
77953: 0.999756
77954: 0.999756
77955: 0.999756
77956: 0.999756
77957: 0.999756
77958: 0.999756
77959: 0.999756
77960: 0.999756
77961: 0.999756
77962: 0.999756
77963: 0.999756
77964: 0.999756
77965: 0.999756
77966: 0.999756
77967: 0.999756
77968: 0.999756
77969: 0.999756
77970: 0.999756
77971: 0.999756
77972: 0.999756
77973: 0.999756
77974: 0.999756
77975: 0.999756
77976: 0.999756
77977: 0.999756
77978: 0.999756
77979: 0.999756
77980: 0.999756
77981: 0.999756
77982: 0.999756
77983: 0.999756
77984: 0.999756
77985: 0.999756
77986: 0.999756
77987: 0.999756
77988: 0.999756
77989: 0.999756
77990: 0.999756
77991: 0.999756
77992: 0.999756
77993: 0.999756
77994: 0.999756
77995: 0.999756
77996: 0.999756
77997: 0.999756
77998: 0.999756
77999: 0.999756
78000: 0.999756
78001: 0.999756
78002: 0.999756
78003: 0.999756
78004: 0.999756
78005: 0.999756
78006: 0.999756
78007: 0.999756
78008: 0.999756
78009: 0.999756
78010: 0.999756
78011: 0.999756
78012: 0.999756
78013: 0.999756
78014: 0.999756
78015: 0.999756
78016: 0.999756
78017: 0.999756
78018: 0.999756
78019: 0.999756
78020: 0.999756
78021: 0.999756
78022: 0.999756
78023: 0.999756
78024: 0.999756
78025: 0.999756
78026: 0.999756
78027: 0.999756
78028: 0.999757
78029: 0.999757
78030: 0.999757
78031: 0.999757
78032: 0.999757
78033: 0.999757
78034: 0.999757
78035: 0.999757
78036: 0.999757
78037: 0.999757
78038: 0.999757
78039: 0.999757
78040: 0.999757
78041: 0.999757
78042: 0.999757
78043: 0.999757
78044: 0.999757
78045: 0.999757
78046: 0.999757
78047: 0.999757
78048: 0.999757
78049: 0.999757
78050: 0.999757
78051: 0.999757
78052: 0.999757
78053: 0.999757
78054: 0.999757
78055: 0.999757
78056: 0.999757
78057: 0.999757
78058: 0.999757
78059: 0.999757
78060: 0.999757
78061: 0.999757
78062: 0.999757
78063: 0.999757
78064: 0.999757
78065: 0.999757
78066: 0.999757
78067: 0.999757
78068: 0.999757
78069: 0.999757
78070: 0.999757
78071: 0.999757
78072: 0.999757
78073: 0.999757
78074: 0.999757
78075: 0.999757
78076: 0.999757
78077: 0.999757
78078: 0.999757
78079: 0.999757
78080: 0.999757
78081: 0.999757
78082: 0.999757
78083: 0.999757
78084: 0.999757
78085: 0.999757
78086: 0.999757
78087: 0.999757
78088: 0.999757
78089: 0.999757
78090: 0.999757
78091: 0.999757
78092: 0.999757
78093: 0.999757
78094: 0.999757
78095: 0.999757
78096: 0.999757
78097: 0.999757
78098: 0.999757
78099: 0.999757
78100: 0.999757
78101: 0.999757
78102: 0.999757
78103: 0.999757
78104: 0.999757
78105: 0.999757
78106: 0.999757
78107: 0.999757
78108: 0.999757
78109: 0.999757
78110: 0.999757
78111: 0.999757
78112: 0.999757
78113: 0.999757
78114: 0.999757
78115: 0.999757
78116: 0.999757
78117: 0.999757
78118: 0.999757
78119: 0.999757
78120: 0.999757
78121: 0.999757
78122: 0.999757
78123: 0.999757
78124: 0.999757
78125: 0.999757
78126: 0.999757
78127: 0.999757
78128: 0.999757
78129: 0.999757
78130: 0.999757
78131: 0.999757
78132: 0.999757
78133: 0.999757
78134: 0.999757
78135: 0.999757
78136: 0.999757
78137: 0.999757
78138: 0.999757
78139: 0.999757
78140: 0.999757
78141: 0.999757
78142: 0.999757
78143: 0.999757
78144: 0.999757
78145: 0.999757
78146: 0.999757
78147: 0.999757
78148: 0.999757
78149: 0.999757
78150: 0.999757
78151: 0.999757
78152: 0.999757
78153: 0.999757
78154: 0.999757
78155: 0.999757
78156: 0.999757
78157: 0.999757
78158: 0.999757
78159: 0.999757
78160: 0.999757
78161: 0.999757
78162: 0.999757
78163: 0.999757
78164: 0.999757
78165: 0.999757
78166: 0.999757
78167: 0.999757
78168: 0.999757
78169: 0.999757
78170: 0.999757
78171: 0.999757
78172: 0.999757
78173: 0.999757
78174: 0.999757
78175: 0.999757
78176: 0.999757
78177: 0.999757
78178: 0.999757
78179: 0.999757
78180: 0.999757
78181: 0.999757
78182: 0.999757
78183: 0.999757
78184: 0.999757
78185: 0.999757
78186: 0.999757
78187: 0.999757
78188: 0.999757
78189: 0.999757
78190: 0.999757
78191: 0.999757
78192: 0.999757
78193: 0.999757
78194: 0.999757
78195: 0.999757
78196: 0.999757
78197: 0.999757
78198: 0.999757
78199: 0.999757
78200: 0.999757
78201: 0.999757
78202: 0.999757
78203: 0.999757
78204: 0.999757
78205: 0.999757
78206: 0.999757
78207: 0.999757
78208: 0.999757
78209: 0.999757
78210: 0.999757
78211: 0.999757
78212: 0.999757
78213: 0.999757
78214: 0.999757
78215: 0.999757
78216: 0.999757
78217: 0.999757
78218: 0.999757
78219: 0.999757
78220: 0.999757
78221: 0.999757
78222: 0.999757
78223: 0.999757
78224: 0.999757
78225: 0.999757
78226: 0.999757
78227: 0.999757
78228: 0.999757
78229: 0.999757
78230: 0.999757
78231: 0.999757
78232: 0.999757
78233: 0.999757
78234: 0.999757
78235: 0.999757
78236: 0.999757
78237: 0.999757
78238: 0.999757
78239: 0.999757
78240: 0.999757
78241: 0.999757
78242: 0.999757
78243: 0.999757
78244: 0.999757
78245: 0.999757
78246: 0.999757
78247: 0.999757
78248: 0.999757
78249: 0.999757
78250: 0.999757
78251: 0.999757
78252: 0.999757
78253: 0.999757
78254: 0.999757
78255: 0.999757
78256: 0.999757
78257: 0.999757
78258: 0.999757
78259: 0.999757
78260: 0.999757
78261: 0.999757
78262: 0.999757
78263: 0.999757
78264: 0.999757
78265: 0.999757
78266: 0.999757
78267: 0.999757
78268: 0.999757
78269: 0.999757
78270: 0.999757
78271: 0.999757
78272: 0.999757
78273: 0.999757
78274: 0.999757
78275: 0.999757
78276: 0.999757
78277: 0.999757
78278: 0.999757
78279: 0.999757
78280: 0.999757
78281: 0.999757
78282: 0.999757
78283: 0.999757
78284: 0.999757
78285: 0.999757
78286: 0.999757
78287: 0.999757
78288: 0.999757
78289: 0.999757
78290: 0.999757
78291: 0.999757
78292: 0.999757
78293: 0.999757
78294: 0.999757
78295: 0.999757
78296: 0.999757
78297: 0.999757
78298: 0.999757
78299: 0.999757
78300: 0.999757
78301: 0.999757
78302: 0.999757
78303: 0.999757
78304: 0.999757
78305: 0.999757
78306: 0.999757
78307: 0.999757
78308: 0.999757
78309: 0.999757
78310: 0.999757
78311: 0.999757
78312: 0.999757
78313: 0.999757
78314: 0.999757
78315: 0.999757
78316: 0.999757
78317: 0.999757
78318: 0.999757
78319: 0.999757
78320: 0.999757
78321: 0.999757
78322: 0.999757
78323: 0.999757
78324: 0.999757
78325: 0.999757
78326: 0.999757
78327: 0.999757
78328: 0.999757
78329: 0.999757
78330: 0.999757
78331: 0.999757
78332: 0.999757
78333: 0.999757
78334: 0.999757
78335: 0.999757
78336: 0.999757
78337: 0.999757
78338: 0.999757
78339: 0.999757
78340: 0.999757
78341: 0.999757
78342: 0.999757
78343: 0.999757
78344: 0.999757
78345: 0.999757
78346: 0.999757
78347: 0.999757
78348: 0.999757
78349: 0.999757
78350: 0.999758
78351: 0.999758
78352: 0.999758
78353: 0.999758
78354: 0.999758
78355: 0.999758
78356: 0.999758
78357: 0.999758
78358: 0.999758
78359: 0.999758
78360: 0.999758
78361: 0.999758
78362: 0.999758
78363: 0.999758
78364: 0.999758
78365: 0.999758
78366: 0.999758
78367: 0.999758
78368: 0.999758
78369: 0.999758
78370: 0.999758
78371: 0.999758
78372: 0.999758
78373: 0.999758
78374: 0.999758
78375: 0.999758
78376: 0.999758
78377: 0.999758
78378: 0.999758
78379: 0.999758
78380: 0.999758
78381: 0.999758
78382: 0.999758
78383: 0.999758
78384: 0.999758
78385: 0.999758
78386: 0.999758
78387: 0.999758
78388: 0.999758
78389: 0.999758
78390: 0.999758
78391: 0.999758
78392: 0.999758
78393: 0.999758
78394: 0.999758
78395: 0.999758
78396: 0.999758
78397: 0.999758
78398: 0.999758
78399: 0.999758
78400: 0.999758
78401: 0.999758
78402: 0.999758
78403: 0.999758
78404: 0.999758
78405: 0.999758
78406: 0.999758
78407: 0.999758
78408: 0.999758
78409: 0.999758
78410: 0.999758
78411: 0.999758
78412: 0.999758
78413: 0.999758
78414: 0.999758
78415: 0.999758
78416: 0.999758
78417: 0.999758
78418: 0.999758
78419: 0.999758
78420: 0.999758
78421: 0.999758
78422: 0.999758
78423: 0.999758
78424: 0.999758
78425: 0.999758
78426: 0.999758
78427: 0.999758
78428: 0.999758
78429: 0.999758
78430: 0.999758
78431: 0.999758
78432: 0.999758
78433: 0.999758
78434: 0.999758
78435: 0.999758
78436: 0.999758
78437: 0.999758
78438: 0.999758
78439: 0.999758
78440: 0.999758
78441: 0.999758
78442: 0.999758
78443: 0.999758
78444: 0.999758
78445: 0.999758
78446: 0.999758
78447: 0.999758
78448: 0.999758
78449: 0.999758
78450: 0.999758
78451: 0.999758
78452: 0.999758
78453: 0.999758
78454: 0.999758
78455: 0.999758
78456: 0.999758
78457: 0.999758
78458: 0.999758
78459: 0.999758
78460: 0.999758
78461: 0.999758
78462: 0.999758
78463: 0.999758
78464: 0.999758
78465: 0.999758
78466: 0.999758
78467: 0.999758
78468: 0.999758
78469: 0.999758
78470: 0.999758
78471: 0.999758
78472: 0.999758
78473: 0.999758
78474: 0.999758
78475: 0.999758
78476: 0.999758
78477: 0.999758
78478: 0.999758
78479: 0.999758
78480: 0.999758
78481: 0.999758
78482: 0.999758
78483: 0.999758
78484: 0.999758
78485: 0.999758
78486: 0.999758
78487: 0.999758
78488: 0.999758
78489: 0.999758
78490: 0.999758
78491: 0.999758
78492: 0.999758
78493: 0.999758
78494: 0.999758
78495: 0.999758
78496: 0.999758
78497: 0.999758
78498: 0.999758
78499: 0.999758
78500: 0.999758
78501: 0.999758
78502: 0.999758
78503: 0.999758
78504: 0.999758
78505: 0.999758
78506: 0.999758
78507: 0.999758
78508: 0.999758
78509: 0.999758
78510: 0.999758
78511: 0.999758
78512: 0.999758
78513: 0.999758
78514: 0.999758
78515: 0.999758
78516: 0.999758
78517: 0.999758
78518: 0.999758
78519: 0.999758
78520: 0.999758
78521: 0.999758
78522: 0.999758
78523: 0.999758
78524: 0.999758
78525: 0.999758
78526: 0.999758
78527: 0.999758
78528: 0.999758
78529: 0.999758
78530: 0.999758
78531: 0.999758
78532: 0.999758
78533: 0.999758
78534: 0.999758
78535: 0.999758
78536: 0.999758
78537: 0.999758
78538: 0.999758
78539: 0.999758
78540: 0.999758
78541: 0.999758
78542: 0.999758
78543: 0.999758
78544: 0.999758
78545: 0.999758
78546: 0.999758
78547: 0.999758
78548: 0.999758
78549: 0.999758
78550: 0.999758
78551: 0.999758
78552: 0.999758
78553: 0.999758
78554: 0.999758
78555: 0.999758
78556: 0.999758
78557: 0.999758
78558: 0.999758
78559: 0.999758
78560: 0.999758
78561: 0.999758
78562: 0.999758
78563: 0.999758
78564: 0.999758
78565: 0.999758
78566: 0.999758
78567: 0.999758
78568: 0.999758
78569: 0.999758
78570: 0.999758
78571: 0.999758
78572: 0.999758
78573: 0.999758
78574: 0.999758
78575: 0.999758
78576: 0.999758
78577: 0.999758
78578: 0.999758
78579: 0.999758
78580: 0.999758
78581: 0.999758
78582: 0.999758
78583: 0.999758
78584: 0.999758
78585: 0.999758
78586: 0.999758
78587: 0.999758
78588: 0.999758
78589: 0.999758
78590: 0.999758
78591: 0.999758
78592: 0.999758
78593: 0.999758
78594: 0.999758
78595: 0.999758
78596: 0.999758
78597: 0.999758
78598: 0.999758
78599: 0.999758
78600: 0.999758
78601: 0.999758
78602: 0.999758
78603: 0.999758
78604: 0.999758
78605: 0.999758
78606: 0.999758
78607: 0.999758
78608: 0.999758
78609: 0.999758
78610: 0.999758
78611: 0.999758
78612: 0.999758
78613: 0.999758
78614: 0.999758
78615: 0.999758
78616: 0.999758
78617: 0.999758
78618: 0.999758
78619: 0.999758
78620: 0.999758
78621: 0.999758
78622: 0.999758
78623: 0.999758
78624: 0.999758
78625: 0.999758
78626: 0.999758
78627: 0.999758
78628: 0.999758
78629: 0.999758
78630: 0.999758
78631: 0.999758
78632: 0.999758
78633: 0.999758
78634: 0.999758
78635: 0.999758
78636: 0.999758
78637: 0.999758
78638: 0.999758
78639: 0.999758
78640: 0.999758
78641: 0.999758
78642: 0.999758
78643: 0.999758
78644: 0.999758
78645: 0.999758
78646: 0.999758
78647: 0.999758
78648: 0.999758
78649: 0.999758
78650: 0.999758
78651: 0.999758
78652: 0.999758
78653: 0.999758
78654: 0.999758
78655: 0.999758
78656: 0.999758
78657: 0.999758
78658: 0.999758
78659: 0.999758
78660: 0.999758
78661: 0.999758
78662: 0.999758
78663: 0.999758
78664: 0.999758
78665: 0.999758
78666: 0.999758
78667: 0.999758
78668: 0.999758
78669: 0.999758
78670: 0.999758
78671: 0.999758
78672: 0.999758
78673: 0.999758
78674: 0.999759
78675: 0.999759
78676: 0.999759
78677: 0.999759
78678: 0.999759
78679: 0.999759
78680: 0.999759
78681: 0.999759
78682: 0.999759
78683: 0.999759
78684: 0.999759
78685: 0.999759
78686: 0.999759
78687: 0.999759
78688: 0.999759
78689: 0.999759
78690: 0.999759
78691: 0.999759
78692: 0.999759
78693: 0.999759
78694: 0.999759
78695: 0.999759
78696: 0.999759
78697: 0.999759
78698: 0.999759
78699: 0.999759
78700: 0.999759
78701: 0.999759
78702: 0.999759
78703: 0.999759
78704: 0.999759
78705: 0.999759
78706: 0.999759
78707: 0.999759
78708: 0.999759
78709: 0.999759
78710: 0.999759
78711: 0.999759
78712: 0.999759
78713: 0.999759
78714: 0.999759
78715: 0.999759
78716: 0.999759
78717: 0.999759
78718: 0.999759
78719: 0.999759
78720: 0.999759
78721: 0.999759
78722: 0.999759
78723: 0.999759
78724: 0.999759
78725: 0.999759
78726: 0.999759
78727: 0.999759
78728: 0.999759
78729: 0.999759
78730: 0.999759
78731: 0.999759
78732: 0.999759
78733: 0.999759
78734: 0.999759
78735: 0.999759
78736: 0.999759
78737: 0.999759
78738: 0.999759
78739: 0.999759
78740: 0.999759
78741: 0.999759
78742: 0.999759
78743: 0.999759
78744: 0.999759
78745: 0.999759
78746: 0.999759
78747: 0.999759
78748: 0.999759
78749: 0.999759
78750: 0.999759
78751: 0.999759
78752: 0.999759
78753: 0.999759
78754: 0.999759
78755: 0.999759
78756: 0.999759
78757: 0.999759
78758: 0.999759
78759: 0.999759
78760: 0.999759
78761: 0.999759
78762: 0.999759
78763: 0.999759
78764: 0.999759
78765: 0.999759
78766: 0.999759
78767: 0.999759
78768: 0.999759
78769: 0.999759
78770: 0.999759
78771: 0.999759
78772: 0.999759
78773: 0.999759
78774: 0.999759
78775: 0.999759
78776: 0.999759
78777: 0.999759
78778: 0.999759
78779: 0.999759
78780: 0.999759
78781: 0.999759
78782: 0.999759
78783: 0.999759
78784: 0.999759
78785: 0.999759
78786: 0.999759
78787: 0.999759
78788: 0.999759
78789: 0.999759
78790: 0.999759
78791: 0.999759
78792: 0.999759
78793: 0.999759
78794: 0.999759
78795: 0.999759
78796: 0.999759
78797: 0.999759
78798: 0.999759
78799: 0.999759
78800: 0.999759
78801: 0.999759
78802: 0.999759
78803: 0.999759
78804: 0.999759
78805: 0.999759
78806: 0.999759
78807: 0.999759
78808: 0.999759
78809: 0.999759
78810: 0.999759
78811: 0.999759
78812: 0.999759
78813: 0.999759
78814: 0.999759
78815: 0.999759
78816: 0.999759
78817: 0.999759
78818: 0.999759
78819: 0.999759
78820: 0.999759
78821: 0.999759
78822: 0.999759
78823: 0.999759
78824: 0.999759
78825: 0.999759
78826: 0.999759
78827: 0.999759
78828: 0.999759
78829: 0.999759
78830: 0.999759
78831: 0.999759
78832: 0.999759
78833: 0.999759
78834: 0.999759
78835: 0.999759
78836: 0.999759
78837: 0.999759
78838: 0.999759
78839: 0.999759
78840: 0.999759
78841: 0.999759
78842: 0.999759
78843: 0.999759
78844: 0.999759
78845: 0.999759
78846: 0.999759
78847: 0.999759
78848: 0.999759
78849: 0.999759
78850: 0.999759
78851: 0.999759
78852: 0.999759
78853: 0.999759
78854: 0.999759
78855: 0.999759
78856: 0.999759
78857: 0.999759
78858: 0.999759
78859: 0.999759
78860: 0.999759
78861: 0.999759
78862: 0.999759
78863: 0.999759
78864: 0.999759
78865: 0.999759
78866: 0.999759
78867: 0.999759
78868: 0.999759
78869: 0.999759
78870: 0.999759
78871: 0.999759
78872: 0.999759
78873: 0.999759
78874: 0.999759
78875: 0.999759
78876: 0.999759
78877: 0.999759
78878: 0.999759
78879: 0.999759
78880: 0.999759
78881: 0.999759
78882: 0.999759
78883: 0.999759
78884: 0.999759
78885: 0.999759
78886: 0.999759
78887: 0.999759
78888: 0.999759
78889: 0.999759
78890: 0.999759
78891: 0.999759
78892: 0.999759
78893: 0.999759
78894: 0.999759
78895: 0.999759
78896: 0.999759
78897: 0.999759
78898: 0.999759
78899: 0.999759
78900: 0.999759
78901: 0.999759
78902: 0.999759
78903: 0.999759
78904: 0.999759
78905: 0.999759
78906: 0.999759
78907: 0.999759
78908: 0.999759
78909: 0.999759
78910: 0.999759
78911: 0.999759
78912: 0.999759
78913: 0.999759
78914: 0.999759
78915: 0.999759
78916: 0.999759
78917: 0.999759
78918: 0.999759
78919: 0.999759
78920: 0.999759
78921: 0.999759
78922: 0.999759
78923: 0.999759
78924: 0.999759
78925: 0.999759
78926: 0.999759
78927: 0.999759
78928: 0.999759
78929: 0.999759
78930: 0.999759
78931: 0.999759
78932: 0.999759
78933: 0.999759
78934: 0.999759
78935: 0.999759
78936: 0.999759
78937: 0.999759
78938: 0.999759
78939: 0.999759
78940: 0.999759
78941: 0.999759
78942: 0.999759
78943: 0.999759
78944: 0.999759
78945: 0.999759
78946: 0.999759
78947: 0.999759
78948: 0.999759
78949: 0.999759
78950: 0.999759
78951: 0.999759
78952: 0.999759
78953: 0.999759
78954: 0.999759
78955: 0.999759
78956: 0.999759
78957: 0.999759
78958: 0.999759
78959: 0.999759
78960: 0.999759
78961: 0.999759
78962: 0.999759
78963: 0.999759
78964: 0.999759
78965: 0.999759
78966: 0.999759
78967: 0.999759
78968: 0.999759
78969: 0.999759
78970: 0.999759
78971: 0.999759
78972: 0.999759
78973: 0.999759
78974: 0.999759
78975: 0.999759
78976: 0.999759
78977: 0.999759
78978: 0.999759
78979: 0.999759
78980: 0.999759
78981: 0.999759
78982: 0.999759
78983: 0.999759
78984: 0.999759
78985: 0.999759
78986: 0.999759
78987: 0.999759
78988: 0.999759
78989: 0.999759
78990: 0.999759
78991: 0.999759
78992: 0.999759
78993: 0.999759
78994: 0.999759
78995: 0.999759
78996: 0.999759
78997: 0.999759
78998: 0.999759
78999: 0.999759
79000: 0.999759
79001: 0.999759
79002: 0.99976
79003: 0.99976
79004: 0.99976
79005: 0.99976
79006: 0.99976
79007: 0.99976
79008: 0.99976
79009: 0.99976
79010: 0.99976
79011: 0.99976
79012: 0.99976
79013: 0.99976
79014: 0.99976
79015: 0.99976
79016: 0.99976
79017: 0.99976
79018: 0.99976
79019: 0.99976
79020: 0.99976
79021: 0.99976
79022: 0.99976
79023: 0.99976
79024: 0.99976
79025: 0.99976
79026: 0.99976
79027: 0.99976
79028: 0.99976
79029: 0.99976
79030: 0.99976
79031: 0.99976
79032: 0.99976
79033: 0.99976
79034: 0.99976
79035: 0.99976
79036: 0.99976
79037: 0.99976
79038: 0.99976
79039: 0.99976
79040: 0.99976
79041: 0.99976
79042: 0.99976
79043: 0.99976
79044: 0.99976
79045: 0.99976
79046: 0.99976
79047: 0.99976
79048: 0.99976
79049: 0.99976
79050: 0.99976
79051: 0.99976
79052: 0.99976
79053: 0.99976
79054: 0.99976
79055: 0.99976
79056: 0.99976
79057: 0.99976
79058: 0.99976
79059: 0.99976
79060: 0.99976
79061: 0.99976
79062: 0.99976
79063: 0.99976
79064: 0.99976
79065: 0.99976
79066: 0.99976
79067: 0.99976
79068: 0.99976
79069: 0.99976
79070: 0.99976
79071: 0.99976
79072: 0.99976
79073: 0.99976
79074: 0.99976
79075: 0.99976
79076: 0.99976
79077: 0.99976
79078: 0.99976
79079: 0.99976
79080: 0.99976
79081: 0.99976
79082: 0.99976
79083: 0.99976
79084: 0.99976
79085: 0.99976
79086: 0.99976
79087: 0.99976
79088: 0.99976
79089: 0.99976
79090: 0.99976
79091: 0.99976
79092: 0.99976
79093: 0.99976
79094: 0.99976
79095: 0.99976
79096: 0.99976
79097: 0.99976
79098: 0.99976
79099: 0.99976
79100: 0.99976
79101: 0.99976
79102: 0.99976
79103: 0.99976
79104: 0.99976
79105: 0.99976
79106: 0.99976
79107: 0.99976
79108: 0.99976
79109: 0.99976
79110: 0.99976
79111: 0.99976
79112: 0.99976
79113: 0.99976
79114: 0.99976
79115: 0.99976
79116: 0.99976
79117: 0.99976
79118: 0.99976
79119: 0.99976
79120: 0.99976
79121: 0.99976
79122: 0.99976
79123: 0.99976
79124: 0.99976
79125: 0.99976
79126: 0.99976
79127: 0.99976
79128: 0.99976
79129: 0.99976
79130: 0.99976
79131: 0.99976
79132: 0.99976
79133: 0.99976
79134: 0.99976
79135: 0.99976
79136: 0.99976
79137: 0.99976
79138: 0.99976
79139: 0.99976
79140: 0.99976
79141: 0.99976
79142: 0.99976
79143: 0.99976
79144: 0.99976
79145: 0.99976
79146: 0.99976
79147: 0.99976
79148: 0.99976
79149: 0.99976
79150: 0.99976
79151: 0.99976
79152: 0.99976
79153: 0.99976
79154: 0.99976
79155: 0.99976
79156: 0.99976
79157: 0.99976
79158: 0.99976
79159: 0.99976
79160: 0.99976
79161: 0.99976
79162: 0.99976
79163: 0.99976
79164: 0.99976
79165: 0.99976
79166: 0.99976
79167: 0.99976
79168: 0.99976
79169: 0.99976
79170: 0.99976
79171: 0.99976
79172: 0.99976
79173: 0.99976
79174: 0.99976
79175: 0.99976
79176: 0.99976
79177: 0.99976
79178: 0.99976
79179: 0.99976
79180: 0.99976
79181: 0.99976
79182: 0.99976
79183: 0.99976
79184: 0.99976
79185: 0.99976
79186: 0.99976
79187: 0.99976
79188: 0.99976
79189: 0.99976
79190: 0.99976
79191: 0.99976
79192: 0.99976
79193: 0.99976
79194: 0.99976
79195: 0.99976
79196: 0.99976
79197: 0.99976
79198: 0.99976
79199: 0.99976
79200: 0.99976
79201: 0.99976
79202: 0.99976
79203: 0.99976
79204: 0.99976
79205: 0.99976
79206: 0.99976
79207: 0.99976
79208: 0.99976
79209: 0.99976
79210: 0.99976
79211: 0.99976
79212: 0.99976
79213: 0.99976
79214: 0.99976
79215: 0.99976
79216: 0.99976
79217: 0.99976
79218: 0.99976
79219: 0.99976
79220: 0.99976
79221: 0.99976
79222: 0.99976
79223: 0.99976
79224: 0.99976
79225: 0.99976
79226: 0.99976
79227: 0.99976
79228: 0.99976
79229: 0.99976
79230: 0.99976
79231: 0.99976
79232: 0.99976
79233: 0.99976
79234: 0.99976
79235: 0.99976
79236: 0.99976
79237: 0.99976
79238: 0.99976
79239: 0.99976
79240: 0.99976
79241: 0.99976
79242: 0.99976
79243: 0.99976
79244: 0.99976
79245: 0.99976
79246: 0.99976
79247: 0.99976
79248: 0.99976
79249: 0.99976
79250: 0.99976
79251: 0.99976
79252: 0.99976
79253: 0.99976
79254: 0.99976
79255: 0.99976
79256: 0.99976
79257: 0.99976
79258: 0.99976
79259: 0.99976
79260: 0.99976
79261: 0.99976
79262: 0.99976
79263: 0.99976
79264: 0.99976
79265: 0.99976
79266: 0.99976
79267: 0.99976
79268: 0.99976
79269: 0.99976
79270: 0.99976
79271: 0.99976
79272: 0.99976
79273: 0.99976
79274: 0.99976
79275: 0.99976
79276: 0.99976
79277: 0.99976
79278: 0.99976
79279: 0.99976
79280: 0.99976
79281: 0.99976
79282: 0.99976
79283: 0.99976
79284: 0.99976
79285: 0.99976
79286: 0.99976
79287: 0.99976
79288: 0.99976
79289: 0.99976
79290: 0.99976
79291: 0.99976
79292: 0.99976
79293: 0.99976
79294: 0.99976
79295: 0.99976
79296: 0.99976
79297: 0.99976
79298: 0.99976
79299: 0.99976
79300: 0.99976
79301: 0.99976
79302: 0.99976
79303: 0.99976
79304: 0.99976
79305: 0.99976
79306: 0.99976
79307: 0.99976
79308: 0.99976
79309: 0.99976
79310: 0.99976
79311: 0.99976
79312: 0.99976
79313: 0.99976
79314: 0.99976
79315: 0.99976
79316: 0.99976
79317: 0.99976
79318: 0.99976
79319: 0.99976
79320: 0.99976
79321: 0.99976
79322: 0.99976
79323: 0.99976
79324: 0.99976
79325: 0.99976
79326: 0.99976
79327: 0.99976
79328: 0.99976
79329: 0.99976
79330: 0.99976
79331: 0.999761
79332: 0.999761
79333: 0.999761
79334: 0.999761
79335: 0.999761
79336: 0.999761
79337: 0.999761
79338: 0.999761
79339: 0.999761
79340: 0.999761
79341: 0.999761
79342: 0.999761
79343: 0.999761
79344: 0.999761
79345: 0.999761
79346: 0.999761
79347: 0.999761
79348: 0.999761
79349: 0.999761
79350: 0.999761
79351: 0.999761
79352: 0.999761
79353: 0.999761
79354: 0.999761
79355: 0.999761
79356: 0.999761
79357: 0.999761
79358: 0.999761
79359: 0.999761
79360: 0.999761
79361: 0.999761
79362: 0.999761
79363: 0.999761
79364: 0.999761
79365: 0.999761
79366: 0.999761
79367: 0.999761
79368: 0.999761
79369: 0.999761
79370: 0.999761
79371: 0.999761
79372: 0.999761
79373: 0.999761
79374: 0.999761
79375: 0.999761
79376: 0.999761
79377: 0.999761
79378: 0.999761
79379: 0.999761
79380: 0.999761
79381: 0.999761
79382: 0.999761
79383: 0.999761
79384: 0.999761
79385: 0.999761
79386: 0.999761
79387: 0.999761
79388: 0.999761
79389: 0.999761
79390: 0.999761
79391: 0.999761
79392: 0.999761
79393: 0.999761
79394: 0.999761
79395: 0.999761
79396: 0.999761
79397: 0.999761
79398: 0.999761
79399: 0.999761
79400: 0.999761
79401: 0.999761
79402: 0.999761
79403: 0.999761
79404: 0.999761
79405: 0.999761
79406: 0.999761
79407: 0.999761
79408: 0.999761
79409: 0.999761
79410: 0.999761
79411: 0.999761
79412: 0.999761
79413: 0.999761
79414: 0.999761
79415: 0.999761
79416: 0.999761
79417: 0.999761
79418: 0.999761
79419: 0.999761
79420: 0.999761
79421: 0.999761
79422: 0.999761
79423: 0.999761
79424: 0.999761
79425: 0.999761
79426: 0.999761
79427: 0.999761
79428: 0.999761
79429: 0.999761
79430: 0.999761
79431: 0.999761
79432: 0.999761
79433: 0.999761
79434: 0.999761
79435: 0.999761
79436: 0.999761
79437: 0.999761
79438: 0.999761
79439: 0.999761
79440: 0.999761
79441: 0.999761
79442: 0.999761
79443: 0.999761
79444: 0.999761
79445: 0.999761
79446: 0.999761
79447: 0.999761
79448: 0.999761
79449: 0.999761
79450: 0.999761
79451: 0.999761
79452: 0.999761
79453: 0.999761
79454: 0.999761
79455: 0.999761
79456: 0.999761
79457: 0.999761
79458: 0.999761
79459: 0.999761
79460: 0.999761
79461: 0.999761
79462: 0.999761
79463: 0.999761
79464: 0.999761
79465: 0.999761
79466: 0.999761
79467: 0.999761
79468: 0.999761
79469: 0.999761
79470: 0.999761
79471: 0.999761
79472: 0.999761
79473: 0.999761
79474: 0.999761
79475: 0.999761
79476: 0.999761
79477: 0.999761
79478: 0.999761
79479: 0.999761
79480: 0.999761
79481: 0.999761
79482: 0.999761
79483: 0.999761
79484: 0.999761
79485: 0.999761
79486: 0.999761
79487: 0.999761
79488: 0.999761
79489: 0.999761
79490: 0.999761
79491: 0.999761
79492: 0.999761
79493: 0.999761
79494: 0.999761
79495: 0.999761
79496: 0.999761
79497: 0.999761
79498: 0.999761
79499: 0.999761
79500: 0.999761
79501: 0.999761
79502: 0.999761
79503: 0.999761
79504: 0.999761
79505: 0.999761
79506: 0.999761
79507: 0.999761
79508: 0.999761
79509: 0.999761
79510: 0.999761
79511: 0.999761
79512: 0.999761
79513: 0.999761
79514: 0.999761
79515: 0.999761
79516: 0.999761
79517: 0.999761
79518: 0.999761
79519: 0.999761
79520: 0.999761
79521: 0.999761
79522: 0.999761
79523: 0.999761
79524: 0.999761
79525: 0.999761
79526: 0.999761
79527: 0.999761
79528: 0.999761
79529: 0.999761
79530: 0.999761
79531: 0.999761
79532: 0.999761
79533: 0.999761
79534: 0.999761
79535: 0.999761
79536: 0.999761
79537: 0.999761
79538: 0.999761
79539: 0.999761
79540: 0.999761
79541: 0.999761
79542: 0.999761
79543: 0.999761
79544: 0.999761
79545: 0.999761
79546: 0.999761
79547: 0.999761
79548: 0.999761
79549: 0.999761
79550: 0.999761
79551: 0.999761
79552: 0.999761
79553: 0.999761
79554: 0.999761
79555: 0.999761
79556: 0.999761
79557: 0.999761
79558: 0.999761
79559: 0.999761
79560: 0.999761
79561: 0.999761
79562: 0.999761
79563: 0.999761
79564: 0.999761
79565: 0.999761
79566: 0.999761
79567: 0.999761
79568: 0.999761
79569: 0.999761
79570: 0.999761
79571: 0.999761
79572: 0.999761
79573: 0.999761
79574: 0.999761
79575: 0.999761
79576: 0.999761
79577: 0.999761
79578: 0.999761
79579: 0.999761
79580: 0.999761
79581: 0.999761
79582: 0.999761
79583: 0.999761
79584: 0.999761
79585: 0.999761
79586: 0.999761
79587: 0.999761
79588: 0.999761
79589: 0.999761
79590: 0.999761
79591: 0.999761
79592: 0.999761
79593: 0.999761
79594: 0.999761
79595: 0.999761
79596: 0.999761
79597: 0.999761
79598: 0.999761
79599: 0.999761
79600: 0.999761
79601: 0.999761
79602: 0.999761
79603: 0.999761
79604: 0.999761
79605: 0.999761
79606: 0.999761
79607: 0.999761
79608: 0.999761
79609: 0.999761
79610: 0.999761
79611: 0.999761
79612: 0.999761
79613: 0.999761
79614: 0.999761
79615: 0.999761
79616: 0.999761
79617: 0.999761
79618: 0.999761
79619: 0.999761
79620: 0.999761
79621: 0.999761
79622: 0.999761
79623: 0.999761
79624: 0.999761
79625: 0.999761
79626: 0.999761
79627: 0.999761
79628: 0.999761
79629: 0.999761
79630: 0.999761
79631: 0.999761
79632: 0.999761
79633: 0.999761
79634: 0.999761
79635: 0.999761
79636: 0.999761
79637: 0.999761
79638: 0.999761
79639: 0.999761
79640: 0.999761
79641: 0.999761
79642: 0.999761
79643: 0.999761
79644: 0.999761
79645: 0.999761
79646: 0.999761
79647: 0.999761
79648: 0.999761
79649: 0.999761
79650: 0.999761
79651: 0.999761
79652: 0.999761
79653: 0.999761
79654: 0.999761
79655: 0.999761
79656: 0.999761
79657: 0.999761
79658: 0.999761
79659: 0.999761
79660: 0.999761
79661: 0.999761
79662: 0.999761
79663: 0.999761
79664: 0.999762
79665: 0.999762
79666: 0.999762
79667: 0.999762
79668: 0.999762
79669: 0.999762
79670: 0.999762
79671: 0.999762
79672: 0.999762
79673: 0.999762
79674: 0.999762
79675: 0.999762
79676: 0.999762
79677: 0.999762
79678: 0.999762
79679: 0.999762
79680: 0.999762
79681: 0.999762
79682: 0.999762
79683: 0.999762
79684: 0.999762
79685: 0.999762
79686: 0.999762
79687: 0.999762
79688: 0.999762
79689: 0.999762
79690: 0.999762
79691: 0.999762
79692: 0.999762
79693: 0.999762
79694: 0.999762
79695: 0.999762
79696: 0.999762
79697: 0.999762
79698: 0.999762
79699: 0.999762
79700: 0.999762
79701: 0.999762
79702: 0.999762
79703: 0.999762
79704: 0.999762
79705: 0.999762
79706: 0.999762
79707: 0.999762
79708: 0.999762
79709: 0.999762
79710: 0.999762
79711: 0.999762
79712: 0.999762
79713: 0.999762
79714: 0.999762
79715: 0.999762
79716: 0.999762
79717: 0.999762
79718: 0.999762
79719: 0.999762
79720: 0.999762
79721: 0.999762
79722: 0.999762
79723: 0.999762
79724: 0.999762
79725: 0.999762
79726: 0.999762
79727: 0.999762
79728: 0.999762
79729: 0.999762
79730: 0.999762
79731: 0.999762
79732: 0.999762
79733: 0.999762
79734: 0.999762
79735: 0.999762
79736: 0.999762
79737: 0.999762
79738: 0.999762
79739: 0.999762
79740: 0.999762
79741: 0.999762
79742: 0.999762
79743: 0.999762
79744: 0.999762
79745: 0.999762
79746: 0.999762
79747: 0.999762
79748: 0.999762
79749: 0.999762
79750: 0.999762
79751: 0.999762
79752: 0.999762
79753: 0.999762
79754: 0.999762
79755: 0.999762
79756: 0.999762
79757: 0.999762
79758: 0.999762
79759: 0.999762
79760: 0.999762
79761: 0.999762
79762: 0.999762
79763: 0.999762
79764: 0.999762
79765: 0.999762
79766: 0.999762
79767: 0.999762
79768: 0.999762
79769: 0.999762
79770: 0.999762
79771: 0.999762
79772: 0.999762
79773: 0.999762
79774: 0.999762
79775: 0.999762
79776: 0.999762
79777: 0.999762
79778: 0.999762
79779: 0.999762
79780: 0.999762
79781: 0.999762
79782: 0.999762
79783: 0.999762
79784: 0.999762
79785: 0.999762
79786: 0.999762
79787: 0.999762
79788: 0.999762
79789: 0.999762
79790: 0.999762
79791: 0.999762
79792: 0.999762
79793: 0.999762
79794: 0.999762
79795: 0.999762
79796: 0.999762
79797: 0.999762
79798: 0.999762
79799: 0.999762
79800: 0.999762
79801: 0.999762
79802: 0.999762
79803: 0.999762
79804: 0.999762
79805: 0.999762
79806: 0.999762
79807: 0.999762
79808: 0.999762
79809: 0.999762
79810: 0.999762
79811: 0.999762
79812: 0.999762
79813: 0.999762
79814: 0.999762
79815: 0.999762
79816: 0.999762
79817: 0.999762
79818: 0.999762
79819: 0.999762
79820: 0.999762
79821: 0.999762
79822: 0.999762
79823: 0.999762
79824: 0.999762
79825: 0.999762
79826: 0.999762
79827: 0.999762
79828: 0.999762
79829: 0.999762
79830: 0.999762
79831: 0.999762
79832: 0.999762
79833: 0.999762
79834: 0.999762
79835: 0.999762
79836: 0.999762
79837: 0.999762
79838: 0.999762
79839: 0.999762
79840: 0.999762
79841: 0.999762
79842: 0.999762
79843: 0.999762
79844: 0.999762
79845: 0.999762
79846: 0.999762
79847: 0.999762
79848: 0.999762
79849: 0.999762
79850: 0.999762
79851: 0.999762
79852: 0.999762
79853: 0.999762
79854: 0.999762
79855: 0.999762
79856: 0.999762
79857: 0.999762
79858: 0.999762
79859: 0.999762
79860: 0.999762
79861: 0.999762
79862: 0.999762
79863: 0.999762
79864: 0.999762
79865: 0.999762
79866: 0.999762
79867: 0.999762
79868: 0.999762
79869: 0.999762
79870: 0.999762
79871: 0.999762
79872: 0.999762
79873: 0.999762
79874: 0.999762
79875: 0.999762
79876: 0.999762
79877: 0.999762
79878: 0.999762
79879: 0.999762
79880: 0.999762
79881: 0.999762
79882: 0.999762
79883: 0.999762
79884: 0.999762
79885: 0.999762
79886: 0.999762
79887: 0.999762
79888: 0.999762
79889: 0.999762
79890: 0.999762
79891: 0.999762
79892: 0.999762
79893: 0.999762
79894: 0.999762
79895: 0.999762
79896: 0.999762
79897: 0.999762
79898: 0.999762
79899: 0.999762
79900: 0.999762
79901: 0.999762
79902: 0.999762
79903: 0.999762
79904: 0.999762
79905: 0.999762
79906: 0.999762
79907: 0.999762
79908: 0.999762
79909: 0.999762
79910: 0.999762
79911: 0.999762
79912: 0.999762
79913: 0.999762
79914: 0.999762
79915: 0.999762
79916: 0.999762
79917: 0.999762
79918: 0.999762
79919: 0.999762
79920: 0.999762
79921: 0.999762
79922: 0.999762
79923: 0.999762
79924: 0.999762
79925: 0.999762
79926: 0.999762
79927: 0.999762
79928: 0.999762
79929: 0.999762
79930: 0.999762
79931: 0.999762
79932: 0.999762
79933: 0.999762
79934: 0.999762
79935: 0.999762
79936: 0.999762
79937: 0.999762
79938: 0.999762
79939: 0.999762
79940: 0.999762
79941: 0.999762
79942: 0.999762
79943: 0.999762
79944: 0.999762
79945: 0.999762
79946: 0.999762
79947: 0.999762
79948: 0.999762
79949: 0.999762
79950: 0.999762
79951: 0.999762
79952: 0.999762
79953: 0.999762
79954: 0.999762
79955: 0.999762
79956: 0.999762
79957: 0.999762
79958: 0.999762
79959: 0.999762
79960: 0.999762
79961: 0.999762
79962: 0.999762
79963: 0.999762
79964: 0.999762
79965: 0.999762
79966: 0.999762
79967: 0.999762
79968: 0.999762
79969: 0.999762
79970: 0.999762
79971: 0.999762
79972: 0.999762
79973: 0.999762
79974: 0.999762
79975: 0.999762
79976: 0.999762
79977: 0.999762
79978: 0.999762
79979: 0.999762
79980: 0.999762
79981: 0.999762
79982: 0.999762
79983: 0.999762
79984: 0.999762
79985: 0.999762
79986: 0.999762
79987: 0.999762
79988: 0.999762
79989: 0.999762
79990: 0.999762
79991: 0.999762
79992: 0.999762
79993: 0.999762
79994: 0.999762
79995: 0.999762
79996: 0.999762
79997: 0.999762
79998: 0.999762
79999: 0.999762
80000: 0.999763
80001: 0.999763
80002: 0.999763
80003: 0.999763
80004: 0.999763
80005: 0.999763
80006: 0.999763
80007: 0.999763
80008: 0.999763
80009: 0.999763
80010: 0.999763
80011: 0.999763
80012: 0.999763
80013: 0.999763
80014: 0.999763
80015: 0.999763
80016: 0.999763
80017: 0.999763
80018: 0.999763
80019: 0.999763
80020: 0.999763
80021: 0.999763
80022: 0.999763
80023: 0.999763
80024: 0.999763
80025: 0.999763
80026: 0.999763
80027: 0.999763
80028: 0.999763
80029: 0.999763
80030: 0.999763
80031: 0.999763
80032: 0.999763
80033: 0.999763
80034: 0.999763
80035: 0.999763
80036: 0.999763
80037: 0.999763
80038: 0.999763
80039: 0.999763
80040: 0.999763
80041: 0.999763
80042: 0.999763
80043: 0.999763
80044: 0.999763
80045: 0.999763
80046: 0.999763
80047: 0.999763
80048: 0.999763
80049: 0.999763
80050: 0.999763
80051: 0.999763
80052: 0.999763
80053: 0.999763
80054: 0.999763
80055: 0.999763
80056: 0.999763
80057: 0.999763
80058: 0.999763
80059: 0.999763
80060: 0.999763
80061: 0.999763
80062: 0.999763
80063: 0.999763
80064: 0.999763
80065: 0.999763
80066: 0.999763
80067: 0.999763
80068: 0.999763
80069: 0.999763
80070: 0.999763
80071: 0.999763
80072: 0.999763
80073: 0.999763
80074: 0.999763
80075: 0.999763
80076: 0.999763
80077: 0.999763
80078: 0.999763
80079: 0.999763
80080: 0.999763
80081: 0.999763
80082: 0.999763
80083: 0.999763
80084: 0.999763
80085: 0.999763
80086: 0.999763
80087: 0.999763
80088: 0.999763
80089: 0.999763
80090: 0.999763
80091: 0.999763
80092: 0.999763
80093: 0.999763
80094: 0.999763
80095: 0.999763
80096: 0.999763
80097: 0.999763
80098: 0.999763
80099: 0.999763
80100: 0.999763
80101: 0.999763
80102: 0.999763
80103: 0.999763
80104: 0.999763
80105: 0.999763
80106: 0.999763
80107: 0.999763
80108: 0.999763
80109: 0.999763
80110: 0.999763
80111: 0.999763
80112: 0.999763
80113: 0.999763
80114: 0.999763
80115: 0.999763
80116: 0.999763
80117: 0.999763
80118: 0.999763
80119: 0.999763
80120: 0.999763
80121: 0.999763
80122: 0.999763
80123: 0.999763
80124: 0.999763
80125: 0.999763
80126: 0.999763
80127: 0.999763
80128: 0.999763
80129: 0.999763
80130: 0.999763
80131: 0.999763
80132: 0.999763
80133: 0.999763
80134: 0.999763
80135: 0.999763
80136: 0.999763
80137: 0.999763
80138: 0.999763
80139: 0.999763
80140: 0.999763
80141: 0.999763
80142: 0.999763
80143: 0.999763
80144: 0.999763
80145: 0.999763
80146: 0.999763
80147: 0.999763
80148: 0.999763
80149: 0.999763
80150: 0.999763
80151: 0.999763
80152: 0.999763
80153: 0.999763
80154: 0.999763
80155: 0.999763
80156: 0.999763
80157: 0.999763
80158: 0.999763
80159: 0.999763
80160: 0.999763
80161: 0.999763
80162: 0.999763
80163: 0.999763
80164: 0.999763
80165: 0.999763
80166: 0.999763
80167: 0.999763
80168: 0.999763
80169: 0.999763
80170: 0.999763
80171: 0.999763
80172: 0.999763
80173: 0.999763
80174: 0.999763
80175: 0.999763
80176: 0.999763
80177: 0.999763
80178: 0.999763
80179: 0.999763
80180: 0.999763
80181: 0.999763
80182: 0.999763
80183: 0.999763
80184: 0.999763
80185: 0.999763
80186: 0.999763
80187: 0.999763
80188: 0.999763
80189: 0.999763
80190: 0.999763
80191: 0.999763
80192: 0.999763
80193: 0.999763
80194: 0.999763
80195: 0.999763
80196: 0.999763
80197: 0.999763
80198: 0.999763
80199: 0.999763
80200: 0.999763
80201: 0.999763
80202: 0.999763
80203: 0.999763
80204: 0.999763
80205: 0.999763
80206: 0.999763
80207: 0.999763
80208: 0.999763
80209: 0.999763
80210: 0.999763
80211: 0.999763
80212: 0.999763
80213: 0.999763
80214: 0.999763
80215: 0.999763
80216: 0.999763
80217: 0.999763
80218: 0.999763
80219: 0.999763
80220: 0.999763
80221: 0.999763
80222: 0.999763
80223: 0.999763
80224: 0.999763
80225: 0.999763
80226: 0.999763
80227: 0.999763
80228: 0.999763
80229: 0.999763
80230: 0.999763
80231: 0.999763
80232: 0.999763
80233: 0.999763
80234: 0.999763
80235: 0.999763
80236: 0.999763
80237: 0.999763
80238: 0.999763
80239: 0.999763
80240: 0.999763
80241: 0.999763
80242: 0.999763
80243: 0.999763
80244: 0.999763
80245: 0.999763
80246: 0.999763
80247: 0.999763
80248: 0.999763
80249: 0.999763
80250: 0.999763
80251: 0.999763
80252: 0.999763
80253: 0.999763
80254: 0.999763
80255: 0.999763
80256: 0.999763
80257: 0.999763
80258: 0.999763
80259: 0.999763
80260: 0.999763
80261: 0.999763
80262: 0.999763
80263: 0.999763
80264: 0.999763
80265: 0.999763
80266: 0.999763
80267: 0.999763
80268: 0.999763
80269: 0.999763
80270: 0.999763
80271: 0.999763
80272: 0.999763
80273: 0.999763
80274: 0.999763
80275: 0.999763
80276: 0.999763
80277: 0.999763
80278: 0.999763
80279: 0.999763
80280: 0.999763
80281: 0.999763
80282: 0.999763
80283: 0.999763
80284: 0.999763
80285: 0.999763
80286: 0.999763
80287: 0.999763
80288: 0.999763
80289: 0.999763
80290: 0.999763
80291: 0.999763
80292: 0.999763
80293: 0.999763
80294: 0.999763
80295: 0.999763
80296: 0.999763
80297: 0.999763
80298: 0.999763
80299: 0.999763
80300: 0.999763
80301: 0.999763
80302: 0.999763
80303: 0.999763
80304: 0.999763
80305: 0.999763
80306: 0.999763
80307: 0.999763
80308: 0.999763
80309: 0.999763
80310: 0.999763
80311: 0.999763
80312: 0.999763
80313: 0.999763
80314: 0.999763
80315: 0.999763
80316: 0.999763
80317: 0.999763
80318: 0.999763
80319: 0.999763
80320: 0.999763
80321: 0.999763
80322: 0.999763
80323: 0.999763
80324: 0.999763
80325: 0.999763
80326: 0.999763
80327: 0.999763
80328: 0.999763
80329: 0.999763
80330: 0.999763
80331: 0.999763
80332: 0.999763
80333: 0.999763
80334: 0.999763
80335: 0.999763
80336: 0.999763
80337: 0.999763
80338: 0.999764
80339: 0.999764
80340: 0.999764
80341: 0.999764
80342: 0.999764
80343: 0.999764
80344: 0.999764
80345: 0.999764
80346: 0.999764
80347: 0.999764
80348: 0.999764
80349: 0.999764
80350: 0.999764
80351: 0.999764
80352: 0.999764
80353: 0.999764
80354: 0.999764
80355: 0.999764
80356: 0.999764
80357: 0.999764
80358: 0.999764
80359: 0.999764
80360: 0.999764
80361: 0.999764
80362: 0.999764
80363: 0.999764
80364: 0.999764
80365: 0.999764
80366: 0.999764
80367: 0.999764
80368: 0.999764
80369: 0.999764
80370: 0.999764
80371: 0.999764
80372: 0.999764
80373: 0.999764
80374: 0.999764
80375: 0.999764
80376: 0.999764
80377: 0.999764
80378: 0.999764
80379: 0.999764
80380: 0.999764
80381: 0.999764
80382: 0.999764
80383: 0.999764
80384: 0.999764
80385: 0.999764
80386: 0.999764
80387: 0.999764
80388: 0.999764
80389: 0.999764
80390: 0.999764
80391: 0.999764
80392: 0.999764
80393: 0.999764
80394: 0.999764
80395: 0.999764
80396: 0.999764
80397: 0.999764
80398: 0.999764
80399: 0.999764
80400: 0.999764
80401: 0.999764
80402: 0.999764
80403: 0.999764
80404: 0.999764
80405: 0.999764
80406: 0.999764
80407: 0.999764
80408: 0.999764
80409: 0.999764
80410: 0.999764
80411: 0.999764
80412: 0.999764
80413: 0.999764
80414: 0.999764
80415: 0.999764
80416: 0.999764
80417: 0.999764
80418: 0.999764
80419: 0.999764
80420: 0.999764
80421: 0.999764
80422: 0.999764
80423: 0.999764
80424: 0.999764
80425: 0.999764
80426: 0.999764
80427: 0.999764
80428: 0.999764
80429: 0.999764
80430: 0.999764
80431: 0.999764
80432: 0.999764
80433: 0.999764
80434: 0.999764
80435: 0.999764
80436: 0.999764
80437: 0.999764
80438: 0.999764
80439: 0.999764
80440: 0.999764
80441: 0.999764
80442: 0.999764
80443: 0.999764
80444: 0.999764
80445: 0.999764
80446: 0.999764
80447: 0.999764
80448: 0.999764
80449: 0.999764
80450: 0.999764
80451: 0.999764
80452: 0.999764
80453: 0.999764
80454: 0.999764
80455: 0.999764
80456: 0.999764
80457: 0.999764
80458: 0.999764
80459: 0.999764
80460: 0.999764
80461: 0.999764
80462: 0.999764
80463: 0.999764
80464: 0.999764
80465: 0.999764
80466: 0.999764
80467: 0.999764
80468: 0.999764
80469: 0.999764
80470: 0.999764
80471: 0.999764
80472: 0.999764
80473: 0.999764
80474: 0.999764
80475: 0.999764
80476: 0.999764
80477: 0.999764
80478: 0.999764
80479: 0.999764
80480: 0.999764
80481: 0.999764
80482: 0.999764
80483: 0.999764
80484: 0.999764
80485: 0.999764
80486: 0.999764
80487: 0.999764
80488: 0.999764
80489: 0.999764
80490: 0.999764
80491: 0.999764
80492: 0.999764
80493: 0.999764
80494: 0.999764
80495: 0.999764
80496: 0.999764
80497: 0.999764
80498: 0.999764
80499: 0.999764
80500: 0.999764
80501: 0.999764
80502: 0.999764
80503: 0.999764
80504: 0.999764
80505: 0.999764
80506: 0.999764
80507: 0.999764
80508: 0.999764
80509: 0.999764
80510: 0.999764
80511: 0.999764
80512: 0.999764
80513: 0.999764
80514: 0.999764
80515: 0.999764
80516: 0.999764
80517: 0.999764
80518: 0.999764
80519: 0.999764
80520: 0.999764
80521: 0.999764
80522: 0.999764
80523: 0.999764
80524: 0.999764
80525: 0.999764
80526: 0.999764
80527: 0.999764
80528: 0.999764
80529: 0.999764
80530: 0.999764
80531: 0.999764
80532: 0.999764
80533: 0.999764
80534: 0.999764
80535: 0.999764
80536: 0.999764
80537: 0.999764
80538: 0.999764
80539: 0.999764
80540: 0.999764
80541: 0.999764
80542: 0.999764
80543: 0.999764
80544: 0.999764
80545: 0.999764
80546: 0.999764
80547: 0.999764
80548: 0.999764
80549: 0.999764
80550: 0.999764
80551: 0.999764
80552: 0.999764
80553: 0.999764
80554: 0.999764
80555: 0.999764
80556: 0.999764
80557: 0.999764
80558: 0.999764
80559: 0.999764
80560: 0.999764
80561: 0.999764
80562: 0.999764
80563: 0.999764
80564: 0.999764
80565: 0.999764
80566: 0.999764
80567: 0.999764
80568: 0.999764
80569: 0.999764
80570: 0.999764
80571: 0.999764
80572: 0.999764
80573: 0.999764
80574: 0.999764
80575: 0.999764
80576: 0.999764
80577: 0.999764
80578: 0.999764
80579: 0.999764
80580: 0.999764
80581: 0.999764
80582: 0.999764
80583: 0.999764
80584: 0.999764
80585: 0.999764
80586: 0.999764
80587: 0.999764
80588: 0.999764
80589: 0.999764
80590: 0.999764
80591: 0.999764
80592: 0.999764
80593: 0.999764
80594: 0.999764
80595: 0.999764
80596: 0.999764
80597: 0.999764
80598: 0.999764
80599: 0.999764
80600: 0.999764
80601: 0.999764
80602: 0.999764
80603: 0.999764
80604: 0.999764
80605: 0.999764
80606: 0.999764
80607: 0.999764
80608: 0.999764
80609: 0.999764
80610: 0.999764
80611: 0.999764
80612: 0.999764
80613: 0.999764
80614: 0.999764
80615: 0.999764
80616: 0.999764
80617: 0.999764
80618: 0.999764
80619: 0.999764
80620: 0.999764
80621: 0.999764
80622: 0.999764
80623: 0.999764
80624: 0.999764
80625: 0.999764
80626: 0.999764
80627: 0.999764
80628: 0.999764
80629: 0.999764
80630: 0.999764
80631: 0.999764
80632: 0.999764
80633: 0.999764
80634: 0.999764
80635: 0.999764
80636: 0.999764
80637: 0.999764
80638: 0.999764
80639: 0.999764
80640: 0.999764
80641: 0.999764
80642: 0.999764
80643: 0.999764
80644: 0.999764
80645: 0.999764
80646: 0.999764
80647: 0.999764
80648: 0.999764
80649: 0.999764
80650: 0.999764
80651: 0.999764
80652: 0.999764
80653: 0.999764
80654: 0.999764
80655: 0.999764
80656: 0.999764
80657: 0.999764
80658: 0.999764
80659: 0.999764
80660: 0.999764
80661: 0.999764
80662: 0.999764
80663: 0.999764
80664: 0.999764
80665: 0.999764
80666: 0.999764
80667: 0.999764
80668: 0.999764
80669: 0.999764
80670: 0.999764
80671: 0.999764
80672: 0.999764
80673: 0.999764
80674: 0.999764
80675: 0.999764
80676: 0.999764
80677: 0.999764
80678: 0.999764
80679: 0.999765
80680: 0.999765
80681: 0.999765
80682: 0.999765
80683: 0.999765
80684: 0.999765
80685: 0.999765
80686: 0.999765
80687: 0.999765
80688: 0.999765
80689: 0.999765
80690: 0.999765
80691: 0.999765
80692: 0.999765
80693: 0.999765
80694: 0.999765
80695: 0.999765
80696: 0.999765
80697: 0.999765
80698: 0.999765
80699: 0.999765
80700: 0.999765
80701: 0.999765
80702: 0.999765
80703: 0.999765
80704: 0.999765
80705: 0.999765
80706: 0.999765
80707: 0.999765
80708: 0.999765
80709: 0.999765
80710: 0.999765
80711: 0.999765
80712: 0.999765
80713: 0.999765
80714: 0.999765
80715: 0.999765
80716: 0.999765
80717: 0.999765
80718: 0.999765
80719: 0.999765
80720: 0.999765
80721: 0.999765
80722: 0.999765
80723: 0.999765
80724: 0.999765
80725: 0.999765
80726: 0.999765
80727: 0.999765
80728: 0.999765
80729: 0.999765
80730: 0.999765
80731: 0.999765
80732: 0.999765
80733: 0.999765
80734: 0.999765
80735: 0.999765
80736: 0.999765
80737: 0.999765
80738: 0.999765
80739: 0.999765
80740: 0.999765
80741: 0.999765
80742: 0.999765
80743: 0.999765
80744: 0.999765
80745: 0.999765
80746: 0.999765
80747: 0.999765
80748: 0.999765
80749: 0.999765
80750: 0.999765
80751: 0.999765
80752: 0.999765
80753: 0.999765
80754: 0.999765
80755: 0.999765
80756: 0.999765
80757: 0.999765
80758: 0.999765
80759: 0.999765
80760: 0.999765
80761: 0.999765
80762: 0.999765
80763: 0.999765
80764: 0.999765
80765: 0.999765
80766: 0.999765
80767: 0.999765
80768: 0.999765
80769: 0.999765
80770: 0.999765
80771: 0.999765
80772: 0.999765
80773: 0.999765
80774: 0.999765
80775: 0.999765
80776: 0.999765
80777: 0.999765
80778: 0.999765
80779: 0.999765
80780: 0.999765
80781: 0.999765
80782: 0.999765
80783: 0.999765
80784: 0.999765
80785: 0.999765
80786: 0.999765
80787: 0.999765
80788: 0.999765
80789: 0.999765
80790: 0.999765
80791: 0.999765
80792: 0.999765
80793: 0.999765
80794: 0.999765
80795: 0.999765
80796: 0.999765
80797: 0.999765
80798: 0.999765
80799: 0.999765
80800: 0.999765
80801: 0.999765
80802: 0.999765
80803: 0.999765
80804: 0.999765
80805: 0.999765
80806: 0.999765
80807: 0.999765
80808: 0.999765
80809: 0.999765
80810: 0.999765
80811: 0.999765
80812: 0.999765
80813: 0.999765
80814: 0.999765
80815: 0.999765
80816: 0.999765
80817: 0.999765
80818: 0.999765
80819: 0.999765
80820: 0.999765
80821: 0.999765
80822: 0.999765
80823: 0.999765
80824: 0.999765
80825: 0.999765
80826: 0.999765
80827: 0.999765
80828: 0.999765
80829: 0.999765
80830: 0.999765
80831: 0.999765
80832: 0.999765
80833: 0.999765
80834: 0.999765
80835: 0.999765
80836: 0.999765
80837: 0.999765
80838: 0.999765
80839: 0.999765
80840: 0.999765
80841: 0.999765
80842: 0.999765
80843: 0.999765
80844: 0.999765
80845: 0.999765
80846: 0.999765
80847: 0.999765
80848: 0.999765
80849: 0.999765
80850: 0.999765
80851: 0.999765
80852: 0.999765
80853: 0.999765
80854: 0.999765
80855: 0.999765
80856: 0.999765
80857: 0.999765
80858: 0.999765
80859: 0.999765
80860: 0.999765
80861: 0.999765
80862: 0.999765
80863: 0.999765
80864: 0.999765
80865: 0.999765
80866: 0.999765
80867: 0.999765
80868: 0.999765
80869: 0.999765
80870: 0.999765
80871: 0.999765
80872: 0.999765
80873: 0.999765
80874: 0.999765
80875: 0.999765
80876: 0.999765
80877: 0.999765
80878: 0.999765
80879: 0.999765
80880: 0.999765
80881: 0.999765
80882: 0.999765
80883: 0.999765
80884: 0.999765
80885: 0.999765
80886: 0.999765
80887: 0.999765
80888: 0.999765
80889: 0.999765
80890: 0.999765
80891: 0.999765
80892: 0.999765
80893: 0.999765
80894: 0.999765
80895: 0.999765
80896: 0.999765
80897: 0.999765
80898: 0.999765
80899: 0.999765
80900: 0.999765
80901: 0.999765
80902: 0.999765
80903: 0.999765
80904: 0.999765
80905: 0.999765
80906: 0.999765
80907: 0.999765
80908: 0.999765
80909: 0.999765
80910: 0.999765
80911: 0.999765
80912: 0.999765
80913: 0.999765
80914: 0.999765
80915: 0.999765
80916: 0.999765
80917: 0.999765
80918: 0.999765
80919: 0.999765
80920: 0.999765
80921: 0.999765
80922: 0.999765
80923: 0.999765
80924: 0.999765
80925: 0.999765
80926: 0.999765
80927: 0.999765
80928: 0.999765
80929: 0.999765
80930: 0.999765
80931: 0.999765
80932: 0.999765
80933: 0.999765
80934: 0.999765
80935: 0.999765
80936: 0.999765
80937: 0.999765
80938: 0.999765
80939: 0.999765
80940: 0.999765
80941: 0.999765
80942: 0.999765
80943: 0.999765
80944: 0.999765
80945: 0.999765
80946: 0.999765
80947: 0.999765
80948: 0.999765
80949: 0.999765
80950: 0.999765
80951: 0.999765
80952: 0.999765
80953: 0.999765
80954: 0.999765
80955: 0.999765
80956: 0.999765
80957: 0.999765
80958: 0.999765
80959: 0.999765
80960: 0.999765
80961: 0.999765
80962: 0.999765
80963: 0.999765
80964: 0.999765
80965: 0.999765
80966: 0.999765
80967: 0.999765
80968: 0.999765
80969: 0.999765
80970: 0.999765
80971: 0.999765
80972: 0.999765
80973: 0.999765
80974: 0.999765
80975: 0.999765
80976: 0.999765
80977: 0.999765
80978: 0.999765
80979: 0.999765
80980: 0.999765
80981: 0.999765
80982: 0.999765
80983: 0.999765
80984: 0.999765
80985: 0.999765
80986: 0.999765
80987: 0.999765
80988: 0.999765
80989: 0.999765
80990: 0.999765
80991: 0.999765
80992: 0.999765
80993: 0.999765
80994: 0.999765
80995: 0.999765
80996: 0.999765
80997: 0.999765
80998: 0.999765
80999: 0.999765
81000: 0.999765
81001: 0.999765
81002: 0.999765
81003: 0.999765
81004: 0.999765
81005: 0.999765
81006: 0.999765
81007: 0.999765
81008: 0.999765
81009: 0.999765
81010: 0.999765
81011: 0.999765
81012: 0.999765
81013: 0.999765
81014: 0.999765
81015: 0.999765
81016: 0.999765
81017: 0.999765
81018: 0.999765
81019: 0.999765
81020: 0.999765
81021: 0.999765
81022: 0.999765
81023: 0.999766
81024: 0.999766
81025: 0.999766
81026: 0.999766
81027: 0.999766
81028: 0.999766
81029: 0.999766
81030: 0.999766
81031: 0.999766
81032: 0.999766
81033: 0.999766
81034: 0.999766
81035: 0.999766
81036: 0.999766
81037: 0.999766
81038: 0.999766
81039: 0.999766
81040: 0.999766
81041: 0.999766
81042: 0.999766
81043: 0.999766
81044: 0.999766
81045: 0.999766
81046: 0.999766
81047: 0.999766
81048: 0.999766
81049: 0.999766
81050: 0.999766
81051: 0.999766
81052: 0.999766
81053: 0.999766
81054: 0.999766
81055: 0.999766
81056: 0.999766
81057: 0.999766
81058: 0.999766
81059: 0.999766
81060: 0.999766
81061: 0.999766
81062: 0.999766
81063: 0.999766
81064: 0.999766
81065: 0.999766
81066: 0.999766
81067: 0.999766
81068: 0.999766
81069: 0.999766
81070: 0.999766
81071: 0.999766
81072: 0.999766
81073: 0.999766
81074: 0.999766
81075: 0.999766
81076: 0.999766
81077: 0.999766
81078: 0.999766
81079: 0.999766
81080: 0.999766
81081: 0.999766
81082: 0.999766
81083: 0.999766
81084: 0.999766
81085: 0.999766
81086: 0.999766
81087: 0.999766
81088: 0.999766
81089: 0.999766
81090: 0.999766
81091: 0.999766
81092: 0.999766
81093: 0.999766
81094: 0.999766
81095: 0.999766
81096: 0.999766
81097: 0.999766
81098: 0.999766
81099: 0.999766
81100: 0.999766
81101: 0.999766
81102: 0.999766
81103: 0.999766
81104: 0.999766
81105: 0.999766
81106: 0.999766
81107: 0.999766
81108: 0.999766
81109: 0.999766
81110: 0.999766
81111: 0.999766
81112: 0.999766
81113: 0.999766
81114: 0.999766
81115: 0.999766
81116: 0.999766
81117: 0.999766
81118: 0.999766
81119: 0.999766
81120: 0.999766
81121: 0.999766
81122: 0.999766
81123: 0.999766
81124: 0.999766
81125: 0.999766
81126: 0.999766
81127: 0.999766
81128: 0.999766
81129: 0.999766
81130: 0.999766
81131: 0.999766
81132: 0.999766
81133: 0.999766
81134: 0.999766
81135: 0.999766
81136: 0.999766
81137: 0.999766
81138: 0.999766
81139: 0.999766
81140: 0.999766
81141: 0.999766
81142: 0.999766
81143: 0.999766
81144: 0.999766
81145: 0.999766
81146: 0.999766
81147: 0.999766
81148: 0.999766
81149: 0.999766
81150: 0.999766
81151: 0.999766
81152: 0.999766
81153: 0.999766
81154: 0.999766
81155: 0.999766
81156: 0.999766
81157: 0.999766
81158: 0.999766
81159: 0.999766
81160: 0.999766
81161: 0.999766
81162: 0.999766
81163: 0.999766
81164: 0.999766
81165: 0.999766
81166: 0.999766
81167: 0.999766
81168: 0.999766
81169: 0.999766
81170: 0.999766
81171: 0.999766
81172: 0.999766
81173: 0.999766
81174: 0.999766
81175: 0.999766
81176: 0.999766
81177: 0.999766
81178: 0.999766
81179: 0.999766
81180: 0.999766
81181: 0.999766
81182: 0.999766
81183: 0.999766
81184: 0.999766
81185: 0.999766
81186: 0.999766
81187: 0.999766
81188: 0.999766
81189: 0.999766
81190: 0.999766
81191: 0.999766
81192: 0.999766
81193: 0.999766
81194: 0.999766
81195: 0.999766
81196: 0.999766
81197: 0.999766
81198: 0.999766
81199: 0.999766
81200: 0.999766
81201: 0.999766
81202: 0.999766
81203: 0.999766
81204: 0.999766
81205: 0.999766
81206: 0.999766
81207: 0.999766
81208: 0.999766
81209: 0.999766
81210: 0.999766
81211: 0.999766
81212: 0.999766
81213: 0.999766
81214: 0.999766
81215: 0.999766
81216: 0.999766
81217: 0.999766
81218: 0.999766
81219: 0.999766
81220: 0.999766
81221: 0.999766
81222: 0.999766
81223: 0.999766
81224: 0.999766
81225: 0.999766
81226: 0.999766
81227: 0.999766
81228: 0.999766
81229: 0.999766
81230: 0.999766
81231: 0.999766
81232: 0.999766
81233: 0.999766
81234: 0.999766
81235: 0.999766
81236: 0.999766
81237: 0.999766
81238: 0.999766
81239: 0.999766
81240: 0.999766
81241: 0.999766
81242: 0.999766
81243: 0.999766
81244: 0.999766
81245: 0.999766
81246: 0.999766
81247: 0.999766
81248: 0.999766
81249: 0.999766
81250: 0.999766
81251: 0.999766
81252: 0.999766
81253: 0.999766
81254: 0.999766
81255: 0.999766
81256: 0.999766
81257: 0.999766
81258: 0.999766
81259: 0.999766
81260: 0.999766
81261: 0.999766
81262: 0.999766
81263: 0.999766
81264: 0.999766
81265: 0.999766
81266: 0.999766
81267: 0.999766
81268: 0.999766
81269: 0.999766
81270: 0.999766
81271: 0.999766
81272: 0.999766
81273: 0.999766
81274: 0.999766
81275: 0.999766
81276: 0.999766
81277: 0.999766
81278: 0.999766
81279: 0.999766
81280: 0.999766
81281: 0.999766
81282: 0.999766
81283: 0.999766
81284: 0.999766
81285: 0.999766
81286: 0.999766
81287: 0.999766
81288: 0.999766
81289: 0.999766
81290: 0.999766
81291: 0.999766
81292: 0.999766
81293: 0.999766
81294: 0.999766
81295: 0.999766
81296: 0.999766
81297: 0.999766
81298: 0.999766
81299: 0.999766
81300: 0.999766
81301: 0.999766
81302: 0.999766
81303: 0.999766
81304: 0.999766
81305: 0.999766
81306: 0.999766
81307: 0.999766
81308: 0.999766
81309: 0.999766
81310: 0.999766
81311: 0.999766
81312: 0.999766
81313: 0.999766
81314: 0.999766
81315: 0.999766
81316: 0.999766
81317: 0.999766
81318: 0.999766
81319: 0.999766
81320: 0.999766
81321: 0.999766
81322: 0.999766
81323: 0.999766
81324: 0.999766
81325: 0.999766
81326: 0.999766
81327: 0.999766
81328: 0.999766
81329: 0.999766
81330: 0.999766
81331: 0.999766
81332: 0.999766
81333: 0.999766
81334: 0.999766
81335: 0.999766
81336: 0.999766
81337: 0.999766
81338: 0.999766
81339: 0.999766
81340: 0.999766
81341: 0.999766
81342: 0.999766
81343: 0.999766
81344: 0.999766
81345: 0.999766
81346: 0.999766
81347: 0.999766
81348: 0.999766
81349: 0.999766
81350: 0.999766
81351: 0.999766
81352: 0.999766
81353: 0.999766
81354: 0.999766
81355: 0.999766
81356: 0.999766
81357: 0.999766
81358: 0.999766
81359: 0.999766
81360: 0.999766
81361: 0.999766
81362: 0.999766
81363: 0.999766
81364: 0.999766
81365: 0.999766
81366: 0.999766
81367: 0.999766
81368: 0.999766
81369: 0.999766
81370: 0.999767
81371: 0.999767
81372: 0.999767
81373: 0.999767
81374: 0.999767
81375: 0.999767
81376: 0.999767
81377: 0.999767
81378: 0.999767
81379: 0.999767
81380: 0.999767
81381: 0.999767
81382: 0.999767
81383: 0.999767
81384: 0.999767
81385: 0.999767
81386: 0.999767
81387: 0.999767
81388: 0.999767
81389: 0.999767
81390: 0.999767
81391: 0.999767
81392: 0.999767
81393: 0.999767
81394: 0.999767
81395: 0.999767
81396: 0.999767
81397: 0.999767
81398: 0.999767
81399: 0.999767
81400: 0.999767
81401: 0.999767
81402: 0.999767
81403: 0.999767
81404: 0.999767
81405: 0.999767
81406: 0.999767
81407: 0.999767
81408: 0.999767
81409: 0.999767
81410: 0.999767
81411: 0.999767
81412: 0.999767
81413: 0.999767
81414: 0.999767
81415: 0.999767
81416: 0.999767
81417: 0.999767
81418: 0.999767
81419: 0.999767
81420: 0.999767
81421: 0.999767
81422: 0.999767
81423: 0.999767
81424: 0.999767
81425: 0.999767
81426: 0.999767
81427: 0.999767
81428: 0.999767
81429: 0.999767
81430: 0.999767
81431: 0.999767
81432: 0.999767
81433: 0.999767
81434: 0.999767
81435: 0.999767
81436: 0.999767
81437: 0.999767
81438: 0.999767
81439: 0.999767
81440: 0.999767
81441: 0.999767
81442: 0.999767
81443: 0.999767
81444: 0.999767
81445: 0.999767
81446: 0.999767
81447: 0.999767
81448: 0.999767
81449: 0.999767
81450: 0.999767
81451: 0.999767
81452: 0.999767
81453: 0.999767
81454: 0.999767
81455: 0.999767
81456: 0.999767
81457: 0.999767
81458: 0.999767
81459: 0.999767
81460: 0.999767
81461: 0.999767
81462: 0.999767
81463: 0.999767
81464: 0.999767
81465: 0.999767
81466: 0.999767
81467: 0.999767
81468: 0.999767
81469: 0.999767
81470: 0.999767
81471: 0.999767
81472: 0.999767
81473: 0.999767
81474: 0.999767
81475: 0.999767
81476: 0.999767
81477: 0.999767
81478: 0.999767
81479: 0.999767
81480: 0.999767
81481: 0.999767
81482: 0.999767
81483: 0.999767
81484: 0.999767
81485: 0.999767
81486: 0.999767
81487: 0.999767
81488: 0.999767
81489: 0.999767
81490: 0.999767
81491: 0.999767
81492: 0.999767
81493: 0.999767
81494: 0.999767
81495: 0.999767
81496: 0.999767
81497: 0.999767
81498: 0.999767
81499: 0.999767
81500: 0.999767
81501: 0.999767
81502: 0.999767
81503: 0.999767
81504: 0.999767
81505: 0.999767
81506: 0.999767
81507: 0.999767
81508: 0.999767
81509: 0.999767
81510: 0.999767
81511: 0.999767
81512: 0.999767
81513: 0.999767
81514: 0.999767
81515: 0.999767
81516: 0.999767
81517: 0.999767
81518: 0.999767
81519: 0.999767
81520: 0.999767
81521: 0.999767
81522: 0.999767
81523: 0.999767
81524: 0.999767
81525: 0.999767
81526: 0.999767
81527: 0.999767
81528: 0.999767
81529: 0.999767
81530: 0.999767
81531: 0.999767
81532: 0.999767
81533: 0.999767
81534: 0.999767
81535: 0.999767
81536: 0.999767
81537: 0.999767
81538: 0.999767
81539: 0.999767
81540: 0.999767
81541: 0.999767
81542: 0.999767
81543: 0.999767
81544: 0.999767
81545: 0.999767
81546: 0.999767
81547: 0.999767
81548: 0.999767
81549: 0.999767
81550: 0.999767
81551: 0.999767
81552: 0.999767
81553: 0.999767
81554: 0.999767
81555: 0.999767
81556: 0.999767
81557: 0.999767
81558: 0.999767
81559: 0.999767
81560: 0.999767
81561: 0.999767
81562: 0.999767
81563: 0.999767
81564: 0.999767
81565: 0.999767
81566: 0.999767
81567: 0.999767
81568: 0.999767
81569: 0.999767
81570: 0.999767
81571: 0.999767
81572: 0.999767
81573: 0.999767
81574: 0.999767
81575: 0.999767
81576: 0.999767
81577: 0.999767
81578: 0.999767
81579: 0.999767
81580: 0.999767
81581: 0.999767
81582: 0.999767
81583: 0.999767
81584: 0.999767
81585: 0.999767
81586: 0.999767
81587: 0.999767
81588: 0.999767
81589: 0.999767
81590: 0.999767
81591: 0.999767
81592: 0.999767
81593: 0.999767
81594: 0.999767
81595: 0.999767
81596: 0.999767
81597: 0.999767
81598: 0.999767
81599: 0.999767
81600: 0.999767
81601: 0.999767
81602: 0.999767
81603: 0.999767
81604: 0.999767
81605: 0.999767
81606: 0.999767
81607: 0.999767
81608: 0.999767
81609: 0.999767
81610: 0.999767
81611: 0.999767
81612: 0.999767
81613: 0.999767
81614: 0.999767
81615: 0.999767
81616: 0.999767
81617: 0.999767
81618: 0.999767
81619: 0.999767
81620: 0.999767
81621: 0.999767
81622: 0.999767
81623: 0.999767
81624: 0.999767
81625: 0.999767
81626: 0.999767
81627: 0.999767
81628: 0.999767
81629: 0.999767
81630: 0.999767
81631: 0.999767
81632: 0.999767
81633: 0.999767
81634: 0.999767
81635: 0.999767
81636: 0.999767
81637: 0.999767
81638: 0.999767
81639: 0.999767
81640: 0.999767
81641: 0.999767
81642: 0.999767
81643: 0.999767
81644: 0.999767
81645: 0.999767
81646: 0.999767
81647: 0.999767
81648: 0.999767
81649: 0.999767
81650: 0.999767
81651: 0.999767
81652: 0.999767
81653: 0.999767
81654: 0.999767
81655: 0.999767
81656: 0.999767
81657: 0.999767
81658: 0.999767
81659: 0.999767
81660: 0.999767
81661: 0.999767
81662: 0.999767
81663: 0.999767
81664: 0.999767
81665: 0.999767
81666: 0.999767
81667: 0.999767
81668: 0.999767
81669: 0.999767
81670: 0.999767
81671: 0.999767
81672: 0.999767
81673: 0.999767
81674: 0.999767
81675: 0.999767
81676: 0.999767
81677: 0.999767
81678: 0.999767
81679: 0.999767
81680: 0.999767
81681: 0.999767
81682: 0.999767
81683: 0.999767
81684: 0.999767
81685: 0.999767
81686: 0.999767
81687: 0.999767
81688: 0.999767
81689: 0.999767
81690: 0.999767
81691: 0.999767
81692: 0.999767
81693: 0.999767
81694: 0.999767
81695: 0.999767
81696: 0.999767
81697: 0.999767
81698: 0.999767
81699: 0.999767
81700: 0.999767
81701: 0.999767
81702: 0.999767
81703: 0.999767
81704: 0.999767
81705: 0.999767
81706: 0.999767
81707: 0.999767
81708: 0.999767
81709: 0.999767
81710: 0.999767
81711: 0.999767
81712: 0.999767
81713: 0.999767
81714: 0.999767
81715: 0.999767
81716: 0.999767
81717: 0.999767
81718: 0.999767
81719: 0.999767
81720: 0.999768
81721: 0.999768
81722: 0.999768
81723: 0.999768
81724: 0.999768
81725: 0.999768
81726: 0.999768
81727: 0.999768
81728: 0.999768
81729: 0.999768
81730: 0.999768
81731: 0.999768
81732: 0.999768
81733: 0.999768
81734: 0.999768
81735: 0.999768
81736: 0.999768
81737: 0.999768
81738: 0.999768
81739: 0.999768
81740: 0.999768
81741: 0.999768
81742: 0.999768
81743: 0.999768
81744: 0.999768
81745: 0.999768
81746: 0.999768
81747: 0.999768
81748: 0.999768
81749: 0.999768
81750: 0.999768
81751: 0.999768
81752: 0.999768
81753: 0.999768
81754: 0.999768
81755: 0.999768
81756: 0.999768
81757: 0.999768
81758: 0.999768
81759: 0.999768
81760: 0.999768
81761: 0.999768
81762: 0.999768
81763: 0.999768
81764: 0.999768
81765: 0.999768
81766: 0.999768
81767: 0.999768
81768: 0.999768
81769: 0.999768
81770: 0.999768
81771: 0.999768
81772: 0.999768
81773: 0.999768
81774: 0.999768
81775: 0.999768
81776: 0.999768
81777: 0.999768
81778: 0.999768
81779: 0.999768
81780: 0.999768
81781: 0.999768
81782: 0.999768
81783: 0.999768
81784: 0.999768
81785: 0.999768
81786: 0.999768
81787: 0.999768
81788: 0.999768
81789: 0.999768
81790: 0.999768
81791: 0.999768
81792: 0.999768
81793: 0.999768
81794: 0.999768
81795: 0.999768
81796: 0.999768
81797: 0.999768
81798: 0.999768
81799: 0.999768
81800: 0.999768
81801: 0.999768
81802: 0.999768
81803: 0.999768
81804: 0.999768
81805: 0.999768
81806: 0.999768
81807: 0.999768
81808: 0.999768
81809: 0.999768
81810: 0.999768
81811: 0.999768
81812: 0.999768
81813: 0.999768
81814: 0.999768
81815: 0.999768
81816: 0.999768
81817: 0.999768
81818: 0.999768
81819: 0.999768
81820: 0.999768
81821: 0.999768
81822: 0.999768
81823: 0.999768
81824: 0.999768
81825: 0.999768
81826: 0.999768
81827: 0.999768
81828: 0.999768
81829: 0.999768
81830: 0.999768
81831: 0.999768
81832: 0.999768
81833: 0.999768
81834: 0.999768
81835: 0.999768
81836: 0.999768
81837: 0.999768
81838: 0.999768
81839: 0.999768
81840: 0.999768
81841: 0.999768
81842: 0.999768
81843: 0.999768
81844: 0.999768
81845: 0.999768
81846: 0.999768
81847: 0.999768
81848: 0.999768
81849: 0.999768
81850: 0.999768
81851: 0.999768
81852: 0.999768
81853: 0.999768
81854: 0.999768
81855: 0.999768
81856: 0.999768
81857: 0.999768
81858: 0.999768
81859: 0.999768
81860: 0.999768
81861: 0.999768
81862: 0.999768
81863: 0.999768
81864: 0.999768
81865: 0.999768
81866: 0.999768
81867: 0.999768
81868: 0.999768
81869: 0.999768
81870: 0.999768
81871: 0.999768
81872: 0.999768
81873: 0.999768
81874: 0.999768
81875: 0.999768
81876: 0.999768
81877: 0.999768
81878: 0.999768
81879: 0.999768
81880: 0.999768
81881: 0.999768
81882: 0.999768
81883: 0.999768
81884: 0.999768
81885: 0.999768
81886: 0.999768
81887: 0.999768
81888: 0.999768
81889: 0.999768
81890: 0.999768
81891: 0.999768
81892: 0.999768
81893: 0.999768
81894: 0.999768
81895: 0.999768
81896: 0.999768
81897: 0.999768
81898: 0.999768
81899: 0.999768
81900: 0.999768
81901: 0.999768
81902: 0.999768
81903: 0.999768
81904: 0.999768
81905: 0.999768
81906: 0.999768
81907: 0.999768
81908: 0.999768
81909: 0.999768
81910: 0.999768
81911: 0.999768
81912: 0.999768
81913: 0.999768
81914: 0.999768
81915: 0.999768
81916: 0.999768
81917: 0.999768
81918: 0.999768
81919: 0.999768
81920: 0.999768
81921: 0.999768
81922: 0.999768
81923: 0.999768
81924: 0.999768
81925: 0.999768
81926: 0.999768
81927: 0.999768
81928: 0.999768
81929: 0.999768
81930: 0.999768
81931: 0.999768
81932: 0.999768
81933: 0.999768
81934: 0.999768
81935: 0.999768
81936: 0.999768
81937: 0.999768
81938: 0.999768
81939: 0.999768
81940: 0.999768
81941: 0.999768
81942: 0.999768
81943: 0.999768
81944: 0.999768
81945: 0.999768
81946: 0.999768
81947: 0.999768
81948: 0.999768
81949: 0.999768
81950: 0.999768
81951: 0.999768
81952: 0.999768
81953: 0.999768
81954: 0.999768
81955: 0.999768
81956: 0.999768
81957: 0.999768
81958: 0.999768
81959: 0.999768
81960: 0.999768
81961: 0.999768
81962: 0.999768
81963: 0.999768
81964: 0.999768
81965: 0.999768
81966: 0.999768
81967: 0.999768
81968: 0.999768
81969: 0.999768
81970: 0.999768
81971: 0.999768
81972: 0.999768
81973: 0.999768
81974: 0.999768
81975: 0.999768
81976: 0.999768
81977: 0.999768
81978: 0.999768
81979: 0.999768
81980: 0.999768
81981: 0.999768
81982: 0.999768
81983: 0.999768
81984: 0.999768
81985: 0.999768
81986: 0.999768
81987: 0.999768
81988: 0.999768
81989: 0.999768
81990: 0.999768
81991: 0.999768
81992: 0.999768
81993: 0.999768
81994: 0.999768
81995: 0.999768
81996: 0.999768
81997: 0.999768
81998: 0.999768
81999: 0.999768
82000: 0.999768
82001: 0.999768
82002: 0.999768
82003: 0.999768
82004: 0.999768
82005: 0.999768
82006: 0.999768
82007: 0.999768
82008: 0.999768
82009: 0.999768
82010: 0.999768
82011: 0.999768
82012: 0.999768
82013: 0.999768
82014: 0.999768
82015: 0.999768
82016: 0.999768
82017: 0.999768
82018: 0.999768
82019: 0.999768
82020: 0.999768
82021: 0.999768
82022: 0.999768
82023: 0.999768
82024: 0.999768
82025: 0.999768
82026: 0.999768
82027: 0.999768
82028: 0.999768
82029: 0.999768
82030: 0.999768
82031: 0.999768
82032: 0.999768
82033: 0.999768
82034: 0.999768
82035: 0.999768
82036: 0.999768
82037: 0.999768
82038: 0.999768
82039: 0.999768
82040: 0.999768
82041: 0.999768
82042: 0.999768
82043: 0.999768
82044: 0.999768
82045: 0.999768
82046: 0.999768
82047: 0.999768
82048: 0.999768
82049: 0.999768
82050: 0.999768
82051: 0.999768
82052: 0.999768
82053: 0.999768
82054: 0.999768
82055: 0.999768
82056: 0.999768
82057: 0.999768
82058: 0.999768
82059: 0.999768
82060: 0.999768
82061: 0.999768
82062: 0.999768
82063: 0.999768
82064: 0.999768
82065: 0.999768
82066: 0.999768
82067: 0.999768
82068: 0.999768
82069: 0.999768
82070: 0.999768
82071: 0.999768
82072: 0.999768
82073: 0.999769
82074: 0.999769
82075: 0.999769
82076: 0.999769
82077: 0.999769
82078: 0.999769
82079: 0.999769
82080: 0.999769
82081: 0.999769
82082: 0.999769
82083: 0.999769
82084: 0.999769
82085: 0.999769
82086: 0.999769
82087: 0.999769
82088: 0.999769
82089: 0.999769
82090: 0.999769
82091: 0.999769
82092: 0.999769
82093: 0.999769
82094: 0.999769
82095: 0.999769
82096: 0.999769
82097: 0.999769
82098: 0.999769
82099: 0.999769
82100: 0.999769
82101: 0.999769
82102: 0.999769
82103: 0.999769
82104: 0.999769
82105: 0.999769
82106: 0.999769
82107: 0.999769
82108: 0.999769
82109: 0.999769
82110: 0.999769
82111: 0.999769
82112: 0.999769
82113: 0.999769
82114: 0.999769
82115: 0.999769
82116: 0.999769
82117: 0.999769
82118: 0.999769
82119: 0.999769
82120: 0.999769
82121: 0.999769
82122: 0.999769
82123: 0.999769
82124: 0.999769
82125: 0.999769
82126: 0.999769
82127: 0.999769
82128: 0.999769
82129: 0.999769
82130: 0.999769
82131: 0.999769
82132: 0.999769
82133: 0.999769
82134: 0.999769
82135: 0.999769
82136: 0.999769
82137: 0.999769
82138: 0.999769
82139: 0.999769
82140: 0.999769
82141: 0.999769
82142: 0.999769
82143: 0.999769
82144: 0.999769
82145: 0.999769
82146: 0.999769
82147: 0.999769
82148: 0.999769
82149: 0.999769
82150: 0.999769
82151: 0.999769
82152: 0.999769
82153: 0.999769
82154: 0.999769
82155: 0.999769
82156: 0.999769
82157: 0.999769
82158: 0.999769
82159: 0.999769
82160: 0.999769
82161: 0.999769
82162: 0.999769
82163: 0.999769
82164: 0.999769
82165: 0.999769
82166: 0.999769
82167: 0.999769
82168: 0.999769
82169: 0.999769
82170: 0.999769
82171: 0.999769
82172: 0.999769
82173: 0.999769
82174: 0.999769
82175: 0.999769
82176: 0.999769
82177: 0.999769
82178: 0.999769
82179: 0.999769
82180: 0.999769
82181: 0.999769
82182: 0.999769
82183: 0.999769
82184: 0.999769
82185: 0.999769
82186: 0.999769
82187: 0.999769
82188: 0.999769
82189: 0.999769
82190: 0.999769
82191: 0.999769
82192: 0.999769
82193: 0.999769
82194: 0.999769
82195: 0.999769
82196: 0.999769
82197: 0.999769
82198: 0.999769
82199: 0.999769
82200: 0.999769
82201: 0.999769
82202: 0.999769
82203: 0.999769
82204: 0.999769
82205: 0.999769
82206: 0.999769
82207: 0.999769
82208: 0.999769
82209: 0.999769
82210: 0.999769
82211: 0.999769
82212: 0.999769
82213: 0.999769
82214: 0.999769
82215: 0.999769
82216: 0.999769
82217: 0.999769
82218: 0.999769
82219: 0.999769
82220: 0.999769
82221: 0.999769
82222: 0.999769
82223: 0.999769
82224: 0.999769
82225: 0.999769
82226: 0.999769
82227: 0.999769
82228: 0.999769
82229: 0.999769
82230: 0.999769
82231: 0.999769
82232: 0.999769
82233: 0.999769
82234: 0.999769
82235: 0.999769
82236: 0.999769
82237: 0.999769
82238: 0.999769
82239: 0.999769
82240: 0.999769
82241: 0.999769
82242: 0.999769
82243: 0.999769
82244: 0.999769
82245: 0.999769
82246: 0.999769
82247: 0.999769
82248: 0.999769
82249: 0.999769
82250: 0.999769
82251: 0.999769
82252: 0.999769
82253: 0.999769
82254: 0.999769
82255: 0.999769
82256: 0.999769
82257: 0.999769
82258: 0.999769
82259: 0.999769
82260: 0.999769
82261: 0.999769
82262: 0.999769
82263: 0.999769
82264: 0.999769
82265: 0.999769
82266: 0.999769
82267: 0.999769
82268: 0.999769
82269: 0.999769
82270: 0.999769
82271: 0.999769
82272: 0.999769
82273: 0.999769
82274: 0.999769
82275: 0.999769
82276: 0.999769
82277: 0.999769
82278: 0.999769
82279: 0.999769
82280: 0.999769
82281: 0.999769
82282: 0.999769
82283: 0.999769
82284: 0.999769
82285: 0.999769
82286: 0.999769
82287: 0.999769
82288: 0.999769
82289: 0.999769
82290: 0.999769
82291: 0.999769
82292: 0.999769
82293: 0.999769
82294: 0.999769
82295: 0.999769
82296: 0.999769
82297: 0.999769
82298: 0.999769
82299: 0.999769
82300: 0.999769
82301: 0.999769
82302: 0.999769
82303: 0.999769
82304: 0.999769
82305: 0.999769
82306: 0.999769
82307: 0.999769
82308: 0.999769
82309: 0.999769
82310: 0.999769
82311: 0.999769
82312: 0.999769
82313: 0.999769
82314: 0.999769
82315: 0.999769
82316: 0.999769
82317: 0.999769
82318: 0.999769
82319: 0.999769
82320: 0.999769
82321: 0.999769
82322: 0.999769
82323: 0.999769
82324: 0.999769
82325: 0.999769
82326: 0.999769
82327: 0.999769
82328: 0.999769
82329: 0.999769
82330: 0.999769
82331: 0.999769
82332: 0.999769
82333: 0.999769
82334: 0.999769
82335: 0.999769
82336: 0.999769
82337: 0.999769
82338: 0.999769
82339: 0.999769
82340: 0.999769
82341: 0.999769
82342: 0.999769
82343: 0.999769
82344: 0.999769
82345: 0.999769
82346: 0.999769
82347: 0.999769
82348: 0.999769
82349: 0.999769
82350: 0.999769
82351: 0.999769
82352: 0.999769
82353: 0.999769
82354: 0.999769
82355: 0.999769
82356: 0.999769
82357: 0.999769
82358: 0.999769
82359: 0.999769
82360: 0.999769
82361: 0.999769
82362: 0.999769
82363: 0.999769
82364: 0.999769
82365: 0.999769
82366: 0.999769
82367: 0.999769
82368: 0.999769
82369: 0.999769
82370: 0.999769
82371: 0.999769
82372: 0.999769
82373: 0.999769
82374: 0.999769
82375: 0.999769
82376: 0.999769
82377: 0.999769
82378: 0.999769
82379: 0.999769
82380: 0.999769
82381: 0.999769
82382: 0.999769
82383: 0.999769
82384: 0.999769
82385: 0.999769
82386: 0.999769
82387: 0.999769
82388: 0.999769
82389: 0.999769
82390: 0.999769
82391: 0.999769
82392: 0.999769
82393: 0.999769
82394: 0.999769
82395: 0.999769
82396: 0.999769
82397: 0.999769
82398: 0.999769
82399: 0.999769
82400: 0.999769
82401: 0.999769
82402: 0.999769
82403: 0.999769
82404: 0.999769
82405: 0.999769
82406: 0.999769
82407: 0.999769
82408: 0.999769
82409: 0.999769
82410: 0.999769
82411: 0.999769
82412: 0.999769
82413: 0.999769
82414: 0.999769
82415: 0.999769
82416: 0.999769
82417: 0.999769
82418: 0.999769
82419: 0.999769
82420: 0.999769
82421: 0.999769
82422: 0.999769
82423: 0.999769
82424: 0.999769
82425: 0.999769
82426: 0.999769
82427: 0.999769
82428: 0.999769
82429: 0.99977
82430: 0.99977
82431: 0.99977
82432: 0.99977
82433: 0.99977
82434: 0.99977
82435: 0.99977
82436: 0.99977
82437: 0.99977
82438: 0.99977
82439: 0.99977
82440: 0.99977
82441: 0.99977
82442: 0.99977
82443: 0.99977
82444: 0.99977
82445: 0.99977
82446: 0.99977
82447: 0.99977
82448: 0.99977
82449: 0.99977
82450: 0.99977
82451: 0.99977
82452: 0.99977
82453: 0.99977
82454: 0.99977
82455: 0.99977
82456: 0.99977
82457: 0.99977
82458: 0.99977
82459: 0.99977
82460: 0.99977
82461: 0.99977
82462: 0.99977
82463: 0.99977
82464: 0.99977
82465: 0.99977
82466: 0.99977
82467: 0.99977
82468: 0.99977
82469: 0.99977
82470: 0.99977
82471: 0.99977
82472: 0.99977
82473: 0.99977
82474: 0.99977
82475: 0.99977
82476: 0.99977
82477: 0.99977
82478: 0.99977
82479: 0.99977
82480: 0.99977
82481: 0.99977
82482: 0.99977
82483: 0.99977
82484: 0.99977
82485: 0.99977
82486: 0.99977
82487: 0.99977
82488: 0.99977
82489: 0.99977
82490: 0.99977
82491: 0.99977
82492: 0.99977
82493: 0.99977
82494: 0.99977
82495: 0.99977
82496: 0.99977
82497: 0.99977
82498: 0.99977
82499: 0.99977
82500: 0.99977
82501: 0.99977
82502: 0.99977
82503: 0.99977
82504: 0.99977
82505: 0.99977
82506: 0.99977
82507: 0.99977
82508: 0.99977
82509: 0.99977
82510: 0.99977
82511: 0.99977
82512: 0.99977
82513: 0.99977
82514: 0.99977
82515: 0.99977
82516: 0.99977
82517: 0.99977
82518: 0.99977
82519: 0.99977
82520: 0.99977
82521: 0.99977
82522: 0.99977
82523: 0.99977
82524: 0.99977
82525: 0.99977
82526: 0.99977
82527: 0.99977
82528: 0.99977
82529: 0.99977
82530: 0.99977
82531: 0.99977
82532: 0.99977
82533: 0.99977
82534: 0.99977
82535: 0.99977
82536: 0.99977
82537: 0.99977
82538: 0.99977
82539: 0.99977
82540: 0.99977
82541: 0.99977
82542: 0.99977
82543: 0.99977
82544: 0.99977
82545: 0.99977
82546: 0.99977
82547: 0.99977
82548: 0.99977
82549: 0.99977
82550: 0.99977
82551: 0.99977
82552: 0.99977
82553: 0.99977
82554: 0.99977
82555: 0.99977
82556: 0.99977
82557: 0.99977
82558: 0.99977
82559: 0.99977
82560: 0.99977
82561: 0.99977
82562: 0.99977
82563: 0.99977
82564: 0.99977
82565: 0.99977
82566: 0.99977
82567: 0.99977
82568: 0.99977
82569: 0.99977
82570: 0.99977
82571: 0.99977
82572: 0.99977
82573: 0.99977
82574: 0.99977
82575: 0.99977
82576: 0.99977
82577: 0.99977
82578: 0.99977
82579: 0.99977
82580: 0.99977
82581: 0.99977
82582: 0.99977
82583: 0.99977
82584: 0.99977
82585: 0.99977
82586: 0.99977
82587: 0.99977
82588: 0.99977
82589: 0.99977
82590: 0.99977
82591: 0.99977
82592: 0.99977
82593: 0.99977
82594: 0.99977
82595: 0.99977
82596: 0.99977
82597: 0.99977
82598: 0.99977
82599: 0.99977
82600: 0.99977
82601: 0.99977
82602: 0.99977
82603: 0.99977
82604: 0.99977
82605: 0.99977
82606: 0.99977
82607: 0.99977
82608: 0.99977
82609: 0.99977
82610: 0.99977
82611: 0.99977
82612: 0.99977
82613: 0.99977
82614: 0.99977
82615: 0.99977
82616: 0.99977
82617: 0.99977
82618: 0.99977
82619: 0.99977
82620: 0.99977
82621: 0.99977
82622: 0.99977
82623: 0.99977
82624: 0.99977
82625: 0.99977
82626: 0.99977
82627: 0.99977
82628: 0.99977
82629: 0.99977
82630: 0.99977
82631: 0.99977
82632: 0.99977
82633: 0.99977
82634: 0.99977
82635: 0.99977
82636: 0.99977
82637: 0.99977
82638: 0.99977
82639: 0.99977
82640: 0.99977
82641: 0.99977
82642: 0.99977
82643: 0.99977
82644: 0.99977
82645: 0.99977
82646: 0.99977
82647: 0.99977
82648: 0.99977
82649: 0.99977
82650: 0.99977
82651: 0.99977
82652: 0.99977
82653: 0.99977
82654: 0.99977
82655: 0.99977
82656: 0.99977
82657: 0.99977
82658: 0.99977
82659: 0.99977
82660: 0.99977
82661: 0.99977
82662: 0.99977
82663: 0.99977
82664: 0.99977
82665: 0.99977
82666: 0.99977
82667: 0.99977
82668: 0.99977
82669: 0.99977
82670: 0.99977
82671: 0.99977
82672: 0.99977
82673: 0.99977
82674: 0.99977
82675: 0.99977
82676: 0.99977
82677: 0.99977
82678: 0.99977
82679: 0.99977
82680: 0.99977
82681: 0.99977
82682: 0.99977
82683: 0.99977
82684: 0.99977
82685: 0.99977
82686: 0.99977
82687: 0.99977
82688: 0.99977
82689: 0.99977
82690: 0.99977
82691: 0.99977
82692: 0.99977
82693: 0.99977
82694: 0.99977
82695: 0.99977
82696: 0.99977
82697: 0.99977
82698: 0.99977
82699: 0.99977
82700: 0.99977
82701: 0.99977
82702: 0.99977
82703: 0.99977
82704: 0.99977
82705: 0.99977
82706: 0.99977
82707: 0.99977
82708: 0.99977
82709: 0.99977
82710: 0.99977
82711: 0.99977
82712: 0.99977
82713: 0.99977
82714: 0.99977
82715: 0.99977
82716: 0.99977
82717: 0.99977
82718: 0.99977
82719: 0.99977
82720: 0.99977
82721: 0.99977
82722: 0.99977
82723: 0.99977
82724: 0.99977
82725: 0.99977
82726: 0.99977
82727: 0.99977
82728: 0.99977
82729: 0.99977
82730: 0.99977
82731: 0.99977
82732: 0.99977
82733: 0.99977
82734: 0.99977
82735: 0.99977
82736: 0.99977
82737: 0.99977
82738: 0.99977
82739: 0.99977
82740: 0.99977
82741: 0.99977
82742: 0.99977
82743: 0.99977
82744: 0.99977
82745: 0.99977
82746: 0.99977
82747: 0.99977
82748: 0.99977
82749: 0.99977
82750: 0.99977
82751: 0.99977
82752: 0.99977
82753: 0.99977
82754: 0.99977
82755: 0.99977
82756: 0.99977
82757: 0.99977
82758: 0.99977
82759: 0.99977
82760: 0.99977
82761: 0.99977
82762: 0.99977
82763: 0.99977
82764: 0.99977
82765: 0.99977
82766: 0.99977
82767: 0.99977
82768: 0.99977
82769: 0.99977
82770: 0.99977
82771: 0.99977
82772: 0.99977
82773: 0.99977
82774: 0.99977
82775: 0.99977
82776: 0.99977
82777: 0.99977
82778: 0.99977
82779: 0.99977
82780: 0.99977
82781: 0.99977
82782: 0.99977
82783: 0.99977
82784: 0.99977
82785: 0.99977
82786: 0.99977
82787: 0.99977
82788: 0.999771
82789: 0.999771
82790: 0.999771
82791: 0.999771
82792: 0.999771
82793: 0.999771
82794: 0.999771
82795: 0.999771
82796: 0.999771
82797: 0.999771
82798: 0.999771
82799: 0.999771
82800: 0.999771
82801: 0.999771
82802: 0.999771
82803: 0.999771
82804: 0.999771
82805: 0.999771
82806: 0.999771
82807: 0.999771
82808: 0.999771
82809: 0.999771
82810: 0.999771
82811: 0.999771
82812: 0.999771
82813: 0.999771
82814: 0.999771
82815: 0.999771
82816: 0.999771
82817: 0.999771
82818: 0.999771
82819: 0.999771
82820: 0.999771
82821: 0.999771
82822: 0.999771
82823: 0.999771
82824: 0.999771
82825: 0.999771
82826: 0.999771
82827: 0.999771
82828: 0.999771
82829: 0.999771
82830: 0.999771
82831: 0.999771
82832: 0.999771
82833: 0.999771
82834: 0.999771
82835: 0.999771
82836: 0.999771
82837: 0.999771
82838: 0.999771
82839: 0.999771
82840: 0.999771
82841: 0.999771
82842: 0.999771
82843: 0.999771
82844: 0.999771
82845: 0.999771
82846: 0.999771
82847: 0.999771
82848: 0.999771
82849: 0.999771
82850: 0.999771
82851: 0.999771
82852: 0.999771
82853: 0.999771
82854: 0.999771
82855: 0.999771
82856: 0.999771
82857: 0.999771
82858: 0.999771
82859: 0.999771
82860: 0.999771
82861: 0.999771
82862: 0.999771
82863: 0.999771
82864: 0.999771
82865: 0.999771
82866: 0.999771
82867: 0.999771
82868: 0.999771
82869: 0.999771
82870: 0.999771
82871: 0.999771
82872: 0.999771
82873: 0.999771
82874: 0.999771
82875: 0.999771
82876: 0.999771
82877: 0.999771
82878: 0.999771
82879: 0.999771
82880: 0.999771
82881: 0.999771
82882: 0.999771
82883: 0.999771
82884: 0.999771
82885: 0.999771
82886: 0.999771
82887: 0.999771
82888: 0.999771
82889: 0.999771
82890: 0.999771
82891: 0.999771
82892: 0.999771
82893: 0.999771
82894: 0.999771
82895: 0.999771
82896: 0.999771
82897: 0.999771
82898: 0.999771
82899: 0.999771
82900: 0.999771
82901: 0.999771
82902: 0.999771
82903: 0.999771
82904: 0.999771
82905: 0.999771
82906: 0.999771
82907: 0.999771
82908: 0.999771
82909: 0.999771
82910: 0.999771
82911: 0.999771
82912: 0.999771
82913: 0.999771
82914: 0.999771
82915: 0.999771
82916: 0.999771
82917: 0.999771
82918: 0.999771
82919: 0.999771
82920: 0.999771
82921: 0.999771
82922: 0.999771
82923: 0.999771
82924: 0.999771
82925: 0.999771
82926: 0.999771
82927: 0.999771
82928: 0.999771
82929: 0.999771
82930: 0.999771
82931: 0.999771
82932: 0.999771
82933: 0.999771
82934: 0.999771
82935: 0.999771
82936: 0.999771
82937: 0.999771
82938: 0.999771
82939: 0.999771
82940: 0.999771
82941: 0.999771
82942: 0.999771
82943: 0.999771
82944: 0.999771
82945: 0.999771
82946: 0.999771
82947: 0.999771
82948: 0.999771
82949: 0.999771
82950: 0.999771
82951: 0.999771
82952: 0.999771
82953: 0.999771
82954: 0.999771
82955: 0.999771
82956: 0.999771
82957: 0.999771
82958: 0.999771
82959: 0.999771
82960: 0.999771
82961: 0.999771
82962: 0.999771
82963: 0.999771
82964: 0.999771
82965: 0.999771
82966: 0.999771
82967: 0.999771
82968: 0.999771
82969: 0.999771
82970: 0.999771
82971: 0.999771
82972: 0.999771
82973: 0.999771
82974: 0.999771
82975: 0.999771
82976: 0.999771
82977: 0.999771
82978: 0.999771
82979: 0.999771
82980: 0.999771
82981: 0.999771
82982: 0.999771
82983: 0.999771
82984: 0.999771
82985: 0.999771
82986: 0.999771
82987: 0.999771
82988: 0.999771
82989: 0.999771
82990: 0.999771
82991: 0.999771
82992: 0.999771
82993: 0.999771
82994: 0.999771
82995: 0.999771
82996: 0.999771
82997: 0.999771
82998: 0.999771
82999: 0.999771
83000: 0.999771
83001: 0.999771
83002: 0.999771
83003: 0.999771
83004: 0.999771
83005: 0.999771
83006: 0.999771
83007: 0.999771
83008: 0.999771
83009: 0.999771
83010: 0.999771
83011: 0.999771
83012: 0.999771
83013: 0.999771
83014: 0.999771
83015: 0.999771
83016: 0.999771
83017: 0.999771
83018: 0.999771
83019: 0.999771
83020: 0.999771
83021: 0.999771
83022: 0.999771
83023: 0.999771
83024: 0.999771
83025: 0.999771
83026: 0.999771
83027: 0.999771
83028: 0.999771
83029: 0.999771
83030: 0.999771
83031: 0.999771
83032: 0.999771
83033: 0.999771
83034: 0.999771
83035: 0.999771
83036: 0.999771
83037: 0.999771
83038: 0.999771
83039: 0.999771
83040: 0.999771
83041: 0.999771
83042: 0.999771
83043: 0.999771
83044: 0.999771
83045: 0.999771
83046: 0.999771
83047: 0.999771
83048: 0.999771
83049: 0.999771
83050: 0.999771
83051: 0.999771
83052: 0.999771
83053: 0.999771
83054: 0.999771
83055: 0.999771
83056: 0.999771
83057: 0.999771
83058: 0.999771
83059: 0.999771
83060: 0.999771
83061: 0.999771
83062: 0.999771
83063: 0.999771
83064: 0.999771
83065: 0.999771
83066: 0.999771
83067: 0.999771
83068: 0.999771
83069: 0.999771
83070: 0.999771
83071: 0.999771
83072: 0.999771
83073: 0.999771
83074: 0.999771
83075: 0.999771
83076: 0.999771
83077: 0.999771
83078: 0.999771
83079: 0.999771
83080: 0.999771
83081: 0.999771
83082: 0.999771
83083: 0.999771
83084: 0.999771
83085: 0.999771
83086: 0.999771
83087: 0.999771
83088: 0.999771
83089: 0.999771
83090: 0.999771
83091: 0.999771
83092: 0.999771
83093: 0.999771
83094: 0.999771
83095: 0.999771
83096: 0.999771
83097: 0.999771
83098: 0.999771
83099: 0.999771
83100: 0.999771
83101: 0.999771
83102: 0.999771
83103: 0.999771
83104: 0.999771
83105: 0.999771
83106: 0.999771
83107: 0.999771
83108: 0.999771
83109: 0.999771
83110: 0.999771
83111: 0.999771
83112: 0.999771
83113: 0.999771
83114: 0.999771
83115: 0.999771
83116: 0.999771
83117: 0.999771
83118: 0.999771
83119: 0.999771
83120: 0.999771
83121: 0.999771
83122: 0.999771
83123: 0.999771
83124: 0.999771
83125: 0.999771
83126: 0.999771
83127: 0.999771
83128: 0.999771
83129: 0.999771
83130: 0.999771
83131: 0.999771
83132: 0.999771
83133: 0.999771
83134: 0.999771
83135: 0.999771
83136: 0.999771
83137: 0.999771
83138: 0.999771
83139: 0.999771
83140: 0.999771
83141: 0.999771
83142: 0.999771
83143: 0.999771
83144: 0.999771
83145: 0.999771
83146: 0.999771
83147: 0.999771
83148: 0.999771
83149: 0.999771
83150: 0.999772
83151: 0.999772
83152: 0.999772
83153: 0.999772
83154: 0.999772
83155: 0.999772
83156: 0.999772
83157: 0.999772
83158: 0.999772
83159: 0.999772
83160: 0.999772
83161: 0.999772
83162: 0.999772
83163: 0.999772
83164: 0.999772
83165: 0.999772
83166: 0.999772
83167: 0.999772
83168: 0.999772
83169: 0.999772
83170: 0.999772
83171: 0.999772
83172: 0.999772
83173: 0.999772
83174: 0.999772
83175: 0.999772
83176: 0.999772
83177: 0.999772
83178: 0.999772
83179: 0.999772
83180: 0.999772
83181: 0.999772
83182: 0.999772
83183: 0.999772
83184: 0.999772
83185: 0.999772
83186: 0.999772
83187: 0.999772
83188: 0.999772
83189: 0.999772
83190: 0.999772
83191: 0.999772
83192: 0.999772
83193: 0.999772
83194: 0.999772
83195: 0.999772
83196: 0.999772
83197: 0.999772
83198: 0.999772
83199: 0.999772
83200: 0.999772
83201: 0.999772
83202: 0.999772
83203: 0.999772
83204: 0.999772
83205: 0.999772
83206: 0.999772
83207: 0.999772
83208: 0.999772
83209: 0.999772
83210: 0.999772
83211: 0.999772
83212: 0.999772
83213: 0.999772
83214: 0.999772
83215: 0.999772
83216: 0.999772
83217: 0.999772
83218: 0.999772
83219: 0.999772
83220: 0.999772
83221: 0.999772
83222: 0.999772
83223: 0.999772
83224: 0.999772
83225: 0.999772
83226: 0.999772
83227: 0.999772
83228: 0.999772
83229: 0.999772
83230: 0.999772
83231: 0.999772
83232: 0.999772
83233: 0.999772
83234: 0.999772
83235: 0.999772
83236: 0.999772
83237: 0.999772
83238: 0.999772
83239: 0.999772
83240: 0.999772
83241: 0.999772
83242: 0.999772
83243: 0.999772
83244: 0.999772
83245: 0.999772
83246: 0.999772
83247: 0.999772
83248: 0.999772
83249: 0.999772
83250: 0.999772
83251: 0.999772
83252: 0.999772
83253: 0.999772
83254: 0.999772
83255: 0.999772
83256: 0.999772
83257: 0.999772
83258: 0.999772
83259: 0.999772
83260: 0.999772
83261: 0.999772
83262: 0.999772
83263: 0.999772
83264: 0.999772
83265: 0.999772
83266: 0.999772
83267: 0.999772
83268: 0.999772
83269: 0.999772
83270: 0.999772
83271: 0.999772
83272: 0.999772
83273: 0.999772
83274: 0.999772
83275: 0.999772
83276: 0.999772
83277: 0.999772
83278: 0.999772
83279: 0.999772
83280: 0.999772
83281: 0.999772
83282: 0.999772
83283: 0.999772
83284: 0.999772
83285: 0.999772
83286: 0.999772
83287: 0.999772
83288: 0.999772
83289: 0.999772
83290: 0.999772
83291: 0.999772
83292: 0.999772
83293: 0.999772
83294: 0.999772
83295: 0.999772
83296: 0.999772
83297: 0.999772
83298: 0.999772
83299: 0.999772
83300: 0.999772
83301: 0.999772
83302: 0.999772
83303: 0.999772
83304: 0.999772
83305: 0.999772
83306: 0.999772
83307: 0.999772
83308: 0.999772
83309: 0.999772
83310: 0.999772
83311: 0.999772
83312: 0.999772
83313: 0.999772
83314: 0.999772
83315: 0.999772
83316: 0.999772
83317: 0.999772
83318: 0.999772
83319: 0.999772
83320: 0.999772
83321: 0.999772
83322: 0.999772
83323: 0.999772
83324: 0.999772
83325: 0.999772
83326: 0.999772
83327: 0.999772
83328: 0.999772
83329: 0.999772
83330: 0.999772
83331: 0.999772
83332: 0.999772
83333: 0.999772
83334: 0.999772
83335: 0.999772
83336: 0.999772
83337: 0.999772
83338: 0.999772
83339: 0.999772
83340: 0.999772
83341: 0.999772
83342: 0.999772
83343: 0.999772
83344: 0.999772
83345: 0.999772
83346: 0.999772
83347: 0.999772
83348: 0.999772
83349: 0.999772
83350: 0.999772
83351: 0.999772
83352: 0.999772
83353: 0.999772
83354: 0.999772
83355: 0.999772
83356: 0.999772
83357: 0.999772
83358: 0.999772
83359: 0.999772
83360: 0.999772
83361: 0.999772
83362: 0.999772
83363: 0.999772
83364: 0.999772
83365: 0.999772
83366: 0.999772
83367: 0.999772
83368: 0.999772
83369: 0.999772
83370: 0.999772
83371: 0.999772
83372: 0.999772
83373: 0.999772
83374: 0.999772
83375: 0.999772
83376: 0.999772
83377: 0.999772
83378: 0.999772
83379: 0.999772
83380: 0.999772
83381: 0.999772
83382: 0.999772
83383: 0.999772
83384: 0.999772
83385: 0.999772
83386: 0.999772
83387: 0.999772
83388: 0.999772
83389: 0.999772
83390: 0.999772
83391: 0.999772
83392: 0.999772
83393: 0.999772
83394: 0.999772
83395: 0.999772
83396: 0.999772
83397: 0.999772
83398: 0.999772
83399: 0.999772
83400: 0.999772
83401: 0.999772
83402: 0.999772
83403: 0.999772
83404: 0.999772
83405: 0.999772
83406: 0.999772
83407: 0.999772
83408: 0.999772
83409: 0.999772
83410: 0.999772
83411: 0.999772
83412: 0.999772
83413: 0.999772
83414: 0.999772
83415: 0.999772
83416: 0.999772
83417: 0.999772
83418: 0.999772
83419: 0.999772
83420: 0.999772
83421: 0.999772
83422: 0.999772
83423: 0.999772
83424: 0.999772
83425: 0.999772
83426: 0.999772
83427: 0.999772
83428: 0.999772
83429: 0.999772
83430: 0.999772
83431: 0.999772
83432: 0.999772
83433: 0.999772
83434: 0.999772
83435: 0.999772
83436: 0.999772
83437: 0.999772
83438: 0.999772
83439: 0.999772
83440: 0.999772
83441: 0.999772
83442: 0.999772
83443: 0.999772
83444: 0.999772
83445: 0.999772
83446: 0.999772
83447: 0.999772
83448: 0.999772
83449: 0.999772
83450: 0.999772
83451: 0.999772
83452: 0.999772
83453: 0.999772
83454: 0.999772
83455: 0.999772
83456: 0.999772
83457: 0.999772
83458: 0.999772
83459: 0.999772
83460: 0.999772
83461: 0.999772
83462: 0.999772
83463: 0.999772
83464: 0.999772
83465: 0.999772
83466: 0.999772
83467: 0.999772
83468: 0.999772
83469: 0.999772
83470: 0.999772
83471: 0.999772
83472: 0.999772
83473: 0.999772
83474: 0.999772
83475: 0.999772
83476: 0.999772
83477: 0.999772
83478: 0.999772
83479: 0.999772
83480: 0.999772
83481: 0.999772
83482: 0.999772
83483: 0.999772
83484: 0.999772
83485: 0.999772
83486: 0.999772
83487: 0.999772
83488: 0.999772
83489: 0.999772
83490: 0.999772
83491: 0.999772
83492: 0.999772
83493: 0.999772
83494: 0.999772
83495: 0.999772
83496: 0.999772
83497: 0.999772
83498: 0.999772
83499: 0.999772
83500: 0.999772
83501: 0.999772
83502: 0.999772
83503: 0.999772
83504: 0.999772
83505: 0.999772
83506: 0.999772
83507: 0.999772
83508: 0.999772
83509: 0.999772
83510: 0.999772
83511: 0.999772
83512: 0.999772
83513: 0.999772
83514: 0.999772
83515: 0.999772
83516: 0.999773
83517: 0.999773
83518: 0.999773
83519: 0.999773
83520: 0.999773
83521: 0.999773
83522: 0.999773
83523: 0.999773
83524: 0.999773
83525: 0.999773
83526: 0.999773
83527: 0.999773
83528: 0.999773
83529: 0.999773
83530: 0.999773
83531: 0.999773
83532: 0.999773
83533: 0.999773
83534: 0.999773
83535: 0.999773
83536: 0.999773
83537: 0.999773
83538: 0.999773
83539: 0.999773
83540: 0.999773
83541: 0.999773
83542: 0.999773
83543: 0.999773
83544: 0.999773
83545: 0.999773
83546: 0.999773
83547: 0.999773
83548: 0.999773
83549: 0.999773
83550: 0.999773
83551: 0.999773
83552: 0.999773
83553: 0.999773
83554: 0.999773
83555: 0.999773
83556: 0.999773
83557: 0.999773
83558: 0.999773
83559: 0.999773
83560: 0.999773
83561: 0.999773
83562: 0.999773
83563: 0.999773
83564: 0.999773
83565: 0.999773
83566: 0.999773
83567: 0.999773
83568: 0.999773
83569: 0.999773
83570: 0.999773
83571: 0.999773
83572: 0.999773
83573: 0.999773
83574: 0.999773
83575: 0.999773
83576: 0.999773
83577: 0.999773
83578: 0.999773
83579: 0.999773
83580: 0.999773
83581: 0.999773
83582: 0.999773
83583: 0.999773
83584: 0.999773
83585: 0.999773
83586: 0.999773
83587: 0.999773
83588: 0.999773
83589: 0.999773
83590: 0.999773
83591: 0.999773
83592: 0.999773
83593: 0.999773
83594: 0.999773
83595: 0.999773
83596: 0.999773
83597: 0.999773
83598: 0.999773
83599: 0.999773
83600: 0.999773
83601: 0.999773
83602: 0.999773
83603: 0.999773
83604: 0.999773
83605: 0.999773
83606: 0.999773
83607: 0.999773
83608: 0.999773
83609: 0.999773
83610: 0.999773
83611: 0.999773
83612: 0.999773
83613: 0.999773
83614: 0.999773
83615: 0.999773
83616: 0.999773
83617: 0.999773
83618: 0.999773
83619: 0.999773
83620: 0.999773
83621: 0.999773
83622: 0.999773
83623: 0.999773
83624: 0.999773
83625: 0.999773
83626: 0.999773
83627: 0.999773
83628: 0.999773
83629: 0.999773
83630: 0.999773
83631: 0.999773
83632: 0.999773
83633: 0.999773
83634: 0.999773
83635: 0.999773
83636: 0.999773
83637: 0.999773
83638: 0.999773
83639: 0.999773
83640: 0.999773
83641: 0.999773
83642: 0.999773
83643: 0.999773
83644: 0.999773
83645: 0.999773
83646: 0.999773
83647: 0.999773
83648: 0.999773
83649: 0.999773
83650: 0.999773
83651: 0.999773
83652: 0.999773
83653: 0.999773
83654: 0.999773
83655: 0.999773
83656: 0.999773
83657: 0.999773
83658: 0.999773
83659: 0.999773
83660: 0.999773
83661: 0.999773
83662: 0.999773
83663: 0.999773
83664: 0.999773
83665: 0.999773
83666: 0.999773
83667: 0.999773
83668: 0.999773
83669: 0.999773
83670: 0.999773
83671: 0.999773
83672: 0.999773
83673: 0.999773
83674: 0.999773
83675: 0.999773
83676: 0.999773
83677: 0.999773
83678: 0.999773
83679: 0.999773
83680: 0.999773
83681: 0.999773
83682: 0.999773
83683: 0.999773
83684: 0.999773
83685: 0.999773
83686: 0.999773
83687: 0.999773
83688: 0.999773
83689: 0.999773
83690: 0.999773
83691: 0.999773
83692: 0.999773
83693: 0.999773
83694: 0.999773
83695: 0.999773
83696: 0.999773
83697: 0.999773
83698: 0.999773
83699: 0.999773
83700: 0.999773
83701: 0.999773
83702: 0.999773
83703: 0.999773
83704: 0.999773
83705: 0.999773
83706: 0.999773
83707: 0.999773
83708: 0.999773
83709: 0.999773
83710: 0.999773
83711: 0.999773
83712: 0.999773
83713: 0.999773
83714: 0.999773
83715: 0.999773
83716: 0.999773
83717: 0.999773
83718: 0.999773
83719: 0.999773
83720: 0.999773
83721: 0.999773
83722: 0.999773
83723: 0.999773
83724: 0.999773
83725: 0.999773
83726: 0.999773
83727: 0.999773
83728: 0.999773
83729: 0.999773
83730: 0.999773
83731: 0.999773
83732: 0.999773
83733: 0.999773
83734: 0.999773
83735: 0.999773
83736: 0.999773
83737: 0.999773
83738: 0.999773
83739: 0.999773
83740: 0.999773
83741: 0.999773
83742: 0.999773
83743: 0.999773
83744: 0.999773
83745: 0.999773
83746: 0.999773
83747: 0.999773
83748: 0.999773
83749: 0.999773
83750: 0.999773
83751: 0.999773
83752: 0.999773
83753: 0.999773
83754: 0.999773
83755: 0.999773
83756: 0.999773
83757: 0.999773
83758: 0.999773
83759: 0.999773
83760: 0.999773
83761: 0.999773
83762: 0.999773
83763: 0.999773
83764: 0.999773
83765: 0.999773
83766: 0.999773
83767: 0.999773
83768: 0.999773
83769: 0.999773
83770: 0.999773
83771: 0.999773
83772: 0.999773
83773: 0.999773
83774: 0.999773
83775: 0.999773
83776: 0.999773
83777: 0.999773
83778: 0.999773
83779: 0.999773
83780: 0.999773
83781: 0.999773
83782: 0.999773
83783: 0.999773
83784: 0.999773
83785: 0.999773
83786: 0.999773
83787: 0.999773
83788: 0.999773
83789: 0.999773
83790: 0.999773
83791: 0.999773
83792: 0.999773
83793: 0.999773
83794: 0.999773
83795: 0.999773
83796: 0.999773
83797: 0.999773
83798: 0.999773
83799: 0.999773
83800: 0.999773
83801: 0.999773
83802: 0.999773
83803: 0.999773
83804: 0.999773
83805: 0.999773
83806: 0.999773
83807: 0.999773
83808: 0.999773
83809: 0.999773
83810: 0.999773
83811: 0.999773
83812: 0.999773
83813: 0.999773
83814: 0.999773
83815: 0.999773
83816: 0.999773
83817: 0.999773
83818: 0.999773
83819: 0.999773
83820: 0.999773
83821: 0.999773
83822: 0.999773
83823: 0.999773
83824: 0.999773
83825: 0.999773
83826: 0.999773
83827: 0.999773
83828: 0.999773
83829: 0.999773
83830: 0.999773
83831: 0.999773
83832: 0.999773
83833: 0.999773
83834: 0.999773
83835: 0.999773
83836: 0.999773
83837: 0.999773
83838: 0.999773
83839: 0.999773
83840: 0.999773
83841: 0.999773
83842: 0.999773
83843: 0.999773
83844: 0.999773
83845: 0.999773
83846: 0.999773
83847: 0.999773
83848: 0.999773
83849: 0.999773
83850: 0.999773
83851: 0.999773
83852: 0.999773
83853: 0.999773
83854: 0.999773
83855: 0.999773
83856: 0.999773
83857: 0.999773
83858: 0.999773
83859: 0.999773
83860: 0.999773
83861: 0.999773
83862: 0.999773
83863: 0.999773
83864: 0.999773
83865: 0.999773
83866: 0.999773
83867: 0.999773
83868: 0.999773
83869: 0.999773
83870: 0.999773
83871: 0.999773
83872: 0.999773
83873: 0.999773
83874: 0.999773
83875: 0.999773
83876: 0.999773
83877: 0.999773
83878: 0.999773
83879: 0.999773
83880: 0.999773
83881: 0.999773
83882: 0.999773
83883: 0.999773
83884: 0.999773
83885: 0.999774
83886: 0.999774
83887: 0.999774
83888: 0.999774
83889: 0.999774
83890: 0.999774
83891: 0.999774
83892: 0.999774
83893: 0.999774
83894: 0.999774
83895: 0.999774
83896: 0.999774
83897: 0.999774
83898: 0.999774
83899: 0.999774
83900: 0.999774
83901: 0.999774
83902: 0.999774
83903: 0.999774
83904: 0.999774
83905: 0.999774
83906: 0.999774
83907: 0.999774
83908: 0.999774
83909: 0.999774
83910: 0.999774
83911: 0.999774
83912: 0.999774
83913: 0.999774
83914: 0.999774
83915: 0.999774
83916: 0.999774
83917: 0.999774
83918: 0.999774
83919: 0.999774
83920: 0.999774
83921: 0.999774
83922: 0.999774
83923: 0.999774
83924: 0.999774
83925: 0.999774
83926: 0.999774
83927: 0.999774
83928: 0.999774
83929: 0.999774
83930: 0.999774
83931: 0.999774
83932: 0.999774
83933: 0.999774
83934: 0.999774
83935: 0.999774
83936: 0.999774
83937: 0.999774
83938: 0.999774
83939: 0.999774
83940: 0.999774
83941: 0.999774
83942: 0.999774
83943: 0.999774
83944: 0.999774
83945: 0.999774
83946: 0.999774
83947: 0.999774
83948: 0.999774
83949: 0.999774
83950: 0.999774
83951: 0.999774
83952: 0.999774
83953: 0.999774
83954: 0.999774
83955: 0.999774
83956: 0.999774
83957: 0.999774
83958: 0.999774
83959: 0.999774
83960: 0.999774
83961: 0.999774
83962: 0.999774
83963: 0.999774
83964: 0.999774
83965: 0.999774
83966: 0.999774
83967: 0.999774
83968: 0.999774
83969: 0.999774
83970: 0.999774
83971: 0.999774
83972: 0.999774
83973: 0.999774
83974: 0.999774
83975: 0.999774
83976: 0.999774
83977: 0.999774
83978: 0.999774
83979: 0.999774
83980: 0.999774
83981: 0.999774
83982: 0.999774
83983: 0.999774
83984: 0.999774
83985: 0.999774
83986: 0.999774
83987: 0.999774
83988: 0.999774
83989: 0.999774
83990: 0.999774
83991: 0.999774
83992: 0.999774
83993: 0.999774
83994: 0.999774
83995: 0.999774
83996: 0.999774
83997: 0.999774
83998: 0.999774
83999: 0.999774
84000: 0.999774
84001: 0.999774
84002: 0.999774
84003: 0.999774
84004: 0.999774
84005: 0.999774
84006: 0.999774
84007: 0.999774
84008: 0.999774
84009: 0.999774
84010: 0.999774
84011: 0.999774
84012: 0.999774
84013: 0.999774
84014: 0.999774
84015: 0.999774
84016: 0.999774
84017: 0.999774
84018: 0.999774
84019: 0.999774
84020: 0.999774
84021: 0.999774
84022: 0.999774
84023: 0.999774
84024: 0.999774
84025: 0.999774
84026: 0.999774
84027: 0.999774
84028: 0.999774
84029: 0.999774
84030: 0.999774
84031: 0.999774
84032: 0.999774
84033: 0.999774
84034: 0.999774
84035: 0.999774
84036: 0.999774
84037: 0.999774
84038: 0.999774
84039: 0.999774
84040: 0.999774
84041: 0.999774
84042: 0.999774
84043: 0.999774
84044: 0.999774
84045: 0.999774
84046: 0.999774
84047: 0.999774
84048: 0.999774
84049: 0.999774
84050: 0.999774
84051: 0.999774
84052: 0.999774
84053: 0.999774
84054: 0.999774
84055: 0.999774
84056: 0.999774
84057: 0.999774
84058: 0.999774
84059: 0.999774
84060: 0.999774
84061: 0.999774
84062: 0.999774
84063: 0.999774
84064: 0.999774
84065: 0.999774
84066: 0.999774
84067: 0.999774
84068: 0.999774
84069: 0.999774
84070: 0.999774
84071: 0.999774
84072: 0.999774
84073: 0.999774
84074: 0.999774
84075: 0.999774
84076: 0.999774
84077: 0.999774
84078: 0.999774
84079: 0.999774
84080: 0.999774
84081: 0.999774
84082: 0.999774
84083: 0.999774
84084: 0.999774
84085: 0.999774
84086: 0.999774
84087: 0.999774
84088: 0.999774
84089: 0.999774
84090: 0.999774
84091: 0.999774
84092: 0.999774
84093: 0.999774
84094: 0.999774
84095: 0.999774
84096: 0.999774
84097: 0.999774
84098: 0.999774
84099: 0.999774
84100: 0.999774
84101: 0.999774
84102: 0.999774
84103: 0.999774
84104: 0.999774
84105: 0.999774
84106: 0.999774
84107: 0.999774
84108: 0.999774
84109: 0.999774
84110: 0.999774
84111: 0.999774
84112: 0.999774
84113: 0.999774
84114: 0.999774
84115: 0.999774
84116: 0.999774
84117: 0.999774
84118: 0.999774
84119: 0.999774
84120: 0.999774
84121: 0.999774
84122: 0.999774
84123: 0.999774
84124: 0.999774
84125: 0.999774
84126: 0.999774
84127: 0.999774
84128: 0.999774
84129: 0.999774
84130: 0.999774
84131: 0.999774
84132: 0.999774
84133: 0.999774
84134: 0.999774
84135: 0.999774
84136: 0.999774
84137: 0.999774
84138: 0.999774
84139: 0.999774
84140: 0.999774
84141: 0.999774
84142: 0.999774
84143: 0.999774
84144: 0.999774
84145: 0.999774
84146: 0.999774
84147: 0.999774
84148: 0.999774
84149: 0.999774
84150: 0.999774
84151: 0.999774
84152: 0.999774
84153: 0.999774
84154: 0.999774
84155: 0.999774
84156: 0.999774
84157: 0.999774
84158: 0.999774
84159: 0.999774
84160: 0.999774
84161: 0.999774
84162: 0.999774
84163: 0.999774
84164: 0.999774
84165: 0.999774
84166: 0.999774
84167: 0.999774
84168: 0.999774
84169: 0.999774
84170: 0.999774
84171: 0.999774
84172: 0.999774
84173: 0.999774
84174: 0.999774
84175: 0.999774
84176: 0.999774
84177: 0.999774
84178: 0.999774
84179: 0.999774
84180: 0.999774
84181: 0.999774
84182: 0.999774
84183: 0.999774
84184: 0.999774
84185: 0.999774
84186: 0.999774
84187: 0.999774
84188: 0.999774
84189: 0.999774
84190: 0.999774
84191: 0.999774
84192: 0.999774
84193: 0.999774
84194: 0.999774
84195: 0.999774
84196: 0.999774
84197: 0.999774
84198: 0.999774
84199: 0.999774
84200: 0.999774
84201: 0.999774
84202: 0.999774
84203: 0.999774
84204: 0.999774
84205: 0.999774
84206: 0.999774
84207: 0.999774
84208: 0.999774
84209: 0.999774
84210: 0.999774
84211: 0.999774
84212: 0.999774
84213: 0.999774
84214: 0.999774
84215: 0.999774
84216: 0.999774
84217: 0.999774
84218: 0.999774
84219: 0.999774
84220: 0.999774
84221: 0.999774
84222: 0.999774
84223: 0.999774
84224: 0.999774
84225: 0.999774
84226: 0.999774
84227: 0.999774
84228: 0.999774
84229: 0.999774
84230: 0.999774
84231: 0.999774
84232: 0.999774
84233: 0.999774
84234: 0.999774
84235: 0.999774
84236: 0.999774
84237: 0.999774
84238: 0.999774
84239: 0.999774
84240: 0.999774
84241: 0.999774
84242: 0.999774
84243: 0.999774
84244: 0.999774
84245: 0.999774
84246: 0.999774
84247: 0.999774
84248: 0.999774
84249: 0.999774
84250: 0.999774
84251: 0.999774
84252: 0.999774
84253: 0.999774
84254: 0.999774
84255: 0.999774
84256: 0.999774
84257: 0.999775
84258: 0.999775
84259: 0.999775
84260: 0.999775
84261: 0.999775
84262: 0.999775
84263: 0.999775
84264: 0.999775
84265: 0.999775
84266: 0.999775
84267: 0.999775
84268: 0.999775
84269: 0.999775
84270: 0.999775
84271: 0.999775
84272: 0.999775
84273: 0.999775
84274: 0.999775
84275: 0.999775
84276: 0.999775
84277: 0.999775
84278: 0.999775
84279: 0.999775
84280: 0.999775
84281: 0.999775
84282: 0.999775
84283: 0.999775
84284: 0.999775
84285: 0.999775
84286: 0.999775
84287: 0.999775
84288: 0.999775
84289: 0.999775
84290: 0.999775
84291: 0.999775
84292: 0.999775
84293: 0.999775
84294: 0.999775
84295: 0.999775
84296: 0.999775
84297: 0.999775
84298: 0.999775
84299: 0.999775
84300: 0.999775
84301: 0.999775
84302: 0.999775
84303: 0.999775
84304: 0.999775
84305: 0.999775
84306: 0.999775
84307: 0.999775
84308: 0.999775
84309: 0.999775
84310: 0.999775
84311: 0.999775
84312: 0.999775
84313: 0.999775
84314: 0.999775
84315: 0.999775
84316: 0.999775
84317: 0.999775
84318: 0.999775
84319: 0.999775
84320: 0.999775
84321: 0.999775
84322: 0.999775
84323: 0.999775
84324: 0.999775
84325: 0.999775
84326: 0.999775
84327: 0.999775
84328: 0.999775
84329: 0.999775
84330: 0.999775
84331: 0.999775
84332: 0.999775
84333: 0.999775
84334: 0.999775
84335: 0.999775
84336: 0.999775
84337: 0.999775
84338: 0.999775
84339: 0.999775
84340: 0.999775
84341: 0.999775
84342: 0.999775
84343: 0.999775
84344: 0.999775
84345: 0.999775
84346: 0.999775
84347: 0.999775
84348: 0.999775
84349: 0.999775
84350: 0.999775
84351: 0.999775
84352: 0.999775
84353: 0.999775
84354: 0.999775
84355: 0.999775
84356: 0.999775
84357: 0.999775
84358: 0.999775
84359: 0.999775
84360: 0.999775
84361: 0.999775
84362: 0.999775
84363: 0.999775
84364: 0.999775
84365: 0.999775
84366: 0.999775
84367: 0.999775
84368: 0.999775
84369: 0.999775
84370: 0.999775
84371: 0.999775
84372: 0.999775
84373: 0.999775
84374: 0.999775
84375: 0.999775
84376: 0.999775
84377: 0.999775
84378: 0.999775
84379: 0.999775
84380: 0.999775
84381: 0.999775
84382: 0.999775
84383: 0.999775
84384: 0.999775
84385: 0.999775
84386: 0.999775
84387: 0.999775
84388: 0.999775
84389: 0.999775
84390: 0.999775
84391: 0.999775
84392: 0.999775
84393: 0.999775
84394: 0.999775
84395: 0.999775
84396: 0.999775
84397: 0.999775
84398: 0.999775
84399: 0.999775
84400: 0.999775
84401: 0.999775
84402: 0.999775
84403: 0.999775
84404: 0.999775
84405: 0.999775
84406: 0.999775
84407: 0.999775
84408: 0.999775
84409: 0.999775
84410: 0.999775
84411: 0.999775
84412: 0.999775
84413: 0.999775
84414: 0.999775
84415: 0.999775
84416: 0.999775
84417: 0.999775
84418: 0.999775
84419: 0.999775
84420: 0.999775
84421: 0.999775
84422: 0.999775
84423: 0.999775
84424: 0.999775
84425: 0.999775
84426: 0.999775
84427: 0.999775
84428: 0.999775
84429: 0.999775
84430: 0.999775
84431: 0.999775
84432: 0.999775
84433: 0.999775
84434: 0.999775
84435: 0.999775
84436: 0.999775
84437: 0.999775
84438: 0.999775
84439: 0.999775
84440: 0.999775
84441: 0.999775
84442: 0.999775
84443: 0.999775
84444: 0.999775
84445: 0.999775
84446: 0.999775
84447: 0.999775
84448: 0.999775
84449: 0.999775
84450: 0.999775
84451: 0.999775
84452: 0.999775
84453: 0.999775
84454: 0.999775
84455: 0.999775
84456: 0.999775
84457: 0.999775
84458: 0.999775
84459: 0.999775
84460: 0.999775
84461: 0.999775
84462: 0.999775
84463: 0.999775
84464: 0.999775
84465: 0.999775
84466: 0.999775
84467: 0.999775
84468: 0.999775
84469: 0.999775
84470: 0.999775
84471: 0.999775
84472: 0.999775
84473: 0.999775
84474: 0.999775
84475: 0.999775
84476: 0.999775
84477: 0.999775
84478: 0.999775
84479: 0.999775
84480: 0.999775
84481: 0.999775
84482: 0.999775
84483: 0.999775
84484: 0.999775
84485: 0.999775
84486: 0.999775
84487: 0.999775
84488: 0.999775
84489: 0.999775
84490: 0.999775
84491: 0.999775
84492: 0.999775
84493: 0.999775
84494: 0.999775
84495: 0.999775
84496: 0.999775
84497: 0.999775
84498: 0.999775
84499: 0.999775
84500: 0.999775
84501: 0.999775
84502: 0.999775
84503: 0.999775
84504: 0.999775
84505: 0.999775
84506: 0.999775
84507: 0.999775
84508: 0.999775
84509: 0.999775
84510: 0.999775
84511: 0.999775
84512: 0.999775
84513: 0.999775
84514: 0.999775
84515: 0.999775
84516: 0.999775
84517: 0.999775
84518: 0.999775
84519: 0.999775
84520: 0.999775
84521: 0.999775
84522: 0.999775
84523: 0.999775
84524: 0.999775
84525: 0.999775
84526: 0.999775
84527: 0.999775
84528: 0.999775
84529: 0.999775
84530: 0.999775
84531: 0.999775
84532: 0.999775
84533: 0.999775
84534: 0.999775
84535: 0.999775
84536: 0.999775
84537: 0.999775
84538: 0.999775
84539: 0.999775
84540: 0.999775
84541: 0.999775
84542: 0.999775
84543: 0.999775
84544: 0.999775
84545: 0.999775
84546: 0.999775
84547: 0.999775
84548: 0.999775
84549: 0.999775
84550: 0.999775
84551: 0.999775
84552: 0.999775
84553: 0.999775
84554: 0.999775
84555: 0.999775
84556: 0.999775
84557: 0.999775
84558: 0.999775
84559: 0.999775
84560: 0.999775
84561: 0.999775
84562: 0.999775
84563: 0.999775
84564: 0.999775
84565: 0.999775
84566: 0.999775
84567: 0.999775
84568: 0.999775
84569: 0.999775
84570: 0.999775
84571: 0.999775
84572: 0.999775
84573: 0.999775
84574: 0.999775
84575: 0.999775
84576: 0.999775
84577: 0.999775
84578: 0.999775
84579: 0.999775
84580: 0.999775
84581: 0.999775
84582: 0.999775
84583: 0.999775
84584: 0.999775
84585: 0.999775
84586: 0.999775
84587: 0.999775
84588: 0.999775
84589: 0.999775
84590: 0.999775
84591: 0.999775
84592: 0.999775
84593: 0.999775
84594: 0.999775
84595: 0.999775
84596: 0.999775
84597: 0.999775
84598: 0.999775
84599: 0.999775
84600: 0.999775
84601: 0.999775
84602: 0.999775
84603: 0.999775
84604: 0.999775
84605: 0.999775
84606: 0.999775
84607: 0.999775
84608: 0.999775
84609: 0.999775
84610: 0.999775
84611: 0.999775
84612: 0.999775
84613: 0.999775
84614: 0.999775
84615: 0.999775
84616: 0.999775
84617: 0.999775
84618: 0.999775
84619: 0.999775
84620: 0.999775
84621: 0.999775
84622: 0.999775
84623: 0.999775
84624: 0.999775
84625: 0.999775
84626: 0.999775
84627: 0.999775
84628: 0.999775
84629: 0.999775
84630: 0.999775
84631: 0.999775
84632: 0.999776
84633: 0.999776
84634: 0.999776
84635: 0.999776
84636: 0.999776
84637: 0.999776
84638: 0.999776
84639: 0.999776
84640: 0.999776
84641: 0.999776
84642: 0.999776
84643: 0.999776
84644: 0.999776
84645: 0.999776
84646: 0.999776
84647: 0.999776
84648: 0.999776
84649: 0.999776
84650: 0.999776
84651: 0.999776
84652: 0.999776
84653: 0.999776
84654: 0.999776
84655: 0.999776
84656: 0.999776
84657: 0.999776
84658: 0.999776
84659: 0.999776
84660: 0.999776
84661: 0.999776
84662: 0.999776
84663: 0.999776
84664: 0.999776
84665: 0.999776
84666: 0.999776
84667: 0.999776
84668: 0.999776
84669: 0.999776
84670: 0.999776
84671: 0.999776
84672: 0.999776
84673: 0.999776
84674: 0.999776
84675: 0.999776
84676: 0.999776
84677: 0.999776
84678: 0.999776
84679: 0.999776
84680: 0.999776
84681: 0.999776
84682: 0.999776
84683: 0.999776
84684: 0.999776
84685: 0.999776
84686: 0.999776
84687: 0.999776
84688: 0.999776
84689: 0.999776
84690: 0.999776
84691: 0.999776
84692: 0.999776
84693: 0.999776
84694: 0.999776
84695: 0.999776
84696: 0.999776
84697: 0.999776
84698: 0.999776
84699: 0.999776
84700: 0.999776
84701: 0.999776
84702: 0.999776
84703: 0.999776
84704: 0.999776
84705: 0.999776
84706: 0.999776
84707: 0.999776
84708: 0.999776
84709: 0.999776
84710: 0.999776
84711: 0.999776
84712: 0.999776
84713: 0.999776
84714: 0.999776
84715: 0.999776
84716: 0.999776
84717: 0.999776
84718: 0.999776
84719: 0.999776
84720: 0.999776
84721: 0.999776
84722: 0.999776
84723: 0.999776
84724: 0.999776
84725: 0.999776
84726: 0.999776
84727: 0.999776
84728: 0.999776
84729: 0.999776
84730: 0.999776
84731: 0.999776
84732: 0.999776
84733: 0.999776
84734: 0.999776
84735: 0.999776
84736: 0.999776
84737: 0.999776
84738: 0.999776
84739: 0.999776
84740: 0.999776
84741: 0.999776
84742: 0.999776
84743: 0.999776
84744: 0.999776
84745: 0.999776
84746: 0.999776
84747: 0.999776
84748: 0.999776
84749: 0.999776
84750: 0.999776
84751: 0.999776
84752: 0.999776
84753: 0.999776
84754: 0.999776
84755: 0.999776
84756: 0.999776
84757: 0.999776
84758: 0.999776
84759: 0.999776
84760: 0.999776
84761: 0.999776
84762: 0.999776
84763: 0.999776
84764: 0.999776
84765: 0.999776
84766: 0.999776
84767: 0.999776
84768: 0.999776
84769: 0.999776
84770: 0.999776
84771: 0.999776
84772: 0.999776
84773: 0.999776
84774: 0.999776
84775: 0.999776
84776: 0.999776
84777: 0.999776
84778: 0.999776
84779: 0.999776
84780: 0.999776
84781: 0.999776
84782: 0.999776
84783: 0.999776
84784: 0.999776
84785: 0.999776
84786: 0.999776
84787: 0.999776
84788: 0.999776
84789: 0.999776
84790: 0.999776
84791: 0.999776
84792: 0.999776
84793: 0.999776
84794: 0.999776
84795: 0.999776
84796: 0.999776
84797: 0.999776
84798: 0.999776
84799: 0.999776
84800: 0.999776
84801: 0.999776
84802: 0.999776
84803: 0.999776
84804: 0.999776
84805: 0.999776
84806: 0.999776
84807: 0.999776
84808: 0.999776
84809: 0.999776
84810: 0.999776
84811: 0.999776
84812: 0.999776
84813: 0.999776
84814: 0.999776
84815: 0.999776
84816: 0.999776
84817: 0.999776
84818: 0.999776
84819: 0.999776
84820: 0.999776
84821: 0.999776
84822: 0.999776
84823: 0.999776
84824: 0.999776
84825: 0.999776
84826: 0.999776
84827: 0.999776
84828: 0.999776
84829: 0.999776
84830: 0.999776
84831: 0.999776
84832: 0.999776
84833: 0.999776
84834: 0.999776
84835: 0.999776
84836: 0.999776
84837: 0.999776
84838: 0.999776
84839: 0.999776
84840: 0.999776
84841: 0.999776
84842: 0.999776
84843: 0.999776
84844: 0.999776
84845: 0.999776
84846: 0.999776
84847: 0.999776
84848: 0.999776
84849: 0.999776
84850: 0.999776
84851: 0.999776
84852: 0.999776
84853: 0.999776
84854: 0.999776
84855: 0.999776
84856: 0.999776
84857: 0.999776
84858: 0.999776
84859: 0.999776
84860: 0.999776
84861: 0.999776
84862: 0.999776
84863: 0.999776
84864: 0.999776
84865: 0.999776
84866: 0.999776
84867: 0.999776
84868: 0.999776
84869: 0.999776
84870: 0.999776
84871: 0.999776
84872: 0.999776
84873: 0.999776
84874: 0.999776
84875: 0.999776
84876: 0.999776
84877: 0.999776
84878: 0.999776
84879: 0.999776
84880: 0.999776
84881: 0.999776
84882: 0.999776
84883: 0.999776
84884: 0.999776
84885: 0.999776
84886: 0.999776
84887: 0.999776
84888: 0.999776
84889: 0.999776
84890: 0.999776
84891: 0.999776
84892: 0.999776
84893: 0.999776
84894: 0.999776
84895: 0.999776
84896: 0.999776
84897: 0.999776
84898: 0.999776
84899: 0.999776
84900: 0.999776
84901: 0.999776
84902: 0.999776
84903: 0.999776
84904: 0.999776
84905: 0.999776
84906: 0.999776
84907: 0.999776
84908: 0.999776
84909: 0.999776
84910: 0.999776
84911: 0.999776
84912: 0.999776
84913: 0.999776
84914: 0.999776
84915: 0.999776
84916: 0.999776
84917: 0.999776
84918: 0.999776
84919: 0.999776
84920: 0.999776
84921: 0.999776
84922: 0.999776
84923: 0.999776
84924: 0.999776
84925: 0.999776
84926: 0.999776
84927: 0.999776
84928: 0.999776
84929: 0.999776
84930: 0.999776
84931: 0.999776
84932: 0.999776
84933: 0.999776
84934: 0.999776
84935: 0.999776
84936: 0.999776
84937: 0.999776
84938: 0.999776
84939: 0.999776
84940: 0.999776
84941: 0.999776
84942: 0.999776
84943: 0.999776
84944: 0.999776
84945: 0.999776
84946: 0.999776
84947: 0.999776
84948: 0.999776
84949: 0.999776
84950: 0.999776
84951: 0.999776
84952: 0.999776
84953: 0.999776
84954: 0.999776
84955: 0.999776
84956: 0.999776
84957: 0.999776
84958: 0.999776
84959: 0.999776
84960: 0.999776
84961: 0.999776
84962: 0.999776
84963: 0.999776
84964: 0.999776
84965: 0.999776
84966: 0.999776
84967: 0.999776
84968: 0.999776
84969: 0.999776
84970: 0.999776
84971: 0.999776
84972: 0.999776
84973: 0.999776
84974: 0.999776
84975: 0.999776
84976: 0.999776
84977: 0.999776
84978: 0.999776
84979: 0.999776
84980: 0.999776
84981: 0.999776
84982: 0.999776
84983: 0.999776
84984: 0.999776
84985: 0.999776
84986: 0.999776
84987: 0.999776
84988: 0.999776
84989: 0.999776
84990: 0.999776
84991: 0.999776
84992: 0.999776
84993: 0.999776
84994: 0.999776
84995: 0.999776
84996: 0.999776
84997: 0.999776
84998: 0.999776
84999: 0.999776
85000: 0.999776
85001: 0.999776
85002: 0.999776
85003: 0.999776
85004: 0.999776
85005: 0.999776
85006: 0.999776
85007: 0.999776
85008: 0.999776
85009: 0.999776
85010: 0.999776
85011: 0.999777
85012: 0.999777
85013: 0.999777
85014: 0.999777
85015: 0.999777
85016: 0.999777
85017: 0.999777
85018: 0.999777
85019: 0.999777
85020: 0.999777
85021: 0.999777
85022: 0.999777
85023: 0.999777
85024: 0.999777
85025: 0.999777
85026: 0.999777
85027: 0.999777
85028: 0.999777
85029: 0.999777
85030: 0.999777
85031: 0.999777
85032: 0.999777
85033: 0.999777
85034: 0.999777
85035: 0.999777
85036: 0.999777
85037: 0.999777
85038: 0.999777
85039: 0.999777
85040: 0.999777
85041: 0.999777
85042: 0.999777
85043: 0.999777
85044: 0.999777
85045: 0.999777
85046: 0.999777
85047: 0.999777
85048: 0.999777
85049: 0.999777
85050: 0.999777
85051: 0.999777
85052: 0.999777
85053: 0.999777
85054: 0.999777
85055: 0.999777
85056: 0.999777
85057: 0.999777
85058: 0.999777
85059: 0.999777
85060: 0.999777
85061: 0.999777
85062: 0.999777
85063: 0.999777
85064: 0.999777
85065: 0.999777
85066: 0.999777
85067: 0.999777
85068: 0.999777
85069: 0.999777
85070: 0.999777
85071: 0.999777
85072: 0.999777
85073: 0.999777
85074: 0.999777
85075: 0.999777
85076: 0.999777
85077: 0.999777
85078: 0.999777
85079: 0.999777
85080: 0.999777
85081: 0.999777
85082: 0.999777
85083: 0.999777
85084: 0.999777
85085: 0.999777
85086: 0.999777
85087: 0.999777
85088: 0.999777
85089: 0.999777
85090: 0.999777
85091: 0.999777
85092: 0.999777
85093: 0.999777
85094: 0.999777
85095: 0.999777
85096: 0.999777
85097: 0.999777
85098: 0.999777
85099: 0.999777
85100: 0.999777
85101: 0.999777
85102: 0.999777
85103: 0.999777
85104: 0.999777
85105: 0.999777
85106: 0.999777
85107: 0.999777
85108: 0.999777
85109: 0.999777
85110: 0.999777
85111: 0.999777
85112: 0.999777
85113: 0.999777
85114: 0.999777
85115: 0.999777
85116: 0.999777
85117: 0.999777
85118: 0.999777
85119: 0.999777
85120: 0.999777
85121: 0.999777
85122: 0.999777
85123: 0.999777
85124: 0.999777
85125: 0.999777
85126: 0.999777
85127: 0.999777
85128: 0.999777
85129: 0.999777
85130: 0.999777
85131: 0.999777
85132: 0.999777
85133: 0.999777
85134: 0.999777
85135: 0.999777
85136: 0.999777
85137: 0.999777
85138: 0.999777
85139: 0.999777
85140: 0.999777
85141: 0.999777
85142: 0.999777
85143: 0.999777
85144: 0.999777
85145: 0.999777
85146: 0.999777
85147: 0.999777
85148: 0.999777
85149: 0.999777
85150: 0.999777
85151: 0.999777
85152: 0.999777
85153: 0.999777
85154: 0.999777
85155: 0.999777
85156: 0.999777
85157: 0.999777
85158: 0.999777
85159: 0.999777
85160: 0.999777
85161: 0.999777
85162: 0.999777
85163: 0.999777
85164: 0.999777
85165: 0.999777
85166: 0.999777
85167: 0.999777
85168: 0.999777
85169: 0.999777
85170: 0.999777
85171: 0.999777
85172: 0.999777
85173: 0.999777
85174: 0.999777
85175: 0.999777
85176: 0.999777
85177: 0.999777
85178: 0.999777
85179: 0.999777
85180: 0.999777
85181: 0.999777
85182: 0.999777
85183: 0.999777
85184: 0.999777
85185: 0.999777
85186: 0.999777
85187: 0.999777
85188: 0.999777
85189: 0.999777
85190: 0.999777
85191: 0.999777
85192: 0.999777
85193: 0.999777
85194: 0.999777
85195: 0.999777
85196: 0.999777
85197: 0.999777
85198: 0.999777
85199: 0.999777
85200: 0.999777
85201: 0.999777
85202: 0.999777
85203: 0.999777
85204: 0.999777
85205: 0.999777
85206: 0.999777
85207: 0.999777
85208: 0.999777
85209: 0.999777
85210: 0.999777
85211: 0.999777
85212: 0.999777
85213: 0.999777
85214: 0.999777
85215: 0.999777
85216: 0.999777
85217: 0.999777
85218: 0.999777
85219: 0.999777
85220: 0.999777
85221: 0.999777
85222: 0.999777
85223: 0.999777
85224: 0.999777
85225: 0.999777
85226: 0.999777
85227: 0.999777
85228: 0.999777
85229: 0.999777
85230: 0.999777
85231: 0.999777
85232: 0.999777
85233: 0.999777
85234: 0.999777
85235: 0.999777
85236: 0.999777
85237: 0.999777
85238: 0.999777
85239: 0.999777
85240: 0.999777
85241: 0.999777
85242: 0.999777
85243: 0.999777
85244: 0.999777
85245: 0.999777
85246: 0.999777
85247: 0.999777
85248: 0.999777
85249: 0.999777
85250: 0.999777
85251: 0.999777
85252: 0.999777
85253: 0.999777
85254: 0.999777
85255: 0.999777
85256: 0.999777
85257: 0.999777
85258: 0.999777
85259: 0.999777
85260: 0.999777
85261: 0.999777
85262: 0.999777
85263: 0.999777
85264: 0.999777
85265: 0.999777
85266: 0.999777
85267: 0.999777
85268: 0.999777
85269: 0.999777
85270: 0.999777
85271: 0.999777
85272: 0.999777
85273: 0.999777
85274: 0.999777
85275: 0.999777
85276: 0.999777
85277: 0.999777
85278: 0.999777
85279: 0.999777
85280: 0.999777
85281: 0.999777
85282: 0.999777
85283: 0.999777
85284: 0.999777
85285: 0.999777
85286: 0.999777
85287: 0.999777
85288: 0.999777
85289: 0.999777
85290: 0.999777
85291: 0.999777
85292: 0.999777
85293: 0.999777
85294: 0.999777
85295: 0.999777
85296: 0.999777
85297: 0.999777
85298: 0.999777
85299: 0.999777
85300: 0.999777
85301: 0.999777
85302: 0.999777
85303: 0.999777
85304: 0.999777
85305: 0.999777
85306: 0.999777
85307: 0.999777
85308: 0.999777
85309: 0.999777
85310: 0.999777
85311: 0.999777
85312: 0.999777
85313: 0.999777
85314: 0.999777
85315: 0.999777
85316: 0.999777
85317: 0.999777
85318: 0.999777
85319: 0.999777
85320: 0.999777
85321: 0.999777
85322: 0.999777
85323: 0.999777
85324: 0.999777
85325: 0.999777
85326: 0.999777
85327: 0.999777
85328: 0.999777
85329: 0.999777
85330: 0.999777
85331: 0.999777
85332: 0.999777
85333: 0.999777
85334: 0.999777
85335: 0.999777
85336: 0.999777
85337: 0.999777
85338: 0.999777
85339: 0.999777
85340: 0.999777
85341: 0.999777
85342: 0.999777
85343: 0.999777
85344: 0.999777
85345: 0.999777
85346: 0.999777
85347: 0.999777
85348: 0.999777
85349: 0.999777
85350: 0.999777
85351: 0.999777
85352: 0.999777
85353: 0.999777
85354: 0.999777
85355: 0.999777
85356: 0.999777
85357: 0.999777
85358: 0.999777
85359: 0.999777
85360: 0.999777
85361: 0.999777
85362: 0.999777
85363: 0.999777
85364: 0.999777
85365: 0.999777
85366: 0.999777
85367: 0.999777
85368: 0.999777
85369: 0.999777
85370: 0.999777
85371: 0.999777
85372: 0.999777
85373: 0.999777
85374: 0.999777
85375: 0.999777
85376: 0.999777
85377: 0.999777
85378: 0.999777
85379: 0.999777
85380: 0.999777
85381: 0.999777
85382: 0.999777
85383: 0.999777
85384: 0.999777
85385: 0.999777
85386: 0.999777
85387: 0.999777
85388: 0.999777
85389: 0.999777
85390: 0.999777
85391: 0.999777
85392: 0.999777
85393: 0.999778
85394: 0.999778
85395: 0.999778
85396: 0.999778
85397: 0.999778
85398: 0.999778
85399: 0.999778
85400: 0.999778
85401: 0.999778
85402: 0.999778
85403: 0.999778
85404: 0.999778
85405: 0.999778
85406: 0.999778
85407: 0.999778
85408: 0.999778
85409: 0.999778
85410: 0.999778
85411: 0.999778
85412: 0.999778
85413: 0.999778
85414: 0.999778
85415: 0.999778
85416: 0.999778
85417: 0.999778
85418: 0.999778
85419: 0.999778
85420: 0.999778
85421: 0.999778
85422: 0.999778
85423: 0.999778
85424: 0.999778
85425: 0.999778
85426: 0.999778
85427: 0.999778
85428: 0.999778
85429: 0.999778
85430: 0.999778
85431: 0.999778
85432: 0.999778
85433: 0.999778
85434: 0.999778
85435: 0.999778
85436: 0.999778
85437: 0.999778
85438: 0.999778
85439: 0.999778
85440: 0.999778
85441: 0.999778
85442: 0.999778
85443: 0.999778
85444: 0.999778
85445: 0.999778
85446: 0.999778
85447: 0.999778
85448: 0.999778
85449: 0.999778
85450: 0.999778
85451: 0.999778
85452: 0.999778
85453: 0.999778
85454: 0.999778
85455: 0.999778
85456: 0.999778
85457: 0.999778
85458: 0.999778
85459: 0.999778
85460: 0.999778
85461: 0.999778
85462: 0.999778
85463: 0.999778
85464: 0.999778
85465: 0.999778
85466: 0.999778
85467: 0.999778
85468: 0.999778
85469: 0.999778
85470: 0.999778
85471: 0.999778
85472: 0.999778
85473: 0.999778
85474: 0.999778
85475: 0.999778
85476: 0.999778
85477: 0.999778
85478: 0.999778
85479: 0.999778
85480: 0.999778
85481: 0.999778
85482: 0.999778
85483: 0.999778
85484: 0.999778
85485: 0.999778
85486: 0.999778
85487: 0.999778
85488: 0.999778
85489: 0.999778
85490: 0.999778
85491: 0.999778
85492: 0.999778
85493: 0.999778
85494: 0.999778
85495: 0.999778
85496: 0.999778
85497: 0.999778
85498: 0.999778
85499: 0.999778
85500: 0.999778
85501: 0.999778
85502: 0.999778
85503: 0.999778
85504: 0.999778
85505: 0.999778
85506: 0.999778
85507: 0.999778
85508: 0.999778
85509: 0.999778
85510: 0.999778
85511: 0.999778
85512: 0.999778
85513: 0.999778
85514: 0.999778
85515: 0.999778
85516: 0.999778
85517: 0.999778
85518: 0.999778
85519: 0.999778
85520: 0.999778
85521: 0.999778
85522: 0.999778
85523: 0.999778
85524: 0.999778
85525: 0.999778
85526: 0.999778
85527: 0.999778
85528: 0.999778
85529: 0.999778
85530: 0.999778
85531: 0.999778
85532: 0.999778
85533: 0.999778
85534: 0.999778
85535: 0.999778
85536: 0.999778
85537: 0.999778
85538: 0.999778
85539: 0.999778
85540: 0.999778
85541: 0.999778
85542: 0.999778
85543: 0.999778
85544: 0.999778
85545: 0.999778
85546: 0.999778
85547: 0.999778
85548: 0.999778
85549: 0.999778
85550: 0.999778
85551: 0.999778
85552: 0.999778
85553: 0.999778
85554: 0.999778
85555: 0.999778
85556: 0.999778
85557: 0.999778
85558: 0.999778
85559: 0.999778
85560: 0.999778
85561: 0.999778
85562: 0.999778
85563: 0.999778
85564: 0.999778
85565: 0.999778
85566: 0.999778
85567: 0.999778
85568: 0.999778
85569: 0.999778
85570: 0.999778
85571: 0.999778
85572: 0.999778
85573: 0.999778
85574: 0.999778
85575: 0.999778
85576: 0.999778
85577: 0.999778
85578: 0.999778
85579: 0.999778
85580: 0.999778
85581: 0.999778
85582: 0.999778
85583: 0.999778
85584: 0.999778
85585: 0.999778
85586: 0.999778
85587: 0.999778
85588: 0.999778
85589: 0.999778
85590: 0.999778
85591: 0.999778
85592: 0.999778
85593: 0.999778
85594: 0.999778
85595: 0.999778
85596: 0.999778
85597: 0.999778
85598: 0.999778
85599: 0.999778
85600: 0.999778
85601: 0.999778
85602: 0.999778
85603: 0.999778
85604: 0.999778
85605: 0.999778
85606: 0.999778
85607: 0.999778
85608: 0.999778
85609: 0.999778
85610: 0.999778
85611: 0.999778
85612: 0.999778
85613: 0.999778
85614: 0.999778
85615: 0.999778
85616: 0.999778
85617: 0.999778
85618: 0.999778
85619: 0.999778
85620: 0.999778
85621: 0.999778
85622: 0.999778
85623: 0.999778
85624: 0.999778
85625: 0.999778
85626: 0.999778
85627: 0.999778
85628: 0.999778
85629: 0.999778
85630: 0.999778
85631: 0.999778
85632: 0.999778
85633: 0.999778
85634: 0.999778
85635: 0.999778
85636: 0.999778
85637: 0.999778
85638: 0.999778
85639: 0.999778
85640: 0.999778
85641: 0.999778
85642: 0.999778
85643: 0.999778
85644: 0.999778
85645: 0.999778
85646: 0.999778
85647: 0.999778
85648: 0.999778
85649: 0.999778
85650: 0.999778
85651: 0.999778
85652: 0.999778
85653: 0.999778
85654: 0.999778
85655: 0.999778
85656: 0.999778
85657: 0.999778
85658: 0.999778
85659: 0.999778
85660: 0.999778
85661: 0.999778
85662: 0.999778
85663: 0.999778
85664: 0.999778
85665: 0.999778
85666: 0.999778
85667: 0.999778
85668: 0.999778
85669: 0.999778
85670: 0.999778
85671: 0.999778
85672: 0.999778
85673: 0.999778
85674: 0.999778
85675: 0.999778
85676: 0.999778
85677: 0.999778
85678: 0.999778
85679: 0.999778
85680: 0.999778
85681: 0.999778
85682: 0.999778
85683: 0.999778
85684: 0.999778
85685: 0.999778
85686: 0.999778
85687: 0.999778
85688: 0.999778
85689: 0.999778
85690: 0.999778
85691: 0.999778
85692: 0.999778
85693: 0.999778
85694: 0.999778
85695: 0.999778
85696: 0.999778
85697: 0.999778
85698: 0.999778
85699: 0.999778
85700: 0.999778
85701: 0.999778
85702: 0.999778
85703: 0.999778
85704: 0.999778
85705: 0.999778
85706: 0.999778
85707: 0.999778
85708: 0.999778
85709: 0.999778
85710: 0.999778
85711: 0.999778
85712: 0.999778
85713: 0.999778
85714: 0.999778
85715: 0.999778
85716: 0.999778
85717: 0.999778
85718: 0.999778
85719: 0.999778
85720: 0.999778
85721: 0.999778
85722: 0.999778
85723: 0.999778
85724: 0.999778
85725: 0.999778
85726: 0.999778
85727: 0.999778
85728: 0.999778
85729: 0.999778
85730: 0.999778
85731: 0.999778
85732: 0.999778
85733: 0.999778
85734: 0.999778
85735: 0.999778
85736: 0.999778
85737: 0.999778
85738: 0.999778
85739: 0.999778
85740: 0.999778
85741: 0.999778
85742: 0.999778
85743: 0.999778
85744: 0.999778
85745: 0.999778
85746: 0.999778
85747: 0.999778
85748: 0.999778
85749: 0.999778
85750: 0.999778
85751: 0.999778
85752: 0.999778
85753: 0.999778
85754: 0.999778
85755: 0.999778
85756: 0.999778
85757: 0.999778
85758: 0.999778
85759: 0.999778
85760: 0.999778
85761: 0.999778
85762: 0.999778
85763: 0.999778
85764: 0.999778
85765: 0.999778
85766: 0.999778
85767: 0.999778
85768: 0.999778
85769: 0.999778
85770: 0.999778
85771: 0.999778
85772: 0.999778
85773: 0.999778
85774: 0.999778
85775: 0.999778
85776: 0.999778
85777: 0.999778
85778: 0.999779
85779: 0.999779
85780: 0.999779
85781: 0.999779
85782: 0.999779
85783: 0.999779
85784: 0.999779
85785: 0.999779
85786: 0.999779
85787: 0.999779
85788: 0.999779
85789: 0.999779
85790: 0.999779
85791: 0.999779
85792: 0.999779
85793: 0.999779
85794: 0.999779
85795: 0.999779
85796: 0.999779
85797: 0.999779
85798: 0.999779
85799: 0.999779
85800: 0.999779
85801: 0.999779
85802: 0.999779
85803: 0.999779
85804: 0.999779
85805: 0.999779
85806: 0.999779
85807: 0.999779
85808: 0.999779
85809: 0.999779
85810: 0.999779
85811: 0.999779
85812: 0.999779
85813: 0.999779
85814: 0.999779
85815: 0.999779
85816: 0.999779
85817: 0.999779
85818: 0.999779
85819: 0.999779
85820: 0.999779
85821: 0.999779
85822: 0.999779
85823: 0.999779
85824: 0.999779
85825: 0.999779
85826: 0.999779
85827: 0.999779
85828: 0.999779
85829: 0.999779
85830: 0.999779
85831: 0.999779
85832: 0.999779
85833: 0.999779
85834: 0.999779
85835: 0.999779
85836: 0.999779
85837: 0.999779
85838: 0.999779
85839: 0.999779
85840: 0.999779
85841: 0.999779
85842: 0.999779
85843: 0.999779
85844: 0.999779
85845: 0.999779
85846: 0.999779
85847: 0.999779
85848: 0.999779
85849: 0.999779
85850: 0.999779
85851: 0.999779
85852: 0.999779
85853: 0.999779
85854: 0.999779
85855: 0.999779
85856: 0.999779
85857: 0.999779
85858: 0.999779
85859: 0.999779
85860: 0.999779
85861: 0.999779
85862: 0.999779
85863: 0.999779
85864: 0.999779
85865: 0.999779
85866: 0.999779
85867: 0.999779
85868: 0.999779
85869: 0.999779
85870: 0.999779
85871: 0.999779
85872: 0.999779
85873: 0.999779
85874: 0.999779
85875: 0.999779
85876: 0.999779
85877: 0.999779
85878: 0.999779
85879: 0.999779
85880: 0.999779
85881: 0.999779
85882: 0.999779
85883: 0.999779
85884: 0.999779
85885: 0.999779
85886: 0.999779
85887: 0.999779
85888: 0.999779
85889: 0.999779
85890: 0.999779
85891: 0.999779
85892: 0.999779
85893: 0.999779
85894: 0.999779
85895: 0.999779
85896: 0.999779
85897: 0.999779
85898: 0.999779
85899: 0.999779
85900: 0.999779
85901: 0.999779
85902: 0.999779
85903: 0.999779
85904: 0.999779
85905: 0.999779
85906: 0.999779
85907: 0.999779
85908: 0.999779
85909: 0.999779
85910: 0.999779
85911: 0.999779
85912: 0.999779
85913: 0.999779
85914: 0.999779
85915: 0.999779
85916: 0.999779
85917: 0.999779
85918: 0.999779
85919: 0.999779
85920: 0.999779
85921: 0.999779
85922: 0.999779
85923: 0.999779
85924: 0.999779
85925: 0.999779
85926: 0.999779
85927: 0.999779
85928: 0.999779
85929: 0.999779
85930: 0.999779
85931: 0.999779
85932: 0.999779
85933: 0.999779
85934: 0.999779
85935: 0.999779
85936: 0.999779
85937: 0.999779
85938: 0.999779
85939: 0.999779
85940: 0.999779
85941: 0.999779
85942: 0.999779
85943: 0.999779
85944: 0.999779
85945: 0.999779
85946: 0.999779
85947: 0.999779
85948: 0.999779
85949: 0.999779
85950: 0.999779
85951: 0.999779
85952: 0.999779
85953: 0.999779
85954: 0.999779
85955: 0.999779
85956: 0.999779
85957: 0.999779
85958: 0.999779
85959: 0.999779
85960: 0.999779
85961: 0.999779
85962: 0.999779
85963: 0.999779
85964: 0.999779
85965: 0.999779
85966: 0.999779
85967: 0.999779
85968: 0.999779
85969: 0.999779
85970: 0.999779
85971: 0.999779
85972: 0.999779
85973: 0.999779
85974: 0.999779
85975: 0.999779
85976: 0.999779
85977: 0.999779
85978: 0.999779
85979: 0.999779
85980: 0.999779
85981: 0.999779
85982: 0.999779
85983: 0.999779
85984: 0.999779
85985: 0.999779
85986: 0.999779
85987: 0.999779
85988: 0.999779
85989: 0.999779
85990: 0.999779
85991: 0.999779
85992: 0.999779
85993: 0.999779
85994: 0.999779
85995: 0.999779
85996: 0.999779
85997: 0.999779
85998: 0.999779
85999: 0.999779
86000: 0.999779
86001: 0.999779
86002: 0.999779
86003: 0.999779
86004: 0.999779
86005: 0.999779
86006: 0.999779
86007: 0.999779
86008: 0.999779
86009: 0.999779
86010: 0.999779
86011: 0.999779
86012: 0.999779
86013: 0.999779
86014: 0.999779
86015: 0.999779
86016: 0.999779
86017: 0.999779
86018: 0.999779
86019: 0.999779
86020: 0.999779
86021: 0.999779
86022: 0.999779
86023: 0.999779
86024: 0.999779
86025: 0.999779
86026: 0.999779
86027: 0.999779
86028: 0.999779
86029: 0.999779
86030: 0.999779
86031: 0.999779
86032: 0.999779
86033: 0.999779
86034: 0.999779
86035: 0.999779
86036: 0.999779
86037: 0.999779
86038: 0.999779
86039: 0.999779
86040: 0.999779
86041: 0.999779
86042: 0.999779
86043: 0.999779
86044: 0.999779
86045: 0.999779
86046: 0.999779
86047: 0.999779
86048: 0.999779
86049: 0.999779
86050: 0.999779
86051: 0.999779
86052: 0.999779
86053: 0.999779
86054: 0.999779
86055: 0.999779
86056: 0.999779
86057: 0.999779
86058: 0.999779
86059: 0.999779
86060: 0.999779
86061: 0.999779
86062: 0.999779
86063: 0.999779
86064: 0.999779
86065: 0.999779
86066: 0.999779
86067: 0.999779
86068: 0.999779
86069: 0.999779
86070: 0.999779
86071: 0.999779
86072: 0.999779
86073: 0.999779
86074: 0.999779
86075: 0.999779
86076: 0.999779
86077: 0.999779
86078: 0.999779
86079: 0.999779
86080: 0.999779
86081: 0.999779
86082: 0.999779
86083: 0.999779
86084: 0.999779
86085: 0.999779
86086: 0.999779
86087: 0.999779
86088: 0.999779
86089: 0.999779
86090: 0.999779
86091: 0.999779
86092: 0.999779
86093: 0.999779
86094: 0.999779
86095: 0.999779
86096: 0.999779
86097: 0.999779
86098: 0.999779
86099: 0.999779
86100: 0.999779
86101: 0.999779
86102: 0.999779
86103: 0.999779
86104: 0.999779
86105: 0.999779
86106: 0.999779
86107: 0.999779
86108: 0.999779
86109: 0.999779
86110: 0.999779
86111: 0.999779
86112: 0.999779
86113: 0.999779
86114: 0.999779
86115: 0.999779
86116: 0.999779
86117: 0.999779
86118: 0.999779
86119: 0.999779
86120: 0.999779
86121: 0.999779
86122: 0.999779
86123: 0.999779
86124: 0.999779
86125: 0.999779
86126: 0.999779
86127: 0.999779
86128: 0.999779
86129: 0.999779
86130: 0.999779
86131: 0.999779
86132: 0.999779
86133: 0.999779
86134: 0.999779
86135: 0.999779
86136: 0.999779
86137: 0.999779
86138: 0.999779
86139: 0.999779
86140: 0.999779
86141: 0.999779
86142: 0.999779
86143: 0.999779
86144: 0.999779
86145: 0.999779
86146: 0.999779
86147: 0.999779
86148: 0.999779
86149: 0.999779
86150: 0.999779
86151: 0.999779
86152: 0.999779
86153: 0.999779
86154: 0.999779
86155: 0.999779
86156: 0.999779
86157: 0.999779
86158: 0.999779
86159: 0.999779
86160: 0.999779
86161: 0.999779
86162: 0.999779
86163: 0.999779
86164: 0.999779
86165: 0.999779
86166: 0.999779
86167: 0.99978
86168: 0.99978
86169: 0.99978
86170: 0.99978
86171: 0.99978
86172: 0.99978
86173: 0.99978
86174: 0.99978
86175: 0.99978
86176: 0.99978
86177: 0.99978
86178: 0.99978
86179: 0.99978
86180: 0.99978
86181: 0.99978
86182: 0.99978
86183: 0.99978
86184: 0.99978
86185: 0.99978
86186: 0.99978
86187: 0.99978
86188: 0.99978
86189: 0.99978
86190: 0.99978
86191: 0.99978
86192: 0.99978
86193: 0.99978
86194: 0.99978
86195: 0.99978
86196: 0.99978
86197: 0.99978
86198: 0.99978
86199: 0.99978
86200: 0.99978
86201: 0.99978
86202: 0.99978
86203: 0.99978
86204: 0.99978
86205: 0.99978
86206: 0.99978
86207: 0.99978
86208: 0.99978
86209: 0.99978
86210: 0.99978
86211: 0.99978
86212: 0.99978
86213: 0.99978
86214: 0.99978
86215: 0.99978
86216: 0.99978
86217: 0.99978
86218: 0.99978
86219: 0.99978
86220: 0.99978
86221: 0.99978
86222: 0.99978
86223: 0.99978
86224: 0.99978
86225: 0.99978
86226: 0.99978
86227: 0.99978
86228: 0.99978
86229: 0.99978
86230: 0.99978
86231: 0.99978
86232: 0.99978
86233: 0.99978
86234: 0.99978
86235: 0.99978
86236: 0.99978
86237: 0.99978
86238: 0.99978
86239: 0.99978
86240: 0.99978
86241: 0.99978
86242: 0.99978
86243: 0.99978
86244: 0.99978
86245: 0.99978
86246: 0.99978
86247: 0.99978
86248: 0.99978
86249: 0.99978
86250: 0.99978
86251: 0.99978
86252: 0.99978
86253: 0.99978
86254: 0.99978
86255: 0.99978
86256: 0.99978
86257: 0.99978
86258: 0.99978
86259: 0.99978
86260: 0.99978
86261: 0.99978
86262: 0.99978
86263: 0.99978
86264: 0.99978
86265: 0.99978
86266: 0.99978
86267: 0.99978
86268: 0.99978
86269: 0.99978
86270: 0.99978
86271: 0.99978
86272: 0.99978
86273: 0.99978
86274: 0.99978
86275: 0.99978
86276: 0.99978
86277: 0.99978
86278: 0.99978
86279: 0.99978
86280: 0.99978
86281: 0.99978
86282: 0.99978
86283: 0.99978
86284: 0.99978
86285: 0.99978
86286: 0.99978
86287: 0.99978
86288: 0.99978
86289: 0.99978
86290: 0.99978
86291: 0.99978
86292: 0.99978
86293: 0.99978
86294: 0.99978
86295: 0.99978
86296: 0.99978
86297: 0.99978
86298: 0.99978
86299: 0.99978
86300: 0.99978
86301: 0.99978
86302: 0.99978
86303: 0.99978
86304: 0.99978
86305: 0.99978
86306: 0.99978
86307: 0.99978
86308: 0.99978
86309: 0.99978
86310: 0.99978
86311: 0.99978
86312: 0.99978
86313: 0.99978
86314: 0.99978
86315: 0.99978
86316: 0.99978
86317: 0.99978
86318: 0.99978
86319: 0.99978
86320: 0.99978
86321: 0.99978
86322: 0.99978
86323: 0.99978
86324: 0.99978
86325: 0.99978
86326: 0.99978
86327: 0.99978
86328: 0.99978
86329: 0.99978
86330: 0.99978
86331: 0.99978
86332: 0.99978
86333: 0.99978
86334: 0.99978
86335: 0.99978
86336: 0.99978
86337: 0.99978
86338: 0.99978
86339: 0.99978
86340: 0.99978
86341: 0.99978
86342: 0.99978
86343: 0.99978
86344: 0.99978
86345: 0.99978
86346: 0.99978
86347: 0.99978
86348: 0.99978
86349: 0.99978
86350: 0.99978
86351: 0.99978
86352: 0.99978
86353: 0.99978
86354: 0.99978
86355: 0.99978
86356: 0.99978
86357: 0.99978
86358: 0.99978
86359: 0.99978
86360: 0.99978
86361: 0.99978
86362: 0.99978
86363: 0.99978
86364: 0.99978
86365: 0.99978
86366: 0.99978
86367: 0.99978
86368: 0.99978
86369: 0.99978
86370: 0.99978
86371: 0.99978
86372: 0.99978
86373: 0.99978
86374: 0.99978
86375: 0.99978
86376: 0.99978
86377: 0.99978
86378: 0.99978
86379: 0.99978
86380: 0.99978
86381: 0.99978
86382: 0.99978
86383: 0.99978
86384: 0.99978
86385: 0.99978
86386: 0.99978
86387: 0.99978
86388: 0.99978
86389: 0.99978
86390: 0.99978
86391: 0.99978
86392: 0.99978
86393: 0.99978
86394: 0.99978
86395: 0.99978
86396: 0.99978
86397: 0.99978
86398: 0.99978
86399: 0.99978
86400: 0.99978
86401: 0.99978
86402: 0.99978
86403: 0.99978
86404: 0.99978
86405: 0.99978
86406: 0.99978
86407: 0.99978
86408: 0.99978
86409: 0.99978
86410: 0.99978
86411: 0.99978
86412: 0.99978
86413: 0.99978
86414: 0.99978
86415: 0.99978
86416: 0.99978
86417: 0.99978
86418: 0.99978
86419: 0.99978
86420: 0.99978
86421: 0.99978
86422: 0.99978
86423: 0.99978
86424: 0.99978
86425: 0.99978
86426: 0.99978
86427: 0.99978
86428: 0.99978
86429: 0.99978
86430: 0.99978
86431: 0.99978
86432: 0.99978
86433: 0.99978
86434: 0.99978
86435: 0.99978
86436: 0.99978
86437: 0.99978
86438: 0.99978
86439: 0.99978
86440: 0.99978
86441: 0.99978
86442: 0.99978
86443: 0.99978
86444: 0.99978
86445: 0.99978
86446: 0.99978
86447: 0.99978
86448: 0.99978
86449: 0.99978
86450: 0.99978
86451: 0.99978
86452: 0.99978
86453: 0.99978
86454: 0.99978
86455: 0.99978
86456: 0.99978
86457: 0.99978
86458: 0.99978
86459: 0.99978
86460: 0.99978
86461: 0.99978
86462: 0.99978
86463: 0.99978
86464: 0.99978
86465: 0.99978
86466: 0.99978
86467: 0.99978
86468: 0.99978
86469: 0.99978
86470: 0.99978
86471: 0.99978
86472: 0.99978
86473: 0.99978
86474: 0.99978
86475: 0.99978
86476: 0.99978
86477: 0.99978
86478: 0.99978
86479: 0.99978
86480: 0.99978
86481: 0.99978
86482: 0.99978
86483: 0.99978
86484: 0.99978
86485: 0.99978
86486: 0.99978
86487: 0.99978
86488: 0.99978
86489: 0.99978
86490: 0.99978
86491: 0.99978
86492: 0.99978
86493: 0.99978
86494: 0.99978
86495: 0.99978
86496: 0.99978
86497: 0.99978
86498: 0.99978
86499: 0.99978
86500: 0.99978
86501: 0.99978
86502: 0.99978
86503: 0.99978
86504: 0.99978
86505: 0.99978
86506: 0.99978
86507: 0.99978
86508: 0.99978
86509: 0.99978
86510: 0.99978
86511: 0.99978
86512: 0.99978
86513: 0.99978
86514: 0.99978
86515: 0.99978
86516: 0.99978
86517: 0.99978
86518: 0.99978
86519: 0.99978
86520: 0.99978
86521: 0.99978
86522: 0.99978
86523: 0.99978
86524: 0.99978
86525: 0.99978
86526: 0.99978
86527: 0.99978
86528: 0.99978
86529: 0.99978
86530: 0.99978
86531: 0.99978
86532: 0.99978
86533: 0.99978
86534: 0.99978
86535: 0.99978
86536: 0.99978
86537: 0.99978
86538: 0.99978
86539: 0.99978
86540: 0.99978
86541: 0.99978
86542: 0.99978
86543: 0.99978
86544: 0.99978
86545: 0.99978
86546: 0.99978
86547: 0.99978
86548: 0.99978
86549: 0.99978
86550: 0.99978
86551: 0.99978
86552: 0.99978
86553: 0.99978
86554: 0.99978
86555: 0.99978
86556: 0.99978
86557: 0.99978
86558: 0.99978
86559: 0.99978
86560: 0.999781
86561: 0.999781
86562: 0.999781
86563: 0.999781
86564: 0.999781
86565: 0.999781
86566: 0.999781
86567: 0.999781
86568: 0.999781
86569: 0.999781
86570: 0.999781
86571: 0.999781
86572: 0.999781
86573: 0.999781
86574: 0.999781
86575: 0.999781
86576: 0.999781
86577: 0.999781
86578: 0.999781
86579: 0.999781
86580: 0.999781
86581: 0.999781
86582: 0.999781
86583: 0.999781
86584: 0.999781
86585: 0.999781
86586: 0.999781
86587: 0.999781
86588: 0.999781
86589: 0.999781
86590: 0.999781
86591: 0.999781
86592: 0.999781
86593: 0.999781
86594: 0.999781
86595: 0.999781
86596: 0.999781
86597: 0.999781
86598: 0.999781
86599: 0.999781
86600: 0.999781
86601: 0.999781
86602: 0.999781
86603: 0.999781
86604: 0.999781
86605: 0.999781
86606: 0.999781
86607: 0.999781
86608: 0.999781
86609: 0.999781
86610: 0.999781
86611: 0.999781
86612: 0.999781
86613: 0.999781
86614: 0.999781
86615: 0.999781
86616: 0.999781
86617: 0.999781
86618: 0.999781
86619: 0.999781
86620: 0.999781
86621: 0.999781
86622: 0.999781
86623: 0.999781
86624: 0.999781
86625: 0.999781
86626: 0.999781
86627: 0.999781
86628: 0.999781
86629: 0.999781
86630: 0.999781
86631: 0.999781
86632: 0.999781
86633: 0.999781
86634: 0.999781
86635: 0.999781
86636: 0.999781
86637: 0.999781
86638: 0.999781
86639: 0.999781
86640: 0.999781
86641: 0.999781
86642: 0.999781
86643: 0.999781
86644: 0.999781
86645: 0.999781
86646: 0.999781
86647: 0.999781
86648: 0.999781
86649: 0.999781
86650: 0.999781
86651: 0.999781
86652: 0.999781
86653: 0.999781
86654: 0.999781
86655: 0.999781
86656: 0.999781
86657: 0.999781
86658: 0.999781
86659: 0.999781
86660: 0.999781
86661: 0.999781
86662: 0.999781
86663: 0.999781
86664: 0.999781
86665: 0.999781
86666: 0.999781
86667: 0.999781
86668: 0.999781
86669: 0.999781
86670: 0.999781
86671: 0.999781
86672: 0.999781
86673: 0.999781
86674: 0.999781
86675: 0.999781
86676: 0.999781
86677: 0.999781
86678: 0.999781
86679: 0.999781
86680: 0.999781
86681: 0.999781
86682: 0.999781
86683: 0.999781
86684: 0.999781
86685: 0.999781
86686: 0.999781
86687: 0.999781
86688: 0.999781
86689: 0.999781
86690: 0.999781
86691: 0.999781
86692: 0.999781
86693: 0.999781
86694: 0.999781
86695: 0.999781
86696: 0.999781
86697: 0.999781
86698: 0.999781
86699: 0.999781
86700: 0.999781
86701: 0.999781
86702: 0.999781
86703: 0.999781
86704: 0.999781
86705: 0.999781
86706: 0.999781
86707: 0.999781
86708: 0.999781
86709: 0.999781
86710: 0.999781
86711: 0.999781
86712: 0.999781
86713: 0.999781
86714: 0.999781
86715: 0.999781
86716: 0.999781
86717: 0.999781
86718: 0.999781
86719: 0.999781
86720: 0.999781
86721: 0.999781
86722: 0.999781
86723: 0.999781
86724: 0.999781
86725: 0.999781
86726: 0.999781
86727: 0.999781
86728: 0.999781
86729: 0.999781
86730: 0.999781
86731: 0.999781
86732: 0.999781
86733: 0.999781
86734: 0.999781
86735: 0.999781
86736: 0.999781
86737: 0.999781
86738: 0.999781
86739: 0.999781
86740: 0.999781
86741: 0.999781
86742: 0.999781
86743: 0.999781
86744: 0.999781
86745: 0.999781
86746: 0.999781
86747: 0.999781
86748: 0.999781
86749: 0.999781
86750: 0.999781
86751: 0.999781
86752: 0.999781
86753: 0.999781
86754: 0.999781
86755: 0.999781
86756: 0.999781
86757: 0.999781
86758: 0.999781
86759: 0.999781
86760: 0.999781
86761: 0.999781
86762: 0.999781
86763: 0.999781
86764: 0.999781
86765: 0.999781
86766: 0.999781
86767: 0.999781
86768: 0.999781
86769: 0.999781
86770: 0.999781
86771: 0.999781
86772: 0.999781
86773: 0.999781
86774: 0.999781
86775: 0.999781
86776: 0.999781
86777: 0.999781
86778: 0.999781
86779: 0.999781
86780: 0.999781
86781: 0.999781
86782: 0.999781
86783: 0.999781
86784: 0.999781
86785: 0.999781
86786: 0.999781
86787: 0.999781
86788: 0.999781
86789: 0.999781
86790: 0.999781
86791: 0.999781
86792: 0.999781
86793: 0.999781
86794: 0.999781
86795: 0.999781
86796: 0.999781
86797: 0.999781
86798: 0.999781
86799: 0.999781
86800: 0.999781
86801: 0.999781
86802: 0.999781
86803: 0.999781
86804: 0.999781
86805: 0.999781
86806: 0.999781
86807: 0.999781
86808: 0.999781
86809: 0.999781
86810: 0.999781
86811: 0.999781
86812: 0.999781
86813: 0.999781
86814: 0.999781
86815: 0.999781
86816: 0.999781
86817: 0.999781
86818: 0.999781
86819: 0.999781
86820: 0.999781
86821: 0.999781
86822: 0.999781
86823: 0.999781
86824: 0.999781
86825: 0.999781
86826: 0.999781
86827: 0.999781
86828: 0.999781
86829: 0.999781
86830: 0.999781
86831: 0.999781
86832: 0.999781
86833: 0.999781
86834: 0.999781
86835: 0.999781
86836: 0.999781
86837: 0.999781
86838: 0.999781
86839: 0.999781
86840: 0.999781
86841: 0.999781
86842: 0.999781
86843: 0.999781
86844: 0.999781
86845: 0.999781
86846: 0.999781
86847: 0.999781
86848: 0.999781
86849: 0.999781
86850: 0.999781
86851: 0.999781
86852: 0.999781
86853: 0.999781
86854: 0.999781
86855: 0.999781
86856: 0.999781
86857: 0.999781
86858: 0.999781
86859: 0.999781
86860: 0.999781
86861: 0.999781
86862: 0.999781
86863: 0.999781
86864: 0.999781
86865: 0.999781
86866: 0.999781
86867: 0.999781
86868: 0.999781
86869: 0.999781
86870: 0.999781
86871: 0.999781
86872: 0.999781
86873: 0.999781
86874: 0.999781
86875: 0.999781
86876: 0.999781
86877: 0.999781
86878: 0.999781
86879: 0.999781
86880: 0.999781
86881: 0.999781
86882: 0.999781
86883: 0.999781
86884: 0.999781
86885: 0.999781
86886: 0.999781
86887: 0.999781
86888: 0.999781
86889: 0.999781
86890: 0.999781
86891: 0.999781
86892: 0.999781
86893: 0.999781
86894: 0.999781
86895: 0.999781
86896: 0.999781
86897: 0.999781
86898: 0.999781
86899: 0.999781
86900: 0.999781
86901: 0.999781
86902: 0.999781
86903: 0.999781
86904: 0.999781
86905: 0.999781
86906: 0.999781
86907: 0.999781
86908: 0.999781
86909: 0.999781
86910: 0.999781
86911: 0.999781
86912: 0.999781
86913: 0.999781
86914: 0.999781
86915: 0.999781
86916: 0.999781
86917: 0.999781
86918: 0.999781
86919: 0.999781
86920: 0.999781
86921: 0.999781
86922: 0.999781
86923: 0.999781
86924: 0.999781
86925: 0.999781
86926: 0.999781
86927: 0.999781
86928: 0.999781
86929: 0.999781
86930: 0.999781
86931: 0.999781
86932: 0.999781
86933: 0.999781
86934: 0.999781
86935: 0.999781
86936: 0.999781
86937: 0.999781
86938: 0.999781
86939: 0.999781
86940: 0.999781
86941: 0.999781
86942: 0.999781
86943: 0.999781
86944: 0.999781
86945: 0.999781
86946: 0.999781
86947: 0.999781
86948: 0.999781
86949: 0.999781
86950: 0.999781
86951: 0.999781
86952: 0.999781
86953: 0.999781
86954: 0.999781
86955: 0.999781
86956: 0.999782
86957: 0.999782
86958: 0.999782
86959: 0.999782
86960: 0.999782
86961: 0.999782
86962: 0.999782
86963: 0.999782
86964: 0.999782
86965: 0.999782
86966: 0.999782
86967: 0.999782
86968: 0.999782
86969: 0.999782
86970: 0.999782
86971: 0.999782
86972: 0.999782
86973: 0.999782
86974: 0.999782
86975: 0.999782
86976: 0.999782
86977: 0.999782
86978: 0.999782
86979: 0.999782
86980: 0.999782
86981: 0.999782
86982: 0.999782
86983: 0.999782
86984: 0.999782
86985: 0.999782
86986: 0.999782
86987: 0.999782
86988: 0.999782
86989: 0.999782
86990: 0.999782
86991: 0.999782
86992: 0.999782
86993: 0.999782
86994: 0.999782
86995: 0.999782
86996: 0.999782
86997: 0.999782
86998: 0.999782
86999: 0.999782
87000: 0.999782
87001: 0.999782
87002: 0.999782
87003: 0.999782
87004: 0.999782
87005: 0.999782
87006: 0.999782
87007: 0.999782
87008: 0.999782
87009: 0.999782
87010: 0.999782
87011: 0.999782
87012: 0.999782
87013: 0.999782
87014: 0.999782
87015: 0.999782
87016: 0.999782
87017: 0.999782
87018: 0.999782
87019: 0.999782
87020: 0.999782
87021: 0.999782
87022: 0.999782
87023: 0.999782
87024: 0.999782
87025: 0.999782
87026: 0.999782
87027: 0.999782
87028: 0.999782
87029: 0.999782
87030: 0.999782
87031: 0.999782
87032: 0.999782
87033: 0.999782
87034: 0.999782
87035: 0.999782
87036: 0.999782
87037: 0.999782
87038: 0.999782
87039: 0.999782
87040: 0.999782
87041: 0.999782
87042: 0.999782
87043: 0.999782
87044: 0.999782
87045: 0.999782
87046: 0.999782
87047: 0.999782
87048: 0.999782
87049: 0.999782
87050: 0.999782
87051: 0.999782
87052: 0.999782
87053: 0.999782
87054: 0.999782
87055: 0.999782
87056: 0.999782
87057: 0.999782
87058: 0.999782
87059: 0.999782
87060: 0.999782
87061: 0.999782
87062: 0.999782
87063: 0.999782
87064: 0.999782
87065: 0.999782
87066: 0.999782
87067: 0.999782
87068: 0.999782
87069: 0.999782
87070: 0.999782
87071: 0.999782
87072: 0.999782
87073: 0.999782
87074: 0.999782
87075: 0.999782
87076: 0.999782
87077: 0.999782
87078: 0.999782
87079: 0.999782
87080: 0.999782
87081: 0.999782
87082: 0.999782
87083: 0.999782
87084: 0.999782
87085: 0.999782
87086: 0.999782
87087: 0.999782
87088: 0.999782
87089: 0.999782
87090: 0.999782
87091: 0.999782
87092: 0.999782
87093: 0.999782
87094: 0.999782
87095: 0.999782
87096: 0.999782
87097: 0.999782
87098: 0.999782
87099: 0.999782
87100: 0.999782
87101: 0.999782
87102: 0.999782
87103: 0.999782
87104: 0.999782
87105: 0.999782
87106: 0.999782
87107: 0.999782
87108: 0.999782
87109: 0.999782
87110: 0.999782
87111: 0.999782
87112: 0.999782
87113: 0.999782
87114: 0.999782
87115: 0.999782
87116: 0.999782
87117: 0.999782
87118: 0.999782
87119: 0.999782
87120: 0.999782
87121: 0.999782
87122: 0.999782
87123: 0.999782
87124: 0.999782
87125: 0.999782
87126: 0.999782
87127: 0.999782
87128: 0.999782
87129: 0.999782
87130: 0.999782
87131: 0.999782
87132: 0.999782
87133: 0.999782
87134: 0.999782
87135: 0.999782
87136: 0.999782
87137: 0.999782
87138: 0.999782
87139: 0.999782
87140: 0.999782
87141: 0.999782
87142: 0.999782
87143: 0.999782
87144: 0.999782
87145: 0.999782
87146: 0.999782
87147: 0.999782
87148: 0.999782
87149: 0.999782
87150: 0.999782
87151: 0.999782
87152: 0.999782
87153: 0.999782
87154: 0.999782
87155: 0.999782
87156: 0.999782
87157: 0.999782
87158: 0.999782
87159: 0.999782
87160: 0.999782
87161: 0.999782
87162: 0.999782
87163: 0.999782
87164: 0.999782
87165: 0.999782
87166: 0.999782
87167: 0.999782
87168: 0.999782
87169: 0.999782
87170: 0.999782
87171: 0.999782
87172: 0.999782
87173: 0.999782
87174: 0.999782
87175: 0.999782
87176: 0.999782
87177: 0.999782
87178: 0.999782
87179: 0.999782
87180: 0.999782
87181: 0.999782
87182: 0.999782
87183: 0.999782
87184: 0.999782
87185: 0.999782
87186: 0.999782
87187: 0.999782
87188: 0.999782
87189: 0.999782
87190: 0.999782
87191: 0.999782
87192: 0.999782
87193: 0.999782
87194: 0.999782
87195: 0.999782
87196: 0.999782
87197: 0.999782
87198: 0.999782
87199: 0.999782
87200: 0.999782
87201: 0.999782
87202: 0.999782
87203: 0.999782
87204: 0.999782
87205: 0.999782
87206: 0.999782
87207: 0.999782
87208: 0.999782
87209: 0.999782
87210: 0.999782
87211: 0.999782
87212: 0.999782
87213: 0.999782
87214: 0.999782
87215: 0.999782
87216: 0.999782
87217: 0.999782
87218: 0.999782
87219: 0.999782
87220: 0.999782
87221: 0.999782
87222: 0.999782
87223: 0.999782
87224: 0.999782
87225: 0.999782
87226: 0.999782
87227: 0.999782
87228: 0.999782
87229: 0.999782
87230: 0.999782
87231: 0.999782
87232: 0.999782
87233: 0.999782
87234: 0.999782
87235: 0.999782
87236: 0.999782
87237: 0.999782
87238: 0.999782
87239: 0.999782
87240: 0.999782
87241: 0.999782
87242: 0.999782
87243: 0.999782
87244: 0.999782
87245: 0.999782
87246: 0.999782
87247: 0.999782
87248: 0.999782
87249: 0.999782
87250: 0.999782
87251: 0.999782
87252: 0.999782
87253: 0.999782
87254: 0.999782
87255: 0.999782
87256: 0.999782
87257: 0.999782
87258: 0.999782
87259: 0.999782
87260: 0.999782
87261: 0.999782
87262: 0.999782
87263: 0.999782
87264: 0.999782
87265: 0.999782
87266: 0.999782
87267: 0.999782
87268: 0.999782
87269: 0.999782
87270: 0.999782
87271: 0.999782
87272: 0.999782
87273: 0.999782
87274: 0.999782
87275: 0.999782
87276: 0.999782
87277: 0.999782
87278: 0.999782
87279: 0.999782
87280: 0.999782
87281: 0.999782
87282: 0.999782
87283: 0.999782
87284: 0.999782
87285: 0.999782
87286: 0.999782
87287: 0.999782
87288: 0.999782
87289: 0.999782
87290: 0.999782
87291: 0.999782
87292: 0.999782
87293: 0.999782
87294: 0.999782
87295: 0.999782
87296: 0.999782
87297: 0.999782
87298: 0.999782
87299: 0.999782
87300: 0.999782
87301: 0.999782
87302: 0.999782
87303: 0.999782
87304: 0.999782
87305: 0.999782
87306: 0.999782
87307: 0.999782
87308: 0.999782
87309: 0.999782
87310: 0.999782
87311: 0.999782
87312: 0.999782
87313: 0.999782
87314: 0.999782
87315: 0.999782
87316: 0.999782
87317: 0.999782
87318: 0.999782
87319: 0.999782
87320: 0.999782
87321: 0.999782
87322: 0.999782
87323: 0.999782
87324: 0.999782
87325: 0.999782
87326: 0.999782
87327: 0.999782
87328: 0.999782
87329: 0.999782
87330: 0.999782
87331: 0.999782
87332: 0.999782
87333: 0.999782
87334: 0.999782
87335: 0.999782
87336: 0.999782
87337: 0.999782
87338: 0.999782
87339: 0.999782
87340: 0.999782
87341: 0.999782
87342: 0.999782
87343: 0.999782
87344: 0.999782
87345: 0.999782
87346: 0.999782
87347: 0.999782
87348: 0.999782
87349: 0.999782
87350: 0.999782
87351: 0.999782
87352: 0.999782
87353: 0.999782
87354: 0.999782
87355: 0.999782
87356: 0.999783
87357: 0.999783
87358: 0.999783
87359: 0.999783
87360: 0.999783
87361: 0.999783
87362: 0.999783
87363: 0.999783
87364: 0.999783
87365: 0.999783
87366: 0.999783
87367: 0.999783
87368: 0.999783
87369: 0.999783
87370: 0.999783
87371: 0.999783
87372: 0.999783
87373: 0.999783
87374: 0.999783
87375: 0.999783
87376: 0.999783
87377: 0.999783
87378: 0.999783
87379: 0.999783
87380: 0.999783
87381: 0.999783
87382: 0.999783
87383: 0.999783
87384: 0.999783
87385: 0.999783
87386: 0.999783
87387: 0.999783
87388: 0.999783
87389: 0.999783
87390: 0.999783
87391: 0.999783
87392: 0.999783
87393: 0.999783
87394: 0.999783
87395: 0.999783
87396: 0.999783
87397: 0.999783
87398: 0.999783
87399: 0.999783
87400: 0.999783
87401: 0.999783
87402: 0.999783
87403: 0.999783
87404: 0.999783
87405: 0.999783
87406: 0.999783
87407: 0.999783
87408: 0.999783
87409: 0.999783
87410: 0.999783
87411: 0.999783
87412: 0.999783
87413: 0.999783
87414: 0.999783
87415: 0.999783
87416: 0.999783
87417: 0.999783
87418: 0.999783
87419: 0.999783
87420: 0.999783
87421: 0.999783
87422: 0.999783
87423: 0.999783
87424: 0.999783
87425: 0.999783
87426: 0.999783
87427: 0.999783
87428: 0.999783
87429: 0.999783
87430: 0.999783
87431: 0.999783
87432: 0.999783
87433: 0.999783
87434: 0.999783
87435: 0.999783
87436: 0.999783
87437: 0.999783
87438: 0.999783
87439: 0.999783
87440: 0.999783
87441: 0.999783
87442: 0.999783
87443: 0.999783
87444: 0.999783
87445: 0.999783
87446: 0.999783
87447: 0.999783
87448: 0.999783
87449: 0.999783
87450: 0.999783
87451: 0.999783
87452: 0.999783
87453: 0.999783
87454: 0.999783
87455: 0.999783
87456: 0.999783
87457: 0.999783
87458: 0.999783
87459: 0.999783
87460: 0.999783
87461: 0.999783
87462: 0.999783
87463: 0.999783
87464: 0.999783
87465: 0.999783
87466: 0.999783
87467: 0.999783
87468: 0.999783
87469: 0.999783
87470: 0.999783
87471: 0.999783
87472: 0.999783
87473: 0.999783
87474: 0.999783
87475: 0.999783
87476: 0.999783
87477: 0.999783
87478: 0.999783
87479: 0.999783
87480: 0.999783
87481: 0.999783
87482: 0.999783
87483: 0.999783
87484: 0.999783
87485: 0.999783
87486: 0.999783
87487: 0.999783
87488: 0.999783
87489: 0.999783
87490: 0.999783
87491: 0.999783
87492: 0.999783
87493: 0.999783
87494: 0.999783
87495: 0.999783
87496: 0.999783
87497: 0.999783
87498: 0.999783
87499: 0.999783
87500: 0.999783
87501: 0.999783
87502: 0.999783
87503: 0.999783
87504: 0.999783
87505: 0.999783
87506: 0.999783
87507: 0.999783
87508: 0.999783
87509: 0.999783
87510: 0.999783
87511: 0.999783
87512: 0.999783
87513: 0.999783
87514: 0.999783
87515: 0.999783
87516: 0.999783
87517: 0.999783
87518: 0.999783
87519: 0.999783
87520: 0.999783
87521: 0.999783
87522: 0.999783
87523: 0.999783
87524: 0.999783
87525: 0.999783
87526: 0.999783
87527: 0.999783
87528: 0.999783
87529: 0.999783
87530: 0.999783
87531: 0.999783
87532: 0.999783
87533: 0.999783
87534: 0.999783
87535: 0.999783
87536: 0.999783
87537: 0.999783
87538: 0.999783
87539: 0.999783
87540: 0.999783
87541: 0.999783
87542: 0.999783
87543: 0.999783
87544: 0.999783
87545: 0.999783
87546: 0.999783
87547: 0.999783
87548: 0.999783
87549: 0.999783
87550: 0.999783
87551: 0.999783
87552: 0.999783
87553: 0.999783
87554: 0.999783
87555: 0.999783
87556: 0.999783
87557: 0.999783
87558: 0.999783
87559: 0.999783
87560: 0.999783
87561: 0.999783
87562: 0.999783
87563: 0.999783
87564: 0.999783
87565: 0.999783
87566: 0.999783
87567: 0.999783
87568: 0.999783
87569: 0.999783
87570: 0.999783
87571: 0.999783
87572: 0.999783
87573: 0.999783
87574: 0.999783
87575: 0.999783
87576: 0.999783
87577: 0.999783
87578: 0.999783
87579: 0.999783
87580: 0.999783
87581: 0.999783
87582: 0.999783
87583: 0.999783
87584: 0.999783
87585: 0.999783
87586: 0.999783
87587: 0.999783
87588: 0.999783
87589: 0.999783
87590: 0.999783
87591: 0.999783
87592: 0.999783
87593: 0.999783
87594: 0.999783
87595: 0.999783
87596: 0.999783
87597: 0.999783
87598: 0.999783
87599: 0.999783
87600: 0.999783
87601: 0.999783
87602: 0.999783
87603: 0.999783
87604: 0.999783
87605: 0.999783
87606: 0.999783
87607: 0.999783
87608: 0.999783
87609: 0.999783
87610: 0.999783
87611: 0.999783
87612: 0.999783
87613: 0.999783
87614: 0.999783
87615: 0.999783
87616: 0.999783
87617: 0.999783
87618: 0.999783
87619: 0.999783
87620: 0.999783
87621: 0.999783
87622: 0.999783
87623: 0.999783
87624: 0.999783
87625: 0.999783
87626: 0.999783
87627: 0.999783
87628: 0.999783
87629: 0.999783
87630: 0.999783
87631: 0.999783
87632: 0.999783
87633: 0.999783
87634: 0.999783
87635: 0.999783
87636: 0.999783
87637: 0.999783
87638: 0.999783
87639: 0.999783
87640: 0.999783
87641: 0.999783
87642: 0.999783
87643: 0.999783
87644: 0.999783
87645: 0.999783
87646: 0.999783
87647: 0.999783
87648: 0.999783
87649: 0.999783
87650: 0.999783
87651: 0.999783
87652: 0.999783
87653: 0.999783
87654: 0.999783
87655: 0.999783
87656: 0.999783
87657: 0.999783
87658: 0.999783
87659: 0.999783
87660: 0.999783
87661: 0.999783
87662: 0.999783
87663: 0.999783
87664: 0.999783
87665: 0.999783
87666: 0.999783
87667: 0.999783
87668: 0.999783
87669: 0.999783
87670: 0.999783
87671: 0.999783
87672: 0.999783
87673: 0.999783
87674: 0.999783
87675: 0.999783
87676: 0.999783
87677: 0.999783
87678: 0.999783
87679: 0.999783
87680: 0.999783
87681: 0.999783
87682: 0.999783
87683: 0.999783
87684: 0.999783
87685: 0.999783
87686: 0.999783
87687: 0.999783
87688: 0.999783
87689: 0.999783
87690: 0.999783
87691: 0.999783
87692: 0.999783
87693: 0.999783
87694: 0.999783
87695: 0.999783
87696: 0.999783
87697: 0.999783
87698: 0.999783
87699: 0.999783
87700: 0.999783
87701: 0.999783
87702: 0.999783
87703: 0.999783
87704: 0.999783
87705: 0.999783
87706: 0.999783
87707: 0.999783
87708: 0.999783
87709: 0.999783
87710: 0.999783
87711: 0.999783
87712: 0.999783
87713: 0.999783
87714: 0.999783
87715: 0.999783
87716: 0.999783
87717: 0.999783
87718: 0.999783
87719: 0.999783
87720: 0.999783
87721: 0.999783
87722: 0.999783
87723: 0.999783
87724: 0.999783
87725: 0.999783
87726: 0.999783
87727: 0.999783
87728: 0.999783
87729: 0.999783
87730: 0.999783
87731: 0.999783
87732: 0.999783
87733: 0.999783
87734: 0.999783
87735: 0.999783
87736: 0.999783
87737: 0.999783
87738: 0.999783
87739: 0.999783
87740: 0.999783
87741: 0.999783
87742: 0.999783
87743: 0.999783
87744: 0.999783
87745: 0.999783
87746: 0.999783
87747: 0.999783
87748: 0.999783
87749: 0.999783
87750: 0.999783
87751: 0.999783
87752: 0.999783
87753: 0.999783
87754: 0.999783
87755: 0.999783
87756: 0.999783
87757: 0.999783
87758: 0.999783
87759: 0.999784
87760: 0.999784
87761: 0.999784
87762: 0.999784
87763: 0.999784
87764: 0.999784
87765: 0.999784
87766: 0.999784
87767: 0.999784
87768: 0.999784
87769: 0.999784
87770: 0.999784
87771: 0.999784
87772: 0.999784
87773: 0.999784
87774: 0.999784
87775: 0.999784
87776: 0.999784
87777: 0.999784
87778: 0.999784
87779: 0.999784
87780: 0.999784
87781: 0.999784
87782: 0.999784
87783: 0.999784
87784: 0.999784
87785: 0.999784
87786: 0.999784
87787: 0.999784
87788: 0.999784
87789: 0.999784
87790: 0.999784
87791: 0.999784
87792: 0.999784
87793: 0.999784
87794: 0.999784
87795: 0.999784
87796: 0.999784
87797: 0.999784
87798: 0.999784
87799: 0.999784
87800: 0.999784
87801: 0.999784
87802: 0.999784
87803: 0.999784
87804: 0.999784
87805: 0.999784
87806: 0.999784
87807: 0.999784
87808: 0.999784
87809: 0.999784
87810: 0.999784
87811: 0.999784
87812: 0.999784
87813: 0.999784
87814: 0.999784
87815: 0.999784
87816: 0.999784
87817: 0.999784
87818: 0.999784
87819: 0.999784
87820: 0.999784
87821: 0.999784
87822: 0.999784
87823: 0.999784
87824: 0.999784
87825: 0.999784
87826: 0.999784
87827: 0.999784
87828: 0.999784
87829: 0.999784
87830: 0.999784
87831: 0.999784
87832: 0.999784
87833: 0.999784
87834: 0.999784
87835: 0.999784
87836: 0.999784
87837: 0.999784
87838: 0.999784
87839: 0.999784
87840: 0.999784
87841: 0.999784
87842: 0.999784
87843: 0.999784
87844: 0.999784
87845: 0.999784
87846: 0.999784
87847: 0.999784
87848: 0.999784
87849: 0.999784
87850: 0.999784
87851: 0.999784
87852: 0.999784
87853: 0.999784
87854: 0.999784
87855: 0.999784
87856: 0.999784
87857: 0.999784
87858: 0.999784
87859: 0.999784
87860: 0.999784
87861: 0.999784
87862: 0.999784
87863: 0.999784
87864: 0.999784
87865: 0.999784
87866: 0.999784
87867: 0.999784
87868: 0.999784
87869: 0.999784
87870: 0.999784
87871: 0.999784
87872: 0.999784
87873: 0.999784
87874: 0.999784
87875: 0.999784
87876: 0.999784
87877: 0.999784
87878: 0.999784
87879: 0.999784
87880: 0.999784
87881: 0.999784
87882: 0.999784
87883: 0.999784
87884: 0.999784
87885: 0.999784
87886: 0.999784
87887: 0.999784
87888: 0.999784
87889: 0.999784
87890: 0.999784
87891: 0.999784
87892: 0.999784
87893: 0.999784
87894: 0.999784
87895: 0.999784
87896: 0.999784
87897: 0.999784
87898: 0.999784
87899: 0.999784
87900: 0.999784
87901: 0.999784
87902: 0.999784
87903: 0.999784
87904: 0.999784
87905: 0.999784
87906: 0.999784
87907: 0.999784
87908: 0.999784
87909: 0.999784
87910: 0.999784
87911: 0.999784
87912: 0.999784
87913: 0.999784
87914: 0.999784
87915: 0.999784
87916: 0.999784
87917: 0.999784
87918: 0.999784
87919: 0.999784
87920: 0.999784
87921: 0.999784
87922: 0.999784
87923: 0.999784
87924: 0.999784
87925: 0.999784
87926: 0.999784
87927: 0.999784
87928: 0.999784
87929: 0.999784
87930: 0.999784
87931: 0.999784
87932: 0.999784
87933: 0.999784
87934: 0.999784
87935: 0.999784
87936: 0.999784
87937: 0.999784
87938: 0.999784
87939: 0.999784
87940: 0.999784
87941: 0.999784
87942: 0.999784
87943: 0.999784
87944: 0.999784
87945: 0.999784
87946: 0.999784
87947: 0.999784
87948: 0.999784
87949: 0.999784
87950: 0.999784
87951: 0.999784
87952: 0.999784
87953: 0.999784
87954: 0.999784
87955: 0.999784
87956: 0.999784
87957: 0.999784
87958: 0.999784
87959: 0.999784
87960: 0.999784
87961: 0.999784
87962: 0.999784
87963: 0.999784
87964: 0.999784
87965: 0.999784
87966: 0.999784
87967: 0.999784
87968: 0.999784
87969: 0.999784
87970: 0.999784
87971: 0.999784
87972: 0.999784
87973: 0.999784
87974: 0.999784
87975: 0.999784
87976: 0.999784
87977: 0.999784
87978: 0.999784
87979: 0.999784
87980: 0.999784
87981: 0.999784
87982: 0.999784
87983: 0.999784
87984: 0.999784
87985: 0.999784
87986: 0.999784
87987: 0.999784
87988: 0.999784
87989: 0.999784
87990: 0.999784
87991: 0.999784
87992: 0.999784
87993: 0.999784
87994: 0.999784
87995: 0.999784
87996: 0.999784
87997: 0.999784
87998: 0.999784
87999: 0.999784
88000: 0.999784
88001: 0.999784
88002: 0.999784
88003: 0.999784
88004: 0.999784
88005: 0.999784
88006: 0.999784
88007: 0.999784
88008: 0.999784
88009: 0.999784
88010: 0.999784
88011: 0.999784
88012: 0.999784
88013: 0.999784
88014: 0.999784
88015: 0.999784
88016: 0.999784
88017: 0.999784
88018: 0.999784
88019: 0.999784
88020: 0.999784
88021: 0.999784
88022: 0.999784
88023: 0.999784
88024: 0.999784
88025: 0.999784
88026: 0.999784
88027: 0.999784
88028: 0.999784
88029: 0.999784
88030: 0.999784
88031: 0.999784
88032: 0.999784
88033: 0.999784
88034: 0.999784
88035: 0.999784
88036: 0.999784
88037: 0.999784
88038: 0.999784
88039: 0.999784
88040: 0.999784
88041: 0.999784
88042: 0.999784
88043: 0.999784
88044: 0.999784
88045: 0.999784
88046: 0.999784
88047: 0.999784
88048: 0.999784
88049: 0.999784
88050: 0.999784
88051: 0.999784
88052: 0.999784
88053: 0.999784
88054: 0.999784
88055: 0.999784
88056: 0.999784
88057: 0.999784
88058: 0.999784
88059: 0.999784
88060: 0.999784
88061: 0.999784
88062: 0.999784
88063: 0.999784
88064: 0.999784
88065: 0.999784
88066: 0.999784
88067: 0.999784
88068: 0.999784
88069: 0.999784
88070: 0.999784
88071: 0.999784
88072: 0.999784
88073: 0.999784
88074: 0.999784
88075: 0.999784
88076: 0.999784
88077: 0.999784
88078: 0.999784
88079: 0.999784
88080: 0.999784
88081: 0.999784
88082: 0.999784
88083: 0.999784
88084: 0.999784
88085: 0.999784
88086: 0.999784
88087: 0.999784
88088: 0.999784
88089: 0.999784
88090: 0.999784
88091: 0.999784
88092: 0.999784
88093: 0.999784
88094: 0.999784
88095: 0.999784
88096: 0.999784
88097: 0.999784
88098: 0.999784
88099: 0.999784
88100: 0.999784
88101: 0.999784
88102: 0.999784
88103: 0.999784
88104: 0.999784
88105: 0.999784
88106: 0.999784
88107: 0.999784
88108: 0.999784
88109: 0.999784
88110: 0.999784
88111: 0.999784
88112: 0.999784
88113: 0.999784
88114: 0.999784
88115: 0.999784
88116: 0.999784
88117: 0.999784
88118: 0.999784
88119: 0.999784
88120: 0.999784
88121: 0.999784
88122: 0.999784
88123: 0.999784
88124: 0.999784
88125: 0.999784
88126: 0.999784
88127: 0.999784
88128: 0.999784
88129: 0.999784
88130: 0.999784
88131: 0.999784
88132: 0.999784
88133: 0.999784
88134: 0.999784
88135: 0.999784
88136: 0.999784
88137: 0.999784
88138: 0.999784
88139: 0.999784
88140: 0.999784
88141: 0.999784
88142: 0.999784
88143: 0.999784
88144: 0.999784
88145: 0.999784
88146: 0.999784
88147: 0.999784
88148: 0.999784
88149: 0.999784
88150: 0.999784
88151: 0.999784
88152: 0.999784
88153: 0.999784
88154: 0.999784
88155: 0.999784
88156: 0.999784
88157: 0.999784
88158: 0.999784
88159: 0.999784
88160: 0.999784
88161: 0.999784
88162: 0.999784
88163: 0.999784
88164: 0.999784
88165: 0.999784
88166: 0.999784
88167: 0.999785
88168: 0.999785
88169: 0.999785
88170: 0.999785
88171: 0.999785
88172: 0.999785
88173: 0.999785
88174: 0.999785
88175: 0.999785
88176: 0.999785
88177: 0.999785
88178: 0.999785
88179: 0.999785
88180: 0.999785
88181: 0.999785
88182: 0.999785
88183: 0.999785
88184: 0.999785
88185: 0.999785
88186: 0.999785
88187: 0.999785
88188: 0.999785
88189: 0.999785
88190: 0.999785
88191: 0.999785
88192: 0.999785
88193: 0.999785
88194: 0.999785
88195: 0.999785
88196: 0.999785
88197: 0.999785
88198: 0.999785
88199: 0.999785
88200: 0.999785
88201: 0.999785
88202: 0.999785
88203: 0.999785
88204: 0.999785
88205: 0.999785
88206: 0.999785
88207: 0.999785
88208: 0.999785
88209: 0.999785
88210: 0.999785
88211: 0.999785
88212: 0.999785
88213: 0.999785
88214: 0.999785
88215: 0.999785
88216: 0.999785
88217: 0.999785
88218: 0.999785
88219: 0.999785
88220: 0.999785
88221: 0.999785
88222: 0.999785
88223: 0.999785
88224: 0.999785
88225: 0.999785
88226: 0.999785
88227: 0.999785
88228: 0.999785
88229: 0.999785
88230: 0.999785
88231: 0.999785
88232: 0.999785
88233: 0.999785
88234: 0.999785
88235: 0.999785
88236: 0.999785
88237: 0.999785
88238: 0.999785
88239: 0.999785
88240: 0.999785
88241: 0.999785
88242: 0.999785
88243: 0.999785
88244: 0.999785
88245: 0.999785
88246: 0.999785
88247: 0.999785
88248: 0.999785
88249: 0.999785
88250: 0.999785
88251: 0.999785
88252: 0.999785
88253: 0.999785
88254: 0.999785
88255: 0.999785
88256: 0.999785
88257: 0.999785
88258: 0.999785
88259: 0.999785
88260: 0.999785
88261: 0.999785
88262: 0.999785
88263: 0.999785
88264: 0.999785
88265: 0.999785
88266: 0.999785
88267: 0.999785
88268: 0.999785
88269: 0.999785
88270: 0.999785
88271: 0.999785
88272: 0.999785
88273: 0.999785
88274: 0.999785
88275: 0.999785
88276: 0.999785
88277: 0.999785
88278: 0.999785
88279: 0.999785
88280: 0.999785
88281: 0.999785
88282: 0.999785
88283: 0.999785
88284: 0.999785
88285: 0.999785
88286: 0.999785
88287: 0.999785
88288: 0.999785
88289: 0.999785
88290: 0.999785
88291: 0.999785
88292: 0.999785
88293: 0.999785
88294: 0.999785
88295: 0.999785
88296: 0.999785
88297: 0.999785
88298: 0.999785
88299: 0.999785
88300: 0.999785
88301: 0.999785
88302: 0.999785
88303: 0.999785
88304: 0.999785
88305: 0.999785
88306: 0.999785
88307: 0.999785
88308: 0.999785
88309: 0.999785
88310: 0.999785
88311: 0.999785
88312: 0.999785
88313: 0.999785
88314: 0.999785
88315: 0.999785
88316: 0.999785
88317: 0.999785
88318: 0.999785
88319: 0.999785
88320: 0.999785
88321: 0.999785
88322: 0.999785
88323: 0.999785
88324: 0.999785
88325: 0.999785
88326: 0.999785
88327: 0.999785
88328: 0.999785
88329: 0.999785
88330: 0.999785
88331: 0.999785
88332: 0.999785
88333: 0.999785
88334: 0.999785
88335: 0.999785
88336: 0.999785
88337: 0.999785
88338: 0.999785
88339: 0.999785
88340: 0.999785
88341: 0.999785
88342: 0.999785
88343: 0.999785
88344: 0.999785
88345: 0.999785
88346: 0.999785
88347: 0.999785
88348: 0.999785
88349: 0.999785
88350: 0.999785
88351: 0.999785
88352: 0.999785
88353: 0.999785
88354: 0.999785
88355: 0.999785
88356: 0.999785
88357: 0.999785
88358: 0.999785
88359: 0.999785
88360: 0.999785
88361: 0.999785
88362: 0.999785
88363: 0.999785
88364: 0.999785
88365: 0.999785
88366: 0.999785
88367: 0.999785
88368: 0.999785
88369: 0.999785
88370: 0.999785
88371: 0.999785
88372: 0.999785
88373: 0.999785
88374: 0.999785
88375: 0.999785
88376: 0.999785
88377: 0.999785
88378: 0.999785
88379: 0.999785
88380: 0.999785
88381: 0.999785
88382: 0.999785
88383: 0.999785
88384: 0.999785
88385: 0.999785
88386: 0.999785
88387: 0.999785
88388: 0.999785
88389: 0.999785
88390: 0.999785
88391: 0.999785
88392: 0.999785
88393: 0.999785
88394: 0.999785
88395: 0.999785
88396: 0.999785
88397: 0.999785
88398: 0.999785
88399: 0.999785
88400: 0.999785
88401: 0.999785
88402: 0.999785
88403: 0.999785
88404: 0.999785
88405: 0.999785
88406: 0.999785
88407: 0.999785
88408: 0.999785
88409: 0.999785
88410: 0.999785
88411: 0.999785
88412: 0.999785
88413: 0.999785
88414: 0.999785
88415: 0.999785
88416: 0.999785
88417: 0.999785
88418: 0.999785
88419: 0.999785
88420: 0.999785
88421: 0.999785
88422: 0.999785
88423: 0.999785
88424: 0.999785
88425: 0.999785
88426: 0.999785
88427: 0.999785
88428: 0.999785
88429: 0.999785
88430: 0.999785
88431: 0.999785
88432: 0.999785
88433: 0.999785
88434: 0.999785
88435: 0.999785
88436: 0.999785
88437: 0.999785
88438: 0.999785
88439: 0.999785
88440: 0.999785
88441: 0.999785
88442: 0.999785
88443: 0.999785
88444: 0.999785
88445: 0.999785
88446: 0.999785
88447: 0.999785
88448: 0.999785
88449: 0.999785
88450: 0.999785
88451: 0.999785
88452: 0.999785
88453: 0.999785
88454: 0.999785
88455: 0.999785
88456: 0.999785
88457: 0.999785
88458: 0.999785
88459: 0.999785
88460: 0.999785
88461: 0.999785
88462: 0.999785
88463: 0.999785
88464: 0.999785
88465: 0.999785
88466: 0.999785
88467: 0.999785
88468: 0.999785
88469: 0.999785
88470: 0.999785
88471: 0.999785
88472: 0.999785
88473: 0.999785
88474: 0.999785
88475: 0.999785
88476: 0.999785
88477: 0.999785
88478: 0.999785
88479: 0.999785
88480: 0.999785
88481: 0.999785
88482: 0.999785
88483: 0.999785
88484: 0.999785
88485: 0.999785
88486: 0.999785
88487: 0.999785
88488: 0.999785
88489: 0.999785
88490: 0.999785
88491: 0.999785
88492: 0.999785
88493: 0.999785
88494: 0.999785
88495: 0.999785
88496: 0.999785
88497: 0.999785
88498: 0.999785
88499: 0.999785
88500: 0.999785
88501: 0.999785
88502: 0.999785
88503: 0.999785
88504: 0.999785
88505: 0.999785
88506: 0.999785
88507: 0.999785
88508: 0.999785
88509: 0.999785
88510: 0.999785
88511: 0.999785
88512: 0.999785
88513: 0.999785
88514: 0.999785
88515: 0.999785
88516: 0.999785
88517: 0.999785
88518: 0.999785
88519: 0.999785
88520: 0.999785
88521: 0.999785
88522: 0.999785
88523: 0.999785
88524: 0.999785
88525: 0.999785
88526: 0.999785
88527: 0.999785
88528: 0.999785
88529: 0.999785
88530: 0.999785
88531: 0.999785
88532: 0.999785
88533: 0.999785
88534: 0.999785
88535: 0.999785
88536: 0.999785
88537: 0.999785
88538: 0.999785
88539: 0.999785
88540: 0.999785
88541: 0.999785
88542: 0.999785
88543: 0.999785
88544: 0.999785
88545: 0.999785
88546: 0.999785
88547: 0.999785
88548: 0.999785
88549: 0.999785
88550: 0.999785
88551: 0.999785
88552: 0.999785
88553: 0.999785
88554: 0.999785
88555: 0.999785
88556: 0.999785
88557: 0.999785
88558: 0.999785
88559: 0.999785
88560: 0.999785
88561: 0.999785
88562: 0.999785
88563: 0.999785
88564: 0.999785
88565: 0.999785
88566: 0.999785
88567: 0.999785
88568: 0.999785
88569: 0.999785
88570: 0.999785
88571: 0.999785
88572: 0.999785
88573: 0.999785
88574: 0.999785
88575: 0.999785
88576: 0.999785
88577: 0.999785
88578: 0.999786
88579: 0.999786
88580: 0.999786
88581: 0.999786
88582: 0.999786
88583: 0.999786
88584: 0.999786
88585: 0.999786
88586: 0.999786
88587: 0.999786
88588: 0.999786
88589: 0.999786
88590: 0.999786
88591: 0.999786
88592: 0.999786
88593: 0.999786
88594: 0.999786
88595: 0.999786
88596: 0.999786
88597: 0.999786
88598: 0.999786
88599: 0.999786
88600: 0.999786
88601: 0.999786
88602: 0.999786
88603: 0.999786
88604: 0.999786
88605: 0.999786
88606: 0.999786
88607: 0.999786
88608: 0.999786
88609: 0.999786
88610: 0.999786
88611: 0.999786
88612: 0.999786
88613: 0.999786
88614: 0.999786
88615: 0.999786
88616: 0.999786
88617: 0.999786
88618: 0.999786
88619: 0.999786
88620: 0.999786
88621: 0.999786
88622: 0.999786
88623: 0.999786
88624: 0.999786
88625: 0.999786
88626: 0.999786
88627: 0.999786
88628: 0.999786
88629: 0.999786
88630: 0.999786
88631: 0.999786
88632: 0.999786
88633: 0.999786
88634: 0.999786
88635: 0.999786
88636: 0.999786
88637: 0.999786
88638: 0.999786
88639: 0.999786
88640: 0.999786
88641: 0.999786
88642: 0.999786
88643: 0.999786
88644: 0.999786
88645: 0.999786
88646: 0.999786
88647: 0.999786
88648: 0.999786
88649: 0.999786
88650: 0.999786
88651: 0.999786
88652: 0.999786
88653: 0.999786
88654: 0.999786
88655: 0.999786
88656: 0.999786
88657: 0.999786
88658: 0.999786
88659: 0.999786
88660: 0.999786
88661: 0.999786
88662: 0.999786
88663: 0.999786
88664: 0.999786
88665: 0.999786
88666: 0.999786
88667: 0.999786
88668: 0.999786
88669: 0.999786
88670: 0.999786
88671: 0.999786
88672: 0.999786
88673: 0.999786
88674: 0.999786
88675: 0.999786
88676: 0.999786
88677: 0.999786
88678: 0.999786
88679: 0.999786
88680: 0.999786
88681: 0.999786
88682: 0.999786
88683: 0.999786
88684: 0.999786
88685: 0.999786
88686: 0.999786
88687: 0.999786
88688: 0.999786
88689: 0.999786
88690: 0.999786
88691: 0.999786
88692: 0.999786
88693: 0.999786
88694: 0.999786
88695: 0.999786
88696: 0.999786
88697: 0.999786
88698: 0.999786
88699: 0.999786
88700: 0.999786
88701: 0.999786
88702: 0.999786
88703: 0.999786
88704: 0.999786
88705: 0.999786
88706: 0.999786
88707: 0.999786
88708: 0.999786
88709: 0.999786
88710: 0.999786
88711: 0.999786
88712: 0.999786
88713: 0.999786
88714: 0.999786
88715: 0.999786
88716: 0.999786
88717: 0.999786
88718: 0.999786
88719: 0.999786
88720: 0.999786
88721: 0.999786
88722: 0.999786
88723: 0.999786
88724: 0.999786
88725: 0.999786
88726: 0.999786
88727: 0.999786
88728: 0.999786
88729: 0.999786
88730: 0.999786
88731: 0.999786
88732: 0.999786
88733: 0.999786
88734: 0.999786
88735: 0.999786
88736: 0.999786
88737: 0.999786
88738: 0.999786
88739: 0.999786
88740: 0.999786
88741: 0.999786
88742: 0.999786
88743: 0.999786
88744: 0.999786
88745: 0.999786
88746: 0.999786
88747: 0.999786
88748: 0.999786
88749: 0.999786
88750: 0.999786
88751: 0.999786
88752: 0.999786
88753: 0.999786
88754: 0.999786
88755: 0.999786
88756: 0.999786
88757: 0.999786
88758: 0.999786
88759: 0.999786
88760: 0.999786
88761: 0.999786
88762: 0.999786
88763: 0.999786
88764: 0.999786
88765: 0.999786
88766: 0.999786
88767: 0.999786
88768: 0.999786
88769: 0.999786
88770: 0.999786
88771: 0.999786
88772: 0.999786
88773: 0.999786
88774: 0.999786
88775: 0.999786
88776: 0.999786
88777: 0.999786
88778: 0.999786
88779: 0.999786
88780: 0.999786
88781: 0.999786
88782: 0.999786
88783: 0.999786
88784: 0.999786
88785: 0.999786
88786: 0.999786
88787: 0.999786
88788: 0.999786
88789: 0.999786
88790: 0.999786
88791: 0.999786
88792: 0.999786
88793: 0.999786
88794: 0.999786
88795: 0.999786
88796: 0.999786
88797: 0.999786
88798: 0.999786
88799: 0.999786
88800: 0.999786
88801: 0.999786
88802: 0.999786
88803: 0.999786
88804: 0.999786
88805: 0.999786
88806: 0.999786
88807: 0.999786
88808: 0.999786
88809: 0.999786
88810: 0.999786
88811: 0.999786
88812: 0.999786
88813: 0.999786
88814: 0.999786
88815: 0.999786
88816: 0.999786
88817: 0.999786
88818: 0.999786
88819: 0.999786
88820: 0.999786
88821: 0.999786
88822: 0.999786
88823: 0.999786
88824: 0.999786
88825: 0.999786
88826: 0.999786
88827: 0.999786
88828: 0.999786
88829: 0.999786
88830: 0.999786
88831: 0.999786
88832: 0.999786
88833: 0.999786
88834: 0.999786
88835: 0.999786
88836: 0.999786
88837: 0.999786
88838: 0.999786
88839: 0.999786
88840: 0.999786
88841: 0.999786
88842: 0.999786
88843: 0.999786
88844: 0.999786
88845: 0.999786
88846: 0.999786
88847: 0.999786
88848: 0.999786
88849: 0.999786
88850: 0.999786
88851: 0.999786
88852: 0.999786
88853: 0.999786
88854: 0.999786
88855: 0.999786
88856: 0.999786
88857: 0.999786
88858: 0.999786
88859: 0.999786
88860: 0.999786
88861: 0.999786
88862: 0.999786
88863: 0.999786
88864: 0.999786
88865: 0.999786
88866: 0.999786
88867: 0.999786
88868: 0.999786
88869: 0.999786
88870: 0.999786
88871: 0.999786
88872: 0.999786
88873: 0.999786
88874: 0.999786
88875: 0.999786
88876: 0.999786
88877: 0.999786
88878: 0.999786
88879: 0.999786
88880: 0.999786
88881: 0.999786
88882: 0.999786
88883: 0.999786
88884: 0.999786
88885: 0.999786
88886: 0.999786
88887: 0.999786
88888: 0.999786
88889: 0.999786
88890: 0.999786
88891: 0.999786
88892: 0.999786
88893: 0.999786
88894: 0.999786
88895: 0.999786
88896: 0.999786
88897: 0.999786
88898: 0.999786
88899: 0.999786
88900: 0.999786
88901: 0.999786
88902: 0.999786
88903: 0.999786
88904: 0.999786
88905: 0.999786
88906: 0.999786
88907: 0.999786
88908: 0.999786
88909: 0.999786
88910: 0.999786
88911: 0.999786
88912: 0.999786
88913: 0.999786
88914: 0.999786
88915: 0.999786
88916: 0.999786
88917: 0.999786
88918: 0.999786
88919: 0.999786
88920: 0.999786
88921: 0.999786
88922: 0.999786
88923: 0.999786
88924: 0.999786
88925: 0.999786
88926: 0.999786
88927: 0.999786
88928: 0.999786
88929: 0.999786
88930: 0.999786
88931: 0.999786
88932: 0.999786
88933: 0.999786
88934: 0.999786
88935: 0.999786
88936: 0.999786
88937: 0.999786
88938: 0.999786
88939: 0.999786
88940: 0.999786
88941: 0.999786
88942: 0.999786
88943: 0.999786
88944: 0.999786
88945: 0.999786
88946: 0.999786
88947: 0.999786
88948: 0.999786
88949: 0.999786
88950: 0.999786
88951: 0.999786
88952: 0.999786
88953: 0.999786
88954: 0.999786
88955: 0.999786
88956: 0.999786
88957: 0.999786
88958: 0.999786
88959: 0.999786
88960: 0.999786
88961: 0.999786
88962: 0.999786
88963: 0.999786
88964: 0.999786
88965: 0.999786
88966: 0.999786
88967: 0.999786
88968: 0.999786
88969: 0.999786
88970: 0.999786
88971: 0.999786
88972: 0.999786
88973: 0.999786
88974: 0.999786
88975: 0.999786
88976: 0.999786
88977: 0.999786
88978: 0.999786
88979: 0.999786
88980: 0.999786
88981: 0.999786
88982: 0.999786
88983: 0.999786
88984: 0.999786
88985: 0.999786
88986: 0.999786
88987: 0.999786
88988: 0.999786
88989: 0.999786
88990: 0.999786
88991: 0.999786
88992: 0.999787
88993: 0.999787
88994: 0.999787
88995: 0.999787
88996: 0.999787
88997: 0.999787
88998: 0.999787
88999: 0.999787
89000: 0.999787
89001: 0.999787
89002: 0.999787
89003: 0.999787
89004: 0.999787
89005: 0.999787
89006: 0.999787
89007: 0.999787
89008: 0.999787
89009: 0.999787
89010: 0.999787
89011: 0.999787
89012: 0.999787
89013: 0.999787
89014: 0.999787
89015: 0.999787
89016: 0.999787
89017: 0.999787
89018: 0.999787
89019: 0.999787
89020: 0.999787
89021: 0.999787
89022: 0.999787
89023: 0.999787
89024: 0.999787
89025: 0.999787
89026: 0.999787
89027: 0.999787
89028: 0.999787
89029: 0.999787
89030: 0.999787
89031: 0.999787
89032: 0.999787
89033: 0.999787
89034: 0.999787
89035: 0.999787
89036: 0.999787
89037: 0.999787
89038: 0.999787
89039: 0.999787
89040: 0.999787
89041: 0.999787
89042: 0.999787
89043: 0.999787
89044: 0.999787
89045: 0.999787
89046: 0.999787
89047: 0.999787
89048: 0.999787
89049: 0.999787
89050: 0.999787
89051: 0.999787
89052: 0.999787
89053: 0.999787
89054: 0.999787
89055: 0.999787
89056: 0.999787
89057: 0.999787
89058: 0.999787
89059: 0.999787
89060: 0.999787
89061: 0.999787
89062: 0.999787
89063: 0.999787
89064: 0.999787
89065: 0.999787
89066: 0.999787
89067: 0.999787
89068: 0.999787
89069: 0.999787
89070: 0.999787
89071: 0.999787
89072: 0.999787
89073: 0.999787
89074: 0.999787
89075: 0.999787
89076: 0.999787
89077: 0.999787
89078: 0.999787
89079: 0.999787
89080: 0.999787
89081: 0.999787
89082: 0.999787
89083: 0.999787
89084: 0.999787
89085: 0.999787
89086: 0.999787
89087: 0.999787
89088: 0.999787
89089: 0.999787
89090: 0.999787
89091: 0.999787
89092: 0.999787
89093: 0.999787
89094: 0.999787
89095: 0.999787
89096: 0.999787
89097: 0.999787
89098: 0.999787
89099: 0.999787
89100: 0.999787
89101: 0.999787
89102: 0.999787
89103: 0.999787
89104: 0.999787
89105: 0.999787
89106: 0.999787
89107: 0.999787
89108: 0.999787
89109: 0.999787
89110: 0.999787
89111: 0.999787
89112: 0.999787
89113: 0.999787
89114: 0.999787
89115: 0.999787
89116: 0.999787
89117: 0.999787
89118: 0.999787
89119: 0.999787
89120: 0.999787
89121: 0.999787
89122: 0.999787
89123: 0.999787
89124: 0.999787
89125: 0.999787
89126: 0.999787
89127: 0.999787
89128: 0.999787
89129: 0.999787
89130: 0.999787
89131: 0.999787
89132: 0.999787
89133: 0.999787
89134: 0.999787
89135: 0.999787
89136: 0.999787
89137: 0.999787
89138: 0.999787
89139: 0.999787
89140: 0.999787
89141: 0.999787
89142: 0.999787
89143: 0.999787
89144: 0.999787
89145: 0.999787
89146: 0.999787
89147: 0.999787
89148: 0.999787
89149: 0.999787
89150: 0.999787
89151: 0.999787
89152: 0.999787
89153: 0.999787
89154: 0.999787
89155: 0.999787
89156: 0.999787
89157: 0.999787
89158: 0.999787
89159: 0.999787
89160: 0.999787
89161: 0.999787
89162: 0.999787
89163: 0.999787
89164: 0.999787
89165: 0.999787
89166: 0.999787
89167: 0.999787
89168: 0.999787
89169: 0.999787
89170: 0.999787
89171: 0.999787
89172: 0.999787
89173: 0.999787
89174: 0.999787
89175: 0.999787
89176: 0.999787
89177: 0.999787
89178: 0.999787
89179: 0.999787
89180: 0.999787
89181: 0.999787
89182: 0.999787
89183: 0.999787
89184: 0.999787
89185: 0.999787
89186: 0.999787
89187: 0.999787
89188: 0.999787
89189: 0.999787
89190: 0.999787
89191: 0.999787
89192: 0.999787
89193: 0.999787
89194: 0.999787
89195: 0.999787
89196: 0.999787
89197: 0.999787
89198: 0.999787
89199: 0.999787
89200: 0.999787
89201: 0.999787
89202: 0.999787
89203: 0.999787
89204: 0.999787
89205: 0.999787
89206: 0.999787
89207: 0.999787
89208: 0.999787
89209: 0.999787
89210: 0.999787
89211: 0.999787
89212: 0.999787
89213: 0.999787
89214: 0.999787
89215: 0.999787
89216: 0.999787
89217: 0.999787
89218: 0.999787
89219: 0.999787
89220: 0.999787
89221: 0.999787
89222: 0.999787
89223: 0.999787
89224: 0.999787
89225: 0.999787
89226: 0.999787
89227: 0.999787
89228: 0.999787
89229: 0.999787
89230: 0.999787
89231: 0.999787
89232: 0.999787
89233: 0.999787
89234: 0.999787
89235: 0.999787
89236: 0.999787
89237: 0.999787
89238: 0.999787
89239: 0.999787
89240: 0.999787
89241: 0.999787
89242: 0.999787
89243: 0.999787
89244: 0.999787
89245: 0.999787
89246: 0.999787
89247: 0.999787
89248: 0.999787
89249: 0.999787
89250: 0.999787
89251: 0.999787
89252: 0.999787
89253: 0.999787
89254: 0.999787
89255: 0.999787
89256: 0.999787
89257: 0.999787
89258: 0.999787
89259: 0.999787
89260: 0.999787
89261: 0.999787
89262: 0.999787
89263: 0.999787
89264: 0.999787
89265: 0.999787
89266: 0.999787
89267: 0.999787
89268: 0.999787
89269: 0.999787
89270: 0.999787
89271: 0.999787
89272: 0.999787
89273: 0.999787
89274: 0.999787
89275: 0.999787
89276: 0.999787
89277: 0.999787
89278: 0.999787
89279: 0.999787
89280: 0.999787
89281: 0.999787
89282: 0.999787
89283: 0.999787
89284: 0.999787
89285: 0.999787
89286: 0.999787
89287: 0.999787
89288: 0.999787
89289: 0.999787
89290: 0.999787
89291: 0.999787
89292: 0.999787
89293: 0.999787
89294: 0.999787
89295: 0.999787
89296: 0.999787
89297: 0.999787
89298: 0.999787
89299: 0.999787
89300: 0.999787
89301: 0.999787
89302: 0.999787
89303: 0.999787
89304: 0.999787
89305: 0.999787
89306: 0.999787
89307: 0.999787
89308: 0.999787
89309: 0.999787
89310: 0.999787
89311: 0.999787
89312: 0.999787
89313: 0.999787
89314: 0.999787
89315: 0.999787
89316: 0.999787
89317: 0.999787
89318: 0.999787
89319: 0.999787
89320: 0.999787
89321: 0.999787
89322: 0.999787
89323: 0.999787
89324: 0.999787
89325: 0.999787
89326: 0.999787
89327: 0.999787
89328: 0.999787
89329: 0.999787
89330: 0.999787
89331: 0.999787
89332: 0.999787
89333: 0.999787
89334: 0.999787
89335: 0.999787
89336: 0.999787
89337: 0.999787
89338: 0.999787
89339: 0.999787
89340: 0.999787
89341: 0.999787
89342: 0.999787
89343: 0.999787
89344: 0.999787
89345: 0.999787
89346: 0.999787
89347: 0.999787
89348: 0.999787
89349: 0.999787
89350: 0.999787
89351: 0.999787
89352: 0.999787
89353: 0.999787
89354: 0.999787
89355: 0.999787
89356: 0.999787
89357: 0.999787
89358: 0.999787
89359: 0.999787
89360: 0.999787
89361: 0.999787
89362: 0.999787
89363: 0.999787
89364: 0.999787
89365: 0.999787
89366: 0.999787
89367: 0.999787
89368: 0.999787
89369: 0.999787
89370: 0.999787
89371: 0.999787
89372: 0.999787
89373: 0.999787
89374: 0.999787
89375: 0.999787
89376: 0.999787
89377: 0.999787
89378: 0.999787
89379: 0.999787
89380: 0.999787
89381: 0.999787
89382: 0.999787
89383: 0.999787
89384: 0.999787
89385: 0.999787
89386: 0.999787
89387: 0.999787
89388: 0.999787
89389: 0.999787
89390: 0.999787
89391: 0.999787
89392: 0.999787
89393: 0.999787
89394: 0.999787
89395: 0.999787
89396: 0.999787
89397: 0.999787
89398: 0.999787
89399: 0.999787
89400: 0.999787
89401: 0.999787
89402: 0.999787
89403: 0.999787
89404: 0.999787
89405: 0.999787
89406: 0.999787
89407: 0.999787
89408: 0.999787
89409: 0.999787
89410: 0.999787
89411: 0.999788
89412: 0.999788
89413: 0.999788
89414: 0.999788
89415: 0.999788
89416: 0.999788
89417: 0.999788
89418: 0.999788
89419: 0.999788
89420: 0.999788
89421: 0.999788
89422: 0.999788
89423: 0.999788
89424: 0.999788
89425: 0.999788
89426: 0.999788
89427: 0.999788
89428: 0.999788
89429: 0.999788
89430: 0.999788
89431: 0.999788
89432: 0.999788
89433: 0.999788
89434: 0.999788
89435: 0.999788
89436: 0.999788
89437: 0.999788
89438: 0.999788
89439: 0.999788
89440: 0.999788
89441: 0.999788
89442: 0.999788
89443: 0.999788
89444: 0.999788
89445: 0.999788
89446: 0.999788
89447: 0.999788
89448: 0.999788
89449: 0.999788
89450: 0.999788
89451: 0.999788
89452: 0.999788
89453: 0.999788
89454: 0.999788
89455: 0.999788
89456: 0.999788
89457: 0.999788
89458: 0.999788
89459: 0.999788
89460: 0.999788
89461: 0.999788
89462: 0.999788
89463: 0.999788
89464: 0.999788
89465: 0.999788
89466: 0.999788
89467: 0.999788
89468: 0.999788
89469: 0.999788
89470: 0.999788
89471: 0.999788
89472: 0.999788
89473: 0.999788
89474: 0.999788
89475: 0.999788
89476: 0.999788
89477: 0.999788
89478: 0.999788
89479: 0.999788
89480: 0.999788
89481: 0.999788
89482: 0.999788
89483: 0.999788
89484: 0.999788
89485: 0.999788
89486: 0.999788
89487: 0.999788
89488: 0.999788
89489: 0.999788
89490: 0.999788
89491: 0.999788
89492: 0.999788
89493: 0.999788
89494: 0.999788
89495: 0.999788
89496: 0.999788
89497: 0.999788
89498: 0.999788
89499: 0.999788
89500: 0.999788
89501: 0.999788
89502: 0.999788
89503: 0.999788
89504: 0.999788
89505: 0.999788
89506: 0.999788
89507: 0.999788
89508: 0.999788
89509: 0.999788
89510: 0.999788
89511: 0.999788
89512: 0.999788
89513: 0.999788
89514: 0.999788
89515: 0.999788
89516: 0.999788
89517: 0.999788
89518: 0.999788
89519: 0.999788
89520: 0.999788
89521: 0.999788
89522: 0.999788
89523: 0.999788
89524: 0.999788
89525: 0.999788
89526: 0.999788
89527: 0.999788
89528: 0.999788
89529: 0.999788
89530: 0.999788
89531: 0.999788
89532: 0.999788
89533: 0.999788
89534: 0.999788
89535: 0.999788
89536: 0.999788
89537: 0.999788
89538: 0.999788
89539: 0.999788
89540: 0.999788
89541: 0.999788
89542: 0.999788
89543: 0.999788
89544: 0.999788
89545: 0.999788
89546: 0.999788
89547: 0.999788
89548: 0.999788
89549: 0.999788
89550: 0.999788
89551: 0.999788
89552: 0.999788
89553: 0.999788
89554: 0.999788
89555: 0.999788
89556: 0.999788
89557: 0.999788
89558: 0.999788
89559: 0.999788
89560: 0.999788
89561: 0.999788
89562: 0.999788
89563: 0.999788
89564: 0.999788
89565: 0.999788
89566: 0.999788
89567: 0.999788
89568: 0.999788
89569: 0.999788
89570: 0.999788
89571: 0.999788
89572: 0.999788
89573: 0.999788
89574: 0.999788
89575: 0.999788
89576: 0.999788
89577: 0.999788
89578: 0.999788
89579: 0.999788
89580: 0.999788
89581: 0.999788
89582: 0.999788
89583: 0.999788
89584: 0.999788
89585: 0.999788
89586: 0.999788
89587: 0.999788
89588: 0.999788
89589: 0.999788
89590: 0.999788
89591: 0.999788
89592: 0.999788
89593: 0.999788
89594: 0.999788
89595: 0.999788
89596: 0.999788
89597: 0.999788
89598: 0.999788
89599: 0.999788
89600: 0.999788
89601: 0.999788
89602: 0.999788
89603: 0.999788
89604: 0.999788
89605: 0.999788
89606: 0.999788
89607: 0.999788
89608: 0.999788
89609: 0.999788
89610: 0.999788
89611: 0.999788
89612: 0.999788
89613: 0.999788
89614: 0.999788
89615: 0.999788
89616: 0.999788
89617: 0.999788
89618: 0.999788
89619: 0.999788
89620: 0.999788
89621: 0.999788
89622: 0.999788
89623: 0.999788
89624: 0.999788
89625: 0.999788
89626: 0.999788
89627: 0.999788
89628: 0.999788
89629: 0.999788
89630: 0.999788
89631: 0.999788
89632: 0.999788
89633: 0.999788
89634: 0.999788
89635: 0.999788
89636: 0.999788
89637: 0.999788
89638: 0.999788
89639: 0.999788
89640: 0.999788
89641: 0.999788
89642: 0.999788
89643: 0.999788
89644: 0.999788
89645: 0.999788
89646: 0.999788
89647: 0.999788
89648: 0.999788
89649: 0.999788
89650: 0.999788
89651: 0.999788
89652: 0.999788
89653: 0.999788
89654: 0.999788
89655: 0.999788
89656: 0.999788
89657: 0.999788
89658: 0.999788
89659: 0.999788
89660: 0.999788
89661: 0.999788
89662: 0.999788
89663: 0.999788
89664: 0.999788
89665: 0.999788
89666: 0.999788
89667: 0.999788
89668: 0.999788
89669: 0.999788
89670: 0.999788
89671: 0.999788
89672: 0.999788
89673: 0.999788
89674: 0.999788
89675: 0.999788
89676: 0.999788
89677: 0.999788
89678: 0.999788
89679: 0.999788
89680: 0.999788
89681: 0.999788
89682: 0.999788
89683: 0.999788
89684: 0.999788
89685: 0.999788
89686: 0.999788
89687: 0.999788
89688: 0.999788
89689: 0.999788
89690: 0.999788
89691: 0.999788
89692: 0.999788
89693: 0.999788
89694: 0.999788
89695: 0.999788
89696: 0.999788
89697: 0.999788
89698: 0.999788
89699: 0.999788
89700: 0.999788
89701: 0.999788
89702: 0.999788
89703: 0.999788
89704: 0.999788
89705: 0.999788
89706: 0.999788
89707: 0.999788
89708: 0.999788
89709: 0.999788
89710: 0.999788
89711: 0.999788
89712: 0.999788
89713: 0.999788
89714: 0.999788
89715: 0.999788
89716: 0.999788
89717: 0.999788
89718: 0.999788
89719: 0.999788
89720: 0.999788
89721: 0.999788
89722: 0.999788
89723: 0.999788
89724: 0.999788
89725: 0.999788
89726: 0.999788
89727: 0.999788
89728: 0.999788
89729: 0.999788
89730: 0.999788
89731: 0.999788
89732: 0.999788
89733: 0.999788
89734: 0.999788
89735: 0.999788
89736: 0.999788
89737: 0.999788
89738: 0.999788
89739: 0.999788
89740: 0.999788
89741: 0.999788
89742: 0.999788
89743: 0.999788
89744: 0.999788
89745: 0.999788
89746: 0.999788
89747: 0.999788
89748: 0.999788
89749: 0.999788
89750: 0.999788
89751: 0.999788
89752: 0.999788
89753: 0.999788
89754: 0.999788
89755: 0.999788
89756: 0.999788
89757: 0.999788
89758: 0.999788
89759: 0.999788
89760: 0.999788
89761: 0.999788
89762: 0.999788
89763: 0.999788
89764: 0.999788
89765: 0.999788
89766: 0.999788
89767: 0.999788
89768: 0.999788
89769: 0.999788
89770: 0.999788
89771: 0.999788
89772: 0.999788
89773: 0.999788
89774: 0.999788
89775: 0.999788
89776: 0.999788
89777: 0.999788
89778: 0.999788
89779: 0.999788
89780: 0.999788
89781: 0.999788
89782: 0.999788
89783: 0.999788
89784: 0.999788
89785: 0.999788
89786: 0.999788
89787: 0.999788
89788: 0.999788
89789: 0.999788
89790: 0.999788
89791: 0.999788
89792: 0.999788
89793: 0.999788
89794: 0.999788
89795: 0.999788
89796: 0.999788
89797: 0.999788
89798: 0.999788
89799: 0.999788
89800: 0.999788
89801: 0.999788
89802: 0.999788
89803: 0.999788
89804: 0.999788
89805: 0.999788
89806: 0.999788
89807: 0.999788
89808: 0.999788
89809: 0.999788
89810: 0.999788
89811: 0.999788
89812: 0.999788
89813: 0.999788
89814: 0.999788
89815: 0.999788
89816: 0.999788
89817: 0.999788
89818: 0.999788
89819: 0.999788
89820: 0.999788
89821: 0.999788
89822: 0.999788
89823: 0.999788
89824: 0.999788
89825: 0.999788
89826: 0.999788
89827: 0.999788
89828: 0.999788
89829: 0.999788
89830: 0.999788
89831: 0.999788
89832: 0.999788
89833: 0.999788
89834: 0.999789
89835: 0.999789
89836: 0.999789
89837: 0.999789
89838: 0.999789
89839: 0.999789
89840: 0.999789
89841: 0.999789
89842: 0.999789
89843: 0.999789
89844: 0.999789
89845: 0.999789
89846: 0.999789
89847: 0.999789
89848: 0.999789
89849: 0.999789
89850: 0.999789
89851: 0.999789
89852: 0.999789
89853: 0.999789
89854: 0.999789
89855: 0.999789
89856: 0.999789
89857: 0.999789
89858: 0.999789
89859: 0.999789
89860: 0.999789
89861: 0.999789
89862: 0.999789
89863: 0.999789
89864: 0.999789
89865: 0.999789
89866: 0.999789
89867: 0.999789
89868: 0.999789
89869: 0.999789
89870: 0.999789
89871: 0.999789
89872: 0.999789
89873: 0.999789
89874: 0.999789
89875: 0.999789
89876: 0.999789
89877: 0.999789
89878: 0.999789
89879: 0.999789
89880: 0.999789
89881: 0.999789
89882: 0.999789
89883: 0.999789
89884: 0.999789
89885: 0.999789
89886: 0.999789
89887: 0.999789
89888: 0.999789
89889: 0.999789
89890: 0.999789
89891: 0.999789
89892: 0.999789
89893: 0.999789
89894: 0.999789
89895: 0.999789
89896: 0.999789
89897: 0.999789
89898: 0.999789
89899: 0.999789
89900: 0.999789
89901: 0.999789
89902: 0.999789
89903: 0.999789
89904: 0.999789
89905: 0.999789
89906: 0.999789
89907: 0.999789
89908: 0.999789
89909: 0.999789
89910: 0.999789
89911: 0.999789
89912: 0.999789
89913: 0.999789
89914: 0.999789
89915: 0.999789
89916: 0.999789
89917: 0.999789
89918: 0.999789
89919: 0.999789
89920: 0.999789
89921: 0.999789
89922: 0.999789
89923: 0.999789
89924: 0.999789
89925: 0.999789
89926: 0.999789
89927: 0.999789
89928: 0.999789
89929: 0.999789
89930: 0.999789
89931: 0.999789
89932: 0.999789
89933: 0.999789
89934: 0.999789
89935: 0.999789
89936: 0.999789
89937: 0.999789
89938: 0.999789
89939: 0.999789
89940: 0.999789
89941: 0.999789
89942: 0.999789
89943: 0.999789
89944: 0.999789
89945: 0.999789
89946: 0.999789
89947: 0.999789
89948: 0.999789
89949: 0.999789
89950: 0.999789
89951: 0.999789
89952: 0.999789
89953: 0.999789
89954: 0.999789
89955: 0.999789
89956: 0.999789
89957: 0.999789
89958: 0.999789
89959: 0.999789
89960: 0.999789
89961: 0.999789
89962: 0.999789
89963: 0.999789
89964: 0.999789
89965: 0.999789
89966: 0.999789
89967: 0.999789
89968: 0.999789
89969: 0.999789
89970: 0.999789
89971: 0.999789
89972: 0.999789
89973: 0.999789
89974: 0.999789
89975: 0.999789
89976: 0.999789
89977: 0.999789
89978: 0.999789
89979: 0.999789
89980: 0.999789
89981: 0.999789
89982: 0.999789
89983: 0.999789
89984: 0.999789
89985: 0.999789
89986: 0.999789
89987: 0.999789
89988: 0.999789
89989: 0.999789
89990: 0.999789
89991: 0.999789
89992: 0.999789
89993: 0.999789
89994: 0.999789
89995: 0.999789
89996: 0.999789
89997: 0.999789
89998: 0.999789
89999: 0.999789
90000: 0.999789
90001: 0.999789
90002: 0.999789
90003: 0.999789
90004: 0.999789
90005: 0.999789
90006: 0.999789
90007: 0.999789
90008: 0.999789
90009: 0.999789
90010: 0.999789
90011: 0.999789
90012: 0.999789
90013: 0.999789
90014: 0.999789
90015: 0.999789
90016: 0.999789
90017: 0.999789
90018: 0.999789
90019: 0.999789
90020: 0.999789
90021: 0.999789
90022: 0.999789
90023: 0.999789
90024: 0.999789
90025: 0.999789
90026: 0.999789
90027: 0.999789
90028: 0.999789
90029: 0.999789
90030: 0.999789
90031: 0.999789
90032: 0.999789
90033: 0.999789
90034: 0.999789
90035: 0.999789
90036: 0.999789
90037: 0.999789
90038: 0.999789
90039: 0.999789
90040: 0.999789
90041: 0.999789
90042: 0.999789
90043: 0.999789
90044: 0.999789
90045: 0.999789
90046: 0.999789
90047: 0.999789
90048: 0.999789
90049: 0.999789
90050: 0.999789
90051: 0.999789
90052: 0.999789
90053: 0.999789
90054: 0.999789
90055: 0.999789
90056: 0.999789
90057: 0.999789
90058: 0.999789
90059: 0.999789
90060: 0.999789
90061: 0.999789
90062: 0.999789
90063: 0.999789
90064: 0.999789
90065: 0.999789
90066: 0.999789
90067: 0.999789
90068: 0.999789
90069: 0.999789
90070: 0.999789
90071: 0.999789
90072: 0.999789
90073: 0.999789
90074: 0.999789
90075: 0.999789
90076: 0.999789
90077: 0.999789
90078: 0.999789
90079: 0.999789
90080: 0.999789
90081: 0.999789
90082: 0.999789
90083: 0.999789
90084: 0.999789
90085: 0.999789
90086: 0.999789
90087: 0.999789
90088: 0.999789
90089: 0.999789
90090: 0.999789
90091: 0.999789
90092: 0.999789
90093: 0.999789
90094: 0.999789
90095: 0.999789
90096: 0.999789
90097: 0.999789
90098: 0.999789
90099: 0.999789
90100: 0.999789
90101: 0.999789
90102: 0.999789
90103: 0.999789
90104: 0.999789
90105: 0.999789
90106: 0.999789
90107: 0.999789
90108: 0.999789
90109: 0.999789
90110: 0.999789
90111: 0.999789
90112: 0.999789
90113: 0.999789
90114: 0.999789
90115: 0.999789
90116: 0.999789
90117: 0.999789
90118: 0.999789
90119: 0.999789
90120: 0.999789
90121: 0.999789
90122: 0.999789
90123: 0.999789
90124: 0.999789
90125: 0.999789
90126: 0.999789
90127: 0.999789
90128: 0.999789
90129: 0.999789
90130: 0.999789
90131: 0.999789
90132: 0.999789
90133: 0.999789
90134: 0.999789
90135: 0.999789
90136: 0.999789
90137: 0.999789
90138: 0.999789
90139: 0.999789
90140: 0.999789
90141: 0.999789
90142: 0.999789
90143: 0.999789
90144: 0.999789
90145: 0.999789
90146: 0.999789
90147: 0.999789
90148: 0.999789
90149: 0.999789
90150: 0.999789
90151: 0.999789
90152: 0.999789
90153: 0.999789
90154: 0.999789
90155: 0.999789
90156: 0.999789
90157: 0.999789
90158: 0.999789
90159: 0.999789
90160: 0.999789
90161: 0.999789
90162: 0.999789
90163: 0.999789
90164: 0.999789
90165: 0.999789
90166: 0.999789
90167: 0.999789
90168: 0.999789
90169: 0.999789
90170: 0.999789
90171: 0.999789
90172: 0.999789
90173: 0.999789
90174: 0.999789
90175: 0.999789
90176: 0.999789
90177: 0.999789
90178: 0.999789
90179: 0.999789
90180: 0.999789
90181: 0.999789
90182: 0.999789
90183: 0.999789
90184: 0.999789
90185: 0.999789
90186: 0.999789
90187: 0.999789
90188: 0.999789
90189: 0.999789
90190: 0.999789
90191: 0.999789
90192: 0.999789
90193: 0.999789
90194: 0.999789
90195: 0.999789
90196: 0.999789
90197: 0.999789
90198: 0.999789
90199: 0.999789
90200: 0.999789
90201: 0.999789
90202: 0.999789
90203: 0.999789
90204: 0.999789
90205: 0.999789
90206: 0.999789
90207: 0.999789
90208: 0.999789
90209: 0.999789
90210: 0.999789
90211: 0.999789
90212: 0.999789
90213: 0.999789
90214: 0.999789
90215: 0.999789
90216: 0.999789
90217: 0.999789
90218: 0.999789
90219: 0.999789
90220: 0.999789
90221: 0.999789
90222: 0.999789
90223: 0.999789
90224: 0.999789
90225: 0.999789
90226: 0.999789
90227: 0.999789
90228: 0.999789
90229: 0.999789
90230: 0.999789
90231: 0.999789
90232: 0.999789
90233: 0.999789
90234: 0.999789
90235: 0.999789
90236: 0.999789
90237: 0.999789
90238: 0.999789
90239: 0.999789
90240: 0.999789
90241: 0.999789
90242: 0.999789
90243: 0.999789
90244: 0.999789
90245: 0.999789
90246: 0.999789
90247: 0.999789
90248: 0.999789
90249: 0.999789
90250: 0.999789
90251: 0.999789
90252: 0.999789
90253: 0.999789
90254: 0.999789
90255: 0.999789
90256: 0.999789
90257: 0.999789
90258: 0.999789
90259: 0.999789
90260: 0.999789
90261: 0.99979
90262: 0.99979
90263: 0.99979
90264: 0.99979
90265: 0.99979
90266: 0.99979
90267: 0.99979
90268: 0.99979
90269: 0.99979
90270: 0.99979
90271: 0.99979
90272: 0.99979
90273: 0.99979
90274: 0.99979
90275: 0.99979
90276: 0.99979
90277: 0.99979
90278: 0.99979
90279: 0.99979
90280: 0.99979
90281: 0.99979
90282: 0.99979
90283: 0.99979
90284: 0.99979
90285: 0.99979
90286: 0.99979
90287: 0.99979
90288: 0.99979
90289: 0.99979
90290: 0.99979
90291: 0.99979
90292: 0.99979
90293: 0.99979
90294: 0.99979
90295: 0.99979
90296: 0.99979
90297: 0.99979
90298: 0.99979
90299: 0.99979
90300: 0.99979
90301: 0.99979
90302: 0.99979
90303: 0.99979
90304: 0.99979
90305: 0.99979
90306: 0.99979
90307: 0.99979
90308: 0.99979
90309: 0.99979
90310: 0.99979
90311: 0.99979
90312: 0.99979
90313: 0.99979
90314: 0.99979
90315: 0.99979
90316: 0.99979
90317: 0.99979
90318: 0.99979
90319: 0.99979
90320: 0.99979
90321: 0.99979
90322: 0.99979
90323: 0.99979
90324: 0.99979
90325: 0.99979
90326: 0.99979
90327: 0.99979
90328: 0.99979
90329: 0.99979
90330: 0.99979
90331: 0.99979
90332: 0.99979
90333: 0.99979
90334: 0.99979
90335: 0.99979
90336: 0.99979
90337: 0.99979
90338: 0.99979
90339: 0.99979
90340: 0.99979
90341: 0.99979
90342: 0.99979
90343: 0.99979
90344: 0.99979
90345: 0.99979
90346: 0.99979
90347: 0.99979
90348: 0.99979
90349: 0.99979
90350: 0.99979
90351: 0.99979
90352: 0.99979
90353: 0.99979
90354: 0.99979
90355: 0.99979
90356: 0.99979
90357: 0.99979
90358: 0.99979
90359: 0.99979
90360: 0.99979
90361: 0.99979
90362: 0.99979
90363: 0.99979
90364: 0.99979
90365: 0.99979
90366: 0.99979
90367: 0.99979
90368: 0.99979
90369: 0.99979
90370: 0.99979
90371: 0.99979
90372: 0.99979
90373: 0.99979
90374: 0.99979
90375: 0.99979
90376: 0.99979
90377: 0.99979
90378: 0.99979
90379: 0.99979
90380: 0.99979
90381: 0.99979
90382: 0.99979
90383: 0.99979
90384: 0.99979
90385: 0.99979
90386: 0.99979
90387: 0.99979
90388: 0.99979
90389: 0.99979
90390: 0.99979
90391: 0.99979
90392: 0.99979
90393: 0.99979
90394: 0.99979
90395: 0.99979
90396: 0.99979
90397: 0.99979
90398: 0.99979
90399: 0.99979
90400: 0.99979
90401: 0.99979
90402: 0.99979
90403: 0.99979
90404: 0.99979
90405: 0.99979
90406: 0.99979
90407: 0.99979
90408: 0.99979
90409: 0.99979
90410: 0.99979
90411: 0.99979
90412: 0.99979
90413: 0.99979
90414: 0.99979
90415: 0.99979
90416: 0.99979
90417: 0.99979
90418: 0.99979
90419: 0.99979
90420: 0.99979
90421: 0.99979
90422: 0.99979
90423: 0.99979
90424: 0.99979
90425: 0.99979
90426: 0.99979
90427: 0.99979
90428: 0.99979
90429: 0.99979
90430: 0.99979
90431: 0.99979
90432: 0.99979
90433: 0.99979
90434: 0.99979
90435: 0.99979
90436: 0.99979
90437: 0.99979
90438: 0.99979
90439: 0.99979
90440: 0.99979
90441: 0.99979
90442: 0.99979
90443: 0.99979
90444: 0.99979
90445: 0.99979
90446: 0.99979
90447: 0.99979
90448: 0.99979
90449: 0.99979
90450: 0.99979
90451: 0.99979
90452: 0.99979
90453: 0.99979
90454: 0.99979
90455: 0.99979
90456: 0.99979
90457: 0.99979
90458: 0.99979
90459: 0.99979
90460: 0.99979
90461: 0.99979
90462: 0.99979
90463: 0.99979
90464: 0.99979
90465: 0.99979
90466: 0.99979
90467: 0.99979
90468: 0.99979
90469: 0.99979
90470: 0.99979
90471: 0.99979
90472: 0.99979
90473: 0.99979
90474: 0.99979
90475: 0.99979
90476: 0.99979
90477: 0.99979
90478: 0.99979
90479: 0.99979
90480: 0.99979
90481: 0.99979
90482: 0.99979
90483: 0.99979
90484: 0.99979
90485: 0.99979
90486: 0.99979
90487: 0.99979
90488: 0.99979
90489: 0.99979
90490: 0.99979
90491: 0.99979
90492: 0.99979
90493: 0.99979
90494: 0.99979
90495: 0.99979
90496: 0.99979
90497: 0.99979
90498: 0.99979
90499: 0.99979
90500: 0.99979
90501: 0.99979
90502: 0.99979
90503: 0.99979
90504: 0.99979
90505: 0.99979
90506: 0.99979
90507: 0.99979
90508: 0.99979
90509: 0.99979
90510: 0.99979
90511: 0.99979
90512: 0.99979
90513: 0.99979
90514: 0.99979
90515: 0.99979
90516: 0.99979
90517: 0.99979
90518: 0.99979
90519: 0.99979
90520: 0.99979
90521: 0.99979
90522: 0.99979
90523: 0.99979
90524: 0.99979
90525: 0.99979
90526: 0.99979
90527: 0.99979
90528: 0.99979
90529: 0.99979
90530: 0.99979
90531: 0.99979
90532: 0.99979
90533: 0.99979
90534: 0.99979
90535: 0.99979
90536: 0.99979
90537: 0.99979
90538: 0.99979
90539: 0.99979
90540: 0.99979
90541: 0.99979
90542: 0.99979
90543: 0.99979
90544: 0.99979
90545: 0.99979
90546: 0.99979
90547: 0.99979
90548: 0.99979
90549: 0.99979
90550: 0.99979
90551: 0.99979
90552: 0.99979
90553: 0.99979
90554: 0.99979
90555: 0.99979
90556: 0.99979
90557: 0.99979
90558: 0.99979
90559: 0.99979
90560: 0.99979
90561: 0.99979
90562: 0.99979
90563: 0.99979
90564: 0.99979
90565: 0.99979
90566: 0.99979
90567: 0.99979
90568: 0.99979
90569: 0.99979
90570: 0.99979
90571: 0.99979
90572: 0.99979
90573: 0.99979
90574: 0.99979
90575: 0.99979
90576: 0.99979
90577: 0.99979
90578: 0.99979
90579: 0.99979
90580: 0.99979
90581: 0.99979
90582: 0.99979
90583: 0.99979
90584: 0.99979
90585: 0.99979
90586: 0.99979
90587: 0.99979
90588: 0.99979
90589: 0.99979
90590: 0.99979
90591: 0.99979
90592: 0.99979
90593: 0.99979
90594: 0.99979
90595: 0.99979
90596: 0.99979
90597: 0.99979
90598: 0.99979
90599: 0.99979
90600: 0.99979
90601: 0.99979
90602: 0.99979
90603: 0.99979
90604: 0.99979
90605: 0.99979
90606: 0.99979
90607: 0.99979
90608: 0.99979
90609: 0.99979
90610: 0.99979
90611: 0.99979
90612: 0.99979
90613: 0.99979
90614: 0.99979
90615: 0.99979
90616: 0.99979
90617: 0.99979
90618: 0.99979
90619: 0.99979
90620: 0.99979
90621: 0.99979
90622: 0.99979
90623: 0.99979
90624: 0.99979
90625: 0.99979
90626: 0.99979
90627: 0.99979
90628: 0.99979
90629: 0.99979
90630: 0.99979
90631: 0.99979
90632: 0.99979
90633: 0.99979
90634: 0.99979
90635: 0.99979
90636: 0.99979
90637: 0.99979
90638: 0.99979
90639: 0.99979
90640: 0.99979
90641: 0.99979
90642: 0.99979
90643: 0.99979
90644: 0.99979
90645: 0.99979
90646: 0.99979
90647: 0.99979
90648: 0.99979
90649: 0.99979
90650: 0.99979
90651: 0.99979
90652: 0.99979
90653: 0.99979
90654: 0.99979
90655: 0.99979
90656: 0.99979
90657: 0.99979
90658: 0.99979
90659: 0.99979
90660: 0.99979
90661: 0.99979
90662: 0.99979
90663: 0.99979
90664: 0.99979
90665: 0.99979
90666: 0.99979
90667: 0.99979
90668: 0.99979
90669: 0.99979
90670: 0.99979
90671: 0.99979
90672: 0.99979
90673: 0.99979
90674: 0.99979
90675: 0.99979
90676: 0.99979
90677: 0.99979
90678: 0.99979
90679: 0.99979
90680: 0.99979
90681: 0.99979
90682: 0.99979
90683: 0.99979
90684: 0.99979
90685: 0.99979
90686: 0.99979
90687: 0.99979
90688: 0.99979
90689: 0.99979
90690: 0.99979
90691: 0.99979
90692: 0.999791
90693: 0.999791
90694: 0.999791
90695: 0.999791
90696: 0.999791
90697: 0.999791
90698: 0.999791
90699: 0.999791
90700: 0.999791
90701: 0.999791
90702: 0.999791
90703: 0.999791
90704: 0.999791
90705: 0.999791
90706: 0.999791
90707: 0.999791
90708: 0.999791
90709: 0.999791
90710: 0.999791
90711: 0.999791
90712: 0.999791
90713: 0.999791
90714: 0.999791
90715: 0.999791
90716: 0.999791
90717: 0.999791
90718: 0.999791
90719: 0.999791
90720: 0.999791
90721: 0.999791
90722: 0.999791
90723: 0.999791
90724: 0.999791
90725: 0.999791
90726: 0.999791
90727: 0.999791
90728: 0.999791
90729: 0.999791
90730: 0.999791
90731: 0.999791
90732: 0.999791
90733: 0.999791
90734: 0.999791
90735: 0.999791
90736: 0.999791
90737: 0.999791
90738: 0.999791
90739: 0.999791
90740: 0.999791
90741: 0.999791
90742: 0.999791
90743: 0.999791
90744: 0.999791
90745: 0.999791
90746: 0.999791
90747: 0.999791
90748: 0.999791
90749: 0.999791
90750: 0.999791
90751: 0.999791
90752: 0.999791
90753: 0.999791
90754: 0.999791
90755: 0.999791
90756: 0.999791
90757: 0.999791
90758: 0.999791
90759: 0.999791
90760: 0.999791
90761: 0.999791
90762: 0.999791
90763: 0.999791
90764: 0.999791
90765: 0.999791
90766: 0.999791
90767: 0.999791
90768: 0.999791
90769: 0.999791
90770: 0.999791
90771: 0.999791
90772: 0.999791
90773: 0.999791
90774: 0.999791
90775: 0.999791
90776: 0.999791
90777: 0.999791
90778: 0.999791
90779: 0.999791
90780: 0.999791
90781: 0.999791
90782: 0.999791
90783: 0.999791
90784: 0.999791
90785: 0.999791
90786: 0.999791
90787: 0.999791
90788: 0.999791
90789: 0.999791
90790: 0.999791
90791: 0.999791
90792: 0.999791
90793: 0.999791
90794: 0.999791
90795: 0.999791
90796: 0.999791
90797: 0.999791
90798: 0.999791
90799: 0.999791
90800: 0.999791
90801: 0.999791
90802: 0.999791
90803: 0.999791
90804: 0.999791
90805: 0.999791
90806: 0.999791
90807: 0.999791
90808: 0.999791
90809: 0.999791
90810: 0.999791
90811: 0.999791
90812: 0.999791
90813: 0.999791
90814: 0.999791
90815: 0.999791
90816: 0.999791
90817: 0.999791
90818: 0.999791
90819: 0.999791
90820: 0.999791
90821: 0.999791
90822: 0.999791
90823: 0.999791
90824: 0.999791
90825: 0.999791
90826: 0.999791
90827: 0.999791
90828: 0.999791
90829: 0.999791
90830: 0.999791
90831: 0.999791
90832: 0.999791
90833: 0.999791
90834: 0.999791
90835: 0.999791
90836: 0.999791
90837: 0.999791
90838: 0.999791
90839: 0.999791
90840: 0.999791
90841: 0.999791
90842: 0.999791
90843: 0.999791
90844: 0.999791
90845: 0.999791
90846: 0.999791
90847: 0.999791
90848: 0.999791
90849: 0.999791
90850: 0.999791
90851: 0.999791
90852: 0.999791
90853: 0.999791
90854: 0.999791
90855: 0.999791
90856: 0.999791
90857: 0.999791
90858: 0.999791
90859: 0.999791
90860: 0.999791
90861: 0.999791
90862: 0.999791
90863: 0.999791
90864: 0.999791
90865: 0.999791
90866: 0.999791
90867: 0.999791
90868: 0.999791
90869: 0.999791
90870: 0.999791
90871: 0.999791
90872: 0.999791
90873: 0.999791
90874: 0.999791
90875: 0.999791
90876: 0.999791
90877: 0.999791
90878: 0.999791
90879: 0.999791
90880: 0.999791
90881: 0.999791
90882: 0.999791
90883: 0.999791
90884: 0.999791
90885: 0.999791
90886: 0.999791
90887: 0.999791
90888: 0.999791
90889: 0.999791
90890: 0.999791
90891: 0.999791
90892: 0.999791
90893: 0.999791
90894: 0.999791
90895: 0.999791
90896: 0.999791
90897: 0.999791
90898: 0.999791
90899: 0.999791
90900: 0.999791
90901: 0.999791
90902: 0.999791
90903: 0.999791
90904: 0.999791
90905: 0.999791
90906: 0.999791
90907: 0.999791
90908: 0.999791
90909: 0.999791
90910: 0.999791
90911: 0.999791
90912: 0.999791
90913: 0.999791
90914: 0.999791
90915: 0.999791
90916: 0.999791
90917: 0.999791
90918: 0.999791
90919: 0.999791
90920: 0.999791
90921: 0.999791
90922: 0.999791
90923: 0.999791
90924: 0.999791
90925: 0.999791
90926: 0.999791
90927: 0.999791
90928: 0.999791
90929: 0.999791
90930: 0.999791
90931: 0.999791
90932: 0.999791
90933: 0.999791
90934: 0.999791
90935: 0.999791
90936: 0.999791
90937: 0.999791
90938: 0.999791
90939: 0.999791
90940: 0.999791
90941: 0.999791
90942: 0.999791
90943: 0.999791
90944: 0.999791
90945: 0.999791
90946: 0.999791
90947: 0.999791
90948: 0.999791
90949: 0.999791
90950: 0.999791
90951: 0.999791
90952: 0.999791
90953: 0.999791
90954: 0.999791
90955: 0.999791
90956: 0.999791
90957: 0.999791
90958: 0.999791
90959: 0.999791
90960: 0.999791
90961: 0.999791
90962: 0.999791
90963: 0.999791
90964: 0.999791
90965: 0.999791
90966: 0.999791
90967: 0.999791
90968: 0.999791
90969: 0.999791
90970: 0.999791
90971: 0.999791
90972: 0.999791
90973: 0.999791
90974: 0.999791
90975: 0.999791
90976: 0.999791
90977: 0.999791
90978: 0.999791
90979: 0.999791
90980: 0.999791
90981: 0.999791
90982: 0.999791
90983: 0.999791
90984: 0.999791
90985: 0.999791
90986: 0.999791
90987: 0.999791
90988: 0.999791
90989: 0.999791
90990: 0.999791
90991: 0.999791
90992: 0.999791
90993: 0.999791
90994: 0.999791
90995: 0.999791
90996: 0.999791
90997: 0.999791
90998: 0.999791
90999: 0.999791
91000: 0.999791
91001: 0.999791
91002: 0.999791
91003: 0.999791
91004: 0.999791
91005: 0.999791
91006: 0.999791
91007: 0.999791
91008: 0.999791
91009: 0.999791
91010: 0.999791
91011: 0.999791
91012: 0.999791
91013: 0.999791
91014: 0.999791
91015: 0.999791
91016: 0.999791
91017: 0.999791
91018: 0.999791
91019: 0.999791
91020: 0.999791
91021: 0.999791
91022: 0.999791
91023: 0.999791
91024: 0.999791
91025: 0.999791
91026: 0.999791
91027: 0.999791
91028: 0.999791
91029: 0.999791
91030: 0.999791
91031: 0.999791
91032: 0.999791
91033: 0.999791
91034: 0.999791
91035: 0.999791
91036: 0.999791
91037: 0.999791
91038: 0.999791
91039: 0.999791
91040: 0.999791
91041: 0.999791
91042: 0.999791
91043: 0.999791
91044: 0.999791
91045: 0.999791
91046: 0.999791
91047: 0.999791
91048: 0.999791
91049: 0.999791
91050: 0.999791
91051: 0.999791
91052: 0.999791
91053: 0.999791
91054: 0.999791
91055: 0.999791
91056: 0.999791
91057: 0.999791
91058: 0.999791
91059: 0.999791
91060: 0.999791
91061: 0.999791
91062: 0.999791
91063: 0.999791
91064: 0.999791
91065: 0.999791
91066: 0.999791
91067: 0.999791
91068: 0.999791
91069: 0.999791
91070: 0.999791
91071: 0.999791
91072: 0.999791
91073: 0.999791
91074: 0.999791
91075: 0.999791
91076: 0.999791
91077: 0.999791
91078: 0.999791
91079: 0.999791
91080: 0.999791
91081: 0.999791
91082: 0.999791
91083: 0.999791
91084: 0.999791
91085: 0.999791
91086: 0.999791
91087: 0.999791
91088: 0.999791
91089: 0.999791
91090: 0.999791
91091: 0.999791
91092: 0.999791
91093: 0.999791
91094: 0.999791
91095: 0.999791
91096: 0.999791
91097: 0.999791
91098: 0.999791
91099: 0.999791
91100: 0.999791
91101: 0.999791
91102: 0.999791
91103: 0.999791
91104: 0.999791
91105: 0.999791
91106: 0.999791
91107: 0.999791
91108: 0.999791
91109: 0.999791
91110: 0.999791
91111: 0.999791
91112: 0.999791
91113: 0.999791
91114: 0.999791
91115: 0.999791
91116: 0.999791
91117: 0.999791
91118: 0.999791
91119: 0.999791
91120: 0.999791
91121: 0.999791
91122: 0.999791
91123: 0.999791
91124: 0.999791
91125: 0.999791
91126: 0.999791
91127: 0.999792
91128: 0.999792
91129: 0.999792
91130: 0.999792
91131: 0.999792
91132: 0.999792
91133: 0.999792
91134: 0.999792
91135: 0.999792
91136: 0.999792
91137: 0.999792
91138: 0.999792
91139: 0.999792
91140: 0.999792
91141: 0.999792
91142: 0.999792
91143: 0.999792
91144: 0.999792
91145: 0.999792
91146: 0.999792
91147: 0.999792
91148: 0.999792
91149: 0.999792
91150: 0.999792
91151: 0.999792
91152: 0.999792
91153: 0.999792
91154: 0.999792
91155: 0.999792
91156: 0.999792
91157: 0.999792
91158: 0.999792
91159: 0.999792
91160: 0.999792
91161: 0.999792
91162: 0.999792
91163: 0.999792
91164: 0.999792
91165: 0.999792
91166: 0.999792
91167: 0.999792
91168: 0.999792
91169: 0.999792
91170: 0.999792
91171: 0.999792
91172: 0.999792
91173: 0.999792
91174: 0.999792
91175: 0.999792
91176: 0.999792
91177: 0.999792
91178: 0.999792
91179: 0.999792
91180: 0.999792
91181: 0.999792
91182: 0.999792
91183: 0.999792
91184: 0.999792
91185: 0.999792
91186: 0.999792
91187: 0.999792
91188: 0.999792
91189: 0.999792
91190: 0.999792
91191: 0.999792
91192: 0.999792
91193: 0.999792
91194: 0.999792
91195: 0.999792
91196: 0.999792
91197: 0.999792
91198: 0.999792
91199: 0.999792
91200: 0.999792
91201: 0.999792
91202: 0.999792
91203: 0.999792
91204: 0.999792
91205: 0.999792
91206: 0.999792
91207: 0.999792
91208: 0.999792
91209: 0.999792
91210: 0.999792
91211: 0.999792
91212: 0.999792
91213: 0.999792
91214: 0.999792
91215: 0.999792
91216: 0.999792
91217: 0.999792
91218: 0.999792
91219: 0.999792
91220: 0.999792
91221: 0.999792
91222: 0.999792
91223: 0.999792
91224: 0.999792
91225: 0.999792
91226: 0.999792
91227: 0.999792
91228: 0.999792
91229: 0.999792
91230: 0.999792
91231: 0.999792
91232: 0.999792
91233: 0.999792
91234: 0.999792
91235: 0.999792
91236: 0.999792
91237: 0.999792
91238: 0.999792
91239: 0.999792
91240: 0.999792
91241: 0.999792
91242: 0.999792
91243: 0.999792
91244: 0.999792
91245: 0.999792
91246: 0.999792
91247: 0.999792
91248: 0.999792
91249: 0.999792
91250: 0.999792
91251: 0.999792
91252: 0.999792
91253: 0.999792
91254: 0.999792
91255: 0.999792
91256: 0.999792
91257: 0.999792
91258: 0.999792
91259: 0.999792
91260: 0.999792
91261: 0.999792
91262: 0.999792
91263: 0.999792
91264: 0.999792
91265: 0.999792
91266: 0.999792
91267: 0.999792
91268: 0.999792
91269: 0.999792
91270: 0.999792
91271: 0.999792
91272: 0.999792
91273: 0.999792
91274: 0.999792
91275: 0.999792
91276: 0.999792
91277: 0.999792
91278: 0.999792
91279: 0.999792
91280: 0.999792
91281: 0.999792
91282: 0.999792
91283: 0.999792
91284: 0.999792
91285: 0.999792
91286: 0.999792
91287: 0.999792
91288: 0.999792
91289: 0.999792
91290: 0.999792
91291: 0.999792
91292: 0.999792
91293: 0.999792
91294: 0.999792
91295: 0.999792
91296: 0.999792
91297: 0.999792
91298: 0.999792
91299: 0.999792
91300: 0.999792
91301: 0.999792
91302: 0.999792
91303: 0.999792
91304: 0.999792
91305: 0.999792
91306: 0.999792
91307: 0.999792
91308: 0.999792
91309: 0.999792
91310: 0.999792
91311: 0.999792
91312: 0.999792
91313: 0.999792
91314: 0.999792
91315: 0.999792
91316: 0.999792
91317: 0.999792
91318: 0.999792
91319: 0.999792
91320: 0.999792
91321: 0.999792
91322: 0.999792
91323: 0.999792
91324: 0.999792
91325: 0.999792
91326: 0.999792
91327: 0.999792
91328: 0.999792
91329: 0.999792
91330: 0.999792
91331: 0.999792
91332: 0.999792
91333: 0.999792
91334: 0.999792
91335: 0.999792
91336: 0.999792
91337: 0.999792
91338: 0.999792
91339: 0.999792
91340: 0.999792
91341: 0.999792
91342: 0.999792
91343: 0.999792
91344: 0.999792
91345: 0.999792
91346: 0.999792
91347: 0.999792
91348: 0.999792
91349: 0.999792
91350: 0.999792
91351: 0.999792
91352: 0.999792
91353: 0.999792
91354: 0.999792
91355: 0.999792
91356: 0.999792
91357: 0.999792
91358: 0.999792
91359: 0.999792
91360: 0.999792
91361: 0.999792
91362: 0.999792
91363: 0.999792
91364: 0.999792
91365: 0.999792
91366: 0.999792
91367: 0.999792
91368: 0.999792
91369: 0.999792
91370: 0.999792
91371: 0.999792
91372: 0.999792
91373: 0.999792
91374: 0.999792
91375: 0.999792
91376: 0.999792
91377: 0.999792
91378: 0.999792
91379: 0.999792
91380: 0.999792
91381: 0.999792
91382: 0.999792
91383: 0.999792
91384: 0.999792
91385: 0.999792
91386: 0.999792
91387: 0.999792
91388: 0.999792
91389: 0.999792
91390: 0.999792
91391: 0.999792
91392: 0.999792
91393: 0.999792
91394: 0.999792
91395: 0.999792
91396: 0.999792
91397: 0.999792
91398: 0.999792
91399: 0.999792
91400: 0.999792
91401: 0.999792
91402: 0.999792
91403: 0.999792
91404: 0.999792
91405: 0.999792
91406: 0.999792
91407: 0.999792
91408: 0.999792
91409: 0.999792
91410: 0.999792
91411: 0.999792
91412: 0.999792
91413: 0.999792
91414: 0.999792
91415: 0.999792
91416: 0.999792
91417: 0.999792
91418: 0.999792
91419: 0.999792
91420: 0.999792
91421: 0.999792
91422: 0.999792
91423: 0.999792
91424: 0.999792
91425: 0.999792
91426: 0.999792
91427: 0.999792
91428: 0.999792
91429: 0.999792
91430: 0.999792
91431: 0.999792
91432: 0.999792
91433: 0.999792
91434: 0.999792
91435: 0.999792
91436: 0.999792
91437: 0.999792
91438: 0.999792
91439: 0.999792
91440: 0.999792
91441: 0.999792
91442: 0.999792
91443: 0.999792
91444: 0.999792
91445: 0.999792
91446: 0.999792
91447: 0.999792
91448: 0.999792
91449: 0.999792
91450: 0.999792
91451: 0.999792
91452: 0.999792
91453: 0.999792
91454: 0.999792
91455: 0.999792
91456: 0.999792
91457: 0.999792
91458: 0.999792
91459: 0.999792
91460: 0.999792
91461: 0.999792
91462: 0.999792
91463: 0.999792
91464: 0.999792
91465: 0.999792
91466: 0.999792
91467: 0.999792
91468: 0.999792
91469: 0.999792
91470: 0.999792
91471: 0.999792
91472: 0.999792
91473: 0.999792
91474: 0.999792
91475: 0.999792
91476: 0.999792
91477: 0.999792
91478: 0.999792
91479: 0.999792
91480: 0.999792
91481: 0.999792
91482: 0.999792
91483: 0.999792
91484: 0.999792
91485: 0.999792
91486: 0.999792
91487: 0.999792
91488: 0.999792
91489: 0.999792
91490: 0.999792
91491: 0.999792
91492: 0.999792
91493: 0.999792
91494: 0.999792
91495: 0.999792
91496: 0.999792
91497: 0.999792
91498: 0.999792
91499: 0.999792
91500: 0.999792
91501: 0.999792
91502: 0.999792
91503: 0.999792
91504: 0.999792
91505: 0.999792
91506: 0.999792
91507: 0.999792
91508: 0.999792
91509: 0.999792
91510: 0.999792
91511: 0.999792
91512: 0.999792
91513: 0.999792
91514: 0.999792
91515: 0.999792
91516: 0.999792
91517: 0.999792
91518: 0.999792
91519: 0.999792
91520: 0.999792
91521: 0.999792
91522: 0.999792
91523: 0.999792
91524: 0.999792
91525: 0.999792
91526: 0.999792
91527: 0.999792
91528: 0.999792
91529: 0.999792
91530: 0.999792
91531: 0.999792
91532: 0.999792
91533: 0.999792
91534: 0.999792
91535: 0.999792
91536: 0.999792
91537: 0.999792
91538: 0.999792
91539: 0.999792
91540: 0.999792
91541: 0.999792
91542: 0.999792
91543: 0.999792
91544: 0.999792
91545: 0.999792
91546: 0.999792
91547: 0.999792
91548: 0.999792
91549: 0.999792
91550: 0.999792
91551: 0.999792
91552: 0.999792
91553: 0.999792
91554: 0.999792
91555: 0.999792
91556: 0.999792
91557: 0.999792
91558: 0.999792
91559: 0.999792
91560: 0.999792
91561: 0.999792
91562: 0.999792
91563: 0.999792
91564: 0.999792
91565: 0.999792
91566: 0.999793
91567: 0.999793
91568: 0.999793
91569: 0.999793
91570: 0.999793
91571: 0.999793
91572: 0.999793
91573: 0.999793
91574: 0.999793
91575: 0.999793
91576: 0.999793
91577: 0.999793
91578: 0.999793
91579: 0.999793
91580: 0.999793
91581: 0.999793
91582: 0.999793
91583: 0.999793
91584: 0.999793
91585: 0.999793
91586: 0.999793
91587: 0.999793
91588: 0.999793
91589: 0.999793
91590: 0.999793
91591: 0.999793
91592: 0.999793
91593: 0.999793
91594: 0.999793
91595: 0.999793
91596: 0.999793
91597: 0.999793
91598: 0.999793
91599: 0.999793
91600: 0.999793
91601: 0.999793
91602: 0.999793
91603: 0.999793
91604: 0.999793
91605: 0.999793
91606: 0.999793
91607: 0.999793
91608: 0.999793
91609: 0.999793
91610: 0.999793
91611: 0.999793
91612: 0.999793
91613: 0.999793
91614: 0.999793
91615: 0.999793
91616: 0.999793
91617: 0.999793
91618: 0.999793
91619: 0.999793
91620: 0.999793
91621: 0.999793
91622: 0.999793
91623: 0.999793
91624: 0.999793
91625: 0.999793
91626: 0.999793
91627: 0.999793
91628: 0.999793
91629: 0.999793
91630: 0.999793
91631: 0.999793
91632: 0.999793
91633: 0.999793
91634: 0.999793
91635: 0.999793
91636: 0.999793
91637: 0.999793
91638: 0.999793
91639: 0.999793
91640: 0.999793
91641: 0.999793
91642: 0.999793
91643: 0.999793
91644: 0.999793
91645: 0.999793
91646: 0.999793
91647: 0.999793
91648: 0.999793
91649: 0.999793
91650: 0.999793
91651: 0.999793
91652: 0.999793
91653: 0.999793
91654: 0.999793
91655: 0.999793
91656: 0.999793
91657: 0.999793
91658: 0.999793
91659: 0.999793
91660: 0.999793
91661: 0.999793
91662: 0.999793
91663: 0.999793
91664: 0.999793
91665: 0.999793
91666: 0.999793
91667: 0.999793
91668: 0.999793
91669: 0.999793
91670: 0.999793
91671: 0.999793
91672: 0.999793
91673: 0.999793
91674: 0.999793
91675: 0.999793
91676: 0.999793
91677: 0.999793
91678: 0.999793
91679: 0.999793
91680: 0.999793
91681: 0.999793
91682: 0.999793
91683: 0.999793
91684: 0.999793
91685: 0.999793
91686: 0.999793
91687: 0.999793
91688: 0.999793
91689: 0.999793
91690: 0.999793
91691: 0.999793
91692: 0.999793
91693: 0.999793
91694: 0.999793
91695: 0.999793
91696: 0.999793
91697: 0.999793
91698: 0.999793
91699: 0.999793
91700: 0.999793
91701: 0.999793
91702: 0.999793
91703: 0.999793
91704: 0.999793
91705: 0.999793
91706: 0.999793
91707: 0.999793
91708: 0.999793
91709: 0.999793
91710: 0.999793
91711: 0.999793
91712: 0.999793
91713: 0.999793
91714: 0.999793
91715: 0.999793
91716: 0.999793
91717: 0.999793
91718: 0.999793
91719: 0.999793
91720: 0.999793
91721: 0.999793
91722: 0.999793
91723: 0.999793
91724: 0.999793
91725: 0.999793
91726: 0.999793
91727: 0.999793
91728: 0.999793
91729: 0.999793
91730: 0.999793
91731: 0.999793
91732: 0.999793
91733: 0.999793
91734: 0.999793
91735: 0.999793
91736: 0.999793
91737: 0.999793
91738: 0.999793
91739: 0.999793
91740: 0.999793
91741: 0.999793
91742: 0.999793
91743: 0.999793
91744: 0.999793
91745: 0.999793
91746: 0.999793
91747: 0.999793
91748: 0.999793
91749: 0.999793
91750: 0.999793
91751: 0.999793
91752: 0.999793
91753: 0.999793
91754: 0.999793
91755: 0.999793
91756: 0.999793
91757: 0.999793
91758: 0.999793
91759: 0.999793
91760: 0.999793
91761: 0.999793
91762: 0.999793
91763: 0.999793
91764: 0.999793
91765: 0.999793
91766: 0.999793
91767: 0.999793
91768: 0.999793
91769: 0.999793
91770: 0.999793
91771: 0.999793
91772: 0.999793
91773: 0.999793
91774: 0.999793
91775: 0.999793
91776: 0.999793
91777: 0.999793
91778: 0.999793
91779: 0.999793
91780: 0.999793
91781: 0.999793
91782: 0.999793
91783: 0.999793
91784: 0.999793
91785: 0.999793
91786: 0.999793
91787: 0.999793
91788: 0.999793
91789: 0.999793
91790: 0.999793
91791: 0.999793
91792: 0.999793
91793: 0.999793
91794: 0.999793
91795: 0.999793
91796: 0.999793
91797: 0.999793
91798: 0.999793
91799: 0.999793
91800: 0.999793
91801: 0.999793
91802: 0.999793
91803: 0.999793
91804: 0.999793
91805: 0.999793
91806: 0.999793
91807: 0.999793
91808: 0.999793
91809: 0.999793
91810: 0.999793
91811: 0.999793
91812: 0.999793
91813: 0.999793
91814: 0.999793
91815: 0.999793
91816: 0.999793
91817: 0.999793
91818: 0.999793
91819: 0.999793
91820: 0.999793
91821: 0.999793
91822: 0.999793
91823: 0.999793
91824: 0.999793
91825: 0.999793
91826: 0.999793
91827: 0.999793
91828: 0.999793
91829: 0.999793
91830: 0.999793
91831: 0.999793
91832: 0.999793
91833: 0.999793
91834: 0.999793
91835: 0.999793
91836: 0.999793
91837: 0.999793
91838: 0.999793
91839: 0.999793
91840: 0.999793
91841: 0.999793
91842: 0.999793
91843: 0.999793
91844: 0.999793
91845: 0.999793
91846: 0.999793
91847: 0.999793
91848: 0.999793
91849: 0.999793
91850: 0.999793
91851: 0.999793
91852: 0.999793
91853: 0.999793
91854: 0.999793
91855: 0.999793
91856: 0.999793
91857: 0.999793
91858: 0.999793
91859: 0.999793
91860: 0.999793
91861: 0.999793
91862: 0.999793
91863: 0.999793
91864: 0.999793
91865: 0.999793
91866: 0.999793
91867: 0.999793
91868: 0.999793
91869: 0.999793
91870: 0.999793
91871: 0.999793
91872: 0.999793
91873: 0.999793
91874: 0.999793
91875: 0.999793
91876: 0.999793
91877: 0.999793
91878: 0.999793
91879: 0.999793
91880: 0.999793
91881: 0.999793
91882: 0.999793
91883: 0.999793
91884: 0.999793
91885: 0.999793
91886: 0.999793
91887: 0.999793
91888: 0.999793
91889: 0.999793
91890: 0.999793
91891: 0.999793
91892: 0.999793
91893: 0.999793
91894: 0.999793
91895: 0.999793
91896: 0.999793
91897: 0.999793
91898: 0.999793
91899: 0.999793
91900: 0.999793
91901: 0.999793
91902: 0.999793
91903: 0.999793
91904: 0.999793
91905: 0.999793
91906: 0.999793
91907: 0.999793
91908: 0.999793
91909: 0.999793
91910: 0.999793
91911: 0.999793
91912: 0.999793
91913: 0.999793
91914: 0.999793
91915: 0.999793
91916: 0.999793
91917: 0.999793
91918: 0.999793
91919: 0.999793
91920: 0.999793
91921: 0.999793
91922: 0.999793
91923: 0.999793
91924: 0.999793
91925: 0.999793
91926: 0.999793
91927: 0.999793
91928: 0.999793
91929: 0.999793
91930: 0.999793
91931: 0.999793
91932: 0.999793
91933: 0.999793
91934: 0.999793
91935: 0.999793
91936: 0.999793
91937: 0.999793
91938: 0.999793
91939: 0.999793
91940: 0.999793
91941: 0.999793
91942: 0.999793
91943: 0.999793
91944: 0.999793
91945: 0.999793
91946: 0.999793
91947: 0.999793
91948: 0.999793
91949: 0.999793
91950: 0.999793
91951: 0.999793
91952: 0.999793
91953: 0.999793
91954: 0.999793
91955: 0.999793
91956: 0.999793
91957: 0.999793
91958: 0.999793
91959: 0.999793
91960: 0.999793
91961: 0.999793
91962: 0.999793
91963: 0.999793
91964: 0.999793
91965: 0.999793
91966: 0.999793
91967: 0.999793
91968: 0.999793
91969: 0.999793
91970: 0.999793
91971: 0.999793
91972: 0.999793
91973: 0.999793
91974: 0.999793
91975: 0.999793
91976: 0.999793
91977: 0.999793
91978: 0.999793
91979: 0.999793
91980: 0.999793
91981: 0.999793
91982: 0.999793
91983: 0.999793
91984: 0.999793
91985: 0.999793
91986: 0.999793
91987: 0.999793
91988: 0.999793
91989: 0.999793
91990: 0.999793
91991: 0.999793
91992: 0.999793
91993: 0.999793
91994: 0.999793
91995: 0.999793
91996: 0.999793
91997: 0.999793
91998: 0.999793
91999: 0.999793
92000: 0.999793
92001: 0.999793
92002: 0.999793
92003: 0.999793
92004: 0.999793
92005: 0.999793
92006: 0.999793
92007: 0.999793
92008: 0.999793
92009: 0.999794
92010: 0.999794
92011: 0.999794
92012: 0.999794
92013: 0.999794
92014: 0.999794
92015: 0.999794
92016: 0.999794
92017: 0.999794
92018: 0.999794
92019: 0.999794
92020: 0.999794
92021: 0.999794
92022: 0.999794
92023: 0.999794
92024: 0.999794
92025: 0.999794
92026: 0.999794
92027: 0.999794
92028: 0.999794
92029: 0.999794
92030: 0.999794
92031: 0.999794
92032: 0.999794
92033: 0.999794
92034: 0.999794
92035: 0.999794
92036: 0.999794
92037: 0.999794
92038: 0.999794
92039: 0.999794
92040: 0.999794
92041: 0.999794
92042: 0.999794
92043: 0.999794
92044: 0.999794
92045: 0.999794
92046: 0.999794
92047: 0.999794
92048: 0.999794
92049: 0.999794
92050: 0.999794
92051: 0.999794
92052: 0.999794
92053: 0.999794
92054: 0.999794
92055: 0.999794
92056: 0.999794
92057: 0.999794
92058: 0.999794
92059: 0.999794
92060: 0.999794
92061: 0.999794
92062: 0.999794
92063: 0.999794
92064: 0.999794
92065: 0.999794
92066: 0.999794
92067: 0.999794
92068: 0.999794
92069: 0.999794
92070: 0.999794
92071: 0.999794
92072: 0.999794
92073: 0.999794
92074: 0.999794
92075: 0.999794
92076: 0.999794
92077: 0.999794
92078: 0.999794
92079: 0.999794
92080: 0.999794
92081: 0.999794
92082: 0.999794
92083: 0.999794
92084: 0.999794
92085: 0.999794
92086: 0.999794
92087: 0.999794
92088: 0.999794
92089: 0.999794
92090: 0.999794
92091: 0.999794
92092: 0.999794
92093: 0.999794
92094: 0.999794
92095: 0.999794
92096: 0.999794
92097: 0.999794
92098: 0.999794
92099: 0.999794
92100: 0.999794
92101: 0.999794
92102: 0.999794
92103: 0.999794
92104: 0.999794
92105: 0.999794
92106: 0.999794
92107: 0.999794
92108: 0.999794
92109: 0.999794
92110: 0.999794
92111: 0.999794
92112: 0.999794
92113: 0.999794
92114: 0.999794
92115: 0.999794
92116: 0.999794
92117: 0.999794
92118: 0.999794
92119: 0.999794
92120: 0.999794
92121: 0.999794
92122: 0.999794
92123: 0.999794
92124: 0.999794
92125: 0.999794
92126: 0.999794
92127: 0.999794
92128: 0.999794
92129: 0.999794
92130: 0.999794
92131: 0.999794
92132: 0.999794
92133: 0.999794
92134: 0.999794
92135: 0.999794
92136: 0.999794
92137: 0.999794
92138: 0.999794
92139: 0.999794
92140: 0.999794
92141: 0.999794
92142: 0.999794
92143: 0.999794
92144: 0.999794
92145: 0.999794
92146: 0.999794
92147: 0.999794
92148: 0.999794
92149: 0.999794
92150: 0.999794
92151: 0.999794
92152: 0.999794
92153: 0.999794
92154: 0.999794
92155: 0.999794
92156: 0.999794
92157: 0.999794
92158: 0.999794
92159: 0.999794
92160: 0.999794
92161: 0.999794
92162: 0.999794
92163: 0.999794
92164: 0.999794
92165: 0.999794
92166: 0.999794
92167: 0.999794
92168: 0.999794
92169: 0.999794
92170: 0.999794
92171: 0.999794
92172: 0.999794
92173: 0.999794
92174: 0.999794
92175: 0.999794
92176: 0.999794
92177: 0.999794
92178: 0.999794
92179: 0.999794
92180: 0.999794
92181: 0.999794
92182: 0.999794
92183: 0.999794
92184: 0.999794
92185: 0.999794
92186: 0.999794
92187: 0.999794
92188: 0.999794
92189: 0.999794
92190: 0.999794
92191: 0.999794
92192: 0.999794
92193: 0.999794
92194: 0.999794
92195: 0.999794
92196: 0.999794
92197: 0.999794
92198: 0.999794
92199: 0.999794
92200: 0.999794
92201: 0.999794
92202: 0.999794
92203: 0.999794
92204: 0.999794
92205: 0.999794
92206: 0.999794
92207: 0.999794
92208: 0.999794
92209: 0.999794
92210: 0.999794
92211: 0.999794
92212: 0.999794
92213: 0.999794
92214: 0.999794
92215: 0.999794
92216: 0.999794
92217: 0.999794
92218: 0.999794
92219: 0.999794
92220: 0.999794
92221: 0.999794
92222: 0.999794
92223: 0.999794
92224: 0.999794
92225: 0.999794
92226: 0.999794
92227: 0.999794
92228: 0.999794
92229: 0.999794
92230: 0.999794
92231: 0.999794
92232: 0.999794
92233: 0.999794
92234: 0.999794
92235: 0.999794
92236: 0.999794
92237: 0.999794
92238: 0.999794
92239: 0.999794
92240: 0.999794
92241: 0.999794
92242: 0.999794
92243: 0.999794
92244: 0.999794
92245: 0.999794
92246: 0.999794
92247: 0.999794
92248: 0.999794
92249: 0.999794
92250: 0.999794
92251: 0.999794
92252: 0.999794
92253: 0.999794
92254: 0.999794
92255: 0.999794
92256: 0.999794
92257: 0.999794
92258: 0.999794
92259: 0.999794
92260: 0.999794
92261: 0.999794
92262: 0.999794
92263: 0.999794
92264: 0.999794
92265: 0.999794
92266: 0.999794
92267: 0.999794
92268: 0.999794
92269: 0.999794
92270: 0.999794
92271: 0.999794
92272: 0.999794
92273: 0.999794
92274: 0.999794
92275: 0.999794
92276: 0.999794
92277: 0.999794
92278: 0.999794
92279: 0.999794
92280: 0.999794
92281: 0.999794
92282: 0.999794
92283: 0.999794
92284: 0.999794
92285: 0.999794
92286: 0.999794
92287: 0.999794
92288: 0.999794
92289: 0.999794
92290: 0.999794
92291: 0.999794
92292: 0.999794
92293: 0.999794
92294: 0.999794
92295: 0.999794
92296: 0.999794
92297: 0.999794
92298: 0.999794
92299: 0.999794
92300: 0.999794
92301: 0.999794
92302: 0.999794
92303: 0.999794
92304: 0.999794
92305: 0.999794
92306: 0.999794
92307: 0.999794
92308: 0.999794
92309: 0.999794
92310: 0.999794
92311: 0.999794
92312: 0.999794
92313: 0.999794
92314: 0.999794
92315: 0.999794
92316: 0.999794
92317: 0.999794
92318: 0.999794
92319: 0.999794
92320: 0.999794
92321: 0.999794
92322: 0.999794
92323: 0.999794
92324: 0.999794
92325: 0.999794
92326: 0.999794
92327: 0.999794
92328: 0.999794
92329: 0.999794
92330: 0.999794
92331: 0.999794
92332: 0.999794
92333: 0.999794
92334: 0.999794
92335: 0.999794
92336: 0.999794
92337: 0.999794
92338: 0.999794
92339: 0.999794
92340: 0.999794
92341: 0.999794
92342: 0.999794
92343: 0.999794
92344: 0.999794
92345: 0.999794
92346: 0.999794
92347: 0.999794
92348: 0.999794
92349: 0.999794
92350: 0.999794
92351: 0.999794
92352: 0.999794
92353: 0.999794
92354: 0.999794
92355: 0.999794
92356: 0.999794
92357: 0.999794
92358: 0.999794
92359: 0.999794
92360: 0.999794
92361: 0.999794
92362: 0.999794
92363: 0.999794
92364: 0.999794
92365: 0.999794
92366: 0.999794
92367: 0.999794
92368: 0.999794
92369: 0.999794
92370: 0.999794
92371: 0.999794
92372: 0.999794
92373: 0.999794
92374: 0.999794
92375: 0.999794
92376: 0.999794
92377: 0.999794
92378: 0.999794
92379: 0.999794
92380: 0.999794
92381: 0.999794
92382: 0.999794
92383: 0.999794
92384: 0.999794
92385: 0.999794
92386: 0.999794
92387: 0.999794
92388: 0.999794
92389: 0.999794
92390: 0.999794
92391: 0.999794
92392: 0.999794
92393: 0.999794
92394: 0.999794
92395: 0.999794
92396: 0.999794
92397: 0.999794
92398: 0.999794
92399: 0.999794
92400: 0.999794
92401: 0.999794
92402: 0.999794
92403: 0.999794
92404: 0.999794
92405: 0.999794
92406: 0.999794
92407: 0.999794
92408: 0.999794
92409: 0.999794
92410: 0.999794
92411: 0.999794
92412: 0.999794
92413: 0.999794
92414: 0.999794
92415: 0.999794
92416: 0.999794
92417: 0.999794
92418: 0.999794
92419: 0.999794
92420: 0.999794
92421: 0.999794
92422: 0.999794
92423: 0.999794
92424: 0.999794
92425: 0.999794
92426: 0.999794
92427: 0.999794
92428: 0.999794
92429: 0.999794
92430: 0.999794
92431: 0.999794
92432: 0.999794
92433: 0.999794
92434: 0.999794
92435: 0.999794
92436: 0.999794
92437: 0.999794
92438: 0.999794
92439: 0.999794
92440: 0.999794
92441: 0.999794
92442: 0.999794
92443: 0.999794
92444: 0.999794
92445: 0.999794
92446: 0.999794
92447: 0.999794
92448: 0.999794
92449: 0.999794
92450: 0.999794
92451: 0.999794
92452: 0.999794
92453: 0.999794
92454: 0.999794
92455: 0.999794
92456: 0.999794
92457: 0.999795
92458: 0.999795
92459: 0.999795
92460: 0.999795
92461: 0.999795
92462: 0.999795
92463: 0.999795
92464: 0.999795
92465: 0.999795
92466: 0.999795
92467: 0.999795
92468: 0.999795
92469: 0.999795
92470: 0.999795
92471: 0.999795
92472: 0.999795
92473: 0.999795
92474: 0.999795
92475: 0.999795
92476: 0.999795
92477: 0.999795
92478: 0.999795
92479: 0.999795
92480: 0.999795
92481: 0.999795
92482: 0.999795
92483: 0.999795
92484: 0.999795
92485: 0.999795
92486: 0.999795
92487: 0.999795
92488: 0.999795
92489: 0.999795
92490: 0.999795
92491: 0.999795
92492: 0.999795
92493: 0.999795
92494: 0.999795
92495: 0.999795
92496: 0.999795
92497: 0.999795
92498: 0.999795
92499: 0.999795
92500: 0.999795
92501: 0.999795
92502: 0.999795
92503: 0.999795
92504: 0.999795
92505: 0.999795
92506: 0.999795
92507: 0.999795
92508: 0.999795
92509: 0.999795
92510: 0.999795
92511: 0.999795
92512: 0.999795
92513: 0.999795
92514: 0.999795
92515: 0.999795
92516: 0.999795
92517: 0.999795
92518: 0.999795
92519: 0.999795
92520: 0.999795
92521: 0.999795
92522: 0.999795
92523: 0.999795
92524: 0.999795
92525: 0.999795
92526: 0.999795
92527: 0.999795
92528: 0.999795
92529: 0.999795
92530: 0.999795
92531: 0.999795
92532: 0.999795
92533: 0.999795
92534: 0.999795
92535: 0.999795
92536: 0.999795
92537: 0.999795
92538: 0.999795
92539: 0.999795
92540: 0.999795
92541: 0.999795
92542: 0.999795
92543: 0.999795
92544: 0.999795
92545: 0.999795
92546: 0.999795
92547: 0.999795
92548: 0.999795
92549: 0.999795
92550: 0.999795
92551: 0.999795
92552: 0.999795
92553: 0.999795
92554: 0.999795
92555: 0.999795
92556: 0.999795
92557: 0.999795
92558: 0.999795
92559: 0.999795
92560: 0.999795
92561: 0.999795
92562: 0.999795
92563: 0.999795
92564: 0.999795
92565: 0.999795
92566: 0.999795
92567: 0.999795
92568: 0.999795
92569: 0.999795
92570: 0.999795
92571: 0.999795
92572: 0.999795
92573: 0.999795
92574: 0.999795
92575: 0.999795
92576: 0.999795
92577: 0.999795
92578: 0.999795
92579: 0.999795
92580: 0.999795
92581: 0.999795
92582: 0.999795
92583: 0.999795
92584: 0.999795
92585: 0.999795
92586: 0.999795
92587: 0.999795
92588: 0.999795
92589: 0.999795
92590: 0.999795
92591: 0.999795
92592: 0.999795
92593: 0.999795
92594: 0.999795
92595: 0.999795
92596: 0.999795
92597: 0.999795
92598: 0.999795
92599: 0.999795
92600: 0.999795
92601: 0.999795
92602: 0.999795
92603: 0.999795
92604: 0.999795
92605: 0.999795
92606: 0.999795
92607: 0.999795
92608: 0.999795
92609: 0.999795
92610: 0.999795
92611: 0.999795
92612: 0.999795
92613: 0.999795
92614: 0.999795
92615: 0.999795
92616: 0.999795
92617: 0.999795
92618: 0.999795
92619: 0.999795
92620: 0.999795
92621: 0.999795
92622: 0.999795
92623: 0.999795
92624: 0.999795
92625: 0.999795
92626: 0.999795
92627: 0.999795
92628: 0.999795
92629: 0.999795
92630: 0.999795
92631: 0.999795
92632: 0.999795
92633: 0.999795
92634: 0.999795
92635: 0.999795
92636: 0.999795
92637: 0.999795
92638: 0.999795
92639: 0.999795
92640: 0.999795
92641: 0.999795
92642: 0.999795
92643: 0.999795
92644: 0.999795
92645: 0.999795
92646: 0.999795
92647: 0.999795
92648: 0.999795
92649: 0.999795
92650: 0.999795
92651: 0.999795
92652: 0.999795
92653: 0.999795
92654: 0.999795
92655: 0.999795
92656: 0.999795
92657: 0.999795
92658: 0.999795
92659: 0.999795
92660: 0.999795
92661: 0.999795
92662: 0.999795
92663: 0.999795
92664: 0.999795
92665: 0.999795
92666: 0.999795
92667: 0.999795
92668: 0.999795
92669: 0.999795
92670: 0.999795
92671: 0.999795
92672: 0.999795
92673: 0.999795
92674: 0.999795
92675: 0.999795
92676: 0.999795
92677: 0.999795
92678: 0.999795
92679: 0.999795
92680: 0.999795
92681: 0.999795
92682: 0.999795
92683: 0.999795
92684: 0.999795
92685: 0.999795
92686: 0.999795
92687: 0.999795
92688: 0.999795
92689: 0.999795
92690: 0.999795
92691: 0.999795
92692: 0.999795
92693: 0.999795
92694: 0.999795
92695: 0.999795
92696: 0.999795
92697: 0.999795
92698: 0.999795
92699: 0.999795
92700: 0.999795
92701: 0.999795
92702: 0.999795
92703: 0.999795
92704: 0.999795
92705: 0.999795
92706: 0.999795
92707: 0.999795
92708: 0.999795
92709: 0.999795
92710: 0.999795
92711: 0.999795
92712: 0.999795
92713: 0.999795
92714: 0.999795
92715: 0.999795
92716: 0.999795
92717: 0.999795
92718: 0.999795
92719: 0.999795
92720: 0.999795
92721: 0.999795
92722: 0.999795
92723: 0.999795
92724: 0.999795
92725: 0.999795
92726: 0.999795
92727: 0.999795
92728: 0.999795
92729: 0.999795
92730: 0.999795
92731: 0.999795
92732: 0.999795
92733: 0.999795
92734: 0.999795
92735: 0.999795
92736: 0.999795
92737: 0.999795
92738: 0.999795
92739: 0.999795
92740: 0.999795
92741: 0.999795
92742: 0.999795
92743: 0.999795
92744: 0.999795
92745: 0.999795
92746: 0.999795
92747: 0.999795
92748: 0.999795
92749: 0.999795
92750: 0.999795
92751: 0.999795
92752: 0.999795
92753: 0.999795
92754: 0.999795
92755: 0.999795
92756: 0.999795
92757: 0.999795
92758: 0.999795
92759: 0.999795
92760: 0.999795
92761: 0.999795
92762: 0.999795
92763: 0.999795
92764: 0.999795
92765: 0.999795
92766: 0.999795
92767: 0.999795
92768: 0.999795
92769: 0.999795
92770: 0.999795
92771: 0.999795
92772: 0.999795
92773: 0.999795
92774: 0.999795
92775: 0.999795
92776: 0.999795
92777: 0.999795
92778: 0.999795
92779: 0.999795
92780: 0.999795
92781: 0.999795
92782: 0.999795
92783: 0.999795
92784: 0.999795
92785: 0.999795
92786: 0.999795
92787: 0.999795
92788: 0.999795
92789: 0.999795
92790: 0.999795
92791: 0.999795
92792: 0.999795
92793: 0.999795
92794: 0.999795
92795: 0.999795
92796: 0.999795
92797: 0.999795
92798: 0.999795
92799: 0.999795
92800: 0.999795
92801: 0.999795
92802: 0.999795
92803: 0.999795
92804: 0.999795
92805: 0.999795
92806: 0.999795
92807: 0.999795
92808: 0.999795
92809: 0.999795
92810: 0.999795
92811: 0.999795
92812: 0.999795
92813: 0.999795
92814: 0.999795
92815: 0.999795
92816: 0.999795
92817: 0.999795
92818: 0.999795
92819: 0.999795
92820: 0.999795
92821: 0.999795
92822: 0.999795
92823: 0.999795
92824: 0.999795
92825: 0.999795
92826: 0.999795
92827: 0.999795
92828: 0.999795
92829: 0.999795
92830: 0.999795
92831: 0.999795
92832: 0.999795
92833: 0.999795
92834: 0.999795
92835: 0.999795
92836: 0.999795
92837: 0.999795
92838: 0.999795
92839: 0.999795
92840: 0.999795
92841: 0.999795
92842: 0.999795
92843: 0.999795
92844: 0.999795
92845: 0.999795
92846: 0.999795
92847: 0.999795
92848: 0.999795
92849: 0.999795
92850: 0.999795
92851: 0.999795
92852: 0.999795
92853: 0.999795
92854: 0.999795
92855: 0.999795
92856: 0.999795
92857: 0.999795
92858: 0.999795
92859: 0.999795
92860: 0.999795
92861: 0.999795
92862: 0.999795
92863: 0.999795
92864: 0.999795
92865: 0.999795
92866: 0.999795
92867: 0.999795
92868: 0.999795
92869: 0.999795
92870: 0.999795
92871: 0.999795
92872: 0.999795
92873: 0.999795
92874: 0.999795
92875: 0.999795
92876: 0.999795
92877: 0.999795
92878: 0.999795
92879: 0.999795
92880: 0.999795
92881: 0.999795
92882: 0.999795
92883: 0.999795
92884: 0.999795
92885: 0.999795
92886: 0.999795
92887: 0.999795
92888: 0.999795
92889: 0.999795
92890: 0.999795
92891: 0.999795
92892: 0.999795
92893: 0.999795
92894: 0.999795
92895: 0.999795
92896: 0.999795
92897: 0.999795
92898: 0.999795
92899: 0.999795
92900: 0.999795
92901: 0.999795
92902: 0.999795
92903: 0.999795
92904: 0.999795
92905: 0.999795
92906: 0.999795
92907: 0.999795
92908: 0.999795
92909: 0.999796
92910: 0.999796
92911: 0.999796
92912: 0.999796
92913: 0.999796
92914: 0.999796
92915: 0.999796
92916: 0.999796
92917: 0.999796
92918: 0.999796
92919: 0.999796
92920: 0.999796
92921: 0.999796
92922: 0.999796
92923: 0.999796
92924: 0.999796
92925: 0.999796
92926: 0.999796
92927: 0.999796
92928: 0.999796
92929: 0.999796
92930: 0.999796
92931: 0.999796
92932: 0.999796
92933: 0.999796
92934: 0.999796
92935: 0.999796
92936: 0.999796
92937: 0.999796
92938: 0.999796
92939: 0.999796
92940: 0.999796
92941: 0.999796
92942: 0.999796
92943: 0.999796
92944: 0.999796
92945: 0.999796
92946: 0.999796
92947: 0.999796
92948: 0.999796
92949: 0.999796
92950: 0.999796
92951: 0.999796
92952: 0.999796
92953: 0.999796
92954: 0.999796
92955: 0.999796
92956: 0.999796
92957: 0.999796
92958: 0.999796
92959: 0.999796
92960: 0.999796
92961: 0.999796
92962: 0.999796
92963: 0.999796
92964: 0.999796
92965: 0.999796
92966: 0.999796
92967: 0.999796
92968: 0.999796
92969: 0.999796
92970: 0.999796
92971: 0.999796
92972: 0.999796
92973: 0.999796
92974: 0.999796
92975: 0.999796
92976: 0.999796
92977: 0.999796
92978: 0.999796
92979: 0.999796
92980: 0.999796
92981: 0.999796
92982: 0.999796
92983: 0.999796
92984: 0.999796
92985: 0.999796
92986: 0.999796
92987: 0.999796
92988: 0.999796
92989: 0.999796
92990: 0.999796
92991: 0.999796
92992: 0.999796
92993: 0.999796
92994: 0.999796
92995: 0.999796
92996: 0.999796
92997: 0.999796
92998: 0.999796
92999: 0.999796
93000: 0.999796
93001: 0.999796
93002: 0.999796
93003: 0.999796
93004: 0.999796
93005: 0.999796
93006: 0.999796
93007: 0.999796
93008: 0.999796
93009: 0.999796
93010: 0.999796
93011: 0.999796
93012: 0.999796
93013: 0.999796
93014: 0.999796
93015: 0.999796
93016: 0.999796
93017: 0.999796
93018: 0.999796
93019: 0.999796
93020: 0.999796
93021: 0.999796
93022: 0.999796
93023: 0.999796
93024: 0.999796
93025: 0.999796
93026: 0.999796
93027: 0.999796
93028: 0.999796
93029: 0.999796
93030: 0.999796
93031: 0.999796
93032: 0.999796
93033: 0.999796
93034: 0.999796
93035: 0.999796
93036: 0.999796
93037: 0.999796
93038: 0.999796
93039: 0.999796
93040: 0.999796
93041: 0.999796
93042: 0.999796
93043: 0.999796
93044: 0.999796
93045: 0.999796
93046: 0.999796
93047: 0.999796
93048: 0.999796
93049: 0.999796
93050: 0.999796
93051: 0.999796
93052: 0.999796
93053: 0.999796
93054: 0.999796
93055: 0.999796
93056: 0.999796
93057: 0.999796
93058: 0.999796
93059: 0.999796
93060: 0.999796
93061: 0.999796
93062: 0.999796
93063: 0.999796
93064: 0.999796
93065: 0.999796
93066: 0.999796
93067: 0.999796
93068: 0.999796
93069: 0.999796
93070: 0.999796
93071: 0.999796
93072: 0.999796
93073: 0.999796
93074: 0.999796
93075: 0.999796
93076: 0.999796
93077: 0.999796
93078: 0.999796
93079: 0.999796
93080: 0.999796
93081: 0.999796
93082: 0.999796
93083: 0.999796
93084: 0.999796
93085: 0.999796
93086: 0.999796
93087: 0.999796
93088: 0.999796
93089: 0.999796
93090: 0.999796
93091: 0.999796
93092: 0.999796
93093: 0.999796
93094: 0.999796
93095: 0.999796
93096: 0.999796
93097: 0.999796
93098: 0.999796
93099: 0.999796
93100: 0.999796
93101: 0.999796
93102: 0.999796
93103: 0.999796
93104: 0.999796
93105: 0.999796
93106: 0.999796
93107: 0.999796
93108: 0.999796
93109: 0.999796
93110: 0.999796
93111: 0.999796
93112: 0.999796
93113: 0.999796
93114: 0.999796
93115: 0.999796
93116: 0.999796
93117: 0.999796
93118: 0.999796
93119: 0.999796
93120: 0.999796
93121: 0.999796
93122: 0.999796
93123: 0.999796
93124: 0.999796
93125: 0.999796
93126: 0.999796
93127: 0.999796
93128: 0.999796
93129: 0.999796
93130: 0.999796
93131: 0.999796
93132: 0.999796
93133: 0.999796
93134: 0.999796
93135: 0.999796
93136: 0.999796
93137: 0.999796
93138: 0.999796
93139: 0.999796
93140: 0.999796
93141: 0.999796
93142: 0.999796
93143: 0.999796
93144: 0.999796
93145: 0.999796
93146: 0.999796
93147: 0.999796
93148: 0.999796
93149: 0.999796
93150: 0.999796
93151: 0.999796
93152: 0.999796
93153: 0.999796
93154: 0.999796
93155: 0.999796
93156: 0.999796
93157: 0.999796
93158: 0.999796
93159: 0.999796
93160: 0.999796
93161: 0.999796
93162: 0.999796
93163: 0.999796
93164: 0.999796
93165: 0.999796
93166: 0.999796
93167: 0.999796
93168: 0.999796
93169: 0.999796
93170: 0.999796
93171: 0.999796
93172: 0.999796
93173: 0.999796
93174: 0.999796
93175: 0.999796
93176: 0.999796
93177: 0.999796
93178: 0.999796
93179: 0.999796
93180: 0.999796
93181: 0.999796
93182: 0.999796
93183: 0.999796
93184: 0.999796
93185: 0.999796
93186: 0.999796
93187: 0.999796
93188: 0.999796
93189: 0.999796
93190: 0.999796
93191: 0.999796
93192: 0.999796
93193: 0.999796
93194: 0.999796
93195: 0.999796
93196: 0.999796
93197: 0.999796
93198: 0.999796
93199: 0.999796
93200: 0.999796
93201: 0.999796
93202: 0.999796
93203: 0.999796
93204: 0.999796
93205: 0.999796
93206: 0.999796
93207: 0.999796
93208: 0.999796
93209: 0.999796
93210: 0.999796
93211: 0.999796
93212: 0.999796
93213: 0.999796
93214: 0.999796
93215: 0.999796
93216: 0.999796
93217: 0.999796
93218: 0.999796
93219: 0.999796
93220: 0.999796
93221: 0.999796
93222: 0.999796
93223: 0.999796
93224: 0.999796
93225: 0.999796
93226: 0.999796
93227: 0.999796
93228: 0.999796
93229: 0.999796
93230: 0.999796
93231: 0.999796
93232: 0.999796
93233: 0.999796
93234: 0.999796
93235: 0.999796
93236: 0.999796
93237: 0.999796
93238: 0.999796
93239: 0.999796
93240: 0.999796
93241: 0.999796
93242: 0.999796
93243: 0.999796
93244: 0.999796
93245: 0.999796
93246: 0.999796
93247: 0.999796
93248: 0.999796
93249: 0.999796
93250: 0.999796
93251: 0.999796
93252: 0.999796
93253: 0.999796
93254: 0.999796
93255: 0.999796
93256: 0.999796
93257: 0.999796
93258: 0.999796
93259: 0.999796
93260: 0.999796
93261: 0.999796
93262: 0.999796
93263: 0.999796
93264: 0.999796
93265: 0.999796
93266: 0.999796
93267: 0.999796
93268: 0.999796
93269: 0.999796
93270: 0.999796
93271: 0.999796
93272: 0.999796
93273: 0.999796
93274: 0.999796
93275: 0.999796
93276: 0.999796
93277: 0.999796
93278: 0.999796
93279: 0.999796
93280: 0.999796
93281: 0.999796
93282: 0.999796
93283: 0.999796
93284: 0.999796
93285: 0.999796
93286: 0.999796
93287: 0.999796
93288: 0.999796
93289: 0.999796
93290: 0.999796
93291: 0.999796
93292: 0.999796
93293: 0.999796
93294: 0.999796
93295: 0.999796
93296: 0.999796
93297: 0.999796
93298: 0.999796
93299: 0.999796
93300: 0.999796
93301: 0.999796
93302: 0.999796
93303: 0.999796
93304: 0.999796
93305: 0.999796
93306: 0.999796
93307: 0.999796
93308: 0.999796
93309: 0.999796
93310: 0.999796
93311: 0.999796
93312: 0.999796
93313: 0.999796
93314: 0.999796
93315: 0.999796
93316: 0.999796
93317: 0.999796
93318: 0.999796
93319: 0.999796
93320: 0.999796
93321: 0.999796
93322: 0.999796
93323: 0.999796
93324: 0.999796
93325: 0.999796
93326: 0.999796
93327: 0.999796
93328: 0.999796
93329: 0.999796
93330: 0.999796
93331: 0.999796
93332: 0.999796
93333: 0.999796
93334: 0.999796
93335: 0.999796
93336: 0.999796
93337: 0.999796
93338: 0.999796
93339: 0.999796
93340: 0.999796
93341: 0.999796
93342: 0.999796
93343: 0.999796
93344: 0.999796
93345: 0.999796
93346: 0.999796
93347: 0.999796
93348: 0.999796
93349: 0.999796
93350: 0.999796
93351: 0.999796
93352: 0.999796
93353: 0.999796
93354: 0.999796
93355: 0.999796
93356: 0.999796
93357: 0.999796
93358: 0.999796
93359: 0.999796
93360: 0.999796
93361: 0.999796
93362: 0.999796
93363: 0.999796
93364: 0.999796
93365: 0.999796
93366: 0.999797
93367: 0.999797
93368: 0.999797
93369: 0.999797
93370: 0.999797
93371: 0.999797
93372: 0.999797
93373: 0.999797
93374: 0.999797
93375: 0.999797
93376: 0.999797
93377: 0.999797
93378: 0.999797
93379: 0.999797
93380: 0.999797
93381: 0.999797
93382: 0.999797
93383: 0.999797
93384: 0.999797
93385: 0.999797
93386: 0.999797
93387: 0.999797
93388: 0.999797
93389: 0.999797
93390: 0.999797
93391: 0.999797
93392: 0.999797
93393: 0.999797
93394: 0.999797
93395: 0.999797
93396: 0.999797
93397: 0.999797
93398: 0.999797
93399: 0.999797
93400: 0.999797
93401: 0.999797
93402: 0.999797
93403: 0.999797
93404: 0.999797
93405: 0.999797
93406: 0.999797
93407: 0.999797
93408: 0.999797
93409: 0.999797
93410: 0.999797
93411: 0.999797
93412: 0.999797
93413: 0.999797
93414: 0.999797
93415: 0.999797
93416: 0.999797
93417: 0.999797
93418: 0.999797
93419: 0.999797
93420: 0.999797
93421: 0.999797
93422: 0.999797
93423: 0.999797
93424: 0.999797
93425: 0.999797
93426: 0.999797
93427: 0.999797
93428: 0.999797
93429: 0.999797
93430: 0.999797
93431: 0.999797
93432: 0.999797
93433: 0.999797
93434: 0.999797
93435: 0.999797
93436: 0.999797
93437: 0.999797
93438: 0.999797
93439: 0.999797
93440: 0.999797
93441: 0.999797
93442: 0.999797
93443: 0.999797
93444: 0.999797
93445: 0.999797
93446: 0.999797
93447: 0.999797
93448: 0.999797
93449: 0.999797
93450: 0.999797
93451: 0.999797
93452: 0.999797
93453: 0.999797
93454: 0.999797
93455: 0.999797
93456: 0.999797
93457: 0.999797
93458: 0.999797
93459: 0.999797
93460: 0.999797
93461: 0.999797
93462: 0.999797
93463: 0.999797
93464: 0.999797
93465: 0.999797
93466: 0.999797
93467: 0.999797
93468: 0.999797
93469: 0.999797
93470: 0.999797
93471: 0.999797
93472: 0.999797
93473: 0.999797
93474: 0.999797
93475: 0.999797
93476: 0.999797
93477: 0.999797
93478: 0.999797
93479: 0.999797
93480: 0.999797
93481: 0.999797
93482: 0.999797
93483: 0.999797
93484: 0.999797
93485: 0.999797
93486: 0.999797
93487: 0.999797
93488: 0.999797
93489: 0.999797
93490: 0.999797
93491: 0.999797
93492: 0.999797
93493: 0.999797
93494: 0.999797
93495: 0.999797
93496: 0.999797
93497: 0.999797
93498: 0.999797
93499: 0.999797
93500: 0.999797
93501: 0.999797
93502: 0.999797
93503: 0.999797
93504: 0.999797
93505: 0.999797
93506: 0.999797
93507: 0.999797
93508: 0.999797
93509: 0.999797
93510: 0.999797
93511: 0.999797
93512: 0.999797
93513: 0.999797
93514: 0.999797
93515: 0.999797
93516: 0.999797
93517: 0.999797
93518: 0.999797
93519: 0.999797
93520: 0.999797
93521: 0.999797
93522: 0.999797
93523: 0.999797
93524: 0.999797
93525: 0.999797
93526: 0.999797
93527: 0.999797
93528: 0.999797
93529: 0.999797
93530: 0.999797
93531: 0.999797
93532: 0.999797
93533: 0.999797
93534: 0.999797
93535: 0.999797
93536: 0.999797
93537: 0.999797
93538: 0.999797
93539: 0.999797
93540: 0.999797
93541: 0.999797
93542: 0.999797
93543: 0.999797
93544: 0.999797
93545: 0.999797
93546: 0.999797
93547: 0.999797
93548: 0.999797
93549: 0.999797
93550: 0.999797
93551: 0.999797
93552: 0.999797
93553: 0.999797
93554: 0.999797
93555: 0.999797
93556: 0.999797
93557: 0.999797
93558: 0.999797
93559: 0.999797
93560: 0.999797
93561: 0.999797
93562: 0.999797
93563: 0.999797
93564: 0.999797
93565: 0.999797
93566: 0.999797
93567: 0.999797
93568: 0.999797
93569: 0.999797
93570: 0.999797
93571: 0.999797
93572: 0.999797
93573: 0.999797
93574: 0.999797
93575: 0.999797
93576: 0.999797
93577: 0.999797
93578: 0.999797
93579: 0.999797
93580: 0.999797
93581: 0.999797
93582: 0.999797
93583: 0.999797
93584: 0.999797
93585: 0.999797
93586: 0.999797
93587: 0.999797
93588: 0.999797
93589: 0.999797
93590: 0.999797
93591: 0.999797
93592: 0.999797
93593: 0.999797
93594: 0.999797
93595: 0.999797
93596: 0.999797
93597: 0.999797
93598: 0.999797
93599: 0.999797
93600: 0.999797
93601: 0.999797
93602: 0.999797
93603: 0.999797
93604: 0.999797
93605: 0.999797
93606: 0.999797
93607: 0.999797
93608: 0.999797
93609: 0.999797
93610: 0.999797
93611: 0.999797
93612: 0.999797
93613: 0.999797
93614: 0.999797
93615: 0.999797
93616: 0.999797
93617: 0.999797
93618: 0.999797
93619: 0.999797
93620: 0.999797
93621: 0.999797
93622: 0.999797
93623: 0.999797
93624: 0.999797
93625: 0.999797
93626: 0.999797
93627: 0.999797
93628: 0.999797
93629: 0.999797
93630: 0.999797
93631: 0.999797
93632: 0.999797
93633: 0.999797
93634: 0.999797
93635: 0.999797
93636: 0.999797
93637: 0.999797
93638: 0.999797
93639: 0.999797
93640: 0.999797
93641: 0.999797
93642: 0.999797
93643: 0.999797
93644: 0.999797
93645: 0.999797
93646: 0.999797
93647: 0.999797
93648: 0.999797
93649: 0.999797
93650: 0.999797
93651: 0.999797
93652: 0.999797
93653: 0.999797
93654: 0.999797
93655: 0.999797
93656: 0.999797
93657: 0.999797
93658: 0.999797
93659: 0.999797
93660: 0.999797
93661: 0.999797
93662: 0.999797
93663: 0.999797
93664: 0.999797
93665: 0.999797
93666: 0.999797
93667: 0.999797
93668: 0.999797
93669: 0.999797
93670: 0.999797
93671: 0.999797
93672: 0.999797
93673: 0.999797
93674: 0.999797
93675: 0.999797
93676: 0.999797
93677: 0.999797
93678: 0.999797
93679: 0.999797
93680: 0.999797
93681: 0.999797
93682: 0.999797
93683: 0.999797
93684: 0.999797
93685: 0.999797
93686: 0.999797
93687: 0.999797
93688: 0.999797
93689: 0.999797
93690: 0.999797
93691: 0.999797
93692: 0.999797
93693: 0.999797
93694: 0.999797
93695: 0.999797
93696: 0.999797
93697: 0.999797
93698: 0.999797
93699: 0.999797
93700: 0.999797
93701: 0.999797
93702: 0.999797
93703: 0.999797
93704: 0.999797
93705: 0.999797
93706: 0.999797
93707: 0.999797
93708: 0.999797
93709: 0.999797
93710: 0.999797
93711: 0.999797
93712: 0.999797
93713: 0.999797
93714: 0.999797
93715: 0.999797
93716: 0.999797
93717: 0.999797
93718: 0.999797
93719: 0.999797
93720: 0.999797
93721: 0.999797
93722: 0.999797
93723: 0.999797
93724: 0.999797
93725: 0.999797
93726: 0.999797
93727: 0.999797
93728: 0.999797
93729: 0.999797
93730: 0.999797
93731: 0.999797
93732: 0.999797
93733: 0.999797
93734: 0.999797
93735: 0.999797
93736: 0.999797
93737: 0.999797
93738: 0.999797
93739: 0.999797
93740: 0.999797
93741: 0.999797
93742: 0.999797
93743: 0.999797
93744: 0.999797
93745: 0.999797
93746: 0.999797
93747: 0.999797
93748: 0.999797
93749: 0.999797
93750: 0.999797
93751: 0.999797
93752: 0.999797
93753: 0.999797
93754: 0.999797
93755: 0.999797
93756: 0.999797
93757: 0.999797
93758: 0.999797
93759: 0.999797
93760: 0.999797
93761: 0.999797
93762: 0.999797
93763: 0.999797
93764: 0.999797
93765: 0.999797
93766: 0.999797
93767: 0.999797
93768: 0.999797
93769: 0.999797
93770: 0.999797
93771: 0.999797
93772: 0.999797
93773: 0.999797
93774: 0.999797
93775: 0.999797
93776: 0.999797
93777: 0.999797
93778: 0.999797
93779: 0.999797
93780: 0.999797
93781: 0.999797
93782: 0.999797
93783: 0.999797
93784: 0.999797
93785: 0.999797
93786: 0.999797
93787: 0.999797
93788: 0.999797
93789: 0.999797
93790: 0.999797
93791: 0.999797
93792: 0.999797
93793: 0.999797
93794: 0.999797
93795: 0.999797
93796: 0.999797
93797: 0.999797
93798: 0.999797
93799: 0.999797
93800: 0.999797
93801: 0.999797
93802: 0.999797
93803: 0.999797
93804: 0.999797
93805: 0.999797
93806: 0.999797
93807: 0.999797
93808: 0.999797
93809: 0.999797
93810: 0.999797
93811: 0.999797
93812: 0.999797
93813: 0.999797
93814: 0.999797
93815: 0.999797
93816: 0.999797
93817: 0.999797
93818: 0.999797
93819: 0.999797
93820: 0.999797
93821: 0.999797
93822: 0.999797
93823: 0.999797
93824: 0.999797
93825: 0.999797
93826: 0.999797
93827: 0.999798
93828: 0.999798
93829: 0.999798
93830: 0.999798
93831: 0.999798
93832: 0.999798
93833: 0.999798
93834: 0.999798
93835: 0.999798
93836: 0.999798
93837: 0.999798
93838: 0.999798
93839: 0.999798
93840: 0.999798
93841: 0.999798
93842: 0.999798
93843: 0.999798
93844: 0.999798
93845: 0.999798
93846: 0.999798
93847: 0.999798
93848: 0.999798
93849: 0.999798
93850: 0.999798
93851: 0.999798
93852: 0.999798
93853: 0.999798
93854: 0.999798
93855: 0.999798
93856: 0.999798
93857: 0.999798
93858: 0.999798
93859: 0.999798
93860: 0.999798
93861: 0.999798
93862: 0.999798
93863: 0.999798
93864: 0.999798
93865: 0.999798
93866: 0.999798
93867: 0.999798
93868: 0.999798
93869: 0.999798
93870: 0.999798
93871: 0.999798
93872: 0.999798
93873: 0.999798
93874: 0.999798
93875: 0.999798
93876: 0.999798
93877: 0.999798
93878: 0.999798
93879: 0.999798
93880: 0.999798
93881: 0.999798
93882: 0.999798
93883: 0.999798
93884: 0.999798
93885: 0.999798
93886: 0.999798
93887: 0.999798
93888: 0.999798
93889: 0.999798
93890: 0.999798
93891: 0.999798
93892: 0.999798
93893: 0.999798
93894: 0.999798
93895: 0.999798
93896: 0.999798
93897: 0.999798
93898: 0.999798
93899: 0.999798
93900: 0.999798
93901: 0.999798
93902: 0.999798
93903: 0.999798
93904: 0.999798
93905: 0.999798
93906: 0.999798
93907: 0.999798
93908: 0.999798
93909: 0.999798
93910: 0.999798
93911: 0.999798
93912: 0.999798
93913: 0.999798
93914: 0.999798
93915: 0.999798
93916: 0.999798
93917: 0.999798
93918: 0.999798
93919: 0.999798
93920: 0.999798
93921: 0.999798
93922: 0.999798
93923: 0.999798
93924: 0.999798
93925: 0.999798
93926: 0.999798
93927: 0.999798
93928: 0.999798
93929: 0.999798
93930: 0.999798
93931: 0.999798
93932: 0.999798
93933: 0.999798
93934: 0.999798
93935: 0.999798
93936: 0.999798
93937: 0.999798
93938: 0.999798
93939: 0.999798
93940: 0.999798
93941: 0.999798
93942: 0.999798
93943: 0.999798
93944: 0.999798
93945: 0.999798
93946: 0.999798
93947: 0.999798
93948: 0.999798
93949: 0.999798
93950: 0.999798
93951: 0.999798
93952: 0.999798
93953: 0.999798
93954: 0.999798
93955: 0.999798
93956: 0.999798
93957: 0.999798
93958: 0.999798
93959: 0.999798
93960: 0.999798
93961: 0.999798
93962: 0.999798
93963: 0.999798
93964: 0.999798
93965: 0.999798
93966: 0.999798
93967: 0.999798
93968: 0.999798
93969: 0.999798
93970: 0.999798
93971: 0.999798
93972: 0.999798
93973: 0.999798
93974: 0.999798
93975: 0.999798
93976: 0.999798
93977: 0.999798
93978: 0.999798
93979: 0.999798
93980: 0.999798
93981: 0.999798
93982: 0.999798
93983: 0.999798
93984: 0.999798
93985: 0.999798
93986: 0.999798
93987: 0.999798
93988: 0.999798
93989: 0.999798
93990: 0.999798
93991: 0.999798
93992: 0.999798
93993: 0.999798
93994: 0.999798
93995: 0.999798
93996: 0.999798
93997: 0.999798
93998: 0.999798
93999: 0.999798
94000: 0.999798
94001: 0.999798
94002: 0.999798
94003: 0.999798
94004: 0.999798
94005: 0.999798
94006: 0.999798
94007: 0.999798
94008: 0.999798
94009: 0.999798
94010: 0.999798
94011: 0.999798
94012: 0.999798
94013: 0.999798
94014: 0.999798
94015: 0.999798
94016: 0.999798
94017: 0.999798
94018: 0.999798
94019: 0.999798
94020: 0.999798
94021: 0.999798
94022: 0.999798
94023: 0.999798
94024: 0.999798
94025: 0.999798
94026: 0.999798
94027: 0.999798
94028: 0.999798
94029: 0.999798
94030: 0.999798
94031: 0.999798
94032: 0.999798
94033: 0.999798
94034: 0.999798
94035: 0.999798
94036: 0.999798
94037: 0.999798
94038: 0.999798
94039: 0.999798
94040: 0.999798
94041: 0.999798
94042: 0.999798
94043: 0.999798
94044: 0.999798
94045: 0.999798
94046: 0.999798
94047: 0.999798
94048: 0.999798
94049: 0.999798
94050: 0.999798
94051: 0.999798
94052: 0.999798
94053: 0.999798
94054: 0.999798
94055: 0.999798
94056: 0.999798
94057: 0.999798
94058: 0.999798
94059: 0.999798
94060: 0.999798
94061: 0.999798
94062: 0.999798
94063: 0.999798
94064: 0.999798
94065: 0.999798
94066: 0.999798
94067: 0.999798
94068: 0.999798
94069: 0.999798
94070: 0.999798
94071: 0.999798
94072: 0.999798
94073: 0.999798
94074: 0.999798
94075: 0.999798
94076: 0.999798
94077: 0.999798
94078: 0.999798
94079: 0.999798
94080: 0.999798
94081: 0.999798
94082: 0.999798
94083: 0.999798
94084: 0.999798
94085: 0.999798
94086: 0.999798
94087: 0.999798
94088: 0.999798
94089: 0.999798
94090: 0.999798
94091: 0.999798
94092: 0.999798
94093: 0.999798
94094: 0.999798
94095: 0.999798
94096: 0.999798
94097: 0.999798
94098: 0.999798
94099: 0.999798
94100: 0.999798
94101: 0.999798
94102: 0.999798
94103: 0.999798
94104: 0.999798
94105: 0.999798
94106: 0.999798
94107: 0.999798
94108: 0.999798
94109: 0.999798
94110: 0.999798
94111: 0.999798
94112: 0.999798
94113: 0.999798
94114: 0.999798
94115: 0.999798
94116: 0.999798
94117: 0.999798
94118: 0.999798
94119: 0.999798
94120: 0.999798
94121: 0.999798
94122: 0.999798
94123: 0.999798
94124: 0.999798
94125: 0.999798
94126: 0.999798
94127: 0.999798
94128: 0.999798
94129: 0.999798
94130: 0.999798
94131: 0.999798
94132: 0.999798
94133: 0.999798
94134: 0.999798
94135: 0.999798
94136: 0.999798
94137: 0.999798
94138: 0.999798
94139: 0.999798
94140: 0.999798
94141: 0.999798
94142: 0.999798
94143: 0.999798
94144: 0.999798
94145: 0.999798
94146: 0.999798
94147: 0.999798
94148: 0.999798
94149: 0.999798
94150: 0.999798
94151: 0.999798
94152: 0.999798
94153: 0.999798
94154: 0.999798
94155: 0.999798
94156: 0.999798
94157: 0.999798
94158: 0.999798
94159: 0.999798
94160: 0.999798
94161: 0.999798
94162: 0.999798
94163: 0.999798
94164: 0.999798
94165: 0.999798
94166: 0.999798
94167: 0.999798
94168: 0.999798
94169: 0.999798
94170: 0.999798
94171: 0.999798
94172: 0.999798
94173: 0.999798
94174: 0.999798
94175: 0.999798
94176: 0.999798
94177: 0.999798
94178: 0.999798
94179: 0.999798
94180: 0.999798
94181: 0.999798
94182: 0.999798
94183: 0.999798
94184: 0.999798
94185: 0.999798
94186: 0.999798
94187: 0.999798
94188: 0.999798
94189: 0.999798
94190: 0.999798
94191: 0.999798
94192: 0.999798
94193: 0.999798
94194: 0.999798
94195: 0.999798
94196: 0.999798
94197: 0.999798
94198: 0.999798
94199: 0.999798
94200: 0.999798
94201: 0.999798
94202: 0.999798
94203: 0.999798
94204: 0.999798
94205: 0.999798
94206: 0.999798
94207: 0.999798
94208: 0.999798
94209: 0.999798
94210: 0.999798
94211: 0.999798
94212: 0.999798
94213: 0.999798
94214: 0.999798
94215: 0.999798
94216: 0.999798
94217: 0.999798
94218: 0.999798
94219: 0.999798
94220: 0.999798
94221: 0.999798
94222: 0.999798
94223: 0.999798
94224: 0.999798
94225: 0.999798
94226: 0.999798
94227: 0.999798
94228: 0.999798
94229: 0.999798
94230: 0.999798
94231: 0.999798
94232: 0.999798
94233: 0.999798
94234: 0.999798
94235: 0.999798
94236: 0.999798
94237: 0.999798
94238: 0.999798
94239: 0.999798
94240: 0.999798
94241: 0.999798
94242: 0.999798
94243: 0.999798
94244: 0.999798
94245: 0.999798
94246: 0.999798
94247: 0.999798
94248: 0.999798
94249: 0.999798
94250: 0.999798
94251: 0.999798
94252: 0.999798
94253: 0.999798
94254: 0.999798
94255: 0.999798
94256: 0.999798
94257: 0.999798
94258: 0.999798
94259: 0.999798
94260: 0.999798
94261: 0.999798
94262: 0.999798
94263: 0.999798
94264: 0.999798
94265: 0.999798
94266: 0.999798
94267: 0.999798
94268: 0.999798
94269: 0.999798
94270: 0.999798
94271: 0.999798
94272: 0.999798
94273: 0.999798
94274: 0.999798
94275: 0.999798
94276: 0.999798
94277: 0.999798
94278: 0.999798
94279: 0.999798
94280: 0.999798
94281: 0.999798
94282: 0.999798
94283: 0.999798
94284: 0.999798
94285: 0.999798
94286: 0.999798
94287: 0.999798
94288: 0.999798
94289: 0.999798
94290: 0.999798
94291: 0.999798
94292: 0.999799
94293: 0.999799
94294: 0.999799
94295: 0.999799
94296: 0.999799
94297: 0.999799
94298: 0.999799
94299: 0.999799
94300: 0.999799
94301: 0.999799
94302: 0.999799
94303: 0.999799
94304: 0.999799
94305: 0.999799
94306: 0.999799
94307: 0.999799
94308: 0.999799
94309: 0.999799
94310: 0.999799
94311: 0.999799
94312: 0.999799
94313: 0.999799
94314: 0.999799
94315: 0.999799
94316: 0.999799
94317: 0.999799
94318: 0.999799
94319: 0.999799
94320: 0.999799
94321: 0.999799
94322: 0.999799
94323: 0.999799
94324: 0.999799
94325: 0.999799
94326: 0.999799
94327: 0.999799
94328: 0.999799
94329: 0.999799
94330: 0.999799
94331: 0.999799
94332: 0.999799
94333: 0.999799
94334: 0.999799
94335: 0.999799
94336: 0.999799
94337: 0.999799
94338: 0.999799
94339: 0.999799
94340: 0.999799
94341: 0.999799
94342: 0.999799
94343: 0.999799
94344: 0.999799
94345: 0.999799
94346: 0.999799
94347: 0.999799
94348: 0.999799
94349: 0.999799
94350: 0.999799
94351: 0.999799
94352: 0.999799
94353: 0.999799
94354: 0.999799
94355: 0.999799
94356: 0.999799
94357: 0.999799
94358: 0.999799
94359: 0.999799
94360: 0.999799
94361: 0.999799
94362: 0.999799
94363: 0.999799
94364: 0.999799
94365: 0.999799
94366: 0.999799
94367: 0.999799
94368: 0.999799
94369: 0.999799
94370: 0.999799
94371: 0.999799
94372: 0.999799
94373: 0.999799
94374: 0.999799
94375: 0.999799
94376: 0.999799
94377: 0.999799
94378: 0.999799
94379: 0.999799
94380: 0.999799
94381: 0.999799
94382: 0.999799
94383: 0.999799
94384: 0.999799
94385: 0.999799
94386: 0.999799
94387: 0.999799
94388: 0.999799
94389: 0.999799
94390: 0.999799
94391: 0.999799
94392: 0.999799
94393: 0.999799
94394: 0.999799
94395: 0.999799
94396: 0.999799
94397: 0.999799
94398: 0.999799
94399: 0.999799
94400: 0.999799
94401: 0.999799
94402: 0.999799
94403: 0.999799
94404: 0.999799
94405: 0.999799
94406: 0.999799
94407: 0.999799
94408: 0.999799
94409: 0.999799
94410: 0.999799
94411: 0.999799
94412: 0.999799
94413: 0.999799
94414: 0.999799
94415: 0.999799
94416: 0.999799
94417: 0.999799
94418: 0.999799
94419: 0.999799
94420: 0.999799
94421: 0.999799
94422: 0.999799
94423: 0.999799
94424: 0.999799
94425: 0.999799
94426: 0.999799
94427: 0.999799
94428: 0.999799
94429: 0.999799
94430: 0.999799
94431: 0.999799
94432: 0.999799
94433: 0.999799
94434: 0.999799
94435: 0.999799
94436: 0.999799
94437: 0.999799
94438: 0.999799
94439: 0.999799
94440: 0.999799
94441: 0.999799
94442: 0.999799
94443: 0.999799
94444: 0.999799
94445: 0.999799
94446: 0.999799
94447: 0.999799
94448: 0.999799
94449: 0.999799
94450: 0.999799
94451: 0.999799
94452: 0.999799
94453: 0.999799
94454: 0.999799
94455: 0.999799
94456: 0.999799
94457: 0.999799
94458: 0.999799
94459: 0.999799
94460: 0.999799
94461: 0.999799
94462: 0.999799
94463: 0.999799
94464: 0.999799
94465: 0.999799
94466: 0.999799
94467: 0.999799
94468: 0.999799
94469: 0.999799
94470: 0.999799
94471: 0.999799
94472: 0.999799
94473: 0.999799
94474: 0.999799
94475: 0.999799
94476: 0.999799
94477: 0.999799
94478: 0.999799
94479: 0.999799
94480: 0.999799
94481: 0.999799
94482: 0.999799
94483: 0.999799
94484: 0.999799
94485: 0.999799
94486: 0.999799
94487: 0.999799
94488: 0.999799
94489: 0.999799
94490: 0.999799
94491: 0.999799
94492: 0.999799
94493: 0.999799
94494: 0.999799
94495: 0.999799
94496: 0.999799
94497: 0.999799
94498: 0.999799
94499: 0.999799
94500: 0.999799
94501: 0.999799
94502: 0.999799
94503: 0.999799
94504: 0.999799
94505: 0.999799
94506: 0.999799
94507: 0.999799
94508: 0.999799
94509: 0.999799
94510: 0.999799
94511: 0.999799
94512: 0.999799
94513: 0.999799
94514: 0.999799
94515: 0.999799
94516: 0.999799
94517: 0.999799
94518: 0.999799
94519: 0.999799
94520: 0.999799
94521: 0.999799
94522: 0.999799
94523: 0.999799
94524: 0.999799
94525: 0.999799
94526: 0.999799
94527: 0.999799
94528: 0.999799
94529: 0.999799
94530: 0.999799
94531: 0.999799
94532: 0.999799
94533: 0.999799
94534: 0.999799
94535: 0.999799
94536: 0.999799
94537: 0.999799
94538: 0.999799
94539: 0.999799
94540: 0.999799
94541: 0.999799
94542: 0.999799
94543: 0.999799
94544: 0.999799
94545: 0.999799
94546: 0.999799
94547: 0.999799
94548: 0.999799
94549: 0.999799
94550: 0.999799
94551: 0.999799
94552: 0.999799
94553: 0.999799
94554: 0.999799
94555: 0.999799
94556: 0.999799
94557: 0.999799
94558: 0.999799
94559: 0.999799
94560: 0.999799
94561: 0.999799
94562: 0.999799
94563: 0.999799
94564: 0.999799
94565: 0.999799
94566: 0.999799
94567: 0.999799
94568: 0.999799
94569: 0.999799
94570: 0.999799
94571: 0.999799
94572: 0.999799
94573: 0.999799
94574: 0.999799
94575: 0.999799
94576: 0.999799
94577: 0.999799
94578: 0.999799
94579: 0.999799
94580: 0.999799
94581: 0.999799
94582: 0.999799
94583: 0.999799
94584: 0.999799
94585: 0.999799
94586: 0.999799
94587: 0.999799
94588: 0.999799
94589: 0.999799
94590: 0.999799
94591: 0.999799
94592: 0.999799
94593: 0.999799
94594: 0.999799
94595: 0.999799
94596: 0.999799
94597: 0.999799
94598: 0.999799
94599: 0.999799
94600: 0.999799
94601: 0.999799
94602: 0.999799
94603: 0.999799
94604: 0.999799
94605: 0.999799
94606: 0.999799
94607: 0.999799
94608: 0.999799
94609: 0.999799
94610: 0.999799
94611: 0.999799
94612: 0.999799
94613: 0.999799
94614: 0.999799
94615: 0.999799
94616: 0.999799
94617: 0.999799
94618: 0.999799
94619: 0.999799
94620: 0.999799
94621: 0.999799
94622: 0.999799
94623: 0.999799
94624: 0.999799
94625: 0.999799
94626: 0.999799
94627: 0.999799
94628: 0.999799
94629: 0.999799
94630: 0.999799
94631: 0.999799
94632: 0.999799
94633: 0.999799
94634: 0.999799
94635: 0.999799
94636: 0.999799
94637: 0.999799
94638: 0.999799
94639: 0.999799
94640: 0.999799
94641: 0.999799
94642: 0.999799
94643: 0.999799
94644: 0.999799
94645: 0.999799
94646: 0.999799
94647: 0.999799
94648: 0.999799
94649: 0.999799
94650: 0.999799
94651: 0.999799
94652: 0.999799
94653: 0.999799
94654: 0.999799
94655: 0.999799
94656: 0.999799
94657: 0.999799
94658: 0.999799
94659: 0.999799
94660: 0.999799
94661: 0.999799
94662: 0.999799
94663: 0.999799
94664: 0.999799
94665: 0.999799
94666: 0.999799
94667: 0.999799
94668: 0.999799
94669: 0.999799
94670: 0.999799
94671: 0.999799
94672: 0.999799
94673: 0.999799
94674: 0.999799
94675: 0.999799
94676: 0.999799
94677: 0.999799
94678: 0.999799
94679: 0.999799
94680: 0.999799
94681: 0.999799
94682: 0.999799
94683: 0.999799
94684: 0.999799
94685: 0.999799
94686: 0.999799
94687: 0.999799
94688: 0.999799
94689: 0.999799
94690: 0.999799
94691: 0.999799
94692: 0.999799
94693: 0.999799
94694: 0.999799
94695: 0.999799
94696: 0.999799
94697: 0.999799
94698: 0.999799
94699: 0.999799
94700: 0.999799
94701: 0.999799
94702: 0.999799
94703: 0.999799
94704: 0.999799
94705: 0.999799
94706: 0.999799
94707: 0.999799
94708: 0.999799
94709: 0.999799
94710: 0.999799
94711: 0.999799
94712: 0.999799
94713: 0.999799
94714: 0.999799
94715: 0.999799
94716: 0.999799
94717: 0.999799
94718: 0.999799
94719: 0.999799
94720: 0.999799
94721: 0.999799
94722: 0.999799
94723: 0.999799
94724: 0.999799
94725: 0.999799
94726: 0.999799
94727: 0.999799
94728: 0.999799
94729: 0.999799
94730: 0.999799
94731: 0.999799
94732: 0.999799
94733: 0.999799
94734: 0.999799
94735: 0.999799
94736: 0.999799
94737: 0.999799
94738: 0.999799
94739: 0.999799
94740: 0.999799
94741: 0.999799
94742: 0.999799
94743: 0.999799
94744: 0.999799
94745: 0.999799
94746: 0.999799
94747: 0.999799
94748: 0.999799
94749: 0.999799
94750: 0.999799
94751: 0.999799
94752: 0.999799
94753: 0.999799
94754: 0.999799
94755: 0.999799
94756: 0.999799
94757: 0.999799
94758: 0.999799
94759: 0.999799
94760: 0.999799
94761: 0.999799
94762: 0.999799
94763: 0.9998
94764: 0.9998
94765: 0.9998
94766: 0.9998
94767: 0.9998
94768: 0.9998
94769: 0.9998
94770: 0.9998
94771: 0.9998
94772: 0.9998
94773: 0.9998
94774: 0.9998
94775: 0.9998
94776: 0.9998
94777: 0.9998
94778: 0.9998
94779: 0.9998
94780: 0.9998
94781: 0.9998
94782: 0.9998
94783: 0.9998
94784: 0.9998
94785: 0.9998
94786: 0.9998
94787: 0.9998
94788: 0.9998
94789: 0.9998
94790: 0.9998
94791: 0.9998
94792: 0.9998
94793: 0.9998
94794: 0.9998
94795: 0.9998
94796: 0.9998
94797: 0.9998
94798: 0.9998
94799: 0.9998
94800: 0.9998
94801: 0.9998
94802: 0.9998
94803: 0.9998
94804: 0.9998
94805: 0.9998
94806: 0.9998
94807: 0.9998
94808: 0.9998
94809: 0.9998
94810: 0.9998
94811: 0.9998
94812: 0.9998
94813: 0.9998
94814: 0.9998
94815: 0.9998
94816: 0.9998
94817: 0.9998
94818: 0.9998
94819: 0.9998
94820: 0.9998
94821: 0.9998
94822: 0.9998
94823: 0.9998
94824: 0.9998
94825: 0.9998
94826: 0.9998
94827: 0.9998
94828: 0.9998
94829: 0.9998
94830: 0.9998
94831: 0.9998
94832: 0.9998
94833: 0.9998
94834: 0.9998
94835: 0.9998
94836: 0.9998
94837: 0.9998
94838: 0.9998
94839: 0.9998
94840: 0.9998
94841: 0.9998
94842: 0.9998
94843: 0.9998
94844: 0.9998
94845: 0.9998
94846: 0.9998
94847: 0.9998
94848: 0.9998
94849: 0.9998
94850: 0.9998
94851: 0.9998
94852: 0.9998
94853: 0.9998
94854: 0.9998
94855: 0.9998
94856: 0.9998
94857: 0.9998
94858: 0.9998
94859: 0.9998
94860: 0.9998
94861: 0.9998
94862: 0.9998
94863: 0.9998
94864: 0.9998
94865: 0.9998
94866: 0.9998
94867: 0.9998
94868: 0.9998
94869: 0.9998
94870: 0.9998
94871: 0.9998
94872: 0.9998
94873: 0.9998
94874: 0.9998
94875: 0.9998
94876: 0.9998
94877: 0.9998
94878: 0.9998
94879: 0.9998
94880: 0.9998
94881: 0.9998
94882: 0.9998
94883: 0.9998
94884: 0.9998
94885: 0.9998
94886: 0.9998
94887: 0.9998
94888: 0.9998
94889: 0.9998
94890: 0.9998
94891: 0.9998
94892: 0.9998
94893: 0.9998
94894: 0.9998
94895: 0.9998
94896: 0.9998
94897: 0.9998
94898: 0.9998
94899: 0.9998
94900: 0.9998
94901: 0.9998
94902: 0.9998
94903: 0.9998
94904: 0.9998
94905: 0.9998
94906: 0.9998
94907: 0.9998
94908: 0.9998
94909: 0.9998
94910: 0.9998
94911: 0.9998
94912: 0.9998
94913: 0.9998
94914: 0.9998
94915: 0.9998
94916: 0.9998
94917: 0.9998
94918: 0.9998
94919: 0.9998
94920: 0.9998
94921: 0.9998
94922: 0.9998
94923: 0.9998
94924: 0.9998
94925: 0.9998
94926: 0.9998
94927: 0.9998
94928: 0.9998
94929: 0.9998
94930: 0.9998
94931: 0.9998
94932: 0.9998
94933: 0.9998
94934: 0.9998
94935: 0.9998
94936: 0.9998
94937: 0.9998
94938: 0.9998
94939: 0.9998
94940: 0.9998
94941: 0.9998
94942: 0.9998
94943: 0.9998
94944: 0.9998
94945: 0.9998
94946: 0.9998
94947: 0.9998
94948: 0.9998
94949: 0.9998
94950: 0.9998
94951: 0.9998
94952: 0.9998
94953: 0.9998
94954: 0.9998
94955: 0.9998
94956: 0.9998
94957: 0.9998
94958: 0.9998
94959: 0.9998
94960: 0.9998
94961: 0.9998
94962: 0.9998
94963: 0.9998
94964: 0.9998
94965: 0.9998
94966: 0.9998
94967: 0.9998
94968: 0.9998
94969: 0.9998
94970: 0.9998
94971: 0.9998
94972: 0.9998
94973: 0.9998
94974: 0.9998
94975: 0.9998
94976: 0.9998
94977: 0.9998
94978: 0.9998
94979: 0.9998
94980: 0.9998
94981: 0.9998
94982: 0.9998
94983: 0.9998
94984: 0.9998
94985: 0.9998
94986: 0.9998
94987: 0.9998
94988: 0.9998
94989: 0.9998
94990: 0.9998
94991: 0.9998
94992: 0.9998
94993: 0.9998
94994: 0.9998
94995: 0.9998
94996: 0.9998
94997: 0.9998
94998: 0.9998
94999: 0.9998
95000: 0.9998
95001: 0.9998
95002: 0.9998
95003: 0.9998
95004: 0.9998
95005: 0.9998
95006: 0.9998
95007: 0.9998
95008: 0.9998
95009: 0.9998
95010: 0.9998
95011: 0.9998
95012: 0.9998
95013: 0.9998
95014: 0.9998
95015: 0.9998
95016: 0.9998
95017: 0.9998
95018: 0.9998
95019: 0.9998
95020: 0.9998
95021: 0.9998
95022: 0.9998
95023: 0.9998
95024: 0.9998
95025: 0.9998
95026: 0.9998
95027: 0.9998
95028: 0.9998
95029: 0.9998
95030: 0.9998
95031: 0.9998
95032: 0.9998
95033: 0.9998
95034: 0.9998
95035: 0.9998
95036: 0.9998
95037: 0.9998
95038: 0.9998
95039: 0.9998
95040: 0.9998
95041: 0.9998
95042: 0.9998
95043: 0.9998
95044: 0.9998
95045: 0.9998
95046: 0.9998
95047: 0.9998
95048: 0.9998
95049: 0.9998
95050: 0.9998
95051: 0.9998
95052: 0.9998
95053: 0.9998
95054: 0.9998
95055: 0.9998
95056: 0.9998
95057: 0.9998
95058: 0.9998
95059: 0.9998
95060: 0.9998
95061: 0.9998
95062: 0.9998
95063: 0.9998
95064: 0.9998
95065: 0.9998
95066: 0.9998
95067: 0.9998
95068: 0.9998
95069: 0.9998
95070: 0.9998
95071: 0.9998
95072: 0.9998
95073: 0.9998
95074: 0.9998
95075: 0.9998
95076: 0.9998
95077: 0.9998
95078: 0.9998
95079: 0.9998
95080: 0.9998
95081: 0.9998
95082: 0.9998
95083: 0.9998
95084: 0.9998
95085: 0.9998
95086: 0.9998
95087: 0.9998
95088: 0.9998
95089: 0.9998
95090: 0.9998
95091: 0.9998
95092: 0.9998
95093: 0.9998
95094: 0.9998
95095: 0.9998
95096: 0.9998
95097: 0.9998
95098: 0.9998
95099: 0.9998
95100: 0.9998
95101: 0.9998
95102: 0.9998
95103: 0.9998
95104: 0.9998
95105: 0.9998
95106: 0.9998
95107: 0.9998
95108: 0.9998
95109: 0.9998
95110: 0.9998
95111: 0.9998
95112: 0.9998
95113: 0.9998
95114: 0.9998
95115: 0.9998
95116: 0.9998
95117: 0.9998
95118: 0.9998
95119: 0.9998
95120: 0.9998
95121: 0.9998
95122: 0.9998
95123: 0.9998
95124: 0.9998
95125: 0.9998
95126: 0.9998
95127: 0.9998
95128: 0.9998
95129: 0.9998
95130: 0.9998
95131: 0.9998
95132: 0.9998
95133: 0.9998
95134: 0.9998
95135: 0.9998
95136: 0.9998
95137: 0.9998
95138: 0.9998
95139: 0.9998
95140: 0.9998
95141: 0.9998
95142: 0.9998
95143: 0.9998
95144: 0.9998
95145: 0.9998
95146: 0.9998
95147: 0.9998
95148: 0.9998
95149: 0.9998
95150: 0.9998
95151: 0.9998
95152: 0.9998
95153: 0.9998
95154: 0.9998
95155: 0.9998
95156: 0.9998
95157: 0.9998
95158: 0.9998
95159: 0.9998
95160: 0.9998
95161: 0.9998
95162: 0.9998
95163: 0.9998
95164: 0.9998
95165: 0.9998
95166: 0.9998
95167: 0.9998
95168: 0.9998
95169: 0.9998
95170: 0.9998
95171: 0.9998
95172: 0.9998
95173: 0.9998
95174: 0.9998
95175: 0.9998
95176: 0.9998
95177: 0.9998
95178: 0.9998
95179: 0.9998
95180: 0.9998
95181: 0.9998
95182: 0.9998
95183: 0.9998
95184: 0.9998
95185: 0.9998
95186: 0.9998
95187: 0.9998
95188: 0.9998
95189: 0.9998
95190: 0.9998
95191: 0.9998
95192: 0.9998
95193: 0.9998
95194: 0.9998
95195: 0.9998
95196: 0.9998
95197: 0.9998
95198: 0.9998
95199: 0.9998
95200: 0.9998
95201: 0.9998
95202: 0.9998
95203: 0.9998
95204: 0.9998
95205: 0.9998
95206: 0.9998
95207: 0.9998
95208: 0.9998
95209: 0.9998
95210: 0.9998
95211: 0.9998
95212: 0.9998
95213: 0.9998
95214: 0.9998
95215: 0.9998
95216: 0.9998
95217: 0.9998
95218: 0.9998
95219: 0.9998
95220: 0.9998
95221: 0.9998
95222: 0.9998
95223: 0.9998
95224: 0.9998
95225: 0.9998
95226: 0.9998
95227: 0.9998
95228: 0.9998
95229: 0.9998
95230: 0.9998
95231: 0.9998
95232: 0.9998
95233: 0.9998
95234: 0.9998
95235: 0.9998
95236: 0.9998
95237: 0.9998
95238: 0.999801
95239: 0.999801
95240: 0.999801
95241: 0.999801
95242: 0.999801
95243: 0.999801
95244: 0.999801
95245: 0.999801
95246: 0.999801
95247: 0.999801
95248: 0.999801
95249: 0.999801
95250: 0.999801
95251: 0.999801
95252: 0.999801
95253: 0.999801
95254: 0.999801
95255: 0.999801
95256: 0.999801
95257: 0.999801
95258: 0.999801
95259: 0.999801
95260: 0.999801
95261: 0.999801
95262: 0.999801
95263: 0.999801
95264: 0.999801
95265: 0.999801
95266: 0.999801
95267: 0.999801
95268: 0.999801
95269: 0.999801
95270: 0.999801
95271: 0.999801
95272: 0.999801
95273: 0.999801
95274: 0.999801
95275: 0.999801
95276: 0.999801
95277: 0.999801
95278: 0.999801
95279: 0.999801
95280: 0.999801
95281: 0.999801
95282: 0.999801
95283: 0.999801
95284: 0.999801
95285: 0.999801
95286: 0.999801
95287: 0.999801
95288: 0.999801
95289: 0.999801
95290: 0.999801
95291: 0.999801
95292: 0.999801
95293: 0.999801
95294: 0.999801
95295: 0.999801
95296: 0.999801
95297: 0.999801
95298: 0.999801
95299: 0.999801
95300: 0.999801
95301: 0.999801
95302: 0.999801
95303: 0.999801
95304: 0.999801
95305: 0.999801
95306: 0.999801
95307: 0.999801
95308: 0.999801
95309: 0.999801
95310: 0.999801
95311: 0.999801
95312: 0.999801
95313: 0.999801
95314: 0.999801
95315: 0.999801
95316: 0.999801
95317: 0.999801
95318: 0.999801
95319: 0.999801
95320: 0.999801
95321: 0.999801
95322: 0.999801
95323: 0.999801
95324: 0.999801
95325: 0.999801
95326: 0.999801
95327: 0.999801
95328: 0.999801
95329: 0.999801
95330: 0.999801
95331: 0.999801
95332: 0.999801
95333: 0.999801
95334: 0.999801
95335: 0.999801
95336: 0.999801
95337: 0.999801
95338: 0.999801
95339: 0.999801
95340: 0.999801
95341: 0.999801
95342: 0.999801
95343: 0.999801
95344: 0.999801
95345: 0.999801
95346: 0.999801
95347: 0.999801
95348: 0.999801
95349: 0.999801
95350: 0.999801
95351: 0.999801
95352: 0.999801
95353: 0.999801
95354: 0.999801
95355: 0.999801
95356: 0.999801
95357: 0.999801
95358: 0.999801
95359: 0.999801
95360: 0.999801
95361: 0.999801
95362: 0.999801
95363: 0.999801
95364: 0.999801
95365: 0.999801
95366: 0.999801
95367: 0.999801
95368: 0.999801
95369: 0.999801
95370: 0.999801
95371: 0.999801
95372: 0.999801
95373: 0.999801
95374: 0.999801
95375: 0.999801
95376: 0.999801
95377: 0.999801
95378: 0.999801
95379: 0.999801
95380: 0.999801
95381: 0.999801
95382: 0.999801
95383: 0.999801
95384: 0.999801
95385: 0.999801
95386: 0.999801
95387: 0.999801
95388: 0.999801
95389: 0.999801
95390: 0.999801
95391: 0.999801
95392: 0.999801
95393: 0.999801
95394: 0.999801
95395: 0.999801
95396: 0.999801
95397: 0.999801
95398: 0.999801
95399: 0.999801
95400: 0.999801
95401: 0.999801
95402: 0.999801
95403: 0.999801
95404: 0.999801
95405: 0.999801
95406: 0.999801
95407: 0.999801
95408: 0.999801
95409: 0.999801
95410: 0.999801
95411: 0.999801
95412: 0.999801
95413: 0.999801
95414: 0.999801
95415: 0.999801
95416: 0.999801
95417: 0.999801
95418: 0.999801
95419: 0.999801
95420: 0.999801
95421: 0.999801
95422: 0.999801
95423: 0.999801
95424: 0.999801
95425: 0.999801
95426: 0.999801
95427: 0.999801
95428: 0.999801
95429: 0.999801
95430: 0.999801
95431: 0.999801
95432: 0.999801
95433: 0.999801
95434: 0.999801
95435: 0.999801
95436: 0.999801
95437: 0.999801
95438: 0.999801
95439: 0.999801
95440: 0.999801
95441: 0.999801
95442: 0.999801
95443: 0.999801
95444: 0.999801
95445: 0.999801
95446: 0.999801
95447: 0.999801
95448: 0.999801
95449: 0.999801
95450: 0.999801
95451: 0.999801
95452: 0.999801
95453: 0.999801
95454: 0.999801
95455: 0.999801
95456: 0.999801
95457: 0.999801
95458: 0.999801
95459: 0.999801
95460: 0.999801
95461: 0.999801
95462: 0.999801
95463: 0.999801
95464: 0.999801
95465: 0.999801
95466: 0.999801
95467: 0.999801
95468: 0.999801
95469: 0.999801
95470: 0.999801
95471: 0.999801
95472: 0.999801
95473: 0.999801
95474: 0.999801
95475: 0.999801
95476: 0.999801
95477: 0.999801
95478: 0.999801
95479: 0.999801
95480: 0.999801
95481: 0.999801
95482: 0.999801
95483: 0.999801
95484: 0.999801
95485: 0.999801
95486: 0.999801
95487: 0.999801
95488: 0.999801
95489: 0.999801
95490: 0.999801
95491: 0.999801
95492: 0.999801
95493: 0.999801
95494: 0.999801
95495: 0.999801
95496: 0.999801
95497: 0.999801
95498: 0.999801
95499: 0.999801
95500: 0.999801
95501: 0.999801
95502: 0.999801
95503: 0.999801
95504: 0.999801
95505: 0.999801
95506: 0.999801
95507: 0.999801
95508: 0.999801
95509: 0.999801
95510: 0.999801
95511: 0.999801
95512: 0.999801
95513: 0.999801
95514: 0.999801
95515: 0.999801
95516: 0.999801
95517: 0.999801
95518: 0.999801
95519: 0.999801
95520: 0.999801
95521: 0.999801
95522: 0.999801
95523: 0.999801
95524: 0.999801
95525: 0.999801
95526: 0.999801
95527: 0.999801
95528: 0.999801
95529: 0.999801
95530: 0.999801
95531: 0.999801
95532: 0.999801
95533: 0.999801
95534: 0.999801
95535: 0.999801
95536: 0.999801
95537: 0.999801
95538: 0.999801
95539: 0.999801
95540: 0.999801
95541: 0.999801
95542: 0.999801
95543: 0.999801
95544: 0.999801
95545: 0.999801
95546: 0.999801
95547: 0.999801
95548: 0.999801
95549: 0.999801
95550: 0.999801
95551: 0.999801
95552: 0.999801
95553: 0.999801
95554: 0.999801
95555: 0.999801
95556: 0.999801
95557: 0.999801
95558: 0.999801
95559: 0.999801
95560: 0.999801
95561: 0.999801
95562: 0.999801
95563: 0.999801
95564: 0.999801
95565: 0.999801
95566: 0.999801
95567: 0.999801
95568: 0.999801
95569: 0.999801
95570: 0.999801
95571: 0.999801
95572: 0.999801
95573: 0.999801
95574: 0.999801
95575: 0.999801
95576: 0.999801
95577: 0.999801
95578: 0.999801
95579: 0.999801
95580: 0.999801
95581: 0.999801
95582: 0.999801
95583: 0.999801
95584: 0.999801
95585: 0.999801
95586: 0.999801
95587: 0.999801
95588: 0.999801
95589: 0.999801
95590: 0.999801
95591: 0.999801
95592: 0.999801
95593: 0.999801
95594: 0.999801
95595: 0.999801
95596: 0.999801
95597: 0.999801
95598: 0.999801
95599: 0.999801
95600: 0.999801
95601: 0.999801
95602: 0.999801
95603: 0.999801
95604: 0.999801
95605: 0.999801
95606: 0.999801
95607: 0.999801
95608: 0.999801
95609: 0.999801
95610: 0.999801
95611: 0.999801
95612: 0.999801
95613: 0.999801
95614: 0.999801
95615: 0.999801
95616: 0.999801
95617: 0.999801
95618: 0.999801
95619: 0.999801
95620: 0.999801
95621: 0.999801
95622: 0.999801
95623: 0.999801
95624: 0.999801
95625: 0.999801
95626: 0.999801
95627: 0.999801
95628: 0.999801
95629: 0.999801
95630: 0.999801
95631: 0.999801
95632: 0.999801
95633: 0.999801
95634: 0.999801
95635: 0.999801
95636: 0.999801
95637: 0.999801
95638: 0.999801
95639: 0.999801
95640: 0.999801
95641: 0.999801
95642: 0.999801
95643: 0.999801
95644: 0.999801
95645: 0.999801
95646: 0.999801
95647: 0.999801
95648: 0.999801
95649: 0.999801
95650: 0.999801
95651: 0.999801
95652: 0.999801
95653: 0.999801
95654: 0.999801
95655: 0.999801
95656: 0.999801
95657: 0.999801
95658: 0.999801
95659: 0.999801
95660: 0.999801
95661: 0.999801
95662: 0.999801
95663: 0.999801
95664: 0.999801
95665: 0.999801
95666: 0.999801
95667: 0.999801
95668: 0.999801
95669: 0.999801
95670: 0.999801
95671: 0.999801
95672: 0.999801
95673: 0.999801
95674: 0.999801
95675: 0.999801
95676: 0.999801
95677: 0.999801
95678: 0.999801
95679: 0.999801
95680: 0.999801
95681: 0.999801
95682: 0.999801
95683: 0.999801
95684: 0.999801
95685: 0.999801
95686: 0.999801
95687: 0.999801
95688: 0.999801
95689: 0.999801
95690: 0.999801
95691: 0.999801
95692: 0.999801
95693: 0.999801
95694: 0.999801
95695: 0.999801
95696: 0.999801
95697: 0.999801
95698: 0.999801
95699: 0.999801
95700: 0.999801
95701: 0.999801
95702: 0.999801
95703: 0.999801
95704: 0.999801
95705: 0.999801
95706: 0.999801
95707: 0.999801
95708: 0.999801
95709: 0.999801
95710: 0.999801
95711: 0.999801
95712: 0.999801
95713: 0.999801
95714: 0.999801
95715: 0.999801
95716: 0.999801
95717: 0.999802
95718: 0.999802
95719: 0.999802
95720: 0.999802
95721: 0.999802
95722: 0.999802
95723: 0.999802
95724: 0.999802
95725: 0.999802
95726: 0.999802
95727: 0.999802
95728: 0.999802
95729: 0.999802
95730: 0.999802
95731: 0.999802
95732: 0.999802
95733: 0.999802
95734: 0.999802
95735: 0.999802
95736: 0.999802
95737: 0.999802
95738: 0.999802
95739: 0.999802
95740: 0.999802
95741: 0.999802
95742: 0.999802
95743: 0.999802
95744: 0.999802
95745: 0.999802
95746: 0.999802
95747: 0.999802
95748: 0.999802
95749: 0.999802
95750: 0.999802
95751: 0.999802
95752: 0.999802
95753: 0.999802
95754: 0.999802
95755: 0.999802
95756: 0.999802
95757: 0.999802
95758: 0.999802
95759: 0.999802
95760: 0.999802
95761: 0.999802
95762: 0.999802
95763: 0.999802
95764: 0.999802
95765: 0.999802
95766: 0.999802
95767: 0.999802
95768: 0.999802
95769: 0.999802
95770: 0.999802
95771: 0.999802
95772: 0.999802
95773: 0.999802
95774: 0.999802
95775: 0.999802
95776: 0.999802
95777: 0.999802
95778: 0.999802
95779: 0.999802
95780: 0.999802
95781: 0.999802
95782: 0.999802
95783: 0.999802
95784: 0.999802
95785: 0.999802
95786: 0.999802
95787: 0.999802
95788: 0.999802
95789: 0.999802
95790: 0.999802
95791: 0.999802
95792: 0.999802
95793: 0.999802
95794: 0.999802
95795: 0.999802
95796: 0.999802
95797: 0.999802
95798: 0.999802
95799: 0.999802
95800: 0.999802
95801: 0.999802
95802: 0.999802
95803: 0.999802
95804: 0.999802
95805: 0.999802
95806: 0.999802
95807: 0.999802
95808: 0.999802
95809: 0.999802
95810: 0.999802
95811: 0.999802
95812: 0.999802
95813: 0.999802
95814: 0.999802
95815: 0.999802
95816: 0.999802
95817: 0.999802
95818: 0.999802
95819: 0.999802
95820: 0.999802
95821: 0.999802
95822: 0.999802
95823: 0.999802
95824: 0.999802
95825: 0.999802
95826: 0.999802
95827: 0.999802
95828: 0.999802
95829: 0.999802
95830: 0.999802
95831: 0.999802
95832: 0.999802
95833: 0.999802
95834: 0.999802
95835: 0.999802
95836: 0.999802
95837: 0.999802
95838: 0.999802
95839: 0.999802
95840: 0.999802
95841: 0.999802
95842: 0.999802
95843: 0.999802
95844: 0.999802
95845: 0.999802
95846: 0.999802
95847: 0.999802
95848: 0.999802
95849: 0.999802
95850: 0.999802
95851: 0.999802
95852: 0.999802
95853: 0.999802
95854: 0.999802
95855: 0.999802
95856: 0.999802
95857: 0.999802
95858: 0.999802
95859: 0.999802
95860: 0.999802
95861: 0.999802
95862: 0.999802
95863: 0.999802
95864: 0.999802
95865: 0.999802
95866: 0.999802
95867: 0.999802
95868: 0.999802
95869: 0.999802
95870: 0.999802
95871: 0.999802
95872: 0.999802
95873: 0.999802
95874: 0.999802
95875: 0.999802
95876: 0.999802
95877: 0.999802
95878: 0.999802
95879: 0.999802
95880: 0.999802
95881: 0.999802
95882: 0.999802
95883: 0.999802
95884: 0.999802
95885: 0.999802
95886: 0.999802
95887: 0.999802
95888: 0.999802
95889: 0.999802
95890: 0.999802
95891: 0.999802
95892: 0.999802
95893: 0.999802
95894: 0.999802
95895: 0.999802
95896: 0.999802
95897: 0.999802
95898: 0.999802
95899: 0.999802
95900: 0.999802
95901: 0.999802
95902: 0.999802
95903: 0.999802
95904: 0.999802
95905: 0.999802
95906: 0.999802
95907: 0.999802
95908: 0.999802
95909: 0.999802
95910: 0.999802
95911: 0.999802
95912: 0.999802
95913: 0.999802
95914: 0.999802
95915: 0.999802
95916: 0.999802
95917: 0.999802
95918: 0.999802
95919: 0.999802
95920: 0.999802
95921: 0.999802
95922: 0.999802
95923: 0.999802
95924: 0.999802
95925: 0.999802
95926: 0.999802
95927: 0.999802
95928: 0.999802
95929: 0.999802
95930: 0.999802
95931: 0.999802
95932: 0.999802
95933: 0.999802
95934: 0.999802
95935: 0.999802
95936: 0.999802
95937: 0.999802
95938: 0.999802
95939: 0.999802
95940: 0.999802
95941: 0.999802
95942: 0.999802
95943: 0.999802
95944: 0.999802
95945: 0.999802
95946: 0.999802
95947: 0.999802
95948: 0.999802
95949: 0.999802
95950: 0.999802
95951: 0.999802
95952: 0.999802
95953: 0.999802
95954: 0.999802
95955: 0.999802
95956: 0.999802
95957: 0.999802
95958: 0.999802
95959: 0.999802
95960: 0.999802
95961: 0.999802
95962: 0.999802
95963: 0.999802
95964: 0.999802
95965: 0.999802
95966: 0.999802
95967: 0.999802
95968: 0.999802
95969: 0.999802
95970: 0.999802
95971: 0.999802
95972: 0.999802
95973: 0.999802
95974: 0.999802
95975: 0.999802
95976: 0.999802
95977: 0.999802
95978: 0.999802
95979: 0.999802
95980: 0.999802
95981: 0.999802
95982: 0.999802
95983: 0.999802
95984: 0.999802
95985: 0.999802
95986: 0.999802
95987: 0.999802
95988: 0.999802
95989: 0.999802
95990: 0.999802
95991: 0.999802
95992: 0.999802
95993: 0.999802
95994: 0.999802
95995: 0.999802
95996: 0.999802
95997: 0.999802
95998: 0.999802
95999: 0.999802
96000: 0.999802
96001: 0.999802
96002: 0.999802
96003: 0.999802
96004: 0.999802
96005: 0.999802
96006: 0.999802
96007: 0.999802
96008: 0.999802
96009: 0.999802
96010: 0.999802
96011: 0.999802
96012: 0.999802
96013: 0.999802
96014: 0.999802
96015: 0.999802
96016: 0.999802
96017: 0.999802
96018: 0.999802
96019: 0.999802
96020: 0.999802
96021: 0.999802
96022: 0.999802
96023: 0.999802
96024: 0.999802
96025: 0.999802
96026: 0.999802
96027: 0.999802
96028: 0.999802
96029: 0.999802
96030: 0.999802
96031: 0.999802
96032: 0.999802
96033: 0.999802
96034: 0.999802
96035: 0.999802
96036: 0.999802
96037: 0.999802
96038: 0.999802
96039: 0.999802
96040: 0.999802
96041: 0.999802
96042: 0.999802
96043: 0.999802
96044: 0.999802
96045: 0.999802
96046: 0.999802
96047: 0.999802
96048: 0.999802
96049: 0.999802
96050: 0.999802
96051: 0.999802
96052: 0.999802
96053: 0.999802
96054: 0.999802
96055: 0.999802
96056: 0.999802
96057: 0.999802
96058: 0.999802
96059: 0.999802
96060: 0.999802
96061: 0.999802
96062: 0.999802
96063: 0.999802
96064: 0.999802
96065: 0.999802
96066: 0.999802
96067: 0.999802
96068: 0.999802
96069: 0.999802
96070: 0.999802
96071: 0.999802
96072: 0.999802
96073: 0.999802
96074: 0.999802
96075: 0.999802
96076: 0.999802
96077: 0.999802
96078: 0.999802
96079: 0.999802
96080: 0.999802
96081: 0.999802
96082: 0.999802
96083: 0.999802
96084: 0.999802
96085: 0.999802
96086: 0.999802
96087: 0.999802
96088: 0.999802
96089: 0.999802
96090: 0.999802
96091: 0.999802
96092: 0.999802
96093: 0.999802
96094: 0.999802
96095: 0.999802
96096: 0.999802
96097: 0.999802
96098: 0.999802
96099: 0.999802
96100: 0.999802
96101: 0.999802
96102: 0.999802
96103: 0.999802
96104: 0.999802
96105: 0.999802
96106: 0.999802
96107: 0.999802
96108: 0.999802
96109: 0.999802
96110: 0.999802
96111: 0.999802
96112: 0.999802
96113: 0.999802
96114: 0.999802
96115: 0.999802
96116: 0.999802
96117: 0.999802
96118: 0.999802
96119: 0.999802
96120: 0.999802
96121: 0.999802
96122: 0.999802
96123: 0.999802
96124: 0.999802
96125: 0.999802
96126: 0.999802
96127: 0.999802
96128: 0.999802
96129: 0.999802
96130: 0.999802
96131: 0.999802
96132: 0.999802
96133: 0.999802
96134: 0.999802
96135: 0.999802
96136: 0.999802
96137: 0.999802
96138: 0.999802
96139: 0.999802
96140: 0.999802
96141: 0.999802
96142: 0.999802
96143: 0.999802
96144: 0.999802
96145: 0.999802
96146: 0.999802
96147: 0.999802
96148: 0.999802
96149: 0.999802
96150: 0.999802
96151: 0.999802
96152: 0.999802
96153: 0.999802
96154: 0.999802
96155: 0.999802
96156: 0.999802
96157: 0.999802
96158: 0.999802
96159: 0.999802
96160: 0.999802
96161: 0.999802
96162: 0.999802
96163: 0.999802
96164: 0.999802
96165: 0.999802
96166: 0.999802
96167: 0.999802
96168: 0.999802
96169: 0.999802
96170: 0.999802
96171: 0.999802
96172: 0.999802
96173: 0.999802
96174: 0.999802
96175: 0.999802
96176: 0.999802
96177: 0.999802
96178: 0.999802
96179: 0.999802
96180: 0.999802
96181: 0.999802
96182: 0.999802
96183: 0.999802
96184: 0.999802
96185: 0.999802
96186: 0.999802
96187: 0.999802
96188: 0.999802
96189: 0.999802
96190: 0.999802
96191: 0.999802
96192: 0.999802
96193: 0.999802
96194: 0.999802
96195: 0.999802
96196: 0.999802
96197: 0.999802
96198: 0.999802
96199: 0.999802
96200: 0.999802
96201: 0.999802
96202: 0.999803
96203: 0.999803
96204: 0.999803
96205: 0.999803
96206: 0.999803
96207: 0.999803
96208: 0.999803
96209: 0.999803
96210: 0.999803
96211: 0.999803
96212: 0.999803
96213: 0.999803
96214: 0.999803
96215: 0.999803
96216: 0.999803
96217: 0.999803
96218: 0.999803
96219: 0.999803
96220: 0.999803
96221: 0.999803
96222: 0.999803
96223: 0.999803
96224: 0.999803
96225: 0.999803
96226: 0.999803
96227: 0.999803
96228: 0.999803
96229: 0.999803
96230: 0.999803
96231: 0.999803
96232: 0.999803
96233: 0.999803
96234: 0.999803
96235: 0.999803
96236: 0.999803
96237: 0.999803
96238: 0.999803
96239: 0.999803
96240: 0.999803
96241: 0.999803
96242: 0.999803
96243: 0.999803
96244: 0.999803
96245: 0.999803
96246: 0.999803
96247: 0.999803
96248: 0.999803
96249: 0.999803
96250: 0.999803
96251: 0.999803
96252: 0.999803
96253: 0.999803
96254: 0.999803
96255: 0.999803
96256: 0.999803
96257: 0.999803
96258: 0.999803
96259: 0.999803
96260: 0.999803
96261: 0.999803
96262: 0.999803
96263: 0.999803
96264: 0.999803
96265: 0.999803
96266: 0.999803
96267: 0.999803
96268: 0.999803
96269: 0.999803
96270: 0.999803
96271: 0.999803
96272: 0.999803
96273: 0.999803
96274: 0.999803
96275: 0.999803
96276: 0.999803
96277: 0.999803
96278: 0.999803
96279: 0.999803
96280: 0.999803
96281: 0.999803
96282: 0.999803
96283: 0.999803
96284: 0.999803
96285: 0.999803
96286: 0.999803
96287: 0.999803
96288: 0.999803
96289: 0.999803
96290: 0.999803
96291: 0.999803
96292: 0.999803
96293: 0.999803
96294: 0.999803
96295: 0.999803
96296: 0.999803
96297: 0.999803
96298: 0.999803
96299: 0.999803
96300: 0.999803
96301: 0.999803
96302: 0.999803
96303: 0.999803
96304: 0.999803
96305: 0.999803
96306: 0.999803
96307: 0.999803
96308: 0.999803
96309: 0.999803
96310: 0.999803
96311: 0.999803
96312: 0.999803
96313: 0.999803
96314: 0.999803
96315: 0.999803
96316: 0.999803
96317: 0.999803
96318: 0.999803
96319: 0.999803
96320: 0.999803
96321: 0.999803
96322: 0.999803
96323: 0.999803
96324: 0.999803
96325: 0.999803
96326: 0.999803
96327: 0.999803
96328: 0.999803
96329: 0.999803
96330: 0.999803
96331: 0.999803
96332: 0.999803
96333: 0.999803
96334: 0.999803
96335: 0.999803
96336: 0.999803
96337: 0.999803
96338: 0.999803
96339: 0.999803
96340: 0.999803
96341: 0.999803
96342: 0.999803
96343: 0.999803
96344: 0.999803
96345: 0.999803
96346: 0.999803
96347: 0.999803
96348: 0.999803
96349: 0.999803
96350: 0.999803
96351: 0.999803
96352: 0.999803
96353: 0.999803
96354: 0.999803
96355: 0.999803
96356: 0.999803
96357: 0.999803
96358: 0.999803
96359: 0.999803
96360: 0.999803
96361: 0.999803
96362: 0.999803
96363: 0.999803
96364: 0.999803
96365: 0.999803
96366: 0.999803
96367: 0.999803
96368: 0.999803
96369: 0.999803
96370: 0.999803
96371: 0.999803
96372: 0.999803
96373: 0.999803
96374: 0.999803
96375: 0.999803
96376: 0.999803
96377: 0.999803
96378: 0.999803
96379: 0.999803
96380: 0.999803
96381: 0.999803
96382: 0.999803
96383: 0.999803
96384: 0.999803
96385: 0.999803
96386: 0.999803
96387: 0.999803
96388: 0.999803
96389: 0.999803
96390: 0.999803
96391: 0.999803
96392: 0.999803
96393: 0.999803
96394: 0.999803
96395: 0.999803
96396: 0.999803
96397: 0.999803
96398: 0.999803
96399: 0.999803
96400: 0.999803
96401: 0.999803
96402: 0.999803
96403: 0.999803
96404: 0.999803
96405: 0.999803
96406: 0.999803
96407: 0.999803
96408: 0.999803
96409: 0.999803
96410: 0.999803
96411: 0.999803
96412: 0.999803
96413: 0.999803
96414: 0.999803
96415: 0.999803
96416: 0.999803
96417: 0.999803
96418: 0.999803
96419: 0.999803
96420: 0.999803
96421: 0.999803
96422: 0.999803
96423: 0.999803
96424: 0.999803
96425: 0.999803
96426: 0.999803
96427: 0.999803
96428: 0.999803
96429: 0.999803
96430: 0.999803
96431: 0.999803
96432: 0.999803
96433: 0.999803
96434: 0.999803
96435: 0.999803
96436: 0.999803
96437: 0.999803
96438: 0.999803
96439: 0.999803
96440: 0.999803
96441: 0.999803
96442: 0.999803
96443: 0.999803
96444: 0.999803
96445: 0.999803
96446: 0.999803
96447: 0.999803
96448: 0.999803
96449: 0.999803
96450: 0.999803
96451: 0.999803
96452: 0.999803
96453: 0.999803
96454: 0.999803
96455: 0.999803
96456: 0.999803
96457: 0.999803
96458: 0.999803
96459: 0.999803
96460: 0.999803
96461: 0.999803
96462: 0.999803
96463: 0.999803
96464: 0.999803
96465: 0.999803
96466: 0.999803
96467: 0.999803
96468: 0.999803
96469: 0.999803
96470: 0.999803
96471: 0.999803
96472: 0.999803
96473: 0.999803
96474: 0.999803
96475: 0.999803
96476: 0.999803
96477: 0.999803
96478: 0.999803
96479: 0.999803
96480: 0.999803
96481: 0.999803
96482: 0.999803
96483: 0.999803
96484: 0.999803
96485: 0.999803
96486: 0.999803
96487: 0.999803
96488: 0.999803
96489: 0.999803
96490: 0.999803
96491: 0.999803
96492: 0.999803
96493: 0.999803
96494: 0.999803
96495: 0.999803
96496: 0.999803
96497: 0.999803
96498: 0.999803
96499: 0.999803
96500: 0.999803
96501: 0.999803
96502: 0.999803
96503: 0.999803
96504: 0.999803
96505: 0.999803
96506: 0.999803
96507: 0.999803
96508: 0.999803
96509: 0.999803
96510: 0.999803
96511: 0.999803
96512: 0.999803
96513: 0.999803
96514: 0.999803
96515: 0.999803
96516: 0.999803
96517: 0.999803
96518: 0.999803
96519: 0.999803
96520: 0.999803
96521: 0.999803
96522: 0.999803
96523: 0.999803
96524: 0.999803
96525: 0.999803
96526: 0.999803
96527: 0.999803
96528: 0.999803
96529: 0.999803
96530: 0.999803
96531: 0.999803
96532: 0.999803
96533: 0.999803
96534: 0.999803
96535: 0.999803
96536: 0.999803
96537: 0.999803
96538: 0.999803
96539: 0.999803
96540: 0.999803
96541: 0.999803
96542: 0.999803
96543: 0.999803
96544: 0.999803
96545: 0.999803
96546: 0.999803
96547: 0.999803
96548: 0.999803
96549: 0.999803
96550: 0.999803
96551: 0.999803
96552: 0.999803
96553: 0.999803
96554: 0.999803
96555: 0.999803
96556: 0.999803
96557: 0.999803
96558: 0.999803
96559: 0.999803
96560: 0.999803
96561: 0.999803
96562: 0.999803
96563: 0.999803
96564: 0.999803
96565: 0.999803
96566: 0.999803
96567: 0.999803
96568: 0.999803
96569: 0.999803
96570: 0.999803
96571: 0.999803
96572: 0.999803
96573: 0.999803
96574: 0.999803
96575: 0.999803
96576: 0.999803
96577: 0.999803
96578: 0.999803
96579: 0.999803
96580: 0.999803
96581: 0.999803
96582: 0.999803
96583: 0.999803
96584: 0.999803
96585: 0.999803
96586: 0.999803
96587: 0.999803
96588: 0.999803
96589: 0.999803
96590: 0.999803
96591: 0.999803
96592: 0.999803
96593: 0.999803
96594: 0.999803
96595: 0.999803
96596: 0.999803
96597: 0.999803
96598: 0.999803
96599: 0.999803
96600: 0.999803
96601: 0.999803
96602: 0.999803
96603: 0.999803
96604: 0.999803
96605: 0.999803
96606: 0.999803
96607: 0.999803
96608: 0.999803
96609: 0.999803
96610: 0.999803
96611: 0.999803
96612: 0.999803
96613: 0.999803
96614: 0.999803
96615: 0.999803
96616: 0.999803
96617: 0.999803
96618: 0.999803
96619: 0.999803
96620: 0.999803
96621: 0.999803
96622: 0.999803
96623: 0.999803
96624: 0.999803
96625: 0.999803
96626: 0.999803
96627: 0.999803
96628: 0.999803
96629: 0.999803
96630: 0.999803
96631: 0.999803
96632: 0.999803
96633: 0.999803
96634: 0.999803
96635: 0.999803
96636: 0.999803
96637: 0.999803
96638: 0.999803
96639: 0.999803
96640: 0.999803
96641: 0.999803
96642: 0.999803
96643: 0.999803
96644: 0.999803
96645: 0.999803
96646: 0.999803
96647: 0.999803
96648: 0.999803
96649: 0.999803
96650: 0.999803
96651: 0.999803
96652: 0.999803
96653: 0.999803
96654: 0.999803
96655: 0.999803
96656: 0.999803
96657: 0.999803
96658: 0.999803
96659: 0.999803
96660: 0.999803
96661: 0.999803
96662: 0.999803
96663: 0.999803
96664: 0.999803
96665: 0.999803
96666: 0.999803
96667: 0.999803
96668: 0.999803
96669: 0.999803
96670: 0.999803
96671: 0.999803
96672: 0.999803
96673: 0.999803
96674: 0.999803
96675: 0.999803
96676: 0.999803
96677: 0.999803
96678: 0.999803
96679: 0.999803
96680: 0.999803
96681: 0.999803
96682: 0.999803
96683: 0.999803
96684: 0.999803
96685: 0.999803
96686: 0.999803
96687: 0.999803
96688: 0.999803
96689: 0.999803
96690: 0.999803
96691: 0.999803
96692: 0.999804
96693: 0.999804
96694: 0.999804
96695: 0.999804
96696: 0.999804
96697: 0.999804
96698: 0.999804
96699: 0.999804
96700: 0.999804
96701: 0.999804
96702: 0.999804
96703: 0.999804
96704: 0.999804
96705: 0.999804
96706: 0.999804
96707: 0.999804
96708: 0.999804
96709: 0.999804
96710: 0.999804
96711: 0.999804
96712: 0.999804
96713: 0.999804
96714: 0.999804
96715: 0.999804
96716: 0.999804
96717: 0.999804
96718: 0.999804
96719: 0.999804
96720: 0.999804
96721: 0.999804
96722: 0.999804
96723: 0.999804
96724: 0.999804
96725: 0.999804
96726: 0.999804
96727: 0.999804
96728: 0.999804
96729: 0.999804
96730: 0.999804
96731: 0.999804
96732: 0.999804
96733: 0.999804
96734: 0.999804
96735: 0.999804
96736: 0.999804
96737: 0.999804
96738: 0.999804
96739: 0.999804
96740: 0.999804
96741: 0.999804
96742: 0.999804
96743: 0.999804
96744: 0.999804
96745: 0.999804
96746: 0.999804
96747: 0.999804
96748: 0.999804
96749: 0.999804
96750: 0.999804
96751: 0.999804
96752: 0.999804
96753: 0.999804
96754: 0.999804
96755: 0.999804
96756: 0.999804
96757: 0.999804
96758: 0.999804
96759: 0.999804
96760: 0.999804
96761: 0.999804
96762: 0.999804
96763: 0.999804
96764: 0.999804
96765: 0.999804
96766: 0.999804
96767: 0.999804
96768: 0.999804
96769: 0.999804
96770: 0.999804
96771: 0.999804
96772: 0.999804
96773: 0.999804
96774: 0.999804
96775: 0.999804
96776: 0.999804
96777: 0.999804
96778: 0.999804
96779: 0.999804
96780: 0.999804
96781: 0.999804
96782: 0.999804
96783: 0.999804
96784: 0.999804
96785: 0.999804
96786: 0.999804
96787: 0.999804
96788: 0.999804
96789: 0.999804
96790: 0.999804
96791: 0.999804
96792: 0.999804
96793: 0.999804
96794: 0.999804
96795: 0.999804
96796: 0.999804
96797: 0.999804
96798: 0.999804
96799: 0.999804
96800: 0.999804
96801: 0.999804
96802: 0.999804
96803: 0.999804
96804: 0.999804
96805: 0.999804
96806: 0.999804
96807: 0.999804
96808: 0.999804
96809: 0.999804
96810: 0.999804
96811: 0.999804
96812: 0.999804
96813: 0.999804
96814: 0.999804
96815: 0.999804
96816: 0.999804
96817: 0.999804
96818: 0.999804
96819: 0.999804
96820: 0.999804
96821: 0.999804
96822: 0.999804
96823: 0.999804
96824: 0.999804
96825: 0.999804
96826: 0.999804
96827: 0.999804
96828: 0.999804
96829: 0.999804
96830: 0.999804
96831: 0.999804
96832: 0.999804
96833: 0.999804
96834: 0.999804
96835: 0.999804
96836: 0.999804
96837: 0.999804
96838: 0.999804
96839: 0.999804
96840: 0.999804
96841: 0.999804
96842: 0.999804
96843: 0.999804
96844: 0.999804
96845: 0.999804
96846: 0.999804
96847: 0.999804
96848: 0.999804
96849: 0.999804
96850: 0.999804
96851: 0.999804
96852: 0.999804
96853: 0.999804
96854: 0.999804
96855: 0.999804
96856: 0.999804
96857: 0.999804
96858: 0.999804
96859: 0.999804
96860: 0.999804
96861: 0.999804
96862: 0.999804
96863: 0.999804
96864: 0.999804
96865: 0.999804
96866: 0.999804
96867: 0.999804
96868: 0.999804
96869: 0.999804
96870: 0.999804
96871: 0.999804
96872: 0.999804
96873: 0.999804
96874: 0.999804
96875: 0.999804
96876: 0.999804
96877: 0.999804
96878: 0.999804
96879: 0.999804
96880: 0.999804
96881: 0.999804
96882: 0.999804
96883: 0.999804
96884: 0.999804
96885: 0.999804
96886: 0.999804
96887: 0.999804
96888: 0.999804
96889: 0.999804
96890: 0.999804
96891: 0.999804
96892: 0.999804
96893: 0.999804
96894: 0.999804
96895: 0.999804
96896: 0.999804
96897: 0.999804
96898: 0.999804
96899: 0.999804
96900: 0.999804
96901: 0.999804
96902: 0.999804
96903: 0.999804
96904: 0.999804
96905: 0.999804
96906: 0.999804
96907: 0.999804
96908: 0.999804
96909: 0.999804
96910: 0.999804
96911: 0.999804
96912: 0.999804
96913: 0.999804
96914: 0.999804
96915: 0.999804
96916: 0.999804
96917: 0.999804
96918: 0.999804
96919: 0.999804
96920: 0.999804
96921: 0.999804
96922: 0.999804
96923: 0.999804
96924: 0.999804
96925: 0.999804
96926: 0.999804
96927: 0.999804
96928: 0.999804
96929: 0.999804
96930: 0.999804
96931: 0.999804
96932: 0.999804
96933: 0.999804
96934: 0.999804
96935: 0.999804
96936: 0.999804
96937: 0.999804
96938: 0.999804
96939: 0.999804
96940: 0.999804
96941: 0.999804
96942: 0.999804
96943: 0.999804
96944: 0.999804
96945: 0.999804
96946: 0.999804
96947: 0.999804
96948: 0.999804
96949: 0.999804
96950: 0.999804
96951: 0.999804
96952: 0.999804
96953: 0.999804
96954: 0.999804
96955: 0.999804
96956: 0.999804
96957: 0.999804
96958: 0.999804
96959: 0.999804
96960: 0.999804
96961: 0.999804
96962: 0.999804
96963: 0.999804
96964: 0.999804
96965: 0.999804
96966: 0.999804
96967: 0.999804
96968: 0.999804
96969: 0.999804
96970: 0.999804
96971: 0.999804
96972: 0.999804
96973: 0.999804
96974: 0.999804
96975: 0.999804
96976: 0.999804
96977: 0.999804
96978: 0.999804
96979: 0.999804
96980: 0.999804
96981: 0.999804
96982: 0.999804
96983: 0.999804
96984: 0.999804
96985: 0.999804
96986: 0.999804
96987: 0.999804
96988: 0.999804
96989: 0.999804
96990: 0.999804
96991: 0.999804
96992: 0.999804
96993: 0.999804
96994: 0.999804
96995: 0.999804
96996: 0.999804
96997: 0.999804
96998: 0.999804
96999: 0.999804
97000: 0.999804
97001: 0.999804
97002: 0.999804
97003: 0.999804
97004: 0.999804
97005: 0.999804
97006: 0.999804
97007: 0.999804
97008: 0.999804
97009: 0.999804
97010: 0.999804
97011: 0.999804
97012: 0.999804
97013: 0.999804
97014: 0.999804
97015: 0.999804
97016: 0.999804
97017: 0.999804
97018: 0.999804
97019: 0.999804
97020: 0.999804
97021: 0.999804
97022: 0.999804
97023: 0.999804
97024: 0.999804
97025: 0.999804
97026: 0.999804
97027: 0.999804
97028: 0.999804
97029: 0.999804
97030: 0.999804
97031: 0.999804
97032: 0.999804
97033: 0.999804
97034: 0.999804
97035: 0.999804
97036: 0.999804
97037: 0.999804
97038: 0.999804
97039: 0.999804
97040: 0.999804
97041: 0.999804
97042: 0.999804
97043: 0.999804
97044: 0.999804
97045: 0.999804
97046: 0.999804
97047: 0.999804
97048: 0.999804
97049: 0.999804
97050: 0.999804
97051: 0.999804
97052: 0.999804
97053: 0.999804
97054: 0.999804
97055: 0.999804
97056: 0.999804
97057: 0.999804
97058: 0.999804
97059: 0.999804
97060: 0.999804
97061: 0.999804
97062: 0.999804
97063: 0.999804
97064: 0.999804
97065: 0.999804
97066: 0.999804
97067: 0.999804
97068: 0.999804
97069: 0.999804
97070: 0.999804
97071: 0.999804
97072: 0.999804
97073: 0.999804
97074: 0.999804
97075: 0.999804
97076: 0.999804
97077: 0.999804
97078: 0.999804
97079: 0.999804
97080: 0.999804
97081: 0.999804
97082: 0.999804
97083: 0.999804
97084: 0.999804
97085: 0.999804
97086: 0.999804
97087: 0.999804
97088: 0.999804
97089: 0.999804
97090: 0.999804
97091: 0.999804
97092: 0.999804
97093: 0.999804
97094: 0.999804
97095: 0.999804
97096: 0.999804
97097: 0.999804
97098: 0.999804
97099: 0.999804
97100: 0.999804
97101: 0.999804
97102: 0.999804
97103: 0.999804
97104: 0.999804
97105: 0.999804
97106: 0.999804
97107: 0.999804
97108: 0.999804
97109: 0.999804
97110: 0.999804
97111: 0.999804
97112: 0.999804
97113: 0.999804
97114: 0.999804
97115: 0.999804
97116: 0.999804
97117: 0.999804
97118: 0.999804
97119: 0.999804
97120: 0.999804
97121: 0.999804
97122: 0.999804
97123: 0.999804
97124: 0.999804
97125: 0.999804
97126: 0.999804
97127: 0.999804
97128: 0.999804
97129: 0.999804
97130: 0.999804
97131: 0.999804
97132: 0.999804
97133: 0.999804
97134: 0.999804
97135: 0.999804
97136: 0.999804
97137: 0.999804
97138: 0.999804
97139: 0.999804
97140: 0.999804
97141: 0.999804
97142: 0.999804
97143: 0.999804
97144: 0.999804
97145: 0.999804
97146: 0.999804
97147: 0.999804
97148: 0.999804
97149: 0.999804
97150: 0.999804
97151: 0.999804
97152: 0.999804
97153: 0.999804
97154: 0.999804
97155: 0.999804
97156: 0.999804
97157: 0.999804
97158: 0.999804
97159: 0.999804
97160: 0.999804
97161: 0.999804
97162: 0.999804
97163: 0.999804
97164: 0.999804
97165: 0.999804
97166: 0.999804
97167: 0.999804
97168: 0.999804
97169: 0.999804
97170: 0.999804
97171: 0.999804
97172: 0.999804
97173: 0.999804
97174: 0.999804
97175: 0.999804
97176: 0.999804
97177: 0.999804
97178: 0.999804
97179: 0.999804
97180: 0.999804
97181: 0.999804
97182: 0.999804
97183: 0.999804
97184: 0.999804
97185: 0.999804
97186: 0.999805
97187: 0.999805
97188: 0.999805
97189: 0.999805
97190: 0.999805
97191: 0.999805
97192: 0.999805
97193: 0.999805
97194: 0.999805
97195: 0.999805
97196: 0.999805
97197: 0.999805
97198: 0.999805
97199: 0.999805
97200: 0.999805
97201: 0.999805
97202: 0.999805
97203: 0.999805
97204: 0.999805
97205: 0.999805
97206: 0.999805
97207: 0.999805
97208: 0.999805
97209: 0.999805
97210: 0.999805
97211: 0.999805
97212: 0.999805
97213: 0.999805
97214: 0.999805
97215: 0.999805
97216: 0.999805
97217: 0.999805
97218: 0.999805
97219: 0.999805
97220: 0.999805
97221: 0.999805
97222: 0.999805
97223: 0.999805
97224: 0.999805
97225: 0.999805
97226: 0.999805
97227: 0.999805
97228: 0.999805
97229: 0.999805
97230: 0.999805
97231: 0.999805
97232: 0.999805
97233: 0.999805
97234: 0.999805
97235: 0.999805
97236: 0.999805
97237: 0.999805
97238: 0.999805
97239: 0.999805
97240: 0.999805
97241: 0.999805
97242: 0.999805
97243: 0.999805
97244: 0.999805
97245: 0.999805
97246: 0.999805
97247: 0.999805
97248: 0.999805
97249: 0.999805
97250: 0.999805
97251: 0.999805
97252: 0.999805
97253: 0.999805
97254: 0.999805
97255: 0.999805
97256: 0.999805
97257: 0.999805
97258: 0.999805
97259: 0.999805
97260: 0.999805
97261: 0.999805
97262: 0.999805
97263: 0.999805
97264: 0.999805
97265: 0.999805
97266: 0.999805
97267: 0.999805
97268: 0.999805
97269: 0.999805
97270: 0.999805
97271: 0.999805
97272: 0.999805
97273: 0.999805
97274: 0.999805
97275: 0.999805
97276: 0.999805
97277: 0.999805
97278: 0.999805
97279: 0.999805
97280: 0.999805
97281: 0.999805
97282: 0.999805
97283: 0.999805
97284: 0.999805
97285: 0.999805
97286: 0.999805
97287: 0.999805
97288: 0.999805
97289: 0.999805
97290: 0.999805
97291: 0.999805
97292: 0.999805
97293: 0.999805
97294: 0.999805
97295: 0.999805
97296: 0.999805
97297: 0.999805
97298: 0.999805
97299: 0.999805
97300: 0.999805
97301: 0.999805
97302: 0.999805
97303: 0.999805
97304: 0.999805
97305: 0.999805
97306: 0.999805
97307: 0.999805
97308: 0.999805
97309: 0.999805
97310: 0.999805
97311: 0.999805
97312: 0.999805
97313: 0.999805
97314: 0.999805
97315: 0.999805
97316: 0.999805
97317: 0.999805
97318: 0.999805
97319: 0.999805
97320: 0.999805
97321: 0.999805
97322: 0.999805
97323: 0.999805
97324: 0.999805
97325: 0.999805
97326: 0.999805
97327: 0.999805
97328: 0.999805
97329: 0.999805
97330: 0.999805
97331: 0.999805
97332: 0.999805
97333: 0.999805
97334: 0.999805
97335: 0.999805
97336: 0.999805
97337: 0.999805
97338: 0.999805
97339: 0.999805
97340: 0.999805
97341: 0.999805
97342: 0.999805
97343: 0.999805
97344: 0.999805
97345: 0.999805
97346: 0.999805
97347: 0.999805
97348: 0.999805
97349: 0.999805
97350: 0.999805
97351: 0.999805
97352: 0.999805
97353: 0.999805
97354: 0.999805
97355: 0.999805
97356: 0.999805
97357: 0.999805
97358: 0.999805
97359: 0.999805
97360: 0.999805
97361: 0.999805
97362: 0.999805
97363: 0.999805
97364: 0.999805
97365: 0.999805
97366: 0.999805
97367: 0.999805
97368: 0.999805
97369: 0.999805
97370: 0.999805
97371: 0.999805
97372: 0.999805
97373: 0.999805
97374: 0.999805
97375: 0.999805
97376: 0.999805
97377: 0.999805
97378: 0.999805
97379: 0.999805
97380: 0.999805
97381: 0.999805
97382: 0.999805
97383: 0.999805
97384: 0.999805
97385: 0.999805
97386: 0.999805
97387: 0.999805
97388: 0.999805
97389: 0.999805
97390: 0.999805
97391: 0.999805
97392: 0.999805
97393: 0.999805
97394: 0.999805
97395: 0.999805
97396: 0.999805
97397: 0.999805
97398: 0.999805
97399: 0.999805
97400: 0.999805
97401: 0.999805
97402: 0.999805
97403: 0.999805
97404: 0.999805
97405: 0.999805
97406: 0.999805
97407: 0.999805
97408: 0.999805
97409: 0.999805
97410: 0.999805
97411: 0.999805
97412: 0.999805
97413: 0.999805
97414: 0.999805
97415: 0.999805
97416: 0.999805
97417: 0.999805
97418: 0.999805
97419: 0.999805
97420: 0.999805
97421: 0.999805
97422: 0.999805
97423: 0.999805
97424: 0.999805
97425: 0.999805
97426: 0.999805
97427: 0.999805
97428: 0.999805
97429: 0.999805
97430: 0.999805
97431: 0.999805
97432: 0.999805
97433: 0.999805
97434: 0.999805
97435: 0.999805
97436: 0.999805
97437: 0.999805
97438: 0.999805
97439: 0.999805
97440: 0.999805
97441: 0.999805
97442: 0.999805
97443: 0.999805
97444: 0.999805
97445: 0.999805
97446: 0.999805
97447: 0.999805
97448: 0.999805
97449: 0.999805
97450: 0.999805
97451: 0.999805
97452: 0.999805
97453: 0.999805
97454: 0.999805
97455: 0.999805
97456: 0.999805
97457: 0.999805
97458: 0.999805
97459: 0.999805
97460: 0.999805
97461: 0.999805
97462: 0.999805
97463: 0.999805
97464: 0.999805
97465: 0.999805
97466: 0.999805
97467: 0.999805
97468: 0.999805
97469: 0.999805
97470: 0.999805
97471: 0.999805
97472: 0.999805
97473: 0.999805
97474: 0.999805
97475: 0.999805
97476: 0.999805
97477: 0.999805
97478: 0.999805
97479: 0.999805
97480: 0.999805
97481: 0.999805
97482: 0.999805
97483: 0.999805
97484: 0.999805
97485: 0.999805
97486: 0.999805
97487: 0.999805
97488: 0.999805
97489: 0.999805
97490: 0.999805
97491: 0.999805
97492: 0.999805
97493: 0.999805
97494: 0.999805
97495: 0.999805
97496: 0.999805
97497: 0.999805
97498: 0.999805
97499: 0.999805
97500: 0.999805
97501: 0.999805
97502: 0.999805
97503: 0.999805
97504: 0.999805
97505: 0.999805
97506: 0.999805
97507: 0.999805
97508: 0.999805
97509: 0.999805
97510: 0.999805
97511: 0.999805
97512: 0.999805
97513: 0.999805
97514: 0.999805
97515: 0.999805
97516: 0.999805
97517: 0.999805
97518: 0.999805
97519: 0.999805
97520: 0.999805
97521: 0.999805
97522: 0.999805
97523: 0.999805
97524: 0.999805
97525: 0.999805
97526: 0.999805
97527: 0.999805
97528: 0.999805
97529: 0.999805
97530: 0.999805
97531: 0.999805
97532: 0.999805
97533: 0.999805
97534: 0.999805
97535: 0.999805
97536: 0.999805
97537: 0.999805
97538: 0.999805
97539: 0.999805
97540: 0.999805
97541: 0.999805
97542: 0.999805
97543: 0.999805
97544: 0.999805
97545: 0.999805
97546: 0.999805
97547: 0.999805
97548: 0.999805
97549: 0.999805
97550: 0.999805
97551: 0.999805
97552: 0.999805
97553: 0.999805
97554: 0.999805
97555: 0.999805
97556: 0.999805
97557: 0.999805
97558: 0.999805
97559: 0.999805
97560: 0.999805
97561: 0.999805
97562: 0.999805
97563: 0.999805
97564: 0.999805
97565: 0.999805
97566: 0.999805
97567: 0.999805
97568: 0.999805
97569: 0.999805
97570: 0.999805
97571: 0.999805
97572: 0.999805
97573: 0.999805
97574: 0.999805
97575: 0.999805
97576: 0.999805
97577: 0.999805
97578: 0.999805
97579: 0.999805
97580: 0.999805
97581: 0.999805
97582: 0.999805
97583: 0.999805
97584: 0.999805
97585: 0.999805
97586: 0.999805
97587: 0.999805
97588: 0.999805
97589: 0.999805
97590: 0.999805
97591: 0.999805
97592: 0.999805
97593: 0.999805
97594: 0.999805
97595: 0.999805
97596: 0.999805
97597: 0.999805
97598: 0.999805
97599: 0.999805
97600: 0.999805
97601: 0.999805
97602: 0.999805
97603: 0.999805
97604: 0.999805
97605: 0.999805
97606: 0.999805
97607: 0.999805
97608: 0.999805
97609: 0.999805
97610: 0.999805
97611: 0.999805
97612: 0.999805
97613: 0.999805
97614: 0.999805
97615: 0.999805
97616: 0.999805
97617: 0.999805
97618: 0.999805
97619: 0.999805
97620: 0.999805
97621: 0.999805
97622: 0.999805
97623: 0.999805
97624: 0.999805
97625: 0.999805
97626: 0.999805
97627: 0.999805
97628: 0.999805
97629: 0.999805
97630: 0.999805
97631: 0.999805
97632: 0.999805
97633: 0.999805
97634: 0.999805
97635: 0.999805
97636: 0.999805
97637: 0.999805
97638: 0.999805
97639: 0.999805
97640: 0.999805
97641: 0.999805
97642: 0.999805
97643: 0.999805
97644: 0.999805
97645: 0.999805
97646: 0.999805
97647: 0.999805
97648: 0.999805
97649: 0.999805
97650: 0.999805
97651: 0.999805
97652: 0.999805
97653: 0.999805
97654: 0.999805
97655: 0.999805
97656: 0.999805
97657: 0.999805
97658: 0.999805
97659: 0.999805
97660: 0.999805
97661: 0.999805
97662: 0.999805
97663: 0.999805
97664: 0.999805
97665: 0.999805
97666: 0.999805
97667: 0.999805
97668: 0.999805
97669: 0.999805
97670: 0.999805
97671: 0.999805
97672: 0.999805
97673: 0.999805
97674: 0.999805
97675: 0.999805
97676: 0.999805
97677: 0.999805
97678: 0.999805
97679: 0.999805
97680: 0.999805
97681: 0.999805
97682: 0.999805
97683: 0.999805
97684: 0.999805
97685: 0.999805
97686: 0.999806
97687: 0.999806
97688: 0.999806
97689: 0.999806
97690: 0.999806
97691: 0.999806
97692: 0.999806
97693: 0.999806
97694: 0.999806
97695: 0.999806
97696: 0.999806
97697: 0.999806
97698: 0.999806
97699: 0.999806
97700: 0.999806
97701: 0.999806
97702: 0.999806
97703: 0.999806
97704: 0.999806
97705: 0.999806
97706: 0.999806
97707: 0.999806
97708: 0.999806
97709: 0.999806
97710: 0.999806
97711: 0.999806
97712: 0.999806
97713: 0.999806
97714: 0.999806
97715: 0.999806
97716: 0.999806
97717: 0.999806
97718: 0.999806
97719: 0.999806
97720: 0.999806
97721: 0.999806
97722: 0.999806
97723: 0.999806
97724: 0.999806
97725: 0.999806
97726: 0.999806
97727: 0.999806
97728: 0.999806
97729: 0.999806
97730: 0.999806
97731: 0.999806
97732: 0.999806
97733: 0.999806
97734: 0.999806
97735: 0.999806
97736: 0.999806
97737: 0.999806
97738: 0.999806
97739: 0.999806
97740: 0.999806
97741: 0.999806
97742: 0.999806
97743: 0.999806
97744: 0.999806
97745: 0.999806
97746: 0.999806
97747: 0.999806
97748: 0.999806
97749: 0.999806
97750: 0.999806
97751: 0.999806
97752: 0.999806
97753: 0.999806
97754: 0.999806
97755: 0.999806
97756: 0.999806
97757: 0.999806
97758: 0.999806
97759: 0.999806
97760: 0.999806
97761: 0.999806
97762: 0.999806
97763: 0.999806
97764: 0.999806
97765: 0.999806
97766: 0.999806
97767: 0.999806
97768: 0.999806
97769: 0.999806
97770: 0.999806
97771: 0.999806
97772: 0.999806
97773: 0.999806
97774: 0.999806
97775: 0.999806
97776: 0.999806
97777: 0.999806
97778: 0.999806
97779: 0.999806
97780: 0.999806
97781: 0.999806
97782: 0.999806
97783: 0.999806
97784: 0.999806
97785: 0.999806
97786: 0.999806
97787: 0.999806
97788: 0.999806
97789: 0.999806
97790: 0.999806
97791: 0.999806
97792: 0.999806
97793: 0.999806
97794: 0.999806
97795: 0.999806
97796: 0.999806
97797: 0.999806
97798: 0.999806
97799: 0.999806
97800: 0.999806
97801: 0.999806
97802: 0.999806
97803: 0.999806
97804: 0.999806
97805: 0.999806
97806: 0.999806
97807: 0.999806
97808: 0.999806
97809: 0.999806
97810: 0.999806
97811: 0.999806
97812: 0.999806
97813: 0.999806
97814: 0.999806
97815: 0.999806
97816: 0.999806
97817: 0.999806
97818: 0.999806
97819: 0.999806
97820: 0.999806
97821: 0.999806
97822: 0.999806
97823: 0.999806
97824: 0.999806
97825: 0.999806
97826: 0.999806
97827: 0.999806
97828: 0.999806
97829: 0.999806
97830: 0.999806
97831: 0.999806
97832: 0.999806
97833: 0.999806
97834: 0.999806
97835: 0.999806
97836: 0.999806
97837: 0.999806
97838: 0.999806
97839: 0.999806
97840: 0.999806
97841: 0.999806
97842: 0.999806
97843: 0.999806
97844: 0.999806
97845: 0.999806
97846: 0.999806
97847: 0.999806
97848: 0.999806
97849: 0.999806
97850: 0.999806
97851: 0.999806
97852: 0.999806
97853: 0.999806
97854: 0.999806
97855: 0.999806
97856: 0.999806
97857: 0.999806
97858: 0.999806
97859: 0.999806
97860: 0.999806
97861: 0.999806
97862: 0.999806
97863: 0.999806
97864: 0.999806
97865: 0.999806
97866: 0.999806
97867: 0.999806
97868: 0.999806
97869: 0.999806
97870: 0.999806
97871: 0.999806
97872: 0.999806
97873: 0.999806
97874: 0.999806
97875: 0.999806
97876: 0.999806
97877: 0.999806
97878: 0.999806
97879: 0.999806
97880: 0.999806
97881: 0.999806
97882: 0.999806
97883: 0.999806
97884: 0.999806
97885: 0.999806
97886: 0.999806
97887: 0.999806
97888: 0.999806
97889: 0.999806
97890: 0.999806
97891: 0.999806
97892: 0.999806
97893: 0.999806
97894: 0.999806
97895: 0.999806
97896: 0.999806
97897: 0.999806
97898: 0.999806
97899: 0.999806
97900: 0.999806
97901: 0.999806
97902: 0.999806
97903: 0.999806
97904: 0.999806
97905: 0.999806
97906: 0.999806
97907: 0.999806
97908: 0.999806
97909: 0.999806
97910: 0.999806
97911: 0.999806
97912: 0.999806
97913: 0.999806
97914: 0.999806
97915: 0.999806
97916: 0.999806
97917: 0.999806
97918: 0.999806
97919: 0.999806
97920: 0.999806
97921: 0.999806
97922: 0.999806
97923: 0.999806
97924: 0.999806
97925: 0.999806
97926: 0.999806
97927: 0.999806
97928: 0.999806
97929: 0.999806
97930: 0.999806
97931: 0.999806
97932: 0.999806
97933: 0.999806
97934: 0.999806
97935: 0.999806
97936: 0.999806
97937: 0.999806
97938: 0.999806
97939: 0.999806
97940: 0.999806
97941: 0.999806
97942: 0.999806
97943: 0.999806
97944: 0.999806
97945: 0.999806
97946: 0.999806
97947: 0.999806
97948: 0.999806
97949: 0.999806
97950: 0.999806
97951: 0.999806
97952: 0.999806
97953: 0.999806
97954: 0.999806
97955: 0.999806
97956: 0.999806
97957: 0.999806
97958: 0.999806
97959: 0.999806
97960: 0.999806
97961: 0.999806
97962: 0.999806
97963: 0.999806
97964: 0.999806
97965: 0.999806
97966: 0.999806
97967: 0.999806
97968: 0.999806
97969: 0.999806
97970: 0.999806
97971: 0.999806
97972: 0.999806
97973: 0.999806
97974: 0.999806
97975: 0.999806
97976: 0.999806
97977: 0.999806
97978: 0.999806
97979: 0.999806
97980: 0.999806
97981: 0.999806
97982: 0.999806
97983: 0.999806
97984: 0.999806
97985: 0.999806
97986: 0.999806
97987: 0.999806
97988: 0.999806
97989: 0.999806
97990: 0.999806
97991: 0.999806
97992: 0.999806
97993: 0.999806
97994: 0.999806
97995: 0.999806
97996: 0.999806
97997: 0.999806
97998: 0.999806
97999: 0.999806
98000: 0.999806
98001: 0.999806
98002: 0.999806
98003: 0.999806
98004: 0.999806
98005: 0.999806
98006: 0.999806
98007: 0.999806
98008: 0.999806
98009: 0.999806
98010: 0.999806
98011: 0.999806
98012: 0.999806
98013: 0.999806
98014: 0.999806
98015: 0.999806
98016: 0.999806
98017: 0.999806
98018: 0.999806
98019: 0.999806
98020: 0.999806
98021: 0.999806
98022: 0.999806
98023: 0.999806
98024: 0.999806
98025: 0.999806
98026: 0.999806
98027: 0.999806
98028: 0.999806
98029: 0.999806
98030: 0.999806
98031: 0.999806
98032: 0.999806
98033: 0.999806
98034: 0.999806
98035: 0.999806
98036: 0.999806
98037: 0.999806
98038: 0.999806
98039: 0.999806
98040: 0.999806
98041: 0.999806
98042: 0.999806
98043: 0.999806
98044: 0.999806
98045: 0.999806
98046: 0.999806
98047: 0.999806
98048: 0.999806
98049: 0.999806
98050: 0.999806
98051: 0.999806
98052: 0.999806
98053: 0.999806
98054: 0.999806
98055: 0.999806
98056: 0.999806
98057: 0.999806
98058: 0.999806
98059: 0.999806
98060: 0.999806
98061: 0.999806
98062: 0.999806
98063: 0.999806
98064: 0.999806
98065: 0.999806
98066: 0.999806
98067: 0.999806
98068: 0.999806
98069: 0.999806
98070: 0.999806
98071: 0.999806
98072: 0.999806
98073: 0.999806
98074: 0.999806
98075: 0.999806
98076: 0.999806
98077: 0.999806
98078: 0.999806
98079: 0.999806
98080: 0.999806
98081: 0.999806
98082: 0.999806
98083: 0.999806
98084: 0.999806
98085: 0.999806
98086: 0.999806
98087: 0.999806
98088: 0.999806
98089: 0.999806
98090: 0.999806
98091: 0.999806
98092: 0.999806
98093: 0.999806
98094: 0.999806
98095: 0.999806
98096: 0.999806
98097: 0.999806
98098: 0.999806
98099: 0.999806
98100: 0.999806
98101: 0.999806
98102: 0.999806
98103: 0.999806
98104: 0.999806
98105: 0.999806
98106: 0.999806
98107: 0.999806
98108: 0.999806
98109: 0.999806
98110: 0.999806
98111: 0.999806
98112: 0.999806
98113: 0.999806
98114: 0.999806
98115: 0.999806
98116: 0.999806
98117: 0.999806
98118: 0.999806
98119: 0.999806
98120: 0.999806
98121: 0.999806
98122: 0.999806
98123: 0.999806
98124: 0.999806
98125: 0.999806
98126: 0.999806
98127: 0.999806
98128: 0.999806
98129: 0.999806
98130: 0.999806
98131: 0.999806
98132: 0.999806
98133: 0.999806
98134: 0.999806
98135: 0.999806
98136: 0.999806
98137: 0.999806
98138: 0.999806
98139: 0.999806
98140: 0.999806
98141: 0.999806
98142: 0.999806
98143: 0.999806
98144: 0.999806
98145: 0.999806
98146: 0.999806
98147: 0.999806
98148: 0.999806
98149: 0.999806
98150: 0.999806
98151: 0.999806
98152: 0.999806
98153: 0.999806
98154: 0.999806
98155: 0.999806
98156: 0.999806
98157: 0.999806
98158: 0.999806
98159: 0.999806
98160: 0.999806
98161: 0.999806
98162: 0.999806
98163: 0.999806
98164: 0.999806
98165: 0.999806
98166: 0.999806
98167: 0.999806
98168: 0.999806
98169: 0.999806
98170: 0.999806
98171: 0.999806
98172: 0.999806
98173: 0.999806
98174: 0.999806
98175: 0.999806
98176: 0.999806
98177: 0.999806
98178: 0.999806
98179: 0.999806
98180: 0.999806
98181: 0.999806
98182: 0.999806
98183: 0.999806
98184: 0.999806
98185: 0.999806
98186: 0.999806
98187: 0.999806
98188: 0.999806
98189: 0.999806
98190: 0.999806
98191: 0.999807
98192: 0.999807
98193: 0.999807
98194: 0.999807
98195: 0.999807
98196: 0.999807
98197: 0.999807
98198: 0.999807
98199: 0.999807
98200: 0.999807
98201: 0.999807
98202: 0.999807
98203: 0.999807
98204: 0.999807
98205: 0.999807
98206: 0.999807
98207: 0.999807
98208: 0.999807
98209: 0.999807
98210: 0.999807
98211: 0.999807
98212: 0.999807
98213: 0.999807
98214: 0.999807
98215: 0.999807
98216: 0.999807
98217: 0.999807
98218: 0.999807
98219: 0.999807
98220: 0.999807
98221: 0.999807
98222: 0.999807
98223: 0.999807
98224: 0.999807
98225: 0.999807
98226: 0.999807
98227: 0.999807
98228: 0.999807
98229: 0.999807
98230: 0.999807
98231: 0.999807
98232: 0.999807
98233: 0.999807
98234: 0.999807
98235: 0.999807
98236: 0.999807
98237: 0.999807
98238: 0.999807
98239: 0.999807
98240: 0.999807
98241: 0.999807
98242: 0.999807
98243: 0.999807
98244: 0.999807
98245: 0.999807
98246: 0.999807
98247: 0.999807
98248: 0.999807
98249: 0.999807
98250: 0.999807
98251: 0.999807
98252: 0.999807
98253: 0.999807
98254: 0.999807
98255: 0.999807
98256: 0.999807
98257: 0.999807
98258: 0.999807
98259: 0.999807
98260: 0.999807
98261: 0.999807
98262: 0.999807
98263: 0.999807
98264: 0.999807
98265: 0.999807
98266: 0.999807
98267: 0.999807
98268: 0.999807
98269: 0.999807
98270: 0.999807
98271: 0.999807
98272: 0.999807
98273: 0.999807
98274: 0.999807
98275: 0.999807
98276: 0.999807
98277: 0.999807
98278: 0.999807
98279: 0.999807
98280: 0.999807
98281: 0.999807
98282: 0.999807
98283: 0.999807
98284: 0.999807
98285: 0.999807
98286: 0.999807
98287: 0.999807
98288: 0.999807
98289: 0.999807
98290: 0.999807
98291: 0.999807
98292: 0.999807
98293: 0.999807
98294: 0.999807
98295: 0.999807
98296: 0.999807
98297: 0.999807
98298: 0.999807
98299: 0.999807
98300: 0.999807
98301: 0.999807
98302: 0.999807
98303: 0.999807
98304: 0.999807
98305: 0.999807
98306: 0.999807
98307: 0.999807
98308: 0.999807
98309: 0.999807
98310: 0.999807
98311: 0.999807
98312: 0.999807
98313: 0.999807
98314: 0.999807
98315: 0.999807
98316: 0.999807
98317: 0.999807
98318: 0.999807
98319: 0.999807
98320: 0.999807
98321: 0.999807
98322: 0.999807
98323: 0.999807
98324: 0.999807
98325: 0.999807
98326: 0.999807
98327: 0.999807
98328: 0.999807
98329: 0.999807
98330: 0.999807
98331: 0.999807
98332: 0.999807
98333: 0.999807
98334: 0.999807
98335: 0.999807
98336: 0.999807
98337: 0.999807
98338: 0.999807
98339: 0.999807
98340: 0.999807
98341: 0.999807
98342: 0.999807
98343: 0.999807
98344: 0.999807
98345: 0.999807
98346: 0.999807
98347: 0.999807
98348: 0.999807
98349: 0.999807
98350: 0.999807
98351: 0.999807
98352: 0.999807
98353: 0.999807
98354: 0.999807
98355: 0.999807
98356: 0.999807
98357: 0.999807
98358: 0.999807
98359: 0.999807
98360: 0.999807
98361: 0.999807
98362: 0.999807
98363: 0.999807
98364: 0.999807
98365: 0.999807
98366: 0.999807
98367: 0.999807
98368: 0.999807
98369: 0.999807
98370: 0.999807
98371: 0.999807
98372: 0.999807
98373: 0.999807
98374: 0.999807
98375: 0.999807
98376: 0.999807
98377: 0.999807
98378: 0.999807
98379: 0.999807
98380: 0.999807
98381: 0.999807
98382: 0.999807
98383: 0.999807
98384: 0.999807
98385: 0.999807
98386: 0.999807
98387: 0.999807
98388: 0.999807
98389: 0.999807
98390: 0.999807
98391: 0.999807
98392: 0.999807
98393: 0.999807
98394: 0.999807
98395: 0.999807
98396: 0.999807
98397: 0.999807
98398: 0.999807
98399: 0.999807
98400: 0.999807
98401: 0.999807
98402: 0.999807
98403: 0.999807
98404: 0.999807
98405: 0.999807
98406: 0.999807
98407: 0.999807
98408: 0.999807
98409: 0.999807
98410: 0.999807
98411: 0.999807
98412: 0.999807
98413: 0.999807
98414: 0.999807
98415: 0.999807
98416: 0.999807
98417: 0.999807
98418: 0.999807
98419: 0.999807
98420: 0.999807
98421: 0.999807
98422: 0.999807
98423: 0.999807
98424: 0.999807
98425: 0.999807
98426: 0.999807
98427: 0.999807
98428: 0.999807
98429: 0.999807
98430: 0.999807
98431: 0.999807
98432: 0.999807
98433: 0.999807
98434: 0.999807
98435: 0.999807
98436: 0.999807
98437: 0.999807
98438: 0.999807
98439: 0.999807
98440: 0.999807
98441: 0.999807
98442: 0.999807
98443: 0.999807
98444: 0.999807
98445: 0.999807
98446: 0.999807
98447: 0.999807
98448: 0.999807
98449: 0.999807
98450: 0.999807
98451: 0.999807
98452: 0.999807
98453: 0.999807
98454: 0.999807
98455: 0.999807
98456: 0.999807
98457: 0.999807
98458: 0.999807
98459: 0.999807
98460: 0.999807
98461: 0.999807
98462: 0.999807
98463: 0.999807
98464: 0.999807
98465: 0.999807
98466: 0.999807
98467: 0.999807
98468: 0.999807
98469: 0.999807
98470: 0.999807
98471: 0.999807
98472: 0.999807
98473: 0.999807
98474: 0.999807
98475: 0.999807
98476: 0.999807
98477: 0.999807
98478: 0.999807
98479: 0.999807
98480: 0.999807
98481: 0.999807
98482: 0.999807
98483: 0.999807
98484: 0.999807
98485: 0.999807
98486: 0.999807
98487: 0.999807
98488: 0.999807
98489: 0.999807
98490: 0.999807
98491: 0.999807
98492: 0.999807
98493: 0.999807
98494: 0.999807
98495: 0.999807
98496: 0.999807
98497: 0.999807
98498: 0.999807
98499: 0.999807
98500: 0.999807
98501: 0.999807
98502: 0.999807
98503: 0.999807
98504: 0.999807
98505: 0.999807
98506: 0.999807
98507: 0.999807
98508: 0.999807
98509: 0.999807
98510: 0.999807
98511: 0.999807
98512: 0.999807
98513: 0.999807
98514: 0.999807
98515: 0.999807
98516: 0.999807
98517: 0.999807
98518: 0.999807
98519: 0.999807
98520: 0.999807
98521: 0.999807
98522: 0.999807
98523: 0.999807
98524: 0.999807
98525: 0.999807
98526: 0.999807
98527: 0.999807
98528: 0.999807
98529: 0.999807
98530: 0.999807
98531: 0.999807
98532: 0.999807
98533: 0.999807
98534: 0.999807
98535: 0.999807
98536: 0.999807
98537: 0.999807
98538: 0.999807
98539: 0.999807
98540: 0.999807
98541: 0.999807
98542: 0.999807
98543: 0.999807
98544: 0.999807
98545: 0.999807
98546: 0.999807
98547: 0.999807
98548: 0.999807
98549: 0.999807
98550: 0.999807
98551: 0.999807
98552: 0.999807
98553: 0.999807
98554: 0.999807
98555: 0.999807
98556: 0.999807
98557: 0.999807
98558: 0.999807
98559: 0.999807
98560: 0.999807
98561: 0.999807
98562: 0.999807
98563: 0.999807
98564: 0.999807
98565: 0.999807
98566: 0.999807
98567: 0.999807
98568: 0.999807
98569: 0.999807
98570: 0.999807
98571: 0.999807
98572: 0.999807
98573: 0.999807
98574: 0.999807
98575: 0.999807
98576: 0.999807
98577: 0.999807
98578: 0.999807
98579: 0.999807
98580: 0.999807
98581: 0.999807
98582: 0.999807
98583: 0.999807
98584: 0.999807
98585: 0.999807
98586: 0.999807
98587: 0.999807
98588: 0.999807
98589: 0.999807
98590: 0.999807
98591: 0.999807
98592: 0.999807
98593: 0.999807
98594: 0.999807
98595: 0.999807
98596: 0.999807
98597: 0.999807
98598: 0.999807
98599: 0.999807
98600: 0.999807
98601: 0.999807
98602: 0.999807
98603: 0.999807
98604: 0.999807
98605: 0.999807
98606: 0.999807
98607: 0.999807
98608: 0.999807
98609: 0.999807
98610: 0.999807
98611: 0.999807
98612: 0.999807
98613: 0.999807
98614: 0.999807
98615: 0.999807
98616: 0.999807
98617: 0.999807
98618: 0.999807
98619: 0.999807
98620: 0.999807
98621: 0.999807
98622: 0.999807
98623: 0.999807
98624: 0.999807
98625: 0.999807
98626: 0.999807
98627: 0.999807
98628: 0.999807
98629: 0.999807
98630: 0.999807
98631: 0.999807
98632: 0.999807
98633: 0.999807
98634: 0.999807
98635: 0.999807
98636: 0.999807
98637: 0.999807
98638: 0.999807
98639: 0.999807
98640: 0.999807
98641: 0.999807
98642: 0.999807
98643: 0.999807
98644: 0.999807
98645: 0.999807
98646: 0.999807
98647: 0.999807
98648: 0.999807
98649: 0.999807
98650: 0.999807
98651: 0.999807
98652: 0.999807
98653: 0.999807
98654: 0.999807
98655: 0.999807
98656: 0.999807
98657: 0.999807
98658: 0.999807
98659: 0.999807
98660: 0.999807
98661: 0.999807
98662: 0.999807
98663: 0.999807
98664: 0.999807
98665: 0.999807
98666: 0.999807
98667: 0.999807
98668: 0.999807
98669: 0.999807
98670: 0.999807
98671: 0.999807
98672: 0.999807
98673: 0.999807
98674: 0.999807
98675: 0.999807
98676: 0.999807
98677: 0.999807
98678: 0.999807
98679: 0.999807
98680: 0.999807
98681: 0.999807
98682: 0.999807
98683: 0.999807
98684: 0.999807
98685: 0.999807
98686: 0.999807
98687: 0.999807
98688: 0.999807
98689: 0.999807
98690: 0.999807
98691: 0.999807
98692: 0.999807
98693: 0.999807
98694: 0.999807
98695: 0.999807
98696: 0.999807
98697: 0.999807
98698: 0.999807
98699: 0.999807
98700: 0.999807
98701: 0.999808
98702: 0.999808
98703: 0.999808
98704: 0.999808
98705: 0.999808
98706: 0.999808
98707: 0.999808
98708: 0.999808
98709: 0.999808
98710: 0.999808
98711: 0.999808
98712: 0.999808
98713: 0.999808
98714: 0.999808
98715: 0.999808
98716: 0.999808
98717: 0.999808
98718: 0.999808
98719: 0.999808
98720: 0.999808
98721: 0.999808
98722: 0.999808
98723: 0.999808
98724: 0.999808
98725: 0.999808
98726: 0.999808
98727: 0.999808
98728: 0.999808
98729: 0.999808
98730: 0.999808
98731: 0.999808
98732: 0.999808
98733: 0.999808
98734: 0.999808
98735: 0.999808
98736: 0.999808
98737: 0.999808
98738: 0.999808
98739: 0.999808
98740: 0.999808
98741: 0.999808
98742: 0.999808
98743: 0.999808
98744: 0.999808
98745: 0.999808
98746: 0.999808
98747: 0.999808
98748: 0.999808
98749: 0.999808
98750: 0.999808
98751: 0.999808
98752: 0.999808
98753: 0.999808
98754: 0.999808
98755: 0.999808
98756: 0.999808
98757: 0.999808
98758: 0.999808
98759: 0.999808
98760: 0.999808
98761: 0.999808
98762: 0.999808
98763: 0.999808
98764: 0.999808
98765: 0.999808
98766: 0.999808
98767: 0.999808
98768: 0.999808
98769: 0.999808
98770: 0.999808
98771: 0.999808
98772: 0.999808
98773: 0.999808
98774: 0.999808
98775: 0.999808
98776: 0.999808
98777: 0.999808
98778: 0.999808
98779: 0.999808
98780: 0.999808
98781: 0.999808
98782: 0.999808
98783: 0.999808
98784: 0.999808
98785: 0.999808
98786: 0.999808
98787: 0.999808
98788: 0.999808
98789: 0.999808
98790: 0.999808
98791: 0.999808
98792: 0.999808
98793: 0.999808
98794: 0.999808
98795: 0.999808
98796: 0.999808
98797: 0.999808
98798: 0.999808
98799: 0.999808
98800: 0.999808
98801: 0.999808
98802: 0.999808
98803: 0.999808
98804: 0.999808
98805: 0.999808
98806: 0.999808
98807: 0.999808
98808: 0.999808
98809: 0.999808
98810: 0.999808
98811: 0.999808
98812: 0.999808
98813: 0.999808
98814: 0.999808
98815: 0.999808
98816: 0.999808
98817: 0.999808
98818: 0.999808
98819: 0.999808
98820: 0.999808
98821: 0.999808
98822: 0.999808
98823: 0.999808
98824: 0.999808
98825: 0.999808
98826: 0.999808
98827: 0.999808
98828: 0.999808
98829: 0.999808
98830: 0.999808
98831: 0.999808
98832: 0.999808
98833: 0.999808
98834: 0.999808
98835: 0.999808
98836: 0.999808
98837: 0.999808
98838: 0.999808
98839: 0.999808
98840: 0.999808
98841: 0.999808
98842: 0.999808
98843: 0.999808
98844: 0.999808
98845: 0.999808
98846: 0.999808
98847: 0.999808
98848: 0.999808
98849: 0.999808
98850: 0.999808
98851: 0.999808
98852: 0.999808
98853: 0.999808
98854: 0.999808
98855: 0.999808
98856: 0.999808
98857: 0.999808
98858: 0.999808
98859: 0.999808
98860: 0.999808
98861: 0.999808
98862: 0.999808
98863: 0.999808
98864: 0.999808
98865: 0.999808
98866: 0.999808
98867: 0.999808
98868: 0.999808
98869: 0.999808
98870: 0.999808
98871: 0.999808
98872: 0.999808
98873: 0.999808
98874: 0.999808
98875: 0.999808
98876: 0.999808
98877: 0.999808
98878: 0.999808
98879: 0.999808
98880: 0.999808
98881: 0.999808
98882: 0.999808
98883: 0.999808
98884: 0.999808
98885: 0.999808
98886: 0.999808
98887: 0.999808
98888: 0.999808
98889: 0.999808
98890: 0.999808
98891: 0.999808
98892: 0.999808
98893: 0.999808
98894: 0.999808
98895: 0.999808
98896: 0.999808
98897: 0.999808
98898: 0.999808
98899: 0.999808
98900: 0.999808
98901: 0.999808
98902: 0.999808
98903: 0.999808
98904: 0.999808
98905: 0.999808
98906: 0.999808
98907: 0.999808
98908: 0.999808
98909: 0.999808
98910: 0.999808
98911: 0.999808
98912: 0.999808
98913: 0.999808
98914: 0.999808
98915: 0.999808
98916: 0.999808
98917: 0.999808
98918: 0.999808
98919: 0.999808
98920: 0.999808
98921: 0.999808
98922: 0.999808
98923: 0.999808
98924: 0.999808
98925: 0.999808
98926: 0.999808
98927: 0.999808
98928: 0.999808
98929: 0.999808
98930: 0.999808
98931: 0.999808
98932: 0.999808
98933: 0.999808
98934: 0.999808
98935: 0.999808
98936: 0.999808
98937: 0.999808
98938: 0.999808
98939: 0.999808
98940: 0.999808
98941: 0.999808
98942: 0.999808
98943: 0.999808
98944: 0.999808
98945: 0.999808
98946: 0.999808
98947: 0.999808
98948: 0.999808
98949: 0.999808
98950: 0.999808
98951: 0.999808
98952: 0.999808
98953: 0.999808
98954: 0.999808
98955: 0.999808
98956: 0.999808
98957: 0.999808
98958: 0.999808
98959: 0.999808
98960: 0.999808
98961: 0.999808
98962: 0.999808
98963: 0.999808
98964: 0.999808
98965: 0.999808
98966: 0.999808
98967: 0.999808
98968: 0.999808
98969: 0.999808
98970: 0.999808
98971: 0.999808
98972: 0.999808
98973: 0.999808
98974: 0.999808
98975: 0.999808
98976: 0.999808
98977: 0.999808
98978: 0.999808
98979: 0.999808
98980: 0.999808
98981: 0.999808
98982: 0.999808
98983: 0.999808
98984: 0.999808
98985: 0.999808
98986: 0.999808
98987: 0.999808
98988: 0.999808
98989: 0.999808
98990: 0.999808
98991: 0.999808
98992: 0.999808
98993: 0.999808
98994: 0.999808
98995: 0.999808
98996: 0.999808
98997: 0.999808
98998: 0.999808
98999: 0.999808
99000: 0.999808
99001: 0.999808
99002: 0.999808
99003: 0.999808
99004: 0.999808
99005: 0.999808
99006: 0.999808
99007: 0.999808
99008: 0.999808
99009: 0.999808
99010: 0.999808
99011: 0.999808
99012: 0.999808
99013: 0.999808
99014: 0.999808
99015: 0.999808
99016: 0.999808
99017: 0.999808
99018: 0.999808
99019: 0.999808
99020: 0.999808
99021: 0.999808
99022: 0.999808
99023: 0.999808
99024: 0.999808
99025: 0.999808
99026: 0.999808
99027: 0.999808
99028: 0.999808
99029: 0.999808
99030: 0.999808
99031: 0.999808
99032: 0.999808
99033: 0.999808
99034: 0.999808
99035: 0.999808
99036: 0.999808
99037: 0.999808
99038: 0.999808
99039: 0.999808
99040: 0.999808
99041: 0.999808
99042: 0.999808
99043: 0.999808
99044: 0.999808
99045: 0.999808
99046: 0.999808
99047: 0.999808
99048: 0.999808
99049: 0.999808
99050: 0.999808
99051: 0.999808
99052: 0.999808
99053: 0.999808
99054: 0.999808
99055: 0.999808
99056: 0.999808
99057: 0.999808
99058: 0.999808
99059: 0.999808
99060: 0.999808
99061: 0.999808
99062: 0.999808
99063: 0.999808
99064: 0.999808
99065: 0.999808
99066: 0.999808
99067: 0.999808
99068: 0.999808
99069: 0.999808
99070: 0.999808
99071: 0.999808
99072: 0.999808
99073: 0.999808
99074: 0.999808
99075: 0.999808
99076: 0.999808
99077: 0.999808
99078: 0.999808
99079: 0.999808
99080: 0.999808
99081: 0.999808
99082: 0.999808
99083: 0.999808
99084: 0.999808
99085: 0.999808
99086: 0.999808
99087: 0.999808
99088: 0.999808
99089: 0.999808
99090: 0.999808
99091: 0.999808
99092: 0.999808
99093: 0.999808
99094: 0.999808
99095: 0.999808
99096: 0.999808
99097: 0.999808
99098: 0.999808
99099: 0.999808
99100: 0.999808
99101: 0.999808
99102: 0.999808
99103: 0.999808
99104: 0.999808
99105: 0.999808
99106: 0.999808
99107: 0.999808
99108: 0.999808
99109: 0.999808
99110: 0.999808
99111: 0.999808
99112: 0.999808
99113: 0.999808
99114: 0.999808
99115: 0.999808
99116: 0.999808
99117: 0.999808
99118: 0.999808
99119: 0.999808
99120: 0.999808
99121: 0.999808
99122: 0.999808
99123: 0.999808
99124: 0.999808
99125: 0.999808
99126: 0.999808
99127: 0.999808
99128: 0.999808
99129: 0.999808
99130: 0.999808
99131: 0.999808
99132: 0.999808
99133: 0.999808
99134: 0.999808
99135: 0.999808
99136: 0.999808
99137: 0.999808
99138: 0.999808
99139: 0.999808
99140: 0.999808
99141: 0.999808
99142: 0.999808
99143: 0.999808
99144: 0.999808
99145: 0.999808
99146: 0.999808
99147: 0.999808
99148: 0.999808
99149: 0.999808
99150: 0.999808
99151: 0.999808
99152: 0.999808
99153: 0.999808
99154: 0.999808
99155: 0.999808
99156: 0.999808
99157: 0.999808
99158: 0.999808
99159: 0.999808
99160: 0.999808
99161: 0.999808
99162: 0.999808
99163: 0.999808
99164: 0.999808
99165: 0.999808
99166: 0.999808
99167: 0.999808
99168: 0.999808
99169: 0.999808
99170: 0.999808
99171: 0.999808
99172: 0.999808
99173: 0.999808
99174: 0.999808
99175: 0.999808
99176: 0.999808
99177: 0.999808
99178: 0.999808
99179: 0.999808
99180: 0.999808
99181: 0.999808
99182: 0.999808
99183: 0.999808
99184: 0.999808
99185: 0.999808
99186: 0.999808
99187: 0.999808
99188: 0.999808
99189: 0.999808
99190: 0.999808
99191: 0.999808
99192: 0.999808
99193: 0.999808
99194: 0.999808
99195: 0.999808
99196: 0.999808
99197: 0.999808
99198: 0.999808
99199: 0.999808
99200: 0.999808
99201: 0.999808
99202: 0.999808
99203: 0.999808
99204: 0.999808
99205: 0.999808
99206: 0.999808
99207: 0.999808
99208: 0.999808
99209: 0.999808
99210: 0.999808
99211: 0.999808
99212: 0.999808
99213: 0.999808
99214: 0.999808
99215: 0.999808
99216: 0.999809
99217: 0.999809
99218: 0.999809
99219: 0.999809
99220: 0.999809
99221: 0.999809
99222: 0.999809
99223: 0.999809
99224: 0.999809
99225: 0.999809
99226: 0.999809
99227: 0.999809
99228: 0.999809
99229: 0.999809
99230: 0.999809
99231: 0.999809
99232: 0.999809
99233: 0.999809
99234: 0.999809
99235: 0.999809
99236: 0.999809
99237: 0.999809
99238: 0.999809
99239: 0.999809
99240: 0.999809
99241: 0.999809
99242: 0.999809
99243: 0.999809
99244: 0.999809
99245: 0.999809
99246: 0.999809
99247: 0.999809
99248: 0.999809
99249: 0.999809
99250: 0.999809
99251: 0.999809
99252: 0.999809
99253: 0.999809
99254: 0.999809
99255: 0.999809
99256: 0.999809
99257: 0.999809
99258: 0.999809
99259: 0.999809
99260: 0.999809
99261: 0.999809
99262: 0.999809
99263: 0.999809
99264: 0.999809
99265: 0.999809
99266: 0.999809
99267: 0.999809
99268: 0.999809
99269: 0.999809
99270: 0.999809
99271: 0.999809
99272: 0.999809
99273: 0.999809
99274: 0.999809
99275: 0.999809
99276: 0.999809
99277: 0.999809
99278: 0.999809
99279: 0.999809
99280: 0.999809
99281: 0.999809
99282: 0.999809
99283: 0.999809
99284: 0.999809
99285: 0.999809
99286: 0.999809
99287: 0.999809
99288: 0.999809
99289: 0.999809
99290: 0.999809
99291: 0.999809
99292: 0.999809
99293: 0.999809
99294: 0.999809
99295: 0.999809
99296: 0.999809
99297: 0.999809
99298: 0.999809
99299: 0.999809
99300: 0.999809
99301: 0.999809
99302: 0.999809
99303: 0.999809
99304: 0.999809
99305: 0.999809
99306: 0.999809
99307: 0.999809
99308: 0.999809
99309: 0.999809
99310: 0.999809
99311: 0.999809
99312: 0.999809
99313: 0.999809
99314: 0.999809
99315: 0.999809
99316: 0.999809
99317: 0.999809
99318: 0.999809
99319: 0.999809
99320: 0.999809
99321: 0.999809
99322: 0.999809
99323: 0.999809
99324: 0.999809
99325: 0.999809
99326: 0.999809
99327: 0.999809
99328: 0.999809
99329: 0.999809
99330: 0.999809
99331: 0.999809
99332: 0.999809
99333: 0.999809
99334: 0.999809
99335: 0.999809
99336: 0.999809
99337: 0.999809
99338: 0.999809
99339: 0.999809
99340: 0.999809
99341: 0.999809
99342: 0.999809
99343: 0.999809
99344: 0.999809
99345: 0.999809
99346: 0.999809
99347: 0.999809
99348: 0.999809
99349: 0.999809
99350: 0.999809
99351: 0.999809
99352: 0.999809
99353: 0.999809
99354: 0.999809
99355: 0.999809
99356: 0.999809
99357: 0.999809
99358: 0.999809
99359: 0.999809
99360: 0.999809
99361: 0.999809
99362: 0.999809
99363: 0.999809
99364: 0.999809
99365: 0.999809
99366: 0.999809
99367: 0.999809
99368: 0.999809
99369: 0.999809
99370: 0.999809
99371: 0.999809
99372: 0.999809
99373: 0.999809
99374: 0.999809
99375: 0.999809
99376: 0.999809
99377: 0.999809
99378: 0.999809
99379: 0.999809
99380: 0.999809
99381: 0.999809
99382: 0.999809
99383: 0.999809
99384: 0.999809
99385: 0.999809
99386: 0.999809
99387: 0.999809
99388: 0.999809
99389: 0.999809
99390: 0.999809
99391: 0.999809
99392: 0.999809
99393: 0.999809
99394: 0.999809
99395: 0.999809
99396: 0.999809
99397: 0.999809
99398: 0.999809
99399: 0.999809
99400: 0.999809
99401: 0.999809
99402: 0.999809
99403: 0.999809
99404: 0.999809
99405: 0.999809
99406: 0.999809
99407: 0.999809
99408: 0.999809
99409: 0.999809
99410: 0.999809
99411: 0.999809
99412: 0.999809
99413: 0.999809
99414: 0.999809
99415: 0.999809
99416: 0.999809
99417: 0.999809
99418: 0.999809
99419: 0.999809
99420: 0.999809
99421: 0.999809
99422: 0.999809
99423: 0.999809
99424: 0.999809
99425: 0.999809
99426: 0.999809
99427: 0.999809
99428: 0.999809
99429: 0.999809
99430: 0.999809
99431: 0.999809
99432: 0.999809
99433: 0.999809
99434: 0.999809
99435: 0.999809
99436: 0.999809
99437: 0.999809
99438: 0.999809
99439: 0.999809
99440: 0.999809
99441: 0.999809
99442: 0.999809
99443: 0.999809
99444: 0.999809
99445: 0.999809
99446: 0.999809
99447: 0.999809
99448: 0.999809
99449: 0.999809
99450: 0.999809
99451: 0.999809
99452: 0.999809
99453: 0.999809
99454: 0.999809
99455: 0.999809
99456: 0.999809
99457: 0.999809
99458: 0.999809
99459: 0.999809
99460: 0.999809
99461: 0.999809
99462: 0.999809
99463: 0.999809
99464: 0.999809
99465: 0.999809
99466: 0.999809
99467: 0.999809
99468: 0.999809
99469: 0.999809
99470: 0.999809
99471: 0.999809
99472: 0.999809
99473: 0.999809
99474: 0.999809
99475: 0.999809
99476: 0.999809
99477: 0.999809
99478: 0.999809
99479: 0.999809
99480: 0.999809
99481: 0.999809
99482: 0.999809
99483: 0.999809
99484: 0.999809
99485: 0.999809
99486: 0.999809
99487: 0.999809
99488: 0.999809
99489: 0.999809
99490: 0.999809
99491: 0.999809
99492: 0.999809
99493: 0.999809
99494: 0.999809
99495: 0.999809
99496: 0.999809
99497: 0.999809
99498: 0.999809
99499: 0.999809
99500: 0.999809
99501: 0.999809
99502: 0.999809
99503: 0.999809
99504: 0.999809
99505: 0.999809
99506: 0.999809
99507: 0.999809
99508: 0.999809
99509: 0.999809
99510: 0.999809
99511: 0.999809
99512: 0.999809
99513: 0.999809
99514: 0.999809
99515: 0.999809
99516: 0.999809
99517: 0.999809
99518: 0.999809
99519: 0.999809
99520: 0.999809
99521: 0.999809
99522: 0.999809
99523: 0.999809
99524: 0.999809
99525: 0.999809
99526: 0.999809
99527: 0.999809
99528: 0.999809
99529: 0.999809
99530: 0.999809
99531: 0.999809
99532: 0.999809
99533: 0.999809
99534: 0.999809
99535: 0.999809
99536: 0.999809
99537: 0.999809
99538: 0.999809
99539: 0.999809
99540: 0.999809
99541: 0.999809
99542: 0.999809
99543: 0.999809
99544: 0.999809
99545: 0.999809
99546: 0.999809
99547: 0.999809
99548: 0.999809
99549: 0.999809
99550: 0.999809
99551: 0.999809
99552: 0.999809
99553: 0.999809
99554: 0.999809
99555: 0.999809
99556: 0.999809
99557: 0.999809
99558: 0.999809
99559: 0.999809
99560: 0.999809
99561: 0.999809
99562: 0.999809
99563: 0.999809
99564: 0.999809
99565: 0.999809
99566: 0.999809
99567: 0.999809
99568: 0.999809
99569: 0.999809
99570: 0.999809
99571: 0.999809
99572: 0.999809
99573: 0.999809
99574: 0.999809
99575: 0.999809
99576: 0.999809
99577: 0.999809
99578: 0.999809
99579: 0.999809
99580: 0.999809
99581: 0.999809
99582: 0.999809
99583: 0.999809
99584: 0.999809
99585: 0.999809
99586: 0.999809
99587: 0.999809
99588: 0.999809
99589: 0.999809
99590: 0.999809
99591: 0.999809
99592: 0.999809
99593: 0.999809
99594: 0.999809
99595: 0.999809
99596: 0.999809
99597: 0.999809
99598: 0.999809
99599: 0.999809
99600: 0.999809
99601: 0.999809
99602: 0.999809
99603: 0.999809
99604: 0.999809
99605: 0.999809
99606: 0.999809
99607: 0.999809
99608: 0.999809
99609: 0.999809
99610: 0.999809
99611: 0.999809
99612: 0.999809
99613: 0.999809
99614: 0.999809
99615: 0.999809
99616: 0.999809
99617: 0.999809
99618: 0.999809
99619: 0.999809
99620: 0.999809
99621: 0.999809
99622: 0.999809
99623: 0.999809
99624: 0.999809
99625: 0.999809
99626: 0.999809
99627: 0.999809
99628: 0.999809
99629: 0.999809
99630: 0.999809
99631: 0.999809
99632: 0.999809
99633: 0.999809
99634: 0.999809
99635: 0.999809
99636: 0.999809
99637: 0.999809
99638: 0.999809
99639: 0.999809
99640: 0.999809
99641: 0.999809
99642: 0.999809
99643: 0.999809
99644: 0.999809
99645: 0.999809
99646: 0.999809
99647: 0.999809
99648: 0.999809
99649: 0.999809
99650: 0.999809
99651: 0.999809
99652: 0.999809
99653: 0.999809
99654: 0.999809
99655: 0.999809
99656: 0.999809
99657: 0.999809
99658: 0.999809
99659: 0.999809
99660: 0.999809
99661: 0.999809
99662: 0.999809
99663: 0.999809
99664: 0.999809
99665: 0.999809
99666: 0.999809
99667: 0.999809
99668: 0.999809
99669: 0.999809
99670: 0.999809
99671: 0.999809
99672: 0.999809
99673: 0.999809
99674: 0.999809
99675: 0.999809
99676: 0.999809
99677: 0.999809
99678: 0.999809
99679: 0.999809
99680: 0.999809
99681: 0.999809
99682: 0.999809
99683: 0.999809
99684: 0.999809
99685: 0.999809
99686: 0.999809
99687: 0.999809
99688: 0.999809
99689: 0.999809
99690: 0.999809
99691: 0.999809
99692: 0.999809
99693: 0.999809
99694: 0.999809
99695: 0.999809
99696: 0.999809
99697: 0.999809
99698: 0.999809
99699: 0.999809
99700: 0.999809
99701: 0.999809
99702: 0.999809
99703: 0.999809
99704: 0.999809
99705: 0.999809
99706: 0.999809
99707: 0.999809
99708: 0.999809
99709: 0.999809
99710: 0.999809
99711: 0.999809
99712: 0.999809
99713: 0.999809
99714: 0.999809
99715: 0.999809
99716: 0.999809
99717: 0.999809
99718: 0.999809
99719: 0.999809
99720: 0.999809
99721: 0.999809
99722: 0.999809
99723: 0.999809
99724: 0.999809
99725: 0.999809
99726: 0.999809
99727: 0.999809
99728: 0.999809
99729: 0.999809
99730: 0.999809
99731: 0.999809
99732: 0.999809
99733: 0.999809
99734: 0.999809
99735: 0.999809
99736: 0.999809
99737: 0.99981
99738: 0.99981
99739: 0.99981
99740: 0.99981
99741: 0.99981
99742: 0.99981
99743: 0.99981
99744: 0.99981
99745: 0.99981
99746: 0.99981
99747: 0.99981
99748: 0.99981
99749: 0.99981
99750: 0.99981
99751: 0.99981
99752: 0.99981
99753: 0.99981
99754: 0.99981
99755: 0.99981
99756: 0.99981
99757: 0.99981
99758: 0.99981
99759: 0.99981
99760: 0.99981
99761: 0.99981
99762: 0.99981
99763: 0.99981
99764: 0.99981
99765: 0.99981
99766: 0.99981
99767: 0.99981
99768: 0.99981
99769: 0.99981
99770: 0.99981
99771: 0.99981
99772: 0.99981
99773: 0.99981
99774: 0.99981
99775: 0.99981
99776: 0.99981
99777: 0.99981
99778: 0.99981
99779: 0.99981
99780: 0.99981
99781: 0.99981
99782: 0.99981
99783: 0.99981
99784: 0.99981
99785: 0.99981
99786: 0.99981
99787: 0.99981
99788: 0.99981
99789: 0.99981
99790: 0.99981
99791: 0.99981
99792: 0.99981
99793: 0.99981
99794: 0.99981
99795: 0.99981
99796: 0.99981
99797: 0.99981
99798: 0.99981
99799: 0.99981
99800: 0.99981
99801: 0.99981
99802: 0.99981
99803: 0.99981
99804: 0.99981
99805: 0.99981
99806: 0.99981
99807: 0.99981
99808: 0.99981
99809: 0.99981
99810: 0.99981
99811: 0.99981
99812: 0.99981
99813: 0.99981
99814: 0.99981
99815: 0.99981
99816: 0.99981
99817: 0.99981
99818: 0.99981
99819: 0.99981
99820: 0.99981
99821: 0.99981
99822: 0.99981
99823: 0.99981
99824: 0.99981
99825: 0.99981
99826: 0.99981
99827: 0.99981
99828: 0.99981
99829: 0.99981
99830: 0.99981
99831: 0.99981
99832: 0.99981
99833: 0.99981
99834: 0.99981
99835: 0.99981
99836: 0.99981
99837: 0.99981
99838: 0.99981
99839: 0.99981
99840: 0.99981
99841: 0.99981
99842: 0.99981
99843: 0.99981
99844: 0.99981
99845: 0.99981
99846: 0.99981
99847: 0.99981
99848: 0.99981
99849: 0.99981
99850: 0.99981
99851: 0.99981
99852: 0.99981
99853: 0.99981
99854: 0.99981
99855: 0.99981
99856: 0.99981
99857: 0.99981
99858: 0.99981
99859: 0.99981
99860: 0.99981
99861: 0.99981
99862: 0.99981
99863: 0.99981
99864: 0.99981
99865: 0.99981
99866: 0.99981
99867: 0.99981
99868: 0.99981
99869: 0.99981
99870: 0.99981
99871: 0.99981
99872: 0.99981
99873: 0.99981
99874: 0.99981
99875: 0.99981
99876: 0.99981
99877: 0.99981
99878: 0.99981
99879: 0.99981
99880: 0.99981
99881: 0.99981
99882: 0.99981
99883: 0.99981
99884: 0.99981
99885: 0.99981
99886: 0.99981
99887: 0.99981
99888: 0.99981
99889: 0.99981
99890: 0.99981
99891: 0.99981
99892: 0.99981
99893: 0.99981
99894: 0.99981
99895: 0.99981
99896: 0.99981
99897: 0.99981
99898: 0.99981
99899: 0.99981
99900: 0.99981
99901: 0.99981
99902: 0.99981
99903: 0.99981
99904: 0.99981
99905: 0.99981
99906: 0.99981
99907: 0.99981
99908: 0.99981
99909: 0.99981
99910: 0.99981
99911: 0.99981
99912: 0.99981
99913: 0.99981
99914: 0.99981
99915: 0.99981
99916: 0.99981
99917: 0.99981
99918: 0.99981
99919: 0.99981
99920: 0.99981
99921: 0.99981
99922: 0.99981
99923: 0.99981
99924: 0.99981
99925: 0.99981
99926: 0.99981
99927: 0.99981
99928: 0.99981
99929: 0.99981
99930: 0.99981
99931: 0.99981
99932: 0.99981
99933: 0.99981
99934: 0.99981
99935: 0.99981
99936: 0.99981
99937: 0.99981
99938: 0.99981
99939: 0.99981
99940: 0.99981
99941: 0.99981
99942: 0.99981
99943: 0.99981
99944: 0.99981
99945: 0.99981
99946: 0.99981
99947: 0.99981
99948: 0.99981
99949: 0.99981
99950: 0.99981
99951: 0.99981
99952: 0.99981
99953: 0.99981
99954: 0.99981
99955: 0.99981
99956: 0.99981
99957: 0.99981
99958: 0.99981
99959: 0.99981
99960: 0.99981
99961: 0.99981
99962: 0.99981
99963: 0.99981
99964: 0.99981
99965: 0.99981
99966: 0.99981
99967: 0.99981
99968: 0.99981
99969: 0.99981
99970: 0.99981
99971: 0.99981
99972: 0.99981
99973: 0.99981
99974: 0.99981
99975: 0.99981
99976: 0.99981
99977: 0.99981
99978: 0.99981
99979: 0.99981
99980: 0.99981
99981: 0.99981
99982: 0.99981
99983: 0.99981
99984: 0.99981
99985: 0.99981
99986: 0.99981
99987: 0.99981
99988: 0.99981
99989: 0.99981
99990: 0.99981
99991: 0.99981
99992: 0.99981
99993: 0.99981
99994: 0.99981
99995: 0.99981
99996: 0.99981
99997: 0.99981
99998: 0.99981
99999: 0.99981
